0volume,0demand,0up_spill,0ww_inflow,0catch_inflow,0evap,0ds_spill,0treat_cap,1volume,1demand,1up_spill,1ww_inflow,1catch_inflow,1evap,1ds_spill,1treat_cap,2volume,2s_area,2demand,2up_spill,2ww_inflow,2catch_inflow,2evap,2ds_spill,2treat_cap,2valloc_0,2talloc_0,2valloc_1,2talloc_1,3volume,3demand,3up_spill,3ww_inflow,3catch_inflow,3evap,3ds_spill,3treat_cap,3valloc_0,3talloc_0,3valloc_1,3talloc_1,3valloc_2,3talloc_2,4demand,4up_spill,4ww_inflow,4catch_inflow,4ds_spill,4treat_cap,11volume,11s_area,11demand,11up_spill,11ww_inflow,11catch_inflow,11evap,11ds_spill,11treat_cap
72.29,1.91731,0,0,6.11935,0.259957,3.94209,3.6288,61.308,0,0,0,1.72282,0.239889,1.48293,0.66528,12.849,1,0.340787,3.94209,0,161.829,4.75566,160.675,0.84672,12.849,0.84672,3695.15,0,18.483,0.21168,2.98368,0,7.94051,0.948592,9.76391,0.42336,9.2415,0.21168,9.2415,0.21168,442.007,0,1.12031,0,0,4.10398,2.98368,1.028160,1,0,171.921,0,0,0,171.921,0
72.29,1.91787,0,0,5.87576,0.259957,3.69793,3.6288,61.308,0.0803377,0,0,2.18259,0.239889,1.86237,0.66528,12.849,1,0.340887,3.69793,0,176.25,4.75566,174.851,0.84672,12.849,0.84672,3695.15,0,18.483,0.01211,4.3025,1.32838,9.65805,0.948592,14.3282,0.42336,9.2415,0.21168,9.2415,0.21168,442.007,0,1.02816,0,0,5.33066,4.3025,1.028160,1,0,191.042,0,0,0,191.042,0
72.29,1.91843,0,0,3.73706,0.300028,1.5186,3.6288,61.308,0.0805997,0,0,1.21596,0.229179,0.906181,0.66528,12.849,1,0.340987,1.5186,0,102.758,4.8696,99.0661,0.84672,12.849,0.84672,3695.15,0,18.483,0.0121495,2.13635,1.32874,5.76383,1.14727,8.06951,0.42336,9.2415,0.21168,9.2415,0.21168,442.007,0,1.02816,0,0,3.16451,2.13635,1.028160,1,0,108.042,0,0,0,108.042,0
72.29,1.919,0,0,6.83382,0.208853,4.70596,3.6288,61.308,0.0808619,0,0,1.6435,0.27177,1.29087,0.66528,12.849,1,0.341088,4.70596,0,131.805,4.88,131.29,0.84672,12.849,0.84672,3695.15,0,18.483,0.012189,3.16716,1.3291,6.83913,1.15547,10.1677,0.42336,9.2415,0.21168,9.2415,0.21168,442.007,0,1.02816,0,0,4.19532,3.16716,1.028160,1,0,142.748,0,0,0,142.748,0
72.29,2.12432,0,0,5.65784,0.291713,3.2418,3.6288,61.308,0.195717,0,0,1.29978,0.233357,0.870711,0.66528,12.849,1,0.377583,3.2418,0,105.575,4.13373,104.305,0.84672,12.849,0.84672,3695.15,0,18.483,0.0295021,2.6007,1.32946,5.64679,0.99366,8.55379,0.42336,9.2415,0.21168,9.2415,0.21168,442.007,0,1.02816,0,0,3.62886,2.6007,1.028160,1,0,113.73,0,0,0,113.73,0
72.29,2.12494,0,0,4.16799,0.347409,1.69563,3.6288,61.308,0.19601,0,0,1.16553,0.225573,0.743945,0.66528,12.849,1,0.377693,1.69563,0,134.251,3.82462,131.744,0.84672,12.849,0.84672,3695.15,0,18.483,0.0295463,1.81505,1.47689,7.1563,0.968997,9.4497,0.42336,9.2415,0.21168,9.2415,0.21168,442.007,0,1.02816,0,0,2.84321,1.81505,1.028160,1,0,141.938,0,0,0,141.938,0
72.29,2.12556,0,0,3.74889,0.342799,1.28052,3.6288,61.308,0.196303,0,0,0.925983,0.215217,0.514464,0.66528,12.849,1,0.377803,1.28052,0,86.8242,3.73455,83.9924,0.84672,12.849,0.84672,3695.15,0,18.483,0.0295905,1.66585,1.47728,5.44594,0.932627,7.62686,0.42336,9.2415,0.21168,9.2415,0.21168,442.007,0,1.02816,0,0,2.69401,1.66585,1.028160,1,0,92.1337,0,0,0,92.1337,0
72.29,2.12619,0,0,4.14518,0.315142,1.70385,3.6288,61.308,0.196596,0,0,0.976268,0.153079,0.626593,0.66528,12.849,1,0.377913,1.70385,0,85.771,3.1941,83.9028,0.84672,12.849,0.84672,3695.15,0,18.483,0.0296347,1.75407,1.47768,5.67817,0.714412,8.16587,0.42336,9.2415,0.21168,9.2415,0.21168,442.007,0,1.02816,0,0,2.78223,1.75407,1.028160,1,0,92.6953,0,0,0,92.6953,0
72.29,1.83444,0,0,5.86399,0.318797,3.71075,3.6288,61.308,0.0429394,0,0,1.42334,0.17002,1.21039,0.66528,12.849,1,0.326057,3.71075,0,108.2,3.27954,108.305,0.84672,12.849,0.84672,3695.15,0,18.483,0.00647263,2.45347,1.47808,10.9984,0.816681,14.1068,0.42336,9.2415,0.21168,9.2415,0.21168,442.007,0,1.02816,0,0,3.48163,2.45347,1.028160,1,0,123.622,0,0,0,123.622,0
72.29,1.83498,0,0,6.20517,0.321539,4.04865,3.6288,61.308,0.0431913,0,0,1.61302,0.182725,1.3871,0.66528,12.849,1,0.326154,4.04865,0,98.5401,3.34362,98.9189,0.84672,12.849,0.84672,3695.15,0,18.483,0.00651061,2.45391,1.27708,13.0055,0.893382,15.8366,0.42336,9.2415,0.21168,9.2415,0.21168,442.007,0,1.02816,0,0,3.48207,2.45391,1.028160,1,0,116.143,0,0,0,116.143,0
72.29,1.83552,0,0,8.39737,0.321539,6.24031,3.6288,61.308,0.0434433,0,0,2.24757,0.182725,2.0214,0.66528,12.849,1,0.32625,6.24031,0,154.746,3.34362,157.316,0.84672,12.849,0.84672,3695.15,0,18.483,0.0065486,4.1118,1.27742,16.3442,0.893382,20.8335,0.42336,9.2415,0.21168,9.2415,0.21168,442.007,0,1.02816,0,0,5.13996,4.1118,1.028160,1,0,180.171,0,0,0,180.171,0
72.29,1.83606,0,0,10.4821,0.317442,8.32863,3.6288,61.308,0.0436954,0,0,2.46474,0.148362,2.27268,0.66528,12.849,1,0.326346,8.32863,0,202.738,2.80569,207.934,0.84672,12.849,0.84672,3695.15,0,18.483,0.00658659,5.01978,1.27776,21.7224,0.801252,27.2121,0.42336,9.2415,0.21168,9.2415,0.21168,442.007,0,1.02816,0,0,6.04794,5.01978,1.028160,1,0,237.419,0,0,0,237.419,0
72.29,1.83661,0,0,9.0448,0.319903,6.88829,3.6288,61.308,0.0439475,0,0,2.02888,0.145114,1.83982,0.66528,12.849,1,0.326443,6.88829,0,207.297,2.81148,211.047,0.84672,12.849,0.84672,3695.15,0,18.483,0.0066246,4.56371,1.27811,15.551,0.804765,20.5814,0.42336,9.2415,0.21168,9.2415,0.21168,442.007,0,1.02816,0,0,5.59187,4.56371,1.028160,1,0,233.468,0,0,0,233.468,0
72.29,1.91084,0,0,6.02573,0.338771,3.77611,3.6288,61.308,0.0819124,0,0,1.37075,0.159983,1.12886,0.66528,12.849,1,0.339638,3.77611,0,121.557,3.38415,121.609,0.84672,12.849,0.84672,3695.15,0,18.483,0.0123474,2.5839,1.27845,11.2649,0.917971,14.197,0.42336,9.2415,0.21168,9.2415,0.21168,442.007,0,1.02816,0,0,3.61206,2.5839,1.028160,1,0,136.935,0,0,0,136.935,0
72.29,1.9114,0,0,4.81498,0.338771,2.5648,3.6288,61.308,0.0821748,0,0,1.35122,0.159983,1.10906,0.66528,12.849,1,0.339737,2.5648,0,75.7961,3.38415,74.637,0.84672,12.849,0.84672,3695.15,0,18.483,0.0123869,1.78381,1.32859,9.71525,0.917971,11.8973,0.42336,9.2415,0.21168,9.2415,0.21168,442.007,0,1.02816,0,0,2.81197,1.78381,1.028160,1,0,87.6434,0,0,0,87.6434,0
72.29,1.91197,0,0,4.4072,0.338771,2.15646,3.6288,61.308,0.0824374,0,0,1.11541,0.159983,0.872986,0.66528,12.849,1,0.339837,2.15646,0,86.8484,3.38415,85.2809,0.84672,12.849,0.84672,3695.15,0,18.483,0.0124265,1.65092,1.32895,9.39522,0.917971,11.4447,0.42336,9.2415,0.21168,9.2415,0.21168,442.007,0,1.02816,0,0,2.67908,1.65092,1.028160,1,0,97.5986,0,0,0,97.5986,0
72.29,1.91253,0,0,3.80473,0.294131,1.59807,3.6288,61.308,0.0827,0,0,0.940844,0.183772,0.674373,0.66528,12.849,1,0.339938,1.59807,0,81.0717,3.675,78.6548,0.84672,12.849,0.84672,3695.15,0,18.483,0.0124661,1.43738,1.32931,9.35133,0.975223,11.1303,0.42336,9.2415,0.21168,9.2415,0.21168,442.007,0,1.02816,0,0,2.46554,1.43738,1.028160,1,0,90.4595,0,0,0,90.4595,0
72.29,1.88425,0,0,5.02243,0.264103,2.87408,3.6288,61.308,0.0682996,0,0,1.15251,0.211981,0.872226,0.66528,12.849,1,0.334911,2.87408,0,84.1864,3.52665,83.199,0.84672,12.849,0.84672,3695.15,0,18.483,0.0102954,2.08799,1.32966,9.14993,1.00898,11.5483,0.42336,9.2415,0.21168,9.2415,0.21168,442.007,0,1.02816,0,0,3.11615,2.08799,1.028160,1,0,95.6195,0,0,0,95.6195,0
72.29,1.8848,0,0,4.18684,0.262075,2.03996,3.6288,61.308,0.0685583,0,0,0.834373,0.215096,0.550719,0.66528,12.849,1,0.335009,2.03996,0,71.1703,3.48253,69.3927,0.84672,12.849,0.84672,3695.15,0,18.483,0.0103344,1.47694,1.31062,7.28499,1.01078,9.05143,0.42336,9.2415,0.21168,9.2415,0.21168,442.007,0,1.02816,0,0,2.5051,1.47694,1.028160,1,0,78.9948,0,0,0,78.9948,0
72.29,1.88536,0,0,3.53677,0.262075,1.38933,3.6288,61.308,0.0688172,0,0,0.768763,0.215096,0.484849,0.66528,12.849,1,0.335108,1.38933,0,62.3914,3.48253,59.9631,0.84672,12.849,0.84672,3695.15,0,18.483,0.0103734,1.21946,1.31097,6.63159,1.01078,8.14086,0.42336,9.2415,0.21168,9.2415,0.21168,442.007,0,1.02816,0,0,2.24762,1.21946,1.028160,1,0,68.5888,0,0,0,68.5888,0
72.29,1.88591,0,0,3.22864,0.262075,1.08065,3.6288,61.308,0.069076,0,0,0.66174,0.215096,0.377568,0.66528,12.849,1,0.335207,1.08065,0,61.7941,3.48253,59.0571,0.84672,12.849,0.84672,3695.15,0,18.483,0.0104124,0.713854,1.31132,6.77026,1.01078,7.77424,0.42336,9.2415,0.21168,9.2415,0.21168,442.007,0,1.02816,0,0,1.74201,0.713854,1.028160,1,0,67.2089,0,0,0,67.2089,0
72.29,1.98448,0,0,4.02959,0.222437,1.82267,3.6288,61.308,0.12139,0,0,0.801066,0.230728,0.448948,0.66528,12.849,1,0.352727,1.82267,0,66.7943,4.06974,64.1945,0.84672,12.849,0.84672,3695.15,0,18.483,0.0182982,0.917404,1.31168,6.80158,1.07392,7.93844,0.42336,9.2415,0.21168,9.2415,0.21168,442.007,0,1.02816,0,0,1.94556,0.917404,1.028160,1,0,72.5819,0,0,0,72.5819,0
72.29,1.98507,0,0,3.3617,0.169588,1.20705,3.6288,61.308,0.121663,0,0,0.730866,0.251571,0.357633,0.66528,12.849,1,0.35283,1.20705,0,54.583,4.85268,50.5846,0.84672,12.849,0.84672,3695.15,0,18.483,0.0183393,0.92937,1.37994,6.01481,1.1581,7.14768,0.42336,9.2415,0.21168,9.2415,0.21168,442.007,0,1.02816,0,0,1.95753,0.92937,1.028160,1,0,58.0899,0,0,0,58.0899,0
72.29,1.98565,0,0,3.21894,0.169588,1.06371,3.6288,61.308,0.121936,0,0,0.743005,0.251571,0.369499,0.66528,12.849,1,0.352934,1.06371,0,52.0776,4.85268,47.9357,0.84672,12.849,0.84672,3695.15,0,18.483,0.0183805,1.16656,1.38031,5.72676,1.1581,7.09715,0.42336,9.2415,0.21168,9.2415,0.21168,442.007,0,1.02816,0,0,2.19472,1.16656,1.028160,1,0,55.4023,0,0,0,55.4023,0
72.29,1.98623,0,0,2.96508,0.199091,0.779762,3.6288,61.308,0.122209,0,0,0.69628,0.24367,0.330401,0.66528,12.849,1,0.353037,0.779762,0,48.6829,4.34499,44.7646,0.84672,12.849,0.84672,3695.15,0,18.483,0.0184217,1.05822,1.38068,5.24394,1.17769,6.48673,0.42336,9.2415,0.21168,9.2415,0.21168,442.007,0,1.02816,0,0,2.08638,1.05822,1.028160,1,0,51.5817,0,0,0,51.5817,0
72.29,1.98681,0,0,2.73044,0.142127,0.601498,3.6288,61.308,0.122482,0,0,0.673161,0.265433,0.285246,0.66528,12.849,1,0.353141,0.601498,0,43.859,4.53563,39.5717,0.84672,12.849,0.84672,3695.15,0,18.483,0.0184628,1.01415,1.38106,4.92606,1.23175,6.07106,0.42336,9.2415,0.21168,9.2415,0.21168,442.007,0,1.02816,0,0,2.04231,1.01415,1.028160,1,0,45.928,0,0,0,45.928,0
71.8819,1.96799,0,0,2.05708,0.134294,0.36288,3.6288,61.308,0.151404,0,0,0.480477,0.293998,0.0350753,0.66528,12.849,1,0.349795,0.36288,0,30.9217,5.10318,25.8316,0.84672,12.849,0.84672,3695.15,0,18.483,0.0228225,0.540674,1.38143,3.29265,1.32045,3.87148,0.42336,9.2415,0.21168,9.2415,0.21168,442.007,0,1.02816,0,0,1.56883,0.540674,1.028160,1,0,29.7382,0,0,0,29.7382,0
71.3778,1.96688,0,0,1.95526,0.129659,0.36288,3.6288,61.308,0.151685,0,0,0.466523,0.299892,0.0149451,0.66528,12.849,1,0.351583,0.36288,0,28.4221,5.10951,23.3238,0.84672,12.849,0.84672,3695.15,0,18.483,0.0228649,0.486916,1.40299,3.19033,1.33998,3.71739,0.42336,9.2415,0.21168,9.2415,0.21168,442.007,0,1.02816,0,0,1.51508,0.486916,1.028160,1,0,27.0562,0,0,0,27.0562,0
70.7412,1.96535,0,0,1.82083,0.129162,0.36288,3.6288,61.2633,0.151966,0,0,0.407111,0.299892,0,0.66528,12.849,1,0.353791,0.36288,0,26.4172,5.10951,21.3168,0.84672,12.849,0.84672,3695.15,0,18.483,0.0229073,0.422176,1.40336,3.0221,1.33998,3.48475,0.42336,9.2415,0.21168,9.2415,0.21168,442.007,0,1.02816,0,0,1.45034,0.422176,1.028160,1,0,24.8016,0,0,0,24.8016,0
70.0083,1.96323,0,0,1.7218,0.128534,0.36288,3.6288,61.195,0.152233,0,0,0.383781,0.299808,0,0.66528,12.849,1,0.35659,0.36288,0,25.1986,5.10951,20.0953,0.84672,12.849,0.84672,3695.15,0,18.483,0.0229642,0.337306,1.40374,2.88599,1.33998,3.2641,0.42336,9.2415,0.21168,9.2415,0.21168,442.007,0,1.02816,0,0,1.36547,0.337306,1.028160,1,0,23.3594,0,0,0,23.3594,0
69.0961,2.01059,0,0,1.56992,0.108709,0.36288,3.6288,60.9648,0.277836,0,0,0.368974,0.3213,0,0.66528,12.849,1,0.369014,0.36288,0,21.5437,5.4437,16.0938,0.84672,12.849,0.84672,3695.15,0,18.483,0.041958,0.261274,1.40412,2.67068,1.43081,2.8633,0.42336,9.2415,0.21168,9.2415,0.21168,442.007,0,0.9133,0,0,1.17457,0.261274,1.028160,1,0,18.9571,0,0,0,18.9571,0
68.3974,2.00707,0,0,1.76448,0.093264,0.36288,3.6288,60.9268,0.178245,0,0,0.475901,0.335674,0,0.66528,12.849,1,0.373231,0.36288,0,28.2301,5.63052,22.5892,0.84672,12.849,0.84672,3695.15,0,18.483,0.0270198,0.430583,1.43829,3.14099,1.49862,3.48422,0.42336,9.2415,0.21168,9.2415,0.21168,442.007,0,1.02816,0,0,1.45874,0.430583,1.028160,1,0,26.0734,0,0,0,26.0734,0
67.5434,2.00444,0,0,1.60608,0.0927573,0.36288,3.6288,60.8052,0.178519,0,0,0.392521,0.335594,0,0.66528,12.849,1,0.376551,0.36288,0,22.7379,5.63052,17.0937,0.84672,12.849,0.84672,3695.15,0,18.483,0.0270781,0.462102,1.43868,2.91869,1.49862,3.29377,0.42336,9.2415,0.21168,9.2415,0.21168,442.007,0,1.02816,0,0,1.49026,0.462102,1.028160,1,0,20.3875,0,0,0,20.3875,0
66.548,2.00103,0,0,1.46071,0.0921379,0.36288,3.6288,60.6567,0.17876,0,0,0.365552,0.335335,0,0.66528,12.849,1,0.380663,0.36288,0,21.1969,5.63052,15.5486,0.84672,12.849,0.84672,3695.15,0,18.483,0.0271689,0.229807,1.43907,2.60112,1.49862,2.7442,0.42336,9.2415,0.21168,9.2415,0.21168,442.007,0,1.02816,0,0,1.25797,0.229807,1.028160,1,0,18.2928,0,0,0,18.2928,0
65.4788,2.14205,0,0,1.52464,0.088945,0.36288,3.6288,60.4507,0.271217,0,0,0.399501,0.334233,0,0.66528,12.849,1,0.413584,0.36288,0,19.9584,5.72973,14.178,0.84672,12.849,0.84672,3695.15,0,18.483,0.041322,0.417779,1.43946,3.13057,1.5142,3.43227,0.42336,9.2415,0.21168,9.2415,0.21168,442.007,0,1.02816,0,0,1.44594,0.417779,1.028160,1,0,17.6102,0,0,0,17.6102,0
64.2326,2.13703,0,0,1.33576,0.0820666,0.36288,3.6288,59.9829,0.441596,0,0,0.305623,0.331832,0,0.66528,12.849,1,0.419352,0.36288,0,17.5165,5.97776,11.4823,0.84672,12.849,0.84672,3695.15,0,18.483,0.0675097,0.227405,1.55442,1.72534,1.55316,1.8865,0.42336,9.2415,0.21168,9.2415,0.21168,442.007,0,0.831954,0,0,1.05936,0.227405,1.028160,1,0,13.3687,0,0,0,13.3687,0
63.08,2.13087,0,0,1.42239,0.0812483,0.36288,3.6288,59.7566,0.27144,0,0,0.375932,0.330846,0,0.66528,12.849,1,0.426256,0.36288,0,22.2904,5.97776,16.2493,0.84672,12.849,0.84672,3695.15,0,18.483,0.0418204,0.2775,1.55484,1.92714,1.55316,2.1645,0.42336,9.2415,0.21168,9.2415,0.21168,442.007,0,1.02816,0,0,1.30566,0.2775,1.028160,1,0,18.4138,0,0,0,18.4138,0
61.6818,2.12502,0,0,1.17019,0.0804915,0.36288,3.6288,59.1337,0.566272,0,0,0.273785,0.330368,0,0.66528,12.849,1,0.432853,0.36288,0,20.4214,5.97776,14.3737,0.84672,12.849,0.84672,3695.15,0,18.483,0.0875753,0.204422,1.55526,1.57841,1.55316,1.69735,0.42336,9.2415,0.21168,9.2415,0.21168,442.007,0,0.687934,0,0,0.892356,0.204422,1.028160,1,0,16.071,0,0,0,16.071,0
60.5801,2.11751,0,0,1.45827,0.0795734,0.36288,3.6288,59.0074,0.271545,0,0,0.474277,0.329055,0,0.66528,12.849,1,0.441102,0.36288,0,19.906,5.97776,13.8501,0.84672,12.849,0.84672,3695.15,0,18.483,0.0424374,0.735273,1.55567,2.46181,1.55316,3.15717,0.42336,9.2415,0.21168,9.2415,0.21168,442.007,0,1.02816,0,0,1.76343,0.735273,1.028160,1,0,17.0072,0,0,0,17.0072,0
59.1271,2.04176,0,0,1.02501,0.0733422,0.36288,3.6288,58.6845,0.362016,0,0,0.325634,0.286558,0,0.66528,12.849,1,0.433056,0.36288,0,19.7278,6.0942,13.5634,0.84672,12.849,0.84672,3695.15,0,18.483,0.0566975,0.204422,1.55609,2.39046,1.45553,2.63875,0.42336,9.2415,0.21168,9.2415,0.21168,442.007,0,0.859196,0,0,1.06362,0.204422,1.028160,1,0,16.2022,0,0,0,16.2022,0
58.7012,2.03361,0,0,2.0429,0.0723519,0.36288,3.6288,58.7222,0.216067,0,0,0.539817,0.285964,0,0.66528,12.849,1,0.441927,0.36288,0,21.1882,6.0942,15.015,0.84672,12.849,0.84672,3695.15,0,18.483,0.0340258,1.03367,1.49076,3.91039,1.45553,4.94526,0.42336,9.2415,0.21168,9.2415,0.21168,442.007,0,1.02816,0,0,2.06183,1.03367,1.028160,1,0,19.9602,0,0,0,19.9602,0
57.1528,2.03157,0,0,0.918095,0.0720547,0.36288,3.6288,58.4308,0.321306,0,0,0.315897,0.286034,0,0.66528,12.849,1,0.444687,0.36288,0,18.1954,6.0942,12.0194,0.84672,12.849,0.84672,3695.15,0,18.483,0.050566,0.216518,1.49116,2.11389,1.45553,2.31547,0.42336,9.2415,0.21168,9.2415,0.21168,442.007,0,0.906725,0,0,1.12324,0.216518,1.028160,1,0,14.3349,0,0,0,14.3349,0
55.7355,2.02232,0,0,1.03897,0.0709743,0.36288,3.6288,58.1373,0.378298,0,0,0.370298,0.285498,0,0.66528,12.849,1,0.454656,0.36288,0,14.6065,6.0942,8.42055,0.84672,12.849,0.84672,3695.15,0,18.483,0.0598322,0.216518,1.49156,2.35391,1.45553,2.54662,0.42336,9.2415,0.21168,9.2415,0.21168,442.007,0,0.84081,0,0,1.05733,0.216518,1.028160,1,0,10.9672,0,0,0,10.9672,0
55.1274,1.95706,0,0,1.88319,0.171441,0.36288,3.6288,58.0812,0.165894,0,0,0.374278,0.264522,0,0.66528,12.849,1,0.451171,0.36288,0,17.2103,5.00794,12.114,0.84672,12.849,0.84672,3695.15,0,18.483,0.0263706,0.336424,1.49196,2.60622,1.18807,3.22017,0.42336,9.2415,0.21168,9.2415,0.21168,442.007,0,1.02816,0,0,1.36458,0.336424,1.028160,1,0,15.3342,0,0,0,15.3342,0
53.8336,1.95359,0,0,1.17759,0.154907,0.36288,3.6288,57.4404,0.64842,0,0,0.251521,0.243826,0,0.66528,12.849,1,0.455341,0.36288,0,11.5098,4.83893,6.57839,0.84672,12.849,0.84672,3695.15,0,18.483,0.103172,0.216518,1.43387,2.01001,1.11947,2.43776,0.42336,9.2415,0.21168,9.2415,0.21168,442.007,0,0.469161,0,0,0.685679,0.216518,1.028160,1,0,9.01615,0,0,0,9.01615,0
53.145,1.94533,0,0,1.77256,0.152896,0.36288,3.6288,57.6405,0.166184,0,0,0.609086,0.242818,0,0.66528,12.849,1,0.464311,0.36288,0,17.948,4.83893,13.0077,0.84672,12.849,0.84672,3695.15,0,18.483,0.0267371,0.953666,1.43426,4.07569,1.11947,5.31741,0.42336,9.2415,0.21168,9.2415,0.21168,442.007,0,1.02816,0,0,1.98183,0.953666,1.028160,1,0,18.3251,0,0,0,18.3251,0
54.9806,1.94105,0,0,4.29132,0.151826,0.36288,3.6288,58.5954,0.166547,0,0,1.36455,0.243133,0,0.66528,12.849,1,0.469293,0.36288,0,47.0359,4.83893,42.0906,0.84672,12.849,0.84672,3695.15,0,18.483,0.0267025,2.09024,1.43464,6.16557,1.11947,8.54429,0.42336,9.2415,0.21168,9.2415,0.21168,442.007,0,1.02816,0,0,3.1184,2.09024,1.028160,1,0,50.6349,0,0,0,50.6349,0
55.4419,1.79422,0,0,2.82733,0.208885,0.36288,3.6288,59.3076,0.0612055,0,0,0.968103,0.194653,0,0.66528,12.849,1,0.41931,0.36288,0,32.7563,4.31914,28.3807,0.84672,12.849,0.84672,3695.15,0,18.483,0.00965316,0.934606,1.43503,4.90973,0.921589,6.34812,0.42336,9.2415,0.21168,9.2415,0.21168,442.007,0,1.02816,0,0,1.96277,0.934606,1.028160,1,0,34.7289,0,0,0,34.7289,0
57.829,1.79758,0,0,4.75246,0.204957,0.36288,3.6288,60.522,0.0615616,0,0,1.45633,0.180419,0,0.66528,12.849,1,0.4166,0.36288,0,67.0798,4.68405,62.342,0.84672,12.849,0.84672,3695.15,0,18.483,0.00959272,1.61088,1.30359,7.65383,1.00383,9.55487,0.42336,9.2415,0.21168,9.2415,0.21168,442.007,0,1.02816,0,0,2.63904,1.61088,1.028160,1,0,71.8969,0,0,0,71.8969,0
57.7273,1.81218,0,0,2.28328,0.209849,0.36288,3.6288,61.2188,0.0619851,0,0,0.940663,0.181822,0,0.66528,12.849,1,0.402649,0.36288,0,40.4327,4.68405,35.7089,0.84672,12.849,0.84672,3695.15,0,18.483,0.00946491,0.416275,1.30394,5.58506,1.00383,6.29198,0.42336,9.2415,0.21168,9.2415,0.21168,442.007,0,1.02816,0,0,1.44444,0.416275,1.028160,1,0,42.0009,0,0,0,42.0009,0
58.4853,1.81214,0,0,3.15236,0.219385,0.36288,3.6288,61.308,0.0623355,0,0,0.857468,0.190806,0.515162,0.66528,12.849,1,0.403347,0.36288,0,32.545,4.33057,28.1739,0.84672,12.849,0.84672,3695.15,0,18.483,0.00941008,0.741848,1.30429,5.0825,1.00549,6.11373,0.42336,9.2415,0.21168,9.2415,0.21168,442.007,0,1.02816,0,0,1.77001,0.741848,1.028160,1,0,34.8028,0,0,0,34.8028,0
61.4084,1.81696,0,0,5.34389,0.240962,0.36288,3.6288,61.308,0.0626044,0,0,1.32757,0.171565,1.0934,0.66528,12.849,1,0.399179,0.36288,0,53.224,3.52927,49.6584,0.84672,12.849,0.84672,3695.15,0,18.483,0.00943692,2.10127,1.30464,9.91371,0.918239,12.3919,0.42336,9.2415,0.21168,9.2415,0.21168,442.007,0,1.02816,0,0,3.12943,2.10127,1.028160,1,0,63.1437,0,0,0,63.1437,0
61.0411,1.89612,0,0,2.13488,0.243186,0.36288,3.6288,61.308,0.0937796,0,0,0.931634,0.241003,0.596851,0.66528,12.849,1,0.396741,0.36288,0,40.0206,5.11156,34.8751,0.84672,12.849,0.84672,3695.15,0,18.483,0.0141362,0.820143,1.30499,5.93595,1.30475,6.74219,0.42336,9.2415,0.21168,9.2415,0.21168,442.007,0,1.02816,0,0,1.8483,0.820143,1.028160,1,0,42.2142,0,0,0,42.2142,0
61.7772,1.89468,0,0,3.23457,0.240855,0.36288,3.6288,61.308,0.0940369,0,0,1.07387,0.256359,0.72347,0.66528,12.849,1,0.398826,0.36288,0,34.2572,5.41653,28.8047,0.84672,12.849,0.84672,3695.15,0,18.483,0.014175,1.05754,1.34708,6.19415,1.38035,7.20425,0.42336,9.2415,0.21168,9.2415,0.21168,442.007,0,1.02816,0,0,2.0857,1.05754,1.028160,1,0,36.7324,0,0,0,36.7324,0
60.9063,1.89916,0,0,1.64193,0.250826,0.36288,3.6288,61.308,0.0942943,0,0,1.00354,0.252223,0.657018,0.66528,12.849,1,0.395005,0.36288,0,29.2876,5.18866,24.0668,0.84672,12.849,0.84672,3695.15,0,18.483,0.0142138,0.967118,1.34743,4.83389,1.31015,5.82408,0.42336,9.2415,0.21168,9.2415,0.21168,442.007,0,1.02816,0,0,1.99528,0.967118,1.028160,1,0,30.5479,0,0,0,30.5479,0
59.9262,1.89503,0,0,1.57749,0.299659,0.36288,3.6288,61.308,0.0945517,0,0,1.09883,0.22741,0.776865,0.66528,12.849,1,0.399783,0.36288,0,24.7299,3.82148,20.8715,0.84672,12.849,0.84672,3695.15,0,18.483,0.0142526,1.24861,1.34778,5.45859,0.888899,7.15183,0.42336,9.2415,0.21168,9.2415,0.21168,442.007,0,1.02816,0,0,2.27677,1.24861,1.028160,1,0,28.8002,0,0,0,28.8002,0
58.976,2.09155,0,0,1.78448,0.280284,0.36288,3.6288,61.308,0.211011,0,0,0.951117,0.258169,0.481938,0.66528,12.849,1,0.448458,0.36288,0,36.9734,4.20645,32.6814,0.84672,12.849,0.84672,3695.15,0,18.483,0.0318075,1.21587,1.34814,5.23851,1.06917,6.70155,0.42336,9.2415,0.21168,9.2415,0.21168,442.007,0,1.02816,0,0,2.24403,1.21587,1.028160,1,0,39.8649,0,0,0,39.8649,0
58.2008,2.08621,0,0,1.92942,0.255539,0.36288,3.6288,61.308,0.211298,0,0,0.679847,0.29918,0.169369,0.66528,12.849,1,0.454519,0.36288,0,31.0322,4.71975,26.2208,0.84672,12.849,0.84672,3695.15,0,18.483,0.0318509,0.698242,1.49762,4.19971,1.30952,5.05421,0.42336,9.2415,0.21168,9.2415,0.21168,442.007,0,1.02816,0,0,1.7264,0.698242,1.028160,1,0,31.4444,0,0,0,31.4444,0
58.5176,2.08184,0,0,3.02126,0.259708,0.36288,3.6288,61.308,0.211586,0,0,0.791726,0.274481,0.305659,0.66528,12.849,1,0.459608,0.36288,0,35.3416,4.31651,30.9283,0.84672,12.849,0.84672,3695.15,0,18.483,0.0318943,0.726062,1.49801,4.75602,1.19112,5.75708,0.42336,9.2415,0.21168,9.2415,0.21168,442.007,0,1.02816,0,0,1.75422,0.726062,1.028160,1,0,36.9911,0,0,0,36.9911,0
58.5895,2.08447,0,0,2.7879,0.268643,0.36288,3.6288,61.308,0.211874,0,0,0.927268,0.24155,0.473844,0.66528,12.849,1,0.457697,0.36288,0,36.1852,3.77884,32.3115,0.84672,12.849,0.84672,3695.15,0,18.483,0.0319377,1.22717,1.49841,5.58198,1.03325,7.24237,0.42336,9.2415,0.21168,9.2415,0.21168,442.007,0,1.02816,0,0,2.25533,1.22717,1.028160,1,0,40.0277,0,0,0,40.0277,0
58.6629,1.79916,0,0,2.51853,0.283143,0.36288,3.6288,61.308,0.0560559,0,0,0.72289,0.240861,0.425973,0.66528,12.849,1,0.394565,0.36288,0,45.9908,3.60735,42.3518,0.84672,12.849,0.84672,3695.15,0,18.483,0.0084498,1.11439,1.4988,6.22163,0.964844,7.86152,0.42336,9.2415,0.21168,9.2415,0.21168,442.007,0,1.02816,0,0,2.14255,1.11439,1.028160,1,0,50.6393,0,0,0,50.6393,0
58.7612,1.80008,0,0,2.56376,0.30244,0.36288,3.6288,61.308,0.0563033,0,0,0.675985,0.239943,0.379739,0.66528,12.849,1,0.394273,0.36288,0,69.4751,3.37869,66.065,0.84672,12.849,0.84672,3695.15,0,18.483,0.00848709,1.61407,1.29497,7.03472,0.873629,9.06164,0.42336,9.2415,0.21168,9.2415,0.21168,442.007,0,1.02816,0,0,2.64223,1.61407,1.028160,1,0,75.5064,0,0,0,75.5064,0
60.0041,1.80113,0,0,3.70958,0.302728,0.36288,3.6288,61.308,0.0565507,0,0,1.33491,0.239943,1.03842,0.66528,12.849,1,0.393844,0.36288,0,68.3537,3.37869,64.9441,0.84672,12.849,0.84672,3695.15,0,18.483,0.0085244,1.8137,1.2953,7.72934,0.873629,9.95619,0.42336,9.2415,0.21168,9.2415,0.21168,442.007,0,1.02816,0,0,2.84186,1.8137,1.028160,1,0,75.9387,0,0,0,75.9387,0
62.1977,1.80837,0,0,4.67123,0.30637,0.36288,3.6288,61.308,0.0567983,0,0,1.62626,0.239943,1.32951,0.66528,12.849,1,0.387236,0.36288,0,79.9001,3.37869,76.4971,0.84672,12.849,0.84672,3695.15,0,18.483,0.00856172,2.5472,1.29564,7.42478,0.873629,10.3854,0.42336,9.2415,0.21168,9.2415,0.21168,442.007,0,1.02816,0,0,3.57536,2.5472,1.028160,1,0,88.212,0,0,0,88.212,0
63.9155,1.82021,0,0,4.21299,0.312107,0.36288,3.6288,61.308,0.0570459,0,0,1.32921,0.239943,1.03222,0.66528,12.849,1,0.376024,0.36288,0,61.8251,3.37869,58.4332,0.84672,12.849,0.84672,3695.15,0,18.483,0.00859904,2.075,1.29598,7.18658,0.873629,9.67533,0.42336,9.2415,0.21168,9.2415,0.21168,442.007,0,1.02816,0,0,3.10316,2.075,1.028160,1,0,69.1408,0,0,0,69.1408,0
64.0748,1.90242,0,0,2.69668,0.272034,0.36288,3.6288,61.308,0.0955328,0,0,0.549871,0.226746,0.227593,0.66528,12.849,1,0.382445,0.36288,0,73.0054,3.8954,69.0904,0.84672,12.849,0.84672,3695.15,0,18.483,0.0144005,0.716368,1.29632,4.52727,0.965193,5.56036,0.42336,9.2415,0.21168,9.2415,0.21168,442.007,0,1.02816,0,0,1.74453,0.716368,1.028160,1,0,74.8784,0,0,0,74.8784,0
67.3644,1.90375,0,0,5.82859,0.272386,0.36288,3.6288,61.308,0.0957905,0,0,1.70202,0.226746,1.37948,0.66528,12.849,1,0.381761,0.36288,0,115.327,3.8954,111.412,0.84672,12.849,0.84672,3695.15,0,18.483,0.0144394,2.45456,1.34714,7.2001,0.965193,10.0222,0.42336,9.2415,0.21168,9.2415,0.21168,442.007,0,1.02816,0,0,3.48272,2.45456,1.028160,1,0,122.814,0,0,0,122.814,0
69.3495,1.91995,0,0,4.54758,0.279636,0.36288,3.6288,61.308,0.0960482,0,0,1.43262,0.226746,1.10983,0.66528,12.849,1,0.366209,0.36288,0,86.9089,3.8954,83.0102,0.84672,12.849,0.84672,3695.15,0,18.483,0.0144782,3.31485,1.34749,7.84126,0.965193,11.5239,0.42336,9.2415,0.21168,9.2415,0.21168,442.007,0,1.02816,0,0,4.34301,3.31485,1.028160,1,0,95.6439,0,0,0,95.6439,0
69.9878,1.92935,0,0,3.20093,0.270429,0.36288,3.6288,61.308,0.0963061,0,0,0.788936,0.235213,0.457417,0.66528,12.849,1,0.357467,0.36288,0,72.3073,4.04349,68.2692,0.84672,12.849,0.84672,3695.15,0,18.483,0.0145171,1.55556,1.34784,5.40116,0.993201,7.29685,0.42336,9.2415,0.21168,9.2415,0.21168,442.007,0,1.02816,0,0,2.58372,1.55556,1.028160,1,0,76.0235,0,0,0,76.0235,0
70.4514,1.90355,0,0,2.92937,0.199349,0.36288,3.6288,61.308,0.0816967,0,0,0.832671,0.221198,0.529777,0.66528,12.849,1,0.349471,0.36288,0,53.306,4.21188,49.1076,0.84672,12.849,0.84672,3695.15,0,18.483,0.0123149,1.23574,1.3482,4.84814,1.06799,6.35177,0.42336,9.2415,0.21168,9.2415,0.21168,442.007,0,1.02816,0,0,2.2639,1.23574,1.028160,1,0,55.9891,0,0,0,55.9891,0
70.641,1.90604,0,0,2.65392,0.195369,0.36288,3.6288,61.308,0.0819508,0,0,0.71299,0.218117,0.412922,0.66528,12.849,1,0.347625,0.36288,0,44.9422,4.17273,40.7847,0.84672,12.849,0.84672,3695.15,0,18.483,0.0123532,1.03842,1.32887,4.29481,1.05117,5.59859,0.42336,9.2415,0.21168,9.2415,0.21168,442.007,0,1.02816,0,0,2.06658,1.03842,1.028160,1,0,46.7962,0,0,0,46.7962,0
70.7026,1.90737,0,0,2.45812,0.126309,0.36288,3.6288,61.308,0.0822049,0,0,0.649702,0.250816,0.316682,0.66528,12.849,1,0.346934,0.36288,0,41.2406,4.46103,36.7955,0.84672,12.849,0.84672,3695.15,0,18.483,0.0123915,0.883578,1.32922,4.05196,1.06839,5.18398,0.42336,9.2415,0.21168,9.2415,0.21168,442.007,0,1.02816,0,0,1.91174,0.883578,1.028160,1,0,42.2962,0,0,0,42.2962,0
70.707,1.90817,0,0,2.40182,0.126368,0.36288,3.6288,61.308,0.082459,0,0,0.729164,0.250816,0.39589,0.66528,12.849,1,0.346777,0.36288,0,40.0391,4.46103,35.5942,0.84672,12.849,0.84672,3695.15,0,18.483,0.0124298,1.1542,1.32957,4.82362,1.06839,6.22657,0.42336,9.2415,0.21168,9.2415,0.21168,442.007,0,1.02816,0,0,2.18236,1.1542,1.028160,1,0,42.2167,0,0,0,42.2167,0
70.5781,2.00777,0,0,2.36739,0.125614,0.36288,3.6288,61.308,0.135491,0,0,0.758099,0.24647,0.376139,0.66528,12.849,1,0.364856,0.36288,0,37.1151,4.56342,32.5497,0.84672,12.849,0.84672,3695.15,0,18.483,0.0204238,0.897316,1.32991,4.04339,1.0798,5.1704,0.42336,9.2415,0.21168,9.2415,0.21168,442.007,0,1.02816,0,0,1.92548,0.897316,1.028160,1,0,38.0963,0,0,0,38.0963,0
70.2312,2.00778,0,0,2.14736,0.123594,0.36288,3.6288,61.308,0.135759,0,0,0.72919,0.235605,0.357826,0.66528,12.849,1,0.365523,0.36288,0,30.3003,4.81939,25.4783,0.84672,12.849,0.84672,3695.15,0,18.483,0.0204642,0.877815,1.39912,3.58436,1.10833,4.7325,0.42336,9.2415,0.21168,9.2415,0.21168,442.007,0,1.02816,0,0,1.90598,0.877815,1.028160,1,0,30.5686,0,0,0,30.5686,0
69.6727,2.00682,0,0,1.93446,0.123264,0.36288,3.6288,61.308,0.136028,0,0,0.679121,0.235605,0.307489,0.66528,12.849,1,0.367154,0.36288,0,28.1801,4.81939,23.3565,0.84672,12.849,0.84672,3695.15,0,18.483,0.0205046,0.726166,1.39948,3.3056,1.10833,4.30242,0.42336,9.2415,0.21168,9.2415,0.21168,442.007,0,1.02816,0,0,1.75433,0.726166,1.028160,1,0,27.9664,0,0,0,27.9664,0
69.0578,2.0049,0,0,1.87559,0.122733,0.36288,3.6288,61.308,0.136296,0,0,0.621043,0.235605,0.249143,0.66528,12.849,1,0.369743,0.36288,0,25.907,4.81939,21.0808,0.84672,12.849,0.84672,3695.15,0,18.483,0.0205451,0.531973,1.39984,3.07459,1.10833,3.87753,0.42336,9.2415,0.21168,9.2415,0.21168,442.007,0,1.02816,0,0,1.56013,0.531973,1.028160,1,0,25.2075,0,0,0,25.2075,0
68.2674,2.0027,0,0,1.66923,0.0940609,0.36288,3.6288,61.308,0.136564,0,0,0.589478,0.254491,0.198423,0.66528,12.849,1,0.372625,0.36288,0,22.9192,5.03359,17.8758,0.84672,12.849,0.84672,3695.15,0,18.483,0.0205855,0.46637,1.40021,2.99093,1.16305,3.67387,0.42336,9.2415,0.21168,9.2415,0.21168,442.007,0,1.02816,0,0,1.49453,0.46637,1.028160,1,0,21.7481,0,0,0,21.7481,0
67.2508,1.98013,0,0,1.42506,0.0986388,0.36288,3.6288,61.308,0.169084,0,0,0.58664,0.293533,0.124023,0.66528,12.849,1,0.372691,0.36288,0,21.7238,5.6273,16.0867,0.84672,12.849,0.84672,3695.15,0,18.483,0.0254875,0.30119,1.40057,2.57425,1.23694,3.01359,0.42336,9.2415,0.21168,9.2415,0.21168,442.007,0,1.02447,0,0,1.32566,0.30119,1.028160,1,0,19.2243,0,0,0,19.2243,0
66.1849,1.97596,0,0,1.34639,0.0734358,0.36288,3.6288,61.308,0.173166,0,0,0.552283,0.3289,0.0502166,0.66528,12.849,1,0.377529,0.36288,0,20.6621,5.66528,14.9822,0.84672,12.849,0.84672,3695.15,0,18.483,0.0261029,0.261274,1.42242,2.6353,1.35411,2.93879,0.42336,9.2415,0.21168,9.2415,0.21168,442.007,0,1.02009,0,0,1.28136,0.261274,1.028160,1,0,17.9712,0,0,0,17.9712,0
65.0589,1.97143,0,0,1.2811,0.0728183,0.36288,3.6288,61.2791,0.213799,0,0,0.513759,0.3289,0,0.66528,12.849,1,0.382729,0.36288,0,18.7301,5.66528,13.0449,0.84672,12.849,0.84672,3695.15,0,18.483,0.0322278,0.261274,1.42279,2.50928,1.35411,2.80701,0.42336,9.2415,0.21168,9.2415,0.21168,442.007,0,0.97365,0,0,1.23492,0.261274,1.028160,1,0,15.8519,0,0,0,15.8519,0
63.8399,1.96645,0,0,1.18251,0.0721659,0.36288,3.6288,61.1422,0.26748,0,0,0.459438,0.32884,0,0.66528,12.849,1,0.388371,0.36288,0,17.7241,5.66528,12.0333,0.84672,12.849,0.84672,3695.15,0,18.483,0.0403386,0.261274,1.42316,2.34713,1.35411,2.63711,0.42336,9.2415,0.21168,9.2415,0.21168,442.007,0,0.912177,0,0,1.17345,0.261274,1.028160,1,0,14.6704,0,0,0,14.6704,0
62.3872,2.01071,0,0,0.986334,0.0654726,0.36288,3.6288,60.5692,0.60314,0,0,0.351629,0.321505,0,0.66528,12.849,1,0.404694,0.36288,0,14.3565,5.69443,8.62023,0.84672,12.849,0.84672,3695.15,0,18.483,0.0911632,0.261274,1.42353,1.91234,1.38522,2.12076,0.42336,9.2415,0.21168,9.2415,0.21168,442.007,0,0.555828,0,0,0.817102,0.261274,1.028160,1,0,10.741,0,0,0,10.741,0
60.9648,2.00346,0,0,1.00425,0.0602641,0.36288,3.6288,59.9729,0.677682,0,0,0.396516,0.315071,0,0.66528,12.849,1,0.412625,0.36288,0,16.6814,5.71631,10.9154,0.84672,12.849,0.84672,3695.15,0,18.483,0.103399,0.261274,1.45817,1.94054,1.40856,2.14802,0.42336,9.2415,0.21168,9.2415,0.21168,442.007,0,0.469377,0,0,0.73065,0.261274,1.028160,1,0,13.0634,0,0,0,13.0634,0
59.4604,1.99608,0,0,0.914103,0.0595609,0.36288,3.6288,59.352,0.634071,0,0,0.327046,0.313878,0,0.66528,12.849,1,0.420695,0.36288,0,13.4359,5.71631,7.66177,0.84672,12.849,0.84672,3695.15,0,18.483,0.0977069,0.227405,1.45855,1.8032,1.40856,1.98289,0.42336,9.2415,0.21168,9.2415,0.21168,442.007,0,0.519005,0,0,0.74641,0.227405,1.028160,1,0,9.64466,0,0,0,9.64466,0
57.8822,1.98789,0,0,0.831358,0.0587573,0.36288,3.6288,58.6098,0.734126,0,0,0.304574,0.312635,0,0.66528,12.849,1,0.42957,0.36288,0,12.5253,5.71631,6.74233,0.84672,12.849,0.84672,3695.15,0,18.483,0.114308,0.227405,1.45893,1.60701,1.40856,1.77047,0.42336,9.2415,0.21168,9.2415,0.21168,442.007,0,0.402674,0,0,0.630079,0.227405,1.028160,1,0,8.5128,0,0,0,8.5128,0
56.2744,2.12259,0,0,0.9302,0.052538,0.36288,3.6288,57.9865,0.678736,0,0,0.365737,0.310311,0,0.66528,12.849,1,0.471184,0.36288,0,13.0338,5.75164,7.17384,0.84672,12.849,0.84672,3695.15,0,18.483,0.107022,0.227405,1.45931,2.19178,1.42255,2.34892,0.42336,9.2415,0.21168,9.2415,0.21168,442.007,0,0.57342,0,0,0.800825,0.227405,1.028160,1,0,9.52275,0,0,0,9.52275,0
54.7381,2.11223,0,0,1.01898,0.0802226,0.36288,3.6288,57.3419,0.74518,0,0,0.369108,0.268552,0,0.66528,12.849,1,0.48228,0.36288,0,14.2634,4.91683,9.2272,0.84672,12.849,0.84672,3695.15,0,18.483,0.118762,0.227405,1.57584,1.84559,1.29738,2.2327,0.42336,9.2415,0.21168,9.2415,0.21168,442.007,0,0.49559,0,0,0.722995,0.227405,1.028160,1,0,11.4599,0,0,0,11.4599,0
53.2825,2.10186,0,0,1.08816,0.0790003,0.36288,3.6288,56.7758,0.672888,0,0,0.374214,0.267435,0,0.66528,12.849,1,0.493382,0.36288,0,14.2604,4.91683,9.21307,0.84672,12.849,0.84672,3695.15,0,18.483,0.108446,0.204422,1.57625,2.22901,1.29738,2.60386,0.42336,9.2415,0.21168,9.2415,0.21168,442.007,0,0.578552,0,0,0.782974,0.204422,1.028160,1,0,11.8169,0,0,0,11.8169,0
51.9774,2.09159,0,0,1.22719,0.0778424,0.36288,3.6288,56.2041,0.691939,0,0,0.386741,0.266453,0,0.66528,12.849,1,0.504383,0.36288,0,13.6408,4.91683,8.58249,0.84672,12.849,0.84672,3695.15,0,18.483,0.112628,0.204422,1.57666,2.47766,1.29738,2.84874,0.42336,9.2415,0.21168,9.2415,0.21168,442.007,0,0.555673,0,0,0.760095,0.204422,1.028160,1,0,11.4312,0,0,0,11.4312,0
50.3372,2.08202,0,0,0.889955,0.0852044,0.36288,3.6288,55.5421,0.729992,0,0,0.333525,0.265619,0,0.66528,12.849,1,0.514683,0.36288,0,13.0805,4.96123,7.96749,0.84672,12.849,0.84672,3695.15,0,18.483,0.120031,0.204422,1.57708,1.76336,1.28868,2.13615,0.42336,9.2415,0.21168,9.2415,0.21168,442.007,0,0.510572,0,0,0.714995,0.204422,1.028160,1,0,10.1036,0,0,0,10.1036,0
49.328,2.00096,0,0,1.48196,0.127343,0.36288,3.6288,54.951,0.642454,0,0,0.265795,0.214354,0,0.66528,12.849,1,0.510762,0.36288,0,18.8466,4.41897,14.2798,0.84672,12.849,0.84672,3695.15,0,18.483,0.106896,0.204422,1.57749,1.54523,1.23081,1.98943,0.42336,9.2415,0.21168,9.2415,0.21168,442.007,0,0.546117,0,0,0.75054,0.204422,1.028160,1,0,16.2692,0,0,0,16.2692,0
48.3648,1.99323,0,0,1.54716,0.154211,0.36288,3.6288,54.7405,0.384676,0,0,0.371585,0.197472,0,0.66528,12.849,1,0.519199,0.36288,0,18.9032,4.00617,14.7407,0.84672,12.849,0.84672,3695.15,0,18.483,0.0646937,0.216518,1.51124,1.89504,1.15047,2.40764,0.42336,9.2415,0.21168,9.2415,0.21168,442.007,0,0.846435,0,0,1.06295,0.216518,1.028160,1,0,17.1483,0,0,0,17.1483,0
47.4528,1.98563,0,0,1.58915,0.152613,0.36288,3.6288,54.8017,0.229275,0,0,0.487694,0.197198,0,0.66528,12.849,1,0.527518,0.36288,0,19.1401,4.00617,14.9693,0.84672,12.849,0.84672,3695.15,0,18.483,0.0387071,0.334541,1.51164,2.16244,1.15047,2.81944,0.42336,9.2415,0.21168,9.2415,0.21168,442.007,0,1.02816,0,0,1.3627,0.334541,1.028160,1,0,17.7887,0,0,0,17.7887,0
46.404,1.97821,0,0,1.44329,0.1511,0.36288,3.6288,54.6062,0.376098,0,0,0.377865,0.197277,0,0.66528,12.849,1,0.535647,0.36288,0,17.1383,4.00617,12.9594,0.84672,12.849,0.84672,3695.15,0,18.483,0.0634234,0.216518,1.51203,1.70115,1.15047,2.21581,0.42336,9.2415,0.21168,9.2415,0.21168,442.007,0,0.856958,0,0,1.07348,0.216518,1.028160,1,0,15.1752,0,0,0,15.1752,0
46.2537,1.91413,0,0,2.30445,0.177658,0.36288,3.6288,54.9062,0.178741,0,0,0.686926,0.208152,0,0.66528,12.849,1,0.530011,0.36288,0,33.0016,4.2534,28.5811,0.84672,12.849,0.84672,3695.15,0,18.483,0.03025,1.29854,1.51243,3.59102,1.17024,5.20149,0.42336,9.2415,0.21168,9.2415,0.21168,442.007,0,1.02816,0,0,2.3267,1.29854,1.028160,1,0,33.7826,0,0,0,33.7826,0
47.7539,1.91332,0,0,3.99143,0.21503,0.36288,3.6288,55.6151,0.179158,0,0,1.11149,0.223433,0,0.66528,12.849,1,0.531508,0.36288,0,58.2683,4.58304,53.5167,0.84672,12.849,0.84672,3695.15,0,18.483,0.0301549,1.98914,1.45352,4.6239,1.1966,6.83981,0.42336,9.2415,0.21168,9.2415,0.21168,442.007,0,1.02816,0,0,3.0173,1.98914,1.028160,1,0,60.3565,0,0,0,60.3565,0
48.9247,1.92702,0,0,3.67932,0.218618,0.36288,3.6288,56.621,0.179764,0,0,1.41008,0.224477,0,0.66528,12.849,1,0.518498,0.36288,0,49.8058,4.58304,45.0671,0.84672,12.849,0.84672,3695.15,0,18.483,0.0298712,2.97791,1.4539,6.37968,1.1966,9.58502,0.42336,9.2415,0.21168,9.2415,0.21168,442.007,0,1.02816,0,0,4.00607,2.97791,1.028160,1,0,54.6522,0,0,0,54.6522,0
50.2366,1.9374,0,0,3.8589,0.246737,0.36288,3.6288,58.0446,0.180498,0,0,1.83901,0.234907,0,0.66528,12.849,1,0.508815,0.36288,0,71.7265,3.87222,67.7084,0.84672,12.849,0.84672,3695.15,0,18.483,0.0294603,2.95314,1.45428,5.9056,1.04541,9.23815,0.42336,9.2415,0.21168,9.2415,0.21168,442.007,0,1.02816,0,0,3.9813,2.95314,1.028160,1,0,76.9465,0,0,0,76.9465,0
54.9578,1.78909,0,0,7.12841,0.255237,0.36288,3.6288,59.1506,0.0740875,0,0,1.41639,0.236312,0,0.66528,12.849,1,0.457594,0.36288,0,93.5608,3.83601,89.6301,0.84672,12.849,0.84672,3695.15,0,18.483,0.0117958,3.94017,1.45466,8.04591,1.04543,12.3835,0.42336,9.2415,0.21168,9.2415,0.21168,442.007,0,1.02816,0,0,4.96833,3.94017,1.028160,1,0,102.014,0,0,0,102.014,0
59.2945,1.82147,0,0,6.79369,0.272633,0.36288,3.6288,60.5198,0.0745292,0,0,1.66805,0.224229,0,0.66528,12.849,1,0.425855,0.36288,0,84.4715,4.32957,80.079,0.84672,12.849,0.84672,3695.15,0,18.483,0.0116442,2.35673,1.32141,6.01379,1.19676,8.48352,0.42336,9.2415,0.21168,9.2415,0.21168,442.007,0,1.02816,0,0,3.38489,2.35673,1.028160,1,0,88.5625,0,0,0,88.5625,0
66.1693,1.84759,0,0,9.36973,0.284513,0.36288,3.6288,61.308,0.0750095,0,0,1.72149,0.226197,0.632124,0.66528,12.849,1,0.40037,0.36288,0,101.041,4.32957,96.6743,0.84672,12.849,0.84672,3695.15,0,18.483,0.0114541,2.29556,1.32175,9.59539,1.19676,12.0045,0.42336,9.2415,0.21168,9.2415,0.21168,442.007,0,1.02816,0,0,3.32372,2.29556,1.028160,1,0,109.311,0,0,0,109.311,0
72.29,1.88296,0,0,8.6902,0.281814,0.404709,3.6288,61.308,0.0753897,0,0,4.77626,0.211828,4.48904,0.66528,12.849,1,0.365641,0.404709,0,140.797,3.79362,137.043,0.84672,12.849,0.84672,3695.15,0,18.483,0.0113642,5.24489,1.3221,11.2941,1.12981,16.7199,0.42336,9.2415,0.21168,9.2415,0.21168,442.007,0,1.02816,0,0,6.27305,5.24489,1.028160,1,0,158.252,0,0,0,158.252,0
72.29,1.90979,0,0,7.54033,0.287347,5.34319,3.6288,61.308,0.0756419,0,0,2.06258,0.205627,1.78131,0.66528,12.849,1,0.339451,5.34319,0,73.5843,3.57924,75.0088,0.84672,12.849,0.84672,3695.15,0,18.483,0.0114022,2.77868,1.32244,6.59011,1.10303,9.57679,0.42336,9.2415,0.21168,9.2415,0.21168,442.007,0,1.02816,0,0,3.80684,2.77868,1.028160,1,0,86.3669,0,0,0,86.3669,0
72.29,1.9758,0,0,2.93832,0.286255,0.676258,3.6288,61.308,0.107234,0,0,0.836248,0.211327,0.517687,0.66528,12.849,1,0.351184,0.676258,0,48.083,4.54554,43.8625,0.84672,12.849,0.84672,3695.15,0,18.483,0.0161643,0.657314,1.32278,4.15642,1.24493,4.87542,0.42336,9.2415,0.21168,9.2415,0.21168,442.007,0,1.02816,0,0,1.68547,0.657314,1.028160,1,0,49.2556,0,0,0,49.2556,0
72.29,1.97635,0,0,5.03069,0.285818,2.76853,3.6288,61.308,0.107485,0,0,0.889324,0.213607,0.568231,0.66528,12.849,1,0.351281,2.76853,0,59.1553,4.93206,56.6405,0.84672,12.849,0.84672,3695.15,0,18.483,0.0162022,0.647162,1.36544,12.481,1.3017,13.1757,0.42336,9.2415,0.21168,9.2415,0.21168,442.007,0,1.02816,0,0,1.67532,0.647162,1.028160,1,0,70.3845,0,0,0,70.3845,0
72.29,1.97689,0,0,13.6392,0.285818,11.3765,3.6288,61.308,0.107738,0,0,1.73259,0.213607,1.41124,0.66528,12.849,1,0.351377,11.3765,0,212.685,4.93206,218.778,0.84672,12.849,0.84672,3695.15,0,18.483,0.0162402,2.55168,1.36578,10.8169,1.3017,13.4164,0.42336,9.2415,0.21168,9.2415,0.21168,442.007,0,1.02816,0,0,3.57984,2.55168,1.028160,1,0,233.606,0,0,0,233.606,0
72.29,1.97743,0,0,6.3872,0.295792,4.11397,3.6288,61.308,0.10799,0,0,1.31579,0.201326,1.00647,0.66528,12.849,1,0.351474,4.11397,0,124.082,4.26069,123.583,0.84672,12.849,0.84672,3695.15,0,18.483,0.0162782,1.49057,1.36613,6.13246,1.12096,7.85193,0.42336,9.2415,0.21168,9.2415,0.21168,442.007,0,1.02816,0,0,2.51873,1.49057,1.028160,1,0,132.442,0,0,0,132.442,0
72.29,2.18843,0,0,5.08245,0.304948,2.58906,3.6288,61.308,0.226023,0,0,1.26558,0.199361,0.840194,0.66528,12.849,1,0.388978,2.58906,0,96.7127,4.32294,94.5899,0.84672,12.849,0.84672,3695.15,0,18.483,0.0340704,1.26434,1.36647,6.92874,1.1262,8.39929,0.42336,9.2415,0.21168,9.2415,0.21168,442.007,0,1.02816,0,0,2.2925,1.26434,1.028160,1,0,103.829,0,0,0,103.829,0
72.29,2.18903,0,0,7.51404,0.32784,4.99717,3.6288,61.308,0.226305,0,0,2.31891,0.194449,1.89815,0.66528,12.849,1,0.389084,4.99717,0,133.448,4.47856,133.578,0.84672,12.849,0.84672,3695.15,0,18.483,0.0341129,2.94718,1.51798,12.3355,1.1393,15.6273,0.42336,9.2415,0.21168,9.2415,0.21168,442.007,0,1.02816,0,0,3.97534,2.94718,1.028160,1,0,151.103,0,0,0,151.103,0
72.29,2.18963,0,0,6.22992,0.32784,3.71245,3.6288,61.308,0.226587,0,0,1.92586,0.194449,1.50482,0.66528,12.849,1,0.38919,3.71245,0,134.64,4.47856,133.484,0.84672,12.849,0.84672,3695.15,0,18.483,0.0341554,2.18278,1.51836,10.3437,1.1393,12.8714,0.42336,9.2415,0.21168,9.2415,0.21168,442.007,0,1.02816,0,0,3.21094,2.18278,1.028160,1,0,147.861,0,0,0,147.861,0
72.29,2.19022,0,0,5.35344,0.324654,2.83856,3.6288,61.308,0.226869,0,0,1.77027,0.173058,1.37034,0.66528,12.849,1,0.389296,2.83856,0,102.683,3.71428,101.418,0.84672,12.849,0.84672,3695.15,0,18.483,0.0341979,1.90344,1.51874,9.37034,0.999381,11.7589,0.42336,9.2415,0.21168,9.2415,0.21168,442.007,0,1.02816,0,0,2.9316,1.90344,1.028160,1,0,114.547,0,0,0,114.547,0
72.29,1.89034,0,0,5.19103,0.319613,2.98108,3.6288,61.308,0.0689281,0,0,1.60307,0.163773,1.37037,0.66528,12.849,1,0.335993,2.98108,0,102.831,2.92784,102.548,0.84672,12.849,0.84672,3695.15,0,18.483,0.0103901,1.99865,1.51913,9.95803,0.879374,12.586,0.42336,9.2415,0.21168,9.2415,0.21168,442.007,0,1.02816,0,0,3.02681,1.99865,1.028160,1,0,116.504,0,0,0,116.504,0
72.29,1.89086,0,0,5.28879,0.326724,3.0712,3.6288,61.308,0.0691704,0,0,1.01185,0.1925,0.750178,0.66528,12.849,1,0.336086,3.0712,0,120.555,3.05067,120.239,0.84672,12.849,0.84672,3695.15,0,18.483,0.0104267,1.96716,1.31252,8.51507,0.902267,10.882,0.42336,9.2415,0.21168,9.2415,0.21168,442.007,0,1.02816,0,0,2.99532,1.96716,1.028160,1,0,131.871,0,0,0,131.871,0
72.29,1.89138,0,0,6.04765,0.326724,3.82955,3.6288,61.308,0.0694127,0,0,1.4781,0.1925,1.21618,0.66528,12.849,1,0.336178,3.82955,0,142.782,3.05067,143.225,0.84672,12.849,0.84672,3695.15,0,18.483,0.0104632,2.10618,1.31285,13.4052,0.902267,15.9115,0.42336,9.2415,0.21168,9.2415,0.21168,442.007,0,1.02816,0,0,3.13434,2.10618,1.028160,1,0,160.352,0,0,0,160.352,0
72.29,1.8919,0,0,5.32958,0.301702,3.13597,3.6288,61.308,0.0696552,0,0,1.10565,0.227826,0.808171,0.66528,12.849,1,0.336271,3.13597,0,85.5118,4.06128,84.2502,0.84672,12.849,0.84672,3695.15,0,18.483,0.0104998,1.64363,1.31318,9.07986,1.04673,10.9794,0.42336,9.2415,0.21168,9.2415,0.21168,442.007,0,1.02816,0,0,2.67179,1.64363,1.028160,1,0,96.0379,0,0,0,96.0379,0
72.29,1.89242,0,0,4.64489,0.297532,2.45494,3.6288,61.308,0.0698976,0,0,0.870212,0.233714,0.566601,0.66528,12.849,1,0.336364,2.45494,0,96.2228,4.22971,94.1117,0.84672,12.849,0.84672,3695.15,0,18.483,0.0105363,1.36414,1.31351,6.64953,1.0708,8.24584,0.42336,9.2415,0.21168,9.2415,0.21168,442.007,0,1.02816,0,0,2.3923,1.36414,1.028160,1,0,102.924,0,0,0,102.924,0
72.29,1.96868,0,0,4.82618,0.305324,2.55218,3.6288,61.308,0.108896,0,0,1.27336,0.201886,0.962582,0.66528,12.849,1,0.349917,2.55218,0,92.4299,3.57028,91.0618,0.84672,12.849,0.84672,3695.15,0,18.483,0.0164149,2.24225,1.31384,9.48067,1.01642,12.0039,0.42336,9.2415,0.21168,9.2415,0.21168,442.007,0,1.02816,0,0,3.27041,2.24225,1.028160,1,0,104.028,0,0,0,104.028,0
72.29,1.96922,0,0,6.08273,0.30407,3.80945,3.6288,61.308,0.109149,0,0,2.13527,0.177712,1.84841,0.66528,12.849,1,0.350013,3.80945,0,83.1531,3.43308,83.1794,0.84672,12.849,0.84672,3695.15,0,18.483,0.0164529,2.60835,1.36534,9.16298,0.933621,12.1866,0.42336,9.2415,0.21168,9.2415,0.21168,442.007,0,1.02816,0,0,3.63651,2.60835,1.028160,1,0,97.2145,0,0,0,97.2145,0
72.29,1.96976,0,0,5.41145,0.30407,3.13762,3.6288,61.308,0.109401,0,0,2.91447,0.177712,2.62736,0.66528,12.849,1,0.35011,3.13762,0,92.6752,3.43308,92.0297,0.84672,12.849,0.84672,3695.15,0,18.483,0.016491,3.90933,1.36569,12.851,0.933621,17.176,0.42336,9.2415,0.21168,9.2415,0.21168,442.007,0,1.02816,0,0,4.93749,3.90933,1.028160,1,0,111.833,0,0,0,111.833,0
72.29,1.9703,0,0,4.25047,0.30407,1.9761,3.6288,61.308,0.109653,0,0,2.42715,0.177712,2.13978,0.66528,12.849,1,0.350206,1.9761,0,108.379,3.43308,106.572,0.84672,12.849,0.84672,3695.15,0,18.483,0.016529,4.05901,1.36603,9.48041,0.933621,13.9553,0.42336,9.2415,0.21168,9.2415,0.21168,442.007,0,1.02816,0,0,5.08717,4.05901,1.028160,1,0,122.667,0,0,0,122.667,0
72.29,1.9412,0,0,3.74448,0.259709,1.54357,3.6288,61.308,0.0948384,0,0,1.50149,0.153373,1.25327,0.66528,12.849,1,0.345034,1.54357,0,76.5582,3.03681,74.7199,0.84672,12.849,0.84672,3695.15,0,18.483,0.0142958,2.18157,1.36638,6.28271,0.898991,8.91736,0.42336,9.2415,0.21168,9.2415,0.21168,442.007,0,1.02816,0,0,3.20973,2.18157,1.028160,1,0,84.8905,0,0,0,84.8905,0
72.29,1.94173,0,0,3.19313,0.271323,0.980071,3.6288,61.308,0.0950872,0,0,1.21681,0.18021,0.941509,0.66528,12.849,1,0.345128,0.980071,0,56.4913,3.7336,53.3927,0.84672,12.849,0.84672,3695.15,0,18.483,0.0143333,1.01868,1.34678,4.55771,1.00297,5.90587,0.42336,9.2415,0.21168,9.2415,0.21168,442.007,0,1.02816,0,0,2.04684,1.01868,1.028160,1,0,60.2401,0,0,0,60.2401,0
72.29,1.94227,0,0,2.87207,0.229051,0.700747,3.6288,61.308,0.0953361,0,0,1.00924,0.213345,0.700557,0.66528,12.849,1,0.345223,0.700747,0,50.6771,4.05967,46.973,0.84672,12.849,0.84672,3695.15,0,18.483,0.0143709,0.872441,1.34712,4.1746,1.02646,5.35333,0.42336,9.2415,0.21168,9.2415,0.21168,442.007,0,1.02816,0,0,1.9006,0.872441,1.028160,1,0,53.0269,0,0,0,53.0269,0
72.29,1.9428,0,0,2.76776,0.186916,0.638045,3.6288,61.308,0.095585,0,0,1.05574,0.232964,0.72719,0.66528,12.849,1,0.345318,0.638045,0,48.5339,4.23266,44.594,0.84672,12.849,0.84672,3695.15,0,18.483,0.0144084,0.952093,1.34746,4.43283,1.03679,5.68119,0.42336,9.2415,0.21168,9.2415,0.21168,442.007,0,1.02816,0,0,1.98025,0.952093,1.028160,1,0,51.0024,0,0,0,51.0024,0
72.284,2.04405,0,0,2.58726,0.186375,0.36288,3.6288,61.308,0.149321,0,0,0.985262,0.232298,0.603643,0.66528,12.849,1,0.363314,0.36288,0,45.096,4.30044,40.7952,0.84672,12.849,0.84672,3695.15,0,18.483,0.0225086,0.822347,1.3478,4.28837,1.03905,5.39695,0.42336,9.2415,0.21168,9.2415,0.21168,442.007,0,1.02816,0,0,1.85051,0.822347,1.028160,1,0,46.7958,0,0,0,46.7958,0
72.29,2.04458,0,0,2.66702,0.183121,0.433271,3.6288,61.308,0.149584,0,0,0.918899,0.228304,0.54101,0.66528,12.849,1,0.363439,0.433271,0,45.6913,4.70715,41.0539,0.84672,12.849,0.84672,3695.15,0,18.483,0.0225481,0.567579,1.41792,3.39422,1.05265,4.30451,0.42336,9.2415,0.21168,9.2415,0.21168,442.007,0,1.02816,0,0,1.59574,0.567579,1.028160,1,0,45.8995,0,0,0,45.8995,0
72.0723,2.04517,0,0,2.37352,0.183129,0.36288,3.6288,61.308,0.149847,0,0,0.843083,0.228304,0.464932,0.66528,12.849,1,0.363513,0.36288,0,41.2039,4.70715,36.4961,0.84672,12.849,0.84672,3695.15,0,18.483,0.0225877,0.426419,1.41828,3.27088,1.05265,4.04033,0.42336,9.2415,0.21168,9.2415,0.21168,442.007,0,1.02816,0,0,1.45458,0.426419,1.028160,1,0,41.0014,0,0,0,41.0014,0
71.7739,2.0448,0,0,2.24174,0.132523,0.36288,3.6288,61.308,0.150109,0,0,0.809689,0.261356,0.398224,0.66528,12.849,1,0.364545,0.36288,0,36.7253,5.082,31.6416,0.84672,12.849,0.84672,3695.15,0,18.483,0.0226273,0.371563,1.41863,3.1152,1.14843,3.73435,0.42336,9.2415,0.21168,9.2415,0.21168,442.007,0,1.02816,0,0,1.39972,0.371563,1.028160,1,0,35.7742,0,0,0,35.7742,0
71.343,2.04407,0,0,2.10831,0.132222,0.36288,3.6288,61.308,0.177664,0,0,0.771647,0.261356,0.332627,0.66528,12.849,1,0.365931,0.36288,0,36.1946,5.082,31.1096,0.84672,12.849,0.84672,3695.15,0,18.483,0.0267809,0.30119,1.41899,3.20804,1.14843,3.75301,0.42336,9.2415,0.21168,9.2415,0.21168,442.007,0,0.996754,0,0,1.29794,0.30119,1.028160,1,0,35.1952,0,0,0,35.1952,0
71.2683,2.02285,0,0,2.42649,0.115442,0.36288,3.6288,61.308,0.180069,0,0,0.765798,0.300291,0.285437,0.66528,12.849,1,0.36432,0.36288,0,24.5243,5.28315,19.2397,0.84672,12.849,0.84672,3695.15,0,18.483,0.0271434,0.48613,1.41935,3.08955,1.29573,3.67216,0.42336,9.2415,0.21168,9.2415,0.21168,442.007,0,1.02816,0,0,1.51429,0.48613,1.028160,1,0,23.1973,0,0,0,23.1973,0
71.0008,2.02309,0,0,2.23111,0.112653,0.36288,3.6288,61.308,0.18034,0,0,0.692721,0.30678,0.205601,0.66528,12.849,1,0.364743,0.36288,0,29.7337,5.31667,24.4152,0.84672,12.849,0.84672,3695.15,0,18.483,0.0271842,0.497051,1.44147,3.40102,1.32028,3.99208,0.42336,9.2415,0.21168,9.2415,0.21168,442.007,0,1.02816,0,0,1.52521,0.497051,1.028160,1,0,28.6128,0,0,0,28.6128,0
70.4896,2.02248,0,0,1.98653,0.112422,0.36288,3.6288,61.308,0.18061,0,0,0.624923,0.30678,0.137533,0.66528,12.849,1,0.366007,0.36288,0,30.4813,5.31667,25.1615,0.84672,12.849,0.84672,3695.15,0,18.483,0.0272249,0.397907,1.44184,3.39604,1.32028,3.88828,0.42336,9.2415,0.21168,9.2415,0.21168,442.007,0,1.02816,0,0,1.42607,0.397907,1.028160,1,0,29.1873,0,0,0,29.1873,0
69.8528,2.02078,0,0,1.85882,0.111982,0.36288,3.6288,61.308,0.18088,0,0,0.596678,0.30678,0.109018,0.66528,12.849,1,0.368353,0.36288,0,28.4526,5.31667,23.1305,0.84672,12.849,0.84672,3695.15,0,18.483,0.0272657,0.365541,1.4422,3.23993,1.32028,3.70013,0.42336,9.2415,0.21168,9.2415,0.21168,442.007,0,1.02816,0,0,1.3937,0.365541,1.028160,1,0,26.9396,0,0,0,26.9396,0
68.8957,2.06978,0,0,1.56792,0.0923583,0.36288,3.6288,61.0785,0.391766,0,0,0.483837,0.321572,0,0.66528,12.849,1,0.380724,0.36288,0,23.0108,5.51616,17.4768,0.84672,12.849,0.84672,3695.15,0,18.483,0.0590544,0.261274,1.44256,2.71447,1.39768,2.96157,0.42336,9.2415,0.21168,9.2415,0.21168,442.007,0,0.816013,0,0,1.07729,0.261274,1.028160,1,0,20.4384,0,0,0,20.4384,0
67.8709,2.06589,0,0,1.48134,0.0773055,0.36288,3.6288,60.7358,0.518737,0,0,0.498683,0.32269,0,0.66528,12.849,1,0.385287,0.36288,0,23.0283,5.52877,17.4771,0.84672,12.849,0.84672,3695.15,0,18.483,0.0784877,0.261274,1.47765,2.52062,1.41513,2.76592,0.42336,9.2415,0.21168,9.2415,0.21168,442.007,0,0.669928,0,0,0.931202,0.261274,1.028160,1,0,20.243,0,0,0,20.243,0
66.7334,2.06156,0,0,1.36364,0.0766886,0.36288,3.6288,60.3963,0.440235,0,0,0.42277,0.32199,0,0.66528,12.849,1,0.390285,0.36288,0,18.9152,5.52877,13.359,0.84672,12.849,0.84672,3695.15,0,18.483,0.0669858,0.227405,1.47802,2.43721,1.41513,2.66052,0.42336,9.2415,0.21168,9.2415,0.21168,442.007,0,0.760251,0,0,0.987656,0.227405,1.028160,1,0,16.0196,0,0,0,16.0196,0
65.4866,2.05654,0,0,1.24864,0.0760037,0.36288,3.6288,59.902,0.564531,0,0,0.391573,0.321296,0,0.66528,12.849,1,0.395972,0.36288,0,17.9788,5.52877,12.4169,0.84672,12.849,0.84672,3695.15,0,18.483,0.0863814,0.227405,1.47839,2.14228,1.41513,2.34657,0.42336,9.2415,0.21168,9.2415,0.21168,442.007,0,0.616879,0,0,0.844284,0.227405,1.028160,1,0,14.7635,0,0,0,14.7635,0
64.1775,2.19959,0,0,1.31926,0.0659573,0.36288,3.6288,59.5137,0.512486,0,0,0.449523,0.325421,0,0.66528,12.849,1,0.431576,0.36288,0,17.6329,5.67833,11.8859,0.84672,12.849,0.84672,3695.15,0,18.483,0.0790647,0.227405,1.47877,2.83395,1.44501,3.01604,0.42336,9.2415,0.21168,9.2415,0.21168,442.007,0,0.785739,0,0,1.01314,0.227405,1.028160,1,0,14.902,0,0,0,14.902,0
62.3639,2.19285,0,0,0.803347,0.0611888,0.36288,3.6288,58.7956,0.74109,0,0,0.327269,0.304195,0,0.66528,12.849,1,0.439031,0.36288,0,12.9385,5.41517,7.44717,0.84672,12.849,0.84672,3695.15,0,18.483,0.115079,0.227405,1.59684,1.96896,1.50444,2.17369,0.42336,9.2415,0.21168,9.2415,0.21168,442.007,0,0.521467,0,0,0.748872,0.227405,1.028160,1,0,9.62086,0,0,0,9.62086,0
60.4781,2.18285,0,0,0.720256,0.0602916,0.36288,3.6288,58.0272,0.762343,0,0,0.296664,0.302799,0,0.66528,12.849,1,0.449739,0.36288,0,11.5503,5.41517,6.04827,0.84672,12.849,0.84672,3695.15,0,18.483,0.119825,0.204422,1.59724,1.92004,1.50444,2.09744,0.42336,9.2415,0.21168,9.2415,0.21168,442.007,0,0.495815,0,0,0.700237,0.204422,1.028160,1,0,8.14572,0,0,0,8.14572,0
58.7461,2.17188,0,0,0.862073,0.0593587,0.36288,3.6288,57.3353,0.709295,0,0,0.318697,0.301304,0,0.66528,12.849,1,0.461431,0.36288,0,11.9539,5.41517,6.44016,0.84672,12.849,0.84672,3695.15,0,18.483,0.112964,0.204422,1.59765,2.10604,1.50444,2.29071,0.42336,9.2415,0.21168,9.2415,0.21168,442.007,0,0.55607,0,0,0.760493,0.204422,1.028160,1,0,8.73086,0,0,0,8.73086,0
57.6148,2.1613,0,0,1.47405,0.081185,0.36288,3.6288,56.8494,0.600493,0,0,0.409336,0.294729,0,0.66528,12.849,1,0.472722,0.36288,0,19.866,5.26674,14.4894,0.84672,12.849,0.84672,3695.15,0,18.483,0.0967896,0.204422,1.59805,2.33123,1.48624,2.55067,0.42336,9.2415,0.21168,9.2415,0.21168,442.007,0,0.681394,0,0,0.885816,0.204422,1.028160,1,0,17.04,0,0,0,17.04,0
56.7087,2.08329,0,0,1.64417,0.104044,0.36288,3.6288,56.5515,0.473118,0,0,0.426594,0.251319,0,0.66528,12.849,1,0.464606,0.36288,0,18.8765,4.97512,13.7996,0.84672,12.849,0.84672,3695.15,0,18.483,0.0769106,0.204422,1.59845,2.85163,1.27766,3.29994,0.42336,9.2415,0.21168,9.2415,0.21168,442.007,0,0.762644,0,0,0.967067,0.204422,1.028160,1,0,17.0996,0,0,0,17.0996,0
55.35,2.0778,0,0,1.19692,0.115012,0.36288,3.6288,56.6099,0.244833,0,0,0.540437,0.237242,0,0.66528,12.849,1,0.470786,0.36288,0,16.0605,4.7753,11.1773,0.84672,12.849,0.84672,3695.15,0,18.483,0.0400099,0.587753,1.53131,3.35592,1.19858,4.2364,0.42336,9.2415,0.21168,9.2415,0.21168,442.007,0,1.02816,0,0,1.61591,0.587753,1.028160,1,0,15.4137,0,0,0,15.4137,0
53.8433,2.06899,0,0,1.03867,0.113469,0.36288,3.6288,56.1657,0.505924,0,0,0.299057,0.237333,0,0.66528,12.849,1,0.480297,0.36288,0,16.4909,4.7753,11.5982,0.84672,12.849,0.84672,3695.15,0,18.483,0.0825914,0.216518,1.5317,2.48925,1.19858,2.9563,0.42336,9.2415,0.21168,9.2415,0.21168,442.007,0,0.724818,0,0,0.941337,0.216518,1.028160,1,0,14.5545,0,0,0,14.5545,0
52.3203,2.0587,0,0,1.01037,0.111758,0.36288,3.6288,55.6309,0.574816,0,0,0.276661,0.236646,0,0.66528,12.849,1,0.491281,0.36288,0,15.0641,4.7753,10.1604,0.84672,12.849,0.84672,3695.15,0,18.483,0.0945802,0.216518,1.53209,2.44593,1.19858,2.90137,0.42336,9.2415,0.21168,9.2415,0.21168,442.007,0,0.644268,0,0,0.860786,0.216518,1.028160,1,0,13.0618,0,0,0,13.0618,0
51.4039,1.99048,0,0,1.64142,0.2045,0.36288,3.6288,55.8595,0.193271,0,0,0.576719,0.15483,0,0.66528,12.849,1,0.48883,0.36288,0,29.69,3.6647,25.8993,0.84672,12.849,0.84672,3695.15,0,18.483,0.0321065,0.441253,1.53247,4.70653,0.849875,5.79827,0.42336,9.2415,0.21168,9.2415,0.21168,442.007,0,1.02816,0,0,1.46941,0.441253,1.028160,1,0,31.6976,0,0,0,31.6976,0
50.7413,1.98405,0,0,1.87638,0.192059,0.36288,3.6288,56.3043,0.193655,0,0,0.852552,0.214131,0,0.66528,12.849,1,0.495937,0.36288,0,27.5547,4.59534,22.8263,0.84672,12.849,0.84672,3695.15,0,18.483,0.0320386,1.38762,1.47278,5.61278,1.11781,7.32333,0.42336,9.2415,0.21168,9.2415,0.21168,442.007,0,1.02816,0,0,2.41578,1.38762,1.028160,1,0,30.1496,0,0,0,30.1496,0
51.4751,1.97943,0,0,3.32149,0.245401,0.36288,3.6288,57.4357,0.194143,0,0,1.5479,0.222327,0,0.66528,12.849,1,0.501242,0.36288,0,40.0575,4.6935,35.2257,0.84672,12.849,0.84672,3695.15,0,18.483,0.0318656,2.05063,1.47315,5.89799,1.12313,8.26677,0.42336,9.2415,0.21168,9.2415,0.21168,442.007,0,1.02816,0,0,3.07879,2.05063,1.028160,1,0,43.4925,0,0,0,43.4925,0
53.3215,1.98569,0,0,4.4423,0.24729,0.36288,3.6288,58.8347,0.194956,0,0,1.81793,0.22397,0,0.66528,12.849,1,0.495659,0.36288,0,90.6833,4.6935,85.857,0.84672,12.849,0.84672,3695.15,0,18.483,0.0313687,3.48087,1.47352,11.9981,1.12313,15.798,0.42336,9.2415,0.21168,9.2415,0.21168,442.007,0,1.02816,0,0,4.50903,3.48087,1.028160,1,0,101.655,0,0,0,101.655,0
54.719,1.83659,0,0,3.8194,0.222428,0.36288,3.6288,59.9262,0.0869429,0,0,1.40407,0.225629,0,0.66528,12.849,1,0.442567,0.36288,0,77.2252,4.61475,72.5307,0.84672,12.849,0.84672,3695.15,0,18.483,0.0136566,3.65887,1.47389,10.9394,1.08966,14.9689,0.42336,9.2415,0.21168,9.2415,0.21168,442.007,0,1.02816,0,0,4.68703,3.65887,1.028160,1,0,87.4996,0,0,0,87.4996,0
55.1698,1.84625,0,0,2.92632,0.266367,0.36288,3.6288,61.308,0.0874045,0,0,2.05524,0.199907,0.386135,0.66528,12.849,1,0.433533,0.36288,0,38.2336,4.66431,33.4987,0.84672,12.849,0.84672,3695.15,0,18.483,0.0134791,1.00266,1.33886,5.74837,1.18383,6.89259,0.42336,9.2415,0.21168,9.2415,0.21168,442.007,0,1.02816,0,0,2.03082,1.00266,1.028160,1,0,40.7774,0,0,0,40.7774,0
56.5149,1.84963,0,0,3.82512,0.267577,0.36288,3.6288,61.308,0.0879154,0,0,2.69176,0.201669,2.40217,0.66528,12.849,1,0.430778,0.36288,0,76.8564,4.66431,72.1242,0.84672,12.849,0.84672,3695.15,0,18.483,0.0132523,1.61718,1.3392,9.29042,1.18383,11.0497,0.42336,9.2415,0.21168,9.2415,0.21168,442.007,0,1.02816,0,0,2.64534,1.61718,1.028160,1,0,85.5761,0,0,0,85.5761,0
60.3148,1.8585,0,0,6.29098,0.269629,0.36288,3.6288,61.308,0.0881624,0,0,3.36566,0.208686,3.06881,0.66528,12.849,1,0.422541,0.36288,0,133.119,4.6902,128.369,0.84672,12.849,0.84672,3695.15,0,18.483,0.0132895,2.57041,1.33954,13.0467,1.20381,15.7396,0.42336,9.2415,0.21168,9.2415,0.21168,442.007,0,1.02816,0,0,3.59857,2.57041,1.028160,1,0,147.178,0,0,0,147.178,0
70.7146,1.88096,0,0,12.9203,0.276702,0.36288,3.6288,61.308,0.0884094,0,0,6.65838,0.215412,6.35456,0.66528,12.849,1,0.400705,0.36288,0,192.667,4.45506,188.174,0.84672,12.849,0.84672,3695.15,0,18.483,0.0133267,9.21992,1.33987,28.0536,1.25216,37.3479,0.42336,9.2415,0.21168,9.2415,0.21168,442.007,0,1.02816,0,0,10.2481,9.21992,1.028160,1,0,231.876,0,0,0,231.876,0
72.29,1.99747,0,0,10.1578,0.313503,6.27145,3.6288,61.308,0.120408,0,0,6.93833,0.198535,6.61938,0.66528,12.849,1,0.362944,6.27145,0,178.553,4.08711,180.375,0.84672,12.849,0.84672,3695.15,0,18.483,0.0181502,3.63466,1.34021,18.6049,1.17022,22.3914,0.42336,9.2415,0.21168,9.2415,0.21168,442.007,0,1.02816,0,0,4.66282,3.63466,1.028160,1,0,209.386,0,0,0,209.386,0
72.29,2.00471,0,0,6.82265,0.284857,4.53308,3.6288,61.308,0.120655,0,0,2.59476,0.22073,2.25337,0.66528,12.849,1,0.356323,4.53308,0,138.037,3.70965,138.504,0.84672,12.849,0.84672,3695.15,0,18.483,0.0181873,2.92436,1.38342,12.2316,0.961529,15.5596,0.42336,9.2415,0.21168,9.2415,0.21168,442.007,0,1.02816,0,0,3.95252,2.92436,1.028160,1,0,156.317,0,0,0,156.317,0
72.29,2.00524,0,0,5.03039,0.313003,2.71214,3.6288,61.308,0.120901,0,0,2.05032,0.256125,1.6733,0.66528,12.849,1,0.356417,2.71214,0,108.194,4.3731,106.177,0.84672,12.849,0.84672,3695.15,0,18.483,0.0182245,2.56015,1.38375,10.2766,1.1481,13.0542,0.42336,9.2415,0.21168,9.2415,0.21168,442.007,0,1.02816,0,0,3.58831,2.56015,1.028160,1,0,120.904,0,0,0,120.904,0
72.29,2.00577,0,0,5.42089,0.318551,3.09657,3.6288,61.308,0.121147,0,0,2.1728,0.261458,1.79019,0.66528,12.849,1,0.356511,3.09657,0,112.353,4.48739,110.605,0.84672,12.849,0.84672,3695.15,0,18.483,0.0182616,2.76674,1.38409,10.6975,1.18375,13.6464,0.42336,9.2415,0.21168,9.2415,0.21168,442.007,0,1.02816,0,0,3.7949,2.76674,1.028160,1,0,126.042,0,0,0,126.042,0
72.29,2.21953,0,0,5.33031,0.322432,2.78835,3.6288,61.308,0.240721,0,0,2.21123,0.261148,1.70936,0.66528,12.849,1,0.394504,2.78835,0,111.452,4.46842,109.377,0.84672,12.849,0.84672,3695.15,0,18.483,0.036286,2.5676,1.38442,11.0141,1.18293,13.7469,0.42336,9.2415,0.21168,9.2415,0.21168,442.007,0,1.02816,0,0,3.59576,2.5676,1.028160,1,0,124.833,0,0,0,124.833,0
72.29,2.22011,0,0,4.4761,0.345713,1.91028,3.6288,61.308,0.240997,0,0,2.31972,0.259289,1.81943,0.66528,12.849,1,0.394608,1.91028,0,89.0862,4.35466,86.2472,0.84672,12.849,0.84672,3695.15,0,18.483,0.0363276,1.58909,1.53791,6.77574,1.17802,8.68839,0.42336,9.2415,0.21168,9.2415,0.21168,442.007,0,1.02816,0,0,2.61725,1.58909,1.028160,1,0,96.755,0,0,0,96.755,0
72.29,2.22069,0,0,5.15607,0.345713,2.58966,3.6288,61.308,0.241272,0,0,2.54833,0.259289,2.04777,0.66528,12.849,1,0.394711,2.58966,0,92.346,4.35466,90.1863,0.84672,12.849,0.84672,3695.15,0,18.483,0.0363691,1.96627,1.53828,9.59507,1.17802,11.8852,0.42336,9.2415,0.21168,9.2415,0.21168,442.007,0,1.02816,0,0,2.99443,1.96627,1.028160,1,0,104.119,0,0,0,104.119,0
72.29,2.22128,0,0,5.98812,0.364085,3.40276,3.6288,61.308,0.241548,0,0,2.82165,0.219811,2.36029,0.66528,12.849,1,0.394815,3.40276,0,117.788,3.67854,117.118,0.84672,12.849,0.84672,3695.15,0,18.483,0.0364107,2.00818,1.53866,11.5747,1.03943,14.0457,0.42336,9.2415,0.21168,9.2415,0.21168,442.007,0,1.02816,0,0,3.03634,2.00818,1.028160,1,0,133.524,0,0,0,133.524,0
72.29,1.91744,0,0,6.74794,0.366301,4.4642,3.6288,61.308,0.0815293,0,0,3.45678,0.205625,3.16962,0.66528,12.849,1,0.340811,4.4642,0,139.272,3.47268,139.923,0.84672,12.849,0.84672,3695.15,0,18.483,0.0122896,3.62274,1.53903,15.7457,0.97825,19.9169,0.42336,9.2415,0.21168,9.2415,0.21168,442.007,0,1.02816,0,0,4.6509,3.62274,1.028160,1,0,163.01,0,0,0,163.01,0
72.29,1.91795,0,0,12.7903,0.335502,10.5369,3.6288,61.308,0.0817661,0,0,3.59818,0.215252,3.30116,0.66528,12.849,1,0.340901,10.5369,0,218.333,3.86022,224.669,0.84672,12.849,0.84672,3695.15,0,18.483,0.0123253,5.81919,1.32971,21.5567,0.943783,27.7495,0.42336,9.2415,0.21168,9.2415,0.21168,442.007,0,1.02816,0,0,6.84735,5.81919,1.028160,1,0,255.719,0,0,0,255.719,0
72.29,1.91846,0,0,11.4264,0.335502,9.17244,3.6288,61.308,0.082003,0,0,3.07125,0.215252,2.774,0.66528,12.849,1,0.340992,9.17244,0,169.891,3.86022,174.862,0.84672,12.849,0.84672,3695.15,0,18.483,0.012361,3.97314,1.33003,18.3847,0.943783,22.7317,0.42336,9.2415,0.21168,9.2415,0.21168,442.007,0,1.02816,0,0,5.0013,3.97314,1.028160,1,0,200.368,0,0,0,200.368,0
72.29,1.91897,0,0,11.8543,0.335502,9.59978,3.6288,61.308,0.0822399,0,0,2.83529,0.215252,2.53779,0.66528,12.849,1,0.341082,9.59978,0,178.626,3.86022,184.024,0.84672,12.849,0.84672,3695.15,0,18.483,0.0123968,4.18164,1.33035,20.7622,0.943783,25.318,0.42336,9.2415,0.21168,9.2415,0.21168,442.007,0,1.02816,0,0,5.2098,4.18164,1.028160,1,0,211.88,0,0,0,211.88,0
72.29,1.91948,0,0,10.8993,0.267533,8.71226,3.6288,61.308,0.0824769,0,0,2.47594,0.179154,2.21431,0.66528,12.849,1,0.341173,8.71226,0,178.507,3.33705,183.541,0.84672,12.849,0.84672,3695.15,0,18.483,0.0124325,3.92068,1.33068,19.5047,0.86863,23.875,0.42336,9.2415,0.21168,9.2415,0.21168,442.007,0,1.02816,0,0,4.94884,3.92068,1.028160,1,0,209.63,0,0,0,209.63,0
72.29,1.99671,0,0,8.24075,0.32585,5.91819,3.6288,61.308,0.121976,0,0,2.83575,0.189435,2.52434,0.66528,12.849,1,0.3549,5.91819,0,130.682,3.73065,132.514,0.84672,12.849,0.84672,3695.15,0,18.483,0.0183865,2.83118,1.331,15.0513,0.939544,18.2556,0.42336,9.2415,0.21168,9.2415,0.21168,442.007,0,1.02816,0,0,3.85934,2.83118,1.028160,1,0,153.294,0,0,0,153.294,0
72.29,1.99724,0,0,6.84176,0.323332,4.52119,3.6288,61.308,0.122222,0,0,2.50764,0.190727,2.19469,0.66528,12.849,1,0.354994,4.52119,0,114.073,3.66345,114.576,0.84672,12.849,0.84672,3695.15,0,18.483,0.0184236,2.52257,1.38316,12.3485,0.938023,15.2977,0.42336,9.2415,0.21168,9.2415,0.21168,442.007,0,1.02816,0,0,3.55073,2.52257,1.028160,1,0,132.068,0,0,0,132.068,0
72.29,1.99777,0,0,9.61555,0.325073,7.29271,3.6288,61.308,0.122469,0,0,2.67903,0.182994,2.37357,0.66528,12.849,1,0.355088,7.29271,0,141.807,3.44542,145.3,0.84672,12.849,0.84672,3695.15,0,18.483,0.0184608,3.52925,1.3835,30.1194,0.894046,34.1196,0.42336,9.2415,0.21168,9.2415,0.21168,442.007,0,1.02816,0,0,4.55741,3.52925,1.028160,1,0,181.793,0,0,0,181.793,0
72.29,1.9983,0,0,7.02233,0.289807,4.73423,3.6288,61.308,0.122716,0,0,2.48357,0.185935,2.17492,0.66528,12.849,1,0.355182,4.73423,0,123.32,2.77433,124.924,0.84672,12.849,0.84672,3695.15,0,18.483,0.018498,3.02638,1.38383,17.4444,0.808402,21.0277,0.42336,9.2415,0.21168,9.2415,0.21168,442.007,0,1.02816,0,0,4.05454,3.02638,1.028160,1,0,148.127,0,0,0,148.127,0
72.29,1.9688,0,0,6.25922,0.241227,4.0492,3.6288,61.308,0.107699,0,0,2.3012,0.214608,1.9789,0.66528,12.849,1,0.349939,4.0492,0,91.0155,3.56757,91.1472,0.84672,12.849,0.84672,3695.15,0,18.483,0.0162344,2.15658,1.38417,11.8286,0.993372,14.3597,0.42336,9.2415,0.21168,9.2415,0.21168,442.007,0,1.02816,0,0,3.18474,2.15658,1.028160,1,0,107.486,0,0,0,107.486,0
72.29,1.96932,0,0,6.02872,0.200836,3.85856,3.6288,61.308,0.107942,0,0,2.57509,0.226526,2.24062,0.66528,12.849,1,0.350032,3.85856,0,102.556,4.28547,101.779,0.84672,12.849,0.84672,3695.15,0,18.483,0.0162711,1.84855,1.36431,10.8125,1.14495,12.8642,0.42336,9.2415,0.21168,9.2415,0.21168,442.007,0,1.02816,0,0,2.87671,1.84855,1.028160,1,0,116.884,0,0,0,116.884,0
72.29,1.96984,0,0,4.80844,0.200836,2.63776,3.6288,61.308,0.108185,0,0,1.92898,0.226526,1.59427,0.66528,12.849,1,0.350125,2.63776,0,83.6568,4.28547,81.659,0.84672,12.849,0.84672,3695.15,0,18.483,0.0163077,0.996244,1.36464,9.4468,1.14495,10.6464,0.42336,9.2415,0.21168,9.2415,0.21168,442.007,0,1.02816,0,0,2.0244,0.996244,1.028160,1,0,93.8997,0,0,0,93.8997,0
72.29,1.97036,0,0,4.88598,0.200836,2.71478,3.6288,61.308,0.108429,0,0,1.87434,0.226526,1.53938,0.66528,12.849,1,0.350217,2.71478,0,77.3574,4.28547,75.4365,0.84672,12.849,0.84672,3695.15,0,18.483,0.0163444,0.935721,1.36497,9.52456,1.14495,10.664,0.42336,9.2415,0.21168,9.2415,0.21168,442.007,0,1.02816,0,0,1.96388,0.935721,1.028160,1,0,87.6398,0,0,0,87.6398,0
72.29,2.07291,0,0,4.12359,0.130946,1.91974,3.6288,61.308,0.162853,0,0,1.64932,0.26099,1.22548,0.66528,12.849,1,0.368443,1.91974,0,71.1176,4.17432,68.4945,0.84672,12.849,0.84672,3695.15,0,18.483,0.0245483,1.27437,1.3653,8.02285,1.08354,9.55443,0.42336,9.2415,0.21168,9.2415,0.21168,442.007,0,1.02816,0,0,2.30253,1.27437,1.028160,1,0,79.2744,0,0,0,79.2744,0
72.29,2.07345,0,0,4.57955,0.112312,2.39378,3.6288,61.308,0.16311,0,0,1.9864,0.246129,1.57716,0.66528,12.849,1,0.368541,2.39378,0,64.5451,4.5297,62.0407,0.84672,12.849,0.84672,3695.15,0,18.483,0.024587,1.51739,1.43632,7.77972,1.03695,9.67189,0.42336,9.2415,0.21168,9.2415,0.21168,442.007,0,1.02816,0,0,2.54555,1.51739,1.028160,1,0,73.2897,0,0,0,73.2897,0
72.29,2.074,0,0,4.18641,0.112312,2.0001,3.6288,61.308,0.163367,0,0,2.00073,0.246129,1.59123,0.66528,12.849,1,0.368638,2.0001,0,61.4547,4.5297,58.5564,0.84672,12.849,0.84672,3695.15,0,18.483,0.0246257,1.07878,1.43667,7.53322,1.03695,8.98709,0.42336,9.2415,0.21168,9.2415,0.21168,442.007,0,1.02816,0,0,2.10694,1.07878,1.028160,1,0,69.1348,0,0,0,69.1348,0
72.29,2.07455,0,0,3.80621,0.112312,1.61936,3.6288,61.308,0.163623,0,0,1.73483,0.246129,1.32507,0.66528,12.849,1,0.368735,1.61936,0,58.0407,4.5297,54.7616,0.84672,12.849,0.84672,3695.15,0,18.483,0.0246644,0.575994,1.43702,6.93351,1.03695,7.88491,0.42336,9.2415,0.21168,9.2415,0.21168,442.007,0,1.02816,0,0,1.60415,0.575994,1.028160,1,0,63.9716,0,0,0,63.9716,0
72.29,2.07509,0,0,3.35345,0.112312,1.16605,3.6288,61.308,0.16388,0,0,1.6815,0.246129,1.27149,0.66528,12.849,1,0.368832,1.16605,0,49.2895,4.5297,45.557,0.84672,12.849,0.84672,3695.15,0,18.483,0.0247031,0.660563,1.43737,6.83355,1.03695,7.86983,0.42336,9.2415,0.21168,9.2415,0.21168,442.007,0,1.02816,0,0,1.68872,0.660563,1.028160,1,0,54.6983,0,0,0,54.6983,0
72.29,2.05544,0,0,4.1715,0.0939434,2.02212,3.6288,61.308,0.193952,0,0,1.56587,0.260276,1.11164,0.66528,12.849,1,0.365339,2.02212,0,53.4526,4.84207,50.2673,0.84672,12.849,0.84672,3695.15,0,18.483,0.0292361,1.31268,1.43772,7.69563,1.12909,9.2877,0.42336,9.2415,0.21168,9.2415,0.21168,442.007,0,1.02816,0,0,2.34084,1.31268,1.028160,1,0,60.6666,0,0,0,60.6666,0
72.29,2.05599,0,0,4.38837,0.0865961,2.24579,3.6288,61.308,0.194216,0,0,1.50383,0.265935,1.04368,0.66528,12.849,1,0.365436,2.24579,0,54.5716,4.96703,51.4849,0.84672,12.849,0.84672,3695.15,0,18.483,0.0292759,1.57997,1.46011,7.86361,1.16595,9.70847,0.42336,9.2415,0.21168,9.2415,0.21168,442.007,0,1.02816,0,0,2.60813,1.57997,1.028160,1,0,62.2371,0,0,0,62.2371,0
72.29,2.05653,0,0,4.14558,0.0618298,2.02722,3.6288,61.308,0.19448,0,0,1.43192,0.304996,0.932448,0.66528,12.849,1,0.365532,2.02722,0,51.4618,5.62585,47.4977,0.84672,12.849,0.84672,3695.15,0,18.483,0.0293157,1.57035,1.46047,7.64225,1.36829,9.27546,0.42336,9.2415,0.21168,9.2415,0.21168,442.007,0,1.02816,0,0,2.59851,1.57035,1.028160,1,0,57.7056,0,0,0,57.7056,0
72.29,2.05707,0,0,3.85068,0.0669001,1.7267,3.6288,61.308,0.194744,0,0,1.41915,0.293835,0.930567,0.66528,12.849,1,0.365629,1.7267,0,51.1095,5.75274,46.7178,0.84672,12.849,0.84672,3695.15,0,18.483,0.0293556,1.59113,1.46082,7.46747,1.35965,9.13041,0.42336,9.2415,0.21168,9.2415,0.21168,442.007,0,1.02816,0,0,2.61929,1.59113,1.028160,1,0,56.7788,0,0,0,56.7788,0
72.29,2.10983,0,0,3.57852,0.0614092,1.40728,3.6288,61.308,0.221606,0,0,1.29369,0.300482,0.771604,0.66528,12.849,1,0.375006,1.40728,0,42.6648,5.84061,37.8565,0.84672,12.849,0.84672,3695.15,0,18.483,0.0334047,1.11469,1.46118,6.26859,1.38645,7.4246,0.42336,9.2415,0.21168,9.2415,0.21168,442.007,0,1.02816,0,0,2.14285,1.11469,1.028160,1,0,46.0527,0,0,0,46.0527,0
72.29,2.11039,0,0,3.26293,0.0476821,1.10486,3.6288,61.308,0.221877,0,0,0.968941,0.317101,0.429963,0.66528,12.849,1,0.375105,1.10486,0,46.0764,6.06028,40.7459,0.84672,12.849,0.84672,3695.15,0,18.483,0.0334455,0.464711,1.49671,5.22736,1.45344,5.70189,0.42336,9.2415,0.21168,9.2415,0.21168,442.007,0,1.02816,0,0,1.49287,0.464711,1.028160,1,0,46.8777,0,0,0,46.8777,0
72.29,2.11094,0,0,3.04315,0.0476821,0.884522,3.6288,61.308,0.222148,0,0,0.85822,0.317101,0.318971,0.66528,12.849,1,0.375204,0.884522,0,36.4507,6.06028,30.8997,0.84672,12.849,0.84672,3695.15,0,18.483,0.0334864,0.445461,1.49707,4.77136,1.45344,5.22696,0.42336,9.2415,0.21168,9.2415,0.21168,442.007,0,1.02816,0,0,1.47362,0.445461,1.028160,1,0,36.4457,0,0,0,36.4457,0
72.29,2.1115,0,0,2.76806,0.0476821,0.608877,3.6288,61.308,0.233328,0,0,0.806129,0.317101,0.2557,0.66528,12.849,1,0.375303,0.608877,0,33.5175,6.06028,27.6908,0.84672,12.849,0.84672,3695.15,0,18.483,0.0351717,0.227405,1.49743,4.36682,1.45344,4.60304,0.42336,9.2415,0.21168,9.2415,0.21168,442.007,0,1.01561,0,0,1.24301,0.227405,1.028160,1,0,32.5495,0,0,0,32.5495,0
72.29,2.26511,0,0,3.13174,0.0376493,0.828978,3.6288,61.308,0.318787,0,0,0.98007,0.31091,0.350372,0.66528,12.849,1,0.402607,0.828978,0,34.4687,6.20178,28.6933,0.84672,12.849,0.84672,3695.15,0,18.483,0.0480536,0.653106,1.4978,6.40189,1.49032,7.01442,0.42336,9.2415,0.21168,9.2415,0.21168,442.007,0,1.02816,0,0,1.68127,0.653106,1.028160,1,0,36.0581,0,0,0,36.0581,0
71.9107,2.26571,0,0,2.27173,0.0224162,0.36288,3.6288,61.308,0.319082,0,0,0.802578,0.295059,0.188438,0.66528,12.849,1,0.402712,0.36288,0,27.0978,5.96701,21.091,0.84672,12.849,0.84672,3695.15,0,18.483,0.048098,0.332631,1.61738,3.89792,1.46057,4.33926,0.42336,9.2415,0.21168,9.2415,0.21168,442.007,0,1.02816,0,0,1.36079,0.332631,1.028160,1,0,25.6187,0,0,0,25.6187,0
71.1495,2.2645,0,0,1.88724,0.0211377,0.36288,3.6288,61.308,0.33431,0,0,0.692824,0.296507,0.062007,0.66528,12.849,1,0.40462,0.36288,0,23.3577,5.91255,17.4034,0.84672,12.849,0.84672,3695.15,0,18.483,0.0503935,0.204422,1.61777,3.4577,1.44896,3.78054,0.42336,9.2415,0.21168,9.2415,0.21168,442.007,0,1.01098,0,0,1.2154,0.204422,1.028160,1,0,21.246,0,0,0,21.246,0
70.5541,2.26142,0,0,2.04993,0.0210152,0.36288,3.6288,61.308,0.326758,0,0,0.701041,0.296507,0.0777753,0.66528,12.849,1,0.408394,0.36288,0,22.3239,5.91255,16.3658,0.84672,12.849,0.84672,3695.15,0,18.483,0.0492552,0.204422,1.61816,3.67263,1.44896,3.997,0.42336,9.2415,0.21168,9.2415,0.21168,442.007,0,1.02,0,0,1.22443,0.204422,1.028160,1,0,20.4406,0,0,0,20.4406,0
71.0623,2.2591,0,0,3.16623,0.0359895,0.36288,3.6288,61.308,0.319965,0,0,0.843221,0.293289,0.229966,0.66528,12.849,1,0.411418,0.36288,0,36.0566,5.82349,30.1846,0.84672,12.849,0.84672,3695.15,0,18.483,0.0482312,0.439577,1.61856,3.88128,1.43804,4.45314,0.42336,9.2415,0.21168,9.2415,0.21168,442.007,0,1.02816,0,0,1.46774,0.439577,1.028160,1,0,34.8677,0,0,0,34.8677,0
71.8247,2.18769,0,0,3.3307,0.017764,0.36288,3.6288,61.308,0.261862,0,0,1.06457,0.292698,0.51001,0.66528,12.849,1,0.395564,0.36288,0,29.9467,5.65432,24.2597,0.84672,12.849,0.84672,3695.15,0,18.483,0.0394727,0.432216,1.61895,3.86924,1.3786,4.50234,0.42336,9.2415,0.21168,9.2415,0.21168,442.007,0,1.02816,0,0,1.46038,0.432216,1.028160,1,0,29.272,0,0,0,29.272,0
71.1233,2.19183,0,0,1.84639,-0.00691174,0.36288,3.6288,61.308,0.262142,0,0,1.46886,0.297107,0.909611,0.66528,12.849,1,0.392105,0.36288,0,25.8684,5.54967,20.2895,0.84672,12.849,0.84672,3695.15,0,18.483,0.039515,1.49008,1.55094,3.52101,1.34585,5.17666,0.42336,9.2415,0.21168,9.2415,0.21168,442.007,0,1.02816,0,0,2.51824,1.49008,1.028160,1,0,26.3758,0,0,0,26.3758,0
70.1102,2.18913,0,0,1.53207,-0.00687483,0.36288,3.6288,61.308,0.262423,0,0,0.790024,0.297107,0.230494,0.66528,12.849,1,0.395484,0.36288,0,24.7857,5.54967,19.2035,0.84672,12.849,0.84672,3695.15,0,18.483,0.0395573,0.275512,1.55132,2.62223,1.34585,3.06365,0.42336,9.2415,0.21168,9.2415,0.21168,442.007,0,1.02816,0,0,1.30367,0.275512,1.028160,1,0,22.4976,0,0,0,22.4976,0
69.7149,2.18487,0,0,2.20354,0.0510876,0.36288,3.6288,61.308,0.262703,0,0,0.971749,0.251623,0.457423,0.66528,12.849,1,0.400419,0.36288,0,28.9272,4.92678,23.9629,0.84672,12.849,0.84672,3695.15,0,18.483,0.0395996,0.440891,1.55169,2.88549,1.15115,3.68732,0.42336,9.2415,0.21168,9.2415,0.21168,442.007,0,1.02816,0,0,1.46905,0.440891,1.028160,1,0,28.1077,0,0,0,28.1077,0
71.9696,2.12251,0,0,4.86292,0.122895,0.36288,3.6288,61.308,0.209775,0,0,1.82789,0.194034,1.42408,0.66528,12.849,1,0.391195,0.36288,0,77.8759,4.07242,73.7752,0.84672,12.849,0.84672,3695.15,0,18.483,0.0316213,1.06979,1.55207,7.21812,0.893786,8.91457,0.42336,9.2415,0.21168,9.2415,0.21168,442.007,0,1.02816,0,0,2.09795,1.06979,1.028160,1,0,84.1139,0,0,0,84.1139,0
70.9389,2.13347,0,0,1.5793,0.113614,0.36288,3.6288,61.308,0.210043,0,0,0.923374,0.210322,0.503009,0.66528,12.849,1,0.380896,0.36288,0,23.9709,3.94888,20.004,0.84672,12.849,0.84672,3695.15,0,18.483,0.0316617,0.362206,1.4916,4.38369,0.931933,5.27389,0.42336,9.2415,0.21168,9.2415,0.21168,442.007,0,1.02816,0,0,1.39037,0.362206,1.028160,1,0,25.7809,0,0,0,25.7809,0
70.2858,2.12934,0,0,2.06604,0.226886,0.36288,3.6288,61.308,0.312626,0,0,0.730382,0.198064,0.219692,0.66528,12.849,1,0.385683,0.36288,0,33.2116,4.0657,29.123,0.84672,12.849,0.84672,3695.15,0,18.483,0.0471248,0.292723,1.49196,4.25438,1.08075,4.91119,0.42336,9.2415,0.21168,9.2415,0.21168,442.007,0,0.910423,0,0,1.20315,0.292723,1.028160,1,0,34.2539,0,0,0,34.2539,0
69.326,2.12687,0,0,1.75568,0.22575,0.36288,3.6288,61.308,0.210579,0,0,0.819697,0.198064,0.411053,0.66528,12.849,1,0.388815,0.36288,0,27.1488,4.0657,23.0571,0.84672,12.849,0.84672,3695.15,0,18.483,0.0317425,0.446826,1.49232,4.72874,1.08075,5.5554,0.42336,9.2415,0.21168,9.2415,0.21168,442.007,0,1.02816,0,0,1.47499,0.446826,1.028160,1,0,29.0236,0,0,0,29.0236,0
72.1971,1.94956,0,0,5.40766,0.224081,0.36288,3.6288,61.308,0.0999214,0,0,2.62316,0.198064,2.32518,0.66528,12.849,1,0.361335,0.36288,0,94.06,4.0657,89.9958,0.84672,12.849,0.84672,3695.15,0,18.483,0.015062,3.68899,1.49268,11.2442,1.08075,15.3301,0.42336,9.2415,0.21168,9.2415,0.21168,442.007,0,1.02816,0,0,4.71715,3.68899,1.028160,1,0,107.651,0,0,0,107.651,0
72.29,1.96228,0,0,7.47852,0.231837,5.19154,3.6288,61.308,0.100163,0,0,2.95689,0.19716,2.65957,0.66528,12.849,1,0.349229,5.19154,0,102.031,3.89713,102.977,0.84672,12.849,0.84672,3695.15,0,18.483,0.0150984,2.39887,1.35592,10.5749,0.929278,13.3853,0.42336,9.2415,0.21168,9.2415,0.21168,442.007,0,1.02816,0,0,3.42703,2.39887,1.028160,1,0,119.022,0,0,0,119.022,0
72.29,1.96318,0,0,4.22231,0.232461,2.02666,3.6288,61.308,0.100404,0,0,1.74207,0.197009,1.44465,0.66528,12.849,1,0.348941,2.02666,0,75.8012,3.86904,73.6099,0.84672,12.849,0.84672,3695.15,0,18.483,0.0151348,1.36572,1.35625,8.70212,0.904033,10.5049,0.42336,9.2415,0.21168,9.2415,0.21168,442.007,0,1.02816,0,0,2.39388,1.36572,1.028160,1,0,85.5595,0,0,0,85.5595,0
72.29,1.9637,0,0,3.04952,0.232461,0.853359,3.6288,61.308,0.100645,0,0,1.0035,0.197009,0.705847,0.66528,12.849,1,0.349033,0.853359,0,43.2292,3.86904,39.8645,0.84672,12.849,0.84672,3695.15,0,18.483,0.0151711,0.42323,1.35658,8.7448,0.904033,9.60541,0.42336,9.2415,0.21168,9.2415,0.21168,442.007,0,1.02816,0,0,1.45139,0.42323,1.028160,1,0,50.1757,0,0,0,50.1757,0
72.29,1.96422,0,0,4.98324,0.271302,2.74772,3.6288,61.308,0.100886,0,0,1.70162,0.23434,1.3664,0.66528,12.849,1,0.349126,2.74772,0,67.8109,4.66903,65.5404,0.84672,12.849,0.84672,3695.15,0,18.483,0.0152075,1.18882,1.35691,10.2243,1.15359,11.6013,0.42336,9.2415,0.21168,9.2415,0.21168,442.007,0,1.02816,0,0,2.21698,1.18882,1.028160,1,0,78.5081,0,0,0,78.5081,0
72.29,2.03191,0,0,4.13175,0.248001,1.85184,3.6288,61.308,0.133283,0,0,1.93025,0.22256,1.5744,0.66528,12.849,1,0.361157,1.85184,0,92.251,4.12211,89.6196,0.84672,12.849,0.84672,3695.15,0,18.483,0.0200909,1.15253,1.35724,10.1673,1.02215,11.6348,0.42336,9.2415,0.21168,9.2415,0.21168,442.007,0,1.02816,0,0,2.18069,1.15253,1.028160,1,0,102.829,0,0,0,102.829,0
72.29,2.03243,0,0,4.55445,0.255774,2.26624,3.6288,61.308,0.133523,0,0,2.35,0.244185,1.97229,0.66528,12.849,1,0.361249,2.26624,0,99.6036,4.19286,97.3158,0.84672,12.849,0.84672,3695.15,0,18.483,0.0201271,1.38275,1.40098,9.06232,1.09645,10.7295,0.42336,9.2415,0.21168,9.2415,0.21168,442.007,0,1.02816,0,0,2.41091,1.38275,1.028160,1,0,110.018,0,0,0,110.018,0
72.29,2.03295,0,0,4.87948,0.255774,2.59076,3.6288,61.308,0.133763,0,0,2.69409,0.244185,2.31614,0.66528,12.849,1,0.361341,2.59076,0,105.495,4.19286,103.532,0.84672,12.849,0.84672,3695.15,0,18.483,0.0201634,1.68338,1.40131,9.82515,1.09645,11.7932,0.42336,9.2415,0.21168,9.2415,0.21168,442.007,0,1.02816,0,0,2.71154,1.68338,1.028160,1,0,117.641,0,0,0,117.641,0
72.29,2.03347,0,0,4.4671,0.255774,2.17786,3.6288,61.308,0.134004,0,0,2.64942,0.244185,2.27123,0.66528,12.849,1,0.361433,2.17786,0,96.8648,4.19286,94.4883,0.84672,12.849,0.84672,3695.15,0,18.483,0.0201996,1.65932,1.40164,10.1886,1.09645,12.1329,0.42336,9.2415,0.21168,9.2415,0.21168,442.007,0,1.02816,0,0,2.68748,1.65932,1.028160,1,0,108.893,0,0,0,108.893,0
72.29,2.24991,0,0,5.74917,0.218089,3.28117,3.6288,61.308,0.255083,0,0,2.3013,0.267252,1.77896,0.66528,12.849,1,0.399904,3.28117,0,113.365,4.31268,111.934,0.84672,12.849,0.84672,3695.15,0,18.483,0.0384509,1.42863,1.40197,11.7876,1.24733,13.3324,0.42336,9.2415,0.21168,9.2415,0.21168,442.007,0,1.02816,0,0,2.45679,1.42863,1.028160,1,0,127.045,0,0,0,127.045,0
72.29,2.25048,0,0,8.22537,0.283524,5.69137,3.6288,61.308,0.255351,0,0,5.30281,0.247105,4.80035,0.66528,12.849,1,0.400005,5.69137,0,185.714,3.96479,187.041,0.84672,12.849,0.84672,3695.15,0,18.483,0.0384914,4.04444,1.55738,22.1934,1.02677,26.73,0.42336,9.2415,0.21168,9.2415,0.21168,442.007,0,1.02816,0,0,5.0726,4.04444,1.028160,1,0,218.571,0,0,0,218.571,0
72.29,2.25104,0,0,6.61975,0.309298,4.05941,3.6288,61.308,0.25562,0,0,4.80445,0.239145,4.30969,0.66528,12.849,1,0.400106,4.05941,0,163.645,4.02045,163.284,0.84672,12.849,0.84672,3695.15,0,18.483,0.0385319,3.5655,1.55775,20.1193,1.07743,24.1266,0.42336,9.2415,0.21168,9.2415,0.21168,442.007,0,1.02816,0,0,4.59366,3.5655,1.028160,1,0,191.72,0,0,0,191.72,0
72.29,2.25161,0,0,7.85333,0.309298,5.29242,3.6288,61.308,0.255889,0,0,5.08693,0.239145,4.5919,0.66528,12.849,1,0.400207,5.29242,0,157.215,4.02045,158.087,0.84672,12.849,0.84672,3695.15,0,18.483,0.0385725,3.84604,1.55811,21.1349,1.07743,25.4231,0.42336,9.2415,0.21168,9.2415,0.21168,442.007,0,1.02816,0,0,4.8742,3.84604,1.028160,1,0,188.102,0,0,0,188.102,0
72.29,1.94392,0,0,7.89117,0.30923,5.63802,3.6288,61.308,0.0938401,0,0,4.67861,0.231308,4.35346,0.66528,12.849,1,0.345517,5.63802,0,162.77,3.95462,164.108,0.84672,12.849,0.84672,3695.15,0,18.483,0.0141454,3.58354,1.55848,19.3779,1.04566,23.4601,0.42336,9.2415,0.21168,9.2415,0.21168,442.007,0,1.02816,0,0,4.6117,3.58354,1.028160,1,0,191.921,0,0,0,191.921,0
72.29,1.94442,0,0,13.2938,0.328868,11.0206,3.6288,61.308,0.0940712,0,0,5.96629,0.178633,5.69359,0.66528,12.849,1,0.345606,11.0206,0,229.878,3.759,236.794,0.84672,12.849,0.84672,3695.15,0,18.483,0.0141802,5.90411,1.3465,30.74,0.897376,37.079,0.42336,9.2415,0.21168,9.2415,0.21168,442.007,0,1.02816,0,0,6.93227,5.90411,1.028160,1,0,279.566,0,0,0,279.566,0
72.29,1.94492,0,0,10.9454,0.328868,8.67163,3.6288,61.308,0.0943024,0,0,3.88517,0.178633,3.61224,0.66528,12.849,1,0.345694,8.67163,0,239.998,3.759,244.565,0.84672,12.849,0.84672,3695.15,0,18.483,0.014215,4.71205,1.34681,25.4534,0.897376,30.6007,0.42336,9.2415,0.21168,9.2415,0.21168,442.007,0,1.02816,0,0,5.74021,4.71205,1.028160,1,0,278.778,0,0,0,278.778,0
72.29,1.94541,0,0,8.37035,0.318158,6.10677,3.6288,61.308,0.0945335,0,0,2.70451,0.186492,2.42348,0.66528,12.849,1,0.345782,6.10677,0,180.446,3.83799,182.369,0.84672,12.849,0.84672,3695.15,0,18.483,0.0142499,2.41288,1.34713,18.0876,0.927085,20.9063,0.42336,9.2415,0.21168,9.2415,0.21168,442.007,0,1.02816,0,0,3.44104,2.41288,1.028160,1,0,205.698,0,0,0,205.698,0
72.29,1.94591,0,0,7.04169,0.224308,4.87147,3.6288,61.308,0.0947647,0,0,2.16212,0.226995,1.84036,0.66528,12.849,1,0.345871,4.87147,0,138.18,4.60953,138.096,0.84672,12.849,0.84672,3695.15,0,18.483,0.0142847,1.44276,1.34744,12.8669,1.16313,14.4796,0.42336,9.2415,0.21168,9.2415,0.21168,442.007,0,1.02816,0,0,2.47092,1.44276,1.028160,1,0,154.416,0,0,0,154.416,0
72.29,2.02409,0,0,5.76483,0.278868,3.46187,3.6288,61.308,0.134752,0,0,2.50157,0.199172,2.16765,0.66528,12.849,1,0.359767,3.46187,0,107.615,4.40157,106.316,0.84672,12.849,0.84672,3695.15,0,18.483,0.0203123,1.87106,1.34776,12.5989,1.04979,14.7476,0.42336,9.2415,0.21168,9.2415,0.21168,442.007,0,1.02816,0,0,2.89922,1.87106,1.028160,1,0,123.231,0,0,0,123.231,0
72.29,2.02461,0,0,7.06663,0.328666,4.71336,3.6288,61.308,0.134992,0,0,3.1628,0.180299,2.84751,0.66528,12.849,1,0.359859,4.71336,0,104.789,4.15632,104.986,0.84672,12.849,0.84672,3695.15,0,18.483,0.0203486,3.31949,1.40056,16.584,0.947451,20.3363,0.42336,9.2415,0.21168,9.2415,0.21168,442.007,0,1.02816,0,0,4.34765,3.31949,1.028160,1,0,128.17,0,0,0,128.17,0
72.29,2.02512,0,0,5.39591,0.328666,3.04212,3.6288,61.308,0.135233,0,0,2.66195,0.180299,2.34642,0.66528,12.849,1,0.35995,3.04212,0,78.0987,4.15632,76.6245,0.84672,12.849,0.84672,3695.15,0,18.483,0.0203849,2.12905,1.40089,13.3491,0.947451,15.9112,0.42336,9.2415,0.21168,9.2415,0.21168,442.007,0,1.02816,0,0,3.15721,2.12905,1.028160,1,0,94.8821,0,0,0,94.8821,0
72.29,2.02564,0,0,4.38451,0.328666,2.03021,3.6288,61.308,0.135474,0,0,2.09542,0.180299,1.77965,0.66528,12.849,1,0.360042,2.03021,0,62.3768,4.15632,59.8907,0.84672,12.849,0.84672,3695.15,0,18.483,0.0204212,1.55757,1.40122,10.1888,0.947451,12.1797,0.42336,9.2415,0.21168,9.2415,0.21168,442.007,0,1.02816,0,0,2.58573,1.55757,1.028160,1,0,73.85,0,0,0,73.85,0
72.29,1.99575,0,0,3.78951,0.282792,1.51097,3.6288,61.308,0.120259,0,0,1.6458,0.197571,1.32797,0.66528,12.849,1,0.35473,1.51097,0,56.236,4.36918,53.0231,0.84672,12.849,0.84672,3695.15,0,18.483,0.0181278,1.22772,1.40155,8.26969,1.01933,9.86149,0.42336,9.2415,0.21168,9.2415,0.21168,442.007,0,1.02816,0,0,2.25588,1.22772,1.028160,1,0,64.2125,0,0,0,64.2125,0
72.29,1.99626,0,0,2.99519,0.279122,0.719809,3.6288,61.308,0.120497,0,0,1.28746,0.186886,0.980081,0.66528,12.849,1,0.354821,0.719809,0,49.6727,4.32989,45.7078,0.84672,12.849,0.84672,3695.15,0,18.483,0.0181635,1.14857,1.38142,7.23006,1.1478,8.59409,0.42336,9.2415,0.21168,9.2415,0.21168,442.007,0,1.02816,0,0,2.17673,1.14857,1.028160,1,0,55.282,0,0,0,55.282,0
72.29,1.99677,0,0,3.08737,0.279122,0.81148,3.6288,61.308,0.120734,0,0,1.35867,0.186886,1.05105,0.66528,12.849,1,0.354911,0.81148,0,47.8442,4.32989,43.9709,0.84672,12.849,0.84672,3695.15,0,18.483,0.0181993,1.13078,1.38175,6.23453,1.1478,7.58105,0.42336,9.2415,0.21168,9.2415,0.21168,442.007,0,1.02816,0,0,2.15894,1.13078,1.028160,1,0,52.603,0,0,0,52.603,0
72.29,1.99728,0,0,4.24256,0.2639,1.98138,3.6288,61.308,0.120971,0,0,1.49415,0.190457,1.18272,0.66528,12.849,1,0.355002,1.98138,0,62.3796,4.43824,59.5677,0.84672,12.849,0.84672,3695.15,0,18.483,0.0182351,1.39338,1.38207,6.22742,1.12774,7.85689,0.42336,9.2415,0.21168,9.2415,0.21168,442.007,0,1.02816,0,0,2.42154,1.39338,1.028160,1,0,68.6073,0,0,0,68.6073,0
72.29,2.10109,0,0,2.70288,0.225844,0.375947,3.6288,61.308,0.176068,0,0,1.26065,0.199382,0.885204,0.66528,12.849,1,0.373452,0.375947,0,45.6597,4.70914,40.9531,0.84672,12.849,0.84672,3695.15,0,18.483,0.0265403,0.974359,1.38239,5.52421,1.0776,6.77682,0.42336,9.2415,0.21168,9.2415,0.21168,442.007,0,1.02816,0,0,2.00252,0.974359,1.028160,1,0,48.6151,0,0,0,48.6151,0
72.29,2.10162,0,0,2.75485,0.195905,0.457323,3.6288,61.308,0.176318,0,0,1.11608,0.211759,0.728003,0.66528,12.849,1,0.373547,0.457323,0,41.4995,4.5962,36.9871,0.84672,12.849,0.84672,3695.15,0,18.483,0.026578,0.786387,1.45429,5.03494,1.1231,6.12594,0.42336,9.2415,0.21168,9.2415,0.21168,442.007,0,1.02816,0,0,1.81455,0.786387,1.028160,1,0,43.841,0,0,0,43.841,0
72.29,2.10215,0,0,2.66344,0.190915,0.370376,3.6288,61.308,0.176569,0,0,1.02904,0.213822,0.638651,0.66528,12.849,1,0.373642,0.370376,0,37.6589,4.57737,33.0783,0.84672,12.849,0.84672,3695.15,0,18.483,0.0266158,0.635507,1.45463,4.81086,1.13069,5.74369,0.42336,9.2415,0.21168,9.2415,0.21168,442.007,0,1.02816,0,0,1.66367,0.635507,1.028160,1,0,39.4606,0,0,0,39.4606,0
72.084,2.10269,0,0,2.4145,0.154924,0.36288,3.6288,61.308,0.176819,0,0,0.982351,0.23743,0.568102,0.66528,12.849,1,0.373737,0.36288,0,33.2052,4.84512,28.3493,0.84672,12.849,0.84672,3695.15,0,18.483,0.0266535,0.58117,1.45497,4.68588,1.1991,5.49627,0.42336,9.2415,0.21168,9.2415,0.21168,442.007,0,1.02816,0,0,1.60933,0.58117,1.028160,1,0,34.4136,0,0,0,34.4136,0
71.7601,2.10231,0,0,2.28163,0.140308,0.36288,3.6288,61.308,0.177069,0,0,0.938399,0.246874,0.514456,0.66528,12.849,1,0.374738,0.36288,0,32.1379,4.95222,27.1738,0.84672,12.849,0.84672,3695.15,0,18.483,0.0266913,0.472176,1.45531,4.67286,1.22646,5.34719,0.42336,9.2415,0.21168,9.2415,0.21168,442.007,0,1.02816,0,0,1.50034,0.472176,1.028160,1,0,33.0354,0,0,0,33.0354,0
71.2635,2.08099,0,0,2.0808,0.133551,0.36288,3.6288,61.308,0.207507,0,0,0.828395,0.241778,0.37911,0.66528,12.849,1,0.37261,0.36288,0,36.1533,4.87842,31.2652,0.84672,12.849,0.84672,3695.15,0,18.483,0.0312794,0.818804,1.45565,4.86392,1.13043,5.97666,0.42336,9.2415,0.21168,9.2415,0.21168,442.007,0,1.02816,0,0,1.84696,0.818804,1.028160,1,0,37.6209,0,0,0,37.6209,0
70.6795,2.07931,0,0,1.98641,0.128256,0.36288,3.6288,61.308,0.207764,0,0,0.743144,0.237956,0.297423,0.66528,12.849,1,0.374906,0.36288,0,37.09,4.82307,32.2549,0.84672,12.849,0.84672,3695.15,0,18.483,0.0313182,1.13741,1.47832,5.17334,1.05841,6.69933,0.42336,9.2415,0.21168,9.2415,0.21168,442.007,0,1.02816,0,0,2.16557,1.13741,1.028160,1,0,39.2516,0,0,0,39.2516,0
70.016,2.07722,0,0,1.8949,0.118231,0.36288,3.6288,61.308,0.208022,0,0,0.725501,0.2535,0.263978,0.66528,12.849,1,0.377623,0.36288,0,34.8778,5.04024,29.8228,0.84672,12.849,0.84672,3695.15,0,18.483,0.031357,1.15093,1.47866,5.18168,1.13191,6.64799,0.42336,9.2415,0.21168,9.2415,0.21168,442.007,0,1.02816,0,0,2.17909,1.15093,1.028160,1,0,36.7348,0,0,0,36.7348,0
69.1423,2.07472,0,0,1.65825,0.0944247,0.36288,3.6288,61.308,0.20828,0,0,0.68548,0.288343,0.188858,0.66528,12.849,1,0.380743,0.36288,0,32.7734,5.78657,26.969,0.84672,12.849,0.84672,3695.15,0,18.483,0.0313959,0.938917,1.47901,5.04239,1.3911,6.03781,0.42336,9.2415,0.21168,9.2415,0.21168,442.007,0,1.02816,0,0,1.96708,0.938917,1.028160,1,0,33.1957,0,0,0,33.1957,0
68.2263,2.1237,0,0,1.66455,0.0939102,0.36288,3.6288,61.308,0.235466,0,0,0.731074,0.284872,0.210736,0.66528,12.849,1,0.394655,0.36288,0,29.7039,5.99557,23.6765,0.84672,12.849,0.84672,3695.15,0,18.483,0.0354939,1.04259,1.47935,5.02024,1.47933,6.02736,0.42336,9.2415,0.21168,9.2415,0.21168,442.007,0,1.02816,0,0,2.07075,1.04259,1.028160,1,0,29.9146,0,0,0,29.9146,0
67.331,2.11977,0,0,1.67888,0.0915772,0.36288,3.6288,61.308,0.23573,0,0,0.702881,0.296202,0.170949,0.66528,12.849,1,0.399215,0.36288,0,37.7851,5.62243,32.1264,0.84672,12.849,0.84672,3695.15,0,18.483,0.0355337,0.869832,1.51531,4.97474,1.40511,5.91924,0.42336,9.2415,0.21168,9.2415,0.21168,442.007,0,1.02816,0,0,1.89799,0.869832,1.028160,1,0,38.2166,0,0,0,38.2166,0
66.3271,2.11585,0,0,1.56581,0.0909353,0.36288,3.6288,61.308,0.235994,0,0,0.622565,0.296202,0.0903682,0.66528,12.849,1,0.403776,0.36288,0,29.8915,5.62243,24.2281,0.84672,12.849,0.84672,3695.15,0,18.483,0.0355735,0.845381,1.51566,4.54078,1.40511,5.46114,0.42336,9.2415,0.21168,9.2415,0.21168,442.007,0,1.02816,0,0,1.87354,0.845381,1.028160,1,0,29.7796,0,0,0,29.7796,0
65.187,2.11127,0,0,1.42426,0.0902155,0.36288,3.6288,61.308,0.236259,0,0,0.584777,0.296202,0.052316,0.66528,12.849,1,0.408999,0.36288,0,27.4863,5.62243,21.8177,0.84672,12.849,0.84672,3695.15,0,18.483,0.0356134,0.552174,1.51602,4.15579,1.40511,4.78326,0.42336,9.2415,0.21168,9.2415,0.21168,442.007,0,1.02816,0,0,1.58033,0.552174,1.028160,1,0,26.6533,0,0,0,26.6533,0
64.0973,2.25828,0,0,1.61139,0.0799066,0.36288,3.6288,61.308,0.333811,0,0,0.710954,0.290011,0.0871318,0.66528,12.849,1,0.445129,0.36288,0,28.2661,5.76393,22.4199,0.84672,12.849,0.84672,3695.15,0,18.483,0.0503183,1.10937,1.51637,6.0926,1.44198,7.22604,0.42336,9.2415,0.21168,9.2415,0.21168,442.007,0,1.02816,0,0,2.13753,1.10937,1.028160,1,0,29.7331,0,0,0,29.7331,0
62.8655,2.25254,0,0,1.4529,0.0693219,0.36288,3.6288,61.2447,0.334098,0,0,0.583195,0.312396,0,0.66528,12.849,1,0.451546,0.36288,0,26.4667,5.58813,20.7899,0.84672,12.849,0.84672,3695.15,0,18.483,0.0503616,0.736275,1.63742,4.23577,1.50974,5.04937,0.42336,9.2415,0.21168,9.2415,0.21168,442.007,0,1.02816,0,0,1.76443,0.736275,1.028160,1,0,25.8393,0,0,0,25.8393,0
61.6893,2.24576,0,0,1.50009,0.0676601,0.36288,3.6288,61.2569,0.33434,0,0,0.67757,0.331034,0,0.66528,12.849,1,0.459008,0.36288,0,32.6087,5.481,27.0316,0.84672,12.849,0.84672,3695.15,0,18.483,0.0504502,0.980994,1.63781,4.31614,1.52088,5.36361,0.42336,9.2415,0.21168,9.2415,0.21168,442.007,0,1.02816,0,0,2.00915,0.980994,1.028160,1,0,32.3952,0,0,0,32.3952,0
60.2544,2.23908,0,0,1.23411,0.0670098,0.36288,3.6288,61.0847,0.334636,0,0,0.493461,0.331059,0,0.66528,12.849,1,0.466369,0.36288,0,29.8749,5.481,24.2904,0.84672,12.849,0.84672,3695.15,0,18.483,0.0504848,0.344978,1.63819,3.5351,1.52088,3.9469,0.42336,9.2415,0.21168,9.2415,0.21168,442.007,0,1.02816,0,0,1.37314,0.344978,1.028160,1,0,28.2373,0,0,0,28.2373,0
59.1327,2.23049,0,0,1.53791,0.066212,0.36288,3.6288,61.274,0.3348,0,0,0.854821,0.330698,0,0.66528,12.849,1,0.475643,0.36288,0,29.1208,5.481,23.527,0.84672,12.849,0.84672,3695.15,0,18.483,0.0506519,1.6854,1.63857,5.51362,1.52088,7.26607,0.42336,9.2415,0.21168,9.2415,0.21168,442.007,0,1.02816,0,0,2.71356,1.6854,1.028160,1,0,30.7931,0,0,0,30.7931,0
57.9388,2.15049,0,0,1.35863,0.0392324,0.36288,3.6288,61.1892,0.276108,0,0,0.514599,0.3233,0,0.66528,12.849,1,0.467281,0.36288,0,22.1138,4.91136,17.0981,0.84672,12.849,0.84672,3695.15,0,18.483,0.0416434,0.652406,1.63895,4.41862,1.27265,5.39568,0.42336,9.2415,0.21168,9.2415,0.21168,442.007,0,1.02816,0,0,1.68057,0.652406,1.028160,1,0,22.4937,0,0,0,22.4937,0
56.8545,2.14315,0,0,1.46439,0.0426859,0.36288,3.6288,60.9731,0.276332,0,0,0.398381,0.338103,0,0.66528,12.849,1,0.475283,0.36288,0,21.4223,4.92297,16.3869,0.84672,12.849,0.84672,3695.15,0,18.483,0.0417348,0.431775,1.57009,3.13038,1.37032,3.7202,0.42336,9.2415,0.21168,9.2415,0.21168,442.007,0,1.02816,0,0,1.45994,0.431775,1.028160,1,0,20.1071,0,0,0,20.1071,0
55.8521,2.1363,0,0,1.61733,0.120495,0.36288,3.6288,60.9381,0.276477,0,0,0.532223,0.290815,0,0.66528,12.849,1,0.482799,0.36288,0,20.2573,3.73222,16.4051,0.84672,12.849,0.84672,3695.15,0,18.483,0.0419047,0.787199,1.57046,3.97235,1.093,5.1951,0.42336,9.2415,0.21168,9.2415,0.21168,442.007,0,1.02816,0,0,1.81536,0.787199,1.028160,1,0,21.6002,0,0,0,21.6002,0
54.7514,2.12979,0,0,1.51666,0.124672,0.36288,3.6288,60.9409,0.276729,0,0,0.572356,0.292758,0,0.66528,12.849,1,0.489967,0.36288,0,24.1012,3.76478,20.2093,0.84672,12.849,0.84672,3695.15,0,18.483,0.0419671,0.812281,1.57083,4.18316,1.11164,5.41266,0.42336,9.2415,0.21168,9.2415,0.21168,442.007,0,1.02816,0,0,1.84044,0.812281,1.028160,1,0,25.622,0,0,0,25.622,0
53.8897,2.06309,0,0,1.68756,0.123305,0.36288,3.6288,61.0679,0.223183,0,0,0.642939,0.292763,0,0.66528,12.849,1,0.484165,0.36288,0,36.3377,3.76478,32.4516,0.84672,12.849,0.84672,3695.15,0,18.483,0.033845,1.05783,1.57119,4.82614,1.11164,6.30968,0.42336,9.2415,0.21168,9.2415,0.21168,442.007,0,1.02816,0,0,2.08599,1.05783,1.028160,1,0,38.7613,0,0,0,38.7613,0
53.1422,2.05736,0,0,1.8601,0.187317,0.36288,3.6288,61.183,0.223506,0,0,0.521819,0.183186,0,0.66528,12.849,1,0.49054,0.36288,0,27.2707,3.32619,23.8168,0.84672,12.849,0.84672,3695.15,0,18.483,0.0338234,0.633277,1.50996,3.49244,0.865723,4.73614,0.42336,9.2415,0.21168,9.2415,0.21168,442.007,0,1.02816,0,0,1.66144,0.633277,1.028160,1,0,28.553,0,0,0,28.553,0
54.7713,2.05233,0,0,4.2302,0.185895,0.36288,3.6288,61.308,0.223822,0,0,0.741644,0.183319,0.209547,0.66528,12.849,1,0.496222,0.36288,0,53.2677,3.32619,49.8081,0.84672,12.849,0.84672,3695.15,0,18.483,0.0338076,1.14397,1.51031,6.0596,0.865723,7.81435,0.42336,9.2415,0.21168,9.2415,0.21168,442.007,0,1.02816,0,0,2.17213,1.14397,1.028160,1,0,57.832,0,0,0,57.832,0
58.8643,2.06481,0,0,6.70968,0.188994,0.36288,3.6288,61.308,0.224143,0,0,1.55265,0.183464,1.14504,0.66528,12.849,1,0.48439,0.36288,0,72.4746,3.32619,69.0269,0.84672,12.849,0.84672,3695.15,0,18.483,0.0337871,2.69383,1.51067,9.75663,0.865723,13.0616,0.42336,9.2415,0.21168,9.2415,0.21168,442.007,0,1.02816,0,0,3.72199,2.69383,1.028160,1,0,83.2335,0,0,0,83.2335,0
60.6933,1.92227,0,0,4.31091,0.196781,0.36288,3.6288,61.308,0.112117,0,0,1.15764,0.183464,0.862063,0.66528,12.849,1,0.419596,0.36288,0,49.8471,3.32619,46.4642,0.84672,12.849,0.84672,3695.15,0,18.483,0.0169004,2.20021,1.51102,9.62626,0.865723,12.4549,0.42336,9.2415,0.21168,9.2415,0.21168,442.007,0,1.02816,0,0,3.22837,2.20021,1.028160,1,0,59.7811,0,0,0,59.7811,0
65.7641,1.9332,0,0,7.63876,0.271885,0.36288,3.6288,61.308,0.112353,0,0,1.83722,0.225249,1.49962,0.66528,12.849,1,0.409266,0.36288,0,60.1217,4.44582,55.6295,0.84672,12.849,0.84672,3695.15,0,18.483,0.0169359,2.97168,1.37257,10.7299,1.07645,13.9808,0.42336,9.2415,0.21168,9.2415,0.21168,442.007,0,1.02816,0,0,3.99984,2.97168,1.028160,1,0,71.1099,0,0,0,71.1099,0
68.2273,1.9601,0,0,5.07107,0.284871,0.36288,3.6288,61.308,0.112588,0,0,1.04214,0.232305,0.697247,0.66528,12.849,1,0.382964,0.36288,0,67.6248,4.7313,62.8735,0.84672,12.849,0.84672,3695.15,0,18.483,0.0169714,1.83019,1.37289,7.38886,1.12283,9.45214,0.42336,9.2415,0.21168,9.2415,0.21168,442.007,0,1.02816,0,0,2.85835,1.83019,1.028160,1,0,73.0228,0,0,0,73.0228,0
71.0242,1.97224,0,0,5.42241,0.290472,0.36288,3.6288,61.308,0.112823,0,0,1.15716,0.232305,0.812027,0.66528,12.849,1,0.371424,0.36288,0,69.158,4.7313,64.4182,0.84672,12.849,0.84672,3695.15,0,18.483,0.0170068,2.05209,1.37321,7.70299,1.12283,9.98845,0.42336,9.2415,0.21168,9.2415,0.21168,442.007,0,1.02816,0,0,3.08025,2.05209,1.028160,1,0,75.2186,0,0,0,75.2186,0
72.29,1.98513,0,0,7.40972,0.288493,3.87026,3.6288,61.308,0.113059,0,0,2.07056,0.213781,1.74372,0.66528,12.849,1,0.35913,3.87026,0,115.113,4.07916,114.545,0.84672,12.849,0.84672,3695.15,0,18.483,0.0170423,1.81166,1.37353,12.028,0.976092,14.2201,0.42336,9.2415,0.21168,9.2415,0.21168,442.007,0,1.02816,0,0,2.83982,1.81166,1.028160,1,0,130.509,0,0,0,130.509,0
72.29,2.05897,0,0,8.49709,0.292804,6.14532,3.6288,61.308,0.145842,0,0,2.03163,0.235703,1.65008,0.66528,12.849,1,0.365966,6.14532,0,102.171,4.82754,103.123,0.84672,12.849,0.84672,3695.15,0,18.483,0.0219841,1.96432,1.37386,10.6556,1.22315,12.7487,0.42336,9.2415,0.21168,9.2415,0.21168,442.007,0,1.02816,0,0,2.99248,1.96432,1.028160,1,0,117.522,0,0,0,117.522,0
72.29,2.05947,0,0,4.87367,0.323929,2.49027,3.6288,61.308,0.146077,0,0,1.81068,0.230634,1.43397,0.66528,12.849,1,0.366056,2.49027,0,72.5561,4.65097,70.0294,0.84672,12.849,0.84672,3695.15,0,18.483,0.0220194,2.72187,1.41812,8.07417,1.365,10.8271,0.42336,9.2415,0.21168,9.2415,0.21168,442.007,0,1.02816,0,0,3.75003,2.72187,1.028160,1,0,82.2905,0,0,0,82.2905,0
72.29,2.05998,0,0,3.90107,0.323929,1.51717,3.6288,61.308,0.146311,0,0,1.60968,0.230634,1.23273,0.66528,12.849,1,0.366145,1.51717,0,87.2001,4.65097,83.7001,0.84672,12.849,0.84672,3695.15,0,18.483,0.0220547,2.27504,1.41844,7.38591,1.365,9.69234,0.42336,9.2415,0.21168,9.2415,0.21168,442.007,0,1.02816,0,0,3.3032,2.27504,1.028160,1,0,94.6252,0,0,0,94.6252,0
72.29,2.06048,0,0,3.52996,0.323929,1.14555,3.6288,61.308,0.146545,0,0,1.47419,0.230634,1.09701,0.66528,12.849,1,0.366235,1.14555,0,66.0761,4.65097,62.2045,0.84672,12.849,0.84672,3695.15,0,18.483,0.02209,2.09392,1.41876,8.23979,1.365,10.3654,0.42336,9.2415,0.21168,9.2415,0.21168,442.007,0,1.02816,0,0,3.12208,2.09392,1.028160,1,0,73.6669,0,0,0,73.6669,0
72.29,2.27954,0,0,3.34236,0.28527,0.777548,3.6288,61.308,0.269092,0,0,1.30479,0.236873,0.798822,0.66528,12.849,1,0.405171,0.777548,0,94.589,4.2884,90.673,0.84672,12.849,0.84672,3695.15,0,18.483,0.0405626,1.71501,1.41908,7.12273,1.07546,9.14079,0.42336,9.2415,0.21168,9.2415,0.21168,442.007,0,1.02816,0,0,2.74317,1.71501,1.028160,1,0,100.613,0,0,0,100.613,0
72.29,2.28009,0,0,5.56196,0.320467,2.9614,3.6288,61.308,0.269353,0,0,2.62675,0.172011,2.18539,0.66528,12.849,1,0.40527,2.9614,0,97.6838,4.20701,96.033,0.84672,12.849,0.84672,3695.15,0,18.483,0.040602,3.80227,1.57638,13.2682,1.01604,17.5902,0.42336,9.2415,0.21168,9.2415,0.21168,442.007,0,1.02816,0,0,4.83043,3.80227,1.028160,1,0,115.809,0,0,0,115.809,0
72.29,2.28065,0,0,5.60412,0.321249,3.00222,3.6288,61.308,0.269615,0,0,2.50011,0.162736,2.06776,0.66528,12.849,1,0.405368,3.00222,0,94.3307,4.22048,92.707,0.84672,12.849,0.84672,3695.15,0,18.483,0.0406415,4.07141,1.57673,13.3018,1.02078,17.8885,0.42336,9.2415,0.21168,9.2415,0.21168,442.007,0,1.02816,0,0,5.09957,4.07141,1.028160,1,0,112.663,0,0,0,112.663,0
72.29,2.2812,0,0,6.57268,0.321249,3.97023,3.6288,61.308,0.269877,0,0,2.64578,0.162736,2.21317,0.66528,12.849,1,0.405467,3.97023,0,112.752,4.22048,112.096,0.84672,12.849,0.84672,3695.15,0,18.483,0.040681,4.05738,1.57709,14.0143,1.02078,18.5873,0.42336,9.2415,0.21168,9.2415,0.21168,442.007,0,1.02816,0,0,5.08554,4.05738,1.028160,1,0,132.897,0,0,0,132.897,0
72.29,1.96975,0,0,6.77008,0.315662,4.48467,3.6288,61.308,0.105847,0,0,2.7318,0.154522,2.47143,0.66528,12.849,1,0.350108,4.48467,0,116.515,4.03467,116.615,0.84672,12.849,0.84672,3695.15,0,18.483,0.0159553,4.6564,1.57744,15.5468,0.965993,20.7987,0.42336,9.2415,0.21168,9.2415,0.21168,442.007,0,1.02816,0,0,5.68456,4.6564,1.028160,1,0,139.885,0,0,0,139.885,0
72.29,1.97023,0,0,5.33324,0.302296,3.06071,3.6288,61.308,0.106072,0,0,2.31931,0.140619,2.07262,0.66528,12.849,1,0.350194,3.06071,0,98.8744,4.05429,97.5307,0.84672,12.849,0.84672,3695.15,0,18.483,0.0159892,3.92224,1.36287,15.2028,0.84878,19.6231,0.42336,9.2415,0.21168,9.2415,0.21168,442.007,0,1.02816,0,0,4.9504,3.92224,1.028160,1,0,119.226,0,0,0,119.226,0
72.29,1.97072,0,0,4.43356,0.304878,2.15796,3.6288,61.308,0.106298,0,0,2.59177,0.135501,2.34997,0.66528,12.849,1,0.35028,2.15796,0,84.3756,4.08901,82.0943,0.84672,12.849,0.84672,3695.15,0,18.483,0.0160232,3.69728,1.36318,13.29,0.846052,17.4883,0.42336,9.2415,0.21168,9.2415,0.21168,442.007,0,1.02816,0,0,4.72544,3.69728,1.028160,1,0,101.933,0,0,0,101.933,0
72.29,1.9712,0,0,7.4324,0.304195,5.157,3.6288,61.308,0.106523,0,0,3.7517,0.129774,3.5154,0.66528,12.849,1,0.350366,5.157,0,171.601,3.99936,172.408,0.84672,12.849,0.84672,3695.15,0,18.483,0.0160571,7.3716,1.36349,22.0076,0.830697,29.896,0.42336,9.2415,0.21168,9.2415,0.21168,442.007,0,1.02816,0,0,8.39976,7.3716,1.028160,1,0,205.819,0,0,0,205.819,0
72.29,1.97169,0,0,7.5327,0.300098,5.26091,3.6288,61.308,0.106748,0,0,3.60042,0.0954115,3.39826,0.66528,12.849,1,0.350452,5.26091,0,171.869,3.46143,173.318,0.84672,12.849,0.84672,3695.15,0,18.483,0.0160911,6.64813,1.36379,23.3425,0.738567,30.5998,0.42336,9.2415,0.21168,9.2415,0.21168,442.007,0,1.02816,0,0,7.67629,6.64813,1.028160,1,0,207.316,0,0,0,207.316,0
72.29,2.0508,0,0,8.57969,0.31023,6.21867,3.6288,61.308,0.147211,0,0,4.08065,0.118668,3.81477,0.66528,12.849,1,0.364514,6.21867,0,226.393,3.6393,228.608,0.84672,12.849,0.84672,3695.15,0,18.483,0.0221904,6.68434,1.3641,18.4982,0.776384,25.7481,0.42336,9.2415,0.21168,9.2415,0.21168,442.007,0,1.02816,0,0,7.7125,6.68434,1.028160,1,0,258.171,0,0,0,258.171,0
72.29,2.0513,0,0,7.99615,0.296117,5.64873,3.6288,61.308,0.147445,0,0,3.50402,0.143471,3.21311,0.66528,12.849,1,0.364603,5.64873,0,209.262,4.15422,210.392,0.84672,12.849,0.84672,3695.15,0,18.483,0.0222257,5.51068,1.41753,16.3658,0.880748,22.391,0.42336,9.2415,0.21168,9.2415,0.21168,442.007,0,1.02816,0,0,6.53884,5.51068,1.028160,1,0,235.996,0,0,0,235.996,0
72.29,2.0518,0,0,6.31636,0.296117,3.96844,3.6288,61.308,0.14768,0,0,3.05059,0.143471,2.75943,0.66528,12.849,1,0.364692,3.96844,0,172.338,4.15422,171.787,0.84672,12.849,0.84672,3695.15,0,18.483,0.0222611,4.84652,1.41785,13.7259,0.880748,19.0873,0.42336,9.2415,0.21168,9.2415,0.21168,442.007,0,1.02816,0,0,5.87468,4.84652,1.028160,1,0,193.634,0,0,0,193.634,0
72.29,2.0523,0,0,5.89264,0.296117,3.54421,3.6288,61.308,0.147914,0,0,3.7768,0.143471,3.48542,0.66528,12.849,1,0.364782,3.54421,0,172.912,4.15422,171.938,0.84672,12.849,0.84672,3695.15,0,18.483,0.0222964,4.90425,1.41817,17.3591,0.880748,22.7785,0.42336,9.2415,0.21168,9.2415,0.21168,442.007,0,1.02816,0,0,5.93241,4.90425,1.028160,1,0,198.201,0,0,0,198.201,0
72.29,2.02204,0,0,5.46657,0.268827,3.17571,3.6288,61.308,0.132507,0,0,2.97201,0.174194,2.66531,0.66528,12.849,1,0.359402,3.17571,0,133.269,4.14879,131.937,0.84672,12.849,0.84672,3695.15,0,18.483,0.019974,4.42097,1.41849,13.2519,0.891729,18.1796,0.42336,9.2415,0.21168,9.2415,0.21168,442.007,0,1.02816,0,0,5.44913,4.42097,1.028160,1,0,152.782,0,0,0,152.782,0
72.29,2.02253,0,0,4.2808,0.23044,2.02783,3.6288,61.308,0.132738,0,0,1.35675,0.223891,1.00012,0.66528,12.849,1,0.35949,2.02783,0,97.1568,4.6704,94.1547,0.84672,12.849,0.84672,3695.15,0,18.483,0.0200088,2.64825,1.39811,8.98024,1.00592,12.0007,0.42336,9.2415,0.21168,9.2415,0.21168,442.007,0,1.02816,0,0,3.67641,2.64825,1.028160,1,0,107.156,0,0,0,107.156,0
72.29,2.02303,0,0,4.05835,0.23044,1.80488,3.6288,61.308,0.132969,0,0,1.30296,0.223891,0.946103,0.66528,12.849,1,0.359578,1.80488,0,91.1278,4.6704,87.9027,0.84672,12.849,0.84672,3695.15,0,18.483,0.0200437,2.51991,1.39843,8.42426,1.00592,11.3166,0.42336,9.2415,0.21168,9.2415,0.21168,442.007,0,1.02816,0,0,3.54807,2.51991,1.028160,1,0,100.165,0,0,0,100.165,0
72.29,2.02353,0,0,3.76202,0.23044,1.50805,3.6288,61.308,0.133201,0,0,1.5069,0.223891,1.14981,0.66528,12.849,1,0.359666,1.50805,0,83.1496,4.6704,79.6276,0.84672,12.849,0.84672,3695.15,0,18.483,0.0200785,3.01019,1.39874,9.22683,1.00592,12.6098,0.42336,9.2415,0.21168,9.2415,0.21168,442.007,0,1.02816,0,0,4.03835,3.01019,1.028160,1,0,93.3872,0,0,0,93.3872,0
72.29,2.12856,0,0,3.54713,0.246728,1.17184,3.6288,61.308,0.188952,0,0,1.43573,0.188968,1.05781,0.66528,12.849,1,0.378336,1.17184,0,76.9729,4.33839,73.428,0.84672,12.849,0.84672,3695.15,0,18.483,0.0284824,2.8097,1.39906,8.99484,0.882747,12.2924,0.42336,9.2415,0.21168,9.2415,0.21168,442.007,0,1.02816,0,0,3.83786,2.8097,1.028160,1,0,86.7782,0,0,0,86.7782,0
72.29,2.12908,0,0,3.35399,0.208296,1.01661,3.6288,61.308,0.189196,0,0,1.08697,0.21791,0.679867,0.66528,12.849,1,0.378428,1.01661,0,81.3447,4.63038,77.3525,0.84672,12.849,0.84672,3695.15,0,18.483,0.0285192,1.9489,1.47181,6.61616,0.935981,9.07236,0.42336,9.2415,0.21168,9.2415,0.21168,442.007,0,1.02816,0,0,2.97706,1.9489,1.028160,1,0,87.1048,0,0,0,87.1048,0
72.29,2.1296,0,0,2.89335,0.14932,0.614424,3.6288,61.308,0.18944,0,0,0.964466,0.257771,0.517255,0.66528,12.849,1,0.378521,0.614424,0,56.201,5.1168,51.3201,0.84672,12.849,0.84672,3695.15,0,18.483,0.028556,1.52243,1.47214,5.48842,1.12845,7.32598,0.42336,9.2415,0.21168,9.2415,0.21168,442.007,0,1.02816,0,0,2.55059,1.52243,1.028160,1,0,59.1633,0,0,0,59.1633,0
72.29,2.13012,0,0,2.76135,0.126486,0.504745,3.6288,61.308,0.189684,0,0,0.900452,0.264789,0.445979,0.66528,12.849,1,0.378613,0.504745,0,50.1815,5.23614,45.0715,0.84672,12.849,0.84672,3695.15,0,18.483,0.0285927,1.31447,1.47247,5.32774,1.17916,6.90694,0.42336,9.2415,0.21168,9.2415,0.21168,442.007,0,1.02816,0,0,2.34263,1.31447,1.028160,1,0,52.4244,0,0,0,52.4244,0
72.29,2.13064,0,0,2.68653,0.126486,0.429403,3.6288,61.308,0.189928,0,0,0.913369,0.264789,0.458652,0.66528,12.849,1,0.378705,0.429403,0,47.6837,5.23614,42.4983,0.84672,12.849,0.84672,3695.15,0,18.483,0.0286295,1.50436,1.4728,5.07355,1.17916,6.84293,0.42336,9.2415,0.21168,9.2415,0.21168,442.007,0,1.02816,0,0,2.53252,1.50436,1.028160,1,0,49.7999,0,0,0,49.7999,0
71.983,2.11047,0,0,2.29065,0.124266,0.36288,3.6288,61.308,0.220721,0,0,0.87899,0.251206,0.407064,0.66528,12.849,1,0.375119,0.36288,0,43.7394,4.91604,38.8111,0.84672,12.849,0.84672,3695.15,0,18.483,0.0332712,1.1993,1.47313,4.20645,1.1915,5.65411,0.42336,9.2415,0.21168,9.2415,0.21168,442.007,0,1.02816,0,0,2.22746,1.1993,1.028160,1,0,44.8723,0,0,0,44.8723,0
71.3372,2.10962,0,0,1.93622,0.109578,0.36288,3.6288,61.308,0.220972,0,0,0.859533,0.236167,0.402394,0.66528,12.849,1,0.376569,0.36288,0,40.8329,4.68667,36.1325,0.84672,12.849,0.84672,3695.15,0,18.483,0.0333091,0.722244,1.49606,3.79191,1.20035,4.77656,0.42336,9.2415,0.21168,9.2415,0.21168,442.007,0,1.02816,0,0,1.7504,0.722244,1.028160,1,0,41.3115,0,0,0,41.3115,0
70.5214,2.10725,0,0,1.76344,0.109039,0.36288,3.6288,61.308,0.221223,0,0,0.846461,0.236167,0.389071,0.66528,12.849,1,0.37955,0.36288,0,39.8835,4.68667,35.1802,0.84672,12.849,0.84672,3695.15,0,18.483,0.0333469,0.748837,1.4964,3.65768,1.20035,4.66922,0.42336,9.2415,0.21168,9.2415,0.21168,442.007,0,1.02816,0,0,1.777,0.748837,1.028160,1,0,40.2385,0,0,0,40.2385,0
69.5355,2.10405,0,0,1.5893,0.10836,0.36288,3.6288,61.308,0.221474,0,0,0.788244,0.236167,0.330603,0.66528,12.849,1,0.383358,0.36288,0,36.9661,4.68667,32.2589,0.84672,12.849,0.84672,3695.15,0,18.483,0.0333848,0.522565,1.49673,3.48258,1.20035,4.26814,0.42336,9.2415,0.21168,9.2415,0.21168,442.007,0,1.02816,0,0,1.55072,0.522565,1.028160,1,0,36.8577,0,0,0,36.8577,0
68.455,2.15315,0,0,1.51977,0.0842323,0.36288,3.6288,61.308,0.248976,0,0,0.7452,0.291012,0.205212,0.66528,12.849,1,0.397867,0.36288,0,33.327,5.39242,27.8996,0.84672,12.849,0.84672,3695.15,0,18.483,0.0375303,0.502952,1.49707,3.30881,1.45796,3.81334,0.42336,9.2415,0.21168,9.2415,0.21168,442.007,0,1.02816,0,0,1.53111,0.502952,1.028160,1,0,31.9181,0,0,0,31.9181,0
67.4875,2.14839,0,0,1.61607,0.072306,0.36288,3.6288,61.308,0.249233,0,0,0.683363,0.290953,0.143177,0.66528,12.849,1,0.403253,0.36288,0,33.3504,5.59377,27.7163,0.84672,12.849,0.84672,3695.15,0,18.483,0.0375691,0.582742,1.53344,3.2129,1.45681,3.83471,0.42336,9.2415,0.21168,9.2415,0.21168,442.007,0,1.02816,0,0,1.6109,0.582742,1.028160,1,0,31.6941,0,0,0,31.6941,0
66.4218,2.14406,0,0,1.51304,0.0717593,0.36288,3.6288,61.308,0.249491,0,0,0.658973,0.290953,0.118529,0.66528,12.849,1,0.408209,0.36288,0,31.2841,5.59377,25.645,0.84672,12.849,0.84672,3695.15,0,18.483,0.0376079,0.594199,1.53379,3.32322,1.45681,3.95679,0.42336,9.2415,0.21168,9.2415,0.21168,442.007,0,1.02816,0,0,1.62236,0.594199,1.028160,1,0,29.7203,0,0,0,29.7203,0
65.1865,2.13909,0,0,1.3378,0.0711571,0.36288,3.6288,61.308,0.249748,0,0,0.620338,0.290953,0.0796369,0.66528,12.849,1,0.413798,0.36288,0,29.5521,5.59377,23.9074,0.84672,12.849,0.84672,3695.15,0,18.483,0.0376467,0.426133,1.53413,3.11761,1.45681,3.58341,0.42336,9.2415,0.21168,9.2415,0.21168,442.007,0,1.02816,0,0,1.45429,0.426133,1.028160,1,0,27.5704,0,0,0,27.5704,0
63.684,2.28733,0,0,1.20891,0.0611847,0.36288,3.6288,61.2776,0.348455,0,0,0.614214,0.296133,0,0.66528,12.849,1,0.450859,0.36288,0,28.0133,5.74332,22.182,0.84672,12.849,0.84672,3695.15,0,18.483,0.0525257,0.382726,1.53448,3.11069,1.48669,3.48868,0.42336,9.2415,0.21168,9.2415,0.21168,442.007,0,1.02816,0,0,1.41089,0.382726,1.028160,1,0,25.6707,0,0,0,25.6707,0
62.0402,2.27903,0,0,1.0437,0.045594,0.36288,3.6288,61.1569,0.348712,0,0,0.539103,0.311118,0,0.66528,12.849,1,0.459821,0.36288,0,23.6235,5.91664,17.6099,0.84672,12.849,0.84672,3695.15,0,18.483,0.0525905,0.297069,1.65696,2.88219,1.49766,3.28597,0.42336,9.2415,0.21168,9.2415,0.21168,442.007,0,1.02816,0,0,1.32523,0.297069,1.028160,1,0,20.8959,0,0,0,20.8959,0
60.6042,2.26949,0,0,1.23422,0.0378634,0.36288,3.6288,61.0786,0.348901,0,0,0.594607,0.323968,0,0.66528,12.849,1,0.470028,0.36288,0,24.9183,5.96673,18.8444,0.84672,12.849,0.84672,3695.15,0,18.483,0.0527229,0.506244,1.65733,3.0408,1.55386,3.5978,0.42336,9.2415,0.21168,9.2415,0.21168,442.007,0,1.02816,0,0,1.5344,0.506244,1.028160,1,0,22.4422,0,0,0,22.4422,0
58.9216,2.26085,0,0,0.978584,0.037416,0.36288,3.6288,60.7824,0.418749,0,0,0.446307,0.323808,0,0.66528,12.849,1,0.479334,0.36288,0,27.3612,5.96673,21.2781,0.84672,12.849,0.84672,3695.15,0,18.483,0.0633588,0.204422,1.65771,2.44153,1.55386,2.68644,0.42336,9.2415,0.21168,9.2415,0.21168,442.007,0,0.947998,0,0,1.15242,0.204422,1.028160,1,0,23.9645,0,0,0,23.9645,0
57.4612,2.25016,0,0,1.18944,0.0368303,0.36288,3.6288,60.8276,0.349178,0,0,0.717547,0.323201,0,0.66528,12.849,1,0.49069,0.36288,0,23.8505,5.96673,17.756,0.84672,12.849,0.84672,3695.15,0,18.483,0.0530899,0.88249,1.65808,3.51796,1.55386,4.45157,0.42336,9.2415,0.21168,9.2415,0.21168,442.007,0,1.02816,0,0,1.91065,0.88249,1.028160,1,0,22.2076,0,0,0,22.2076,0
56.0313,2.16687,0,0,1.13059,0.0306893,0.36288,3.6288,60.7355,0.289732,0,0,0.50934,0.311698,0,0.66528,12.849,1,0.484537,0.36288,0,25.116,5.57124,19.4232,0.84672,12.849,0.84672,3695.15,0,18.483,0.0440188,0.503461,1.65845,3.64721,1.39971,4.3654,0.42336,9.2415,0.21168,9.2415,0.21168,442.007,0,1.02816,0,0,1.53162,0.503461,1.028160,1,0,23.7885,0,0,0,23.7885,0
55.0934,2.15733,0,0,1.65519,0.0728852,0.36288,3.6288,60.7483,0.28994,0,0,0.591145,0.288345,0,0.66528,12.849,1,0.494716,0.36288,0,31.0278,4.81215,26.0838,0.84672,12.849,0.84672,3695.15,0,18.483,0.0441173,1.14538,1.58875,5.10006,1.26254,6.52754,0.42336,9.2415,0.21168,9.2415,0.21168,442.007,0,1.02816,0,0,2.17354,1.14538,1.028160,1,0,32.6113,0,0,0,32.6113,0
54.2895,2.15103,0,0,1.79287,0.0828585,0.36288,3.6288,60.8713,0.290215,0,0,0.705568,0.292379,0,0.66528,12.849,1,0.501667,0.36288,0,34.0461,4.87725,29.0301,0.84672,12.849,0.84672,3695.15,0,18.483,0.0441497,1.23604,1.58911,5.8459,1.29982,7.32708,0.42336,9.2415,0.21168,9.2415,0.21168,442.007,0,1.02816,0,0,2.2642,1.23604,1.028160,1,0,36.3571,0,0,0,36.3571,0
53.5241,2.14554,0,0,1.82514,0.0821902,0.36288,3.6288,61.0095,0.290558,0,0,0.72138,0.292607,0,0.66528,12.849,1,0.507797,0.36288,0,48.4036,4.87725,43.3814,0.84672,12.849,0.84672,3695.15,0,18.483,0.0441127,1.38997,1.58947,6.29671,1.29982,7.93222,0.42336,9.2415,0.21168,9.2415,0.21168,442.007,0,1.02816,0,0,2.41813,1.38997,1.028160,1,0,51.3137,0,0,0,51.3137,0
53.0143,2.08051,0,0,2.01521,0.0815537,0.36288,3.6288,61.308,0.236444,0,0,1.04555,0.292863,0.217757,0.66528,12.849,1,0.499448,0.36288,0,114.901,4.87725,109.887,0.84672,12.849,0.84672,3695.15,0,18.483,0.0358157,1.94284,1.58983,8.8509,1.29982,11.0479,0.42336,9.2415,0.21168,9.2415,0.21168,442.007,0,1.02816,0,0,2.971,1.94284,1.028160,1,0,121.153,0,0,0,121.153,0
53.5692,2.07715,0,0,3.15316,0.158264,0.36288,3.6288,61.308,0.23685,0,0,1.09533,0.206416,0.652061,0.66528,12.849,1,0.503436,0.36288,0,80.886,4.45992,76.2855,0.84672,12.849,0.84672,3695.15,0,18.483,0.0357026,1.94301,1.52786,9.10017,1.03384,11.5015,0.42336,9.2415,0.21168,9.2415,0.21168,442.007,0,1.02816,0,0,2.97117,1.94301,1.028160,1,0,88.439,0,0,0,88.439,0
54.9227,2.08186,0,0,3.97029,0.172093,0.36288,3.6288,61.308,0.237105,0,0,1.39924,0.191916,0.970219,0.66528,12.849,1,0.499352,0.36288,0,89.9638,4.39036,85.437,0.84672,12.849,0.84672,3695.15,0,18.483,0.0357409,2.51046,1.5282,11.4824,0.98951,14.4958,0.42336,9.2415,0.21168,9.2415,0.21168,442.007,0,1.02816,0,0,3.53862,2.51046,1.028160,1,0,100.903,0,0,0,100.903,0
56.8995,2.09235,0,0,4.6065,0.174466,0.36288,3.6288,61.308,0.23736,0,0,2.0213,0.191916,1.59203,0.66528,12.849,1,0.489498,0.36288,0,104.884,4.39036,100.367,0.84672,12.849,0.84672,3695.15,0,18.483,0.0357793,3.36104,1.52855,13.8892,0.98951,17.7535,0.42336,9.2415,0.21168,9.2415,0.21168,442.007,0,1.02816,0,0,4.3892,3.36104,1.028160,1,0,119.713,0,0,0,119.713,0
58.5717,1.93507,0,0,4.16824,0.198022,0.36288,3.6288,61.308,0.124,0,0,1.54081,0.163046,1.25376,0.66528,12.849,1,0.436975,0.36288,0,95.0383,4.4241,90.5401,0.84672,12.849,0.84672,3695.15,0,18.483,0.0186916,2.93268,1.52889,13.8568,1.06968,17.23,0.42336,9.2415,0.21168,9.2415,0.21168,442.007,0,1.02816,0,0,3.96084,2.93268,1.028160,1,0,109.024,0,0,0,109.024,0
61.2017,1.94577,0,0,5.16497,0.226387,0.36288,3.6288,61.308,0.124229,0,0,2.50303,0.194321,2.18448,0.66528,12.849,1,0.426849,0.36288,0,105.929,4.24605,101.619,0.84672,12.849,0.84672,3695.15,0,18.483,0.0187261,3.45701,1.38879,18.0507,1.00175,21.876,0.42336,9.2415,0.21168,9.2415,0.21168,442.007,0,1.02816,0,0,4.48517,3.45701,1.028160,1,0,125.679,0,0,0,125.679,0
65.0582,1.96142,0,0,6.41567,0.234875,0.36288,3.6288,61.308,0.124458,0,0,3.38339,0.193678,3.06525,0.66528,12.849,1,0.41179,0.36288,0,136.491,4.26689,132.175,0.84672,12.849,0.84672,3695.15,0,18.483,0.0187607,4.81655,1.3891,17.6555,1.00108,22.8413,0.42336,9.2415,0.21168,9.2415,0.21168,442.007,0,1.02816,0,0,5.84471,4.81655,1.028160,1,0,158.082,0,0,0,158.082,0
68.7724,1.98229,0,0,6.30174,0.242379,0.36288,3.6288,61.308,0.124687,0,0,2.9864,0.193678,2.66803,0.66528,12.849,1,0.391502,0.36288,0,116.815,4.26689,112.519,0.84672,12.849,0.84672,3695.15,0,18.483,0.0187952,4.26728,1.38941,15.6151,1.00108,20.2519,0.42336,9.2415,0.21168,9.2415,0.21168,442.007,0,1.02816,0,0,5.29544,4.26728,1.028160,1,0,135.439,0,0,0,135.439,0
72.29,2.00059,0,0,6.63429,0.249606,0.866451,3.6288,61.308,0.124917,0,0,4.17826,0.193678,3.85967,0.66528,12.849,1,0.373778,0.866451,0,136.294,4.26689,132.52,0.84672,12.849,0.84672,3695.15,0,18.483,0.0188298,5.88679,1.38973,19.7687,1.00108,26.0253,0.42336,9.2415,0.21168,9.2415,0.21168,442.007,0,1.02816,0,0,6.91495,5.88679,1.028160,1,0,162.405,0,0,0,162.405,0
72.29,2.01603,0,0,4.98921,0.255298,2.71788,3.6288,61.308,0.124917,0,0,2.77252,0.208501,2.43911,0.66528,12.849,1,0.358335,2.71788,0,125.954,4.39856,123.915,0.84672,12.849,0.84672,3695.15,0,18.483,0.0188298,3.94192,1.39004,14.5736,1.06721,18.8195,0.42336,9.2415,0.21168,9.2415,0.21168,442.007,0,1.02816,0,0,4.97008,3.94192,1.028160,1,0,145.174,0,0,0,145.174,0
72.29,2.08532,0,0,15.1319,0.243753,12.8029,3.6288,61.308,0.158078,0,0,3.77121,0.241196,3.37194,0.66528,12.849,1,0.37065,12.8029,0,220.396,4.34553,228.483,0.84672,12.849,0.84672,3695.15,0,18.483,0.0238284,5.53155,1.39004,27.4529,1.13145,33.2192,0.42336,9.2415,0.21168,9.2415,0.21168,442.007,0,1.02816,0,0,6.55971,5.53155,1.028160,1,0,265.074,0,0,0,265.074,0
72.29,2.08581,0,0,18.2228,0.243753,15.8932,3.6288,61.308,0.158305,0,0,6.56803,0.241196,6.16853,0.66528,12.849,1,0.370737,15.8932,0,368.829,4.34553,380.006,0.84672,12.849,0.84672,3695.15,0,18.483,0.0238628,9.27539,1.43482,35.9227,1.13145,45.4776,0.42336,9.2415,0.21168,9.2415,0.21168,442.007,0,1.02816,0,0,10.3036,9.27539,1.028160,1,0,431.652,0,0,0,431.652,0
72.29,2.0863,0,0,10.9387,0.243753,8.60862,3.6288,61.308,0.158533,0,0,5.3847,0.241196,4.98497,0.66528,12.849,1,0.370825,8.60862,0,300.605,4.34553,304.498,0.84672,12.849,0.84672,3695.15,0,18.483,0.0238971,5.72275,1.43513,26.0013,1.13145,32.0038,0.42336,9.2415,0.21168,9.2415,0.21168,442.007,0,1.02816,0,0,6.75091,5.72275,1.028160,1,0,341.487,0,0,0,341.487,0
72.29,2.08679,0,0,10.6039,0.276072,8.24101,3.6288,61.308,0.158761,0,0,2.81985,0.18668,2.4744,0.66528,12.849,1,0.370912,8.24101,0,159.997,3.85938,164.008,0.84672,12.849,0.84672,3695.15,0,18.483,0.0239315,3.43125,1.43544,23.6843,0.987212,27.5399,0.42336,9.2415,0.21168,9.2415,0.21168,442.007,0,1.02816,0,0,4.45941,3.43125,1.028160,1,0,194.022,0,0,0,194.022,0
72.29,2.30841,0,0,9.24566,0.294109,6.64315,3.6288,61.308,0.282737,0,0,3.7138,0.197258,3.23381,0.66528,12.849,1,0.410302,6.64315,0,182.718,3.64594,185.305,0.84672,12.849,0.84672,3695.15,0,18.483,0.0426194,3.66314,1.43575,16.6616,0.940095,20.7778,0.42336,9.2415,0.21168,9.2415,0.21168,442.007,0,1.02816,0,0,4.6913,3.66314,1.028160,1,0,209.316,0,0,0,209.316,0
72.29,2.30894,0,0,7.3815,0.296152,4.7764,3.6288,61.308,0.282992,0,0,2.92918,0.210212,2.43597,0.66528,12.849,1,0.410397,4.7764,0,171.926,3.63835,172.653,0.84672,12.849,0.84672,3695.15,0,18.483,0.0426578,2.57675,1.59488,10.8944,0.944326,14.0791,0.42336,9.2415,0.21168,9.2415,0.21168,442.007,0,1.02816,0,0,3.60491,2.57675,1.028160,1,0,189.168,0,0,0,189.168,0
72.29,2.30948,0,0,10.6233,0.296152,8.01768,3.6288,61.308,0.283246,0,0,4.17965,0.210212,3.68619,0.66528,12.849,1,0.410493,8.01768,0,223.12,3.63835,227.089,0.84672,12.849,0.84672,3695.15,0,18.483,0.0426962,4.33055,1.59523,18.2295,0.944326,23.1683,0.42336,9.2415,0.21168,9.2415,0.21168,442.007,0,1.02816,0,0,5.35871,4.33055,1.028160,1,0,253.944,0,0,0,253.944,0
72.29,2.31002,0,0,11.3322,0.279144,8.74306,3.6288,61.308,0.283501,0,0,5.62265,0.241478,5.09767,0.66528,12.849,1,0.410589,8.74306,0,234.548,4.44828,238.433,0.84672,12.849,0.84672,3695.15,0,18.483,0.0427347,5.874,1.59557,24.8765,1.18421,31.1191,0.42336,9.2415,0.21168,9.2415,0.21168,442.007,0,1.02816,0,0,6.90216,5.874,1.028160,1,0,274.649,0,0,0,274.649,0
72.29,1.9949,0,0,7.26333,0.299856,4.96857,3.6288,61.308,0.117541,0,0,2.8039,0.184469,2.50189,0.66528,12.849,1,0.354579,4.96857,0,145.27,3.7737,146.11,0.84672,12.849,0.84672,3695.15,0,18.483,0.017718,3.28082,1.59592,14.0306,0.874033,18.0156,0.42336,9.2415,0.21168,9.2415,0.21168,442.007,0,1.02816,0,0,4.30898,3.28082,1.028160,1,0,166.627,0,0,0,166.627,0
72.29,1.99537,0,0,5.89077,0.305326,3.59007,3.6288,61.308,0.11776,0,0,1.83213,0.179576,1.53479,0.66528,12.849,1,0.354662,3.59007,0,84.8811,3.76152,84.355,0.84672,12.849,0.84672,3695.15,0,18.483,0.0177511,2.64278,1.37882,6.55164,0.862979,9.69251,0.42336,9.2415,0.21168,9.2415,0.21168,442.007,0,1.02816,0,0,3.67094,2.64278,1.028160,1,0,95.5823,0,0,0,95.5823,0
72.29,1.99584,0,0,8.71957,0.279898,6.44383,3.6288,61.308,0.117979,0,0,3.04067,0.170248,2.75244,0.66528,12.849,1,0.354746,6.44383,0,142.776,3.57998,145.285,0.84672,12.849,0.84672,3695.15,0,18.483,0.0177841,5.15627,1.37912,14.6911,0.844061,20.3647,0.42336,9.2415,0.21168,9.2415,0.21168,442.007,0,1.02816,0,0,6.18443,5.15627,1.028160,1,0,168.402,0,0,0,168.402,0
72.29,1.99631,0,0,7.93862,0.331237,5.61107,3.6288,61.308,0.118199,0,0,3.11608,0.22258,2.7753,0.66528,12.849,1,0.35483,5.61107,0,111.279,4.06021,112.475,0.84672,12.849,0.84672,3695.15,0,18.483,0.0178171,3.91721,1.37942,11.0792,0.956009,15.402,0.42336,9.2415,0.21168,9.2415,0.21168,442.007,0,1.02816,0,0,4.94537,3.91721,1.028160,1,0,130.652,0,0,0,130.652,0
72.29,1.99679,0,0,8.16134,0.297546,5.86701,3.6288,61.308,0.118418,0,0,2.52544,0.186347,2.22067,0.66528,12.849,1,0.354914,5.86701,0,169.374,3.63671,171.25,0.84672,12.849,0.84672,3695.15,0,18.483,0.0178501,3.76148,1.37972,10.8846,0.898308,15.1096,0.42336,9.2415,0.21168,9.2415,0.21168,442.007,0,1.02816,0,0,4.78964,3.76148,1.028160,1,0,188.58,0,0,0,188.58,0
72.29,2.0768,0,0,7.32265,0.326601,4.91925,3.6288,61.308,0.159343,0,0,2.43313,0.155929,2.11786,0.66528,12.849,1,0.369135,4.91925,0,111.448,3.44988,112.548,0.84672,12.849,0.84672,3695.15,0,18.483,0.0240192,3.07506,1.38001,10.2897,0.879308,13.8415,0.42336,9.2415,0.21168,9.2415,0.21168,442.007,0,1.02816,0,0,4.10322,3.07506,1.028160,1,0,128.508,0,0,0,128.508,0
72.29,2.07729,0,0,6.39865,0.326601,3.99477,3.6288,61.308,0.159571,0,0,3.09179,0.155929,2.77629,0.66528,12.849,1,0.369222,3.99477,0,71.4476,3.44988,71.6233,0.84672,12.849,0.84672,3695.15,0,18.483,0.0240536,2.85195,1.43406,9.98421,0.879308,13.3669,0.42336,9.2415,0.21168,9.2415,0.21168,442.007,0,1.02816,0,0,3.88011,2.85195,1.028160,1,0,87.7664,0,0,0,87.7664,0
72.29,2.07778,0,0,5.62184,0.326601,3.21746,3.6288,61.308,0.159799,0,0,2.168,0.155929,1.85227,0.66528,12.849,1,0.369309,3.21746,0,79.6617,3.44988,79.0599,0.84672,12.849,0.84672,3695.15,0,18.483,0.024088,2.1389,1.43437,8.83043,0.879308,11.5003,0.42336,9.2415,0.21168,9.2415,0.21168,442.007,0,1.02816,0,0,3.16706,2.1389,1.028160,1,0,92.4125,0,0,0,92.4125,0
72.29,2.07827,0,0,4.7695,0.290889,2.40035,3.6288,61.308,0.160027,0,0,1.70186,0.174959,1.36688,0.66528,12.849,1,0.369396,2.40035,0,74.1165,3.68256,72.4649,0.84672,12.849,0.84672,3695.15,0,18.483,0.0241224,1.65135,1.43468,8.60224,0.925109,10.739,0.42336,9.2415,0.21168,9.2415,0.21168,442.007,0,1.02816,0,0,2.67951,1.65135,1.028160,1,0,84.5708,0,0,0,84.5708,0
72.29,2.04763,0,0,5.66164,0.236249,3.37776,3.6288,61.308,0.144432,0,0,2.50634,0.211599,2.15031,0.66528,12.849,1,0.36395,3.37776,0,76.0631,3.84058,75.2363,0.84672,12.849,0.84672,3695.15,0,18.483,0.0217715,3.03615,1.43499,8.55896,0.978235,12.0301,0.42336,9.2415,0.21168,9.2415,0.21168,442.007,0,1.02816,0,0,4.06431,3.03615,1.028160,1,0,89.4167,0,0,0,89.4167,0
72.29,2.04811,0,0,4.40271,0.236249,2.11835,3.6288,61.308,0.144657,0,0,1.91973,0.211599,1.56347,0.66528,12.849,1,0.364036,2.11835,0,62.4802,3.84058,60.3939,0.84672,12.849,0.84672,3695.15,0,18.483,0.0218054,2.40931,1.41436,6.86284,0.978235,9.68647,0.42336,9.2415,0.21168,9.2415,0.21168,442.007,0,1.02816,0,0,3.43747,2.40931,1.028160,1,0,71.6438,0,0,0,71.6438,0
72.29,2.04859,0,0,3.86,0.236249,1.57516,3.6288,61.308,0.144882,0,0,1.81023,0.211599,1.45375,0.66528,12.849,1,0.364122,1.57516,0,57.0498,3.84058,54.4203,0.84672,12.849,0.84672,3695.15,0,18.483,0.0218393,1.99332,1.41467,6.39174,0.978235,8.79966,0.42336,9.2415,0.21168,9.2415,0.21168,442.007,0,1.02816,0,0,3.02148,1.99332,1.028160,1,0,64.6737,0,0,0,64.6737,0
72.29,2.04908,0,0,4.18664,0.236249,1.90132,3.6288,61.308,0.145106,0,0,1.73698,0.211599,1.38027,0.66528,12.849,1,0.364208,1.90132,0,61.5008,3.84058,59.1973,0.84672,12.849,0.84672,3695.15,0,18.483,0.0218732,1.42623,1.41498,6.99545,0.978235,8.83654,0.42336,9.2415,0.21168,9.2415,0.21168,442.007,0,1.02816,0,0,2.45439,1.42623,1.028160,1,0,69.4142,0,0,0,69.4142,0
72.29,2.15531,0,0,4.22215,0.194275,1.87257,3.6288,61.308,0.201495,0,0,1.78457,0.234154,1.34892,0.66528,12.849,1,0.38309,1.87257,0,55.2664,4.09945,52.6564,0.84672,12.849,0.84672,3695.15,0,18.483,0.0303731,1.57516,1.41528,6.51076,1.06698,8.40385,0.42336,9.2415,0.21168,9.2415,0.21168,442.007,0,1.02816,0,0,2.60332,1.57516,1.028160,1,0,62.4092,0,0,0,62.4092,0
72.29,2.15581,0,0,4.05043,0.185756,1.70886,3.6288,61.308,0.201732,0,0,1.6386,0.240468,1.1964,0.66528,12.849,1,0.38318,1.70886,0,48.1349,4.15569,45.3049,0.84672,12.849,0.84672,3695.15,0,18.483,0.0304089,1.57804,1.48886,5.8517,1.1036,7.78459,0.42336,9.2415,0.21168,9.2415,0.21168,442.007,0,1.02816,0,0,2.6062,1.57804,1.028160,1,0,54.2859,0,0,0,54.2859,0
72.29,2.15632,0,0,3.58181,0.164162,1.26132,3.6288,61.308,0.201969,0,0,1.538,0.254633,1.0814,0.66528,12.849,1,0.38327,1.26132,0,42.7887,4.31634,39.3504,0.84672,12.849,0.84672,3695.15,0,18.483,0.0304446,1.43086,1.48918,5.71444,1.14464,7.45939,0.42336,9.2415,0.21168,9.2415,0.21168,442.007,0,1.02816,0,0,2.45902,1.43086,1.028160,1,0,47.8912,0,0,0,47.8912,0
72.29,2.15683,0,0,3.39043,0.13537,1.09823,3.6288,61.308,0.202207,0,0,1.47557,0.27352,0.999839,0.66528,12.849,1,0.38336,1.09823,0,39.5788,4.53054,35.7631,0.84672,12.849,0.84672,3695.15,0,18.483,0.0304804,1.30067,1.48951,5.5631,1.19937,7.12342,0.42336,9.2415,0.21168,9.2415,0.21168,442.007,0,1.02816,0,0,2.32883,1.30067,1.028160,1,0,43.8864,0,0,0,43.8864,0
72.29,2.15733,0,0,3.22129,0.135816,0.928145,3.6288,61.308,0.202444,0,0,1.42704,0.273455,0.951144,0.66528,12.849,1,0.38345,0.928145,0,39.433,4.77111,35.2065,0.84672,12.849,0.84672,3695.15,0,18.483,0.0305162,1.12126,1.48983,5.80274,1.20059,7.18272,0.42336,9.2415,0.21168,9.2415,0.21168,442.007,0,1.02816,0,0,2.14942,1.12126,1.028160,1,0,43.3404,0,0,0,43.3404,0
72.29,2.1369,0,0,3.05083,0.120007,0.793918,3.6288,61.308,0.233583,0,0,1.36925,0.296873,0.838794,0.66528,12.849,1,0.379818,0.793918,0,38.3203,5.39785,33.3365,0.84672,12.849,0.84672,3695.15,0,18.483,0.03521,0.970091,1.49015,5.75441,1.28175,6.8977,0.42336,9.2415,0.21168,9.2415,0.21168,442.007,0,1.02816,0,0,1.99825,0.970091,1.028160,1,0,41.073,0,0,0,41.073,0
72.29,2.1374,0,0,2.89585,0.107311,0.651136,3.6288,61.308,0.233827,0,0,1.32299,0.314557,0.774607,0.66528,12.849,1,0.379907,0.651136,0,35.7966,5.41685,30.651,0.84672,12.849,0.84672,3695.15,0,18.483,0.0352468,0.901791,1.51333,5.79767,1.34033,6.83721,0.42336,9.2415,0.21168,9.2415,0.21168,442.007,0,1.02816,0,0,1.92995,0.901791,1.028160,1,0,38.2628,0,0,0,38.2628,0
72.29,2.13791,0,0,2.71795,0.107311,0.472728,3.6288,61.308,0.234071,0,0,1.16431,0.314557,0.615681,0.66528,12.849,1,0.379997,0.472728,0,32.7077,5.41685,27.3836,0.84672,12.849,0.84672,3695.15,0,18.483,0.0352836,0.830399,1.51366,5.50214,1.34033,6.47058,0.42336,9.2415,0.21168,9.2415,0.21168,442.007,0,1.02816,0,0,1.85856,0.830399,1.028160,1,0,34.4698,0,0,0,34.4698,0
72.227,2.13841,0,0,2.54558,0.107311,0.36288,3.6288,61.308,0.234315,0,0,1.08556,0.314557,0.536692,0.66528,12.849,1,0.380086,0.36288,0,31.2994,5.41685,25.8654,0.84672,12.849,0.84672,3695.15,0,18.483,0.0353204,0.727868,1.51398,5.20782,1.34033,6.07402,0.42336,9.2415,0.21168,9.2415,0.21168,442.007,0,1.02816,0,0,1.75603,0.727868,1.028160,1,0,32.4761,0,0,0,32.4761,0
71.8443,2.19273,0,0,2.26996,0.0970742,0.36288,3.6288,61.308,0.262124,0,0,1.04419,0.311187,0.470876,0.66528,12.849,1,0.390082,0.36288,0,28.0098,5.56984,22.4128,0.84672,12.849,0.84672,3695.15,0,18.483,0.0395123,0.435948,1.51431,4.08345,1.42615,4.56804,0.42336,9.2415,0.21168,9.2415,0.21168,442.007,0,1.02816,0,0,1.46411,0.435948,1.028160,1,0,27.4517,0,0,0,27.4517,0
71.3384,2.19148,0,0,2.14362,0.0950994,0.36288,3.6288,61.308,0.262374,0,0,0.924031,0.310626,0.351031,0.66528,12.849,1,0.391936,0.36288,0,26.9112,5.59535,21.2868,0.84672,12.849,0.84672,3695.15,0,18.483,0.03955,0.49216,1.55109,4.15624,1.44045,4.71948,0.42336,9.2415,0.21168,9.2415,0.21168,442.007,0,1.02816,0,0,1.52032,0.49216,1.028160,1,0,26.3573,0,0,0,26.3573,0
70.6971,2.18964,0,0,2.00594,0.0947332,0.36288,3.6288,61.308,0.262624,0,0,0.855317,0.310626,0.282067,0.66528,12.849,1,0.394384,0.36288,0,24.294,5.59535,18.6671,0.84672,12.849,0.84672,3695.15,0,18.483,0.0395877,0.426911,1.55142,3.70939,1.44045,4.20769,0.42336,9.2415,0.21168,9.2415,0.21168,442.007,0,1.02816,0,0,1.45507,0.426911,1.028160,1,0,23.1569,0,0,0,23.1569,0
69.8944,2.18713,0,0,1.84154,0.0942688,0.36288,3.6288,61.308,0.262875,0,0,0.845925,0.310626,0.272425,0.66528,12.849,1,0.397504,0.36288,0,22.2076,5.59535,16.5776,0.84672,12.849,0.84672,3695.15,0,18.483,0.0396254,0.307403,1.55176,3.62794,1.44045,4.00703,0.42336,9.2415,0.21168,9.2415,0.21168,442.007,0,1.02816,0,0,1.33556,0.307403,1.028160,1,0,20.857,0,0,0,20.857,0
69.077,2.34157,0,0,1.97628,0.0891815,0.36288,3.6288,61.308,0.362704,0,0,0.951152,0.303656,0.284792,0.66528,12.849,1,0.430462,0.36288,0,22.5209,5.73386,16.7195,0.84672,12.849,0.84672,3695.15,0,18.483,0.0546736,0.644207,1.5521,4.96466,1.47931,5.62698,0.42336,9.2415,0.21168,9.2415,0.21168,442.007,0,1.02816,0,0,1.67237,0.644207,1.028160,1,0,22.6313,0,0,0,22.6313,0
67.7275,2.33782,0,0,1.45083,0.0996458,0.36288,3.6288,61.308,0.362976,0,0,0.745675,0.298564,0.0841354,0.66528,12.849,1,0.434857,0.36288,0,20.2575,5.66622,14.5193,0.84672,12.849,0.84672,3695.15,0,18.483,0.0547146,0.384013,1.67597,3.74073,1.47067,4.27533,0.42336,9.2415,0.21168,9.2415,0.21168,442.007,0,1.02816,0,0,1.41217,0.384013,1.028160,1,0,18.8788,0,0,0,18.8788,0
66.4161,2.33108,0,0,1.48114,0.0985999,0.36288,3.6288,61.308,0.363248,0,0,0.714122,0.298564,0.05231,0.66528,12.849,1,0.442244,0.36288,0,18.6896,5.66622,12.944,0.84672,12.849,0.84672,3695.15,0,18.483,0.0547556,0.326532,1.67633,3.83492,1.47067,4.31237,0.42336,9.2415,0.21168,9.2415,0.21168,442.007,0,1.02816,0,0,1.35469,0.326532,1.028160,1,0,17.3087,0,0,0,17.3087,0
65.8337,2.3243,0,0,2.20727,0.102447,0.36288,3.6288,61.308,0.36352,0,0,0.845441,0.297491,0.18443,0.66528,12.849,1,0.449665,0.36288,0,24.0585,5.63654,18.3352,0.84672,12.849,0.84672,3695.15,0,18.483,0.0547966,0.603875,1.6767,4.20295,1.46703,4.9617,0.42336,9.2415,0.21168,9.2415,0.21168,442.007,0,1.02816,0,0,1.63204,0.603875,1.028160,1,0,23.4813,0,0,0,23.4813,0
66.0502,2.32152,0,0,3.02044,0.119561,0.36288,3.6288,61.308,0.363792,0,0,1.09158,0.285727,0.442058,0.66528,12.849,1,0.453099,0.36288,0,31.4852,5.56595,25.829,0.84672,12.849,0.84672,3695.15,0,18.483,0.0548376,0.799062,1.67706,4.64042,1.42427,5.63743,0.42336,9.2415,0.21168,9.2415,0.21168,442.007,0,1.02816,0,0,1.82722,0.799062,1.028160,1,0,31.9085,0,0,0,31.9085,0
65.0961,2.24701,0,0,1.73956,0.0837301,0.36288,3.6288,61.308,0.303559,0,0,0.885652,0.266841,0.315253,0.66528,12.849,1,0.437119,0.36288,0,12.4151,5.67641,6.66443,0.84672,12.849,0.84672,3695.15,0,18.483,0.0457581,1.10235,1.67742,3.67223,1.30604,5.10021,0.42336,9.2415,0.21168,9.2415,0.21168,442.007,0,1.02816,0,0,2.13051,1.10235,1.028160,1,0,12.0799,0,0,0,12.0799,0
63.8841,2.24218,0,0,1.47611,0.0830939,0.36288,3.6288,61.308,0.303818,0,0,0.807304,0.266841,0.236646,0.66528,12.849,1,0.442573,0.36288,0,11.4718,5.67641,5.71575,0.84672,12.849,0.84672,3695.15,0,18.483,0.0457971,0.908772,1.60691,3.49429,1.30604,4.65814,0.42336,9.2415,0.21168,9.2415,0.21168,442.007,0,1.02816,0,0,1.93693,0.908772,1.028160,1,0,10.6105,0,0,0,10.6105,0
64.2402,2.23571,0,0,3.14727,0.192538,0.36288,3.6288,61.308,0.304077,0,0,1.47685,0.175873,0.996903,0.66528,12.849,1,0.449669,0.36288,0,25.2529,4.43063,20.7355,0.84672,12.849,0.84672,3695.15,0,18.483,0.0458362,1.57203,1.60726,7.74241,0.916655,9.95921,0.42336,9.2415,0.21168,9.2415,0.21168,442.007,0,1.02816,0,0,2.60019,1.57203,1.028160,1,0,31.6916,0,0,0,31.6916,0
66.7131,2.23831,0,0,5.28562,0.211522,0.36288,3.6288,61.308,0.304336,0,0,1.74648,0.160712,1.28143,0.66528,12.849,1,0.447696,0.36288,0,38.3369,4.22299,34.0291,0.84672,12.849,0.84672,3695.15,0,18.483,0.0458753,2.28797,1.60761,7.01306,0.851757,10.011,0.42336,9.2415,0.21168,9.2415,0.21168,442.007,0,1.02816,0,0,3.31613,2.28797,1.028160,1,0,45.3215,0,0,0,45.3215,0
66.3355,2.18998,0,0,2.41377,0.238549,0.36288,3.6288,61.308,0.249472,0,0,0.990173,0.190556,0.550145,0.66528,12.849,1,0.421791,0.36288,0,27.0162,3.81627,23.1411,0.84672,12.849,0.84672,3695.15,0,18.483,0.0376052,0.818018,1.60796,4.65964,0.937208,6.1108,0.42336,9.2415,0.21168,9.2415,0.21168,442.007,0,1.02816,0,0,1.84618,0.818018,1.028160,1,0,29.802,0,0,0,29.802,0
67.8482,2.18848,0,0,4.311,0.246928,0.36288,3.6288,61.308,0.24972,0,0,1.75175,0.202494,1.29953,0.66528,12.849,1,0.423902,0.36288,0,42.372,3.65358,38.6574,0.84672,12.849,0.84672,3695.15,0,18.483,0.0376425,1.97545,1.54527,9.28912,0.971388,11.8008,0.42336,9.2415,0.21168,9.2415,0.21168,442.007,0,1.02816,0,0,3.00361,1.97545,1.028160,1,0,51.7578,0,0,0,51.7578,0
67.9016,2.19694,0,0,2.86313,0.249897,0.36288,3.6288,61.308,0.249967,0,0,1.69163,0.202494,1.23917,0.66528,12.849,1,0.416053,0.36288,0,26.0791,3.65358,22.3724,0.84672,12.849,0.84672,3695.15,0,18.483,0.0376798,2.06745,1.5456,6.91864,0.971388,9.52262,0.42336,9.2415,0.21168,9.2415,0.21168,442.007,0,1.02816,0,0,3.09561,2.06745,1.028160,1,0,33.1342,0,0,0,33.1342,0
69.2319,2.19773,0,0,4.19242,0.301547,0.36288,3.6288,61.308,0.250215,0,0,1.33662,0.21974,0.866669,0.66528,12.849,1,0.415875,0.36288,0,50.8808,3.94353,46.8843,0.84672,12.849,0.84672,3695.15,0,18.483,0.0377171,1.34738,1.54594,12.7189,1.03908,14.5354,0.42336,9.2415,0.21168,9.2415,0.21168,442.007,0,1.02816,0,0,2.37554,1.34738,1.028160,1,0,62.2864,0,0,0,62.2864,0
72.29,2.02548,0,0,8.10008,0.314364,2.70213,3.6288,61.308,0.135558,0,0,2.15847,0.236683,1.78623,0.66528,12.849,1,0.375915,2.70213,0,92.2334,4.43229,90.1273,0.84672,12.849,0.84672,3695.15,0,18.483,0.0204338,2.79764,1.54627,13.4692,1.14698,16.6457,0.42336,9.2415,0.21168,9.2415,0.21168,442.007,0,1.02816,0,0,3.8258,2.79764,1.028160,1,0,108.559,0,0,0,108.559,0
72.29,2.03946,0,0,5.23705,0.306592,2.891,3.6288,61.308,0.13578,0,0,0.988476,0.250076,0.60262,0.66528,12.849,1,0.362498,2.891,0,40.2857,4.92933,37.8849,0.84672,12.849,0.84672,3695.15,0,18.483,0.0204674,0.868519,1.40456,7.61763,1.25475,8.6155,0.42336,9.2415,0.21168,9.2415,0.21168,442.007,0,1.02816,0,0,1.89668,0.868519,1.028160,1,0,47.103,0,0,0,47.103,0
72.29,2.03994,0,0,5.28214,0.306592,2.93561,3.6288,61.308,0.136003,0,0,1.5205,0.250076,1.13442,0.66528,12.849,1,0.362584,2.93561,0,48.3186,4.92933,45.9623,0.84672,12.849,0.84672,3695.15,0,18.483,0.020501,1.83737,1.40487,13.9939,1.25475,15.9609,0.42336,9.2415,0.21168,9.2415,0.21168,442.007,0,1.02816,0,0,2.86553,1.83737,1.028160,1,0,63.0576,0,0,0,63.0576,0
72.29,2.04042,0,0,3.29871,0.298555,0.959735,3.6288,61.308,0.159689,0,0,0.643912,0.224329,0.259894,0.66528,12.849,1,0.362669,0.959735,0,28.0166,4.46066,24.153,0.84672,12.849,0.84672,3695.15,0,18.483,0.0240714,0.412474,1.40517,6.02837,1.11996,6.70198,0.42336,9.2415,0.21168,9.2415,0.21168,442.007,0,1.00116,0,0,1.41363,0.412474,1.028160,1,0,31.1149,0,0,0,31.1149,0
72.29,2.0409,0,0,3.08676,0.287839,0.758022,3.6288,61.308,0.364842,0,0,0.737797,0.189998,0.182957,0.66528,12.849,1,0.362754,0.758022,0,30.2644,3.83575,26.8239,0.84672,12.849,0.84672,3695.15,0,18.483,0.0549958,0.412474,1.40548,6.49274,0.940251,7.31544,0.42336,9.2415,0.21168,9.2415,0.21168,442.007,0,0.76534,0,0,1.17781,0.412474,1.028160,1,0,34.3223,0,0,0,34.3223,0
72.29,2.11095,0,0,2.9508,0.309386,0.530464,3.6288,61.308,0.169976,0,0,0.598124,0.186447,0.2417,0.66528,12.849,1,0.375206,0.530464,0,45.2652,3.53357,41.8869,0.84672,12.849,0.84672,3695.15,0,18.483,0.025622,1.41242,1.40578,9.26044,0.860044,11.193,0.42336,9.2415,0.21168,9.2415,0.21168,442.007,0,1.02816,0,0,2.44058,1.41242,1.028160,1,0,53.3216,0,0,0,53.3216,0
72.29,2.11143,0,0,5.07531,0.309386,2.65449,3.6288,61.308,0.170197,0,0,0.991968,0.186447,0.635323,0.66528,12.849,1,0.37529,2.65449,0,98.2714,3.53357,97.017,0.84672,12.849,0.84672,3695.15,0,18.483,0.0256553,1.95354,1.45105,10.5192,0.860044,13.0381,0.42336,9.2415,0.21168,9.2415,0.21168,442.007,0,1.02816,0,0,2.9817,1.95354,1.028160,1,0,110.69,0,0,0,110.69,0
72.29,2.1119,0,0,4.17503,0.309386,1.75374,3.6288,61.308,0.170418,0,0,1.16974,0.186447,0.812869,0.66528,12.849,1,0.375375,1.75374,0,74.9364,3.53357,72.7812,0.84672,12.849,0.84672,3695.15,0,18.483,0.0256887,2.87302,1.45135,11.6789,0.860044,15.1175,0.42336,9.2415,0.21168,9.2415,0.21168,442.007,0,1.02816,0,0,3.90118,2.87302,1.028160,1,0,88.7116,0,0,0,88.7116,0
72.29,2.11238,0,0,7.59204,0.330265,5.14939,3.6288,61.308,0.17064,0,0,2.07528,0.17654,1.7281,0.66528,12.849,1,0.37546,5.14939,0,141.428,3.6808,142.521,0.84672,12.849,0.84672,3695.15,0,18.483,0.025722,5.11701,1.45165,14.2074,0.827518,19.9229,0.42336,9.2415,0.21168,9.2415,0.21168,442.007,0,1.02816,0,0,6.14517,5.11701,1.028160,1,0,164.172,0,0,0,164.172,0
72.29,2.33647,0,0,5.34722,0.338327,2.67242,3.6288,61.308,0.296004,0,0,1.64157,0.155282,1.19029,0.66528,12.849,1,0.41529,2.67242,0,136.35,3.13772,135.469,0.84672,12.849,0.84672,3695.15,0,18.483,0.0446194,2.58024,1.45196,13.0881,0.740523,16.3352,0.42336,9.2415,0.21168,9.2415,0.21168,442.007,0,1.02816,0,0,3.6084,2.58024,1.028160,1,0,152.994,0,0,0,152.994,0
72.29,2.33699,0,0,4.32582,0.332629,1.6562,3.6288,61.308,0.296252,0,0,1.15675,0.144912,0.715586,0.66528,12.849,1,0.415383,1.6562,0,110.888,2.64757,109.482,0.84672,12.849,0.84672,3695.15,0,18.483,0.0446567,1.70271,1.61287,12.0822,0.693573,14.6595,0.42336,9.2415,0.21168,9.2415,0.21168,442.007,0,1.02816,0,0,2.73087,1.70271,1.028160,1,0,124.857,0,0,0,124.857,0
72.29,2.33752,0,0,3.31445,0.332629,0.644304,3.6288,61.308,0.296499,0,0,1.00724,0.144912,0.565832,0.66528,12.849,1,0.415476,0.644304,0,95.3346,2.64757,92.9159,0.84672,12.849,0.84672,3695.15,0,18.483,0.0446939,1.14837,1.61321,11.1747,0.693573,13.198,0.42336,9.2415,0.21168,9.2415,0.21168,442.007,0,1.02816,0,0,2.17653,1.14837,1.028160,1,0,106.68,0,0,0,106.68,0
72.29,2.33804,0,0,6.62933,0.317045,3.97425,3.6288,61.308,0.296746,0,0,2.02644,0.178108,1.55159,0.66528,12.849,1,0.415569,3.97425,0,130.804,3.43381,130.929,0.84672,12.849,0.84672,3695.15,0,18.483,0.0447312,3.85913,1.61354,16.0466,0.939548,20.535,0.42336,9.2415,0.21168,9.2415,0.21168,442.007,0,1.02816,0,0,4.88729,3.85913,1.028160,1,0,153.016,0,0,0,153.016,0
72.29,2.01935,0,0,6.83302,0.32319,4.49048,3.6288,61.308,0.12891,0,0,2.60658,0.184222,2.29344,0.66528,12.849,1,0.358925,4.49048,0,148.773,3.75476,149.15,0.84672,12.849,0.84672,3695.15,0,18.483,0.0194318,6.03992,1.61388,18.9591,1.05532,25.5381,0.42336,9.2415,0.21168,9.2415,0.21168,442.007,0,1.02816,0,0,7.06808,6.03992,1.028160,1,0,176.981,0,0,0,176.981,0
72.29,2.01981,0,0,5.00327,0.329746,2.65371,3.6288,61.308,0.129123,0,0,1.57719,0.184658,1.26341,0.66528,12.849,1,0.359006,2.65371,0,100.505,3.89718,98.9023,0.84672,12.849,0.84672,3695.15,0,18.483,0.0194638,2.6864,1.39432,13.2123,1.1114,16.1622,0.42336,9.2415,0.21168,9.2415,0.21168,442.007,0,1.02816,0,0,3.71456,2.6864,1.028160,1,0,116.328,0,0,0,116.328,0
72.29,2.02027,0,0,3.97795,0.329746,1.62794,3.6288,61.308,0.129335,0,0,1.19648,0.184658,0.882482,0.66528,12.849,1,0.359087,1.62794,0,114.318,3.89718,111.69,0.84672,12.849,0.84672,3695.15,0,18.483,0.0194958,1.52678,1.39461,9.7308,1.1114,11.5213,0.42336,9.2415,0.21168,9.2415,0.21168,442.007,0,1.02816,0,0,2.55494,1.52678,1.028160,1,0,124.094,0,0,0,124.094,0
72.2832,2.02073,0,0,2.69526,0.318418,0.36288,3.6288,61.308,0.129548,0,0,0.826805,0.178642,0.518615,0.66528,12.849,1,0.359169,0.36288,0,92.2208,3.80998,88.4145,0.84672,12.849,0.84672,3695.15,0,18.483,0.0195279,1.08712,1.3949,8.78757,1.09887,10.1512,0.42336,9.2415,0.21168,9.2415,0.21168,442.007,0,1.02816,0,0,2.11528,1.08712,1.028160,1,0,99.0843,0,0,0,99.0843,0
72.29,2.02116,0,0,3.89256,0.259347,1.60529,3.6288,61.308,0.129761,0,0,1.15295,0.154486,0.868701,0.66528,12.849,1,0.359279,1.60529,0,98.3578,3.40556,96.1982,0.84672,12.849,0.84672,3695.15,0,18.483,0.01956,1.87517,1.39519,10.378,1.05108,12.5777,0.42336,9.2415,0.21168,9.2415,0.21168,442.007,0,1.02816,0,0,2.90333,1.87517,1.028160,1,0,109.645,0,0,0,109.645,0
72.29,2.10207,0,0,4.16235,0.312831,1.74744,3.6288,61.308,0.171136,0,0,1.97824,0.226135,1.58097,0.66528,12.849,1,0.373628,1.74744,0,133.471,4.11799,130.727,0.84672,12.849,0.84672,3695.15,0,18.483,0.0257968,3.59775,1.39548,14.1084,1.21527,17.8606,0.42336,9.2415,0.21168,9.2415,0.21168,442.007,0,1.02816,0,0,4.62591,3.59775,1.028160,1,0,150.168,0,0,0,150.168,0
72.29,2.10255,0,0,3.03712,0.312831,0.621744,3.6288,61.308,0.171357,0,0,1.45579,0.226135,1.0583,0.66528,12.849,1,0.373712,0.621744,0,70.994,4.11799,67.1241,0.84672,12.849,0.84672,3695.15,0,18.483,0.0258301,2.219,1.45012,8.52129,1.21527,10.9493,0.42336,9.2415,0.21168,9.2415,0.21168,442.007,0,1.02816,0,0,3.24716,2.219,1.028160,1,0,79.1317,0,0,0,79.1317,0
72.2028,2.10302,0,0,2.64686,0.268191,0.36288,3.6288,61.308,0.171578,0,0,1.29845,0.249923,0.876943,0.66528,12.849,1,0.373797,0.36288,0,62.3862,4.40884,57.9665,0.84672,12.849,0.84672,3695.15,0,18.483,0.0258635,1.83716,1.45042,7.78922,1.27252,9.77842,0.42336,9.2415,0.21168,9.2415,0.21168,442.007,0,1.02816,0,0,2.86532,1.83716,1.028160,1,0,68.6218,0,0,0,68.6218,0
72.29,2.10311,0,0,3.25749,0.301647,0.765495,3.6288,61.308,0.1718,0,0,1.91443,0.250482,1.49215,0.66528,12.849,1,0.374264,0.765495,0,96.1796,5.18227,91.3886,0.84672,12.849,0.84672,3695.15,0,18.483,0.0258969,3.37548,1.45072,14.5559,1.53448,17.8217,0.42336,9.2415,0.21168,9.2415,0.21168,442.007,0,1.02816,0,0,4.40364,3.37548,1.028160,1,0,110.702,0,0,0,110.702,0
71.9441,2.0725,0,0,2.38805,0.298579,0.36288,3.6288,61.308,0.156021,0,0,1.32631,0.230265,0.940023,0.66528,12.849,1,0.368371,0.36288,0,72.2503,4.39131,67.8535,0.84672,12.849,0.84672,3695.15,0,18.483,0.0235184,2.12514,1.45103,8.37769,1.31991,10.6104,0.42336,9.2415,0.21168,9.2415,0.21168,442.007,0,1.02816,0,0,3.1533,2.12514,1.028160,1,0,79.4039,0,0,0,79.4039,0
71.5697,2.07146,0,0,2.27401,0.214112,0.36288,3.6288,61.308,0.156239,0,0,1.10654,0.265293,0.68501,0.66528,12.849,1,0.369957,0.36288,0,61.7629,4.57758,57.1782,0.84672,12.849,0.84672,3695.15,0,18.483,0.0235513,1.55162,1.43016,7.70705,1.29759,9.36769,0.42336,9.2415,0.21168,9.2415,0.21168,442.007,0,1.02816,0,0,2.57978,1.55162,1.028160,1,0,67.2309,0,0,0,67.2309,0
71.0054,2.07029,0,0,2.08241,0.213502,0.36288,3.6288,61.308,0.156457,0,0,1.04047,0.265293,0.618722,0.66528,12.849,1,0.371682,0.36288,0,60.3787,4.57758,55.7924,0.84672,12.849,0.84672,3695.15,0,18.483,0.0235842,1.30883,1.43045,7.95632,1.29759,9.37442,0.42336,9.2415,0.21168,9.2415,0.21168,442.007,0,1.02816,0,0,2.33699,1.30883,1.028160,1,0,65.7855,0,0,0,65.7855,0
70.2037,2.06826,0,0,1.84204,0.212583,0.36288,3.6288,61.308,0.156675,0,0,1.01974,0.265293,0.597776,0.66528,12.849,1,0.374268,0.36288,0,50.3925,4.57758,45.8036,0.84672,12.849,0.84672,3695.15,0,18.483,0.0236171,1.15239,1.43075,6.46298,1.29759,7.72491,0.42336,9.2415,0.21168,9.2415,0.21168,442.007,0,1.02816,0,0,2.18055,1.15239,1.028160,1,0,54.1263,0,0,0,54.1263,0
69.2433,2.17156,0,0,1.77329,0.199234,0.36288,3.6288,61.308,0.213682,0,0,0.916229,0.292783,0.409764,0.66528,12.849,1,0.397449,0.36288,0,46.2199,4.81783,41.3674,0.84672,12.849,0.84672,3695.15,0,18.483,0.0322102,1.0614,1.43105,6.20015,1.32194,7.33845,0.42336,9.2415,0.21168,9.2415,0.21168,442.007,0,1.02816,0,0,2.08956,1.0614,1.028160,1,0,49.1157,0,0,0,49.1157,0
68.2578,2.1674,0,0,1.69876,0.153993,0.36288,3.6288,61.308,0.213913,0,0,0.814061,0.305768,0.29438,0.66528,12.849,1,0.402189,0.36288,0,45.6304,5.18154,40.4096,0.84672,12.849,0.84672,3695.15,0,18.483,0.0322449,0.797636,1.50543,6.05166,1.28113,7.04136,0.42336,9.2415,0.21168,9.2415,0.21168,442.007,0,1.02816,0,0,1.8258,0.797636,1.028160,1,0,47.7453,0,0,0,47.7453,0
67.1751,2.163,0,0,1.59594,0.152814,0.36288,3.6288,61.308,0.214143,0,0,0.806475,0.305768,0.286564,0.66528,12.849,1,0.407167,0.36288,0,40.041,5.18154,34.8151,0.84672,12.849,0.84672,3695.15,0,18.483,0.0322796,0.945449,1.50575,5.51075,1.28113,6.64854,0.42336,9.2415,0.21168,9.2415,0.21168,442.007,0,1.02816,0,0,1.97361,0.945449,1.028160,1,0,41.7502,0,0,0,41.7502,0
66.0354,2.15797,0,0,1.53272,0.151519,0.36288,3.6288,61.308,0.214373,0,0,0.782594,0.305768,0.262453,0.66528,12.849,1,0.412769,0.36288,0,36.0213,5.18154,30.7899,0.84672,12.849,0.84672,3695.15,0,18.483,0.0323144,0.936084,1.50606,5.13891,1.28113,6.26761,0.42336,9.2415,0.21168,9.2415,0.21168,442.007,0,1.02816,0,0,1.96424,0.936084,1.028160,1,0,37.3199,0,0,0,37.3199,0
64.9812,2.15249,0,0,1.59084,0.129663,0.36288,3.6288,61.308,0.214603,0,0,0.721466,0.32453,0.182333,0.66528,12.849,1,0.418827,0.36288,0,35.5406,5.17789,30.3068,0.84672,12.849,0.84672,3695.15,0,18.483,0.0323491,0.893704,1.50637,5.14831,1.34391,6.17212,0.42336,9.2415,0.21168,9.2415,0.21168,442.007,0,1.02816,0,0,1.92186,0.893704,1.028160,1,0,36.6613,0,0,0,36.6613,0
64.7203,2.12649,0,0,2.347,0.118566,0.36288,3.6288,61.308,0.246078,0,0,0.741398,0.272052,0.223268,0.66528,12.849,1,0.420479,0.36288,0,43.4117,4.97879,38.3753,0.84672,12.849,0.84672,3695.15,0,18.483,0.0370935,0.967991,1.50669,6.13659,1.17386,7.40032,0.42336,9.2415,0.21168,9.2415,0.21168,442.007,0,1.02816,0,0,1.99615,0.967991,1.028160,1,0,45.9989,0,0,0,45.9989,0
64.3567,2.12555,0,0,2.23412,0.109299,0.36288,3.6288,61.308,0.246315,0,0,0.715789,0.287597,0.181878,0.66528,12.849,1,0.421989,0.36288,0,41.6716,5.19595,36.4165,0.84672,12.849,0.84672,3695.15,0,18.483,0.0371292,0.946858,1.53011,5.91134,1.24736,7.10382,0.42336,9.2415,0.21168,9.2415,0.21168,442.007,0,1.02816,0,0,1.97502,0.946858,1.028160,1,0,43.7022,0,0,0,43.7022,0
63.8818,2.12404,0,0,2.10783,0.09576,0.36288,3.6288,61.308,0.246552,0,0,0.690543,0.307525,0.136467,0.66528,12.849,1,0.424072,0.36288,0,39.4729,5.75718,33.6545,0.84672,12.849,0.84672,3695.15,0,18.483,0.0371649,1.00373,1.53042,5.86335,1.38571,6.97462,0.42336,9.2415,0.21168,9.2415,0.21168,442.007,0,1.02816,0,0,2.03189,1.00373,1.028160,1,0,40.7656,0,0,0,40.7656,0
63.2274,2.1219,0,0,1.92942,0.0990831,0.36288,3.6288,61.308,0.246789,0,0,0.668935,0.299951,0.122195,0.66528,12.849,1,0.426792,0.36288,0,38.9734,5.7645,33.145,0.84672,12.849,0.84672,3695.15,0,18.483,0.0372007,0.903044,1.53074,5.41566,1.36756,6.44469,0.42336,9.2415,0.21168,9.2415,0.21168,442.007,0,1.02816,0,0,1.9312,0.903044,1.028160,1,0,39.7119,0,0,0,39.7119,0
62.4131,2.17225,0,0,1.80646,0.0855675,0.36288,3.6288,61.308,0.274895,0,0,0.618343,0.304022,0.0394266,0.66528,12.849,1,0.441443,0.36288,0,30.6068,5.55165,24.9766,0.84672,12.849,0.84672,3695.15,0,18.483,0.0414373,0.499988,1.53106,4.06794,1.39261,4.66494,0.42336,9.2415,0.21168,9.2415,0.21168,442.007,0,1.02816,0,0,1.52815,0.499988,1.028160,1,0,29.6809,0,0,0,29.6809,0
61.6439,2.16797,0,0,1.84149,0.0798382,0.36288,3.6288,61.308,0.275137,0,0,0.634213,0.30565,0.0534256,0.66528,12.849,1,0.446319,0.36288,0,39.1993,5.46651,33.6494,0.84672,12.849,0.84672,3695.15,0,18.483,0.0414739,0.651853,1.56823,4.09876,1.40263,4.87473,0.42336,9.2415,0.21168,9.2415,0.21168,442.007,0,1.02816,0,0,1.68001,0.651853,1.028160,1,0,38.5775,0,0,0,38.5775,0
60.7554,2.16384,0,0,1.71747,0.0793345,0.36288,3.6288,61.2887,0.27538,0,0,0.561746,0.30565,0,0.66528,12.849,1,0.451029,0.36288,0,31.0104,5.46651,25.4558,0.84672,12.849,0.84672,3695.15,0,18.483,0.0415105,0.63021,1.56856,3.74121,1.40263,4.49584,0.42336,9.2415,0.21168,9.2415,0.21168,442.007,0,1.02816,0,0,1.65837,0.63021,1.028160,1,0,29.9516,0,0,0,29.9516,0
59.717,2.15888,0,0,1.56219,0.0787526,0.36288,3.6288,61.2351,0.275612,0,0,0.527655,0.305613,0,0.66528,12.849,1,0.456577,0.36288,0,28.5149,5.46651,22.9547,0.84672,12.849,0.84672,3695.15,0,18.483,0.0415585,0.370691,1.56888,3.42401,1.40263,3.91939,0.42336,9.2415,0.21168,9.2415,0.21168,442.007,0,1.02816,0,0,1.39885,0.370691,1.028160,1,0,26.8741,0,0,0,26.8741,0
58.6335,2.30825,0,0,1.66615,0.0785357,0.36288,3.6288,61.1792,0.376483,0,0,0.618492,0.29799,0,0.66528,12.849,1,0.496653,0.36288,0,29.4862,5.42319,23.9293,0.84672,12.849,0.84672,3695.15,0,18.483,0.0568182,0.842028,1.56921,4.36302,1.41958,5.29786,0.42336,9.2415,0.21168,9.2415,0.21168,442.007,0,1.02816,0,0,1.87019,0.842028,1.028160,1,0,29.2271,0,0,0,29.2271,0
57.2103,2.30123,0,0,1.35054,0.109691,0.36288,3.6288,61.0408,0.376702,0,0,0.499283,0.260977,0,0.66528,12.849,1,0.504294,0.36288,0,27.6985,4.79147,22.7656,0.84672,12.849,0.84672,3695.15,0,18.483,0.0569032,0.530721,1.69443,2.67255,1.35737,3.48343,0.42336,9.2415,0.21168,9.2415,0.21168,442.007,0,1.02816,0,0,1.55888,0.530721,1.028160,1,0,26.249,0,0,0,26.249,0
55.9873,2.2915,0,0,1.53959,0.108178,0.36288,3.6288,60.9156,0.376854,0,0,0.512392,0.260749,0,0.66528,12.849,1,0.514654,0.36288,0,28.0599,4.79147,23.1166,0.84672,12.849,0.84672,3695.15,0,18.483,0.0570552,0.660934,1.69478,3.77344,1.35737,4.71474,0.42336,9.2415,0.21168,9.2415,0.21168,442.007,0,1.02816,0,0,1.68909,0.660934,1.028160,1,0,27.8314,0,0,0,27.8314,0
54.7587,2.28287,0,0,1.52399,0.106878,0.36288,3.6288,60.7994,0.377016,0,0,0.521382,0.260542,0,0.66528,12.849,1,0.523915,0.36288,0,25.96,4.79147,21.0075,0.84672,12.849,0.84672,3695.15,0,18.483,0.0571971,0.610623,1.69514,2.99623,1.35737,3.88743,0.42336,9.2415,0.21168,9.2415,0.21168,442.007,0,1.02816,0,0,1.63878,0.610623,1.028160,1,0,24.8949,0,0,0,24.8949,0
53.1647,2.27385,0,0,1.15919,0.116375,0.36288,3.6288,60.6107,0.377185,0,0,0.449016,0.260552,0,0.66528,12.849,1,0.533555,0.36288,0,25.1681,4.84697,20.1505,0.84672,12.849,0.84672,3695.15,0,18.483,0.057332,0.480306,1.69549,2.54182,1.3465,3.31378,0.42336,9.2415,0.21168,9.2415,0.21168,442.007,0,1.02816,0,0,1.50847,0.480306,1.028160,1,0,23.4643,0,0,0,23.4643,0
52.3424,2.18727,0,0,1.90701,0.179245,0.36288,3.6288,60.8715,0.316216,0,0,0.717527,0.140503,0,0.66528,12.849,1,0.528627,0.36288,0,33.501,3.65474,29.6805,0.84672,12.849,0.84672,3695.15,0,18.483,0.0482144,1.23417,1.69584,3.912,1.05947,5.73433,0.42336,9.2415,0.21168,9.2415,0.21168,442.007,0,1.02816,0,0,2.26233,1.23417,1.028160,1,0,35.4148,0,0,0,35.4148,0
52.0872,2.18109,0,0,2.46655,0.177737,0.36288,3.6288,61.2265,0.316646,0,0,0.812454,0.140735,0,0.66528,12.849,1,0.535415,0.36288,0,73.7781,3.65474,69.9508,0.84672,12.849,0.84672,3695.15,0,18.483,0.0480732,1.28076,1.62454,4.38591,1.05947,6.18366,0.42336,9.2415,0.21168,9.2415,0.21168,442.007,0,1.02816,0,0,2.30892,1.28076,1.028160,1,0,76.1345,0,0,0,76.1345,0
51.1457,2.17948,0,0,1.77819,0.177269,0.36288,3.6288,61.308,0.31714,0,0,0.672702,0.141052,0.13305,0.66528,12.849,1,0.537639,0.36288,0,35.6698,3.65474,31.8403,0.84672,12.849,0.84672,3695.15,0,18.483,0.047869,1.2563,1.62488,3.42408,1.05947,5.19791,0.42336,9.2415,0.21168,9.2415,0.21168,442.007,0,1.02816,0,0,2.28446,1.2563,1.028160,1,0,37.1713,0,0,0,37.1713,0
50.1394,2.17206,0,0,1.70415,0.175542,0.36288,3.6288,61.308,0.317447,0,0,0.692937,0.141125,0.234365,0.66528,12.849,1,0.545671,0.36288,0,27.0349,3.65474,23.1974,0.84672,12.849,0.84672,3695.15,0,18.483,0.0478516,1.12059,1.62522,3.25261,1.05947,4.8911,0.42336,9.2415,0.21168,9.2415,0.21168,442.007,0,1.02816,0,0,2.14875,1.12059,1.028160,1,0,28.3228,0,0,0,28.3228,0
49.7196,2.10357,0,0,2.28562,0.239003,0.36288,3.6288,61.308,0.261973,0,0,0.920506,0.105457,0.553076,0.66528,12.849,1,0.539073,0.36288,0,34.8622,3.28535,31.4007,0.84672,12.849,0.84672,3695.15,0,18.483,0.0394895,1.9025,1.62556,4.39188,0.840055,7.04039,0.42336,9.2415,0.21168,9.2415,0.21168,442.007,0,1.02816,0,0,2.93066,1.9025,1.028160,1,0,38.9942,0,0,0,38.9942,0
49.9011,2.10043,0,0,2.87127,0.226496,0.36288,3.6288,61.308,0.262213,0,0,0.937889,0.201578,0.474099,0.66528,12.849,1,0.542812,0.36288,0,40.9426,4.14715,36.6155,0.84672,12.849,0.84672,3695.15,0,18.483,0.0395257,1.98652,1.56217,4.95357,0.902589,7.56014,0.42336,9.2415,0.21168,9.2415,0.21168,442.007,0,1.02816,0,0,3.01468,1.98652,1.028160,1,0,44.6498,0,0,0,44.6498,0
51.0191,2.10247,0,0,3.85151,0.268156,0.36288,3.6288,61.308,0.262453,0,0,1.06415,0.157825,0.643868,0.66528,12.849,1,0.541364,0.36288,0,51.0918,3.57157,47.3417,0.84672,12.849,0.84672,3695.15,0,18.483,0.0395619,2.04718,1.56249,6.08019,0.713108,8.93719,0.42336,9.2415,0.21168,9.2415,0.21168,442.007,0,1.02816,0,0,3.07534,2.04718,1.028160,1,0,56.9228,0,0,0,56.9228,0
53.3909,2.11242,0,0,5.11848,0.27133,0.36288,3.6288,61.308,0.262693,0,0,1.43008,0.157825,1.00956,0.66528,12.849,1,0.532007,0.36288,0,54.8482,3.57157,51.1075,0.84672,12.849,0.84672,3695.15,0,18.483,0.0395981,2.5948,1.56282,7.68837,0.713108,11.0933,0.42336,9.2415,0.21168,9.2415,0.21168,442.007,0,1.02816,0,0,3.62296,2.5948,1.028160,1,0,63.2103,0,0,0,63.2103,0
55.3866,1.95854,0,0,4.585,0.267879,0.36288,3.6288,61.308,0.146776,0,0,2.06235,0.17488,1.7407,0.66528,12.849,1,0.47134,0.36288,0,82.1362,3.75919,78.2686,0.84672,12.849,0.84672,3695.15,0,18.483,0.0221248,2.57109,1.56314,8.87864,0.841879,12.1489,0.42336,9.2415,0.21168,9.2415,0.21168,442.007,0,1.02816,0,0,3.59925,2.57109,1.028160,1,0,92.1582,0,0,0,92.1582,0
56.7306,1.97277,0,0,3.92703,0.247358,0.36288,3.6288,61.308,0.146992,0,0,1.44557,0.217517,1.08106,0.66528,12.849,1,0.457658,0.36288,0,80.1846,4.22824,75.8616,0.84672,12.849,0.84672,3695.15,0,18.483,0.0221574,2.46302,1.41988,6.26367,1.16381,8.96061,0.42336,9.2415,0.21168,9.2415,0.21168,442.007,0,1.02816,0,0,3.49118,2.46302,1.028160,1,0,85.9033,0,0,0,85.9033,0
60.6093,1.98206,0,0,6.47433,0.250684,0.36288,3.6288,61.308,0.147208,0,0,1.82958,0.217517,1.46485,0.66528,12.849,1,0.448919,0.36288,0,71.624,4.22824,67.3098,0.84672,12.849,0.84672,3695.15,0,18.483,0.02219,3.00256,1.42017,7.84762,1.16381,11.0844,0.42336,9.2415,0.21168,9.2415,0.21168,442.007,0,1.02816,0,0,4.03072,3.00256,1.028160,1,0,79.859,0,0,0,79.859,0
64.3046,2.00621,0,0,6.32799,0.263691,0.36288,3.6288,61.308,0.147424,0,0,1.72429,0.202387,1.37448,0.66528,12.849,1,0.425311,0.36288,0,123.467,4.06324,119.342,0.84672,12.849,0.84672,3695.15,0,18.483,0.0222226,2.8586,1.42047,7.68675,1.11907,10.8245,0.42336,9.2415,0.21168,9.2415,0.21168,442.007,0,1.02816,0,0,3.88676,2.8586,1.028160,1,0,131.541,0,0,0,131.541,0
64.9262,2.02704,0,0,3.29236,0.280825,0.36288,3.6288,61.308,0.147641,0,0,0.83262,0.164563,0.520416,0.66528,12.849,1,0.405033,0.36288,0,42.8172,3.65074,39.1243,0.84672,12.849,0.84672,3695.15,0,18.483,0.0222552,1.30548,1.42076,6.09297,1.00723,7.78973,0.42336,9.2415,0.21168,9.2415,0.21168,442.007,0,1.02816,0,0,2.33364,1.30548,1.028160,1,0,47.4344,0,0,0,47.4344,0
67.7065,2.03481,0,0,5.48174,0.303738,0.36288,3.6288,61.308,0.181523,0,0,1.34498,0.189153,0.974304,0.66528,12.849,1,0.402692,0.36288,0,100.397,4.47985,95.8777,0.84672,12.849,0.84672,3695.15,0,18.483,0.0273626,2.07961,1.42106,8.32533,1.24314,10.5555,0.42336,9.2415,0.21168,9.2415,0.21168,442.007,0,1.02816,0,0,3.10777,2.07961,1.028160,1,0,107.408,0,0,0,107.408,0
72.29,2.05665,0,0,7.33147,0.289245,0.402054,3.6288,61.308,0.181737,0,0,2.08887,0.20989,1.69724,0.66528,12.849,1,0.390301,0.402054,0,151.318,4.56782,146.761,0.84672,12.849,0.84672,3695.15,0,18.483,0.0273949,3.36099,1.46681,11.774,1.47213,15.1023,0.42336,9.2415,0.21168,9.2415,0.21168,442.007,0,1.02816,0,0,4.38915,3.36099,1.028160,1,0,163.561,0,0,0,163.561,0
72.29,2.08966,0,0,7.95208,0.299667,5.56276,3.6288,61.308,0.181952,0,0,2.48363,0.20989,2.09179,0.66528,12.849,1,0.371421,5.56276,0,207.77,4.56782,208.394,0.84672,12.849,0.84672,3695.15,0,18.483,0.0274272,3.79834,1.4671,13.1903,1.47213,16.9561,0.42336,9.2415,0.21168,9.2415,0.21168,442.007,0,1.02816,0,0,4.8265,3.79834,1.028160,1,0,227.442,0,0,0,227.442,0
72.29,2.09007,0,0,8.09145,0.299667,5.70171,3.6288,61.308,0.182166,0,0,2.57437,0.20989,2.18231,0.66528,12.849,1,0.371495,5.70171,0,197.493,4.56782,198.256,0.84672,12.849,0.84672,3695.15,0,18.483,0.0274595,4.5962,1.46739,12.9934,1.47213,17.5574,0.42336,9.2415,0.21168,9.2415,0.21168,442.007,0,1.02816,0,0,5.62436,4.5962,1.028160,1,0,217.995,0,0,0,217.995,0
72.29,2.29439,0,0,12.631,0.328786,10.0078,3.6288,61.308,0.308878,0,0,3.85246,0.197011,3.34657,0.66528,12.849,1,0.407811,10.0078,0,197.766,4.59396,202.772,0.84672,12.849,0.84672,3695.15,0,18.483,0.04656,4.68332,1.46768,17.6423,1.39331,22.3534,0.42336,9.2415,0.21168,9.2415,0.21168,442.007,0,1.02816,0,0,5.71148,4.68332,1.028160,1,0,228.472,0,0,0,228.472,0
72.29,2.29485,0,0,5.7949,0.367611,3.13244,3.6288,61.308,0.309118,0,0,2.07536,0.179838,1.58641,0.66528,12.849,1,0.407892,3.13244,0,113.621,4.62882,111.717,0.84672,12.849,0.84672,3695.15,0,18.483,0.0465961,2.58085,1.63033,13.5737,1.28822,16.4501,0.42336,9.2415,0.21168,9.2415,0.21168,442.007,0,1.02816,0,0,3.60901,2.58085,1.028160,1,0,129.753,0,0,0,129.753,0
72.29,2.29531,0,0,5.81502,0.3621,3.15762,3.6288,61.308,0.309358,0,0,2.00504,0.182399,1.51328,0.66528,12.849,1,0.407973,3.15762,0,99.0308,4.53594,97.2445,0.84672,12.849,0.84672,3695.15,0,18.483,0.0466322,2.54782,1.63065,11.5045,1.2375,14.3989,0.42336,9.2415,0.21168,9.2415,0.21168,442.007,0,1.02816,0,0,3.57598,2.54782,1.028160,1,0,113.157,0,0,0,113.157,0
72.29,2.29576,0,0,7.36362,0.329035,4.73882,3.6288,61.308,0.309598,0,0,1.84882,0.197764,1.34146,0.66528,12.849,1,0.408055,4.73882,0,135.765,3.97866,136.117,0.84672,12.849,0.84672,3695.15,0,18.483,0.0466684,2.33471,1.63098,11.5822,0.933159,14.568,0.42336,9.2415,0.21168,9.2415,0.21168,442.007,0,1.02816,0,0,3.36287,2.33471,1.028160,1,0,152.026,0,0,0,152.026,0
72.29,2.00516,0,0,7.86724,0.332605,5.52947,3.6288,61.308,0.13994,0,0,4.15072,0.183019,3.82776,0.66528,12.849,1,0.356402,5.52947,0,161.562,3.88434,162.851,0.84672,12.849,0.84672,3695.15,0,18.483,0.0210944,3.70236,1.6313,14.484,0.885988,18.9106,0.42336,9.2415,0.21168,9.2415,0.21168,442.007,0,1.02816,0,0,4.73052,3.70236,1.028160,1,0,185.589,0,0,0,185.589,0
72.29,2.00556,0,0,7.81237,0.337365,5.46945,3.6288,61.308,0.140146,0,0,6.3682,0.163358,6.06469,0.66528,12.849,1,0.356473,5.46945,0,138.058,3.75858,139.412,0.84672,12.849,0.84672,3695.15,0,18.483,0.0211255,4.77224,1.40937,16.5647,0.823093,21.9021,0.42336,9.2415,0.21168,9.2415,0.21168,442.007,0,1.02816,0,0,5.8004,4.77224,1.028160,1,0,167.379,0,0,0,167.379,0
72.29,2.00596,0,0,8.04609,0.337365,5.70276,3.6288,61.308,0.140352,0,0,5.91057,0.163358,5.60686,0.66528,12.849,1,0.356544,5.70276,0,134.866,3.75858,136.454,0.84672,12.849,0.84672,3695.15,0,18.483,0.0211565,5.65056,1.40965,18.5452,0.823093,24.7611,0.42336,9.2415,0.21168,9.2415,0.21168,442.007,0,1.02816,0,0,6.67872,5.65056,1.028160,1,0,166.822,0,0,0,166.822,0
72.29,2.00636,0,0,10.7207,0.337365,8.37696,3.6288,61.308,0.140558,0,0,7.01333,0.163358,6.70941,0.66528,12.849,1,0.356615,8.37696,0,189.061,3.75858,193.323,0.84672,12.849,0.84672,3695.15,0,18.483,0.0211876,6.08023,1.40993,21.1298,0.823093,27.7757,0.42336,9.2415,0.21168,9.2415,0.21168,442.007,0,1.02816,0,0,7.10839,6.08023,1.028160,1,0,227.808,0,0,0,227.808,0
72.29,2.00676,0,0,11.8994,0.336828,9.55577,3.6288,61.308,0.140764,0,0,7.37953,0.161887,7.07688,0.66528,12.849,1,0.356686,9.55577,0,225.047,3.91989,230.326,0.84672,12.849,0.84672,3695.15,0,18.483,0.0212186,6.30366,1.41021,28.061,0.883457,34.8702,0.42336,9.2415,0.21168,9.2415,0.21168,442.007,0,1.02816,0,0,7.33182,6.30366,1.028160,1,0,272.273,0,0,0,272.273,0
72.29,2.0805,0,0,9.78713,0.272444,7.43419,3.6288,61.308,0.182575,0,0,8.72643,0.152512,8.39134,0.66528,12.849,1,0.369793,7.43419,0,148.942,3.91135,152.095,0.84672,12.849,0.84672,3695.15,0,18.483,0.0275211,6.7338,1.41049,20.1072,0.702322,27.5216,0.42336,9.2415,0.21168,9.2415,0.21168,442.007,0,1.02816,0,0,7.76196,6.7338,1.028160,1,0,188.008,0,0,0,188.008,0
72.29,2.08091,0,0,7.8205,0.272444,5.46714,3.6288,61.308,0.182789,0,0,8.60211,0.152512,8.2668,0.66528,12.849,1,0.369866,5.46714,0,92.8714,3.91135,94.0573,0.84672,12.849,0.84672,3695.15,0,18.483,0.0275535,5.01436,1.4657,17.3411,0.702322,23.0913,0.42336,9.2415,0.21168,9.2415,0.21168,442.007,0,1.02816,0,0,6.04252,5.01436,1.028160,1,0,125.415,0,0,0,125.415,0
72.29,2.08133,0,0,7.15815,0.272444,4.80438,3.6288,61.308,0.183004,0,0,7.10079,0.152512,6.76528,0.66528,12.849,1,0.36994,4.80438,0,106.413,3.91135,106.936,0.84672,12.849,0.84672,3695.15,0,18.483,0.0275858,4.72878,1.466,16.7701,0.702322,22.2349,0.42336,9.2415,0.21168,9.2415,0.21168,442.007,0,1.02816,0,0,5.75694,4.72878,1.028160,1,0,135.936,0,0,0,135.936,0
72.29,2.08174,0,0,6.17968,0.227804,3.87014,3.6288,61.308,0.183218,0,0,5.98958,0.1763,5.63007,0.66528,12.849,1,0.370014,3.87014,0,99.3367,4.20221,98.6346,0.84672,12.849,0.84672,3695.15,0,18.483,0.0276181,4.26996,1.46629,16.6915,0.759573,21.6406,0.42336,9.2415,0.21168,9.2415,0.21168,442.007,0,1.02816,0,0,5.29812,4.26996,1.028160,1,0,125.905,0,0,0,125.905,0
72.29,2.05346,0,0,5.56339,0.185469,3.32446,3.6288,61.308,0.167261,0,0,3.84956,0.209749,3.47255,0.66528,12.849,1,0.364987,3.32446,0,87.8999,4.66572,86.1937,0.84672,12.849,0.84672,3695.15,0,18.483,0.0252128,2.89401,1.46658,10.8313,0.965717,14.2009,0.42336,9.2415,0.21168,9.2415,0.21168,442.007,0,1.02816,0,0,3.92217,2.89401,1.028160,1,0,103.867,0,0,0,103.867,0
72.29,2.05387,0,0,4.98893,0.175677,2.75939,3.6288,61.308,0.167473,0,0,1.99281,0.219322,1.60601,0.66528,12.849,1,0.36506,2.75939,0,88.3561,4.80459,85.9458,0.84672,12.849,0.84672,3695.15,0,18.483,0.0252447,1.85598,1.44547,7.63569,1.03901,9.87288,0.42336,9.2415,0.21168,9.2415,0.21168,442.007,0,1.02816,0,0,2.88414,1.85598,1.028160,1,0,97.4247,0,0,0,97.4247,0
72.29,2.05428,0,0,4.59066,0.175677,2.3607,3.6288,61.308,0.167684,0,0,1.97547,0.219322,1.58846,0.66528,12.849,1,0.365132,2.3607,0,79.7783,4.80459,76.9693,0.84672,12.849,0.84672,3695.15,0,18.483,0.0252765,1.89952,1.44576,7.29648,1.03901,9.57747,0.42336,9.2415,0.21168,9.2415,0.21168,442.007,0,1.02816,0,0,2.92768,1.89952,1.028160,1,0,88.1352,0,0,0,88.1352,0
72.29,2.05469,0,0,4.43432,0.181107,2.19853,3.6288,61.308,0.167896,0,0,2.5256,0.207681,2.15002,0.66528,12.849,1,0.365205,2.19853,0,77.0671,4.69392,74.2065,0.84672,12.849,0.84672,3695.15,0,18.483,0.0253084,2.515,1.44605,9.03061,0.997956,11.9684,0.42336,9.2415,0.21168,9.2415,0.21168,442.007,0,1.02816,0,0,3.54316,2.515,1.028160,1,0,88.3249,0,0,0,88.3249,0
72.29,2.15258,0,0,4.13205,0.164639,1.81483,3.6288,61.308,0.225502,0,0,1.93727,0.176474,1.53529,0.66528,12.849,1,0.382606,1.81483,0,66.1236,4.44914,63.1067,0.84672,12.849,0.84672,3695.15,0,18.483,0.033992,1.71953,1.44634,7.01274,0.873455,9.27117,0.42336,9.2415,0.21168,9.2415,0.21168,442.007,0,1.02816,0,0,2.74769,1.71953,1.028160,1,0,73.9132,0,0,0,73.9132,0
72.29,2.15301,0,0,3.91444,0.167364,1.59406,3.6288,61.308,0.225725,0,0,1.91131,0.197931,1.48766,0.66528,12.849,1,0.382682,1.59406,0,61.0845,4.67512,57.6208,0.84672,12.849,0.84672,3695.15,0,18.483,0.0340256,1.86271,1.52151,6.66948,0.987092,9.03258,0.42336,9.2415,0.21168,9.2415,0.21168,442.007,0,1.02816,0,0,2.89087,1.86271,1.028160,1,0,68.141,0,0,0,68.141,0
72.29,2.15344,0,0,3.87111,0.0565081,1.66116,3.6288,61.308,0.225948,0,0,1.83143,0.237356,1.36813,0.66528,12.849,1,0.382758,1.66116,0,62.5943,5.20412,58.6686,0.84672,12.849,0.84672,3695.15,0,18.483,0.0340592,1.92547,1.52181,6.88444,1.09352,9.20414,0.42336,9.2415,0.21168,9.2415,0.21168,442.007,0,1.02816,0,0,2.95363,1.92547,1.028160,1,0,69.2408,0,0,0,69.2408,0
72.29,2.15387,0,0,3.43802,0.0565081,1.22764,3.6288,61.308,0.226171,0,0,1.49291,0.237356,1.02939,0.66528,12.849,1,0.382834,1.22764,0,55.9795,5.20412,51.6202,0.84672,12.849,0.84672,3695.15,0,18.483,0.0340928,1.48343,1.52211,5.90442,1.09352,7.78235,0.42336,9.2415,0.21168,9.2415,0.21168,442.007,0,1.02816,0,0,2.51159,1.48343,1.028160,1,0,60.4319,0,0,0,60.4319,0
72.29,2.1543,0,0,3.31108,0.0565081,1.10027,3.6288,61.308,0.226394,0,0,1.20179,0.237356,0.738039,0.66528,12.849,1,0.382911,1.10027,0,51.5862,5.20412,47.0995,0.84672,12.849,0.84672,3695.15,0,18.483,0.0341265,1.29578,1.52242,5.67636,1.09352,7.36691,0.42336,9.2415,0.21168,9.2415,0.21168,442.007,0,1.02816,0,0,2.32394,1.29578,1.028160,1,0,55.2044,0,0,0,55.2044,0
72.29,2.13543,0,0,4.46949,0.0915206,2.24254,3.6288,61.308,0.258194,0,0,1.9338,0.275035,1.40057,0.66528,12.849,1,0.379557,2.24254,0,77.1708,4.96472,74.069,0.84672,12.849,0.84672,3695.15,0,18.483,0.0389199,1.66371,1.52272,7.87329,1.17033,9.85047,0.42336,9.2415,0.21168,9.2415,0.21168,442.007,0,1.02816,0,0,2.69187,1.66371,1.028160,1,0,85.3201,0,0,0,85.3201,0
72.29,2.13586,0,0,4.25966,0.0915206,2.03228,3.6288,61.308,0.258424,0,0,1.85941,0.275035,1.32596,0.66528,12.849,1,0.379632,2.03228,0,74.5883,4.96472,71.2762,0.84672,12.849,0.84672,3695.15,0,18.483,0.0389545,1.60146,1.54637,7.47308,1.17033,9.41163,0.42336,9.2415,0.21168,9.2415,0.21168,442.007,0,1.02816,0,0,2.62962,1.60146,1.028160,1,0,82.0138,0,0,0,82.0138,0
72.29,2.13628,0,0,4.03786,0.0639449,1.83763,3.6288,61.308,0.258653,0,0,1.77219,0.318081,1.19546,0.66528,12.849,1,0.379708,1.83763,0,70.0903,5.73579,65.8124,0.84672,12.849,0.84672,3695.15,0,18.483,0.0389891,1.62046,1.54668,7.29518,1.40034,9.023,0.42336,9.2415,0.21168,9.2415,0.21168,442.007,0,1.02816,0,0,2.64862,1.62046,1.028160,1,0,76.0309,0,0,0,76.0309,0
72.29,2.13671,0,0,3.70573,0.0718289,1.49719,3.6288,61.308,0.258883,0,0,1.74658,0.302935,1.18476,0.66528,12.849,1,0.379784,1.49719,0,70.1084,5.75043,65.4754,0.84672,12.849,0.84672,3695.15,0,18.483,0.0390237,1.58552,1.54699,7.02959,1.36402,8.75905,0.42336,9.2415,0.21168,9.2415,0.21168,442.007,0,1.02816,0,0,2.61368,1.58552,1.028160,1,0,75.4192,0,0,0,75.4192,0
72.29,2.18701,0,0,3.37919,0.0664165,1.12576,3.6288,61.308,0.287277,0,0,1.47125,0.310695,0.873274,0.66528,12.849,1,0.388725,1.12576,0,57.6118,5.7712,52.5776,0.84672,12.849,0.84672,3695.15,0,18.483,0.0433038,1.15222,1.5473,5.76486,1.42544,6.99564,0.42336,9.2415,0.21168,9.2415,0.21168,442.007,0,1.02816,0,0,2.18038,1.15222,1.028160,1,0,60.4465,0,0,0,60.4465,0
72.29,2.18745,0,0,3.7238,0.0532717,1.48308,3.6288,61.308,0.287512,0,0,1.74667,0.324289,1.13487,0.66528,12.849,1,0.388802,1.48308,0,70.6037,5.85322,65.8447,0.84672,12.849,0.84672,3695.15,0,18.483,0.0433392,1.35838,1.58485,6.09367,1.51085,7.48271,0.42336,9.2415,0.21168,9.2415,0.21168,442.007,0,1.02816,0,0,2.38654,1.35838,1.028160,1,0,74.4623,0,0,0,74.4623,0
72.29,2.18788,0,0,3.42794,0.0532717,1.18678,3.6288,61.308,0.287747,0,0,1.48078,0.324289,0.868747,0.66528,12.849,1,0.388879,1.18678,0,57.9932,5.85322,52.9379,0.84672,12.849,0.84672,3695.15,0,18.483,0.0433747,1.50311,1.58517,5.89194,1.51085,7.42599,0.42336,9.2415,0.21168,9.2415,0.21168,442.007,0,1.02816,0,0,2.53127,1.50311,1.028160,1,0,61.2327,0,0,0,61.2327,0
72.29,2.18832,0,0,3.13883,0.0532717,0.897236,3.6288,61.308,0.287983,0,0,1.37152,0.324289,0.759251,0.66528,12.849,1,0.388957,0.897236,0,55.1223,5.85322,49.7774,0.84672,12.849,0.84672,3695.15,0,18.483,0.0434102,1.13562,1.58548,5.17895,1.51085,6.3458,0.42336,9.2415,0.21168,9.2415,0.21168,442.007,0,1.02816,0,0,2.16378,1.13562,1.028160,1,0,56.8824,0,0,0,56.8824,0
72.29,2.33493,0,0,3.30045,0.0467443,0.918778,3.6288,61.308,0.389957,0,0,1.50221,0.321984,0.790269,0.66528,12.849,1,0.415016,0.918778,0,53.3912,5.87677,48.0182,0.84672,12.849,0.84672,3695.15,0,18.483,0.0587817,1.46304,1.5858,6.28546,1.51761,7.75791,0.42336,9.2415,0.21168,9.2415,0.21168,442.007,0,1.02816,0,0,2.4912,1.46304,1.028160,1,0,56.5664,0,0,0,56.5664,0
72.29,2.3354,0,0,3.95272,0.0418859,1.57544,3.6288,61.308,0.390213,0,0,1.51219,0.290027,0.831951,0.66528,12.849,1,0.415099,1.57544,0,67.715,5.49465,63.3807,0.84672,12.849,0.84672,3695.15,0,18.483,0.0588203,1.47328,1.71233,5.10251,1.45355,6.77574,0.42336,9.2415,0.21168,9.2415,0.21168,442.007,0,1.02816,0,0,2.50144,1.47328,1.028160,1,0,70.9884,0,0,0,70.9884,0
72.29,2.33586,0,0,3.12278,0.0418859,0.745033,3.6288,61.308,0.390469,0,0,1.10384,0.290027,0.423342,0.66528,12.849,1,0.415182,0.745033,0,69.8803,5.49465,64.7155,0.84672,12.849,0.84672,3695.15,0,18.483,0.0588588,0.763897,1.71267,4.04303,1.45355,5.00719,0.42336,9.2415,0.21168,9.2415,0.21168,442.007,0,1.02816,0,0,1.79206,0.763897,1.028160,1,0,70.146,0,0,0,70.146,0
72.29,2.33633,0,0,3.86764,0.0418859,1.48942,3.6288,61.308,0.390725,0,0,1.8364,0.290027,1.15565,0.66528,12.849,1,0.415265,1.48942,0,61.9303,5.49465,57.5098,0.84672,12.849,0.84672,3695.15,0,18.483,0.0588974,2.16816,1.71301,6.07545,1.45355,8.44418,0.42336,9.2415,0.21168,9.2415,0.21168,442.007,0,1.02816,0,0,3.19632,2.16816,1.028160,1,0,67.1096,0,0,0,67.1096,0
72.29,2.33679,0,0,3.07208,0.0482285,0.68706,3.6288,61.308,0.39098,0,0,1.27113,0.255553,0.6246,0.66528,12.849,1,0.415347,0.68706,0,50.0089,4.57042,45.7102,0.84672,12.849,0.84672,3695.15,0,18.483,0.058936,1.15722,1.71335,5.94667,1.09378,7.66453,0.42336,9.2415,0.21168,9.2415,0.21168,442.007,0,1.02816,0,0,2.18538,1.15722,1.028160,1,0,53.9993,0,0,0,53.9993,0
72.29,2.26595,0,0,3.49427,0.0757644,1.15256,3.6288,61.308,0.329423,0,0,1.80176,0.261445,1.21089,0.66528,12.849,1,0.402755,1.15256,0,71.4971,4.83703,67.4099,0.84672,12.849,0.84672,3695.15,0,18.483,0.0496569,1.46586,1.7137,7.94958,1.15702,9.92246,0.42336,9.2415,0.21168,9.2415,0.21168,442.007,0,1.02816,0,0,2.49402,1.46586,1.028160,1,0,78.5432,0,0,0,78.5432,0
72.29,2.2664,0,0,5.89624,0.0799309,3.54991,3.6288,61.308,0.329667,0,0,3.1669,0.264725,2.57251,0.66528,12.849,1,0.402835,3.54991,0,75.2052,4.94309,73.4092,0.84672,12.849,0.84672,3695.15,0,18.483,0.0496936,2.62331,1.64163,10.8615,1.19155,13.8852,0.42336,9.2415,0.21168,9.2415,0.21168,442.007,0,1.02816,0,0,3.65147,2.62331,1.028160,1,0,89.867,0,0,0,89.867,0
72.29,2.26685,0,0,5.07355,0.0799309,2.72677,3.6288,61.308,0.32991,0,0,2.43614,0.264725,1.84151,0.66528,12.849,1,0.402915,2.72677,0,87.8083,4.94309,85.1891,0.84672,12.849,0.84672,3695.15,0,18.483,0.0497303,1.9983,1.64196,9.07477,1.19155,11.4738,0.42336,9.2415,0.21168,9.2415,0.21168,442.007,0,1.02816,0,0,3.02646,1.9983,1.028160,1,0,98.5044,0,0,0,98.5044,0
72.29,2.2673,0,0,4.49935,0.0799309,2.15212,3.6288,61.308,0.330154,0,0,2.3849,0.264725,1.79002,0.66528,12.849,1,0.402996,2.15212,0,90.2699,4.94309,87.0759,0.84672,12.849,0.84672,3695.15,0,18.483,0.0497671,1.95909,1.64229,9.04435,1.19155,11.4044,0.42336,9.2415,0.21168,9.2415,0.21168,442.007,0,1.02816,0,0,2.98725,1.95909,1.028160,1,0,100.27,0,0,0,100.27,0
72.29,2.20917,0,0,4.26861,0.165848,1.89359,3.6288,61.308,0.274088,0,0,2.08817,0.237469,1.57661,0.66528,12.849,1,0.392663,1.89359,0,95.0201,4.76817,91.7529,0.84672,12.849,0.84672,3695.15,0,18.483,0.0413157,1.95055,1.64262,8.15382,1.14503,10.5606,0.42336,9.2415,0.21168,9.2415,0.21168,442.007,0,1.02816,0,0,2.97871,1.95055,1.028160,1,0,103.89,0,0,0,103.89,0
72.29,2.20961,0,0,5.92595,0.204342,3.512,3.6288,61.308,0.27432,0,0,2.98351,0.197427,2.51177,0.66528,12.849,1,0.392742,3.512,0,99.5046,3.96648,98.6574,0.84672,12.849,0.84672,3695.15,0,18.483,0.0413507,3.11666,1.57855,9.32248,1.041,12.9353,0.42336,9.2415,0.21168,9.2415,0.21168,442.007,0,1.02816,0,0,4.14482,3.11666,1.028160,1,0,114.105,0,0,0,114.105,0
72.29,2.21005,0,0,9.8871,0.204342,7.4727,3.6288,61.308,0.274553,0,0,4.3637,0.197427,3.89172,0.66528,12.849,1,0.39282,7.4727,0,235.597,3.96648,238.711,0.84672,12.849,0.84672,3695.15,0,18.483,0.0413858,4.8977,1.57886,28.9592,1.041,34.3534,0.42336,9.2415,0.21168,9.2415,0.21168,442.007,0,1.02816,0,0,5.92586,4.8977,1.028160,1,0,276.956,0,0,0,276.956,0
72.29,2.21049,0,0,8.61138,0.204342,6.19654,3.6288,61.308,0.274786,0,0,3.99463,0.197427,3.52241,0.66528,12.849,1,0.392898,6.19654,0,177.144,3.96648,178.981,0.84672,12.849,0.84672,3695.15,0,18.483,0.0414209,4.73651,1.57918,14.3987,1.041,19.632,0.42336,9.2415,0.21168,9.2415,0.21168,442.007,0,1.02816,0,0,5.76467,4.73651,1.028160,1,0,202.136,0,0,0,202.136,0
72.29,2.04442,0,0,7.3982,0.209879,5.1439,3.6288,61.308,0.157647,0,0,3.28554,0.192355,2.93554,0.66528,12.849,1,0.363381,5.1439,0,165.533,3.91034,166.403,0.84672,12.849,0.84672,3695.15,0,18.483,0.0237635,4.46716,1.57949,13.2418,1.01695,18.2477,0.42336,9.2415,0.21168,9.2415,0.21168,442.007,0,1.02816,0,0,5.49532,4.46716,1.028160,1,0,187.586,0,0,0,187.586,0
72.29,2.04483,0,0,4.88245,0.243103,2.59451,3.6288,61.308,0.157856,0,0,2.82977,0.161922,2.50999,0.66528,12.849,1,0.363453,2.59451,0,137.9,3.57347,136.557,0.84672,12.849,0.84672,3695.15,0,18.483,0.0237951,3.29428,1.43472,14.6756,0.872678,18.5082,0.42336,9.2415,0.21168,9.2415,0.21168,442.007,0,1.02816,0,0,4.32244,3.29428,1.028160,1,0,157.575,0,0,0,157.575,0
72.29,2.04524,0,0,3.97172,0.243103,1.68338,3.6288,61.308,0.158066,0,0,2.43886,0.161922,2.11888,0.66528,12.849,1,0.363526,1.68338,0,122.354,3.57347,120.1,0.84672,12.849,0.84672,3695.15,0,18.483,0.0238267,3.59567,1.435,14.2216,0.872678,18.3558,0.42336,9.2415,0.21168,9.2415,0.21168,442.007,0,1.02816,0,0,4.62383,3.59567,1.028160,1,0,140.575,0,0,0,140.575,0
72.29,2.04565,0,0,3.88295,0.280567,1.55674,3.6288,61.308,0.158275,0,0,4.00805,0.198741,3.65104,0.66528,12.849,1,0.363598,1.55674,0,142.144,3.92602,139.411,0.84672,12.849,0.84672,3695.15,0,18.483,0.0238582,4.63294,1.43529,16.5002,0.989821,21.5548,0.42336,9.2415,0.21168,9.2415,0.21168,442.007,0,1.02816,0,0,5.6611,4.63294,1.028160,1,0,164.616,0,0,0,164.616,0
72.29,2.04605,0,0,7.63387,0.308666,5.27915,3.6288,61.308,0.158485,0,0,6.38791,0.226355,6.00307,0.66528,12.849,1,0.363671,5.27915,0,195.127,4.19045,195.853,0.84672,12.849,0.84672,3695.15,0,18.483,0.0238898,4.6804,1.43557,17.9151,1.07768,22.9295,0.42336,9.2415,0.21168,9.2415,0.21168,442.007,0,1.02816,0,0,5.70856,4.6804,1.028160,1,0,224.785,0,0,0,224.785,0
72.29,2.11056,0,0,4.58265,0.27523,2.19686,3.6288,61.308,0.192711,0,0,1.32177,0.185496,0.943566,0.66528,12.849,1,0.375137,2.19686,0,132.975,4.07884,130.718,0.84672,12.849,0.84672,3695.15,0,18.483,0.029049,1.72569,1.43586,7.971,0.896142,10.2074,0.42336,9.2415,0.21168,9.2415,0.21168,442.007,0,1.02816,0,0,2.75385,1.72569,1.028160,1,0,141.869,0,0,0,141.869,0
72.29,2.11097,0,0,15.2787,0.265825,12.9019,3.6288,61.308,0.192918,0,0,3.44054,0.217361,3.03026,0.66528,12.849,1,0.375208,12.9019,0,215.635,4.75682,223.404,0.84672,12.849,0.84672,3695.15,0,18.483,0.0290802,4.54035,1.48207,22.3622,1.10853,27.247,0.42336,9.2415,0.21168,9.2415,0.21168,442.007,0,1.02816,0,0,5.56851,4.54035,1.028160,1,0,253.682,0,0,0,253.682,0
72.29,2.11137,0,0,19.0647,0.266486,16.6868,3.6288,61.308,0.193125,0,0,7.30489,0.225396,6.88637,0.66528,12.849,1,0.37528,16.6868,0,432.864,4.87725,444.298,0.84672,12.849,0.84672,3695.15,0,18.483,0.0291115,8.79255,1.48235,32.9638,1.15604,42.0536,0.42336,9.2415,0.21168,9.2415,0.21168,442.007,0,1.02816,0,0,9.82071,8.79255,1.028160,1,0,493.238,0,0,0,493.238,0
72.29,2.11177,0,0,15.0136,0.266486,12.6353,3.6288,61.308,0.193333,0,0,5.7734,0.225396,5.35467,0.66528,12.849,1,0.375351,12.6353,0,388.352,4.87725,395.735,0.84672,12.849,0.84672,3695.15,0,18.483,0.0291428,5.73401,1.48264,25.6508,1.15604,31.6822,0.42336,9.2415,0.21168,9.2415,0.21168,442.007,0,1.02816,0,0,6.76217,5.73401,1.028160,1,0,432.772,0,0,0,432.772,0
72.29,2.31819,0,0,11.1739,0.300418,8.55533,3.6288,61.308,0.321351,0,0,3.43296,0.190215,2.92139,0.66528,12.849,1,0.412041,8.55533,0,220.397,4.39839,224.142,0.84672,12.849,0.84672,3695.15,0,18.483,0.04844,3.43174,1.48292,19.5487,1.03558,23.3793,0.42336,9.2415,0.21168,9.2415,0.21168,442.007,0,1.02816,0,0,4.4599,3.43174,1.028160,1,0,250.443,0,0,0,250.443,0
72.29,2.31863,0,0,8.23072,0.340001,5.57209,3.6288,61.308,0.321582,0,0,3.39985,0.178585,2.89968,0.66528,12.849,1,0.41212,5.57209,0,198.171,3.88185,199.449,0.84672,12.849,0.84672,3695.15,0,18.483,0.048475,2.96964,1.64724,12.8313,0.936365,16.4633,0.42336,9.2415,0.21168,9.2415,0.21168,442.007,0,1.02816,0,0,3.9978,2.96964,1.028160,1,0,218.812,0,0,0,218.812,0
72.29,2.31908,0,0,6.92772,0.33023,4.27842,3.6288,61.308,0.321814,0,0,3.00862,0.192111,2.4947,0.66528,12.849,1,0.412198,4.27842,0,150.562,3.90792,150.521,0.84672,12.849,0.84672,3695.15,0,18.483,0.0485099,2.21539,1.64755,10.8566,0.959297,13.7117,0.42336,9.2415,0.21168,9.2415,0.21168,442.007,0,1.02816,0,0,3.24355,2.21539,1.028160,1,0,166.727,0,0,0,166.727,0
72.29,2.31952,0,0,9.12643,0.305801,6.50111,3.6288,61.308,0.322046,0,0,4.37086,0.225926,3.82289,0.66528,12.849,1,0.412277,6.50111,0,181.706,3.9731,183.822,0.84672,12.849,0.84672,3695.15,0,18.483,0.0485449,4.07818,1.64787,24.0679,1.01663,28.7288,0.42336,9.2415,0.21168,9.2415,0.21168,442.007,0,1.02816,0,0,5.10634,4.07818,1.028160,1,0,216.374,0,0,0,216.374,0
72.29,2.02589,0,0,7.61286,0.309911,5.27706,3.6288,61.308,0.150624,0,0,2.31472,0.219227,1.94487,0.66528,12.849,1,0.360087,5.27706,0,128.604,3.70891,129.812,0.84672,12.849,0.84672,3695.15,0,18.483,0.022705,2.34861,1.64818,15.0416,0.969955,18.0457,0.42336,9.2415,0.21168,9.2415,0.21168,442.007,0,1.02816,0,0,3.37677,2.34861,1.028160,1,0,149.802,0,0,0,149.802,0
72.29,2.02628,0,0,4.37911,0.320186,2.03264,3.6288,61.308,0.150824,0,0,1.65064,0.202478,1.29734,0.66528,12.849,1,0.360156,2.03264,0,68.3631,3.04847,66.9872,0.84672,12.849,0.84672,3695.15,0,18.483,0.022735,0.663431,1.42394,5.14387,0.853279,6.35522,0.42336,9.2415,0.21168,9.2415,0.21168,442.007,0,1.02816,0,0,1.69159,0.663431,1.028160,1,0,74.6397,0,0,0,74.6397,0
72.29,2.02667,0,0,7.00603,0.320186,4.65918,3.6288,61.308,0.151023,0,0,2.50275,0.202478,2.14925,0.66528,12.849,1,0.360224,4.65918,0,116.919,3.04847,118.17,0.84672,12.849,0.84672,3695.15,0,18.483,0.0227651,1.5853,1.42421,7.82487,0.853279,9.95833,0.42336,9.2415,0.21168,9.2415,0.21168,442.007,0,1.02816,0,0,2.61346,1.5853,1.028160,1,0,130.277,0,0,0,130.277,0
72.29,2.02705,0,0,6.46538,0.30351,4.13482,3.6288,61.308,0.151223,0,0,3.34317,0.204808,2.98714,0.66528,12.849,1,0.360293,4.13482,0,114.462,3.32779,114.909,0.84672,12.849,0.84672,3695.15,0,18.483,0.0227951,2.70859,1.42448,12.4248,0.900967,15.6341,0.42336,9.2415,0.21168,9.2415,0.21168,442.007,0,1.02816,0,0,3.73675,2.70859,1.028160,1,0,133.53,0,0,0,133.53,0
72.29,2.02744,0,0,7.19729,0.29587,4.87398,3.6288,61.308,0.151422,0,0,2.9888,0.219292,2.61809,0.66528,12.849,1,0.360362,4.87398,0,169.243,4.02273,169.734,0.84672,12.849,0.84672,3695.15,0,18.483,0.0228252,1.91652,1.42475,11.7406,1.01689,14.0421,0.42336,9.2415,0.21168,9.2415,0.21168,442.007,0,1.02816,0,0,2.94468,1.91652,1.028160,1,0,186.394,0,0,0,186.394,0
72.29,2.10192,0,0,6.62456,0.268605,4.25403,3.6288,61.308,0.193654,0,0,2.05942,0.166011,1.69976,0.66528,12.849,1,0.3736,4.25403,0,105.814,2.83054,106.864,0.84672,12.849,0.84672,3695.15,0,18.483,0.0291912,0.872605,1.42503,7.85549,0.768132,9.3558,0.42336,9.2415,0.21168,9.2415,0.21168,442.007,0,1.02816,0,0,1.90077,0.872605,1.028160,1,0,117.92,0,0,0,117.92,0
72.29,2.10232,0,0,5.26592,0.260001,2.9036,3.6288,61.308,0.193862,0,0,1.88703,0.206827,1.48634,0.66528,12.849,1,0.373671,2.9036,0,120.147,3.66208,119.015,0.84672,12.849,0.84672,3695.15,0,18.483,0.0292225,0.924203,1.48079,8.96668,1.01138,10.3311,0.42336,9.2415,0.21168,9.2415,0.21168,442.007,0,1.02816,0,0,1.95236,0.924203,1.028160,1,0,130.832,0,0,0,130.832,0
72.29,2.10272,0,0,4.09953,0.260001,1.73681,3.6288,61.308,0.194069,0,0,1.89354,0.206827,1.49265,0.66528,12.849,1,0.373743,1.73681,0,83.9367,3.66208,81.6377,0.84672,12.849,0.84672,3695.15,0,18.483,0.0292538,1.06206,1.48108,6.29484,1.01138,7.79734,0.42336,9.2415,0.21168,9.2415,0.21168,442.007,0,1.02816,0,0,2.09022,1.06206,1.028160,1,0,90.9277,0,0,0,90.9277,0
72.29,2.10312,0,0,3.81459,0.260001,1.45146,3.6288,61.308,0.194277,0,0,2.04892,0.206827,1.64781,0.66528,12.849,1,0.373814,1.45146,0,71.5928,3.66208,69.0083,0.84672,12.849,0.84672,3695.15,0,18.483,0.0292851,0.984459,1.48136,8.18294,1.01138,9.60809,0.42336,9.2415,0.21168,9.2415,0.21168,442.007,0,1.02816,0,0,2.01262,0.984459,1.028160,1,0,80.2642,0,0,0,80.2642,0
72.29,2.07453,0,0,4.05563,0.227352,1.75375,3.6288,61.308,0.178147,0,0,1.97046,0.201246,1.59106,0.66528,12.849,1,0.368732,1.75375,0,80.3235,3.20367,78.5048,0.84672,12.849,0.84672,3695.15,0,18.483,0.0268537,1.06297,1.48164,6.52887,0.961808,8.08482,0.42336,9.2415,0.21168,9.2415,0.21168,442.007,0,1.02816,0,0,2.09113,1.06297,1.028160,1,0,88.1807,0,0,0,88.1807,0
72.29,2.07493,0,0,4.05299,0.193463,1.7846,3.6288,61.308,0.178352,0,0,1.47353,0.21063,1.08455,0.66528,12.849,1,0.368803,1.7846,0,82.5647,3.23862,80.7419,0.84672,12.849,0.84672,3695.15,0,18.483,0.0268845,0.686241,1.46031,5.7822,0.997716,6.90415,0.42336,9.2415,0.21168,9.2415,0.21168,442.007,0,1.02816,0,0,1.7144,0.686241,1.028160,1,0,88.7306,0,0,0,88.7306,0
72.29,2.07532,0,0,4.40702,0.193463,2.13823,3.6288,61.308,0.178556,0,0,1.27014,0.21063,0.880955,0.66528,12.849,1,0.368873,2.13823,0,85.1861,3.23862,83.7168,0.84672,12.849,0.84672,3695.15,0,18.483,0.0269154,0.437305,1.46059,7.08537,0.997716,7.95863,0.42336,9.2415,0.21168,9.2415,0.21168,442.007,0,1.02816,0,0,1.46546,0.437305,1.028160,1,0,92.5564,0,0,0,92.5564,0
72.29,2.07572,0,0,3.97646,0.150888,1.74985,3.6288,61.308,0.178761,0,0,1.24335,0.2314,0.833187,0.66528,12.849,1,0.368944,1.74985,0,77.2533,4.87609,73.7582,0.84672,12.849,0.84672,3695.15,0,18.483,0.0269462,0.500386,1.46086,5.96337,1.06227,6.8354,0.42336,9.2415,0.21168,9.2415,0.21168,442.007,0,1.02816,0,0,1.52855,0.500386,1.028160,1,0,81.4267,0,0,0,81.4267,0
72.29,2.1746,0,0,3.46315,0.0886772,1.19987,3.6288,61.308,0.236947,0,0,1.1959,0.250277,0.708673,0.66528,12.849,1,0.386519,1.19987,0,54.0841,5.17386,49.7236,0.84672,12.849,0.84672,3695.15,0,18.483,0.0357172,0.412145,1.46114,5.3718,1.18639,6.02299,0.42336,9.2415,0.21168,9.2415,0.21168,442.007,0,1.02816,0,0,1.44031,0.412145,1.028160,1,0,56.4552,0,0,0,56.4552,0
72.29,2.17502,0,0,3.65495,0.115027,1.36491,3.6288,61.308,0.237163,0,0,1.21591,0.240725,0.738019,0.66528,12.849,1,0.386593,1.36491,0,69.9901,4.872,66.0964,0.84672,12.849,0.84672,3695.15,0,18.483,0.0357497,0.739558,1.53707,5.17737,1.04369,6.37456,0.42336,9.2415,0.21168,9.2415,0.21168,442.007,0,1.02816,0,0,1.76772,0.739558,1.028160,1,0,73.209,0,0,0,73.209,0
72.29,2.17543,0,0,3.50999,0.115027,1.21953,3.6288,61.308,0.237379,0,0,1.20315,0.240725,0.725042,0.66528,12.849,1,0.386666,1.21953,0,64.9633,4.872,60.9242,0.84672,12.849,0.84672,3695.15,0,18.483,0.0357822,0.745796,1.53736,4.9686,1.04369,6.17229,0.42336,9.2415,0.21168,9.2415,0.21168,442.007,0,1.02816,0,0,1.77396,0.745796,1.028160,1,0,67.8215,0,0,0,67.8215,0
72.29,2.17585,0,0,3.3311,0.119944,1.03531,3.6288,61.308,0.237595,0,0,1.18411,0.239408,0.707109,0.66528,12.849,1,0.38674,1.03531,0,62.2299,4.78739,58.091,0.84672,12.849,0.84672,3695.15,0,18.483,0.0358148,0.89062,1.53765,4.65102,1.04695,5.99652,0.42336,9.2415,0.21168,9.2415,0.21168,442.007,0,1.02816,0,0,1.91878,0.89062,1.028160,1,0,64.7947,0,0,0,64.7947,0
72.29,2.17626,0,0,3.09207,0.138338,0.777475,3.6288,61.308,0.237811,0,0,1.13808,0.235658,0.664609,0.66528,12.849,1,0.386814,0.777475,0,57.5993,4.31175,53.6782,0.84672,12.849,0.84672,3695.15,0,18.483,0.0358473,0.826459,1.53795,4.32622,1.07606,5.57872,0.42336,9.2415,0.21168,9.2415,0.21168,442.007,0,1.02816,0,0,1.85462,0.826459,1.028160,1,0,59.9216,0,0,0,59.9216,0
72.29,2.15718,0,0,3.24518,0.0749449,1.01306,3.6288,61.308,0.269925,0,0,1.39711,0.279918,0.847271,0.66528,12.849,1,0.383423,1.01306,0,49.6615,5.22318,45.068,0.84672,12.849,0.84672,3695.15,0,18.483,0.0406881,1.40433,1.53824,5.38137,1.27779,7.00547,0.42336,9.2415,0.21168,9.2415,0.21168,442.007,0,1.02816,0,0,2.43249,1.40433,1.028160,1,0,52.9207,0,0,0,52.9207,0
72.29,2.15759,0,0,3.1206,0.0754889,0.887521,3.6288,61.308,0.270147,0,0,1.36486,0.283144,0.81157,0.66528,12.849,1,0.383496,0.887521,0,48.9669,5.34303,44.1278,0.84672,12.849,0.84672,3695.15,0,18.483,0.0407216,1.30081,1.56212,5.91939,1.30189,7.43972,0.42336,9.2415,0.21168,9.2415,0.21168,442.007,0,1.02816,0,0,2.32897,1.30081,1.028160,1,0,52.3791,0,0,0,52.3791,0
72.29,2.15801,0,0,2.84212,0.0754889,0.608625,3.6288,61.308,0.270369,0,0,1.34411,0.283144,0.790595,0.66528,12.849,1,0.383569,0.608625,0,47.8284,5.34303,42.7104,0.84672,12.849,0.84672,3695.15,0,18.483,0.0407551,1.33619,1.56242,5.70983,1.30189,7.26581,0.42336,9.2415,0.21168,9.2415,0.21168,442.007,0,1.02816,0,0,2.36435,1.33619,1.028160,1,0,50.7668,0,0,0,50.7668,0
72.2547,2.15842,0,0,2.56146,0.0754889,0.36288,3.6288,61.308,0.270591,0,0,1.25165,0.283144,0.697916,0.66528,12.849,1,0.383642,0.36288,0,44.3298,5.34303,38.966,0.84672,12.849,0.84672,3695.15,0,18.483,0.0407886,1.03513,1.56272,5.43649,1.30189,6.69167,0.42336,9.2415,0.21168,9.2415,0.21168,442.007,0,1.02816,0,0,2.06329,1.03513,1.028160,1,0,46.3556,0,0,0,46.3556,0
72.038,2.20896,0,0,2.41374,0.0585867,0.36288,3.6288,61.308,0.299263,0,0,1.10684,0.320193,0.48738,0.66528,12.849,1,0.392818,0.36288,0,38.3254,5.83579,32.4597,0.84672,12.849,0.84672,3695.15,0,18.483,0.0451106,0.829665,1.56302,4.63672,1.45876,5.52553,0.42336,9.2415,0.21168,9.2415,0.21168,442.007,0,1.02816,0,0,1.85782,0.829665,1.028160,1,0,38.4726,0,0,0,38.4726,0
72.1928,2.20783,0,0,2.78367,0.0581901,0.36288,3.6288,61.308,0.299491,0,0,1.35304,0.318403,0.735148,0.66528,12.849,1,0.393797,0.36288,0,46.4299,5.83411,40.5649,0.84672,12.849,0.84672,3695.15,0,18.483,0.0451449,1.05827,1.60094,4.69225,1.42749,5.87882,0.42336,9.2415,0.21168,9.2415,0.21168,442.007,0,1.02816,0,0,2.08643,1.05827,1.028160,1,0,47.1788,0,0,0,47.1788,0
72.096,2.20936,0,0,2.53377,0.0582586,0.36288,3.6288,61.308,0.299718,0,0,1.11599,0.318403,0.497873,0.66528,12.849,1,0.393226,0.36288,0,37.3965,5.83411,31.5321,0.84672,12.849,0.84672,3695.15,0,18.483,0.0451792,1.10333,1.60124,4.36016,1.42749,5.59206,0.42336,9.2415,0.21168,9.2415,0.21168,442.007,0,1.02816,0,0,2.13149,1.10333,1.028160,1,0,37.622,0,0,0,37.622,0
71.7703,2.20909,0,0,2.30446,0.0582158,0.36288,3.6288,61.308,0.299946,0,0,1.03931,0.318403,0.420965,0.66528,12.849,1,0.393705,0.36288,0,34.862,5.83411,28.997,0.84672,12.849,0.84672,3695.15,0,18.483,0.0452135,0.771094,1.60155,3.88575,1.42749,4.78569,0.42336,9.2415,0.21168,9.2415,0.21168,442.007,0,1.02816,0,0,1.79925,0.771094,1.028160,1,0,34.2037,0,0,0,34.2037,0
71.5118,2.35456,0,0,2.50953,0.0506342,0.36288,3.6288,61.308,0.402942,0,0,1.22676,0.316602,0.507214,0.66528,12.849,1,0.421536,0.36288,0,35.0269,5.94225,29.026,0.84672,12.849,0.84672,3695.15,0,18.483,0.0607391,1.23928,1.60186,5.49419,1.4534,6.82119,0.42336,9.2415,0.21168,9.2415,0.21168,442.007,0,1.02816,0,0,2.26744,1.23928,1.028160,1,0,36.3544,0,0,0,36.3544,0
71.3074,2.35301,0,0,2.5793,0.0677463,0.36288,3.6288,61.308,0.40319,0,0,1.11426,0.322205,0.388862,0.66528,12.849,1,0.422782,0.36288,0,29.8871,5.52038,24.3069,0.84672,12.849,0.84672,3695.15,0,18.483,0.0607764,0.959843,1.72965,4.10557,1.48333,5.25097,0.42336,9.2415,0.21168,9.2415,0.21168,442.007,0,1.02816,0,0,1.988,0.959843,1.028160,1,0,29.9467,0,0,0,29.9467,0
70.7885,2.35187,0,0,2.26346,0.0676407,0.36288,3.6288,61.308,0.403437,0,0,1.07498,0.322205,0.349338,0.66528,12.849,1,0.423787,0.36288,0,37.9919,5.52038,32.4106,0.84672,12.849,0.84672,3695.15,0,18.483,0.0608136,0.871292,1.72998,3.94248,1.48333,4.99962,0.42336,9.2415,0.21168,9.2415,0.21168,442.007,0,1.02816,0,0,1.89945,0.871292,1.028160,1,0,37.7596,0,0,0,37.7596,0
70.3217,2.34825,0,0,2.31168,0.0673724,0.36288,3.6288,61.308,0.403684,0,0,1.2331,0.322205,0.507211,0.66528,12.849,1,0.426236,0.36288,0,32.9104,5.52038,27.3267,0.84672,12.849,0.84672,3695.15,0,18.483,0.060851,0.978955,1.73032,4.09416,1.48333,5.25925,0.42336,9.2415,0.21168,9.2415,0.21168,442.007,0,1.02816,0,0,2.00712,0.978955,1.028160,1,0,33.0932,0,0,0,33.0932,0
69.8779,2.34499,0,0,2.33245,0.0683806,0.36288,3.6288,61.308,0.403932,0,0,1.24245,0.315311,0.523206,0.66528,12.849,1,0.428471,0.36288,0,33.3929,5.33553,27.9918,0.84672,12.849,0.84672,3695.15,0,18.483,0.0608883,1.46934,1.73065,5.23671,1.41137,6.96443,0.42336,9.2415,0.21168,9.2415,0.21168,442.007,0,1.02816,0,0,2.4975,1.46934,1.028160,1,0,35.4794,0,0,0,35.4794,0
68.8627,2.27043,0,0,1.70407,0.0859586,0.36288,3.6288,61.2588,0.432751,0,0,0.686718,0.303188,0,0.66528,12.849,1,0.417482,0.36288,0,17.8035,4.70802,13.0409,0.84672,12.849,0.84672,3695.15,0,18.483,0.0652324,0.204422,1.73098,3.28279,1.20134,3.95162,0.42336,9.2415,0.21168,9.2415,0.21168,442.007,0,0.923435,0,0,1.12786,0.204422,1.028160,1,0,16.9925,0,0,0,16.9925,0
67.856,2.26285,0,0,1.77363,0.154584,0.36288,3.6288,61.19,0.516536,0,0,0.731193,0.283459,0,0.66528,12.849,1,0.422223,0.36288,0,15.0913,4.09153,10.9404,0.84672,12.849,0.84672,3695.15,0,18.483,0.0779246,0.216518,1.65817,3.25491,1.10987,3.94181,0.42336,9.2415,0.21168,9.2415,0.21168,442.007,0,0.827228,0,0,1.04375,0.216518,1.028160,1,0,14.8822,0,0,0,14.8822,0
66.7419,2.25516,0,0,1.66323,0.159331,0.36288,3.6288,61.1868,0.504175,0,0,0.786335,0.285347,0,0.66528,12.849,1,0.42703,0.36288,0,17.955,4.12408,13.7668,0.84672,12.849,0.84672,3695.15,0,18.483,0.0761454,0.216518,1.65849,3.42765,1.12851,4.098,0.42336,9.2415,0.21168,9.2415,0.21168,442.007,0,0.84164,0,0,1.05816,0.216518,1.028160,1,0,17.8648,0,0,0,17.8648,0
65.8253,2.24638,0,0,1.85062,0.157937,0.36288,3.6288,61.308,0.381755,0,0,0.883285,0.285341,0.0949781,0.66528,12.849,1,0.432468,0.36288,0,27.071,4.12408,22.8773,0.84672,12.849,0.84672,3695.15,0,18.483,0.0576593,0.216518,1.65881,3.9545,1.12851,4.64365,0.42336,9.2415,0.21168,9.2415,0.21168,442.007,0,0.982817,0,0,1.19934,0.216518,1.028160,1,0,27.616,0,0,0,27.616,0
64.9081,2.18121,0,0,1.76669,0.139767,0.36288,3.6288,61.308,0.285811,0,0,1.04514,0.268887,0.490439,0.66528,12.849,1,0.42577,0.36288,0,52.4686,4.22432,48.1814,0.84672,12.849,0.84672,3695.15,0,18.483,0.0430828,0.244763,1.65912,5.15462,1.05453,5.96089,0.42336,9.2415,0.21168,9.2415,0.21168,442.007,0,1.02816,0,0,1.27292,0.244763,1.028160,1,0,54.6327,0,0,0,54.6327,0
63.7523,2.17391,0,0,1.56821,0.187235,0.36288,3.6288,61.2528,0.421251,0,0,0.583031,0.216992,0,0.66528,12.849,1,0.430341,0.36288,0,31.8668,4.57224,27.2271,0.84672,12.849,0.84672,3695.15,0,18.483,0.063499,0.216518,1.5944,4.48019,0.993594,5.23401,0.42336,9.2415,0.21168,9.2415,0.21168,442.007,0,0.872562,0,0,1.08908,0.216518,1.028160,1,0,32.4611,0,0,0,32.4611,0
62.3086,2.16436,0,0,1.30501,0.221454,0.36288,3.6288,60.7066,0.741419,0,0,0.408073,0.212832,0,0.66528,12.849,1,0.436218,0.36288,0,25.8902,4.61118,21.2057,0.84672,12.849,0.84672,3695.15,0,18.483,0.111861,0.292723,1.5947,3.74051,1.0432,4.47287,0.42336,9.2415,0.21168,9.2415,0.21168,442.007,0,0.504291,0,0,0.797014,0.292723,1.028160,1,0,25.6785,0,0,0,25.6785,0
61.5393,2.15195,0,0,1.96437,0.21886,0.36288,3.6288,61.1966,0.286115,0,0,0.988203,0.212096,0,0.66528,12.849,1,0.443764,0.36288,0,40.372,4.61118,35.68,0.84672,12.849,0.84672,3695.15,0,18.483,0.0435559,1.27543,1.595,7.58455,1.0432,9.36822,0.42336,9.2415,0.21168,9.2415,0.21168,442.007,0,1.02816,0,0,2.30359,1.27543,1.028160,1,0,45.0482,0,0,0,45.0482,0
63.7309,1.98377,0,0,4.75572,0.217478,0.36288,3.6288,61.308,0.168125,0,0,2.21389,0.212756,1.72161,0.66528,12.849,1,0.414198,0.36288,0,105.802,4.61118,101.14,0.84672,12.849,0.84672,3695.15,0,18.483,0.0253891,2.59652,1.59531,11.4739,1.0432,14.5972,0.42336,9.2415,0.21168,9.2415,0.21168,442.007,0,1.02816,0,0,3.62468,2.59652,1.028160,1,0,117.459,0,0,0,117.459,0
64.6858,2.00233,0,0,3.59621,0.276089,0.36288,3.6288,61.308,0.168368,0,0,0.762178,0.196629,0.397182,0.66528,12.849,1,0.403697,0.36288,0,41.3244,3.6078,37.6758,0.84672,12.849,0.84672,3695.15,0,18.483,0.0253796,0.505794,1.44907,4.65702,1.00108,5.58542,0.42336,9.2415,0.21168,9.2415,0.21168,442.007,0,1.02816,0,0,1.53395,0.505794,1.028160,1,0,43.6584,0,0,0,43.6584,0
64.9129,2.01036,0,0,2.87854,0.278229,0.36288,3.6288,61.308,0.289768,0,0,0.671,0.196629,0.184603,0.66528,12.849,1,0.399331,0.36288,0,29.9417,3.6078,26.2974,0.84672,12.849,0.84672,3695.15,0,18.483,0.0436793,0.412474,1.44935,4.15698,1.00108,4.97404,0.42336,9.2415,0.21168,9.2415,0.21168,442.007,0,0.888693,0,0,1.30117,0.412474,1.028160,1,0,31.456,0,0,0,31.456,0
64.7627,2.01253,0,0,2.50242,0.27713,0.36288,3.6288,61.308,0.171311,0,0,0.696611,0.201457,0.323843,0.66528,12.849,1,0.398365,0.36288,0,29.8947,3.77346,26.0858,0.84672,12.849,0.84672,3695.15,0,18.483,0.0258232,0.412474,1.44962,9.43308,1.03944,10.2299,0.42336,9.2415,0.21168,9.2415,0.21168,442.007,0,1.02524,0,0,1.43771,0.412474,1.028160,1,0,36.6396,0,0,0,36.6396,0
65.2023,2.01173,0,0,3.08134,0.267166,0.36288,3.6288,61.308,0.168976,0,0,0.724378,0.230425,0.324977,0.66528,12.849,1,0.39913,0.36288,0,46.2612,4.76742,41.4575,0.84672,12.849,0.84672,3695.15,0,18.483,0.0254712,0.424656,1.4499,7.78616,1.26955,8.36569,0.42336,9.2415,0.21168,9.2415,0.21168,442.007,0,1.02816,0,0,1.45282,0.424656,1.028160,1,0,50.1482,0,0,0,50.1482,0
65.8258,2.07871,0,0,3.34024,0.275171,0.36288,3.6288,61.308,0.203534,0,0,1.4308,0.229887,0.99738,0.66528,12.849,1,0.409637,0.36288,0,69.9356,4.386,65.5029,0.84672,12.849,0.84672,3695.15,0,18.483,0.0306805,1.10301,1.45018,6.16888,1.11558,7.5758,0.42336,9.2415,0.21168,9.2415,0.21168,442.007,0,1.02816,0,0,2.13117,1.10301,1.028160,1,0,74.076,0,0,0,74.076,0
66.96,2.08408,0,0,3.86305,0.281869,0.36288,3.6288,61.308,0.203735,0,0,1.53497,0.229483,1.10176,0.66528,12.849,1,0.406807,0.36288,0,85.9386,4.09994,81.7948,0.84672,12.849,0.84672,3695.15,0,18.483,0.0307108,1.31091,1.49684,8.16143,1.00011,9.93837,0.42336,9.2415,0.21168,9.2415,0.21168,442.007,0,1.02816,0,0,2.33907,1.31091,1.028160,1,0,92.8349,0,0,0,92.8349,0
68.9469,2.09337,0,0,4.72758,0.28442,0.36288,3.6288,61.308,0.203936,0,0,1.56683,0.229483,1.13341,0.66528,12.849,1,0.401699,0.36288,0,79.4025,4.09994,75.2637,0.84672,12.849,0.84672,3695.15,0,18.483,0.0307411,1.50016,1.49711,7.88175,1.00011,9.84818,0.42336,9.2415,0.21168,9.2415,0.21168,442.007,0,1.02816,0,0,2.52832,1.50016,1.028160,1,0,86.2453,0,0,0,86.2453,0
69.0588,2.10883,0,0,2.87252,0.288888,0.36288,3.6288,61.308,0.204137,0,0,0.85587,0.229483,0.42225,0.66528,12.849,1,0.393003,0.36288,0,58.6724,4.09994,54.5424,0.84672,12.849,0.84672,3695.15,0,18.483,0.0307713,0.587062,1.49739,9.56258,1.00011,10.6162,0.42336,9.2415,0.21168,9.2415,0.21168,442.007,0,1.02816,0,0,1.61522,0.587062,1.028160,1,0,65.5808,0,0,0,65.5808,0
71.3324,2.31586,0,0,5.24617,0.293927,0.36288,3.6288,61.308,0.333417,0,0,2.53757,0.215684,1.98847,0.66528,12.849,1,0.430885,0.36288,0,92.5741,4.0422,88.4639,0.84672,12.849,0.84672,3695.15,0,18.483,0.050259,1.758,1.49766,7.75017,0.985648,9.96993,0.42336,9.2415,0.21168,9.2415,0.21168,442.007,0,1.02816,0,0,2.78616,1.758,1.028160,1,0,100.422,0,0,0,100.422,0
72.29,2.33431,0,0,4.37595,0.295605,0.788387,3.6288,61.308,0.333642,0,0,1.2522,0.258791,0.659771,0.66528,12.849,1,0.420476,0.788387,0,80.8911,4.52655,76.7325,0.84672,12.849,0.84672,3695.15,0,18.483,0.0502928,0.766428,1.6636,5.85967,1.09719,7.14223,0.42336,9.2415,0.21168,9.2415,0.21168,442.007,0,1.02816,0,0,1.79459,0.766428,1.028160,1,0,84.5345,0,0,0,84.5345,0
72.29,2.34207,0,0,5.74619,0.297769,3.10634,3.6288,61.308,0.333866,0,0,1.97127,0.258791,1.37861,0.66528,12.849,1,0.416286,3.10634,0,100.859,4.52655,99.0225,0.84672,12.849,0.84672,3695.15,0,18.483,0.0503266,2.27058,1.66391,8.41908,1.09719,11.2061,0.42336,9.2415,0.21168,9.2415,0.21168,442.007,0,1.02816,0,0,3.29874,2.27058,1.028160,1,0,111.607,0,0,0,111.607,0
72.29,2.3425,0,0,5.87937,0.311164,3.22571,3.6288,61.308,0.334091,0,0,1.84194,0.252116,1.25573,0.66528,12.849,1,0.416362,3.22571,0,105.405,4.52439,103.69,0.84672,12.849,0.84672,3695.15,0,18.483,0.0503605,1.9066,1.66421,9.09472,1.10447,11.5107,0.42336,9.2415,0.21168,9.2415,0.21168,442.007,0,1.02816,0,0,2.93476,1.9066,1.028160,1,0,116.457,0,0,0,116.457,0
72.29,2.04595,0,0,5.92275,0.346881,3.52992,3.6288,61.308,0.160962,0,0,2.31028,0.236839,1.91248,0.66528,12.849,1,0.363652,3.52992,0,90.059,4.43593,88.7894,0.84672,12.849,0.84672,3695.15,0,18.483,0.0242633,2.48549,1.66451,11.1408,1.103,14.1635,0.42336,9.2415,0.21168,9.2415,0.21168,442.007,0,1.02816,0,0,3.51365,2.48549,1.028160,1,0,104.865,0,0,0,104.865,0
72.29,2.04633,0,0,4.39343,0.360265,1.98684,3.6288,61.308,0.161155,0,0,1.32291,0.245304,0.916454,0.66528,12.849,1,0.363719,1.98684,0,95.0141,3.93761,92.6996,0.84672,12.849,0.84672,3695.15,0,18.483,0.0242924,1.32789,1.43804,8.40612,0.985,10.1627,0.42336,9.2415,0.21168,9.2415,0.21168,442.007,0,1.02816,0,0,2.35605,1.32789,1.028160,1,0,103.779,0,0,0,103.779,0
72.29,2.0467,0,0,4.16981,0.360265,1.76285,3.6288,61.308,0.161348,0,0,1.22747,0.245304,0.820815,0.66528,12.849,1,0.363785,1.76285,0,111.427,3.93761,108.888,0.84672,12.849,0.84672,3695.15,0,18.483,0.0243214,1.09467,1.4383,7.47144,0.985,8.99509,0.42336,9.2415,0.21168,9.2415,0.21168,442.007,0,1.02816,0,0,2.12283,1.09467,1.028160,1,0,118.704,0,0,0,118.704,0
72.29,2.04707,0,0,4.74174,0.284248,2.41041,3.6288,61.308,0.161541,0,0,2.04399,0.212646,1.6698,0.66528,12.849,1,0.363852,2.41041,0,104.53,3.47851,103.098,0.84672,12.849,0.84672,3695.15,0,18.483,0.0243506,2.06213,1.43856,10.1461,0.928218,12.6942,0.42336,9.2415,0.21168,9.2415,0.21168,442.007,0,1.02816,0,0,3.09029,2.06213,1.028160,1,0,117.462,0,0,0,117.462,0
72.29,2.04745,0,0,7.59091,0.299553,5.2439,3.6288,61.308,0.161734,0,0,3.242,0.237038,2.84323,0.66528,12.849,1,0.363918,5.2439,0,117.655,4.33936,118.196,0.84672,12.849,0.84672,3695.15,0,18.483,0.0243796,3.03033,1.43883,15.3618,0.987185,18.8194,0.42336,9.2415,0.21168,9.2415,0.21168,442.007,0,1.02816,0,0,4.05849,3.03033,1.028160,1,0,139.858,0,0,0,139.858,0
72.29,2.12265,0,0,6.06266,0.325305,3.61471,3.6288,61.308,0.204375,0,0,2.23743,0.195004,1.83805,0.66528,12.849,1,0.377284,3.61471,0,97.8764,3.97231,97.1415,0.84672,12.849,0.84672,3695.15,0,18.483,0.0308072,2.87262,1.43909,9.98127,0.941256,13.3209,0.42336,9.2415,0.21168,9.2415,0.21168,442.007,0,1.02816,0,0,3.90078,2.87262,1.028160,1,0,112.301,0,0,0,112.301,0
72.29,2.12303,0,0,6.55791,0.335898,4.09897,3.6288,61.308,0.204576,0,0,2.3233,0.180347,1.93838,0.66528,12.849,1,0.377353,4.09897,0,97.7996,3.82862,97.6926,0.84672,12.849,0.84672,3695.15,0,18.483,0.0308375,2.39198,1.4954,11.162,0.931312,14.0872,0.42336,9.2415,0.21168,9.2415,0.21168,442.007,0,1.02816,0,0,3.42014,2.39198,1.028160,1,0,113.718,0,0,0,113.718,0
72.29,2.12342,0,0,4.94693,0.300388,2.52312,3.6288,61.308,0.204777,0,0,1.89558,0.206092,1.48471,0.66528,12.849,1,0.377422,2.52312,0,72.7583,4.20909,70.6949,0.84672,12.849,0.84672,3695.15,0,18.483,0.0308678,1.6752,1.49567,9.03571,1.06249,11.1132,0.42336,9.2415,0.21168,9.2415,0.21168,442.007,0,1.02816,0,0,2.70336,1.6752,1.028160,1,0,83.2928,0,0,0,83.2928,0
72.29,2.12381,0,0,3.78064,0.253041,1.40379,3.6288,61.308,0.204978,0,0,1.28373,0.24042,0.838334,0.66528,12.849,1,0.377491,1.40379,0,61.8845,4.71639,58.1944,0.84672,12.849,0.84672,3695.15,0,18.483,0.0308981,0.812497,1.49594,6.08373,1.23738,7.1239,0.42336,9.2415,0.21168,9.2415,0.21168,442.007,0,1.02816,0,0,1.84066,0.812497,1.028160,1,0,66.1567,0,0,0,66.1567,0
72.29,2.09492,0,0,4.39443,0.239977,2.05953,3.6288,61.308,0.18868,0,0,1.79895,0.230042,1.38023,0.66528,12.849,1,0.372357,2.05953,0,88.8186,4.62423,85.8815,0.84672,12.849,0.84672,3695.15,0,18.483,0.0284415,1.73318,1.49622,10.4943,1.19262,12.5026,0.42336,9.2415,0.21168,9.2415,0.21168,442.007,0,1.02816,0,0,2.76134,1.73318,1.028160,1,0,99.7644,0,0,0,99.7644,0
72.29,2.09531,0,0,4.47468,0.222558,2.15682,3.6288,61.308,0.188879,0,0,1.65497,0.216205,1.24988,0.66528,12.849,1,0.372425,2.15682,0,77.8611,4.50135,75.1441,0.84672,12.849,0.84672,3695.15,0,18.483,0.0284713,1.51013,1.47466,7.2773,1.13294,9.10068,0.42336,9.2415,0.21168,9.2415,0.21168,442.007,0,1.02816,0,0,2.53829,1.51013,1.028160,1,0,85.4947,0,0,0,85.4947,0
72.29,2.09569,0,0,3.78272,0.222558,1.46447,3.6288,61.308,0.189076,0,0,1.54174,0.216205,1.13646,0.66528,12.849,1,0.372493,1.46447,0,66.3016,4.50135,62.8923,0.84672,12.849,0.84672,3695.15,0,18.483,0.0285012,1.24254,1.47493,5.99776,1.13294,7.55379,0.42336,9.2415,0.21168,9.2415,0.21168,442.007,0,1.02816,0,0,2.2707,1.24254,1.028160,1,0,71.5825,0,0,0,71.5825,0
72.29,2.09607,0,0,3.3544,0.222558,1.03577,3.6288,61.308,0.189275,0,0,1.38457,0.216205,0.979089,0.66528,12.849,1,0.372561,1.03577,0,57.1546,4.50135,53.3165,0.84672,12.849,0.84672,3695.15,0,18.483,0.028531,0.948205,1.4752,5.1728,1.13294,6.43474,0.42336,9.2415,0.21168,9.2415,0.21168,442.007,0,1.02816,0,0,1.97637,0.948205,1.028160,1,0,60.7303,0,0,0,60.7303,0
72.29,2.19591,0,0,3.05906,0.213916,0.649238,3.6288,61.308,0.248023,0,0,1.24918,0.204827,0.79633,0.66528,12.849,1,0.390306,0.649238,0,51.3398,4.26543,47.3333,0.84672,12.849,0.84672,3695.15,0,18.483,0.0373867,0.79088,1.47547,4.77141,1.07311,5.92726,0.42336,9.2415,0.21168,9.2415,0.21168,442.007,0,1.02816,0,0,1.81904,0.79088,1.028160,1,0,54.0569,0,0,0,54.0569,0
72.29,2.19631,0,0,2.89374,0.173876,0.523559,3.6288,61.308,0.248232,0,0,1.12195,0.249541,0.624175,0.66528,12.849,1,0.390377,0.523559,0,37.1099,4.3491,32.894,0.84672,12.849,0.84672,3695.15,0,18.483,0.0374182,1.11234,1.55213,4.72707,1.11754,6.23659,0.42336,9.2415,0.21168,9.2415,0.21168,442.007,0,1.02816,0,0,2.1405,1.11234,1.028160,1,0,39.7548,0,0,0,39.7548,0
72.2019,2.19671,0,0,2.64533,0.173876,0.36288,3.6288,61.308,0.248441,0,0,1.13004,0.249541,0.632062,0.66528,12.849,1,0.390449,0.36288,0,35.3328,4.3491,30.9562,0.84672,12.849,0.84672,3695.15,0,18.483,0.0374497,0.743524,1.55241,4.57739,1.11754,5.71834,0.42336,9.2415,0.21168,9.2415,0.21168,442.007,0,1.02816,0,0,1.77168,0.743524,1.028160,1,0,37.3066,0,0,0,37.3066,0
71.8738,2.19649,0,0,2.40508,0.17376,0.36288,3.6288,61.308,0.248649,0,0,0.979854,0.249541,0.481663,0.66528,12.849,1,0.390885,0.36288,0,33.3702,4.3491,28.9931,0.84672,12.849,0.84672,3695.15,0,18.483,0.0374811,0.320743,1.5527,4.21296,1.11754,4.93138,0.42336,9.2415,0.21168,9.2415,0.21168,442.007,0,1.02816,0,0,1.3489,0.320743,1.028160,1,0,34.4061,0,0,0,34.4061,0
71.2621,2.19454,0,0,2.11899,0.173327,0.36288,3.6288,61.308,0.248858,0,0,0.949735,0.249541,0.451336,0.66528,12.849,1,0.392322,0.36288,0,28.3387,4.3491,23.9601,0.84672,12.849,0.84672,3695.15,0,18.483,0.0375126,0.391867,1.55298,4.15226,1.11754,4.94206,0.42336,9.2415,0.21168,9.2415,0.21168,442.007,0,1.02816,0,0,1.42003,0.391867,1.028160,1,0,29.3535,0,0,0,29.3535,0
70.2836,2.1709,0,0,1.69874,0.143386,0.36288,3.6288,61.308,0.281277,0,0,0.840707,0.247414,0.312016,0.66528,12.849,1,0.391427,0.36288,0,26.8249,4.97273,21.8236,0.84672,12.849,0.84672,3695.15,0,18.483,0.0423994,0.46758,1.55326,3.72489,1.12871,4.57462,0.42336,9.2415,0.21168,9.2415,0.21168,442.007,0,1.02816,0,0,1.49574,0.46758,1.028160,1,0,26.7102,0,0,0,26.7102,0
69.1052,2.16417,0,0,1.47933,0.130747,0.36288,3.6288,61.308,0.281492,0,0,0.794629,0.246563,0.266575,0.66528,12.849,1,0.395646,0.36288,0,26.4277,5.22217,21.1727,0.84672,12.849,0.84672,3695.15,0,18.483,0.0424318,0.551379,1.57737,3.53545,1.13319,4.48858,0.42336,9.2415,0.21168,9.2415,0.21168,442.007,0,1.02816,0,0,1.57954,0.551379,1.028160,1,0,25.9279,0,0,0,25.9279,0
67.8035,2.15577,0,0,1.34654,0.12956,0.36288,3.6288,61.308,0.281707,0,0,0.74323,0.246563,0.21496,0.66528,12.849,1,0.400832,0.36288,0,25.3705,5.22217,20.1104,0.84672,12.849,0.84672,3695.15,0,18.483,0.0424642,0.340416,1.57766,3.32122,1.13319,4.06365,0.42336,9.2415,0.21168,9.2415,0.21168,442.007,0,1.02816,0,0,1.36858,0.340416,1.028160,1,0,24.389,0,0,0,24.389,0
66.4182,2.14619,0,0,1.23819,0.114454,0.36288,3.6288,61.308,0.281922,0,0,0.709586,0.27947,0.148194,0.66528,12.849,1,0.40671,0.36288,0,22.4918,5.64563,16.8024,0.84672,12.849,0.84672,3695.15,0,18.483,0.0424966,0.33359,1.57795,3.19575,1.28775,3.77703,0.42336,9.2415,0.21168,9.2415,0.21168,442.007,0,1.02816,0,0,1.36175,0.33359,1.028160,1,0,20.7276,0,0,0,20.7276,0
64.9856,2.18548,0,0,1.21008,0.0942389,0.36288,3.6288,61.308,0.310864,0,0,0.704929,0.324829,0.0692361,0.66528,12.849,1,0.422794,0.36288,0,22.0422,6.14729,15.835,0.84672,12.849,0.84672,3695.15,0,18.483,0.0468593,0.27032,1.57823,2.99615,1.50307,3.29478,0.42336,9.2415,0.21168,9.2415,0.21168,442.007,0,1.02816,0,0,1.29848,0.27032,1.028160,1,0,19.199,0,0,0,19.199,0
63.551,2.17392,0,0,1.19343,0.0912459,0.36288,3.6288,61.308,0.311084,0,0,0.792089,0.328536,0.152469,0.66528,12.849,1,0.429828,0.36288,0,21.3589,5.98994,15.3021,0.84672,12.849,0.84672,3695.15,0,18.483,0.0468925,0.381655,1.61651,2.79165,1.52612,3.2168,0.42336,9.2415,0.21168,9.2415,0.21168,442.007,0,1.02816,0,0,1.40981,0.381655,1.028160,1,0,18.6713,0,0,0,18.6713,0
62.0394,2.16193,0,0,1.10339,0.0901943,0.36288,3.6288,61.308,0.326351,0,0,0.734556,0.328536,0.0796684,0.66528,12.849,1,0.437108,0.36288,0,20.4815,5.98994,14.4173,0.84672,12.849,0.84672,3695.15,0,18.483,0.0491938,0.227405,1.61681,2.42731,1.52612,2.69621,0.42336,9.2415,0.21168,9.2415,0.21168,442.007,0,1.01085,0,0,1.23825,0.227405,1.028160,1,0,17.1932,0,0,0,17.1932,0
60.5711,2.14882,0,0,1.12791,0.0845669,0.36288,3.6288,61.308,0.311525,0,0,0.815728,0.331126,0.173077,0.66528,12.849,1,0.445043,0.36288,0,19.4798,6.06471,13.333,0.84672,12.849,0.84672,3695.15,0,18.483,0.0469589,0.377171,1.6171,3.00239,1.54106,3.40864,0.42336,9.2415,0.21168,9.2415,0.21168,442.007,0,1.02816,0,0,1.40533,0.377171,1.028160,1,0,16.9147,0,0,0,16.9147,0
59.0311,2.27825,0,0,1.1752,0.0739855,0.36288,3.6288,61.308,0.41551,0,0,0.836317,0.302194,0.118614,0.66528,12.849,1,0.483288,0.36288,0,19.5096,6.19009,13.199,0.84672,12.849,0.84672,3695.15,0,18.483,0.0626335,0.467813,1.6174,3.27736,1.59193,3.708,0.42336,9.2415,0.21168,9.2415,0.21168,442.007,0,1.02816,0,0,1.49597,0.467813,1.028160,1,0,17.0257,0,0,0,17.0257,0
57.1711,2.26289,0,0,0.882896,0.117147,0.36288,3.6288,60.955,0.595842,0,0,0.585777,0.342941,0,0.66528,12.849,1,0.492552,0.36288,0,15.244,6.25459,8.85972,0.84672,12.849,0.84672,3695.15,0,18.483,0.0898165,0.227405,1.74642,2.47863,1.48702,2.87563,0.42336,9.2415,0.21168,9.2415,0.21168,442.007,0,0.820921,0,0,1.04833,0.227405,1.028160,1,0,11.7353,0,0,0,11.7353,0
55.3811,2.24343,0,0,0.938978,0.122659,0.36288,3.6288,60.8834,0.415876,0,0,0.69397,0.349682,0,0.66528,12.849,1,0.504203,0.36288,0,18.8097,6.25979,12.4086,0.84672,12.849,0.84672,3695.15,0,18.483,0.0630518,0.204422,1.74674,2.74766,1.46771,3.16807,0.42336,9.2415,0.21168,9.2415,0.21168,442.007,0,1.02793,0,0,1.23235,0.204422,1.028160,1,0,15.5767,0,0,0,15.5767,0
53.4283,2.22381,0,0,0.754341,0.120501,0.36288,3.6288,60.2926,0.743193,0,0,0.501943,0.349523,0,0.66528,12.849,1,0.515947,0.36288,0,18.38,6.25979,11.9672,0.84672,12.849,0.84672,3695.15,0,18.483,0.112809,0.204422,1.74706,2.20575,1.46771,2.57672,0.42336,9.2415,0.21168,9.2415,0.21168,442.007,0,0.651128,0,0,0.85555,0.204422,1.028160,1,0,14.5439,0,0,0,14.5439,0
51.6854,2.20127,0,0,0.939436,0.118147,0.36288,3.6288,60.3868,0.415551,0,0,0.85791,0.348214,0,0.66528,12.849,1,0.529386,0.36288,0,16.7867,6.25979,10.3605,0.84672,12.849,0.84672,3695.15,0,18.483,0.0636946,0.590224,1.74738,3.41051,1.46771,4.21672,0.42336,9.2415,0.21168,9.2415,0.21168,442.007,0,1.02816,0,0,1.61838,0.590224,1.028160,1,0,14.5772,0,0,0,14.5772,0
49.8384,2.11365,0,0,0.742781,0.113259,0.36288,3.6288,59.9157,0.602151,0,0,0.492871,0.361785,0,0.66528,12.849,1,0.525454,0.36288,0,12.1071,6.28052,5.66406,0.84672,12.849,0.84672,3695.15,0,18.483,0.0921523,0.204422,1.7477,2.22521,1.39685,2.68833,0.42336,9.2415,0.21168,9.2415,0.21168,442.007,0,0.740837,0,0,0.945259,0.204422,1.028160,1,0,8.35239,0,0,0,8.35239,0
47.9231,2.09084,0,0,0.719107,0.180695,0.36288,3.6288,59.2532,0.740703,0,0,0.408383,0.330238,0,0.66528,12.849,1,0.539045,0.36288,0,9.62807,5.35287,4.09904,0.84672,12.849,0.84672,3695.15,0,18.483,0.114247,0.216518,1.67418,1.46557,1.19065,2.05137,0.42336,9.2415,0.21168,9.2415,0.21168,442.007,0,0.580453,0,0,0.796971,0.216518,1.028160,1,0,6.15041,0,0,0,6.15041,0
46.0891,2.06586,0,0,0.818528,0.223799,0.36288,3.6288,59.0396,0.493982,0,0,0.590549,0.310154,0,0.66528,12.849,1,0.553893,0.36288,0,9.48387,4.83073,4.46212,0.84672,12.849,0.84672,3695.15,0,18.483,0.0770445,0.216518,1.67449,2.04507,1.09393,2.76511,0.42336,9.2415,0.21168,9.2415,0.21168,442.007,0,0.864639,0,0,1.08116,0.216518,1.028160,1,0,7.22723,0,0,0,7.22723,0
44.2454,2.04062,0,0,0.779164,0.219316,0.36288,3.6288,58.7523,0.552171,0,0,0.574605,0.30973,0,0.66528,12.849,1,0.568897,0.36288,0,12.0725,4.83073,7.03575,0.84672,12.849,0.84672,3695.15,0,18.483,0.0864317,0.216518,1.67479,2.0247,1.09393,2.73565,0.42336,9.2415,0.21168,9.2415,0.21168,442.007,0,0.797325,0,0,1.01384,0.216518,1.028160,1,0,9.7714,0,0,0,9.7714,0
42.4932,1.96178,0,0,0.794504,0.222023,0.36288,3.6288,58.7363,0.390718,0,0,0.667567,0.292857,0,0.66528,12.849,1,0.569708,0.36288,0,17.8395,4.69275,12.9399,0.84672,12.849,0.84672,3695.15,0,18.483,0.0614583,0.216518,1.6751,2.41597,1.08735,3.15878,0.42336,9.2415,0.21168,9.2415,0.21168,442.007,0,0.917936,0,0,1.13445,0.216518,1.028160,1,0,16.0987,0,0,0,16.0987,0
40.4027,1.93556,0,0,0.46788,0.260012,0.36288,3.6288,57.8437,0.96907,0,0,0.271489,0.195029,0,0.66528,12.849,1,0.585271,0.36288,0,8.93108,3.86484,4.84385,0.84672,12.849,0.84672,3695.15,0,18.483,0.152472,0.216518,1.60974,1.48857,1.04793,2.11443,0.42336,9.2415,0.21168,9.2415,0.21168,442.007,0,0.24882,0,0,0.465338,0.216518,1.028160,1,0,6.95828,0,0,0,6.95828,0
38.939,1.91117,0,0,1.06407,0.253701,0.36288,3.6288,57.126,0.909633,0,0,0.385862,0.19391,0,0.66528,12.849,1,0.607796,0.36288,0,17.445,3.86484,13.3353,0.84672,12.849,0.84672,3695.15,0,18.483,0.145329,0.292723,1.61003,2.58269,1.04793,3.2922,0.42336,9.2415,0.21168,9.2415,0.21168,442.007,0,0.315651,0,0,0.608374,0.292723,1.028160,1,0,16.6275,0,0,0,16.6275,0
38.1201,1.89439,0,0,1.68775,0.249397,0.36288,3.6288,57.2061,0.534635,0,0,0.807814,0.193011,0,0.66528,12.849,1,0.625108,0.36288,0,23.7355,3.86484,19.6085,0.84672,12.849,0.84672,3695.15,0,18.483,0.08649,0.292723,1.61033,4.15845,1.04793,4.92708,0.42336,9.2415,0.21168,9.2415,0.21168,442.007,0,0.74974,0,0,1.04246,0.292723,1.028160,1,0,24.5356,0,0,0,24.5356,0
36.8714,1.72316,0,0,1.08435,0.247032,0.36288,3.6288,57.0799,0.535419,0,0,0.6023,0.193111,0,0.66528,12.849,1,0.58082,0.36288,0,16.3249,3.86484,12.2422,0.84672,12.849,0.84672,3695.15,0,18.483,0.0864956,0.292723,1.61062,4.10289,1.04793,4.87182,0.42336,9.2415,0.21168,9.2415,0.21168,442.007,0,0.611476,0,0,0.904199,0.292723,1.028160,1,0,17.114,0,0,0,17.114,0
36.4828,1.70478,0,0,1.93089,0.25183,0.36288,3.6288,57.17,0.339157,0,0,0.636574,0.207375,0,0.66528,12.849,1,0.594085,0.36288,0,32.9075,4.09694,28.5794,0.84672,12.849,0.84672,3695.15,0,18.483,0.054911,0.292723,1.46297,4.71696,1.11149,5.30625,0.42336,9.2415,0.21168,9.2415,0.21168,442.007,0,0.839549,0,0,1.13227,0.292723,1.028160,1,0,33.8856,0,0,0,33.8856,0
36.092,1.70047,0,0,1.90345,0.230893,0.36288,3.6288,57.466,0.17706,0,0,0.684102,0.210949,0,0.66528,12.849,1,0.598895,0.36288,0,31.352,4.10372,27.0122,0.84672,12.849,0.84672,3695.15,0,18.483,0.0286218,0.871387,1.46324,5.80158,0.965744,7.14184,0.42336,9.2415,0.21168,9.2415,0.21168,442.007,0,1.02816,0,0,1.89955,0.871387,1.028160,1,0,34.1541,0,0,0,34.1541,0
36.7637,1.69605,0,0,2.9618,0.231121,0.36288,3.6288,57.7549,0.177382,0,0,0.658396,0.192188,0,0.66528,12.849,1,0.603808,0.36288,0,51.009,4.18499,46.5831,0.84672,12.849,0.84672,3695.15,0,18.483,0.028526,0.671129,1.4635,5.9272,1.03399,6.99932,0.42336,9.2415,0.21168,9.2415,0.21168,442.007,0,1.02816,0,0,1.69929,0.671129,1.028160,1,0,53.5824,0,0,0,53.5824,0
37.7236,1.7046,0,0,3.26036,0.23298,0.36288,3.6288,57.7478,0.47562,0,0,0.661126,0.192547,0,0.66528,12.849,1,0.595761,0.36288,0,56.1233,4.18499,51.7054,0.84672,12.849,0.84672,3695.15,0,18.483,0.0761051,0.412474,1.46377,4.80664,1.03399,5.57279,0.42336,9.2415,0.21168,9.2415,0.21168,442.007,0,0.682569,0,0,1.09504,0.412474,1.028160,1,0,57.2782,0,0,0,57.2782,0
38.5655,1.77993,0,0,3.22178,0.237089,0.36288,3.6288,58.6895,0.212298,0,0,1.36935,0.215434,0,0.66528,12.849,1,0.60626,0.36288,0,53.3577,4.42443,48.6899,0.84672,12.849,0.84672,3695.15,0,18.483,0.0339744,0.549219,1.46404,5.61793,1.18056,6.41666,0.42336,9.2415,0.21168,9.2415,0.21168,442.007,0,1.02816,0,0,1.57738,0.549219,1.028160,1,0,55.1065,0,0,0,55.1065,0
39.7563,1.79023,0,0,3.58527,0.241389,0.36288,3.6288,59.4321,0.212962,0,0,1.20306,0.247459,0,0.66528,12.849,1,0.596457,0.36288,0,60.7772,4.74369,55.8,0.84672,12.849,0.84672,3695.15,0,18.483,0.033534,0.78745,1.51114,5.37501,1.37598,6.26409,0.42336,9.2415,0.21168,9.2415,0.21168,442.007,0,1.02816,0,0,1.81561,0.78745,1.028160,1,0,62.064,0,0,0,62.064,0
39.9853,1.80667,0,0,2.64335,0.244731,0.36288,3.6288,59.9085,0.225475,0,0,0.950495,0.24864,0,0.66528,12.849,1,0.583905,0.36288,0,54.4136,4.74369,49.4489,0.84672,12.849,0.84672,3695.15,0,18.483,0.0350606,0.503194,1.5114,5.55498,1.37598,6.15854,0.42336,9.2415,0.21168,9.2415,0.21168,442.007,0,1.01434,0,0,1.51754,0.503194,1.028160,1,0,55.6074,0,0,0,55.6074,0
40.1935,1.81069,0,0,2.60138,0.219653,0.36288,3.6288,60.0551,0.411449,0,0,0.814916,0.256847,0,0.66528,12.849,1,0.581852,0.36288,0,57.5554,4.60602,52.7305,0.84672,12.849,0.84672,3695.15,0,18.483,0.0634702,0.503194,1.51167,5.04874,1.24818,5.75195,0.42336,9.2415,0.21168,9.2415,0.21168,442.007,0,0.800185,0,0,1.30338,0.503194,1.028160,1,0,58.4824,0,0,0,58.4824,0
39.6309,2.01746,0,0,2.05779,0.240023,0.36288,3.6288,60.4094,0.382728,0,0,0.983759,0.246677,0,0.66528,12.849,1,0.644938,0.36288,0,64.287,4.2189,59.7861,0.84672,12.849,0.84672,3695.15,0,18.483,0.0588956,0.503194,1.51193,4.48652,0.998585,5.44416,0.42336,9.2415,0.21168,9.2415,0.21168,442.007,0,0.983655,0,0,1.48685,0.503194,1.028160,1,0,65.2302,0,0,0,65.2302,0
41.0377,2.01095,0,0,4.04685,0.26629,0.36288,3.6288,60.8192,0.344645,0,0,0.974007,0.219584,0,0.66528,12.849,1,0.651984,0.36288,0,70.6088,3.77737,66.5424,0.84672,12.849,0.84672,3695.15,0,18.483,0.0527242,0.706631,1.67944,6.45951,1.01932,7.77354,0.42336,9.2415,0.21168,9.2415,0.21168,442.007,0,1.02816,0,0,1.73479,0.706631,1.028160,1,0,74.3159,0,0,0,74.3159,0
41.8799,2.02839,0,0,3.50423,0.270763,0.36288,3.6288,60.9918,0.345171,0,0,0.737916,0.220156,0,0.66528,12.849,1,0.635093,0.36288,0,62.4282,3.77737,58.3786,0.84672,12.849,0.84672,3695.15,0,18.483,0.0524488,0.525865,1.67974,4.34131,1.01932,5.47514,0.42336,9.2415,0.21168,9.2415,0.21168,442.007,0,1.02816,0,0,1.55402,0.525865,1.028160,1,0,63.8538,0,0,0,63.8538,0
41.6777,2.03857,0,0,2.47271,0.273456,0.36288,3.6288,60.4176,0.816593,0,0,0.462742,0.220397,0,0.66528,12.849,1,0.625447,0.36288,0,43.7601,3.77737,39.7202,0.84672,12.849,0.84672,3695.15,0,18.483,0.12373,0.608429,1.68003,4.51074,1.01932,5.65615,0.42336,9.2415,0.21168,9.2415,0.21168,442.007,0,0.485706,0,0,1.09414,0.608429,1.028160,1,0,45.3763,0,0,0,45.3763,0
41.6198,1.76239,0,0,2.30291,0.23546,0.36288,3.6288,60.1262,0.548229,0,0,0.49073,0.233856,0,0.66528,12.849,1,0.543335,0.36288,0,52.6652,3.87007,48.6147,0.84672,12.849,0.84672,3695.15,0,18.483,0.0838573,0.608429,1.68033,4.23659,1.11811,5.32338,0.42336,9.2415,0.21168,9.2415,0.21168,442.007,0,0.592816,0,0,1.20125,0.608429,1.028160,1,0,53.9381,0,0,0,53.9381,0
43.2836,1.76185,0,0,4.05439,0.265908,0.36288,3.6288,61.308,0.170718,0,0,1.58361,0.181556,0.0495445,0.66528,12.849,1,0.543923,0.36288,0,93.4442,3.10705,90.1561,0.84672,12.849,0.84672,3695.15,0,18.483,0.0262396,2.2406,1.45169,9.35937,0.802145,12.2233,0.42336,9.2415,0.21168,9.2415,0.21168,442.007,0,1.02816,0,0,3.26876,2.2406,1.028160,1,0,102.429,0,0,0,102.429,0
45.6226,1.78596,0,0,4.75896,0.271097,0.36288,3.6288,61.308,0.171344,0,0,1.49602,0.182923,1.14175,0.66528,12.849,1,0.530173,0.36288,0,80.9905,3.10705,77.7161,0.84672,12.849,0.84672,3695.15,0,18.483,0.0258282,2.08927,1.45194,8.56829,0.802145,11.2815,0.42336,9.2415,0.21168,9.2415,0.21168,442.007,0,1.02816,0,0,3.11743,2.08927,1.028160,1,0,90.1394,0,0,0,90.1394,0
47.0054,1.81777,0,0,3.84182,0.278392,0.36288,3.6288,61.308,0.171531,0,0,1.05641,0.182923,0.701959,0.66528,12.849,1,0.511949,0.36288,0,87.5379,3.10705,84.2818,0.84672,12.849,0.84672,3695.15,0,18.483,0.0258564,1.02593,1.45219,5.94343,0.802145,7.59355,0.42336,9.2415,0.21168,9.2415,0.21168,442.007,0,1.02816,0,0,2.05409,1.02593,1.028160,1,0,92.5773,0,0,0,92.5773,0
47.2286,1.8357,0,0,2.70453,0.282704,0.36288,3.6288,61.308,0.171718,0,0,0.749356,0.182923,0.394715,0.66528,12.849,1,0.501792,0.36288,0,77.8205,3.10705,74.5745,0.84672,12.849,0.84672,3695.15,0,18.483,0.0258846,0.745364,1.45245,5.71184,0.802145,7.08163,0.42336,9.2415,0.21168,9.2415,0.21168,442.007,0,1.02816,0,0,1.77352,0.745364,1.028160,1,0,82.0509,0,0,0,82.0509,0
48.0553,1.90599,0,0,3.32897,0.233461,0.36288,3.6288,61.308,0.214754,0,0,0.622168,0.159356,0.248058,0.66528,12.849,1,0.518542,0.36288,0,74.9451,2.97927,71.8102,0.84672,12.849,0.84672,3695.15,0,18.483,0.0323718,0.750332,1.4527,6.20032,0.714855,7.65613,0.42336,9.2415,0.21168,9.2415,0.21168,442.007,0,1.02816,0,0,1.77849,0.750332,1.028160,1,0,79.7144,0,0,0,79.7144,0
48.2704,1.91683,0,0,2.74033,0.245531,0.36288,3.6288,61.308,0.214948,0,0,0.705081,0.173266,0.316866,0.66528,12.849,1,0.512522,0.36288,0,80.2837,3.3412,76.7929,0.84672,12.849,0.84672,3695.15,0,18.483,0.0324011,1.2177,1.50953,6.51053,0.715146,8.49023,0.42336,9.2415,0.21168,9.2415,0.21168,442.007,0,1.02816,0,0,2.24586,1.2177,1.028160,1,0,85.6,0,0,0,85.6,0
49.4682,1.91986,0,0,3.72668,0.246107,0.36288,3.6288,61.308,0.215143,0,0,1.2426,0.173266,0.85419,0.66528,12.849,1,0.511045,0.36288,0,82.9373,3.3412,79.448,0.84672,12.849,0.84672,3695.15,0,18.483,0.0324304,1.73415,1.5098,7.32788,0.715146,9.82425,0.42336,9.2415,0.21168,9.2415,0.21168,442.007,0,1.02816,0,0,2.76231,1.73415,1.028160,1,0,90.1264,0,0,0,90.1264,0
49.5275,1.93491,0,0,2.60639,0.249314,0.36288,3.6288,61.308,0.215338,0,0,0.74455,0.173266,0.355947,0.66528,12.849,1,0.502578,0.36288,0,68.7835,3.3412,65.3026,0.84672,12.849,0.84672,3695.15,0,18.483,0.0324598,0.911088,1.51006,5.90087,0.715146,7.57442,0.42336,9.2415,0.21168,9.2415,0.21168,442.007,0,1.02816,0,0,1.93925,0.911088,1.028160,1,0,73.2329,0,0,0,73.2329,0
49.2262,1.90928,0,0,2.21567,0.24478,0.36288,3.6288,61.308,0.198879,0,0,0.603204,0.172675,0.23165,0.66528,12.849,1,0.495328,0.36288,0,59.5026,3.26587,56.1042,0.84672,12.849,0.84672,3695.15,0,18.483,0.0299787,0.654575,1.51033,5.24221,0.769641,6.60749,0.42336,9.2415,0.21168,9.2415,0.21168,442.007,0,1.02816,0,0,1.68274,0.654575,1.028160,1,0,62.9434,0,0,0,62.9434,0
48.9755,1.90602,0,0,2.20735,0.189193,0.36288,3.6288,61.308,0.19907,0,0,0.705862,0.193785,0.313007,0.66528,12.849,1,0.497508,0.36288,0,46.2821,3.21992,42.9276,0.84672,12.849,0.84672,3695.15,0,18.483,0.0300076,0.734054,1.48856,4.22859,0.886462,5.53473,0.42336,9.2415,0.21168,9.2415,0.21168,442.007,0,1.02816,0,0,1.76221,0.734054,1.028160,1,0,48.7753,0,0,0,48.7753,0
48.6838,1.90333,0,0,2.15187,0.177295,0.36288,3.6288,61.308,0.199262,0,0,0.770982,0.200325,0.371395,0.66528,12.849,1,0.499351,0.36288,0,44.848,3.27757,41.4339,0.84672,12.849,0.84672,3695.15,0,18.483,0.0300366,0.893143,1.48882,4.79273,0.889904,6.25475,0.42336,9.2415,0.21168,9.2415,0.21168,442.007,0,1.02816,0,0,1.9213,0.893143,1.028160,1,0,48.0601,0,0,0,48.0601,0
48.256,1.90013,0,0,2.01197,0.176736,0.36288,3.6288,61.308,0.199454,0,0,0.758255,0.200325,0.358477,0.66528,12.849,1,0.501497,0.36288,0,40.8964,3.27757,37.4802,0.84672,12.849,0.84672,3695.15,0,18.483,0.0300655,0.685938,1.48908,4.30185,0.889904,5.5569,0.42336,9.2415,0.21168,9.2415,0.21168,442.007,0,1.02816,0,0,1.7141,0.685938,1.028160,1,0,43.3956,0,0,0,43.3956,0
47.7642,1.98512,0,0,2.0252,0.169043,0.36288,3.6288,61.308,0.258746,0,0,0.658737,0.188144,0.211847,0.66528,12.849,1,0.528573,0.36288,0,41.6708,2.91968,38.5854,0.84672,12.849,0.84672,3695.15,0,18.483,0.0390031,0.610779,1.48934,4.05776,0.898242,5.22064,0.42336,9.2415,0.21168,9.2415,0.21168,442.007,0,1.02816,0,0,1.63894,0.610779,1.028160,1,0,44.0179,0,0,0,44.0179,0
46.9056,1.97907,0,0,1.62016,0.136839,0.36288,3.6288,61.3029,0.29986,0,0,0.52143,0.226688,0,0.66528,12.849,1,0.532388,0.36288,0,34.0214,4.06286,29.789,0.84672,12.849,0.84672,3695.15,0,18.483,0.0452006,0.402797,1.56671,3.0527,1.07053,3.90648,0.42336,9.2415,0.21168,9.2415,0.21168,442.007,0,0.981081,0,0,1.38388,0.402797,1.028160,1,0,33.6955,0,0,0,33.6955,0
45.9211,1.96803,0,0,1.46885,0.122435,0.36288,3.6288,61.2506,0.331909,0,0,0.51688,0.23723,0,0.66528,12.849,1,0.539108,0.36288,0,30.4327,4.37714,25.8793,0.84672,12.849,0.84672,3695.15,0,18.483,0.0500358,0.402797,1.56698,2.89831,1.08357,3.73448,0.42336,9.2415,0.21168,9.2415,0.21168,442.007,0,0.94443,0,0,1.34723,0.402797,1.028160,1,0,29.6138,0,0,0,29.6138,0
44.9052,1.95495,0,0,1.4231,0.121103,0.36288,3.6288,61.2687,0.28637,0,0,0.541623,0.237152,0,0.66528,12.849,1,0.547008,0.36288,0,28.8765,4.37714,24.3153,0.84672,12.849,0.84672,3695.15,0,18.483,0.0432075,0.30119,1.56726,3.0086,1.08357,3.75027,0.42336,9.2415,0.21168,9.2415,0.21168,442.007,0,0.99703,0,0,1.29822,0.30119,1.028160,1,0,28.0655,0,0,0,28.0655,0
43.8143,1.94104,0,0,1.33272,0.11973,0.36288,3.6288,61.1423,0.388934,0,0,0.499655,0.237179,0,0.66528,12.849,1,0.5554,0.36288,0,27.0656,4.37714,22.4959,0.84672,12.849,0.84672,3695.15,0,18.483,0.0586651,0.30119,1.56753,2.726,1.08357,3.45248,0.42336,9.2415,0.21168,9.2415,0.21168,442.007,0,0.879241,0,0,1.18043,0.30119,1.028160,1,0,25.9484,0,0,0,25.9484,0
42.7456,1.90832,0,0,1.30335,0.100898,0.36288,3.6288,60.907,0.445983,0,0,0.475222,0.264548,0,0.66528,12.849,1,0.559635,0.36288,0,26.3752,4.97274,21.2057,0.84672,12.849,0.84672,3695.15,0,18.483,0.0674093,0.30119,1.56781,2.55156,1.23755,3.1156,0.42336,9.2415,0.21168,9.2415,0.21168,442.007,0,0.851092,0,0,1.15228,0.30119,1.028160,1,0,24.3213,0,0,0,24.3213,0
41.6705,1.89279,0,0,1.2614,0.0807544,0.36288,3.6288,60.5142,0.523706,0,0,0.436319,0.305374,0,0.66528,12.849,1,0.56896,0.36288,0,25.757,5.11662,20.4343,0.84672,12.849,0.84672,3695.15,0,18.483,0.0794626,0.30119,1.59213,2.46701,1.42182,2.85905,0.42336,9.2415,0.21168,9.2415,0.21168,442.007,0,0.761556,0,0,1.06275,0.30119,1.028160,1,0,23.2934,0,0,0,23.2934,0
40.5534,1.87663,0,0,1.19896,0.076589,0.36288,3.6288,60.1069,0.520431,0,0,0.423648,0.310479,0,0.66528,12.849,1,0.578654,0.36288,0,23.6748,5.12295,18.3361,0.84672,12.849,0.84672,3695.15,0,18.483,0.0794782,0.261274,1.59241,2.39036,1.44135,2.72321,0.42336,9.2415,0.21168,9.2415,0.21168,442.007,0,0.765055,0,0,1.02633,0.261274,1.028160,1,0,21.0593,0,0,0,21.0593,0
39.372,1.85946,0,0,1.11651,0.0755861,0.36288,3.6288,59.6088,0.558199,0,0,0.369695,0.309676,0,0.66528,12.849,1,0.589155,0.36288,0,22.0049,5.12295,16.6556,0.84672,12.849,0.84672,3695.15,0,18.483,0.0858236,0.261274,1.59269,2.26432,1.44135,2.5911,0.42336,9.2415,0.21168,9.2415,0.21168,442.007,0,0.721181,0,0,0.982454,0.261274,1.028160,1,0,19.2467,0,0,0,19.2467,0
38.0942,1.89706,0,0,1.05511,0.0729163,0.36288,3.6288,59.0054,0.63851,0,0,0.344087,0.308936,0,0.66528,12.849,1,0.619103,0.36288,0,23.208,5.19564,17.7561,0.84672,12.849,0.84672,3695.15,0,18.483,0.0989921,0.261274,1.59296,2.1214,1.43407,2.44257,0.42336,9.2415,0.21168,9.2415,0.21168,442.007,0,0.661306,0,0,0.922579,0.261274,1.028160,1,0,20.1987,0,0,0,20.1987,0
36.7395,1.88192,0,0,0.952249,0.062229,0.36288,3.6288,58.3311,0.684939,0,0,0.319857,0.309197,0,0.66528,12.849,1,0.634761,0.36288,0,19.5429,5.63178,13.6392,0.84672,12.849,0.84672,3695.15,0,18.483,0.107276,0.261274,1.63159,1.79575,1.39041,2.19093,0.42336,9.2415,0.21168,9.2415,0.21168,442.007,0,0.606839,0,0,0.868113,0.261274,1.028160,1,0,15.8302,0,0,0,15.8302,0
35.3415,1.86496,0,0,0.891069,0.0612433,0.36288,3.6288,57.6031,0.716233,0,0,0.296072,0.30786,0,0.66528,12.849,1,0.652237,0.36288,0,17.6424,5.63178,11.7212,0.84672,12.849,0.84672,3695.15,0,18.483,0.113474,0.261274,1.63187,1.60269,1.39041,1.99196,0.42336,9.2415,0.21168,9.2415,0.21168,442.007,0,0.569592,0,0,0.830866,0.261274,1.028160,1,0,13.7132,0,0,0,13.7132,0
33.89,1.84641,0,0,0.818035,0.0602261,0.36288,3.6288,56.8447,0.744842,0,0,0.292821,0.306416,0,0.66528,12.849,1,0.671296,0.36288,0,16.1273,5.63178,10.1871,0.84672,12.849,0.84672,3695.15,0,18.483,0.119498,0.227405,1.63216,1.56748,1.39041,1.91714,0.42336,9.2415,0.21168,9.2415,0.21168,442.007,0,0.535205,0,0,0.76261,0.227405,1.028160,1,0,12.1043,0,0,0,12.1043,0
32.4927,1.96839,0,0,0.982817,0.0488436,0.36288,3.6288,56.2965,0.614351,0,0,0.356567,0.290362,0,0.66528,12.849,1,0.746292,0.36288,0,16.8889,5.83999,10.6655,0.84672,12.849,0.84672,3695.15,0,18.483,0.0998779,0.227405,1.63244,2.34052,1.44922,2.65127,0.42336,9.2415,0.21168,9.2415,0.21168,442.007,0,0.806077,0,0,1.03348,0.227405,1.028160,1,0,13.3167,0,0,0,13.3167,0
30.9989,1.94578,0,0,0.864035,0.0491372,0.36288,3.6288,55.3769,0.864835,0,0,0.237944,0.292676,0,0.66528,12.849,1,0.769447,0.36288,0,15.0014,5.82098,8.77383,0.84672,12.849,0.84672,3695.15,0,18.483,0.141969,0.227405,1.76266,1.86735,1.41959,2.29585,0.42336,9.2415,0.21168,9.2415,0.21168,442.007,0,0.513769,0,0,0.741174,0.227405,1.028160,1,0,11.0697,0,0,0,11.0697,0
29.6205,1.91996,0,0,0.949329,0.0448906,0.36288,3.6288,54.5122,0.808873,0,0,0.245891,0.301809,0,0.66528,12.849,1,0.795821,0.36288,0,16.6123,5.90793,10.2714,0.84672,12.849,0.84672,3695.15,0,18.483,0.134988,0.227405,1.76297,1.85095,1.42146,2.28487,0.42336,9.2415,0.21168,9.2415,0.21168,442.007,0,0.576979,0,0,0.804384,0.227405,1.028160,1,0,12.5563,0,0,0,12.5563,0
28.1172,1.858,0,0,0.761685,0.0440727,0.36288,3.6288,53.5034,0.901985,0,0,0.193352,0.300095,0,0.66528,12.849,1,0.805978,0.36288,0,19.5395,5.90793,13.1885,0.84672,12.849,0.84672,3695.15,0,18.483,0.152914,0.204422,1.76328,1.53755,1.42146,1.93087,0.42336,9.2415,0.21168,9.2415,0.21168,442.007,0,0.440844,0,0,0.645266,0.204422,1.028160,1,0,15.1194,0,0,0,15.1194,0
26.7431,1.87016,0,0,0.902068,0.0431806,0.36288,3.6288,52.8567,0.643913,0,0,0.295147,0.297968,0,0.66528,12.849,1,0.84672,0.36288,0,16.7714,5.90793,10.3796,0.84672,12.849,0.84672,3695.15,0,18.483,0.111221,0.204422,1.73418,2.07926,1.42146,2.48518,0.42336,9.2415,0.21168,9.2415,0.21168,442.007,0,0.766239,0,0,0.970662,0.204422,1.028160,1,0,12.8648,0,0,0,12.8648,0
25.2648,1.77489,0,0,0.688565,0.0290379,0.36288,3.6288,52.0877,0.714255,0,0,0.252219,0.306924,0,0.66528,12.849,1,0.84672,0.36288,0,13.8128,6.22554,7.10339,0.84672,12.849,0.84672,3695.15,0,18.483,0.124881,0.204422,1.7639,2.26395,1.47237,2.63501,0.42336,9.2415,0.21168,9.2415,0.21168,442.007,0,0.609293,0,0,0.813715,0.204422,1.028160,1,0,9.7384,0,0,0,9.7384,0
23.6665,1.77542,0,0,0.593334,0.05338,0.36288,3.6288,51.306,0.778133,0,0,0.269911,0.273552,0,0.66528,12.0115,1,0.84672,0.36288,0,8.56837,6.26251,3.20544,0.84672,12.0115,0.84672,3694.61,0,18.483,0.138058,0.204422,1.68968,1.7525,1.4075,2.10105,0.42336,9.2415,0.21168,9.2415,0.21168,442.007,0,0.532492,0,0,0.736914,0.204422,1.028160,1,0,5.30649,0,0,0,5.30649,0
22.362,1.67437,0,0,0.784918,0.0521596,0.36288,3.6288,50.8791,0.506187,0,0,0.35114,0.271829,0,0.66528,12.849,1,0.84672,0.36288,0,12.4731,6.26251,4.34336,0.84672,12.849,0.84672,3695.15,0,18.483,0.0911771,0.216518,1.68998,2.51585,1.4075,2.92367,0.42336,9.2415,0.21168,9.2415,0.21168,442.007,0,0.803252,0,0,1.01977,0.216518,1.028160,1,0,7.26703,0,0,0,7.26703,0
21.2945,1.67489,0,0,1.02149,0.0512321,0.36288,3.6288,50.7896,0.315412,0,0,0.496864,0.270888,0,0.66528,12.849,1,0.84672,0.36288,0,24.4228,6.26251,17.6764,0.84672,12.849,0.84672,3695.15,0,18.483,0.0572903,0.400706,1.63391,2.98764,1.4075,3.55747,0.42336,9.2415,0.21168,9.2415,0.21168,442.007,0,1.02816,0,0,1.42887,0.400706,1.028160,1,0,21.2339,0,0,0,21.2339,0
20.0453,1.64881,0,0,0.86457,0.102052,0.36288,3.6288,50.2921,0.569367,0,0,0.316189,0.244328,0,0.66528,12.849,1,0.84672,0.36288,0,17.3889,6.19749,10.7075,0.84672,12.849,0.84672,3695.15,0,18.483,0.1036,0.216518,1.63419,1.77346,1.43668,2.08389,0.42336,9.2415,0.21168,9.2415,0.21168,442.007,0,0.686733,0,0,0.903252,0.216518,1.028160,1,0,12.7914,0,0,0,12.7914,0
19.1128,1.69883,0,0,1.25938,0.13017,0.36288,3.6288,49.987,0.435545,0,0,0.338041,0.207592,0,0.66528,12.849,1,0.84672,0.36288,0,25.2399,4.33293,20.4232,0.84672,12.849,0.84672,3695.15,0,18.483,0.0800341,0.216518,1.5975,2.20939,0.979756,2.96362,0.42336,9.2415,0.21168,9.2415,0.21168,442.007,0,0.867421,0,0,1.08394,0.216518,1.028160,1,0,23.3868,0,0,0,23.3868,0
19.3958,1.69935,0,0,2.47368,0.128486,0.36288,3.6288,50.0692,0.299678,0,0,0.588894,0.207075,0,0.66528,12.849,1,0.84672,0.36288,0,36.9514,4.33293,32.1346,0.84672,12.849,0.84672,3695.15,0,18.483,0.0554039,0.298192,1.62488,3.78657,0.979756,4.67448,0.42336,9.2415,0.21168,9.2415,0.21168,442.007,0,1.02816,0,0,1.32635,0.298192,1.028160,1,0,36.8091,0,0,0,36.8091,0
20.1111,1.69987,0,0,2.90705,0.128997,0.36288,3.6288,50.5341,0.29996,0,0,0.972078,0.207214,0,0.66528,12.849,1,0.84672,0.36288,0,40.0012,4.33293,35.1844,0.84672,12.849,0.84672,3695.15,0,18.483,0.055365,1.44971,1.62516,4.60193,0.979756,6.64169,0.42336,9.2415,0.21168,9.2415,0.21168,442.007,0,1.02816,0,0,2.47787,1.44971,1.028160,1,0,41.8261,0,0,0,41.8261,0
20.2257,1.47668,0,0,2.09658,0.142338,0.36288,3.6288,50.7808,0.183093,0,0,0.644247,0.214403,0,0.66528,12.849,1,0.84672,0.36288,0,35.7741,4.44891,30.8413,0.84672,12.849,0.84672,3695.15,0,18.483,0.0334835,0.701025,1.62545,4.68215,1.00683,5.96831,0.42336,9.2415,0.21168,9.2415,0.21168,442.007,0,1.02816,0,0,1.72918,0.701025,1.028160,1,0,36.8097,0,0,0,36.8097,0
22.2539,1.43136,0,0,3.97681,0.15444,0.36288,3.6288,50.9519,0.165853,0,0,0.51941,0.182524,0,0.66528,12.849,1,0.84672,0.36288,0,50.1007,4.21334,45.4035,0.84672,12.849,0.84672,3695.15,0,18.483,0.0301832,0.820238,1.47643,5.6431,0.965243,6.94433,0.42336,9.2415,0.21168,9.2415,0.21168,442.007,0,1.02816,0,0,1.8484,0.820238,1.028160,1,0,52.3478,0,0,0,52.3478,0
23.6402,1.32833,0,0,3.22879,0.151254,0.36288,3.6288,51.2955,0.0958209,0,0,0.602829,0.163414,0,0.66528,12.849,1,0.766954,0.36288,0,54.3923,4.00312,49.9851,0.84672,12.849,0.84672,3695.15,0,18.483,0.0173797,1.19788,1.45206,4.78426,0.92153,6.4953,0.42336,9.2415,0.21168,9.2415,0.21168,442.007,0,1.02816,0,0,2.22604,1.19788,1.028160,1,0,56.4804,0,0,0,56.4804,0
24.7786,1.47651,0,0,3.13311,0.155334,0.36288,3.6288,51.5168,0.166474,0,0,0.574163,0.186373,0,0.66528,12.849,1,0.802517,0.36288,0,47.999,4.36443,43.1949,0.84672,12.849,0.84672,3695.15,0,18.483,0.0299923,1.14053,1.35381,4.14886,1.06403,5.54917,0.42336,9.2415,0.21168,9.2415,0.21168,442.007,0,1.02816,0,0,2.16869,1.14053,1.028160,1,0,48.7441,0,0,0,48.7441,0
27.2959,1.5011,0,0,4.55767,0.176405,0.36288,3.6288,51.7558,0.166765,0,0,0.617977,0.212233,0,0.66528,12.849,1,0.778399,0.36288,0,61.7545,4.85151,56.4875,0.84672,12.849,0.84672,3695.15,0,18.483,0.0299157,1.42913,1.45257,5.42209,1.18425,7.08963,0.42336,9.2415,0.21168,9.2415,0.21168,442.007,0,1.02816,0,0,2.45729,1.42913,1.028160,1,0,63.5771,0,0,0,63.5771,0
30.3095,1.58107,0,0,5.14114,0.18356,0.36288,3.6288,52.3823,0.184505,0,0,1.02094,0.209851,0,0.66528,12.849,1,0.74426,0.36288,0,75.7685,4.75154,70.6356,0.84672,12.849,0.84672,3695.15,0,18.483,0.0329453,1.9845,1.45283,7.28843,1.20906,9.48376,0.42336,9.2415,0.21168,9.2415,0.21168,442.007,0,1.02816,0,0,3.01266,1.9845,1.028160,1,0,80.1193,0,0,0,80.1193,0
30.7547,1.69386,0,0,2.67967,0.177705,0.36288,3.6288,53.318,0.219264,0,0,1.38778,0.23289,0,0.66528,12.849,1,0.718072,0.36288,0,76.6774,5.24192,71.0803,0.84672,12.849,0.84672,3695.15,0,18.483,0.0386835,1.51653,1.47746,6.94038,1.49566,8.40003,0.42336,9.2415,0.21168,9.2415,0.21168,442.007,0,1.02816,0,0,2.54469,1.51653,1.028160,1,0,79.4803,0,0,0,79.4803,0
33.0126,1.70153,0,0,4.50108,0.178761,0.36288,3.6288,54.4069,0.220027,0,0,1.54359,0.234642,0,0.66528,12.849,1,0.71088,0.36288,0,59.5453,5.24192,53.9554,0.84672,12.849,0.84672,3695.15,0,18.483,0.0381369,1.80796,1.52498,7.16837,1.49566,8.96751,0.42336,9.2415,0.21168,9.2415,0.21168,442.007,0,1.02816,0,0,2.83612,1.80796,1.028160,1,0,62.9229,0,0,0,62.9229,0
33.972,1.73687,0,0,3.24305,0.183951,0.36288,3.6288,55.4033,0.220865,0,0,1.45375,0.236503,0,0.66528,12.849,1,0.676015,0.36288,0,62.7925,5.24192,57.2374,0.84672,12.849,0.84672,3695.15,0,18.483,0.0375159,1.65713,1.52524,6.12301,1.49566,7.77221,0.42336,9.2415,0.21168,9.2415,0.21168,442.007,0,1.02816,0,0,2.68529,1.65713,1.028160,1,0,65.0097,0,0,0,65.0097,0
34.0177,1.71675,0,0,2.34922,0.223924,0.36288,3.6288,56.5799,0.20324,0,0,1.59399,0.214173,0,0.66528,12.849,1,0.649314,0.36288,0,45.263,3.87473,41.1018,0.84672,12.849,0.84672,3695.15,0,18.483,0.0339012,2.01438,1.52549,6.07872,1.07442,8.51028,0.42336,9.2415,0.21168,9.2415,0.21168,442.007,0,1.02816,0,0,3.04254,2.01438,1.028160,1,0,49.6121,0,0,0,49.6121,0
36.9049,1.95292,0,0,5.43323,0.230139,0.36288,3.6288,58.9773,0.35255,0,0,2.98263,0.23265,0,0.66528,12.849,1,0.73765,0.36288,0,75.0115,4.05339,70.5834,0.84672,12.849,0.84672,3695.15,0,18.483,0.057584,3.13099,1.50031,10.2697,1.04727,13.7961,0.42336,9.2415,0.21168,9.2415,0.21168,442.007,0,1.02816,0,0,4.15915,3.13099,1.028160,1,0,84.3795,0,0,0,84.3795,0
38.4135,1.99612,0,0,4.10584,0.238261,0.36288,3.6288,60.417,0.354783,0,0,2.03432,0.239811,0,0.66528,12.849,1,0.694978,0.36288,0,59.3269,4.12115,54.8737,0.84672,12.849,0.84672,3695.15,0,18.483,0.055593,2.19691,1.69478,8.00868,1.05445,10.7903,0.42336,9.2415,0.21168,9.2415,0.21168,442.007,0,1.02816,0,0,3.22507,2.19691,1.028160,1,0,65.664,0,0,0,65.664,0
38.8108,2.01696,0,0,3.01366,0.236531,0.36288,3.6288,60.9502,0.356142,0,0,1.13377,0.244403,0,0.66528,12.849,1,0.674657,0.36288,0,44.2932,4.13659,39.8448,0.84672,12.849,0.84672,3695.15,0,18.483,0.0544761,1.02935,1.69506,6.68114,1.07091,8.28017,0.42336,9.2415,0.21168,9.2415,0.21168,442.007,0,1.02816,0,0,2.05751,1.02935,1.028160,1,0,48.125,0,0,0,48.125,0
39.1444,2.02255,0,0,2.9205,0.201512,0.36288,3.6288,61.308,0.356766,0,0,1.34283,0.259541,0.368757,0.66528,12.849,1,0.669599,0.36288,0,65.6131,4.22929,61.0771,0.84672,12.849,0.84672,3695.15,0,18.483,0.0540942,1.62048,1.69535,7.17808,1.1697,9.2701,0.42336,9.2415,0.21168,9.2415,0.21168,442.007,0,1.02816,0,0,2.64864,1.62048,1.028160,1,0,70.716,0,0,0,70.716,0
43.4501,1.73943,0,0,6.66291,0.254883,0.36288,3.6288,61.308,0.180659,0,0,4.86484,0.207188,4.47699,0.66528,12.849,1,0.570962,0.36288,0,107.945,3.36034,104.376,0.84672,12.849,0.84672,3695.15,0,18.483,0.0272323,3.30342,1.69563,17.9756,0.81809,22.1293,0.42336,9.2415,0.21168,9.2415,0.21168,442.007,0,1.02816,0,0,4.33158,3.30342,1.028160,1,0,130.983,0,0,0,130.983,0
46.7868,1.80422,0,0,5.78107,0.277264,0.36288,3.6288,61.308,0.18084,0,0,4.07327,0.198364,3.69406,0.66528,12.849,1,0.533542,0.36288,0,123.851,3.21552,120.465,0.84672,12.849,0.84672,3695.15,0,18.483,0.0272596,2.42818,1.4649,15.533,0.759488,18.6393,0.42336,9.2415,0.21168,9.2415,0.21168,442.007,0,1.02816,0,0,3.45634,2.42818,1.028160,1,0,142.798,0,0,0,142.798,0
48.2896,1.84897,0,0,3.98466,0.269951,0.36288,3.6288,61.308,0.18102,0,0,2.79139,0.186332,2.42403,0.66528,12.849,1,0.507781,0.36288,0,99.6209,3.04113,96.4349,0.84672,12.849,0.84672,3695.15,0,18.483,0.0272868,1.84226,1.46514,13.877,0.734437,16.4226,0.42336,9.2415,0.21168,9.2415,0.21168,442.007,0,1.02816,0,0,2.87042,1.84226,1.028160,1,0,115.282,0,0,0,115.282,0
51.4479,1.86793,0,0,5.61796,0.228853,0.36288,3.6288,61.308,0.181201,0,0,3.5603,0.15625,3.22285,0.66528,12.849,1,0.497022,0.36288,0,106.556,2.60516,103.817,0.84672,12.849,0.84672,3695.15,0,18.483,0.027314,2.53233,1.46539,14.8741,0.671809,18.1727,0.42336,9.2415,0.21168,9.2415,0.21168,442.007,0,1.02816,0,0,3.56049,2.53233,1.028160,1,0,125.213,0,0,0,125.213,0
53.4774,1.90495,0,0,4.54988,0.252577,0.36288,3.6288,61.308,0.181382,0,0,3.12898,0.160471,2.78713,0.66528,12.849,1,0.475756,0.36288,0,99.6019,2.70353,96.7855,0.84672,12.849,0.84672,3695.15,0,18.483,0.0273413,1.66758,1.46564,10.7162,0.604226,13.2178,0.42336,9.2415,0.21168,9.2415,0.21168,442.007,0,1.02816,0,0,2.69574,1.66758,1.028160,1,0,112.79,0,0,0,112.79,0
54.3955,1.99765,0,0,3.55609,0.277504,0.36288,3.6288,61.308,0.2248,0,0,2.60129,0.177409,2.19908,0.66528,12.849,1,0.479976,0.36288,0,57.57,3.02566,54.4273,0.84672,12.849,0.84672,3695.15,0,18.483,0.0338861,2.02729,1.46588,8.13802,0.627887,10.9694,0.42336,9.2415,0.21168,9.2415,0.21168,442.007,0,1.02816,0,0,3.05545,2.02729,1.028160,1,0,67.5958,0,0,0,67.5958,0
55.9374,2.0079,0,0,4.19125,0.278532,0.36288,3.6288,61.308,0.224988,0,0,2.40247,0.18589,1.99159,0.66528,12.849,1,0.474294,0.36288,0,82.4545,3.1689,79.1741,0.84672,12.849,0.84672,3695.15,0,18.483,0.0339144,0.813681,1.52322,9.10673,0.713217,10.6965,0.42336,9.2415,0.21168,9.2415,0.21168,442.007,0,1.02816,0,0,1.84184,0.813681,1.028160,1,0,91.8622,0,0,0,91.8622,0
56.7481,2.02435,0,0,3.48076,0.282872,0.36288,3.6288,61.308,0.225176,0,0,3.33399,0.18589,2.92292,0.66528,12.849,1,0.465,0.36288,0,61.0682,3.1689,57.7972,0.84672,12.849,0.84672,3695.15,0,18.483,0.0339428,2.35988,1.52347,10.7241,0.713217,13.8602,0.42336,9.2415,0.21168,9.2415,0.21168,442.007,0,1.02816,0,0,3.38804,2.35988,1.028160,1,0,74.5804,0,0,0,74.5804,0
57.5992,2.03291,0,0,3.5268,0.279877,0.36288,3.6288,61.308,0.225364,0,0,3.56558,0.188981,3.15124,0.66528,12.849,1,0.460296,0.36288,0,87.6317,3.29043,84.2439,0.84672,12.849,0.84672,3695.15,0,18.483,0.0339711,2.07535,1.52373,11.6522,0.736835,14.4805,0.42336,9.2415,0.21168,9.2415,0.21168,442.007,0,1.02816,0,0,3.10351,2.07535,1.028160,1,0,101.876,0,0,0,101.876,0
57.8747,2.01357,0,0,2.89513,0.243182,0.36288,3.6288,61.308,0.208748,0,0,1.72613,0.18983,1.32756,0.66528,12.849,1,0.449179,0.36288,0,63.7878,3.66888,60.0326,0.84672,12.849,0.84672,3695.15,0,18.483,0.0314665,2.08595,1.52399,7.64398,0.8294,10.393,0.42336,9.2415,0.21168,9.2415,0.21168,442.007,0,1.02816,0,0,3.11411,2.08595,1.028160,1,0,71.7532,0,0,0,71.7532,0
58.1882,2.01657,0,0,2.9108,0.217867,0.36288,3.6288,61.308,0.208934,0,0,1.58439,0.155464,1.21999,0.66528,12.849,1,0.447706,0.36288,0,66.0539,2.91946,63.0496,0.84672,12.849,0.84672,3695.15,0,18.483,0.0314944,1.99228,1.50201,5.74841,0.742176,8.46903,0.42336,9.2415,0.21168,9.2415,0.21168,442.007,0,1.02816,0,0,3.02044,1.99228,1.028160,1,0,72.7386,0,0,0,72.7386,0
58.1739,2.01991,0,0,2.53822,0.169673,0.36288,3.6288,61.308,0.209119,0,0,1.51877,0.214668,1.09499,0.66528,12.849,1,0.446033,0.36288,0,56.4684,3.68393,52.7013,0.84672,12.849,0.84672,3695.15,0,18.483,0.0315223,1.57959,1.50226,5.01111,0.956037,7.1054,0.42336,9.2415,0.21168,9.2415,0.21168,442.007,0,1.02816,0,0,2.60775,1.57959,1.028160,1,0,60.9017,0,0,0,60.9017,0
57.9943,2.02012,0,0,2.37297,0.16965,0.36288,3.6288,61.308,0.209304,0,0,1.60034,0.214668,1.17637,0.66528,12.849,1,0.446187,0.36288,0,54.5638,3.68393,50.7966,0.84672,12.849,0.84672,3695.15,0,18.483,0.0315503,2.01062,1.50251,5.10691,0.956037,7.63245,0.42336,9.2415,0.21168,9.2415,0.21168,442.007,0,1.02816,0,0,3.03878,2.01062,1.028160,1,0,59.6054,0,0,0,59.6054,0
57.5518,2.1145,0,0,2.20222,0.167339,0.36288,3.6288,61.308,0.269122,0,0,1.29143,0.217227,0.80508,0.66528,12.849,1,0.468481,0.36288,0,49.816,4.12995,45.5804,0.84672,12.849,0.84672,3695.15,0,18.483,0.0405672,1.82063,1.50277,4.75602,1.04521,6.99363,0.42336,9.2415,0.21168,9.2415,0.21168,442.007,0,1.02816,0,0,2.84879,1.82063,1.028160,1,0,53.3792,0,0,0,53.3792,0
56.9655,2.11038,0,0,2.05275,0.165815,0.36288,3.6288,61.308,0.269318,0,0,1.0966,0.218251,0.609029,0.66528,12.849,1,0.471163,0.36288,0,39.235,4.30836,34.8184,0.84672,12.849,0.84672,3695.15,0,18.483,0.0405966,1.47201,1.58082,4.33649,1.08088,6.26784,0.42336,9.2415,0.21168,9.2415,0.21168,442.007,0,1.02816,0,0,2.50017,1.47201,1.028160,1,0,41.6952,0,0,0,41.6952,0
56.1852,2.10472,0,0,1.82689,0.139522,0.36288,3.6288,61.308,0.269513,0,0,1.04086,0.237138,0.53421,0.66528,12.849,1,0.474737,0.36288,0,34.7101,4.52256,30.0757,0.84672,12.849,0.84672,3695.15,0,18.483,0.0406261,1.36687,1.58108,4.21849,1.13561,5.9902,0.42336,9.2415,0.21168,9.2415,0.21168,442.007,0,1.02816,0,0,2.39503,1.36687,1.028160,1,0,36.6001,0,0,0,36.6001,0
55.3355,2.09694,0,0,1.72964,0.11959,0.36288,3.6288,61.308,0.269709,0,0,0.997479,0.251303,0.476468,0.66528,12.849,1,0.47955,0.36288,0,33.0732,4.68321,28.2733,0.84672,12.849,0.84672,3695.15,0,18.483,0.0406556,1.22542,1.58135,4.17193,1.17666,5.76138,0.42336,9.2415,0.21168,9.2415,0.21168,442.007,0,1.02816,0,0,2.25358,1.22542,1.028160,1,0,34.5112,0,0,0,34.5112,0
54.391,2.08824,0,0,1.61204,0.105396,0.36288,3.6288,61.308,0.269904,0,0,0.928558,0.258586,0.400067,0.66528,12.849,1,0.484894,0.36288,0,32.0684,4.71331,27.2331,0.84672,12.849,0.84672,3695.15,0,18.483,0.0406851,1.0207,1.58161,3.67897,1.18985,5.05075,0.42336,9.2415,0.21168,9.2415,0.21168,442.007,0,1.02816,0,0,2.04886,1.0207,1.028160,1,0,32.6839,0,0,0,32.6839,0
53.3823,2.05968,0,0,1.50084,0.0869856,0.36288,3.6288,61.308,0.302902,0,0,0.847558,0.268297,0.276358,0.66528,12.849,1,0.486568,0.36288,0,31.8442,4.75345,26.967,0.84672,12.849,0.84672,3695.15,0,18.483,0.0456592,0.777038,1.58188,2.84412,1.20744,3.94993,0.42336,9.2415,0.21168,9.2415,0.21168,442.007,0,1.02816,0,0,1.8052,0.777038,1.028160,1,0,31.1933,0,0,0,31.1933,0
52.2637,2.04885,0,0,1.37924,0.0860989,0.36288,3.6288,61.308,0.303104,0,0,0.823185,0.268297,0.251784,0.66528,12.849,1,0.493154,0.36288,0,31.3413,4.75345,26.4575,0.84672,12.849,0.84672,3695.15,0,18.483,0.0456895,0.777799,1.6064,2.86793,1.20744,3.999,0.42336,9.2415,0.21168,9.2415,0.21168,442.007,0,1.02816,0,0,1.80596,0.777799,1.028160,1,0,30.7083,0,0,0,30.7083,0
51.0347,2.03644,0,0,1.25544,0.0851156,0.36288,3.6288,61.308,0.303305,0,0,0.769936,0.268297,0.198334,0.66528,12.849,1,0.500657,0.36288,0,30.0876,4.75345,25.1964,0.84672,12.849,0.84672,3695.15,0,18.483,0.0457198,0.536587,1.60668,2.69417,1.20744,3.58427,0.42336,9.2415,0.21168,9.2415,0.21168,442.007,0,1.02816,0,0,1.56475,0.536587,1.028160,1,0,28.979,0,0,0,28.979,0
49.7317,2.02231,0,0,1.15441,0.0721993,0.36288,3.6288,61.308,0.303506,0,0,0.735083,0.301205,0.130372,0.66528,12.849,1,0.509157,0.36288,0,26.6735,5.1769,21.3503,0.84672,12.849,0.84672,3695.15,0,18.483,0.0457502,0.528803,1.60695,2.59236,1.36201,3.32035,0.42336,9.2415,0.21168,9.2415,0.21168,442.007,0,1.02816,0,0,1.55696,0.528803,1.028160,1,0,24.801,0,0,0,24.801,0
48.5845,2.0536,0,0,1.33097,0.0616934,0.36288,3.6288,61.308,0.332961,0,0,0.688081,0.335413,0.0197063,0.66528,12.849,1,0.530581,0.36288,0,27.3526,5.9094,21.2755,0.84672,12.849,0.84672,3695.15,0,18.483,0.0501902,0.828567,1.60722,2.60766,1.52843,3.46482,0.42336,9.2415,0.21168,9.2415,0.21168,442.007,0,1.02816,0,0,1.85673,0.828567,1.028160,1,0,24.76,0,0,0,24.76,0
47.279,2.03914,0,0,1.15745,0.060937,0.36288,3.6288,61.2861,0.333168,0,0,0.646644,0.335413,0,0.66528,12.849,1,0.539284,0.36288,0,25.8784,5.9094,19.7926,0.84672,12.849,0.84672,3695.15,0,18.483,0.0502213,0.671812,1.64617,2.53764,1.52843,3.27697,0.42336,9.2415,0.21168,9.2415,0.21168,442.007,0,1.02816,0,0,1.69997,0.671812,1.028160,1,0,23.0696,0,0,0,23.0696,0
45.8998,2.02203,0,0,1.0658,0.0600744,0.36288,3.6288,61.2509,0.333358,0,0,0.633571,0.335367,0,0.66528,12.849,1,0.549526,0.36288,0,24.407,5.9094,18.311,0.84672,12.849,0.84672,3695.15,0,18.483,0.050268,0.584401,1.64645,2.51193,1.52843,3.16408,0.42336,9.2415,0.21168,9.2415,0.21168,442.007,0,1.02816,0,0,1.61256,0.584401,1.028160,1,0,21.4751,0,0,0,21.4751,0
44.3736,2.0032,0,0,0.884866,0.0449761,0.36288,3.6288,61.2072,0.333539,0,0,0.630124,0.340245,0,0.66528,12.849,1,0.560767,0.36288,0,23.1458,6.20368,16.7442,0.84672,12.849,0.84672,3695.15,0,18.483,0.0503242,0.574577,1.64672,2.39227,1.51416,3.04909,0.42336,9.2415,0.21168,9.2415,0.21168,442.007,0,1.02816,0,0,1.60274,0.574577,1.028160,1,0,19.7933,0,0,0,19.7933,0
42.7381,2.12679,0,0,0.909377,0.0551918,0.36288,3.6288,61.0039,0.439354,0,0,0.569529,0.333524,0,0.66528,12.849,1,0.615843,0.36288,0,21.5827,6.07797,15.2518,0.84672,12.849,0.84672,3695.15,0,18.483,0.0663367,0.645788,1.647,2.4708,1.5045,3.19275,0.42336,9.2415,0.21168,9.2415,0.21168,442.007,0,1.02816,0,0,1.67395,0.645788,1.028160,1,0,18.4445,0,0,0,18.4445,0
41.2713,2.10908,0,0,1.06052,0.0553544,0.36288,3.6288,60.8627,0.439386,0,0,0.633726,0.335528,0,0.66528,12.849,1,0.634086,0.36288,0,23.829,6.11257,17.4453,0.84672,12.849,0.84672,3695.15,0,18.483,0.0665627,0.999562,1.77836,2.56653,1.5641,3.71378,0.42336,9.2415,0.21168,9.2415,0.21168,442.007,0,1.02816,0,0,2.02772,0.999562,1.028160,1,0,21.159,0,0,0,21.159,0
39.6126,2.09231,0,0,0.850876,0.0544144,0.36288,3.6288,60.5863,0.439476,0,0,0.498317,0.335228,0,0.66528,12.849,1,0.651397,0.36288,0,28.0282,6.11257,21.6271,0.84672,12.849,0.84672,3695.15,0,18.483,0.0667308,0.598424,1.77866,2.13199,1.5641,2.87824,0.42336,9.2415,0.21168,9.2415,0.21168,442.007,0,1.02816,0,0,1.62658,0.598424,1.028160,1,0,24.5053,0,0,0,24.5053,0
38.132,2.07211,0,0,1.00771,0.053357,0.36288,3.6288,60.5729,0.439436,0,0,0.760665,0.33464,0,0.66528,12.849,1,0.672124,0.36288,0,24.0574,6.11257,17.6356,0.84672,12.849,0.84672,3695.15,0,18.483,0.0670291,1.41871,1.77896,2.8831,1.5641,4.44964,0.42336,9.2415,0.21168,9.2415,0.21168,442.007,0,1.02816,0,0,2.44687,1.41871,1.028160,1,0,22.0852,0,0,0,22.0852,0
36.4815,2.05299,0,0,0.82169,0.0562861,0.36288,3.6288,60.3698,0.439647,0,0,0.57115,0.33458,0,0.66528,12.849,1,0.691778,0.36288,0,23.8567,5.92215,17.6056,0.84672,12.849,0.84672,3695.15,0,18.483,0.0670761,0.919702,1.77926,2.83966,1.50084,3.9707,0.42336,9.2415,0.21168,9.2415,0.21168,442.007,0,1.02816,0,0,1.94786,0.919702,1.028160,1,0,21.5763,0,0,0,21.5763,0
34.9529,1.95874,0,0,0.861538,0.0684907,0.36288,3.6288,60.1975,0.375618,0,0,0.5545,0.351199,0,0.66528,12.849,1,0.68988,0.36288,0,18.9454,6.03783,12.5806,0.84672,12.849,0.84672,3695.15,0,18.483,0.0575002,0.758341,1.77956,2.84095,1.57554,3.74581,0.42336,9.2415,0.21168,9.2415,0.21168,442.007,0,1.02816,0,0,1.7865,0.758341,1.028160,1,0,16.3264,0,0,0,16.3264,0
33.5332,1.93706,0,0,0.988753,0.108498,0.36288,3.6288,60.0502,0.375689,0,0,0.538114,0.3097,0,0.66528,12.849,1,0.71208,0.36288,0,16.239,5.70654,10.1832,0.84672,12.849,0.84672,3695.15,0,18.483,0.0576756,0.688625,1.70467,2.07075,1.46175,2.94462,0.42336,9.2415,0.21168,9.2415,0.21168,442.007,0,1.02816,0,0,1.71679,0.688625,1.028160,1,0,13.1278,0,0,0,13.1278,0
32.6869,1.91564,0,0,1.53882,0.106629,0.36288,3.6288,60.2573,0.375779,0,0,0.8922,0.30941,0,0.66528,12.849,1,0.734018,0.36288,0,26.3976,5.70654,20.3199,0.84672,12.849,0.84672,3695.15,0,18.483,0.0578309,1.92942,1.70496,3.6937,1.46175,5.80849,0.42336,9.2415,0.21168,9.2415,0.21168,442.007,0,1.02816,0,0,2.95758,1.92942,1.028160,1,0,26.1284,0,0,0,26.1284,0
31.7316,1.90236,0,0,1.41545,0.105514,0.36288,3.6288,60.3918,0.376164,0,0,0.820575,0.309818,0,0.66528,12.849,1,0.747806,0.36288,0,47.8285,5.70654,41.7371,0.84672,12.849,0.84672,3695.15,0,18.483,0.0576914,1.65865,1.70525,3.12212,1.46175,4.96657,0.42336,9.2415,0.21168,9.2415,0.21168,442.007,0,1.02816,0,0,2.68681,1.65865,1.028160,1,0,46.7036,0,0,0,46.7036,0
30.9188,1.83019,0,0,1.53755,0.157328,0.36288,3.6288,60.518,0.31814,0,0,0.732655,0.288358,0,0.66528,12.849,1,0.741092,0.36288,0,43.2561,5.30262,37.5752,0.84672,12.849,0.84672,3695.15,0,18.483,0.0486835,0.943436,1.70553,2.51045,1.33693,3.77381,0.42336,9.2415,0.21168,9.2415,0.21168,442.007,0,1.02816,0,0,1.9716,0.943436,1.028160,1,0,41.349,0,0,0,41.349,0
29.7937,1.81678,0,0,1.21907,0.164455,0.36288,3.6288,60.4778,0.318431,0,0,0.563239,0.284965,0,0.66528,12.849,1,0.755004,0.36288,0,27.1248,5.2353,21.4973,0.84672,12.849,0.84672,3695.15,0,18.483,0.0486265,0.425002,1.63896,2.69549,1.31612,3.3947,0.42336,9.2415,0.21168,9.2415,0.21168,442.007,0,1.02816,0,0,1.45316,0.425002,1.028160,1,0,24.892,0,0,0,24.892,0
29.2271,1.79721,0,0,1.75548,0.162006,0.36288,3.6288,60.7882,0.318607,0,0,0.913836,0.284892,0,0.66528,12.849,1,0.775075,0.36288,0,48.8409,5.2353,43.1934,0.84672,12.849,0.84672,3695.15,0,18.483,0.0486856,1.28563,1.63923,4.2532,1.31612,5.81325,0.42336,9.2415,0.21168,9.2415,0.21168,442.007,0,1.02816,0,0,2.31379,1.28563,1.028160,1,0,49.0066,0,0,0,49.0066,0
30.4255,1.78712,0,0,3.54576,0.197385,0.36288,3.6288,61.308,0.319026,0,0,1.54842,0.268553,0.441024,0.66528,12.849,1,0.785666,0.36288,0,63.5185,4.73487,58.3609,0.84672,12.849,0.84672,3695.15,0,18.483,0.0485009,1.68991,1.63951,6.89589,1.24344,8.93336,0.42336,9.2415,0.21168,9.2415,0.21168,442.007,0,1.02816,0,0,2.71807,1.68991,1.028160,1,0,67.7352,0,0,0,67.7352,0
33.5917,1.65056,0,0,5.36419,0.184533,0.36288,3.6288,61.308,0.197739,0,0,2.32007,0.233942,1.88839,0.66528,12.849,1,0.697049,0.36288,0,80.1973,4.23249,75.6306,0.84672,12.849,0.84672,3695.15,0,18.483,0.0298069,3.35497,1.63979,7.59054,1.10048,11.455,0.42336,9.2415,0.21168,9.2415,0.21168,442.007,0,1.02816,0,0,4.38313,3.35497,1.028160,1,0,88.974,0,0,0,88.974,0
38.2339,1.69842,0,0,6.88306,0.179564,0.36288,3.6288,61.308,0.197922,0,0,4.02265,0.20732,3.6174,0.66528,12.849,1,0.649655,0.36288,0,104.026,3.85571,99.8831,0.84672,12.849,0.84672,3695.15,0,18.483,0.0298346,4.67457,1.48944,11.1383,0.99326,16.2793,0.42336,9.2415,0.21168,9.2415,0.21168,442.007,0,1.02816,0,0,5.70273,4.67457,1.028160,1,0,119.78,0,0,0,119.78,0
43.8567,1.75781,0,0,7.93337,0.189851,0.36288,3.6288,61.308,0.198106,0,0,3.81445,0.20732,3.40902,0.66528,12.849,1,0.590735,0.36288,0,156.923,3.85571,152.84,0.84672,12.849,0.84672,3695.15,0,18.483,0.0298623,4.81481,1.48969,14.3732,0.99326,19.6545,0.42336,9.2415,0.21168,9.2415,0.21168,442.007,0,1.02816,0,0,5.84297,4.81481,1.028160,1,0,175.903,0,0,0,175.903,0
47.6266,1.8437,0,0,6.19089,0.214459,0.36288,3.6288,61.308,0.198289,0,0,1.30955,0.206392,0.904866,0.66528,12.849,1,0.540162,0.36288,0,108.283,4.10545,104,0.84672,12.849,0.84672,3695.15,0,18.483,0.0298899,1.82852,1.48994,7.55715,1.02334,9.82237,0.42336,9.2415,0.21168,9.2415,0.21168,442.007,0,1.02816,0,0,2.85668,1.82852,1.028160,1,0,114.727,0,0,0,114.727,0
53.0339,1.89424,0,0,7.91123,0.246764,0.36288,3.6288,61.308,0.198473,0,0,1.59773,0.201322,1.19794,0.66528,12.849,1,0.511039,0.36288,0,167.638,4.6349,162.855,0.84672,12.849,0.84672,3695.15,0,18.483,0.0299176,3.00392,1.49019,8.57563,1.07631,11.9635,0.42336,9.2415,0.21168,9.2415,0.21168,442.007,0,1.02816,0,0,4.03208,3.00392,1.028160,1,0,176.016,0,0,0,176.016,0
55.4452,2.01913,0,0,5.04133,0.248067,0.36288,3.6288,61.308,0.233966,0,0,2.21905,0.196217,1.78886,0.66528,12.849,1,0.489193,0.36288,0,114.467,4.10424,110.236,0.84672,12.849,0.84672,3695.15,0,18.483,0.0352678,4.87296,1.49044,8.35479,0.98387,13.6991,0.42336,9.2415,0.21168,9.2415,0.21168,442.007,0,1.02816,0,0,5.90112,4.87296,1.028160,1,0,125.724,0,0,0,125.724,0
61.2266,2.04562,0,0,8.46355,0.273648,0.36288,3.6288,61.308,0.234148,0,0,3.08629,0.187593,2.66455,0.66528,12.849,1,0.474056,0.36288,0,164.346,3.78116,160.453,0.84672,12.849,0.84672,3695.15,0,18.483,0.0352952,6.08781,1.53836,11.5395,0.991331,18.139,0.42336,9.2415,0.21168,9.2415,0.21168,442.007,0,1.02816,0,0,7.11597,6.08781,1.028160,1,0,181.257,0,0,0,181.257,0
66.0873,2.10251,0,0,7.6153,0.289154,0.36288,3.6288,61.308,0.234329,0,0,3.76969,0.187593,3.34777,0.66528,12.849,1,0.441232,0.36288,0,176.727,3.78116,172.867,0.84672,12.849,0.84672,3695.15,0,18.483,0.0353225,7.0626,1.53861,15.0495,0.991331,22.6241,0.42336,9.2415,0.21168,9.2415,0.21168,442.007,0,1.02816,0,0,8.09076,7.0626,1.028160,1,0,198.839,0,0,0,198.839,0
69.7968,2.14467,0,0,6.51784,0.300796,0.36288,3.6288,61.308,0.234511,0,0,2.97033,0.187593,2.54822,0.66528,12.849,1,0.416977,0.36288,0,181.256,3.78116,177.421,0.84672,12.849,0.84672,3695.15,0,18.483,0.0353499,6.05888,1.53886,12.3568,0.991331,18.9278,0.42336,9.2415,0.21168,9.2415,0.21168,442.007,0,1.02816,0,0,7.08704,6.05888,1.028160,1,0,198.897,0,0,0,198.897,0
72.29,2.386,0,0,6.9525,0.321288,1.75202,3.6288,61.308,0.367341,0,0,3.45629,0.221956,2.86699,0.66528,12.849,1,0.439243,1.75202,0,158.973,4.20956,156.077,0.84672,12.849,0.84672,3695.15,0,18.483,0.0553726,5.10082,1.53911,10.1609,1.09027,15.6552,0.42336,9.2415,0.21168,9.2415,0.21168,442.007,0,1.02816,0,0,6.12898,5.10082,1.028160,1,0,174.599,0,0,0,174.599,0
72.29,2.40634,0,0,7.42543,0.286829,4.73226,3.6288,61.308,0.367544,0,0,3.21818,0.258928,2.59171,0.66528,12.849,1,0.427709,4.73226,0,179.779,4.46387,179.62,0.84672,12.849,0.84672,3695.15,0,18.483,0.0554032,4.69317,1.7096,12.4,1.29266,17.4547,0.42336,9.2415,0.21168,9.2415,0.21168,442.007,0,1.02816,0,0,5.72133,4.69317,1.028160,1,0,199.667,0,0,0,199.667,0
72.29,2.40673,0,0,6.4579,0.278305,3.77287,3.6288,61.308,0.367747,0,0,2.73863,0.23682,2.13406,0.66528,12.849,1,0.427778,3.77287,0,166.693,4.12283,165.916,0.84672,12.849,0.84672,3695.15,0,18.483,0.0554338,5.49046,1.70988,10.6583,1.21339,16.5898,0.42336,9.2415,0.21168,9.2415,0.21168,442.007,0,1.02816,0,0,6.51862,5.49046,1.028160,1,0,184.639,0,0,0,184.639,0
72.29,2.40711,0,0,9.12704,0.278305,6.44162,3.6288,61.308,0.36795,0,0,2.87702,0.23682,2.27225,0.66528,12.849,1,0.427846,6.44162,0,240.01,4.12283,241.901,0.84672,12.849,0.84672,3695.15,0,18.483,0.0554644,5.5914,1.71015,11.7552,1.21339,17.7878,0.42336,9.2415,0.21168,9.2415,0.21168,442.007,0,1.02816,0,0,6.61956,5.5914,1.028160,1,0,261.961,0,0,0,261.961,0
72.29,2.10234,0,0,5.99022,0.30419,3.58369,3.6288,61.308,0.190022,0,0,2.94379,0.250857,2.50292,0.66528,12.849,1,0.373674,3.58369,0,260.17,4.04745,259.333,0.84672,12.849,0.84672,3695.15,0,18.483,0.0286437,4.10656,1.71043,10.3014,1.12767,14.9621,0.42336,9.2415,0.21168,9.2415,0.21168,442.007,0,1.02816,0,0,5.13472,4.10656,1.028160,1,0,276.798,0,0,0,276.798,0
72.29,2.10267,0,0,5.68031,0.314544,3.26309,3.6288,61.308,0.190197,0,0,1.2107,0.256471,0.764029,0.66528,12.849,1,0.373734,3.26309,0,210.686,4.0173,209.558,0.84672,12.849,0.84672,3695.15,0,18.483,0.02867,2.56275,1.47767,8.44698,1.09338,11.3654,0.42336,9.2415,0.21168,9.2415,0.21168,442.007,0,1.02816,0,0,3.59091,2.56275,1.028160,1,0,221.688,0,0,0,221.688,0
72.29,2.10301,0,0,8.50824,0.314544,6.09068,3.6288,61.308,0.190371,0,0,3.45047,0.256471,3.00363,0.66528,12.849,1,0.373795,6.09068,0,227.261,4.0173,228.961,0.84672,12.849,0.84672,3695.15,0,18.483,0.0286963,6.19589,1.47791,12.7225,1.09338,19.2742,0.42336,9.2415,0.21168,9.2415,0.21168,442.007,0,1.02816,0,0,7.22405,6.19589,1.028160,1,0,251.239,0,0,0,251.239,0
72.29,2.10335,0,0,9.94058,0.315609,7.52162,3.6288,61.308,0.190545,0,0,2.88714,0.211053,2.48554,0.66528,12.849,1,0.373855,7.52162,0,217.534,3.80892,220.873,0.84672,12.849,0.84672,3695.15,0,18.483,0.0287226,4.46133,1.47814,13.2654,1.01828,18.1579,0.42336,9.2415,0.21168,9.2415,0.21168,442.007,0,1.02816,0,0,5.48949,4.46133,1.028160,1,0,241.517,0,0,0,241.517,0
72.29,2.10369,0,0,7.8089,0.324981,5.38023,3.6288,61.308,0.19072,0,0,1.97623,0.210493,1.57501,0.66528,12.849,1,0.373915,5.38023,0,184.502,3.75973,185.749,0.84672,12.849,0.84672,3695.15,0,18.483,0.0287489,3.52342,1.47838,10.6381,1.03516,14.576,0.42336,9.2415,0.21168,9.2415,0.21168,442.007,0,1.02816,0,0,4.55158,3.52342,1.028160,1,0,201.9,0,0,0,201.9,0
72.29,2.18091,0,0,6.49441,0.347747,3.96576,3.6288,61.308,0.234507,0,0,2.0525,0.237479,1.58052,0.66528,12.849,1,0.387639,3.96576,0,207.431,3.76701,207.242,0.84672,12.849,0.84672,3695.15,0,18.483,0.0353493,3.96274,1.47862,12.4639,1.12427,16.7456,0.42336,9.2415,0.21168,9.2415,0.21168,442.007,0,1.02816,0,0,4.9909,3.96274,1.028160,1,0,225.568,0,0,0,225.568,0
72.29,2.18126,0,0,5.07849,0.348279,2.54895,3.6288,61.308,0.234688,0,0,1.58173,0.21477,1.13228,0.66528,12.849,1,0.387702,2.54895,0,153.344,3.66282,151.843,0.84672,12.849,0.84672,3695.15,0,18.483,0.0353767,3.15325,1.53644,8.24057,1.08673,11.8082,0.42336,9.2415,0.21168,9.2415,0.21168,442.007,0,1.02816,0,0,4.18141,3.15325,1.028160,1,0,164.783,0,0,0,164.783,0
72.29,2.18161,0,0,4.85515,0.348279,2.32527,3.6288,61.308,0.23487,0,0,2.93325,0.21477,2.48361,0.66528,12.849,1,0.387764,2.32527,0,171.496,3.66282,169.771,0.84672,12.849,0.84672,3695.15,0,18.483,0.035404,5.69946,1.53669,10.1882,1.08673,16.3022,0.42336,9.2415,0.21168,9.2415,0.21168,442.007,0,1.02816,0,0,6.72762,5.69946,1.028160,1,0,188.557,0,0,0,188.557,0
72.29,2.18196,0,0,4.01848,0.339351,1.49717,3.6288,61.308,0.235052,0,0,1.05405,0.219527,0.599467,0.66528,12.849,1,0.387827,1.49717,0,129.227,3.72099,126.615,0.84672,12.849,0.84672,3695.15,0,18.483,0.0354314,2.37131,1.53694,7.04998,1.09818,9.82462,0.42336,9.2415,0.21168,9.2415,0.21168,442.007,0,1.02816,0,0,3.39947,2.37131,1.028160,1,0,137.039,0,0,0,137.039,0
72.29,2.15223,0,0,4.4594,0.280326,2.02684,3.6288,61.308,0.218284,0,0,1.6574,0.212295,1.22682,0.66528,12.849,1,0.382543,2.02684,0,123.72,3.97688,121.387,0.84672,12.849,0.84672,3695.15,0,18.483,0.0329038,3.5516,1.53718,8.78312,1.0792,12.7598,0.42336,9.2415,0.21168,9.2415,0.21168,442.007,0,1.02816,0,0,4.57976,3.5516,1.028160,1,0,135.374,0,0,0,135.374,0
72.29,2.15258,0,0,3.28692,0.280326,0.854011,3.6288,61.308,0.218462,0,0,1.1932,0.212295,0.762444,0.66528,12.849,1,0.382604,0.854011,0,79.5563,3.97688,76.0508,0.84672,12.849,0.84672,3695.15,0,18.483,0.0329308,2.22127,1.515,4.52485,1.0792,7.14898,0.42336,9.2415,0.21168,9.2415,0.21168,442.007,0,1.02816,0,0,3.24943,2.22127,1.028160,1,0,83.9622,0,0,0,83.9622,0
72.29,2.15292,0,0,2.84247,0.280326,0.409223,3.6288,61.308,0.218642,0,0,1.13785,0.212295,0.706917,0.66528,12.849,1,0.382666,0.409223,0,70.4739,3.97688,66.5236,0.84672,12.849,0.84672,3695.15,0,18.483,0.0329578,1.89959,1.51525,3.95876,1.0792,6.26144,0.42336,9.2415,0.21168,9.2415,0.21168,442.007,0,1.02816,0,0,2.92775,1.89959,1.028160,1,0,73.4919,0,0,0,73.4919,0
72.0292,2.15327,0,0,2.53571,0.280326,0.36288,3.6288,61.308,0.218821,0,0,1.01034,0.212295,0.579228,0.66528,12.849,1,0.382728,0.36288,0,60.5286,3.97688,56.5319,0.84672,12.849,0.84672,3695.15,0,18.483,0.0329848,1.52415,1.51549,3.43774,1.0792,5.36519,0.42336,9.2415,0.21168,9.2415,0.21168,442.007,0,1.02816,0,0,2.55231,1.52415,1.028160,1,0,62.4763,0,0,0,62.4763,0
72.0197,2.25387,0,0,2.83179,0.224551,0.36288,3.6288,61.308,0.279146,0,0,1.02216,0.22156,0.521458,0.66528,12.849,1,0.402058,0.36288,0,67.4413,4.02781,63.3743,0.84672,12.849,0.84672,3695.15,0,18.483,0.0420781,1.75342,1.51573,3.91374,1.05166,6.08916,0.42336,9.2415,0.21168,9.2415,0.21168,442.007,0,1.02816,0,0,2.78158,1.75342,1.028160,1,0,69.985,0,0,0,69.985,0
72.2704,2.25416,0,0,3.05086,0.183122,0.36288,3.6288,61.308,0.279335,0,0,1.00478,0.228508,0.496938,0.66528,12.849,1,0.402164,0.36288,0,73.4409,4.06602,69.3356,0.84672,12.849,0.84672,3695.15,0,18.483,0.0421066,1.78834,1.59445,4.10003,1.031,6.40972,0.42336,9.2415,0.21168,9.2415,0.21168,442.007,0,1.02816,0,0,2.8165,1.78834,1.028160,1,0,76.2422,0,0,0,76.2422,0
72.2267,2.25636,0,0,2.75897,0.183471,0.36288,3.6288,61.308,0.279523,0,0,0.966479,0.228508,0.458448,0.66528,12.849,1,0.40116,0.36288,0,70.6389,4.06602,66.5346,0.84672,12.849,0.84672,3695.15,0,18.483,0.042135,1.05178,1.5947,3.91463,1.031,5.48798,0.42336,9.2415,0.21168,9.2415,0.21168,442.007,0,1.02816,0,0,2.07994,1.05178,1.028160,1,0,72.481,0,0,0,72.481,0
71.8777,2.2564,0,0,2.45367,0.18341,0.36288,3.6288,61.308,0.279712,0,0,0.861529,0.228508,0.353309,0.66528,12.849,1,0.40141,0.36288,0,61.7434,4.06602,57.6389,0.84672,12.849,0.84672,3695.15,0,18.483,0.0421635,0.782283,1.59496,3.69284,1.031,4.99692,0.42336,9.2415,0.21168,9.2415,0.21168,442.007,0,1.02816,0,0,1.81044,0.782283,1.028160,1,0,62.9891,0,0,0,62.9891,0
71.5965,2.2542,0,0,2.51983,0.183893,0.36288,3.6288,61.308,0.279901,0,0,0.822442,0.230493,0.312048,0.66528,12.849,1,0.402966,0.36288,0,57.8616,4.30149,53.52,0.84672,12.849,0.84672,3695.15,0,18.483,0.042192,0.992269,1.59522,4.44807,1.07334,5.92003,0.42336,9.2415,0.21168,9.2415,0.21168,442.007,0,1.02816,0,0,2.02043,0.992269,1.028160,1,0,59.7521,0,0,0,59.7521,0
71.9079,2.23231,0,0,3.07036,0.163813,0.36288,3.6288,61.308,0.313174,0,0,0.813179,0.243756,0.256249,0.66528,12.849,1,0.40062,0.36288,0,60.2342,4.95427,55.2422,0.84672,12.849,0.84672,3695.15,0,18.483,0.0472075,1.38419,1.59547,6.47879,1.19823,8.21302,0.42336,9.2415,0.21168,9.2415,0.21168,442.007,0,1.02816,0,0,2.41235,1.38419,1.028160,1,0,63.7114,0,0,0,63.7114,0
72.0882,2.23495,0,0,2.88703,0.10888,0.36288,3.6288,61.308,0.313368,0,0,0.810769,0.264511,0.23289,0.66528,12.849,1,0.399357,0.36288,0,56.0398,5.11455,50.8888,0.84672,12.849,0.84672,3695.15,0,18.483,0.0472367,1.2844,1.6202,6.43663,1.24583,8.04815,0.42336,9.2415,0.21168,9.2415,0.21168,442.007,0,1.02816,0,0,2.31256,1.2844,1.028160,1,0,59.1698,0,0,0,59.1698,0
72.059,2.23663,0,0,2.67933,0.108963,0.36288,3.6288,61.308,0.313562,0,0,0.805956,0.264511,0.227884,0.66528,12.849,1,0.398657,0.36288,0,51.5029,5.11455,46.3525,0.84672,12.849,0.84672,3695.15,0,18.483,0.047266,1.32977,1.62046,5.89887,1.24583,7.556,0.42336,9.2415,0.21168,9.2415,0.21168,442.007,0,1.02816,0,0,2.35793,1.32977,1.028160,1,0,54.1364,0,0,0,54.1364,0
71.8412,2.23678,0,0,2.4908,0.108939,0.36288,3.6288,61.308,0.313756,0,0,0.803062,0.264511,0.224795,0.66528,12.849,1,0.398844,0.36288,0,48.0819,5.11455,42.9313,0.84672,12.849,0.84672,3695.15,0,18.483,0.0472953,1.35447,1.62072,5.73642,1.24583,7.41848,0.42336,9.2415,0.21168,9.2415,0.21168,442.007,0,1.02816,0,0,2.38263,1.35447,1.028160,1,0,50.5746,0,0,0,50.5746,0
71.4829,2.28772,0,0,2.40037,0.108083,0.36288,3.6288,61.308,0.343455,0,0,0.840551,0.286349,0.210747,0.66528,12.849,1,0.409165,0.36288,0,52.8813,5.61279,47.2222,0.84672,12.849,0.84672,3695.15,0,18.483,0.051772,1.32545,1.62098,5.52279,1.36503,7.05243,0.42336,9.2415,0.21168,9.2415,0.21168,442.007,0,1.02816,0,0,2.35361,1.32545,1.028160,1,0,54.4854,0,0,0,54.4854,0
70.9771,2.28539,0,0,2.25016,0.107676,0.36288,3.6288,61.308,0.343654,0,0,0.757927,0.289989,0.124284,0.66528,12.849,1,0.410798,0.36288,0,41.439,5.69583,35.6952,0.84672,12.849,0.84672,3695.15,0,18.483,0.051802,1.38739,1.66025,5.13404,1.38489,6.745,0.42336,9.2415,0.21168,9.2415,0.21168,442.007,0,1.02816,0,0,2.41555,1.38739,1.028160,1,0,42.5645,0,0,0,42.5645,0
70.2716,2.28192,0,0,2.04651,0.10726,0.36288,3.6288,61.308,0.343853,0,0,0.705853,0.289989,0.0720113,0.66528,12.849,1,0.413097,0.36288,0,38.6305,5.69583,32.8844,0.84672,12.849,0.84672,3695.15,0,18.483,0.051832,1.01091,1.66052,4.57543,1.38489,5.81014,0.42336,9.2415,0.21168,9.2415,0.21168,442.007,0,1.02816,0,0,2.03907,1.01091,1.028160,1,0,38.7666,0,0,0,38.7666,0
69.7611,2.27686,0,0,2.22862,0.099326,0.36288,3.6288,61.308,0.344052,0,0,0.833155,0.288189,0.200914,0.66528,12.849,1,0.416319,0.36288,0,38.8132,5.80397,32.9558,0.84672,12.849,0.84672,3695.15,0,18.483,0.051862,1.54146,1.66079,6.46942,1.4108,8.20901,0.42336,9.2415,0.21168,9.2415,0.21168,442.007,0,1.02816,0,0,2.56962,1.54146,1.028160,1,0,41.3657,0,0,0,41.3657,0
68.8905,2.42507,0,0,1.99714,0.0798695,0.36288,3.6288,61.308,0.450814,0,0,0.770308,0.271842,0.047651,0.66528,12.849,1,0.446663,0.36288,0,35.3811,5.91414,29.3831,0.84672,12.849,0.84672,3695.15,0,18.483,0.0679553,1.6439,1.66106,5.46575,1.47115,7.2316,0.42336,9.2415,0.21168,9.2415,0.21168,442.007,0,1.02816,0,0,2.67206,1.6439,1.028160,1,0,36.6624,0,0,0,36.6624,0
67.5159,2.41811,0,0,1.47417,0.067711,0.36288,3.6288,61.2145,0.451031,0,0,0.646125,0.288623,0,0.66528,12.849,1,0.451011,0.36288,0,30.3277,5.89386,24.3457,0.84672,12.849,0.84672,3695.15,0,18.483,0.0679879,1.53895,1.79352,4.51797,1.48379,6.29866,0.42336,9.2415,0.21168,9.2415,0.21168,442.007,0,1.02816,0,0,2.56711,1.53895,1.028160,1,0,30.6444,0,0,0,30.6444,0
66.1844,2.40661,0,0,1.50498,0.0669861,0.36288,3.6288,61.0937,0.451157,0,0,0.618793,0.288453,0,0.66528,12.849,1,0.458003,0.36288,0,27.9802,5.89386,21.9912,0.84672,12.849,0.84672,3695.15,0,18.483,0.0681108,1.43446,1.79381,4.63175,1.48379,6.30812,0.42336,9.2415,0.21168,9.2415,0.21168,442.007,0,1.02816,0,0,2.46262,1.43446,1.028160,1,0,28.2993,0,0,0,28.2993,0
65.5981,2.39511,0,0,2.2428,0.0711391,0.36288,3.6288,61.0878,0.451256,0,0,0.732586,0.287161,0,0.66528,12.849,1,0.464986,0.36288,0,36.018,5.86418,30.0517,0.84672,12.849,0.84672,3695.15,0,18.483,0.0682605,1.93863,1.7941,5.07624,1.48015,7.26057,0.42336,9.2415,0.21168,9.2415,0.21168,442.007,0,1.02816,0,0,2.96679,1.93863,1.028160,1,0,37.3123,0,0,0,37.3123,0
65.9223,2.39015,0,0,3.174,0.0967579,0.36288,3.6288,61.2799,0.451467,0,0,0.919011,0.275472,0,0.66528,12.849,1,0.46817,0.36288,0,48.815,5.78448,42.9252,0.84672,12.849,0.84672,3695.15,0,18.483,0.0682989,1.88722,1.79439,5.7948,1.46103,7.94707,0.42336,9.2415,0.21168,9.2415,0.21168,442.007,0,1.02816,0,0,2.91538,1.88722,1.028160,1,0,50.8723,0,0,0,50.8723,0
64.541,2.32047,0,0,1.41349,0.111493,0.36288,3.6288,61.1188,0.387141,0,0,0.483422,0.257342,0,0.66528,12.849,1,0.452287,0.36288,0,39.9543,5.84031,34.0246,0.84672,12.849,0.84672,3695.15,0,18.483,0.058384,0.355337,1.79468,3.88,1.48463,4.487,0.42336,9.2415,0.21168,9.2415,0.21168,442.007,0,1.02816,0,0,1.3835,0.355337,1.028160,1,0,38.5116,0,0,0,38.5116,0
64.1804,2.30845,0,0,2.421,0.110265,0.36288,3.6288,61.222,0.387214,0,0,0.747473,0.25708,0,0.66528,12.849,1,0.459572,0.36288,0,38.6022,5.84031,32.6652,0.84672,12.849,0.84672,3695.15,0,18.483,0.0585488,1.54475,1.71915,5.88749,1.48463,7.60821,0.42336,9.2415,0.21168,9.2415,0.21168,442.007,0,1.02816,0,0,2.57291,1.54475,1.028160,1,0,40.2734,0,0,0,40.2734,0
62.5905,2.30552,0,0,1.18847,0.109945,0.36288,3.6288,61.0355,0.387505,0,0,0.458281,0.257247,0,0.66528,12.849,1,0.461568,0.36288,0,38.8919,5.84031,32.9529,0.84672,12.849,0.84672,3695.15,0,18.483,0.0584942,0.525597,1.71942,3.37588,1.48463,4.07777,0.42336,9.2415,0.21168,9.2415,0.21168,442.007,0,1.02816,0,0,1.55376,0.525597,1.028160,1,0,37.0307,0,0,0,37.0307,0
61.0504,2.29099,0,0,1.22233,0.108531,0.36288,3.6288,60.8889,0.387556,0,0,0.49784,0.256944,0,0.66528,12.849,1,0.470309,0.36288,0,25.3634,5.84031,19.4157,0.84672,12.849,0.84672,3695.15,0,18.483,0.0586806,0.295868,1.7197,2.73827,1.48463,3.21052,0.42336,9.2415,0.21168,9.2415,0.21168,442.007,0,1.02816,0,0,1.32403,0.295868,1.028160,1,0,22.6262,0,0,0,22.6262,0
59.4452,2.21757,0,0,1.11799,0.142734,0.36288,3.6288,60.6502,0.409823,0,0,0.419466,0.248301,0,0.66528,12.849,1,0.466722,0.36288,0,26.0543,4.39977,21.5507,0.84672,12.849,0.84672,3695.15,0,18.483,0.0622015,0.216518,1.71998,3.86885,1.03909,4.70406,0.42336,9.2415,0.21168,9.2415,0.21168,442.007,0,0.934762,0,0,1.15128,0.216518,1.028160,1,0,26.2547,0,0,0,26.2547,0
58.3072,2.20213,0,0,1.65236,0.225357,0.36288,3.6288,60.1512,0.592785,0,0,0.329765,0.235987,0,0.66528,12.849,1,0.475987,0.36288,0,30.4602,4.19302,26.1541,0.84672,12.849,0.84672,3695.15,0,18.483,0.0903249,0.216518,1.65283,3.24281,1.04771,3.97412,0.42336,9.2415,0.21168,9.2415,0.21168,442.007,0,0.723902,0,0,0.940421,0.216518,1.028160,1,0,30.1282,0,0,0,30.1282,0
56.8422,2.1909,0,0,1.32884,0.240034,0.36288,3.6288,59.4193,0.748597,0,0,0.249871,0.233212,0,0.66528,12.849,1,0.482802,0.36288,0,23.7338,4.21249,19.4014,0.84672,12.849,0.84672,3695.15,0,18.483,0.115013,0.292723,1.65309,2.78682,1.07252,3.54511,0.42336,9.2415,0.21168,9.2415,0.21168,442.007,0,0.543629,0,0,0.836352,0.292723,1.028160,1,0,22.9465,0,0,0,22.9465,0
56.5498,2.17584,0,0,2.48291,0.236616,0.36288,3.6288,59.5406,0.328252,0,0,0.68174,0.232125,0,0.66528,12.849,1,0.491842,0.36288,0,47.2846,4.21249,42.9432,0.84672,12.849,0.84672,3695.15,0,18.483,0.0510532,1.53369,1.65336,6.14809,1.07252,8.21156,0.42336,9.2415,0.21168,9.2415,0.21168,442.007,0,1.02816,0,0,2.56185,1.53369,1.028160,1,0,51.1548,0,0,0,51.1548,0
59.3412,2.00939,0,0,5.40286,0.239215,0.36288,3.6288,60.6344,0.206138,0,0,1.53372,0.233796,0,0.66528,12.849,1,0.456565,0.36288,0,101.809,4.09113,97.6238,0.84672,12.849,0.84672,3695.15,0,18.483,0.0319954,2.62486,1.65362,10.219,1.02927,13.4363,0.42336,9.2415,0.21168,9.2415,0.21168,442.007,0,1.02816,0,0,3.65302,2.62486,1.028160,1,0,111.06,0,0,0,111.06,0
59.6787,2.03663,0,0,2.98731,0.250314,0.36288,3.6288,61.1386,0.206816,0,0,0.948447,0.237433,0,0.66528,12.849,1,0.440985,0.36288,0,57.354,3.92931,53.3466,0.84672,12.849,0.84672,3695.15,0,18.483,0.0315215,1.83973,1.502,7.61063,0.971605,9.94923,0.42336,9.2415,0.21168,9.2415,0.21168,442.007,0,1.02816,0,0,2.86789,1.83973,1.028160,1,0,63.2959,0,0,0,63.2959,0
60.7167,2.04008,0,0,3.69207,0.251127,0.36288,3.6288,61.308,0.207219,0,0,1.13111,0.238193,0.51632,0.66528,12.849,1,0.439236,0.36288,0,111.07,3.92931,107.064,0.84672,12.849,0.84672,3695.15,0,18.483,0.0313225,3.1852,1.50224,7.34236,0.971605,11.0269,0.42336,9.2415,0.21168,9.2415,0.21168,442.007,0,1.02816,0,0,4.21336,3.1852,1.028160,1,0,118.607,0,0,0,118.607,0
60.1885,2.04988,0,0,2.13811,0.253505,0.36288,3.6288,61.308,0.207471,0,0,0.659579,0.238449,0.21366,0.66528,12.849,1,0.4338,0.36288,0,63.4395,3.92931,59.4393,0.84672,12.849,0.84672,3695.15,0,18.483,0.031274,1.47579,1.50248,6.49255,0.971605,8.46794,0.42336,9.2415,0.21168,9.2415,0.21168,442.007,0,1.02816,0,0,2.50395,1.47579,1.028160,1,0,68.1209,0,0,0,68.1209,0
59.4883,2.04542,0,0,1.97052,0.262432,0.36288,3.6288,61.308,0.207648,0,0,0.466965,0.249115,0.0102023,0.66528,12.849,1,0.436655,0.36288,0,49.944,4.15788,45.7123,0.84672,12.849,0.84672,3695.15,0,18.483,0.0313007,0.917335,1.50272,7.87135,1.04291,9.2172,0.42336,9.2415,0.21168,9.2415,0.21168,442.007,0,1.02816,0,0,1.94549,0.917335,1.028160,1,0,54.9397,0,0,0,54.9397,0
61.2767,2.10318,0,0,4.54797,0.293532,0.36288,3.6288,61.308,0.243432,0,0,1.41613,0.195872,0.976827,0.66528,12.849,1,0.454271,0.36288,0,101.134,4.586,96.4564,0.84672,12.849,0.84672,3695.15,0,18.483,0.0366946,1.99684,1.50296,8.45839,1.0945,10.827,0.42336,9.2415,0.21168,9.2415,0.21168,442.007,0,1.02816,0,0,3.025,1.99684,1.028160,1,0,108.26,0,0,0,108.26,0
63.9034,2.12026,0,0,5.41414,0.304288,0.36288,3.6288,61.308,0.243606,0,0,1.67602,0.18208,1.25034,0.66528,12.849,1,0.444594,0.36288,0,150.616,4.53186,146.002,0.84672,12.849,0.84672,3695.15,0,18.483,0.036721,2.77407,1.55128,9.74497,1.08606,12.9475,0.42336,9.2415,0.21168,9.2415,0.21168,442.007,0,1.02816,0,0,3.80223,2.77407,1.028160,1,0,160.2,0,0,0,160.2,0
67.3322,2.14394,0,0,6.23499,0.2994,0.36288,3.6288,61.308,0.243781,0,0,2.22942,0.172779,1.81286,0.66528,12.849,1,0.43108,0.36288,0,92.9344,4.21029,88.6559,0.84672,12.849,0.84672,3695.15,0,18.483,0.0367473,3.49121,1.55152,10.498,1.04589,14.4581,0.42336,9.2415,0.21168,9.2415,0.21168,442.007,0,1.02816,0,0,4.51937,3.49121,1.028160,1,0,104.927,0,0,0,104.927,0
70.1067,2.17269,0,0,5.61781,0.307718,0.36288,3.6288,61.308,0.243956,0,0,1.87138,0.172779,1.45465,0.66528,12.849,1,0.414615,0.36288,0,107.63,4.21029,103.368,0.84672,12.849,0.84672,3695.15,0,18.483,0.0367737,2.98472,1.55176,11.1799,1.04589,14.6337,0.42336,9.2415,0.21168,9.2415,0.21168,442.007,0,1.02816,0,0,4.01288,2.98472,1.028160,1,0,119.457,0,0,0,119.457,0
72.29,2.40853,0,0,7.05407,0.271166,2.19107,3.6288,61.308,0.37789,0,0,1.75274,0.155355,1.2195,0.66528,12.849,1,0.441429,2.19107,0,152.044,3.16683,150.627,0.84672,12.849,0.84672,3695.15,0,18.483,0.0569627,2.45345,1.55199,11.1269,0.86301,14.2123,0.42336,9.2415,0.21168,9.2415,0.21168,442.007,0,1.02816,0,0,3.48161,2.45345,1.028160,1,0,166.059,0,0,0,166.059,0
72.29,2.42645,0,0,9.26597,0.292971,6.54654,3.6288,61.308,0.378085,0,0,2.36392,0.152142,1.83369,0.66528,12.849,1,0.431284,6.54654,0,233.03,3.60948,235.536,0.84672,12.849,0.84672,3695.15,0,18.483,0.0569921,4.46133,1.7239,14.8637,1.01548,19.9765,0.42336,9.2415,0.21168,9.2415,0.21168,442.007,0,1.02816,0,0,5.48949,4.46133,1.028160,1,0,257.346,0,0,0,257.346,0
72.29,2.42683,0,0,5.04926,0.292971,2.32946,3.6288,61.308,0.378281,0,0,1.54639,0.152142,1.01596,0.66528,12.849,1,0.43135,2.32946,0,133.11,3.60948,131.398,0.84672,12.849,0.84672,3695.15,0,18.483,0.0570216,1.88711,1.72417,7.97109,1.01548,10.5099,0.42336,9.2415,0.21168,9.2415,0.21168,442.007,0,1.02816,0,0,2.91527,1.88711,1.028160,1,0,142.924,0,0,0,142.924,0
72.29,2.4272,0,0,3.85644,0.292971,1.13627,3.6288,61.308,0.378476,0,0,1.22916,0.152142,0.698543,0.66528,12.849,1,0.431417,1.13627,0,91.1485,3.60948,88.2439,0.84672,12.849,0.84672,3695.15,0,18.483,0.0570511,1.3469,1.72443,6.14285,1.01548,8.14165,0.42336,9.2415,0.21168,9.2415,0.21168,442.007,0,1.02816,0,0,2.37506,1.3469,1.028160,1,0,97.0841,0,0,0,97.0841,0
72.29,2.11986,0,0,6.10444,0.32154,3.66303,3.6288,61.308,0.199056,0,0,1.89617,0.156723,1.54039,0.66528,12.849,1,0.37679,3.66303,0,111.853,2.90386,112.235,0.84672,12.849,0.84672,3695.15,0,18.483,0.0300054,1.87467,1.7247,9.07852,0.841247,11.8066,0.42336,9.2415,0.21168,9.2415,0.21168,442.007,0,1.02816,0,0,2.90283,1.87467,1.028160,1,0,125.582,0,0,0,125.582,0
72.29,2.12019,0,0,4.59548,0.341645,2.13364,3.6288,61.308,0.199223,0,0,1.63029,0.167819,1.26325,0.66528,12.849,1,0.376848,2.13364,0,124.936,2.50698,124.186,0.84672,12.849,0.84672,3695.15,0,18.483,0.0300307,1.48463,1.48999,7.82931,0.748511,10.0254,0.42336,9.2415,0.21168,9.2415,0.21168,442.007,0,1.02816,0,0,2.51279,1.48463,1.028160,1,0,135.475,0,0,0,135.475,0
72.29,2.12052,0,0,6.17642,0.330316,3.72558,3.6288,61.308,0.199392,0,0,1.74164,0.161803,1.38045,0.66528,12.849,1,0.376906,3.72558,0,144.041,2.41978,144.97,0.84672,12.849,0.84672,3695.15,0,18.483,0.0300561,1.19937,1.49022,8.63006,0.735985,10.5536,0.42336,9.2415,0.21168,9.2415,0.21168,442.007,0,1.02816,0,0,2.22753,1.19937,1.028160,1,0,156.904,0,0,0,156.904,0
72.29,2.12084,0,0,5.07405,0.309672,2.64353,3.6288,61.308,0.19956,0,0,1.96082,0.193262,1.568,0.66528,12.849,1,0.376964,2.64353,0,127.595,3.49954,126.362,0.84672,12.849,0.84672,3695.15,0,18.483,0.0300814,2.11414,1.49045,8.28464,0.96753,10.8916,0.42336,9.2415,0.21168,9.2415,0.21168,442.007,0,1.02816,0,0,3.1423,2.11414,1.028160,1,0,138.821,0,0,0,138.821,0
72.29,2.12117,0,0,7.69961,0.315585,5.26286,3.6288,61.308,0.199728,0,0,2.19952,0.183312,1.81648,0.66528,12.849,1,0.377021,5.26286,0,123.602,3.77936,124.709,0.84672,12.849,0.84672,3695.15,0,18.483,0.0301067,1.46665,1.49067,9.59714,0.925101,11.5993,0.42336,9.2415,0.21168,9.2415,0.21168,442.007,0,1.02816,0,0,2.49481,1.46665,1.028160,1,0,138.124,0,0,0,138.124,0
72.29,2.19901,0,0,7.77384,0.33086,5.24397,3.6288,61.308,0.24387,0,0,1.66025,0.176614,1.23977,0.66528,12.849,1,0.390857,5.24397,0,213.786,3.81572,214.823,0.84672,12.849,0.84672,3695.15,0,18.483,0.0367607,1.61495,1.4909,11.1119,0.988586,13.1924,0.42336,9.2415,0.21168,9.2415,0.21168,442.007,0,1.02816,0,0,2.64311,1.61495,1.028160,1,0,229.255,0,0,0,229.255,0
72.29,2.19935,0,0,6.78637,0.331126,4.2559,3.6288,61.308,0.244045,0,0,1.96055,0.165259,1.55124,0.66528,12.849,1,0.390917,4.2559,0,159.927,3.76362,160.029,0.84672,12.849,0.84672,3695.15,0,18.483,0.0367871,1.8005,1.54919,8.76718,0.969812,11.1103,0.42336,9.2415,0.21168,9.2415,0.21168,442.007,0,1.02816,0,0,2.82866,1.8005,1.028160,1,0,172.69,0,0,0,172.69,0
72.29,2.19968,0,0,6.35384,0.331126,3.82303,3.6288,61.308,0.24422,0,0,2.64094,0.165259,2.23146,0.66528,12.849,1,0.390977,3.82303,0,180.365,3.76362,180.034,0.84672,12.849,0.84672,3695.15,0,18.483,0.0368134,2.85981,1.54943,10.2465,0.969812,13.6491,0.42336,9.2415,0.21168,9.2415,0.21168,442.007,0,1.02816,0,0,3.88797,2.85981,1.028160,1,0,195.914,0,0,0,195.914,0
72.29,2.20002,0,0,5.39533,0.31327,2.88204,3.6288,61.308,0.244395,0,0,1.03842,0.174774,0.619247,0.66528,12.849,1,0.391037,2.88204,0,133.755,3.87996,132.366,0.84672,12.849,0.84672,3695.15,0,18.483,0.0368398,1.00437,1.54967,7.45952,0.992712,8.984,0.42336,9.2415,0.21168,9.2415,0.21168,442.007,0,1.02816,0,0,2.03253,1.00437,1.028160,1,0,141.969,0,0,0,141.969,0
72.29,2.17003,0,0,5.25007,0.235565,2.84447,3.6288,61.308,0.22748,0,0,1.58639,0.182169,1.17674,0.66528,12.849,1,0.385707,2.84447,0,132.205,4.28808,130.376,0.84672,12.849,0.84672,3695.15,0,18.483,0.0342901,2.50155,1.54991,9.49156,1.01657,12.4922,0.42336,9.2415,0.21168,9.2415,0.21168,442.007,0,1.02816,0,0,3.52971,2.50155,1.028160,1,0,144.045,0,0,0,144.045,0
72.29,2.17037,0,0,4.64111,0.230054,2.24069,3.6288,61.308,0.227652,0,0,1.45545,0.179436,1.04836,0.66528,12.849,1,0.385766,2.24069,0,114.577,4.30763,112.124,0.84672,12.849,0.84672,3695.15,0,18.483,0.0343161,2.08057,1.52753,8.96832,1.011,11.5311,0.42336,9.2415,0.21168,9.2415,0.21168,442.007,0,1.02816,0,0,3.10873,2.08057,1.028160,1,0,124.704,0,0,0,124.704,0
72.29,2.1707,0,0,4.26233,0.230054,1.86157,3.6288,61.308,0.227825,0,0,1.35843,0.179436,0.951172,0.66528,12.849,1,0.385826,1.86157,0,105.1,4.30763,102.269,0.84672,12.849,0.84672,3695.15,0,18.483,0.034342,2.0049,1.52777,7.59076,1.011,10.0781,0.42336,9.2415,0.21168,9.2415,0.21168,442.007,0,1.02816,0,0,3.03306,2.0049,1.028160,1,0,113.298,0,0,0,113.298,0
72.29,2.17104,0,0,3.94411,0.192505,1.58057,3.6288,61.308,0.227997,0,0,1.28337,0.210999,0.844372,0.66528,12.849,1,0.385885,1.58057,0,92.4178,4.57734,89.0351,0.84672,12.849,0.84672,3695.15,0,18.483,0.034368,1.90763,1.528,7.60735,1.0023,10.0063,0.42336,9.2415,0.21168,9.2415,0.21168,442.007,0,1.02816,0,0,2.93579,1.90763,1.028160,1,0,99.8858,0,0,0,99.8858,0
72.29,2.27437,0,0,3.85678,0.186954,1.39545,3.6288,61.308,0.288812,0,0,1.22485,0.220706,0.715332,0.66528,12.849,1,0.404252,1.39545,0,93.5029,4.57553,89.9186,0.84672,12.849,0.84672,3695.15,0,18.483,0.0435351,1.78527,1.52824,7.81246,0.97544,10.107,0.42336,9.2415,0.21168,9.2415,0.21168,442.007,0,1.02816,0,0,2.81343,1.78527,1.028160,1,0,100.741,0,0,0,100.741,0
72.29,2.27472,0,0,3.51933,0.135919,1.10869,3.6288,61.308,0.288993,0,0,1.14347,0.236953,0.617523,0.66528,12.849,1,0.404315,1.10869,0,72.8464,4.92003,68.6308,0.84672,12.849,0.84672,3695.15,0,18.483,0.0435625,1.61372,1.60759,6.86534,1.06403,8.97906,0.42336,9.2415,0.21168,9.2415,0.21168,442.007,0,1.02816,0,0,2.64188,1.61372,1.028160,1,0,78.2274,0,0,0,78.2274,0
72.29,2.27507,0,0,3.35876,0.113085,0.9706,3.6288,61.308,0.289175,0,0,1.06758,0.243971,0.53443,0.66528,12.849,1,0.404377,0.9706,0,65.0462,5.03937,60.5731,0.84672,12.849,0.84672,3695.15,0,18.483,0.0435899,1.39831,1.60784,6.66429,1.11474,8.51212,0.42336,9.2415,0.21168,9.2415,0.21168,442.007,0,1.02816,0,0,2.42647,1.39831,1.028160,1,0,69.6196,0,0,0,69.6196,0
72.29,2.27542,0,0,3.26777,0.113085,0.879263,3.6288,61.308,0.289357,0,0,1.08289,0.243971,0.549567,0.66528,12.849,1,0.404439,0.879263,0,61.8076,5.03937,57.2431,0.84672,12.849,0.84672,3695.15,0,18.483,0.0436173,1.59501,1.60808,6.34634,1.11474,8.39108,0.42336,9.2415,0.21168,9.2415,0.21168,442.007,0,1.02816,0,0,2.62317,1.59501,1.028160,1,0,66.1837,0,0,0,66.1837,0
72.29,2.27577,0,0,3.04771,0.126626,0.645311,3.6288,61.308,0.289539,0,0,1.03643,0.239881,0.507009,0.66528,12.849,1,0.404501,0.645311,0,59.767,4.79148,55.2164,0.84672,12.849,0.84672,3695.15,0,18.483,0.0436448,1.43339,1.60833,5.57785,1.12974,7.44619,0.42336,9.2415,0.21168,9.2415,0.21168,442.007,0,1.02816,0,0,2.46155,1.43339,1.028160,1,0,63.1696,0,0,0,63.1696,0
72.29,2.25574,0,0,3.29155,0.100382,0.935438,3.6288,61.308,0.323076,0,0,1.09661,0.24889,0.52464,0.66528,12.849,1,0.40094,0.935438,0,63.6638,5.08739,59.111,0.84672,12.849,0.84672,3695.15,0,18.483,0.0487001,0.878316,1.60858,3.7506,1.1707,5.01809,0.42336,9.2415,0.21168,9.2415,0.21168,442.007,0,1.02816,0,0,1.90648,0.878316,1.028160,1,0,64.6537,0,0,0,64.6537,0
72.29,2.25608,0,0,3.1098,0.0749906,0.778722,3.6288,61.308,0.323263,0,0,1.03238,0.284258,0.424855,0.66528,12.849,1,0.401001,0.778722,0,60.5519,5.12536,55.8042,0.84672,12.849,0.84672,3695.15,0,18.483,0.0487283,0.814597,1.63349,3.83956,1.28787,4.95105,0.42336,9.2415,0.21168,9.2415,0.21168,442.007,0,1.02816,0,0,1.84276,0.814597,1.028160,1,0,61.1801,0,0,0,61.1801,0
72.29,2.25643,0,0,2.95908,0.0749906,0.62766,3.6288,61.308,0.32345,0,0,0.960362,0.284258,0.352653,0.66528,12.849,1,0.401063,0.62766,0,54.8904,5.12536,49.9917,0.84672,12.849,0.84672,3695.15,0,18.483,0.0487565,0.747827,1.63374,3.65593,1.28787,4.70088,0.42336,9.2415,0.21168,9.2415,0.21168,442.007,0,1.02816,0,0,1.77599,0.747827,1.028160,1,0,55.0452,0,0,0,55.0452,0
72.29,2.25678,0,0,2.73133,0.0749906,0.399562,3.6288,61.308,0.323637,0,0,0.858816,0.284258,0.25092,0.66528,12.849,1,0.401125,0.399562,0,51.9424,5.12536,46.8155,0.84672,12.849,0.84672,3695.15,0,18.483,0.0487847,0.659439,1.63399,3.41967,1.28787,4.37645,0.42336,9.2415,0.21168,9.2415,0.21168,442.007,0,1.02816,0,0,1.6876,0.659439,1.028160,1,0,51.4428,0,0,0,51.4428,0
72.132,2.3098,0,0,2.58142,0.0667581,0.36288,3.6288,61.308,0.35357,0,0,0.767785,0.300361,0.113855,0.66528,12.849,1,0.410549,0.36288,0,46.6541,5.38854,41.2179,0.84672,12.849,0.84672,3695.15,0,18.483,0.0532967,0.554291,1.63425,3.19934,1.40586,3.92872,0.42336,9.2415,0.21168,9.2415,0.21168,442.007,0,1.02816,0,0,1.58245,0.554291,1.028160,1,0,45.2605,0,0,0,45.2605,0
71.8702,2.30897,0,0,2.47349,0.063389,0.36288,3.6288,61.308,0.353761,0,0,0.742375,0.306802,0.0818116,0.66528,12.849,1,0.411301,0.36288,0,43.0048,5.49381,37.4626,0.84672,12.849,0.84672,3695.15,0,18.483,0.0533256,0.566274,1.67383,3.23973,1.45306,3.97345,0.42336,9.2415,0.21168,9.2415,0.21168,442.007,0,1.02816,0,0,1.59443,0.566274,1.028160,1,0,41.5179,0,0,0,41.5179,0
71.2936,2.30736,0,0,2.15684,0.063263,0.36288,3.6288,61.308,0.353953,0,0,0.700065,0.306802,0.0393099,0.66528,12.849,1,0.41251,0.36288,0,40.7437,5.49381,35.2003,0.84672,12.849,0.84672,3695.15,0,18.483,0.0533545,0.418193,1.67409,3.09562,1.45306,3.68148,0.42336,9.2415,0.21168,9.2415,0.21168,442.007,0,1.02816,0,0,1.44635,0.418193,1.028160,1,0,38.9211,0,0,0,38.9211,0
70.5584,2.30333,0,0,1.98911,0.058121,0.36288,3.6288,61.308,0.354145,0,0,0.688038,0.309392,0.0245013,0.66528,12.849,1,0.415121,0.36288,0,38.4381,5.56859,32.8173,0.84672,12.849,0.84672,3695.15,0,18.483,0.0533834,0.354292,1.67435,3.06745,1.468,3.5747,0.42336,9.2415,0.21168,9.2415,0.21168,442.007,0,1.02816,0,0,1.38245,0.354292,1.028160,1,0,36.4165,0,0,0,36.4165,0
69.6238,2.45149,0,0,1.92244,0.0426699,0.36288,3.6288,61.2391,0.461768,0,0,0.706424,0.313541,0,0.66528,12.849,1,0.446428,0.36288,0,40.5563,5.5722,34.9006,0.84672,12.849,0.84672,3695.15,0,18.483,0.0696064,0.267598,1.6746,3.01268,1.40998,3.4753,0.42336,9.2415,0.21168,9.2415,0.21168,442.007,0,1.02816,0,0,1.29576,0.267598,1.028160,1,0,38.3759,0,0,0,38.3759,0
69.2893,2.44405,0,0,2.5185,0.0460078,0.36288,3.6288,61.0126,0.653017,0,0,0.732033,0.305545,0,0.66528,12.849,1,0.451047,0.36288,0,44.793,5.01585,39.689,0.84672,12.849,0.84672,3695.15,0,18.483,0.0985458,0.227405,1.80814,3.26544,1.35772,3.84472,0.42336,9.2415,0.21168,9.2415,0.21168,442.007,0,0.808211,0,0,1.03562,0.227405,1.028160,1,0,43.5337,0,0,0,43.5337,0
68.8052,2.44159,0,0,2.36947,0.049134,0.36288,3.6288,60.9818,0.461892,0,0,0.723626,0.292543,0,0.66528,12.849,1,0.452767,0.36288,0,42.2295,5.12998,37.0096,0.84672,12.849,0.84672,3695.15,0,18.483,0.0699622,0.538436,1.80842,3.57025,1.39913,4.44801,0.42336,9.2415,0.21168,9.2415,0.21168,442.007,0,1.02816,0,0,1.5666,0.538436,1.028160,1,0,41.4576,0,0,0,41.4576,0
68.1895,2.43781,0,0,2.23392,0.0489493,0.36288,3.6288,60.9207,0.462069,0,0,0.693438,0.292486,0,0.66528,12.849,1,0.455249,0.36288,0,42.8345,5.12998,37.6122,0.84672,12.849,0.84672,3695.15,0,18.483,0.0700244,0.630927,1.8087,3.33413,1.39913,4.3046,0.42336,9.2415,0.21168,9.2415,0.21168,442.007,0,1.02816,0,0,1.65909,0.630927,1.028160,1,0,41.9168,0,0,0,41.9168,0
67.5316,2.43285,0,0,2.18661,0.0487144,0.36288,3.6288,60.8606,0.462217,0,0,0.694483,0.292373,0,0.66528,12.849,1,0.458424,0.36288,0,40.6182,5.12998,35.3927,0.84672,12.849,0.84672,3695.15,0,18.483,0.070117,0.616118,1.80897,3.34511,1.39913,4.30095,0.42336,9.2415,0.21168,9.2415,0.21168,442.007,0,1.02816,0,0,1.64428,0.616118,1.028160,1,0,39.6936,0,0,0,39.6936,0
66.6673,2.35337,0,0,1.96661,0.114719,0.36288,3.6288,60.9253,0.397171,0,0,0.696272,0.234356,0,0.66528,12.849,1,0.447768,0.36288,0,27.5257,4.11348,23.3274,0.84672,12.849,0.84672,3695.15,0,18.483,0.0603092,0.49413,1.80925,3.30564,1.18253,4.36618,0.42336,9.2415,0.21168,9.2415,0.21168,442.007,0,1.02816,0,0,1.52229,0.49413,1.028160,1,0,27.6936,0,0,0,27.6936,0
65.6142,2.34624,0,0,1.77001,0.113939,0.36288,3.6288,60.8974,0.397424,0,0,0.603929,0.234452,0,0.66528,12.849,1,0.452198,0.36288,0,26.265,4.11348,22.0622,0.84672,12.849,0.84672,3695.15,0,18.483,0.0602836,0.228079,1.73309,2.92294,1.18253,3.6413,0.42336,9.2415,0.21168,9.2415,0.21168,442.007,0,1.02816,0,0,1.25624,0.228079,1.028160,1,0,25.7035,0,0,0,25.7035,0
64.7613,2.33726,0,0,1.98623,0.139012,0.36288,3.6288,61.2948,0.397599,0,0,1.02482,0.229726,0,0.66528,12.849,1,0.457698,0.36288,0,52.7404,3.86211,48.7834,0.84672,12.849,0.84672,3695.15,0,18.483,0.0603377,1.44835,1.73336,4.25818,1.12025,6.2593,0.42336,9.2415,0.21168,9.2415,0.21168,442.007,0,1.02816,0,0,2.47651,1.44835,1.028160,1,0,55.0427,0,0,0,55.0427,0
66.9198,2.32989,0,0,5.02377,0.172527,0.36288,3.6288,61.308,0.398137,0,0,1.2745,0.224044,0.639164,0.66528,12.849,1,0.462264,0.36288,0,79.8466,3.52695,76.2202,0.84672,12.849,0.84672,3695.15,0,18.483,0.0600276,1.35802,1.73362,6.37838,1.03722,8.37277,0.42336,9.2415,0.21168,9.2415,0.21168,442.007,0,1.02816,0,0,2.38618,1.35802,1.028160,1,0,85.2322,0,0,0,85.2322,0
67.7704,2.28883,0,0,3.73768,0.235343,0.36288,3.6288,61.308,0.33891,0,0,0.798778,0.23127,0.228597,0.66528,12.849,1,0.43947,0.36288,0,62.2345,3.98655,58.1714,0.84672,12.849,0.84672,3695.15,0,18.483,0.051087,0.824878,1.73389,6.78941,1.01788,8.27921,0.42336,9.2415,0.21168,9.2415,0.21168,442.007,0,1.02816,0,0,1.85304,0.824878,1.028160,1,0,66.6792,0,0,0,66.6792,0
69.2943,2.29634,0,0,4.46522,0.282093,0.36288,3.6288,61.308,0.3391,0,0,1.71091,0.236676,1.13513,0.66528,12.849,1,0.435377,0.36288,0,80.9508,4.33125,76.547,0.84672,12.849,0.84672,3695.15,0,18.483,0.0511155,2.53677,1.66619,8.06416,1.00337,11.2126,0.42336,9.2415,0.21168,9.2415,0.21168,442.007,0,1.02816,0,0,3.56493,2.53677,1.028160,1,0,88.8948,0,0,0,88.8948,0
69.3051,2.30917,0,0,2.96831,0.28547,0.36288,3.6288,61.308,0.339289,0,0,0.787326,0.236676,0.211361,0.66528,12.849,1,0.428182,0.36288,0,52.0602,4.33125,47.6637,0.84672,12.849,0.84672,3695.15,0,18.483,0.0511441,0.541365,1.66644,3.61823,1.00337,4.77153,0.42336,9.2415,0.21168,9.2415,0.21168,442.007,0,1.02816,0,0,1.56953,0.541365,1.028160,1,0,52.6466,0,0,0,52.6466,0
71.9029,2.30962,0,0,5.56683,0.296541,0.36288,3.6288,61.308,0.339479,0,0,1.42789,0.249559,0.838852,0.66528,12.849,1,0.428197,0.36288,0,95.9568,4.60674,91.2847,0.84672,12.849,0.84672,3695.15,0,18.483,0.0511726,1.36179,1.6667,8.13917,1.08106,10.0354,0.42336,9.2415,0.21168,9.2415,0.21168,442.007,0,1.02816,0,0,2.38995,1.36179,1.028160,1,0,102.159,0,0,0,102.159,0
72.29,2.15482,0,0,3.64751,0.316263,0.789303,3.6288,61.308,0.215803,0,0,1.69254,0.26168,1.21506,0.66528,12.849,1,0.385065,0.789303,0,63.0972,4.95136,58.5501,0.84672,12.849,0.84672,3695.15,0,18.483,0.0325298,1.87465,1.66695,7.38258,1.21817,9.67347,0.42336,9.2415,0.21168,9.2415,0.21168,442.007,0,1.02816,0,0,2.90281,1.87465,1.028160,1,0,69.4386,0,0,0,69.4386,0
72.2793,2.15787,0,0,2.79101,0.281003,0.36288,3.6288,61.308,0.215973,0,0,1.09513,0.21146,0.667692,0.66528,12.849,1,0.383545,0.36288,0,62.4711,4.09111,58.3593,0.84672,12.849,0.84672,3695.15,0,18.483,0.0325556,0.911684,1.51409,8.3577,1.0754,9.67552,0.42336,9.2415,0.21168,9.2415,0.21168,442.007,0,1.02816,0,0,1.93984,0.911684,1.028160,1,0,68.7025,0,0,0,68.7025,0
72.29,2.15812,0,0,5.24082,0.28098,2.79097,3.6288,61.308,0.216144,0,0,0.550278,0.21146,0.122675,0.66528,12.849,1,0.383647,2.79097,0,76.0435,4.09111,74.3597,0.84672,12.849,0.84672,3695.15,0,18.483,0.0325813,0.440147,1.51433,6.92455,1.0754,7.77104,0.42336,9.2415,0.21168,9.2415,0.21168,442.007,0,1.02816,0,0,1.46831,0.440147,1.028160,1,0,82.2534,0,0,0,82.2534,0
72.29,2.15853,0,0,4.63967,0.281003,2.20014,3.6288,61.308,0.216314,0,0,2.62765,0.21146,2.19987,0.66528,12.849,1,0.383663,2.20014,0,93.5712,4.09111,91.2966,0.84672,12.849,0.84672,3695.15,0,18.483,0.032607,2.46628,1.51456,8.18057,1.0754,11.0534,0.42336,9.2415,0.21168,9.2415,0.21168,442.007,0,1.02816,0,0,3.49444,2.46628,1.028160,1,0,104.55,0,0,0,104.55,0
72.29,2.15886,0,0,4.84143,0.289518,2.39305,3.6288,61.308,0.216485,0,0,1.93188,0.210685,1.50471,0.66528,12.849,1,0.383722,2.39305,0,103.278,4.21652,101.071,0.84672,12.849,0.84672,3695.15,0,18.483,0.0326327,1.83751,1.51479,6.73861,1.12811,8.93017,0.42336,9.2415,0.21168,9.2415,0.21168,442.007,0,1.02816,0,0,2.86567,1.83751,1.028160,1,0,111.506,0,0,0,111.506,0
72.29,2.22683,0,0,4.27839,0.287568,1.76399,3.6288,61.308,0.252547,0,0,1.64657,0.180692,1.21333,0.66528,12.849,1,0.395802,1.76399,0,91.1908,4.07282,88.4862,0.84672,12.849,0.84672,3695.15,0,18.483,0.0380686,1.91856,1.51503,6.60569,0.942125,9.05909,0.42336,9.2415,0.21168,9.2415,0.21168,442.007,0,1.02816,0,0,2.94672,1.91856,1.028160,1,0,98.7586,0,0,0,98.7586,0
72.29,2.22716,0,0,4.0032,0.274878,1.50116,3.6288,61.308,0.252715,0,0,1.45388,0.169694,1.03147,0.66528,12.849,1,0.39586,1.50116,0,90.9325,3.85203,88.1858,0.84672,12.849,0.84672,3695.15,0,18.483,0.0380939,1.71056,1.56372,6.12928,0.806927,8.55854,0.42336,9.2415,0.21168,9.2415,0.21168,442.007,0,1.02816,0,0,2.73872,1.71056,1.028160,1,0,97.7758,0,0,0,97.7758,0
72.29,2.22748,0,0,3.481,0.274878,0.978644,3.6288,61.308,0.252882,0,0,1.29197,0.169694,0.869389,0.66528,12.849,1,0.395918,0.978644,0,78.4184,3.85203,75.1491,0.84672,12.849,0.84672,3695.15,0,18.483,0.0381192,1.41309,1.56394,5.57459,0.806927,7.70658,0.42336,9.2415,0.21168,9.2415,0.21168,442.007,0,1.02816,0,0,2.44125,1.41309,1.028160,1,0,83.725,0,0,0,83.725,0
72.29,2.22781,0,0,3.39266,0.274878,0.889974,3.6288,61.308,0.25305,0,0,1.32668,0.169694,0.903937,0.66528,12.849,1,0.395976,0.889974,0,75.8644,3.85203,72.5064,0.84672,12.849,0.84672,3695.15,0,18.483,0.0381445,1.48811,1.56417,5.77404,0.806927,7.98126,0.42336,9.2415,0.21168,9.2415,0.21168,442.007,0,1.02816,0,0,2.51627,1.48811,1.028160,1,0,81.3915,0,0,0,81.3915,0
72.145,2.44546,0,0,3.01294,0.349601,0.36288,3.6288,61.308,0.388045,0,0,1.2408,0.188961,0.663793,0.66528,12.849,1,0.434662,0.36288,0,63.7641,4.75515,58.9372,0.84672,12.849,0.84672,3695.15,0,18.483,0.0584935,1.10381,1.5644,4.79567,1.24944,6.15594,0.42336,9.2415,0.21168,9.2415,0.21168,442.007,0,1.02816,0,0,2.13197,1.10381,1.028160,1,0,65.757,0,0,0,65.757,0
72.2814,2.44467,0,0,3.28262,0.338653,0.36288,3.6288,61.308,0.388233,0,0,1.22439,0.203688,0.632471,0.66528,12.849,1,0.435395,0.36288,0,57.2816,5.33043,51.8786,0.84672,12.849,0.84672,3695.15,0,18.483,0.0585218,1.27726,1.73767,5.1145,1.48759,6.58332,0.42336,9.2415,0.21168,9.2415,0.21168,442.007,0,1.02816,0,0,2.30542,1.27726,1.028160,1,0,59.0944,0,0,0,59.0944,0
72.1616,2.44611,0,0,3.00555,0.316344,0.36288,3.6288,61.308,0.388421,0,0,1.50038,0.20455,0.907408,0.66528,12.849,1,0.434829,0.36288,0,85.2967,4.4997,80.725,0.84672,12.849,0.84672,3695.15,0,18.483,0.0585501,1.86417,1.73793,6.18412,1.08201,8.64566,0.42336,9.2415,0.21168,9.2415,0.21168,442.007,0,1.02816,0,0,2.89233,1.86417,1.028160,1,0,90.2781,0,0,0,90.2781,0
72.29,2.44552,0,0,3.59501,0.401076,0.620053,3.6288,61.308,0.388608,0,0,1.63603,0.124296,1.12312,0.66528,12.849,1,0.435445,0.620053,0,101.06,3.94044,97.3045,0.84672,12.849,0.84672,3695.15,0,18.483,0.0585784,2.12133,1.73818,7.15872,0.942816,10.0168,0.42336,9.2415,0.21168,9.2415,0.21168,442.007,0,1.02816,0,0,3.14949,2.12133,1.028160,1,0,108.444,0,0,0,108.444,0
72.29,2.13673,0,0,3.79774,0.35389,1.30711,3.6288,61.308,0.207751,0,0,1.22461,0.182717,0.83414,0.66528,12.849,1,0.379788,1.30711,0,107.138,4.51145,103.554,0.84672,12.849,0.84672,3695.15,0,18.483,0.0313161,1.13193,1.73844,4.32291,1.12972,6.03225,0.42336,9.2415,0.21168,9.2415,0.21168,442.007,0,1.02816,0,0,2.16009,1.13193,1.028160,1,0,110.42,0,0,0,110.42,0
72.29,2.13705,0,0,5.3018,0.300845,2.86391,3.6288,61.308,0.207912,0,0,2.65202,0.238481,2.20563,0.66528,12.849,1,0.379844,2.86391,0,142.928,4.74862,140.664,0.84672,12.849,0.84672,3695.15,0,18.483,0.0313404,3.04944,1.50185,7.21521,1.21494,10.5202,0.42336,9.2415,0.21168,9.2415,0.21168,442.007,0,1.02816,0,0,4.0776,3.04944,1.028160,1,0,153.389,0,0,0,153.389,0
72.29,2.13736,0,0,3.68103,0.300845,1.24282,3.6288,61.308,0.208073,0,0,1.33575,0.238481,0.889199,0.66528,12.849,1,0.3799,1.24282,0,108.751,4.74862,104.865,0.84672,12.849,0.84672,3695.15,0,18.483,0.0313647,2.06815,1.50207,4.62638,1.21494,6.95029,0.42336,9.2415,0.21168,9.2415,0.21168,442.007,0,1.02816,0,0,3.09631,2.06815,1.028160,1,0,112.705,0,0,0,112.705,0
72.29,2.13767,0,0,4.41812,0.306923,1.97352,3.6288,61.308,0.208234,0,0,2.69336,0.222624,2.26251,0.66528,12.849,1,0.379955,1.97352,0,140.58,4.7183,137.455,0.84672,12.849,0.84672,3695.15,0,18.483,0.031389,4.22587,1.50229,10.3276,1.17846,14.8459,0.42336,9.2415,0.21168,9.2415,0.21168,442.007,0,1.02816,0,0,5.25403,4.22587,1.028160,1,0,154.563,0,0,0,154.563,0
72.29,2.13799,0,0,4.00192,0.322119,1.54181,3.6288,61.308,0.208396,0,0,1.87916,0.182982,1.48778,0.66528,12.849,1,0.380011,1.54181,0,68.8768,4.64247,65.3961,0.84672,12.849,0.84672,3695.15,0,18.483,0.0314133,3.25972,1.50251,7.89759,1.08724,11.5412,0.42336,9.2415,0.21168,9.2415,0.21168,442.007,0,1.02816,0,0,4.28788,3.25972,1.028160,1,0,78.4251,0,0,0,78.4251,0
72.29,2.21643,0,0,3.43207,0.262386,0.953252,3.6288,61.308,0.25288,0,0,1.02878,0.199106,0.576796,0.66528,12.849,1,0.393953,0.953252,0,143.523,3.33032,140.752,0.84672,12.849,0.84672,3695.15,0,18.483,0.0381188,2.0218,1.50273,4.55328,0.94447,7.09522,0.42336,9.2415,0.21168,9.2415,0.21168,442.007,0,1.02816,0,0,3.04996,2.0218,1.028160,1,0,148.424,0,0,0,148.424,0
72.29,2.21675,0,0,4.38727,0.276723,1.89379,3.6288,61.308,0.253048,0,0,3.05449,0.240462,2.56098,0.66528,12.849,1,0.394011,1.89379,0,118.613,4.37504,115.737,0.84672,12.849,0.84672,3695.15,0,18.483,0.0381441,4.65909,1.56147,9.39098,1.15326,14.4201,0.42336,9.2415,0.21168,9.2415,0.21168,442.007,0,1.02816,0,0,5.68725,4.65909,1.028160,1,0,132.718,0,0,0,132.718,0
72.29,2.21708,0,0,3.17708,0.276723,0.683283,3.6288,61.308,0.253216,0,0,1.31427,0.240462,0.820587,0.66528,12.849,1,0.394069,0.683283,0,94.1812,4.37504,90.0954,0.84672,12.849,0.84672,3695.15,0,18.483,0.0381695,2.52199,1.5617,5.17886,1.15326,8.07111,0.42336,9.2415,0.21168,9.2415,0.21168,442.007,0,1.02816,0,0,3.55015,2.52199,1.028160,1,0,98.9871,0,0,0,98.9871,0
72.29,2.2174,0,0,4.07271,0.276723,1.57859,3.6288,61.308,0.253384,0,0,2.31991,0.240462,1.82606,0.66528,12.849,1,0.394126,1.57859,0,129.438,4.37504,126.247,0.84672,12.849,0.84672,3695.15,0,18.483,0.0381948,3.92875,1.56192,7.8797,1.15326,12.1789,0.42336,9.2415,0.21168,9.2415,0.21168,442.007,0,1.02816,0,0,4.95691,3.92875,1.028160,1,0,140.252,0,0,0,140.252,0
72.29,2.18716,0,0,3.38945,0.199501,1.00278,3.6288,61.308,0.236327,0,0,1.51651,0.238955,1.04123,0.66528,12.849,1,0.388751,1.00278,0,98.6835,4.28474,95.0128,0.84672,12.849,0.84672,3695.15,0,18.483,0.0356236,2.41229,1.56215,5.37215,1.20431,8.10666,0.42336,9.2415,0.21168,9.2415,0.21168,442.007,0,1.02816,0,0,3.44045,2.41229,1.028160,1,0,104.161,0,0,0,104.161,0
72.29,2.18748,0,0,2.81397,0.168612,0.457877,3.6288,61.308,0.236492,0,0,1.45292,0.238352,0.978075,0.66528,12.849,1,0.388808,0.457877,0,81.6437,4.24862,77.4641,0.84672,12.849,0.84672,3695.15,0,18.483,0.0356486,1.94969,1.53959,4.2862,1.22472,6.5151,0.42336,9.2415,0.21168,9.2415,0.21168,442.007,0,1.02816,0,0,2.97785,1.94969,1.028160,1,0,84.9573,0,0,0,84.9573,0
72.0526,2.1878,0,0,2.48188,0.168612,0.36288,3.6288,61.308,0.236658,0,0,1.57945,0.238352,1.10444,0.66528,12.849,1,0.388865,0.36288,0,76.0942,4.24862,71.8196,0.84672,12.849,0.84672,3695.15,0,18.483,0.0356735,2.18303,1.53981,4.42686,1.22472,6.8893,0.42336,9.2415,0.21168,9.2415,0.21168,442.007,0,1.02816,0,0,3.21119,2.18303,1.028160,1,0,79.8134,0,0,0,79.8134,0
71.8677,2.18644,0,0,2.53275,0.168309,0.36288,3.6288,61.308,0.236823,0,0,1.35935,0.238352,0.884173,0.66528,12.849,1,0.389903,0.36288,0,73.4599,4.24862,69.1842,0.84672,12.849,0.84672,3695.15,0,18.483,0.0356985,1.61627,1.54004,4.37841,1.22472,6.27429,0.42336,9.2415,0.21168,9.2415,0.21168,442.007,0,1.02816,0,0,2.64443,1.61627,1.028160,1,0,76.3427,0,0,0,76.3427,0
71.5872,2.28911,0,0,2.51234,0.140897,0.36288,3.6288,61.308,0.298108,0,0,1.32725,0.246582,0.782561,0.66528,12.849,1,0.409262,0.36288,0,72.5881,5.0355,67.5062,0.84672,12.849,0.84672,3695.15,0,18.483,0.0449364,1.76332,1.54027,5.28932,1.19881,7.34916,0.42336,9.2415,0.21168,9.2415,0.21168,442.007,0,1.02816,0,0,2.79148,1.76332,1.028160,1,0,75.6379,0,0,0,75.6379,0
70.8561,2.28733,0,0,2.05549,0.136326,0.36288,3.6288,61.308,0.298282,0,0,1.21162,0.236001,0.677339,0.66528,12.849,1,0.410548,0.36288,0,52.6664,4.5465,48.0722,0.84672,12.849,0.84672,3695.15,0,18.483,0.0449627,1.59504,1.62023,3.56031,1.03719,5.69342,0.42336,9.2415,0.21168,9.2415,0.21168,442.007,0,1.02816,0,0,2.6232,1.59504,1.028160,1,0,54.443,0,0,0,54.443,0
69.8764,2.28212,0,0,1.79369,0.128446,0.36288,3.6288,61.308,0.298457,0,0,1.12617,0.240723,0.586993,0.66528,12.849,1,0.413838,0.36288,0,47.0731,4.60005,42.422,0.84672,12.849,0.84672,3695.15,0,18.483,0.044989,1.42182,1.62047,3.44353,1.05088,5.38995,0.42336,9.2415,0.21168,9.2415,0.21168,442.007,0,1.02816,0,0,2.44998,1.42182,1.028160,1,0,48.399,0,0,0,48.399,0
68.8428,2.27487,0,0,1.68924,0.0850853,0.36288,3.6288,61.308,0.298631,0,0,1.07927,0.269053,0.511582,0.66528,12.849,1,0.418308,0.36288,0,42.2113,4.92135,37.2345,0.84672,12.849,0.84672,3695.15,0,18.483,0.0450153,1.31071,1.6207,3.25674,1.13297,5.01018,0.42336,9.2415,0.21168,9.2415,0.21168,442.007,0,1.02816,0,0,2.33887,1.31071,1.028160,1,0,42.7563,0,0,0,42.7563,0
67.7266,2.26703,0,0,1.59811,0.0844055,0.36288,3.6288,61.308,0.298806,0,0,1.02423,0.269053,0.45637,0.66528,12.849,1,0.423124,0.36288,0,42.3476,4.92135,37.366,0.84672,12.849,0.84672,3695.15,0,18.483,0.0450416,1.13276,1.62094,3.46645,1.13297,5.04214,0.42336,9.2415,0.21168,9.2415,0.21168,442.007,0,1.02816,0,0,2.16092,1.13276,1.028160,1,0,42.8645,0,0,0,42.8645,0
66.9925,2.23809,0,0,1.98298,0.116104,0.36288,3.6288,61.308,0.332597,0,0,0.889678,0.256048,0.301034,0.66528,12.849,1,0.424608,0.36288,0,43.4117,5.31897,38.031,0.84672,12.849,0.84672,3695.15,0,18.483,0.0501353,1.15905,1.62118,4.40432,1.23268,5.90173,0.42336,9.2415,0.21168,9.2415,0.21168,442.007,0,1.02816,0,0,2.18721,1.15905,1.028160,1,0,44.2337,0,0,0,44.2337,0
66.2147,2.2324,0,0,1.87369,0.0561718,0.36288,3.6288,61.308,0.332776,0,0,0.89494,0.279636,0.282527,0.66528,12.849,1,0.42817,0.36288,0,40.6811,5.42669,35.1891,0.84672,12.849,0.84672,3695.15,0,18.483,0.0501623,1.17389,1.64628,4.36733,1.29307,5.84426,0.42336,9.2415,0.21168,9.2415,0.21168,442.007,0,1.02816,0,0,2.20205,1.17389,1.028160,1,0,41.3159,0,0,0,41.3159,0
65.3178,2.22625,0,0,1.7375,0.0452919,0.36288,3.6288,61.308,0.332956,0,0,0.88433,0.283787,0.267587,0.66528,12.849,1,0.432004,0.36288,0,37.2041,5.45874,31.6762,0.84672,12.849,0.84672,3695.15,0,18.483,0.0501894,1.08429,1.64652,4.11998,1.30259,5.498,0.42336,9.2415,0.21168,9.2415,0.21168,442.007,0,1.02816,0,0,2.11245,1.08429,1.028160,1,0,37.4418,0,0,0,37.4418,0
64.3071,2.21895,0,0,1.61609,0.0449057,0.36288,3.6288,61.308,0.333135,0,0,0.88833,0.283787,0.271408,0.66528,12.849,1,0.436501,0.36288,0,34.4092,5.45874,28.8769,0.84672,12.849,0.84672,3695.15,0,18.483,0.0502165,1.19145,1.64676,3.89832,1.30259,5.38371,0.42336,9.2415,0.21168,9.2415,0.21168,442.007,0,1.02816,0,0,2.21961,1.19145,1.028160,1,0,34.532,0,0,0,34.532,0
63.2023,2.26208,0,0,1.56974,0.0495943,0.36288,3.6288,61.308,0.363292,0,0,0.836638,0.293908,0.179437,0.66528,12.849,1,0.451979,0.36288,0,29.9536,5.7564,24.1081,0.84672,12.849,0.84672,3695.15,0,18.483,0.0547623,0.988425,1.647,3.50512,1.34644,4.73934,0.42336,9.2415,0.21168,9.2415,0.21168,442.007,0,1.02816,0,0,2.01658,0.988425,1.028160,1,0,29.0269,0,0,0,29.0269,0
62.0333,2.25235,0,0,1.49914,0.052907,0.36288,3.6288,61.308,0.363476,0,0,0.675752,0.301499,0.0107761,0.66528,12.849,1,0.457901,0.36288,0,35.6781,5.97964,29.6034,0.84672,12.849,0.84672,3695.15,0,18.483,0.05479,0.960301,1.68688,3.51189,1.37932,4.72496,0.42336,9.2415,0.21168,9.2415,0.21168,442.007,0,1.02816,0,0,1.98846,0.960301,1.028160,1,0,34.3392,0,0,0,34.3392,0
60.78,2.24174,0,0,1.40373,0.052403,0.36288,3.6288,61.2713,0.36366,0,0,0.628413,0.301499,0,0.66528,12.849,1,0.464332,0.36288,0,28.6461,5.97964,22.565,0.84672,12.849,0.84672,3695.15,0,18.483,0.0548178,0.923443,1.68713,3.1657,1.37932,4.34214,0.42336,9.2415,0.21168,9.2415,0.21168,442.007,0,1.02816,0,0,1.9516,0.923443,1.028160,1,0,26.9071,0,0,0,26.9071,0
59.4133,2.22999,0,0,1.27805,0.0518626,0.36288,3.6288,61.2026,0.363816,0,0,0.596612,0.301429,0,0.66528,12.849,1,0.471423,0.36288,0,26.1071,5.97964,20.019,0.84672,12.849,0.84672,3695.15,0,18.483,0.0548741,0.623134,1.68737,2.95288,1.37932,3.82919,0.42336,9.2415,0.21168,9.2415,0.21168,442.007,0,1.02816,0,0,1.65129,0.623134,1.028160,1,0,23.8481,0,0,0,23.8481,0
58.135,2.36477,0,0,1.48943,0.0401553,0.36288,3.6288,61.1507,0.472188,0,0,0.716364,0.296063,0,0.66528,12.849,1,0.511416,0.36288,0,26.3461,6.15485,20.0427,0.84672,12.849,0.84672,3695.15,0,18.483,0.0712996,1.24152,1.68762,4.37763,1.43265,5.80283,0.42336,9.2415,0.21168,9.2415,0.21168,442.007,0,1.02816,0,0,2.26968,1.24152,1.028160,1,0,25.8456,0,0,0,25.8456,0
56.6966,2.3511,0,0,1.31228,0.0366215,0.36288,3.6288,60.8721,0.472335,0,0,0.501558,0.307856,0,0.66528,12.849,1,0.519641,0.36288,0,21.2689,6.21558,14.8966,0.84672,12.849,0.84672,3695.15,0,18.483,0.0713824,0.544311,1.82218,2.84266,1.49447,3.64331,0.42336,9.2415,0.21168,9.2415,0.21168,442.007,0,1.02816,0,0,1.57247,0.544311,1.028160,1,0,18.5399,0,0,0,18.5399,0
55.3599,2.33513,0,0,1.39739,0.0361086,0.36288,3.6288,60.7095,0.472251,0,0,0.616945,0.307313,0,0.66528,12.849,1,0.529205,0.36288,0,27.0657,6.21558,20.6838,0.84672,12.849,0.84672,3695.15,0,18.483,0.0716964,0.909939,1.82245,3.17516,1.49447,4.34138,0.42336,9.2415,0.21168,9.2415,0.21168,442.007,0,1.02816,0,0,1.9381,0.909939,1.028160,1,0,25.0251,0,0,0,25.0251,0
53.7913,2.31977,0,0,1.14964,0.035632,0.36288,3.6288,60.3795,0.472284,0,0,0.449308,0.306996,0,0.66528,12.849,1,0.538417,0.36288,0,24.7964,6.21558,18.4053,0.84672,12.849,0.84672,3695.15,0,18.483,0.0718935,0.296412,1.82272,2.6006,1.49447,3.15336,0.42336,9.2415,0.21168,9.2415,0.21168,442.007,0,1.02816,0,0,1.32457,0.296412,1.028160,1,0,21.5586,0,0,0,21.5586,0
52.525,2.30097,0,0,1.43263,0.0350726,0.36288,3.6288,60.3793,0.472143,0,0,0.778335,0.306353,0,0.66528,12.849,1,0.549628,0.36288,0,24.1704,6.21558,17.7681,0.84672,12.849,0.84672,3695.15,0,18.483,0.0722648,1.58944,1.82298,4.05606,1.49447,5.90175,0.42336,9.2415,0.21168,9.2415,0.21168,442.007,0,1.02816,0,0,2.6176,1.58944,1.028160,1,0,23.6698,0,0,0,23.6698,0
51.5674,2.21554,0,0,1.71949,0.0986276,0.36288,3.6288,60.8533,0.406714,0,0,1.12626,0.245573,0,0.66528,12.849,1,0.541981,0.36288,0,35.0291,4.81457,30.0354,0.84672,12.849,0.84672,3695.15,0,18.483,0.0622505,1.76031,1.82325,4.33269,1.26535,6.58866,0.42336,9.2415,0.21168,9.2415,0.21168,442.007,0,1.02816,0,0,2.78847,1.76031,1.028160,1,0,36.6241,0,0,0,36.6241,0
50.9281,2.20375,0,0,2.02127,0.0939206,0.36288,3.6288,61.308,0.407325,0,0,1.28347,0.248343,0.173123,0.66528,12.849,1,0.549107,0.36288,0,33.4981,5.12452,28.1874,0.84672,12.849,0.84672,3695.15,0,18.483,0.0618585,2.22468,1.74649,4.57774,1.33672,7.15033,0.42336,9.2415,0.21168,9.2415,0.21168,442.007,0,1.02816,0,0,3.25284,2.22468,1.028160,1,0,35.5108,0,0,0,35.5108,0
50.0065,2.19581,0,0,1.73031,0.093296,0.36288,3.6288,61.308,0.407914,0,0,1.06558,0.249059,0.408607,0.66528,12.849,1,0.553995,0.36288,0,35.827,5.12452,30.5113,0.84672,12.849,0.84672,3695.15,0,18.483,0.0614885,1.06745,1.74674,3.96723,1.33672,5.38322,0.42336,9.2415,0.21168,9.2415,0.21168,442.007,0,1.02816,0,0,2.09561,1.06745,1.028160,1,0,36.3032,0,0,0,36.3032,0
48.7353,2.18395,0,0,1.36807,0.0923955,0.36288,3.6288,61.308,0.408105,0,0,0.958003,0.249059,0.30084,0.66528,12.849,1,0.56116,0.36288,0,26.0855,5.12452,20.7627,0.84672,12.849,0.84672,3695.15,0,18.483,0.0615172,1.04405,1.747,3.57715,1.33672,4.96996,0.42336,9.2415,0.21168,9.2415,0.21168,442.007,0,1.02816,0,0,2.07221,1.04405,1.028160,1,0,26.0335,0,0,0,26.0335,0
48.1222,2.11098,0,0,1.98564,0.124916,0.36288,3.6288,61.308,0.348401,0,0,0.865771,0.246984,0.270387,0.66528,12.849,1,0.556556,0.36288,0,27.6981,4.89115,22.6133,0.84672,12.849,0.84672,3695.15,0,18.483,0.0525175,0.631783,1.74726,3.60128,1.23786,4.68995,0.42336,9.2415,0.21168,9.2415,0.21168,442.007,0,1.02816,0,0,1.65994,0.631783,1.028160,1,0,27.5736,0,0,0,27.5736,0
47.0907,2.10293,0,0,1.60318,0.168814,0.36288,3.6288,61.308,0.348582,0,0,0.701488,0.244217,0.108688,0.66528,12.849,1,0.561499,0.36288,0,20.614,4.58,15.8354,0.84672,12.849,0.84672,3695.15,0,18.483,0.0525449,0.503461,1.67902,3.22845,1.10604,4.25234,0.42336,9.2415,0.21168,9.2415,0.21168,442.007,0,1.02816,0,0,1.53162,0.503461,1.028160,1,0,20.1964,0,0,0,20.1964,0
49.41,2.08884,0,0,4.93796,0.166916,0.36288,3.6288,61.308,0.348764,0,0,2.24487,0.244217,1.65189,0.66528,12.849,1,0.569954,0.36288,0,71.4194,4.58,66.6324,0.84672,12.849,0.84672,3695.15,0,18.483,0.0525723,3.87012,1.67926,7.67672,1.10604,12.0675,0.42336,9.2415,0.21168,9.2415,0.21168,442.007,0,1.02816,0,0,4.89828,3.87012,1.028160,1,0,80.3518,0,0,0,80.3518,0
50.7816,2.12094,0,0,4.05435,0.198987,0.36288,3.6288,61.308,0.348946,0,0,1.91443,0.220723,1.34476,0.66528,12.849,1,0.551546,0.36288,0,57.9313,4.25352,53.4891,0.84672,12.849,0.84672,3695.15,0,18.483,0.0525997,1.11021,1.67951,5.80488,1.01356,7.52844,0.42336,9.2415,0.21168,9.2415,0.21168,442.007,0,1.02816,0,0,2.13837,1.11021,1.028160,1,0,62.3623,0,0,0,62.3623,0
52.4009,1.978,0,0,4.15662,0.19643,0.36288,3.6288,61.308,0.224312,0,0,1.87366,0.220883,1.42847,0.66528,12.849,1,0.500483,0.36288,0,49.3989,4.17528,45.0861,0.84672,12.849,0.84672,3695.15,0,18.483,0.0338126,1.73631,1.67975,6.54803,0.848299,9.08199,0.42336,9.2415,0.21168,9.2415,0.21168,442.007,0,1.02816,0,0,2.76447,1.73631,1.028160,1,0,55.5965,0,0,0,55.5965,0
55.9913,1.997,0,0,6.17877,0.228498,0.36288,3.6288,61.308,0.224476,0,0,2.67962,0.195092,2.26005,0.66528,12.849,1,0.489675,0.36288,0,73.7372,3.89907,69.7113,0.84672,12.849,0.84672,3695.15,0,18.483,0.0338372,2.84571,1.52571,9.76294,0.860696,13.2398,0.42336,9.2415,0.21168,9.2415,0.21168,442.007,0,1.02816,0,0,3.87387,2.84571,1.028160,1,0,85.2112,0,0,0,85.2112,0
58.5687,2.03601,0,0,5.21321,0.236959,0.36288,3.6288,61.308,0.22464,0,0,2.47284,0.195092,2.05311,0.66528,12.849,1,0.467227,0.36288,0,67.3367,3.89907,63.3333,0.84672,12.849,0.84672,3695.15,0,18.483,0.0338619,2.75448,1.52593,9.32653,0.860696,12.7124,0.42336,9.2415,0.21168,9.2415,0.21168,442.007,0,1.02816,0,0,3.78264,2.75448,1.028160,1,0,78.0988,0,0,0,78.0988,0
61.8156,2.06198,0,0,5.91303,0.241239,0.36288,3.6288,61.308,0.224803,0,0,2.31365,0.210595,1.87826,0.66528,12.849,1,0.452363,0.36288,0,81.2143,4.27788,76.8469,0.84672,12.849,0.84672,3695.15,0,18.483,0.0338866,2.28095,1.52616,10.3567,1.0328,13.0971,0.42336,9.2415,0.21168,9.2415,0.21168,442.007,0,1.02816,0,0,3.30911,2.28095,1.028160,1,0,91.8223,0,0,0,91.8223,0
64.2314,2.09238,0,0,5.1148,0.243778,0.36288,3.6288,61.308,0.224967,0,0,2.28978,0.249353,1.81546,0.66528,12.849,1,0.434922,0.36288,0,69.6099,5.22491,64.3129,0.84672,12.849,0.84672,3695.15,0,18.483,0.0339113,1.93577,1.52638,9.004,1.46306,10.9692,0.42336,9.2415,0.21168,9.2415,0.21168,442.007,0,1.02816,0,0,2.96393,1.93577,1.028160,1,0,77.0976,0,0,0,77.0976,0
68.208,2.17982,0,0,6.77443,0.255061,0.36288,3.6288,61.308,0.261296,0,0,1.92968,0.243687,1.4247,0.66528,12.849,1,0.436056,0.36288,0,72.3474,4.97943,67.2948,0.84672,12.849,0.84672,3695.15,0,18.483,0.0393875,2.21931,1.5266,8.65728,1.39991,10.9639,0.42336,9.2415,0.21168,9.2415,0.21168,442.007,0,1.02816,0,0,3.24747,2.21931,1.028160,1,0,79.6834,0,0,0,79.6834,0
71.5755,2.21314,0,0,6.20944,0.265913,0.36288,3.6288,61.308,0.261457,0,0,2.52477,0.241421,2.02189,0.66528,12.849,1,0.416911,0.36288,0,77.7496,4.88124,72.8144,0.84672,12.849,0.84672,3695.15,0,18.483,0.0394117,3.48858,1.57565,9.96676,1.37465,13.6169,0.42336,9.2415,0.21168,9.2415,0.21168,442.007,0,1.02816,0,0,4.51674,3.48858,1.028160,1,0,88.4532,0,0,0,88.4532,0
72.29,2.23922,0,0,4.70197,0.272925,1.47536,3.6288,61.308,0.261617,0,0,1.96493,0.241421,1.46189,0.66528,12.849,1,0.401978,1.47536,0,92.8567,4.88124,89.0488,0.84672,12.849,0.84672,3695.15,0,18.483,0.0394359,2.58816,1.57587,8.84416,1.37465,11.5941,0.42336,9.2415,0.21168,9.2415,0.21168,442.007,0,1.02816,0,0,3.61632,2.58816,1.028160,1,0,102.105,0,0,0,102.105,0
72.29,2.24477,0,0,4.41781,0.26852,1.90453,3.6288,61.308,0.261778,0,0,1.79938,0.238989,1.29862,0.66528,12.849,1,0.39899,1.90453,0,70.3391,4.86534,66.9793,0.84672,12.849,0.84672,3695.15,0,18.483,0.0394601,2.27074,1.57609,9.50486,1.34723,11.965,0.42336,9.2415,0.21168,9.2415,0.21168,442.007,0,1.02816,0,0,3.2989,2.27074,1.028160,1,0,80.2429,0,0,0,80.2429,0
72.29,2.46406,0,0,4.18497,0.249933,1.47097,3.6288,61.308,0.397791,0,0,1.44692,0.255318,0.793814,0.66528,12.849,1,0.437968,1.47097,0,97.8903,4.45539,94.468,0.84672,12.849,0.84672,3695.15,0,18.483,0.0599625,1.76902,1.57631,7.68129,1.10177,9.86489,0.42336,9.2415,0.21168,9.2415,0.21168,442.007,0,1.02816,0,0,2.79718,1.76902,1.028160,1,0,105.127,0,0,0,105.127,0
72.29,2.4644,0,0,3.56862,0.299342,0.804879,3.6288,61.308,0.39797,0,0,0.988295,0.258223,0.332102,0.66528,12.849,1,0.438029,0.804879,0,64.0751,4.34175,60.1002,0.84672,12.849,0.84672,3695.15,0,18.483,0.0599896,0.513786,1.75089,5.25724,1.14829,6.31363,0.42336,9.2415,0.21168,9.2415,0.21168,442.007,0,1.02816,0,0,1.54195,0.513786,1.028160,1,0,66.7459,0,0,0,66.7459,0
72.29,2.46474,0,0,4.44938,0.299342,1.6853,3.6288,61.308,0.39815,0,0,1.76143,0.258223,1.10506,0.66528,12.849,1,0.438089,1.6853,0,77.9734,4.34175,74.8789,0.84672,12.849,0.84672,3695.15,0,18.483,0.0600167,2.61873,1.75113,7.38588,1.14829,10.5474,0.42336,9.2415,0.21168,9.2415,0.21168,442.007,0,1.02816,0,0,3.64689,2.61873,1.028160,1,0,86.5314,0,0,0,86.5314,0
72.29,2.46509,0,0,5.06998,0.299342,2.30555,3.6288,61.308,0.398329,0,0,2.08202,0.258223,1.42546,0.66528,12.849,1,0.43815,2.30555,0,84.3195,4.34175,81.8451,0.84672,12.849,0.84672,3695.15,0,18.483,0.0600437,2.2836,1.75137,8.82559,1.14829,11.6522,0.42336,9.2415,0.21168,9.2415,0.21168,442.007,0,1.02816,0,0,3.31176,2.2836,1.028160,1,0,94.9228,0,0,0,94.9228,0
72.29,2.15292,0,0,4.27056,0.325827,1.79181,3.6288,61.308,0.216092,0,0,1.97669,0.229925,1.53068,0.66528,12.849,1,0.382665,1.79181,0,73.0509,4.09071,70.3694,0.84672,12.849,0.84672,3695.15,0,18.483,0.0325735,3.1661,1.75162,8.51887,1.08885,12.3152,0.42336,9.2415,0.21168,9.2415,0.21168,442.007,0,1.02816,0,0,4.19426,3.1661,1.028160,1,0,84.2152,0,0,0,84.2152,0
72.29,2.15322,0,0,4.89526,0.298279,2.44376,3.6288,61.308,0.216246,0,0,2.08005,0.205906,1.65789,0.66528,12.849,1,0.382718,2.44376,0,72.176,3.47823,70.7588,0.84672,12.849,0.84672,3695.15,0,18.483,0.0325967,2.80149,1.51322,10.5273,0.889279,13.9202,0.42336,9.2415,0.21168,9.2415,0.21168,442.007,0,1.02816,0,0,3.82965,2.80149,1.028160,1,0,86.3368,0,0,0,86.3368,0
72.29,2.15352,0,0,5.0587,0.298279,2.60691,3.6288,61.308,0.216401,0,0,1.86199,0.205906,1.43968,0.66528,12.849,1,0.382772,2.60691,0,111.524,3.47823,110.27,0.84672,12.849,0.84672,3695.15,0,18.483,0.03262,4.02031,1.51343,10.6853,0.889279,15.2971,0.42336,9.2415,0.21168,9.2415,0.21168,442.007,0,1.02816,0,0,5.04847,4.02031,1.028160,1,0,127.007,0,0,0,127.007,0
72.29,2.15382,0,0,4.3451,0.322735,1.86855,3.6288,61.308,0.216555,0,0,1.44395,0.173423,1.05397,0.66528,12.849,1,0.382825,1.86855,0,72.7822,3.10576,71.1621,0.84672,12.849,0.84672,3695.15,0,18.483,0.0326432,2.45195,1.51364,7.83981,0.785761,10.987,0.42336,9.2415,0.21168,9.2415,0.21168,442.007,0,1.02816,0,0,3.48011,2.45195,1.028160,1,0,83.2031,0,0,0,83.2031,0
72.29,2.15412,0,0,4.76556,0.352261,2.25919,3.6288,61.308,0.216709,0,0,1.42096,0.146772,1.05748,0.66528,12.849,1,0.382878,2.25919,0,72.9323,2.97937,71.8292,0.84672,12.849,0.84672,3695.15,0,18.483,0.0326665,2.6205,1.51385,7.54669,0.748654,10.8997,0.42336,9.2415,0.21168,9.2415,0.21168,442.007,0,1.02816,0,0,3.64866,2.6205,1.028160,1,0,83.7865,0,0,0,83.7865,0
72.29,2.23313,0,0,4.80341,0.335304,2.23497,3.6288,61.308,0.261521,0,0,1.65744,0.139934,1.25598,0.66528,12.849,1,0.396923,2.23497,0,105.691,2.34579,105.184,0.84672,12.849,0.84672,3695.15,0,18.483,0.0394213,4.11466,1.51406,10.0681,0.683104,14.9743,0.42336,9.2415,0.21168,9.2415,0.21168,442.007,0,1.02816,0,0,5.14282,4.11466,1.028160,1,0,121.414,0,0,0,121.414,0
72.29,2.23345,0,0,6.46368,0.333762,3.89647,3.6288,61.308,0.261681,0,0,2.89377,0.131854,2.50023,0.66528,12.849,1,0.396978,3.89647,0,121.789,2.08593,123.202,0.84672,12.849,0.84672,3695.15,0,18.483,0.0394455,5.27359,1.57324,11.4768,0.63013,17.654,0.42336,9.2415,0.21168,9.2415,0.21168,442.007,0,1.02816,0,0,6.30175,5.27359,1.028160,1,0,143.356,0,0,0,143.356,0
72.29,2.23376,0,0,4.53769,0.333762,1.97018,3.6288,61.308,0.261842,0,0,1.70747,0.131854,1.31378,0.66528,12.849,1,0.397033,1.97018,0,91.4613,2.08593,90.9485,0.84672,12.849,0.84672,3695.15,0,18.483,0.0394697,3.36167,1.57346,9.21102,0.63013,13.4765,0.42336,9.2415,0.21168,9.2415,0.21168,442.007,0,1.02816,0,0,4.38983,3.36167,1.028160,1,0,105.739,0,0,0,105.739,0
72.29,2.23407,0,0,4.0214,0.315906,1.47143,3.6288,61.308,0.262002,0,0,1.36423,0.141369,0.960859,0.66528,12.849,1,0.397088,1.47143,0,92.7711,2.20227,91.6432,0.84672,12.849,0.84672,3695.15,0,18.483,0.039494,2.848,1.57367,9.03632,0.653031,12.7655,0.42336,9.2415,0.21168,9.2415,0.21168,442.007,0,1.02816,0,0,3.87616,2.848,1.028160,1,0,105.37,0,0,0,105.37,0
72.29,2.20358,0,0,3.77545,0.283365,1.2885,3.6288,61.308,0.244809,0,0,1.43191,0.15981,1.02729,0.66528,12.849,1,0.39167,1.2885,0,75.1317,3.10731,72.9212,0.84672,12.849,0.84672,3695.15,0,18.483,0.0369022,2.6623,1.57389,8.58635,0.772347,12.0133,0.42336,9.2415,0.21168,9.2415,0.21168,442.007,0,1.02816,0,0,3.69046,2.6623,1.028160,1,0,85.9618,0,0,0,85.9618,0
72.29,2.20389,0,0,3.80756,0.269224,1.33445,3.6288,61.308,0.244967,0,0,1.22962,0.134705,0.849947,0.66528,12.849,1,0.391724,1.33445,0,70.5573,3.08159,68.4184,0.84672,12.849,0.84672,3695.15,0,18.483,0.0369261,2.06866,1.55115,6.38865,0.768531,9.203,0.42336,9.2415,0.21168,9.2415,0.21168,442.007,0,1.02816,0,0,3.09682,2.06866,1.028160,1,0,78.4714,0,0,0,78.4714,0
72.29,2.20419,0,0,3.3202,0.214368,0.901634,3.6288,61.308,0.245126,0,0,1.17869,0.193908,0.739661,0.66528,12.849,1,0.391779,0.901634,0,60.3178,3.84605,56.9816,0.84672,12.849,0.84672,3695.15,0,18.483,0.03695,1.64553,1.55136,5.56933,0.982392,7.74688,0.42336,9.2415,0.21168,9.2415,0.21168,442.007,0,1.02816,0,0,2.67369,1.64553,1.028160,1,0,65.4682,0,0,0,65.4682,0
72.29,2.2045,0,0,3.10402,0.214368,0.685146,3.6288,61.308,0.245284,0,0,1.242,0.193908,0.802808,0.66528,12.849,1,0.391833,0.685146,0,58.2835,3.84605,54.7307,0.84672,12.849,0.84672,3695.15,0,18.483,0.0369738,2.08748,1.55158,5.67584,0.982392,8.29553,0.42336,9.2415,0.21168,9.2415,0.21168,442.007,0,1.02816,0,0,3.11564,2.08748,1.028160,1,0,63.8291,0,0,0,63.8291,0
72.29,2.3094,0,0,2.99854,0.21253,0.476611,3.6288,61.308,0.307018,0,0,1.10276,0.196318,0.599421,0.66528,12.849,1,0.410478,0.476611,0,59.7292,3.9156,55.8797,0.84672,12.849,0.84672,3695.15,0,18.483,0.0462796,1.6529,1.5518,5.1859,0.993931,7.35039,0.42336,9.2415,0.21168,9.2415,0.21168,442.007,0,1.02816,0,0,2.68106,1.6529,1.028160,1,0,63.8295,0,0,0,63.8295,0
72.0193,2.30972,0,0,2.57135,0.169424,0.36288,3.6288,61.308,0.307185,0,0,0.879569,0.19348,0.378904,0.66528,12.849,1,0.410535,0.36288,0,43.6073,3.82851,39.7311,0.84672,12.849,0.84672,3695.15,0,18.483,0.0463047,1.09452,1.63235,3.8711,1.05519,5.49647,0.42336,9.2415,0.21168,9.2415,0.21168,442.007,0,1.02816,0,0,2.12268,1.09452,1.028160,1,0,45.6065,0,0,0,45.6065,0
71.5811,2.30801,0,0,2.37894,0.14629,0.36288,3.6288,61.308,0.307352,0,0,0.894162,0.198836,0.387975,0.66528,12.849,1,0.411773,0.36288,0,39.5054,3.99105,35.4654,0.84672,12.849,0.84672,3695.15,0,18.483,0.0463299,1.09865,1.63257,3.81965,1.0251,5.47944,0.42336,9.2415,0.21168,9.2415,0.21168,442.007,0,1.02816,0,0,2.12681,1.09865,1.028160,1,0,41.3328,0,0,0,41.3328,0
71.0722,2.30502,0,0,2.30483,0.145803,0.36288,3.6288,61.308,0.307519,0,0,0.936965,0.198836,0.43061,0.66528,12.849,1,0.413757,0.36288,0,37.4852,3.99105,33.4433,0.84672,12.849,0.84672,3695.15,0,18.483,0.0463551,1.02127,1.6328,3.96501,1.0251,5.54761,0.42336,9.2415,0.21168,9.2415,0.21168,442.007,0,1.02816,0,0,2.04943,1.02127,1.028160,1,0,39.4215,0,0,0,39.4215,0
70.4211,2.30145,0,0,2.15846,0.145237,0.36288,3.6288,61.308,0.307686,0,0,0.864363,0.198836,0.357841,0.66528,12.849,1,0.416075,0.36288,0,35.1343,3.99105,31.0901,0.84672,12.849,0.84672,3695.15,0,18.483,0.0463802,0.835324,1.63303,3.59256,1.0251,4.98942,0.42336,9.2415,0.21168,9.2415,0.21168,442.007,0,1.02816,0,0,1.86348,0.835324,1.028160,1,0,36.4373,0,0,0,36.4373,0
69.8541,2.27617,0,0,2.17438,0.102373,0.36288,3.6288,61.308,0.34172,0,0,0.881073,0.277872,0.261481,0.66528,12.849,1,0.415308,0.36288,0,42.1611,5.16048,36.9482,0.84672,12.849,0.84672,3695.15,0,18.483,0.0515104,1.007,1.63325,4.14763,1.24189,5.49449,0.42336,9.2415,0.21168,9.2415,0.21168,442.007,0,1.02816,0,0,2.03516,1.007,1.028160,1,0,42.7042,0,0,0,42.7042,0
69.2153,2.27208,0,0,2.08623,0.0900877,0.36288,3.6288,61.308,0.341891,0,0,0.873288,0.297921,0.233475,0.66528,12.849,1,0.417927,0.36288,0,40.4697,5.36277,35.0519,0.84672,12.849,0.84672,3695.15,0,18.483,0.0515363,0.967395,1.65853,4.19785,1.3008,5.47143,0.42336,9.2415,0.21168,9.2415,0.21168,442.007,0,1.02816,0,0,1.99555,0.967395,1.028160,1,0,40.7568,0,0,0,40.7568,0
68.4438,2.26737,0,0,1.94845,0.0896429,0.36288,3.6288,61.308,0.342063,0,0,0.7647,0.297921,0.124716,0.66528,12.849,1,0.42091,0.36288,0,37.2654,5.36277,31.8446,0.84672,12.849,0.84672,3695.15,0,18.483,0.0515622,0.88973,1.65876,3.97898,1.3008,5.1751,0.42336,9.2415,0.21168,9.2415,0.21168,442.007,0,1.02816,0,0,1.91789,0.88973,1.028160,1,0,37.1445,0,0,0,37.1445,0
67.5679,2.26151,0,0,1.83754,0.0891056,0.36288,3.6288,61.308,0.342235,0,0,0.713215,0.297921,0.0730585,0.66528,12.849,1,0.424555,0.36288,0,35.684,5.36277,30.2595,0.84672,12.849,0.84672,3695.15,0,18.483,0.0515881,0.781289,1.65899,3.77072,1.3008,4.85861,0.42336,9.2415,0.21168,9.2415,0.21168,442.007,0,1.02816,0,0,1.80945,0.781289,1.028160,1,0,35.1912,0,0,0,35.1912,0
66.6445,2.30732,0,0,1.82851,0.0816463,0.36288,3.6288,61.308,0.372606,0,0,0.77309,0.31289,0.087594,0.66528,12.849,1,0.438769,0.36288,0,33.7627,5.61437,28.0724,0.84672,12.849,0.84672,3695.15,0,18.483,0.0561662,0.644466,1.65922,3.33141,1.36842,4.21051,0.42336,9.2415,0.21168,9.2415,0.21168,442.007,0,1.02816,0,0,1.67263,0.644466,1.028160,1,0,32.3705,0,0,0,32.3705,0
65.8253,2.29979,0,0,1.91543,0.0719869,0.36288,3.6288,61.308,0.372782,0,0,0.790024,0.332848,0.0843944,0.66528,12.849,1,0.443397,0.36288,0,34.2941,5.94982,28.2638,0.84672,12.849,0.84672,3695.15,0,18.483,0.0561928,0.813646,1.69938,3.13729,1.45858,4.13555,0.42336,9.2415,0.21168,9.2415,0.21168,442.007,0,1.02816,0,0,1.84181,0.813646,1.028160,1,0,32.4837,0,0,0,32.4837,0
64.7636,2.293,0,0,1.66571,0.0715194,0.36288,3.6288,61.308,0.372958,0,0,0.742453,0.332848,0.0366466,0.66528,12.849,1,0.447591,0.36288,0,32.446,5.94982,26.4114,0.84672,12.849,0.84672,3695.15,0,18.483,0.0562193,0.658143,1.69962,3.05306,1.45858,3.89602,0.42336,9.2415,0.21168,9.2415,0.21168,442.007,0,1.02816,0,0,1.6863,0.658143,1.028160,1,0,30.3441,0,0,0,30.3441,0
63.5797,2.28391,0,0,1.53384,0.0709136,0.36288,3.6288,61.308,0.373134,0,0,0.727462,0.332848,0.0214801,0.66528,12.849,1,0.453125,0.36288,0,30.6013,5.94982,24.5613,0.84672,12.849,0.84672,3695.15,0,18.483,0.0562458,0.571441,1.69985,3.02215,1.45858,3.77862,0.42336,9.2415,0.21168,9.2415,0.21168,442.007,0,1.02816,0,0,1.5996,0.571441,1.028160,1,0,28.3614,0,0,0,28.3614,0
62.0117,2.4253,0,0,1.27344,0.0533356,0.36288,3.6288,61.2113,0.482375,0,0,0.723514,0.337802,0,0.66528,12.849,1,0.490135,0.36288,0,29.0196,6.24411,22.6482,0.84672,12.849,0.84672,3695.15,0,18.483,0.0727127,0.561695,1.70009,2.87817,1.4443,3.62293,0.42336,9.2415,0.21168,9.2415,0.21168,442.007,0,1.02816,0,0,1.58986,0.561695,1.028160,1,0,26.2712,0,0,0,26.2712,0
60.7395,2.40992,0,0,1.55383,0.053186,0.36288,3.6288,61.0456,0.482467,0,0,0.651326,0.334566,0,0.66528,12.849,1,0.499343,0.36288,0,24.9155,5.87832,18.9007,0.84672,12.849,0.84672,3695.15,0,18.483,0.0728413,0.554576,1.83563,2.77757,1.45263,3.64231,0.42336,9.2415,0.21168,9.2415,0.21168,442.007,0,1.02816,0,0,1.58274,0.554576,1.028160,1,0,22.543,0,0,0,22.543,0
59.5815,2.39707,0,0,1.6546,0.0526292,0.36288,3.6288,61.0301,0.482486,0,0,0.801148,0.334215,0,0.66528,12.849,1,0.507083,0.36288,0,31.706,5.87832,25.6835,0.84672,12.849,0.84672,3695.15,0,18.483,0.073042,0.922596,1.83589,3.10244,1.45263,4.33526,0.42336,9.2415,0.21168,9.2415,0.21168,442.007,0,1.02816,0,0,1.95076,0.922596,1.028160,1,0,30.0188,0,0,0,30.0188,0
58.1428,2.38504,0,0,1.36124,0.052077,0.36288,3.6288,60.7967,0.482661,0,0,0.583466,0.334182,0,0.66528,12.849,1,0.514344,0.36288,0,29.0477,5.87832,23.0179,0.84672,12.849,0.84672,3695.15,0,18.483,0.0730871,0.30507,1.83614,2.54105,1.45263,3.15655,0.42336,9.2415,0.21168,9.2415,0.21168,442.007,0,1.02816,0,0,1.33323,0.30507,1.028160,1,0,26.1744,0,0,0,26.1744,0
57.0553,2.36951,0,0,1.69633,0.0513575,0.36288,3.6288,60.9911,0.482609,0,0,1.01073,0.333689,0,0.66528,12.849,1,0.52364,0.36288,0,28.3146,5.87832,22.2755,0.84672,12.849,0.84672,3695.15,0,18.483,0.0733597,1.60654,1.8364,3.96318,1.45263,5.88013,0.42336,9.2415,0.21168,9.2415,0.21168,442.007,0,1.02816,0,0,2.6347,1.60654,1.028160,1,0,28.1556,0,0,0,28.1556,0
56.2449,2.28554,0,0,1.83155,-0.00646956,0.36288,3.6288,60.9263,0.416804,0,0,0.716869,0.364872,0,0.66528,12.849,1,0.51471,0.36288,0,30.079,6.06656,23.8606,0.84672,12.849,0.84672,3695.15,0,18.483,0.0631549,0.740837,1.83665,3.53649,1.46551,4.58532,0.42336,9.2415,0.21168,9.2415,0.21168,442.007,0,1.02816,0,0,1.769,0.740837,1.028160,1,0,28.4459,0,0,0,28.4459,0
55.4729,2.2767,0,0,1.91569,0.0481469,0.36288,3.6288,60.8938,0.416927,0,0,0.71591,0.331496,0,0.66528,12.849,1,0.520107,0.36288,0,30.2977,5.06927,25.0712,0.84672,12.849,0.84672,3695.15,0,18.483,0.0632409,0.65429,1.75931,3.27822,1.26724,4.36135,0.42336,9.2415,0.21168,9.2415,0.21168,442.007,0,1.02816,0,0,1.68245,0.65429,1.028160,1,0,29.4326,0,0,0,29.4326,0
54.924,2.26812,0,0,2.18053,0.0984067,0.36288,3.6288,61.1995,0.41708,0,0,1.03529,0.312542,0,0.66528,12.849,1,0.525357,0.36288,0,29.8443,4.54713,25.1347,0.84672,12.849,0.84672,3695.15,0,18.483,0.0632978,1.25423,1.75956,4.57453,1.17052,6.3545,0.42336,9.2415,0.21168,9.2415,0.21168,442.007,0,1.02816,0,0,2.28239,1.25423,1.028160,1,0,31.4892,0,0,0,31.4892,0
54.277,2.262,0,0,2.07568,0.0978668,0.36288,3.6288,61.308,0.417537,0,0,1.00733,0.313148,0.168126,0.66528,12.849,1,0.529174,0.36288,0,37.99,4.54713,33.2766,0.84672,12.849,0.84672,3695.15,0,18.483,0.0630507,1.11209,1.7598,4.52891,1.17052,6.16723,0.42336,9.2415,0.21168,9.2415,0.21168,442.007,0,1.02816,0,0,2.14025,1.11209,1.028160,1,0,39.6119,0,0,0,39.6119,0
53.7663,2.19636,0,0,2.16999,0.121373,0.36288,3.6288,61.308,0.357484,0,0,1.14694,0.29819,0.491269,0.66528,12.849,1,0.519945,0.36288,0,56.2046,4.67538,51.3721,0.84672,12.849,0.84672,3695.15,0,18.483,0.0538867,1.38739,1.76005,5.40309,1.1689,7.32774,0.42336,9.2415,0.21168,9.2415,0.21168,442.007,0,1.02816,0,0,2.41555,1.38739,1.028160,1,0,59.1911,0,0,0,59.1911,0
53.2864,2.19065,0,0,2.25434,0.18079,0.36288,3.6288,61.308,0.357658,0,0,1.19697,0.260258,0.579053,0.66528,12.849,1,0.523517,0.36288,0,51.3176,4.99601,46.161,0.84672,12.849,0.84672,3695.15,0,18.483,0.0539129,1.30196,1.6913,6.59685,1.16487,8.37133,0.42336,9.2415,0.21168,9.2415,0.21168,442.007,0,1.02816,0,0,2.33012,1.30196,1.028160,1,0,55.1114,0,0,0,55.1114,0
52.9067,2.18522,0,0,2.34836,0.179908,0.36288,3.6288,61.308,0.357831,0,0,1.3104,0.260258,0.692313,0.66528,12.849,1,0.526924,0.36288,0,72.5674,4.99601,67.4073,0.84672,12.849,0.84672,3695.15,0,18.483,0.0539391,1.24508,1.69153,5.79575,1.16487,7.51356,0.42336,9.2415,0.21168,9.2415,0.21168,442.007,0,1.02816,0,0,2.27324,1.24508,1.028160,1,0,75.6132,0,0,0,75.6132,0
52.2183,2.18094,0,0,2.03458,0.17921,0.36288,3.6288,61.308,0.358005,0,0,1.27143,0.260258,0.653164,0.66528,12.849,1,0.529665,0.36288,0,50.0875,4.99601,44.9247,0.84672,12.849,0.84672,3695.15,0,18.483,0.0539653,1.25838,1.69177,5.07281,1.16487,6.80413,0.42336,9.2415,0.21168,9.2415,0.21168,442.007,0,1.02816,0,0,2.28654,1.25838,1.028160,1,0,52.382,0,0,0,52.382,0
56.2308,2.00916,0,0,6.54032,0.155764,0.36288,3.6288,61.308,0.232454,0,0,1.86087,0.25033,1.37809,0.66528,12.849,1,0.494382,0.36288,0,94.0032,4.756,89.1157,0.84672,12.849,0.84672,3695.15,0,18.483,0.0350399,2.14668,1.692,10.8106,1.21853,13.3957,0.42336,9.2415,0.21168,9.2415,0.21168,442.007,0,1.02816,0,0,3.17484,2.14668,1.028160,1,0,103.89,0,0,0,103.89,0
56.7496,2.05299,0,0,3.18355,0.24884,0.36288,3.6288,61.308,0.232611,0,0,2.07948,0.228513,1.61836,0.66528,12.849,1,0.469119,0.36288,0,60.6017,4.24756,56.2478,0.84672,12.849,0.84672,3695.15,0,18.483,0.0350635,2.10895,1.53682,8.7162,1.03728,11.2896,0.42336,9.2415,0.21168,9.2415,0.21168,442.007,0,1.02816,0,0,3.13711,2.10895,1.028160,1,0,69.1558,0,0,0,69.1558,0
61.5395,2.05859,0,0,7.46146,0.250121,0.36288,3.6288,61.308,0.232768,0,0,5.76221,0.228513,5.30093,0.66528,12.849,1,0.466097,0.36288,0,128.404,4.24756,124.053,0.84672,12.849,0.84672,3695.15,0,18.483,0.0350871,6.94049,1.53704,12.1821,1.03728,19.5872,0.42336,9.2415,0.21168,9.2415,0.21168,442.007,0,1.02816,0,0,7.96865,6.94049,1.028160,1,0,148.942,0,0,0,148.942,0
65.2067,2.10478,0,0,6.38621,0.25135,0.36288,3.6288,61.308,0.232924,0,0,1.98894,0.224067,1.53195,0.66528,12.849,1,0.439462,0.36288,0,76.2895,4.01987,72.193,0.84672,12.849,0.84672,3695.15,0,18.483,0.0351107,2.72782,1.53725,8.82256,0.999536,12.053,0.42336,9.2415,0.21168,9.2415,0.21168,442.007,0,1.02816,0,0,3.75598,2.72782,1.028160,1,0,85.778,0,0,0,85.778,0
68.1363,2.13681,0,0,5.67421,0.24493,0.36288,3.6288,61.308,0.233081,0,0,3.4378,0.218139,2.98658,0.66528,12.849,1,0.42106,0.36288,0,59.3889,3.71627,55.6144,0.84672,12.849,0.84672,3695.15,0,18.483,0.0351343,3.18082,1.53746,8.16921,0.949217,11.9031,0.42336,9.2415,0.21168,9.2415,0.21168,442.007,0,1.02816,0,0,4.20898,3.18082,1.028160,1,0,70.5041,0,0,0,70.5041,0
70.5412,2.2283,0,0,5.26483,0.26874,0.36288,3.6288,61.308,0.269665,0,0,2.6095,0.214891,2.12494,0.66528,12.849,1,0.420208,0.36288,0,87.1785,3.74218,83.379,0.84672,12.849,0.84672,3695.15,0,18.483,0.040649,2.31765,1.53768,8.16463,0.905776,11.0735,0.42336,9.2415,0.21168,9.2415,0.21168,442.007,0,1.02816,0,0,3.34581,2.31765,1.028160,1,0,96.5774,0,0,0,96.5774,0
71.5268,2.24735,0,0,3.88348,0.287601,0.36288,3.6288,61.308,0.269818,0,0,1.91613,0.212456,1.43385,0.66528,12.849,1,0.409352,0.36288,0,100.953,3.76162,97.1451,0.84672,12.849,0.84672,3695.15,0,18.483,0.040672,1.96159,1.58707,7.09733,0.873195,9.73212,0.42336,9.2415,0.21168,9.2415,0.21168,442.007,0,1.02816,0,0,2.98975,1.96159,1.028160,1,0,108.311,0,0,0,108.311,0
72.29,2.25506,0,0,8.57209,0.289781,5.26409,3.6288,61.308,0.269971,0,0,2.47158,0.212456,1.98916,0.66528,12.849,1,0.405096,5.26409,0,109.59,3.76162,110.687,0.84672,12.849,0.84672,3695.15,0,18.483,0.0406951,2.97708,1.58728,12.0055,0.873195,15.656,0.42336,9.2415,0.21168,9.2415,0.21168,442.007,0,1.02816,0,0,4.00524,2.97708,1.028160,1,0,128.332,0,0,0,128.332,0
72.29,2.26098,0,0,12.5601,0.238232,10.0608,3.6288,61.308,0.270124,0,0,3.02885,0.191545,2.56718,0.66528,12.849,1,0.401873,10.0608,0,193.825,3.52385,199.96,0.84672,12.849,0.84672,3695.15,0,18.483,0.0407182,3.91944,1.58749,16.2764,0.852444,20.8901,0.42336,9.2415,0.21168,9.2415,0.21168,442.007,0,1.02816,0,0,4.9476,3.91944,1.028160,1,0,223.417,0,0,0,223.417,0
72.29,2.48184,0,0,8.40845,0.23651,5.6901,3.6288,61.308,0.40711,0,0,2.94189,0.192191,2.34258,0.66528,12.849,1,0.441129,5.6901,0,223.944,3.48471,225.709,0.84672,12.849,0.84672,3695.15,0,18.483,0.0613674,3.2899,1.5877,16.172,0.860072,20.1282,0.42336,9.2415,0.21168,9.2415,0.21168,442.007,0,1.02816,0,0,4.31806,3.2899,1.028160,1,0,248.179,0,0,0,248.179,0
72.29,2.48217,0,0,8.79647,0.279412,6.03489,3.6288,61.308,0.407282,0,0,2.92815,0.216982,2.30388,0.66528,12.849,1,0.441187,6.03489,0,225.45,3.48768,227.556,0.84672,12.849,0.84672,3695.15,0,18.483,0.0613932,3.85332,1.76352,17.1,0.926584,21.7289,0.42336,9.2415,0.21168,9.2415,0.21168,442.007,0,1.02816,0,0,4.88148,3.85332,1.028160,1,0,251.589,0,0,0,251.589,0
72.29,2.4825,0,0,8.36378,0.276815,5.60447,3.6288,61.308,0.407453,0,0,3.08563,0.222514,2.45566,0.66528,12.849,1,0.441245,5.60447,0,202.32,3.61872,203.865,0.84672,12.849,0.84672,3695.15,0,18.483,0.061419,4.48696,1.76376,16.8955,0.96758,22.1172,0.42336,9.2415,0.21168,9.2415,0.21168,442.007,0,1.02816,0,0,5.51512,4.48696,1.028160,1,0,228.438,0,0,0,228.438,0
72.29,2.48282,0,0,7.98975,0.31037,5.19656,3.6288,61.308,0.407624,0,0,2.51545,0.232169,1.87566,0.66528,12.849,1,0.441303,5.19656,0,170.669,4.20921,171.215,0.84672,12.849,0.84672,3695.15,0,18.483,0.0614448,3.52406,1.76399,16.0903,1.09187,20.225,0.42336,9.2415,0.21168,9.2415,0.21168,442.007,0,1.02816,0,0,4.55222,3.52406,1.028160,1,0,193.316,0,0,0,193.316,0
72.29,2.16839,0,0,14.0454,0.315736,11.5613,3.6288,61.308,0.224068,0,0,5.41554,0.229981,4.9615,0.66528,12.849,1,0.385416,11.5613,0,248.657,4.16205,255.67,0.84672,12.849,0.84672,3695.15,0,18.483,0.0337757,6.95799,1.76422,32.5876,1.06656,40.2095,0.42336,9.2415,0.21168,9.2415,0.21168,442.007,0,1.02816,0,0,7.98615,6.95799,1.028160,1,0,300.841,0,0,0,300.841,0
72.29,2.16868,0,0,6.20204,0.298789,3.73457,3.6288,61.308,0.224215,0,0,2.74253,0.240393,2.27792,0.66528,12.849,1,0.385467,3.73457,0,158.582,4.07484,157.856,0.84672,12.849,0.84672,3695.15,0,18.483,0.0337979,3.02885,1.5241,15.4332,1.03635,18.916,0.42336,9.2415,0.21168,9.2415,0.21168,442.007,0,1.02816,0,0,4.05701,3.02885,1.028160,1,0,179.05,0,0,0,179.05,0
72.29,2.16897,0,0,7.99675,0.298789,5.529,3.6288,61.308,0.224362,0,0,4.12374,0.240393,3.65899,0.66528,12.849,1,0.385517,5.529,0,184.76,4.07484,185.829,0.84672,12.849,0.84672,3695.15,0,18.483,0.0338201,4.51324,1.5243,22.1638,1.03635,27.1312,0.42336,9.2415,0.21168,9.2415,0.21168,442.007,0,1.02816,0,0,5.5414,4.51324,1.028160,1,0,216.619,0,0,0,216.619,0
72.29,2.16925,0,0,5.9495,0.298789,3.48145,3.6288,61.308,0.224509,0,0,2.60648,0.240393,2.14158,0.66528,12.849,1,0.385568,3.48145,0,143.007,4.07484,142.028,0.84672,12.849,0.84672,3695.15,0,18.483,0.0338423,2.89485,1.5245,14.7431,1.03635,18.0923,0.42336,9.2415,0.21168,9.2415,0.21168,442.007,0,1.02816,0,0,3.92301,2.89485,1.028160,1,0,162.262,0,0,0,162.262,0
72.29,2.16954,0,0,5.85795,0.310945,3.37747,3.6288,61.308,0.224656,0,0,2.37666,0.208679,1.94332,0.66528,12.849,1,0.385619,3.37747,0,156.218,4.01418,155.196,0.84672,12.849,0.84672,3695.15,0,18.483,0.0338645,2.70761,1.5247,13.931,0.96338,17.1661,0.42336,9.2415,0.21168,9.2415,0.21168,442.007,0,1.02816,0,0,3.73577,2.70761,1.028160,1,0,174.305,0,0,0,174.305,0
72.29,2.2491,0,0,4.60892,0.317051,2.04277,3.6288,61.308,0.26978,0,0,2.14201,0.169893,1.70234,0.66528,12.849,1,0.399761,2.04277,0,110.544,3.19753,108.99,0.84672,12.849,0.84672,3695.15,0,18.483,0.0406663,2.73559,1.5249,10.2222,0.802971,13.6391,0.42336,9.2415,0.21168,9.2415,0.21168,442.007,0,1.02816,0,0,3.76375,2.73559,1.028160,1,0,124.331,0,0,0,124.331,0
72.29,2.2494,0,0,4.9115,0.307571,2.35453,3.6288,61.308,0.269933,0,0,1.96959,0.19605,1.50361,0.66528,12.849,1,0.399814,2.35453,0,114.7,3.68256,112.972,0.84672,12.849,0.84672,3695.15,0,18.483,0.0406894,2.56291,1.58449,9.46175,0.943534,12.6249,0.42336,9.2415,0.21168,9.2415,0.21168,442.007,0,1.02816,0,0,3.59107,2.56291,1.028160,1,0,127.101,0,0,0,127.101,0
72.29,2.2497,0,0,5.40668,0.306029,2.85095,3.6288,61.308,0.270086,0,0,2.42005,0.204379,1.94558,0.66528,12.849,1,0.399866,2.85095,0,118.817,3.86768,117.401,0.84672,12.849,0.84672,3695.15,0,18.483,0.0407125,3.01799,1.5847,9.74022,0.993993,13.3082,0.42336,9.2415,0.21168,9.2415,0.21168,442.007,0,1.02816,0,0,4.04615,3.01799,1.028160,1,0,132.654,0,0,0,132.654,0
72.29,2.24999,0,0,5.6408,0.306029,3.08477,3.6288,61.308,0.27024,0,0,2.8118,0.204379,2.33718,0.66528,12.849,1,0.399919,3.08477,0,105.646,3.86768,104.463,0.84672,12.849,0.84672,3695.15,0,18.483,0.0407356,3.51312,1.5849,8.75137,0.993993,12.8147,0.42336,9.2415,0.21168,9.2415,0.21168,442.007,0,1.02816,0,0,4.54128,3.51312,1.028160,1,0,119.615,0,0,0,119.615,0
72.29,2.21927,0,0,6.46453,0.285572,3.95969,3.6288,61.308,0.252915,0,0,2.85184,0.206906,2.39202,0.66528,12.849,1,0.394459,3.95969,0,126.323,4.1001,125.788,0.84672,12.849,0.84672,3695.15,0,18.483,0.0381242,3.94737,1.58511,13.3085,1.02631,17.7766,0.42336,9.2415,0.21168,9.2415,0.21168,442.007,0,1.02816,0,0,4.97553,3.94737,1.028160,1,0,145.957,0,0,0,145.957,0
72.29,2.21957,0,0,4.1652,0.258296,1.68733,3.6288,61.308,0.253066,0,0,1.24877,0.210276,0.785423,0.66528,12.849,1,0.394511,1.68733,0,87.5007,4.41,84.3836,0.84672,12.849,0.84672,3695.15,0,18.483,0.0381469,1.46114,1.56219,6.88157,1.06939,8.79736,0.42336,9.2415,0.21168,9.2415,0.21168,442.007,0,1.02816,0,0,2.4893,1.46114,1.028160,1,0,93.9663,0,0,0,93.9663,0
72.29,2.21986,0,0,4.23236,0.258296,1.7542,3.6288,61.308,0.253217,0,0,1.21339,0.210276,0.7499,0.66528,12.849,1,0.394563,1.7542,0,80.9136,4.41,77.8632,0.84672,12.849,0.84672,3695.15,0,18.483,0.0381697,1.38669,1.5624,6.93827,1.06939,8.7798,0.42336,9.2415,0.21168,9.2415,0.21168,442.007,0,1.02816,0,0,2.41485,1.38669,1.028160,1,0,87.3929,0,0,0,87.3929,0
72.29,2.22015,0,0,3.57197,0.188406,1.16342,3.6288,61.308,0.253368,0,0,1.06772,0.24474,0.569615,0.66528,12.849,1,0.394615,1.16342,0,74.3861,4.29885,70.856,0.84672,12.849,0.84672,3695.15,0,18.483,0.0381924,1.80311,1.56261,5.84423,1.00798,8.16378,0.42336,9.2415,0.21168,9.2415,0.21168,442.007,0,1.02816,0,0,2.83127,1.80311,1.028160,1,0,79.5894,0,0,0,79.5894,0
72.29,2.32577,0,0,3.02826,0.176758,0.525727,3.6288,61.308,0.315532,0,0,1.00171,0.250483,0.435698,0.66528,12.849,1,0.413389,0.525727,0,49.0215,4.28032,44.8535,0.84672,12.849,0.84672,3695.15,0,18.483,0.0475629,1.64084,1.56281,5.43717,0.997743,7.59551,0.42336,9.2415,0.21168,9.2415,0.21168,442.007,0,1.02816,0,0,2.669,1.64084,1.028160,1,0,52.8847,0,0,0,52.8847,0
72.29,2.32608,0,0,3.55234,0.207461,1.01879,3.6288,61.308,0.315691,0,0,1.03801,0.175617,0.546701,0.66528,12.849,1,0.413443,1.01879,0,66.401,3.48117,63.5252,0.84672,12.849,0.84672,3695.15,0,18.483,0.0475869,1.4779,1.64392,6.19047,0.842465,8.42224,0.42336,9.2415,0.21168,9.2415,0.21168,442.007,0,1.02816,0,0,2.50606,1.4779,1.028160,1,0,72.4941,0,0,0,72.4941,0
72.29,2.32639,0,0,3.31913,0.207461,0.785277,3.6288,61.308,0.31585,0,0,0.991483,0.175617,0.500015,0.66528,12.849,1,0.413498,0.785277,0,60.8498,3.48117,57.7404,0.84672,12.849,0.84672,3695.15,0,18.483,0.0476109,1.1557,1.64414,5.61835,0.842465,7.52811,0.42336,9.2415,0.21168,9.2415,0.21168,442.007,0,1.02816,0,0,2.18386,1.1557,1.028160,1,0,65.7685,0,0,0,65.7685,0
72.29,2.32669,0,0,3.14128,0.154837,0.659749,3.6288,61.308,0.31601,0,0,0.932239,0.250594,0.365635,0.66528,12.849,1,0.413552,0.659749,0,57.4947,4.49982,53.2411,0.84672,12.849,0.84672,3695.15,0,18.483,0.0476349,0.898595,1.64435,4.87127,1.11523,6.25135,0.42336,9.2415,0.21168,9.2415,0.21168,442.007,0,1.02816,0,0,1.92675,0.898595,1.028160,1,0,59.8581,0,0,0,59.8581,0
72.29,2.327,0,0,2.91946,0.133788,0.458668,3.6288,61.308,0.316169,0,0,0.882896,0.280584,0.286143,0.66528,12.849,1,0.413607,0.458668,0,53.0986,4.90728,48.2364,0.84672,12.849,0.84672,3695.15,0,18.483,0.047659,0.805464,1.64457,4.6423,1.22434,5.82033,0.42336,9.2415,0.21168,9.2415,0.21168,442.007,0,1.02816,0,0,1.83362,0.805464,1.028160,1,0,54.3428,0,0,0,54.3428,0
72.0238,2.30646,0,0,2.53455,0.131428,0.36288,3.6288,61.308,0.350434,0,0,0.73637,0.243513,0.142423,0.66528,12.849,1,0.409956,0.36288,0,43.7827,4.54338,39.1922,0.84672,12.849,0.84672,3695.15,0,18.483,0.052824,0.723799,1.64479,4.55931,1.10741,5.76766,0.42336,9.2415,0.21168,9.2415,0.21168,442.007,0,1.02816,0,0,1.75196,0.723799,1.028160,1,0,45.1023,0,0,0,45.1023,0
71.5179,2.30477,0,0,2.29194,0.13022,0.36288,3.6288,61.308,0.350598,0,0,0.679795,0.228685,0.100513,0.66528,12.849,1,0.41117,0.36288,0,40.3294,4.39782,35.8833,0.84672,12.849,0.84672,3695.15,0,18.483,0.0528487,0.766489,1.67023,4.4688,1.06064,5.79202,0.42336,9.2415,0.21168,9.2415,0.21168,442.007,0,1.02816,0,0,1.79465,0.766489,1.028160,1,0,41.7758,0,0,0,41.7758,0
70.8187,2.30125,0,0,2.09466,0.129719,0.36288,3.6288,61.308,0.350761,0,0,0.635705,0.228685,0.0562592,0.66528,12.849,1,0.413447,0.36288,0,37.9334,4.39782,33.485,0.84672,12.849,0.84672,3695.15,0,18.483,0.0528734,0.505561,1.67045,4.25243,1.06064,5.31492,0.42336,9.2415,0.21168,9.2415,0.21168,442.007,0,1.02816,0,0,1.53372,0.505561,1.028160,1,0,38.8562,0,0,0,38.8562,0
69.9755,2.29621,0,0,1.92609,0.110199,0.36288,3.6288,61.2869,0.350925,0,0,0.602421,0.272561,0,0.66528,12.849,1,0.416613,0.36288,0,33.9632,4.96242,28.9471,0.84672,12.849,0.84672,3695.15,0,18.483,0.0528981,0.506572,1.67067,4.04891,1.26673,4.90652,0.42336,9.2415,0.21168,9.2415,0.21168,442.007,0,1.02816,0,0,1.53473,0.506572,1.028160,1,0,33.8536,0,0,0,33.8536,0
68.9388,2.34339,0,0,1.76559,0.0959466,0.36288,3.6288,61.1326,0.381484,0,0,0.531375,0.304194,0,0.66528,12.849,1,0.430297,0.36288,0,29.4196,5.50038,23.8518,0.84672,12.849,0.84672,3695.15,0,18.483,0.0575242,0.353817,1.67089,3.70113,1.4378,4.2305,0.42336,9.2415,0.21168,9.2415,0.21168,442.007,0,1.02816,0,0,1.38198,0.353817,1.028160,1,0,28.0823,0,0,0,28.0823,0
67.931,2.33527,0,0,1.78673,0.0963957,0.36288,3.6288,61.0444,0.381525,0,0,0.594145,0.300817,0,0.66528,12.849,1,0.435255,0.36288,0,34.1175,5.78666,28.2584,0.84672,12.849,0.84672,3695.15,0,18.483,0.0576757,0.334178,1.71132,3.65359,1.47906,4.16235,0.42336,9.2415,0.21168,9.2415,0.21168,442.007,0,1.02816,0,0,1.36234,0.334178,1.028160,1,0,32.4208,0,0,0,32.4208,0
66.809,2.3272,0,0,1.66367,0.0956393,0.36288,3.6288,60.8776,0.381621,0,0,0.515467,0.300649,0,0.66528,12.849,1,0.440185,0.36288,0,28.8881,5.78666,23.0241,0.84672,12.849,0.84672,3695.15,0,18.483,0.0577735,0.444468,1.71155,3.68728,1.47906,4.30646,0.42336,9.2415,0.21168,9.2415,0.21168,442.007,0,1.02816,0,0,1.47263,0.444468,1.028160,1,0,27.3306,0,0,0,27.3306,0
65.5715,2.31796,0,0,1.53815,0.0947972,0.36288,3.6288,60.6737,0.381651,0,0,0.478021,0.300332,0,0.66528,12.849,1,0.4458,0.36288,0,27.7011,5.78666,21.8316,0.84672,12.849,0.84672,3695.15,0,18.483,0.0579364,0.265274,1.71177,3.20606,1.47906,3.64611,0.42336,9.2415,0.21168,9.2415,0.21168,442.007,0,1.02816,0,0,1.29343,0.265274,1.028160,1,0,25.4777,0,0,0,25.4777,0
64.2302,2.46155,0,0,1.57233,0.0892174,0.36288,3.6288,60.4107,0.491328,0,0,0.530863,0.302523,0,0.66528,12.849,1,0.48235,0.36288,0,26.3466,5.86143,20.3657,0.84672,12.849,0.84672,3695.15,0,18.483,0.0748365,0.439793,1.712,3.96563,1.494,4.54858,0.42336,9.2415,0.21168,9.2415,0.21168,442.007,0,1.02816,0,0,1.46795,0.439793,1.028160,1,0,24.9142,0,0,0,24.9142,0
62.5782,2.44898,0,0,1.26122,0.101355,0.36288,3.6288,59.8832,0.657459,0,0,0.420767,0.290792,0,0.66528,12.849,1,0.489909,0.36288,0,19.9675,6.17671,13.6637,0.84672,12.849,0.84672,3695.15,0,18.483,0.100577,0.227405,1.84847,3.32633,1.56355,3.73808,0.42336,9.2415,0.21168,9.2415,0.21168,442.007,0,0.836499,0,0,1.0639,0.227405,1.028160,1,0,17.4018,0,0,0,17.4018,0
61.0072,2.43287,0,0,1.32612,0.101398,0.36288,3.6288,59.5442,0.52725,0,0,0.476656,0.28838,0,0.66528,12.849,1,0.499534,0.36288,0,22.5741,6.24173,16.1957,0.84672,12.849,0.84672,3695.15,0,18.483,0.081368,0.227405,1.84872,3.13479,1.57764,3.55191,0.42336,9.2415,0.21168,9.2415,0.21168,442.007,0,0.986126,0,0,1.21353,0.227405,1.028160,1,0,19.7476,0,0,0,19.7476,0
59.1787,2.41695,0,0,1.05147,0.100093,0.36288,3.6288,58.8456,0.768661,0,0,0.35777,0.287757,0,0.66528,12.849,1,0.509045,0.36288,0,24.7873,6.24173,18.3994,0.84672,12.849,0.84672,3695.15,0,18.483,0.119299,0.204422,1.84896,2.517,1.57764,2.87345,0.42336,9.2415,0.21168,9.2415,0.21168,442.007,0,0.706994,0,0,0.911416,0.204422,1.028160,1,0,21.2729,0,0,0,21.2729,0
57.5978,2.39758,0,0,1.27802,0.0984406,0.36288,3.6288,58.6443,0.490044,0,0,0.575204,0.286472,0,0.66528,12.849,1,0.520566,0.36288,0,21.607,6.24173,15.2076,0.84672,12.849,0.84672,3695.15,0,18.483,0.0769598,0.482941,1.8492,3.6267,1.57764,4.30425,0.42336,9.2415,0.21168,9.2415,0.21168,442.007,0,1.02816,0,0,1.5111,0.482941,1.028160,1,0,19.5118,0,0,0,19.5118,0
55.7858,2.30751,0,0,0.978558,0.120144,0.36288,3.6288,58.6932,0.423687,0,0,0.735126,0.262528,0,0.66528,12.849,1,0.514763,0.36288,0,22.0881,5.52226,16.4139,0.84672,12.849,0.84672,3695.15,0,18.483,0.066767,1.65694,1.84945,4.02502,1.48091,5.98374,0.42336,9.2415,0.21168,9.2415,0.21168,442.007,0,1.02816,0,0,2.6851,1.65694,1.028160,1,0,22.3977,0,0,0,22.3977,0
53.8646,2.28722,0,0,0.863931,0.135108,0.36288,3.6288,58.4862,0.423907,0,0,0.461855,0.244926,0,0.66528,12.849,1,0.52681,0.36288,0,23.6839,4.98267,18.5373,0.84672,12.849,0.84672,3695.15,0,18.483,0.0667461,0.834486,1.77156,3.08174,1.40837,4.21267,0.42336,9.2415,0.21168,9.2415,0.21168,442.007,0,1.02816,0,0,1.86265,0.834486,1.028160,1,0,22.75,0,0,0,22.75,0
51.8185,2.26461,0,0,0.713906,0.132521,0.36288,3.6288,58.2246,0.423876,0,0,0.406887,0.2446,0,0.66528,12.849,1,0.540206,0.36288,0,21.8673,4.98267,16.7073,0.84672,12.849,0.84672,3695.15,0,18.483,0.0669774,0.628059,1.77179,2.85392,1.40837,3.77843,0.42336,9.2415,0.21168,9.2415,0.21168,442.007,0,1.02816,0,0,1.65622,0.628059,1.028160,1,0,20.4858,0,0,0,20.4858,0
50.3317,2.23919,0,0,1.32705,0.211758,0.36288,3.6288,58.264,0.423789,0,0,0.633004,0.16986,0,0.66528,12.849,1,0.555235,0.36288,0,38.6102,3.94452,34.4733,0.84672,12.849,0.84672,3695.15,0,18.483,0.0672645,1.0411,1.77202,4.95517,1.08388,6.61716,0.42336,9.2415,0.21168,9.2415,0.21168,442.007,0,1.02816,0,0,2.06926,1.0411,1.028160,1,0,41.0905,0,0,0,41.0905,0
50.1133,2.16254,0,0,2.5469,0.239873,0.36288,3.6288,58.7302,0.363663,0,0,0.988857,0.158926,0,0.66528,12.849,1,0.552068,0.36288,0,74.5501,3.68625,70.6746,0.84672,12.849,0.84672,3695.15,0,18.483,0.0576822,1.78953,1.77226,7.1211,0.996753,9.62845,0.42336,9.2415,0.21168,9.2415,0.21168,442.007,0,1.02816,0,0,2.81769,1.78953,1.028160,1,0,80.3031,0,0,0,80.3031,0
48.2264,2.15996,0,0,0.869858,0.233875,0.36288,3.6288,58.6743,0.364224,0,0,0.580602,0.272313,0,0.66528,12.849,1,0.553811,0.36288,0,29.2798,4.62819,24.4607,0.84672,12.849,0.84672,3695.15,0,18.483,0.0573125,0.536259,1.70302,4.51219,1.25279,5.44136,0.42336,9.2415,0.21168,9.2415,0.21168,442.007,0,1.02816,0,0,1.56442,0.536259,1.028160,1,0,29.9021,0,0,0,29.9021,0
46.7523,2.13469,0,0,1.2526,0.229183,0.36288,3.6288,58.9797,0.364342,0,0,0.942002,0.272215,0,0.66528,12.849,1,0.568747,0.36288,0,52.7215,4.62819,47.8875,0.84672,12.849,0.84672,3695.15,0,18.483,0.0573856,1.46279,1.70324,7.11965,1.25279,8.9755,0.42336,9.2415,0.21168,9.2415,0.21168,442.007,0,1.02816,0,0,2.49095,1.46279,1.028160,1,0,56.863,0,0,0,56.863,0
46.5347,2.11403,0,0,2.53003,0.270678,0.36288,3.6288,59.9551,0.364764,0,0,1.59614,0.256042,0,0.66528,12.849,1,0.581002,0.36288,0,68.5638,4.12776,64.218,0.84672,12.849,0.84672,3695.15,0,18.483,0.0571546,1.89802,1.70347,11.5434,1.18011,13.9076,0.42336,9.2415,0.21168,9.2415,0.21168,442.007,0,1.02816,0,0,2.92618,1.89802,1.028160,1,0,78.1256,0,0,0,78.1256,0
46.5712,1.95215,0,0,2.62154,0.270026,0.36288,3.6288,60.712,0.239515,0,0,1.25405,0.257645,0,0.66528,12.849,1,0.53902,0.36288,0,68.8012,4.12776,64.4973,0.84672,12.849,0.84672,3695.15,0,18.483,0.036919,2.09258,1.70369,7.33311,1.18011,9.91236,0.42336,9.2415,0.21168,9.2415,0.21168,442.007,0,1.02816,0,0,3.12074,2.09258,1.028160,1,0,74.4096,0,0,0,74.4096,0
45.8529,1.9529,0,0,1.85357,0.256121,0.36288,3.6288,61.308,0.240064,0,0,1.16084,0.229654,0.0950914,0.66528,12.849,1,0.538805,0.36288,0,50.4991,4.5837,45.7394,0.84672,12.849,0.84672,3695.15,0,18.483,0.0365422,1.00913,1.54743,7.89034,1.14955,9.26081,0.42336,9.2415,0.21168,9.2415,0.21168,442.007,0,1.02816,0,0,2.03729,1.00913,1.028160,1,0,55.0953,0,0,0,55.0953,0
44.9672,1.94336,0,0,1.67232,0.251764,0.36288,3.6288,61.308,0.240522,0,0,1.26555,0.225632,0.799399,0.66528,12.849,1,0.544573,0.36288,0,83.5575,4.65969,78.7161,0.84672,12.849,0.84672,3695.15,0,18.483,0.036256,1.06499,1.54763,9.46685,1.14446,10.8988,0.42336,9.2415,0.21168,9.2415,0.21168,442.007,0,1.02816,0,0,2.09315,1.06499,1.028160,1,0,90.4143,0,0,0,90.4143,0
46.2338,1.93125,0,0,3.80722,0.246517,0.36288,3.6288,61.308,0.240671,0,0,2.21607,0.239666,1.73574,0.66528,12.849,1,0.551838,0.36288,0,161.101,4.71147,156.2,0.84672,12.849,0.84672,3695.15,0,18.483,0.0362785,3.45185,1.54783,22.4301,1.18442,26.2091,0.42336,9.2415,0.21168,9.2415,0.21168,442.007,0,1.02816,0,0,4.48001,3.45185,1.028160,1,0,184.145,0,0,0,184.145,0
49.0749,1.94909,0,0,5.40335,0.250223,0.36288,3.6288,61.308,0.240821,0,0,3.01094,0.23053,2.53959,0.66528,12.849,1,0.54168,0.36288,0,189.866,4.35282,185.334,0.84672,12.849,0.84672,3695.15,0,18.483,0.036301,6.74238,1.54804,23.6807,1.19492,30.7399,0.42336,9.2415,0.21168,9.2415,0.21168,442.007,0,1.02816,0,0,7.77054,6.74238,1.028160,1,0,218.614,0,0,0,218.614,0
51.9022,1.98627,0,0,5.43911,0.262715,0.36288,3.6288,61.308,0.240821,0,0,2.79966,0.194166,2.36468,0.66528,12.849,1,0.520054,0.36288,0,155.106,3.78966,151.159,0.84672,12.849,0.84672,3695.15,0,18.483,0.036301,4.3439,1.54824,18.826,1.04885,23.6329,0.42336,9.2415,0.21168,9.2415,0.21168,442.007,0,1.02816,0,0,5.37206,4.3439,1.028160,1,0,177.157,0,0,0,177.157,0
56.8034,2.084,0,0,7.621,0.272889,0.36288,3.6288,61.308,0.277647,0,0,4.03486,0.169265,3.58795,0.66528,12.849,1,0.515919,0.36288,0,166.379,3.2991,162.927,0.84672,12.849,0.84672,3695.15,0,18.483,0.0418523,4.77999,1.54824,19.4871,0.901778,24.8717,0.42336,9.2415,0.21168,9.2415,0.21168,442.007,0,1.02816,0,0,5.80815,4.77999,1.028160,1,0,191.386,0,0,0,191.386,0
61.0403,2.13937,0,0,7.02589,0.286754,0.36288,3.6288,61.308,0.277793,0,0,3.88155,0.169265,3.43449,0.66528,12.849,1,0.483928,0.36288,0,195.192,3.2991,191.772,0.84672,12.849,0.84672,3695.15,0,18.483,0.0418742,4.97771,1.59796,18.7028,0.901778,24.3349,0.42336,9.2415,0.21168,9.2415,0.21168,442.007,0,1.02816,0,0,6.00587,4.97771,1.028160,1,0,219.541,0,0,0,219.541,0
67.9331,2.18204,0,0,9.73624,0.298481,0.36288,3.6288,61.308,0.277939,0,0,3.56527,0.169265,3.11807,0.66528,12.849,1,0.459321,0.36288,0,205.203,3.2991,201.807,0.84672,12.849,0.84672,3695.15,0,18.483,0.0418962,4.76817,1.59816,20.2514,0.901778,25.674,0.42336,9.2415,0.21168,9.2415,0.21168,442.007,0,1.02816,0,0,5.79633,4.76817,1.028160,1,0,230.599,0,0,0,230.599,0
72.29,2.24279,0,0,10.2483,0.307817,3.34077,3.6288,61.308,0.278085,0,0,4.83144,0.196963,4.3564,0.66528,12.849,1,0.424205,3.34077,0,328.155,3.9165,327.155,0.84672,12.849,0.84672,3695.15,0,18.483,0.0419182,5.98042,1.59836,24.7983,0.950801,31.3843,0.42336,9.2415,0.21168,9.2415,0.21168,442.007,0,1.02816,0,0,7.00858,5.98042,1.028160,1,0,362.896,0,0,0,362.896,0
72.29,2.4988,0,0,10.8512,0.362646,7.98979,3.6288,61.308,0.415999,0,0,6.00242,0.151848,5.43458,0.66528,12.849,1,0.444143,7.98979,0,285.248,3.44085,289.353,0.84672,12.849,0.84672,3695.15,0,18.483,0.0627072,8.96305,1.59856,32.4072,0.887731,42.0183,0.42336,9.2415,0.21168,9.2415,0.21168,442.007,0,1.02816,0,0,9.99121,8.96305,1.028160,1,0,336.806,0,0,0,336.806,0
72.29,2.49911,0,0,5.66088,0.362646,2.79912,3.6288,61.308,0.416162,0,0,3.81323,0.151848,3.24522,0.66528,12.849,1,0.444199,2.79912,0,151.507,3.44085,150.421,0.84672,12.849,0.84672,3695.15,0,18.483,0.0627317,4.15182,1.77558,16.6571,0.887731,21.634,0.42336,9.2415,0.21168,9.2415,0.21168,442.007,0,1.02816,0,0,5.17998,4.15182,1.028160,1,0,175.3,0,0,0,175.3,0
72.29,2.49943,0,0,4.4533,0.362646,1.59123,3.6288,61.308,0.416325,0,0,3.17491,0.151848,2.60674,0.66528,12.849,1,0.444254,1.59123,0,109.254,3.44085,106.96,0.84672,12.849,0.84672,3695.15,0,18.483,0.0627563,3.54888,1.7758,13.4475,0.887731,17.8217,0.42336,9.2415,0.21168,9.2415,0.21168,442.007,0,1.02816,0,0,4.57704,3.54888,1.028160,1,0,127.388,0,0,0,127.388,0
72.29,2.49974,0,0,4.10154,0.362285,1.23952,3.6288,61.308,0.416488,0,0,3.31358,0.128857,2.76823,0.66528,12.849,1,0.444309,1.23952,0,100.52,3.01327,98.3023,0.84672,12.849,0.84672,3695.15,0,18.483,0.0627809,4.21181,1.77602,13.7145,0.756029,18.8835,0.42336,9.2415,0.21168,9.2415,0.21168,442.007,0,1.02816,0,0,5.23997,4.21181,1.028160,1,0,119.954,0,0,0,119.954,0
72.29,2.18315,0,0,6.98311,0.320151,4.47981,3.6288,61.308,0.231672,0,0,2.99704,0.175253,2.59012,0.66528,12.849,1,0.388038,4.47981,0,99.7963,4.01982,99.8683,0.84672,12.849,0.84672,3695.15,0,18.483,0.034922,4.90388,1.77624,13.4857,0.92816,19.2027,0.42336,9.2415,0.21168,9.2415,0.21168,442.007,0,1.02816,0,0,5.93204,4.90388,1.028160,1,0,121.661,0,0,0,121.661,0
72.29,2.18342,0,0,5.70806,0.320151,3.20449,3.6288,61.308,0.231812,0,0,2.50536,0.175253,2.09829,0.66528,12.849,1,0.388087,3.20449,0,86.6627,4.01982,85.4592,0.84672,12.849,0.84672,3695.15,0,18.483,0.0349431,3.65907,1.53447,10.2397,0.92816,14.4701,0.42336,9.2415,0.21168,9.2415,0.21168,442.007,0,1.02816,0,0,4.68723,3.65907,1.028160,1,0,102.028,0,0,0,102.028,0
72.29,2.18369,0,0,7.13173,0.320151,4.62789,3.6288,61.308,0.231952,0,0,3.29088,0.175253,2.88368,0.66528,12.849,1,0.388135,4.62789,0,114.884,4.01982,115.104,0.84672,12.849,0.84672,3695.15,0,18.483,0.0349642,4.99202,1.53466,11.6482,0.92816,17.2117,0.42336,9.2415,0.21168,9.2415,0.21168,442.007,0,1.02816,0,0,6.02018,4.99202,1.028160,1,0,135.2,0,0,0,135.2,0
72.29,2.18397,0,0,9.58841,0.316736,7.08771,3.6288,61.308,0.232092,0,0,4.11895,0.146618,3.74024,0.66528,12.849,1,0.388183,7.08771,0,179.154,3.57155,182.282,0.84672,12.849,0.84672,3695.15,0,18.483,0.0349853,7.61884,1.53485,17.6216,0.851385,25.8889,0.42336,9.2415,0.21168,9.2415,0.21168,442.007,0,1.02816,0,0,8.647,7.61884,1.028160,1,0,211.911,0,0,0,211.911,0
72.29,2.18424,0,0,8.38728,0.336154,5.86689,3.6288,61.308,0.232232,0,0,5.30398,0.179092,4.89265,0.66528,12.849,1,0.388232,5.86689,0,187.994,3.86318,189.61,0.84672,12.849,0.84672,3695.15,0,18.483,0.0350065,7.00808,1.53504,15.8546,0.980032,23.3827,0.42336,9.2415,0.21168,9.2415,0.21168,442.007,0,1.02816,0,0,8.03624,7.00808,1.028160,1,0,217.885,0,0,0,217.885,0
72.29,2.26433,0,0,6.9889,0.351741,4.37283,3.6288,61.308,0.277653,0,0,4.72813,0.212038,4.23844,0.66528,12.849,1,0.402467,4.37283,0,161.142,4.21638,160.896,0.84672,12.849,0.84672,3695.15,0,18.483,0.0418532,6.76391,1.53523,18.2811,1.09955,25.4389,0.42336,9.2415,0.21168,9.2415,0.21168,442.007,0,1.02816,0,0,7.79207,6.76391,1.028160,1,0,190.573,0,0,0,190.573,0
72.29,2.26461,0,0,6.20509,0.351741,3.58874,3.6288,61.308,0.277799,0,0,3.48515,0.212038,2.99531,0.66528,12.849,1,0.402517,3.58874,0,108.053,4.21638,107.023,0.84672,12.849,0.84672,3695.15,0,18.483,0.0418751,5.02439,1.59521,13.6608,1.09955,19.139,0.42336,9.2415,0.21168,9.2415,0.21168,442.007,0,1.02816,0,0,6.05255,5.02439,1.028160,1,0,129.157,0,0,0,129.157,0
72.29,2.26489,0,0,5.79014,0.257418,3.26783,3.6288,61.308,0.277945,0,0,3.04466,0.212097,2.55462,0.66528,12.849,1,0.402567,3.26783,0,98.3163,3.96102,97.2205,0.84672,12.849,0.84672,3695.15,0,18.483,0.0418971,4.32832,1.59541,14.91,1.08567,19.7062,0.42336,9.2415,0.21168,9.2415,0.21168,442.007,0,1.02816,0,0,5.35648,4.32832,1.028160,1,0,119.481,0,0,0,119.481,0
72.29,2.26517,0,0,5.32695,0.261038,2.80074,3.6288,61.308,0.278091,0,0,2.64672,0.218942,2.14968,0.66528,12.849,1,0.402617,2.80074,0,92.9353,4.1193,91.2141,0.84672,12.849,0.84672,3695.15,0,18.483,0.0419191,3.47622,1.59561,11.5688,1.10955,15.4891,0.42336,9.2415,0.21168,9.2415,0.21168,442.007,0,1.02816,0,0,4.50438,3.47622,1.028160,1,0,108.853,0,0,0,108.853,0
72.29,2.23423,0,0,4.57083,0.270089,2.06651,3.6288,61.308,0.260641,0,0,1.87102,0.236054,1.37432,0.66528,12.849,1,0.397118,2.06651,0,77.9397,4.515,75.0941,0.84672,12.849,0.84672,3695.15,0,18.483,0.0392887,2.49437,1.59581,8.23876,1.16927,11.1204,0.42336,9.2415,0.21168,9.2415,0.21168,442.007,0,1.02816,0,0,3.52253,2.49437,1.028160,1,0,87.5888,0,0,0,87.5888,0
72.29,2.23451,0,0,4.07754,0.270089,1.57295,3.6288,61.308,0.260785,0,0,1.66134,0.236054,1.1645,0.66528,12.849,1,0.397167,1.57295,0,66.9393,4.515,63.6,0.84672,12.849,0.84672,3695.15,0,18.483,0.0393104,2.04265,1.57272,7.15452,1.16927,9.56132,0.42336,9.2415,0.21168,9.2415,0.21168,442.007,0,1.02816,0,0,3.07081,2.04265,1.028160,1,0,74.3259,0,0,0,74.3259,0
72.29,2.23479,0,0,3.75719,0.252805,1.2696,3.6288,61.308,0.260928,0,0,1.52248,0.213299,1.04825,0.66528,12.849,1,0.397216,1.2696,0,62.4378,4.04316,59.267,0.84672,12.849,0.84672,3695.15,0,18.483,0.0393321,1.85598,1.57292,6.44302,1.0496,8.783,0.42336,9.2415,0.21168,9.2415,0.21168,442.007,0,1.02816,0,0,2.88414,1.85598,1.028160,1,0,69.0983,0,0,0,69.0983,0
72.29,2.23506,0,0,3.57237,0.239843,1.09746,3.6288,61.308,0.261072,0,0,1.45534,0.196233,0.998034,0.66528,12.849,1,0.397266,1.09746,0,57.6752,3.68928,54.6861,0.84672,12.849,0.84672,3695.15,0,18.483,0.0393537,2.11749,1.57311,6.43964,0.95984,9.13105,0.42336,9.2415,0.21168,9.2415,0.21168,442.007,0,1.02816,0,0,3.14565,2.11749,1.028160,1,0,64.8152,0,0,0,64.8152,0
72.29,2.34138,0,0,3.2805,0.182577,0.756538,3.6288,61.308,0.323644,0,0,1.3524,0.236999,0.791758,0.66528,12.849,1,0.416163,0.756538,0,53.0544,4.62105,48.7738,0.84672,12.849,0.84672,3695.15,0,18.483,0.0487858,1.35508,1.57331,6.46695,1.02379,8.32277,0.42336,9.2415,0.21168,9.2415,0.21168,442.007,0,1.02816,0,0,2.38324,1.35508,1.028160,1,0,57.8883,0,0,0,57.8883,0
72.29,2.34167,0,0,3.1716,0.173032,0.656893,3.6288,61.308,0.323796,0,0,1.22146,0.243794,0.653873,0.66528,12.849,1,0.416214,0.656893,0,50.1324,4.77635,45.5967,0.84672,12.849,0.84672,3695.15,0,18.483,0.0488086,1.18193,1.65495,5.93324,1.03445,7.68686,0.42336,9.2415,0.21168,9.2415,0.21168,442.007,0,1.02816,0,0,2.21009,1.18193,1.028160,1,0,53.9375,0,0,0,53.9375,0
72.2423,2.34196,0,0,2.84494,0.187784,0.36288,3.6288,61.308,0.323947,0,0,1.16472,0.239843,0.600933,0.66528,12.849,1,0.416266,0.36288,0,47.3449,4.5225,42.769,0.84672,12.849,0.84672,3695.15,0,18.483,0.0488315,1.19431,1.65516,5.46467,1.04424,7.22106,0.42336,9.2415,0.21168,9.2415,0.21168,442.007,0,1.02816,0,0,2.22247,1.19431,1.028160,1,0,50.591,0,0,0,50.591,0
72.0791,2.34189,0,0,2.71564,0.17406,0.36288,3.6288,61.308,0.324099,0,0,1.15235,0.247029,0.581224,0.66528,12.849,1,0.416529,0.36288,0,43.9691,4.2802,39.6353,0.84672,12.849,0.84672,3695.15,0,18.483,0.0488543,1.23275,1.65536,5.23194,1.08586,6.98534,0.42336,9.2415,0.21168,9.2415,0.21168,442.007,0,1.02816,0,0,2.26091,1.23275,1.028160,1,0,47.2018,0,0,0,47.2018,0
71.6302,2.34094,0,0,2.37322,0.118342,0.36288,3.6288,61.308,0.324251,0,0,1.102,0.253395,0.524352,0.66528,12.849,1,0.417302,0.36288,0,42.531,4.83467,37.6419,0.84672,12.849,0.84672,3695.15,0,18.483,0.0488772,1.17932,1.65557,4.77776,1.16672,6.39704,0.42336,9.2415,0.21168,9.2415,0.21168,442.007,0,1.02816,0,0,2.20748,1.17932,1.028160,1,0,44.5633,0,0,0,44.5633,0
70.9178,2.31686,0,0,2.07694,0.109616,0.36288,3.6288,61.308,0.358735,0,0,1.04693,0.245717,0.442474,0.66528,12.849,1,0.415598,0.36288,0,42.8272,5.15434,37.6201,0.84672,12.849,0.84672,3695.15,0,18.483,0.0540753,1.19648,1.65578,4.55912,1.1988,6.1585,0.42336,9.2415,0.21168,9.2415,0.21168,442.007,0,1.02816,0,0,2.22464,1.19648,1.028160,1,0,44.2211,0,0,0,44.2211,0
70.0156,2.31167,0,0,1.88141,0.10902,0.36288,3.6288,61.308,0.358891,0,0,1.0004,0.245717,0.395792,0.66528,12.849,1,0.418833,0.36288,0,42.088,5.15434,36.8777,0.84672,12.849,0.84672,3695.15,0,18.483,0.0540988,1.08591,1.68137,4.30702,1.1988,5.8214,0.42336,9.2415,0.21168,9.2415,0.21168,442.007,0,1.02816,0,0,2.11407,1.08591,1.028160,1,0,43.0949,0,0,0,43.0949,0
68.9573,2.30491,0,0,1.71305,0.103588,0.36288,3.6288,61.308,0.359047,0,0,0.946089,0.256686,0.330356,0.66528,12.849,1,0.422988,0.36288,0,37.0499,5.2955,31.6943,0.84672,12.849,0.84672,3695.15,0,18.483,0.0541223,0.883984,1.68158,4.1803,1.25032,5.44142,0.42336,9.2415,0.21168,9.2415,0.21168,442.007,0,1.02816,0,0,1.91214,0.883984,1.028160,1,0,37.466,0,0,0,37.466,0
67.8026,2.29674,0,0,1.58118,0.0762266,0.36288,3.6288,61.308,0.359203,0,0,0.862384,0.320496,0.182685,0.66528,12.849,1,0.427958,0.36288,0,32.1022,6.07536,25.9617,0.84672,12.849,0.84672,3695.15,0,18.483,0.0541458,0.834434,1.68179,3.7915,1.55179,4.70179,0.42336,9.2415,0.21168,9.2415,0.21168,442.007,0,1.02816,0,0,1.86259,0.834434,1.028160,1,0,30.8462,0,0,0,30.8462,0
66.3947,2.34096,0,0,1.37938,0.08341,0.36288,3.6288,61.308,0.389972,0,0,0.894923,0.308473,0.196478,0.66528,12.849,1,0.443626,0.36288,0,31.9703,5.67315,26.2164,0.84672,12.849,0.84672,3695.15,0,18.483,0.058784,0.533028,1.682,2.99144,1.50574,3.64194,0.42336,9.2415,0.21168,9.2415,0.21168,442.007,0,1.02816,0,0,1.56119,0.533028,1.028160,1,0,30.0549,0,0,0,30.0549,0
64.89,2.32912,0,0,1.26978,0.0824875,0.36288,3.6288,61.308,0.390132,0,0,0.758696,0.308473,0.0600909,0.66528,12.849,1,0.450741,0.36288,0,26.2601,5.67315,20.4991,0.84672,12.849,0.84672,3695.15,0,18.483,0.0588081,0.627696,1.72269,2.89244,1.50574,3.67827,0.42336,9.2415,0.21168,9.2415,0.21168,442.007,0,1.02816,0,0,1.65586,0.627696,1.028160,1,0,24.2374,0,0,0,24.2374,0
63.2923,2.316,0,0,1.16268,0.0815017,0.36288,3.6288,61.308,0.390292,0,0,0.702708,0.308473,0.00394398,0.66528,12.849,1,0.458595,0.36288,0,24.96,5.67315,19.1911,0.84672,12.849,0.84672,3695.15,0,18.483,0.0588322,0.387314,1.72291,2.54242,1.50574,3.08806,0.42336,9.2415,0.21168,9.2415,0.21168,442.007,0,1.02816,0,0,1.41547,0.387314,1.028160,1,0,22.2831,0,0,0,22.2831,0
61.785,2.30153,0,0,1.22844,0.0713223,0.36288,3.6288,61.308,0.390452,0,0,0.8067,0.313653,0.102595,0.66528,12.849,1,0.467235,0.36288,0,24.48,5.8227,18.5529,0.84672,12.849,0.84672,3695.15,0,18.483,0.0588562,0.670404,1.72312,3.36329,1.53562,4.16234,0.42336,9.2415,0.21168,9.2415,0.21168,442.007,0,1.02816,0,0,1.69856,0.670404,1.028160,1,0,22.8178,0,0,0,22.8178,0
59.9747,2.44015,0,0,1.06329,0.0705578,0.36288,3.6288,61.308,0.501166,0,0,0.818217,0.287037,0.0300141,0.66528,12.849,1,0.50746,0.36288,0,26.4366,5.55634,20.7357,0.84672,12.849,0.84672,3695.15,0,18.483,0.0755452,0.857848,1.72333,3.45999,1.47567,4.48996,0.42336,9.2415,0.21168,9.2415,0.21168,442.007,0,1.02816,0,0,1.88601,0.857848,1.028160,1,0,25.2556,0,0,0,25.2556,0
57.9827,2.4212,0,0,0.858341,0.0662615,0.36288,3.6288,61.2481,0.501339,0,0,0.735774,0.294381,0,0.66528,12.849,1,0.518719,0.36288,0,25.4011,5.5209,19.7243,0.84672,12.849,0.84672,3695.15,0,18.483,0.0755714,0.837959,1.8607,3.24974,1.45385,4.41898,0.42336,9.2415,0.21168,9.2415,0.21168,442.007,0,1.02816,0,0,1.86612,0.837959,1.028160,1,0,24.1433,0,0,0,24.1433,0
56.0695,2.39931,0,0,0.913905,0.0649989,0.36288,3.6288,61.1821,0.501449,0,0,0.72976,0.29427,0,0.66528,12.849,1,0.531689,0.36288,0,23.7282,5.5209,18.0385,0.84672,12.849,0.84672,3695.15,0,18.483,0.0756618,0.809127,1.86093,3.42506,1.45385,4.56561,0.42336,9.2415,0.21168,9.2415,0.21168,442.007,0,1.02816,0,0,1.83729,0.809127,1.028160,1,0,22.6041,0,0,0,22.6041,0
54.6284,2.37723,0,0,1.37171,0.0726671,0.36288,3.6288,61.2575,0.501551,0,0,0.868925,0.292003,0,0.66528,12.849,1,0.544772,0.36288,0,35.0387,5.46153,29.3952,0.84672,12.849,0.84672,3695.15,0,18.483,0.0757589,1.17219,1.86117,3.63984,1.44657,5.15087,0.42336,9.2415,0.21168,9.2415,0.21168,442.007,0,1.02816,0,0,2.20035,1.17219,1.028160,1,0,34.5461,0,0,0,34.5461,0
53.793,2.35993,0,0,1.97516,0.0877295,0.36288,3.6288,61.308,0.501806,0,0,0.998456,0.262945,0.183171,0.66528,12.849,1,0.555074,0.36288,0,41.5829,5.16004,36.2306,0.84672,12.849,0.84672,3695.15,0,18.483,0.0757041,1.31791,1.8614,4.87572,1.35733,6.62199,0.42336,9.2415,0.21168,9.2415,0.21168,442.007,0,1.02816,0,0,2.34607,1.31791,1.028160,1,0,43.0358,0,0,0,43.0358,0
52.4729,2.27803,0,0,1.43682,0.115992,0.36288,3.6288,61.308,0.43489,0,0,0.78116,0.220925,0.125345,0.66528,12.849,1,0.54413,0.36288,0,30.0075,4.33206,25.4942,0.84672,12.849,0.84672,3695.15,0,18.483,0.0655548,1.24155,1.86163,5.32755,1.1324,7.23278,0.42336,9.2415,0.21168,9.2415,0.21168,442.007,0,1.02816,0,0,2.26971,1.24155,1.028160,1,0,32.8523,0,0,0,32.8523,0
51.4306,2.26175,0,0,1.70103,0.118717,0.36288,3.6288,61.308,0.435055,0,0,1.33467,0.219853,0.679765,0.66528,12.849,1,0.553832,0.36288,0,35.5974,4.30238,31.1041,0.84672,12.849,0.84672,3695.15,0,18.483,0.0655797,2.42575,1.78321,7.63206,1.12876,10.6467,0.42336,9.2415,0.21168,9.2415,0.21168,442.007,0,1.02816,0,0,3.45391,2.42575,1.028160,1,0,42.4305,0,0,0,42.4305,0
50.3566,2.24853,0,0,1.65485,0.117442,0.36288,3.6288,61.308,0.43522,0,0,1.14267,0.219853,0.487593,0.66528,12.849,1,0.561754,0.36288,0,34.7227,4.30238,30.2214,0.84672,12.849,0.84672,3695.15,0,18.483,0.0656046,2.26677,1.78343,6.23541,1.12876,9.09126,0.42336,9.2415,0.21168,9.2415,0.21168,442.007,0,1.02816,0,0,3.29493,2.26677,1.028160,1,0,39.8003,0,0,0,39.8003,0
49.2781,2.23449,0,0,1.63496,0.116128,0.36288,3.6288,61.308,0.435386,0,0,1.42129,0.219853,0.766051,0.66528,12.849,1,0.570153,0.36288,0,33.9328,4.30238,29.4232,0.84672,12.849,0.84672,3695.15,0,18.483,0.0656295,3.12929,1.78366,7.82468,1.12876,11.5432,0.42336,9.2415,0.21168,9.2415,0.21168,442.007,0,1.02816,0,0,4.15745,3.12929,1.028160,1,0,41.7325,0,0,0,41.7325,0
48.0266,2.1626,0,0,1.46806,0.194043,0.36288,3.6288,61.308,0.374402,0,0,0.727995,0.219001,0.134592,0.66528,12.849,1,0.563888,0.36288,0,33.7598,4.43226,29.1266,0.84672,12.849,0.84672,3695.15,0,18.483,0.056437,0.664623,1.78388,5.95223,1.09928,7.24501,0.42336,9.2415,0.21168,9.2415,0.21168,442.007,0,1.02816,0,0,1.69278,0.664623,1.028160,1,0,36.5062,0,0,0,36.5062,0
47.0561,2.14557,0,0,1.72943,0.19143,0.36288,3.6288,61.2336,0.412334,0,0,0.556912,0.219001,0,0.66528,12.849,1,0.574024,0.36288,0,39.0921,4.43226,34.4487,0.84672,12.849,0.84672,3695.15,0,18.483,0.0621548,0.216518,1.71417,6.18627,1.09928,6.95552,0.42336,9.2415,0.21168,9.2415,0.21168,442.007,0,0.984692,0,0,1.20121,0.216518,1.028160,1,0,41.4042,0,0,0,41.4042,0
49.4949,2.13198,0,0,5.123,0.189403,0.36288,3.6288,61.308,0.374658,0,0,1.83255,0.218898,1.16457,0.66528,12.849,1,0.582153,0.36288,0,73.483,4.43226,68.8315,0.84672,12.849,0.84672,3695.15,0,18.483,0.0565442,3.21919,1.71438,10.8961,1.09928,14.6738,0.42336,9.2415,0.21168,9.2415,0.21168,442.007,0,1.02816,0,0,4.24735,3.21919,1.028160,1,0,84.6699,0,0,0,84.6699,0
50.7926,2.16635,0,0,4.02713,0.200184,0.36288,3.6288,61.308,0.374876,0,0,1.41669,0.221314,0.820502,0.66528,12.849,1,0.56239,0.36288,0,83.007,4.37085,78.4366,0.84672,12.849,0.84672,3695.15,0,18.483,0.0565083,2.81582,1.7146,10.4122,1.07807,13.808,0.42336,9.2415,0.21168,9.2415,0.21168,442.007,0,1.02816,0,0,3.84398,2.81582,1.028160,1,0,93.0651,0,0,0,93.0651,0
53.6495,2.01937,0,0,5.48949,0.250291,0.36288,3.6288,61.308,0.247616,0,0,2.12884,0.221309,1.65991,0.66528,12.849,1,0.51084,0.36288,0,60.4868,4.58416,55.7547,0.84672,12.849,0.84672,3695.15,0,18.483,0.0373253,3.4073,1.71481,8.85937,0.994343,12.9498,0.42336,9.2415,0.21168,9.2415,0.21168,442.007,0,1.02816,0,0,4.43546,3.4073,1.028160,1,0,70.3644,0,0,0,70.3644,0
55.5096,2.05275,0,0,4.5387,0.263041,0.36288,3.6288,61.308,0.247758,0,0,2.24131,0.215755,1.7778,0.66528,12.849,1,0.491632,0.36288,0,79.1865,4.81688,74.2408,0.84672,12.849,0.84672,3695.15,0,18.483,0.0373467,3.01232,1.55752,9.01567,1.01176,12.5364,0.42336,9.2415,0.21168,9.2415,0.21168,442.007,0,1.02816,0,0,4.04048,3.01232,1.028160,1,0,88.555,0,0,0,88.555,0
54.9501,2.07327,0,0,2.14466,0.268023,0.36288,3.6288,61.308,0.2479,0,0,1.46155,0.215755,0.997896,0.66528,12.849,1,0.479907,0.36288,0,44.4986,4.81688,39.5647,0.84672,12.849,0.84672,3695.15,0,18.483,0.0373681,1.26128,1.55771,6.42184,1.01176,8.19169,0.42336,9.2415,0.21168,9.2415,0.21168,442.007,0,1.02816,0,0,2.28944,1.26128,1.028160,1,0,48.7543,0,0,0,48.7543,0
56.069,2.06754,0,0,3.82853,0.279164,0.36288,3.6288,61.308,0.248042,0,0,1.52962,0.226666,1.05491,0.66528,12.849,1,0.483453,0.36288,0,40.4533,4.34557,35.9872,0.84672,12.849,0.84672,3695.15,0,18.483,0.0373895,2.35493,1.5579,6.72302,1.01398,9.58448,0.42336,9.2415,0.21168,9.2415,0.21168,442.007,0,1.02816,0,0,3.38309,2.35493,1.028160,1,0,46.6266,0,0,0,46.6266,0
59.2585,2.07969,0,0,5.92074,0.28869,0.36288,3.6288,61.308,0.248184,0,0,2.55296,0.211391,2.09339,0.66528,12.849,1,0.476591,0.36288,0,85.7359,3.86514,81.7571,0.84672,12.849,0.84672,3695.15,0,18.483,0.037411,4.27825,1.5581,13.077,0.967988,17.9079,0.42336,9.2415,0.21168,9.2415,0.21168,442.007,0,1.02816,0,0,5.30641,4.27825,1.028160,1,0,101.758,0,0,0,101.758,0
62.0273,2.17824,0,0,5.58138,0.271436,0.36288,3.6288,61.308,0.285241,0,0,3.11016,0.232177,2.59274,0.66528,12.849,1,0.472307,0.36288,0,96.52,4.41399,91.9966,0.84672,12.849,0.84672,3695.15,0,18.483,0.042997,4.86721,1.55829,14.2627,1.08371,19.5615,0.42336,9.2415,0.21168,9.2415,0.21168,442.007,0,1.02816,0,0,5.89537,4.86721,1.028160,1,0,114.151,0,0,0,114.151,0
64.9015,2.20523,0,0,5.72046,0.278115,0.36288,3.6288,61.308,0.28538,0,0,3.67073,0.232177,3.15317,0.66528,12.849,1,0.456814,0.36288,0,142.702,4.41399,138.194,0.84672,12.849,0.84672,3695.15,0,18.483,0.0430178,4.96333,1.60833,16.5905,1.08371,22.0355,0.42336,9.2415,0.21168,9.2415,0.21168,442.007,0,1.02816,0,0,5.99149,4.96333,1.028160,1,0,163.382,0,0,0,163.382,0
66.5059,2.23144,0,0,4.48339,0.284692,0.36288,3.6288,61.308,0.285518,0,0,2.53092,0.232177,2.01323,0.66528,12.849,1,0.441773,0.36288,0,102.616,4.41399,98.1235,0.84672,12.849,0.84672,3695.15,0,18.483,0.0430386,3.96996,1.60851,10.756,1.08371,15.2077,0.42336,9.2415,0.21168,9.2415,0.21168,442.007,0,1.02816,0,0,4.99812,3.96996,1.028160,1,0,115.345,0,0,0,115.345,0
67.6673,2.24546,0,0,4.05951,0.289812,0.36288,3.6288,61.308,0.285656,0,0,2.30825,0.221094,1.8015,0.66528,12.849,1,0.433824,0.36288,0,89.5536,4.24197,85.2407,0.84672,12.849,0.84672,3695.15,0,18.483,0.0430595,3.66575,1.6087,9.90109,1.03775,14.0947,0.42336,9.2415,0.21168,9.2415,0.21168,442.007,0,1.02816,0,0,4.69391,3.66575,1.028160,1,0,101.137,0,0,0,101.137,0
71.3405,2.47535,0,0,6.79983,0.28838,0.36288,3.6288,61.308,0.424452,0,0,3.00549,0.134125,2.44692,0.66528,12.849,1,0.470032,0.36288,0,170.846,4.02657,166.712,0.84672,12.849,0.84672,3695.15,0,18.483,0.0639814,3.61511,1.60889,16.3007,0.933315,20.5275,0.42336,9.2415,0.21168,9.2415,0.21168,442.007,0,1.02816,0,0,4.64327,3.61511,1.028160,1,0,189.686,0,0,0,189.686,0
72.29,2.50742,0,0,5.74787,0.34392,1.94704,3.6288,61.308,0.424606,0,0,3.09912,0.185424,2.48909,0.66528,12.849,1,0.451606,1.94704,0,141.843,4.5087,138.83,0.84672,12.849,0.84672,3695.15,0,18.483,0.0640047,3.52865,1.78704,15.9142,1.09085,20.075,0.42336,9.2415,0.21168,9.2415,0.21168,442.007,0,1.02816,0,0,4.55681,3.52865,1.028160,1,0,161.394,0,0,0,161.394,0
72.29,2.51552,0,0,5.82905,0.346416,2.96711,3.6288,61.308,0.424761,0,0,3.06772,0.185424,2.45753,0.66528,12.849,1,0.447115,2.96711,0,154.971,4.5087,152.983,0.84672,12.849,0.84672,3695.15,0,18.483,0.064028,2.97912,1.78725,15.4627,1.09085,19.0742,0.42336,9.2415,0.21168,9.2415,0.21168,442.007,0,1.02816,0,0,4.00728,2.97912,1.028160,1,0,174.514,0,0,0,174.514,0
72.29,2.51582,0,0,4.53463,0.345354,1.67345,3.6288,61.308,0.424915,0,0,2.58384,0.178294,1.98063,0.66528,12.849,1,0.447168,1.67345,0,113.086,4.25394,110.058,0.84672,12.849,0.84672,3695.15,0,18.483,0.0640513,2.82978,1.78746,12.8593,1.04422,16.3683,0.42336,9.2415,0.21168,9.2415,0.21168,442.007,0,1.02816,0,0,3.85794,2.82978,1.028160,1,0,128.407,0,0,0,128.407,0
72.29,2.19718,0,0,7.06952,0.343908,4.52844,3.6288,61.308,0.238903,0,0,4.5167,0.148834,4.12896,0.66528,12.849,1,0.390532,4.52844,0,299.764,4.07484,299.827,0.84672,12.849,0.84672,3695.15,0,18.483,0.036012,4.11564,1.78767,17.7292,0.96855,22.6279,0.42336,9.2415,0.21168,9.2415,0.21168,442.007,0,1.02816,0,0,5.1438,4.11564,1.028160,1,0,326.584,0,0,0,326.584,0
72.29,2.19744,0,0,8.53753,0.344729,5.99536,3.6288,61.308,0.239036,0,0,3.82791,0.151055,3.43782,0.66528,12.849,1,0.390578,5.99536,0,251.111,4.29975,252.416,0.84672,12.849,0.84672,3695.15,0,18.483,0.036032,5.89766,1.54433,20.4527,1.00258,26.8561,0.42336,9.2415,0.21168,9.2415,0.21168,442.007,0,1.02816,0,0,6.92582,5.89766,1.028160,1,0,282.71,0,0,0,282.71,0
72.29,2.1977,0,0,15.6201,0.344729,13.0777,3.6288,61.308,0.239168,0,0,8.2887,0.151055,7.89847,0.66528,12.849,1,0.390624,13.0777,0,274.132,4.29975,282.519,0.84672,12.849,0.84672,3695.15,0,18.483,0.036052,8.25388,1.54451,29.997,1.00258,38.7567,0.42336,9.2415,0.21168,9.2415,0.21168,442.007,0,1.02816,0,0,9.28204,8.25388,1.028160,1,0,329.174,0,0,0,329.174,0
72.29,2.19795,0,0,9.54901,0.346326,7.00474,3.6288,61.308,0.239301,0,0,4.09694,0.0829267,3.77471,0.66528,12.849,1,0.39067,7.00474,0,246.967,3.98718,249.594,0.84672,12.849,0.84672,3695.15,0,18.483,0.036072,4.49955,1.54469,19.9072,0.889932,25.0254,0.42336,9.2415,0.21168,9.2415,0.21168,442.007,0,1.02816,0,0,5.52771,4.49955,1.028160,1,0,278.394,0,0,0,278.394,0
72.29,2.19821,0,0,8.24031,0.32365,5.71845,3.6288,61.308,0.239434,0,0,3.90773,0.106348,3.56194,0.66528,12.849,1,0.390715,5.71845,0,208.697,3.95692,210.068,0.84672,12.849,0.84672,3695.15,0,18.483,0.036092,4.15467,1.54487,19.8456,0.866907,24.6422,0.42336,9.2415,0.21168,9.2415,0.21168,442.007,0,1.02816,0,0,5.18283,4.15467,1.028160,1,0,238.272,0,0,0,238.272,0
72.29,2.2788,0,0,12.5387,0.276794,9.98312,3.6288,61.308,0.285137,0,0,7.2485,0.169174,6.79419,0.66528,12.849,1,0.405039,9.98312,0,296.13,4.18047,301.528,0.84672,12.849,0.84672,3695.15,0,18.483,0.0429812,6.60372,1.54506,31.0395,0.945848,38.1995,0.42336,9.2415,0.21168,9.2415,0.21168,442.007,0,1.02816,0,0,7.63188,6.60372,1.028160,1,0,346.521,0,0,0,346.521,0
72.29,2.27906,0,0,9.45164,0.276794,6.89579,3.6288,61.308,0.285275,0,0,5.75569,0.169174,5.30124,0.66528,12.849,1,0.405086,6.89579,0,262.931,4.18047,265.241,0.84672,12.849,0.84672,3695.15,0,18.483,0.0430021,5.54367,1.6054,25.4803,0.945848,31.6405,0.42336,9.2415,0.21168,9.2415,0.21168,442.007,0,1.02816,0,0,6.57183,5.54367,1.028160,1,0,302.183,0,0,0,302.183,0
72.29,2.27933,0,0,7.45304,0.276794,4.89691,3.6288,61.308,0.285413,0,0,4.35555,0.169174,3.90097,0.66528,12.849,1,0.405134,4.89691,0,205.036,4.18047,205.347,0.84672,12.849,0.84672,3695.15,0,18.483,0.0430229,4.95414,1.60559,17.3653,0.945848,22.9361,0.42336,9.2415,0.21168,9.2415,0.21168,442.007,0,1.02816,0,0,5.9823,4.95414,1.028160,1,0,232.184,0,0,0,232.184,0
72.29,2.2796,0,0,6.73015,0.268216,4.18234,3.6288,61.308,0.285552,0,0,3.99502,0.176148,3.53332,0.66528,12.849,1,0.405181,4.18234,0,180.013,4.1617,179.628,0.84672,12.849,0.84672,3695.15,0,18.483,0.0430438,4.71934,1.60578,15.3969,0.95604,20.7229,0.42336,9.2415,0.21168,9.2415,0.21168,442.007,0,1.02816,0,0,5.7475,4.71934,1.028160,1,0,203.884,0,0,0,203.884,0
72.29,2.24844,0,0,5.35612,0.21675,2.89093,3.6288,61.308,0.267983,0,0,2.21975,0.217994,1.73378,0.66528,12.849,1,0.399644,2.89093,0,123.724,4.04911,122.166,0.84672,12.849,0.84672,3695.15,0,18.483,0.0403954,2.81914,1.60597,10.4181,1.0172,13.7856,0.42336,9.2415,0.21168,9.2415,0.21168,442.007,0,1.02816,0,0,3.8473,2.81914,1.028160,1,0,137.686,0,0,0,137.686,0
72.29,2.24871,0,0,5.05012,0.21675,2.58467,3.6288,61.308,0.268119,0,0,2.01718,0.217994,1.53107,0.66528,12.849,1,0.399691,2.58467,0,108.525,4.04911,106.661,0.84672,12.849,0.84672,3695.15,0,18.483,0.0404159,2.18045,1.58273,9.57545,1.0172,12.281,0.42336,9.2415,0.21168,9.2415,0.21168,442.007,0,1.02816,0,0,3.20861,2.18045,1.028160,1,0,120.473,0,0,0,120.473,0
72.29,2.24897,0,0,4.62845,0.20676,2.17272,3.6288,61.308,0.268255,0,0,1.88296,0.224401,1.3903,0.66528,12.849,1,0.399737,2.17272,0,99.1656,4.18911,96.7495,0.84672,12.849,0.84672,3695.15,0,18.483,0.0404365,2.08839,1.58291,8.14916,1.03683,10.7432,0.42336,9.2415,0.21168,9.2415,0.21168,442.007,0,1.02816,0,0,3.11655,2.08839,1.028160,1,0,108.883,0,0,0,108.883,0
72.29,2.24923,0,0,4.33029,0.185677,1.89538,3.6288,61.308,0.268391,0,0,1.80234,0.2469,1.28705,0.66528,12.849,1,0.399784,1.89538,0,86.8061,4.17678,84.1249,0.84672,12.849,0.84672,3695.15,0,18.483,0.040457,2.12564,1.5831,8.41847,0.979279,11.1075,0.42336,9.2415,0.21168,9.2415,0.21168,442.007,0,1.02816,0,0,3.1538,2.12564,1.028160,1,0,96.5194,0,0,0,96.5194,0
72.29,2.35621,0,0,4.25815,0.195882,1.70606,3.6288,61.308,0.331352,0,0,1.61077,0.244049,1.03537,0.66528,12.849,1,0.418798,1.70606,0,101.808,4.4035,98.6915,0.84672,12.849,0.84672,3695.15,0,18.483,0.0499476,1.88209,1.58328,8.66929,0.960345,11.1244,0.42336,9.2415,0.21168,9.2415,0.21168,442.007,0,1.02816,0,0,2.91025,1.88209,1.028160,1,0,110.851,0,0,0,110.851,0
72.29,2.35648,0,0,3.71695,0.140287,1.22018,3.6288,61.308,0.331495,0,0,1.48384,0.261515,0.890832,0.66528,12.849,1,0.418847,1.22018,0,72.0671,4.84936,68.0191,0.84672,12.849,0.84672,3695.15,0,18.483,0.0499692,1.63558,1.66543,8.07322,1.09123,10.233,0.42336,9.2415,0.21168,9.2415,0.21168,442.007,0,1.02816,0,0,2.66374,1.63558,1.028160,1,0,79.1429,0,0,0,79.1429,0
72.29,2.35676,0,0,3.54735,0.117452,1.07314,3.6288,61.308,0.331639,0,0,1.38536,0.268533,0.785192,0.66528,12.849,1,0.418896,1.07314,0,64.3481,4.9687,60.0337,0.84672,12.849,0.84672,3695.15,0,18.483,0.0499909,1.41837,1.66563,7.83674,1.14193,9.72881,0.42336,9.2415,0.21168,9.2415,0.21168,442.007,0,1.02816,0,0,2.44653,1.41837,1.028160,1,0,70.5477,0,0,0,70.5477,0
72.29,2.35704,0,0,3.45126,0.117452,0.976769,3.6288,61.308,0.331783,0,0,1.40524,0.268533,0.80492,0.66528,12.849,1,0.418945,0.976769,0,61.1443,4.9687,56.7334,0.84672,12.849,0.84672,3695.15,0,18.483,0.0500125,1.6167,1.66582,7.46297,1.14193,9.55355,0.42336,9.2415,0.21168,9.2415,0.21168,442.007,0,1.02816,0,0,2.64486,1.6167,1.028160,1,0,67.0919,0,0,0,67.0919,0
72.29,2.35731,0,0,3.35985,0.120901,0.881633,3.6288,61.308,0.331926,0,0,1.29298,0.268541,0.692509,0.66528,12.849,1,0.418994,0.881633,0,63.1599,4.82663,58.7959,0.84672,12.849,0.84672,3695.15,0,18.483,0.0500342,1.52438,1.66602,6.69842,1.14619,8.69259,0.42336,9.2415,0.21168,9.2415,0.21168,442.007,0,1.02816,0,0,2.55254,1.52438,1.028160,1,0,68.181,0,0,0,68.181,0
72.29,2.33647,0,0,3.48025,0.114025,1.02975,3.6288,61.308,0.366619,0,0,1.22991,0.271624,0.59167,0.66528,12.849,1,0.41529,1.02975,0,68.529,4.83462,64.3089,0.84672,12.849,0.84672,3695.15,0,18.483,0.0552638,1.35289,1.66621,6.2087,1.14424,8.0283,0.42336,9.2415,0.21168,9.2415,0.21168,442.007,0,1.02816,0,0,2.38105,1.35289,1.028160,1,0,72.9288,0,0,0,72.9288,0
72.29,2.33675,0,0,3.31064,0.0948876,0.879006,3.6288,61.308,0.366767,0,0,1.17666,0.302713,0.507185,0.66528,12.849,1,0.415339,0.879006,0,65.5629,5.26896,60.7576,0.84672,12.849,0.84672,3695.15,0,18.483,0.0552861,1.32948,1.69196,5.91431,1.29124,7.58922,0.42336,9.2415,0.21168,9.2415,0.21168,442.007,0,1.02816,0,0,2.35764,1.32948,1.028160,1,0,68.854,0,0,0,68.854,0
72.29,2.33702,0,0,3.10705,0.0943325,0.675694,3.6288,61.308,0.366915,0,0,1.14657,0.299523,0.480133,0.66528,12.849,1,0.415388,0.675694,0,63.2648,5.62033,57.9047,0.84672,12.849,0.84672,3695.15,0,18.483,0.0553083,1.39565,1.69216,5.86996,1.33794,7.56452,0.42336,9.2415,0.21168,9.2415,0.21168,442.007,0,1.02816,0,0,2.42381,1.39565,1.028160,1,0,65.9494,0,0,0,65.9494,0
72.29,2.3373,0,0,2.86347,0.0943325,0.431841,3.6288,61.308,0.367063,0,0,1.10672,0.299523,0.440138,0.66528,12.849,1,0.415436,0.431841,0,59.6623,5.62033,54.0584,0.84672,12.849,0.84672,3695.15,0,18.483,0.0553306,1.24929,1.69236,5.36099,1.33794,6.90937,0.42336,9.2415,0.21168,9.2415,0.21168,442.007,0,1.02816,0,0,2.27745,1.24929,1.028160,1,0,61.4079,0,0,0,61.4079,0
72.0981,2.39212,0,0,2.64336,0.0802947,0.36288,3.6288,61.308,0.398016,0,0,1.09458,0.330207,0.366361,0.66528,12.849,1,0.425182,0.36288,0,54.5511,5.47165,49.0171,0.84672,12.849,0.84672,3695.15,0,18.483,0.0599965,0.992468,1.69255,4.35001,1.46051,5.51453,0.42336,9.2415,0.21168,9.2415,0.21168,442.007,0,1.02816,0,0,2.02063,0.992468,1.028160,1,0,54.898,0,0,0,54.898,0
71.8425,2.39091,0,0,2.57842,0.0801777,0.36288,3.6288,61.308,0.398167,0,0,1.0085,0.330207,0.280121,0.66528,12.849,1,0.426098,0.36288,0,54.4809,5.47165,48.946,0.84672,12.849,0.84672,3695.15,0,18.483,0.0600193,1.17272,1.73349,4.66136,1.46051,6.04705,0.42336,9.2415,0.21168,9.2415,0.21168,442.007,0,1.02816,0,0,2.20088,1.17272,1.028160,1,0,55.2732,0,0,0,55.2732,0
71.4232,2.3892,0,0,2.41282,0.080022,0.36288,3.6288,61.308,0.398319,0,0,0.933517,0.330207,0.204991,0.66528,12.849,1,0.427308,0.36288,0,49.1829,5.47165,43.6468,0.84672,12.849,0.84672,3695.15,0,18.483,0.0600421,1.07827,1.73369,4.1602,1.46051,5.45162,0.42336,9.2415,0.21168,9.2415,0.21168,442.007,0,1.02816,0,0,2.10643,1.07827,1.028160,1,0,49.3034,0,0,0,49.3034,0
70.8095,2.38619,0,0,2.21508,0.0797666,0.36288,3.6288,61.308,0.39847,0,0,0.923262,0.330207,0.194584,0.66528,12.849,1,0.429274,0.36288,0,44.959,5.47165,39.421,0.84672,12.849,0.84672,3695.15,0,18.483,0.060065,0.905265,1.73389,4.06884,1.46051,5.18742,0.42336,9.2415,0.21168,9.2415,0.21168,442.007,0,1.02816,0,0,1.93342,0.905265,1.028160,1,0,44.803,0,0,0,44.803,0
70.043,2.54065,0,0,2.20908,0.071974,0.36288,3.6288,61.308,0.509866,0,0,1.12102,0.319638,0.291519,0.66528,12.849,1,0.461023,0.36288,0,43.8407,5.5831,38.1594,0.84672,12.849,0.84672,3695.15,0,18.483,0.0768566,1.55979,1.7341,5.13442,1.5142,6.83724,0.42336,9.2415,0.21168,9.2415,0.21168,442.007,0,1.02816,0,0,2.58795,1.55979,1.028160,1,0,45.2882,0,0,0,45.2882,0
68.6641,2.53435,0,0,1.60114,0.08288,0.36288,3.6288,61.308,0.510031,0,0,0.968933,0.302645,0.156257,0.66528,12.849,1,0.464912,0.36288,0,36.3189,5.40498,30.8119,0.84672,12.849,0.84672,3695.15,0,18.483,0.0768815,1.27036,1.87231,3.88221,1.50218,5.44581,0.42336,9.2415,0.21168,9.2415,0.21168,442.007,0,1.02816,0,0,2.29852,1.27036,1.028160,1,0,36.414,0,0,0,36.414,0
67.4358,2.5225,0,0,1.73915,0.0819978,0.36288,3.6288,61.308,0.510195,0,0,0.980424,0.302645,0.167583,0.66528,12.849,1,0.472032,0.36288,0,34.7114,5.40498,29.1972,0.84672,12.849,0.84672,3695.15,0,18.483,0.0769063,1.28745,1.87253,4.12354,1.50218,5.70443,0.42336,9.2415,0.21168,9.2415,0.21168,442.007,0,1.02816,0,0,2.31561,1.28745,1.028160,1,0,35.0693,0,0,0,35.0693,0
67.1516,2.51166,0,0,2.68622,0.0959197,0.36288,3.6288,61.308,0.51036,0,0,1.17927,0.299427,0.369487,0.66528,12.849,1,0.478564,0.36288,0,56.064,5.31592,50.6324,0.84672,12.849,0.84672,3695.15,0,18.483,0.0769311,1.7476,1.87275,4.35779,1.49126,6.40995,0.42336,9.2415,0.21168,9.2415,0.21168,442.007,0,1.02816,0,0,2.77576,1.7476,1.028160,1,0,57.4118,0,0,0,57.4118,0
68.1265,2.50934,0,0,3.9489,0.101809,0.36288,3.6288,61.308,0.510524,0,0,1.55442,0.269973,0.773925,0.66528,12.849,1,0.480144,0.36288,0,69.4929,5.31749,64.0582,0.84672,12.849,0.84672,3695.15,0,18.483,0.0769559,2.22568,1.87297,5.6976,1.4625,8.25679,0.42336,9.2415,0.21168,9.2415,0.21168,442.007,0,1.02816,0,0,3.25384,2.22568,1.028160,1,0,73.0889,0,0,0,73.0889,0
67.5141,2.44171,0,0,2.28588,0.0937096,0.36288,3.6288,61.308,0.443128,0,0,1.1257,0.216875,0.465694,0.66528,12.849,1,0.460518,0.36288,0,80.6976,5.21724,75.3827,0.84672,12.849,0.84672,3695.15,0,18.483,0.0667967,1.74753,1.87319,5.21459,1.43241,7.33609,0.42336,9.2415,0.21168,9.2415,0.21168,442.007,0,1.02816,0,0,2.77569,1.74753,1.028160,1,0,83.1845,0,0,0,83.1845,0
66.7421,2.43658,0,0,2.12079,0.09326,0.36288,3.6288,61.308,0.443285,0,0,1.14272,0.216875,0.482558,0.66528,12.849,1,0.46372,0.36288,0,47.932,5.21724,42.6139,0.84672,12.849,0.84672,3695.15,0,18.483,0.0668203,1.10547,1.79427,3.94064,1.43241,5.34116,0.42336,9.2415,0.21168,9.2415,0.21168,442.007,0,1.02816,0,0,2.13363,1.10547,1.028160,1,0,48.4376,0,0,0,48.4376,0
69.3782,2.42994,0,0,5.61176,0.182823,0.36288,3.6288,61.308,0.443442,0,0,2.05153,0.225632,1.38246,0.66528,12.849,1,0.467805,0.36288,0,71.4451,4.6598,66.6804,0.84672,12.849,0.84672,3695.15,0,18.483,0.0668439,4.39765,1.79448,11.5119,1.30871,16.3285,0.42336,9.2415,0.21168,9.2415,0.21168,442.007,0,1.02816,0,0,5.42581,4.39765,1.028160,1,0,84.3914,0,0,0,84.3914,0
70.4473,2.4534,0,0,4.09577,0.210431,0.36288,3.6288,61.308,0.443598,0,0,1.56759,0.236751,0.887241,0.66528,12.849,1,0.454376,0.36288,0,114.736,4.55752,110.087,0.84672,12.849,0.84672,3695.15,0,18.483,0.0668675,1.91741,1.79469,6.67733,1.26347,9.0591,0.42336,9.2415,0.21168,9.2415,0.21168,442.007,0,1.02816,0,0,2.94557,1.91741,1.028160,1,0,120.033,0,0,0,120.033,0
72.29,2.3991,0,0,5.87059,0.251501,1.37728,3.6288,61.308,0.382229,0,0,2.49057,0.187945,1.92039,0.66528,12.849,1,0.437576,1.37728,0,141.65,4.31038,138.28,0.84672,12.849,0.84672,3695.15,0,18.483,0.0576168,3.54961,1.7949,17.307,1.12648,21.4675,0.42336,9.2415,0.21168,9.2415,0.21168,442.007,0,1.02816,0,0,4.57777,3.54961,1.028160,1,0,161.667,0,0,0,161.667,0
72.29,2.41407,0,0,3.90152,0.261715,1.22574,3.6288,61.308,0.382379,0,0,1.50696,0.179811,0.944773,0.66528,12.849,1,0.429083,1.22574,0,108.879,4.26919,105.406,0.84672,12.849,0.84672,3695.15,0,18.483,0.0576394,1.49783,1.72475,8.68061,1.10365,10.7419,0.42336,9.2415,0.21168,9.2415,0.21168,442.007,0,1.02816,0,0,2.52599,1.49783,1.028160,1,0,117.093,0,0,0,117.093,0
72.29,2.41435,0,0,3.3169,0.261715,0.640836,3.6288,61.308,0.382528,0,0,1.32393,0.179811,0.761594,0.66528,12.849,1,0.429133,0.640836,0,70.0931,4.26919,66.0356,0.84672,12.849,0.84672,3695.15,0,18.483,0.0576619,1.49192,1.72496,6.6501,1.10365,8.70566,0.42336,9.2415,0.21168,9.2415,0.21168,442.007,0,1.02816,0,0,2.52008,1.49192,1.028160,1,0,75.5029,0,0,0,75.5029,0
72.29,2.41464,0,0,4.2828,0.257743,1.61042,3.6288,61.308,0.382678,0,0,1.78776,0.228633,1.17645,0.66528,12.849,1,0.429183,1.61042,0,100.026,4.23908,96.9683,0.84672,12.849,0.84672,3695.15,0,18.483,0.0576845,2.179,1.72516,7.68943,1.17929,10.3566,0.42336,9.2415,0.21168,9.2415,0.21168,442.007,0,1.02816,0,0,3.20716,2.179,1.028160,1,0,108.501,0,0,0,108.501,0
72.29,2.23305,0,0,3.50425,0.262095,1.0091,3.6288,61.308,0.254627,0,0,1.92965,0.218567,1.45645,0.66528,12.849,1,0.396908,1.0091,0,79.3839,4.34992,75.6462,0.84672,12.849,0.84672,3695.15,0,18.483,0.0383822,2.71615,1.72536,11.4071,1.14461,14.6657,0.42336,9.2415,0.21168,9.2415,0.21168,442.007,0,1.02816,0,0,3.74431,2.71615,1.028160,1,0,91.7683,0,0,0,91.7683,0
72.29,2.23331,0,0,4.79195,0.267593,2.29105,3.6288,61.308,0.254762,0,0,2.7985,0.183555,2.36019,0.66528,12.849,1,0.396954,2.29105,0,125.987,4.45001,123.432,0.84672,12.849,0.84672,3695.15,0,18.483,0.0384025,3.54437,1.56709,11.903,1.07605,15.9,0.42336,9.2415,0.21168,9.2415,0.21168,442.007,0,1.02816,0,0,4.57253,3.54437,1.028160,1,0,141.692,0,0,0,141.692,0
72.29,2.23357,0,0,4.35142,0.267593,1.85026,3.6288,61.308,0.254896,0,0,2.09434,0.183555,1.65588,0.66528,12.849,1,0.397001,1.85026,0,77.3217,4.45001,74.3249,0.84672,12.849,0.84672,3695.15,0,18.483,0.0384228,3.29904,1.56727,11.1281,1.07605,14.8799,0.42336,9.2415,0.21168,9.2415,0.21168,442.007,0,1.02816,0,0,4.3272,3.29904,1.028160,1,0,90.8607,0,0,0,90.8607,0
72.29,2.23383,0,0,3.17821,0.315748,0.628624,3.6288,61.308,0.255031,0,0,0.971516,0.188314,0.528171,0.66528,12.849,1,0.397047,0.628624,0,88.8555,3.95313,85.1339,0.84672,12.849,0.84672,3695.15,0,18.483,0.0384431,1.80179,1.56745,8.18977,0.971791,10.5488,0.42336,9.2415,0.21168,9.2415,0.21168,442.007,0,1.02816,0,0,2.82995,1.80179,1.028160,1,0,96.2109,0,0,0,96.2109,0
72.29,2.2341,0,0,2.97481,0.329531,0.411185,3.6288,61.308,0.255165,0,0,0.876951,0.188189,0.433597,0.66528,12.849,1,0.397094,0.411185,0,101.598,3.77029,97.8416,0.84672,12.849,0.84672,3695.15,0,18.483,0.0384634,1.76551,1.56764,7.2016,0.932352,9.56392,0.42336,9.2415,0.21168,9.2415,0.21168,442.007,0,1.02816,0,0,2.79367,1.76551,1.028160,1,0,107.839,0,0,0,107.839,0
71.6795,2.30435,0,0,2.35335,0.296653,0.36288,3.6288,61.308,0.292441,0,0,0.771336,0.176014,0.302881,0.66528,12.849,1,0.40958,0.36288,0,75.2734,3.86578,71.3609,0.84672,12.849,0.84672,3695.15,0,18.483,0.0440822,1.05629,1.56782,6.01575,0.945929,7.64985,0.42336,9.2415,0.21168,9.2415,0.21168,442.007,0,1.02816,0,0,2.08445,1.05629,1.028160,1,0,79.3137,0,0,0,79.3137,0
72.0688,2.30002,0,0,3.34748,0.295279,0.36288,3.6288,61.308,0.292571,0,0,1.23568,0.176014,0.76709,0.66528,12.849,1,0.412292,0.36288,0,88.2395,3.86578,84.3243,0.84672,12.849,0.84672,3695.15,0,18.483,0.0441019,1.50069,1.61815,5.98612,0.945929,8.11493,0.42336,9.2415,0.21168,9.2415,0.21168,442.007,0,1.02816,0,0,2.52885,1.50069,1.028160,1,0,93.2063,0,0,0,93.2063,0
72.29,2.3032,0,0,7.46433,0.296155,4.64375,3.6288,61.308,0.292702,0,0,1.6379,0.176014,1.16919,0.66528,12.849,1,0.410633,4.64375,0,98.2748,3.86578,98.6422,0.84672,12.849,0.84672,3695.15,0,18.483,0.0441216,2.39247,1.61833,7.83683,0.945929,10.8576,0.42336,9.2415,0.21168,9.2415,0.21168,442.007,0,1.02816,0,0,3.42063,2.39247,1.028160,1,0,110.669,0,0,0,110.669,0
72.29,2.30511,0,0,10.1833,0.261162,7.61701,3.6288,61.308,0.292832,0,0,2.05597,0.162073,1.60107,0.66528,12.849,1,0.409716,7.61701,0,137.332,3.70727,140.832,0.84672,12.849,0.84672,3695.15,0,18.483,0.0441412,2.90686,1.61851,13.9563,0.932096,17.5054,0.42336,9.2415,0.21168,9.2415,0.21168,442.007,0,1.02816,0,0,3.93502,2.90686,1.028160,1,0,159.938,0,0,0,159.938,0
72.29,2.53022,0,0,9.89496,0.280163,7.08458,3.6288,61.308,0.432463,0,0,1.65556,0.187977,1.03512,0.66528,12.849,1,0.449728,7.08458,0,201.209,3.71542,204.129,0.84672,12.849,0.84672,3695.15,0,18.483,0.065189,2.49179,1.61868,11.0827,0.961797,14.1662,0.42336,9.2415,0.21168,9.2415,0.21168,442.007,0,1.02816,0,0,3.51995,2.49179,1.028160,1,0,219.33,0,0,0,219.33,0
72.29,2.5305,0,0,7.45986,0.298411,4.63095,3.6288,61.308,0.432609,0,0,1.31678,0.202521,0.68165,0.66528,12.849,1,0.449777,4.63095,0,168.727,3.76624,169.142,0.84672,12.849,0.84672,3695.15,0,18.483,0.065211,1.75821,1.7979,9.44257,0.977827,11.9556,0.42336,9.2415,0.21168,9.2415,0.21168,442.007,0,1.02816,0,0,2.78637,1.75821,1.028160,1,0,181.779,0,0,0,181.779,0
72.29,2.53078,0,0,11.1167,0.295813,8.29006,3.6288,61.308,0.432755,0,0,2.0147,0.208053,1.37389,0.66528,12.849,1,0.449827,8.29006,0,234.592,3.89729,238.535,0.84672,12.849,0.84672,3695.15,0,18.483,0.065233,3.2009,1.7981,15.7833,1.01882,19.6982,0.42336,9.2415,0.21168,9.2415,0.21168,442.007,0,1.02816,0,0,4.22906,3.2009,1.028160,1,0,259.608,0,0,0,259.608,0
72.29,2.53106,0,0,11.3338,0.282575,8.52015,3.6288,61.308,0.432901,0,0,2.44292,0.226325,1.78369,0.66528,12.849,1,0.449876,8.52015,0,222.941,4.46882,226.542,0.84672,12.849,0.84672,3695.15,0,18.483,0.065255,4.15302,1.7983,20.8586,1.17062,25.574,0.42336,9.2415,0.21168,9.2415,0.21168,442.007,0,1.02816,0,0,5.18118,4.15302,1.028160,1,0,253.9,0,0,0,253.9,0
72.29,2.21047,0,0,7.18643,0.316707,4.65925,3.6288,61.308,0.245753,0,0,2.09564,0.225059,1.62483,0.66528,12.849,1,0.392895,4.65925,0,300.308,4.12412,300.451,0.84672,12.849,0.84672,3695.15,0,18.483,0.0370446,2.80853,1.79849,17.3016,1.02186,20.8497,0.42336,9.2415,0.21168,9.2415,0.21168,442.007,0,1.02816,0,0,3.83669,2.80853,1.028160,1,0,322.925,0,0,0,322.925,0
72.29,2.21072,0,0,6.02237,0.328015,3.48364,3.6288,61.308,0.245879,0,0,0.970756,0.239477,0.4854,0.66528,12.849,1,0.392938,3.48364,0,241.076,4.20094,239.966,0.84672,12.849,0.84672,3695.15,0,18.483,0.0370635,1.68049,1.55367,12.5434,1.05654,14.6839,0.42336,9.2415,0.21168,9.2415,0.21168,442.007,0,1.02816,0,0,2.70865,1.68049,1.028160,1,0,255.135,0,0,0,255.135,0
72.29,2.21096,0,0,8.88926,0.328015,6.35029,3.6288,61.308,0.246004,0,0,2.26331,0.239477,1.77783,0.66528,12.849,1,0.392981,6.35029,0,244.286,4.20094,246.043,0.84672,12.849,0.84672,3695.15,0,18.483,0.0370824,4.15165,1.55384,18.1381,1.05654,22.75,0.42336,9.2415,0.21168,9.2415,0.21168,442.007,0,1.02816,0,0,5.17981,4.15165,1.028160,1,0,270.571,0,0,0,270.571,0
72.29,2.2112,0,0,10.6879,0.328814,8.14784,3.6288,61.308,0.246129,0,0,2.452,0.205413,2.00046,0.66528,12.849,1,0.393024,8.14784,0,248.169,4.04466,251.879,0.84672,12.849,0.84672,3695.15,0,18.483,0.0371013,3.45215,1.55402,20.4413,1.00022,24.4101,0.42336,9.2415,0.21168,9.2415,0.21168,442.007,0,1.02816,0,0,4.48031,3.45215,1.028160,1,0,278.29,0,0,0,278.29,0
72.29,2.21144,0,0,6.68485,0.33902,4.13438,3.6288,61.308,0.246255,0,0,1.26762,0.174183,0.84718,0.66528,12.849,1,0.393068,4.13438,0,162.311,3.89514,162.157,0.84672,12.849,0.84672,3695.15,0,18.483,0.0371201,1.97533,1.55419,11.9099,0.953863,14.4484,0.42336,9.2415,0.21168,9.2415,0.21168,442.007,0,1.02816,0,0,3.00349,1.97533,1.028160,1,0,177.453,0,0,0,177.453,0
72.29,2.2925,0,0,6.59712,0.361873,3.94275,3.6288,61.308,0.292224,0,0,2.45132,0.209655,1.94944,0.66528,12.849,1,0.407474,3.94275,0,171.216,4.04229,170.709,0.84672,12.849,0.84672,3695.15,0,18.483,0.0440495,3.9285,1.55436,20.3228,1.02573,24.7359,0.42336,9.2415,0.21168,9.2415,0.21168,442.007,0,1.02816,0,0,4.95666,3.9285,1.028160,1,0,197.395,0,0,0,197.395,0
72.29,2.29275,0,0,4.61841,0.361873,1.96378,3.6288,61.308,0.292355,0,0,0.998309,0.209655,0.496299,0.66528,12.849,1,0.407519,1.96378,0,114.826,4.04229,112.34,0.84672,12.849,0.84672,3695.15,0,18.483,0.0440692,1.58547,1.61506,8.68933,1.02573,10.8201,0.42336,9.2415,0.21168,9.2415,0.21168,442.007,0,1.02816,0,0,2.61363,1.58547,1.028160,1,0,123.657,0,0,0,123.657,0
72.29,2.293,0,0,4.28714,0.34518,1.64896,3.6288,61.308,0.292485,0,0,0.86889,0.220613,0.355792,0.66528,12.849,1,0.407564,1.64896,0,109.961,4.25823,106.944,0.84672,12.849,0.84672,3695.15,0,18.483,0.0440889,1.26435,1.61524,7.69928,1.06556,9.46922,0.42336,9.2415,0.21168,9.2415,0.21168,442.007,0,1.02816,0,0,2.29251,1.26435,1.028160,1,0,116.769,0,0,0,116.769,0
72.29,2.29326,0,0,3.79373,0.303446,1.19703,3.6288,61.308,0.292615,0,0,0.763612,0.248009,0.222987,0.66528,12.849,1,0.407609,1.19703,0,103.086,4.79808,99.0769,0.84672,12.849,0.84672,3695.15,0,18.483,0.0441085,0.868553,1.61541,6.76624,1.16514,8.04096,0.42336,9.2415,0.21168,9.2415,0.21168,442.007,0,1.02816,0,0,1.89671,0.868553,1.028160,1,0,107.341,0,0,0,107.341,0
72.29,2.2619,0,0,4.08525,0.277632,1.54572,3.6288,61.308,0.274933,0,0,1.00909,0.22128,0.512879,0.66528,12.849,1,0.402035,1.54572,0,98.0122,4.43995,94.7159,0.84672,12.849,0.84672,3695.15,0,18.483,0.041443,1.62101,1.61559,7.22952,1.10679,9.31789,0.42336,9.2415,0.21168,9.2415,0.21168,442.007,0,1.02816,0,0,2.64917,1.62101,1.028160,1,0,104.547,0,0,0,104.547,0
72.29,2.26215,0,0,3.86593,0.268217,1.33557,3.6288,61.308,0.275061,0,0,0.942961,0.2244,0.4435,0.66528,12.849,1,0.402079,1.33557,0,91.9806,4.46775,88.4463,0.84672,12.849,0.84672,3695.15,0,18.483,0.0414624,1.54409,1.5922,6.69816,1.10873,8.68425,0.42336,9.2415,0.21168,9.2415,0.21168,442.007,0,1.02816,0,0,2.57225,1.54409,1.028160,1,0,97.5741,0,0,0,97.5741,0
72.29,2.26239,0,0,3.57681,0.268217,1.0462,3.6288,61.308,0.27519,0,0,1.02552,0.2244,0.525927,0.66528,12.849,1,0.402124,1.0462,0,83.6654,4.46775,79.8418,0.84672,12.849,0.84672,3695.15,0,18.483,0.0414818,1.78278,1.59237,6.91373,1.10873,9.13866,0.42336,9.2415,0.21168,9.2415,0.21168,442.007,0,1.02816,0,0,2.81094,1.78278,1.028160,1,0,89.5064,0,0,0,89.5064,0
72.29,2.26264,0,0,3.3844,0.279076,0.842681,3.6288,61.308,0.275318,0,0,1.10303,0.201118,0.626589,0.66528,12.849,1,0.402168,0.842681,0,78.3199,4.24641,74.514,0.84672,12.849,0.84672,3695.15,0,18.483,0.0415012,1.88824,1.59255,7.50185,1.02662,9.91452,0.42336,9.2415,0.21168,9.2415,0.21168,442.007,0,1.02816,0,0,2.9164,1.88824,1.028160,1,0,85.0551,0,0,0,85.0551,0
72.29,2.37024,0,0,3.17649,0.2241,0.582151,3.6288,61.308,0.338645,0,0,0.898482,0.191112,0.368725,0.66528,12.849,1,0.421292,0.582151,0,68.3977,4.53663,64.0219,0.84672,12.849,0.84672,3695.15,0,18.483,0.051047,1.31039,1.59272,6.19442,0.948984,8.09751,0.42336,9.2415,0.21168,9.2415,0.21168,442.007,0,1.02816,0,0,2.33855,1.31039,1.028160,1,0,72.4882,0,0,0,72.4882,0
72.29,2.3705,0,0,3.03026,0.19022,0.469537,3.6288,61.308,0.338781,0,0,0.863646,0.217405,0.30746,0.66528,12.849,1,0.421338,0.469537,0,62.7264,5.03706,57.7375,0.84672,12.849,0.84672,3695.15,0,18.483,0.0510674,1.17305,1.67535,5.71249,1.01812,7.49171,0.42336,9.2415,0.21168,9.2415,0.21168,442.007,0,1.02816,0,0,2.20121,1.17305,1.028160,1,0,65.5367,0,0,0,65.5367,0
72.2371,2.37076,0,0,2.87583,0.195138,0.36288,3.6288,61.308,0.338916,0,0,0.849986,0.216088,0.294982,0.66528,12.849,1,0.421384,0.36288,0,60.0861,4.95244,55.0752,0.84672,12.849,0.84672,3695.15,0,18.483,0.0510878,1.35276,1.67553,5.34735,1.02138,7.30317,0.42336,9.2415,0.21168,9.2415,0.21168,442.007,0,1.02816,0,0,2.38092,1.35276,1.028160,1,0,62.6733,0,0,0,62.6733,0
71.9596,2.37061,0,0,2.66949,0.213445,0.36288,3.6288,61.308,0.339052,0,0,0.816955,0.212338,0.265565,0.66528,12.849,1,0.421667,0.36288,0,55.6155,4.47681,51.0799,0.84672,12.849,0.84672,3695.15,0,18.483,0.0511083,1.27319,1.67572,4.97396,1.05049,6.82127,0.42336,9.2415,0.21168,9.2415,0.21168,442.007,0,1.02816,0,0,2.30135,1.27319,1.028160,1,0,58.1667,0,0,0,58.1667,0
71.6615,2.36873,0,0,2.57533,0.141813,0.36288,3.6288,61.308,0.339187,0,0,0.759065,0.245284,0.174594,0.66528,12.849,1,0.422958,0.36288,0,49.5774,4.74579,44.7715,0.84672,12.849,0.84672,3695.15,0,18.483,0.0511287,1.01722,1.6759,4.94751,1.11655,6.47295,0.42336,9.2415,0.21168,9.2415,0.21168,442.007,0,1.02816,0,0,2.04538,1.01722,1.028160,1,0,51.419,0,0,0,51.419,0
71.4357,2.34549,0,0,2.61233,0.129792,0.36288,3.6288,61.2524,0.374077,0,0,0.583832,0.265384,0,0.66528,12.849,1,0.420549,0.36288,0,42.6834,4.93742,37.6883,0.84672,12.849,0.84672,3695.15,0,18.483,0.0563879,0.343449,1.67609,4.60606,1.13889,5.43032,0.42336,9.2415,0.21168,9.2415,0.21168,442.007,0,1.02816,0,0,1.37161,0.343449,1.028160,1,0,43.1186,0,0,0,43.1186,0
71.0948,2.344,0,0,2.49082,0.124815,0.36288,3.6288,61.1695,0.374172,0,0,0.564369,0.27306,0,0.66528,12.849,1,0.42161,0.36288,0,41.0965,5.046,35.9918,0.84672,12.849,0.84672,3695.15,0,18.483,0.0564534,0.327119,1.70197,4.40323,1.17564,5.20023,0.42336,9.2415,0.21168,9.2415,0.21168,442.007,0,1.02816,0,0,1.35528,0.327119,1.028160,1,0,41.192,0,0,0,41.192,0
70.6404,2.3416,0,0,2.35393,0.103858,0.36288,3.6288,61.0324,0.374245,0,0,0.541495,0.304376,0,0.66528,12.849,1,0.423199,0.36288,0,38.7157,5.71215,32.9432,0.84672,12.849,0.84672,3695.15,0,18.483,0.0565409,0.353575,1.70216,4.33142,1.35982,4.97079,0.42336,9.2415,0.21168,9.2415,0.21168,442.007,0,1.02816,0,0,1.38173,0.353575,1.028160,1,0,37.914,0,0,0,37.914,0
69.9824,2.3383,0,0,2.15253,0.109335,0.36288,3.6288,60.8923,0.374274,0,0,0.526988,0.292772,0,0.66528,12.849,1,0.42532,0.36288,0,38.6231,5.72313,32.8376,0.84672,12.849,0.84672,3695.15,0,18.483,0.0566724,0.303083,1.70235,4.09225,1.33259,4.70842,0.42336,9.2415,0.21168,9.2415,0.21168,442.007,0,1.02816,0,0,1.33124,0.303083,1.028160,1,0,37.546,0,0,0,37.546,0
69.167,2.38778,0,0,2.03348,0.0982149,0.36288,3.6288,60.4055,0.564764,0,0,0.38756,0.309614,0,0.66528,12.849,1,0.438405,0.36288,0,37.6522,5.81151,31.7651,0.84672,12.849,0.84672,3695.15,0,18.483,0.085713,0.261274,1.70253,3.74377,1.4311,4.19077,0.42336,9.2415,0.21168,9.2415,0.21168,442.007,0,0.844448,0,0,1.10572,0.261274,1.028160,1,0,35.9559,0,0,0,35.9559,0
68.1715,2.38131,0,0,1.84448,0.0958463,0.36288,3.6288,59.8557,0.543685,0,0,0.305409,0.3115,0,0.66528,12.849,1,0.44237,0.36288,0,31.083,5.82624,25.1773,0.84672,12.849,0.84672,3695.15,0,18.483,0.0831789,0.261274,1.7437,3.67847,1.44752,4.15274,0.42336,9.2415,0.21168,9.2415,0.21168,442.007,0,0.868225,0,0,1.1295,0.261274,1.028160,1,0,29.33,0,0,0,29.33,0
67.0456,2.37318,0,0,1.70534,0.0951047,0.36288,3.6288,59.1956,0.632904,0,0,0.283224,0.310412,0,0.66528,12.849,1,0.447299,0.36288,0,29.8058,5.82624,23.8952,0.84672,12.849,0.84672,3695.15,0,18.483,0.097718,0.227405,1.74389,3.19842,1.44752,3.62447,0.42336,9.2415,0.21168,9.2415,0.21168,442.007,0,0.764631,0,0,0.992036,0.227405,1.028160,1,0,27.5197,0,0,0,27.5197,0
65.9727,2.36373,0,0,1.74323,0.0895609,0.36288,3.6288,58.6822,0.516313,0,0,0.314531,0.31166,0,0.66528,12.849,1,0.452998,0.36288,0,28.3485,5.90101,22.3574,0.84672,12.849,0.84672,3695.15,0,18.483,0.0806056,0.227405,1.74408,3.95618,1.46246,4.3846,0.42336,9.2415,0.21168,9.2415,0.21168,442.007,0,0.8985,0,0,1.1259,0.227405,1.028160,1,0,26.742,0,0,0,26.742,0
64.8998,2.51175,0,0,1.87935,0.0776378,0.36288,3.6288,58.0424,0.646691,0,0,0.304976,0.298133,0,0.66528,12.849,1,0.489194,0.36288,0,29.714,6.12913,23.4585,0.84672,12.849,0.84672,3695.15,0,18.483,0.101843,0.227405,1.74427,4.13617,1.50126,4.50474,0.42336,9.2415,0.21168,9.2415,0.21168,442.007,0,0.875811,0,0,1.10322,0.227405,1.028160,1,0,27.9633,0,0,0,27.9633,0
64.1476,2.50165,0,0,2.18533,0.0729986,0.36288,3.6288,57.5026,0.560171,0,0,0.334226,0.313786,0,0.66528,12.849,1,0.495282,0.36288,0,37.7637,6.29948,31.3318,0.84672,12.849,0.84672,3695.15,0,18.483,0.0891905,0.227405,1.88328,3.84216,1.49613,4.36753,0.42336,9.2415,0.21168,9.2415,0.21168,442.007,0,0.975162,0,0,1.20257,0.227405,1.028160,1,0,35.6994,0,0,0,35.6994,0
62.9504,2.49449,0,0,1.73274,0.0725572,0.36288,3.6288,56.6431,0.797735,0,0,0.250865,0.312693,0,0.66528,12.849,1,0.499657,0.36288,0,41.466,6.29948,35.0298,0.84672,12.849,0.84672,3695.15,0,18.483,0.128208,0.204422,1.88349,3.08496,1.49613,3.54853,0.42336,9.2415,0.21168,9.2415,0.21168,442.007,0,0.69876,0,0,0.903182,0.204422,1.028160,1,0,38.5783,0,0,0,38.5783,0
62.1391,2.48267,0,0,2.10607,0.0718547,0.36288,3.6288,56.2224,0.51302,0,0,0.40332,0.310952,0,0.66528,12.849,1,0.506746,0.36288,0,36.1459,6.29948,29.7025,0.84672,12.849,0.84672,3695.15,0,18.483,0.083701,0.469282,1.8837,4.445,1.49613,5.21815,0.42336,9.2415,0.21168,9.2415,0.21168,442.007,0,1.02816,0,0,1.49744,0.469282,1.028160,1,0,34.9207,0,0,0,34.9207,0
60.8133,2.47455,0,0,1.5842,0.0724746,0.36288,3.6288,55.5617,0.645593,0,0,0.27151,0.286611,0,0.66528,12.849,1,0.511684,0.36288,0,31.211,5.69982,25.3623,0.84672,12.849,0.84672,3695.15,0,18.483,0.106119,0.204422,1.8839,4.14052,1.26857,4.85416,0.42336,9.2415,0.21168,9.2415,0.21168,442.007,0,0.873348,0,0,1.07777,0.204422,1.028160,1,0,30.2165,0,0,0,30.2165,0
60.4661,2.38568,0,0,2.45524,0.0538697,0.36288,3.6288,55.1537,0.444885,0,0,0.321402,0.284575,0,0.66528,12.849,1,0.50406,0.36288,0,37.6841,5.98364,31.5592,0.84672,12.849,0.84672,3695.15,0,18.483,0.073997,0.811996,1.88411,5.11603,1.41429,6.32385,0.42336,9.2415,0.21168,9.2415,0.21168,442.007,0,1.02816,0,0,1.84016,0.811996,1.028160,1,0,37.8831,0,0,0,37.8831,0
58.7707,2.3823,0,0,1.1034,0.0537142,0.36288,3.6288,54.4059,0.651992,0,0,0.188082,0.283813,0,0.66528,12.849,1,0.506235,0.36288,0,32.3613,5.98364,26.2343,0.84672,12.849,0.84672,3695.15,0,18.483,0.109247,0.216518,1.80472,2.76567,1.41429,3.26338,0.42336,9.2415,0.21168,9.2415,0.21168,442.007,0,0.785972,0,0,1.00249,0.216518,1.028160,1,0,29.4977,0,0,0,29.4977,0
57.2393,2.36431,0,0,1.24864,0.0528569,0.36288,3.6288,53.6428,0.701149,0,0,0.220472,0.282417,0,0.66528,12.849,1,0.516907,0.36288,0,25.9782,5.98364,19.8406,0.84672,12.849,0.84672,3695.15,0,18.483,0.119099,0.216518,1.80492,3.07975,1.41429,3.5678,0.42336,9.2415,0.21168,9.2415,0.21168,442.007,0,0.727134,0,0,0.943652,0.216518,1.028160,1,0,23.4084,0,0,0,23.4084,0
57.947,2.34741,0,0,3.58298,0.164964,0.36288,3.6288,53.3103,0.443062,0,0,0.405231,0.294658,0,0.66528,12.849,1,0.526943,0.36288,0,43.1078,5.2377,37.706,0.84672,12.849,0.84672,3695.15,0,18.483,0.07633,1.40905,1.80512,6.8748,1.24232,8.77031,0.42336,9.2415,0.21168,9.2415,0.21168,442.007,0,1.02816,0,0,2.43721,1.40905,1.028160,1,0,46.4764,0,0,0,46.4764,0
59.1888,2.29483,0,0,4.09844,0.198916,0.36288,3.6288,53.3417,0.382111,0,0,0.633981,0.220526,0,0.66528,12.849,1,0.508848,0.36288,0,72.1346,4.33947,67.6491,0.84672,12.849,0.84672,3695.15,0,18.483,0.0662401,1.32308,1.80532,7.03165,1.07192,9.02188,0.42336,9.2415,0.21168,9.2415,0.21168,442.007,0,1.02816,0,0,2.35124,1.32308,1.028160,1,0,76.671,0,0,0,76.671,0
61.405,2.30845,0,0,5.1055,0.218026,0.36288,3.6288,53.5744,0.382283,0,0,0.804116,0.189168,0,0.66528,12.849,1,0.501129,0.36288,0,80.2677,3.94569,76.1837,0.84672,12.849,0.84672,3695.15,0,18.483,0.0662309,2.0302,1.73475,9.32913,1.00255,12.0253,0.42336,9.2415,0.21168,9.2415,0.21168,442.007,0,1.02816,0,0,3.05836,2.0302,1.028160,1,0,88.209,0,0,0,88.209,0
64.4931,2.33157,0,0,6.00498,0.222396,0.36288,3.6288,54.3173,0.382667,0,0,1.3151,0.18952,0,0.66528,12.849,1,0.487881,0.36288,0,94.6175,3.94569,90.5468,0.84672,12.849,0.84672,3695.15,0,18.483,0.0660095,3.02889,1.73494,11.5698,1.00255,15.2651,0.42336,9.2415,0.21168,9.2415,0.21168,442.007,0,1.02816,0,0,4.05705,3.02889,1.028160,1,0,105.812,0,0,0,105.812,0
67.4734,2.36175,0,0,5.94226,0.237307,0.36288,3.6288,54.8256,0.383577,0,0,1.06192,0.169987,0,0.66528,12.849,1,0.470532,0.36288,0,94.8076,3.95583,90.7441,0.84672,12.849,0.84672,3695.15,0,18.483,0.0652615,2.77557,1.73513,12.9631,1.06571,16.3428,0.42336,9.2415,0.21168,9.2415,0.21168,442.007,0,1.02816,0,0,3.80373,2.77557,1.028160,1,0,107.087,0,0,0,107.087,0
68.412,2.20901,0,0,3.80635,0.29592,0.36288,3.6288,55.0084,0.257261,0,0,0.626702,0.186644,0,0.66528,12.849,1,0.420664,0.36288,0,62.2158,4.20068,57.9573,0.84672,12.849,0.84672,3695.15,0,18.483,0.0433644,1.55341,1.73532,8.23726,1.09785,10.3848,0.42336,9.2415,0.21168,9.2415,0.21168,442.007,0,1.02816,0,0,2.58157,1.55341,1.028160,1,0,68.3421,0,0,0,68.3421,0
68.6988,2.21676,0,0,3.17097,0.304461,0.36288,3.6288,55.0095,0.257509,0,0,0.464984,0.206428,0,0.66528,12.849,1,0.416347,0.36288,0,62.6501,4.38732,58.2093,0.84672,12.849,0.84672,3695.15,0,18.483,0.043262,3.1597,1.57612,10.0201,1.17954,13.5331,0.42336,9.2415,0.21168,9.2415,0.21168,442.007,0,1.02816,0,0,4.18786,3.1597,1.028160,1,0,71.7424,0,0,0,71.7424,0
72.29,2.21926,0,0,6.59606,0.305144,0.480484,3.6288,55.3471,0.257635,0,0,0.801665,0.206429,0,0.66528,12.849,1,0.415077,0.480484,0,138.612,4.38732,134.29,0.84672,12.849,0.84672,3695.15,0,18.483,0.0432823,2.35535,1.57629,17.7658,1.17954,20.4747,0.42336,9.2415,0.21168,9.2415,0.21168,442.007,0,1.02816,0,0,3.38351,2.35535,1.028160,1,0,154.765,0,0,0,154.765,0
72.29,2.24666,0,0,18.1583,0.301403,15.6102,3.6288,58.1608,0.257987,0,0,3.26964,0.197937,0,0.66528,12.849,1,0.399327,15.6102,0,358.66,4.06575,369.805,0.84672,12.849,0.84672,3695.15,0,18.483,0.043077,2.93759,1.57647,25.9038,1.13937,29.2355,0.42336,9.2415,0.21168,9.2415,0.21168,442.007,0,1.02816,0,0,3.96575,2.93759,1.028160,1,0,399.041,0,0,0,399.041,0
72.29,2.24691,0,0,6.43208,0.254145,3.93103,3.6288,58.3814,0.259911,0,0,0.68992,0.209415,0,0.66528,12.849,1,0.399371,3.93103,0,131.39,3.50343,131.418,0.84672,12.849,0.84672,3695.15,0,18.483,0.0412988,2.99705,1.57664,11.4495,0.921779,15.0601,0.42336,9.2415,0.21168,9.2415,0.21168,442.007,0,1.02816,0,0,4.02521,2.99705,1.028160,1,0,146.479,0,0,0,146.479,0
72.29,2.31755,0,0,5.15691,0.278991,2.56037,3.6288,58.707,0.297282,0,0,0.87855,0.255669,0,0.66528,12.849,1,0.411927,2.56037,0,101.702,5.34565,98.5051,0.84672,12.849,0.84672,3695.15,0,18.483,0.0470584,1.21518,1.57681,7.91368,1.47583,9.18279,0.42336,9.2415,0.21168,9.2415,0.21168,442.007,0,1.02816,0,0,2.24334,1.21518,1.028160,1,0,107.688,0,0,0,107.688,0
72.29,2.31779,0,0,5.14096,0.278991,2.54418,3.6288,59.3731,0.297629,0,0,1.21992,0.256205,0,0.66528,12.849,1,0.411969,2.54418,0,100.92,5.34565,97.7069,0.84672,12.849,0.84672,3695.15,0,18.483,0.0468521,1.67952,1.62742,7.37052,1.47583,9.15478,0.42336,9.2415,0.21168,9.2415,0.21168,442.007,0,1.02816,0,0,2.70768,1.67952,1.028160,1,0,106.862,0,0,0,106.862,0
72.29,2.31802,0,0,5.24328,0.278991,2.64626,3.6288,59.7339,0.298206,0,0,0.916298,0.257302,0,0.66528,12.849,1,0.412011,2.64626,0,102.559,5.34565,99.448,0.84672,12.849,0.84672,3695.15,0,18.483,0.0464163,1.31323,1.62759,6.40426,1.47583,7.82283,0.42336,9.2415,0.21168,9.2415,0.21168,442.007,0,1.02816,0,0,2.34139,1.31323,1.028160,1,0,107.271,0,0,0,107.271,0
72.29,2.31826,0,0,4.15903,0.278991,1.56178,3.6288,60.0598,0.298571,0,0,0.882412,0.257896,0,0.66528,12.849,1,0.412054,1.56178,0,97.1646,5.34565,92.9686,0.84672,12.849,0.84672,3695.15,0,18.483,0.0461924,0.990472,1.62775,4.74103,1.47583,5.83723,0.42336,9.2415,0.21168,9.2415,0.21168,442.007,0,1.02816,0,0,2.01863,0.990472,1.028160,1,0,98.8059,0,0,0,98.8059,0
72.29,2.54464,0,0,4.1861,0.333191,1.30826,3.6288,60.433,0.438825,0,0,1.05182,0.239745,0,0.66528,12.849,1,0.452291,1.30826,0,125.226,3.94331,122.139,0.84672,12.849,0.84672,3695.15,0,18.483,0.0675228,1.24111,1.62792,5.85382,1.12514,7.53018,0.42336,9.2415,0.21168,9.2415,0.21168,442.007,0,1.02816,0,0,2.26927,1.24111,1.028160,1,0,129.669,0,0,0,129.669,0
72.29,2.5449,0,0,4.38167,0.299158,1.53761,3.6288,61.0824,0.439324,0,0,1.34,0.251314,0,0.66528,12.849,1,0.452337,1.53761,0,136.146,4.01121,133.22,0.84672,12.849,0.84672,3695.15,0,18.483,0.067182,1.60849,1.80815,7.57806,1.17976,9.74776,0.42336,9.2415,0.21168,9.2415,0.21168,442.007,0,1.02816,0,0,2.63665,1.60849,1.028160,1,0,142.967,0,0,0,142.967,0
72.29,2.54517,0,0,5.19823,0.299158,2.35391,3.6288,61.308,0.440081,0,0,1.41878,0.252351,0.500757,0.66528,12.849,1,0.452384,2.35391,0,130.797,4.01121,128.687,0.84672,12.849,0.84672,3695.15,0,18.483,0.0665824,1.76949,1.80833,7.96055,1.17976,10.292,0.42336,9.2415,0.21168,9.2415,0.21168,442.007,0,1.02816,0,0,2.79765,1.76949,1.028160,1,0,139.48,0,0,0,139.48,0
72.29,2.54543,0,0,5.22326,0.29909,2.37874,3.6288,61.308,0.440431,0,0,1.3049,0.244875,0.619593,0.66528,12.849,1,0.45243,2.37874,0,135.416,3.94537,133.397,0.84672,12.849,0.84672,3695.15,0,18.483,0.0663901,1.61882,1.80852,7.2989,1.14799,9.51186,0.42336,9.2415,0.21168,9.2415,0.21168,442.007,0,1.02816,0,0,2.64698,1.61882,1.028160,1,0,143.529,0,0,0,143.529,0
72.29,2.22301,0,0,5.17056,0.308209,2.63934,3.6288,61.308,0.252213,0,0,1.14572,0.195719,0.697784,0.66528,12.849,1,0.395123,2.63934,0,116.372,2.78542,115.831,0.84672,12.849,0.84672,3695.15,0,18.483,0.0380183,1.27627,1.80871,6.03263,0.823924,8.25566,0.42336,9.2415,0.21168,9.2415,0.21168,442.007,0,1.02816,0,0,2.30443,1.27627,1.028160,1,0,124.784,0,0,0,124.784,0
72.29,2.22323,0,0,5.14136,0.315353,2.60277,3.6288,61.308,0.252331,0,0,1.20928,0.194117,0.762833,0.66528,12.849,1,0.395163,2.60277,0,137.553,2.21172,137.549,0.84672,12.849,0.84672,3695.15,0,18.483,0.0380361,1.19911,1.56248,5.97685,0.72384,7.97657,0.42336,9.2415,0.21168,9.2415,0.21168,442.007,0,1.02816,0,0,2.22727,1.19911,1.028160,1,0,146.288,0,0,0,146.288,0
72.29,2.22346,0,0,7.48971,0.315353,4.95089,3.6288,61.308,0.252449,0,0,2.03072,0.194117,1.58415,0.66528,12.849,1,0.395204,4.95089,0,204.836,2.21172,207.18,0.84672,12.849,0.84672,3695.15,0,18.483,0.0380538,3.16228,1.56264,12.0442,0.72384,16.0072,0.42336,9.2415,0.21168,9.2415,0.21168,442.007,0,1.02816,0,0,4.19044,3.16228,1.028160,1,0,224.772,0,0,0,224.772,0
72.29,2.22369,0,0,5.87263,0.319111,3.32982,3.6288,61.308,0.252566,0,0,1.5049,0.240012,1.01232,0.66528,12.849,1,0.395244,3.32982,0,177.238,3.51105,176.661,0.84672,12.849,0.84672,3695.15,0,18.483,0.0380716,2.19748,1.5628,8.93471,0.923937,11.733,0.42336,9.2415,0.21168,9.2415,0.21168,442.007,0,1.02816,0,0,3.22564,2.19748,1.028160,1,0,189.406,0,0,0,189.406,0
72.29,2.22392,0,0,5.40226,0.323018,2.85532,3.6288,61.308,0.252684,0,0,1.37862,0.237076,0.888856,0.66528,12.849,1,0.395285,2.85532,0,154.488,3.70333,153.245,0.84672,12.849,0.84672,3695.15,0,18.483,0.0380893,1.46329,1.56297,6.43825,0.929169,8.49725,0.42336,9.2415,0.21168,9.2415,0.21168,442.007,0,1.02816,0,0,2.49145,1.46329,1.028160,1,0,162.631,0,0,0,162.631,0
72.29,2.30541,0,0,8.91786,0.342699,6.26975,3.6288,61.308,0.298904,0,0,2.74933,0.173566,2.27686,0.66528,12.849,1,0.40977,6.26975,0,161.883,3.55771,164.186,0.84672,12.849,0.84672,3695.15,0,18.483,0.0450565,2.71318,1.56313,13.3501,0.760466,16.8209,0.42336,9.2415,0.21168,9.2415,0.21168,442.007,0,1.02816,0,0,3.74134,2.71318,1.028160,1,0,183.283,0,0,0,183.283,0
72.29,2.30565,0,0,7.00436,0.342699,4.35601,3.6288,61.308,0.299027,0,0,2.28961,0.173566,1.81702,0.66528,12.849,1,0.409812,4.35601,0,189.314,3.55771,189.703,0.84672,12.849,0.84672,3695.15,0,18.483,0.045075,2.82658,1.62416,9.84848,0.760466,13.4937,0.42336,9.2415,0.21168,9.2415,0.21168,442.007,0,1.02816,0,0,3.85474,2.82658,1.028160,1,0,205.014,0,0,0,205.014,0
72.29,2.30589,0,0,5.39354,0.31621,2.77144,3.6288,61.308,0.299149,0,0,1.6058,0.136033,1.17062,0.66528,12.849,1,0.409854,2.77144,0,133.653,2.39011,133.624,0.84672,12.849,0.84672,3695.15,0,18.483,0.0450935,1.82461,1.62432,7.64104,0.614946,10.4299,0.42336,9.2415,0.21168,9.2415,0.21168,442.007,0,1.02816,0,0,2.85277,1.82461,1.028160,1,0,145.225,0,0,0,145.225,0
72.29,2.30613,0,0,5.08526,0.258463,2.52067,3.6288,61.308,0.299272,0,0,1.46974,0.187336,0.983133,0.66528,12.849,1,0.409896,2.52067,0,118.413,2.93874,117.585,0.84672,12.849,0.84672,3695.15,0,18.483,0.0451119,1.68249,1.62449,6.16767,0.798613,8.63093,0.42336,9.2415,0.21168,9.2415,0.21168,442.007,0,1.02816,0,0,2.71065,1.68249,1.028160,1,0,127.199,0,0,0,127.199,0
72.29,2.27457,0,0,4.80216,0.2936,2.23398,3.6288,61.308,0.281482,0,0,1.52802,0.178566,1.06797,0.66528,12.849,1,0.404288,2.23398,0,114.261,3.67079,112.419,0.84672,12.849,0.84672,3695.15,0,18.483,0.0424302,2.27195,1.62466,6.66059,0.906354,9.60842,0.42336,9.2415,0.21168,9.2415,0.21168,442.007,0,1.02816,0,0,3.30011,2.27195,1.028160,1,0,123.096,0,0,0,123.096,0
72.29,2.27481,0,0,4.3885,0.244535,1.86915,3.6288,61.308,0.281602,0,0,1.31709,0.195306,0.840182,0.66528,12.849,1,0.40433,1.86915,0,102.705,3.95493,100.214,0.84672,12.849,0.84672,3695.15,0,18.483,0.0424484,1.529,1.60112,6.23177,0.935632,8.38382,0.42336,9.2415,0.21168,9.2415,0.21168,442.007,0,1.02816,0,0,2.55716,1.529,1.028160,1,0,109.438,0,0,0,109.438,0
72.29,2.27504,0,0,4.15967,0.244535,1.64009,3.6288,61.308,0.281723,0,0,1.29295,0.195306,0.815921,0.66528,12.849,1,0.404372,1.64009,0,96.0872,3.95493,93.368,0.84672,12.849,0.84672,3695.15,0,18.483,0.0424666,1.40946,1.60129,5.88049,0.935632,7.91314,0.42336,9.2415,0.21168,9.2415,0.21168,442.007,0,1.02816,0,0,2.43762,1.40946,1.028160,1,0,102.097,0,0,0,102.097,0
72.29,2.27528,0,0,3.90038,0.244535,1.38057,3.6288,61.308,0.281844,0,0,1.55193,0.195306,1.07478,0.66528,12.849,1,0.404413,1.38057,0,88.9946,3.95493,86.0158,0.84672,12.849,0.84672,3695.15,0,18.483,0.0424848,1.85014,1.60145,6.71256,0.935632,9.18604,0.42336,9.2415,0.21168,9.2415,0.21168,442.007,0,1.02816,0,0,2.8783,1.85014,1.028160,1,0,96.2766,0,0,0,96.2766,0
72.29,2.38345,0,0,3.49996,0.226144,0.890362,3.6288,61.308,0.345515,0,0,1.25901,0.207556,0.705941,0.66528,12.849,1,0.423641,0.890362,0,78.6637,4.26114,74.8693,0.84672,12.849,0.84672,3695.15,0,18.483,0.0520826,1.31039,1.60162,5.73318,0.927155,7.66594,0.42336,9.2415,0.21168,9.2415,0.21168,442.007,0,1.02816,0,0,2.33855,1.31039,1.028160,1,0,83.2412,0,0,0,83.2412,0
72.29,2.3837,0,0,3.12418,0.188955,0.551527,3.6288,61.308,0.345643,0,0,1.02978,0.251051,0.433082,0.66528,12.849,1,0.423684,0.551527,0,66.541,4.92765,61.7412,0.84672,12.849,0.84672,3695.15,0,18.483,0.0521018,0.89157,1.68469,4.93403,1.01165,6.44653,0.42336,9.2415,0.21168,9.2415,0.21168,442.007,0,1.02816,0,0,1.91973,0.89157,1.028160,1,0,68.6208,0,0,0,68.6208,0
72.29,2.38394,0,0,3.08147,0.188955,0.508575,3.6288,61.308,0.34577,0,0,1.0328,0.251051,0.435979,0.66528,12.849,1,0.423728,0.508575,0,62.964,4.92765,58.1212,0.84672,12.849,0.84672,3695.15,0,18.483,0.052121,0.972985,1.68486,4.6974,1.01165,6.29148,0.42336,9.2415,0.21168,9.2415,0.21168,442.007,0,1.02816,0,0,2.00114,0.972985,1.028160,1,0,64.8487,0,0,0,64.8487,0
72.1034,2.38419,0,0,2.76413,0.203707,0.36288,3.6288,61.308,0.345897,0,0,0.984839,0.247101,0.391841,0.66528,12.849,1,0.423771,0.36288,0,59.4629,4.67381,54.7282,0.84672,12.849,0.84672,3695.15,0,18.483,0.0521402,0.984174,1.68504,4.32641,1.02145,5.92203,0.42336,9.2415,0.21168,9.2415,0.21168,442.007,0,1.02816,0,0,2.01233,0.984174,1.028160,1,0,61.0421,0,0,0,61.0421,0
71.7614,2.38299,0,0,2.59057,0.186623,0.36288,3.6288,61.308,0.346025,0,0,0.94227,0.257218,0.339027,0.66528,12.849,1,0.424655,0.36288,0,52.6584,4.5425,48.0541,0.84672,12.849,0.84672,3695.15,0,18.483,0.0521594,0.97689,1.68521,4.03301,1.09404,5.54892,0.42336,9.2415,0.21168,9.2415,0.21168,442.007,0,1.02816,0,0,2.00505,0.97689,1.028160,1,0,53.9421,0,0,0,53.9421,0
71.1596,2.35925,0,0,2.24333,0.123003,0.36288,3.6288,61.308,0.381098,0,0,0.761823,0.291414,0.089311,0.66528,12.849,1,0.422428,0.36288,0,35.6798,5.33663,30.2837,0.84672,12.849,0.84672,3695.15,0,18.483,0.0574464,0.678629,1.68538,3.41275,1.31794,4.40137,0.42336,9.2415,0.21168,9.2415,0.21168,442.007,0,1.02816,0,0,1.70679,0.678629,1.028160,1,0,34.7743,0,0,0,34.7743,0
70.4299,2.35481,0,0,2.11039,0.122439,0.36288,3.6288,61.308,0.38123,0,0,0.718649,0.291414,0.0460058,0.66528,12.849,1,0.425198,0.36288,0,35.4156,5.33663,30.0167,0.84672,12.849,0.84672,3695.15,0,18.483,0.0574661,0.565471,1.7114,3.56685,1.31794,4.46831,0.42336,9.2415,0.21168,9.2415,0.21168,442.007,0,1.02816,0,0,1.59363,0.565471,1.028160,1,0,34.531,0,0,0,34.531,0
69.5176,2.34928,0,0,1.92165,0.121755,0.36288,3.6288,61.308,0.38136,0,0,0.711383,0.291414,0.0386087,0.66528,12.849,1,0.428596,0.36288,0,35.1416,5.33663,29.7393,0.84672,12.849,0.84672,3695.15,0,18.483,0.0574859,0.56776,1.71158,3.43291,1.31794,4.33682,0.42336,9.2415,0.21168,9.2415,0.21168,442.007,0,1.02816,0,0,1.59592,0.56776,1.028160,1,0,34.1147,0,0,0,34.1147,0
68.4303,2.34219,0,0,1.73866,0.1209,0.36288,3.6288,61.2953,0.381492,0,0,0.660191,0.291414,0,0.66528,12.849,1,0.432908,0.36288,0,31.5575,5.33663,26.1509,0.84672,12.849,0.84672,3695.15,0,18.483,0.0575056,0.369783,1.71175,3.29247,1.31794,3.99856,0.42336,9.2415,0.21168,9.2415,0.21168,442.007,0,1.02816,0,0,1.39794,0.369783,1.028160,1,0,30.1494,0,0,0,30.1494,0
67.5239,2.38795,0,0,1.94022,0.0957874,0.36288,3.6288,61.288,0.412769,0,0,0.722883,0.317385,0,0.66528,12.849,1,0.448379,0.36288,0,32.6248,5.6982,26.8411,0.84672,12.849,0.84672,3695.15,0,18.483,0.0622333,0.546532,1.71193,3.30808,1.44083,4.06348,0.42336,9.2415,0.21168,9.2415,0.21168,442.007,0,1.02816,0,0,1.57469,0.546532,1.028160,1,0,30.9046,0,0,0,30.9046,0
66.5664,2.38039,0,0,1.8777,0.0919629,0.36288,3.6288,61.2725,0.412897,0,0,0.709759,0.312413,0,0.66528,12.849,1,0.452961,0.36288,0,32.1313,5.64522,26.396,0.84672,12.849,0.84672,3695.15,0,18.483,0.0622599,0.600653,1.75331,3.44582,1.41785,4.31967,0.42336,9.2415,0.21168,9.2415,0.21168,442.007,0,1.02816,0,0,1.62881,0.600653,1.028160,1,0,30.7157,0,0,0,30.7157,0
65.4402,2.37223,0,0,1.70015,0.0912697,0.36288,3.6288,61.2252,0.413017,0,0,0.678128,0.312382,0,0.66528,12.849,1,0.4579,0.36288,0,30.2613,5.64522,24.5211,0.84672,12.849,0.84672,3695.15,0,18.483,0.0622939,0.434601,1.75349,3.20388,1.41785,3.91182,0.42336,9.2415,0.21168,9.2415,0.21168,442.007,0,1.02816,0,0,1.46276,0.434601,1.028160,1,0,28.4329,0,0,0,28.4329,0
64.1252,2.36234,0,0,1.48682,0.0765156,0.36288,3.6288,61.1654,0.41311,0,0,0.673324,0.320055,0,0.66528,12.849,1,0.463839,0.36288,0,28.8153,5.86955,22.8448,0.84672,12.849,0.84672,3695.15,0,18.483,0.062356,0.411281,1.75367,3.23813,1.46267,3.87806,0.42336,9.2415,0.21168,9.2415,0.21168,442.007,0,1.02816,0,0,1.43944,0.411281,1.028160,1,0,26.7228,0,0,0,26.7228,0
62.4458,2.50739,0,0,1.28282,0.0919647,0.36288,3.6288,60.9034,0.565695,0,0,0.615977,0.312239,0,0.66528,12.849,1,0.502415,0.36288,0,24.9722,5.59736,19.2353,0.84672,12.849,0.84672,3695.15,0,18.483,0.0854712,0.227405,1.75385,2.8445,1.31706,3.42321,0.42336,9.2415,0.21168,9.2415,0.21168,442.007,0,0.982083,0,0,1.20949,0.227405,1.028160,1,0,22.6585,0,0,0,22.6585,0
60.7339,2.49049,0,0,1.24273,0.101312,0.36288,3.6288,60.2621,0.82334,0,0,0.502065,0.319976,0,0.66528,12.849,1,0.512449,0.36288,0,19.341,5.46777,13.7236,0.84672,12.849,0.84672,3695.15,0,18.483,0.124934,0.227405,1.8936,2.61164,1.39907,3.20864,0.42336,9.2415,0.21168,9.2415,0.21168,442.007,0,0.685143,0,0,0.912548,0.227405,1.028160,1,0,16.9323,0,0,0,16.9323,0
58.9655,2.47253,0,0,1.16694,0.0998902,0.36288,3.6288,59.8063,0.627128,0,0,0.489926,0.318676,0,0.66528,12.849,1,0.523095,0.36288,0,19.742,5.46777,14.114,0.84672,12.849,0.84672,3695.15,0,18.483,0.0961731,0.204422,1.8938,2.40742,1.39907,3.01039,0.42336,9.2415,0.21168,9.2415,0.21168,442.007,0,0.910284,0,0,1.11471,0.204422,1.028160,1,0,17.1244,0,0,0,17.1244,0
57.1805,2.45316,0,0,1.12933,0.098262,0.36288,3.6288,59.3324,0.64153,0,0,0.485465,0.317751,0,0.66528,12.849,1,0.534562,0.36288,0,18.4556,5.46777,12.8162,0.84672,12.849,0.84672,3695.15,0,18.483,0.0991318,0.204422,1.89399,2.39806,1.39907,2.99827,0.42336,9.2415,0.21168,9.2415,0.21168,442.007,0,0.893091,0,0,1.09751,0.204422,1.028160,1,0,15.8145,0,0,0,15.8145,0
55.4155,2.43272,0,0,1.12715,0.0965679,0.36288,3.6288,58.8134,0.66119,0,0,0.458946,0.31679,0,0.66528,12.849,1,0.546655,0.36288,0,17.6474,5.46777,11.9958,0.84672,12.849,0.84672,3695.15,0,18.483,0.102986,0.204422,1.89419,2.44497,1.39907,3.04153,0.42336,9.2415,0.21168,9.2415,0.21168,442.007,0,0.869746,0,0,1.07417,0.204422,1.028160,1,0,15.0374,0,0,0,15.0374,0
54.1261,2.33799,0,0,1.47919,0.0677259,0.36288,3.6288,58.3162,0.725235,0,0,0.577448,0.349396,0,0.66528,12.849,1,0.542101,0.36288,0,24.8967,6.44481,18.2726,0.84672,12.849,0.84672,3695.15,0,18.483,0.113958,0.204422,1.89438,2.68661,1.62023,3.05123,0.42336,9.2415,0.21168,9.2415,0.21168,442.007,0,0.716273,0,0,0.920696,0.204422,1.028160,1,0,21.3239,0,0,0,21.3239,0
52.7352,2.32246,0,0,1.4636,0.169217,0.36288,3.6288,58.1391,0.600163,0,0,0.697795,0.274781,0,0.66528,12.849,1,0.551328,0.36288,0,22.7938,4.58546,18.0199,0.84672,12.849,0.84672,3695.15,0,18.483,0.0951091,0.216518,1.81455,3.06533,1.16231,3.83897,0.42336,9.2415,0.21168,9.2415,0.21168,442.007,0,0.860354,0,0,1.07687,0.216518,1.028160,1,0,21.8589,0,0,0,21.8589,0
51.4753,2.30507,0,0,1.58534,0.177234,0.36288,3.6288,58.1322,0.561292,0,0,0.832853,0.278412,0,0.66528,12.849,1,0.561635,0.36288,0,25.0112,4.65055,20.1618,0.84672,12.849,0.84672,3695.15,0,18.483,0.0892202,0.216518,1.81473,3.51365,1.19959,4.25609,0.42336,9.2415,0.21168,9.2415,0.21168,442.007,0,0.905273,0,0,1.12179,0.216518,1.028160,1,0,24.4179,0,0,0,24.4179,0
50.2626,2.28877,0,0,1.61389,0.174939,0.36288,3.6288,58.2097,0.495624,0,0,0.851541,0.278399,0,0.66528,12.849,1,0.571312,0.36288,0,35.5587,4.65055,30.6997,0.84672,12.849,0.84672,3695.15,0,18.483,0.0787912,0.216518,1.81492,3.7846,1.19959,4.53765,0.42336,9.2415,0.21168,9.2415,0.21168,442.007,0,0.98153,0,0,1.19805,0.216518,1.028160,1,0,35.2374,0,0,0,35.2374,0
49.9375,2.21384,0,0,2.45216,0.200513,0.36288,3.6288,58.8467,0.393825,0,0,1.27269,0.24194,0,0.66528,12.849,1,0.56594,0.36288,0,63.0403,4.49546,58.3418,0.84672,12.849,0.84672,3695.15,0,18.483,0.0625244,0.88795,1.81511,6.01557,1.08138,7.57473,0.42336,9.2415,0.21168,9.2415,0.21168,442.007,0,1.02816,0,0,1.91611,0.88795,1.028160,1,0,65.9165,0,0,0,65.9165,0
50.759,2.20967,0,0,3.61464,0.220591,0.36288,3.6288,59.6952,0.394541,0,0,1.45846,0.215372,0,0.66528,12.849,1,0.568552,0.36288,0,87.2949,4.37913,82.7101,0.84672,12.849,0.84672,3695.15,0,18.483,0.0619602,1.20221,1.74414,7.62256,0.992716,9.51424,0.42336,9.2415,0.21168,9.2415,0.21168,442.007,0,1.02816,0,0,2.23037,1.20221,1.028160,1,0,92.2244,0,0,0,92.2244,0
52.0649,2.22093,0,0,4.11214,0.222509,0.36288,3.6288,61.308,0.395436,0,0,2.25672,0.216545,0.0319538,0.66528,12.849,1,0.562199,0.36288,0,99.1665,4.37913,94.588,0.84672,12.849,0.84672,3695.15,0,18.483,0.061218,1.8558,1.74432,9.16799,0.992716,11.7142,0.42336,9.2415,0.21168,9.2415,0.21168,442.007,0,1.02816,0,0,2.88396,1.8558,1.028160,1,0,106.334,0,0,0,106.334,0
53.1607,2.23818,0,0,3.93269,0.23583,0.36288,3.6288,61.308,0.396968,0,0,1.76313,0.191923,1.17424,0.66528,12.849,1,0.552356,0.36288,0,95.7001,4.39181,91.1188,0.84672,12.849,0.84672,3695.15,0,18.483,0.0598385,1.63704,1.7445,10.174,1.07166,12.4241,0.42336,9.2415,0.21168,9.2415,0.21168,442.007,0,1.02816,0,0,2.6652,1.63704,1.028160,1,0,104.717,0,0,0,104.717,0
54.5802,2.08262,0,0,4.13419,0.269199,0.36288,3.6288,61.308,0.267466,0,0,1.62406,0.20816,1.14843,0.66528,12.849,1,0.503371,0.36288,0,88.5185,4.35309,84.025,0.84672,12.849,0.84672,3695.15,0,18.483,0.0403176,1.14381,1.74468,9.11606,1.01196,10.9523,0.42336,9.2415,0.21168,9.2415,0.21168,442.007,0,1.02816,0,0,2.17197,1.14381,1.028160,1,0,96.1257,0,0,0,96.1257,0
58.4547,2.09885,0,0,6.5781,0.241813,0.36288,3.6288,61.308,0.267586,0,0,2.11355,0.199537,1.64643,0.66528,12.849,1,0.494102,0.36288,0,135.346,4.23896,130.975,0.84672,12.849,0.84672,3695.15,0,18.483,0.0403356,1.78097,1.58461,11.5572,1.03415,13.8483,0.42336,9.2415,0.21168,9.2415,0.21168,442.007,0,1.02816,0,0,2.80913,1.78097,1.028160,1,0,146.47,0,0,0,146.47,0
62.0344,2.13994,0,0,6.33382,0.251262,0.36288,3.6288,61.308,0.267705,0,0,1.82248,0.199537,1.35524,0.66528,12.849,1,0.470382,0.36288,0,110.487,4.23896,106.141,0.84672,12.849,0.84672,3695.15,0,18.483,0.0403536,1.46018,1.58477,9.68959,1.03415,11.66,0.42336,9.2415,0.21168,9.2415,0.21168,442.007,0,1.02816,0,0,2.48834,1.46018,1.028160,1,0,119.156,0,0,0,119.156,0
66.0247,2.17457,0,0,6.78722,0.259469,0.36288,3.6288,61.308,0.267824,0,0,2.49261,0.199537,2.02524,0.66528,12.849,1,0.450413,0.36288,0,130.055,4.23896,125.729,0.84672,12.849,0.84672,3695.15,0,18.483,0.0403715,2.16227,1.58494,11.5193,1.03415,14.192,0.42336,9.2415,0.21168,9.2415,0.21168,442.007,0,1.02816,0,0,3.19043,2.16227,1.028160,1,0,141.946,0,0,0,141.946,0
68.3735,2.20987,0,0,5.19076,0.269248,0.36288,3.6288,61.308,0.267944,0,0,2.08323,0.215607,1.59968,0.66528,12.849,1,0.43006,0.36288,0,127.311,4.47983,122.764,0.84672,12.849,0.84672,3695.15,0,18.483,0.0403895,1.75764,1.5851,10.5442,1.12915,12.7174,0.42336,9.2415,0.21168,9.2415,0.21168,442.007,0,1.02816,0,0,2.7858,1.75764,1.028160,1,0,137.081,0,0,0,137.081,0
71.1496,2.29913,0,0,5.72838,0.290326,0.36288,3.6288,61.308,0.305617,0,0,1.2351,0.234955,0.694525,0.66528,12.849,1,0.43206,0.36288,0,105.268,5.01933,100.18,0.84672,12.849,0.84672,3695.15,0,18.483,0.0460683,1.58818,1.58526,7.30045,1.34641,9.08142,0.42336,9.2415,0.21168,9.2415,0.21168,442.007,0,1.02816,0,0,2.61634,1.58818,1.028160,1,0,109.955,0,0,0,109.955,0
72.29,2.32146,0,0,6.94594,0.278319,3.20571,3.6288,61.308,0.305732,0,0,1.64099,0.244795,1.09046,0.66528,12.849,1,0.419236,3.20571,0,156.526,4.9687,154.343,0.84672,12.849,0.84672,3695.15,0,18.483,0.0460857,2.36399,1.63613,9.47005,1.49477,11.9293,0.42336,9.2415,0.21168,9.2415,0.21168,442.007,0,1.02816,0,0,3.39215,2.36399,1.028160,1,0,167.363,0,0,0,167.363,0
72.29,2.3304,0,0,7.94334,0.280748,5.3322,3.6288,61.308,0.305847,0,0,2.11963,0.244795,1.56898,0.66528,12.849,1,0.41421,5.3322,0,199.338,4.9687,199.287,0.84672,12.849,0.84672,3695.15,0,18.483,0.046103,2.98743,1.63628,11.257,1.49477,14.3398,0.42336,9.2415,0.21168,9.2415,0.21168,442.007,0,1.02816,0,0,4.01559,2.98743,1.028160,1,0,215.196,0,0,0,215.196,0
72.29,2.33062,0,0,9.40455,0.280748,6.79319,3.6288,61.308,0.305961,0,0,2.51173,0.244795,1.96098,0.66528,12.849,1,0.41425,6.79319,0,195.108,4.9687,196.518,0.84672,12.849,0.84672,3695.15,0,18.483,0.0461203,3.71266,1.63644,11.4384,1.49477,15.2466,0.42336,9.2415,0.21168,9.2415,0.21168,442.007,0,1.02816,0,0,4.74082,3.71266,1.028160,1,0,213.725,0,0,0,213.725,0
72.29,2.55819,0,0,10.7927,0.288156,7.94637,3.6288,61.308,0.447119,0,0,2.4233,0.250814,1.72536,0.66528,12.849,1,0.454698,7.94637,0,200.279,4.75797,203.012,0.84672,12.849,0.84672,3695.15,0,18.483,0.0673982,3.43983,1.6366,12.7841,1.38667,16.4065,0.42336,9.2415,0.21168,9.2415,0.21168,442.007,0,1.02816,0,0,4.46799,3.43983,1.028160,1,0,221.144,0,0,0,221.144,0
72.29,2.55843,0,0,7.66744,0.298033,4.81097,3.6288,61.308,0.447247,0,0,1.35716,0.258839,0.651077,0.66528,12.849,1,0.454742,4.81097,0,150.987,4.47699,150.867,0.84672,12.849,0.84672,3695.15,0,18.483,0.0674175,3.11526,1.81777,8.73746,1.24255,12.3605,0.42336,9.2415,0.21168,9.2415,0.21168,442.007,0,1.02816,0,0,4.14342,3.11526,1.028160,1,0,163.878,0,0,0,163.878,0
72.29,2.55868,0,0,6.51299,0.298033,3.65628,3.6288,61.308,0.447375,0,0,1.73653,0.258839,1.03031,0.66528,12.849,1,0.454786,3.65628,0,126.581,4.47699,125.306,0.84672,12.849,0.84672,3695.15,0,18.483,0.0674369,3.34844,1.81795,9.77357,1.24255,13.63,0.42336,9.2415,0.21168,9.2415,0.21168,442.007,0,1.02816,0,0,4.3766,3.34844,1.028160,1,0,139.966,0,0,0,139.966,0
72.29,2.55892,0,0,6.40589,0.335237,3.51173,3.6288,61.308,0.447504,0,0,1.73191,0.253098,1.0313,0.66528,12.849,1,0.454829,3.51173,0,124.144,4.5075,122.693,0.84672,12.849,0.84672,3695.15,0,18.483,0.0674562,3.04053,1.81812,8.85686,1.25083,12.3972,0.42336,9.2415,0.21168,9.2415,0.21168,442.007,0,1.02816,0,0,4.06869,3.04053,1.028160,1,0,136.122,0,0,0,136.122,0
72.29,2.23478,0,0,5.64674,0.337804,3.07416,3.6288,61.308,0.25828,0,0,1.59313,0.220095,1.11475,0.66528,12.849,1,0.397215,3.07416,0,113.13,3.86686,111.941,0.84672,12.849,0.84672,3695.15,0,18.483,0.0389328,3.03802,1.8183,9.89427,0.981922,13.7297,0.42336,9.2415,0.21168,9.2415,0.21168,442.007,0,1.02816,0,0,4.06618,3.03802,1.028160,1,0,126.785,0,0,0,126.785,0
72.29,2.23499,0,0,4.25087,0.288124,1.72776,3.6288,61.308,0.25839,0,0,1.03966,0.21714,0.56413,0.66528,12.849,1,0.397253,1.72776,0,83.3285,3.66095,80.998,0.84672,12.849,0.84672,3695.15,0,18.483,0.0389494,2.1646,1.57076,8.23375,0.821952,11.1082,0.42336,9.2415,0.21168,9.2415,0.21168,442.007,0,1.02816,0,0,3.19276,2.1646,1.028160,1,0,92.6704,0,0,0,92.6704,0
72.29,2.23521,0,0,4.58692,0.314913,2.0368,3.6288,61.308,0.2585,0,0,1.21529,0.20379,0.753003,0.66528,12.849,1,0.397291,2.0368,0,73.1411,3.65662,71.1239,0.84672,12.849,0.84672,3695.15,0,18.483,0.0389661,2.43857,1.57091,8.44932,0.836515,11.5833,0.42336,9.2415,0.21168,9.2415,0.21168,442.007,0,1.02816,0,0,3.46673,2.43857,1.028160,1,0,83.4602,0,0,0,83.4602,0
72.29,2.23542,0,0,5.67279,0.314913,3.12246,3.6288,61.308,0.258611,0,0,1.36088,0.20379,0.898477,0.66528,12.849,1,0.397329,3.12246,0,92.8247,3.65662,91.8932,0.84672,12.849,0.84672,3695.15,0,18.483,0.0389827,2.68538,1.57106,9.53545,0.836515,12.9164,0.42336,9.2415,0.21168,9.2415,0.21168,442.007,0,1.02816,0,0,3.71354,2.68538,1.028160,1,0,105.708,0,0,0,105.708,0
72.29,2.23563,0,0,6.33535,0.31945,3.78027,3.6288,61.308,0.258721,0,0,1.67712,0.206813,1.21158,0.66528,12.849,1,0.397367,3.78027,0,116.491,3.74247,116.132,0.84672,12.849,0.84672,3695.15,0,18.483,0.0389993,3.2676,1.57121,10.6752,0.835292,14.6398,0.42336,9.2415,0.21168,9.2415,0.21168,442.007,0,1.02816,0,0,4.29576,3.2676,1.028160,1,0,131.983,0,0,0,131.983,0
72.29,2.31754,0,0,6.16819,0.266003,3.58465,3.6288,61.308,0.305176,0,0,1.04746,0.170449,0.571836,0.66528,12.849,1,0.411925,3.58465,0,82.3686,4.0026,81.5387,0.84672,12.849,0.84672,3695.15,0,18.483,0.0460019,1.41353,1.57136,8.75085,0.77723,10.9125,0.42336,9.2415,0.21168,9.2415,0.21168,442.007,0,1.02816,0,0,2.44169,1.41353,1.028160,1,0,93.023,0,0,0,93.023,0
72.29,2.31776,0,0,5.2487,0.266003,2.66493,3.6288,61.308,0.305291,0,0,1.08524,0.170449,0.609496,0.66528,12.849,1,0.411965,2.66493,0,97.5931,4.0026,95.8435,0.84672,12.849,0.84672,3695.15,0,18.483,0.0460193,1.61477,1.6327,9.71317,0.77723,12.1374,0.42336,9.2415,0.21168,9.2415,0.21168,442.007,0,1.02816,0,0,2.64293,1.61477,1.028160,1,0,108.59,0,0,0,108.59,0
72.29,2.31799,0,0,5.85394,0.266003,3.26995,3.6288,61.308,0.305406,0,0,1.18379,0.170449,0.707937,0.66528,12.849,1,0.412004,3.26995,0,106.523,4.0026,105.378,0.84672,12.849,0.84672,3695.15,0,18.483,0.0460366,1.20102,1.63286,9.97747,0.77723,11.9881,0.42336,9.2415,0.21168,9.2415,0.21168,442.007,0,1.02816,0,0,2.22918,1.20102,1.028160,1,0,118.074,0,0,0,118.074,0
72.29,2.31821,0,0,4.80677,0.266003,2.22256,3.6288,61.308,0.305521,0,0,1.03434,0.170449,0.558368,0.66528,12.849,1,0.412044,2.22256,0,78.2369,4.0026,76.0448,0.84672,12.849,0.84672,3695.15,0,18.483,0.0460539,1.36248,1.63301,7.29992,0.77723,9.47213,0.42336,9.2415,0.21168,9.2415,0.21168,442.007,0,1.02816,0,0,2.39064,1.36248,1.028160,1,0,86.0753,0,0,0,86.0753,0
72.29,2.28648,0,0,4.57944,0.221036,2.07193,3.6288,61.308,0.287629,0,0,0.965192,0.177662,0.499901,0.66528,12.849,1,0.406404,2.07193,0,85.2725,4.2887,82.6493,0.84672,12.849,0.84672,3695.15,0,18.483,0.0433569,0.995864,1.63317,7.34527,0.87295,9.058,0.42336,9.2415,0.21168,9.2415,0.21168,442.007,0,1.02816,0,0,2.02402,0.995864,1.028160,1,0,92.2072,0,0,0,92.2072,0
72.29,2.28669,0,0,4.37056,0.171451,1.91242,3.6288,61.308,0.287742,0,0,0.891881,0.200351,0.403788,0.66528,12.849,1,0.406443,1.91242,0,82.9673,4.42039,80.0529,0.84672,12.849,0.84672,3695.15,0,18.483,0.0433739,1.21591,1.6095,7.31514,0.913108,9.18407,0.42336,9.2415,0.21168,9.2415,0.21168,442.007,0,1.02816,0,0,2.24407,1.21591,1.028160,1,0,89.6408,0,0,0,89.6408,0
72.29,2.28691,0,0,4.14267,0.171451,1.68431,3.6288,61.308,0.287855,0,0,0.875526,0.200351,0.387319,0.66528,12.849,1,0.406482,1.68431,0,77.6218,4.42039,74.4792,0.84672,12.849,0.84672,3695.15,0,18.483,0.043391,1.11102,1.60965,6.90267,0.913108,8.66684,0.42336,9.2415,0.21168,9.2415,0.21168,442.007,0,1.02816,0,0,2.13918,1.11102,1.028160,1,0,83.5333,0,0,0,83.5333,0
72.29,2.28713,0,0,3.88444,0.171451,1.42586,3.6288,61.308,0.287968,0,0,1.05092,0.200351,0.562598,0.66528,12.849,1,0.40652,1.42586,0,71.89,4.42039,68.4889,0.84672,12.849,0.84672,3695.15,0,18.483,0.043408,1.49774,1.60981,7.87951,0.913108,10.0305,0.42336,9.2415,0.21168,9.2415,0.21168,442.007,0,1.02816,0,0,2.5259,1.49774,1.028160,1,0,79.0821,0,0,0,79.0821,0
72.29,2.39586,0,0,3.63284,0.184634,1.05235,3.6288,61.308,0.351963,0,0,0.927798,0.169743,0.406092,0.66528,12.849,1,0.425845,1.05235,0,62.4675,4.16093,58.933,0.84672,12.849,0.84672,3695.15,0,18.483,0.0530545,1.11855,1.60996,6.73936,0.863868,8.55096,0.42336,9.2415,0.21168,9.2415,0.21168,442.007,0,1.02816,0,0,2.14671,1.11855,1.028160,1,0,67.8901,0,0,0,67.8901,0
72.29,2.39609,0,0,3.71583,0.132079,1.18767,3.6288,61.308,0.352082,0,0,1.04224,0.191604,0.498557,0.66528,12.849,1,0.425886,1.18767,0,56.2899,4.51365,52.5381,0.84672,12.849,0.84672,3695.15,0,18.483,0.0530725,1.2656,1.69346,6.07664,1.07378,7.90885,0.42336,9.2415,0.21168,9.2415,0.21168,442.007,0,1.02816,0,0,2.29376,1.2656,1.028160,1,0,60.9455,0,0,0,60.9455,0
72.29,2.39632,0,0,3.37804,0.068734,0.912991,3.6288,61.308,0.352202,0,0,0.884382,0.214132,0.318048,0.66528,12.849,1,0.425927,0.912991,0,53.2973,4.81593,48.9684,0.84672,12.849,0.84672,3695.15,0,18.483,0.0530905,1.01252,1.69362,5.43638,1.1346,6.95484,0.42336,9.2415,0.21168,9.2415,0.21168,442.007,0,1.02816,0,0,2.04068,1.01252,1.028160,1,0,56.2413,0,0,0,56.2413,0
72.29,2.39655,0,0,3.10516,0.068734,0.639876,3.6288,61.308,0.352321,0,0,0.712973,0.214132,0.14652,0.66528,12.849,1,0.425968,0.639876,0,48.8665,4.81593,44.2644,0.84672,12.849,0.84672,3695.15,0,18.483,0.0531085,0.712619,1.69378,4.926,1.1346,6.14469,0.42336,9.2415,0.21168,9.2415,0.21168,442.007,0,1.02816,0,0,1.74078,0.712619,1.028160,1,0,50.5557,0,0,0,50.5557,0
72.29,2.39677,0,0,3.03369,0.0730789,0.563832,3.6288,61.3063,0.35244,0,0,0.591408,0.240713,0,0.66528,12.849,1,0.426009,0.563832,0,44.3507,5.27237,39.2161,0.84672,12.849,0.84672,3695.15,0,18.483,0.0531264,0.633079,1.69394,4.74102,1.22706,5.78786,0.42336,9.2415,0.21168,9.2415,0.21168,442.007,0,1.02816,0,0,1.66124,0.633079,1.028160,1,0,45.004,0,0,0,45.004,0
71.6799,2.37554,0,0,2.2355,0.107206,0.36288,3.6288,61.308,0.387685,0,0,0.71477,0.26018,0.0651597,0.66528,12.849,1,0.422234,0.36288,0,46.8018,5.40614,41.3364,0.84672,12.849,0.84672,3695.15,0,18.483,0.0584409,0.455276,1.69411,3.53669,1.22866,4.39897,0.42336,9.2415,0.21168,9.2415,0.21168,442.007,0,1.02816,0,0,1.48344,0.455276,1.028160,1,0,45.8005,0,0,0,45.8005,0
71.0175,2.37104,0,0,2.17826,0.10671,0.36288,3.6288,61.308,0.387809,0,0,0.721967,0.260183,0.0739746,0.66528,12.849,1,0.425022,0.36288,0,44.1634,5.40614,38.6951,0.84672,12.849,0.84672,3695.15,0,18.483,0.0584579,0.559017,1.72025,3.76288,1.22866,4.75503,0.42336,9.2415,0.21168,9.2415,0.21168,442.007,0,1.02816,0,0,1.58718,0.559017,1.028160,1,0,43.5241,0,0,0,43.5241,0
70.3006,2.36607,0,0,2.11823,0.106171,0.36288,3.6288,61.308,0.387932,0,0,0.683087,0.260183,0.0349719,0.66528,12.849,1,0.428086,0.36288,0,41.4778,5.40614,36.0064,0.84672,12.849,0.84672,3695.15,0,18.483,0.0584764,0.557911,1.72041,3.8771,1.22866,4.86829,0.42336,9.2415,0.21168,9.2415,0.21168,442.007,0,1.02816,0,0,1.58607,0.557911,1.028160,1,0,40.9097,0,0,0,40.9097,0
69.4316,2.36058,0,0,1.93177,0.0773143,0.36288,3.6288,61.2782,0.388055,0,0,0.665099,0.306817,0,0.66528,12.849,1,0.431449,0.36288,0,39.4443,6.05765,33.3181,0.84672,12.849,0.84672,3695.15,0,18.483,0.058495,0.428181,1.72058,3.73677,1.44916,4.37787,0.42336,9.2415,0.21168,9.2415,0.21168,442.007,0,1.02816,0,0,1.45634,0.428181,1.028160,1,0,37.6959,0,0,0,37.6959,0
68.2189,2.4087,0,0,1.63598,0.0770913,0.36288,3.6288,61.0232,0.508811,0,0,0.562323,0.308556,0,0.66528,12.849,1,0.445753,0.36288,0,31.4926,6.08409,25.3257,0.84672,12.849,0.84672,3695.15,0,18.483,0.0767349,0.261274,1.72074,3.13185,1.53474,3.50239,0.42336,9.2415,0.21168,9.2415,0.21168,442.007,0,0.925344,0,0,1.18662,0.261274,1.028160,1,0,28.8281,0,0,0,28.8281,0
66.9454,2.39864,0,0,1.56751,0.0795389,0.36288,3.6288,60.6694,0.55299,0,0,0.509811,0.310607,0,0.66528,12.849,1,0.451782,0.36288,0,37.8714,5.66653,32.1159,0.84672,12.849,0.84672,3695.15,0,18.483,0.0837461,0.261274,1.76232,3.00623,1.43934,3.50673,0.42336,9.2415,0.21168,9.2415,0.21168,442.007,0,0.874299,0,0,1.13557,0.261274,1.028160,1,0,35.6227,0,0,0,35.6227,0
65.5779,2.38776,0,0,1.46194,0.0787458,0.36288,3.6288,60.2457,0.565393,0,0,0.451558,0.309911,0,0.66528,12.849,1,0.458288,0.36288,0,29.9598,5.66653,24.1979,0.84672,12.849,0.84672,3695.15,0,18.483,0.0861238,0.261274,1.76249,2.74399,1.43934,3.24228,0.42336,9.2415,0.21168,9.2415,0.21168,442.007,0,0.859663,0,0,1.12094,0.261274,1.028160,1,0,27.4401,0,0,0,27.4401,0
64.0912,2.37569,0,0,1.32978,0.0778942,0.36288,3.6288,59.673,0.687732,0,0,0.424152,0.309077,0,0.66528,12.849,1,0.465481,0.36288,0,27.5489,5.66653,21.7798,0.84672,12.849,0.84672,3695.15,0,18.483,0.105496,0.227405,1.76266,2.51133,1.43934,2.95655,0.42336,9.2415,0.21168,9.2415,0.21168,442.007,0,0.718096,0,0,0.945501,0.227405,1.028160,1,0,24.7363,0,0,0,24.7363,0
62.6981,2.51987,0,0,1.55962,0.0700659,0.36288,3.6288,59.3114,0.562711,0,0,0.511782,0.310623,0,0.66528,12.849,1,0.505183,0.36288,0,29.5555,5.70265,23.7106,0.84672,12.849,0.84672,3695.15,0,18.483,0.0871465,0.227405,1.76283,3.62845,1.44748,4.08406,0.42336,9.2415,0.21168,9.2415,0.21168,442.007,0,0.991742,0,0,1.21915,0.227405,1.028160,1,0,27.7946,0,0,0,27.7946,0
61.6396,2.50584,0,0,1.90116,0.0908642,0.36288,3.6288,58.5566,0.890484,0,0,0.452727,0.317056,0,0.66528,12.849,1,0.513533,0.36288,0,34.2688,5.13686,28.9813,0.84672,12.849,0.84672,3695.15,0,18.483,0.138749,0.227405,1.90329,3.4423,1.3331,4.10113,0.42336,9.2415,0.21168,9.2415,0.21168,442.007,0,0.612524,0,0,0.839929,0.227405,1.028160,1,0,33.0825,0,0,0,33.0825,0
60.4682,2.49492,0,0,1.7757,0.0893507,0.36288,3.6288,58.167,0.530094,0,0,0.451087,0.310612,0,0.66528,12.849,1,0.520074,0.36288,0,33.6499,5.23131,28.2614,0.84672,12.849,0.84672,3695.15,0,18.483,0.0836603,0.301182,1.90347,3.50188,1.36128,4.26159,0.42336,9.2415,0.21168,9.2415,0.21168,442.007,0,1.02816,0,0,1.32934,0.301182,1.028160,1,0,32.5229,0,0,0,32.5229,0
59.2255,2.48247,0,0,1.69118,0.0884867,0.36288,3.6288,57.7648,0.529746,0,0,0.437367,0.309834,0,0.66528,12.849,1,0.527504,0.36288,0,32.7318,5.23131,27.3358,0.84672,12.849,0.84672,3695.15,0,18.483,0.0841654,0.265619,1.90365,3.36713,1.36128,4.09095,0.42336,9.2415,0.21168,9.2415,0.21168,442.007,0,1.02816,0,0,1.29378,0.265619,1.028160,1,0,31.4268,0,0,0,31.4268,0
57.9914,2.46885,0,0,1.68504,0.0874562,0.36288,3.6288,57.3546,0.529377,0,0,0.428228,0.30903,0,0.66528,12.849,1,0.535617,0.36288,0,31.4105,5.23131,26.0065,0.84672,12.849,0.84672,3695.15,0,18.483,0.0846923,0.253835,1.90383,3.41295,1.36128,4.12464,0.42336,9.2415,0.21168,9.2415,0.21168,442.007,0,1.02816,0,0,1.28199,0.253835,1.028160,1,0,30.1311,0,0,0,30.1311,0
57.0388,2.37999,0,0,1.90267,0.112363,0.36288,3.6288,56.9446,0.460934,0,0,0.351213,0.300339,0,0.66528,12.849,1,0.527328,0.36288,0,17.6259,4.6252,12.8362,0.84672,12.849,0.84672,3695.15,0,18.483,0.0742699,0.228891,1.90402,2.41694,1.24145,3.23413,0.42336,9.2415,0.21168,9.2415,0.21168,442.007,0,1.02816,0,0,1.25705,0.228891,1.028160,1,0,16.0703,0,0,0,16.0703,0
56.2692,2.3693,0,0,2.08769,0.125108,0.36288,3.6288,56.5799,0.460603,0,0,0.397588,0.301656,0,0.66528,12.849,1,0.533727,0.36288,0,17.0929,4.58115,12.3409,0.84672,12.849,0.84672,3695.15,0,18.483,0.0747509,0.249713,1.82376,2.50913,1.25409,3.25376,0.42336,9.2415,0.21168,9.2415,0.21168,442.007,0,1.02816,0,0,1.27787,0.249713,1.028160,1,0,15.5947,0,0,0,15.5947,0
55.5469,2.36052,0,0,2.12526,0.12416,0.36288,3.6288,56.2251,0.460317,0,0,0.406508,0.300941,0,0.66528,12.849,1,0.53902,0.36288,0,24.3012,4.58115,19.5439,0.84672,12.849,0.84672,3695.15,0,18.483,0.0751861,0.336597,1.82394,2.70262,1.25409,3.53387,0.42336,9.2415,0.21168,9.2415,0.21168,442.007,0,1.02816,0,0,1.36476,0.336597,1.028160,1,0,23.0778,0,0,0,23.0778,0
55.0553,2.35212,0,0,2.34661,0.123271,0.36288,3.6288,56.054,0.460038,0,0,0.589168,0.300246,0,0.66528,12.849,1,0.544087,0.36288,0,57.6865,4.58115,52.9242,0.84672,12.849,0.84672,3695.15,0,18.483,0.0756146,0.648631,1.82411,3.79886,1.25409,4.9419,0.42336,9.2415,0.21168,9.2415,0.21168,442.007,0,1.02816,0,0,1.67679,0.648631,1.028160,1,0,57.8661,0,0,0,57.8661,0
54.1627,2.28577,0,0,1.95293,0.19684,0.36288,3.6288,55.6938,0.48646,0,0,0.406471,0.280247,0,0.66528,12.849,1,0.533461,0.36288,0,49.6398,4.6638,44.8054,0.84672,12.849,0.84672,3695.15,0,18.483,0.0802015,0.216518,1.82429,3.36385,1.21248,4.11198,0.42336,9.2415,0.21168,9.2415,0.21168,442.007,0,0.925344,0,0,1.14186,0.216518,1.028160,1,0,48.9174,0,0,0,48.9174,0
52.9693,2.27525,0,0,1.67187,0.227115,0.36288,3.6288,55.3742,0.479412,0,0,0.397299,0.237523,0,0.66528,12.849,1,0.539757,0.36288,0,25.3243,4.02381,21.1236,0.84672,12.849,0.84672,3695.15,0,18.483,0.0795509,0.216518,1.75295,2.58241,1.0129,3.45942,0.42336,9.2415,0.21168,9.2415,0.21168,442.007,0,0.933185,0,0,1.1497,0.216518,1.028160,1,0,24.583,0,0,0,24.583,0
52.5122,2.26071,0,0,2.39079,0.22437,0.36288,3.6288,54.9269,0.583257,0,0,0.373006,0.237025,0,0.66528,12.849,1,0.548391,0.36288,0,31.3967,4.02381,27.1874,0.84672,12.849,0.84672,3695.15,0,18.483,0.0973408,0.216518,1.75312,2.9567,1.0129,3.81609,0.42336,9.2415,0.21168,9.2415,0.21168,442.007,0,0.811693,0,0,1.02821,0.216518,1.028160,1,0,31.0035,0,0,0,31.0035,0
55.9374,2.25515,0,0,6.26659,0.223318,0.36288,3.6288,55.4088,0.397409,0,0,1.11567,0.236329,0,0.66528,12.849,1,0.551805,0.36288,0,69.7709,4.02381,65.5582,0.84672,12.849,0.84672,3695.15,0,18.483,0.0668645,2.5043,1.75329,5.98031,1.0129,9.15813,0.42336,9.2415,0.21168,9.2415,0.21168,442.007,0,1.02816,0,0,3.53246,2.5043,1.028160,1,0,74.7163,0,0,0,74.7163,0
57.5415,2.12403,0,0,4.32923,0.238177,0.36288,3.6288,55.6954,0.269537,0,0,0.792236,0.236094,0,0.66528,12.849,1,0.487896,0.36288,0,57.1762,3.94569,53.1055,0.84672,12.849,0.84672,3695.15,0,18.483,0.0449554,1.42043,1.75345,4.22183,0.99062,6.36014,0.42336,9.2415,0.21168,9.2415,0.21168,442.007,0,1.02816,0,0,2.44859,1.42043,1.028160,1,0,59.4657,0,0,0,59.4657,0
58.2815,2.14113,0,0,3.48528,0.241304,0.36288,3.6288,55.8678,0.269846,0,0,0.657251,0.215002,0,0.66528,12.849,1,0.478113,0.36288,0,41.3581,3.90684,37.3361,0.84672,12.849,0.84672,3695.15,0,18.483,0.0447753,0.728196,1.59257,4.3041,1.0054,5.57469,0.42336,9.2415,0.21168,9.2415,0.21168,442.007,0,1.02816,0,0,1.75636,0.728196,1.028160,1,0,42.9107,0,0,0,42.9107,0
60.712,2.1489,0,0,5.18536,0.243053,0.36288,3.6288,56.2771,0.270075,0,0,0.894646,0.215245,0,0.66528,12.849,1,0.473757,0.36288,0,77.5362,3.90684,73.5185,0.84672,12.849,0.84672,3695.15,0,18.483,0.044675,1.40768,1.59272,4.30286,1.0054,6.25318,0.42336,9.2415,0.21168,9.2415,0.21168,442.007,0,1.02816,0,0,2.43584,1.40768,1.028160,1,0,79.7717,0,0,0,79.7717,0
60.8237,2.17302,0,0,2.89621,0.248678,0.36288,3.6288,56.3222,0.270464,0,0,0.531312,0.215821,0,0.66528,12.849,1,0.459894,0.36288,0,52.0221,3.90684,48.0183,0.84672,12.849,0.84672,3695.15,0,18.483,0.044414,0.572141,1.59287,3.75373,1.0054,4.86892,0.42336,9.2415,0.21168,9.2415,0.21168,442.007,0,1.02816,0,0,1.6003,0.572141,1.028160,1,0,52.8872,0,0,0,52.8872,0
60.2504,2.17429,0,0,2.21784,0.253975,0.36288,3.6288,55.8762,0.562504,0,0,0.337606,0.22105,0,0.66528,12.849,1,0.459319,0.36288,0,34.2777,4.02113,30.1602,0.84672,12.849,0.84672,3695.15,0,18.483,0.0922972,0.412474,1.59303,4.28577,1.04106,5.15792,0.42336,9.2415,0.21168,9.2415,0.21168,442.007,0,0.688366,0,0,1.10084,0.412474,1.028160,1,0,35.3181,0,0,0,35.3181,0
61.3383,2.23694,0,0,3.95785,0.27009,0.36288,3.6288,56.4201,0.307678,0,0,1.05864,0.207103,0,0.66528,12.849,1,0.477051,0.36288,0,94.9481,4.04698,90.7869,0.84672,12.849,0.84672,3695.15,0,18.483,0.0508876,0.968095,1.59318,5.679,1.16055,7.02884,0.42336,9.2415,0.21168,9.2415,0.21168,442.007,0,1.02816,0,0,1.99625,0.968095,1.028160,1,0,97.8158,0,0,0,97.8158,0
62.593,2.24784,0,0,4.13278,0.267353,0.36288,3.6288,57.2021,0.308206,0,0,1.28033,0.190096,0,0.66528,12.849,1,0.470872,0.36288,0,91.0751,3.78304,87.1841,0.84672,12.849,0.84672,3695.15,0,18.483,0.0504835,1.40175,1.64429,7.06325,1.12278,8.93603,0.42336,9.2415,0.21168,9.2415,0.21168,442.007,0,1.02816,0,0,2.42991,1.40175,1.028160,1,0,96.1201,0,0,0,96.1201,0
64.0947,2.26003,0,0,4.39475,0.270129,0.36288,3.6288,58.5562,0.308906,0,0,1.85405,0.191066,0,0.66528,12.849,1,0.463937,0.36288,0,80.6432,3.78304,76.7591,0.84672,12.849,0.84672,3695.15,0,18.483,0.0499065,2.19349,1.64443,8.82775,1.12278,11.493,0.42336,9.2415,0.21168,9.2415,0.21168,442.007,0,1.02816,0,0,3.22165,2.19349,1.028160,1,0,88.252,0,0,0,88.252,0
67.0537,2.27414,0,0,5.86945,0.273451,0.36288,3.6288,59.5118,0.31001,0,0,1.45841,0.192745,0,0.66528,12.849,1,0.455893,0.36288,0,73.8143,3.78304,69.9382,0.84672,12.849,0.84672,3695.15,0,18.483,0.0489266,1.82638,1.64458,9.32083,1.12278,11.6201,0.42336,9.2415,0.21168,9.2415,0.21168,442.007,0,1.02816,0,0,2.85454,1.82638,1.028160,1,0,81.5583,0,0,0,81.5583,0
72.29,2.52473,0,0,8.58496,0.297959,0.525988,3.6288,60.5046,0.45198,0,0,1.65488,0.210111,0,0.66528,12.849,1,0.483795,0.525988,0,183.891,3.89778,180.036,0.84672,12.849,0.84672,3695.15,0,18.483,0.0701873,2.5266,1.64473,12.5567,1.14023,15.5176,0.42336,9.2415,0.21168,9.2415,0.21168,442.007,0,1.02816,0,0,3.55476,2.5266,1.028160,1,0,195.553,0,0,0,195.553,0
72.29,2.5711,0,0,7.00862,0.283709,4.15381,3.6288,61.308,0.453099,0,0,2.19277,0.160855,0.775441,0.66528,12.849,1,0.456994,4.15381,0,173.797,3.51508,173.979,0.84672,12.849,0.84672,3695.15,0,18.483,0.0692065,2.51354,1.82679,12.1263,0.950168,15.4473,0.42336,9.2415,0.21168,9.2415,0.21168,442.007,0,1.02816,0,0,3.5417,2.51354,1.028160,1,0,190.202,0,0,0,190.202,0
72.29,2.57133,0,0,4.76196,0.283709,1.90692,3.6288,61.308,0.454007,0,0,1.50561,0.161676,0.889933,0.66528,12.849,1,0.457035,1.90692,0,99.8473,3.51508,97.7821,0.84672,12.849,0.84672,3695.15,0,18.483,0.0684364,0.631558,1.82695,6.57304,0.950168,8.01295,0.42336,9.2415,0.21168,9.2415,0.21168,442.007,0,1.02816,0,0,1.65972,0.631558,1.028160,1,0,106.685,0,0,0,106.685,0
72.29,2.57156,0,0,3.93365,0.283709,1.07838,3.6288,61.308,0.701673,0,0,1.2747,0.161676,0.411354,0.66528,12.849,1,0.457075,1.07838,0,69.8846,3.51508,66.9909,0.84672,12.849,0.84672,3695.15,0,18.483,0.105769,0.608429,1.82711,5.23542,0.950168,6.61502,0.42336,9.2415,0.21168,9.2415,0.21168,442.007,0,0.743299,0,0,1.35173,0.608429,1.028160,1,0,74.0172,0,0,0,74.0172,0
72.29,2.2458,0,0,3.89145,0.277262,1.36839,3.6288,61.308,0.51315,0,0,0.965626,0.170525,0.281951,0.66528,12.849,1,0.399174,1.36839,0,63.5162,3.56862,60.9168,0.84672,12.849,0.84672,3695.15,0,18.483,0.0773517,0.608429,1.82728,5.93931,0.937142,7.36052,0.42336,9.2415,0.21168,9.2415,0.21168,442.007,0,0.741407,0,0,1.34984,0.608429,1.028160,1,0,68.5592,0,0,0,68.5592,0
72.29,2.246,0,0,4.11694,0.312444,1.5585,3.6288,61.308,0.264063,0,0,0.743628,0.121634,0.35793,0.66528,12.849,1,0.399209,1.5585,0,98.5159,3.56559,96.1096,0.84672,12.849,0.84672,3695.15,0,18.483,0.0398045,0.75257,1.5785,7.21621,0.784185,8.7233,0.42336,9.2415,0.21168,9.2415,0.21168,442.007,0,1.02816,0,0,1.78073,0.75257,1.028160,1,0,105.191,0,0,0,105.191,0
72.0859,2.2462,0,0,2.71746,0.312444,0.36288,3.6288,61.308,0.589632,0,0,0.765046,0.121634,0.0537793,0.66528,12.849,1,0.399245,0.36288,0,75.5214,3.56559,71.9194,0.84672,12.849,0.84672,3695.15,0,18.483,0.0888805,0.608429,1.57864,4.92426,0.784185,6.23826,0.42336,9.2415,0.21168,9.2415,0.21168,442.007,0,0.653633,0,0,1.26206,0.608429,1.028160,1,0,78.2115,0,0,0,78.2115,0
72.29,2.24491,0,0,3.50669,0.306102,0.751617,3.6288,61.308,0.264269,0,0,1.6168,0.122674,1.22986,0.66528,12.849,1,0.400145,0.751617,0,117.204,3.58086,113.975,0.84672,12.849,0.84672,3695.15,0,18.483,0.0398356,0.935945,1.57878,6.22249,0.786693,7.9107,0.42336,9.2415,0.21168,9.2415,0.21168,442.007,0,1.02816,0,0,1.96411,0.935945,1.028160,1,0,123.115,0,0,0,123.115,0
72.29,2.2466,0,0,3.62268,0.271372,1.10471,3.6288,61.308,0.264372,0,0,1.32212,0.128913,0.928833,0.66528,12.849,1,0.399316,1.10471,0,81.5858,3.67248,78.6187,0.84672,12.849,0.84672,3695.15,0,18.483,0.0398511,0.634729,1.57892,5.64972,0.801737,7.02179,0.42336,9.2415,0.21168,9.2415,0.21168,442.007,0,1.02816,0,0,1.66289,0.634729,1.028160,1,0,86.5693,0,0,0,86.5693,0
72.29,2.32889,0,0,4.31127,0.299625,1.68276,3.6288,61.308,0.311047,0,0,1.11995,0.187984,0.620921,0.66528,12.849,1,0.413943,1.68276,0,81.3465,4.02348,78.5918,0.84672,12.849,0.84672,3695.15,0,18.483,0.0468869,0.701499,1.57907,6.75094,0.886438,8.09818,0.42336,9.2415,0.21168,9.2415,0.21168,442.007,0,1.02816,0,0,1.72966,0.701499,1.028160,1,0,87.3109,0,0,0,87.3109,0
72.29,2.3291,0,0,3.80632,0.304333,1.17289,3.6288,61.308,0.477852,0,0,0.848465,0.197829,0.172785,0.66528,12.849,1,0.41398,1.17289,0,104.306,4.08198,100.982,0.84672,12.849,0.84672,3695.15,0,18.483,0.0720308,0.558835,1.6407,6.24173,0.900555,7.46867,0.42336,9.2415,0.21168,9.2415,0.21168,442.007,0,0.836335,0,0,1.39517,0.558835,1.028160,1,0,108.624,0,0,0,108.624,0
72.29,2.32931,0,0,3.93495,0.304333,1.30131,3.6288,61.308,0.311261,0,0,1.12209,0.197829,0.613004,0.66528,12.849,1,0.414017,1.30131,0,101.091,4.08198,97.8959,0.84672,12.849,0.84672,3695.15,0,18.483,0.0469192,0.694215,1.64084,6.39444,0.900555,7.78202,0.42336,9.2415,0.21168,9.2415,0.21168,442.007,0,1.02816,0,0,1.72238,0.694215,1.028160,1,0,106.291,0,0,0,106.291,0
72.29,2.32951,0,0,4.87023,0.304333,2.23638,3.6288,61.308,0.311369,0,0,1.24012,0.197829,0.730919,0.66528,12.849,1,0.414053,2.23638,0,77.6027,4.08198,75.343,0.84672,12.849,0.84672,3695.15,0,18.483,0.0469353,1.12893,1.64099,6.69946,0.900555,8.52188,0.42336,9.2415,0.21168,9.2415,0.21168,442.007,0,1.02816,0,0,2.15709,1.12893,1.028160,1,0,84.5958,0,0,0,84.5958,0
72.29,2.29761,0,0,3.14808,0.214496,0.635972,3.6288,61.308,0.293381,0,0,0.971879,0.248718,0.42978,0.66528,12.849,1,0.408383,0.635972,0,60.4944,4.512,56.21,0.84672,12.849,0.84672,3695.15,0,18.483,0.044224,0.609327,1.64113,4.96439,0.965829,6.2048,0.42336,9.2415,0.21168,9.2415,0.21168,442.007,0,1.02816,0,0,1.63749,0.609327,1.028160,1,0,62.8446,0,0,0,62.8446,0
71.9222,2.29782,0,0,2.51376,0.220853,0.36288,3.6288,61.308,0.324458,0,0,0.904029,0.252551,0.32702,0.66528,12.849,1,0.408419,0.36288,0,52.5467,4.5318,47.9693,0.84672,12.849,0.84672,3695.15,0,18.483,0.0489085,0.528595,1.61734,3.92762,0.99671,5.02794,0.42336,9.2415,0.21168,9.2415,0.21168,442.007,0,0.99252,0,0,1.52112,0.528595,1.028160,1,0,53.3243,0,0,0,53.3243,0
71.0845,2.29527,0,0,2.0407,0.220237,0.36288,3.6288,61.308,0.439492,0,0,0.80098,0.252551,0.108937,0.66528,12.849,1,0.410054,0.36288,0,44.7408,4.5318,40.1618,0.84672,12.849,0.84672,3695.15,0,18.483,0.0662486,0.528595,1.61748,3.37641,0.99671,4.45953,0.42336,9.2415,0.21168,9.2415,0.21168,442.007,0,0.860268,0,0,1.38886,0.528595,1.028160,1,0,44.7303,0,0,0,44.7303,0
70.0339,2.28914,0,0,1.82023,0.218833,0.36288,3.6288,61.0968,0.638783,0,0,0.680123,0.252551,0,0.66528,12.849,1,0.413777,0.36288,0,42.6724,4.5318,38.0897,0.84672,12.849,0.84672,3695.15,0,18.483,0.0962895,0.402797,1.61763,3.17478,0.99671,4.1022,0.42336,9.2415,0.21168,9.2415,0.21168,442.007,0,0.631057,0,0,1.03385,0.402797,1.028160,1,0,42.1919,0,0,0,42.1919,0
69.2549,2.38944,0,0,2.18037,0.207055,0.36288,3.6288,60.9884,0.639946,0,0,0.781708,0.250111,0,0.66528,12.849,1,0.438387,0.36288,0,48.1311,4.5629,43.4927,0.84672,12.849,0.84672,3695.15,0,18.483,0.0967983,0.402797,1.61777,3.63053,1.00673,4.54756,0.42336,9.2415,0.21168,9.2415,0.21168,442.007,0,0.703374,0,0,1.10617,0.402797,1.028160,1,0,48.0403,0,0,0,48.0403,0
68.1643,2.38323,0,0,1.80161,0.146065,0.36288,3.6288,60.898,0.572471,0,0,0.719315,0.237331,0,0.66528,12.849,1,0.442165,0.36288,0,38.7959,4.74946,33.9672,0.84672,12.849,0.84672,3695.15,0,18.483,0.0867457,0.402797,1.70166,2.52284,1.06686,3.47368,0.42336,9.2415,0.21168,9.2415,0.21168,442.007,0,0.78103,0,0,1.18383,0.402797,1.028160,1,0,37.4409,0,0,0,37.4409,0
66.8857,2.37425,0,0,1.60335,0.144828,0.36288,3.6288,60.6573,0.663404,0,0,0.659975,0.237195,0,0.66528,12.849,1,0.447548,0.36288,0,34.9855,4.74946,30.1514,0.84672,12.849,0.84672,3695.15,0,18.483,0.100674,0.402797,1.70181,2.43115,1.06686,3.36822,0.42336,9.2415,0.21168,9.2415,0.21168,442.007,0,0.676296,0,0,1.07909,0.402797,1.028160,1,0,33.5196,0,0,0,33.5196,0
65.5787,2.36341,0,0,1.51433,0.0950571,0.36288,3.6288,60.4111,0.61031,0,0,0.633822,0.269749,0,0.66528,12.849,1,0.454019,0.36288,0,31.1829,5.12431,25.9674,0.84672,12.849,0.84672,3695.15,0,18.483,0.0929844,0.30119,1.70196,2.31545,1.16264,3.06298,0.42336,9.2415,0.21168,9.2415,0.21168,442.007,0,0.737208,0,0,1.0384,0.30119,1.028160,1,0,29.0304,0,0,0,29.0304,0
64.194,2.35198,0,0,1.42419,0.0940741,0.36288,3.6288,60.0702,0.67558,0,0,0.604046,0.269327,0,0.66528,12.849,1,0.460829,0.36288,0,30.7322,5.12431,25.51,0.84672,12.849,0.84672,3695.15,0,18.483,0.103348,0.30119,1.70211,2.38445,1.16264,3.12177,0.42336,9.2415,0.21168,9.2415,0.21168,442.007,0,0.661703,0,0,0.962893,0.30119,1.028160,1,0,28.6317,0,0,0,28.6317,0
63.3776,2.31852,0,0,1.95555,0.0905584,0.36288,3.6288,60.1201,0.392787,0,0,0.746183,0.303484,0,0.66528,12.849,1,0.464072,0.36288,0,36.751,5.58628,31.0635,0.84672,12.849,0.84672,3695.15,0,18.483,0.0604283,0.369956,1.70226,3.76613,1.35209,4.42583,0.42336,9.2415,0.21168,9.2415,0.21168,442.007,0,1.02816,0,0,1.39812,0.369956,1.028160,1,0,35.4894,0,0,0,35.4894,0
62.4117,2.3111,0,0,1.79767,0.089551,0.36288,3.6288,60.0939,0.432419,0,0,0.71553,0.309372,0,0.66528,12.849,1,0.468547,0.36288,0,34.2128,5.66328,28.4438,0.84672,12.849,0.84672,3695.15,0,18.483,0.0664702,0.30119,1.72852,3.39079,1.38367,3.97036,0.42336,9.2415,0.21168,9.2415,0.21168,442.007,0,0.982619,0,0,1.28381,0.30119,1.028160,1,0,32.4142,0,0,0,32.4142,0
61.3181,2.3021,0,0,1.66026,0.0888471,0.36288,3.6288,60.0078,0.459646,0,0,0.682854,0.309321,0,0.66528,12.849,1,0.473945,0.36288,0,31.0125,5.66328,25.2382,0.84672,12.849,0.84672,3695.15,0,18.483,0.0706863,0.261274,1.72867,3.37686,1.38367,3.91245,0.42336,9.2415,0.21168,9.2415,0.21168,442.007,0,0.951307,0,0,1.21258,0.261274,1.028160,1,0,29.1506,0,0,0,29.1506,0
60.1824,2.29162,0,0,1.60683,0.0880502,0.36288,3.6288,59.7652,0.576761,0,0,0.643369,0.309151,0,0.66528,12.849,1,0.480201,0.36288,0,28.0439,5.66328,22.2633,0.84672,12.849,0.84672,3695.15,0,18.483,0.0888241,0.261274,1.72883,3.29567,1.38367,3.81328,0.42336,9.2415,0.21168,9.2415,0.21168,442.007,0,0.816186,0,0,1.07746,0.261274,1.028160,1,0,26.0766,0,0,0,26.0766,0
58.8127,2.33365,0,0,1.40472,0.0778935,0.36288,3.6288,59.3029,0.725683,0,0,0.587159,0.323766,0,0.66528,12.849,1,0.498236,0.36288,0,23.8664,5.80215,17.9289,0.84672,12.849,0.84672,3695.15,0,18.483,0.112212,0.261274,1.72898,2.89498,1.44351,3.32951,0.42336,9.2415,0.21168,9.2415,0.21168,442.007,0,0.680219,0,0,0.941492,0.261274,1.028160,1,0,21.2585,0,0,0,21.2585,0
57.4536,2.31935,0,0,1.38778,0.0646163,0.36288,3.6288,59.038,0.655577,0,0,0.733553,0.342875,0,0.66528,12.849,1,0.506716,0.36288,0,28.8209,5.98731,22.6897,0.84672,12.849,0.84672,3695.15,0,18.483,0.102162,0.261274,1.77074,2.88388,1.5233,3.29044,0.42336,9.2415,0.21168,9.2415,0.21168,442.007,0,0.76051,0,0,1.02178,0.261274,1.028160,1,0,25.9802,0,0,0,25.9802,0
55.9855,2.30467,0,0,1.26319,0.0637668,0.36288,3.6288,58.6645,0.636225,0,0,0.605022,0.342293,0,0.66528,12.849,1,0.51542,0.36288,0,23.2136,5.98731,17.0738,0.84672,12.849,0.84672,3695.15,0,18.483,0.0995912,0.261274,1.7709,2.67977,1.5233,3.08906,0.42336,9.2415,0.21168,9.2415,0.21168,442.007,0,0.782568,0,0,1.04384,0.261274,1.028160,1,0,20.1628,0,0,0,20.1628,0
54.4205,2.28821,0,0,1.14888,0.0628491,0.36288,3.6288,58.1394,0.747084,0,0,0.563457,0.341473,0,0.66528,12.849,1,0.525158,0.36288,0,21.6403,5.98731,15.4908,0.84672,12.849,0.84672,3695.15,0,18.483,0.117689,0.227405,1.77106,2.3882,1.5233,2.74568,0.42336,9.2415,0.21168,9.2415,0.21168,442.007,0,0.653746,0,0,0.88115,0.227405,1.028160,1,0,18.2364,0,0,0,18.2364,0
52.8317,2.42155,0,0,1.25112,0.0554644,0.36288,3.6288,57.8047,0.66129,0,0,0.66508,0.338556,0,0.66528,12.849,1,0.571742,0.36288,0,21.7426,6.09544,15.4383,0.84672,12.849,0.84672,3695.15,0,18.483,0.105115,0.227405,1.77122,3.37675,1.5492,3.72106,0.42336,9.2415,0.21168,9.2415,0.21168,442.007,0,0.882999,0,0,1.1104,0.227405,1.028160,1,0,19.1594,0,0,0,19.1594,0
50.9329,2.40092,0,0,0.919115,0.0540552,0.36288,3.6288,57.0239,0.963183,0,0,0.502344,0.319923,0,0.66528,12.849,1,0.583918,0.36288,0,14.8206,5.70867,8.89092,0.84672,12.849,0.84672,3695.15,0,18.483,0.153988,0.227405,1.91233,3.20968,1.51309,3.68235,0.42336,9.2415,0.21168,9.2415,0.21168,442.007,0,0.53238,0,0,0.759784,0.227405,1.028160,1,0,12.5733,0,0,0,12.5733,0
49.1634,2.37503,0,0,1.01921,0.0508775,0.36288,3.6288,56.5012,0.808571,0,0,0.599854,0.314037,0,0.66528,12.849,1,0.599155,0.36288,0,17.7684,5.74203,11.7901,0.84672,12.849,0.84672,3695.15,0,18.483,0.13104,0.227405,1.9125,3.21087,1.52406,3.69568,0.42336,9.2415,0.21168,9.2415,0.21168,442.007,0,0.710087,0,0,0.937492,0.227405,1.028160,1,0,15.4858,0,0,0,15.4858,0
47.209,2.34965,0,0,0.808116,0.049933,0.36288,3.6288,55.6499,0.988487,0,0,0.450236,0.31297,0,0.66528,12.849,1,0.614089,0.36288,0,19.5106,5.74203,13.5174,0.84672,12.849,0.84672,3695.15,0,18.483,0.16168,0.204422,1.91267,2.57808,1.52406,3.00944,0.42336,9.2415,0.21168,9.2415,0.21168,442.007,0,0.499677,0,0,0.7041,0.204422,1.028160,1,0,16.5268,0,0,0,16.5268,0
45.4594,2.32008,0,0,0.982247,0.0488815,0.36288,3.6288,55.4733,0.589205,0,0,0.723848,0.311233,0,0.66528,12.849,1,0.631463,0.36288,0,17.0071,5.74203,10.9964,0.84672,12.849,0.84672,3695.15,0,18.483,0.0978462,0.204422,1.91285,3.71471,1.52406,4.21007,0.42336,9.2415,0.21168,9.2415,0.21168,442.007,0,0.96294,0,0,1.16736,0.204422,1.028160,1,0,15.2065,0,0,0,15.2065,0
44.2517,2.22223,0,0,1.4282,0.0508111,0.36288,3.6288,55.2414,0.638086,0,0,0.671569,0.265427,0,0.66528,12.849,1,0.628109,0.36288,0,26.2557,4.88478,21.1057,0.84672,12.849,0.84672,3695.15,0,18.483,0.106301,0.204422,1.91302,4.16752,1.41549,4.76317,0.42336,9.2415,0.21168,9.2415,0.21168,442.007,0,0.826356,0,0,1.03078,0.204422,1.028160,1,0,25.8688,0,0,0,25.8688,0
43.0046,2.20277,0,0,1.36978,0.0512552,0.36288,3.6288,55.5665,0.464941,0,0,1.03688,0.246872,0,0.66528,12.849,1,0.6396,0.36288,0,25.8654,4.54188,21.0468,0.84672,12.849,0.84672,3695.15,0,18.483,0.0777813,0.78078,1.83237,5.01014,1.37207,6.17344,0.42336,9.2415,0.21168,9.2415,0.21168,442.007,0,1.02816,0,0,1.80894,0.78078,1.028160,1,0,27.2202,0,0,0,27.2202,0
41.5979,2.1819,0,0,1.18869,0.050528,0.36288,3.6288,55.2637,0.629115,0,0,0.573774,0.2474,0,0.66528,12.849,1,0.651912,0.36288,0,26.5588,4.54188,21.7278,0.84672,12.849,0.84672,3695.15,0,18.483,0.104631,0.216518,1.83253,3.71622,1.37207,4.28857,0.42336,9.2415,0.21168,9.2415,0.21168,442.007,0,0.837276,0,0,1.05379,0.216518,1.028160,1,0,26.0164,0,0,0,26.0164,0
40.1843,2.15734,0,0,1.15632,0.0497077,0.36288,3.6288,54.8416,0.706015,0,0,0.530801,0.246909,0,0.66528,12.849,1,0.66637,0.36288,0,24.2609,4.54188,19.4156,0.84672,12.849,0.84672,3695.15,0,18.483,0.118064,0.216518,1.8327,3.65156,1.37207,4.21064,0.42336,9.2415,0.21168,9.2415,0.21168,442.007,0,0.747084,0,0,0.963602,0.216518,1.028160,1,0,23.6262,0,0,0,23.6262,0
39.3734,2.07646,0,0,1.78082,0.152395,0.36288,3.6288,55.037,0.450437,0,0,0.798972,0.153138,0,0.66528,12.849,1,0.66395,0.36288,0,41.1673,3.36447,37.5017,0.84672,12.849,0.84672,3695.15,0,18.483,0.0759042,0.216518,1.83286,6.10277,0.945021,7.13122,0.42336,9.2415,0.21168,9.2415,0.21168,442.007,0,0.972665,0,0,1.18918,0.216518,1.028160,1,0,44.6329,0,0,0,44.6329,0
37.7656,2.06158,0,0,0.974298,0.157622,0.36288,3.6288,54.235,0.923731,0,0,0.296862,0.175126,0,0.66528,12.849,1,0.67277,0.36288,0,16.0323,4.05447,11.6679,0.84672,12.849,0.84672,3695.15,0,18.483,0.155108,0.216518,1.76118,3.15363,1.01312,3.96309,0.42336,9.2415,0.21168,9.2415,0.21168,442.007,0,0.420301,0,0,0.636819,0.216518,1.028160,1,0,15.631,0,0,0,15.631,0
36.2206,2.03069,0,0,1.00322,0.154702,0.36288,3.6288,54.0913,0.402524,0,0,0.432978,0.174202,0,0.66528,12.849,1,0.690902,0.36288,0,16.2661,4.05447,11.8836,0.84672,12.849,0.84672,3695.15,0,18.483,0.068589,0.230426,1.76133,4.33935,1.01312,5.2494,0.42336,9.2415,0.21168,9.2415,0.21168,442.007,0,1.02816,0,0,1.25859,0.230426,1.028160,1,0,17.133,0,0,0,17.133,0
36.5182,1.9994,0,0,2.81178,0.151897,0.36288,3.6288,54.8111,0.402482,0,0,1.29637,0.174036,0,0.66528,12.849,1,0.709272,0.36288,0,50.382,4.05447,45.9811,0.84672,12.849,0.84672,3695.15,0,18.483,0.0687641,1.52624,1.76149,9.00846,1.01312,11.2143,0.42336,9.2415,0.21168,9.2415,0.21168,442.007,0,1.02816,0,0,2.5544,1.52624,1.028160,1,0,57.1954,0,0,0,57.1954,0
35.9262,1.85471,0,0,1.80997,0.18443,0.36288,3.6288,54.8166,0.632696,0,0,0.78301,0.144827,0,0.66528,12.849,1,0.652583,0.36288,0,31.3855,3.61917,27.4766,0.84672,12.849,0.84672,3695.15,0,18.483,0.106677,0.292723,1.76165,5.35757,0.889815,6.41545,0.42336,9.2415,0.21168,9.2415,0.21168,442.007,0,0.609543,0,0,0.902267,0.292723,1.028160,1,0,33.8921,0,0,0,33.8921,0
34.8186,1.84343,0,0,1.28676,0.188019,0.36288,3.6288,54.783,0.439903,0,0,0.566774,0.16045,0,0.66528,12.849,1,0.659302,0.36288,0,40.4177,4.32285,35.7984,0.84672,12.849,0.84672,3695.15,0,18.483,0.0741631,0.292723,1.6,4.34583,0.963046,5.20134,0.42336,9.2415,0.21168,9.2415,0.21168,442.007,0,0.83497,0,0,1.12769,0.292723,1.028160,1,0,40.9997,0,0,0,40.9997,0
33.8885,1.82153,0,0,1.43981,0.185521,0.36288,3.6288,54.862,0.358919,0,0,0.598331,0.160414,0,0.66528,12.849,1,0.672193,0.36288,0,41.3052,4.32285,36.6731,0.84672,12.849,0.84672,3695.15,0,18.483,0.0605471,0.292723,1.60014,4.55548,0.963046,5.42475,0.42336,9.2415,0.21168,9.2415,0.21168,442.007,0,0.92969,0,0,1.22241,0.292723,1.028160,1,0,42.0978,0,0,0,42.0978,0
33.0621,1.65221,0,0,1.37218,0.183423,0.36288,3.6288,54.721,0.525183,0,0,0.544626,0.160498,0,0.66528,12.849,1,0.626444,0.36288,0,40.0616,4.32285,35.4752,0.84672,12.849,0.84672,3695.15,0,18.483,0.088467,0.412474,1.60028,3.25425,0.963046,4.21549,0.42336,9.2415,0.21168,9.2415,0.21168,442.007,0,0.623134,0,0,1.03561,0.412474,1.028160,1,0,39.6907,0,0,0,39.6907,0
32.0653,1.63622,0,0,1.18309,0.180832,0.36288,3.6288,54.5138,0.544352,0,0,0.509676,0.172508,0,0.66528,12.849,1,0.635886,0.36288,0,34.9102,4.20186,30.4353,0.84672,12.849,0.84672,3695.15,0,18.483,0.0919324,0.412474,1.46699,3.15588,0.92285,4.02057,0.42336,9.2415,0.21168,9.2415,0.21168,442.007,0,0.60061,0,0,1.01308,0.412474,1.028160,1,0,34.4559,0,0,0,34.4559,0
31.8118,1.61609,0,0,1.90977,0.184255,0.36288,3.6288,54.8974,0.178477,0,0,0.751683,0.189577,0,0.66528,12.849,1,0.647591,0.36288,0,54.7195,3.55189,50.8828,0.84672,12.849,0.84672,3695.15,0,18.483,0.0302565,0.560684,1.46712,5.87739,0.880166,6.99478,0.42336,9.2415,0.21168,9.2415,0.21168,442.007,0,1.02816,0,0,1.58884,0.560684,1.028160,1,0,57.8776,0,0,0,57.8776,0
32.165,1.66147,0,0,2.57475,0.197218,0.36288,3.6288,55.4274,0.212984,0,0,0.9133,0.170284,0,0.66528,12.849,1,0.671076,0.36288,0,86.4268,3.28209,82.8365,0.84672,12.849,0.84672,3695.15,0,18.483,0.035854,0.803987,1.46712,8.92434,0.921177,10.2384,0.42336,9.2415,0.21168,9.2415,0.21168,442.007,0,1.02816,0,0,1.83215,0.803987,1.028160,1,0,93.0749,0,0,0,93.0749,0
33.5111,1.66911,0,0,3.57614,0.198097,0.36288,3.6288,56.4602,0.213368,0,0,1.41699,0.170878,0,0.66528,12.849,1,0.666763,0.36288,0,99.6218,3.28209,96.0358,0.84672,12.849,0.84672,3695.15,0,18.483,0.0355751,1.08736,1.51418,8.38184,0.921177,10.0266,0.42336,9.2415,0.21168,9.2415,0.21168,442.007,0,1.02816,0,0,2.11552,1.08736,1.028160,1,0,106.062,0,0,0,106.062,0
39.2258,1.69701,0,0,7.97603,0.201447,0.36288,3.6288,57.95,0.214017,0,0,1.87588,0.172037,0,0.66528,12.849,1,0.650675,0.36288,0,109.988,3.28209,106.418,0.84672,12.849,0.84672,3695.15,0,18.483,0.0350307,1.92553,1.5143,13.2562,0.921177,15.7398,0.42336,9.2415,0.21168,9.2415,0.21168,442.007,0,1.02816,0,0,2.95369,1.92553,1.028160,1,0,122.158,0,0,0,122.158,0
46.3602,1.93249,0,0,9.61946,0.189707,0.36288,3.6288,59.6871,0.295044,0,0,2.18919,0.157105,0,0.66528,12.849,1,0.633017,0.36288,0,153.208,3.20112,149.737,0.84672,12.849,0.84672,3695.15,0,18.483,0.0470518,2.20072,1.51443,17.2823,0.889493,20.0609,0.42336,9.2415,0.21168,9.2415,0.21168,442.007,0,1.02816,0,0,3.22888,2.20072,1.028160,1,0,169.798,0,0,0,169.798,0
47.7166,2.28374,0,0,4.23566,0.232586,0.36288,3.6288,60.2689,0.458339,0,0,1.19485,0.154713,0,0.66528,12.849,1,0.632953,0.36288,0,81.8666,3.82494,77.7716,0.84672,12.849,0.84672,3695.15,0,18.483,0.0709658,1.22041,1.62476,8.09974,0.796222,10.0777,0.42336,9.2415,0.21168,9.2415,0.21168,442.007,0,1.02816,0,0,2.24857,1.22041,1.028160,1,0,87.8493,0,0,0,87.8493,0
52.1514,2.30508,0,0,7.33406,0.23127,0.36288,3.6288,61.1389,0.459044,0,0,1.48637,0.157334,0,0.66528,12.849,1,0.620705,0.36288,0,119.832,3.81244,115.762,0.84672,12.849,0.84672,3695.15,0,18.483,0.0703889,1.95141,1.8352,10.3301,0.787853,13.2584,0.42336,9.2415,0.21168,9.2415,0.21168,442.007,0,1.02816,0,0,2.97957,1.95141,1.028160,1,0,129.021,0,0,0,129.021,0
55.3012,2.36902,0,0,6.10944,0.227748,0.36288,3.6288,61.308,0.460026,0,0,1.54278,0.214332,0.699273,0.66528,12.849,1,0.583675,0.36288,0,144.154,3.45793,140.475,0.84672,12.849,0.84672,3695.15,0,18.483,0.0695356,1.99532,1.83535,11.3007,0.910911,14.1509,0.42336,9.2415,0.21168,9.2415,0.21168,442.007,0,1.02816,0,0,3.02348,1.99532,1.028160,1,0,155.326,0,0,0,155.326,0
57.1439,2.41006,0,0,4.88638,0.27075,0.36288,3.6288,61.308,0.460304,0,0,1.4004,0.200061,0.740033,0.66528,12.849,1,0.559966,0.36288,0,89.2275,3.47069,85.5598,0.84672,12.849,0.84672,3695.15,0,18.483,0.0693857,1.60728,1.8355,9.25068,0.943597,11.6805,0.42336,9.2415,0.21168,9.2415,0.21168,442.007,0,1.02816,0,0,2.63544,1.60728,1.028160,1,0,97.9803,0,0,0,97.9803,0
57.842,2.12429,0,0,3.45533,0.270076,0.36288,3.6288,61.308,0.269258,0,0,1.12897,0.18604,0.673674,0.66528,12.849,1,0.477654,0.36288,0,61.4981,3.86452,57.5188,0.84672,12.849,0.84672,3695.15,0,18.483,0.0405876,0.931107,1.83565,7.12886,0.839015,9.01602,0.42336,9.2415,0.21168,9.2415,0.21168,442.007,0,1.02816,0,0,1.95927,0.931107,1.028160,1,0,67.2084,0,0,0,67.2084,0
58.5623,2.13164,0,0,3.48678,0.27193,0.36288,3.6288,61.308,0.269353,0,0,1.40539,0.18604,0.949998,0.66528,12.849,1,0.473522,0.36288,0,81.6434,3.86452,77.6683,0.84672,12.849,0.84672,3695.15,0,18.483,0.040602,1.30692,1.58573,8.96132,0.839015,10.9744,0.42336,9.2415,0.21168,9.2415,0.21168,442.007,0,1.02816,0,0,2.33508,1.30692,1.028160,1,0,89.5926,0,0,0,89.5926,0
60.582,2.13909,0,0,4.79542,0.273842,0.36288,3.6288,61.308,0.269449,0,0,1.54531,0.18604,1.08982,0.66528,12.849,1,0.469331,0.36288,0,124.26,3.86452,120.289,0.84672,12.849,0.84672,3695.15,0,18.483,0.0406164,1.32634,1.58586,10.7457,0.839015,12.7783,0.42336,9.2415,0.21168,9.2415,0.21168,442.007,0,1.02816,0,0,2.3545,1.32634,1.028160,1,0,134.157,0,0,0,134.157,0
63.0329,2.15898,0,0,5.25052,0.27771,0.36288,3.6288,61.308,0.269545,0,0,1.38357,0.19437,0.919652,0.66528,12.849,1,0.457903,0.36288,0,116.618,4.04964,112.474,0.84672,12.849,0.84672,3695.15,0,18.483,0.0406309,1.52902,1.58599,11.3479,0.889474,13.5329,0.42336,9.2415,0.21168,9.2415,0.21168,442.007,0,1.02816,0,0,2.55718,1.52902,1.028160,1,0,126.926,0,0,0,126.926,0
63.3852,2.18182,0,0,3.20864,0.311615,0.36288,3.6288,61.308,0.26964,0,0,1.11861,0.20307,0.645902,0.66528,12.849,1,0.444756,0.36288,0,67.9647,4.81661,63.0662,0.84672,12.849,0.84672,3695.15,0,18.483,0.0406453,0.883362,1.58612,7.60536,1.04861,8.98558,0.42336,9.2415,0.21168,9.2415,0.21168,442.007,0,1.02816,0,0,1.91152,0.883362,1.028160,1,0,72.6977,0,0,0,72.6977,0
64.7268,2.265,0,0,4.2967,0.327287,0.36288,3.6288,61.308,0.31652,0,0,1.60385,0.18656,1.10077,0.66528,12.849,1,0.459144,0.36288,0,82.1864,4.67911,77.411,0.84672,12.849,0.84672,3695.15,0,18.483,0.0477118,1.53636,1.58625,10.2325,0.991168,12.3162,0.42336,9.2415,0.21168,9.2415,0.21168,442.007,0,1.02816,0,0,2.56452,1.53636,1.028160,1,0,90.828,0,0,0,90.828,0
66.0092,2.27738,0,0,4.2184,0.295675,0.36288,3.6288,61.308,0.316619,0,0,1.61188,0.206883,1.08838,0.66528,12.849,1,0.452086,0.36288,0,86.8415,4.81863,81.9337,0.84672,12.849,0.84672,3695.15,0,18.483,0.0477268,1.79519,1.64815,9.68492,1.04201,12.0385,0.42336,9.2415,0.21168,9.2415,0.21168,442.007,0,1.02816,0,0,2.82335,1.79519,1.028160,1,0,95.0606,0,0,0,95.0606,0
66.0811,2.28888,0,0,3.00466,0.280993,0.36288,3.6288,61.308,0.316719,0,0,1.01874,0.2194,0.482624,0.66528,12.849,1,0.445542,0.36288,0,71.5211,4.31781,67.1206,0.84672,12.849,0.84672,3695.15,0,18.483,0.0477418,0.745407,1.64829,6.21794,1.08374,7.48015,0.42336,9.2415,0.21168,9.2415,0.21168,442.007,0,1.02816,0,0,1.77357,0.745407,1.028160,1,0,75.0834,0,0,0,75.0834,0
65.9988,2.2897,0,0,2.84088,0.270592,0.36288,3.6288,61.308,0.316818,0,0,0.984597,0.219226,0.448553,0.66528,12.849,1,0.445215,0.36288,0,61.3036,4.51879,56.7024,0.84672,12.849,0.84672,3695.15,0,18.483,0.0477569,0.825535,1.64842,6.20708,1.10395,7.52933,0.42336,9.2415,0.21168,9.2415,0.21168,442.007,0,1.02816,0,0,1.85369,0.825535,1.028160,1,0,64.6803,0,0,0,64.6803,0
65.8599,2.25762,0,0,2.74956,0.268004,0.36288,3.6288,61.308,0.298742,0,0,0.91203,0.22801,0.385278,0.66528,12.849,1,0.439525,0.36288,0,58.1629,5.15198,52.9343,0.84672,12.849,0.84672,3695.15,0,18.483,0.045032,0.997894,1.64856,6.447,1.15668,7.89173,0.42336,9.2415,0.21168,9.2415,0.21168,442.007,0,1.02816,0,0,2.02605,0.997894,1.028160,1,0,61.2113,0,0,0,61.2113,0
65.5565,2.25661,0,0,2.52105,0.204946,0.36288,3.6288,61.308,0.29884,0,0,0.982938,0.207636,0.476463,0.66528,12.849,1,0.440256,0.36288,0,54.9316,4.06801,50.7862,0.84672,12.849,0.84672,3695.15,0,18.483,0.0450468,0.779147,1.62464,6.07027,1.03195,7.39707,0.42336,9.2415,0.21168,9.2415,0.21168,442.007,0,1.02816,0,0,1.80731,0.779147,1.028160,1,0,58.6597,0,0,0,58.6597,0
65.0746,2.25418,0,0,2.3396,0.20445,0.36288,3.6288,61.308,0.298938,0,0,0.948879,0.207636,0.442306,0.66528,12.849,1,0.441816,0.36288,0,47.0194,4.06801,42.8724,0.84672,12.849,0.84672,3695.15,0,18.483,0.0450616,0.639092,1.62478,5.56364,1.03195,6.7505,0.42336,9.2415,0.21168,9.2415,0.21168,442.007,0,1.02816,0,0,1.66725,0.639092,1.028160,1,0,50.0653,0,0,0,50.0653,0
64.5148,2.25016,0,0,2.25692,0.203662,0.36288,3.6288,61.308,0.299036,0,0,0.879371,0.207636,0.372699,0.66528,12.849,1,0.444295,0.36288,0,43.4145,4.06801,39.2651,0.84672,12.849,0.84672,3695.15,0,18.483,0.0450764,0.506408,1.62491,5.52893,1.03195,6.58323,0.42336,9.2415,0.21168,9.2415,0.21168,442.007,0,1.02816,0,0,1.53457,0.506408,1.028160,1,0,46.221,0,0,0,46.221,0
63.4491,2.35192,0,0,1.82447,0.175355,0.36288,3.6288,61.308,0.367803,0,0,0.793195,0.252123,0.173269,0.66528,12.849,1,0.468418,0.36288,0,34.8487,4.8596,29.8836,0.84672,12.849,0.84672,3695.15,0,18.483,0.0554422,0.402797,1.62504,4.87903,1.15655,5.69487,0.42336,9.2415,0.21168,9.2415,0.21168,442.007,0,1.02334,0,0,1.42614,0.402797,1.028160,1,0,35.7518,0,0,0,35.7518,0
62.24,2.34208,0,0,1.63287,0.137039,0.36288,3.6288,61.308,0.380813,0,0,0.628527,0.2401,0.00761394,0.66528,12.849,1,0.474292,0.36288,0,30.9426,4.51237,26.3188,0.84672,12.849,0.84672,3695.15,0,18.483,0.0574033,0.402797,1.7093,4.47838,1.13395,5.39912,0.42336,9.2415,0.21168,9.2415,0.21168,442.007,0,1.00849,0,0,1.41128,0.402797,1.028160,1,0,31.7255,0,0,0,31.7255,0
60.9597,2.33058,0,0,1.53477,0.12163,0.36288,3.6288,61.308,0.36382,0,0,0.654584,0.243671,0.0470931,0.66528,12.849,1,0.481132,0.36288,0,28.5013,4.62073,23.7623,0.84672,12.849,0.84672,3695.15,0,18.483,0.0548418,0.38664,1.70944,4.55152,1.1139,5.47886,0.42336,9.2415,0.21168,9.2415,0.21168,442.007,0,1.02816,0,0,1.4148,0.38664,1.028160,1,0,29.2883,0,0,0,29.2883,0
59.6332,2.31802,0,0,1.4748,0.12035,0.36288,3.6288,61.308,0.363923,0,0,0.666827,0.243671,0.0592324,0.66528,12.849,1,0.48859,0.36288,0,26.869,4.62073,22.1226,0.84672,12.849,0.84672,3695.15,0,18.483,0.0548574,0.316224,1.70958,4.53847,1.1139,5.39552,0.42336,9.2415,0.21168,9.2415,0.21168,442.007,0,1.02816,0,0,1.34438,0.316224,1.028160,1,0,27.5773,0,0,0,27.5773,0
58.5915,2.30458,0,0,1.73353,0.107828,0.36288,3.6288,61.1084,0.596496,0,0,0.650609,0.253763,0,0.66528,12.849,1,0.496561,0.36288,0,32.731,5.16029,27.437,0.84672,12.849,0.84672,3695.15,0,18.483,0.0899152,0.30119,1.70972,3.66014,1.20059,4.38055,0.42336,9.2415,0.21168,9.2415,0.21168,442.007,0,0.760648,0,0,1.06184,0.30119,1.028160,1,0,31.8176,0,0,0,31.8176,0
57.6486,2.2732,0,0,1.7956,0.102354,0.36288,3.6288,60.712,0.769297,0,0,0.630444,0.257474,0,0.66528,12.849,1,0.498509,0.36288,0,35.2541,5.37611,29.7424,0.84672,12.849,0.84672,3695.15,0,18.483,0.116342,0.30119,1.70986,3.55612,1.23526,4.21557,0.42336,9.2415,0.21168,9.2415,0.21168,442.007,0,0.602338,0,0,0.903528,0.30119,1.028160,1,0,33.958,0,0,0,33.958,0
56.5628,2.26325,0,0,1.64167,0.101419,0.36288,3.6288,60.3508,0.719703,0,0,0.615312,0.256828,0,0.66528,12.849,1,0.504445,0.36288,0,34.7563,5.37611,29.2386,0.84672,12.849,0.84672,3695.15,0,18.483,0.109552,0.261274,1.73622,3.51239,1.23526,4.16507,0.42336,9.2415,0.21168,9.2415,0.21168,442.007,0,0.658843,0,0,0.920117,0.261274,1.028160,1,0,33.4037,0,0,0,33.4037,0
55.3484,2.25147,0,0,1.50037,0.100342,0.36288,3.6288,59.8347,0.835257,0,0,0.575412,0.25624,0,0.66528,12.849,1,0.511451,0.36288,0,32.6914,5.37611,27.1667,0.84672,12.849,0.84672,3695.15,0,18.483,0.127903,0.261274,1.73636,3.34234,1.23526,3.97681,0.42336,9.2415,0.21168,9.2415,0.21168,442.007,0,0.525061,0,0,0.786335,0.261274,1.028160,1,0,31.1436,0,0,0,31.1436,0
53.9974,2.23786,0,0,1.33168,0.0820281,0.36288,3.6288,59.1696,0.883764,0,0,0.518647,0.299962,0,0.66528,12.849,1,0.519514,0.36288,0,27.8546,5.911,21.7869,0.84672,12.849,0.84672,3695.15,0,18.483,0.136498,0.261274,1.73651,2.97464,1.43798,3.39794,0.42336,9.2415,0.21168,9.2415,0.21168,442.007,0,0.468082,0,0,0.729356,0.261274,1.028160,1,0,25.1849,0,0,0,25.1849,0
52.6586,2.27405,0,0,1.36534,0.0671952,0.36288,3.6288,58.5533,0.889215,0,0,0.606789,0.33388,0,0.66528,12.849,1,0.541123,0.36288,0,31.0967,6.26021,24.6582,0.84672,12.849,0.84672,3695.15,0,18.483,0.138883,0.261274,1.73665,2.96102,1.58413,3.23593,0.42336,9.2415,0.21168,9.2415,0.21168,442.007,0,0.49674,0,0,0.758013,0.261274,1.028160,1,0,27.8941,0,0,0,27.8941,0
51.2146,2.25757,0,0,1.24278,0.0662825,0.36288,3.6288,57.8473,0.87392,0,0,0.500481,0.332562,0,0.66528,12.849,1,0.55086,0.36288,0,25.0466,6.26021,18.5984,0.84672,12.849,0.84672,3695.15,0,18.483,0.137931,0.261274,1.77859,2.75147,1.58413,3.06927,0.42336,9.2415,0.21168,9.2415,0.21168,442.007,0,0.513112,0,0,0.774386,0.261274,1.028160,1,0,21.6677,0,0,0,21.6677,0
49.6776,2.2391,0,0,1.13028,0.0652981,0.36288,3.6288,57.0349,0.94744,0,0,0.466093,0.331051,0,0.66528,12.849,1,0.561757,0.36288,0,23.3491,6.26021,16.89,0.84672,12.849,0.84672,3695.15,0,18.483,0.15136,0.227405,1.77873,2.45209,1.58413,2.72274,0.42336,9.2415,0.21168,9.2415,0.21168,442.007,0,0.426289,0,0,0.653694,0.227405,1.028160,1,0,19.6127,0,0,0,19.6127,0
48.2689,2.2186,0,0,1.23088,0.0581503,0.36288,3.6288,56.4582,0.799309,0,0,0.550163,0.327561,0,0.66528,12.849,1,0.573835,0.36288,0,23.4596,6.36834,16.8803,0.84672,12.849,0.84672,3695.15,0,18.483,0.129514,0.227405,1.77888,3.4671,1.61004,3.73384,0.42336,9.2415,0.21168,9.2415,0.21168,442.007,0,0.596391,0,0,0.823795,0.227405,1.028160,1,0,20.6141,0,0,0,20.6141,0
46.3693,2.34589,0,0,0.865331,0.0561672,0.36288,3.6288,55.3404,1.16538,0,0,0.369025,0.321433,0,0.66528,12.849,1,0.624467,0.36288,0,16.0444,6.08118,9.70163,0.84672,12.849,0.84672,3695.15,0,18.483,0.190758,0.227405,1.77903,2.73564,1.51965,3.03166,0.42336,9.2415,0.21168,9.2415,0.21168,442.007,0,0.300526,0,0,0.527931,0.227405,1.028160,1,0,12.7333,0,0,0,12.7333,0
44.5205,2.31629,0,0,0.882109,0.0516987,0.36288,3.6288,54.3102,1.11244,0,0,0.408022,0.325826,0,0.66528,12.849,1,0.641847,0.36288,0,18.045,6.09966,11.6664,0.84672,12.849,0.84672,3695.15,0,18.483,0.185771,0.227405,1.92075,2.66637,1.51354,3.11522,0.42336,9.2415,0.21168,9.2415,0.21168,442.007,0,0.358588,0,0,0.585993,0.227405,1.028160,1,0,14.7816,0,0,0,14.7816,0
42.5206,2.28585,0,0,0.699417,0.0506368,0.36288,3.6288,53.0782,1.21458,0,0,0.306251,0.323621,0,0.66528,12.849,1,0.659716,0.36288,0,19.8142,6.09966,13.4177,0.84672,12.849,0.84672,3695.15,0,18.483,0.206674,0.204422,1.92091,2.1409,1.51354,2.54602,0.42336,9.2415,0.21168,9.2415,0.21168,442.007,0,0.235687,0,0,0.440109,0.204422,1.028160,1,0,15.9637,0,0,0,15.9637,0
40.7074,2.25093,0,0,0.850116,0.0494881,0.36288,3.6288,52.286,0.963974,0,0,0.49237,0.320666,0,0.66528,12.849,1,0.680192,0.36288,0,17.2719,6.09966,10.8549,0.84672,12.849,0.84672,3695.15,0,18.483,0.167838,0.204422,1.92107,3.08477,1.51354,3.52889,0.42336,9.2415,0.21168,9.2415,0.21168,442.007,0,0.525261,0,0,0.729683,0.204422,1.028160,1,0,14.3838,0,0,0,14.3838,0
39.2064,2.21735,0,0,1.09738,0.0181953,0.36288,3.6288,51.6846,0.832673,0,0,0.560603,0.329268,0,0.66528,12.849,1,0.699889,0.36288,0,27.9889,6.16608,21.4858,0.84672,12.849,0.84672,3695.15,0,18.483,0.147174,0.204422,1.92123,3.86739,1.56973,4.27614,0.42336,9.2415,0.21168,9.2415,0.21168,442.007,0,0.677363,0,0,0.881785,0.204422,1.028160,1,0,25.762,0,0,0,25.762,0
37.9775,2.1213,0,0,1.30428,0.0489869,0.36288,3.6288,51.5578,0.56568,0,0,0.725829,0.286956,0,0.66528,12.849,1,0.695208,0.36288,0,33.2548,4.94377,27.9787,0.84672,12.849,0.84672,3695.15,0,18.483,0.101147,0.204422,1.92138,4.34016,1.28795,5.07686,0.42336,9.2415,0.21168,9.2415,0.21168,442.007,0,0.910777,0,0,1.1152,0.204422,1.028160,1,0,33.0556,0,0,0,33.0556,0
36.8861,2.09702,0,0,1.46956,0.101006,0.36288,3.6288,51.8527,0.466039,0,0,1.01671,0.255855,0,0.66528,12.849,1,0.709489,0.36288,0,32.0666,4.08734,27.6326,0.84672,12.849,0.84672,3695.15,0,18.483,0.0835353,0.425434,1.84037,5.79607,1.10094,6.8774,0.42336,9.2415,0.21168,9.2415,0.21168,442.007,0,1.02816,0,0,1.45359,0.425434,1.028160,1,0,34.51,0,0,0,34.51,0
35.7253,2.07462,0,0,1.37858,0.101892,0.36288,3.6288,52.1616,0.466552,0,0,1.03292,0.257409,0,0.66528,12.849,1,0.722677,0.36288,0,39.4688,4.10361,35.0054,0.84672,12.849,0.84672,3695.15,0,18.483,0.0831518,0.382182,1.84053,5.86447,1.11025,6.89377,0.42336,9.2415,0.21168,9.2415,0.21168,442.007,0,1.02816,0,0,1.41034,0.382182,1.028160,1,0,41.8992,0,0,0,41.8992,0
34.715,2.04984,0,0,1.51223,0.109797,0.36288,3.6288,52.5546,0.467081,0,0,1.11445,0.254332,0,0.66528,12.849,1,0.737248,0.36288,0,58.5233,4.02872,54.1202,0.84672,12.849,0.84672,3695.15,0,18.483,0.0827529,0.595788,1.84068,6.68032,1.08902,7.94501,0.42336,9.2415,0.21168,9.2415,0.21168,442.007,0,1.02816,0,0,1.62395,0.595788,1.028160,1,0,62.0652,0,0,0,62.0652,0
33.423,1.97509,0,0,1.20952,0.163628,0.36288,3.6288,52.7649,0.405967,0,0,0.848969,0.232753,0,0.66528,12.849,1,0.731036,0.36288,0,43.3934,3.57935,39.4459,0.84672,12.849,0.84672,3695.15,0,18.483,0.0713874,0.591114,1.84083,5.31274,0.961634,6.71166,0.42336,9.2415,0.21168,9.2415,0.21168,442.007,0,1.02816,0,0,1.61927,0.591114,1.028160,1,0,46.1575,0,0,0,46.1575,0
32.1337,1.91355,0,0,1.14827,0.161055,0.36288,3.6288,52.4214,0.695084,0,0,0.584766,0.233146,0,0.66528,12.849,1,0.735638,0.36288,0,39.6337,3.57935,35.6816,0.84672,12.849,0.84672,3695.15,0,18.483,0.12174,0.216518,1.76882,4.75382,0.961634,5.65579,0.42336,9.2415,0.21168,9.2415,0.21168,442.007,0,0.663707,0,0,0.880226,0.216518,1.028160,1,0,41.3374,0,0,0,41.3374,0
32.0831,1.88364,0,0,2.35436,0.158487,0.36288,3.6288,53.0954,0.384678,0,0,1.29115,0.232505,0,0.66528,12.849,1,0.75319,0.36288,0,61.2216,3.57935,57.2519,0.84672,12.849,0.84672,3695.15,0,18.483,0.0678158,1.14831,1.73947,6.79695,0.961634,8.65528,0.42336,9.2415,0.21168,9.2415,0.21168,442.007,0,1.02816,0,0,2.17647,1.14831,1.028160,1,0,65.9072,0,0,0,65.9072,0
34.3809,1.88258,0,0,4.70165,0.158386,0.36288,3.6288,54.9609,0.385515,0,0,2.48473,0.233764,0,0.66528,12.849,1,0.753957,0.36288,0,112.853,3.57935,108.883,0.84672,12.849,0.84672,3695.15,0,18.483,0.0671007,3.69116,1.73961,10.9351,0.961634,15.3371,0.42336,9.2415,0.21168,9.2415,0.21168,442.007,0,1.02816,0,0,4.71932,3.69116,1.028160,1,0,124.22,0,0,0,124.22,0
35.4517,1.78972,0,0,3.40686,0.183433,0.36288,3.6288,56.1481,0.26023,0,0,1.6443,0.196827,0,0.66528,12.849,1,0.668862,0.36288,0,78.1756,3.67349,74.1961,0.84672,12.849,0.84672,3695.15,0,18.483,0.0437568,1.51356,1.73976,9.76087,0.911726,12.0587,0.42336,9.2415,0.21168,9.2415,0.21168,442.007,0,1.02816,0,0,2.54172,1.51356,1.028160,1,0,86.2548,0,0,0,86.2548,0
36.3362,1.84198,0,0,3.27863,0.189291,0.36288,3.6288,56.9688,0.280517,0,0,1.29283,0.191635,0,0.66528,12.849,1,0.667601,0.36288,0,92.2674,3.68918,88.2735,0.84672,12.849,0.84672,3695.15,0,18.483,0.0461707,1.43457,1.58011,8.7851,0.903408,10.8502,0.42336,9.2415,0.21168,9.2415,0.21168,442.007,0,1.02816,0,0,2.46273,1.43457,1.028160,1,0,99.1237,0,0,0,99.1237,0
38.4512,1.85951,0,0,4.5287,0.191311,0.36288,3.6288,57.9069,0.281185,0,0,1.41198,0.192662,0,0.66528,12.849,1,0.657549,0.36288,0,90.6206,3.68918,86.6368,0.84672,12.849,0.84672,3695.15,0,18.483,0.0456139,1.44237,1.60703,7.79303,0.903408,9.89341,0.42336,9.2415,0.21168,9.2415,0.21168,442.007,0,1.02816,0,0,2.47053,1.44237,1.028160,1,0,96.5302,0,0,0,96.5302,0
42.3533,1.89916,0,0,6.36028,0.196141,0.36288,3.6288,59.914,0.281918,0,0,2.48287,0.193837,0,0.66528,12.849,1,0.63463,0.36288,0,147.283,3.68918,143.322,0.84672,12.849,0.84672,3695.15,0,18.483,0.044992,2.2992,1.60717,16.7263,0.903408,19.6843,0.42336,9.2415,0.21168,9.2415,0.21168,442.007,0,1.02816,0,0,3.32736,2.2992,1.028160,1,0,163.006,0,0,0,163.006,0
44.8758,1.96539,0,0,5.04406,0.193278,0.36288,3.6288,61.308,0.283321,0,0,2.67355,0.194767,0.801486,0.66528,12.849,1,0.596252,0.36288,0,110.338,3.62132,106.484,0.84672,12.849,0.84672,3695.15,0,18.483,0.0437011,2.29544,1.6073,9.11507,0.985687,11.9884,0.42336,9.2415,0.21168,9.2415,0.21168,442.007,0,1.02816,0,0,3.3236,2.29544,1.028160,1,0,119.273,0,0,0,119.273,0
45.9223,2.06694,0,0,3.68747,0.211203,0.36288,3.6288,61.308,0.32236,0,0,1.24644,0.235872,0.688209,0.66528,12.849,1,0.591815,0.36288,0,75.9417,4.91715,70.7956,0.84672,12.849,0.84672,3695.15,0,18.483,0.0485922,1.027,1.60743,6.87233,1.34017,8.11801,0.42336,9.2415,0.21168,9.2415,0.21168,442.007,0,1.02816,0,0,2.05516,1.027,1.028160,1,0,79.6018,0,0,0,79.6018,0
47.6713,2.08276,0,0,4.4084,0.213699,0.36288,3.6288,61.308,0.322452,0,0,1.4206,0.235872,0.862273,0.66528,12.849,1,0.582753,0.36288,0,139.791,4.91715,134.654,0.84672,12.849,0.84672,3695.15,0,18.483,0.048606,1.06211,1.65897,7.22079,1.34017,8.5531,0.42336,9.2415,0.21168,9.2415,0.21168,442.007,0,1.02816,0,0,2.09027,1.06211,1.028160,1,0,144.069,0,0,0,144.069,0
54.2624,2.10803,0,0,9.27989,0.217873,0.36288,3.6288,61.308,0.322544,0,0,3.61795,0.235872,3.05953,0.66528,12.849,1,0.568185,0.36288,0,177.694,4.91715,172.571,0.84672,12.849,0.84672,3695.15,0,18.483,0.0486199,3.38156,1.6591,13.7212,1.34017,17.3731,0.42336,9.2415,0.21168,9.2415,0.21168,442.007,0,1.02816,0,0,4.40972,3.38156,1.028160,1,0,193.004,0,0,0,193.004,0
60.5964,2.19253,0,0,9.12652,0.237149,0.36288,3.6288,61.308,0.322636,0,0,2.46209,0.230609,1.90884,0.66528,12.849,1,0.519176,0.36288,0,325.964,4.62942,321.178,0.84672,12.849,0.84672,3695.15,0,18.483,0.0486338,2.01517,1.65922,10.7208,1.26271,13.0838,0.42336,9.2415,0.21168,9.2415,0.21168,442.007,0,1.02816,0,0,3.04333,2.01517,1.028160,1,0,336.171,0,0,0,336.171,0
63.9897,2.48161,0,0,6.52611,0.288261,0.36288,3.6288,61.308,0.465728,0,0,3.28444,0.207925,2.61078,0.66528,12.849,1,0.526207,0.36288,0,156.73,3.97477,152.591,0.84672,12.849,0.84672,3695.15,0,18.483,0.0702033,2.6847,1.65935,10.5064,1.10191,13.6783,0.42336,9.2415,0.21168,9.2415,0.21168,442.007,0,1.02816,0,0,3.71286,2.6847,1.028160,1,0,168.881,0,0,0,168.881,0
67.7085,2.51746,0,0,6.89551,0.296406,0.36288,3.6288,61.308,0.465831,0,0,3.64967,0.207925,2.97592,0.66528,12.849,1,0.505501,0.36288,0,187.837,3.97477,183.72,0.84672,12.849,0.84672,3695.15,0,18.483,0.0702188,3.23247,1.84301,12.1484,1.10191,16.0517,0.42336,9.2415,0.21168,9.2415,0.21168,442.007,0,1.02816,0,0,4.26063,3.23247,1.028160,1,0,202.747,0,0,0,202.747,0
70.5985,2.55365,0,0,6.11258,0.306061,0.36288,3.6288,61.308,0.465933,0,0,3.26344,0.203547,2.59396,0.66528,12.849,1,0.484604,0.36288,0,167.268,3.89916,163.247,0.84672,12.849,0.84672,3695.15,0,18.483,0.0702343,2.82317,1.84315,11.5319,1.08023,15.0477,0.42336,9.2415,0.21168,9.2415,0.21168,442.007,0,1.02816,0,0,3.85133,2.82317,1.028160,1,0,180.889,0,0,0,180.889,0
72.29,2.57982,0,0,6.02027,0.31749,1.43146,3.6288,61.308,0.466036,0,0,2.91851,0.177283,2.27519,0.66528,12.849,1,0.46953,1.43146,0,147.079,3.44547,144.595,0.84672,12.849,0.84672,3695.15,0,18.483,0.0702498,2.92829,1.84329,10.8217,0.950141,14.5729,0.42336,9.2415,0.21168,9.2415,0.21168,442.007,0,1.02816,0,0,3.95645,2.92829,1.028160,1,0,161.443,0,0,0,161.443,0
72.29,2.26562,0,0,6.42912,0.298947,3.86456,3.6288,61.308,0.274173,0,0,5.23145,0.184305,4.77297,0.66528,12.849,1,0.402696,3.86456,0,296.759,3.19998,297.021,0.84672,12.849,0.84672,3695.15,0,18.483,0.0413286,4.4967,1.84342,14.1824,0.817224,19.664,0.42336,9.2415,0.21168,9.2415,0.21168,442.007,0,1.02816,0,0,5.52486,4.4967,1.028160,1,0,321.458,0,0,0,321.458,0
72.29,2.26579,0,0,7.1369,0.298947,4.57216,3.6288,61.308,0.274262,0,0,3.84543,0.184305,3.38686,0.66528,12.849,1,0.402727,4.57216,0,225.831,3.19998,226.801,0.84672,12.849,0.84672,3695.15,0,18.483,0.0413419,5.66062,1.59243,14.8373,0.817224,21.2318,0.42336,9.2415,0.21168,9.2415,0.21168,442.007,0,1.02816,0,0,6.68878,5.66062,1.028160,1,0,251.42,0,0,0,251.42,0
72.29,2.26596,0,0,13.0577,0.298947,10.4928,3.6288,61.308,0.27435,0,0,8.32706,0.184305,7.8684,0.66528,12.849,1,0.402757,10.4928,0,246.536,3.19998,253.426,0.84672,12.849,0.84672,3695.15,0,18.483,0.0413552,7.93627,1.59255,21.7612,0.817224,30.4315,0.42336,9.2415,0.21168,9.2415,0.21168,442.007,0,1.02816,0,0,8.96443,7.93627,1.028160,1,0,291.726,0,0,0,291.726,0
72.29,2.26613,0,0,7.98258,0.300543,5.41591,3.6288,61.308,0.274439,0,0,4.11581,0.116177,3.7252,0.66528,12.849,1,0.402788,5.41591,0,222.104,2.88741,224.23,0.84672,12.849,0.84672,3695.15,0,18.483,0.0413686,4.31033,1.59267,14.4418,0.704577,19.5988,0.42336,9.2415,0.21168,9.2415,0.21168,442.007,0,1.02816,0,0,5.33849,4.31033,1.028160,1,0,247.554,0,0,0,247.554,0
72.29,2.2663,0,0,5.68547,0.306037,3.11314,3.6288,61.308,0.274527,0,0,3.61596,0.135458,3.20598,0.66528,12.849,1,0.402818,3.11314,0,135.75,3.3497,135.111,0.84672,12.849,0.84672,3695.15,0,18.483,0.0413819,3.49419,1.59279,8.21232,0.692199,12.5657,0.42336,9.2415,0.21168,9.2415,0.21168,442.007,0,1.02816,0,0,4.52235,3.49419,1.028160,1,0,150.882,0,0,0,150.882,0
72.29,2.34929,0,0,4.77405,0.309957,2.11481,3.6288,61.308,0.321595,0,0,3.59993,0.158435,3.11989,0.66528,12.849,1,0.417568,2.11481,0,116.751,3.73548,114.712,0.84672,12.849,0.84672,3695.15,0,18.483,0.0484769,3.39421,1.59291,5.73229,0.696996,9.97393,0.42336,9.2415,0.21168,9.2415,0.21168,442.007,0,1.02816,0,0,4.42237,3.39421,1.028160,1,0,127.806,0,0,0,127.806,0
72.29,2.34946,0,0,5.73474,0.309957,3.07532,3.6288,61.308,0.321687,0,0,3.32432,0.158435,2.8442,0.66528,12.849,1,0.417599,3.07532,0,102.629,3.73548,101.552,0.84672,12.849,0.84672,3695.15,0,18.483,0.0484907,4.00203,1.65506,11.2716,0.696996,16.1832,0.42336,9.2415,0.21168,9.2415,0.21168,442.007,0,1.02816,0,0,5.03019,4.00203,1.028160,1,0,120.579,0,0,0,120.579,0
72.29,2.34964,0,0,5.27074,0.292976,2.62812,3.6288,61.308,0.321779,0,0,3.62967,0.141642,3.16625,0.66528,12.849,1,0.417631,2.62812,0,146.907,2.80956,146.308,0.84672,12.849,0.84672,3695.15,0,18.483,0.0485046,4.50124,1.65519,8.74377,0.540065,14.3116,0.42336,9.2415,0.21168,9.2415,0.21168,442.007,0,1.02816,0,0,5.5294,4.50124,1.028160,1,0,163.786,0,0,0,163.786,0
72.29,2.34982,0,0,4.15265,0.269834,1.533,3.6288,61.308,0.321871,0,0,2.70707,0.176969,2.20823,0.66528,12.849,1,0.417662,1.533,0,85.873,3.47776,83.5105,0.84672,12.849,0.84672,3695.15,0,18.483,0.0485184,3.20343,1.65531,6.17811,0.704266,10.2841,0.42336,9.2415,0.21168,9.2415,0.21168,442.007,0,1.02816,0,0,4.23159,3.20343,1.028160,1,0,96.0028,0,0,0,96.0028,0
72.29,2.31761,0,0,3.69737,0.242562,1.1372,3.6288,61.308,0.303711,0,0,1.63795,0.204665,1.12957,0.66528,12.849,1,0.411937,1.1372,0,79.0681,4.58601,75.2073,0.84672,12.849,0.84672,3695.15,0,18.483,0.045781,2.07058,1.65544,5.32199,0.879921,8.1223,0.42336,9.2415,0.21168,9.2415,0.21168,442.007,0,1.02816,0,0,3.09874,2.07058,1.028160,1,0,84.4592,0,0,0,84.4592,0
72.29,2.31778,0,0,3.49886,0.233147,0.947933,3.6288,61.308,0.303801,0,0,1.53061,0.207786,1.01902,0.66528,12.849,1,0.411968,0.947933,0,74.2003,4.61381,70.1225,0.84672,12.849,0.84672,3695.15,0,18.483,0.0457947,1.98063,1.63141,4.93086,0.881862,7.61524,0.42336,9.2415,0.21168,9.2415,0.21168,442.007,0,1.02816,0,0,3.00879,1.98063,1.028160,1,0,78.7567,0,0,0,78.7567,0
72.29,2.31796,0,0,3.2372,0.233147,0.686095,3.6288,61.308,0.303892,0,0,1.66459,0.207786,1.15291,0.66528,12.849,1,0.412,0.686095,0,67.4957,4.61381,63.156,0.84672,12.849,0.84672,3695.15,0,18.483,0.0458083,2.25983,1.63154,5.08949,0.881862,8.05318,0.42336,9.2415,0.21168,9.2415,0.21168,442.007,0,1.02816,0,0,3.28799,2.25983,1.028160,1,0,72.3621,0,0,0,72.3621,0
72.29,2.31813,0,0,3.06305,0.244005,0.500914,3.6288,61.308,0.303983,0,0,1.79041,0.184504,1.30192,0.66528,12.849,1,0.412031,0.500914,0,63.1826,4.39247,58.879,0.84672,12.849,0.84672,3695.15,0,18.483,0.045822,2.38316,1.63166,5.52251,0.799746,8.69176,0.42336,9.2415,0.21168,9.2415,0.21168,442.007,0,1.02816,0,0,3.41132,2.38316,1.028160,1,0,68.8727,0,0,0,68.8727,0
72.1694,2.42828,0,0,2.87208,0.201526,0.36288,3.6288,61.308,0.368819,0,0,1.44021,0.178084,0.893307,0.66528,12.849,1,0.431609,0.36288,0,54.5674,4.42979,50.0689,0.84672,12.849,0.84672,3695.15,0,18.483,0.0555954,1.67729,1.63178,4.59491,0.829695,7.01869,0.42336,9.2415,0.21168,9.2415,0.21168,442.007,0,1.02816,0,0,2.70545,1.67729,1.028160,1,0,57.9809,0,0,0,57.9809,0
71.7834,2.42752,0,0,2.59419,0.189748,0.36288,3.6288,61.308,0.368915,0,0,1.25512,0.186715,0.699495,0.66528,12.849,1,0.432194,0.36288,0,51.2553,4.52823,46.6578,0.84672,12.849,0.84672,3695.15,0,18.483,0.0556098,1.49842,1.71638,4.52198,0.868902,6.81226,0.42336,9.2415,0.21168,9.2415,0.21168,442.007,0,1.02816,0,0,2.52658,1.49842,1.028160,1,0,54.1695,0,0,0,54.1695,0
71.186,2.42465,0,0,2.3651,0.174996,0.36288,3.6288,61.308,0.36901,0,0,1.21115,0.201532,0.640605,0.66528,12.849,1,0.434004,0.36288,0,47.413,4.82167,42.5202,0.84672,12.849,0.84672,3695.15,0,18.483,0.0556242,1.46944,1.71651,4.38683,0.94898,6.56817,0.42336,9.2415,0.21168,9.2415,0.21168,442.007,0,1.02816,0,0,2.4976,1.46944,1.028160,1,0,49.729,0,0,0,49.729,0
70.5139,2.42005,0,0,2.26621,0.155358,0.36288,3.6288,61.308,0.369106,0,0,1.07349,0.221288,0.483092,0.66528,12.849,1,0.436816,0.36288,0,46.8188,5.21294,41.5319,0.84672,12.849,0.84672,3695.15,0,18.483,0.0556386,1.15456,1.71664,4.09148,1.05575,5.85129,0.42336,9.2415,0.21168,9.2415,0.21168,442.007,0,1.02816,0,0,2.18272,1.15456,1.028160,1,0,47.8663,0,0,0,47.8663,0
70.1919,2.41478,0,0,2.59957,0.143973,0.36288,3.6288,61.308,0.369201,0,0,0.998836,0.225349,0.404285,0.66528,12.849,1,0.44002,0.36288,0,52.5647,4.72645,47.7611,0.84672,12.849,0.84672,3695.15,0,18.483,0.055653,1.11085,1.71677,4.11862,1.10551,5.78508,0.42336,9.2415,0.21168,9.2415,0.21168,442.007,0,1.02816,0,0,2.13901,1.11085,1.028160,1,0,53.9505,0,0,0,53.9505,0
70.1026,2.39072,0,0,2.80006,0.135696,0.36288,3.6288,61.308,0.404895,0,0,0.981971,0.228395,0.34868,0.66528,12.849,1,0.437634,0.36288,0,58.3444,4.36159,53.908,0.84672,12.849,0.84672,3695.15,0,18.483,0.0610335,1.15982,1.7169,4.46024,1.14283,6.13309,0.42336,9.2415,0.21168,9.2415,0.21168,442.007,0,1.02816,0,0,2.18798,1.15982,1.028160,1,0,60.3898,0,0,0,60.3898,0
69.7504,2.39017,0,0,2.53644,0.135603,0.36288,3.6288,61.308,0.404994,0,0,0.938347,0.228395,0.304958,0.66528,12.849,1,0.438091,0.36288,0,57.3374,4.36159,52.9006,0.84672,12.849,0.84672,3695.15,0,18.483,0.0610483,1.05109,1.74335,4.21362,1.14283,5.80419,0.42336,9.2415,0.21168,9.2415,0.21168,442.007,0,1.02816,0,0,2.07925,1.05109,1.028160,1,0,59.0097,0,0,0,59.0097,0
69.179,2.38746,0,0,2.30946,0.130566,0.36288,3.6288,61.308,0.405092,0,0,0.887406,0.239364,0.242949,0.66528,12.849,1,0.439804,0.36288,0,50.4739,4.50274,45.8943,0.84672,12.849,0.84672,3695.15,0,18.483,0.0610631,0.852483,1.74348,4.08963,1.19435,5.43018,0.42336,9.2415,0.21168,9.2415,0.21168,442.007,0,1.02816,0,0,1.88064,0.852483,1.028160,1,0,51.5674,0,0,0,51.5674,0
68.6338,2.38291,0,0,2.30291,0.102339,0.36288,3.6288,61.308,0.40519,0,0,0.902094,0.304891,0.192013,0.66528,12.849,1,0.442591,0.36288,0,44.668,5.38437,39.2039,0.84672,12.849,0.84672,3695.15,0,18.483,0.0610779,0.907356,1.74362,4.01894,1.49841,5.11042,0.42336,9.2415,0.21168,9.2415,0.21168,442.007,0,1.02816,0,0,1.93552,0.907356,1.028160,1,0,44.5064,0,0,0,44.5064,0
68.0171,2.43403,0,0,2.28354,0.103326,0.36288,3.6288,61.308,0.437024,0,0,0.820437,0.303165,0.0802478,0.66528,12.849,1,0.455677,0.36288,0,55.3061,5.59272,49.6206,0.84672,12.849,0.84672,3695.15,0,18.483,0.0658766,0.921974,1.74375,4.45747,1.46795,5.58937,0.42336,9.2415,0.21168,9.2415,0.21168,442.007,0,1.02816,0,0,1.95013,0.921974,1.028160,1,0,55.2902,0,0,0,55.2902,0
67.2523,2.42885,0,0,2.12975,0.102829,0.36288,3.6288,61.2944,0.437125,0,0,0.726702,0.303165,0,0.66528,12.849,1,0.45883,0.36288,0,43.7518,5.59272,38.0631,0.84672,12.849,0.84672,3695.15,0,18.483,0.0658917,0.896858,1.78585,4.06864,1.46795,5.2175,0.42336,9.2415,0.21168,9.2415,0.21168,442.007,0,1.02816,0,0,1.92502,0.896858,1.028160,1,0,43.2806,0,0,0,43.2806,0
66.3021,2.42228,0,0,1.93722,0.102212,0.36288,3.6288,61.2367,0.437213,0,0,0.682595,0.303139,0,0.66528,12.849,1,0.462793,0.36288,0,40.2313,5.59272,34.5387,0.84672,12.849,0.84672,3695.15,0,18.483,0.0659196,0.595598,1.78598,3.72368,1.46795,4.5714,0.42336,9.2415,0.21168,9.2415,0.21168,442.007,0,1.02816,0,0,1.62376,0.595598,1.028160,1,0,39.1101,0,0,0,39.1101,0
65.6252,2.41391,0,0,2.19174,0.09187,0.36288,3.6288,61.308,0.43726,0,0,0.829881,0.29684,0.024435,0.66528,12.849,1,0.467803,0.36288,0,41.3729,5.73421,35.5338,0.84672,12.849,0.84672,3695.15,0,18.483,0.0659888,1.16809,1.78612,5.45912,1.50483,6.84251,0.42336,9.2415,0.21168,9.2415,0.21168,442.007,0,1.02816,0,0,2.19625,1.16809,1.028160,1,0,42.4007,0,0,0,42.4007,0
64.2678,2.5687,0,0,1.66057,0.0864275,0.36288,3.6288,61.1681,0.552012,0,0,0.690474,0.278312,0,0.66528,12.849,1,0.502935,0.36288,0,35,5.67226,29.1877,0.84672,12.849,0.84672,3695.15,0,18.483,0.0832097,0.944689,1.78625,3.90437,1.50227,5.04983,0.42336,9.2415,0.21168,9.2415,0.21168,442.007,0,1.02816,0,0,1.97285,0.944689,1.028160,1,0,34.2375,0,0,0,34.2375,0
62.5499,2.5553,0,0,1.28679,0.0865109,0.36288,3.6288,60.9083,0.551956,0,0,0.572532,0.280416,0,0.66528,12.849,1,0.510879,0.36288,0,29.6747,5.61067,23.916,0.84672,12.849,0.84672,3695.15,0,18.483,0.0833915,0.707564,1.92854,3.38651,1.48528,4.45394,0.42336,9.2415,0.21168,9.2415,0.21168,442.007,0,1.02816,0,0,1.73572,0.707564,1.028160,1,0,28.3699,0,0,0,28.3699,0
60.9617,2.53766,0,0,1.39771,0.0853102,0.36288,3.6288,60.6559,0.551757,0,0,0.579322,0.279955,0,0.66528,12.849,1,0.521287,0.36288,0,28.3611,5.61067,22.592,0.84672,12.849,0.84672,3695.15,0,18.483,0.083717,0.720455,1.92869,3.597,1.48528,4.67714,0.42336,9.2415,0.21168,9.2415,0.21168,442.007,0,1.02816,0,0,1.74862,0.720455,1.028160,1,0,27.2691,0,0,0,27.2691,0
60.1388,2.52072,0,0,2.15885,0.0981587,0.36288,3.6288,60.5249,0.551564,0,0,0.696823,0.276303,0,0.66528,12.849,1,0.531296,0.36288,0,45.8076,5.52162,40.1175,0.84672,12.849,0.84672,3695.15,0,18.483,0.0840359,1.06794,1.92883,3.80135,1.47436,5.23972,0.42336,9.2415,0.21168,9.2415,0.21168,442.007,0,1.02816,0,0,2.0961,1.06794,1.028160,1,0,45.3572,0,0,0,45.3572,0
59.7723,2.51177,0,0,2.62977,0.121591,0.36288,3.6288,60.4523,0.551515,0,0,0.746005,0.267093,0,0.66528,12.849,1,0.536653,0.36288,0,43.3469,5.26083,37.9123,0.84672,12.849,0.84672,3695.15,0,18.483,0.0842104,0.710113,1.92898,4.30554,1.4414,5.41901,0.42336,9.2415,0.21168,9.2415,0.21168,442.007,0,1.02816,0,0,1.73827,0.710113,1.028160,1,0,43.3313,0,0,0,43.3313,0
58.6275,2.43131,0,0,1.78839,0.139052,0.36288,3.6288,60.0644,0.622451,0,0,0.499594,0.26503,0,0.66528,12.849,1,0.522648,0.36288,0,33.941,4.89321,28.8881,0.84672,12.849,0.84672,3695.15,0,18.483,0.0951558,0.204422,1.92912,3.98638,1.41929,4.60549,0.42336,9.2415,0.21168,9.2415,0.21168,442.007,0,0.866341,0,0,1.07076,0.204422,1.028160,1,0,33.4935,0,0,0,33.4935,0
57.2128,2.41875,0,0,1.5045,0.137526,0.36288,3.6288,60.0269,0.481781,0,0,0.708695,0.264376,0,0.66528,12.849,1,0.530101,0.36288,0,30.7798,4.89321,25.7194,0.84672,12.849,0.84672,3695.15,0,18.483,0.0741268,0.828732,1.84778,4.49982,1.41929,5.68291,0.42336,9.2415,0.21168,9.2415,0.21168,442.007,0,1.02816,0,0,1.85689,0.828732,1.028160,1,0,31.4023,0,0,0,31.4023,0
55.599,2.40267,0,0,1.28737,0.135641,0.36288,3.6288,59.4904,0.663614,0,0,0.391432,0.264313,0,0.66528,12.849,1,0.539598,0.36288,0,30.7494,4.89321,25.6795,0.84672,12.849,0.84672,3695.15,0,18.483,0.102167,0.216518,1.84792,3.34894,1.41929,3.89192,0.42336,9.2415,0.21168,9.2415,0.21168,442.007,0,0.818407,0,0,1.03493,0.216518,1.028160,1,0,29.5714,0,0,0,29.5714,0
54.0452,2.38358,0,0,1.34312,0.150532,0.36288,3.6288,58.9285,0.690343,0,0,0.37683,0.248422,0,0.66528,12.849,1,0.550848,0.36288,0,29.5563,4.68558,24.6828,0.84672,12.849,0.84672,3695.15,0,18.483,0.107241,0.216518,1.84805,3.37012,1.35439,3.97306,0.42336,9.2415,0.21168,9.2415,0.21168,442.007,0,0.786724,0,0,1.00324,0.216518,1.028160,1,0,28.6558,0,0,0,28.6558,0
51.9605,2.30335,0,0,0.765737,0.184187,0.36288,3.6288,58.3821,0.675884,0,0,0.384302,0.254776,0,0.66528,12.849,1,0.547612,0.36288,0,14.9594,5.10037,9.67428,0.84672,12.849,0.84672,3695.15,0,18.483,0.105996,0.216518,1.84819,2.34944,1.17764,3.13052,0.42336,9.2415,0.21168,9.2415,0.21168,442.007,0,0.729648,0,0,0.946166,0.216518,1.028160,1,0,12.8048,0,0,0,12.8048,0
50.3345,2.27702,0,0,1.19419,0.180293,0.36288,3.6288,58.2807,0.41741,0,0,0.569816,0.253883,0,0.66528,12.849,1,0.563071,0.36288,0,25.4951,5.10037,20.1945,0.84672,12.849,0.84672,3695.15,0,18.483,0.0660731,0.312008,1.77589,4.95973,1.17764,5.80392,0.42336,9.2415,0.21168,9.2415,0.21168,442.007,0,1.02816,0,0,1.34017,0.312008,1.028160,1,0,25.9984,0,0,0,25.9984,0
49.6427,2.25546,0,0,2.1441,0.217506,0.36288,3.6288,58.5669,0.417409,0,0,0.943111,0.239461,0,0.66528,12.849,1,0.575756,0.36288,0,34.6778,4.67144,29.7935,0.84672,12.849,0.84672,3695.15,0,18.483,0.0661881,0.548433,1.77602,7.09868,1.11534,8.24161,0.42336,9.2415,0.21168,9.2415,0.21168,442.007,0,1.02816,0,0,1.57659,0.548433,1.028160,1,0,38.0351,0,0,0,38.0351,0
49.3357,2.24608,0,0,2.52454,0.22258,0.36288,3.6288,58.7677,0.417787,0,0,0.856104,0.237522,0,0.66528,12.849,1,0.581352,0.36288,0,35.2206,4.59994,30.4022,0.84672,12.849,0.84672,3695.15,0,18.483,0.0659243,0.855602,1.77616,4.81623,1.10496,6.27711,0.42336,9.2415,0.21168,9.2415,0.21168,442.007,0,1.02816,0,0,1.88376,0.855602,1.028160,1,0,36.6793,0,0,0,36.6793,0
48.5392,2.07311,0,0,1.88191,0.24243,0.36288,3.6288,59.0187,0.286844,0,0,0.767652,0.229766,0,0.66528,12.849,1,0.539921,0.36288,0,53.7338,4.21137,49.3454,0.84672,12.849,0.84672,3695.15,0,18.483,0.0451076,0.563492,1.77629,6.34576,0.975296,7.66514,0.42336,9.2415,0.21168,9.2415,0.21168,442.007,0,1.02816,0,0,1.59165,0.563492,1.028160,1,0,57.0105,0,0,0,57.0105,0
47.6788,2.0628,0,0,1.81378,0.248514,0.36288,3.6288,59.1405,0.287099,0,0,0.635743,0.226906,0,0.66528,12.849,1,0.546051,0.36288,0,61.6894,4.05594,57.4503,0.84672,12.849,0.84672,3695.15,0,18.483,0.0449557,0.554014,1.61328,6.99468,0.923432,8.19359,0.42336,9.2415,0.21168,9.2415,0.21168,442.007,0,1.02816,0,0,1.58217,0.554014,1.028160,1,0,65.6439,0,0,0,65.6439,0
47.4955,2.05138,0,0,2.47712,0.246195,0.36288,3.6288,59.7432,0.287268,0,0,1.11704,0.227083,0,0.66528,12.849,1,0.552827,0.36288,0,66.488,4.05594,62.2421,0.84672,12.849,0.84672,3695.15,0,18.483,0.0448895,1.57939,1.6134,10.4753,0.923432,12.6998,0.42336,9.2415,0.21168,9.2415,0.21168,442.007,0,1.02816,0,0,2.60755,1.57939,1.028160,1,0,74.9419,0,0,0,74.9419,0
49.6028,2.04903,0,0,4.74287,0.223671,0.36288,3.6288,59.9996,0.287749,0,0,0.725907,0.181745,0,0.66528,12.849,1,0.554325,0.36288,0,90.1333,3.40081,86.5411,0.84672,12.849,0.84672,3695.15,0,18.483,0.0445111,0.783406,1.61352,8.21042,0.851043,9.71179,0.42336,9.2415,0.21168,9.2415,0.21168,442.007,0,1.02816,0,0,1.81157,0.783406,1.028160,1,0,96.2529,0,0,0,96.2529,0
52.5247,2.0772,0,0,5.57967,0.217664,0.36288,3.6288,60.551,0.288004,0,0,1.01617,0.176746,0,0.66528,12.849,1,0.538073,0.36288,0,79.1087,3.26441,75.6691,0.84672,12.849,0.84672,3695.15,0,18.483,0.0443601,1.21679,1.61364,11.007,0.892202,12.9009,0.42336,9.2415,0.21168,9.2415,0.21168,442.007,0,1.02816,0,0,2.24495,1.21679,1.028160,1,0,88.57,0,0,0,88.57,0
53.94,2.17979,0,0,4.17687,0.21885,0.36288,3.6288,60.6511,0.326609,0,0,0.637275,0.210533,0,0.66528,12.849,1,0.533237,0.36288,0,64.2505,3.5785,60.5016,0.84672,12.849,0.84672,3695.15,0,18.483,0.0498482,0.674784,1.61377,7.5708,1.06749,8.74201,0.42336,9.2415,0.21168,9.2415,0.21168,442.007,0,1.02816,0,0,1.70294,0.674784,1.028160,1,0,69.2436,0,0,0,69.2436,0
56.9817,2.19701,0,0,5.82358,0.222041,0.36288,3.6288,61.1677,0.326765,0,0,1.05403,0.210667,0,0.66528,12.849,1,0.523347,0.36288,0,84.2521,3.5785,80.5131,0.84672,12.849,0.84672,3695.15,0,18.483,0.0497897,1.15509,1.6655,9.89824,1.06749,11.6016,0.42336,9.2415,0.21168,9.2415,0.21168,442.007,0,1.02816,0,0,2.18325,1.15509,1.028160,1,0,92.1147,0,0,0,92.1147,0
58.5024,2.23177,0,0,4.34423,0.228897,0.36288,3.6288,61.308,0.327215,0,0,1.21739,0.211358,0.538548,0.66528,12.849,1,0.50325,0.36288,0,62.9306,3.5785,59.2118,0.84672,12.849,0.84672,3695.15,0,18.483,0.0494371,1.506,1.66562,6.84576,1.06749,8.90045,0.42336,9.2415,0.21168,9.2415,0.21168,442.007,0,1.02816,0,0,2.53416,1.506,1.028160,1,0,68.6508,0,0,0,68.6508,0
58.7809,2.24825,0,0,3.12199,0.232324,0.36288,3.6288,61.308,0.327397,0,0,0.90669,0.211545,0.367747,0.66528,12.849,1,0.493789,0.36288,0,43.1911,3.5785,39.4817,0.84672,12.849,0.84672,3695.15,0,18.483,0.0493515,0.852034,1.66573,6.05583,1.06749,7.45675,0.42336,9.2415,0.21168,9.2415,0.21168,442.007,0,1.02816,0,0,1.88019,0.852034,1.028160,1,0,47.3062,0,0,0,47.3062,0
60.2053,2.47092,0,0,4.50168,0.243539,0.36288,3.6288,61.308,0.471041,0,0,0.797982,0.230988,0.0959534,0.66528,12.849,1,0.540122,0.36288,0,53.9911,4.0115,49.8024,0.84672,12.849,0.84672,3695.15,0,18.483,0.0710042,1.55646,1.66585,4.81257,1.135,6.82887,0.42336,9.2415,0.21168,9.2415,0.21168,442.007,0,1.02816,0,0,2.58462,1.55646,1.028160,1,0,56.7272,0,0,0,56.7272,0
61.0372,2.48717,0,0,3.93072,0.248684,0.36288,3.6288,61.308,0.471135,0,0,0.797939,0.234228,0.0925755,0.66528,12.849,1,0.530811,0.36288,0,44.8829,4.08366,40.6313,0.84672,12.849,0.84672,3695.15,0,18.483,0.0710184,0.656191,1.85021,3.74623,1.14625,5.03536,0.42336,9.2415,0.21168,9.2415,0.21168,442.007,0,1.02816,0,0,1.68435,0.656191,1.028160,1,0,45.7592,0,0,0,45.7592,0
63.9053,2.49647,0,0,5.97784,0.250444,0.36288,3.6288,61.308,0.471229,0,0,0.91362,0.234228,0.208162,0.66528,12.849,1,0.525535,0.36288,0,78.5879,4.08366,74.3416,0.84672,12.849,0.84672,3695.15,0,18.483,0.0710326,0.826122,1.85034,8.81963,1.14625,10.2788,0.42336,9.2415,0.21168,9.2415,0.21168,442.007,0,1.02816,0,0,1.85428,0.826122,1.028160,1,0,84.8285,0,0,0,84.8285,0
67.1384,2.52678,0,0,6.37891,0.256149,0.36288,3.6288,61.308,0.471324,0,0,1.23506,0.202882,0.560857,0.66528,12.849,1,0.508043,0.36288,0,132.241,3.82032,128.276,0.84672,12.849,0.84672,3695.15,0,18.483,0.0710468,1.34647,1.85047,7.01901,1.01918,9.12573,0.42336,9.2415,0.21168,9.2415,0.21168,442.007,0,1.02816,0,0,2.37463,1.34647,1.028160,1,0,137.962,0,0,0,137.962,0
68.8635,2.23429,0,0,4.6271,0.304874,0.36288,3.6288,61.308,0.278707,0,0,1.14792,0.236395,0.632817,0.66528,12.849,1,0.427599,0.36288,0,98.4995,3.92234,94.5124,0.84672,12.849,0.84672,3695.15,0,18.483,0.042012,1.58212,1.85059,6.77084,0.982788,9.17876,0.42336,9.2415,0.21168,9.2415,0.21168,442.007,0,1.02816,0,0,2.61028,1.58212,1.028160,1,0,104.324,0,0,0,104.324,0
69.7877,2.24838,0,0,3.85171,0.316158,0.36288,3.6288,61.308,0.278788,0,0,1.19144,0.245899,0.666752,0.66528,12.849,1,0.419519,0.36288,0,113.154,3.97226,109.125,0.84672,12.849,0.84672,3695.15,0,18.483,0.0420242,1.60312,1.59862,6.59365,0.992608,8.76075,0.42336,9.2415,0.21168,9.2415,0.21168,442.007,0,1.02816,0,0,2.63128,1.60312,1.028160,1,0,118.552,0,0,0,118.552,0
70.8681,2.2558,0,0,3.96186,0.262869,0.36288,3.6288,61.308,0.278869,0,0,1.4086,0.215817,0.91391,0.66528,12.849,1,0.415327,0.36288,0,110.004,3.53628,106.415,0.84672,12.849,0.84672,3695.15,0,18.483,0.0420364,2.07128,1.59873,7.17429,0.92998,9.87228,0.42336,9.2415,0.21168,9.2415,0.21168,442.007,0,1.02816,0,0,3.09944,2.07128,1.028160,1,0,117.201,0,0,0,117.201,0
72.29,2.26425,0,0,6.49488,0.259236,2.54945,3.6288,61.308,0.27895,0,0,2.68739,0.238958,2.16949,0.66528,12.849,1,0.410529,2.54945,0,124.704,4.23834,122.604,0.84672,12.849,0.84672,3695.15,0,18.483,0.0420486,3.42636,1.59884,12.2771,1.00603,16.2542,0.42336,9.2415,0.21168,9.2415,0.21168,442.007,0,1.02816,0,0,4.45452,3.42636,1.028160,1,0,141.028,0,0,0,141.028,0
72.29,2.27504,0,0,6.13858,0.282336,3.5812,3.6288,61.308,0.279031,0,0,2.83753,0.204377,2.35412,0.66528,12.849,1,0.404371,3.5812,0,107.565,4.15859,106.583,0.84672,12.849,0.84672,3695.15,0,18.483,0.0420609,3.38828,1.59895,9.98231,0.964304,13.9632,0.42336,9.2415,0.21168,9.2415,0.21168,442.007,0,1.02816,0,0,4.41644,3.38828,1.028160,1,0,122.9,0,0,0,122.9,0
72.29,2.35833,0,0,4.67237,0.30791,2.00613,3.6288,61.308,0.326273,0,0,1.62347,0.167225,1.12998,0.66528,12.849,1,0.419175,2.00613,0,93.0822,3.88174,90.7874,0.84672,12.849,0.84672,3695.15,0,18.483,0.049182,2.13756,1.59906,6.01793,0.951744,8.75363,0.42336,9.2415,0.21168,9.2415,0.21168,442.007,0,1.02816,0,0,3.16572,2.13756,1.028160,1,0,100.671,0,0,0,100.671,0
72.29,2.35849,0,0,4.80228,0.30791,2.13588,3.6288,61.308,0.326357,0,0,2.25194,0.167225,1.75836,0.66528,12.849,1,0.419204,2.13588,0,108.133,3.88174,105.968,0.84672,12.849,0.84672,3695.15,0,18.483,0.0491947,2.8029,1.66144,9.88528,0.951744,13.3487,0.42336,9.2415,0.21168,9.2415,0.21168,442.007,0,1.02816,0,0,3.83106,2.8029,1.028160,1,0,121.075,0,0,0,121.075,0
72.29,2.35866,0,0,3.99338,0.30791,1.32682,3.6288,61.308,0.326442,0,0,1.94923,0.167225,1.45556,0.66528,12.849,1,0.419233,1.32682,0,96.8069,3.88174,93.8327,0.84672,12.849,0.84672,3695.15,0,18.483,0.0492074,2.22134,1.66155,7.01232,0.951744,9.89426,0.42336,9.2415,0.21168,9.2415,0.21168,442.007,0,1.02816,0,0,3.2495,2.22134,1.028160,1,0,105.183,0,0,0,105.183,0
72.29,2.35882,0,0,3.63229,0.285095,0.988376,3.6288,61.308,0.326526,0,0,1.39786,0.167161,0.90417,0.66528,12.849,1,0.419262,0.988376,0,72.8914,4.04337,69.4171,0.84672,12.849,0.84672,3695.15,0,18.483,0.0492202,1.63767,1.66167,5.10274,0.973542,7.37931,0.42336,9.2415,0.21168,9.2415,0.21168,442.007,0,1.02816,0,0,2.66583,1.63767,1.028160,1,0,77.7006,0,0,0,77.7006,0
72.0996,2.32647,0,0,2.75274,0.253832,0.36288,3.6288,61.308,0.308288,0,0,0.899165,0.178435,0.412442,0.66528,12.849,1,0.413512,0.36288,0,59.3457,4.32117,54.9739,0.84672,12.849,0.84672,3695.15,0,18.483,0.0464711,1.28311,1.66178,6.00397,1.05934,7.84305,0.42336,9.2415,0.21168,9.2415,0.21168,442.007,0,1.02816,0,0,2.31127,1.28311,1.028160,1,0,63.2294,0,0,0,63.2294,0
72.29,2.32519,0,0,4.01847,0.253465,1.24937,3.6288,61.308,0.308372,0,0,1.05219,0.178435,0.565382,0.66528,12.849,1,0.414377,1.24937,0,69.9506,4.32117,66.4644,0.84672,12.849,0.84672,3695.15,0,18.483,0.0464836,1.55555,1.63765,5.40669,1.05934,7.49407,0.42336,9.2415,0.21168,9.2415,0.21168,442.007,0,1.02816,0,0,2.58371,1.55555,1.028160,1,0,74.5238,0,0,0,74.5238,0
72.29,2.32679,0,0,2.99829,0.215777,0.455719,3.6288,61.308,0.308455,0,0,0.962427,0.18736,0.466612,0.66528,12.849,1,0.41357,0.455719,0,67.8869,4.59207,63.337,0.84672,12.849,0.84672,3695.15,0,18.483,0.0464961,1.29696,1.63776,4.81458,1.00919,6.69362,0.42336,9.2415,0.21168,9.2415,0.21168,442.007,0,1.02816,0,0,2.32512,1.29696,1.028160,1,0,70.4972,0,0,0,70.4972,0
71.8424,2.32695,0,0,2.44277,0.200554,0.36288,3.6288,61.308,0.308538,0,0,0.834892,0.19093,0.335424,0.66528,12.849,1,0.413598,0.36288,0,53.0847,4.70043,48.3335,0.84672,12.849,0.84672,3695.15,0,18.483,0.0465086,1.01648,1.63788,4.36027,0.98913,5.97899,0.42336,9.2415,0.21168,9.2415,0.21168,442.007,0,1.02816,0,0,2.04464,1.01648,1.028160,1,0,54.6479,0,0,0,54.6479,0
71.0208,2.43395,0,0,2.14577,0.170552,0.36288,3.6288,61.308,0.373613,0,0,0.655194,0.2063,0.0752814,0.66528,12.849,1,0.435312,0.36288,0,42.6726,4.23975,38.3604,0.84672,12.849,0.84672,3695.15,0,18.483,0.056318,0.71356,1.63799,3.7275,1.01626,5.00648,0.42336,9.2415,0.21168,9.2415,0.21168,442.007,0,1.02816,0,0,1.74172,0.71356,1.028160,1,0,43.4422,0,0,0,43.4422,0
70.0707,2.42752,0,0,1.98761,0.147277,0.36288,3.6288,61.308,0.3737,0,0,0.635161,0.214946,0.0465143,0.66528,12.849,1,0.439184,0.36288,0,36.9296,4.13133,32.722,0.84672,12.849,0.84672,3695.15,0,18.483,0.0563312,0.672451,1.7229,3.66159,1.01307,4.98754,0.42336,9.2415,0.21168,9.2415,0.21168,442.007,0,1.02816,0,0,1.70061,0.672451,1.028160,1,0,37.756,0,0,0,37.756,0
69.0674,2.4199,0,0,1.9257,0.146205,0.36288,3.6288,61.308,0.373788,0,0,0.665591,0.214946,0.0768567,0.66528,12.849,1,0.443742,0.36288,0,35.0411,4.13133,30.8289,0.84672,12.849,0.84672,3695.15,0,18.483,0.0563444,0.610563,1.72301,3.80093,1.01307,5.0651,0.42336,9.2415,0.21168,9.2415,0.21168,442.007,0,1.02816,0,0,1.63872,0.610563,1.028160,1,0,35.9708,0,0,0,35.9708,0
67.9512,2.41167,0,0,1.80341,0.145073,0.36288,3.6288,61.308,0.373876,0,0,0.61401,0.214946,0.0251882,0.66528,12.849,1,0.448657,0.36288,0,32.8437,4.13133,28.6266,0.84672,12.849,0.84672,3695.15,0,18.483,0.0563576,0.461886,1.72313,3.4439,1.01307,4.5595,0.42336,9.2415,0.21168,9.2415,0.21168,442.007,0,1.02816,0,0,1.49005,0.461886,1.028160,1,0,33.2112,0,0,0,33.2112,0
67.0305,2.40228,0,0,1.95731,0.112809,0.36288,3.6288,61.308,0.373963,0,0,0.62114,0.235877,0.0113,0.66528,12.849,1,0.45425,0.36288,0,33.8883,4.79145,29.0055,0.84672,12.849,0.84672,3695.15,0,18.483,0.0563708,0.567881,1.72325,3.65932,1.09337,4.80071,0.42336,9.2415,0.21168,9.2415,0.21168,442.007,0,1.02816,0,0,1.59604,0.567881,1.028160,1,0,33.8175,0,0,0,33.8175,0
66.3127,2.37293,0,0,2.13346,0.115473,0.36288,3.6288,61.308,0.409784,0,0,0.650748,0.224496,0.0164678,0.66528,12.849,1,0.454864,0.36288,0,36.857,4.7628,32.0022,0.84672,12.849,0.84672,3695.15,0,18.483,0.0617703,0.636215,1.72337,3.87406,1.07143,5.10044,0.42336,9.2415,0.21168,9.2415,0.21168,442.007,0,1.02816,0,0,1.66438,0.636215,1.028160,1,0,37.1192,0,0,0,37.1192,0
65.4181,2.36674,0,0,1.94983,0.114818,0.36288,3.6288,61.2822,0.409874,0,0,0.608546,0.224496,0,0.66528,12.849,1,0.458589,0.36288,0,34.6674,4.7628,29.8089,0.84672,12.849,0.84672,3695.15,0,18.483,0.0617839,0.394217,1.74992,3.68647,1.07143,4.69739,0.42336,9.2415,0.21168,9.2415,0.21168,442.007,0,1.02816,0,0,1.42238,0.394217,1.028160,1,0,34.5063,0,0,0,34.5063,0
64.3934,2.35885,0,0,1.79292,0.0959526,0.36288,3.6288,61.1806,0.409941,0,0,0.576685,0.268329,0,0.66528,12.849,1,0.463309,0.36288,0,31.039,5.3274,25.6112,0.84672,12.849,0.84672,3695.15,0,18.483,0.0618201,0.39515,1.75004,3.51003,1.27752,4.31588,0.42336,9.2415,0.21168,9.2415,0.21168,442.007,0,1.02816,0,0,1.42331,0.39515,1.028160,1,0,29.9271,0,0,0,29.9271,0
63.2802,2.34957,0,0,1.68104,0.0817396,0.36288,3.6288,61.0109,0.409942,0,0,0.541314,0.301037,0,0.66528,12.849,1,0.468831,0.36288,0,27.897,5.75085,22.0402,0.84672,12.849,0.84672,3695.15,0,18.483,0.0619229,0.360124,1.75016,3.38227,1.43209,3.99854,0.42336,9.2415,0.21168,9.2415,0.21168,442.007,0,1.02816,0,0,1.38828,0.360124,1.028160,1,0,26.0387,0,0,0,26.0387,0
62.291,2.39381,0,0,1.83521,0.0677208,0.36288,3.6288,60.8187,0.441717,0,0,0.547727,0.298271,0,0.66528,12.849,1,0.486062,0.36288,0,30.8227,5.70349,24.996,0.84672,12.849,0.84672,3695.15,0,18.483,0.0669081,0.369524,1.75028,3.2008,1.43901,3.81468,0.42336,9.2415,0.21168,9.2415,0.21168,442.007,0,1.02816,0,0,1.39768,0.369524,1.028160,1,0,28.8107,0,0,0,28.8107,0
61.2339,2.38418,0,0,1.75713,0.0671752,0.36288,3.6288,60.6146,0.441626,0,0,0.535426,0.297908,0,0.66528,12.849,1,0.491795,0.36288,0,28.8429,5.70349,23.0105,0.84672,12.849,0.84672,3695.15,0,18.483,0.0671058,0.397742,1.79252,3.2897,1.43901,3.97384,0.42336,9.2415,0.21168,9.2415,0.21168,442.007,0,1.02816,0,0,1.4259,0.397742,1.028160,1,0,26.9843,0,0,0,26.9843,0
59.963,2.37362,0,0,1.53219,0.0665921,0.36288,3.6288,60.3804,0.441522,0,0,0.50491,0.297522,0,0.66528,12.849,1,0.498068,0.36288,0,27.3265,5.70349,21.4878,0.84672,12.849,0.84672,3695.15,0,18.483,0.0673159,0.2653,1.79265,3.14334,1.43901,3.69496,0.42336,9.2415,0.21168,9.2415,0.21168,442.007,0,1.02816,0,0,1.29346,0.2653,1.028160,1,0,25.1828,0,0,0,25.1828,0
58.5912,2.36052,0,0,1.41304,0.0614229,0.36288,3.6288,60.1189,0.458075,0,0,0.496232,0.299654,0,0.66528,12.849,1,0.505818,0.36288,0,25.7801,5.77827,19.8589,0.84672,12.849,0.84672,3695.15,0,18.483,0.0701104,0.227405,1.79277,3.11475,1.45395,3.61086,0.42336,9.2415,0.21168,9.2415,0.21168,442.007,0,1.00892,0,0,1.23632,0.227405,1.028160,1,0,23.4698,0,0,0,23.4698,0
56.6806,2.50257,0,0,0.997151,0.0422909,0.36288,3.6288,59.6121,0.64182,0,0,0.444694,0.309731,0,0.66528,12.849,1,0.548811,0.36288,0,20.3401,5.97961,14.1746,0.84672,12.849,0.84672,3695.15,0,18.483,0.0986608,0.227405,1.7929,3.01484,1.5018,3.43468,0.42336,9.2415,0.21168,9.2415,0.21168,442.007,0,0.929076,0,0,1.15648,0.227405,1.028160,1,0,17.6092,0,0,0,17.6092,0
54.5739,2.47986,0,0,0.777168,0.0411505,0.36288,3.6288,58.9044,0.763206,0,0,0.366317,0.310809,0,0.66528,12.849,1,0.562162,0.36288,0,14.575,5.89438,8.48132,0.84672,12.849,0.84672,3695.15,0,18.483,0.118318,0.227405,1.9357,2.90314,1.52245,3.42548,0.42336,9.2415,0.21168,9.2415,0.21168,442.007,0,0.788149,0,0,1.01555,0.227405,1.028160,1,0,11.9068,0,0,0,11.9068,0
52.5878,2.45347,0,0,0.870575,0.0402943,0.36288,3.6288,58.253,0.717745,0,0,0.375776,0.309403,0,0.66528,12.849,1,0.57765,0.36288,0,14.4876,5.89438,8.37848,0.84672,12.849,0.84672,3695.15,0,18.483,0.112607,0.204422,1.93583,3.11159,1.52245,3.61679,0.42336,9.2415,0.21168,9.2415,0.21168,442.007,0,0.839436,0,0,1.04386,0.204422,1.028160,1,0,11.9953,0,0,0,11.9953,0
51.1344,2.42722,0,0,1.39326,0.0566348,0.36288,3.6288,57.8571,0.553875,0,0,0.461827,0.303901,0,0.66528,12.849,1,0.593053,0.36288,0,24.0684,5.77565,18.0625,0.84672,12.849,0.84672,3695.15,0,18.483,0.087869,0.240002,1.93597,3.39192,1.50789,3.97213,0.42336,9.2415,0.21168,9.2415,0.21168,442.007,0,1.02816,0,0,1.26816,0.240002,1.028160,1,0,22.0347,0,0,0,22.0347,0
50.1449,2.40715,0,0,1.83363,0.0530526,0.36288,3.6288,57.6896,0.553456,0,0,0.694718,0.308682,0,0.66528,12.849,1,0.604867,0.36288,0,31.894,5.88843,25.7635,0.84672,12.849,0.84672,3695.15,0,18.483,0.0884034,0.429978,1.9361,4.7938,1.51901,5.55246,0.42336,9.2415,0.21168,9.2415,0.21168,442.007,0,1.02816,0,0,1.45814,0.429978,1.028160,1,0,31.316,0,0,0,31.316,0
49.1075,2.32006,0,0,1.69636,0.0508704,0.36288,3.6288,57.7324,0.484072,0,0,0.862972,0.336123,0,0.66528,12.849,1,0.594485,0.36288,0,34.5069,5.80316,28.4721,0.84672,12.849,0.84672,3695.15,0,18.483,0.0775451,0.799485,1.93624,8.49701,1.56239,9.59279,0.42336,9.2415,0.21168,9.2415,0.21168,442.007,0,1.02816,0,0,1.82765,0.799485,1.028160,1,0,38.0649,0,0,0,38.0649,0
48.2872,2.30532,0,0,1.94683,0.0988626,0.36288,3.6288,57.7899,0.484216,0,0,0.837467,0.295747,0,0.66528,12.849,1,0.603189,0.36288,0,29.5772,5.47186,23.8651,0.84672,12.849,0.84672,3695.15,0,18.483,0.0775108,0.728153,1.85457,6.19341,1.4486,7.25002,0.42336,9.2415,0.21168,9.2415,0.21168,442.007,0,1.02816,0,0,1.75631,0.728153,1.028160,1,0,31.1151,0,0,0,31.1151,0
48.5628,2.29339,0,0,3.02989,0.0979883,0.36288,3.6288,58.3982,0.484377,0,0,1.38853,0.295857,0,0.66528,12.849,1,0.610262,0.36288,0,48.0794,5.47186,42.3602,0.84672,12.849,0.84672,3695.15,0,18.483,0.0774594,1.99748,1.8547,11.0475,1.4486,13.3737,0.42336,9.2415,0.21168,9.2415,0.21168,442.007,0,1.02816,0,0,3.02564,1.99748,1.028160,1,0,55.7339,0,0,0,55.7339,0
48.591,2.29765,0,0,2.787,0.0982821,0.36288,3.6288,58.8931,0.485169,0,0,1.27706,0.29702,0,0.66528,12.849,1,0.607923,0.36288,0,87.1137,5.47186,81.3968,0.84672,12.849,0.84672,3695.15,0,18.483,0.0767778,1.72051,1.85483,9.33785,1.4486,11.3878,0.42336,9.2415,0.21168,9.2415,0.21168,442.007,0,1.02816,0,0,2.74867,1.72051,1.028160,1,0,92.7846,0,0,0,92.7846,0
48.0326,2.23885,0,0,2.19815,0.154847,0.36288,3.6288,59.4792,0.42258,0,0,1.30594,0.297257,0,0.66528,12.849,1,0.592023,0.36288,0,51.48,4.60147,46.6494,0.84672,12.849,0.84672,3695.15,0,18.483,0.0663112,0.823859,1.85496,7.69211,1.18726,9.11735,0.42336,9.2415,0.21168,9.2415,0.21168,442.007,0,1.02816,0,0,1.85202,0.823859,1.028160,1,0,55.7667,0,0,0,55.7667,0
47.9182,2.2309,0,0,2.64266,0.163275,0.36288,3.6288,60.2651,0.423236,0,0,1.5074,0.298257,0,0.66528,12.849,1,0.596779,0.36288,0,35.1562,4.45641,30.4658,0.84672,12.849,0.84672,3695.15,0,18.483,0.0657597,1.61751,1.78238,8.15149,1.1437,10.3419,0.42336,9.2415,0.21168,9.2415,0.21168,442.007,0,1.02816,0,0,2.64567,1.61751,1.028160,1,0,40.8078,0,0,0,40.8078,0
47.5518,2.22938,0,0,2.38891,0.163071,0.36288,3.6288,61.1838,0.424071,0,0,1.64258,0.299756,0,0.66528,12.849,1,0.597796,0.36288,0,42.0762,4.45641,37.3849,0.84672,12.849,0.84672,3695.15,0,18.483,0.0650301,1.4457,1.7825,9.00746,1.1437,11.0269,0.42336,9.2415,0.21168,9.2415,0.21168,442.007,0,1.02816,0,0,2.47386,1.4457,1.028160,1,0,48.4118,0,0,0,48.4118,0
47.3715,2.22413,0,0,2.57265,0.165875,0.36288,3.6288,61.308,0.42501,0,0,1.34672,0.26668,0.530872,0.66528,12.849,1,0.600983,0.36288,0,44.8819,4.36651,40.2772,0.84672,12.849,0.84672,3695.15,0,18.483,0.0641955,0.851878,1.78262,8.23945,1.02947,9.78028,0.42336,9.2415,0.21168,9.2415,0.21168,442.007,0,1.02816,0,0,1.88004,0.851878,1.028160,1,0,50.5884,0,0,0,50.5884,0
48.3832,2.05429,0,0,3.58257,0.153775,0.36288,3.6288,61.308,0.292756,0,0,1.12041,0.247802,0.579851,0.66528,12.849,1,0.557202,0.36288,0,50.8683,3.81515,46.8589,0.84672,12.849,0.84672,3695.15,0,18.483,0.0441297,1.38395,1.78275,9.79266,0.963594,11.9516,0.42336,9.2415,0.21168,9.2415,0.21168,442.007,0,1.02816,0,0,2.41211,1.38395,1.028160,1,0,59.3904,0,0,0,59.3904,0
52.5445,2.06818,0,0,6.76266,0.170299,0.36288,3.6288,61.308,0.292838,0,0,0.641581,0.26149,0.0872535,0.66528,12.849,1,0.549242,0.36288,0,73.4671,4.14319,69.1376,0.84672,12.849,0.84672,3695.15,0,18.483,0.0441421,0.938883,1.61913,7.65575,1.01024,9.15938,0.42336,9.2415,0.21168,9.2415,0.21168,442.007,0,1.02816,0,0,1.96704,0.938883,1.028160,1,0,78.3842,0,0,0,78.3842,0
55.7893,2.12098,0,0,5.90663,0.177944,0.36288,3.6288,61.308,0.29292,0,0,3.18688,0.26149,2.63247,0.66528,12.849,1,0.518654,0.36288,0,92.5396,4.14319,88.2406,0.84672,12.849,0.84672,3695.15,0,18.483,0.0441544,4.37872,1.61924,10.4762,1.01024,15.4198,0.42336,9.2415,0.21168,9.2415,0.21168,442.007,0,1.02816,0,0,5.40688,4.37872,1.028160,1,0,106.293,0,0,0,106.293,0
58.7527,2.15828,0,0,5.68322,0.198705,0.36288,3.6288,61.308,0.293002,0,0,1.72601,0.259941,1.17307,0.66528,12.849,1,0.497079,0.36288,0,84.8275,4.39399,80.2993,0.84672,12.849,0.84672,3695.15,0,18.483,0.0441668,2.16848,1.61935,7.01715,1.11568,9.64514,0.42336,9.2415,0.21168,9.2415,0.21168,442.007,0,1.02816,0,0,3.19664,2.16848,1.028160,1,0,91.1175,0,0,0,91.1175,0
60.0211,2.18975,0,0,4.05857,0.237482,0.36288,3.6288,61.308,0.293084,0,0,1.02916,0.248226,0.487852,0.66528,12.849,1,0.478892,0.36288,0,49.3218,4.90732,44.2984,0.84672,12.849,0.84672,3695.15,0,18.483,0.0441791,1.66277,1.61947,5.24813,1.28836,7.19782,0.42336,9.2415,0.21168,9.2415,0.21168,442.007,0,1.02816,0,0,2.69093,1.66277,1.028160,1,0,51.9841,0,0,0,51.9841,0
62.3528,2.27162,0,0,5.17488,0.208693,0.36288,3.6288,61.308,0.331532,0,0,1.70696,0.201166,1.17426,0.66528,12.849,1,0.486297,0.36288,0,96.215,4.22531,91.8663,0.84672,12.849,0.84672,3695.15,0,18.483,0.0499748,2.33524,1.61958,9.4716,0.742914,12.6335,0.42336,9.2415,0.21168,9.2415,0.21168,442.007,0,1.02816,0,0,3.3634,2.33524,1.028160,1,0,105.674,0,0,0,105.674,0
64.188,2.29485,0,0,4.70573,0.212838,0.36288,3.6288,61.308,0.331609,0,0,1.55282,0.201166,1.02004,0.66528,12.849,1,0.472899,0.36288,0,87.0411,4.22531,82.7058,0.84672,12.849,0.84672,3695.15,0,18.483,0.0499864,2.03883,1.67149,8.71093,0.742914,11.6284,0.42336,9.2415,0.21168,9.2415,0.21168,442.007,0,1.02816,0,0,3.06699,2.03883,1.028160,1,0,95.3542,0,0,0,95.3542,0
65.9038,2.31229,0,0,4.61814,0.227125,0.36288,3.6288,61.308,0.331686,0,0,1.57762,0.20234,1.04359,0.66528,12.849,1,0.462869,0.36288,0,84.634,4.29269,80.2413,0.84672,12.849,0.84672,3695.15,0,18.483,0.049998,2.09046,1.67159,9.06474,0.780614,11.9962,0.42336,9.2415,0.21168,9.2415,0.21168,442.007,0,1.02816,0,0,3.11862,2.09046,1.028160,1,0,93.2811,0,0,0,93.2811,0
67.5259,2.32795,0,0,4.61529,0.302319,0.36288,3.6288,61.308,0.331763,0,0,1.46547,0.218576,0.915135,0.66528,12.849,1,0.453872,0.36288,0,83.9506,4.9423,78.9173,0.84672,12.849,0.84672,3695.15,0,18.483,0.0500096,2.01779,1.6717,9.02984,1.16035,11.509,0.42336,9.2415,0.21168,9.2415,0.21168,442.007,0,1.02816,0,0,3.04595,2.01779,1.028160,1,0,91.3414,0,0,0,91.3414,0
68.9059,2.57068,0,0,4.6298,0.316257,0.36288,3.6288,61.308,0.475911,0,0,1.35633,0.19143,0.688992,0.66528,12.849,1,0.489155,0.36288,0,87.0083,3.8961,82.9859,0.84672,12.849,0.84672,3695.15,0,18.483,0.0717383,1.92172,1.6718,6.61426,0.908112,9.22793,0.42336,9.2415,0.21168,9.2415,0.21168,442.007,0,1.02816,0,0,2.94988,1.92172,1.028160,1,0,92.9028,0,0,0,92.9028,0
69.3374,2.5836,0,0,3.69668,0.318689,0.36288,3.6288,61.308,0.475997,0,0,1.2864,0.181204,0.6292,0.66528,12.849,1,0.481768,0.36288,0,78.5739,3.47781,74.9772,0.84672,12.849,0.84672,3695.15,0,18.483,0.0717513,1.64982,1.85681,5.33367,0.766331,8.00222,0.42336,9.2415,0.21168,9.2415,0.21168,442.007,0,1.02816,0,0,2.67798,1.64982,1.028160,1,0,83.6086,0,0,0,83.6086,0
70.2875,2.58767,0,0,4.19877,0.298144,0.36288,3.6288,61.308,0.476083,0,0,1.32297,0.200769,0.646122,0.66528,12.849,1,0.479524,0.36288,0,79.9753,4.58137,75.2773,0.84672,12.849,0.84672,3695.15,0,18.483,0.0717642,1.8592,1.85693,6.03492,1.15241,8.52688,0.42336,9.2415,0.21168,9.2415,0.21168,442.007,0,1.02816,0,0,2.88736,1.8592,1.028160,1,0,84.4503,0,0,0,84.4503,0
71.1599,2.59631,0,0,4.09677,0.265208,0.36288,3.6288,61.308,0.476169,0,0,1.39102,0.210682,0.704171,0.66528,12.849,1,0.474622,0.36288,0,86.133,4.15102,81.8703,0.84672,12.849,0.84672,3695.15,0,18.483,0.0717772,2.23148,1.85705,6.92945,0.90411,10.0421,0.42336,9.2415,0.21168,9.2415,0.21168,442.007,0,1.02816,0,0,3.25964,2.23148,1.028160,1,0,92.6165,0,0,0,92.6165,0
72.29,2.27402,0,0,7.19066,0.327172,3.45934,3.6288,61.308,0.282861,0,0,2.76897,0.19167,2.29444,0.66528,12.849,1,0.410609,3.45934,0,122.131,3.91594,121.264,0.84672,12.849,0.84672,3695.15,0,18.483,0.0426381,5.59399,1.85716,11.81,0.89653,18.322,0.42336,9.2415,0.21168,9.2415,0.21168,442.007,0,1.02816,0,0,6.62215,5.59399,1.028160,1,0,141.88,0,0,0,141.88,0
72.29,2.28262,0,0,6.901,0.356486,4.2619,3.6288,61.308,0.282935,0,0,2.13431,0.183041,1.66834,0.66528,12.849,1,0.405718,4.2619,0,94.0136,3.85906,94.0107,0.84672,12.849,0.84672,3695.15,0,18.483,0.0426493,4.23495,1.60428,9.43946,0.913787,14.3223,0.42336,9.2415,0.21168,9.2415,0.21168,442.007,0,1.02816,0,0,5.26311,4.23495,1.028160,1,0,110.001,0,0,0,110.001,0
72.29,2.28276,0,0,5.45818,0.356486,2.81894,3.6288,61.308,0.283009,0,0,1.56506,0.183041,1.09901,0.66528,12.849,1,0.405743,2.81894,0,99.9104,3.85906,98.4645,0.84672,12.849,0.84672,3695.15,0,18.483,0.0426604,2.64905,1.60438,7.18235,0.913787,10.4793,0.42336,9.2415,0.21168,9.2415,0.21168,442.007,0,1.02816,0,0,3.67721,2.64905,1.028160,1,0,110.043,0,0,0,110.043,0
72.29,2.2829,0,0,3.76209,0.33383,1.14536,3.6288,61.308,0.283082,0,0,1.07254,0.171008,0.618444,0.66528,12.849,1,0.405769,1.14536,0,80.3641,3.68468,77.419,0.84672,12.849,0.84672,3695.15,0,18.483,0.0426715,2.0257,1.60448,6.41667,0.888736,9.11544,0.42336,9.2415,0.21168,9.2415,0.21168,442.007,0,1.02816,0,0,3.05386,2.0257,1.028160,1,0,87.1529,0,0,0,87.1529,0
72.29,2.28305,0,0,5.74856,0.277937,3.18758,3.6288,61.308,0.283156,0,0,1.63558,0.162357,1.19006,0.66528,12.849,1,0.405794,3.18758,0,97.1689,3.50394,96.4467,0.84672,12.849,0.84672,3695.15,0,18.483,0.0426827,3.18847,1.60458,6.9876,0.936358,10.8016,0.42336,9.2415,0.21168,9.2415,0.21168,442.007,0,1.02816,0,0,4.21663,3.18847,1.028160,1,0,108.438,0,0,0,108.438,0
72.29,2.36661,0,0,5.45392,0.279808,2.8075,3.6288,61.308,0.330556,0,0,1.96211,0.215932,1.41562,0.66528,12.849,1,0.420647,2.8075,0,107.8,4.14204,106.044,0.84672,12.849,0.84672,3695.15,0,18.483,0.0498277,3.96573,1.60468,7.2379,1.21198,11.5465,0.42336,9.2415,0.21168,9.2415,0.21168,442.007,0,1.02816,0,0,4.99389,3.96573,1.028160,1,0,119.006,0,0,0,119.006,0
72.29,2.36676,0,0,4.77056,0.279808,2.12399,3.6288,61.308,0.330633,0,0,1.80546,0.215932,1.25889,0.66528,12.849,1,0.420674,2.12399,0,95.9602,4.14204,93.5214,0.84672,12.849,0.84672,3695.15,0,18.483,0.0498393,3.06152,1.66727,7.99874,1.21198,11.4657,0.42336,9.2415,0.21168,9.2415,0.21168,442.007,0,1.02816,0,0,4.08968,3.06152,1.028160,1,0,106.246,0,0,0,106.246,0
72.29,2.36691,0,0,4.2454,0.257338,1.62115,3.6288,61.308,0.33071,0,0,1.56666,0.243183,0.992763,0.66528,12.849,1,0.4207,1.62115,0,92.1948,4.86675,88.5286,0.84672,12.849,0.84672,3695.15,0,18.483,0.0498509,3.48596,1.66738,7.661,1.26477,11.4997,0.42336,9.2415,0.21168,9.2415,0.21168,442.007,0,1.02816,0,0,4.51412,3.48596,1.028160,1,0,101.021,0,0,0,101.021,0
72.29,2.36706,0,0,5.19388,0.257338,2.56949,3.6288,61.308,0.330787,0,0,1.7508,0.243183,1.17683,0.66528,12.849,1,0.420727,2.56949,0,89.4128,4.86675,86.6948,0.84672,12.849,0.84672,3695.15,0,18.483,0.0498624,2.98389,1.66748,9.31098,1.26477,12.6477,0.42336,9.2415,0.21168,9.2415,0.21168,442.007,0,1.02816,0,0,4.01205,2.98389,1.028160,1,0,100.519,0,0,0,100.519,0
72.29,2.33458,0,0,3.67322,0.191178,1.14746,3.6288,61.308,0.312478,0,0,1.10506,0.239263,0.553324,0.66528,12.849,1,0.414954,1.14746,0,55.0536,4.67365,51.1124,0.84672,12.849,0.84672,3695.15,0,18.483,0.0471026,1.26141,1.66758,5.20935,1.21377,6.87746,0.42336,9.2415,0.21168,9.2415,0.21168,442.007,0,1.02816,0,0,2.28957,1.26141,1.028160,1,0,58.5432,0,0,0,58.5432,0
72.29,2.33473,0,0,3.26778,0.191178,0.741873,3.6288,61.308,0.312554,0,0,0.988788,0.239263,0.436971,0.66528,12.849,1,0.41498,0.741873,0,47.2059,4.67365,42.8592,0.84672,12.849,0.84672,3695.15,0,18.483,0.047114,0.975007,1.64336,4.45425,1.21377,5.81173,0.42336,9.2415,0.21168,9.2415,0.21168,442.007,0,1.02816,0,0,2.00317,0.975007,1.028160,1,0,49.1079,0,0,0,49.1079,0
72.29,2.33487,0,0,2.99598,0.178216,0.482892,3.6288,61.308,0.312629,0,0,0.894646,0.222196,0.359821,0.66528,12.849,1,0.415006,0.482892,0,43.312,4.31977,39.0601,0.84672,12.849,0.84672,3695.15,0,18.483,0.0471254,0.829699,1.64346,4.16252,1.12402,5.46454,0.42336,9.2415,0.21168,9.2415,0.21168,442.007,0,1.02816,0,0,1.85786,0.829699,1.028160,1,0,44.8844,0,0,0,44.8844,0
72.2536,2.33502,0,0,2.82241,0.160932,0.36288,3.6288,61.308,0.312705,0,0,0.855334,0.199441,0.343188,0.66528,12.849,1,0.415032,0.36288,0,40.5563,3.84793,36.6562,0.84672,12.849,0.84672,3695.15,0,18.483,0.0471368,0.919469,1.64357,3.90743,1.00435,5.41899,0.42336,9.2415,0.21168,9.2415,0.21168,442.007,0,1.02816,0,0,1.94763,0.919469,1.028160,1,0,42.4184,0,0,0,42.4184,0
72.2417,2.44565,0,0,2.94233,0.145697,0.36288,3.6288,61.308,0.377998,0,0,1.0092,0.228302,0.402896,0.66528,12.849,1,0.434915,0.36288,0,37.5405,4.54123,32.9273,0.84672,12.849,0.84672,3695.15,0,18.483,0.0569789,1.1136,1.64367,4.32451,1.12855,5.89625,0.42336,9.2415,0.21168,9.2415,0.21168,442.007,0,1.02816,0,0,2.14176,1.1136,1.028160,1,0,39.2264,0,0,0,39.2264,0
72.0571,2.44571,0,0,2.75827,0.134292,0.36288,3.6288,61.308,0.378077,0,0,0.901895,0.249948,0.27387,0.66528,12.849,1,0.434997,0.36288,0,34.8977,5.06121,29.7643,0.84672,12.849,0.84672,3695.15,0,18.483,0.056991,0.793394,1.72886,3.72044,1.22171,4.964,0.42336,9.2415,0.21168,9.2415,0.21168,442.007,0,1.02816,0,0,1.82155,0.793394,1.028160,1,0,35.0022,0,0,0,35.0022,0
71.7993,2.4444,0,0,2.68362,0.134104,0.36288,3.6288,61.308,0.378157,0,0,0.835436,0.249948,0.207331,0.66528,12.849,1,0.435878,0.36288,0,32.4452,5.06121,27.311,0.84672,12.849,0.84672,3695.15,0,18.483,0.057003,0.618719,1.72897,3.42655,1.22171,4.49552,0.42336,9.2415,0.21168,9.2415,0.21168,442.007,0,1.02816,0,0,1.64688,0.618719,1.028160,1,0,32.0138,0,0,0,32.0138,0
71.227,2.44249,0,0,2.35252,0.119499,0.36288,3.6288,61.308,0.378237,0,0,0.778283,0.259391,0.140654,0.66528,12.849,1,0.437102,0.36288,0,28.9879,5.16831,23.7454,0.84672,12.849,0.84672,3695.15,0,18.483,0.057015,0.507298,1.72907,3.32448,1.24907,4.25477,0.42336,9.2415,0.21168,9.2415,0.21168,442.007,0,1.02816,0,0,1.53546,0.507298,1.028160,1,0,28.1408,0,0,0,28.1408,0
70.5157,2.43804,0,0,2.17776,0.0881381,0.36288,3.6288,61.308,0.378317,0,0,0.745597,0.276273,0.0910081,0.66528,12.849,1,0.43981,0.36288,0,26.9857,5.24337,21.6654,0.84672,12.849,0.84672,3695.15,0,18.483,0.0570271,0.401674,1.72918,2.98327,1.31049,3.74661,0.42336,9.2415,0.21168,9.2415,0.21168,442.007,0,1.02816,0,0,1.42983,0.401674,1.028160,1,0,25.5031,0,0,0,25.5031,0
69.6938,2.4106,0,0,2.05135,0.0997377,0.36288,3.6288,61.2491,0.497188,0,0,0.697715,0.259455,0,0.66528,12.849,1,0.439246,0.36288,0,28.9216,4.76164,24.0836,0.84672,12.849,0.84672,3695.15,0,18.483,0.0749455,0.30119,1.72929,2.41624,1.293,3.07877,0.42336,9.2415,0.21168,9.2415,0.21168,442.007,0,0.932723,0,0,1.23391,0.30119,1.028160,1,0,27.1624,0,0,0,27.1624,0
68.7242,2.40399,0,0,1.89634,0.0991073,0.36288,3.6288,61.1836,0.480676,0,0,0.674525,0.259358,0,0.66528,12.849,1,0.443207,0.36288,0,28.7468,4.76164,23.9049,0.84672,12.849,0.84672,3695.15,0,18.483,0.0725263,0.261274,1.75592,2.45005,1.293,3.10172,0.42336,9.2415,0.21168,9.2415,0.21168,442.007,0,0.951748,0,0,1.21302,0.261274,1.028160,1,0,27.0066,0,0,0,27.0066,0
67.5885,2.396,0,0,1.72156,0.0983635,0.36288,3.6288,60.9775,0.584066,0,0,0.637235,0.259251,0,0.66528,12.849,1,0.447968,0.36288,0,27.8926,4.76164,23.0459,0.84672,12.849,0.84672,3695.15,0,18.483,0.0882206,0.261274,1.75603,2.30304,1.293,2.93911,0.42336,9.2415,0.21168,9.2415,0.21168,442.007,0,0.832758,0,0,1.09403,0.261274,1.028160,1,0,25.985,0,0,0,25.985,0
66.3272,2.3864,0,0,1.57635,0.0883121,0.36288,3.6288,60.6803,0.622867,0,0,0.606492,0.280805,0,0.66528,12.849,1,0.453669,0.36288,0,24.5978,5.04395,19.4631,0.84672,12.849,0.84672,3695.15,0,18.483,0.0943992,0.261274,1.75614,2.23658,1.39605,2.76355,0.42336,9.2415,0.21168,9.2415,0.21168,442.007,0,0.787873,0,0,1.04915,0.261274,1.028160,1,0,22.2266,0,0,0,22.2266,0
65.1221,2.43086,0,0,1.66561,0.0770231,0.36288,3.6288,60.4299,0.574448,0,0,0.618918,0.29488,0,0.66528,12.849,1,0.470909,0.36288,0,24.1893,5.22688,18.8544,0.84672,12.849,0.84672,3695.15,0,18.483,0.0874874,0.261274,1.75625,2.17515,1.49774,2.60744,0.42336,9.2415,0.21168,9.2415,0.21168,442.007,0,0.880079,0,0,1.14135,0.261274,1.028160,1,0,21.4618,0,0,0,21.4618,0
63.9191,2.41982,0,0,1.65801,0.0783175,0.36288,3.6288,60.2253,0.530453,0,0,0.613646,0.287751,0,0.66528,12.849,1,0.477446,0.36288,0,22.7126,5.13975,17.4583,0.84672,12.849,0.84672,3695.15,0,18.483,0.0811218,0.261274,1.79862,2.17518,1.47175,2.6822,0.42336,9.2415,0.21168,9.2415,0.21168,442.007,0,0.930537,0,0,1.19181,0.261274,1.028160,1,0,20.1405,0,0,0,20.1405,0
62.5384,2.40849,0,0,1.46826,0.0775615,0.36288,3.6288,59.9419,0.572313,0,0,0.576247,0.287377,0,0.66528,12.849,1,0.484154,0.36288,0,21.3995,5.13975,16.1384,0.84672,12.849,0.84672,3695.15,0,18.483,0.0878207,0.227405,1.79874,2.15399,1.47175,2.62055,0.42336,9.2415,0.21168,9.2415,0.21168,442.007,0,0.882075,0,0,1.10948,0.227405,1.028160,1,0,18.759,0,0,0,18.759,0
61.0375,2.39506,0,0,1.33377,0.0766938,0.36288,3.6288,59.5816,0.63411,0,0,0.560634,0.286858,0,0.66528,12.849,1,0.492084,0.36288,0,20.1442,5.13975,14.8753,0.84672,12.849,0.84672,3695.15,0,18.483,0.0977634,0.227405,1.79885,2.0771,1.47175,2.53384,0.42336,9.2415,0.21168,9.2415,0.21168,442.007,0,0.810432,0,0,1.03784,0.227405,1.028160,1,0,17.4091,0,0,0,17.4091,0
59.1915,2.53888,0,0,1.13139,0.0756697,0.36288,3.6288,59.0195,0.796732,0,0,0.53148,0.296838,0,0.66528,12.849,1,0.53446,0.36288,0,17.7809,5.41488,12.1944,0.84672,12.849,0.84672,3695.15,0,18.483,0.123579,0.227405,1.79896,1.92631,1.50238,2.32672,0.42336,9.2415,0.21168,9.2415,0.21168,442.007,0,0.754885,0,0,0.98229,0.227405,1.028160,1,0,14.5211,0,0,0,14.5211,0
57.1942,2.51817,0,0,0.988883,0.105163,0.36288,3.6288,58.2834,0.90278,0,0,0.458763,0.292038,0,0.66528,12.849,1,0.546632,0.36288,0,15.001,5.25829,9.55898,0.84672,12.849,0.84672,3695.15,0,18.483,0.141361,0.227405,1.94224,1.67967,1.43863,2.26932,0.42336,9.2415,0.21168,9.2415,0.21168,442.007,0,0.631161,0,0,0.858565,0.227405,1.028160,1,0,11.8283,0,0,0,11.8283,0
55.3608,2.49465,0,0,1.12731,0.103138,0.36288,3.6288,57.644,0.819588,0,0,0.470809,0.290659,0,0.66528,12.849,1,0.560438,0.36288,0,15.1967,5.25829,9.74087,0.84672,12.849,0.84672,3695.15,0,18.483,0.129955,0.204422,1.94236,2.37158,1.43863,2.94977,0.42336,9.2415,0.21168,9.2415,0.21168,442.007,0,0.725864,0,0,0.930286,0.204422,1.028160,1,0,12.6906,0,0,0,12.6906,0
53.5405,2.472,0,0,1.11589,0.10128,0.36288,3.6288,56.9913,0.842309,0,0,0.47907,0.289462,0,0.66528,12.849,1,0.57374,0.36288,0,14.0594,5.25829,8.59028,0.84672,12.849,0.84672,3695.15,0,18.483,0.135039,0.204422,1.94248,1.88309,1.43863,2.45632,0.42336,9.2415,0.21168,9.2415,0.21168,442.007,0,0.698164,0,0,0.902586,0.204422,1.028160,1,0,11.0466,0,0,0,11.0466,0
51.5741,2.44841,0,0,0.950642,0.105841,0.36288,3.6288,56.4161,0.79525,0,0,0.508073,0.287991,0,0.66528,12.849,1,0.587586,0.36288,0,15.8393,5.34059,10.274,0.84672,12.849,0.84672,3695.15,0,18.483,0.128955,0.204422,1.9426,1.84109,1.42263,2.43653,0.42336,9.2415,0.21168,9.2415,0.21168,442.007,0,0.751412,0,0,0.955835,0.204422,1.028160,1,0,12.7105,0,0,0,12.7105,0
50.1927,2.34771,0,0,1.41211,0.0828251,0.36288,3.6288,56.5679,0.487138,0,0,0.923314,0.284333,0,0.66528,12.849,1,0.584902,0.36288,0,27.9569,5.52352,22.2113,0.84672,12.849,0.84672,3695.15,0,18.483,0.0797979,0.356443,1.94273,3.03553,1.38747,3.86743,0.42336,9.2415,0.21168,9.2415,0.21168,442.007,0,1.02816,0,0,1.3846,0.356443,1.028160,1,0,26.0788,0,0,0,26.0788,0
48.6178,2.32864,0,0,1.19826,0.0816351,0.36288,3.6288,56.6376,0.487408,0,0,0.84164,0.284614,0,0.66528,12.849,1,0.596117,0.36288,0,25.8328,5.52352,20.0761,0.84672,12.849,0.84672,3695.15,0,18.483,0.0796278,0.230636,1.86078,2.88846,1.38747,3.51277,0.42336,9.2415,0.21168,9.2415,0.21168,442.007,0,1.02816,0,0,1.2588,0.230636,1.028160,1,0,23.5888,0,0,0,23.5888,0
48.3285,2.30596,0,0,2.55487,0.175385,0.36288,3.6288,57.4932,0.487578,0,0,1.53965,0.196462,0,0.66528,12.849,1,0.609432,0.36288,0,56.8655,4.27774,52.3412,0.84672,12.849,0.84672,3695.15,0,18.483,0.0795577,0.661669,1.8609,6.40006,0.998084,7.84498,0.42336,9.2415,0.21168,9.2415,0.21168,442.007,0,1.02816,0,0,1.68983,0.661669,1.028160,1,0,60.1861,0,0,0,60.1861,0
49.7639,2.3018,0,0,4.29068,0.190638,0.36288,3.6288,58.6424,0.488684,0,0,1.82072,0.182761,0,0.66528,12.849,1,0.611975,0.36288,0,86.3298,4.07012,82.0105,0.84672,12.849,0.84672,3695.15,0,18.483,0.0785515,1.12694,1.86101,5.79715,0.933186,7.77337,0.42336,9.2415,0.21168,9.2415,0.21168,442.007,0,1.02816,0,0,2.1551,1.12694,1.028160,1,0,89.7839,0,0,0,89.7839,0
48.3484,2.26295,0,0,1.41048,0.200136,0.36288,3.6288,58.2697,0.775342,0,0,0.612422,0.209811,0,0.66528,12.849,1,0.584294,0.36288,0,27.0408,4.11571,22.7037,0.84672,12.849,0.84672,3695.15,0,18.483,0.122187,0.216518,1.86113,2.959,0.977183,3.93728,0.42336,9.2415,0.21168,9.2415,0.21168,442.007,0,0.624559,0,0,0.841077,0.216518,1.028160,1,0,26.6409,0,0,0,26.6409,0
46.9771,2.24291,0,0,1.43424,0.199681,0.36288,3.6288,58.3829,0.426397,0,0,0.759108,0.219559,0,0.66528,12.849,1,0.596073,0.36288,0,23.9398,4.13396,19.5727,0.84672,12.849,0.84672,3695.15,0,18.483,0.067626,0.243758,1.78829,4.38535,0.994781,5.355,0.42336,9.2415,0.21168,9.2415,0.21168,442.007,0,1.02816,0,0,1.27192,0.243758,1.028160,1,0,24.9276,0,0,0,24.9276,0
48.0225,2.2227,0,0,3.82767,0.196704,0.36288,3.6288,59.5956,0.426593,0,0,1.85902,0.219719,0,0.66528,12.849,1,0.607945,0.36288,0,70.3577,4.13396,65.9787,0.84672,12.849,0.84672,3695.15,0,18.483,0.0675259,1.3516,1.78841,8.2795,0.994781,10.3572,0.42336,9.2415,0.21168,9.2415,0.21168,442.007,0,1.02816,0,0,2.37976,1.3516,1.028160,1,0,76.3359,0,0,0,76.3359,0
47.4116,2.23843,0,0,2.22664,0.236275,0.36288,3.6288,59.9125,0.625422,0,0,1.13222,0.189834,0,0.66528,12.849,1,0.598918,0.36288,0,39.2251,3.65843,35.3306,0.84672,12.849,0.84672,3695.15,0,18.483,0.0969843,0.292723,1.78852,4.99116,0.829944,6.14547,0.42336,9.2415,0.21168,9.2415,0.21168,442.007,0,0.799968,0,0,1.09269,0.292723,1.028160,1,0,41.4761,0,0,0,41.4761,0
47.5404,2.06161,0,0,2.78054,0.227262,0.36288,3.6288,60.3895,0.301218,0,0,0.988813,0.21067,0,0.66528,12.849,1,0.558716,0.36288,0,49.5212,4.19863,45.1267,0.84672,12.849,0.84672,3695.15,0,18.483,0.0464629,0.292723,1.78863,5.91237,0.893421,7.05384,0.42336,9.2415,0.21168,9.2415,0.21168,442.007,0,1.02186,0,0,1.31458,0.292723,1.028160,1,0,52.1806,0,0,0,52.1806,0
48.9014,2.06351,0,0,4.04276,0.255291,0.36288,3.6288,61.308,0.296148,0,0,1.5702,0.21455,0.140959,0.66528,12.849,1,0.557718,0.36288,0,52.2644,4.65444,47.4151,0.84672,12.849,0.84672,3695.15,0,18.483,0.0453201,0.928662,1.62446,8.0898,1.10906,9.48855,0.42336,9.2415,0.21168,9.2415,0.21168,442.007,0,1.02816,0,0,1.95682,0.928662,1.028160,1,0,57.0446,0,0,0,57.0446,0
52.2447,2.08203,0,0,6.04724,0.259102,0.36288,3.6288,61.308,0.296813,0,0,2.93513,0.215803,2.42251,0.66528,12.849,1,0.547059,0.36288,0,120.117,4.65444,115.279,0.84672,12.849,0.84672,3695.15,0,18.483,0.0447413,1.52332,1.62457,9.75249,1.10906,11.7466,0.42336,9.2415,0.21168,9.2415,0.21168,442.007,0,1.02816,0,0,2.55148,1.52332,1.028160,1,0,129.448,0,0,0,129.448,0
54.6899,2.12446,0,0,5.19195,0.259411,0.36288,3.6288,61.308,0.296888,0,0,3.02471,0.21948,2.50834,0.66528,12.849,1,0.522488,0.36288,0,117.683,4.12314,113.4,0.84672,12.849,0.84672,3695.15,0,18.483,0.0447526,2.63494,1.62467,10.4817,1.0434,13.6532,0.42336,9.2415,0.21168,9.2415,0.21168,442.007,0,1.02816,0,0,3.6631,2.63494,1.028160,1,0,129.562,0,0,0,129.562,0
57.3934,2.1532,0,0,5.48191,0.262282,0.36288,3.6288,61.308,0.296963,0,0,1.87674,0.220951,1.35882,0.66528,12.849,1,0.50588,0.36288,0,89.1294,3.91062,85.0758,0.84672,12.849,0.84672,3695.15,0,18.483,0.0447638,1.79599,1.62477,9.52335,1.01714,11.8822,0.42336,9.2415,0.21168,9.2415,0.21168,442.007,0,1.02816,0,0,2.82415,1.79599,1.028160,1,0,98.3168,0,0,0,98.3168,0
61.4301,2.2513,0,0,6.882,0.231135,0.36288,3.6288,61.308,0.335529,0,0,2.93653,0.198828,2.40217,0.66528,12.849,1,0.504013,0.36288,0,163.672,3.49902,160.032,0.84672,12.849,0.84672,3695.15,0,18.483,0.0505772,2.04694,1.62487,12.2757,0.961102,14.9358,0.42336,9.2415,0.21168,9.2415,0.21168,442.007,0,1.02816,0,0,3.0751,2.04694,1.028160,1,0,177.37,0,0,0,177.37,0
62.7688,2.29331,0,0,4.24107,0.24617,0.36288,3.6288,61.308,0.335598,0,0,1.86775,0.23035,1.3018,0.66528,12.849,1,0.47968,0.36288,0,110.107,3.88938,106.101,0.84672,12.849,0.84672,3695.15,0,18.483,0.0505877,1.93069,1.67694,9.09887,1.0217,11.6342,0.42336,9.2415,0.21168,9.2415,0.21168,442.007,0,1.02816,0,0,2.95885,1.93069,1.028160,1,0,119.037,0,0,0,119.037,0
64.3999,2.30645,0,0,4.56477,0.264338,0.36288,3.6288,61.308,0.335667,0,0,1.81225,0.246349,1.23023,0.66528,12.849,1,0.472139,0.36288,0,112.7,4.23224,108.359,0.84672,12.849,0.84672,3695.15,0,18.483,0.0505981,1.92791,1.67704,8.90041,1.12865,11.3261,0.42336,9.2415,0.21168,9.2415,0.21168,442.007,0,1.02816,0,0,2.95607,1.92791,1.028160,1,0,120.915,0,0,0,120.915,0
65.968,2.32189,0,0,4.52077,0.267865,0.36288,3.6288,61.308,0.335737,0,0,1.88575,0.246349,1.30366,0.66528,12.849,1,0.463262,0.36288,0,111.738,4.23224,107.405,0.84672,12.849,0.84672,3695.15,0,18.483,0.0506086,1.93349,1.67713,10.0966,1.12865,12.528,0.42336,9.2415,0.21168,9.2415,0.21168,442.007,0,1.02816,0,0,2.96165,1.93349,1.028160,1,0,121.237,0,0,0,121.237,0
66.1045,2.56408,0,0,3.32523,0.261828,0.36288,3.6288,61.308,0.480344,0,0,1.87245,0.230786,1.16132,0.66528,12.849,1,0.499421,0.36288,0,88.6455,3.96758,84.5414,0.84672,12.849,0.84672,3695.15,0,18.483,0.0724065,1.82654,1.67723,7.76252,1.11218,10.0817,0.42336,9.2415,0.21168,9.2415,0.21168,442.007,0,1.02816,0,0,2.8547,1.82654,1.028160,1,0,95.7844,0,0,0,95.7844,0
66.5338,2.56555,0,0,3.61276,0.255034,0.36288,3.6288,61.308,0.480422,0,0,2.01801,0.219113,1.31848,0.66528,12.849,1,0.498676,0.36288,0,68.8141,3.76908,64.9093,0.84672,12.849,0.84672,3695.15,0,18.483,0.0724182,1.37744,1.86283,6.87917,1.09982,8.94719,0.42336,9.2415,0.21168,9.2415,0.21168,442.007,0,1.02816,0,0,2.4056,1.37744,1.028160,1,0,75.1749,0,0,0,75.1749,0
67.2008,2.56985,0,0,3.85566,0.255906,0.36288,3.6288,61.308,0.480499,0,0,1.9569,0.219113,1.25729,0.66528,12.849,1,0.496289,0.36288,0,125.924,3.76908,122.021,0.84672,12.849,0.84672,3695.15,0,18.483,0.0724299,1.37712,1.86293,6.80668,1.09982,8.87448,0.42336,9.2415,0.21168,9.2415,0.21168,442.007,0,1.02816,0,0,2.40528,1.37712,1.028160,1,0,132.153,0,0,0,132.153,0
67.5887,2.57637,0,0,3.58438,0.25726,0.36288,3.6288,61.308,0.480577,0,0,1.32833,0.219113,0.628641,0.66528,12.849,1,0.492609,0.36288,0,106.985,3.76908,103.086,0.84672,12.849,0.84672,3695.15,0,18.483,0.0724416,0.887423,1.86304,6.12562,1.09982,7.70382,0.42336,9.2415,0.21168,9.2415,0.21168,442.007,0,1.02816,0,0,1.91558,0.887423,1.028160,1,0,111.418,0,0,0,111.418,0
69.9941,2.25312,0,0,5.31669,0.295262,0.36288,3.6288,61.308,0.286639,0,0,1.46063,0.2021,0.971888,0.66528,12.849,1,0.428331,0.36288,0,85.6544,3.9447,81.6442,0.84672,12.849,0.84672,3695.15,0,18.483,0.0432077,1.68301,1.86314,8.6619,0.983983,11.1809,0.42336,9.2415,0.21168,9.2415,0.21168,442.007,0,1.02816,0,0,2.71117,1.68301,1.028160,1,0,93.797,0,0,0,93.797,0
72.29,2.27249,0,0,6.26704,0.301164,1.39749,3.6288,61.308,0.286706,0,0,2.22941,0.204476,1.73822,0.66528,12.849,1,0.417166,1.39749,0,92.2726,4.12524,89.1277,0.84672,12.849,0.84672,3695.15,0,18.483,0.0432177,2.40268,1.60943,11.0065,0.987907,13.9875,0.42336,9.2415,0.21168,9.2415,0.21168,442.007,0,1.02816,0,0,3.43084,2.40268,1.028160,1,0,104.853,0,0,0,104.853,0
72.29,2.29006,0,0,9.6572,0.306504,7.06063,3.6288,61.308,0.286772,0,0,3.19,0.204476,2.69875,0.66528,12.849,1,0.407041,7.06063,0,168.2,4.12524,170.728,0.84672,12.849,0.84672,3695.15,0,18.483,0.0432277,4.51918,1.60952,15.398,0.987907,20.4956,0.42336,9.2415,0.21168,9.2415,0.21168,442.007,0,1.02816,0,0,5.54734,4.51918,1.028160,1,0,193.923,0,0,0,193.923,0
72.29,2.29019,0,0,10.5113,0.301723,7.91942,3.6288,61.308,0.286839,0,0,3.17991,0.164386,2.72868,0.66528,12.849,1,0.407064,7.91942,0,188.654,3.49765,192.669,0.84672,12.849,0.84672,3695.15,0,18.483,0.0432378,4.65738,1.60961,17.8769,0.880422,23.2202,0.42336,9.2415,0.21168,9.2415,0.21168,442.007,0,1.02816,0,0,5.68554,4.65738,1.028160,1,0,218.618,0,0,0,218.618,0
72.29,2.29032,0,0,8.50285,0.295333,5.9172,3.6288,61.308,0.286906,0,0,2.5008,0.166921,2.04697,0.66528,12.849,1,0.407087,5.9172,0,196.653,3.66089,198.503,0.84672,12.849,0.84672,3695.15,0,18.483,0.0432478,3.90893,1.60971,15.0061,0.898424,19.583,0.42336,9.2415,0.21168,9.2415,0.21168,442.007,0,1.02816,0,0,4.93709,3.90893,1.028160,1,0,220.133,0,0,0,220.133,0
72.29,2.37414,0,0,4.00241,0.266563,1.36171,3.6288,61.308,0.334449,0,0,1.01169,0.194923,0.48232,0.66528,12.849,1,0.421985,1.36171,0,82.7876,4.27024,79.4571,0.84672,12.849,0.84672,3695.15,0,18.483,0.0504145,0.896547,1.6098,5.20686,1.00583,6.65696,0.42336,9.2415,0.21168,9.2415,0.21168,442.007,0,1.02816,0,0,1.92471,0.896547,1.028160,1,0,86.5964,0,0,0,86.5964,0
72.29,2.37427,0,0,5.50019,0.273744,2.85217,3.6288,61.308,0.334518,0,0,1.53211,0.204518,0.993077,0.66528,12.849,1,0.422009,2.85217,0,116.476,3.99273,114.913,0.84672,12.849,0.84672,3695.15,0,18.483,0.0504249,1.85391,1.67257,7.76164,1.00538,10.2323,0.42336,9.2415,0.21168,9.2415,0.21168,442.007,0,1.02816,0,0,2.88207,1.85391,1.028160,1,0,126.139,0,0,0,126.139,0
72.29,2.37441,0,0,5.53878,0.273744,2.89063,3.6288,61.308,0.334588,0,0,1.69639,0.204518,1.15728,0.66528,12.849,1,0.422033,2.89063,0,117.105,3.99273,115.581,0.84672,12.849,0.84672,3695.15,0,18.483,0.0504353,2.39319,1.67267,8.34702,1.00538,11.3571,0.42336,9.2415,0.21168,9.2415,0.21168,442.007,0,1.02816,0,0,3.42135,2.39319,1.028160,1,0,128.095,0,0,0,128.095,0
72.29,2.37454,0,0,4.08592,0.273744,1.43763,3.6288,61.308,0.334657,0,0,1.25873,0.204518,0.719552,0.66528,12.849,1,0.422057,1.43763,0,84.0836,3.99273,81.1065,0.84672,12.849,0.84672,3695.15,0,18.483,0.0504458,1.2137,1.67276,5.91388,1.00538,7.74451,0.42336,9.2415,0.21168,9.2415,0.21168,442.007,0,1.02816,0,0,2.24186,1.2137,1.028160,1,0,89.5705,0,0,0,89.5705,0
72.29,2.34195,0,0,4.24332,0.220787,1.68059,3.6288,61.308,0.316282,0,0,1.59369,0.211634,1.06577,0.66528,12.849,1,0.416263,1.68059,0,73.1523,3.69087,70.7257,0.84672,12.849,0.84672,3695.15,0,18.483,0.0476761,1.93153,1.67286,5.938,0.982275,8.51243,0.42336,9.2415,0.21168,9.2415,0.21168,442.007,0,1.02816,0,0,2.95969,1.93153,1.028160,1,0,80.304,0,0,0,80.304,0
72.29,2.34208,0,0,3.43428,0.21196,0.880241,3.6288,61.308,0.316351,0,0,1.28638,0.21282,0.757213,0.66528,12.849,1,0.416287,0.880241,0,61.6585,3.64056,58.4819,0.84672,12.849,0.84672,3695.15,0,18.483,0.0476864,1.43574,1.64855,4.8207,0.978425,6.87887,0.42336,9.2415,0.21168,9.2415,0.21168,442.007,0,1.02816,0,0,2.4639,1.43574,1.028160,1,0,66.118,0,0,0,66.118,0
72.29,2.34221,0,0,3.01691,0.21196,0.462737,3.6288,61.308,0.316419,0,0,1.23948,0.21282,0.710238,0.66528,12.849,1,0.41631,0.462737,0,57.3015,3.64056,53.7074,0.84672,12.849,0.84672,3695.15,0,18.483,0.0476967,1.25298,1.64864,4.73082,0.978425,6.60632,0.42336,9.2415,0.21168,9.2415,0.21168,442.007,0,1.02816,0,0,2.28114,1.25298,1.028160,1,0,61.0239,0,0,0,61.0239,0
72.29,2.34234,0,0,3.4212,0.21196,0.866896,3.6288,61.308,0.316487,0,0,1.29386,0.21282,0.76455,0.66528,12.849,1,0.416334,0.866896,0,64.2544,3.64056,61.0644,0.84672,12.849,0.84672,3695.15,0,18.483,0.047707,1.08779,1.64873,5.47279,0.978425,7.18318,0.42336,9.2415,0.21168,9.2415,0.21168,442.007,0,1.02816,0,0,2.11595,1.08779,1.028160,1,0,69.0121,0,0,0,69.0121,0
72.29,2.45359,0,0,3.09058,0.145742,0.491243,3.6288,61.308,0.381976,0,0,1.16548,0.251487,0.532021,0.66528,12.849,1,0.436108,0.491243,0,53.8834,4.29599,49.6426,0.84672,12.849,0.84672,3695.15,0,18.483,0.0575787,1.0594,1.64882,4.45738,1.05963,6.0484,0.42336,9.2415,0.21168,9.2415,0.21168,442.007,0,1.02816,0,0,2.08756,1.0594,1.028160,1,0,56.223,0,0,0,56.223,0
72.29,2.45373,0,0,2.99043,0.149298,0.387404,3.6288,61.308,0.382048,0,0,1.03361,0.260633,0.39093,0.66528,12.849,1,0.436132,0.387404,0,49.2192,4.61822,44.5523,0.84672,12.849,0.84672,3695.15,0,18.483,0.0575896,0.965131,1.73427,4.03629,1.04814,5.62995,0.42336,9.2415,0.21168,9.2415,0.21168,442.007,0,1.02816,0,0,1.99329,0.965131,1.028160,1,0,50.5732,0,0,0,50.5732,0
71.9598,2.45387,0,0,2.62145,0.134901,0.36288,3.6288,61.308,0.38212,0,0,0.962902,0.270076,0.310705,0.66528,12.849,1,0.436157,0.36288,0,43.9748,4.72531,39.1762,0.84672,12.849,0.84672,3695.15,0,18.483,0.0576004,0.830269,1.73437,3.91607,1.07551,5.3476,0.42336,9.2415,0.21168,9.2415,0.21168,442.007,0,1.02816,0,0,1.85843,0.830269,1.028160,1,0,44.8345,0,0,0,44.8345,0
71.527,2.45138,0,0,2.48015,0.0986629,0.36288,3.6288,61.308,0.382192,0,0,0.925793,0.293685,0.249916,0.66528,12.849,1,0.437713,0.36288,0,40.1987,4.99306,35.1308,0.84672,12.849,0.84672,3695.15,0,18.483,0.0576113,0.740543,1.73446,3.76733,1.14392,5.0408,0.42336,9.2415,0.21168,9.2415,0.21168,442.007,0,1.02816,0,0,1.7687,0.740543,1.028160,1,0,40.4215,0,0,0,40.4215,0
71.0892,2.44804,0,0,2.47417,0.101065,0.36288,3.6288,61.308,0.382264,0,0,0.915304,0.288878,0.244162,0.66528,12.849,1,0.439761,0.36288,0,42.1085,4.93639,37.0952,0.84672,12.849,0.84672,3695.15,0,18.483,0.0576221,0.726849,1.73456,4.23301,1.13681,5.49999,0.42336,9.2415,0.21168,9.2415,0.21168,442.007,0,1.02816,0,0,1.75501,0.726849,1.028160,1,0,42.8394,0,0,0,42.8394,0
71.2369,2.42273,0,0,3.04615,0.112842,0.36288,3.6288,61.308,0.418303,0,0,1.09006,0.265933,0.405821,0.66528,12.849,1,0.437895,0.36288,0,52.9549,4.60271,48.2772,0.84672,12.849,0.84672,3695.15,0,18.483,0.0630545,1.25794,1.73466,5.5194,1.11367,7.33527,0.42336,9.2415,0.21168,9.2415,0.21168,442.007,0,1.02816,0,0,2.2861,1.25794,1.028160,1,0,56.0183,0,0,0,56.0183,0
71.2402,2.42405,0,0,2.87796,0.0877819,0.36288,3.6288,61.308,0.418377,0,0,1.02622,0.301301,0.306538,0.66528,12.849,1,0.437227,0.36288,0,50.3667,4.64068,45.6517,0.84672,12.849,0.84672,3695.15,0,18.483,0.0630657,1.18156,1.76136,5.65031,1.23084,7.29933,0.42336,9.2415,0.21168,9.2415,0.21168,442.007,0,1.02816,0,0,2.20972,1.18156,1.028160,1,0,53.2575,0,0,0,53.2575,0
71.1037,2.42422,0,0,2.73846,0.087784,0.36288,3.6288,61.308,0.418451,0,0,0.954625,0.301301,0.234873,0.66528,12.849,1,0.437236,0.36288,0,45.6571,4.64068,40.9421,0.84672,12.849,0.84672,3695.15,0,18.483,0.0630768,1.1015,1.76145,5.38009,1.23084,6.94913,0.42336,9.2415,0.21168,9.2415,0.21168,442.007,0,1.02816,0,0,2.12966,1.1015,1.028160,1,0,48.1261,0,0,0,48.1261,0
70.7576,2.42325,0,0,2.52769,0.0876924,0.36288,3.6288,61.308,0.418525,0,0,0.853701,0.301301,0.133875,0.66528,12.849,1,0.437901,0.36288,0,43.2051,4.64068,38.4894,0.84672,12.849,0.84672,3695.15,0,18.483,0.063088,0.995483,1.76155,5.03239,1.23084,6.49551,0.42336,9.2415,0.21168,9.2415,0.21168,442.007,0,1.02816,0,0,2.02364,0.995483,1.028160,1,0,45.1188,0,0,0,45.1188,0
70.3909,2.47708,0,0,2.55503,0.0817582,0.36288,3.6288,61.2905,0.45066,0,0,0.737934,0.304763,0,0.66528,12.849,1,0.449817,0.36288,0,41.2293,5.39361,35.7488,0.84672,12.849,0.84672,3695.15,0,18.483,0.067932,0.895856,1.76165,4.25706,1.40094,5.44569,0.42336,9.2415,0.21168,9.2415,0.21168,442.007,0,1.02816,0,0,1.92402,0.895856,1.028160,1,0,41.1944,0,0,0,41.1944,0
70.0022,2.47415,0,0,2.52759,0.0792537,0.36288,3.6288,61.2435,0.450719,0,0,0.709845,0.306114,0,0.66528,12.849,1,0.451626,0.36288,0,38.4677,5.69478,32.6842,0.84672,12.849,0.84672,3695.15,0,18.483,0.0679603,0.924765,1.80415,4.05473,1.46898,5.2467,0.42336,9.2415,0.21168,9.2415,0.21168,442.007,0,1.02816,0,0,1.95293,0.924765,1.028160,1,0,37.9309,0,0,0,37.9309,0
69.3277,2.47101,0,0,2.23835,0.0790166,0.36288,3.6288,61.1533,0.45075,0,0,0.666593,0.306023,0,0.66528,12.849,1,0.453557,0.36288,0,36.2436,5.69478,30.4581,0.84672,12.849,0.84672,3695.15,0,18.483,0.0680171,0.789877,1.80425,4.01526,1.46898,5.07239,0.42336,9.2415,0.21168,9.2415,0.21168,442.007,0,1.02816,0,0,1.81804,0.789877,1.028160,1,0,35.5305,0,0,0,35.5305,0
68.4541,2.4654,0,0,2.03329,0.078605,0.36288,3.6288,61.0453,0.450739,0,0,0.648518,0.305849,0,0.66528,12.849,1,0.45693,0.36288,0,34.1175,5.69478,28.3286,0.84672,12.849,0.84672,3695.15,0,18.483,0.0681157,0.67246,1.80435,3.87192,1.46898,4.81164,0.42336,9.2415,0.21168,9.2415,0.21168,442.007,0,1.02816,0,0,1.70062,0.67246,1.028160,1,0,33.1403,0,0,0,33.1403,0
67.4225,2.62211,0,0,2.01162,0.0581426,0.36288,3.6288,60.7932,0.566395,0,0,0.629592,0.315267,0,0.66528,12.849,1,0.492177,0.36288,0,32.9902,6.07907,26.7818,0.84672,12.849,0.84672,3695.15,0,18.483,0.0857453,0.672728,1.80445,3.6899,1.53504,4.5463,0.42336,9.2415,0.21168,9.2415,0.21168,442.007,0,1.02816,0,0,1.70089,0.672728,1.028160,1,0,31.3281,0,0,0,31.3281,0
67.3261,2.61251,0,0,2.93965,0.060676,0.36288,3.6288,60.6074,0.566169,0,0,0.69452,0.314142,0,0.66528,12.849,1,0.497877,0.36288,0,37.6085,6.19342,31.28,0.84672,12.849,0.84672,3695.15,0,18.483,0.0860664,1.00037,1.94816,3.51464,1.59502,4.78208,0.42336,9.2415,0.21168,9.2415,0.21168,442.007,0,1.02816,0,0,2.02853,1.00037,1.028160,1,0,36.0621,0,0,0,36.0621,0
66.6495,2.61173,0,0,2.35857,0.0606299,0.36288,3.6288,60.2737,0.566022,0,0,0.546115,0.313772,0,0.66528,12.849,1,0.498442,0.36288,0,44.2356,6.19342,37.9066,0.84672,12.849,0.84672,3695.15,0,18.483,0.0863079,0.599089,1.94827,2.91959,1.59502,3.78561,0.42336,9.2415,0.21168,9.2415,0.21168,442.007,0,1.02816,0,0,1.62725,0.599089,1.028160,1,0,41.6922,0,0,0,41.6922,0
66.4143,2.60535,0,0,2.79333,0.0603065,0.36288,3.6288,60.2286,0.56569,0,0,0.833631,0.313107,0,0.66528,12.849,1,0.502271,0.36288,0,37.9687,6.19342,31.6358,0.84672,12.849,0.84672,3695.15,0,18.483,0.0867348,1.41969,1.94838,3.94817,1.59502,5.63448,0.42336,9.2415,0.21168,9.2415,0.21168,442.007,0,1.02816,0,0,2.44785,1.41969,1.028160,1,0,37.2703,0,0,0,37.2703,0
65.7182,2.6032,0,0,2.3338,0.0638299,0.36288,3.6288,59.9822,0.565716,0,0,0.611781,0.292474,0,0.66528,12.849,1,0.503634,0.36288,0,34.6483,5.63889,28.8687,0.84672,12.849,0.84672,3695.15,0,18.483,0.0868038,0.903113,1.94849,4.09046,1.37916,5.4761,0.42336,9.2415,0.21168,9.2415,0.21168,442.007,0,1.02816,0,0,1.93127,0.903113,1.028160,1,0,34.3448,0,0,0,34.3448,0
64.0344,2.51726,0,0,1.24682,0.0504375,0.36288,3.6288,59.3502,0.717048,0,0,0.32959,0.244512,0,0.66528,12.849,1,0.492166,0.36288,0,30.4196,5.58296,24.7074,0.84672,12.849,0.84672,3695.15,0,18.483,0.110476,0.204422,1.9486,2.20395,1.50292,2.74358,0.42336,9.2415,0.21168,9.2415,0.21168,442.007,0,0.772381,0,0,0.976804,0.204422,1.028160,1,0,27.451,0,0,0,27.451,0
62.2777,2.50086,0,0,1.1568,0.0497593,0.36288,3.6288,58.5296,0.911618,0,0,0.334571,0.243527,0,0.66528,12.849,1,0.501817,0.36288,0,18.0684,5.58296,12.3465,0.84672,12.849,0.84672,3695.15,0,18.483,0.141949,0.204422,1.86639,1.66552,1.50292,2.09146,0.42336,9.2415,0.21168,9.2415,0.21168,442.007,0,0.546428,0,0,0.750851,0.204422,1.028160,1,0,14.438,0,0,0,14.438,0
62.3567,2.48303,0,0,3.06094,0.135994,0.36288,3.6288,58.3855,0.493936,0,0,0.600667,0.250852,0,0.66528,12.849,1,0.512294,0.36288,0,26.9317,5.02551,21.7568,0.84672,12.849,0.84672,3695.15,0,18.483,0.0779898,0.88128,1.8665,4.86553,1.37922,6.1561,0.42336,9.2415,0.21168,9.2415,0.21168,442.007,0,1.02816,0,0,1.90944,0.88128,1.028160,1,0,27.9129,0,0,0,27.9129,0
61.5853,2.484,0,0,2.23404,0.158577,0.36288,3.6288,57.9094,0.673505,0,0,0.458974,0.261532,0,0.66528,12.849,1,0.511844,0.36288,0,43.2503,4.92324,38.1781,0.84672,12.849,0.84672,3695.15,0,18.483,0.106605,0.216518,1.8666,2.82219,1.33397,3.46473,0.42336,9.2415,0.21168,9.2415,0.21168,442.007,0,0.820066,0,0,1.03658,0.216518,1.028160,1,0,41.6428,0,0,0,41.6428,0
62.3134,2.41206,0,0,3.66447,0.161393,0.36288,3.6288,57.9875,0.429876,0,0,0.725874,0.217922,0,0.66528,12.849,1,0.503247,0.36288,0,33.8443,4.36122,29.3427,0.84672,12.849,0.84672,3695.15,0,18.483,0.068602,0.240798,1.86671,5.74711,1.11952,6.6665,0.42336,9.2415,0.21168,9.2415,0.21168,442.007,0,1.02816,0,0,1.26896,0.240798,1.028160,1,0,36.0092,0,0,0,36.0092,0
62.0075,2.41966,0,0,2.64188,0.165246,0.36288,3.6288,58.6612,0.430031,0,0,1.28965,0.18591,0,0.66528,12.849,1,0.498934,0.36288,0,37.7571,3.9397,33.6814,0.84672,12.849,0.84672,3695.15,0,18.483,0.0685342,1.00619,1.79364,6.48674,0.958672,8.25936,0.42336,9.2415,0.21168,9.2415,0.21168,442.007,0,1.02816,0,0,2.03435,1.00619,1.028160,1,0,41.9407,0,0,0,41.9407,0
60.9488,2.41668,0,0,1.90535,0.184495,0.36288,3.6288,58.8916,0.430785,0,0,0.854718,0.193502,0,0.66528,12.849,1,0.500777,0.36288,0,33.767,4.05569,29.5734,0.84672,12.849,0.84672,3695.15,0,18.483,0.067866,0.391506,1.79374,6.59977,0.985749,7.7314,0.42336,9.2415,0.21168,9.2415,0.21168,442.007,0,1.02816,0,0,1.41967,0.391506,1.028160,1,0,37.3048,0,0,0,37.3048,0
63.9985,2.40584,0,0,6.05,0.23162,0.36288,3.6288,59.5454,0.431089,0,0,1.29563,0.210772,0,0.66528,12.849,1,0.50719,0.36288,0,112.899,4.34563,108.409,0.84672,12.849,0.84672,3695.15,0,18.483,0.0676481,1.35419,1.79384,10.7076,1.05344,12.7345,0.42336,9.2415,0.21168,9.2415,0.21168,442.007,0,1.02816,0,0,2.38235,1.35419,1.028160,1,0,121.143,0,0,0,121.143,0
64.9179,2.25334,0,0,3.77645,0.240787,0.36288,3.6288,59.4963,0.329576,0,0,0.491319,0.210892,0,0.66528,12.849,1,0.452404,0.36288,0,62.9848,4.37557,58.5197,0.84672,12.849,0.84672,3695.15,0,18.483,0.0511505,0.292723,1.79394,6.25825,1.08064,7.21312,0.42336,9.2415,0.21168,9.2415,0.21168,442.007,0,0.992876,0,0,1.2856,0.292723,1.028160,1,0,65.7328,0,0,0,65.7328,0
65.2336,2.26169,0,0,3.19113,0.2509,0.36288,3.6288,58.992,0.716495,0,0,0.421146,0.208916,0,0.66528,12.849,1,0.447649,0.36288,0,55.4019,4.45043,50.8667,0.84672,12.849,0.84672,3695.15,0,18.483,0.111293,0.292723,1.62928,6.00471,1.14865,6.66678,0.42336,9.2415,0.21168,9.2415,0.21168,442.007,0,0.545892,0,0,0.838616,0.292723,1.028160,1,0,57.5335,0,0,0,57.5335,0
66.9577,2.2646,0,0,4.60312,0.251536,0.36288,3.6288,59.1721,0.29879,0,0,0.687141,0.208242,0,0.66528,12.849,1,0.446056,0.36288,0,82.7504,4.45043,78.2168,0.84672,12.849,0.84672,3695.15,0,18.483,0.0468075,0.529131,1.62937,7.81583,1.14865,8.77888,0.42336,9.2415,0.21168,9.2415,0.21168,442.007,0,1.02816,0,0,1.55729,0.529131,1.028160,1,0,86.9957,0,0,0,86.9957,0
66.7542,2.27958,0,0,2.70322,0.264254,0.36288,3.6288,59.3139,0.298981,0,0,0.650243,0.209422,0,0.66528,12.849,1,0.437444,0.36288,0,62.6357,4.35105,58.2101,0.84672,12.849,0.84672,3695.15,0,18.483,0.0466948,0.447924,1.62946,6.47261,1.12779,7.37551,0.42336,9.2415,0.21168,9.2415,0.21168,442.007,0,1.02816,0,0,1.47608,0.447924,1.028160,1,0,65.5856,0,0,0,65.5856,0
68.0673,2.27798,0,0,4.23529,0.281364,0.36288,3.6288,59.6389,0.299144,0,0,0.877185,0.253037,0,0.66528,12.849,1,0.438471,0.36288,0,78.8861,5.14542,73.6651,0.84672,12.849,0.84672,3695.15,0,18.483,0.0466086,0.844975,1.62956,8.17819,1.2899,9.31621,0.42336,9.2415,0.21168,9.2415,0.21168,442.007,0,1.02816,0,0,1.87313,0.844975,1.028160,1,0,82.9813,0,0,0,82.9813,0
72.29,2.3608,0,0,9.28484,0.259577,2.44173,3.6288,60.947,0.337895,0,0,1.86588,0.219897,0,0.66528,12.849,1,0.445645,2.44173,0,103.896,3.65706,102.235,0.84672,12.849,0.84672,3695.15,0,18.483,0.0523593,2.5685,1.62965,15.9759,1.099,19.0227,0.42336,9.2415,0.21168,9.2415,0.21168,442.007,0,1.02816,0,0,3.59666,2.5685,1.028160,1,0,121.258,0,0,0,121.258,0
72.29,2.3952,0,0,5.87161,0.289808,3.1866,3.6288,61.308,0.338932,0,0,1.02429,0.240908,0.083487,0.66528,12.849,1,0.425728,3.1866,0,144.294,3.94233,143.113,0.84672,12.849,0.84672,3695.15,0,18.483,0.0513928,1.21465,1.68186,10.8811,1.23355,12.4927,0.42336,9.2415,0.21168,9.2415,0.21168,442.007,0,1.02816,0,0,2.24281,1.21465,1.028160,1,0,155.689,0,0,0,155.689,0
72.29,2.39532,0,0,5.59293,0.289808,2.90781,3.6288,61.308,0.339257,0,0,0.898966,0.241459,0.31825,0.66528,12.849,1,0.425749,2.90781,0,142.121,3.94233,140.661,0.84672,12.849,0.84672,3695.15,0,18.483,0.0511392,0.819521,1.68194,9.54132,1.23355,10.7581,0.42336,9.2415,0.21168,9.2415,0.21168,442.007,0,1.02816,0,0,1.84768,0.819521,1.028160,1,0,151.737,0,0,0,151.737,0
72.29,2.39544,0,0,5.89658,0.289808,3.21134,3.6288,61.308,0.339319,0,0,0.935548,0.241459,0.35477,0.66528,12.849,1,0.425771,3.21134,0,118.263,3.94233,117.107,0.84672,12.849,0.84672,3695.15,0,18.483,0.0511485,1.50227,1.68203,10.694,1.23355,12.5936,0.42336,9.2415,0.21168,9.2415,0.21168,442.007,0,1.02816,0,0,2.53043,1.50227,1.028160,1,0,130.055,0,0,0,130.055,0
72.29,2.62921,0,0,7.55401,0.304322,4.62048,3.6288,61.308,0.484339,0,0,1.63718,0.231499,0.921348,0.66528,12.849,1,0.467323,4.62048,0,151.891,4.03494,152.009,0.84672,12.849,0.84672,3695.15,0,18.483,0.0730086,3.00901,1.68211,17.8063,1.16593,21.2585,0.42336,9.2415,0.21168,9.2415,0.21168,442.007,0,1.02816,0,0,4.03717,3.00901,1.028160,1,0,174.189,0,0,0,174.189,0
72.29,2.62934,0,0,6.99309,0.323674,4.04008,3.6288,61.308,0.484408,0,0,1.82837,0.218219,1.12574,0.66528,12.849,1,0.467346,4.04008,0,165.038,4.15842,164.452,0.84672,12.849,0.84672,3695.15,0,18.483,0.0730191,2.92218,1.86824,17.9329,1.07578,21.5745,0.42336,9.2415,0.21168,9.2415,0.21168,442.007,0,1.02816,0,0,3.95034,2.92218,1.028160,1,0,187.152,0,0,0,187.152,0
72.29,2.62948,0,0,5.7926,0.323674,2.83945,3.6288,61.308,0.484477,0,0,1.24463,0.218219,0.541931,0.66528,12.849,1,0.467369,2.83945,0,104.342,4.15842,102.555,0.84672,12.849,0.84672,3695.15,0,18.483,0.0730295,1.88968,1.86834,11.2523,1.07578,13.8615,0.42336,9.2415,0.21168,9.2415,0.21168,442.007,0,1.02816,0,0,2.91784,1.88968,1.028160,1,0,116.959,0,0,0,116.959,0
72.29,2.62961,0,0,5.05849,0.323674,2.1052,3.6288,61.308,0.484546,0,0,1.17902,0.218219,0.476258,0.66528,12.849,1,0.467393,2.1052,0,106.297,4.15842,103.776,0.84672,12.849,0.84672,3695.15,0,18.483,0.0730399,1.5952,1.86843,9.20566,1.07578,11.5205,0.42336,9.2415,0.21168,9.2415,0.21168,442.007,0,1.02816,0,0,2.62336,1.5952,1.028160,1,0,115.773,0,0,0,115.773,0
72.29,2.2964,0,0,4.48875,0.329867,1.86248,3.6288,61.308,0.29004,0,0,1.32645,0.164311,0.872096,0.66528,12.849,1,0.408168,1.86248,0,130.162,3.68869,127.928,0.84672,12.849,0.84672,3695.15,0,18.483,0.0437204,1.48377,1.86852,10.2762,0.913244,12.6715,0.42336,9.2415,0.21168,9.2415,0.21168,442.007,0,1.02816,0,0,2.51193,1.48377,1.028160,1,0,141.472,0,0,0,141.472,0
72.29,2.29652,0,0,4.7575,0.312101,2.14888,3.6288,61.308,0.2901,0,0,1.58833,0.153835,1.1444,0.66528,12.849,1,0.408189,2.14888,0,135.526,3.87818,133.389,0.84672,12.849,0.84672,3695.15,0,18.483,0.0437293,1.4755,1.61407,12.0499,0.870206,14.2255,0.42336,9.2415,0.21168,9.2415,0.21168,442.007,0,1.02816,0,0,2.50366,1.4755,1.028160,1,0,148.759,0,0,0,148.759,0
72.29,2.29663,0,0,4.89981,0.312101,2.29108,3.6288,61.308,0.290159,0,0,1.47418,0.153835,1.03019,0.66528,12.849,1,0.408209,2.29108,0,132.393,3.87818,130.398,0.84672,12.849,0.84672,3695.15,0,18.483,0.0437383,1.85465,1.61415,13.4905,0.870206,16.0453,0.42336,9.2415,0.21168,9.2415,0.21168,442.007,0,1.02816,0,0,2.88281,1.85465,1.028160,1,0,147.474,0,0,0,147.474,0
72.29,2.29675,0,0,6.52853,0.312101,3.91968,3.6288,61.308,0.290218,0,0,1.74921,0.153835,1.30516,0.66528,12.849,1,0.40823,3.91968,0,185.595,3.87818,185.228,0.84672,12.849,0.84672,3695.15,0,18.483,0.0437472,2.04006,1.61423,15.3706,0.870206,18.111,0.42336,9.2415,0.21168,9.2415,0.21168,442.007,0,1.02816,0,0,3.06822,2.04006,1.028160,1,0,204.644,0,0,0,204.644,0
72.29,2.29686,0,0,7.24633,0.311564,4.6379,3.6288,61.308,0.290278,0,0,1.84054,0.152364,1.3979,0.66528,12.849,1,0.40825,4.6379,0,220.92,4.03948,221.11,0.84672,12.849,0.84672,3695.15,0,18.483,0.0437562,2.13652,1.61431,20.4129,0.93057,23.1894,0.42336,9.2415,0.21168,9.2415,0.21168,442.007,0,1.02816,0,0,3.16468,2.13652,1.028160,1,0,245.697,0,0,0,245.697,0
72.29,2.38091,0,0,5.07178,0.290388,2.40049,3.6288,61.308,0.337949,0,0,1.49599,0.161735,0.996306,0.66528,12.849,1,0.423188,2.40049,0,134.797,3.74609,133.028,0.84672,12.849,0.84672,3695.15,0,18.483,0.0509421,1.66229,1.6144,11.4179,0.821517,13.8222,0.42336,9.2415,0.21168,9.2415,0.21168,442.007,0,1.02816,0,0,2.69045,1.66229,1.028160,1,0,147.847,0,0,0,147.847,0
72.29,2.38103,0,0,5.12089,0.290388,2.44948,3.6288,61.308,0.338011,0,0,2.13935,0.161735,1.6396,0.66528,12.849,1,0.423209,2.44948,0,156.222,3.74609,154.502,0.84672,12.849,0.84672,3695.15,0,18.483,0.0509514,2.4294,1.67734,13.571,0.821517,16.8053,0.42336,9.2415,0.21168,9.2415,0.21168,442.007,0,1.02816,0,0,3.45756,2.4294,1.028160,1,0,172.947,0,0,0,172.947,0
72.29,2.38114,0,0,4.45008,0.290388,1.77855,3.6288,61.308,0.338073,0,0,1.73893,0.161735,1.23912,0.66528,12.849,1,0.42323,1.77855,0,129.292,3.74609,126.901,0.84672,12.849,0.84672,3695.15,0,18.483,0.0509607,1.69116,1.67742,10.7139,0.821517,13.2101,0.42336,9.2415,0.21168,9.2415,0.21168,442.007,0,1.02816,0,0,2.71932,1.69116,1.028160,1,0,141.35,0,0,0,141.35,0
72.29,2.38126,0,0,3.57674,0.260209,0.935271,3.6288,61.308,0.338134,0,0,1.25561,0.158405,0.759069,0.66528,12.849,1,0.423252,0.935271,0,103.675,3.94378,100.243,0.84672,12.849,0.84672,3695.15,0,18.483,0.05097,1.09694,1.67751,7.1833,0.834372,9.07241,0.42336,9.2415,0.21168,9.2415,0.21168,442.007,0,1.02816,0,0,2.1251,1.09694,1.028160,1,0,110.075,0,0,0,110.075,0
72.29,2.34856,0,0,3.53887,0.231311,0.958993,3.6288,61.308,0.3197,0,0,1.09921,0.191999,0.587507,0.66528,12.849,1,0.417439,0.958993,0,97.9534,4.21386,94.2811,0.84672,12.849,0.84672,3695.15,0,18.483,0.0481913,0.897774,1.67759,7.18188,0.969909,8.73915,0.42336,9.2415,0.21168,9.2415,0.21168,442.007,0,1.02816,0,0,1.92593,0.897774,1.028160,1,0,103.608,0,0,0,103.608,0
72.29,2.34868,0,0,3.10103,0.228806,0.523549,3.6288,61.308,0.319761,0,0,0.949493,0.206436,0.423296,0.66528,12.849,1,0.41746,0.523549,0,75.6026,4.26258,71.4461,0.84672,12.849,0.84672,3695.15,0,18.483,0.0482004,0.699961,1.6532,5.54977,1.02027,6.83446,0.42336,9.2415,0.21168,9.2415,0.21168,442.007,0,1.02816,0,0,1.72812,0.699961,1.028160,1,0,78.7039,0,0,0,78.7039,0
72.065,2.3488,0,0,2.7155,0.228806,0.36288,3.6288,61.308,0.349157,0,0,0.901031,0.206436,0.345439,0.66528,12.849,1,0.417481,0.36288,0,66.5574,4.26258,62.2402,0.84672,12.849,0.84672,3695.15,0,18.483,0.0526315,0.528595,1.65329,5.17466,1.02027,6.28364,0.42336,9.2415,0.21168,9.2415,0.21168,442.007,0,0.994403,0,0,1.523,0.528595,1.028160,1,0,68.8693,0,0,0,68.8693,0
71.5675,2.3472,0,0,2.44099,0.228415,0.36288,3.6288,61.308,0.388823,0,0,0.798388,0.206436,0.203129,0.66528,12.849,1,0.418499,0.36288,0,57.5135,4.26258,53.1953,0.84672,12.849,0.84672,3695.15,0,18.483,0.0586108,0.402797,1.65337,4.528,1.02027,5.50529,0.42336,9.2415,0.21168,9.2415,0.21168,442.007,0,0.948828,0,0,1.35162,0.402797,1.028160,1,0,58.9038,0,0,0,58.9038,0
71.0176,2.45466,0,0,2.46004,0.19245,0.36288,3.6288,61.308,0.472485,0,0,0.791856,0.179436,0.139935,0.66528,12.849,1,0.440702,0.36288,0,57.0825,3.61038,53.3943,0.84672,12.849,0.84672,3695.15,0,18.483,0.0712219,0.402797,1.65345,4.20759,0.877755,5.31486,0.42336,9.2415,0.21168,9.2415,0.21168,442.007,0,0.928117,0,0,1.33091,0.402797,1.028160,1,0,58.8491,0,0,0,58.8491,0
70.6843,2.45031,0,0,2.64413,0.164165,0.36288,3.6288,61.308,0.429677,0,0,0.83452,0.191578,0.213265,0.66528,12.849,1,0.443328,0.36288,0,56.3098,3.63132,52.5981,0.84672,12.849,0.84672,3695.15,0,18.483,0.0647691,0.402797,1.73912,4.27364,0.940332,5.41046,0.42336,9.2415,0.21168,9.2415,0.21168,442.007,0,0.977452,0,0,1.38025,0.402797,1.028160,1,0,58.2218,0,0,0,58.2218,0
70.0573,2.4477,0,0,2.34724,0.163746,0.36288,3.6288,61.308,0.51306,0,0,0.717768,0.191578,0.0131294,0.66528,12.849,1,0.444942,0.36288,0,53.2863,3.63132,49.573,0.84672,12.849,0.84672,3695.15,0,18.483,0.0773381,0.402797,1.73921,4.22601,0.940332,5.35034,0.42336,9.2415,0.21168,9.2415,0.21168,442.007,0,0.881574,0,0,1.28437,0.402797,1.028160,1,0,54.9364,0,0,0,54.9364,0
69.2553,2.44261,0,0,2.15717,0.153617,0.36288,3.6288,61.308,0.435099,0,0,0.698639,0.201456,0.0620837,0.66528,12.849,1,0.447993,0.36288,0,48.8239,3.82695,44.9119,0.84672,12.849,0.84672,3695.15,0,18.483,0.0655863,0.30119,1.7393,4.10685,0.993718,5.08804,0.42336,9.2415,0.21168,9.2415,0.21168,442.007,0,0.971361,0,0,1.27255,0.30119,1.028160,1,0,50.062,0,0,0,50.062,0
68.3759,2.43597,0,0,2.04886,0.129462,0.36288,3.6288,61.1478,0.55784,0,0,0.623794,0.226151,0,0.66528,12.849,1,0.451948,0.36288,0,48.295,4.31602,43.8899,0.84672,12.849,0.84672,3695.15,0,18.483,0.0840882,0.30119,1.73939,3.87551,1.12718,4.70481,0.42336,9.2415,0.21168,9.2415,0.21168,442.007,0,0.830192,0,0,1.13138,0.30119,1.028160,1,0,48.5947,0,0,0,48.5947,0
67.3645,2.40679,0,0,1.86398,0.105634,0.36288,3.6288,60.6959,0.787517,0,0,0.562185,0.226602,0,0.66528,12.849,1,0.452277,0.36288,0,36.6899,4.54702,32.0535,0.84672,12.849,0.84672,3695.15,0,18.483,0.11902,0.30119,1.73947,2.91323,1.10789,3.72698,0.42336,9.2415,0.21168,9.2415,0.21168,442.007,0,0.607159,0,0,0.908349,0.30119,1.028160,1,0,35.7805,0,0,0,35.7805,0
66.1787,2.39812,0,0,1.67993,0.104798,0.36288,3.6288,60.1062,0.887209,0,0,0.523519,0.225954,0,0.66528,12.849,1,0.457413,0.36288,0,34.0061,4.54702,29.3645,0.84672,12.849,0.84672,3695.15,0,18.483,0.135086,0.30119,1.76623,2.77375,1.10789,3.5982,0.42336,9.2415,0.21168,9.2415,0.21168,442.007,0,0.491478,0,0,0.792668,0.30119,1.028160,1,0,32.9627,0,0,0,32.9627,0
64.9534,2.38767,0,0,1.60641,0.0811223,0.36288,3.6288,59.4614,0.860215,0,0,0.494932,0.279537,0,0.66528,12.849,1,0.463582,0.36288,0,30.6583,5.25278,25.3048,0.84672,12.849,0.84672,3695.15,0,18.483,0.132261,0.261274,1.76632,2.63536,1.3655,3.16519,0.42336,9.2415,0.21168,9.2415,0.21168,442.007,0,0.521372,0,0,0.782646,0.261274,1.028160,1,0,28.47,0,0,0,28.47,0
63.5745,2.37657,0,0,1.43186,0.0713414,0.36288,3.6288,58.753,0.872298,0,0,0.463938,0.300071,0,0.66528,12.849,1,0.470131,0.36288,0,27.8535,5.53507,22.2112,0.84672,12.849,0.84672,3695.15,0,18.483,0.135573,0.261274,1.76641,2.5493,1.46855,2.97286,0.42336,9.2415,0.21168,9.2415,0.21168,442.007,0,0.506053,0,0,0.767327,0.261274,1.028160,1,0,25.1841,0,0,0,25.1841,0
62.031,2.41885,0,0,1.3164,0.0781184,0.36288,3.6288,57.9033,0.9623,0,0,0.412088,0.299489,0,0.66528,12.849,1,0.488872,0.36288,0,24.9672,5.7477,19.0935,0.84672,12.849,0.84672,3695.15,0,18.483,0.151364,0.261274,1.7665,2.35328,1.43131,2.79837,0.42336,9.2415,0.21168,9.2415,0.21168,442.007,0,0.437331,0,0,0.698604,0.261274,1.028160,1,0,21.8919,0,0,0,21.8919,0
60.6556,2.40355,0,0,1.4486,0.057606,0.36288,3.6288,57.1763,0.904332,0,0,0.4986,0.321255,0,0.66528,12.849,1,0.497866,0.36288,0,29.035,6.10648,22.7935,0.84672,12.849,0.84672,3695.15,0,18.483,0.144334,0.261274,1.8091,2.49731,1.52145,2.9019,0.42336,9.2415,0.21168,9.2415,0.21168,442.007,0,0.502407,0,0,0.763681,0.261274,1.028160,1,0,25.6954,0,0,0,25.6954,0
59.2192,2.38944,0,0,1.37291,0.056954,0.36288,3.6288,56.4639,0.83872,0,0,0.446062,0.319746,0,0.66528,12.849,1,0.506168,0.36288,0,25.6549,6.10648,19.4052,0.84672,12.849,0.84672,3695.15,0,18.483,0.135564,0.261274,1.80919,2.60835,1.52145,3.0218,0.42336,9.2415,0.21168,9.2415,0.21168,442.007,0,0.576867,0,0,0.83814,0.261274,1.028160,1,0,22.4269,0,0,0,22.4269,0
57.7094,2.37418,0,0,1.28342,0.0561996,0.36288,3.6288,55.6881,0.870201,0,0,0.412709,0.318268,0,0.66528,12.849,1,0.515135,0.36288,0,24.394,6.10648,18.1353,0.84672,12.849,0.84672,3695.15,0,18.483,0.142427,0.227405,1.80928,2.28873,1.52145,2.66154,0.42336,9.2415,0.21168,9.2415,0.21168,442.007,0,0.5386,0,0,0.766005,0.227405,1.028160,1,0,20.7968,0,0,0,20.7968,0
55.9315,2.515,0,0,1.15343,0.0534156,0.36288,3.6288,54.7167,1.04954,0,0,0.401213,0.323142,0,0.66528,12.849,1,0.559964,0.36288,0,21.4929,6.14316,15.1526,0.84672,12.849,0.84672,3695.15,0,18.483,0.174172,0.227405,1.80937,2.34603,1.51802,2.69061,0.42336,9.2415,0.21168,9.2415,0.21168,442.007,0,0.461153,0,0,0.688558,0.227405,1.028160,1,0,17.8432,0,0,0,17.8432,0
53.9186,2.49318,0,0,0.902543,0.059402,0.36288,3.6288,53.4955,1.21674,0,0,0.305998,0.310435,0,0.66528,12.849,1,0.572753,0.36288,0,15.2425,5.99853,9.03411,0.84672,12.849,0.84672,3695.15,0,18.483,0.205505,0.227405,1.95345,2.18781,1.45475,2.70841,0.42336,9.2415,0.21168,9.2415,0.21168,442.007,0,0.262704,0,0,0.490109,0.227405,1.028160,1,0,11.7425,0,0,0,11.7425,0
52.043,2.46723,0,0,1.0085,0.0540285,0.36288,3.6288,52.4553,1.10591,0,0,0.376025,0.310259,0,0.66528,12.849,1,0.58795,0.36288,0,19.3958,6.0733,13.0975,0.84672,12.849,0.84672,3695.15,0,18.483,0.191049,0.227405,1.95355,2.32223,1.46969,2.84245,0.42336,9.2415,0.21168,9.2415,0.21168,442.007,0,0.388079,0,0,0.615483,0.227405,1.028160,1,0,15.9399,0,0,0,15.9399,0
49.982,2.44178,0,0,0.796738,0.0529995,0.36288,3.6288,51.1905,1.23162,0,0,0.274482,0.307688,0,0.66528,12.849,1,0.602856,0.36288,0,20.0158,6.0733,13.7025,0.84672,12.849,0.84672,3695.15,0,18.483,0.216985,0.204422,1.95365,1.84007,1.46969,2.31146,0.42336,9.2415,0.21168,9.2415,0.21168,442.007,0,0.236512,0,0,0.440935,0.204422,1.028160,1,0,16.014,0,0,0,16.014,0
48.1418,2.41226,0,0,0.986792,0.0518689,0.36288,3.6288,50.4081,0.934465,0,0,0.456642,0.304561,0,0.66528,12.849,1,0.620126,0.36288,0,17.7385,6.0733,11.408,0.84672,12.849,0.84672,3695.15,0,18.483,0.1687,0.204422,1.95374,2.76508,1.46969,3.28485,0.42336,9.2415,0.21168,9.2415,0.21168,442.007,0,0.58204,0,0,0.786462,0.204422,1.028160,1,0,14.6928,0,0,0,14.6928,0
46.0034,2.31169,0,0,0.608418,0.0722575,0.36288,3.6288,49.4139,1.0125,0,0,0.304748,0.286488,0,0.66528,12.849,1,0.616988,0.36288,0,13.0296,4.9888,7.78664,0.84672,12.849,0.84672,3695.15,0,18.483,0.185625,0.204422,1.95384,1.78328,1.19793,2.55799,0.42336,9.2415,0.21168,9.2415,0.21168,442.007,0,0.406079,0,0,0.610502,0.204422,1.028160,1,0,10.3446,0,0,0,10.3446,0
43.77,2.2785,0,0,0.482025,0.0740584,0.36288,3.6288,48.2586,1.12514,0,0,0.251398,0.281494,0,0.66528,12.849,1,0.636396,0.36288,0,11.4925,4.80805,6.41092,0.84672,12.849,0.84672,3695.15,0,18.483,0.210427,0.204422,1.8714,1.49287,1.15264,2.20563,0.42336,9.2415,0.21168,9.2415,0.21168,442.007,0,0.268714,0,0,0.473136,0.204422,1.028160,1,0,8.61655,0,0,0,8.61655,0
41.7416,2.24151,0,0,0.693289,0.117272,0.36288,3.6288,47.2497,1.08076,0,0,0.309228,0.2374,0,0.66528,12.849,1,0.65801,0.36288,0,13.4129,4.18517,8.93261,0.84672,12.849,0.84672,3695.15,0,18.483,0.206966,0.216518,1.8715,1.64275,0.957946,2.56585,0.42336,9.2415,0.21168,9.2415,0.21168,442.007,0,0.316634,0,0,0.533152,0.216518,1.028160,1,0,11.4985,0,0,0,11.4985,0
40.6936,2.20567,0,0,1.69374,0.173234,0.36288,3.6288,46.8917,0.812794,0,0,0.635416,0.180652,0,0.66528,12.849,1,0.678953,0.36288,0,40.4508,3.35465,36.78,0.84672,12.849,0.84672,3695.15,0,18.483,0.158973,0.216518,1.87159,4.37558,0.698355,5.60636,0.42336,9.2415,0.21168,9.2415,0.21168,442.007,0,0.632677,0,0,0.849195,0.216518,1.028160,1,0,42.3864,0,0,0,42.3864,0
39.1789,2.12982,0,0,1.1233,0.14528,0.36288,3.6288,46.3397,0.771735,0,0,0.406704,0.186968,0,0.66528,12.849,1,0.672489,0.36288,0,21.2993,3.62316,17.3666,0.84672,12.849,0.84672,3695.15,0,18.483,0.152095,0.216518,1.87168,2.45437,0.757741,3.63274,0.42336,9.2415,0.21168,9.2415,0.21168,442.007,0,0.60687,0,0,0.823389,0.216518,1.028160,1,0,20.9993,0,0,0,20.9993,0
38.4281,2.10134,0,0,1.90595,0.192547,0.36288,3.6288,46.0407,0.569641,0,0,0.454779,0.18416,0,0.66528,12.849,1,0.689148,0.36288,0,22.404,4.098,17.9798,0.84672,12.849,0.84672,3695.15,0,18.483,0.113603,0.216518,1.79841,3.32615,0.985737,4.24174,0.42336,9.2415,0.21168,9.2415,0.21168,442.007,0,0.847532,0,0,1.06405,0.216518,1.028160,1,0,22.2215,0,0,0,22.2215,0
37.3066,2.08674,0,0,1.53278,0.2047,0.36288,3.6288,45.5363,0.66716,0,0,0.344601,0.181826,0,0.66528,12.849,1,0.697733,0.36288,0,17.4566,4.11747,13.0043,0.84672,12.849,0.84672,3695.15,0,18.483,0.133916,0.216518,1.7985,2.85845,1.01054,3.72901,0.42336,9.2415,0.21168,9.2415,0.21168,442.007,0,0.729778,0,0,0.946296,0.216518,1.028160,1,0,16.7333,0,0,0,16.7333,0
37.5414,2.0642,0,0,2.86395,0.202026,0.36288,3.6288,45.8775,0.417948,0,0,0.940199,0.180977,0,0.66528,12.849,1,0.710944,0.36288,0,34.7785,4.11747,30.313,0.84672,12.849,0.84672,3695.15,0,18.483,0.0848218,1.8705,1.79859,6.30617,1.01054,8.8799,0.42336,9.2415,0.21168,9.2415,0.21168,442.007,0,1.02816,0,0,2.89866,1.8705,1.028160,1,0,39.1929,0,0,0,39.1929,0
40.2289,1.91329,0,0,5.15379,0.190169,0.36288,3.6288,47.1198,0.290537,0,0,1.71549,0.182663,0,0.66528,12.849,1,0.654845,0.36288,0,67.661,4.10499,63.264,0.84672,12.849,0.84672,3695.15,0,18.483,0.0585254,1.91466,1.79868,8.40611,1.0144,11.0465,0.42336,9.2415,0.21168,9.2415,0.21168,442.007,0,1.02816,0,0,2.94282,1.91466,1.028160,1,0,74.3105,0,0,0,74.3105,0
40.5628,1.96193,0,0,2.84921,0.190502,0.36288,3.6288,47.7178,0.291885,0,0,1.06167,0.171853,0,0.66528,12.849,1,0.626637,0.36288,0,48.5551,4.00374,44.2876,0.84672,12.849,0.84672,3695.15,0,18.483,0.0572467,1.08809,1.63357,6.1747,1.0075,7.83161,0.42336,9.2415,0.21168,9.2415,0.21168,442.007,0,1.02816,0,0,2.11625,1.08809,1.028160,1,0,52.1192,0,0,0,52.1192,0
44.2947,1.96777,0,0,6.26581,0.203166,0.36288,3.6288,49.5376,0.292544,0,0,2.28184,0.169432,0,0.66528,12.849,1,0.623329,0.36288,0,107.023,3.99935,102.763,0.84672,12.849,0.84672,3695.15,0,18.483,0.0566569,2.92026,1.63366,8.86784,1.0025,12.3626,0.42336,9.2415,0.21168,9.2415,0.21168,442.007,0,1.02816,0,0,3.94842,2.92026,1.028160,1,0,115.126,0,0,0,115.126,0
52.503,2.02812,0,0,10.8115,0.21217,0.36288,3.6288,51.1305,0.294356,0,0,2.05926,0.172008,0,0.66528,12.849,1,0.588317,0.36288,0,151.865,3.99935,147.64,0.84672,12.849,0.84672,3695.15,0,18.483,0.0549136,2.44697,1.63374,9.49614,1.0025,12.5194,0.42336,9.2415,0.21168,9.2415,0.21168,442.007,0,1.02816,0,0,3.47513,2.44697,1.028160,1,0,160.16,0,0,0,160.16,0
55.5159,2.13953,0,0,5.75341,0.238089,0.36288,3.6288,52.3237,0.295863,0,0,1.65459,0.165511,0,0.66528,12.849,1,0.523604,0.36288,0,106.77,4.08989,102.519,0.84672,12.849,0.84672,3695.15,0,18.483,0.0534753,2.01882,1.63382,8.25241,0.925459,10.9261,0.42336,9.2415,0.21168,9.2415,0.21168,442.007,0,1.02816,0,0,3.04698,2.01882,1.028160,1,0,113.445,0,0,0,113.445,0
57.6768,2.17448,0,0,4.95363,0.255452,0.36288,3.6288,53.3269,0.2969,0,0,1.49357,0.193489,0,0.66528,12.849,1,0.503277,0.36288,0,85.3701,3.75744,81.4723,0.84672,12.849,0.84672,3695.15,0,18.483,0.0524389,1.75622,1.6339,7.95433,1.03324,10.2588,0.42336,9.2415,0.21168,9.2415,0.21168,442.007,0,1.02816,0,0,2.78438,1.75622,1.028160,1,0,91.731,0,0,0,91.731,0
59.043,2.26688,0,0,4.25908,0.263087,0.36288,3.6288,54.3143,0.33576,0,0,1.53154,0.208358,0,0.66528,12.849,1,0.505007,0.36288,0,72.135,3.5973,68.3956,0.84672,12.849,0.84672,3695.15,0,18.483,0.0581869,2.00922,1.6339,8.15417,1.09947,10.6396,0.42336,9.2415,0.21168,9.2415,0.21168,442.007,0,1.02816,0,0,3.03738,2.00922,1.028160,1,0,79.0352,0,0,0,79.0352,0
60.4667,2.2816,0,0,4.33482,0.266603,0.36288,3.6288,55.9445,0.336717,0,0,2.17679,0.209866,0,0.66528,12.849,1,0.496524,0.36288,0,69.9441,3.5973,66.2131,0.84672,12.849,0.84672,3695.15,0,18.483,0.0572919,2.0621,1.68624,10.7579,1.09947,13.3495,0.42336,9.2415,0.21168,9.2415,0.21168,442.007,0,1.02816,0,0,3.09026,2.0621,1.028160,1,0,79.5626,0,0,0,79.5626,0
63.1105,2.29642,0,0,5.58614,0.283086,0.36288,3.6288,57.8677,0.338204,0,0,2.42142,0.160002,0,0.66528,12.849,1,0.487983,0.36288,0,123.287,3.24126,119.92,0.84672,12.849,0.84672,3695.15,0,18.483,0.055868,2.53582,1.68631,7.99969,1.01449,11.1515,0.42336,9.2415,0.21168,9.2415,0.21168,442.007,0,1.02816,0,0,3.56398,2.53582,1.028160,1,0,131.072,0,0,0,131.072,0
66.17,2.32256,0,0,6.05351,0.308563,0.36288,3.6288,59.151,0.339858,0,0,1.79646,0.173307,0,0.66528,12.849,1,0.472862,0.36288,0,114.92,3.44241,111.367,0.84672,12.849,0.84672,3695.15,0,18.483,0.0542755,1.80134,1.68639,7.79596,1.03797,10.1914,0.42336,9.2415,0.21168,9.2415,0.21168,442.007,0,1.02816,0,0,2.8295,1.80134,1.028160,1,0,121.559,0,0,0,121.559,0
67.1377,2.58014,0,0,4.27068,0.359942,0.36288,3.6288,60.8196,0.485572,0,0,2.37953,0.225381,0,0.66528,12.849,1,0.501015,0.36288,0,96.139,4.09364,91.9072,0.84672,12.849,0.84672,3695.15,0,18.483,0.0758636,2.31537,1.68646,10.4053,1.13207,13.1992,0.42336,9.2415,0.21168,9.2415,0.21168,442.007,0,1.02816,0,0,3.34353,2.31537,1.028160,1,0,105.106,0,0,0,105.106,0
68.2594,2.58959,0,0,4.42799,0.353855,0.36288,3.6288,61.308,0.487439,0,0,1.88158,0.207143,0.69863,0.66528,12.849,1,0.495603,0.36288,0,75.6084,3.91348,71.5622,0.84672,12.849,0.84672,3695.15,0,18.483,0.074066,2.20313,1.87306,8.25958,1.05933,11.2024,0.42336,9.2415,0.21168,9.2415,0.21168,442.007,0,1.02816,0,0,3.23129,2.20313,1.028160,1,0,83.4632,0,0,0,83.4632,0
69.6296,2.60028,0,0,4.66801,0.334646,0.36288,3.6288,61.308,0.488012,0,0,1.9219,0.156004,1.27788,0.66528,12.849,1,0.489472,0.36288,0,71.6394,3.46311,68.0497,0.84672,12.849,0.84672,3695.15,0,18.483,0.0735624,2.17973,1.87314,8.46141,0.877488,11.5632,0.42336,9.2415,0.21168,9.2415,0.21168,442.007,0,1.02816,0,0,3.20789,2.17973,1.028160,1,0,80.8908,0,0,0,80.8908,0
71.9683,2.61297,0,0,5.64713,0.332552,0.36288,3.6288,61.308,0.488073,0,0,2.37242,0.168563,1.71579,0.66528,12.849,1,0.482181,0.36288,0,93.4589,3.61167,89.7279,0.84672,12.849,0.84672,3695.15,0,18.483,0.0735715,2.778,1.87322,12.5413,0.902764,16.2162,0.42336,9.2415,0.21168,9.2415,0.21168,442.007,0,1.02816,0,0,3.80616,2.778,1.028160,1,0,107.66,0,0,0,107.66,0
72.29,2.29986,0,0,7.16256,0.324112,4.21689,3.6288,61.308,0.293062,0,0,1.83557,0.19996,1.34255,0.66528,12.849,1,0.41061,4.21689,0,92.6968,3.98307,92.52,0.84672,12.849,0.84672,3695.15,0,18.483,0.0441759,2.57476,1.87331,13.7257,0.965954,17.1636,0.42336,9.2415,0.21168,9.2415,0.21168,442.007,0,1.02816,0,0,3.60292,2.57476,1.028160,1,0,111.026,0,0,0,111.026,0
72.29,2.30237,0,0,8.94897,0.324905,6.32169,3.6288,61.308,0.293114,0,0,2.4111,0.19996,1.91803,0.66528,12.849,1,0.409228,6.32169,0,122.882,3.98307,124.812,0.84672,12.849,0.84672,3695.15,0,18.483,0.0441837,3.59936,1.61819,15.6137,0.965954,19.8211,0.42336,9.2415,0.21168,9.2415,0.21168,442.007,0,1.02816,0,0,4.62752,3.59936,1.028160,1,0,146.551,0,0,0,146.551,0
72.29,2.30247,0,0,12.0316,0.32149,9.40767,3.6288,61.308,0.293166,0,0,3.01777,0.171325,2.55328,0.66528,12.849,1,0.409246,9.40767,0,191.627,3.5348,197.09,0.84672,12.849,0.84672,3695.15,0,18.483,0.0441916,5.61868,1.61826,23.6206,0.889179,29.9242,0.42336,9.2415,0.21168,9.2415,0.21168,442.007,0,1.02816,0,0,6.64684,5.61868,1.028160,1,0,229.568,0,0,0,229.568,0
72.29,2.30257,0,0,10.7805,0.320124,8.15778,3.6288,61.308,0.293218,0,0,2.45111,0.159871,1.99802,0.66528,12.849,1,0.409264,8.15778,0,203.875,3.35548,208.268,0.84672,12.849,0.84672,3695.15,0,18.483,0.0441994,4.81018,1.61833,16.8301,0.858468,22.356,0.42336,9.2415,0.21168,9.2415,0.21168,442.007,0,1.02816,0,0,5.83834,4.81018,1.028160,1,0,232.622,0,0,0,232.622,0
72.29,2.30267,0,0,5.71443,0.279321,3.13244,3.6288,61.308,0.29327,0,0,1.58587,0.170587,1.12201,0.66528,12.849,1,0.409282,3.13244,0,105.374,4.16515,103.932,0.84672,12.849,0.84672,3695.15,0,18.483,0.0442073,2.07484,1.61841,13.1935,0.853648,15.9888,0.42336,9.2415,0.21168,9.2415,0.21168,442.007,0,1.02816,0,0,3.103,2.07484,1.028160,1,0,121.043,0,0,0,121.043,0
72.29,2.38691,0,0,5.7396,0.283692,3.06899,3.6288,61.308,0.341055,0,0,1.92611,0.187299,1.39775,0.66528,12.849,1,0.424255,3.06899,0,102.729,3.86841,101.505,0.84672,12.849,0.84672,3695.15,0,18.483,0.0514102,2.53905,1.61848,10.3204,0.852138,13.5744,0.42336,9.2415,0.21168,9.2415,0.21168,442.007,0,1.02816,0,0,3.56721,2.53905,1.028160,1,0,116.477,0,0,0,116.477,0
72.29,2.38701,0,0,7.31709,0.283692,4.64638,3.6288,61.308,0.341109,0,0,2.55835,0.187299,2.02994,0.66528,12.849,1,0.424274,4.64638,0,133.253,3.86841,133.607,0.84672,12.849,0.84672,3695.15,0,18.483,0.0514184,4.41457,1.68157,13.4845,0.852138,18.6771,0.42336,9.2415,0.21168,9.2415,0.21168,442.007,0,1.02816,0,0,5.44273,4.41457,1.028160,1,0,154.314,0,0,0,154.314,0
72.29,2.38712,0,0,5.22639,0.283692,2.55558,3.6288,61.308,0.341163,0,0,1.94069,0.187299,1.41223,0.66528,12.849,1,0.424292,2.55558,0,92.3849,3.86841,90.6478,0.84672,12.849,0.84672,3695.15,0,18.483,0.0514265,2.44579,1.68164,10.2292,0.852138,13.453,0.42336,9.2415,0.21168,9.2415,0.21168,442.007,0,1.02816,0,0,3.47395,2.44579,1.028160,1,0,105.513,0,0,0,105.513,0
72.29,2.38722,0,0,4.29794,0.248497,1.66222,3.6288,61.308,0.341217,0,0,1.38427,0.208879,0.83417,0.66528,12.849,1,0.424311,1.66222,0,75.2423,3.95163,72.5286,0.84672,12.849,0.84672,3695.15,0,18.483,0.0514347,1.57371,1.68172,6.9645,0.96057,9.20792,0.42336,9.2415,0.21168,9.2415,0.21168,442.007,0,1.02816,0,0,2.60187,1.57371,1.028160,1,0,82.5707,0,0,0,82.5707,0
72.29,2.35443,0,0,3.64656,0.222101,1.07003,3.6288,61.308,0.322729,0,0,1.30397,0.225064,0.756182,0.66528,12.849,1,0.418481,1.07003,0,67.9882,4.01404,64.6257,0.84672,12.849,0.84672,3695.15,0,18.483,0.0486478,1.38748,1.68179,6.10121,1.04189,8.07994,0.42336,9.2415,0.21168,9.2415,0.21168,442.007,0,1.02816,0,0,2.41564,1.38748,1.028160,1,0,73.4618,0,0,0,73.4618,0
72.29,2.35453,0,0,3.41767,0.222101,0.841043,3.6288,61.308,0.322783,0,0,1.11586,0.225064,0.568018,0.66528,12.849,1,0.4185,0.841043,0,64.355,4.01404,60.7635,0.84672,12.849,0.84672,3695.15,0,18.483,0.0486559,0.935781,1.65733,5.77568,1.04189,7.27825,0.42336,9.2415,0.21168,9.2415,0.21168,442.007,0,1.02816,0,0,1.96394,0.935781,1.028160,1,0,68.6098,0,0,0,68.6098,0
72.29,2.35463,0,0,4.04584,0.197773,1.49343,3.6288,61.308,0.322836,0,0,1.10871,0.236933,0.548942,0.66528,12.849,1,0.418518,1.49343,0,68.0797,4.94975,64.2049,0.84672,12.849,0.84672,3695.15,0,18.483,0.0486639,1.03563,1.6574,7.60509,1.07878,9.17068,0.42336,9.2415,0.21168,9.2415,0.21168,442.007,0,1.02816,0,0,2.06379,1.03563,1.028160,1,0,73.9245,0,0,0,73.9245,0
72.29,2.35473,0,0,3.11975,0.151173,0.613841,3.6288,61.308,0.322889,0,0,1.07957,0.252813,0.503866,0.66528,12.849,1,0.418536,0.613841,0,47.8428,5.57923,42.4589,0.84672,12.849,0.84672,3695.15,0,18.483,0.048672,1.0143,1.65748,5.66993,1.15247,7.14057,0.42336,9.2415,0.21168,9.2415,0.21168,442.007,0,1.02816,0,0,2.04246,1.0143,1.028160,1,0,50.1033,0,0,0,50.1033,0
72.29,2.46654,0,0,3.08504,0.140897,0.4776,3.6288,61.308,0.388709,0,0,0.899415,0.245556,0.265151,0.66528,12.849,1,0.43841,0.4776,0,48.011,4.31014,43.7401,0.84672,12.849,0.84672,3695.15,0,18.483,0.0585935,1.02366,1.65755,4.81733,1.07363,6.36631,0.42336,9.2415,0.21168,9.2415,0.21168,442.007,0,1.02816,0,0,2.05182,1.02366,1.028160,1,0,50.3715,0,0,0,50.3715,0
72.1656,2.46665,0,0,2.84607,0.140897,0.36288,3.6288,61.308,0.388765,0,0,0.919106,0.245556,0.284785,0.66528,12.849,1,0.438429,0.36288,0,45.5796,4.31014,41.1939,0.84672,12.849,0.84672,3695.15,0,18.483,0.058602,0.429693,1.74342,4.59135,1.07363,5.63223,0.42336,9.2415,0.21168,9.2415,0.21168,442.007,0,1.02816,0,0,1.45785,0.429693,1.028160,1,0,47.111,0,0,0,47.111,0
71.7772,2.46577,0,0,2.58092,0.140764,0.36288,3.6288,61.308,0.451958,0,0,0.816575,0.245556,0.119061,0.66528,12.849,1,0.439027,0.36288,0,41.9388,4.31014,37.5525,0.84672,12.849,0.84672,3695.15,0,18.483,0.0681276,0.30119,1.7435,4.28325,1.07363,5.18618,0.42336,9.2415,0.21168,9.2415,0.21168,442.007,0,0.955506,0,0,1.2567,0.30119,1.028160,1,0,42.8578,0,0,0,42.8578,0
71.1032,2.46275,0,0,2.292,0.140349,0.36288,3.6288,61.308,0.392632,0,0,0.796029,0.245556,0.157842,0.66528,12.849,1,0.440863,0.36288,0,35.6616,4.31014,31.2735,0.84672,12.849,0.84672,3695.15,0,18.483,0.0591848,0.30119,1.74357,4.23262,1.07363,5.14457,0.42336,9.2415,0.21168,9.2415,0.21168,442.007,0,1.02384,0,0,1.32503,0.30119,1.028160,1,0,36.5759,0,0,0,36.5759,0
71.4432,2.45738,0,0,3.2648,0.104548,0.36288,3.6288,61.308,0.388934,0,0,1.11791,0.291963,0.437016,0.66528,12.849,1,0.444071,0.36288,0,50.639,5.18723,45.3705,0.84672,12.849,0.84672,3695.15,0,18.483,0.0586274,0.945674,1.74365,6.12863,1.18235,7.57698,0.42336,9.2415,0.21168,9.2415,0.21168,442.007,0,1.02816,0,0,1.97383,0.945674,1.028160,1,0,53.3845,0,0,0,53.3845,0
71.8242,2.43822,0,0,3.29008,0.107975,0.36288,3.6288,61.308,0.425144,0,0,1.07739,0.293406,0.35884,0.66528,12.849,1,0.438513,0.36288,0,48.4788,5.23236,43.1708,0.84672,12.849,0.84672,3695.15,0,18.483,0.0640857,0.93738,1.74373,6.1716,1.17546,7.61316,0.42336,9.2415,0.21168,9.2415,0.21168,442.007,0,1.02816,0,0,1.96554,0.93738,1.028160,1,0,51.1428,0,0,0,51.1428,0
71.9485,2.44139,0,0,3.03685,0.108289,0.36288,3.6288,61.308,0.425202,0,0,0.963481,0.293406,0.244873,0.66528,12.849,1,0.436753,0.36288,0,45.875,5.23236,40.5688,0.84672,12.849,0.84672,3695.15,0,18.483,0.0640944,0.839557,1.77054,5.77272,1.17546,7.14326,0.42336,9.2415,0.21168,9.2415,0.21168,442.007,0,1.02816,0,0,1.86772,0.839557,1.028160,1,0,47.9569,0,0,0,47.9569,0
71.9373,2.44249,0,0,2.90257,0.108392,0.36288,3.6288,61.308,0.42526,0,0,0.943004,0.293406,0.224338,0.66528,12.849,1,0.436195,0.36288,0,43.0129,5.23236,37.7073,0.84672,12.849,0.84672,3695.15,0,18.483,0.0641032,0.692781,1.77062,5.50034,1.17546,6.72418,0.42336,9.2415,0.21168,9.2415,0.21168,442.007,0,1.02816,0,0,1.72094,0.692781,1.028160,1,0,44.6558,0,0,0,44.6558,0
71.7881,2.44251,0,0,2.74521,0.0889705,0.36288,3.6288,61.308,0.425317,0,0,0.923668,0.330891,0.167459,0.66528,12.849,1,0.436266,0.36288,0,37.1752,5.86039,31.2414,0.84672,12.849,0.84672,3695.15,0,18.483,0.0641119,0.328743,1.7707,5.08015,1.39566,5.71982,0.42336,9.2415,0.21168,9.2415,0.21168,442.007,0,1.02816,0,0,1.3569,0.328743,1.028160,1,0,37.1287,0,0,0,37.1287,0
71.8522,2.4984,0,0,3.00173,0.0763525,0.36288,3.6288,61.308,0.457602,0,0,1.08714,0.329457,0.300077,0.66528,12.849,1,0.447176,0.36288,0,43.9493,5.77479,38.0902,0.84672,12.849,0.84672,3695.15,0,18.483,0.0689784,0.611047,1.77077,5.43616,1.4558,6.2932,0.42336,9.2415,0.21168,9.2415,0.21168,442.007,0,1.02816,0,0,1.63921,0.611047,1.028160,1,0,44.6834,0,0,0,44.6834,0
71.7089,2.49904,0,0,2.79495,0.0763898,0.36288,3.6288,61.308,0.457661,0,0,0.943168,0.329457,0.15605,0.66528,12.849,1,0.446891,0.36288,0,37.2126,5.77479,31.3538,0.84672,12.849,0.84672,3695.15,0,18.483,0.0689874,0.743749,1.81347,5.4863,1.4558,6.51872,0.42336,9.2415,0.21168,9.2415,0.21168,442.007,0,1.02816,0,0,1.77191,0.743749,1.028160,1,0,38.0285,0,0,0,38.0285,0
71.3558,2.49797,0,0,2.58411,0.0763064,0.36288,3.6288,61.308,0.457721,0,0,0.874653,0.329457,0.0874751,0.66528,12.849,1,0.447594,0.36288,0,35.6836,5.77479,29.8241,0.84672,12.849,0.84672,3695.15,0,18.483,0.0689963,0.52812,1.81355,4.77028,1.4558,5.58715,0.42336,9.2415,0.21168,9.2415,0.21168,442.007,0,1.02816,0,0,1.55628,0.52812,1.028160,1,0,35.4988,0,0,0,35.4988,0
71.0681,2.49517,0,0,2.64153,0.071235,0.36288,3.6288,61.308,0.45778,0,0,0.971343,0.332047,0.181516,0.66528,12.849,1,0.449304,0.36288,0,33.9387,5.84957,28.0027,0.84672,12.849,0.84672,3695.15,0,18.483,0.0690052,0.738124,1.81363,5.90042,1.47074,6.91242,0.42336,9.2415,0.21168,9.2415,0.21168,442.007,0,1.02816,0,0,1.76628,0.738124,1.028160,1,0,35.0966,0,0,0,35.0966,0
70.0959,2.65939,0,0,2.1066,0.056477,0.36288,3.6288,61.308,0.574182,0,0,0.957865,0.301703,0.0819805,0.66528,12.849,1,0.480813,0.36288,0,33.1905,5.40183,27.6707,0.84672,12.849,0.84672,3695.15,0,18.483,0.0865515,0.842219,1.81371,5.30518,1.48496,6.3896,0.42336,9.2415,0.21168,9.2415,0.21168,442.007,0,1.02816,0,0,1.87038,0.842219,1.028160,1,0,34.1423,0,0,0,34.1423,0
68.9149,2.65079,0,0,1.8887,0.0560565,0.36288,3.6288,61.3003,0.574246,0,0,0.868277,0.301703,0,0.66528,12.849,1,0.485905,0.36288,0,29.6296,5.40183,24.1047,0.84672,12.849,0.84672,3695.15,0,18.483,0.0865612,0.720783,1.95812,5.17336,1.48496,6.28075,0.42336,9.2415,0.21168,9.2415,0.21168,442.007,0,1.02816,0,0,1.74894,0.720783,1.028160,1,0,30.3855,0,0,0,30.3855,0
68.117,2.64006,0,0,2.26057,0.0555456,0.36288,3.6288,61.308,0.574301,0,0,0.932774,0.301688,0.0491132,0.66528,12.849,1,0.492232,0.36288,0,30.6646,5.40183,25.1334,0.84672,12.849,0.84672,3695.15,0,18.483,0.0865803,0.871249,1.9582,5.67454,1.48496,6.93245,0.42336,9.2415,0.21168,9.2415,0.21168,442.007,0,1.02816,0,0,1.89941,0.871249,1.028160,1,0,32.115,0,0,0,32.115,0
68.9069,2.63269,0,0,3.86533,0.0798454,0.36288,3.6288,61.308,0.574375,0,0,1.19804,0.296339,0.327326,0.66528,12.849,1,0.496608,0.36288,0,50.9607,5.2534,45.5736,0.84672,12.849,0.84672,3695.15,0,18.483,0.0865806,1.18427,1.95829,6.28132,1.46675,7.87055,0.42336,9.2415,0.21168,9.2415,0.21168,442.007,0,1.02816,0,0,2.21243,1.18427,1.028160,1,0,53.7714,0,0,0,53.7714,0
68.8443,2.64022,0,0,3.02229,0.0818165,0.36288,3.6288,61.308,0.574439,0,0,0.860234,0.255124,0.0306707,0.66528,12.849,1,0.492319,0.36288,0,34.0377,5.31219,28.5961,0.84672,12.849,0.84672,3695.15,0,18.483,0.0865903,0.483503,1.95838,4.42207,1.41345,5.36391,0.42336,9.2415,0.21168,9.2415,0.21168,442.007,0,1.02816,0,0,1.51166,0.483503,1.028160,1,0,33.9907,0,0,0,33.9907,0
67.587,2.55921,0,0,1.74999,0.0851134,0.36288,3.6288,61.308,0.503872,0,0,0.843027,0.242112,0.0970428,0.66528,12.849,1,0.477647,0.36288,0,25.8012,5.25252,20.4339,0.84672,12.849,0.84672,3695.15,0,18.483,0.0759532,1.05015,1.95846,3.86725,1.39649,5.40341,0.42336,9.2415,0.21168,9.2415,0.21168,442.007,0,1.02816,0,0,2.07831,1.05015,1.028160,1,0,25.9344,0,0,0,25.9344,0
66.076,2.54781,0,0,1.48388,0.0842797,0.36288,3.6288,60.8926,0.631003,0,0,0.457689,0.242112,0,0.66528,12.849,1,0.484365,0.36288,0,25.7653,5.25252,20.3913,0.84672,12.849,0.84672,3695.15,0,18.483,0.0951167,0.216518,1.87582,2.86045,1.39649,3.46118,0.42336,9.2415,0.21168,9.2415,0.21168,442.007,0,0.881937,0,0,1.09846,0.216518,1.028160,1,0,23.8525,0,0,0,23.8525,0
64.8031,2.53365,0,0,1.74431,0.120681,0.36288,3.6288,60.5399,0.606398,0,0,0.465007,0.211233,0,0.66528,12.849,1,0.492688,0.36288,0,25.9532,4.83726,20.9861,0.84672,12.849,0.84672,3695.15,0,18.483,0.0920314,0.216518,1.8759,2.98722,1.2667,3.72091,0.42336,9.2415,0.21168,9.2415,0.21168,442.007,0,0.909697,0,0,1.12622,0.216518,1.028160,1,0,24.707,0,0,0,24.707,0
64.639,2.52135,0,0,2.90885,0.188664,0.36288,3.6288,60.8831,0.50322,0,0,0.997668,0.151328,0,0.66528,12.849,1,0.499927,0.36288,0,60.0477,3.80589,56.1047,0.84672,12.849,0.84672,3695.15,0,18.483,0.0768172,0.65302,1.87598,7.50657,0.925726,9.03303,0.42336,9.2415,0.21168,9.2415,0.21168,442.007,0,1.02816,0,0,1.68118,0.65302,1.028160,1,0,65.1377,0,0,0,65.1377,0
64.2636,2.45474,0,0,2.62659,0.184427,0.36288,3.6288,61.009,0.439413,0,0,0.750989,0.185646,0,0.66528,12.849,1,0.487955,0.36288,0,30.7543,3.88125,26.748,0.84672,12.849,0.84672,3695.15,0,18.483,0.0666989,0.606191,1.87606,5.73958,0.958932,7.1962,0.42336,9.2415,0.21168,9.2415,0.21168,442.007,0,1.02816,0,0,1.63435,0.606191,1.028160,1,0,33.9442,0,0,0,33.9442,0
63.9829,2.4512,0,0,2.78953,0.256083,0.36288,3.6288,60.9151,0.45029,0,0,0.534005,0.177638,0,0.66528,12.849,1,0.490098,0.36288,0,33.3768,3.95913,29.2904,0.84672,12.849,0.84672,3695.15,0,18.483,0.0682089,0.216518,1.80261,5.00797,1.05814,5.90074,0.42336,9.2415,0.21168,9.2415,0.21168,442.007,0,1.01584,0,0,1.23236,0.216518,1.028160,1,0,35.1911,0,0,0,35.1911,0
64.172,2.44856,0,0,3.25602,0.255502,0.36288,3.6288,61.308,0.43956,0,0,1.04719,0.177532,0.0371745,0.66528,12.849,1,0.491718,0.36288,0,38.8502,3.95913,34.7622,0.84672,12.849,0.84672,3695.15,0,18.483,0.0666862,1.82199,1.80269,7.95117,1.05814,10.451,0.42336,9.2415,0.21168,9.2415,0.21168,442.007,0,1.02816,0,0,2.85015,1.82199,1.028160,1,0,45.2504,0,0,0,45.2504,0
69.7922,2.45052,0,0,8.68948,0.255893,0.36288,3.6288,61.308,0.43999,0,0,2.56449,0.177974,1.94653,0.66528,12.849,1,0.490661,0.36288,0,114.176,3.95913,110.089,0.84672,12.849,0.84672,3695.15,0,18.483,0.0663236,4.30452,1.80277,15.0117,1.05814,19.9945,0.42336,9.2415,0.21168,9.2415,0.21168,442.007,0,1.02816,0,0,5.33268,4.30452,1.028160,1,0,132.03,0,0,0,132.03,0
72.29,2.31378,0,0,5.58547,0.2806,0.493289,3.6288,61.308,0.3061,0,0,1.42781,0.231513,0.890199,0.66528,12.849,1,0.425976,0.493289,0,104.037,4.06161,100.043,0.84672,12.849,0.84672,3695.15,0,18.483,0.0461412,1.84308,1.80285,6.84394,1.01342,9.43031,0.42336,9.2415,0.21168,9.2415,0.21168,442.007,0,1.02816,0,0,2.87124,1.84308,1.028160,1,0,110.363,0,0,0,110.363,0
72.29,2.33327,0,0,6.28414,0.28602,3.66485,3.6288,61.308,0.306153,0,0,1.5801,0.231513,1.04244,0.66528,12.849,1,0.41472,3.66485,0,161.464,4.06161,160.653,0.84672,12.849,0.84672,3695.15,0,18.483,0.0461491,2.48708,1.63734,6.27451,1.01342,9.33937,0.42336,9.2415,0.21168,9.2415,0.21168,442.007,0,1.02816,0,0,3.51524,2.48708,1.028160,1,0,171.035,0,0,0,171.035,0
72.29,2.33337,0,0,6.62696,0.280093,4.0135,3.6288,61.308,0.306205,0,0,1.65879,0.212031,1.14056,0.66528,12.849,1,0.414739,4.0135,0,111.867,3.83692,111.629,0.84672,12.849,0.84672,3695.15,0,18.483,0.046157,1.62401,1.63742,5.40626,0.991342,7.63018,0.42336,9.2415,0.21168,9.2415,0.21168,442.007,0,1.02816,0,0,2.65217,1.62401,1.028160,1,0,120.4,0,0,0,120.4,0
72.29,2.33347,0,0,9.81044,0.272189,7.20478,3.6288,61.308,0.306258,0,0,2.02325,0.186056,1.53094,0.66528,12.849,1,0.414757,7.20478,0,85.5576,3.53734,88.8103,0.84672,12.849,0.84672,3695.15,0,18.483,0.046165,2.17357,1.63749,11.1256,0.961905,13.9286,0.42336,9.2415,0.21168,9.2415,0.21168,442.007,0,1.02816,0,0,3.20173,2.17357,1.028160,1,0,104.27,0,0,0,104.27,0
72.29,2.33357,0,0,4.45433,0.269171,1.85159,3.6288,61.308,0.30631,0,0,1.30847,0.207413,0.794744,0.66528,12.849,1,0.414775,1.85159,0,97.0548,4.35599,94.1356,0.84672,12.849,0.84672,3695.15,0,18.483,0.0461729,2.03687,1.63756,9.41535,1.18869,11.8549,0.42336,9.2415,0.21168,9.2415,0.21168,442.007,0,1.02816,0,0,3.06503,2.03687,1.028160,1,0,106.785,0,0,0,106.785,0
72.29,2.40678,0,0,3.67459,0.266908,1.00091,3.6288,61.308,0.345156,0,0,1.36393,0.22343,0.795341,0.66528,12.849,1,0.427787,1.00091,0,131.042,4.96996,126.645,0.84672,12.849,0.84672,3695.15,0,18.483,0.0520284,1.8358,1.63763,10.2694,1.35878,12.332,0.42336,9.2415,0.21168,9.2415,0.21168,442.007,0,1.02816,0,0,2.86396,1.8358,1.028160,1,0,139.772,0,0,0,139.772,0
72.29,2.40687,0,0,5.13169,0.266908,2.45792,3.6288,61.308,0.345203,0,0,1.98984,0.22343,1.42121,0.66528,12.849,1,0.427803,2.45792,0,88.935,4.96996,85.9951,0.84672,12.849,0.84672,3695.15,0,18.483,0.0520355,2.54775,1.69008,12.285,1.35878,15.112,0.42336,9.2415,0.21168,9.2415,0.21168,442.007,0,1.02816,0,0,3.57591,2.54775,1.028160,1,0,102.528,0,0,0,102.528,0
72.29,2.40696,0,0,8.5748,0.266908,5.90094,3.6288,61.308,0.345249,0,0,3.46603,0.22343,2.89735,0.66528,12.849,1,0.427819,5.90094,0,262.939,4.96996,263.442,0.84672,12.849,0.84672,3695.15,0,18.483,0.0520425,4.59136,1.69014,18.5066,1.35878,23.3773,0.42336,9.2415,0.21168,9.2415,0.21168,442.007,0,1.02816,0,0,5.61952,4.59136,1.028160,1,0,289.716,0,0,0,289.716,0
72.29,2.40705,0,0,8.55551,0.269259,5.8792,3.6288,61.308,0.345296,0,0,2.22101,0.198894,1.67682,0.66528,12.849,1,0.427835,5.8792,0,243.841,4.21153,245.08,0.84672,12.849,0.84672,3695.15,0,18.483,0.0520495,2.89775,1.69021,13.518,1.17244,16.8815,0.42336,9.2415,0.21168,9.2415,0.21168,442.007,0,1.02816,0,0,3.92591,2.89775,1.028160,1,0,263.639,0,0,0,263.639,0
72.29,2.64193,0,0,5.14276,0.31653,2.1843,3.6288,61.308,0.491002,0,0,1.49909,0.21342,0.79467,0.66528,12.849,1,0.469583,2.1843,0,97.1983,4.34669,94.5663,0.84672,12.849,0.84672,3695.15,0,18.483,0.0740131,1.42847,1.69027,10.1874,1.20087,12.0313,0.42336,9.2415,0.21168,9.2415,0.21168,442.007,0,1.02816,0,0,2.45663,1.42847,1.028160,1,0,107.392,0,0,0,107.392,0
72.29,2.64203,0,0,5.95294,0.31653,2.99439,3.6288,61.308,0.491054,0,0,1.48779,0.21342,0.783317,0.66528,12.849,1,0.4696,2.99439,0,129.921,4.34669,128.099,0.84672,12.849,0.84672,3695.15,0,18.483,0.0740209,1.51617,1.87728,9.2391,1.20087,11.3577,0.42336,9.2415,0.21168,9.2415,0.21168,442.007,0,1.02816,0,0,2.54433,1.51617,1.028160,1,0,140.24,0,0,0,140.24,0
72.29,2.64213,0,0,5.54303,0.328112,2.57279,3.6288,61.308,0.491106,0,0,1.87335,0.191552,1.19069,0.66528,12.849,1,0.469618,2.57279,0,142.993,3.61231,141.484,0.84672,12.849,0.84672,3695.15,0,18.483,0.0740288,2.18018,1.87735,10.1566,0.955058,13.185,0.42336,9.2415,0.21168,9.2415,0.21168,442.007,0,1.02816,0,0,3.20834,2.18018,1.028160,1,0,155.859,0,0,0,155.859,0
72.29,2.64223,0,0,5.09468,0.329583,2.12287,3.6288,61.308,0.491158,0,0,1.76138,0.193579,1.07664,0.66528,12.849,1,0.469636,2.12287,0,118.771,3.63016,116.795,0.84672,12.849,0.84672,3695.15,0,18.483,0.0740367,1.67555,1.87742,9.57511,0.959289,12.0947,0.42336,9.2415,0.21168,9.2415,0.21168,442.007,0,1.02816,0,0,2.70371,1.67555,1.028160,1,0,129.966,0,0,0,129.966,0
72.29,2.30739,0,0,7.32914,0.338411,4.68333,3.6288,61.308,0.295705,0,0,2.66164,0.205745,2.16019,0.66528,12.849,1,0.410122,4.68333,0,165.248,3.73726,165.784,0.84672,12.849,0.84672,3695.15,0,18.483,0.0445742,3.01962,1.87749,14.5685,0.984674,18.4364,0.42336,9.2415,0.21168,9.2415,0.21168,442.007,0,1.02816,0,0,4.04778,3.01962,1.028160,1,0,186.38,0,0,0,186.38,0
72.29,2.30748,0,0,7.60346,0.338411,4.95757,3.6288,61.308,0.29575,0,0,2.45714,0.205745,1.95564,0.66528,12.849,1,0.410137,4.95757,0,173.743,3.73726,174.554,0.84672,12.849,0.84672,3695.15,0,18.483,0.044581,3.18838,1.6218,16.4525,0.984674,20.2334,0.42336,9.2415,0.21168,9.2415,0.21168,442.007,0,1.02816,0,0,4.21654,3.18838,1.028160,1,0,196.743,0,0,0,196.743,0
72.29,2.30757,0,0,6.99088,0.270442,4.41287,3.6288,61.308,0.295795,0,0,2.14573,0.169647,1.68028,0.66528,12.849,1,0.410153,4.41287,0,173.627,3.21409,174.415,0.84672,12.849,0.84672,3695.15,0,18.483,0.0445878,2.97718,1.62186,15.4562,0.909521,19.1011,0.42336,9.2415,0.21168,9.2415,0.21168,442.007,0,1.02816,0,0,4.00534,2.97718,1.028160,1,0,195.197,0,0,0,195.197,0
72.29,2.30766,0,0,6.00107,0.335054,3.35836,3.6288,61.308,0.295839,0,0,1.80474,0.176699,1.3322,0.66528,12.849,1,0.410168,3.35836,0,147.102,3.7757,146.275,0.84672,12.849,0.84672,3695.15,0,18.483,0.0445945,2.11637,1.62192,11.6147,0.984239,14.3241,0.42336,9.2415,0.21168,9.2415,0.21168,442.007,0,1.02816,0,0,3.14453,2.11637,1.028160,1,0,161.931,0,0,0,161.931,0
72.29,2.30774,0,0,5.06683,0.310796,2.4483,3.6288,61.308,0.295884,0,0,1.58911,0.162988,1.13024,0.66528,12.849,1,0.410184,2.4483,0,99.2399,3.80951,97.4685,0.84672,12.849,0.84672,3695.15,0,18.483,0.0446013,1.26691,1.62198,9.07209,0.850283,11.0661,0.42336,9.2415,0.21168,9.2415,0.21168,442.007,0,1.02816,0,0,2.29507,1.26691,1.028160,1,0,109.665,0,0,0,109.665,0
72.29,2.39215,0,0,6.24821,0.307796,3.54827,3.6288,61.308,0.343766,0,0,2.22062,0.166459,1.71039,0.66528,12.849,1,0.425187,3.54827,0,106.54,3.56401,106.099,0.84672,12.849,0.84672,3695.15,0,18.483,0.0518189,1.86654,1.62204,12.1224,0.796276,14.7628,0.42336,9.2415,0.21168,9.2415,0.21168,442.007,0,1.02816,0,0,2.8947,1.86654,1.028160,1,0,122.572,0,0,0,122.572,0
72.29,2.39224,0,0,7.52904,0.307796,4.829,3.6288,61.308,0.343813,0,0,2.67175,0.166459,2.16148,0.66528,12.849,1,0.425203,4.829,0,129.999,3.56401,130.839,0.84672,12.849,0.84672,3695.15,0,18.483,0.0518259,2.86695,1.68526,13.7012,0.796276,17.4053,0.42336,9.2415,0.21168,9.2415,0.21168,442.007,0,1.02816,0,0,3.89511,2.86695,1.028160,1,0,150.406,0,0,0,150.406,0
72.29,2.39233,0,0,5.28498,0.307796,2.58486,3.6288,61.308,0.343859,0,0,1.99853,0.166459,1.48821,0.66528,12.849,1,0.425219,2.58486,0,88.4771,3.56401,87.0727,0.84672,12.849,0.84672,3695.15,0,18.483,0.051833,1.47823,1.68533,10.3641,0.796276,12.6796,0.42336,9.2415,0.21168,9.2415,0.21168,442.007,0,1.02816,0,0,2.50639,1.47823,1.028160,1,0,101.24,0,0,0,101.24,0
72.29,2.39242,0,0,4.49605,0.289078,1.81455,3.6288,61.308,0.343906,0,0,1.71503,0.172962,1.19816,0.66528,12.849,1,0.425235,1.81455,0,76.6472,3.62472,74.4118,0.84672,12.849,0.84672,3695.15,0,18.483,0.05184,1.37697,1.68539,8.50003,0.836367,10.6742,0.42336,9.2415,0.21168,9.2415,0.21168,442.007,0,1.02816,0,0,2.40513,1.37697,1.028160,1,0,86.2841,0,0,0,86.2841,0
72.29,2.35954,0,0,3.87385,0.264122,1.25019,3.6288,61.308,0.32537,0,0,1.7037,0.181632,1.1967,0.66528,12.849,1,0.41939,1.25019,0,71.6256,3.70566,68.7507,0.84672,12.849,0.84672,3695.15,0,18.483,0.049046,1.41236,1.68545,7.28559,0.889823,9.44454,0.42336,9.2415,0.21168,9.2415,0.21168,442.007,0,1.02816,0,0,2.44052,1.41236,1.028160,1,0,79.392,0,0,0,79.392,0
72.29,2.35963,0,0,4.65453,0.264122,2.03078,3.6288,61.308,0.325416,0,0,1.77386,0.181632,1.26681,0.66528,12.849,1,0.419406,2.03078,0,78.5445,3.70566,76.4502,0.84672,12.849,0.84672,3695.15,0,18.483,0.0490529,1.5424,1.66093,9.53389,0.889823,11.7983,0.42336,9.2415,0.21168,9.2415,0.21168,442.007,0,1.02816,0,0,2.57056,1.5424,1.028160,1,0,89.5154,0,0,0,89.5154,0
72.29,2.35972,0,0,3.95866,0.246964,1.35198,3.6288,61.308,0.325462,0,0,1.6433,0.175435,1.14241,0.66528,12.849,1,0.419422,1.35198,0,69.0742,3.40488,66.6019,0.84672,12.849,0.84672,3695.15,0,18.483,0.0490598,1.4091,1.66099,8.47765,0.857591,10.6411,0.42336,9.2415,0.21168,9.2415,0.21168,442.007,0,1.02816,0,0,2.43726,1.4091,1.028160,1,0,78.3854,0,0,0,78.3854,0
72.29,2.3598,0,0,3.57775,0.165101,1.05284,3.6288,61.308,0.325508,0,0,1.62021,0.229239,1.06546,0.66528,12.849,1,0.419437,1.05284,0,66.9557,4.2039,63.3852,0.84672,12.849,0.84672,3695.15,0,18.483,0.0490667,1.32843,1.66105,7.58091,1.05865,9.46268,0.42336,9.2415,0.21168,9.2415,0.21168,442.007,0,1.02816,0,0,2.35659,1.32843,1.028160,1,0,73.9133,0,0,0,73.9133,0
72.29,2.47184,0,0,3.30383,0.207884,0.624108,3.6288,61.308,0.391461,0,0,1.38315,0.177059,0.814631,0.66528,12.849,1,0.439351,0.624108,0,52.3992,4.60147,47.9825,0.84672,12.849,0.84672,3695.15,0,18.483,0.0590085,0.940369,1.66112,6.05038,1.02261,7.57025,0.42336,9.2415,0.21168,9.2415,0.21168,442.007,0,1.02816,0,0,1.96853,0.940369,1.028160,1,0,56.3673,0,0,0,56.3673,0
72.29,2.47193,0,0,3.3219,0.132841,0.717124,3.6288,61.308,0.39151,0,0,1.48562,0.195016,0.899096,0.66528,12.849,1,0.439367,0.717124,0,54.6604,4.89558,50.0426,0.84672,12.849,0.84672,3695.15,0,18.483,0.0590158,1.32362,1.74716,6.95892,1.07447,8.89622,0.42336,9.2415,0.21168,9.2415,0.21168,442.007,0,1.02816,0,0,2.35178,1.32362,1.028160,1,0,59.8379,0,0,0,59.8379,0
72.287,2.47203,0,0,2.93305,0.101169,0.36288,3.6288,61.308,0.391558,0,0,1.21706,0.20628,0.619226,0.66528,12.849,1,0.439384,0.36288,0,49.8347,5.04672,44.7115,0.84672,12.849,0.84672,3695.15,0,18.483,0.0590231,0.963853,1.74723,5.86246,1.10487,7.40965,0.42336,9.2415,0.21168,9.2415,0.21168,442.007,0,1.02816,0,0,1.99201,0.963853,1.028160,1,0,52.7404,0,0,0,52.7404,0
72.1173,2.4721,0,0,2.76646,0.101167,0.36288,3.6288,61.308,0.391607,0,0,0.971957,0.20628,0.37407,0.66528,12.849,1,0.439415,0.36288,0,46.0414,5.04672,40.9182,0.84672,12.849,0.84672,3695.15,0,18.483,0.0590304,0.736517,1.7473,5.50579,1.10487,6.8257,0.42336,9.2415,0.21168,9.2415,0.21168,442.007,0,1.02816,0,0,1.76468,0.736517,1.028160,1,0,48.1179,0,0,0,48.1179,0
72.1259,2.47083,0,0,2.9605,0.118156,0.36288,3.6288,61.308,0.391655,0,0,1.15801,0.195236,0.57112,0.66528,12.849,1,0.440223,0.36288,0,48.5146,4.30782,44.1295,0.84672,12.849,0.84672,3695.15,0,18.483,0.0590377,1.01355,1.74736,5.65841,1.07388,7.2864,0.42336,9.2415,0.21168,9.2415,0.21168,442.007,0,1.02816,0,0,2.04171,1.01355,1.028160,1,0,51.987,0,0,0,51.987,0
72.0429,2.44886,0,0,2.85368,0.125012,0.36288,3.6288,61.308,0.427934,0,0,1.17882,0.190818,0.560064,0.66528,12.849,1,0.436256,0.36288,0,48.6831,4.01226,44.5975,0.84672,12.849,0.84672,3695.15,0,18.483,0.0645063,0.812989,1.74743,5.3885,1.06148,6.82293,0.42336,9.2415,0.21168,9.2415,0.21168,442.007,0,1.02816,0,0,1.84115,0.812989,1.028160,1,0,51.9805,0,0,0,51.9805,0
71.745,2.44829,0,0,2.62402,0.110679,0.36288,3.6288,61.308,0.427984,0,0,1.12546,0.223725,0.473746,0.66528,12.849,1,0.436658,0.36288,0,43.1593,4.43571,38.6498,0.84672,12.849,0.84672,3695.15,0,18.483,0.0645138,0.803822,1.77429,5.1849,1.21605,6.48244,0.42336,9.2415,0.21168,9.2415,0.21168,442.007,0,1.02816,0,0,1.83198,0.803822,1.028160,1,0,45.606,0,0,0,45.606,0
71.3108,2.446,0,0,2.46615,0.0914659,0.36288,3.6288,61.308,0.428034,0,0,1.04991,0.267601,0.354272,0.66528,12.849,1,0.43806,0.36288,0,38.3136,5.00031,33.2381,0.84672,12.849,0.84672,3695.15,0,18.483,0.0645213,0.769859,1.77435,4.99142,1.42214,6.04897,0.42336,9.2415,0.21168,9.2415,0.21168,442.007,0,1.02816,0,0,1.79802,0.769859,1.028160,1,0,39.6413,0,0,0,39.6413,0
70.7224,2.44259,0,0,2.30865,0.091587,0.36288,3.6288,61.308,0.428084,0,0,0.974471,0.275194,0.271193,0.66528,12.849,1,0.440113,0.36288,0,38.284,5.15991,33.0469,0.84672,12.849,0.84672,3695.15,0,18.483,0.0645288,0.711409,1.77442,4.61124,1.42367,5.60887,0.42336,9.2415,0.21168,9.2415,0.21168,442.007,0,1.02816,0,0,1.73957,0.711409,1.028160,1,0,38.9269,0,0,0,38.9269,0
70.2111,2.49478,0,0,2.43858,0.0922294,0.36288,3.6288,61.308,0.460428,0,0,0.943142,0.294178,0.188537,0.66528,12.849,1,0.453257,0.36288,0,38.0386,5.55891,32.3893,0.84672,12.849,0.84672,3695.15,0,18.483,0.0694044,0.714061,1.77449,4.35885,1.42749,5.3505,0.42336,9.2415,0.21168,9.2415,0.21168,442.007,0,1.02816,0,0,1.74222,0.714061,1.028160,1,0,37.9284,0,0,0,37.9284,0
69.4966,2.49056,0,0,2.23081,0.0918672,0.36288,3.6288,61.308,0.460479,0,0,0.886447,0.294178,0.131791,0.66528,12.849,1,0.455785,0.36288,0,35.7648,5.55891,30.1129,0.84672,12.849,0.84672,3695.15,0,18.483,0.069412,0.681324,1.81726,4.43669,1.42749,5.43837,0.42336,9.2415,0.21168,9.2415,0.21168,442.007,0,1.02816,0,0,1.70948,0.681324,1.028160,1,0,35.6831,0,0,0,35.6831,0
68.5777,2.48454,0,0,2.01988,0.0913612,0.36288,3.6288,61.308,0.46053,0,0,0.846945,0.294178,0.0922374,0.66528,12.849,1,0.459358,0.36288,0,33.6835,5.55891,28.0281,0.84672,12.849,0.84672,3695.15,0,18.483,0.0694197,0.507064,1.81733,4.12515,1.42749,4.95263,0.42336,9.2415,0.21168,9.2415,0.21168,442.007,0,1.02816,0,0,1.53522,0.507064,1.028160,1,0,33.073,0,0,0,33.073,0
67.4282,2.47663,0,0,1.76644,0.076422,0.36288,3.6288,61.308,0.460581,0,0,0.840948,0.301948,0.0784202,0.66528,12.849,1,0.464031,0.36288,0,32.0739,5.78324,26.1895,0.84672,12.849,0.84672,3695.15,0,18.483,0.0694274,0.482553,1.8174,4.1693,1.47231,4.92751,0.42336,9.2415,0.21168,9.2415,0.21168,442.007,0,1.02816,0,0,1.51071,0.482553,1.028160,1,0,31.1955,0,0,0,31.1955,0
65.6639,2.6312,0,0,1.32611,0.0963264,0.36288,3.6288,60.9364,0.665955,0,0,0.596647,0.302306,0,0.66528,12.849,1,0.501397,0.36288,0,23.511,6.00579,17.3667,0.84672,12.849,0.84672,3695.15,0,18.483,0.100385,0.227405,1.81746,3.14781,1.46805,3.62424,0.42336,9.2415,0.21168,9.2415,0.21168,442.007,0,0.926044,0,0,1.15345,0.227405,1.028160,1,0,20.9909,0,0,0,20.9909,0
63.7441,2.61397,0,0,1.15402,0.0969841,0.36288,3.6288,60.3684,0.769759,0,0,0.505548,0.303767,0,0.66528,12.849,1,0.511497,0.36288,0,19.8719,6.05986,13.6634,0.84672,12.849,0.84672,3695.15,0,18.483,0.11674,0.227405,1.96217,2.92163,1.49205,3.50241,0.42336,9.2415,0.21168,9.2415,0.21168,442.007,0,0.805948,0,0,1.03335,0.227405,1.028160,1,0,17.1658,0,0,0,17.1658,0
61.984,2.5944,0,0,1.29269,0.0954965,0.36288,3.6288,59.8604,0.723972,0,0,0.518602,0.302674,0,0.66528,12.849,1,0.522957,0.36288,0,19.7528,6.05986,13.5328,0.84672,12.849,0.84672,3695.15,0,18.483,0.110829,0.204422,1.96224,3.1314,1.49205,3.69519,0.42336,9.2415,0.21168,9.2415,0.21168,442.007,0,0.85771,0,0,1.06213,0.204422,1.028160,1,0,17.228,0,0,0,17.228,0
61.0014,2.57567,0,0,2.06884,0.112902,0.36288,3.6288,59.6247,0.575558,0,0,0.637373,0.297444,0,0.66528,12.849,1,0.533925,0.36288,0,32.8156,5.94112,26.7034,0.84672,12.849,0.84672,3695.15,0,18.483,0.0888571,0.262224,1.96231,3.41351,1.47749,4.0717,0.42336,9.2415,0.21168,9.2415,0.21168,442.007,0,1.02816,0,0,1.29038,0.262224,1.028160,1,0,30.7751,0,0,0,30.7751,0
60.5908,2.56491,0,0,2.63702,0.119843,0.36288,3.6288,59.6812,0.575309,0,0,0.929638,0.297827,0,0.66528,12.849,1,0.540259,0.36288,0,26.6678,5.89317,20.5972,0.84672,12.849,0.84672,3695.15,0,18.483,0.0891697,0.217503,1.96239,3.30416,1.42947,3.96542,0.42336,9.2415,0.21168,9.2415,0.21168,442.007,0,1.02816,0,0,1.24566,0.217503,1.028160,1,0,24.5627,0,0,0,24.5627,0
59.1906,2.48228,0,0,1.56771,0.12272,0.36288,3.6288,60.136,0.504914,0,0,1.26389,0.304182,0,0.66528,12.849,1,0.526396,0.36288,0,19.6953,5.79033,13.7415,0.84672,12.849,0.84672,3695.15,0,18.483,0.0781848,0.820593,1.96246,3.04665,1.40345,4.34808,0.42336,9.2415,0.21168,9.2415,0.21168,442.007,0,1.02816,0,0,1.84875,0.820593,1.028160,1,0,18.0895,0,0,0,18.0895,0
57.6003,2.46678,0,0,1.36046,0.121127,0.36288,3.6288,59.8795,0.650835,0,0,0.699391,0.305066,0,0.66528,12.849,1,0.535484,0.36288,0,20.2233,5.79033,14.2604,0.84672,12.849,0.84672,3695.15,0,18.483,0.100018,0.216518,1.87963,2.25984,1.40345,2.85252,0.42336,9.2415,0.21168,9.2415,0.21168,442.007,0,0.860466,0,0,1.07698,0.216518,1.028160,1,0,17.1129,0,0,0,17.1129,0
55.9931,2.4485,0,0,1.3234,0.11927,0.36288,3.6288,59.4916,0.730365,0,0,0.647001,0.304567,0,0.66528,12.849,1,0.546191,0.36288,0,18.4735,5.79033,12.4999,0.84672,12.849,0.84672,3695.15,0,18.483,0.112721,0.216518,1.87971,2.22051,1.40345,2.80056,0.42336,9.2415,0.21168,9.2415,0.21168,442.007,0,0.768295,0,0,0.984813,0.216518,1.028160,1,0,15.3005,0,0,0,15.3005,0
55.4757,2.42926,0,0,2.49547,0.220702,0.36288,3.6288,60.0113,0.504856,0,0,1.22682,0.202223,0,0.66528,12.849,1,0.557455,0.36288,0,42.3998,4.35878,37.8465,0.84672,12.849,0.84672,3695.15,0,18.483,0.078425,0.389543,1.87978,5.03893,0.943185,6.28664,0.42336,9.2415,0.21168,9.2415,0.21168,442.007,0,1.02816,0,0,1.4177,0.389543,1.028160,1,0,44.1331,0,0,0,44.1331,0
54.5168,2.36037,0,0,1.95242,0.188047,0.36288,3.6288,60.176,0.441247,0,0,0.820679,0.214774,0,0.66528,12.849,1,0.546697,0.36288,0,29.8441,4.56778,25.0925,0.84672,12.849,0.84672,3695.15,0,18.483,0.0679502,0.403168,1.87985,4.42602,1.00653,5.63456,0.42336,9.2415,0.21168,9.2415,0.21168,442.007,0,1.02816,0,0,1.43133,0.403168,1.028160,1,0,30.7271,0,0,0,30.7271,0
53.3091,2.3487,0,0,1.73966,0.235779,0.36288,3.6288,59.912,0.615678,0,0,0.560615,0.208915,0,0.66528,12.849,1,0.553561,0.36288,0,26.2659,4.6262,21.449,0.84672,12.849,0.84672,3695.15,0,18.483,0.0945524,0.216518,1.80623,3.69857,1.08094,4.54583,0.42336,9.2415,0.21168,9.2415,0.21168,442.007,0,0.827185,0,0,1.0437,0.216518,1.028160,1,0,25.9948,0,0,0,25.9948,0
52.6748,2.33354,0,0,2.295,0.232905,0.36288,3.6288,60.5379,0.44125,0,0,1.27569,0.208564,0,0.66528,12.849,1,0.562449,0.36288,0,35.1418,4.6262,30.3161,0.84672,12.849,0.84672,3695.15,0,18.483,0.0680633,1.63304,1.8063,6.57421,1.08094,8.86455,0.42336,9.2415,0.21168,9.2415,0.21168,442.007,0,1.02816,0,0,2.6612,1.63304,1.028160,1,0,39.1806,0,0,0,39.1806,0
55.9655,2.32542,0,0,6.21046,0.231395,0.36288,3.6288,61.308,0.44191,0,0,2.96516,0.209396,1.54374,0.66528,12.849,1,0.567242,0.36288,0,104.961,4.6262,100.13,0.84672,12.849,0.84672,3695.15,0,18.483,0.0674605,3.77976,1.80637,11.4582,1.08094,15.8959,0.42336,9.2415,0.21168,9.2415,0.21168,442.007,0,1.02816,0,0,4.80792,3.77976,1.028160,1,0,117.57,0,0,0,117.57,0
58.3742,2.18839,0,0,5.20842,0.248533,0.36288,3.6288,61.308,0.308483,0,0,0.88023,0.206702,0.365045,0.66528,12.849,1,0.502428,0.36288,0,80.7208,4.29922,76.282,0.84672,12.849,0.84672,3695.15,0,18.483,0.0465003,0.740051,1.80644,8.86201,1.09656,10.2654,0.42336,9.2415,0.21168,9.2415,0.21168,442.007,0,1.02816,0,0,1.76821,0.740051,1.028160,1,0,86.9125,0,0,0,86.9125,0
61.8048,2.21433,0,0,6.26394,0.256076,0.36288,3.6288,61.308,0.308528,0,0,1.22442,0.206082,0.709807,0.66528,12.849,1,0.487407,0.36288,0,109.35,4.24473,104.981,0.84672,12.849,0.84672,3695.15,0,18.483,0.0465072,2.02382,1.6406,10.5765,1.09917,13.0952,0.42336,9.2415,0.21168,9.2415,0.21168,442.007,0,1.02816,0,0,3.05198,2.02382,1.028160,1,0,118.786,0,0,0,118.786,0
62.977,2.24868,0,0,4.06414,0.280358,0.36288,3.6288,61.308,0.308573,0,0,1.10672,0.219872,0.578279,0.66528,12.849,1,0.467493,0.36288,0,76.1823,4.34392,71.7338,0.84672,12.849,0.84672,3695.15,0,18.483,0.046514,1.61951,1.64066,8.75085,1.11868,10.8458,0.42336,9.2415,0.21168,9.2415,0.21168,442.007,0,1.02816,0,0,2.64767,1.61951,1.028160,1,0,83.1579,0,0,0,83.1579,0
65.8776,2.25984,0,0,5.81596,0.292661,0.36288,3.6288,61.308,0.308619,0,0,1.23625,0.251014,0.676614,0.66528,12.849,1,0.461069,0.36288,0,101.188,4.93972,96.1503,0.84672,12.849,0.84672,3695.15,0,18.483,0.0465208,1.89791,1.64072,10.0731,1.24043,12.3248,0.42336,9.2415,0.21168,9.2415,0.21168,442.007,0,1.02816,0,0,2.92607,1.89791,1.028160,1,0,109.152,0,0,0,109.152,0
66.4772,2.28607,0,0,3.5689,0.320389,0.36288,3.6288,61.308,0.308664,0,0,0.813162,0.248498,0.256,0.66528,12.849,1,0.445883,0.36288,0,67.2088,4.66104,62.4648,0.84672,12.849,0.84672,3695.15,0,18.483,0.0465277,0.786154,1.64078,5.50812,1.27324,6.61529,0.42336,9.2415,0.21168,9.2415,0.21168,442.007,0,1.02816,0,0,1.81431,0.786154,1.028160,1,0,69.3361,0,0,0,69.3361,0
65.487,2.36312,0,0,2.08562,0.349785,0.36288,3.6288,61.308,0.347578,0,0,0.751473,0.245144,0.158751,0.66528,12.849,1,0.456754,0.36288,0,31.5068,4.28946,27.1235,0.84672,12.849,0.84672,3695.15,0,18.483,0.0523935,0.645011,1.64084,4.18737,1.31699,5.10384,0.42336,9.2415,0.21168,9.2415,0.21168,442.007,0,1.02816,0,0,1.67317,0.645011,1.028160,1,0,32.386,0,0,0,32.386,0
64.3817,2.35432,0,0,1.9589,0.347036,0.36288,3.6288,61.308,0.347617,0,0,0.690811,0.245144,0.0980504,0.66528,12.849,1,0.461933,0.36288,0,29.3687,4.28946,24.9801,0.84672,12.849,0.84672,3695.15,0,18.483,0.0523994,0.562671,1.69338,3.79257,1.31699,4.67923,0.42336,9.2415,0.21168,9.2415,0.21168,442.007,0,1.02816,0,0,1.59083,0.562671,1.028160,1,0,29.7574,0,0,0,29.7574,0
63.5617,2.34424,0,0,2.19232,0.305194,0.36288,3.6288,61.308,0.347656,0,0,1.33936,0.228117,0.763591,0.66528,12.849,1,0.467852,0.36288,0,31.8572,4.17816,27.5741,0.84672,12.849,0.84672,3695.15,0,18.483,0.0524054,1.01653,1.69344,5.53078,1.12506,7.06328,0.42336,9.2415,0.21168,9.2415,0.21168,442.007,0,1.02816,0,0,2.04469,1.01653,1.028160,1,0,35.401,0,0,0,35.401,0
62.7907,2.33661,0,0,2.23173,0.303174,0.36288,3.6288,61.308,0.347696,0,0,0.99665,0.228117,0.420837,0.66528,12.849,1,0.472346,0.36288,0,45.9075,4.17816,41.6199,0.84672,12.849,0.84672,3695.15,0,18.483,0.0524113,0.806907,1.69349,4.93521,1.12506,6.25813,0.42336,9.2415,0.21168,9.2415,0.21168,442.007,0,1.02816,0,0,1.83507,0.806907,1.028160,1,0,48.2989,0,0,0,48.2989,0
62.2631,2.5565,0,0,2.71573,0.324036,0.36288,3.6288,61.308,0.493675,0,0,1.50574,0.166502,0.845567,0.66528,12.849,1,0.523143,0.36288,0,44.7127,3.31687,41.2356,0.84672,12.849,0.84672,3695.15,0,18.483,0.074416,1.95769,1.69354,6.45149,0.958323,9.06998,0.42336,9.2415,0.21168,9.2415,0.21168,442.007,0,1.02816,0,0,2.98585,1.95769,1.028160,1,0,51.1511,0,0,0,51.1511,0
62.0743,2.55096,0,0,3.05636,0.331232,0.36288,3.6288,61.308,0.493719,0,0,1.55932,0.167616,0.897987,0.66528,12.849,1,0.526432,0.36288,0,49.4597,3.51551,45.7806,0.84672,12.849,0.84672,3695.15,0,18.483,0.0744226,2.66838,1.8809,7.11608,1.03806,10.5529,0.42336,9.2415,0.21168,9.2415,0.21168,442.007,0,1.02816,0,0,3.69654,2.66838,1.028160,1,0,57.2315,0,0,0,57.2315,0
62.9912,2.54901,0,0,4.15947,0.330719,0.36288,3.6288,61.308,0.493763,0,0,1.52138,0.167616,0.860005,0.66528,12.849,1,0.527629,0.36288,0,71.5338,3.51551,67.8536,0.84672,12.849,0.84672,3695.15,0,18.483,0.0744292,3.18288,1.88096,8.15979,1.03806,12.1111,0.42336,9.2415,0.21168,9.2415,0.21168,442.007,0,1.02816,0,0,4.21104,3.18288,1.028160,1,0,80.8247,0,0,0,80.8247,0
63.1302,2.55887,0,0,3.39399,0.333213,0.36288,3.6288,61.308,0.493806,0,0,1.604,0.167616,0.942577,0.66528,12.849,1,0.52196,0.36288,0,55.3432,3.51551,51.6686,0.84672,12.849,0.84672,3695.15,0,18.483,0.0744358,2.51307,1.88102,7.42357,1.03806,10.7052,0.42336,9.2415,0.21168,9.2415,0.21168,442.007,0,1.02816,0,0,3.54123,2.51307,1.028160,1,0,63.3163,0,0,0,63.3163,0
64.8617,2.23586,0,0,4.61621,0.285995,0.36288,3.6288,61.308,0.297972,0,0,0.654884,0.0936494,0.263263,0.66528,12.849,1,0.455069,0.36288,0,56.7206,3.00531,53.6232,0.84672,12.849,0.84672,3695.15,0,18.483,0.044916,3.15976,1.88108,8.45574,0.782908,12.6688,0.42336,9.2415,0.21168,9.2415,0.21168,442.007,0,1.02816,0,0,4.18792,3.15976,1.028160,1,0,66.5552,0,0,0,66.5552,0
67.1745,2.25151,0,0,5.21721,0.290033,0.36288,3.6288,61.308,0.29801,0,0,0.941138,0.0936494,0.549479,0.66528,12.849,1,0.446021,0.36288,0,97.6,3.00531,94.5116,0.84672,12.849,0.84672,3695.15,0,18.483,0.0449216,2.43311,1.62489,7.3021,0.782908,10.5323,0.42336,9.2415,0.21168,9.2415,0.21168,442.007,0,1.02816,0,0,3.46127,2.43311,1.028160,1,0,105.593,0,0,0,105.593,0
67.6938,2.27145,0,0,3.44904,0.295426,0.36288,3.6288,61.308,0.298047,0,0,1.13228,0.0936494,0.740584,0.66528,12.849,1,0.434479,0.36288,0,67.589,3.00531,64.5121,0.84672,12.849,0.84672,3695.15,0,18.483,0.0449273,1.55058,1.62494,5.15637,0.782908,7.50405,0.42336,9.2415,0.21168,9.2415,0.21168,442.007,0,1.02816,0,0,2.57874,1.55058,1.028160,1,0,72.7567,0,0,0,72.7567,0
69.4139,2.27584,0,0,4.64412,0.285312,0.36288,3.6288,61.308,0.298085,0,0,2.04527,0.0957291,1.65146,0.66528,12.849,1,0.431979,0.36288,0,111.146,3.03585,108.041,0.84672,12.849,0.84672,3695.15,0,18.483,0.0449329,3.05713,1.62499,6.49239,0.787923,10.3417,0.42336,9.2415,0.21168,9.2415,0.21168,442.007,0,1.02816,0,0,4.08529,3.05713,1.028160,1,0,120.034,0,0,0,120.034,0
71.9075,2.28988,0,0,5.44094,0.294552,0.36288,3.6288,61.308,0.298122,0,0,1.25968,0.108058,0.853497,0.66528,12.849,1,0.423873,0.36288,0,85.4539,2.98164,82.4113,0.84672,12.849,0.84672,3695.15,0,18.483,0.0449386,2.14574,1.62504,6.57761,0.77683,9.52662,0.42336,9.2415,0.21168,9.2415,0.21168,442.007,0,1.02816,0,0,3.1739,2.14574,1.028160,1,0,92.7914,0,0,0,92.7914,0
72.29,2.39366,0,0,6.66664,0.325031,3.56544,3.6288,61.308,0.346087,0,0,1.43015,0.10397,0.980096,0.66528,12.849,1,0.427718,3.56544,0,91.3378,2.87007,91.6054,0.84672,12.849,0.84672,3695.15,0,18.483,0.0521687,2.20555,1.62509,6.02464,0.722237,9.08088,0.42336,9.2415,0.21168,9.2415,0.21168,442.007,0,1.02816,0,0,3.23371,2.20555,1.028160,1,0,101.666,0,0,0,101.666,0
72.29,2.39671,0,0,5.931,0.325977,3.20831,3.6288,61.308,0.346126,0,0,1.95205,0.10397,1.50196,0.66528,12.849,1,0.425998,3.20831,0,101.796,2.87007,101.708,0.84672,12.849,0.84672,3695.15,0,18.483,0.0521746,3.36247,1.68842,8.44951,0.722237,12.726,0.42336,9.2415,0.21168,9.2415,0.21168,442.007,0,1.02816,0,0,4.39063,3.36247,1.028160,1,0,115.936,0,0,0,115.936,0
72.29,2.39679,0,0,4.6585,0.325977,1.93573,3.6288,61.308,0.346165,0,0,1.62565,0.10397,1.17552,0.66528,12.849,1,0.426011,1.93573,0,119.046,2.87007,117.686,0.84672,12.849,0.84672,3695.15,0,18.483,0.0521805,3.49553,1.68848,6.23333,0.722237,10.6429,0.42336,9.2415,0.21168,9.2415,0.21168,442.007,0,1.02816,0,0,4.52369,3.49553,1.028160,1,0,129.504,0,0,0,129.504,0
72.29,2.39687,0,0,3.54969,0.315703,0.837124,3.6288,61.308,0.346204,0,0,1.08271,0.0984385,0.638071,0.66528,12.849,1,0.426025,0.837124,0,77.8213,2.36184,75.8706,0.84672,12.849,0.84672,3695.15,0,18.483,0.0521864,1.89675,1.68853,5.09591,0.650236,7.97876,0.42336,9.2415,0.21168,9.2415,0.21168,442.007,0,1.02816,0,0,2.92491,1.89675,1.028160,1,0,84.4874,0,0,0,84.4874,0
72.29,2.36391,0,0,3.4862,0.31441,0.807881,3.6288,61.308,0.327626,0,0,0.812739,0.159823,0.325289,0.66528,12.849,1,0.420166,0.807881,0,64.3803,3.4115,61.3565,0.84672,12.849,0.84672,3695.15,0,18.483,0.049386,1.20727,1.68858,4.82776,0.794654,6.87957,0.42336,9.2415,0.21168,9.2415,0.21168,442.007,0,1.02816,0,0,2.23543,1.20727,1.028160,1,0,68.5613,0,0,0,68.5613,0
72.29,2.36398,0,0,3.48098,0.274919,0.842079,3.6288,61.308,0.327665,0,0,0.767802,0.162886,0.277252,0.66528,12.849,1,0.42018,0.842079,0,63.5866,3.26763,60.7409,0.84672,12.849,0.84672,3695.15,0,18.483,0.0493918,1.24392,1.664,3.88697,0.827863,5.91764,0.42336,9.2415,0.21168,9.2415,0.21168,442.007,0,1.02816,0,0,2.27208,1.24392,1.028160,1,0,66.9358,0,0,0,66.9358,0
72.29,2.36405,0,0,3.00415,0.238349,0.40175,3.6288,61.308,0.327703,0,0,0.764597,0.202355,0.234539,0.66528,12.849,1,0.420193,0.40175,0,51.3508,3.77727,47.5551,0.84672,12.849,0.84672,3695.15,0,18.483,0.0493976,1.05526,1.66406,3.48081,0.970437,5.18028,0.42336,9.2415,0.21168,9.2415,0.21168,442.007,0,1.02816,0,0,2.08342,1.05526,1.028160,1,0,52.9699,0,0,0,52.9699,0
72.2069,2.36413,0,0,2.8823,0.238349,0.36288,3.6288,61.308,0.327742,0,0,0.755784,0.202355,0.225687,0.66528,12.849,1,0.420206,0.36288,0,57.6591,3.77727,53.8245,0.84672,12.849,0.84672,3695.15,0,18.483,0.0494035,1.20581,1.66411,3.50029,0.970437,5.35036,0.42336,9.2415,0.21168,9.2415,0.21168,442.007,0,1.02816,0,0,2.23397,1.20581,1.028160,1,0,59.4006,0,0,0,59.4006,0
71.8176,2.47569,0,0,2.66228,0.213012,0.36288,3.6288,61.308,0.393808,0,0,0.637191,0.175741,0.0676418,0.66528,12.849,1,0.440541,0.36288,0,44.7194,3.92892,40.7128,0.84672,12.849,0.84672,3695.15,0,18.483,0.0593622,0.779414,1.66416,3.15116,0.925047,4.61033,0.42336,9.2415,0.21168,9.2415,0.21168,442.007,0,1.02816,0,0,1.80757,0.779414,1.028160,1,0,45.3908,0,0,0,45.3908,0
71.3122,2.47263,0,0,2.53829,0.208197,0.36288,3.6288,61.308,0.393849,0,0,0.652458,0.171306,0.0873036,0.66528,12.849,1,0.442381,0.36288,0,40.4669,3.9542,36.4332,0.84672,12.849,0.84672,3695.15,0,18.483,0.0593683,0.708739,1.75036,3.26803,0.917482,4.75027,0.42336,9.2415,0.21168,9.2415,0.21168,442.007,0,1.02816,0,0,1.7369,0.708739,1.028160,1,0,41.2708,0,0,0,41.2708,0
70.6982,2.46859,0,0,2.42486,0.207396,0.36288,3.6288,61.308,0.393889,0,0,0.655214,0.171306,0.0900191,0.66528,12.849,1,0.444789,0.36288,0,38.0208,3.9542,33.9846,0.84672,12.849,0.84672,3695.15,0,18.483,0.0593745,0.632223,1.75041,3.14245,0.917482,4.54822,0.42336,9.2415,0.21168,9.2415,0.21168,442.007,0,1.02816,0,0,1.66038,0.632223,1.028160,1,0,38.6229,0,0,0,38.6229,0
69.9323,2.46361,0,0,2.26701,0.206423,0.36288,3.6288,61.308,0.39393,0,0,0.609935,0.171306,0.0446988,0.66528,12.849,1,0.447746,0.36288,0,35.4846,3.9542,31.4455,0.84672,12.849,0.84672,3695.15,0,18.483,0.0593806,0.543318,1.75047,2.97667,0.917482,4.29359,0.42336,9.2415,0.21168,9.2415,0.21168,442.007,0,1.02816,0,0,1.57148,0.543318,1.028160,1,0,35.7838,0,0,0,35.7838,0
68.833,2.45728,0,0,1.86513,0.144327,0.36288,3.6288,61.2358,0.393971,0,0,0.545896,0.22415,0,0.66528,12.849,1,0.451487,0.36288,0,29.9312,4.66641,25.1762,0.84672,12.849,0.84672,3695.15,0,18.483,0.0593867,0.424008,1.75052,2.75549,1.02224,3.8484,0.42336,9.2415,0.21168,9.2415,0.21168,442.007,0,1.02816,0,0,1.45217,0.424008,1.028160,1,0,29.0246,0,0,0,29.0246,0
67.4773,2.42604,0,0,1.58187,0.148624,0.36288,3.6288,61.0083,0.500041,0,0,0.492029,0.219484,0,0.66528,12.849,1,0.452868,0.36288,0,25.8781,4.17816,21.6099,0.84672,12.849,0.84672,3695.15,0,18.483,0.0754645,0.30119,1.75058,2.69662,0.955656,3.71727,0.42336,9.2415,0.21168,9.2415,0.21168,442.007,0,0.947825,0,0,1.24902,0.30119,1.028160,1,0,25.3272,0,0,0,25.3272,0
66.0233,2.41434,0,0,1.44262,0.119398,0.36288,3.6288,60.6677,0.553908,0,0,0.479065,0.265714,0,0.66528,12.849,1,0.459737,0.36288,0,24.6094,4.82967,19.6829,0.84672,12.849,0.84672,3695.15,0,18.483,0.0839056,0.261274,1.77747,2.59902,1.17615,3.3777,0.42336,9.2415,0.21168,9.2415,0.21168,442.007,0,0.885565,0,0,1.14684,0.261274,1.028160,1,0,23.0606,0,0,0,23.0606,0
64.4482,2.40137,0,0,1.30334,0.114161,0.36288,3.6288,60.3304,0.526533,0,0,0.452781,0.263541,0,0.66528,12.849,1,0.467338,0.36288,0,22.5424,5.41285,17.0251,0.84672,12.849,0.84672,3695.15,0,18.483,0.0802067,0.261274,1.77753,2.57061,1.38894,3.14026,0.42336,9.2415,0.21168,9.2415,0.21168,442.007,0,0.916687,0,0,1.17796,0.261274,1.028160,1,0,20.1653,0,0,0,20.1653,0
62.9032,2.38682,0,0,1.31566,0.111045,0.36288,3.6288,60.0383,0.479659,0,0,0.45788,0.27038,0,0.66528,12.849,1,0.475859,0.36288,0,21.8757,5.48549,16.2772,0.84672,12.849,0.84672,3695.15,0,18.483,0.0734749,0.261274,1.77759,2.66605,1.40049,3.23095,0.42336,9.2415,0.21168,9.2415,0.21168,442.007,0,0.970341,0,0,1.23161,0.261274,1.028160,1,0,19.5082,0,0,0,19.5082,0
61.4588,2.42738,0,0,1.44559,0.0996847,0.36288,3.6288,59.7701,0.461547,0,0,0.507616,0.314211,0,0.66528,12.849,1,0.495832,0.36288,0,23.6758,5.92126,17.6215,0.84672,12.849,0.84672,3695.15,0,18.483,0.0710444,0.29033,1.77764,2.90923,1.46977,3.43639,0.42336,9.2415,0.21168,9.2415,0.21168,442.007,0,1.02816,0,0,1.31849,0.29033,1.028160,1,0,21.0579,0,0,0,21.0579,0
59.9381,2.41272,0,0,1.35343,0.0985084,0.36288,3.6288,59.4846,0.461313,0,0,0.489501,0.313674,0,0.66528,12.849,1,0.50442,0.36288,0,22.209,5.92126,16.1462,0.84672,12.849,0.84672,3695.15,0,18.483,0.0713271,0.299696,1.82048,3.00913,1.46977,3.58821,0.42336,9.2415,0.21168,9.2415,0.21168,442.007,0,1.02816,0,0,1.32786,0.299696,1.028160,1,0,19.7344,0,0,0,19.7344,0
58.278,2.39672,0,0,1.19669,0.0972269,0.36288,3.6288,59.1148,0.517557,0,0,0.460809,0.313102,0,0.66528,12.849,1,0.513787,0.36288,0,20.9795,5.92126,14.9073,0.84672,12.849,0.84672,3695.15,0,18.483,0.0804074,0.227405,1.82054,2.82294,1.46977,3.3207,0.42336,9.2415,0.21168,9.2415,0.21168,442.007,0,0.962885,0,0,1.19029,0.227405,1.028160,1,0,18.228,0,0,0,18.228,0
56.531,2.37855,0,0,1.08139,0.0869436,0.36288,3.6288,58.7057,0.547889,0,0,0.456257,0.31747,0,0.66528,12.849,1,0.524417,0.36288,0,19.887,6.07082,13.6547,0.84672,12.849,0.84672,3695.15,0,18.483,0.0856523,0.227405,1.82059,2.81669,1.49965,3.27939,0.42336,9.2415,0.21168,9.2415,0.21168,442.007,0,0.927357,0,0,1.15476,0.227405,1.028160,1,0,16.9341,0,0,0,16.9341,0
54.3036,2.51611,0,0,0.733735,0.082137,0.36288,3.6288,58.0011,0.786893,0,0,0.383328,0.301003,0,0.66528,12.849,1,0.571889,0.36288,0,15.0307,5.82033,9.00141,0.84672,12.849,0.84672,3695.15,0,18.483,0.123873,0.227405,1.82065,2.50438,1.42943,2.99913,0.42336,9.2415,0.21168,9.2415,0.21168,442.007,0,0.784573,0,0,1.01198,0.227405,1.028160,1,0,12.0005,0,0,0,12.0005,0
51.9745,2.48752,0,0,0.603896,0.0825634,0.36288,3.6288,57.1556,0.877733,0,0,0.325112,0.292858,0,0.66528,12.849,1,0.588582,0.36288,0,11.806,5.65078,5.92955,0.84672,12.849,0.84672,3695.15,0,18.483,0.139852,0.227405,1.96559,2.35428,1.41307,2.99436,0.42336,9.2415,0.21168,9.2415,0.21168,442.007,0,0.677808,0,0,0.905213,0.227405,1.028160,1,0,8.92391,0,0,0,8.92391,0
49.7517,2.45578,0,0,0.676452,0.0806184,0.36288,3.6288,56.3634,0.834512,0,0,0.333507,0.291259,0,0.66528,12.849,1,0.60711,0.36288,0,11.7353,5.65078,5.84026,0.84672,12.849,0.84672,3695.15,0,18.483,0.134932,0.204422,1.96565,2.52332,1.41307,3.1454,0.42336,9.2415,0.21168,9.2415,0.21168,442.007,0,0.726002,0,0,0.930424,0.204422,1.028160,1,0,8.98566,0,0,0,8.98566,0
47.9525,2.42356,0,0,1.08262,0.0954094,0.36288,3.6288,55.8265,0.661147,0,0,0.409879,0.285604,0,0.66528,12.849,1,0.625914,0.36288,0,19.4959,5.53205,13.7008,0.84672,12.849,0.84672,3695.15,0,18.483,0.108404,0.204422,1.96572,2.75065,1.3985,3.41388,0.42336,9.2415,0.21168,9.2415,0.21168,442.007,0,0.925949,0,0,1.13037,0.204422,1.028160,1,0,17.1147,0,0,0,17.1147,0
46.5012,2.39599,0,0,1.41032,0.102781,0.36288,3.6288,55.288,0.750587,0,0,0.493393,0.281299,0,0.66528,12.849,1,0.642013,0.36288,0,20.5816,5.35101,14.9515,0.84672,12.849,0.84672,3695.15,0,18.483,0.124252,0.204422,1.96578,3.12014,1.31869,3.84739,0.42336,9.2415,0.21168,9.2415,0.21168,442.007,0,0.820714,0,0,1.02514,0.204422,1.028160,1,0,18.7989,0,0,0,18.7989,0
44.6826,2.30032,0,0,0.955394,0.110765,0.36288,3.6288,55.0785,0.50196,0,0,0.578743,0.286336,0,0.66528,12.849,1,0.635614,0.36288,0,18.3081,4.96104,13.0743,0.84672,12.849,0.84672,3695.15,0,18.483,0.0839036,0.352201,1.96584,3.53671,1.23046,4.5404,0.42336,9.2415,0.21168,9.2415,0.21168,442.007,0,1.02816,0,0,1.38036,0.352201,1.028160,1,0,17.6147,0,0,0,17.6147,0
42.7777,2.27063,0,0,0.83713,0.10853,0.36288,3.6288,54.438,0.712206,0,0,0.357724,0.285942,0,0.66528,12.849,1,0.652946,0.36288,0,18.5885,4.96104,13.3374,0.84672,12.849,0.84672,3695.15,0,18.483,0.119499,0.216518,1.88286,2.7882,1.23046,3.53762,0.42336,9.2415,0.21168,9.2415,0.21168,442.007,0,0.782369,0,0,0.998888,0.216518,1.028160,1,0,16.875,0,0,0,16.875,0
40.7519,2.23773,0,0,0.680988,0.10619,0.36288,3.6288,53.5495,0.898234,0,0,0.294435,0.284737,0,0.66528,12.849,1,0.672141,0.36288,0,17.0696,4.96104,11.7993,0.84672,12.849,0.84672,3695.15,0,18.483,0.152486,0.216518,1.88292,2.51927,1.23046,3.23576,0.42336,9.2415,0.21168,9.2415,0.21168,442.007,0,0.563406,0,0,0.779924,0.216518,1.028160,1,0,15.0351,0,0,0,15.0351,0
39.1518,2.20055,0,0,1.1251,0.161704,0.36288,3.6288,53.0542,0.715815,0,0,0.445865,0.225311,0,0.66528,12.849,1,0.69383,0.36288,0,24.3018,4.13052,19.8403,0.84672,12.849,0.84672,3695.15,0,18.483,0.123534,0.216518,1.88298,3.33746,0.970864,4.34256,0.42336,9.2415,0.21168,9.2415,0.21168,442.007,0,0.774827,0,0,0.991345,0.216518,1.028160,1,0,24.1829,0,0,0,24.1829,0
37.6826,2.11341,0,0,1.16243,0.155421,0.36288,3.6288,53.079,0.435872,0,0,0.739731,0.279099,0,0.66528,12.849,1,0.693588,0.36288,0,60.0768,4.47835,55.2677,0.84672,12.849,0.84672,3695.15,0,18.483,0.0759244,0.943851,1.88304,5.40661,1.16655,6.99103,0.42336,9.2415,0.21168,9.2415,0.21168,442.007,0,1.02816,0,0,1.97201,0.943851,1.028160,1,0,62.2587,0,0,0,62.2587,0
36.156,2.08417,0,0,1.13219,0.211653,0.36288,3.6288,52.7397,0.593863,0,0,0.550483,0.29589,0,0.66528,12.849,1,0.710659,0.36288,0,31.6968,5.28213,26.0669,0.84672,12.849,0.84672,3695.15,0,18.483,0.103397,0.216518,1.80929,3.89704,1.32093,4.49852,0.42336,9.2415,0.21168,9.2415,0.21168,442.007,0,0.842746,0,0,1.05926,0.216518,1.028160,1,0,30.5654,0,0,0,30.5654,0
34.7875,2.05221,0,0,1.25442,0.207857,0.36288,3.6288,52.5354,0.43557,0,0,0.526325,0.295087,0,0.66528,12.849,1,0.729307,0.36288,0,16.0939,5.28213,10.4453,0.84672,12.849,0.84672,3695.15,0,18.483,0.0763242,0.351493,1.80934,3.48141,1.32093,4.24499,0.42336,9.2415,0.21168,9.2415,0.21168,442.007,0,1.02816,0,0,1.37965,0.351493,1.028160,1,0,14.6903,0,0,0,14.6903,0
33.3619,2.02211,0,0,1.16384,0.204454,0.36288,3.6288,52.4421,0.435359,0,0,0.636642,0.294604,0,0.66528,12.849,1,0.746878,0.36288,0,18.8626,5.28213,13.1965,0.84672,12.849,0.84672,3695.15,0,18.483,0.0765839,0.420561,1.8094,3.8911,1.32093,4.72355,0.42336,9.2415,0.21168,9.2415,0.21168,442.007,0,1.02816,0,0,1.44872,0.420561,1.028160,1,0,17.92,0,0,0,17.92,0
32.713,1.83935,0,0,1.72676,0.173486,0.36288,3.6288,52.5015,0.303759,0,0,0.586448,0.223267,0,0.66528,12.849,1,0.708407,0.36288,0,48.0394,3.9366,43.7573,0.84672,12.849,0.84672,3695.15,0,18.483,0.0535293,0.54953,1.80946,5.35058,0.987166,6.66887,0.42336,9.2415,0.21168,9.2415,0.21168,442.007,0,1.02816,0,0,1.57769,0.54953,1.028160,1,0,50.4262,0,0,0,50.4262,0
32.4098,1.82499,0,0,2.08954,0.204792,0.36288,3.6288,52.6132,0.303847,0,0,0.588815,0.173284,0,0.66528,12.849,1,0.716818,0.36288,0,51.3123,3.64182,47.3165,0.84672,12.849,0.84672,3695.15,0,18.483,0.0534843,0.567026,1.64333,5.82867,0.872977,7.11257,0.42336,9.2415,0.21168,9.2415,0.21168,442.007,0,1.02816,0,0,1.59519,0.567026,1.028160,1,0,54.4291,0,0,0,54.4291,0
32.2385,1.81819,0,0,2.21373,0.204018,0.36288,3.6288,52.8679,0.303981,0,0,0.732156,0.173439,0,0.66528,12.849,1,0.720828,0.36288,0,76.3784,3.64182,72.3786,0.84672,12.849,0.84672,3695.15,0,18.483,0.0533943,0.662265,1.64338,6.25733,0.872977,7.6366,0.42336,9.2415,0.21168,9.2415,0.21168,442.007,0,1.02816,0,0,1.69042,0.662265,1.028160,1,0,80.0152,0,0,0,80.0152,0
32.9375,1.78409,0,0,3.04954,0.20358,0.36288,3.6288,53.468,0.284571,0,0,1.05845,0.173794,0,0.66528,12.849,1,0.711067,0.36288,0,101.892,3.64182,97.9015,0.84672,12.849,0.84672,3695.15,0,18.483,0.0497441,1.21443,1.64343,9.10846,0.872977,11.0436,0.42336,9.2415,0.21168,9.2415,0.21168,442.007,0,1.02816,0,0,2.24259,1.21443,1.028160,1,0,108.945,0,0,0,108.945,0
33.8565,1.76915,0,0,3.22675,0.175685,0.36288,3.6288,54.4066,0.265384,0,0,1.42059,0.216651,0,0.66528,12.849,1,0.690151,0.36288,0,121.23,4.54667,116.356,0.84672,12.849,0.84672,3695.15,0,18.483,0.0458695,1.89196,1.61608,10.5097,1.18678,12.7851,0.42336,9.2415,0.21168,9.2415,0.21168,442.007,0,1.02816,0,0,2.92012,1.89196,1.028160,1,0,129.142,0,0,0,129.142,0
34.0586,1.84473,0,0,2.6027,0.192981,0.36288,3.6288,54.762,0.303116,0,0,0.832049,0.173477,0,0.66528,12.849,1,0.7001,0.36288,0,38.7241,4.07904,34.3079,0.84672,12.849,0.84672,3695.15,0,18.483,0.0514873,1.28192,1.58873,6.71354,0.861865,8.67083,0.42336,9.2415,0.21168,9.2415,0.21168,442.007,0,1.02816,0,0,2.31008,1.28192,1.028160,1,0,42.9787,0,0,0,42.9787,0
34.2869,1.84911,0,0,2.63371,0.193461,0.36288,3.6288,55.0715,0.303432,0,0,0.786802,0.173885,0,0.66528,12.849,1,0.697598,0.36288,0,62.7644,4.07904,58.3507,0.84672,12.849,0.84672,3695.15,0,18.483,0.0512064,0.950892,1.63959,6.94103,0.861865,8.61844,0.42336,9.2415,0.21168,9.2415,0.21168,442.007,0,1.02816,0,0,1.97905,0.950892,1.028160,1,0,66.9691,0,0,0,66.9691,0
35.7072,1.85401,0,0,3.83124,0.194003,0.36288,3.6288,56.0901,0.303708,0,0,1.49653,0.17424,0,0.66528,12.849,1,0.694791,0.36288,0,77.5498,4.07904,73.1388,0.84672,12.849,0.84672,3695.15,0,18.483,0.050965,1.58636,1.63963,7.94413,0.861865,10.2573,0.42336,9.2415,0.21168,9.2415,0.21168,442.007,0,1.02816,0,0,2.61452,1.58636,1.028160,1,0,83.3961,0,0,0,83.3961,0
38.0251,1.94839,0,0,4.8265,0.197375,0.36288,3.6288,57.5798,0.345492,0,0,2.01059,0.175408,0,0.66528,12.849,1,0.701116,0.36288,0,85.1507,4.07904,80.7334,0.84672,12.849,0.84672,3695.15,0,18.483,0.0569239,2.5074,1.63967,9.94041,0.861865,13.1687,0.42336,9.2415,0.21168,9.2415,0.21168,442.007,0,1.02816,0,0,3.53556,2.5074,1.028160,1,0,93.9021,0,0,0,93.9021,0
40.2024,2.1895,0,0,4.96659,0.236846,0.36288,3.6288,58.4585,0.491739,0,0,1.5271,0.156682,0,0.66528,12.849,1,0.739851,0.36288,0,104.662,3.11739,101.167,0.84672,12.849,0.84672,3695.15,0,18.483,0.0789236,2.02656,1.69628,9.45397,0.676925,12.421,0.42336,9.2415,0.21168,9.2415,0.21168,442.007,0,1.02816,0,0,3.05472,2.02656,1.028160,1,0,113.588,0,0,0,113.588,0
42.8383,2.19677,0,0,5.43975,0.244266,0.36288,3.6288,59.0993,0.469777,0,0,1.26763,0.156986,0,0.66528,12.849,1,0.702103,0.36288,0,101.219,2.91417,97.9659,0.84672,12.849,0.84672,3695.15,0,18.483,0.0742655,1.78568,1.88393,7.12446,0.655589,10.0642,0.42336,9.2415,0.21168,9.2415,0.21168,442.007,0,1.02816,0,0,2.81384,1.78568,1.028160,1,0,108.03,0,0,0,108.03,0
44.6023,2.24582,0,0,4.61585,0.243092,0.36288,3.6288,59.8995,0.470508,0,0,1.44749,0.176767,0,0.66528,12.849,1,0.673617,0.36288,0,93.1055,3.50179,89.293,0.84672,12.849,0.84672,3695.15,0,18.483,0.0735745,1.99018,1.85256,8.10683,0.847593,11.0284,0.42336,9.2415,0.21168,9.2415,0.21168,442.007,0,1.02816,0,0,3.01834,1.99018,1.028160,1,0,100.321,0,0,0,100.321,0
47.1994,2.31512,0,0,5.50257,0.227465,0.36288,3.6288,60.5532,0.494492,0,0,1.33116,0.182989,0,0.66528,12.849,1,0.666937,0.36288,0,97.0972,4.08994,92.7032,0.84672,12.849,0.84672,3695.15,0,18.483,0.0762919,2.10769,1.85261,9.66505,1.03726,12.5118,0.42336,9.2415,0.21168,9.2415,0.21168,442.007,0,1.02816,0,0,3.13585,2.10769,1.028160,1,0,105.215,0,0,0,105.215,0
50.6173,2.05924,0,0,6.1232,0.283179,0.36288,3.6288,61.308,0.299373,0,0,2.1675,0.188198,0.92515,0.66528,12.849,1,0.560584,0.36288,0,100.627,3.46967,96.9593,0.84672,12.849,0.84672,3695.15,0,18.483,0.0456896,3.24331,1.88407,13.5067,0.994894,17.5935,0.42336,9.2415,0.21168,9.2415,0.21168,442.007,0,1.02816,0,0,4.27147,3.24331,1.028160,1,0,115.478,0,0,0,115.478,0
54.845,2.1046,0,0,7.00122,0.306064,0.36288,3.6288,61.308,0.299892,0,0,2.05908,0.187711,1.57147,0.66528,12.849,1,0.534245,0.36288,0,83.5367,3.44369,79.9217,0.84672,12.849,0.84672,3695.15,0,18.483,0.0452053,2.85068,1.62747,12.6762,1.0301,16.079,0.42336,9.2415,0.21168,9.2415,0.21168,442.007,0,1.02816,0,0,3.87884,2.85068,1.028160,1,0,97.5721,0,0,0,97.5721,0
57.6592,2.15513,0,0,5.65188,0.319658,0.36288,3.6288,61.308,0.299922,0,0,1.454,0.187711,0.966366,0.66528,12.849,1,0.5049,0.36288,0,90.2906,3.44369,86.7049,0.84672,12.849,0.84672,3695.15,0,18.483,0.0452099,1.52762,1.62751,8.79293,1.0301,10.8727,0.42336,9.2415,0.21168,9.2415,0.21168,442.007,0,1.02816,0,0,2.55578,1.52762,1.028160,1,0,98.544,0,0,0,98.544,0
58.7605,2.18582,0,0,3.97873,0.328708,0.36288,3.6288,61.308,0.299952,0,0,1.0314,0.187711,0.543736,0.66528,12.849,1,0.487096,0.36288,0,80.2673,3.44369,76.6994,0.84672,12.849,0.84672,3695.15,0,18.483,0.0452145,1.17855,1.62755,8.45027,1.0301,10.181,0.42336,9.2415,0.21168,9.2415,0.21168,442.007,0,1.02816,0,0,2.20671,1.17855,1.028160,1,0,87.4242,0,0,0,87.4242,0
62.5347,2.19728,0,0,6.6019,0.267617,0.36288,3.6288,61.308,0.299982,0,0,2.26354,0.176037,1.78752,0.66528,12.849,1,0.480473,0.36288,0,81.5141,3.28368,78.1128,0.84672,12.849,0.84672,3695.15,0,18.483,0.045219,2.35086,1.62759,11.9693,1.03005,14.8724,0.42336,9.2415,0.21168,9.2415,0.21168,442.007,0,1.02816,0,0,3.37902,2.35086,1.028160,1,0,94.7728,0,0,0,94.7728,0
67.7461,2.31581,0,0,8.1756,0.285485,0.36288,3.6288,61.308,0.348014,0,0,2.47355,0.216623,1.90892,0.66528,12.849,1,0.475829,0.36288,0,179.829,3.88416,175.832,0.84672,12.849,0.84672,3695.15,0,18.483,0.0524592,3.24232,1.62763,18.994,1.14688,22.6646,0.42336,9.2415,0.21168,9.2415,0.21168,442.007,0,1.02816,0,0,4.27048,3.24232,1.028160,1,0,200.405,0,0,0,200.405,0
70.7509,2.36332,0,0,6.0287,0.297676,0.36288,3.6288,61.308,0.348045,0,0,1.25296,0.216623,0.688287,0.66528,12.849,1,0.448238,0.36288,0,113.374,3.88416,109.405,0.84672,12.849,0.84672,3695.15,0,18.483,0.052464,1.47461,1.69105,8.7861,1.14688,10.7524,0.42336,9.2415,0.21168,9.2415,0.21168,442.007,0,1.02816,0,0,2.50277,1.47461,1.028160,1,0,120.845,0,0,0,120.845,0
72.29,2.38833,0,0,5.65879,0.279957,1.45142,3.6288,61.308,0.348077,0,0,1.11364,0.23306,0.532507,0.66528,12.849,1,0.433742,1.45142,0,115.049,4.20807,111.859,0.84672,12.849,0.84672,3695.15,0,18.483,0.0524687,1.18776,1.69109,7.91744,1.20663,9.53719,0.42336,9.2415,0.21168,9.2415,0.21168,442.007,0,1.02816,0,0,2.21592,1.18776,1.028160,1,0,121.929,0,0,0,121.929,0
72.29,2.40055,0,0,4.94986,0.24801,2.3013,3.6288,61.308,0.348108,0,0,1.01955,0.248899,0.422539,0.66528,12.849,1,0.426679,2.3013,0,100.87,4.45758,98.2873,0.84672,12.849,0.84672,3695.15,0,18.483,0.0524735,0.961857,1.69114,6.95917,1.25646,8.30323,0.42336,9.2415,0.21168,9.2415,0.21168,442.007,0,1.02816,0,0,1.99002,0.961857,1.028160,1,0,107.013,0,0,0,107.013,0
72.29,2.36752,0,0,4.34566,0.236802,1.74134,3.6288,61.308,0.329495,0,0,1.28751,0.212429,0.745583,0.66528,12.849,1,0.420809,1.74134,0,80.841,3.36336,78.7982,0.84672,12.849,0.84672,3695.15,0,18.483,0.0496677,1.98862,1.69118,7.6026,1.07749,10.1552,0.42336,9.2415,0.21168,9.2415,0.21168,442.007,0,1.02816,0,0,3.01678,1.98862,1.028160,1,0,89.699,0,0,0,89.699,0
72.29,2.36758,0,0,4.0729,0.236802,1.46852,3.6288,61.308,0.329526,0,0,1.10177,0.212429,0.559818,0.66528,12.849,1,0.42082,1.46852,0,76.5193,3.36336,74.2036,0.84672,12.849,0.84672,3695.15,0,18.483,0.0496723,1.4245,1.66655,7.19695,1.07749,9.16084,0.42336,9.2415,0.21168,9.2415,0.21168,442.007,0,1.02816,0,0,2.45266,1.4245,1.028160,1,0,83.9243,0,0,0,83.9243,0
72.29,2.36764,0,0,4.82147,0.212474,2.24135,3.6288,61.308,0.329557,0,0,1.09472,0.224298,0.540868,0.66528,12.849,1,0.420831,2.24135,0,80.9473,4.29906,78.4688,0.84672,12.849,0.84672,3695.15,0,18.483,0.049677,1.54921,1.66659,9.47652,1.11438,11.5283,0.42336,9.2415,0.21168,9.2415,0.21168,442.007,0,1.02816,0,0,2.57737,1.54921,1.028160,1,0,90.5379,0,0,0,90.5379,0
72.29,2.3677,0,0,3.66347,0.159976,1.13579,3.6288,61.308,0.329588,0,0,1.03312,0.243726,0.459805,0.66528,12.849,1,0.420841,1.13579,0,55.371,5.17985,50.9061,0.84672,12.849,0.84672,3695.15,0,18.483,0.0496817,1.42276,1.66663,7.05931,1.2181,8.88092,0.42336,9.2415,0.21168,9.2415,0.21168,442.007,0,1.02816,0,0,2.45092,1.42276,1.028160,1,0,60.2468,0,0,0,60.2468,0
72.29,2.48008,0,0,3.43615,0.144416,0.811648,3.6288,61.308,0.395746,0,0,1.00505,0.234196,0.375106,0.66528,12.849,1,0.440816,0.811648,0,55.8481,4.78673,51.4322,0.84672,12.849,0.84672,3695.15,0,18.483,0.0596543,1.52693,1.66668,6.72987,1.20348,8.66034,0.42336,9.2415,0.21168,9.2415,0.21168,442.007,0,1.02816,0,0,2.55509,1.52693,1.028160,1,0,60.4676,0,0,0,60.4676,0
72.29,2.48014,0,0,3.36321,0.156459,0.726602,3.6288,61.308,0.395778,0,0,0.940628,0.224769,0.32008,0.66528,12.849,1,0.440827,0.726602,0,55.3919,4.534,51.1437,0.84672,12.849,0.84672,3695.15,0,18.483,0.0596592,1.41895,1.75299,6.35455,1.15707,8.30976,0.42336,9.2415,0.21168,9.2415,0.21168,442.007,0,1.02816,0,0,2.44711,1.41895,1.028160,1,0,59.7735,0,0,0,59.7735,0
72.29,2.48021,0,0,2.99316,0.127667,0.385281,3.6288,61.308,0.395811,0,0,0.892823,0.243656,0.253356,0.66528,12.849,1,0.440838,0.385281,0,49.0034,4.7482,44.1996,0.84672,12.849,0.84672,3695.15,0,18.483,0.0596641,1.31604,1.75303,6.18166,1.2118,7.97927,0.42336,9.2415,0.21168,9.2415,0.21168,442.007,0,1.02816,0,0,2.3442,1.31604,1.028160,1,0,52.4323,0,0,0,52.4323,0
72.1746,2.48027,0,0,2.83382,0.106072,0.36288,3.6288,61.308,0.395844,0,0,0.855611,0.257821,0.201946,0.66528,12.849,1,0.440849,0.36288,0,46.6927,4.90886,41.7059,0.84672,12.849,0.84672,3695.15,0,18.483,0.0596691,1.1776,1.75308,6.11346,1.25284,7.73162,0.42336,9.2415,0.21168,9.2415,0.21168,442.007,0,1.02816,0,0,2.20576,1.1776,1.028160,1,0,49.6395,0,0,0,49.6395,0
72.0783,2.47941,0,0,2.84249,0.0964908,0.36288,3.6288,61.308,0.395876,0,0,0.930709,0.269863,0.26497,0.66528,12.849,1,0.4414,0.36288,0,50.4857,5.21985,45.1873,0.84672,12.849,0.84672,3695.15,0,18.483,0.059674,1.28974,1.75312,6.20553,1.31018,7.87854,0.42336,9.2415,0.21168,9.2415,0.21168,442.007,0,1.02816,0,0,2.3179,1.28974,1.028160,1,0,53.3308,0,0,0,53.3308,0
71.9762,2.45649,0,0,2.80105,0.0837777,0.36288,3.6288,61.308,0.432258,0,0,1.0183,0.285919,0.300125,0.66528,12.849,1,0.437905,0.36288,0,51.3788,5.63451,45.6693,0.84672,12.849,0.84672,3695.15,0,18.483,0.0651581,1.3695,1.75317,5.47741,1.38663,7.1483,0.42336,9.2415,0.21168,9.2415,0.21168,442.007,0,1.02816,0,0,2.39766,1.3695,1.028160,1,0,53.1177,0,0,0,53.1177,0
71.6347,2.45574,0,0,2.56083,0.0837127,0.36288,3.6288,61.308,0.432292,0,0,0.977867,0.285919,0.259656,0.66528,12.849,1,0.438392,0.36288,0,46.5064,5.63451,40.7964,0.84672,12.849,0.84672,3695.15,0,18.483,0.0651632,1.25591,1.78009,5.45316,1.38663,7.03737,0.42336,9.2415,0.21168,9.2415,0.21168,442.007,0,1.02816,0,0,2.28407,1.25591,1.028160,1,0,48.0935,0,0,0,48.0935,0
71.2136,2.45305,0,0,2.47836,0.0834952,0.36288,3.6288,61.308,0.432325,0,0,0.918484,0.285919,0.20024,0.66528,12.849,1,0.44,0.36288,0,42.3086,5.63451,36.597,0.84672,12.849,0.84672,3695.15,0,18.483,0.0651683,0.973089,1.78014,5.29947,1.38663,6.60089,0.42336,9.2415,0.21168,9.2415,0.21168,442.007,0,1.02816,0,0,2.00125,0.973089,1.028160,1,0,43.3981,0,0,0,43.3981,0
70.705,2.4497,0,0,2.37683,0.0729283,0.36288,3.6288,61.308,0.432359,0,0,0.873478,0.294803,0.146316,0.66528,12.849,1,0.441997,0.36288,0,38.3357,5.71044,32.5461,0.84672,12.849,0.84672,3695.15,0,18.483,0.0651733,0.898145,1.78018,5.22435,1.43161,6.4059,0.42336,9.2415,0.21168,9.2415,0.21168,442.007,0,1.02816,0,0,1.92631,0.898145,1.028160,1,0,39.0983,0,0,0,39.0983,0
69.9562,2.50267,0,0,2.1978,0.081008,0.36288,3.6288,61.308,0.464791,0,0,0.853891,0.338804,0.0502965,0.66528,12.849,1,0.454803,0.36288,0,40.3915,5.85627,34.4433,0.84672,12.849,0.84672,3695.15,0,18.483,0.0700621,0.95364,1.78023,4.80434,1.51245,5.95569,0.42336,9.2415,0.21168,9.2415,0.21168,442.007,0,1.02816,0,0,1.9818,0.95364,1.028160,1,0,40.4493,0,0,0,40.4493,0
69.0994,2.49638,0,0,2.08298,0.0805422,0.36288,3.6288,61.2683,0.464825,0,0,0.763923,0.338804,0,0.66528,12.849,1,0.458515,0.36288,0,35.6896,5.85627,29.7377,0.84672,12.849,0.84672,3695.15,0,18.483,0.0700673,1.14678,1.82312,5.01797,1.51245,6.40535,0.42336,9.2415,0.21168,9.2415,0.21168,442.007,0,1.02816,0,0,2.17494,1.14678,1.028160,1,0,36.143,0,0,0,36.143,0
68.1147,2.48903,0,0,1.94721,0.0800092,0.36288,3.6288,61.1716,0.46482,0,0,0.706804,0.338719,0,0.66528,12.849,1,0.462835,0.36288,0,33.9357,5.85627,27.9794,0.84672,12.849,0.84672,3695.15,0,18.483,0.0701119,0.959627,1.82316,4.40309,1.51245,5.60331,0.42336,9.2415,0.21168,9.2415,0.21168,442.007,0,1.02816,0,0,1.98779,0.959627,1.028160,1,0,33.5828,0,0,0,33.5828,0
67.113,2.48041,0,0,1.92103,0.0793965,0.36288,3.6288,61.133,0.464758,0,0,0.764709,0.338511,0,0.66528,12.849,1,0.467899,0.36288,0,31.489,5.85627,25.5277,0.84672,12.849,0.84672,3695.15,0,18.483,0.0702134,1.09362,1.82321,4.97942,1.51245,6.31358,0.42336,9.2415,0.21168,9.2415,0.21168,442.007,0,1.02816,0,0,2.12178,1.09362,1.028160,1,0,31.8413,0,0,0,31.8413,0
66.2355,2.6365,0,0,2.20251,0.0806584,0.36288,3.6288,60.9286,0.581664,0,0,0.721034,0.343777,0,0.66528,12.849,1,0.504765,0.36288,0,33.8231,5.7355,27.9457,0.84672,12.849,0.84672,3695.15,0,18.483,0.0879303,0.906612,1.82325,5.92696,1.54228,7.02662,0.42336,9.2415,0.21168,9.2415,0.21168,442.007,0,1.02816,0,0,1.93477,0.906612,1.028160,1,0,34.9723,0,0,0,34.9723,0
65.5403,2.62794,0,0,2.3853,0.0896888,0.36288,3.6288,60.6918,0.581445,0,0,0.687426,0.342816,0,0.66528,12.849,1,0.509793,0.36288,0,36.0291,5.51408,30.3681,0.84672,12.849,0.84672,3695.15,0,18.483,0.0881921,0.904211,1.96839,4.64014,1.53851,5.88604,0.42336,9.2415,0.21168,9.2415,0.21168,442.007,0,1.02816,0,0,1.93237,0.904211,1.028160,1,0,36.2541,0,0,0,36.2541,0
64.5604,2.62105,0,0,2.0932,0.0891929,0.36288,3.6288,60.4315,0.581183,0,0,0.663194,0.342301,0,0.66528,12.849,1,0.513851,0.36288,0,45.7994,5.51408,40.1344,0.84672,12.849,0.84672,3695.15,0,18.483,0.0884965,0.818139,1.96844,4.45583,1.53851,5.6154,0.42336,9.2415,0.21168,9.2415,0.21168,442.007,0,1.02816,0,0,1.8463,0.818139,1.028160,1,0,45.7498,0,0,0,45.7498,0
63.6356,2.61113,0,0,2.1378,0.0884939,0.36288,3.6288,60.2696,0.58089,0,0,0.76074,0.341736,0,0.66528,12.849,1,0.519675,0.36288,0,39.6736,5.51408,34.0027,0.84672,12.849,0.84672,3695.15,0,18.483,0.0888328,0.922787,1.96849,4.62727,1.53851,5.89121,0.42336,9.2415,0.21168,9.2415,0.21168,442.007,0,1.02816,0,0,1.95095,0.922787,1.028160,1,0,39.8939,0,0,0,39.8939,0
62.8796,2.60156,0,0,2.31845,0.110021,0.36288,3.6288,60.2675,0.580721,0,0,0.89678,0.318149,0,0.66528,12.849,1,0.525294,0.36288,0,46.7602,4.96061,41.6372,0.84672,12.849,0.84672,3695.15,0,18.483,0.0890454,1.97459,1.96854,6.15062,1.4301,8.5746,0.42336,9.2415,0.21168,9.2415,0.21168,442.007,0,1.02816,0,0,3.00275,1.97459,1.028160,1,0,50.2118,0,0,0,50.2118,0
62.2714,2.51445,0,0,2.43353,0.164472,0.36288,3.6288,60.8816,0.50992,0,0,1.38408,0.260057,0,0.66528,12.849,1,0.513811,0.36288,0,55.7747,3.57693,52.0468,0.84672,12.849,0.84672,3695.15,0,18.483,0.0781919,3.84683,1.96859,7.86076,1.15908,12.4389,0.42336,9.2415,0.21168,9.2415,0.21168,442.007,0,1.02816,0,0,4.87499,3.84683,1.028160,1,0,64.4857,0,0,0,64.4857,0
61.9347,2.50815,0,0,2.69804,0.163654,0.36288,3.6288,61.308,0.510641,0,0,1.28609,0.261074,0.0879646,0.66528,12.849,1,0.517529,0.36288,0,83.9505,3.57693,80.2189,0.84672,12.849,0.84672,3695.15,0,18.483,0.0775125,3.44847,1.88548,11.9381,1.15908,16.0355,0.42336,9.2415,0.21168,9.2415,0.21168,442.007,0,1.02816,0,0,4.47663,3.44847,1.028160,1,0,96.3424,0,0,0,96.3424,0
61.0547,2.50465,0,0,2.15075,0.163202,0.36288,3.6288,61.308,0.511145,0,0,1.34057,0.261779,0.56765,0.66528,12.849,1,0.519615,0.36288,0,65.9934,3.57693,62.2597,0.84672,12.849,0.84672,3695.15,0,18.483,0.0770494,3.74903,1.88553,8.55965,1.15908,12.9581,0.42336,9.2415,0.21168,9.2415,0.21168,442.007,0,1.02816,0,0,4.77719,3.74903,1.028160,1,0,75.7854,0,0,0,75.7854,0
61.0715,2.49526,0,0,3.05076,0.175868,0.36288,3.6288,61.308,0.51118,0,0,1.27442,0.245036,0.518201,0.66528,12.849,1,0.525128,0.36288,0,78.1796,3.39465,74.6227,0.84672,12.849,0.84672,3695.15,0,18.483,0.0770548,2.61725,1.88558,10.0562,1.10236,13.3796,0.42336,9.2415,0.21168,9.2415,0.21168,442.007,0,1.02816,0,0,3.64541,2.61725,1.028160,1,0,88.5205,0,0,0,88.5205,0
60.1833,2.43104,0,0,2.08241,0.176644,0.36288,3.6288,61.308,0.446586,0,0,1.35187,0.238677,0.666603,0.66528,12.849,1,0.511472,0.36288,0,68.2933,4.87695,63.2678,0.84672,12.849,0.84672,3695.15,0,18.483,0.0673179,1.69934,1.88563,10.6985,0.98505,13.2311,0.42336,9.2415,0.21168,9.2415,0.21168,442.007,0,1.02816,0,0,2.7275,1.69934,1.028160,1,0,77.1655,0,0,0,77.1655,0
59.947,2.42161,0,0,2.78963,0.241445,0.36288,3.6288,61.308,0.44662,0,0,1.33369,0.16887,0.718197,0.66528,12.849,1,0.517007,0.36288,0,101.1,4.10865,96.8373,0.84672,12.849,0.84672,3695.15,0,18.483,0.067323,1.99087,1.81176,8.85531,0.912231,11.6784,0.42336,9.2415,0.21168,9.2415,0.21168,442.007,0,1.02816,0,0,3.01903,1.99087,1.028160,1,0,109.234,0,0,0,109.234,0
59.4566,2.41911,0,0,2.5457,0.254162,0.36288,3.6288,61.308,0.446654,0,0,1.10924,0.154622,0.507962,0.66528,12.849,1,0.518509,0.36288,0,92.1551,3.90905,88.0904,0.84672,12.849,0.84672,3695.15,0,18.483,0.0673281,2.4606,1.81181,10.1267,0.893898,13.4379,0.42336,9.2415,0.21168,9.2415,0.21168,442.007,0,1.02816,0,0,3.48876,2.4606,1.028160,1,0,102.036,0,0,0,102.036,0
60.382,2.41381,0,0,3.95511,0.252969,0.36288,3.6288,61.308,0.446688,0,0,1.74663,0.154622,1.14532,0.66528,12.849,1,0.521641,0.36288,0,151.297,3.90905,147.229,0.84672,12.849,0.84672,3695.15,0,18.483,0.0673333,3.78949,1.81186,13.5345,0.893898,18.1746,0.42336,9.2415,0.21168,9.2415,0.21168,442.007,0,1.02816,0,0,4.81765,3.78949,1.028160,1,0,166.549,0,0,0,166.549,0
62.0187,2.24138,0,0,4.50978,0.268818,0.36288,3.6288,61.308,0.312103,0,0,2.28252,0.161597,1.80881,0.66528,12.849,1,0.476955,0.36288,0,169.621,4.15997,165.347,0.84672,12.849,0.84672,3695.15,0,18.483,0.0470461,3.77301,1.8119,16.482,1.02386,20.996,0.42336,9.2415,0.21168,9.2415,0.21168,442.007,0,1.02816,0,0,4.80117,3.77301,1.028160,1,0,188.152,0,0,0,188.152,0
64.0819,2.25739,0,0,4.96626,0.282843,0.36288,3.6288,61.308,0.312134,0,0,2.72045,0.166828,2.24149,0.66528,12.849,1,0.467686,0.36288,0,177.92,4.34816,173.467,0.84672,12.849,0.84672,3695.15,0,18.483,0.0470507,3.68842,1.64554,23.2885,1.12134,27.4541,0.42336,9.2415,0.21168,9.2415,0.21168,442.007,0,1.02816,0,0,4.71658,3.68842,1.028160,1,0,203.163,0,0,0,203.163,0
65.5176,2.2767,0,0,4.36299,0.287645,0.36288,3.6288,61.308,0.312165,0,0,2.55884,0.166828,2.07985,0.66528,12.849,1,0.4565,0.36288,0,145.237,4.34816,140.795,0.84672,12.849,0.84672,3695.15,0,18.483,0.0470553,3.65576,1.64558,15.9418,1.12134,20.0748,0.42336,9.2415,0.21168,9.2415,0.21168,442.007,0,1.02816,0,0,4.68392,3.65576,1.028160,1,0,162.95,0,0,0,162.95,0
69.264,2.28962,0,0,6.67433,0.275444,0.36288,3.6288,61.308,0.312195,0,0,2.83253,0.154427,2.36591,0.66528,12.849,1,0.44903,0.36288,0,189.858,3.91939,185.852,0.84672,12.849,0.84672,3695.15,0,18.483,0.0470599,3.72909,1.64562,22.2484,1.06778,26.5083,0.42336,9.2415,0.21168,9.2415,0.21168,442.007,0,1.02816,0,0,4.75725,3.72909,1.028160,1,0,214.727,0,0,0,214.727,0
71.1694,2.32134,0,0,4.84904,0.259426,0.36288,3.6288,61.308,0.312226,0,0,2.4425,0.167653,1.96262,0.66528,12.849,1,0.430626,0.36288,0,225.494,3.33576,222.091,0.84672,12.849,0.84672,3695.15,0,18.483,0.0470646,3.51458,1.64566,16.731,0.779244,21.0649,0.42336,9.2415,0.21168,9.2415,0.21168,442.007,0,1.02816,0,0,4.54274,3.51458,1.028160,1,0,245.119,0,0,0,245.119,0
71.5029,2.40972,0,0,3.3811,0.274972,0.36288,3.6288,61.308,0.35124,0,0,2.05937,0.157364,1.55077,0.66528,12.849,1,0.435053,0.36288,0,84.5415,3.01129,81.4581,0.84672,12.849,0.84672,3695.15,0,18.483,0.0529455,3.48558,1.6457,10.4214,0.779784,14.72,0.42336,9.2415,0.21168,9.2415,0.21168,442.007,0,1.02816,0,0,4.51374,3.48558,1.028160,1,0,97.7288,0,0,0,97.7288,0
71.5366,2.41243,0,0,3.0846,0.275674,0.36288,3.6288,61.308,0.351264,0,0,1.92724,0.157364,1.41861,0.66528,12.849,1,0.433511,0.36288,0,107.668,3.01129,104.586,0.84672,12.849,0.84672,3695.15,0,18.483,0.0529491,3.43549,1.69838,12.7134,0.779784,17.0145,0.42336,9.2415,0.21168,9.2415,0.21168,442.007,0,1.02816,0,0,4.46365,3.43549,1.028160,1,0,123.019,0,0,0,123.019,0
70.7256,2.41274,0,0,2.2404,0.275744,0.36288,3.6288,61.308,0.351287,0,0,1.52535,0.157364,1.0167,0.66528,12.849,1,0.433364,0.36288,0,82.6079,3.01129,79.5261,0.84672,12.849,0.84672,3695.15,0,18.483,0.0529527,2.37978,1.69841,9.51566,0.779784,12.7611,0.42336,9.2415,0.21168,9.2415,0.21168,442.007,0,1.02816,0,0,3.40794,2.37978,1.028160,1,0,93.3039,0,0,0,93.3039,0
69.5054,2.40628,0,0,1.87871,0.329705,0.36288,3.6288,61.308,0.351311,0,0,1.55116,0.16498,1.03486,0.66528,12.849,1,0.437158,0.36288,0,80.7296,2.70438,77.9509,0.84672,12.849,0.84672,3695.15,0,18.483,0.0529563,2.39353,1.69844,10.4358,0.93286,13.542,0.42336,9.2415,0.21168,9.2415,0.21168,442.007,0,1.02816,0,0,3.42169,2.39353,1.028160,1,0,92.5278,0,0,0,92.5278,0
68.9143,2.63005,0,0,2.71823,0.316398,0.36288,3.6288,61.308,0.497699,0,0,1.75427,0.183065,1.07351,0.66528,12.849,1,0.486199,0.36288,0,116.046,3.68815,112.234,0.84672,12.849,0.84672,3695.15,0,18.483,0.0750225,2.76269,1.69848,10.6028,1.01266,13.9763,0.42336,9.2415,0.21168,9.2415,0.21168,442.007,0,1.02816,0,0,3.79085,2.76269,1.028160,1,0,127.284,0,0,0,127.284,0
68.3682,2.62467,0,0,2.75226,0.31088,0.36288,3.6288,61.308,0.497725,0,0,1.59887,0.190298,0.910843,0.66528,12.849,1,0.489366,0.36288,0,84.4163,4.08167,80.2081,0.84672,12.849,0.84672,3695.15,0,18.483,0.0750265,2.81632,1.88636,9.25551,1.04458,12.8386,0.42336,9.2415,0.21168,9.2415,0.21168,442.007,0,1.02816,0,0,3.84448,2.81632,1.028160,1,0,93.9575,0,0,0,93.9575,0
68.304,2.61964,0,0,3.22794,0.309558,0.36288,3.6288,61.308,0.497752,0,0,1.69207,0.190298,1.00402,0.66528,12.849,1,0.49233,0.36288,0,100.9,4.08167,96.6885,0.84672,12.849,0.84672,3695.15,0,18.483,0.0750306,2.80575,1.88639,9.75136,1.04458,13.3239,0.42336,9.2415,0.21168,9.2415,0.21168,442.007,0,1.02816,0,0,3.83391,2.80575,1.028160,1,0,111.016,0,0,0,111.016,0
68.343,2.61909,0,0,3.3249,0.303984,0.36288,3.6288,61.308,0.497779,0,0,1.74706,0.182084,1.0672,0.66528,12.849,1,0.492689,0.36288,0,104.269,3.89586,100.244,0.84672,12.849,0.84672,3695.15,0,18.483,0.0750346,3.25736,1.88643,10.8179,0.989793,14.8968,0.42336,9.2415,0.21168,9.2415,0.21168,442.007,0,1.02816,0,0,4.28552,3.25736,1.028160,1,0,116.208,0,0,0,116.208,0
68.2301,2.28746,0,0,2.8387,0.301223,0.36288,3.6288,61.308,0.301369,0,0,1.78344,0.208362,1.27371,0.66528,12.849,1,0.43006,0.36288,0,72.5373,4.01875,68.4514,0.84672,12.849,0.84672,3695.15,0,18.483,0.045428,3.29497,1.88647,7.43523,0.995305,11.5759,0.42336,9.2415,0.21168,9.2415,0.21168,442.007,0,1.02816,0,0,4.32313,3.29497,1.028160,1,0,81.301,0,0,0,81.301,0
69.3001,2.28658,0,0,4.03043,0.311004,0.36288,3.6288,61.308,0.301391,0,0,2.06133,0.212151,1.54779,0.66528,12.849,1,0.430606,0.36288,0,74.6954,4.1434,70.4843,0.84672,12.849,0.84672,3695.15,0,18.483,0.0454314,3.74464,1.62952,14.7081,1.03785,18.999,0.42336,9.2415,0.21168,9.2415,0.21168,442.007,0,1.02816,0,0,4.7728,3.74464,1.028160,1,0,91.0311,0,0,0,91.0311,0
72.29,2.29529,0,0,6.42476,0.313609,0.82594,3.6288,61.308,0.301414,0,0,5.02258,0.212151,4.50901,0.66528,12.849,1,0.425573,0.82594,0,121.741,4.1434,117.998,0.84672,12.849,0.84672,3695.15,0,18.483,0.0454348,8.80397,1.62955,18.0159,1.03785,27.3661,0.42336,9.2415,0.21168,9.2415,0.21168,442.007,0,1.02816,0,0,9.83213,8.80397,1.028160,1,0,149.873,0,0,0,149.873,0
72.29,2.31852,0,0,3.27364,0.309561,0.645567,3.6288,61.308,0.301437,0,0,2.04676,0.206134,1.53919,0.66528,12.849,1,0.412099,0.645567,0,122.461,4.05621,118.638,0.84672,12.849,0.84672,3695.15,0,18.483,0.0454383,3.01397,1.62958,8.96003,1.02532,12.5328,0.42336,9.2415,0.21168,9.2415,0.21168,442.007,0,1.02816,0,0,4.04213,3.01397,1.028160,1,0,132.71,0,0,0,132.71,0
72.29,2.31856,0,0,3.14652,0.286671,0.541292,3.6288,61.308,0.30146,0,0,1.6634,0.191545,1.17039,0.66528,12.849,1,0.412107,0.541292,0,119.521,4.42104,115.229,0.84672,12.849,0.84672,3695.15,0,18.483,0.0454417,2.68663,1.62961,7.6286,1.12396,10.7755,0.42336,9.2415,0.21168,9.2415,0.21168,442.007,0,1.02816,0,0,3.71479,2.68663,1.028160,1,0,127.175,0,0,0,127.175,0
72.29,2.40332,0,0,3.24077,0.365915,0.471532,3.6288,61.308,0.349543,0,0,2.11038,0.148816,1.61202,0.66528,12.849,1,0.427172,0.471532,0,106.832,4.20336,102.673,0.84672,12.849,0.84672,3695.15,0,18.483,0.0526897,3.41357,1.62965,9.20678,1.07124,13.1261,0.42336,9.2415,0.21168,9.2415,0.21168,442.007,0,1.02816,0,0,4.44173,3.41357,1.028160,1,0,117.411,0,0,0,117.411,0
72.29,2.40337,0,0,4.01105,0.365915,1.24177,3.6288,61.308,0.349567,0,0,2.33238,0.148816,1.83399,0.66528,12.849,1,0.42718,1.24177,0,82.0092,4.20336,78.6204,0.84672,12.849,0.84672,3695.15,0,18.483,0.0526933,4.53468,1.69313,9.64604,1.07124,14.7499,0.42336,9.2415,0.21168,9.2415,0.21168,442.007,0,1.02816,0,0,5.56284,4.53468,1.028160,1,0,95.2043,0,0,0,95.2043,0
71.9131,2.40341,0,0,2.65701,0.267602,0.36288,3.6288,61.308,0.349591,0,0,1.31304,0.194594,0.768854,0.66528,12.849,1,0.427189,0.36288,0,54.0753,4.60698,49.4041,0.84672,12.849,0.84672,3695.15,0,18.483,0.0526969,2.25562,1.69317,7.38832,1.09534,10.1891,0.42336,9.2415,0.21168,9.2415,0.21168,442.007,0,1.02816,0,0,3.28378,2.25562,1.028160,1,0,60.362,0,0,0,60.362,0
71.1751,2.40052,0,0,2.29218,0.266837,0.36288,3.6288,61.308,0.349614,0,0,1.15535,0.194594,0.611141,0.66528,12.849,1,0.42891,0.36288,0,47.4371,4.60698,42.764,0.84672,12.849,0.84672,3695.15,0,18.483,0.0527005,1.99009,1.6932,5.40886,1.09534,7.94411,0.42336,9.2415,0.21168,9.2415,0.21168,442.007,0,1.02816,0,0,3.01825,1.99009,1.028160,1,0,51.3193,0,0,0,51.3193,0
70.5926,2.36172,0,0,2.40862,0.266454,0.36288,3.6288,61.308,0.330971,0,0,1.05133,0.154588,0.565773,0.66528,12.849,1,0.426354,0.36288,0,52.8161,3.56769,49.185,0.84672,12.849,0.84672,3695.15,0,18.483,0.0498902,1.42591,1.69323,5.46895,1.13673,7.40146,0.42336,9.2415,0.21168,9.2415,0.21168,442.007,0,1.02816,0,0,2.45407,1.42591,1.028160,1,0,57.1522,0,0,0,57.1522,0
69.4846,2.35716,0,0,1.91655,0.304499,0.36288,3.6288,61.308,0.330994,0,0,0.946598,0.183764,0.43184,0.66528,12.849,1,0.429041,0.36288,0,40.7449,3.95987,36.7188,0.84672,12.849,0.84672,3695.15,0,18.483,0.0498937,0.951558,1.66856,4.64244,1.18217,6.0305,0.42336,9.2415,0.21168,9.2415,0.21168,442.007,0,1.02816,0,0,1.97972,0.951558,1.028160,1,0,43.1812,0,0,0,43.1812,0
68.2997,2.34828,0,0,1.74567,0.219431,0.36288,3.6288,61.308,0.331018,0,0,0.791329,0.223002,0.23731,0.66528,12.849,1,0.434241,0.36288,0,36.9757,4.30583,32.5986,0.84672,12.849,0.84672,3695.15,0,18.483,0.0498972,0.785929,1.66859,4.28626,1.20283,5.48805,0.42336,9.2415,0.21168,9.2415,0.21168,442.007,0,1.02816,0,0,1.81409,0.785929,1.028160,1,0,38.3239,0,0,0,38.3239,0
67.0963,2.33854,0,0,1.70179,0.203796,0.36288,3.6288,61.308,0.331041,0,0,0.864354,0.229542,0.303772,0.66528,12.849,1,0.439941,0.36288,0,35.8299,4.36349,31.3894,0.84672,12.849,0.84672,3695.15,0,18.483,0.0499008,0.9497,1.66862,4.85811,1.20627,6.22026,0.42336,9.2415,0.21168,9.2415,0.21168,442.007,0,1.02816,0,0,1.97786,0.9497,1.028160,1,0,37.9134,0,0,0,37.9134,0
65.6786,2.43883,0,0,1.58943,0.20539,0.36288,3.6288,61.308,0.39727,0,0,0.75073,0.210851,0.142608,0.66528,12.849,1,0.467038,0.36288,0,37.0674,4.13471,32.8286,0.84672,12.849,0.84672,3695.15,0,18.483,0.059884,0.769444,1.66866,4.38211,1.18272,5.57761,0.42336,9.2415,0.21168,9.2415,0.21168,442.007,0,1.02816,0,0,1.7976,0.769444,1.028160,1,0,38.5488,0,0,0,38.5488,0
64.195,2.4259,0,0,1.47288,0.167741,0.36288,3.6288,61.308,0.397294,0,0,0.738115,0.206205,0.134615,0.66528,12.849,1,0.474591,0.36288,0,36.3183,4.24756,31.959,0.84672,12.849,0.84672,3695.15,0,18.483,0.0598877,0.774006,1.75506,4.08162,1.1124,5.4384,0.42336,9.2415,0.21168,9.2415,0.21168,442.007,0,1.02816,0,0,1.80217,0.774006,1.028160,1,0,37.5321,0,0,0,37.5321,0
62.7094,2.41192,0,0,1.45502,0.165753,0.36288,3.6288,61.308,0.397319,0,0,0.795951,0.206205,0.192427,0.66528,12.849,1,0.48276,0.36288,0,35.2359,4.24756,30.8685,0.84672,12.849,0.84672,3695.15,0,18.483,0.0598914,0.740992,1.7551,4.42257,1.1124,5.74636,0.42336,9.2415,0.21168,9.2415,0.21168,442.007,0,1.02816,0,0,1.76915,0.740992,1.028160,1,0,36.8073,0,0,0,36.8073,0
61.1486,2.39743,0,0,1.36322,0.163762,0.36288,3.6288,61.308,0.397344,0,0,0.746868,0.206205,0.143318,0.66528,12.849,1,0.491227,0.36288,0,32.8762,4.24756,28.5003,0.84672,12.849,0.84672,3695.15,0,18.483,0.0598952,0.684012,1.75513,3.95445,1.1124,5.2213,0.42336,9.2415,0.21168,9.2415,0.21168,442.007,0,1.02816,0,0,1.71217,0.684012,1.028160,1,0,33.8649,0,0,0,33.8649,0
59.4579,2.38164,0,0,1.19802,0.144187,0.36288,3.6288,61.308,0.397368,0,0,0.708523,0.205577,0.105578,0.66528,12.849,1,0.500447,0.36288,0,28.2463,4.28198,23.8268,0.84672,12.849,0.84672,3695.15,0,18.483,0.0598989,0.505924,1.75516,3.72315,1.08419,4.84015,0.42336,9.2415,0.21168,9.2415,0.21168,442.007,0,1.02816,0,0,1.53408,0.505924,1.028160,1,0,28.7725,0,0,0,28.7725,0
57.5787,2.34267,0,0,0.925327,0.0989671,0.36288,3.6288,61.308,0.433784,0,0,0.691813,0.204004,0.0540251,0.66528,12.849,1,0.506257,0.36288,0,21.988,4.368,17.4766,0.84672,12.849,0.84672,3695.15,0,18.483,0.0653881,0.483512,1.7552,3.22517,1.01366,4.38482,0.42336,9.2415,0.21168,9.2415,0.21168,442.007,0,1.02816,0,0,1.51167,0.483512,1.028160,1,0,21.9155,0,0,0,21.9155,0
55.6365,2.32219,0,0,0.840041,0.0971792,0.36288,3.6288,61.308,0.43381,0,0,0.653556,0.204004,0.0157418,0.66528,12.849,1,0.518209,0.36288,0,21.3345,4.368,16.8112,0.84672,12.849,0.84672,3695.15,0,18.483,0.065392,0.335223,1.78214,3.03163,1.01366,4.06994,0.42336,9.2415,0.21168,9.2415,0.21168,442.007,0,1.02816,0,0,1.36338,0.335223,1.028160,1,0,20.8968,0,0,0,20.8968,0
53.6558,2.29997,0,0,0.769193,0.0870614,0.36288,3.6288,61.2702,0.433835,0,0,0.622009,0.225942,0,0.66528,12.849,1,0.531167,0.36288,0,18.8143,4.6503,13.9957,0.84672,12.849,0.84672,3695.15,0,18.483,0.0653958,0.279262,1.78218,2.94416,1.11671,3.82349,0.42336,9.2415,0.21168,9.2415,0.21168,442.007,0,1.02816,0,0,1.30742,0.279262,1.028160,1,0,17.8192,0,0,0,17.8192,0
51.6779,2.27613,0,0,0.726166,0.065074,0.36288,3.6288,61.1319,0.438052,0,0,0.580472,0.280721,0,0.66528,12.849,1,0.545068,0.36288,0,16.7338,5.35605,11.1955,0.84672,12.849,0.84672,3695.15,0,18.483,0.0660722,0.261274,1.78221,2.80836,1.37432,3.41145,0.42336,9.2415,0.21168,9.2415,0.21168,442.007,0,1.0233,0,0,1.28457,0.261274,1.028160,1,0,14.607,0,0,0,14.607,0
49.6428,2.30359,0,0,0.698198,0.0668005,0.36288,3.6288,60.9383,0.53927,0,0,0.660576,0.314955,0,0.66528,12.849,1,0.572755,0.36288,0,19.6633,5.84718,13.6062,0.84672,12.849,0.84672,3695.15,0,18.483,0.0815231,0.261274,1.78224,2.68739,1.44242,3.20696,0.42336,9.2415,0.21168,9.2415,0.21168,442.007,0,0.94398,0,0,1.20525,0.261274,1.028160,1,0,16.8132,0,0,0,16.8132,0
47.5917,2.27569,0,0,0.653348,0.0658835,0.36288,3.6288,60.7138,0.484109,0,0,0.579981,0.320309,0,0.66528,12.849,1,0.589015,0.36288,0,17.2498,5.92903,11.0946,0.84672,12.849,0.84672,3695.15,0,18.483,0.0734168,0.261274,1.82517,2.71854,1.45377,3.2778,0.42336,9.2415,0.21168,9.2415,0.21168,442.007,0,1.00728,0,0,1.26855,0.261274,1.028160,1,0,14.3724,0,0,0,14.3724,0
45.5292,2.24593,0,0,0.610759,0.0644359,0.36288,3.6288,60.352,0.578645,0,0,0.536612,0.319853,0,0.66528,12.849,1,0.606365,0.36288,0,16.402,5.92903,10.2295,0.84672,12.849,0.84672,3695.15,0,18.483,0.0880778,0.261274,1.8252,2.38542,1.45377,2.93005,0.42336,9.2415,0.21168,9.2415,0.21168,442.007,0,0.898111,0,0,1.15938,0.261274,1.028160,1,0,13.1595,0,0,0,13.1595,0
43.4917,2.21417,0,0,0.602552,0.0629792,0.36288,3.6288,60.1323,0.48107,0,0,0.580569,0.319119,0,0.66528,12.849,1,0.624872,0.36288,0,15.2194,5.92903,9.02842,0.84672,12.849,0.84672,3695.15,0,18.483,0.0736647,0.227405,1.82524,2.69764,1.45377,3.22285,0.42336,9.2415,0.21168,9.2415,0.21168,442.007,0,1.01013,0,0,1.23753,0.227405,1.028160,1,0,12.2513,0,0,0,12.2513,0
41.3869,2.28769,0,0,0.598508,0.0527217,0.36288,3.6288,59.8236,0.595892,0,0,0.600521,0.313336,0,0.66528,12.849,1,0.675866,0.36288,0,14.7275,6.35715,8.05735,0.84672,12.849,0.84672,3695.15,0,18.483,0.0915803,0.227405,1.82527,3.1402,1.55748,3.54381,0.42336,9.2415,0.21168,9.2415,0.21168,442.007,0,0.983811,0,0,1.21122,0.227405,1.028160,1,0,11.6012,0,0,0,11.6012,0
39.2643,2.24921,0,0,0.538364,0.0488867,0.36288,3.6288,59.4982,0.611661,0,0,0.61215,0.325915,0,0.66528,12.849,1,0.69829,0.36288,0,14.1617,6.77229,7.05404,0.84672,12.849,0.84672,3695.15,0,18.483,0.0944888,0.227405,1.9377,2.28576,1.64458,2.7118,0.42336,9.2415,0.21168,9.2415,0.21168,442.007,0,0.965166,0,0,1.19257,0.227405,1.028160,1,0,9.76584,0,0,0,9.76584,0
37.1185,2.20772,0,0,0.472441,0.04768,0.36288,3.6288,59.1063,0.657226,0,0,0.590566,0.325238,0,0.66528,12.849,1,0.722462,0.36288,0,18.0022,6.77229,10.8703,0.84672,12.849,0.84672,3695.15,0,18.483,0.102083,0.227405,1.93774,2.19498,1.64458,2.61346,0.42336,9.2415,0.21168,9.2415,0.21168,442.007,0,0.912038,0,0,1.13944,0.227405,1.028160,1,0,13.4838,0,0,0,13.4838,0
34.9922,2.19942,0,0,0.482508,0.0464999,0.36288,3.6288,58.8539,0.605459,0,0,0.677436,0.324423,0,0.66528,12.849,1,0.761354,0.36288,0,15.5945,6.77229,8.42374,0.84672,12.849,0.84672,3695.15,0,18.483,0.0946659,0.204422,1.93778,2.27943,1.64458,2.68238,0.42336,9.2415,0.21168,9.2415,0.21168,442.007,0,0.999596,0,0,1.20402,0.204422,1.028160,1,0,11.1061,0,0,0,11.1061,0
32.9344,2.1507,0,0,0.499837,0.0440292,0.36288,3.6288,58.6161,0.580449,0,0,0.659863,0.317161,0,0.66528,12.849,1,0.789729,0.36288,0,16.2531,6.5641,9.26218,0.84672,12.849,0.84672,3695.15,0,18.483,0.0911447,0.411195,1.97067,2.79335,1.6062,3.47787,0.42336,9.2415,0.21168,9.2415,0.21168,442.007,0,1.02816,0,0,1.43935,0.411195,1.028160,1,0,12.74,0,0,0,12.74,0
31.6899,1.968,0,0,1.12165,0.0353168,0.36288,3.6288,58.8006,0.462902,0,0,0.923749,0.27632,0,0.66528,12.849,1,0.767793,0.36288,0,20.8504,5.31499,15.1305,0.84672,12.849,0.84672,3695.15,0,18.483,0.0729817,0.751317,1.97071,3.54992,1.37592,4.82304,0.42336,9.2415,0.21168,9.2415,0.21168,442.007,0,1.02816,0,0,1.77948,0.751317,1.028160,1,0,19.9535,0,0,0,19.9535,0
29.8719,1.97091,0,0,0.550626,0.0347699,0.36288,3.6288,58.4674,0.622951,0,0,0.566362,0.276648,0,0.66528,12.849,1,0.799127,0.36288,0,21.007,5.31499,15.2558,0.84672,12.849,0.84672,3695.15,0,18.483,0.0979072,0.204422,1.82455,2.03551,1.37592,2.59065,0.42336,9.2415,0.21168,9.2415,0.21168,442.007,0,0.870195,0,0,1.07462,0.204422,1.028160,1,0,17.8464,0,0,0,17.8464,0
28.1185,1.92288,0,0,0.566311,0.0339515,0.36288,3.6288,58.0365,0.770144,0,0,0.615247,0.276056,0,0.66528,12.849,1,0.827101,0.36288,0,13.6998,5.31499,7.92054,0.84672,12.849,0.84672,3695.15,0,18.483,0.121731,0.216518,1.85606,1.65105,1.37592,2.22598,0.42336,9.2415,0.21168,9.2415,0.21168,442.007,0,0.699209,0,0,0.915728,0.216518,1.028160,1,0,10.1465,0,0,0,10.1465,0
27.3933,1.84149,0,0,1.58242,0.103282,0.36288,3.6288,58.4325,0.46235,0,0,1.14507,0.286647,0,0.66528,12.849,1,0.841486,0.36288,0,22.3093,4.66331,17.1674,0.84672,12.849,0.84672,3695.15,0,18.483,0.0736229,1.36043,1.8561,5.09222,1.22809,7.00703,0.42336,9.2415,0.21168,9.2415,0.21168,442.007,0,1.02816,0,0,2.38859,1.36043,1.028160,1,0,24.1745,0,0,0,24.1745,0
26.6805,1.80389,0,0,1.60066,0.146645,0.36288,3.6288,58.6395,0.422893,0,0,0.892987,0.26307,0,0.66528,12.849,1,0.846126,0.36288,0,39.1747,4.5019,34.1896,0.84672,12.849,0.84672,3695.15,0,18.483,0.0668834,0.679648,1.82466,4.75969,1.06973,6.12738,0.42336,9.2415,0.21168,9.2415,0.21168,442.007,0,1.02816,0,0,1.70781,0.679648,1.028160,1,0,40.3169,0,0,0,40.3169,0
25.6793,1.79142,0,0,1.31396,0.16094,0.36288,3.6288,58.3957,0.662416,0,0,0.668965,0.250428,0,0.66528,12.849,1,0.84672,0.36288,0,29.0483,4.44056,24.1239,0.84672,12.849,0.84672,3695.15,0,18.483,0.104396,0.216518,1.78342,4.51665,1.01483,5.39736,0.42336,9.2415,0.21168,9.2415,0.21168,442.007,0,0.751153,0,0,0.967671,0.216518,1.028160,1,0,29.5213,0,0,0,29.5213,0
26.2507,1.77695,0,0,2.86992,0.15868,0.36288,3.6288,58.8843,0.422907,0,0,1.16162,0.250036,0,0.66528,12.849,1,0.84672,0.36288,0,40.9908,4.44056,36.0664,0.84672,12.849,0.84672,3695.15,0,18.483,0.0669278,0.869918,1.78345,6.46182,1.01483,8.03343,0.42336,9.2415,0.21168,9.2415,0.21168,442.007,0,1.02816,0,0,1.89808,0.869918,1.028160,1,0,44.0999,0,0,0,44.0999,0
30.0517,1.784,0,0,6.10789,0.15997,0.36288,3.6288,60.6178,0.423412,0,0,2.40773,0.250823,0,0.66528,12.849,1,0.84672,0.36288,0,89.5809,4.44056,84.6565,0.84672,12.849,0.84672,3695.15,0,18.483,0.0664516,3.50833,1.78348,10.4894,1.01483,14.7,0.42336,9.2415,0.21168,9.2415,0.21168,442.007,0,1.02816,0,0,4.53649,3.50833,1.028160,1,0,99.3565,0,0,0,99.3565,0
31.8196,1.73675,0,0,4.05038,0.182928,0.36288,3.6288,61.308,0.292774,0,0,1.70326,0.209151,0.511184,0.66528,12.849,1,0.74257,0.36288,0,64.0062,3.94134,59.6852,0.84672,12.849,0.84672,3695.15,0,18.483,0.0446349,1.96072,1.78352,6.83732,0.934735,9.60218,0.42336,9.2415,0.21168,9.2415,0.21168,442.007,0,1.02816,0,0,2.98888,1.96072,1.028160,1,0,69.7986,0,0,0,69.7986,0
33.1668,1.77865,0,0,3.68483,0.196013,0.36288,3.6288,61.308,0.293234,0,0,1.99137,0.145126,1.55301,0.66528,12.849,1,0.718233,0.36288,0,92.9379,3.41901,89.1635,0.84672,12.849,0.84672,3695.15,0,18.483,0.0442017,1.90382,1.61975,9.76254,0.877433,12.3645,0.42336,9.2415,0.21168,9.2415,0.21168,442.007,0,1.02816,0,0,2.93198,1.90382,1.028160,1,0,103.081,0,0,0,103.081,0
37.3542,1.80879,0,0,6.55833,0.199345,0.36288,3.6288,61.308,0.293256,0,0,5.00864,0.145126,4.57026,0.66528,12.849,1,0.700735,0.36288,0,127.43,3.41901,123.674,0.84672,12.849,0.84672,3695.15,0,18.483,0.0442051,5.51943,1.61978,18.1367,0.877433,24.3543,0.42336,9.2415,0.21168,9.2415,0.21168,442.007,0,1.02816,0,0,6.54759,5.51943,1.028160,1,0,152.598,0,0,0,152.598,0
39.4639,1.9258,0,0,4.60347,0.205007,0.36288,3.6288,61.308,0.313403,0,0,2.48415,0.16565,2.00509,0.66528,12.849,1,0.662433,0.36288,0,138.152,3.5948,134.258,0.84672,12.849,0.84672,3695.15,0,18.483,0.047242,2.95002,1.61981,13.6916,0.912755,17.3015,0.42336,9.2415,0.21168,9.2415,0.21168,442.007,0,1.02816,0,0,3.97818,2.95002,1.028160,1,0,153.564,0,0,0,153.564,0
40.6874,1.93211,0,0,3.7431,0.224619,0.36288,3.6288,61.308,0.293302,0,0,1.99599,0.283375,1.41931,0.66528,12.849,1,0.629073,0.36288,0,114.008,5.52731,108.215,0.84672,12.849,0.84672,3695.15,0,18.483,0.044212,1.9771,1.64731,9.21024,1.49371,11.2967,0.42336,9.2415,0.21168,9.2415,0.21168,442.007,0,1.02816,0,0,3.00526,1.9771,1.028160,1,0,120.931,0,0,0,120.931,0
46.2595,2.01441,0,0,8.18001,0.230648,0.36288,3.6288,61.308,0.331696,0,0,3.06541,0.172013,2.5617,0.66528,12.849,1,0.636147,0.36288,0,177.067,3.04196,173.752,0.84672,12.849,0.84672,3695.15,0,18.483,0.0499995,3.96419,1.61987,18.6213,0.940848,23.2145,0.42336,9.2415,0.21168,9.2415,0.21168,442.007,0,1.02816,0,0,4.99235,3.96419,1.028160,1,0,199.528,0,0,0,199.528,0
51.0525,2.13927,0,0,7.54108,0.245888,0.36288,3.6288,61.308,0.352488,0,0,2.94891,0.172013,2.42441,0.66528,12.849,1,0.594202,0.36288,0,207.732,3.04196,204.459,0.84672,12.849,0.84672,3695.15,0,18.483,0.0531336,4.134,1.67171,17.8719,0.940848,22.6837,0.42336,9.2415,0.21168,9.2415,0.21168,442.007,0,1.02816,0,0,5.16216,4.134,1.028160,1,0,229.567,0,0,0,229.567,0
58.6748,2.20624,0,0,10.4503,0.258956,0.36288,3.6288,61.308,0.352504,0,0,2.70862,0.172013,2.18411,0.66528,12.849,1,0.555271,0.36288,0,218.385,3.04196,215.151,0.84672,12.849,0.84672,3695.15,0,18.483,0.0531361,3.95396,1.70008,19.3516,0.940848,24.0117,0.42336,9.2415,0.21168,9.2415,0.21168,442.007,0,1.02816,0,0,4.98212,3.95396,1.028160,1,0,241.347,0,0,0,241.347,0
66.7429,2.29637,0,0,10.9998,0.272442,0.36288,3.6288,61.308,0.35252,0,0,3.67057,0.199711,3.11833,0.66528,12.849,1,0.502874,0.36288,0,349.236,3.65935,345.436,0.84672,12.849,0.84672,3695.15,0,18.483,0.0531385,4.99588,1.7001,23.6966,0.989871,29.3496,0.42336,9.2415,0.21168,9.2415,0.21168,442.007,0,1.02816,0,0,6.02404,4.99588,1.028160,1,0,377.904,0,0,0,377.904,0
71.9322,2.60656,0,0,8.47099,0.312232,0.36288,3.6288,61.308,0.499041,0,0,3.26723,0.192285,2.57591,0.66528,12.849,1,0.501802,0.36288,0,227.457,3.83865,223.479,0.84672,12.849,0.84672,3695.15,0,18.483,0.0752249,4.12055,1.70013,17.0527,1.0934,21.7047,0.42336,9.2415,0.21168,9.2415,0.21168,442.007,0,1.02816,0,0,5.14871,4.12055,1.028160,1,0,247.76,0,0,0,247.76,0
72.29,2.65421,0,0,5.4602,0.343942,2.10423,3.6288,61.308,0.499059,0,0,2.18386,0.187454,1.49735,0.66528,12.849,1,0.474113,2.10423,0,156.627,3.90474,154.352,0.84672,12.849,0.84672,3695.15,0,18.483,0.0752276,3.13702,1.88818,12.5995,1.18101,16.3684,0.42336,9.2415,0.21168,9.2415,0.21168,442.007,0,1.02816,0,0,4.16518,3.13702,1.028160,1,0,172.218,0,0,0,172.218,0
72.29,2.65734,0,0,8.13047,0.337086,5.13605,3.6288,61.308,0.499077,0,0,3.38859,0.204052,2.68546,0.66528,12.849,1,0.472322,5.13605,0,212.906,4.29786,213.272,0.84672,12.849,0.84672,3695.15,0,18.483,0.0752304,4.93328,1.8882,23.2351,1.30399,28.6774,0.42336,9.2415,0.21168,9.2415,0.21168,442.007,0,1.02816,0,0,5.96144,4.93328,1.028160,1,0,244.635,0,0,0,244.635,0
72.29,2.65737,0,0,7.08229,0.331387,4.09354,3.6288,61.308,0.499095,0,0,3.48645,0.196334,2.79102,0.66528,12.849,1,0.472328,4.09354,0,197.6,4.3926,196.829,0.84672,12.849,0.84672,3695.15,0,18.483,0.0752331,5.54928,1.88823,23.308,1.27962,29.3907,0.42336,9.2415,0.21168,9.2415,0.21168,442.007,0,1.02816,0,0,6.57744,5.54928,1.028160,1,0,229.011,0,0,0,229.011,0
72.29,2.32056,0,0,4.62146,0.324323,1.97657,3.6288,61.308,0.302492,0,0,1.89979,0.192195,1.4051,0.66528,12.849,1,0.412463,1.97657,0,143.824,4.37826,141.01,0.84672,12.849,0.84672,3695.15,0,18.483,0.0455973,2.46917,1.88825,10.2121,1.15778,13.3662,0.42336,9.2415,0.21168,9.2415,0.21168,442.007,0,1.02816,0,0,3.49733,2.46917,1.028160,1,0,155.781,0,0,0,155.781,0
72.29,2.32059,0,0,4.66949,0.321267,2.02763,3.6288,61.308,0.302508,0,0,1.675,0.194369,1.17813,0.66528,12.849,1,0.412468,2.02763,0,114.827,4.4561,111.986,0.84672,12.849,0.84672,3695.15,0,18.483,0.0455997,1.32119,1.63105,5.86702,1.13979,7.63388,0.42336,9.2415,0.21168,9.2415,0.21168,442.007,0,1.02816,0,0,2.34935,1.32119,1.028160,1,0,120.798,0,0,0,120.798,0
72.29,2.32062,0,0,6.08015,0.321267,3.43826,3.6288,61.308,0.302523,0,0,2.43416,0.194369,1.93727,0.66528,12.849,1,0.412473,3.43826,0,118.517,4.4561,117.087,0.84672,12.849,0.84672,3695.15,0,18.483,0.045602,2.36661,1.63107,13.1193,1.13979,15.9315,0.42336,9.2415,0.21168,9.2415,0.21168,442.007,0,1.02816,0,0,3.39477,2.36661,1.028160,1,0,134.956,0,0,0,134.956,0
72.29,2.32065,0,0,4.44943,0.321267,1.80751,3.6288,61.308,0.302539,0,0,2.15242,0.194369,1.65552,0.66528,12.849,1,0.412479,1.80751,0,104.941,4.4561,101.88,0.84672,12.849,0.84672,3695.15,0,18.483,0.0456044,2.37535,1.6311,7.80358,1.13979,10.6246,0.42336,9.2415,0.21168,9.2415,0.21168,442.007,0,1.02816,0,0,3.40351,2.37535,1.028160,1,0,114.161,0,0,0,114.161,0
72.29,2.32068,0,0,8.84287,0.294802,6.22738,3.6288,61.308,0.302554,0,0,3.18927,0.185318,2.70139,0.66528,12.849,1,0.412484,6.22738,0,157.283,4.28938,158.809,0.84672,12.849,0.84672,3695.15,0,18.483,0.0456067,3.92712,1.63112,19.015,1.1101,23.4175,0.42336,9.2415,0.21168,9.2415,0.21168,442.007,0,1.02816,0,0,4.95528,3.92712,1.028160,1,0,184.928,0,0,0,184.928,0
72.29,2.40551,0,0,5.63957,0.294606,2.93946,3.6288,61.308,0.350674,0,0,1.68147,0.215241,1.11556,0.66528,12.849,1,0.427561,2.93946,0,100.938,4.50986,98.9397,0.84672,12.849,0.84672,3695.15,0,18.483,0.0528602,1.46705,1.63114,10.9314,1.10729,12.8695,0.42336,9.2415,0.21168,9.2415,0.21168,442.007,0,1.02816,0,0,2.49521,1.46705,1.028160,1,0,112.925,0,0,0,112.925,0
72.29,2.40554,0,0,7.6013,0.294606,4.90115,3.6288,61.308,0.35069,0,0,3.95839,0.215241,3.39246,0.66528,12.849,1,0.427566,4.90115,0,198.32,4.50986,198.284,0.84672,12.849,0.84672,3695.15,0,18.483,0.0528626,4.35288,1.69467,20.5773,1.10729,25.4647,0.42336,9.2415,0.21168,9.2415,0.21168,442.007,0,1.02816,0,0,5.38104,4.35288,1.028160,1,0,227.141,0,0,0,227.141,0
72.29,2.40557,0,0,5.34799,0.294606,2.64781,3.6288,61.308,0.350706,0,0,1.59124,0.215241,1.02529,0.66528,12.849,1,0.427572,2.64781,0,174.881,4.50986,172.592,0.84672,12.849,0.84672,3695.15,0,18.483,0.0528651,1.84066,1.69469,9.2486,1.10729,11.6238,0.42336,9.2415,0.21168,9.2415,0.21168,442.007,0,1.02816,0,0,2.86882,1.84066,1.028160,1,0,185.241,0,0,0,185.241,0
72.29,2.4056,0,0,4.81043,0.294606,2.11022,3.6288,61.308,0.350722,0,0,1.29162,0.215241,0.725656,0.66528,12.849,1,0.427578,2.11022,0,142.779,4.50986,139.952,0.84672,12.849,0.84672,3695.15,0,18.483,0.0528675,1.37114,1.69472,7.75259,1.10729,9.65828,0.42336,9.2415,0.21168,9.2415,0.21168,442.007,0,1.02816,0,0,2.3993,1.37114,1.028160,1,0,150.336,0,0,0,150.336,0
72.29,2.37248,0,0,4.65657,0.220745,2.06335,3.6288,61.308,0.332054,0,0,1.86085,0.23941,1.28938,0.66528,12.849,1,0.42169,2.06335,0,126.67,4.42397,123.888,0.84672,12.849,0.84672,3695.15,0,18.483,0.0500535,2.38048,1.69474,9.03796,1.17688,11.8862,0.42336,9.2415,0.21168,9.2415,0.21168,442.007,0,1.02816,0,0,3.40864,2.38048,1.028160,1,0,137.063,0,0,0,137.063,0
72.29,2.37251,0,0,4.37598,0.218173,1.7853,3.6288,61.308,0.33207,0,0,1.77316,0.237045,1.20405,0.66528,12.849,1,0.421695,1.7853,0,115.456,4.28369,112.536,0.84672,12.849,0.84672,3695.15,0,18.483,0.0500559,2.27799,1.67004,8.53468,1.16525,11.2674,0.42336,9.2415,0.21168,9.2415,0.21168,442.007,0,1.02816,0,0,3.30615,2.27799,1.028160,1,0,125.008,0,0,0,125.008,0
72.29,2.37254,0,0,4.26028,0.218173,1.66957,3.6288,61.308,0.332086,0,0,1.74171,0.237045,1.17258,0.66528,12.849,1,0.421701,1.66957,0,89.3376,4.28369,86.3018,0.84672,12.849,0.84672,3695.15,0,18.483,0.0500583,2.25571,1.67006,8.57416,1.16525,11.2846,0.42336,9.2415,0.21168,9.2415,0.21168,442.007,0,1.02816,0,0,3.28387,2.25571,1.028160,1,0,98.759,0,0,0,98.759,0
72.29,2.37257,0,0,3.96969,0.181442,1.41568,3.6288,61.308,0.332102,0,0,1.52916,0.231226,0.965831,0.66528,12.849,1,0.421706,1.41568,0,74.1234,3.32248,71.7949,0.84672,12.849,0.84672,3695.15,0,18.483,0.0500607,1.88527,1.67008,7.50816,0.981518,10.0319,0.42336,9.2415,0.21168,9.2415,0.21168,442.007,0,1.02816,0,0,2.91343,1.88527,1.028160,1,0,82.7927,0,0,0,82.7927,0
72.29,2.48515,0,0,3.72571,0.153459,1.0871,3.6288,61.308,0.39838,0,0,1.42231,0.234842,0.789086,0.66528,12.849,1,0.441717,1.0871,0,69.1139,3.43566,66.3236,0.84672,12.849,0.84672,3695.15,0,18.483,0.0600514,1.75891,1.6701,6.98941,0.955536,9.40284,0.42336,9.2415,0.21168,9.2415,0.21168,442.007,0,1.02816,0,0,2.78707,1.75891,1.028160,1,0,76.5155,0,0,0,76.5155,0
72.29,2.48518,0,0,3.80404,0.135739,1.18312,3.6288,61.308,0.398397,0,0,1.61398,0.242765,0.972815,0.66528,12.849,1,0.441722,1.18312,0,86.2773,4.0992,82.9195,0.84672,12.849,0.84672,3695.15,0,18.483,0.0600539,1.86824,1.75657,6.88902,1.01888,9.43489,0.42336,9.2415,0.21168,9.2415,0.21168,442.007,0,1.02816,0,0,2.8964,1.86824,1.028160,1,0,93.3272,0,0,0,93.3272,0
72.29,2.48521,0,0,3.41487,0.135739,0.793912,3.6288,61.308,0.398414,0,0,1.33258,0.242765,0.691402,0.66528,12.849,1,0.441728,0.793912,0,71.1521,4.0992,67.4051,0.84672,12.849,0.84672,3695.15,0,18.483,0.0600565,1.65199,1.7566,6.04011,1.01888,8.36975,0.42336,9.2415,0.21168,9.2415,0.21168,442.007,0,1.02816,0,0,2.68015,1.65199,1.028160,1,0,76.4663,0,0,0,76.4663,0
72.29,2.48525,0,0,3.1588,0.135739,0.537816,3.6288,61.308,0.398431,0,0,1.27328,0.242765,0.632081,0.66528,12.849,1,0.441734,0.537816,0,65.5906,4.0992,61.5874,0.84672,12.849,0.84672,3695.15,0,18.483,0.060059,1.55677,1.75662,5.91419,1.01888,8.14864,0.42336,9.2415,0.21168,9.2415,0.21168,442.007,0,1.02816,0,0,2.58493,1.55677,1.028160,1,0,70.3682,0,0,0,70.3682,0
72.2475,2.48528,0,0,2.93043,0.12479,0.36288,3.6288,61.308,0.398448,0,0,1.11495,0.253458,0.463044,0.66528,12.849,1,0.44174,0.36288,0,61.2242,4.40832,56.737,0.84672,12.849,0.84672,3695.15,0,18.483,0.0600615,1.23607,1.75664,5.4834,1.06624,7.34982,0.42336,9.2415,0.21168,9.2415,0.21168,442.007,0,1.02816,0,0,2.26423,1.23607,1.028160,1,0,64.5498,0,0,0,64.5498,0
71.9073,2.46271,0,0,2.62516,0.139736,0.36288,3.6288,61.308,0.434885,0,0,0.86476,0.254725,0.175149,0.66528,12.849,1,0.437986,0.36288,0,48.1211,5.07665,42.9693,0.84672,12.849,0.84672,3695.15,0,18.483,0.0655542,0.69025,1.75666,4.10431,1.21978,5.26589,0.42336,9.2415,0.21168,9.2415,0.21168,442.007,0,1.02816,0,0,1.71841,0.69025,1.028160,1,0,48.4104,0,0,0,48.4104,0
71.4961,2.46002,0,0,2.47353,0.0618334,0.36288,3.6288,61.308,0.434903,0,0,0.869901,0.283782,0.151217,0.66528,12.849,1,0.439577,0.36288,0,45.02,5.30103,39.6423,0.84672,12.849,0.84672,3695.15,0,18.483,0.0655567,0.67138,1.78362,4.14864,1.28643,5.25166,0.42336,9.2415,0.21168,9.2415,0.21168,442.007,0,1.02816,0,0,1.69954,0.67138,1.028160,1,0,45.0452,0,0,0,45.0452,0
70.8981,2.45673,0,0,2.28331,0.061706,0.36288,3.6288,61.308,0.43492,0,0,0.860846,0.283782,0.142145,0.66528,12.849,1,0.441514,0.36288,0,41.1645,5.30103,35.7848,0.84672,12.849,0.84672,3695.15,0,18.483,0.0655594,0.635766,1.78364,3.80627,1.28643,4.8737,0.42336,9.2415,0.21168,9.2415,0.21168,442.007,0,1.02816,0,0,1.66393,0.635766,1.028160,1,0,40.8007,0,0,0,40.8007,0
70.1561,2.45188,0,0,2.13417,0.0613585,0.36288,3.6288,61.308,0.434937,0,0,0.866022,0.283782,0.147303,0.66528,12.849,1,0.444359,0.36288,0,38.272,5.30103,32.8895,0.84672,12.849,0.84672,3695.15,0,18.483,0.065562,0.710061,1.78367,3.67928,1.28643,4.82102,0.42336,9.2415,0.21168,9.2415,0.21168,442.007,0,1.02816,0,0,1.73822,0.710061,1.028160,1,0,37.8578,0,0,0,37.8578,0
69.5169,2.50285,0,0,2.29759,0.0710821,0.36288,3.6288,61.2705,0.467415,0,0,0.727134,0.297214,0,0.66528,12.849,1,0.458393,0.36288,0,36.4241,5.6464,30.6822,0.84672,12.849,0.84672,3695.15,0,18.483,0.0704577,0.537486,1.78369,3.04582,1.36225,3.93428,0.42336,9.2415,0.21168,9.2415,0.21168,442.007,0,1.02816,0,0,1.56565,0.537486,1.028160,1,0,34.6164,0,0,0,34.6164,0
68.6669,2.49738,0,0,2.08494,0.074741,0.36288,3.6288,61.1377,0.467396,0,0,0.63707,0.302515,0,0.66528,12.849,1,0.461598,0.36288,0,33.8774,5.78455,27.9941,0.84672,12.849,0.84672,3695.15,0,18.483,0.0704978,0.403177,1.82664,2.8093,1.39258,3.57604,0.42336,9.2415,0.21168,9.2415,0.21168,442.007,0,1.02816,0,0,1.43134,0.403177,1.028160,1,0,31.5701,0,0,0,31.5701,0
67.646,2.48998,0,0,1.90623,0.0742485,0.36288,3.6288,60.9835,0.46728,0,0,0.615397,0.302261,0,0.66528,12.849,1,0.465927,0.36288,0,31.8149,5.78455,25.9273,0.84672,12.849,0.84672,3695.15,0,18.483,0.0706335,0.290658,1.82666,2.67666,1.39258,3.33077,0.42336,9.2415,0.21168,9.2415,0.21168,442.007,0,1.02816,0,0,1.31882,0.290658,1.028160,1,0,29.2581,0,0,0,29.2581,0
66.3802,2.4809,0,0,1.63579,0.0578338,0.36288,3.6288,60.8209,0.467143,0,0,0.612881,0.308315,0,0.66528,12.849,1,0.471234,0.36288,0,30.347,6.04386,24.1948,0.84672,12.849,0.84672,3695.15,0,18.483,0.0707913,0.27775,1.82669,2.65968,1.40785,3.28547,0.42336,9.2415,0.21168,9.2415,0.21168,442.007,0,1.02816,0,0,1.30591,0.27775,1.028160,1,0,27.4803,0,0,0,27.4803,0
64.9212,2.63426,0,0,1.60849,0.0703433,0.36288,3.6288,60.4967,0.584047,0,0,0.564125,0.304309,0,0.66528,12.849,1,0.509905,0.36288,0,27.6045,6.13129,21.3261,0.84672,12.849,0.84672,3695.15,0,18.483,0.0887436,0.229971,1.82671,2.74279,1.33192,3.3788,0.42336,9.2415,0.21168,9.2415,0.21168,442.007,0,1.02816,0,0,1.25813,0.229971,1.028160,1,0,24.7049,0,0,0,24.7049,0
63.9216,2.61959,0,0,2.06009,0.0771716,0.36288,3.6288,60.1101,0.583653,0,0,0.519632,0.322562,0,0.66528,12.849,1,0.518462,0.36288,0,26.9804,6.69207,20.1327,0.84672,12.849,0.84672,3695.15,0,18.483,0.0891591,0.25107,1.9721,2.92541,1.4388,3.62062,0.42336,9.2415,0.21168,9.2415,0.21168,442.007,0,1.02816,0,0,1.27923,0.25107,1.028160,1,0,23.7534,0,0,0,23.7534,0
62.6807,2.60927,0,0,1.80782,0.0765517,0.36288,3.6288,59.6776,0.612052,0,0,0.501311,0.321769,0,0.66528,12.849,1,0.524494,0.36288,0,34.2969,6.69207,27.4432,0.84672,12.849,0.84672,3695.15,0,18.483,0.0940986,0.227405,1.97212,2.80922,1.4388,3.47585,0.42336,9.2415,0.21168,9.2415,0.21168,442.007,0,0.994844,0,0,1.22225,0.227405,1.028160,1,0,30.9191,0,0,0,30.9191,0
61.4923,2.5961,0,0,1.84634,0.075782,0.36288,3.6288,59.3492,0.582632,0,0,0.575053,0.320883,0,0.66528,12.849,1,0.532178,0.36288,0,29.7096,6.69207,22.8482,0.84672,12.849,0.84672,3695.15,0,18.483,0.0902247,0.263365,1.97215,2.91731,1.4388,3.62381,0.42336,9.2415,0.21168,9.2415,0.21168,442.007,0,1.02816,0,0,1.29152,0.263365,1.028160,1,0,26.472,0,0,0,26.472,0
60.333,2.58313,0,0,1.86293,0.0762099,0.36288,3.6288,59.0329,0.582219,0,0,0.579408,0.3134,0,0.66528,12.849,1,0.539752,0.36288,0,30.1451,6.50723,23.461,0.84672,12.849,0.84672,3695.15,0,18.483,0.0906597,0.578897,1.97217,3.73142,1.36684,4.82499,0.42336,9.2415,0.21168,9.2415,0.21168,442.007,0,1.02816,0,0,1.60706,0.578897,1.028160,1,0,28.286,0,0,0,28.286,0
59.4414,2.49169,0,0,2.0362,0.0732105,0.36288,3.6288,58.7459,0.511387,0,0,0.50952,0.285185,0,0.66528,12.849,1,0.53065,0.36288,0,32.8304,6.89,25.7726,0.84672,12.849,0.84672,3695.15,0,18.483,0.0800568,0.204422,1.9722,2.41017,1.56177,2.94497,0.42336,9.2415,0.21168,9.2415,0.21168,442.007,0,1.02777,0,0,1.23219,0.204422,1.028160,1,0,28.7176,0,0,0,28.7176,0
60.0118,2.48175,0,0,3.48757,0.0725902,0.36288,3.6288,58.7383,0.510732,0,0,0.787827,0.28466,0,0.66528,12.849,1,0.53646,0.36288,0,31.7188,6.89,24.6552,0.84672,12.849,0.84672,3695.15,0,18.483,0.0803448,1.26338,1.88892,3.65719,1.56177,5.16737,0.42336,9.2415,0.21168,9.2415,0.21168,442.007,0,1.02816,0,0,2.29154,1.26338,1.028160,1,0,29.8226,0,0,0,29.8226,0
58.7998,2.48819,0,0,1.71207,0.0729883,0.36288,3.6288,58.426,0.510741,0,0,0.483021,0.284646,0,0.66528,12.849,1,0.53274,0.36288,0,31.9572,6.89,24.8973,0.84672,12.849,0.84672,3695.15,0,18.483,0.0803566,0.355666,1.88894,2.09701,1.56177,2.69949,0.42336,9.2415,0.21168,9.2415,0.21168,442.007,0,1.02816,0,0,1.38383,0.355666,1.028160,1,0,27.5968,0,0,0,27.5968,0
57.6511,2.47449,0,0,1.76083,0.0721424,0.36288,3.6288,58.0997,0.56689,0,0,0.524721,0.284075,0,0.66528,12.849,1,0.540729,0.36288,0,20.8408,6.89,13.773,0.84672,12.849,0.84672,3695.15,0,18.483,0.0896676,0.216518,1.88897,1.70092,1.56177,2.15497,0.42336,9.2415,0.21168,9.2415,0.21168,442.007,0,0.962721,0,0,1.17924,0.216518,1.028160,1,0,15.9279,0,0,0,15.9279,0
56.3776,2.39756,0,0,1.66958,0.18272,0.36288,3.6288,57.6408,0.642298,0,0,0.407411,0.224079,0,0.66528,12.849,1,0.534356,0.36288,0,26.1075,4.64338,21.2926,0.84672,12.849,0.84672,3695.15,0,18.483,0.102166,0.216518,1.88899,2.48831,1.22081,3.27084,0.42336,9.2415,0.21168,9.2415,0.21168,442.007,0,0.800332,0,0,1.01685,0.216518,1.028160,1,0,24.5635,0,0,0,24.5635,0
55.1077,2.38268,0,0,1.67223,0.196571,0.36288,3.6288,57.5744,0.445267,0,0,0.557508,0.178588,0,0.66528,12.849,1,0.543036,0.36288,0,24.4586,3.43917,20.8393,0.84672,12.849,0.84672,3695.15,0,18.483,0.0713893,0.622412,1.81497,2.83971,1.05485,4.15085,0.42336,9.2415,0.21168,9.2415,0.21168,442.007,0,1.02816,0,0,1.65057,0.622412,1.028160,1,0,24.9902,0,0,0,24.9902,0
56.6461,2.36735,0,0,4.46274,0.194098,0.36288,3.6288,58.316,0.445213,0,0,1.3653,0.178511,0,0.66528,12.849,1,0.551976,0.36288,0,71.8807,3.43917,68.2525,0.84672,12.849,0.84672,3695.15,0,18.483,0.0714629,2.06008,1.815,5.36128,1.05485,8.11003,0.42336,9.2415,0.21168,9.2415,0.21168,442.007,0,1.02816,0,0,3.08824,2.06008,1.028160,1,0,76.3625,0,0,0,76.3625,0
56.2555,2.38592,0,0,2.59611,0.237876,0.36288,3.6288,58.5535,0.446015,0,0,0.83154,0.148025,0,0.66528,12.849,1,0.541198,0.36288,0,40.0753,2.96364,36.9333,0.84672,12.849,0.84672,3695.15,0,18.483,0.0706812,0.389819,1.81502,3.23196,0.890017,4.4761,0.42336,9.2415,0.21168,9.2415,0.21168,442.007,0,1.02816,0,0,1.41798,0.389819,1.028160,1,0,41.4094,0,0,0,41.4094,0
57.9115,2.20198,0,0,4.44094,0.220091,0.36288,3.6288,59.0537,0.312255,0,0,0.985003,0.17249,0,0.66528,12.849,1,0.502941,0.36288,0,58.2381,3.3144,54.7836,0.84672,12.849,0.84672,3695.15,0,18.483,0.0492832,0.496878,1.81504,3.54347,0.859912,4.9462,0.42336,9.2415,0.21168,9.2415,0.21168,442.007,0,1.02816,0,0,1.52504,0.496878,1.028160,1,0,59.7298,0,0,0,59.7298,0
60.3997,2.2199,0,0,5.32464,0.253661,0.36288,3.6288,59.6612,0.312632,0,0,1.12304,0.202908,0,0.66528,12.849,1,0.492537,0.36288,0,72.3219,3.68876,68.5035,0.84672,12.849,0.84672,3695.15,0,18.483,0.0489247,1.38262,1.64837,3.64317,0.988831,5.63641,0.42336,9.2415,0.21168,9.2415,0.21168,442.007,0,1.02816,0,0,2.41078,1.38262,1.028160,1,0,74.1399,0,0,0,74.1399,0
61.0077,2.24547,0,0,3.47614,0.259792,0.36288,3.6288,59.7539,0.369853,0,0,0.666253,0.203698,0,0.66528,12.849,1,0.477686,0.36288,0,41.0387,3.68876,37.2351,0.84672,12.849,0.84672,3695.15,0,18.483,0.0572901,0.292723,1.64839,3.06341,0.988831,3.9584,0.42336,9.2415,0.21168,9.2415,0.21168,442.007,0,0.962591,0,0,1.25531,0.292723,1.028160,1,0,41.1935,0,0,0,41.1935,0
62.3146,2.25151,0,0,4.20275,0.281404,0.36288,3.6288,59.9245,0.313159,0,0,0.708652,0.224942,0,0.66528,12.849,1,0.474197,0.36288,0,41.6489,4.14589,37.3916,0.84672,12.849,0.84672,3695.15,0,18.483,0.048433,0.418867,1.64841,4.10804,1.13144,4.99546,0.42336,9.2415,0.21168,9.2415,0.21168,442.007,0,1.02816,0,0,1.44703,0.418867,1.028160,1,0,42.3871,0,0,0,42.3871,0
63.7235,2.26417,0,0,4.33579,0.299842,0.36288,3.6288,60.2191,0.313295,0,0,0.848915,0.241046,0,0.66528,12.849,1,0.466861,0.36288,0,66.7109,4.48875,62.1182,0.84672,12.849,0.84672,3695.15,0,18.483,0.048316,0.506537,1.64844,4.12438,1.23839,4.99265,0.42336,9.2415,0.21168,9.2415,0.21168,442.007,0,1.02816,0,0,1.5347,0.506537,1.028160,1,0,67.1108,0,0,0,67.1108,0
64.4904,2.27734,0,0,3.66395,0.256879,0.36288,3.6288,60.5679,0.3135,0,0,0.864743,0.202421,0,0.66528,12.849,1,0.459196,0.36288,0,81.2117,3.9555,77.1599,0.84672,12.849,0.84672,3695.15,0,18.483,0.0481111,0.892495,1.64846,7.39904,1.05047,8.84141,0.42336,9.2415,0.21168,9.2415,0.21168,442.007,0,1.02816,0,0,1.92065,0.892495,1.028160,1,0,86.0013,0,0,0,86.0013,0
64.6343,2.35592,0,0,3.11341,0.25069,0.36288,3.6288,60.8118,0.352742,0,0,0.793022,0.196343,0,0.66528,12.849,1,0.469392,0.36288,0,71.1305,3.86663,67.1574,0.84672,12.849,0.84672,3695.15,0,18.483,0.0538216,0.755749,1.64846,6.23996,1.01915,7.5712,0.42336,9.2415,0.21168,9.2415,0.21168,442.007,0,1.02816,0,0,1.78391,0.755749,1.028160,1,0,74.7286,0,0,0,74.7286,0
64.6944,2.35728,0,0,3.08406,0.303798,0.36288,3.6288,61.1767,0.352938,0,0,0.916592,0.198804,0,0.66528,12.849,1,0.468616,0.36288,0,61.8043,4.0642,57.6344,0.84672,12.849,0.84672,3695.15,0,18.483,0.0536355,0.706,1.7012,6.23124,1.1041,7.4807,0.42336,9.2415,0.21168,9.2415,0.21168,442.007,0,1.02816,0,0,1.73416,0.706,1.028160,1,0,65.1151,0,0,0,65.1151,0
65.2003,2.35785,0,0,3.54582,0.319214,0.36288,3.6288,61.308,0.353224,0,0,0.828472,0.192345,0.151583,0.66528,12.849,1,0.468295,0.36288,0,68.5454,3.85067,64.5894,0.84672,12.849,0.84672,3695.15,0,18.483,0.0533589,0.831194,1.70121,5.69097,0.920607,7.24941,0.42336,9.2415,0.21168,9.2415,0.21168,442.007,0,1.02816,0,0,1.85935,0.831194,1.028160,1,0,71.9904,0,0,0,71.9904,0
65.4577,2.36254,0,0,3.28267,0.299796,0.36288,3.6288,61.308,0.353332,0,0,0.772131,0.184859,0.23394,0.66528,12.849,1,0.465584,0.36288,0,59.9352,3.36669,56.4658,0.84672,12.849,0.84672,3695.15,0,18.483,0.0532609,0.673013,1.70122,5.17021,0.849561,6.64162,0.42336,9.2415,0.21168,9.2415,0.21168,442.007,0,1.02816,0,0,1.70117,0.673013,1.028160,1,0,63.3413,0,0,0,63.3413,0
64.7531,2.59557,0,0,2.56438,0.31053,0.36288,3.6288,61.0635,0.755865,0,0,0.676368,0.164961,0,0.66528,12.849,1,0.509497,0.36288,0,45.3897,3.22422,42.0189,0.84672,12.849,0.84672,3695.15,0,18.483,0.113938,0.503194,1.70123,5.3933,0.849786,6.634,0.42336,9.2415,0.21168,9.2415,0.21168,442.007,0,0.733657,0,0,1.23685,0.503194,1.028160,1,0,48.6529,0,0,0,48.6529,0
64.4624,2.58849,0,0,2.97524,0.314626,0.36288,3.6288,61.1565,0.499688,0,0,0.758117,0.165447,0,0.66528,12.849,1,0.513635,0.36288,0,55.9666,3.35664,52.4592,0.84672,12.849,0.84672,3695.15,0,18.483,0.075624,0.606908,1.8894,6.17269,0.902946,7.69043,0.42336,9.2415,0.21168,9.2415,0.21168,442.007,0,1.02816,0,0,1.63507,0.606908,1.028160,1,0,60.1497,0,0,0,60.1497,0
65.0433,2.58554,0,0,3.84322,0.313889,0.36288,3.6288,61.2369,0.499798,0,0,0.745701,0.165545,0,0.66528,12.849,1,0.515364,0.36288,0,81.9858,3.35664,78.4767,0.84672,12.849,0.84672,3695.15,0,18.483,0.0755255,0.729536,1.88941,6.80556,0.902946,8.44603,0.42336,9.2415,0.21168,9.2415,0.21168,442.007,0,1.02816,0,0,1.7577,0.729536,1.028160,1,0,86.9227,0,0,0,86.9227,0
64.9712,2.59146,0,0,3.17985,0.297623,0.36288,3.6288,61.1224,0.799148,0,0,0.842728,0.158012,0,0.66528,12.849,1,0.511931,0.36288,0,61.6313,3.23815,58.2441,0.84672,12.849,0.84672,3695.15,0,18.483,0.120603,0.608429,1.88942,6.79281,0.840183,8.32988,0.42336,9.2415,0.21168,9.2415,0.21168,442.007,0,0.683744,0,0,1.29217,0.608429,1.028160,1,0,66.574,0,0,0,66.574,0
66.2495,2.26236,0,0,4.17734,0.273814,0.36288,3.6288,61.308,0.303115,0,0,1.45465,0.147748,0.818234,0.66528,12.849,1,0.447414,0.36288,0,80.5974,3.08018,77.4327,0.84672,12.849,0.84672,3695.15,0,18.483,0.0458299,0.925327,1.88944,9.6431,0.756499,11.6555,0.42336,9.2415,0.21168,9.2415,0.21168,442.007,0,1.02816,0,0,1.95349,0.925327,1.028160,1,0,89.9064,0,0,0,89.9064,0
67.7911,2.2735,0,0,4.45465,0.276626,0.36288,3.6288,61.308,0.307891,0,0,1.12036,0.147922,0.664544,0.66528,12.849,1,0.440943,0.36288,0,65.3302,3.08018,62.172,0.84672,12.849,0.84672,3695.15,0,18.483,0.0464112,0.608429,1.63207,8.19521,0.756499,9.6328,0.42336,9.2415,0.21168,9.2415,0.21168,442.007,0,1.02281,0,0,1.63124,0.608429,1.028160,1,0,72.4693,0,0,0,72.4693,0
68.4035,2.28652,0,0,3.54178,0.280017,0.36288,3.6288,61.3027,0.707329,0,0,0.849908,0.147922,0,0.66528,12.849,1,0.433383,0.36288,0,74.3083,3.08018,71.1576,0.84672,12.849,0.84672,3695.15,0,18.483,0.106622,0.558835,1.63208,6.03579,0.756499,7.36358,0.42336,9.2415,0.21168,9.2415,0.21168,442.007,0,0.563173,0,0,1.12201,0.558835,1.028160,1,0,78.5212,0,0,0,78.5212,0
67.8784,2.29158,0,0,2.39973,0.27037,0.36288,3.6288,60.873,0.875106,0,0,0.587317,0.141901,0,0.66528,12.849,1,0.430453,0.36288,0,59.9442,2.99298,56.8837,0.84672,12.849,0.84672,3695.15,0,18.483,0.131924,0.558835,1.63209,5.45069,0.743973,6.76572,0.42336,9.2415,0.21168,9.2415,0.21168,442.007,0,0.370103,0,0,0.928938,0.558835,1.028160,1,0,63.6494,0,0,0,63.6494,0
67.938,2.28728,0,0,3.01411,0.30433,0.36288,3.6288,61.308,0.302985,0,0,1.236,0.186928,0.311058,0.66528,12.849,1,0.432969,0.36288,0,60.5862,3.99168,56.5244,0.84672,12.849,0.84672,3695.15,0,18.483,0.045998,0.564987,1.6321,8.5542,0.950847,9.75445,0.42336,9.2415,0.21168,9.2415,0.21168,442.007,0,1.02816,0,0,1.59315,0.564987,1.028160,1,0,66.5899,0,0,0,66.5899,0
67.8065,2.37138,0,0,2.90726,0.304472,0.36288,3.6288,61.308,0.441861,0,0,1.13278,0.187443,0.503477,0.66528,12.849,1,0.448494,0.36288,0,70.6179,3.99168,66.5406,0.84672,12.849,0.84672,3695.15,0,18.483,0.0666057,0.558835,1.63211,7.95096,0.950847,9.12446,0.42336,9.2415,0.21168,9.2415,0.21168,442.007,0,0.924074,0,0,1.48291,0.558835,1.028160,1,0,76.1686,0,0,0,76.1686,0
67.2859,2.37026,0,0,2.51667,0.304158,0.36288,3.6288,61.308,0.351418,0,0,0.911641,0.187443,0.372779,0.66528,12.849,1,0.449153,0.36288,0,49.1831,3.99168,45.1052,0.84672,12.849,0.84672,3695.15,0,18.483,0.0529724,0.698311,1.69568,6.46704,0.950847,7.85721,0.42336,9.2415,0.21168,9.2415,0.21168,442.007,0,1.02816,0,0,1.72647,0.698311,1.028160,1,0,53.3351,0,0,0,53.3351,0
66.7931,2.36578,0,0,2.5195,0.283573,0.36288,3.6288,61.308,0.351427,0,0,0.791467,0.143211,0.29683,0.66528,12.849,1,0.451773,0.36288,0,53.7249,3.11485,50.5212,0.84672,12.849,0.84672,3695.15,0,18.483,0.0529737,0.573938,1.69569,5.08824,0.82798,6.47691,0.42336,9.2415,0.21168,9.2415,0.21168,442.007,0,1.02816,0,0,1.6021,0.573938,1.028160,1,0,57.2949,0,0,0,57.2949,0
66.4456,2.36149,0,0,2.62009,0.243267,0.36288,3.6288,61.308,0.351435,0,0,0.781825,0.14179,0.2886,0.66528,12.849,1,0.454281,0.36288,0,51.3122,3.65455,47.5662,0.84672,12.849,0.84672,3695.15,0,18.483,0.052975,0.577195,1.6957,4.65003,0.926716,5.94323,0.42336,9.2415,0.21168,9.2415,0.21168,442.007,0,1.02816,0,0,1.60536,0.577195,1.028160,1,0,53.7981,0,0,0,53.7981,0
65.4568,2.32594,0,0,1.95133,0.251313,0.36288,3.6288,61.1355,0.703986,0,0,0.703909,0.172401,0,0.66528,12.849,1,0.449781,0.36288,0,39.1821,4.33074,34.7644,0.84672,12.849,0.84672,3695.15,0,18.483,0.106118,0.528595,1.69571,3.94222,1.02618,5.03423,0.42336,9.2415,0.21168,9.2415,0.21168,442.007,0,0.600964,0,0,1.12956,0.528595,1.028160,1,0,39.7986,0,0,0,39.7986,0
64.3226,2.31722,0,0,1.75513,0.20926,0.36288,3.6288,60.7402,0.773835,0,0,0.583837,0.205312,0,0.66528,12.849,1,0.454864,0.36288,0,35.1492,4.65681,30.4005,0.84672,12.849,0.84672,3695.15,0,18.483,0.116976,0.528595,1.67098,3.61085,1.04966,4.6438,0.42336,9.2415,0.21168,9.2415,0.21168,442.007,0,0.520266,0,0,1.04886,0.528595,1.028160,1,0,35.0442,0,0,0,35.0442,0
63.1763,2.30697,0,0,1.69138,0.167773,0.36288,3.6288,60.5008,0.625857,0,0,0.610747,0.224347,0,0.66528,12.849,1,0.460838,0.36288,0,33.6628,4.82979,28.7351,0.84672,12.849,0.84672,3695.15,0,18.483,0.0952229,0.402797,1.671,3.83418,1.05999,4.75276,0.42336,9.2415,0.21168,9.2415,0.21168,442.007,0,0.690008,0,0,1.0928,0.402797,1.028160,1,0,33.4878,0,0,0,33.4878,0
61.9168,2.29634,0,0,1.5682,0.168515,0.36288,3.6288,60.2286,0.632366,0,0,0.586642,0.226456,0,0.66528,12.849,1,0.467036,0.36288,0,31.0395,4.70247,26.2329,0.84672,12.849,0.84672,3695.15,0,18.483,0.0965941,0.402797,1.67101,3.70205,1.06677,4.61249,0.42336,9.2415,0.21168,9.2415,0.21168,442.007,0,0.682137,0,0,1.08493,0.402797,1.028160,1,0,30.8454,0,0,0,30.8454,0
60.5072,2.39268,0,0,1.51845,0.172464,0.36288,3.6288,59.8782,0.686701,0,0,0.568512,0.232178,0,0.66528,12.849,1,0.496529,0.36288,0,29.3157,4.38417,24.7979,0.84672,12.849,0.84672,3695.15,0,18.483,0.105368,0.402797,1.67102,3.08741,1.08374,3.97212,0.42336,9.2415,0.21168,9.2415,0.21168,442.007,0,0.69533,0,0,1.09813,0.402797,1.028160,1,0,28.77,0,0,0,28.77,0
58.9471,2.37812,0,0,1.35137,0.170461,0.36288,3.6288,59.3978,0.770335,0,0,0.521603,0.23166,0,0.66528,12.849,1,0.505006,0.36288,0,26.4364,4.38417,21.9101,0.84672,12.849,0.84672,3695.15,0,18.483,0.118892,0.402797,1.75753,2.97523,1.08374,3.93292,0.42336,9.2415,0.21168,9.2415,0.21168,442.007,0,0.598182,0,0,1.00098,0.402797,1.028160,1,0,25.843,0,0,0,25.843,0
57.3764,2.36143,0,0,1.27634,0.122758,0.36288,3.6288,58.9209,0.714259,0,0,0.50094,0.263602,0,0.66528,12.849,1,0.514732,0.36288,0,23.563,4.75902,18.6521,0.84672,12.849,0.84672,3695.15,0,18.483,0.111129,0.30119,1.75754,2.83362,1.17951,3.60171,0.42336,9.2415,0.21168,9.2415,0.21168,442.007,0,0.662031,0,0,0.963222,0.30119,1.028160,1,0,22.2538,0,0,0,22.2538,0
55.749,2.34395,0,0,1.20037,0.120896,0.36288,3.6288,58.3615,0.774031,0,0,0.477403,0.262798,0,0.66528,12.849,1,0.52491,0.36288,0,23.2225,4.75902,18.3015,0.84672,12.849,0.84672,3695.15,0,18.483,0.121404,0.30119,1.75755,2.91808,1.17951,3.67591,0.42336,9.2415,0.21168,9.2415,0.21168,442.007,0,0.591996,0,0,0.893186,0.30119,1.028160,1,0,21.9774,0,0,0,21.9774,0
54.5372,2.3251,0,0,1.57961,0.103492,0.36288,3.6288,57.8837,0.670058,0,0,0.454293,0.262017,0,0.66528,12.849,1,0.535887,0.36288,0,26.6261,5.45181,21.0012,0.84672,12.849,0.84672,3695.15,0,18.483,0.106103,0.30119,1.75756,3.08642,1.30748,3.73158,0.42336,9.2415,0.21168,9.2415,0.21168,442.007,0,0.711279,0,0,1.01247,0.30119,1.028160,1,0,24.7328,0,0,0,24.7328,0
53.2766,2.28985,0,0,1.49439,0.102242,0.36288,3.6288,57.2817,0.771899,0,0,0.431126,0.261211,0,0.66528,12.849,1,0.539491,0.36288,0,26.7118,5.45181,21.0833,0.84672,12.849,0.84672,3695.15,0,18.483,0.123239,0.30119,1.75758,3.28514,1.30748,3.91318,0.42336,9.2415,0.21168,9.2415,0.21168,442.007,0,0.634245,0,0,0.935436,0.30119,1.028160,1,0,24.9965,0,0,0,24.9965,0
51.8995,2.27435,0,0,1.36103,0.100942,0.36288,3.6288,56.7219,0.724191,0,0,0.424567,0.260195,0,0.66528,12.849,1,0.548518,0.36288,0,26.0908,5.45181,20.4534,0.84672,12.849,0.84672,3695.15,0,18.483,0.116837,0.261274,1.78454,3.16884,1.30748,3.79033,0.42336,9.2415,0.21168,9.2415,0.21168,442.007,0,0.688366,0,0,0.94964,0.261274,1.028160,1,0,24.2437,0,0,0,24.2437,0
50.4069,2.25682,0,0,1.22664,0.0995208,0.36288,3.6288,56.0308,0.827185,0,0,0.395366,0.25925,0,0.66528,12.849,1,0.558731,0.36288,0,24.1822,5.45181,18.5346,0.84672,12.849,0.84672,3695.15,0,18.483,0.13477,0.261274,1.78455,3.01715,1.30748,3.62072,0.42336,9.2415,0.21168,9.2415,0.21168,442.007,0,0.567449,0,0,0.828723,0.261274,1.028160,1,0,22.1553,0,0,0,22.1553,0
49.124,2.23706,0,0,1.40073,0.0836945,0.36288,3.6288,55.4551,0.724136,0,0,0.444468,0.296085,0,0.66528,12.849,1,0.570238,0.36288,0,25.1144,5.94714,18.9599,0.84672,12.849,0.84672,3695.15,0,18.483,0.119436,0.261274,1.78456,3.14497,1.49496,3.5764,0.42336,9.2415,0.21168,9.2415,0.21168,442.007,0,0.685843,0,0,0.947117,0.261274,1.028160,1,0,22.5363,0,0,0,22.5363,0
47.8311,2.27121,0,0,1.42001,0.0787559,0.36288,3.6288,54.9248,0.703105,0,0,0.477757,0.304878,0,0.66528,12.849,1,0.594063,0.36288,0,25.5127,6.07162,19.2099,0.84672,12.849,0.84672,3695.15,0,18.483,0.117171,0.261274,1.78457,3.32918,1.54541,3.71245,0.42336,9.2415,0.21168,9.2415,0.21168,442.007,0,0.746522,0,0,1.0078,0.261274,1.028160,1,0,22.9223,0,0,0,22.9223,0
46.4282,2.25234,0,0,1.2899,0.0776583,0.36288,3.6288,54.328,0.757865,0,0,0.464812,0.303817,0,0.66528,12.849,1,0.605051,0.36288,0,24.0161,6.07162,17.7023,0.84672,12.849,0.84672,3695.15,0,18.483,0.127516,0.261274,1.82753,3.21034,1.54541,3.62622,0.42336,9.2415,0.21168,9.2415,0.21168,442.007,0,0.681428,0,0,0.942702,0.261274,1.028160,1,0,21.3285,0,0,0,21.3285,0
44.8639,2.23105,0,0,1.09251,0.0628671,0.36288,3.6288,53.7476,0.73465,0,0,0.462289,0.308031,0,0.66528,12.849,1,0.617445,0.36288,0,22.8879,6.34842,16.2849,0.84672,12.849,0.84672,3695.15,0,18.483,0.124968,0.227405,1.82754,3.15031,1.54591,3.53438,0.42336,9.2415,0.21168,9.2415,0.21168,442.007,0,0.707201,0,0,0.934606,0.227405,1.028160,1,0,19.8193,0,0,0,19.8193,0
43.2145,2.20627,0,0,0.991924,0.0721872,0.36288,3.6288,53.0886,0.782004,0,0,0.42475,0.301685,0,0.66528,12.849,1,0.631875,0.36288,0,20.8297,6.18686,14.3739,0.84672,12.849,0.84672,3695.15,0,18.483,0.13446,0.227405,1.82756,3.14391,1.45246,3.61195,0.42336,9.2415,0.21168,9.2415,0.21168,442.007,0,0.650367,0,0,0.877772,0.227405,1.028160,1,0,17.9858,0,0,0,17.9858,0
41.5468,2.2856,0,0,1.06135,0.0805609,0.36288,3.6288,52.0683,1.0386,0,0,0.347871,0.329636,0,0.66528,12.849,1,0.679581,0.36288,0,18.1372,6.14366,11.6768,0.84672,12.849,0.84672,3695.15,0,18.483,0.180796,0.227405,1.82757,3.13004,1.5152,3.48902,0.42336,9.2415,0.21168,9.2415,0.21168,442.007,0,0.453972,0,0,0.681376,0.227405,1.028160,1,0,15.1658,0,0,0,15.1658,0
39.98,2.255,0,0,1.13018,0.079014,0.36288,3.6288,51.2682,0.901048,0,0,0.427899,0.326947,0,0.66528,12.849,1,0.697395,0.36288,0,23.0801,6.14366,16.6019,0.84672,12.849,0.84672,3695.15,0,18.483,0.159925,0.227405,1.94011,3.49612,1.5152,3.98851,0.42336,9.2415,0.21168,9.2415,0.21168,442.007,0,0.612403,0,0,0.839808,0.227405,1.028160,1,0,20.5905,0,0,0,20.5905,0
38.2447,2.22475,0,0,0.929802,0.0775609,0.36288,3.6288,50.1503,1.10471,0,0,0.311631,0.324839,0,0.66528,12.849,1,0.715003,0.36288,0,21.1451,6.14366,14.6493,0.84672,12.849,0.84672,3695.15,0,18.483,0.199133,0.204422,1.94013,2.86347,1.5152,3.29369,0.42336,9.2415,0.21168,9.2415,0.21168,442.007,0,0.369542,0,0,0.573965,0.204422,1.028160,1,0,17.943,0,0,0,17.943,0
36.775,2.18941,0,0,1.15868,0.0760144,0.36288,3.6288,49.7403,0.627877,0,0,0.539838,0.321893,0,0.66528,12.849,1,0.735573,0.36288,0,20.6115,6.14366,14.0951,0.84672,12.849,0.84672,3695.15,0,18.483,0.115703,0.204422,1.94014,4.46607,1.5152,4.97973,0.42336,9.2415,0.21168,9.2415,0.21168,442.007,0,0.92982,0,0,1.13424,0.204422,1.028160,1,0,19.0749,0,0,0,19.0749,0
35.814,2.19445,0,0,1.67956,0.0832855,0.36288,3.6288,49.4143,0.774624,0,0,0.715988,0.267418,0,0.66528,12.849,1,0.766727,0.36288,0,28.8193,4.44546,23.97,0.84672,12.849,0.84672,3695.15,0,18.483,0.143921,0.204422,1.94015,5.64201,1.16895,6.47372,0.42336,9.2415,0.21168,9.2415,0.21168,442.007,0,0.783242,0,0,0.987664,0.204422,1.028160,1,0,30.4437,0,0,0,30.4437,0
34.7588,2.10629,0,0,1.49676,0.0827157,0.36288,3.6288,49.7168,0.498524,0,0,1.06631,0.265222,0,0.66528,12.849,1,0.755676,0.36288,0,27.9495,4.37808,23.1787,0.84672,12.849,0.84672,3695.15,0,18.483,0.0932343,0.690397,1.97307,6.68397,1.19519,8.05902,0.42336,9.2415,0.21168,9.2415,0.21168,442.007,0,1.02816,0,0,1.71856,0.690397,1.028160,1,0,31.2377,0,0,0,31.2377,0
33.5128,2.0822,0,0,1.28073,0.0816673,0.36288,3.6288,49.299,0.740897,0,0,0.588948,0.265882,0,0.66528,12.849,1,0.769707,0.36288,0,27.9221,4.37808,23.1372,0.84672,12.849,0.84672,3695.15,0,18.483,0.13772,0.216518,1.88974,4.97447,1.19519,5.74782,0.42336,9.2415,0.21168,9.2415,0.21168,442.007,0,0.741312,0,0,0.95783,0.216518,1.028160,1,0,28.8851,0,0,0,28.8851,0
32.4083,1.98411,0,0,1.33621,0.0937333,0.36288,3.6288,48.8958,0.719124,0,0,0.566975,0.251045,0,0.66528,12.849,1,0.760717,0.36288,0,26.8385,4.17045,22.2702,0.84672,12.849,0.84672,3695.15,0,18.483,0.134806,0.216518,1.88975,5.00593,1.13029,5.8471,0.42336,9.2415,0.21168,9.2415,0.21168,442.007,0,0.711988,0,0,0.928506,0.216518,1.028160,1,0,28.1173,0,0,0,28.1173,0
33.049,1.95761,0,0,3.11966,0.158547,0.36288,3.6288,49.4257,0.452285,0,0,1.16622,0.184045,0,0.66528,12.849,1,0.776139,0.36288,0,62.5942,3.44878,58.7322,0.84672,12.849,0.84672,3695.15,0,18.483,0.0854836,0.922579,1.82674,10.1818,0.885666,11.9599,0.42336,9.2415,0.21168,9.2415,0.21168,442.007,0,1.02816,0,0,1.95074,0.922579,1.028160,1,0,70.6921,0,0,0,70.6921,0
34.6219,1.95532,0,0,4.03393,0.142827,0.36288,3.6288,50.4897,0.414076,0,0,1.68586,0.207757,0,0.66528,12.849,1,0.760201,0.36288,0,84.9131,4.1476,80.3681,0.84672,12.849,0.84672,3695.15,0,18.483,0.077423,2.03988,1.82675,10.4938,1.07868,13.2043,0.42336,9.2415,0.21168,9.2415,0.21168,442.007,0,1.02816,0,0,3.06804,2.03988,1.028160,1,0,93.5725,0,0,0,93.5725,0
36.9738,2.02535,0,0,4.88582,0.145619,0.36288,3.6288,51.1841,0.437247,0,0,1.3412,0.209577,0,0.66528,12.849,1,0.751656,0.36288,0,75.2596,4.1476,70.7232,0.84672,12.849,0.84672,3695.15,0,18.483,0.0800325,2.29197,1.78544,10.3999,1.07868,13.3186,0.42336,9.2415,0.21168,9.2415,0.21168,442.007,0,1.02816,0,0,3.32013,2.29197,1.028160,1,0,84.0418,0,0,0,84.0418,0
38.7166,2.07682,0,0,4.35621,0.173696,0.36288,3.6288,51.4966,0.438176,0,0,0.937794,0.187086,0,0.66528,12.849,1,0.72173,0.36288,0,88.0788,3.85056,83.8693,0.84672,12.849,0.84672,3695.15,0,18.483,0.0791144,1.29603,1.81573,9.28005,0.981219,11.3315,0.42336,9.2415,0.21168,9.2415,0.21168,442.007,0,1.02816,0,0,2.32419,1.29603,1.028160,1,0,95.2008,0,0,0,95.2008,0
40.8451,2.1124,0,0,4.80437,0.200639,0.36288,3.6288,53.3324,0.438592,0,0,2.4364,0.162079,0,0.66528,12.849,1,0.701049,0.36288,0,84.3394,3.44085,80.5603,0.84672,12.849,0.84672,3695.15,0,18.483,0.078709,2.43438,1.81574,10.3197,0.855542,13.6356,0.42336,9.2415,0.21168,9.2415,0.21168,442.007,0,1.02816,0,0,3.46254,2.43438,1.028160,1,0,94.1959,0,0,0,94.1959,0
41.5816,1.99102,0,0,3.28546,0.195019,0.36288,3.6288,54.1529,0.3086,0,0,1.31046,0.181317,0,0.66528,12.849,1,0.626333,0.36288,0,57.4862,3.59079,53.6319,0.84672,12.849,0.84672,3695.15,0,18.483,0.0534745,1.22814,1.81575,5.76623,0.899581,7.85707,0.42336,9.2415,0.21168,9.2415,0.21168,442.007,0,1.02816,0,0,2.2563,1.22814,1.028160,1,0,61.489,0,0,0,61.489,0
42.8989,2.00349,0,0,3.91494,0.231324,0.36288,3.6288,55.2303,0.3093,0,0,1.55352,0.166779,0,0.66528,12.849,1,0.619092,0.36288,0,79.2169,3.76467,75.196,0.84672,12.849,0.84672,3695.15,0,18.483,0.0527838,1.1442,1.64901,6.71795,0.913379,8.54499,0.42336,9.2415,0.21168,9.2415,0.21168,442.007,0,1.02816,0,0,2.17236,1.1442,1.028160,1,0,83.741,0,0,0,83.741,0
44.3305,1.99131,0,0,4.02071,0.234899,0.36288,3.6288,56.2923,0.290332,0,0,1.52023,0.167969,0,0.66528,12.849,1,0.596434,0.36288,0,70.6467,3.76467,66.6485,0.84672,12.849,0.84672,3695.15,0,18.483,0.0485802,1.18541,1.64902,6.35749,0.913379,8.22996,0.42336,9.2415,0.21168,9.2415,0.21168,442.007,0,1.02816,0,0,2.21357,1.18541,1.028160,1,0,74.8784,0,0,0,74.8784,0
47.3862,2.04757,0,0,5.69327,0.227104,0.36288,3.6288,58.6987,0.31104,0,0,2.90399,0.186543,0,0.66528,12.849,1,0.593478,0.36288,0,153.204,4.07664,148.896,0.84672,12.849,0.84672,3695.15,0,18.483,0.0510634,2.32752,1.62153,11.3812,1.04017,14.239,0.42336,9.2415,0.21168,9.2415,0.21168,442.007,0,1.02816,0,0,3.35568,2.32752,1.028160,1,0,163.135,0,0,0,163.135,0
47.8544,2.09246,0,0,3.13197,0.208407,0.36288,3.6288,59.5429,0.312857,0,0,1.37335,0.216291,0,0.66528,12.849,1,0.56738,0.36288,0,60.7297,4.63464,55.8906,0.84672,12.849,0.84672,3695.15,0,18.483,0.0492561,1.43018,1.64904,6.06742,1.30418,7.7932,0.42336,9.2415,0.21168,9.2415,0.21168,442.007,0,1.02816,0,0,2.45834,1.43018,1.028160,1,0,63.6838,0,0,0,63.6838,0
47.0979,2.16475,0,0,2.02263,0.251546,0.36288,3.6288,59.7793,0.352381,0,0,0.806579,0.217733,0,0.66528,12.849,1,0.58124,0.36288,0,32.9721,3.92773,28.826,0.84672,12.849,0.84672,3695.15,0,18.483,0.0546922,1.22475,1.64905,3.92686,1.16234,5.58363,0.42336,9.2415,0.21168,9.2415,0.21168,442.007,0,1.02816,0,0,2.25291,1.22475,1.028160,1,0,34.4097,0,0,0,34.4097,0
47.0248,2.15383,0,0,2.69308,0.249466,0.36288,3.6288,59.9274,0.35257,0,0,0.71871,0.218062,0,0.66528,12.849,1,0.587596,0.36288,0,46.761,3.92773,42.6085,0.84672,12.849,0.84672,3695.15,0,18.483,0.054505,0.955886,1.7018,4.96752,1.16234,6.40836,0.42336,9.2415,0.21168,9.2415,0.21168,442.007,0,1.02816,0,0,1.98405,0.955886,1.028160,1,0,49.0169,0,0,0,49.0169,0
47.1311,2.15276,0,0,2.87119,0.249265,0.36288,3.6288,60.1534,0.352687,0,0,0.796928,0.218268,0,0.66528,12.849,1,0.588218,0.36288,0,50.1961,3.92773,46.043,0.84672,12.849,0.84672,3695.15,0,18.483,0.0543885,1.20709,1.7018,5.42095,1.16234,7.11312,0.42336,9.2415,0.21168,9.2415,0.21168,442.007,0,1.02816,0,0,2.23525,1.20709,1.028160,1,0,53.1561,0,0,0,53.1561,0
46.482,2.15432,0,0,2.11617,0.248007,0.36288,3.6288,60.2583,0.352866,0,0,0.673921,0.216105,0,0.66528,12.849,1,0.587316,0.36288,0,34.8985,3.93319,30.7409,0.84672,12.849,0.84672,3695.15,0,18.483,0.0542115,0.923512,1.70181,3.99115,1.09377,5.46849,0.42336,9.2415,0.21168,9.2415,0.21168,442.007,0,1.02816,0,0,1.95167,0.923512,1.028160,1,0,36.2094,0,0,0,36.2094,0
45.6708,2.35396,0,0,2.1461,0.240524,0.36288,3.6288,60.0438,0.499263,0,0,0.480939,0.196241,0,0.66528,12.849,1,0.650703,0.36288,0,35.8537,4.05995,31.5059,0.84672,12.849,0.84672,3695.15,0,18.483,0.0765693,0.673479,1.70181,2.69586,0.947556,4.04702,0.42336,9.2415,0.21168,9.2415,0.21168,442.007,0,1.02816,0,0,1.70164,0.673479,1.028160,1,0,35.5529,0,0,0,35.5529,0
45.0516,2.34057,0,0,2.32184,0.237621,0.36288,3.6288,59.895,0.499027,0,0,0.540719,0.190456,0,0.66528,12.849,1,0.658494,0.36288,0,39.8021,4.10519,35.4013,0.84672,12.849,0.84672,3695.15,0,18.483,0.0768066,1.37631,1.89002,3.49888,0.95764,5.73077,0.42336,9.2415,0.21168,9.2415,0.21168,442.007,0,1.02816,0,0,2.40447,1.37631,1.028160,1,0,41.1321,0,0,0,41.1321,0
44.9199,2.33013,0,0,2.79728,0.235973,0.36288,3.6288,59.7659,0.498863,0,0,0.560026,0.190276,0,0.66528,12.849,1,0.664568,0.36288,0,49.1529,4.10519,44.746,0.84672,12.849,0.84672,3695.15,0,18.483,0.0769721,1.20378,1.89002,3.28729,0.95764,5.34648,0.42336,9.2415,0.21168,9.2415,0.21168,442.007,0,1.02816,0,0,2.23194,1.20378,1.028160,1,0,50.0925,0,0,0,50.0925,0
45.2274,2.32788,0,0,3.23581,0.237481,0.36288,3.6288,59.7558,0.49872,0,0,0.680241,0.191661,0,0.66528,12.849,1,0.665874,0.36288,0,54.5508,4.04259,50.2052,0.84672,12.849,0.84672,3695.15,0,18.483,0.0771163,1.32563,1.89003,3.60697,0.972273,5.77323,0.42336,9.2415,0.21168,9.2415,0.21168,442.007,0,1.02816,0,0,2.35379,1.32563,1.028160,1,0,55.9784,0,0,0,55.9784,0
46.4657,2.03738,0,0,3.8829,0.244378,0.36288,3.6288,60.3842,0.302574,0,0,1.12829,0.19724,0,0.66528,12.849,1,0.578815,0.36288,0,63.1949,3.60475,59.3743,0.84672,12.849,0.84672,3695.15,0,18.483,0.0467944,2.24548,1.89003,5.42017,0.860615,8.64827,0.42336,9.2415,0.21168,9.2415,0.21168,442.007,0,1.02816,0,0,3.27364,2.24548,1.028160,1,0,68.0225,0,0,0,68.0225,0
49.8833,2.05536,0,0,6.08365,0.247783,0.36288,3.6288,61.308,0.302997,0,0,1.90812,0.198031,0.483332,0.66528,12.849,1,0.568361,0.36288,0,87.1932,3.60475,83.3829,0.84672,12.849,0.84672,3695.15,0,18.483,0.0463722,2.81083,1.63257,8.97936,0.860615,12.5158,0.42336,9.2415,0.21168,9.2415,0.21168,442.007,0,1.02816,0,0,3.83899,2.81083,1.028160,1,0,96.382,0,0,0,96.382,0
53.2537,2.10176,0,0,6.09217,0.257171,0.36288,3.6288,61.308,0.303605,0,0,1.39195,0.199195,0.889147,0.66528,12.849,1,0.541373,0.36288,0,126.706,3.60475,122.922,0.84672,12.849,0.84672,3695.15,0,18.483,0.0457651,3.0686,1.63257,7.58671,0.860615,11.3815,0.42336,9.2415,0.21168,9.2415,0.21168,442.007,0,1.02816,0,0,4.09676,3.0686,1.028160,1,0,135.193,0,0,0,135.193,0
55.0718,2.14339,0,0,4.61841,0.293998,0.36288,3.6288,61.308,0.303607,0,0,1.17291,0.155884,0.713415,0.66528,12.849,1,0.517156,0.36288,0,82.3461,3.10813,79.0837,0.84672,12.849,0.84672,3695.15,0,18.483,0.0457653,2.08503,1.63257,5.84178,0.72259,8.79103,0.42336,9.2415,0.21168,9.2415,0.21168,442.007,0,1.02816,0,0,3.11319,2.08503,1.028160,1,0,88.5881,0,0,0,88.5881,0
56.0501,2.16435,0,0,3.78465,0.279113,0.36288,3.6288,61.308,0.303608,0,0,1.15665,0.16337,0.689677,0.66528,12.849,1,0.504971,0.36288,0,65.3006,2.88381,62.2747,0.84672,12.849,0.84672,3695.15,0,18.483,0.0457655,1.40856,1.63257,4.25734,0.71579,6.53692,0.42336,9.2415,0.21168,9.2415,0.21168,442.007,0,1.02816,0,0,2.43672,1.40856,1.028160,1,0,69.5013,0,0,0,69.5013,0
56.6937,2.25469,0,0,3.53607,0.274874,0.36288,3.6288,61.308,0.351755,0,0,1.09684,0.170031,0.575054,0.66528,12.849,1,0.516869,0.36288,0,59.4903,2.9085,56.4278,0.84672,12.849,0.84672,3695.15,0,18.483,0.0530231,1.28637,1.63257,3.8181,0.73191,5.95211,0.42336,9.2415,0.21168,9.2415,0.21168,442.007,0,1.02816,0,0,2.31453,1.28637,1.028160,1,0,62.955,0,0,0,62.955,0
57.002,2.26196,0,0,3.20976,0.276632,0.36288,3.6288,61.308,0.351756,0,0,0.95828,0.170031,0.436493,0.66528,12.849,1,0.512647,0.36288,0,66.8914,2.9085,63.8331,0.84672,12.849,0.84672,3695.15,0,18.483,0.0530233,1.05787,1.69615,3.37734,0.73191,5.34643,0.42336,9.2415,0.21168,9.2415,0.21168,442.007,0,1.02816,0,0,2.08603,1.05787,1.028160,1,0,69.616,0,0,0,69.616,0
56.9898,2.26539,0,0,2.89351,0.277474,0.36288,3.6288,61.308,0.351757,0,0,0.774792,0.170031,0.253004,0.66528,12.849,1,0.510649,0.36288,0,49.0622,2.9085,46.0059,0.84672,12.849,0.84672,3695.15,0,18.483,0.0530234,1.48363,1.69615,2.81921,0.73191,5.21405,0.42336,9.2415,0.21168,9.2415,0.21168,442.007,0,1.02816,0,0,2.51179,1.48363,1.028160,1,0,51.4729,0,0,0,51.4729,0
56.6182,2.26526,0,0,2.47825,0.221759,0.36288,3.6288,61.308,0.351758,0,0,0.567117,0.181159,0.0341991,0.66528,12.849,1,0.510729,0.36288,0,43.8749,3.10017,40.6269,0.84672,12.849,0.84672,3695.15,0,18.483,0.0530236,0.661522,1.69615,2.35706,0.870454,3.79125,0.42336,9.2415,0.21168,9.2415,0.21168,442.007,0,1.02816,0,0,1.68968,0.661522,1.028160,1,0,44.4523,0,0,0,44.4523,0
55.7547,2.22995,0,0,1.92111,0.191683,0.36288,3.6288,60.9092,0.642466,0,0,0.464136,0.220468,0,0.66528,12.849,1,0.506068,0.36288,0,35.0796,3.8577,31.0787,0.84672,12.849,0.84672,3695.15,0,18.483,0.0968446,0.528595,1.69615,2.8175,1.06037,3.88503,0.42336,9.2415,0.21168,9.2415,0.21168,442.007,0,0.672114,0,0,1.20071,0.528595,1.028160,1,0,34.9637,0,0,0,34.9637,0
54.9618,2.2203,0,0,1.98024,0.190047,0.36288,3.6288,60.5287,0.650439,0,0,0.489812,0.219913,0,0.66528,12.849,1,0.511682,0.36288,0,33.788,3.8577,29.7815,0.84672,12.849,0.84672,3695.15,0,18.483,0.0986884,0.528595,1.67141,2.42957,1.06037,3.47051,0.42336,9.2415,0.21168,9.2415,0.21168,442.007,0,0.662299,0,0,1.19089,0.528595,1.028160,1,0,33.252,0,0,0,33.252,0
54.9334,2.21125,0,0,2.72118,0.175412,0.36288,3.6288,60.4293,0.415088,0,0,0.538652,0.222935,0,0.66528,12.849,1,0.516948,0.36288,0,44.0533,3.96606,39.9332,0.84672,12.849,0.84672,3695.15,0,18.483,0.0633755,0.402797,1.67141,2.42679,1.04031,3.39731,0.42336,9.2415,0.21168,9.2415,0.21168,442.007,0,0.932965,0,0,1.33576,0.402797,1.028160,1,0,43.3305,0,0,0,43.3305,0
53.9576,2.21093,0,0,1.74626,0.148229,0.36288,3.6288,60.0658,0.589195,0,0,0.457477,0.231817,0,0.66528,12.849,1,0.517139,0.36288,0,32.2155,4.16819,27.893,0.84672,12.849,0.84672,3695.15,0,18.483,0.0901061,0.402797,1.67141,2.14738,1.00937,3.12211,0.42336,9.2415,0.21168,9.2415,0.21168,442.007,0,0.732128,0,0,1.13492,0.402797,1.028160,1,0,31.0151,0,0,0,31.0151,0
52.7443,2.30386,0,0,1.59501,0.141578,0.36288,3.6288,59.5219,0.702436,0,0,0.401356,0.242786,0,0.66528,12.849,1,0.548621,0.36288,0,26.857,4.08062,22.5907,0.84672,12.849,0.84672,3695.15,0,18.483,0.108074,0.402797,1.67141,1.82147,1.06445,2.72315,0.42336,9.2415,0.21168,9.2415,0.21168,442.007,0,0.677229,0,0,1.08003,0.402797,1.028160,1,0,25.3138,0,0,0,25.3138,0
51.4858,2.28857,0,0,1.52639,0.133414,0.36288,3.6288,58.9934,0.70681,0,0,0.421998,0.24371,0,0.66528,12.849,1,0.557517,0.36288,0,25.234,4.1348,20.9046,0.84672,12.849,0.84672,3695.15,0,18.483,0.109741,0.402797,1.75793,1.8976,1.05442,2.89417,0.42336,9.2415,0.21168,9.2415,0.21168,442.007,0,0.67119,0,0,1.07399,0.402797,1.028160,1,0,23.7987,0,0,0,23.7987,0
50.1773,2.27218,0,0,1.45819,0.131689,0.36288,3.6288,58.5152,0.659029,0,0,0.423782,0.242886,0,0.66528,12.849,1,0.567053,0.36288,0,23.7089,4.1348,19.3699,0.84672,12.849,0.84672,3695.15,0,18.483,0.103239,0.30119,1.75793,1.82468,1.05442,2.72614,0.42336,9.2415,0.21168,9.2415,0.21168,442.007,0,0.725475,0,0,1.02667,0.30119,1.028160,1,0,22.096,0,0,0,22.096,0
48.7933,2.25453,0,0,1.36329,0.129895,0.36288,3.6288,57.9618,0.705772,0,0,0.394499,0.242141,0,0.66528,12.849,1,0.577322,0.36288,0,22.1274,4.1348,17.7781,0.84672,12.849,0.84672,3695.15,0,18.483,0.111465,0.30119,1.75793,1.72843,1.05442,2.62167,0.42336,9.2415,0.21168,9.2415,0.21168,442.007,0,0.670507,0,0,0.971698,0.30119,1.028160,1,0,20.3998,0,0,0,20.3998,0
46.9476,2.23515,0,0,0.825509,0.073144,0.36288,3.6288,57.4106,0.709177,0,0,0.430193,0.272267,0,0.66528,12.849,1,0.588594,0.36288,0,15.4102,5.01273,10.1718,0.84672,12.849,0.84672,3695.15,0,18.483,0.113072,0.30119,1.75793,1.53306,1.23188,2.24722,0.42336,9.2415,0.21168,9.2415,0.21168,442.007,0,0.665496,0,0,0.966686,0.30119,1.028160,1,0,12.419,0,0,0,12.419,0
45.0296,2.18832,0,0,0.705119,0.0719185,0.36288,3.6288,56.7398,0.818968,0,0,0.41509,0.266864,0,0.66528,12.849,1,0.598918,0.36288,0,14.5178,4.93185,9.3499,0.84672,12.849,0.84672,3695.15,0,18.483,0.131831,0.30119,1.75794,1.60313,1.22921,2.30122,0.42336,9.2415,0.21168,9.2415,0.21168,442.007,0,0.578889,0,0,0.880079,0.30119,1.028160,1,0,11.6511,0,0,0,11.6511,0
43.0796,2.1589,0,0,0.642185,0.0703958,0.36288,3.6288,56.1111,0.771809,0,0,0.408775,0.265704,0,0.66528,12.849,1,0.616033,0.36288,0,14.1801,4.93185,8.99514,0.84672,12.849,0.84672,3695.15,0,18.483,0.125708,0.261274,1.78489,1.54638,1.22921,2.23763,0.42336,9.2415,0.21168,9.2415,0.21168,442.007,0,0.632172,0,0,0.893445,0.261274,1.028160,1,0,11.2328,0,0,0,11.2328,0
41.0994,2.12721,0,0,0.57878,0.0688477,0.36288,3.6288,55.3589,0.868277,0,0,0.38066,0.264616,0,0.66528,12.849,1,0.634466,0.36288,0,13.1429,4.93185,7.93947,0.84672,12.849,0.84672,3695.15,0,18.483,0.143005,0.261274,1.78489,1.47236,1.22921,2.14632,0.42336,9.2415,0.21168,9.2415,0.21168,442.007,0,0.518409,0,0,0.779682,0.261274,1.028160,1,0,10.0858,0,0,0,10.0858,0
39.1713,2.09303,0,0,0.581052,0.0532803,0.36288,3.6288,54.6245,0.842409,0,0,0.40771,0.299609,0,0.66528,12.849,1,0.654349,0.36288,0,13.1857,5.67324,7.22097,0.84672,12.849,0.84672,3695.15,0,18.483,0.14063,0.261274,1.78489,1.51715,1.42692,1.99577,0.42336,9.2415,0.21168,9.2415,0.21168,442.007,0,0.546653,0,0,0.807926,0.261274,1.028160,1,0,9.21674,0,0,0,9.21674,0
37.2589,2.10565,0,0,0.606033,0.0499555,0.36288,3.6288,53.996,0.801674,0,0,0.470464,0.297296,0,0.66528,12.849,1,0.690696,0.36288,0,13.345,6.00306,7.01412,0.84672,12.849,0.84672,3695.15,0,18.483,0.135629,0.261274,1.7849,1.66117,1.4501,2.12161,0.42336,9.2415,0.21168,9.2415,0.21168,442.007,0,0.62977,0,0,0.891043,0.261274,1.028160,1,0,9.13573,0,0,0,9.13573,0
35.3593,2.03291,0,0,0.545108,0.0488524,0.36288,3.6288,53.3389,0.802324,0,0,0.441291,0.296063,0,0.66528,12.849,1,0.701065,0.36288,0,12.5769,6.00306,6.23566,0.84672,12.849,0.84672,3695.15,0,18.483,0.137319,0.261274,1.82785,1.69584,1.4501,2.19755,0.42336,9.2415,0.21168,9.2415,0.21168,442.007,0,0.601301,0,0,0.862574,0.261274,1.028160,1,0,8.43321,0,0,0,8.43321,0
33.4517,1.99306,0,0,0.496073,0.0477567,0.36288,3.6288,52.6263,0.841452,0,0,0.423349,0.294583,0,0.66528,12.849,1,0.724246,0.36288,0,11.813,6.00306,5.44853,0.84672,12.849,0.84672,3695.15,0,18.483,0.14579,0.227405,1.79737,1.57658,1.4501,2.00547,0.42336,9.2415,0.21168,9.2415,0.21168,442.007,0,0.553703,0,0,0.781108,0.227405,1.028160,1,0,7.45399,0,0,0,7.45399,0
31.6639,1.81801,0,0,0.429259,0.0361222,0.36288,3.6288,51.9901,0.758149,0,0,0.421573,0.299576,0,0.66528,12.849,1,0.698309,0.36288,0,11.271,6.24487,4.69066,0.84672,12.849,0.84672,3695.15,0,18.483,0.133136,0.227405,1.79738,1.59762,1.48015,2.00912,0.42336,9.2415,0.21168,9.2415,0.21168,442.007,0,0.545141,0,0,0.772546,0.227405,1.028160,1,0,6.69978,0,0,0,6.69978,0
29.625,1.89684,0,0,0.283775,0.0630111,0.36288,3.6288,51.2065,0.91027,0,0,0.385523,0.258896,0,0.66528,12.2114,1,0.769722,0.36288,0,8.90508,5.9304,3.20544,0.84672,12.2114,0.84672,3695.15,0,18.483,0.161805,0.227405,1.67546,1.4425,1.41608,1.76748,0.42336,9.2415,0.21168,9.2415,0.21168,442.007,0,0.488022,0,0,0.715427,0.227405,1.028160,1,0,4.97292,0,0,0,4.97292,0
27.5875,1.86769,0,0,0.254426,0.0613442,0.36288,3.6288,50.3511,0.947529,0,0,0.349472,0.25726,0,0.66528,11.4498,1,0.76986,0.36288,0,7.94984,5.9304,3.20544,0.84672,11.4498,0.84672,3694.32,0,18.483,0.171005,0.227405,1.80879,1.40666,1.41608,1.85577,0.42336,9.2415,0.21168,9.2415,0.21168,442.007,0,0.441564,0,0,0.668969,0.227405,1.028160,1,0,5.06121,0,0,0,5.06121,0
25.6294,1.84008,0,0,0.304517,0.0596614,0.36288,3.6288,49.5941,0.877038,0,0,0.375425,0.255474,0,0.66528,10.6953,1,0.763697,0.36288,0,8.22735,5.9304,3.20544,0.84672,10.6953,0.84672,3693.76,0,18.483,0.160972,0.204422,1.80879,1.54293,1.41608,1.97909,0.42336,9.2415,0.21168,9.2415,0.21168,442.007,0,0.522089,0,0,0.726512,0.204422,1.028160,1,0,5.18453,0,0,0,5.18453,0
23.8897,1.82398,0,0,0.520697,0.0735735,0.36288,3.6288,49.0533,0.774027,0,0,0.482197,0.248955,0,0.66528,12.849,1,0.761159,0.36288,0,13.6728,5.78198,3.95265,0.84672,12.849,0.84672,3695.15,0,18.483,0.144234,0.204422,1.80879,1.70791,1.39788,2.17902,0.42336,9.2415,0.21168,9.2415,0.21168,442.007,0,0.64184,0,0,0.846262,0.204422,1.028160,1,0,6.13167,0,0,0,6.13167,0
22.3363,1.73842,0,0,0.632199,0.08424,0.36288,3.6288,48.5267,0.747056,0,0,0.438169,0.217688,0,0.66528,12.849,1,0.84672,0.36288,0,14.2269,5.67613,8.06691,0.84672,12.849,0.84672,3695.15,0,18.483,0.140743,0.204422,1.8088,1.9568,1.25375,2.57553,0.42336,9.2415,0.21168,9.2415,0.21168,442.007,0,0.672304,0,0,0.876727,0.204422,1.028160,1,0,10.6424,0,0,0,10.6424,0
20.9291,1.64018,0,0,0.684832,0.0889753,0.36288,3.6288,48.5008,0.383791,0,0,0.565811,0.2079,0,0.66528,12.849,1,0.84672,0.36288,0,13.4939,5.55062,7.45941,0.84672,12.849,0.84672,3695.15,0,18.483,0.0730898,0.277966,1.8088,2.33724,1.20046,3.15046,0.42336,9.2415,0.21168,9.2415,0.21168,442.007,0,1.02816,0,0,1.30613,0.277966,1.028160,1,0,10.6099,0,0,0,10.6099,0
19.5442,1.64018,0,0,0.705458,0.0872909,0.36288,3.6288,48.4839,0.387577,0,0,0.578518,0.207855,0,0.66528,12.849,1,0.84672,0.36288,0,17.1862,5.55062,11.1517,0.84672,12.849,0.84672,3695.15,0,18.483,0.0738501,0.216518,1.73239,2.26543,1.20046,2.94003,0.42336,9.2415,0.21168,9.2415,0.21168,442.007,0,1.02362,0,0,1.24013,0.216518,1.028160,1,0,14.0917,0,0,0,14.0917,0
18.1945,1.64018,0,0,0.739005,0.0856333,0.36288,3.6288,48.3147,0.452352,0,0,0.490945,0.207826,0,0.66528,12.849,1,0.84672,0.36288,0,15.7834,5.55062,9.74892,0.84672,12.849,0.84672,3695.15,0,18.483,0.0862227,0.216518,1.7324,2.11041,1.20046,2.77264,0.42336,9.2415,0.21168,9.2415,0.21168,442.007,0,0.946469,0,0,1.16299,0.216518,1.028160,1,0,12.5216,0,0,0,12.5216,0
17.46,1.64018,0,0,1.3891,0.120545,0.36288,3.6288,48.5296,0.383526,0,0,0.793018,0.19457,0,0.66528,12.849,1,0.84672,0.36288,0,34.0876,5.06131,28.5424,0.84672,12.849,0.84672,3695.15,0,18.483,0.0733597,1.14922,1.7324,3.46814,1.12404,5.15236,0.42336,9.2415,0.21168,9.2415,0.21168,442.007,0,1.02816,0,0,2.17738,1.14922,1.028160,1,0,33.6948,0,0,0,33.6948,0
17.428,1.55954,0,0,2.03822,0.147863,0.36288,3.6288,48.9723,0.326403,0,0,0.99906,0.229939,0,0.66528,12.849,1,0.84672,0.36288,0,41.2896,5.01417,35.7916,0.84672,12.849,0.84672,3695.15,0,18.483,0.062157,2.11991,1.7324,4.02929,1.23814,6.5813,0.42336,9.2415,0.21168,9.2415,0.21168,442.007,0,1.02816,0,0,3.14807,2.11991,1.028160,1,0,42.3729,0,0,0,42.3729,0
17.2896,1.55954,0,0,1.93189,0.147795,0.36288,3.6288,49.3796,0.326877,0,0,0.964915,0.230784,0,0.66528,12.849,1,0.84672,0.36288,0,35.0257,5.01417,29.5277,0.84672,12.849,0.84672,3695.15,0,18.483,0.0616845,1.98555,1.6645,6.61202,1.23814,8.96224,0.42336,9.2415,0.21168,9.2415,0.21168,442.007,0,1.02816,0,0,3.01371,1.98555,1.028160,1,0,38.4899,0,0,0,38.4899,0
17.8796,1.55955,0,0,2.66875,0.156353,0.36288,3.6288,50.1052,0.327306,0,0,1.28001,0.227108,0,0.66528,12.849,1,0.84672,0.36288,0,59.8438,4.87119,54.4888,0.84672,12.849,0.84672,3695.15,0,18.483,0.0612561,2.90937,1.6645,6.33106,1.21738,9.62629,0.42336,9.2415,0.21168,9.2415,0.21168,442.007,0,1.02816,0,0,3.93753,2.90937,1.028160,1,0,64.1151,0,0,0,64.1151,0
21.7184,1.55955,0,0,5.94128,0.180005,0.36288,3.6288,52.1699,0.328056,0,0,2.61007,0.217268,0,0.66528,12.849,1,0.84672,0.36288,0,72.5864,4.51374,67.5888,0.84672,12.849,0.84672,3695.15,0,18.483,0.0605074,4.62197,1.6645,11.6353,1.16546,16.6958,0.42336,9.2415,0.21168,9.2415,0.21168,442.007,0,1.02816,0,0,5.65013,4.62197,1.028160,1,0,84.2846,0,0,0,84.2846,0
23.5724,1.39419,0,0,3.7855,0.174513,0.36288,3.6288,53.3927,0.209201,0,0,1.64038,0.208438,0,0.66528,12.849,1,0.824827,0.36288,0,70.4328,4.7103,65.2605,0.84672,12.849,0.84672,3695.15,0,18.483,0.0370584,3.37783,1.6645,7.84711,1.13283,11.7195,0.42336,9.2415,0.21168,9.2415,0.21168,442.007,0,1.02816,0,0,4.40599,3.37783,1.028160,1,0,76.9801,0,0,0,76.9801,0
24.1557,1.45177,0,0,2.577,0.178976,0.36288,3.6288,54.2627,0.209926,0,0,1.2905,0.210491,0,0.66528,12.849,1,0.79134,0.36288,0,59.308,4.7103,54.1692,0.84672,12.849,0.84672,3695.15,0,18.483,0.0363351,1.71456,1.51164,7.26051,1.13283,9.31754,0.42336,9.2415,0.21168,9.2415,0.21168,442.007,0,1.02816,0,0,2.74272,1.71456,1.028160,1,0,63.4868,0,0,0,63.4868,0
23.5995,1.46893,0,0,1.45604,0.180507,0.36288,3.6288,54.7964,0.210425,0,0,0.955964,0.211831,0,0.66528,12.849,1,0.781358,0.36288,0,36.5096,4.7103,31.3808,0.84672,12.849,0.84672,3695.15,0,18.483,0.0358375,0.895113,1.51164,5.24244,1.13283,6.48052,0.42336,9.2415,0.21168,9.2415,0.21168,442.007,0,1.02816,0,0,1.92327,0.895113,1.028160,1,0,37.8614,0,0,0,37.8614,0
25.2354,1.45258,0,0,3.64348,0.19207,0.36288,3.6288,55.6517,0.210724,0,0,1.2943,0.228272,0,0.66528,12.849,1,0.790872,0.36288,0,39.8784,4.00335,35.4471,0.84672,12.849,0.84672,3695.15,0,18.483,0.035539,2.87567,1.51164,7.77661,1.13616,10.9922,0.42336,9.2415,0.21168,9.2415,0.21168,442.007,0,1.02816,0,0,3.90383,2.87567,1.028160,1,0,46.4393,0,0,0,46.4393,0
29.0364,1.49958,0,0,5.85443,0.190972,0.36288,3.6288,56.6621,0.211194,0,0,1.42363,0.202108,0,0.66528,12.849,1,0.763534,0.36288,0,96.5114,4.11278,91.998,0.84672,12.849,0.84672,3695.15,0,18.483,0.0350707,3.42741,1.51164,10.9344,1.19881,14.6396,0.42336,9.2415,0.21168,9.2415,0.21168,442.007,0,1.02816,0,0,4.45557,3.42741,1.028160,1,0,106.638,0,0,0,106.638,0
34.1963,1.6472,0,0,7.35368,0.183682,0.36288,3.6288,57.7044,0.247159,0,0,1.51362,0.224131,0,0.66528,12.849,1,0.72891,0.36288,0,176.06,4.70127,170.993,0.84672,12.849,0.84672,3695.15,0,18.483,0.0403113,3.69065,1.51164,13.2946,1.41972,17.0369,0.42336,9.2415,0.21168,9.2415,0.21168,442.007,0,1.02816,0,0,4.71881,3.69065,1.028160,1,0,188.029,0,0,0,188.029,0
40.6891,1.76208,0,0,8.81401,0.196269,0.36288,3.6288,59.3986,0.247781,0,0,2.16759,0.225652,0,0.66528,12.849,1,0.662086,0.36288,0,194.299,4.70127,189.298,0.84672,12.849,0.84672,3695.15,0,18.483,0.0396827,5.00749,1.55999,16.6183,1.41972,21.7263,0.42336,9.2415,0.21168,9.2415,0.21168,442.007,0,1.02816,0,0,6.03565,5.00749,1.028160,1,0,211.025,0,0,0,211.025,0
49.9468,2.01657,0,0,11.8492,0.211976,0.36288,3.6288,61.308,0.331596,0,0,2.95631,0.228125,0.487144,0.66528,12.849,1,0.636803,0.36288,0,205.467,4.70127,200.492,0.84672,12.849,0.84672,3695.15,0,18.483,0.0515912,6.28528,1.55998,18.4317,1.41972,24.8057,0.42336,9.2415,0.21168,9.2415,0.21168,442.007,0,1.02816,0,0,7.31344,6.28528,1.028160,1,0,225.785,0,0,0,225.785,0
60.1258,2.19384,0,0,12.9625,0.226801,0.36288,3.6288,61.308,0.353784,0,0,2.9089,0.211998,2.34312,0.66528,12.849,1,0.564373,0.36288,0,300.988,4.44411,296.343,0.84672,12.849,0.84672,3695.15,0,18.483,0.053329,6.32802,1.67348,20.7349,1.29512,27.3879,0.42336,9.2415,0.21168,9.2415,0.21168,442.007,0,1.02816,0,0,7.35618,6.32802,1.028160,1,0,326.074,0,0,0,326.074,0
72.29,2.53966,0,0,23.1943,0.270043,8.22046,3.6288,61.308,0.500428,0,0,3.41666,0.132561,2.78367,0.66528,12.849,1,0.542729,8.22046,0,337.282,3.12375,341.836,0.84672,12.849,0.84672,3695.15,0,18.483,0.075434,10.9703,1.70185,35.915,0.931366,47.5804,0.42336,9.2415,0.21168,9.2415,0.21168,442.007,0,1.02816,0,0,11.9985,10.9703,1.028160,1,0,392.2,0,0,0,392.2,0
72.29,2.6599,0,0,9.18631,0.297567,6.22884,3.6288,61.308,0.500421,0,0,1.64123,0.132561,1.00825,0.66528,12.849,1,0.472777,6.22884,0,396.931,3.12375,399.563,0.84672,12.849,0.84672,3695.15,0,18.483,0.0754329,5.35892,1.89006,15.7055,0.931366,21.9477,0.42336,9.2415,0.21168,9.2415,0.21168,442.007,0,1.02816,0,0,6.38708,5.35892,1.028160,1,0,422.519,0,0,0,422.519,0
72.29,2.65989,0,0,7.06078,0.304075,4.09682,3.6288,61.308,0.500414,0,0,1.37643,0.180781,0.695235,0.66528,12.849,1,0.472775,4.09682,0,208.65,3.70141,208.573,0.84672,12.849,0.84672,3695.15,0,18.483,0.0754318,4.60022,1.89005,13.1143,1.03122,18.4979,0.42336,9.2415,0.21168,9.2415,0.21168,442.007,0,1.02816,0,0,5.62838,4.60022,1.028160,1,0,227.766,0,0,0,227.766,0
72.29,2.65987,0,0,6.69714,0.322165,3.7151,3.6288,61.308,0.500407,0,0,2.8694,0.204748,2.16424,0.66528,12.849,1,0.472773,3.7151,0,208.933,3.72095,208.455,0.84672,12.849,0.84672,3695.15,0,18.483,0.0754308,7.09983,1.89004,17.8209,0.971803,25.7636,0.42336,9.2415,0.21168,9.2415,0.21168,442.007,0,1.02816,0,0,8.12799,7.09983,1.028160,1,0,236.383,0,0,0,236.383,0
72.29,2.32271,0,0,5.31746,0.330854,2.6639,3.6288,61.308,0.303597,0,0,1.21027,0.135683,0.770985,0.66528,12.849,1,0.412844,2.6639,0,114.54,2.03952,114.752,0.84672,12.849,0.84672,3695.15,0,18.483,0.0457638,3.05606,1.89003,8.97091,0.645319,13.2259,0.42336,9.2415,0.21168,9.2415,0.21168,442.007,0,1.02816,0,0,4.08422,3.05606,1.028160,1,0,128.749,0,0,0,128.749,0
72.29,2.3227,0,0,6.67611,0.330854,4.02256,3.6288,61.308,0.303591,0,0,1.73455,0.135683,1.29528,0.66528,12.849,1,0.412841,4.02256,0,166.659,2.03952,168.229,0.84672,12.849,0.84672,3695.15,0,18.483,0.0457629,4.63435,1.63256,12.1032,0.645319,17.679,0.42336,9.2415,0.21168,9.2415,0.21168,442.007,0,1.02816,0,0,5.66251,4.63435,1.028160,1,0,187.203,0,0,0,187.203,0
72.29,2.32268,0,0,8.31876,0.332733,5.66335,3.6288,61.308,0.303585,0,0,2.55039,0.158631,2.08817,0.66528,12.849,1,0.412839,5.66335,0,191.549,2.68918,194.11,0.84672,12.849,0.84672,3695.15,0,18.483,0.045762,8.0489,1.63255,19.969,0.745367,28.8594,0.42336,9.2415,0.21168,9.2415,0.21168,442.007,0,1.02816,0,0,9.07706,8.0489,1.028160,1,0,225.058,0,0,0,225.058,0
72.29,2.32267,0,0,5.54801,0.335239,2.8901,3.6288,61.308,0.303578,0,0,1.37047,0.189227,0.877663,0.66528,12.849,1,0.412837,2.8901,0,154.303,3.5554,153.224,0.84672,12.849,0.84672,3695.15,0,18.483,0.0457611,3.95451,1.63254,11.3555,0.878765,16.018,0.42336,9.2415,0.21168,9.2415,0.21168,442.007,0,1.02816,0,0,4.98267,3.95451,1.028160,1,0,170.12,0,0,0,170.12,0
72.29,2.32266,0,0,6.85673,0.342005,4.19207,3.6288,61.308,0.303572,0,0,2.02307,0.177807,1.54169,0.66528,12.849,1,0.412835,4.19207,0,145.786,2.95563,146.61,0.84672,12.849,0.84672,3695.15,0,18.483,0.0457602,4.88055,1.63253,12.4972,0.828519,18.136,0.42336,9.2415,0.21168,9.2415,0.21168,442.007,0,1.02816,0,0,5.90871,4.88055,1.028160,1,0,166.288,0,0,0,166.288,0
72.29,2.40751,0,0,7.02899,0.344711,4.27676,3.6288,61.308,0.351711,0,0,2.23003,0.173239,1.70508,0.66528,12.849,1,0.427917,4.27676,0,171.329,2.71572,172.462,0.84672,12.849,0.84672,3695.15,0,18.483,0.0530165,5.12245,1.63253,13.4608,0.808421,19.3543,0.42336,9.2415,0.21168,9.2415,0.21168,442.007,0,1.02816,0,0,6.15061,5.12245,1.028160,1,0,193.521,0,0,0,193.521,0
72.29,2.4075,0,0,5.96341,0.308999,3.24691,3.6288,61.308,0.351704,0,0,1.75055,0.19227,1.20658,0.66528,12.849,1,0.427915,3.24691,0,159.401,2.9484,159.272,0.84672,12.849,0.84672,3695.15,0,18.483,0.0530155,4.17562,1.69608,13.1129,0.854222,18.0774,0.42336,9.2415,0.21168,9.2415,0.21168,442.007,0,1.02816,0,0,5.20378,4.17562,1.028160,1,0,178.556,0,0,0,178.556,0
72.29,2.40749,0,0,5.50809,0.282215,2.81838,3.6288,61.308,0.351698,0,0,1.9589,0.206543,1.40066,0.66528,12.849,1,0.427913,2.81838,0,110.824,3.12291,110.092,0.84672,12.849,0.84672,3695.15,0,18.483,0.0530145,4.74973,1.69608,11.8997,0.888573,17.4039,0.42336,9.2415,0.21168,9.2415,0.21168,442.007,0,1.02816,0,0,5.77789,4.74973,1.028160,1,0,128.897,0,0,0,128.897,0
72.29,2.40748,0,0,4.5787,0.267927,1.9033,3.6288,61.308,0.351692,0,0,1.26301,0.223189,0.688132,0.66528,12.849,1,0.427911,1.9033,0,104.105,3.70647,101.874,0.84672,12.849,0.84672,3695.15,0,18.483,0.0530136,2.95928,1.69607,8.29587,0.97261,11.9256,0.42336,9.2415,0.21168,9.2415,0.21168,442.007,0,1.02816,0,0,3.98744,2.95928,1.028160,1,0,114.488,0,0,0,114.488,0
72.29,2.37428,0,0,4.21203,0.248876,1.58887,3.6288,61.308,0.332987,0,0,1.00909,0.245385,0.43072,0.66528,12.849,1,0.422011,1.58887,0,116.819,4.48455,113.501,0.84672,12.849,0.84672,3695.15,0,18.483,0.0501941,2.10765,1.69606,7.88106,1.08466,10.5499,0.42336,9.2415,0.21168,9.2415,0.21168,442.007,0,1.02816,0,0,3.13581,2.10765,1.028160,1,0,124.482,0,0,0,124.482,0
72.29,2.37427,0,0,4.1394,0.248876,1.51625,3.6288,61.308,0.332981,0,0,0.985211,0.245385,0.406845,0.66528,12.849,1,0.422009,1.51625,0,92.3875,4.48455,88.9972,0.84672,12.849,0.84672,3695.15,0,18.483,0.0501931,2.06487,1.67131,7.90128,1.08466,10.5026,0.42336,9.2415,0.21168,9.2415,0.21168,442.007,0,1.02816,0,0,3.09303,2.06487,1.028160,1,0,99.9067,0,0,0,99.9067,0
72.29,2.37426,0,0,3.88209,0.219491,1.28834,3.6288,61.308,0.332974,0,0,0.869953,0.240729,0.296249,0.66528,12.849,1,0.422007,1.28834,0,77.2528,3.71559,74.4036,0.84672,12.849,0.84672,3695.15,0,18.483,0.0501922,1.74042,1.6713,6.95814,0.937677,9.38198,0.42336,9.2415,0.21168,9.2415,0.21168,442.007,0,1.02816,0,0,2.76858,1.74042,1.028160,1,0,84.0818,0,0,0,84.0818,0
72.29,2.37425,0,0,3.54891,0.197452,0.977207,3.6288,61.308,0.332968,0,0,0.831954,0.237238,0.261748,0.66528,12.849,1,0.422004,0.977207,0,62.6358,3.13887,60.0521,0.84672,12.849,0.84672,3695.15,0,18.483,0.0501913,1.57513,1.67129,6.31171,0.82744,8.6805,0.42336,9.2415,0.21168,9.2415,0.21168,442.007,0,1.02816,0,0,2.60329,1.57513,1.028160,1,0,68.9943,0,0,0,68.9943,0
72.29,2.48686,0,0,3.48729,0.122399,0.878034,3.6288,61.308,0.39927,0,0,0.764364,0.222049,0.143045,0.66528,12.849,1,0.442021,0.878034,0,66.2567,4.78758,61.9051,0.84672,12.849,0.84672,3695.15,0,18.483,0.0601855,1.14669,1.67128,5.90699,1.11889,7.54588,0.42336,9.2415,0.21168,9.2415,0.21168,442.007,0,1.02816,0,0,2.17485,1.14669,1.028160,1,0,69.5941,0,0,0,69.5941,0
72.29,2.48685,0,0,3.39279,0.122399,0.783542,3.6288,61.308,0.399263,0,0,0.775319,0.222049,0.154007,0.66528,12.849,1,0.442019,0.783542,0,62.9586,4.78758,58.5125,0.84672,12.849,0.84672,3695.15,0,18.483,0.0601845,1.32299,1.75778,5.62513,1.11889,7.52683,0.42336,9.2415,0.21168,9.2415,0.21168,442.007,0,1.02816,0,0,2.35115,1.32299,1.028160,1,0,66.1933,0,0,0,66.1933,0
72.29,2.48684,0,0,3.08064,0.142068,0.451731,3.6288,61.308,0.399257,0,0,0.729829,0.216781,0.113791,0.66528,12.849,1,0.442016,0.451731,0,59.3345,4.44912,54.8951,0.84672,12.849,0.84672,3695.15,0,18.483,0.0601835,1.25102,1.75777,5.14652,1.13195,6.96318,0.42336,9.2415,0.21168,9.2415,0.21168,442.007,0,1.02816,0,0,2.27918,1.25102,1.028160,1,0,61.9721,0,0,0,61.9721,0
72.2642,2.48682,0,0,2.93625,0.112383,0.36288,3.6288,61.308,0.39925,0,0,0.728378,0.229434,0.0996933,0.66528,12.849,1,0.442014,0.36288,0,55.2144,4.32349,50.8118,0.84672,12.849,0.84672,3695.15,0,18.483,0.0601825,1.31617,1.75776,5.00235,1.17983,6.83627,0.42336,9.2415,0.21168,9.2415,0.21168,442.007,0,1.02816,0,0,2.34433,1.31617,1.028160,1,0,57.7478,0,0,0,57.7478,0
72.2299,2.4866,0,0,2.92276,0.107496,0.36288,3.6288,61.308,0.399244,0,0,0.898534,0.222931,0.27636,0.66528,12.849,1,0.442133,0.36288,0,59.4114,4.67106,54.6611,0.84672,12.849,0.84672,3695.15,0,18.483,0.0601815,1.10214,1.75776,5.6591,1.07924,7.37959,0.42336,9.2415,0.21168,9.2415,0.21168,442.007,0,1.02816,0,0,2.1303,1.10214,1.028160,1,0,62.317,0,0,0,62.317,0
72.0217,2.46405,0,0,2.73756,0.118848,0.36288,3.6288,61.308,0.43568,0,0,0.917188,0.215348,0.26616,0.66528,12.849,1,0.43833,0.36288,0,60.9769,4.77162,56.1298,0.84672,12.849,0.84672,3695.15,0,18.483,0.0656739,0.844569,1.75775,5.61686,1.02758,7.12593,0.42336,9.2415,0.21168,9.2415,0.21168,442.007,0,1.02816,0,0,1.87273,0.844569,1.028160,1,0,63.5219,0,0,0,63.5219,0
71.594,2.46237,0,0,2.50665,0.109158,0.36288,3.6288,61.308,0.435673,0,0,0.872942,0.237286,0.199983,0.66528,12.849,1,0.439297,0.36288,0,53.7741,5.05392,48.6437,0.84672,12.849,0.84672,3695.15,0,18.483,0.0656729,0.767716,1.78469,5.45478,1.13062,6.81089,0.42336,9.2415,0.21168,9.2415,0.21168,442.007,0,1.02816,0,0,1.79588,0.767716,1.028160,1,0,55.6546,0,0,0,55.6546,0
71.0535,2.45891,0,0,2.36648,0.0851257,0.36288,3.6288,61.308,0.435666,0,0,0.814648,0.292132,0.0868503,0.66528,12.849,1,0.441301,0.36288,0,47.8276,5.75967,41.9895,0.84672,12.849,0.84672,3695.15,0,18.483,0.0656719,0.736318,1.78468,5.20316,1.38823,6.27026,0.42336,9.2415,0.21168,9.2415,0.21168,442.007,0,1.02816,0,0,1.76448,0.736318,1.028160,1,0,48.3466,0,0,0,48.3466,0
70.3605,2.45449,0,0,2.20798,0.0836588,0.36288,3.6288,61.308,0.43566,0,0,0.791398,0.294415,0.0613236,0.66528,12.849,1,0.443859,0.36288,0,46.9002,5.72172,41.0975,0.84672,12.849,0.84672,3695.15,0,18.483,0.0656709,0.694829,1.78467,4.81928,1.40793,5.82517,0.42336,9.2415,0.21168,9.2415,0.21168,442.007,0,1.02816,0,0,1.72299,0.694829,1.028160,1,0,46.984,0,0,0,46.984,0
69.7275,2.50591,0,0,2.31625,0.0804396,0.36288,3.6288,61.308,0.468131,0,0,0.838858,0.300123,0.0706039,0.66528,12.849,1,0.45762,0.36288,0,45.4262,5.62684,39.7046,0.84672,12.849,0.84672,3695.15,0,18.483,0.0705655,0.638099,1.78466,4.36078,1.45719,5.25578,0.42336,9.2415,0.21168,9.2415,0.21168,442.007,0,1.02816,0,0,1.66626,0.638099,1.028160,1,0,45.031,0,0,0,45.031,0
68.8675,2.50047,0,0,2.08342,0.0800475,0.36288,3.6288,61.308,0.468124,0,0,0.786845,0.300123,0.0185979,0.66528,12.849,1,0.460773,0.36288,0,42.8119,5.62684,37.0872,0.84672,12.849,0.84672,3695.15,0,18.483,0.0705645,0.58485,1.8276,4.45178,1.45719,5.33647,0.42336,9.2415,0.21168,9.2415,0.21168,442.007,0,1.02816,0,0,1.61301,0.58485,1.028160,1,0,42.4422,0,0,0,42.4422,0
67.8282,2.49297,0,0,1.89601,0.0795148,0.36288,3.6288,61.2946,0.468117,0,0,0.754842,0.300123,0,0.66528,12.849,1,0.465127,0.36288,0,40.2113,5.62684,34.4822,0.84672,12.849,0.84672,3695.15,0,18.483,0.0705635,0.432484,1.82759,4.13869,1.45719,4.87101,0.42336,9.2415,0.21168,9.2415,0.21168,442.007,0,1.02816,0,0,1.46064,0.432484,1.028160,1,0,39.3532,0,0,0,39.3532,0
66.5584,2.48371,0,0,1.64065,0.0638449,0.36288,3.6288,61.271,0.468097,0,0,0.751671,0.307163,0,0.66528,12.849,1,0.470501,0.36288,0,38.3659,5.86866,32.3896,0.84672,12.849,0.84672,3695.15,0,18.483,0.0705758,0.416457,1.82758,4.19391,1.48724,4.88013,0.42336,9.2415,0.21168,9.2415,0.21168,442.007,0,1.02816,0,0,1.44462,0.416457,1.028160,1,0,37.2698,0,0,0,37.2698,0
64.9285,2.63722,0,0,1.42808,0.0578856,0.36288,3.6288,61.1368,0.585283,0,0,0.732966,0.28194,0,0.66528,12.849,1,0.50911,0.36288,0,36.7586,5.6915,30.9209,0.84672,12.849,0.84672,3695.15,0,18.483,0.0882782,0.708333,1.82757,4.59975,1.5382,5.50917,0.42336,9.2415,0.21168,9.2415,0.21168,442.007,0,1.02816,0,0,1.73649,0.708333,1.028160,1,0,36.4301,0,0,0,36.4301,0
63.1595,2.62081,0,0,1.26942,0.0547489,0.36288,3.6288,60.9339,0.585108,0,0,0.661781,0.279505,0,0.66528,12.849,1,0.518644,0.36288,0,32.8056,5.68187,26.9679,0.84672,12.849,0.84672,3695.15,0,18.483,0.0884455,0.653564,1.97299,4.5597,1.56894,5.52887,0.42336,9.2415,0.21168,9.2415,0.21168,442.007,0,1.02816,0,0,1.68172,0.653564,1.028160,1,0,32.4968,0,0,0,32.4968,0
61.5623,2.60229,0,0,1.42197,0.0539706,0.36288,3.6288,60.7488,0.584844,0,0,0.678862,0.279146,0,0.66528,12.849,1,0.529403,0.36288,0,32.6091,5.68187,26.7607,0.84672,12.849,0.84672,3695.15,0,18.483,0.0887,0.70041,1.97298,4.88709,1.56894,5.90284,0.42336,9.2415,0.21168,9.2415,0.21168,442.007,0,1.02816,0,0,1.72857,0.70041,1.028160,1,0,32.6635,0,0,0,32.6635,0
60.8183,2.5849,0,0,2.27573,0.0719721,0.36288,3.6288,60.724,0.584602,0,0,0.834313,0.274543,0,0.66528,12.849,1,0.539508,0.36288,0,54.1739,5.56313,48.4342,0.84672,12.849,0.84672,3695.15,0,18.483,0.0889335,1.0719,1.97297,5.32734,1.55438,6.72889,0.42336,9.2415,0.21168,9.2415,0.21168,442.007,0,1.02816,0,0,2.10006,1.0719,1.028160,1,0,55.1631,0,0,0,55.1631,0
60.3779,2.57656,0,0,2.57696,0.0778811,0.36288,3.6288,60.7315,0.584563,0,0,0.847953,0.255844,0,0.66528,12.849,1,0.544347,0.36288,0,35.281,5.58087,29.5187,0.84672,12.849,0.84672,3695.15,0,18.483,0.0889639,0.706164,1.97296,5.76222,1.51185,6.84053,0.42336,9.2415,0.21168,9.2415,0.21168,442.007,0,1.02816,0,0,1.73432,0.706164,1.028160,1,0,36.3592,0,0,0,36.3592,0
58.642,2.49309,0,0,1.19985,0.0797611,0.36288,3.6288,60.4593,0.513504,0,0,0.488844,0.247527,0,0.66528,12.849,1,0.530554,0.36288,0,33.4257,5.52731,27.7308,0.84672,12.849,0.84672,3695.15,0,18.483,0.0781397,0.261472,1.97295,4.07261,1.48996,4.73894,0.42336,9.2415,0.21168,9.2415,0.21168,442.007,0,1.02816,0,0,1.28963,0.261472,1.028160,1,0,32.4697,0,0,0,32.4697,0
56.4398,2.47347,0,0,0.712593,0.0784481,0.36288,3.6288,59.6096,0.936695,0,0,0.334022,0.247099,0,0.66528,12.849,1,0.541959,0.36288,0,23.2378,5.52731,17.5314,0.84672,12.849,0.84672,3695.15,0,18.483,0.143178,0.216518,1.8896,2.64734,1.48996,3.12032,0.42336,9.2415,0.21168,9.2415,0.21168,442.007,0,0.539922,0,0,0.756441,0.216518,1.028160,1,0,20.6517,0,0,0,20.6517,0
54.499,2.44733,0,0,0.984035,0.114721,0.36288,3.6288,58.9877,0.834116,0,0,0.458294,0.246002,0,0.66528,12.849,1,0.557154,0.36288,0,24.4578,5.2526,19.0109,0.84672,12.849,0.84672,3695.15,0,18.483,0.129316,0.216518,1.88959,3.55338,1.43866,4.09151,0.42336,9.2415,0.21168,9.2415,0.21168,442.007,0,0.656355,0,0,0.872873,0.216518,1.028160,1,0,23.1024,0,0,0,23.1024,0
54.1249,2.42304,0,0,2.57616,0.164335,0.36288,3.6288,58.9934,0.511485,0,0,0.773521,0.256379,0,0.66528,12.849,1,0.57127,0.36288,0,37.2817,4.78217,32.2911,0.84672,12.849,0.84672,3695.15,0,18.483,0.0801334,1.00553,1.88958,7.23626,1.26343,8.78781,0.42336,9.2415,0.21168,9.2415,0.21168,442.007,0,1.02816,0,0,2.03369,1.00553,1.028160,1,0,41.0789,0,0,0,41.0789,0
53.4643,2.35574,0,0,2.22836,0.170298,0.36288,3.6288,58.4915,0.696918,0,0,0.39342,0.198358,0,0.66528,12.849,1,0.559242,0.36288,0,31.3512,4.36697,26.7879,0.84672,12.849,0.84672,3695.15,0,18.483,0.109174,0.216518,1.88957,3.38453,1.04193,4.33952,0.42336,9.2415,0.21168,9.2415,0.21168,442.007,0,0.739152,0,0,0.95567,0.216518,1.028160,1,0,31.1274,0,0,0,31.1274,0
52.4066,2.34732,0,0,1.85435,0.20183,0.36288,3.6288,57.6558,0.917423,0,0,0.275363,0.193707,0,0.66528,12.849,1,0.564128,0.36288,0,25.4712,4.40591,20.8641,0.84672,12.849,0.84672,3695.15,0,18.483,0.14495,0.216518,1.8155,2.82575,1.09153,3.62128,0.42336,9.2415,0.21168,9.2415,0.21168,442.007,0,0.482864,0,0,0.699382,0.216518,1.028160,1,0,24.4854,0,0,0,24.4854,0
52.3018,2.33354,0,0,2.79127,0.199652,0.36288,3.6288,57.6843,0.445639,0,0,0.666823,0.192665,0,0.66528,12.849,1,0.572134,0.36288,0,39.7193,4.40591,35.1041,0.84672,12.849,0.84672,3695.15,0,18.483,0.0714304,0.993246,1.81549,5.72983,1.09153,7.37561,0.42336,9.2415,0.21168,9.2415,0.21168,442.007,0,1.02816,0,0,2.02141,0.993246,1.028160,1,0,42.4797,0,0,0,42.4797,0
56.165,2.33214,0,0,6.75759,0.199437,0.36288,3.6288,58.5398,0.445663,0,0,1.49389,0.1927,0,0.66528,12.849,1,0.572937,0.36288,0,104.092,4.40591,99.4757,0.84672,12.849,0.84672,3695.15,0,18.483,0.0713988,2.15251,1.81548,8.66797,1.09153,11.473,0.42336,9.2415,0.21168,9.2415,0.21168,442.007,0,1.02816,0,0,3.18067,2.15251,1.028160,1,0,110.949,0,0,0,110.949,0
59.3965,2.20146,0,0,6.03158,0.23568,0.36288,3.6288,59.1451,0.312507,0,0,1.10492,0.187101,0,0.66528,12.849,1,0.503633,0.36288,0,94.668,4.06497,90.4623,0.84672,12.849,0.84672,3695.15,0,18.483,0.0493346,1.86805,1.81547,8.34602,1.00346,10.9767,0.42336,9.2415,0.21168,9.2415,0.21168,442.007,0,1.02816,0,0,2.89621,1.86805,1.028160,1,0,101.439,0,0,0,101.439,0
62.9701,2.23578,0,0,6.40837,0.236145,0.36288,3.6288,59.7991,0.312938,0,0,1.16269,0.195726,0,0.66528,12.849,1,0.483658,0.36288,0,117.213,4.13511,112.957,0.84672,12.849,0.84672,3695.15,0,18.483,0.048897,1.86118,1.64873,9.3363,1.02475,11.7726,0.42336,9.2415,0.21168,9.2415,0.21168,442.007,0,1.02816,0,0,2.88934,1.86118,1.028160,1,0,124.73,0,0,0,124.73,0
69.052,2.27071,0,0,8.95899,0.243509,0.36288,3.6288,60.8293,0.313395,0,0,1.54011,0.196547,0,0.66528,12.849,1,0.463336,0.36288,0,133.192,4.13511,128.956,0.84672,12.849,0.84672,3695.15,0,18.483,0.0484328,2.6292,1.64872,14.8516,1.02475,18.0564,0.42336,9.2415,0.21168,9.2415,0.21168,442.007,0,1.02816,0,0,3.65736,2.6292,1.028160,1,0,147.012,0,0,0,147.012,0
72.259,2.32385,0,0,6.15447,0.2607,0.36288,3.6288,61.308,0.314101,0,0,1.44174,0.196615,0.452337,0.66528,12.849,1,0.432415,0.36288,0,148.618,4.18597,144.363,0.84672,12.849,0.84672,3695.15,0,18.483,0.0477198,2.14856,1.64871,8.86041,1.01678,11.5932,0.42336,9.2415,0.21168,9.2415,0.21168,442.007,0,1.02816,0,0,3.17672,2.14856,1.028160,1,0,156.408,0,0,0,156.408,0
72.29,2.34911,0,0,7.14245,0.300959,4.4614,3.6288,61.308,0.314419,0,0,2.10605,0.204516,1.58712,0.66528,12.849,1,0.417715,4.4614,0,145.243,4.38105,144.905,0.84672,12.849,0.84672,3695.15,0,18.483,0.0473951,2.47173,1.64871,10.878,1.07564,13.8754,0.42336,9.2415,0.21168,9.2415,0.21168,442.007,0,1.02816,0,0,3.49989,2.47173,1.028160,1,0,160.368,0,0,0,160.368,0
72.29,2.42293,0,0,5.77494,0.294327,3.05769,3.6288,61.308,0.353466,0,0,1.87257,0.206655,1.31245,0.66528,12.849,1,0.430657,3.05769,0,111.437,4.05054,110.013,0.84672,12.849,0.84672,3695.15,0,18.483,0.0532811,2.04877,1.6487,10.0335,1.08552,12.5921,0.42336,9.2415,0.21168,9.2415,0.21168,442.007,0,1.02816,0,0,3.07693,2.04877,1.028160,1,0,123.918,0,0,0,123.918,0
72.29,2.4229,0,0,5.06063,0.281126,2.35661,3.6288,61.308,0.353452,0,0,0.78497,0.183432,0.248086,0.66528,12.849,1,0.430652,2.35661,0,98.0433,3.80562,96.1636,0.84672,12.849,0.84672,3695.15,0,18.483,0.053279,1.34279,1.70142,7.3167,0.909005,9.39862,0.42336,9.2415,0.21168,9.2415,0.21168,442.007,0,1.02816,0,0,2.37095,1.34279,1.028160,1,0,105.81,0,0,0,105.81,0
72.29,2.42287,0,0,4.31602,0.281126,1.61202,3.6288,61.308,0.353439,0,0,0.669635,0.183432,0.132764,0.66528,12.849,1,0.430647,1.61202,0,83.2118,3.80562,80.5876,0.84672,12.849,0.84672,3695.15,0,18.483,0.053277,1.00986,1.7014,6.628,0.909005,8.37698,0.42336,9.2415,0.21168,9.2415,0.21168,442.007,0,1.02816,0,0,2.03802,1.00986,1.028160,1,0,89.0973,0,0,0,89.0973,0
72.29,2.42285,0,0,4.02719,0.281126,1.32322,3.6288,61.308,0.353425,0,0,0.656692,0.183432,0.119835,0.66528,12.849,1,0.430642,1.32322,0,77.1396,3.80562,74.2266,0.84672,12.849,0.84672,3695.15,0,18.483,0.0532749,0.974333,1.70138,6.56139,0.909005,8.27482,0.42336,9.2415,0.21168,9.2415,0.21168,442.007,0,1.02816,0,0,2.00249,0.974333,1.028160,1,0,82.6213,0,0,0,82.6213,0
72.29,2.65913,0,0,5.18621,0.328701,2.19838,3.6288,61.308,0.500019,0,0,0.840145,0.168815,0.171311,0.66528,12.849,1,0.472641,2.19838,0,77.665,2.77809,76.6126,0.84672,12.849,0.84672,3695.15,0,18.483,0.0753723,0.820817,1.70136,4.35038,0.780083,6.0171,0.42336,9.2415,0.21168,9.2415,0.21168,442.007,0,1.02816,0,0,1.84898,0.820817,1.028160,1,0,82.801,0,0,0,82.801,0
72.29,2.6591,0,0,4.50554,0.323506,1.52293,3.6288,61.308,0.500003,0,0,0.899986,0.179881,0.220101,0.66528,12.849,1,0.472636,1.52293,0,71.1789,3.04017,69.189,0.84672,12.849,0.84672,3695.15,0,18.483,0.0753699,0.864449,1.8895,4.67676,0.862074,6.49327,0.42336,9.2415,0.21168,9.2415,0.21168,442.007,0,1.02816,0,0,1.89261,0.864449,1.028160,1,0,75.9024,0,0,0,75.9024,0
72.29,2.65908,0,0,5.32126,0.302686,2.3595,3.6288,61.308,0.499988,0,0,0.928532,0.191187,0.237357,0.66528,12.849,1,0.472631,2.3595,0,72.2347,4.07616,70.0454,0.84672,12.849,0.84672,3695.15,0,18.483,0.0753676,1.07082,1.88948,5.37103,1.23518,7.02079,0.42336,9.2415,0.21168,9.2415,0.21168,442.007,0,1.02816,0,0,2.09898,1.07082,1.028160,1,0,77.3036,0,0,0,77.3036,0
72.29,2.65905,0,0,4.93179,0.262804,2.00994,3.6288,61.308,0.499973,0,0,1.01828,0.206388,0.311916,0.66528,12.849,1,0.472625,2.00994,0,80.5879,3.48947,78.6357,0.84672,12.849,0.84672,3695.15,0,18.483,0.0753653,1.33927,1.88946,6.05339,0.908136,8.29862,0.42336,9.2415,0.21168,9.2415,0.21168,442.007,0,1.02816,0,0,2.36743,1.33927,1.028160,1,0,87.2463,0,0,0,87.2463,0
72.29,2.32197,0,0,7.02027,0.340265,4.35803,3.6288,61.308,0.303217,0,0,2.72793,0.143144,2.28157,0.66528,12.849,1,0.412712,4.35803,0,137.977,2.63193,139.291,0.84672,12.849,0.84672,3695.15,0,18.483,0.0457066,1.98609,1.88944,13.5251,0.765628,16.5893,0.42336,9.2415,0.21168,9.2415,0.21168,442.007,0,1.02816,0,0,3.01425,1.98609,1.028160,1,0,158.162,0,0,0,158.162,0
72.29,2.32194,0,0,6.01517,0.340265,3.35296,3.6288,61.308,0.303203,0,0,2.15961,0.143144,1.71326,0.66528,12.849,1,0.412708,3.35296,0,132.548,2.63193,132.856,0.84672,12.849,0.84672,3695.15,0,18.483,0.0457046,1.38637,1.63204,12.6785,0.765628,14.8856,0.42336,9.2415,0.21168,9.2415,0.21168,442.007,0,1.02816,0,0,2.41453,1.38637,1.028160,1,0,149.455,0,0,0,149.455,0
72.29,2.32192,0,0,5.97156,0.31097,3.33867,3.6288,61.308,0.30319,0,0,2.32547,0.143395,1.87889,0.66528,12.849,1,0.412703,3.33867,0,150.053,2.82006,150.159,0.84672,12.849,0.84672,3695.15,0,18.483,0.0457026,2.06132,1.63202,11.05,0.824781,13.8729,0.42336,9.2415,0.21168,9.2415,0.21168,442.007,0,1.02816,0,0,3.08948,2.06132,1.028160,1,0,165.911,0,0,0,165.911,0
72.29,2.32189,0,0,6.40993,0.314114,3.77392,3.6288,61.308,0.303177,0,0,2.65447,0.164572,2.18672,0.66528,12.849,1,0.412699,3.77392,0,116.411,3.86955,115.903,0.84672,12.849,0.84672,3695.15,0,18.483,0.0457006,1.91317,1.63201,12.133,0.976069,14.6564,0.42336,9.2415,0.21168,9.2415,0.21168,442.007,0,1.02816,0,0,2.94133,1.91317,1.028160,1,0,132.746,0,0,0,132.746,0
72.29,2.32187,0,0,6.41495,0.331062,3.76202,3.6288,61.308,0.303164,0,0,2.04276,0.142635,1.59696,0.66528,12.849,1,0.412694,3.76202,0,117.082,3.67083,116.76,0.84672,12.849,0.84672,3695.15,0,18.483,0.0456986,1.0411,1.63199,10.2256,0.94494,11.9081,0.42336,9.2415,0.21168,9.2415,0.21168,442.007,0,1.02816,0,0,2.06926,1.0411,1.028160,1,0,130.265,0,0,0,130.265,0
72.29,2.40668,0,0,4.80743,0.345414,2.05534,3.6288,61.308,0.351278,0,0,1.37653,0.138313,0.886942,0.66528,12.849,1,0.427769,2.05534,0,94.6633,3.53934,92.7515,0.84672,12.849,0.84672,3695.15,0,18.483,0.0529513,1.04284,1.63197,6.58358,0.968997,8.23644,0.42336,9.2415,0.21168,9.2415,0.21168,442.007,0,1.02816,0,0,2.071,1.04284,1.028160,1,0,101.875,0,0,0,101.875,0
72.29,2.40665,0,0,4.44834,0.345414,1.69627,3.6288,61.308,0.351264,0,0,1.50561,0.138313,1.01604,0.66528,12.849,1,0.427764,1.69627,0,76.2748,3.53934,74.004,0.84672,12.849,0.84672,3695.15,0,18.483,0.0529492,0.9842,1.6955,8.00249,0.968997,9.66024,0.42336,9.2415,0.21168,9.2415,0.21168,442.007,0,1.02816,0,0,2.01236,0.9842,1.028160,1,0,84.6802,0,0,0,84.6802,0
72.29,2.40662,0,0,4.15022,0.339467,1.40413,3.6288,61.308,0.351251,0,0,1.9073,0.133763,1.42228,0.66528,12.849,1,0.427759,1.40413,0,71.8692,3.32241,69.5232,0.84672,12.849,0.84672,3695.15,0,18.483,0.0529471,1.46792,1.69548,7.51222,0.925299,9.69737,0.42336,9.2415,0.21168,9.2415,0.21168,442.007,0,1.02816,0,0,2.49608,1.46792,1.028160,1,0,80.6429,0,0,0,80.6429,0
72.29,2.4066,0,0,3.47563,0.299943,0.76909,3.6288,61.308,0.351237,0,0,1.17113,0.147871,0.672027,0.66528,12.849,1,0.427754,0.76909,0,62.0851,3.54028,58.8862,0.84672,12.849,0.84672,3695.15,0,18.483,0.0529451,0.579727,1.69546,5.17568,0.99588,6.40204,0.42336,9.2415,0.21168,9.2415,0.21168,442.007,0,1.02816,0,0,1.60789,0.579727,1.028160,1,0,65.9603,0,0,0,65.9603,0
72.0294,2.3734,0,0,2.75582,0.280117,0.36288,3.6288,61.308,0.586167,0,0,0.880105,0.167027,0.126911,0.66528,12.849,1,0.421854,0.36288,0,48.775,3.73639,44.9796,0.84672,12.849,0.84672,3695.15,0,18.483,0.0883582,0.528595,1.69544,4.12279,1.09379,5.16468,0.42336,9.2415,0.21168,9.2415,0.21168,442.007,0,0.736292,0,0,1.26489,0.528595,1.028160,1,0,50.2712,0,0,0,50.2712,0
71.4958,2.37137,0,0,2.459,0.258331,0.36288,3.6288,61.1813,0.667753,0,0,0.738184,0.197111,0,0.66528,12.849,1,0.423017,0.36288,0,43.3388,4.05252,39.2262,0.84672,12.849,0.84672,3695.15,0,18.483,0.100656,0.528595,1.67069,3.74338,1.11868,4.72332,0.42336,9.2415,0.21168,9.2415,0.21168,442.007,0,0.642393,0,0,1.17099,0.528595,1.028160,1,0,43.9495,0,0,0,43.9495,0
70.8785,2.36719,0,0,2.31422,0.201442,0.36288,3.6288,61.0093,0.683051,0,0,0.734141,0.223091,0,0.66528,12.849,1,0.425425,0.36288,0,40.4161,4.28316,36.0704,0.84672,12.849,0.84672,3695.15,0,18.483,0.103176,0.528595,1.67067,3.72531,1.13245,4.68895,0.42336,9.2415,0.21168,9.2415,0.21168,442.007,0,0.62456,0,0,1.15315,0.528595,1.028160,1,0,40.7593,0,0,0,40.7593,0
70.1831,2.36231,0,0,2.23023,0.200493,0.36288,3.6288,60.9818,0.538397,0,0,0.733735,0.222848,0,0.66528,12.849,1,0.428245,0.36288,0,38.6419,4.28316,34.2934,0.84672,12.849,0.84672,3695.15,0,18.483,0.0815546,0.402797,1.67065,4.09343,1.13245,4.95287,0.42336,9.2415,0.21168,9.2415,0.21168,442.007,0,0.790819,0,0,1.19362,0.402797,1.028160,1,0,39.2462,0,0,0,39.2462,0
69.2394,2.46853,0,0,2.07041,0.182725,0.36288,3.6288,60.6811,0.703228,0,0,0.605968,0.203481,0,0.66528,12.849,1,0.451935,0.36288,0,36.8077,4.56258,32.1561,0.84672,12.849,0.84672,3695.15,0,18.483,0.106571,0.402797,1.67063,3.2219,1.21852,3.97024,0.42336,9.2415,0.21168,9.2415,0.21168,442.007,0,0.677229,0,0,1.08003,0.402797,1.028160,1,0,36.1263,0,0,0,36.1263,0
68.1471,2.46048,0,0,1.87478,0.14367,0.36288,3.6288,60.363,0.701436,0,0,0.587472,0.204119,0,0.66528,12.849,1,0.4566,0.36288,0,32.7657,4.7418,27.9302,0.84672,12.849,0.84672,3695.15,0,18.483,0.106826,0.402797,1.75709,2.96263,1.19141,3.82428,0.42336,9.2415,0.21168,9.2415,0.21168,442.007,0,0.67875,0,0,1.08155,0.402797,1.028160,1,0,31.7545,0,0,0,31.7545,0
67.0421,2.45095,0,0,1.85128,0.142451,0.36288,3.6288,60.0767,0.720639,0,0,0.638099,0.203706,0,0.66528,12.849,1,0.462121,0.36288,0,31.6859,4.7418,26.8449,0.84672,12.849,0.84672,3695.15,0,18.483,0.110329,0.402797,1.75707,3.24815,1.19141,4.10627,0.42336,9.2415,0.21168,9.2415,0.21168,442.007,0,0.656027,0,0,1.05882,0.402797,1.028160,1,0,30.9511,0,0,0,30.9511,0
65.8284,2.44107,0,0,1.73141,0.141218,0.36288,3.6288,59.7922,0.669969,0,0,0.588789,0.203336,0,0.66528,12.849,1,0.467845,0.36288,0,29.64,4.7418,24.7932,0.84672,12.849,0.84672,3695.15,0,18.483,0.10306,0.30119,1.75705,2.852,1.19141,3.61577,0.42336,9.2415,0.21168,9.2415,0.21168,442.007,0,0.713949,0,0,1.01514,0.30119,1.028160,1,0,28.409,0,0,0,28.409,0
64.5745,2.42994,0,0,1.64984,0.110921,0.36288,3.6288,59.7433,0.489361,0,0,0.663593,0.223173,0,0.66528,12.849,1,0.474299,0.36288,0,29.1983,4.90722,24.1796,0.84672,12.849,0.84672,3695.15,0,18.483,0.0756357,0.30119,1.75703,2.84776,1.2354,3.59495,0.42336,9.2415,0.21168,9.2415,0.21168,442.007,0,0.921966,0,0,1.22316,0.30119,1.028160,1,0,27.7746,0,0,0,27.7746,0
63.3404,2.39646,0,0,1.61362,0.0883219,0.36288,3.6288,59.7843,0.433628,0,0,0.712938,0.238254,0,0.66528,12.849,1,0.476847,0.36288,0,30.1437,5.03128,24.9984,0.84672,12.849,0.84672,3695.15,0,18.483,0.0670765,0.352158,1.75701,2.8897,1.26838,3.66341,0.42336,9.2415,0.21168,9.2415,0.21168,442.007,0,1.02816,0,0,1.38032,0.352158,1.028160,1,0,28.6618,0,0,0,28.6618,0
61.9972,2.38459,0,0,1.49168,0.0874435,0.36288,3.6288,59.8016,0.433653,0,0,0.689256,0.238316,0,0.66528,12.849,1,0.483729,0.36288,0,29.9615,5.03128,24.8094,0.84672,12.849,0.84672,3695.15,0,18.483,0.0670343,0.328804,1.78393,2.93016,1.26838,3.70748,0.42336,9.2415,0.21168,9.2415,0.21168,442.007,0,1.02816,0,0,1.35696,0.328804,1.028160,1,0,28.5169,0,0,0,28.5169,0
60.5307,2.37128,0,0,1.35421,0.0864874,0.36288,3.6288,59.724,0.490448,0,0,0.651136,0.238342,0,0.66528,12.849,1,0.491451,0.36288,0,29.071,5.03128,23.9112,0.84672,12.849,0.84672,3695.15,0,18.483,0.0757918,0.261274,1.78391,2.75431,1.26838,3.45532,0.42336,9.2415,0.21168,9.2415,0.21168,442.007,0,0.962591,0,0,1.22386,0.261274,1.028160,1,0,27.3665,0,0,0,27.3665,0
58.936,2.35626,0,0,1.20227,0.0778655,0.36288,3.6288,59.4707,0.590123,0,0,0.598781,0.261949,0,0.66528,12.849,1,0.500168,0.36288,0,24.6723,5.28972,19.2453,0.84672,12.849,0.84672,3695.15,0,18.483,0.0913138,0.261274,1.78389,2.57445,1.34459,3.18372,0.42336,9.2415,0.21168,9.2415,0.21168,442.007,0,0.847377,0,0,1.10865,0.261274,1.028160,1,0,22.429,0,0,0,22.429,0
57.1919,2.3939,0,0,1.07448,0.0618133,0.36288,3.6288,59.101,0.673942,0,0,0.632017,0.327754,0,0.66528,12.849,1,0.521909,0.36288,0,25.2444,5.85228,19.233,0.84672,12.849,0.84672,3695.15,0,18.483,0.104728,0.261274,1.78387,2.36857,1.44113,2.86785,0.42336,9.2415,0.21168,9.2415,0.21168,442.007,0,0.787484,0,0,1.04876,0.261274,1.028160,1,0,22.1009,0,0,0,22.1009,0
55.3832,2.37414,0,0,0.989107,0.0607717,0.36288,3.6288,58.6915,0.618369,0,0,0.53581,0.326979,0,0.66528,12.849,1,0.533385,0.36288,0,20.7355,5.85228,14.7127,0.84672,12.849,0.84672,3695.15,0,18.483,0.096693,0.261274,1.82678,2.29017,1.44113,2.8404,0.42336,9.2415,0.21168,9.2415,0.21168,442.007,0,0.851075,0,0,1.11235,0.261274,1.028160,1,0,17.5531,0,0,0,17.5531,0
53.5136,2.3527,0,0,0.905697,0.0596915,0.36288,3.6288,58.1043,0.757285,0,0,0.496272,0.32612,0,0.66528,12.849,1,0.545831,0.36288,0,19.7089,5.85228,13.6736,0.84672,12.849,0.84672,3695.15,0,18.483,0.119241,0.261274,1.82676,2.01305,1.44113,2.54071,0.42336,9.2415,0.21168,9.2415,0.21168,442.007,0,0.689593,0,0,0.950867,0.261274,1.028160,1,0,16.2144,0,0,0,16.2144,0
51.728,2.32947,0,0,0.956915,0.0502417,0.36288,3.6288,57.7812,0.562931,0,0,0.569713,0.329964,0,0.66528,12.849,1,0.559322,0.36288,0,19.3297,6.00183,13.1314,0.84672,12.849,0.84672,3695.15,0,18.483,0.0895342,0.227405,1.82674,2.66299,1.47101,3.15659,0.42336,9.2415,0.21168,9.2415,0.21168,442.007,0,0.913637,0,0,1.14104,0.227405,1.028160,1,0,16.288,0,0,0,16.288,0
49.731,2.4602,0,0,0.880978,0.0548989,0.36288,3.6288,57.1665,0.828273,0,0,0.515766,0.302117,0,0.66528,12.849,1,0.611104,0.36288,0,16.1737,6.01148,9.91404,0.84672,12.849,0.84672,3695.15,0,18.483,0.132474,0.227405,1.82672,2.10041,1.52708,2.49498,0.42336,9.2415,0.21168,9.2415,0.21168,442.007,0,0.740172,0,0,0.967576,0.227405,1.028160,1,0,12.409,0,0,0,12.409,0
47.7919,2.43096,0,0,0.902215,0.0473949,0.36288,3.6288,56.6865,0.739623,0,0,0.57072,0.311146,0,0.66528,12.849,1,0.628089,0.36288,0,17.3763,6.19112,10.92,0.84672,12.849,0.84672,3695.15,0,18.483,0.119567,0.227405,1.97206,1.69766,1.57258,2.20497,0.42336,9.2415,0.21168,9.2415,0.21168,442.007,0,0.841709,0,0,1.06911,0.227405,1.028160,1,0,13.125,0,0,0,13.125,0
45.7055,2.40098,0,0,0.723876,0.0464118,0.36288,3.6288,55.9045,0.920581,0,0,0.448774,0.310177,0,0.66528,12.849,1,0.645509,0.36288,0,20.4384,6.19112,13.9646,0.84672,12.849,0.84672,3695.15,0,18.483,0.150081,0.227405,1.97204,1.41024,1.57258,1.88702,0.42336,9.2415,0.21168,9.2415,0.21168,442.007,0,0.630219,0,0,0.857624,0.227405,1.028160,1,0,15.8516,0,0,0,15.8516,0
43.7878,2.3668,0,0,0.857304,0.0453528,0.36288,3.6288,55.7037,0.577273,0,0,0.685037,0.308597,0,0.66528,12.849,1,0.665367,0.36288,0,17.5427,6.19112,11.0491,0.84672,12.849,0.84672,3695.15,0,18.483,0.0954283,0.261956,1.97202,1.90706,1.57258,2.47303,0.42336,9.2415,0.21168,9.2415,0.21168,442.007,0,1.02816,0,0,1.29012,0.261956,1.028160,1,0,13.5222,0,0,0,13.5222,0
42.1127,2.13892,0,0,0.861296,0.0346187,0.36288,3.6288,55.5463,0.455337,0,0,0.620031,0.32208,0,0.66528,12.849,1,0.627641,0.36288,0,22.0723,6.2916,15.516,0.84672,12.849,0.84672,3695.15,0,18.483,0.0755425,0.419075,1.97199,2.53365,1.61088,3.23829,0.42336,9.2415,0.21168,9.2415,0.21168,442.007,0,1.02816,0,0,1.44723,0.419075,1.028160,1,0,18.7543,0,0,0,18.7543,0
40.4255,2.19525,0,0,0.947411,0.0764456,0.36288,3.6288,55.564,0.483407,0,0,0.791286,0.290184,0,0.66528,12.849,1,0.669792,0.36288,0,25.9104,5.15346,20.45,0.84672,12.849,0.84672,3695.15,0,18.483,0.0804268,0.928791,1.80756,3.14361,1.33803,4.46151,0.42336,9.2415,0.21168,9.2415,0.21168,442.007,0,1.02816,0,0,1.95695,0.928791,1.028160,1,0,24.9116,0,0,0,24.9116,0
38.8368,2.16415,0,0,1.06747,0.129182,0.36288,3.6288,55.9305,0.483414,0,0,1.10838,0.258484,0,0.66528,12.849,1,0.68786,0.36288,0,24.9845,4.29702,20.3625,0.84672,12.849,0.84672,3695.15,0,18.483,0.0804023,1.52258,1.85716,4.19814,1.15101,6.34647,0.42336,9.2415,0.21168,9.2415,0.21168,442.007,0,1.02816,0,0,2.55074,1.52258,1.028160,1,0,26.709,0,0,0,26.709,0
37.213,2.13328,0,0,1.00138,0.129033,0.36288,3.6288,56.3126,0.483851,0,0,1.12606,0.260077,0,0.66528,12.849,1,0.705789,0.36288,0,30.7521,4.3133,26.0959,0.84672,12.849,0.84672,3695.15,0,18.483,0.0799477,1.4467,1.85714,4.24766,1.16033,6.31122,0.42336,9.2415,0.21168,9.2415,0.21168,442.007,0,1.02816,0,0,2.47486,1.4467,1.028160,1,0,32.4071,0,0,0,32.4071,0
35.7477,2.10004,0,0,1.12422,0.126604,0.36288,3.6288,56.97,0.484302,0,0,1.40239,0.260727,0,0.66528,12.849,1,0.725106,0.36288,0,49.4742,4.3133,44.7987,0.84672,12.849,0.84672,3695.15,0,18.483,0.0794792,1.92732,1.85712,5.40762,1.16033,7.95226,0.42336,9.2415,0.21168,9.2415,0.21168,442.007,0,1.02816,0,0,2.95548,1.92732,1.028160,1,0,52.7509,0,0,0,52.7509,0
35.706,2.015,0,0,2.52971,0.193541,0.36288,3.6288,57.8023,0.422055,0,0,1.50215,0.247776,0,0.66528,12.849,1,0.724263,0.36288,0,57.3631,4.22048,52.7813,0.84672,12.849,0.84672,3695.15,0,18.483,0.0684645,2.3693,1.8571,5.75903,0.897077,9.01989,0.42336,9.2415,0.21168,9.2415,0.21168,442.007,0,1.02816,0,0,3.39746,2.3693,1.028160,1,0,61.8012,0,0,0,61.8012,0
34.7481,2.01408,0,0,1.61255,0.193444,0.36288,3.6288,58.0032,0.42289,0,0,0.872964,0.249117,0,0.66528,12.849,1,0.724778,0.36288,0,38.3924,4.22048,33.81,0.84672,12.849,0.84672,3695.15,0,18.483,0.0676123,0.802932,1.78429,4.04758,0.897077,5.67011,0.42336,9.2415,0.21168,9.2415,0.21168,442.007,0,1.02816,0,0,1.83109,0.802932,1.028160,1,0,39.4801,0,0,0,39.4801,0
34.9412,1.99306,0,0,2.74024,0.191215,0.36288,3.6288,58.4372,0.423078,0,0,1.10648,0.24944,0,0.66528,12.849,1,0.736983,0.36288,0,67.6297,4.22048,63.0351,0.84672,12.849,0.84672,3695.15,0,18.483,0.0674079,0.796573,1.78427,5.23994,0.897077,6.85629,0.42336,9.2415,0.21168,9.2415,0.21168,442.007,0,1.02816,0,0,1.82473,0.796573,1.028160,1,0,69.8914,0,0,0,69.8914,0
