0st_vol,0capacity,0net_inf,0st_rof,0lt_rof,0rest_demand,0unrest_demand,0unfulf_demand,0wastewater,0treat_capacity,0agg_price,0res_price,0gross_rev,0drought_cost,0cont_contrib,0debt_serv,0infra_npv,1st_vol,1capacity,1net_inf,1st_rof,1lt_rof,1rest_demand,1unrest_demand,1unfulf_demand,1wastewater,1treat_capacity,1agg_price,1res_price,1gross_rev,1drought_cost,1cont_contrib,1debt_serv,1infra_npv
94.3805,94.3805,4.48006,0,0,2.46977,2.46977,0,0,4.6872,4.2723e+06,2.92367e+06,1.05516e+07,0,0,0,0,71.5777,70.5495,4.97269,0,0,1.12031,1.12031,0,0,1.90512,8.8787e+06,3.90788e+06,9.94686e+06,0,0,0,0
94.3805,94.3805,3.76469,0,0,2.47044,2.47044,0,0.462835,4.6872,4.2723e+06,2.92367e+06,1.05545e+07,0,0,0,0,71.5777,70.5495,4.20688,0,0,1.12061,1.12061,0,0.865549,1.90512,8.8787e+06,3.90788e+06,9.94957e+06,0,0,0,0
94.3805,94.3805,6.77559,0,0,2.47111,2.47111,0,0.462961,4.6872,4.2723e+06,2.92367e+06,1.05573e+07,0,0,0,0,71.5777,70.5495,6.27334,0,0,1.12091,1.12091,0,0.865784,1.90512,8.8787e+06,3.90788e+06,9.95227e+06,0,0,0,0
94.3805,94.3805,7.18409,0,0,2.47179,2.47179,0,0.463087,4.6872,4.2723e+06,2.92367e+06,1.05602e+07,0,0,0,0,71.5777,70.5495,8.6876,0,0,1.12122,1.12122,0,0.866019,1.90512,8.8787e+06,3.90788e+06,9.95497e+06,0,0,0,0
94.3805,94.3805,6.60954,0,0,2.71361,2.71361,0,0.463213,4.6872,4.2723e+06,2.92367e+06,1.15934e+07,0,0,0,0,71.5777,70.5495,7.92296,0,0,1.25339,1.25339,0,0.866254,1.90512,8.8787e+06,3.90788e+06,1.11285e+07,0,0,0,0
94.3805,94.3805,8.42284,0,0,2.71435,2.71435,0,0.508531,4.6872,4.2723e+06,2.92367e+06,1.15965e+07,0,0,0,0,71.5777,70.5495,9.9673,0,0,1.25373,1.25373,0,0.96837,1.90512,8.8787e+06,3.90788e+06,1.11315e+07,0,0,0,0
94.3805,94.3805,6.93088,0,0,2.71509,2.71509,0,0.508669,4.6872,4.2723e+06,2.92367e+06,1.15997e+07,0,0,0,0,71.5777,70.5495,7.02495,0,0,1.25407,1.25407,0,0.968633,1.90512,8.8787e+06,3.90788e+06,1.11345e+07,0,0,0,0
94.3805,94.3805,4.76622,0,0,2.71583,2.71583,0,0.508808,4.6872,4.2723e+06,2.92367e+06,1.16028e+07,0,0,0,0,71.5777,70.5495,4.22677,0,0,1.25441,1.25441,0,0.968896,1.90512,8.8787e+06,3.90788e+06,1.11376e+07,0,0,0,0
94.3805,94.3805,6.45423,0,0,2.37222,2.37222,0,0.508946,4.6872,4.2723e+06,2.92367e+06,1.01348e+07,0,0,0,0,71.5777,70.5495,5.15048,0,0,1.07759,1.07759,0,0.969159,1.90512,8.8787e+06,3.90788e+06,9.56763e+06,0,0,0,0
94.3805,94.3805,7.17122,0,0,2.37287,2.37287,0,0.444554,4.6872,4.2723e+06,2.92367e+06,1.01376e+07,0,0,0,0,71.5777,70.5495,6.87928,0,0,1.07789,1.07789,0,0.832549,1.90512,8.8787e+06,3.90788e+06,9.57023e+06,0,0,0,0
94.3805,94.3805,6.57303,0,0,2.37351,2.37351,0,0.444675,4.6872,4.2723e+06,2.92367e+06,1.01403e+07,0,0,0,0,71.5777,70.5495,6.20152,0,0,1.07818,1.07818,0,0.832775,1.90512,8.8787e+06,3.90788e+06,9.57283e+06,0,0,0,0
94.3805,94.3805,6.64525,0,0,2.37415,2.37415,0,0.444796,4.6872,4.2723e+06,2.92367e+06,1.01431e+07,0,0,0,0,71.5777,70.5495,6.01038,0,0,1.07847,1.07847,0,0.833001,1.90512,8.8787e+06,3.90788e+06,9.57543e+06,0,0,0,0
94.3805,94.3805,6.25101,0,0,2.3748,2.3748,0,0.444917,4.6872,4.2723e+06,2.92367e+06,1.01458e+07,0,0,0,0,71.5777,70.5495,5.75791,0,0,1.07876,1.07876,0,0.833227,1.90512,8.8787e+06,3.90788e+06,9.57803e+06,0,0,0,0
94.3805,94.3805,6.64826,0,0,2.46224,2.46224,0,0.445037,4.6872,4.2723e+06,2.92367e+06,1.05194e+07,0,0,0,0,71.5777,70.5495,6.51503,0,0,1.12246,1.12246,0,0.833453,1.90512,8.8787e+06,3.90788e+06,9.96595e+06,0,0,0,0
94.3805,94.3805,5.9465,0,0,2.46291,2.46291,0,0.461423,4.6872,4.2723e+06,2.92367e+06,1.05223e+07,0,0,0,0,71.5777,70.5495,5.25953,0,0,1.12276,1.12276,0,0.867209,1.90512,8.8787e+06,3.90788e+06,9.96866e+06,0,0,0,0
94.3805,94.3805,7.12309,0,0,2.46358,2.46358,0,0.461549,4.6872,4.2723e+06,2.92367e+06,1.05251e+07,0,0,0,0,71.5777,70.5495,6.57865,0,0,1.12307,1.12307,0,0.867445,1.90512,8.8787e+06,3.90788e+06,9.97136e+06,0,0,0,0
94.3805,94.3805,6.11437,0,0,2.46424,2.46424,0,0.461674,4.6872,4.2723e+06,2.92367e+06,1.0528e+07,0,0,0,0,71.5777,70.5495,6.22712,0,0,1.12337,1.12337,0,0.86768,1.90512,8.8787e+06,3.90788e+06,9.97407e+06,0,0,0,0
94.3805,94.3805,5.47676,0,0,2.43094,2.43094,0,0.461799,4.6872,4.2723e+06,2.92367e+06,1.03857e+07,0,0,0,0,71.5777,70.5495,4.27068,0,0,1.1068,1.1068,0,0.867916,1.90512,8.8787e+06,3.90788e+06,9.82696e+06,0,0,0,0
94.3805,94.3805,4.95248,0,0,2.4316,2.4316,0,0.455558,4.6872,4.2723e+06,2.92367e+06,1.03885e+07,0,0,0,0,71.5777,70.5495,4.33758,0,0,1.1071,1.1071,0,0.855115,1.90512,8.8787e+06,3.90788e+06,9.82963e+06,0,0,0,0
94.3805,94.3805,4.4815,0,0,2.43226,2.43226,0,0.455682,4.6872,4.2723e+06,2.92367e+06,1.03913e+07,0,0,0,0,71.5777,70.5495,4.21034,0,0,1.1074,1.1074,0,0.855347,1.90512,8.8787e+06,3.90788e+06,9.8323e+06,0,0,0,0
94.3805,94.3805,5.06539,0,0,2.43292,2.43292,0,0.455806,4.6872,4.2723e+06,2.92367e+06,1.03942e+07,0,0,0,0,71.5777,70.5495,3.81486,0,0,1.1077,1.1077,0,0.855579,1.90512,8.8787e+06,3.90788e+06,9.83497e+06,0,0,0,0
94.3805,94.3805,4.24084,0,0,2.54902,2.54902,0,0.455929,4.6872,4.2723e+06,2.92367e+06,1.08902e+07,0,0,0,0,71.5777,70.5495,3.81796,0,0,1.16791,1.16791,0,0.855812,1.90512,8.8787e+06,3.90788e+06,1.03695e+07,0,0,0,0
94.3805,94.3805,3.85148,0,0,2.54972,2.54972,0,0.477687,4.6872,4.2723e+06,2.92367e+06,1.08931e+07,0,0,0,0,71.5777,70.5495,3.4295,0,0,1.16823,1.16823,0,0.902326,1.90512,8.8787e+06,3.90788e+06,1.03723e+07,0,0,0,0
94.3805,94.3805,3.3735,0,0,2.55041,2.55041,0,0.477817,4.6872,4.2723e+06,2.92367e+06,1.08961e+07,0,0,0,0,71.5777,70.5495,3.20083,0,0,1.16854,1.16854,0,0.902571,1.90512,8.8787e+06,3.90788e+06,1.03751e+07,0,0,0,0
94.3805,94.3805,3.17027,0,0,2.5511,2.5511,0,0.477946,4.6872,4.2723e+06,2.92367e+06,1.08991e+07,0,0,0,0,71.5777,70.5495,3.05895,0,0,1.16886,1.16886,0,0.902816,1.90512,8.8787e+06,3.90788e+06,1.0378e+07,0,0,0,0
94.3805,94.3805,2.94849,0,0,2.55179,2.55179,0,0.478076,4.6872,4.2723e+06,2.92367e+06,1.0902e+07,0,0,0,0,71.5753,70.5495,2.77536,0,0,1.16918,1.16918,0,0.903061,1.90512,8.8787e+06,3.90788e+06,1.03808e+07,0,0,0,0
94.3067,94.3805,2.55336,0,0,2.52962,2.52962,0,0.478206,4.6872,4.2723e+06,2.92367e+06,1.08073e+07,0,0,0,0,71.5709,70.5495,2.08766,0,0,1.20246,1.20246,0,0.903306,1.90512,8.8787e+06,3.90788e+06,1.06763e+07,0,0,0,0
94.1277,94.3805,2.4183,0,0,2.53031,2.53031,0,0.474052,4.6872,4.2723e+06,2.92367e+06,1.08102e+07,0,0,0,0,71.5244,70.5495,2.00408,0,0,1.20279,1.20279,0,0.929024,1.90512,8.8787e+06,3.90788e+06,1.06792e+07,0,0,0,0
93.8409,94.3805,2.29562,0,0,2.531,2.531,0,0.47418,4.6872,4.2723e+06,2.92367e+06,1.08132e+07,0,0,0,0,71.4629,70.5495,1.90873,0,0,1.20312,1.20312,0,0.929276,1.90512,8.8787e+06,3.90788e+06,1.06821e+07,0,0,0,0
93.3916,94.3805,2.12229,0,0,2.53168,2.53168,0,0.474309,4.6872,4.2723e+06,2.92367e+06,1.08161e+07,0,0,0,0,71.4248,70.5495,1.77867,0,0,1.20344,1.20344,0,0.929528,1.90512,8.8787e+06,3.90788e+06,1.0685e+07,0,0,0,0
92.8879,94.3805,2.10188,0,0,2.59147,2.59147,0,0.474438,4.6872,4.2723e+06,2.92367e+06,1.10715e+07,0,0,0,0,71.3429,70.5495,1.7059,0,0,1.23318,1.23318,0,0.92978,1.90512,8.8787e+06,3.90788e+06,1.09491e+07,0,0,0,0
92.1868,94.3805,1.89458,0,0,2.59218,2.59218,0,0.485642,4.6872,4.2723e+06,2.92367e+06,1.10745e+07,0,0,0,0,71.1557,70.5495,1.69828,0,0,1.23352,1.23352,0,0.952759,1.90512,8.8787e+06,3.90788e+06,1.09521e+07,0,0,0,0
91.3859,94.3805,1.78377,0,0,2.59288,2.59288,0,0.485774,4.6872,4.2723e+06,2.92367e+06,1.10776e+07,0,0,0,0,70.9032,70.5495,1.55495,0,0,1.23385,1.23385,0,0.953017,1.90512,8.8787e+06,3.90788e+06,1.0955e+07,0,0,0,0
90.4431,94.3805,1.62001,0,0,2.59358,2.59358,0,0.485906,4.6872,4.2723e+06,2.92367e+06,1.10806e+07,0,0,0,0,70.6078,70.5495,1.47429,0,0,1.23419,1.23419,0,0.953276,1.90512,8.8787e+06,3.90788e+06,1.0958e+07,0,0,0,0
89.2087,94.3805,1.44977,0,0,2.76755,2.76755,0,0.486038,4.6872,4.2723e+06,2.92367e+06,1.18238e+07,0,0,0,0,70.1506,70.5495,1.4211,0,0,1.34081,1.34081,0,0.953535,1.90512,8.8787e+06,3.90788e+06,1.19047e+07,0,0,0,0
87.6923,94.3805,1.15615,0,0,2.7683,2.7683,0,0.518639,4.6872,4.2723e+06,2.92367e+06,1.1827e+07,0,0,0,0,69.6561,70.5495,1.32519,0,0,1.34118,1.34118,0,1.03591,1.90512,8.8787e+06,3.90788e+06,1.19079e+07,0,0,0,0
86.2061,94.3805,1.17488,0,0,2.76905,2.76905,0,0.518779,4.6872,4.2723e+06,2.92367e+06,1.18302e+07,0,0,0,0,69.3217,70.5495,1.27328,0,0,1.34154,1.34154,0,1.03619,1.90512,8.8787e+06,3.90788e+06,1.19111e+07,0,0,0,0
85.2532,94.3805,1.72384,0,0,2.7698,2.7698,0,0.51892,4.6872,4.2723e+06,2.92367e+06,1.18334e+07,0,0,0,0,69.0851,70.5495,1.52148,0,0,1.3419,1.3419,0,1.03647,1.90512,8.8787e+06,3.90788e+06,1.19144e+07,0,0,0,0
84.9707,94.3805,2.44634,0,0,2.77055,2.77055,0,0.519061,4.6872,4.2723e+06,2.92367e+06,1.18366e+07,0,0,0,0,69.1439,70.5495,1.70672,0,0,1.34227,1.34227,0,1.03675,1.90512,8.8787e+06,3.90788e+06,1.19176e+07,0,0,0,0
84.6799,94.3805,2.45753,0,0,2.68675,2.68675,0,0.519202,4.6872,4.2723e+06,2.92367e+06,1.14786e+07,0,0,0,0,69.4894,70.5495,2.42563,0,0,1.27803,1.27803,0,1.03704,1.90512,8.8787e+06,3.90788e+06,1.13473e+07,0,0,0,0
85.9801,94.3805,4.08465,0,0,2.68748,2.68748,0,0.503497,4.6872,4.2723e+06,2.92367e+06,1.14817e+07,0,0,0,0,70.2718,70.5495,4.2318,0,0,1.27838,1.27838,0,0.987408,1.90512,8.8787e+06,3.90788e+06,1.13503e+07,0,0,0,0
85.3266,94.3805,2.088,0,0,2.68821,2.68821,0,0.503634,4.6872,4.2723e+06,2.92367e+06,1.14848e+07,0,0,0,0,70.5727,70.5495,2.56318,0,0,1.27873,1.27873,0,0.987676,1.90512,8.8787e+06,3.90788e+06,1.13534e+07,0,0,0,0
84.7301,94.3805,2.07876,0,0,2.68894,2.68894,0,0.50377,4.6872,4.2723e+06,2.92367e+06,1.14879e+07,0,0,0,0,70.9384,70.5495,2.35922,0,0,1.27907,1.27907,0,0.987944,1.90512,8.8787e+06,3.90788e+06,1.13565e+07,0,0,0,0
84.2763,94.3805,2.35153,0,0,2.62019,2.62019,0,0.503907,4.6872,4.2723e+06,2.92367e+06,1.11942e+07,0,0,0,0,71.1487,70.5495,2.533,0,0,1.22055,1.22055,0,0.988212,1.90512,8.8787e+06,3.90788e+06,1.08369e+07,0,0,0,0
83.4114,94.3805,1.91725,0,0,2.6209,2.6209,0,0.491023,4.6872,4.2723e+06,2.92367e+06,1.11973e+07,0,0,0,0,71.3325,70.5495,1.63033,0,0,1.22089,1.22089,0,0.943,1.90512,8.8787e+06,3.90788e+06,1.08399e+07,0,0,0,0
82.8401,94.3805,2.27709,0,0,2.62161,2.62161,0,0.491157,4.6872,4.2723e+06,2.92367e+06,1.12003e+07,0,0,0,0,71.5777,70.5495,3.51917,0,0,1.22122,1.22122,0,0.943256,1.90512,8.8787e+06,3.90788e+06,1.08428e+07,0,0,0,0
85.6229,94.3805,5.99271,0,0,2.62232,2.62232,0,0.49129,4.6872,4.2723e+06,2.92367e+06,1.12033e+07,0,0,0,0,71.5777,70.5495,7.17695,0,0,1.22155,1.22155,0,0.943512,1.90512,8.8787e+06,3.90788e+06,1.08458e+07,0,0,0,0
86.1127,94.3805,3.31967,0,0,2.42549,2.42549,0,0.491423,4.6872,4.2723e+06,2.92367e+06,1.03624e+07,0,0,0,0,71.5777,70.5495,3.84007,0,0,1.09915,1.09915,0,0.943768,1.90512,8.8787e+06,3.90788e+06,9.75899e+06,0,0,0,0
88.2717,94.3805,5.25835,0,0,2.42615,2.42615,0,0.454537,4.6872,4.2723e+06,2.92367e+06,1.03652e+07,0,0,0,0,71.5777,70.5495,5.88941,0,0,1.09944,1.09944,0,0.8492,1.90512,8.8787e+06,3.90788e+06,9.76164e+06,0,0,0,0
91.6257,94.3805,6.48628,0,0,2.42681,2.42681,0,0.45466,4.6872,4.2723e+06,2.92367e+06,1.0368e+07,0,0,0,0,71.5777,70.5495,7.32523,0,0,1.09974,1.09974,0,0.849431,1.90512,8.8787e+06,3.90788e+06,9.76429e+06,0,0,0,0
92.7333,94.3805,4.2356,0,0,2.42746,2.42746,0,0.454783,4.6872,4.2723e+06,2.92367e+06,1.03708e+07,0,0,0,0,71.5777,70.5495,4.82798,0,0,1.10004,1.10004,0,0.849661,1.90512,8.8787e+06,3.90788e+06,9.76694e+06,0,0,0,0
92.6653,94.3805,2.84381,0,0,2.42812,2.42812,0,0.454907,4.6872,4.2723e+06,2.92367e+06,1.03737e+07,0,0,0,0,71.5777,70.5495,3.28096,0,0,1.10034,1.10034,0,0.849892,1.90512,8.8787e+06,3.90788e+06,9.76959e+06,0,0,0,0
93.9998,94.3805,4.23667,0,0,2.50486,2.50486,0,0.45503,4.6872,4.2723e+06,2.92367e+06,1.07015e+07,0,0,0,0,71.5777,70.5495,5.09762,0,0,1.13622,1.13622,0,0.850122,1.90512,8.8787e+06,3.90788e+06,1.00882e+07,0,0,0,0
94.3805,94.3805,6.62071,0,0,2.50552,2.50552,0,0.46941,4.6872,4.2723e+06,2.92367e+06,1.07043e+07,0,0,0,0,71.5777,70.5495,7.51457,0,0,1.13652,1.13652,0,0.877845,1.90512,8.8787e+06,3.90788e+06,1.00908e+07,0,0,0,0
94.3805,94.3805,8.65024,0,0,2.50618,2.50618,0,0.469534,4.6872,4.2723e+06,2.92367e+06,1.07071e+07,0,0,0,0,71.5777,70.5495,9.74095,0,0,1.13682,1.13682,0,0.878075,1.90512,8.8787e+06,3.90788e+06,1.00935e+07,0,0,0,0
94.3805,94.3805,14.6917,0,0,2.50683,2.50683,0,0.469657,4.6872,4.2723e+06,2.92367e+06,1.07099e+07,0,0,0,0,71.5777,70.5495,14.8263,0,0,1.13712,1.13712,0,0.878306,1.90512,8.8787e+06,3.90788e+06,1.00961e+07,0,0,0,0
94.3805,94.3805,12.7584,0,0,2.75207,2.75207,0,0.469781,4.6872,4.2723e+06,2.92367e+06,1.17577e+07,0,0,0,0,71.5777,70.5495,11.454,0,0,1.27115,1.27115,0,0.878537,1.90512,8.8787e+06,3.90788e+06,1.12862e+07,0,0,0,0
94.3805,94.3805,9.96263,0,0,2.75279,2.75279,0,0.515738,4.6872,4.2723e+06,2.92367e+06,1.17607e+07,0,0,0,0,71.5777,70.5495,13.0471,0,0,1.27149,1.27149,0,0.982093,1.90512,8.8787e+06,3.90788e+06,1.12892e+07,0,0,0,0
94.3805,94.3805,8.92617,0,0,2.75352,2.75352,0,0.515873,4.6872,4.2723e+06,2.92367e+06,1.17638e+07,0,0,0,0,71.5777,70.5495,11.6877,0,0,1.27182,1.27182,0,0.982351,1.90512,8.8787e+06,3.90788e+06,1.12921e+07,0,0,0,0
94.3805,94.3805,6.44981,0,0,2.75424,2.75424,0,0.516009,4.6872,4.2723e+06,2.92367e+06,1.17669e+07,0,0,0,0,71.5777,70.5495,8.57446,0,0,1.27216,1.27216,0,0.982609,1.90512,8.8787e+06,3.90788e+06,1.12951e+07,0,0,0,0
94.3805,94.3805,6.00023,0,0,2.40576,2.40576,0,0.516145,4.6872,4.2723e+06,2.92367e+06,1.02781e+07,0,0,0,0,71.5777,70.5495,6.7941,0,0,1.09283,1.09283,0,0.982868,1.90512,8.8787e+06,3.90788e+06,9.70288e+06,0,0,0,0
94.3805,94.3805,7.38342,0,0,2.40639,2.40639,0,0.450839,4.6872,4.2723e+06,2.92367e+06,1.02808e+07,0,0,0,0,71.5777,70.5495,12.0273,0,0,1.09311,1.09311,0,0.844318,1.90512,8.8787e+06,3.90788e+06,9.70543e+06,0,0,0,0
94.3805,94.3805,6.60466,0,0,2.40702,2.40702,0,0.450957,4.6872,4.2723e+06,2.92367e+06,1.02835e+07,0,0,0,0,71.5777,70.5495,9.54776,0,0,1.0934,1.0934,0,0.84454,1.90512,8.8787e+06,3.90788e+06,9.70798e+06,0,0,0,0
94.3805,94.3805,8.9777,0,0,2.40765,2.40765,0,0.451076,4.6872,4.2723e+06,2.92367e+06,1.02862e+07,0,0,0,0,71.5777,70.5495,15.2769,0,0,1.09369,1.09369,0,0.844762,1.90512,8.8787e+06,3.90788e+06,9.71053e+06,0,0,0,0
94.3805,94.3805,11.7372,0,0,2.40829,2.40829,0,0.451194,4.6872,4.2723e+06,2.92367e+06,1.02889e+07,0,0,0,0,71.5777,70.5495,19.0042,0,0,1.09398,1.09398,0,0.844984,1.90512,8.8787e+06,3.90788e+06,9.71309e+06,0,0,0,0
94.3805,94.3805,5.33241,0,0,2.49694,2.49694,0,0.451313,4.6872,4.2723e+06,2.92367e+06,1.06677e+07,0,0,0,0,71.5777,70.5495,7.71742,0,0,1.13827,1.13827,0,0.845206,1.90512,8.8787e+06,3.90788e+06,1.01064e+07,0,0,0,0
94.3805,94.3805,5.6289,0,0,2.49759,2.49759,0,0.467926,4.6872,4.2723e+06,2.92367e+06,1.06705e+07,0,0,0,0,71.5777,70.5495,9.43882,0,0,1.13857,1.13857,0,0.879431,1.90512,8.8787e+06,3.90788e+06,1.01091e+07,0,0,0,0
94.3805,94.3805,4.20166,0,0,2.49825,2.49825,0,0.468049,4.6872,4.2723e+06,2.92367e+06,1.06733e+07,0,0,0,0,71.5777,70.5495,6.49539,0,0,1.13887,1.13887,0,0.879662,1.90512,8.8787e+06,3.90788e+06,1.01117e+07,0,0,0,0
94.3805,94.3805,4.02011,0,0,2.49891,2.49891,0,0.468172,4.6872,4.2723e+06,2.92367e+06,1.06761e+07,0,0,0,0,71.5777,70.5495,6.69712,0,0,1.13917,1.13917,0,0.879893,1.90512,8.8787e+06,3.90788e+06,1.01144e+07,0,0,0,0
94.3805,94.3805,4.35564,0,0,2.46511,2.46511,0,0.468295,4.6872,4.2723e+06,2.92367e+06,1.05317e+07,0,0,0,0,71.5777,70.5495,5.7817,0,0,1.12236,1.12236,0,0.880124,1.90512,8.8787e+06,3.90788e+06,9.9651e+06,0,0,0,0
94.3805,94.3805,4.30414,0,0,2.46576,2.46576,0,0.461962,4.6872,4.2723e+06,2.92367e+06,1.05345e+07,0,0,0,0,71.5777,70.5495,6.03305,0,0,1.12266,1.12266,0,0.867136,1.90512,8.8787e+06,3.90788e+06,9.96772e+06,0,0,0,0
94.3805,94.3805,3.88474,0,0,2.46641,2.46641,0,0.462084,4.6872,4.2723e+06,2.92367e+06,1.05372e+07,0,0,0,0,71.5777,70.5495,6.24451,0,0,1.12295,1.12295,0,0.867364,1.90512,8.8787e+06,3.90788e+06,9.97034e+06,0,0,0,0
94.3805,94.3805,4.23149,0,0,2.46706,2.46706,0,0.462205,4.6872,4.2723e+06,2.92367e+06,1.054e+07,0,0,0,0,71.5777,70.5495,5.40381,0,0,1.12325,1.12325,0,0.867592,1.90512,8.8787e+06,3.90788e+06,9.97296e+06,0,0,0,0
94.3805,94.3805,3.99778,0,0,2.58477,2.58477,0,0.462327,4.6872,4.2723e+06,2.92367e+06,1.10429e+07,0,0,0,0,71.5777,70.5495,5.64942,0,0,1.18429,1.18429,0,0.86782,1.90512,8.8787e+06,3.90788e+06,1.05149e+07,0,0,0,0
94.3805,94.3805,4.03274,0,0,2.58545,2.58545,0,0.484385,4.6872,4.2723e+06,2.92367e+06,1.10458e+07,0,0,0,0,71.5777,70.5495,5.57008,0,0,1.1846,1.1846,0,0.914979,1.90512,8.8787e+06,3.90788e+06,1.05177e+07,0,0,0,0
94.3805,94.3805,3.60107,0,0,2.58613,2.58613,0,0.484513,4.6872,4.2723e+06,2.92367e+06,1.10487e+07,0,0,0,0,71.5777,70.5495,5.09502,0,0,1.18491,1.18491,0,0.91522,1.90512,8.8787e+06,3.90788e+06,1.05204e+07,0,0,0,0
94.3805,94.3805,3.39196,0,0,2.58681,2.58681,0,0.48464,4.6872,4.2723e+06,2.92367e+06,1.10516e+07,0,0,0,0,71.5777,70.5495,4.89843,0,0,1.18522,1.18522,0,0.91546,1.90512,8.8787e+06,3.90788e+06,1.05232e+07,0,0,0,0
94.3805,94.3805,3.20842,0,0,2.58749,2.58749,0,0.484767,4.6872,4.2723e+06,2.92367e+06,1.10545e+07,0,0,0,0,71.5777,70.5495,4.59601,0,0,1.18553,1.18553,0,0.915701,1.90512,8.8787e+06,3.90788e+06,1.0526e+07,0,0,0,0
94.3805,94.3805,3.43796,0,0,2.56499,2.56499,0,0.484895,4.6872,4.2723e+06,2.92367e+06,1.09584e+07,0,0,0,0,71.5777,70.5495,5.09121,0,0,1.21927,1.21927,0,0.915941,1.90512,8.8787e+06,3.90788e+06,1.08256e+07,0,0,0,0
94.3805,94.3805,3.25362,0,0,2.56566,2.56566,0,0.480678,4.6872,4.2723e+06,2.92367e+06,1.09613e+07,0,0,0,0,71.5777,70.5495,4.90957,0,0,1.21959,1.21959,0,0.94201,1.90512,8.8787e+06,3.90788e+06,1.08284e+07,0,0,0,0
94.3805,94.3805,3.08532,0,0,2.56633,2.56633,0,0.480805,4.6872,4.2723e+06,2.92367e+06,1.09641e+07,0,0,0,0,71.5777,70.5495,4.66009,0,0,1.21991,1.21991,0,0.942258,1.90512,8.8787e+06,3.90788e+06,1.08313e+07,0,0,0,0
94.3805,94.3805,2.86193,0,0,2.56701,2.56701,0,0.480931,4.6872,4.2723e+06,2.92367e+06,1.0967e+07,0,0,0,0,71.5777,70.5495,4.36416,0,0,1.22023,1.22023,0,0.942506,1.90512,8.8787e+06,3.90788e+06,1.08341e+07,0,0,0,0
94.3805,94.3805,2.78311,0,0,2.62761,2.62761,0,0.481057,4.6872,4.2723e+06,2.92367e+06,1.12259e+07,0,0,0,0,71.5777,70.5495,3.69728,0,0,1.25038,1.25038,0,0.942753,1.90512,8.8787e+06,3.90788e+06,1.11018e+07,0,0,0,0
94.1943,94.3805,2.47956,0,0,2.6283,2.6283,0,0.492414,4.6872,4.2723e+06,2.92367e+06,1.12289e+07,0,0,0,0,71.5777,70.5495,3.14912,0,0,1.25071,1.25071,0,0.966044,1.90512,8.8787e+06,3.90788e+06,1.11047e+07,0,0,0,0
93.8018,94.3805,2.26121,0,0,2.62899,2.62899,0,0.492543,4.6872,4.2723e+06,2.92367e+06,1.12318e+07,0,0,0,0,71.5777,70.5495,2.89405,0,0,1.25104,1.25104,0,0.966298,1.90512,8.8787e+06,3.90788e+06,1.11076e+07,0,0,0,0
93.1447,94.3805,1.97576,0,0,2.62968,2.62968,0,0.492673,4.6872,4.2723e+06,2.92367e+06,1.12348e+07,0,0,0,0,71.5777,70.5495,2.86879,0,0,1.25137,1.25137,0,0.966552,1.90512,8.8787e+06,3.90788e+06,1.11105e+07,0,0,0,0
92.1595,94.3805,1.79084,0,0,2.80604,2.80604,0,0.492802,4.6872,4.2723e+06,2.92367e+06,1.19882e+07,0,0,0,0,71.5777,70.5495,2.87079,0,0,1.35946,1.35946,0,0.966806,1.90512,8.8787e+06,3.90788e+06,1.20702e+07,0,0,0,0
91.4293,94.3805,2.03201,0,0,2.80678,2.80678,0,0.525852,4.6872,4.2723e+06,2.92367e+06,1.19914e+07,0,0,0,0,71.5777,70.5495,3.16984,0,0,1.35982,1.35982,0,1.05032,1.90512,8.8787e+06,3.90788e+06,1.20734e+07,0,0,0,0
90.6425,94.3805,1.97176,0,0,2.80752,2.80752,0,0.525991,4.6872,4.2723e+06,2.92367e+06,1.19945e+07,0,0,0,0,71.5777,70.5495,3.07892,0,0,1.36018,1.36018,0,1.0506,1.90512,8.8787e+06,3.90788e+06,1.20766e+07,0,0,0,0
90.2988,94.3805,2.42896,0,0,2.80826,2.80826,0,0.526129,4.6872,4.2723e+06,2.92367e+06,1.19977e+07,0,0,0,0,71.5777,70.5495,3.4138,0,0,1.36053,1.36053,0,1.05087,1.90512,8.8787e+06,3.90788e+06,1.20798e+07,0,0,0,0
89.4016,94.3805,1.85044,0,0,2.80899,2.80899,0,0.526267,4.6872,4.2723e+06,2.92367e+06,1.20009e+07,0,0,0,0,71.5777,70.5495,3.0512,0,0,1.36089,1.36089,0,1.05115,1.90512,8.8787e+06,3.90788e+06,1.20829e+07,0,0,0,0
88.1071,94.3805,1.33568,0,0,2.724,2.724,0,0.526405,4.6872,4.2723e+06,2.92367e+06,1.16377e+07,0,0,0,0,71.5777,70.5495,2.73365,0,0,1.29575,1.29575,0,1.05142,1.90512,8.8787e+06,3.90788e+06,1.15046e+07,0,0,0,0
86.5789,94.3805,1.07904,0,0,2.72472,2.72472,0,0.510478,4.6872,4.2723e+06,2.92367e+06,1.16408e+07,0,0,0,0,71.5777,70.5495,2.09809,0,0,1.29609,1.29609,0,1.0011,1.90512,8.8787e+06,3.90788e+06,1.15076e+07,0,0,0,0
85.4375,94.3805,1.52572,0,0,2.72544,2.72544,0,0.510612,4.6872,4.2723e+06,2.92367e+06,1.16439e+07,0,0,0,0,71.5777,70.5495,2.42592,0,0,1.29643,1.29643,0,1.00136,1.90512,8.8787e+06,3.90788e+06,1.15106e+07,0,0,0,0
86.2852,94.3805,3.7726,0,0,2.72615,2.72615,0,0.510747,4.6872,4.2723e+06,2.92367e+06,1.16469e+07,0,0,0,0,71.5777,70.5495,4.24753,0,0,1.29677,1.29677,0,1.00162,1.90512,8.8787e+06,3.90788e+06,1.15137e+07,0,0,0,0
85.3712,94.3805,1.87645,0,0,2.65643,2.65643,0,0.510881,4.6872,4.2723e+06,2.92367e+06,1.1349e+07,0,0,0,0,71.5777,70.5495,2.31789,0,0,1.23743,1.23743,0,1.00189,1.90512,8.8787e+06,3.90788e+06,1.09868e+07,0,0,0,0
84.959,94.3805,2.50967,0,0,2.65712,2.65712,0,0.497814,4.6872,4.2723e+06,2.92367e+06,1.1352e+07,0,0,0,0,71.5777,70.5495,3.5878,0,0,1.23776,1.23776,0,0.956042,1.90512,8.8787e+06,3.90788e+06,1.09897e+07,0,0,0,0
86.8633,94.3805,5.0731,0,0,2.65782,2.65782,0,0.497945,4.6872,4.2723e+06,2.92367e+06,1.1355e+07,0,0,0,0,71.5777,70.5495,7.38297,0,0,1.23809,1.23809,0,0.956293,1.90512,8.8787e+06,3.90788e+06,1.09926e+07,0,0,0,0
87.9539,94.3805,4.08456,0,0,2.65852,2.65852,0,0.498076,4.6872,4.2723e+06,2.92367e+06,1.1358e+07,0,0,0,0,71.5777,70.5495,5.5915,0,0,1.23841,1.23841,0,0.956545,1.90512,8.8787e+06,3.90788e+06,1.09955e+07,0,0,0,0
88.0731,94.3805,2.90627,0,0,2.45895,2.45895,0,0.498207,4.6872,4.2723e+06,2.92367e+06,1.05054e+07,0,0,0,0,71.5777,70.5495,4.70166,0,0,1.11431,1.11431,0,0.956796,1.90512,8.8787e+06,3.90788e+06,9.89362e+06,0,0,0,0
89.5933,94.3805,4.42004,0,0,2.4596,2.4596,0,0.460807,4.6872,4.2723e+06,2.92367e+06,1.05081e+07,0,0,0,0,71.5777,70.5495,4.09041,0,0,1.1146,1.1146,0,0.860915,1.90512,8.8787e+06,3.90788e+06,9.89622e+06,0,0,0,0
91.5712,94.3805,5.03477,0,0,2.46024,2.46024,0,0.460928,4.6872,4.2723e+06,2.92367e+06,1.05109e+07,0,0,0,0,71.5777,70.5495,4.31815,0,0,1.11489,1.11489,0,0.861141,1.90512,8.8787e+06,3.90788e+06,9.89882e+06,0,0,0,0
94.3805,94.3805,6.07489,0,0,2.46089,2.46089,0,0.461049,4.6872,4.2723e+06,2.92367e+06,1.05136e+07,0,0,0,0,71.5777,70.5495,6.87978,0,0,1.11519,1.11519,0,0.861368,1.90512,8.8787e+06,3.90788e+06,9.90142e+06,0,0,0,0
94.3805,94.3805,9.55378,0,0,2.46153,2.46153,0,0.46117,4.6872,4.2723e+06,2.92367e+06,1.05164e+07,0,0,0,0,71.5777,70.5495,10.8443,0,0,1.11548,1.11548,0,0.861594,1.90512,8.8787e+06,3.90788e+06,9.90402e+06,0,0,0,0
94.3805,94.3805,8.86423,0,0,2.5393,2.5393,0,0.461292,4.6872,4.2723e+06,2.92367e+06,1.08487e+07,0,0,0,0,71.5777,70.5495,6.25355,0,0,1.15185,1.15185,0,0.86182,1.90512,8.8787e+06,3.90788e+06,1.02269e+07,0,0,0,0
94.3805,94.3805,6.51242,0,0,2.53995,2.53995,0,0.475866,4.6872,4.2723e+06,2.92367e+06,1.08514e+07,0,0,0,0,71.5777,70.5495,5.9471,0,0,1.15214,1.15214,0,0.889916,1.90512,8.8787e+06,3.90788e+06,1.02295e+07,0,0,0,0
94.3805,94.3805,5.99477,0,0,2.54059,2.54059,0,0.475986,4.6872,4.2723e+06,2.92367e+06,1.08542e+07,0,0,0,0,71.5777,70.5495,6.69647,0,0,1.15243,1.15243,0,0.890142,1.90512,8.8787e+06,3.90788e+06,1.02321e+07,0,0,0,0
94.3805,94.3805,6.68081,0,0,2.54124,2.54124,0,0.476107,4.6872,4.2723e+06,2.92367e+06,1.08569e+07,0,0,0,0,71.5777,70.5495,6.22135,0,0,1.15272,1.15272,0,0.890368,1.90512,8.8787e+06,3.90788e+06,1.02347e+07,0,0,0,0
94.3805,94.3805,8.44165,0,0,2.78981,2.78981,0,0.476228,4.6872,4.2723e+06,2.92367e+06,1.19189e+07,0,0,0,0,71.5777,70.5495,9.00607,0,0,1.28859,1.28859,0,0.890595,1.90512,8.8787e+06,3.90788e+06,1.1441e+07,0,0,0,0
94.3805,94.3805,9.83203,0,0,2.79052,2.79052,0,0.522811,4.6872,4.2723e+06,2.92367e+06,1.19219e+07,0,0,0,0,71.5777,70.5495,11.0181,0,0,1.28891,1.28891,0,0.995563,1.90512,8.8787e+06,3.90788e+06,1.14439e+07,0,0,0,0
94.3805,94.3805,7.14009,0,0,2.79123,2.79123,0,0.522944,4.6872,4.2723e+06,2.92367e+06,1.1925e+07,0,0,0,0,71.5777,70.5495,7.20076,0,0,1.28924,1.28924,0,0.995815,1.90512,8.8787e+06,3.90788e+06,1.14468e+07,0,0,0,0
94.3805,94.3805,6.6413,0,0,2.79194,2.79194,0,0.523077,4.6872,4.2723e+06,2.92367e+06,1.1928e+07,0,0,0,0,71.5777,70.5495,6.5453,0,0,1.28957,1.28957,0,0.996068,1.90512,8.8787e+06,3.90788e+06,1.14497e+07,0,0,0,0
94.3805,94.3805,7.82732,0,0,2.43866,2.43866,0,0.52321,4.6872,4.2723e+06,2.92367e+06,1.04187e+07,0,0,0,0,71.5777,70.5495,8.40265,0,0,1.10778,1.10778,0,0.996322,1.90512,8.8787e+06,3.90788e+06,9.83561e+06,0,0,0,0
94.3805,94.3805,10.5537,0,0,2.43928,2.43928,0,0.457006,4.6872,4.2723e+06,2.92367e+06,1.04213e+07,0,0,0,0,71.5777,70.5495,8.23719,0,0,1.10806,1.10806,0,0.855867,1.90512,8.8787e+06,3.90788e+06,9.83811e+06,0,0,0,0
94.3805,94.3805,14.4763,0,0,2.4399,2.4399,0,0.457122,4.6872,4.2723e+06,2.92367e+06,1.0424e+07,0,0,0,0,71.5777,70.5495,12.9105,0,0,1.10834,1.10834,0,0.856085,1.90512,8.8787e+06,3.90788e+06,9.84061e+06,0,0,0,0
94.3805,94.3805,18.9735,0,0,2.44052,2.44052,0,0.457238,4.6872,4.2723e+06,2.92367e+06,1.04266e+07,0,0,0,0,71.5777,70.5495,16.5105,0,0,1.10862,1.10862,0,0.856302,1.90512,8.8787e+06,3.90788e+06,9.84311e+06,0,0,0,0
94.3805,94.3805,11.9788,0,0,2.44114,2.44114,0,0.457354,4.6872,4.2723e+06,2.92367e+06,1.04293e+07,0,0,0,0,71.5777,70.5495,7.26743,0,0,1.1089,1.1089,0,0.85652,1.90512,8.8787e+06,3.90788e+06,9.84561e+06,0,0,0,0
94.3805,94.3805,7.3755,0,0,2.53098,2.53098,0,0.45747,4.6872,4.2723e+06,2.92367e+06,1.08131e+07,0,0,0,0,71.5777,70.5495,9.90043,0,0,1.15379,1.15379,0,0.856737,1.90512,8.8787e+06,3.90788e+06,1.02442e+07,0,0,0,0
94.3805,94.3805,5.58794,0,0,2.53162,2.53162,0,0.474306,4.6872,4.2723e+06,2.92367e+06,1.08158e+07,0,0,0,0,71.5777,70.5495,6.17052,0,0,1.15409,1.15409,0,0.891421,1.90512,8.8787e+06,3.90788e+06,1.02468e+07,0,0,0,0
94.3805,94.3805,8.29652,0,0,2.53227,2.53227,0,0.474426,4.6872,4.2723e+06,2.92367e+06,1.08186e+07,0,0,0,0,71.5777,70.5495,10.7977,0,0,1.15438,1.15438,0,0.891647,1.90512,8.8787e+06,3.90788e+06,1.02494e+07,0,0,0,0
94.3805,94.3805,5.64388,0,0,2.53291,2.53291,0,0.474547,4.6872,4.2723e+06,2.92367e+06,1.08213e+07,0,0,0,0,71.5777,70.5495,5.96726,0,0,1.15467,1.15467,0,0.891874,1.90512,8.8787e+06,3.90788e+06,1.0252e+07,0,0,0,0
94.3805,94.3805,6.28256,0,0,2.49863,2.49863,0,0.474667,4.6872,4.2723e+06,2.92367e+06,1.06749e+07,0,0,0,0,71.5777,70.5495,7.07185,0,0,1.13762,1.13762,0,0.8921,1.90512,8.8787e+06,3.90788e+06,1.01006e+07,0,0,0,0
94.3805,94.3805,5.18719,0,0,2.49927,2.49927,0,0.468244,4.6872,4.2723e+06,2.92367e+06,1.06776e+07,0,0,0,0,71.5777,70.5495,5.87565,0,0,1.13791,1.13791,0,0.878927,1.90512,8.8787e+06,3.90788e+06,1.01032e+07,0,0,0,0
94.3805,94.3805,4.31351,0,0,2.4999,2.4999,0,0.468363,4.6872,4.2723e+06,2.92367e+06,1.06803e+07,0,0,0,0,71.5777,70.5495,5.15876,0,0,1.1382,1.1382,0,0.87915,1.90512,8.8787e+06,3.90788e+06,1.01057e+07,0,0,0,0
94.3805,94.3805,3.81665,0,0,2.50054,2.50054,0,0.468482,4.6872,4.2723e+06,2.92367e+06,1.0683e+07,0,0,0,0,71.5777,70.5495,4.58096,0,0,1.13849,1.13849,0,0.879374,1.90512,8.8787e+06,3.90788e+06,1.01083e+07,0,0,0,0
94.3805,94.3805,3.54525,0,0,2.61982,2.61982,0,0.468601,4.6872,4.2723e+06,2.92367e+06,1.11927e+07,0,0,0,0,71.5777,70.5495,4.23216,0,0,1.20035,1.20035,0,0.879597,1.90512,8.8787e+06,3.90788e+06,1.06575e+07,0,0,0,0
94.3805,94.3805,3.85202,0,0,2.62049,2.62049,0,0.490955,4.6872,4.2723e+06,2.92367e+06,1.11955e+07,0,0,0,0,71.5777,70.5495,4.1555,0,0,1.20065,1.20065,0,0.927388,1.90512,8.8787e+06,3.90788e+06,1.06602e+07,0,0,0,0
94.3805,94.3805,3.67914,0,0,2.62115,2.62115,0,0.491079,4.6872,4.2723e+06,2.92367e+06,1.11983e+07,0,0,0,0,71.5777,70.5495,3.98835,0,0,1.20096,1.20096,0,0.927624,1.90512,8.8787e+06,3.90788e+06,1.06629e+07,0,0,0,0
94.3805,94.3805,3.52156,0,0,2.62182,2.62182,0,0.491204,4.6872,4.2723e+06,2.92367e+06,1.12012e+07,0,0,0,0,71.5777,70.5495,4.26535,0,0,1.20126,1.20126,0,0.927859,1.90512,8.8787e+06,3.90788e+06,1.06656e+07,0,0,0,0
94.3805,94.3805,3.2457,0,0,2.62248,2.62248,0,0.491329,4.6872,4.2723e+06,2.92367e+06,1.1204e+07,0,0,0,0,71.5777,70.5495,4.02634,0,0,1.20157,1.20157,0,0.928095,1.90512,8.8787e+06,3.90788e+06,1.06684e+07,0,0,0,0
94.3805,94.3805,3.11605,0,0,2.59966,2.59966,0,0.491454,4.6872,4.2723e+06,2.92367e+06,1.11065e+07,0,0,0,0,71.5777,70.5495,3.03004,0,0,1.23575,1.23575,0,0.928331,1.90512,8.8787e+06,3.90788e+06,1.09719e+07,0,0,0,0
94.3805,94.3805,2.95194,0,0,2.60032,2.60032,0,0.487176,4.6872,4.2723e+06,2.92367e+06,1.11093e+07,0,0,0,0,71.5777,70.5495,2.73104,0,0,1.23607,1.23607,0,0.954744,1.90512,8.8787e+06,3.90788e+06,1.09747e+07,0,0,0,0
94.3805,94.3805,2.80119,0,0,2.60098,2.60098,0,0.487299,4.6872,4.2723e+06,2.92367e+06,1.11121e+07,0,0,0,0,71.5777,70.5495,2.62479,0,0,1.23638,1.23638,0,0.954986,1.90512,8.8787e+06,3.90788e+06,1.09775e+07,0,0,0,0
94.2619,94.3805,2.59809,0,0,2.60164,2.60164,0,0.487423,4.6872,4.2723e+06,2.92367e+06,1.1115e+07,0,0,0,0,71.5777,70.5495,2.44703,0,0,1.2367,1.2367,0,0.955229,1.90512,8.8787e+06,3.90788e+06,1.09803e+07,0,0,0,0
94.3805,94.3805,2.91322,0,0,2.66303,2.66303,0,0.487547,4.6872,4.2723e+06,2.92367e+06,1.13773e+07,0,0,0,0,71.5777,70.5495,2.51667,0,0,1.26724,1.26724,0,0.955471,1.90512,8.8787e+06,3.90788e+06,1.12514e+07,0,0,0,0
94.3805,94.3805,3.09523,0,0,2.66371,2.66371,0,0.499052,4.6872,4.2723e+06,2.92367e+06,1.13801e+07,0,0,0,0,71.5777,70.5495,2.59436,0,0,1.26756,1.26756,0,0.979067,1.90512,8.8787e+06,3.90788e+06,1.12543e+07,0,0,0,0
94.3805,94.3805,2.82241,0,0,2.66438,2.66438,0,0.499179,4.6872,4.2723e+06,2.92367e+06,1.1383e+07,0,0,0,0,71.5777,70.5495,2.38862,0,0,1.26788,1.26788,0,0.979316,1.90512,8.8787e+06,3.90788e+06,1.12571e+07,0,0,0,0
94.1344,94.3805,2.46535,0,0,2.66506,2.66506,0,0.499306,4.6872,4.2723e+06,2.92367e+06,1.13859e+07,0,0,0,0,71.5777,70.5495,2.36891,0,0,1.2682,1.2682,0,0.979565,1.90512,8.8787e+06,3.90788e+06,1.126e+07,0,0,0,0
93.4071,94.3805,2.13303,0,0,2.84377,2.84377,0,0.499432,4.6872,4.2723e+06,2.92367e+06,1.21494e+07,0,0,0,0,71.5777,70.5495,2.30482,0,0,1.37774,1.37774,0,0.979813,1.90512,8.8787e+06,3.90788e+06,1.22325e+07,0,0,0,0
93.0643,94.3805,2.48988,0,0,2.84449,2.84449,0,0.532923,4.6872,4.2723e+06,2.92367e+06,1.21525e+07,0,0,0,0,71.4448,70.5495,2.10857,0,0,1.37809,1.37809,0,1.06444,1.90512,8.8787e+06,3.90788e+06,1.22356e+07,0,0,0,0
92.7711,94.3805,2.52127,0,0,2.84522,2.84522,0,0.533058,4.6872,4.2723e+06,2.92367e+06,1.21556e+07,0,0,0,0,71.3849,70.5495,2.27171,0,0,1.37844,1.37844,0,1.06471,1.90512,8.8787e+06,3.90788e+06,1.22387e+07,0,0,0,0
92.4985,94.3805,2.56244,0,0,2.84594,2.84594,0,0.533193,4.6872,4.2723e+06,2.92367e+06,1.21587e+07,0,0,0,0,71.3361,70.5495,2.69448,0,0,1.37879,1.37879,0,1.06498,1.90512,8.8787e+06,3.90788e+06,1.22419e+07,0,0,0,0
92.1081,94.3805,2.41325,0,0,2.84666,2.84666,0,0.533329,4.6872,4.2723e+06,2.92367e+06,1.21618e+07,0,0,0,0,71.2575,70.5495,2.23073,0,0,1.37914,1.37914,0,1.06525,1.90512,8.8787e+06,3.90788e+06,1.2245e+07,0,0,0,0
91.1428,94.3805,1.80705,0,0,2.76051,2.76051,0,0.533464,4.6872,4.2723e+06,2.92367e+06,1.17937e+07,0,0,0,0,71.2204,70.5495,1.92146,0,0,1.31312,1.31312,0,1.06552,1.90512,8.8787e+06,3.90788e+06,1.16588e+07,0,0,0,0
91.6916,94.3805,3.38248,0,0,2.76121,2.76121,0,0.517319,4.6872,4.2723e+06,2.92367e+06,1.17967e+07,0,0,0,0,71.5363,70.5495,3.61821,0,0,1.31345,1.31345,0,1.01451,1.90512,8.8787e+06,3.90788e+06,1.16617e+07,0,0,0,0
90.5183,94.3805,1.59087,0,0,2.76191,2.76191,0,0.51745,4.6872,4.2723e+06,2.92367e+06,1.17997e+07,0,0,0,0,71.4975,70.5495,2.0051,0,0,1.31378,1.31378,0,1.01477,1.90512,8.8787e+06,3.90788e+06,1.16647e+07,0,0,0,0
89.5354,94.3805,1.7575,0,0,2.76261,2.76261,0,0.517582,4.6872,4.2723e+06,2.92367e+06,1.18027e+07,0,0,0,0,71.5445,70.5495,2.0132,0,0,1.31412,1.31412,0,1.01503,1.90512,8.8787e+06,3.90788e+06,1.16676e+07,0,0,0,0
91.3894,94.3805,4.8274,0,0,2.69193,2.69193,0,0.517713,4.6872,4.2723e+06,2.92367e+06,1.15007e+07,0,0,0,0,71.5777,70.5495,4.83073,0,0,1.25397,1.25397,0,1.01529,1.90512,8.8787e+06,3.90788e+06,1.11336e+07,0,0,0,0
93.3359,94.3805,4.89619,0,0,2.69261,2.69261,0,0.504467,4.6872,4.2723e+06,2.92367e+06,1.15036e+07,0,0,0,0,71.5777,70.5495,4.03952,0,0,1.25429,1.25429,0,0.968819,1.90512,8.8787e+06,3.90788e+06,1.11365e+07,0,0,0,0
92.7018,94.3805,2.18722,0,0,2.69329,2.69329,0,0.504595,4.6872,4.2723e+06,2.92367e+06,1.15066e+07,0,0,0,0,71.5777,70.5495,2.55282,0,0,1.25461,1.25461,0,0.969065,1.90512,8.8787e+06,3.90788e+06,1.11393e+07,0,0,0,0
92.4577,94.3805,2.65202,0,0,2.69398,2.69398,0,0.504723,4.6872,4.2723e+06,2.92367e+06,1.15095e+07,0,0,0,0,71.5777,70.5495,3.02808,0,0,1.25493,1.25493,0,0.969311,1.90512,8.8787e+06,3.90788e+06,1.11421e+07,0,0,0,0
93.4227,94.3805,3.76131,0,0,2.49172,2.49172,0,0.504852,4.6872,4.2723e+06,2.92367e+06,1.06454e+07,0,0,0,0,71.5777,70.5495,3.69107,0,0,1.12916,1.12916,0,0.969557,1.90512,8.8787e+06,3.90788e+06,1.00255e+07,0,0,0,0
94.2658,94.3805,3.80096,0,0,2.49236,2.49236,0,0.466949,4.6872,4.2723e+06,2.92367e+06,1.06481e+07,0,0,0,0,71.5777,70.5495,2.87104,0,0,1.12945,1.12945,0,0.87239,1.90512,8.8787e+06,3.90788e+06,1.0028e+07,0,0,0,0
94.3805,94.3805,4.624,0,0,2.49299,2.49299,0,0.467068,4.6872,4.2723e+06,2.92367e+06,1.06508e+07,0,0,0,0,71.5777,70.5495,2.73939,0,0,1.12973,1.12973,0,0.872611,1.90512,8.8787e+06,3.90788e+06,1.00306e+07,0,0,0,0
94.3805,94.3805,5.77373,0,0,2.49362,2.49362,0,0.467186,4.6872,4.2723e+06,2.92367e+06,1.06535e+07,0,0,0,0,71.5777,70.5495,3.35281,0,0,1.13002,1.13002,0,0.872833,1.90512,8.8787e+06,3.90788e+06,1.00331e+07,0,0,0,0
94.3805,94.3805,9.92563,0,0,2.49425,2.49425,0,0.467305,4.6872,4.2723e+06,2.92367e+06,1.06562e+07,0,0,0,0,71.5777,70.5495,6.80617,0,0,1.13031,1.13031,0,0.873055,1.90512,8.8787e+06,3.90788e+06,1.00357e+07,0,0,0,0
94.3805,94.3805,9.0591,0,0,2.57303,2.57303,0,0.467423,4.6872,4.2723e+06,2.92367e+06,1.09928e+07,0,0,0,0,71.5777,70.5495,9.73825,0,0,1.16715,1.16715,0,0.873276,1.90512,8.8787e+06,3.90788e+06,1.03627e+07,0,0,0,0
94.3805,94.3805,7.85087,0,0,2.57366,2.57366,0,0.482187,4.6872,4.2723e+06,2.92367e+06,1.09955e+07,0,0,0,0,71.5777,70.5495,7.7787,0,0,1.16743,1.16743,0,0.901737,1.90512,8.8787e+06,3.90788e+06,1.03653e+07,0,0,0,0
94.3805,94.3805,6.24322,0,0,2.5743,2.5743,0,0.482305,4.6872,4.2723e+06,2.92367e+06,1.09982e+07,0,0,0,0,71.5777,70.5495,5.19254,0,0,1.16772,1.16772,0,0.901958,1.90512,8.8787e+06,3.90788e+06,1.03678e+07,0,0,0,0
94.3805,94.3805,5.95636,0,0,2.57493,2.57493,0,0.482423,4.6872,4.2723e+06,2.92367e+06,1.10008e+07,0,0,0,0,71.5777,70.5495,4.66077,0,0,1.168,1.168,0,0.902179,1.90512,8.8787e+06,3.90788e+06,1.03704e+07,0,0,0,0
94.3805,94.3805,6.69065,0,0,2.82677,2.82677,0,0.482541,4.6872,4.2723e+06,2.92367e+06,1.20768e+07,0,0,0,0,71.5777,70.5495,6.79142,0,0,1.30566,1.30566,0,0.9024,1.90512,8.8787e+06,3.90788e+06,1.15925e+07,0,0,0,0
94.3805,94.3805,6.8787,0,0,2.82746,2.82746,0,0.529737,4.6872,4.2723e+06,2.92367e+06,1.20798e+07,0,0,0,0,71.5777,70.5495,5.70978,0,0,1.30598,1.30598,0,1.00875,1.90512,8.8787e+06,3.90788e+06,1.15954e+07,0,0,0,0
94.3805,94.3805,7.96666,0,0,2.82816,2.82816,0,0.529867,4.6872,4.2723e+06,2.92367e+06,1.20827e+07,0,0,0,0,71.5777,70.5495,7.21984,0,0,1.3063,1.3063,0,1.009,1.90512,8.8787e+06,3.90788e+06,1.15982e+07,0,0,0,0
94.3805,94.3805,9.20699,0,0,2.82885,2.82885,0,0.529997,4.6872,4.2723e+06,2.92367e+06,1.20857e+07,0,0,0,0,71.5777,70.5495,9.75178,0,0,1.30662,1.30662,0,1.00925,1.90512,8.8787e+06,3.90788e+06,1.16011e+07,0,0,0,0
94.3805,94.3805,7.35829,0,0,2.47088,2.47088,0,0.530127,4.6872,4.2723e+06,2.92367e+06,1.05563e+07,0,0,0,0,71.5777,70.5495,9.07873,0,0,1.12241,1.12241,0,1.00949,1.90512,8.8787e+06,3.90788e+06,9.96554e+06,0,0,0,0
94.3805,94.3805,6.03301,0,0,2.47149,2.47149,0,0.463043,4.6872,4.2723e+06,2.92367e+06,1.05589e+07,0,0,0,0,71.5777,70.5495,3.78472,0,0,1.12268,1.12268,0,0.867174,1.90512,8.8787e+06,3.90788e+06,9.96798e+06,0,0,0,0
94.3805,94.3805,6.11509,0,0,2.47209,2.47209,0,0.463157,4.6872,4.2723e+06,2.92367e+06,1.05615e+07,0,0,0,0,71.5777,70.5495,7.06192,0,0,1.12296,1.12296,0,0.867386,1.90512,8.8787e+06,3.90788e+06,9.97043e+06,0,0,0,0
94.3805,94.3805,5.47571,0,0,2.4727,2.4727,0,0.46327,4.6872,4.2723e+06,2.92367e+06,1.05641e+07,0,0,0,0,71.5777,70.5495,5.61087,0,0,1.12324,1.12324,0,0.867599,1.90512,8.8787e+06,3.90788e+06,9.97287e+06,0,0,0,0
94.3805,94.3805,7.43367,0,0,2.4733,2.4733,0,0.463384,4.6872,4.2723e+06,2.92367e+06,1.05667e+07,0,0,0,0,71.5777,70.5495,8.90284,0,0,1.12351,1.12351,0,0.867811,1.90512,8.8787e+06,3.90788e+06,9.97531e+06,0,0,0,0
94.3805,94.3805,8.72686,0,0,2.5643,2.5643,0,0.463497,4.6872,4.2723e+06,2.92367e+06,1.09555e+07,0,0,0,0,71.5777,70.5495,10.6443,0,0,1.16898,1.16898,0,0.868024,1.90512,8.8787e+06,3.90788e+06,1.03791e+07,0,0,0,0
94.3805,94.3805,7.24889,0,0,2.56493,2.56493,0,0.48055,4.6872,4.2723e+06,2.92367e+06,1.09581e+07,0,0,0,0,71.5777,70.5495,8.5297,0,0,1.16927,1.16927,0,0.903157,1.90512,8.8787e+06,3.90788e+06,1.03816e+07,0,0,0,0
94.3805,94.3805,6.23919,0,0,2.56556,2.56556,0,0.480668,4.6872,4.2723e+06,2.92367e+06,1.09608e+07,0,0,0,0,71.5777,70.5495,8.12268,0,0,1.16956,1.16956,0,0.903378,1.90512,8.8787e+06,3.90788e+06,1.03841e+07,0,0,0,0
94.3805,94.3805,5.82232,0,0,2.56619,2.56619,0,0.480786,4.6872,4.2723e+06,2.92367e+06,1.09635e+07,0,0,0,0,71.5777,70.5495,8.28285,0,0,1.16984,1.16984,0,0.903599,1.90512,8.8787e+06,3.90788e+06,1.03867e+07,0,0,0,0
94.3805,94.3805,5.50569,0,0,2.53144,2.53144,0,0.480903,4.6872,4.2723e+06,2.92367e+06,1.08151e+07,0,0,0,0,71.5777,70.5495,7.3472,0,0,1.15256,1.15256,0,0.903821,1.90512,8.8787e+06,3.90788e+06,1.02332e+07,0,0,0,0
94.3805,94.3805,4.66665,0,0,2.53206,2.53206,0,0.474392,4.6872,4.2723e+06,2.92367e+06,1.08177e+07,0,0,0,0,71.5777,70.5495,6.0425,0,0,1.15284,1.15284,0,0.890466,1.90512,8.8787e+06,3.90788e+06,1.02357e+07,0,0,0,0
94.3805,94.3805,4.34801,0,0,2.53268,2.53268,0,0.474508,4.6872,4.2723e+06,2.92367e+06,1.08204e+07,0,0,0,0,71.5777,70.5495,5.72788,0,0,1.15312,1.15312,0,0.890685,1.90512,8.8787e+06,3.90788e+06,1.02382e+07,0,0,0,0
94.3805,94.3805,3.93719,0,0,2.5333,2.5333,0,0.474624,4.6872,4.2723e+06,2.92367e+06,1.0823e+07,0,0,0,0,71.5777,70.5495,5.13121,0,0,1.15341,1.15341,0,0.890903,1.90512,8.8787e+06,3.90788e+06,1.02407e+07,0,0,0,0
94.3805,94.3805,3.72074,0,0,2.65412,2.65412,0,0.47474,4.6872,4.2723e+06,2.92367e+06,1.13392e+07,0,0,0,0,71.5777,70.5495,4.57322,0,0,1.21606,1.21606,0,0.891121,1.90512,8.8787e+06,3.90788e+06,1.07971e+07,0,0,0,0
94.3805,94.3805,3.95369,0,0,2.65477,2.65477,0,0.497382,4.6872,4.2723e+06,2.92367e+06,1.1342e+07,0,0,0,0,71.5777,70.5495,4.81154,0,0,1.21636,1.21636,0,0.93953,1.90512,8.8787e+06,3.90788e+06,1.07997e+07,0,0,0,0
94.3805,94.3805,3.44887,0,0,2.65542,2.65542,0,0.497504,4.6872,4.2723e+06,2.92367e+06,1.13448e+07,0,0,0,0,71.5777,70.5495,4.16616,0,0,1.21666,1.21666,0,0.93976,1.90512,8.8787e+06,3.90788e+06,1.08023e+07,0,0,0,0
94.3805,94.3805,3.04382,0,0,2.65607,2.65607,0,0.497626,4.6872,4.2723e+06,2.92367e+06,1.13475e+07,0,0,0,0,71.5777,70.5495,4.15899,0,0,1.21696,1.21696,0,0.93999,1.90512,8.8787e+06,3.90788e+06,1.0805e+07,0,0,0,0
94.2129,94.3805,2.77855,0,0,2.65672,2.65672,0,0.497748,4.6872,4.2723e+06,2.92367e+06,1.13503e+07,0,0,0,0,71.5777,70.5495,3.80951,0,0,1.21725,1.21725,0,0.940221,1.90512,8.8787e+06,3.90788e+06,1.08076e+07,0,0,0,0
94.1944,94.3805,2.87385,0,0,2.63357,2.63357,0,0.49787,4.6872,4.2723e+06,2.92367e+06,1.12514e+07,0,0,0,0,71.5777,70.5495,3.40124,0,0,1.25188,1.25188,0,0.940451,1.90512,8.8787e+06,3.90788e+06,1.1115e+07,0,0,0,0
94.1576,94.3805,2.8323,0,0,2.63422,2.63422,0,0.493532,4.6872,4.2723e+06,2.92367e+06,1.12542e+07,0,0,0,0,71.5777,70.5495,3.35036,0,0,1.25218,1.25218,0,0.9672,1.90512,8.8787e+06,3.90788e+06,1.11178e+07,0,0,0,0
93.9979,94.3805,2.6862,0,0,2.63487,2.63487,0,0.493653,4.6872,4.2723e+06,2.92367e+06,1.12569e+07,0,0,0,0,71.5777,70.5495,3.19128,0,0,1.25249,1.25249,0,0.967437,1.90512,8.8787e+06,3.90788e+06,1.11205e+07,0,0,0,0
93.6534,94.3805,2.48486,0,0,2.63551,2.63551,0,0.493774,4.6872,4.2723e+06,2.92367e+06,1.12597e+07,0,0,0,0,71.5777,70.5495,2.97435,0,0,1.2528,1.2528,0,0.967674,1.90512,8.8787e+06,3.90788e+06,1.11232e+07,0,0,0,0
93.1481,94.3805,2.36481,0,0,2.69768,2.69768,0,0.493895,4.6872,4.2723e+06,2.92367e+06,1.15253e+07,0,0,0,0,71.5777,70.5495,2.90234,0,0,1.28372,1.28372,0,0.967911,1.90512,8.8787e+06,3.90788e+06,1.13978e+07,0,0,0,0
92.4859,94.3805,2.16654,0,0,2.69834,2.69834,0,0.505545,4.6872,4.2723e+06,2.92367e+06,1.15281e+07,0,0,0,0,71.5777,70.5495,3.27072,0,0,1.28404,1.28404,0,0.991805,1.90512,8.8787e+06,3.90788e+06,1.14006e+07,0,0,0,0
91.6809,94.3805,2.00319,0,0,2.699,2.699,0,0.505669,4.6872,4.2723e+06,2.92367e+06,1.15309e+07,0,0,0,0,71.5777,70.5495,2.91784,0,0,1.28435,1.28435,0,0.992048,1.90512,8.8787e+06,3.90788e+06,1.14034e+07,0,0,0,0
90.9244,94.3805,2.05433,0,0,2.69966,2.69966,0,0.505793,4.6872,4.2723e+06,2.92367e+06,1.15338e+07,0,0,0,0,71.5777,70.5495,3.2982,0,0,1.28467,1.28467,0,0.992292,1.90512,8.8787e+06,3.90788e+06,1.14062e+07,0,0,0,0
90.1066,94.3805,2.13988,0,0,2.88067,2.88067,0,0.505917,4.6872,4.2723e+06,2.92367e+06,1.23071e+07,0,0,0,0,71.5777,70.5495,3.47561,0,0,1.39561,1.39561,0,0.992535,1.90512,8.8787e+06,3.90788e+06,1.23912e+07,0,0,0,0
89.2531,94.3805,2.09671,0,0,2.88137,2.88137,0,0.539837,4.6872,4.2723e+06,2.92367e+06,1.23101e+07,0,0,0,0,71.5777,70.5495,3.03897,0,0,1.39596,1.39596,0,1.07825,1.90512,8.8787e+06,3.90788e+06,1.23943e+07,0,0,0,0
88.6423,94.3805,2.38443,0,0,2.88208,2.88208,0,0.539969,4.6872,4.2723e+06,2.92367e+06,1.23131e+07,0,0,0,0,71.5777,70.5495,3.72083,0,0,1.3963,1.3963,0,1.07852,1.90512,8.8787e+06,3.90788e+06,1.23973e+07,0,0,0,0
87.5925,94.3805,1.9242,0,0,2.88278,2.88278,0,0.540101,4.6872,4.2723e+06,2.92367e+06,1.23161e+07,0,0,0,0,71.5777,70.5495,2.68786,0,0,1.39664,1.39664,0,1.07878,1.90512,8.8787e+06,3.90788e+06,1.24004e+07,0,0,0,0
86.9458,94.3805,2.34637,0,0,2.88349,2.88349,0,0.540234,4.6872,4.2723e+06,2.92367e+06,1.23191e+07,0,0,0,0,71.5777,70.5495,4.68062,0,0,1.39698,1.39698,0,1.07904,1.90512,8.8787e+06,3.90788e+06,1.24034e+07,0,0,0,0
86.1178,94.3805,2.14926,0,0,2.7962,2.7962,0,0.540366,4.6872,4.2723e+06,2.92367e+06,1.19462e+07,0,0,0,0,71.5777,70.5495,3.68531,0,0,1.33009,1.33009,0,1.07931,1.90512,8.8787e+06,3.90788e+06,1.18095e+07,0,0,0,0
85.5354,94.3805,2.44509,0,0,2.79688,2.79688,0,0.524007,4.6872,4.2723e+06,2.92367e+06,1.19491e+07,0,0,0,0,71.5777,70.5495,4.11971,0,0,1.33042,1.33042,0,1.02763,1.90512,8.8787e+06,3.90788e+06,1.18124e+07,0,0,0,0
85.7752,94.3805,3.28981,0,0,2.79757,2.79757,0,0.524135,4.6872,4.2723e+06,2.92367e+06,1.1952e+07,0,0,0,0,71.5777,70.5495,4.56293,0,0,1.33074,1.33074,0,1.02788,1.90512,8.8787e+06,3.90788e+06,1.18153e+07,0,0,0,0
87.1027,94.3805,4.69216,0,0,2.79825,2.79825,0,0.524264,4.6872,4.2723e+06,2.92367e+06,1.1955e+07,0,0,0,0,71.5777,70.5495,7.51458,0,0,1.33107,1.33107,0,1.02813,1.90512,8.8787e+06,3.90788e+06,1.18182e+07,0,0,0,0
88.1054,94.3805,4.33401,0,0,2.72663,2.72663,0,0.524392,4.6872,4.2723e+06,2.92367e+06,1.1649e+07,0,0,0,0,71.5777,70.5495,5.88171,0,0,1.27014,1.27014,0,1.02839,1.90512,8.8787e+06,3.90788e+06,1.12772e+07,0,0,0,0
90.7889,94.3805,6.15097,0,0,2.7273,2.7273,0,0.510971,4.6872,4.2723e+06,2.92367e+06,1.16518e+07,0,0,0,0,71.5777,70.5495,6.10265,0,0,1.27045,1.27045,0,0.98131,1.90512,8.8787e+06,3.90788e+06,1.12799e+07,0,0,0,0
93.0226,94.3805,5.41132,0,0,2.72797,2.72797,0,0.511096,4.6872,4.2723e+06,2.92367e+06,1.16547e+07,0,0,0,0,71.5777,70.5495,3.75324,0,0,1.27076,1.27076,0,0.98155,1.90512,8.8787e+06,3.90788e+06,1.12827e+07,0,0,0,0
94.3805,94.3805,6.21028,0,0,2.72864,2.72864,0,0.511221,4.6872,4.2723e+06,2.92367e+06,1.16575e+07,0,0,0,0,71.5777,70.5495,4.84986,0,0,1.27107,1.27107,0,0.98179,1.90512,8.8787e+06,3.90788e+06,1.12855e+07,0,0,0,0
94.3805,94.3805,5.69203,0,0,2.52376,2.52376,0,0.511347,4.6872,4.2723e+06,2.92367e+06,1.07822e+07,0,0,0,0,71.5777,70.5495,4.76157,0,0,1.14368,1.14368,0,0.982031,1.90512,8.8787e+06,3.90788e+06,1.01544e+07,0,0,0,0
94.3805,94.3805,5.05979,0,0,2.52438,2.52438,0,0.472952,4.6872,4.2723e+06,2.92367e+06,1.07849e+07,0,0,0,0,71.5777,70.5495,8.1527,0,0,1.14396,1.14396,0,0.883605,1.90512,8.8787e+06,3.90788e+06,1.01569e+07,0,0,0,0
94.3805,94.3805,3.85473,0,0,2.52499,2.52499,0,0.473068,4.6872,4.2723e+06,2.92367e+06,1.07875e+07,0,0,0,0,71.5777,70.5495,4.65333,0,0,1.14424,1.14424,0,0.883822,1.90512,8.8787e+06,3.90788e+06,1.01593e+07,0,0,0,0
94.3805,94.3805,3.53689,0,0,2.52561,2.52561,0,0.473184,4.6872,4.2723e+06,2.92367e+06,1.07902e+07,0,0,0,0,71.5777,70.5495,3.64659,0,0,1.14452,1.14452,0,0.884038,1.90512,8.8787e+06,3.90788e+06,1.01618e+07,0,0,0,0
94.3805,94.3805,3.4664,0,0,2.52623,2.52623,0,0.4733,4.6872,4.2723e+06,2.92367e+06,1.07928e+07,0,0,0,0,71.5777,70.5495,3.02943,0,0,1.1448,1.1448,0,0.884255,1.90512,8.8787e+06,3.90788e+06,1.01643e+07,0,0,0,0
94.3805,94.3805,11.9236,0,0,2.606,2.606,0,0.473416,4.6872,4.2723e+06,2.92367e+06,1.11336e+07,0,0,0,0,71.5777,70.5495,6.63827,0,1,1.1821,1.1821,0,0.884471,1.90512,8.8787e+06,3.90788e+06,1.04955e+07,0,0,0,0
94.3805,94.3805,10.0488,0,0,2.60661,2.60661,0,0.488364,4.6872,4.2723e+06,2.92367e+06,1.11362e+07,0,0,0,0,71.5777,70.5495,8.45028,0,1,1.18238,1.18238,0,0.913289,1.90512,8.8787e+06,3.90788e+06,1.0498e+07,0,0,0,0
94.3805,94.3805,5.55498,0,0,2.60723,2.60723,0,0.488479,4.6872,4.2723e+06,2.92367e+06,1.11388e+07,0,0,0,0,71.5777,70.5495,5.68911,0,1,1.18266,1.18266,0,0.913505,1.90512,8.8787e+06,3.90788e+06,1.05005e+07,0,0,0,0
94.3805,94.3805,7.75189,0,0,2.60784,2.60784,0,0.488594,4.6872,4.2723e+06,2.92367e+06,1.11415e+07,0,0,0,0,71.5777,70.5495,8.0078,0,1,1.18294,1.18294,0,0.913721,1.90512,8.8787e+06,3.90788e+06,1.05029e+07,0,0,0,0
94.3805,94.3805,5.58514,0,0,2.86288,2.86288,0,0.48871,4.6872,4.2723e+06,2.92367e+06,1.22311e+07,0,0,0,0,71.5777,70.5495,5.94142,0,1,1.32234,1.32234,0,0.913936,1.90512,8.8787e+06,3.90788e+06,1.17406e+07,0,0,0,0
94.3805,94.3805,7.75117,0,0,2.86356,2.86356,0,0.536504,4.6872,4.2723e+06,2.92367e+06,1.2234e+07,0,0,0,0,71.5777,70.5495,6.21546,0,1,1.32265,1.32265,0,1.02164,1.90512,8.8787e+06,3.90788e+06,1.17434e+07,0,0,0,0
94.3805,94.3805,6.81818,0,0,2.86423,2.86423,0,0.536631,4.6872,4.2723e+06,2.92367e+06,1.22369e+07,0,0,0,0,71.5777,70.5495,6.37948,0,1,1.32296,1.32296,0,1.02188,1.90512,8.8787e+06,3.90788e+06,1.17462e+07,0,0,0,0
94.3805,94.3805,5.65886,0,0,2.86491,2.86491,0,0.536757,4.6872,4.2723e+06,2.92367e+06,1.22397e+07,0,0,0,0,71.5777,70.5495,4.95366,0,1,1.32327,1.32327,0,1.02212,1.90512,8.8787e+06,3.90788e+06,1.17489e+07,0,0,0,0
94.3805,94.3805,5.52738,0,0,2.50236,2.50236,0,0.536884,4.6872,4.2723e+06,2.92367e+06,1.06908e+07,0,0,0,0,71.5777,70.5495,4.25981,0,1,1.13671,1.13671,0,1.02236,1.90512,8.8787e+06,3.90788e+06,1.00925e+07,0,0,0,0
94.3805,94.3805,5.7982,0,0,2.50295,2.50295,0,0.468941,4.6872,4.2723e+06,2.92367e+06,1.06933e+07,0,0,0,0,71.5777,70.5495,6.85945,0,1,1.13698,1.13698,0,0.87822,1.90512,8.8787e+06,3.90788e+06,1.00949e+07,0,0,0,0
94.3805,94.3805,5.1039,0,0,2.50354,2.50354,0,0.469052,4.6872,4.2723e+06,2.92367e+06,1.06958e+07,0,0,0,0,71.5777,70.5495,4.55509,0,1,1.13724,1.13724,0,0.878427,1.90512,8.8787e+06,3.90788e+06,1.00972e+07,0,0,0,0
94.3805,94.3805,3.71025,0,0,2.50413,2.50413,0,0.469163,4.6872,4.2723e+06,2.92367e+06,1.06984e+07,0,0,0,0,71.5777,70.5495,3.61936,0,1,1.13751,1.13751,0,0.878635,1.90512,8.8787e+06,3.90788e+06,1.00996e+07,0,0,0,0
94.3805,94.3805,3.30651,0,0,2.50472,2.50472,0,0.469274,4.6872,4.2723e+06,2.92367e+06,1.07009e+07,0,0,0,0,71.5777,70.5495,2.67705,0,1,1.13778,1.13778,0,0.878842,1.90512,8.8787e+06,3.90788e+06,1.0102e+07,0,0,0,0
94.3805,94.3805,4.23708,0,0,2.59685,2.59685,0,0.469384,4.6872,4.2723e+06,2.92367e+06,1.10945e+07,0,0,0,0,71.5777,70.5495,4.61374,0,1,1.18382,1.18382,0,0.87905,1.90512,8.8787e+06,3.90788e+06,1.05108e+07,0,0,0,0
94.3805,94.3805,4.09298,0,0,2.59746,2.59746,0,0.486649,4.6872,4.2723e+06,2.92367e+06,1.10971e+07,0,0,0,0,71.5777,70.5495,4.43019,0,1,1.1841,1.1841,0,0.91462,1.90512,8.8787e+06,3.90788e+06,1.05133e+07,0,0,0,0
94.3805,94.3805,5.37536,0,0,2.59808,2.59808,0,0.486764,4.6872,4.2723e+06,2.92367e+06,1.10997e+07,0,0,0,0,71.5777,70.5495,5.25928,0,1,1.18438,1.18438,0,0.914836,1.90512,8.8787e+06,3.90788e+06,1.05158e+07,0,0,0,0
94.3805,94.3805,4.46573,0,0,2.59869,2.59869,0,0.486879,4.6872,4.2723e+06,2.92367e+06,1.11024e+07,0,0,0,0,71.5777,70.5495,5.00794,0,1,1.18466,1.18466,0,0.915052,1.90512,8.8787e+06,3.90788e+06,1.05182e+07,0,0,0,0
94.3805,94.3805,3.58598,0,0,2.56348,2.56348,0,0.486994,4.6872,4.2723e+06,2.92367e+06,1.09519e+07,0,0,0,0,71.5777,70.5495,4.25691,0,1,1.16715,1.16715,0,0.915268,1.90512,8.8787e+06,3.90788e+06,1.03627e+07,0,0,0,0
94.3805,94.3805,3.0841,0,0,2.56408,2.56408,0,0.480396,4.6872,4.2723e+06,2.92367e+06,1.09545e+07,0,0,0,0,71.5777,70.5495,3.4736,0,1,1.16742,1.16742,0,0.901736,1.90512,8.8787e+06,3.90788e+06,1.03652e+07,0,0,0,0
94.2411,94.3805,2.76137,0,0,2.56469,2.56469,0,0.480509,4.6872,4.2723e+06,2.92367e+06,1.09571e+07,0,0,0,0,71.5777,70.5495,3.07998,0,1,1.1677,1.1677,0,0.901949,1.90512,8.8787e+06,3.90788e+06,1.03676e+07,0,0,0,0
93.9388,94.3805,2.55438,0,0,2.56529,2.56529,0,0.480622,4.6872,4.2723e+06,2.92367e+06,1.09597e+07,0,0,0,0,71.5777,70.5495,2.91726,0,1,1.16797,1.16797,0,0.902162,1.90512,8.8787e+06,3.90788e+06,1.03701e+07,0,0,0,0
93.4851,94.3805,2.49015,0,0,2.68762,2.68762,0,0.480736,4.6872,4.2723e+06,2.92367e+06,1.14823e+07,0,0,0,0,71.5777,70.5495,3.39074,0,1,1.23141,1.23141,0,0.902375,1.90512,8.8787e+06,3.90788e+06,1.09333e+07,0,0,0,0
92.9915,94.3805,2.40471,0,0,2.68825,2.68825,0,0.503659,4.6872,4.2723e+06,2.92367e+06,1.1485e+07,0,0,0,0,71.5777,70.5495,3.37291,0,1,1.2317,1.2317,0,0.951387,1.90512,8.8787e+06,3.90788e+06,1.09359e+07,0,0,0,0
92.4748,94.3805,2.35684,0,0,2.68889,2.68889,0,0.503778,4.6872,4.2723e+06,2.92367e+06,1.14877e+07,0,0,0,0,71.5777,70.5495,3.05175,0,1,1.23199,1.23199,0,0.951611,1.90512,8.8787e+06,3.90788e+06,1.09385e+07,0,0,0,0
91.699,94.3805,2.06818,0,0,2.68952,2.68952,0,0.503897,4.6872,4.2723e+06,2.92367e+06,1.14904e+07,0,0,0,0,71.5777,70.5495,2.84964,0,1,1.23228,1.23228,0,0.951836,1.90512,8.8787e+06,3.90788e+06,1.09411e+07,0,0,0,0
90.8622,94.3805,1.94154,0,0,2.69016,2.69016,0,0.504016,4.6872,4.2723e+06,2.92367e+06,1.14931e+07,0,0,0,0,71.5777,70.5495,2.72233,0,1,1.23257,1.23257,0,0.952061,1.90512,8.8787e+06,3.90788e+06,1.09436e+07,0,0,0,0
90.3433,94.3805,2.27053,0,0,2.66669,2.66669,0,0.504135,4.6872,4.2723e+06,2.92367e+06,1.13929e+07,0,0,0,0,71.5777,70.5495,3.25331,0,1,1.26762,1.26762,0,0.952285,1.90512,8.8787e+06,3.90788e+06,1.12548e+07,0,0,0,0
90.0333,94.3805,2.46877,0,0,2.66732,2.66732,0,0.499738,4.6872,4.2723e+06,2.92367e+06,1.13956e+07,0,0,0,0,71.5777,70.5495,3.60851,0,1,1.26792,1.26792,0,0.979362,1.90512,8.8787e+06,3.90788e+06,1.12575e+07,0,0,0,0
89.6194,94.3805,2.34325,0,0,2.66795,2.66795,0,0.499856,4.6872,4.2723e+06,2.92367e+06,1.13983e+07,0,0,0,0,71.5777,70.5495,3.49176,0,1,1.26822,1.26822,0,0.979594,1.90512,8.8787e+06,3.90788e+06,1.12601e+07,0,0,0,0
89.063,94.3805,2.1834,0,0,2.66858,2.66858,0,0.499974,4.6872,4.2723e+06,2.92367e+06,1.1401e+07,0,0,0,0,71.5777,70.5495,3.23782,0,1,1.26852,1.26852,0,0.979825,1.90512,8.8787e+06,3.90788e+06,1.12628e+07,0,0,0,0
88.4272,94.3805,2.13622,0,0,2.7315,2.7315,0,0.500092,4.6872,4.2723e+06,2.92367e+06,1.16698e+07,0,0,0,0,71.5777,70.5495,3.13318,0,1,1.29982,1.29982,0,0.980056,1.90512,8.8787e+06,3.90788e+06,1.15407e+07,0,0,0,0
87.7782,94.3805,2.11519,0,0,2.73215,2.73215,0,0.511884,4.6872,4.2723e+06,2.92367e+06,1.16725e+07,0,0,0,0,71.5777,70.5495,2.95209,0,1,1.30013,1.30013,0,1.00424,1.90512,8.8787e+06,3.90788e+06,1.15434e+07,0,0,0,0
87.0057,94.3805,1.94959,0,0,2.73279,2.73279,0,0.512005,4.6872,4.2723e+06,2.92367e+06,1.16753e+07,0,0,0,0,71.5777,70.5495,2.7981,0,1,1.30043,1.30043,0,1.00448,1.90512,8.8787e+06,3.90788e+06,1.15462e+07,0,0,0,0
86.0783,94.3805,1.77495,0,0,2.73344,2.73344,0,0.512125,4.6872,4.2723e+06,2.92367e+06,1.16781e+07,0,0,0,0,71.5777,70.5495,2.4575,0,1,1.30074,1.30074,0,1.00472,1.90512,8.8787e+06,3.90788e+06,1.15489e+07,0,0,0,0
85.223,94.3805,2.01925,0,0,2.91668,2.91668,0,0.512246,4.6872,4.2723e+06,2.92367e+06,1.24609e+07,0,0,0,0,71.5777,70.5495,3.20817,0,1,1.41306,1.41306,0,1.00495,1.90512,8.8787e+06,3.90788e+06,1.25462e+07,0,0,0,0
84.577,94.3805,2.20069,0,0,2.91737,2.91737,0,0.546586,4.6872,4.2723e+06,2.92367e+06,1.24639e+07,0,0,0,0,71.5777,70.5495,3.36901,0,1,1.4134,1.4134,0,1.09173,1.90512,8.8787e+06,3.90788e+06,1.25491e+07,0,0,0,0
83.4932,94.3805,1.75473,0,0,2.91806,2.91806,0,0.546715,4.6872,4.2723e+06,2.92367e+06,1.24668e+07,0,0,0,0,71.5777,70.5495,2.47634,0,1,1.41373,1.41373,0,1.09199,1.90512,8.8787e+06,3.90788e+06,1.25521e+07,0,0,0,0
82.7046,94.3805,2.04256,0,0,2.91875,2.91875,0,0.546844,4.6872,4.2723e+06,2.92367e+06,1.24697e+07,0,0,0,0,71.5777,70.5495,3.73769,0,1,1.41406,1.41406,0,1.09225,1.90512,8.8787e+06,3.90788e+06,1.2555e+07,0,0,0,0
81.6122,94.3805,1.72982,0,0,2.91944,2.91944,0,0.546973,4.6872,4.2723e+06,2.92367e+06,1.24727e+07,0,0,0,0,71.5777,70.5495,2.88863,0,1,1.4144,1.4144,0,1.09251,1.90512,8.8787e+06,3.90788e+06,1.2558e+07,0,0,0,0
80.9093,94.3805,2.05433,0,0,2.83103,2.83103,0,0.547102,4.6872,4.2723e+06,2.92367e+06,1.2095e+07,0,0,0,0,71.5777,70.5495,3.02968,0,1,1.34666,1.34666,0,1.09276,1.90512,8.8787e+06,3.90788e+06,1.19566e+07,0,0,0,0
80.912,94.3805,2.86075,0,0,2.8317,2.8317,0,0.530535,4.6872,4.2723e+06,2.92367e+06,1.20978e+07,0,0,0,0,71.5777,70.5495,3.61404,0,1,1.34698,1.34698,0,1.04043,1.90512,8.8787e+06,3.90788e+06,1.19594e+07,0,0,0,0
80.439,94.3805,2.40551,0,0,2.83236,2.83236,0,0.53066,4.6872,4.2723e+06,2.92367e+06,1.21007e+07,0,0,0,0,71.5777,70.5495,4.03676,0,1,1.3473,1.3473,0,1.04068,1.90512,8.8787e+06,3.90788e+06,1.19623e+07,0,0,0,0
80.3883,94.3805,2.89813,0,0,2.83303,2.83303,0,0.530785,4.6872,4.2723e+06,2.92367e+06,1.21036e+07,0,0,0,0,71.5777,70.5495,5.83195,0,1,1.34762,1.34762,0,1.04092,1.90512,8.8787e+06,3.90788e+06,1.19651e+07,0,0,0,0
80.2142,94.3805,2.66948,0.01,0,2.7605,2.7605,0,0.53091,4.6872,4.2723e+06,2.92367e+06,1.17937e+07,0,0,0,0,71.5777,70.5495,5.35542,0,1,1.28592,1.28592,0,1.04117,1.90512,8.8787e+06,3.90788e+06,1.14173e+07,0,0,0,0
79.1829,94.3805,1.67292,0,0,2.76115,2.76115,0,0.517318,4.6872,4.2723e+06,2.92367e+06,1.17965e+07,0,0,0,0,71.5777,70.5495,2.89962,0,1,1.28622,1.28622,0,0.993498,1.90512,8.8787e+06,3.90788e+06,1.142e+07,0,0,0,0
78.5194,94.3805,2.16064,0,0,2.7618,2.7618,0,0.51744,4.6872,4.2723e+06,2.92367e+06,1.17992e+07,0,0,0,0,71.5777,70.5495,2.42618,0,1,1.28652,1.28652,0,0.993733,1.90512,8.8787e+06,3.90788e+06,1.14226e+07,0,0,0,0
77.5663,94.3805,1.85802,0,0,2.76245,2.76245,0,0.517562,4.6872,4.2723e+06,2.92367e+06,1.1802e+07,0,0,0,0,71.5777,70.5495,2.86033,0,1,1.28683,1.28683,0,0.993967,1.90512,8.8787e+06,3.90788e+06,1.14253e+07,0,0,0,0
80.2587,94.3805,5.67958,0,0,2.55501,2.55501,0,0.517684,4.6872,4.2723e+06,2.92367e+06,1.09158e+07,0,0,0,0,71.5777,70.5495,9.06215,0,1,1.15784,1.15784,0,0.994201,1.90512,8.8787e+06,3.90788e+06,1.02801e+07,0,0,0,0
82.3033,94.3805,5.03586,0,0,2.55562,2.55562,0,0.478809,4.6872,4.2723e+06,2.92367e+06,1.09183e+07,0,0,0,0,71.5777,70.5495,6.49251,0,1,1.15811,1.15811,0,0.894548,1.90512,8.8787e+06,3.90788e+06,1.02826e+07,0,0,0,0
83.0788,94.3805,3.70526,0,0,2.55622,2.55622,0,0.478922,4.6872,4.2723e+06,2.92367e+06,1.09209e+07,0,0,0,0,71.5777,70.5495,5.73299,0,1,1.15839,1.15839,0,0.894759,1.90512,8.8787e+06,3.90788e+06,1.0285e+07,0,0,0,0
86.4523,94.3805,6.64411,0,0,2.55682,2.55682,0,0.479035,4.6872,4.2723e+06,2.92367e+06,1.09235e+07,0,0,0,0,71.5777,70.5495,8.883,0,1,1.15866,1.15866,0,0.89497,1.90512,8.8787e+06,3.90788e+06,1.02874e+07,0,0,0,0
88.9147,94.3805,5.7141,0,0,2.55742,2.55742,0,0.479148,4.6872,4.2723e+06,2.92367e+06,1.09261e+07,0,0,0,0,71.5777,70.5495,10.175,0,1,1.15893,1.15893,0,0.895182,1.90512,8.8787e+06,3.90788e+06,1.02898e+07,0,0,0,0
91.8079,94.3805,6.19972,0,0,2.63815,2.63815,0,0.479261,4.6872,4.2723e+06,2.92367e+06,1.1271e+07,0,0,0,0,71.5777,70.5495,7.60464,0,1,1.19668,1.19668,0,0.895393,1.90512,8.8787e+06,3.90788e+06,1.0625e+07,0,0,0,0
94.3805,94.3805,7.81641,0,0,2.63875,2.63875,0,0.49439,4.6872,4.2723e+06,2.92367e+06,1.12735e+07,0,0,0,0,71.5777,70.5495,10.1544,0,1,1.19696,1.19696,0,0.924558,1.90512,8.8787e+06,3.90788e+06,1.06274e+07,0,0,0,0
94.3805,94.3805,6.783,0,0,2.63935,2.63935,0,0.494502,4.6872,4.2723e+06,2.92367e+06,1.12761e+07,0,0,0,0,71.5777,70.5495,8.44227,0,1,1.19723,1.19723,0,0.924769,1.90512,8.8787e+06,3.90788e+06,1.06298e+07,0,0,0,0
94.3805,94.3805,11.464,0,0,2.63995,2.63995,0,0.494614,4.6872,4.2723e+06,2.92367e+06,1.12787e+07,0,0,0,0,71.5777,70.5495,10.9198,0,1,1.1975,1.1975,0,0.924979,1.90512,8.8787e+06,3.90788e+06,1.06323e+07,0,0,0,0
94.3805,94.3805,11.1034,0,0,2.8981,2.8981,0,0.494727,4.6872,4.2723e+06,2.92367e+06,1.23816e+07,0,0,0,0,71.5777,70.5495,12.5281,0,1,1.33861,1.33861,0,0.925189,1.90512,8.8787e+06,3.90788e+06,1.18851e+07,0,0,0,0
94.3805,94.3805,12.9484,0,0,2.89876,2.89876,0,0.543105,4.6872,4.2723e+06,2.92367e+06,1.23844e+07,0,0,0,0,71.5777,70.5495,17.536,0,1,1.33891,1.33891,0,1.03421,1.90512,8.8787e+06,3.90788e+06,1.18878e+07,0,0,0,0
94.3805,94.3805,10.0644,0,0,2.89942,2.89942,0,0.543228,4.6872,4.2723e+06,2.92367e+06,1.23872e+07,0,0,0,0,71.5777,70.5495,11.8492,0,1,1.33921,1.33921,0,1.03444,1.90512,8.8787e+06,3.90788e+06,1.18905e+07,0,0,0,0
94.3805,94.3805,10.5058,0,0,2.90008,2.90008,0,0.543352,4.6872,4.2723e+06,2.92367e+06,1.239e+07,0,0,0,0,71.5777,70.5495,11.3993,0,1,1.33952,1.33952,0,1.03468,1.90512,8.8787e+06,3.90788e+06,1.18932e+07,0,0,0,0
94.3805,94.3805,14.5525,0,0,2.53305,2.53305,0,0.543475,4.6872,4.2723e+06,2.92367e+06,1.0822e+07,0,0,0,0,71.5777,70.5495,19.2553,0,1,1.15065,1.15065,0,1.03491,1.90512,8.8787e+06,3.90788e+06,1.02163e+07,0,0,0,0
94.3805,94.3805,7.64865,0,0,2.53363,2.53363,0,0.474694,4.6872,4.2723e+06,2.92367e+06,1.08244e+07,0,0,0,0,71.5777,70.5495,10.9664,0,1,1.15091,1.15091,0,0.888993,1.90512,8.8787e+06,3.90788e+06,1.02186e+07,0,0,0,0
94.3805,94.3805,4.76216,0,0,2.5342,2.5342,0,0.474802,4.6872,4.2723e+06,2.92367e+06,1.08269e+07,0,0,0,0,71.5777,70.5495,5.91376,0,1,1.15117,1.15117,0,0.889195,1.90512,8.8787e+06,3.90788e+06,1.02209e+07,0,0,0,0
94.3805,94.3805,6.49635,0,0,2.53478,2.53478,0,0.47491,4.6872,4.2723e+06,2.92367e+06,1.08293e+07,0,0,0,0,71.5777,70.5495,8.43311,0,1,1.15144,1.15144,0,0.889398,1.90512,8.8787e+06,3.90788e+06,1.02233e+07,0,0,0,0
94.3805,94.3805,8.16257,0,0,2.53536,2.53536,0,0.475018,4.6872,4.2723e+06,2.92367e+06,1.08318e+07,0,0,0,0,71.5777,70.5495,9.62511,0,1,1.1517,1.1517,0,0.8896,1.90512,8.8787e+06,3.90788e+06,1.02256e+07,0,0,0,0
94.3805,94.3805,7.56502,0,0,2.62859,2.62859,0,0.475126,4.6872,4.2723e+06,2.92367e+06,1.12301e+07,0,0,0,0,71.5777,70.5495,10.0189,0,1,1.19829,1.19829,0,0.889802,1.90512,8.8787e+06,3.90788e+06,1.06393e+07,0,0,0,0
94.3805,94.3805,6.16951,0,0,2.62919,2.62919,0,0.492598,4.6872,4.2723e+06,2.92367e+06,1.12327e+07,0,0,0,0,71.5777,70.5495,9.94066,0,1,1.19856,1.19856,0,0.925799,1.90512,8.8787e+06,3.90788e+06,1.06417e+07,0,0,0,0
94.3805,94.3805,5.73283,0,0,2.62978,2.62978,0,0.49271,4.6872,4.2723e+06,2.92367e+06,1.12352e+07,0,0,0,0,71.5777,70.5495,7.92007,0,1,1.19884,1.19884,0,0.92601,1.90512,8.8787e+06,3.90788e+06,1.06441e+07,0,0,0,0
94.3805,94.3805,6.89683,0,0,2.63038,2.63038,0,0.492822,4.6872,4.2723e+06,2.92367e+06,1.12378e+07,0,0,0,0,71.5777,70.5495,8.27317,0,1,1.19911,1.19911,0,0.92622,1.90512,8.8787e+06,3.90788e+06,1.06465e+07,0,0,0,0
94.3805,94.3805,6.53697,0,0,2.59472,2.59472,0,0.492934,4.6872,4.2723e+06,2.92367e+06,1.10854e+07,0,0,0,0,71.5777,70.5495,8.86213,0,1,1.18137,1.18137,0,0.92643,1.90512,8.8787e+06,3.90788e+06,1.0489e+07,0,0,0,0
94.3805,94.3805,5.58162,0,0,2.59531,2.59531,0,0.48625,4.6872,4.2723e+06,2.92367e+06,1.10879e+07,0,0,0,0,71.5777,70.5495,6.91495,0,1,1.18164,1.18164,0,0.912726,1.90512,8.8787e+06,3.90788e+06,1.04914e+07,0,0,0,0
94.3805,94.3805,5.28624,0,0,2.5959,2.5959,0,0.486361,4.6872,4.2723e+06,2.92367e+06,1.10904e+07,0,0,0,0,71.5777,70.5495,6.65405,0,1,1.18191,1.18191,0,0.912933,1.90512,8.8787e+06,3.90788e+06,1.04938e+07,0,0,0,0
94.3805,94.3805,4.92643,0,0,2.59649,2.59649,0,0.486471,4.6872,4.2723e+06,2.92367e+06,1.1093e+07,0,0,0,0,71.5777,70.5495,7.61873,0,1,1.18217,1.18217,0,0.913141,1.90512,8.8787e+06,3.90788e+06,1.04962e+07,0,0,0,0
94.3805,94.3805,4.64654,0,0,2.72027,2.72027,0,0.486582,4.6872,4.2723e+06,2.92367e+06,1.16218e+07,0,0,0,0,71.5777,70.5495,7.25344,0,1,1.24637,1.24637,0,0.913348,1.90512,8.8787e+06,3.90788e+06,1.10662e+07,0,0,0,0
94.3805,94.3805,4.28765,0,0,2.72089,2.72089,0,0.509779,4.6872,4.2723e+06,2.92367e+06,1.16245e+07,0,0,0,0,71.5777,70.5495,5.86459,0,1,1.24666,1.24666,0,0.962947,1.90512,8.8787e+06,3.90788e+06,1.10687e+07,0,0,0,0
94.3805,94.3805,3.7878,0,0,2.72151,2.72151,0,0.509895,4.6872,4.2723e+06,2.92367e+06,1.16271e+07,0,0,0,0,71.5777,70.5495,5.08102,0,1,1.24694,1.24694,0,0.963166,1.90512,8.8787e+06,3.90788e+06,1.10712e+07,0,0,0,0
94.3805,94.3805,3.56746,0,0,2.72213,2.72213,0,0.510011,4.6872,4.2723e+06,2.92367e+06,1.16297e+07,0,0,0,0,71.5777,70.5495,5.17499,0,1,1.24722,1.24722,0,0.963385,1.90512,8.8787e+06,3.90788e+06,1.10737e+07,0,0,0,0
94.3805,94.3805,3.42983,0,0,2.72275,2.72275,0,0.510127,4.6872,4.2723e+06,2.92367e+06,1.16324e+07,0,0,0,0,71.5777,70.5495,5.06977,0,1,1.24751,1.24751,0,0.963604,1.90512,8.8787e+06,3.90788e+06,1.10762e+07,0,0,0,0
94.3805,94.3805,3.40086,0,0,2.69897,2.69897,0,0.510243,4.6872,4.2723e+06,2.92367e+06,1.15308e+07,0,0,0,0,71.5777,70.5495,4.69725,0,1,1.28297,1.28297,0,0.963823,1.90512,8.8787e+06,3.90788e+06,1.13911e+07,0,0,0,0
94.3805,94.3805,3.41005,0,0,2.69959,2.69959,0,0.505788,4.6872,4.2723e+06,2.92367e+06,1.15334e+07,0,0,0,0,71.5777,70.5495,4.27767,0,1,1.28326,1.28326,0,0.991219,1.90512,8.8787e+06,3.90788e+06,1.13937e+07,0,0,0,0
94.3805,94.3805,3.10793,0,0,2.7002,2.7002,0,0.505903,4.6872,4.2723e+06,2.92367e+06,1.15361e+07,0,0,0,0,71.5777,70.5495,3.94688,0,1,1.28355,1.28355,0,0.991444,1.90512,8.8787e+06,3.90788e+06,1.13962e+07,0,0,0,0
94.3805,94.3805,2.9434,0,0,2.70081,2.70081,0,0.506018,4.6872,4.2723e+06,2.92367e+06,1.15387e+07,0,0,0,0,71.5777,70.5495,3.87209,0,1,1.28384,1.28384,0,0.991669,1.90512,8.8787e+06,3.90788e+06,1.13988e+07,0,0,0,0
94.1246,94.3805,2.63013,0,0,2.76447,2.76447,0,0.506133,4.6872,4.2723e+06,2.92367e+06,1.18107e+07,0,0,0,0,71.5777,70.5495,3.74528,0,1,1.31551,1.31551,0,0.991895,1.90512,8.8787e+06,3.90788e+06,1.168e+07,0,0,0,0
93.9871,94.3805,2.75353,0,0,2.7651,2.7651,0,0.518062,4.6872,4.2723e+06,2.92367e+06,1.18133e+07,0,0,0,0,71.5777,70.5495,3.47705,0,1,1.31581,1.31581,0,1.01636,1.90512,8.8787e+06,3.90788e+06,1.16827e+07,0,0,0,0
93.7889,94.3805,2.70127,0,0,2.76573,2.76573,0,0.51818,4.6872,4.2723e+06,2.92367e+06,1.1816e+07,0,0,0,0,71.5777,70.5495,3.55226,0,1,1.31611,1.31611,0,1.01659,1.90512,8.8787e+06,3.90788e+06,1.16853e+07,0,0,0,0
93.436,94.3805,2.51707,0,0,2.76636,2.76636,0,0.518298,4.6872,4.2723e+06,2.92367e+06,1.18187e+07,0,0,0,0,71.5777,70.5495,3.35111,0,1,1.31641,1.31641,0,1.01682,1.90512,8.8787e+06,3.90788e+06,1.1688e+07,0,0,0,0
92.7423,94.3805,2.31732,0,0,2.95178,2.95178,0,0.518416,4.6872,4.2723e+06,2.92367e+06,1.26109e+07,0,0,0,0,71.5777,70.5495,3.16712,0,1,1.43007,1.43007,0,1.01706,1.90512,8.8787e+06,3.90788e+06,1.26972e+07,0,0,0,0
91.8436,94.3805,2.13255,0,0,2.95245,2.95245,0,0.553164,4.6872,4.2723e+06,2.92367e+06,1.26138e+07,0,0,0,0,71.5777,70.5495,3.61231,0,1,1.43039,1.43039,0,1.10487,1.90512,8.8787e+06,3.90788e+06,1.27e+07,0,0,0,0
90.4051,94.3805,1.55605,0,0,2.95312,2.95312,0,0.55329,4.6872,4.2723e+06,2.92367e+06,1.26166e+07,0,0,0,0,71.5777,70.5495,2.90144,0,1,1.43072,1.43072,0,1.10512,1.90512,8.8787e+06,3.90788e+06,1.27029e+07,0,0,0,0
89.5892,94.3805,2.19445,0,0,2.95379,2.95379,0,0.553415,4.6872,4.2723e+06,2.92367e+06,1.26195e+07,0,0,0,0,71.5777,70.5495,3.38256,0,1,1.43104,1.43104,0,1.10537,1.90512,8.8787e+06,3.90788e+06,1.27058e+07,0,0,0,0
89.6178,94.3805,3.13812,0,0,2.95447,2.95447,0,0.553541,4.6872,4.2723e+06,2.92367e+06,1.26224e+07,0,0,0,0,71.5777,70.5495,3.92465,0,1,1.43137,1.43137,0,1.10562,1.90512,8.8787e+06,3.90788e+06,1.27087e+07,0,0,0,0
88.6835,94.3805,2.05596,0,0,2.86497,2.86497,0,0.553667,4.6872,4.2723e+06,2.92367e+06,1.224e+07,0,0,0,0,71.5777,70.5495,4.57969,0,1,1.36281,1.36281,0,1.10588,1.90512,8.8787e+06,3.90788e+06,1.21e+07,0,0,0,0
87.0414,94.3805,1.2412,0,0,2.86562,2.86562,0,0.536896,4.6872,4.2723e+06,2.92367e+06,1.22428e+07,0,0,0,0,71.5777,70.5495,2.74494,0,1,1.36312,1.36312,0,1.05291,1.90512,8.8787e+06,3.90788e+06,1.21027e+07,0,0,0,0
85.2034,94.3805,1.02257,0,0,2.86627,2.86627,0,0.537018,4.6872,4.2723e+06,2.92367e+06,1.22456e+07,0,0,0,0,71.5777,70.5495,2.18505,0,1,1.36343,1.36343,0,1.05315,1.90512,8.8787e+06,3.90788e+06,1.21055e+07,0,0,0,0
83.8923,94.3805,1.65475,0,0,2.86693,2.86693,0,0.53714,4.6872,4.2723e+06,2.92367e+06,1.22484e+07,0,0,0,0,71.5777,70.5495,2.93405,0,1,1.36374,1.36374,0,1.05338,1.90512,8.8787e+06,3.90788e+06,1.21082e+07,0,0,0,0
84.4295,94.3805,3.70645,0.01,0,2.7935,2.7935,0,0.537262,4.6872,4.2723e+06,2.92367e+06,1.19347e+07,0,0,0,0,71.5777,70.5495,4.33686,0,1,1.30129,1.30129,0,1.05362,1.90512,8.8787e+06,3.90788e+06,1.15537e+07,0,0,0,0
82.8076,94.3805,1.31404,0.01,0,2.79413,2.79413,0,0.523502,4.6872,4.2723e+06,2.92367e+06,1.19374e+07,0,0,0,0,71.5777,70.5495,1.9068,0,1,1.30158,1.30158,0,1.00537,1.90512,8.8787e+06,3.90788e+06,1.15564e+07,0,0,0,0
80.8664,94.3805,0.954809,0,0,2.79477,2.79477,0,0.523621,4.6872,4.2723e+06,2.92367e+06,1.19401e+07,0,0,0,0,71.57,70.5495,1.78425,0,1,1.30188,1.30188,0,1.0056,1.90512,8.8787e+06,3.90788e+06,1.1559e+07,0,0,0,0
80.2282,94.3805,2.4266,0,0,2.7954,2.7954,0,0.52374,4.6872,4.2723e+06,2.92367e+06,1.19428e+07,0,0,0,0,71.5777,70.5495,5.45474,0,1,1.30217,1.30217,0,1.00583,1.90512,8.8787e+06,3.90788e+06,1.15616e+07,0,0,0,0
80.1222,94.3805,2.83151,0,0,2.58546,2.58546,0,0.523859,4.6872,4.2723e+06,2.92367e+06,1.10459e+07,0,0,0,0,71.5777,70.5495,4.56927,0,1,1.17164,1.17164,0,1.00606,1.90512,8.8787e+06,3.90788e+06,1.04027e+07,0,0,0,0
79.7686,94.3805,2.62266,0,0,2.58605,2.58605,0,0.484516,4.6872,4.2723e+06,2.92367e+06,1.10484e+07,0,0,0,0,71.5777,70.5495,3.53833,0,1,1.17191,1.17191,0,0.90521,1.90512,8.8787e+06,3.90788e+06,1.0405e+07,0,0,0,0
80.3211,94.3805,3.65358,0,0,2.58664,2.58664,0,0.484626,4.6872,4.2723e+06,2.92367e+06,1.10509e+07,0,0,0,0,71.5777,70.5495,3.74474,0,1,1.17217,1.17217,0,0.905416,1.90512,8.8787e+06,3.90788e+06,1.04074e+07,0,0,0,0
81.0356,94.3805,4.02219,0,0,2.58723,2.58723,0,0.484736,4.6872,4.2723e+06,2.92367e+06,1.10534e+07,0,0,0,0,71.5777,70.5495,10.333,0,1,1.17244,1.17244,0,0.905621,1.90512,8.8787e+06,3.90788e+06,1.04097e+07,0,0,0,0
81.1241,94.3805,3.13048,0,0,2.58781,2.58781,0,0.484846,4.6872,4.2723e+06,2.92367e+06,1.10559e+07,0,0,0,0,71.5777,70.5495,5.19992,0,1,1.17271,1.17271,0,0.905827,1.90512,8.8787e+06,3.90788e+06,1.04121e+07,0,0,0,0
80.4686,94.3805,2.25019,0,0,2.58781,2.58781,0,0.484956,4.6872,4.2723e+06,2.92367e+06,1.10559e+07,0,0,0,0,71.5743,70.5495,3.48164,0,1,1.17271,1.17271,0,0.906033,1.90512,8.8787e+06,3.90788e+06,1.04121e+07,0,0,0,0
80.7888,94.3805,3.24469,0,0,2.66948,2.66948,0,0.484956,4.6872,4.2723e+06,2.92367e+06,1.14048e+07,0,0,0,0,71.5777,70.5495,2.46447,0,1,1.21089,1.21089,0,0.906033,1.90512,8.8787e+06,3.90788e+06,1.07512e+07,0,0,0,0
86.0608,94.3805,8.72556,0,0,2.67006,2.67006,0,0.50026,4.6872,4.2723e+06,2.92367e+06,1.14073e+07,0,0,0,0,71.5777,70.5495,6.19379,0,1,1.21116,1.21116,0,0.935537,1.90512,8.8787e+06,3.90788e+06,1.07535e+07,0,0,0,0
90.7893,94.3805,8.15413,0,0,2.67064,2.67064,0,0.500369,4.6872,4.2723e+06,2.92367e+06,1.14098e+07,0,0,0,0,71.5777,70.5495,7.15227,0,1,1.21142,1.21142,0,0.935741,1.90512,8.8787e+06,3.90788e+06,1.07559e+07,0,0,0,0
94.3805,94.3805,12.7396,0,0,2.67123,2.67123,0,0.500479,4.6872,4.2723e+06,2.92367e+06,1.14123e+07,0,0,0,0,71.5777,70.5495,11.0166,0,1,1.21169,1.21169,0,0.935945,1.90512,8.8787e+06,3.90788e+06,1.07582e+07,0,0,0,0
94.3805,94.3805,10.7169,0,0,2.93241,2.93241,0,0.500588,4.6872,4.2723e+06,2.92367e+06,1.25281e+07,0,0,0,0,71.5777,70.5495,10.9249,0,1,1.35445,1.35445,0,0.93615,1.90512,8.8787e+06,3.90788e+06,1.20258e+07,0,0,0,0
94.3805,94.3805,20.5287,0,0,2.93305,2.93305,0,0.549534,4.6872,4.2723e+06,2.92367e+06,1.25309e+07,0,0,0,0,71.5777,70.5495,15.8612,0,1,1.35475,1.35475,0,1.04645,1.90512,8.8787e+06,3.90788e+06,1.20284e+07,0,0,0,0
94.3805,94.3805,10.6007,0,0,2.9337,2.9337,0,0.549654,4.6872,4.2723e+06,2.92367e+06,1.25336e+07,0,0,0,0,71.5777,70.5495,9.43394,0,1,1.35504,1.35504,0,1.04668,1.90512,8.8787e+06,3.90788e+06,1.2031e+07,0,0,0,0
94.3805,94.3805,7.16025,0,0,2.93434,2.93434,0,0.549774,4.6872,4.2723e+06,2.92367e+06,1.25364e+07,0,0,0,0,71.5777,70.5495,7.31908,0,1,1.35534,1.35534,0,1.04691,1.90512,8.8787e+06,3.90788e+06,1.20337e+07,0,0,0,0
94.3805,94.3805,10.2266,0,0,2.56295,2.56295,0,0.549895,4.6872,4.2723e+06,2.92367e+06,1.09497e+07,0,0,0,0,71.5777,70.5495,12.8329,0,1,1.16423,1.16423,0,1.04714,1.90512,8.8787e+06,3.90788e+06,1.03369e+07,0,0,0,0
94.3805,94.3805,11.1116,0,0,2.56351,2.56351,0,0.480297,4.6872,4.2723e+06,2.92367e+06,1.09521e+07,0,0,0,0,71.5777,70.5495,12.0806,0,1,1.16449,1.16449,0,0.899486,1.90512,8.8787e+06,3.90788e+06,1.03391e+07,0,0,0,0
94.3805,94.3805,9.5549,0,0,2.56407,2.56407,0,0.480402,4.6872,4.2723e+06,2.92367e+06,1.09545e+07,0,0,0,0,71.5777,70.5495,9.65914,0,1,1.16474,1.16474,0,0.899683,1.90512,8.8787e+06,3.90788e+06,1.03414e+07,0,0,0,0
94.3805,94.3805,10.4167,0,0,2.56463,2.56463,0,0.480507,4.6872,4.2723e+06,2.92367e+06,1.09569e+07,0,0,0,0,71.5777,70.5495,10.0153,0,1,1.165,1.165,0,0.899879,1.90512,8.8787e+06,3.90788e+06,1.03437e+07,0,0,0,0
94.3805,94.3805,9.37337,0,0,2.56519,2.56519,0,0.480612,4.6872,4.2723e+06,2.92367e+06,1.09593e+07,0,0,0,0,71.5777,70.5495,8.98644,0,1,1.16525,1.16525,0,0.900076,1.90512,8.8787e+06,3.90788e+06,1.03459e+07,0,0,0,0
94.3805,94.3805,9.00129,0,0,2.6595,2.6595,0,0.480717,4.6872,4.2723e+06,2.92367e+06,1.13622e+07,0,0,0,0,71.5777,70.5495,8.91057,0,1,1.21238,1.21238,0,0.900272,1.90512,8.8787e+06,3.90788e+06,1.07644e+07,0,0,0,0
94.3805,94.3805,9.63404,0,0,2.66008,2.66008,0,0.49839,4.6872,4.2723e+06,2.92367e+06,1.13646e+07,0,0,0,0,71.5777,70.5495,10.8001,0,1,1.21265,1.21265,0,0.936685,1.90512,8.8787e+06,3.90788e+06,1.07667e+07,0,0,0,0
94.3805,94.3805,9.7337,0,0,2.66066,2.66066,0,0.498499,4.6872,4.2723e+06,2.92367e+06,1.13671e+07,0,0,0,0,71.5777,70.5495,9.38904,0,1,1.21291,1.21291,0,0.93689,1.90512,8.8787e+06,3.90788e+06,1.07691e+07,0,0,0,0
94.3805,94.3805,7.72137,0,0,2.66124,2.66124,0,0.498608,4.6872,4.2723e+06,2.92367e+06,1.13696e+07,0,0,0,0,71.5777,70.5495,7.88756,0,1,1.21318,1.21318,0,0.937094,1.90512,8.8787e+06,3.90788e+06,1.07714e+07,0,0,0,0
94.3805,94.3805,7.66871,0,0,2.62514,2.62514,0,0.498717,4.6872,4.2723e+06,2.92367e+06,1.12154e+07,0,0,0,0,71.5777,70.5495,7.05663,0,1,1.19522,1.19522,0,0.937299,1.90512,8.8787e+06,3.90788e+06,1.0612e+07,0,0,0,0
94.3805,94.3805,6.40981,0,0,2.62571,2.62571,0,0.49195,4.6872,4.2723e+06,2.92367e+06,1.12178e+07,0,0,0,0,71.5777,70.5495,6.90895,0,1,1.19548,1.19548,0,0.923426,1.90512,8.8787e+06,3.90788e+06,1.06143e+07,0,0,0,0
94.3805,94.3805,5.76338,0,0,2.62628,2.62628,0,0.492058,4.6872,4.2723e+06,2.92367e+06,1.12203e+07,0,0,0,0,71.5777,70.5495,6.46712,0,1,1.19574,1.19574,0,0.923627,1.90512,8.8787e+06,3.90788e+06,1.06166e+07,0,0,0,0
94.3805,94.3805,5.50807,0,0,2.62686,2.62686,0,0.492165,4.6872,4.2723e+06,2.92367e+06,1.12227e+07,0,0,0,0,71.5777,70.5495,6.15279,0,1,1.196,1.196,0,0.923829,1.90512,8.8787e+06,3.90788e+06,1.06189e+07,0,0,0,0
94.3805,94.3805,5.37552,0,0,2.75207,2.75207,0,0.492273,4.6872,4.2723e+06,2.92367e+06,1.17576e+07,0,0,0,0,71.5777,70.5495,5.5756,0,1,1.26094,1.26094,0,0.924031,1.90512,8.8787e+06,3.90788e+06,1.11955e+07,0,0,0,0
94.3805,94.3805,4.60899,0,0,2.75267,2.75267,0,0.515737,4.6872,4.2723e+06,2.92367e+06,1.17602e+07,0,0,0,0,71.5777,70.5495,4.87573,0,1,1.26121,1.26121,0,0.974201,1.90512,8.8787e+06,3.90788e+06,1.11979e+07,0,0,0,0
94.3805,94.3805,4.67931,0,0,2.75327,2.75327,0,0.51585,4.6872,4.2723e+06,2.92367e+06,1.17628e+07,0,0,0,0,71.5777,70.5495,4.26476,0,1,1.26149,1.26149,0,0.974414,1.90512,8.8787e+06,3.90788e+06,1.12004e+07,0,0,0,0
94.3805,94.3805,4.01978,0,0,2.75387,2.75387,0,0.515963,4.6872,4.2723e+06,2.92367e+06,1.17654e+07,0,0,0,0,71.5777,70.5495,3.6297,0,1,1.26177,1.26177,0,0.974627,1.90512,8.8787e+06,3.90788e+06,1.12028e+07,0,0,0,0
94.3805,94.3805,3.79477,0,0,2.75447,2.75447,0,0.516075,4.6872,4.2723e+06,2.92367e+06,1.17679e+07,0,0,0,0,71.5777,70.5495,3.70641,0,1,1.26204,1.26204,0,0.97484,1.90512,8.8787e+06,3.90788e+06,1.12053e+07,0,0,0,0
94.3805,94.3805,3.6902,0,0,2.7304,2.7304,0,0.516188,4.6872,4.2723e+06,2.92367e+06,1.16651e+07,0,0,0,0,71.5777,70.5495,4.39023,0,1,1.2979,1.2979,0,0.975053,1.90512,8.8787e+06,3.90788e+06,1.15237e+07,0,0,0,0
94.3805,94.3805,3.43772,0,0,2.73099,2.73099,0,0.511677,4.6872,4.2723e+06,2.92367e+06,1.16676e+07,0,0,0,0,71.5777,70.5495,4.02963,0,1,1.29819,1.29819,0,1.00276,1.90512,8.8787e+06,3.90788e+06,1.15262e+07,0,0,0,0
94.3805,94.3805,3.33247,0,0,2.73159,2.73159,0,0.511788,4.6872,4.2723e+06,2.92367e+06,1.16702e+07,0,0,0,0,71.5777,70.5495,3.77575,0,1,1.29847,1.29847,0,1.00298,1.90512,8.8787e+06,3.90788e+06,1.15287e+07,0,0,0,0
94.3805,94.3805,3.33772,0,0,2.73219,2.73219,0,0.5119,4.6872,4.2723e+06,2.92367e+06,1.16727e+07,0,0,0,0,71.5777,70.5495,3.82571,0,1,1.29875,1.29875,0,1.0032,1.90512,8.8787e+06,3.90788e+06,1.15312e+07,0,0,0,0
94.1998,94.3805,2.78386,0,0,2.79656,2.79656,0,0.512012,4.6872,4.2723e+06,2.92367e+06,1.19477e+07,0,0,0,0,71.5777,70.5495,3.54751,0,1,1.33078,1.33078,0,1.00342,1.90512,8.8787e+06,3.90788e+06,1.18156e+07,0,0,0,0
94.2113,94.3805,3.0222,0,0,2.79717,2.79717,0,0.524076,4.6872,4.2723e+06,2.92367e+06,1.19504e+07,0,0,0,0,71.5777,70.5495,4.12772,0,1,1.33107,1.33107,0,1.02816,1.90512,8.8787e+06,3.90788e+06,1.18182e+07,0,0,0,0
93.9834,94.3805,2.73253,0,0,2.79778,2.79778,0,0.52419,4.6872,4.2723e+06,2.92367e+06,1.1953e+07,0,0,0,0,71.5777,70.5495,3.92405,0,1,1.33136,1.33136,0,1.02838,1.90512,8.8787e+06,3.90788e+06,1.18208e+07,0,0,0,0
93.537,94.3805,2.48628,0,0,2.79839,2.79839,0,0.524305,4.6872,4.2723e+06,2.92367e+06,1.19556e+07,0,0,0,0,71.5777,70.5495,3.42095,0,1,1.33165,1.33165,0,1.02861,1.90512,8.8787e+06,3.90788e+06,1.18233e+07,0,0,0,0
92.9975,94.3805,2.55746,0,0,2.98594,2.98594,0,0.524419,4.6872,4.2723e+06,2.92367e+06,1.27568e+07,0,0,0,0,71.5777,70.5495,3.99626,0,1,1.44662,1.44662,0,1.02883,1.90512,8.8787e+06,3.90788e+06,1.28441e+07,0,0,0,0
92.4286,94.3805,2.46817,0,0,2.98659,2.98659,0,0.559565,4.6872,4.2723e+06,2.92367e+06,1.27596e+07,0,0,0,0,71.5777,70.5495,3.87339,0,1,1.44693,1.44693,0,1.11766,1.90512,8.8787e+06,3.90788e+06,1.28469e+07,0,0,0,0
91.588,94.3805,2.22228,0,0,2.98724,2.98724,0,0.559687,4.6872,4.2723e+06,2.92367e+06,1.27624e+07,0,0,0,0,71.5777,70.5495,3.71196,0,1,1.44725,1.44725,0,1.1179,1.90512,8.8787e+06,3.90788e+06,1.28497e+07,0,0,0,0
90.7938,94.3805,2.24755,0,0,2.9879,2.9879,0,0.55981,4.6872,4.2723e+06,2.92367e+06,1.27652e+07,0,0,0,0,71.5777,70.5495,4.02009,0,1,1.44756,1.44756,0,1.11814,1.90512,8.8787e+06,3.90788e+06,1.28525e+07,0,0,0,0
90.0782,94.3805,2.36398,0,0,2.98855,2.98855,0,0.559932,4.6872,4.2723e+06,2.92367e+06,1.2768e+07,0,0,0,0,71.5777,70.5495,4.88627,0,1,1.44788,1.44788,0,1.11839,1.90512,8.8787e+06,3.90788e+06,1.28553e+07,0,0,0,0
89.3245,94.3805,2.31079,0,0,2.898,2.898,0,0.560054,4.6872,4.2723e+06,2.92367e+06,1.23811e+07,0,0,0,0,71.5777,70.5495,5.4458,0,1,1.37852,1.37852,0,1.11863,1.90512,8.8787e+06,3.90788e+06,1.22394e+07,0,0,0,0
88.5648,94.3805,2.42741,0,0,2.89863,2.89863,0,0.543085,4.6872,4.2723e+06,2.92367e+06,1.23838e+07,0,0,0,0,71.5777,70.5495,6.64086,0,1,1.37882,1.37882,0,1.06504,1.90512,8.8787e+06,3.90788e+06,1.22421e+07,0,0,0,0
87.806,94.3805,2.47446,0,0,2.89926,2.89926,0,0.543203,4.6872,4.2723e+06,2.92367e+06,1.23865e+07,0,0,0,0,71.5777,70.5495,6.931,0,1,1.37912,1.37912,0,1.06528,1.90512,8.8787e+06,3.90788e+06,1.22448e+07,0,0,0,0
87.2043,94.3805,2.7296,0,0,2.8999,2.8999,0,0.543322,4.6872,4.2723e+06,2.92367e+06,1.23892e+07,0,0,0,0,71.5777,70.5495,7.40549,0,1,1.37942,1.37942,0,1.06551,1.90512,8.8787e+06,3.90788e+06,1.22475e+07,0,0,0,0
85.7918,94.3805,1.66673,0,0,2.8256,2.8256,0,0.543441,4.6872,4.2723e+06,2.92367e+06,1.20718e+07,0,0,0,0,71.5777,70.5495,5.4005,0,1,1.31624,1.31624,0,1.06574,1.90512,8.8787e+06,3.90788e+06,1.16865e+07,0,0,0,0
84.4564,94.3805,1.7243,0,0,2.82622,2.82622,0,0.529518,4.6872,4.2723e+06,2.92367e+06,1.20744e+07,0,0,0,0,71.4075,70.5495,2.87316,0,1,1.31653,1.31653,0,1.01693,1.90512,8.8787e+06,3.90788e+06,1.16891e+07,0,0,0,0
82.8527,94.3805,1.43303,0,0,2.82684,2.82684,0,0.529633,4.6872,4.2723e+06,2.92367e+06,1.20771e+07,0,0,0,0,71.5777,70.5495,2.08285,0,1,1.31682,1.31682,0,1.01715,1.90512,8.8787e+06,3.90788e+06,1.16916e+07,0,0,0,0
81.8697,94.3805,2.23245,0,0,2.82745,2.82745,0,0.529749,4.6872,4.2723e+06,2.92367e+06,1.20797e+07,0,0,0,0,71.5777,70.5495,5.53029,0,1,1.3171,1.3171,0,1.01737,1.90512,8.8787e+06,3.90788e+06,1.16942e+07,0,0,0,0
83.284,94.3805,4.81764,0,0,2.61508,2.61508,0,0.529865,4.6872,4.2723e+06,2.92367e+06,1.11724e+07,0,0,0,0,71.5777,70.5495,10.2554,0,1,1.18506,1.18506,0,1.01759,1.90512,8.8787e+06,3.90788e+06,1.05218e+07,0,0,0,0
82.9077,94.3805,2.75995,0,0,2.61566,2.61566,0,0.490067,4.6872,4.2723e+06,2.92367e+06,1.11749e+07,0,0,0,0,71.5777,70.5495,5.33244,0,1,1.18532,1.18532,0,0.91558,1.90512,8.8787e+06,3.90788e+06,1.05241e+07,0,0,0,0
83.2225,94.3805,3.64042,0,0,2.61623,2.61623,0,0.490174,4.6872,4.2723e+06,2.92367e+06,1.11773e+07,0,0,0,0,71.5777,70.5495,7.47098,0,1,1.18558,1.18558,0,0.91578,1.90512,8.8787e+06,3.90788e+06,1.05264e+07,0,0,0,0
83.7249,94.3805,3.98177,0,0,2.6168,2.6168,0,0.490281,4.6872,4.2723e+06,2.92367e+06,1.11797e+07,0,0,0,0,71.5777,70.5495,10.7677,0,1,1.18584,1.18584,0,0.91598,1.90512,8.8787e+06,3.90788e+06,1.05287e+07,0,0,0,0
84.2743,94.3805,3.83615,0,0,2.61737,2.61737,0,0.490388,4.6872,4.2723e+06,2.92367e+06,1.11822e+07,0,0,0,0,71.5777,70.5495,7.82583,0,1,1.1861,1.1861,0,0.91618,1.90512,8.8787e+06,3.90788e+06,1.0531e+07,0,0,0,0
84.6697,94.3805,3.82708,0,0,2.69994,2.69994,0,0.490495,4.6872,4.2723e+06,2.92367e+06,1.15349e+07,0,0,0,0,71.5777,70.5495,5.76911,0,1,1.22471,1.22471,0,0.91638,1.90512,8.8787e+06,3.90788e+06,1.08739e+07,0,0,0,0
84.9834,94.3805,3.57661,0,0,2.70051,2.70051,0,0.505969,4.6872,4.2723e+06,2.92367e+06,1.15374e+07,0,0,0,0,71.5777,70.5495,6.16836,0,1,1.22497,1.22497,0,0.946213,1.90512,8.8787e+06,3.90788e+06,1.08761e+07,0,0,0,0
93.747,94.3805,13.0219,0,0,2.70107,2.70107,0,0.506075,4.6872,4.2723e+06,2.92367e+06,1.15398e+07,0,0,0,0,71.5777,70.5495,20.5707,0,1,1.22523,1.22523,0,0.946411,1.90512,8.8787e+06,3.90788e+06,1.08784e+07,0,0,0,0
94.3805,94.3805,15.3542,0,0,2.70164,2.70164,0,0.506181,4.6872,4.2723e+06,2.92367e+06,1.15422e+07,0,0,0,0,71.5777,70.5495,33.314,0,1,1.22548,1.22548,0,0.94661,1.90512,8.8787e+06,3.90788e+06,1.08807e+07,0,0,0,0
94.3805,94.3805,9.7346,0,0,2.96577,2.96577,0,0.506287,4.6872,4.2723e+06,2.92367e+06,1.26707e+07,0,0,0,0,71.5777,70.5495,21.2094,0,1,1.36986,1.36986,0,0.946808,1.90512,8.8787e+06,3.90788e+06,1.21626e+07,0,0,0,0
94.3805,94.3805,10.8058,0,0,2.9664,2.9664,0,0.555786,4.6872,4.2723e+06,2.92367e+06,1.26733e+07,0,0,0,0,71.5777,70.5495,14.0986,0,1,1.37015,1.37015,0,1.05835,1.90512,8.8787e+06,3.90788e+06,1.21651e+07,0,0,0,0
94.3805,94.3805,11.6459,0,0,2.96702,2.96702,0,0.555902,4.6872,4.2723e+06,2.92367e+06,1.2676e+07,0,0,0,0,71.5777,70.5495,25.9575,0,1,1.37044,1.37044,0,1.05858,1.90512,8.8787e+06,3.90788e+06,1.21677e+07,0,0,0,0
94.3805,94.3805,8.13492,0,0,2.96764,2.96764,0,0.556019,4.6872,4.2723e+06,2.92367e+06,1.26786e+07,0,0,0,0,71.5777,70.5495,20.5019,0,1,1.37072,1.37072,0,1.0588,1.90512,8.8787e+06,3.90788e+06,1.21702e+07,0,0,0,0
94.3805,94.3805,11.3133,0,0,2.59202,2.59202,0,0.556136,4.6872,4.2723e+06,2.92367e+06,1.10739e+07,0,0,0,0,71.5777,70.5495,20.0716,0,1,1.17744,1.17744,0,1.05902,1.90512,8.8787e+06,3.90788e+06,1.04541e+07,0,0,0,0
94.3805,94.3805,7.98505,0,0,2.59256,2.59256,0,0.485744,4.6872,4.2723e+06,2.92367e+06,1.10762e+07,0,0,0,0,71.5777,70.5495,9.9087,0,1,1.17768,1.17768,0,0.909687,1.90512,8.8787e+06,3.90788e+06,1.04563e+07,0,0,0,0
94.3805,94.3805,8.57353,0,0,2.5931,2.5931,0,0.485845,4.6872,4.2723e+06,2.92367e+06,1.10785e+07,0,0,0,0,71.5777,70.5495,12.2849,0,1,1.17793,1.17793,0,0.909878,1.90512,8.8787e+06,3.90788e+06,1.04585e+07,0,0,0,0
94.3805,94.3805,8.38302,0,0,2.59365,2.59365,0,0.485947,4.6872,4.2723e+06,2.92367e+06,1.10808e+07,0,0,0,0,71.5777,70.5495,13.9239,0,1,1.17818,1.17818,0,0.910068,1.90512,8.8787e+06,3.90788e+06,1.04607e+07,0,0,0,0
94.3805,94.3805,8.33465,0,0,2.59419,2.59419,0,0.486049,4.6872,4.2723e+06,2.92367e+06,1.10831e+07,0,0,0,0,71.5777,70.5495,13.232,0,1,1.17842,1.17842,0,0.910259,1.90512,8.8787e+06,3.90788e+06,1.04629e+07,0,0,0,0
94.3805,94.3805,10.9847,0,0,2.68954,2.68954,0,0.486151,4.6872,4.2723e+06,2.92367e+06,1.14905e+07,0,0,0,0,71.5777,70.5495,11.6489,0,1,1.22608,1.22608,0,0.91045,1.90512,8.8787e+06,3.90788e+06,1.0886e+07,0,0,0,0
94.3805,94.3805,8.6004,0,0,2.6901,2.6901,0,0.50402,4.6872,4.2723e+06,2.92367e+06,1.14929e+07,0,0,0,0,71.5777,70.5495,9.36371,0,1,1.22633,1.22633,0,0.947266,1.90512,8.8787e+06,3.90788e+06,1.08882e+07,0,0,0,0
94.3805,94.3805,7.64698,0,0,2.69067,2.69067,0,0.504125,4.6872,4.2723e+06,2.92367e+06,1.14953e+07,0,0,0,0,71.5777,70.5495,8.46136,0,1,1.22659,1.22659,0,0.947465,1.90512,8.8787e+06,3.90788e+06,1.08905e+07,0,0,0,0
94.3805,94.3805,6.75588,0,0,2.69123,2.69123,0,0.504231,4.6872,4.2723e+06,2.92367e+06,1.14977e+07,0,0,0,0,71.5777,70.5495,7.68085,0,1,1.22685,1.22685,0,0.947663,1.90512,8.8787e+06,3.90788e+06,1.08928e+07,0,0,0,0
94.3805,94.3805,5.94841,0,0,2.6547,2.6547,0,0.504337,4.6872,4.2723e+06,2.92367e+06,1.13416e+07,0,0,0,0,71.5777,70.5495,6.61795,0,1,1.20868,1.20868,0,0.947862,1.90512,8.8787e+06,3.90788e+06,1.07315e+07,0,0,0,0
94.3805,94.3805,5.79874,0,0,2.65525,2.65525,0,0.49749,4.6872,4.2723e+06,2.92367e+06,1.1344e+07,0,0,0,0,71.5777,70.5495,6.00617,0,1,1.20893,1.20893,0,0.933824,1.90512,8.8787e+06,3.90788e+06,1.07337e+07,0,0,0,0
94.3805,94.3805,5.01685,0,0,2.65581,2.65581,0,0.497594,4.6872,4.2723e+06,2.92367e+06,1.13464e+07,0,0,0,0,71.5777,70.5495,6.11829,0,1,1.20918,1.20918,0,0.93402,1.90512,8.8787e+06,3.90788e+06,1.0736e+07,0,0,0,0
94.3805,94.3805,4.31256,0,0,2.65637,2.65637,0,0.497699,4.6872,4.2723e+06,2.92367e+06,1.13488e+07,0,0,0,0,71.5777,70.5495,6.14081,0,1,1.20944,1.20944,0,0.934215,1.90512,8.8787e+06,3.90788e+06,1.07382e+07,0,0,0,0
94.3805,94.3805,4.23481,0,0,2.78296,2.78296,0,0.497803,4.6872,4.2723e+06,2.92367e+06,1.18896e+07,0,0,0,0,71.5777,70.5495,6.48347,0,1,1.27509,1.27509,0,0.934411,1.90512,8.8787e+06,3.90788e+06,1.13212e+07,0,0,0,0
94.3805,94.3805,4.57373,0,0,2.78354,2.78354,0,0.521527,4.6872,4.2723e+06,2.92367e+06,1.18921e+07,0,0,0,0,71.5777,70.5495,6.02566,0,1,1.27536,1.27536,0,0.985137,1.90512,8.8787e+06,3.90788e+06,1.13235e+07,0,0,0,0
94.3805,94.3805,4.24641,0,0,2.78413,2.78413,0,0.521636,4.6872,4.2723e+06,2.92367e+06,1.18946e+07,0,0,0,0,71.5777,70.5495,5.43284,0,1,1.27563,1.27563,0,0.985343,1.90512,8.8787e+06,3.90788e+06,1.13259e+07,0,0,0,0
94.3805,94.3805,3.99053,0,0,2.78471,2.78471,0,0.521745,4.6872,4.2723e+06,2.92367e+06,1.18971e+07,0,0,0,0,71.5777,70.5495,5.87388,0,1,1.27589,1.27589,0,0.98555,1.90512,8.8787e+06,3.90788e+06,1.13283e+07,0,0,0,0
94.3805,94.3805,3.85303,0,0,2.78529,2.78529,0,0.521855,4.6872,4.2723e+06,2.92367e+06,1.18996e+07,0,0,0,0,71.5777,70.5495,5.4072,0,1,1.27616,1.27616,0,0.985756,1.90512,8.8787e+06,3.90788e+06,1.13307e+07,0,0,0,0
94.3805,94.3805,3.7804,0,0,2.76093,2.76093,0,0.521964,4.6872,4.2723e+06,2.92367e+06,1.17955e+07,0,0,0,0,71.5777,70.5495,3.88994,0,1,1.31241,1.31241,0,0.985963,1.90512,8.8787e+06,3.90788e+06,1.16525e+07,0,0,0,0
94.3805,94.3805,3.58134,0,0,2.7615,2.7615,0,0.517397,4.6872,4.2723e+06,2.92367e+06,1.1798e+07,0,0,0,0,71.5777,70.5495,3.73787,0,1,1.31269,1.31269,0,1.01397,1.90512,8.8787e+06,3.90788e+06,1.1655e+07,0,0,0,0
94.3805,94.3805,3.39988,0,0,2.76208,2.76208,0,0.517506,4.6872,4.2723e+06,2.92367e+06,1.18004e+07,0,0,0,0,71.5777,70.5495,3.56567,0,1,1.31296,1.31296,0,1.01418,1.90512,8.8787e+06,3.90788e+06,1.16574e+07,0,0,0,0
94.3805,94.3805,3.14321,0,0,2.76266,2.76266,0,0.517614,4.6872,4.2723e+06,2.92367e+06,1.18029e+07,0,0,0,0,71.5777,70.5495,3.33159,0,1,1.31324,1.31324,0,1.0144,1.90512,8.8787e+06,3.90788e+06,1.16599e+07,0,0,0,0
94.3805,94.3805,2.99865,0,0,2.82773,2.82773,0,0.517723,4.6872,4.2723e+06,2.92367e+06,1.20809e+07,0,0,0,0,71.5777,70.5495,3.19332,0,1,1.34561,1.34561,0,1.01461,1.90512,8.8787e+06,3.90788e+06,1.19473e+07,0,0,0,0
94.1223,94.3805,2.62523,0,0,2.82832,2.82832,0,0.529917,4.6872,4.2723e+06,2.92367e+06,1.20834e+07,0,0,0,0,71.5777,70.5495,3.02454,0,1,1.34589,1.34589,0,1.03962,1.90512,8.8787e+06,3.90788e+06,1.19498e+07,0,0,0,0
93.683,94.3805,2.42643,0,0,2.82892,2.82892,0,0.530028,4.6872,4.2723e+06,2.92367e+06,1.2086e+07,0,0,0,0,71.5777,70.5495,2.69263,0,1,1.34617,1.34617,0,1.03984,1.90512,8.8787e+06,3.90788e+06,1.19523e+07,0,0,0,0
93.3,94.3805,2.48883,0,0,2.82951,2.82951,0,0.530139,4.6872,4.2723e+06,2.92367e+06,1.20885e+07,0,0,0,0,71.5777,70.5495,3.04694,0,1,1.34646,1.34646,0,1.04005,1.90512,8.8787e+06,3.90788e+06,1.19548e+07,0,0,0,0
92.8638,94.3805,2.58674,0,0,3.01911,3.01911,0,0.53025,4.6872,4.2723e+06,2.92367e+06,1.28985e+07,0,0,0,0,71.5777,70.5495,3.14547,0,1,1.46269,1.46269,0,1.04027,1.90512,8.8787e+06,3.90788e+06,1.29868e+07,0,0,0,0
92.2859,94.3805,2.40767,0,0,3.01974,3.01974,0,0.565782,4.6872,4.2723e+06,2.92367e+06,1.29012e+07,0,0,0,0,71.5777,70.5495,2.92509,0,1,1.46299,1.46299,0,1.13007,1.90512,8.8787e+06,3.90788e+06,1.29895e+07,0,0,0,0
91.4364,94.3805,2.15877,0,0,3.02038,3.02038,0,0.5659,4.6872,4.2723e+06,2.92367e+06,1.29039e+07,0,0,0,0,71.5744,70.5495,2.80171,0,1,1.4633,1.4633,0,1.13031,1.90512,8.8787e+06,3.90788e+06,1.29922e+07,0,0,0,0
90.6333,94.3805,2.18547,0,0,3.02101,3.02101,0,0.566019,4.6872,4.2723e+06,2.92367e+06,1.29066e+07,0,0,0,0,71.5777,70.5495,3.02158,0,1,1.46361,1.46361,0,1.13055,1.90512,8.8787e+06,3.90788e+06,1.29949e+07,0,0,0,0
89.8512,94.3805,2.22291,0,0,3.02164,3.02164,0,0.566137,4.6872,4.2723e+06,2.92367e+06,1.29094e+07,0,0,0,0,71.5777,70.5495,3.57529,0,1,1.46391,1.46391,0,1.13078,1.90512,8.8787e+06,3.90788e+06,1.29977e+07,0,0,0,0
89.5453,94.3805,2.71484,0,0,2.93006,2.93006,0,0.566256,4.6872,4.2723e+06,2.92367e+06,1.25181e+07,0,0,0,0,71.5777,70.5495,3.07244,0,1,1.39377,1.39377,0,1.13102,1.90512,8.8787e+06,3.90788e+06,1.23749e+07,0,0,0,0
89.7823,94.3805,3.27136,0,0,2.93068,2.93068,0,0.549094,4.6872,4.2723e+06,2.92367e+06,1.25207e+07,0,0,0,0,71.5777,70.5495,4.81887,0,1,1.39406,1.39406,0,1.07683,1.90512,8.8787e+06,3.90788e+06,1.23775e+07,0,0,0,0
89.9558,94.3805,3.24283,0,0,2.93129,2.93129,0,0.549209,4.6872,4.2723e+06,2.92367e+06,1.25233e+07,0,0,0,0,71.5777,70.5495,4.23454,0,1,1.39436,1.39436,0,1.07705,1.90512,8.8787e+06,3.90788e+06,1.23801e+07,0,0,0,0
90.0781,94.3805,3.17051,0,0,2.93191,2.93191,0,0.549324,4.6872,4.2723e+06,2.92367e+06,1.2526e+07,0,0,0,0,71.5777,70.5495,3.98506,0,1,1.39465,1.39465,0,1.07728,1.90512,8.8787e+06,3.90788e+06,1.23827e+07,0,0,0,0
90.0161,94.3805,3.017,0,0,2.85677,2.85677,0,0.549439,4.6872,4.2723e+06,2.92367e+06,1.2205e+07,0,0,0,0,71.5777,70.5495,3.7592,0,1,1.33076,1.33076,0,1.0775,1.90512,8.8787e+06,3.90788e+06,1.18154e+07,0,0,0,0
92.0807,94.3805,5.2584,0,0,2.85736,2.85736,0,0.535358,4.6872,4.2723e+06,2.92367e+06,1.22075e+07,0,0,0,0,71.5777,70.5495,5.07088,0,1,1.33104,1.33104,0,1.02814,1.90512,8.8787e+06,3.90788e+06,1.18179e+07,0,0,0,0
94.1883,94.3805,5.29566,0,0,2.85796,2.85796,0,0.53547,4.6872,4.2723e+06,2.92367e+06,1.22101e+07,0,0,0,0,71.5777,70.5495,6.07968,0,1,1.33132,1.33132,0,1.02836,1.90512,8.8787e+06,3.90788e+06,1.18204e+07,0,0,0,0
94.3805,94.3805,5.32792,0,0,2.85856,2.85856,0,0.535582,4.6872,4.2723e+06,2.92367e+06,1.22126e+07,0,0,0,0,71.5777,70.5495,5.51188,0,1,1.3316,1.3316,0,1.02858,1.90512,8.8787e+06,3.90788e+06,1.18228e+07,0,0,0,0
94.3805,94.3805,4.53918,0,0,2.64383,2.64383,0,0.535695,4.6872,4.2723e+06,2.92367e+06,1.12952e+07,0,0,0,0,71.5777,70.5495,6.02764,0,1,1.19809,1.19809,0,1.02879,1.90512,8.8787e+06,3.90788e+06,1.06375e+07,0,0,0,0
94.3805,94.3805,7.83312,0,0,2.64439,2.64439,0,0.495455,4.6872,4.2723e+06,2.92367e+06,1.12976e+07,0,0,0,0,71.5777,70.5495,5.73413,0,1,1.19834,1.19834,0,0.925646,1.90512,8.8787e+06,3.90788e+06,1.06397e+07,0,0,0,0
94.3805,94.3805,5.8734,0,0,2.64494,2.64494,0,0.495558,4.6872,4.2723e+06,2.92367e+06,1.13e+07,0,0,0,0,71.5777,70.5495,4.57304,0,1,1.19859,1.19859,0,0.92584,1.90512,8.8787e+06,3.90788e+06,1.0642e+07,0,0,0,0
94.3805,94.3805,5.35179,0,0,2.6455,2.6455,0,0.495662,4.6872,4.2723e+06,2.92367e+06,1.13023e+07,0,0,0,0,71.5777,70.5495,5.14003,0,1,1.19885,1.19885,0,0.926034,1.90512,8.8787e+06,3.90788e+06,1.06442e+07,0,0,0,0
94.3805,94.3805,7.16313,0,0,2.64605,2.64605,0,0.495766,4.6872,4.2723e+06,2.92367e+06,1.13047e+07,0,0,0,0,71.5777,70.5495,7.6871,0,1,1.1991,1.1991,0,0.926228,1.90512,8.8787e+06,3.90788e+06,1.06464e+07,0,0,0,9.47756e+07
94.3805,94.3805,5.83922,0,0,2.7295,2.7295,0,0.49587,4.89888,4.2723e+06,2.92367e+06,1.16613e+07,0,0,0,0,71.5777,70.5495,4.25763,0,1,1.23812,1.23812,0,0.926422,2.1168,8.8787e+06,3.90788e+06,1.09929e+07,0,0,0,9.47756e+07
94.3805,94.3805,4.1789,0,0,2.73005,2.73005,0,0.511509,4.89888,4.2723e+06,2.92367e+06,1.16636e+07,0,0,0,0,71.5777,70.5495,3.17148,0,1,1.23837,1.23837,0,0.956573,2.1168,8.8787e+06,3.90788e+06,1.09951e+07,0,0,0,9.47756e+07
94.3805,94.3805,3.75968,0,0,2.7306,2.7306,0,0.511612,4.89888,4.2723e+06,2.92367e+06,1.16659e+07,0,0,0,0,71.5777,70.5495,2.98604,0,1,1.23862,1.23862,0,0.956766,2.1168,8.8787e+06,3.90788e+06,1.09973e+07,0,0,0,9.47756e+07
94.3805,94.3805,3.66065,0,0,2.73115,2.73115,0,0.511715,4.89888,4.2723e+06,2.92367e+06,1.16683e+07,0,0,0,0,71.5777,70.5495,2.62794,0,1,1.23887,1.23887,0,0.956958,2.1168,8.8787e+06,3.90788e+06,1.09995e+07,0,0,0,9.47756e+07
94.3805,94.3805,6.47296,0,0,2.99814,2.99814,0,0.511818,4.89888,4.2723e+06,2.92367e+06,1.2809e+07,0,0,0,0,71.5777,70.5495,5.9315,0,1,1.38481,1.38481,0,0.95715,2.1168,8.8787e+06,3.90788e+06,1.22953e+07,0,0,0,9.47756e+07
94.3805,94.3805,7.83663,0,0,2.99875,2.99875,0,0.561852,4.89888,4.2723e+06,2.92367e+06,1.28115e+07,0,0,0,0,71.5777,70.5495,8.137,0,1,1.38509,1.38509,0,1.06991,2.1168,8.8787e+06,3.90788e+06,1.22978e+07,0,0,0,9.47756e+07
94.3805,94.3805,5.40092,0,0,2.99935,2.99935,0,0.561965,4.89888,4.2723e+06,2.92367e+06,1.28141e+07,0,0,0,0,71.5777,70.5495,4.34113,0,1,1.38537,1.38537,0,1.07012,2.1168,8.8787e+06,3.90788e+06,1.23003e+07,0,0,0,9.47756e+07
94.3805,94.3805,4.44671,0,0,2.99995,2.99995,0,0.562078,4.89888,4.2723e+06,2.92367e+06,1.28167e+07,0,0,0,0,71.5777,70.5495,3.65199,0,1,1.38565,1.38565,0,1.07034,2.1168,8.8787e+06,3.90788e+06,1.23027e+07,0,0,0,9.47756e+07
94.3805,94.3805,5.00181,0,0,2.62021,2.62021,0,0.562191,4.89888,4.2723e+06,2.92367e+06,1.11943e+07,0,0,0,0,71.5777,70.5495,3.95297,0,1,1.19025,1.19025,0,1.07055,2.1168,8.8787e+06,3.90788e+06,1.05678e+07,0,0,0,9.47756e+07
94.3805,94.3805,5.77926,0,0,2.62074,2.62074,0,0.491028,4.89888,4.2723e+06,2.92367e+06,1.11966e+07,0,0,0,0,71.5777,70.5495,4.47805,0,1,1.19048,1.19048,0,0.919584,2.1168,8.8787e+06,3.90788e+06,1.057e+07,0,0,0,9.47756e+07
94.3805,94.3805,4.97357,0,0,2.62127,2.62127,0,0.491127,4.89888,4.2723e+06,2.92367e+06,1.11988e+07,0,0,0,0,71.5777,70.5495,5.86928,0,1,1.19072,1.19072,0,0.919768,2.1168,8.8787e+06,3.90788e+06,1.05721e+07,0,0,0,9.47756e+07
94.3805,94.3805,6.20551,0,0,2.62179,2.62179,0,0.491226,4.89888,4.2723e+06,2.92367e+06,1.12011e+07,0,0,0,0,71.5777,70.5495,6.39474,0,1,1.19096,1.19096,0,0.919953,2.1168,8.8787e+06,3.90788e+06,1.05742e+07,0,0,0,9.47756e+07
94.3805,94.3805,4.98662,0,0,2.62232,2.62232,0,0.491324,4.89888,4.2723e+06,2.92367e+06,1.12033e+07,0,0,0,0,71.5777,70.5495,5.87498,0,1,1.1912,1.1912,0,0.920138,2.1168,8.8787e+06,3.90788e+06,1.05763e+07,0,0,0,9.47756e+07
94.3805,94.3805,3.94558,0,0,2.71868,2.71868,0,0.491423,4.89888,4.2723e+06,2.92367e+06,1.1615e+07,0,0,0,0,71.5777,70.5495,4.39117,0,1,1.23936,1.23936,0,0.920323,2.1168,8.8787e+06,3.90788e+06,1.10039e+07,0,0,0,9.47756e+07
94.3805,94.3805,4.12442,0,0,2.71923,2.71923,0,0.509481,4.89888,4.2723e+06,2.92367e+06,1.16173e+07,0,0,0,0,71.5777,70.5495,4.34346,0,1,1.23961,1.23961,0,0.95753,2.1168,8.8787e+06,3.90788e+06,1.10061e+07,0,0,0,9.47756e+07
94.3805,94.3805,3.50148,0,0,2.71977,2.71977,0,0.509583,4.89888,4.2723e+06,2.92367e+06,1.16197e+07,0,0,0,0,71.5777,70.5495,3.83068,0,1,1.23986,1.23986,0,0.957723,2.1168,8.8787e+06,3.90788e+06,1.10083e+07,0,0,0,9.47756e+07
94.3805,94.3805,3.28839,0,0,2.72032,2.72032,0,0.509686,4.89888,4.2723e+06,2.92367e+06,1.1622e+07,0,0,0,0,71.5777,70.5495,4.03629,0,1,1.24011,1.24011,0,0.957915,2.1168,8.8787e+06,3.90788e+06,1.10106e+07,0,0,0,9.47756e+07
94.1778,94.3805,2.71477,0,0,2.68337,2.68337,0,0.509788,4.89888,4.2723e+06,2.92367e+06,1.14641e+07,0,0,0,0,71.4922,70.5495,2.85451,0,1,1.22173,1.22173,0,0.958108,2.1168,8.8787e+06,3.90788e+06,1.08474e+07,0,0,0,9.47756e+07
93.5984,94.3805,2.24919,0,0,2.68391,2.68391,0,0.502863,4.89888,4.2723e+06,2.92367e+06,1.14664e+07,0,0,0,0,71.5777,70.5495,2.2352,0,1,1.22198,1.22198,0,0.94391,2.1168,8.8787e+06,3.90788e+06,1.08496e+07,0,0,0,9.47756e+07
92.9908,94.3805,2.17255,0,0,2.68445,2.68445,0,0.502964,4.89888,4.2723e+06,2.92367e+06,1.14687e+07,0,0,0,0,71.5777,70.5495,2.33301,0,1,1.22222,1.22222,0,0.944099,2.1168,8.8787e+06,3.90788e+06,1.08517e+07,0,0,0,9.47756e+07
92.2421,94.3805,2.01422,0,0,2.68499,2.68499,0,0.503065,4.89888,4.2723e+06,2.92367e+06,1.14711e+07,0,0,0,0,71.5362,70.5495,2.18446,0,1,1.22247,1.22247,0,0.944289,2.1168,8.8787e+06,3.90788e+06,1.08539e+07,0,0,0,9.47756e+07
91.4888,94.3805,2.11575,0,0,2.81292,2.81292,0,0.503166,4.89888,4.2723e+06,2.92367e+06,1.20176e+07,0,0,0,0,71.5706,70.5495,2.21725,0,1,1.28882,1.28882,0,0.944479,2.1168,8.8787e+06,3.90788e+06,1.1443e+07,0,0,0,9.47756e+07
90.5606,94.3805,1.90345,0,0,2.81348,2.81348,0,0.527141,4.89888,4.2723e+06,2.92367e+06,1.202e+07,0,0,0,0,71.5777,70.5495,2.14769,0,1,1.28908,1.28908,0,0.995742,2.1168,8.8787e+06,3.90788e+06,1.14453e+07,0,0,0,9.47756e+07
89.5733,94.3805,1.82392,0,0,2.81405,2.81405,0,0.527247,4.89888,4.2723e+06,2.92367e+06,1.20225e+07,0,0,0,0,71.5777,70.5495,2.17641,0,1,1.28934,1.28934,0,0.995942,2.1168,8.8787e+06,3.90788e+06,1.14476e+07,0,0,0,9.47756e+07
88.5206,94.3805,1.7409,0,0,2.81461,2.81461,0,0.527353,4.89888,4.2723e+06,2.92367e+06,1.20249e+07,0,0,0,0,71.5294,70.5495,2.11485,0,1,1.2896,1.2896,0,0.996142,2.1168,8.8787e+06,3.90788e+06,1.14499e+07,0,0,0,9.47756e+07
87.3743,94.3805,1.62806,0,0,2.81518,2.81518,0,0.527459,4.89888,4.2723e+06,2.92367e+06,1.20273e+07,0,0,0,0,71.191,70.5495,1.99064,0,1,1.28986,1.28986,0,0.996343,2.1168,8.8787e+06,3.90788e+06,1.14522e+07,0,0,0,9.47756e+07
86.2695,94.3805,1.58912,0,0,2.79053,2.79053,0,0.527565,4.89888,4.2723e+06,2.92367e+06,1.1922e+07,0,0,0,0,70.932,70.5495,1.53626,0,1,1.32648,1.32648,0,0.996543,2.1168,8.8787e+06,3.90788e+06,1.17775e+07,0,0,0,9.47756e+07
85.0509,94.3805,1.46378,0,0,2.79109,2.79109,0,0.522945,4.89888,4.2723e+06,2.92367e+06,1.19244e+07,0,0,0,0,70.5135,70.5495,1.5399,0,1,1.32675,1.32675,0,1.02484,2.1168,8.8787e+06,3.90788e+06,1.17798e+07,0,0,0,9.47756e+07
83.7298,94.3805,1.34227,0,0,2.79165,2.79165,0,0.52305,4.89888,4.2723e+06,2.92367e+06,1.19267e+07,0,0,0,0,70.0801,70.5495,1.36352,0,1,1.32702,1.32702,0,1.02505,2.1168,8.8787e+06,3.90788e+06,1.17822e+07,0,0,0,9.47756e+07
82.3415,94.3805,1.23349,0,0,2.79221,2.79221,0,0.523155,4.89888,4.2723e+06,2.92367e+06,1.19291e+07,0,0,0,0,69.4347,70.5495,1.33583,0,1,1.32728,1.32728,0,1.02525,2.1168,8.8787e+06,3.90788e+06,1.17846e+07,0,0,0,9.47756e+07
80.8057,94.3805,1.09376,0,0,2.85795,2.85795,0,0.52326,4.89888,4.2723e+06,2.92367e+06,1.221e+07,0,0,0,0,68.7359,70.5495,1.10105,0,1,1.35999,1.35999,0,1.02546,2.1168,8.8787e+06,3.90788e+06,1.2075e+07,0,0,0,9.47756e+07
79.3324,94.3805,1.16912,0,0,2.85852,2.85852,0,0.53558,4.89888,4.2723e+06,2.92367e+06,1.22125e+07,0,0,0,0,68.155,70.5495,1.25814,0,1,1.36026,1.36026,0,1.05073,2.1168,8.8787e+06,3.90788e+06,1.20774e+07,0,0,0,9.47756e+07
77.7815,94.3805,1.05602,0,0,2.8591,2.8591,0,0.535687,4.89888,4.2723e+06,2.92367e+06,1.22149e+07,0,0,0,0,67.3699,70.5495,1.19099,0,1,1.36054,1.36054,0,1.05094,2.1168,8.8787e+06,3.90788e+06,1.20798e+07,0,0,0,9.47756e+07
76.162,94.3805,0.961196,0,0,2.85967,2.85967,0,0.535795,4.89888,4.2723e+06,2.92367e+06,1.22174e+07,0,0,0,0,66.7131,70.5495,1.04032,0,1,1.36081,1.36081,0,1.05115,2.1168,8.8787e+06,3.90788e+06,1.20822e+07,0,0,0,9.47756e+07
74.4848,94.3805,1.03201,0,0,3.05127,3.05127,0,0.535902,4.89888,4.2723e+06,2.92367e+06,1.30359e+07,0,0,0,0,65.7761,70.5495,1.24333,0,1,1.47827,1.47827,0,1.05136,2.1168,8.8787e+06,3.90788e+06,1.31251e+07,0,0,0,9.47756e+07
72.696,94.3805,0.884446,0.01,0,3.05188,3.05188,0,0.571808,4.89888,4.2723e+06,2.92367e+06,1.30385e+07,0,0,0,0,64.9676,70.5495,0.929901,0,1,1.47856,1.47856,0,1.14211,2.1168,8.8787e+06,3.90788e+06,1.31277e+07,0,0,0,9.47756e+07
71.0069,94.3805,0.981157,0.01,0,3.0525,3.0525,0,0.571923,4.89888,4.2723e+06,2.92367e+06,1.30412e+07,0,0,0,0,63.9993,70.5495,1.14659,0,1,1.47886,1.47886,0,1.14234,2.1168,8.8787e+06,3.90788e+06,1.31304e+07,0,0,0,9.47756e+07
69.1709,94.3805,0.800964,0.02,0,3.05311,3.05311,0,0.572038,4.89888,4.2723e+06,2.92367e+06,1.30438e+07,0,0,0,0,63.3931,70.5495,0.812422,0,1,1.47916,1.47916,0,1.14257,2.1168,8.8787e+06,3.90788e+06,1.3133e+07,0,0,0,9.47756e+07
67.531,94.3805,0.984632,0.02,0,3.05372,3.05372,0,0.572153,4.89888,4.2723e+06,2.92367e+06,1.30464e+07,0,0,0,0,62.717,70.5495,1.47208,0,1,1.47946,1.47946,0,1.1428,2.1168,8.8787e+06,3.90788e+06,1.31356e+07,0,0,0,9.47756e+07
66.04,94.3805,1.01727,0.01,0,2.96114,2.96114,0,0.572268,4.89888,4.2723e+06,2.92367e+06,1.26509e+07,0,0,0,0,62.0601,70.5495,1.04549,0,1,1.40856,1.40856,0,1.14303,2.1168,8.8787e+06,3.90788e+06,1.25061e+07,0,0,0,9.47756e+07
64.5168,94.3805,0.982649,0.02,0,2.96174,2.96174,0,0.554919,4.89888,4.2723e+06,2.92367e+06,1.26534e+07,0,0,0,0,61.0507,70.5495,1.1346,0,1,1.40884,1.40884,0,1.08825,2.1168,8.8787e+06,3.90788e+06,1.25087e+07,0,0,0,9.47756e+07
62.6663,94.3805,0.594368,0.02,0,2.96233,2.96233,0,0.55503,4.89888,4.2723e+06,2.92367e+06,1.2656e+07,0,0,0,0,60.0781,70.5495,0.695204,0,1,1.40912,1.40912,0,1.08847,2.1168,8.8787e+06,3.90788e+06,1.25112e+07,0,0,0,9.47756e+07
61.0002,94.3805,0.799563,0.02,0,2.96293,2.96293,0,0.555142,4.89888,4.2723e+06,2.92367e+06,1.26585e+07,0,0,0,0,59.8634,70.5495,0.848687,0,1,1.4094,1.4094,0,1.08869,2.1168,8.8787e+06,3.90788e+06,1.25137e+07,0,0,0,9.47756e+07
60.4564,94.3805,1.93832,0.02,0,2.88697,2.88697,0,0.555253,4.89888,4.2723e+06,2.92367e+06,1.2334e+07,0,0,0,0,59.6321,70.5495,2.06352,0,1,1.34483,1.34483,0,1.08891,2.1168,8.8787e+06,3.90788e+06,1.19403e+07,0,0,0,9.47756e+07
59.168,94.3805,1.17293,0.02,0,2.88755,2.88755,0,0.541018,4.89888,4.2723e+06,2.92367e+06,1.23365e+07,0,0,0,0,59.5579,70.5495,1.43471,0,1,1.3451,1.3451,0,1.03901,2.1168,8.8787e+06,3.90788e+06,1.19427e+07,0,0,0,9.47756e+07
58.2462,94.3805,1.5921,0.02,0,2.88813,2.88813,0,0.541127,4.89888,4.2723e+06,2.92367e+06,1.23389e+07,0,0,0,0,59.5899,70.5495,1.96782,0,1,1.34537,1.34537,0,1.03922,2.1168,8.8787e+06,3.90788e+06,1.19451e+07,0,0,0,9.47756e+07
59.1296,94.3805,3.49105,0.02,0,2.88871,2.88871,0,0.541236,4.89888,4.2723e+06,2.92367e+06,1.23414e+07,0,0,0,0,60.105,70.5495,2.93321,0,1,1.34564,1.34564,0,1.03943,2.1168,8.8787e+06,3.90788e+06,1.19475e+07,0,0,0,9.47756e+07
60.2242,94.3805,3.55096,0.02,0,2.67169,2.67169,0,0.541344,4.89888,4.2723e+06,2.92367e+06,1.14143e+07,0,0,0,0,60.7949,70.5495,3.1721,0,1,1.21072,1.21072,0,1.03964,2.1168,8.8787e+06,3.90788e+06,1.07496e+07,0,0,0,9.47756e+07
65.0909,94.3805,7.78111,0.02,0,2.67223,2.67223,0,0.500675,4.89888,4.2723e+06,2.92367e+06,1.14166e+07,0,0,0,0,64.8944,70.5495,9.66232,0,1,1.21096,1.21096,0,0.9354,2.1168,8.8787e+06,3.90788e+06,1.07518e+07,0,0,0,9.47756e+07
70.1031,94.3805,8.14495,0.02,0,2.67277,2.67277,0,0.500776,4.89888,4.2723e+06,2.92367e+06,1.14189e+07,0,0,0,0,69.2335,70.5495,10.3562,0,1,1.2112,1.2112,0,0.935588,2.1168,8.8787e+06,3.90788e+06,1.07539e+07,0,0,0,9.47756e+07
74.7581,94.3805,7.97983,0.01,0,2.6733,2.6733,0,0.500877,4.89888,4.2723e+06,2.92367e+06,1.14211e+07,0,0,0,0,71.5777,70.5495,9.04,0,1,1.21145,1.21145,0,0.935776,2.1168,8.8787e+06,3.90788e+06,1.07561e+07,0,0,0,9.47756e+07
78.6483,94.3805,7.10886,0.01,0,2.67384,2.67384,0,0.500977,4.89888,4.2723e+06,2.92367e+06,1.14234e+07,0,0,0,0,71.5777,70.5495,7.50016,0,1,1.21169,1.21169,0,0.935964,2.1168,8.8787e+06,3.90788e+06,1.07582e+07,0,0,0,9.47756e+07
85.316,94.3805,9.89807,0,0,2.75815,2.75815,0,0.501078,4.89888,4.2723e+06,2.92367e+06,1.17836e+07,0,0,0,0,71.5777,70.5495,9.5206,0,0,1.25112,1.25112,0,0.936152,2.1168,8.8787e+06,3.90788e+06,1.11083e+07,0,0,0,9.47756e+07
89.1259,94.3805,7.15606,0,0,2.75868,2.75868,0,0.516877,4.89888,4.2723e+06,2.92367e+06,1.17859e+07,0,0,0,0,71.5777,70.5495,5.72244,0,0,1.25136,1.25136,0,0.966612,2.1168,8.8787e+06,3.90788e+06,1.11104e+07,0,0,0,9.47756e+07
92.5899,94.3805,6.82213,0,0,2.75921,2.75921,0,0.516976,4.89888,4.2723e+06,2.92367e+06,1.17882e+07,0,0,0,0,71.5777,70.5495,4.81321,0,0,1.2516,1.2516,0,0.966798,2.1168,8.8787e+06,3.90788e+06,1.11126e+07,0,0,0,9.47756e+07
94.3805,94.3805,7.085,0,0,2.75974,2.75974,0,0.517076,4.89888,4.2723e+06,2.92367e+06,1.17904e+07,0,0,0,0,71.5777,70.5495,6.07137,0,0,1.25184,1.25184,0,0.966984,2.1168,8.8787e+06,3.90788e+06,1.11147e+07,0,0,0,9.47756e+07
94.3805,94.3805,6.31339,0,0,3.0295,3.0295,0,0.517175,4.89888,4.2723e+06,2.92367e+06,1.29429e+07,0,0,0,0,71.5777,70.5495,5.7,0,0,1.3993,1.3993,0,0.96717,2.1168,8.8787e+06,3.90788e+06,1.24239e+07,0,0,0,9.47756e+07
94.3805,94.3805,5.10901,0,0,3.03009,3.03009,0,0.567729,4.89888,4.2723e+06,2.92367e+06,1.29454e+07,0,0,0,0,71.5777,70.5495,4.6304,0,0,1.39957,1.39957,0,1.0811,2.1168,8.8787e+06,3.90788e+06,1.24263e+07,0,0,0,9.47756e+07
94.3805,94.3805,7.6197,0,0,3.03067,3.03067,0,0.567838,4.89888,4.2723e+06,2.92367e+06,1.29479e+07,0,0,0,0,71.5777,70.5495,5.69163,0,0,1.39984,1.39984,0,1.0813,2.1168,8.8787e+06,3.90788e+06,1.24287e+07,0,0,0,9.47756e+07
94.3805,94.3805,5.56039,0,0,3.03125,3.03125,0,0.567947,4.89888,4.2723e+06,2.92367e+06,1.29504e+07,0,0,0,0,71.5777,70.5495,4.70129,0,0,1.4001,1.4001,0,1.08151,2.1168,8.8787e+06,3.90788e+06,1.24311e+07,0,0,0,9.47756e+07
94.3805,94.3805,6.13741,0,0,2.64753,2.64753,0,0.568057,4.89888,4.2723e+06,2.92367e+06,1.1311e+07,0,0,0,0,71.5777,70.5495,6.51638,0,0,1.20265,1.20265,0,1.08172,2.1168,8.8787e+06,3.90788e+06,1.0678e+07,0,0,0,9.47756e+07
94.3805,94.3805,7.74433,0,0,2.64804,2.64804,0,0.496147,4.89888,4.2723e+06,2.92367e+06,1.13132e+07,0,0,0,0,71.5777,70.5495,8.40665,0,0,1.20289,1.20289,0,0.92917,2.1168,8.8787e+06,3.90788e+06,1.06801e+07,0,0,0,9.47756e+07
94.3805,94.3805,5.58728,0,0,2.64855,2.64855,0,0.496243,4.89888,4.2723e+06,2.92367e+06,1.13154e+07,0,0,0,0,71.5777,70.5495,6.92906,0,0,1.20312,1.20312,0,0.929349,2.1168,8.8787e+06,3.90788e+06,1.06821e+07,0,0,0,9.47756e+07
94.3805,94.3805,5.62179,0,0,2.64906,2.64906,0,0.496338,4.89888,4.2723e+06,2.92367e+06,1.13176e+07,0,0,0,0,71.5777,70.5495,5.56435,0,0,1.20335,1.20335,0,0.929528,2.1168,8.8787e+06,3.90788e+06,1.06842e+07,0,0,0,9.47756e+07
94.3805,94.3805,5.27704,0,0,2.64957,2.64957,0,0.496434,4.89888,4.2723e+06,2.92367e+06,1.13197e+07,0,0,0,0,71.5777,70.5495,6.60289,0,0,1.20358,1.20358,0,0.929707,2.1168,8.8787e+06,3.90788e+06,1.06862e+07,0,0,0,9.47756e+07
94.3805,94.3805,6.47654,0,0,2.74691,2.74691,0,0.496529,4.89888,4.2723e+06,2.92367e+06,1.17356e+07,0,0,0,0,71.5777,70.5495,6.24081,0,0,1.25223,1.25223,0,0.929886,2.1168,8.8787e+06,3.90788e+06,1.11182e+07,0,0,0,9.47756e+07
94.3805,94.3805,4.95407,0,0,2.74744,2.74744,0,0.51477,4.89888,4.2723e+06,2.92367e+06,1.17379e+07,0,0,0,0,71.5777,70.5495,4.5653,0,0,1.25247,1.25247,0,0.967471,2.1168,8.8787e+06,3.90788e+06,1.11203e+07,0,0,0,9.47756e+07
94.3805,94.3805,5.06536,0,0,2.74796,2.74796,0,0.51487,4.89888,4.2723e+06,2.92367e+06,1.17401e+07,0,0,0,0,71.5777,70.5495,6.04568,0,0,1.25271,1.25271,0,0.967657,2.1168,8.8787e+06,3.90788e+06,1.11224e+07,0,0,0,9.47756e+07
94.3805,94.3805,4.37684,0,0,2.74849,2.74849,0,0.514969,4.89888,4.2723e+06,2.92367e+06,1.17424e+07,0,0,0,0,71.5777,70.5495,4.80489,0,0,1.25295,1.25295,0,0.967844,2.1168,8.8787e+06,3.90788e+06,1.11246e+07,0,0,0,9.47756e+07
94.3805,94.3805,4.34403,0,0,2.71113,2.71113,0,0.515068,4.89888,4.2723e+06,2.92367e+06,1.15828e+07,0,0,0,0,71.5777,70.5495,4.52437,0,0,1.23437,1.23437,0,0.96803,2.1168,8.8787e+06,3.90788e+06,1.09596e+07,0,0,0,9.47756e+07
94.3805,94.3805,3.9386,0,0,2.71166,2.71166,0,0.508067,4.89888,4.2723e+06,2.92367e+06,1.1585e+07,0,0,0,0,71.5777,70.5495,4.37803,0,0,1.23461,1.23461,0,0.953677,2.1168,8.8787e+06,3.90788e+06,1.09617e+07,0,0,0,9.47756e+07
94.3805,94.3805,3.46518,0,0,2.71218,2.71218,0,0.508164,4.89888,4.2723e+06,2.92367e+06,1.15872e+07,0,0,0,0,71.5777,70.5495,3.94148,0,0,1.23485,1.23485,0,0.95386,2.1168,8.8787e+06,3.90788e+06,1.09638e+07,0,0,0,9.47756e+07
94.3805,94.3805,3.75814,0,0,2.7127,2.7127,0,0.508262,4.89888,4.2723e+06,2.92367e+06,1.15895e+07,0,0,0,0,71.5777,70.5495,3.41807,0,0,1.23509,1.23509,0,0.954044,2.1168,8.8787e+06,3.90788e+06,1.0966e+07,0,0,0,9.47756e+07
94.3805,94.3805,3.54174,0,0,2.84193,2.84193,0,0.50836,4.89888,4.2723e+06,2.92367e+06,1.21416e+07,0,0,0,0,71.5777,70.5495,3.73892,0,0,1.30211,1.30211,0,0.954227,2.1168,8.8787e+06,3.90788e+06,1.15611e+07,0,0,0,9.47756e+07
94.3805,94.3805,3.68241,0,0,2.84248,2.84248,0,0.532577,4.89888,4.2723e+06,2.92367e+06,1.21439e+07,0,0,0,0,71.5777,70.5495,3.68851,0,0,1.30236,1.30236,0,1.00601,2.1168,8.8787e+06,3.90788e+06,1.15633e+07,0,0,0,9.47756e+07
94.3805,94.3805,3.28565,0,0,2.84302,2.84302,0,0.53268,4.89888,4.2723e+06,2.92367e+06,1.21462e+07,0,0,0,0,71.5777,70.5495,3.37413,0,0,1.30261,1.30261,0,1.00621,2.1168,8.8787e+06,3.90788e+06,1.15655e+07,0,0,0,9.47756e+07
94.3805,94.3805,3.0951,0,0,2.84357,2.84357,0,0.532782,4.89888,4.2723e+06,2.92367e+06,1.21486e+07,0,0,0,0,71.5777,70.5495,3.24389,0,0,1.30286,1.30286,0,1.0064,2.1168,8.8787e+06,3.90788e+06,1.15677e+07,0,0,0,9.47756e+07
94.3805,94.3805,2.9245,0,0,2.84412,2.84412,0,0.532885,4.89888,4.2723e+06,2.92367e+06,1.21509e+07,0,0,0,0,71.5777,70.5495,3.04451,0,0,1.30311,1.30311,0,1.00659,2.1168,8.8787e+06,3.90788e+06,1.157e+07,0,0,0,9.47756e+07
94.3805,94.3805,2.99682,0,0,2.81919,2.81919,0,0.532988,4.89888,4.2723e+06,2.92367e+06,1.20444e+07,0,0,0,0,71.5777,70.5495,2.6502,0,0,1.34011,1.34011,0,1.00679,2.1168,8.8787e+06,3.90788e+06,1.18984e+07,0,0,0,9.47756e+07
94.3173,94.3805,2.73024,0,0,2.81973,2.81973,0,0.528315,4.89888,4.2723e+06,2.92367e+06,1.20467e+07,0,0,0,0,71.5777,70.5495,2.51801,0,0,1.34037,1.34037,0,1.03537,2.1168,8.8787e+06,3.90788e+06,1.19007e+07,0,0,0,9.47756e+07
94.1645,94.3805,2.62931,0,0,2.82027,2.82027,0,0.528417,4.89888,4.2723e+06,2.92367e+06,1.2049e+07,0,0,0,0,71.5777,70.5495,2.25987,0,0,1.34062,1.34062,0,1.03557,2.1168,8.8787e+06,3.90788e+06,1.1903e+07,0,0,0,9.47756e+07
93.9242,94.3805,2.52496,0,0,2.82081,2.82081,0,0.528519,4.89888,4.2723e+06,2.92367e+06,1.20514e+07,0,0,0,0,71.5777,70.5495,2.14817,0,0,1.34088,1.34088,0,1.03577,2.1168,8.8787e+06,3.90788e+06,1.19053e+07,0,0,0,9.47756e+07
93.6678,94.3805,2.52286,0,0,2.8872,2.8872,0,0.528621,4.89888,4.2723e+06,2.92367e+06,1.2335e+07,0,0,0,0,71.5588,70.5495,2.13286,0,0,1.37391,1.37391,0,1.03597,2.1168,8.8787e+06,3.90788e+06,1.21985e+07,0,0,0,9.47756e+07
93.1285,94.3805,2.23332,0,0,2.88776,2.88776,0,0.541062,4.89888,4.2723e+06,2.92367e+06,1.23374e+07,0,0,0,0,71.1924,70.5495,1.75253,0,0,1.37418,1.37418,0,1.06148,2.1168,8.8787e+06,3.90788e+06,1.22009e+07,0,0,0,9.47756e+07
92.4039,94.3805,2.03425,0,0,2.88831,2.88831,0,0.541166,4.89888,4.2723e+06,2.92367e+06,1.23397e+07,0,0,0,0,70.9975,70.5495,1.53094,0,0,1.37444,1.37444,0,1.06169,2.1168,8.8787e+06,3.90788e+06,1.22032e+07,0,0,0,9.47756e+07
92.032,94.3805,2.39035,0,0,2.88887,2.88887,0,0.54127,4.89888,4.2723e+06,2.92367e+06,1.23421e+07,0,0,0,0,70.8944,70.5495,2.13848,0,0,1.3747,1.3747,0,1.06189,2.1168,8.8787e+06,3.90788e+06,1.22056e+07,0,0,0,9.47756e+07
91.58,94.3805,2.44323,0,0,3.0824,3.0824,0,0.541374,4.89888,4.2723e+06,2.92367e+06,1.31689e+07,0,0,0,0,70.4946,70.5495,2.18739,0,0,1.49335,1.49335,0,1.0621,2.1168,8.8787e+06,3.90788e+06,1.3259e+07,0,0,0,9.47756e+07
90.0239,94.3805,1.28899,0,0,3.08299,3.08299,0,0.577641,4.89888,4.2723e+06,2.92367e+06,1.31714e+07,0,0,0,0,69.862,70.5495,1.37538,0,0,1.49364,1.49364,0,1.15376,2.1168,8.8787e+06,3.90788e+06,1.32615e+07,0,0,0,9.47756e+07
88.4156,94.3805,1.21783,0,0,3.08358,3.08358,0,0.577752,4.89888,4.2723e+06,2.92367e+06,1.3174e+07,0,0,0,0,69.343,70.5495,1.2855,0,0,1.49392,1.49392,0,1.15398,2.1168,8.8787e+06,3.90788e+06,1.32641e+07,0,0,0,9.47756e+07
87.2556,94.3805,1.65893,0,0,3.08418,3.08418,0,0.577863,4.89888,4.2723e+06,2.92367e+06,1.31765e+07,0,0,0,0,68.9678,70.5495,1.45048,0,0,1.49421,1.49421,0,1.1542,2.1168,8.8787e+06,3.90788e+06,1.32666e+07,0,0,0,9.47756e+07
86.7969,94.3805,2.41533,0,0,3.08477,3.08477,0,0.577975,4.89888,4.2723e+06,2.92367e+06,1.3179e+07,0,0,0,0,68.6879,70.5495,1.69628,0,0,1.4945,1.4945,0,1.15443,2.1168,8.8787e+06,3.90788e+06,1.32692e+07,0,0,0,9.47756e+07
86.6874,94.3805,2.67821,0,0,2.99123,2.99123,0,0.578086,4.89888,4.2723e+06,2.92367e+06,1.27794e+07,0,0,0,0,68.5122,70.5495,1.75348,0,0,1.42286,1.42286,0,1.15465,2.1168,8.8787e+06,3.90788e+06,1.26332e+07,0,0,0,9.47756e+07
86.732,94.3805,2.86621,0,0,2.9918,2.9918,0,0.560556,4.89888,4.2723e+06,2.92367e+06,1.27819e+07,0,0,0,0,68.4902,70.5495,2.05648,0,0,1.42314,1.42314,0,1.09931,2.1168,8.8787e+06,3.90788e+06,1.26356e+07,0,0,0,9.47756e+07
86.6938,94.3805,2.81973,0,0,2.99238,2.99238,0,0.560663,4.89888,4.2723e+06,2.92367e+06,1.27843e+07,0,0,0,0,68.7213,70.5495,2.73202,0,0,1.42341,1.42341,0,1.09952,2.1168,8.8787e+06,3.90788e+06,1.26381e+07,0,0,0,9.47756e+07
86.7283,94.3805,2.90016,0,0,2.99295,2.99295,0,0.560771,4.89888,4.2723e+06,2.92367e+06,1.27868e+07,0,0,0,0,69.2029,70.5495,3.5205,0,0,1.42369,1.42369,0,1.09973,2.1168,8.8787e+06,3.90788e+06,1.26405e+07,0,0,0,9.47756e+07
86.1501,94.3805,2.24535,0,0,2.9162,2.9162,0,0.560879,4.89888,4.2723e+06,2.92367e+06,1.24589e+07,0,0,0,0,69.4089,70.5495,2.50017,0,0,1.35844,1.35844,0,1.09994,2.1168,8.8787e+06,3.90788e+06,1.20612e+07,0,0,0,9.47756e+07
84.9884,94.3805,1.72803,0,0,2.91676,2.91676,0,0.546495,4.89888,4.2723e+06,2.92367e+06,1.24613e+07,0,0,0,0,69.5582,70.5495,2.1138,0,0,1.3587,1.3587,0,1.04953,2.1168,8.8787e+06,3.90788e+06,1.20635e+07,0,0,0,9.47756e+07
84.7241,94.3805,2.66354,0,0,2.91732,2.91732,0,0.546601,4.89888,4.2723e+06,2.92367e+06,1.24637e+07,0,0,0,0,69.8288,70.5495,2.57633,0,0,1.35897,1.35897,0,1.04974,2.1168,8.8787e+06,3.90788e+06,1.20659e+07,0,0,0,9.47756e+07
87.9734,94.3805,6.38516,0.01,0,2.91788,2.91788,0,0.546706,4.89888,4.2723e+06,2.92367e+06,1.24661e+07,0,0,0,0,71.2614,70.5495,6.5256,0,0,1.35923,1.35923,0,1.04994,2.1168,8.8787e+06,3.90788e+06,1.20682e+07,0,0,0,9.47756e+07
90.013,94.3805,4.89272,0,0,2.69865,2.69865,0,0.546811,4.89888,4.2723e+06,2.92367e+06,1.15294e+07,0,0,0,0,71.5777,70.5495,4.47777,0,0,1.22293,1.22293,0,1.05014,2.1168,8.8787e+06,3.90788e+06,1.08581e+07,0,0,0,9.47756e+07
92.3207,94.3805,5.22893,0,0,2.69917,2.69917,0,0.505727,4.89888,4.2723e+06,2.92367e+06,1.15316e+07,0,0,0,0,71.5777,70.5495,2.70796,0,0,1.22317,1.22317,0,0.944838,2.1168,8.8787e+06,3.90788e+06,1.08601e+07,0,0,0,9.47756e+07
94.3805,94.3805,11.329,0,0,2.69969,2.69969,0,0.505824,4.89888,4.2723e+06,2.92367e+06,1.15339e+07,0,0,0,0,71.5777,70.5495,4.98894,0,0,1.2234,1.2234,0,0.94502,2.1168,8.8787e+06,3.90788e+06,1.08622e+07,0,0,0,9.47756e+07
94.3805,94.3805,8.77743,0,0,2.70021,2.70021,0,0.505922,4.89888,4.2723e+06,2.92367e+06,1.15361e+07,0,0,0,0,71.5777,70.5495,2.78082,0,0,1.22364,1.22364,0,0.945202,2.1168,8.8787e+06,3.90788e+06,1.08643e+07,0,0,0,9.47756e+07
94.3805,94.3805,7.60588,0,0,2.70073,2.70073,0,0.506019,4.89888,4.2723e+06,2.92367e+06,1.15383e+07,0,0,0,0,71.5777,70.5495,3.4862,0,0,1.22387,1.22387,0,0.945383,2.1168,8.8787e+06,3.90788e+06,1.08664e+07,0,0,0,9.47756e+07
94.3805,94.3805,10.9948,0,0,2.78586,2.78586,0,0.506116,4.89888,4.2723e+06,2.92367e+06,1.1902e+07,0,0,0,0,71.5777,70.5495,6.40307,0,0,1.26369,1.26369,0,0.945565,2.1168,8.8787e+06,3.90788e+06,1.12199e+07,0,0,0,9.47756e+07
94.3805,94.3805,8.05414,0,0,2.78637,2.78637,0,0.52207,4.89888,4.2723e+06,2.92367e+06,1.19042e+07,0,0,0,0,71.5777,70.5495,6.03292,0,0,1.26392,1.26392,0,0.976323,2.1168,8.8787e+06,3.90788e+06,1.1222e+07,0,0,0,9.47756e+07
94.3805,94.3805,7.35156,0,0,2.78689,2.78689,0,0.522166,4.89888,4.2723e+06,2.92367e+06,1.19064e+07,0,0,0,0,71.5777,70.5495,5.66072,0,0,1.26415,1.26415,0,0.976503,2.1168,8.8787e+06,3.90788e+06,1.1224e+07,0,0,0,9.47756e+07
94.3805,94.3805,6.46278,0,0,2.7874,2.7874,0,0.522263,4.89888,4.2723e+06,2.92367e+06,1.19086e+07,0,0,0,0,71.5777,70.5495,4.18261,0,0,1.26438,1.26438,0,0.976683,2.1168,8.8787e+06,3.90788e+06,1.12261e+07,0,0,0,9.47756e+07
94.3805,94.3805,7.30359,0,0,3.05984,3.05984,0,0.522359,4.89888,4.2723e+06,2.92367e+06,1.30726e+07,0,0,0,0,71.5777,70.5495,4.60239,0,0,1.41331,1.41331,0,0.976864,2.1168,8.8787e+06,3.90788e+06,1.25484e+07,0,0,0,9.47756e+07
94.3805,94.3805,5.40328,0,0,3.06041,3.06041,0,0.573414,4.89888,4.2723e+06,2.92367e+06,1.3075e+07,0,0,0,0,71.5777,70.5495,5.08343,0,0,1.41357,1.41357,0,1.09192,2.1168,8.8787e+06,3.90788e+06,1.25507e+07,0,0,0,9.47756e+07
94.3805,94.3805,6.32084,0,0,3.06097,3.06097,0,0.57352,4.89888,4.2723e+06,2.92367e+06,1.30774e+07,0,0,0,0,71.5777,70.5495,5.21538,0,0,1.41383,1.41383,0,1.09213,2.1168,8.8787e+06,3.90788e+06,1.2553e+07,0,0,0,9.47756e+07
94.3805,94.3805,6.5291,0,0,3.06154,3.06154,0,0.573626,4.89888,4.2723e+06,2.92367e+06,1.30798e+07,0,0,0,0,71.5777,70.5495,5.62901,0,0,1.41409,1.41409,0,1.09233,2.1168,8.8787e+06,3.90788e+06,1.25553e+07,0,0,0,9.47756e+07
94.3805,94.3805,6.83503,0,0,2.67396,2.67396,0,0.573732,4.89888,4.2723e+06,2.92367e+06,1.1424e+07,0,0,0,0,71.5777,70.5495,5.72387,0,0,1.21466,1.21466,0,1.09253,2.1168,8.8787e+06,3.90788e+06,1.07846e+07,0,0,0,9.47756e+07
94.3805,94.3805,9.79127,0,0,2.67445,2.67445,0,0.5011,4.89888,4.2723e+06,2.92367e+06,1.14261e+07,0,0,0,0,71.5777,70.5495,8.07962,0,0,1.21488,1.21488,0,0.938446,2.1168,8.8787e+06,3.90788e+06,1.07866e+07,0,0,0,9.47756e+07
94.3805,94.3805,7.03651,0,0,2.67495,2.67495,0,0.501193,4.89888,4.2723e+06,2.92367e+06,1.14282e+07,0,0,0,0,71.5777,70.5495,6.41578,0,0,1.21511,1.21511,0,0.938619,2.1168,8.8787e+06,3.90788e+06,1.07886e+07,0,0,0,9.47756e+07
94.3805,94.3805,6.28449,0,0,2.67544,2.67544,0,0.501285,4.89888,4.2723e+06,2.92367e+06,1.14303e+07,0,0,0,0,71.5777,70.5495,4.70153,0,0,1.21533,1.21533,0,0.938792,2.1168,8.8787e+06,3.90788e+06,1.07906e+07,0,0,0,9.47756e+07
94.3805,94.3805,6.63312,0,0,2.67593,2.67593,0,0.501378,4.89888,4.2723e+06,2.92367e+06,1.14324e+07,0,0,0,0,71.5777,70.5495,6.11643,0,0,1.21556,1.21556,0,0.938966,2.1168,8.8787e+06,3.90788e+06,1.07926e+07,0,0,0,9.47756e+07
94.3805,94.3805,6.29172,0,0,2.77422,2.77422,0,0.50147,4.89888,4.2723e+06,2.92367e+06,1.18523e+07,0,0,0,0,71.5777,70.5495,4.976,0,0,1.26468,1.26468,0,0.939139,2.1168,8.8787e+06,3.90788e+06,1.12287e+07,0,0,0,9.47756e+07
94.3805,94.3805,5.9132,0,0,2.77473,2.77473,0,0.519889,4.89888,4.2723e+06,2.92367e+06,1.18545e+07,0,0,0,0,71.5777,70.5495,4.8062,0,0,1.26491,1.26491,0,0.97709,2.1168,8.8787e+06,3.90788e+06,1.12308e+07,0,0,0,9.47756e+07
94.3805,94.3805,3.87576,0,0,2.77524,2.77524,0,0.519985,4.89888,4.2723e+06,2.92367e+06,1.18567e+07,0,0,0,0,71.5777,70.5495,3.83169,0,0,1.26514,1.26514,0,0.977271,2.1168,8.8787e+06,3.90788e+06,1.12328e+07,0,0,0,9.47756e+07
94.3805,94.3805,5.48938,0,0,2.77575,2.77575,0,0.52008,4.89888,4.2723e+06,2.92367e+06,1.18588e+07,0,0,0,0,71.5777,70.5495,6.96687,0,0,1.26538,1.26538,0,0.977451,2.1168,8.8787e+06,3.90788e+06,1.12349e+07,0,0,0,9.47756e+07
94.3805,94.3805,3.79963,0,0,2.738,2.738,0,0.520176,4.89888,4.2723e+06,2.92367e+06,1.16976e+07,0,0,0,0,71.5777,70.5495,3.95631,0,0,1.24661,1.24661,0,0.977631,2.1168,8.8787e+06,3.90788e+06,1.10682e+07,0,0,0,9.47756e+07
94.3805,94.3805,3.41838,0,0,2.73851,2.73851,0,0.513102,4.89888,4.2723e+06,2.92367e+06,1.16997e+07,0,0,0,0,71.5777,70.5495,4.03462,0,0,1.24684,1.24684,0,0.963128,2.1168,8.8787e+06,3.90788e+06,1.10703e+07,0,0,0,9.47756e+07
94.3805,94.3805,3.15029,0,0,2.73901,2.73901,0,0.513196,4.89888,4.2723e+06,2.92367e+06,1.17019e+07,0,0,0,0,71.5777,70.5495,3.28643,0,0,1.24707,1.24707,0,0.963306,2.1168,8.8787e+06,3.90788e+06,1.10723e+07,0,0,0,9.47756e+07
94.3805,94.3805,3.87026,0,0,2.73952,2.73952,0,0.513291,4.89888,4.2723e+06,2.92367e+06,1.1704e+07,0,0,0,0,71.5777,70.5495,3.83341,0,0,1.2473,1.2473,0,0.963483,2.1168,8.8787e+06,3.90788e+06,1.10744e+07,0,0,0,9.47756e+07
94.331,94.3805,2.99009,0,0,2.87,2.87,0,0.513386,4.89888,4.2723e+06,2.92367e+06,1.22615e+07,0,0,0,0,71.5777,70.5495,3.33199,0,0,1.31497,1.31497,0,0.963661,2.1168,8.8787e+06,3.90788e+06,1.16753e+07,0,0,0,9.47756e+07
93.975,94.3805,2.63919,0,0,2.87053,2.87053,0,0.537838,4.89888,4.2723e+06,2.92367e+06,1.22638e+07,0,0,0,0,71.5777,70.5495,3.08361,0,0,1.31522,1.31522,0,1.01595,2.1168,8.8787e+06,3.90788e+06,1.16774e+07,0,0,0,9.47756e+07
93.4654,94.3805,2.44483,0,0,2.87106,2.87106,0,0.537938,4.89888,4.2723e+06,2.92367e+06,1.2266e+07,0,0,0,0,71.5777,70.5495,3.10412,0,0,1.31546,1.31546,0,1.01614,2.1168,8.8787e+06,3.90788e+06,1.16796e+07,0,0,0,9.47756e+07
92.8909,94.3805,2.37269,0,0,2.87159,2.87159,0,0.538037,4.89888,4.2723e+06,2.92367e+06,1.22683e+07,0,0,0,0,71.5777,70.5495,3.09196,0,0,1.3157,1.3157,0,1.01632,2.1168,8.8787e+06,3.90788e+06,1.16817e+07,0,0,0,9.47756e+07
92.1847,94.3805,2.21906,0,0,2.87212,2.87212,0,0.538136,4.89888,4.2723e+06,2.92367e+06,1.22705e+07,0,0,0,0,71.5777,70.5495,2.82651,0,0,1.31594,1.31594,0,1.01651,2.1168,8.8787e+06,3.90788e+06,1.16839e+07,0,0,0,9.47756e+07
92.3522,94.3805,3.13881,0,0,2.84692,2.84692,0,0.538235,4.89888,4.2723e+06,2.92367e+06,1.21629e+07,0,0,0,0,71.5777,70.5495,3.3222,0,0,1.35329,1.35329,0,1.0167,2.1168,8.8787e+06,3.90788e+06,1.20155e+07,0,0,0,9.47756e+07
92.7403,94.3805,3.38391,0,0,2.84745,2.84745,0,0.533513,4.89888,4.2723e+06,2.92367e+06,1.21651e+07,0,0,0,0,71.5777,70.5495,3.37777,0,0,1.35354,1.35354,0,1.04555,2.1168,8.8787e+06,3.90788e+06,1.20177e+07,0,0,0,9.47756e+07
92.9961,94.3805,3.22025,0,0,2.84797,2.84797,0,0.533612,4.89888,4.2723e+06,2.92367e+06,1.21674e+07,0,0,0,0,71.5777,70.5495,3.29855,0,0,1.35379,1.35379,0,1.04575,2.1168,8.8787e+06,3.90788e+06,1.20199e+07,0,0,0,9.47756e+07
93.0727,94.3805,3.03543,0,0,2.8485,2.8485,0,0.53371,4.89888,4.2723e+06,2.92367e+06,1.21696e+07,0,0,0,0,71.5777,70.5495,3.32444,0,0,1.35404,1.35404,0,1.04594,2.1168,8.8787e+06,3.90788e+06,1.20221e+07,0,0,0,9.47756e+07
92.8452,94.3805,2.7515,0,0,2.91551,2.91551,0,0.533808,4.89888,4.2723e+06,2.92367e+06,1.24559e+07,0,0,0,0,71.5777,70.5495,2.99185,0,0,1.38738,1.38738,0,1.04613,2.1168,8.8787e+06,3.90788e+06,1.23182e+07,0,0,0,9.47756e+07
92.761,94.3805,2.8603,0,0,2.91605,2.91605,0,0.546367,4.89888,4.2723e+06,2.92367e+06,1.24582e+07,0,0,0,0,71.5777,70.5495,2.94952,0,0,1.38764,1.38764,0,1.07189,2.1168,8.8787e+06,3.90788e+06,1.23204e+07,0,0,0,9.47756e+07
92.614,94.3805,2.80565,0,0,2.91659,2.91659,0,0.546468,4.89888,4.2723e+06,2.92367e+06,1.24605e+07,0,0,0,0,71.5777,70.5495,3.03287,0,0,1.3879,1.3879,0,1.07209,2.1168,8.8787e+06,3.90788e+06,1.23227e+07,0,0,0,9.47756e+07
92.3066,94.3805,2.61427,0,0,2.91713,2.91713,0,0.546569,4.89888,4.2723e+06,2.92367e+06,1.24628e+07,0,0,0,0,71.5777,70.5495,2.86364,0,0,1.38815,1.38815,0,1.07229,2.1168,8.8787e+06,3.90788e+06,1.2325e+07,0,0,0,9.47756e+07
91.6608,94.3805,2.40642,0,0,3.11252,3.11252,0,0.54667,4.89888,4.2723e+06,2.92367e+06,1.32976e+07,0,0,0,0,71.5777,70.5495,2.69966,0,0,1.50794,1.50794,0,1.07249,2.1168,8.8787e+06,3.90788e+06,1.33886e+07,0,0,0,9.47756e+07
90.8712,94.3805,2.27626,0,0,3.1131,3.1131,0,0.583287,4.89888,4.2723e+06,2.92367e+06,1.33001e+07,0,0,0,0,71.5777,70.5495,2.94334,0,0,1.50822,1.50822,0,1.16504,2.1168,8.8787e+06,3.90788e+06,1.3391e+07,0,0,0,9.47756e+07
90.0017,94.3805,2.18813,0,0,3.11367,3.11367,0,0.583394,4.89888,4.2723e+06,2.92367e+06,1.33025e+07,0,0,0,0,71.5777,70.5495,2.81571,0,0,1.5085,1.5085,0,1.16525,2.1168,8.8787e+06,3.90788e+06,1.33935e+07,0,0,0,9.47756e+07
89.4514,94.3805,2.52144,0,0,3.11425,3.11425,0,0.583502,4.89888,4.2723e+06,2.92367e+06,1.3305e+07,0,0,0,0,71.5777,70.5495,2.82257,0,0,1.50878,1.50878,0,1.16547,2.1168,8.8787e+06,3.90788e+06,1.3396e+07,0,0,0,9.47756e+07
88.3021,94.3805,1.87792,0,0,3.11482,3.11482,0,0.58361,4.89888,4.2723e+06,2.92367e+06,1.33074e+07,0,0,0,0,71.5777,70.5495,2.58264,0,0,1.50906,1.50906,0,1.16568,2.1168,8.8787e+06,3.90788e+06,1.33985e+07,0,0,0,9.47756e+07
87.3593,94.3805,2.09315,0,0,3.02034,3.02034,0,0.583717,4.89888,4.2723e+06,2.92367e+06,1.29038e+07,0,0,0,0,71.5777,70.5495,2.74922,0,0,1.43671,1.43671,0,1.1659,2.1168,8.8787e+06,3.90788e+06,1.27562e+07,0,0,0,9.47756e+07
86.8911,94.3805,2.66906,0,0,3.0209,3.0209,0,0.566012,4.89888,4.2723e+06,2.92367e+06,1.29062e+07,0,0,0,0,71.5777,70.5495,3.6629,0,0,1.43698,1.43698,0,1.11001,2.1168,8.8787e+06,3.90788e+06,1.27585e+07,0,0,0,9.47756e+07
86.8064,94.3805,3.0303,0,0,3.02145,3.02145,0,0.566116,4.89888,4.2723e+06,2.92367e+06,1.29085e+07,0,0,0,0,71.5777,70.5495,3.9567,0,0,1.43724,1.43724,0,1.11021,2.1168,8.8787e+06,3.90788e+06,1.27609e+07,0,0,0,9.47756e+07
87.5741,94.3805,3.98073,0,0,3.02201,3.02201,0,0.566221,4.89888,4.2723e+06,2.92367e+06,1.29109e+07,0,0,0,0,71.5777,70.5495,4.95433,0,0,1.43751,1.43751,0,1.11041,2.1168,8.8787e+06,3.90788e+06,1.27632e+07,0,0,0,9.47756e+07
88.3101,94.3805,4.24739,0,0,2.94449,2.94449,0,0.566325,4.89888,4.2723e+06,2.92367e+06,1.25797e+07,0,0,0,0,71.5777,70.5495,6.26083,0,0,1.37162,1.37162,0,1.11062,2.1168,8.8787e+06,3.90788e+06,1.21782e+07,0,0,0,9.47756e+07
88.954,94.3805,4.06687,0,0,2.94503,2.94503,0,0.551797,4.89888,4.2723e+06,2.92367e+06,1.2582e+07,0,0,0,0,71.5777,70.5495,4.778,0,0,1.37188,1.37188,0,1.05972,2.1168,8.8787e+06,3.90788e+06,1.21805e+07,0,0,0,9.47756e+07
90.2215,94.3805,4.57158,0,0,2.94557,2.94557,0,0.551899,4.89888,4.2723e+06,2.92367e+06,1.25844e+07,0,0,0,0,71.5777,70.5495,6.0705,0,0,1.37213,1.37213,0,1.05991,2.1168,8.8787e+06,3.90788e+06,1.21827e+07,0,0,0,9.47756e+07
91.0785,94.3805,4.23875,0,0,2.94612,2.94612,0,0.552001,4.89888,4.2723e+06,2.92367e+06,1.25867e+07,0,0,0,0,71.5777,70.5495,6.01038,0,0,1.37238,1.37238,0,1.06011,2.1168,8.8787e+06,3.90788e+06,1.2185e+07,0,0,0,9.47756e+07
92.3776,94.3805,4.51954,0,0,2.72474,2.72474,0,0.552102,4.89888,4.2723e+06,2.92367e+06,1.16409e+07,0,0,0,0,71.5777,70.5495,4.73245,0,0,1.23476,1.23476,0,1.0603,2.1168,8.8787e+06,3.90788e+06,1.0963e+07,0,0,0,9.47756e+07
94.3444,94.3805,5.18149,0,0,2.72525,2.72525,0,0.510617,4.89888,4.2723e+06,2.92367e+06,1.16431e+07,0,0,0,0,71.5777,70.5495,3.16988,0,0,1.23499,1.23499,0,0.953974,2.1168,8.8787e+06,3.90788e+06,1.09651e+07,0,0,0,9.47756e+07
94.3805,94.3805,6.72264,0,0,2.72575,2.72575,0,0.510711,4.89888,4.2723e+06,2.92367e+06,1.16452e+07,0,0,0,0,71.5777,70.5495,5.02458,0,0,1.23521,1.23521,0,0.95415,2.1168,8.8787e+06,3.90788e+06,1.09671e+07,0,0,0,9.47756e+07
94.3805,94.3805,4.04599,0,0,2.72625,2.72625,0,0.510805,4.89888,4.2723e+06,2.92367e+06,1.16474e+07,0,0,0,0,71.5777,70.5495,4.3869,0,0,1.23544,1.23544,0,0.954326,2.1168,8.8787e+06,3.90788e+06,1.09691e+07,0,0,0,9.47756e+07
94.3805,94.3805,6.3551,0,0,2.72675,2.72675,0,0.5109,4.89888,4.2723e+06,2.92367e+06,1.16495e+07,0,0,0,0,71.5777,70.5495,5.61258,0,0,1.23567,1.23567,0,0.954502,2.1168,8.8787e+06,3.90788e+06,1.09711e+07,0,0,0,9.47756e+07
94.3805,94.3805,7.50745,0,0,2.81269,2.81269,0,0.510994,4.89888,4.2723e+06,2.92367e+06,1.20166e+07,0,0,0,0,71.5777,70.5495,5.98701,0,0,1.27585,1.27585,0,0.954678,2.1168,8.8787e+06,3.90788e+06,1.13279e+07,0,0,0,9.47756e+07
94.3805,94.3805,10.767,0,0,2.81318,2.81318,0,0.527097,4.89888,4.2723e+06,2.92367e+06,1.20188e+07,0,0,0,0,71.5777,70.5495,8.46012,0,0,1.27608,1.27608,0,0.985725,2.1168,8.8787e+06,3.90788e+06,1.13299e+07,0,0,0,9.47756e+07
94.3805,94.3805,8.2917,0,0,2.81368,2.81368,0,0.527191,4.89888,4.2723e+06,2.92367e+06,1.20209e+07,0,0,0,0,71.5777,70.5495,4.78742,0,0,1.27631,1.27631,0,0.985899,2.1168,8.8787e+06,3.90788e+06,1.13319e+07,0,0,0,9.47756e+07
94.3805,94.3805,7.35083,0,0,2.81418,2.81418,0,0.527284,4.89888,4.2723e+06,2.92367e+06,1.2023e+07,0,0,0,0,71.5777,70.5495,4.1684,0,0,1.27653,1.27653,0,0.986074,2.1168,8.8787e+06,3.90788e+06,1.13339e+07,0,0,0,9.47756e+07
94.3805,94.3805,6.06615,0,0,3.08921,3.08921,0,0.527377,4.89888,4.2723e+06,2.92367e+06,1.3198e+07,0,0,0,0,71.5777,70.5495,3.59125,0,0,1.42688,1.42688,0,0.986248,2.1168,8.8787e+06,3.90788e+06,1.26688e+07,0,0,0,9.47756e+07
94.3805,94.3805,7.70159,0,0,3.08976,3.08976,0,0.578919,4.89888,4.2723e+06,2.92367e+06,1.32004e+07,0,0,0,0,71.5777,70.5495,7.47533,0,0,1.42713,1.42713,0,1.10241,2.1168,8.8787e+06,3.90788e+06,1.26711e+07,0,0,0,9.47756e+07
94.3805,94.3805,7.99907,0,0,3.09031,3.09031,0,0.579021,4.89888,4.2723e+06,2.92367e+06,1.32027e+07,0,0,0,0,71.5777,70.5495,7.27006,0,0,1.42738,1.42738,0,1.1026,2.1168,8.8787e+06,3.90788e+06,1.26733e+07,0,0,0,9.47756e+07
94.3805,94.3805,9.80777,0,0,3.09086,3.09086,0,0.579124,4.89888,4.2723e+06,2.92367e+06,1.3205e+07,0,0,0,0,71.5777,70.5495,8.05193,0,0,1.42763,1.42763,0,1.1028,2.1168,8.8787e+06,3.90788e+06,1.26755e+07,0,0,0,9.47756e+07
94.3805,94.3805,9.05172,0,0,2.69955,2.69955,0,0.579226,4.89888,4.2723e+06,2.92367e+06,1.15333e+07,0,0,0,0,71.5777,70.5495,9.83927,0,0,1.22628,1.22628,0,1.10299,2.1168,8.8787e+06,3.90788e+06,1.08878e+07,0,0,0,9.47756e+07
94.3805,94.3805,8.84552,0,0,2.70003,2.70003,0,0.505895,4.89888,4.2723e+06,2.92367e+06,1.15353e+07,0,0,0,0,71.5777,70.5495,12.133,0,0,1.2265,1.2265,0,0.947426,2.1168,8.8787e+06,3.90788e+06,1.08897e+07,0,0,0,9.47756e+07
94.3805,94.3805,8.25426,0,0,2.7005,2.7005,0,0.505985,4.89888,4.2723e+06,2.92367e+06,1.15373e+07,0,0,0,0,71.5777,70.5495,7.72103,0,0,1.22672,1.22672,0,0.947594,2.1168,8.8787e+06,3.90788e+06,1.08917e+07,0,0,0,9.47756e+07
94.3805,94.3805,12.0699,0,0,2.70098,2.70098,0,0.506074,4.89888,4.2723e+06,2.92367e+06,1.15394e+07,0,0,0,0,71.5777,70.5495,17.2798,0,0,1.22693,1.22693,0,0.947761,2.1168,8.8787e+06,3.90788e+06,1.08936e+07,0,0,0,9.47756e+07
94.3805,94.3805,13.8809,0,0,2.70146,2.70146,0,0.506164,4.89888,4.2723e+06,2.92367e+06,1.15414e+07,0,0,0,0,71.5777,70.5495,13.7642,0,0,1.22715,1.22715,0,0.947929,2.1168,8.8787e+06,3.90788e+06,1.08955e+07,0,0,0,9.47756e+07
94.3805,94.3805,7.98256,0,0,2.80066,2.80066,0,0.506253,4.89888,4.2723e+06,2.92367e+06,1.19652e+07,0,0,0,0,71.5777,70.5495,8.34883,0,0,1.27673,1.27673,0,0.948097,2.1168,8.8787e+06,3.90788e+06,1.13357e+07,0,0,0,9.47756e+07
94.3805,94.3805,7.18796,0,0,2.80116,2.80116,0,0.524844,4.89888,4.2723e+06,2.92367e+06,1.19674e+07,0,0,0,0,71.5777,70.5495,9.11142,0,0,1.27696,1.27696,0,0.986403,2.1168,8.8787e+06,3.90788e+06,1.13377e+07,0,0,0,9.47756e+07
94.3805,94.3805,5.31147,0,0,2.80165,2.80165,0,0.524937,4.89888,4.2723e+06,2.92367e+06,1.19695e+07,0,0,0,0,71.5777,70.5495,8.06423,0,0,1.27718,1.27718,0,0.986578,2.1168,8.8787e+06,3.90788e+06,1.13397e+07,0,0,0,9.47756e+07
94.3805,94.3805,4.38678,0,0,2.80215,2.80215,0,0.525029,4.89888,4.2723e+06,2.92367e+06,1.19716e+07,0,0,0,0,71.5777,70.5495,7.11761,0,0,1.27741,1.27741,0,0.986752,2.1168,8.8787e+06,3.90788e+06,1.13417e+07,0,0,0,9.47756e+07
94.3805,94.3805,4.3498,0,0,2.76402,2.76402,0,0.525122,4.89888,4.2723e+06,2.92367e+06,1.18087e+07,0,0,0,0,71.5777,70.5495,6.92117,0,0,1.25845,1.25845,0,0.986927,2.1168,8.8787e+06,3.90788e+06,1.11734e+07,0,0,0,9.47756e+07
94.3805,94.3805,5.70025,0,0,2.7645,2.7645,0,0.517976,4.89888,4.2723e+06,2.92367e+06,1.18108e+07,0,0,0,0,71.5777,70.5495,7.39984,0,0,1.25867,1.25867,0,0.972278,2.1168,8.8787e+06,3.90788e+06,1.11754e+07,0,0,0,9.47756e+07
94.3805,94.3805,4.66251,0,0,2.76499,2.76499,0,0.518068,4.89888,4.2723e+06,2.92367e+06,1.18129e+07,0,0,0,0,71.5777,70.5495,5.27445,0,0,1.2589,1.2589,0,0.97245,2.1168,8.8787e+06,3.90788e+06,1.11774e+07,0,0,0,9.47756e+07
94.3805,94.3805,4.07742,0,0,2.76548,2.76548,0,0.51816,4.89888,4.2723e+06,2.92367e+06,1.1815e+07,0,0,0,0,71.5777,70.5495,4.3854,0,0,1.25912,1.25912,0,0.972622,2.1168,8.8787e+06,3.90788e+06,1.11793e+07,0,0,0,9.47756e+07
94.3805,94.3805,3.69251,0,0,2.89718,2.89718,0,0.518252,4.89888,4.2723e+06,2.92367e+06,1.23776e+07,0,0,0,0,71.5777,70.5495,3.95371,0,0,1.32743,1.32743,0,0.972795,2.1168,8.8787e+06,3.90788e+06,1.17858e+07,0,0,0,9.47756e+07
94.3805,94.3805,3.75883,0,0,2.89769,2.89769,0,0.542932,4.89888,4.2723e+06,2.92367e+06,1.23798e+07,0,0,0,0,71.5777,70.5495,3.86872,0,0,1.32766,1.32766,0,1.02557,2.1168,8.8787e+06,3.90788e+06,1.17879e+07,0,0,0,9.47756e+07
94.3805,94.3805,3.37298,0,0,2.89821,2.89821,0,0.543028,4.89888,4.2723e+06,2.92367e+06,1.2382e+07,0,0,0,0,71.5777,70.5495,3.5642,0,0,1.3279,1.3279,0,1.02575,2.1168,8.8787e+06,3.90788e+06,1.179e+07,0,0,0,9.47756e+07
94.3805,94.3805,3.1738,0,0,2.89872,2.89872,0,0.543124,4.89888,4.2723e+06,2.92367e+06,1.23842e+07,0,0,0,0,71.5777,70.5495,3.61281,0,0,1.32813,1.32813,0,1.02593,2.1168,8.8787e+06,3.90788e+06,1.17921e+07,0,0,0,9.47756e+07
94.3805,94.3805,3.05017,0,0,2.89923,2.89923,0,0.54322,4.89888,4.2723e+06,2.92367e+06,1.23864e+07,0,0,0,0,71.5777,70.5495,3.50775,0,0,1.32837,1.32837,0,1.02611,2.1168,8.8787e+06,3.90788e+06,1.17942e+07,0,0,0,9.47756e+07
94.3202,94.3805,2.88048,0,0,2.87378,2.87378,0,0.543316,4.89888,4.2723e+06,2.92367e+06,1.22776e+07,0,0,0,0,71.5777,70.5495,3.60957,0,0,1.36606,1.36606,0,1.0263,2.1168,8.8787e+06,3.90788e+06,1.21288e+07,0,0,0,9.47756e+07
93.9936,94.3805,2.6322,0,0,2.87428,2.87428,0,0.538545,4.89888,4.2723e+06,2.92367e+06,1.22798e+07,0,0,0,0,71.5777,70.5495,3.59368,0,0,1.3663,1.3663,0,1.05542,2.1168,8.8787e+06,3.90788e+06,1.2131e+07,0,0,0,9.47756e+07
93.461,94.3805,2.39749,0,0,2.87479,2.87479,0,0.538641,4.89888,4.2723e+06,2.92367e+06,1.2282e+07,0,0,0,0,71.5777,70.5495,3.29933,0,0,1.36654,1.36654,0,1.0556,2.1168,8.8787e+06,3.90788e+06,1.21331e+07,0,0,0,9.47756e+07
92.851,94.3805,2.26993,0,0,2.8753,2.8753,0,0.538736,4.89888,4.2723e+06,2.92367e+06,1.22841e+07,0,0,0,0,71.5777,70.5495,3.26364,0,0,1.36678,1.36678,0,1.05579,2.1168,8.8787e+06,3.90788e+06,1.21353e+07,0,0,0,9.47756e+07
91.9471,94.3805,2.00563,0,0,2.94293,2.94293,0,0.538831,4.89888,4.2723e+06,2.92367e+06,1.2573e+07,0,0,0,0,71.5777,70.5495,3.0427,0,0,1.40043,1.40043,0,1.05598,2.1168,8.8787e+06,3.90788e+06,1.2434e+07,0,0,0,9.47756e+07
91.1591,94.3805,2.1218,0,0,2.94345,2.94345,0,0.551504,4.89888,4.2723e+06,2.92367e+06,1.25753e+07,0,0,0,0,71.5777,70.5495,2.65552,0,0,1.40068,1.40068,0,1.08197,2.1168,8.8787e+06,3.90788e+06,1.24362e+07,0,0,0,9.47756e+07
90.205,94.3805,1.91847,0,0,2.94397,2.94397,0,0.551602,4.89888,4.2723e+06,2.92367e+06,1.25775e+07,0,0,0,0,71.5438,70.5495,2.56008,0,0,1.40092,1.40092,0,1.08216,2.1168,8.8787e+06,3.90788e+06,1.24384e+07,0,0,0,9.47756e+07
89.1006,94.3805,1.74618,0,0,2.94449,2.94449,0,0.551699,4.89888,4.2723e+06,2.92367e+06,1.25797e+07,0,0,0,0,71.4675,70.5495,2.21752,0,0,1.40117,1.40117,0,1.08235,2.1168,8.8787e+06,3.90788e+06,1.24406e+07,0,0,0,9.47756e+07
88.0064,94.3805,1.91088,0,0,3.14169,3.14169,0,0.551797,4.89888,4.2723e+06,2.92367e+06,1.34222e+07,0,0,0,0,71.3915,70.5495,2.75726,0,0,1.52208,1.52208,0,1.08255,2.1168,8.8787e+06,3.90788e+06,1.35141e+07,0,0,0,9.47756e+07
86.711,94.3805,1.68487,0,0,3.14225,3.14225,0,0.588753,4.89888,4.2723e+06,2.92367e+06,1.34246e+07,0,0,0,0,71.2161,70.5495,2.55903,0,0,1.52235,1.52235,0,1.17596,2.1168,8.8787e+06,3.90788e+06,1.35164e+07,0,0,0,9.47756e+07
85.4358,94.3805,1.69445,0,0,3.1428,3.1428,0,0.588857,4.89888,4.2723e+06,2.92367e+06,1.3427e+07,0,0,0,0,71.0682,70.5495,2.852,0,0,1.52261,1.52261,0,1.17616,2.1168,8.8787e+06,3.90788e+06,1.35188e+07,0,0,0,9.47756e+07
83.8669,94.3805,1.39409,0,0,3.14336,3.14336,0,0.588962,4.89888,4.2723e+06,2.92367e+06,1.34294e+07,0,0,0,0,70.7897,70.5495,2.2797,0,0,1.52288,1.52288,0,1.17637,2.1168,8.8787e+06,3.90788e+06,1.35212e+07,0,0,0,9.47756e+07
82.5436,94.3805,1.62501,0.01,0,3.14392,3.14392,0,0.589066,4.89888,4.2723e+06,2.92367e+06,1.34317e+07,0,0,0,0,70.7652,70.5495,3.43296,0,0,1.52315,1.52315,0,1.17658,2.1168,8.8787e+06,3.90788e+06,1.35236e+07,0,0,0,9.47756e+07
81.4182,94.3805,1.7663,0.01,0,3.04853,3.04853,0,0.58917,4.89888,4.2723e+06,2.92367e+06,1.30242e+07,0,0,0,0,70.6516,70.5495,2.79377,0,0,1.45012,1.45012,0,1.17679,2.1168,8.8787e+06,3.90788e+06,1.28752e+07,0,0,0,9.47756e+07
80.513,94.3805,2.00353,0.01,0,3.04907,3.04907,0,0.571295,4.89888,4.2723e+06,2.92367e+06,1.30265e+07,0,0,0,0,70.8834,70.5495,4.67411,0,0,1.45038,1.45038,0,1.12037,2.1168,8.8787e+06,3.90788e+06,1.28775e+07,0,0,0,9.47756e+07
79.3915,94.3805,1.76299,0.01,0,3.04961,3.04961,0,0.571396,4.89888,4.2723e+06,2.92367e+06,1.30288e+07,0,0,0,0,70.7805,70.5495,3.29486,0,0,1.45064,1.45064,0,1.12056,2.1168,8.8787e+06,3.90788e+06,1.28798e+07,0,0,0,9.47756e+07
77.984,94.3805,1.45,0.02,0,3.05015,3.05015,0,0.571497,4.89888,4.2723e+06,2.92367e+06,1.30311e+07,0,0,0,0,70.582,70.5495,2.60259,0,0,1.45089,1.45089,0,1.12076,2.1168,8.8787e+06,3.90788e+06,1.28821e+07,0,0,0,9.47756e+07
77.4322,94.3805,2.35723,0.01,0,2.97188,2.97188,0,0.571598,4.89888,4.2723e+06,2.92367e+06,1.26968e+07,0,0,0,0,70.7307,70.5495,3.41909,0,0,1.38438,1.38438,0,1.12096,2.1168,8.8787e+06,3.90788e+06,1.22915e+07,0,0,0,9.47756e+07
76.3729,94.3805,1.91068,0.01,0,2.97241,2.97241,0,0.556931,4.89888,4.2723e+06,2.92367e+06,1.2699e+07,0,0,0,0,71.0479,70.5495,3.22033,0,0,1.38463,1.38463,0,1.06957,2.1168,8.8787e+06,3.90788e+06,1.22937e+07,0,0,0,9.47756e+07
75.522,94.3805,2.03541,0.01,0,2.97293,2.97293,0,0.557029,4.89888,4.2723e+06,2.92367e+06,1.27013e+07,0,0,0,0,71.4742,70.5495,3.66838,0,0,1.38487,1.38487,0,1.06976,2.1168,8.8787e+06,3.90788e+06,1.22959e+07,0,0,0,9.47756e+07
80.5012,94.3805,8.17589,0.01,0,2.97346,2.97346,0,0.557128,4.89888,4.2723e+06,2.92367e+06,1.27035e+07,0,0,0,0,71.5777,70.5495,6.1308,0,0,1.38512,1.38512,0,1.06995,2.1168,8.8787e+06,3.90788e+06,1.22981e+07,0,0,0,9.47756e+07
82.4718,94.3805,5.06888,0.01,0,2.75001,2.75001,0,0.557227,4.89888,4.2723e+06,2.92367e+06,1.17489e+07,0,0,0,0,71.5777,70.5495,5.1822,0,0,1.24621,1.24621,0,1.07014,2.1168,8.8787e+06,3.90788e+06,1.10647e+07,0,0,0,9.47756e+07
82.594,94.3805,3.06598,0.01,0,2.7505,2.7505,0,0.515352,4.89888,4.2723e+06,2.92367e+06,1.17509e+07,0,0,0,0,71.5777,70.5495,4.47401,0,0,1.24643,1.24643,0,0.96282,2.1168,8.8787e+06,3.90788e+06,1.10667e+07,0,0,0,9.47756e+07
84.0842,94.3805,4.5679,0.01,0,2.75098,2.75098,0,0.515443,4.89888,4.2723e+06,2.92367e+06,1.1753e+07,0,0,0,0,71.5777,70.5495,6.13459,0,0,1.24665,1.24665,0,0.962991,2.1168,8.8787e+06,3.90788e+06,1.10686e+07,0,0,0,9.47756e+07
94.3805,94.3805,15.755,0.01,0,2.75147,2.75147,0,0.515535,4.89888,4.2723e+06,2.92367e+06,1.17551e+07,0,0,0,0,71.5777,70.5495,8.71234,0,0,1.24687,1.24687,0,0.963161,2.1168,8.8787e+06,3.90788e+06,1.10706e+07,0,0,0,9.47756e+07
94.3805,94.3805,14.0634,0,0,2.75196,2.75196,0,0.515626,4.89888,4.2723e+06,2.92367e+06,1.17572e+07,0,0,0,0,71.5777,70.5495,9.72978,0,0,1.24709,1.24709,0,0.963332,2.1168,8.8787e+06,3.90788e+06,1.10725e+07,0,0,0,9.47756e+07
94.3805,94.3805,6.89623,0,0,2.75196,2.75196,0,0.515717,4.89888,4.2723e+06,2.92367e+06,1.17572e+07,0,0,0,0,71.5777,70.5495,6.50223,0,0,1.24709,1.24709,0,0.963502,2.1168,8.8787e+06,3.90788e+06,1.10725e+07,0,0,0,9.47756e+07
94.3805,94.3805,5.00377,0,0,2.83866,2.83866,0,0.515717,4.89888,4.2723e+06,2.92367e+06,1.21276e+07,0,0,0,0,71.5777,70.5495,5.08493,0,0,1.28764,1.28764,0,0.963502,2.1168,8.8787e+06,3.90788e+06,1.14325e+07,0,0,0,9.47756e+07
94.3805,94.3805,5.0953,0,0,2.83914,2.83914,0,0.531965,4.89888,4.2723e+06,2.92367e+06,1.21297e+07,0,0,0,0,71.5777,70.5495,5.96701,0,0,1.28786,1.28786,0,0.994829,2.1168,8.8787e+06,3.90788e+06,1.14345e+07,0,0,0,9.47756e+07
94.3805,94.3805,3.86492,0,0,2.83963,2.83963,0,0.532056,4.89888,4.2723e+06,2.92367e+06,1.21317e+07,0,0,0,0,71.5777,70.5495,5.03382,0,0,1.28807,1.28807,0,0.994997,2.1168,8.8787e+06,3.90788e+06,1.14364e+07,0,0,0,9.47756e+07
94.3805,94.3805,3.84075,0,0,2.84011,2.84011,0,0.532146,4.89888,4.2723e+06,2.92367e+06,1.21338e+07,0,0,0,0,71.5777,70.5495,4.29177,0,0,1.28829,1.28829,0,0.995166,2.1168,8.8787e+06,3.90788e+06,1.14384e+07,0,0,0,9.47756e+07
94.3805,94.3805,4.46201,0,0,3.11765,3.11765,0,0.532236,4.89888,4.2723e+06,2.92367e+06,1.33195e+07,0,0,0,0,71.5777,70.5495,4.73953,0,0,1.44001,1.44001,0,0.995335,2.1168,8.8787e+06,3.90788e+06,1.27854e+07,0,0,0,9.47756e+07
94.3805,94.3805,5.04778,0,0,3.11818,3.11818,0,0.584248,4.89888,4.2723e+06,2.92367e+06,1.33218e+07,0,0,0,0,71.5777,70.5495,5.08159,0,0,1.44026,1.44026,0,1.11255,2.1168,8.8787e+06,3.90788e+06,1.27876e+07,0,0,0,9.47756e+07
94.3805,94.3805,3.8533,0,0,3.11871,3.11871,0,0.584347,4.89888,4.2723e+06,2.92367e+06,1.33241e+07,0,0,0,0,71.5777,70.5495,3.91689,0,0,1.4405,1.4405,0,1.11274,2.1168,8.8787e+06,3.90788e+06,1.27898e+07,0,0,0,9.47756e+07
94.3805,94.3805,7.44321,0,0,3.11924,3.11924,0,0.584446,4.89888,4.2723e+06,2.92367e+06,1.33263e+07,0,0,0,0,71.5777,70.5495,8.00063,0,0,1.44074,1.44074,0,1.11293,2.1168,8.8787e+06,3.90788e+06,1.27919e+07,0,0,0,9.47756e+07
94.3805,94.3805,6.2609,0,0,2.72432,2.72432,0,0.584545,4.89888,4.2723e+06,2.92367e+06,1.16391e+07,0,0,0,0,71.5777,70.5495,4.27624,0,0,1.23753,1.23753,0,1.11312,2.1168,8.8787e+06,3.90788e+06,1.09877e+07,0,0,0,9.47756e+07
94.3805,94.3805,4.43036,0,0,2.72478,2.72478,0,0.510537,4.89888,4.2723e+06,2.92367e+06,1.16411e+07,0,0,0,0,71.5777,70.5495,3.02323,0,0,1.23774,1.23774,0,0.956119,2.1168,8.8787e+06,3.90788e+06,1.09896e+07,0,0,0,9.47756e+07
94.3805,94.3805,4.9449,0,0,2.72524,2.72524,0,0.510624,4.89888,4.2723e+06,2.92367e+06,1.1643e+07,0,0,0,0,71.5777,70.5495,4.63513,0,0,1.23795,1.23795,0,0.956281,2.1168,8.8787e+06,3.90788e+06,1.09914e+07,0,0,0,9.47756e+07
94.3805,94.3805,5.18391,0,0,2.7257,2.7257,0,0.51071,4.89888,4.2723e+06,2.92367e+06,1.1645e+07,0,0,0,0,71.5777,70.5495,4.28718,0,0,1.23816,1.23816,0,0.956443,2.1168,8.8787e+06,3.90788e+06,1.09933e+07,0,0,0,9.47756e+07
94.3805,94.3805,4.89095,0,0,2.72617,2.72617,0,0.510797,4.89888,4.2723e+06,2.92367e+06,1.1647e+07,0,0,0,0,71.5777,70.5495,4.15379,0,0,1.23837,1.23837,0,0.956605,2.1168,8.8787e+06,3.90788e+06,1.09952e+07,0,0,0,9.47756e+07
94.3805,94.3805,5.77222,0,0,2.82625,2.82625,0,0.510883,4.89888,4.2723e+06,2.92367e+06,1.20746e+07,0,0,0,0,71.5777,70.5495,4.55665,0,0,1.2884,1.2884,0,0.956768,2.1168,8.8787e+06,3.90788e+06,1.14393e+07,0,0,0,9.47756e+07
94.3805,94.3805,4.95803,0,0,2.82673,2.82673,0,0.52964,4.89888,4.2723e+06,2.92367e+06,1.20766e+07,0,0,0,0,71.5777,70.5495,4.73837,0,0,1.28862,1.28862,0,0.995417,2.1168,8.8787e+06,3.90788e+06,1.14412e+07,0,0,0,9.47756e+07
94.3805,94.3805,4.42261,0,0,2.82721,2.82721,0,0.52973,4.89888,4.2723e+06,2.92367e+06,1.20787e+07,0,0,0,0,71.5777,70.5495,3.68649,0,0,1.28884,1.28884,0,0.995586,2.1168,8.8787e+06,3.90788e+06,1.14432e+07,0,0,0,9.47756e+07
94.3805,94.3805,3.912,0,0,2.82769,2.82769,0,0.529819,4.89888,4.2723e+06,2.92367e+06,1.20807e+07,0,0,0,0,71.5777,70.5495,3.45473,0,0,1.28905,1.28905,0,0.995754,2.1168,8.8787e+06,3.90788e+06,1.14451e+07,0,0,0,9.47756e+07
94.3805,94.3805,4.12962,0,0,2.78919,2.78919,0,0.529909,4.89888,4.2723e+06,2.92367e+06,1.19162e+07,0,0,0,0,71.5777,70.5495,4.85801,0,0,1.26991,1.26991,0,0.995923,2.1168,8.8787e+06,3.90788e+06,1.12752e+07,0,0,0,9.47756e+07
94.3805,94.3805,3.29625,0,0,2.78966,2.78966,0,0.522694,4.89888,4.2723e+06,2.92367e+06,1.19183e+07,0,0,0,0,71.5777,70.5495,4.04634,0,0,1.27013,1.27013,0,0.981134,2.1168,8.8787e+06,3.90788e+06,1.12771e+07,0,0,0,9.47756e+07
94.236,94.3805,2.93701,0,0,2.79014,2.79014,0,0.522783,4.89888,4.2723e+06,2.92367e+06,1.19203e+07,0,0,0,0,71.5777,70.5495,3.35093,0,0,1.27034,1.27034,0,0.9813,2.1168,8.8787e+06,3.90788e+06,1.1279e+07,0,0,0,9.47756e+07
94.3805,94.3805,3.45206,0,0,2.79061,2.79061,0,0.522872,4.89888,4.2723e+06,2.92367e+06,1.19223e+07,0,0,0,0,71.5777,70.5495,3.59371,0,0,1.27056,1.27056,0,0.981467,2.1168,8.8787e+06,3.90788e+06,1.12809e+07,0,0,0,9.47756e+07
94.3239,94.3805,3.04484,0,0,2.92348,2.92348,0,0.52296,4.89888,4.2723e+06,2.92367e+06,1.249e+07,0,0,0,0,71.5777,70.5495,3.85305,0,0,1.33948,1.33948,0,0.981633,2.1168,8.8787e+06,3.90788e+06,1.18928e+07,0,0,0,9.47756e+07
93.9513,94.3805,2.70324,0,0,2.92398,2.92398,0,0.547861,4.89888,4.2723e+06,2.92367e+06,1.24921e+07,0,0,0,0,71.5777,70.5495,3.4362,0,0,1.33971,1.33971,0,1.03488,2.1168,8.8787e+06,3.90788e+06,1.18948e+07,0,0,0,9.47756e+07
93.2573,94.3805,2.36564,0,0,2.92447,2.92447,0,0.547954,4.89888,4.2723e+06,2.92367e+06,1.24942e+07,0,0,0,0,71.5777,70.5495,3.35264,0,0,1.33993,1.33993,0,1.03506,2.1168,8.8787e+06,3.90788e+06,1.18969e+07,0,0,0,9.47756e+07
92.355,94.3805,2.13602,0,0,2.92497,2.92497,0,0.548046,4.89888,4.2723e+06,2.92367e+06,1.24963e+07,0,0,0,0,71.5777,70.5495,2.86409,0,0,1.34016,1.34016,0,1.03523,2.1168,8.8787e+06,3.90788e+06,1.18989e+07,0,0,0,9.47756e+07
91.4042,94.3805,2.02899,0,0,2.92547,2.92547,0,0.548139,4.89888,4.2723e+06,2.92367e+06,1.24985e+07,0,0,0,0,71.5777,70.5495,2.7809,0,0,1.34039,1.34039,0,1.03541,2.1168,8.8787e+06,3.90788e+06,1.19009e+07,0,0,0,9.47756e+07
90.4938,94.3805,1.97749,0,0,2.89976,2.89976,0,0.548232,4.89888,4.2723e+06,2.92367e+06,1.23886e+07,0,0,0,0,71.5777,70.5495,2.54803,0,0,1.37841,1.37841,0,1.03558,2.1168,8.8787e+06,3.90788e+06,1.22385e+07,0,0,0,9.47756e+07
89.4924,94.3805,1.87092,0,0,2.90025,2.90025,0,0.543414,4.89888,4.2723e+06,2.92367e+06,1.23907e+07,0,0,0,0,71.5777,70.5495,2.44214,0,0,1.37864,1.37864,0,1.06496,2.1168,8.8787e+06,3.90788e+06,1.22405e+07,0,0,0,9.47756e+07
88.4953,94.3805,1.8631,0,0,2.90074,2.90074,0,0.543506,4.89888,4.2723e+06,2.92367e+06,1.23928e+07,0,0,0,0,71.5777,70.5495,2.29475,0,0,1.37887,1.37887,0,1.06514,2.1168,8.8787e+06,3.90788e+06,1.22426e+07,0,0,0,9.47756e+07
87.4447,94.3805,1.79543,0,0,2.90123,2.90123,0,0.543598,4.89888,4.2723e+06,2.92367e+06,1.23949e+07,0,0,0,0,71.5777,70.5495,2.39172,0,0,1.37911,1.37911,0,1.06532,2.1168,8.8787e+06,3.90788e+06,1.22447e+07,0,0,0,9.47756e+07
86.253,94.3805,1.65451,0,0,2.96944,2.96944,0,0.543691,4.89888,4.2723e+06,2.92367e+06,1.26863e+07,0,0,0,0,71.5646,70.5495,2.21156,0,0,1.41305,1.41305,0,1.0655,2.1168,8.8787e+06,3.90788e+06,1.2546e+07,0,0,0,9.47756e+07
85.0087,94.3805,1.58652,0,0,2.96995,2.96995,0,0.556474,4.89888,4.2723e+06,2.92367e+06,1.26885e+07,0,0,0,0,71.5377,70.5495,2.23094,0,0,1.41329,1.41329,0,1.09172,2.1168,8.8787e+06,3.90788e+06,1.25481e+07,0,0,0,9.47756e+07
83.593,94.3805,1.39569,0,0,2.97045,2.97045,0,0.556568,4.89888,4.2723e+06,2.92367e+06,1.26906e+07,0,0,0,0,71.4772,70.5495,2.04809,0,0,1.41353,1.41353,0,1.09191,2.1168,8.8787e+06,3.90788e+06,1.25503e+07,0,0,0,9.47756e+07
82.0986,94.3805,1.29326,0.01,0,2.97095,2.97095,0,0.556662,4.89888,4.2723e+06,2.92367e+06,1.26928e+07,0,0,0,0,71.1459,70.5495,1.97478,0,0,1.41377,1.41377,0,1.09209,2.1168,8.8787e+06,3.90788e+06,1.25524e+07,0,0,0,9.47756e+07
80.3037,94.3805,1.0872,0.01,0,3.16991,3.16991,0,0.556757,4.89888,4.2723e+06,2.92367e+06,1.35428e+07,0,0,0,0,70.5246,70.5495,1.50157,0,0,1.53574,1.53574,0,1.09228,2.1168,8.8787e+06,3.90788e+06,1.36354e+07,0,0,0,9.47756e+07
78.6891,94.3805,1.25801,0.01,0,3.17044,3.17044,0,0.594041,4.89888,4.2723e+06,2.92367e+06,1.35451e+07,0,0,0,0,69.705,70.5495,1.4229,0,0,1.53601,1.53601,0,1.18652,2.1168,8.8787e+06,3.90788e+06,1.36377e+07,0,0,0,9.47756e+07
76.8543,94.3805,1.01071,0.01,0,3.17098,3.17098,0,0.594141,4.89888,4.2723e+06,2.92367e+06,1.35474e+07,0,0,0,0,69.2893,70.5495,1.02969,0,0,1.53627,1.53627,0,1.18672,2.1168,8.8787e+06,3.90788e+06,1.364e+07,0,0,0,9.47756e+07
75.2567,94.3805,1.23712,0.01,0,3.17152,3.17152,0,0.594242,4.89888,4.2723e+06,2.92367e+06,1.35497e+07,0,0,0,0,68.7252,70.5495,1.78336,0,0,1.53653,1.53653,0,1.18692,2.1168,8.8787e+06,3.90788e+06,1.36424e+07,0,0,0,9.47756e+07
73.5084,94.3805,1.04132,0.02,0,3.17206,3.17206,0,0.594343,4.89888,4.2723e+06,2.92367e+06,1.3552e+07,0,0,0,0,68.1246,70.5495,1.3127,0,0,1.53679,1.53679,0,1.18712,2.1168,8.8787e+06,3.90788e+06,1.36447e+07,0,0,0,9.47756e+07
71.9874,94.3805,1.16173,0.02,0,3.0758,3.0758,0,0.594444,4.89888,4.2723e+06,2.92367e+06,1.31407e+07,0,0,0,0,67.7683,70.5495,1.41894,0,0,1.46309,1.46309,0,1.18732,2.1168,8.8787e+06,3.90788e+06,1.29904e+07,0,0,0,9.47756e+07
70.4504,94.3805,1.21312,0.02,0,3.07632,3.07632,0,0.576404,4.89888,4.2723e+06,2.92367e+06,1.31429e+07,0,0,0,0,67.6074,70.5495,1.74395,0,0,1.46334,1.46334,0,1.13039,2.1168,8.8787e+06,3.90788e+06,1.29926e+07,0,0,0,9.47756e+07
68.9314,94.3805,1.22765,0.02,0,3.07684,3.07684,0,0.576502,4.89888,4.2723e+06,2.92367e+06,1.31452e+07,0,0,0,0,67.5961,70.5495,1.84253,0,0,1.46359,1.46359,0,1.13058,2.1168,8.8787e+06,3.90788e+06,1.29948e+07,0,0,0,9.47756e+07
67.5186,94.3805,1.34507,0.02,0,3.07736,3.07736,0,0.576599,4.89888,4.2723e+06,2.92367e+06,1.31474e+07,0,0,0,0,67.6915,70.5495,1.96265,0,0,1.46384,1.46384,0,1.13077,2.1168,8.8787e+06,3.90788e+06,1.2997e+07,0,0,0,9.47756e+07
66.3712,94.3805,1.6909,0.02,0,2.99837,2.99837,0,0.576697,4.89888,4.2723e+06,2.92367e+06,1.28099e+07,0,0,0,0,68.1555,70.5495,2.54949,0,0,1.39672,1.39672,0,1.13096,2.1168,8.8787e+06,3.90788e+06,1.24011e+07,0,0,0,9.47756e+07
65.9842,94.3805,2.42118,0.02,0,2.99888,2.99888,0,0.561895,4.89888,4.2723e+06,2.92367e+06,1.28121e+07,0,0,0,0,68.1366,70.5495,2.42398,0,0,1.39696,1.39696,0,1.07911,2.1168,8.8787e+06,3.90788e+06,1.24032e+07,0,0,0,9.47756e+07
64.3379,94.3805,1.04915,0.02,0,2.99939,2.99939,0,0.56199,4.89888,4.2723e+06,2.92367e+06,1.28143e+07,0,0,0,0,68.0992,70.5495,1.581,0,0,1.3972,1.3972,0,1.07929,2.1168,8.8787e+06,3.90788e+06,1.24053e+07,0,0,0,9.47756e+07
63.0572,94.3805,1.46466,0.02,0,2.9999,2.9999,0,0.562085,4.89888,4.2723e+06,2.92367e+06,1.28164e+07,0,0,0,0,68.1159,70.5495,2.04048,0,0,1.39743,1.39743,0,1.07947,2.1168,8.8787e+06,3.90788e+06,1.24074e+07,0,0,0,9.47756e+07
62.4979,94.3805,2.05287,0.02,0,2.77444,2.77444,0,0.562181,4.89888,4.2723e+06,2.92367e+06,1.18532e+07,0,0,0,0,67.6846,70.5495,1.98365,0,0,1.25728,1.25728,0,1.07966,2.1168,8.8787e+06,3.90788e+06,1.1163e+07,0,0,0,9.47756e+07
61.2669,94.3805,1.31287,0.02,0,2.77491,2.77491,0,0.51993,4.89888,4.2723e+06,2.92367e+06,1.18552e+07,0,0,0,0,67.7558,70.5495,0.996529,0,0,1.25749,1.25749,0,0.971373,2.1168,8.8787e+06,3.90788e+06,1.11649e+07,0,0,0,9.47756e+07
61.5767,94.3805,3.04114,0.02,0,2.77538,2.77538,0,0.520018,4.89888,4.2723e+06,2.92367e+06,1.18572e+07,0,0,0,0,68.164,70.5495,3.13555,0,0,1.2577,1.2577,0,0.971538,2.1168,8.8787e+06,3.90788e+06,1.11668e+07,0,0,0,9.47756e+07
61.6407,94.3805,2.70027,0.02,0,2.77585,2.77585,0,0.520106,4.89888,4.2723e+06,2.92367e+06,1.18593e+07,0,0,0,0,67.9301,70.5495,1.66959,0,0,1.25792,1.25792,0,0.971703,2.1168,8.8787e+06,3.90788e+06,1.11687e+07,0,0,0,9.47756e+07
61.678,94.3805,2.59839,0.02,0,2.77632,2.77632,0,0.520195,4.89888,4.2723e+06,2.92367e+06,1.18613e+07,0,0,0,0,67.8123,70.5495,1.59085,0,0,1.25813,1.25813,0,0.971867,2.1168,8.8787e+06,3.90788e+06,1.11706e+07,0,0,0,9.47756e+07
61.2584,94.3805,2.24169,0.02,0,2.86377,2.86377,0,0.520283,4.89888,4.2723e+06,2.92367e+06,1.22349e+07,0,0,0,0,67.9606,70.5495,2.09694,0,0,1.29903,1.29903,0,0.972032,2.1168,8.8787e+06,3.90788e+06,1.15337e+07,0,0,0,9.47756e+07
61.0865,94.3805,2.45303,0.02,0,2.86424,2.86424,0,0.536671,4.89888,4.2723e+06,2.92367e+06,1.22369e+07,0,0,0,0,68.1252,70.5495,2.04996,0,0,1.29924,1.29924,0,1.00363,2.1168,8.8787e+06,3.90788e+06,1.15355e+07,0,0,0,9.47756e+07
61.7017,94.3805,3.34412,0.02,0,2.8647,2.8647,0,0.536758,4.89888,4.2723e+06,2.92367e+06,1.22389e+07,0,0,0,0,68.8421,70.5495,2.37156,0,0,1.29945,1.29945,0,1.00379,2.1168,8.8787e+06,3.90788e+06,1.15374e+07,0,0,0,9.47756e+07
64.3697,94.3805,5.59272,0.02,0,2.86517,2.86517,0,0.536845,4.89888,4.2723e+06,2.92367e+06,1.22408e+07,0,0,0,0,71.0103,70.5495,6.49013,0,0,1.29966,1.29966,0,1.00395,2.1168,8.8787e+06,3.90788e+06,1.15393e+07,0,0,0,9.47756e+07
64.5512,94.3805,3.16392,0.02,0,3.14514,3.14514,0,0.536932,4.89888,4.2723e+06,2.92367e+06,1.3437e+07,0,0,0,0,71.5777,70.5495,3.30785,0,0,1.45271,1.45271,0,1.00412,2.1168,8.8787e+06,3.90788e+06,1.28982e+07,0,0,0,9.47756e+07
65.1507,94.3805,3.6059,0.02,0,3.14565,3.14565,0,0.589399,4.89888,4.2723e+06,2.92367e+06,1.34391e+07,0,0,0,0,71.5777,70.5495,3.05736,0,0,1.45294,1.45294,0,1.12236,2.1168,8.8787e+06,3.90788e+06,1.29003e+07,0,0,0,9.47756e+07
65.274,94.3805,3.10188,0.02,0,3.14616,3.14616,0,0.589495,4.89888,4.2723e+06,2.92367e+06,1.34413e+07,0,0,0,0,71.5777,70.5495,3.01762,0,0,1.45318,1.45318,0,1.12254,2.1168,8.8787e+06,3.90788e+06,1.29023e+07,0,0,0,9.47756e+07
66.5439,94.3805,4.41069,0.03,0,3.14667,3.14667,0,0.58959,4.89888,4.2723e+06,2.92367e+06,1.34435e+07,0,0,0,0,71.5777,70.5495,3.95784,0,0,1.45342,1.45342,0,1.12273,2.1168,8.8787e+06,3.90788e+06,1.29044e+07,0,0,0,9.47756e+07
68.3287,94.3805,4.72567,0.02,0,2.74826,2.74826,0,0.589686,4.89888,4.2723e+06,2.92367e+06,1.17414e+07,0,0,0,0,71.5777,70.5495,5.05955,0,0,1.24841,1.24841,0,1.12291,2.1168,8.8787e+06,3.90788e+06,1.10842e+07,0,0,0,9.47756e+07
69.6485,94.3805,4.20068,0.02,0,2.7487,2.7487,0,0.515023,4.89888,4.2723e+06,2.92367e+06,1.17433e+07,0,0,0,0,71.5777,70.5495,5.17103,0,0,1.24861,1.24861,0,0.96452,2.1168,8.8787e+06,3.90788e+06,1.1086e+07,0,0,0,9.47756e+07
71.1216,94.3805,4.36798,0.02,0,2.74915,2.74915,0,0.515107,4.89888,4.2723e+06,2.92367e+06,1.17452e+07,0,0,0,0,71.5777,70.5495,5.30358,0,0,1.24881,1.24881,0,0.964677,2.1168,8.8787e+06,3.90788e+06,1.10878e+07,0,0,0,9.47756e+07
73.1001,94.3805,4.98341,0.02,0,2.74959,2.74959,0,0.51519,4.89888,4.2723e+06,2.92367e+06,1.17471e+07,0,0,0,0,71.5777,70.5495,6.68987,0,0,1.24902,1.24902,0,0.964833,2.1168,8.8787e+06,3.90788e+06,1.10896e+07,0,0,0,9.47756e+07
76.4257,94.3805,6.49347,0.02,0,2.75004,2.75004,0,0.515274,4.89888,4.2723e+06,2.92367e+06,1.1749e+07,0,0,0,0,71.5777,70.5495,9.03502,0,0,1.24922,1.24922,0,0.96499,2.1168,8.8787e+06,3.90788e+06,1.10914e+07,0,0,0,9.47756e+07
77.2213,94.3805,3.85014,0.01,0,2.85098,2.85098,0,0.515357,4.89888,4.2723e+06,2.92367e+06,1.21802e+07,0,0,0,0,71.5777,70.5495,4.76806,0,0,1.29967,1.29967,0,0.965146,2.1168,8.8787e+06,3.90788e+06,1.15394e+07,0,0,0,9.47756e+07
78.6749,94.3805,4.56267,0.01,0,2.85144,2.85144,0,0.534274,4.89888,4.2723e+06,2.92367e+06,1.21822e+07,0,0,0,0,71.5777,70.5495,6.05992,0,0,1.29988,1.29988,0,1.00413,2.1168,8.8787e+06,3.90788e+06,1.15413e+07,0,0,0,9.47756e+07
78.8951,94.3805,3.22358,0.01,0,2.85191,2.85191,0,0.534361,4.89888,4.2723e+06,2.92367e+06,1.21842e+07,0,0,0,0,71.5777,70.5495,3.68971,0,0,1.30009,1.30009,0,1.00429,2.1168,8.8787e+06,3.90788e+06,1.15431e+07,0,0,0,9.47756e+07
78.8377,94.3805,2.96405,0.01,0,2.85237,2.85237,0,0.534447,4.89888,4.2723e+06,2.92367e+06,1.21862e+07,0,0,0,0,71.5777,70.5495,3.87188,0,0,1.3003,1.3003,0,1.00445,2.1168,8.8787e+06,3.90788e+06,1.1545e+07,0,0,0,9.47756e+07
78.9325,94.3805,3.03066,0.01,0,2.81351,2.81351,0,0.534534,4.89888,4.2723e+06,2.92367e+06,1.20202e+07,0,0,0,0,71.5777,70.5495,3.83479,0,0,1.28099,1.28099,0,1.00462,2.1168,8.8787e+06,3.90788e+06,1.13735e+07,0,0,0,9.47756e+07
78.9638,94.3805,2.93115,0,0,2.81397,2.81397,0,0.527252,4.89888,4.2723e+06,2.92367e+06,1.20221e+07,0,0,0,0,71.5777,70.5495,4.00315,0,0,1.28119,1.28119,0,0.98969,2.1168,8.8787e+06,3.90788e+06,1.13753e+07,0,0,0,9.47756e+07
78.801,94.3805,2.71971,0,0,2.81443,2.81443,0,0.527338,4.89888,4.2723e+06,2.92367e+06,1.20241e+07,0,0,0,0,71.5777,70.5495,3.74837,0,0,1.2814,1.2814,0,0.98985,2.1168,8.8787e+06,3.90788e+06,1.13772e+07,0,0,0,9.47756e+07
78.7477,94.3805,2.82442,0,0,2.81488,2.81488,0,0.527423,4.89888,4.2723e+06,2.92367e+06,1.2026e+07,0,0,0,0,71.5777,70.5495,3.7317,0,0,1.28161,1.28161,0,0.990011,2.1168,8.8787e+06,3.90788e+06,1.1379e+07,0,0,0,9.47756e+07
78.2535,94.3805,2.41433,0,0,2.94889,2.94889,0,0.527509,4.89888,4.2723e+06,2.92367e+06,1.25985e+07,0,0,0,0,71.5777,70.5495,3.24051,0,0,1.35112,1.35112,0,0.990172,2.1168,8.8787e+06,3.90788e+06,1.19962e+07,0,0,0,9.47756e+07
77.4643,94.3805,2.05614,0,0,2.94937,2.94937,0,0.552622,4.89888,4.2723e+06,2.92367e+06,1.26006e+07,0,0,0,0,71.5777,70.5495,2.89861,0,0,1.35134,1.35134,0,1.04387,2.1168,8.8787e+06,3.90788e+06,1.19981e+07,0,0,0,9.47756e+07
76.5658,94.3805,1.90542,0,0,2.94985,2.94985,0,0.552712,4.89888,4.2723e+06,2.92367e+06,1.26026e+07,0,0,0,0,71.5777,70.5495,2.9152,0,0,1.35156,1.35156,0,1.04404,2.1168,8.8787e+06,3.90788e+06,1.20001e+07,0,0,0,9.47756e+07
75.6248,94.3805,1.84998,0,0,2.95033,2.95033,0,0.552801,4.89888,4.2723e+06,2.92367e+06,1.26047e+07,0,0,0,0,71.5777,70.5495,2.88762,0,0,1.35178,1.35178,0,1.04421,2.1168,8.8787e+06,3.90788e+06,1.2002e+07,0,0,0,9.47756e+07
74.612,94.3805,1.73275,0,0,2.9508,2.9508,0,0.552891,4.89888,4.2723e+06,2.92367e+06,1.26067e+07,0,0,0,0,71.5777,70.5495,2.50606,0,0,1.352,1.352,0,1.04438,2.1168,8.8787e+06,3.90788e+06,1.2004e+07,0,0,0,9.47756e+07
73.6177,94.3805,1.67345,0,0,2.92485,2.92485,0,0.552981,4.89888,4.2723e+06,2.92367e+06,1.24958e+07,0,0,0,0,71.544,70.5495,1.96615,0,0,1.39034,1.39034,0,1.04455,2.1168,8.8787e+06,3.90788e+06,1.23444e+07,0,0,0,9.47756e+07
72.5208,94.3805,1.55878,0.01,0,2.92532,2.92532,0,0.548117,4.89888,4.2723e+06,2.92367e+06,1.24979e+07,0,0,0,0,71.3944,70.5495,1.92547,0,0,1.39056,1.39056,0,1.07417,2.1168,8.8787e+06,3.90788e+06,1.23464e+07,0,0,0,9.47756e+07
71.3084,94.3805,1.4229,0.01,0,2.9258,2.9258,0,0.548206,4.89888,4.2723e+06,2.92367e+06,1.24999e+07,0,0,0,0,71.1783,70.5495,1.76213,0,0,1.39079,1.39079,0,1.07435,2.1168,8.8787e+06,3.90788e+06,1.23484e+07,0,0,0,9.47756e+07
70.0121,94.3805,1.30283,0.01,0,2.92627,2.92627,0,0.548295,4.89888,4.2723e+06,2.92367e+06,1.25019e+07,0,0,0,0,71.0013,70.5495,1.68679,0,0,1.39101,1.39101,0,1.07452,2.1168,8.8787e+06,3.90788e+06,1.23504e+07,0,0,0,9.47756e+07
68.8941,94.3805,1.49717,0.01,0,2.99505,2.99505,0,0.548384,4.89888,4.2723e+06,2.92367e+06,1.27958e+07,0,0,0,0,70.8905,70.5495,1.82869,0,0,1.42523,1.42523,0,1.0747,2.1168,8.8787e+06,3.90788e+06,1.26542e+07,0,0,0,9.47756e+07
67.708,94.3805,1.39579,0.01,0,2.99554,2.99554,0,0.561273,4.89888,4.2723e+06,2.92367e+06,1.27978e+07,0,0,0,0,70.5799,70.5495,1.82315,0,0,1.42546,1.42546,0,1.10114,2.1168,8.8787e+06,3.90788e+06,1.26563e+07,0,0,0,9.47756e+07
66.4437,94.3805,1.29049,0.01,0,2.99602,2.99602,0,0.561364,4.89888,4.2723e+06,2.92367e+06,1.27999e+07,0,0,0,0,70.3635,70.5495,1.62397,0,0,1.4257,1.4257,0,1.10131,2.1168,8.8787e+06,3.90788e+06,1.26583e+07,0,0,0,9.47756e+07
65.2282,94.3805,1.32308,0.01,0,2.99651,2.99651,0,0.561455,4.89888,4.2723e+06,2.92367e+06,1.2802e+07,0,0,0,0,70.0976,70.5495,1.83693,0,0,1.42593,1.42593,0,1.10149,2.1168,8.8787e+06,3.90788e+06,1.26604e+07,0,0,0,9.47756e+07
63.9581,94.3805,1.39539,0.02,0,3.19715,3.19715,0,0.561546,4.89888,4.2723e+06,2.92367e+06,1.36592e+07,0,0,0,0,69.5288,70.5495,1.68288,0,0,1.54894,1.54894,0,1.10167,2.1168,8.8787e+06,3.90788e+06,1.37526e+07,0,0,0,9.47756e+07
62.7323,94.3805,1.39622,0.02,0,3.19767,3.19767,0,0.599146,4.89888,4.2723e+06,2.92367e+06,1.36614e+07,0,0,0,0,68.8726,70.5495,1.42137,0,0,1.5492,1.5492,0,1.19671,2.1168,8.8787e+06,3.90788e+06,1.37548e+07,0,0,0,9.47756e+07
61.3643,94.3805,1.25505,0.02,0,3.19819,3.19819,0,0.599244,4.89888,4.2723e+06,2.92367e+06,1.36636e+07,0,0,0,0,68.2619,70.5495,1.36182,0,0,1.54945,1.54945,0,1.19691,2.1168,8.8787e+06,3.90788e+06,1.37571e+07,0,0,0,9.47756e+07
60.0378,94.3805,1.26964,0.02,0,3.19871,3.19871,0,0.599341,4.89888,4.2723e+06,2.92367e+06,1.36658e+07,0,0,0,0,67.9305,70.5495,1.47139,0,0,1.5497,1.5497,0,1.1971,2.1168,8.8787e+06,3.90788e+06,1.37593e+07,0,0,0,9.47756e+07
58.8126,94.3805,1.38459,0.02,0,3.19923,3.19923,0,0.599438,4.89888,4.2723e+06,2.92367e+06,1.3668e+07,0,0,0,0,67.6116,70.5495,1.84687,0,0,1.54995,1.54995,0,1.1973,2.1168,8.8787e+06,3.90788e+06,1.37615e+07,0,0,0,9.47756e+07
58.0999,94.3805,1.8924,0.02,0,3.10212,3.10212,0,0.599535,4.89888,4.2723e+06,2.92367e+06,1.32532e+07,0,0,0,0,67.634,70.5495,2.41579,0,0,1.47561,1.47561,0,1.19749,2.1168,8.8787e+06,3.90788e+06,1.31015e+07,0,0,0,9.47756e+07
57.209,94.3805,1.69956,0.02,0,3.10262,3.10262,0,0.581337,4.89888,4.2723e+06,2.92367e+06,1.32553e+07,0,0,0,0,67.9734,70.5495,3.81412,0,0,1.47585,1.47585,0,1.14006,2.1168,8.8787e+06,3.90788e+06,1.31037e+07,0,0,0,9.47756e+07
56.1533,94.3805,1.5011,0.02,0,3.10312,3.10312,0,0.581431,4.89888,4.2723e+06,2.92367e+06,1.32575e+07,0,0,0,0,67.8733,70.5495,2.28041,0,0,1.47609,1.47609,0,1.14024,2.1168,8.8787e+06,3.90788e+06,1.31058e+07,0,0,0,9.47756e+07
54.9121,94.3805,1.28831,0.03,0,3.10363,3.10363,0,0.581526,4.89888,4.2723e+06,2.92367e+06,1.32596e+07,0,0,0,0,67.7232,70.5495,2.07757,0,0,1.47633,1.47633,0,1.14043,2.1168,8.8787e+06,3.90788e+06,1.31079e+07,0,0,0,9.47756e+07
54.1193,94.3805,1.76396,0.03,0,3.02394,3.02394,0,0.58162,4.89888,4.2723e+06,2.92367e+06,1.29192e+07,0,0,0,0,67.8759,70.5495,2.35631,0,0,1.40863,1.40863,0,1.14061,2.1168,8.8787e+06,3.90788e+06,1.25068e+07,0,0,0,9.47756e+07
53.9888,94.3805,2.47487,0.02,0,3.02443,3.02443,0,0.566687,4.89888,4.2723e+06,2.92367e+06,1.29213e+07,0,0,0,0,68.6666,70.5495,4.26451,0,0,1.40886,1.40886,0,1.08831,2.1168,8.8787e+06,3.90788e+06,1.25089e+07,0,0,0,9.47756e+07
53.0181,94.3805,1.61395,0.02,0,3.02492,3.02492,0,0.566779,4.89888,4.2723e+06,2.92367e+06,1.29234e+07,0,0,0,0,69.0216,70.5495,3.2998,0,0,1.40909,1.40909,0,1.08849,2.1168,8.8787e+06,3.90788e+06,1.25109e+07,0,0,0,9.47756e+07
54.6684,94.3805,4.54857,0.02,0,3.02542,3.02542,0,0.566871,4.89888,4.2723e+06,2.92367e+06,1.29255e+07,0,0,0,0,69.668,70.5495,4.00654,0,0,1.40932,1.40932,0,1.08866,2.1168,8.8787e+06,3.90788e+06,1.25129e+07,0,0,0,9.47756e+07
57.5578,94.3805,5.91388,0.02,0,2.79802,2.79802,0,0.566963,4.89888,4.2723e+06,2.92367e+06,1.1954e+07,0,0,0,0,71.5777,70.5495,7.70335,0,0,1.26796,1.26796,0,1.08884,2.1168,8.8787e+06,3.90788e+06,1.12579e+07,0,0,0,9.47756e+07
62.7561,94.3805,8.76443,0.02,0,2.79847,2.79847,0,0.524349,4.89888,4.2723e+06,2.92367e+06,1.19559e+07,0,0,0,0,71.5777,70.5495,7.98689,0,0,1.26817,1.26817,0,0.979629,2.1168,8.8787e+06,3.90788e+06,1.12597e+07,0,0,0,9.47756e+07
68.3982,94.3805,8.99462,0.02,0,2.79893,2.79893,0,0.524434,4.89888,4.2723e+06,2.92367e+06,1.19578e+07,0,0,0,0,71.5777,70.5495,8.8023,0,0,1.26838,1.26838,0,0.979788,2.1168,8.8787e+06,3.90788e+06,1.12615e+07,0,0,0,9.47756e+07
74.6374,94.3805,9.47611,0.01,0,2.79938,2.79938,0,0.524519,4.89888,4.2723e+06,2.92367e+06,1.19598e+07,0,0,0,0,71.5777,70.5495,12.6264,0,0,1.26858,1.26858,0,0.979947,2.1168,8.8787e+06,3.90788e+06,1.12634e+07,0,0,0,9.47756e+07
78.2226,94.3805,7.03726,0.01,0,2.79984,2.79984,0,0.524604,4.89888,4.2723e+06,2.92367e+06,1.19617e+07,0,0,0,0,71.5777,70.5495,7.57492,0,0,1.26879,1.26879,0,0.980106,2.1168,8.8787e+06,3.90788e+06,1.12652e+07,0,0,0,9.47756e+07
84.5692,94.3805,10.3754,0,0,2.88801,2.88801,0,0.524689,4.89888,4.2723e+06,2.92367e+06,1.23384e+07,0,0,0,0,71.5777,70.5495,11.0128,0,0,1.31002,1.31002,0,0.980265,2.1168,8.8787e+06,3.90788e+06,1.16313e+07,0,0,0,9.47756e+07
90.023,94.3805,9.32011,0,0,2.88845,2.88845,0,0.541212,4.89888,4.2723e+06,2.92367e+06,1.23403e+07,0,0,0,0,71.5777,70.5495,9.81323,0,0,1.31022,1.31022,0,1.01212,2.1168,8.8787e+06,3.90788e+06,1.16331e+07,0,0,0,9.47756e+07
92.8032,94.3805,6.25615,0,0,2.8889,2.8889,0,0.541296,4.89888,4.2723e+06,2.92367e+06,1.23422e+07,0,0,0,0,71.5777,70.5495,5.40793,0,0,1.31043,1.31043,0,1.01228,2.1168,8.8787e+06,3.90788e+06,1.16349e+07,0,0,0,9.47756e+07
94.3805,94.3805,5.65932,0,0,2.88935,2.88935,0,0.54138,4.89888,4.2723e+06,2.92367e+06,1.23442e+07,0,0,0,0,71.5777,70.5495,4.4248,0,0,1.31063,1.31063,0,1.01244,2.1168,8.8787e+06,3.90788e+06,1.16367e+07,0,0,0,9.47756e+07
94.3805,94.3805,6.58716,0,0,3.17166,3.17166,0,0.541464,4.89888,4.2723e+06,2.92367e+06,1.35503e+07,0,0,0,0,71.5777,70.5495,7.39409,0,0,1.46496,1.46496,0,1.01259,2.1168,8.8787e+06,3.90788e+06,1.30069e+07,0,0,0,9.47756e+07
94.3805,94.3805,9.28381,0,0,3.17215,3.17215,0,0.594369,4.89888,4.2723e+06,2.92367e+06,1.35524e+07,0,0,0,0,71.5777,70.5495,8.81517,0,0,1.46519,1.46519,0,1.13183,2.1168,8.8787e+06,3.90788e+06,1.30089e+07,0,0,0,9.47756e+07
94.3805,94.3805,5.98651,0,0,3.17264,3.17264,0,0.594461,4.89888,4.2723e+06,2.92367e+06,1.35545e+07,0,0,0,0,71.5777,70.5495,5.87389,0,0,1.46541,1.46541,0,1.132,2.1168,8.8787e+06,3.90788e+06,1.3011e+07,0,0,0,9.47756e+07
94.3805,94.3805,4.05401,0,0,3.17314,3.17314,0,0.594554,4.89888,4.2723e+06,2.92367e+06,1.35566e+07,0,0,0,0,71.5777,70.5495,4.05688,0,0,1.46564,1.46564,0,1.13218,2.1168,8.8787e+06,3.90788e+06,1.3013e+07,0,0,0,9.47756e+07
94.2483,94.3805,3.07033,0,0,2.77135,2.77135,0,0.594646,4.89888,4.2723e+06,2.92367e+06,1.184e+07,0,0,0,0,71.5777,70.5495,3.5548,0,0,1.2589,1.2589,0,1.13235,2.1168,8.8787e+06,3.90788e+06,1.11774e+07,0,0,0,9.47756e+07
93.7371,94.3805,2.67058,0,0,2.77178,2.77178,0,0.519351,4.89888,4.2723e+06,2.92367e+06,1.18419e+07,0,0,0,0,71.5777,70.5495,3.16569,0,0,1.25909,1.25909,0,0.972626,2.1168,8.8787e+06,3.90788e+06,1.11791e+07,0,0,0,9.47756e+07
94.3805,94.3805,8.08347,0,0,2.77221,2.77221,0,0.519431,4.89888,4.2723e+06,2.92367e+06,1.18437e+07,0,0,0,0,71.5777,70.5495,7.32318,0,0,1.25929,1.25929,0,0.972776,2.1168,8.8787e+06,3.90788e+06,1.11809e+07,0,0,0,9.47756e+07
94.3805,94.3805,8.57536,0,0,2.77264,2.77264,0,0.519512,4.89888,4.2723e+06,2.92367e+06,1.18455e+07,0,0,0,0,71.5777,70.5495,8.56728,0,0,1.25948,1.25948,0,0.972927,2.1168,8.8787e+06,3.90788e+06,1.11826e+07,0,0,0,9.47756e+07
94.3805,94.3805,8.12546,0,0,2.77307,2.77307,0,0.519592,4.89888,4.2723e+06,2.92367e+06,1.18474e+07,0,0,0,0,71.5777,70.5495,5.54728,0,0,1.25968,1.25968,0,0.973078,2.1168,8.8787e+06,3.90788e+06,1.11843e+07,0,0,0,9.47756e+07
94.3805,94.3805,8.29061,0,0,2.87484,2.87484,0,0.519673,4.89888,4.2723e+06,2.92367e+06,1.22821e+07,0,0,0,0,71.5777,70.5495,8.54511,0,0,1.31055,1.31055,0,0.973229,2.1168,8.8787e+06,3.90788e+06,1.16359e+07,0,0,0,9.47756e+07
94.3805,94.3805,9.50109,0,0,2.87528,2.87528,0,0.538744,4.89888,4.2723e+06,2.92367e+06,1.22841e+07,0,0,0,0,71.5777,70.5495,6.51973,0,0,1.31075,1.31075,0,1.01253,2.1168,8.8787e+06,3.90788e+06,1.16378e+07,0,0,0,9.47756e+07
94.3805,94.3805,7.4438,0,0,2.87573,2.87573,0,0.538828,4.89888,4.2723e+06,2.92367e+06,1.2286e+07,0,0,0,0,71.5777,70.5495,5.24884,0,0,1.31095,1.31095,0,1.01268,2.1168,8.8787e+06,3.90788e+06,1.16396e+07,0,0,0,9.47756e+07
94.3805,94.3805,6.62259,0,0,2.87617,2.87617,0,0.538911,4.89888,4.2723e+06,2.92367e+06,1.22879e+07,0,0,0,0,71.5777,70.5495,4.74092,0,0,1.31116,1.31116,0,1.01284,2.1168,8.8787e+06,3.90788e+06,1.16414e+07,0,0,0,9.47756e+07
94.3805,94.3805,6.35979,0,0,2.83697,2.83697,0,0.538995,4.89888,4.2723e+06,2.92367e+06,1.21204e+07,0,0,0,0,71.5777,70.5495,4.21846,0,0,1.29167,1.29167,0,1.013,2.1168,8.8787e+06,3.90788e+06,1.14683e+07,0,0,0,9.47756e+07
94.3805,94.3805,5.38154,0,0,2.83741,2.83741,0,0.531648,4.89888,4.2723e+06,2.92367e+06,1.21223e+07,0,0,0,0,71.5777,70.5495,3.72053,0,0,1.29187,1.29187,0,0.997941,2.1168,8.8787e+06,3.90788e+06,1.14701e+07,0,0,0,9.47756e+07
94.3805,94.3805,4.76191,0,0,2.83785,2.83785,0,0.531731,4.89888,4.2723e+06,2.92367e+06,1.21241e+07,0,0,0,0,71.5777,70.5495,3.28761,0,0,1.29207,1.29207,0,0.998096,2.1168,8.8787e+06,3.90788e+06,1.14719e+07,0,0,0,9.47756e+07
94.3805,94.3805,4.30916,0,0,2.83829,2.83829,0,0.531813,4.89888,4.2723e+06,2.92367e+06,1.2126e+07,0,0,0,0,71.5777,70.5495,2.97666,0,0,1.29227,1.29227,0,0.998251,2.1168,8.8787e+06,3.90788e+06,1.14737e+07,0,0,0,9.47756e+07
94.3805,94.3805,4.46299,0,0,2.97339,2.97339,0,0.531895,4.89888,4.2723e+06,2.92367e+06,1.27032e+07,0,0,0,0,71.5777,70.5495,3.17698,0,0,1.36234,1.36234,0,0.998405,2.1168,8.8787e+06,3.90788e+06,1.20959e+07,0,0,0,9.47756e+07
94.3805,94.3805,4.49461,0,0,2.97385,2.97385,0,0.557213,4.89888,4.2723e+06,2.92367e+06,1.27052e+07,0,0,0,0,71.5777,70.5495,3.16899,0,0,1.36256,1.36256,0,1.05255,2.1168,8.8787e+06,3.90788e+06,1.20977e+07,0,0,0,9.47756e+07
94.3805,94.3805,4.1612,0,0,2.97431,2.97431,0,0.5573,4.89888,4.2723e+06,2.92367e+06,1.27071e+07,0,0,0,0,71.5777,70.5495,2.63058,0,0,1.36277,1.36277,0,1.05271,2.1168,8.8787e+06,3.90788e+06,1.20996e+07,0,0,0,9.47756e+07
94.3805,94.3805,3.75298,0,0,2.97477,2.97477,0,0.557386,4.89888,4.2723e+06,2.92367e+06,1.27091e+07,0,0,0,0,71.5777,70.5495,2.3038,0,0,1.36298,1.36298,0,1.05287,2.1168,8.8787e+06,3.90788e+06,1.21015e+07,0,0,0,9.47756e+07
94.3805,94.3805,3.26557,0,0,2.97523,2.97523,0,0.557472,4.89888,4.2723e+06,2.92367e+06,1.27111e+07,0,0,0,0,71.5777,70.5495,2.38801,0,0,1.36319,1.36319,0,1.05304,2.1168,8.8787e+06,3.90788e+06,1.21033e+07,0,0,0,9.47756e+07
93.903,94.3805,2.502,0,0,2.94904,2.94904,0,0.557559,4.89888,4.2723e+06,2.92367e+06,1.25992e+07,0,0,0,0,71.5777,70.5495,2.50523,0,0,1.40184,1.40184,0,1.0532,2.1168,8.8787e+06,3.90788e+06,1.24465e+07,0,0,0,9.47756e+07
93.33,94.3805,2.38396,0,0,2.9495,2.9495,0,0.552651,4.89888,4.2723e+06,2.92367e+06,1.26011e+07,0,0,0,0,71.5777,70.5495,2.45595,0,0,1.40205,1.40205,0,1.08306,2.1168,8.8787e+06,3.90788e+06,1.24484e+07,0,0,0,9.47756e+07
92.654,94.3805,2.25402,0,0,2.94996,2.94996,0,0.552736,4.89888,4.2723e+06,2.92367e+06,1.26031e+07,0,0,0,0,71.5777,70.5495,2.47086,0,0,1.40227,1.40227,0,1.08323,2.1168,8.8787e+06,3.90788e+06,1.24503e+07,0,0,0,9.47756e+07
91.8078,94.3805,2.07407,0,0,2.95041,2.95041,0,0.552822,4.89888,4.2723e+06,2.92367e+06,1.2605e+07,0,0,0,0,71.5777,70.5495,2.36052,0,0,1.40249,1.40249,0,1.08339,2.1168,8.8787e+06,3.90788e+06,1.24523e+07,0,0,0,9.47756e+07
90.6484,94.3805,1.76429,0,0,3.01974,3.01974,0,0.552907,4.89888,4.2723e+06,2.92367e+06,1.29012e+07,0,0,0,0,71.4029,70.5495,2.04679,0,0,1.43698,1.43698,0,1.08356,2.1168,8.8787e+06,3.90788e+06,1.27585e+07,0,0,0,9.47756e+07
89.3097,94.3805,1.55333,0,0,3.02021,3.02021,0,0.565899,4.89888,4.2723e+06,2.92367e+06,1.29032e+07,0,0,0,0,71.2751,70.5495,1.76718,0,0,1.4372,1.4372,0,1.11021,2.1168,8.8787e+06,3.90788e+06,1.27605e+07,0,0,0,9.47756e+07
87.9638,94.3805,1.53436,0,0,3.02067,3.02067,0,0.565987,4.89888,4.2723e+06,2.92367e+06,1.29052e+07,0,0,0,0,71.2394,70.5495,1.89835,0,0,1.43743,1.43743,0,1.11038,2.1168,8.8787e+06,3.90788e+06,1.27625e+07,0,0,0,9.47756e+07
86.7555,94.3805,1.66065,0,0,3.02114,3.02114,0,0.566074,4.89888,4.2723e+06,2.92367e+06,1.29072e+07,0,0,0,0,71.2516,70.5495,2.07399,0,0,1.43765,1.43765,0,1.11056,2.1168,8.8787e+06,3.90788e+06,1.27645e+07,0,0,0,9.47756e+07
85.355,94.3805,1.59224,0,0,3.22341,3.22341,0,0.566162,4.89888,4.2723e+06,2.92367e+06,1.37714e+07,0,0,0,0,71.0721,70.5495,2.19947,0,0,1.56167,1.56167,0,1.11073,2.1168,8.8787e+06,3.90788e+06,1.38656e+07,0,0,0,9.47756e+07
83.4264,94.3805,1.00698,0,0,3.22391,3.22391,0,0.604067,4.89888,4.2723e+06,2.92367e+06,1.37735e+07,0,0,0,0,70.7921,70.5495,1.70183,0,0,1.56191,1.56191,0,1.20654,2.1168,8.8787e+06,3.90788e+06,1.38677e+07,0,0,0,9.47756e+07
81.6255,94.3805,1.11778,0.02,0,3.22441,3.22441,0,0.604161,4.89888,4.2723e+06,2.92367e+06,1.37756e+07,0,0,0,0,70.5771,70.5495,1.75034,0,0,1.56215,1.56215,0,1.20673,2.1168,8.8787e+06,3.90788e+06,1.38699e+07,0,0,0,9.47756e+07
80.4286,94.3805,1.7662,0.02,0,3.22491,3.22491,0,0.604254,4.89888,4.2723e+06,2.92367e+06,1.37778e+07,0,0,0,0,70.4793,70.5495,2.12738,0,0,1.56239,1.56239,0,1.20692,2.1168,8.8787e+06,3.90788e+06,1.3872e+07,0,0,0,9.47756e+07
79.652,94.3805,2.19203,0.01,0,3.22541,3.22541,0,0.604348,4.89888,4.2723e+06,2.92367e+06,1.37799e+07,0,0,0,0,70.3534,70.5495,2.24151,0,0,1.56263,1.56263,0,1.2071,2.1168,8.8787e+06,3.90788e+06,1.38742e+07,0,0,0,9.47756e+07
78.5358,94.3805,1.7648,0.01,0,3.12748,3.12748,0,0.604441,4.89888,4.2723e+06,2.92367e+06,1.33615e+07,0,0,0,0,70.221,70.5495,1.60531,0,0,1.48768,1.48768,0,1.20729,2.1168,8.8787e+06,3.90788e+06,1.32087e+07,0,0,0,9.47756e+07
77.3261,94.3805,1.65104,0.02,0,3.12797,3.12797,0,0.58609,4.89888,4.2723e+06,2.92367e+06,1.33636e+07,0,0,0,0,70.1731,70.5495,2.56238,0,0,1.48791,1.48791,0,1.14938,2.1168,8.8787e+06,3.90788e+06,1.32107e+07,0,0,0,9.47756e+07
75.9523,94.3805,1.46265,0.02,0,3.12845,3.12845,0,0.586181,4.89888,4.2723e+06,2.92367e+06,1.33657e+07,0,0,0,0,69.7031,70.5495,1.57952,0,0,1.48814,1.48814,0,1.14956,2.1168,8.8787e+06,3.90788e+06,1.32127e+07,0,0,0,9.47756e+07
74.3629,94.3805,1.22042,0.02,0,3.12894,3.12894,0,0.586272,4.89888,4.2723e+06,2.92367e+06,1.33677e+07,0,0,0,0,69.0808,70.5495,1.40226,0,0,1.48837,1.48837,0,1.14974,2.1168,8.8787e+06,3.90788e+06,1.32148e+07,0,0,0,9.47756e+07
72.9529,94.3805,1.3734,0.02,0,3.04858,3.04858,0,0.586362,4.89888,4.2723e+06,2.92367e+06,1.30244e+07,0,0,0,0,68.2319,70.5495,1.24869,0,0,1.42011,1.42011,0,1.14991,2.1168,8.8787e+06,3.90788e+06,1.26087e+07,0,0,0,9.47756e+07
71.1213,94.3805,0.913747,0.02,0,3.04905,3.04905,0,0.571304,4.89888,4.2723e+06,2.92367e+06,1.30265e+07,0,0,0,0,67.9857,70.5495,0.827125,0,0,1.42033,1.42033,0,1.09718,2.1168,8.8787e+06,3.90788e+06,1.26107e+07,0,0,0,9.47756e+07
69.7375,94.3805,1.39614,0.02,0,3.04952,3.04952,0,0.571392,4.89888,4.2723e+06,2.92367e+06,1.30285e+07,0,0,0,0,67.9721,70.5495,2.25392,0,0,1.42055,1.42055,0,1.09735,2.1168,8.8787e+06,3.90788e+06,1.26126e+07,0,0,0,9.47756e+07
70.1569,94.3805,3.32995,0.02,0,3.05,3.05,0,0.571481,4.89888,4.2723e+06,2.92367e+06,1.30305e+07,0,0,0,0,68.6413,70.5495,3.90946,0,0,1.42077,1.42077,0,1.09752,2.1168,8.8787e+06,3.90788e+06,1.26146e+07,0,0,0,9.47756e+07
69.4021,94.3805,1.97358,0.02,0,2.82073,2.82073,0,0.571569,4.89888,4.2723e+06,2.92367e+06,1.2051e+07,0,0,0,0,69.1218,70.5495,2.69379,0,0,1.27826,1.27826,0,1.09769,2.1168,8.8787e+06,3.90788e+06,1.13493e+07,0,0,0,9.47756e+07
69.2415,94.3805,2.7301,0.02,0,2.82117,2.82117,0,0.528605,4.89888,4.2723e+06,2.92367e+06,1.20529e+07,0,0,0,0,69.9595,70.5495,3.97104,0,0,1.27845,1.27845,0,0.987581,2.1168,8.8787e+06,3.90788e+06,1.1351e+07,0,0,0,9.47756e+07
68.9317,94.3805,2.49289,0.02,0,2.82161,2.82161,0,0.528687,4.89888,4.2723e+06,2.92367e+06,1.20547e+07,0,0,0,0,70.6668,70.5495,3.55387,0,0,1.27865,1.27865,0,0.987734,2.1168,8.8787e+06,3.90788e+06,1.13528e+07,0,0,0,9.47756e+07
69.0184,94.3805,2.92293,0.02,0,2.82204,2.82204,0,0.528769,4.89888,4.2723e+06,2.92367e+06,1.20566e+07,0,0,0,0,71.3654,70.5495,3.59412,0,0,1.27885,1.27885,0,0.987887,2.1168,8.8787e+06,3.90788e+06,1.13545e+07,0,0,0,9.47756e+07
69.528,94.3805,3.3354,0.02,0,2.82248,2.82248,0,0.528851,4.89888,4.2723e+06,2.92367e+06,1.20585e+07,0,0,0,0,71.5777,70.5495,3.89176,0,0,1.27905,1.27905,0,0.98804,2.1168,8.8787e+06,3.90788e+06,1.13563e+07,0,0,0,9.47756e+07
72.5518,94.3805,6.08846,0.01,0,2.91134,2.91134,0,0.528933,4.89888,4.2723e+06,2.92367e+06,1.24381e+07,0,0,0,0,71.5777,70.5495,5.08105,0,0,1.32061,1.32061,0,0.988193,2.1168,8.8787e+06,3.90788e+06,1.17253e+07,0,0,0,9.47756e+07
77.9382,94.3805,8.87831,0.01,0,2.91177,2.91177,0,0.545586,4.89888,4.2723e+06,2.92367e+06,1.244e+07,0,0,0,0,71.5777,70.5495,6.84977,0,0,1.3208,1.3208,0,1.0203,2.1168,8.8787e+06,3.90788e+06,1.1727e+07,0,0,0,9.47756e+07
79.8489,94.3805,5.18089,0,0,2.9122,2.9122,0,0.545666,4.89888,4.2723e+06,2.92367e+06,1.24418e+07,0,0,0,0,71.5777,70.5495,7.20442,0,0,1.321,1.321,0,1.02045,2.1168,8.8787e+06,3.90788e+06,1.17287e+07,0,0,0,9.47756e+07
81.3327,94.3805,4.74491,0,0,2.91263,2.91263,0,0.545747,4.89888,4.2723e+06,2.92367e+06,1.24436e+07,0,0,0,0,71.5777,70.5495,6.56473,0,0,1.32119,1.32119,0,1.0206,2.1168,8.8787e+06,3.90788e+06,1.17305e+07,0,0,0,9.47756e+07
82.9813,94.3805,5.10405,0.01,0,3.1972,3.1972,0,0.545827,4.89888,4.2723e+06,2.92367e+06,1.36594e+07,0,0,0,0,71.5777,70.5495,7.2713,0,0,1.47675,1.47675,0,1.02075,2.1168,8.8787e+06,3.90788e+06,1.31116e+07,0,0,0,9.47756e+07
86.4918,94.3805,7.15163,0.01,0,3.19767,3.19767,0,0.599155,4.89888,4.2723e+06,2.92367e+06,1.36614e+07,0,0,0,0,71.5777,70.5495,6.13809,0,0,1.47697,1.47697,0,1.14094,2.1168,8.8787e+06,3.90788e+06,1.31136e+07,0,0,0,9.47756e+07
89.1229,94.3805,6.24446,0,0,3.19814,3.19814,0,0.599243,4.89888,4.2723e+06,2.92367e+06,1.36634e+07,0,0,0,0,71.5777,70.5495,6.21887,0,0,1.47719,1.47719,0,1.14111,2.1168,8.8787e+06,3.90788e+06,1.31155e+07,0,0,0,9.47756e+07
94.0545,94.3805,8.78337,0,0,3.19861,3.19861,0,0.599331,4.89888,4.2723e+06,2.92367e+06,1.36654e+07,0,0,0,0,71.5777,70.5495,6.40458,0,0,1.47741,1.47741,0,1.14128,2.1168,8.8787e+06,3.90788e+06,1.31175e+07,0,0,0,9.47756e+07
94.3805,94.3805,6.16888,0,0,2.79358,2.79358,0,0.59942,4.89888,4.2723e+06,2.92367e+06,1.1935e+07,0,0,0,0,71.5777,70.5495,6.34572,0,0,1.269,1.269,0,1.14144,2.1168,8.8787e+06,3.90788e+06,1.1267e+07,0,0,0,9.47756e+07
94.3805,94.3805,5.54587,0,0,2.79399,2.79399,0,0.523517,4.89888,4.2723e+06,2.92367e+06,1.19368e+07,0,0,0,0,71.5777,70.5495,5.36392,0,0,1.26918,1.26918,0,0.980427,2.1168,8.8787e+06,3.90788e+06,1.12687e+07,0,0,0,9.47756e+07
94.3805,94.3805,5.42743,0,0,2.7944,2.7944,0,0.523594,4.89888,4.2723e+06,2.92367e+06,1.19385e+07,0,0,0,0,71.5777,70.5495,6.07814,0,0,1.26937,1.26937,0,0.980572,2.1168,8.8787e+06,3.90788e+06,1.12704e+07,0,0,0,9.47756e+07
94.3805,94.3805,5.38854,0,0,2.79482,2.79482,0,0.523671,4.89888,4.2723e+06,2.92367e+06,1.19403e+07,0,0,0,0,71.5777,70.5495,6.0536,0,0,1.26956,1.26956,0,0.980717,2.1168,8.8787e+06,3.90788e+06,1.1272e+07,0,0,0,9.47756e+07
94.3805,94.3805,7.1771,0,0,2.79523,2.79523,0,0.523749,4.89888,4.2723e+06,2.92367e+06,1.1942e+07,0,0,0,0,71.5777,70.5495,9.92843,0,0,1.26975,1.26975,0,0.980861,2.1168,8.8787e+06,3.90788e+06,1.12737e+07,0,0,0,9.47756e+07
94.3805,94.3805,6.48585,0,0,2.89779,2.89779,0,0.523826,4.89888,4.2723e+06,2.92367e+06,1.23802e+07,0,0,0,0,71.5777,70.5495,4.61387,0,0,1.32101,1.32101,0,0.981006,2.1168,8.8787e+06,3.90788e+06,1.17289e+07,0,0,0,9.47756e+07
94.3805,94.3805,8.27441,0,0,2.89822,2.89822,0,0.543046,4.89888,4.2723e+06,2.92367e+06,1.2382e+07,0,0,0,0,71.5777,70.5495,10.3845,0,0,1.3212,1.3212,0,1.02061,2.1168,8.8787e+06,3.90788e+06,1.17306e+07,0,0,0,9.47756e+07
94.3805,94.3805,7.18568,0,0,2.89864,2.89864,0,0.543126,4.89888,4.2723e+06,2.92367e+06,1.23839e+07,0,0,0,0,71.5777,70.5495,7.17599,0,0,1.3214,1.3214,0,1.02076,2.1168,8.8787e+06,3.90788e+06,1.17323e+07,0,0,0,9.47756e+07
94.3805,94.3805,5.64255,0,0,2.89907,2.89907,0,0.543206,4.89888,4.2723e+06,2.92367e+06,1.23857e+07,0,0,0,0,71.5777,70.5495,4.73438,0,0,1.32159,1.32159,0,1.02091,2.1168,8.8787e+06,3.90788e+06,1.1734e+07,0,0,0,9.47756e+07
94.3805,94.3805,4.64238,0,0,2.85954,2.85954,0,0.543286,4.89888,4.2723e+06,2.92367e+06,1.22168e+07,0,0,0,0,71.5777,70.5495,4.03891,0,0,1.30194,1.30194,0,1.02106,2.1168,8.8787e+06,3.90788e+06,1.15595e+07,0,0,0,9.47756e+07
94.3805,94.3805,3.71374,0,0,2.85996,2.85996,0,0.535877,4.89888,4.2723e+06,2.92367e+06,1.22186e+07,0,0,0,0,71.5777,70.5495,3.84275,0,0,1.30213,1.30213,0,1.00588,2.1168,8.8787e+06,3.90788e+06,1.15612e+07,0,0,0,9.47756e+07
94.3805,94.3805,3.38014,0,0,2.86038,2.86038,0,0.535956,4.89888,4.2723e+06,2.92367e+06,1.22204e+07,0,0,0,0,71.5777,70.5495,3.06265,0,0,1.30232,1.30232,0,1.00603,2.1168,8.8787e+06,3.90788e+06,1.1563e+07,0,0,0,9.47756e+07
94.3805,94.3805,4.13007,0,0,2.8608,2.8608,0,0.536035,4.89888,4.2723e+06,2.92367e+06,1.22222e+07,0,0,0,0,71.5777,70.5495,3.4518,0,0,1.30252,1.30252,0,1.00618,2.1168,8.8787e+06,3.90788e+06,1.15647e+07,0,0,0,9.47756e+07
94.3805,94.3805,3.26754,0,0,2.99695,2.99695,0,0.536114,4.89888,4.2723e+06,2.92367e+06,1.28039e+07,0,0,0,0,71.5777,70.5495,3.18274,0,0,1.37314,1.37314,0,1.00632,2.1168,8.8787e+06,3.90788e+06,1.21917e+07,0,0,0,9.47756e+07
94.3805,94.3805,3.25885,0,0,2.9974,2.9974,0,0.561629,4.89888,4.2723e+06,2.92367e+06,1.28058e+07,0,0,0,0,71.5777,70.5495,2.72066,0,0,1.37334,1.37334,0,1.06089,2.1168,8.8787e+06,3.90788e+06,1.21935e+07,0,0,0,9.47756e+07
94.2476,94.3805,2.86766,0,0,2.99784,2.99784,0,0.561712,4.89888,4.2723e+06,2.92367e+06,1.28076e+07,0,0,0,0,71.5777,70.5495,2.56967,0,0,1.37355,1.37355,0,1.06104,2.1168,8.8787e+06,3.90788e+06,1.21953e+07,0,0,0,9.47756e+07
94.0386,94.3805,2.78835,0,0,2.99828,2.99828,0,0.561795,4.89888,4.2723e+06,2.92367e+06,1.28095e+07,0,0,0,0,71.5777,70.5495,2.60747,0,0,1.37375,1.37375,0,1.0612,2.1168,8.8787e+06,3.90788e+06,1.21971e+07,0,0,0,9.47756e+07
93.7006,94.3805,2.64165,0,0,2.99872,2.99872,0,0.561878,4.89888,4.2723e+06,2.92367e+06,1.28114e+07,0,0,0,0,71.5777,70.5495,2.50615,0,0,1.37395,1.37395,0,1.06136,2.1168,8.8787e+06,3.90788e+06,1.21989e+07,0,0,0,9.47756e+07
93.7571,94.3805,3.00834,0,0,2.9723,2.9723,0,0.561961,4.89888,4.2723e+06,2.92367e+06,1.26986e+07,0,0,0,0,71.5777,70.5495,2.56751,0,0,1.41289,1.41289,0,1.06151,2.1168,8.8787e+06,3.90788e+06,1.25447e+07,0,0,0,9.47756e+07
93.6489,94.3805,2.84741,0,0,2.97274,2.97274,0,0.55701,4.89888,4.2723e+06,2.92367e+06,1.27004e+07,0,0,0,0,71.5777,70.5495,2.41391,0,0,1.4131,1.4131,0,1.0916,2.1168,8.8787e+06,3.90788e+06,1.25465e+07,0,0,0,9.47756e+07
93.3086,94.3805,2.61004,0,0,2.97318,2.97318,0,0.557092,4.89888,4.2723e+06,2.92367e+06,1.27023e+07,0,0,0,0,71.5777,70.5495,2.4063,0,0,1.41331,1.41331,0,1.09176,2.1168,8.8787e+06,3.90788e+06,1.25484e+07,0,0,0,9.47756e+07
92.7451,94.3805,2.36541,0,0,2.97362,2.97362,0,0.557174,4.89888,4.2723e+06,2.92367e+06,1.27042e+07,0,0,0,0,71.5572,70.5495,2.14823,0,0,1.41352,1.41352,0,1.09192,2.1168,8.8787e+06,3.90788e+06,1.25502e+07,0,0,0,9.47756e+07
92.1489,94.3805,2.34056,0,0,3.04347,3.04347,0,0.557256,4.89888,4.2723e+06,2.92367e+06,1.30026e+07,0,0,0,0,71.3988,70.5495,2.05022,0,0,1.44827,1.44827,0,1.09208,2.1168,8.8787e+06,3.90788e+06,1.28588e+07,0,0,0,9.47756e+07
91.5803,94.3805,2.35465,0,0,3.04392,3.04392,0,0.570346,4.89888,4.2723e+06,2.92367e+06,1.30045e+07,0,0,0,0,71.2063,70.5495,2.01084,0,0,1.44849,1.44849,0,1.11893,2.1168,8.8787e+06,3.90788e+06,1.28607e+07,0,0,0,9.47756e+07
90.7379,94.3805,2.06736,0,0,3.04436,3.04436,0,0.57043,4.89888,4.2723e+06,2.92367e+06,1.30064e+07,0,0,0,0,70.985,70.5495,1.84512,0,0,1.4487,1.4487,0,1.1191,2.1168,8.8787e+06,3.90788e+06,1.28626e+07,0,0,0,9.47756e+07
89.7597,94.3805,1.9132,0,0,3.04481,3.04481,0,0.570514,4.89888,4.2723e+06,2.92367e+06,1.30083e+07,0,0,0,0,70.7452,70.5495,1.77849,0,0,1.44891,1.44891,0,1.11927,2.1168,8.8787e+06,3.90788e+06,1.28645e+07,0,0,0,9.47756e+07
88.4158,94.3805,1.6862,0,0,3.24864,3.24864,0,0.570598,4.89888,4.2723e+06,2.92367e+06,1.38792e+07,0,0,0,0,70.4089,70.5495,1.76894,0,0,1.57389,1.57389,0,1.11943,2.1168,8.8787e+06,3.90788e+06,1.39741e+07,0,0,0,9.47756e+07
87.6109,94.3805,2.23375,0,0,3.24912,3.24912,0,0.608796,4.89888,4.2723e+06,2.92367e+06,1.38812e+07,0,0,0,0,70.0391,70.5495,1.76932,0,0,1.57412,1.57412,0,1.21599,2.1168,8.8787e+06,3.90788e+06,1.39762e+07,0,0,0,9.47756e+07
87.0149,94.3805,2.47122,0.01,0,3.2496,3.2496,0,0.608886,4.89888,4.2723e+06,2.92367e+06,1.38833e+07,0,0,0,0,69.6399,70.5495,2.1856,0,0,1.57435,1.57435,0,1.21617,2.1168,8.8787e+06,3.90788e+06,1.39782e+07,0,0,0,9.47756e+07
85.9787,94.3805,2.00916,0.01,0,3.25008,3.25008,0,0.608975,4.89888,4.2723e+06,2.92367e+06,1.38853e+07,0,0,0,0,69.2433,70.5495,1.54013,0,0,1.57459,1.57459,0,1.21635,2.1168,8.8787e+06,3.90788e+06,1.39803e+07,0,0,0,9.47756e+07
85.3995,94.3805,2.47375,0,0,3.25056,3.25056,0,0.609065,4.89888,4.2723e+06,2.92367e+06,1.38874e+07,0,0,0,0,69.1038,70.5495,2.82438,0,0,1.57482,1.57482,0,1.21653,2.1168,8.8787e+06,3.90788e+06,1.39824e+07,0,0,0,9.47756e+07
84.7806,94.3805,2.25072,0.01,0,3.15185,3.15185,0,0.609155,4.89888,4.2723e+06,2.92367e+06,1.34656e+07,0,0,0,0,68.7052,70.5495,1.70153,0,0,1.49927,1.49927,0,1.21671,2.1168,8.8787e+06,3.90788e+06,1.33116e+07,0,0,0,9.47756e+07
84.1165,94.3805,2.29259,0.02,0,3.15231,3.15231,0,0.590656,4.89888,4.2723e+06,2.92367e+06,1.34676e+07,0,0,0,0,68.4386,70.5495,1.98445,0,0,1.49949,1.49949,0,1.15834,2.1168,8.8787e+06,3.90788e+06,1.33135e+07,0,0,0,9.47756e+07
83.6259,94.3805,2.48809,0.02,0,3.15278,3.15278,0,0.590743,4.89888,4.2723e+06,2.92367e+06,1.34696e+07,0,0,0,0,68.2529,70.5495,2.13894,0,0,1.49971,1.49971,0,1.15851,2.1168,8.8787e+06,3.90788e+06,1.33155e+07,0,0,0,9.47756e+07
83.182,94.3805,2.58,0.02,0,3.15324,3.15324,0,0.59083,4.89888,4.2723e+06,2.92367e+06,1.34716e+07,0,0,0,0,68.0792,70.5495,2.26127,0,0,1.49993,1.49993,0,1.15868,2.1168,8.8787e+06,3.90788e+06,1.33175e+07,0,0,0,9.47756e+07
83.1235,94.3805,3.07184,0.02,0,3.07224,3.07224,0,0.590918,4.89888,4.2723e+06,2.92367e+06,1.31255e+07,0,0,0,0,68.2075,70.5495,3.05129,0,0,1.43113,1.43113,0,1.15885,2.1168,8.8787e+06,3.90788e+06,1.27066e+07,0,0,0,9.47756e+07
83.7888,94.3805,3.84328,0.01,0,3.07269,3.07269,0,0.575738,4.89888,4.2723e+06,2.92367e+06,1.31275e+07,0,0,0,0,68.4498,70.5495,3.60963,0,0,1.43134,1.43134,0,1.10569,2.1168,8.8787e+06,3.90788e+06,1.27085e+07,0,0,0,9.47756e+07
83.6028,94.3805,2.98469,0.01,0,3.07315,3.07315,0,0.575823,4.89888,4.2723e+06,2.92367e+06,1.31294e+07,0,0,0,0,68.6792,70.5495,2.82397,0,0,1.43155,1.43155,0,1.10586,2.1168,8.8787e+06,3.90788e+06,1.27103e+07,0,0,0,9.47756e+07
84.2973,94.3805,3.84907,0.01,0,3.0736,3.0736,0,0.575908,4.89888,4.2723e+06,2.92367e+06,1.31313e+07,0,0,0,0,68.8179,70.5495,3.14377,0,0,1.43177,1.43177,0,1.10602,2.1168,8.8787e+06,3.90788e+06,1.27122e+07,0,0,0,9.47756e+07
84.4552,94.3805,3.23336,0.01,0,2.84254,2.84254,0,0.575993,4.89888,4.2723e+06,2.92367e+06,1.21442e+07,0,0,0,0,68.8781,70.5495,2.35304,0,0,1.28814,1.28814,0,1.10618,2.1168,8.8787e+06,3.90788e+06,1.1437e+07,0,0,0,9.47756e+07
84.9664,94.3805,3.71464,0.01,0,2.84296,2.84296,0,0.532692,4.89888,4.2723e+06,2.92367e+06,1.2146e+07,0,0,0,0,69.5793,70.5495,5.22671,0,0,1.28833,1.28833,0,0.995217,2.1168,8.8787e+06,3.90788e+06,1.14387e+07,0,0,0,9.47756e+07
87.6025,94.3805,6.20574,0,0,2.84338,2.84338,0,0.532771,4.89888,4.2723e+06,2.92367e+06,1.21478e+07,0,0,0,0,71.196,70.5495,7.72858,0,0,1.28852,1.28852,0,0.995363,2.1168,8.8787e+06,3.90788e+06,1.14404e+07,0,0,0,9.47756e+07
90.008,94.3805,5.95042,0,0,2.8438,2.8438,0,0.532849,4.89888,4.2723e+06,2.92367e+06,1.21496e+07,0,0,0,0,71.5777,70.5495,4.8121,0,0,1.28871,1.28871,0,0.99551,2.1168,8.8787e+06,3.90788e+06,1.14421e+07,0,0,0,9.47756e+07
91.2233,94.3805,4.43305,0,0,2.84422,2.84422,0,0.532928,4.89888,4.2723e+06,2.92367e+06,1.21513e+07,0,0,0,0,71.5777,70.5495,3.94273,0,0,1.2889,1.2889,0,0.995657,2.1168,8.8787e+06,3.90788e+06,1.14438e+07,0,0,0,9.47756e+07
93.5068,94.3805,5.60001,0,0,2.93374,2.93374,0,0.533007,4.89888,4.2723e+06,2.92367e+06,1.25338e+07,0,0,0,0,71.5777,70.5495,5.98359,0,1,1.33077,1.33077,0,0.995804,2.1168,8.8787e+06,3.90788e+06,1.18155e+07,0,0,0,9.47756e+07
94.3805,94.3805,14.1104,0,0,2.93416,2.93416,0,0.549784,4.89888,4.2723e+06,2.92367e+06,1.25356e+07,0,0,0,0,71.5777,70.5495,7.93283,0,1,1.33095,1.33095,0,1.02815,2.1168,8.8787e+06,3.90788e+06,1.18171e+07,0,0,0,9.47756e+07
94.3805,94.3805,8.67059,0,0,2.93457,2.93457,0,0.549861,4.89888,4.2723e+06,2.92367e+06,1.25373e+07,0,0,0,0,71.5777,70.5495,5.81981,0,1,1.33114,1.33114,0,1.02829,2.1168,8.8787e+06,3.90788e+06,1.18188e+07,0,0,0,9.47756e+07
94.3805,94.3805,5.38806,0,0,2.93498,2.93498,0,0.549938,4.89888,4.2723e+06,2.92367e+06,1.25391e+07,0,0,0,0,71.5777,70.5495,4.08774,0,1,1.33133,1.33133,0,1.02844,2.1168,8.8787e+06,3.90788e+06,1.18205e+07,0,0,0,9.47756e+07
94.3805,94.3805,8.33124,0,0,3.2217,3.2217,0,0.550015,4.89888,4.2723e+06,2.92367e+06,1.37641e+07,0,0,0,0,71.5777,70.5495,6.07192,0,1,1.48807,1.48807,0,1.02858,2.1168,8.8787e+06,3.90788e+06,1.32121e+07,0,0,0,9.47756e+07
94.3805,94.3805,11.4604,0,0,3.22215,3.22215,0,0.603747,4.89888,4.2723e+06,2.92367e+06,1.3766e+07,0,0,0,0,71.5777,70.5495,6.58352,0,1,1.48828,1.48828,0,1.14968,2.1168,8.8787e+06,3.90788e+06,1.3214e+07,0,0,0,9.47756e+07
94.3805,94.3805,10.1079,0,0,3.2226,3.2226,0,0.603831,4.89888,4.2723e+06,2.92367e+06,1.37679e+07,0,0,0,0,71.5777,70.5495,5.06755,0,1,1.48849,1.48849,0,1.14984,2.1168,8.8787e+06,3.90788e+06,1.32158e+07,0,0,0,9.47756e+07
94.3805,94.3805,11.164,0,0,3.22305,3.22305,0,0.603916,4.89888,4.2723e+06,2.92367e+06,1.37698e+07,0,0,0,0,71.5777,70.5495,5.92308,0,1,1.4887,1.4887,0,1.15001,2.1168,8.8787e+06,3.90788e+06,1.32177e+07,0,0,0,9.47756e+07
94.3805,94.3805,14.9833,0,0,2.81491,2.81491,0,0.604,4.89888,4.2723e+06,2.92367e+06,1.20261e+07,0,0,0,0,71.5777,70.5495,10.4368,0,1,1.27868,1.27868,0,1.15017,2.1168,8.8787e+06,3.90788e+06,1.13531e+07,0,0,0,9.47756e+07
94.3805,94.3805,8.69348,0,0,2.8153,2.8153,0,0.527513,4.89888,4.2723e+06,2.92367e+06,1.20278e+07,0,0,0,0,71.5777,70.5495,7.69392,0,1,1.27886,1.27886,0,0.987912,2.1168,8.8787e+06,3.90788e+06,1.13547e+07,0,0,0,9.47756e+07
94.3805,94.3805,9.83361,0,0,2.81569,2.81569,0,0.527587,4.89888,4.2723e+06,2.92367e+06,1.20295e+07,0,0,0,0,71.5777,70.5495,9.90147,0,1,1.27904,1.27904,0,0.98805,2.1168,8.8787e+06,3.90788e+06,1.13562e+07,0,0,0,9.47756e+07
94.3805,94.3805,8.20842,0,0,2.81609,2.81609,0,0.527661,4.89888,4.2723e+06,2.92367e+06,1.20312e+07,0,0,0,0,71.5777,70.5495,6.87794,0,1,1.27922,1.27922,0,0.988189,2.1168,8.8787e+06,3.90788e+06,1.13578e+07,0,0,0,9.47756e+07
94.3805,94.3805,10.6539,0,0,2.81648,2.81648,0,0.527735,4.89888,4.2723e+06,2.92367e+06,1.20329e+07,0,0,0,0,71.5777,70.5495,7.58446,0,1,1.2794,1.2794,0,0.988327,2.1168,8.8787e+06,3.90788e+06,1.13594e+07,0,0,0,9.47756e+07
94.3805,94.3805,5.68458,0,0,2.9198,2.9198,0,0.527809,4.89888,4.2723e+06,2.92367e+06,1.24743e+07,0,0,0,0,71.5777,70.5495,5.14457,0,1,1.33104,1.33104,0,0.988466,2.1168,8.8787e+06,3.90788e+06,1.18179e+07,0,0,0,9.47756e+07
94.3805,94.3805,7.57579,0,0,2.92021,2.92021,0,0.547171,4.89888,4.2723e+06,2.92367e+06,1.2476e+07,0,0,0,0,71.5777,70.5495,10.206,0,1,1.33123,1.33123,0,1.02837,2.1168,8.8787e+06,3.90788e+06,1.18196e+07,0,0,0,9.47756e+07
94.3805,94.3805,5.37042,0,0,2.92062,2.92062,0,0.547247,4.89888,4.2723e+06,2.92367e+06,1.24778e+07,0,0,0,0,71.5777,70.5495,4.9012,0,1,1.33142,1.33142,0,1.02851,2.1168,8.8787e+06,3.90788e+06,1.18213e+07,0,0,0,9.47756e+07
94.3805,94.3805,4.77826,0,0,2.92103,2.92103,0,0.547324,4.89888,4.2723e+06,2.92367e+06,1.24795e+07,0,0,0,0,71.5777,70.5495,4.06027,0,1,1.3316,1.3316,0,1.02865,2.1168,8.8787e+06,3.90788e+06,1.18229e+07,0,0,0,9.47756e+07
94.3805,94.3805,4.68949,0,0,2.88117,2.88117,0,0.547401,4.89888,4.2723e+06,2.92367e+06,1.23092e+07,0,0,0,0,71.5777,70.5495,4.00522,0,1,1.31179,1.31179,0,1.0288,2.1168,8.8787e+06,3.90788e+06,1.1647e+07,0,0,0,9.47756e+07
94.3805,94.3805,3.74522,0,0,2.88158,2.88158,0,0.539932,4.89888,4.2723e+06,2.92367e+06,1.23109e+07,0,0,0,0,71.5777,70.5495,2.96786,0,1,1.31198,1.31198,0,1.01349,2.1168,8.8787e+06,3.90788e+06,1.16486e+07,0,0,0,9.47756e+07
94.3805,94.3805,3.2019,0,0,2.88198,2.88198,0,0.540007,4.89888,4.2723e+06,2.92367e+06,1.23127e+07,0,0,0,0,71.5777,70.5495,2.6986,0,1,1.31216,1.31216,0,1.01363,2.1168,8.8787e+06,3.90788e+06,1.16503e+07,0,0,0,9.47756e+07
94.2136,94.3805,2.83948,0,0,2.88238,2.88238,0,0.540083,4.89888,4.2723e+06,2.92367e+06,1.23144e+07,0,0,0,0,71.5718,70.5495,2.3771,0,1,1.31234,1.31234,0,1.01377,2.1168,8.8787e+06,3.90788e+06,1.16519e+07,0,0,0,9.47756e+07
93.8027,94.3805,2.66887,0,0,3.01954,3.01954,0,0.540159,4.89888,4.2723e+06,2.92367e+06,1.29004e+07,0,0,0,0,71.479,70.5495,2.18592,0,1,1.38349,1.38349,0,1.01392,2.1168,8.8787e+06,3.90788e+06,1.22836e+07,0,0,0,9.47756e+07
93.5652,94.3805,2.81564,0,0,3.01996,3.01996,0,0.565862,4.89888,4.2723e+06,2.92367e+06,1.29022e+07,0,0,0,0,71.4698,70.5495,2.07297,0,1,1.38368,1.38368,0,1.06888,2.1168,8.8787e+06,3.90788e+06,1.22853e+07,0,0,0,9.47756e+07
93.0715,94.3805,2.538,0,0,3.02038,3.02038,0,0.565941,4.89888,4.2723e+06,2.92367e+06,1.2904e+07,0,0,0,0,71.3201,70.5495,1.91098,0,1,1.38388,1.38388,0,1.06903,2.1168,8.8787e+06,3.90788e+06,1.2287e+07,0,0,0,9.47756e+07
92.5194,94.3805,2.45844,0,0,3.02081,3.02081,0,0.56602,4.89888,4.2723e+06,2.92367e+06,1.29058e+07,0,0,0,0,71.0642,70.5495,1.74275,0,1,1.38407,1.38407,0,1.06918,2.1168,8.8787e+06,3.90788e+06,1.22887e+07,0,0,0,9.47756e+07
91.7103,94.3805,2.16272,0,0,3.02123,3.02123,0,0.566099,4.89888,4.2723e+06,2.92367e+06,1.29076e+07,0,0,0,0,71.0685,70.5495,1.62628,0,1,1.38426,1.38426,0,1.06933,2.1168,8.8787e+06,3.90788e+06,1.22905e+07,0,0,0,9.47756e+07
90.5881,94.3805,1.75914,0,0,2.99459,2.99459,0,0.566179,4.89888,4.2723e+06,2.92367e+06,1.27938e+07,0,0,0,0,70.9658,70.5495,1.94456,0,1,1.42349,1.42349,0,1.06948,2.1168,8.8787e+06,3.90788e+06,1.26387e+07,0,0,0,9.47756e+07
89.3038,94.3805,1.57294,0,0,2.99501,2.99501,0,0.561186,4.89888,4.2723e+06,2.92367e+06,1.27956e+07,0,0,0,0,70.7774,70.5495,1.9452,0,1,1.42369,1.42369,0,1.09979,2.1168,8.8787e+06,3.90788e+06,1.26405e+07,0,0,0,9.47756e+07
87.9599,94.3805,1.49151,0,0,2.99543,2.99543,0,0.561265,4.89888,4.2723e+06,2.92367e+06,1.27974e+07,0,0,0,0,70.4962,70.5495,1.73818,0,1,1.42389,1.42389,0,1.09994,2.1168,8.8787e+06,3.90788e+06,1.26423e+07,0,0,0,9.47756e+07
86.5848,94.3805,1.43729,0,0,2.99585,2.99585,0,0.561344,4.89888,4.2723e+06,2.92367e+06,1.27992e+07,0,0,0,0,70.1486,70.5495,1.65688,0,1,1.42409,1.42409,0,1.10009,2.1168,8.8787e+06,3.90788e+06,1.2644e+07,0,0,0,9.47756e+07
85.1084,94.3805,1.35064,0,0,3.0662,3.0662,0,0.561422,4.89888,4.2723e+06,2.92367e+06,1.30997e+07,0,0,0,0,69.7333,70.5495,1.60431,0,1,1.45909,1.45909,0,1.10025,2.1168,8.8787e+06,3.90788e+06,1.29548e+07,0,0,0,9.47756e+07
83.442,94.3805,1.16282,0,0,3.06663,3.06663,0,0.574605,4.89888,4.2723e+06,2.92367e+06,1.31015e+07,0,0,0,0,69.3264,70.5495,1.57193,0,1,1.45929,1.45929,0,1.12729,2.1168,8.8787e+06,3.90788e+06,1.29566e+07,0,0,0,9.47756e+07
81.7123,94.3805,1.07807,0.01,0,3.06706,3.06706,0,0.574686,4.89888,4.2723e+06,2.92367e+06,1.31034e+07,0,0,0,0,68.7963,70.5495,1.49351,0,1,1.4595,1.4595,0,1.12745,2.1168,8.8787e+06,3.90788e+06,1.29584e+07,0,0,0,9.47756e+07
79.9293,94.3805,0.993381,0.01,0,3.06749,3.06749,0,0.574766,4.89888,4.2723e+06,2.92367e+06,1.31052e+07,0,0,0,0,68.2414,70.5495,1.37283,0,1,1.4597,1.4597,0,1.12761,2.1168,8.8787e+06,3.90788e+06,1.29603e+07,0,0,0,9.47756e+07
77.9558,94.3805,0.913488,0.01,0,3.27281,3.27281,0,0.574847,4.89888,4.2723e+06,2.92367e+06,1.39824e+07,0,0,0,0,67.6705,70.5495,1.32748,0,1,1.5856,1.5856,0,1.12777,2.1168,8.8787e+06,3.90788e+06,1.4078e+07,0,0,0,9.47756e+07
75.6653,94.3805,0.572696,0.01,0,3.27327,3.27327,0,0.613324,4.89888,4.2723e+06,2.92367e+06,1.39844e+07,0,0,0,0,67.0016,70.5495,1.42416,0,1,1.58582,1.58582,0,1.22503,2.1168,8.8787e+06,3.90788e+06,1.408e+07,0,0,0,9.47756e+07
73.354,94.3805,0.515421,0.02,0,3.27373,3.27373,0,0.61341,4.89888,4.2723e+06,2.92367e+06,1.39863e+07,0,0,0,0,66.3829,70.5495,1.32129,0,1,1.58604,1.58604,0,1.2252,2.1168,8.8787e+06,3.90788e+06,1.4082e+07,0,0,0,9.47756e+07
71.1592,94.3805,0.605241,0.02,0,3.27418,3.27418,0,0.613496,4.89888,4.2723e+06,2.92367e+06,1.39883e+07,0,0,0,0,65.9488,70.5495,1.43096,0,1,1.58626,1.58626,0,1.22538,2.1168,8.8787e+06,3.90788e+06,1.4084e+07,0,0,0,9.47756e+07
69.3417,94.3805,1.01412,0.02,0,3.27464,3.27464,0,0.613582,4.89888,4.2723e+06,2.92367e+06,1.39902e+07,0,0,0,0,65.5559,70.5495,1.712,0,1,1.58649,1.58649,0,1.22555,2.1168,8.8787e+06,3.90788e+06,1.40859e+07,0,0,0,9.47756e+07
67.5832,94.3805,0.90528,0.02,0,3.17517,3.17517,0,0.613668,4.89888,4.2723e+06,2.92367e+06,1.35653e+07,0,0,0,0,65.0371,70.5495,1.64027,0,1,1.51037,1.51037,0,1.22572,2.1168,8.8787e+06,3.90788e+06,1.34101e+07,0,0,0,9.47756e+07
65.6733,94.3805,0.738835,0.02,0,3.17562,3.17562,0,0.595028,4.89888,4.2723e+06,2.92367e+06,1.35672e+07,0,0,0,0,64.7663,70.5495,1.3911,0,1,1.51058,1.51058,0,1.16691,2.1168,8.8787e+06,3.90788e+06,1.3412e+07,0,0,0,9.47756e+07
64.004,94.3805,0.985585,0.03,0,3.17606,3.17606,0,0.595111,4.89888,4.2723e+06,2.92367e+06,1.35691e+07,0,0,0,0,64.5541,70.5495,1.8017,0,1,1.51079,1.51079,0,1.16707,2.1168,8.8787e+06,3.90788e+06,1.34138e+07,0,0,0,9.47756e+07
62.5871,94.3805,1.28743,0.02,0,3.17651,3.17651,0,0.595194,4.89888,4.2723e+06,2.92367e+06,1.3571e+07,0,0,0,0,64.5423,70.5495,2.69821,0,1,1.511,1.511,0,1.16723,2.1168,8.8787e+06,3.90788e+06,1.34157e+07,0,0,0,9.47756e+07
61.1258,94.3805,1.13081,0.02,0,3.09488,3.09488,0,0.595278,4.89888,4.2723e+06,2.92367e+06,1.32223e+07,0,0,0,0,64.0853,70.5495,1.73159,0,1,1.44168,1.44168,0,1.1674,2.1168,8.8787e+06,3.90788e+06,1.28003e+07,0,0,0,9.47756e+07
59.8967,94.3805,1.36414,0.02,0,3.09532,3.09532,0,0.579981,4.89888,4.2723e+06,2.92367e+06,1.32241e+07,0,0,0,0,63.363,70.5495,1.34616,0,1,1.44188,1.44188,0,1.11384,2.1168,8.8787e+06,3.90788e+06,1.2802e+07,0,0,0,9.47756e+07
58.4486,94.3805,1.13368,0.02,0,3.09575,3.09575,0,0.580063,4.89888,4.2723e+06,2.92367e+06,1.3226e+07,0,0,0,0,63.2385,70.5495,0.97556,0,1,1.44208,1.44208,0,1.114,2.1168,8.8787e+06,3.90788e+06,1.28038e+07,0,0,0,9.47756e+07
57.5452,94.3805,1.72684,0.02,0,3.09619,3.09619,0,0.580144,4.89888,4.2723e+06,2.92367e+06,1.32278e+07,0,0,0,0,63.439,70.5495,2.6528,0,1,1.44229,1.44229,0,1.11415,2.1168,8.8787e+06,3.90788e+06,1.28056e+07,0,0,0,9.47756e+07
59.041,94.3805,4.14229,0.02,0,2.86341,2.86341,0,0.580225,4.89888,4.2723e+06,2.92367e+06,1.22333e+07,0,0,0,0,64.6545,70.5495,4.64984,0,1,1.2976,1.2976,0,1.11431,2.1168,8.8787e+06,3.90788e+06,1.1521e+07,0,0,0,9.47756e+07
58.7853,94.3805,2.33471,0.02,0,2.86381,2.86381,0,0.536603,4.89888,4.2723e+06,2.92367e+06,1.2235e+07,0,0,0,0,65.226,70.5495,3.43138,0,1,1.29778,1.29778,0,1.00252,2.1168,8.8787e+06,3.90788e+06,1.15226e+07,0,0,0,9.47756e+07
58.2465,94.3805,2.09957,0.02,0,2.86421,2.86421,0,0.536678,4.89888,4.2723e+06,2.92367e+06,1.22368e+07,0,0,0,0,66.0375,70.5495,4.24705,0,1,1.29796,1.29796,0,1.00266,2.1168,8.8787e+06,3.90788e+06,1.15242e+07,0,0,0,9.47756e+07
57.6605,94.3805,2.01017,0.02,0,2.86461,2.86461,0,0.536753,4.89888,4.2723e+06,2.92367e+06,1.22385e+07,0,0,0,0,66.7676,70.5495,4.10046,0,1,1.29814,1.29814,0,1.0028,2.1168,8.8787e+06,3.90788e+06,1.15258e+07,0,0,0,9.47756e+07
57.8597,94.3805,2.88299,0.03,0,2.86501,2.86501,0,0.536828,4.89888,4.2723e+06,2.92367e+06,1.22402e+07,0,0,0,0,67.5565,70.5495,4.59722,0,1,1.29832,1.29832,0,1.00294,2.1168,8.8787e+06,3.90788e+06,1.15274e+07,0,0,0,9.47756e+07
56.9715,94.3805,1.80262,0.03,0,2.95517,2.95517,0,0.536903,4.89888,4.2723e+06,2.92367e+06,1.26254e+07,0,0,0,0,67.6306,70.5495,3.02975,0,1,1.34049,1.34049,0,1.00308,2.1168,8.8787e+06,3.90788e+06,1.19018e+07,0,0,0,9.47756e+07
55.6599,94.3805,1.26163,0.03,0,2.95556,2.95556,0,0.553799,4.89888,4.2723e+06,2.92367e+06,1.2627e+07,0,0,0,0,67.6358,70.5495,1.96407,0,1,1.34066,1.34066,0,1.03566,2.1168,8.8787e+06,3.90788e+06,1.19034e+07,0,0,0,9.47756e+07
54.4909,94.3805,1.34982,0.05,0,2.95595,2.95595,0,0.553872,4.89888,4.2723e+06,2.92367e+06,1.26287e+07,0,0,0,0,68.0577,70.5495,2.17028,0,1,1.34084,1.34084,0,1.0358,2.1168,8.8787e+06,3.90788e+06,1.19049e+07,0,0,0,9.47756e+07
55.8438,94.3805,4.02629,0.05,0,2.95635,2.95635,0,0.553946,4.89888,4.2723e+06,2.92367e+06,1.26304e+07,0,0,0,0,68.736,70.5495,2.98332,0,1,1.34102,1.34102,0,1.03593,2.1168,8.8787e+06,3.90788e+06,1.19065e+07,0,0,0,9.47756e+07
59.1889,94.3805,6.57121,0.05,0,3.24513,3.24513,0,0.554019,4.89888,4.2723e+06,2.92367e+06,1.38642e+07,0,0,0,0,70.1311,70.5495,6.05147,0,1,1.49889,1.49889,0,1.03607,2.1168,8.8787e+06,3.90788e+06,1.33082e+07,0,0,0,9.47756e+07
58.4608,94.3805,2.0847,0.03,0,3.24556,3.24556,0,0.608138,4.89888,4.2723e+06,2.92367e+06,1.3866e+07,0,0,0,0,70.3242,70.5495,2.10784,0,1,1.49909,1.49909,0,1.15805,2.1168,8.8787e+06,3.90788e+06,1.331e+07,0,0,0,9.47756e+07
59.2045,94.3805,3.76324,0.03,0,3.24599,3.24599,0,0.608219,4.89888,4.2723e+06,2.92367e+06,1.38678e+07,0,0,0,0,70.8973,70.5495,3.00605,0,1,1.49929,1.49929,0,1.1582,2.1168,8.8787e+06,3.90788e+06,1.33118e+07,0,0,0,9.47756e+07
59.781,94.3805,3.60482,0.03,0,3.24642,3.24642,0,0.608299,4.89888,4.2723e+06,2.92367e+06,1.38697e+07,0,0,0,0,71.4634,70.5495,3.00172,0,1,1.49949,1.49949,0,1.15835,2.1168,8.8787e+06,3.90788e+06,1.33135e+07,0,0,0,9.47756e+07
60.7832,94.3805,3.71516,0.03,0,2.8353,2.8353,0,0.60838,4.89888,4.2723e+06,2.92367e+06,1.21132e+07,0,0,0,0,71.5777,70.5495,3.13026,0,1,1.28795,1.28795,0,1.15851,2.1168,8.8787e+06,3.90788e+06,1.14353e+07,0,0,0,9.47756e+07
62.7754,94.3805,4.86615,0.04,0,2.83567,2.83567,0,0.531334,4.89888,4.2723e+06,2.92367e+06,1.21148e+07,0,0,0,0,71.5777,70.5495,5.67047,0,1,1.28812,1.28812,0,0.995068,2.1168,8.8787e+06,3.90788e+06,1.14368e+07,0,0,0,9.47756e+07
65.1227,94.3805,5.22887,0.06,0,2.76983,2.83605,0,0.531405,4.89888,4.2723e+06,2.92367e+06,1.18335e+07,0,0,0,0,71.5777,70.5495,6.2304,0,1,1.25821,1.28829,0,0.9952,2.1168,8.8787e+06,3.90788e+06,1.11713e+07,0,0,0,9.47756e+07
70.0608,94.3805,8.32773,0.07,0,2.7702,2.83643,0,0.519066,4.89888,4.2723e+06,2.92367e+06,1.18351e+07,0,0,0,0,71.5777,70.5495,10.9144,0,1,1.25838,1.28846,0,0.972092,2.1168,8.8787e+06,3.90788e+06,1.11727e+07,0,0,0,9.47756e+07
74.1185,94.3805,7.48342,0.03,0,2.8368,2.8368,0,0.519135,4.89888,4.2723e+06,2.92367e+06,1.21197e+07,0,0,0,0,71.5777,70.5495,8.57111,0,1,1.28863,1.28863,0,0.972221,2.1168,8.8787e+06,3.90788e+06,1.14414e+07,0,0,0,9.47756e+07
78.0336,94.3805,7.68747,0.03,0,2.94084,2.94084,0,0.531617,4.89888,4.2723e+06,2.92367e+06,1.25641e+07,0,0,0,0,71.5777,70.5495,10.8182,0,1,1.34064,1.34064,0,0.995596,2.1168,8.8787e+06,3.90788e+06,1.19031e+07,0,0,0,9.47756e+07
80.8287,94.3805,6.4638,0.01,0,2.94123,2.94123,0,0.551114,4.89888,4.2723e+06,2.92367e+06,1.25658e+07,0,0,0,0,71.5777,70.5495,9.17878,0,1,1.34081,1.34081,0,1.03578,2.1168,8.8787e+06,3.90788e+06,1.19047e+07,0,0,0,9.47756e+07
83.154,94.3805,5.78396,0.01,0,2.94162,2.94162,0,0.551187,4.89888,4.2723e+06,2.92367e+06,1.25675e+07,0,0,0,0,71.5777,70.5495,7.10865,0,1,1.34099,1.34099,0,1.03591,2.1168,8.8787e+06,3.90788e+06,1.19063e+07,0,0,0,9.47756e+07
84.4541,94.3805,4.70397,0.01,0,2.94201,2.94201,0,0.55126,4.89888,4.2723e+06,2.92367e+06,1.25692e+07,0,0,0,0,71.5777,70.5495,5.467,0,1,1.34117,1.34117,0,1.03605,2.1168,8.8787e+06,3.90788e+06,1.19079e+07,0,0,0,9.47756e+07
84.9337,94.3805,3.68485,0.01,0,2.90185,2.90185,0,0.551333,4.89888,4.2723e+06,2.92367e+06,1.23976e+07,0,0,0,0,71.5777,70.5495,4.19211,0,1,1.32121,1.32121,0,1.03619,2.1168,8.8787e+06,3.90788e+06,1.17306e+07,0,0,0,9.47756e+07
85.7556,94.3805,3.97872,0.01,0,2.90224,2.90224,0,0.543807,4.89888,4.2723e+06,2.92367e+06,1.23992e+07,0,0,0,0,71.5777,70.5495,5.54781,0,1,1.32138,1.32138,0,1.02076,2.1168,8.8787e+06,3.90788e+06,1.17321e+07,0,0,0,9.47756e+07
85.8418,94.3805,3.25849,0,0,2.90262,2.90262,0,0.543879,4.89888,4.2723e+06,2.92367e+06,1.24009e+07,0,0,0,0,71.5777,70.5495,3.54315,0,1,1.32156,1.32156,0,1.0209,2.1168,8.8787e+06,3.90788e+06,1.17337e+07,0,0,0,9.47756e+07
85.6166,94.3805,2.8277,0,0,2.90301,2.90301,0,0.543951,4.89888,4.2723e+06,2.92367e+06,1.24025e+07,0,0,0,0,71.5777,70.5495,3.26343,0,1,1.32173,1.32173,0,1.02103,2.1168,8.8787e+06,3.90788e+06,1.17353e+07,0,0,0,9.47756e+07
85.1105,94.3805,2.59123,0,0,3.04112,3.04112,0,0.544023,4.89888,4.2723e+06,2.92367e+06,1.29926e+07,0,0,0,0,71.5777,70.5495,2.75831,0,1,1.39338,1.39338,0,1.02117,2.1168,8.8787e+06,3.90788e+06,1.23714e+07,0,0,0,9.47756e+07
84.6968,94.3805,2.63723,0,0,3.04152,3.04152,0,0.569906,4.89888,4.2723e+06,2.92367e+06,1.29943e+07,0,0,0,0,71.5777,70.5495,3.58405,0,1,1.39356,1.39356,0,1.07652,2.1168,8.8787e+06,3.90788e+06,1.2373e+07,0,0,0,9.47756e+07
84.0973,94.3805,2.43305,0,0,3.04193,3.04193,0,0.569981,4.89888,4.2723e+06,2.92367e+06,1.2996e+07,0,0,0,0,71.5777,70.5495,2.93693,0,1,1.39375,1.39375,0,1.07667,2.1168,8.8787e+06,3.90788e+06,1.23747e+07,0,0,0,9.47756e+07
83.3075,94.3805,2.21793,0,0,3.04233,3.04233,0,0.570057,4.89888,4.2723e+06,2.92367e+06,1.29977e+07,0,0,0,0,71.5777,70.5495,2.43758,0,1,1.39393,1.39393,0,1.07681,2.1168,8.8787e+06,3.90788e+06,1.23763e+07,0,0,0,9.47756e+07
82.3007,94.3805,1.9628,0,0,3.04273,3.04273,0,0.570133,4.89888,4.2723e+06,2.92367e+06,1.29995e+07,0,0,0,0,71.5777,70.5495,2.53038,0,1,1.39412,1.39412,0,1.07695,2.1168,8.8787e+06,3.90788e+06,1.23779e+07,0,0,0,9.47756e+07
81.971,94.3805,2.60871,0,0,3.01588,3.01588,0,0.570208,4.89888,4.2723e+06,2.92367e+06,1.28847e+07,0,0,0,0,71.5777,70.5495,2.92576,0,1,1.43361,1.43361,0,1.07709,2.1168,8.8787e+06,3.90788e+06,1.27286e+07,0,0,0,9.47756e+07
81.6989,94.3805,2.6683,0,0,3.01628,3.01628,0,0.565176,4.89888,4.2723e+06,2.92367e+06,1.28864e+07,0,0,0,0,71.5777,70.5495,2.79246,0,1,1.4338,1.4338,0,1.10761,2.1168,8.8787e+06,3.90788e+06,1.27303e+07,0,0,0,9.47756e+07
81.22,94.3805,2.42854,0,0,3.01668,3.01668,0,0.565251,4.89888,4.2723e+06,2.92367e+06,1.28882e+07,0,0,0,0,71.5777,70.5495,2.56425,0,1,1.43399,1.43399,0,1.10775,2.1168,8.8787e+06,3.90788e+06,1.2732e+07,0,0,0,9.47756e+07
80.6616,94.3805,2.29777,0.01,0,3.01708,3.01708,0,0.565326,4.89888,4.2723e+06,2.92367e+06,1.28899e+07,0,0,0,0,71.5777,70.5495,2.53624,0,1,1.43418,1.43418,0,1.1079,2.1168,8.8787e+06,3.90788e+06,1.27336e+07,0,0,0,9.47756e+07
79.9558,94.3805,2.18304,0.01,0,3.0879,3.0879,0,0.565401,4.89888,4.2723e+06,2.92367e+06,1.31924e+07,0,0,0,0,71.5654,70.5495,2.51241,0,1,1.46942,1.46942,0,1.10805,2.1168,8.8787e+06,3.90788e+06,1.30465e+07,0,0,0,9.47756e+07
79.316,94.3805,2.23064,0.01,0,3.08831,3.08831,0,0.578673,4.89888,4.2723e+06,2.92367e+06,1.31942e+07,0,0,0,0,71.5048,70.5495,2.47902,0,1,1.46961,1.46961,0,1.13527,2.1168,8.8787e+06,3.90788e+06,1.30483e+07,0,0,0,9.47756e+07
78.5097,94.3805,2.04549,0.01,0,3.08872,3.08872,0,0.57875,4.89888,4.2723e+06,2.92367e+06,1.31959e+07,0,0,0,0,71.4231,70.5495,2.31385,0,1,1.46981,1.46981,0,1.13542,2.1168,8.8787e+06,3.90788e+06,1.305e+07,0,0,0,9.47756e+07
77.4642,94.3805,1.77647,0.01,0,3.08913,3.08913,0,0.578827,4.89888,4.2723e+06,2.92367e+06,1.31977e+07,0,0,0,0,71.3326,70.5495,2.29482,0,1,1.47,1.47,0,1.13557,2.1168,8.8787e+06,3.90788e+06,1.30517e+07,0,0,0,9.47756e+07
76.0613,94.3805,1.55237,0.01,0,3.29588,3.29588,0,0.578904,4.89888,4.2723e+06,2.92367e+06,1.4081e+07,0,0,0,0,71.1101,70.5495,2.21454,0,1,1.59678,1.59678,0,1.13572,2.1168,8.8787e+06,3.90788e+06,1.41773e+07,0,0,0,9.47756e+07
74.6576,94.3805,1.53447,0.01,0,3.29632,3.29632,0,0.617648,4.89888,4.2723e+06,2.92367e+06,1.40828e+07,0,0,0,0,70.9005,70.5495,2.00676,0,1,1.59699,1.59699,0,1.23367,2.1168,8.8787e+06,3.90788e+06,1.41792e+07,0,0,0,9.47756e+07
73.4563,94.3805,1.72107,0.02,0,3.29676,3.29676,0,0.61773,4.89888,4.2723e+06,2.92367e+06,1.40847e+07,0,0,0,0,70.7177,70.5495,1.9628,0,1,1.5972,1.5972,0,1.23383,2.1168,8.8787e+06,3.90788e+06,1.41811e+07,0,0,0,9.47756e+07
71.8325,94.3805,1.26922,0.02,0,3.29719,3.29719,0,0.617812,4.89888,4.2723e+06,2.92367e+06,1.40866e+07,0,0,0,0,70.4569,70.5495,1.78897,0,1,1.59741,1.59741,0,1.234,2.1168,8.8787e+06,3.90788e+06,1.41829e+07,0,0,0,9.47756e+07
70.3345,94.3805,1.36997,0.02,0,3.29763,3.29763,0,0.617894,4.89888,4.2723e+06,2.92367e+06,1.40885e+07,0,0,0,0,70.2296,70.5495,1.78996,0,1,1.59762,1.59762,0,1.23416,2.1168,8.8787e+06,3.90788e+06,1.41848e+07,0,0,0,9.47756e+07
68.6362,94.3805,1.0744,0.02,0,3.19744,3.19744,0,0.617976,4.89888,4.2723e+06,2.92367e+06,1.36604e+07,0,0,0,0,70.0492,70.5495,2.73809,0,1,1.52096,1.52096,0,1.23432,2.1168,8.8787e+06,3.90788e+06,1.35041e+07,0,0,0,9.47756e+07
66.7575,94.3805,0.859618,0.02,0,3.19786,3.19786,0,0.5992,4.89888,4.2723e+06,2.92367e+06,1.36622e+07,0,0,0,0,69.6043,70.5495,1.48347,0,1,1.52116,1.52116,0,1.17509,2.1168,8.8787e+06,3.90788e+06,1.35059e+07,0,0,0,9.47756e+07
65.0004,94.3805,0.992987,0.02,0,3.19829,3.19829,0,0.59928,4.89888,4.2723e+06,2.92367e+06,1.3664e+07,0,0,0,0,69.4194,70.5495,1.51776,0,1,1.52136,1.52136,0,1.17525,2.1168,8.8787e+06,3.90788e+06,1.35077e+07,0,0,0,9.47756e+07
64.7825,94.3805,2.81568,0.02,0,3.19871,3.19871,0,0.599359,4.89888,4.2723e+06,2.92367e+06,1.36658e+07,0,0,0,0,69.9192,70.5495,2.89255,0,1,1.52156,1.52156,0,1.1754,2.1168,8.8787e+06,3.90788e+06,1.35095e+07,0,0,0,9.47756e+07
63.7086,94.3805,1.80301,0.02,0,3.1165,3.1165,0,0.599439,4.89888,4.2723e+06,2.92367e+06,1.33146e+07,0,0,0,0,70.14,70.5495,2.30529,0,1,1.45175,1.45175,0,1.17556,2.1168,8.8787e+06,3.90788e+06,1.28896e+07,0,0,0,9.47756e+07
63.003,94.3805,2.18509,0.02,0,3.11691,3.11691,0,0.584031,4.89888,4.2723e+06,2.92367e+06,1.33164e+07,0,0,0,0,70.1229,70.5495,2.4722,0,1,1.45194,1.45194,0,1.12162,2.1168,8.8787e+06,3.90788e+06,1.28913e+07,0,0,0,9.47756e+07
61.2096,94.3805,0.953563,0.02,0,3.11732,3.11732,0,0.584109,4.89888,4.2723e+06,2.92367e+06,1.33181e+07,0,0,0,0,69.9901,70.5495,1.61641,0,1,1.45213,1.45213,0,1.12177,2.1168,8.8787e+06,3.90788e+06,1.28931e+07,0,0,0,9.47756e+07
59.7386,94.3805,1.3451,0.02,0,3.11774,3.11774,0,0.584186,4.89888,4.2723e+06,2.92367e+06,1.33199e+07,0,0,0,0,69.9874,70.5495,2.09138,0,1,1.45233,1.45233,0,1.12192,2.1168,8.8787e+06,3.90788e+06,1.28948e+07,0,0,0,9.47756e+07
59.0757,94.3805,2.03621,0.02,0,2.88332,2.88332,0,0.584264,4.89888,4.2723e+06,2.92367e+06,1.23184e+07,0,0,0,0,70.3975,70.5495,2.69293,0,1,1.30662,1.30662,0,1.12207,2.1168,8.8787e+06,3.90788e+06,1.16011e+07,0,0,0,9.47756e+07
58.7825,94.3805,2.48196,0.02,0,2.8837,2.8837,0,0.540334,4.89888,4.2723e+06,2.92367e+06,1.232e+07,0,0,0,0,70.8685,70.5495,2.59096,0,1,1.30679,1.30679,0,1.00949,2.1168,8.8787e+06,3.90788e+06,1.16026e+07,0,0,0,9.47756e+07
58.4469,94.3805,2.48748,0.02,0,2.88408,2.88408,0,0.540405,4.89888,4.2723e+06,2.92367e+06,1.23217e+07,0,0,0,0,71.2074,70.5495,2.55413,0,1,1.30696,1.30696,0,1.00963,2.1168,8.8787e+06,3.90788e+06,1.16041e+07,0,0,0,9.47756e+07
58.0648,94.3805,2.54513,0.02,0,2.88447,2.88447,0,0.540477,4.89888,4.2723e+06,2.92367e+06,1.23233e+07,0,0,0,0,71.5777,70.5495,2.80532,0,1,1.30714,1.30714,0,1.00976,2.1168,8.8787e+06,3.90788e+06,1.16057e+07,0,0,0,9.47756e+07
59.3266,94.3805,4.45753,0.02,0,2.88485,2.88485,0,0.540549,4.89888,4.2723e+06,2.92367e+06,1.23249e+07,0,0,0,0,71.5777,70.5495,6.29057,0,1,1.30731,1.30731,0,1.00989,2.1168,8.8787e+06,3.90788e+06,1.16072e+07,0,0,0,9.47756e+07
59.5254,94.3805,3.33041,0.02,0,2.88485,2.88485,0,0.540621,4.89888,4.2723e+06,2.92367e+06,1.23249e+07,0,0,0,0,71.5777,70.5495,5.17521,0,1,1.30731,1.30731,0,1.01003,2.1168,8.8787e+06,3.90788e+06,1.16072e+07,0,0,0,9.47756e+07
59.2311,94.3805,2.66487,0.02,0,2.97561,2.97561,0,0.540621,4.89888,4.2723e+06,2.92367e+06,1.27127e+07,0,0,0,0,71.5777,70.5495,5.75689,0,1,1.34976,1.34976,0,1.01003,2.1168,8.8787e+06,3.90788e+06,1.19841e+07,0,0,0,9.47756e+07
59.1313,94.3805,2.88894,0.02,0,2.97598,2.97598,0,0.557629,4.89888,4.2723e+06,2.92367e+06,1.27143e+07,0,0,0,0,71.5777,70.5495,5.64049,0,1,1.34993,1.34993,0,1.04282,2.1168,8.8787e+06,3.90788e+06,1.19856e+07,0,0,0,9.47756e+07
59.49,94.3805,3.40987,0.02,0,2.97635,2.97635,0,0.557699,4.89888,4.2723e+06,2.92367e+06,1.27159e+07,0,0,0,0,71.5777,70.5495,5.60124,0,1,1.3501,1.3501,0,1.04295,2.1168,8.8787e+06,3.90788e+06,1.19871e+07,0,0,0,9.47756e+07
59.7798,94.3805,3.29382,0.02,0,2.97673,2.97673,0,0.557769,4.89888,4.2723e+06,2.92367e+06,1.27175e+07,0,0,0,0,71.5777,70.5495,5.3134,0,1,1.35026,1.35026,0,1.04308,2.1168,8.8787e+06,3.90788e+06,1.19886e+07,0,0,0,9.47756e+07
62.3191,94.3805,5.93169,0.03,0,3.26748,3.26748,0,0.557839,4.89888,4.2723e+06,2.92367e+06,1.39596e+07,0,0,0,0,71.5777,70.5495,8.83801,0,1,1.50922,1.50922,0,1.04321,2.1168,8.8787e+06,3.90788e+06,1.33999e+07,0,0,0,9.47756e+07
63.1655,94.3805,4.16744,0.03,0,3.26789,3.26789,0,0.612326,4.89888,4.2723e+06,2.92367e+06,1.39614e+07,0,0,0,0,71.5777,70.5495,6.08975,0,1,1.50941,1.50941,0,1.16602,2.1168,8.8787e+06,3.90788e+06,1.34016e+07,0,0,0,9.47756e+07
63.563,94.3805,3.70686,0.03,0,3.2683,3.2683,0,0.612403,4.89888,4.2723e+06,2.92367e+06,1.39631e+07,0,0,0,0,71.5777,70.5495,5.36659,0,1,1.50959,1.50959,0,1.16617,2.1168,8.8787e+06,3.90788e+06,1.34032e+07,0,0,0,9.47756e+07
64.0343,94.3805,3.81877,0.03,0,3.26871,3.26871,0,0.612479,4.89888,4.2723e+06,2.92367e+06,1.39649e+07,0,0,0,0,71.5777,70.5495,5.93561,0,1,1.50978,1.50978,0,1.16631,2.1168,8.8787e+06,3.90788e+06,1.34049e+07,0,0,0,9.47756e+07
65.0988,94.3805,3.95636,0.04,0,2.85474,2.85474,0,0.612556,4.89888,4.2723e+06,2.92367e+06,1.21963e+07,0,0,0,0,71.5777,70.5495,4.86126,0,1,1.29678,1.29678,0,1.16646,2.1168,8.8787e+06,3.90788e+06,1.15137e+07,0,0,0,9.47756e+07
65.476,94.3805,3.25386,0.05,0,2.8551,2.8551,0,0.534978,4.89888,4.2723e+06,2.92367e+06,1.21978e+07,0,0,0,0,71.5777,70.5495,3.75527,0,1,1.29694,1.29694,0,1.00189,2.1168,8.8787e+06,3.90788e+06,1.15152e+07,0,0,0,9.47756e+07
69.1102,94.3805,6.67884,0.06,0,2.78878,2.85545,0,0.535045,4.89888,4.2723e+06,2.92367e+06,1.19145e+07,0,0,0,0,71.5777,70.5495,6.34648,0,1,1.26682,1.2971,0,1.00202,2.1168,8.8787e+06,3.90788e+06,1.12477e+07,0,0,0,9.47756e+07
72.0987,94.3805,6.22849,0.02,0,2.85581,2.85581,0,0.522618,4.89888,4.2723e+06,2.92367e+06,1.22009e+07,0,0,0,0,71.5777,70.5495,5.74699,0,1,1.29727,1.29727,0,0.978743,2.1168,8.8787e+06,3.90788e+06,1.1518e+07,0,0,0,9.47756e+07
73.784,94.3805,4.82785,0.02,0,2.85617,2.85617,0,0.535179,4.89888,4.2723e+06,2.92367e+06,1.22024e+07,0,0,0,0,71.4838,70.5495,4.25662,0,1,1.29743,1.29743,0,1.00227,2.1168,8.8787e+06,3.90788e+06,1.15195e+07,0,0,0,9.47756e+07
74.1163,94.3805,3.32759,0.02,0,2.9609,2.9609,0,0.535246,4.89888,4.2723e+06,2.92367e+06,1.26498e+07,0,0,0,0,71.2522,70.5495,3.1657,0,1,1.34978,1.34978,0,1.00239,2.1168,8.8787e+06,3.90788e+06,1.19843e+07,0,0,0,9.47756e+07
73.8214,94.3805,2.65834,0.02,0,2.96127,2.96127,0,0.554873,4.89888,4.2723e+06,2.92367e+06,1.26514e+07,0,0,0,0,71.1842,70.5495,2.60554,0,1,1.34995,1.34995,0,1.04284,2.1168,8.8787e+06,3.90788e+06,1.19858e+07,0,0,0,9.47756e+07
73.5061,94.3805,2.59865,0.02,0,2.96164,2.96164,0,0.554942,4.89888,4.2723e+06,2.92367e+06,1.2653e+07,0,0,0,0,71.4585,70.5495,2.48964,0,1,1.35012,1.35012,0,1.04297,2.1168,8.8787e+06,3.90788e+06,1.19873e+07,0,0,0,9.47756e+07
73.4334,94.3805,2.82815,0.02,0,2.96201,2.96201,0,0.555012,4.89888,4.2723e+06,2.92367e+06,1.26546e+07,0,0,0,0,71.4773,70.5495,2.75473,0,1,1.35029,1.35029,0,1.0431,2.1168,8.8787e+06,3.90788e+06,1.19888e+07,0,0,0,9.47756e+07
73.1904,94.3805,2.62262,0.02,0,2.92156,2.92156,0,0.555081,4.89888,4.2723e+06,2.92367e+06,1.24818e+07,0,0,0,0,71.3668,70.5495,2.65575,0,1,1.33018,1.33018,0,1.04323,2.1168,8.8787e+06,3.90788e+06,1.18103e+07,0,0,0,9.47756e+07
72.6776,94.3805,2.32299,0.01,0,2.92192,2.92192,0,0.5475,4.89888,4.2723e+06,2.92367e+06,1.24833e+07,0,0,0,0,71.3917,70.5495,2.3881,0,1,1.33034,1.33034,0,1.0277,2.1168,8.8787e+06,3.90788e+06,1.18117e+07,0,0,0,9.47756e+07
72.0742,94.3805,2.15244,0.01,0,2.92229,2.92229,0,0.547568,4.89888,4.2723e+06,2.92367e+06,1.24849e+07,0,0,0,0,71.568,70.5495,2.19809,0,1,1.33051,1.33051,0,1.02782,2.1168,8.8787e+06,3.90788e+06,1.18132e+07,0,0,0,9.47756e+07
71.4344,94.3805,2.12349,0.01,0,2.92266,2.92266,0,0.547637,4.89888,4.2723e+06,2.92367e+06,1.24865e+07,0,0,0,0,71.5777,70.5495,2.49763,0,1,1.33068,1.33068,0,1.02795,2.1168,8.8787e+06,3.90788e+06,1.18147e+07,0,0,0,9.47756e+07
70.6172,94.3805,1.99512,0.01,0,3.06168,3.06168,0,0.547706,4.89888,4.2723e+06,2.92367e+06,1.30804e+07,0,0,0,0,71.5225,70.5495,2.41774,0,1,1.4028,1.4028,0,1.02808,2.1168,8.8787e+06,3.90788e+06,1.2455e+07,0,0,0,9.47756e+07
69.6204,94.3805,1.7841,0.01,0,3.06207,3.06207,0,0.573759,4.89888,4.2723e+06,2.92367e+06,1.3082e+07,0,0,0,0,71.5102,70.5495,2.28615,0,1,1.40297,1.40297,0,1.0838,2.1168,8.8787e+06,3.90788e+06,1.24566e+07,0,0,0,9.47756e+07
68.5402,94.3805,1.674,0,0,3.06245,3.06245,0,0.573831,4.89888,4.2723e+06,2.92367e+06,1.30837e+07,0,0,0,0,71.3859,70.5495,2.11479,0,1,1.40315,1.40315,0,1.08394,2.1168,8.8787e+06,3.90788e+06,1.24581e+07,0,0,0,9.47756e+07
67.3504,94.3805,1.53517,0,0,3.06283,3.06283,0,0.573903,4.89888,4.2723e+06,2.92367e+06,1.30853e+07,0,0,0,0,71.3648,70.5495,1.92132,0,1,1.40333,1.40333,0,1.08407,2.1168,8.8787e+06,3.90788e+06,1.24597e+07,0,0,0,9.47756e+07
65.9885,94.3805,1.27968,0.01,0,3.06322,3.06322,0,0.573975,4.89888,4.2723e+06,2.92367e+06,1.3087e+07,0,0,0,0,71.2081,70.5495,1.83522,0,1,1.4035,1.4035,0,1.08421,2.1168,8.8787e+06,3.90788e+06,1.24613e+07,0,0,0,9.47756e+07
64.5117,94.3805,1.10676,0.03,0,3.03616,3.03616,0,0.574047,4.89888,4.2723e+06,2.92367e+06,1.29714e+07,0,0,0,0,70.9839,70.5495,1.73614,0,1,1.44325,1.44325,0,1.08435,2.1168,8.8787e+06,3.90788e+06,1.28142e+07,0,0,0,9.47756e+07
62.9766,94.3805,1.03192,0.03,0,3.03654,3.03654,0,0.568977,4.89888,4.2723e+06,2.92367e+06,1.2973e+07,0,0,0,0,70.6308,70.5495,1.69944,0,1,1.44343,1.44343,0,1.11505,2.1168,8.8787e+06,3.90788e+06,1.28158e+07,0,0,0,9.47756e+07
61.3753,94.3805,0.941972,0.02,0,3.03692,3.03692,0,0.569048,4.89888,4.2723e+06,2.92367e+06,1.29746e+07,0,0,0,0,70.2078,70.5495,1.55794,0,1,1.44361,1.44361,0,1.11519,2.1168,8.8787e+06,3.90788e+06,1.28174e+07,0,0,0,9.47756e+07
59.7386,94.3805,0.872145,0.02,0,3.03731,3.03731,0,0.56912,4.89888,4.2723e+06,2.92367e+06,1.29763e+07,0,0,0,0,69.8014,70.5495,1.47551,0,1,1.44379,1.44379,0,1.11533,2.1168,8.8787e+06,3.90788e+06,1.2819e+07,0,0,0,9.47756e+07
58.1204,94.3805,0.909769,0.03,0,3.10858,3.10858,0,0.569191,4.89888,4.2723e+06,2.92367e+06,1.32808e+07,0,0,0,0,69.2073,70.5495,1.52377,0,1,1.47926,1.47926,0,1.11547,2.1168,8.8787e+06,3.90788e+06,1.31339e+07,0,0,0,9.47756e+07
56.4201,94.3805,0.800237,0.03,0,3.10897,3.10897,0,0.582548,4.89888,4.2723e+06,2.92367e+06,1.32824e+07,0,0,0,0,68.5848,70.5495,1.40971,0,1,1.47944,1.47944,0,1.14287,2.1168,8.8787e+06,3.90788e+06,1.31355e+07,0,0,0,9.47756e+07
54.6905,94.3805,0.741529,0.04,0,3.10936,3.10936,0,0.582621,4.89888,4.2723e+06,2.92367e+06,1.32841e+07,0,0,0,0,67.952,70.5495,1.35328,0,1,1.47963,1.47963,0,1.14302,2.1168,8.8787e+06,3.90788e+06,1.31372e+07,0,0,0,9.47756e+07
52.9437,94.3805,0.6268,0.06,0,3.03714,3.10975,0,0.582694,4.89888,4.2723e+06,2.92367e+06,1.29756e+07,0,0,0,0,67.2262,70.5495,1.34312,0,1,1.44526,1.47981,0,1.14316,2.1168,8.8787e+06,3.90788e+06,1.2832e+07,0,0,0,9.47756e+07
50.2344,94.3805,0.585577,0.07,0,3.24038,3.31785,0,0.56916,4.89888,4.2723e+06,2.92367e+06,1.38439e+07,0,0,0,0,66.445,70.5495,1.12476,0,1,1.56989,1.60742,0,1.11661,2.1168,8.8787e+06,3.90788e+06,1.39386e+07,0,0,0,9.47756e+07
49.052,94.3805,0.658294,0.07,0,3.24079,3.31827,0,0.607248,4.89888,4.2723e+06,2.92367e+06,1.38456e+07,0,0,0,0,65.4375,70.5495,1.3245,0,1,1.57009,1.60762,0,1.2129,2.1168,8.8787e+06,3.90788e+06,1.39403e+07,0,0,0,9.47756e+07
47.3048,94.3805,0.535401,0.06,0,3.2412,3.31868,0,0.607324,4.89888,4.2723e+06,2.92367e+06,1.38473e+07,0,0,0,0,64.9104,70.5495,0.936021,0,1,1.57028,1.60782,0,1.21305,2.1168,8.8787e+06,3.90788e+06,1.39421e+07,0,0,0,9.47756e+07
45.1423,94.3805,0.666056,0.06,0,3.2416,3.3191,0,0.6074,4.89888,4.2723e+06,2.92367e+06,1.38491e+07,0,0,0,0,64.0936,70.5495,1.70601,0,1,1.57048,1.60803,0,1.2132,2.1168,8.8787e+06,3.90788e+06,1.39438e+07,0,0,0,9.47756e+07
42.6895,94.3805,0.517753,0.09,0,2.93198,3.31952,0,0.607476,4.89888,4.2723e+06,3.5084e+06,1.25263e+07,0,0,0,0,63.3988,70.5495,1.07757,0,1,1.42047,1.60823,0,1.21335,2.1168,8.8787e+06,4.68946e+06,1.2612e+07,0,0,0,9.47756e+07
40.3588,94.3805,0.559829,0.09,0,2.84287,3.21864,0,0.549452,4.89888,4.2723e+06,3.5084e+06,1.21456e+07,0,0,0,0,62.7502,70.5495,1.15422,0,1,1.3523,1.53104,0,1.09746,2.1168,8.8787e+06,4.68946e+06,1.20066e+07,0,0,0,9.47756e+07
37.7265,94.3805,0.567048,0.07,0,3.14388,3.21904,0,0.532755,4.89888,4.2723e+06,2.92367e+06,1.34316e+07,0,0,0,0,62.0737,70.5495,1.20425,0,1,1.49548,1.53123,0,1.04478,2.1168,8.8787e+06,3.90788e+06,1.32779e+07,0,0,0,9.47756e+07
35.4424,94.3805,0.617473,0.11,0,2.84359,3.21944,0,0.589163,4.89888,4.2723e+06,3.5084e+06,1.21486e+07,0,0,0,0,61.7419,70.5495,1.28675,0,1,1.35264,1.53142,0,1.15541,2.1168,8.8787e+06,4.68946e+06,1.20097e+07,0,0,0,9.47756e+07
37.7491,94.3805,0.722191,0.11,0,2.84394,3.21985,0,0.532888,4.89888,4.2723e+06,3.5084e+06,1.21502e+07,0,0,0,0,61.3415,70.5495,1.65568,0,1,1.35281,1.53162,0,1.04505,2.1168,8.8787e+06,4.68946e+06,1.20112e+07,0,0,0,9.47756e+07
36.9491,94.3805,1.26444,0.13,0,2.77083,3.13706,0,0.532955,4.89888,4.2723e+06,3.5084e+06,1.18378e+07,0,0,0,0,61.2901,70.5495,1.31715,0,1,1.29073,1.46133,0,1.04518,2.1168,8.8787e+06,4.68946e+06,1.146e+07,0,0,0,9.47756e+07
36.8317,94.3805,1.99394,0.12,0,2.77117,3.13746,0,0.519253,4.89888,4.2723e+06,3.5084e+06,1.18393e+07,0,0,0,0,61.5242,70.5495,2.36575,0,1,1.29089,1.46151,0,0.997214,2.1168,8.8787e+06,4.68946e+06,1.14614e+07,0,0,0,9.47756e+07
36.0551,94.3805,1.3098,0.11,0,2.77152,3.13785,0,0.519318,4.89888,4.2723e+06,3.5084e+06,1.18408e+07,0,0,0,0,61.5987,70.5495,1.9846,0,1,1.29105,1.4617,0,0.997339,2.1168,8.8787e+06,4.68946e+06,1.14628e+07,0,0,0,9.47756e+07
36.3757,94.3805,2.5437,0.11,0,2.77187,3.13824,0,0.519383,4.89888,4.2723e+06,3.5084e+06,1.18422e+07,0,0,0,0,61.7188,70.5495,2.15572,0,1,1.29121,1.46188,0,0.997464,2.1168,8.8787e+06,4.68946e+06,1.14643e+07,0,0,0,9.47756e+07
37.9866,94.3805,3.66996,0.13,0,2.56344,2.90226,0,0.519448,4.89888,4.2723e+06,3.5084e+06,1.09518e+07,0,0,0,0,61.9155,70.5495,2.40269,0,1,1.16166,1.3152,0,0.997589,2.1168,8.8787e+06,4.68946e+06,1.0314e+07,0,0,0,9.47756e+07
38.6454,94.3805,2.98135,0.06,0,2.83485,2.90263,0,0.480388,4.89888,4.2723e+06,2.92367e+06,1.21113e+07,0,0,0,0,62.0413,70.5495,3.20957,0,1,1.28466,1.31537,0,0.897497,2.1168,8.8787e+06,3.90788e+06,1.14061e+07,0,0,0,9.47756e+07
40.0816,94.3805,3.7275,0.08,0,2.76743,2.90299,0,0.531251,4.89888,4.2723e+06,2.92367e+06,1.18233e+07,0,0,0,0,62.1021,70.5495,2.86868,0,1,1.2541,1.31553,0,0.992525,2.1168,8.8787e+06,3.90788e+06,1.11348e+07,0,0,0,9.47756e+07
42.24,94.3805,4.46345,0.08,0,2.76777,2.90335,0,0.518616,4.89888,4.2723e+06,2.92367e+06,1.18247e+07,0,0,0,0,62.3074,70.5495,2.02808,0,1,1.25426,1.3157,0,0.968917,2.1168,8.8787e+06,3.90788e+06,1.11362e+07,0,0,0,9.47756e+07
45.0335,94.3805,5.00206,0.09,0,2.56472,2.90372,0,0.518681,4.89888,4.2723e+06,3.5084e+06,1.09572e+07,0,0,0,0,63.2017,70.5495,3.58376,0,1,1.16224,1.31586,0,0.969039,2.1168,8.8787e+06,4.68946e+06,1.03192e+07,0,0,0,9.47756e+07
49.0168,94.3805,6.43271,0.1,0,2.64539,2.99505,0,0.480629,4.89888,4.2723e+06,3.5084e+06,1.13019e+07,0,0,0,0,63.8795,70.5495,3.45211,0,1,1.19997,1.35858,0,0.897948,2.1168,8.8787e+06,4.68946e+06,1.06542e+07,0,0,0,9.47756e+07
52.6292,94.3805,6.35499,0.07,0,2.92546,2.9954,0,0.495746,4.89888,4.2723e+06,2.92367e+06,1.24984e+07,0,0,0,0,64.5298,70.5495,3.61975,0,1,1.32701,1.35874,0,0.927095,2.1168,8.8787e+06,3.90788e+06,1.17821e+07,0,0,0,9.47756e+07
55.933,94.3805,6.08372,0.07,0,2.92581,2.99576,0,0.548232,4.89888,4.2723e+06,2.92367e+06,1.24999e+07,0,0,0,0,65.2267,70.5495,3.82264,0,1,1.32717,1.3589,0,1.02525,2.1168,8.8787e+06,3.90788e+06,1.17835e+07,0,0,0,9.47756e+07
61.3884,94.3805,8.43781,0.07,0,2.92616,2.99611,0,0.548297,4.89888,4.2723e+06,2.92367e+06,1.25014e+07,0,0,0,0,65.462,70.5495,3.32352,0,1,1.32732,1.35906,0,1.02537,2.1168,8.8787e+06,3.90788e+06,1.17849e+07,0,0,0,9.47756e+07
62.7168,94.3805,4.42644,0.03,0,3.28873,3.28873,0,0.548362,4.89888,4.2723e+06,2.92367e+06,1.40504e+07,0,0,0,0,65.6017,70.5495,2.29182,0,1,1.51903,1.51903,0,1.02549,2.1168,8.8787e+06,3.90788e+06,1.3487e+07,0,0,0,9.47756e+07
65.4627,94.3805,6.01451,0.04,0,3.28912,3.28912,0,0.616309,4.89888,4.2723e+06,2.92367e+06,1.40521e+07,0,0,0,0,66.2985,70.5495,3.93812,0,1,1.51921,1.51921,0,1.17361,2.1168,8.8787e+06,3.90788e+06,1.34886e+07,0,0,0,9.47756e+07
67.4324,94.3805,5.18135,0.05,0,3.28951,3.28951,0,0.616382,4.89888,4.2723e+06,2.92367e+06,1.40538e+07,0,0,0,0,66.552,70.5495,3.30259,0,1,1.51939,1.51939,0,1.17374,2.1168,8.8787e+06,3.90788e+06,1.34902e+07,0,0,0,9.47756e+07
67.9766,94.3805,3.69301,0.03,0,3.2899,3.2899,0,0.616455,4.89888,4.2723e+06,2.92367e+06,1.40554e+07,0,0,0,0,66.5519,70.5495,2.28493,0,1,1.51957,1.51957,0,1.17388,2.1168,8.8787e+06,3.90788e+06,1.34918e+07,0,0,0,9.47756e+07
73.5171,94.3805,8.72922,0.03,0,2.87322,2.87322,0,0.616527,4.89888,4.2723e+06,2.92367e+06,1.22753e+07,0,0,0,0,68.114,70.5495,5.77971,0,1,1.30518,1.30518,0,1.17402,2.1168,8.8787e+06,3.90788e+06,1.15883e+07,0,0,0,9.47756e+07
76.3527,94.3805,6.00065,0.03,0,2.87356,2.87356,0,0.538442,4.89888,4.2723e+06,2.92367e+06,1.22767e+07,0,0,0,0,69.8494,70.5495,5.36577,0,1,1.30533,1.30533,0,1.00838,2.1168,8.8787e+06,3.90788e+06,1.15896e+07,0,0,0,9.47756e+07
77.4296,94.3805,4.20527,0.01,0,2.8739,2.8739,0,0.538506,4.89888,4.2723e+06,2.92367e+06,1.22782e+07,0,0,0,0,71.2012,70.5495,4.90526,0,1,1.30548,1.30548,0,1.0085,2.1168,8.8787e+06,3.90788e+06,1.1591e+07,0,0,0,9.47756e+07
79.8729,94.3805,5.64168,0.01,0,2.87424,2.87424,0,0.538569,4.89888,4.2723e+06,2.92367e+06,1.22796e+07,0,0,0,0,71.5777,70.5495,4.73787,0,1,1.30564,1.30564,0,1.00862,2.1168,8.8787e+06,3.90788e+06,1.15924e+07,0,0,0,9.47756e+07
82.6691,94.3805,6.00491,0.01,0,2.87458,2.87458,0,0.538633,4.89888,4.2723e+06,2.92367e+06,1.22811e+07,0,0,0,0,71.5777,70.5495,5.30048,0,1,1.30579,1.30579,0,1.00874,2.1168,8.8787e+06,3.90788e+06,1.15937e+07,0,0,0,9.47756e+07
86.0482,94.3805,6.83808,0.02,0,2.97997,2.97997,0,0.538697,4.89888,4.2723e+06,2.92367e+06,1.27313e+07,0,0,0,0,71.5777,70.5495,5.11237,0,1,1.35847,1.35847,0,1.00886,2.1168,8.8787e+06,3.90788e+06,1.20615e+07,0,0,0,9.47756e+07
89.7363,94.3805,7.29056,0,0,2.98032,2.98032,0,0.558446,4.89888,4.2723e+06,2.92367e+06,1.27328e+07,0,0,0,0,71.5777,70.5495,6.78093,0,1,1.35863,1.35863,0,1.04956,2.1168,8.8787e+06,3.90788e+06,1.20629e+07,0,0,0,9.47756e+07
92.4246,94.3805,6.15388,0,0,2.98067,2.98067,0,0.558512,4.89888,4.2723e+06,2.92367e+06,1.27343e+07,0,0,0,0,71.5777,70.5495,5.49737,0,1,1.35879,1.35879,0,1.04968,2.1168,8.8787e+06,3.90788e+06,1.20643e+07,0,0,0,9.47756e+07
94.2343,94.3805,5.19567,0,0,2.98102,2.98102,0,0.558578,4.89888,4.2723e+06,2.92367e+06,1.27358e+07,0,0,0,0,71.5777,70.5495,4.10894,0,1,1.35895,1.35895,0,1.0498,2.1168,8.8787e+06,3.90788e+06,1.20657e+07,0,0,0,9.47756e+07
94.3805,94.3805,5.21717,0,0,2.94028,2.94028,0,0.558643,4.89888,4.2723e+06,2.92367e+06,1.25618e+07,0,0,0,0,71.5777,70.5495,4.01951,0,1,1.3387,1.3387,0,1.04993,2.1168,8.8787e+06,3.90788e+06,1.1886e+07,0,0,0,9.47756e+07
94.3805,94.3805,4.33917,0,0,2.94063,2.94063,0,0.551009,4.89888,4.2723e+06,2.92367e+06,1.25632e+07,0,0,0,0,71.5777,70.5495,3.50705,0,1,1.33886,1.33886,0,1.03428,2.1168,8.8787e+06,3.90788e+06,1.18874e+07,0,0,0,9.47756e+07
94.3805,94.3805,3.83969,0,0,2.94098,2.94098,0,0.551074,4.89888,4.2723e+06,2.92367e+06,1.25647e+07,0,0,0,0,71.5777,70.5495,3.10059,0,1,1.33902,1.33902,0,1.03441,2.1168,8.8787e+06,3.90788e+06,1.18888e+07,0,0,0,9.47756e+07
94.3805,94.3805,3.47489,0,0,2.94133,2.94133,0,0.551139,4.89888,4.2723e+06,2.92367e+06,1.25662e+07,0,0,0,0,71.5777,70.5495,2.80679,0,1,1.33918,1.33918,0,1.03453,2.1168,8.8787e+06,3.90788e+06,1.18902e+07,0,0,0,9.47756e+07
94.3805,94.3805,3.58832,0,0,3.08122,3.08122,0,0.551204,4.89888,4.2723e+06,2.92367e+06,1.31639e+07,0,0,0,0,71.5777,70.5495,2.92371,0,1,1.41175,1.41175,0,1.03465,2.1168,8.8787e+06,3.90788e+06,1.25345e+07,0,0,0,9.47756e+07
94.3805,94.3805,3.29715,0,0,3.08158,3.08158,0,0.57742,4.89888,4.2723e+06,2.92367e+06,1.31654e+07,0,0,0,0,71.5777,70.5495,2.74626,0,1,1.41192,1.41192,0,1.09072,2.1168,8.8787e+06,3.90788e+06,1.2536e+07,0,0,0,9.47756e+07
94.343,94.3805,3.05316,0,0,3.08195,3.08195,0,0.577488,4.89888,4.2723e+06,2.92367e+06,1.3167e+07,0,0,0,0,71.5777,70.5495,2.76183,0,1,1.41208,1.41208,0,1.09085,2.1168,8.8787e+06,3.90788e+06,1.25375e+07,0,0,0,9.47756e+07
94.2179,94.3805,2.96162,0,0,3.08231,3.08231,0,0.577557,4.89888,4.2723e+06,2.92367e+06,1.31685e+07,0,0,0,0,71.5777,70.5495,2.73672,0,1,1.41225,1.41225,0,1.09097,2.1168,8.8787e+06,3.90788e+06,1.25389e+07,0,0,0,9.47756e+07
94.2668,94.3805,3.12692,0,0,3.08267,3.08267,0,0.577625,4.89888,4.2723e+06,2.92367e+06,1.31701e+07,0,0,0,0,71.5777,70.5495,2.78936,0,1,1.41242,1.41242,0,1.0911,2.1168,8.8787e+06,3.90788e+06,1.25404e+07,0,0,0,9.47756e+07
94.3805,94.3805,3.4936,0,0,3.05542,3.05542,0,0.577693,4.89888,4.2723e+06,2.92367e+06,1.30537e+07,0,0,0,0,71.5777,70.5495,3.00894,0,1,1.4524,1.4524,0,1.09123,2.1168,8.8787e+06,3.90788e+06,1.28955e+07,0,0,0,9.47756e+07
94.3805,94.3805,3.27606,0,0,3.05579,3.05579,0,0.572587,4.89888,4.2723e+06,2.92367e+06,1.30552e+07,0,0,0,0,71.5777,70.5495,2.89577,0,1,1.45258,1.45258,0,1.12213,2.1168,8.8787e+06,3.90788e+06,1.2897e+07,0,0,0,9.47756e+07
94.3005,94.3805,2.98437,0,0,3.05615,3.05615,0,0.572654,4.89888,4.2723e+06,2.92367e+06,1.30568e+07,0,0,0,0,71.5777,70.5495,2.75615,0,1,1.45275,1.45275,0,1.12226,2.1168,8.8787e+06,3.90788e+06,1.28985e+07,0,0,0,9.47756e+07
93.9823,94.3805,2.71909,0,0,3.05651,3.05651,0,0.572722,4.89888,4.2723e+06,2.92367e+06,1.30583e+07,0,0,0,0,71.5777,70.5495,2.53686,0,1,1.45292,1.45292,0,1.12239,2.1168,8.8787e+06,3.90788e+06,1.29e+07,0,0,0,9.47756e+07
94.0032,94.3805,3.09089,0,0,3.12821,3.12821,0,0.57279,4.89888,4.2723e+06,2.92367e+06,1.33646e+07,0,0,0,0,71.5777,70.5495,2.88926,0,1,1.4886,1.4886,0,1.12253,2.1168,8.8787e+06,3.90788e+06,1.32168e+07,0,0,0,9.47756e+07
93.8751,94.3805,2.9287,0,0,3.12858,3.12858,0,0.586227,4.89888,4.2723e+06,2.92367e+06,1.33662e+07,0,0,0,0,71.5777,70.5495,2.95565,0,1,1.48877,1.48877,0,1.15009,2.1168,8.8787e+06,3.90788e+06,1.32184e+07,0,0,0,9.47756e+07
93.5721,94.3805,2.73434,0,0,3.12895,3.12895,0,0.586296,4.89888,4.2723e+06,2.92367e+06,1.33678e+07,0,0,0,0,71.5777,70.5495,2.70819,0,1,1.48895,1.48895,0,1.15023,2.1168,8.8787e+06,3.90788e+06,1.32199e+07,0,0,0,9.47756e+07
93.2374,94.3805,2.70253,0,0,3.12932,3.12932,0,0.586365,4.89888,4.2723e+06,2.92367e+06,1.33694e+07,0,0,0,0,71.5777,70.5495,2.90863,0,1,1.48913,1.48913,0,1.15036,2.1168,8.8787e+06,3.90788e+06,1.32215e+07,0,0,0,9.47756e+07
92.9191,94.3805,2.86335,0,0,3.33871,3.33871,0,0.586434,4.89888,4.2723e+06,2.92367e+06,1.42639e+07,0,0,0,0,71.5777,70.5495,2.74881,0,1,1.61752,1.61752,0,1.1505,2.1168,8.8787e+06,3.90788e+06,1.43615e+07,0,0,0,9.47756e+07
92.798,94.3805,3.04536,0,0,3.3391,3.3391,0,0.625674,4.89888,4.2723e+06,2.92367e+06,1.42656e+07,0,0,0,0,71.5777,70.5495,2.87803,0,1,1.61772,1.61772,0,1.2497,2.1168,8.8787e+06,3.90788e+06,1.43632e+07,0,0,0,9.47756e+07
92.1164,94.3805,2.48688,0,0,3.3395,3.3395,0,0.625748,4.89888,4.2723e+06,2.92367e+06,1.42673e+07,0,0,0,0,71.5392,70.5495,2.29589,0,1,1.61791,1.61791,0,1.24985,2.1168,8.8787e+06,3.90788e+06,1.43649e+07,0,0,0,9.47756e+07
91.8606,94.3805,2.91709,0,0,3.33989,3.33989,0,0.625822,4.89888,4.2723e+06,2.92367e+06,1.4269e+07,0,0,0,0,71.5777,70.5495,3.45857,0,1,1.6181,1.6181,0,1.24999,2.1168,8.8787e+06,3.90788e+06,1.43666e+07,0,0,0,9.47756e+07
91.4682,94.3805,2.84997,0,0,3.34029,3.34029,0,0.625895,4.89888,4.2723e+06,2.92367e+06,1.42707e+07,0,0,0,0,71.5777,70.5495,2.98333,0,1,1.61829,1.61829,0,1.25014,2.1168,8.8787e+06,3.90788e+06,1.43683e+07,0,0,0,9.47756e+07
92.0944,94.3805,3.93192,0.01,0,3.23875,3.23875,0,0.625969,4.89888,4.2723e+06,2.92367e+06,1.38369e+07,0,0,0,0,71.5777,70.5495,4.27136,0,1,1.54061,1.54061,0,1.25029,2.1168,8.8787e+06,3.90788e+06,1.36786e+07,0,0,0,9.47756e+07
92.5619,94.3805,3.78221,0.01,0,3.23913,3.23913,0,0.606942,4.89888,4.2723e+06,2.92367e+06,1.38385e+07,0,0,0,0,71.5777,70.5495,3.90172,0,1,1.54079,1.54079,0,1.19027,2.1168,8.8787e+06,3.90788e+06,1.36802e+07,0,0,0,9.47756e+07
92.4598,94.3805,3.2137,0.01,0,3.23952,3.23952,0,0.607014,4.89888,4.2723e+06,2.92367e+06,1.38402e+07,0,0,0,0,71.5777,70.5495,3.44191,0,1,1.54097,1.54097,0,1.19041,2.1168,8.8787e+06,3.90788e+06,1.36818e+07,0,0,0,9.47756e+07
93.6725,94.3805,4.56339,0,0,3.2399,3.2399,0,0.607085,4.89888,4.2723e+06,2.92367e+06,1.38418e+07,0,0,0,0,71.5777,70.5495,4.26728,0,1,1.54115,1.54115,0,1.19055,2.1168,8.8787e+06,3.90788e+06,1.36834e+07,0,0,0,9.47756e+07
94.3805,94.3805,6.51021,0,0,3.15658,3.15658,0,0.607157,4.89888,4.2723e+06,2.92367e+06,1.34858e+07,0,0,0,0,71.5777,70.5495,6.35124,0,1,1.47042,1.47042,0,1.1907,2.1168,8.8787e+06,3.90788e+06,1.30554e+07,0,0,0,9.47756e+07
94.2823,94.3805,3.4138,0,0,3.15695,3.15695,0,0.591543,4.89888,4.2723e+06,2.92367e+06,1.34874e+07,0,0,0,0,71.5777,70.5495,4.67345,0,1,1.47059,1.47059,0,1.13605,2.1168,8.8787e+06,3.90788e+06,1.3057e+07,0,0,0,9.47756e+07
94.3805,94.3805,4.53398,0,0,3.15732,3.15732,0,0.591613,4.89888,4.2723e+06,2.92367e+06,1.3489e+07,0,0,0,0,71.5777,70.5495,5.50576,0,1,1.47077,1.47077,0,1.13618,2.1168,8.8787e+06,3.90788e+06,1.30585e+07,0,0,0,9.47756e+07
94.3805,94.3805,3.53317,0,0,3.1577,3.1577,0,0.591682,4.89888,4.2723e+06,2.92367e+06,1.34906e+07,0,0,0,0,71.5777,70.5495,3.39864,0,1,1.47094,1.47094,0,1.13631,2.1168,8.8787e+06,3.90788e+06,1.306e+07,0,0,0,9.47756e+07
94.3805,94.3805,4.90518,0,0,2.92023,2.92023,0,0.591752,4.89888,4.2723e+06,2.92367e+06,1.24761e+07,0,0,0,0,71.5777,70.5495,5.57768,0,1,1.32335,1.32335,0,1.13645,2.1168,8.8787e+06,3.90788e+06,1.17496e+07,0,0,0,9.47756e+07
94.3805,94.3805,5.72675,0,0,2.92058,2.92058,0,0.547251,4.89888,4.2723e+06,2.92367e+06,1.24776e+07,0,0,0,0,71.5777,70.5495,6.67098,0,1,1.3235,1.3235,0,1.02242,2.1168,8.8787e+06,3.90788e+06,1.1751e+07,0,0,0,9.47756e+07
94.3805,94.3805,6.58197,0,0,2.92092,2.92092,0,0.547316,4.89888,4.2723e+06,2.92367e+06,1.2479e+07,0,0,0,0,71.5777,70.5495,6.51264,0,1,1.32366,1.32366,0,1.02254,2.1168,8.8787e+06,3.90788e+06,1.17524e+07,0,0,0,9.47756e+07
94.3805,94.3805,6.88158,0,0,2.92127,2.92127,0,0.547381,4.89888,4.2723e+06,2.92367e+06,1.24805e+07,0,0,0,0,71.5777,70.5495,8.08474,0,1,1.32381,1.32381,0,1.02266,2.1168,8.8787e+06,3.90788e+06,1.17538e+07,0,0,0,9.47756e+07
94.3805,94.3805,8.61603,0,0,2.92161,2.92161,0,0.547445,4.89888,4.2723e+06,2.92367e+06,1.2482e+07,0,0,0,0,71.5777,70.5495,6.25625,0,1,1.32397,1.32397,0,1.02278,2.1168,8.8787e+06,3.90788e+06,1.17551e+07,0,0,0,9.47756e+07
94.3805,94.3805,4.03302,0,0,3.01348,3.01348,0,0.54751,4.89888,4.2723e+06,2.92367e+06,1.28745e+07,0,0,0,0,71.5777,70.5495,2.60553,0,1,1.36694,1.36694,0,1.0229,2.1168,8.8787e+06,3.90788e+06,1.21366e+07,0,0,0,9.47756e+07
94.3805,94.3805,4.3136,0,0,3.01382,3.01382,0,0.564727,4.89888,4.2723e+06,2.92367e+06,1.28759e+07,0,0,0,0,71.5777,70.5495,3.37533,0,1,1.36709,1.36709,0,1.0561,2.1168,8.8787e+06,3.90788e+06,1.2138e+07,0,0,0,9.47756e+07
94.3805,94.3805,9.14007,0,0,3.01415,3.01415,0,0.564789,4.89888,4.2723e+06,2.92367e+06,1.28773e+07,0,0,0,0,71.5777,70.5495,7.8046,0,1,1.36724,1.36724,0,1.05621,2.1168,8.8787e+06,3.90788e+06,1.21393e+07,0,0,0,9.47756e+07
94.3805,94.3805,9.11998,0,0,3.01449,3.01449,0,0.564852,4.89888,4.2723e+06,2.92367e+06,1.28788e+07,0,0,0,0,71.5777,70.5495,8.61757,0,1,1.36739,1.36739,0,1.05633,2.1168,8.8787e+06,3.90788e+06,1.21407e+07,0,0,0,9.47756e+07
94.3805,94.3805,11.3591,0,0,3.30888,3.30888,0,0.564915,4.89888,4.2723e+06,2.92367e+06,1.41365e+07,0,0,0,0,71.5777,70.5495,7.32121,0,1,1.52834,1.52834,0,1.05645,2.1168,8.8787e+06,3.90788e+06,1.35697e+07,0,0,0,9.47756e+07
94.3805,94.3805,8.88308,0,0,3.30925,3.30925,0,0.620084,4.89888,4.2723e+06,2.92367e+06,1.41381e+07,0,0,0,0,71.5777,70.5495,5.09433,0,1,1.52851,1.52851,0,1.18079,2.1168,8.8787e+06,3.90788e+06,1.35712e+07,0,0,0,9.47756e+07
94.3805,94.3805,12.7331,0,0,3.30961,3.30961,0,0.620153,4.89888,4.2723e+06,2.92367e+06,1.41396e+07,0,0,0,0,71.5777,70.5495,7.50528,0,1,1.52868,1.52868,0,1.18092,2.1168,8.8787e+06,3.90788e+06,1.35727e+07,0,0,0,9.47756e+07
94.3805,94.3805,13.6457,0,0,3.30998,3.30998,0,0.620221,4.89888,4.2723e+06,2.92367e+06,1.41412e+07,0,0,0,0,71.5777,70.5495,9.81734,0,1,1.52885,1.52885,0,1.18106,2.1168,8.8787e+06,3.90788e+06,1.35742e+07,0,0,0,9.47756e+07
94.3805,94.3805,10.8166,0,0,2.89074,2.89074,0,0.62029,4.89888,4.2723e+06,2.92367e+06,1.23501e+07,0,0,0,0,71.5777,70.5495,8.97646,0,1,1.31313,1.31313,0,1.18119,2.1168,8.8787e+06,3.90788e+06,1.16589e+07,0,0,0,9.47756e+07
94.3805,94.3805,11.1295,0,0,2.89106,2.89106,0,0.541724,4.89888,4.2723e+06,2.92367e+06,1.23515e+07,0,0,0,0,71.5777,70.5495,9.55919,0,1,1.31328,1.31328,0,1.01453,2.1168,8.8787e+06,3.90788e+06,1.16602e+07,0,0,0,9.47756e+07
94.3805,94.3805,10.1759,0,0,2.89138,2.89138,0,0.541784,4.89888,4.2723e+06,2.92367e+06,1.23528e+07,0,0,0,0,71.5777,70.5495,9.60796,0,1,1.31342,1.31342,0,1.01464,2.1168,8.8787e+06,3.90788e+06,1.16615e+07,0,0,0,9.47756e+07
94.3805,94.3805,8.04069,0,0,2.8917,2.8917,0,0.541844,4.89888,4.2723e+06,2.92367e+06,1.23542e+07,0,0,0,0,71.5777,70.5495,7.72876,0,1,1.31357,1.31357,0,1.01475,2.1168,8.8787e+06,3.90788e+06,1.16628e+07,0,0,0,9.47756e+07
94.3805,94.3805,7.27521,0,0,2.89202,2.89202,0,0.541904,4.89888,4.2723e+06,2.92367e+06,1.23556e+07,0,0,0,0,71.5777,70.5495,7.46644,0,1,1.31371,1.31371,0,1.01486,2.1168,8.8787e+06,3.90788e+06,1.16641e+07,0,0,0,9.47756e+07
94.3805,94.3805,7.44429,0,0,2.99802,2.99802,0,0.541964,4.89888,4.2723e+06,2.92367e+06,1.28084e+07,0,0,0,0,71.5777,70.5495,8.70741,0,1,1.3667,1.3667,0,1.01498,2.1168,8.8787e+06,3.90788e+06,1.21345e+07,0,0,0,9.47756e+07
94.3805,94.3805,10.0545,0,0,2.99835,2.99835,0,0.561829,4.89888,4.2723e+06,2.92367e+06,1.28098e+07,0,0,0,0,71.5777,70.5495,12.6852,0,1,1.36685,1.36685,0,1.05591,2.1168,8.8787e+06,3.90788e+06,1.21359e+07,0,0,0,9.47756e+07
94.3805,94.3805,10.2586,0,0,2.99868,2.99868,0,0.561891,4.89888,4.2723e+06,2.92367e+06,1.28113e+07,0,0,0,0,71.5777,70.5495,13.5374,0,1,1.36701,1.36701,0,1.05603,2.1168,8.8787e+06,3.90788e+06,1.21372e+07,0,0,0,9.47756e+07
94.3805,94.3805,8.67458,0,0,2.99902,2.99902,0,0.561953,4.89888,4.2723e+06,2.92367e+06,1.28127e+07,0,0,0,0,71.5777,70.5495,12.7439,0,1,1.36716,1.36716,0,1.05615,2.1168,8.8787e+06,3.90788e+06,1.21386e+07,0,0,0,9.47756e+07
94.3805,94.3805,5.74949,0,0,2.95801,2.95801,0,0.562016,4.89888,4.2723e+06,2.92367e+06,1.26375e+07,0,0,0,0,71.5777,70.5495,6.36319,0,1,1.34678,1.34678,0,1.05627,2.1168,8.8787e+06,3.90788e+06,1.19576e+07,0,0,0,9.47756e+07
94.3805,94.3805,5.4584,0,0,2.95834,2.95834,0,0.554331,4.89888,4.2723e+06,2.92367e+06,1.26389e+07,0,0,0,0,71.5777,70.5495,6.30253,0,1,1.34692,1.34692,0,1.04052,2.1168,8.8787e+06,3.90788e+06,1.19589e+07,0,0,0,9.47756e+07
94.3805,94.3805,5.30825,0,0,2.95867,2.95867,0,0.554393,4.89888,4.2723e+06,2.92367e+06,1.26403e+07,0,0,0,0,71.5777,70.5495,6.09307,0,1,1.34707,1.34707,0,1.04063,2.1168,8.8787e+06,3.90788e+06,1.19603e+07,0,0,0,9.47756e+07
94.3805,94.3805,5.47886,0,0,2.95899,2.95899,0,0.554454,4.89888,4.2723e+06,2.92367e+06,1.26417e+07,0,0,0,0,71.5777,70.5495,5.37369,0,1,1.34722,1.34722,0,1.04075,2.1168,8.8787e+06,3.90788e+06,1.19616e+07,0,0,0,9.47756e+07
94.3805,94.3805,5.1636,0,0,3.0997,3.0997,0,0.554516,4.89888,4.2723e+06,2.92367e+06,1.32429e+07,0,0,0,0,71.5777,70.5495,4.84946,0,1,1.42022,1.42022,0,1.04086,2.1168,8.8787e+06,3.90788e+06,1.26097e+07,0,0,0,9.47756e+07
94.3805,94.3805,4.86027,0,0,3.10005,3.10005,0,0.580884,4.89888,4.2723e+06,2.92367e+06,1.32443e+07,0,0,0,0,71.5777,70.5495,4.50268,0,1,1.42038,1.42038,0,1.09726,2.1168,8.8787e+06,3.90788e+06,1.26111e+07,0,0,0,9.47756e+07
94.3805,94.3805,4.5889,0,0,3.10039,3.10039,0,0.580949,4.89888,4.2723e+06,2.92367e+06,1.32458e+07,0,0,0,0,71.5777,70.5495,4.87764,0,1,1.42053,1.42053,0,1.09738,2.1168,8.8787e+06,3.90788e+06,1.26125e+07,0,0,0,9.47756e+07
94.3805,94.3805,4.37103,0,0,3.10073,3.10073,0,0.581013,4.89888,4.2723e+06,2.92367e+06,1.32473e+07,0,0,0,0,71.5777,70.5495,4.61415,0,1,1.42069,1.42069,0,1.0975,2.1168,8.8787e+06,3.90788e+06,1.26139e+07,0,0,0,9.47756e+07
94.3805,94.3805,4.09871,0,0,3.10108,3.10108,0,0.581078,4.89888,4.2723e+06,2.92367e+06,1.32487e+07,0,0,0,0,71.5777,70.5495,4.33876,0,1,1.42085,1.42085,0,1.09763,2.1168,8.8787e+06,3.90788e+06,1.26153e+07,0,0,0,9.47756e+07
94.3805,94.3805,3.78609,0,0,3.07364,3.07364,0,0.581142,4.89888,4.2723e+06,2.92367e+06,1.31315e+07,0,0,0,0,71.5777,70.5495,3.76608,0,1,1.46107,1.46107,0,1.09775,2.1168,8.8787e+06,3.90788e+06,1.29724e+07,0,0,0,9.47756e+07
94.3805,94.3805,3.60688,0,0,3.07398,3.07398,0,0.576001,4.89888,4.2723e+06,2.92367e+06,1.3133e+07,0,0,0,0,71.5777,70.5495,3.69524,0,1,1.46123,1.46123,0,1.12882,2.1168,8.8787e+06,3.90788e+06,1.29738e+07,0,0,0,9.47756e+07
94.3805,94.3805,3.40841,0,0,3.07433,3.07433,0,0.576065,4.89888,4.2723e+06,2.92367e+06,1.31344e+07,0,0,0,0,71.5777,70.5495,3.72491,0,1,1.46139,1.46139,0,1.12894,2.1168,8.8787e+06,3.90788e+06,1.29752e+07,0,0,0,9.47756e+07
94.3805,94.3805,3.13518,0,0,3.07467,3.07467,0,0.576129,4.89888,4.2723e+06,2.92367e+06,1.31359e+07,0,0,0,0,71.5777,70.5495,3.55793,0,1,1.46155,1.46155,0,1.12907,2.1168,8.8787e+06,3.90788e+06,1.29767e+07,0,0,0,9.47756e+07
94.3805,94.3805,3.33235,0,0,3.14677,3.14677,0,0.576192,4.89888,4.2723e+06,2.92367e+06,1.34439e+07,0,0,0,0,71.5777,70.5495,3.73147,0,1,1.49743,1.49743,0,1.12919,2.1168,8.8787e+06,3.90788e+06,1.32952e+07,0,0,0,9.47756e+07
94.3805,94.3805,3.13133,0,0,3.14712,3.14712,0,0.589705,4.89888,4.2723e+06,2.92367e+06,1.34454e+07,0,0,0,0,71.5777,70.5495,3.76943,0,1,1.4976,1.4976,0,1.15692,2.1168,8.8787e+06,3.90788e+06,1.32967e+07,0,0,0,9.47756e+07
94.2165,94.3805,2.92514,0,0,3.14747,3.14747,0,0.58977,4.89888,4.2723e+06,2.92367e+06,1.34469e+07,0,0,0,0,71.5777,70.5495,3.45477,0,1,1.49776,1.49776,0,1.15704,2.1168,8.8787e+06,3.90788e+06,1.32982e+07,0,0,0,9.47756e+07
94.0175,94.3805,2.88692,0.01,0,3.14782,3.14782,0,0.589836,4.89888,4.2723e+06,2.92367e+06,1.34484e+07,0,0,0,0,71.5777,70.5495,3.70756,0,1,1.49793,1.49793,0,1.15717,2.1168,8.8787e+06,3.90788e+06,1.32997e+07,0,0,0,9.47756e+07
93.6809,94.3805,2.89562,0.01,0,3.35842,3.35842,0,0.589901,4.89888,4.2723e+06,2.92367e+06,1.43482e+07,0,0,0,0,71.5777,70.5495,3.68022,0,1,1.62707,1.62707,0,1.1573,2.1168,8.8787e+06,3.90788e+06,1.44463e+07,0,0,0,9.47756e+07
93.1494,94.3805,2.66684,0.01,0,3.35879,3.35879,0,0.629368,4.89888,4.2723e+06,2.92367e+06,1.43498e+07,0,0,0,0,71.5777,70.5495,3.58239,0,1,1.62725,1.62725,0,1.25708,2.1168,8.8787e+06,3.90788e+06,1.44479e+07,0,0,0,9.47756e+07
92.1852,94.3805,2.25167,0.01,0,3.35916,3.35916,0,0.629437,4.89888,4.2723e+06,2.92367e+06,1.43513e+07,0,0,0,0,71.5777,70.5495,3.14915,0,1,1.62743,1.62743,0,1.25722,2.1168,8.8787e+06,3.90788e+06,1.44495e+07,0,0,0,9.47756e+07
91.4465,94.3805,2.45876,0.01,0,3.35954,3.35954,0,0.629507,4.89888,4.2723e+06,2.92367e+06,1.43529e+07,0,0,0,0,71.5777,70.5495,4.18718,0,1,1.62762,1.62762,0,1.25736,2.1168,8.8787e+06,3.90788e+06,1.44511e+07,0,0,0,9.47756e+07
90.6648,94.3805,2.43062,0.01,0,3.35991,3.35991,0,0.629577,4.89888,4.2723e+06,2.92367e+06,1.43545e+07,0,0,0,0,71.5777,70.5495,3.70427,0,1,1.6278,1.6278,0,1.2575,2.1168,8.8787e+06,3.90788e+06,1.44527e+07,0,0,0,9.47756e+07
89.7179,94.3805,2.20973,0.02,0,3.25775,3.25775,0,0.629647,4.89888,4.2723e+06,2.92367e+06,1.39181e+07,0,0,0,0,71.5777,70.5495,3.09978,0,1,1.54965,1.54965,0,1.25763,2.1168,8.8787e+06,3.90788e+06,1.37589e+07,0,0,0,9.47756e+07
90.5442,94.3805,4.05138,0.03,0,3.25812,3.25812,0,0.610503,4.89888,4.2723e+06,2.92367e+06,1.39196e+07,0,0,0,0,71.5777,70.5495,5.66791,0,1,1.54982,1.54982,0,1.19726,2.1168,8.8787e+06,3.90788e+06,1.37604e+07,0,0,0,9.47756e+07
89.2958,94.3805,1.88471,0.02,0,3.25848,3.25848,0,0.610571,4.89888,4.2723e+06,2.92367e+06,1.39212e+07,0,0,0,0,71.5777,70.5495,2.99444,0,1,1.54999,1.54999,0,1.19739,2.1168,8.8787e+06,3.90788e+06,1.37619e+07,0,0,0,9.47756e+07
88.4578,94.3805,2.31456,0.02,0,3.25884,3.25884,0,0.610638,4.89888,4.2723e+06,2.92367e+06,1.39227e+07,0,0,0,0,71.5777,70.5495,3.35474,0,1,1.55016,1.55016,0,1.19752,2.1168,8.8787e+06,3.90788e+06,1.37634e+07,0,0,0,9.47756e+07
88.0306,94.3805,2.70415,0.02,0,3.17501,3.17501,0,0.610706,4.89888,4.2723e+06,2.92367e+06,1.35646e+07,0,0,0,0,71.5777,70.5495,2.57808,0,1,1.479,1.479,0,1.19766,2.1168,8.8787e+06,3.90788e+06,1.31316e+07,0,0,0,9.47756e+07
87.1428,94.3805,2.33505,0.02,0,3.17536,3.17536,0,0.594996,4.89888,4.2723e+06,2.92367e+06,1.35661e+07,0,0,0,0,71.5777,70.5495,3.78558,0,1,1.47917,1.47917,0,1.14268,2.1168,8.8787e+06,3.90788e+06,1.31331e+07,0,0,0,9.47756e+07
89.1992,94.3805,5.54072,0.01,0,3.17571,3.17571,0,0.595062,4.89888,4.2723e+06,2.92367e+06,1.35676e+07,0,0,0,0,71.5777,70.5495,6.62825,0,1,1.47933,1.47933,0,1.1428,2.1168,8.8787e+06,3.90788e+06,1.31345e+07,0,0,0,9.47756e+07
89.1107,94.3805,3.2385,0.01,0,3.17606,3.17606,0,0.595128,4.89888,4.2723e+06,2.92367e+06,1.35691e+07,0,0,0,0,71.5777,70.5495,3.27447,0,1,1.47949,1.47949,0,1.14293,2.1168,8.8787e+06,3.90788e+06,1.3136e+07,0,0,0,9.47756e+07
90.2824,94.3805,4.44721,0.01,0,2.93719,2.93719,0,0.595194,4.89888,4.2723e+06,2.92367e+06,1.25486e+07,0,0,0,0,71.5777,70.5495,5.08449,0,1,1.33103,1.33103,0,1.14306,2.1168,8.8787e+06,3.90788e+06,1.18178e+07,0,0,0,9.47756e+07
91.8193,94.3805,4.97135,0.01,0,2.93752,2.93752,0,0.55043,4.89888,4.2723e+06,2.92367e+06,1.25499e+07,0,0,0,0,71.5777,70.5495,7.24878,0,1,1.33118,1.33118,0,1.02836,2.1168,8.8787e+06,3.90788e+06,1.18191e+07,0,0,0,9.47756e+07
94.3805,94.3805,5.99963,0,0,2.93784,2.93784,0,0.550491,4.89888,4.2723e+06,2.92367e+06,1.25513e+07,0,0,0,0,71.5777,70.5495,7.27794,0,1,1.33133,1.33133,0,1.02847,2.1168,8.8787e+06,3.90788e+06,1.18205e+07,0,0,0,9.47756e+07
94.3805,94.3805,7.34914,0,0,2.93817,2.93817,0,0.550552,4.89888,4.2723e+06,2.92367e+06,1.25527e+07,0,0,0,0,71.5777,70.5495,7.43823,0,1,1.33147,1.33147,0,1.02858,2.1168,8.8787e+06,3.90788e+06,1.18218e+07,0,0,0,9.47756e+07
94.3805,94.3805,7.40948,0,0,2.93849,2.93849,0,0.550613,4.89888,4.2723e+06,2.92367e+06,1.25541e+07,0,0,0,0,71.5777,70.5495,7.6334,0,1,1.33162,1.33162,0,1.0287,2.1168,8.8787e+06,3.90788e+06,1.18231e+07,0,0,0,9.47756e+07
94.3805,94.3805,4.66415,0,0,3.03088,3.03088,0,0.550674,5.11056,4.2723e+06,2.92367e+06,1.29488e+07,0,0,0,0,71.5777,70.5495,4.61668,0,1,1.37483,1.37483,0,1.02881,2.32848,8.8787e+06,3.90788e+06,1.22067e+07,0,0,0,9.47756e+07
94.3805,94.3805,7.7696,0,0,3.03119,3.03119,0,0.567986,5.11056,4.2723e+06,2.92367e+06,1.29501e+07,0,0,0,0,71.5777,70.5495,11.4052,0,1,1.37497,1.37497,0,1.06219,2.32848,8.8787e+06,3.90788e+06,1.22079e+07,0,0,0,9.47756e+07
94.3805,94.3805,8.14222,0,0,3.0315,3.0315,0,0.568045,5.11056,4.2723e+06,2.92367e+06,1.29515e+07,0,0,0,0,71.5777,70.5495,9.82226,0,1,1.37511,1.37511,0,1.0623,2.32848,8.8787e+06,3.90788e+06,1.22092e+07,0,0,0,9.47756e+07
94.3805,94.3805,6.58574,0,0,3.03182,3.03182,0,0.568104,5.11056,4.2723e+06,2.92367e+06,1.29528e+07,0,0,0,0,71.5777,70.5495,9.17204,0,1,1.37525,1.37525,0,1.06241,2.32848,8.8787e+06,3.90788e+06,1.22105e+07,0,0,0,9.47756e+07
94.3805,94.3805,6.38396,0,0,3.32788,3.32788,0,0.568163,5.11056,4.2723e+06,2.92367e+06,1.42177e+07,0,0,0,0,71.5777,70.5495,6.91011,0,1,1.53711,1.53711,0,1.06252,2.32848,8.8787e+06,3.90788e+06,1.36476e+07,0,0,0,9.47756e+07
94.3805,94.3805,7.14297,0,0,3.32822,3.32822,0,0.623645,5.11056,4.2723e+06,2.92367e+06,1.42192e+07,0,0,0,0,71.5777,70.5495,8.83568,0,1,1.53727,1.53727,0,1.18757,2.32848,8.8787e+06,3.90788e+06,1.3649e+07,0,0,0,9.47756e+07
94.3805,94.3805,6.26907,0,0,3.32857,3.32857,0,0.623709,5.11056,4.2723e+06,2.92367e+06,1.42206e+07,0,0,0,0,71.5777,70.5495,6.95076,0,1,1.53743,1.53743,0,1.1877,2.32848,8.8787e+06,3.90788e+06,1.36504e+07,0,0,0,9.47756e+07
94.3805,94.3805,5.4175,0,0,3.32891,3.32891,0,0.623774,5.11056,4.2723e+06,2.92367e+06,1.42221e+07,0,0,0,0,71.5777,70.5495,5.90206,0,1,1.53759,1.53759,0,1.18782,2.32848,8.8787e+06,3.90788e+06,1.36518e+07,0,0,0,9.47756e+07
94.3805,94.3805,5.06176,0,0,2.90725,2.90725,0,0.623838,5.11056,4.2723e+06,2.92367e+06,1.24206e+07,0,0,0,0,71.5777,70.5495,6.28864,0,1,1.32063,1.32063,0,1.18794,2.32848,8.8787e+06,3.90788e+06,1.17255e+07,0,0,0,9.47756e+07
94.3805,94.3805,6.65534,0,0,2.90755,2.90755,0,0.544819,5.11056,4.2723e+06,2.92367e+06,1.24219e+07,0,0,0,0,71.5777,70.5495,8.12992,0,1,1.32077,1.32077,0,1.02032,2.32848,8.8787e+06,3.90788e+06,1.17267e+07,0,0,0,9.47756e+07
94.3805,94.3805,5.41196,0,0,2.90786,2.90786,0,0.544876,5.11056,4.2723e+06,2.92367e+06,1.24232e+07,0,0,0,0,71.5777,70.5495,5.28556,0,1,1.32091,1.32091,0,1.02043,2.32848,8.8787e+06,3.90788e+06,1.17279e+07,0,0,0,9.47756e+07
94.3805,94.3805,3.92157,0,0,2.90816,2.90816,0,0.544932,5.11056,4.2723e+06,2.92367e+06,1.24245e+07,0,0,0,0,71.5777,70.5495,4.3791,0,1,1.32104,1.32104,0,1.02053,2.32848,8.8787e+06,3.90788e+06,1.17292e+07,0,0,0,9.47756e+07
94.3805,94.3805,4.28223,0,0,2.90846,2.90846,0,0.544989,5.11056,4.2723e+06,2.92367e+06,1.24258e+07,0,0,0,0,71.5777,70.5495,3.60548,0,1,1.32118,1.32118,0,1.02064,2.32848,8.8787e+06,3.90788e+06,1.17304e+07,0,0,0,9.47756e+07
94.3805,94.3805,6.3098,0,0,3.01504,3.01504,0,0.545045,5.11056,4.2723e+06,2.92367e+06,1.28811e+07,0,0,0,0,71.5777,70.5495,5.92913,0,1,1.37446,1.37446,0,1.02074,2.32848,8.8787e+06,3.90788e+06,1.22034e+07,0,0,0,9.47756e+07
94.3805,94.3805,5.59293,0,0,3.01535,3.01535,0,0.565018,5.11056,4.2723e+06,2.92367e+06,1.28825e+07,0,0,0,0,71.5777,70.5495,4.75265,0,1,1.3746,1.3746,0,1.06191,2.32848,8.8787e+06,3.90788e+06,1.22047e+07,0,0,0,9.47756e+07
94.3805,94.3805,4.90533,0,0,3.01566,3.01566,0,0.565077,5.11056,4.2723e+06,2.92367e+06,1.28838e+07,0,0,0,0,71.5777,70.5495,4.93144,0,1,1.37474,1.37474,0,1.06202,2.32848,8.8787e+06,3.90788e+06,1.22059e+07,0,0,0,9.47756e+07
94.3805,94.3805,5.92029,0,0,3.01598,3.01598,0,0.565135,5.11056,4.2723e+06,2.92367e+06,1.28851e+07,0,0,0,0,71.5777,70.5495,5.00324,0,1,1.37489,1.37489,0,1.06213,2.32848,8.8787e+06,3.90788e+06,1.22072e+07,0,0,0,9.47756e+07
94.3805,94.3805,4.90245,0,0,2.97472,2.97472,0,0.565194,5.11056,4.2723e+06,2.92367e+06,1.27089e+07,0,0,0,0,71.5777,70.5495,4.79759,0,1,1.35438,1.35438,0,1.06224,2.32848,8.8787e+06,3.90788e+06,1.20251e+07,0,0,0,9.47756e+07
94.3805,94.3805,4.44768,0,0,2.97502,2.97502,0,0.557462,5.11056,4.2723e+06,2.92367e+06,1.27102e+07,0,0,0,0,71.5777,70.5495,5.07238,0,1,1.35452,1.35452,0,1.04639,2.32848,8.8787e+06,3.90788e+06,1.20264e+07,0,0,0,9.47756e+07
94.3805,94.3805,4.84613,0,0,2.97533,2.97533,0,0.557519,5.11056,4.2723e+06,2.92367e+06,1.27115e+07,0,0,0,0,71.5777,70.5495,4.41824,0,1,1.35466,1.35466,0,1.0465,2.32848,8.8787e+06,3.90788e+06,1.20276e+07,0,0,0,9.47756e+07
94.3805,94.3805,4.35986,0,0,2.97564,2.97564,0,0.557577,5.11056,4.2723e+06,2.92367e+06,1.27128e+07,0,0,0,0,71.5777,70.5495,4.47241,0,1,1.3548,1.3548,0,1.04661,2.32848,8.8787e+06,3.90788e+06,1.20289e+07,0,0,0,9.47756e+07
94.3805,94.3805,3.68101,0,0,3.11712,3.11712,0,0.557635,5.11056,4.2723e+06,2.92367e+06,1.33173e+07,0,0,0,0,71.5777,70.5495,3.97524,0,1,1.4282,1.4282,0,1.04672,2.32848,8.8787e+06,3.90788e+06,1.26805e+07,0,0,0,9.47756e+07
94.3805,94.3805,3.59788,0,0,3.11744,3.11744,0,0.584148,5.11056,4.2723e+06,2.92367e+06,1.33186e+07,0,0,0,0,71.5777,70.5495,4.36962,0,1,1.42835,1.42835,0,1.10343,2.32848,8.8787e+06,3.90788e+06,1.26819e+07,0,0,0,9.47756e+07
94.3805,94.3805,3.35857,0,0,3.11776,3.11776,0,0.584208,5.11056,4.2723e+06,2.92367e+06,1.332e+07,0,0,0,0,71.5777,70.5495,4.01384,0,1,1.42849,1.42849,0,1.10354,2.32848,8.8787e+06,3.90788e+06,1.26832e+07,0,0,0,9.47756e+07
94.289,94.3805,3.05227,0,0,3.11809,3.11809,0,0.584269,5.11056,4.2723e+06,2.92367e+06,1.33214e+07,0,0,0,0,71.5777,70.5495,3.35789,0,1,1.42864,1.42864,0,1.10365,2.32848,8.8787e+06,3.90788e+06,1.26845e+07,0,0,0,9.47756e+07
94.0281,94.3805,2.85601,0,0,3.11841,3.11841,0,0.584329,5.11056,4.2723e+06,2.92367e+06,1.33228e+07,0,0,0,0,71.57,70.5495,2.955,0,1,1.42879,1.42879,0,1.10377,2.32848,8.8787e+06,3.90788e+06,1.26858e+07,0,0,0,9.47756e+07
93.0288,94.3805,2.05223,0,0,3.0908,3.0908,0,0.58439,5.11056,4.2723e+06,2.92367e+06,1.32048e+07,0,0,0,0,71.5777,70.5495,2.24373,0,1,1.46922,1.46922,0,1.10388,2.32848,8.8787e+06,3.90788e+06,1.30448e+07,0,0,0,9.47756e+07
92.04,94.3805,2.05333,0,0,3.09112,3.09112,0,0.579216,5.11056,4.2723e+06,2.92367e+06,1.32062e+07,0,0,0,0,71.5777,70.5495,2.25698,0,1,1.46937,1.46937,0,1.13512,2.32848,8.8787e+06,3.90788e+06,1.30461e+07,0,0,0,9.47756e+07
90.9843,94.3805,1.96195,0,0,3.09144,3.09144,0,0.579276,5.11056,4.2723e+06,2.92367e+06,1.32075e+07,0,0,0,0,71.5214,70.5495,2.2466,0,1,1.46952,1.46952,0,1.13524,2.32848,8.8787e+06,3.90788e+06,1.30475e+07,0,0,0,9.47756e+07
89.7414,94.3805,1.73354,0,0,3.09176,3.09176,0,0.579336,5.11056,4.2723e+06,2.92367e+06,1.32089e+07,0,0,0,0,71.4684,70.5495,2.06795,0,1,1.46968,1.46968,0,1.13535,2.32848,8.8787e+06,3.90788e+06,1.30488e+07,0,0,0,9.47756e+07
88.4066,94.3805,1.66926,0.01,0,3.16424,3.16424,0,0.579396,5.11056,4.2723e+06,2.92367e+06,1.35186e+07,0,0,0,0,71.2021,70.5495,1.83009,0,1,1.50574,1.50574,0,1.13547,2.32848,8.8787e+06,3.90788e+06,1.33691e+07,0,0,0,9.47756e+07
87.0589,94.3805,1.63676,0.01,0,3.16457,3.16457,0,0.592979,5.11056,4.2723e+06,2.92367e+06,1.352e+07,0,0,0,0,70.808,70.5495,1.7459,0,1,1.5059,1.5059,0,1.16334,2.32848,8.8787e+06,3.90788e+06,1.33704e+07,0,0,0,9.47756e+07
85.5322,94.3805,1.43814,0.01,0,3.1649,3.1649,0,0.59304,5.11056,4.2723e+06,2.92367e+06,1.35214e+07,0,0,0,0,70.3384,70.5495,1.61508,0,1,1.50606,1.50606,0,1.16346,2.32848,8.8787e+06,3.90788e+06,1.33718e+07,0,0,0,9.47756e+07
83.9192,94.3805,1.33143,0.01,0,3.16523,3.16523,0,0.593102,5.11056,4.2723e+06,2.92367e+06,1.35228e+07,0,0,0,0,69.8602,70.5495,1.54979,0,1,1.50621,1.50621,0,1.16358,2.32848,8.8787e+06,3.90788e+06,1.33732e+07,0,0,0,9.47756e+07
82.1499,94.3805,1.30404,0.03,0,3.37697,3.37697,0,0.593163,5.11056,4.2723e+06,2.92367e+06,1.44274e+07,0,0,0,0,69.2808,70.5495,1.52896,0,1,1.63606,1.63606,0,1.1637,2.32848,8.8787e+06,3.90788e+06,1.45261e+07,0,0,0,9.47756e+07
80.8531,94.3805,1.79882,0.03,0,3.37732,3.37732,0,0.632844,5.11056,4.2723e+06,2.92367e+06,1.44289e+07,0,0,0,0,68.5879,70.5495,1.56228,0,1,1.63623,1.63623,0,1.26402,2.32848,8.8787e+06,3.90788e+06,1.45276e+07,0,0,0,9.47756e+07
79.2842,94.3805,1.51989,0.03,0,3.37767,3.37767,0,0.632909,5.11056,4.2723e+06,2.92367e+06,1.44304e+07,0,0,0,0,68.1394,70.5495,1.37557,0,1,1.6364,1.6364,0,1.26415,2.32848,8.8787e+06,3.90788e+06,1.45291e+07,0,0,0,9.47756e+07
77.8773,94.3805,1.66489,0.03,0,3.37802,3.37802,0,0.632975,5.11056,4.2723e+06,2.92367e+06,1.44319e+07,0,0,0,0,67.6982,70.5495,1.81537,0,1,1.63657,1.63657,0,1.26428,2.32848,8.8787e+06,3.90788e+06,1.45306e+07,0,0,0,9.47756e+07
76.3804,94.3805,1.56923,0.03,0,3.37837,3.37837,0,0.63304,5.11056,4.2723e+06,2.92367e+06,1.44334e+07,0,0,0,0,67.3069,70.5495,1.63294,0,1,1.63674,1.63674,0,1.26441,2.32848,8.8787e+06,3.90788e+06,1.45321e+07,0,0,0,9.47756e+07
76.3654,94.3805,3.02388,0.03,0,3.27563,3.27563,0,0.633106,5.11056,4.2723e+06,2.92367e+06,1.39944e+07,0,0,0,0,67.1687,70.5495,2.78164,0,1,1.55815,1.55815,0,1.26454,2.32848,8.8787e+06,3.90788e+06,1.38343e+07,0,0,0,9.47756e+07
76.2193,94.3805,3.007,0.03,0,3.27597,3.27597,0,0.613853,5.11056,4.2723e+06,2.92367e+06,1.39959e+07,0,0,0,0,67.2404,70.5495,3.27401,0,1,1.55831,1.55831,0,1.20383,2.32848,8.8787e+06,3.90788e+06,1.38358e+07,0,0,0,9.47756e+07
76.2868,94.3805,3.27141,0.04,0,3.27631,3.27631,0,0.613916,5.11056,4.2723e+06,2.92367e+06,1.39973e+07,0,0,0,0,67.4614,70.5495,3.5515,0,1,1.55847,1.55847,0,1.20395,2.32848,8.8787e+06,3.90788e+06,1.38372e+07,0,0,0,9.47756e+07
76.4052,94.3805,3.40439,0.04,0,3.27664,3.27664,0,0.61398,5.11056,4.2723e+06,2.92367e+06,1.39988e+07,0,0,0,0,67.7028,70.5495,3.7519,0,1,1.55863,1.55863,0,1.20408,2.32848,8.8787e+06,3.90788e+06,1.38386e+07,0,0,0,9.47756e+07
78.2785,94.3805,5.36643,0.04,0,3.19233,3.19233,0,0.614043,5.11056,4.2723e+06,2.92367e+06,1.36386e+07,0,0,0,0,68.9839,70.5495,6.79777,0,1,1.48707,1.48707,0,1.2042,2.32848,8.8787e+06,3.90788e+06,1.32033e+07,0,0,0,9.47756e+07
80.1289,94.3805,5.24696,0.04,0,3.19266,3.19266,0,0.598243,5.11056,4.2723e+06,2.92367e+06,1.364e+07,0,0,0,0,70.0898,70.5495,4.82553,0,1,1.48723,1.48723,0,1.14891,2.32848,8.8787e+06,3.90788e+06,1.32047e+07,0,0,0,9.47756e+07
82.4838,94.3805,5.83648,0.03,0,3.19299,3.19299,0,0.598305,5.11056,4.2723e+06,2.92367e+06,1.36414e+07,0,0,0,0,71.2069,70.5495,5.64125,0,1,1.48738,1.48738,0,1.14903,2.32848,8.8787e+06,3.90788e+06,1.3206e+07,0,0,0,9.47756e+07
84.1771,94.3805,5.12823,0.03,0,3.19332,3.19332,0,0.598367,5.11056,4.2723e+06,2.92367e+06,1.36428e+07,0,0,0,0,71.5777,70.5495,4.01799,0,1,1.48754,1.48754,0,1.14915,2.32848,8.8787e+06,3.90788e+06,1.32074e+07,0,0,0,9.47756e+07
86.1859,94.3805,5.3088,0.03,0,2.95314,2.95314,0,0.598429,5.11056,4.2723e+06,2.92367e+06,1.26167e+07,0,0,0,0,71.5777,70.5495,3.35341,0,1,1.33826,1.33826,0,1.14927,2.32848,8.8787e+06,3.90788e+06,1.1882e+07,0,0,0,9.47756e+07
88.155,94.3805,5.24922,0.01,0,2.95344,2.95344,0,0.553418,5.11056,4.2723e+06,2.92367e+06,1.2618e+07,0,0,0,0,71.5777,70.5495,4.04047,0,1,1.3384,1.3384,0,1.03394,2.32848,8.8787e+06,3.90788e+06,1.18832e+07,0,0,0,9.47756e+07
92.341,94.3805,7.67157,0,0,2.95375,2.95375,0,0.553475,5.11056,4.2723e+06,2.92367e+06,1.26193e+07,0,0,0,0,71.5777,70.5495,4.94706,0,1,1.33853,1.33853,0,1.03404,2.32848,8.8787e+06,3.90788e+06,1.18844e+07,0,0,0,9.47756e+07
93.7743,94.3805,4.76028,0,0,2.95405,2.95405,0,0.553532,5.11056,4.2723e+06,2.92367e+06,1.26206e+07,0,0,0,0,71.5777,70.5495,4.19241,0,1,1.33867,1.33867,0,1.03415,2.32848,8.8787e+06,3.90788e+06,1.18857e+07,0,0,0,9.47756e+07
94.3805,94.3805,3.99515,0,0,2.95436,2.95436,0,0.553589,5.11056,4.2723e+06,2.92367e+06,1.26219e+07,0,0,0,0,71.5777,70.5495,3.52523,0,1,1.33881,1.33881,0,1.03426,2.32848,8.8787e+06,3.90788e+06,1.18869e+07,0,0,0,9.47756e+07
94.3805,94.3805,4.02451,0,0,3.04722,3.04722,0,0.553647,5.11056,4.2723e+06,2.92367e+06,1.30186e+07,0,0,0,0,71.5777,70.5495,3.12247,0,1,1.38224,1.38224,0,1.03437,2.32848,8.8787e+06,3.90788e+06,1.22725e+07,0,0,0,9.47756e+07
94.3805,94.3805,5.91391,0,0,3.04751,3.04751,0,0.571048,5.11056,4.2723e+06,2.92367e+06,1.30199e+07,0,0,0,0,71.5777,70.5495,4.27656,0,0,1.38237,1.38237,0,1.06792,2.32848,8.8787e+06,3.90788e+06,1.22737e+07,0,0,0,9.47756e+07
94.3805,94.3805,9.81647,0,0,3.04781,3.04781,0,0.571104,5.11056,4.2723e+06,2.92367e+06,1.30211e+07,0,0,0,0,71.5777,70.5495,7.42035,0,0,1.38251,1.38251,0,1.06802,2.32848,8.8787e+06,3.90788e+06,1.22749e+07,0,0,0,9.47756e+07
94.3805,94.3805,11.7689,0,0,3.0481,3.0481,0,0.571159,5.11056,4.2723e+06,2.92367e+06,1.30224e+07,0,0,0,0,71.5777,70.5495,6.70779,0,0,1.38264,1.38264,0,1.06812,2.32848,8.8787e+06,3.90788e+06,1.2276e+07,0,0,0,9.47756e+07
94.3805,94.3805,10.3063,0,0,3.34573,3.34573,0,0.571214,5.11056,4.2723e+06,2.92367e+06,1.42939e+07,0,0,0,0,71.5777,70.5495,5.60691,0,0,1.54536,1.54536,0,1.06823,2.32848,8.8787e+06,3.90788e+06,1.37208e+07,0,0,0,9.47756e+07
94.3805,94.3805,4.97733,0,0,3.34605,3.34605,0,0.626989,5.11056,4.2723e+06,2.92367e+06,1.42953e+07,0,0,0,0,71.5777,70.5495,4.073,0,0,1.54551,1.54551,0,1.19394,2.32848,8.8787e+06,3.90788e+06,1.37221e+07,0,0,0,9.47756e+07
94.3805,94.3805,7.16256,0,0,3.34637,3.34637,0,0.62705,5.11056,4.2723e+06,2.92367e+06,1.42967e+07,0,0,0,0,71.5777,70.5495,5.32212,0,0,1.54566,1.54566,0,1.19406,2.32848,8.8787e+06,3.90788e+06,1.37234e+07,0,0,0,9.47756e+07
94.3805,94.3805,7.80787,0,0,3.3467,3.3467,0,0.62711,5.11056,4.2723e+06,2.92367e+06,1.42981e+07,0,0,0,0,71.5777,70.5495,5.03129,0,0,1.54581,1.54581,0,1.19417,2.32848,8.8787e+06,3.90788e+06,1.37247e+07,0,0,0,9.47756e+07
94.3805,94.3805,7.21508,0,0,2.92276,2.92276,0,0.627171,5.11056,4.2723e+06,2.92367e+06,1.24869e+07,0,0,0,0,71.5777,70.5495,5.9811,0,0,1.32768,1.32768,0,1.19429,2.32848,8.8787e+06,3.90788e+06,1.17881e+07,0,0,0,9.47756e+07
94.3805,94.3805,5.78688,0,0,2.92305,2.92305,0,0.547726,5.11056,4.2723e+06,2.92367e+06,1.24881e+07,0,0,0,0,71.5777,70.5495,6.28855,0,0,1.32781,1.32781,0,1.02577,2.32848,8.8787e+06,3.90788e+06,1.17892e+07,0,0,0,9.47756e+07
94.3805,94.3805,5.95814,0,0,2.92333,2.92333,0,0.547779,5.11056,4.2723e+06,2.92367e+06,1.24893e+07,0,0,0,0,71.5777,70.5495,6.49515,0,0,1.32794,1.32794,0,1.02586,2.32848,8.8787e+06,3.90788e+06,1.17903e+07,0,0,0,9.47756e+07
94.3805,94.3805,7.91442,0,0,2.92361,2.92361,0,0.547832,5.11056,4.2723e+06,2.92367e+06,1.24905e+07,0,0,0,0,71.5777,70.5495,7.30967,0,0,1.32806,1.32806,0,1.02596,2.32848,8.8787e+06,3.90788e+06,1.17915e+07,0,0,0,9.47756e+07
94.3805,94.3805,8.9103,0,0,2.92389,2.92389,0,0.547884,5.11056,4.2723e+06,2.92367e+06,1.24917e+07,0,0,0,0,71.5777,70.5495,7.71443,0,0,1.32819,1.32819,0,1.02606,2.32848,8.8787e+06,3.90788e+06,1.17926e+07,0,0,0,9.47756e+07
94.3805,94.3805,7.30909,0,0,3.03102,3.03102,0,0.547937,5.11056,4.2723e+06,2.92367e+06,1.29494e+07,0,0,0,0,71.5777,70.5495,10.1265,0,0,1.38174,1.38174,0,1.02616,2.32848,8.8787e+06,3.90788e+06,1.22681e+07,0,0,0,9.47756e+07
94.3805,94.3805,7.05975,0,0,3.03131,3.03131,0,0.568013,5.11056,4.2723e+06,2.92367e+06,1.29507e+07,0,0,0,0,71.5777,70.5495,11.2052,0,0,1.38188,1.38188,0,1.06754,2.32848,8.8787e+06,3.90788e+06,1.22693e+07,0,0,0,9.47756e+07
94.3805,94.3805,5.20966,0,0,3.0316,3.0316,0,0.568067,5.11056,4.2723e+06,2.92367e+06,1.29519e+07,0,0,0,0,71.5777,70.5495,10.0733,0,0,1.38201,1.38201,0,1.06764,2.32848,8.8787e+06,3.90788e+06,1.22705e+07,0,0,0,9.47756e+07
94.3805,94.3805,4.38753,0,0,3.03189,3.03189,0,0.568122,5.11056,4.2723e+06,2.92367e+06,1.29532e+07,0,0,0,0,71.5777,70.5495,7.71249,0,0,1.38214,1.38214,0,1.06774,2.32848,8.8787e+06,3.90788e+06,1.22716e+07,0,0,0,9.47756e+07
94.3805,94.3805,4.73814,0,0,2.9904,2.9904,0,0.568177,5.11056,4.2723e+06,2.92367e+06,1.27759e+07,0,0,0,0,71.5777,70.5495,8.81572,0,0,1.36152,1.36152,0,1.06784,2.32848,8.8787e+06,3.90788e+06,1.20885e+07,0,0,0,9.47756e+07
94.3805,94.3805,4.29966,0,0,2.99068,2.99068,0,0.5604,5.11056,4.2723e+06,2.92367e+06,1.27771e+07,0,0,0,0,71.5777,70.5495,6.06949,0,0,1.36165,1.36165,0,1.05191,2.32848,8.8787e+06,3.90788e+06,1.20897e+07,0,0,0,9.47756e+07
94.3805,94.3805,3.61431,0,0,2.99097,2.99097,0,0.560454,5.11056,4.2723e+06,2.92367e+06,1.27783e+07,0,0,0,0,71.5777,70.5495,5.84106,0,0,1.36178,1.36178,0,1.05201,2.32848,8.8787e+06,3.90788e+06,1.20909e+07,0,0,0,9.47756e+07
94.3805,94.3805,3.37754,0,0,2.99126,2.99126,0,0.560508,5.11056,4.2723e+06,2.92367e+06,1.27796e+07,0,0,0,0,71.5777,70.5495,4.63558,0,0,1.36191,1.36191,0,1.05211,2.32848,8.8787e+06,3.90788e+06,1.2092e+07,0,0,0,9.47756e+07
94.1904,94.3805,3.10736,0,0,3.13346,3.13346,0,0.560562,5.11056,4.2723e+06,2.92367e+06,1.33871e+07,0,0,0,0,71.5777,70.5495,4.46612,0,0,1.43569,1.43569,0,1.05222,2.32848,8.8787e+06,3.90788e+06,1.2747e+07,0,0,0,9.47756e+07
94.172,94.3805,3.24948,0,0,3.13376,3.13376,0,0.587211,5.11056,4.2723e+06,2.92367e+06,1.33884e+07,0,0,0,0,71.5777,70.5495,4.79919,0,0,1.43582,1.43582,0,1.10921,2.32848,8.8787e+06,3.90788e+06,1.27483e+07,0,0,0,9.47756e+07
93.9956,94.3805,3.06178,0,0,3.13407,3.13407,0,0.587267,5.11056,4.2723e+06,2.92367e+06,1.33897e+07,0,0,0,0,71.5777,70.5495,4.87747,0,0,1.43596,1.43596,0,1.10932,2.32848,8.8787e+06,3.90788e+06,1.27495e+07,0,0,0,9.47756e+07
93.7146,94.3805,2.94413,0,0,3.13437,3.13437,0,0.587324,5.11056,4.2723e+06,2.92367e+06,1.33909e+07,0,0,0,0,71.5777,70.5495,4.75962,0,0,1.4361,1.4361,0,1.10942,2.32848,8.8787e+06,3.90788e+06,1.27507e+07,0,0,0,9.47756e+07
93.2718,94.3805,2.75712,0,0,3.13467,3.13467,0,0.587381,5.11056,4.2723e+06,2.92367e+06,1.33922e+07,0,0,0,0,71.5777,70.5495,4.43256,0,0,1.43624,1.43624,0,1.10953,2.32848,8.8787e+06,3.90788e+06,1.27519e+07,0,0,0,9.47756e+07
93.6612,94.3805,3.5453,0,0,3.10689,3.10689,0,0.587437,5.11056,4.2723e+06,2.92367e+06,1.32736e+07,0,0,0,0,71.5777,70.5495,4.17358,0,0,1.47687,1.47687,0,1.10964,2.32848,8.8787e+06,3.90788e+06,1.31127e+07,0,0,0,9.47756e+07
93.9017,94.3805,3.38258,0,0,3.10719,3.10719,0,0.582232,5.11056,4.2723e+06,2.92367e+06,1.32749e+07,0,0,0,0,71.5777,70.5495,4.09179,0,0,1.47701,1.47701,0,1.14103,2.32848,8.8787e+06,3.90788e+06,1.3114e+07,0,0,0,9.47756e+07
93.9916,94.3805,3.20021,0,0,3.10749,3.10749,0,0.582288,5.11056,4.2723e+06,2.92367e+06,1.32761e+07,0,0,0,0,71.5777,70.5495,4.09057,0,0,1.47716,1.47716,0,1.14114,2.32848,8.8787e+06,3.90788e+06,1.31152e+07,0,0,0,9.47756e+07
93.8257,94.3805,2.94515,0,0,3.10779,3.10779,0,0.582345,5.11056,4.2723e+06,2.92367e+06,1.32774e+07,0,0,0,0,71.5777,70.5495,3.95118,0,0,1.4773,1.4773,0,1.14125,2.32848,8.8787e+06,3.90788e+06,1.31165e+07,0,0,0,9.47756e+07
93.8609,94.3805,3.18423,0.01,0,3.18063,3.18063,0,0.582401,5.11056,4.2723e+06,2.92367e+06,1.35886e+07,0,0,0,0,71.5777,70.5495,4.07339,0,0,1.51354,1.51354,0,1.14136,2.32848,8.8787e+06,3.90788e+06,1.34383e+07,0,0,0,9.47756e+07
94.0603,94.3805,3.34018,0.01,0,3.18094,3.18094,0,0.59605,5.11056,4.2723e+06,2.92367e+06,1.35899e+07,0,0,0,0,71.5777,70.5495,4.3346,0,0,1.51369,1.51369,0,1.16936,2.32848,8.8787e+06,3.90788e+06,1.34396e+07,0,0,0,9.47756e+07
93.906,94.3805,2.97827,0.01,0,3.18125,3.18125,0,0.596108,5.11056,4.2723e+06,2.92367e+06,1.35912e+07,0,0,0,0,71.5777,70.5495,4.10483,0,0,1.51384,1.51384,0,1.16948,2.32848,8.8787e+06,3.90788e+06,1.34409e+07,0,0,0,9.47756e+07
93.5205,94.3805,2.73099,0.01,0,3.18155,3.18155,0,0.596165,5.11056,4.2723e+06,2.92367e+06,1.35925e+07,0,0,0,0,71.5777,70.5495,3.83921,0,0,1.51398,1.51398,0,1.16959,2.32848,8.8787e+06,3.90788e+06,1.34422e+07,0,0,0,9.47756e+07
92.6377,94.3805,2.36792,0.01,0,3.39436,3.39436,0,0.596223,5.11056,4.2723e+06,2.92367e+06,1.45017e+07,0,0,0,0,71.5777,70.5495,3.76711,0,0,1.64449,1.64449,0,1.1697,2.32848,8.8787e+06,3.90788e+06,1.46009e+07,0,0,0,9.47756e+07
91.7124,94.3805,2.3351,0.01,0,3.39469,3.39469,0,0.636103,5.11056,4.2723e+06,2.92367e+06,1.45031e+07,0,0,0,0,71.5777,70.5495,3.83098,0,0,1.64465,1.64465,0,1.27053,2.32848,8.8787e+06,3.90788e+06,1.46023e+07,0,0,0,9.47756e+07
91.1327,94.3805,2.68727,0.01,0,3.39502,3.39502,0,0.636165,5.11056,4.2723e+06,2.92367e+06,1.45045e+07,0,0,0,0,71.5777,70.5495,3.81967,0,0,1.64481,1.64481,0,1.27065,2.32848,8.8787e+06,3.90788e+06,1.46037e+07,0,0,0,9.47756e+07
89.9056,94.3805,2.00436,0.01,0,3.39534,3.39534,0,0.636226,5.11056,4.2723e+06,2.92367e+06,1.45059e+07,0,0,0,0,71.5777,70.5495,3.51941,0,0,1.64496,1.64496,0,1.27078,2.32848,8.8787e+06,3.90788e+06,1.46051e+07,0,0,0,9.47756e+07
88.7784,94.3805,2.09181,0.01,0,3.39567,3.39567,0,0.636288,5.11056,4.2723e+06,2.92367e+06,1.45073e+07,0,0,0,0,71.5777,70.5495,3.44559,0,0,1.64512,1.64512,0,1.2709,2.32848,8.8787e+06,3.90788e+06,1.46066e+07,0,0,0,9.47756e+07
88.8458,94.3805,3.33324,0.03,0,3.29238,3.29238,0,0.636349,5.11056,4.2723e+06,2.92367e+06,1.4066e+07,0,0,0,0,71.5777,70.5495,4.34509,0,0,1.56612,1.56612,0,1.27102,2.32848,8.8787e+06,3.90788e+06,1.39051e+07,0,0,0,9.47756e+07
89.2144,94.3805,3.73488,0.03,0,3.2927,3.2927,0,0.616993,5.11056,4.2723e+06,2.92367e+06,1.40674e+07,0,0,0,0,71.5777,70.5495,4.7551,0,0,1.56627,1.56627,0,1.20998,2.32848,8.8787e+06,3.90788e+06,1.39065e+07,0,0,0,9.47756e+07
89.7016,94.3805,3.94365,0.03,0,3.29302,3.29302,0,0.617052,5.11056,4.2723e+06,2.92367e+06,1.40688e+07,0,0,0,0,71.5777,70.5495,7.12742,0,0,1.56642,1.56642,0,1.2101,2.32848,8.8787e+06,3.90788e+06,1.39078e+07,0,0,0,9.47756e+07
90.1515,94.3805,3.91026,0.02,0,3.29334,3.29334,0,0.617112,5.11056,4.2723e+06,2.92367e+06,1.40701e+07,0,0,0,0,71.5777,70.5495,8.2598,0,0,1.56657,1.56657,0,1.21022,2.32848,8.8787e+06,3.90788e+06,1.39091e+07,0,0,0,9.47756e+07
89.8816,94.3805,3.05887,0.02,0,3.20857,3.20857,0,0.617171,5.11056,4.2723e+06,2.92367e+06,1.3708e+07,0,0,0,0,71.5777,70.5495,5.02543,0,0,1.49464,1.49464,0,1.21033,2.32848,8.8787e+06,3.90788e+06,1.32705e+07,0,0,0,9.47756e+07
88.4861,94.3805,1.85624,0.02,0,3.20888,3.20888,0,0.601286,5.11056,4.2723e+06,2.92367e+06,1.37093e+07,0,0,0,0,71.5777,70.5495,3.31686,0,0,1.49478,1.49478,0,1.15476,2.32848,8.8787e+06,3.90788e+06,1.32717e+07,0,0,0,9.47756e+07
87.701,94.3805,2.62035,0.01,0,3.20919,3.20919,0,0.601344,5.11056,4.2723e+06,2.92367e+06,1.37106e+07,0,0,0,0,71.5777,70.5495,4.31172,0,0,1.49493,1.49493,0,1.15487,2.32848,8.8787e+06,3.90788e+06,1.3273e+07,0,0,0,9.47756e+07
88.1711,94.3805,3.95249,0.01,0,3.2095,3.2095,0,0.601402,5.11056,4.2723e+06,2.92367e+06,1.37119e+07,0,0,0,0,71.5777,70.5495,5.55818,0,0,1.49507,1.49507,0,1.15498,2.32848,8.8787e+06,3.90788e+06,1.32743e+07,0,0,0,9.47756e+07
91.1818,94.3805,6.47228,0.01,0,2.96808,2.96808,0,0.60146,5.11056,4.2723e+06,2.92367e+06,1.26805e+07,0,0,0,0,71.5777,70.5495,6.83148,0,0,1.34503,1.34503,0,1.15509,2.32848,8.8787e+06,3.90788e+06,1.19421e+07,0,0,0,9.47756e+07
92.4552,94.3805,4.58073,0.01,0,2.96836,2.96836,0,0.556217,5.11056,4.2723e+06,2.92367e+06,1.26817e+07,0,0,0,0,71.5777,70.5495,3.31521,0,0,1.34516,1.34516,0,1.03917,2.32848,8.8787e+06,3.90788e+06,1.19432e+07,0,0,0,9.47756e+07
94.3805,94.3805,5.53237,0.01,0,2.96865,2.96865,0,0.556271,5.11056,4.2723e+06,2.92367e+06,1.26829e+07,0,0,0,0,71.5777,70.5495,5.261,0,0,1.34529,1.34529,0,1.03927,2.32848,8.8787e+06,3.90788e+06,1.19444e+07,0,0,0,9.47756e+07
94.3805,94.3805,8.7017,0,0,2.96893,2.96893,0,0.556325,5.11056,4.2723e+06,2.92367e+06,1.26842e+07,0,0,0,0,71.5777,70.5495,8.28994,0,0,1.34542,1.34542,0,1.03937,2.32848,8.8787e+06,3.90788e+06,1.19456e+07,0,0,0,9.47756e+07
94.3805,94.3805,4.90288,0,0,2.96922,2.96922,0,0.556378,5.11056,4.2723e+06,2.92367e+06,1.26854e+07,0,0,0,0,71.5777,70.5495,3.86194,0,0,1.34555,1.34555,0,1.03947,2.32848,8.8787e+06,3.90788e+06,1.19467e+07,0,0,0,9.47756e+07
94.3805,94.3805,4.01856,0,0,3.06253,3.06253,0,0.556432,5.11056,4.2723e+06,2.92367e+06,1.3084e+07,0,0,0,0,71.5777,70.5495,5.79417,0,0,1.38918,1.38918,0,1.03957,2.32848,8.8787e+06,3.90788e+06,1.23341e+07,0,0,0,9.47756e+07
94.1087,94.3805,3.14171,0,0,3.0628,3.0628,0,0.573917,5.11056,4.2723e+06,2.92367e+06,1.30852e+07,0,0,0,0,71.5777,70.5495,5.39723,0,0,1.38931,1.38931,0,1.07328,2.32848,8.8787e+06,3.90788e+06,1.23352e+07,0,0,0,9.47756e+07
94.2101,94.3805,3.62095,0,0,3.06308,3.06308,0,0.573969,5.11056,4.2723e+06,2.92367e+06,1.30864e+07,0,0,0,0,71.5777,70.5495,5.9027,0,0,1.38943,1.38943,0,1.07338,2.32848,8.8787e+06,3.90788e+06,1.23364e+07,0,0,0,9.47756e+07
94.3805,94.3805,4.06271,0.01,0,3.06335,3.06335,0,0.57402,5.11056,4.2723e+06,2.92367e+06,1.30875e+07,0,0,0,0,71.5777,70.5495,5.32654,0,0,1.38956,1.38956,0,1.07348,2.32848,8.8787e+06,3.90788e+06,1.23375e+07,0,0,0,9.47756e+07
94.3805,94.3805,3.98709,0,0,3.36244,3.36244,0,0.574072,5.11056,4.2723e+06,2.92367e+06,1.43654e+07,0,0,0,0,71.5777,70.5495,5.14039,0,0,1.55308,1.55308,0,1.07357,2.32848,8.8787e+06,3.90788e+06,1.37893e+07,0,0,0,9.47756e+07
94.3805,94.3805,4.12391,0,0,3.36274,3.36274,0,0.630122,5.11056,4.2723e+06,2.92367e+06,1.43666e+07,0,0,0,0,71.5777,70.5495,5.01143,0,0,1.55322,1.55322,0,1.19991,2.32848,8.8787e+06,3.90788e+06,1.37906e+07,0,0,0,9.47756e+07
94.3805,94.3805,4.15135,0,0,3.36305,3.36305,0,0.630178,5.11056,4.2723e+06,2.92367e+06,1.43679e+07,0,0,0,0,71.5777,70.5495,4.72691,0,0,1.55336,1.55336,0,1.20002,2.32848,8.8787e+06,3.90788e+06,1.37918e+07,0,0,0,9.47756e+07
94.2651,94.3805,3.60759,0,0,3.36335,3.36335,0,0.630235,5.11056,4.2723e+06,2.92367e+06,1.43692e+07,0,0,0,0,71.5777,70.5495,4.30148,0,0,1.5535,1.5535,0,1.20012,2.32848,8.8787e+06,3.90788e+06,1.3793e+07,0,0,0,9.47756e+07
94.3805,94.3805,3.88532,0,0,2.93729,2.93729,0,0.630291,5.11056,4.2723e+06,2.92367e+06,1.2549e+07,0,0,0,0,71.5777,70.5495,5.99566,0,0,1.33428,1.33428,0,1.20023,2.32848,8.8787e+06,3.90788e+06,1.18466e+07,0,0,0,9.47756e+07
94.3805,94.3805,5.15023,0,0,2.93755,2.93755,0,0.550447,5.11056,4.2723e+06,2.92367e+06,1.25501e+07,0,0,0,0,71.5777,70.5495,8.21141,0,0,1.3344,1.3344,0,1.03086,2.32848,8.8787e+06,3.90788e+06,1.18477e+07,0,0,0,9.47756e+07
94.3805,94.3805,5.45998,0,0,2.93781,2.93781,0,0.550497,5.11056,4.2723e+06,2.92367e+06,1.25512e+07,0,0,0,0,71.5777,70.5495,7.62028,0,0,1.33452,1.33452,0,1.03095,2.32848,8.8787e+06,3.90788e+06,1.18488e+07,0,0,0,9.47756e+07
94.3805,94.3805,4.96075,0,0,2.93808,2.93808,0,0.550546,5.11056,4.2723e+06,2.92367e+06,1.25523e+07,0,0,0,0,71.5777,70.5495,8.39999,0,0,1.33464,1.33464,0,1.03105,2.32848,8.8787e+06,3.90788e+06,1.18498e+07,0,0,0,9.47756e+07
94.3805,94.3805,6.43409,0,0,2.93834,2.93834,0,0.550595,5.11056,4.2723e+06,2.92367e+06,1.25535e+07,0,0,0,0,71.5777,70.5495,9.63149,0,0,1.33475,1.33475,0,1.03114,2.32848,8.8787e+06,3.90788e+06,1.18509e+07,0,0,0,9.47756e+07
94.3805,94.3805,5.01368,0,0,3.04597,3.04597,0,0.550645,5.11056,4.2723e+06,2.92367e+06,1.30133e+07,0,0,0,0,71.5777,70.5495,5.87521,0,0,1.38856,1.38856,0,1.03123,2.32848,8.8787e+06,3.90788e+06,1.23286e+07,0,0,0,9.47756e+07
94.3805,94.3805,4.52736,0,0,3.04625,3.04625,0,0.570815,5.11056,4.2723e+06,2.92367e+06,1.30145e+07,0,0,0,0,71.5777,70.5495,5.31764,0,0,1.38869,1.38869,0,1.0728,2.32848,8.8787e+06,3.90788e+06,1.23297e+07,0,0,0,9.47756e+07
94.3805,94.3805,4.64908,0,0,3.04652,3.04652,0,0.570866,5.11056,4.2723e+06,2.92367e+06,1.30156e+07,0,0,0,0,71.5777,70.5495,6.05645,0,0,1.38881,1.38881,0,1.0729,2.32848,8.8787e+06,3.90788e+06,1.23308e+07,0,0,0,9.47756e+07
94.3805,94.3805,4.95522,0,0,3.04679,3.04679,0,0.570918,5.11056,4.2723e+06,2.92367e+06,1.30168e+07,0,0,0,0,71.5777,70.5495,5.81739,0,0,1.38894,1.38894,0,1.073,2.32848,8.8787e+06,3.90788e+06,1.23319e+07,0,0,0,9.47756e+07
94.3805,94.3805,3.34319,0,0,3.00507,3.00507,0,0.570969,5.11056,4.2723e+06,2.92367e+06,1.28385e+07,0,0,0,0,71.5777,70.5495,3.6927,0,0,1.3682,1.3682,0,1.07309,2.32848,8.8787e+06,3.90788e+06,1.21478e+07,0,0,0,9.47756e+07
93.7423,94.3805,2.54229,0,0,3.00534,3.00534,0,0.56315,5.11056,4.2723e+06,2.92367e+06,1.28397e+07,0,0,0,0,71.5777,70.5495,2.60531,0,0,1.36832,1.36832,0,1.05707,2.32848,8.8787e+06,3.90788e+06,1.21489e+07,0,0,0,9.47756e+07
94.3447,94.3805,3.80101,0,0,3.00561,3.00561,0,0.5632,5.11056,4.2723e+06,2.92367e+06,1.28408e+07,0,0,0,0,71.5777,70.5495,3.02573,0,0,1.36845,1.36845,0,1.05717,2.32848,8.8787e+06,3.90788e+06,1.215e+07,0,0,0,9.47756e+07
93.8306,94.3805,2.60542,0,0,3.00588,3.00588,0,0.563251,5.11056,4.2723e+06,2.92367e+06,1.2842e+07,0,0,0,0,71.5777,70.5495,2.67617,0,0,1.36857,1.36857,0,1.05726,2.32848,8.8787e+06,3.90788e+06,1.21511e+07,0,0,0,9.47756e+07
92.911,94.3805,2.25151,0,0,3.14875,3.14875,0,0.563301,5.11056,4.2723e+06,2.92367e+06,1.34524e+07,0,0,0,0,71.5777,70.5495,2.27853,0,0,1.44269,1.44269,0,1.05736,2.32848,8.8787e+06,3.90788e+06,1.28092e+07,0,0,0,9.47756e+07
91.9854,94.3805,2.18836,0,0,3.14903,3.14903,0,0.590076,5.11056,4.2723e+06,2.92367e+06,1.34536e+07,0,0,0,0,71.5035,70.5495,2.1601,0,0,1.44282,1.44282,0,1.11462,2.32848,8.8787e+06,3.90788e+06,1.28104e+07,0,0,0,9.47756e+07
90.8672,94.3805,1.97184,0,0,3.14931,3.14931,0,0.590128,5.11056,4.2723e+06,2.92367e+06,1.34548e+07,0,0,0,0,71.3702,70.5495,1.98938,0,0,1.44295,1.44295,0,1.11472,2.32848,8.8787e+06,3.90788e+06,1.28115e+07,0,0,0,9.47756e+07
89.7109,94.3805,1.90993,0,0,3.1496,3.1496,0,0.590181,5.11056,4.2723e+06,2.92367e+06,1.3456e+07,0,0,0,0,71.117,70.5495,1.8122,0,0,1.44308,1.44308,0,1.11482,2.32848,8.8787e+06,3.90788e+06,1.28127e+07,0,0,0,9.47756e+07
88.3646,94.3805,1.6827,0,0,3.14988,3.14988,0,0.590234,5.11056,4.2723e+06,2.92367e+06,1.34572e+07,0,0,0,0,70.7864,70.5495,1.69197,0,0,1.44321,1.44321,0,1.11492,2.32848,8.8787e+06,3.90788e+06,1.28138e+07,0,0,0,9.47756e+07
86.5591,94.3805,1.15825,0,0,3.12195,3.12195,0,0.590287,5.11056,4.2723e+06,2.92367e+06,1.33379e+07,0,0,0,0,70.4939,70.5495,1.67812,0,0,1.48403,1.48403,0,1.11502,2.32848,8.8787e+06,3.90788e+06,1.31762e+07,0,0,0,9.47756e+07
84.7019,94.3805,1.08903,0,0,3.12223,3.12223,0,0.585053,5.11056,4.2723e+06,2.92367e+06,1.33391e+07,0,0,0,0,70.241,70.5495,1.68891,0,0,1.48416,1.48416,0,1.14656,2.32848,8.8787e+06,3.90788e+06,1.31774e+07,0,0,0,9.47756e+07
82.8287,94.3805,1.04031,0.01,0,3.12251,3.12251,0,0.585105,5.11056,4.2723e+06,2.92367e+06,1.33403e+07,0,0,0,0,69.8452,70.5495,1.68378,0,0,1.48429,1.48429,0,1.14666,2.32848,8.8787e+06,3.90788e+06,1.31786e+07,0,0,0,9.47756e+07
80.8836,94.3805,0.920737,0.01,0,3.12279,3.12279,0,0.585158,5.11056,4.2723e+06,2.92367e+06,1.33415e+07,0,0,0,0,69.3981,70.5495,1.54494,0,0,1.48443,1.48443,0,1.14676,2.32848,8.8787e+06,3.90788e+06,1.31798e+07,0,0,0,9.47756e+07
78.8605,94.3805,0.862027,0.02,0,3.19595,3.19595,0,0.58521,5.11056,4.2723e+06,2.92367e+06,1.36541e+07,0,0,0,0,68.8428,70.5495,1.51469,0,0,1.52083,1.52083,0,1.14687,2.32848,8.8787e+06,3.90788e+06,1.3503e+07,0,0,0,9.47756e+07
76.8357,94.3805,0.824993,0.02,0,3.19624,3.19624,0,0.598921,5.11056,4.2723e+06,2.92367e+06,1.36553e+07,0,0,0,0,68.2311,70.5495,1.45289,0,0,1.52097,1.52097,0,1.175,2.32848,8.8787e+06,3.90788e+06,1.35042e+07,0,0,0,9.47756e+07
74.7531,94.3805,0.738645,0.02,0,3.19653,3.19653,0,0.598975,5.11056,4.2723e+06,2.92367e+06,1.36565e+07,0,0,0,0,67.5625,70.5495,1.37614,0,0,1.52111,1.52111,0,1.1751,2.32848,8.8787e+06,3.90788e+06,1.35055e+07,0,0,0,9.47756e+07
72.6428,94.3805,0.678361,0.04,0,3.19681,3.19681,0,0.599029,5.11056,4.2723e+06,2.92367e+06,1.36577e+07,0,0,0,0,66.8787,70.5495,1.28815,0,0,1.52124,1.52124,0,1.17521,2.32848,8.8787e+06,3.90788e+06,1.35067e+07,0,0,0,9.47756e+07
70.3436,94.3805,0.592704,0.04,0,3.41062,3.41062,0,0.599083,5.11056,4.2723e+06,2.92367e+06,1.45712e+07,0,0,0,0,65.8642,70.5495,1.27803,0,0,1.65236,1.65236,0,1.17531,2.32848,8.8787e+06,3.90788e+06,1.46708e+07,0,0,0,9.47756e+07
67.9802,94.3805,0.53411,0.04,0,3.41092,3.41092,0,0.63915,5.11056,4.2723e+06,2.92367e+06,1.45725e+07,0,0,0,0,65.2389,70.5495,1.04338,0,0,1.65251,1.65251,0,1.27662,2.32848,8.8787e+06,3.90788e+06,1.46722e+07,0,0,0,9.47756e+07
65.6273,94.3805,0.503885,0.05,0,3.41123,3.41123,0,0.639207,5.11056,4.2723e+06,2.92367e+06,1.45738e+07,0,0,0,0,64.5667,70.5495,1.40201,0,0,1.65266,1.65266,0,1.27673,2.32848,8.8787e+06,3.90788e+06,1.46735e+07,0,0,0,9.47756e+07
63.3496,94.3805,0.481101,0.07,0,3.33188,3.41154,0,0.639265,5.11056,4.2723e+06,2.92367e+06,1.42348e+07,0,0,0,0,63.91,70.5495,1.36266,0,0,1.61422,1.65281,0,1.27685,2.32848,8.8787e+06,3.90788e+06,1.43321e+07,0,0,0,9.47756e+07
61.1134,94.3805,0.478399,0.07,0,3.33218,3.41184,0,0.624394,5.11056,4.2723e+06,2.92367e+06,1.42361e+07,0,0,0,0,63.5393,70.5495,1.34654,0,0,1.61436,1.65296,0,1.24714,2.32848,8.8787e+06,3.90788e+06,1.43334e+07,0,0,0,9.47756e+07
58.9075,94.3805,0.397867,0.06,0,3.2308,3.30804,0,0.62445,5.11056,4.2723e+06,2.92367e+06,1.38029e+07,0,0,0,0,62.7565,70.5495,1.74861,0,0,1.53683,1.57357,0,1.24726,2.32848,8.8787e+06,3.90788e+06,1.3645e+07,0,0,0,9.47756e+07
56.6345,94.3805,0.322904,0.05,0,3.30834,3.30834,0,0.605452,5.11056,4.2723e+06,2.92367e+06,1.41342e+07,0,0,0,0,61.7422,70.5495,0.951067,0,0,1.57371,1.57371,0,1.18735,2.32848,8.8787e+06,3.90788e+06,1.39725e+07,0,0,0,9.47756e+07
54.4068,94.3805,0.312095,0.05,0,3.30863,3.30863,0,0.619982,5.11056,4.2723e+06,2.92367e+06,1.41355e+07,0,0,0,0,60.99,70.5495,0.874166,0,0,1.57385,1.57385,0,1.21585,2.32848,8.8787e+06,3.90788e+06,1.39737e+07,0,0,0,9.47756e+07
52.6274,94.3805,0.664626,0.09,0,2.92263,3.30893,0,0.620038,5.11056,4.2723e+06,3.5084e+06,1.24863e+07,0,0,0,0,60.8348,70.5495,1.4528,0,0,1.39023,1.57399,0,1.21596,2.32848,8.8787e+06,4.68946e+06,1.23435e+07,0,0,0,9.47756e+07
51.2218,94.3805,0.946149,0.09,0,2.84738,3.22374,0,0.5477,5.11056,4.2723e+06,3.5084e+06,1.21649e+07,0,0,0,0,60.2959,70.5495,1.49058,0,0,1.32639,1.50171,0,1.07409,2.32848,8.8787e+06,4.68946e+06,1.17766e+07,0,0,0,9.47756e+07
49.56,94.3805,0.76131,0.08,0,3.07347,3.22403,0,0.533599,5.11056,4.2723e+06,2.92367e+06,1.31308e+07,0,0,0,0,60.1621,70.5495,1.03489,0,0,1.43171,1.50184,0,1.02477,2.32848,8.8787e+06,3.90788e+06,1.27117e+07,0,0,0,9.47756e+07
48.8154,94.3805,1.76141,0.06,0,3.14903,3.22432,0,0.575969,5.11056,4.2723e+06,2.92367e+06,1.34536e+07,0,0,0,0,60.4814,70.5495,2.75559,0,0,1.4669,1.50197,0,1.10614,2.32848,8.8787e+06,3.90788e+06,1.30242e+07,0,0,0,9.47756e+07
48.6912,94.3805,2.46665,0.06,0,3.14932,3.22461,0,0.590129,5.11056,4.2723e+06,2.92367e+06,1.34548e+07,0,0,0,0,61.1565,70.5495,4.52425,0,0,1.46704,1.50211,0,1.13333,2.32848,8.8787e+06,3.90788e+06,1.30254e+07,0,0,0,9.47756e+07
48.4453,94.3805,2.10679,0.06,0,2.9124,2.98202,0,0.590182,5.11056,4.2723e+06,2.92367e+06,1.24426e+07,0,0,0,0,61.7804,70.5495,3.48654,0,0,1.3198,1.35135,0,1.13343,2.32848,8.8787e+06,3.90788e+06,1.17181e+07,0,0,0,9.47756e+07
47.5159,94.3805,1.37018,0.07,0,2.91266,2.98229,0,0.545783,5.11056,4.2723e+06,2.92367e+06,1.24437e+07,0,0,0,0,62.1716,70.5495,3.41462,0,0,1.31991,1.35147,0,1.01967,2.32848,8.8787e+06,3.90788e+06,1.17191e+07,0,0,0,9.47756e+07
47.3438,94.3805,2.17645,0.08,0,2.84328,2.98256,0,0.545832,5.11056,4.2723e+06,2.92367e+06,1.21473e+07,0,0,0,0,62.6851,70.5495,3.99818,0,0,1.28847,1.35159,0,1.01977,2.32848,8.8787e+06,3.90788e+06,1.144e+07,0,0,0,9.47756e+07
47.5384,94.3805,2.50208,0.09,0,2.63459,2.98283,0,0.53283,5.11056,4.2723e+06,3.5084e+06,1.12558e+07,0,0,0,0,63.3212,70.5495,3.88424,0,0,1.1939,1.35171,0,0.995475,2.32848,8.8787e+06,4.68946e+06,1.06003e+07,0,0,0,9.47756e+07
47.9572,94.3805,2.82846,0.09,0,2.63483,2.98309,0,0.493723,5.11056,4.2723e+06,3.5084e+06,1.12568e+07,0,0,0,0,64.1022,70.5495,3.87137,0,0,1.19401,1.35183,0,0.922411,2.32848,8.8787e+06,4.68946e+06,1.06013e+07,0,0,0,9.47756e+07
49.1852,94.3805,3.63079,0.11,0,2.63483,2.98309,0,0.493767,5.11056,4.2723e+06,3.5084e+06,1.12568e+07,0,0,0,0,64.9429,70.5495,4.79086,0,0,1.19401,1.35183,0,0.922494,2.32848,8.8787e+06,4.68946e+06,1.06013e+07,0,0,0,9.47756e+07
50.5968,94.3805,3.86908,0.12,0,2.71761,3.07681,0,0.493767,5.11056,4.2723e+06,3.5084e+06,1.16104e+07,0,0,0,0,65.663,70.5495,5.20592,0,0,1.23273,1.39566,0,0.922494,2.32848,8.8787e+06,4.68946e+06,1.0945e+07,0,0,0,9.47756e+07
51.6637,94.3805,3.52576,0.12,0,2.71783,3.07707,0,0.50928,5.11056,4.2723e+06,3.5084e+06,1.16114e+07,0,0,0,0,66.3033,70.5495,4.83214,0,0,1.23283,1.39578,0,0.952404,2.32848,8.8787e+06,4.68946e+06,1.09459e+07,0,0,0,9.47756e+07
52.7443,94.3805,3.59697,0.12,0,2.71806,3.07732,0,0.509322,5.11056,4.2723e+06,3.5084e+06,1.16124e+07,0,0,0,0,66.9557,70.5495,4.9147,0,0,1.23293,1.3959,0,0.952483,2.32848,8.8787e+06,4.68946e+06,1.09468e+07,0,0,0,9.47756e+07
53.9052,94.3805,3.74613,0.13,0,2.71828,3.07758,0,0.509364,5.11056,4.2723e+06,3.5084e+06,1.16133e+07,0,0,0,0,67.5655,70.5495,4.99736,0,0,1.23303,1.39601,0,0.952562,2.32848,8.8787e+06,4.68946e+06,1.09477e+07,0,0,0,9.47756e+07
54.6986,94.3805,3.48269,0.14,0,2.98367,3.37804,0,0.509407,5.11056,4.2723e+06,3.5084e+06,1.27471e+07,0,0,0,0,67.9529,70.5495,4.07972,0,0,1.37813,1.56028,0,0.952641,2.32848,8.8787e+06,4.68946e+06,1.2236e+07,0,0,0,9.47756e+07
55.8428,94.3805,3.90097,0.13,0,2.98391,3.37832,0,0.559139,5.11056,4.2723e+06,3.5084e+06,1.27482e+07,0,0,0,0,68.4194,70.5495,4.63336,0,0,1.37824,1.56041,0,1.06474,2.32848,8.8787e+06,4.68946e+06,1.2237e+07,0,0,0,9.47756e+07
57.0253,94.3805,3.97181,0.14,0,2.98416,3.3786,0,0.559186,5.11056,4.2723e+06,3.5084e+06,1.27492e+07,0,0,0,0,68.8201,70.5495,4.10539,0,0,1.37835,1.56054,0,1.06483,2.32848,8.8787e+06,4.68946e+06,1.2238e+07,0,0,0,9.47756e+07
58.4575,94.3805,4.27618,0.1,0,2.98441,3.37888,0,0.559232,5.11056,4.2723e+06,3.5084e+06,1.27503e+07,0,0,0,0,69.3264,70.5495,5.14902,0,0,1.37847,1.56067,0,1.06492,2.32848,8.8787e+06,4.68946e+06,1.2239e+07,0,0,0,9.47756e+07
61.1001,94.3805,5.43332,0.1,0,2.60633,2.95083,0,0.559278,5.11056,4.2723e+06,3.5084e+06,1.1135e+07,0,0,0,0,70.2365,70.5495,5.42674,0,0,1.18394,1.34043,0,1.065,2.32848,8.8787e+06,4.68946e+06,1.05118e+07,0,0,0,9.47756e+07
64.0633,94.3805,5.81021,0.11,0,2.60655,2.95107,0,0.488427,5.11056,4.2723e+06,3.5084e+06,1.11359e+07,0,0,0,0,71.5777,70.5495,7.09119,0,0,1.18404,1.34054,0,0.914712,2.32848,8.8787e+06,4.68946e+06,1.05127e+07,0,0,0,9.47756e+07
66.7092,94.3805,5.5926,0.11,0,2.60676,2.95132,0,0.488467,5.11056,4.2723e+06,3.5084e+06,1.11369e+07,0,0,0,0,71.5777,70.5495,6.43552,0,0,1.18414,1.34065,0,0.914787,2.32848,8.8787e+06,4.68946e+06,1.05136e+07,0,0,0,9.47756e+07
69.8194,94.3805,6.30377,0.05,0,2.95156,2.95156,0,0.488508,5.11056,4.2723e+06,2.92367e+06,1.261e+07,0,0,0,0,71.5777,70.5495,9.70394,0,0,1.34076,1.34076,0,0.914863,2.32848,8.8787e+06,3.90788e+06,1.19042e+07,0,0,0,9.47756e+07
73.9428,94.3805,7.40861,0.06,0,2.88289,2.95181,0,0.553123,5.11056,4.2723e+06,2.92367e+06,1.23165e+07,0,0,0,0,71.5777,70.5495,11.3718,0,0,1.30957,1.34087,0,1.03587,2.32848,8.8787e+06,3.90788e+06,1.16272e+07,0,0,0,9.47756e+07
76.1897,94.3805,5.52871,0.06,0,2.98847,3.05991,0,0.540253,5.11056,4.2723e+06,2.92367e+06,1.27676e+07,0,0,0,0,71.5777,70.5495,7.11444,0,0,1.36235,1.39492,0,1.01177,2.32848,8.8787e+06,3.90788e+06,1.20959e+07,0,0,0,9.47756e+07
77.4504,94.3805,4.58748,0.02,0,3.06017,3.06017,0,0.560039,5.11056,4.2723e+06,2.92367e+06,1.30739e+07,0,0,0,0,71.5777,70.5495,4.96793,0,0,1.39503,1.39503,0,1.05255,2.32848,8.8787e+06,3.90788e+06,1.23861e+07,0,0,0,9.47756e+07
78.3956,94.3805,4.30137,0.02,0,3.06042,3.06042,0,0.573476,5.11056,4.2723e+06,2.92367e+06,1.3075e+07,0,0,0,0,71.5777,70.5495,4.25642,0,0,1.39515,1.39515,0,1.0778,2.32848,8.8787e+06,3.90788e+06,1.23871e+07,0,0,0,9.47756e+07
79.3245,94.3805,4.17197,0.02,0,3.06068,3.06068,0,0.573523,5.11056,4.2723e+06,2.92367e+06,1.30761e+07,0,0,0,0,71.5777,70.5495,4.59821,0,0,1.39526,1.39526,0,1.07789,2.32848,8.8787e+06,3.90788e+06,1.23881e+07,0,0,0,9.47756e+07
80.1289,94.3805,3.95533,0.02,0,3.01874,3.01874,0,0.573571,5.11056,4.2723e+06,2.92367e+06,1.2897e+07,0,0,0,0,71.5777,70.5495,5.14645,0,0,1.37443,1.37443,0,1.07798,2.32848,8.8787e+06,3.90788e+06,1.22031e+07,0,0,0,9.47756e+07
80.5411,94.3805,3.5157,0.02,0,3.01899,3.01899,0,0.565712,5.11056,4.2723e+06,2.92367e+06,1.2898e+07,0,0,0,0,71.5777,70.5495,4.50653,0,0,1.37454,1.37454,0,1.06188,2.32848,8.8787e+06,3.90788e+06,1.22041e+07,0,0,0,9.47756e+07
80.7155,94.3805,3.24053,0.01,0,3.01924,3.01924,0,0.565759,5.11056,4.2723e+06,2.92367e+06,1.28991e+07,0,0,0,0,71.5777,70.5495,4.20343,0,0,1.37465,1.37465,0,1.06197,2.32848,8.8787e+06,3.90788e+06,1.22051e+07,0,0,0,9.47756e+07
80.756,94.3805,3.07856,0,0,3.01949,3.01949,0,0.565806,5.11056,4.2723e+06,2.92367e+06,1.29002e+07,0,0,0,0,71.5777,70.5495,4.43853,0,0,1.37477,1.37477,0,1.06206,2.32848,8.8787e+06,3.90788e+06,1.22062e+07,0,0,0,9.47756e+07
80.5391,94.3805,2.82765,0,0,3.16299,3.16299,0,0.565853,5.11056,4.2723e+06,2.92367e+06,1.35132e+07,0,0,0,0,71.5777,70.5495,4.04886,0,0,1.44922,1.44922,0,1.06215,2.32848,8.8787e+06,3.90788e+06,1.28672e+07,0,0,0,9.47756e+07
80.048,94.3805,2.52921,0,0,3.16325,3.16325,0,0.592744,5.11056,4.2723e+06,2.92367e+06,1.35144e+07,0,0,0,0,71.5777,70.5495,3.72649,0,0,1.44934,1.44934,0,1.11966,2.32848,8.8787e+06,3.90788e+06,1.28682e+07,0,0,0,9.47756e+07
79.5188,94.3805,2.46986,0,0,3.16351,3.16351,0,0.592794,5.11056,4.2723e+06,2.92367e+06,1.35155e+07,0,0,0,0,71.5777,70.5495,3.37275,0,0,1.44946,1.44946,0,1.11976,2.32848,8.8787e+06,3.90788e+06,1.28693e+07,0,0,0,9.47756e+07
78.7159,94.3805,2.16448,0,0,3.16378,3.16378,0,0.592843,5.11056,4.2723e+06,2.92367e+06,1.35166e+07,0,0,0,0,71.5777,70.5495,3.14849,0,0,1.44958,1.44958,0,1.11985,2.32848,8.8787e+06,3.90788e+06,1.28704e+07,0,0,0,9.47756e+07
77.8242,94.3805,2.05212,0.01,0,3.16404,3.16404,0,0.592892,5.11056,4.2723e+06,2.92367e+06,1.35177e+07,0,0,0,0,71.5777,70.5495,3.22855,0,0,1.4497,1.4497,0,1.11994,2.32848,8.8787e+06,3.90788e+06,1.28714e+07,0,0,0,9.47756e+07
76.7955,94.3805,1.8947,0.01,0,3.13596,3.13596,0,0.592941,5.11056,4.2723e+06,2.92367e+06,1.33978e+07,0,0,0,0,71.55,70.5495,3.34996,0,0,1.49069,1.49069,0,1.12004,2.32848,8.8787e+06,3.90788e+06,1.32354e+07,0,0,0,9.47756e+07
75.6131,94.3805,1.7146,0.01,0,3.13622,3.13622,0,0.587679,5.11056,4.2723e+06,2.92367e+06,1.33989e+07,0,0,0,0,71.4794,70.5495,2.96509,0,0,1.49081,1.49081,0,1.15171,2.32848,8.8787e+06,3.90788e+06,1.32365e+07,0,0,0,9.47756e+07
74.3996,94.3805,1.63189,0.01,0,3.13648,3.13648,0,0.587728,5.11056,4.2723e+06,2.92367e+06,1.34e+07,0,0,0,0,71.3224,70.5495,2.9009,0,0,1.49094,1.49094,0,1.1518,2.32848,8.8787e+06,3.90788e+06,1.32376e+07,0,0,0,9.47756e+07
73.0564,94.3805,1.46191,0.03,0,3.13674,3.13674,0,0.587777,5.11056,4.2723e+06,2.92367e+06,1.34011e+07,0,0,0,0,71.086,70.5495,2.62829,0,0,1.49106,1.49106,0,1.1519,2.32848,8.8787e+06,3.90788e+06,1.32387e+07,0,0,0,9.47756e+07
71.827,94.3805,1.61072,0.03,0,3.21021,3.21021,0,0.587825,5.11056,4.2723e+06,2.92367e+06,1.3715e+07,0,0,0,0,70.8476,70.5495,2.54491,0,0,1.52762,1.52762,0,1.15199,2.32848,8.8787e+06,3.90788e+06,1.35633e+07,0,0,0,9.47756e+07
70.5399,94.3805,1.52356,0.03,0,3.21048,3.21048,0,0.601594,5.11056,4.2723e+06,2.92367e+06,1.37161e+07,0,0,0,0,70.5559,70.5495,2.6864,0,0,1.52775,1.52775,0,1.18024,2.32848,8.8787e+06,3.90788e+06,1.35644e+07,0,0,0,9.47756e+07
69.1826,94.3805,1.42296,0.03,0,3.21074,3.21074,0,0.601644,5.11056,4.2723e+06,2.92367e+06,1.37173e+07,0,0,0,0,70.2306,70.5495,2.45848,0,0,1.52787,1.52787,0,1.18034,2.32848,8.8787e+06,3.90788e+06,1.35655e+07,0,0,0,9.47756e+07
67.8286,94.3805,1.40445,0.03,0,3.21101,3.21101,0,0.601694,5.11056,4.2723e+06,2.92367e+06,1.37184e+07,0,0,0,0,69.941,70.5495,2.63326,0,0,1.528,1.528,0,1.18043,2.32848,8.8787e+06,3.90788e+06,1.35667e+07,0,0,0,9.47756e+07
66.5059,94.3805,1.54103,0.04,0,3.42574,3.42574,0,0.601743,5.11056,4.2723e+06,2.92367e+06,1.46358e+07,0,0,0,0,69.4912,70.5495,2.49301,0,0,1.65969,1.65969,0,1.18053,2.32848,8.8787e+06,3.90788e+06,1.47359e+07,0,0,0,9.47756e+07
65.3675,94.3805,1.73143,0.04,0,3.42603,3.42603,0,0.641984,5.11056,4.2723e+06,2.92367e+06,1.4637e+07,0,0,0,0,69.1381,70.5495,3.02729,0,0,1.65983,1.65983,0,1.28228,2.32848,8.8787e+06,3.90788e+06,1.47371e+07,0,0,0,9.47756e+07
63.9435,94.3805,1.41148,0.05,0,3.42631,3.42631,0,0.642038,5.11056,4.2723e+06,2.92367e+06,1.46382e+07,0,0,0,0,68.6414,70.5495,2.12313,0,0,1.65997,1.65997,0,1.28238,2.32848,8.8787e+06,3.90788e+06,1.47384e+07,0,0,0,9.47756e+07
62.8524,94.3805,1.73337,0.05,0,3.4266,3.4266,0,0.642091,5.11056,4.2723e+06,2.92367e+06,1.46394e+07,0,0,0,0,68.4144,70.5495,3.93123,0,0,1.6601,1.6601,0,1.28249,2.32848,8.8787e+06,3.90788e+06,1.47396e+07,0,0,0,9.47756e+07
61.5233,94.3805,1.52454,0.05,0,3.42688,3.42688,0,0.642144,5.11056,4.2723e+06,2.92367e+06,1.46406e+07,0,0,0,0,68.1152,70.5495,2.75832,0,0,1.66024,1.66024,0,1.2826,2.32848,8.8787e+06,3.90788e+06,1.47408e+07,0,0,0,9.47756e+07
61.663,94.3805,2.9459,0.05,0,3.3226,3.3226,0,0.642197,5.11056,4.2723e+06,2.92367e+06,1.41951e+07,0,0,0,0,68.2793,70.5495,4.94313,0,0,1.58049,1.58049,0,1.2827,2.32848,8.8787e+06,3.90788e+06,1.40327e+07,0,0,0,9.47756e+07
60.5788,94.3805,1.73037,0.05,0,3.32287,3.32287,0,0.622655,5.11056,4.2723e+06,2.92367e+06,1.41963e+07,0,0,0,0,68.1283,70.5495,3.35097,0,0,1.58062,1.58062,0,1.22109,2.32848,8.8787e+06,3.90788e+06,1.40339e+07,0,0,0,9.47756e+07
59.4096,94.3805,1.53164,0.04,0,3.32315,3.32315,0,0.622706,5.11056,4.2723e+06,2.92367e+06,1.41975e+07,0,0,0,0,67.9864,70.5495,2.71704,0,0,1.58075,1.58075,0,1.22119,2.32848,8.8787e+06,3.90788e+06,1.4035e+07,0,0,0,9.47756e+07
60.1856,94.3805,3.64922,0.04,0,3.32342,3.32342,0,0.622758,5.11056,4.2723e+06,2.92367e+06,1.41986e+07,0,0,0,0,68.1527,70.5495,5.60374,0,0,1.58088,1.58088,0,1.22129,2.32848,8.8787e+06,3.90788e+06,1.40362e+07,0,0,0,9.47756e+07
59.1892,94.3805,1.76643,0.04,0,3.23784,3.23784,0,0.62281,5.11056,4.2723e+06,2.92367e+06,1.3833e+07,0,0,0,0,68.2183,70.5495,2.67451,0,0,1.50827,1.50827,0,1.22139,2.32848,8.8787e+06,3.90788e+06,1.33915e+07,0,0,0,9.47756e+07
60.6239,94.3805,4.20561,0.04,0,3.23811,3.23811,0,0.606771,5.11056,4.2723e+06,2.92367e+06,1.38342e+07,0,0,0,0,68.6623,70.5495,3.95998,0,0,1.5084,1.5084,0,1.16529,2.32848,8.8787e+06,3.90788e+06,1.33926e+07,0,0,0,9.47756e+07
66.2565,94.3805,8.78178,0.04,0,3.23838,3.23838,0,0.606822,5.11056,4.2723e+06,2.92367e+06,1.38353e+07,0,0,0,0,69.8137,70.5495,6.12976,0,0,1.50852,1.50852,0,1.16539,2.32848,8.8787e+06,3.90788e+06,1.33937e+07,0,0,0,9.47756e+07
67.9378,94.3805,4.7093,0.04,0,3.23865,3.23865,0,0.606872,5.11056,4.2723e+06,2.92367e+06,1.38365e+07,0,0,0,0,70.4084,70.5495,4.06258,0,0,1.50865,1.50865,0,1.16549,2.32848,8.8787e+06,3.90788e+06,1.33948e+07,0,0,0,9.47756e+07
69.0132,94.3805,4.07446,0.03,0,2.99499,2.99499,0,0.606922,5.11056,4.2723e+06,2.92367e+06,1.27955e+07,0,0,0,0,70.9973,70.5495,3.61273,0,0,1.35722,1.35722,0,1.16558,2.32848,8.8787e+06,3.90788e+06,1.20504e+07,0,0,0,9.47756e+07
69.2873,94.3805,3.12209,0.03,0,2.99523,2.99523,0,0.56126,5.11056,4.2723e+06,2.92367e+06,1.27965e+07,0,0,0,0,71.4286,70.5495,3.15098,0,0,1.35733,1.35733,0,1.04859,2.32848,8.8787e+06,3.90788e+06,1.20514e+07,0,0,0,9.47756e+07
70.3553,94.3805,3.89437,0.03,0,2.99548,2.99548,0,0.561307,5.11056,4.2723e+06,2.92367e+06,1.27976e+07,0,0,0,0,71.5777,70.5495,3.36609,0,0,1.35745,1.35745,0,1.04868,2.32848,8.8787e+06,3.90788e+06,1.20524e+07,0,0,0,9.47756e+07
78.3394,94.3805,11.2177,0.03,0,2.99573,2.99573,0,0.561353,5.11056,4.2723e+06,2.92367e+06,1.27986e+07,0,0,0,0,71.5777,70.5495,8.27691,0,0,1.35756,1.35756,0,1.04876,2.32848,8.8787e+06,3.90788e+06,1.20534e+07,0,0,0,9.47756e+07
82.2669,94.3805,7.31586,0.01,0,2.99598,2.99598,0,0.5614,5.11056,4.2723e+06,2.92367e+06,1.27997e+07,0,0,0,0,71.5173,70.5495,6.20391,0,0,1.35767,1.35767,0,1.04885,2.32848,8.8787e+06,3.90788e+06,1.20544e+07,0,0,0,9.47756e+07
80.8902,94.3805,1.70549,0.01,0,3.09008,3.09008,0,0.561447,5.11056,4.2723e+06,2.92367e+06,1.32018e+07,0,0,0,0,71.4555,70.5495,2.17357,0,0,1.40168,1.40168,0,1.04894,2.32848,8.8787e+06,3.90788e+06,1.24451e+07,0,0,0,9.47756e+07
79.7154,94.3805,1.87577,0.01,0,3.09032,3.09032,0,0.579082,5.11056,4.2723e+06,2.92367e+06,1.32028e+07,0,0,0,0,71.5777,70.5495,2.15442,0,0,1.40179,1.40179,0,1.08294,2.32848,8.8787e+06,3.90788e+06,1.24461e+07,0,0,0,9.47756e+07
79.1545,94.3805,2.54065,0.01,0,3.09055,3.09055,0,0.579126,5.11056,4.2723e+06,2.92367e+06,1.32038e+07,0,0,0,0,71.5777,70.5495,2.44923,0,0,1.4019,1.4019,0,1.08302,2.32848,8.8787e+06,3.90788e+06,1.2447e+07,0,0,0,9.47756e+07
80.1731,94.3805,4.32544,0.01,0,3.09079,3.09079,0,0.57917,5.11056,4.2723e+06,2.92367e+06,1.32048e+07,0,0,0,0,71.2482,70.5495,6.95542,0,0,1.402,1.402,0,1.08311,2.32848,8.8787e+06,3.90788e+06,1.2448e+07,0,0,0,9.47756e+07
78.6241,94.3805,1.79343,0.01,0,3.39252,3.39252,0,0.579214,5.11056,4.2723e+06,2.92367e+06,1.44938e+07,0,0,0,0,71.2688,70.5495,1.94959,0,0,1.56697,1.56697,0,1.08319,2.32848,8.8787e+06,3.90788e+06,1.39127e+07,0,0,0,9.47756e+07
78.3261,94.3805,3.07485,0.01,0,3.39278,3.39278,0,0.635758,5.11056,4.2723e+06,2.92367e+06,1.44949e+07,0,0,0,0,71.5777,70.5495,3.79152,0,0,1.56709,1.56709,0,1.21064,2.32848,8.8787e+06,3.90788e+06,1.39137e+07,0,0,0,9.47756e+07
78.5729,94.3805,3.69238,0.01,0,3.39303,3.39303,0,0.635806,5.11056,4.2723e+06,2.92367e+06,1.4496e+07,0,0,0,0,71.3403,70.5495,3.45843,0,0,1.56721,1.56721,0,1.21073,2.32848,8.8787e+06,3.90788e+06,1.39148e+07,0,0,0,9.47756e+07
77.2582,94.3805,1.95831,0.01,0,3.39329,3.39329,0,0.635855,5.11056,4.2723e+06,2.92367e+06,1.44972e+07,0,0,0,0,71.2698,70.5495,2.05842,0,0,1.56733,1.56733,0,1.21083,2.32848,8.8787e+06,3.90788e+06,1.39158e+07,0,0,0,9.47756e+07
77.4057,94.3805,3.28465,0.01,0,2.9634,2.9634,0,0.635903,5.11056,4.2723e+06,2.92367e+06,1.26605e+07,0,0,0,0,71.5777,70.5495,3.36142,0,0,1.34614,1.34614,0,1.21092,2.32848,8.8787e+06,3.90788e+06,1.1952e+07,0,0,0,9.47756e+07
77.4806,94.3805,3.18036,0.01,0,2.96362,2.96362,0,0.555341,5.11056,4.2723e+06,2.92367e+06,1.26615e+07,0,0,0,0,71.5777,70.5495,2.91158,0,0,1.34624,1.34624,0,1.04003,2.32848,8.8787e+06,3.90788e+06,1.19529e+07,0,0,0,9.47756e+07
78.0092,94.3805,3.6647,0.02,0,2.96385,2.96385,0,0.555383,5.11056,4.2723e+06,2.92367e+06,1.26624e+07,0,0,0,0,71.5777,70.5495,3.19105,0,0,1.34634,1.34634,0,1.04011,2.32848,8.8787e+06,3.90788e+06,1.19538e+07,0,0,0,9.47756e+07
78.1752,94.3805,3.24874,0.02,0,2.96407,2.96407,0,0.555425,5.11056,4.2723e+06,2.92367e+06,1.26634e+07,0,0,0,0,71.5777,70.5495,3.16833,0,0,1.34645,1.34645,0,1.04018,2.32848,8.8787e+06,3.90788e+06,1.19547e+07,0,0,0,9.47756e+07
79.2872,94.3805,4.29049,0.02,0,2.9643,2.9643,0,0.555468,5.11056,4.2723e+06,2.92367e+06,1.26644e+07,0,0,0,0,71.5777,70.5495,4.01515,0,0,1.34655,1.34655,0,1.04026,2.32848,8.8787e+06,3.90788e+06,1.19556e+07,0,0,0,9.47756e+07
79.9349,94.3805,3.88757,0.02,0,3.07284,3.07284,0,0.55551,5.11056,4.2723e+06,2.92367e+06,1.31281e+07,0,0,0,0,71.5777,70.5495,3.73975,0,0,1.40081,1.40081,0,1.04034,2.32848,8.8787e+06,3.90788e+06,1.24374e+07,0,0,0,9.47756e+07
80.431,94.3805,3.83639,0.02,0,3.07308,3.07308,0,0.575851,5.11056,4.2723e+06,2.92367e+06,1.31291e+07,0,0,0,0,71.5777,70.5495,4.37305,0,0,1.40092,1.40092,0,1.08227,2.32848,8.8787e+06,3.90788e+06,1.24383e+07,0,0,0,9.47756e+07
80.6671,94.3805,3.56905,0.02,0,3.07331,3.07331,0,0.575895,5.11056,4.2723e+06,2.92367e+06,1.31301e+07,0,0,0,0,71.5777,70.5495,4.19073,0,0,1.40103,1.40103,0,1.08235,2.32848,8.8787e+06,3.90788e+06,1.24393e+07,0,0,0,9.47756e+07
80.5186,94.3805,3.03218,0.02,0,3.07355,3.07355,0,0.575939,5.11056,4.2723e+06,2.92367e+06,1.31311e+07,0,0,0,0,71.5777,70.5495,3.25674,0,0,1.40113,1.40113,0,1.08243,2.32848,8.8787e+06,3.90788e+06,1.24402e+07,0,0,0,9.47756e+07
79.9295,94.3805,2.45606,0.02,0,3.03142,3.03142,0,0.575983,5.11056,4.2723e+06,2.92367e+06,1.29511e+07,0,0,0,0,71.4804,70.5495,2.3438,0,0,1.3802,1.3802,0,1.08251,2.32848,8.8787e+06,3.90788e+06,1.22544e+07,0,0,0,9.47756e+07
79.2463,94.3805,2.26129,0.02,0,3.03165,3.03165,0,0.568087,5.11056,4.2723e+06,2.92367e+06,1.29521e+07,0,0,0,0,71.5733,70.5495,2.13118,0,0,1.3803,1.3803,0,1.06634,2.32848,8.8787e+06,3.90788e+06,1.22553e+07,0,0,0,9.47756e+07
78.5207,94.3805,2.2189,0,0,3.03188,3.03188,0,0.568131,5.11056,4.2723e+06,2.92367e+06,1.29531e+07,0,0,0,0,71.5736,70.5495,2.40131,0,0,1.38041,1.38041,0,1.06642,2.32848,8.8787e+06,3.90788e+06,1.22562e+07,0,0,0,9.47756e+07
77.7702,94.3805,2.169,0,0,3.03211,3.03211,0,0.568174,5.11056,4.2723e+06,2.92367e+06,1.29541e+07,0,0,0,0,71.287,70.5495,2.16892,0,0,1.38051,1.38051,0,1.0665,2.32848,8.8787e+06,3.90788e+06,1.22572e+07,0,0,0,9.47756e+07
76.5808,94.3805,1.79005,0,0,3.17619,3.17619,0,0.568217,5.11056,4.2723e+06,2.92367e+06,1.35696e+07,0,0,0,0,71.0054,70.5495,1.78098,0,0,1.45526,1.45526,0,1.06658,2.32848,8.8787e+06,3.90788e+06,1.29208e+07,0,0,0,9.47756e+07
75.2395,94.3805,1.57628,0,0,3.17643,3.17643,0,0.595217,5.11056,4.2723e+06,2.92367e+06,1.35706e+07,0,0,0,0,70.7237,70.5495,1.61354,0,0,1.45537,1.45537,0,1.12433,2.32848,8.8787e+06,3.90788e+06,1.29218e+07,0,0,0,9.47756e+07
73.8283,94.3805,1.4595,0.02,0,3.17667,3.17667,0,0.595263,5.11056,4.2723e+06,2.92367e+06,1.35717e+07,0,0,0,0,70.3913,70.5495,1.62268,0,0,1.45548,1.45548,0,1.12442,2.32848,8.8787e+06,3.90788e+06,1.29228e+07,0,0,0,9.47756e+07
72.3952,94.3805,1.41564,0.02,0,3.17691,3.17691,0,0.595308,5.11056,4.2723e+06,2.92367e+06,1.35727e+07,0,0,0,0,69.9816,70.5495,1.60654,0,0,1.45559,1.45559,0,1.12451,2.32848,8.8787e+06,3.90788e+06,1.29238e+07,0,0,0,9.47756e+07
70.8205,94.3805,1.24744,0.01,0,3.17715,3.17715,0,0.595353,5.11056,4.2723e+06,2.92367e+06,1.35737e+07,0,0,0,0,69.539,70.5495,1.46414,0,0,1.45571,1.45571,0,1.12459,2.32848,8.8787e+06,3.90788e+06,1.29248e+07,0,0,0,9.47756e+07
69.2002,94.3805,1.11976,0.01,0,3.14894,3.14894,0,0.595399,5.11056,4.2723e+06,2.92367e+06,1.34532e+07,0,0,0,0,69.0138,70.5495,1.48672,0,0,1.49686,1.49686,0,1.12468,2.32848,8.8787e+06,3.90788e+06,1.32901e+07,0,0,0,9.47756e+07
67.5557,94.3805,1.03775,0.02,0,3.14918,3.14918,0,0.590111,5.11056,4.2723e+06,2.92367e+06,1.34542e+07,0,0,0,0,68.5196,70.5495,1.42289,0,0,1.49697,1.49697,0,1.15647,2.32848,8.8787e+06,3.90788e+06,1.32912e+07,0,0,0,9.47756e+07
65.8756,94.3805,0.968661,0.02,0,3.14942,3.14942,0,0.590156,5.11056,4.2723e+06,2.92367e+06,1.34552e+07,0,0,0,0,67.9885,70.5495,1.46533,0,0,1.49708,1.49708,0,1.15656,2.32848,8.8787e+06,3.90788e+06,1.32922e+07,0,0,0,9.47756e+07
64.1632,94.3805,0.903006,0.03,0,3.14966,3.14966,0,0.590201,5.11056,4.2723e+06,2.92367e+06,1.34563e+07,0,0,0,0,67.3487,70.5495,1.41974,0,0,1.4972,1.4972,0,1.15665,2.32848,8.8787e+06,3.90788e+06,1.32932e+07,0,0,0,9.47756e+07
62.3712,94.3805,0.830987,0.04,0,3.22341,3.22341,0,0.590246,5.11056,4.2723e+06,2.92367e+06,1.37714e+07,0,0,0,0,66.6712,70.5495,1.29701,0,0,1.5339,1.5339,0,1.15674,2.32848,8.8787e+06,3.90788e+06,1.3619e+07,0,0,0,9.47756e+07
60.5645,94.3805,0.780741,0.04,0,3.22366,3.22366,0,0.604067,5.11056,4.2723e+06,2.92367e+06,1.37724e+07,0,0,0,0,65.9272,70.5495,1.28792,0,0,1.53402,1.53402,0,1.18509,2.32848,8.8787e+06,3.90788e+06,1.36201e+07,0,0,0,9.47756e+07
58.7118,94.3805,0.694903,0.04,0,3.2239,3.2239,0,0.604113,5.11056,4.2723e+06,2.92367e+06,1.37735e+07,0,0,0,0,65.1459,70.5495,1.17495,0,0,1.53413,1.53413,0,1.18518,2.32848,8.8787e+06,3.90788e+06,1.36211e+07,0,0,0,9.47756e+07
56.8444,94.3805,0.632543,0.05,0,3.22415,3.22415,0,0.604159,5.11056,4.2723e+06,2.92367e+06,1.37745e+07,0,0,0,0,64.2143,70.5495,1.1487,0,0,1.53425,1.53425,0,1.18527,2.32848,8.8787e+06,3.90788e+06,1.36222e+07,0,0,0,9.47756e+07
54.7817,94.3805,0.471453,0.06,0,3.35942,3.43974,0,0.604205,5.11056,4.2723e+06,2.92367e+06,1.43524e+07,0,0,0,0,63.0967,70.5495,0.937314,0,0,1.62756,1.66647,0,1.18536,2.32848,8.8787e+06,3.90788e+06,1.44506e+07,0,0,0,9.47756e+07
52.1891,94.3805,0.400463,0.09,0,3.03839,3.44,0,0.629556,5.11056,4.2723e+06,3.5084e+06,1.29809e+07,0,0,0,0,62.0948,70.5495,0.801466,0,0,1.47203,1.6666,0,1.25745,2.32848,8.8787e+06,4.68946e+06,1.30697e+07,0,0,0,9.47756e+07
49.6447,94.3805,0.42268,0.09,0,3.03863,3.44026,0,0.569395,5.11056,4.2723e+06,3.5084e+06,1.29819e+07,0,0,0,0,61.1895,70.5495,0.792452,0,0,1.47214,1.66673,0,1.13729,2.32848,8.8787e+06,4.68946e+06,1.30707e+07,0,0,0,9.47756e+07
47.8763,94.3805,0.625395,0.08,0,3.27986,3.44052,0,0.569438,5.11056,4.2723e+06,2.92367e+06,1.40125e+07,0,0,0,0,60.4558,70.5495,0.944471,0,0,1.58901,1.66685,0,1.13738,2.32848,8.8787e+06,3.90788e+06,1.41084e+07,0,0,0,9.47756e+07
47.9318,94.3805,1.11435,0.07,0,3.36045,3.44079,0,0.614645,5.11056,4.2723e+06,2.92367e+06,1.43568e+07,0,0,0,0,60.3947,70.5495,1.48812,0,0,1.62806,1.66698,0,1.22767,2.32848,8.8787e+06,3.90788e+06,1.4455e+07,0,0,0,9.47756e+07
46.6832,94.3805,1.07869,0.07,0,3.25816,3.33606,0,0.629748,5.11056,4.2723e+06,2.92367e+06,1.39198e+07,0,0,0,0,60.5875,70.5495,2.81652,0,0,1.54984,1.58689,0,1.25784,2.32848,8.8787e+06,3.90788e+06,1.37606e+07,0,0,0,9.47756e+07
45.5469,94.3805,0.957414,0.12,0,2.94681,3.33631,0,0.61058,5.11056,4.2723e+06,3.5084e+06,1.25897e+07,0,0,0,0,60.3351,70.5495,1.66042,0,0,1.40174,1.58702,0,1.19741,2.32848,8.8787e+06,4.68946e+06,1.24456e+07,0,0,0,9.47756e+07
44.3185,94.3805,0.821842,0.11,0,2.94704,3.33657,0,0.552232,5.11056,4.2723e+06,3.5084e+06,1.25906e+07,0,0,0,0,60.3308,70.5495,1.51261,0,0,1.40184,1.58714,0,1.08298,2.32848,8.8787e+06,4.68946e+06,1.24466e+07,0,0,0,9.47756e+07
43.8683,94.3805,1.75998,0.11,0,2.94726,3.33682,0,0.552275,5.11056,4.2723e+06,3.5084e+06,1.25916e+07,0,0,0,0,60.9715,70.5495,2.36077,0,0,1.40195,1.58726,0,1.08307,2.32848,8.8787e+06,4.68946e+06,1.24475e+07,0,0,0,9.47756e+07
44.6171,94.3805,2.98889,0.11,0,2.87134,3.25087,0,0.552317,5.11056,4.2723e+06,3.5084e+06,1.22672e+07,0,0,0,0,62.0014,70.5495,3.70873,0,0,1.33755,1.51434,0,1.08315,2.32848,8.8787e+06,4.68946e+06,1.18757e+07,0,0,0,9.47756e+07
44.6006,94.3805,2.20305,0.1,0,2.87156,3.25112,0,0.53809,5.11056,4.2723e+06,3.5084e+06,1.22682e+07,0,0,0,0,62.3285,70.5495,2.47797,0,0,1.33765,1.51446,0,1.03339,2.32848,8.8787e+06,4.68946e+06,1.18766e+07,0,0,0,9.47756e+07
45.4809,94.3805,3.15198,0.11,0,2.87178,3.25137,0,0.538131,5.11056,4.2723e+06,3.5084e+06,1.22691e+07,0,0,0,0,62.9575,70.5495,2.24435,0,0,1.33775,1.51457,0,1.03347,2.32848,8.8787e+06,4.68946e+06,1.18775e+07,0,0,0,9.47756e+07
46.2665,94.3805,3.13501,0.11,0,2.872,3.25161,0,0.538172,5.11056,4.2723e+06,3.5084e+06,1.227e+07,0,0,0,0,64.1619,70.5495,4.04607,0,0,1.33786,1.51469,0,1.03355,2.32848,8.8787e+06,4.68946e+06,1.18784e+07,0,0,0,9.47756e+07
48.308,94.3805,4.40414,0.11,0,2.65591,3.00696,0,0.538213,5.11056,4.2723e+06,3.5084e+06,1.13468e+07,0,0,0,0,65.883,70.5495,5.38661,0,0,1.20356,1.36265,0,1.03363,2.32848,8.8787e+06,4.68946e+06,1.06861e+07,0,0,0,9.47756e+07
49.8455,94.3805,3.99357,0.06,0,2.93697,3.00719,0,0.497717,5.11056,4.2723e+06,2.92367e+06,1.25476e+07,0,0,0,0,67.1889,70.5495,4.55786,0,0,1.33093,1.36275,0,0.929874,2.32848,8.8787e+06,3.90788e+06,1.1817e+07,0,0,0,9.47756e+07
52.626,94.3805,5.37404,0.07,0,2.9372,3.00742,0,0.550389,5.11056,4.2723e+06,2.92367e+06,1.25486e+07,0,0,0,0,69.7607,70.5495,6.54897,0,0,1.33103,1.36286,0,1.02828,2.32848,8.8787e+06,3.90788e+06,1.18179e+07,0,0,0,9.47756e+07
54.5843,94.3805,4.74267,0.08,0,2.86719,3.00765,0,0.550431,5.11056,4.2723e+06,2.92367e+06,1.22495e+07,0,0,0,0,71.5777,70.5495,5.64309,0,0,1.29931,1.36296,0,1.02836,2.32848,8.8787e+06,3.90788e+06,1.15362e+07,0,0,0,9.47756e+07
59.9786,94.3805,8.35359,0.09,0,2.65672,3.00788,0,0.537312,5.11056,4.2723e+06,3.5084e+06,1.13503e+07,0,0,0,0,71.5777,70.5495,8.89092,0,0,1.20393,1.36306,0,1.00385,2.32848,8.8787e+06,4.68946e+06,1.06893e+07,0,0,0,9.47756e+07
67.6492,94.3805,11.3619,0.06,0,3.0299,3.10233,0,0.497869,5.11056,4.2723e+06,2.92367e+06,1.29446e+07,0,0,0,0,71.5777,70.5495,14.3617,0,0,1.37438,1.40724,0,0.930157,2.32848,8.8787e+06,3.90788e+06,1.22027e+07,0,0,0,9.47756e+07
79.6216,94.3805,16.0008,0.03,0,3.10255,3.10255,0,0.567802,5.11056,4.2723e+06,2.92367e+06,1.3255e+07,0,0,0,0,71.5777,70.5495,18.4583,0,0,1.40734,1.40734,0,1.06185,2.32848,8.8787e+06,3.90788e+06,1.24953e+07,0,0,0,9.47756e+07
90.3306,94.3805,15.5301,0.01,0,3.10277,3.10277,0,0.581418,5.11056,4.2723e+06,2.92367e+06,1.32559e+07,0,0,0,0,71.5777,70.5495,19.4801,0,0,1.40744,1.40744,0,1.08731,2.32848,8.8787e+06,3.90788e+06,1.24962e+07,0,0,0,9.47756e+07
94.3805,94.3805,10.302,0,0,3.10298,3.10298,0,0.581458,5.11056,4.2723e+06,2.92367e+06,1.32569e+07,0,0,0,0,71.5777,70.5495,16.4833,0,0,1.40753,1.40753,0,1.08739,2.32848,8.8787e+06,3.90788e+06,1.24971e+07,0,0,0,9.47756e+07
94.3805,94.3805,6.63744,0,0,3.40588,3.40588,0,0.581499,5.11056,4.2723e+06,2.92367e+06,1.45509e+07,0,0,0,0,71.5777,70.5495,12.531,0,0,1.57314,1.57314,0,1.08746,2.32848,8.8787e+06,3.90788e+06,1.39674e+07,0,0,0,9.47756e+07
94.3805,94.3805,7.72259,0,0,3.40611,3.40611,0,0.638261,5.11056,4.2723e+06,2.92367e+06,1.45519e+07,0,0,0,0,71.5777,70.5495,14.7144,0,0,1.57325,1.57325,0,1.21541,2.32848,8.8787e+06,3.90788e+06,1.39684e+07,0,0,0,9.47756e+07
94.3805,94.3805,9.91814,0,0,3.40635,3.40635,0,0.638306,5.11056,4.2723e+06,2.92367e+06,1.45529e+07,0,0,0,0,71.5777,70.5495,23.7289,0,0,1.57336,1.57336,0,1.21549,2.32848,8.8787e+06,3.90788e+06,1.39694e+07,0,0,0,9.47756e+07
94.3805,94.3805,8.10502,0,0,3.40659,3.40659,0,0.63835,5.11056,4.2723e+06,2.92367e+06,1.4554e+07,0,0,0,0,71.5777,70.5495,17.448,0,0,1.57347,1.57347,0,1.21558,2.32848,8.8787e+06,3.90788e+06,1.39704e+07,0,0,0,9.47756e+07
94.3805,94.3805,6.58669,0,0,2.97499,2.97499,0,0.638395,5.11056,4.2723e+06,2.92367e+06,1.271e+07,0,0,0,0,71.5777,70.5495,9.61498,0,0,1.3514,1.3514,0,1.21566,2.32848,8.8787e+06,3.90788e+06,1.19987e+07,0,0,0,9.47756e+07
94.3805,94.3805,5.04142,0,0,2.9752,2.9752,0,0.557513,5.11056,4.2723e+06,2.92367e+06,1.27109e+07,0,0,0,0,71.5777,70.5495,8.65319,0,0,1.3515,1.3515,0,1.04409,2.32848,8.8787e+06,3.90788e+06,1.19995e+07,0,0,0,9.47756e+07
94.3805,94.3805,6.01388,0,0,2.9754,2.9754,0,0.557552,5.11056,4.2723e+06,2.92367e+06,1.27118e+07,0,0,0,0,71.5777,70.5495,7.84024,0,0,1.35159,1.35159,0,1.04417,2.32848,8.8787e+06,3.90788e+06,1.20004e+07,0,0,0,9.47756e+07
94.3805,94.3805,5.41825,0,0,2.97561,2.97561,0,0.55759,5.11056,4.2723e+06,2.92367e+06,1.27127e+07,0,0,0,0,71.5777,70.5495,8.5706,0,0,1.35169,1.35169,0,1.04424,2.32848,8.8787e+06,3.90788e+06,1.20012e+07,0,0,0,9.47756e+07
94.3805,94.3805,5.81395,0,0,2.97582,2.97582,0,0.557629,5.11056,4.2723e+06,2.92367e+06,1.27136e+07,0,0,0,0,71.5777,70.5495,7.24324,0,0,1.35178,1.35178,0,1.04431,2.32848,8.8787e+06,3.90788e+06,1.2002e+07,0,0,0,9.47756e+07
94.3805,94.3805,5.22854,0,0,3.08476,3.08476,0,0.557668,5.11056,4.2723e+06,2.92367e+06,1.3179e+07,0,0,0,0,71.5777,70.5495,4.22317,0,0,1.40624,1.40624,0,1.04438,2.32848,8.8787e+06,3.90788e+06,1.24856e+07,0,0,0,9.47756e+07
94.3805,94.3805,6.57215,0,0,3.08498,3.08498,0,0.578084,5.11056,4.2723e+06,2.92367e+06,1.31799e+07,0,0,0,0,71.5777,70.5495,5.91914,0,0,1.40634,1.40634,0,1.08646,2.32848,8.8787e+06,3.90788e+06,1.24865e+07,0,0,0,9.47756e+07
94.3805,94.3805,7.90288,0,0,3.08519,3.08519,0,0.578125,5.11056,4.2723e+06,2.92367e+06,1.31809e+07,0,0,0,0,71.5777,70.5495,7.53593,0,0,1.40644,1.40644,0,1.08654,2.32848,8.8787e+06,3.90788e+06,1.24874e+07,0,0,0,9.47756e+07
94.3805,94.3805,5.55919,0,0,3.08541,3.08541,0,0.578165,5.11056,4.2723e+06,2.92367e+06,1.31818e+07,0,0,0,0,71.5777,70.5495,5.22661,0,0,1.40654,1.40654,0,1.08662,2.32848,8.8787e+06,3.90788e+06,1.24882e+07,0,0,0,9.47756e+07
94.3805,94.3805,4.67003,0,0,3.04309,3.04309,0,0.578205,5.11056,4.2723e+06,2.92367e+06,1.3001e+07,0,0,0,0,71.5777,70.5495,4.20327,0,0,1.38551,1.38551,0,1.08669,2.32848,8.8787e+06,3.90788e+06,1.23016e+07,0,0,0,9.47756e+07
94.3805,94.3805,3.68898,0,0,3.04331,3.04331,0,0.570276,5.11056,4.2723e+06,2.92367e+06,1.30019e+07,0,0,0,0,71.5777,70.5495,3.23782,0,0,1.38561,1.38561,0,1.07045,2.32848,8.8787e+06,3.90788e+06,1.23024e+07,0,0,0,9.47756e+07
94.3805,94.3805,3.26395,0,0,3.04352,3.04352,0,0.570315,5.11056,4.2723e+06,2.92367e+06,1.30028e+07,0,0,0,0,71.5777,70.5495,3.05592,0,0,1.38571,1.38571,0,1.07052,2.32848,8.8787e+06,3.90788e+06,1.23033e+07,0,0,0,9.47756e+07
94.3805,94.3805,3.70144,0,0,3.04373,3.04373,0,0.570355,5.11056,4.2723e+06,2.92367e+06,1.30037e+07,0,0,0,0,71.5042,70.5495,3.01489,0,0,1.3858,1.3858,0,1.0706,2.32848,8.8787e+06,3.90788e+06,1.23041e+07,0,0,0,9.47756e+07
94.3805,94.3805,3.66264,0,0,3.18834,3.18834,0,0.570395,5.11056,4.2723e+06,2.92367e+06,1.36215e+07,0,0,0,0,71.5777,70.5495,2.77328,0,0,1.46083,1.46083,0,1.07067,2.32848,8.8787e+06,3.90788e+06,1.29703e+07,0,0,0,9.47756e+07
94.3805,94.3805,3.34915,0,0,3.18856,3.18856,0,0.597494,5.11056,4.2723e+06,2.92367e+06,1.36225e+07,0,0,0,0,71.5708,70.5495,2.83736,0,0,1.46093,1.46093,0,1.12864,2.32848,8.8787e+06,3.90788e+06,1.29712e+07,0,0,0,9.47756e+07
94.2426,94.3805,3.06709,0,0,3.18878,3.18878,0,0.597536,5.11056,4.2723e+06,2.92367e+06,1.36234e+07,0,0,0,0,71.428,70.5495,2.63126,0,0,1.46103,1.46103,0,1.12871,2.32848,8.8787e+06,3.90788e+06,1.29721e+07,0,0,0,9.47756e+07
93.9635,94.3805,2.90312,0,0,3.189,3.189,0,0.597578,5.11056,4.2723e+06,2.92367e+06,1.36244e+07,0,0,0,0,71.3894,70.5495,2.37661,0,0,1.46113,1.46113,0,1.12879,2.32848,8.8787e+06,3.90788e+06,1.2973e+07,0,0,0,9.47756e+07
93.2045,94.3805,2.37901,0,0,3.18922,3.18922,0,0.597619,5.11056,4.2723e+06,2.92367e+06,1.36253e+07,0,0,0,0,71.3611,70.5495,2.2174,0,0,1.46124,1.46124,0,1.12887,2.32848,8.8787e+06,3.90788e+06,1.29739e+07,0,0,0,9.47756e+07
91.9823,94.3805,1.88375,0,0,3.16088,3.16088,0,0.597661,5.11056,4.2723e+06,2.92367e+06,1.35042e+07,0,0,0,0,71.31,70.5495,2.04995,0,0,1.50253,1.50253,0,1.12895,2.32848,8.8787e+06,3.90788e+06,1.33405e+07,0,0,0,9.47756e+07
90.6522,94.3805,1.72745,0,0,3.1611,3.1611,0,0.592349,5.11056,4.2723e+06,2.92367e+06,1.35052e+07,0,0,0,0,71.2325,70.5495,1.93335,0,0,1.50264,1.50264,0,1.16086,2.32848,8.8787e+06,3.90788e+06,1.33415e+07,0,0,0,9.47756e+07
89.191,94.3805,1.56955,0,0,3.16132,3.16132,0,0.59239,5.11056,4.2723e+06,2.92367e+06,1.35061e+07,0,0,0,0,71.1394,70.5495,1.91484,0,0,1.50274,1.50274,0,1.16094,2.32848,8.8787e+06,3.90788e+06,1.33424e+07,0,0,0,9.47756e+07
87.7188,94.3805,1.5392,0,0,3.16154,3.16154,0,0.592432,5.11056,4.2723e+06,2.92367e+06,1.3507e+07,0,0,0,0,70.9247,70.5495,1.93391,0,0,1.50285,1.50285,0,1.16102,2.32848,8.8787e+06,3.90788e+06,1.33433e+07,0,0,0,9.47756e+07
86.4092,94.3805,1.73299,0,0,3.23555,3.23555,0,0.592473,5.11056,4.2723e+06,2.92367e+06,1.38232e+07,0,0,0,0,70.6934,70.5495,1.95099,0,0,1.53968,1.53968,0,1.1611,2.32848,8.8787e+06,3.90788e+06,1.36703e+07,0,0,0,9.47756e+07
84.9139,94.3805,1.5254,0.01,0,3.23578,3.23578,0,0.606342,5.11056,4.2723e+06,2.92367e+06,1.38242e+07,0,0,0,0,70.4177,70.5495,1.80571,0,0,1.53978,1.53978,0,1.18956,2.32848,8.8787e+06,3.90788e+06,1.36713e+07,0,0,0,9.47756e+07
83.3333,94.3805,1.41377,0.02,0,3.236,3.236,0,0.606384,5.11056,4.2723e+06,2.92367e+06,1.38252e+07,0,0,0,0,70.1269,70.5495,1.75131,0,0,1.53989,1.53989,0,1.18964,2.32848,8.8787e+06,3.90788e+06,1.36722e+07,0,0,0,9.47756e+07
81.5481,94.3805,1.1762,0.03,0,3.23623,3.23623,0,0.606427,5.11056,4.2723e+06,2.92367e+06,1.38261e+07,0,0,0,0,69.7153,70.5495,1.74539,0,0,1.54,1.54,0,1.18972,2.32848,8.8787e+06,3.90788e+06,1.36732e+07,0,0,0,9.47756e+07
79.7597,94.3805,1.33617,0.03,0,3.4526,3.4526,0,0.606469,5.11056,4.2723e+06,2.92367e+06,1.47505e+07,0,0,0,0,69.2011,70.5495,1.64184,0,0,1.6727,1.6727,0,1.1898,2.32848,8.8787e+06,3.90788e+06,1.48514e+07,0,0,0,9.47756e+07
78.0797,94.3805,1.45302,0.03,0,3.45284,3.45284,0,0.647017,5.11056,4.2723e+06,2.92367e+06,1.47516e+07,0,0,0,0,69.0559,70.5495,1.67209,0,0,1.67282,1.67282,0,1.29233,2.32848,8.8787e+06,3.90788e+06,1.48525e+07,0,0,0,9.47756e+07
76.3394,94.3805,1.36622,0.03,0,3.45308,3.45308,0,0.647062,5.11056,4.2723e+06,2.92367e+06,1.47526e+07,0,0,0,0,68.8409,70.5495,1.98348,0,0,1.67294,1.67294,0,1.29242,2.32848,8.8787e+06,3.90788e+06,1.48535e+07,0,0,0,9.47756e+07
74.5654,94.3805,1.30264,0.03,0,3.45332,3.45332,0,0.647108,5.11056,4.2723e+06,2.92367e+06,1.47536e+07,0,0,0,0,68.5296,70.5495,1.94258,0,0,1.67305,1.67305,0,1.29251,2.32848,8.8787e+06,3.90788e+06,1.48545e+07,0,0,0,9.47756e+07
73.0026,94.3805,1.46563,0.04,0,3.45356,3.45356,0,0.647153,5.11056,4.2723e+06,2.92367e+06,1.47546e+07,0,0,0,0,67.9065,70.5495,1.74643,0,0,1.67317,1.67317,0,1.2926,2.32848,8.8787e+06,3.90788e+06,1.48556e+07,0,0,0,9.47756e+07
71.8011,94.3805,1.74293,0.04,0,3.34842,3.34842,0,0.647198,5.11056,4.2723e+06,2.92367e+06,1.43055e+07,0,0,0,0,67.478,70.5495,1.31374,0,0,1.59278,1.59278,0,1.29269,2.32848,8.8787e+06,3.90788e+06,1.41418e+07,0,0,0,9.47756e+07
70.7917,94.3805,1.98671,0.04,0,3.34866,3.34866,0,0.627495,5.11056,4.2723e+06,2.92367e+06,1.43065e+07,0,0,0,0,67.2033,70.5495,1.83063,0,0,1.59289,1.59289,0,1.23058,2.32848,8.8787e+06,3.90788e+06,1.41428e+07,0,0,0,9.47756e+07
69.7108,94.3805,1.91969,0.04,0,3.34889,3.34889,0,0.627538,5.11056,4.2723e+06,2.92367e+06,1.43075e+07,0,0,0,0,67.1298,70.5495,1.74725,0,0,1.593,1.593,0,1.23066,2.32848,8.8787e+06,3.90788e+06,1.41438e+07,0,0,0,9.47756e+07
68.8633,94.3805,2.26083,0.04,0,3.34912,3.34912,0,0.627582,5.11056,4.2723e+06,2.92367e+06,1.43084e+07,0,0,0,0,67.071,70.5495,2.21312,0,0,1.59311,1.59311,0,1.23075,2.32848,8.8787e+06,3.90788e+06,1.41447e+07,0,0,0,9.47756e+07
67.9079,94.3805,2.01605,0.04,0,3.26283,3.26283,0,0.627626,5.11056,4.2723e+06,2.92367e+06,1.39398e+07,0,0,0,0,66.8499,70.5495,1.53766,0,0,1.51992,1.51992,0,1.23084,2.32848,8.8787e+06,3.90788e+06,1.34949e+07,0,0,0,9.47756e+07
68.3151,94.3805,3.3959,0.04,0,3.26306,3.26306,0,0.611455,5.11056,4.2723e+06,2.92367e+06,1.39408e+07,0,0,0,0,66.9188,70.5495,1.84555,0,0,1.52002,1.52002,0,1.17429,2.32848,8.8787e+06,3.90788e+06,1.34958e+07,0,0,0,9.47756e+07
69.2632,94.3805,3.97852,0.04,0,3.26329,3.26329,0,0.611498,5.11056,4.2723e+06,2.92367e+06,1.39417e+07,0,0,0,0,67.3919,70.5495,3.24459,0,0,1.52013,1.52013,0,1.17437,2.32848,8.8787e+06,3.90788e+06,1.34968e+07,0,0,0,9.47756e+07
69.1531,94.3805,2.9357,0.04,0,3.26352,3.26352,0,0.61154,5.11056,4.2723e+06,2.92367e+06,1.39427e+07,0,0,0,0,67.4939,70.5495,2.26292,0,0,1.52023,1.52023,0,1.17445,2.32848,8.8787e+06,3.90788e+06,1.34977e+07,0,0,0,9.47756e+07
71.8906,94.3805,5.94577,0.04,0,3.01795,3.01795,0,0.611583,5.11056,4.2723e+06,2.92367e+06,1.28936e+07,0,0,0,0,68.3779,70.5495,3.45807,0,0,1.36763,1.36763,0,1.17453,2.32848,8.8787e+06,3.90788e+06,1.21428e+07,0,0,0,9.47756e+07
75.6689,94.3805,6.93813,0.03,0,3.01816,3.01816,0,0.565563,5.11056,4.2723e+06,2.92367e+06,1.28945e+07,0,0,0,0,69.4812,70.5495,3.95371,0,0,1.36772,1.36772,0,1.05663,2.32848,8.8787e+06,3.90788e+06,1.21436e+07,0,0,0,9.47756e+07
77.2142,94.3805,4.77072,0.01,0,3.01837,3.01837,0,0.565603,5.11056,4.2723e+06,2.92367e+06,1.28954e+07,0,0,0,0,70.4036,70.5495,4.17174,0,0,1.36782,1.36782,0,1.0567,2.32848,8.8787e+06,3.90788e+06,1.21444e+07,0,0,0,9.47756e+07
78.6986,94.3805,4.69475,0.01,0,3.01858,3.01858,0,0.565642,5.11056,4.2723e+06,2.92367e+06,1.28963e+07,0,0,0,0,71.1275,70.5495,3.51029,0,0,1.36791,1.36791,0,1.05678,2.32848,8.8787e+06,3.90788e+06,1.21453e+07,0,0,0,9.47756e+07
82.3875,94.3805,7.0054,0.01,0,3.01879,3.01879,0,0.565681,5.11056,4.2723e+06,2.92367e+06,1.28972e+07,0,0,0,0,71.5777,70.5495,5.90156,0,0,1.36801,1.36801,0,1.05685,2.32848,8.8787e+06,3.90788e+06,1.21461e+07,0,0,0,9.47756e+07
87.8891,94.3805,9.13064,0.01,0,3.11357,3.11357,0,0.565721,5.11056,4.2723e+06,2.92367e+06,1.33021e+07,0,0,0,0,71.5777,70.5495,7.60044,0,0,1.41234,1.41234,0,1.05692,2.32848,8.8787e+06,3.90788e+06,1.25397e+07,0,0,0,9.47756e+07
91.1036,94.3805,6.95358,0,0,3.11376,3.11376,0,0.583482,5.11056,4.2723e+06,2.92367e+06,1.33029e+07,0,0,0,0,71.5777,70.5495,4.61907,0,0,1.41243,1.41243,0,1.09117,2.32848,8.8787e+06,3.90788e+06,1.25405e+07,0,0,0,9.47756e+07
93.9167,94.3805,6.45567,0,0,3.11396,3.11396,0,0.583519,5.11056,4.2723e+06,2.92367e+06,1.33038e+07,0,0,0,0,71.5777,70.5495,3.92024,0,0,1.41251,1.41251,0,1.09124,2.32848,8.8787e+06,3.90788e+06,1.25413e+07,0,0,0,9.47756e+07
94.3805,94.3805,7.05677,0,0,3.11416,3.11416,0,0.583556,5.11056,4.2723e+06,2.92367e+06,1.33046e+07,0,0,0,0,71.5777,70.5495,5.84591,0,0,1.4126,1.4126,0,1.09131,2.32848,8.8787e+06,3.90788e+06,1.25421e+07,0,0,0,9.47756e+07
94.3805,94.3805,7.59936,0,0,3.41812,3.41812,0,0.583593,5.11056,4.2723e+06,2.92367e+06,1.46032e+07,0,0,0,0,71.5777,70.5495,6.26559,0,0,1.5788,1.5788,0,1.09138,2.32848,8.8787e+06,3.90788e+06,1.40177e+07,0,0,0,9.47756e+07
94.3805,94.3805,8.63984,0,0,3.41834,3.41834,0,0.640556,5.11056,4.2723e+06,2.92367e+06,1.46042e+07,0,0,0,0,71.5777,70.5495,6.92964,0,0,1.5789,1.5789,0,1.21978,2.32848,8.8787e+06,3.90788e+06,1.40185e+07,0,0,0,9.47756e+07
94.3805,94.3805,5.77089,0,0,3.41855,3.41855,0,0.640597,5.11056,4.2723e+06,2.92367e+06,1.46051e+07,0,0,0,0,71.5777,70.5495,4.55552,0,0,1.579,1.579,0,1.21985,2.32848,8.8787e+06,3.90788e+06,1.40194e+07,0,0,0,9.47756e+07
94.3805,94.3805,6.2419,0,0,3.41877,3.41877,0,0.640637,5.11056,4.2723e+06,2.92367e+06,1.4606e+07,0,0,0,0,71.5777,70.5495,4.06655,0,0,1.5791,1.5791,0,1.21993,2.32848,8.8787e+06,3.90788e+06,1.40203e+07,0,0,0,9.47756e+07
94.3805,94.3805,6.81329,0,0,2.98561,2.98561,0,0.640678,5.11056,4.2723e+06,2.92367e+06,1.27554e+07,0,0,0,0,71.5777,70.5495,7.46715,0,0,1.35623,1.35623,0,1.22001,2.32848,8.8787e+06,3.90788e+06,1.20415e+07,0,0,0,9.47756e+07
94.3805,94.3805,6.19284,0,0,2.9858,2.9858,0,0.559503,5.11056,4.2723e+06,2.92367e+06,1.27562e+07,0,0,0,0,71.5777,70.5495,6.02527,0,0,1.35631,1.35631,0,1.04782,2.32848,8.8787e+06,3.90788e+06,1.20423e+07,0,0,0,9.47756e+07
94.3805,94.3805,4.98375,0,0,2.98599,2.98599,0,0.559538,5.11056,4.2723e+06,2.92367e+06,1.2757e+07,0,0,0,0,71.5777,70.5495,4.29966,0,0,1.3564,1.3564,0,1.04789,2.32848,8.8787e+06,3.90788e+06,1.20431e+07,0,0,0,9.47756e+07
94.3805,94.3805,3.51962,0,0,2.98617,2.98617,0,0.559574,5.11056,4.2723e+06,2.92367e+06,1.27578e+07,0,0,0,0,71.5777,70.5495,3.35932,0,0,1.35648,1.35648,0,1.04795,2.32848,8.8787e+06,3.90788e+06,1.20438e+07,0,0,0,9.47756e+07
94.3805,94.3805,5.11531,0,0,2.98636,2.98636,0,0.559609,5.11056,4.2723e+06,2.92367e+06,1.27586e+07,0,0,0,0,71.5777,70.5495,4.21855,0,0,1.35657,1.35657,0,1.04802,2.32848,8.8787e+06,3.90788e+06,1.20446e+07,0,0,0,9.47756e+07
94.3805,94.3805,5.31325,0,0,3.09567,3.09567,0,0.559644,5.11056,4.2723e+06,2.92367e+06,1.32256e+07,0,0,0,0,71.5777,70.5495,4.10345,0,0,1.41122,1.41122,0,1.04809,2.32848,8.8787e+06,3.90788e+06,1.25298e+07,0,0,0,9.47756e+07
94.3805,94.3805,4.56818,0,0,3.09587,3.09587,0,0.580129,5.11056,4.2723e+06,2.92367e+06,1.32265e+07,0,0,0,0,71.5777,70.5495,4.26211,0,0,1.41131,1.41131,0,1.09031,2.32848,8.8787e+06,3.90788e+06,1.25306e+07,0,0,0,9.47756e+07
94.3805,94.3805,4.07301,0,0,3.09607,3.09607,0,0.580166,5.11056,4.2723e+06,2.92367e+06,1.32273e+07,0,0,0,0,71.5777,70.5495,3.31945,0,0,1.4114,1.4114,0,1.09038,2.32848,8.8787e+06,3.90788e+06,1.25314e+07,0,0,0,9.47756e+07
94.3805,94.3805,3.49521,0,0,3.09626,3.09626,0,0.580203,5.11056,4.2723e+06,2.92367e+06,1.32281e+07,0,0,0,0,71.5777,70.5495,2.76259,0,0,1.41149,1.41149,0,1.09045,2.32848,8.8787e+06,3.90788e+06,1.25322e+07,0,0,0,9.47756e+07
94.3805,94.3805,3.4353,0,0,3.05378,3.05378,0,0.580239,5.11056,4.2723e+06,2.92367e+06,1.30467e+07,0,0,0,0,71.5777,70.5495,3.44573,0,0,1.39038,1.39038,0,1.09051,2.32848,8.8787e+06,3.90788e+06,1.23448e+07,0,0,0,9.47756e+07
94.3805,94.3805,3.93421,0,0,3.05397,3.05397,0,0.572278,5.11056,4.2723e+06,2.92367e+06,1.30475e+07,0,0,0,0,71.5777,70.5495,3.5037,0,0,1.39047,1.39047,0,1.07421,2.32848,8.8787e+06,3.90788e+06,1.23455e+07,0,0,0,9.47756e+07
94.3805,94.3805,4.40589,0,0,3.05417,3.05417,0,0.572315,5.11056,4.2723e+06,2.92367e+06,1.30483e+07,0,0,0,0,71.5777,70.5495,3.63086,0,0,1.39055,1.39055,0,1.07427,2.32848,8.8787e+06,3.90788e+06,1.23463e+07,0,0,0,9.47756e+07
94.2107,94.3805,3.05383,0,0,3.05436,3.05436,0,0.572351,5.11056,4.2723e+06,2.92367e+06,1.30491e+07,0,0,0,0,71.5777,70.5495,3.13451,0,0,1.39064,1.39064,0,1.07434,2.32848,8.8787e+06,3.90788e+06,1.23471e+07,0,0,0,9.47756e+07
93.7665,94.3805,2.82604,0,0,3.19945,3.19945,0,0.572387,5.11056,4.2723e+06,2.92367e+06,1.3669e+07,0,0,0,0,71.5777,70.5495,2.75627,0,0,1.46592,1.46592,0,1.07441,2.32848,8.8787e+06,3.90788e+06,1.30155e+07,0,0,0,9.47756e+07
93.322,94.3805,2.77871,0,0,3.19965,3.19965,0,0.599577,5.11056,4.2723e+06,2.92367e+06,1.36699e+07,0,0,0,0,71.5777,70.5495,2.45624,0,0,1.46601,1.46601,0,1.13257,2.32848,8.8787e+06,3.90788e+06,1.30163e+07,0,0,0,9.47756e+07
92.7737,94.3805,2.65968,0,0,3.19986,3.19986,0,0.599615,5.11056,4.2723e+06,2.92367e+06,1.36707e+07,0,0,0,0,71.5777,70.5495,2.64573,0,0,1.46611,1.46611,0,1.13264,2.32848,8.8787e+06,3.90788e+06,1.30171e+07,0,0,0,9.47756e+07
92.0098,94.3805,2.45151,0,0,3.20006,3.20006,0,0.599653,5.11056,4.2723e+06,2.92367e+06,1.36716e+07,0,0,0,0,71.5777,70.5495,2.49998,0,0,1.4662,1.4662,0,1.13271,2.32848,8.8787e+06,3.90788e+06,1.30179e+07,0,0,0,9.47756e+07
91.2847,94.3805,2.42322,0,0,3.20026,3.20026,0,0.599691,5.11056,4.2723e+06,2.92367e+06,1.36725e+07,0,0,0,0,71.5777,70.5495,2.72354,0,0,1.46629,1.46629,0,1.13279,2.32848,8.8787e+06,3.90788e+06,1.30188e+07,0,0,0,9.47756e+07
90.6794,94.3805,2.50129,0,0,3.1718,3.1718,0,0.599729,5.11056,4.2723e+06,2.92367e+06,1.35509e+07,0,0,0,0,71.5777,70.5495,3.04521,0,0,1.50772,1.50772,0,1.13286,2.32848,8.8787e+06,3.90788e+06,1.33866e+07,0,0,0,9.47756e+07
89.9752,94.3805,2.37628,0,0,3.172,3.172,0,0.594395,5.11056,4.2723e+06,2.92367e+06,1.35517e+07,0,0,0,0,71.5777,70.5495,2.94444,0,0,1.50782,1.50782,0,1.16487,2.32848,8.8787e+06,3.90788e+06,1.33875e+07,0,0,0,9.47756e+07
89.1436,94.3805,2.22793,0,0,3.1722,3.1722,0,0.594433,5.11056,4.2723e+06,2.92367e+06,1.35526e+07,0,0,0,0,71.5777,70.5495,2.75415,0,0,1.50791,1.50791,0,1.16494,2.32848,8.8787e+06,3.90788e+06,1.33883e+07,0,0,0,9.47756e+07
88.1901,94.3805,2.08961,0.01,0,3.1724,3.1724,0,0.59447,5.11056,4.2723e+06,2.92367e+06,1.35534e+07,0,0,0,0,71.5777,70.5495,2.59172,0,0,1.50801,1.50801,0,1.16501,2.32848,8.8787e+06,3.90788e+06,1.33892e+07,0,0,0,9.47756e+07
87.0958,94.3805,1.98198,0.01,0,3.24664,3.24664,0,0.594508,5.11056,4.2723e+06,2.92367e+06,1.38706e+07,0,0,0,0,71.5777,70.5495,2.49715,0,0,1.54496,1.54496,0,1.16509,2.32848,8.8787e+06,3.90788e+06,1.37172e+07,0,0,0,9.47756e+07
85.8934,94.3805,1.82979,0.01,0,3.24685,3.24685,0,0.608421,5.11056,4.2723e+06,2.92367e+06,1.38715e+07,0,0,0,0,71.5476,70.5495,2.43696,0,0,1.54505,1.54505,0,1.19363,2.32848,8.8787e+06,3.90788e+06,1.37181e+07,0,0,0,9.47756e+07
84.5508,94.3805,1.66539,0.01,0,3.24705,3.24705,0,0.608459,5.11056,4.2723e+06,2.92367e+06,1.38724e+07,0,0,0,0,71.4662,70.5495,2.1246,0,0,1.54515,1.54515,0,1.19371,2.32848,8.8787e+06,3.90788e+06,1.37189e+07,0,0,0,9.47756e+07
83.3656,94.3805,1.82092,0.03,0,3.24726,3.24726,0,0.608498,5.11056,4.2723e+06,2.92367e+06,1.38732e+07,0,0,0,0,71.5122,70.5495,2.62887,0,0,1.54525,1.54525,0,1.19378,2.32848,8.8787e+06,3.90788e+06,1.37198e+07,0,0,0,9.47756e+07
81.9288,94.3805,1.69529,0.03,0,3.46435,3.46435,0,0.608536,5.11056,4.2723e+06,2.92367e+06,1.48007e+07,0,0,0,0,71.3947,70.5495,2.56267,0,0,1.67839,1.67839,0,1.19386,2.32848,8.8787e+06,3.90788e+06,1.4902e+07,0,0,0,9.47756e+07
80.2043,94.3805,1.37054,0.03,0,3.46457,3.46457,0,0.649219,5.11056,4.2723e+06,2.92367e+06,1.48017e+07,0,0,0,0,71.1406,70.5495,2.24586,0,0,1.6785,1.6785,0,1.29673,2.32848,8.8787e+06,3.90788e+06,1.49029e+07,0,0,0,9.47756e+07
78.6503,94.3805,1.52333,0.03,0,3.46479,3.46479,0,0.64926,5.11056,4.2723e+06,2.92367e+06,1.48026e+07,0,0,0,0,70.9032,70.5495,2.30959,0,0,1.67861,1.67861,0,1.29681,2.32848,8.8787e+06,3.90788e+06,1.49038e+07,0,0,0,9.47756e+07
77.9339,94.3805,2.41261,0.03,0,3.465,3.465,0,0.649301,5.11056,4.2723e+06,2.92367e+06,1.48035e+07,0,0,0,0,70.8157,70.5495,2.80753,0,0,1.67871,1.67871,0,1.29689,2.32848,8.8787e+06,3.90788e+06,1.49048e+07,0,0,0,9.47756e+07
77.8084,94.3805,3.01239,0.03,0,3.46522,3.46522,0,0.649342,5.11056,4.2723e+06,2.92367e+06,1.48045e+07,0,0,0,0,70.9092,70.5495,2.91574,0,0,1.67882,1.67882,0,1.29697,2.32848,8.8787e+06,3.90788e+06,1.49057e+07,0,0,0,9.47756e+07
75.9681,94.3805,1.17385,0.04,0,3.35971,3.35971,0,0.649383,5.11056,4.2723e+06,2.92367e+06,1.43537e+07,0,0,0,0,70.6808,70.5495,1.92123,0,0,1.59814,1.59814,0,1.29706,2.32848,8.8787e+06,3.90788e+06,1.41894e+07,0,0,0,9.47756e+07
75.1812,94.3805,2.23624,0.04,0,3.35992,3.35992,0,0.629609,5.11056,4.2723e+06,2.92367e+06,1.43546e+07,0,0,0,0,70.8206,70.5495,3.55463,0,0,1.59825,1.59825,0,1.23473,2.32848,8.8787e+06,3.90788e+06,1.41903e+07,0,0,0,9.47756e+07
73.2687,94.3805,1.05349,0.04,0,3.36013,3.36013,0,0.629649,5.11056,4.2723e+06,2.92367e+06,1.43555e+07,0,0,0,0,70.5756,70.5495,1.97364,0,0,1.59835,1.59835,0,1.2348,2.32848,8.8787e+06,3.90788e+06,1.41912e+07,0,0,0,9.47756e+07
71.5059,94.3805,1.16235,0.04,0,3.36035,3.36035,0,0.629689,5.11056,4.2723e+06,2.92367e+06,1.43564e+07,0,0,0,0,70.2797,70.5495,1.98944,0,0,1.59845,1.59845,0,1.23488,2.32848,8.8787e+06,3.90788e+06,1.41921e+07,0,0,0,9.47756e+07
69.6946,94.3805,1.13299,0.04,0,3.27375,3.27375,0,0.629729,5.11056,4.2723e+06,2.92367e+06,1.39864e+07,0,0,0,0,70.1624,70.5495,1.67706,0,0,1.525,1.525,0,1.23496,2.32848,8.8787e+06,3.90788e+06,1.354e+07,0,0,0,9.47756e+07
68.5196,94.3805,1.78654,0.04,0,3.27395,3.27395,0,0.6135,5.11056,4.2723e+06,2.92367e+06,1.39873e+07,0,0,0,0,70.4114,70.5495,2.65002,0,0,1.5251,1.5251,0,1.17821,2.32848,8.8787e+06,3.90788e+06,1.35409e+07,0,0,0,9.47756e+07
66.8231,94.3805,1.18887,0.04,0,3.27416,3.27416,0,0.613539,5.11056,4.2723e+06,2.92367e+06,1.39882e+07,0,0,0,0,70.6286,70.5495,2.64904,0,0,1.52519,1.52519,0,1.17829,2.32848,8.8787e+06,3.90788e+06,1.35417e+07,0,0,0,9.47756e+07
65.6127,94.3805,1.79128,0.04,0,3.27437,3.27437,0,0.613578,5.11056,4.2723e+06,2.92367e+06,1.39891e+07,0,0,0,0,70.6467,70.5495,2.11931,0,0,1.52529,1.52529,0,1.17836,2.32848,8.8787e+06,3.90788e+06,1.35426e+07,0,0,0,9.47756e+07
65.8788,94.3805,3.15328,0.05,0,3.02796,3.02796,0,0.613616,5.11056,4.2723e+06,2.92367e+06,1.29363e+07,0,0,0,0,70.9692,70.5495,3.05824,0,0,1.37217,1.37217,0,1.17844,2.32848,8.8787e+06,3.90788e+06,1.2183e+07,0,0,0,9.47756e+07
64.7676,94.3805,1.66901,0.05,0,3.02815,3.02815,0,0.56744,5.11056,4.2723e+06,2.92367e+06,1.29372e+07,0,0,0,0,71.0073,70.5495,2.49856,0,0,1.37225,1.37225,0,1.06013,2.32848,8.8787e+06,3.90788e+06,1.21838e+07,0,0,0,9.47756e+07
64.14,94.3805,2.1795,0.05,0,3.02834,3.02834,0,0.567476,5.11056,4.2723e+06,2.92367e+06,1.2938e+07,0,0,0,0,71.1001,70.5495,3.08229,0,0,1.37234,1.37234,0,1.0602,2.32848,8.8787e+06,3.90788e+06,1.21846e+07,0,0,0,9.47756e+07
63.7382,94.3805,2.39092,0.05,0,3.02854,3.02854,0,0.567512,5.11056,4.2723e+06,2.92367e+06,1.29388e+07,0,0,0,0,71.087,70.5495,2.01952,0,0,1.37243,1.37243,0,1.06027,2.32848,8.8787e+06,3.90788e+06,1.21854e+07,0,0,0,9.47756e+07
64.1722,94.3805,3.24444,0.07,0,2.95801,3.02873,0,0.567548,5.11056,4.2723e+06,2.92367e+06,1.26375e+07,0,0,0,0,71.3244,70.5495,3.00084,0,0,1.34047,1.37251,0,1.06034,2.32848,8.8787e+06,3.90788e+06,1.19016e+07,0,0,0,9.47756e+07
63.6756,94.3805,2.23206,0.08,0,2.97792,3.1238,0,0.554331,5.11056,4.2723e+06,2.92367e+06,1.27226e+07,0,0,0,0,71.1306,70.5495,1.71801,0,0,1.35081,1.41698,0,1.03564,2.32848,8.8787e+06,3.90788e+06,1.19934e+07,0,0,0,9.47756e+07
63.2072,94.3805,2.28563,0.08,0,2.97809,3.12398,0,0.558063,5.11056,4.2723e+06,2.92367e+06,1.27233e+07,0,0,0,0,71.1984,70.5495,1.85552,0,0,1.35088,1.41706,0,1.04363,2.32848,8.8787e+06,3.90788e+06,1.19941e+07,0,0,0,9.47756e+07
64.5913,94.3805,4.28748,0.08,0,2.97826,3.12415,0,0.558095,5.11056,4.2723e+06,2.92367e+06,1.2724e+07,0,0,0,0,71.5777,70.5495,5.2238,0,0,1.35096,1.41714,0,1.04369,2.32848,8.8787e+06,3.90788e+06,1.19948e+07,0,0,0,9.47756e+07
64.7679,94.3805,3.04377,0.08,0,2.97843,3.12433,0,0.558126,5.11056,4.2723e+06,2.92367e+06,1.27247e+07,0,0,0,0,71.3777,70.5495,3.18602,0,0,1.35104,1.41722,0,1.04375,2.32848,8.8787e+06,3.90788e+06,1.19955e+07,0,0,0,9.47756e+07
64.4193,94.3805,2.4996,0.09,0,3.02891,3.42927,0,0.558158,5.11056,4.2723e+06,3.5084e+06,1.29404e+07,0,0,0,0,71.5777,70.5495,2.17168,0,0,1.39903,1.58394,0,1.04381,2.32848,8.8787e+06,4.68946e+06,1.24215e+07,0,0,0,9.47756e+07
65.7875,94.3805,4.31493,0.09,0,3.02909,3.42946,0,0.567619,5.11056,4.2723e+06,3.5084e+06,1.29412e+07,0,0,0,0,71.5777,70.5495,3.87381,0,0,1.3991,1.58403,0,1.08089,2.32848,8.8787e+06,4.68946e+06,1.24222e+07,0,0,0,9.47756e+07
65.9205,94.3805,2.99289,0.09,0,3.02926,3.42966,0,0.567651,5.11056,4.2723e+06,3.5084e+06,1.29419e+07,0,0,0,0,71.2622,70.5495,2.61124,0,0,1.39918,1.58412,0,1.08095,2.32848,8.8787e+06,4.68946e+06,1.24229e+07,0,0,0,9.47756e+07
65.3957,94.3805,2.27431,0.11,0,3.02943,3.42985,0,0.567683,5.11056,4.2723e+06,3.5084e+06,1.29426e+07,0,0,0,0,71.2325,70.5495,1.88664,0,0,1.39926,1.58421,0,1.08101,2.32848,8.8787e+06,4.68946e+06,1.24236e+07,0,0,0,9.47756e+07
65.3885,94.3805,2.64298,0.11,0,2.64558,2.99527,0,0.567715,5.11056,4.2723e+06,3.5084e+06,1.13027e+07,0,0,0,0,71.4717,70.5495,2.51729,0,0,1.20177,1.36061,0,1.08107,2.32848,8.8787e+06,4.68946e+06,1.06701e+07,0,0,0,9.47756e+07
65.7424,94.3805,3.04086,0.1,0,2.64573,2.99544,0,0.495782,5.11056,4.2723e+06,3.5084e+06,1.13034e+07,0,0,0,0,71.5777,70.5495,2.51659,0,0,1.20184,1.36069,0,0.928486,2.32848,8.8787e+06,4.68946e+06,1.06708e+07,0,0,0,9.47756e+07
66.1434,94.3805,3.09294,0.1,0,2.64588,2.99561,0,0.49581,5.11056,4.2723e+06,3.5084e+06,1.1304e+07,0,0,0,0,71.5777,70.5495,2.87284,0,0,1.20191,1.36077,0,0.928539,2.32848,8.8787e+06,4.68946e+06,1.06714e+07,0,0,0,9.47756e+07
68.0383,94.3805,5.14115,0.05,0,2.99578,2.99578,0,0.495838,5.11056,4.2723e+06,2.92367e+06,1.27989e+07,0,0,0,0,71.5777,70.5495,4.68781,0,0,1.36085,1.36085,0,0.928592,2.32848,8.8787e+06,3.90788e+06,1.20826e+07,0,0,0,9.47756e+07
70.0171,94.3805,5.39477,0.06,0,2.926,2.99595,0,0.561409,5.11056,4.2723e+06,2.92367e+06,1.25007e+07,0,0,0,0,71.5777,70.5495,4.92196,0,0,1.32915,1.36092,0,1.05139,2.32848,8.8787e+06,3.90788e+06,1.18011e+07,0,0,0,9.47756e+07
71.1456,94.3805,4.31274,0.07,0,3.03308,3.10559,0,0.548332,5.11056,4.2723e+06,2.92367e+06,1.29582e+07,0,0,0,0,71.5777,70.5495,2.90217,0,0,1.38268,1.41574,0,1.0269,2.32848,8.8787e+06,3.90788e+06,1.22764e+07,0,0,0,9.47756e+07
71.7868,94.3805,3.74647,0.07,0,3.03325,3.10577,0,0.568399,5.11056,4.2723e+06,2.92367e+06,1.29589e+07,0,0,0,0,71.5777,70.5495,2.73692,0,0,1.38276,1.41582,0,1.06826,2.32848,8.8787e+06,3.90788e+06,1.22771e+07,0,0,0,9.47756e+07
74.141,94.3805,5.82479,0.06,0,3.03342,3.10594,0,0.568431,5.11056,4.2723e+06,2.92367e+06,1.29597e+07,0,0,0,0,71.5777,70.5495,3.66041,0,0,1.38284,1.4159,0,1.06832,2.32848,8.8787e+06,3.90788e+06,1.22778e+07,0,0,0,9.47756e+07
74.7451,94.3805,3.73027,0.06,0,3.03359,3.10612,0,0.568463,5.11056,4.2723e+06,2.92367e+06,1.29604e+07,0,0,0,0,71.5777,70.5495,2.81159,0,0,1.38292,1.41598,0,1.06838,2.32848,8.8787e+06,3.90788e+06,1.22785e+07,0,0,0,9.47756e+07
74.9392,94.3805,3.18069,0.06,0,2.99195,3.06348,0,0.568496,5.11056,4.2723e+06,2.92367e+06,1.27825e+07,0,0,0,0,71.5777,70.5495,2.63513,0,0,1.36223,1.3948,0,1.06844,2.32848,8.8787e+06,3.90788e+06,1.20948e+07,0,0,0,9.47756e+07
74.6976,94.3805,2.77732,0.05,0,3.06366,3.06366,0,0.560692,5.11056,4.2723e+06,2.92367e+06,1.30889e+07,0,0,0,0,71.5337,70.5495,2.89842,0,0,1.39488,1.39488,0,1.05246,2.32848,8.8787e+06,3.90788e+06,1.23847e+07,0,0,0,9.47756e+07
74.3065,94.3805,2.60623,0.04,0,3.06383,3.06383,0,0.57413,5.11056,4.2723e+06,2.92367e+06,1.30896e+07,0,0,0,0,71.5777,70.5495,2.40813,0,0,1.39496,1.39496,0,1.07768,2.32848,8.8787e+06,3.90788e+06,1.23854e+07,0,0,0,9.47756e+07
74.3597,94.3805,3.06363,0.04,0,3.06401,3.06401,0,0.574162,5.11056,4.2723e+06,2.92367e+06,1.30903e+07,0,0,0,0,71.5777,70.5495,2.50402,0,0,1.39504,1.39504,0,1.07774,2.32848,8.8787e+06,3.90788e+06,1.23861e+07,0,0,0,9.47756e+07
73.5798,94.3805,2.20389,0.04,0,3.20954,3.20954,0,0.574195,5.11056,4.2723e+06,2.92367e+06,1.37121e+07,0,0,0,0,71.4815,70.5495,2.32589,0,0,1.47054,1.47054,0,1.0778,2.32848,8.8787e+06,3.90788e+06,1.30565e+07,0,0,0,9.47756e+07
72.5662,94.3805,1.91429,0.04,0,3.20972,3.20972,0,0.601467,5.11056,4.2723e+06,2.92367e+06,1.37129e+07,0,0,0,0,71.4595,70.5495,2.06286,0,0,1.47063,1.47063,0,1.13614,2.32848,8.8787e+06,3.90788e+06,1.30572e+07,0,0,0,9.47756e+07
71.5409,94.3805,1.87643,0.02,0,3.2099,3.2099,0,0.601501,5.11056,4.2723e+06,2.92367e+06,1.37136e+07,0,0,0,0,71.5043,70.5495,2.08785,0,0,1.47071,1.47071,0,1.13621,2.32848,8.8787e+06,3.90788e+06,1.3058e+07,0,0,0,9.47756e+07
70.3454,94.3805,1.68719,0.02,0,3.21008,3.21008,0,0.601536,5.11056,4.2723e+06,2.92367e+06,1.37144e+07,0,0,0,0,71.5173,70.5495,2.11846,0,0,1.47079,1.47079,0,1.13627,2.32848,8.8787e+06,3.90788e+06,1.30587e+07,0,0,0,9.47756e+07
69.1384,94.3805,1.65159,0.01,0,3.21027,3.21027,0,0.60157,5.11056,4.2723e+06,2.92367e+06,1.37152e+07,0,0,0,0,71.5221,70.5495,2.1081,0,0,1.47088,1.47088,0,1.13633,2.32848,8.8787e+06,3.90788e+06,1.30595e+07,0,0,0,9.47756e+07
68.145,94.3805,1.80702,0.02,0,3.1817,3.1817,0,0.601604,5.11056,4.2723e+06,2.92367e+06,1.35931e+07,0,0,0,0,71.4978,70.5495,2.16763,0,0,1.51243,1.51243,0,1.1364,2.32848,8.8787e+06,3.90788e+06,1.34284e+07,0,0,0,9.47756e+07
67.0287,94.3805,1.66609,0.02,0,3.18188,3.18188,0,0.59625,5.11056,4.2723e+06,2.92367e+06,1.35939e+07,0,0,0,0,71.4584,70.5495,2.17907,0,0,1.51251,1.51251,0,1.1685,2.32848,8.8787e+06,3.90788e+06,1.34292e+07,0,0,0,9.47756e+07
65.8036,94.3805,1.52843,0.02,0,3.18206,3.18206,0,0.596284,5.11056,4.2723e+06,2.92367e+06,1.35947e+07,0,0,0,0,71.3795,70.5495,1.91725,0,0,1.5126,1.5126,0,1.16857,2.32848,8.8787e+06,3.90788e+06,1.34299e+07,0,0,0,9.47756e+07
64.505,94.3805,1.4043,0.04,0,3.18224,3.18224,0,0.596317,5.11056,4.2723e+06,2.92367e+06,1.35955e+07,0,0,0,0,71.1439,70.5495,1.88547,0,0,1.51269,1.51269,0,1.16863,2.32848,8.8787e+06,3.90788e+06,1.34307e+07,0,0,0,9.47756e+07
63.1167,94.3805,1.31988,0.04,0,3.25669,3.25669,0,0.596351,5.11056,4.2723e+06,2.92367e+06,1.39135e+07,0,0,0,0,70.8052,70.5495,1.72688,0,0,1.54974,1.54974,0,1.1687,2.32848,8.8787e+06,3.90788e+06,1.37597e+07,0,0,0,9.47756e+07
61.6884,94.3805,1.24767,0.04,0,3.25688,3.25688,0,0.610304,5.11056,4.2723e+06,2.92367e+06,1.39143e+07,0,0,0,0,70.3834,70.5495,1.72156,0,0,1.54983,1.54983,0,1.19733,2.32848,8.8787e+06,3.90788e+06,1.37604e+07,0,0,0,9.47756e+07
60.1598,94.3805,1.11495,0.04,0,3.25706,3.25706,0,0.610338,5.11056,4.2723e+06,2.92367e+06,1.39151e+07,0,0,0,0,69.8856,70.5495,1.6313,0,0,1.54991,1.54991,0,1.19739,2.32848,8.8787e+06,3.90788e+06,1.37612e+07,0,0,0,9.47756e+07
58.5775,94.3805,1.02329,0.05,0,3.25725,3.25725,0,0.610373,5.11056,4.2723e+06,2.92367e+06,1.39159e+07,0,0,0,0,69.3017,70.5495,1.52341,0,0,1.55,1.55,0,1.19746,2.32848,8.8787e+06,3.90788e+06,1.3762e+07,0,0,0,9.47756e+07
56.7506,94.3805,0.858997,0.05,0,3.47498,3.47498,0,0.610408,5.11056,4.2723e+06,2.92367e+06,1.48461e+07,0,0,0,0,68.3827,70.5495,1.41807,0,0,1.68355,1.68355,0,1.19753,2.32848,8.8787e+06,3.90788e+06,1.49477e+07,0,0,0,9.47756e+07
54.8085,94.3805,0.642806,0.06,0,3.39404,3.47518,0,0.651211,5.11056,4.2723e+06,2.92367e+06,1.45003e+07,0,0,0,0,67.4555,70.5495,1.14575,0,0,1.64433,1.68364,0,1.30071,2.32848,8.8787e+06,3.90788e+06,1.45995e+07,0,0,0,9.47756e+07
53.0907,94.3805,0.624967,0.09,0,3.06964,3.47538,0,0.636042,5.11056,4.2723e+06,3.5084e+06,1.31144e+07,0,0,0,0,66.7689,70.5495,1.11298,0,0,1.48717,1.68374,0,1.27041,2.32848,8.8787e+06,4.68946e+06,1.32041e+07,0,0,0,9.47756e+07
51.5443,94.3805,0.768688,0.1,0,3.06981,3.47557,0,0.575251,5.11056,4.2723e+06,3.5084e+06,1.31152e+07,0,0,0,0,66.0068,70.5495,1.23743,0,0,1.48725,1.68383,0,1.14899,2.32848,8.8787e+06,4.68946e+06,1.32049e+07,0,0,0,9.47756e+07
49.8723,94.3805,0.58687,0.1,0,3.06999,3.47577,0,0.575283,5.11056,4.2723e+06,3.5084e+06,1.31159e+07,0,0,0,0,65.6893,70.5495,1.09997,0,0,1.48734,1.68393,0,1.14905,2.32848,8.8787e+06,4.68946e+06,1.32056e+07,0,0,0,9.47756e+07
49.1646,94.3805,1.52851,0.09,0,2.97649,3.36991,0,0.575316,5.11056,4.2723e+06,3.5084e+06,1.27164e+07,0,0,0,0,66.079,70.5495,3.47356,0,0,1.41586,1.603,0,1.14912,2.32848,8.8787e+06,4.68946e+06,1.2571e+07,0,0,0,9.47756e+07
48.2574,94.3805,1.5172,0.08,0,3.21273,3.3701,0,0.557794,5.11056,4.2723e+06,2.92367e+06,1.37257e+07,0,0,0,0,66.6654,70.5495,4.10183,0,0,1.52823,1.60309,0,1.09389,2.32848,8.8787e+06,3.90788e+06,1.35687e+07,0,0,0,9.47756e+07
47.4758,94.3805,1.65039,0.08,0,3.21291,3.3703,0,0.602065,5.11056,4.2723e+06,2.92367e+06,1.37265e+07,0,0,0,0,67.4954,70.5495,4.47788,0,0,1.52831,1.60318,0,1.18071,2.32848,8.8787e+06,3.90788e+06,1.35695e+07,0,0,0,9.47756e+07
46.6602,94.3805,1.7259,0.07,0,3.29179,3.37049,0,0.602099,5.11056,4.2723e+06,2.92367e+06,1.40635e+07,0,0,0,0,68.3251,70.5495,4.71325,0,0,1.56584,1.60327,0,1.18078,2.32848,8.8787e+06,3.90788e+06,1.39026e+07,0,0,0,9.47756e+07
45.6314,94.3805,1.21516,0.11,0,2.90026,3.28361,0,0.616881,5.11056,4.2723e+06,3.5084e+06,1.23908e+07,0,0,0,0,69.376,70.5495,4.38482,0,0,1.35102,1.52959,0,1.20977,2.32848,8.8787e+06,4.68946e+06,1.19953e+07,0,0,0,9.47756e+07
44.5789,94.3805,1.11415,0.11,0,2.90042,3.28379,0,0.543509,5.11056,4.2723e+06,3.5084e+06,1.23915e+07,0,0,0,0,69.9064,70.5495,2.9382,0,0,1.3511,1.52968,0,1.0438,2.32848,8.8787e+06,4.68946e+06,1.1996e+07,0,0,0,9.47756e+07
44.2491,94.3805,1.88379,0.1,0,2.90059,3.28398,0,0.543539,5.11056,4.2723e+06,3.5084e+06,1.23922e+07,0,0,0,0,71.2786,70.5495,4.29007,0,0,1.35117,1.52977,0,1.04386,2.32848,8.8787e+06,4.68946e+06,1.19967e+07,0,0,0,9.47756e+07
44.4941,94.3805,2.69748,0.1,0,2.90075,3.28417,0,0.54357,5.11056,4.2723e+06,3.5084e+06,1.23929e+07,0,0,0,0,71.5777,70.5495,5.78448,0,0,1.35125,1.52985,0,1.04392,2.32848,8.8787e+06,4.68946e+06,1.19973e+07,0,0,0,9.47756e+07
45.958,94.3805,3.73455,0.1,0,2.68245,3.037,0,0.543601,5.11056,4.2723e+06,3.5084e+06,1.14602e+07,0,0,0,0,71.5777,70.5495,5.26271,0,0,1.21559,1.37626,0,1.04398,2.32848,8.8787e+06,4.68946e+06,1.07929e+07,0,0,0,9.47756e+07
47.4441,94.3805,3.74625,0.1,0,2.6826,3.03718,0,0.50269,5.11056,4.2723e+06,3.5084e+06,1.14609e+07,0,0,0,0,71.5777,70.5495,5.23836,0,0,1.21566,1.37634,0,0.939165,2.32848,8.8787e+06,4.68946e+06,1.07935e+07,0,0,0,9.47756e+07
50.0855,94.3805,5.19133,0.07,0,2.96643,3.03735,0,0.502719,5.11056,4.2723e+06,2.92367e+06,1.26735e+07,0,0,0,0,71.5777,70.5495,6.14472,0,0,1.34428,1.37642,0,0.939218,2.32848,8.8787e+06,3.90788e+06,1.19355e+07,0,0,0,9.47756e+07
50.7211,94.3805,3.15833,0.08,0,2.89567,3.03752,0,0.555909,5.11056,4.2723e+06,2.92367e+06,1.23712e+07,0,0,0,0,71.5777,70.5495,4.66419,0,0,1.31222,1.3765,0,1.03859,2.32848,8.8787e+06,3.90788e+06,1.16508e+07,0,0,0,9.47756e+07
50.6838,94.3805,2.28171,0.09,0,2.68306,3.03769,0,0.542649,5.11056,4.2723e+06,3.5084e+06,1.14628e+07,0,0,0,0,71.5777,70.5495,2.83653,0,0,1.21587,1.37658,0,1.01382,2.32848,8.8787e+06,4.68946e+06,1.07953e+07,0,0,0,9.47756e+07
53.0213,94.3805,4.9706,0.09,0,2.76726,3.13303,0,0.502805,5.11056,4.2723e+06,3.5084e+06,1.18226e+07,0,0,0,0,71.5777,70.5495,4.57462,0,0,1.25525,1.42116,0,0.939378,2.32848,8.8787e+06,4.68946e+06,1.1145e+07,0,0,0,9.47756e+07
55.9669,94.3805,5.67529,0.09,0,2.7674,3.13319,0,0.518585,5.11056,4.2723e+06,3.5084e+06,1.18232e+07,0,0,0,0,71.5777,70.5495,6.80084,0,0,1.25531,1.42124,0,0.969805,2.32848,8.8787e+06,4.68946e+06,1.11455e+07,0,0,0,9.47756e+07
58.4337,94.3805,5.31413,0.1,0,2.76754,3.13334,0,0.518611,5.11056,4.2723e+06,3.5084e+06,1.18237e+07,0,0,0,0,71.5777,70.5495,8.80297,0,0,1.25538,1.42131,0,0.969854,2.32848,8.8787e+06,4.68946e+06,1.11461e+07,0,0,0,9.47756e+07
59.7434,94.3805,4.17413,0.07,0,3.06034,3.1335,0,0.518637,5.11056,4.2723e+06,2.92367e+06,1.30747e+07,0,0,0,0,71.5777,70.5495,8.4065,0,0,1.38819,1.42138,0,0.969903,2.32848,8.8787e+06,3.90788e+06,1.23253e+07,0,0,0,9.47756e+07
59.3047,94.3805,2.58551,0.07,0,3.35901,3.43931,0,0.573507,5.11056,4.2723e+06,2.92367e+06,1.43507e+07,0,0,0,0,71.5777,70.5495,6.82365,0,0,1.55149,1.58858,0,1.07252,2.32848,8.8787e+06,3.90788e+06,1.37752e+07,0,0,0,9.47756e+07
62.0232,94.3805,5.89711,0.06,0,3.35918,3.43948,0,0.629478,5.11056,4.2723e+06,2.92367e+06,1.43514e+07,0,0,0,0,71.5777,70.5495,7.54863,0,0,1.55157,1.58866,0,1.19868,2.32848,8.8787e+06,3.90788e+06,1.37759e+07,0,0,0,9.47756e+07
61.992,94.3805,3.0249,0.06,0,3.35935,3.43966,0,0.62951,5.11056,4.2723e+06,2.92367e+06,1.43521e+07,0,0,0,0,71.5777,70.5495,4.50831,0,0,1.55165,1.58874,0,1.19874,2.32848,8.8787e+06,3.90788e+06,1.37766e+07,0,0,0,9.47756e+07
61.5842,94.3805,2.56962,0.07,0,3.35951,3.43983,0,0.629541,5.11056,4.2723e+06,2.92367e+06,1.43528e+07,0,0,0,0,71.5777,70.5495,3.71023,0,0,1.55173,1.58882,0,1.1988,2.32848,8.8787e+06,3.90788e+06,1.37773e+07,0,0,0,9.47756e+07
63.4398,94.3805,4.74684,0.07,0,2.93382,3.00396,0,0.629573,5.11056,4.2723e+06,2.92367e+06,1.25342e+07,0,0,0,0,71.5777,70.5495,5.85849,0,0,1.3327,1.36457,0,1.19886,2.32848,8.8787e+06,3.90788e+06,1.18327e+07,0,0,0,9.47756e+07
68.6044,94.3805,8.18391,0.08,0,2.86383,3.00411,0,0.549798,5.11056,4.2723e+06,2.92367e+06,1.22351e+07,0,0,0,0,71.5777,70.5495,7.53602,0,0,1.30091,1.36463,0,1.02965,2.32848,8.8787e+06,3.90788e+06,1.15504e+07,0,0,0,9.47756e+07
72.3662,94.3805,7.05027,0.04,0,3.00427,3.00427,0,0.536681,5.11056,4.2723e+06,2.92367e+06,1.28351e+07,0,0,0,0,71.5777,70.5495,8.27915,0,0,1.3647,1.3647,0,1.00508,2.32848,8.8787e+06,3.90788e+06,1.21168e+07,0,0,0,9.47756e+07
79.4232,94.3805,10.4927,0.04,0,3.00442,3.00442,0,0.563,5.11056,4.2723e+06,2.92367e+06,1.28358e+07,0,0,0,0,71.5777,70.5495,10.2247,0,0,1.36477,1.36477,0,1.05437,2.32848,8.8787e+06,3.90788e+06,1.21174e+07,0,0,0,9.47756e+07
85.8163,94.3805,10.0803,0.02,0,3.00457,3.00457,0,0.563028,5.11056,4.2723e+06,2.92367e+06,1.28364e+07,0,0,0,0,71.5777,70.5495,15.281,0,0,1.36484,1.36484,0,1.05442,2.32848,8.8787e+06,3.90788e+06,1.2118e+07,0,0,0,9.47756e+07
89.4818,94.3805,7.18792,0,0,3.11451,3.11451,0,0.563056,5.11056,4.2723e+06,2.92367e+06,1.33061e+07,0,0,0,0,71.5777,70.5495,9.37279,0,0,1.41981,1.41981,0,1.05448,2.32848,8.8787e+06,3.90788e+06,1.2606e+07,0,0,0,9.47756e+07
94.3805,94.3805,8.63718,0,0,3.11467,3.11467,0,0.583659,5.11056,4.2723e+06,2.92367e+06,1.33068e+07,0,0,0,0,71.5777,70.5495,8.92421,0,0,1.41988,1.41988,0,1.09694,2.32848,8.8787e+06,3.90788e+06,1.26067e+07,0,0,0,9.47756e+07
94.3805,94.3805,6.02313,0,0,3.11482,3.11482,0,0.583688,5.11056,4.2723e+06,2.92367e+06,1.33074e+07,0,0,0,0,71.5777,70.5495,6.10008,0,0,1.41995,1.41995,0,1.097,2.32848,8.8787e+06,3.90788e+06,1.26073e+07,0,0,0,9.47756e+07
94.3805,94.3805,5.91305,0,0,3.11498,3.11498,0,0.583718,5.11056,4.2723e+06,2.92367e+06,1.33081e+07,0,0,0,0,71.5777,70.5495,6.15898,0,0,1.42002,1.42002,0,1.09705,2.32848,8.8787e+06,3.90788e+06,1.26079e+07,0,0,0,9.47756e+07
94.3805,94.3805,4.82409,0,0,3.0722,3.0722,0,0.583747,5.11056,4.2723e+06,2.92367e+06,1.31254e+07,0,0,0,0,71.5777,70.5495,5.36773,0,0,1.39877,1.39877,0,1.09711,2.32848,8.8787e+06,3.90788e+06,1.24192e+07,0,0,0,9.47756e+07
94.3805,94.3805,4.02206,0,0,3.07236,3.07236,0,0.575731,5.11056,4.2723e+06,2.92367e+06,1.3126e+07,0,0,0,0,71.5777,70.5495,4.54989,0,0,1.39884,1.39884,0,1.08069,2.32848,8.8787e+06,3.90788e+06,1.24199e+07,0,0,0,9.47756e+07
94.3805,94.3805,4.54897,0,0,3.07251,3.07251,0,0.57576,5.11056,4.2723e+06,2.92367e+06,1.31267e+07,0,0,0,0,71.5777,70.5495,4.1327,0,0,1.39891,1.39891,0,1.08074,2.32848,8.8787e+06,3.90788e+06,1.24205e+07,0,0,0,9.47756e+07
94.3805,94.3805,3.84612,0,0,3.07267,3.07267,0,0.575789,5.11056,4.2723e+06,2.92367e+06,1.31273e+07,0,0,0,0,71.5777,70.5495,4.1661,0,0,1.39898,1.39898,0,1.0808,2.32848,8.8787e+06,3.90788e+06,1.24211e+07,0,0,0,9.47756e+07
94.3805,94.3805,3.3538,0,0,3.21859,3.21859,0,0.575818,5.11056,4.2723e+06,2.92367e+06,1.37508e+07,0,0,0,0,71.5777,70.5495,3.66595,0,0,1.47469,1.47469,0,1.08085,2.32848,8.8787e+06,3.90788e+06,1.30933e+07,0,0,0,9.47756e+07
94.3805,94.3805,3.32562,0,0,3.21875,3.21875,0,0.603163,5.11056,4.2723e+06,2.92367e+06,1.37515e+07,0,0,0,0,71.5777,70.5495,4.14283,0,0,1.47476,1.47476,0,1.13934,2.32848,8.8787e+06,3.90788e+06,1.3094e+07,0,0,0,9.47756e+07
94.2848,94.3805,3.10326,0,0,3.21891,3.21891,0,0.603194,5.11056,4.2723e+06,2.92367e+06,1.37522e+07,0,0,0,0,71.5777,70.5495,3.80235,0,0,1.47484,1.47484,0,1.1394,2.32848,8.8787e+06,3.90788e+06,1.30946e+07,0,0,0,9.47756e+07
93.9349,94.3805,2.82032,0,0,3.21908,3.21908,0,0.603224,5.11056,4.2723e+06,2.92367e+06,1.37528e+07,0,0,0,0,71.5777,70.5495,3.17819,0,0,1.47491,1.47491,0,1.13946,2.32848,8.8787e+06,3.90788e+06,1.30953e+07,0,0,0,9.47756e+07
93.5178,94.3805,2.73814,0,0,3.21924,3.21924,0,0.603255,5.11056,4.2723e+06,2.92367e+06,1.37535e+07,0,0,0,0,71.5777,70.5495,2.89101,0,0,1.47499,1.47499,0,1.13952,2.32848,8.8787e+06,3.90788e+06,1.3096e+07,0,0,0,9.47756e+07
93.0047,94.3805,2.66624,0,0,3.19057,3.19057,0,0.603285,5.11056,4.2723e+06,2.92367e+06,1.3631e+07,0,0,0,0,71.537,70.5495,2.31275,0,0,1.51664,1.51664,0,1.13957,2.32848,8.8787e+06,3.90788e+06,1.34658e+07,0,0,0,9.47756e+07
92.4335,94.3805,2.51669,0,0,3.19073,3.19073,0,0.597912,5.11056,4.2723e+06,2.92367e+06,1.36317e+07,0,0,0,0,71.4709,70.5495,2.29945,0,0,1.51672,1.51672,0,1.17176,2.32848,8.8787e+06,3.90788e+06,1.34665e+07,0,0,0,9.47756e+07
91.6919,94.3805,2.32133,0,0,3.19089,3.19089,0,0.597942,5.11056,4.2723e+06,2.92367e+06,1.36324e+07,0,0,0,0,71.3985,70.5495,2.25265,0,0,1.5168,1.5168,0,1.17182,2.32848,8.8787e+06,3.90788e+06,1.34672e+07,0,0,0,9.47756e+07
90.8194,94.3805,2.17139,0,0,3.19105,3.19105,0,0.597973,5.11056,4.2723e+06,2.92367e+06,1.36331e+07,0,0,0,0,71.3299,70.5495,2.32393,0,0,1.51687,1.51687,0,1.17188,2.32848,8.8787e+06,3.90788e+06,1.34679e+07,0,0,0,9.47756e+07
89.8492,94.3805,2.11003,0,0,3.26569,3.26569,0,0.598003,5.11056,4.2723e+06,2.92367e+06,1.3952e+07,0,0,0,0,71.1392,70.5495,2.144,0,0,1.55402,1.55402,0,1.17194,2.32848,8.8787e+06,3.90788e+06,1.37977e+07,0,0,0,9.47756e+07
88.8461,94.3805,2.06195,0,0,3.26585,3.26585,0,0.61199,5.11056,4.2723e+06,2.92367e+06,1.39527e+07,0,0,0,0,70.8892,70.5495,2.09705,0,0,1.5541,1.5541,0,1.20063,2.32848,8.8787e+06,3.90788e+06,1.37984e+07,0,0,0,9.47756e+07
87.6111,94.3805,1.81192,0,0,3.26602,3.26602,0,0.612021,5.11056,4.2723e+06,2.92367e+06,1.39534e+07,0,0,0,0,70.6118,70.5495,1.92316,0,0,1.55418,1.55418,0,1.2007,2.32848,8.8787e+06,3.90788e+06,1.37991e+07,0,0,0,9.47756e+07
86.265,94.3805,1.67752,0.01,0,3.26618,3.26618,0,0.612052,5.11056,4.2723e+06,2.92367e+06,1.39541e+07,0,0,0,0,70.3245,70.5495,1.85288,0,0,1.55425,1.55425,0,1.20076,2.32848,8.8787e+06,3.90788e+06,1.37998e+07,0,0,0,9.47756e+07
84.5416,94.3805,1.43236,0.01,0,3.48449,3.48449,0,0.612083,5.11056,4.2723e+06,2.92367e+06,1.48868e+07,0,0,0,0,69.7417,70.5495,1.80646,0,0,1.68815,1.68815,0,1.20082,2.32848,8.8787e+06,3.90788e+06,1.49886e+07,0,0,0,9.47756e+07
82.9697,94.3805,1.56299,0.03,0,3.48467,3.48467,0,0.652994,5.11056,4.2723e+06,2.92367e+06,1.48875e+07,0,0,0,0,69.2297,70.5495,1.48447,0,0,1.68824,1.68824,0,1.30427,2.32848,8.8787e+06,3.90788e+06,1.49894e+07,0,0,0,9.47756e+07
81.5095,94.3805,1.68337,0.03,0,3.48484,3.48484,0,0.653027,5.11056,4.2723e+06,2.92367e+06,1.48883e+07,0,0,0,0,68.466,70.5495,1.82425,0,0,1.68832,1.68832,0,1.30433,2.32848,8.8787e+06,3.90788e+06,1.49901e+07,0,0,0,9.47756e+07
79.7944,94.3805,1.39447,0.03,0,3.48502,3.48502,0,0.65306,5.11056,4.2723e+06,2.92367e+06,1.4889e+07,0,0,0,0,67.9414,70.5495,1.27221,0,0,1.68841,1.68841,0,1.3044,2.32848,8.8787e+06,3.90788e+06,1.49909e+07,0,0,0,9.47756e+07
78.4119,94.3805,1.72302,0.03,0,3.4852,3.4852,0,0.653093,5.11056,4.2723e+06,2.92367e+06,1.48898e+07,0,0,0,0,67.6092,70.5495,2.42187,0,0,1.68849,1.68849,0,1.30447,2.32848,8.8787e+06,3.90788e+06,1.49916e+07,0,0,0,9.47756e+07
77.2105,94.3805,1.83111,0.03,0,3.37903,3.37903,0,0.653126,5.11056,4.2723e+06,2.92367e+06,1.44362e+07,0,0,0,0,67.3265,70.5495,2.31556,0,0,1.60734,1.60734,0,1.30453,2.32848,8.8787e+06,3.90788e+06,1.4271e+07,0,0,0,9.47756e+07
76.2928,94.3805,2.17291,0.03,0,3.3792,3.3792,0,0.63323,5.11056,4.2723e+06,2.92367e+06,1.44369e+07,0,0,0,0,67.2789,70.5495,3.17353,0,0,1.60742,1.60742,0,1.24183,2.32848,8.8787e+06,3.90788e+06,1.42718e+07,0,0,0,9.47756e+07
75.2607,94.3805,2.06815,0.04,0,3.37937,3.37937,0,0.633262,5.11056,4.2723e+06,2.92367e+06,1.44377e+07,0,0,0,0,67.242,70.5495,3.11515,0,0,1.6075,1.6075,0,1.24189,2.32848,8.8787e+06,3.90788e+06,1.42725e+07,0,0,0,9.47756e+07
74.4756,94.3805,2.38283,0.04,0,3.37954,3.37954,0,0.633294,5.11056,4.2723e+06,2.92367e+06,1.44384e+07,0,0,0,0,67.3852,70.5495,3.76352,0,0,1.60758,1.60758,0,1.24195,2.32848,8.8787e+06,3.90788e+06,1.42732e+07,0,0,0,9.47756e+07
74.1109,94.3805,2.96231,0.04,0,3.29241,3.29241,0,0.633326,5.11056,4.2723e+06,2.92367e+06,1.40661e+07,0,0,0,0,67.7788,70.5495,3.86473,0,0,1.53369,1.53369,0,1.24202,2.32848,8.8787e+06,3.90788e+06,1.36172e+07,0,0,0,9.47756e+07
73.9784,94.3805,3.23412,0.04,0,3.29257,3.29257,0,0.616997,5.11056,4.2723e+06,2.92367e+06,1.40668e+07,0,0,0,0,68.2941,70.5495,4.36459,0,0,1.53377,1.53377,0,1.18493,2.32848,8.8787e+06,3.90788e+06,1.36179e+07,0,0,0,9.47756e+07
74.3831,94.3805,3.63213,0.04,0,3.29274,3.29274,0,0.617028,5.11056,4.2723e+06,2.92367e+06,1.40676e+07,0,0,0,0,68.7904,70.5495,4.05202,0,0,1.53385,1.53385,0,1.18499,2.32848,8.8787e+06,3.90788e+06,1.36186e+07,0,0,0,9.47756e+07
75.1994,94.3805,4.02156,0.04,0,3.2929,3.2929,0,0.617059,5.11056,4.2723e+06,2.92367e+06,1.40683e+07,0,0,0,0,69.251,70.5495,3.66755,0,0,1.53392,1.53392,0,1.18505,2.32848,8.8787e+06,3.90788e+06,1.36193e+07,0,0,0,9.47756e+07
75.1604,94.3805,3.08656,0.03,0,3.04506,3.04506,0,0.61709,5.11056,4.2723e+06,2.92367e+06,1.30094e+07,0,0,0,0,69.7596,70.5495,3.05332,0,0,1.37992,1.37992,0,1.18511,2.32848,8.8787e+06,3.90788e+06,1.22519e+07,0,0,0,9.47756e+07
76.9918,94.3805,5.24508,0.03,0,3.04522,3.04522,0,0.570645,5.11056,4.2723e+06,2.92367e+06,1.30101e+07,0,0,0,0,71.1716,70.5495,3.68943,0,0,1.37999,1.37999,0,1.06612,2.32848,8.8787e+06,3.90788e+06,1.22525e+07,0,0,0,9.47756e+07
77.7165,94.3805,4.11189,0.01,0,3.04537,3.04537,0,0.570674,5.11056,4.2723e+06,2.92367e+06,1.30107e+07,0,0,0,0,71.5777,70.5495,4.27845,0,0,1.38006,1.38006,0,1.06618,2.32848,8.8787e+06,3.90788e+06,1.22531e+07,0,0,0,9.47756e+07
78.2587,94.3805,3.91584,0.01,0,3.04553,3.04553,0,0.570703,5.11056,4.2723e+06,2.92367e+06,1.30114e+07,0,0,0,0,71.5777,70.5495,6.30597,0,0,1.38012,1.38012,0,1.06623,2.32848,8.8787e+06,3.90788e+06,1.22537e+07,0,0,0,9.47756e+07
78.785,94.3805,3.92999,0.01,0,3.04568,3.04568,0,0.570732,5.11056,4.2723e+06,2.92367e+06,1.3012e+07,0,0,0,0,71.5777,70.5495,6.15388,0,0,1.38019,1.38019,0,1.06628,2.32848,8.8787e+06,3.90788e+06,1.22543e+07,0,0,0,9.47756e+07
78.3456,94.3805,2.74337,0.01,0,3.04568,3.04568,0,0.57076,5.11056,4.2723e+06,2.92367e+06,1.3012e+07,0,0,0,0,71.5777,70.5495,4.3856,0,0,1.38019,1.38019,0,1.06634,2.32848,8.8787e+06,3.90788e+06,1.22543e+07,0,0,0,9.47756e+07
78.1645,94.3805,3.0407,0.01,0,3.14124,3.14124,0,0.57076,5.11056,4.2723e+06,2.92367e+06,1.34203e+07,0,0,0,0,71.5777,70.5495,4.86484,0,0,1.42489,1.42489,0,1.06634,2.32848,8.8787e+06,3.90788e+06,1.26512e+07,0,0,0,9.47756e+07
77.6728,94.3805,2.79001,0.01,0,3.14138,3.14138,0,0.588669,5.11056,4.2723e+06,2.92367e+06,1.34209e+07,0,0,0,0,71.5777,70.5495,4.08509,0,0,1.42495,1.42495,0,1.10087,2.32848,8.8787e+06,3.90788e+06,1.26517e+07,0,0,0,9.47756e+07
76.9007,94.3805,2.34807,0.01,0,3.14152,3.14152,0,0.588695,5.11056,4.2723e+06,2.92367e+06,1.34215e+07,0,0,0,0,71.5777,70.5495,3.54777,0,0,1.42502,1.42502,0,1.10092,2.32848,8.8787e+06,3.90788e+06,1.26523e+07,0,0,0,9.47756e+07
77.0881,94.3805,3.43577,0.01,0,3.14166,3.14166,0,0.588721,5.11056,4.2723e+06,2.92367e+06,1.34221e+07,0,0,0,0,71.5777,70.5495,5.15821,0,0,1.42508,1.42508,0,1.10097,2.32848,8.8787e+06,3.90788e+06,1.26529e+07,0,0,0,9.47756e+07
79.4458,94.3805,6.18393,0.01,0,3.44824,3.44824,0,0.588747,5.11056,4.2723e+06,2.92367e+06,1.47319e+07,0,0,0,0,71.5777,70.5495,6.12875,0,0,1.59271,1.59271,0,1.10102,2.32848,8.8787e+06,3.90788e+06,1.41412e+07,0,0,0,9.47756e+07
79.6939,94.3805,3.78188,0.01,0,3.4484,3.4484,0,0.646201,5.11056,4.2723e+06,2.92367e+06,1.47326e+07,0,0,0,0,71.5777,70.5495,5.35613,0,0,1.59278,1.59278,0,1.23053,2.32848,8.8787e+06,3.90788e+06,1.41418e+07,0,0,0,9.47756e+07
79.196,94.3805,2.90834,0.01,0,3.44855,3.44855,0,0.646229,5.11056,4.2723e+06,2.92367e+06,1.47332e+07,0,0,0,0,71.5777,70.5495,3.02169,0,0,1.59285,1.59285,0,1.23058,2.32848,8.8787e+06,3.90788e+06,1.41424e+07,0,0,0,9.47756e+07
80.124,94.3805,4.38998,0.01,0,3.4487,3.4487,0,0.646258,5.11056,4.2723e+06,2.92367e+06,1.47339e+07,0,0,0,0,71.5777,70.5495,3.86004,0,0,1.59292,1.59292,0,1.23064,2.32848,8.8787e+06,3.90788e+06,1.41431e+07,0,0,0,9.47756e+07
81.7547,94.3805,5.01079,0.01,0,3.01169,3.01169,0,0.646286,5.11056,4.2723e+06,2.92367e+06,1.28668e+07,0,0,0,0,71.5777,70.5495,4.657,0,0,1.36807,1.36807,0,1.23069,2.32848,8.8787e+06,3.90788e+06,1.21467e+07,0,0,0,9.47756e+07
82.8773,94.3805,4.41523,0.02,0,3.01182,3.01182,0,0.56439,5.11056,4.2723e+06,2.92367e+06,1.28674e+07,0,0,0,0,71.5777,70.5495,4.54844,0,0,1.36813,1.36813,0,1.05697,2.32848,8.8787e+06,3.90788e+06,1.21473e+07,0,0,0,9.47756e+07
82.9225,94.3805,3.28995,0.02,0,3.01195,3.01195,0,0.564415,5.11056,4.2723e+06,2.92367e+06,1.2868e+07,0,0,0,0,71.5777,70.5495,3.48138,0,0,1.3682,1.3682,0,1.05702,2.32848,8.8787e+06,3.90788e+06,1.21478e+07,0,0,0,9.47756e+07
83.8537,94.3805,4.20679,0.02,0,3.01209,3.01209,0,0.56444,5.11056,4.2723e+06,2.92367e+06,1.28685e+07,0,0,0,0,71.5777,70.5495,3.88757,0,0,1.36826,1.36826,0,1.05707,2.32848,8.8787e+06,3.90788e+06,1.21483e+07,0,0,0,9.47756e+07
84.8299,94.3805,4.26163,0.02,0,3.01222,3.01222,0,0.564465,5.11056,4.2723e+06,2.92367e+06,1.28691e+07,0,0,0,0,71.5777,70.5495,4.14484,0,0,1.36832,1.36832,0,1.05711,2.32848,8.8787e+06,3.90788e+06,1.21489e+07,0,0,0,9.47756e+07
84.6863,94.3805,3.1638,0.02,0,3.12242,3.12242,0,0.56449,5.11056,4.2723e+06,2.92367e+06,1.33399e+07,0,0,0,0,71.5777,70.5495,3.62198,0,0,1.42341,1.42341,0,1.05716,2.32848,8.8787e+06,3.90788e+06,1.2638e+07,0,0,0,9.47756e+07
84.4764,94.3805,3.0566,0.02,0,3.12256,3.12256,0,0.585141,5.11056,4.2723e+06,2.92367e+06,1.33405e+07,0,0,0,0,71.5777,70.5495,3.42127,0,0,1.42347,1.42347,0,1.09973,2.32848,8.8787e+06,3.90788e+06,1.26386e+07,0,0,0,9.47756e+07
84.0156,94.3805,2.8078,0.02,0,3.12269,3.12269,0,0.585167,5.11056,4.2723e+06,2.92367e+06,1.33411e+07,0,0,0,0,71.5777,70.5495,3.04522,0,0,1.42354,1.42354,0,1.09978,2.32848,8.8787e+06,3.90788e+06,1.26392e+07,0,0,0,9.47756e+07
83.4002,94.3805,2.56361,0.02,0,3.12283,3.12283,0,0.585193,5.11056,4.2723e+06,2.92367e+06,1.33417e+07,0,0,0,0,71.5777,70.5495,2.95252,0,0,1.4236,1.4236,0,1.09982,2.32848,8.8787e+06,3.90788e+06,1.26397e+07,0,0,0,9.47756e+07
82.7642,94.3805,2.48962,0.01,0,3.07993,3.07993,0,0.585219,5.11056,4.2723e+06,2.92367e+06,1.31584e+07,0,0,0,0,71.5201,70.5495,2.93061,0,0,1.40228,1.40228,0,1.09987,2.32848,8.8787e+06,3.90788e+06,1.24505e+07,0,0,0,9.47756e+07
82.2352,94.3805,2.60504,0,0,3.08006,3.08006,0,0.577179,5.11056,4.2723e+06,2.92367e+06,1.31589e+07,0,0,0,0,71.5777,70.5495,2.49406,0,0,1.40235,1.40235,0,1.0834,2.32848,8.8787e+06,3.90788e+06,1.2451e+07,0,0,0,9.47756e+07
81.6923,94.3805,2.53975,0,0,3.0802,3.0802,0,0.577204,5.11056,4.2723e+06,2.92367e+06,1.31595e+07,0,0,0,0,71.5777,70.5495,2.5281,0,0,1.40241,1.40241,0,1.08345,2.32848,8.8787e+06,3.90788e+06,1.24516e+07,0,0,0,9.47756e+07
80.7981,94.3805,2.06539,0,0,3.08034,3.08034,0,0.57723,5.11056,4.2723e+06,2.92367e+06,1.31601e+07,0,0,0,0,71.5517,70.5495,2.35379,0,0,1.40247,1.40247,0,1.0835,2.32848,8.8787e+06,3.90788e+06,1.24521e+07,0,0,0,9.47756e+07
79.5771,94.3805,1.84903,0,0,3.2266,3.2266,0,0.577255,5.11056,4.2723e+06,2.92367e+06,1.3785e+07,0,0,0,0,71.4088,70.5495,2.18521,0,0,1.47836,1.47836,0,1.08355,2.32848,8.8787e+06,3.90788e+06,1.31259e+07,0,0,0,9.47756e+07
78.3399,94.3805,1.80463,0,0,3.22674,3.22674,0,0.604665,5.11056,4.2723e+06,2.92367e+06,1.37856e+07,0,0,0,0,71.2874,70.5495,1.98414,0,0,1.47843,1.47843,0,1.14218,2.32848,8.8787e+06,3.90788e+06,1.31265e+07,0,0,0,9.47756e+07
76.9176,94.3805,1.58349,0,0,3.22689,3.22689,0,0.604692,5.11056,4.2723e+06,2.92367e+06,1.37862e+07,0,0,0,0,71.0597,70.5495,1.85246,0,0,1.47849,1.47849,0,1.14223,2.32848,8.8787e+06,3.90788e+06,1.31271e+07,0,0,0,9.47756e+07
75.4687,94.3805,1.48724,0,0,3.22703,3.22703,0,0.604718,5.11056,4.2723e+06,2.92367e+06,1.37868e+07,0,0,0,0,70.5396,70.5495,1.77013,0,0,1.47856,1.47856,0,1.14228,2.32848,8.8787e+06,3.90788e+06,1.31277e+07,0,0,0,9.47756e+07
73.9217,94.3805,1.31408,0.01,0,3.22717,3.22717,0,0.604745,5.11056,4.2723e+06,2.92367e+06,1.37874e+07,0,0,0,0,69.931,70.5495,1.44187,0,0,1.47862,1.47862,0,1.14233,2.32848,8.8787e+06,3.90788e+06,1.31282e+07,0,0,0,9.47756e+07
72.2914,94.3805,1.19756,0.01,0,3.19841,3.19841,0,0.604772,5.11056,4.2723e+06,2.92367e+06,1.36645e+07,0,0,0,0,69.2172,70.5495,1.3399,0,0,1.52037,1.52037,0,1.14238,2.32848,8.8787e+06,3.90788e+06,1.34989e+07,0,0,0,9.47756e+07
70.5652,94.3805,1.07985,0.01,0,3.19855,3.19855,0,0.599382,5.11056,4.2723e+06,2.92367e+06,1.36652e+07,0,0,0,0,68.4459,70.5495,1.24113,0,0,1.52044,1.52044,0,1.17464,2.32848,8.8787e+06,3.90788e+06,1.34995e+07,0,0,0,9.47756e+07
68.8026,94.3805,1.01119,0.02,0,3.19869,3.19869,0,0.599408,5.11056,4.2723e+06,2.92367e+06,1.36658e+07,0,0,0,0,67.5785,70.5495,1.20256,0,0,1.52051,1.52051,0,1.17469,2.32848,8.8787e+06,3.90788e+06,1.35001e+07,0,0,0,9.47756e+07
67.0332,94.3805,0.962641,0.02,0,3.19883,3.19883,0,0.599435,5.11056,4.2723e+06,2.92367e+06,1.36664e+07,0,0,0,0,66.6832,70.5495,1.09503,0,0,1.52057,1.52057,0,1.17474,2.32848,8.8787e+06,3.90788e+06,1.35007e+07,0,0,0,9.47756e+07
65.188,94.3805,0.879952,0.03,0,3.27363,3.27363,0,0.599461,5.11056,4.2723e+06,2.92367e+06,1.39859e+07,0,0,0,0,65.645,70.5495,1.07433,0,0,1.5578,1.5578,0,1.1748,2.32848,8.8787e+06,3.90788e+06,1.38312e+07,0,0,0,9.47756e+07
63.315,94.3805,0.812955,0.04,0,3.27378,3.27378,0,0.613479,5.11056,4.2723e+06,2.92367e+06,1.39865e+07,0,0,0,0,64.712,70.5495,0.960539,0,0,1.55787,1.55787,0,1.20356,2.32848,8.8787e+06,3.90788e+06,1.38318e+07,0,0,0,9.47756e+07
61.4965,94.3805,0.835228,0.04,0,3.27392,3.27392,0,0.613506,5.11056,4.2723e+06,2.92367e+06,1.39872e+07,0,0,0,0,63.8451,70.5495,1.08565,0,0,1.55794,1.55794,0,1.20361,2.32848,8.8787e+06,3.90788e+06,1.38325e+07,0,0,0,9.47756e+07
59.7524,94.3805,0.870692,0.05,0,3.27407,3.27407,0,0.613533,5.11056,4.2723e+06,2.92367e+06,1.39878e+07,0,0,0,0,62.8597,70.5495,1.14253,0,0,1.55801,1.55801,0,1.20366,2.32848,8.8787e+06,3.90788e+06,1.38331e+07,0,0,0,9.47756e+07
57.7734,94.3805,0.75318,0.04,0,3.49288,3.49288,0,0.61356,5.11056,4.2723e+06,2.92367e+06,1.49226e+07,0,0,0,0,61.493,70.5495,0.899095,0,0,1.69222,1.69222,0,1.20371,2.32848,8.8787e+06,3.90788e+06,1.50247e+07,0,0,0,9.47756e+07
55.7219,94.3805,0.624418,0.05,0,3.49303,3.49303,0,0.654566,5.11056,4.2723e+06,2.92367e+06,1.49233e+07,0,0,0,0,60.4845,70.5495,0.632054,0,0,1.69229,1.69229,0,1.30741,2.32848,8.8787e+06,3.90788e+06,1.50254e+07,0,0,0,9.47756e+07
54.1031,94.3805,0.773255,0.09,0,3.08537,3.49319,0,0.654595,5.11056,4.2723e+06,3.5084e+06,1.31816e+07,0,0,0,0,59.5139,70.5495,1.18567,0,0,1.49479,1.69237,0,1.30746,2.32848,8.8787e+06,4.68946e+06,1.32718e+07,0,0,0,9.47756e+07
52.4077,94.3805,0.65102,0.09,0,3.08551,3.49334,0,0.578199,5.11056,4.2723e+06,3.5084e+06,1.31822e+07,0,0,0,0,58.5706,70.5495,0.848954,0,0,1.49486,1.69244,0,1.15487,2.32848,8.8787e+06,4.68946e+06,1.32724e+07,0,0,0,9.47756e+07
50.803,94.3805,0.739312,0.1,0,3.08565,3.4935,0,0.578225,5.11056,4.2723e+06,3.5084e+06,1.31828e+07,0,0,0,0,57.7403,70.5495,0.900046,0,0,1.49492,1.69252,0,1.15493,2.32848,8.8787e+06,4.68946e+06,1.3273e+07,0,0,0,9.47756e+07
49.4282,94.3805,0.876815,0.09,0,2.99163,3.38706,0,0.57825,5.11056,4.2723e+06,3.5084e+06,1.27811e+07,0,0,0,0,57.4606,70.5495,1.02494,0,0,1.42306,1.61115,0,1.15498,2.32848,8.8787e+06,4.68946e+06,1.26349e+07,0,0,0,9.47756e+07
47.9486,94.3805,0.735861,0.09,0,2.99176,3.38721,0,0.560632,5.11056,4.2723e+06,3.5084e+06,1.27817e+07,0,0,0,0,56.6865,70.5495,1.6322,0,0,1.42312,1.61122,0,1.09945,2.32848,8.8787e+06,4.68946e+06,1.26355e+07,0,0,0,9.47756e+07
46.4,94.3805,0.613395,0.09,0,2.9919,3.38736,0,0.560656,5.11056,4.2723e+06,3.5084e+06,1.27823e+07,0,0,0,0,55.9653,70.5495,0.861195,0,0,1.42318,1.6113,0,1.0995,2.32848,8.8787e+06,4.68946e+06,1.2636e+07,0,0,0,9.47756e+07
45.0635,94.3805,0.796194,0.12,0,2.99203,3.38751,0,0.560681,5.11056,4.2723e+06,3.5084e+06,1.27828e+07,0,0,0,0,55.4861,70.5495,1.11264,0,0,1.42325,1.61137,0,1.09955,2.32848,8.8787e+06,4.68946e+06,1.26366e+07,0,0,0,9.47756e+07
44.3377,94.3805,1.40669,0.11,0,2.91487,3.30014,0,0.560706,5.11056,4.2723e+06,3.5084e+06,1.24532e+07,0,0,0,0,54.9518,70.5495,1.393,0,0,1.35782,1.5373,0,1.0996,2.32848,8.8787e+06,4.68946e+06,1.20557e+07,0,0,0,9.47756e+07
43.4641,94.3805,1.24981,0.11,0,2.91499,3.30029,0,0.546246,5.11056,4.2723e+06,3.5084e+06,1.24537e+07,0,0,0,0,54.9054,70.5495,1.00126,0,0,1.35788,1.53736,0,1.04905,2.32848,8.8787e+06,4.68946e+06,1.20562e+07,0,0,0,9.47756e+07
42.9741,94.3805,1.66854,0.1,0,2.91512,3.30043,0,0.54627,5.11056,4.2723e+06,3.5084e+06,1.24543e+07,0,0,0,0,55.1339,70.5495,2.44232,0,0,1.35794,1.53743,0,1.0491,2.32848,8.8787e+06,4.68946e+06,1.20568e+07,0,0,0,9.47756e+07
45.0531,94.3805,4.47419,0.11,0,2.91525,3.30058,0,0.546294,5.11056,4.2723e+06,3.5084e+06,1.24548e+07,0,0,0,0,56.2377,70.5495,4.75031,0,0,1.358,1.5375,0,1.04915,2.32848,8.8787e+06,4.68946e+06,1.20573e+07,0,0,0,9.47756e+07
48.89,94.3805,6.10228,0.11,0,2.69582,3.05214,0,0.546318,5.11056,4.2723e+06,3.5084e+06,1.15173e+07,0,0,0,0,57.0387,70.5495,4.12926,0,0,1.22165,1.38312,0,1.04919,2.32848,8.8787e+06,4.68946e+06,1.08467e+07,0,0,0,9.47756e+07
50.5007,94.3805,3.97615,0.08,0,2.90974,3.05228,0,0.505196,5.11056,4.2723e+06,2.92367e+06,1.24313e+07,0,0,0,0,57.2886,70.5495,2.26018,0,0,1.31859,1.38319,0,0.943847,2.32848,8.8787e+06,3.90788e+06,1.17074e+07,0,0,0,9.47756e+07
52.9558,94.3805,4.78649,0.09,0,2.69606,3.05241,0,0.545286,5.11056,4.2723e+06,3.5084e+06,1.15184e+07,0,0,0,0,57.6431,70.5495,2.55756,0,0,1.22176,1.38325,0,1.01874,2.32848,8.8787e+06,4.68946e+06,1.08476e+07,0,0,0,9.47756e+07
55.4821,94.3805,5.02471,0.09,0,2.69618,3.05255,0,0.505241,5.11056,4.2723e+06,3.5084e+06,1.15189e+07,0,0,0,0,58.126,70.5495,2.80703,0,0,1.22181,1.38331,0,0.94393,2.32848,8.8787e+06,4.68946e+06,1.08481e+07,0,0,0,9.47756e+07
58.523,94.3805,5.88273,0.1,0,2.69629,3.05268,0,0.505263,5.11056,4.2723e+06,3.5084e+06,1.15194e+07,0,0,0,0,59.6387,70.5495,4.81986,0,0,1.22187,1.38337,0,0.943972,2.32848,8.8787e+06,4.68946e+06,1.08486e+07,0,0,0,9.47756e+07
61.9756,94.3805,6.56246,0.07,0,3.07493,3.14845,0,0.505286,5.11056,4.2723e+06,2.92367e+06,1.3137e+07,0,0,0,0,60.5401,70.5495,4.43195,0,0,1.39481,1.42816,0,0.944013,2.32848,8.8787e+06,3.90788e+06,1.23841e+07,0,0,0,9.47756e+07
64.6716,94.3805,5.80387,0.06,0,3.07505,3.14857,0,0.576243,5.11056,4.2723e+06,2.92367e+06,1.31375e+07,0,0,0,0,61.1828,70.5495,3.83118,0,0,1.39486,1.42821,0,1.07763,2.32848,8.8787e+06,3.90788e+06,1.23846e+07,0,0,0,9.47756e+07
66.4766,94.3805,4.81788,0.06,0,3.07517,3.14869,0,0.576265,5.11056,4.2723e+06,2.92367e+06,1.3138e+07,0,0,0,0,61.6404,70.5495,3.33811,0,0,1.39492,1.42827,0,1.07767,2.32848,8.8787e+06,3.90788e+06,1.23851e+07,0,0,0,9.47756e+07
67.7782,94.3805,4.41662,0.03,0,3.14881,3.14881,0,0.576286,5.11056,4.2723e+06,2.92367e+06,1.34526e+07,0,0,0,0,62.2523,70.5495,3.39377,0,0,1.42832,1.42832,0,1.07771,2.32848,8.8787e+06,3.90788e+06,1.26816e+07,0,0,0,9.47756e+07
69.0807,94.3805,4.73895,0.03,0,3.45607,3.45607,0,0.590086,5.11056,4.2723e+06,2.92367e+06,1.47653e+07,0,0,0,0,62.6188,70.5495,3.39771,0,0,1.59632,1.59632,0,1.10352,2.32848,8.8787e+06,3.90788e+06,1.41733e+07,0,0,0,9.47756e+07
71.5791,94.3805,6.0287,0.03,0,3.4562,3.4562,0,0.647667,5.11056,4.2723e+06,2.92367e+06,1.47659e+07,0,0,0,0,63.3826,70.5495,4.08965,0,0,1.59638,1.59638,0,1.23332,2.32848,8.8787e+06,3.90788e+06,1.41738e+07,0,0,0,9.47756e+07
75.2312,94.3805,7.23017,0.03,0,3.45633,3.45633,0,0.647691,5.11056,4.2723e+06,2.92367e+06,1.47665e+07,0,0,0,0,64.2571,70.5495,4.68907,0,0,1.59644,1.59644,0,1.23336,2.32848,8.8787e+06,3.90788e+06,1.41743e+07,0,0,0,9.47756e+07
77.022,94.3805,5.45769,0.03,0,3.45646,3.45646,0,0.647716,5.11056,4.2723e+06,2.92367e+06,1.4767e+07,0,0,0,0,65.1545,70.5495,4.36874,0,0,1.5965,1.5965,0,1.23341,2.32848,8.8787e+06,3.90788e+06,1.41749e+07,0,0,0,9.47756e+07
79.8206,94.3805,6.1959,0.01,0,3.01845,3.01845,0,0.64774,5.11056,4.2723e+06,2.92367e+06,1.28957e+07,0,0,0,0,67.4604,70.5495,7.21672,0,0,1.37114,1.37114,0,1.23346,2.32848,8.8787e+06,3.90788e+06,1.2174e+07,0,0,0,9.47756e+07
81.4011,94.3805,4.85717,0.01,0,3.01856,3.01856,0,0.565657,5.11056,4.2723e+06,2.92367e+06,1.28962e+07,0,0,0,0,68.5247,70.5495,4.45764,0,0,1.3712,1.3712,0,1.05935,2.32848,8.8787e+06,3.90788e+06,1.21744e+07,0,0,0,9.47756e+07
82.4103,94.3805,4.26668,0.02,0,3.01867,3.01867,0,0.565678,5.11056,4.2723e+06,2.92367e+06,1.28967e+07,0,0,0,0,69.7629,70.5495,4.49958,0,0,1.37125,1.37125,0,1.05939,2.32848,8.8787e+06,3.90788e+06,1.21749e+07,0,0,0,9.47756e+07
86.5786,94.3805,7.84524,0.02,0,3.01879,3.01879,0,0.5657,5.11056,4.2723e+06,2.92367e+06,1.28972e+07,0,0,0,0,71.5777,70.5495,7.69754,0,0,1.3713,1.3713,0,1.05943,2.32848,8.8787e+06,3.90788e+06,1.21754e+07,0,0,0,9.47756e+07
90.2439,94.3805,7.16344,0,0,3.0189,3.0189,0,0.565721,5.11056,4.2723e+06,2.92367e+06,1.28976e+07,0,0,0,0,71.5777,70.5495,6.22536,0,0,1.37135,1.37135,0,1.05947,2.32848,8.8787e+06,3.90788e+06,1.21758e+07,0,0,0,9.47756e+07
92.7418,94.3805,6.1492,0,0,3.12933,3.12933,0,0.565743,5.11056,4.2723e+06,2.92367e+06,1.33694e+07,0,0,0,0,71.5777,70.5495,6.02265,0,0,1.42656,1.42656,0,1.05951,2.32848,8.8787e+06,3.90788e+06,1.2666e+07,0,0,0,9.47756e+07
94.3805,94.3805,6.83687,0,0,3.12945,3.12945,0,0.586436,5.11056,4.2723e+06,2.92367e+06,1.33699e+07,0,0,0,0,71.5777,70.5495,6.16454,0,0,1.42661,1.42661,0,1.10216,2.32848,8.8787e+06,3.90788e+06,1.26665e+07,0,0,0,9.47756e+07
94.3805,94.3805,5.63849,0,0,3.12956,3.12956,0,0.586458,5.11056,4.2723e+06,2.92367e+06,1.33704e+07,0,0,0,0,71.5777,70.5495,5.76872,0,0,1.42667,1.42667,0,1.1022,2.32848,8.8787e+06,3.90788e+06,1.2667e+07,0,0,0,9.47756e+07
94.3805,94.3805,4.77171,0,0,3.12968,3.12968,0,0.58648,5.11056,4.2723e+06,2.92367e+06,1.33709e+07,0,0,0,0,71.5777,70.5495,4.19573,0,0,1.42672,1.42672,0,1.10224,2.32848,8.8787e+06,3.90788e+06,1.26674e+07,0,0,0,9.47756e+07
94.3805,94.3805,4.49453,0,0,3.08667,3.08667,0,0.586503,5.11056,4.2723e+06,2.92367e+06,1.31871e+07,0,0,0,0,71.5777,70.5495,4.40499,0,0,1.40535,1.40535,0,1.10229,2.32848,8.8787e+06,3.90788e+06,1.24777e+07,0,0,0,9.47756e+07
94.3805,94.3805,4.06873,0,0,3.08678,3.08678,0,0.578441,5.11056,4.2723e+06,2.92367e+06,1.31876e+07,0,0,0,0,71.5777,70.5495,4.27893,0,0,1.4054,1.4054,0,1.08577,2.32848,8.8787e+06,3.90788e+06,1.24782e+07,0,0,0,9.47756e+07
94.3805,94.3805,4.59781,0,0,3.0869,3.0869,0,0.578463,5.11056,4.2723e+06,2.92367e+06,1.31881e+07,0,0,0,0,71.5777,70.5495,3.87484,0,0,1.40546,1.40546,0,1.08582,2.32848,8.8787e+06,3.90788e+06,1.24786e+07,0,0,0,9.47756e+07
94.3805,94.3805,3.88899,0,0,3.08702,3.08702,0,0.578485,5.11056,4.2723e+06,2.92367e+06,1.31886e+07,0,0,0,0,71.5777,70.5495,3.89958,0,0,1.40551,1.40551,0,1.08586,2.32848,8.8787e+06,3.90788e+06,1.24791e+07,0,0,0,9.47756e+07
94.3805,94.3805,3.71107,0,0,3.23358,3.23358,0,0.578507,5.11056,4.2723e+06,2.92367e+06,1.38148e+07,0,0,0,0,71.5777,70.5495,3.54536,0,0,1.48156,1.48156,0,1.0859,2.32848,8.8787e+06,3.90788e+06,1.31543e+07,0,0,0,9.47756e+07
94.3805,94.3805,3.32208,0,0,3.2337,3.2337,0,0.605973,5.11056,4.2723e+06,2.92367e+06,1.38153e+07,0,0,0,0,71.5777,70.5495,3.24502,0,0,1.48161,1.48161,0,1.14465,2.32848,8.8787e+06,3.90788e+06,1.31548e+07,0,0,0,9.47756e+07
94.2967,94.3805,3.12571,0,0,3.23382,3.23382,0,0.605996,5.11056,4.2723e+06,2.92367e+06,1.38159e+07,0,0,0,0,71.5777,70.5495,3.29447,0,0,1.48167,1.48167,0,1.14469,2.32848,8.8787e+06,3.90788e+06,1.31553e+07,0,0,0,9.47756e+07
94.1014,94.3805,3.00379,0,0,3.23395,3.23395,0,0.606019,5.11056,4.2723e+06,2.92367e+06,1.38164e+07,0,0,0,0,71.5777,70.5495,3.20819,0,0,1.48173,1.48173,0,1.14474,2.32848,8.8787e+06,3.90788e+06,1.31558e+07,0,0,0,9.47756e+07
94.3805,94.3805,3.65874,0,0,3.23407,3.23407,0,0.606042,5.11056,4.2723e+06,2.92367e+06,1.38169e+07,0,0,0,0,71.5777,70.5495,3.11214,0,0,1.48178,1.48178,0,1.14478,2.32848,8.8787e+06,3.90788e+06,1.31563e+07,0,0,0,9.47756e+07
94.3805,94.3805,3.79191,0,0,3.20523,3.20523,0,0.606065,5.11056,4.2723e+06,2.92367e+06,1.36937e+07,0,0,0,0,71.5777,70.5495,3.19496,0,0,1.52361,1.52361,0,1.14482,2.32848,8.8787e+06,3.90788e+06,1.35277e+07,0,0,0,9.47756e+07
94.3805,94.3805,3.51281,0,0,3.20535,3.20535,0,0.600659,5.11056,4.2723e+06,2.92367e+06,1.36942e+07,0,0,0,0,71.5777,70.5495,3.06314,0,0,1.52367,1.52367,0,1.17714,2.32848,8.8787e+06,3.90788e+06,1.35282e+07,0,0,0,9.47756e+07
94.3805,94.3805,3.27967,0,0,3.20547,3.20547,0,0.600682,5.11056,4.2723e+06,2.92367e+06,1.36947e+07,0,0,0,0,71.5777,70.5495,3.14789,0,0,1.52373,1.52373,0,1.17719,2.32848,8.8787e+06,3.90788e+06,1.35287e+07,0,0,0,9.47756e+07
94.3045,94.3805,3.04862,0,0,3.20559,3.20559,0,0.600705,5.11056,4.2723e+06,2.92367e+06,1.36952e+07,0,0,0,0,71.5777,70.5495,2.88494,0,0,1.52379,1.52379,0,1.17723,2.32848,8.8787e+06,3.90788e+06,1.35292e+07,0,0,0,9.47756e+07
94.0969,94.3805,2.96288,0,0,3.28053,3.28053,0,0.600728,5.11056,4.2723e+06,2.92367e+06,1.40154e+07,0,0,0,0,71.5434,70.5495,2.38537,0,0,1.56108,1.56108,0,1.17728,2.32848,8.8787e+06,3.90788e+06,1.38604e+07,0,0,0,9.47756e+07
93.5327,94.3805,2.59527,0,0,3.28065,3.28065,0,0.614771,5.11056,4.2723e+06,2.92367e+06,1.40159e+07,0,0,0,0,71.4648,70.5495,2.20664,0,0,1.56114,1.56114,0,1.20609,2.32848,8.8787e+06,3.90788e+06,1.38609e+07,0,0,0,9.47756e+07
92.7842,94.3805,2.39825,0,0,3.28078,3.28078,0,0.614794,5.11056,4.2723e+06,2.92367e+06,1.40164e+07,0,0,0,0,71.3725,70.5495,2.1181,0,0,1.5612,1.5612,0,1.20614,2.32848,8.8787e+06,3.90788e+06,1.38614e+07,0,0,0,9.47756e+07
91.6865,94.3805,2.01473,0.01,0,3.2809,3.2809,0,0.614817,5.11056,4.2723e+06,2.92367e+06,1.4017e+07,0,0,0,0,71.2718,70.5495,2.10227,0,0,1.56126,1.56126,0,1.20618,2.32848,8.8787e+06,3.90788e+06,1.38619e+07,0,0,0,9.47756e+07
90.5265,94.3805,2.10687,0.01,0,3.50015,3.50015,0,0.614841,5.11056,4.2723e+06,2.92367e+06,1.49537e+07,0,0,0,0,71.0409,70.5495,2.14669,0,0,1.69574,1.69574,0,1.20623,2.32848,8.8787e+06,3.90788e+06,1.5056e+07,0,0,0,9.47756e+07
89.1899,94.3805,1.90544,0,0,3.50028,3.50028,0,0.655928,5.11056,4.2723e+06,2.92367e+06,1.49542e+07,0,0,0,0,70.7458,70.5495,2.01349,0,0,1.6958,1.6958,0,1.31013,2.32848,8.8787e+06,3.90788e+06,1.50565e+07,0,0,0,9.47756e+07
88.017,94.3805,2.05543,0.01,0,3.50042,3.50042,0,0.655953,5.11056,4.2723e+06,2.92367e+06,1.49548e+07,0,0,0,0,70.4582,70.5495,2.03452,0,0,1.69587,1.69587,0,1.31018,2.32848,8.8787e+06,3.90788e+06,1.50571e+07,0,0,0,9.47756e+07
87.8731,94.3805,3.14792,0.01,0,3.50055,3.50055,0,0.655978,5.11056,4.2723e+06,2.92367e+06,1.49554e+07,0,0,0,0,70.2911,70.5495,2.43145,0,0,1.69593,1.69593,0,1.31023,2.32848,8.8787e+06,3.90788e+06,1.50577e+07,0,0,0,9.47756e+07
88.6163,94.3805,4.06709,0.01,0,3.50068,3.50068,0,0.656003,5.11056,4.2723e+06,2.92367e+06,1.4956e+07,0,0,0,0,70.3707,70.5495,2.8818,0,0,1.696,1.696,0,1.31028,2.32848,8.8787e+06,3.90788e+06,1.50583e+07,0,0,0,9.47756e+07
88.5288,94.3805,3.17713,0.01,0,3.394,3.394,0,0.656028,5.11056,4.2723e+06,2.92367e+06,1.45002e+07,0,0,0,0,70.8388,70.5495,3.93519,0,0,1.61446,1.61446,0,1.31033,2.32848,8.8787e+06,3.90788e+06,1.43343e+07,0,0,0,9.47756e+07
89.0539,94.3805,3.81195,0.01,0,3.39413,3.39413,0,0.636036,5.11056,4.2723e+06,2.92367e+06,1.45007e+07,0,0,0,0,71.5777,70.5495,4.56206,0,0,1.61452,1.61452,0,1.24733,2.32848,8.8787e+06,3.90788e+06,1.43348e+07,0,0,0,9.47756e+07
89.4679,94.3805,3.70313,0.01,0,3.39426,3.39426,0,0.63606,5.11056,4.2723e+06,2.92367e+06,1.45013e+07,0,0,0,0,71.5777,70.5495,4.00511,0,0,1.61458,1.61458,0,1.24738,2.32848,8.8787e+06,3.90788e+06,1.43354e+07,0,0,0,9.47756e+07
89.1371,94.3805,3.01419,0.01,0,3.39439,3.39439,0,0.636084,5.11056,4.2723e+06,2.92367e+06,1.45018e+07,0,0,0,0,71.5777,70.5495,3.96522,0,0,1.61464,1.61464,0,1.24742,2.32848,8.8787e+06,3.90788e+06,1.43359e+07,0,0,0,9.47756e+07
89.6763,94.3805,3.98368,0,0,3.30683,3.30683,0,0.636108,5.11056,4.2723e+06,2.92367e+06,1.41277e+07,0,0,0,0,71.5777,70.5495,5.51018,0,0,1.54041,1.54041,0,1.24747,2.32848,8.8787e+06,3.90788e+06,1.36768e+07,0,0,0,9.47756e+07
90.6229,94.3805,4.55573,0,0,3.30695,3.30695,0,0.6197,5.11056,4.2723e+06,2.92367e+06,1.41283e+07,0,0,0,0,71.5777,70.5495,6.15684,0,0,1.54047,1.54047,0,1.19012,2.32848,8.8787e+06,3.90788e+06,1.36774e+07,0,0,0,9.47756e+07
91.8201,94.3805,4.84415,0,0,3.30708,3.30708,0,0.619723,5.11056,4.2723e+06,2.92367e+06,1.41288e+07,0,0,0,0,71.5777,70.5495,6.40149,0,0,1.54053,1.54053,0,1.19017,2.32848,8.8787e+06,3.90788e+06,1.36779e+07,0,0,0,9.47756e+07
94.3805,94.3805,7.05204,0,0,3.3072,3.3072,0,0.619747,5.11056,4.2723e+06,2.92367e+06,1.41294e+07,0,0,0,0,71.5777,70.5495,9.21963,0,0,1.54059,1.54059,0,1.19021,2.32848,8.8787e+06,3.90788e+06,1.36784e+07,0,0,0,9.47756e+07
94.3805,94.3805,3.72019,0,0,3.05825,3.05825,0,0.61977,5.11056,4.2723e+06,2.92367e+06,1.30658e+07,0,0,0,0,71.5777,70.5495,4.7118,0,0,1.38589,1.38589,0,1.19026,2.32848,8.8787e+06,3.90788e+06,1.23049e+07,0,0,0,9.47756e+07
94.3805,94.3805,5.06311,0,0,3.05837,3.05837,0,0.573116,5.11056,4.2723e+06,2.92367e+06,1.30662e+07,0,0,0,0,71.5777,70.5495,6.75842,0,0,1.38594,1.38594,0,1.07074,2.32848,8.8787e+06,3.90788e+06,1.23054e+07,0,0,0,9.47756e+07
94.3805,94.3805,5.45942,0,0,3.05848,3.05848,0,0.573138,5.11056,4.2723e+06,2.92367e+06,1.30667e+07,0,0,0,0,71.5777,70.5495,6.91563,0,0,1.386,1.386,0,1.07078,2.32848,8.8787e+06,3.90788e+06,1.23058e+07,0,0,0,9.47756e+07
94.3805,94.3805,4.48886,0,0,3.0586,3.0586,0,0.57316,5.11056,4.2723e+06,2.92367e+06,1.30672e+07,0,0,0,0,71.5777,70.5495,3.20202,0,0,1.38605,1.38605,0,1.07082,2.32848,8.8787e+06,3.90788e+06,1.23063e+07,0,0,0,9.47756e+07
94.3805,94.3805,5.37427,0,0,3.05871,3.05871,0,0.573181,5.11056,4.2723e+06,2.92367e+06,1.30677e+07,0,0,0,0,71.5777,70.5495,4.29214,0,0,1.3861,1.3861,0,1.07086,2.32848,8.8787e+06,3.90788e+06,1.23068e+07,0,0,0,1.86544e+08
94.3805,94.3805,8.12143,0,0,3.15465,3.15465,0,0.573203,5.11056,4.2723e+06,2.92367e+06,1.34776e+07,0,0,0,0,71.5777,70.5495,6.94418,0,0,1.43097,1.43097,0,1.0709,2.32848,8.8787e+06,3.90788e+06,1.27052e+07,0,0,0,1.86544e+08
94.3805,94.3805,6.69759,0,0,3.15475,3.15475,0,0.591181,5.11056,4.2723e+06,2.92367e+06,1.3478e+07,0,0,0,0,71.5777,70.5495,5.02342,0,0,1.43102,1.43102,0,1.10557,2.32848,8.8787e+06,3.90788e+06,1.27056e+07,0,0,0,1.86544e+08
94.3805,94.3805,6.46879,0,0,3.15485,3.15485,0,0.5912,5.11056,4.2723e+06,2.92367e+06,1.34785e+07,0,0,0,0,71.5777,70.5495,4.51422,0,0,1.43106,1.43106,0,1.1056,2.32848,8.8787e+06,3.90788e+06,1.2706e+07,0,0,0,1.86544e+08
94.3805,94.3805,7.4672,0,0,3.15495,3.15495,0,0.591219,5.11056,4.2723e+06,2.92367e+06,1.34789e+07,0,0,0,0,71.5777,70.5495,5.01074,0,0,1.43111,1.43111,0,1.10564,2.32848,8.8787e+06,3.90788e+06,1.27064e+07,0,0,0,1.86544e+08
94.3805,94.3805,7.24698,0,0,3.46279,3.46279,0,0.591238,5.11056,4.2723e+06,2.92367e+06,1.4794e+07,0,0,0,0,71.5777,70.5495,5.77323,0,0,1.59943,1.59943,0,1.10567,2.32848,8.8787e+06,3.90788e+06,1.42008e+07,0,0,0,1.86544e+08
94.3805,94.3805,7.687,0,0,3.4629,3.4629,0,0.648926,5.11056,4.2723e+06,2.92367e+06,1.47945e+07,0,0,0,0,71.5777,70.5495,6.06068,0,0,1.59948,1.59948,0,1.23572,2.32848,8.8787e+06,3.90788e+06,1.42013e+07,0,0,0,1.86544e+08
94.3805,94.3805,5.25124,0,0,3.46301,3.46301,0,0.648947,5.11056,4.2723e+06,2.92367e+06,1.4795e+07,0,0,0,0,71.5777,70.5495,3.64455,0,0,1.59953,1.59953,0,1.23576,2.32848,8.8787e+06,3.90788e+06,1.42017e+07,0,0,0,1.86544e+08
94.3805,94.3805,5.17589,0,0,3.46312,3.46312,0,0.648967,5.11056,4.2723e+06,2.92367e+06,1.47955e+07,0,0,0,0,71.5777,70.5495,4.57048,0,0,1.59958,1.59958,0,1.2358,2.32848,8.8787e+06,3.90788e+06,1.42022e+07,0,0,0,1.86544e+08
94.3805,94.3805,3.87073,0,0,3.02424,3.02424,0,0.648988,5.11056,4.2723e+06,2.92367e+06,1.29205e+07,0,0,0,0,71.5777,70.5495,3.36993,0,0,1.37378,1.37378,0,1.23583,2.32848,8.8787e+06,3.90788e+06,1.21973e+07,0,0,0,1.86544e+08
94.3805,94.3805,3.63429,0,0,3.02434,3.02434,0,0.566743,5.11056,4.2723e+06,2.92367e+06,1.29209e+07,0,0,0,0,71.5777,70.5495,3.54718,0,0,1.37382,1.37382,0,1.06138,2.32848,8.8787e+06,3.90788e+06,1.21977e+07,0,0,0,1.86544e+08
94.3805,94.3805,11.1097,0,0,3.02443,3.02443,0,0.566761,5.11056,4.2723e+06,2.92367e+06,1.29213e+07,0,0,0,0,71.5777,70.5495,8.31732,0,0,1.37386,1.37386,0,1.06141,2.32848,8.8787e+06,3.90788e+06,1.21981e+07,0,0,0,1.86544e+08
94.3805,94.3805,11.6992,0,0,3.02453,3.02453,0,0.566779,5.11056,4.2723e+06,2.92367e+06,1.29217e+07,0,0,0,0,71.5777,70.5495,9.81836,0,0,1.37391,1.37391,0,1.06145,2.32848,8.8787e+06,3.90788e+06,1.21985e+07,0,0,0,1.86544e+08
94.3805,94.3805,10.5121,0,0,3.02463,3.02463,0,0.566797,5.11056,4.2723e+06,2.92367e+06,1.29221e+07,0,0,0,0,71.5777,70.5495,8.21899,0,0,1.37395,1.37395,0,1.06148,2.32848,8.8787e+06,3.90788e+06,1.21989e+07,0,0,0,1.86544e+08
94.3805,94.3805,9.7601,0,0,3.13524,3.13524,0,0.566815,5.11056,4.2723e+06,2.92367e+06,1.33947e+07,0,0,0,0,71.5777,70.5495,9.18095,0,0,1.42926,1.42926,0,1.06151,2.32848,8.8787e+06,3.90788e+06,1.26899e+07,0,0,0,1.86544e+08
94.3805,94.3805,6.80987,0,0,3.13534,3.13534,0,0.587544,5.11056,4.2723e+06,2.92367e+06,1.33951e+07,0,0,0,0,71.5777,70.5495,6.32191,0,0,1.4293,1.4293,0,1.10424,2.32848,8.8787e+06,3.90788e+06,1.26903e+07,0,0,0,1.86544e+08
94.3805,94.3805,6.67799,0,0,3.13544,3.13544,0,0.587562,5.11056,4.2723e+06,2.92367e+06,1.33955e+07,0,0,0,0,71.5777,70.5495,6.37252,0,0,1.42935,1.42935,0,1.10428,2.32848,8.8787e+06,3.90788e+06,1.26907e+07,0,0,0,1.86544e+08
94.3805,94.3805,6.19529,0,0,3.13554,3.13554,0,0.587581,5.11056,4.2723e+06,2.92367e+06,1.33959e+07,0,0,0,0,71.5777,70.5495,6.12766,0,0,1.42939,1.42939,0,1.10431,2.32848,8.8787e+06,3.90788e+06,1.26911e+07,0,0,0,1.86544e+08
94.3805,94.3805,5.02879,0,0,3.09242,3.09242,0,0.5876,5.11056,4.2723e+06,2.92367e+06,1.32117e+07,0,0,0,0,71.5777,70.5495,4.12438,0,0,1.40797,1.40797,0,1.10435,2.32848,8.8787e+06,3.90788e+06,1.2501e+07,0,0,0,1.86544e+08
94.3805,94.3805,4.44957,0,0,3.09252,3.09252,0,0.579519,5.11056,4.2723e+06,2.92367e+06,1.32122e+07,0,0,0,0,71.5777,70.5495,3.65298,0,0,1.40802,1.40802,0,1.0878,2.32848,8.8787e+06,3.90788e+06,1.25014e+07,0,0,0,1.86544e+08
94.3805,94.3805,4.02671,0,0,3.09262,3.09262,0,0.579538,5.11056,4.2723e+06,2.92367e+06,1.32126e+07,0,0,0,0,71.5777,70.5495,3.30472,0,0,1.40806,1.40806,0,1.08783,2.32848,8.8787e+06,3.90788e+06,1.25018e+07,0,0,0,1.86544e+08
94.3805,94.3805,3.70024,0,0,3.09271,3.09271,0,0.579556,5.11056,4.2723e+06,2.92367e+06,1.3213e+07,0,0,0,0,71.5777,70.5495,3.13119,0,0,1.40811,1.40811,0,1.08787,2.32848,8.8787e+06,3.90788e+06,1.25022e+07,0,0,0,1.86544e+08
94.3805,94.3805,4.01733,0,0,3.23953,3.23953,0,0.579575,5.11056,4.2723e+06,2.92367e+06,1.38402e+07,0,0,0,0,71.5777,70.5495,3.67605,0,0,1.48428,1.48428,0,1.0879,2.32848,8.8787e+06,3.90788e+06,1.31785e+07,0,0,0,1.86544e+08
94.3805,94.3805,3.78667,0,0,3.23963,3.23963,0,0.607087,5.11056,4.2723e+06,2.92367e+06,1.38407e+07,0,0,0,0,71.5777,70.5495,3.1412,0,0,1.48433,1.48433,0,1.14676,2.32848,8.8787e+06,3.90788e+06,1.31789e+07,0,0,0,1.86544e+08
94.3805,94.3805,3.45085,0,0,3.23973,3.23973,0,0.607107,5.11056,4.2723e+06,2.92367e+06,1.38411e+07,0,0,0,0,71.5777,70.5495,2.5346,0,0,1.48438,1.48438,0,1.14679,2.32848,8.8787e+06,3.90788e+06,1.31793e+07,0,0,0,1.86544e+08
94.2288,94.3805,3.04458,0,0,3.23984,3.23984,0,0.607126,5.11056,4.2723e+06,2.92367e+06,1.38415e+07,0,0,0,0,71.5777,70.5495,2.5753,0,0,1.48442,1.48442,0,1.14683,2.32848,8.8787e+06,3.90788e+06,1.31798e+07,0,0,0,1.86544e+08
94.1847,94.3805,3.11311,0,0,3.23994,3.23994,0,0.607145,5.11056,4.2723e+06,2.92367e+06,1.3842e+07,0,0,0,0,71.5777,70.5495,2.83052,0,0,1.48447,1.48447,0,1.14687,2.32848,8.8787e+06,3.90788e+06,1.31802e+07,0,0,0,1.86544e+08
94.2627,94.3805,3.20985,0.01,0,3.21102,3.21102,0,0.607164,5.11056,4.2723e+06,2.92367e+06,1.37184e+07,0,0,0,0,71.5777,70.5495,2.82813,0,0,1.52637,1.52637,0,1.1469,2.32848,8.8787e+06,3.90788e+06,1.35522e+07,0,0,0,1.86544e+08
94.099,94.3805,2.96717,0.01,0,3.21112,3.21112,0,0.601746,5.11056,4.2723e+06,2.92367e+06,1.37189e+07,0,0,0,0,71.5777,70.5495,2.80336,0,0,1.52642,1.52642,0,1.17927,2.32848,8.8787e+06,3.90788e+06,1.35526e+07,0,0,0,1.86544e+08
93.6912,94.3805,2.71062,0.01,0,3.21123,3.21123,0,0.601765,5.11056,4.2723e+06,2.92367e+06,1.37193e+07,0,0,0,0,71.5777,70.5495,2.49646,0,0,1.52647,1.52647,0,1.17931,2.32848,8.8787e+06,3.90788e+06,1.3553e+07,0,0,0,1.86544e+08
93.1544,94.3805,2.54686,0.01,0,3.21133,3.21133,0,0.601784,5.11056,4.2723e+06,2.92367e+06,1.37197e+07,0,0,0,0,71.5777,70.5495,2.47279,0,0,1.52651,1.52651,0,1.17935,2.32848,8.8787e+06,3.90788e+06,1.35535e+07,0,0,0,1.86544e+08
92.7876,94.3805,2.74894,0.01,0,3.28638,3.28638,0,0.601803,5.11056,4.2723e+06,2.92367e+06,1.40404e+07,0,0,0,0,71.5547,70.5495,2.67844,0,0,1.56386,1.56386,0,1.17938,2.32848,8.8787e+06,3.90788e+06,1.38851e+07,0,0,0,1.86544e+08
92.1667,94.3805,2.48634,0.01,0,3.28648,3.28648,0,0.615867,5.11056,4.2723e+06,2.92367e+06,1.40408e+07,0,0,0,0,71.4834,70.5495,2.5731,0,0,1.56391,1.56391,0,1.20824,2.32848,8.8787e+06,3.90788e+06,1.38855e+07,0,0,0,1.86544e+08
91.3443,94.3805,2.26739,0.01,0,3.28659,3.28659,0,0.615887,5.11056,4.2723e+06,2.92367e+06,1.40413e+07,0,0,0,0,71.3824,70.5495,2.3712,0,0,1.56396,1.56396,0,1.20828,2.32848,8.8787e+06,3.90788e+06,1.3886e+07,0,0,0,1.86544e+08
90.2623,94.3805,1.98132,0.02,0,3.28669,3.28669,0,0.615907,5.11056,4.2723e+06,2.92367e+06,1.40417e+07,0,0,0,0,71.2718,70.5495,2.35159,0,0,1.56401,1.56401,0,1.20832,2.32848,8.8787e+06,3.90788e+06,1.38864e+07,0,0,0,1.86544e+08
89.3955,94.3805,2.36022,0.02,0,3.50631,3.50631,0,0.615926,5.11056,4.2723e+06,2.92367e+06,1.498e+07,0,0,0,0,71.098,70.5495,2.33368,0,0,1.69872,1.69872,0,1.20836,2.32848,8.8787e+06,3.90788e+06,1.50825e+07,0,0,0,1.86544e+08
89.0002,94.3805,2.831,0.01,0,3.50642,3.50642,0,0.657082,5.11056,4.2723e+06,2.92367e+06,1.49805e+07,0,0,0,0,71.0623,70.5495,2.74688,0,0,1.69878,1.69878,0,1.31243,2.32848,8.8787e+06,3.90788e+06,1.50829e+07,0,0,0,1.86544e+08
88.0843,94.3805,2.31438,0.02,0,3.50653,3.50653,0,0.657103,5.11056,4.2723e+06,2.92367e+06,1.49809e+07,0,0,0,0,70.8428,70.5495,2.19177,0,0,1.69883,1.69883,0,1.31247,2.32848,8.8787e+06,3.90788e+06,1.50834e+07,0,0,0,1.86544e+08
87.5701,94.3805,2.70836,0.03,0,3.50664,3.50664,0,0.657124,5.11056,4.2723e+06,2.92367e+06,1.49814e+07,0,0,0,0,70.9803,70.5495,3.30346,0,0,1.69888,1.69888,0,1.31252,2.32848,8.8787e+06,3.90788e+06,1.50839e+07,0,0,0,1.86544e+08
87.2493,94.3805,2.91009,0.03,0,3.50675,3.50675,0,0.657145,5.11056,4.2723e+06,2.92367e+06,1.49819e+07,0,0,0,0,71.0064,70.5495,2.88995,0,0,1.69894,1.69894,0,1.31256,2.32848,8.8787e+06,3.90788e+06,1.50844e+07,0,0,0,1.86544e+08
88.2306,94.3805,4.22816,0.03,0,3.39987,3.39987,0,0.657166,5.11056,4.2723e+06,2.92367e+06,1.45252e+07,0,0,0,0,71.5777,70.5495,4.22742,0,0,1.61725,1.61725,0,1.3126,2.32848,8.8787e+06,3.90788e+06,1.43591e+07,0,0,0,1.86544e+08
90.2161,94.3805,5.47386,0.02,0,3.39997,3.39997,0,0.637135,5.11056,4.2723e+06,2.92367e+06,1.45257e+07,0,0,0,0,71.5777,70.5495,6.32272,0,0,1.6173,1.6173,0,1.24948,2.32848,8.8787e+06,3.90788e+06,1.43595e+07,0,0,0,1.86544e+08
91.7913,94.3805,4.99491,0.02,0,3.40008,3.40008,0,0.637155,5.11056,4.2723e+06,2.92367e+06,1.45262e+07,0,0,0,0,71.5777,70.5495,4.22265,0,0,1.61735,1.61735,0,1.24952,2.32848,8.8787e+06,3.90788e+06,1.436e+07,0,0,0,1.86544e+08
92.9115,94.3805,4.56265,0.02,0,3.40019,3.40019,0,0.637175,5.11056,4.2723e+06,2.92367e+06,1.45266e+07,0,0,0,0,71.5777,70.5495,4.2594,0,0,1.6174,1.6174,0,1.24956,2.32848,8.8787e+06,3.90788e+06,1.43604e+07,0,0,0,1.86544e+08
93.1167,94.3805,3.65145,0.02,0,3.31246,3.31246,0,0.637196,5.11056,4.2723e+06,2.92367e+06,1.41518e+07,0,0,0,0,71.5777,70.5495,3.19326,0,0,1.54303,1.54303,0,1.2496,2.32848,8.8787e+06,3.90788e+06,1.37001e+07,0,0,0,1.86544e+08
94.3663,94.3805,4.7581,0.01,0,3.31257,3.31257,0,0.620755,5.11056,4.2723e+06,2.92367e+06,1.41523e+07,0,0,0,0,71.5777,70.5495,3.2425,0,0,1.54308,1.54308,0,1.19215,2.32848,8.8787e+06,3.90788e+06,1.37006e+07,0,0,0,1.86544e+08
94.3805,94.3805,4.81036,0.01,0,3.31267,3.31267,0,0.620775,5.11056,4.2723e+06,2.92367e+06,1.41527e+07,0,0,0,0,71.5777,70.5495,3.4516,0,0,1.54313,1.54313,0,1.19219,2.32848,8.8787e+06,3.90788e+06,1.3701e+07,0,0,0,1.86544e+08
94.3805,94.3805,5.23274,0,0,3.31278,3.31278,0,0.620795,5.11056,4.2723e+06,2.92367e+06,1.41532e+07,0,0,0,0,71.5777,70.5495,4.82103,0,0,1.54318,1.54318,0,1.19222,2.32848,8.8787e+06,3.90788e+06,1.37014e+07,0,0,0,1.86544e+08
94.3805,94.3805,7.25575,0,0,3.06338,3.06338,0,0.620814,5.11056,4.2723e+06,2.92367e+06,1.30877e+07,0,0,0,0,71.5777,70.5495,4.87447,0,0,1.38822,1.38822,0,1.19226,2.32848,8.8787e+06,3.90788e+06,1.23256e+07,0,0,0,1.86544e+08
94.3805,94.3805,4.73996,0,0,3.06348,3.06348,0,0.574078,5.11056,4.2723e+06,2.92367e+06,1.30881e+07,0,0,0,0,71.5777,70.5495,4.36661,0,0,1.38826,1.38826,0,1.07254,2.32848,8.8787e+06,3.90788e+06,1.2326e+07,0,0,0,1.86544e+08
94.3805,94.3805,4.03894,0,0,3.06358,3.06358,0,0.574096,5.11056,4.2723e+06,2.92367e+06,1.30885e+07,0,0,0,0,71.5777,70.5495,4.16302,0,0,1.38831,1.38831,0,1.07257,2.32848,8.8787e+06,3.90788e+06,1.23264e+07,0,0,0,1.86544e+08
94.3805,94.3805,4.59453,0,0,3.06368,3.06368,0,0.574115,5.11056,4.2723e+06,2.92367e+06,1.30889e+07,0,0,0,0,71.5777,70.5495,3.78546,0,0,1.38835,1.38835,0,1.0726,2.32848,8.8787e+06,3.90788e+06,1.23267e+07,0,0,0,1.86544e+08
94.3805,94.3805,5.00996,0,0,3.06377,3.06377,0,0.574133,5.11056,4.2723e+06,2.92367e+06,1.30893e+07,0,0,0,0,71.5777,70.5495,4.91693,0,0,1.38839,1.38839,0,1.07264,2.32848,8.8787e+06,3.90788e+06,1.23271e+07,0,0,0,1.86544e+08
94.3805,94.3805,8.02944,0,0,3.15985,3.15985,0,0.574151,5.11056,4.2723e+06,2.92367e+06,1.34998e+07,0,0,0,0,71.5777,70.5495,10.1595,0,0,1.43333,1.43333,0,1.07267,2.32848,8.8787e+06,3.90788e+06,1.27261e+07,0,0,0,1.86544e+08
94.3805,94.3805,10.59,0,0,3.15993,3.15993,0,0.592155,5.11056,4.2723e+06,2.92367e+06,1.35001e+07,0,0,0,0,71.5777,70.5495,13.4723,0,0,1.43337,1.43337,0,1.10739,2.32848,8.8787e+06,3.90788e+06,1.27264e+07,0,0,0,1.86544e+08
94.3805,94.3805,20.4889,0,0,3.16001,3.16001,0,0.59217,5.11056,4.2723e+06,2.92367e+06,1.35005e+07,0,0,0,0,71.5777,70.5495,16.9752,0,0,1.4334,1.4334,0,1.10742,2.32848,8.8787e+06,3.90788e+06,1.27267e+07,0,0,0,1.86544e+08
94.3805,94.3805,9.25562,0,0,3.16009,3.16009,0,0.592185,5.11056,4.2723e+06,2.92367e+06,1.35008e+07,0,0,0,0,71.5777,70.5495,9.11172,0,0,1.43344,1.43344,0,1.10745,2.32848,8.8787e+06,3.90788e+06,1.27271e+07,0,0,0,1.86544e+08
94.3805,94.3805,9.78392,0,0,3.4684,3.4684,0,0.592201,5.11056,4.2723e+06,2.92367e+06,1.48181e+07,0,0,0,0,71.5777,70.5495,9.00465,0,0,1.60202,1.60202,0,1.10747,2.32848,8.8787e+06,3.90788e+06,1.42239e+07,0,0,0,1.86544e+08
94.3805,94.3805,7.59758,0,0,3.46849,3.46849,0,0.649979,5.11056,4.2723e+06,2.92367e+06,1.48184e+07,0,0,0,0,71.5777,70.5495,8.30803,0,0,1.60206,1.60206,0,1.23772,2.32848,8.8787e+06,3.90788e+06,1.42242e+07,0,0,0,1.86544e+08
94.3805,94.3805,7.7166,0,0,3.46858,3.46858,0,0.649996,5.11056,4.2723e+06,2.92367e+06,1.48188e+07,0,0,0,0,71.5777,70.5495,8.09143,0,0,1.6021,1.6021,0,1.23775,2.32848,8.8787e+06,3.90788e+06,1.42246e+07,0,0,0,1.86544e+08
94.3805,94.3805,7.63696,0,0,3.46867,3.46867,0,0.650012,5.11056,4.2723e+06,2.92367e+06,1.48192e+07,0,0,0,0,71.5777,70.5495,7.88854,0,0,1.60214,1.60214,0,1.23778,2.32848,8.8787e+06,3.90788e+06,1.4225e+07,0,0,0,1.86544e+08
94.3805,94.3805,9.25795,0,0,3.02907,3.02907,0,0.650029,5.11056,4.2723e+06,2.92367e+06,1.29411e+07,0,0,0,0,71.5777,70.5495,12.2242,0,0,1.37597,1.37597,0,1.23782,2.32848,8.8787e+06,3.90788e+06,1.22168e+07,0,0,0,1.86544e+08
94.3805,94.3805,7.9927,0,0,3.02915,3.02915,0,0.567648,5.11056,4.2723e+06,2.92367e+06,1.29414e+07,0,0,0,0,71.5777,70.5495,10.78,0,0,1.37601,1.37601,0,1.06307,2.32848,8.8787e+06,3.90788e+06,1.22171e+07,0,0,0,1.86544e+08
94.3805,94.3805,8.70366,0,0,3.02923,3.02923,0,0.567663,5.11056,4.2723e+06,2.92367e+06,1.29418e+07,0,0,0,0,71.5777,70.5495,11.0003,0,0,1.37604,1.37604,0,1.0631,2.32848,8.8787e+06,3.90788e+06,1.22175e+07,0,0,0,1.86544e+08
94.3805,94.3805,7.82804,0,0,3.0293,3.0293,0,0.567677,5.11056,4.2723e+06,2.92367e+06,1.29421e+07,0,0,0,0,71.5777,70.5495,9.63428,0,0,1.37608,1.37608,0,1.06313,2.32848,8.8787e+06,3.90788e+06,1.22178e+07,0,0,0,1.86544e+08
94.3805,94.3805,8.77174,0,0,3.02938,3.02938,0,0.567691,5.11056,4.2723e+06,2.92367e+06,1.29424e+07,0,0,0,0,71.5777,70.5495,10.9705,0,0,1.37611,1.37611,0,1.06316,2.32848,8.8787e+06,3.90788e+06,1.22181e+07,0,0,0,1.86544e+08
94.3805,94.3805,8.38714,0,0,3.14015,3.14015,0,0.567706,5.11056,4.2723e+06,2.92367e+06,1.34156e+07,0,0,0,0,71.5777,70.5495,11.6826,0,0,1.43149,1.43149,0,1.06318,2.32848,8.8787e+06,3.90788e+06,1.27098e+07,0,0,0,1.86544e+08
94.3805,94.3805,6.42488,0,0,3.14023,3.14023,0,0.588464,5.11056,4.2723e+06,2.92367e+06,1.3416e+07,0,0,0,0,71.5777,70.5495,9.82418,0,0,1.43153,1.43153,0,1.10597,2.32848,8.8787e+06,3.90788e+06,1.27101e+07,0,0,0,1.86544e+08
94.3805,94.3805,6.13273,0,0,3.14031,3.14031,0,0.588479,5.11056,4.2723e+06,2.92367e+06,1.34163e+07,0,0,0,0,71.5777,70.5495,10.7573,0,0,1.43157,1.43157,0,1.106,2.32848,8.8787e+06,3.90788e+06,1.27105e+07,0,0,0,1.86544e+08
94.3805,94.3805,5.61304,0,0,3.14039,3.14039,0,0.588494,5.11056,4.2723e+06,2.92367e+06,1.34167e+07,0,0,0,0,71.5777,70.5495,9.73192,0,0,1.4316,1.4316,0,1.10603,2.32848,8.8787e+06,3.90788e+06,1.27108e+07,0,0,0,1.86544e+08
94.3805,94.3805,5.92008,0,0,3.09719,3.09719,0,0.588509,5.11056,4.2723e+06,2.92367e+06,1.32321e+07,0,0,0,0,71.5777,70.5495,8.11523,0,0,1.41014,1.41014,0,1.10606,2.32848,8.8787e+06,3.90788e+06,1.25202e+07,0,0,0,1.86544e+08
94.3805,94.3805,5.36013,0,0,3.09726,3.09726,0,0.580413,5.11056,4.2723e+06,2.92367e+06,1.32324e+07,0,0,0,0,71.5777,70.5495,7.45506,0,0,1.41018,1.41018,0,1.08948,2.32848,8.8787e+06,3.90788e+06,1.25205e+07,0,0,0,1.86544e+08
94.3805,94.3805,4.82175,0,0,3.09734,3.09734,0,0.580427,5.11056,4.2723e+06,2.92367e+06,1.32328e+07,0,0,0,0,71.5777,70.5495,7.03742,0,0,1.41021,1.41021,0,1.0895,2.32848,8.8787e+06,3.90788e+06,1.25209e+07,0,0,0,1.86544e+08
94.3805,94.3805,4.54891,0,0,3.09742,3.09742,0,0.580442,5.11056,4.2723e+06,2.92367e+06,1.32331e+07,0,0,0,0,71.5777,70.5495,6.85552,0,0,1.41025,1.41025,0,1.08953,2.32848,8.8787e+06,3.90788e+06,1.25212e+07,0,0,0,1.86544e+08
94.3805,94.3805,4.31293,0,0,3.24444,3.24444,0,0.580457,5.11056,4.2723e+06,2.92367e+06,1.38612e+07,0,0,0,0,71.5777,70.5495,6.50407,0,0,1.48653,1.48653,0,1.08956,2.32848,8.8787e+06,3.90788e+06,1.31985e+07,0,0,0,1.86544e+08
94.3805,94.3805,4.1229,0,0,3.24452,3.24452,0,0.608008,5.11056,4.2723e+06,2.92367e+06,1.38616e+07,0,0,0,0,71.5777,70.5495,5.87825,0,0,1.48657,1.48657,0,1.1485,2.32848,8.8787e+06,3.90788e+06,1.31988e+07,0,0,0,1.86544e+08
94.3805,94.3805,3.7711,0,0,3.2446,3.2446,0,0.608023,5.11056,4.2723e+06,2.92367e+06,1.38619e+07,0,0,0,0,71.5777,70.5495,5.00509,0,0,1.48661,1.48661,0,1.14852,2.32848,8.8787e+06,3.90788e+06,1.31992e+07,0,0,0,1.86544e+08
94.3217,94.3805,3.34364,0,0,3.24469,3.24469,0,0.608039,5.11056,4.2723e+06,2.92367e+06,1.38623e+07,0,0,0,0,71.5777,70.5495,4.46002,0,0,1.48665,1.48665,0,1.14855,2.32848,8.8787e+06,3.90788e+06,1.31995e+07,0,0,0,1.86544e+08
94.3805,94.3805,3.76068,0.01,0,3.24477,3.24477,0,0.608054,5.11056,4.2723e+06,2.92367e+06,1.38626e+07,0,0,0,0,71.5777,70.5495,4.19695,0,0,1.48668,1.48668,0,1.14858,2.32848,8.8787e+06,3.90788e+06,1.31998e+07,0,0,0,1.86544e+08
94.3805,94.3805,4.42611,0,0,3.21579,3.21579,0,0.60807,5.11056,4.2723e+06,2.92367e+06,1.37388e+07,0,0,0,0,71.5777,70.5495,3.96699,0,0,1.52863,1.52863,0,1.14861,2.32848,8.8787e+06,3.90788e+06,1.35723e+07,0,0,0,1.86544e+08
94.3805,94.3805,4.11813,0,0,3.21587,3.21587,0,0.602639,5.11056,4.2723e+06,2.92367e+06,1.37392e+07,0,0,0,0,71.5777,70.5495,4.08818,0,0,1.52867,1.52867,0,1.18102,2.32848,8.8787e+06,3.90788e+06,1.35726e+07,0,0,0,1.86544e+08
94.3805,94.3805,3.97604,0,0,3.21595,3.21595,0,0.602654,5.11056,4.2723e+06,2.92367e+06,1.37395e+07,0,0,0,0,71.5777,70.5495,3.93678,0,0,1.52871,1.52871,0,1.18105,2.32848,8.8787e+06,3.90788e+06,1.3573e+07,0,0,0,1.86544e+08
94.3805,94.3805,3.76199,0,0,3.21604,3.21604,0,0.60267,5.11056,4.2723e+06,2.92367e+06,1.37399e+07,0,0,0,0,71.5777,70.5495,3.68185,0,0,1.52875,1.52875,0,1.18108,2.32848,8.8787e+06,3.90788e+06,1.35733e+07,0,0,0,1.86544e+08
94.3805,94.3805,3.86332,0,0,3.29118,3.29118,0,0.602685,5.11056,4.2723e+06,2.92367e+06,1.40609e+07,0,0,0,0,71.5777,70.5495,3.59506,0,0,1.56615,1.56615,0,1.18111,2.32848,8.8787e+06,3.90788e+06,1.39054e+07,0,0,0,1.86544e+08
94.3805,94.3805,3.49567,0,0,3.29126,3.29126,0,0.616766,5.11056,4.2723e+06,2.92367e+06,1.40612e+07,0,0,0,0,71.5777,70.5495,3.40306,0,0,1.56619,1.56619,0,1.21001,2.32848,8.8787e+06,3.90788e+06,1.39057e+07,0,0,0,1.86544e+08
94.3346,94.3805,3.18138,0.01,0,3.29134,3.29134,0,0.616782,5.11056,4.2723e+06,2.92367e+06,1.40616e+07,0,0,0,0,71.5777,70.5495,2.97229,0,0,1.56623,1.56623,0,1.21004,2.32848,8.8787e+06,3.90788e+06,1.39061e+07,0,0,0,1.86544e+08
94.3805,94.3805,3.48137,0.03,0,3.29143,3.29143,0,0.616798,5.11056,4.2723e+06,2.92367e+06,1.4062e+07,0,0,0,0,71.5777,70.5495,3.67951,0,0,1.56627,1.56627,0,1.21007,2.32848,8.8787e+06,3.90788e+06,1.39064e+07,0,0,0,1.86544e+08
93.9586,94.3805,2.95,0.01,0,3.51134,3.51134,0,0.616814,5.11056,4.2723e+06,2.92367e+06,1.50015e+07,0,0,0,0,71.5777,70.5495,3.42584,0,0,1.70116,1.70116,0,1.2101,2.32848,8.8787e+06,3.90788e+06,1.51041e+07,0,0,0,1.86544e+08
92.8177,94.3805,2.18572,0.03,0,3.51143,3.51143,0,0.658025,5.11056,4.2723e+06,2.92367e+06,1.50019e+07,0,0,0,0,71.5702,70.5495,2.90082,0,0,1.7012,1.7012,0,1.31432,2.32848,8.8787e+06,3.90788e+06,1.51045e+07,0,0,0,1.86544e+08
91.8147,94.3805,2.31011,0.03,0,3.51152,3.51152,0,0.658042,5.11056,4.2723e+06,2.92367e+06,1.50022e+07,0,0,0,0,71.5555,70.5495,2.86908,0,0,1.70125,1.70125,0,1.31435,2.32848,8.8787e+06,3.90788e+06,1.51049e+07,0,0,0,1.86544e+08
91.861,94.3805,3.42085,0.03,0,3.51161,3.51161,0,0.658058,5.11056,4.2723e+06,2.92367e+06,1.50026e+07,0,0,0,0,71.5777,70.5495,3.41645,0,0,1.70129,1.70129,0,1.31438,2.32848,8.8787e+06,3.90788e+06,1.51052e+07,0,0,0,1.86544e+08
93.8045,94.3805,5.45189,0.03,0,3.5117,3.5117,0,0.658075,5.11056,4.2723e+06,2.92367e+06,1.5003e+07,0,0,0,0,71.5777,70.5495,4.21775,0,0,1.70133,1.70133,0,1.31442,2.32848,8.8787e+06,3.90788e+06,1.51056e+07,0,0,0,1.86544e+08
93.6968,94.3805,3.41418,0.03,0,3.40464,3.40464,0,0.658092,5.11056,4.2723e+06,2.92367e+06,1.45456e+07,0,0,0,0,71.5777,70.5495,3.83573,0,0,1.61952,1.61952,0,1.31445,2.32848,8.8787e+06,3.90788e+06,1.43792e+07,0,0,0,1.86544e+08
94.3805,94.3805,6.5235,0.04,0,3.40472,3.40472,0,0.638029,5.11056,4.2723e+06,2.92367e+06,1.4546e+07,0,0,0,0,71.5777,70.5495,6.98445,0,0,1.61956,1.61956,0,1.25124,2.32848,8.8787e+06,3.90788e+06,1.43796e+07,0,0,0,1.86544e+08
93.9558,94.3805,3.06181,0.02,0,3.40481,3.40481,0,0.638045,5.11056,4.2723e+06,2.92367e+06,1.45464e+07,0,0,0,0,71.5777,70.5495,3.89671,0,0,1.6196,1.6196,0,1.25127,2.32848,8.8787e+06,3.90788e+06,1.43799e+07,0,0,0,1.86544e+08
93.8871,94.3805,3.3926,0.03,0,3.4049,3.4049,0,0.638062,5.11056,4.2723e+06,2.92367e+06,1.45467e+07,0,0,0,0,71.5777,70.5495,4.00999,0,0,1.61964,1.61964,0,1.2513,2.32848,8.8787e+06,3.90788e+06,1.43803e+07,0,0,0,1.86544e+08
92.3127,94.3805,1.89578,0.03,0,3.31703,3.31703,0,0.638078,5.11056,4.2723e+06,2.92367e+06,1.41713e+07,0,0,0,0,71.5777,70.5495,3.33464,0,0,1.54516,1.54516,0,1.25133,2.32848,8.8787e+06,3.90788e+06,1.3719e+07,0,0,0,1.86544e+08
90.942,94.3805,2.04865,0.02,0,3.31711,3.31711,0,0.621611,5.11056,4.2723e+06,2.92367e+06,1.41717e+07,0,0,0,0,71.5777,70.5495,3.92119,0,0,1.5452,1.5452,0,1.19379,2.32848,8.8787e+06,3.90788e+06,1.37194e+07,0,0,0,1.86544e+08
94.3805,94.3805,7.90037,0.02,0,3.3172,3.3172,0,0.621627,5.11056,4.2723e+06,2.92367e+06,1.4172e+07,0,0,0,0,71.5777,70.5495,6.75803,0,0,1.54524,1.54524,0,1.19382,2.32848,8.8787e+06,3.90788e+06,1.37197e+07,0,0,0,1.86544e+08
94.3805,94.3805,4.34518,0,0,3.31728,3.31728,0,0.621642,5.11056,4.2723e+06,2.92367e+06,1.41724e+07,0,0,0,0,71.5777,70.5495,5.28659,0,0,1.54528,1.54528,0,1.19385,2.32848,8.8787e+06,3.90788e+06,1.37201e+07,0,0,0,1.86544e+08
94.3805,94.3805,3.75412,0,0,3.06753,3.06753,0,0.621658,5.11056,4.2723e+06,2.92367e+06,1.31054e+07,0,0,0,0,71.5777,70.5495,5.66754,0,0,1.3901,1.3901,0,1.19388,2.32848,8.8787e+06,3.90788e+06,1.23422e+07,0,0,0,1.86544e+08
94.3805,94.3805,4.50262,0,0,3.06761,3.06761,0,0.574855,5.11056,4.2723e+06,2.92367e+06,1.31057e+07,0,0,0,0,71.5777,70.5495,6.81013,0,0,1.39013,1.39013,0,1.07399,2.32848,8.8787e+06,3.90788e+06,1.23426e+07,0,0,0,1.86544e+08
94.2201,94.3805,3.16809,0,0,3.06769,3.06769,0,0.57487,5.11056,4.2723e+06,2.92367e+06,1.31061e+07,0,0,0,0,71.5777,70.5495,3.23174,0,0,1.39017,1.39017,0,1.07402,2.32848,8.8787e+06,3.90788e+06,1.23429e+07,0,0,0,1.86544e+08
94.1322,94.3805,3.17427,0.01,0,3.06776,3.06776,0,0.574884,5.11056,4.2723e+06,2.92367e+06,1.31064e+07,0,0,0,0,71.5777,70.5495,2.97752,0,0,1.3902,1.3902,0,1.07404,2.32848,8.8787e+06,3.90788e+06,1.23432e+07,0,0,0,1.86544e+08
94.3805,94.3805,5.92728,0.01,0,3.06784,3.06784,0,0.574899,5.11056,4.2723e+06,2.92367e+06,1.31067e+07,0,0,0,0,71.5777,70.5495,4.02724,0,0,1.39024,1.39024,0,1.07407,2.32848,8.8787e+06,3.90788e+06,1.23435e+07,0,0,0,1.86544e+08
94.3805,94.3805,9.88563,0,0,3.16402,3.16402,0,0.574914,5.11056,4.2723e+06,2.92367e+06,1.35176e+07,0,0,0,0,71.5777,70.5495,8.40556,0,0,1.43522,1.43522,0,1.0741,2.32848,8.8787e+06,3.90788e+06,1.27429e+07,0,0,0,1.86544e+08
94.3805,94.3805,7.5039,0,0,3.16408,3.16408,0,0.592938,5.11056,4.2723e+06,2.92367e+06,1.35179e+07,0,0,0,0,71.5777,70.5495,4.29975,0,0,1.43525,1.43525,0,1.10885,2.32848,8.8787e+06,3.90788e+06,1.27432e+07,0,0,0,1.86544e+08
94.3805,94.3805,6.47468,0,0,3.16415,3.16415,0,0.59295,5.11056,4.2723e+06,2.92367e+06,1.35182e+07,0,0,0,0,71.5777,70.5495,3.89089,0,0,1.43528,1.43528,0,1.10888,2.32848,8.8787e+06,3.90788e+06,1.27434e+07,0,0,0,1.86544e+08
94.3805,94.3805,5.90301,0,0,3.16421,3.16421,0,0.592961,5.11056,4.2723e+06,2.92367e+06,1.35184e+07,0,0,0,0,71.5777,70.5495,3.61481,0,0,1.43531,1.43531,0,1.1089,2.32848,8.8787e+06,3.90788e+06,1.27437e+07,0,0,0,1.86544e+08
94.3408,94.3805,3.654,0,0,3.4729,3.4729,0,0.592972,5.11056,4.2723e+06,2.92367e+06,1.48373e+07,0,0,0,0,71.5777,70.5495,3.0835,0,0,1.6041,1.6041,0,1.10892,2.32848,8.8787e+06,3.90788e+06,1.42423e+07,0,0,0,1.86544e+08
94.1072,94.3805,3.48726,0.01,0,3.47297,3.47297,0,0.650822,5.11056,4.2723e+06,2.92367e+06,1.48376e+07,0,0,0,0,71.5777,70.5495,4.82629,0,0,1.60413,1.60413,0,1.23933,2.32848,8.8787e+06,3.90788e+06,1.42426e+07,0,0,0,1.86544e+08
94.3805,94.3805,7.41626,0.01,0,3.47304,3.47304,0,0.650835,5.11056,4.2723e+06,2.92367e+06,1.48378e+07,0,0,0,0,71.5777,70.5495,5.07409,0,0,1.60416,1.60416,0,1.23935,2.32848,8.8787e+06,3.90788e+06,1.42429e+07,0,0,0,1.86544e+08
94.1557,94.3805,3.41695,0,0,3.4731,3.4731,0,0.650847,5.11056,4.2723e+06,2.92367e+06,1.48381e+07,0,0,0,0,71.5777,70.5495,3.03137,0,0,1.60419,1.60419,0,1.23937,2.32848,8.8787e+06,3.90788e+06,1.42431e+07,0,0,0,1.86544e+08
94.3805,94.3805,4.35848,0.01,0,3.03292,3.03292,0,0.65086,5.11056,4.2723e+06,2.92367e+06,1.29576e+07,0,0,0,0,71.5777,70.5495,3.24065,0,0,1.37772,1.37772,0,1.2394,2.32848,8.8787e+06,3.90788e+06,1.22324e+07,0,0,0,1.86544e+08
94.3805,94.3805,7.89588,0,0,3.03298,3.03298,0,0.56837,5.11056,4.2723e+06,2.92367e+06,1.29578e+07,0,0,0,0,71.5777,70.5495,6.03641,0,0,1.37775,1.37775,0,1.06443,2.32848,8.8787e+06,3.90788e+06,1.22326e+07,0,0,0,1.86544e+08
94.3805,94.3805,6.90343,0,0,3.03304,3.03304,0,0.568381,5.11056,4.2723e+06,2.92367e+06,1.29581e+07,0,0,0,0,71.5777,70.5495,4.05246,0,0,1.37777,1.37777,0,1.06445,2.32848,8.8787e+06,3.90788e+06,1.22328e+07,0,0,0,1.86544e+08
94.3805,94.3805,5.44238,0,0,3.0331,3.0331,0,0.568392,5.11056,4.2723e+06,2.92367e+06,1.29583e+07,0,0,0,0,71.5777,70.5495,3.14942,0,0,1.3778,1.3778,0,1.06447,2.32848,8.8787e+06,3.90788e+06,1.22331e+07,0,0,0,1.86544e+08
94.3805,94.3805,4.12461,0,0,3.03316,3.03316,0,0.568403,5.11056,4.2723e+06,2.92367e+06,1.29586e+07,0,0,0,0,71.5777,70.5495,2.5628,0,0,1.37783,1.37783,0,1.06449,2.32848,8.8787e+06,3.90788e+06,1.22333e+07,0,0,0,1.86544e+08
94.3805,94.3805,7.42025,0,0,3.14404,3.14404,0,0.568414,5.11056,4.2723e+06,2.92367e+06,1.34323e+07,0,0,0,0,71.5777,70.5495,4.89109,0,0,1.43327,1.43327,0,1.06451,2.32848,8.8787e+06,3.90788e+06,1.27256e+07,0,0,0,1.86544e+08
94.3805,94.3805,6.54484,0,0,3.1441,3.1441,0,0.589194,5.11056,4.2723e+06,2.92367e+06,1.34325e+07,0,0,0,0,71.5777,70.5495,4.54616,0,0,1.4333,1.4333,0,1.10734,2.32848,8.8787e+06,3.90788e+06,1.27258e+07,0,0,0,1.86544e+08
94.3805,94.3805,4.98941,0,0,3.14417,3.14417,0,0.589205,5.11056,4.2723e+06,2.92367e+06,1.34328e+07,0,0,0,0,71.5777,70.5495,3.35992,0,0,1.43333,1.43333,0,1.10737,2.32848,8.8787e+06,3.90788e+06,1.27261e+07,0,0,0,1.86544e+08
94.3805,94.3805,4.44786,0,0,3.14423,3.14423,0,0.589217,5.11056,4.2723e+06,2.92367e+06,1.34331e+07,0,0,0,0,71.5777,70.5495,2.97911,0,0,1.43335,1.43335,0,1.10739,2.32848,8.8787e+06,3.90788e+06,1.27263e+07,0,0,0,1.86544e+08
94.3805,94.3805,4.78892,0,0,3.10095,3.10095,0,0.589228,5.11056,4.2723e+06,2.92367e+06,1.32482e+07,0,0,0,0,71.5777,70.5495,3.39809,0,0,1.41186,1.41186,0,1.10741,2.32848,8.8787e+06,3.90788e+06,1.25354e+07,0,0,0,1.86544e+08
94.3805,94.3805,4.48337,0,0,3.10101,3.10101,0,0.581118,5.11056,4.2723e+06,2.92367e+06,1.32484e+07,0,0,0,0,71.5777,70.5495,3.21222,0,0,1.41188,1.41188,0,1.0908,2.32848,8.8787e+06,3.90788e+06,1.25357e+07,0,0,0,1.86544e+08
94.3805,94.3805,4.12579,0,0,3.10107,3.10107,0,0.581129,5.11056,4.2723e+06,2.92367e+06,1.32487e+07,0,0,0,0,71.5777,70.5495,3.22726,0,0,1.41191,1.41191,0,1.09082,2.32848,8.8787e+06,3.90788e+06,1.25359e+07,0,0,0,1.86544e+08
94.3805,94.3805,4.02192,0,0,3.10113,3.10113,0,0.58114,5.11056,4.2723e+06,2.92367e+06,1.32489e+07,0,0,0,0,71.5777,70.5495,3.98063,0,0,1.41194,1.41194,0,1.09084,2.32848,8.8787e+06,3.90788e+06,1.25362e+07,0,0,0,1.86544e+08
94.3805,94.3805,3.80689,0,0,3.2483,3.2483,0,0.581152,5.11056,4.2723e+06,2.92367e+06,1.38777e+07,0,0,0,0,71.5777,70.5495,3.36185,0,0,1.4883,1.4883,0,1.09086,2.32848,8.8787e+06,3.90788e+06,1.32142e+07,0,0,0,1.86544e+08
94.3805,94.3805,3.64174,0,0,3.24836,3.24836,0,0.608732,5.11056,4.2723e+06,2.92367e+06,1.3878e+07,0,0,0,0,71.5777,70.5495,3.05093,0,0,1.48833,1.48833,0,1.14986,2.32848,8.8787e+06,3.90788e+06,1.32144e+07,0,0,0,1.86544e+08
94.3805,94.3805,3.48695,0,0,3.24843,3.24843,0,0.608743,5.11056,4.2723e+06,2.92367e+06,1.38782e+07,0,0,0,0,71.5777,70.5495,3.01847,0,0,1.48836,1.48836,0,1.14988,2.32848,8.8787e+06,3.90788e+06,1.32147e+07,0,0,0,1.86544e+08
94.3805,94.3805,3.33107,0,0,3.24849,3.24849,0,0.608755,5.11056,4.2723e+06,2.92367e+06,1.38785e+07,0,0,0,0,71.5777,70.5495,3.18404,0,0,1.48839,1.48839,0,1.14991,2.32848,8.8787e+06,3.90788e+06,1.3215e+07,0,0,0,1.86544e+08
94.1559,94.3805,3.02009,0,0,3.24855,3.24855,0,0.608767,5.11056,4.2723e+06,2.92367e+06,1.38788e+07,0,0,0,0,71.5777,70.5495,2.87498,0,0,1.48842,1.48842,0,1.14993,2.32848,8.8787e+06,3.90788e+06,1.32152e+07,0,0,0,1.86544e+08
93.7998,94.3805,2.77289,0.01,0,3.21952,3.21952,0,0.608778,5.11056,4.2723e+06,2.92367e+06,1.37547e+07,0,0,0,0,71.5777,70.5495,2.41902,0,0,1.53041,1.53041,0,1.14995,2.32848,8.8787e+06,3.90788e+06,1.3588e+07,0,0,0,1.86544e+08
93.2713,94.3805,2.59726,0.01,0,3.21958,3.21958,0,0.603338,5.11056,4.2723e+06,2.92367e+06,1.3755e+07,0,0,0,0,71.5777,70.5495,2.3265,0,0,1.53044,1.53044,0,1.18239,2.32848,8.8787e+06,3.90788e+06,1.35883e+07,0,0,0,1.86544e+08
92.5198,94.3805,2.36398,0.01,0,3.21964,3.21964,0,0.603349,5.11056,4.2723e+06,2.92367e+06,1.37553e+07,0,0,0,0,71.539,70.5495,2.21475,0,0,1.53047,1.53047,0,1.18242,2.32848,8.8787e+06,3.90788e+06,1.35885e+07,0,0,0,1.86544e+08
91.5838,94.3805,2.15278,0.01,0,3.2197,3.2197,0,0.603361,5.11056,4.2723e+06,2.92367e+06,1.37555e+07,0,0,0,0,71.5506,70.5495,2.03904,0,0,1.5305,1.5305,0,1.18244,2.32848,8.8787e+06,3.90788e+06,1.35888e+07,0,0,0,1.86544e+08
90.6264,94.3805,2.15556,0.01,0,3.29491,3.29491,0,0.603373,5.11056,4.2723e+06,2.92367e+06,1.40768e+07,0,0,0,0,71.4486,70.5495,2.06977,0,0,1.56792,1.56792,0,1.18246,2.32848,8.8787e+06,3.90788e+06,1.39211e+07,0,0,0,1.86544e+08
89.6125,94.3805,2.08772,0.01,0,3.29497,3.29497,0,0.617466,5.11056,4.2723e+06,2.92367e+06,1.40771e+07,0,0,0,0,71.2724,70.5495,2.06311,0,0,1.56795,1.56795,0,1.21138,2.32848,8.8787e+06,3.90788e+06,1.39214e+07,0,0,0,1.86544e+08
88.3591,94.3805,1.83145,0.03,0,3.29504,3.29504,0,0.617478,5.11056,4.2723e+06,2.92367e+06,1.40774e+07,0,0,0,0,71.047,70.5495,1.89763,0,0,1.56798,1.56798,0,1.2114,2.32848,8.8787e+06,3.90788e+06,1.39217e+07,0,0,0,1.86544e+08
86.9907,94.3805,1.6944,0.03,0,3.2951,3.2951,0,0.61749,5.11056,4.2723e+06,2.92367e+06,1.40776e+07,0,0,0,0,70.8927,70.5495,1.83231,0,0,1.56801,1.56801,0,1.21142,2.32848,8.8787e+06,3.90788e+06,1.39219e+07,0,0,0,1.86544e+08
85.7973,94.3805,2.02194,0.03,0,3.51523,3.51523,0,0.617502,5.11056,4.2723e+06,2.92367e+06,1.50181e+07,0,0,0,0,70.5974,70.5495,2.0376,0,0,1.70305,1.70305,0,1.21145,2.32848,8.8787e+06,3.90788e+06,1.51208e+07,0,0,0,1.86544e+08
84.7545,94.3805,2.19021,0.03,0,3.5153,3.5153,0,0.658755,5.11056,4.2723e+06,2.92367e+06,1.50184e+07,0,0,0,0,70.326,70.5495,1.8592,0,0,1.70308,1.70308,0,1.31577,2.32848,8.8787e+06,3.90788e+06,1.51211e+07,0,0,0,1.86544e+08
83.767,94.3805,2.22295,0.05,0,3.51537,3.51537,0,0.658767,5.11056,4.2723e+06,2.92367e+06,1.50187e+07,0,0,0,0,70.148,70.5495,2.0196,0,0,1.70311,1.70311,0,1.3158,2.32848,8.8787e+06,3.90788e+06,1.51214e+07,0,0,0,1.86544e+08
82.8086,94.3805,2.26024,0.05,0,3.51544,3.51544,0,0.65878,5.11056,4.2723e+06,2.92367e+06,1.5019e+07,0,0,0,0,69.9815,70.5495,2.34671,0,0,1.70315,1.70315,0,1.31582,2.32848,8.8787e+06,3.90788e+06,1.51217e+07,0,0,0,1.86544e+08
81.8205,94.3805,2.19316,0.05,0,3.5155,3.5155,0,0.658793,5.11056,4.2723e+06,2.92367e+06,1.50193e+07,0,0,0,0,69.7589,70.5495,1.96468,0,0,1.70318,1.70318,0,1.31585,2.32848,8.8787e+06,3.90788e+06,1.5122e+07,0,0,0,1.86544e+08
82.0473,94.3805,3.32727,0.05,0,3.40831,3.40831,0,0.658805,5.11056,4.2723e+06,2.92367e+06,1.45613e+07,0,0,0,0,69.7408,70.5495,3.04531,0,0,1.62126,1.62126,0,1.31588,2.32848,8.8787e+06,3.90788e+06,1.43947e+07,0,0,0,1.86544e+08
80.5394,94.3805,1.53319,0.05,0,3.40837,3.40837,0,0.638717,5.11056,4.2723e+06,2.92367e+06,1.45616e+07,0,0,0,0,69.3862,70.5495,1.6082,0,0,1.62129,1.62129,0,1.25259,2.32848,8.8787e+06,3.90788e+06,1.4395e+07,0,0,0,1.86544e+08
79.3814,94.3805,1.8925,0.05,0,3.40844,3.40844,0,0.638729,5.11056,4.2723e+06,2.92367e+06,1.45619e+07,0,0,0,0,69.3114,70.5495,1.80119,0,0,1.62132,1.62132,0,1.25261,2.32848,8.8787e+06,3.90788e+06,1.43953e+07,0,0,0,1.86544e+08
81.3144,94.3805,5.15508,0.05,0,3.4085,3.4085,0,0.638741,5.11056,4.2723e+06,2.92367e+06,1.45621e+07,0,0,0,0,69.7023,70.5495,3.96334,0,0,1.62136,1.62136,0,1.25264,2.32848,8.8787e+06,3.90788e+06,1.43955e+07,0,0,0,1.86544e+08
86.8739,94.3805,9.20287,0.05,0,3.32052,3.32052,0,0.638754,5.11056,4.2723e+06,2.92367e+06,1.41862e+07,0,0,0,0,71.1633,70.5495,6.35943,0,0,1.54679,1.54679,0,1.25266,2.32848,8.8787e+06,3.90788e+06,1.37335e+07,0,0,0,1.86544e+08
91.8874,94.3805,8.71877,0.02,0,3.32058,3.32058,0,0.622265,5.11056,4.2723e+06,2.92367e+06,1.41865e+07,0,0,0,0,71.5777,70.5495,5.10876,0,0,1.54682,1.54682,0,1.19505,2.32848,8.8787e+06,3.90788e+06,1.37337e+07,0,0,0,1.86544e+08
94.1651,94.3805,5.72351,0.02,0,3.32065,3.32065,0,0.622277,5.11056,4.2723e+06,2.92367e+06,1.41868e+07,0,0,0,0,71.5777,70.5495,3.88778,0,0,1.54685,1.54685,0,1.19507,2.32848,8.8787e+06,3.90788e+06,1.3734e+07,0,0,0,1.86544e+08
94.3805,94.3805,8.06846,0.01,0,3.32071,3.32071,0,0.622289,5.11056,4.2723e+06,2.92367e+06,1.41871e+07,0,0,0,0,71.5777,70.5495,5.58948,0,0,1.54688,1.54688,0,1.19509,2.32848,8.8787e+06,3.90788e+06,1.37343e+07,0,0,0,1.86544e+08
94.3805,94.3805,7.83071,0,0,3.07068,3.07068,0,0.622301,5.11056,4.2723e+06,2.92367e+06,1.31189e+07,0,0,0,0,71.5777,70.5495,5.47745,0,0,1.39152,1.39152,0,1.19512,2.32848,8.8787e+06,3.90788e+06,1.23549e+07,0,0,0,1.86544e+08
94.3805,94.3805,8.25539,0,0,3.07074,3.07074,0,0.575446,5.11056,4.2723e+06,2.92367e+06,1.31191e+07,0,0,0,0,71.5777,70.5495,5.32404,0,0,1.39155,1.39155,0,1.07509,2.32848,8.8787e+06,3.90788e+06,1.23552e+07,0,0,0,1.86544e+08
94.3805,94.3805,10.3486,0,0,3.0708,3.0708,0,0.575457,5.11056,4.2723e+06,2.92367e+06,1.31194e+07,0,0,0,0,71.5777,70.5495,10.4179,0,0,1.39158,1.39158,0,1.07511,2.32848,8.8787e+06,3.90788e+06,1.23554e+07,0,0,0,1.86544e+08
94.3805,94.3805,13.9767,0,0,3.07086,3.07086,0,0.575468,5.11056,4.2723e+06,2.92367e+06,1.31196e+07,0,0,0,0,71.5777,70.5495,12.7639,0,0,1.39161,1.39161,0,1.07513,2.32848,8.8787e+06,3.90788e+06,1.23556e+07,0,0,0,1.86544e+08
94.3805,94.3805,7.9568,0,0,3.07092,3.07092,0,0.575479,5.11056,4.2723e+06,2.92367e+06,1.31199e+07,0,0,0,0,71.5777,70.5495,5.98026,0,0,1.39163,1.39163,0,1.07515,2.32848,8.8787e+06,3.90788e+06,1.23559e+07,0,0,0,1.86544e+08
94.3805,94.3805,5.45845,0,0,3.16718,3.16718,0,0.57549,5.11056,4.2723e+06,2.92367e+06,1.35311e+07,0,0,0,0,71.5777,70.5495,4.19945,0,0,1.43665,1.43665,0,1.07518,2.32848,8.8787e+06,3.90788e+06,1.27556e+07,0,0,0,1.86544e+08
94.3805,94.3805,6.86138,0,0,3.16722,3.16722,0,0.593529,5.11056,4.2723e+06,2.92367e+06,1.35313e+07,0,0,0,0,71.5777,70.5495,6.50711,0,0,1.43667,1.43667,0,1.10996,2.32848,8.8787e+06,3.90788e+06,1.27558e+07,0,0,0,1.86544e+08
94.3805,94.3805,5.88452,0,0,3.16726,3.16726,0,0.593537,5.11056,4.2723e+06,2.92367e+06,1.35315e+07,0,0,0,0,71.5777,70.5495,4.44725,0,0,1.43669,1.43669,0,1.10997,2.32848,8.8787e+06,3.90788e+06,1.2756e+07,0,0,0,1.86544e+08
94.3805,94.3805,5.91108,0,0,3.1673,3.1673,0,0.593545,5.11056,4.2723e+06,2.92367e+06,1.35317e+07,0,0,0,0,71.5777,70.5495,5.52744,0,0,1.43671,1.43671,0,1.10999,2.32848,8.8787e+06,3.90788e+06,1.27561e+07,0,0,0,1.86544e+08
94.3805,94.3805,4.12852,0,0,3.47628,3.47628,0,0.593552,5.11056,4.2723e+06,2.92367e+06,1.48517e+07,0,0,0,0,71.5777,70.5495,3.13567,0,0,1.60566,1.60566,0,1.11,2.32848,8.8787e+06,3.90788e+06,1.42562e+07,0,0,0,1.86544e+08
94.3805,94.3805,4.87492,0,0,3.47632,3.47632,0,0.651455,5.11056,4.2723e+06,2.92367e+06,1.48519e+07,0,0,0,0,71.5777,70.5495,4.45985,0,0,1.60568,1.60568,0,1.24053,2.32848,8.8787e+06,3.90788e+06,1.42563e+07,0,0,0,1.86544e+08
94.3805,94.3805,5.56527,0,0,3.47637,3.47637,0,0.651463,5.11056,4.2723e+06,2.92367e+06,1.48521e+07,0,0,0,0,71.5777,70.5495,4.92649,0,0,1.6057,1.6057,0,1.24055,2.32848,8.8787e+06,3.90788e+06,1.42565e+07,0,0,0,1.86544e+08
94.3805,94.3805,5.30337,0,0,3.47642,3.47642,0,0.651472,5.11056,4.2723e+06,2.92367e+06,1.48523e+07,0,0,0,0,71.5777,70.5495,5.48729,0,0,1.60572,1.60572,0,1.24056,2.32848,8.8787e+06,3.90788e+06,1.42567e+07,0,0,0,1.86544e+08
94.3805,94.3805,6.68507,0,0,3.0358,3.0358,0,0.65148,5.11056,4.2723e+06,2.92367e+06,1.29698e+07,0,0,0,0,71.5777,70.5495,5.84353,0,0,1.37903,1.37903,0,1.24058,2.32848,8.8787e+06,3.90788e+06,1.2244e+07,0,0,0,1.86544e+08
94.3805,94.3805,6.83843,0,0,3.03584,3.03584,0,0.568908,5.11056,4.2723e+06,2.92367e+06,1.297e+07,0,0,0,0,71.5777,70.5495,4.85901,0,0,1.37904,1.37904,0,1.06544,2.32848,8.8787e+06,3.90788e+06,1.22441e+07,0,0,0,1.86544e+08
94.3805,94.3805,5.57537,0,0,3.03588,3.03588,0,0.568916,5.11056,4.2723e+06,2.92367e+06,1.29702e+07,0,0,0,0,71.5777,70.5495,4.20832,0,0,1.37906,1.37906,0,1.06545,2.32848,8.8787e+06,3.90788e+06,1.22443e+07,0,0,0,1.86544e+08
94.3805,94.3805,5.06354,0,0,3.03592,3.03592,0,0.568923,5.11056,4.2723e+06,2.92367e+06,1.29703e+07,0,0,0,0,71.5777,70.5495,4.32909,0,0,1.37908,1.37908,0,1.06546,2.32848,8.8787e+06,3.90788e+06,1.22444e+07,0,0,0,1.86544e+08
94.3805,94.3805,6.91761,0,0,3.03596,3.03596,0,0.568931,5.11056,4.2723e+06,2.92367e+06,1.29705e+07,0,0,0,0,71.5777,70.5495,5.05395,0,0,1.3791,1.3791,0,1.06548,2.32848,8.8787e+06,3.90788e+06,1.22446e+07,0,0,0,1.86544e+08
94.3805,94.3805,5.23859,0,0,3.14692,3.14692,0,0.568938,5.11056,4.2723e+06,2.92367e+06,1.34446e+07,0,0,0,0,71.5777,70.5495,4.16982,0,0,1.43458,1.43458,0,1.06549,2.32848,8.8787e+06,3.90788e+06,1.27372e+07,0,0,0,1.86544e+08
94.3805,94.3805,6.39926,0,0,3.14697,3.14697,0,0.589734,5.11056,4.2723e+06,2.92367e+06,1.34448e+07,0,0,0,0,71.5777,70.5495,5.10941,0,0,1.4346,1.4346,0,1.10836,2.32848,8.8787e+06,3.90788e+06,1.27374e+07,0,0,0,1.86544e+08
94.3805,94.3805,5.71286,0,0,3.14701,3.14701,0,0.589741,5.11056,4.2723e+06,2.92367e+06,1.34449e+07,0,0,0,0,71.5777,70.5495,6.73323,0,0,1.43462,1.43462,0,1.10837,2.32848,8.8787e+06,3.90788e+06,1.27376e+07,0,0,0,1.86544e+08
94.3805,94.3805,4.55761,0,0,3.14705,3.14705,0,0.589749,5.11056,4.2723e+06,2.92367e+06,1.34451e+07,0,0,0,0,71.5777,70.5495,6.2932,0,0,1.43464,1.43464,0,1.10839,2.32848,8.8787e+06,3.90788e+06,1.27377e+07,0,0,0,1.86544e+08
94.3805,94.3805,4.50716,0,0,3.10371,3.10371,0,0.589757,5.11056,4.2723e+06,2.92367e+06,1.326e+07,0,0,0,0,71.5777,70.5495,4.72322,0,0,1.41311,1.41311,0,1.1084,2.32848,8.8787e+06,3.90788e+06,1.25466e+07,0,0,0,1.86544e+08
94.3805,94.3805,3.76126,0,0,3.10376,3.10376,0,0.581636,5.11056,4.2723e+06,2.92367e+06,1.32602e+07,0,0,0,0,71.5777,70.5495,3.86185,0,0,1.41313,1.41313,0,1.09177,2.32848,8.8787e+06,3.90788e+06,1.25468e+07,0,0,0,1.86544e+08
94.2757,94.3805,3.19097,0,0,3.1038,3.1038,0,0.581644,5.11056,4.2723e+06,2.92367e+06,1.32603e+07,0,0,0,0,71.5777,70.5495,3.49037,0,0,1.41315,1.41315,0,1.09179,2.32848,8.8787e+06,3.90788e+06,1.25469e+07,0,0,0,1.86544e+08
93.9195,94.3805,2.93834,0,0,3.10384,3.10384,0,0.581651,5.11056,4.2723e+06,2.92367e+06,1.32605e+07,0,0,0,0,71.5777,70.5495,2.80518,0,0,1.41317,1.41317,0,1.0918,2.32848,8.8787e+06,3.90788e+06,1.25471e+07,0,0,0,1.86544e+08
94.1713,94.3805,3.63169,0,0,3.25112,3.25112,0,0.581659,5.11056,4.2723e+06,2.92367e+06,1.38897e+07,0,0,0,0,71.5777,70.5495,3.18554,0,0,1.48959,1.48959,0,1.09181,2.32848,8.8787e+06,3.90788e+06,1.32256e+07,0,0,0,1.86544e+08
93.8842,94.3805,2.98088,0,0,3.25116,3.25116,0,0.609259,5.11056,4.2723e+06,2.92367e+06,1.38899e+07,0,0,0,0,71.5777,70.5495,2.94905,0,0,1.48961,1.48961,0,1.15086,2.32848,8.8787e+06,3.90788e+06,1.32258e+07,0,0,0,1.86544e+08
93.5582,94.3805,2.92456,0,0,3.2512,3.2512,0,0.609267,5.11056,4.2723e+06,2.92367e+06,1.38901e+07,0,0,0,0,71.5777,70.5495,2.98648,0,0,1.48963,1.48963,0,1.15087,2.32848,8.8787e+06,3.90788e+06,1.3226e+07,0,0,0,1.86544e+08
92.9421,94.3805,2.62667,0.01,0,3.25124,3.25124,0,0.609275,5.11056,4.2723e+06,2.92367e+06,1.38903e+07,0,0,0,0,71.5777,70.5495,3.03445,0,0,1.48965,1.48965,0,1.15089,2.32848,8.8787e+06,3.90788e+06,1.32262e+07,0,0,0,1.86544e+08
92.2857,94.3805,2.5744,0.01,0,3.25129,3.25129,0,0.609283,5.11056,4.2723e+06,2.92367e+06,1.38905e+07,0,0,0,0,71.5777,70.5495,2.96839,0,0,1.48967,1.48967,0,1.1509,2.32848,8.8787e+06,3.90788e+06,1.32263e+07,0,0,0,1.86544e+08
91.882,94.3805,2.77023,0.01,0,3.22221,3.22221,0,0.609291,5.11056,4.2723e+06,2.92367e+06,1.37662e+07,0,0,0,0,71.5777,70.5495,2.77691,0,0,1.53169,1.53169,0,1.15092,2.32848,8.8787e+06,3.90788e+06,1.35994e+07,0,0,0,1.86544e+08
91.3664,94.3805,2.62545,0.01,0,3.22225,3.22225,0,0.603842,5.11056,4.2723e+06,2.92367e+06,1.37664e+07,0,0,0,0,71.5748,70.5495,2.66914,0,0,1.53171,1.53171,0,1.18338,2.32848,8.8787e+06,3.90788e+06,1.35996e+07,0,0,0,1.86544e+08
90.7391,94.3805,2.4926,0.01,0,3.22229,3.22229,0,0.60385,5.11056,4.2723e+06,2.92367e+06,1.37666e+07,0,0,0,0,71.5189,70.5495,2.54587,0,0,1.53173,1.53173,0,1.1834,2.32848,8.8787e+06,3.90788e+06,1.35997e+07,0,0,0,1.86544e+08
89.9415,94.3805,2.30451,0.01,0,3.22234,3.22234,0,0.603858,5.11056,4.2723e+06,2.92367e+06,1.37668e+07,0,0,0,0,71.3884,70.5495,2.37823,0,0,1.53175,1.53175,0,1.18341,2.32848,8.8787e+06,3.90788e+06,1.35999e+07,0,0,0,1.86544e+08
89.0848,94.3805,2.27595,0.01,0,3.29758,3.29758,0,0.603866,5.11056,4.2723e+06,2.92367e+06,1.40882e+07,0,0,0,0,71.2463,70.5495,2.23064,0,0,1.5692,1.5692,0,1.18343,2.32848,8.8787e+06,3.90788e+06,1.39324e+07,0,0,0,1.86544e+08
88.18,94.3805,2.18498,0.01,0,3.29762,3.29762,0,0.617967,5.11056,4.2723e+06,2.92367e+06,1.40884e+07,0,0,0,0,71.044,70.5495,2.26813,0,0,1.56922,1.56922,0,1.21236,2.32848,8.8787e+06,3.90788e+06,1.39326e+07,0,0,0,1.86544e+08
87.4573,94.3805,2.36222,0.03,0,3.29767,3.29767,0,0.617975,5.11056,4.2723e+06,2.92367e+06,1.40886e+07,0,0,0,0,70.863,70.5495,2.45647,0,0,1.56924,1.56924,0,1.21238,2.32848,8.8787e+06,3.90788e+06,1.39328e+07,0,0,0,1.86544e+08
86.6195,94.3805,2.26113,0.03,0,3.29771,3.29771,0,0.617983,5.11056,4.2723e+06,2.92367e+06,1.40888e+07,0,0,0,0,70.6767,70.5495,2.1593,0,0,1.56926,1.56926,0,1.21239,2.32848,8.8787e+06,3.90788e+06,1.3933e+07,0,0,0,1.86544e+08
85.5597,94.3805,2.16378,0.03,0,3.518,3.518,0,0.617991,5.11056,4.2723e+06,2.92367e+06,1.50299e+07,0,0,0,0,70.3148,70.5495,2.13301,0,0,1.70439,1.70439,0,1.21241,2.32848,8.8787e+06,3.90788e+06,1.51327e+07,0,0,0,1.86544e+08
85.0948,94.3805,2.78505,0.03,0,3.51804,3.51804,0,0.659273,5.11056,4.2723e+06,2.92367e+06,1.50301e+07,0,0,0,0,70.0798,70.5495,2.54666,0,0,1.70441,1.70441,0,1.31681,2.32848,8.8787e+06,3.90788e+06,1.51329e+07,0,0,0,1.86544e+08
84.1309,94.3805,2.26159,0.03,0,3.51809,3.51809,0,0.659281,5.11056,4.2723e+06,2.92367e+06,1.50303e+07,0,0,0,0,69.6799,70.5495,1.79688,0,0,1.70443,1.70443,0,1.31683,2.32848,8.8787e+06,3.90788e+06,1.51331e+07,0,0,0,1.86544e+08
83.6833,94.3805,2.79104,0.05,0,3.51813,3.51813,0,0.65929,5.11056,4.2723e+06,2.92367e+06,1.50305e+07,0,0,0,0,69.6313,70.5495,3.2856,0,0,1.70445,1.70445,0,1.31684,2.32848,8.8787e+06,3.90788e+06,1.51333e+07,0,0,0,1.86544e+08
82.7481,94.3805,2.27488,0.05,0,3.51818,3.51818,0,0.659298,5.11056,4.2723e+06,2.92367e+06,1.50307e+07,0,0,0,0,69.3779,70.5495,2.31872,0,0,1.70448,1.70448,0,1.31686,2.32848,8.8787e+06,3.90788e+06,1.51335e+07,0,0,0,1.86544e+08
81.9131,94.3805,2.36728,0.05,0,3.41088,3.41088,0,0.659307,5.11056,4.2723e+06,2.92367e+06,1.45723e+07,0,0,0,0,69.282,70.5495,2.67336,0,0,1.62249,1.62249,0,1.31688,2.32848,8.8787e+06,3.90788e+06,1.44056e+07,0,0,0,1.86544e+08
81.1273,94.3805,2.41255,0.05,0,3.41093,3.41093,0,0.639199,5.11056,4.2723e+06,2.92367e+06,1.45725e+07,0,0,0,0,69.1836,70.5495,2.71283,0,0,1.62251,1.62251,0,1.25353,2.32848,8.8787e+06,3.90788e+06,1.44058e+07,0,0,0,1.86544e+08
79.9124,94.3805,1.95416,0.05,0,3.41097,3.41097,0,0.639208,5.11056,4.2723e+06,2.92367e+06,1.45727e+07,0,0,0,0,68.9491,70.5495,2.31932,0,0,1.62253,1.62253,0,1.25355,2.32848,8.8787e+06,3.90788e+06,1.4406e+07,0,0,0,1.86544e+08
79.2043,94.3805,2.46045,0.05,0,3.41102,3.41102,0,0.639216,5.11056,4.2723e+06,2.92367e+06,1.45729e+07,0,0,0,0,68.7208,70.5495,2.43678,0,0,1.62255,1.62255,0,1.25357,2.32848,8.8787e+06,3.90788e+06,1.44061e+07,0,0,0,1.86544e+08
82.4006,94.3805,6.45497,0.05,0,3.32294,3.32294,0,0.639224,5.11056,4.2723e+06,2.92367e+06,1.41966e+07,0,0,0,0,69.4742,70.5495,4.84558,0,0,1.54792,1.54792,0,1.25358,2.32848,8.8787e+06,3.90788e+06,1.37435e+07,0,0,0,1.86544e+08
84.9819,94.3805,6.06158,0.05,0,3.32299,3.32299,0,0.62272,5.11056,4.2723e+06,2.92367e+06,1.41968e+07,0,0,0,0,70.5878,70.5495,4.9767,0,0,1.54794,1.54794,0,1.19592,2.32848,8.8787e+06,3.90788e+06,1.37437e+07,0,0,0,1.86544e+08
87.2845,94.3805,5.86784,0.02,0,3.32303,3.32303,0,0.622728,5.11056,4.2723e+06,2.92367e+06,1.4197e+07,0,0,0,0,71.3358,70.5495,5.36394,0,0,1.54796,1.54796,0,1.19594,2.32848,8.8787e+06,3.90788e+06,1.37439e+07,0,0,0,1.86544e+08
92.4894,94.3805,9.06648,0.01,0,3.32307,3.32307,0,0.622736,5.11056,4.2723e+06,2.92367e+06,1.41972e+07,0,0,0,0,71.5777,70.5495,7.21237,0,0,1.54798,1.54798,0,1.19595,2.32848,8.8787e+06,3.90788e+06,1.3744e+07,0,0,0,1.86544e+08
94.3805,94.3805,10.4837,0.01,0,3.07285,3.07285,0,0.622744,5.11056,4.2723e+06,2.92367e+06,1.31281e+07,0,0,0,0,71.5777,70.5495,9.52609,0,0,1.39251,1.39251,0,1.19597,2.32848,8.8787e+06,3.90788e+06,1.23637e+07,0,0,0,1.86544e+08
94.3805,94.3805,8.52153,0,0,3.07289,3.07289,0,0.575852,5.11056,4.2723e+06,2.92367e+06,1.31283e+07,0,0,0,0,71.5777,70.5495,7.42541,0,0,1.39253,1.39253,0,1.07585,2.32848,8.8787e+06,3.90788e+06,1.23638e+07,0,0,0,1.86544e+08
94.3805,94.3805,8.47704,0,0,3.07293,3.07293,0,0.575859,5.11056,4.2723e+06,2.92367e+06,1.31285e+07,0,0,0,0,71.5777,70.5495,7.74026,0,0,1.39254,1.39254,0,1.07586,2.32848,8.8787e+06,3.90788e+06,1.2364e+07,0,0,0,1.86544e+08
94.3805,94.3805,10.0294,0,0,3.07297,3.07297,0,0.575867,5.11056,4.2723e+06,2.92367e+06,1.31286e+07,0,0,0,0,71.5777,70.5495,10.2479,0,0,1.39256,1.39256,0,1.07588,2.32848,8.8787e+06,3.90788e+06,1.23641e+07,0,0,0,1.86544e+08
94.3805,94.3805,10.3875,0,0,3.07301,3.07301,0,0.575875,5.11056,4.2723e+06,2.92367e+06,1.31288e+07,0,0,0,0,71.5777,70.5495,12.1262,0,0,1.39258,1.39258,0,1.07589,2.32848,8.8787e+06,3.90788e+06,1.23643e+07,0,0,0,1.86544e+08
94.3805,94.3805,10.7352,0,0,3.07301,3.07301,0,0.575882,5.11056,4.2723e+06,2.92367e+06,1.31288e+07,0,0,0,0,71.5777,70.5495,8.14655,0,0,1.39258,1.39258,0,1.07591,2.32848,8.8787e+06,3.90788e+06,1.23643e+07,0,0,0,1.86544e+08
94.3805,94.3805,10.7431,0,0,3.16931,3.16931,0,0.575882,5.11056,4.2723e+06,2.92367e+06,1.35403e+07,0,0,0,0,71.5777,70.5495,7.32625,0,0,1.43762,1.43762,0,1.07591,2.32848,8.8787e+06,3.90788e+06,1.27642e+07,0,0,0,1.86544e+08
94.3805,94.3805,6.96416,0,0,3.16934,3.16934,0,0.59393,5.11056,4.2723e+06,2.92367e+06,1.35403e+07,0,0,0,0,71.5777,70.5495,3.97622,0,0,1.43763,1.43763,0,1.11071,2.32848,8.8787e+06,3.90788e+06,1.27643e+07,0,0,0,1.86544e+08
94.3805,94.3805,6.0327,0,0,3.16936,3.16936,0,0.593934,5.11056,4.2723e+06,2.92367e+06,1.35404e+07,0,0,0,0,71.5777,70.5495,2.97721,0,0,1.43764,1.43764,0,1.11072,2.32848,8.8787e+06,3.90788e+06,1.27644e+07,0,0,0,1.86544e+08
94.3805,94.3805,5.86089,0,0,3.16938,3.16938,0,0.593938,5.11056,4.2723e+06,2.92367e+06,1.35405e+07,0,0,0,0,71.5777,70.5495,5.00664,0,0,1.43765,1.43765,0,1.11072,2.32848,8.8787e+06,3.90788e+06,1.27645e+07,0,0,0,1.86544e+08
94.3805,94.3805,7.20806,0,0,3.47854,3.47854,0,0.593942,5.11056,4.2723e+06,2.92367e+06,1.48614e+07,0,0,0,0,71.5777,70.5495,4.70993,0,0,1.6067,1.6067,0,1.11073,2.32848,8.8787e+06,3.90788e+06,1.42654e+07,0,0,0,1.86544e+08
94.3805,94.3805,5.85422,0,0,3.47856,3.47856,0,0.651878,5.11056,4.2723e+06,2.92367e+06,1.48615e+07,0,0,0,0,71.5777,70.5495,4.94455,0,0,1.60671,1.60671,0,1.24134,2.32848,8.8787e+06,3.90788e+06,1.42655e+07,0,0,0,1.86544e+08
94.3805,94.3805,8.52534,0,0,3.47859,3.47859,0,0.651883,5.11056,4.2723e+06,2.92367e+06,1.48616e+07,0,0,0,0,71.5777,70.5495,4.89098,0,0,1.60672,1.60672,0,1.24135,2.32848,8.8787e+06,3.90788e+06,1.42656e+07,0,0,0,1.86544e+08
94.3805,94.3805,5.17251,0,0,3.47861,3.47861,0,0.651887,5.11056,4.2723e+06,2.92367e+06,1.48617e+07,0,0,0,0,71.5777,70.5495,4.96504,0,0,1.60674,1.60674,0,1.24136,2.32848,8.8787e+06,3.90788e+06,1.42657e+07,0,0,0,1.86544e+08
94.3805,94.3805,3.38625,0,0,3.0377,3.0377,0,0.651892,5.11056,4.2723e+06,2.92367e+06,1.29779e+07,0,0,0,0,71.5777,70.5495,3.51632,0,0,1.37989,1.37989,0,1.24136,2.32848,8.8787e+06,3.90788e+06,1.22516e+07,0,0,0,1.86544e+08
94.3805,94.3805,3.83135,0,0,3.03772,3.03772,0,0.569265,5.11056,4.2723e+06,2.92367e+06,1.2978e+07,0,0,0,0,71.5777,70.5495,4.47029,0,0,1.3799,1.3799,0,1.0661,2.32848,8.8787e+06,3.90788e+06,1.22517e+07,0,0,0,1.86544e+08
94.3805,94.3805,4.759,0,0,3.03774,3.03774,0,0.569269,5.11056,4.2723e+06,2.92367e+06,1.29781e+07,0,0,0,0,71.5777,70.5495,4.22489,0,0,1.37991,1.37991,0,1.06611,2.32848,8.8787e+06,3.90788e+06,1.22518e+07,0,0,0,1.86544e+08
94.3805,94.3805,4.04516,0,0,3.03776,3.03776,0,0.569273,5.11056,4.2723e+06,2.92367e+06,1.29782e+07,0,0,0,0,71.5777,70.5495,4.31754,0,0,1.37992,1.37992,0,1.06612,2.32848,8.8787e+06,3.90788e+06,1.22519e+07,0,0,0,1.86544e+08
94.3805,94.3805,3.95108,0,0,3.03778,3.03778,0,0.569276,5.11056,4.2723e+06,2.92367e+06,1.29783e+07,0,0,0,0,71.5777,70.5495,4.88693,0,0,1.37993,1.37993,0,1.06612,2.32848,8.8787e+06,3.90788e+06,1.2252e+07,0,0,0,1.86544e+08
94.3805,94.3805,3.5266,0,0,3.1488,3.1488,0,0.56928,5.11056,4.2723e+06,2.92367e+06,1.34526e+07,0,0,0,0,71.5777,70.5495,4.20744,0,0,1.43544,1.43544,0,1.06613,2.32848,8.8787e+06,3.90788e+06,1.27448e+07,0,0,0,1.86544e+08
94.2946,94.3805,3.34346,0,0,3.14882,3.14882,0,0.590085,5.11056,4.2723e+06,2.92367e+06,1.34527e+07,0,0,0,0,71.5777,70.5495,3.94041,0,0,1.43545,1.43545,0,1.10902,2.32848,8.8787e+06,3.90788e+06,1.27449e+07,0,0,0,1.86544e+08
93.828,94.3805,2.88222,0,0,3.14884,3.14884,0,0.590089,5.11056,4.2723e+06,2.92367e+06,1.34528e+07,0,0,0,0,71.5777,70.5495,3.46908,0,0,1.43546,1.43546,0,1.10903,2.32848,8.8787e+06,3.90788e+06,1.2745e+07,0,0,0,1.86544e+08
93.1667,94.3805,2.60716,0,0,3.14886,3.14886,0,0.590093,5.11056,4.2723e+06,2.92367e+06,1.34529e+07,0,0,0,0,71.5777,70.5495,2.95767,0,0,1.43547,1.43547,0,1.10903,2.32848,8.8787e+06,3.90788e+06,1.27451e+07,0,0,0,1.86544e+08
92.4083,94.3805,2.43173,0,0,3.10549,3.10549,0,0.590097,5.11056,4.2723e+06,2.92367e+06,1.32676e+07,0,0,0,0,71.5777,70.5495,2.69811,0,0,1.41392,1.41392,0,1.10904,2.32848,8.8787e+06,3.90788e+06,1.25538e+07,0,0,0,1.86544e+08
91.9496,94.3805,2.75027,0,0,3.10551,3.10551,0,0.581968,5.11056,4.2723e+06,2.92367e+06,1.32677e+07,0,0,0,0,71.5777,70.5495,2.454,0,0,1.41393,1.41393,0,1.0924,2.32848,8.8787e+06,3.90788e+06,1.25539e+07,0,0,0,1.86544e+08
91.1546,94.3805,2.32509,0,0,3.10553,3.10553,0,0.581972,5.11056,4.2723e+06,2.92367e+06,1.32677e+07,0,0,0,0,71.5777,70.5495,2.47634,0,0,1.41394,1.41394,0,1.0924,2.32848,8.8787e+06,3.90788e+06,1.2554e+07,0,0,0,1.86544e+08
90.347,94.3805,2.24674,0,0,3.10555,3.10555,0,0.581976,5.11056,4.2723e+06,2.92367e+06,1.32678e+07,0,0,0,0,71.5777,70.5495,2.40133,0,0,1.41395,1.41395,0,1.09241,2.32848,8.8787e+06,3.90788e+06,1.2554e+07,0,0,0,1.86544e+08
89.3789,94.3805,2.26679,0,0,3.25289,3.25289,0,0.581981,5.11056,4.2723e+06,2.92367e+06,1.38973e+07,0,0,0,0,71.5777,70.5495,2.78678,0,0,1.49041,1.49041,0,1.09242,2.32848,8.8787e+06,3.90788e+06,1.32329e+07,0,0,0,1.86544e+08
88.3308,94.3805,2.0762,0,0,3.25292,3.25292,0,0.609592,5.11056,4.2723e+06,2.92367e+06,1.38974e+07,0,0,0,0,71.5529,70.5495,2.45389,0,0,1.49042,1.49042,0,1.15149,2.32848,8.8787e+06,3.90788e+06,1.3233e+07,0,0,0,1.86544e+08
87.2189,94.3805,1.98933,0,0,3.25294,3.25294,0,0.609597,5.11056,4.2723e+06,2.92367e+06,1.38975e+07,0,0,0,0,71.5217,70.5495,2.45073,0,0,1.49043,1.49043,0,1.1515,2.32848,8.8787e+06,3.90788e+06,1.32331e+07,0,0,0,1.86544e+08
86.0223,94.3805,1.88823,0.01,0,3.25296,3.25296,0,0.609601,5.11056,4.2723e+06,2.92367e+06,1.38976e+07,0,0,0,0,71.4821,70.5495,2.58088,0,0,1.49044,1.49044,0,1.1515,2.32848,8.8787e+06,3.90788e+06,1.32332e+07,0,0,0,1.86544e+08
84.5866,94.3805,1.60696,0.01,0,3.25298,3.25298,0,0.609605,5.11056,4.2723e+06,2.92367e+06,1.38977e+07,0,0,0,0,71.5185,70.5495,2.44423,0,0,1.49045,1.49045,0,1.15151,2.32848,8.8787e+06,3.90788e+06,1.32332e+07,0,0,0,1.86544e+08
83.1478,94.3805,1.56258,0.02,0,3.22387,3.22387,0,0.609609,5.11056,4.2723e+06,2.92367e+06,1.37733e+07,0,0,0,0,71.4822,70.5495,2.40856,0,0,1.53248,1.53248,0,1.15152,2.32848,8.8787e+06,3.90788e+06,1.36064e+07,0,0,0,1.86544e+08
81.6264,94.3805,1.43145,0.03,0,3.22389,3.22389,0,0.604154,5.11056,4.2723e+06,2.92367e+06,1.37734e+07,0,0,0,0,71.3827,70.5495,2.24925,0,0,1.53249,1.53249,0,1.18399,2.32848,8.8787e+06,3.90788e+06,1.36065e+07,0,0,0,1.86544e+08
80.001,94.3805,1.29892,0.03,0,3.22392,3.22392,0,0.604158,5.11056,4.2723e+06,2.92367e+06,1.37735e+07,0,0,0,0,71.2511,70.5495,2.25759,0,0,1.5325,1.5325,0,1.184,2.32848,8.8787e+06,3.90788e+06,1.36066e+07,0,0,0,1.86544e+08
78.4944,94.3805,1.39026,0.03,0,3.22394,3.22394,0,0.604162,5.11056,4.2723e+06,2.92367e+06,1.37736e+07,0,0,0,0,71.0826,70.5495,2.19767,0,0,1.53251,1.53251,0,1.18401,2.32848,8.8787e+06,3.90788e+06,1.36067e+07,0,0,0,1.86544e+08
76.9676,94.3805,1.39521,0.03,0,3.2992,3.2992,0,0.604166,5.11056,4.2723e+06,2.92367e+06,1.40952e+07,0,0,0,0,70.8354,70.5495,2.09308,0,0,1.56997,1.56997,0,1.18402,2.32848,8.8787e+06,3.90788e+06,1.39393e+07,0,0,0,1.86544e+08
75.3141,94.3805,1.24495,0.03,0,3.29923,3.29923,0,0.618271,5.11056,4.2723e+06,2.92367e+06,1.40953e+07,0,0,0,0,70.5561,70.5495,1.98312,0,0,1.56998,1.56998,0,1.21296,2.32848,8.8787e+06,3.90788e+06,1.39394e+07,0,0,0,1.86544e+08
73.6404,94.3805,1.14187,0.07,0,3.22221,3.29925,0,0.618275,5.11056,4.2723e+06,2.92367e+06,1.37663e+07,0,0,0,0,70.2923,70.5495,1.85109,0,0,1.53333,1.56999,0,1.21297,2.32848,8.8787e+06,3.90788e+06,1.3614e+07,0,0,0,1.86544e+08
71.8974,94.3805,1.03715,0.07,0,3.22224,3.29927,0,0.603843,5.11056,4.2723e+06,2.92367e+06,1.37664e+07,0,0,0,0,70.0309,70.5495,1.88482,0,0,1.53334,1.57,0,1.18465,2.32848,8.8787e+06,3.90788e+06,1.36141e+07,0,0,0,1.86544e+08
70.0595,94.3805,1.15577,0.05,0,3.51964,3.51964,0,0.603847,5.11056,4.2723e+06,2.92367e+06,1.5037e+07,0,0,0,0,69.6627,70.5495,2.1282,0,0,1.70518,1.70518,0,1.18466,2.32848,8.8787e+06,3.90788e+06,1.51398e+07,0,0,0,1.86544e+08
68.252,94.3805,1.09189,0.07,0,3.43748,3.51967,0,0.659581,5.11056,4.2723e+06,2.92367e+06,1.4686e+07,0,0,0,0,69.2868,70.5495,1.98845,0,0,1.66538,1.70519,0,1.31742,2.32848,8.8787e+06,3.90788e+06,1.47864e+07,0,0,0,1.86544e+08
66.899,94.3805,1.47221,0.08,0,3.35533,3.51969,0,0.644185,5.11056,4.2723e+06,2.92367e+06,1.4335e+07,0,0,0,0,69,70.5495,2.24191,0,0,1.62558,1.70521,0,1.28667,2.32848,8.8787e+06,3.90788e+06,1.4433e+07,0,0,0,1.86544e+08
66.102,94.3805,2.1383,0.07,0,3.43753,3.51972,0,0.628788,5.11056,4.2723e+06,2.92367e+06,1.46862e+07,0,0,0,0,68.8693,70.5495,2.63492,0,0,1.6654,1.70522,0,1.25592,2.32848,8.8787e+06,3.90788e+06,1.47866e+07,0,0,0,1.86544e+08
64.9034,94.3805,1.71391,0.07,0,3.43756,3.51974,0,0.644194,5.11056,4.2723e+06,2.92367e+06,1.46863e+07,0,0,0,0,68.6293,70.5495,2.23255,0,0,1.66541,1.70523,0,1.28669,2.32848,8.8787e+06,3.90788e+06,1.47867e+07,0,0,0,1.86544e+08
64.128,94.3805,1.86827,0.1,0,3.01399,3.41237,0,0.644198,5.11056,4.2723e+06,3.5084e+06,1.28767e+07,0,0,0,0,68.8275,70.5495,2.93531,0,0,1.43369,1.6232,0,1.2867,2.32848,8.8787e+06,4.68946e+06,1.27293e+07,0,0,0,1.86544e+08
63.2443,94.3805,1.72445,0.09,0,3.01401,3.4124,0,0.564822,5.11056,4.2723e+06,3.5084e+06,1.28768e+07,0,0,0,0,68.9006,70.5495,2.74684,0,0,1.4337,1.62321,0,1.10767,2.32848,8.8787e+06,4.68946e+06,1.27294e+07,0,0,0,1.86544e+08
62.6314,94.3805,2.02214,0.09,0,3.01403,3.41242,0,0.564826,5.11056,4.2723e+06,3.5084e+06,1.28768e+07,0,0,0,0,69.2301,70.5495,3.79456,0,0,1.43371,1.62322,0,1.10768,2.32848,8.8787e+06,4.68946e+06,1.27295e+07,0,0,0,1.86544e+08
62.2947,94.3805,2.40612,0.09,0,3.01406,3.41244,0,0.56483,5.11056,4.2723e+06,3.5084e+06,1.28769e+07,0,0,0,0,69.5217,70.5495,3.48303,0,0,1.43372,1.62323,0,1.10769,2.32848,8.8787e+06,4.68946e+06,1.27296e+07,0,0,0,1.86544e+08
62.2691,94.3805,2.65552,0.09,0,2.93622,3.32432,0,0.564834,5.11056,4.2723e+06,3.5084e+06,1.25444e+07,0,0,0,0,69.7364,70.5495,2.47421,0,0,1.36777,1.54856,0,1.1077,2.32848,8.8787e+06,4.68946e+06,1.2144e+07,0,0,0,1.86544e+08
64.5702,94.3805,5.27176,0.08,0,3.1691,3.32434,0,0.550247,5.11056,4.2723e+06,2.92367e+06,1.35393e+07,0,0,0,0,70.9526,70.5495,5.89012,0,0,1.47625,1.54857,0,1.05674,2.32848,8.8787e+06,3.90788e+06,1.31072e+07,0,0,0,1.86544e+08
64.9195,94.3805,3.28035,0.08,0,3.16912,3.32436,0,0.593889,5.11056,4.2723e+06,2.92367e+06,1.35394e+07,0,0,0,0,71.5777,70.5495,5.24971,0,0,1.47626,1.54858,0,1.14055,2.32848,8.8787e+06,3.90788e+06,1.31073e+07,0,0,0,1.86544e+08
67.5434,94.3805,5.75525,0.08,0,3.16914,3.32439,0,0.593893,5.11056,4.2723e+06,2.92367e+06,1.35395e+07,0,0,0,0,71.5777,70.5495,4.30874,0,0,1.47627,1.54859,0,1.14056,2.32848,8.8787e+06,3.90788e+06,1.31074e+07,0,0,0,1.86544e+08
71.0736,94.3805,6.49033,0.06,0,3.00227,3.07404,0,0.593897,5.11056,4.2723e+06,2.92367e+06,1.28266e+07,0,0,0,0,71.5777,70.5495,5.49132,0,0,1.36052,1.39305,0,1.14057,2.32848,8.8787e+06,3.90788e+06,1.20797e+07,0,0,0,1.86544e+08
72.2503,94.3805,4.12473,0.07,0,3.00229,3.07406,0,0.562625,5.11056,4.2723e+06,2.92367e+06,1.28267e+07,0,0,0,0,71.5777,70.5495,4.07382,0,0,1.36053,1.39306,0,1.05114,2.32848,8.8787e+06,3.90788e+06,1.20797e+07,0,0,0,1.86544e+08
75.5744,94.3805,6.34919,0.07,0,3.00231,3.07409,0,0.562629,5.11056,4.2723e+06,2.92367e+06,1.28268e+07,0,0,0,0,71.5777,70.5495,5.52201,0,0,1.36054,1.39307,0,1.05115,2.32848,8.8787e+06,3.90788e+06,1.20798e+07,0,0,0,1.86544e+08
80.2147,94.3805,7.87479,0.04,0,3.07411,3.07411,0,0.562633,5.11056,4.2723e+06,2.92367e+06,1.31335e+07,0,0,0,0,71.5777,70.5495,6.59777,0,0,1.39308,1.39308,0,1.05115,2.32848,8.8787e+06,3.90788e+06,1.23687e+07,0,0,0,1.86544e+08
84.7522,94.3805,7.9155,0.04,0,3.07413,3.07413,0,0.576088,5.11056,4.2723e+06,2.92367e+06,1.31336e+07,0,0,0,0,71.5777,70.5495,8.96399,0,0,1.39309,1.39309,0,1.07629,2.32848,8.8787e+06,3.90788e+06,1.23688e+07,0,0,0,1.86544e+08
86.8481,94.3805,5.62049,0.04,0,3.17045,3.17045,0,0.576092,5.11056,4.2723e+06,2.92367e+06,1.35451e+07,0,0,0,0,71.5777,70.5495,5.47257,0,0,1.43814,1.43814,0,1.0763,2.32848,8.8787e+06,3.90788e+06,1.27688e+07,0,0,0,1.86544e+08
87.8863,94.3805,4.53887,0.01,0,3.17045,3.17045,0,0.594142,5.11056,4.2723e+06,2.92367e+06,1.35451e+07,0,0,0,0,71.5777,70.5495,4.28562,0,0,1.43814,1.43814,0,1.11111,2.32848,8.8787e+06,3.90788e+06,1.27688e+07,0,0,0,1.86544e+08
91.7268,94.3805,7.53233,0.01,0,3.17046,3.17046,0,0.594143,5.11056,4.2723e+06,2.92367e+06,1.35451e+07,0,0,0,0,71.5777,70.5495,10.8331,0,0,1.43814,1.43814,0,1.11111,2.32848,8.8787e+06,3.90788e+06,1.27688e+07,0,0,0,1.86544e+08
94.3805,94.3805,7.87563,0.01,0,3.17046,3.17046,0,0.594143,5.11056,4.2723e+06,2.92367e+06,1.35451e+07,0,0,0,0,71.5777,70.5495,8.35843,0,0,1.43814,1.43814,0,1.11111,2.32848,8.8787e+06,3.90788e+06,1.27688e+07,0,0,0,1.86544e+08
94.3805,94.3805,5.51063,0,0,3.4797,3.4797,0,0.594144,5.11056,4.2723e+06,2.92367e+06,1.48663e+07,0,0,0,0,71.5777,70.5495,4.74495,0,0,1.60724,1.60724,0,1.11111,2.32848,8.8787e+06,3.90788e+06,1.42702e+07,0,0,0,1.86544e+08
94.3805,94.3805,5.07051,0,0,3.4797,3.4797,0,0.652096,5.11056,4.2723e+06,2.92367e+06,1.48663e+07,0,0,0,0,71.5777,70.5495,5.0202,0,0,1.60724,1.60724,0,1.24175,2.32848,8.8787e+06,3.90788e+06,1.42702e+07,0,0,0,1.86544e+08
94.3805,94.3805,5.71412,0,0,3.47971,3.47971,0,0.652097,5.11056,4.2723e+06,2.92367e+06,1.48663e+07,0,0,0,0,71.5777,70.5495,5.05094,0,0,1.60724,1.60724,0,1.24175,2.32848,8.8787e+06,3.90788e+06,1.42702e+07,0,0,0,1.86544e+08
94.3805,94.3805,5.68433,0,0,3.47971,3.47971,0,0.652097,5.11056,4.2723e+06,2.92367e+06,1.48664e+07,0,0,0,0,71.5777,70.5495,6.1659,0,0,1.60724,1.60724,0,1.24175,2.32848,8.8787e+06,3.90788e+06,1.42702e+07,0,0,0,1.86544e+08
94.3805,94.3805,5.85438,0,0,3.03864,3.03864,0,0.652098,5.11056,4.2723e+06,2.92367e+06,1.2982e+07,0,0,0,0,71.5777,70.5495,7.32299,0,0,1.38032,1.38032,0,1.24176,2.32848,8.8787e+06,3.90788e+06,1.22554e+07,0,0,0,1.86544e+08
94.3805,94.3805,6.36591,0,0,3.03864,3.03864,0,0.569441,5.11056,4.2723e+06,2.92367e+06,1.2982e+07,0,0,0,0,71.5777,70.5495,7.3496,0,0,1.38032,1.38032,0,1.06643,2.32848,8.8787e+06,3.90788e+06,1.22554e+07,0,0,0,1.86544e+08
94.3805,94.3805,7.47189,0,0,3.03864,3.03864,0,0.569441,5.11056,4.2723e+06,2.92367e+06,1.2982e+07,0,0,0,0,71.5777,70.5495,9.51257,0,0,1.38032,1.38032,0,1.06643,2.32848,8.8787e+06,3.90788e+06,1.22554e+07,0,0,0,1.86544e+08
94.3805,94.3805,6.1845,0,0,3.03865,3.03865,0,0.569442,5.11056,4.2723e+06,2.92367e+06,1.2982e+07,0,0,0,0,71.5777,70.5495,7.2595,0,0,1.38032,1.38032,0,1.06643,2.32848,8.8787e+06,3.90788e+06,1.22555e+07,0,0,0,1.86544e+08
94.3805,94.3805,5.19952,0,0,3.03865,3.03865,0,0.569442,5.11056,4.2723e+06,2.92367e+06,1.2982e+07,0,0,0,0,71.5777,70.5495,7.05966,0,0,1.38032,1.38032,0,1.06644,2.32848,8.8787e+06,3.90788e+06,1.22555e+07,0,0,0,1.86544e+08
94.3805,94.3805,3.91998,0,0,3.14968,3.14968,0,0.569443,5.11056,4.2723e+06,2.92367e+06,1.34564e+07,0,0,0,0,71.5777,70.5495,4.52393,0,0,1.43584,1.43584,0,1.06644,2.32848,8.8787e+06,3.90788e+06,1.27484e+07,0,0,0,1.86544e+08
94.3805,94.3805,3.52807,0,0,3.14968,3.14968,0,0.59025,5.11056,4.2723e+06,2.92367e+06,1.34564e+07,0,0,0,0,71.5777,70.5495,3.89954,0,0,1.43584,1.43584,0,1.10933,2.32848,8.8787e+06,3.90788e+06,1.27484e+07,0,0,0,1.86544e+08
94.3661,94.3805,3.38592,0,0,3.14968,3.14968,0,0.59025,5.11056,4.2723e+06,2.92367e+06,1.34564e+07,0,0,0,0,71.5777,70.5495,3.69318,0,0,1.43584,1.43584,0,1.10933,2.32848,8.8787e+06,3.90788e+06,1.27484e+07,0,0,0,1.86544e+08
94.3756,94.3805,3.39304,0,0,3.14969,3.14969,0,0.590251,5.11056,4.2723e+06,2.92367e+06,1.34564e+07,0,0,0,0,71.5777,70.5495,3.69913,0,0,1.43584,1.43584,0,1.10933,2.32848,8.8787e+06,3.90788e+06,1.27484e+07,0,0,0,1.86544e+08
93.9942,94.3805,2.96173,0,0,3.10628,3.10628,0,0.590251,5.11056,4.2723e+06,2.92367e+06,1.32709e+07,0,0,0,0,71.5777,70.5495,3.33005,0,0,1.41428,1.41428,0,1.10933,2.32848,8.8787e+06,3.90788e+06,1.2557e+07,0,0,0,1.86544e+08
93.3917,94.3805,2.66527,0,0,3.10628,3.10628,0,0.582117,5.11056,4.2723e+06,2.92367e+06,1.3271e+07,0,0,0,0,71.5777,70.5495,2.97226,0,0,1.41428,1.41428,0,1.09267,2.32848,8.8787e+06,3.90788e+06,1.2557e+07,0,0,0,1.86544e+08
92.7502,94.3805,2.57715,0,0,3.10629,3.10629,0,0.582117,5.11056,4.2723e+06,2.92367e+06,1.3271e+07,0,0,0,0,71.5777,70.5495,3.10292,0,0,1.41428,1.41428,0,1.09268,2.32848,8.8787e+06,3.90788e+06,1.2557e+07,0,0,0,1.86544e+08
92.0135,94.3805,2.46252,0,0,3.10629,3.10629,0,0.582118,5.11056,4.2723e+06,2.92367e+06,1.3271e+07,0,0,0,0,71.5777,70.5495,2.96084,0,0,1.41429,1.41429,0,1.09268,2.32848,8.8787e+06,3.90788e+06,1.2557e+07,0,0,0,1.86544e+08
91.3801,94.3805,2.61275,0,0,3.25364,3.25364,0,0.582118,5.11056,4.2723e+06,2.92367e+06,1.39005e+07,0,0,0,0,71.5777,70.5495,3.05626,0,0,1.49075,1.49075,0,1.09268,2.32848,8.8787e+06,3.90788e+06,1.32359e+07,0,0,0,1.86544e+08
90.6592,94.3805,2.50585,0,0,3.25365,3.25365,0,0.609733,5.11056,4.2723e+06,2.92367e+06,1.39005e+07,0,0,0,0,71.5777,70.5495,3.10145,0,0,1.49075,1.49075,0,1.15175,2.32848,8.8787e+06,3.90788e+06,1.32359e+07,0,0,0,1.86544e+08
89.8447,94.3805,2.39211,0.01,0,3.25365,3.25365,0,0.609733,5.11056,4.2723e+06,2.92367e+06,1.39006e+07,0,0,0,0,71.5777,70.5495,3.01673,0,0,1.49075,1.49075,0,1.15176,2.32848,8.8787e+06,3.90788e+06,1.3236e+07,0,0,0,1.86544e+08
88.8983,94.3805,2.23739,0.01,0,3.25365,3.25365,0,0.609734,5.11056,4.2723e+06,2.92367e+06,1.39006e+07,0,0,0,0,71.5777,70.5495,2.83868,0,0,1.49076,1.49076,0,1.15176,2.32848,8.8787e+06,3.90788e+06,1.3236e+07,0,0,0,1.86544e+08
87.9225,94.3805,2.12305,0.01,0,3.25366,3.25366,0,0.609735,5.11056,4.2723e+06,2.92367e+06,1.39006e+07,0,0,0,0,71.5777,70.5495,2.7094,0,0,1.49076,1.49076,0,1.15176,2.32848,8.8787e+06,3.90788e+06,1.3236e+07,0,0,0,1.86544e+08
86.8571,94.3805,2.0043,0.01,0,3.22452,3.22452,0,0.609735,5.11056,4.2723e+06,2.92367e+06,1.37761e+07,0,0,0,0,71.5777,70.5495,2.51484,0,0,1.53278,1.53278,0,1.15176,2.32848,8.8787e+06,3.90788e+06,1.36091e+07,0,0,0,1.86544e+08
85.6386,94.3805,1.83675,0.01,0,3.22452,3.22452,0,0.604275,5.11056,4.2723e+06,2.92367e+06,1.37761e+07,0,0,0,0,71.5777,70.5495,2.50698,0,0,1.53279,1.53279,0,1.18423,2.32848,8.8787e+06,3.90788e+06,1.36091e+07,0,0,0,1.86544e+08
84.2739,94.3805,1.66496,0.01,0,3.22452,3.22452,0,0.604275,5.11056,4.2723e+06,2.92367e+06,1.37761e+07,0,0,0,0,71.5448,70.5495,2.24035,0,0,1.53279,1.53279,0,1.18423,2.32848,8.8787e+06,3.90788e+06,1.36092e+07,0,0,0,1.86544e+08
82.8724,94.3805,1.57722,0.03,0,3.22453,3.22453,0,0.604276,5.11056,4.2723e+06,2.92367e+06,1.37761e+07,0,0,0,0,71.3978,70.5495,2.09542,0,0,1.53279,1.53279,0,1.18423,2.32848,8.8787e+06,3.90788e+06,1.36092e+07,0,0,0,1.86544e+08
81.6493,94.3805,1.80436,0.03,0,3.29978,3.29978,0,0.604276,5.11056,4.2723e+06,2.92367e+06,1.40977e+07,0,0,0,0,71.3315,70.5495,2.35629,0,0,1.57024,1.57024,0,1.18423,2.32848,8.8787e+06,3.90788e+06,1.39417e+07,0,0,0,1.86544e+08
80.3272,94.3805,1.6775,0.03,0,3.29979,3.29979,0,0.61838,5.11056,4.2723e+06,2.92367e+06,1.40977e+07,0,0,0,0,71.1713,70.5495,2.39057,0,0,1.57025,1.57025,0,1.21317,2.32848,8.8787e+06,3.90788e+06,1.39417e+07,0,0,0,1.86544e+08
78.9057,94.3805,1.54984,0.04,0,3.29979,3.29979,0,0.61838,5.11056,4.2723e+06,2.92367e+06,1.40977e+07,0,0,0,0,70.9669,70.5495,2.12924,0,0,1.57025,1.57025,0,1.21317,2.32848,8.8787e+06,3.90788e+06,1.39418e+07,0,0,0,1.86544e+08
77.5373,94.3805,1.59189,0.04,0,3.29979,3.29979,0,0.618381,5.11056,4.2723e+06,2.92367e+06,1.40977e+07,0,0,0,0,70.8236,70.5495,2.40884,0,0,1.57025,1.57025,0,1.21317,2.32848,8.8787e+06,3.90788e+06,1.39418e+07,0,0,0,1.86544e+08
75.9592,94.3805,1.4961,0.04,0,3.52018,3.52018,0,0.618381,5.11056,4.2723e+06,2.92367e+06,1.50392e+07,0,0,0,0,70.5014,70.5495,1.98923,0,0,1.70544,1.70544,0,1.21317,2.32848,8.8787e+06,3.90788e+06,1.51421e+07,0,0,0,1.86544e+08
74.4316,94.3805,1.51495,0.05,0,3.52018,3.52018,0,0.659681,5.11056,4.2723e+06,2.92367e+06,1.50393e+07,0,0,0,0,70.2638,70.5495,2.15245,0,0,1.70544,1.70544,0,1.31762,2.32848,8.8787e+06,3.90788e+06,1.51421e+07,0,0,0,1.86544e+08
73.0528,94.3805,1.54364,0.08,0,3.3558,3.52018,0,0.659682,5.11056,4.2723e+06,2.92367e+06,1.4337e+07,0,0,0,0,70.1078,70.5495,2.52574,0,0,1.6258,1.70545,0,1.31763,2.32848,8.8787e+06,3.90788e+06,1.4435e+07,0,0,0,1.86544e+08
71.6212,94.3805,1.45584,0.08,0,3.3558,3.52019,0,0.628876,5.11056,4.2723e+06,2.92367e+06,1.4337e+07,0,0,0,0,69.9118,70.5495,2.09707,0,0,1.62581,1.70545,0,1.2561,2.32848,8.8787e+06,3.90788e+06,1.4435e+07,0,0,0,1.86544e+08
70.8124,94.3805,2.17826,0.07,0,3.438,3.52019,0,0.628877,5.11056,4.2723e+06,2.92367e+06,1.46881e+07,0,0,0,0,69.9959,70.5495,2.54497,0,0,1.66563,1.70545,0,1.2561,2.32848,8.8787e+06,3.90788e+06,1.47886e+07,0,0,0,1.86544e+08
69.9264,94.3805,2.03229,0.07,0,3.3331,3.41279,0,0.64428,5.11056,4.2723e+06,2.92367e+06,1.424e+07,0,0,0,0,70.6367,70.5495,4.31391,0,0,1.58549,1.62339,0,1.28686,2.32848,8.8787e+06,3.90788e+06,1.40771e+07,0,0,0,1.86544e+08
68.7884,94.3805,1.73902,0.06,0,3.33311,3.41279,0,0.624623,5.11056,4.2723e+06,2.92367e+06,1.424e+07,0,0,0,0,70.6611,70.5495,2.41743,0,0,1.58549,1.62339,0,1.22495,2.32848,8.8787e+06,3.90788e+06,1.40771e+07,0,0,0,1.86544e+08
67.7214,94.3805,1.80456,0.07,0,3.33311,3.41279,0,0.624624,5.11056,4.2723e+06,2.92367e+06,1.424e+07,0,0,0,0,70.6722,70.5495,2.3413,0,0,1.58549,1.6234,0,1.22495,2.32848,8.8787e+06,3.90788e+06,1.40771e+07,0,0,0,1.86544e+08
68.0578,94.3805,3.46373,0.07,0,3.33311,3.4128,0,0.624625,5.11056,4.2723e+06,2.92367e+06,1.424e+07,0,0,0,0,71.2702,70.5495,3.51666,0,0,1.58549,1.6234,0,1.22495,2.32848,8.8787e+06,3.90788e+06,1.40771e+07,0,0,0,1.86544e+08
67.6482,94.3805,2.47922,0.07,0,3.24701,3.32464,0,0.624625,5.11056,4.2723e+06,2.92367e+06,1.38722e+07,0,0,0,0,71.152,70.5495,1.83615,0,0,1.51255,1.54871,0,1.22495,2.32848,8.8787e+06,3.90788e+06,1.34294e+07,0,0,0,1.86544e+08
67.5793,94.3805,2.93107,0.05,0,3.32464,3.32464,0,0.60849,5.11056,4.2723e+06,2.92367e+06,1.42039e+07,0,0,0,0,71.5159,70.5495,3.99224,0,0,1.54871,1.54871,0,1.16859,2.32848,8.8787e+06,3.90788e+06,1.37505e+07,0,0,0,1.86544e+08
72.0592,94.3805,7.73754,0.06,0,3.24702,3.32465,0,0.623038,5.11056,4.2723e+06,2.92367e+06,1.38722e+07,0,0,0,0,71.5777,70.5495,8.08288,0,0,1.51255,1.54871,0,1.19653,2.32848,8.8787e+06,3.90788e+06,1.34295e+07,0,0,0,1.86544e+08
73.42,94.3805,4.49995,0.06,0,3.24702,3.32465,0,0.608491,5.11056,4.2723e+06,2.92367e+06,1.38722e+07,0,0,0,0,71.5777,70.5495,4.13775,0,0,1.51255,1.54871,0,1.1686,2.32848,8.8787e+06,3.90788e+06,1.34295e+07,0,0,0,1.86544e+08
75.6462,94.3805,5.27766,0.07,0,3.00249,3.07427,0,0.608492,5.11056,4.2723e+06,2.92367e+06,1.28275e+07,0,0,0,0,71.5777,70.5495,6.23883,0,0,1.36062,1.39315,0,1.1686,2.32848,8.8787e+06,3.90788e+06,1.20805e+07,0,0,0,1.86544e+08
81.6724,94.3805,9.44087,0.03,0,3.07427,3.07427,0,0.562666,5.11056,4.2723e+06,2.92367e+06,1.31342e+07,0,0,0,0,71.5777,70.5495,8.77532,0,0,1.39315,1.39315,0,1.05122,2.32848,8.8787e+06,3.90788e+06,1.23694e+07,0,0,0,1.86544e+08
86.8157,94.3805,8.4675,0.03,0,3.07427,3.07427,0,0.576118,5.11056,4.2723e+06,2.92367e+06,1.31342e+07,0,0,0,0,71.5777,70.5495,7.44823,0,0,1.39315,1.39315,0,1.07635,2.32848,8.8787e+06,3.90788e+06,1.23694e+07,0,0,0,1.86544e+08
89.712,94.3805,6.28535,0,0,3.07428,3.07428,0,0.576119,5.11056,4.2723e+06,2.92367e+06,1.31342e+07,0,0,0,0,71.5777,70.5495,4.28117,0,0,1.39315,1.39315,0,1.07635,2.32848,8.8787e+06,3.90788e+06,1.23694e+07,0,0,0,1.86544e+08
92.781,94.3805,6.74347,0,0,3.07428,3.07428,0,0.576119,5.11056,4.2723e+06,2.92367e+06,1.31342e+07,0,0,0,0,71.5777,70.5495,5.38944,0,0,1.39315,1.39315,0,1.07635,2.32848,8.8787e+06,3.90788e+06,1.23694e+07,0,0,0,1.86544e+08
94.3805,94.3805,7.62748,0.01,0,3.17059,3.17059,0,0.57612,5.11056,4.2723e+06,2.92367e+06,1.35457e+07,0,0,0,0,71.5777,70.5495,5.68438,0,0,1.4382,1.4382,0,1.07635,2.32848,8.8787e+06,3.90788e+06,1.27693e+07,0,0,0,1.86544e+08
94.3805,94.3805,5.60675,0,0,3.17057,3.17057,0,0.594168,5.11056,4.2723e+06,2.92367e+06,1.35456e+07,0,0,0,0,71.5777,70.5495,5.63138,0,0,1.43819,1.43819,0,1.11115,2.32848,8.8787e+06,3.90788e+06,1.27693e+07,0,0,0,1.86544e+08
94.3805,94.3805,8.52822,0,0,3.17055,3.17055,0,0.594165,5.11056,4.2723e+06,2.92367e+06,1.35455e+07,0,0,0,0,71.5777,70.5495,6.4008,0,0,1.43819,1.43819,0,1.11115,2.32848,8.8787e+06,3.90788e+06,1.27692e+07,0,0,0,1.86544e+08
94.3805,94.3805,12.1332,0,0,3.17054,3.17054,0,0.594162,5.11056,4.2723e+06,2.92367e+06,1.35455e+07,0,0,0,0,71.5777,70.5495,8.2616,0,0,1.43818,1.43818,0,1.11114,2.32848,8.8787e+06,3.90788e+06,1.27692e+07,0,0,0,1.86544e+08
94.3805,94.3805,10.6561,0,0,3.47977,3.47977,0,0.594159,5.11056,4.2723e+06,2.92367e+06,1.48666e+07,0,0,0,0,71.5777,70.5495,9.56716,0,0,1.60727,1.60727,0,1.11114,2.32848,8.8787e+06,3.90788e+06,1.42705e+07,0,0,0,1.86544e+08
94.3805,94.3805,8.63969,0,0,3.47975,3.47975,0,0.652108,5.11056,4.2723e+06,2.92367e+06,1.48665e+07,0,0,0,0,71.5777,70.5495,7.46123,0,0,1.60726,1.60726,0,1.24178,2.32848,8.8787e+06,3.90788e+06,1.42704e+07,0,0,0,1.86544e+08
94.3805,94.3805,8.7656,0,0,3.47973,3.47973,0,0.652105,5.11056,4.2723e+06,2.92367e+06,1.48664e+07,0,0,0,0,71.5777,70.5495,7.65046,0,0,1.60725,1.60725,0,1.24177,2.32848,8.8787e+06,3.90788e+06,1.42703e+07,0,0,0,1.86544e+08
94.3805,94.3805,6.83546,0,0,3.47971,3.47971,0,0.652101,5.11056,4.2723e+06,2.92367e+06,1.48664e+07,0,0,0,0,71.5777,70.5495,5.10922,0,0,1.60724,1.60724,0,1.24176,2.32848,8.8787e+06,3.90788e+06,1.42702e+07,0,0,0,1.86544e+08
94.3805,94.3805,8.53671,0,0,3.03862,3.03862,0,0.652098,5.11056,4.2723e+06,2.92367e+06,1.29819e+07,0,0,0,0,71.5777,70.5495,8.48593,0,0,1.38031,1.38031,0,1.24176,2.32848,8.8787e+06,3.90788e+06,1.22553e+07,0,0,0,1.86544e+08
94.3805,94.3805,9.93693,0,0,3.03861,3.03861,0,0.569438,5.11056,4.2723e+06,2.92367e+06,1.29818e+07,0,0,0,0,71.5777,70.5495,9.34649,0,0,1.3803,1.3803,0,1.06643,2.32848,8.8787e+06,3.90788e+06,1.22553e+07,0,0,0,1.86544e+08
94.3805,94.3805,11.2568,0,0,3.03859,3.03859,0,0.569435,5.11056,4.2723e+06,2.92367e+06,1.29818e+07,0,0,0,0,71.5777,70.5495,9.66679,0,0,1.38029,1.38029,0,1.06642,2.32848,8.8787e+06,3.90788e+06,1.22552e+07,0,0,0,1.86544e+08
94.3805,94.3805,16.2695,0,0,3.03857,3.03857,0,0.569432,5.11056,4.2723e+06,2.92367e+06,1.29817e+07,0,0,0,0,71.5777,70.5495,11.5989,0,0,1.38029,1.38029,0,1.06642,2.32848,8.8787e+06,3.90788e+06,1.22552e+07,0,0,0,1.86544e+08
94.3805,94.3805,9.5047,0,0,3.03856,3.03856,0,0.569429,5.11056,4.2723e+06,2.92367e+06,1.29816e+07,0,0,0,0,71.5777,70.5495,8.67434,0,0,1.38028,1.38028,0,1.06641,2.32848,8.8787e+06,3.90788e+06,1.22551e+07,0,0,0,1.86544e+08
94.3805,94.3805,9.13207,0,0,3.14957,3.14957,0,0.569426,5.11056,4.2723e+06,2.92367e+06,1.34559e+07,0,0,0,0,71.5777,70.5495,14.781,0,0,1.43579,1.43579,0,1.0664,2.32848,8.8787e+06,3.90788e+06,1.27479e+07,0,0,0,1.86544e+08
94.3805,94.3805,7.88362,0,0,3.14955,3.14955,0,0.590229,5.11056,4.2723e+06,2.92367e+06,1.34558e+07,0,0,0,0,71.5777,70.5495,10.4002,0,0,1.43578,1.43578,0,1.10929,2.32848,8.8787e+06,3.90788e+06,1.27479e+07,0,0,0,1.86544e+08
94.3805,94.3805,6.16471,0,0,3.14953,3.14953,0,0.590226,5.11056,4.2723e+06,2.92367e+06,1.34557e+07,0,0,0,0,71.5777,70.5495,6.89348,0,0,1.43577,1.43577,0,1.10928,2.32848,8.8787e+06,3.90788e+06,1.27478e+07,0,0,0,1.86544e+08
94.3805,94.3805,5.59486,0,0,3.14952,3.14952,0,0.590223,5.11056,4.2723e+06,2.92367e+06,1.34557e+07,0,0,0,0,71.5777,70.5495,5.62278,0,0,1.43576,1.43576,0,1.10928,2.32848,8.8787e+06,3.90788e+06,1.27477e+07,0,0,0,1.86544e+08
94.3805,94.3805,4.62542,0,0,3.10609,3.10609,0,0.590219,5.11056,4.2723e+06,2.92367e+06,1.32701e+07,0,0,0,0,71.5777,70.5495,4.40005,0,0,1.4142,1.4142,0,1.10927,2.32848,8.8787e+06,3.90788e+06,1.25562e+07,0,0,0,1.86544e+08
94.3805,94.3805,4.12963,0,0,3.10608,3.10608,0,0.582082,5.11056,4.2723e+06,2.92367e+06,1.32701e+07,0,0,0,0,71.5777,70.5495,3.86709,0,0,1.41419,1.41419,0,1.09261,2.32848,8.8787e+06,3.90788e+06,1.25562e+07,0,0,0,1.86544e+08
94.3805,94.3805,3.82002,0,0,3.10606,3.10606,0,0.582079,5.11056,4.2723e+06,2.92367e+06,1.327e+07,0,0,0,0,71.5777,70.5495,3.63894,0,0,1.41418,1.41418,0,1.0926,2.32848,8.8787e+06,3.90788e+06,1.25561e+07,0,0,0,1.86544e+08
94.3805,94.3805,3.67154,0,0,3.10605,3.10605,0,0.582076,5.11056,4.2723e+06,2.92367e+06,1.32699e+07,0,0,0,0,71.5777,70.5495,4.0125,0,0,1.41418,1.41418,0,1.0926,2.32848,8.8787e+06,3.90788e+06,1.2556e+07,0,0,0,1.86544e+08
94.3805,94.3805,4.10055,0,0,3.25337,3.25337,0,0.582073,5.11056,4.2723e+06,2.92367e+06,1.38994e+07,0,0,0,0,71.5777,70.5495,3.5434,0,0,1.49063,1.49063,0,1.09259,2.32848,8.8787e+06,3.90788e+06,1.32348e+07,0,0,0,1.86544e+08
94.3805,94.3805,3.88152,0,0,3.25335,3.25335,0,0.609682,5.11056,4.2723e+06,2.92367e+06,1.38993e+07,0,0,0,0,71.5777,70.5495,3.19115,0,0,1.49062,1.49062,0,1.15166,2.32848,8.8787e+06,3.90788e+06,1.32348e+07,0,0,0,1.86544e+08
94.3805,94.3805,3.52356,0,0,3.25334,3.25334,0,0.609678,5.11056,4.2723e+06,2.92367e+06,1.38992e+07,0,0,0,0,71.5777,70.5495,3.07474,0,0,1.49061,1.49061,0,1.15165,2.32848,8.8787e+06,3.90788e+06,1.32347e+07,0,0,0,1.86544e+08
94.3805,94.3805,3.34087,0,0,3.25332,3.25332,0,0.609675,5.11056,4.2723e+06,2.92367e+06,1.38991e+07,0,0,0,0,71.5777,70.5495,2.89823,0,0,1.4906,1.4906,0,1.15165,2.32848,8.8787e+06,3.90788e+06,1.32346e+07,0,0,0,1.86544e+08
94.2046,94.3805,3.12146,0,0,3.2533,3.2533,0,0.609672,5.11056,4.2723e+06,2.92367e+06,1.38991e+07,0,0,0,0,71.5777,70.5495,2.5412,0,0,1.49059,1.49059,0,1.15164,2.32848,8.8787e+06,3.90788e+06,1.32345e+07,0,0,0,1.86544e+08
93.9721,94.3805,2.95411,0.01,0,3.22415,3.22415,0,0.609669,5.11056,4.2723e+06,2.92367e+06,1.37745e+07,0,0,0,0,71.5777,70.5495,2.42531,0,0,1.53261,1.53261,0,1.15163,2.32848,8.8787e+06,3.90788e+06,1.36076e+07,0,0,0,1.86544e+08
93.5352,94.3805,2.72494,0.01,0,3.22413,3.22413,0,0.604206,5.11056,4.2723e+06,2.92367e+06,1.37745e+07,0,0,0,0,71.5777,70.5495,2.37582,0,0,1.5326,1.5326,0,1.18409,2.32848,8.8787e+06,3.90788e+06,1.36075e+07,0,0,0,1.86544e+08
92.9403,94.3805,2.5494,0.01,0,3.22412,3.22412,0,0.604203,5.11056,4.2723e+06,2.92367e+06,1.37744e+07,0,0,0,0,71.5777,70.5495,2.44493,0,0,1.53259,1.53259,0,1.18409,2.32848,8.8787e+06,3.90788e+06,1.36074e+07,0,0,0,1.86544e+08
92.3429,94.3805,2.52417,0.01,0,3.2241,3.2241,0,0.604199,5.11056,4.2723e+06,2.92367e+06,1.37743e+07,0,0,0,0,71.564,70.5495,2.28763,0,0,1.53259,1.53259,0,1.18408,2.32848,8.8787e+06,3.90788e+06,1.36074e+07,0,0,0,1.86544e+08
91.8294,94.3805,2.6529,0.02,0,3.29933,3.29933,0,0.604196,5.11056,4.2723e+06,2.92367e+06,1.40957e+07,0,0,0,0,71.4511,70.5495,2.19268,0,0,1.57003,1.57003,0,1.18408,2.32848,8.8787e+06,3.90788e+06,1.39398e+07,0,0,0,1.86544e+08
91.0033,94.3805,2.32619,0.03,0,3.29931,3.29931,0,0.618294,5.11056,4.2723e+06,2.92367e+06,1.40956e+07,0,0,0,0,71.2851,70.5495,2.02899,0,0,1.57002,1.57002,0,1.213,2.32848,8.8787e+06,3.90788e+06,1.39397e+07,0,0,0,1.86544e+08
90.0173,94.3805,2.15077,0.03,0,3.29929,3.29929,0,0.618291,5.11056,4.2723e+06,2.92367e+06,1.40956e+07,0,0,0,0,71.1009,70.5495,1.94796,0,0,1.57001,1.57001,0,1.213,2.32848,8.8787e+06,3.90788e+06,1.39397e+07,0,0,0,1.86544e+08
88.7272,94.3805,1.80979,0.03,0,3.29928,3.29928,0,0.618288,5.11056,4.2723e+06,2.92367e+06,1.40955e+07,0,0,0,0,70.9304,70.5495,1.93295,0,0,1.57,1.57,0,1.21299,2.32848,8.8787e+06,3.90788e+06,1.39396e+07,0,0,0,1.86544e+08
87.2115,94.3805,1.73714,0.03,0,3.5196,3.5196,0,0.618284,5.11056,4.2723e+06,2.92367e+06,1.50368e+07,0,0,0,0,70.6771,70.5495,2.0171,0,0,1.70516,1.70516,0,1.21298,2.32848,8.8787e+06,3.90788e+06,1.51396e+07,0,0,0,1.86544e+08
85.541,94.3805,1.55174,0.03,0,3.51959,3.51959,0,0.659574,5.11056,4.2723e+06,2.92367e+06,1.50367e+07,0,0,0,0,70.378,70.5495,1.89789,0,0,1.70516,1.70516,0,1.31741,2.32848,8.8787e+06,3.90788e+06,1.51396e+07,0,0,0,1.86544e+08
84.0543,94.3805,1.72192,0.03,0,3.51957,3.51957,0,0.65957,5.11056,4.2723e+06,2.92367e+06,1.50366e+07,0,0,0,0,70.0941,70.5495,1.95279,0,0,1.70515,1.70515,0,1.3174,2.32848,8.8787e+06,3.90788e+06,1.51395e+07,0,0,0,1.86544e+08
83.4924,94.3805,2.72237,0.05,0,3.51955,3.51955,0,0.659567,5.11056,4.2723e+06,2.92367e+06,1.50366e+07,0,0,0,0,69.9502,70.5495,2.37107,0,0,1.70514,1.70514,0,1.3174,2.32848,8.8787e+06,3.90788e+06,1.51394e+07,0,0,0,1.86544e+08
83.2699,94.3805,3.03296,0.05,0,3.51953,3.51953,0,0.659564,5.11056,4.2723e+06,2.92367e+06,1.50365e+07,0,0,0,0,69.7082,70.5495,2.05993,0,0,1.70513,1.70513,0,1.31739,2.32848,8.8787e+06,3.90788e+06,1.51393e+07,0,0,0,1.86544e+08
82.1601,94.3805,2.07638,0.05,0,3.41213,3.41213,0,0.65956,5.11056,4.2723e+06,2.92367e+06,1.45776e+07,0,0,0,0,69.4068,70.5495,1.68989,0,0,1.62308,1.62308,0,1.31738,2.32848,8.8787e+06,3.90788e+06,1.44108e+07,0,0,0,1.86544e+08
81.0576,94.3805,2.05652,0.06,0,3.33244,3.41211,0,0.639433,5.11056,4.2723e+06,2.92367e+06,1.42372e+07,0,0,0,0,69.3292,70.5495,2.24078,0,0,1.58517,1.62307,0,1.25399,2.32848,8.8787e+06,3.90788e+06,1.40743e+07,0,0,0,1.86544e+08
79.9606,94.3805,2.12155,0.05,0,3.41209,3.41209,0,0.6245,5.11056,4.2723e+06,2.92367e+06,1.45775e+07,0,0,0,0,69.4113,70.5495,2.87783,0,0,1.62306,1.62306,0,1.22471,2.32848,8.8787e+06,3.90788e+06,1.44107e+07,0,0,0,1.86544e+08
78.6922,94.3805,1.90299,0.05,0,3.41208,3.41208,0,0.639426,5.11056,4.2723e+06,2.92367e+06,1.45774e+07,0,0,0,0,68.9359,70.5495,2.1154,0,0,1.62305,1.62305,0,1.25398,2.32848,8.8787e+06,3.90788e+06,1.44106e+07,0,0,0,1.86544e+08
77.4583,94.3805,1.87551,0.05,0,3.32392,3.32392,0,0.639423,5.11056,4.2723e+06,2.92367e+06,1.42008e+07,0,0,0,0,68.5309,70.5495,1.33073,0,0,1.54837,1.54837,0,1.25397,2.32848,8.8787e+06,3.90788e+06,1.37475e+07,0,0,0,1.86544e+08
75.9813,94.3805,1.60977,0.04,0,3.3239,3.3239,0,0.622902,5.11056,4.2723e+06,2.92367e+06,1.42007e+07,0,0,0,0,68.2755,70.5495,1.58675,0,0,1.54836,1.54836,0,1.19627,2.32848,8.8787e+06,3.90788e+06,1.37474e+07,0,0,0,1.86544e+08
77.5922,94.3805,4.92598,0.04,0,3.32388,3.32388,0,0.622899,5.11056,4.2723e+06,2.92367e+06,1.42006e+07,0,0,0,0,68.8762,70.5495,5.01171,0,0,1.54835,1.54835,0,1.19626,2.32848,8.8787e+06,3.90788e+06,1.37474e+07,0,0,0,1.86544e+08
78.3375,94.3805,4.03054,0.04,0,3.32387,3.32387,0,0.622896,5.11056,4.2723e+06,2.92367e+06,1.42005e+07,0,0,0,0,69.3115,70.5495,2.77557,0,0,1.54835,1.54835,0,1.19626,2.32848,8.8787e+06,3.90788e+06,1.37473e+07,0,0,0,1.86544e+08
80.815,94.3805,5.80258,0.04,0,3.07353,3.07353,0,0.622893,5.11056,4.2723e+06,2.92367e+06,1.3131e+07,0,0,0,0,71.1165,70.5495,6.62134,0,0,1.39281,1.39281,0,1.19625,2.32848,8.8787e+06,3.90788e+06,1.23664e+07,0,0,0,1.86544e+08
82.154,94.3805,4.72323,0.03,0,3.07351,3.07351,0,0.575979,5.11056,4.2723e+06,2.92367e+06,1.31309e+07,0,0,0,0,71.5777,70.5495,6.40434,0,0,1.39281,1.39281,0,1.07609,2.32848,8.8787e+06,3.90788e+06,1.23663e+07,0,0,0,1.86544e+08
84.3171,94.3805,5.88154,0.03,0,3.07349,3.07349,0,0.575976,5.11056,4.2723e+06,2.92367e+06,1.31309e+07,0,0,0,0,71.5777,70.5495,8.34177,0,0,1.3928,1.3928,0,1.07608,2.32848,8.8787e+06,3.90788e+06,1.23662e+07,0,0,0,1.86544e+08
85.4028,94.3805,4.55001,0.04,0,3.07348,3.07348,0,0.575973,5.11056,4.2723e+06,2.92367e+06,1.31308e+07,0,0,0,0,71.5777,70.5495,3.49662,0,0,1.39279,1.39279,0,1.07608,2.32848,8.8787e+06,3.90788e+06,1.23662e+07,0,0,0,1.86544e+08
86.8172,94.3805,4.8895,0,0,3.07346,3.07346,0,0.57597,5.11056,4.2723e+06,2.92367e+06,1.31307e+07,0,0,0,0,71.5777,70.5495,3.64116,0,0,1.39278,1.39278,0,1.07607,2.32848,8.8787e+06,3.90788e+06,1.23661e+07,0,0,0,1.86544e+08
87.978,94.3805,4.57156,0.01,0,3.16972,3.16972,0,0.575967,5.11056,4.2723e+06,2.92367e+06,1.3542e+07,0,0,0,0,71.5777,70.5495,3.52849,0,0,1.43781,1.43781,0,1.07607,2.32848,8.8787e+06,3.90788e+06,1.27659e+07,0,0,0,1.86544e+08
88.6309,94.3805,4.03726,0.01,0,3.16969,3.16969,0,0.594006,5.11056,4.2723e+06,2.92367e+06,1.35418e+07,0,0,0,0,71.5777,70.5495,3.15371,0,0,1.43779,1.43779,0,1.11085,2.32848,8.8787e+06,3.90788e+06,1.27657e+07,0,0,0,1.86544e+08
89.9216,94.3805,4.75769,0.01,0,3.16965,3.16965,0,0.594,5.11056,4.2723e+06,2.92367e+06,1.35417e+07,0,0,0,0,71.5777,70.5495,3.80487,0,0,1.43778,1.43778,0,1.11084,2.32848,8.8787e+06,3.90788e+06,1.27656e+07,0,0,0,1.86544e+08
91.4733,94.3805,4.96993,0.01,0,3.16962,3.16962,0,0.593993,5.11056,4.2723e+06,2.92367e+06,1.35415e+07,0,0,0,0,71.5777,70.5495,3.45685,0,0,1.43776,1.43776,0,1.11083,2.32848,8.8787e+06,3.90788e+06,1.27655e+07,0,0,0,1.86544e+08
93.0981,94.3805,5.37189,0.01,0,3.47874,3.47874,0,0.593986,5.11056,4.2723e+06,2.92367e+06,1.48622e+07,0,0,0,0,71.54,70.5495,3.37108,0,0,1.60679,1.60679,0,1.11081,2.32848,8.8787e+06,3.90788e+06,1.42662e+07,0,0,0,1.86544e+08
93.3087,94.3805,3.88314,0.01,0,3.4787,3.4787,0,0.651915,5.11056,4.2723e+06,2.92367e+06,1.4862e+07,0,0,0,0,71.4305,70.5495,2.15765,0,0,1.60678,1.60678,0,1.24141,2.32848,8.8787e+06,3.90788e+06,1.42661e+07,0,0,0,1.86544e+08
93.4066,94.3805,3.78488,0.01,0,3.47866,3.47866,0,0.651908,5.11056,4.2723e+06,2.92367e+06,1.48619e+07,0,0,0,0,71.2192,70.5495,2.59142,0,0,1.60676,1.60676,0,1.24139,2.32848,8.8787e+06,3.90788e+06,1.42659e+07,0,0,0,1.86544e+08
93.9704,94.3805,4.26176,0.01,0,3.47862,3.47862,0,0.651901,5.11056,4.2723e+06,2.92367e+06,1.48617e+07,0,0,0,0,71.57,70.5495,2.6,0,0,1.60674,1.60674,0,1.24138,2.32848,8.8787e+06,3.90788e+06,1.42658e+07,0,0,0,1.86544e+08
93.8374,94.3805,3.25379,0.01,0,3.03765,3.03765,0,0.651894,5.11056,4.2723e+06,2.92367e+06,1.29777e+07,0,0,0,0,71.3669,70.5495,2.51983,0,0,1.37987,1.37987,0,1.24137,2.32848,8.8787e+06,3.90788e+06,1.22514e+07,0,0,0,1.86544e+08
93.6378,94.3805,3.15402,0.01,0,3.03762,3.03762,0,0.569256,5.11056,4.2723e+06,2.92367e+06,1.29776e+07,0,0,0,0,71.4669,70.5495,2.17949,0,0,1.37985,1.37985,0,1.06609,2.32848,8.8787e+06,3.90788e+06,1.22513e+07,0,0,0,1.86544e+08
93.8908,94.3805,3.63483,0.01,0,3.03758,3.03758,0,0.569249,5.11056,4.2723e+06,2.92367e+06,1.29775e+07,0,0,0,0,71.5665,70.5495,2.38817,0,0,1.37984,1.37984,0,1.06607,2.32848,8.8787e+06,3.90788e+06,1.22512e+07,0,0,0,1.86544e+08
93.7895,94.3805,3.22193,0.01,0,3.03755,3.03755,0,0.569243,5.11056,4.2723e+06,2.92367e+06,1.29773e+07,0,0,0,0,71.5777,70.5495,2.36612,0,0,1.37982,1.37982,0,1.06606,2.32848,8.8787e+06,3.90788e+06,1.2251e+07,0,0,0,1.86544e+08
94.3805,94.3805,5.08741,0,0,3.03751,3.03751,0,0.569237,5.11056,4.2723e+06,2.92367e+06,1.29772e+07,0,0,0,0,71.5777,70.5495,2.66992,0,0,1.37981,1.37981,0,1.06605,2.32848,8.8787e+06,3.90788e+06,1.22509e+07,0,0,0,1.86544e+08
94.3242,94.3805,3.36459,0,0,3.14846,3.14846,0,0.56923,5.11056,4.2723e+06,2.92367e+06,1.34512e+07,0,0,0,0,71.4175,70.5495,2.42288,0,0,1.43528,1.43528,0,1.06604,2.32848,8.8787e+06,3.90788e+06,1.27435e+07,0,0,0,1.86544e+08
93.9959,94.3805,3.03878,0,0,3.14843,3.14843,0,0.590022,5.11056,4.2723e+06,2.92367e+06,1.3451e+07,0,0,0,0,71.405,70.5495,2.06625,0,0,1.43527,1.43527,0,1.1089,2.32848,8.8787e+06,3.90788e+06,1.27433e+07,0,0,0,1.86544e+08
94.3805,94.3805,4.74864,0,0,3.14839,3.14839,0,0.590016,5.11056,4.2723e+06,2.92367e+06,1.34509e+07,0,0,0,0,71.5777,70.5495,3.62591,0,0,1.43525,1.43525,0,1.10889,2.32848,8.8787e+06,3.90788e+06,1.27432e+07,0,0,0,1.86544e+08
94.3805,94.3805,3.58441,0,0,3.14836,3.14836,0,0.590009,5.11056,4.2723e+06,2.92367e+06,1.34507e+07,0,0,0,0,71.5777,70.5495,2.71105,0,0,1.43524,1.43524,0,1.10888,2.32848,8.8787e+06,3.90788e+06,1.2743e+07,0,0,0,1.86544e+08
94.1976,94.3805,3.0215,0,0,3.10493,3.10493,0,0.590002,5.11056,4.2723e+06,2.92367e+06,1.32652e+07,0,0,0,0,71.4245,70.5495,2.52633,0,0,1.41367,1.41367,0,1.10886,2.32848,8.8787e+06,3.90788e+06,1.25515e+07,0,0,0,1.86544e+08
93.5086,94.3805,2.45756,0,0,3.1049,3.1049,0,0.581864,5.11056,4.2723e+06,2.92367e+06,1.3265e+07,0,0,0,0,71.1331,70.5495,2.09906,0,0,1.41365,1.41365,0,1.0922,2.32848,8.8787e+06,3.90788e+06,1.25514e+07,0,0,0,1.86544e+08
92.5726,94.3805,2.11522,0,0,3.10486,3.10486,0,0.581858,5.11056,4.2723e+06,2.92367e+06,1.32649e+07,0,0,0,0,70.8166,70.5495,1.8268,0,0,1.41364,1.41364,0,1.09219,2.32848,8.8787e+06,3.90788e+06,1.25513e+07,0,0,0,1.86544e+08
91.4557,94.3805,1.88397,0,0,3.10483,3.10483,0,0.581851,5.11056,4.2723e+06,2.92367e+06,1.32647e+07,0,0,0,0,70.4878,70.5495,1.66348,0,0,1.41362,1.41362,0,1.09218,2.32848,8.8787e+06,3.90788e+06,1.25511e+07,0,0,0,1.86544e+08
90.2225,94.3805,1.89268,0,0,3.25208,3.25208,0,0.581845,5.11056,4.2723e+06,2.92367e+06,1.38938e+07,0,0,0,0,69.987,70.5495,1.68763,0,0,1.49003,1.49003,0,1.09216,2.32848,8.8787e+06,3.90788e+06,1.32296e+07,0,0,0,1.86544e+08
88.9857,94.3805,1.87057,0,0,3.25204,3.25204,0,0.609439,5.11056,4.2723e+06,2.92367e+06,1.38937e+07,0,0,0,0,69.3944,70.5495,1.55145,0,0,1.49002,1.49002,0,1.1512,2.32848,8.8787e+06,3.90788e+06,1.32294e+07,0,0,0,1.86544e+08
87.5643,94.3805,1.64635,0,0,3.252,3.252,0,0.609432,5.11056,4.2723e+06,2.92367e+06,1.38935e+07,0,0,0,0,68.8264,70.5495,1.44802,0,0,1.49,1.49,0,1.15119,2.32848,8.8787e+06,3.90788e+06,1.32293e+07,0,0,0,1.86544e+08
86.1106,94.3805,1.55516,0.01,0,3.25197,3.25197,0,0.609426,5.11056,4.2723e+06,2.92367e+06,1.38934e+07,0,0,0,0,68.2841,70.5495,1.38287,0,0,1.48998,1.48998,0,1.15117,2.32848,8.8787e+06,3.90788e+06,1.32291e+07,0,0,0,1.86544e+08
84.786,94.3805,1.67111,0.01,0,3.25193,3.25193,0,0.609419,5.11056,4.2723e+06,2.92367e+06,1.38932e+07,0,0,0,0,67.7866,70.5495,1.48715,0,0,1.48997,1.48997,0,1.15116,2.32848,8.8787e+06,3.90788e+06,1.3229e+07,0,0,0,1.86544e+08
83.5916,94.3805,1.76741,0.02,0,3.22277,3.22277,0,0.609412,5.11056,4.2723e+06,2.92367e+06,1.37686e+07,0,0,0,0,67.2647,70.5495,1.52621,0,0,1.53195,1.53195,0,1.15115,2.32848,8.8787e+06,3.90788e+06,1.36018e+07,0,0,0,1.86544e+08
82.2783,94.3805,1.63471,0.02,0,3.22273,3.22273,0,0.603947,5.11056,4.2723e+06,2.92367e+06,1.37685e+07,0,0,0,0,66.6362,70.5495,1.51354,0,0,1.53194,1.53194,0,1.18359,2.32848,8.8787e+06,3.90788e+06,1.36016e+07,0,0,0,1.86544e+08
80.8455,94.3805,1.4941,0.03,0,3.2227,3.2227,0,0.60394,5.11056,4.2723e+06,2.92367e+06,1.37683e+07,0,0,0,0,65.955,70.5495,1.34631,0,0,1.53192,1.53192,0,1.18357,2.32848,8.8787e+06,3.90788e+06,1.36015e+07,0,0,0,1.86544e+08
79.3082,94.3805,1.34666,0.03,0,3.22266,3.22266,0,0.603934,5.11056,4.2723e+06,2.92367e+06,1.37682e+07,0,0,0,0,65.1477,70.5495,1.26852,0,0,1.5319,1.5319,0,1.18356,2.32848,8.8787e+06,3.90788e+06,1.36013e+07,0,0,0,1.86544e+08
77.7338,94.3805,1.3422,0.03,0,3.29784,3.29784,0,0.603927,5.11056,4.2723e+06,2.92367e+06,1.40893e+07,0,0,0,0,64.3605,70.5495,1.19735,0,0,1.56932,1.56932,0,1.18355,2.32848,8.8787e+06,3.90788e+06,1.39335e+07,0,0,0,1.86544e+08
76.0815,94.3805,1.22883,0.03,0,3.2978,3.2978,0,0.618015,5.11056,4.2723e+06,2.92367e+06,1.40892e+07,0,0,0,0,63.3916,70.5495,1.18177,0,0,1.5693,1.5693,0,1.21245,2.32848,8.8787e+06,3.90788e+06,1.39333e+07,0,0,0,1.86544e+08
74.3553,94.3805,1.12641,0.04,0,3.29776,3.29776,0,0.618008,5.11056,4.2723e+06,2.92367e+06,1.4089e+07,0,0,0,0,62.5914,70.5495,1.03517,0,0,1.56928,1.56928,0,1.21244,2.32848,8.8787e+06,3.90788e+06,1.39332e+07,0,0,0,1.86544e+08
72.7732,94.3805,1.19256,0.07,0,3.22073,3.29773,0,0.618001,5.11056,4.2723e+06,2.92367e+06,1.37599e+07,0,0,0,0,61.7574,70.5495,1.22928,0,0,1.53262,1.56926,0,1.21243,2.32848,8.8787e+06,3.90788e+06,1.36077e+07,0,0,0,1.86544e+08
70.842,94.3805,1.02577,0.05,0,3.51793,3.51793,0,0.603564,5.11056,4.2723e+06,2.92367e+06,1.50296e+07,0,0,0,0,60.6911,70.5495,1.07688,0,0,1.70435,1.70435,0,1.18411,2.32848,8.8787e+06,3.90788e+06,1.51324e+07,0,0,0,1.86544e+08
68.8218,94.3805,0.837875,0.07,0,3.43575,3.51789,0,0.65926,5.11056,4.2723e+06,2.92367e+06,1.46785e+07,0,0,0,0,59.6396,70.5495,0.946572,0,0,1.66454,1.70433,0,1.31678,2.32848,8.8787e+06,3.90788e+06,1.47789e+07,0,0,0,1.86544e+08
66.9806,94.3805,0.93058,0.08,0,3.35357,3.51785,0,0.643859,5.11056,4.2723e+06,2.92367e+06,1.43275e+07,0,0,0,0,58.8023,70.5495,0.973805,0,0,1.62473,1.70432,0,1.28602,2.32848,8.8787e+06,3.90788e+06,1.44255e+07,0,0,0,1.86544e+08
65.6074,94.3805,1.4755,0.07,0,3.43567,3.51781,0,0.62846,5.11056,4.2723e+06,2.92367e+06,1.46782e+07,0,0,0,0,58.0112,70.5495,1.18248,0,0,1.6645,1.7043,0,1.25526,2.32848,8.8787e+06,3.90788e+06,1.47786e+07,0,0,0,1.86544e+08
65.2067,94.3805,2.23092,0.1,0,3.10709,3.51777,0,0.643845,5.11056,4.2723e+06,3.5084e+06,1.32744e+07,0,0,0,0,57.4522,70.5495,1.30358,0,0,1.50531,1.70428,0,1.28599,2.32848,8.8787e+06,4.68946e+06,1.33652e+07,0,0,0,1.86544e+08
64.3501,94.3805,1.71474,0.09,0,3.01225,3.4104,0,0.582268,5.11056,4.2723e+06,3.5084e+06,1.28692e+07,0,0,0,0,57.3108,70.5495,1.23192,0,0,1.43287,1.62226,0,1.163,2.32848,8.8787e+06,4.68946e+06,1.2722e+07,0,0,0,1.86544e+08
63.7948,94.3805,2.0399,0.09,0,3.01222,3.41037,0,0.564496,5.11056,4.2723e+06,3.5084e+06,1.28691e+07,0,0,0,0,57.3429,70.5495,1.93194,0,0,1.43285,1.62224,0,1.10703,2.32848,8.8787e+06,4.68946e+06,1.27219e+07,0,0,0,1.86544e+08
63.1983,94.3805,1.97615,0.09,0,3.01219,3.41033,0,0.56449,5.11056,4.2723e+06,3.5084e+06,1.28689e+07,0,0,0,0,57.2949,70.5495,1.78107,0,0,1.43283,1.62222,0,1.10702,2.32848,8.8787e+06,4.68946e+06,1.27217e+07,0,0,0,1.86544e+08
62.5904,94.3805,1.96334,0.09,0,3.01215,3.41029,0,0.564484,5.11056,4.2723e+06,3.5084e+06,1.28688e+07,0,0,0,0,57.3053,70.5495,2.23846,0,0,1.43282,1.6222,0,1.10701,2.32848,8.8787e+06,4.68946e+06,1.27216e+07,0,0,0,1.86544e+08
61.9552,94.3805,2.09665,0.08,0,3.16702,3.32216,0,0.564477,5.11056,4.2723e+06,2.92367e+06,1.35304e+07,0,0,0,0,57.3796,70.5495,1.83502,0,0,1.47528,1.54755,0,1.107,2.32848,8.8787e+06,3.90788e+06,1.30986e+07,0,0,0,1.86544e+08
63.1418,94.3805,4.01786,0.08,0,3.16698,3.32212,0,0.593499,5.11056,4.2723e+06,2.92367e+06,1.35303e+07,0,0,0,0,57.9129,70.5495,2.7605,0,0,1.47527,1.54753,0,1.1398,2.32848,8.8787e+06,3.90788e+06,1.30984e+07,0,0,0,1.86544e+08
63.6091,94.3805,3.29288,0.08,0,3.16695,3.32208,0,0.593492,5.11056,4.2723e+06,2.92367e+06,1.35301e+07,0,0,0,0,58.6784,70.5495,3.91607,0,0,1.47525,1.54752,0,1.13979,2.32848,8.8787e+06,3.90788e+06,1.30983e+07,0,0,0,1.86544e+08
