0cont_fund,0ins_pout,0ins_price,0infra_npv,0debt_serv,0gross_rev,0cont_contrib,0drought_cost,0water_price
0,0,0,0,0.000745969,2.38011e+07,0,0,1.34504e+07
0,0,0,0,0,2.38116e+07,0,0,1.34504e+07
0,0,0,0,0,2.38221e+07,0,0,1.34504e+07
0,0,0,0,0,2.38326e+07,0,0,1.34504e+07
0,0,0,0,0,2.64299e+07,0,0,1.34504e+07
0,0,0,0,0,2.64415e+07,0,0,1.34504e+07
0,0,0,0,0,2.64531e+07,0,0,1.34504e+07
0,0,0,0,0,2.64648e+07,0,0,1.34504e+07
0,0,0,0,0,2.29097e+07,0,0,1.34504e+07
0,0,0,0,0,2.29198e+07,0,0,1.34504e+07
0,0,0,0,0,2.29299e+07,0,0,1.34504e+07
0,0,0,0,0,2.294e+07,0,0,1.34504e+07
0,0,0,0,0,2.29501e+07,0,0,1.34504e+07
0,0,0,0,0,2.38453e+07,0,0,1.34504e+07
0,0,0,0,0,2.38558e+07,0,0,1.34504e+07
0,0,0,0,0,2.38663e+07,0,0,1.34504e+07
0,0,0,0,0,2.38767e+07,0,0,1.34504e+07
0,0,0,0,0,2.35419e+07,0,0,1.34504e+07
0,0,0,0,0,2.35522e+07,0,0,1.34504e+07
0,0,0,0,0,2.35625e+07,0,0,1.34504e+07
0,0,0,0,0,2.35729e+07,0,0,1.34504e+07
0,0,0,0,0,2.47875e+07,0,0,1.34504e+07
0,0,0,0,0,2.47984e+07,0,0,1.34504e+07
0,0,0,0,0,2.48093e+07,0,0,1.34504e+07
0,0,0,0,0,2.48202e+07,0,0,1.34504e+07
0,0,0,0,0,2.4831e+07,0,0,1.34504e+07
0,0,0,0,0,2.51261e+07,0,0,1.34504e+07
0,0,0,0,0,2.51371e+07,0,0,1.34504e+07
0,0,0,0,0,2.51482e+07,0,0,1.34504e+07
0,0,0,0,0,2.51592e+07,0,0,1.34504e+07
0,0,0,0,0,2.5773e+07,0,0,1.34504e+07
0,0,0,0,0,2.57843e+07,0,0,1.34504e+07
0,0,0,0,0,2.57956e+07,0,0,1.34504e+07
0,0,0,0,0,2.58069e+07,0,0,1.34504e+07
0,0,0,0,0,2.78209e+07,0,0,1.34504e+07
0,0,0,0,0,2.78331e+07,0,0,1.34504e+07
0,0,0,0,0,2.78453e+07,0,0,1.34504e+07
0,0,0,0,0,2.78575e+07,0,0,1.34504e+07
0,0,0,0,0,2.78697e+07,0,0,1.34504e+07
0,0,0,0,0,2.67549e+07,0,0,1.34504e+07
0,0,0,0,0,2.70929e+07,-209738,209738,1.34504e+07
0,0,0,0,0,2.71012e+07,-207559,207559,1.34504e+07
0,0,0,0,0,2.71095e+07,-205380,205380,1.34504e+07
0,0,0,0,0,2.61236e+07,-203200,203200,1.34504e+07
0,0,0,0,0,2.64886e+07,-430613,430613,1.34504e+07
0,0,0,0,0,2.64967e+07,-428533,428533,1.34504e+07
0,0,0,0,0,2.65047e+07,-426452,426452,1.34504e+07
0,0,0,0,0,2.42063e+07,-424370,424370,1.34504e+07
0,0,0,0,0,2.49586e+07,-901299,901299,1.34504e+07
0,0,0,0,0,2.4966e+07,-899426,899426,1.34504e+07
0,0,0,0,0,2.49734e+07,-897552,897552,1.34504e+07
0,0,0,0,0,2.35872e+07,0,0,1.34504e+07
0,0,0,5.96947e+07,0.000745969,2.43495e+07,0,0,1.34504e+07
0,0,0,5.96947e+07,0,2.43598e+07,0,0,1.34504e+07
0,0,0,5.96947e+07,0,2.43701e+07,0,0,1.34504e+07
0,0,0,5.96947e+07,0,2.43804e+07,0,0,1.34504e+07
0,0,0,5.96947e+07,0,2.70369e+07,0,0,1.34504e+07
0,0,0,5.96947e+07,0,2.70484e+07,0,0,1.34504e+07
0,0,0,5.96947e+07,0,2.70598e+07,0,0,1.34504e+07
0,0,0,5.96947e+07,0,2.70712e+07,0,0,1.34504e+07
0,0,0,5.96947e+07,0,2.34343e+07,0,0,1.34504e+07
0,0,0,5.96947e+07,0,2.34442e+07,0,0,1.34504e+07
0,0,0,5.96947e+07,0,2.34541e+07,0,0,1.34504e+07
0,0,0,5.96947e+07,0,2.3464e+07,0,0,1.34504e+07
0,0,0,5.96947e+07,0,2.34739e+07,0,0,1.34504e+07
0,0,0,5.96947e+07,0,2.43891e+07,0,0,1.34504e+07
0,0,0,5.96947e+07,0,2.43994e+07,0,0,1.34504e+07
0,0,0,5.96947e+07,0,2.44097e+07,0,0,1.34504e+07
0,0,0,5.96947e+07,0,2.442e+07,0,0,1.34504e+07
0,0,0,5.96947e+07,0,2.40771e+07,0,0,1.34504e+07
0,0,0,5.96947e+07,0,2.40872e+07,0,0,1.34504e+07
0,0,0,5.96947e+07,0,2.40974e+07,0,0,1.34504e+07
0,0,0,5.96947e+07,0,2.41075e+07,0,0,1.34504e+07
0,0,0,5.96947e+07,0,2.53493e+07,0,0,1.34504e+07
0,0,0,5.96947e+07,0,2.536e+07,0,0,1.34504e+07
0,0,0,5.96947e+07,0,2.53707e+07,0,0,1.34504e+07
0,0,0,5.96947e+07,0,2.53813e+07,0,0,1.34504e+07
0,0,0,5.96947e+07,0,2.5392e+07,0,0,1.34504e+07
0,0,0,5.96947e+07,0,2.56933e+07,0,0,1.34504e+07
0,0,0,5.96947e+07,0,2.57041e+07,0,0,1.34504e+07
0,0,0,5.96947e+07,0,2.5715e+07,0,0,1.34504e+07
0,0,0,5.96947e+07,0,2.57258e+07,0,0,1.34504e+07
0,0,0,5.96947e+07,0,2.6353e+07,0,0,1.34504e+07
0,0,0,5.96947e+07,0,2.63641e+07,0,0,1.34504e+07
0,0,0,5.96947e+07,0,2.63752e+07,0,0,1.34504e+07
0,0,0,5.96947e+07,0,2.63863e+07,0,0,1.34504e+07
0,0,0,5.96947e+07,0,2.8445e+07,0,0,1.34504e+07
0,0,0,5.96947e+07,0,2.84569e+07,0,0,1.34504e+07
0,0,0,5.96947e+07,0,2.84689e+07,0,0,1.34504e+07
0,0,0,5.96947e+07,0,2.84809e+07,0,0,1.34504e+07
0,0,0,5.96947e+07,0,2.84928e+07,0,0,1.34504e+07
0,0,0,5.96947e+07,0,2.73527e+07,0,0,1.34504e+07
0,0,0,5.96947e+07,0,2.75173e+07,-98442,98442,1.34504e+07
0,0,0,5.96947e+07,0,2.75255e+07,-96303.2,96303.2,1.34504e+07
0,0,0,5.96947e+07,0,2.75336e+07,-94164,94164,1.34504e+07
0,0,0,5.96947e+07,0,2.65254e+07,-92024.5,92024.5,1.34504e+07
0,0,0,5.96947e+07,0,2.68983e+07,-324590,324590,1.34504e+07
0,0,0,5.96947e+07,0,2.69062e+07,-322548,322548,1.34504e+07
0,0,0,5.96947e+07,0,2.69141e+07,-320505,320505,1.34504e+07
0,0,0,5.96947e+07,0,2.45643e+07,-318462,318462,1.34504e+07
0,0,0,5.96947e+07,0,2.5333e+07,-806063,806063,1.34504e+07
0,0,0,5.96947e+07,0,2.53403e+07,-804225,804225,1.34504e+07
0,0,0,5.96947e+07,0,2.53475e+07,-802385,802385,1.34504e+07
0,0,0,5.96947e+07,0,2.53547e+07,-800545,800545,1.34504e+07
0,0,0,5.96947e+07,0.000745969,2.61306e+07,-798705,798705,1.34504e+07
0,0,0,5.96947e+07,0,2.59168e+07,-654825,654825,1.34504e+07
0,0,0,5.96947e+07,0,2.49081e+07,0,0,1.34504e+07
0,0,0,5.96947e+07,0,2.49182e+07,0,0,1.34504e+07
0,0,0,5.96947e+07,0,2.76328e+07,0,0,1.34504e+07
0,0,0,5.96947e+07,0,2.7644e+07,0,0,1.34504e+07
0,0,0,5.96947e+07,0,2.78282e+07,-111180,111180,1.34504e+07
0,0,0,5.96947e+07,0,2.76664e+07,0,0,1.34504e+07
0,0,0,5.96947e+07,0,2.39491e+07,0,0,1.34504e+07
0,0,0,5.96947e+07,0,2.39588e+07,0,0,1.34504e+07
0,0,0,5.96947e+07,0,2.39685e+07,0,0,1.34504e+07
0,0,0,5.96947e+07,0,2.39782e+07,0,0,1.34504e+07
0,0,0,5.96947e+07,0,2.39879e+07,0,0,1.34504e+07
0,0,0,5.96947e+07,0,2.49227e+07,0,0,1.34504e+07
0,0,0,5.96947e+07,0,2.49328e+07,0,0,1.34504e+07
0,0,0,5.96947e+07,0,2.49429e+07,0,0,1.34504e+07
0,0,0,5.96947e+07,0,2.4953e+07,0,0,1.34504e+07
0,0,0,5.96947e+07,0,2.46021e+07,0,0,1.34504e+07
0,0,0,5.96947e+07,0,2.46121e+07,0,0,1.34504e+07
0,0,0,5.96947e+07,0,2.4622e+07,0,0,1.34504e+07
0,0,0,5.96947e+07,0,2.4632e+07,0,0,1.34504e+07
0,0,0,5.96947e+07,0,2.59003e+07,0,0,1.34504e+07
0,0,0,5.96947e+07,0,2.59107e+07,0,0,1.34504e+07
0,0,0,5.96947e+07,0,2.59212e+07,0,0,1.34504e+07
0,0,0,5.96947e+07,0,2.59316e+07,0,0,1.34504e+07
0,0,0,5.96947e+07,0,2.59421e+07,0,0,1.34504e+07
0,0,0,5.96947e+07,0,2.62495e+07,0,0,1.34504e+07
0,0,0,5.96947e+07,0,2.62601e+07,0,0,1.34504e+07
0,0,0,5.96947e+07,0,2.62707e+07,0,0,1.34504e+07
0,0,0,5.96947e+07,0,2.62813e+07,0,0,1.34504e+07
0,0,0,5.96947e+07,0,2.69216e+07,0,0,1.34504e+07
0,0,0,5.96947e+07,0,2.69324e+07,0,0,1.34504e+07
0,0,0,5.96947e+07,0,2.69433e+07,0,0,1.34504e+07
0,0,0,5.96947e+07,0,2.69541e+07,0,0,1.34504e+07
0,0,0,5.96947e+07,0,2.90566e+07,0,0,1.34504e+07
0,0,0,5.96947e+07,0,2.90683e+07,0,0,1.34504e+07
0,0,0,5.96947e+07,0,2.90801e+07,0,0,1.34504e+07
0,0,0,5.96947e+07,0,2.90918e+07,0,0,1.34504e+07
0,0,0,5.96947e+07,0,2.91035e+07,0,0,1.34504e+07
0,0,0,5.96947e+07,0,2.79384e+07,0,0,1.34504e+07
0,0,0,5.96947e+07,0,2.79496e+07,0,0,1.34504e+07
0,0,0,5.96947e+07,0,2.79609e+07,0,0,1.34504e+07
0,0,0,5.96947e+07,0,2.79721e+07,0,0,1.34504e+07
0,0,0,5.96947e+07,0,2.69453e+07,0,0,1.34504e+07
0,0,0,5.96947e+07,0,2.72995e+07,-220722,220722,1.34504e+07
0,0,0,5.96947e+07,0,2.73072e+07,-218722,218722,1.34504e+07
0,0,0,5.96947e+07,0,2.7315e+07,-216722,216722,1.34504e+07
0,0,0,5.96947e+07,0,2.49149e+07,-214721,214721,1.34504e+07
0,0,0,5.96947e+07,0,2.56997e+07,-712782,712782,1.34504e+07
0,0,0,5.96947e+07,0,2.57068e+07,-710981,710981,1.34504e+07
0,0,0,5.96947e+07,0,2.57139e+07,-709180,709180,1.34504e+07
0,0,0,5.96947e+07,0,2.57209e+07,-707379,707379,1.34504e+07
0,0,0,5.96947e+07,0.000745969,2.65129e+07,-705577,705577,1.34504e+07
0,0,0,5.96947e+07,0,2.62943e+07,-558727,558727,1.34504e+07
0,0,0,5.96947e+07,0,2.54349e+07,0,0,1.34504e+07
0,0,0,5.96947e+07,0,2.54448e+07,0,0,1.34504e+07
0,0,0,5.96947e+07,0,2.82162e+07,0,0,1.34504e+07
0,0,0,5.96947e+07,0,2.82272e+07,0,0,1.34504e+07
0,0,0,5.96947e+07,0,2.82381e+07,0,0,1.34504e+07
0,0,0,5.96947e+07,0,2.82491e+07,0,0,1.34504e+07
0,0,0,5.96947e+07,0,2.44531e+07,0,0,1.34504e+07
0,0,0,5.96947e+07,0,2.44625e+07,0,0,1.34504e+07
0,0,0,5.96947e+07,0,2.4472e+07,0,0,1.34504e+07
0,0,0,5.96947e+07,0,2.44815e+07,0,0,1.34504e+07
0,0,0,5.96947e+07,0,2.4491e+07,0,0,1.34504e+07
0,0,0,5.96947e+07,0,2.5445e+07,0,0,1.34504e+07
0,0,0,5.96947e+07,0,2.54548e+07,0,0,1.34504e+07
0,0,0,5.96947e+07,0,2.54647e+07,0,0,1.34504e+07
0,0,0,5.96947e+07,0,2.54745e+07,0,0,1.34504e+07
0,0,0,5.96947e+07,0,2.51159e+07,0,0,1.34504e+07
0,0,0,5.96947e+07,0,2.51256e+07,0,0,1.34504e+07
0,0,0,5.96947e+07,0,2.51354e+07,0,0,1.34504e+07
0,0,0,5.96947e+07,0,2.51451e+07,0,0,1.34504e+07
0,0,0,5.96947e+07,0,2.64393e+07,0,0,1.34504e+07
0,0,0,5.96947e+07,0,2.64496e+07,0,0,1.34504e+07
0,0,0,5.96947e+07,0,2.64598e+07,0,0,1.34504e+07
0,0,0,5.96947e+07,0,2.647e+07,0,0,1.34504e+07
0,0,0,5.96947e+07,0,2.64802e+07,0,0,1.34504e+07
0,0,0,5.96947e+07,0,2.67935e+07,0,0,1.34504e+07
0,0,0,5.96947e+07,0,2.68039e+07,0,0,1.34504e+07
0,0,0,5.96947e+07,0,2.68142e+07,0,0,1.34504e+07
0,0,0,5.96947e+07,0,2.68246e+07,0,0,1.34504e+07
0,0,0,5.96947e+07,0,2.74777e+07,0,0,1.34504e+07
0,0,0,5.96947e+07,0,2.74883e+07,0,0,1.34504e+07
0,0,0,5.96947e+07,0,2.74989e+07,0,0,1.34504e+07
0,0,0,5.96947e+07,0,2.75095e+07,0,0,1.34504e+07
0,0,0,5.96947e+07,0,2.96548e+07,0,0,1.34504e+07
0,0,0,5.96947e+07,0,2.96662e+07,0,0,1.34504e+07
0,0,0,5.96947e+07,0,2.96777e+07,0,0,1.34504e+07
0,0,0,5.96947e+07,0,2.96891e+07,0,0,1.34504e+07
0,0,0,5.96947e+07,0,2.97006e+07,0,0,1.34504e+07
0,0,0,5.96947e+07,0,2.85111e+07,0,0,1.34504e+07
0,0,0,5.96947e+07,0,2.85221e+07,0,0,1.34504e+07
0,0,0,5.96947e+07,0,2.85331e+07,0,0,1.34504e+07
0,0,0,5.96947e+07,0,2.85441e+07,0,0,1.34504e+07
0,0,0,5.96947e+07,0,2.74957e+07,0,0,1.34504e+07
0,0,0,5.96947e+07,0,2.76917e+07,-119183,119183,1.34504e+07
0,0,0,5.96947e+07,0,2.76993e+07,-117229,117229,1.34504e+07
0,0,0,5.96947e+07,0,2.77069e+07,-115275,115275,1.34504e+07
0,0,0,5.96947e+07,0,2.50813e+07,0,0,1.34504e+07
0,0,0,5.96947e+07,0,2.50909e+07,0,0,1.34504e+07
0,0,0,5.96947e+07,0,2.51006e+07,0,0,1.34504e+07
0,0,0,5.96947e+07,0,2.51103e+07,0,0,1.34504e+07
0,0,0,5.96947e+07,0,2.51199e+07,0,0,1.34504e+07
0,0,0,5.96947e+07,0.000745969,2.59304e+07,0,0,1.34504e+07
0,0,0,5.96947e+07,0,2.594e+07,0,0,1.34504e+07
0,0,0,5.96947e+07,0,2.59496e+07,0,0,1.34504e+07
0,0,0,5.96947e+07,0,2.59593e+07,0,0,1.34504e+07
0,0,0,5.96947e+07,0,2.87863e+07,0,0,1.34504e+07
0,0,0,5.96947e+07,0,2.8797e+07,0,0,1.34504e+07
0,0,0,5.96947e+07,0,2.88076e+07,0,0,1.34504e+07
0,0,0,5.96947e+07,0,2.88183e+07,0,0,1.34504e+07
0,0,0,5.96947e+07,0,2.49454e+07,0,0,1.34504e+07
0,0,0,5.96947e+07,0,2.49547e+07,0,0,1.34504e+07
0,0,0,5.96947e+07,0,2.49639e+07,0,0,1.34504e+07
0,0,0,5.96947e+07,0,2.49732e+07,0,0,1.34504e+07
0,0,0,5.96947e+07,0,2.49824e+07,0,0,1.34504e+07
0,0,0,5.96947e+07,0,2.59551e+07,0,0,1.34504e+07
0,0,0,5.96947e+07,0,2.59647e+07,0,0,1.34504e+07
0,0,0,5.96947e+07,0,2.59743e+07,0,0,1.34504e+07
0,0,0,5.96947e+07,0,2.59839e+07,0,0,1.34504e+07
0,0,0,5.96947e+07,0,2.56177e+07,0,0,1.34504e+07
0,0,0,5.96947e+07,0,2.56272e+07,0,0,1.34504e+07
0,0,0,5.96947e+07,0,2.56367e+07,0,0,1.34504e+07
0,0,0,5.96947e+07,0,2.56462e+07,0,0,1.34504e+07
0,0,0,5.96947e+07,0,2.69658e+07,0,0,1.34504e+07
0,0,0,5.96947e+07,0,2.69758e+07,0,0,1.34504e+07
0,0,0,5.96947e+07,0,2.69857e+07,0,0,1.34504e+07
0,0,0,5.96947e+07,0,2.69957e+07,0,0,1.34504e+07
0,0,0,5.96947e+07,0,2.70057e+07,0,0,1.34504e+07
0,0,0,5.96947e+07,0,2.73247e+07,0,0,1.34504e+07
0,0,0,5.96947e+07,0,2.73348e+07,0,0,1.34504e+07
0,0,0,5.96947e+07,0,2.73449e+07,0,0,1.34504e+07
0,0,0,5.96947e+07,0,2.7355e+07,0,0,1.34504e+07
0,0,0,5.96947e+07,0,2.80205e+07,0,0,1.34504e+07
0,0,0,5.96947e+07,0,2.80309e+07,0,0,1.34504e+07
0,0,0,5.96947e+07,0,2.80412e+07,0,0,1.34504e+07
0,0,0,5.96947e+07,0,2.80516e+07,0,0,1.34504e+07
0,0,0,5.96947e+07,0,3.02387e+07,0,0,1.34504e+07
0,0,0,5.96947e+07,0,3.02498e+07,0,0,1.34504e+07
0,0,0,5.96947e+07,0,3.0261e+07,0,0,1.34504e+07
0,0,0,5.96947e+07,0,3.02722e+07,0,0,1.34504e+07
0,0,0,5.96947e+07,0,3.02833e+07,0,0,1.34504e+07
0,0,0,5.96947e+07,0,2.907e+07,0,0,1.34504e+07
0,0,0,5.96947e+07,0,2.90807e+07,0,0,1.34504e+07
0,0,0,5.96947e+07,0,2.90915e+07,0,0,1.34504e+07
0,0,0,5.96947e+07,0,2.91022e+07,0,0,1.34504e+07
0,0,0,5.96947e+07,0,2.80329e+07,0,0,1.34504e+07
0,0,0,5.96947e+07,0,2.80745e+07,-20098.5,20098.5,1.34504e+07
0,0,0,5.96947e+07,0,2.80819e+07,-18192.5,18192.5,1.34504e+07
0,0,0,5.96947e+07,0,2.80892e+07,-16286.5,16286.5,1.34504e+07
0,0,0,5.96947e+07,0,2.55919e+07,-14379.8,14379.8,1.34504e+07
0,0,0,5.96947e+07,0,2.64077e+07,-532648,532648,1.34504e+07
0,0,0,5.96947e+07,0,2.64144e+07,-530932,530932,1.34504e+07
0,0,0,5.96947e+07,0,2.64212e+07,-529216,529216,1.34504e+07
0,0,0,5.96947e+07,0,2.6428e+07,-527499,527499,1.34504e+07
0,0,0,5.96947e+07,0,2.72511e+07,-525782,525782,1.34504e+07
0,0,0,5.96947e+07,0.000745969,2.7023e+07,-373206,373206,1.34504e+07
0,0,0,5.96947e+07,0,2.70298e+07,-371498,371498,1.34504e+07
0,0,0,5.96947e+07,0,2.70365e+07,-369789,369789,1.34504e+07
0,0,0,5.96947e+07,0,2.9915e+07,-368081,368081,1.34504e+07
0,0,0,5.96947e+07,0,2.93528e+07,0,0,1.34504e+07
0,0,0,5.96947e+07,0,2.93632e+07,0,0,1.34504e+07
0,0,0,5.96947e+07,0,2.93736e+07,0,0,1.34504e+07
0,0,0,5.96947e+07,0,2.54256e+07,0,0,1.34504e+07
0,0,0,5.96947e+07,0,2.62963e+07,-553824,553824,1.34504e+07
0,0,0,5.96947e+07,0,2.63027e+07,-552182,552182,1.34504e+07
0,0,0,5.96947e+07,0,2.63092e+07,-550539,550539,1.34504e+07
0,0,0,5.96947e+07,0,2.63156e+07,-548896,548896,1.34504e+07
0,0,0,5.96947e+07,0,2.7304e+07,-547252,547252,1.34504e+07
0,0,0,5.96947e+07,0,2.6462e+07,0,0,1.34504e+07
0,0,0,5.96947e+07,0,2.64713e+07,0,0,1.34504e+07
0,0,0,5.96947e+07,0,2.64807e+07,0,0,1.34504e+07
0,0,0,5.96947e+07,0,2.6107e+07,0,0,1.34504e+07
0,0,0,5.96947e+07,0,2.61163e+07,0,0,1.34504e+07
0,0,0,5.96947e+07,0,2.61255e+07,0,0,1.34504e+07
0,0,0,5.96947e+07,0,2.61348e+07,0,0,1.34504e+07
0,0,0,5.96947e+07,0,2.74791e+07,0,0,1.34504e+07
0,0,0,5.96947e+07,0,2.74888e+07,0,0,1.34504e+07
0,0,0,5.96947e+07,0,2.74985e+07,0,0,1.34504e+07
0,0,0,5.96947e+07,0,2.75082e+07,0,0,1.34504e+07
0,0,0,5.96947e+07,0,2.75179e+07,0,0,1.34504e+07
0,0,0,5.96947e+07,0,2.78426e+07,0,0,1.34504e+07
0,0,0,5.96947e+07,0,2.78524e+07,0,0,1.34504e+07
0,0,0,5.96947e+07,0,2.78623e+07,0,0,1.34504e+07
0,0,0,5.96947e+07,0,2.78721e+07,0,0,1.34504e+07
0,0,0,5.96947e+07,0,2.85497e+07,0,0,1.34504e+07
0,0,0,5.96947e+07,0,2.85598e+07,0,0,1.34504e+07
0,0,0,5.96947e+07,0,2.85699e+07,0,0,1.34504e+07
0,0,0,5.96947e+07,0,2.858e+07,0,0,1.34504e+07
0,0,0,5.96947e+07,0,2.8085e+07,-15626.9,15626.9,1.34504e+07
0,0,0,5.96947e+07,0,2.80956e+07,-15883.9,15883.9,1.34504e+07
0,0,0,5.96947e+07,0,2.81062e+07,-16140.9,16140.9,1.34504e+07
0,0,0,5.96947e+07,0,3.01114e+07,-728961,728961,1.34504e+07
0,0,0,5.96947e+07,0,3.0122e+07,-729218,729218,1.34504e+07
0,0,0,5.96947e+07,0,2.96147e+07,0,0,1.34504e+07
0,0,0,5.96947e+07,0,2.96252e+07,0,0,1.34504e+07
0,0,0,5.96947e+07,0,2.96356e+07,0,0,1.34504e+07
0,0,0,5.96947e+07,0,2.9646e+07,0,0,1.34504e+07
0,0,0,5.96947e+07,0,2.85563e+07,0,0,1.34504e+07
0,0,0,5.96947e+07,0,2.85664e+07,0,0,1.34504e+07
0,0,0,5.96947e+07,0,2.85764e+07,0,0,1.34504e+07
0,0,0,5.96947e+07,0,2.85865e+07,0,0,1.34504e+07
0,0,0,5.96947e+07,0,2.60453e+07,0,0,1.34504e+07
0,0,0,5.96947e+07,0,2.67483e+07,-445974,445974,1.34504e+07
0,0,0,5.96947e+07,0,2.67549e+07,-444303,444303,1.34504e+07
0,0,0,5.96947e+07,0,2.67615e+07,-442631,442631,1.34504e+07
0,0,0,5.96947e+07,0,2.67681e+07,-440959,440959,1.34504e+07
0,0,0,5.96947e+07,0,2.67655e+07,-439287,439287,1.34504e+07
0,0,0,5.96947e+07,8.9377e+06,2.83474e+07,-915713,915713,1.34504e+07
0,0,0,5.96947e+07,0,2.83565e+07,-915713,915713,1.34504e+07
0,0,0,5.96947e+07,0,2.83656e+07,-915713,915713,1.34504e+07
0,0,0,5.96947e+07,0,2.83747e+07,-915713,915713,1.34504e+07
0,0,0,5.96947e+07,0,2.9884e+07,0,0,1.34504e+07
0,0,0,5.96947e+07,0,2.98941e+07,0,0,1.34504e+07
0,0,0,5.96947e+07,0,2.99042e+07,0,0,1.34504e+07
0,0,0,5.96947e+07,0,2.99143e+07,0,0,1.34504e+07
0,0,0,5.96947e+07,0,2.58933e+07,0,0,1.34504e+07
0,0,0,5.96947e+07,0,2.59021e+07,0,0,1.34504e+07
0,0,0,5.96947e+07,0,2.59108e+07,0,0,1.34504e+07
0,0,0,5.96947e+07,0,2.59196e+07,0,0,1.34504e+07
0,0,0,5.96947e+07,0,2.59284e+07,0,0,1.34504e+07
0,0,0,5.96947e+07,0,2.6937e+07,0,0,1.34504e+07
0,0,0,5.96947e+07,0,2.69461e+07,0,0,1.34504e+07
0,0,0,5.96947e+07,0,2.69552e+07,0,0,1.34504e+07
0,0,0,5.96947e+07,0,2.69644e+07,0,0,1.34504e+07
0,0,0,5.96947e+07,0,2.65835e+07,0,0,1.34504e+07
0,0,0,5.96947e+07,0,2.65924e+07,0,0,1.34504e+07
0,0,0,5.96947e+07,0,2.66014e+07,0,0,1.34504e+07
0,0,0,5.96947e+07,0,2.66104e+07,0,0,1.34504e+07
0,0,0,5.96947e+07,0,2.79787e+07,0,0,1.34504e+07
0,0,0,5.96947e+07,0,2.79882e+07,0,0,1.34504e+07
0,0,0,5.96947e+07,0,2.79976e+07,0,0,1.34504e+07
0,0,0,5.96947e+07,0,2.80071e+07,0,0,1.34504e+07
0,0,0,5.96947e+07,0,2.80165e+07,0,0,1.34504e+07
0,0,0,5.96947e+07,0,2.83466e+07,0,0,1.34504e+07
0,0,0,5.96947e+07,0,2.83562e+07,0,0,1.34504e+07
0,0,0,5.96947e+07,0,2.83658e+07,0,0,1.34504e+07
0,0,0,5.96947e+07,0,2.83753e+07,0,0,1.34504e+07
0,0,0,5.96947e+07,0,2.90647e+07,0,0,1.34504e+07
0,0,0,5.96947e+07,0,2.90745e+07,0,0,1.34504e+07
0,0,0,5.96947e+07,0,2.90843e+07,0,0,1.34504e+07
0,0,0,5.96947e+07,0,2.90941e+07,0,0,1.34504e+07
0,0,0,5.96947e+07,0,3.06202e+07,-741279,741279,1.34504e+07
0,0,0,5.96947e+07,0,3.06306e+07,-741529,741529,1.34504e+07
0,0,0,5.96947e+07,0,3.06409e+07,-741779,741779,1.34504e+07
0,0,0,5.96947e+07,0,3.06512e+07,-742029,742029,1.34504e+07
0,0,0,5.96947e+07,0,3.06615e+07,-742279,742279,1.34504e+07
0,0,0,5.96947e+07,0,3.15693e+07,-915713,915713,1.34504e+07
0,0,0,5.96947e+07,0,3.15795e+07,-915713,915713,1.34504e+07
0,0,0,5.96947e+07,0,3.15897e+07,-915713,915713,1.34504e+07
0,0,0,5.96947e+07,0,3.15998e+07,-915713,915713,1.34504e+07
0,0,0,5.96947e+07,0,3.04902e+07,-915713,915713,1.34504e+07
0,0,0,5.96947e+07,0,3.04999e+07,-915713,915713,1.34504e+07
0,0,0,5.96947e+07,0,3.05097e+07,-915713,915713,1.34504e+07
0,0,0,5.96947e+07,0,3.05195e+07,-915713,915713,1.34504e+07
0,0,0,5.96947e+07,0,2.79327e+07,-915713,915713,1.34504e+07
0,0,0,5.96947e+07,0,2.79417e+07,-915713,915713,1.34504e+07
0,0,0,5.96947e+07,0,2.79506e+07,-915713,915713,1.34504e+07
0,0,0,5.96947e+07,0,2.79595e+07,-915713,915713,1.34504e+07
0,0,0,5.96947e+07,0,2.79684e+07,-915713,915713,1.34504e+07
0,0,0,5.96947e+07,8.9377e+06,2.88235e+07,-915713,915713,1.34504e+07
0,0,0,5.96947e+07,0,2.88324e+07,-915713,915713,1.34504e+07
0,0,0,5.96947e+07,0,2.88412e+07,-915713,915713,1.34504e+07
0,0,0,5.96947e+07,0,2.88501e+07,-915713,915713,1.34504e+07
0,0,0,5.96947e+07,0,3.18353e+07,-915713,915713,1.34504e+07
0,0,0,5.96947e+07,0,3.18451e+07,-915713,915713,1.34504e+07
0,0,0,5.96947e+07,0,3.1855e+07,-915713,915713,1.34504e+07
0,0,0,5.96947e+07,0,3.18648e+07,-915713,915713,1.34504e+07
0,0,0,5.96947e+07,0,2.77727e+07,-915713,915713,1.34504e+07
0,0,0,5.96947e+07,0,2.77812e+07,-915713,915713,1.34504e+07
0,0,0,5.96947e+07,0,2.77897e+07,-915713,915713,1.34504e+07
0,0,0,5.96947e+07,0,2.77982e+07,-915713,915713,1.34504e+07
0,0,0,5.96947e+07,0,2.78067e+07,-915713,915713,1.34504e+07
0,0,0,5.96947e+07,0,2.88326e+07,-915713,915713,1.34504e+07
0,0,0,5.96947e+07,0,2.88414e+07,-915713,915713,1.34504e+07
0,0,0,5.96947e+07,0,2.88503e+07,-915713,915713,1.34504e+07
0,0,0,5.96947e+07,0,2.88591e+07,-915713,915713,1.34504e+07
0,0,0,5.96947e+07,0,2.84711e+07,-915713,915713,1.34504e+07
0,0,0,5.96947e+07,0,2.84799e+07,-915713,915713,1.34504e+07
0,0,0,5.96947e+07,0,2.84886e+07,-915713,915713,1.34504e+07
0,0,0,5.96947e+07,0,2.84973e+07,-915713,915713,1.34504e+07
0,0,0,5.96947e+07,0,2.9889e+07,-915713,915713,1.34504e+07
0,0,0,5.96947e+07,0,2.98981e+07,-915713,915713,1.34504e+07
0,0,0,5.96947e+07,0,2.99073e+07,-915713,915713,1.34504e+07
0,0,0,5.96947e+07,0,2.99165e+07,-915713,915713,1.34504e+07
0,0,0,5.96947e+07,0,2.99256e+07,-915713,915713,1.34504e+07
0,0,0,5.96947e+07,0,3.0261e+07,-915713,915713,1.34504e+07
0,0,0,5.96947e+07,0,3.02703e+07,-915713,915713,1.34504e+07
0,0,0,5.96947e+07,0,3.02795e+07,-915713,915713,1.34504e+07
0,0,0,5.96947e+07,0,3.02888e+07,-915713,915713,1.34504e+07
0,0,0,5.96947e+07,0,3.09897e+07,-915713,915713,1.34504e+07
0,0,0,5.96947e+07,0,3.09992e+07,-915713,915713,1.34504e+07
0,0,0,5.96947e+07,0,3.10087e+07,-915713,915713,1.34504e+07
0,0,0,5.96947e+07,0,3.10182e+07,-915713,915713,1.34504e+07
0,0,0,5.96947e+07,0,3.3324e+07,-915713,915713,1.34504e+07
0,0,0,5.96947e+07,0,3.19096e+07,0,0,1.34504e+07
0,0,0,5.96947e+07,0,3.19198e+07,0,0,1.34504e+07
0,0,0,5.96947e+07,0,3.19301e+07,0,0,1.34504e+07
0,0,0,5.96947e+07,0,3.19404e+07,0,0,1.34504e+07
0,0,0,5.96947e+07,0,3.06592e+07,0,0,1.34504e+07
0,0,0,5.96947e+07,0,3.06691e+07,0,0,1.34504e+07
0,0,0,5.96947e+07,0,3.06789e+07,0,0,1.34504e+07
0,0,0,5.96947e+07,0,3.06888e+07,0,0,1.34504e+07
0,0,0,5.96947e+07,0,2.95598e+07,0,0,1.34504e+07
0,0,0,5.96947e+07,0,2.95693e+07,0,0,1.34504e+07
0,0,0,5.96947e+07,0,2.95788e+07,0,0,1.34504e+07
0,0,0,5.96947e+07,0,2.95883e+07,0,0,1.34504e+07
0,0,0,5.96947e+07,0,2.69572e+07,0,0,1.34504e+07
0,0,0,5.96947e+07,0,2.69658e+07,0,0,1.34504e+07
0,0,0,5.96947e+07,0,2.69745e+07,0,0,1.34504e+07
0,0,0,5.96947e+07,0,2.69832e+07,0,0,1.34504e+07
0,0,0,5.96947e+07,0,2.69918e+07,0,0,1.34504e+07
0,0,0,5.96947e+07,8.9377e+06,2.78609e+07,0,0,1.34504e+07
0,0,0,5.96947e+07,0,2.78695e+07,0,0,1.34504e+07
0,0,0,5.96947e+07,0,2.78781e+07,0,0,1.34504e+07
0,0,0,5.96947e+07,0,2.78867e+07,0,0,1.34504e+07
0,0,0,5.96947e+07,0,3.09217e+07,0,0,1.34504e+07
0,0,0,5.96947e+07,0,3.09312e+07,0,0,1.34504e+07
0,0,0,5.96947e+07,0,3.09407e+07,0,0,1.34504e+07
0,0,0,5.96947e+07,0,3.09502e+07,0,0,1.34504e+07
0,0,0,5.96947e+07,0,2.67891e+07,0,0,1.34504e+07
0,0,0,5.96947e+07,0,2.67973e+07,0,0,1.34504e+07
0,0,0,5.96947e+07,0,2.68056e+07,0,0,1.34504e+07
0,0,0,5.96947e+07,0,2.68138e+07,0,0,1.34504e+07
0,0,0,5.96947e+07,0,2.68221e+07,0,0,1.34504e+07
0,0,0,5.96947e+07,0,2.78647e+07,0,0,1.34504e+07
0,0,0,5.96947e+07,0,2.78732e+07,0,0,1.34504e+07
0,0,0,5.96947e+07,0,2.78818e+07,0,0,1.34504e+07
0,0,0,5.96947e+07,0,2.78903e+07,0,0,1.34504e+07
0,0,0,5.96947e+07,0,2.74955e+07,0,0,1.34504e+07
0,0,0,5.96947e+07,0,2.7504e+07,0,0,1.34504e+07
0,0,0,5.96947e+07,0,2.75124e+07,0,0,1.34504e+07
0,0,0,5.96947e+07,0,2.75209e+07,0,0,1.34504e+07
0,0,0,5.96947e+07,0,2.89351e+07,0,0,1.34504e+07
0,0,0,5.96947e+07,0,2.8944e+07,0,0,1.34504e+07
0,0,0,5.96947e+07,0,2.89529e+07,0,0,1.34504e+07
0,0,0,5.96947e+07,0,2.89618e+07,0,0,1.34504e+07
0,0,0,5.96947e+07,0,2.89707e+07,0,0,1.34504e+07
0,0,0,5.96947e+07,0,2.93111e+07,0,0,1.34504e+07
0,0,0,5.96947e+07,0,2.93201e+07,0,0,1.34504e+07
0,0,0,5.96947e+07,0,2.93291e+07,0,0,1.34504e+07
0,0,0,5.96947e+07,0,2.93381e+07,0,0,1.34504e+07
0,0,0,5.96947e+07,0,3.005e+07,0,0,1.34504e+07
0,0,0,5.96947e+07,0,2.65067e+07,-3.55248e+06,3.55248e+06,1.34504e+07
0,0,0,5.96947e+07,0,2.93577e+07,-710715,710715,1.34504e+07
0,0,0,5.96947e+07,0,2.93667e+07,-710932,710932,1.34504e+07
0,0,0,5.96947e+07,0,2.85891e+07,-3.83157e+06,3.83157e+06,1.34504e+07
0,0,0,5.96947e+07,0,2.85979e+07,-3.83274e+06,3.83274e+06,1.34504e+07
0,0,0,5.96947e+07,0,3.16738e+07,-766784,766784,1.34504e+07
0,0,0,5.96947e+07,0,3.16835e+07,-767019,767019,1.34504e+07
0,0,0,5.96947e+07,0,2.86242e+07,-3.83627e+06,3.83627e+06,1.34504e+07
0,0,0,5.96947e+07,0,3.04215e+07,-736468,736468,1.34504e+07
0,0,0,5.96947e+07,0,3.04308e+07,-736693,736693,1.34504e+07
0,0,0,5.96947e+07,0,2.68618e+07,-4.3152e+06,4.3152e+06,1.34504e+07
0,0,0,5.96947e+07,0,2.14713e+07,-9.71525e+06,9.71525e+06,1.34504e+07
0,0,0,5.96947e+07,0,2.12149e+07,-8.82395e+06,8.82395e+06,1.34504e+07
0,0,0,5.96947e+07,0,2.09576e+07,-9.09041e+06,9.09041e+06,1.34504e+07
0,0,0,5.96947e+07,0,1.87395e+07,-1.13177e+07,1.13177e+07,1.34504e+07
0,0,0,5.96947e+07,0,2.41144e+07,-5.95203e+06,5.95203e+06,1.34504e+07
0,0,0,5.96947e+07,0,2.55984e+07,-1.79404e+06,1.79404e+06,1.34504e+07
0,0,0,5.96947e+07,0,2.67531e+07,-647662,647662,1.34504e+07
0,0,0,5.96947e+07,0,2.67613e+07,-647860,647860,1.34504e+07
0,0,0,5.96947e+07,0,2.67695e+07,-648058,648058,1.34504e+07
0,0,0,5.96947e+07,0,2.61651e+07,-1.26091e+06,1.26091e+06,1.34504e+07
0,0,0,5.96947e+07,8.9377e+06,2.76395e+07,-669120,669120,1.34504e+07
0,0,0,5.96947e+07,0,2.76476e+07,-669316,669316,1.34504e+07
0,0,0,5.96947e+07,0,2.76557e+07,-669512,669512,1.34504e+07
0,0,0,5.96947e+07,0,2.76638e+07,-669708,669708,1.34504e+07
0,0,0,5.96947e+07,0,3.06741e+07,-742584,742584,1.34504e+07
0,0,0,5.96947e+07,0,3.06831e+07,-742801,742801,1.34504e+07
0,0,0,5.96947e+07,0,3.06921e+07,-743019,743019,1.34504e+07
0,0,0,5.96947e+07,0,3.14443e+07,0,0,1.34504e+07
0,0,0,5.96947e+07,0,2.72164e+07,0,0,1.34504e+07
0,0,0,5.96947e+07,0,2.72244e+07,0,0,1.34504e+07
0,0,0,5.96947e+07,0,2.65887e+07,-643680,643680,1.34504e+07
0,0,0,5.96947e+07,0,2.72403e+07,0,0,1.34504e+07
0,0,0,5.96947e+07,0,2.72483e+07,0,0,1.34504e+07
0,0,0,5.96947e+07,0,2.8307e+07,0,0,1.34504e+07
0,0,0,5.96947e+07,0,2.83153e+07,0,0,1.34504e+07
0,0,0,5.96947e+07,0,2.83236e+07,0,0,1.34504e+07
0,0,0,5.96947e+07,0,2.83319e+07,0,0,1.34504e+07
0,0,0,5.96947e+07,0,2.79304e+07,0,0,1.34504e+07
0,0,0,5.96947e+07,0,2.79386e+07,0,0,1.34504e+07
0,0,0,5.96947e+07,0,2.79468e+07,0,0,1.34504e+07
0,0,0,5.96947e+07,0,2.7955e+07,0,0,1.34504e+07
0,0,0,5.96947e+07,0,2.93911e+07,0,0,1.34504e+07
0,0,0,5.96947e+07,0,2.93997e+07,0,0,1.34504e+07
0,0,0,5.96947e+07,0,2.94083e+07,0,0,1.34504e+07
0,0,0,5.96947e+07,0,2.94169e+07,0,0,1.34504e+07
0,0,0,5.96947e+07,0,2.94255e+07,0,0,1.34504e+07
0,0,0,5.96947e+07,0,2.97708e+07,0,0,1.34504e+07
0,0,0,5.96947e+07,0,2.97795e+07,0,0,1.34504e+07
0,0,0,5.96947e+07,0,2.97882e+07,0,0,1.34504e+07
0,0,0,5.96947e+07,0,2.97969e+07,0,0,1.34504e+07
0,0,0,5.96947e+07,0,3.05195e+07,0,0,1.34504e+07
0,0,0,5.96947e+07,0,3.05284e+07,0,0,1.34504e+07
0,0,0,5.96947e+07,0,3.05373e+07,0,0,1.34504e+07
0,0,0,5.96947e+07,0,3.05462e+07,0,0,1.34504e+07
0,0,0,5.96947e+07,0,3.29253e+07,0,0,1.34504e+07
0,0,0,5.96947e+07,0,3.29349e+07,0,0,1.34504e+07
0,0,0,5.96947e+07,0,3.29445e+07,0,0,1.34504e+07
0,0,0,5.96947e+07,0,3.29541e+07,0,0,1.34504e+07
0,0,0,5.96947e+07,0,3.29638e+07,0,0,1.34504e+07
0,0,0,5.96947e+07,0,3.16406e+07,0,0,1.34504e+07
0,0,0,5.96947e+07,0,3.16499e+07,0,0,1.34504e+07
0,0,0,5.96947e+07,0,3.16591e+07,0,0,1.34504e+07
0,0,0,5.96947e+07,0,3.16683e+07,0,0,1.34504e+07
0,0,0,5.96947e+07,0,3.05024e+07,0,0,1.34504e+07
0,0,0,5.96947e+07,0,3.05113e+07,0,0,1.34504e+07
0,0,0,5.96947e+07,0,3.05202e+07,0,0,1.34504e+07
0,0,0,5.96947e+07,0,3.05291e+07,0,0,1.34504e+07
0,0,0,5.96947e+07,0,2.78135e+07,0,0,1.34504e+07
0,0,0,5.96947e+07,0,2.78217e+07,0,0,1.34504e+07
0,0,0,5.96947e+07,0,2.78298e+07,0,0,1.34504e+07
0,0,0,5.96947e+07,0,2.78379e+07,0,0,1.34504e+07
0,0,0,5.96947e+07,0,2.7846e+07,0,0,1.34504e+07
0,0,0,5.96947e+07,8.9377e+06,2.87418e+07,0,0,1.34504e+07
0,0,0,5.96947e+07,0,2.87498e+07,0,0,1.34504e+07
0,0,0,5.96947e+07,0,2.87579e+07,0,0,1.34504e+07
0,0,0,5.96947e+07,0,2.87659e+07,0,0,1.34504e+07
0,0,0,5.96947e+07,0,3.18957e+07,0,0,1.34504e+07
0,0,0,5.96947e+07,0,3.19046e+07,0,0,1.34504e+07
0,0,0,5.96947e+07,0,3.19135e+07,0,0,1.34504e+07
0,0,0,5.96947e+07,0,3.19224e+07,0,0,1.34504e+07
0,0,0,5.96947e+07,0,2.76298e+07,0,0,1.34504e+07
0,0,0,5.96947e+07,0,2.76376e+07,0,0,1.34504e+07
0,0,0,5.96947e+07,0,2.76453e+07,0,0,1.34504e+07
0,0,0,5.96947e+07,0,2.7653e+07,0,0,1.34504e+07
0,0,0,5.96947e+07,0,2.76607e+07,0,0,1.34504e+07
0,0,0,5.96947e+07,0,2.87351e+07,0,0,1.34504e+07
0,0,0,5.96947e+07,0,2.87431e+07,0,0,1.34504e+07
0,0,0,5.96947e+07,0,2.87511e+07,0,0,1.34504e+07
0,0,0,5.96947e+07,0,2.87592e+07,0,0,1.34504e+07
0,0,0,5.96947e+07,0,2.83513e+07,0,0,1.34504e+07
0,0,0,5.96947e+07,0,2.83592e+07,0,0,1.34504e+07
0,0,0,5.96947e+07,0,2.83671e+07,0,0,1.34504e+07
0,0,0,5.96947e+07,0,2.8375e+07,0,0,1.34504e+07
0,0,0,5.96947e+07,0,2.98323e+07,0,0,1.34504e+07
0,0,0,5.96947e+07,0,2.98406e+07,0,0,1.34504e+07
0,0,0,5.96947e+07,0,2.9849e+07,0,0,1.34504e+07
0,0,0,5.96947e+07,0,2.98573e+07,0,0,1.34504e+07
0,0,0,5.96947e+07,0,2.98656e+07,0,0,1.34504e+07
0,0,0,5.96947e+07,0,3.02157e+07,0,0,1.34504e+07
0,0,0,5.96947e+07,0,3.02241e+07,0,0,1.34504e+07
0,0,0,5.96947e+07,0,3.02325e+07,0,0,1.34504e+07
0,0,0,5.96947e+07,0,3.0241e+07,0,0,1.34504e+07
0,0,0,5.96947e+07,0,3.09739e+07,0,0,1.34504e+07
0,0,0,5.96947e+07,0,3.09825e+07,0,0,1.34504e+07
0,0,0,5.96947e+07,0,3.24158e+07,-915713,915713,1.34504e+07
0,0,0,5.96947e+07,0,3.24245e+07,-915713,915713,1.34504e+07
0,0,0,5.96947e+07,0,3.48384e+07,-915713,915713,1.34504e+07
0,0,0,5.96947e+07,0,3.48477e+07,-915713,915713,1.34504e+07
0,0,0,5.96947e+07,0,3.4857e+07,-915713,915713,1.34504e+07
0,0,0,5.96947e+07,0,3.48663e+07,-915713,915713,1.34504e+07
0,0,0,5.96947e+07,0,3.48756e+07,-915713,915713,1.34504e+07
0,0,0,5.96947e+07,0,3.35325e+07,-915713,915713,1.34504e+07
0,0,0,5.96947e+07,0,3.35415e+07,-915713,915713,1.34504e+07
0,0,0,5.96947e+07,0,3.35504e+07,-915713,915713,1.34504e+07
0,0,0,5.96947e+07,0,3.35593e+07,-915713,915713,1.34504e+07
0,0,0,5.96947e+07,0,3.23758e+07,-915713,915713,1.34504e+07
0,0,0,5.96947e+07,0,3.23844e+07,-915713,915713,1.34504e+07
0,0,0,5.96947e+07,0,3.2393e+07,-915713,915713,1.34504e+07
0,0,0,5.96947e+07,0,3.24017e+07,-915713,915713,1.34504e+07
0,0,0,5.96947e+07,0,2.96459e+07,-915713,915713,1.34504e+07
0,0,0,5.96947e+07,0,2.96537e+07,-915713,915713,1.34504e+07
0,0,0,5.96947e+07,0,2.96616e+07,-915713,915713,1.34504e+07
0,0,0,5.96947e+07,0,2.96694e+07,-915713,915713,1.34504e+07
0,0,0,5.96947e+07,0,2.96773e+07,-915713,915713,1.34504e+07
0,0,0,5.96947e+07,0,3.05858e+07,-915713,915713,1.34504e+07
0,0,0,3.25199e+08,8.9377e+06,3.05936e+07,-915713,915713,1.34504e+07
0,0,0,3.25199e+08,0,3.06014e+07,-915713,915713,1.34504e+07
0,0,0,3.25199e+08,0,3.06092e+07,-915713,915713,1.34504e+07
0,0,0,3.25199e+08,0,3.23594e+07,0,0,1.34504e+07
0,0,0,3.25199e+08,0,3.37927e+07,-915713,915713,1.34504e+07
0,0,0,3.25199e+08,0,3.38013e+07,-915713,915713,1.34504e+07
0,0,0,3.25199e+08,0,3.381e+07,-915713,915713,1.34504e+07
0,0,0,3.25199e+08,0,2.94548e+07,-915713,915713,1.34504e+07
0,0,0,3.25199e+08,0,2.80376e+07,0,0,1.34504e+07
0,0,0,3.25199e+08,0,2.80451e+07,0,0,1.34504e+07
0,0,0,3.25199e+08,0,2.80525e+07,0,0,1.34504e+07
0,0,0,3.25199e+08,0,2.806e+07,0,0,1.34504e+07
0,0,0,3.25199e+08,0,2.91495e+07,0,0,1.34504e+07
0,0,0,3.25199e+08,0,2.91573e+07,0,0,1.34504e+07
0,0,0,3.25199e+08,0,2.91651e+07,0,0,1.34504e+07
0,0,0,3.25199e+08,0,2.91728e+07,0,0,1.34504e+07
0,0,0,3.25199e+08,0,2.87587e+07,0,0,1.34504e+07
0,0,0,3.25199e+08,0,2.87664e+07,0,0,1.34504e+07
0,0,0,3.25199e+08,0,2.8774e+07,0,0,1.34504e+07
0,0,0,3.25199e+08,0,2.87817e+07,0,0,1.34504e+07
0,0,0,3.25199e+08,0,3.02595e+07,0,0,1.34504e+07
0,0,0,3.25199e+08,0,3.02676e+07,0,0,1.34504e+07
0,0,0,3.25199e+08,0,3.02756e+07,0,0,1.34504e+07
0,0,0,3.25199e+08,0,3.02837e+07,0,0,1.34504e+07
0,0,0,3.25199e+08,0,3.02917e+07,0,0,1.34504e+07
0,0,0,3.25199e+08,0,3.06464e+07,0,0,1.34504e+07
0,0,0,3.25199e+08,0,3.06546e+07,0,0,1.34504e+07
0,0,0,3.25199e+08,0,3.06627e+07,0,0,1.34504e+07
0,0,0,3.25199e+08,0,3.06709e+07,0,0,1.34504e+07
0,0,0,3.25199e+08,0,3.28385e+07,-915713,915713,1.34504e+07
0,0,0,3.25199e+08,0,3.28469e+07,-915713,915713,1.34504e+07
0,0,0,3.25199e+08,0,3.28553e+07,-915713,915713,1.34504e+07
0,0,0,3.25199e+08,0,3.28636e+07,-915713,915713,1.34504e+07
0,0,0,3.25199e+08,0,3.53113e+07,-915713,915713,1.34504e+07
0,0,0,3.25199e+08,0,3.53203e+07,-915713,915713,1.34504e+07
0,0,0,3.25199e+08,0,3.53293e+07,-915713,915713,1.34504e+07
0,0,0,3.25199e+08,0,3.53383e+07,-915713,915713,1.34504e+07
0,0,0,3.25199e+08,0,3.53474e+07,-915713,915713,1.34504e+07
0,0,0,3.25199e+08,0,3.39849e+07,-915713,915713,1.34504e+07
0,0,0,3.25199e+08,0,3.39936e+07,-915713,915713,1.34504e+07
0,0,0,3.25199e+08,0,3.40022e+07,-915713,915713,1.34504e+07
0,0,0,3.25199e+08,0,3.40109e+07,-915713,915713,1.34504e+07
0,0,0,3.25199e+08,0,3.28103e+07,-915713,915713,1.34504e+07
0,0,0,3.25199e+08,0,3.28187e+07,-915713,915713,1.34504e+07
0,0,0,3.25199e+08,0,3.2827e+07,-915713,915713,1.34504e+07
0,0,0,3.25199e+08,0,3.28353e+07,-915713,915713,1.34504e+07
0,0,0,3.25199e+08,0,3.00406e+07,-915713,915713,1.34504e+07
0,0,0,3.25199e+08,0,3.00482e+07,-915713,915713,1.34504e+07
0,0,0,3.25199e+08,0,3.00558e+07,-915713,915713,1.34504e+07
0,0,0,3.25199e+08,0,3.00634e+07,-915713,915713,1.34504e+07
0,0,0,3.25199e+08,0,3.0071e+07,-915713,915713,1.34504e+07
0,0,0,3.25199e+08,0,3.0071e+07,-915713,915713,1.34504e+07
0,0,0,3.25199e+08,8.9377e+06,3.09918e+07,-915713,915713,1.34504e+07
0,0,0,3.25199e+08,0,3.09994e+07,-915713,915713,1.34504e+07
0,0,0,3.25199e+08,0,3.10069e+07,-915713,915713,1.34504e+07
0,0,0,3.25199e+08,0,3.10144e+07,-915713,915713,1.34504e+07
0,0,0,3.25199e+08,0,3.4233e+07,-915713,915713,1.34504e+07
0,0,0,3.25199e+08,0,3.42414e+07,-915713,915713,1.34504e+07
0,0,0,3.25199e+08,0,3.42497e+07,-915713,915713,1.34504e+07
0,0,0,3.25199e+08,0,3.42581e+07,-915713,915713,1.34504e+07
0,0,0,3.25199e+08,0,2.98423e+07,-915713,915713,1.34504e+07
0,0,0,3.25199e+08,0,2.98495e+07,-915713,915713,1.34504e+07
0,0,0,3.25199e+08,0,2.98567e+07,-915713,915713,1.34504e+07
0,0,0,3.25199e+08,0,2.98639e+07,-915713,915713,1.34504e+07
0,0,0,3.25199e+08,0,2.98712e+07,-915713,915713,1.34504e+07
0,0,0,3.25199e+08,0,3.09753e+07,-915713,915713,1.34504e+07
0,0,0,3.25199e+08,0,3.09828e+07,-915713,915713,1.34504e+07
0,0,0,3.25199e+08,0,3.09904e+07,-915713,915713,1.34504e+07
0,0,0,3.25199e+08,0,3.09979e+07,-915713,915713,1.34504e+07
0,0,0,3.25199e+08,0,3.05777e+07,-915713,915713,1.34504e+07
0,0,0,3.25199e+08,0,3.05851e+07,-915713,915713,1.34504e+07
0,0,0,3.25199e+08,0,3.05925e+07,-915713,915713,1.34504e+07
0,0,0,3.25199e+08,0,3.05999e+07,-915713,915713,1.34504e+07
0,0,0,3.25199e+08,0,3.20976e+07,-915713,915713,1.34504e+07
0,0,0,3.25199e+08,0,3.21053e+07,-915713,915713,1.34504e+07
0,0,0,3.25199e+08,0,3.21131e+07,-915713,915713,1.34504e+07
0,0,0,3.25199e+08,0,3.21209e+07,-915713,915713,1.34504e+07
0,0,0,3.25199e+08,0,3.21287e+07,-915713,915713,1.34504e+07
0,0,0,3.25199e+08,0,3.24879e+07,-915713,915713,1.34504e+07
0,0,0,3.25199e+08,0,3.24957e+07,-915713,915713,1.34504e+07
0,0,0,3.25199e+08,0,3.25036e+07,-915713,915713,1.34504e+07
0,0,0,3.25199e+08,0,3.25115e+07,-915713,915713,1.34504e+07
0,0,0,3.25199e+08,0,3.32641e+07,-915713,915713,1.34504e+07
0,0,0,3.25199e+08,0,3.32722e+07,-915713,915713,1.34504e+07
0,0,0,3.25199e+08,0,3.32803e+07,-915713,915713,1.34504e+07
0,0,0,3.25199e+08,0,3.32884e+07,-915713,915713,1.34504e+07
0,0,0,3.25199e+08,0,3.57687e+07,-915713,915713,1.34504e+07
0,0,0,3.25199e+08,0,3.57774e+07,-915713,915713,1.34504e+07
0,0,0,3.25199e+08,0,3.57862e+07,-915713,915713,1.34504e+07
0,0,0,3.25199e+08,0,3.57949e+07,-915713,915713,1.34504e+07
0,0,0,3.25199e+08,0,3.58036e+07,-915713,915713,1.34504e+07
0,0,0,3.25199e+08,0,3.44224e+07,-915713,915713,1.34504e+07
0,0,0,3.25199e+08,0,3.44307e+07,-915713,915713,1.34504e+07
0,0,0,3.25199e+08,0,3.44391e+07,-915713,915713,1.34504e+07
0,0,0,3.25199e+08,0,3.44475e+07,-915713,915713,1.34504e+07
0,0,0,3.25199e+08,0,3.32305e+07,-915713,915713,1.34504e+07
0,0,0,3.25199e+08,0,3.32385e+07,-915713,915713,1.34504e+07
0,0,0,3.25199e+08,0,3.32466e+07,-915713,915713,1.34504e+07
0,0,0,3.25199e+08,0,3.32546e+07,-915713,915713,1.34504e+07
0,0,0,3.25199e+08,0,3.04223e+07,-915713,915713,1.34504e+07
0,0,0,3.25199e+08,0,3.04296e+07,-915713,915713,1.34504e+07
0,0,0,3.25199e+08,0,3.0437e+07,-915713,915713,1.34504e+07
0,0,0,3.25199e+08,0,3.04443e+07,-915713,915713,1.34504e+07
0,0,0,3.25199e+08,0,3.04517e+07,-915713,915713,1.34504e+07
0,0,0,3.84894e+08,8.9377e+06,3.13843e+07,-915713,915713,1.34504e+07
0,0,0,3.84894e+08,0.000745969,3.13916e+07,-915713,915713,1.34504e+07
0,0,0,3.84894e+08,0,3.13989e+07,-915713,915713,1.34504e+07
0,0,0,3.84894e+08,0,3.14061e+07,-915713,915713,1.34504e+07
0,0,0,3.84894e+08,0,3.46669e+07,-915713,915713,1.34504e+07
0,0,0,3.84894e+08,0,3.4675e+07,-915713,915713,1.34504e+07
0,0,0,3.84894e+08,0,3.4683e+07,-915713,915713,1.34504e+07
0,0,0,3.84894e+08,0,3.46911e+07,-915713,915713,1.34504e+07
0,0,0,3.84894e+08,0,3.02167e+07,-915713,915713,1.34504e+07
0,0,0,3.84894e+08,0,3.02237e+07,-915713,915713,1.34504e+07
0,0,0,3.84894e+08,0,3.02307e+07,-915713,915713,1.34504e+07
0,0,0,3.84894e+08,0,3.02377e+07,-915713,915713,1.34504e+07
0,0,0,3.84894e+08,0,3.02446e+07,-915713,915713,1.34504e+07
0,0,0,3.84894e+08,0,3.13629e+07,-915713,915713,1.34504e+07
0,0,0,3.84894e+08,0,3.13702e+07,-915713,915713,1.34504e+07
0,0,0,3.84894e+08,0,3.13774e+07,-915713,915713,1.34504e+07
0,0,0,3.84894e+08,0,3.13847e+07,-915713,915713,1.34504e+07
0,0,0,3.84894e+08,0,3.09586e+07,-915713,915713,1.34504e+07
0,0,0,3.84894e+08,0,3.09658e+07,-915713,915713,1.34504e+07
0,0,0,3.84894e+08,0,2.95483e+07,0,0,1.34504e+07
0,0,0,3.84894e+08,0,2.95554e+07,0,0,1.34504e+07
0,0,0,3.84894e+08,0,3.10722e+07,0,0,1.34504e+07
0,0,0,3.84894e+08,0,3.10797e+07,0,0,1.34504e+07
0,0,0,3.84894e+08,0,3.10872e+07,0,0,1.34504e+07
0,0,0,3.84894e+08,0,3.10948e+07,0,0,1.34504e+07
0,0,0,3.84894e+08,0,3.11023e+07,0,0,1.34504e+07
0,0,0,3.84894e+08,0,3.14657e+07,0,0,1.34504e+07
0,0,0,3.84894e+08,0,3.14733e+07,0,0,1.34504e+07
0,0,0,3.84894e+08,0,3.14809e+07,0,0,1.34504e+07
0,0,0,3.84894e+08,0,3.14885e+07,0,0,1.34504e+07
0,0,0,3.84894e+08,0,3.36752e+07,-915713,915713,1.34504e+07
0,0,0,3.84894e+08,0,3.3683e+07,-915713,915713,1.34504e+07
0,0,0,3.84894e+08,0,3.36908e+07,-915713,915713,1.34504e+07
0,0,0,3.84894e+08,0,3.36986e+07,-915713,915713,1.34504e+07
0,0,0,3.84894e+08,0,3.62104e+07,-915713,915713,1.34504e+07
0,0,0,3.84894e+08,0,3.61035e+07,-841548,841548,1.34504e+07
0,0,0,3.84894e+08,0,3.61094e+07,-839971,839971,1.34504e+07
0,0,0,3.84894e+08,0,3.61154e+07,-838393,838393,1.34504e+07
0,0,0,3.84894e+08,0,3.61213e+07,-836815,836815,1.34504e+07
0,0,0,3.84894e+08,0,3.47196e+07,-835236,835236,1.34504e+07
0,0,0,3.84894e+08,0,3.48528e+07,-915713,915713,1.34504e+07
0,0,0,3.84894e+08,0,3.48609e+07,-915713,915713,1.34504e+07
0,0,0,3.84894e+08,0,3.4869e+07,-915713,915713,1.34504e+07
0,0,0,3.84894e+08,0,3.36361e+07,-915713,915713,1.34504e+07
0,0,0,3.84894e+08,0,3.36438e+07,-915713,915713,1.34504e+07
0,0,0,3.84894e+08,0,3.36516e+07,-915713,915713,1.34504e+07
0,0,0,3.84894e+08,0,3.36594e+07,-915713,915713,1.34504e+07
0,0,0,3.84894e+08,0,3.07906e+07,-915713,915713,1.34504e+07
0,0,0,3.84894e+08,0,2.9373e+07,0,0,1.34504e+07
0,0,0,3.84894e+08,0,2.93801e+07,0,0,1.34504e+07
0,0,0,3.84894e+08,0,2.93872e+07,0,0,1.34504e+07
0,0,0,3.84894e+08,0,2.93943e+07,0,0,1.34504e+07
0,0,0,3.84894e+08,8.9377e+06,3.03385e+07,0,0,1.34504e+07
0,0,0,3.84894e+08,0,3.03454e+07,0,0,1.34504e+07
0,0,0,3.84894e+08,0,3.03524e+07,0,0,1.34504e+07
0,0,0,3.84894e+08,0,3.03594e+07,0,0,1.34504e+07
0,0,0,3.84894e+08,0,3.36609e+07,0,0,1.34504e+07
0,0,0,3.84894e+08,0,3.36687e+07,0,0,1.34504e+07
0,0,0,3.84894e+08,0,3.36765e+07,0,0,1.34504e+07
0,0,0,3.84894e+08,0,3.36842e+07,0,0,1.34504e+07
0,0,0,3.84894e+08,0,2.91533e+07,0,0,1.34504e+07
0,0,0,3.84894e+08,0,2.916e+07,0,0,1.34504e+07
0,0,0,3.84894e+08,0,2.91668e+07,0,0,1.34504e+07
0,0,0,3.84894e+08,0,2.91735e+07,0,0,1.34504e+07
0,0,0,3.84894e+08,0,2.91802e+07,0,0,1.34504e+07
0,0,0,3.84894e+08,0,3.03121e+07,0,0,1.34504e+07
0,0,0,3.84894e+08,0,3.03191e+07,0,0,1.34504e+07
0,0,0,3.84894e+08,0,3.03261e+07,0,0,1.34504e+07
0,0,0,3.84894e+08,0,3.03331e+07,0,0,1.34504e+07
0,0,0,3.84894e+08,0,2.99014e+07,0,0,1.34504e+07
0,0,0,3.84894e+08,0,2.99082e+07,0,0,1.34504e+07
0,0,0,3.84894e+08,0,2.99151e+07,0,0,1.34504e+07
0,0,0,3.84894e+08,0,2.9922e+07,0,0,1.34504e+07
0,0,0,3.84894e+08,0,3.14573e+07,0,0,1.34504e+07
0,0,0,3.84894e+08,0,3.14645e+07,0,0,1.34504e+07
0,0,0,3.84894e+08,0,3.14717e+07,0,0,1.34504e+07
0,0,0,3.84894e+08,0,3.1479e+07,0,0,1.34504e+07
0,0,0,3.84894e+08,0,3.14862e+07,0,0,1.34504e+07
0,0,0,3.84894e+08,0,3.18538e+07,0,0,1.34504e+07
0,0,0,3.84894e+08,0,3.18611e+07,0,0,1.34504e+07
0,0,0,3.84894e+08,0,3.18684e+07,0,0,1.34504e+07
0,0,0,3.84894e+08,0,3.33004e+07,-915713,915713,1.34504e+07
0,0,0,3.84894e+08,0,3.40714e+07,-915713,915713,1.34504e+07
0,0,0,3.84894e+08,0,3.40789e+07,-915713,915713,1.34504e+07
0,0,0,3.84894e+08,0,3.40864e+07,-915713,915713,1.34504e+07
0,0,0,3.84894e+08,0,3.40939e+07,-915713,915713,1.34504e+07
0,0,0,3.84894e+08,0,3.66361e+07,-915713,915713,1.34504e+07
0,0,0,3.84894e+08,0,3.64045e+07,-761650,761650,1.34504e+07
0,0,0,3.84894e+08,0,3.64103e+07,-760131,760131,1.34504e+07
0,0,0,3.84894e+08,0,3.6416e+07,-758611,758611,1.34504e+07
0,0,0,3.84894e+08,0,3.64217e+07,-757091,757091,1.34504e+07
0,0,0,3.84894e+08,0,3.50026e+07,-755571,755571,1.34504e+07
0,0,0,3.84894e+08,0,3.52595e+07,-915713,915713,1.34504e+07
0,0,0,3.84894e+08,0,3.52673e+07,-915713,915713,1.34504e+07
0,0,0,3.84894e+08,0,3.52751e+07,-915713,915713,1.34504e+07
0,0,0,3.84894e+08,0,3.40268e+07,-915713,915713,1.34504e+07
0,0,0,3.84894e+08,0,3.40343e+07,-915713,915713,1.34504e+07
0,0,0,3.84894e+08,0,3.40418e+07,-915713,915713,1.34504e+07
0,0,0,3.84894e+08,0,3.40493e+07,-915713,915713,1.34504e+07
0,0,0,3.84894e+08,0,3.11455e+07,-915713,915713,1.34504e+07
0,0,0,3.84894e+08,0,3.11523e+07,-915713,915713,1.34504e+07
0,0,0,3.84894e+08,0,3.11591e+07,-915713,915713,1.34504e+07
0,0,0,3.84894e+08,0,3.1166e+07,-915713,915713,1.34504e+07
0,0,0,3.84894e+08,0,3.11728e+07,-915713,915713,1.34504e+07
0,0,0,3.84894e+08,4.61781e+07,3.21279e+07,-915713,915713,1.34504e+07
0,0,0,3.84894e+08,0,3.07099e+07,0,0,1.34504e+07
0,0,0,3.84894e+08,0,3.07167e+07,0,0,1.34504e+07
0,0,0,3.84894e+08,0,3.07234e+07,0,0,1.34504e+07
0,0,0,3.84894e+08,0,3.40641e+07,0,0,1.34504e+07
0,0,0,3.84894e+08,0,3.40715e+07,0,0,1.34504e+07
0,0,0,3.84894e+08,0,3.4079e+07,0,0,1.34504e+07
0,0,0,3.84894e+08,0,3.40864e+07,0,0,1.34504e+07
0,0,0,3.84894e+08,0,2.95011e+07,0,0,1.34504e+07
0,0,0,3.84894e+08,0,2.95075e+07,0,0,1.34504e+07
0,0,0,3.84894e+08,0,2.9514e+07,0,0,1.34504e+07
0,0,0,3.84894e+08,0,2.95204e+07,0,0,1.34504e+07
0,0,0,3.84894e+08,0,2.95269e+07,0,0,1.34504e+07
0,0,0,3.84894e+08,0,3.06719e+07,0,0,1.34504e+07
0,0,0,3.84894e+08,0,3.06786e+07,0,0,1.34504e+07
0,0,0,3.84894e+08,0,3.06853e+07,0,0,1.34504e+07
0,0,0,3.84894e+08,0,3.0692e+07,0,0,1.34504e+07
0,0,0,3.84894e+08,0,3.02548e+07,0,0,1.34504e+07
0,0,0,3.84894e+08,0,3.02614e+07,0,0,1.34504e+07
0,0,0,3.84894e+08,0,3.0268e+07,0,0,1.34504e+07
0,0,0,3.84894e+08,0,3.02746e+07,0,0,1.34504e+07
0,0,0,3.84894e+08,0,3.18276e+07,0,0,1.34504e+07
0,0,0,3.84894e+08,0,3.18345e+07,0,0,1.34504e+07
0,0,0,3.84894e+08,0,3.18415e+07,0,0,1.34504e+07
0,0,0,3.84894e+08,0,3.18484e+07,0,0,1.34504e+07
0,0,0,3.84894e+08,0,3.18554e+07,0,0,1.34504e+07
0,0,0,3.84894e+08,0,3.22269e+07,0,0,1.34504e+07
0,0,0,3.84894e+08,0,3.22339e+07,0,0,1.34504e+07
0,0,0,3.84894e+08,0,3.36656e+07,-915713,915713,1.34504e+07
0,0,0,3.84894e+08,0,3.36727e+07,-915713,915713,1.34504e+07
0,0,0,3.84894e+08,0,3.44522e+07,-915713,915713,1.34504e+07
0,0,0,3.84894e+08,0,3.44594e+07,-915713,915713,1.34504e+07
0,0,0,3.84894e+08,0,3.44666e+07,-915713,915713,1.34504e+07
0,0,0,3.84894e+08,0,3.44738e+07,-915713,915713,1.34504e+07
0,0,0,3.84894e+08,0,3.70452e+07,-915713,915713,1.34504e+07
0,0,0,3.84894e+08,0,3.66938e+07,-684870,684870,1.34504e+07
0,0,0,3.84894e+08,0,3.66993e+07,-683412,683412,1.34504e+07
0,0,0,3.84894e+08,0,3.67048e+07,-681953,681953,1.34504e+07
0,0,0,3.84894e+08,0,3.67103e+07,-680493,680493,1.34504e+07
0,0,0,3.84894e+08,0,3.52745e+07,-679034,679034,1.34504e+07
0,0,0,3.84894e+08,0,3.56502e+07,-915713,915713,1.34504e+07
0,0,0,3.84894e+08,0,3.56577e+07,-915713,915713,1.34504e+07
0,0,0,3.84894e+08,0,3.56651e+07,-915713,915713,1.34504e+07
0,0,0,3.84894e+08,0,3.44021e+07,-915713,915713,1.34504e+07
0,0,0,3.84894e+08,0,3.44093e+07,-915713,915713,1.34504e+07
0,0,0,3.84894e+08,0,3.44164e+07,-915713,915713,1.34504e+07
0,0,0,3.84894e+08,0,3.44236e+07,-915713,915713,1.34504e+07
0,0,0,3.84894e+08,0,3.14862e+07,-915713,915713,1.34504e+07
0,0,0,3.84894e+08,0,3.14927e+07,-915713,915713,1.34504e+07
0,0,0,3.84894e+08,0,3.14993e+07,-915713,915713,1.34504e+07
0,0,0,3.84894e+08,0,3.15058e+07,-915713,915713,1.34504e+07
0,0,0,3.84894e+08,0,3.15124e+07,-915713,915713,1.34504e+07
0,0,0,3.84894e+08,4.61781e+07,3.24781e+07,-915713,915713,1.34504e+07
0,0,0,3.84894e+08,0,3.10598e+07,0,0,1.34504e+07
0,0,0,3.84894e+08,0,3.10662e+07,0,0,1.34504e+07
0,0,0,3.84894e+08,0,3.10726e+07,0,0,1.34504e+07
0,0,0,3.84894e+08,0,3.44509e+07,0,0,1.34504e+07
0,0,0,3.84894e+08,0,3.4458e+07,0,0,1.34504e+07
0,0,0,3.84894e+08,0,3.44652e+07,0,0,1.34504e+07
0,0,0,3.84894e+08,0,3.44723e+07,0,0,1.34504e+07
0,0,0,3.84894e+08,0,2.98347e+07,0,0,1.34504e+07
0,0,0,3.84894e+08,0,2.98408e+07,0,0,1.34504e+07
0,0,0,3.84894e+08,0,2.9847e+07,0,0,1.34504e+07
0,0,0,3.84894e+08,0,2.98532e+07,0,0,1.34504e+07
0,0,0,3.84894e+08,0,2.98593e+07,0,0,1.34504e+07
0,0,0,3.84894e+08,0,3.10169e+07,0,0,1.34504e+07
0,0,0,3.84894e+08,0,3.10233e+07,0,0,1.34504e+07
0,0,0,3.84894e+08,0,3.10297e+07,0,0,1.34504e+07
0,0,0,3.84894e+08,0,3.10361e+07,0,0,1.34504e+07
0,0,0,3.84894e+08,0,3.05937e+07,0,0,1.34504e+07
0,0,0,3.84894e+08,0,3.06e+07,0,0,1.34504e+07
0,0,0,3.84894e+08,0,3.06063e+07,0,0,1.34504e+07
0,0,0,3.84894e+08,0,3.06127e+07,0,0,1.34504e+07
0,0,0,3.84894e+08,0,3.21826e+07,0,0,1.34504e+07
0,0,0,3.84894e+08,0,3.21892e+07,0,0,1.34504e+07
0,0,0,3.84894e+08,0,3.21959e+07,0,0,1.34504e+07
0,0,0,3.84894e+08,0,3.22025e+07,0,0,1.34504e+07
0,0,0,3.84894e+08,0,3.22092e+07,0,0,1.34504e+07
0,0,0,3.84894e+08,0,3.25844e+07,0,0,1.34504e+07
0,0,0,3.84894e+08,0,3.40158e+07,-915713,915713,1.34504e+07
0,0,0,3.84894e+08,0,3.40225e+07,-915713,915713,1.34504e+07
0,0,0,3.84894e+08,0,3.40292e+07,-915713,915713,1.34504e+07
0,0,0,3.84894e+08,0,3.4817e+07,-915713,915713,1.34504e+07
0,0,0,3.84894e+08,0,3.48239e+07,-915713,915713,1.34504e+07
0,0,0,3.84894e+08,0,3.48308e+07,-915713,915713,1.34504e+07
0,0,0,3.84894e+08,0,3.48377e+07,-915713,915713,1.34504e+07
0,0,0,3.84894e+08,0,3.7437e+07,-915713,915713,1.34504e+07
0,0,0,3.84894e+08,0,3.69709e+07,-611339,611339,1.34504e+07
0,0,0,3.84894e+08,0,3.69761e+07,-609944,609944,1.34504e+07
0,0,0,3.84894e+08,0,3.69814e+07,-608549,608549,1.34504e+07
0,0,0,3.84894e+08,0,3.69866e+07,-607153,607153,1.34504e+07
0,0,0,3.84894e+08,0,3.55348e+07,-605758,605758,1.34504e+07
0,0,0,3.84894e+08,0,3.60242e+07,-915713,915713,1.34504e+07
0,0,0,3.84894e+08,0,3.60313e+07,-915713,915713,1.34504e+07
0,0,0,3.84894e+08,0,3.60385e+07,-915713,915713,1.34504e+07
0,0,0,3.84894e+08,0,3.47612e+07,-915713,915713,1.34504e+07
0,0,0,3.84894e+08,0,3.47681e+07,-915713,915713,1.34504e+07
0,0,0,3.84894e+08,0,3.4775e+07,-915713,915713,1.34504e+07
0,0,0,3.84894e+08,0,3.47819e+07,-915713,915713,1.34504e+07
0,0,0,3.84894e+08,0,3.18122e+07,-915713,915713,1.34504e+07
0,0,0,3.84894e+08,0,3.18184e+07,-915713,915713,1.34504e+07
0,0,0,3.84894e+08,0,3.18247e+07,-915713,915713,1.34504e+07
0,0,0,3.84894e+08,0,3.1831e+07,-915713,915713,1.34504e+07
0,0,0,3.84894e+08,0,3.18372e+07,-915713,915713,1.34504e+07
0,0,0,3.84894e+08,0,3.2813e+07,-915713,915713,1.34504e+07
0,0,0,3.84894e+08,4.61781e+07,3.28191e+07,-915713,915713,1.34504e+07
0,0,0,3.84894e+08,0,3.28252e+07,-915713,915713,1.34504e+07
0,0,0,3.84894e+08,0,3.14067e+07,0,0,1.34504e+07
0,0,0,3.84894e+08,0,3.62455e+07,-915713,915713,1.34504e+07
0,0,0,3.84894e+08,0,3.62523e+07,-915713,915713,1.34504e+07
0,0,0,3.84894e+08,0,3.62591e+07,-915713,915713,1.34504e+07
0,0,0,3.84894e+08,0,3.62659e+07,-915713,915713,1.34504e+07
0,0,0,3.84894e+08,0,3.15783e+07,-915713,915713,1.34504e+07
0,0,0,3.84894e+08,0,3.01595e+07,0,0,1.34504e+07
0,0,0,3.84894e+08,0,3.01654e+07,0,0,1.34504e+07
0,0,0,3.84894e+08,0,3.01713e+07,0,0,1.34504e+07
0,0,0,3.84894e+08,0,3.01772e+07,0,0,1.34504e+07
0,0,0,3.84894e+08,0,3.13467e+07,0,0,1.34504e+07
0,0,0,3.84894e+08,0,3.13528e+07,0,0,1.34504e+07
0,0,0,3.84894e+08,0,3.13589e+07,0,0,1.34504e+07
0,0,0,3.84894e+08,0,3.1365e+07,0,0,1.34504e+07
0,0,0,3.84894e+08,0,3.09175e+07,0,0,1.34504e+07
0,0,0,3.84894e+08,0,3.09236e+07,0,0,1.34504e+07
0,0,0,3.84894e+08,0,3.09296e+07,0,0,1.34504e+07
0,0,0,3.84894e+08,0,3.09356e+07,0,0,1.34504e+07
0,0,0,3.84894e+08,0,3.25217e+07,0,0,1.34504e+07
0,0,0,3.84894e+08,0,3.25281e+07,0,0,1.34504e+07
0,0,0,3.84894e+08,0,3.25344e+07,0,0,1.34504e+07
0,0,0,3.84894e+08,0,3.25408e+07,0,0,1.34504e+07
0,0,0,3.84894e+08,0,3.25471e+07,0,0,1.34504e+07
0,0,0,3.84894e+08,0,3.43506e+07,-915713,915713,1.34504e+07
0,0,0,3.84894e+08,0,3.4357e+07,-915713,915713,1.34504e+07
0,0,0,3.84894e+08,0,3.43634e+07,-915713,915713,1.34504e+07
0,0,0,3.84894e+08,0,3.43698e+07,-915713,915713,1.34504e+07
0,0,0,3.84894e+08,0,3.51655e+07,-915713,915713,1.34504e+07
0,0,0,3.84894e+08,0,3.5172e+07,-915713,915713,1.34504e+07
0,0,0,3.84894e+08,0,3.51786e+07,-915713,915713,1.34504e+07
0,0,0,3.84894e+08,0,3.51852e+07,-915713,915713,1.34504e+07
0,0,0,3.84894e+08,0,3.7811e+07,-915713,915713,1.34504e+07
0,0,0,3.84894e+08,0,3.72353e+07,-541131,541131,1.34504e+07
0,0,0,3.84894e+08,0,3.72404e+07,-539799,539799,1.34504e+07
0,0,0,3.84894e+08,0,3.72454e+07,-538469,538469,1.34504e+07
0,0,0,3.84894e+08,0,3.72504e+07,-537138,537138,1.34504e+07
0,0,0,3.84894e+08,0,3.57833e+07,-535807,535807,1.34504e+07
0,0,0,3.84894e+08,0,3.62998e+07,-863387,863387,1.34504e+07
0,0,0,3.84894e+08,0,3.63046e+07,-862119,862119,1.34504e+07
0,0,0,3.84894e+08,0,3.63094e+07,-860851,860851,1.34504e+07
0,0,0,3.84894e+08,0,3.50167e+07,-859583,859583,1.34504e+07
0,0,0,3.84894e+08,0,3.51106e+07,-915713,915713,1.34504e+07
0,0,0,3.84894e+08,0,3.51171e+07,-915713,915713,1.34504e+07
0,0,0,3.84894e+08,0,3.51237e+07,-915713,915713,1.34504e+07
0,0,0,3.84894e+08,0,3.21232e+07,-915713,915713,1.34504e+07
0,0,0,3.84894e+08,0,3.21292e+07,-915713,915713,1.34504e+07
0,0,0,3.84894e+08,0,3.21352e+07,-915713,915713,1.34504e+07
0,0,0,3.84894e+08,0,3.21411e+07,-915713,915713,1.34504e+07
0,0,0,3.84894e+08,0,3.21471e+07,-915713,915713,1.34504e+07
0,0,0,3.84894e+08,0,3.21471e+07,-915713,915713,1.34504e+07
0,0,0,3.84894e+08,5.51158e+07,3.31324e+07,-915713,915713,1.34504e+07
0,0,0,3.84894e+08,0,3.31383e+07,-915713,915713,1.34504e+07
0,0,0,3.84894e+08,0,3.31441e+07,-915713,915713,1.34504e+07
0,0,0,3.84894e+08,0,3.31499e+07,-915713,915713,1.34504e+07
0,0,0,3.84894e+08,0,3.65983e+07,-915713,915713,1.34504e+07
0,0,0,3.84894e+08,0,3.66048e+07,-915713,915713,1.34504e+07
0,0,0,3.84894e+08,0,3.66113e+07,-915713,915713,1.34504e+07
0,0,0,3.84894e+08,0,3.66177e+07,-915713,915713,1.34504e+07
0,0,0,3.84894e+08,0,3.18824e+07,-915713,915713,1.34504e+07
0,0,0,3.84894e+08,0,3.1888e+07,-915713,915713,1.34504e+07
0,0,0,3.84894e+08,0,3.18936e+07,-915713,915713,1.34504e+07
0,0,0,3.84894e+08,0,3.18992e+07,-915713,915713,1.34504e+07
0,0,0,3.84894e+08,0,3.19048e+07,-915713,915713,1.34504e+07
0,0,0,3.84894e+08,0,3.1661e+07,0,0,1.34504e+07
0,0,0,3.84894e+08,0,3.16669e+07,0,0,1.34504e+07
0,0,0,3.84894e+08,0,3.16727e+07,0,0,1.34504e+07
0,0,0,3.84894e+08,0,3.16785e+07,0,0,1.34504e+07
0,0,0,3.84894e+08,0,3.12262e+07,0,0,1.34504e+07
0,0,0,3.84894e+08,0,3.12319e+07,0,0,1.34504e+07
0,0,0,3.84894e+08,0,3.12377e+07,0,0,1.34504e+07
0,0,0,3.84894e+08,0,3.12434e+07,0,0,1.34504e+07
0,0,0,3.84894e+08,0,3.28449e+07,0,0,1.34504e+07
0,0,0,3.84894e+08,0,3.2851e+07,0,0,1.34504e+07
0,0,0,3.84894e+08,0,3.2857e+07,0,0,1.34504e+07
0,0,0,3.84894e+08,0,3.2863e+07,0,0,1.34504e+07
0,0,0,3.84894e+08,0,3.42938e+07,-915713,915713,1.34504e+07
0,0,0,3.84894e+08,0,3.46759e+07,-915713,915713,1.34504e+07
0,0,0,3.84894e+08,0,3.4682e+07,-915713,915713,1.34504e+07
0,0,0,3.84894e+08,0,3.46881e+07,-915713,915713,1.34504e+07
0,0,0,3.84894e+08,0,3.46942e+07,-915713,915713,1.34504e+07
0,0,0,3.84894e+08,0,3.54973e+07,-915713,915713,1.34504e+07
0,0,0,3.84894e+08,0,3.55035e+07,-915713,915713,1.34504e+07
0,0,0,3.84894e+08,0,3.55098e+07,-915713,915713,1.34504e+07
0,0,0,3.84894e+08,0,3.55161e+07,-915713,915713,1.34504e+07
0,0,0,3.84894e+08,0,3.81672e+07,-915713,915713,1.34504e+07
0,0,0,3.84894e+08,0,3.8174e+07,-915713,915713,1.34504e+07
0,0,0,3.84894e+08,0,3.81807e+07,-915713,915713,1.34504e+07
0,0,0,3.84894e+08,0,3.81875e+07,-915713,915713,1.34504e+07
0,0,0,3.84894e+08,0,3.81942e+07,-915713,915713,1.34504e+07
0,0,0,3.84894e+08,0,3.67145e+07,-915713,915713,1.34504e+07
0,0,0,3.84894e+08,0,3.6721e+07,-915713,915713,1.34504e+07
0,0,0,3.84894e+08,0,3.67275e+07,-915713,915713,1.34504e+07
0,0,0,3.84894e+08,0,3.67339e+07,-915713,915713,1.34504e+07
0,0,0,3.84894e+08,0,3.54303e+07,-915713,915713,1.34504e+07
0,0,0,3.84894e+08,0,3.54365e+07,-915713,915713,1.34504e+07
0,0,0,3.84894e+08,0,3.54427e+07,-915713,915713,1.34504e+07
0,0,0,3.84894e+08,0,3.5449e+07,-915713,915713,1.34504e+07
0,0,0,3.84894e+08,0,3.24192e+07,-915713,915713,1.34504e+07
0,0,0,3.84894e+08,0,3.24249e+07,-915713,915713,1.34504e+07
0,0,0,3.84894e+08,0,3.24305e+07,-915713,915713,1.34504e+07
0,0,0,3.84894e+08,0,3.24362e+07,-915713,915713,1.34504e+07
0,0,0,3.84894e+08,0,3.24419e+07,-915713,915713,1.34504e+07
0,0,0,3.84894e+08,1.78754e+07,3.34363e+07,-915713,915713,1.34504e+07
0,0,0,3.84894e+08,0,3.20172e+07,0,0,1.34504e+07
0,0,0,3.84894e+08,0,3.20227e+07,0,0,1.34504e+07
0,0,0,3.84894e+08,0,3.20282e+07,0,0,1.34504e+07
0,0,0,3.84894e+08,0,3.69339e+07,-915713,915713,1.34504e+07
0,0,0,3.84894e+08,0,3.55153e+07,0,0,1.34504e+07
0,0,0,3.84894e+08,0,3.69461e+07,-915713,915713,1.34504e+07
0,0,0,3.84894e+08,0,3.55276e+07,0,0,1.34504e+07
0,0,0,3.84894e+08,0,3.07469e+07,0,0,1.34504e+07
0,0,0,3.84894e+08,0,3.07522e+07,0,0,1.34504e+07
0,0,0,3.84894e+08,0,3.07576e+07,0,0,1.34504e+07
0,0,0,3.84894e+08,0,3.07629e+07,0,0,1.34504e+07
0,0,0,3.84894e+08,0,3.07682e+07,0,0,1.34504e+07
0,0,0,3.84894e+08,0,3.19599e+07,0,0,1.34504e+07
0,0,0,3.84894e+08,0,3.19654e+07,0,0,1.34504e+07
0,0,0,3.84894e+08,0,3.19709e+07,0,0,1.34504e+07
0,0,0,3.84894e+08,0,3.19764e+07,0,0,1.34504e+07
0,0,0,3.84894e+08,0,3.15195e+07,0,0,1.34504e+07
0,0,0,3.84894e+08,0,3.1525e+07,0,0,1.34504e+07
0,0,0,3.84894e+08,0,3.15304e+07,0,0,1.34504e+07
0,0,0,3.84894e+08,0,3.15358e+07,0,0,1.34504e+07
0,0,0,3.84894e+08,0,3.3152e+07,0,0,1.34504e+07
0,0,0,3.84894e+08,0,3.31577e+07,0,0,1.34504e+07
0,0,0,3.84894e+08,0,3.31634e+07,0,0,1.34504e+07
0,0,0,3.84894e+08,0,3.45938e+07,-915713,915713,1.34504e+07
0,0,0,3.84894e+08,0,3.45995e+07,-915713,915713,1.34504e+07
0,0,0,3.84894e+08,0,3.49849e+07,-915713,915713,1.34504e+07
0,0,0,3.84894e+08,0,3.49906e+07,-915713,915713,1.34504e+07
0,0,0,3.84894e+08,0,3.49964e+07,-915713,915713,1.34504e+07
0,0,0,3.84894e+08,0,3.50022e+07,-915713,915713,1.34504e+07
0,0,0,3.84894e+08,0,3.58124e+07,-915713,915713,1.34504e+07
0,0,0,3.84894e+08,0,3.58183e+07,-915713,915713,1.34504e+07
0,0,0,3.84894e+08,0,3.58242e+07,-915713,915713,1.34504e+07
0,0,0,3.84894e+08,0,3.58302e+07,-915713,915713,1.34504e+07
0,0,0,3.84894e+08,0,3.85053e+07,-915713,915713,1.34504e+07
0,0,0,3.84894e+08,0,3.85117e+07,-915713,915713,1.34504e+07
0,0,0,3.84894e+08,0,3.85181e+07,-915713,915713,1.34504e+07
0,0,0,3.84894e+08,0,3.85245e+07,-915713,915713,1.34504e+07
0,0,0,3.84894e+08,0,3.85309e+07,-915713,915713,1.34504e+07
0,0,0,3.84894e+08,0,3.70373e+07,-915713,915713,1.34504e+07
0,0,0,3.84894e+08,0,3.70434e+07,-915713,915713,1.34504e+07
0,0,0,3.84894e+08,0,3.70495e+07,-915713,915713,1.34504e+07
0,0,0,3.84894e+08,0,3.70557e+07,-915713,915713,1.34504e+07
0,0,0,3.84894e+08,0,3.57398e+07,-915713,915713,1.34504e+07
0,0,0,3.84894e+08,0,3.57457e+07,-915713,915713,1.34504e+07
0,0,0,3.84894e+08,0,3.57516e+07,-915713,915713,1.34504e+07
0,0,0,3.84894e+08,0,3.57575e+07,-915713,915713,1.34504e+07
0,0,0,3.84894e+08,0,3.26999e+07,-915713,915713,1.34504e+07
0,0,0,3.84894e+08,0,3.27053e+07,-915713,915713,1.34504e+07
0,0,0,3.84894e+08,0,3.27107e+07,-915713,915713,1.34504e+07
0,0,0,3.84894e+08,0,3.2716e+07,-915713,915713,1.34504e+07
0,0,0,3.84894e+08,0,3.27214e+07,-915713,915713,1.34504e+07
0,0,0,3.84894e+08,0,3.37244e+07,-915713,915713,1.34504e+07
0,0,0,3.84894e+08,0,3.37297e+07,-915713,915713,1.34504e+07
0,0,0,3.84894e+08,0,3.37349e+07,-915713,915713,1.34504e+07
0,0,0,3.84894e+08,0,3.37401e+07,-915713,915713,1.34504e+07
0,0,0,3.84894e+08,0,3.72519e+07,-915713,915713,1.34504e+07
0,0,0,3.84894e+08,0,3.72576e+07,-915713,915713,1.34504e+07
0,0,0,3.84894e+08,0,3.72634e+07,-915713,915713,1.34504e+07
0,0,0,3.84894e+08,0,3.72692e+07,-915713,915713,1.34504e+07
0,0,0,3.84894e+08,0,3.24456e+07,-915713,915713,1.34504e+07
0,0,0,3.84894e+08,0,3.24506e+07,-915713,915713,1.34504e+07
0,0,0,3.84894e+08,0,3.24556e+07,-915713,915713,1.34504e+07
0,0,0,3.84894e+08,0,3.24606e+07,-915713,915713,1.34504e+07
0,0,0,3.84894e+08,0,3.24656e+07,-915713,915713,1.34504e+07
0,0,0,3.84894e+08,0,3.36675e+07,-915713,915713,1.34504e+07
0,0,0,3.84894e+08,0,3.36727e+07,-915713,915713,1.34504e+07
0,0,0,3.84894e+08,0,3.22532e+07,0,0,1.34504e+07
0,0,0,3.84894e+08,0,3.22585e+07,0,0,1.34504e+07
0,0,0,3.84894e+08,0,3.17972e+07,0,0,1.34504e+07
0,0,0,3.84894e+08,0,3.18023e+07,0,0,1.34504e+07
0,0,0,3.84894e+08,0,3.18074e+07,0,0,1.34504e+07
0,0,0,3.84894e+08,0,3.18126e+07,0,0,1.34504e+07
0,0,0,3.84894e+08,0,3.34425e+07,0,0,1.34504e+07
0,0,0,3.84894e+08,0,3.34479e+07,0,0,1.34504e+07
0,0,0,3.84894e+08,0,3.4878e+07,-915713,915713,1.34504e+07
0,0,0,3.84894e+08,0,3.48834e+07,-915713,915713,1.34504e+07
0,0,0,3.84894e+08,0,3.48888e+07,-915713,915713,1.34504e+07
0,0,0,3.84894e+08,0,3.52771e+07,-915713,915713,1.34504e+07
0,0,0,3.84894e+08,0,3.52826e+07,-915713,915713,1.34504e+07
0,0,0,3.84894e+08,0,3.5288e+07,-915713,915713,1.34504e+07
0,0,0,3.84894e+08,0,3.52935e+07,-915713,915713,1.34504e+07
0,0,0,3.84894e+08,0,3.61103e+07,-915713,915713,1.34504e+07
0,0,0,3.84894e+08,0,3.61159e+07,-915713,915713,1.34504e+07
0,0,0,3.84894e+08,0,3.61215e+07,-915713,915713,1.34504e+07
0,0,0,3.84894e+08,0,3.61271e+07,-915713,915713,1.34504e+07
0,0,0,3.84894e+08,0,3.88249e+07,-915713,915713,1.34504e+07
0,0,0,3.84894e+08,0,3.8831e+07,-915713,915713,1.34504e+07
0,0,0,3.84894e+08,0,3.8837e+07,-915713,915713,1.34504e+07
0,0,0,3.84894e+08,0,3.8843e+07,-915713,915713,1.34504e+07
0,0,0,3.84894e+08,0,3.88491e+07,-915713,915713,1.34504e+07
0,0,0,3.84894e+08,0,3.73422e+07,-915713,915713,1.34504e+07
0,0,0,3.84894e+08,0,3.7348e+07,-915713,915713,1.34504e+07
0,0,0,3.84894e+08,0,3.73538e+07,-915713,915713,1.34504e+07
0,0,0,3.84894e+08,0,3.73596e+07,-915713,915713,1.34504e+07
0,0,0,3.84894e+08,0,3.6032e+07,-915713,915713,1.34504e+07
0,0,0,3.84894e+08,0,3.60376e+07,-915713,915713,1.34504e+07
0,0,0,3.84894e+08,0,3.60432e+07,-915713,915713,1.34504e+07
0,0,0,3.84894e+08,0,3.60488e+07,-915713,915713,1.34504e+07
0,0,0,3.84894e+08,0,3.29649e+07,-915713,915713,1.34504e+07
0,0,0,3.84894e+08,0,3.29699e+07,-915713,915713,1.34504e+07
0,0,0,3.84894e+08,0,3.2975e+07,-915713,915713,1.34504e+07
0,0,0,3.84894e+08,0,3.29801e+07,-915713,915713,1.34504e+07
0,0,0,3.84894e+08,0,3.29852e+07,-915713,915713,1.34504e+07
0,0,0,3.84894e+08,0,3.39963e+07,-915713,915713,1.34504e+07
0,0,0,3.84894e+08,0,3.40012e+07,-915713,915713,1.34504e+07
0,0,0,3.84894e+08,0,3.25814e+07,0,0,1.34504e+07
0,0,0,3.84894e+08,0,3.4011e+07,-915713,915713,1.34504e+07
0,0,0,3.84894e+08,0,3.75518e+07,-915713,915713,1.34504e+07
0,0,0,3.84894e+08,0,3.75573e+07,-915713,915713,1.34504e+07
0,0,0,3.84894e+08,0,3.75627e+07,-915713,915713,1.34504e+07
0,0,0,3.84894e+08,0,3.75681e+07,-915713,915713,1.34504e+07
0,0,0,3.84894e+08,0,3.27039e+07,-915713,915713,1.34504e+07
0,0,0,3.84894e+08,0,3.27086e+07,-915713,915713,1.34504e+07
0,0,0,3.84894e+08,0,3.27134e+07,-915713,915713,1.34504e+07
0,0,0,3.84894e+08,0,3.27181e+07,-915713,915713,1.34504e+07
0,0,0,3.84894e+08,0,3.27228e+07,-915713,915713,1.34504e+07
0,0,0,3.84894e+08,0,3.25096e+07,0,0,1.34504e+07
0,0,0,3.84894e+08,0,3.25145e+07,0,0,1.34504e+07
0,0,0,3.84894e+08,0,3.25193e+07,0,0,1.34504e+07
0,0,0,3.84894e+08,0,3.25242e+07,0,0,1.34504e+07
0,0,0,3.84894e+08,0,3.20588e+07,0,0,1.34504e+07
0,0,0,3.84894e+08,0,3.20636e+07,0,0,1.34504e+07
0,0,0,3.84894e+08,0,3.20685e+07,0,0,1.34504e+07
0,0,0,3.84894e+08,0,3.20733e+07,0,0,1.34504e+07
0,0,0,3.84894e+08,0,3.37162e+07,0,0,1.34504e+07
0,0,0,3.84894e+08,0,3.5146e+07,-915713,915713,1.34504e+07
0,0,0,3.84894e+08,0,3.5151e+07,-915713,915713,1.34504e+07
0,0,0,3.84894e+08,0,3.51561e+07,-915713,915713,1.34504e+07
0,0,0,3.84894e+08,0,3.51612e+07,-915713,915713,1.34504e+07
0,0,0,3.84894e+08,0,3.55523e+07,-915713,915713,1.34504e+07
0,0,0,3.84894e+08,0,3.55574e+07,-915713,915713,1.34504e+07
0,0,0,3.84894e+08,0,3.55625e+07,-915713,915713,1.34504e+07
0,0,0,3.84894e+08,0,3.55677e+07,-915713,915713,1.34504e+07
0,0,0,3.84894e+08,0,3.63907e+07,-915713,915713,1.34504e+07
0,0,0,3.84894e+08,0,3.63959e+07,-915713,915713,1.34504e+07
0,0,0,3.84894e+08,0,3.64012e+07,-915713,915713,1.34504e+07
0,0,0,3.84894e+08,0,3.64065e+07,-915713,915713,1.34504e+07
0,0,0,3.84894e+08,0,3.91256e+07,-915713,915713,1.34504e+07
0,0,0,3.84894e+08,0,3.91313e+07,-915713,915713,1.34504e+07
0,0,0,3.84894e+08,0,3.9137e+07,-915713,915713,1.34504e+07
0,0,0,3.84894e+08,0,3.91426e+07,-915713,915713,1.34504e+07
0,0,0,3.84894e+08,0,3.91483e+07,-915713,915713,1.34504e+07
0,0,0,3.84894e+08,0,3.7629e+07,-915713,915713,1.34504e+07
0,0,0,3.84894e+08,0,3.76344e+07,-915713,915713,1.34504e+07
0,0,0,3.84894e+08,0,3.76399e+07,-915713,915713,1.34504e+07
0,0,0,3.84894e+08,0,3.76453e+07,-915713,915713,1.34504e+07
0,0,0,3.84894e+08,0,3.63068e+07,-915713,915713,1.34504e+07
0,0,0,3.84894e+08,0,3.63121e+07,-915713,915713,1.34504e+07
0,0,0,3.84894e+08,0,3.63173e+07,-915713,915713,1.34504e+07
0,0,0,3.84894e+08,0,3.63226e+07,-915713,915713,1.34504e+07
0,0,0,3.84894e+08,0,3.32139e+07,-915713,915713,1.34504e+07
0,0,0,3.84894e+08,0,3.32187e+07,-915713,915713,1.34504e+07
0,0,0,3.84894e+08,0,3.32235e+07,-915713,915713,1.34504e+07
0,0,0,3.84894e+08,0,3.32283e+07,-915713,915713,1.34504e+07
0,0,0,3.84894e+08,0,3.3233e+07,-915713,915713,1.34504e+07
0,0,0,3.84894e+08,0,3.42517e+07,-915713,915713,1.34504e+07
0,0,0,3.84894e+08,0,3.42563e+07,-915713,915713,1.34504e+07
0,0,0,3.84894e+08,0,3.42609e+07,-915713,915713,1.34504e+07
0,0,0,3.84894e+08,0,3.42655e+07,-915713,915713,1.34504e+07
0,0,0,3.84894e+08,0,3.78336e+07,-915713,915713,1.34504e+07
0,0,0,3.84894e+08,0,3.78387e+07,-915713,915713,1.34504e+07
0,0,0,3.84894e+08,0,3.78438e+07,-915713,915713,1.34504e+07
0,0,0,3.84894e+08,0,3.78489e+07,-915713,915713,1.34504e+07
0,0,0,3.84894e+08,0,3.29466e+07,-915713,915713,1.34504e+07
0,0,0,3.84894e+08,0,3.2951e+07,-915713,915713,1.34504e+07
0,0,0,3.84894e+08,0,3.29554e+07,-915713,915713,1.34504e+07
0,0,0,3.84894e+08,0,3.29598e+07,-915713,915713,1.34504e+07
0,0,0,3.84894e+08,0,3.29642e+07,-915713,915713,1.34504e+07
0,0,0,3.84894e+08,0,3.41847e+07,-915713,915713,1.34504e+07
0,0,0,3.84894e+08,0,3.41893e+07,-915713,915713,1.34504e+07
0,0,0,3.84894e+08,0,3.41939e+07,-915713,915713,1.34504e+07
0,0,0,3.84894e+08,0,3.41984e+07,-915713,915713,1.34504e+07
0,0,0,3.84894e+08,0,3.37291e+07,-915713,915713,1.34504e+07
0,0,0,3.84894e+08,0,3.37336e+07,-915713,915713,1.34504e+07
0,0,0,3.84894e+08,0,3.37381e+07,-915713,915713,1.34504e+07
0,0,0,3.84894e+08,0,3.37427e+07,-915713,915713,1.34504e+07
0,0,0,3.84894e+08,0,3.53978e+07,-915713,915713,1.34504e+07
0,0,0,3.84894e+08,0,3.54025e+07,-915713,915713,1.34504e+07
0,0,0,3.84894e+08,0,3.54073e+07,-915713,915713,1.34504e+07
0,0,0,3.84894e+08,0,3.5412e+07,-915713,915713,1.34504e+07
0,0,0,3.84894e+08,0,3.54168e+07,-915713,915713,1.34504e+07
0,0,0,3.84894e+08,0,3.58105e+07,-915713,915713,1.34504e+07
0,0,0,3.84894e+08,0,3.58153e+07,-915713,915713,1.34504e+07
0,0,0,3.84894e+08,0,3.58201e+07,-915713,915713,1.34504e+07
0,0,0,3.84894e+08,0,3.58249e+07,-915713,915713,1.34504e+07
0,0,0,3.84894e+08,0,3.66537e+07,-915713,915713,1.34504e+07
0,0,0,3.84894e+08,0,3.66586e+07,-915713,915713,1.34504e+07
0,0,0,3.84894e+08,0,3.66636e+07,-915713,915713,1.34504e+07
0,0,0,3.84894e+08,0,3.66685e+07,-915713,915713,1.34504e+07
0,0,0,3.84894e+08,0,3.94076e+07,-915713,915713,1.34504e+07
0,0,0,3.84894e+08,0,3.94129e+07,-915713,915713,1.34504e+07
0,0,0,3.84894e+08,0,3.94183e+07,-915713,915713,1.34504e+07
0,0,0,3.84894e+08,0,3.94236e+07,-915713,915713,1.34504e+07
0,0,0,3.84894e+08,0,3.94289e+07,-915713,915713,1.34504e+07
0,0,0,3.84894e+08,0,3.78979e+07,-915713,915713,1.34504e+07
0,0,0,3.84894e+08,0,3.7903e+07,-915713,915713,1.34504e+07
0,0,0,3.84894e+08,0,3.79081e+07,-915713,915713,1.34504e+07
0,0,0,3.84894e+08,0,3.79132e+07,-915713,915713,1.34504e+07
0,0,0,3.84894e+08,0,3.65644e+07,-915713,915713,1.34504e+07
0,0,0,3.84894e+08,0,3.65693e+07,-915713,915713,1.34504e+07
0,0,0,3.84894e+08,0,3.65743e+07,-915713,915713,1.34504e+07
0,0,0,3.84894e+08,0,3.65792e+07,-915713,915713,1.34504e+07
0,0,0,3.84894e+08,0,3.34473e+07,-915713,915713,1.34504e+07
0,0,0,3.84894e+08,0,3.34518e+07,-915713,915713,1.34504e+07
0,0,0,3.84894e+08,0,3.34563e+07,-915713,915713,1.34504e+07
0,0,0,3.84894e+08,0,3.34607e+07,-915713,915713,1.34504e+07
0,0,0,3.84894e+08,0,3.34652e+07,-915713,915713,1.34504e+07
0,0,0,3.84894e+08,0,3.4491e+07,-915713,915713,1.34504e+07
0,0,0,3.84894e+08,0,3.44953e+07,-915713,915713,1.34504e+07
0,0,0,3.84894e+08,0,3.44996e+07,-915713,915713,1.34504e+07
0,0,0,3.84894e+08,0,3.45039e+07,-915713,915713,1.34504e+07
0,0,0,3.84894e+08,0,3.37634e+07,-5.24981e+06,5.24981e+06,1.52109e+07
0,0,0,3.84894e+08,0,3.37676e+07,-5.25037e+06,5.25037e+06,1.52109e+07
0,0,0,3.84894e+08,0,3.37718e+07,-5.25093e+06,5.25093e+06,1.52109e+07
0,0,0,3.84894e+08,0,3.3776e+07,-5.2515e+06,5.2515e+06,1.52109e+07
0,0,0,3.84894e+08,0,2.94215e+07,-4.66791e+06,4.66791e+06,1.52109e+07
0,0,0,3.84894e+08,0,2.94252e+07,-4.66839e+06,4.66839e+06,1.52109e+07
0,0,0,3.84894e+08,0,2.94288e+07,-4.66888e+06,4.66888e+06,1.52109e+07
0,0,0,3.84894e+08,0,2.94324e+07,-4.66937e+06,4.66937e+06,1.52109e+07
0,0,0,3.84894e+08,0,2.94361e+07,-4.66985e+06,4.66985e+06,1.52109e+07
0,0,0,3.84894e+08,0,3.05197e+07,-4.81509e+06,4.81509e+06,1.52109e+07
0,0,0,3.84894e+08,0,3.05235e+07,-4.81559e+06,4.81559e+06,1.52109e+07
0,0,0,3.84894e+08,0,3.05273e+07,-4.8161e+06,4.8161e+06,1.52109e+07
0,0,0,3.84894e+08,0,3.0531e+07,-4.81661e+06,4.81661e+06,1.52109e+07
0,0,0,3.84894e+08,0,3.01139e+07,-4.7607e+06,4.7607e+06,1.52109e+07
0,0,0,3.84894e+08,0,3.01176e+07,-4.7612e+06,4.7612e+06,1.52109e+07
0,0,0,3.84894e+08,0,3.01214e+07,-4.7617e+06,4.7617e+06,1.52109e+07
0,0,0,3.84894e+08,0,3.01251e+07,-4.7622e+06,4.7622e+06,1.52109e+07
0,0,0,3.84894e+08,0,3.15946e+07,-4.95915e+06,4.95915e+06,1.52109e+07
0,0,0,3.84894e+08,0,3.15985e+07,-4.95967e+06,4.95967e+06,1.52109e+07
0,0,0,3.84894e+08,0,3.16024e+07,-4.9602e+06,4.9602e+06,1.52109e+07
0,0,0,3.84894e+08,0,3.16063e+07,-4.96072e+06,4.96072e+06,1.52109e+07
0,0,0,3.84894e+08,0,3.16103e+07,-4.96124e+06,4.96124e+06,1.52109e+07
0,0,0,3.84894e+08,0,3.19595e+07,-5.00806e+06,5.00806e+06,1.52109e+07
0,0,0,3.84894e+08,0,3.19635e+07,-5.00859e+06,5.00859e+06,1.52109e+07
0,0,0,3.84894e+08,0,3.19675e+07,-5.00912e+06,5.00912e+06,1.52109e+07
0,0,0,3.84894e+08,0,3.19714e+07,-5.00965e+06,5.00965e+06,1.52109e+07
0,0,0,3.84894e+08,0,3.27071e+07,-5.10824e+06,5.10824e+06,1.52109e+07
0,0,0,3.84894e+08,0,3.69042e+07,-915713,915713,1.34504e+07
0,0,0,3.84894e+08,0,3.27152e+07,-5.10933e+06,5.10933e+06,1.52109e+07
0,0,0,3.84894e+08,0,3.27193e+07,-5.10987e+06,5.10987e+06,1.52109e+07
0,0,0,3.84894e+08,0,3.87672e+07,-1.81973e+06,1.81973e+06,1.34504e+07
0,0,0,3.84894e+08,0,3.96762e+07,-915713,915713,1.34504e+07
0,0,0,3.84894e+08,0,3.51599e+07,-5.43697e+06,5.43697e+06,1.52109e+07
0,0,0,3.84894e+08,0,3.51642e+07,-5.43755e+06,5.43755e+06,1.52109e+07
0,0,0,3.84894e+08,0,3.9691e+07,-915713,915713,1.34504e+07
0,0,0,3.84894e+08,0,3.38089e+07,-5.25591e+06,5.25591e+06,1.52109e+07
0,0,0,3.84894e+08,0,3.81539e+07,-915713,915713,1.34504e+07
0,0,0,3.84894e+08,0,3.38173e+07,-5.25704e+06,5.25704e+06,1.52109e+07
0,0,0,3.84894e+08,0,3.7295e+07,-1.78409e+06,1.78409e+06,1.34504e+07
0,0,0,3.84894e+08,0,3.26237e+07,-5.09706e+06,5.09706e+06,1.52109e+07
0,0,0,3.84894e+08,0,3.26277e+07,-5.09761e+06,5.09761e+06,1.52109e+07
0,0,0,3.84894e+08,0,3.26317e+07,-5.09815e+06,5.09815e+06,1.52109e+07
0,0,0,3.84894e+08,0,3.26358e+07,-5.09869e+06,5.09869e+06,1.52109e+07
0,0,0,3.84894e+08,0,3.29032e+07,-1.67777e+06,1.67777e+06,1.34504e+07
0,0,0,3.84894e+08,0,3.29073e+07,-1.67787e+06,1.67787e+06,1.34504e+07
0,0,0,3.84894e+08,0,2.98623e+07,-4.72698e+06,4.72698e+06,1.52109e+07
0,0,0,3.84894e+08,0,3.36778e+07,-915713,915713,1.34504e+07
0,0,0,3.84894e+08,0,2.98697e+07,-4.72797e+06,4.72797e+06,1.52109e+07
0,0,0,3.84894e+08,0,2.98697e+07,-4.72797e+06,4.72797e+06,1.52109e+07
0,0,0,3.84894e+08,0,3.47144e+07,-915713,915713,1.34504e+07
0,0,0,3.84894e+08,0,3.47183e+07,-915713,915713,1.34504e+07
0,0,0,3.84894e+08,0,3.47223e+07,-915713,915713,1.34504e+07
0,0,0,3.84894e+08,0,3.47263e+07,-915713,915713,1.34504e+07
0,0,0,3.84894e+08,0,3.83437e+07,-915713,915713,1.34504e+07
0,0,0,3.84894e+08,0,3.83481e+07,-915713,915713,1.34504e+07
0,0,0,3.84894e+08,0,3.83525e+07,-915713,915713,1.34504e+07
0,0,0,3.84894e+08,0,3.8357e+07,-915713,915713,1.34504e+07
0,0,0,3.84894e+08,0,3.33856e+07,-915713,915713,1.34504e+07
0,0,0,3.84894e+08,0,3.33894e+07,-915713,915713,1.34504e+07
0,0,0,3.84894e+08,0,3.33933e+07,-915713,915713,1.34504e+07
0,0,0,3.84894e+08,0,3.33971e+07,-915713,915713,1.34504e+07
0,0,0,3.84894e+08,0,3.34009e+07,-915713,915713,1.34504e+07
0,0,0,3.84894e+08,0,3.46376e+07,-915713,915713,1.34504e+07
0,0,0,3.84894e+08,0,3.32169e+07,0,0,1.34504e+07
0,0,0,3.84894e+08,0,3.32209e+07,0,0,1.34504e+07
0,0,0,3.84894e+08,0,3.32249e+07,0,0,1.34504e+07
0,0,0,3.84894e+08,0,3.27484e+07,0,0,1.34504e+07
0,0,0,3.84894e+08,0,3.27523e+07,0,0,1.34504e+07
0,0,0,3.84894e+08,0,3.27562e+07,0,0,1.34504e+07
0,0,0,3.84894e+08,0,3.27601e+07,0,0,1.34504e+07
0,0,0,3.84894e+08,0,3.44372e+07,0,0,1.34504e+07
0,0,0,3.84894e+08,0,3.44413e+07,0,0,1.34504e+07
0,0,0,3.84894e+08,0,3.44454e+07,0,0,1.34504e+07
0,0,0,3.84894e+08,0,3.58742e+07,-915713,915713,1.34504e+07
0,0,0,3.84894e+08,0,3.58784e+07,-915713,915713,1.34504e+07
0,0,0,3.84894e+08,0,3.62767e+07,-915713,915713,1.34504e+07
0,0,0,3.84894e+08,0,3.62809e+07,-915713,915713,1.34504e+07
0,0,0,3.84894e+08,0,3.6285e+07,-915713,915713,1.34504e+07
0,0,0,3.84894e+08,0,3.62892e+07,-915713,915713,1.34504e+07
0,0,0,3.84894e+08,0,3.71285e+07,-915713,915713,1.34504e+07
0,0,0,3.84894e+08,0,3.71328e+07,-915713,915713,1.34504e+07
0,0,0,3.84894e+08,0,3.7137e+07,-915713,915713,1.34504e+07
0,0,0,3.84894e+08,0,3.71413e+07,-915713,915713,1.34504e+07
0,0,0,3.84894e+08,0,3.99164e+07,-915713,915713,1.34504e+07
0,0,0,3.84894e+08,0,3.9921e+07,-915713,915713,1.34504e+07
0,0,0,3.84894e+08,0,3.99256e+07,-915713,915713,1.34504e+07
0,0,0,3.84894e+08,0,3.99302e+07,-915713,915713,1.34504e+07
0,0,0,3.84894e+08,0,3.99348e+07,-915713,915713,1.34504e+07
0,0,0,3.84894e+08,0,3.83827e+07,-915713,915713,1.34504e+07
0,0,0,3.84894e+08,0,3.83871e+07,-915713,915713,1.34504e+07
0,0,0,3.84894e+08,0,3.83915e+07,-915713,915713,1.34504e+07
0,0,0,3.84894e+08,0,3.8396e+07,-915713,915713,1.34504e+07
0,0,0,3.84894e+08,0,3.70286e+07,-915713,915713,1.34504e+07
0,0,0,3.84894e+08,0,3.70329e+07,-915713,915713,1.34504e+07
0,0,0,3.84894e+08,0,3.70372e+07,-915713,915713,1.34504e+07
0,0,0,3.84894e+08,0,3.70414e+07,-915713,915713,1.34504e+07
0,0,0,3.84894e+08,0,3.38677e+07,-915713,915713,1.34504e+07
0,0,0,3.84894e+08,0,3.38716e+07,-915713,915713,1.34504e+07
0,0,0,3.84894e+08,0,3.38755e+07,-915713,915713,1.34504e+07
0,0,0,3.84894e+08,0,3.38794e+07,-915713,915713,1.34504e+07
0,0,0,3.84894e+08,0,3.38833e+07,-915713,915713,1.34504e+07
0,0,0,3.84894e+08,0,3.49218e+07,-915713,915713,1.34504e+07
0,0,0,3.84894e+08,0,3.49254e+07,-915713,915713,1.34504e+07
0,0,0,3.84894e+08,0,3.49291e+07,-915713,915713,1.34504e+07
0,0,0,3.84894e+08,0,3.49328e+07,-915713,915713,1.34504e+07
0,0,0,3.84894e+08,0,3.85722e+07,-915713,915713,1.34504e+07
0,0,0,3.84894e+08,0,3.85763e+07,-915713,915713,1.34504e+07
0,0,0,3.84894e+08,0,3.85804e+07,-915713,915713,1.34504e+07
0,0,0,3.84894e+08,0,3.85845e+07,-915713,915713,1.34504e+07
0,0,0,3.84894e+08,0,3.35822e+07,-915713,915713,1.34504e+07
0,0,0,3.84894e+08,0,3.35857e+07,-915713,915713,1.34504e+07
0,0,0,3.84894e+08,0,3.21646e+07,0,0,1.34504e+07
0,0,0,3.84894e+08,0,3.35928e+07,-915713,915713,1.34504e+07
0,0,0,3.84894e+08,0,3.35963e+07,-915713,915713,1.34504e+07
0,0,0,3.84894e+08,0,3.34156e+07,0,0,1.34504e+07
0,0,0,3.84894e+08,0,3.34192e+07,0,0,1.34504e+07
0,0,0,3.84894e+08,0,3.34229e+07,0,0,1.34504e+07
0,0,0,3.84894e+08,0,3.34266e+07,0,0,1.34504e+07
0,0,0,3.84894e+08,0,3.29469e+07,0,0,1.34504e+07
0,0,0,3.84894e+08,0,3.29505e+07,0,0,1.34504e+07
0,0,0,3.84894e+08,0,3.29541e+07,0,0,1.34504e+07
0,0,0,3.84894e+08,0,3.29578e+07,0,0,1.34504e+07
0,0,0,3.84894e+08,0,3.46446e+07,0,0,1.34504e+07
0,0,0,3.84894e+08,0,3.46484e+07,0,0,1.34504e+07
0,0,0,3.84894e+08,0,3.46522e+07,0,0,1.34504e+07
0,0,0,3.84894e+08,0,3.60807e+07,-915713,915713,1.34504e+07
0,0,0,3.84894e+08,0,3.60845e+07,-915713,915713,1.34504e+07
0,0,0,3.84894e+08,0,3.64849e+07,-915713,915713,1.34504e+07
0,0,0,3.84894e+08,0,3.64887e+07,-915713,915713,1.34504e+07
0,0,0,3.84894e+08,0,3.64925e+07,-915713,915713,1.34504e+07
0,0,0,3.84894e+08,0,3.64964e+07,-915713,915713,1.34504e+07
0,0,0,3.84894e+08,0,3.73403e+07,-915713,915713,1.34504e+07
0,0,0,3.84894e+08,0,3.73443e+07,-915713,915713,1.34504e+07
0,0,0,3.84894e+08,0,3.73482e+07,-915713,915713,1.34504e+07
0,0,0,3.84894e+08,0,3.73522e+07,-915713,915713,1.34504e+07
0,0,0,3.84894e+08,0,4.01433e+07,-915713,915713,1.34504e+07
0,0,0,3.84894e+08,0,4.01475e+07,-915713,915713,1.34504e+07
0,0,0,3.84894e+08,0,4.01518e+07,-915713,915713,1.34504e+07
0,0,0,3.84894e+08,0,4.0156e+07,-915713,915713,1.34504e+07
0,0,0,3.84894e+08,0,4.01603e+07,-915713,915713,1.34504e+07
0,0,0,3.84894e+08,0,3.85987e+07,-915713,915713,1.34504e+07
0,0,0,3.84894e+08,0,3.86028e+07,-915713,915713,1.34504e+07
0,0,0,3.84894e+08,0,3.86068e+07,-915713,915713,1.34504e+07
0,0,0,3.84894e+08,0,3.86109e+07,-915713,915713,1.34504e+07
0,0,0,3.84894e+08,0,3.72353e+07,-915713,915713,1.34504e+07
0,0,0,3.84894e+08,0,3.72392e+07,-915713,915713,1.34504e+07
0,0,0,3.84894e+08,0,3.72432e+07,-915713,915713,1.34504e+07
0,0,0,3.84894e+08,0,3.72471e+07,-915713,915713,1.34504e+07
0,0,0,3.84894e+08,0,3.40548e+07,-915713,915713,1.34504e+07
0,0,0,3.84894e+08,0,3.40584e+07,-915713,915713,1.34504e+07
0,0,0,3.84894e+08,0,3.40619e+07,-915713,915713,1.34504e+07
0,0,0,3.84894e+08,0,3.40655e+07,-915713,915713,1.34504e+07
0,0,0,3.84894e+08,0,3.40691e+07,-915713,915713,1.34504e+07
0,0,0,3.84894e+08,0,3.51132e+07,-915713,915713,1.34504e+07
0,0,0,3.84894e+08,0,3.51166e+07,-915713,915713,1.34504e+07
0,0,0,3.84894e+08,0,3.512e+07,-915713,915713,1.34504e+07
0,0,0,3.84894e+08,0,3.51234e+07,-915713,915713,1.34504e+07
0,0,0,3.84894e+08,0,3.87831e+07,-915713,915713,1.34504e+07
0,0,0,3.84894e+08,0,3.87869e+07,-915713,915713,1.34504e+07
0,0,0,3.84894e+08,0,3.87906e+07,-915713,915713,1.34504e+07
0,0,0,3.84894e+08,0,3.87944e+07,-915713,915713,1.34504e+07
0,0,0,3.84894e+08,0,3.37635e+07,-915713,915713,1.34504e+07
0,0,0,3.84894e+08,0,3.37668e+07,-915713,915713,1.34504e+07
0,0,0,3.84894e+08,0,3.377e+07,-915713,915713,1.34504e+07
0,0,0,3.84894e+08,0,3.37732e+07,-915713,915713,1.34504e+07
0,0,0,3.84894e+08,0,3.37765e+07,-915713,915713,1.34504e+07
0,0,0,3.84894e+08,0,3.5027e+07,-915713,915713,1.34504e+07
0,0,0,3.84894e+08,0,3.36057e+07,0,0,1.34504e+07
0,0,0,3.84894e+08,0,3.36091e+07,0,0,1.34504e+07
0,0,0,3.84894e+08,0,3.36125e+07,0,0,1.34504e+07
0,0,0,3.84894e+08,0,3.31298e+07,0,0,1.34504e+07
0,0,0,3.84894e+08,0,3.31331e+07,0,0,1.34504e+07
0,0,0,3.84894e+08,0,3.31364e+07,0,0,1.34504e+07
0,0,0,3.84894e+08,0,3.31398e+07,0,0,1.34504e+07
0,0,0,3.84894e+08,0,3.48356e+07,0,0,1.34504e+07
0,0,0,3.84894e+08,0,3.4839e+07,0,0,1.34504e+07
0,0,0,3.84894e+08,0,3.48425e+07,0,0,1.34504e+07
0,0,0,3.84894e+08,0,3.4846e+07,0,0,1.34504e+07
0,0,0,3.84894e+08,0,3.48495e+07,0,0,1.34504e+07
0,0,0,3.84894e+08,0,3.66764e+07,-915713,915713,1.34504e+07
0,0,0,3.84894e+08,0,3.66799e+07,-915713,915713,1.34504e+07
0,0,0,3.84894e+08,0,3.66835e+07,-915713,915713,1.34504e+07
0,0,0,3.84894e+08,0,3.6687e+07,-915713,915713,1.34504e+07
0,0,0,3.84894e+08,0,3.75352e+07,-915713,915713,1.34504e+07
0,0,0,3.84894e+08,0,3.75388e+07,-915713,915713,1.34504e+07
0,0,0,3.84894e+08,0,3.75424e+07,-915713,915713,1.34504e+07
0,0,0,3.84894e+08,0,3.7546e+07,-915713,915713,1.34504e+07
0,0,0,3.84894e+08,0,4.03518e+07,-915713,915713,1.34504e+07
0,0,0,3.84894e+08,0,4.03557e+07,-915713,915713,1.34504e+07
0,0,0,3.84894e+08,0,4.03596e+07,-915713,915713,1.34504e+07
0,0,0,3.84894e+08,0,4.03635e+07,-915713,915713,1.34504e+07
0,0,0,3.84894e+08,0,4.03674e+07,-915713,915713,1.34504e+07
0,0,0,3.84894e+08,0,3.87971e+07,-915713,915713,1.34504e+07
0,0,0,3.84894e+08,0,3.88009e+07,-915713,915713,1.34504e+07
0,0,0,3.84894e+08,0,3.88046e+07,-915713,915713,1.34504e+07
0,0,0,3.84894e+08,0,3.88083e+07,-915713,915713,1.34504e+07
0,0,0,3.84894e+08,0,3.74251e+07,-915713,915713,1.34504e+07
0,0,0,3.84894e+08,0,3.74287e+07,-915713,915713,1.34504e+07
0,0,0,3.84894e+08,0,3.74323e+07,-915713,915713,1.34504e+07
0,0,0,3.84894e+08,0,3.74359e+07,-915713,915713,1.34504e+07
0,0,0,3.84894e+08,0,3.42264e+07,-915713,915713,1.34504e+07
0,0,0,3.84894e+08,0,3.42297e+07,-915713,915713,1.34504e+07
0,0,0,3.84894e+08,0,3.4233e+07,-915713,915713,1.34504e+07
0,0,0,3.84894e+08,0,3.42363e+07,-915713,915713,1.34504e+07
0,0,0,3.84894e+08,0,3.42396e+07,-915713,915713,1.34504e+07
0,0,0,3.84894e+08,0,3.52888e+07,-915713,915713,1.34504e+07
0,0,0,3.84894e+08,0,3.52919e+07,-915713,915713,1.34504e+07
0,0,0,3.84894e+08,0,3.5295e+07,-915713,915713,1.34504e+07
0,0,0,3.84894e+08,0,3.52981e+07,-915713,915713,1.34504e+07
0,0,0,3.84894e+08,0,3.89765e+07,-915713,915713,1.34504e+07
0,0,0,3.84894e+08,0,3.89799e+07,-915713,915713,1.34504e+07
0,0,0,3.84894e+08,0,3.89833e+07,-915713,915713,1.34504e+07
0,0,0,3.84894e+08,0,3.89867e+07,-915713,915713,1.34504e+07
0,0,0,3.84894e+08,0,3.39296e+07,-915713,915713,1.34504e+07
0,0,0,3.84894e+08,0,3.39326e+07,-915713,915713,1.34504e+07
0,0,0,3.84894e+08,0,3.39355e+07,-915713,915713,1.34504e+07
0,0,0,3.84894e+08,0,3.39385e+07,-915713,915713,1.34504e+07
0,0,0,3.84894e+08,0,3.39414e+07,-915713,915713,1.34504e+07
0,0,0,3.84894e+08,0,3.51981e+07,-915713,915713,1.34504e+07
0,0,0,3.84894e+08,0,3.52011e+07,-915713,915713,1.34504e+07
0,0,0,3.84894e+08,0,3.52042e+07,-915713,915713,1.34504e+07
0,0,0,3.84894e+08,0,3.52073e+07,-915713,915713,1.34504e+07
0,0,0,3.84894e+08,0,3.47219e+07,-915713,915713,1.34504e+07
0,0,0,3.84894e+08,0,3.47249e+07,-915713,915713,1.34504e+07
0,0,0,3.84894e+08,0,3.47279e+07,-915713,915713,1.34504e+07
0,0,0,3.84894e+08,0,3.47309e+07,-915713,915713,1.34504e+07
0,0,0,3.84894e+08,0,3.64349e+07,-915713,915713,1.34504e+07
0,0,0,3.84894e+08,0,3.64381e+07,-915713,915713,1.34504e+07
0,0,0,3.84894e+08,0,3.64413e+07,-915713,915713,1.34504e+07
0,0,0,3.84894e+08,0,3.64445e+07,-915713,915713,1.34504e+07
0,0,0,3.84894e+08,0,3.64476e+07,-915713,915713,1.34504e+07
0,0,0,3.84894e+08,0,3.68515e+07,-915713,915713,1.34504e+07
0,0,0,3.84894e+08,0,3.68547e+07,-915713,915713,1.34504e+07
0,0,0,3.84894e+08,0,3.6858e+07,-915713,915713,1.34504e+07
0,0,0,3.84894e+08,0,3.68612e+07,-915713,915713,1.34504e+07
0,0,0,3.84894e+08,0,3.77132e+07,-915713,915713,1.34504e+07
0,0,0,3.84894e+08,0,3.77165e+07,-915713,915713,1.34504e+07
0,0,0,3.84894e+08,0,3.77198e+07,-915713,915713,1.34504e+07
0,0,0,3.84894e+08,0,3.77231e+07,-915713,915713,1.34504e+07
0,0,0,3.84894e+08,0,4.05423e+07,-915713,915713,1.34504e+07
0,0,0,3.84894e+08,0,4.05458e+07,-915713,915713,1.34504e+07
0,0,0,3.84894e+08,0,4.05494e+07,-915713,915713,1.34504e+07
0,0,0,3.84894e+08,0,4.05529e+07,-915713,915713,1.34504e+07
0,0,0,3.84894e+08,0,4.05565e+07,-915713,915713,1.34504e+07
0,0,0,3.84894e+08,0,3.89782e+07,-915713,915713,1.34504e+07
0,0,0,3.84894e+08,0,3.89816e+07,-915713,915713,1.34504e+07
0,0,0,3.84894e+08,0,3.8985e+07,-915713,915713,1.34504e+07
0,0,0,3.84894e+08,0,3.89884e+07,-915713,915713,1.34504e+07
0,0,0,3.84894e+08,0,3.75982e+07,-915713,915713,1.34504e+07
0,0,0,3.84894e+08,0,3.76014e+07,-915713,915713,1.34504e+07
0,0,0,3.84894e+08,0,3.76047e+07,-915713,915713,1.34504e+07
0,0,0,3.84894e+08,0,3.7608e+07,-915713,915713,1.34504e+07
0,0,0,3.84894e+08,0,3.43829e+07,-915713,915713,1.34504e+07
0,0,0,3.84894e+08,0,3.43859e+07,-915713,915713,1.34504e+07
0,0,0,3.84894e+08,0,3.43889e+07,-915713,915713,1.34504e+07
0,0,0,3.84894e+08,0,3.43919e+07,-915713,915713,1.34504e+07
0,0,0,3.84894e+08,0,3.43949e+07,-915713,915713,1.34504e+07
0,0,0,3.84894e+08,0,3.54488e+07,-915713,915713,1.34504e+07
0,0,0,3.84894e+08,0,3.54515e+07,-915713,915713,1.34504e+07
0,0,0,3.84894e+08,0,3.54543e+07,-915713,915713,1.34504e+07
0,0,0,3.84894e+08,0,3.54571e+07,-915713,915713,1.34504e+07
0,0,0,3.84894e+08,0,3.91524e+07,-915713,915713,1.34504e+07
0,0,0,3.84894e+08,0,3.91555e+07,-915713,915713,1.34504e+07
0,0,0,3.84894e+08,0,3.91586e+07,-915713,915713,1.34504e+07
0,0,0,3.84894e+08,0,3.91616e+07,-915713,915713,1.34504e+07
0,0,0,3.84894e+08,0,3.40807e+07,-915713,915713,1.34504e+07
0,0,0,3.84894e+08,0,3.40834e+07,-915713,915713,1.34504e+07
0,0,0,3.84894e+08,0,3.40861e+07,-915713,915713,1.34504e+07
0,0,0,3.84894e+08,0,3.40887e+07,-915713,915713,1.34504e+07
0,0,0,3.84894e+08,0,3.40914e+07,-915713,915713,1.34504e+07
0,0,0,3.84894e+08,0,3.53535e+07,-915713,915713,1.34504e+07
0,0,0,3.84894e+08,0,3.53563e+07,-915713,915713,1.34504e+07
0,0,0,3.84894e+08,0,3.5359e+07,-915713,915713,1.34504e+07
0,0,0,3.84894e+08,0,3.53618e+07,-915713,915713,1.34504e+07
0,0,0,3.84894e+08,0,3.48739e+07,-915713,915713,1.34504e+07
0,0,0,3.84894e+08,0,3.34519e+07,0,0,1.34504e+07
0,0,0,3.84894e+08,0,3.34546e+07,0,0,1.34504e+07
0,0,0,3.84894e+08,0,3.34574e+07,0,0,1.34504e+07
0,0,0,3.84894e+08,0,3.65934e+07,-915713,915713,1.34504e+07
0,0,0,3.84894e+08,0,3.65963e+07,-915713,915713,1.34504e+07
0,0,0,3.84894e+08,0,3.65992e+07,-915713,915713,1.34504e+07
0,0,0,3.84894e+08,0,3.6602e+07,-915713,915713,1.34504e+07
0,0,0,3.84894e+08,0,3.66049e+07,-915713,915713,1.34504e+07
0,0,0,3.84894e+08,0,3.70103e+07,-915713,915713,1.34504e+07
0,0,0,3.84894e+08,0,3.70132e+07,-915713,915713,1.34504e+07
0,0,0,3.84894e+08,0,3.70161e+07,-915713,915713,1.34504e+07
0,0,0,3.84894e+08,0,3.7019e+07,-915713,915713,1.34504e+07
0,0,0,3.84894e+08,0,3.78745e+07,-915713,915713,1.34504e+07
0,0,0,3.84894e+08,0,3.78774e+07,-915713,915713,1.34504e+07
0,0,0,3.84894e+08,0,3.78804e+07,-915713,915713,1.34504e+07
0,0,0,3.84894e+08,0,3.78834e+07,-915713,915713,1.34504e+07
0,0,0,3.84894e+08,0,4.07146e+07,-915713,915713,1.34504e+07
0,0,0,3.84894e+08,0,4.07178e+07,-915713,915713,1.34504e+07
0,0,0,3.84894e+08,0,4.0721e+07,-915713,915713,1.34504e+07
0,0,0,3.84894e+08,0,4.07242e+07,-915713,915713,1.34504e+07
0,0,0,3.84894e+08,0,4.07275e+07,-915713,915713,1.34504e+07
0,0,0,3.84894e+08,0,3.91419e+07,-915713,915713,1.34504e+07
0,0,0,3.84894e+08,0,3.9145e+07,-915713,915713,1.34504e+07
0,0,0,3.84894e+08,0,3.91481e+07,-915713,915713,1.34504e+07
0,0,0,3.84894e+08,0,3.91512e+07,-915713,915713,1.34504e+07
0,0,0,3.84894e+08,0,3.77545e+07,-915713,915713,1.34504e+07
0,0,0,3.84894e+08,0,3.77575e+07,-915713,915713,1.34504e+07
0,0,0,3.84894e+08,0,3.77605e+07,-915713,915713,1.34504e+07
0,0,0,3.84894e+08,0,3.77634e+07,-915713,915713,1.34504e+07
0,0,0,3.84894e+08,0,3.45242e+07,-915713,915713,1.34504e+07
0,0,0,3.84894e+08,0,3.45269e+07,-915713,915713,1.34504e+07
0,0,0,3.84894e+08,0,3.45295e+07,-915713,915713,1.34504e+07
0,0,0,3.84894e+08,0,3.45322e+07,-915713,915713,1.34504e+07
0,0,0,3.84894e+08,0,3.45349e+07,-915713,915713,1.34504e+07
0,0,0,3.84894e+08,0,3.5593e+07,-915713,915713,1.34504e+07
0,0,0,3.84894e+08,0,3.55955e+07,-915713,915713,1.34504e+07
0,0,0,3.84894e+08,0,3.5598e+07,-915713,915713,1.34504e+07
0,0,0,3.84894e+08,0,3.56004e+07,-915713,915713,1.34504e+07
0,0,0,3.84894e+08,0,3.9311e+07,-915713,915713,1.34504e+07
0,0,0,3.84894e+08,0,3.93137e+07,-915713,915713,1.34504e+07
0,0,0,3.84894e+08,0,3.93165e+07,-915713,915713,1.34504e+07
0,0,0,3.84894e+08,0,3.93192e+07,-915713,915713,1.34504e+07
0,0,0,3.84894e+08,0,3.42168e+07,-915713,915713,1.34504e+07
0,0,0,3.84894e+08,0,3.42191e+07,-915713,915713,1.34504e+07
0,0,0,3.84894e+08,0,3.42215e+07,-915713,915713,1.34504e+07
0,0,0,3.84894e+08,0,3.42239e+07,-915713,915713,1.34504e+07
0,0,0,3.84894e+08,0,3.42263e+07,-915713,915713,1.34504e+07
0,0,0,3.84894e+08,0,3.54933e+07,-915713,915713,1.34504e+07
0,0,0,3.84894e+08,0,3.54957e+07,-915713,915713,1.34504e+07
0,0,0,3.84894e+08,0,3.54982e+07,-915713,915713,1.34504e+07
0,0,0,3.84894e+08,0,3.55007e+07,-915713,915713,1.34504e+07
0,0,0,3.84894e+08,0,3.50104e+07,-915713,915713,1.34504e+07
0,0,0,3.84894e+08,0,3.50128e+07,-915713,915713,1.34504e+07
0,0,0,3.84894e+08,0,3.50153e+07,-915713,915713,1.34504e+07
0,0,0,3.84894e+08,0,3.50177e+07,-915713,915713,1.34504e+07
0,0,0,3.84894e+08,0,3.67357e+07,-915713,915713,1.34504e+07
0,0,0,3.84894e+08,0,3.67383e+07,-915713,915713,1.34504e+07
0,0,0,3.84894e+08,0,3.67408e+07,-915713,915713,1.34504e+07
0,0,0,3.84894e+08,0,3.67434e+07,-915713,915713,1.34504e+07
0,0,0,3.84894e+08,0,3.67459e+07,-915713,915713,1.34504e+07
0,0,0,3.84894e+08,0,3.71526e+07,-915713,915713,1.34504e+07
0,0,0,3.84894e+08,0,3.71552e+07,-915713,915713,1.34504e+07
0,0,0,3.84894e+08,0,3.71578e+07,-915713,915713,1.34504e+07
0,0,0,3.84894e+08,0,3.71603e+07,-915713,915713,1.34504e+07
0,0,0,3.84894e+08,0,3.80189e+07,-915713,915713,1.34504e+07
0,0,0,3.84894e+08,0,3.80215e+07,-915713,915713,1.34504e+07
0,0,0,3.84894e+08,0,3.80242e+07,-915713,915713,1.34504e+07
0,0,0,3.84894e+08,0,3.80268e+07,-915713,915713,1.34504e+07
0,0,0,3.84894e+08,0,4.08689e+07,-915713,915713,1.34504e+07
0,0,0,3.84894e+08,0,4.08717e+07,-915713,915713,1.34504e+07
0,0,0,3.84894e+08,0,4.08746e+07,-915713,915713,1.34504e+07
0,0,0,3.84894e+08,0,4.08774e+07,-915713,915713,1.34504e+07
0,0,0,3.84894e+08,0,4.08803e+07,-915713,915713,1.34504e+07
0,0,0,3.84894e+08,0,3.92882e+07,-915713,915713,1.34504e+07
0,0,0,3.84894e+08,0,3.9291e+07,-915713,915713,1.34504e+07
0,0,0,3.84894e+08,0,3.92937e+07,-915713,915713,1.34504e+07
0,0,0,3.84894e+08,0,3.92965e+07,-915713,915713,1.34504e+07
0,0,0,3.84894e+08,0,3.78941e+07,-915713,915713,1.34504e+07
0,0,0,3.84894e+08,0,3.78968e+07,-915713,915713,1.34504e+07
0,0,0,3.84894e+08,0,3.78994e+07,-915713,915713,1.34504e+07
0,0,0,3.84894e+08,0,3.7902e+07,-915713,915713,1.34504e+07
0,0,0,3.84894e+08,0,3.46501e+07,-915713,915713,1.34504e+07
0,0,0,3.84894e+08,0,3.46525e+07,-915713,915713,1.34504e+07
0,0,0,3.84894e+08,0,3.46549e+07,-915713,915713,1.34504e+07
0,0,0,3.84894e+08,0,3.46573e+07,-915713,915713,1.34504e+07
0,0,0,3.84894e+08,0,3.46597e+07,-915713,915713,1.34504e+07
0,0,0,3.84894e+08,0,3.46597e+07,-915713,915713,1.34504e+07
0,0,0,3.92356e+08,0,3.57214e+07,-915713,915713,1.34504e+07
0,0,0,3.92356e+08,0,3.57236e+07,-915713,915713,1.34504e+07
0,0,0,3.92356e+08,0,3.57258e+07,-915713,915713,1.34504e+07
0,0,0,3.92356e+08,0,3.5728e+07,-915713,915713,1.34504e+07
0,0,0,3.92356e+08,0,3.9452e+07,-915713,915713,1.34504e+07
0,0,0,3.92356e+08,0,3.94544e+07,-915713,915713,1.34504e+07
0,0,0,3.92356e+08,0,3.94568e+07,-915713,915713,1.34504e+07
0,0,0,3.92356e+08,0,3.94592e+07,-915713,915713,1.34504e+07
0,0,0,3.92356e+08,0,3.43376e+07,-915713,915713,1.34504e+07
0,0,0,3.92356e+08,0,3.2915e+07,0,0,1.34504e+07
0,0,0,3.92356e+08,0,3.29171e+07,0,0,1.34504e+07
0,0,0,3.92356e+08,0,3.29192e+07,0,0,1.34504e+07
0,0,0,3.92356e+08,0,3.29213e+07,0,0,1.34504e+07
0,0,0,3.92356e+08,0,3.41926e+07,0,0,1.34504e+07
0,0,0,3.92356e+08,0,3.41947e+07,0,0,1.34504e+07
0,0,0,3.92356e+08,0,3.41969e+07,0,0,1.34504e+07
0,0,0,3.92356e+08,0,3.41991e+07,0,0,1.34504e+07
0,0,0,3.92356e+08,0,3.37067e+07,0,0,1.34504e+07
0,0,0,3.92356e+08,0,3.37089e+07,0,0,1.34504e+07
0,0,0,3.92356e+08,0,3.3711e+07,0,0,1.34504e+07
0,0,0,3.92356e+08,0,3.37131e+07,0,0,1.34504e+07
0,0,0,3.92356e+08,0,3.54369e+07,0,0,1.34504e+07
0,0,0,3.92356e+08,0,3.68639e+07,-915713,915713,1.34504e+07
0,0,0,3.92356e+08,0,3.68661e+07,-915713,915713,1.34504e+07
0,0,0,3.92356e+08,0,3.68684e+07,-915713,915713,1.34504e+07
0,0,0,3.92356e+08,0,3.68706e+07,-915713,915713,1.34504e+07
0,0,0,3.92356e+08,0,3.72784e+07,-915713,915713,1.34504e+07
0,0,0,3.92356e+08,0,3.72806e+07,-915713,915713,1.34504e+07
0,0,0,3.92356e+08,0,3.72829e+07,-915713,915713,1.34504e+07
0,0,0,3.92356e+08,0,3.72852e+07,-915713,915713,1.34504e+07
0,0,0,3.92356e+08,0,3.81464e+07,-915713,915713,1.34504e+07
0,0,0,3.92356e+08,0,3.81487e+07,-915713,915713,1.34504e+07
0,0,0,3.92356e+08,0,3.8151e+07,-915713,915713,1.34504e+07
0,0,0,3.92356e+08,0,3.81533e+07,-915713,915713,1.34504e+07
0,0,0,3.92356e+08,0,4.10048e+07,-915713,915713,1.34504e+07
0,0,0,3.92356e+08,0,4.10073e+07,-915713,915713,1.34504e+07
0,0,0,3.92356e+08,0,4.10098e+07,-915713,915713,1.34504e+07
0,0,0,3.92356e+08,0,4.10123e+07,-915713,915713,1.34504e+07
0,0,0,3.92356e+08,0,4.10148e+07,-915713,915713,1.34504e+07
0,0,0,3.92356e+08,0,3.9417e+07,-915713,915713,1.34504e+07
0,0,0,3.92356e+08,0,3.94194e+07,-915713,915713,1.34504e+07
0,0,0,3.92356e+08,0,3.94218e+07,-915713,915713,1.34504e+07
0,0,0,3.92356e+08,0,3.94242e+07,-915713,915713,1.34504e+07
0,0,0,3.92356e+08,0,3.80168e+07,-915713,915713,1.34504e+07
0,0,0,3.92356e+08,0,3.80192e+07,-915713,915713,1.34504e+07
0,0,0,3.92356e+08,0,3.80215e+07,-915713,915713,1.34504e+07
0,0,0,3.92356e+08,0,3.80238e+07,-915713,915713,1.34504e+07
0,0,0,3.92356e+08,0,3.47607e+07,-915713,915713,1.34504e+07
0,0,0,3.92356e+08,0,3.47628e+07,-915713,915713,1.34504e+07
0,0,0,3.92356e+08,0,3.47649e+07,-915713,915713,1.34504e+07
0,0,0,3.92356e+08,0,3.4767e+07,-915713,915713,1.34504e+07
0,0,0,3.92356e+08,0,3.47691e+07,-915713,915713,1.34504e+07
0,0,0,3.92356e+08,0,3.5834e+07,-915713,915713,1.34504e+07
0,0,0,3.92356e+08,0,3.58359e+07,-915713,915713,1.34504e+07
0,0,0,3.92356e+08,0,3.58378e+07,-915713,915713,1.34504e+07
0,0,0,3.92356e+08,0,3.58396e+07,-915713,915713,1.34504e+07
0,0,0,3.92356e+08,0,3.95755e+07,-915713,915713,1.34504e+07
0,0,0,3.92356e+08,0,3.95775e+07,-915713,915713,1.34504e+07
0,0,0,3.92356e+08,0,3.95796e+07,-915713,915713,1.34504e+07
0,0,0,3.92356e+08,0,3.95817e+07,-915713,915713,1.34504e+07
0,0,0,3.92356e+08,0,3.44433e+07,-915713,915713,1.34504e+07
0,0,0,3.92356e+08,0,3.44451e+07,-915713,915713,1.34504e+07
0,0,0,3.92356e+08,0,3.30222e+07,0,0,1.34504e+07
0,0,0,3.92356e+08,0,3.3024e+07,0,0,1.34504e+07
0,0,0,3.92356e+08,0,3.30258e+07,0,0,1.34504e+07
0,0,0,3.92356e+08,0,3.43008e+07,0,0,1.34504e+07
0,0,0,3.92356e+08,0,3.43027e+07,0,0,1.34504e+07
0,0,0,3.92356e+08,0,3.43046e+07,0,0,1.34504e+07
0,0,0,3.92356e+08,0,3.43064e+07,0,0,1.34504e+07
0,0,0,3.92356e+08,0,3.38122e+07,0,0,1.34504e+07
0,0,0,3.92356e+08,0,3.38141e+07,0,0,1.34504e+07
0,0,0,3.92356e+08,0,3.38159e+07,0,0,1.34504e+07
0,0,0,3.92356e+08,0,3.38177e+07,0,0,1.34504e+07
0,0,0,3.92356e+08,0,3.55466e+07,0,0,1.34504e+07
0,0,0,3.92356e+08,0,3.55485e+07,0,0,1.34504e+07
0,0,0,3.92356e+08,0,3.69752e+07,-915713,915713,1.34504e+07
0,0,0,3.92356e+08,0,3.69771e+07,-915713,915713,1.34504e+07
0,0,0,3.92356e+08,0,3.6979e+07,-915713,915713,1.34504e+07
0,0,0,3.92356e+08,0,3.73877e+07,-915713,915713,1.34504e+07
0,0,0,3.92356e+08,0,3.73897e+07,-915713,915713,1.34504e+07
0,0,0,3.92356e+08,0,3.73916e+07,-915713,915713,1.34504e+07
0,0,0,3.92356e+08,0,3.73936e+07,-915713,915713,1.34504e+07
0,0,0,3.92356e+08,0,3.8257e+07,-915713,915713,1.34504e+07
0,0,0,3.92356e+08,0,3.8259e+07,-915713,915713,1.34504e+07
0,0,0,3.92356e+08,0,3.8261e+07,-915713,915713,1.34504e+07
0,0,0,3.92356e+08,0,3.8263e+07,-915713,915713,1.34504e+07
0,0,0,3.92356e+08,0,4.11227e+07,-915713,915713,1.34504e+07
0,0,0,3.92356e+08,0,4.11249e+07,-915713,915713,1.34504e+07
0,0,0,3.92356e+08,0,4.1127e+07,-915713,915713,1.34504e+07
0,0,0,3.92356e+08,0,4.11292e+07,-915713,915713,1.34504e+07
0,0,0,3.92356e+08,0,4.11313e+07,-915713,915713,1.34504e+07
0,0,0,3.92356e+08,0,3.95285e+07,-915713,915713,1.34504e+07
0,0,0,3.92356e+08,0,3.95306e+07,-915713,915713,1.34504e+07
0,0,0,3.92356e+08,0,3.95326e+07,-915713,915713,1.34504e+07
0,0,0,3.92356e+08,0,3.95347e+07,-915713,915713,1.34504e+07
0,0,0,3.92356e+08,0,3.81229e+07,-915713,915713,1.34504e+07
0,0,0,3.92356e+08,0,3.81249e+07,-915713,915713,1.34504e+07
0,0,0,3.92356e+08,0,3.81268e+07,-915713,915713,1.34504e+07
0,0,0,3.92356e+08,0,3.81288e+07,-915713,915713,1.34504e+07
0,0,0,3.92356e+08,0,3.48561e+07,-915713,915713,1.34504e+07
0,0,0,3.92356e+08,0,3.48579e+07,-915713,915713,1.34504e+07
0,0,0,3.92356e+08,0,3.48597e+07,-915713,915713,1.34504e+07
0,0,0,3.92356e+08,0,3.48615e+07,-915713,915713,1.34504e+07
0,0,0,3.92356e+08,0,3.48633e+07,-915713,915713,1.34504e+07
0,0,0,3.92356e+08,0,3.5931e+07,-915713,915713,1.34504e+07
0,0,0,3.92356e+08,0,3.59325e+07,-915713,915713,1.34504e+07
0,0,0,3.92356e+08,0,3.59341e+07,-915713,915713,1.34504e+07
0,0,0,3.92356e+08,0,3.59357e+07,-915713,915713,1.34504e+07
0,0,0,3.92356e+08,0,3.96816e+07,-915713,915713,1.34504e+07
0,0,0,3.92356e+08,0,3.96833e+07,-915713,915713,1.34504e+07
0,0,0,3.92356e+08,0,3.9685e+07,-915713,915713,1.34504e+07
0,0,0,3.92356e+08,0,3.96868e+07,-915713,915713,1.34504e+07
0,0,0,3.92356e+08,0,3.4534e+07,-915713,915713,1.34504e+07
0,0,0,3.92356e+08,0,3.45355e+07,-915713,915713,1.34504e+07
0,0,0,3.92356e+08,0,3.4537e+07,-915713,915713,1.34504e+07
0,0,0,3.92356e+08,0,3.45385e+07,-915713,915713,1.34504e+07
0,0,0,3.92356e+08,0,3.454e+07,-915713,915713,1.34504e+07
0,0,0,3.92356e+08,0,3.58182e+07,-915713,915713,1.34504e+07
0,0,0,3.92356e+08,0,3.58197e+07,-915713,915713,1.34504e+07
0,0,0,3.92356e+08,0,3.58213e+07,-915713,915713,1.34504e+07
0,0,0,3.92356e+08,0,3.58229e+07,-915713,915713,1.34504e+07
0,0,0,3.92356e+08,0,3.39024e+07,0,0,1.34504e+07
0,0,0,3.92356e+08,0,3.39039e+07,0,0,1.34504e+07
0,0,0,3.92356e+08,0,3.39054e+07,0,0,1.34504e+07
0,0,0,3.92356e+08,0,3.53317e+07,-915713,915713,1.34504e+07
0,0,0,3.92356e+08,0,3.70648e+07,-915713,915713,1.34504e+07
0,0,0,3.92356e+08,0,3.70664e+07,-915713,915713,1.34504e+07
0,0,0,3.92356e+08,0,3.7068e+07,-915713,915713,1.34504e+07
0,0,0,3.92356e+08,0,3.70696e+07,-915713,915713,1.34504e+07
0,0,0,3.92356e+08,0,3.70713e+07,-915713,915713,1.34504e+07
0,0,0,3.92356e+08,0,3.74807e+07,-915713,915713,1.34504e+07
0,0,0,3.92356e+08,0,3.74823e+07,-915713,915713,1.34504e+07
0,0,0,3.92356e+08,0,3.7484e+07,-915713,915713,1.34504e+07
0,0,0,3.92356e+08,0,3.74856e+07,-915713,915713,1.34504e+07
0,0,0,3.92356e+08,0,3.8351e+07,-915713,915713,1.34504e+07
0,0,0,3.92356e+08,0,3.83526e+07,-915713,915713,1.34504e+07
0,0,0,3.92356e+08,0,3.83543e+07,-915713,915713,1.34504e+07
0,0,0,3.92356e+08,0,3.8356e+07,-915713,915713,1.34504e+07
0,0,0,3.92356e+08,0,4.12225e+07,-915713,915713,1.34504e+07
0,0,0,3.92356e+08,0,4.12243e+07,-915713,915713,1.34504e+07
0,0,0,3.92356e+08,0,4.12261e+07,-915713,915713,1.34504e+07
0,0,0,3.92356e+08,0,4.12279e+07,-915713,915713,1.34504e+07
0,0,0,3.92356e+08,0,4.12297e+07,-915713,915713,1.34504e+07
0,0,0,3.92356e+08,0,3.96226e+07,-915713,915713,1.34504e+07
0,0,0,3.92356e+08,0,3.96243e+07,-915713,915713,1.34504e+07
0,0,0,3.92356e+08,0,3.96261e+07,-915713,915713,1.34504e+07
0,0,0,3.92356e+08,0,3.96278e+07,-915713,915713,1.34504e+07
0,0,0,3.92356e+08,0,3.82122e+07,-915713,915713,1.34504e+07
0,0,0,3.92356e+08,0,3.82139e+07,-915713,915713,1.34504e+07
0,0,0,3.92356e+08,0,3.82155e+07,-915713,915713,1.34504e+07
0,0,0,3.92356e+08,0,3.82172e+07,-915713,915713,1.34504e+07
0,0,0,3.92356e+08,0,3.49363e+07,-915713,915713,1.34504e+07
0,0,0,3.92356e+08,0,3.49378e+07,-915713,915713,1.34504e+07
0,0,0,3.92356e+08,0,3.49393e+07,-915713,915713,1.34504e+07
0,0,0,3.92356e+08,0,3.49408e+07,-915713,915713,1.34504e+07
0,0,0,3.92356e+08,0,3.49424e+07,-915713,915713,1.34504e+07
0,0,0,3.92356e+08,0,3.60122e+07,-915713,915713,1.34504e+07
0,0,0,3.92356e+08,0,3.60135e+07,-915713,915713,1.34504e+07
0,0,0,3.92356e+08,0,3.60147e+07,-915713,915713,1.34504e+07
0,0,0,3.92356e+08,0,3.6016e+07,-915713,915713,1.34504e+07
0,0,0,3.92356e+08,0,3.97703e+07,-915713,915713,1.34504e+07
0,0,0,3.92356e+08,0,3.97717e+07,-915713,915713,1.34504e+07
0,0,0,3.92356e+08,0,3.97731e+07,-915713,915713,1.34504e+07
0,0,0,3.92356e+08,0,3.83498e+07,0,0,1.34504e+07
0,0,0,3.92356e+08,0,3.46095e+07,-915713,915713,1.34504e+07
0,0,0,3.92356e+08,0,3.31861e+07,0,0,1.34504e+07
0,0,0,3.92356e+08,0,3.31873e+07,0,0,1.34504e+07
0,0,0,3.92356e+08,0,3.31885e+07,0,0,1.34504e+07
0,0,0,3.92356e+08,0,3.31897e+07,0,0,1.34504e+07
0,0,0,3.92356e+08,0,3.44705e+07,0,0,1.34504e+07
0,0,0,3.92356e+08,0,3.44717e+07,0,0,1.34504e+07
0,0,0,3.92356e+08,0,3.4473e+07,0,0,1.34504e+07
0,0,0,3.92356e+08,0,3.44742e+07,0,0,1.34504e+07
0,0,0,3.92356e+08,0,3.3977e+07,0,0,1.34504e+07
0,0,0,3.92356e+08,0,3.39783e+07,0,0,1.34504e+07
0,0,0,3.92356e+08,0,3.39795e+07,0,0,1.34504e+07
0,0,0,3.92356e+08,0,3.39807e+07,0,0,1.34504e+07
0,0,0,3.92356e+08,0,3.57173e+07,0,0,1.34504e+07
0,0,0,3.92356e+08,0,3.71433e+07,-915713,915713,1.34504e+07
0,0,0,3.92356e+08,0,3.71446e+07,-915713,915713,1.34504e+07
0,0,0,3.92356e+08,0,3.71459e+07,-915713,915713,1.34504e+07
0,0,0,3.92356e+08,0,3.71472e+07,-915713,915713,1.34504e+07
0,0,0,3.92356e+08,0,3.75572e+07,-915713,915713,1.34504e+07
0,0,0,3.92356e+08,0,3.75585e+07,-915713,915713,1.34504e+07
0,0,0,3.92356e+08,0,3.75598e+07,-915713,915713,1.34504e+07
0,0,0,3.92356e+08,0,3.75611e+07,-915713,915713,1.34504e+07
0,0,0,3.92356e+08,0,3.8428e+07,-915713,915713,1.34504e+07
0,0,0,3.92356e+08,0,3.84293e+07,-915713,915713,1.34504e+07
0,0,0,3.92356e+08,0,3.84307e+07,-915713,915713,1.34504e+07
0,0,0,3.92356e+08,0,3.8432e+07,-915713,915713,1.34504e+07
0,0,0,3.92356e+08,0,4.13041e+07,-915713,915713,1.34504e+07
0,0,0,3.92356e+08,0,4.13055e+07,-915713,915713,1.34504e+07
0,0,0,3.92356e+08,0,4.1307e+07,-915713,915713,1.34504e+07
0,0,0,3.92356e+08,0,4.13084e+07,-915713,915713,1.34504e+07
0,0,0,3.92356e+08,0,4.13099e+07,-915713,915713,1.34504e+07
0,0,0,3.92356e+08,0,3.96992e+07,-915713,915713,1.34504e+07
0,0,0,3.92356e+08,0,3.97006e+07,-915713,915713,1.34504e+07
0,0,0,3.92356e+08,0,3.97019e+07,-915713,915713,1.34504e+07
0,0,0,3.92356e+08,0,3.97033e+07,-915713,915713,1.34504e+07
0,0,0,3.92356e+08,0,3.82846e+07,-915713,915713,1.34504e+07
0,0,0,3.92356e+08,0,3.8286e+07,-915713,915713,1.34504e+07
0,0,0,3.92356e+08,0,3.82873e+07,-915713,915713,1.34504e+07
0,0,0,3.92356e+08,0,3.82886e+07,-915713,915713,1.34504e+07
0,0,0,3.92356e+08,0,3.5001e+07,-915713,915713,1.34504e+07
0,0,0,3.92356e+08,0,3.50023e+07,-915713,915713,1.34504e+07
0,0,0,3.92356e+08,0,3.50035e+07,-915713,915713,1.34504e+07
0,0,0,3.92356e+08,0,3.50047e+07,-915713,915713,1.34504e+07
0,0,0,3.92356e+08,0,3.50059e+07,-915713,915713,1.34504e+07
0,0,0,3.92356e+08,0,3.60775e+07,-915713,915713,1.34504e+07
0,0,0,3.92356e+08,0,3.60785e+07,-915713,915713,1.34504e+07
0,0,0,3.92356e+08,0,3.60794e+07,-915713,915713,1.34504e+07
0,0,0,3.92356e+08,0,3.60804e+07,-915713,915713,1.34504e+07
0,0,0,3.92356e+08,0,3.98413e+07,-915713,915713,1.34504e+07
0,0,0,3.92356e+08,0,3.84177e+07,0,0,1.34504e+07
0,0,0,3.92356e+08,0,3.84187e+07,0,0,1.34504e+07
0,0,0,3.92356e+08,0,3.84198e+07,0,0,1.34504e+07
0,0,0,3.92356e+08,0,3.32451e+07,0,0,1.34504e+07
0,0,0,3.92356e+08,0,3.3246e+07,0,0,1.34504e+07
0,0,0,3.92356e+08,0,3.3247e+07,0,0,1.34504e+07
0,0,0,3.92356e+08,0,3.32479e+07,0,0,1.34504e+07
0,0,0,3.92356e+08,0,3.32488e+07,0,0,1.34504e+07
0,0,0,3.92356e+08,0,3.45315e+07,0,0,1.34504e+07
0,0,0,3.92356e+08,0,3.45325e+07,0,0,1.34504e+07
0,0,0,3.92356e+08,0,3.45334e+07,0,0,1.34504e+07
0,0,0,3.92356e+08,0,3.45344e+07,0,0,1.34504e+07
0,0,0,3.92356e+08,0,3.4036e+07,0,0,1.34504e+07
0,0,0,3.92356e+08,0,3.40369e+07,0,0,1.34504e+07
0,0,0,3.92356e+08,0,3.40379e+07,0,0,1.34504e+07
0,0,0,3.92356e+08,0,3.40388e+07,0,0,1.34504e+07
0,0,0,3.92356e+08,0,3.5778e+07,0,0,1.34504e+07
0,0,0,3.92356e+08,0,3.5779e+07,0,0,1.34504e+07
0,0,0,3.92356e+08,0,3.72047e+07,-915713,915713,1.34504e+07
0,0,0,3.92356e+08,0,3.72056e+07,-915713,915713,1.34504e+07
0,0,0,3.92356e+08,0,3.72066e+07,-915713,915713,1.34504e+07
0,0,0,3.92356e+08,0,3.7617e+07,-915713,915713,1.34504e+07
0,0,0,3.92356e+08,0,3.7618e+07,-915713,915713,1.34504e+07
0,0,0,3.92356e+08,0,3.7619e+07,-915713,915713,1.34504e+07
0,0,0,3.92356e+08,0,3.762e+07,-915713,915713,1.34504e+07
0,0,0,3.92356e+08,0,3.84879e+07,-915713,915713,1.34504e+07
0,0,0,3.92356e+08,0,3.84889e+07,-915713,915713,1.34504e+07
0,0,0,3.92356e+08,0,3.84899e+07,-915713,915713,1.34504e+07
0,0,0,3.92356e+08,0,3.84909e+07,-915713,915713,1.34504e+07
0,0,0,3.92356e+08,0,4.13672e+07,-915713,915713,1.34504e+07
0,0,0,3.92356e+08,0,4.13683e+07,-915713,915713,1.34504e+07
0,0,0,3.92356e+08,0,4.13694e+07,-915713,915713,1.34504e+07
0,0,0,3.92356e+08,0,4.13705e+07,-915713,915713,1.34504e+07
0,0,0,3.92356e+08,0,4.13716e+07,-915713,915713,1.34504e+07
0,0,0,3.92356e+08,0,3.97581e+07,-915713,915713,1.34504e+07
0,0,0,3.92356e+08,0,3.97591e+07,-915713,915713,1.34504e+07
0,0,0,3.92356e+08,0,3.97602e+07,-915713,915713,1.34504e+07
0,0,0,3.92356e+08,0,3.97612e+07,-915713,915713,1.34504e+07
0,0,0,3.92356e+08,0,3.834e+07,-915713,915713,1.34504e+07
0,0,0,3.92356e+08,0,3.8341e+07,-915713,915713,1.34504e+07
0,0,0,3.92356e+08,0,3.8342e+07,-915713,915713,1.34504e+07
0,0,0,3.92356e+08,0,3.83431e+07,-915713,915713,1.34504e+07
0,0,0,3.92356e+08,0,3.50503e+07,-915713,915713,1.34504e+07
0,0,0,3.92356e+08,0,3.50512e+07,-915713,915713,1.34504e+07
0,0,0,3.92356e+08,0,3.50521e+07,-915713,915713,1.34504e+07
0,0,0,3.92356e+08,0,3.50531e+07,-915713,915713,1.34504e+07
0,0,0,3.92356e+08,0,3.5054e+07,-915713,915713,1.34504e+07
0,0,0,3.92356e+08,0,3.61268e+07,-915713,915713,1.34504e+07
0,0,0,3.92356e+08,0,3.61274e+07,-915713,915713,1.34504e+07
0,0,0,3.92356e+08,0,3.61281e+07,-915713,915713,1.34504e+07
0,0,0,3.92356e+08,0,3.61287e+07,-915713,915713,1.34504e+07
0,0,0,3.92356e+08,0,3.98946e+07,-915713,915713,1.34504e+07
0,0,0,3.92356e+08,0,3.98953e+07,-915713,915713,1.34504e+07
0,0,0,3.92356e+08,0,3.9896e+07,-915713,915713,1.34504e+07
0,0,0,3.92356e+08,0,3.98967e+07,-915713,915713,1.34504e+07
0,0,0,3.92356e+08,0,3.47147e+07,-915713,915713,1.34504e+07
0,0,0,3.92356e+08,0,3.47154e+07,-915713,915713,1.34504e+07
0,0,0,3.92356e+08,0,3.4716e+07,-915713,915713,1.34504e+07
0,0,0,3.92356e+08,0,3.47166e+07,-915713,915713,1.34504e+07
0,0,0,3.92356e+08,0,3.47172e+07,-915713,915713,1.34504e+07
0,0,0,3.92356e+08,0,3.60014e+07,-915713,915713,1.34504e+07
0,0,0,3.92356e+08,0,3.6002e+07,-915713,915713,1.34504e+07
0,0,0,3.92356e+08,0,3.60026e+07,-915713,915713,1.34504e+07
0,0,0,3.92356e+08,0,3.60033e+07,-915713,915713,1.34504e+07
0,0,0,3.92356e+08,0,3.5504e+07,-915713,915713,1.34504e+07
0,0,0,3.92356e+08,0,3.55046e+07,-915713,915713,1.34504e+07
0,0,0,3.92356e+08,0,3.55052e+07,-915713,915713,1.34504e+07
0,0,0,3.92356e+08,0,3.55059e+07,-915713,915713,1.34504e+07
0,0,0,3.92356e+08,0,3.72469e+07,-915713,915713,1.34504e+07
0,0,0,3.92356e+08,0,3.72476e+07,-915713,915713,1.34504e+07
0,0,0,3.92356e+08,0,3.72483e+07,-915713,915713,1.34504e+07
0,0,0,3.92356e+08,0,3.72489e+07,-915713,915713,1.34504e+07
0,0,0,3.92356e+08,0,3.72496e+07,-915713,915713,1.34504e+07
0,0,0,3.92356e+08,0,3.76601e+07,-915713,915713,1.34504e+07
0,0,0,3.92356e+08,0,3.76608e+07,-915713,915713,1.34504e+07
0,0,0,3.92356e+08,0,3.76615e+07,-915713,915713,1.34504e+07
0,0,0,3.92356e+08,0,3.76622e+07,-915713,915713,1.34504e+07
0,0,0,3.92356e+08,0,3.85308e+07,-915713,915713,1.34504e+07
0,0,0,3.92356e+08,0,3.85315e+07,-915713,915713,1.34504e+07
0,0,0,3.92356e+08,0,3.85321e+07,-915713,915713,1.34504e+07
0,0,0,3.92356e+08,0,3.85328e+07,-915713,915713,1.34504e+07
0,0,0,3.92356e+08,0,4.1412e+07,-915713,915713,1.34504e+07
0,0,0,3.92356e+08,0,4.14128e+07,-915713,915713,1.34504e+07
0,0,0,3.92356e+08,0,4.14135e+07,-915713,915713,1.34504e+07
0,0,0,3.92356e+08,0,4.14143e+07,-915713,915713,1.34504e+07
0,0,0,3.92356e+08,0,4.1415e+07,-915713,915713,1.34504e+07
0,0,0,3.92356e+08,0,3.97994e+07,-915713,915713,1.34504e+07
0,0,0,3.92356e+08,0,3.98001e+07,-915713,915713,1.34504e+07
0,0,0,3.92356e+08,0,3.98008e+07,-915713,915713,1.34504e+07
0,0,0,3.92356e+08,0,3.98015e+07,-915713,915713,1.34504e+07
0,0,0,3.92356e+08,0,3.83785e+07,-915713,915713,1.34504e+07
0,0,0,3.92356e+08,0,3.83792e+07,-915713,915713,1.34504e+07
0,0,0,3.92356e+08,0,3.83799e+07,-915713,915713,1.34504e+07
0,0,0,3.92356e+08,0,3.83806e+07,-915713,915713,1.34504e+07
0,0,0,3.92356e+08,0,3.50842e+07,-915713,915713,1.34504e+07
0,0,0,3.92356e+08,0,3.50848e+07,-915713,915713,1.34504e+07
0,0,0,3.92356e+08,0,3.50854e+07,-915713,915713,1.34504e+07
0,0,0,3.92356e+08,0,3.5086e+07,-915713,915713,1.34504e+07
0,0,0,3.92356e+08,0,3.50867e+07,-915713,915713,1.34504e+07
0,0,0,3.92356e+08,0,3.50867e+07,-915713,915713,1.34504e+07
0,0,0,3.92356e+08,0,3.61602e+07,-915713,915713,1.34504e+07
0,0,0,3.92356e+08,0,3.61606e+07,-915713,915713,1.34504e+07
0,0,0,3.92356e+08,0,3.61609e+07,-915713,915713,1.34504e+07
0,0,0,3.92356e+08,0,3.61612e+07,-915713,915713,1.34504e+07
0,0,0,3.92356e+08,0,3.99303e+07,-915713,915713,1.34504e+07
0,0,0,3.92356e+08,0,3.99307e+07,-915713,915713,1.34504e+07
0,0,0,3.92356e+08,0,3.9931e+07,-915713,915713,1.34504e+07
0,0,0,3.92356e+08,0,3.99314e+07,-915713,915713,1.34504e+07
0,0,0,3.92356e+08,0,3.47445e+07,-915713,915713,1.34504e+07
0,0,0,3.92356e+08,0,3.47448e+07,-915713,915713,1.34504e+07
0,0,0,3.92356e+08,0,3.47451e+07,-915713,915713,1.34504e+07
0,0,0,3.92356e+08,0,3.47455e+07,-915713,915713,1.34504e+07
0,0,0,3.92356e+08,0,3.47458e+07,-915713,915713,1.34504e+07
0,0,0,3.92356e+08,0,3.60307e+07,-915713,915713,1.34504e+07
0,0,0,3.92356e+08,0,3.46064e+07,0,0,1.34504e+07
0,0,0,3.92356e+08,0,3.46067e+07,0,0,1.34504e+07
0,0,0,3.92356e+08,0,3.46071e+07,0,0,1.34504e+07
0,0,0,3.92356e+08,0,3.4107e+07,0,0,1.34504e+07
0,0,0,3.92356e+08,0,3.41074e+07,0,0,1.34504e+07
0,0,0,3.92356e+08,0,3.55324e+07,-915713,915713,1.34504e+07
0,0,0,3.92356e+08,0,3.55328e+07,-915713,915713,1.34504e+07
0,0,0,3.92356e+08,0,3.72749e+07,-915713,915713,1.34504e+07
0,0,0,3.92356e+08,0,3.72752e+07,-915713,915713,1.34504e+07
0,0,0,3.92356e+08,0,3.72756e+07,-915713,915713,1.34504e+07
0,0,0,3.92356e+08,0,3.72759e+07,-915713,915713,1.34504e+07
0,0,0,3.92356e+08,0,3.72763e+07,-915713,915713,1.34504e+07
0,0,0,3.92356e+08,0,3.76868e+07,-915713,915713,1.34504e+07
0,0,0,3.92356e+08,0,3.76872e+07,-915713,915713,1.34504e+07
0,0,0,3.92356e+08,0,3.76875e+07,-915713,915713,1.34504e+07
0,0,0,3.92356e+08,0,3.76879e+07,-915713,915713,1.34504e+07
0,0,0,3.92356e+08,0,3.85568e+07,-915713,915713,1.34504e+07
0,0,0,3.92356e+08,0,3.85572e+07,-915713,915713,1.34504e+07
0,0,0,3.92356e+08,0,3.85575e+07,-915713,915713,1.34504e+07
0,0,0,3.92356e+08,0,3.85579e+07,-915713,915713,1.34504e+07
0,0,0,3.92356e+08,0,4.14387e+07,-915713,915713,1.34504e+07
0,0,0,3.92356e+08,0,4.14391e+07,-915713,915713,1.34504e+07
0,0,0,3.92356e+08,0,4.14395e+07,-915713,915713,1.34504e+07
0,0,0,3.92356e+08,0,4.14399e+07,-915713,915713,1.34504e+07
0,0,0,3.92356e+08,0,4.14403e+07,-915713,915713,1.34504e+07
0,0,0,3.92356e+08,0,3.98233e+07,-915713,915713,1.34504e+07
0,0,0,3.92356e+08,0,3.98237e+07,-915713,915713,1.34504e+07
0,0,0,3.92356e+08,0,3.9824e+07,-915713,915713,1.34504e+07
0,0,0,3.92356e+08,0,3.98244e+07,-915713,915713,1.34504e+07
0,0,0,3.92356e+08,0,3.84002e+07,-915713,915713,1.34504e+07
0,0,0,3.92356e+08,0,3.84006e+07,-915713,915713,1.34504e+07
0,0,0,3.92356e+08,0,3.8401e+07,-915713,915713,1.34504e+07
0,0,0,3.92356e+08,0,3.84013e+07,-915713,915713,1.34504e+07
0,0,0,3.92356e+08,0,3.51028e+07,-915713,915713,1.34504e+07
0,0,0,3.92356e+08,0,3.51031e+07,-915713,915713,1.34504e+07
0,0,0,3.92356e+08,0,3.51035e+07,-915713,915713,1.34504e+07
0,0,0,3.92356e+08,0,3.51038e+07,-915713,915713,1.34504e+07
0,0,0,3.92356e+08,0,3.51041e+07,-915713,915713,1.34504e+07
0,0,0,3.92356e+08,0,3.61779e+07,-915713,915713,1.34504e+07
0,0,0,3.92356e+08,0,3.6178e+07,-915713,915713,1.34504e+07
0,0,0,3.92356e+08,0,3.6178e+07,-915713,915713,1.34504e+07
0,0,0,3.92356e+08,0,3.61781e+07,-915713,915713,1.34504e+07
0,0,0,3.92356e+08,0,3.99486e+07,-915713,915713,1.34504e+07
0,0,0,3.92356e+08,0,3.99486e+07,-915713,915713,1.34504e+07
0,0,0,3.92356e+08,0,3.99487e+07,-915713,915713,1.34504e+07
0,0,0,3.92356e+08,0,3.99487e+07,-915713,915713,1.34504e+07
0,0,0,3.92356e+08,0,3.47592e+07,-915713,915713,1.34504e+07
0,0,0,3.92356e+08,0,3.33345e+07,0,0,1.34504e+07
0,0,0,3.92356e+08,0,3.33346e+07,0,0,1.34504e+07
0,0,0,3.92356e+08,0,3.33346e+07,0,0,1.34504e+07
0,0,0,3.92356e+08,0,3.33347e+07,0,0,1.34504e+07
0,0,0,3.92356e+08,0,3.46198e+07,0,0,1.34504e+07
0,0,0,3.92356e+08,0,3.46199e+07,0,0,1.34504e+07
0,0,0,3.92356e+08,0,3.46199e+07,0,0,1.34504e+07
0,0,0,3.92356e+08,0,3.462e+07,0,0,1.34504e+07
0,0,0,3.92356e+08,0,3.41194e+07,0,0,1.34504e+07
0,0,0,3.92356e+08,0,3.41195e+07,0,0,1.34504e+07
0,0,0,3.92356e+08,0,3.41195e+07,0,0,1.34504e+07
0,0,0,3.92356e+08,0,3.41196e+07,0,0,1.34504e+07
0,0,0,3.92356e+08,0,3.5862e+07,0,0,1.34504e+07
0,0,0,3.92356e+08,0,3.5862e+07,0,0,1.34504e+07
0,0,0,3.92356e+08,0,3.58621e+07,0,0,1.34504e+07
0,0,0,3.92356e+08,0,3.58621e+07,0,0,1.34504e+07
0,0,0,3.92356e+08,0,3.58622e+07,0,0,1.34504e+07
0,0,0,3.92356e+08,0,3.62725e+07,0,0,1.34504e+07
0,0,0,3.92356e+08,0,3.62725e+07,0,0,1.34504e+07
0,0,0,3.92356e+08,0,3.76973e+07,-915713,915713,1.34504e+07
0,0,0,3.92356e+08,0,3.76973e+07,-915713,915713,1.34504e+07
0,0,0,3.92356e+08,0,3.85661e+07,-915713,915713,1.34504e+07
0,0,0,3.92356e+08,0,3.85662e+07,-915713,915713,1.34504e+07
0,0,0,3.92356e+08,0,3.85662e+07,-915713,915713,1.34504e+07
0,0,0,3.92356e+08,0,3.85663e+07,-915713,915713,1.34504e+07
0,0,0,3.92356e+08,0,4.14474e+07,-915713,915713,1.34504e+07
0,0,0,3.92356e+08,0,4.14474e+07,-915713,915713,1.34504e+07
0,0,0,3.92356e+08,0,4.14475e+07,-915713,915713,1.34504e+07
0,0,0,3.92356e+08,0,4.14475e+07,-915713,915713,1.34504e+07
0,0,0,3.92356e+08,0,4.14476e+07,-915713,915713,1.34504e+07
0,0,0,3.92356e+08,0,3.98299e+07,-915713,915713,1.34504e+07
0,0,0,3.92356e+08,0,3.983e+07,-915713,915713,1.34504e+07
0,0,0,3.92356e+08,0,3.983e+07,-915713,915713,1.34504e+07
0,0,0,3.92356e+08,0,3.98301e+07,-915713,915713,1.34504e+07
0,0,0,3.92356e+08,0,3.84054e+07,-915713,915713,1.34504e+07
0,0,0,3.92356e+08,0,3.84054e+07,-915713,915713,1.34504e+07
0,0,0,3.92356e+08,0,3.84055e+07,-915713,915713,1.34504e+07
0,0,0,3.92356e+08,0,3.84055e+07,-915713,915713,1.34504e+07
0,0,0,3.92356e+08,0,3.51063e+07,-915713,915713,1.34504e+07
0,0,0,3.92356e+08,0,3.51064e+07,-915713,915713,1.34504e+07
0,0,0,3.92356e+08,0,3.51064e+07,-915713,915713,1.34504e+07
0,0,0,3.92356e+08,0,3.51064e+07,-915713,915713,1.34504e+07
0,0,0,3.92356e+08,0,3.51065e+07,-915713,915713,1.34504e+07
0,0,0,3.92356e+08,0,3.47554e+07,0,0,1.34504e+07
0,0,0,3.92356e+08,0,3.47551e+07,0,0,1.34504e+07
0,0,0,3.92356e+08,0,3.47549e+07,0,0,1.34504e+07
0,0,0,3.92356e+08,0,3.47546e+07,0,0,1.34504e+07
0,0,0,3.92356e+08,0,3.85249e+07,0,0,1.34504e+07
0,0,0,3.92356e+08,0,3.85247e+07,0,0,1.34504e+07
0,0,0,3.92356e+08,0,3.85244e+07,0,0,1.34504e+07
0,0,0,3.92356e+08,0,3.85241e+07,0,0,1.34504e+07
0,0,0,3.92356e+08,0,3.33342e+07,0,0,1.34504e+07
0,0,0,3.92356e+08,0,3.3334e+07,0,0,1.34504e+07
0,0,0,3.92356e+08,0,3.33338e+07,0,0,1.34504e+07
0,0,0,3.92356e+08,0,3.33335e+07,0,0,1.34504e+07
0,0,0,3.92356e+08,0,3.33333e+07,0,0,1.34504e+07
0,0,0,3.92356e+08,0,3.46181e+07,0,0,1.34504e+07
0,0,0,3.92356e+08,0,3.46178e+07,0,0,1.34504e+07
0,0,0,3.92356e+08,0,3.46176e+07,0,0,1.34504e+07
0,0,0,3.92356e+08,0,3.46173e+07,0,0,1.34504e+07
0,0,0,3.92356e+08,0,3.41165e+07,0,0,1.34504e+07
0,0,0,3.92356e+08,0,3.41163e+07,0,0,1.34504e+07
0,0,0,3.92356e+08,0,3.4116e+07,0,0,1.34504e+07
0,0,0,3.92356e+08,0,3.41158e+07,0,0,1.34504e+07
0,0,0,3.92356e+08,0,3.58577e+07,0,0,1.34504e+07
0,0,0,3.92356e+08,0,3.58574e+07,0,0,1.34504e+07
0,0,0,3.92356e+08,0,3.58572e+07,0,0,1.34504e+07
0,0,0,3.92356e+08,0,3.58569e+07,0,0,1.34504e+07
0,0,0,3.92356e+08,0,3.58566e+07,0,0,1.34504e+07
0,0,0,3.92356e+08,0,3.76913e+07,-915713,915713,1.34504e+07
0,0,0,3.92356e+08,0,3.7691e+07,-915713,915713,1.34504e+07
0,0,0,3.92356e+08,0,3.76907e+07,-915713,915713,1.34504e+07
0,0,0,3.92356e+08,0,3.76905e+07,-915713,915713,1.34504e+07
0,0,0,3.92356e+08,0,3.85588e+07,-915713,915713,1.34504e+07
0,0,0,3.92356e+08,0,3.85585e+07,-915713,915713,1.34504e+07
0,0,0,3.92356e+08,0,3.85582e+07,-915713,915713,1.34504e+07
0,0,0,3.92356e+08,0,3.8558e+07,-915713,915713,1.34504e+07
0,0,0,3.92356e+08,0,4.14381e+07,-915713,915713,1.34504e+07
0,0,0,3.92356e+08,0,4.14378e+07,-915713,915713,1.34504e+07
0,0,0,3.92356e+08,0,4.14375e+07,-915713,915713,1.34504e+07
0,0,0,3.92356e+08,0,4.14372e+07,-915713,915713,1.34504e+07
0,0,0,3.92356e+08,0,4.14369e+07,-915713,915713,1.34504e+07
0,0,0,3.92356e+08,0,3.98194e+07,-915713,915713,1.34504e+07
0,0,0,3.92356e+08,0,3.98191e+07,-915713,915713,1.34504e+07
0,0,0,3.92356e+08,0,3.98188e+07,-915713,915713,1.34504e+07
0,0,0,3.92356e+08,0,3.98185e+07,-915713,915713,1.34504e+07
0,0,0,3.92356e+08,0,3.83939e+07,-915713,915713,1.34504e+07
0,0,0,3.92356e+08,0,3.83937e+07,-915713,915713,1.34504e+07
0,0,0,3.92356e+08,0,3.83934e+07,-915713,915713,1.34504e+07
0,0,0,3.92356e+08,0,3.83931e+07,-915713,915713,1.34504e+07
0,0,0,3.92356e+08,0,3.50947e+07,-915713,915713,1.34504e+07
0,0,0,3.92356e+08,0,3.50945e+07,-915713,915713,1.34504e+07
0,0,0,3.92356e+08,0,3.50942e+07,-915713,915713,1.34504e+07
0,0,0,3.92356e+08,0,3.5094e+07,-915713,915713,1.34504e+07
0,0,0,3.92356e+08,0,3.50937e+07,-915713,915713,1.34504e+07
0,0,0,3.92356e+08,0,3.61666e+07,-915713,915713,1.34504e+07
0,0,0,3.92356e+08,0,3.61661e+07,-915713,915713,1.34504e+07
0,0,0,3.92356e+08,0,3.61655e+07,-915713,915713,1.34504e+07
0,0,0,3.92356e+08,0,3.6165e+07,-915713,915713,1.34504e+07
0,0,0,3.92356e+08,0,3.99334e+07,-915713,915713,1.34504e+07
0,0,0,3.92356e+08,0,3.85081e+07,0,0,1.34504e+07
0,0,0,3.92356e+08,0,3.85075e+07,0,0,1.34504e+07
0,0,0,3.92356e+08,0,3.85069e+07,0,0,1.34504e+07
0,0,0,3.92356e+08,0,3.3319e+07,0,0,1.34504e+07
0,0,0,3.92356e+08,0,3.33185e+07,0,0,1.34504e+07
0,0,0,3.92356e+08,0,3.3318e+07,0,0,1.34504e+07
0,0,0,3.92356e+08,0,3.33175e+07,0,0,1.34504e+07
0,0,0,3.92356e+08,0,3.33169e+07,0,0,1.34504e+07
0,0,0,3.92356e+08,0,3.46008e+07,0,0,1.34504e+07
0,0,0,3.92356e+08,0,3.46002e+07,0,0,1.34504e+07
0,0,0,3.92356e+08,0,3.45997e+07,0,0,1.34504e+07
0,0,0,3.92356e+08,0,3.45991e+07,0,0,1.34504e+07
0,0,0,3.92356e+08,0,3.40983e+07,0,0,1.34504e+07
0,0,0,3.92356e+08,0,3.40978e+07,0,0,1.34504e+07
0,0,0,3.92356e+08,0,3.40973e+07,0,0,1.34504e+07
0,0,0,3.92356e+08,0,3.40967e+07,0,0,1.34504e+07
0,0,0,3.92356e+08,0,3.58373e+07,0,0,1.34504e+07
0,0,0,3.92356e+08,0,3.58368e+07,0,0,1.34504e+07
0,0,0,3.92356e+08,0,3.58362e+07,0,0,1.34504e+07
0,0,0,3.92356e+08,0,3.72603e+07,-915713,915713,1.34504e+07
0,0,0,3.92356e+08,0,3.72598e+07,-915713,915713,1.34504e+07
0,0,0,3.92356e+08,0,3.76691e+07,-915713,915713,1.34504e+07
0,0,0,3.92356e+08,0,3.76686e+07,-915713,915713,1.34504e+07
0,0,0,3.92356e+08,0,3.7668e+07,-915713,915713,1.34504e+07
0,0,0,3.92356e+08,0,3.76674e+07,-915713,915713,1.34504e+07
0,0,0,3.92356e+08,0,3.85349e+07,-915713,915713,1.34504e+07
0,0,0,3.92356e+08,0,3.85343e+07,-915713,915713,1.34504e+07
0,0,0,3.92356e+08,0,3.85337e+07,-915713,915713,1.34504e+07
0,0,0,3.92356e+08,0,3.85331e+07,-915713,915713,1.34504e+07
0,0,0,3.92356e+08,0,4.14109e+07,-915713,915713,1.34504e+07
0,0,0,3.92356e+08,0,4.14103e+07,-915713,915713,1.34504e+07
0,0,0,3.92356e+08,0,4.14097e+07,-915713,915713,1.34504e+07
0,0,0,3.92356e+08,0,4.1409e+07,-915713,915713,1.34504e+07
0,0,0,3.92356e+08,0,4.14084e+07,-915713,915713,1.34504e+07
0,0,0,3.92356e+08,0,3.97917e+07,-915713,915713,1.34504e+07
0,0,0,3.92356e+08,0,3.97911e+07,-915713,915713,1.34504e+07
0,0,0,3.92356e+08,0,3.97905e+07,-915713,915713,1.34504e+07
0,0,0,3.92356e+08,0,3.97898e+07,-915713,915713,1.34504e+07
0,0,0,3.92356e+08,0,3.8366e+07,-915713,915713,1.34504e+07
0,0,0,3.92356e+08,0,3.83654e+07,-915713,915713,1.34504e+07
0,0,0,3.92356e+08,0,3.83648e+07,-915713,915713,1.34504e+07
