0volume,0demand,0up_spill,0ww_inflow,0catch_inflow,0evap,0ds_spill,0treat_cap,1volume,1demand,1up_spill,1ww_inflow,1catch_inflow,1evap,1ds_spill,1treat_cap,2volume,2s_area,2demand,2up_spill,2ww_inflow,2catch_inflow,2evap,2ds_spill,2treat_cap,2valloc_0,2talloc_0,2valloc_1,2talloc_1,3volume,3demand,3up_spill,3ww_inflow,3catch_inflow,3evap,3ds_spill,3treat_cap,3valloc_1,3talloc_1,3valloc_2,3talloc_2,4demand,4up_spill,4ww_inflow,4catch_inflow,4ds_spill,4treat_cap,11volume,11s_area,11demand,11up_spill,11ww_inflow,11catch_inflow,11evap,11ds_spill,11treat_cap
72.29,1.84028,0,0,5.08336,0.267637,2.97545,3.6288,61.308,0,0,0,1.74503,0.265502,1.47953,0.66528,12.849,1,0.327095,2.97545,0,85.3502,4.94771,83.0509,0.84672,12.849,0.84672,3695.15,0,0,0,2.31594,0,11.7019,1.24048,12.7774,0.42336,0,0.42336,460.49,0,1.69344,0,0,4.00938,2.31594,1.028160,1,0,97.3078,0,0,0,97.3078,0
72.29,1.85863,0,0,3.99008,0.267637,1.86382,3.6288,61.308,0.66528,0,0,1.41823,0.265502,0.487448,0.66528,12.849,1,0.330357,1.86382,0,81.9358,4.94771,78.5216,0.84672,12.849,0.84672,3695.15,0,0,0,2.33819,1.74664,9.35626,1.24048,12.2006,0.42336,0,0.42336,460.49,0,1.02816,0,0,3.36635,2.33819,1.028160,1,0,91.2096,0,0,0,91.2096,0
72.29,1.85981,0,0,3.77022,0.270917,1.6395,3.6288,61.308,0.66528,0,0,1.22344,0.236565,0.321596,0.66528,12.849,1,0.330566,1.6395,0,61.6664,4.12752,58.8479,0.84672,12.849,0.84672,3695.15,0,0,0,1.83334,1.73506,6.77519,1.04254,9.30106,0.42336,0,0.42336,460.49,0,1.02816,0,0,2.8615,1.83334,1.028160,1,0,68.4705,0,0,0,68.4705,0
72.29,1.86098,0,0,2.82091,0.27965,0.680276,3.6288,61.308,0.66528,0,0,1.45212,0.197807,0.589038,0.66528,12.849,1,0.330776,0.680276,0,52.0487,3.68098,48.7172,0.84672,12.849,0.84672,3695.15,0,0,0,1.8978,1.73532,5.85401,1.09509,8.39204,0.42336,0,0.42336,460.49,0,1.02816,0,0,2.92596,1.8978,1.028160,1,0,57.6983,0,0,0,57.6983,0
72.29,2.06699,0,0,3.34598,0.281108,0.997879,3.6288,61.308,0.66528,0,0,1.65864,0.196461,0.796897,0.66528,12.849,1,0.367392,0.997879,0,65.9879,3.12656,63.4918,0.84672,12.849,0.84672,3695.15,0,0,0,2.24434,1.73558,9.47402,0.9376,12.5163,0.42336,0,0.42336,460.49,0,1.02816,0,0,3.2725,2.24434,1.028160,1,0,76.8051,0,0,0,76.8051,0
72.29,2.21147,0,0,3.01762,0.298481,0.507675,3.6288,61.308,0.66528,0,0,1.53919,0.1974,0.67651,0.66528,12.849,1,0.393072,0.507675,0,64.8531,3.05833,61.9093,0.84672,12.849,0.84672,3695.15,0,0,0,2.54701,1.91138,8.53295,0.959025,12.0323,0.42336,0,0.42336,460.49,0,1.02816,0,0,3.57517,2.54701,1.028160,1,0,74.6181,0,0,0,74.6181,0
72.29,2.21277,0,0,3.74827,0.298481,1.23702,3.6288,61.308,0.66528,0,0,1.55936,0.1974,0.696676,0.66528,12.849,1,0.393303,1.23702,0,92.7884,3.05833,90.5738,0.84672,12.849,0.84672,3695.15,0,0,0,2.83661,1.81298,9.36636,0.959025,13.0569,0.42336,0,0.42336,460.49,0,1.02816,0,0,3.86477,2.83661,1.028160,1,0,104.327,0,0,0,104.327,0
72.29,2.21407,0,0,3.76238,0.298481,1.24983,3.6288,61.308,0.66528,0,0,1.7286,0.1974,0.865916,0.66528,12.849,1,0.393534,1.24983,0,85.8358,3.05833,83.6338,0.84672,12.849,0.84672,3695.15,0,0,0,2.953,1.81327,9.86792,0.959025,13.6752,0.42336,0,0.42336,460.49,0,1.02816,0,0,3.98116,2.953,1.028160,1,0,98.1748,0,0,0,98.1748,0
72.29,1.9228,0,0,3.70107,0.313349,1.46492,3.6288,61.308,0.459991,0,0,1.89014,0.166097,1.26405,0.66528,12.849,1,0.341764,1.46492,0,103.691,2.68214,102.132,0.84672,12.849,0.84672,3695.15,0,0,0,2.93828,1.81356,10.4037,0.834213,14.3213,0.42336,0,0.42336,460.49,0,1.02816,0,0,3.96644,2.93828,1.028160,1,0,117.718,0,0,0,117.718,0
72.29,1.75951,0,0,6.24852,0.3245,4.16451,3.6288,61.308,0.653645,0,0,2.2892,0.142619,1.49294,0.66528,12.849,1,0.312739,4.16451,0,129.867,2.39999,131.319,0.84672,12.849,0.84672,3695.15,0,0,0,5.21351,1.57413,11.5572,0.740604,17.6042,0.42336,0,0.42336,460.49,0,1.02816,0,0,6.24167,5.21351,1.028160,1,0,150.416,0,0,0,150.416,0
72.29,1.76022,0,0,5.57171,0.3245,3.48699,3.6288,61.308,0.654134,0,0,1.9266,0.142619,1.12985,0.66528,12.849,1,0.312866,3.48699,0,127.707,2.39999,128.481,0.84672,12.849,0.84672,3695.15,0,0,0,2.83684,1.6877,12.029,0.740604,15.813,0.42336,0,0.42336,460.49,0,1.02816,0,0,3.865,2.83684,1.028160,1,0,145.424,0,0,0,145.424,0
72.29,1.76094,0,0,5.18885,0.291887,3.13602,3.6288,61.308,0.654623,0,0,1.9566,0.149012,1.15296,0.66528,12.849,1,0.312993,3.13602,0,141.293,2.76937,141.347,0.84672,12.849,0.84672,3695.15,0,0,0,4.62663,1.68824,10.0534,0.84186,15.5264,0.42336,0,0.42336,460.49,0,1.02816,0,0,5.65479,4.62663,1.028160,1,0,158.026,0,0,0,158.026,0
72.29,1.76165,0,0,5.77714,0.300924,3.71456,3.6288,61.308,0.655113,0,0,2.28031,0.162599,1.4626,0.66528,12.849,1,0.31312,3.71456,0,104.251,3.61388,104.039,0.84672,12.849,0.84672,3695.15,0,0,0,4.81096,1.68877,11.2909,0.931933,16.8587,0.42336,0,0.42336,460.49,0,1.02816,0,0,5.83912,4.81096,1.028160,1,0,122.36,0,0,0,122.36,0
72.29,1.83614,0,0,3.52253,0.319289,1.3671,3.6288,61.308,0.66528,0,0,2.34192,0.175478,1.50116,0.66528,12.849,1,0.326361,1.3671,0,87.0601,3.50269,84.5981,0.84672,12.849,0.84672,3695.15,0,0,0,6.82275,1.68931,11.0544,0.901533,18.6649,0.42336,0,0.42336,460.49,0,1.02816,0,0,7.85091,6.82275,1.028160,1,0,104.764,0,0,0,104.764,0
72.29,1.85815,0,0,4.20587,0.319289,2.02843,3.6288,61.308,0.66528,0,0,3.81709,0.175478,2.97633,0.66528,12.849,1,0.330271,2.02843,0,99.8015,3.50269,97.997,0.84672,12.849,0.84672,3695.15,0,0,0,7.99401,1.74905,11.6571,0.901533,20.4986,0.42336,0,0.42336,460.49,0,1.02816,0,0,9.02217,7.99401,1.028160,1,0,121.472,0,0,0,121.472,0
72.29,1.85932,0,0,2.96569,0.319289,0.787078,3.6288,61.308,0.66528,0,0,1.95815,0.175478,1.11739,0.66528,12.849,1,0.33048,0.787078,0,68.2819,3.50269,65.2358,0.84672,12.849,0.84672,3695.15,0,0,0,4.85046,1.73496,9.01869,0.901533,14.7026,0.42336,0,0.42336,460.49,0,1.02816,0,0,5.87862,4.85046,1.028160,1,0,81.0558,0,0,0,81.0558,0
72.29,1.8605,0,0,2.67722,0.310361,0.506359,3.6288,61.308,0.66528,0,0,2.14529,0.180236,1.29978,0.66528,12.849,1,0.330689,0.506359,0,74.4016,3.56086,71.0164,0.84672,12.849,0.84672,3695.15,0,0,0,5.02989,1.73522,9.43704,0.912983,15.2892,0.42336,0,0.42336,460.49,0,1.02816,0,0,6.05805,5.02989,1.028160,1,0,87.6054,0,0,0,87.6054,0
72.29,1.83279,0,0,2.9213,0.240426,0.848093,3.6288,61.308,0.665021,0,0,1.63713,0.22142,0.750691,0.66528,12.849,1,0.325764,0.848093,0,68.1506,4.2661,64.4068,0.84672,12.849,0.84672,3695.15,0,0,0,3.23495,1.73547,7.1899,1.04061,11.1197,0.42336,0,0.42336,460.49,0,1.02816,0,0,4.26311,3.23495,1.028160,1,0,76.2772,0,0,0,76.2772,0
72.1591,1.8156,0,0,2.28528,0.237699,0.36288,3.6288,61.308,0.66528,0,0,1.21072,0.223527,0.321916,0.66528,12.849,1,0.32271,0.36288,0,55.5525,4.32548,51.2672,0.84672,12.849,0.84672,3695.15,0,0,0,2.40405,1.71266,5.48548,1.05043,8.55178,0.42336,0,0.42336,460.49,0,1.02816,0,0,3.43221,2.40405,1.028160,1,0,60.1409,0,0,0,60.1409,0
71.7461,1.81627,0,0,2.00357,0.237463,0.36288,3.6288,61.308,0.66528,0,0,1.14166,0.223527,0.252857,0.66528,12.849,1,0.323413,0.36288,0,50.724,4.32548,46.438,0.84672,12.849,0.84672,3695.15,0,0,0,1.9887,1.72556,5.10901,1.05043,7.77285,0.42336,0,0.42336,460.49,0,1.02816,0,0,3.01686,1.9887,1.028160,1,0,54.4637,0,0,0,54.4637,0
71.5038,1.81584,0,0,2.17314,0.236718,0.36288,3.6288,61.308,0.66528,0,0,1.09547,0.223527,0.206667,0.66528,12.849,1,0.3252,0.36288,0,54.6815,4.32548,50.3937,0.84672,12.849,0.84672,3695.15,0,0,0,1.42249,1.72582,5.59152,1.05043,7.6894,0.42336,0,0.42336,460.49,0,1.02816,0,0,2.45065,1.42249,1.028160,1,0,58.2898,0,0,0,58.2898,0
71.0731,1.9141,0,0,2.02229,0.176006,0.36288,3.6288,61.308,0.66528,0,0,1.09813,0.232389,0.200458,0.66528,12.849,1,0.343957,0.36288,0,47.5094,4.75597,42.7723,0.84672,12.849,0.84672,3695.15,0,0,0,1.40328,1.72607,5.01593,1.10781,7.03748,0.42336,0,0.42336,460.49,0,1.02816,0,0,2.43144,1.40328,1.028160,1,0,50.0103,0,0,0,50.0103,0
70.2763,1.97851,0,0,1.70065,0.15599,0.36288,3.6288,61.308,0.66528,0,0,0.949389,0.215932,0.0681771,0.66528,12.849,1,0.357687,0.36288,0,40.0168,4.96219,35.0598,0.84672,12.849,0.84672,3695.15,0,0,0,1.17055,1.80729,4.18846,1.10447,6.06183,0.42336,0,0.42336,460.49,0,1.02816,0,0,2.19871,1.17055,1.028160,1,0,41.1898,0,0,0,41.1898,0
69.3964,1.9763,0,0,1.6143,0.155038,0.36288,3.6288,61.2933,0.66528,0,0,0.866488,0.215932,0,0.66528,12.849,1,0.361337,0.36288,0,36.2637,4.96219,31.3031,0.84672,12.849,0.84672,3695.15,0,0,0,0.933034,1.76267,3.93133,1.10447,5.52256,0.42336,0,0.42336,460.49,0,1.02816,0,0,1.96119,0.933034,1.028160,1,0,36.8256,0,0,0,36.8256,0
68.4045,1.97364,0,0,1.46341,0.118786,0.36288,3.6288,61.2157,0.66528,0,0,0.827176,0.239518,0,0.66528,12.849,1,0.365427,0.36288,0,31.9751,5.22994,26.7426,0.84672,12.849,0.84672,3695.15,0,0,0,0.868951,1.76294,3.8292,1.17288,5.2882,0.42336,0,0.42336,460.49,0,1.02816,0,0,1.89711,0.868951,1.028160,1,0,32.0308,0,0,0,32.0308,0
67.5246,1.97039,0,0,1.55886,0.105557,0.36288,3.6288,61.0858,0.66528,0,0,0.775189,0.239714,0,0.66528,12.849,1,0.370115,0.36288,0,32.6781,5.18456,27.4863,0.84672,12.849,0.84672,3695.15,0,0,0,0.784901,1.7632,3.99087,1.17225,5.36673,0.42336,0,0.42336,460.49,0,1.02816,0,0,1.81306,0.784901,1.028160,1,0,32.8531,0,0,0,32.8531,0
67.5809,1.9483,0,0,2.48226,0.114704,0.36288,3.6288,60.9295,0.66528,0,0,0.693723,0.184816,0,0.66528,12.849,1,0.370734,0.36288,0,41.2341,4.26961,36.9566,0.84672,12.849,0.84672,3695.15,0,0,0,1.09462,1.76347,5.36997,1.00426,7.2238,0.42336,0,0.42336,460.49,0,1.02816,0,0,2.12278,1.09462,1.028160,1,0,44.1804,0,0,0,44.1804,0
67.3666,1.98526,0,0,2.24859,0.114755,0.36288,3.6288,60.7425,0.66528,0,0,0.66293,0.184633,0,0.66528,12.849,1,0.377452,0.36288,0,40.5225,4.26961,36.2384,0.84672,12.849,0.84672,3695.15,0,0,0,0.989116,1.79209,5.07304,1.00426,6.84998,0.42336,0,0.42336,460.49,0,1.02816,0,0,2.01728,0.989116,1.028160,1,0,43.0883,0,0,0,43.0883,0
66.9557,1.98546,0,0,2.04736,0.10998,0.36288,3.6288,60.5088,0.66528,0,0,0.626943,0.195344,0,0.66528,12.849,1,0.378692,0.36288,0,35.6718,4.41076,31.2452,0.84672,12.849,0.84672,3695.15,0,0,0,0.796418,1.76765,4.92377,1.05579,6.43205,0.42336,0,0.42336,460.49,0,1.02816,0,0,1.82458,0.796418,1.028160,1,0,37.6773,0,0,0,37.6773,0
66.4696,1.98472,0,0,1.94374,0.0822202,0.36288,3.6288,60.1703,0.66528,0,0,0.587283,0.260537,0,0.66528,12.849,1,0.380875,0.36288,0,32.1735,5.25766,26.8978,0.84672,12.849,0.84672,3695.15,0,0,0,0.821431,1.76792,4.69517,1.36492,5.91959,0.42336,0,0.42336,460.49,0,1.02816,0,0,1.84959,0.821431,1.028160,1,0,32.8174,0,0,0,32.8174,0
65.8153,2.03325,0,0,1.81432,0.0724585,0.36288,3.6288,59.7461,0.66528,0,0,0.527117,0.285986,0,0.66528,12.849,1,0.39304,0.36288,0,27.1663,5.69154,21.4446,0.84672,12.849,0.84672,3695.15,0,0,0,0.482846,1.76819,4.0333,1.47946,4.80487,0.42336,0,0.42336,460.49,0,1.02816,0,0,1.51101,0.482846,1.028160,1,0,26.2495,0,0,0,26.2495,0
65.2268,2.06276,0,0,1.90546,0.0683236,0.36288,3.6288,59.3142,0.66528,0,0,0.528981,0.29559,0,0.66528,12.849,1,0.402708,0.36288,0,35.9201,5.86509,30.0152,0.84672,12.849,0.84672,3695.15,0,0,0,0.594216,1.8087,4.24958,1.52528,5.12722,0.42336,0,0.42336,460.49,0,1.02816,0,0,1.62238,0.594216,1.028160,1,0,35.1424,0,0,0,35.1424,0
64.5121,2.06096,0,0,1.77712,0.0680027,0.36288,3.6288,58.8227,0.66528,0,0,0.468537,0.294775,0,0.66528,12.849,1,0.405987,0.36288,0,28.4163,5.86509,22.5081,0.84672,12.849,0.84672,3695.15,0,0,0,0.573307,1.78691,3.87887,1.52528,4.71381,0.42336,0,0.42336,460.49,0,1.02816,0,0,1.60147,0.573307,1.028160,1,0,27.2219,0,0,0,27.2219,0
63.6396,2.05844,0,0,1.61646,0.067613,0.36288,3.6288,58.3037,0.66528,0,0,0.440103,0.293847,0,0.66528,12.849,1,0.409984,0.36288,0,26.1295,5.86509,20.2173,0.84672,12.849,0.84672,3695.15,0,0,0,0.322678,1.78719,3.54999,1.52528,4.13458,0.42336,0,0.42336,460.49,0,1.02816,0,0,1.35084,0.322678,1.028160,1,0,24.3519,0,0,0,24.3519,0
62.7705,2.19956,0,0,1.74678,0.0534815,0.36288,3.6288,57.8331,0.66528,0,0,0.501702,0.307009,0,0.66528,12.849,1,0.444096,0.36288,0,24.8307,6.08529,18.6642,0.84672,12.849,0.84672,3695.15,0,0,0,0.706095,1.78747,4.58799,1.57863,5.50292,0.42336,0,0.42336,460.49,0,1.02816,0,0,1.73426,0.706095,1.028160,1,0,24.1671,0,0,0,24.1671,0
61.713,2.3046,0,0,1.66099,0.0510332,0.36288,3.6288,57.2756,0.66528,0,0,0.431321,0.323593,0,0.66528,12.849,1,0.471747,0.36288,0,20.0608,6.11236,13.8396,0.84672,12.849,0.84672,3695.15,0,0,0,0.416612,1.92561,3.04598,1.60741,3.78079,0.42336,0,0.42336,460.49,0,1.02816,0,0,1.44477,0.416612,1.028160,1,0,17.6203,0,0,0,17.6203,0
60.3686,2.29872,0,0,1.36779,0.0505919,0.36288,3.6288,56.6633,0.66528,0,0,0.375415,0.322426,0,0.66528,12.849,1,0.478607,0.36288,0,24.9043,6.11236,18.6762,0.84672,12.849,0.84672,3695.15,0,0,0,0.248461,1.84919,2.71748,1.60741,3.20772,0.42336,0,0.42336,460.49,0,1.02816,0,0,1.27662,0.248461,1.028160,1,0,21.8839,0,0,0,21.8839,0
59.178,2.29074,0,0,1.51313,0.0500307,0.36288,3.6288,56.1925,0.66528,0,0,0.515695,0.321146,0,0.66528,12.849,1,0.487567,0.36288,0,21.352,6.11236,15.115,0.84672,12.849,0.84672,3695.15,0,0,0,0.643041,1.84985,3.24745,1.60741,4.13292,0.42336,0,0.42336,460.49,0,1.02816,0,0,1.6712,0.643041,1.028160,1,0,19.2479,0,0,0,19.2479,0
57.8852,2.28349,0,0,1.4053,0.0517481,0.36288,3.6288,55.6349,0.66528,0,0,0.414497,0.306818,0,0.66528,12.849,1,0.495802,0.36288,0,20.485,5.74267,14.6094,0.84672,12.849,0.84672,3695.15,0,0,0,0.510641,1.8505,3.68956,1.46351,4.58719,0.42336,0,0.42336,460.49,0,1.02816,0,0,1.5388,0.510641,1.028160,1,0,19.1966,0,0,0,19.1966,0
57.7377,2.20581,0,0,2.41932,-0.00185176,0.36288,3.6288,55.3511,0.611441,0,0,0.657573,0.329967,0,0.66528,12.849,1,0.489633,0.36288,0,41.3716,5.39346,35.8514,0.84672,12.849,0.84672,3695.15,0,0,0,1.23939,1.85115,5.21223,1.53324,6.76953,0.42336,0,0.42336,460.49,0,1.02816,0,0,2.26755,1.23939,1.028160,1,0,42.6209,0,0,0,42.6209,0
57.6701,2.14448,0,0,2.53039,0.0906789,0.36288,3.6288,55.2542,0.66528,0,0,0.839143,0.270726,0,0.66528,12.849,1,0.477236,0.36288,0,38.4792,3.86841,34.4964,0.84672,12.849,0.84672,3695.15,0,0,0,1.70055,1.77188,6.27522,1.16563,8.58203,0.42336,0,0.42336,460.49,0,1.02816,0,0,2.72871,1.70055,1.028160,1,0,43.0785,0,0,0,43.0785,0
57.5997,2.14528,0,0,2.53658,0.0988158,0.36288,3.6288,55.2542,0.66528,0,0,0.938727,0.273457,0,0.66528,12.849,1,0.477973,0.36288,0,43.8818,3.91723,39.8495,0.84672,12.849,0.84672,3695.15,0,0,0,1.74926,1.81621,6.87018,1.19359,9.24207,0.42336,0,0.42336,460.49,0,1.02816,0,0,2.77742,1.74926,1.028160,1,0,49.0915,0,0,0,49.0915,0
57.7158,2.14606,0,0,2.72379,0.0987478,0.36288,3.6288,55.3027,0.66528,0,0,0.987198,0.273457,0,0.66528,12.849,1,0.47873,0.36288,0,64.4643,3.91723,60.4312,0.84672,12.849,0.84672,3695.15,0,0,0,1.95185,1.8165,7.52527,1.19359,10.1,0.42336,0,0.42336,460.49,0,1.02816,0,0,2.98001,1.95185,1.028160,1,0,70.5313,0,0,0,70.5313,0
59.1449,2.09107,0,0,4.0267,0.143647,0.36288,3.6288,56.3428,0.611156,0,0,1.87273,0.221449,0,0.66528,12.849,1,0.465525,0.36288,0,135.667,4.25563,131.309,0.84672,12.849,0.84672,3695.15,0,0,0,3.45539,1.81679,14.8318,1.12301,18.9809,0.42336,0,0.42336,460.49,0,1.02816,0,0,4.48355,3.45539,1.028160,1,0,150.29,0,0,0,150.29,0
59.832,2.03949,0,0,3.26922,0.179714,0.36288,3.6288,56.6998,0.66528,0,0,1.20586,0.183625,0,0.66528,12.849,1,0.443071,0.36288,0,116.649,4.50944,112.059,0.84672,12.849,0.84672,3695.15,0,0,0,1.4683,1.74564,9.15131,1.07007,11.2952,0.42336,0,0.42336,460.49,0,1.02816,0,0,2.49646,1.4683,1.028160,1,0,123.354,0,0,0,123.354,0
59.4264,2.0449,0,0,2.18312,0.180905,0.36288,3.6288,56.7322,0.66528,0,0,0.881807,0.184052,0,0.66528,12.849,1,0.439144,0.36288,0,58.5136,4.50944,53.9279,0.84672,12.849,0.84672,3695.15,0,0,0,0.936265,1.79011,5.15435,1.07007,6.81065,0.42336,0,0.42336,460.49,0,1.02816,0,0,1.96442,0.936265,1.028160,1,0,60.7386,0,0,0,60.7386,0
59.9227,2.04365,0,0,3.08119,0.178412,0.36288,3.6288,57.0888,0.66528,0,0,1.22958,0.207796,0,0.66528,12.849,1,0.441872,0.36288,0,84.3765,4.49438,79.8031,0.84672,12.849,0.84672,3695.15,0,0,0,1.8559,1.79039,6.19829,1.10789,8.73669,0.42336,0,0.42336,460.49,0,1.02816,0,0,2.88406,1.8559,1.028160,1,0,88.5398,0,0,0,88.5398,0
60.8851,1.88459,0,0,3.3966,0.186732,0.36288,3.6288,57.4235,0.529114,0,0,1.12887,0.265012,0,0.66528,12.849,1,0.404106,0.36288,0,82.7794,4.37309,78.3651,0.84672,12.849,0.84672,3695.15,0,0,0,1.62327,1.79067,7.69792,1.12198,9.98987,0.42336,0,0.42336,460.49,0,1.02816,0,0,2.65143,1.62327,1.028160,1,0,88.355,0,0,0,88.355,0
63.7971,1.76163,0,0,5.28568,0.249214,0.36288,3.6288,57.5123,0.66528,0,0,0.922311,0.168245,0,0.66528,12.849,1,0.371769,0.36288,0,77.7013,3.77032,73.9221,0.84672,12.849,0.84672,3695.15,0,0,0,1.56378,1.63205,6.56619,0.842038,8.91999,0.42336,0,0.42336,460.49,0,1.02816,0,0,2.59194,1.56378,1.028160,1,0,82.8421,0,0,0,82.8421,0
66.66,1.77647,0,0,5.26279,0.260486,0.36288,3.6288,57.8371,0.66528,0,0,1.14333,0.153222,0,0.66528,12.849,1,0.357789,0.36288,0,89.9173,3.70472,86.2177,0.84672,12.849,0.84672,3695.15,0,0,0,1.96023,1.72398,8.54695,0.828907,11.4022,0.42336,0,0.42336,460.49,0,1.02816,0,0,2.98839,1.96023,1.028160,1,0,97.62,0,0,0,97.62,0
72.29,1.7902,0,0,9.73659,0.266534,2.04986,3.6288,59.7065,0.66528,0,0,2.68822,0.153545,0,0.66528,12.849,1,0.345069,2.04986,0,130.497,3.70472,128.497,0.84672,12.849,0.84672,3695.15,0,0,0,5.20834,1.72453,16.1771,0.828907,22.2811,0.42336,0,0.42336,460.49,0,1.02816,0,0,6.2365,5.20834,1.028160,1,0,150.778,0,0,0,150.778,0
72.29,1.81417,0,0,5.7015,0.275626,3.6117,3.6288,60.0298,0.66528,0,0,1.20339,0.214816,0,0.66528,12.849,1,0.322456,3.6117,0,124.968,4.48287,123.774,0.84672,12.849,0.84672,3695.15,0,0,0,2.24608,1.72499,9.07542,1.04031,12.0062,0.42336,0,0.42336,460.49,0,1.02816,0,0,3.27424,2.24608,1.028160,1,0,135.781,0,0,0,135.781,0
72.29,1.8802,0,0,8.53196,0.266947,6.38481,3.6288,61.308,0.66528,0,0,4.45046,0.229973,2.27701,0.66528,12.849,1,0.334191,6.38481,0,103.562,4.42646,105.186,0.84672,12.849,0.84672,3695.15,0,0,0,4.53927,1.72524,17.1099,1.19629,22.1781,0.42336,0,0.42336,460.49,0,1.02816,0,0,5.56743,4.53927,1.028160,1,0,129.641,0,0,0,129.641,0
72.29,1.92015,0,0,5.31686,0.297277,3.09943,3.6288,61.308,0.66528,0,0,2.19082,0.248903,1.27664,0.66528,12.849,1,0.341292,3.09943,0,136.839,4.54451,135.052,0.84672,12.849,0.84672,3695.15,0,0,0,2.64872,1.77512,11.359,1.31626,14.4666,0.42336,0,0.42336,460.49,0,1.02816,0,0,3.67688,2.64872,1.028160,1,0,150.795,0,0,0,150.795,0
72.29,1.92131,0,0,5.13509,0.297277,2.91651,3.6288,61.308,0.66528,0,0,1.99358,0.248903,1.0794,0.66528,12.849,1,0.341498,2.91651,0,140.644,4.54451,138.674,0.84672,12.849,0.84672,3695.15,0,0,0,1.83781,1.74863,10.9819,1.31626,13.2521,0.42336,0,0.42336,460.49,0,1.02816,0,0,2.86597,1.83781,1.028160,1,0,153.006,0,0,0,153.006,0
72.29,1.92246,0,0,5.04419,0.297277,2.82445,3.6288,61.308,0.66528,0,0,1.74823,0.248903,0.834051,0.66528,12.849,1,0.341703,2.82445,0,115.97,4.54451,113.909,0.84672,12.849,0.84672,3695.15,0,0,0,2.16268,1.74889,9.89263,1.31626,12.4879,0.42336,0,0.42336,460.49,0,1.02816,0,0,3.19084,2.16268,1.028160,1,0,127.231,0,0,0,127.231,0
72.29,2.13224,0,0,4.58781,0.292799,2.16277,3.6288,61.308,0.66528,0,0,3.33471,0.219855,2.44958,0.66528,12.849,1,0.37899,2.16277,0,108.905,4.29259,106.396,0.84672,12.849,0.84672,3695.15,0,0,0,4.04733,1.74914,14.7047,1.21651,19.2846,0.42336,0,0.42336,460.49,0,1.02816,0,0,5.07549,4.04733,1.028160,1,0,128.13,0,0,0,128.13,0
72.29,2.27935,0,0,5.29543,0.286829,2.72925,3.6288,61.308,0.66528,0,0,2.30127,0.181123,1.45487,0.66528,12.849,1,0.405137,2.72925,0,107.877,3.95671,106.245,0.84672,12.849,0.84672,3695.15,0,0,0,2.71648,1.92818,13.1635,1.08352,16.7246,0.42336,0,0.42336,460.49,0,1.02816,0,0,3.74464,2.71648,1.028160,1,0,124.424,0,0,0,124.424,0
71.7674,2.28063,0,0,2.40175,0.280799,0.36288,3.6288,61.308,0.66528,0,0,1.44488,0.183183,0.596421,0.66528,12.849,1,0.405364,0.36288,0,53.1704,3.94422,49.1837,0.84672,12.849,0.84672,3695.15,0,0,0,1.1671,1.82796,7.8414,1.07515,9.76131,0.42336,0,0.42336,460.49,0,1.02816,0,0,2.19526,1.1671,1.028160,1,0,59.5414,0,0,0,59.5414,0
71.6804,2.2794,0,0,2.79889,0.243653,0.36288,3.6288,61.308,0.66528,0,0,1.471,0.195542,0.610181,0.66528,12.849,1,0.408096,0.36288,0,57.1148,3.86925,53.2003,0.84672,12.849,0.84672,3695.15,0,0,0,1.40479,1.82824,9.79513,1.02494,12.0032,0.42336,0,0.42336,460.49,0,1.02816,0,0,2.43295,1.40479,1.028160,1,0,65.8137,0,0,0,65.8137,0
72.29,1.98267,0,0,3.77927,0.270478,0.916521,3.6288,61.308,0.455795,0,0,3.13324,0.17107,2.50638,0.66528,12.849,1,0.355401,0.916521,0,82.5028,3.75635,79.3075,0.84672,12.849,0.84672,3695.15,0,0,0,2.58764,1.82852,12.2456,0.955808,15.7059,0.42336,0,0.42336,460.49,0,1.02816,0,0,3.6158,2.58764,1.028160,1,0,97.5198,0,0,0,97.5198,0
72.29,1.79672,0,0,5.10222,0.307883,2.99762,3.6288,61.308,0.66528,0,0,4.61946,0.138442,3.81574,0.66528,12.849,1,0.319353,2.99762,0,99.0533,3.60581,98.1257,0.84672,12.849,0.84672,3695.15,0,0,0,3.77391,1.58466,15.0539,0.863631,19.5488,0.42336,0,0.42336,460.49,0,1.02816,0,0,4.80207,3.77391,1.028160,1,0,121.49,0,0,0,121.49,0
72.29,1.79742,0,0,7.86232,0.307883,5.75702,3.6288,61.308,0.66528,0,0,6.60984,0.138442,5.80612,0.66528,12.849,1,0.319477,5.75702,0,180.561,3.60581,182.393,0.84672,12.849,0.84672,3695.15,0,0,0,6.73645,1.71558,21.06,0.863631,28.6484,0.42336,0,0.42336,460.49,0,1.02816,0,0,7.76461,6.73645,1.028160,1,0,216.848,0,0,0,216.848,0
72.29,1.79812,0,0,8.55766,0.303103,6.45644,3.6288,61.308,0.66528,0,0,6.58902,0.098352,5.82539,0.66528,12.849,1,0.319602,6.45644,0,202.523,2.97822,205.682,0.84672,12.849,0.84672,3695.15,0,0,0,6.92963,1.71611,24.4503,0.756146,32.3399,0.42336,0,0.42336,460.49,0,1.02816,0,0,7.95779,6.92963,1.028160,1,0,243.847,0,0,0,243.847,0
72.29,1.79882,0,0,7.56778,0.303103,5.46585,3.6288,61.308,0.66528,0,0,5.72201,0.098352,4.95838,0.66528,12.849,1,0.319727,5.46585,0,235.062,2.97822,237.229,0.84672,12.849,0.84672,3695.15,0,0,0,6.53746,1.71663,22.882,0.756146,30.3799,0.42336,0,0.42336,460.49,0,1.02816,0,0,7.56562,6.53746,1.028160,1,0,272.568,0,0,0,272.568,0
72.29,1.87466,0,0,7.61397,0.269781,5.46953,3.6288,61.308,0.66528,0,0,4.25498,0.128978,3.46072,0.66528,12.849,1,0.333206,5.46953,0,130.668,3.6224,132.182,0.84672,12.849,0.84672,3695.15,0,0,0,3.87005,1.71716,17.1424,0.824723,21.9048,0.42336,0,0.42336,460.49,0,1.02816,0,0,4.89821,3.87005,1.028160,1,0,157.547,0,0,0,157.547,0
72.29,1.9191,0,0,6.4337,0.269781,4.24482,3.6288,61.308,0.66528,0,0,4.6516,0.128978,3.85735,0.66528,12.849,1,0.341106,4.24482,0,158.933,3.6224,159.214,0.84672,12.849,0.84672,3695.15,0,0,0,5.03412,1.77798,21.486,0.824723,27.4733,0.42336,0,0.42336,460.49,0,1.02816,0,0,6.06228,5.03412,1.028160,1,0,190.545,0,0,0,190.545,0
72.29,1.92025,0,0,4.69268,0.263999,2.50842,3.6288,61.308,0.66528,0,0,3.23599,0.113177,2.45753,0.66528,12.849,1,0.341311,2.50842,0,142.252,3.19072,141.228,0.84672,12.849,0.84672,3695.15,0,0,0,3.47295,1.7484,14.153,0.764336,18.61,0.42336,0,0.42336,460.49,0,1.02816,0,0,4.50111,3.47295,1.028160,1,0,162.296,0,0,0,162.296,0
72.29,1.92141,0,0,4.18391,0.212973,2.04953,3.6288,61.308,0.66528,0,0,2.60129,0.113146,1.82286,0.66528,12.849,1,0.341516,2.04953,0,111.438,2.62119,110.525,0.84672,12.849,0.84672,3695.15,0,0,0,2.9827,1.74866,11.9702,0.75594,15.9456,0.42336,0,0.42336,460.49,0,1.02816,0,0,4.01086,2.9827,1.028160,1,0,128.293,0,0,0,128.293,0
72.29,1.89315,0,0,4.3091,0.144201,2.27176,3.6288,61.308,0.664616,0,0,2.29948,0.180783,1.45409,0.66528,12.849,1,0.336492,2.27176,0,111.472,4.11215,109.296,0.84672,12.849,0.84672,3695.15,0,0,0,2.26606,1.74891,11.1087,0.995344,14.1283,0.42336,0,0.42336,460.49,0,1.02816,0,0,3.29422,2.26606,1.028160,1,0,124.878,0,0,0,124.878,0
72.29,1.87561,0,0,4.33014,0.127663,2.32687,3.6288,61.308,0.66528,0,0,2.04945,0.195997,1.18817,0.66528,12.849,1,0.333375,2.32687,0,107.134,4.55564,104.572,0.84672,12.849,0.84672,3695.15,0,0,0,1.87589,1.72567,10.6765,1.04833,13.2298,0.42336,0,0.42336,460.49,0,1.02816,0,0,2.90405,1.87589,1.028160,1,0,118.99,0,0,0,118.99,0
72.29,1.87674,0,0,4.03057,0.127663,2.02616,3.6288,61.308,0.66528,0,0,1.92351,0.195997,1.06223,0.66528,12.849,1,0.333577,2.02616,0,97.5594,4.55564,94.6964,0.84672,12.849,0.84672,3695.15,0,0,0,1.57728,1.7388,9.55204,1.04833,11.8198,0.42336,0,0.42336,460.49,0,1.02816,0,0,2.60544,1.57728,1.028160,1,0,107.578,0,0,0,107.578,0
72.29,1.87788,0,0,3.6863,0.100657,1.70776,3.6288,61.308,0.66528,0,0,1.76836,0.21631,0.886767,0.66528,12.849,1,0.33378,1.70776,0,87.7383,4.83151,84.2808,0.84672,12.849,0.84672,3695.15,0,0,0,1.46384,1.73905,8.63853,1.06841,10.773,0.42336,0,0.42336,460.49,0,1.02816,0,0,2.492,1.46384,1.028160,1,0,95.9406,0,0,0,95.9406,0
72.29,1.97901,0,0,3.41317,0.106389,1.32777,3.6288,61.308,0.66528,0,0,1.5895,0.219093,0.705128,0.66528,12.849,1,0.351754,1.32777,0,72.505,4.58559,68.8954,0.84672,12.849,0.84672,3695.15,0,0,0,1.45213,1.7393,8.4221,0.989844,10.6237,0.42336,0,0.42336,460.49,0,1.02816,0,0,2.48029,1.45213,1.028160,1,0,80.2242,0,0,0,80.2242,0
72.29,2.04653,0,0,3.34229,0.114226,1.18153,3.6288,61.308,0.66528,0,0,1.43274,0.204225,0.563231,0.66528,12.849,1,0.363756,1.18153,0,64.1002,4.4904,60.4275,0.84672,12.849,0.84672,3695.15,0,0,0,1.10872,1.82199,6.90345,1.02065,8.81351,0.42336,0,0.42336,460.49,0,1.02816,0,0,2.13688,1.10872,1.028160,1,0,69.8043,0,0,0,69.8043,0
72.29,2.04773,0,0,2.92885,0.0673954,0.813724,3.6288,61.308,0.66528,0,0,1.14033,0.197479,0.277574,0.66528,12.849,1,0.363968,0.813724,0,55.4862,4.30038,51.6355,0.84672,12.849,0.84672,3695.15,0,0,0,1.07208,1.77654,6.30761,0.983428,8.1728,0.42336,0,0.42336,460.49,0,1.02816,0,0,2.10024,1.07208,1.028160,1,0,60.0859,0,0,0,60.0859,0
72.29,2.04892,0,0,2.80284,0.0597849,0.694132,3.6288,61.308,0.66528,0,0,1.19899,0.199264,0.334446,0.66528,12.849,1,0.364181,0.694132,0,52.1332,4.35456,48.1085,0.84672,12.849,0.84672,3695.15,0,0,0,1.0603,1.77681,6.57107,0.973398,8.43477,0.42336,0,0.42336,460.49,0,1.02816,0,0,2.08846,1.0603,1.028160,1,0,56.8778,0,0,0,56.8778,0
72.29,2.05012,0,0,2.67761,0.0597849,0.567707,3.6288,61.308,0.66528,0,0,1.20406,0.199264,0.339518,0.66528,12.849,1,0.364394,0.567707,0,48.9818,4.35456,44.8306,0.84672,12.849,0.84672,3695.15,0,0,0,0.968319,1.77707,6.31868,0.973398,8.09067,0.42336,0,0.42336,460.49,0,1.02816,0,0,1.99648,0.968319,1.028160,1,0,53.2607,0,0,0,53.2607,0
72.29,2.03151,0,0,2.57528,0.094394,0.449376,3.6288,61.3029,0.66528,0,0,0.869944,0.209762,0,0.66528,12.849,1,0.361086,0.449376,0,51.9153,4.31708,47.6866,0.84672,12.849,0.84672,3695.15,0,0,0,0.959558,1.77734,5.06161,0.994618,6.80389,0.42336,0,0.42336,460.49,0,1.02816,0,0,1.98772,0.959558,1.028160,1,0,54.4904,0,0,0,54.4904,0
72.0845,2.06923,0,0,2.321,0.094394,0.36288,3.6288,61.238,0.66528,0,0,0.810104,0.209755,0,0.66528,12.849,1,0.36779,0.36288,0,48.1179,4.31708,43.7959,0.84672,12.849,0.84672,3695.15,0,0,0,0.706458,1.80647,4.81931,0.994618,6.33761,0.42336,0,0.42336,460.49,0,1.02816,0,0,1.73462,0.706458,1.028160,1,0,50.1335,0,0,0,50.1335,0
71.801,2.06954,0,0,2.21945,0.070484,0.36288,3.6288,61.0741,0.66528,0,0,0.765876,0.26449,0,0.66528,12.849,1,0.368895,0.36288,0,43.381,5.02282,38.3522,0.84672,12.849,0.84672,3695.15,0,0,0,0.684521,1.78156,4.57885,1.25223,5.7927,0.42336,0,0.42336,460.49,0,1.02816,0,0,1.71268,0.684521,1.028160,1,0,44.1449,0,0,0,44.1449,0
71.2861,2.06951,0,0,1.97829,0.0608475,0.36288,3.6288,60.8406,0.66528,0,0,0.717906,0.286122,0,0.66528,12.849,1,0.370345,0.36288,0,39.4121,5.30512,34.0995,0.84672,12.849,0.84672,3695.15,0,0,0,0.650964,1.78183,4.42932,1.35527,5.50684,0.42336,0,0.42336,460.49,0,1.02816,0,0,1.67912,0.650964,1.028160,1,0,39.6064,0,0,0,39.6064,0
70.6975,2.11956,0,0,1.95464,0.0607947,0.36288,3.6288,60.5635,0.66528,0,0,0.688081,0.29987,0,0.66528,12.849,1,0.382041,0.36288,0,39.5397,5.2939,34.2266,0.84672,12.849,0.84672,3695.15,0,0,0,0.630824,1.7821,3.78236,1.40921,4.78607,0.42336,0,0.42336,460.49,0,1.02816,0,0,1.65898,0.630824,1.028160,1,0,39.0127,0,0,0,39.0127,0
70.1133,2.15057,0,0,1.98996,0.0606599,0.36288,3.6288,60.2874,0.66528,0,0,0.699132,0.309953,0,0.66528,12.849,1,0.390859,0.36288,0,37.8699,5.28549,32.5564,0.84672,12.849,0.84672,3695.15,0,0,0,0.68828,1.82333,3.46512,1.44966,4.52706,0.42336,0,0.42336,460.49,0,1.02816,0,0,1.71644,0.68828,1.028160,1,0,37.0835,0,0,0,37.0835,0
69.3024,2.14905,0,0,1.76135,0.0603877,0.36288,3.6288,59.9689,0.66528,0,0,0.656191,0.309409,0,0.66528,12.849,1,0.393836,0.36288,0,35.7489,5.28549,30.4324,0.84672,12.849,0.84672,3695.15,0,0,0,0.60061,1.80114,3.46707,1.44966,4.41916,0.42336,0,0.42336,460.49,0,1.02816,0,0,1.62877,0.60061,1.028160,1,0,34.8516,0,0,0,34.8516,0
68.3435,2.14639,0,0,1.61038,0.0600099,0.36288,3.6288,59.6287,0.66528,0,0,0.633874,0.308782,0,0.66528,12.849,1,0.397951,0.36288,0,33.572,5.28549,28.2515,0.84672,12.849,0.84672,3695.15,0,0,0,0.472539,1.80141,3.30338,1.44966,4.12767,0.42336,0,0.42336,460.49,0,1.02816,0,0,1.5007,0.472539,1.028160,1,0,32.3791,0,0,0,32.3791,0
67.0067,2.29182,0,0,1.36723,0.0492991,0.36288,3.6288,59.2711,0.66528,0,0,0.619246,0.31154,0,0.66528,12.849,1,0.430876,0.36288,0,30.7897,5.50387,25.2178,0.84672,12.849,0.84672,3695.15,0,0,0,0.448278,1.80169,3.20242,1.4739,3.97848,0.42336,0,0.42336,460.49,0,1.02816,0,0,1.47644,0.448278,1.028160,1,0,29.1963,0,0,0,29.1963,0
65.2022,2.37183,0,0,1.0226,0.0923476,0.36288,3.6288,58.814,0.66528,0,0,0.490604,0.282523,0,0.66528,12.849,1,0.454815,0.36288,0,20.8361,5.12148,15.6227,0.84672,12.849,0.84672,3695.15,0,0,0,0.301234,1.94233,2.5574,1.40896,3.39199,0.42336,0,0.42336,460.49,0,1.02816,0,0,1.32939,0.301234,1.028160,1,0,19.0147,0,0,0,19.0147,0
63.475,2.36212,0,0,1.08879,0.0910305,0.36288,3.6288,58.3536,0.66528,0,0,0.486592,0.281695,0,0.66528,12.849,1,0.465489,0.36288,0,19.4638,5.12148,14.2397,0.84672,12.849,0.84672,3695.15,0,0,0,0.280696,1.8827,2.69537,1.40896,3.4498,0.42336,0,0.42336,460.49,0,1.02816,0,0,1.30886,0.280696,1.028160,1,0,17.6895,0,0,0,17.6895,0
62.2947,2.35239,0,0,1.63421,0.0992695,0.36288,3.6288,57.9889,0.66528,0,0,0.579391,0.278757,0,0.66528,12.849,1,0.476186,0.36288,0,28.7417,5.06211,23.5662,0.84672,12.849,0.84672,3695.15,0,0,0,0.539335,1.88334,2.86439,1.40168,3.88539,0.42336,0,0.42336,460.49,0,1.02816,0,0,1.56749,0.539335,1.028160,1,0,27.4516,0,0,0,27.4516,0
61.7745,2.34571,0,0,2.30113,0.112738,0.36288,3.6288,57.7981,0.66528,0,0,0.743669,0.269193,0,0.66528,12.849,1,0.48383,0.36288,0,37.5153,5.06644,32.3279,0.84672,12.849,0.84672,3695.15,0,0,0,0.613716,1.88398,3.15377,1.38141,4.27006,0.42336,0,0.42336,460.49,0,1.02816,0,0,1.64188,0.613716,1.028160,1,0,36.598,0,0,0,36.598,0
60.9203,2.27165,0,0,1.91297,0.132638,0.36288,3.6288,57.6438,0.641064,0,0,0.734756,0.247989,0,0.66528,12.849,1,0.472499,0.36288,0,39.0607,5.14952,33.8016,0.84672,12.849,0.84672,3695.15,0,0,0,0.637053,1.88462,3.26515,1.29668,4.49015,0.42336,0,0.42336,460.49,0,1.02816,0,0,1.66521,0.637053,1.028160,1,0,38.2918,0,0,0,38.2918,0
60.5085,2.22974,0,0,2.31707,0.136201,0.36288,3.6288,57.6396,0.66528,0,0,0.905818,0.244723,0,0.66528,12.849,1,0.470286,0.36288,0,40.6478,5.14427,35.3962,0.84672,12.849,0.84672,3695.15,0,0,0,0.76585,1.8039,3.72186,1.28281,5.00879,0.42336,0,0.42336,460.49,0,1.02816,0,0,1.79401,0.76585,1.028160,1,0,40.405,0,0,0,40.405,0
60.0296,2.22834,0,0,2.24803,0.135735,0.36288,3.6288,57.4637,0.66528,0,0,0.734063,0.244717,0,0.66528,12.849,1,0.473189,0.36288,0,43.6958,5.14427,38.4412,0.84672,12.849,0.84672,3695.15,0,0,0,0.613051,1.83088,3.26131,1.28281,4.42242,0.42336,0,0.42336,460.49,0,1.02816,0,0,1.64121,0.613051,1.028160,1,0,42.8636,0,0,0,42.8636,0
59.2108,2.22647,0,0,1.93514,0.164561,0.36288,3.6288,57.3125,0.66528,0,0,0.737865,0.223821,0,0.66528,12.849,1,0.476564,0.36288,0,48.5505,4.80824,43.6286,0.84672,12.849,0.84672,3695.15,0,0,0,0.569627,1.83116,3.36641,1.19563,4.57157,0.42336,0,0.42336,460.49,0,1.02816,0,0,1.59779,0.569627,1.028160,1,0,48.2001,0,0,0,48.2001,0
58.3512,2.16397,0,0,1.92688,0.25966,0.36288,3.6288,57.0973,0.609784,0,0,0.579734,0.185113,0,0.66528,12.849,1,0.46959,0.36288,0,55.3634,4.86349,50.3932,0.84672,12.849,0.84672,3695.15,0,0,0,0.239043,1.83144,3.43329,1.0567,4.44707,0.42336,0,0.42336,460.49,0,1.02816,0,0,1.2672,0.239043,1.028160,1,0,54.8403,0,0,0,54.8403,0
59.0295,2.09649,0,0,3.37147,0.233802,0.36288,3.6288,56.9437,0.66528,0,0,0.742827,0.231168,0,0.66528,12.849,1,0.461649,0.36288,0,81.8319,4.33598,77.3971,0.84672,12.849,0.84672,3695.15,0,0,0,0.590648,1.759,4.74213,1.05847,6.03332,0.42336,0,0.42336,460.49,0,1.02816,0,0,1.61881,0.590648,1.028160,1,0,83.4304,0,0,0,83.4304,0
59.2655,2.10204,0,0,2.93624,0.235343,0.36288,3.6288,57.5815,0.66528,0,0,1.53408,0.230937,0,0.66528,12.849,1,0.457552,0.36288,0,88.8909,4.33598,84.4603,0.84672,12.849,0.84672,3695.15,0,0,0,2.46968,1.80427,6.12627,1.05847,9.34175,0.42336,0,0.42336,460.49,0,1.02816,0,0,3.49784,2.46968,1.028160,1,0,93.802,0,0,0,93.802,0
59.9598,2.10473,0,0,3.39785,0.235879,0.36288,3.6288,57.5646,0.66528,0,0,0.880278,0.231895,0,0.66528,12.849,1,0.456315,0.36288,0,90.0472,4.33598,85.6178,0.84672,12.849,0.84672,3695.15,0,0,0,0.503004,1.80454,4.11401,1.05847,5.36308,0.42336,0,0.42336,460.49,0,1.02816,0,0,1.53116,0.503004,1.028160,1,0,90.9809,0,0,0,90.9809,0
61.6912,1.94403,0,0,4.29644,0.258153,0.36288,3.6288,58.3043,0.526274,0,0,1.52035,0.254453,0,0.66528,12.849,1,0.416594,0.36288,0,107.745,4.87436,102.817,0.84672,12.849,0.84672,3695.15,0,0,0,2.00258,1.80481,7.18016,1.19866,9.78889,0.42336,0,0.42336,460.49,0,1.02816,0,0,3.03074,2.00258,1.028160,1,0,112.606,0,0,0,112.606,0
64.0135,1.82212,0,0,4.74985,0.242518,0.36288,3.6288,59.274,0.66528,0,0,1.84989,0.214874,0,0.66528,12.849,1,0.379509,0.36288,0,96.6367,4.24778,92.3723,0.84672,12.849,0.84672,3695.15,0,0,0,2.79432,1.64334,10.1189,0.952124,13.6045,0.42336,0,0.42336,460.49,0,1.02816,0,0,3.82248,2.79432,1.028160,1,0,105.977,0,0,0,105.977,0
66.1127,1.83469,0,0,4.54395,0.247165,0.36288,3.6288,59.8519,0.66528,0,0,1.45937,0.216217,0,0.66528,12.849,1,0.368266,0.36288,0,179.806,4.24778,175.553,0.84672,12.849,0.84672,3695.15,0,0,0,1.89207,1.73742,6.07379,0.952124,8.75116,0.42336,0,0.42336,460.49,0,1.02816,0,0,2.92023,1.89207,1.028160,1,0,184.304,0,0,0,184.304,0
67.7654,1.8456,0,0,4.11888,0.257786,0.36288,3.6288,60.2457,0.66528,0,0,1.23809,0.178965,0,0.66528,12.849,1,0.358692,0.36288,0,171.168,3.78608,167.386,0.84672,12.849,0.84672,3695.15,0,0,0,1.30875,1.73767,4.90527,0.862719,7.08897,0.42336,0,0.42336,460.49,0,1.02816,0,0,2.33691,1.30875,1.028160,1,0,174.475,0,0,0,174.475,0
69.8528,1.85408,0,0,4.55583,0.251474,0.36288,3.6288,60.7478,0.66528,0,0,1.35658,0.189244,0,0.66528,12.849,1,0.351552,0.36288,0,120.305,3.78683,116.53,0.84672,12.849,0.84672,3695.15,0,0,0,1.81624,1.73792,5.63443,0.952369,8.23622,0.42336,0,0.42336,460.49,0,1.02816,0,0,2.8444,1.81624,1.028160,1,0,124.766,0,0,0,124.766,0
71.013,1.92976,0,0,3.73101,0.278152,0.36288,3.6288,61.0266,0.66528,0,0,1.13946,0.19538,0,0.66528,12.849,1,0.354968,0.36288,0,92.6389,4.30665,88.3402,0.84672,12.849,0.84672,3695.15,0,0,0,1.17595,1.73817,7.24691,1.08787,9.07316,0.42336,0,0.42336,460.49,0,1.02816,0,0,2.20411,1.17595,1.028160,1,0,97.4134,0,0,0,97.4134,0
72.29,1.97519,0,0,12.3334,0.261354,8.81985,3.6288,61.308,0.66528,0,0,2.51723,0.176278,1.39425,0.66528,12.849,1,0.357388,8.81985,0,153.889,3.76425,158.587,0.84672,12.849,0.84672,3695.15,0,0,0,2.8518,1.78893,16.042,1.04833,19.6344,0.42336,0,0.42336,460.49,0,1.02816,0,0,3.87996,2.8518,1.028160,1,0,179.616,0,0,0,179.616,0
72.29,1.98168,0,0,7.64389,0.263911,5.3983,3.6288,61.308,0.66528,0,0,1.63016,0.176592,0.788288,0.66528,12.849,1,0.352229,5.3983,0,152.769,3.76425,154.051,0.84672,12.849,0.84672,3695.15,0,0,0,1.80582,1.76196,9.71974,1.04833,12.2392,0.42336,0,0.42336,460.49,0,1.02816,0,0,2.83398,1.80582,1.028160,1,0,167.078,0,0,0,167.078,0
72.29,1.98281,0,0,6.40626,0.263911,4.15953,3.6288,61.308,0.66528,0,0,2.86778,0.176592,2.02591,0.66528,12.849,1,0.35243,4.15953,0,114.586,3.76425,114.629,0.84672,12.849,0.84672,3695.15,0,0,0,3.81205,1.76221,12.7441,1.04833,17.27,0.42336,0,0.42336,460.49,0,1.02816,0,0,4.84021,3.81205,1.028160,1,0,133.925,0,0,0,133.925,0
72.29,2.19629,0,0,5.34089,0.272895,2.87171,3.6288,61.308,0.66528,0,0,1.93177,0.168271,1.09822,0.66528,12.849,1,0.390374,2.87171,0,95.8288,3.71664,94.5935,0.84672,12.849,0.84672,3695.15,0,0,0,2.14676,1.76246,10.4306,0.929103,13.4108,0.42336,0,0.42336,460.49,0,1.02816,0,0,3.17492,2.14676,1.028160,1,0,109.102,0,0,0,109.102,0
72.29,2.34598,0,0,4.57193,0.329377,1.89657,3.6288,61.308,0.66528,0,0,1.88233,0.138795,1.07825,0.66528,12.849,1,0.41698,1.89657,0,110.827,3.01213,109.294,0.84672,12.849,0.84672,3695.15,0,0,0,2.54896,1.94468,12.1166,0.799156,15.811,0.42336,0,0.42336,460.49,0,1.02816,0,0,3.57712,2.54896,1.028160,1,0,126.184,0,0,0,126.184,0
72.29,2.34723,0,0,4.91054,0.329377,2.23393,3.6288,61.308,0.66528,0,0,1.55981,0.138795,0.755739,0.66528,12.849,1,0.417202,2.23393,0,86.2315,3.01213,85.0361,0.84672,12.849,0.84672,3695.15,0,0,0,1.69207,1.84265,11.79,0.799156,14.5255,0.42336,0,0.42336,460.49,0,1.02816,0,0,2.72023,1.69207,1.028160,1,0,100.317,0,0,0,100.317,0
72.29,2.34848,0,0,4.01539,0.329377,1.33753,3.6288,61.308,0.66528,0,0,1.70287,0.138795,0.898791,0.66528,12.849,1,0.417425,1.33753,0,96.3636,3.01213,94.2716,0.84672,12.849,0.84672,3695.15,0,0,0,2.02191,1.84293,11.5149,0.799156,14.5806,0.42336,0,0.42336,460.49,0,1.02816,0,0,3.05007,2.02191,1.028160,1,0,109.751,0,0,0,109.751,0
72.29,2.04646,0,0,8.43898,0.315849,6.07668,3.6288,61.308,0.451674,0,0,3.24545,0.174139,2.61964,0.66528,12.849,1,0.363742,6.07668,0,131.185,3.92695,132.971,0.84672,12.849,0.84672,3695.15,0,0,0,5.38338,1.84321,18.1255,1.07134,24.2808,0.42336,0,0.42336,460.49,0,1.02816,0,0,6.41154,5.38338,1.028160,1,0,159.872,0,0,0,159.872,0
72.29,1.84808,0,0,7.04865,0.327479,4.87309,3.6288,61.308,0.66528,0,0,2.65799,0.165677,1.82704,0.66528,12.849,1,0.328483,4.87309,0,103.687,3.92081,104.311,0.84672,12.849,0.84672,3695.15,0,0,0,3.79199,1.59499,16.0035,1.03437,20.3561,0.42336,0,0.42336,460.49,0,1.02816,0,0,4.82015,3.79199,1.028160,1,0,126.494,0,0,0,126.494,0
72.29,1.84917,0,0,5.7062,0.327479,3.52955,3.6288,61.308,0.66528,0,0,1.87857,0.165677,1.04761,0.66528,12.849,1,0.328676,3.52955,0,103.954,3.92081,103.234,0.84672,12.849,0.84672,3695.15,0,0,0,2.05804,1.7327,10.9802,1.03437,13.7366,0.42336,0,0.42336,460.49,0,1.02816,0,0,3.0862,2.05804,1.028160,1,0,118.018,0,0,0,118.018,0
72.29,1.85026,0,0,3.96903,0.327479,1.79129,3.6288,61.308,0.66528,0,0,1.34211,0.165677,0.511155,0.66528,12.849,1,0.328869,1.79129,0,96.3913,3.92081,93.9329,0.84672,12.849,0.84672,3695.15,0,0,0,1.70605,1.73294,10.5557,1.03437,12.9604,0.42336,0,0.42336,460.49,0,1.02816,0,0,2.73421,1.70605,1.028160,1,0,107.404,0,0,0,107.404,0
72.29,1.85134,0,0,4.41155,0.25951,2.30069,3.6288,61.308,0.66528,0,0,1.18875,0.129579,0.393893,0.66528,12.849,1,0.329063,2.30069,0,87.5871,3.39764,86.1611,0.84672,12.849,0.84672,3695.15,0,0,0,1.45353,1.73318,9.97618,0.959215,12.2037,0.42336,0,0.42336,460.49,0,1.02816,0,0,2.48169,1.45353,1.028160,1,0,98.7587,0,0,0,98.7587,0
72.29,1.9289,0,0,4.12429,0.288207,1.90718,3.6288,61.308,0.66528,0,0,1.16476,0.158173,0.341305,0.66528,12.849,1,0.342847,1.90718,0,76.8277,4.02288,74.3692,0.84672,12.849,0.84672,3695.15,0,0,0,1.53048,1.73342,7.06378,1.01788,9.3098,0.42336,0,0.42336,460.49,0,1.02816,0,0,2.55864,1.53048,1.028160,1,0,84.0203,0,0,0,84.0203,0
72.29,1.9789,0,0,5.84998,0.294878,3.5762,3.6288,61.308,0.66528,0,0,1.44569,0.163941,0.616467,0.66528,12.849,1,0.351735,3.5762,0,111.558,4.14162,110.641,0.84672,12.849,0.84672,3695.15,0,0,0,2.61765,1.79503,9.72242,1.02975,13.1054,0.42336,0,0.42336,460.49,0,1.02816,0,0,3.64581,2.61765,1.028160,1,0,124.363,0,0,0,124.363,0
72.29,1.98003,0,0,4.46689,0.294878,2.19198,3.6288,61.308,0.66528,0,0,1.21675,0.163941,0.387524,0.66528,12.849,1,0.351936,2.19198,0,83.1444,4.14162,80.8429,0.84672,12.849,0.84672,3695.15,0,0,0,1.61934,1.76159,7.82594,1.02975,10.1771,0.42336,0,0.42336,460.49,0,1.02816,0,0,2.6475,1.61934,1.028160,1,0,91.4075,0,0,0,91.4075,0
72.29,1.98116,0,0,3.62965,0.294878,1.35361,3.6288,61.308,0.66528,0,0,0.957787,0.163941,0.128566,0.66528,12.849,1,0.352137,1.35361,0,66.4079,4.14162,63.2678,0.84672,12.849,0.84672,3695.15,0,0,0,1.14013,1.76184,5.97315,1.02975,7.84538,0.42336,0,0.42336,460.49,0,1.02816,0,0,2.16829,1.14013,1.028160,1,0,71.2417,0,0,0,71.2417,0
72.29,1.95236,0,0,3.81543,0.239813,1.62326,3.6288,61.308,0.664216,0,0,0.99805,0.216361,0.117472,0.66528,12.849,1,0.347017,1.62326,0,67.1829,4.53646,63.9227,0.84672,12.849,0.84672,3695.15,0,0,0,1.22228,1.76209,6.3621,1.11955,8.22692,0.42336,0,0.42336,460.49,0,1.02816,0,0,2.25044,1.22228,1.028160,1,0,72.2671,0,0,0,72.2671,0
72.29,1.93446,0,0,3.74273,0.255625,1.55264,3.6288,61.308,0.66528,0,0,1.04102,0.235508,0.140237,0.66528,12.849,1,0.343836,1.55264,0,63.5684,4.72563,60.0515,0.84672,12.849,0.84672,3695.15,0,0,0,1.11289,1.73843,6.68779,1.16313,8.37599,0.42336,0,0.42336,460.49,0,1.02816,0,0,2.14105,1.11289,1.028160,1,0,68.5678,0,0,0,68.5678,0
72.29,1.93558,0,0,3.36435,0.255625,1.17314,3.6288,61.308,0.66528,0,0,0.922406,0.235508,0.0216183,0.66528,12.849,1,0.344034,1.17314,0,54.9297,4.72563,51.0332,0.84672,12.849,0.84672,3695.15,0,0,0,0.871992,1.75178,5.85205,1.16313,7.3127,0.42336,0,0.42336,460.49,0,1.02816,0,0,1.90015,0.871992,1.028160,1,0,58.3675,0,0,0,58.3675,0
72.29,1.93669,0,0,3.10545,0.2297,0.939056,3.6288,61.3049,0.66528,0,0,0.863568,0.201375,0,0.66528,12.849,1,0.344233,0.939056,0,52.7149,4.01787,49.2918,0.84672,12.849,0.84672,3695.15,0,0,0,0.78357,1.75203,5.28468,0.983618,6.83666,0.42336,0,0.42336,460.49,0,1.02816,0,0,1.81173,0.78357,1.028160,1,0,56.1285,0,0,0,56.1285,0
72.29,2.03956,0,0,3.06323,0.224111,0.799565,3.6288,61.308,0.66528,0,0,0.89329,0.194797,0.0301252,0.66528,12.849,1,0.362516,0.799565,0,48.3806,4.02702,44.7907,0.84672,12.849,0.84672,3695.15,0,0,0,1.04264,1.75227,5.54507,0.969777,7.3702,0.42336,0,0.42336,460.49,0,1.02816,0,0,2.0708,1.04264,1.028160,1,0,52.191,0,0,0,52.191,0
72.29,2.10823,0,0,3.04857,0.216503,0.723842,3.6288,61.308,0.66528,0,0,0.97041,0.189489,0.115641,0.66528,12.849,1,0.374721,0.723842,0,48.0377,4.78968,43.5971,0.84672,12.849,0.84672,3695.15,0,0,0,0.815564,1.83641,4.89467,1.06624,6.48041,0.42336,0,0.42336,460.49,0,1.02816,0,0,1.84372,0.815564,1.028160,1,0,50.1932,0,0,0,50.1932,0
72.29,2.1094,0,0,3.01481,0.105651,0.799759,3.6288,61.308,0.66528,0,0,0.929863,0.228915,0.0356678,0.66528,12.849,1,0.374929,0.799759,0,49.2254,5.31867,44.3315,0.84672,12.849,0.84672,3695.15,0,0,0,0.855585,1.79015,5.0524,1.17266,6.52547,0.42336,0,0.42336,460.49,0,1.02816,0,0,1.88374,0.855585,1.028160,1,0,50.8927,0,0,0,50.8927,0
72.29,2.11057,0,0,2.67754,0.105651,0.461324,3.6288,61.1718,0.66528,0,0,0.757979,0.228915,0,0.66528,12.849,1,0.375138,0.461324,0,44.023,5.31867,38.7906,0.84672,12.849,0.84672,3695.15,0,0,0,0.573679,1.79041,4.33312,1.17266,5.52454,0.42336,0,0.42336,460.49,0,1.02816,0,0,1.60184,0.573679,1.028160,1,0,44.3151,0,0,0,44.3151,0
72.2884,2.11174,0,0,2.57867,0.105651,0.36288,3.6288,60.888,0.66528,0,0,0.610166,0.228718,0,0.66528,12.849,1,0.375346,0.36288,0,40.5683,5.31867,35.2371,0.84672,12.849,0.84672,3695.15,0,0,0,0.454006,1.79067,4.1658,1.17266,5.23781,0.42336,0,0.42336,460.49,0,1.02816,0,0,1.48217,0.454006,1.028160,1,0,40.4749,0,0,0,40.4749,0
71.5296,2.09275,0,0,1.81765,0.120826,0.36288,3.6288,60.5729,0.66528,0,0,0.563439,0.213243,0,0.66528,12.849,1,0.371979,0.36288,0,28.9436,4.7721,24.1624,0.84672,12.849,0.84672,3695.15,0,0,0,0.365489,1.79093,3.51318,1.09344,4.57616,0.42336,0,0.42336,460.49,0,1.02816,0,0,1.39365,0.365489,1.028160,1,0,28.7385,0,0,0,28.7385,0
70.5027,2.12768,0,0,1.58635,0.122646,0.36288,3.6288,60.1054,0.781765,0,0,0.524641,0.210312,0,0.66528,12.849,1,0.3822,0.36288,0,25.6358,4.681,20.9355,0.84672,12.849,0.84672,3695.15,0,0,0,0.261274,1.82056,3.25048,1.08023,4.25208,0.42336,0,0.42336,460.49,0,0.911675,0,0,1.17295,0.261274,1.028160,1,0,25.1876,0,0,0,25.1876,0
69.3715,2.12415,0,0,1.45869,0.102902,0.36288,3.6288,59.5684,0.780987,0,0,0.497168,0.25323,0,0.66528,12.849,1,0.387122,0.36288,0,22.9529,5.2456,17.683,0.84672,12.849,0.84672,3695.15,0,0,0,0.261274,1.79521,3.09492,1.28632,3.86508,0.42336,0,0.42336,460.49,0,0.912453,0,0,1.17373,0.261274,1.028160,1,0,21.5481,0,0,0,21.5481,0
68.1683,2.11999,0,0,1.36769,0.0880417,0.36288,3.6288,58.9403,0.809896,0,0,0.466674,0.284909,0,0.66528,12.849,1,0.392665,0.36288,0,20.6293,5.66905,14.9305,0.84672,12.849,0.84672,3695.15,0,0,0,0.261274,1.79547,2.98224,1.44089,3.5981,0.42336,0,0.42336,460.49,0,0.883544,0,0,1.14482,0.261274,1.028160,1,0,18.5286,0,0,0,18.5286,0
66.8409,2.16698,0,0,1.28436,0.081867,0.36288,3.6288,58.1855,0.892486,0,0,0.439744,0.302012,0,0.66528,12.849,1,0.408452,0.36288,0,19.1767,5.78507,13.346,0.84672,12.849,0.84672,3695.15,0,0,0,0.261274,1.79573,2.84374,1.48996,3.41079,0.42336,0,0.42336,460.49,0,0.800954,0,0,1.06223,0.261274,1.028160,1,0,16.7568,0,0,0,16.7568,0
65.7706,2.19412,0,0,1.56063,0.0739531,0.36288,3.6288,57.7556,0.709318,0,0,0.60413,0.32476,0,0.66528,12.849,1,0.421782,0.36288,0,24.6168,5.93974,18.6182,0.84672,12.849,0.84672,3695.15,0,0,0,0.261274,1.83768,3.4123,1.55538,3.95587,0.42336,0,0.42336,460.49,0,0.984122,0,0,1.2454,0.261274,1.028160,1,0,22.574,0,0,0,22.574,0
64.5653,2.18957,0,0,1.42052,0.0733266,0.36288,3.6288,57.2647,0.66528,0,0,0.498288,0.32386,0,0.66528,12.849,1,0.427756,0.36288,0,19.8275,5.93974,13.8229,0.84672,12.849,0.84672,3695.15,0,0,0,0.244123,1.81509,3.17079,1.55538,3.67462,0.42336,0,0.42336,460.49,0,1.02816,0,0,1.27228,0.244123,1.028160,1,0,17.4975,0,0,0,17.4975,0
63.2377,2.1841,0,0,1.29196,0.0726212,0.36288,3.6288,56.5591,0.846867,0,0,0.46405,0.322832,0,0.66528,12.849,1,0.434652,0.36288,0,18.4838,5.93974,12.4723,0.84672,12.849,0.84672,3695.15,0,0,0,0.227405,1.81536,2.82581,1.55538,3.31318,0.42336,0,0.42336,460.49,0,0.846573,0,0,1.07398,0.227405,1.028160,1,0,15.7855,0,0,0,15.7855,0
61.8895,2.32729,0,0,1.40692,0.0648904,0.36288,3.6288,56.1219,0.66528,0,0,0.54775,0.319608,0,0.66528,12.849,1,0.472872,0.36288,0,18.5712,6.04788,12.4133,0.84672,12.849,0.84672,3695.15,0,0,0,0.325261,1.81562,3.99549,1.58129,4.55508,0.42336,0,0.42336,460.49,0,1.02816,0,0,1.35342,0.325261,1.028160,1,0,16.9684,0,0,0,16.9684,0
59.9144,2.38152,0,0,0.8384,0.0691491,0.36288,3.6288,54.9074,1.24875,0,0,0.343708,0.309465,0,0.66528,12.849,1,0.494431,0.36288,0,11.3082,6.09371,5.08295,0.84672,12.849,0.84672,3695.15,0,0,0,0.227405,1.95871,3.12574,1.53724,3.77461,0.42336,0,0.42336,460.49,0,0.444692,0,0,0.672097,0.227405,1.028160,1,0,8.85756,0,0,0,8.85756,0
58.0467,2.36887,0,0,0.92969,0.0656686,0.36288,3.6288,53.9465,1.06857,0,0,0.410421,0.302795,0,0.66528,12.849,1,0.508019,0.36288,0,13.5574,6.12707,7.28516,0.84672,12.849,0.84672,3695.15,0,0,0,0.204422,1.91553,3.12689,1.54821,3.69864,0.42336,0,0.42336,460.49,0,0.624871,0,0,0.829293,0.204422,1.028160,1,0,10.9838,0,0,0,10.9838,0
56.0002,2.35626,0,0,0.737148,0.0644947,0.36288,3.6288,52.6786,1.27502,0,0,0.308055,0.300879,0,0.66528,12.849,1,0.521574,0.36288,0,14.8865,6.12707,8.60079,0.84672,12.849,0.84672,3695.15,0,0,0,0.204422,1.91616,2.51067,1.54821,3.08305,0.42336,0,0.42336,460.49,0,0.418419,0,0,0.622841,0.204422,1.028160,1,0,11.6838,0,0,0,11.6838,0
54.1285,2.34153,0,0,0.895968,0.0632084,0.36288,3.6288,52.0108,0.865228,0,0,0.495263,0.297895,0,0.66528,12.849,1,0.537254,0.36288,0,12.9766,6.12707,6.67515,0.84672,12.849,0.84672,3695.15,0,0,0,0.204422,1.91679,3.61755,1.54821,4.19055,0.42336,0,0.42336,460.49,0,0.828212,0,0,1.03263,0.204422,1.028160,1,0,10.8657,0,0,0,10.8657,0
52.4447,2.25627,0,0,1.04004,0.104725,0.36288,3.6288,50.77,1.33075,0,0,0.335789,0.2458,0,0.66528,12.849,1,0.535593,0.36288,0,17.6793,4.93971,12.5669,0.84672,12.849,0.84672,3695.15,0,0,0,0.204422,1.91742,3.35437,1.1428,4.33341,0.42336,0,0.42336,460.49,0,0.362686,0,0,0.567109,0.204422,1.028160,1,0,16.9003,0,0,0,16.9003,0
51.0268,2.23032,0,0,1.30704,0.13171,0.36288,3.6288,49.9915,1.12325,0,0,0.565334,0.220552,0,0.66528,12.849,1,0.546431,0.36288,0,21.9471,4.38165,17.3819,0.84672,12.849,0.84672,3695.15,0,0,0,0.216518,1.83526,4.79138,0.970437,5.87273,0.42336,0,0.42336,460.49,0,0.570186,0,0,0.786705,0.216518,1.028160,1,0,23.2546,0,0,0,23.2546,0
49.6101,2.21937,0,0,1.29527,0.129785,0.36288,3.6288,49.4357,0.995691,0,0,0.659056,0.219153,0,0.66528,12.849,1,0.558857,0.36288,0,21.4807,4.38165,16.9031,0.84672,12.849,0.84672,3695.15,0,0,0,0.216518,1.84525,4.84652,0.970437,5.93785,0.42336,0,0.42336,460.49,0,0.697749,0,0,0.914268,0.216518,1.028160,1,0,22.8409,0,0,0,22.8409,0
48.0527,2.20786,0,0,1.14128,0.127862,0.36288,3.6288,48.7414,1.05977,0,0,0.583614,0.218155,0,0.66528,12.849,1,0.571837,0.36288,0,18.4281,4.38165,13.8375,0.84672,12.849,0.84672,3695.15,0,0,0,0.216518,1.84552,4.22614,0.970437,5.31774,0.42336,0,0.42336,460.49,0,0.63367,0,0,0.850188,0.216518,1.028160,1,0,19.1552,0,0,0,19.1552,0
46.8437,2.13743,0,0,1.44513,0.153883,0.36288,3.6288,48.4348,0.773696,0,0,0.667084,0.199964,0,0.66528,12.849,1,0.571534,0.36288,0,26.3686,4.19958,21.9604,0.84672,12.849,0.84672,3695.15,0,0,0,0.216518,1.8458,5.64912,0.969117,6.74232,0.42336,0,0.42336,460.49,0,0.862903,0,0,1.07942,0.216518,1.028160,1,0,28.7027,0,0,0,28.7027,0
45.8456,2.06559,0,0,1.59841,0.168014,0.36288,3.6288,47.9164,0.865026,0,0,0.510326,0.163727,0,0.66528,12.849,1,0.566582,0.36288,0,35.9711,3.67626,32.0911,0.84672,12.849,0.84672,3695.15,0,0,0,0.216518,1.7721,3.9947,0.879009,5.10431,0.42336,0,0.42336,460.49,0,0.828414,0,0,1.04493,0.216518,1.028160,1,0,37.1954,0,0,0,37.1954,0
46.3783,2.05707,0,0,3.11882,0.166161,0.36288,3.6288,48.0058,0.66528,0,0,0.91773,0.163022,0,0.66528,12.849,1,0.576528,0.36288,0,50.6578,3.67626,46.7679,0.84672,12.849,0.84672,3695.15,0,0,0,0.368461,1.81813,7.74521,0.879009,9.05279,0.42336,0,0.42336,460.49,0,1.02816,0,0,1.39662,0.368461,1.028160,1,0,55.8207,0,0,0,55.8207,0
46.3187,2.06337,0,0,2.53379,0.16715,0.36288,3.6288,48.2983,0.66528,0,0,1.1209,0.163144,0,0.66528,12.849,1,0.571652,0.36288,0,45.8098,3.67626,41.9248,0.84672,12.849,0.84672,3695.15,0,0,0,1.18966,1.8184,7.03978,0.879009,9.16883,0.42336,0,0.42336,460.49,0,1.02816,0,0,2.21782,1.18966,1.028160,1,0,51.0936,0,0,0,51.0936,0
46.159,1.90314,0,0,2.29855,0.192235,0.36288,3.6288,48.4326,0.52349,0,0,0.830687,0.172966,0,0.66528,12.849,1,0.52794,0.36288,0,44.9346,3.85023,40.9193,0.84672,12.849,0.84672,3695.15,0,0,0,0.467901,1.81867,8.29564,0.919625,9.66258,0.42336,0,0.42336,460.49,0,1.02816,0,0,1.49606,0.467901,1.028160,1,0,50.5819,0,0,0,50.5819,0
46.8837,1.77515,0,0,3.08883,0.226091,0.36288,3.6288,48.7363,0.66528,0,0,1.15272,0.183718,0,0.66528,12.849,1,0.494136,0.36288,0,105.987,4.47688,101.379,0.84672,12.849,0.84672,3695.15,0,0,0,0.612749,1.65439,10.3496,1.09208,11.5247,0.42336,0,0.42336,460.49,0,1.02816,0,0,1.64091,0.612749,1.028160,1,0,112.903,0,0,0,112.903,0
48.1857,1.78217,0,0,3.675,0.227916,0.36288,3.6288,49.231,0.66528,0,0,1.34422,0.184182,0,0.66528,12.849,1,0.488422,0.36288,0,97.8419,4.47688,93.2395,0.84672,12.849,0.84672,3695.15,0,0,0,1.27042,1.75009,11.5534,1.09208,13.4818,0.42336,0,0.42336,460.49,0,1.02816,0,0,2.29858,1.27042,1.028160,1,0,106.721,0,0,0,106.721,0
52.0877,1.79362,0,0,6.28965,0.231194,0.36288,3.6288,49.7155,0.66528,0,0,1.33471,0.184936,0,0.66528,12.849,1,0.478278,0.36288,0,109.49,4.47688,104.897,0.84672,12.849,0.84672,3695.15,0,0,0,1.27679,1.75033,11.9305,1.09208,13.8656,0.42336,0,0.42336,460.49,0,1.02816,0,0,2.30495,1.27679,1.028160,1,0,118.763,0,0,0,118.763,0
55.9185,1.8234,0,0,6.26421,0.24715,0.36288,3.6288,50.6194,0.66528,0,0,1.74786,0.178676,0,0.66528,12.849,1,0.449798,0.36288,0,106.042,3.91329,102.042,0.84672,12.849,0.84672,3695.15,0,0,0,1.05028,1.75058,14.232,1.04575,15.9871,0.42336,0,0.42336,460.49,0,1.02816,0,0,2.07844,1.05028,1.028160,1,0,118.029,0,0,0,118.029,0
60.992,1.91385,0,0,7.60116,0.250865,0.36288,3.6288,51.5215,0.66528,0,0,1.73204,0.164738,0,0.66528,12.849,1,0.439766,0.36288,0,85.4161,3.5485,81.7907,0.84672,12.849,0.84672,3695.15,0,0,0,0.860095,1.75082,14.5256,0.955159,16.1814,0.42336,0,0.42336,460.49,0,1.02816,0,0,1.88825,0.860095,1.028160,1,0,97.9721,0,0,0,97.9721,0
68.818,1.98422,0,0,10.4128,0.239737,0.36288,3.6288,53.6288,0.66528,0,0,2.93495,0.162362,0,0.66528,12.849,1,0.418009,0.36288,0,127.982,3.62807,124.299,0.84672,12.849,0.84672,3695.15,0,0,0,2.0092,1.80244,20.9128,0.886481,23.8379,0.42336,0,0.42336,460.49,0,1.02816,0,0,3.03736,2.0092,1.028160,1,0,148.136,0,0,0,148.136,0
72.29,2.02537,0,0,9.76579,0.265029,4.00335,3.6288,55.9647,0.66528,0,0,3.17087,0.169709,0,0.66528,12.849,1,0.378158,4.00335,0,118.854,3.71952,118.76,0.84672,12.849,0.84672,3695.15,0,0,0,2.7474,1.775,18.1723,0.909948,21.7847,0.42336,0,0.42336,460.49,0,1.02816,0,0,3.77556,2.7474,1.028160,1,0,140.545,0,0,0,140.545,0
72.29,2.0419,0,0,14.7681,0.33211,12.3941,3.6288,59.3344,0.66528,0,0,4.23532,0.200285,0,0.66528,12.849,1,0.362933,12.3941,0,285.585,4.26825,293.348,0.84672,12.849,0.84672,3695.15,0,0,0,5.27828,1.77524,29.3793,1.05075,35.3821,0.42336,0,0.42336,460.49,0,1.02816,0,0,6.30644,5.27828,1.028160,1,0,328.73,0,0,0,328.73,0
72.29,2.259,0,0,9.30131,0.323314,6.71899,3.6288,61.308,0.66528,0,0,4.01611,0.197568,1.17967,0.66528,12.849,1,0.401521,6.71899,0,170.12,4.11438,172.323,0.84672,12.849,0.84672,3695.15,0,0,0,4.21451,1.77549,17.2264,1.04508,22.1713,0.42336,0,0.42336,460.49,0,1.02816,0,0,5.24267,4.21451,1.028160,1,0,195.674,0,0,0,195.674,0
72.29,2.41121,0,0,5.09631,0.270537,2.41456,3.6288,61.308,0.66528,0,0,4.32439,0.156727,3.50238,0.66528,12.849,1,0.428574,2.41456,0,101.359,3.19116,100.154,0.84672,12.849,0.84672,3695.15,0,0,0,4.35939,1.96083,18.0814,1.01106,23.3905,0.42336,0,0.42336,460.49,0,1.02816,0,0,5.38755,4.35939,1.028160,1,0,127.047,0,0,0,127.047,0
72.29,2.41243,0,0,7.06541,0.284996,4.36798,3.6288,61.308,0.66528,0,0,2.92041,0.14919,2.10594,0.66528,12.849,1,0.428792,4.36798,0,143.107,3.23493,143.811,0.84672,12.849,0.84672,3695.15,0,0,0,4.05975,1.85704,14.1866,0.99189,19.1115,0.42336,0,0.42336,460.49,0,1.02816,0,0,5.08791,4.05975,1.028160,1,0,165.029,0,0,0,165.029,0
72.29,2.41366,0,0,10.3958,0.341455,7.64071,3.6288,61.308,0.66528,0,0,3.28346,0.15778,2.4604,0.66528,12.849,1,0.429009,7.64071,0,138.611,3.26888,142.553,0.84672,12.849,0.84672,3695.15,0,0,0,7.56786,1.85731,18.4985,0.985085,26.9386,0.42336,0,0.42336,460.49,0,1.02816,0,0,8.59602,7.56786,1.028160,1,0,171.952,0,0,0,171.952,0
72.29,2.10642,0,0,6.573,0.352776,4.11381,3.6288,61.308,0.44764,0,0,2.56077,0.177209,1.93592,0.66528,12.849,1,0.374399,4.11381,0,144.141,3.13203,144.748,0.84672,12.849,0.84672,3695.15,0,0,0,3.15545,1.85758,14.427,0.998065,18.442,0.42336,0,0.42336,460.49,0,1.02816,0,0,4.18361,3.15545,1.028160,1,0,165.126,0,0,0,165.126,0
72.29,1.9046,0,0,4.20307,0.329298,1.96917,3.6288,61.308,0.66528,0,0,1.68368,0.170336,0.84806,0.66528,12.849,1,0.338528,1.96917,0,64.1165,2.65062,63.0965,0.84672,12.849,0.84672,3695.15,0,0,0,2.25765,1.60511,5.96736,0.890937,8.93918,0.42336,0,0.42336,460.49,0,1.02816,0,0,3.28581,2.25765,1.028160,1,0,72.8838,0,0,0,72.8838,0
72.29,1.90566,0,0,7.15971,0.329298,4.92475,3.6288,61.308,0.66528,0,0,2.6496,0.170336,1.81399,0.66528,12.849,1,0.338717,4.92475,0,116.966,2.65062,118.901,0.84672,12.849,0.84672,3695.15,0,0,0,4.23934,1.74517,10.5626,0.890937,15.6561,0.42336,0,0.42336,460.49,0,1.02816,0,0,5.2675,4.23934,1.028160,1,0,136.371,0,0,0,136.371,0
72.29,1.90672,0,0,7.10511,0.31084,4.88755,3.6288,61.308,0.66528,0,0,3.40088,0.175448,2.56015,0.66528,12.849,1,0.338906,4.88755,0,115.562,3.05213,117.058,0.84672,12.849,0.84672,3695.15,0,0,0,6.11669,1.7454,17.6456,0.958695,24.549,0.42336,0,0.42336,460.49,0,1.02816,0,0,7.14485,6.11669,1.028160,1,0,144.167,0,0,0,144.167,0
72.29,1.90779,0,0,6.30552,0.299063,4.09866,3.6288,61.308,0.66528,0,0,2.8741,0.185821,2.02299,0.66528,12.849,1,0.339095,4.09866,0,157.565,3.6844,157.64,0.84672,12.849,0.84672,3695.15,0,0,0,4.16225,1.74564,11.2999,1.06611,16.1417,0.42336,0,0.42336,460.49,0,1.02816,0,0,5.19041,4.16225,1.028160,1,0,175.805,0,0,0,175.805,0
72.29,1.98662,0,0,5.38076,0.259774,3.13437,3.6288,61.308,0.66528,0,0,2.23871,0.20537,1.36806,0.66528,12.849,1,0.353107,3.13437,0,76.5888,4.42416,74.9459,0.84672,12.849,0.84672,3695.15,0,0,0,3.91723,1.74587,8.54297,1.12576,13.0803,0.42336,0,0.42336,460.49,0,1.02816,0,0,4.94539,3.91723,1.028160,1,0,89.3943,0,0,0,89.3943,0
72.29,2.03743,0,0,3.84287,0.251767,1.55367,3.6288,61.308,0.66528,0,0,1.99193,0.210196,1.11645,0.66528,12.849,1,0.362138,1.55367,0,61.0781,4.41147,57.8581,0.84672,12.849,0.84672,3695.15,0,0,0,1.28679,1.80852,7.99743,1.12351,9.96922,0.42336,0,0.42336,460.49,0,1.02816,0,0,2.31495,1.28679,1.028160,1,0,68.9438,0,0,0,68.9438,0
72.29,2.03854,0,0,3.34651,0.251767,1.05621,3.6288,61.308,0.66528,0,0,1.57876,0.210196,0.703286,0.66528,12.849,1,0.362335,1.05621,0,55.3479,4.41147,51.6303,0.84672,12.849,0.84672,3695.15,0,0,0,0.864829,1.7745,5.38609,1.12351,6.90191,0.42336,0,0.42336,460.49,0,1.02816,0,0,1.89299,0.864829,1.028160,1,0,59.2355,0,0,0,59.2355,0
72.29,2.03964,0,0,3.14587,0.242839,0.863386,3.6288,61.308,0.66528,0,0,1.37741,0.214953,0.497173,0.66528,12.849,1,0.362531,0.863386,0,44.1063,4.46964,40.1375,0.84672,12.849,0.84672,3695.15,0,0,0,0.701378,1.77475,4.81251,1.13496,6.15367,0.42336,0,0.42336,460.49,0,1.02816,0,0,1.72954,0.701378,1.028160,1,0,46.7884,0,0,0,46.7884,0
72.29,2.0103,0,0,3.05827,0.186373,0.861592,3.6288,61.308,0.663825,0,0,1.34904,0.213963,0.471253,0.66528,12.849,1,0.357316,0.861592,0,43.5758,4.37822,39.7019,0.84672,12.849,0.84672,3695.15,0,0,0,0.707123,1.77499,4.53179,1.13521,5.8787,0.42336,0,0.42336,460.49,0,1.02816,0,0,1.73528,0.707123,1.028160,1,0,46.0519,0,0,0,46.0519,0
72.29,1.99206,0,0,2.8246,0.214957,0.617581,3.6288,61.308,0.66528,0,0,1.0111,0.190861,0.154964,0.66528,12.849,1,0.354073,0.617581,0,38.0563,4.01363,34.3062,0.84672,12.849,0.84672,3695.15,0,0,0,0.622711,1.75092,3.95091,1.06659,5.25795,0.42336,0,0.42336,460.49,0,1.02816,0,0,1.65087,0.622711,1.028160,1,0,39.7191,0,0,0,39.7191,0
72.29,1.99315,0,0,2.59067,0.116644,0.480877,3.6288,61.2719,0.66528,0,0,0.865866,0.236638,0,0.66528,12.849,1,0.354267,0.480877,0,34.743,4.41725,30.4524,0.84672,12.849,0.84672,3695.15,0,0,0,0.490104,1.76448,3.68216,1.09069,4.84606,0.42336,0,0.42336,460.49,0,1.02816,0,0,1.51826,0.490104,1.028160,1,0,35.2984,0,0,0,35.2984,0
72.29,1.99424,0,0,2.52024,0.116644,0.409354,3.6288,61.308,0.66528,0,0,0.955083,0.236584,0.0171666,0.66528,12.849,1,0.354461,0.409354,0,33.5776,4.41725,29.2153,0.84672,12.849,0.84672,3695.15,0,0,0,0.656787,1.76472,4.26927,1.09069,5.60009,0.42336,0,0.42336,460.49,0,1.02816,0,0,1.68495,0.656787,1.028160,1,0,34.8325,0,0,0,34.8325,0
72.1501,2.0988,0,0,2.43841,0.116644,0.36288,3.6288,61.308,0.66528,0,0,0.958859,0.236638,0.0569403,0.66528,12.849,1,0.373046,0.36288,0,31.8337,4.41725,27.4063,0.84672,12.849,0.84672,3695.15,0,0,0,0.452693,1.76496,3.74627,1.09069,4.87323,0.42336,0,0.42336,460.49,0,1.02816,0,0,1.48085,0.452693,1.028160,1,0,32.3365,0,0,0,32.3365,0
71.8644,2.16795,0,0,2.3722,0.127089,0.36288,3.6288,61.2412,0.66528,0,0,0.853442,0.25495,0,0.66528,12.849,1,0.386085,0.36288,0,30.6715,4.76647,25.8818,0.84672,12.849,0.84672,3695.15,0,0,0,0.451699,1.85052,3.37427,1.07439,4.6021,0.42336,0,0.42336,460.49,0,1.02816,0,0,1.47986,0.451699,1.028160,1,0,30.4839,0,0,0,30.4839,0
71.5337,2.1678,0,0,2.32686,0.126813,0.36288,3.6288,61.1111,0.66528,0,0,0.789998,0.254843,0,0.66528,12.849,1,0.387591,0.36288,0,28.8,4.76647,24.0088,0.84672,12.849,0.84672,3695.15,0,0,0,0.301242,1.80346,3.1142,1.07439,4.14452,0.42336,0,0.42336,460.49,0,1.02816,0,0,1.3294,0.301242,1.028160,1,0,28.1533,0,0,0,28.1533,0
70.9146,2.16742,0,0,2.0305,0.119337,0.36288,3.6288,60.833,0.753011,0,0,0.734279,0.259349,0,0.66528,12.849,1,0.389315,0.36288,0,25.7412,4.82003,20.8947,0.84672,12.849,0.84672,3695.15,0,0,0,0.30119,1.80372,3.01205,1.08807,4.02889,0.42336,0,0.42336,460.49,0,0.940429,0,0,1.24162,0.30119,1.028160,1,0,24.9236,0,0,0,24.9236,0
70.2222,2.16568,0,0,1.91224,0.0760358,0.36288,3.6288,60.4403,0.809292,0,0,0.703702,0.287137,0,0.66528,12.849,1,0.3924,0.36288,0,23.0827,5.14132,17.9119,0.84672,12.849,0.84672,3695.15,0,0,0,0.30119,1.80397,2.84868,1.17016,3.78367,0.42336,0,0.42336,460.49,0,0.884148,0,0,1.18534,0.30119,1.028160,1,0,21.6955,0,0,0,21.6955,0
69.4173,2.14315,0,0,1.77943,0.078295,0.36288,3.6288,60.5643,0.66528,0,0,1.06981,0.280555,0,0.66528,12.849,1,0.392146,0.36288,0,30.0131,4.86945,25.1144,0.84672,12.849,0.84672,3695.15,0,0,0,0.84786,1.80422,3.99052,1.18744,5.45517,0.42336,0,0.42336,460.49,0,1.02816,0,0,1.87602,0.84786,1.028160,1,0,30.5696,0,0,0,30.5696,0
68.5002,2.17801,0,0,1.70264,0.0788677,0.36288,3.6288,60.7915,0.66528,0,0,1.17091,0.278428,0,0.66528,12.849,1,0.403145,0.36288,0,32.4633,4.7607,27.6624,0.84672,12.849,0.84672,3695.15,0,0,0,1.00766,1.83435,4.46591,1.19435,6.11357,0.42336,0,0.42336,460.49,0,1.02816,0,0,2.03582,1.00766,1.028160,1,0,33.7759,0,0,0,33.7759,0
67.4411,2.17461,0,0,1.55669,0.0783067,0.36288,3.6288,60.9901,0.66528,0,0,1.1428,0.27883,0,0.66528,12.849,1,0.407904,0.36288,0,32.005,4.7607,27.1993,0.84672,12.849,0.84672,3695.15,0,0,0,1.04504,1.80856,4.41101,1.19435,6.07027,0.42336,0,0.42336,460.49,0,1.02816,0,0,2.0732,1.04504,1.028160,1,0,33.2695,0,0,0,33.2695,0
66.2529,2.17037,0,0,1.4227,0.0776588,0.36288,3.6288,61.1144,0.66528,0,0,1.0687,0.279181,0,0.66528,12.849,1,0.413502,0.36288,0,30.1037,4.7607,25.2923,0.84672,12.849,0.84672,3695.15,0,0,0,0.74361,1.80881,4.19744,1.19435,5.55552,0.42336,0,0.42336,460.49,0,1.02816,0,0,1.77177,0.74361,1.028160,1,0,30.8479,0,0,0,30.8479,0
64.9516,2.21757,0,0,1.34313,0.0640053,0.36288,3.6288,61.1154,0.66528,0,0,0.970212,0.30391,0,0.66528,12.849,1,0.430072,0.36288,0,28.3058,5.16072,23.0779,0.84672,12.849,0.84672,3695.15,0,0,0,0.713923,1.80907,3.99571,1.35911,5.15959,0.42336,0,0.42336,460.49,0,1.02816,0,0,1.74208,0.713923,1.028160,1,0,28.2374,0,0,0,28.2374,0
63.6364,2.24469,0,0,1.35518,0.0628273,0.36288,3.6288,60.9548,0.66528,0,0,0.793195,0.288497,0,0.66528,12.849,1,0.444053,0.36288,0,27.0893,5.17272,21.8354,0.84672,12.849,0.84672,3695.15,0,0,0,0.56376,1.85171,3.78416,1.41038,4.78925,0.42336,0,0.42336,460.49,0,1.02816,0,0,1.59192,0.56376,1.028160,1,0,26.6246,0,0,0,26.6246,0
62.1858,2.23821,0,0,1.21269,0.0621634,0.36288,3.6288,60.7526,0.66528,0,0,0.751265,0.288203,0,0.66528,12.849,1,0.451922,0.36288,0,26.2054,5.17272,20.9436,0.84672,12.849,0.84672,3695.15,0,0,0,0.510512,1.82873,3.63105,1.41038,4.55991,0.42336,0,0.42336,460.49,0,1.02816,0,0,1.53867,0.510512,1.028160,1,0,25.5035,0,0,0,25.5035,0
60.6595,2.23062,0,0,1.12857,0.0614311,0.36288,3.6288,60.5246,0.66528,0,0,0.725155,0.287834,0,0.66528,12.849,1,0.460897,0.36288,0,23.8172,5.17272,18.5465,0.84672,12.849,0.84672,3695.15,0,0,0,0.350931,1.82899,3.52746,1.41038,4.29701,0.42336,0,0.42336,460.49,0,1.02816,0,0,1.37909,0.350931,1.028160,1,0,22.8435,0,0,0,22.8435,0
58.9063,2.37322,0,0,1.04357,0.0606606,0.36288,3.6288,60.2618,0.66528,0,0,0.689818,0.287418,0,0.66528,12.849,1,0.5027,0.36288,0,19.1644,5.17272,13.8518,0.84672,12.849,0.84672,3695.15,0,0,0,0.293354,1.82925,3.27515,1.41038,3.98737,0.42336,0,0.42336,460.49,0,1.02816,0,0,1.32151,0.293354,1.028160,1,0,17.8392,0,0,0,17.8392,0
56.9947,2.40054,0,0,0.95466,0.102798,0.36288,3.6288,60.049,0.66528,0,0,0.725769,0.273232,0,0.66528,12.849,1,0.523621,0.36288,0,21.2568,4.80312,16.293,0.84672,12.849,0.84672,3695.15,0,0,0,0.668304,1.97472,3.10568,1.3458,4.40291,0.42336,0,0.42336,460.49,0,1.02816,0,0,1.69646,0.668304,1.028160,1,0,20.6959,0,0,0,20.6959,0
55.0984,2.38696,0,0,0.962228,0.108723,0.36288,3.6288,59.8419,0.66528,0,0,0.727488,0.269297,0,0.66528,12.849,1,0.538122,0.36288,0,21.7646,4.73875,16.8506,0.84672,12.849,0.84672,3695.15,0,0,0,0.833795,1.94765,3.32584,1.31368,4.7936,0.42336,0,0.42336,460.49,0,1.02816,0,0,1.86195,0.833795,1.028160,1,0,21.6442,0,0,0,21.6442,0
53.4076,2.37269,0,0,1.15155,0.106693,0.36288,3.6288,59.6735,0.66528,0,0,0.765781,0.268942,0,0.66528,12.849,1,0.553314,0.36288,0,21.2816,4.73875,16.3524,0.84672,12.849,0.84672,3695.15,0,0,0,0.856587,1.94826,4.46818,1.31368,5.95935,0.42336,0,0.42336,460.49,0,1.02816,0,0,1.88475,0.856587,1.028160,1,0,22.3118,0,0,0,22.3118,0
51.4357,2.35932,0,0,0.859438,0.109145,0.36288,3.6288,59.4063,0.66528,0,0,0.666844,0.268733,0,0.66528,12.849,1,0.567613,0.36288,0,20.2795,4.76096,15.3139,0.84672,12.849,0.84672,3695.15,0,0,0,0.749745,1.94887,3.00089,1.30933,4.39018,0.42336,0,0.42336,460.49,0,1.02816,0,0,1.7779,0.749745,1.028160,1,0,19.704,0,0,0,19.704,0
49.554,2.27117,0,0,0.880433,0.128167,0.36288,3.6288,58.9963,0.66528,0,0,0.481035,0.225743,0,0.66528,12.849,1,0.567353,0.36288,0,16.5261,4.69412,11.6275,0.84672,12.849,0.84672,3695.15,0,0,0,0.335569,1.94949,2.5871,1.25594,3.61622,0.42336,0,0.42336,460.49,0,1.02816,0,0,1.36373,0.335569,1.028160,1,0,15.2437,0,0,0,15.2437,0
47.9626,2.25477,0,0,1.15985,0.133578,0.36288,3.6288,58.7454,0.66528,0,0,0.607568,0.193186,0,0.66528,12.849,1,0.584646,0.36288,0,18.1331,4.60236,13.309,0.84672,12.849,0.84672,3695.15,0,0,0,0.773073,1.86593,3.15579,1.22404,4.57075,0.42336,0,0.42336,460.49,0,1.02816,0,0,1.80123,0.773073,1.028160,1,0,17.8797,0,0,0,17.8797,0
46.3456,2.24018,0,0,1.11738,0.131298,0.36288,3.6288,58.4452,0.66528,0,0,0.557952,0.192875,0,0.66528,12.849,1,0.600135,0.36288,0,17.3912,4.60236,12.5516,0.84672,12.849,0.84672,3695.15,0,0,0,0.721898,1.86652,2.70686,1.22404,4.07124,0.42336,0,0.42336,460.49,0,1.02816,0,0,1.75006,0.721898,1.028160,1,0,16.6228,0,0,0,16.6228,0
44.7285,2.22448,0,0,1.09928,0.128981,0.36288,3.6288,58.2253,0.66528,0,0,0.637853,0.192503,0,0.66528,12.849,1,0.616723,0.36288,0,16.9888,4.60236,12.1326,0.84672,12.849,0.84672,3695.15,0,0,0,1.07717,1.86711,3.06237,1.22404,4.78261,0.42336,0,0.42336,460.49,0,1.02816,0,0,2.10533,1.07717,1.028160,1,0,16.9152,0,0,0,16.9152,0
44.0073,2.15083,0,0,1.98552,0.193035,0.36288,3.6288,58.163,0.621109,0,0,0.74768,0.188844,0,0.66528,12.849,1,0.61786,0.36288,0,34.1007,4.68636,29.1594,0.84672,12.849,0.84672,3695.15,0,0,0,1.53992,1.8677,4.63318,1.31337,6.72743,0.42336,0,0.42336,460.49,0,1.02816,0,0,2.56808,1.53992,1.028160,1,0,35.8868,0,0,0,35.8868,0
44.5533,2.09334,0,0,3.17566,0.173414,0.36288,3.6288,58.2501,0.66528,0,0,0.976864,0.224526,0,0.66528,12.849,1,0.611202,0.36288,0,50.4299,4.6452,45.5363,0.84672,12.849,0.84672,3695.15,0,0,0,2.1506,1.79308,8.07381,1.15487,10.8626,0.42336,0,0.42336,460.49,0,1.02816,0,0,3.17876,2.1506,1.028160,1,0,56.399,0,0,0,56.399,0
45.3858,2.10024,0,0,3.4701,0.174495,0.36288,3.6288,59.0998,0.66528,0,0,1.73965,0.224653,0,0.66528,12.849,1,0.605701,0.36288,0,52.3891,4.6452,47.5011,0.84672,12.849,0.84672,3695.15,0,0,0,3.16138,1.83169,8.61415,1.15487,12.4523,0.42336,0,0.42336,460.49,0,1.02816,0,0,4.18954,3.16138,1.028160,1,0,59.9534,0,0,0,59.9534,0
45.7544,2.10998,0,0,3.03385,0.192375,0.36288,3.6288,59.9112,0.66528,0,0,1.70866,0.231946,0,0.66528,12.849,1,0.597349,0.36288,0,53.0428,4.17132,48.637,0.84672,12.849,0.84672,3695.15,0,0,0,2.81922,1.83195,9.06507,1.05407,12.6622,0.42336,0,0.42336,460.49,0,1.02816,0,0,3.84738,2.81922,1.028160,1,0,61.2992,0,0,0,61.2992,0
49.0026,1.95183,0,0,5.76828,0.205397,0.36288,3.6288,60.9975,0.520768,0,0,1.84471,0.237723,0,0.66528,12.849,1,0.548123,0.36288,0,90.8004,3.81591,86.7992,0.84672,12.849,0.84672,3695.15,0,0,0,4.52316,1.83221,12.5773,0.978479,17.9542,0.42336,0,0.42336,460.49,0,1.02816,0,0,5.55132,4.52316,1.028160,1,0,104.753,0,0,0,104.753,0
54.5635,1.85025,0,0,7.99711,0.223123,0.36288,3.6288,61.308,0.66528,0,0,3.80751,0.206212,2.62548,0.66528,12.849,1,0.485155,0.36288,0,82.9604,4.00266,78.8355,0.84672,12.849,0.84672,3695.15,0,0,0,5.46168,1.66519,14.8583,1.08691,20.8983,0.42336,0,0.42336,460.49,0,1.02816,0,0,6.48984,5.46168,1.028160,1,0,102.359,0,0,0,102.359,0
58.132,1.89131,0,0,6.0609,0.238208,0.36288,3.6288,61.308,0.66528,0,0,3.92678,0.20108,3.06043,0.66528,12.849,1,0.445378,0.36288,0,88.223,4.03378,84.1068,0.84672,12.849,0.84672,3695.15,0,0,0,5.58349,1.76247,14.0266,1.10498,20.2676,0.42336,0,0.42336,460.49,0,1.02816,0,0,6.61165,5.58349,1.028160,1,0,107.435,0,0,0,107.435,0
63.0062,1.91474,0,0,7.39864,0.246783,0.36288,3.6288,61.308,0.66528,0,0,5.3703,0.20108,4.50394,0.66528,12.849,1,0.423218,0.36288,0,146.013,4.03378,141.918,0.84672,12.849,0.84672,3695.15,0,0,0,7.07349,1.76271,20.2932,1.10498,28.0244,0.42336,0,0.42336,460.49,0,1.02816,0,0,8.10165,7.07349,1.028160,1,0,174.447,0,0,0,174.447,0
66.3887,1.943,0,0,5.946,0.257688,0.36288,3.6288,61.308,0.66528,0,0,2.05103,0.20108,1.18467,0.66528,12.849,1,0.39624,0.36288,0,121.299,4.03378,117.232,0.84672,12.849,0.84672,3695.15,0,0,0,3.1354,1.76295,12.119,1.10498,15.9123,0.42336,0,0.42336,460.49,0,1.02816,0,0,4.16356,3.1354,1.028160,1,0,134.329,0,0,0,134.329,0
70.2382,2.02836,0,0,6.54187,0.301068,0.36288,3.6288,61.308,0.66528,0,0,2.67557,0.194262,1.81603,0.66528,12.849,1,0.392572,0.36288,0,144.342,4.2001,140.113,0.84672,12.849,0.84672,3695.15,0,0,0,3.78699,1.76319,14.2789,1.11893,18.7101,0.42336,0,0.42336,460.49,0,1.02816,0,0,4.81515,3.78699,1.028160,1,0,160.639,0,0,0,160.639,0
72.29,2.08828,0,0,7.72209,0.307303,3.27473,3.6288,61.308,0.66528,0,0,1.9549,0.188418,1.10121,0.66528,12.849,1,0.382018,3.27473,0,139.022,3.54774,138.367,0.84672,12.849,0.84672,3695.15,0,0,0,3.72701,1.81566,14.5679,1.03225,19.0783,0.42336,0,0.42336,460.49,0,1.02816,0,0,4.75517,3.72701,1.028160,1,0,158.546,0,0,0,158.546,0
72.29,2.09856,0,0,6.85586,0.312163,4.44513,3.6288,61.308,0.66528,0,0,1.61205,0.188418,0.758353,0.66528,12.849,1,0.373004,4.44513,0,118.841,3.54774,119.366,0.84672,12.849,0.84672,3695.15,0,0,0,3.19658,1.78775,13.2564,1.03225,17.2084,0.42336,0,0.42336,460.49,0,1.02816,0,0,4.22474,3.19658,1.028160,1,0,137.333,0,0,0,137.333,0
72.29,2.09964,0,0,5.70175,0.269588,3.33252,3.6288,61.308,0.66528,0,0,1.34312,0.200351,0.477491,0.66528,12.849,1,0.373196,3.33252,0,84.9243,3.99389,83.8897,0.84672,12.849,0.84672,3695.15,0,0,0,2.67063,1.78799,10.9148,1.14699,14.2265,0.42336,0,0.42336,460.49,0,1.02816,0,0,3.69879,2.67063,1.028160,1,0,98.5937,0,0,0,98.5937,0
72.29,2.32028,0,0,5.19719,0.269588,2.60733,3.6288,61.308,0.66528,0,0,1.57885,0.200351,0.713216,0.66528,12.849,1,0.412412,2.60733,0,85.9213,3.99389,84.1224,0.84672,12.849,0.84672,3695.15,0,0,0,2.39061,1.78822,10.9611,1.14699,13.9929,0.42336,0,0.42336,460.49,0,1.02816,0,0,3.41877,2.39061,1.028160,1,0,98.8285,0,0,0,98.8285,0
72.29,2.47129,0,0,5.41032,0.284034,2.655,3.6288,61.308,0.66528,0,0,2.23645,0.202435,1.36873,0.66528,12.849,1,0.439252,2.655,0,114.356,3.9375,112.634,0.84672,12.849,0.84672,3695.15,0,0,0,3.27015,1.97661,10.9163,1.14088,15.0222,0.42336,0,0.42336,460.49,0,1.02816,0,0,4.29831,3.27015,1.028160,1,0,129.025,0,0,0,129.025,0
72.29,2.47204,0,0,6.59242,0.284034,3.83635,3.6288,61.308,0.66528,0,0,2.33092,0.202435,1.4632,0.66528,12.849,1,0.439386,3.83635,0,130.424,3.9375,129.884,0.84672,12.849,0.84672,3695.15,0,0,0,5.64127,1.87362,15.1356,1.14088,21.5097,0.42336,0,0.42336,460.49,0,1.02816,0,0,6.66943,5.64127,1.028160,1,0,152.857,0,0,0,152.857,0
72.29,2.47279,0,0,4.51052,0.284034,1.7537,3.6288,61.308,0.66528,0,0,1.78989,0.202435,0.922173,0.66528,12.849,1,0.439519,1.7537,0,132.621,3.9375,129.997,0.84672,12.849,0.84672,3695.15,0,0,0,1.66576,1.87419,9.28878,1.14088,11.6879,0.42336,0,0.42336,460.49,0,1.02816,0,0,2.69392,1.66576,1.028160,1,0,142.607,0,0,0,142.607,0
72.29,2.16,0,0,3.52918,0.278116,1.09106,3.6288,61.308,0.449577,0,0,1.27335,0.184254,0.639524,0.66528,12.849,1,0.383924,1.09106,0,85.193,3.59057,82.3096,0.84672,12.849,0.84672,3695.15,0,0,0,0.839825,1.87476,5.98818,1.01159,7.69118,0.42336,0,0.42336,460.49,0,1.02816,0,0,1.86799,0.839825,1.028160,1,0,90.6403,0,0,0,90.6403,0
72.29,1.95981,0,0,6.86966,0.317128,4.59272,3.6288,61.308,0.66528,0,0,5.92373,0.186661,5.07179,0.66528,12.849,1,0.348342,4.59272,0,128.012,3.6603,128.596,0.84672,12.849,0.84672,3695.15,0,0,0,5.37431,1.61843,15.2683,0.893898,21.3671,0.42336,0,0.42336,460.49,0,1.02816,0,0,6.40247,5.37431,1.028160,1,0,155.035,0,0,0,155.035,0
72.29,1.96085,0,0,7.42219,0.317128,5.14421,3.6288,61.308,0.66528,0,0,5.71904,0.186661,4.8671,0.66528,12.849,1,0.348526,5.14421,0,138.667,3.6603,139.802,0.84672,12.849,0.84672,3695.15,0,0,0,6.31636,1.75735,17.7974,0.893898,24.9773,0.42336,0,0.42336,460.49,0,1.02816,0,0,7.34452,6.31636,1.028160,1,0,169.647,0,0,0,169.647,0
72.29,1.96189,0,0,9.47557,0.317128,7.19656,3.6288,61.308,0.66528,0,0,6.55579,0.186661,5.70385,0.66528,12.849,1,0.34871,7.19656,0,173.634,3.6603,176.821,0.84672,12.849,0.84672,3695.15,0,0,0,6.64485,1.75758,19.2046,0.893898,26.7131,0.42336,0,0.42336,460.49,0,1.02816,0,0,7.67301,6.64485,1.028160,1,0,209.238,0,0,0,209.238,0
72.29,1.96292,0,0,11.2574,0.316798,8.97768,3.6288,61.308,0.66528,0,0,7.58992,0.187687,6.73695,0.66528,12.849,1,0.348895,8.97768,0,250.117,3.90676,254.839,0.84672,12.849,0.84672,3695.15,0,0,0,7.29631,1.75781,27.5668,0.977031,35.6439,0.42336,0,0.42336,460.49,0,1.02816,0,0,8.32447,7.29631,1.028160,1,0,297.22,0,0,0,297.22,0
72.29,2.043,0,0,11.2635,0.325403,8.89508,3.6288,61.308,0.66528,0,0,8.3701,0.166523,7.5383,0.66528,12.849,1,0.363128,8.89508,0,208.782,4.04789,213.266,0.84672,12.849,0.84672,3695.15,0,0,0,7.32186,1.75803,19.9219,1.01964,27.9821,0.42336,0,0.42336,460.49,0,1.02816,0,0,8.35002,7.32186,1.028160,1,0,248.787,0,0,0,248.787,0
72.29,2.09461,0,0,5.78918,0.34088,3.3537,3.6288,61.308,0.66528,0,0,5.49698,0.140643,4.69106,0.66528,12.849,1,0.3723,3.3537,0,97.6752,3.78735,96.8692,0.84672,12.849,0.84672,3695.15,0,0,0,4.02509,1.8217,11.9159,0.974186,16.7885,0.42336,0,0.42336,460.49,0,1.02816,0,0,5.05325,4.02509,1.028160,1,0,118.349,0,0,0,118.349,0
72.29,2.09568,0,0,5.29895,0.34088,2.86239,3.6288,61.308,0.66528,0,0,4.5377,0.140643,3.73178,0.66528,12.849,1,0.372492,2.86239,0,111.917,3.78735,110.62,0.84672,12.849,0.84672,3695.15,0,0,0,3.7863,1.78711,11.5237,0.974186,16.1229,0.42336,0,0.42336,460.49,0,1.02816,0,0,4.81446,3.7863,1.028160,1,0,130.475,0,0,0,130.475,0
72.29,2.09676,0,0,4.57458,0.29624,2.18158,3.6288,61.308,0.66528,0,0,3.82756,0.164431,2.99785,0.66528,12.849,1,0.372683,2.18158,0,104.474,4.0782,102.205,0.84672,12.849,0.84672,3695.15,0,0,0,3.40256,1.78735,11.4697,1.03144,15.6282,0.42336,0,0.42336,460.49,0,1.02816,0,0,4.43072,3.40256,1.028160,1,0,120.831,0,0,0,120.831,0
72.29,2.0669,0,0,4.44259,0.289778,2.08592,3.6288,61.308,0.663441,0,0,3.44582,0.173016,2.60937,0.66528,12.849,1,0.367375,2.08592,0,77.1034,4.22421,74.5977,0.84672,12.849,0.84672,3695.15,0,0,0,2.88965,1.78759,9.84321,1.06313,13.4573,0.42336,0,0.42336,460.49,0,1.02816,0,0,3.91781,2.88965,1.028160,1,0,90.6644,0,0,0,90.6644,0
72.29,2.04831,0,0,4.30068,0.280601,1.97177,3.6288,61.308,0.66528,0,0,1.88055,0.183171,1.0321,0.66528,12.849,1,0.364072,1.97177,0,82.0463,4.40957,79.2444,0.84672,12.849,0.84672,3695.15,0,0,0,1.82517,1.76311,7.9107,1.09288,10.4061,0.42336,0,0.42336,460.49,0,1.02816,0,0,2.85333,1.82517,1.028160,1,0,90.6826,0,0,0,90.6826,0
72.29,2.04937,0,0,3.98555,0.252356,1.68382,3.6288,61.308,0.66528,0,0,1.66088,0.192532,0.803073,0.66528,12.849,1,0.364261,1.68382,0,75.5862,4.49295,72.4128,0.84672,12.849,0.84672,3695.15,0,0,0,1.77929,1.77689,7.2023,1.09871,9.65977,0.42336,0,0.42336,460.49,0,1.02816,0,0,2.80745,1.77929,1.028160,1,0,82.8756,0,0,0,82.8756,0
72.29,2.05044,0,0,3.70835,0.252356,1.40556,3.6288,61.308,0.66528,0,0,1.6571,0.192532,0.799289,0.66528,12.849,1,0.36445,1.40556,0,69.1062,4.49295,65.6543,0.84672,12.849,0.84672,3695.15,0,0,0,1.78985,1.77712,6.84469,1.09871,9.31296,0.42336,0,0.42336,460.49,0,1.02816,0,0,2.81801,1.78985,1.028160,1,0,75.7666,0,0,0,75.7666,0
72.29,2.15666,0,0,3.56301,0.252356,1.154,3.6288,61.308,0.66528,0,0,2.09301,0.192532,1.2352,0.66528,12.849,1,0.38333,1.154,0,66.2386,4.49295,62.5163,0.84672,12.849,0.84672,3695.15,0,0,0,2.3753,1.77736,8.35108,1.09871,11.405,0.42336,0,0.42336,460.49,0,1.02816,0,0,3.40346,2.3753,1.028160,1,0,75.1565,0,0,0,75.1565,0
72.29,2.22753,0,0,3.27407,0.224433,0.8221,3.6288,61.308,0.66528,0,0,1.55608,0.183053,0.707748,0.66528,12.849,1,0.395927,0.8221,0,58.0173,4.7457,53.6978,0.84672,12.849,0.84672,3695.15,0,0,0,1.31545,1.8643,5.99143,0.996842,8.17434,0.42336,0,0.42336,460.49,0,1.02816,0,0,2.34361,1.31545,1.028160,1,0,62.5799,0,0,0,62.5799,0
72.29,2.22865,0,0,2.99164,0.189211,0.573781,3.6288,61.308,0.66528,0,0,1.19929,0.179462,0.354551,0.66528,12.849,1,0.396126,0.573781,0,52.5817,4.46136,48.298,0.84672,12.849,0.84672,3695.15,0,0,0,1.18106,1.81646,5.3778,1.02523,7.3501,0.42336,0,0.42336,460.49,0,1.02816,0,0,2.20922,1.18106,1.028160,1,0,56.0027,0,0,0,56.0027,0
72.2717,2.22977,0,0,2.73285,0.158533,0.36288,3.6288,61.308,0.66528,0,0,1.18918,0.18311,0.340793,0.66528,12.849,1,0.396324,0.36288,0,46.9956,4.57506,42.387,0.84672,12.849,0.84672,3695.15,0,0,0,1.1805,1.81671,5.13696,0.9897,7.14447,0.42336,0,0.42336,460.49,0,1.02816,0,0,2.20866,1.1805,1.028160,1,0,49.8723,0,0,0,49.8723,0
72.1981,2.2308,0,0,2.67864,0.158511,0.36288,3.6288,61.308,0.66528,0,0,1.28617,0.18311,0.437777,0.66528,12.849,1,0.396608,0.36288,0,45.0201,4.57506,40.4113,0.84672,12.849,0.84672,3695.15,0,0,0,1.13883,1.81696,5.53522,0.9897,7.50131,0.42336,0,0.42336,460.49,0,1.02816,0,0,2.16699,1.13883,1.028160,1,0,48.3504,0,0,0,48.3504,0
71.8995,2.21075,0,0,2.41668,0.141688,0.36288,3.6288,61.308,0.66528,0,0,1.03053,0.206377,0.15887,0.66528,12.849,1,0.393444,0.36288,0,39.2669,4.72254,34.5138,0.84672,12.849,0.84672,3695.15,0,0,0,1.05352,1.8172,4.77778,1.05177,6.59673,0.42336,0,0.42336,460.49,0,1.02816,0,0,2.08168,1.05352,1.028160,1,0,41.2694,0,0,0,41.2694,0
71.3301,2.24885,0,0,2.17121,0.128844,0.36288,3.6288,61.297,0.66528,0,0,0.878092,0.223827,0,0.66528,12.849,1,0.401888,0.36288,0,35.7722,4.83315,30.9,0.84672,12.849,0.84672,3695.15,0,0,0,1.00565,1.84781,4.95944,1.09833,6.71457,0.42336,0,0.42336,460.49,0,1.02816,0,0,2.03381,1.00565,1.028160,1,0,37.6146,0,0,0,37.6146,0
70.5687,2.24726,0,0,1.97704,0.128286,0.36288,3.6288,61.2771,0.66528,0,0,0.86921,0.223811,0,0.66528,12.849,1,0.404808,0.36288,0,35.4955,4.83315,30.6205,0.84672,12.849,0.84672,3695.15,0,0,0,1.00855,1.82159,4.7732,1.09833,6.50501,0.42336,0,0.42336,460.49,0,1.02816,0,0,2.03671,1.00855,1.028160,1,0,37.1255,0,0,0,37.1255,0
69.6224,2.24468,0,0,1.78877,0.127539,0.36288,3.6288,61.1947,0.66528,0,0,0.806674,0.223783,0,0.66528,12.849,1,0.408707,0.36288,0,31.8752,4.83315,26.9962,0.84672,12.849,0.84672,3695.15,0,0,0,0.755905,1.82184,4.57793,1.09833,6.05734,0.42336,0,0.42336,460.49,0,1.02816,0,0,1.78407,0.755905,1.028160,1,0,33.0536,0,0,0,33.0536,0
68.5439,2.29465,0,0,1.68352,0.104479,0.36288,3.6288,60.9802,0.66528,0,0,0.737814,0.287015,0,0.66528,12.849,1,0.423484,0.36288,0,28.3478,5.68295,22.6043,0.84672,12.849,0.84672,3695.15,0,0,0,0.711366,1.82208,4.17652,1.3879,5.32206,0.42336,0,0.42336,460.49,0,1.02816,0,0,1.73953,0.711366,1.028160,1,0,27.9264,0,0,0,27.9264,0
67.3434,2.32416,0,0,1.58497,0.0984813,0.36288,3.6288,60.6795,0.66528,0,0,0.678612,0.314114,0,0.66528,12.849,1,0.43568,0.36288,0,27.5234,6.10722,21.3434,0.84672,12.849,0.84672,3695.15,0,0,0,0.491616,1.8654,3.14557,1.4795,4.0231,0.42336,0,0.42336,460.49,0,1.02816,0,0,1.51978,0.491616,1.028160,1,0,25.3665,0,0,0,25.3665,0
66.1102,2.31878,0,0,1.54604,0.097558,0.36288,3.6288,60.3259,0.66528,0,0,0.625251,0.313515,0,0.66528,12.849,1,0.442419,0.36288,0,27.4882,6.10722,21.3015,0.84672,12.849,0.84672,3695.15,0,0,0,0.627212,1.84204,3.37071,1.4795,4.36046,0.42336,0,0.42336,460.49,0,1.02816,0,0,1.65537,0.627212,1.028160,1,0,25.662,0,0,0,25.662,0
64.7844,2.31301,0,0,1.44672,0.0966095,0.36288,3.6288,59.9266,0.66528,0,0,0.57875,0.312812,0,0.66528,12.849,1,0.44955,0.36288,0,24.8149,6.10722,18.6211,0.84672,12.849,0.84672,3695.15,0,0,0,0.556165,1.8423,3.00833,1.4795,3.92729,0.42336,0,0.42336,460.49,0,1.02816,0,0,1.58433,0.556165,1.028160,1,0,22.5483,0,0,0,22.5483,0
63.1925,2.46164,0,0,1.32818,0.0955899,0.36288,3.6288,59.5217,0.66528,0,0,0.572392,0.312017,0,0.66528,12.849,1,0.488229,0.36288,0,22.684,6.10722,16.4514,0.84672,12.849,0.84672,3695.15,0,0,0,0.426047,1.84255,2.94225,1.4795,3.73135,0.42336,0,0.42336,460.49,0,1.02816,0,0,1.45421,0.426047,1.028160,1,0,20.1828,0,0,0,20.1828,0
61.936,2.46916,0,0,1.65718,0.0816499,0.36288,3.6288,59.2642,0.66528,0,0,0.720516,0.312698,0,0.66528,12.849,1,0.502058,0.36288,0,23.0731,6.17352,16.7604,0.84672,12.849,0.84672,3695.15,0,0,0,0.82741,1.99036,3.90334,1.54125,5.17986,0.42336,0,0.42336,460.49,0,1.02816,0,0,1.85557,0.82741,1.028160,1,0,21.9403,0,0,0,21.9403,0
60.8121,2.46147,0,0,1.77629,0.07578,0.36288,3.6288,59.102,0.66528,0,0,0.815892,0.312777,0,0.66528,12.849,1,0.510648,0.36288,0,25.653,6.20004,19.3052,0.84672,12.849,0.84672,3695.15,0,0,0,0.976208,1.97899,3.34873,1.56595,4.73798,0.42336,0,0.42336,460.49,0,1.02816,0,0,2.00437,0.976208,1.028160,1,0,24.0432,0,0,0,24.0432,0
59.3449,2.45442,0,0,1.42519,0.0750787,0.36288,3.6288,58.7659,0.66528,0,0,0.641561,0.312452,0,0.66528,12.849,1,0.518596,0.36288,0,30.1736,6.20004,23.8178,0.84672,12.849,0.84672,3695.15,0,0,0,0.579701,1.97959,2.78177,1.56595,3.77511,0.42336,0,0.42336,460.49,0,1.02816,0,0,1.60786,0.579701,1.028160,1,0,27.5929,0,0,0,27.5929,0
58.1512,2.44463,0,0,1.68788,0.0740774,0.36288,3.6288,58.7681,0.66528,0,0,0.979322,0.311779,0,0.66528,12.849,1,0.529295,0.36288,0,25.8987,6.20004,19.5322,0.84672,12.849,0.84672,3695.15,0,0,0,1.39055,1.98019,3.76178,1.56595,5.56656,0.42336,0,0.42336,460.49,0,1.02816,0,0,2.41871,1.39055,1.028160,1,0,25.0988,0,0,0,25.0988,0
56.9469,2.36213,0,0,1.55997,0.0393214,0.36288,3.6288,58.3562,0.66528,0,0,0.607705,0.354319,0,0.66528,12.849,1,0.521931,0.36288,0,23.1339,6.45065,16.5242,0.84672,12.849,0.84672,3695.15,0,0,0,0.637779,1.98079,3.33175,1.70422,4.2461,0.42336,0,0.42336,460.49,0,1.02816,0,0,1.66594,0.637779,1.028160,1,0,20.7703,0,0,0,20.7703,0
55.7322,2.35383,0,0,1.59608,0.0940483,0.36288,3.6288,57.8843,0.66528,0,0,0.527793,0.334453,0,0.66528,12.849,1,0.531098,0.36288,0,17.4911,4.89288,12.43,0.84672,12.849,0.84672,3695.15,0,0,0,0.329858,1.89587,2.62945,1.41202,3.44315,0.42336,0,0.42336,460.49,0,1.02816,0,0,1.35802,0.329858,1.028160,1,0,15.8731,0,0,0,15.8731,0
54.7324,2.34513,0,0,1.83325,0.125004,0.36288,3.6288,57.6127,0.66528,0,0,0.720334,0.326634,0,0.66528,12.849,1,0.540668,0.36288,0,17.6759,4.6725,12.8256,0.84672,12.849,0.84672,3695.15,0,0,0,0.651301,1.89644,3.64637,1.38696,4.80716,0.42336,0,0.42336,460.49,0,1.02816,0,0,1.67946,0.651301,1.028160,1,0,17.6328,0,0,0,17.6328,0
53.6632,2.33784,0,0,1.75529,0.123758,0.36288,3.6288,57.3279,0.66528,0,0,0.70651,0.326061,0,0.66528,12.849,1,0.548833,0.36288,0,23.5675,4.6725,18.709,0.84672,12.849,0.84672,3695.15,0,0,0,0.605534,1.89702,3.64543,1.38696,4.76103,0.42336,0,0.42336,460.49,0,1.02816,0,0,1.63369,0.605534,1.028160,1,0,23.4701,0,0,0,23.4701,0
52.9205,2.26954,0,0,2.01215,0.122426,0.36288,3.6288,57.3286,0.647482,0,0,0.973668,0.32546,0,0.66528,12.849,1,0.543414,0.36288,0,52.9804,4.6725,48.1274,0.84672,12.849,0.84672,3695.15,0,0,0,1.01499,1.89759,4.92569,1.38696,6.45132,0.42336,0,0.42336,460.49,0,1.02816,0,0,2.04315,1.01499,1.028160,1,0,54.5787,0,0,0,54.5787,0
57.4803,2.233,0,0,7.30218,0.146546,0.36288,3.6288,58.5542,0.66528,0,0,2.18837,0.297499,0,0.66528,12.849,1,0.542169,0.36288,0,116.592,5.25892,111.153,0.84672,12.849,0.84672,3695.15,0,0,0,1.48906,1.82175,9.6018,1.2976,11.615,0.42336,0,0.42336,460.49,0,1.02816,0,0,2.51722,1.48906,1.028160,1,0,122.768,0,0,0,122.768,0
61.0277,2.26926,0,0,6.41779,0.238237,0.36288,3.6288,60.3292,0.66528,0,0,2.62961,0.189338,0,0.66528,12.849,1,0.507266,0.36288,0,102.08,3.92731,98.0082,0.84672,12.849,0.84672,3695.15,0,0,0,1.95114,1.84491,9.74419,0.919819,12.6204,0.42336,0,0.42336,460.49,0,1.02816,0,0,2.9793,1.95114,1.028160,1,0,110.629,0,0,0,110.629,0
64.4758,2.29475,0,0,6.35208,0.24631,0.36288,3.6288,61.308,0.66528,0,0,1.98527,0.1915,0.149678,0.66528,12.849,1,0.483144,0.36288,0,84.8465,3.92731,80.7989,0.84672,12.849,0.84672,3695.15,0,0,0,3.6212,1.84517,11.4605,0.919819,16.0071,0.42336,0,0.42336,460.49,0,1.02816,0,0,4.64936,3.6212,1.028160,1,0,96.9557,0,0,0,96.9557,0
69.6589,2.14056,0,0,7.9399,0.253356,0.36288,3.6288,61.308,0.518111,0,0,2.3002,0.192692,1.5894,0.66528,12.849,1,0.42658,0.36288,0,129.934,3.92731,125.942,0.84672,12.849,0.84672,3695.15,0,0,0,2.25721,1.84542,16.4066,0.919819,19.5894,0.42336,0,0.42336,460.49,0,1.02816,0,0,3.28537,2.25721,1.028160,1,0,147.121,0,0,0,147.121,0
72.29,2.02618,0,0,8.05369,0.270031,3.1264,3.6288,61.308,0.66528,0,0,3.62876,0.171196,2.79228,0.66528,12.849,1,0.373741,3.1264,0,162.969,3.37306,162.349,0.84672,12.849,0.84672,3695.15,0,0,0,1.35321,1.67573,14.8014,0.921759,16.9085,0.42336,0,0.42336,460.49,0,1.02816,0,0,2.38137,1.35321,1.028160,1,0,182.05,0,0,0,182.05,0
72.29,2.03879,0,0,9.98542,0.267069,7.67956,3.6288,61.308,0.66528,0,0,4.33438,0.213395,3.4557,0.66528,12.849,1,0.362379,7.67956,0,182.618,3.80259,186.133,0.84672,12.849,0.84672,3695.15,0,0,0,1.29034,1.77455,10.4334,0.959817,12.5385,0.42336,0,0.42336,460.49,0,1.02816,0,0,2.3185,1.29034,1.028160,1,0,202.127,0,0,0,202.127,0
72.29,2.03985,0,0,7.62877,0.26269,5.32624,3.6288,61.308,0.66528,0,0,3.83594,0.233714,2.93694,0.66528,12.849,1,0.362567,5.32624,0,171.51,4.06308,172.411,0.84672,12.849,0.84672,3695.15,0,0,0,2.50885,1.77478,9.2562,0.97473,12.5651,0.42336,0,0.42336,460.49,0,1.02816,0,0,3.53701,2.50885,1.028160,1,0,187.913,0,0,0,187.913,0
72.29,2.0409,0,0,7.25406,0.26269,4.95046,3.6288,61.308,0.66528,0,0,4.20892,0.233714,3.30992,0.66528,12.849,1,0.362755,4.95046,0,135.199,4.06308,135.723,0.84672,12.849,0.84672,3695.15,0,0,0,5.13498,1.77502,13.3849,0.97473,19.3202,0.42336,0,0.42336,460.49,0,1.02816,0,0,6.16314,5.13498,1.028160,1,0,158.353,0,0,0,158.353,0
72.29,2.11132,0,0,6.03355,0.259901,3.66232,3.6288,61.308,0.66528,0,0,3.05544,0.245675,2.14449,0.66528,12.849,1,0.375272,3.66232,0,136.229,4.22079,135.296,0.84672,12.849,0.84672,3695.15,0,0,0,3.81973,1.77525,10.3685,1.083,14.8805,0.42336,0,0.42336,460.49,0,1.02816,0,0,4.84789,3.81973,1.028160,1,0,152.321,0,0,0,152.321,0
72.29,2.15386,0,0,7.24977,0.252927,4.84298,3.6288,61.308,0.66528,0,0,2.3564,0.275576,1.41554,0.66528,12.849,1,0.382833,4.84298,0,173,4.61506,172.846,0.84672,12.849,0.84672,3695.15,0,0,0,2.78738,1.82854,16.708,1.35367,19.9703,0.42336,0,0.42336,460.49,0,1.02816,0,0,3.81554,2.78738,1.028160,1,0,194.231,0,0,0,194.231,0
72.29,2.15492,0,0,4.08804,0.252927,1.6802,3.6288,61.308,0.66528,0,0,2.05333,0.275576,1.11247,0.66528,12.849,1,0.38302,1.6802,0,100.283,4.61506,96.9649,0.84672,12.849,0.84672,3695.15,0,0,0,2.18779,1.80018,8.94935,1.35367,11.5836,0.42336,0,0.42336,460.49,0,1.02816,0,0,3.21595,2.18779,1.028160,1,0,109.661,0,0,0,109.661,0
72.2201,2.15597,0,0,2.70187,0.252927,0.36288,3.6288,61.308,0.66528,0,0,2.34452,0.275576,1.40366,0.66528,12.849,1,0.383207,0.36288,0,76.3525,4.61506,71.7172,0.84672,12.849,0.84672,3695.15,0,0,0,2.45811,1.80041,5.50473,1.35367,8.40959,0.42336,0,0.42336,460.49,0,1.02816,0,0,3.48627,2.45811,1.028160,1,0,81.5304,0,0,0,81.5304,0
72.29,2.3797,0,0,10.0731,0.232706,7.39078,3.6288,61.308,0.66528,0,0,6.42066,0.263533,5.49185,0.66528,12.849,1,0.423383,7.39078,0,231.282,3.90324,234.347,0.84672,12.849,0.84672,3695.15,0,0,0,9.12688,1.80065,23.6184,1.20785,33.3381,0.42336,0,0.42336,460.49,0,1.02816,0,0,10.155,9.12688,1.028160,1,0,273.176,0,0,0,273.176,0
72.29,2.51036,0,0,5.81484,0.271624,3.03285,3.6288,61.308,0.66528,0,0,3.87803,0.224119,2.98863,0.66528,12.849,1,0.446198,3.03285,0,188.911,3.29172,188.206,0.84672,12.849,0.84672,3695.15,0,0,0,4.76653,1.99201,15.155,0.855053,21.0585,0.42336,0,0.42336,460.49,0,1.02816,0,0,5.79469,4.76653,1.028160,1,0,212.253,0,0,0,212.253,0
72.29,2.5111,0,0,5.14877,0.27943,2.35824,3.6288,61.308,0.66528,0,0,3.08661,0.218353,2.20297,0.66528,12.849,1,0.446328,2.35824,0,168.198,3.23725,166.873,0.84672,12.849,0.84672,3695.15,0,0,0,3.69211,1.90325,13.3843,0.805976,18.1737,0.42336,0,0.42336,460.49,0,1.02816,0,0,4.72027,3.69211,1.028160,1,0,187.25,0,0,0,187.25,0
72.29,2.51183,0,0,7.67263,0.276833,4.88397,3.6288,61.308,0.66528,0,0,4.72256,0.223886,3.8334,0.66528,12.849,1,0.446458,4.88397,0,233.857,3.3683,234.926,0.84672,12.849,0.84672,3695.15,0,0,0,6.13621,1.9038,22.372,0.846972,29.565,0.42336,0,0.42336,460.49,0,1.02816,0,0,7.16437,6.13621,1.028160,1,0,268.325,0,0,0,268.325,0
72.29,2.19408,0,0,7.82248,0.263594,5.36481,3.6288,61.308,0.472888,0,0,5.72637,0.242157,5.01132,0.66528,12.849,1,0.38998,5.36481,0,222.242,3.93982,223.277,0.84672,12.849,0.84672,3695.15,0,0,0,7.74904,1.90436,29.5661,0.998767,38.2207,0.42336,0,0.42336,460.49,0,1.02816,0,0,8.7772,7.74904,1.028160,1,0,266.509,0,0,0,266.509,0
72.29,2.01366,0,0,5.63578,0.282396,3.33972,3.6288,61.308,0.66528,0,0,2.13411,0.149043,1.31979,0.66528,12.849,1,0.357913,3.33972,0,174.317,2.97663,174.322,0.84672,12.849,0.84672,3695.15,0,0,0,2.96917,1.64396,12.8989,0.714831,16.7972,0.42336,0,0.42336,460.49,0,1.02816,0,0,3.99733,2.96917,1.028160,1,0,192.439,0,0,0,192.439,0
72.29,2.01467,0,0,4.74247,0.284553,2.44324,3.6288,61.308,0.66528,0,0,1.54734,0.139743,0.742315,0.66528,12.849,1,0.358093,2.44324,0,133.95,2.90556,133.13,0.84672,12.849,0.84672,3695.15,0,0,0,2.08888,1.76922,9.0733,0.70675,12.2247,0.42336,0,0.42336,460.49,0,1.02816,0,0,3.11704,2.08888,1.028160,1,0,146.097,0,0,0,146.097,0
72.29,2.01568,0,0,5.12391,0.284553,2.82367,3.6288,61.308,0.66528,0,0,1.49388,0.139743,0.688859,0.66528,12.849,1,0.358273,2.82367,0,145.098,2.90556,144.658,0.84672,12.849,0.84672,3695.15,0,0,0,2.54751,1.76945,10.5764,0.70675,14.1866,0.42336,0,0.42336,460.49,0,1.02816,0,0,3.57567,2.54751,1.028160,1,0,159.534,0,0,0,159.534,0
72.29,2.01669,0,0,6.54152,0.284553,4.24027,3.6288,61.308,0.66528,0,0,1.71246,0.139743,0.907434,0.66528,12.849,1,0.358452,4.24027,0,181.687,2.90556,182.663,0.84672,12.849,0.84672,3695.15,0,0,0,2.7075,1.76967,11.4124,0.70675,15.1828,0.42336,0,0.42336,460.49,0,1.02816,0,0,3.73566,2.7075,1.028160,1,0,198.754,0,0,0,198.754,0
72.29,2.09799,0,0,5.7695,0.282551,3.38896,3.6288,61.308,0.66528,0,0,2.0184,0.133719,1.2194,0.66528,12.849,1,0.372902,3.38896,0,154.94,3.11265,154.844,0.84672,12.849,0.84672,3695.15,0,0,0,2.54531,1.76989,12.1429,0.743376,15.7147,0.42336,0,0.42336,460.49,0,1.02816,0,0,3.57347,2.54531,1.028160,1,0,171.778,0,0,0,171.778,0
72.29,2.15036,0,0,5.21863,0.282101,2.78617,3.6288,61.308,0.66528,0,0,2.27181,0.140766,1.46576,0.66528,12.849,1,0.38221,2.78617,0,127.327,3.40977,126.321,0.84672,12.849,0.84672,3695.15,0,0,0,2.42824,1.83455,10.0689,0.757613,13.5741,0.42336,0,0.42336,460.49,0,1.02816,0,0,3.4564,2.42824,1.028160,1,0,141.361,0,0,0,141.361,0
72.29,2.15141,0,0,4.99863,0.276958,2.57026,3.6288,61.308,0.66528,0,0,2.16465,0.141436,1.35793,0.66528,12.849,1,0.382396,2.57026,0,125.016,3.36872,123.836,0.84672,12.849,0.84672,3695.15,0,0,0,2.68777,1.79941,8.61849,0.77374,12.3319,0.42336,0,0.42336,460.49,0,1.02816,0,0,3.71593,2.68777,1.028160,1,0,137.525,0,0,0,137.525,0
72.29,2.15246,0,0,5.21306,0.246099,2.8145,3.6288,61.308,0.66528,0,0,2.36433,0.145458,1.55359,0.66528,12.849,1,0.382583,2.8145,0,142.675,3.12239,141.984,0.84672,12.849,0.84672,3695.15,0,0,0,3.0215,1.79964,10.2165,0.870505,14.1672,0.42336,0,0.42336,460.49,0,1.02816,0,0,4.04966,3.0215,1.028160,1,0,157.705,0,0,0,157.705,0
72.29,2.12208,0,0,4.65305,0.234177,2.2968,3.6288,61.2454,0.663066,0,0,0.757776,0.157264,0,0.66528,12.849,1,0.377184,2.2968,0,110.611,3.30947,109.221,0.84672,12.849,0.84672,3695.15,0,0,0,0.899675,1.79987,7.98111,0.902275,9.77838,0.42336,0,0.42336,460.49,0,1.02816,0,0,1.92783,0.899675,1.028160,1,0,119,0,0,0,119,0
72.29,2.10316,0,0,4.67945,0.162646,2.41364,3.6288,61.308,0.66528,0,0,2.18354,0.228011,1.22769,0.66528,12.849,1,0.373821,2.41364,0,108.255,4.43194,105.863,0.84672,12.849,0.84672,3695.15,0,0,0,2.62361,1.775,7.71232,1.09289,11.018,0.42336,0,0.42336,460.49,0,1.02816,0,0,3.65177,2.62361,1.028160,1,0,118.108,0,0,0,118.108,0
72.29,2.1042,0,0,4.32333,0.162646,2.05648,3.6288,61.308,0.66528,0,0,1.98647,0.228101,1.09309,0.66528,12.849,1,0.374005,2.05648,0,101.919,4.43194,99.1697,0.84672,12.849,0.84672,3695.15,0,0,0,1.93285,1.78899,6.60787,1.09289,9.23682,0.42336,0,0.42336,460.49,0,1.02816,0,0,2.96101,1.93285,1.028160,1,0,109.5,0,0,0,109.5,0
72.29,2.10523,0,0,4.02422,0.162646,1.75634,3.6288,61.308,0.66528,0,0,1.86441,0.228101,0.971028,0.66528,12.849,1,0.374189,1.75634,0,92.8109,4.43194,89.7611,0.84672,12.849,0.84672,3695.15,0,0,0,1.62838,1.78921,5.91183,1.09289,8.23653,0.42336,0,0.42336,460.49,0,1.02816,0,0,2.65654,1.62838,1.028160,1,0,98.9686,0,0,0,98.9686,0
72.29,2.21307,0,0,3.6805,0.135638,1.3318,3.6288,61.308,0.66528,0,0,1.71404,0.248414,0.800344,0.66528,12.849,1,0.393356,1.3318,0,83.4667,4.70783,79.6973,0.84672,12.849,0.84672,3695.15,0,0,0,1.51273,1.78944,5.34659,1.11297,7.53579,0.42336,0,0.42336,460.49,0,1.02816,0,0,2.54089,1.51273,1.028160,1,0,88.0335,0,0,0,88.0335,0
72.29,2.285,0,0,3.4101,0.100582,1.02451,3.6288,61.308,0.66528,0,0,1.66855,0.242958,0.760311,0.66528,12.849,1,0.406142,1.02451,0,76.2661,4.72671,72.1578,0.84672,12.849,0.84672,3695.15,0,0,0,1.30949,1.87773,4.87132,1.10573,6.9528,0.42336,0,0.42336,460.49,0,1.02816,0,0,2.33765,1.30949,1.028160,1,0,79.8709,0,0,0,79.8709,0
72.29,2.28609,0,0,3.22152,0.0855952,0.849831,3.6288,61.308,0.66528,0,0,1.59565,0.2384,0.691972,0.66528,12.849,1,0.406336,0.849831,0,71.464,4.85037,67.0572,0.84672,12.849,0.84672,3695.15,0,0,0,1.06522,1.82914,4.45159,1.13772,6.20822,0.42336,0,0.42336,460.49,0,1.02816,0,0,2.09338,1.06522,1.028160,1,0,73.9574,0,0,0,73.9574,0
72.29,2.28718,0,0,3.11259,0.0855952,0.739818,3.6288,61.308,0.66528,0,0,1.62766,0.2384,0.723983,0.66528,12.849,1,0.406529,0.739818,0,68.135,4.85037,63.618,0.84672,12.849,0.84672,3695.15,0,0,0,1.29324,1.82938,4.25794,1.13772,6.24284,0.42336,0,0.42336,460.49,0,1.02816,0,0,2.3214,1.29324,1.028160,1,0,70.5848,0,0,0,70.5848,0
72.29,2.28827,0,0,2.85689,0.110183,0.458441,3.6288,61.308,0.66528,0,0,1.52575,0.231816,0.62865,0.66528,12.849,1,0.406723,0.458441,0,64.0651,4.4273,59.6895,0.84672,12.849,0.84672,3695.15,0,0,0,1.18957,1.82962,3.88303,1.15404,5.74818,0.42336,0,0.42336,460.49,0,1.02816,0,0,2.21773,1.18957,1.028160,1,0,66.0663,0,0,0,66.0663,0
71.995,2.26821,0,0,2.41239,0.0763051,0.36288,3.6288,61.308,0.66528,0,0,1.27785,0.261279,0.351289,0.66528,12.849,1,0.403157,0.36288,0,50.3252,4.74599,45.539,0.84672,12.849,0.84672,3695.15,0,0,0,1.09348,1.82986,3.52256,1.23115,5.21475,0.42336,0,0.42336,460.49,0,1.02816,0,0,2.12164,1.09348,1.028160,1,0,51.105,0,0,0,51.105,0
71.2099,2.30687,0,0,1.95436,0.0697121,0.36288,3.6288,61.3045,0.66528,0,0,0.946503,0.284703,0,0.66528,12.849,1,0.411709,0.36288,0,36.1615,5.24695,30.8657,0.84672,12.849,0.84672,3695.15,0,0,0,0.795433,1.86093,3.22376,1.28083,4.59929,0.42336,0,0.42336,460.49,0,1.02816,0,0,1.82359,0.795433,1.028160,1,0,35.465,0,0,0,35.465,0
70.2957,2.30412,0,0,1.82211,0.0692959,0.36288,3.6288,61.264,0.66528,0,0,0.909455,0.284697,0,0.66528,12.849,1,0.415751,0.36288,0,35.6832,5.24695,30.3834,0.84672,12.849,0.84672,3695.15,0,0,0,0.721958,1.83429,3.29411,1.28083,4.56953,0.42336,0,0.42336,460.49,0,1.02816,0,0,1.75012,0.721958,1.028160,1,0,34.9529,0,0,0,34.9529,0
69.214,2.30064,0,0,1.65059,0.0688112,0.36288,3.6288,61.1832,0.66528,0,0,0.869063,0.284624,0,0.66528,12.849,1,0.420522,0.36288,0,35.0673,5.24695,29.7627,0.84672,12.849,0.84672,3695.15,0,0,0,0.634988,1.83453,3.11194,1.28083,4.30063,0.42336,0,0.42336,460.49,0,1.02816,0,0,1.66315,0.634988,1.028160,1,0,34.0634,0,0,0,34.0634,0
67.9399,2.3505,0,0,1.50286,0.0635886,0.36288,3.6288,61.0443,0.66528,0,0,0.821889,0.295439,0,0.66528,12.849,1,0.436351,0.36288,0,30.8697,5.38811,25.4081,0.84672,12.849,0.84672,3695.15,0,0,0,0.476125,1.83477,3.0204,1.33235,3.99895,0.42336,0,0.42336,460.49,0,1.02816,0,0,1.50428,0.476125,1.028160,1,0,29.4071,0,0,0,29.4071,0
66.4618,2.37563,0,0,1.31255,0.0521133,0.36288,3.6288,60.7036,0.66528,0,0,0.652018,0.327427,0,0.66528,12.849,1,0.449286,0.36288,0,27.8404,5.57602,22.178,0.84672,12.849,0.84672,3695.15,0,0,0,0.278424,1.87876,2.63715,1.44094,3.35339,0.42336,0,0.42336,460.49,0,1.02816,0,0,1.30658,0.278424,1.028160,1,0,25.5314,0,0,0,25.5314,0
64.9064,2.36794,0,0,1.22699,0.0515089,0.36288,3.6288,60.2196,0.760562,0,0,0.603272,0.326721,0,0.66528,12.849,1,0.457793,0.36288,0,26.4721,5.57602,20.8012,0.84672,12.849,0.84672,3695.15,0,0,0,0.261274,1.8575,2.31402,1.44094,2.99185,0.42336,0,0.42336,460.49,0,0.932878,0,0,1.19415,0.261274,1.028160,1,0,23.793,0,0,0,23.793,0
63.3437,2.35947,0,0,1.21051,0.0508729,0.36288,3.6288,59.8813,0.66528,0,0,0.652676,0.325717,0,0.66528,12.849,1,0.467086,0.36288,0,24.5635,5.57602,18.8833,0.84672,12.849,0.84672,3695.15,0,0,0,0.246491,1.85804,2.61688,1.44094,3.28047,0.42336,0,0.42336,460.49,0,1.02816,0,0,1.27465,0.246491,1.028160,1,0,22.1638,0,0,0,22.1638,0
61.7457,2.50756,0,0,1.30618,0.0337072,0.36288,3.6288,59.5997,0.66528,0,0,0.689515,0.305829,0,0.66528,12.849,1,0.508648,0.36288,0,25.3179,5.8176,19.3545,0.84672,12.849,0.84672,3695.15,0,0,0,0.379512,1.85858,3.22809,1.51073,3.95546,0.42336,0,0.42336,460.49,0,1.02816,0,0,1.40767,0.379512,1.028160,1,0,23.31,0,0,0,23.31,0
59.8522,2.49739,0,0,1.01291,0.0461849,0.36288,3.6288,59.2274,0.66528,0,0,0.571411,0.278467,0,0.66528,12.849,1,0.519695,0.36288,0,22.0796,5.51356,16.4092,0.84672,12.849,0.84672,3695.15,0,0,0,0.430799,2.00895,2.75018,1.50437,3.68556,0.42336,0,0.42336,460.49,0,1.02816,0,0,1.45896,0.430799,1.028160,1,0,20.0948,0,0,0,20.0948,0
57.7195,2.48458,0,0,0.769919,0.0551258,0.36288,3.6288,58.7749,0.66528,0,0,0.478944,0.266159,0,0.66528,12.849,1,0.533386,0.36288,0,17.9088,5.29158,12.4467,0.84672,12.849,0.84672,3695.15,0,0,0,0.439828,2.00954,2.83847,1.49436,3.79348,0.42336,0,0.42336,460.49,0,1.02816,0,0,1.46799,0.439828,1.028160,1,0,16.2402,0,0,0,16.2402,0
55.6698,2.46917,0,0,0.836291,0.0539999,0.36288,3.6288,58.3288,0.66528,0,0,0.484624,0.265387,0,0.66528,12.849,1,0.549665,0.36288,0,17.1162,5.29158,11.6378,0.84672,12.849,0.84672,3695.15,0,0,0,0.450757,2.01012,3.01492,1.49436,3.98144,0.42336,0,0.42336,460.49,0,1.02816,0,0,1.47892,0.450757,1.028160,1,0,15.6193,0,0,0,15.6193,0
54.079,2.45344,0,0,1.2917,0.0661872,0.36288,3.6288,57.985,0.66528,0,0,0.582918,0.261469,0,0.66528,12.849,1,0.566273,0.36288,0,27.6453,5.20253,22.2394,0.84672,12.849,0.84672,3695.15,0,0,0,0.744647,2.01071,3.1862,1.48344,4.45811,0.42336,0,0.42336,460.49,0,1.02816,0,0,1.77281,0.744647,1.028160,1,0,26.6975,0,0,0,26.6975,0
52.9778,2.36622,0,0,1.6979,0.0699296,0.36288,3.6288,57.7734,0.66528,0,0,0.707743,0.254032,0,0.66528,12.849,1,0.562208,0.36288,0,26.027,5.27708,20.5506,0.84672,12.849,0.84672,3695.15,0,0,0,0.776114,2.01129,3.44048,1.44071,4.78717,0.42336,0,0.42336,460.49,0,1.02816,0,0,1.80427,0.776114,1.028160,1,0,25.3377,0,0,0,25.3377,0
51.1893,2.3575,0,0,0.991647,0.0598116,0.36288,3.6288,57.6448,0.66528,0,0,0.7933,0.256642,0,0.66528,12.849,1,0.571778,0.36288,0,15.3719,5.35931,9.80365,0.84672,12.849,0.84672,3695.15,0,0,0,2.14238,1.92504,3.16372,1.37573,5.8554,0.42336,0,0.42336,460.49,0,1.02816,0,0,3.17054,2.14238,1.028160,1,0,15.6591,0,0,0,15.6591,0
49.2663,2.34221,0,0,0.840836,0.0587149,0.36288,3.6288,57.1538,0.66528,0,0,0.43069,0.256429,0,0.66528,12.849,1,0.587918,0.36288,0,15.3503,5.35931,9.76591,0.84672,12.849,0.84672,3695.15,0,0,0,0.647568,1.9256,2.34009,1.37573,3.53752,0.42336,0,0.42336,460.49,0,1.02816,0,0,1.67573,0.647568,1.028160,1,0,13.3034,0,0,0,13.3034,0
47.4777,2.32469,0,0,0.988442,0.0894623,0.36288,3.6288,56.7,0.66528,0,0,0.437575,0.226088,0,0.66528,12.849,1,0.606295,0.36288,0,15.4623,4.94405,10.2749,0.84672,12.849,0.84672,3695.15,0,0,0,0.689947,1.92616,2.44379,1.24594,3.81396,0.42336,0,0.42336,460.49,0,1.02816,0,0,1.71811,0.689947,1.028160,1,0,14.0888,0,0,0,14.0888,0
47.4859,2.24778,0,0,2.78484,0.166023,0.36288,3.6288,56.9452,0.66528,0,0,1.06227,0.151823,0,0.66528,12.849,1,0.608321,0.36288,0,49.4052,3.90589,45.2539,0.84672,12.849,0.84672,3695.15,0,0,0,1.79095,1.92672,6.50457,0.921449,9.30079,0.42336,0,0.42336,460.49,0,1.02816,0,0,2.81911,1.79095,1.028160,1,0,54.5547,0,0,0,54.5547,0
45.6843,2.23833,0,0,0.953891,0.154225,0.36288,3.6288,56.7828,0.66528,0,0,0.721526,0.218601,0,0.66528,12.849,1,0.60566,0.36288,0,21.6658,4.78753,16.6354,0.84672,12.849,0.84672,3695.15,0,0,0,1.18112,1.84969,3.89178,1.13869,5.78391,0.42336,0,0.42336,460.49,0,1.02816,0,0,2.20928,1.18112,1.028160,1,0,22.4193,0,0,0,22.4193,0
44.5425,2.22072,0,0,1.65567,0.213928,0.36288,3.6288,56.7244,0.66528,0,0,0.845804,0.238942,0,0.66528,12.849,1,0.624591,0.36288,0,22.5581,5.05718,17.2392,0.84672,12.849,0.84672,3695.15,0,0,0,1.28914,1.8578,4.34211,1.18155,6.3075,0.42336,0,0.42336,460.49,0,1.02816,0,0,2.3173,1.28914,1.028160,1,0,23.5467,0,0,0,23.5467,0
44.1856,2.20932,0,0,2.45207,0.236735,0.36288,3.6288,57.0195,0.66528,0,0,1.20298,0.242648,0,0.66528,12.849,1,0.637315,0.36288,0,29.8839,5.10625,24.5032,0.84672,12.849,0.84672,3695.15,0,0,0,1.65456,1.85805,4.85387,1.18421,7.18227,0.42336,0,0.42336,460.49,0,1.02816,0,0,2.68272,1.65456,1.028160,1,0,31.6854,0,0,0,31.6854,0
44.4021,2.03953,0,0,2.8547,0.235777,0.36288,3.6288,57.7417,0.515522,0,0,1.4809,0.243114,0,0.66528,12.849,1,0.593087,0.36288,0,69.3391,5.10625,64.0026,0.84672,12.849,0.84672,3695.15,0,0,0,3.31179,1.85829,9.5675,1.18421,13.5534,0.42336,0,0.42336,460.49,0,1.02816,0,0,4.33995,3.31179,1.028160,1,0,77.556,0,0,0,77.556,0
44.7776,1.91006,0,0,2.86327,0.214886,0.36288,3.6288,58.0101,0.66528,0,0,1.14579,0.212138,0,0.66528,12.849,1,0.552728,0.36288,0,75.778,4.26422,71.3239,0.84672,12.849,0.84672,3695.15,0,0,0,2.44474,1.686,7.10803,1.0371,10.2017,0.42336,0,0.42336,460.49,0,1.02816,0,0,3.4729,2.44474,1.028160,1,0,81.5256,0,0,0,81.5256,0
44.5712,1.9146,0,0,2.27077,0.199629,0.36288,3.6288,58.1726,0.66528,0,0,1.01619,0.188376,0,0.66528,12.849,1,0.549397,0.36288,0,40.7878,3.63268,36.9686,0.84672,12.849,0.84672,3695.15,0,0,0,1.63807,1.78632,5.2925,0.926774,7.79011,0.42336,0,0.42336,460.49,0,1.02816,0,0,2.66623,1.63807,1.028160,1,0,44.7587,0,0,0,44.7587,0
45.581,1.91357,0,0,3.48538,0.199163,0.36288,3.6288,58.4818,0.66528,0,0,1.16301,0.188574,0,0.66528,12.849,1,0.551643,0.36288,0,37.1085,3.63268,33.2871,0.84672,12.849,0.84672,3695.15,0,0,0,1.94676,1.78655,6.91152,0.926774,9.71806,0.42336,0,0.42336,460.49,0,1.02816,0,0,2.97492,1.94676,1.028160,1,0,43.0052,0,0,0,43.0052,0
51.6761,1.92405,0,0,8.58842,0.206375,0.36288,3.6288,61.308,0.66528,0,0,3.78132,0.194735,0.0951038,0.66528,12.849,1,0.542377,0.36288,0,130.154,3.74451,126.23,0.84672,12.849,0.84672,3695.15,0,0,0,5.83216,1.78678,15.349,0.943189,22.0248,0.42336,0,0.42336,460.49,0,1.02816,0,0,6.86032,5.83216,1.028160,1,0,148.35,0,0,0,148.35,0
56.0722,1.97564,0,0,6.98662,0.252011,0.36288,3.6288,61.308,0.66528,0,0,2.97542,0.229079,2.08106,0.66528,12.849,1,0.491232,0.36288,0,168.01,4.38915,163.492,0.84672,12.849,0.84672,3695.15,0,0,0,4.83597,1.787,16.59,1.01817,22.1948,0.42336,0,0.42336,460.49,0,1.02816,0,0,5.86413,4.83597,1.028160,1,0,187.768,0,0,0,187.768,0
64.7152,1.97571,0,0,11.2352,0.25364,0.36288,3.6288,61.308,0.66528,0,0,2.64902,0.1951,1.78864,0.66528,12.849,1,0.452736,0.36288,0,122.477,5.07507,117.312,0.84672,12.849,0.84672,3695.15,0,0,0,3.75573,1.78674,19.4227,1.01592,23.9493,0.42336,0,0.42336,460.49,0,1.02816,0,0,4.78389,3.75573,1.028160,1,0,143.05,0,0,0,143.05,0
69.7257,2.02679,0,0,7.67611,0.275909,0.36288,3.6288,61.308,0.66528,0,0,2.1319,0.219204,1.24742,0.66528,12.849,1,0.402414,0.36288,0,115.549,5.43637,110.073,0.84672,12.849,0.84672,3695.15,0,0,0,3.17447,1.91256,15.31,1.15843,19.2386,0.42336,0,0.42336,460.49,0,1.02816,0,0,4.20263,3.17447,1.028160,1,0,130.559,0,0,0,130.559,0
72.29,2.05185,0,0,13.4382,0.287038,8.53503,3.6288,61.308,0.66528,0,0,6.59758,0.219204,5.7131,0.66528,12.849,1,0.378114,8.53503,0,255.829,5.43637,258.549,0.84672,12.849,0.84672,3695.15,0,0,0,7.11219,1.91305,29.1415,1.15843,37.0083,0.42336,0,0.42336,460.49,0,1.02816,0,0,8.14035,7.11219,1.028160,1,0,301.271,0,0,0,301.271,0
72.29,2.06389,0,0,8.36473,0.292734,6.0081,3.6288,61.308,0.66528,0,0,3.84032,0.219204,2.95584,0.66528,12.849,1,0.366841,6.0081,0,231.724,5.43637,231.929,0.84672,12.849,0.84672,3695.15,0,0,0,4.55509,1.91353,20.4811,1.15843,25.7913,0.42336,0,0.42336,460.49,0,1.02816,0,0,5.58325,4.55509,1.028160,1,0,260.676,0,0,0,260.676,0
72.29,2.29095,0,0,5.25875,0.344617,2.62318,3.6288,61.308,0.66528,0,0,3.52844,0.174478,2.68868,0.66528,12.849,1,0.4072,2.62318,0,143.144,4.06335,141.297,0.84672,12.849,0.84672,3695.15,0,0,0,3.06101,1.91402,17.747,0.83745,21.8846,0.42336,0,0.42336,460.49,0,1.02816,0,0,4.08917,3.06101,1.028160,1,0,165.87,0,0,0,165.87,0
72.29,2.29166,0,0,3.37905,0.36537,0.722017,3.6288,61.308,0.66528,0,0,2.29248,0.156588,1.47061,0.66528,12.849,1,0.407326,0.722017,0,90.5083,3.51414,87.3089,0.84672,12.849,0.84672,3695.15,0,0,0,1.07857,2.10853,13.1181,0.70906,15.5962,0.42336,0,0.42336,460.49,0,1.02816,0,0,2.10673,1.07857,1.028160,1,0,104.376,0,0,0,104.376,0
72.29,2.29238,0,0,6.55137,0.354981,3.90402,3.6288,61.308,0.66528,0,0,4.36532,0.178719,3.52132,0.66528,12.849,1,0.407452,3.90402,0,138.148,4.0383,137.607,0.84672,12.849,0.84672,3695.15,0,0,0,3.30705,2.10907,17.5176,0.873043,22.0607,0.42336,0,0.42336,460.49,0,1.02816,0,0,4.33521,3.30705,1.028160,1,0,163.189,0,0,0,163.189,0
72.29,2.29309,0,0,7.6726,0.347189,5.03232,3.6288,61.308,0.66528,0,0,6.05538,0.195317,5.19478,0.66528,12.849,1,0.407579,5.03232,0,153.427,4.43142,153.62,0.84672,12.849,0.84672,3695.15,0,0,0,6.16875,2.10961,21.8526,0.996031,29.135,0.42336,0,0.42336,460.49,0,1.02816,0,0,7.19691,6.16875,1.028160,1,0,187.95,0,0,0,187.95,0
72.29,1.9705,0,0,5.88479,0.330142,3.58415,3.6288,61.308,0.66528,0,0,2.5271,0.184253,1.67757,0.66528,12.849,1,0.350241,3.58415,0,92.0362,3.28452,91.9856,0.84672,12.849,0.84672,3695.15,0,0,0,2.59259,2.11015,10.0334,0.801531,13.9346,0.42336,0,0.42336,460.49,0,1.02816,0,0,3.62075,2.59259,1.028160,1,0,107.598,0,0,0,107.598,0
72.29,1.97112,0,0,4.82452,0.323323,2.53007,3.6288,61.308,0.66528,0,0,1.83305,0.179827,0.987938,0.66528,12.849,1,0.350352,2.53007,0,66.8698,2.82576,66.2238,0.84672,12.849,0.84672,3695.15,0,0,0,1.62537,1.84579,6.02233,0.723732,8.76976,0.42336,0,0.42336,460.49,0,1.02816,0,0,2.65353,1.62537,1.028160,1,0,75.9815,0,0,0,75.9815,0
72.29,1.97174,0,0,7.85238,0.311995,5.56864,3.6288,61.308,0.66528,0,0,2.8309,0.173811,1.99181,0.66528,12.849,1,0.350462,5.56864,0,128.673,2.73857,131.153,0.84672,12.849,0.84672,3695.15,0,0,0,3.40057,1.84626,11.9452,0.711206,16.4809,0.42336,0,0.42336,460.49,0,1.02816,0,0,4.42873,3.40057,1.028160,1,0,149.625,0,0,0,149.625,0
72.29,1.97236,0,0,7.90593,0.310845,5.62272,3.6288,61.308,0.66528,0,0,2.98892,0.199302,2.12434,0.66528,12.849,1,0.350573,5.62272,0,164.674,3.68098,166.265,0.84672,12.849,0.84672,3695.15,0,0,0,3.73201,1.84672,17.6919,0.864229,22.4064,0.42336,0,0.42336,460.49,0,1.02816,0,0,4.76017,3.73201,1.028160,1,0,190.796,0,0,0,190.796,0
72.29,1.97299,0,0,6.54039,0.268495,4.29891,3.6288,61.308,0.66528,0,0,2.64139,0.18055,1.79557,0.66528,12.849,1,0.350683,4.29891,0,146.753,3.67787,147.023,0.84672,12.849,0.84672,3695.15,0,0,0,2.37508,1.84719,10.8174,0.937619,14.102,0.42336,0,0.42336,460.49,0,1.02816,0,0,3.40324,2.37508,1.028160,1,0,162.921,0,0,0,162.921,0
72.29,2.0551,0,0,6.15268,0.245484,3.8521,3.6288,61.308,0.66528,0,0,2.57018,0.152287,1.75262,0.66528,12.849,1,0.365278,3.8521,0,98.5167,2.83679,99.1668,0.84672,12.849,0.84672,3695.15,0,0,0,3.2617,1.84765,15.4518,0.95927,19.6019,0.42336,0,0.42336,460.49,0,1.02816,0,0,4.28986,3.2617,1.028160,1,0,120.521,0,0,0,120.521,0
72.29,2.05574,0,0,4.87748,0.245484,2.57625,3.6288,61.308,0.66528,0,0,1.80982,0.152287,0.992254,0.66528,12.849,1,0.365393,2.57625,0,98.2221,2.83679,97.5962,0.84672,12.849,0.84672,3695.15,0,0,0,2.26054,1.91352,11.8511,0.95927,15.0659,0.42336,0,0.42336,460.49,0,1.02816,0,0,3.2887,2.26054,1.028160,1,0,113.654,0,0,0,113.654,0
72.29,2.05639,0,0,4.41967,0.162127,2.20115,3.6288,61.308,0.66528,0,0,2.26683,0.203089,1.39846,0.66528,12.849,1,0.365508,2.20115,0,75.9482,3.72536,74.0585,0.84672,12.849,0.84672,3695.15,0,0,0,2.28683,1.91401,11.4605,1.12732,14.534,0.42336,0,0.42336,460.49,0,1.02816,0,0,3.31499,2.28683,1.028160,1,0,89.991,0,0,0,89.991,0
72.29,2.05703,0,0,4.81697,0.148234,2.6117,3.6288,61.308,0.66528,0,0,1.86194,0.211556,0.985101,0.66528,12.849,1,0.365622,2.6117,0,90.1342,3.87345,88.5068,0.84672,12.849,0.84672,3695.15,0,0,0,2.00433,1.91449,8.80908,1.15533,11.5726,0.42336,0,0.42336,460.49,0,1.02816,0,0,3.03249,2.00433,1.028160,1,0,101.065,0,0,0,101.065,0
72.29,2.02578,0,0,3.39079,0.145326,1.21969,3.6288,61.308,0.66528,0,0,1.74497,0.239413,0.840276,0.66528,12.849,1,0.360067,1.21969,0,59.6132,4.36349,56.1094,0.84672,12.849,0.84672,3695.15,0,0,0,1.78109,1.91497,7.29112,1.1934,9.7938,0.42336,0,0.42336,460.49,0,1.02816,0,0,2.80925,1.78109,1.028160,1,0,66.7434,0,0,0,66.7434,0
72.29,2.02642,0,0,3.037,0.145326,0.86526,3.6288,61.308,0.66528,0,0,1.74975,0.239413,0.845054,0.66528,12.849,1,0.36018,0.86526,0,54.9542,4.36349,51.0958,0.84672,12.849,0.84672,3695.15,0,0,0,1.78552,1.88998,7.26425,1.1934,9.74636,0.42336,0,0.42336,460.49,0,1.02816,0,0,2.81368,1.78552,1.028160,1,0,61.6872,0,0,0,61.6872,0
72.29,2.02705,0,0,2.72631,0.145326,0.553929,3.6288,61.308,0.66528,0,0,1.8458,0.239413,0.941105,0.66528,12.849,1,0.360294,0.553929,0,50.8144,4.36349,46.6446,0.84672,12.849,0.84672,3695.15,0,0,0,1.86006,1.89046,7.29605,1.1934,9.85318,0.42336,0,0.42336,460.49,0,1.02816,0,0,2.88822,1.86006,1.028160,1,0,57.4389,0,0,0,57.4389,0
72.29,2.02769,0,0,2.96444,0.145326,0.791428,3.6288,61.308,0.66528,0,0,1.59102,0.239413,0.686329,0.66528,12.849,1,0.360407,0.791428,0,52.4281,4.36349,48.4957,0.84672,12.849,0.84672,3695.15,0,0,0,1.44068,1.89094,8.9405,1.1934,11.0787,0.42336,0,0.42336,460.49,0,1.02816,0,0,2.46884,1.44068,1.028160,1,0,60.2607,0,0,0,60.2607,0
72.29,2.13673,0,0,2.78397,0.117476,0.52977,3.6288,61.308,0.66528,0,0,1.51495,0.250172,0.599494,0.66528,12.849,1,0.379787,0.52977,0,50.2578,5.44788,44.9599,0.84672,12.849,0.84672,3695.15,0,0,0,1.51305,1.89142,7.28542,1.16938,9.52051,0.42336,0,0.42336,460.49,0,1.02816,0,0,2.54121,1.51305,1.028160,1,0,55.08,0,0,0,55.08,0
72.2431,2.13739,0,0,2.54195,0.0885592,0.36288,3.6288,61.308,0.66528,0,0,1.34698,0.254945,0.42676,0.66528,12.849,1,0.379905,0.36288,0,42.9196,5.24192,37.6607,0.84672,12.849,0.84672,3695.15,0,0,0,1.18343,1.98127,6.5429,1.19168,8.51591,0.42336,0,0.42336,460.49,0,1.02816,0,0,2.21159,1.18343,1.028160,1,0,46.6034,0,0,0,46.6034,0
72.095,2.13785,0,0,2.44114,0.0885277,0.36288,3.6288,61.308,0.66528,0,0,1.33285,0.254945,0.412625,0.66528,12.849,1,0.380233,0.36288,0,39.8368,5.24192,34.5775,0.84672,12.849,0.84672,3695.15,0,0,0,1.19122,1.98177,6.27903,1.19168,8.26034,0.42336,0,0.42336,460.49,0,1.02816,0,0,2.21938,1.19122,1.028160,1,0,43.2505,0,0,0,43.2505,0
71.8176,2.13786,0,0,2.31672,0.0933381,0.36288,3.6288,61.308,0.66528,0,0,1.31177,0.253628,0.39286,0.66528,12.849,1,0.381015,0.36288,0,38.1604,5.1573,32.9849,0.84672,12.849,0.84672,3695.15,0,0,0,1.3724,1.98228,5.87762,1.19495,8.03735,0.42336,0,0.42336,460.49,0,1.02816,0,0,2.40056,1.3724,1.028160,1,0,41.4151,0,0,0,41.4151,0
71.6831,2.13727,0,0,2.47054,0.104883,0.36288,3.6288,61.308,0.66528,0,0,1.29554,0.248141,0.382122,0.66528,12.849,1,0.382383,0.36288,0,40.0008,4.82571,35.1556,0.84672,12.849,0.84672,3695.15,0,0,0,1.35554,1.98278,6.45832,1.21192,8.58472,0.42336,0,0.42336,460.49,0,1.02816,0,0,2.3837,1.35554,1.028160,1,0,44.1224,0,0,0,44.1224,0
72.2774,2.11589,0,0,3.13369,0.0606835,0.36288,3.6288,61.308,0.66528,0,0,1.42241,0.254174,0.502958,0.66528,12.849,1,0.379268,0.36288,0,50.2908,5.26596,45.0084,0.84672,12.849,0.84672,3695.15,0,0,0,1.69443,1.98328,8.77556,1.20538,11.2479,0.42336,0,0.42336,460.49,0,1.02816,0,0,2.72259,1.69443,1.028160,1,0,56.7593,0,0,0,56.7593,0
72.29,2.1192,0,0,2.96836,0.0609584,0.775578,3.6288,61.308,0.66528,0,0,1.38292,0.254174,0.463465,0.66528,12.849,1,0.376738,0.775578,0,49.0192,5.26596,44.1521,0.84672,12.849,0.84672,3695.15,0,0,0,1.50179,2.01507,8.08341,1.20538,10.3949,0.42336,0,0.42336,460.49,0,1.02816,0,0,2.52995,1.50179,1.028160,1,0,55.0105,0,0,0,55.0105,0
72.29,2.11992,0,0,2.82484,0.04661,0.658309,3.6288,61.308,0.66528,0,0,1.33059,0.277491,0.387824,0.66528,12.849,1,0.3768,0.658309,0,47.0203,5.59172,41.7101,0.84672,12.849,0.84672,3695.15,0,0,0,1.47457,2.01558,7.76727,1.31563,9.9418,0.42336,0,0.42336,460.49,0,1.02816,0,0,2.50273,1.47457,1.028160,1,0,52.0398,0,0,0,52.0398,0
72.29,2.12058,0,0,2.65296,0.0392972,0.493076,3.6288,61.308,0.66528,0,0,1.28787,0.28586,0.33673,0.66528,12.849,1,0.376917,0.493076,0,44.9068,6.04802,38.975,0.84672,12.849,0.84672,3695.15,0,0,0,1.55569,2.0161,7.71811,1.40815,9.88175,0.42336,0,0.42336,460.49,0,1.02816,0,0,2.58385,1.55569,1.028160,1,0,49.1935,0,0,0,49.1935,0
72.0569,2.17674,0,0,2.35459,0.0480274,0.36288,3.6288,61.308,0.66528,0,0,1.03292,0.310744,0.0568962,0.66528,12.849,1,0.3869,0.36288,0,35.1774,5.87034,29.2831,0.84672,12.849,0.84672,3695.15,0,0,0,0.903753,2.01661,5.47694,1.49941,6.89789,0.42336,0,0.42336,460.49,0,1.02816,0,0,1.93191,0.903753,1.028160,1,0,36.2378,0,0,0,36.2378,0
71.9114,2.17636,0,0,2.43675,0.0430206,0.36288,3.6288,61.308,0.66528,0,0,1.06934,0.320706,0.0833524,0.66528,12.849,1,0.388082,0.36288,0,45.5286,5.88441,39.619,0.84672,12.849,0.84672,3695.15,0,0,0,1.20213,2.06151,5.84078,1.54237,7.56205,0.42336,0,0.42336,460.49,0,1.02816,0,0,2.23029,1.20213,1.028160,1,0,47.2644,0,0,0,47.2644,0
71.6018,2.17637,0,0,2.27263,0.042973,0.36288,3.6288,61.2691,0.66528,0,0,0.947134,0.320706,0,0.66528,12.849,1,0.38887,0.36288,0,36.0174,5.88441,30.107,0.84672,12.849,0.84672,3695.15,0,0,0,1.17339,2.06203,5.33128,1.54237,7.02433,0.42336,0,0.42336,460.49,0,1.02816,0,0,2.20155,1.17339,1.028160,1,0,37.1313,0,0,0,37.1313,0
71.0877,2.17562,0,0,2.06719,0.0428718,0.36288,3.6288,61.1729,0.66528,0,0,0.889669,0.320627,0,0.66528,12.849,1,0.390417,0.36288,0,33.1191,5.88441,27.2072,0.84672,12.849,0.84672,3695.15,0,0,0,0.82887,2.06256,4.87925,1.54237,6.22831,0.42336,0,0.42336,460.49,0,1.02816,0,0,1.85703,0.82887,1.028160,1,0,33.4355,0,0,0,33.4355,0
70.4415,2.3362,0,0,2.09471,0.0417493,0.36288,3.6288,61.1888,0.66528,0,0,0.995363,0.314231,0,0.66528,12.849,1,0.422265,0.36288,0,32.6759,5.81964,26.7969,0.84672,12.849,0.84672,3695.15,0,0,0,1.38033,2.06308,5.55306,1.56527,7.4312,0.42336,0,0.42336,460.49,0,1.02816,0,0,2.40849,1.38033,1.028160,1,0,34.2281,0,0,0,34.2281,0
69.3632,2.33364,0,0,1.66971,0.0515516,0.36288,3.6288,61.0184,0.66528,0,0,0.794897,0.299955,0,0.66528,12.849,1,0.425672,0.36288,0,29.057,5.5588,23.4354,0.84672,12.849,0.84672,3695.15,0,0,0,1.0098,2.21566,3.57663,1.56095,5.24114,0.42336,0,0.42336,460.49,0,1.02816,0,0,2.03796,1.0098,1.028160,1,0,28.6766,0,0,0,28.6766,0
68.2547,2.32878,0,0,1.63432,0.0511238,0.36288,3.6288,60.7967,0.66528,0,0,0.743213,0.299632,0,0.66528,12.849,1,0.431388,0.36288,0,26.5156,5.5588,20.8882,0.84672,12.849,0.84672,3695.15,0,0,0,0.895329,2.21623,3.58981,1.56095,5.14041,0.42336,0,0.42336,460.49,0,1.02816,0,0,1.92349,0.895329,1.028160,1,0,26.0287,0,0,0,26.0287,0
67.8919,2.3236,0,0,2.3744,0.050684,0.36288,3.6288,60.6862,0.66528,0,0,0.85396,0.299211,0,0.66528,12.849,1,0.437419,0.36288,0,30.1996,5.5588,24.5662,0.84672,12.849,0.84672,3695.15,0,0,0,1.23719,2.21679,3.9801,1.56095,5.87313,0.42336,0,0.42336,460.49,0,1.02816,0,0,2.26535,1.23719,1.028160,1,0,30.4394,0,0,0,30.4394,0
68.1128,2.32235,0,0,2.98676,0.0806333,0.36288,3.6288,60.7434,0.66528,0,0,1.00615,0.283635,0,0.66528,12.849,1,0.43952,0.36288,0,44.861,5.3855,39.3988,0.84672,12.849,0.84672,3695.15,0,0,0,1.19275,2.21736,4.10502,1.51982,5.99531,0.42336,0,0.42336,460.49,0,1.02816,0,0,2.22091,1.19275,1.028160,1,0,45.3941,0,0,0,45.3941,0
66.704,2.24559,0,0,1.27929,0.079644,0.36288,3.6288,59.9751,0.960526,0,0,0.427385,0.235155,0,0.66528,12.849,1,0.423614,0.36288,0,24.1694,4.86648,19.2422,0.84672,12.849,0.84672,3695.15,0,0,0,0.204422,2.21793,2.425,1.28866,3.55869,0.42336,0,0.42336,460.49,0,0.732914,0,0,0.937336,0.204422,1.028160,1,0,22.8009,0,0,0,22.8009,0
65.0428,2.23878,0,0,1.06432,0.123876,0.36288,3.6288,59.3621,0.913308,0,0,0.516524,0.216269,0,0.66528,12.849,1,0.43125,0.36288,0,19.0427,4.04723,14.9271,0.84672,12.849,0.84672,3695.15,0,0,0,0.216518,2.13038,2.813,1.07531,4.08459,0.42336,0,0.42336,460.49,0,0.780132,0,0,0.99665,0.216518,1.028160,1,0,19.0117,0,0,0,19.0117,0
63.5999,2.23028,0,0,1.27253,0.122246,0.36288,3.6288,59.2876,0.66528,0,0,0.806276,0.215423,0,0.66528,12.849,1,0.440584,0.36288,0,22.947,4.04723,18.822,0.84672,12.849,0.84672,3695.15,0,0,0,0.341047,2.13093,3.85382,1.07531,5.25048,0.42336,0,0.42336,460.49,0,1.02816,0,0,1.36921,0.341047,1.028160,1,0,24.0725,0,0,0,24.0725,0
62.0751,2.22265,0,0,1.18154,0.120829,0.36288,3.6288,59.0897,0.66528,0,0,0.682643,0.215321,0,0.66528,12.849,1,0.449038,0.36288,0,21.1786,4.04723,17.0452,0.84672,12.849,0.84672,3695.15,0,0,0,0.308552,2.13147,3.09292,1.07531,4.45763,0.42336,0,0.42336,460.49,0,1.02816,0,0,1.33671,0.308552,1.028160,1,0,21.5029,0,0,0,21.5029,0
60.6138,2.15053,0,0,1.19668,0.144584,0.36288,3.6288,58.569,0.845182,0,0,0.536808,0.212355,0,0.66528,12.849,1,0.44514,0.36288,0,25.0052,4.38765,20.5353,0.84672,12.849,0.84672,3695.15,0,0,0,0.216518,2.13202,3.26157,1.10223,4.50788,0.42336,0,0.42336,460.49,0,0.848258,0,0,1.06478,0.216518,1.028160,1,0,25.0432,0,0,0,25.0432,0
58.9514,2.14234,0,0,0.995639,0.152825,0.36288,3.6288,57.4645,1.22545,0,0,0.331569,0.210572,0,0.66528,12.849,1,0.454136,0.36288,0,21.3202,4.52382,16.7051,0.84672,12.849,0.84672,3695.15,0,0,0,0.216518,2.05383,2.83228,1.113,3.98963,0.42336,0,0.42336,460.49,0,0.467986,0,0,0.684504,0.216518,1.028160,1,0,20.6947,0,0,0,20.6947,0
57.8043,2.13248,0,0,1.49869,0.150464,0.36288,3.6288,57.3931,0.66528,0,0,0.802941,0.209076,0,0.66528,12.849,1,0.464795,0.36288,0,33.2459,4.52382,28.6202,0.84672,12.849,0.84672,3695.15,0,0,0,0.950253,2.05435,5.74312,1.113,7.63473,0.42336,0,0.42336,460.49,0,1.02816,0,0,1.97841,0.950253,1.028160,1,0,36.2549,0,0,0,36.2549,0
58.7953,2.1256,0,0,3.62827,0.148797,0.36288,3.6288,58.3177,0.66528,0,0,1.79883,0.208979,0,0.66528,12.849,1,0.472488,0.36288,0,87.1258,4.52382,82.4924,0.84672,12.849,0.84672,3695.15,0,0,0,2.08486,2.05488,8.68797,1.113,11.7147,0.42336,0,0.42336,460.49,0,1.02816,0,0,3.11302,2.08486,1.028160,1,0,94.2071,0,0,0,94.2071,0
57.9915,1.95348,0,0,1.71831,0.205677,0.36288,3.6288,58.1438,0.724896,0,0,0.732396,0.181318,0,0.66528,12.849,1,0.42691,0.36288,0,41.567,3.8368,37.6662,0.84672,12.849,0.84672,3695.15,0,0,0,0.292723,2.0554,4.90593,0.920851,6.3332,0.42336,0,0.42336,460.49,0,0.968544,0,0,1.26127,0.292723,1.028160,1,0,43.9994,0,0,0,43.9994,0
57.0869,1.94925,0,0,1.65757,0.250023,0.36288,3.6288,58.1544,0.66528,0,0,0.873478,0.197672,0,0.66528,12.849,1,0.431889,0.36288,0,76.6141,3.91597,72.6291,0.84672,12.849,0.84672,3695.15,0,0,0,1.1922,1.88085,7.50522,0.929002,9.64927,0.42336,0,0.42336,460.49,0,1.02816,0,0,2.22036,1.1922,1.028160,1,0,82.2784,0,0,0,82.2784,0
56.1636,1.94427,0,0,1.63167,0.247818,0.36288,3.6288,58.0522,0.66528,0,0,0.760778,0.197685,0,0.66528,12.849,1,0.437613,0.36288,0,60.0459,3.91597,56.0552,0.84672,12.849,0.84672,3695.15,0,0,0,0.836153,1.88133,6.18692,0.929002,7.9754,0.42336,0,0.42336,460.49,0,1.02816,0,0,1.86431,0.836153,1.028160,1,0,64.0306,0,0,0,64.0306,0
55.0584,1.93903,0,0,1.44228,0.245567,0.36288,3.6288,57.9694,0.66528,0,0,0.780062,0.197555,0,0.66528,12.849,1,0.443606,0.36288,0,69.5865,3.91597,65.5898,0.84672,12.849,0.84672,3695.15,0,0,0,0.854513,1.8818,6.39615,0.929002,8.20346,0.42336,0,0.42336,460.49,0,1.02816,0,0,1.88267,0.854513,1.028160,1,0,73.7932,0,0,0,73.7932,0
54.9096,1.93241,0,0,2.38734,0.240846,0.36288,3.6288,57.8847,0.66528,0,0,0.804367,0.223814,0,0.66528,12.849,1,0.450967,0.36288,0,62.8957,4.74285,58.0648,0.84672,12.849,0.84672,3695.15,0,0,0,1.17234,1.88228,6.93279,1.1857,8.80171,0.42336,0,0.42336,460.49,0,1.02816,0,0,2.2005,1.17234,1.028160,1,0,66.8665,0,0,0,66.8665,0
55.3394,2.00021,0,0,3.05516,0.262325,0.36288,3.6288,57.4167,0.81578,0,0,0.520605,0.172818,0,0.66528,12.849,1,0.468055,0.36288,0,81.391,3.68214,77.6036,0.84672,12.849,0.84672,3695.15,0,0,0,0.412474,1.88275,6.91986,0.858278,8.35681,0.42336,0,0.42336,460.49,0,0.87766,0,0,1.29013,0.412474,1.028160,1,0,85.9605,0,0,0,85.9605,0
55.5624,2.00376,0,0,2.8531,0.263458,0.36288,3.6288,57.3568,0.66528,0,0,0.777642,0.172295,0,0.66528,12.849,1,0.465245,0.36288,0,77.0259,3.68214,73.2414,0.84672,12.849,0.84672,3695.15,0,0,0,0.76299,1.93788,7.81021,0.858278,9.6528,0.42336,0,0.42336,460.49,0,1.02816,0,0,1.79115,0.76299,1.028160,1,0,82.8942,0,0,0,82.8942,0
57.0299,2.00588,0,0,4.1049,0.268576,0.36288,3.6288,57.6351,0.66528,0,0,1.11343,0.169813,0,0.66528,12.849,1,0.463867,0.36288,0,99.2131,3.71895,95.3932,0.84672,12.849,0.84672,3695.15,0,0,0,0.959135,1.93835,9.53726,0.850147,11.5846,0.42336,0,0.42336,460.49,0,1.02816,0,0,1.9873,0.959135,1.028160,1,0,106.978,0,0,0,106.978,0
59.4937,2.01623,0,0,5.14298,0.300094,0.36288,3.6288,58.3786,0.66528,0,0,1.56438,0.155604,0,0.66528,12.849,1,0.454262,0.36288,0,156.607,3.93981,152.576,0.84672,12.849,0.84672,3695.15,0,0,0,2.37061,1.93882,9.85375,0.801357,13.3618,0.42336,0,0.42336,460.49,0,1.02816,0,0,3.39877,2.37061,1.028160,1,0,165.938,0,0,0,165.938,0
64.9928,2.25479,0,0,8.42522,0.308499,0.36288,3.6288,59.5315,0.66528,0,0,1.97905,0.160808,0,0.66528,12.849,1,0.486972,0.36288,0,267.564,3.80661,263.633,0.84672,12.849,0.84672,3695.15,0,0,0,2.9321,1.93929,22.916,0.883473,26.9039,0.42336,0,0.42336,460.49,0,1.02816,0,0,3.96026,2.9321,1.028160,1,0,290.537,0,0,0,290.537,0
69.0741,2.28987,0,0,7.05802,0.323957,0.36288,3.6288,60.4597,0.66528,0,0,1.75882,0.165368,0,0.66528,12.849,1,0.452705,0.36288,0,202.013,3.70671,198.216,0.84672,12.849,0.84672,3695.15,0,0,0,2.48478,2.13661,19.1883,0.94506,22.8646,0.42336,0,0.42336,460.49,0,1.02816,0,0,3.51294,2.48478,1.028160,1,0,221.081,0,0,0,221.081,0
71.616,2.31311,0,0,5.55252,0.334577,0.36288,3.6288,61.0925,0.66528,0,0,1.4644,0.166349,0,0.66528,12.849,1,0.430279,0.36288,0,145.675,3.70671,141.901,0.84672,12.849,0.84672,3695.15,0,0,0,2.07589,2.13713,15.4909,0.94506,18.7589,0.42336,0,0.42336,460.49,0,1.02816,0,0,3.10405,2.07589,1.028160,1,0,160.659,0,0,0,160.659,0
72.29,2.32675,0,0,5.11391,0.340832,1.77236,3.6288,61.308,0.66528,0,0,1.52836,0.144059,0.503517,0.66528,12.849,1,0.417454,1.77236,0,134.031,3.27913,132.107,0.84672,12.849,0.84672,3695.15,0,0,0,2.52546,2.13765,15.7987,0.813358,19.6484,0.42336,0,0.42336,460.49,0,1.02816,0,0,3.55362,2.52546,1.028160,1,0,152.259,0,0,0,152.259,0
72.29,2.00276,0,0,5.73563,0.307678,3.42519,3.6288,61.308,0.66528,0,0,1.43432,0.171099,0.597939,0.66528,12.849,1,0.355976,3.42519,0,141.394,3.09711,141.367,0.84672,12.849,0.84672,3695.15,0,0,0,2.20952,2.13818,14.6559,0.814538,18.1891,0.42336,0,0.42336,460.49,0,1.02816,0,0,3.23768,2.20952,1.028160,1,0,160.154,0,0,0,160.154,0
72.29,2.00336,0,0,6.38751,0.302963,4.08118,3.6288,61.308,0.66528,0,0,1.12724,0.179784,0.282179,0.66528,12.849,1,0.356083,4.08118,0,141.331,2.89979,142.157,0.84672,12.849,0.84672,3695.15,0,0,0,1.47466,1.86996,15.7702,0.838933,18.2758,0.42336,0,0.42336,460.49,0,1.02816,0,0,2.50282,1.47466,1.028160,1,0,160.715,0,0,0,160.715,0
72.29,2.00397,0,0,7.77152,0.276987,5.49057,3.6288,61.308,0.66528,0,0,1.23113,0.173894,0.391957,0.66528,12.849,1,0.35619,5.49057,0,161.076,2.90665,163.303,0.84672,12.849,0.84672,3695.15,0,0,0,1.80925,1.87042,14.4799,0.855984,17.3035,0.42336,0,0.42336,460.49,0,1.02816,0,0,2.83741,1.80925,1.028160,1,0,180.999,0,0,0,180.999,0
72.29,2.00457,0,0,7.22923,0.277541,4.94712,3.6288,61.308,0.66528,0,0,1.37294,0.206603,0.501056,0.66528,12.849,1,0.356297,4.94712,0,130.339,4.14521,130.784,0.84672,12.849,0.84672,3695.15,0,0,0,2.26324,1.87087,15.4964,1.07044,18.56,0.42336,0,0.42336,460.49,0,1.02816,0,0,3.2914,2.26324,1.028160,1,0,149.845,0,0,0,149.845,0
72.29,2.00517,0,0,10.7795,0.28569,8.48866,3.6288,61.308,0.66528,0,0,2.32958,0.1834,1.4809,0.66528,12.849,1,0.356405,8.48866,0,146.674,3.92519,150.881,0.84672,12.849,0.84672,3695.15,0,0,0,2.47644,1.87132,15.9361,0.968675,19.3152,0.42336,0,0.42336,460.49,0,1.02816,0,0,3.5046,2.47644,1.028160,1,0,171.677,0,0,0,171.677,0
72.29,2.08845,0,0,10.7076,0.316579,8.30253,3.6288,61.308,0.66528,0,0,2.80475,0.165587,1.97388,0.66528,12.849,1,0.371206,8.30253,0,220.679,3.14939,225.461,0.84672,12.849,0.84672,3695.15,0,0,0,3.64535,1.87177,17.0404,0.933066,21.6245,0.42336,0,0.42336,460.49,0,1.02816,0,0,4.67351,3.64535,1.028160,1,0,249.06,0,0,0,249.06,0
72.29,2.08907,0,0,7.90612,0.31066,5.50639,3.6288,61.308,0.66528,0,0,2.08608,0.164257,1.25654,0.66528,12.849,1,0.371317,5.50639,0,184.988,3.2089,186.915,0.84672,12.849,0.84672,3695.15,0,0,0,3.00963,1.93857,13.4425,0.944625,17.4461,0.42336,0,0.42336,460.49,0,1.02816,0,0,4.03779,3.00963,1.028160,1,0,205.617,0,0,0,205.617,0
72.29,2.0897,0,0,7.25777,0.31066,4.85741,3.6288,61.308,0.66528,0,0,2.35901,0.164257,1.52947,0.66528,12.849,1,0.371428,4.85741,0,169.786,3.2089,171.063,0.84672,12.849,0.84672,3695.15,0,0,0,2.84041,1.93904,16.3785,0.944625,20.2133,0.42336,0,0.42336,460.49,0,1.02816,0,0,3.86857,2.84041,1.028160,1,0,192.806,0,0,0,192.806,0
72.29,2.09032,0,0,6.61236,0.293442,4.2286,3.6288,61.308,0.66528,0,0,2.26555,0.180053,1.42022,0.66528,12.849,1,0.371539,4.2286,0,149.867,3.13966,150.584,0.84672,12.849,0.84672,3695.15,0,0,0,2.77697,1.93951,13.7189,0.936707,17.4987,0.42336,0,0.42336,460.49,0,1.02816,0,0,3.80513,2.77697,1.028160,1,0,169.503,0,0,0,169.503,0
72.29,2.05859,0,0,7.11664,0.28731,4.77074,3.6288,61.308,0.66528,0,0,1.59602,0.163887,0.766848,0.66528,12.849,1,0.365899,4.77074,0,188.073,3.26292,189.215,0.84672,12.849,0.84672,3695.15,0,0,0,2.66113,1.93998,12.7613,0.838304,16.5241,0.42336,0,0.42336,460.49,0,1.02816,0,0,3.68929,2.66113,1.028160,1,0,206.506,0,0,0,206.506,0
72.29,2.05921,0,0,4.95101,0.23468,2.65712,3.6288,61.308,0.66528,0,0,1.1613,0.185487,0.310535,0.66528,12.849,1,0.366009,2.65712,0,127.734,3.77859,126.246,0.84672,12.849,0.84672,3695.15,0,0,0,1.92269,1.91461,8.02958,1.01831,10.8486,0.42336,0,0.42336,460.49,0,1.02816,0,0,2.95085,1.92269,1.028160,1,0,137.405,0,0,0,137.405,0
72.29,2.05983,0,0,4.71759,0.225537,2.43222,3.6288,61.308,0.66528,0,0,1.03339,0.195354,0.172753,0.66528,12.849,1,0.366119,2.43222,0,88.5436,3.906,86.7037,0.84672,12.849,0.84672,3695.15,0,0,0,1.8198,1.91507,7.04155,1.05396,9.72246,0.42336,0,0.42336,460.49,0,1.02816,0,0,2.84796,1.8198,1.028160,1,0,96.5989,0,0,0,96.5989,0
72.29,2.06045,0,0,3.73799,0.225537,1.45201,3.6288,61.308,0.66528,0,0,0.883518,0.195354,0.0228835,0.66528,12.849,1,0.366229,1.45201,0,74.4407,3.906,71.6205,0.84672,12.849,0.84672,3695.15,0,0,0,1.44114,1.91554,5.44477,1.05396,7.74749,0.42336,0,0.42336,460.49,0,1.02816,0,0,2.4693,1.44114,1.028160,1,0,79.3908,0,0,0,79.3908,0
72.29,2.17102,0,0,3.3827,0.216329,0.995354,3.6288,61.1987,0.66528,0,0,0.750272,0.194246,0,0.66528,12.849,1,0.385882,0.995354,0,56.0355,3.89444,52.7505,0.84672,12.849,0.84672,3695.15,0,0,0,1.13025,1.916,4.97419,0.98939,7.03105,0.42336,0,0.42336,460.49,0,1.02816,0,0,2.15841,1.13025,1.028160,1,0,59.7816,0,0,0,59.7816,0
72.29,2.17166,0,0,3.858,0.204052,1.48229,3.6288,61.1576,0.66528,0,0,0.816739,0.192634,0,0.66528,12.849,1,0.385997,1.48229,0,86.978,3.87902,84.1953,0.84672,12.849,0.84672,3695.15,0,0,0,1.18001,2.00712,7.93788,0.903299,10.2217,0.42336,0,0.42336,460.49,0,1.02816,0,0,2.20817,1.18001,1.028160,1,0,94.417,0,0,0,94.417,0
72.29,2.17231,0,0,4.17395,0.204052,1.79759,3.6288,61.285,0.66528,0,0,0.98534,0.192584,0,0.66528,12.849,1,0.386112,1.79759,0,78.0771,3.87902,75.6095,0.84672,12.849,0.84672,3695.15,0,0,0,1.34216,2.00761,5.70263,0.903299,8.1491,0.42336,0,0.42336,460.49,0,1.02816,0,0,2.37032,1.34216,1.028160,1,0,83.7587,0,0,0,83.7587,0
72.29,2.17296,0,0,3.3756,0.204052,0.998595,3.6288,61.1943,0.66528,0,0,0.767318,0.192739,0,0.66528,12.849,1,0.386227,0.998595,0,63.2204,3.87902,59.9538,0.84672,12.849,0.84672,3695.15,0,0,0,1.11358,2.00809,5.06264,0.903299,7.28101,0.42336,0,0.42336,460.49,0,1.02816,0,0,2.14174,1.11358,1.028160,1,0,67.2348,0,0,0,67.2348,0
72.29,2.17361,0,0,2.96917,0.194175,0.601389,3.6288,61.0364,0.66528,0,0,0.702544,0.195177,0,0.66528,12.849,1,0.386342,0.601389,0,55.4698,4.00237,51.6825,0.84672,12.849,0.84672,3695.15,0,0,0,0.942477,2.00858,4.71779,0.931789,6.73707,0.42336,0,0.42336,460.49,0,1.02816,0,0,1.97064,0.942477,1.028160,1,0,58.4196,0,0,0,58.4196,0
71.8246,2.15248,0,0,2.18494,0.134979,0.36288,3.6288,60.844,0.66528,0,0,0.683148,0.210257,0,0.66528,12.849,1,0.382587,0.36288,0,49.969,4.74253,45.2068,0.84672,12.849,0.84672,3695.15,0,0,0,0.717275,2.00907,5.97066,1.10273,7.59428,0.42336,0,0.42336,460.49,0,1.02816,0,0,1.74544,0.717275,1.028160,1,0,52.801,0,0,0,52.801,0
71.2177,2.15102,0,0,2.04143,0.134436,0.36288,3.6288,60.654,0.66528,0,0,0.685221,0.210001,0,0.66528,12.849,1,0.384805,0.36288,0,46.2864,4.74253,41.5219,0.84672,12.849,0.84672,3695.15,0,0,0,0.801317,2.04129,5.51989,1.10273,7.25977,0.42336,0,0.42336,460.49,0,1.02816,0,0,1.82948,0.801317,1.028160,1,0,48.7817,0,0,0,48.7817,0
70.4916,2.14888,0,0,1.91862,0.132942,0.36288,3.6288,60.4421,0.66528,0,0,0.670015,0.216576,0,0.66528,12.849,1,0.387699,0.36288,0,43.0522,4.82886,38.1985,0.84672,12.849,0.84672,3695.15,0,0,0,0.769548,2.04179,5.38654,1.12344,7.07444,0.42336,0,0.42336,460.49,0,1.02816,0,0,1.79771,0.769548,1.028160,1,0,45.2729,0,0,0,45.2729,0
69.7235,2.14615,0,0,1.86796,0.126996,0.36288,3.6288,60.1497,0.66528,0,0,0.630063,0.257198,0,0.66528,12.849,1,0.391193,0.36288,0,41.0394,5.34681,35.6643,0.84672,12.849,0.84672,3695.15,0,0,0,0.651871,2.04229,5.23689,1.24771,6.68334,0.42336,0,0.42336,460.49,0,1.02816,0,0,1.68003,0.651871,1.028160,1,0,42.3476,0,0,0,42.3476,0
68.7108,2.19912,0,0,1.66255,0.113321,0.36288,3.6288,59.8616,0.66528,0,0,0.665978,0.288852,0,0.66528,12.849,1,0.405265,0.36288,0,34.5495,5.73854,28.7685,0.84672,12.849,0.84672,3695.15,0,0,0,0.6926,2.04278,4.78798,1.43608,6.08728,0.42336,0,0.42336,460.49,0,1.02816,0,0,1.72076,0.6926,1.028160,1,0,34.8558,0,0,0,34.8558,0
67.623,2.19474,0,0,1.57714,0.107304,0.36288,3.6288,59.4991,0.66528,0,0,0.604006,0.301152,0,0.66528,12.849,1,0.41042,0.36288,0,42.5172,5.89523,36.5744,0.84672,12.849,0.84672,3695.15,0,0,0,0.870376,2.0883,5.07237,1.51142,6.51963,0.42336,0,0.42336,460.49,0,1.02816,0,0,1.89854,0.870376,1.028160,1,0,43.094,0,0,0,43.094,0
66.4406,2.18985,0,0,1.47676,0.106393,0.36288,3.6288,59.0951,0.66528,0,0,0.561694,0.300455,0,0.66528,12.849,1,0.416091,0.36288,0,34.1373,5.89523,28.1889,0.84672,12.849,0.84672,3695.15,0,0,0,0.835168,2.08881,4.57233,1.51142,5.98489,0.42336,0,0.42336,460.49,0,1.02816,0,0,1.86333,0.835168,1.028160,1,0,34.1738,0,0,0,34.1738,0
65.1326,2.18429,0,0,1.34454,0.105404,0.36288,3.6288,58.6634,0.66528,0,0,0.533255,0.299679,0,0.66528,12.849,1,0.422421,0.36288,0,31.1115,5.89523,25.1568,0.84672,12.849,0.84672,3695.15,0,0,0,0.548433,2.08932,4.26497,1.51142,5.3913,0.42336,0,0.42336,460.49,0,1.02816,0,0,1.57659,0.548433,1.028160,1,0,30.5481,0,0,0,30.5481,0
63.7303,2.34017,0,0,1.40209,0.101307,0.36288,3.6288,58.3368,0.66528,0,0,0.637912,0.299219,0,0.66528,12.849,1,0.461656,0.36288,0,31.9306,5.91996,25.9119,0.84672,12.849,0.84672,3695.15,0,0,0,1.09538,2.08983,5.88147,1.55508,7.5116,0.42336,0,0.42336,460.49,0,1.02816,0,0,2.12354,1.09538,1.028160,1,0,33.4235,0,0,0,33.4235,0
61.804,2.33241,0,0,0.88611,0.117186,0.36288,3.6288,57.8637,0.66528,0,0,0.497824,0.305695,0,0.66528,12.849,1,0.470248,0.36288,0,26.224,5.60332,20.5133,0.84672,12.849,0.84672,3695.15,0,0,0,0.536613,2.24454,3.82533,1.57353,5.03295,0.42336,0,0.42336,460.49,0,1.02816,0,0,1.56477,0.536613,1.028160,1,0,25.5462,0,0,0,25.5462,0
59.9673,2.32096,0,0,0.962496,0.115354,0.36288,3.6288,57.3973,0.66528,0,0,0.503728,0.304763,0,0.66528,12.849,1,0.482525,0.36288,0,25.0631,5.60332,19.3401,0.84672,12.849,0.84672,3695.15,0,0,0,0.548234,2.24509,4.06311,1.57353,5.2829,0.42336,0,0.42336,460.49,0,1.02816,0,0,1.57639,0.548234,1.028160,1,0,24.623,0,0,0,24.623,0
58.6542,2.30947,0,0,1.48664,0.127399,0.36288,3.6288,57.0372,0.66528,0,0,0.605888,0.300706,0,0.66528,12.849,1,0.494842,0.36288,0,40.4811,5.51427,34.8348,0.84672,12.849,0.84672,3695.15,0,0,0,0.861503,2.24564,4.29393,1.56261,5.83847,0.42336,0,0.42336,460.49,0,1.02816,0,0,1.88966,0.861503,1.028160,1,0,40.6733,0,0,0,40.6733,0
57.8749,2.30106,0,0,2.01763,0.133004,0.36288,3.6288,56.8467,0.66528,0,0,0.766014,0.291284,0,0.66528,12.849,1,0.504078,0.36288,0,49.4515,5.58648,43.7238,0.84672,12.849,0.84672,3695.15,0,0,0,0.913473,2.2462,4.63756,1.54547,6.25177,0.42336,0,0.42336,460.49,0,1.02816,0,0,1.94163,0.913473,1.028160,1,0,49.9756,0,0,0,49.9756,0
55.9224,2.21857,0,0,0.801697,0.172699,0.36288,3.6288,56.5374,0.66528,0,0,0.628849,0.272843,0,0.66528,12.849,1,0.492553,0.36288,0,18.1493,4.1412,13.8784,0.84672,12.849,0.84672,3695.15,0,0,0,1.39473,2.24675,4.25703,1.24632,6.65219,0.42336,0,0.42336,460.49,0,1.02816,0,0,2.42289,1.39473,1.028160,1,0,20.5306,0,0,0,20.5306,0
53.8709,2.20524,0,0,0.685981,0.169407,0.36288,3.6288,55.9472,0.66528,0,0,0.347331,0.272294,0,0.66528,12.849,1,0.506687,0.36288,0,18.1314,4.1412,13.8464,0.84672,12.849,0.84672,3695.15,0,0,0,0.322237,2.15794,3.16826,1.24632,4.40212,0.42336,0,0.42336,460.49,0,1.02816,0,0,1.3504,0.322237,1.028160,1,0,18.2485,0,0,0,18.2485,0
51.8507,2.19031,0,0,0.715707,0.182696,0.36288,3.6288,55.3597,0.66528,0,0,0.334375,0.256599,0,0.66528,12.849,1,0.522421,0.36288,0,17.4277,3.93357,13.3346,0.84672,12.849,0.84672,3695.15,0,0,0,0.280886,2.15847,3.18832,1.18142,4.44624,0.42336,0,0.42336,460.49,0,1.02816,0,0,1.30905,0.280886,1.028160,1,0,17.7809,0,0,0,17.7809,0
51.112,2.17464,0,0,2.07624,0.27737,0.36288,3.6288,55.3143,0.66528,0,0,0.787936,0.168065,0,0.66528,12.849,1,0.538893,0.36288,0,52.5276,2.68779,49.6638,0.84672,12.849,0.84672,3695.15,0,0,0,0.989185,2.159,8.37401,0.792037,10.7302,0.42336,0,0.42336,460.49,0,1.02816,0,0,2.01734,0.989185,1.028160,1,0,60.3939,0,0,0,60.3939,0
50.0458,2.10678,0,0,1.68761,0.28417,0.36288,3.6288,55.1512,0.66528,0,0,0.709296,0.207093,0,0.66528,12.849,1,0.529622,0.36288,0,41.2771,3.55617,37.5542,0.84672,12.849,0.84672,3695.15,0,0,0,1.40045,2.15952,5.7943,0.951161,8.40311,0.42336,0,0.42336,460.49,0,1.02816,0,0,2.42861,1.40045,1.028160,1,0,45.9573,0,0,0,45.9573,0
48.4623,2.09843,0,0,1.16544,0.287622,0.36288,3.6288,54.5653,0.785272,0,0,0.43556,0.236148,0,0.66528,12.849,1,0.538761,0.36288,0,27.9645,4.20746,23.5811,0.84672,12.849,0.84672,3695.15,0,0,0,0.216518,2.08022,5.23492,1.0705,6.46115,0.42336,0,0.42336,460.49,0,0.908168,0,0,1.12469,0.216518,1.028160,1,0,30.0423,0,0,0,30.0423,0
48.2609,2.08513,0,0,2.52938,0.282777,0.36288,3.6288,54.574,0.66528,0,0,0.909173,0.235238,0,0.66528,12.849,1,0.552839,0.36288,0,41.8431,4.20746,37.4457,0.84672,12.849,0.84672,3695.15,0,0,0,1.49037,2.08072,7.57051,1.0705,10.0711,0.42336,0,0.42336,460.49,0,1.02816,0,0,2.51853,1.49037,1.028160,1,0,47.5168,0,0,0,47.5168,0
50.7003,2.08393,0,0,5.16835,0.282159,0.36288,3.6288,55.4329,0.66528,0,0,1.75943,0.235251,0,0.66528,12.849,1,0.554826,0.36288,0,83.8159,4.20746,79.4165,0.84672,12.849,0.84672,3695.15,0,0,0,4.4727,2.08123,12.1549,1.0705,17.6383,0.42336,0,0.42336,460.49,0,1.02816,0,0,5.50086,4.4727,1.028160,1,0,97.0548,0,0,0,97.0548,0
51.9204,1.92909,0,0,3.81492,0.302884,0.36288,3.6288,56.029,0.66528,0,0,1.49783,0.236442,0,0.66528,12.849,1,0.48889,0.36288,0,49.533,4.17271,45.2343,0.84672,12.849,0.84672,3695.15,0,0,0,2.35292,2.08174,7.2684,1.01812,10.6849,0.42336,0,0.42336,460.49,0,1.02816,0,0,3.38108,2.35292,1.028160,1,0,55.9193,0,0,0,55.9193,0
52.7256,1.93888,0,0,3.38608,0.279107,0.36288,3.6288,57.7555,0.66528,0,0,2.60531,0.21353,0,0.66528,12.849,1,0.479824,0.36288,0,64.9765,4.73067,60.1289,0.84672,12.849,0.84672,3695.15,0,0,0,4.72767,1.90472,18.5604,1.10987,24.083,0.42336,0,0.42336,460.49,0,1.02816,0,0,5.75583,4.72767,1.028160,1,0,84.2119,0,0,0,84.2119,0
52.7493,1.94535,0,0,2.61339,0.281436,0.36288,3.6288,57.8811,0.66528,0,0,1.00686,0.215941,0,0.66528,12.849,1,0.474074,0.36288,0,52.5653,4.73067,47.7235,0.84672,12.849,0.84672,3695.15,0,0,0,2.81661,1.90518,8.33405,1.10987,11.946,0.42336,0,0.42336,460.49,0,1.02816,0,0,3.84477,2.81661,1.028160,1,0,59.6694,0,0,0,59.6694,0
52.7269,1.94611,0,0,2.56514,0.278508,0.36288,3.6288,57.8567,0.66528,0,0,0.870654,0.229847,0,0.66528,12.849,1,0.474044,0.36288,0,51.5629,4.78245,46.6693,0.84672,12.849,0.84672,3695.15,0,0,0,1.60951,1.90564,9.94697,1.14983,12.3123,0.42336,0,0.42336,460.49,0,1.02816,0,0,2.63767,1.60951,1.028160,1,0,58.9816,0,0,0,58.9816,0
52.5578,1.94653,0,0,2.41123,0.270953,0.36288,3.6288,57.6108,0.66528,0,0,0.683516,0.264131,0,0.66528,12.849,1,0.474348,0.36288,0,59.9301,4.9119,54.9068,0.84672,12.849,0.84672,3695.15,0,0,0,1.18552,1.9061,6.55083,1.24972,8.39274,0.42336,0,0.42336,460.49,0,1.02816,0,0,2.21368,1.18552,1.028160,1,0,63.2995,0,0,0,63.2995,0
54.7876,2.01444,0,0,4.87017,0.263069,0.36288,3.6288,57.9372,0.66528,0,0,1.16158,0.16987,0,0.66528,12.849,1,0.492477,0.36288,0,84.8811,3.18714,81.5644,0.84672,12.849,0.84672,3695.15,0,0,0,1.90702,1.90656,8.3001,0.855231,11.2585,0.42336,0,0.42336,460.49,0,1.02816,0,0,2.93518,1.90702,1.028160,1,0,92.8228,0,0,0,92.8228,0
59.4187,2.03126,0,0,7.29314,0.267845,0.36288,3.6288,58.8238,0.66528,0,0,1.70646,0.154556,0,0.66528,12.849,1,0.476378,0.36288,0,109.577,2.89968,106.564,0.84672,12.849,0.84672,3695.15,0,0,0,3.25102,1.96244,10.2117,0.789483,14.6357,0.42336,0,0.42336,460.49,0,1.02816,0,0,4.27918,3.25102,1.028160,1,0,121.199,0,0,0,121.199,0
62.6138,2.06237,0,0,5.90061,0.28033,0.36288,3.6288,59.2387,0.66528,0,0,1.23558,0.155441,0,0.66528,12.849,1,0.445978,0.36288,0,108.308,2.89968,105.326,0.84672,12.849,0.84672,3695.15,0,0,0,1.96455,1.96289,8.11685,0.789483,11.2548,0.42336,0,0.42336,460.49,0,1.02816,0,0,2.99271,1.96455,1.028160,1,0,116.58,0,0,0,116.58,0
63.7994,2.08185,0,0,3.94091,0.310541,0.36288,3.6288,59.6173,0.66528,0,0,1.20299,0.159077,0,0.66528,12.849,1,0.427217,0.36288,0,84.786,2.76814,81.9536,0.84672,12.849,0.84672,3695.15,0,0,0,1.89016,1.96335,7.62108,0.855088,10.6195,0.42336,0,0.42336,460.49,0,1.02816,0,0,2.91832,1.89016,1.028160,1,0,92.5731,0,0,0,92.5731,0
67.7757,2.31737,0,0,6.99458,0.338093,0.36288,3.6288,60.2854,0.66528,0,0,1.47871,0.145376,0,0.66528,12.849,1,0.466711,0.36288,0,90.3684,2.92086,87.3437,0.84672,12.849,0.84672,3695.15,0,0,0,2.37552,1.96381,10.0168,0.915487,13.4406,0.42336,0,0.42336,460.49,0,1.02816,0,0,3.40368,2.37552,1.028160,1,0,100.784,0,0,0,100.784,0
70.0953,2.34105,0,0,5.36489,0.341314,0.36288,3.6288,61.2505,0.66528,0,0,1.75174,0.12137,0,0.66528,12.849,1,0.443819,0.36288,0,94.9346,3.35832,91.4953,0.84672,12.849,0.84672,3695.15,0,0,0,1.93309,2.16385,8.92794,0.87939,12.1455,0.42336,0,0.42336,460.49,0,1.02816,0,0,2.96125,1.93309,1.028160,1,0,103.641,0,0,0,103.641,0
72.2495,2.35413,0,0,5.2187,0.347534,0.36288,3.6288,61.308,0.66528,0,0,2.38422,0.122115,1.53929,0.66528,12.849,1,0.431529,0.36288,0,106.962,3.35832,103.535,0.84672,12.849,0.84672,3695.15,0,0,0,4.34477,2.16436,13.7267,0.87939,19.3564,0.42336,0,0.42336,460.49,0,1.02816,0,0,5.37293,4.34477,1.028160,1,0,124.431,0,0,0,124.431,0
72.29,2.36572,0,0,5.33798,0.374993,2.55673,3.6288,61.308,0.66528,0,0,1.57012,0.110854,0.793987,0.66528,12.849,1,0.420725,2.55673,0,134.726,3.42397,133.438,0.84672,12.849,0.84672,3695.15,0,0,0,3.10352,2.16486,10.1656,0.85064,14.5833,0.42336,0,0.42336,460.49,0,1.02816,0,0,4.13168,3.10352,1.028160,1,0,148.815,0,0,0,148.815,0
72.29,2.03406,0,0,6.44706,0.370791,4.04221,3.6288,61.308,0.66528,0,0,2.18142,0.145894,1.37024,0.66528,12.849,1,0.361539,4.04221,0,142.907,4.05234,142.536,0.84672,12.849,0.84672,3695.15,0,0,0,5.77434,2.16537,15.3565,0.973849,22.3223,0.42336,0,0.42336,460.49,0,1.02816,0,0,6.8025,5.77434,1.028160,1,0,166.228,0,0,0,166.228,0
72.29,2.03465,0,0,5.97186,0.313402,3.62381,3.6288,61.308,0.66528,0,0,3.96918,0.142287,3.16161,0.66528,12.849,1,0.361643,3.62381,0,237.895,4.23423,236.923,0.84672,12.849,0.84672,3695.15,0,0,0,4.96007,1.89342,18.8559,0.957096,24.7523,0.42336,0,0.42336,460.49,0,1.02816,0,0,5.98823,4.96007,1.028160,1,0,264.837,0,0,0,264.837,0
72.29,2.03523,0,0,6.23233,0.313402,3.8837,3.6288,61.308,0.66528,0,0,2.34354,0.142287,1.53597,0.66528,12.849,1,0.361747,3.8837,0,181.331,4.23423,180.619,0.84672,12.849,0.84672,3695.15,0,0,0,5.20208,1.89386,16.6223,0.957096,22.7612,0.42336,0,0.42336,460.49,0,1.02816,0,0,6.23024,5.20208,1.028160,1,0,204.916,0,0,0,204.916,0
72.29,2.03582,0,0,11.1271,0.313402,8.77789,3.6288,61.308,0.66528,0,0,5.55559,0.142287,4.74802,0.66528,12.849,1,0.361851,8.77789,0,199.817,4.23423,203.999,0.84672,12.849,0.84672,3695.15,0,0,0,7.89497,1.89429,24.2274,0.957096,33.0596,0.42336,0,0.42336,460.49,0,1.02816,0,0,8.92313,7.89497,1.028160,1,0,241.807,0,0,0,241.807,0
72.29,2.0364,0,0,8.18718,0.314733,5.83604,3.6288,61.308,0.66528,0,0,3.58994,0.0855137,2.83914,0.66528,12.849,1,0.361955,5.83604,0,183.374,3.97376,184.874,0.84672,12.849,0.84672,3695.15,0,0,0,5.22158,1.89473,20.0948,0.863223,26.3479,0.42336,0,0.42336,460.49,0,1.02816,0,0,6.24974,5.22158,1.028160,1,0,214.061,0,0,0,214.061,0
72.29,2.12079,0,0,8.74377,0.313569,6.3094,3.6288,61.308,0.66528,0,0,8.41371,0.160492,7.58794,0.66528,12.849,1,0.376955,6.3094,0,158.078,4.61611,159.395,0.84672,12.849,0.84672,3695.15,0,0,0,8.26222,1.89517,22.8576,1.03475,31.9802,0.42336,0,0.42336,460.49,0,1.02816,0,0,9.29038,8.26222,1.028160,1,0,198.963,0,0,0,198.963,0
72.29,2.1214,0,0,6.14172,0.313569,3.70675,3.6288,61.308,0.66528,0,0,3.37987,0.160492,2.5541,0.66528,12.849,1,0.377063,3.70675,0,118.634,4.61611,117.348,0.84672,12.849,0.84672,3695.15,0,0,0,3.86039,1.96287,9.85003,1.03475,14.6385,0.42336,0,0.42336,460.49,0,1.02816,0,0,4.88855,3.86039,1.028160,1,0,134.54,0,0,0,134.54,0
72.29,2.12201,0,0,5.63465,0.305222,3.20742,3.6288,61.308,0.66528,0,0,2.84625,0.165971,2.015,0.66528,12.849,1,0.377171,3.20742,0,105.966,4.72409,104.072,0.84672,12.849,0.84672,3695.15,0,0,0,3.16834,1.96332,8.5288,1.05466,12.6058,0.42336,0,0.42336,460.49,0,1.02816,0,0,4.1965,3.16834,1.028160,1,0,118.693,0,0,0,118.693,0
72.29,2.12261,0,0,5.05742,0.255142,2.67966,3.6288,61.308,0.66528,0,0,2.48386,0.198846,1.61974,0.66528,12.849,1,0.377279,2.67966,0,104.833,5.3719,101.763,0.84672,12.849,0.84672,3695.15,0,0,0,2.4326,1.96378,7.53805,1.17416,10.7603,0.42336,0,0.42336,460.49,0,1.02816,0,0,3.46076,2.4326,1.028160,1,0,114.143,0,0,0,114.143,0
72.29,2.09042,0,0,4.22433,0.259479,1.87443,3.6288,61.308,0.66528,0,0,1.67477,0.20053,0.808959,0.66528,12.849,1,0.371556,1.87443,0,77.0748,4.55973,74.018,0.84672,12.849,0.84672,3695.15,0,0,0,2.20517,1.96423,6.99261,1.14437,10.0176,0.42336,0,0.42336,460.49,0,1.02816,0,0,3.23333,2.20517,1.028160,1,0,84.8446,0,0,0,84.8446,0
72.29,2.09102,0,0,3.6374,0.261214,1.28517,3.6288,61.308,0.66528,0,0,1.29045,0.201203,0.42397,0.66528,12.849,1,0.371662,1.28517,0,69.3317,4.23486,66.0103,0.84672,12.849,0.84672,3695.15,0,0,0,1.83871,1.93849,6.59336,1.13245,9.23811,0.42336,0,0.42336,460.49,0,1.02816,0,0,2.86687,1.83871,1.028160,1,0,75.6724,0,0,0,75.6724,0
72.29,2.09162,0,0,3.24483,0.261214,0.892,3.6288,61.308,0.66528,0,0,1.14586,0.201203,0.27938,0.66528,12.849,1,0.371769,0.892,0,59.5475,4.23486,55.8329,0.84672,12.849,0.84672,3695.15,0,0,0,1.47107,1.93894,5.72566,1.13245,8.00322,0.42336,0,0.42336,460.49,0,1.02816,0,0,2.49923,1.47107,1.028160,1,0,64.1155,0,0,0,64.1155,0
72.29,2.09221,0,0,2.98991,0.24393,0.653762,3.6288,61.308,0.66528,0,0,1.05006,0.178448,0.206335,0.66528,12.849,1,0.371875,0.653762,0,55.5421,3.76302,52.0609,0.84672,12.849,0.84672,3695.15,0,0,0,1.31913,1.93939,5.15633,1.01278,7.40207,0.42336,0,0.42336,460.49,0,1.02816,0,0,2.34729,1.31913,1.028160,1,0,59.6693,0,0,0,59.6693,0
72.29,2.20427,0,0,2.90745,0.223358,0.479827,3.6288,61.308,0.66528,0,0,1.02801,0.183439,0.179294,0.66528,12.849,1,0.391792,0.479827,0,51.285,3.81849,47.5545,0.84672,12.849,0.84672,3695.15,0,0,0,1.43237,1.93984,4.93668,0.988544,7.32034,0.42336,0,0.42336,460.49,0,1.02816,0,0,2.46053,1.43237,1.028160,1,0,55.0541,0,0,0,55.0541,0
72.29,2.2049,0,0,3.0978,0.204333,0.688572,3.6288,61.308,0.66528,0,0,1.02909,0.238582,0.125231,0.66528,12.849,1,0.391904,0.688572,0,49.4239,4.84186,44.8787,0.84672,12.849,0.84672,3695.15,0,0,0,1.3983,2.03219,4.55402,1.15234,6.83217,0.42336,0,0.42336,460.49,0,1.02816,0,0,2.42646,1.3983,1.028160,1,0,51.8361,0,0,0,51.8361,0
72.29,2.20553,0,0,2.83765,0.204333,0.427794,3.6288,61.308,0.66528,0,0,0.941328,0.238582,0.0374655,0.66528,12.849,1,0.392015,0.427794,0,44.3475,4.84186,39.5414,0.84672,12.849,0.84672,3695.15,0,0,0,1.15941,2.03266,4.3499,1.15234,6.38963,0.42336,0,0.42336,460.49,0,1.02816,0,0,2.18757,1.15941,1.028160,1,0,45.9685,0,0,0,45.9685,0
72.1959,2.20615,0,0,2.63606,0.161144,0.36288,3.6288,61.277,0.66528,0,0,0.901161,0.266913,0,0.66528,12.849,1,0.392127,0.36288,0,39.2378,5.16317,34.0454,0.84672,12.849,0.84672,3695.15,0,0,0,1.08378,2.03313,4.15343,1.23443,6.0359,0.42336,0,0.42336,460.49,0,1.02816,0,0,2.11194,1.08378,1.028160,1,0,40.0813,0,0,0,40.0813,0
71.9544,2.20635,0,0,2.48158,0.153836,0.36288,3.6288,61.2008,0.66528,0,0,0.860682,0.271581,0,0.66528,12.849,1,0.392673,0.36288,0,38.6623,5.21671,33.4158,0.84672,12.849,0.84672,3695.15,0,0,0,0.937164,2.03361,4.20703,1.24812,5.92969,0.42336,0,0.42336,460.49,0,1.02816,0,0,1.96532,0.937164,1.028160,1,0,39.3455,0,0,0,39.3455,0
72.0725,2.1838,0,0,2.79433,0.129582,0.36288,3.6288,61.2374,0.66528,0,0,0.918588,0.216658,0,0.66528,12.849,1,0.389965,0.36288,0,40.5245,4.34406,36.1534,0.84672,12.849,0.84672,3695.15,0,0,0,0.654411,2.03408,3.28617,1.18859,4.78608,0.42336,0,0.42336,460.49,0,1.02816,0,0,1.68257,0.654411,1.028160,1,0,40.9395,0,0,0,40.9395,0
71.9497,2.18497,0,0,2.5548,0.129698,0.36288,3.6288,61.252,0.66528,0,0,0.896556,0.216708,0,0.66528,12.849,1,0.389533,0.36288,0,39.9525,4.34406,35.5818,0.84672,12.849,0.84672,3695.15,0,0,0,0.685307,2.06672,3.24577,1.18859,4.80921,0.42336,0,0.42336,460.49,0,1.02816,0,0,1.71347,0.685307,1.028160,1,0,40.391,0,0,0,40.391,0
71.6072,2.18502,0,0,2.33492,0.129577,0.36288,3.6288,61.2084,0.66528,0,0,0.8384,0.216728,0,0.66528,12.849,1,0.390208,0.36288,0,37.5789,4.34406,33.2075,0.84672,12.849,0.84672,3695.15,0,0,0,0.436182,2.0672,3.08864,1.18859,4.40343,0.42336,0,0.42336,460.49,0,1.02816,0,0,1.46434,0.436182,1.028160,1,0,37.6109,0,0,0,37.6109,0
71.0969,2.18406,0,0,2.14701,0.110297,0.36288,3.6288,61.0771,0.66528,0,0,0.7945,0.260517,0,0.66528,12.849,1,0.391903,0.36288,0,33.6458,4.90866,28.7081,0.84672,12.849,0.84672,3695.15,0,0,0,0.437149,2.06768,2.9408,1.39468,4.05095,0.42336,0,0.42336,460.49,0,1.02816,0,0,1.46531,0.437149,1.028160,1,0,32.7591,0,0,0,32.7591,0
70.6087,2.23921,0,0,2.2041,0.0902425,0.36288,3.6288,60.8969,0.66528,0,0,0.78955,0.304516,0,0.66528,12.849,1,0.404681,0.36288,0,29.4831,5.59839,23.8429,0.84672,12.849,0.84672,3695.15,0,0,0,0.299739,2.06816,2.75162,1.5351,3.58443,0.42336,0,0.42336,460.49,0,1.02816,0,0,1.3279,0.299739,1.028160,1,0,27.4274,0,0,0,27.4274,0
70.0655,2.23748,0,0,2.14301,0.085815,0.36288,3.6288,60.604,0.66528,0,0,0.685109,0.312676,0,0.66528,12.849,1,0.407164,0.36288,0,37.2806,5.7981,31.4382,0.84672,12.849,0.84672,3695.15,0,0,0,0.296577,2.11428,2.87164,1.52449,3.758,0.42336,0,0.42336,460.49,0,1.02816,0,0,1.32474,0.296577,1.028160,1,0,35.1962,0,0,0,35.1962,0
69.3884,2.23544,0,0,2.00662,0.0854568,0.36288,3.6288,60.2638,0.66528,0,0,0.637148,0.312096,0,0.66528,12.849,1,0.409948,0.36288,0,29.9328,5.7981,24.0876,0.84672,12.849,0.84672,3695.15,0,0,0,0.272022,2.11477,2.58857,1.52449,3.45087,0.42336,0,0.42336,460.49,0,1.02816,0,0,1.30018,0.272022,1.028160,1,0,27.5385,0,0,0,27.5385,0
68.5348,2.2327,0,0,1.82696,0.0850101,0.36288,3.6288,59.7365,0.820731,0,0,0.604898,0.311422,0,0.66528,12.849,1,0.413441,0.36288,0,27.2796,5.7981,21.4309,0.84672,12.849,0.84672,3695.15,0,0,0,0.227405,2.11526,2.41454,1.52449,3.23272,0.42336,0,0.42336,460.49,0,0.872709,0,0,1.10011,0.227405,1.028160,1,0,24.6637,0,0,0,24.6637,0
67.7736,2.39487,0,0,2.07568,0.0790326,0.36288,3.6288,59.5055,0.66528,0,0,0.73783,0.30357,0,0.66528,12.849,1,0.448994,0.36288,0,27.4192,5.95883,21.3743,0.84672,12.849,0.84672,3695.15,0,0,0,0.50296,2.11576,3.49472,1.5416,4.57184,0.42336,0,0.42336,460.49,0,1.02816,0,0,1.53112,0.50296,1.028160,1,0,25.9461,0,0,0,25.9461,0
66.6605,2.39131,0,0,1.75516,0.114089,0.36288,3.6288,59.2021,0.66528,0,0,0.667027,0.305185,0,0.66528,12.849,1,0.453361,0.36288,0,22.0266,5.93271,16.0034,0.84672,12.849,0.84672,3695.15,0,0,0,0.243397,2.27254,2.14213,1.38614,3.27193,0.42336,0,0.42336,460.49,0,1.02816,0,0,1.27156,0.243397,1.028160,1,0,19.2753,0,0,0,19.2753,0
65.2443,2.38563,0,0,1.44534,0.113091,0.36288,3.6288,58.7037,0.774317,0,0,0.580571,0.304593,0,0.66528,12.849,1,0.459837,0.36288,0,27.3446,5.93271,21.3149,0.84672,12.849,0.84672,3695.15,0,0,0,0.204422,2.27308,1.91113,1.38614,3.00249,0.42336,0,0.42336,460.49,0,0.919123,0,0,1.12355,0.204422,1.028160,1,0,24.3174,0,0,0,24.3174,0
63.9905,2.37796,0,0,1.59893,0.111822,0.36288,3.6288,58.5323,0.66528,0,0,0.797515,0.303621,0,0.66528,12.849,1,0.468308,0.36288,0,23.4442,5.93271,17.4061,0.84672,12.849,0.84672,3695.15,0,0,0,0.442662,2.27361,2.28383,1.38614,3.61396,0.42336,0,0.42336,460.49,0,1.02816,0,0,1.47082,0.442662,1.028160,1,0,21.02,0,0,0,21.02,0
62.6286,2.37099,0,0,1.48501,0.113074,0.36288,3.6288,58.2183,0.66528,0,0,0.641015,0.289739,0,0.66528,12.849,1,0.476084,0.36288,0,22.4923,5.56302,16.8161,0.84672,12.849,0.84672,3695.15,0,0,0,0.326134,2.27414,2.59475,1.24223,3.95279,0.42336,0,0.42336,460.49,0,1.02816,0,0,1.35429,0.326134,1.028160,1,0,20.7689,0,0,0,20.7689,0
62.4008,2.28331,0,0,2.57748,0.159091,0.36288,3.6288,57.8807,0.66528,0,0,0.580442,0.252759,0,0.66528,12.849,1,0.468448,0.36288,0,38.2159,5.09703,33.0133,0.84672,12.849,0.84672,3695.15,0,0,0,0.336701,2.27468,2.89279,1.16366,4.34052,0.42336,0,0.42336,460.49,0,1.02816,0,0,1.36486,0.336701,1.028160,1,0,37.3539,0,0,0,37.3539,0
61.9028,2.28254,0,0,2.35208,0.204699,0.36288,3.6288,57.5411,0.705879,0,0,0.597962,0.231719,0,0.66528,12.849,1,0.469999,0.36288,0,33.9739,4.13326,29.7336,0.84672,12.849,0.84672,3695.15,0,0,0,0.216518,2.18465,3.3221,0.918352,4.80491,0.42336,0,0.42336,460.49,0,0.987561,0,0,1.20408,0.216518,1.028160,1,0,34.5385,0,0,0,34.5385,0
61.7673,2.28005,0,0,2.72071,0.213242,0.36288,3.6288,57.7185,0.66528,0,0,1.07183,0.229116,0,0.66528,12.849,1,0.473264,0.36288,0,39.1476,4.07389,34.9633,0.84672,12.849,0.84672,3695.15,0,0,0,0.963749,2.18516,4.80546,0.91107,7.0433,0.42336,0,0.42336,460.49,0,1.02816,0,0,1.99191,0.963749,1.028160,1,0,42.0066,0,0,0,42.0066,0
61.5327,2.27983,0,0,2.62108,0.213004,0.36288,3.6288,57.8082,0.66528,0,0,0.984295,0.229379,0,0.66528,12.849,1,0.474257,0.36288,0,37.5459,4.07389,33.3606,0.84672,12.849,0.84672,3695.15,0,0,0,0.907148,2.18567,4.12188,0.91107,6.30363,0.42336,0,0.42336,460.49,0,1.02816,0,0,1.93531,0.907148,1.028160,1,0,39.6643,0,0,0,39.6643,0
65.1427,2.21365,0,0,6.42431,0.237784,0.36288,3.6288,59.2985,0.66528,0,0,2.37343,0.217793,0,0.66528,12.849,1,0.462245,0.36288,0,100.061,4.25988,95.7015,0.84672,12.849,0.84672,3695.15,0,0,0,3.25013,2.18618,11.9505,0.947843,16.4389,0.42336,0,0.42336,460.49,0,1.02816,0,0,4.27829,3.25013,1.028160,1,0,112.14,0,0,0,112.14,0
69.3476,2.23568,0,0,7.08295,0.279468,0.36288,3.6288,60.4316,0.66528,0,0,2.00242,0.204115,0,0.66528,12.849,1,0.440974,0.36288,0,129.39,4.50786,124.804,0.84672,12.849,0.84672,3695.15,0,0,0,2.08607,2.10579,10.2994,0.996873,13.4944,0.42336,0,0.42336,460.49,0,1.02816,0,0,3.11423,2.08607,1.028160,1,0,138.298,0,0,0,138.298,0
71.3511,2.25887,0,0,4.91421,0.288896,0.36288,3.6288,61.1267,0.66528,0,0,1.566,0.205596,0,0.66528,12.849,1,0.418533,0.36288,0,71.6697,4.50786,67.1061,0.84672,12.849,0.84672,3695.15,0,0,0,1.78344,2.10628,6.53469,0.996873,9.42754,0.42336,0,0.42336,460.49,0,1.02816,0,0,2.8116,1.78344,1.028160,1,0,76.5337,0,0,0,76.5337,0
72.29,2.26948,0,0,7.42633,0.290431,3.92757,3.6288,61.308,0.66528,0,0,2.32031,0.243079,1.23062,0.66528,12.849,1,0.40869,3.92757,0,109.276,4.48527,108.31,0.84672,12.849,0.84672,3695.15,0,0,0,3.0563,2.10677,8.1534,1.0536,12.2629,0.42336,0,0.42336,460.49,0,1.02816,0,0,4.08446,3.0563,1.028160,1,0,121.803,0,0,0,121.803,0
72.29,2.08398,0,0,8.67292,0.301039,6.28789,3.6288,61.308,0.66528,0,0,2.71725,0.249173,1.80279,0.66528,12.849,1,0.370412,6.28789,0,116.462,4.23815,118.141,0.84672,12.849,0.84672,3695.15,0,0,0,3.54542,2.10726,12.0938,1.08667,16.6598,0.42336,0,0.42336,460.49,0,1.02816,0,0,4.57358,3.54542,1.028160,1,0,136.604,0,0,0,136.604,0
72.29,2.08458,0,0,9.30925,0.297549,6.92712,3.6288,61.308,0.66528,0,0,3.21029,0.208005,2.337,0.66528,12.849,1,0.370518,6.92712,0,99.5535,3.85465,102.255,0.84672,12.849,0.84672,3695.15,0,0,0,3.12371,1.92785,8.00963,1.01508,12.0461,0.42336,0,0.42336,460.49,0,1.02816,0,0,4.15187,3.12371,1.028160,1,0,116.639,0,0,0,116.639,0
72.29,2.08518,0,0,9.40369,0.297549,7.02096,3.6288,61.308,0.66528,0,0,3.92959,0.208005,3.05631,0.66528,12.849,1,0.370624,7.02096,0,140.925,3.85465,143.721,0.84672,12.849,0.84672,3695.15,0,0,0,3.69152,1.9283,9.50875,1.01508,14.1135,0.42336,0,0.42336,460.49,0,1.02816,0,0,4.71968,3.69152,1.028160,1,0,160.891,0,0,0,160.891,0
72.29,2.08577,0,0,14.2194,0.297549,11.836,3.6288,61.308,0.66528,0,0,4.77912,0.208005,3.90584,0.66528,12.849,1,0.37073,11.836,0,161.896,3.85465,169.507,0.84672,12.849,0.84672,3695.15,0,0,0,4.1517,1.92875,14.9186,1.01508,19.984,0.42336,0,0.42336,460.49,0,1.02816,0,0,5.17986,4.1517,1.028160,1,0,193.397,0,0,0,193.397,0
72.29,2.08637,0,0,8.16826,0.313231,5.76866,3.6288,61.308,0.66528,0,0,4.15336,0.204323,3.28376,0.66528,12.849,1,0.370836,5.76866,0,124.132,4.00725,125.522,0.84672,12.849,0.84672,3695.15,0,0,0,3.37011,1.92919,7.53149,0.99116,11.8396,0.42336,0,0.42336,460.49,0,1.02816,0,0,4.39827,3.37011,1.028160,1,0,140.646,0,0,0,140.646,0
72.29,2.16037,0,0,8.89929,0.332571,6.40634,3.6288,61.308,0.66528,0,0,2.39124,0.184785,1.54118,0.66528,12.849,1,0.38399,6.40634,0,146.286,3.85386,148.454,0.84672,12.849,0.84672,3695.15,0,0,0,3.61907,1.92964,11.6286,1.01914,16.1581,0.42336,0,0.42336,460.49,0,1.02816,0,0,4.64723,3.61907,1.028160,1,0,166.153,0,0,0,166.153,0
72.29,2.16096,0,0,8.61261,0.331943,6.11971,3.6288,61.308,0.66528,0,0,2.20399,0.178933,1.35978,0.66528,12.849,1,0.384094,6.11971,0,168.352,3.71112,170.377,0.84672,12.849,0.84672,3695.15,0,0,0,4.20502,1.98624,15.9423,1.04309,21.0904,0.42336,0,0.42336,460.49,0,1.02816,0,0,5.23318,4.20502,1.028160,1,0,192.827,0,0,0,192.827,0
72.29,2.16155,0,0,7.93999,0.331943,5.44649,3.6288,61.308,0.66528,0,0,2.12026,0.178933,1.27604,0.66528,12.849,1,0.384199,5.44649,0,197.509,3.71112,198.86,0.84672,12.849,0.84672,3695.15,0,0,0,4.38309,1.98668,15.3007,1.04309,20.6273,0.42336,0,0.42336,460.49,0,1.02816,0,0,5.41125,4.38309,1.028160,1,0,220.763,0,0,0,220.763,0
72.29,2.16214,0,0,11.0031,0.331943,8.50904,3.6288,61.308,0.66528,0,0,1.94746,0.178933,1.10325,0.66528,12.849,1,0.384304,8.50904,0,207.638,3.71112,212.052,0.84672,12.849,0.84672,3695.15,0,0,0,4.19437,1.98712,16.5675,1.04309,21.7059,0.42336,0,0.42336,460.49,0,1.02816,0,0,5.22253,4.19437,1.028160,1,0,234.861,0,0,0,234.861,0
72.29,2.39872,0,0,11.1118,0.328519,8.38458,3.6288,61.308,0.66528,0,0,2.45237,0.195917,1.59117,0.66528,12.849,1,0.426354,8.38458,0,297.856,4.2849,301.53,0.84672,12.849,0.84672,3695.15,0,0,0,5.10076,1.98756,20.6589,1.0886,26.6587,0.42336,0,0.42336,460.49,0,1.02816,0,0,6.12892,5.10076,1.028160,1,0,329.779,0,0,0,329.779,0
72.29,2.39937,0,0,7.95628,0.33675,5.22016,3.6288,61.308,0.66528,0,0,2.08755,0.180213,1.24206,0.66528,12.849,1,0.426469,5.22016,0,170.268,4.42281,170.639,0.84672,12.849,0.84672,3695.15,0,0,0,3.69599,2.19024,19.3182,1.09944,24.105,0.42336,0,0.42336,460.49,0,1.02816,0,0,4.72415,3.69599,1.028160,1,0,195.986,0,0,0,195.986,0
72.29,2.40002,0,0,6.59057,0.33675,3.8538,3.6288,61.308,0.66528,0,0,1.42107,0.180213,0.57558,0.66528,12.849,1,0.426585,3.8538,0,107.647,4.42281,106.652,0.84672,12.849,0.84672,3695.15,0,0,0,2.46128,2.19073,12.1214,1.09944,15.674,0.42336,0,0.42336,460.49,0,1.02816,0,0,3.48944,2.46128,1.028160,1,0,122.901,0,0,0,122.901,0
72.29,2.40066,0,0,5.75518,0.33675,3.01777,3.6288,61.308,0.66528,0,0,1.34618,0.180213,0.500688,0.66528,12.849,1,0.4267,3.01777,0,109.665,4.42281,107.833,0.84672,12.849,0.84672,3695.15,0,0,0,2.10907,2.19122,9.91682,1.09944,13.1177,0.42336,0,0.42336,460.49,0,1.02816,0,0,3.13723,2.10907,1.028160,1,0,121.452,0,0,0,121.452,0
72.29,2.06438,0,0,6.76128,0.350909,4.34599,3.6288,61.308,0.66528,0,0,1.47056,0.14144,0.663842,0.66528,12.849,1,0.366928,4.34599,0,115.815,3.84191,115.952,0.84672,12.849,0.84672,3695.15,0,0,0,2.64214,2.19171,14.5505,0.96425,18.42,0.42336,0,0.42336,460.49,0,1.02816,0,0,3.6703,2.64214,1.028160,1,0,135.036,0,0,0,135.036,0
72.29,2.06495,0,0,12.4698,0.337514,10.0673,3.6288,61.308,0.66528,0,0,2.66664,0.159635,1.84173,0.66528,12.849,1,0.367029,10.0673,0,226.5,3.91923,232.281,0.84672,12.849,0.84672,3695.15,0,0,0,5.86571,1.91614,20.9157,0.951907,27.7457,0.42336,0,0.42336,460.49,0,1.02816,0,0,6.89387,5.86571,1.028160,1,0,261.869,0,0,0,261.869,0
72.29,2.06551,0,0,10.2671,0.337514,7.86406,3.6288,61.308,0.66528,0,0,1.73648,0.159635,0.911569,0.66528,12.849,1,0.367129,7.86406,0,236.473,3.91923,240.051,0.84672,12.849,0.84672,3695.15,0,0,0,4.68029,1.91656,17.3187,0.951907,22.9636,0.42336,0,0.42336,460.49,0,1.02816,0,0,5.70845,4.68029,1.028160,1,0,263.926,0,0,0,263.926,0
72.29,2.06608,0,0,7.85151,0.326805,5.45863,3.6288,61.308,0.66528,0,0,1.20877,0.167494,0.375997,0.66528,12.849,1,0.36723,5.45863,0,177.795,3.99822,178.888,0.84672,12.849,0.84672,3695.15,0,0,0,2.39386,1.91698,12.3068,0.981615,15.636,0.42336,0,0.42336,460.49,0,1.02816,0,0,3.42202,2.39386,1.028160,1,0,194.9,0,0,0,194.9,0
72.29,2.06665,0,0,6.60528,0.232955,4.30568,3.6288,61.308,0.66528,0,0,0.966367,0.207997,0.0930892,0.66528,12.849,1,0.367331,4.30568,0,136.147,4.76976,135.316,0.84672,12.849,0.84672,3695.15,0,0,0,1.42911,1.91741,8.75474,1.21766,10.8836,0.42336,0,0.42336,460.49,0,1.02816,0,0,2.45727,1.42911,1.028160,1,0,146.293,0,0,0,146.293,0
72.29,2.15212,0,0,10.42,0.302553,7.96533,3.6288,61.308,0.66528,0,0,2.79986,0.188287,1.94629,0.66528,12.849,1,0.382524,7.96533,0,191.705,3.78378,195.504,0.84672,12.849,0.84672,3695.15,0,0,0,4.70026,1.91783,22.3395,0.936536,28.021,0.42336,0,0.42336,460.49,0,1.02816,0,0,5.72842,4.70026,1.028160,1,0,225.472,0,0,0,225.472,0
72.29,2.15271,0,0,10.1475,0.316126,7.67867,3.6288,61.308,0.66528,0,0,2.99782,0.185446,2.1471,0.66528,12.849,1,0.382628,7.67867,0,190.217,3.59961,193.913,0.84672,12.849,0.84672,3695.15,0,0,0,4.57338,1.9864,22.595,0.885829,28.2689,0.42336,0,0.42336,460.49,0,1.02816,0,0,5.60154,4.57338,1.028160,1,0,224.329,0,0,0,224.329,0
72.29,2.1533,0,0,8.93143,0.301037,6.47709,3.6288,61.308,0.66528,0,0,2.26386,0.183781,1.4148,0.66528,12.849,1,0.382732,6.47709,0,142.011,3.69846,144.407,0.84672,12.849,0.84672,3695.15,0,0,0,3.61445,1.98684,14.2017,0.892257,18.9108,0.42336,0,0.42336,460.49,0,1.02816,0,0,4.64261,3.61445,1.028160,1,0,164.733,0,0,0,164.733,0
72.29,2.15389,0,0,7.12809,0.263314,4.71089,3.6288,61.308,0.66528,0,0,1.71914,0.179618,0.874237,0.66528,12.849,1,0.382837,4.71089,0,133.917,3.94558,134.299,0.84672,12.849,0.84672,3695.15,0,0,0,2.27731,1.98728,11.0305,0.908326,14.3868,0.42336,0,0.42336,460.49,0,1.02816,0,0,3.30547,2.27731,1.028160,1,0,149.56,0,0,0,149.56,0
72.29,2.12124,0,0,6.56735,0.260884,4.18523,3.6288,61.308,0.66528,0,0,1.75132,0.175024,0.911015,0.66528,12.849,1,0.377034,4.18523,0,136.902,3.48712,137.223,0.84672,12.849,0.84672,3695.15,0,0,0,2.18229,1.98772,11.0525,0.92587,14.2966,0.42336,0,0.42336,460.49,0,1.02816,0,0,3.21045,2.18229,1.028160,1,0,152.43,0,0,0,152.43,0
72.29,2.12182,0,0,6.29618,0.259061,3.9153,3.6288,61.308,0.66528,0,0,1.50136,0.171579,0.664505,0.66528,12.849,1,0.377137,3.9153,0,109.772,3.14328,110.167,0.84672,12.849,0.84672,3695.15,0,0,0,1.73761,1.96162,9.87215,0.939028,12.6324,0.42336,0,0.42336,460.49,0,1.02816,0,0,2.76577,1.73761,1.028160,1,0,123.464,0,0,0,123.464,0
72.29,2.1224,0,0,5.72201,0.248036,3.35158,3.6288,61.308,0.66528,0,0,1.38211,0.174076,0.542758,0.66528,12.849,1,0.37724,3.35158,0,92.5569,3.1934,92.3378,0.84672,12.849,0.84672,3695.15,0,0,0,1.44011,1.96206,9.11978,0.956809,11.5651,0.42336,0,0.42336,460.49,0,1.02816,0,0,2.46827,1.44011,1.028160,1,0,104.446,0,0,0,104.446,0
72.29,2.12298,0,0,5.11087,0.18189,2.806,3.6288,61.308,0.66528,0,0,1.26857,0.189061,0.414227,0.66528,12.849,1,0.377343,2.806,0,90.4634,3.49408,89.398,0.84672,12.849,0.84672,3695.15,0,0,0,1.27259,1.96249,8.96694,1.06349,11.1385,0.42336,0,0.42336,460.49,0,1.02816,0,0,2.30075,1.27259,1.028160,1,0,100.951,0,0,0,100.951,0
72.29,2.23647,0,0,5.38955,0.176178,2.9769,3.6288,61.308,0.66528,0,0,1.57933,0.187687,0.726365,0.66528,12.849,1,0.397516,2.9769,0,87.9224,3.51595,86.9858,0.84672,12.849,0.84672,3695.15,0,0,0,1.35715,1.96293,7.74412,1.03965,10.0245,0.42336,0,0.42336,460.49,0,1.02816,0,0,2.38531,1.35715,1.028160,1,0,97.7367,0,0,0,97.7367,0
72.29,2.23708,0,0,5.10166,0.141907,2.72267,3.6288,61.308,0.66528,0,0,1.43257,0.179442,0.587851,0.66528,12.849,1,0.397624,2.72267,0,82.1742,3.64717,80.8521,0.84672,12.849,0.84672,3695.15,0,0,0,1.4924,2.05646,7.29933,0.896615,9.95157,0.42336,0,0.42336,460.49,0,1.02816,0,0,2.52056,1.4924,1.028160,1,0,91.3915,0,0,0,91.3915,0
72.29,2.23769,0,0,4.94199,0.141907,2.5624,3.6288,61.308,0.66528,0,0,1.29498,0.179442,0.450259,0.66528,12.849,1,0.397732,2.5624,0,73.7916,3.64717,72.3091,0.84672,12.849,0.84672,3695.15,0,0,0,1.34057,2.05692,7.06631,0.896615,9.56718,0.42336,0,0.42336,460.49,0,1.02816,0,0,2.36873,1.34057,1.028160,1,0,82.3266,0,0,0,82.3266,0
72.29,2.23829,0,0,4.64062,0.141907,2.26042,3.6288,61.308,0.66528,0,0,1.21402,0.179442,0.369302,0.66528,12.849,1,0.39784,2.26042,0,68.2033,3.64717,66.4187,0.84672,12.849,0.84672,3695.15,0,0,0,1.0514,2.05738,6.59453,0.896615,8.8067,0.42336,0,0.42336,460.49,0,1.02816,0,0,2.07956,1.0514,1.028160,1,0,75.5947,0,0,0,75.5947,0
72.29,2.2389,0,0,4.39489,0.0998068,2.05618,3.6288,61.308,0.66528,0,0,1.14365,0.239423,0.238948,0.66528,12.849,1,0.397948,2.05618,0,63.123,4.46209,60.3191,0.84672,12.849,0.84672,3695.15,0,0,0,0.770118,2.05784,5.57555,1.11483,7.28867,0.42336,0,0.42336,460.49,0,1.02816,0,0,1.79828,0.770118,1.028160,1,0,67.8467,0,0,0,67.8467,0
72.29,2.21715,0,0,4.09727,0.0833572,1.79676,3.6288,61.308,0.66528,0,0,1.34559,0.268565,0.411748,0.66528,12.849,1,0.394082,1.79676,0,54.5559,4.92128,51.0373,0.84672,12.849,0.84672,3695.15,0,0,0,1.50725,2.05829,6.99985,1.26198,9.30341,0.42336,0,0.42336,460.49,0,1.02816,0,0,2.53541,1.50725,1.028160,1,0,60.7525,0,0,0,60.7525,0
72.29,2.21775,0,0,3.69743,0.0858782,1.3938,3.6288,61.308,0.66528,0,0,1.24367,0.265925,0.312463,0.66528,12.849,1,0.394189,1.3938,0,70.3013,4.89594,66.4049,0.84672,12.849,0.84672,3695.15,0,0,0,1.58503,2.09133,8.00142,1.25923,10.4185,0.42336,0,0.42336,460.49,0,1.02816,0,0,2.61319,1.58503,1.028160,1,0,77.1359,0,0,0,77.1359,0
72.29,2.21835,0,0,3.29212,0.0858782,0.987883,3.6288,61.308,0.66528,0,0,1.12194,0.265925,0.190734,0.66528,12.849,1,0.394296,0.987883,0,72.0688,4.89594,67.7665,0.84672,12.849,0.84672,3695.15,0,0,0,1.41519,2.0918,7.98958,1.25923,10.2373,0.42336,0,0.42336,460.49,0,1.02816,0,0,2.44335,1.41519,1.028160,1,0,78.1946,0,0,0,78.1946,0
72.29,2.21896,0,0,3.08045,0.0858782,0.775619,3.6288,61.308,0.66528,0,0,1.07121,0.265925,0.140008,0.66528,12.849,1,0.394403,0.775619,0,67.271,4.89594,62.7563,0.84672,12.849,0.84672,3695.15,0,0,0,1.35971,2.09227,7.62238,1.25923,9.81513,0.42336,0,0.42336,460.49,0,1.02816,0,0,2.38787,1.35971,1.028160,1,0,72.7115,0,0,0,72.7115,0
72.29,2.27735,0,0,2.86616,0.0717404,0.517072,3.6288,61.2743,0.66528,0,0,0.917867,0.286331,0,0.66528,12.849,1,0.404782,0.517072,0,54.7389,5.34184,49.5093,0.84672,12.849,0.84672,3695.15,0,0,0,1.03771,2.09273,6.48026,1.37154,8.23916,0.42336,0,0.42336,460.49,0,1.02816,0,0,2.06587,1.03771,1.028160,1,0,57.7485,0,0,0,57.7485,0
72.29,2.27797,0,0,2.74449,0.064053,0.402466,3.6288,61.0549,0.66528,0,0,0.741277,0.295341,0,0.66528,12.849,1,0.404892,0.402466,0,58.8475,5.68302,53.162,0.84672,12.849,0.84672,3695.15,0,0,0,1.06777,2.13942,5.8216,1.43554,7.59326,0.42336,0,0.42336,460.49,0,1.02816,0,0,2.09593,1.06777,1.028160,1,0,60.7553,0,0,0,60.7553,0
72.1441,2.27859,0,0,2.55965,0.064053,0.36288,3.6288,60.7513,0.66528,0,0,0.656571,0.294931,0,0.66528,12.849,1,0.405001,0.36288,0,46.5541,5.68302,40.829,0.84672,12.849,0.84672,3695.15,0,0,0,1.04077,2.1399,5.31377,1.43554,7.05891,0.42336,0,0.42336,460.49,0,1.02816,0,0,2.06893,1.04077,1.028160,1,0,47.8879,0,0,0,47.8879,0
71.767,2.27851,0,0,2.32824,0.0639821,0.36288,3.6288,60.4084,0.66528,0,0,0.616725,0.294364,0,0.66528,12.849,1,0.405806,0.36288,0,42.808,5.68302,37.0821,0.84672,12.849,0.84672,3695.15,0,0,0,0.71699,2.14038,4.86325,1.43554,6.28508,0.42336,0,0.42336,460.49,0,1.02816,0,0,1.74515,0.71699,1.028160,1,0,43.3671,0,0,0,43.3671,0
71.5379,2.44654,0,0,2.63416,0.0538058,0.36288,3.6288,60.2053,0.66528,0,0,0.749805,0.287568,0,0.66528,12.849,1,0.438022,0.36288,0,44.0227,5.82452,38.123,0.84672,12.849,0.84672,3695.15,0,0,0,1.33228,2.14086,7.12987,1.47241,9.13059,0.42336,0,0.42336,460.49,0,1.02816,0,0,2.36044,1.33228,1.028160,1,0,47.2536,0,0,0,47.2536,0
71.4071,2.446,0,0,2.70016,0.0220956,0.36288,3.6288,59.7677,0.66528,0,0,0.58336,0.355679,0,0.66528,12.849,1,0.439329,0.36288,0,40.6274,6.29716,34.2538,0.84672,12.849,0.84672,3695.15,0,0,0,0.828688,2.29965,4.9232,1.50112,6.55041,0.42336,0,0.42336,460.49,0,1.02816,0,0,1.85685,0.828688,1.028160,1,0,40.8042,0,0,0,40.8042,0
71.5395,2.44598,0,0,2.9633,0.0220735,0.36288,3.6288,59.4681,0.66528,0,0,0.72037,0.354689,0,0.66528,12.849,1,0.44013,0.36288,0,52.2499,6.29716,45.8755,0.84672,12.849,0.84672,3695.15,0,0,0,1.2788,2.30016,5.37062,1.50112,7.44845,0.42336,0,0.42336,460.49,0,1.02816,0,0,2.30696,1.2788,1.028160,1,0,53.3239,0,0,0,53.3239,0
71.0878,2.44733,0,0,2.38057,0.0220959,0.36288,3.6288,58.9699,0.66528,0,0,0.521033,0.35401,0,0.66528,12.849,1,0.439557,0.36288,0,51.0567,6.29716,44.6829,0.84672,12.849,0.84672,3695.15,0,0,0,0.573445,2.30068,4.3114,1.50112,5.6844,0.42336,0,0.42336,460.49,0,1.02816,0,0,1.60161,0.573445,1.028160,1,0,50.3673,0,0,0,50.3673,0
71.222,2.44562,0,0,2.96475,0.0220197,0.36288,3.6288,58.8422,0.66528,0,0,0.890539,0.352882,0,0.66528,12.849,1,0.442042,0.36288,0,46.6304,6.29716,40.2541,0.84672,12.849,0.84672,3695.15,0,0,0,2.00148,2.3012,6.6663,1.50112,9.46785,0.42336,0,0.42336,460.49,0,1.02816,0,0,3.02964,2.00148,1.028160,1,0,49.7219,0,0,0,49.7219,0
71.5126,2.3645,0,0,2.99373,-0.0242318,0.36288,3.6288,58.8622,0.66528,0,0,1.06657,0.381324,0,0.66528,12.849,1,0.426575,0.36288,0,73.4889,6.55737,66.8678,0.84672,12.849,0.84672,3695.15,0,0,0,1.89837,2.30171,9.92666,1.40761,12.7191,0.42336,0,0.42336,460.49,0,1.02816,0,0,2.92653,1.89837,1.028160,1,0,79.587,0,0,0,79.587,0
72.29,2.36661,0,0,3.55035,-0.00497152,0.411287,3.6288,59.0933,0.66528,0,0,1.27157,0.375193,0,0.66528,12.849,1,0.42522,0.411287,0,68.6483,6.69937,61.9349,0.84672,12.849,0.84672,3695.15,0,0,0,2.23171,2.2105,11.0695,1.39508,14.1166,0.42336,0,0.42336,460.49,0,1.02816,0,0,3.25987,2.23171,1.028160,1,0,76.0516,0,0,0,76.0516,0
72.29,2.37113,0,0,4.99853,0.0248982,2.60249,3.6288,59.4528,0.66528,0,0,1.38008,0.355337,0,0.66528,12.849,1,0.421451,2.60249,0,76.6221,6.53373,72.2694,0.84672,12.849,0.84672,3695.15,0,0,0,2.65943,2.21099,9.86368,1.33818,13.3959,0.42336,0,0.42336,460.49,0,1.02816,0,0,3.68759,2.65943,1.028160,1,0,85.6653,0,0,0,85.6653,0
72.29,2.37177,0,0,6.86267,0.0248982,4.466,3.6288,60.6635,0.66528,0,0,2.23216,0.356156,0,0.66528,12.849,1,0.421565,4.466,0,147.204,6.53373,144.715,0.84672,12.849,0.84672,3695.15,0,0,0,5.05839,2.21149,17.5033,1.33818,23.435,0.42336,0,0.42336,460.49,0,1.02816,0,0,6.08655,5.05839,1.028160,1,0,168.15,0,0,0,168.15,0
72.29,2.30449,0,0,6.38004,0.0618067,4.01374,3.6288,61.308,0.66528,0,0,2.23597,0.314646,0.611531,0.66528,12.849,1,0.409606,4.01374,0,171.509,5.92779,169.186,0.84672,12.849,0.84672,3695.15,0,0,0,3.92676,2.21198,14.8942,1.25456,19.7783,0.42336,0,0.42336,460.49,0,1.02816,0,0,4.95492,3.92676,1.028160,1,0,189.575,0,0,0,189.575,0
72.29,2.30512,0,0,8.90015,0.154078,6.44096,3.6288,61.308,0.66528,0,0,2.94914,0.204808,2.07906,0.66528,12.849,1,0.409717,6.44096,0,252.518,4.41294,254.136,0.84672,12.849,0.84672,3695.15,0,0,0,3.87415,2.13053,20.8237,1.04548,25.7829,0.42336,0,0.42336,460.49,0,1.02816,0,0,4.90231,3.87415,1.028160,1,0,281.998,0,0,0,281.998,0
72.29,2.30574,0,0,10.4304,0.154078,7.97056,3.6288,61.308,0.66528,0,0,2.66481,0.204808,1.79472,0.66528,12.849,1,0.409828,7.97056,0,265.062,4.41294,268.21,0.84672,12.849,0.84672,3695.15,0,0,0,3.53711,2.13101,19.7262,1.04548,24.3488,0.42336,0,0.42336,460.49,0,1.02816,0,0,4.56527,3.53711,1.028160,1,0,294.354,0,0,0,294.354,0
72.29,2.30636,0,0,10.9206,0.154078,8.46017,3.6288,61.308,0.66528,0,0,3.64897,0.204808,2.77888,0.66528,12.849,1,0.409938,8.46017,0,207.901,4.41294,211.538,0.84672,12.849,0.84672,3695.15,0,0,0,5.10775,2.13148,23.6161,1.04548,29.8098,0.42336,0,0.42336,460.49,0,1.02816,0,0,6.13591,5.10775,1.028160,1,0,244.127,0,0,0,244.127,0
72.29,2.11391,0,0,9.88615,0.162504,7.60974,3.6288,61.308,0.66528,0,0,3.8109,0.183073,2.96254,0.66528,12.849,1,0.375731,7.60974,0,347.961,3.73334,351.462,0.84672,12.849,0.84672,3695.15,0,0,0,5.34721,2.13196,23.6838,0.950358,30.2126,0.42336,0,0.42336,460.49,0,1.02816,0,0,6.37537,5.34721,1.028160,1,0,384.637,0,0,0,384.637,0
72.29,2.11448,0,0,5.96182,0.242101,3.60524,3.6288,61.308,0.66528,0,0,1.78165,0.200057,0.916309,0.66528,12.849,1,0.375833,3.60524,0,111.442,4.62714,110.044,0.84672,12.849,0.84672,3695.15,0,0,0,5.07372,1.95024,15.7781,1.06738,21.7347,0.42336,0,0.42336,460.49,0,1.02816,0,0,6.10188,5.07372,1.028160,1,0,132.695,0,0,0,132.695,0
72.29,2.11506,0,0,10.0387,0.242101,7.68157,3.6288,61.308,0.66528,0,0,2.46141,0.200057,1.59607,0.66528,12.849,1,0.375936,7.68157,0,176.332,4.62714,179.011,0.84672,12.849,0.84672,3695.15,0,0,0,5.6345,1.95067,16.6111,1.06738,23.1289,0.42336,0,0.42336,460.49,0,1.02816,0,0,6.66266,5.6345,1.028160,1,0,203.735,0,0,0,203.735,0
72.29,2.11563,0,0,18.2458,0.234996,15.8951,3.6288,61.308,0.66528,0,0,15.5553,0.228125,14.6619,0.66528,12.849,1,0.376038,15.8951,0,481.058,4.7307,491.846,0.84672,12.849,0.84672,3695.15,0,0,0,9.35539,1.9511,44.1856,1.14729,54.3448,0.42336,0,0.42336,460.49,0,1.02816,0,0,10.3836,9.35539,1.028160,1,0,560.853,0,0,0,560.853,0
72.29,2.11621,0,0,11.3383,0.221244,9.00082,3.6288,61.308,0.66528,0,0,10.1478,0.202733,9.27975,0.66528,12.849,1,0.376141,9.00082,0,245.71,4.22179,250.112,0.84672,12.849,0.84672,3695.15,0,0,0,3.95715,1.95153,28.5022,0.990096,33.4208,0.42336,0,0.42336,460.49,0,1.02816,0,0,4.98531,3.95715,1.028160,1,0,292.813,0,0,0,292.813,0
72.29,2.19113,0,0,9.42192,0.231974,6.99881,3.6288,61.308,0.66528,0,0,3.01959,0.209527,2.14479,0.66528,12.849,1,0.389457,6.99881,0,179.146,3.95678,181.799,0.84672,12.849,0.84672,3695.15,0,0,0,6.44472,1.95196,19.9466,1.00684,27.3365,0.42336,0,0.42336,460.49,0,1.02816,0,0,7.47288,6.44472,1.028160,1,0,211.28,0,0,0,211.28,0
72.29,2.1917,0,0,6.84424,0.261969,4.39057,3.6288,61.308,0.66528,0,0,1.83372,0.247222,0.921217,0.66528,12.849,1,0.389558,4.39057,0,166.711,4.33398,166.378,0.84672,12.849,0.84672,3695.15,0,0,0,3.11005,2.00926,13.074,1.20932,16.984,0.42336,0,0.42336,460.49,0,1.02816,0,0,4.13821,3.11005,1.028160,1,0,184.284,0,0,0,184.284,0
72.29,2.19227,0,0,6.51948,0.261969,4.06524,3.6288,61.308,0.66528,0,0,1.60935,0.247222,0.696845,0.66528,12.849,1,0.38966,4.06524,0,164.203,4.33398,163.545,0.84672,12.849,0.84672,3695.15,0,0,0,2.381,2.00969,11.4642,1.20932,14.6455,0.42336,0,0.42336,460.49,0,1.02816,0,0,3.40916,2.381,1.028160,1,0,178.887,0,0,0,178.887,0
72.29,2.19284,0,0,6.87338,0.261969,4.41857,3.6288,61.308,0.66528,0,0,1.67484,0.247222,0.762336,0.66528,12.849,1,0.389761,4.41857,0,136.638,4.33398,136.333,0.84672,12.849,0.84672,3695.15,0,0,0,3.64076,2.01011,12.8491,1.20932,17.2906,0.42336,0,0.42336,460.49,0,1.02816,0,0,4.66892,3.64076,1.028160,1,0,154.386,0,0,0,154.386,0
72.29,2.4324,0,0,6.127,0.260163,3.43444,3.6288,61.308,0.66528,0,0,1.78001,0.255307,0.859426,0.66528,12.849,1,0.43234,3.43444,0,143.049,4.20902,141.842,0.84672,12.849,0.84672,3695.15,0,0,0,3.24316,2.01054,12.8045,1.19721,16.861,0.42336,0,0.42336,460.49,0,1.02816,0,0,4.27132,3.24316,1.028160,1,0,159.563,0,0,0,159.563,0
72.29,2.43302,0,0,4.38319,0.296231,1.65394,3.6288,61.308,0.66528,0,0,1.59863,0.24577,0.687583,0.66528,12.849,1,0.432452,1.65394,0,126.052,4.0697,123.204,0.84672,12.849,0.84672,3695.15,0,0,0,2.42395,2.21577,8.21389,1.17332,11.6803,0.42336,0,0.42336,460.49,0,1.02816,0,0,3.45211,2.42395,1.028160,1,0,135.572,0,0,0,135.572,0
72.29,2.43365,0,0,6.74566,0.296231,4.01578,3.6288,61.308,0.66528,0,0,1.84556,0.24577,0.934514,0.66528,12.849,1,0.432563,4.01578,0,115.947,4.0697,115.461,0.84672,12.849,0.84672,3695.15,0,0,0,3.32026,2.21625,11.431,1.17332,15.7942,0.42336,0,0.42336,460.49,0,1.02816,0,0,4.34842,3.32026,1.028160,1,0,132.189,0,0,0,132.189,0
72.29,2.43428,0,0,4.83021,0.289896,2.10604,3.6288,61.308,0.66528,0,0,1.65286,0.245339,0.742239,0.66528,12.849,1,0.432675,2.10604,0,116.149,3.8976,113.925,0.84672,12.849,0.84672,3695.15,0,0,0,2.43913,2.21672,8.79267,1.14174,12.3068,0.42336,0,0.42336,460.49,0,1.02816,0,0,3.46729,2.43913,1.028160,1,0,126.974,0,0,0,126.974,0
72.29,2.09372,0,0,5.28809,0.329605,2.86477,3.6288,61.308,0.66528,0,0,1.90164,0.220319,1.01604,0.66528,12.849,1,0.372143,2.86477,0,138.844,3.63083,137.706,0.84672,12.849,0.84672,3695.15,0,0,0,3.19592,2.2172,15.3099,1.11841,19.6046,0.42336,0,0.42336,460.49,0,1.02816,0,0,4.22408,3.19592,1.028160,1,0,158.326,0,0,0,158.326,0
72.29,2.09427,0,0,6.56916,0.283042,4.19186,3.6288,61.308,0.66528,0,0,3.48376,0.206436,2.61204,0.66528,12.849,1,0.37224,4.19186,0,272.499,3.82441,272.494,0.84672,12.849,0.84672,3695.15,0,0,0,5.20095,1.93812,15.6051,0.924954,21.8193,0.42336,0,0.42336,460.49,0,1.02816,0,0,6.22911,5.20095,1.028160,1,0,296.925,0,0,0,296.925,0
72.29,2.09481,0,0,7.29242,0.283042,4.91456,3.6288,61.308,0.66528,0,0,2.56082,0.206436,1.6891,0.66528,12.849,1,0.372337,4.91456,0,207.37,3.82441,208.088,0.84672,12.849,0.84672,3695.15,0,0,0,6.51323,1.93853,16.326,0.924954,23.8528,0.42336,0,0.42336,460.49,0,1.02816,0,0,7.54139,6.51323,1.028160,1,0,233.63,0,0,0,233.63,0
72.29,2.09536,0,0,13.3419,0.283042,10.9635,3.6288,61.308,0.66528,0,0,5.54517,0.206436,4.67345,0.66528,12.849,1,0.372435,10.9635,0,226.382,3.82441,233.148,0.84672,12.849,0.84672,3695.15,0,0,0,9.079,1.93894,23.9443,0.924954,34.0373,0.42336,0,0.42336,460.49,0,1.02816,0,0,10.1072,9.079,1.028160,1,0,271.859,0,0,0,271.859,0
72.29,2.09591,0,0,8.15642,0.284638,5.77587,3.6288,61.308,0.66528,0,0,2.74081,0.138308,1.93722,0.66528,12.849,1,0.372532,5.77587,0,203.947,3.51184,205.839,0.84672,12.849,0.84672,3695.15,0,0,0,4.99083,1.93935,15.8904,0.812306,22.0083,0.42336,0,0.42336,460.49,0,1.02816,0,0,6.01899,4.99083,1.028160,1,0,229.784,0,0,0,229.784,0
72.29,2.18244,0,0,6.63777,0.304299,4.15103,3.6288,61.308,0.66528,0,0,2.90327,0.188643,2.04935,0.66528,12.849,1,0.387912,4.15103,0,171.234,3.89774,171.1,0.84672,12.849,0.84672,3695.15,0,0,0,5.03817,1.93976,14.3916,0.951716,20.4179,0.42336,0,0.42336,460.49,0,1.02816,0,0,6.06633,5.03817,1.028160,1,0,193.567,0,0,0,193.567,0
72.29,2.18301,0,0,6.60217,0.295484,4.12368,3.6288,61.308,0.66528,0,0,4.58103,0.209596,3.70616,0.66528,12.849,1,0.388013,4.12368,0,198.097,4.23958,197.593,0.84672,12.849,0.84672,3695.15,0,0,0,7.03236,2.00917,17.7047,1.04736,25.6989,0.42336,0,0.42336,460.49,0,1.02816,0,0,8.06052,7.03236,1.028160,1,0,226.998,0,0,0,226.998,0
72.29,2.18358,0,0,7.21094,0.295484,4.73188,3.6288,61.308,0.66528,0,0,4.77447,0.209596,3.8996,0.66528,12.849,1,0.388114,4.73188,0,175.55,4.23958,175.654,0.84672,12.849,0.84672,3695.15,0,0,0,7.9577,2.0096,21.1923,1.04736,30.1122,0.42336,0,0.42336,460.49,0,1.02816,0,0,8.98586,7.9577,1.028160,1,0,209.666,0,0,0,209.666,0
72.29,2.18414,0,0,6.61616,0.295484,4.13653,3.6288,61.308,0.66528,0,0,3.69253,0.209596,2.81765,0.66528,12.849,1,0.388215,4.13653,0,202.62,4.23958,202.129,0.84672,12.849,0.84672,3695.15,0,0,0,6.14494,2.01003,16.6193,1.04736,23.7269,0.42336,0,0.42336,460.49,0,1.02816,0,0,7.1731,6.14494,1.028160,1,0,228.673,0,0,0,228.673,0
72.29,2.15106,0,0,5.31269,0.279016,2.88261,3.6288,61.308,0.66528,0,0,2.58394,0.217435,1.70122,0.66528,12.849,1,0.382335,2.88261,0,131.492,4.21619,129.776,0.84672,12.849,0.84672,3695.15,0,0,0,4.6099,2.01045,12.4664,1.06327,18.0235,0.42336,0,0.42336,460.49,0,1.02816,0,0,5.63806,4.6099,1.028160,1,0,149.501,0,0,0,149.501,0
72.29,2.15162,0,0,4.73939,0.274509,2.31325,3.6288,61.308,0.66528,0,0,1.45746,0.230532,0.561652,0.66528,12.849,1,0.382435,2.31325,0,111.597,4.46544,109.062,0.84672,12.849,0.84672,3695.15,0,0,0,2.59313,1.98401,8.73539,1.08452,12.228,0.42336,0,0.42336,460.49,0,1.02816,0,0,3.62129,2.59313,1.028160,1,0,121.852,0,0,0,121.852,0
72.29,2.15218,0,0,4.47349,0.274509,2.0468,3.6288,61.308,0.66528,0,0,1.33243,0.230532,0.436614,0.66528,12.849,1,0.382534,2.0468,0,102.814,4.46544,100.013,0.84672,12.849,0.84672,3695.15,0,0,0,1.95168,1.98443,7.74403,1.08452,10.5956,0.42336,0,0.42336,460.49,0,1.02816,0,0,2.97984,1.95168,1.028160,1,0,111.045,0,0,0,111.045,0
72.29,2.15275,0,0,4.1395,0.274509,1.71225,3.6288,61.308,0.66528,0,0,1.2504,0.230532,0.354586,0.66528,12.849,1,0.382634,1.71225,0,94.354,4.46544,91.2182,0.84672,12.849,0.84672,3695.15,0,0,0,1.73546,1.98485,6.80383,1.08452,9.43961,0.42336,0,0.42336,460.49,0,1.02816,0,0,2.76362,1.73546,1.028160,1,0,101.012,0,0,0,101.012,0
72.29,2.26763,0,0,3.80027,0.243988,1.28865,3.6288,61.308,0.66528,0,0,1.15738,0.254595,0.237505,0.66528,12.849,1,0.403055,1.28865,0,83.395,4.73927,79.5413,0.84672,12.849,0.84672,3695.15,0,0,0,1.64503,1.98527,6.37304,1.09501,8.90833,0.42336,0,0.42336,460.49,0,1.02816,0,0,2.67319,1.64503,1.028160,1,0,88.6872,0,0,0,88.6872,0
72.29,2.26822,0,0,4.10956,0.20073,1.64061,3.6288,61.308,0.66528,0,0,1.1181,0.281795,0.171027,0.66528,12.849,1,0.403159,1.64061,0,89.1432,4.81321,85.5674,0.84672,12.849,0.84672,3695.15,0,0,0,1.33065,2.07995,6.12123,1.13331,8.39852,0.42336,0,0.42336,460.49,0,1.02816,0,0,2.35881,1.33065,1.028160,1,0,94.137,0,0,0,94.137,0
72.29,2.26881,0,0,3.81105,0.164772,1.37747,3.6288,61.308,0.66528,0,0,1.02766,0.272127,0.090252,0.66528,12.849,1,0.403263,1.37747,0,85.8669,4.89415,81.947,0.84672,12.849,0.84672,3695.15,0,0,0,1.04871,2.0804,5.70129,1.10449,7.72591,0.42336,0,0.42336,460.49,0,1.02816,0,0,2.07687,1.04871,1.028160,1,0,89.7631,0,0,0,89.7631,0
72.29,2.2694,0,0,3.599,0.164772,1.16483,3.6288,61.308,0.66528,0,0,1.03213,0.272127,0.0947187,0.66528,12.849,1,0.403368,1.16483,0,73.859,4.89415,69.7263,0.84672,12.849,0.84672,3695.15,0,0,0,1.27048,2.08084,5.18743,1.10449,7.43425,0.42336,0,0.42336,460.49,0,1.02816,0,0,2.29864,1.27048,1.028160,1,0,77.2553,0,0,0,77.2553,0
72.29,2.26998,0,0,3.45257,0.164772,1.01781,3.6288,61.308,0.66528,0,0,0.988986,0.272127,0.0515793,0.66528,12.849,1,0.403472,1.01781,0,67.7886,4.89415,63.5088,0.84672,12.849,0.84672,3695.15,0,0,0,1.21284,2.08128,4.84067,1.10449,7.0303,0.42336,0,0.42336,460.49,0,1.02816,0,0,2.241,1.21284,1.028160,1,0,70.5906,0,0,0,70.5906,0
71.9033,2.24794,0,0,2.3663,0.142212,0.36288,3.6288,60.9583,0.66528,0,0,0.610556,0.294939,0,0.66528,12.849,1,0.399554,0.36288,0,49.8411,5.47221,44.3323,0.84672,12.849,0.84672,3695.15,0,0,0,0.718191,2.08172,3.2952,1.27885,4.81626,0.42336,0,0.42336,460.49,0,1.02816,0,0,1.74635,0.718191,1.028160,1,0,49.1485,0,0,0,49.1485,0
71.0053,2.2467,0,0,1.85028,0.138705,0.36288,3.6288,60.48,0.66528,0,0,0.482071,0.295157,0,0.66528,12.849,1,0.401481,0.36288,0,39.8608,5.69457,34.1276,0.84672,12.849,0.84672,3695.15,0,0,0,0.485395,2.11516,2.6313,1.32126,3.9106,0.42336,0,0.42336,460.49,0,1.02816,0,0,1.51356,0.485395,1.028160,1,0,38.0382,0,0,0,38.0382,0
69.9835,2.24298,0,0,1.7218,0.137757,0.36288,3.6288,59.9694,0.66528,0,0,0.449004,0.294263,0,0.66528,12.849,1,0.405886,0.36288,0,36.2684,5.69457,30.5308,0.84672,12.849,0.84672,3695.15,0,0,0,0.343976,2.11561,2.57759,1.32126,3.71591,0.42336,0,0.42336,460.49,0,1.02816,0,0,1.37214,0.343976,1.028160,1,0,34.2467,0,0,0,34.2467,0
68.9216,2.23855,0,0,1.67624,0.136678,0.36288,3.6288,59.4181,0.685541,0,0,0.427482,0.293308,0,0.66528,12.849,1,0.410999,0.36288,0,32.4541,5.69457,26.7114,0.84672,12.849,0.84672,3695.15,0,0,0,0.261274,2.11606,2.55087,1.32126,3.60695,0.42336,0,0.42336,460.49,0,1.0079,0,0,1.26917,0.261274,1.028160,1,0,30.3183,0,0,0,30.3183,0
67.7193,2.29187,0,0,1.56406,0.111633,0.36288,3.6288,58.7627,0.761607,0,0,0.414201,0.307961,0,0.66528,12.849,1,0.427272,0.36288,0,29.9367,5.89508,23.9773,0.84672,12.849,0.84672,3695.15,0,0,0,0.261274,2.11651,2.43551,1.41943,3.39387,0.42336,0,0.42336,460.49,0,0.931833,0,0,1.19311,0.261274,1.028160,1,0,27.3711,0,0,0,27.3711,0
66.6556,2.28609,0,0,1.68923,0.103963,0.36288,3.6288,58.365,0.66528,0,0,0.567363,0.29982,0,0.66528,12.849,1,0.43376,0.36288,0,38.4992,5.9977,32.4307,0.84672,12.849,0.84672,3695.15,0,0,0,0.46758,2.16376,2.68737,1.42872,3.88999,0.42336,0,0.42336,460.49,0,1.02816,0,0,1.49574,0.46758,1.028160,1,0,36.3206,0,0,0,36.3206,0
65.4637,2.28087,0,0,1.55503,0.103094,0.36288,3.6288,57.8816,0.66528,0,0,0.480992,0.299054,0,0.66528,12.849,1,0.439677,0.36288,0,31.6228,5.9977,25.5483,0.84672,12.849,0.84672,3695.15,0,0,0,0.558291,2.16422,2.59843,1.42872,3.89222,0.42336,0,0.42336,460.49,0,1.02816,0,0,1.58645,0.558291,1.028160,1,0,29.4406,0,0,0,29.4406,0
64.1478,2.27477,0,0,1.42387,0.10212,0.36288,3.6288,57.3637,0.66528,0,0,0.445499,0.298123,0,0.66528,12.849,1,0.446484,0.36288,0,30.0574,5.9977,23.9761,0.84672,12.849,0.84672,3695.15,0,0,0,0.327983,2.16468,2.28399,1.42872,3.34794,0.42336,0,0.42336,460.49,0,1.02816,0,0,1.35614,0.327983,1.028160,1,0,27.3241,0,0,0,27.3241,0
62.7615,2.436,0,0,1.50441,0.0918496,0.36288,3.6288,56.9077,0.66528,0,0,0.511425,0.302176,0,0.66528,12.849,1,0.487939,0.36288,0,29.4792,6.14726,23.2069,0.84672,12.849,0.84672,3695.15,0,0,0,0.599219,2.16515,3.02143,1.4586,4.32719,0.42336,0,0.42336,460.49,0,1.02816,0,0,1.62738,0.599219,1.028160,1,0,27.5341,0,0,0,27.5341,0
61.1438,2.42768,0,0,1.29659,0.123774,0.36288,3.6288,56.381,0.707711,0,0,0.437901,0.256875,0,0.66528,12.849,1,0.497012,0.36288,0,25.1466,5.2434,19.7691,0.84672,12.849,0.84672,3695.15,0,0,0,0.227405,2.32588,3.26254,1.19971,4.61612,0.42336,0,0.42336,460.49,0,0.985729,0,0,1.21313,0.227405,1.028160,1,0,24.3852,0,0,0,24.3852,0
59.4609,2.41743,0,0,1.221,0.123567,0.36288,3.6288,55.7743,0.781903,0,0,0.432594,0.257346,0,0.66528,12.849,1,0.508009,0.36288,0,22.9381,5.166,17.6269,0.84672,12.849,0.84672,3695.15,0,0,0,0.204422,2.32638,2.45137,1.16617,3.816,0.42336,0,0.42336,460.49,0,0.911537,0,0,1.11596,0.204422,1.028160,1,0,21.4429,0,0,0,21.4429,0
57.4875,2.40623,0,0,0.928705,0.133034,0.36288,3.6288,55.0197,0.870644,0,0,0.372549,0.256523,0,0.66528,12.849,1,0.519966,0.36288,0,22.2383,5.2215,16.8597,0.84672,12.849,0.84672,3695.15,0,0,0,0.204422,2.32688,2.07958,1.1553,3.45558,0.42336,0,0.42336,460.49,0,0.822796,0,0,1.02722,0.204422,1.028160,1,0,20.3153,0,0,0,20.3153,0
55.6325,2.39225,0,0,1.03508,0.13495,0.36288,3.6288,54.2957,0.871024,0,0,0.402368,0.255333,0,0.66528,12.849,1,0.534692,0.36288,0,19.7278,5.2437,14.3123,0.84672,12.849,0.84672,3695.15,0,0,0,0.204422,2.32738,2.12604,1.15096,3.50688,0.42336,0,0.42336,460.49,0,0.822416,0,0,1.02684,0.204422,1.028160,1,0,17.8192,0,0,0,17.8192,0
53.8872,2.29832,0,0,1.06999,0.154023,0.36288,3.6288,53.8997,0.66528,0,0,0.504552,0.235313,0,0.66528,12.849,1,0.530825,0.36288,0,24.0872,4.8569,19.0624,0.84672,12.849,0.84672,3695.15,0,0,0,0.474604,2.32788,2.30986,1.08287,4.02948,0.42336,0,0.42336,460.49,0,1.02816,0,0,1.50276,0.474604,1.028160,1,0,23.0918,0,0,0,23.0918,0
52.1532,2.28502,0,0,1.1039,0.190012,0.36288,3.6288,52.9477,1.07079,0,0,0.334037,0.215264,0,0.66528,12.849,1,0.544847,0.36288,0,25.496,4.41095,20.9031,0.84672,12.849,0.84672,3695.15,0,0,0,0.216518,2.23552,2.09815,1.01269,3.5375,0.42336,0,0.42336,460.49,0,0.622652,0,0,0.83917,0.216518,1.028160,1,0,24.4406,0,0,0,24.4406,0
50.5739,2.27107,0,0,1.24131,0.186665,0.36288,3.6288,52.456,0.764925,0,0,0.486879,0.213656,0,0.66528,12.849,1,0.559525,0.36288,0,28.6422,4.41095,24.0346,0.84672,12.849,0.84672,3695.15,0,0,0,0.216518,2.236,2.75813,1.01269,4.19796,0.42336,0,0.42336,460.49,0,0.928515,0,0,1.14503,0.216518,1.028160,1,0,28.2326,0,0,0,28.2326,0
48.8716,2.25772,0,0,1.10193,0.183617,0.36288,3.6288,51.6406,0.98172,0,0,0.379184,0.212815,0,0.66528,12.849,1,0.573605,0.36288,0,24.9828,4.41095,20.3611,0.84672,12.849,0.84672,3695.15,0,0,0,0.216518,2.23648,2.11616,1.01269,3.55647,0.42336,0,0.42336,460.49,0,0.71172,0,0,0.928238,0.216518,1.028160,1,0,23.9176,0,0,0,23.9176,0
47.4557,2.17836,0,0,1.29335,0.168023,0.36288,3.6288,51.2855,0.66528,0,0,0.524322,0.214156,0,0.66528,12.849,1,0.572721,0.36288,0,30.0708,4.35133,25.5097,0.84672,12.849,0.84672,3695.15,0,0,0,0.343742,2.23696,3.14032,1.00392,4.7171,0.42336,0,0.42336,460.49,0,1.02816,0,0,1.3719,0.343742,1.028160,1,0,30.2268,0,0,0,30.2268,0
45.9501,2.16548,0,0,1.19219,0.169456,0.36288,3.6288,50.1299,1.20161,0,0,0.266413,0.220372,0,0.66528,12.849,1,0.586319,0.36288,0,23.6902,4.09102,19.3757,0.84672,12.849,0.84672,3695.15,0,0,0,0.216518,2.15449,2.05344,1.07532,3.34913,0.42336,0,0.42336,460.49,0,0.491834,0,0,0.708352,0.216518,1.028160,1,0,22.7249,0,0,0,22.7249,0
44.2314,2.15102,0,0,0.992088,0.196811,0.36288,3.6288,48.6341,1.46778,0,0,0.186468,0.214528,0,0.66528,12.849,1,0.601488,0.36288,0,19.2471,4.12996,14.8785,0.84672,12.849,0.84672,3695.15,0,0,0,0.292723,2.15494,1.71443,1.12493,3.03717,0.42336,0,0.42336,460.49,0,0.225664,0,0,0.518387,0.292723,1.028160,1,0,17.9157,0,0,0,17.9157,0
43.0354,2.13346,0,0,1.49335,0.193036,0.36288,3.6288,48.2085,0.66528,0,0,0.451558,0.211901,0,0.66528,12.849,1,0.619758,0.36288,0,30.0134,4.12996,25.6265,0.84672,12.849,0.84672,3695.15,0,0,0,0.47012,2.1554,3.47636,1.12493,4.97695,0.42336,0,0.42336,460.49,0,1.02816,0,0,1.49828,0.47012,1.028160,1,0,30.6035,0,0,0,30.6035,0
44.154,1.94349,0,0,3.61536,0.190408,0.36288,3.6288,48.3437,0.66528,0,0,1.01163,0.211153,0,0.66528,12.849,1,0.580263,0.36288,0,78.6556,4.12996,74.3083,0.84672,12.849,0.84672,3695.15,0,0,0,1.32938,2.15586,5.25906,1.12493,7.61938,0.42336,0,0.42336,460.49,0,1.02816,0,0,2.35754,1.32938,1.028160,1,0,81.9277,0,0,0,81.9277,0
43.751,1.95538,0,0,2.13343,0.218132,0.36288,3.6288,47.9784,0.66528,0,0,0.483054,0.183068,0,0.66528,12.849,1,0.569024,0.36288,0,43.3414,3.64485,39.4904,0.84672,12.849,0.84672,3695.15,0,0,0,0.560684,1.9719,3.2756,0.961354,4.84683,0.42336,0,0.42336,460.49,0,1.02816,0,0,1.58884,0.560684,1.028160,1,0,44.3372,0,0,0,44.3372,0
44.5153,1.95184,0,0,3.29014,0.211168,0.36288,3.6288,47.7889,0.66528,0,0,0.661897,0.186105,0,0.66528,12.849,1,0.573224,0.36288,0,74.1252,3.69096,70.2238,0.84672,12.849,0.84672,3695.15,0,0,0,1.09931,1.97232,3.65132,0.970056,5.75289,0.42336,0,0.42336,460.49,0,1.02816,0,0,2.12747,1.09931,1.028160,1,0,75.9767,0,0,0,75.9767,0
43.9098,1.95998,0,0,1.93038,0.213014,0.36288,3.6288,47.3792,0.66528,0,0,0.441426,0.185812,0,0.66528,12.849,1,0.565735,0.36288,0,61.9193,3.69096,58.0255,0.84672,12.849,0.84672,3695.15,0,0,0,0.686197,1.97274,3.16276,0.970056,4.85163,0.42336,0,0.42336,460.49,0,1.02816,0,0,1.71436,0.686197,1.028160,1,0,62.8772,0,0,0,62.8772,0
42.7751,1.95446,0,0,1.3942,0.211551,0.36288,3.6288,46.3818,1.0665,0,0,0.25428,0.185176,0,0.66528,12.849,1,0.571919,0.36288,0,35.3119,3.69096,31.4119,0.84672,12.849,0.84672,3695.15,0,0,0,0.412474,1.97315,3.17834,0.970056,4.59391,0.42336,0,0.42336,460.49,0,0.626936,0,0,1.03941,0.412474,1.028160,1,0,36.0059,0,0,0,36.0059,0
42.3219,2.01145,0,0,2.14737,0.226213,0.36288,3.6288,45.9723,0.66528,0,0,0.453104,0.197379,0,0.66528,12.849,1,0.604209,0.36288,0,41.5679,4.08244,37.2441,0.84672,12.849,0.84672,3695.15,0,0,0,0.464806,1.97357,3.34605,1.06962,4.7148,0.42336,0,0.42336,460.49,0,1.02816,0,0,1.49297,0.464806,1.028160,1,0,41.9589,0,0,0,41.9589,0
43.0547,2.00698,0,0,3.31178,0.209136,0.36288,3.6288,45.6936,0.66528,0,0,0.557135,0.170533,0,0.66528,12.849,1,0.609323,0.36288,0,38.7105,3.53776,34.9263,0.84672,12.849,0.84672,3695.15,0,0,0,0.544562,2.03155,4.09627,0.869635,5.80274,0.42336,0,0.42336,460.49,0,1.02816,0,0,1.57272,0.544562,1.028160,1,0,40.729,0,0,0,40.729,0
45.4578,2.01547,0,0,5.00132,0.219881,0.36288,3.6288,45.476,0.66528,0,0,0.618859,0.171138,0,0.66528,12.849,1,0.601486,0.36288,0,63.3938,3.60514,59.55,0.84672,12.849,0.84672,3695.15,0,0,0,0.674948,2.03196,5.06374,0.907336,6.86331,0.42336,0,0.42336,460.49,0,1.02816,0,0,1.70311,0.674948,1.028160,1,0,66.4133,0,0,0,66.4133,0
49.0676,2.04077,0,0,6.29467,0.281236,0.36288,3.6288,45.2599,0.66528,0,0,0.626192,0.177054,0,0.66528,12.849,1,0.57684,0.36288,0,83.3871,4.00942,79.1638,0.84672,12.849,0.84672,3695.15,0,0,0,0.731359,2.03238,5.03874,1.13354,6.66894,0.42336,0,0.42336,460.49,0,1.02816,0,0,1.75952,0.731359,1.028160,1,0,85.8327,0,0,0,85.8327,0
50.4786,2.30067,0,0,4.36723,0.29263,0.36288,3.6288,45.3487,0.66528,0,0,0.93073,0.176697,0,0.66528,12.849,1,0.602462,0.36288,0,62.8372,4.00942,58.5882,0.84672,12.849,0.84672,3695.15,0,0,0,1.7484,2.03279,5.29467,1.13354,7.94232,0.42336,0,0.42336,460.49,0,1.02816,0,0,2.77656,1.7484,1.028160,1,0,66.5305,0,0,0,66.5305,0
54.1817,2.31467,0,0,6.64617,0.26551,0.36288,3.6288,45.5873,0.66528,0,0,1.06507,0.161142,0,0.66528,12.849,1,0.589183,0.36288,0,87.7296,3.83271,83.6706,0.84672,12.849,0.84672,3695.15,0,0,0,2.83413,2.24049,6.80305,1.10199,10.7757,0.42336,0,0.42336,460.49,0,1.02816,0,0,3.86229,2.83413,1.028160,1,0,94.4463,0,0,0,94.4463,0
55.1974,2.34779,0,0,4.00214,0.275855,0.36288,3.6288,45.3194,0.66528,0,0,0.558871,0.161501,0,0.66528,12.849,1,0.556771,0.36288,0,61.724,3.83271,57.6974,0.84672,12.849,0.84672,3695.15,0,0,0,1.21233,2.24095,4.39729,1.10199,6.74858,0.42336,0,0.42336,460.49,0,1.02816,0,0,2.24049,1.21233,1.028160,1,0,64.446,0,0,0,64.446,0
55.0404,2.35668,0,0,2.8152,0.252621,0.36288,3.6288,44.9025,0.667354,0,0,0.42075,0.170237,0,0.66528,12.849,1,0.548596,0.36288,0,39.6005,3.77024,35.6445,0.84672,12.849,0.84672,3695.15,0,0,0,0.608429,2.24141,3.67404,1.06015,5.46372,0.42336,0,0.42336,460.49,0,1.02609,0,0,1.63452,0.608429,1.028160,1,0,41.1083,0,0,0,41.1083,0
56.1793,2.02628,0,0,3.76993,0.241812,0.36288,3.6288,44.7715,0.66528,0,0,0.707457,0.173216,0,0.66528,12.849,1,0.473029,0.36288,0,57.5141,3.74525,53.6587,0.84672,12.849,0.84672,3695.15,0,0,0,1.37321,2.24187,5.10939,1.04342,7.68105,0.42336,0,0.42336,460.49,0,1.02816,0,0,2.40137,1.37321,1.028160,1,0,61.3397,0,0,0,61.3397,0
62.1888,2.0346,0,0,8.67352,0.266547,0.36288,3.6288,45.3132,0.66528,0,0,1.39124,0.184285,0,0.66528,12.849,1,0.46534,0.36288,0,120.339,4.11372,116.123,0.84672,12.849,0.84672,3695.15,0,0,0,2.20078,1.9594,11.6662,1.11813,14.7083,0.42336,0,0.42336,460.49,0,1.02816,0,0,3.22894,2.20078,1.028160,1,0,130.831,0,0,0,130.831,0
66.9009,2.07238,0,0,7.43532,0.28801,0.36288,3.6288,45.6259,0.66528,0,0,1.16024,0.18226,0,0.66528,12.849,1,0.42818,0.36288,0,115.166,4.11264,110.988,0.84672,12.849,0.84672,3695.15,0,0,0,1.87561,1.9598,8.87829,1.12177,11.5919,0.42336,0,0.42336,460.49,0,1.02816,0,0,2.90377,1.87561,1.028160,1,0,122.58,0,0,0,122.58,0
71.3544,2.0982,0,0,7.2138,0.299162,0.36288,3.6288,45.9819,0.66528,0,0,1.20405,0.182791,0,0.66528,12.849,1,0.402982,0.36288,0,83.4625,4.11264,79.3097,0.84672,12.849,0.84672,3695.15,0,0,0,2.06985,1.96019,8.90274,1.12177,11.811,0.42336,0,0.42336,460.49,0,1.02816,0,0,3.09801,2.06985,1.028160,1,0,91.1208,0,0,0,91.1208,0
72.29,2.12005,0,0,7.53348,0.309703,4.16816,3.6288,46.2156,0.66528,0,0,1.08238,0.183396,0,0.66528,12.849,1,0.381763,4.16816,0,117.284,4.11264,116.958,0.84672,12.849,0.84672,3695.15,0,0,0,1.85347,1.96059,9.29534,1.12177,11.9876,0.42336,0,0.42336,460.49,0,1.02816,0,0,2.88163,1.85347,1.028160,1,0,128.946,0,0,0,128.946,0
72.29,2.21179,0,0,8.61733,0.300415,6.10512,3.6288,47.1088,0.66528,0,0,1.71207,0.153547,0,0.66528,12.849,1,0.393129,6.10512,0,135.124,4.29479,136.542,0.84672,12.849,0.84672,3695.15,0,0,0,3.22201,1.96099,12.9456,1.07992,17.0487,0.42336,0,0.42336,460.49,0,1.02816,0,0,4.25017,3.22201,1.028160,1,0,153.59,0,0,0,153.59,0
72.29,2.21234,0,0,9.43868,0.293314,6.93303,3.6288,47.5895,0.66528,0,0,1.34675,0.200808,0,0.66528,12.849,1,0.393227,6.93303,0,215.032,4.77823,216.794,0.84672,12.849,0.84672,3695.15,0,0,0,2.92326,2.03122,12.2123,1.14139,16.0254,0.42336,0,0.42336,460.49,0,1.02816,0,0,3.95142,2.92326,1.028160,1,0,232.819,0,0,0,232.819,0
72.29,2.21289,0,0,5.9847,0.293314,3.4785,3.6288,47.5564,0.66528,0,0,0.83382,0.201618,0,0.66528,12.849,1,0.393324,3.4785,0,131.977,4.77823,130.284,0.84672,12.849,0.84672,3695.15,0,0,0,1.67143,2.03163,8.54781,1.14139,11.1095,0.42336,0,0.42336,460.49,0,1.02816,0,0,2.69959,1.67143,1.028160,1,0,141.393,0,0,0,141.393,0
72.29,2.21344,0,0,4.84421,0.293314,2.33746,3.6288,47.3794,0.66528,0,0,0.689818,0.201562,0,0.66528,12.849,1,0.393422,2.33746,0,91.5538,4.77823,88.7196,0.84672,12.849,0.84672,3695.15,0,0,0,1.45756,2.03204,7.14208,1.14139,9.4903,0.42336,0,0.42336,460.49,0,1.02816,0,0,2.48572,1.45756,1.028160,1,0,98.2099,0,0,0,98.2099,0
72.29,2.17994,0,0,4.66875,0.279249,2.20956,3.6288,47.1909,0.66528,0,0,0.678568,0.201798,0,0.66528,12.849,1,0.387467,2.20956,0,83.2568,4.69448,80.3844,0.84672,12.849,0.84672,3695.15,0,0,0,1.3906,2.03246,6.77889,1.13451,9.06744,0.42336,0,0.42336,460.49,0,1.02816,0,0,2.41876,1.3906,1.028160,1,0,89.4518,0,0,0,89.4518,0
72.29,2.18048,0,0,4.9807,0.244087,2.55613,3.6288,47.2109,0.66528,0,0,0.888097,0.202812,0,0.66528,12.849,1,0.387564,2.55613,0,99.7989,4.48508,97.4824,0.84672,12.849,0.84672,3695.15,0,0,0,2.05408,2.00567,7.45589,1.11732,10.3983,0.42336,0,0.42336,460.49,0,1.02816,0,0,3.08224,2.05408,1.028160,1,0,107.881,0,0,0,107.881,0
72.29,2.18102,0,0,4.21673,0.244087,1.79162,3.6288,46.9988,0.66528,0,0,0.656028,0.202846,0,0.66528,12.849,1,0.38766,1.79162,0,80.9274,4.48508,77.8463,0.84672,12.849,0.84672,3695.15,0,0,0,1.08539,2.00608,7.16319,1.11732,9.13735,0.42336,0,0.42336,460.49,0,1.02816,0,0,2.11355,1.08539,1.028160,1,0,86.9837,0,0,0,86.9837,0
72.29,2.18157,0,0,4.02821,0.244087,1.60256,3.6288,46.7627,0.66528,0,0,0.631727,0.202485,0,0.66528,12.849,1,0.387757,1.60256,0,74.9382,4.48508,71.6679,0.84672,12.849,0.84672,3695.15,0,0,0,1.07724,2.00649,6.45952,1.11732,8.42594,0.42336,0,0.42336,460.49,0,1.02816,0,0,2.1054,1.07724,1.028160,1,0,80.0938,0,0,0,80.0938,0
72.29,2.2978,0,0,3.50115,0.162549,1.0408,3.6288,46.4316,0.66528,0,0,0.572379,0.238238,0,0.66528,12.849,1,0.408417,1.0408,0,68.834,4.3554,65.111,0.84672,12.849,0.84672,3695.15,0,0,0,1.45851,2.0069,5.8485,1.04567,8.26824,0.42336,0,0.42336,460.49,0,1.02816,0,0,2.48667,1.45851,1.028160,1,0,73.3792,0,0,0,73.3792,0
72.29,2.29837,0,0,3.32573,0.177895,0.84946,3.6288,46.102,0.66528,0,0,0.560127,0.224453,0,0.66528,12.849,1,0.408518,0.84946,0,57.1961,4.99917,52.6379,0.84672,12.849,0.84672,3695.15,0,0,0,1.14894,2.1027,5.57265,1.09742,7.72687,0.42336,0,0.42336,460.49,0,1.02816,0,0,2.1771,1.14894,1.028160,1,0,60.3647,0,0,0,60.3647,0
72.29,2.29894,0,0,3.16216,0.140493,0.722729,3.6288,45.7231,0.66528,0,0,0.518943,0.232576,0,0.66528,12.849,1,0.408619,0.722729,0,46.7571,5.31531,41.7559,0.84672,12.849,0.84672,3695.15,0,0,0,0.867378,2.10312,5.36403,1.19478,7.13975,0.42336,0,0.42336,460.49,0,1.02816,0,0,1.89554,0.867378,1.028160,1,0,48.8956,0,0,0,48.8956,0
72.29,2.29951,0,0,3.1137,0.140493,0.673698,3.6288,45.3458,0.66528,0,0,0.519728,0.23176,0,0.66528,12.849,1,0.40872,0.673698,0,43.9667,5.31531,38.9164,0.84672,12.849,0.84672,3695.15,0,0,0,0.905403,2.10355,5.13305,1.19478,6.94723,0.42336,0,0.42336,460.49,0,1.02816,0,0,1.93356,0.905403,1.028160,1,0,45.8636,0,0,0,45.8636,0
72.2606,2.30008,0,0,2.78385,0.150327,0.36288,3.6288,44.9518,0.66528,0,0,0.499888,0.22861,0,0.66528,12.849,1,0.408822,0.36288,0,41.6817,5.14608,36.4897,0.84672,12.849,0.84672,3695.15,0,0,0,0.991587,2.10398,4.74345,1.20131,6.63771,0.42336,0,0.42336,460.49,0,1.02816,0,0,2.01975,0.991587,1.028160,1,0,43.1274,0,0,0,43.1274,0
72.29,2.2776,0,0,2.86145,0.146836,0.407573,3.6288,44.6568,0.66528,0,0,0.5987,0.228327,0,0.66528,12.849,1,0.404992,0.407573,0,45.3067,5.107,40.2023,0.84672,12.849,0.84672,3695.15,0,0,0,0.709793,2.10441,5.38441,1.21137,6.98724,0.42336,0,0.42336,460.49,0,1.02816,0,0,1.73795,0.709793,1.028160,1,0,47.1895,0,0,0,47.1895,0
72.29,2.27831,0,0,2.84449,0.100445,0.465734,3.6288,44.3519,0.66528,0,0,0.624015,0.263656,0,0.66528,12.849,1,0.404952,0.465734,0,48.4057,5.43299,43.0335,0.84672,12.849,0.84672,3695.15,0,0,0,0.504455,2.13822,6.11913,1.32385,7.43796,0.42336,0,0.42336,460.49,0,1.02816,0,0,1.53262,0.504455,1.028160,1,0,50.4714,0,0,0,50.4714,0
72.2557,2.27887,0,0,2.7037,0.096213,0.36288,3.6288,44.0245,0.66528,0,0,0.605898,0.268084,0,0.66528,12.849,1,0.405052,0.36288,0,44.4925,5.43932,39.0111,0.84672,12.849,0.84672,3695.15,0,0,0,0.451933,2.13866,5.92894,1.34337,7.17616,0.42336,0,0.42336,460.49,0,1.02816,0,0,1.48009,0.451933,1.028160,1,0,46.1872,0,0,0,46.1872,0
72.0352,2.27927,0,0,2.51781,0.096188,0.36288,3.6288,43.6207,0.66528,0,0,0.528743,0.267258,0,0.66528,12.849,1,0.405316,0.36288,0,41.3541,5.43932,35.8723,0.84672,12.849,0.84672,3695.15,0,0,0,0.388679,2.1391,5.61635,1.34337,6.80075,0.42336,0,0.42336,460.49,0,1.02816,0,0,1.41684,0.388679,1.028160,1,0,42.6731,0,0,0,42.6731,0
71.547,2.33796,0,0,2.3069,0.094295,0.36288,3.6288,43.1612,0.66528,0,0,0.47561,0.269798,0,0.66528,12.849,1,0.417024,0.36288,0,37.8554,5.47076,32.3305,0.84672,12.849,0.84672,3695.15,0,0,0,0.26282,2.13953,5.14965,1.35524,6.19676,0.42336,0,0.42336,460.49,0,1.02816,0,0,1.29098,0.26282,1.028160,1,0,38.5272,0,0,0,38.5272,0
70.8515,2.33612,0,0,2.08717,0.0835914,0.36288,3.6288,42.6252,0.733527,0,0,0.487454,0.289881,0,0.66528,12.849,1,0.41954,0.36288,0,37.3753,5.6594,31.6593,0.84672,12.849,0.84672,3695.15,0,0,0,0.261274,2.18732,4.46858,1.42641,5.49077,0.42336,0,0.42336,460.49,0,0.959913,0,0,1.22119,0.261274,1.028160,1,0,37.1501,0,0,0,37.1501,0
69.9721,2.33321,0,0,1.89982,0.0831478,0.36288,3.6288,42.0317,0.707158,0,0,0.402048,0.288403,0,0.66528,12.849,1,0.42313,0.36288,0,30.1038,5.6594,24.3842,0.84672,12.849,0.84672,3695.15,0,0,0,0.261274,2.18777,4.15231,1.42641,5.17495,0.42336,0,0.42336,460.49,0,0.986282,0,0,1.24756,0.261274,1.028160,1,0,29.5591,0,0,0,29.5591,0
68.9252,2.32929,0,0,1.72787,0.0825869,0.36288,3.6288,41.2516,0.867741,0,0,0.374423,0.286765,0,0.66528,12.849,1,0.427729,0.36288,0,28.0636,5.6594,22.3393,0.84672,12.849,0.84672,3695.15,0,0,0,0.227405,2.18822,3.70054,1.42641,4.68975,0.42336,0,0.42336,460.49,0,0.825699,0,0,1.0531,0.227405,1.028160,1,0,27.0291,0,0,0,27.0291,0
67.8727,2.49665,0,0,1.88163,0.0746422,0.36288,3.6288,40.7452,0.66528,0,0,0.441958,0.283076,0,0.66528,12.849,1,0.465424,0.36288,0,28.1963,5.76753,22.3262,0.84672,12.849,0.84672,3695.15,0,0,0,0.298953,2.18867,5.23228,1.45232,6.26758,0.42336,0,0.42336,460.49,0,1.02816,0,0,1.32711,0.298953,1.028160,1,0,28.5938,0,0,0,28.5938,0
66.3069,2.49119,0,0,1.37395,0.0856388,0.36288,3.6288,39.8332,0.972449,0,0,0.32124,0.260841,0,0.66528,12.849,1,0.471609,0.36288,0,20.8024,5.77561,14.918,0.84672,12.849,0.84672,3695.15,0,0,0,0.227405,2.35128,3.33978,1.52953,4.38894,0.42336,0,0.42336,460.49,0,0.720991,0,0,0.948395,0.227405,1.028160,1,0,19.307,0,0,0,19.307,0
64.3811,2.48247,0,0,1.01274,0.093179,0.36288,3.6288,38.6156,1.20393,0,0,0.246336,0.260028,0,0.66528,12.849,1,0.481055,0.36288,0,16.1171,5.7287,10.2702,0.84672,12.849,0.84672,3695.15,0,0,0,0.227405,2.35176,2.51334,1.54006,3.55245,0.42336,0,0.42336,460.49,0,0.489508,0,0,0.716913,0.227405,1.028160,1,0,13.8226,0,0,0,13.8226,0
62.5898,2.47108,0,0,1.13441,0.0917527,0.36288,3.6288,37.4503,1.16097,0,0,0.252695,0.257047,0,0.66528,12.849,1,0.493172,0.36288,0,16.0204,5.7287,10.1614,0.84672,12.849,0.84672,3695.15,0,0,0,0.204422,2.35224,2.6938,1.54006,3.7104,0.42336,0,0.42336,460.49,0,0.532475,0,0,0.736897,0.204422,1.028160,1,0,13.8718,0,0,0,13.8718,0
61.4732,2.45998,0,0,1.81553,0.109289,0.36288,3.6288,36.5075,1.00262,0,0,0.310562,0.250662,0,0.66528,12.849,1,0.505006,0.36288,0,26.6148,5.60995,20.8627,0.84672,12.849,0.84672,3695.15,0,0,0,0.204422,2.35273,2.93648,1.5255,3.96813,0.42336,0,0.42336,460.49,0,0.69082,0,0,0.895242,0.204422,1.028160,1,0,24.8309,0,0,0,24.8309,0
61.1138,2.37052,0,0,2.48205,0.108099,0.36288,3.6288,35.7122,0.975974,0,0,0.408246,0.227575,0,0.66528,12.849,1,0.49548,0.36288,0,22.9522,5.40673,17.4129,0.84672,12.849,0.84672,3695.15,0,0,0,0.204422,2.35321,3.06551,1.49824,4.12491,0.42336,0,0.42336,460.49,0,0.717466,0,0,0.921889,0.204422,1.028160,1,0,21.5378,0,0,0,21.5378,0
59.5494,2.36869,0,0,1.27186,0.104661,0.36288,3.6288,34.6454,1.14586,0,0,0.286051,0.207047,0,0.66528,12.849,1,0.498011,0.36288,0,25.9819,4.98718,20.8596,0.84672,12.849,0.84672,3695.15,0,0,0,0.204422,2.25975,1.85063,1.48007,2.83473,0.42336,0,0.42336,460.49,0,0.547584,0,0,0.752007,0.204422,1.028160,1,0,23.6944,0,0,0,23.6944,0
57.4802,2.35851,0,0,0.755378,0.10321,0.36288,3.6288,33.1671,1.46886,0,0,0.195457,0.204883,0,0.66528,12.849,1,0.508897,0.36288,0,18.0629,4.98718,12.9297,0.84672,12.849,0.84672,3695.15,0,0,0,0.216518,2.26021,1.20297,1.48007,2.19963,0.42336,0,0.42336,460.49,0,0.224581,0,0,0.4411,0.216518,1.028160,1,0,15.1293,0,0,0,15.1293,0
55.6768,2.34411,0,0,1.0431,0.139495,0.36288,3.6288,31.8323,1.40097,0,0,0.268175,0.20198,0,0.66528,12.849,1,0.523998,0.36288,0,19.0111,4.71247,14.1375,0.84672,12.849,0.84672,3695.15,0,0,0,0.216518,2.26067,1.6147,1.42877,2.66311,0.42336,0,0.42336,460.49,0,0.292473,0,0,0.508991,0.216518,1.028160,1,0,16.8006,0,0,0,16.8006,0
55.5998,2.26434,0,0,2.75252,0.202269,0.36288,3.6288,31.3502,0.728649,0,0,0.460909,0.21434,0,0.66528,12.849,1,0.52256,0.36288,0,32.6402,4.32747,28.153,0.84672,12.849,0.84672,3695.15,0,0,0,0.216518,2.26114,3.30024,1.31112,4.46677,0.42336,0,0.42336,460.49,0,0.964791,0,0,1.18131,0.216518,1.028160,1,0,32.6198,0,0,0,32.6198,0
54.1803,2.26431,0,0,1.38789,0.180239,0.36288,3.6288,30.6841,0.896667,0,0,0.373899,0.143391,0,0.66528,12.849,1,0.523277,0.36288,0,34.4876,3.90296,30.4242,0.84672,12.849,0.84672,3695.15,0,0,0,0.216518,2.17768,2.10963,0.946554,3.55727,0.42336,0,0.42336,460.49,0,0.796773,0,0,1.01329,0.216518,1.028160,1,0,33.9815,0,0,0,33.9815,0
54.094,2.25378,0,0,2.70803,0.177685,0.36288,3.6288,30.5488,0.66528,0,0,0.672386,0.142341,0,0.66528,12.849,1,0.53449,0.36288,0,48.5695,3.90296,44.4949,0.84672,12.849,0.84672,3695.15,0,0,0,0.32616,2.17812,4.09028,0.946554,5.64801,0.42336,0,0.42336,460.49,0,1.02816,0,0,1.35432,0.32616,1.028160,1,0,50.1429,0,0,0,50.1429,0
53.5,2.25365,0,0,2.20006,0.17753,0.36288,3.6288,30.5627,0.66528,0,0,0.821249,0.142128,0,0.66528,12.849,1,0.535312,0.36288,0,43.9213,3.90296,39.8459,0.84672,12.849,0.84672,3695.15,0,0,0,1.12247,2.17857,3.71775,0.946554,6.07223,0.42336,0,0.42336,460.49,0,1.02816,0,0,2.15063,1.12247,1.028160,1,0,45.9181,0,0,0,45.9181,0
52.8676,2.06164,0,0,1.9958,0.203657,0.36288,3.6288,30.3559,0.66528,0,0,0.608615,0.150083,0,0.66528,12.849,1,0.495141,0.36288,0,43.0816,4.07692,38.8724,0.84672,12.849,0.84672,3695.15,0,0,0,0.422577,2.17901,4.38101,0.98717,5.99543,0.42336,0,0.42336,460.49,0,1.02816,0,0,1.45074,0.422577,1.028160,1,0,44.8679,0,0,0,44.8679,0
53.286,2.05739,0,0,3.07472,0.236038,0.36288,3.6288,30.1334,0.66528,0,0,0.587327,0.144622,0,0.66528,12.849,1,0.50003,0.36288,0,81.3188,3.81944,77.3622,0.84672,12.849,0.84672,3695.15,0,0,0,0.847731,1.99288,6.45887,0.988128,8.31135,0.42336,0,0.42336,460.49,0,1.02816,0,0,1.87589,0.847731,1.028160,1,0,85.6736,0,0,0,85.6736,0
52.8152,2.06106,0,0,2.18932,0.236114,0.36288,3.6288,29.7981,0.66528,0,0,0.468025,0.138012,0,0.66528,12.849,1,0.49699,0.36288,0,58.8184,3.62365,55.0607,0.84672,12.849,0.84672,3695.15,0,0,0,0.530833,1.99328,4.29974,0.96685,5.85701,0.42336,0,0.42336,460.49,0,1.02816,0,0,1.55899,0.530833,1.028160,1,0,60.9177,0,0,0,60.9177,0
52.0325,2.05801,0,0,1.87312,0.234979,0.36288,3.6288,29.4575,0.66528,0,0,0.46216,0.137497,0,0.66528,12.849,1,0.500677,0.36288,0,53.6025,3.62365,49.841,0.84672,12.849,0.84672,3695.15,0,0,0,0.474733,1.99369,4.25428,0.96685,5.75585,0.42336,0,0.42336,460.49,0,1.02816,0,0,1.50289,0.474733,1.028160,1,0,55.5969,0,0,0,55.5969,0
52.1952,2.05248,0,0,2.81002,0.23191,0.36288,3.6288,29.0855,0.66528,0,0,0.442526,0.149209,0,0.66528,12.849,1,0.506844,0.36288,0,50.4664,4.11978,46.2027,0.84672,12.849,0.84672,3695.15,0,0,0,0.657098,1.99409,4.27605,1.12087,5.80637,0.42336,0,0.42336,460.49,0,1.02816,0,0,1.68526,0.657098,1.028160,1,0,52.009,0,0,0,52.009,0
53.5545,2.05375,0,0,4.00169,0.225824,0.36288,3.6288,28.8374,0.66528,0,0,0.589853,0.172724,0,0.66528,12.849,1,0.505575,0.36288,0,74.5628,4.65315,69.7669,0.84672,12.849,0.84672,3695.15,0,0,0,1.09437,1.9945,4.27143,1.26548,6.09482,0.42336,0,0.42336,460.49,0,1.02816,0,0,2.12253,1.09437,1.028160,1,0,75.8617,0,0,0,75.8617,0
58.1889,2.13692,0,0,7.35083,0.216567,0.36288,3.6288,29.0924,0.66528,0,0,1.11224,0.191912,0,0.66528,12.849,1,0.512698,0.36288,0,137.644,4.33282,133.161,0.84672,12.849,0.84672,3695.15,0,0,0,2.64086,1.9945,4.92733,1.1136,8.44909,0.42336,0,0.42336,460.49,0,1.02816,0,0,3.66902,2.64086,1.028160,1,0,141.61,0,0,0,141.61,0
61.875,2.17088,0,0,6.44662,0.226796,0.36288,3.6288,29.2237,0.66528,0,0,0.989012,0.192466,0,0.66528,12.849,1,0.479364,0.36288,0,105.393,4.33282,100.944,0.84672,12.849,0.84672,3695.15,0,0,0,2.00064,2.05313,4.31211,1.1136,7.25228,0.42336,0,0.42336,460.49,0,1.02816,0,0,3.0288,2.00064,1.028160,1,0,108.196,0,0,0,108.196,0
66.1454,2.19505,0,0,7.08743,0.259104,0.36288,3.6288,29.1608,0.66528,0,0,0.789748,0.187358,0,0.66528,12.849,1,0.455825,0.36288,0,114.783,4.40879,110.282,0.84672,12.849,0.84672,3695.15,0,0,0,1.68965,2.05353,5.20248,1.24605,7.69961,0.42336,0,0.42336,460.49,0,1.02816,0,0,2.71781,1.68965,1.028160,1,0,117.981,0,0,0,117.981,0
69.0277,2.22022,0,0,5.75271,0.287321,0.36288,3.6288,29.0591,0.66528,0,0,0.746755,0.183184,0,0.66528,12.849,1,0.431286,0.36288,0,101.959,4.46575,97.4248,0.84672,12.849,0.84672,3695.15,0,0,0,1.49361,2.05393,3.85664,1.34538,6.05879,0.42336,0,0.42336,460.49,0,1.02816,0,0,2.52177,1.49361,1.028160,1,0,103.484,0,0,0,103.484,0
70.8549,2.47889,0,0,4.95836,0.289402,0.36288,3.6288,29.1592,0.66528,0,0,0.947074,0.181638,0,0.66528,12.849,1,0.461426,0.36288,0,107.222,4.29025,102.833,0.84672,12.849,0.84672,3695.15,0,0,0,1.97133,2.05433,3.61346,1.06436,6.57476,0.42336,0,0.42336,460.49,0,1.02816,0,0,2.99949,1.97133,1.028160,1,0,109.407,0,0,0,109.407,0
72.29,2.48954,0,0,7.51668,0.292754,3.29926,3.6288,29.3931,0.66528,0,0,1.08076,0.18162,0,0.66528,12.849,1,0.45146,3.29926,0,98.8546,4.26101,97.4414,0.84672,12.849,0.84672,3695.15,0,0,0,2.85974,2.26442,5.01841,1.01752,9.12505,0.42336,0,0.42336,460.49,0,1.02816,0,0,3.8879,2.85974,1.028160,1,0,106.566,0,0,0,106.566,0
72.29,2.49774,0,0,5.38239,0.289641,2.59501,3.6288,29.5139,0.66528,0,0,0.967905,0.181772,0,0.66528,12.849,1,0.443954,2.59501,0,99.0265,4.08891,97.0886,0.84672,12.849,0.84672,3695.15,0,0,0,2.07196,2.26487,3.86021,0.985943,7.21109,0.42336,0,0.42336,460.49,0,1.02816,0,0,3.10012,2.07196,1.028160,1,0,104.3,0,0,0,104.3,0
72.29,2.49833,0,0,5.53181,0.33711,2.69637,3.6288,29.6108,0.66528,0,0,0.92696,0.164814,0,0.66528,12.849,1,0.444059,2.69637,0,110.068,3.78987,108.53,0.84672,12.849,0.84672,3695.15,0,0,0,2.21632,2.26531,6.11199,0.994863,9.59876,0.42336,0,0.42336,460.49,0,1.02816,0,0,3.24448,2.21632,1.028160,1,0,118.129,0,0,0,118.129,0
72.29,2.14961,0,0,5.96511,0.332245,3.48325,3.6288,30.744,0.66528,0,0,1.96544,0.166982,0,0.66528,12.849,1,0.382078,3.48325,0,115.993,4.25022,114.844,0.84672,12.849,0.84672,3695.15,0,0,0,3.2331,2.26576,10.4441,1.09396,14.849,0.42336,0,0.42336,460.49,0,1.02816,0,0,4.26126,3.2331,1.028160,1,0,129.693,0,0,0,129.693,0
72.29,2.15013,0,0,6.38628,0.29632,3.93983,3.6288,32.1223,0.66528,0,0,2.21239,0.168784,0,0.66528,12.849,1,0.382169,3.93983,0,109.226,3.82011,108.964,0.84672,12.849,0.84672,3695.15,0,0,0,3.6892,1.98,11.3578,0.922283,16.1047,0.42336,0,0.42336,460.49,0,1.02816,0,0,4.71736,3.6892,1.028160,1,0,125.068,0,0,0,125.068,0
72.29,2.15064,0,0,6.54456,0.296648,4.09727,3.6288,33.7151,0.66528,0,0,2.40624,0.148164,0,0.66528,12.849,1,0.38226,4.09727,0,111.679,3.62324,111.771,0.84672,12.849,0.84672,3695.15,0,0,0,3.68944,1.98038,11.6706,0.795993,16.5444,0.42336,0,0.42336,460.49,0,1.02816,0,0,4.7176,3.68944,1.028160,1,0,128.315,0,0,0,128.315,0
72.29,2.15115,0,0,5.86564,0.296513,3.41798,3.6288,34.95,0.66528,0,0,2.03842,0.138301,0,0.66528,12.849,1,0.382351,3.41798,0,99.1423,3.49156,98.6863,0.84672,12.849,0.84672,3695.15,0,0,0,2.98234,1.98077,10.4786,0.732453,14.7092,0.42336,0,0.42336,460.49,0,1.02816,0,0,4.0105,2.98234,1.028160,1,0,113.396,0,0,0,113.396,0
72.29,2.15167,0,0,6.99606,0.30966,4.53473,3.6288,36.9878,0.66528,0,0,2.84578,0.142655,0,0.66528,12.849,1,0.382442,4.53473,0,123.314,3.81539,123.651,0.84672,12.849,0.84672,3695.15,0,0,0,2.91724,1.98115,9.59109,0.815117,13.6744,0.42336,0,0.42336,460.49,0,1.02816,0,0,3.9454,2.91724,1.028160,1,0,137.326,0,0,0,137.326,0
72.29,2.2402,0,0,5.7516,0.327189,3.18421,3.6288,39.3486,0.66528,0,0,3.17518,0.149113,0,0.66528,12.849,1,0.398178,3.18421,0,112.666,4.24714,111.204,0.84672,12.849,0.84672,3695.15,0,0,0,2.7549,1.98154,6.62757,0.925334,10.4387,0.42336,0,0.42336,460.49,0,1.02816,0,0,3.78306,2.7549,1.028160,1,0,121.643,0,0,0,121.643,0
72.29,2.24073,0,0,7.54294,0.327189,4.97502,3.6288,41.692,0.66528,0,0,3.16124,0.152519,0,0.66528,12.849,1,0.398273,4.97502,0,117.431,4.24714,117.761,0.84672,12.849,0.84672,3695.15,0,0,0,3.61862,2.05256,14.6016,0.925334,19.3474,0.42336,0,0.42336,460.49,0,1.02816,0,0,4.64678,3.61862,1.028160,1,0,137.108,0,0,0,137.108,0
72.29,2.24126,0,0,6.1276,0.302807,3.58353,3.6288,44.0466,0.66528,0,0,3.16332,0.143436,0,0.66528,12.849,1,0.398367,3.58353,0,135.037,3.23061,134.992,0.84672,12.849,0.84672,3695.15,0,0,0,3.4173,2.05296,9.7664,0.76007,14.4766,0.42336,0,0.42336,460.49,0,1.02816,0,0,4.44546,3.4173,1.028160,1,0,149.468,0,0,0,149.468,0
72.29,2.24179,0,0,5.0942,0.272704,2.5797,3.6288,45.7293,0.66528,0,0,2.52676,0.178776,0,0.66528,12.849,1,0.398462,2.5797,0,81.6955,3.75204,80.1247,0.84672,12.849,0.84672,3695.15,0,0,0,2.64601,2.05336,7.1172,0.909665,10.9069,0.42336,0,0.42336,460.49,0,1.02816,0,0,3.67417,2.64601,1.028160,1,0,91.0316,0,0,0,91.0316,0
72.29,2.20788,0,0,3.87614,0.256653,1.4116,3.6288,46.0685,0.66528,0,0,1.22339,0.21896,0,0.66528,12.849,1,0.392434,1.4116,0,68.5083,4.58724,64.9402,0.84672,12.849,0.84672,3695.15,0,0,0,0.85917,2.05376,5.15036,1.16565,6.89764,0.42336,0,0.42336,460.49,0,1.02816,0,0,1.88733,0.85917,1.028160,1,0,71.8379,0,0,0,71.8379,0
72.29,2.20841,0,0,3.44828,0.256653,0.983226,3.6288,46.2782,0.66528,0,0,1.09468,0.21965,0,0.66528,12.849,1,0.392527,0.983226,0,58.7421,4.58724,54.7455,0.84672,12.849,0.84672,3695.15,0,0,0,0.623074,2.02665,4.40381,1.16565,5.88787,0.42336,0,0.42336,460.49,0,1.02816,0,0,1.65123,0.623074,1.028160,1,0,60.6334,0,0,0,60.6334,0
72.29,2.20893,0,0,3.16148,0.24369,0.708859,3.6288,46.3986,0.66528,0,0,0.990455,0.204799,0,0.66528,12.849,1,0.392621,0.708859,0,53.8964,4.23336,49.9793,0.84672,12.849,0.84672,3695.15,0,0,0,0.503306,2.02704,4.1154,1.0759,5.56985,0.42336,0,0.42336,460.49,0,1.02816,0,0,1.53147,0.503306,1.028160,1,0,55.5491,0,0,0,55.5491,0
72.29,2.20946,0,0,2.97829,0.226407,0.542432,3.6288,46.4956,0.66528,0,0,0.946927,0.184633,0,0.66528,12.849,1,0.392714,0.542432,0,50.4674,3.76152,46.8556,0.84672,12.849,0.84672,3695.15,0,0,0,0.577325,2.02743,3.8632,0.956227,5.51174,0.42336,0,0.42336,460.49,0,1.02816,0,0,1.60548,0.577325,1.028160,1,0,52.3674,0,0,0,52.3674,0
72.29,2.327,0,0,3.2388,0.19191,0.719893,3.6288,46.642,0.66528,0,0,1.01442,0.202798,0,0.66528,12.849,1,0.413606,0.719893,0,50.6555,4.50792,46.4538,0.84672,12.849,0.84672,3695.15,0,0,0,0.677532,2.02783,4.18979,1.0343,5.86084,0.42336,0,0.42336,460.49,0,1.02816,0,0,1.70569,0.677532,1.028160,1,0,52.3147,0,0,0,52.3147,0
72.29,2.32755,0,0,3.16195,0.178111,0.656298,3.6288,46.6683,0.66528,0,0,0.901852,0.210281,0,0.66528,12.849,1,0.413704,0.656298,0,49.9462,4.80648,45.3823,0.84672,12.849,0.84672,3695.15,0,0,0,0.459605,2.1247,3.73206,1.06553,5.25083,0.42336,0,0.42336,460.49,0,1.02816,0,0,1.48776,0.459605,1.028160,1,0,50.6331,0,0,0,50.6331,0
72.29,2.3281,0,0,2.89642,0.178111,0.390214,3.6288,46.6176,0.66528,0,0,0.824947,0.210332,0,0.66528,12.849,1,0.413801,0.390214,0,44.8162,4.80648,39.9861,0.84672,12.849,0.84672,3695.15,0,0,0,0.31314,2.12512,3.56477,1.06553,4.93749,0.42336,0,0.42336,460.49,0,1.02816,0,0,1.3413,0.31314,1.028160,1,0,44.9236,0,0,0,44.9236,0
72.1542,2.32865,0,0,2.69065,0.134923,0.36288,3.6288,46.472,0.699702,0,0,0.789739,0.235675,0,0.66528,12.849,1,0.413899,0.36288,0,39.6523,5.12778,34.4735,0.84672,12.849,0.84672,3695.15,0,0,0,0.30119,2.12553,3.40375,1.14762,4.68285,0.42336,0,0.42336,460.49,0,0.993738,0,0,1.29493,0.30119,1.028160,1,0,39.1564,0,0,0,39.1564,0
71.7908,2.32854,0,0,2.44048,0.112462,0.36288,3.6288,46.3655,0.66528,0,0,0.794223,0.23541,0,0.66528,12.849,1,0.414658,0.36288,0,39.163,5.21458,33.8967,0.84672,12.849,0.84672,3695.15,0,0,0,0.487166,2.12595,3.28361,1.19492,4.7018,0.42336,0,0.42336,460.49,0,1.02816,0,0,1.51533,0.487166,1.028160,1,0,38.5985,0,0,0,38.5985,0
71.2386,2.30416,0,0,2.20688,0.0920318,0.36288,3.6288,46.287,0.66528,0,0,0.816342,0.229607,0,0.66528,12.849,1,0.412395,0.36288,0,39.1917,5.25892,33.8833,0.84672,12.849,0.84672,3695.15,0,0,0,0.782283,2.12636,3.22137,1.23975,4.89027,0.42336,0,0.42336,460.49,0,1.02816,0,0,1.81044,0.782283,1.028160,1,0,38.7736,0,0,0,38.7736,0
70.5222,2.302,0,0,2.04012,0.0916447,0.36288,3.6288,46.1814,0.66528,0,0,0.789212,0.22944,0,0.66528,12.849,1,0.415202,0.36288,0,38.9551,5.25892,33.6438,0.84672,12.849,0.84672,3695.15,0,0,0,0.751654,2.16054,3.26646,1.23975,4.93891,0.42336,0,0.42336,460.49,0,1.02816,0,0,1.77981,0.751654,1.028160,1,0,38.5827,0,0,0,38.5827,0
69.6213,2.29898,0,0,1.8521,0.0911426,0.36288,3.6288,46.0325,0.66528,0,0,0.745571,0.229217,0,0.66528,12.849,1,0.418869,0.36288,0,37.7973,5.25892,32.4824,0.84672,12.849,0.84672,3695.15,0,0,0,0.577057,2.16096,3.07044,1.23975,4.56871,0.42336,0,0.42336,460.49,0,1.02816,0,0,1.60522,0.577057,1.028160,1,0,37.0511,0,0,0,37.0511,0
68.5782,2.29494,0,0,1.69587,0.0811831,0.36288,3.6288,45.8283,0.66528,0,0,0.709595,0.248496,0,0.66528,12.849,1,0.423544,0.36288,0,33.3324,5.54123,27.7305,0.84672,12.849,0.84672,3695.15,0,0,0,0.511186,2.16138,2.98185,1.34279,4.31162,0.42336,0,0.42336,460.49,0,1.02816,0,0,1.53935,0.511186,1.028160,1,0,32.0422,0,0,0,32.0422,0
67.7821,2.34945,0,0,1.98191,0.0656479,0.36288,3.6288,45.6347,0.66528,0,0,0.730521,0.25885,0,0.66528,12.849,1,0.440199,0.36288,0,32.7415,5.50295,27.1612,0.84672,12.849,0.84672,3695.15,0,0,0,0.725345,2.1618,2.95989,1.48518,4.36187,0.42336,0,0.42336,460.49,0,1.02816,0,0,1.75351,0.725345,1.028160,1,0,31.5231,0,0,0,31.5231,0
66.7625,2.34565,0,0,1.75421,0.0652398,0.36288,3.6288,45.3967,0.66528,0,0,0.685653,0.258385,0,0.66528,12.849,1,0.44465,0.36288,0,30.9077,5.50295,25.323,0.84672,12.849,0.84672,3695.15,0,0,0,0.635766,2.21012,2.96153,1.48518,4.32224,0.42336,0,0.42336,460.49,0,1.02816,0,0,1.66393,0.635766,1.028160,1,0,29.6452,0,0,0,29.6452,0
65.5983,2.34051,0,0,1.60387,0.0647173,0.36288,3.6288,45.136,0.66528,0,0,0.662334,0.257813,0,0.66528,12.849,1,0.450451,0.36288,0,29.0257,5.50295,23.4352,0.84672,12.849,0.84672,3695.15,0,0,0,0.504948,2.21055,2.82172,1.48518,4.05204,0.42336,0,0.42336,460.49,0,1.02816,0,0,1.53311,0.504948,1.028160,1,0,27.4873,0,0,0,27.4873,0
64.2288,2.33438,0,0,1.37633,0.048552,0.36288,3.6288,44.8675,0.66528,0,0,0.659621,0.262822,0,0.66528,12.849,1,0.457244,0.36288,0,27.6864,5.76225,21.8298,0.84672,12.849,0.84672,3695.15,0,0,0,0.489931,2.21098,2.80381,1.50045,4.00427,0.42336,0,0.42336,460.49,0,1.02816,0,0,1.51809,0.489931,1.028160,1,0,25.8341,0,0,0,25.8341,0
62.6515,2.49903,0,0,1.32766,0.0430956,0.36288,3.6288,44.5748,0.66528,0,0,0.626616,0.254024,0,0.66528,12.849,1,0.499931,0.36288,0,27.4718,5.59495,21.7398,0.84672,12.849,0.84672,3695.15,0,0,0,0.450852,2.21141,2.66312,1.46568,3.8597,0.42336,0,0.42336,460.49,0,1.02816,0,0,1.47901,0.450852,1.028160,1,0,25.5995,0,0,0,25.5995,0
61.0017,2.48917,0,0,1.23384,0.0316276,0.36288,3.6288,44.2096,0.66528,0,0,0.554765,0.254701,0,0.66528,12.849,1,0.510496,0.36288,0,27.0816,5.57214,21.3619,0.84672,12.849,0.84672,3695.15,0,0,0,0.371667,2.37584,2.57639,1.52862,3.79528,0.42336,0,0.42336,460.49,0,1.02816,0,0,1.39983,0.371667,1.028160,1,0,25.1572,0,0,0,25.1572,0
59.4429,2.47834,0,0,1.31371,0.0312004,0.36288,3.6288,43.8407,0.66528,0,0,0.550228,0.253827,0,0.66528,12.849,1,0.522022,0.36288,0,25.2981,5.57214,19.5668,0.84672,12.849,0.84672,3695.15,0,0,0,0.35005,2.37631,2.7154,1.52862,3.91314,0.42336,0,0.42336,460.49,0,1.02816,0,0,1.37821,0.35005,1.028160,1,0,23.4799,0,0,0,23.4799,0
58.5443,2.46766,0,0,1.9718,0.0399438,0.36288,3.6288,43.5795,0.66528,0,0,0.655169,0.251068,0,0.66528,12.849,1,0.533403,0.36288,0,37.3568,5.51277,31.6735,0.84672,12.849,0.84672,3695.15,0,0,0,0.622365,2.37678,2.88566,1.52134,4.36347,0.42336,0,0.42336,460.49,0,1.02816,0,0,1.65053,0.622365,1.028160,1,0,36.0369,0,0,0,36.0369,0
58.0808,2.46153,0,0,2.42227,0.0613651,0.36288,3.6288,43.4382,0.66528,0,0,0.76722,0.243269,0,0.66528,12.849,1,0.540243,0.36288,0,43.0939,5.53781,37.3787,0.84672,12.849,0.84672,3695.15,0,0,0,0.486778,2.37725,2.85243,1.46085,4.2556,0.42336,0,0.42336,460.49,0,1.02816,0,0,1.51494,0.486778,1.028160,1,0,41.6343,0,0,0,41.6343,0
56.3369,2.376,0,0,1.06898,0.0739768,0.36288,3.6288,43.101,0.799096,0,0,0.704334,0.242411,0,0.66528,12.849,1,0.525635,0.36288,0,38.4507,5.70413,32.5838,0.84672,12.849,0.84672,3695.15,0,0,0,0.204422,2.37772,1.76691,1.35875,2.99029,0.42336,0,0.42336,460.49,0,0.894344,0,0,1.09877,0.204422,1.028160,1,0,35.5741,0,0,0,35.5741,0
54.4245,2.36331,0,0,0.886576,0.07272,0.36288,3.6288,42.3725,0.981582,0,0,0.494752,0.241635,0,0.66528,12.849,1,0.53901,0.36288,0,32.0394,5.70413,26.1591,0.84672,12.849,0.84672,3695.15,0,0,0,0.216518,2.28318,1.60284,1.35875,2.74378,0.42336,0,0.42336,460.49,0,0.711858,0,0,0.928377,0.216518,1.028160,1,0,28.9029,0,0,0,28.9029,0
52.5291,2.34854,0,0,0.922553,0.106546,0.36288,3.6288,41.6015,1.03259,0,0,0.477371,0.215819,0,0.66528,12.849,1,0.554463,0.36288,0,25.6294,5.31504,20.1227,0.84672,12.849,0.84672,3695.15,0,0,0,0.216518,2.28362,2.10667,1.19214,3.41467,0.42336,0,0.42336,460.49,0,0.660848,0,0,0.877366,0.216518,1.028160,1,0,23.5374,0,0,0,23.5374,0
52.8069,2.33301,0,0,3.03391,0.0602339,0.36288,3.6288,41.6052,0.66528,0,0,0.903946,0.234995,0,0.66528,12.849,1,0.570671,0.36288,0,34.0579,5.92421,27.9259,0.84672,12.849,0.84672,3695.15,0,0,0,0.587814,2.28407,4.9329,1.17661,6.62818,0.42336,0,0.42336,460.49,0,1.02816,0,0,1.61597,0.587814,1.028160,1,0,34.5541,0,0,0,34.5541,0
54.0904,2.26935,0,0,4.07473,0.159015,0.36288,3.6288,41.8188,0.66528,0,0,1.04465,0.165721,0,0.66528,12.849,1,0.552179,0.36288,0,78.1203,3.6355,74.2955,0.84672,12.849,0.84672,3695.15,0,0,0,0.920065,2.28452,5.07272,0.900431,7.37687,0.42336,0,0.42336,460.49,0,1.02816,0,0,1.94822,0.920065,1.028160,1,0,81.6724,0,0,0,81.6724,0
54.9371,2.28047,0,0,3.6549,0.164816,0.36288,3.6288,42.7145,0.66528,0,0,1.72981,0.168863,0,0.66528,12.849,1,0.541719,0.36288,0,119.638,3.43633,116.023,0.84672,12.849,0.84672,3695.15,0,0,0,1.91438,2.2001,7.68017,0.911124,10.8835,0.42336,0,0.42336,460.49,0,1.02816,0,0,2.94254,1.91438,1.028160,1,0,126.906,0,0,0,126.906,0
57.4925,2.28778,0,0,5.37227,0.16623,0.36288,3.6288,43.2188,0.66528,0,0,1.33991,0.170321,0,0.66528,12.849,1,0.535078,0.36288,0,117.927,3.43633,114.319,0.84672,12.849,0.84672,3695.15,0,0,0,2.26664,2.20053,8.26632,0.911124,11.8224,0.42336,0,0.42336,460.49,0,1.02816,0,0,3.2948,2.26664,1.028160,1,0,126.141,0,0,0,126.141,0
59.8963,2.30776,0,0,5.26188,0.187491,0.36288,3.6288,43.5107,0.66528,0,0,1.1256,0.16847,0,0.66528,12.849,1,0.515761,0.36288,0,128.841,3.87366,124.815,0.84672,12.849,0.84672,3695.15,0,0,0,1.62067,2.20097,6.68851,1.01687,9.49327,0.42336,0,0.42336,460.49,0,1.02816,0,0,2.64883,1.62067,1.028160,1,0,134.308,0,0,0,134.308,0
59.7822,2.13147,0,0,2.6048,0.224476,0.36288,3.6288,43.9178,0.66528,0,0,1.26006,0.187627,0,0.66528,12.849,1,0.457245,0.36288,0,76.765,4.28715,72.3835,0.84672,12.849,0.84672,3695.15,0,0,0,2.32561,2.2014,6.84955,1.07146,10.3051,0.42336,0,0.42336,460.49,0,1.02816,0,0,3.35377,2.32561,1.028160,1,0,82.6886,0,0,0,82.6886,0
59.6546,2.13126,0,0,2.60995,0.24342,0.36288,3.6288,44.6277,0.66528,0,0,1.57836,0.203231,0,0.66528,12.849,1,0.458072,0.36288,0,81.4225,4.46607,76.8612,0.84672,12.849,0.84672,3695.15,0,0,0,4.49498,2.01316,7.63517,1.08067,13.0626,0.42336,0,0.42336,460.49,0,1.02816,0,0,5.52314,4.49498,1.028160,1,0,89.9239,0,0,0,89.9239,0
63.4795,2.13096,0,0,6.56183,0.243122,0.36288,3.6288,48.1214,0.66528,0,0,4.36363,0.204594,0,0.66528,12.849,1,0.458987,0.36288,0,214.533,4.46607,209.971,0.84672,12.849,0.84672,3695.15,0,0,0,3.61258,2.01355,15.2851,1.08067,19.8306,0.42336,0,0.42336,460.49,0,1.02816,0,0,4.64074,3.61258,1.028160,1,0,229.801,0,0,0,229.801,0
72.29,2.15447,0,0,12.1318,0.235834,0.930957,3.6288,57.0932,0.66528,0,0,9.8368,0.199799,0,0.66528,12.849,1,0.43609,0.930957,0,368.692,4.03731,365.15,0.84672,12.849,0.84672,3695.15,0,0,0,4.08412,2.01394,17.1224,1.0271,22.1934,0.42336,0,0.42336,460.49,0,1.02816,0,0,5.11228,4.08412,1.028160,1,0,387.343,0,0,0,387.343,0
72.29,2.20012,0,0,4.57758,0.213433,2.16403,3.6288,58.3148,0.66528,0,0,2.11281,0.225885,0,0.66528,12.849,1,0.391055,2.16403,0,139.991,3.70503,138.059,0.84672,12.849,0.84672,3695.15,0,0,0,4.03377,2.01433,8.58859,0.829897,13.8068,0.42336,0,0.42336,460.49,0,1.02816,0,0,5.06193,4.03377,1.028160,1,0,151.866,0,0,0,151.866,0
72.29,2.27761,0,0,4.72237,0.267505,2.17725,3.6288,58.8881,0.66528,0,0,1.45402,0.215409,0,0.66528,12.849,1,0.404829,2.17725,0,89.4741,4.57569,86.6708,0.84672,12.849,0.84672,3695.15,0,0,0,2.10683,2.01472,9.36991,1.03586,12.4556,0.42336,0,0.42336,460.49,0,1.02816,0,0,3.13499,2.10683,1.028160,1,0,99.1264,0,0,0,99.1264,0
72.29,2.27813,0,0,4.75685,0.267505,2.21121,3.6288,59.7476,0.66528,0,0,1.74097,0.216205,0,0.66528,12.849,1,0.40492,2.21121,0,149.099,4.57569,146.329,0.84672,12.849,0.84672,3695.15,0,0,0,1.96664,2.07399,11.0485,1.03586,14.0533,0.42336,0,0.42336,460.49,0,1.02816,0,0,2.9948,1.96664,1.028160,1,0,160.383,0,0,0,160.383,0
72.29,2.27865,0,0,3.81552,0.267505,1.26937,3.6288,60.0708,0.66528,0,0,1.20587,0.217397,0,0.66528,12.849,1,0.405012,1.26937,0,100.295,4.57569,96.5835,0.84672,12.849,0.84672,3695.15,0,0,0,1.62511,2.07438,7.25743,1.03586,9.92105,0.42336,0,0.42336,460.49,0,1.02816,0,0,2.65327,1.62511,1.028160,1,0,106.505,0,0,0,106.505,0
72.29,2.27916,0,0,3.37551,0.269776,0.826572,3.6288,60.2721,0.66528,0,0,1.06797,0.201353,0,0.66528,12.849,1,0.405104,0.826572,0,87.6381,4.31766,83.7419,0.84672,12.849,0.84672,3695.15,0,0,0,1.26049,2.07477,6.56056,0.966916,8.9289,0.42336,0,0.42336,460.49,0,1.02816,0,0,2.28865,1.26049,1.028160,1,0,92.6708,0,0,0,92.6708,0
72.29,2.52708,0,0,6.23979,0.297898,3.41482,3.6288,61.2814,0.66528,0,0,1.84925,0.174654,0,0.66528,12.849,1,0.449169,3.41482,0,184.925,3.57439,184.317,0.84672,12.849,0.84672,3695.15,0,0,0,2.90105,2.07515,10.0175,0.89717,14.0965,0.42336,0,0.42336,460.49,0,1.02816,0,0,3.92921,2.90105,1.028160,1,0,198.413,0,0,0,198.413,0
72.29,2.52764,0,0,7.33588,0.307936,4.5003,3.6288,61.308,0.66528,0,0,2.60033,0.173789,1.73471,0.66528,12.849,1,0.449269,4.5003,0,218.2,3.41471,218.836,0.84672,12.849,0.84672,3695.15,0,0,0,4.10764,2.28755,14.1139,0.906043,19.603,0.42336,0,0.42336,460.49,0,1.02816,0,0,5.1358,4.10764,1.028160,1,0,240.174,0,0,0,240.174,0
72.29,2.52821,0,0,6.12337,0.319519,3.27564,3.6288,61.308,0.66528,0,0,2.02815,0.189711,1.17316,0.66528,12.849,1,0.44937,3.27564,0,150.024,3.97203,148.878,0.84672,12.849,0.84672,3695.15,0,0,0,3.39597,2.28798,11.3499,1.05018,15.9837,0.42336,0,0.42336,460.49,0,1.02816,0,0,4.42413,3.39597,1.028160,1,0,166.035,0,0,0,166.035,0
72.29,2.52878,0,0,8.59061,0.347084,5.71475,3.6288,61.308,0.66528,0,0,1.99433,0.185081,1.14397,0.66528,12.849,1,0.449471,5.71475,0,186.174,4.10361,187.336,0.84672,12.849,0.84672,3695.15,0,0,0,3.13419,2.28841,11.1863,1.05105,15.5578,0.42336,0,0.42336,460.49,0,1.02816,0,0,4.16235,3.13419,1.028160,1,0,204.037,0,0,0,204.037,0
72.29,2.17619,0,0,8.23299,0.306449,5.75035,3.6288,61.308,0.66528,0,0,3.39392,0.186531,2.54211,0.66528,12.849,1,0.386801,5.75035,0,181.376,4.04421,182.695,0.84672,12.849,0.84672,3695.15,0,0,0,5.17001,2.28884,20.4633,1.03694,26.8852,0.42336,0,0.42336,460.49,0,1.02816,0,0,6.19817,5.17001,1.028160,1,0,212.123,0,0,0,212.123,0
72.29,2.17668,0,0,5.32613,0.290194,2.85925,3.6288,61.308,0.66528,0,0,1.22198,0.187111,0.36959,0.66528,12.849,1,0.386889,2.85925,0,122.431,4.02045,120.883,0.84672,12.849,0.84672,3695.15,0,0,0,2.50303,1.99991,13.0201,1.0313,16.4918,0.42336,0,0.42336,460.49,0,1.02816,0,0,3.53119,2.50303,1.028160,1,0,137.745,0,0,0,137.745,0
72.29,2.17718,0,0,5.01432,0.290194,2.54695,3.6288,61.308,0.66528,0,0,1.1123,0.187111,0.259914,0.66528,12.849,1,0.386976,2.54695,0,99.6563,4.02045,97.7959,0.84672,12.849,0.84672,3695.15,0,0,0,2.63784,2.00028,8.65397,1.0313,12.2608,0.42336,0,0.42336,460.49,0,1.02816,0,0,3.666,2.63784,1.028160,1,0,110.317,0,0,0,110.317,0
72.29,2.17767,0,0,7.42229,0.264766,4.97985,3.6288,61.308,0.66528,0,0,1.84603,0.177784,1.00297,0.66528,12.849,1,0.387064,4.97985,0,167.63,3.83891,168.384,0.84672,12.849,0.84672,3695.15,0,0,0,5.14796,2.00065,19.4057,1.01238,25.5419,0.42336,0,0.42336,460.49,0,1.02816,0,0,6.17612,5.14796,1.028160,1,0,194.929,0,0,0,194.929,0
72.29,2.17817,0,0,5.05936,0.31795,2.56324,3.6288,61.308,0.66528,0,0,1.56173,0.231494,0.664958,0.66528,12.849,1,0.387152,2.56324,0,139.344,4.46915,137.051,0.84672,12.849,0.84672,3695.15,0,0,0,3.02309,2.00102,10.2174,1.13169,14.1098,0.42336,0,0.42336,460.49,0,1.02816,0,0,4.05125,3.02309,1.028160,1,0,151.826,0,0,0,151.826,0
72.29,2.26765,0,0,6.3494,0.277251,3.8045,3.6288,61.308,0.66528,0,0,2.43918,0.210876,1.56302,0.66528,12.849,1,0.403057,3.8045,0,125.963,4.49536,124.87,0.84672,12.849,0.84672,3695.15,0,0,0,3.64399,2.00139,13.0098,1.09998,17.5552,0.42336,0,0.42336,460.49,0,1.02816,0,0,4.67215,3.64399,1.028160,1,0,143.988,0,0,0,143.988,0
72.29,2.26816,0,0,5.0634,0.277251,2.51799,3.6288,61.308,0.66528,0,0,1.37255,0.210876,0.496394,0.66528,12.849,1,0.403148,2.51799,0,107.994,4.49536,105.613,0.84672,12.849,0.84672,3695.15,0,0,0,2.41157,2.07318,8.91734,1.09998,12.3021,0.42336,0,0.42336,460.49,0,1.02816,0,0,3.43973,2.41157,1.028160,1,0,118.412,0,0,0,118.412,0
72.29,2.26867,0,0,5.5066,0.277251,2.96068,3.6288,61.308,0.66528,0,0,1.9327,0.210876,1.05654,0.66528,12.849,1,0.403239,2.96068,0,130.943,4.49536,129.005,0.84672,12.849,0.84672,3695.15,0,0,0,3.1643,2.07356,9.68449,1.09998,13.8224,0.42336,0,0.42336,460.49,0,1.02816,0,0,4.19246,3.1643,1.028160,1,0,143.884,0,0,0,143.884,0
72.29,2.26919,0,0,6.00732,0.257425,3.48071,3.6288,61.308,0.66528,0,0,1.24803,0.221363,0.361388,0.66528,12.849,1,0.403331,3.48071,0,122.057,4.73159,120.403,0.84672,12.849,0.84672,3695.15,0,0,0,2.54055,2.07395,11.1154,1.10435,14.6255,0.42336,0,0.42336,460.49,0,1.02816,0,0,3.56871,2.54055,1.028160,1,0,135.39,0,0,0,135.39,0
72.29,2.23488,0,0,3.87677,0.234201,1.40769,3.6288,61.308,0.66528,0,0,1.00139,0.21177,0.124343,0.66528,12.849,1,0.397233,1.40769,0,69.7265,4.31781,66.4192,0.84672,12.849,0.84672,3695.15,0,0,0,1.43091,2.07433,6.0453,1.03537,8.51517,0.42336,0,0.42336,460.49,0,1.02816,0,0,2.45907,1.43091,1.028160,1,0,75.0587,0,0,0,75.0587,0
72.29,2.23539,0,0,3.01475,0.234201,0.54516,3.6288,61.198,0.66528,0,0,0.767025,0.21177,0,0.66528,12.849,1,0.397323,0.54516,0,57.277,4.31781,53.107,0.84672,12.849,0.84672,3695.15,0,0,0,1.05165,2.04691,4.84721,1.03537,6.9104,0.42336,0,0.42336,460.49,0,1.02816,0,0,2.07981,1.05165,1.028160,1,0,60.0174,0,0,0,60.0174,0
72.1001,2.23589,0,0,2.64312,0.234201,0.36288,3.6288,61.0443,0.66528,0,0,0.723251,0.211623,0,0.66528,12.849,1,0.397413,0.36288,0,52.2981,4.31781,47.9457,0.84672,12.849,0.84672,3695.15,0,0,0,0.799952,2.04729,4.51453,1.03537,6.3264,0.42336,0,0.42336,460.49,0,1.02816,0,0,1.82811,0.799952,1.028160,1,0,54.2721,0,0,0,54.2721,0
72.1347,2.23551,0,0,2.8668,0.233864,0.36288,3.6288,60.8616,0.66528,0,0,0.693999,0.211417,0,0.66528,12.849,1,0.398391,0.36288,0,56.3781,4.31781,52.0248,0.84672,12.849,0.84672,3695.15,0,0,0,0.45684,2.04767,4.94087,1.03537,6.41001,0.42336,0,0.42336,460.49,0,1.02816,0,0,1.485,0.45684,1.028160,1,0,58.4348,0,0,0,58.4348,0
72.29,2.35443,0,0,3.21303,0.220134,0.483166,3.6288,60.7073,0.66528,0,0,0.749926,0.238942,0,0.66528,12.849,1,0.419384,0.483166,0,77.6833,4.5317,73.2154,0.84672,12.849,0.84672,3695.15,0,0,0,0.507609,2.04805,5.25521,0.999757,6.81111,0.42336,0,0.42336,460.49,0,1.02816,0,0,1.53577,0.507609,1.028160,1,0,80.0265,0,0,0,80.0265,0
72.0546,2.35573,0,0,2.68271,0.199521,0.36288,3.6288,60.5194,0.66528,0,0,0.738504,0.261118,0,0.66528,12.849,1,0.418713,0.36288,0,66.6927,5.0829,61.5539,0.84672,12.849,0.84672,3695.15,0,0,0,0.593603,2.14596,4.74077,1.00995,6.47038,0.42336,0,0.42336,460.49,0,1.02816,0,0,1.62176,0.593603,1.028160,1,0,68.0243,0,0,0,68.0243,0
71.6842,2.3551,0,0,2.4898,0.14218,0.36288,3.6288,60.2541,0.66528,0,0,0.678257,0.278263,0,0.66528,12.849,1,0.419969,0.36288,0,51.0032,5.38125,45.5649,0.84672,12.849,0.84672,3695.15,0,0,0,0.375123,2.14636,4.51979,1.13672,5.90456,0.42336,0,0.42336,460.49,0,1.02816,0,0,1.40328,0.375123,1.028160,1,0,51.4694,0,0,0,51.4694,0
71.2168,2.35379,0,0,2.39104,0.14178,0.36288,3.6288,59.9822,0.66528,0,0,0.671138,0.277794,0,0.66528,12.849,1,0.421904,0.36288,0,47.3398,5.38125,41.8995,0.84672,12.849,0.84672,3695.15,0,0,0,0.380074,2.14676,4.33755,1.13672,5.72767,0.42336,0,0.42336,460.49,0,1.02816,0,0,1.40823,0.380074,1.028160,1,0,47.6272,0,0,0,47.6272,0
70.545,2.35197,0,0,2.17516,0.132126,0.36288,3.6288,59.7444,0.66528,0,0,0.697455,0.270001,0,0.66528,12.849,1,0.424345,0.36288,0,41.9928,5.29281,36.6385,0.84672,12.849,0.84672,3695.15,0,0,0,0.487685,2.14716,3.80384,1.15429,5.28439,0.42336,0,0.42336,460.49,0,1.02816,0,0,1.51584,0.487685,1.028160,1,0,41.9229,0,0,0,41.9229,0
69.5535,2.32575,0,0,1.80585,0.108691,0.36288,3.6288,59.544,0.66528,0,0,0.716256,0.251338,0,0.66528,12.849,1,0.423611,0.36288,0,34.1493,5.07171,29.0168,0.84672,12.849,0.84672,3695.15,0,0,0,0.346965,2.14756,3.01736,1.19823,4.31366,0.42336,0,0.42336,460.49,0,1.02816,0,0,1.37513,0.346965,1.028160,1,0,33.3305,0,0,0,33.3305,0
68.4211,2.32118,0,0,1.65952,0.107863,0.36288,3.6288,59.3234,0.66528,0,0,0.695675,0.251016,0,0.66528,12.849,1,0.428804,0.36288,0,33.6098,5.07171,28.4721,0.84672,12.849,0.84672,3695.15,0,0,0,0.347553,2.18209,3.04262,1.19823,4.37403,0.42336,0,0.42336,460.49,0,1.02816,0,0,1.37571,0.347553,1.028160,1,0,32.8462,0,0,0,32.8462,0
67.1462,2.31573,0,0,1.51057,0.106916,0.36288,3.6288,58.9606,0.762748,0,0,0.650652,0.250662,0,0.66528,12.849,1,0.434877,0.36288,0,32.2654,5.07171,27.1217,0.84672,12.849,0.84672,3695.15,0,0,0,0.261274,2.1825,2.85828,1.19823,4.10382,0.42336,0,0.42336,460.49,0,0.930692,0,0,1.19197,0.261274,1.028160,1,0,31.2255,0,0,0,31.2255,0
65.7708,2.30932,0,0,1.38901,0.0921259,0.36288,3.6288,58.5307,0.768692,0,0,0.621201,0.282499,0,0.66528,12.849,1,0.441908,0.36288,0,28.6043,5.49516,23.0301,0.84672,12.849,0.84672,3695.15,0,0,0,0.261274,2.18291,2.75028,1.3528,3.84166,0.42336,0,0.42336,460.49,0,0.924748,0,0,1.18602,0.261274,1.028160,1,0,26.8717,0,0,0,26.8717,0
64.1689,2.36174,0,0,1.21218,0.0895499,0.36288,3.6288,57.6365,1.05888,0,0,0.451609,0.286879,0,0.66528,12.849,1,0.461389,0.36288,0,22.8796,5.67162,17.1095,0.84672,12.849,0.84672,3695.15,0,0,0,0.261274,2.18331,2.26158,1.41279,3.29338,0.42336,0,0.42336,460.49,0,0.634565,0,0,0.895838,0.261274,1.028160,1,0,20.4028,0,0,0,20.4028,0
62.7466,2.35267,0,0,1.37303,0.079756,0.36288,3.6288,57.0195,0.903718,0,0,0.575803,0.289066,0,0.66528,12.849,1,0.471092,0.36288,0,30.2,5.69551,24.3963,0.84672,12.849,0.84672,3695.15,0,0,0,0.261274,2.23213,2.59259,1.44092,3.64508,0.42336,0,0.42336,460.49,0,0.789722,0,0,1.051,0.261274,1.028160,1,0,28.0413,0,0,0,28.0413,0
61.2103,2.34433,0,0,1.24976,0.0788388,0.36288,3.6288,56.3594,0.847126,0,0,0.474925,0.287911,0,0.66528,12.849,1,0.480063,0.36288,0,24.3245,5.69551,18.5118,0.84672,12.849,0.84672,3695.15,0,0,0,0.227405,2.23255,2.40909,1.44092,3.42813,0.42336,0,0.42336,460.49,0,0.846314,0,0,1.07372,0.227405,1.028160,1,0,21.9399,0,0,0,21.9399,0
59.5713,2.3349,0,0,1.13664,0.077848,0.36288,3.6288,55.5006,1.01448,0,0,0.442292,0.286676,0,0.66528,12.849,1,0.490132,0.36288,0,22.6759,5.69551,16.8531,0.84672,12.849,0.84672,3695.15,0,0,0,0.227405,2.23297,2.14697,1.44092,3.16643,0.42336,0,0.42336,460.49,0,0.678957,0,0,0.906362,0.227405,1.028160,1,0,20.0195,0,0,0,20.0195,0
57.8251,2.49617,0,0,1.20423,0.0913894,0.36288,3.6288,54.8481,0.854047,0,0,0.494669,0.293025,0,0.66528,12.849,1,0.538403,0.36288,0,22.4313,5.72141,16.5343,0.84672,12.849,0.84672,3695.15,0,0,0,0.227405,2.23338,2.46821,1.44454,3.48446,0.42336,0,0.42336,460.49,0,0.839393,0,0,1.0668,0.227405,1.028160,1,0,20.0188,0,0,0,20.0188,0
56.1108,2.48343,0,0,1.23091,0.0989345,0.36288,3.6288,54.1213,0.897385,0,0,0.478659,0.308128,0,0.66528,12.849,1,0.551829,0.36288,0,23.9082,5.9304,17.7888,0.84672,12.849,0.84672,3695.15,0,0,0,0.227405,2.39957,1.80692,1.48422,2.94966,0.42336,0,0.42336,460.49,0,0.796055,0,0,1.02346,0.227405,1.028160,1,0,20.7385,0,0,0,20.7385,0
54.2605,2.47026,0,0,1.08019,0.097278,0.36288,3.6288,53.3564,0.919987,0,0,0.461782,0.306652,0,0.66528,12.849,1,0.565673,0.36288,0,30.3915,5.9304,24.2583,0.84672,12.849,0.84672,3695.15,0,0,0,0.204422,2.40002,1.73515,1.48422,2.85536,0.42336,0,0.42336,460.49,0,0.773453,0,0,0.977875,0.204422,1.028160,1,0,27.1136,0,0,0,27.1136,0
52.4502,2.45521,0,0,1.1032,0.0954903,0.36288,3.6288,52.7167,0.864562,0,0,0.529706,0.304908,0,0.66528,12.849,1,0.581399,0.36288,0,26.3264,5.9304,20.1775,0.84672,12.849,0.84672,3695.15,0,0,0,0.204422,2.40047,1.80192,1.48422,2.92259,0.42336,0,0.42336,460.49,0,0.828878,0,0,1.0333,0.204422,1.028160,1,0,23.1001,0,0,0,23.1001,0
50.8918,2.43964,0,0,1.33914,0.0949867,0.36288,3.6288,52.2951,0.66528,0,0,0.541153,0.297462,0,0.66528,12.849,1,0.597651,0.36288,0,29.6714,5.83417,23.6025,0.84672,12.849,0.84672,3695.15,0,0,0,0.327197,2.40092,2.31311,1.46104,3.58019,0.42336,0,0.42336,460.49,0,1.02816,0,0,1.35536,0.327197,1.028160,1,0,27.1826,0,0,0,27.1826,0
49.7962,2.34419,0,0,1.71228,0.100815,0.36288,3.6288,52.0783,0.66528,0,0,0.709747,0.261231,0,0.66528,12.849,1,0.591855,0.36288,0,42.5494,5.25682,37.0636,0.84672,12.849,0.84672,3695.15,0,0,0,1.30153,2.40137,2.42214,1.32194,4.8031,0.42336,0,0.42336,460.49,0,1.02816,0,0,2.32969,1.30153,1.028160,1,0,41.8667,0,0,0,41.8667,0
48.4996,2.33437,0,0,1.5003,0.0996582,0.36288,3.6288,51.591,0.66528,0,0,0.438703,0.260776,0,0.66528,12.849,1,0.602341,0.36288,0,43.2011,5.25682,37.7048,0.84672,12.849,0.84672,3695.15,0,0,0,0.657694,2.3058,1.90949,1.32194,3.55105,0.42336,0,0.42336,460.49,0,1.02816,0,0,1.68585,0.657694,1.028160,1,0,41.2559,0,0,0,41.2559,0
46.9367,2.32216,0,0,1.22047,0.0982784,0.36288,3.6288,51.027,0.66528,0,0,0.361085,0.259752,0,0.66528,12.849,1,0.615209,0.36288,0,39.6711,5.25682,34.1619,0.84672,12.849,0.84672,3695.15,0,0,0,0.288179,2.30623,1.72532,1.32194,2.99779,0.42336,0,0.42336,460.49,0,1.02816,0,0,1.31634,0.288179,1.028160,1,0,37.1597,0,0,0,37.1597,0
46.1248,2.30659,0,0,2.01645,0.158866,0.36288,3.6288,50.7065,0.66528,0,0,0.546794,0.202075,0,0.66528,12.849,1,0.631432,0.36288,0,56.4791,4.4263,51.7842,0.84672,12.849,0.84672,3695.15,0,0,0,0.644993,2.30666,2.28565,1.06235,4.17496,0.42336,0,0.42336,460.49,0,1.02816,0,0,1.67315,0.644993,1.028160,1,0,55.9592,0,0,0,55.9592,0
45.3193,2.23293,0,0,1.96879,0.178528,0.36288,3.6288,50.4677,0.66528,0,0,0.599684,0.173203,0,0.66528,12.849,1,0.622027,0.36288,0,61.3832,3.87669,57.2474,0.84672,12.849,0.84672,3695.15,0,0,0,0.54296,2.30709,3.52572,0.938566,5.4372,0.42336,0,0.42336,460.49,0,1.02816,0,0,1.57112,0.54296,1.028160,1,0,62.6846,0,0,0,62.6846,0
45.0278,2.22481,0,0,2.46319,0.166942,0.36288,3.6288,50.3423,0.66528,0,0,0.718342,0.178419,0,0.66528,12.849,1,0.630783,0.36288,0,46.5118,3.906,42.3379,0.84672,12.849,0.84672,3695.15,0,0,0,0.631636,2.22175,3.00435,0.966932,4.89081,0.42336,0,0.42336,460.49,0,1.02816,0,0,1.6598,0.631636,1.028160,1,0,47.2287,0,0,0,47.2287,0
46.0072,2.22214,0,0,3.73075,0.166396,0.36288,3.6288,50.8677,0.66528,0,0,1.36896,0.178237,0,0.66528,12.849,1,0.634101,0.36288,0,50.9293,3.906,46.7521,0.84672,12.849,0.84672,3695.15,0,0,0,2.01587,2.22217,4.38474,0.966932,7.65584,0.42336,0,0.42336,460.49,0,1.02816,0,0,3.04403,2.01587,1.028160,1,0,54.408,0,0,0,54.408,0
45.5437,2.23319,0,0,2.30919,0.176603,0.36288,3.6288,50.937,0.66528,0,0,0.916731,0.182211,0,0.66528,12.849,1,0.62369,0.36288,0,42.3499,3.96399,38.1251,0.84672,12.849,0.84672,3695.15,0,0,0,1.44137,2.22258,4.34267,0.98047,7.02615,0.42336,0,0.42336,460.49,0,1.02816,0,0,2.46953,1.44137,1.028160,1,0,45.1513,0,0,0,45.1513,0
48.5246,2.04313,0,0,5.61904,0.232148,0.36288,3.6288,51.9063,0.66528,0,0,1.8157,0.181124,0,0.66528,12.849,1,0.576416,0.36288,0,112.377,4.21896,107.945,0.84672,12.849,0.84672,3695.15,0,0,0,2.50234,2.223,9.03874,1.01295,12.7511,0.42336,0,0.42336,460.49,0,1.02816,0,0,3.5305,2.50234,1.028160,1,0,120.696,0,0,0,120.696,0
52.2749,2.07159,0,0,6.43362,0.248865,0.36288,3.6288,53.4944,0.66528,0,0,2.40849,0.155065,0,0.66528,12.849,1,0.548544,0.36288,0,134.421,4.095,130.14,0.84672,12.849,0.84672,3695.15,0,0,0,3.38353,2.03274,10.5157,0.94794,14.9841,0.42336,0,0.42336,460.49,0,1.02816,0,0,4.41169,3.38353,1.028160,1,0,145.125,0,0,0,145.125,0
56.3227,2.10366,0,0,6.77328,0.258917,0.36288,3.6288,56.0418,0.66528,0,0,3.36969,0.157052,0,0.66528,12.849,1,0.517072,0.36288,0,156.838,4.095,152.588,0.84672,12.849,0.84672,3695.15,0,0,0,4.73278,2.03312,13.3127,0.94794,19.1306,0.42336,0,0.42336,460.49,0,1.02816,0,0,5.76094,4.73278,1.028160,1,0,171.719,0,0,0,171.719,0
58.6296,2.1344,0,0,5.07564,0.271475,0.36288,3.6288,57.6002,0.66528,0,0,2.40674,0.183085,0,0.66528,12.849,1,0.486924,0.36288,0,145.282,4.45631,140.701,0.84672,12.849,0.84672,3695.15,0,0,0,3.32948,2.03349,10.1873,1.09044,14.4599,0.42336,0,0.42336,460.49,0,1.02816,0,0,4.35764,3.32948,1.028160,1,0,155.161,0,0,0,155.161,0
62.8417,2.1506,0,0,6.98581,0.260236,0.36288,3.6288,60.0066,0.66528,0,0,3.30199,0.230264,0,0.66528,12.849,1,0.471316,0.36288,0,142.958,4.895,137.955,0.84672,12.849,0.84672,3695.15,0,0,0,4.51152,2.03387,12.9213,1.44302,18.0237,0.42336,0,0.42336,460.49,0,1.02816,0,0,5.53968,4.51152,1.028160,1,0,155.979,0,0,0,155.979,0
69.3676,2.25338,0,0,9.45305,0.310903,0.36288,3.6288,61.308,0.66528,0,0,3.4348,0.21815,1.24997,0.66528,12.849,1,0.460741,0.36288,0,201.653,3.92196,197.633,0.84672,12.849,0.84672,3695.15,0,0,0,4.79302,2.03425,13.9234,1.15916,19.5915,0.42336,0,0.42336,460.49,0,1.02816,0,0,5.82118,4.79302,1.028160,1,0,218.475,0,0,0,218.475,0
72.29,2.29045,0,0,8.04488,0.327487,2.50451,3.6288,61.308,0.66528,0,0,3.38386,0.21996,2.49862,0.66528,12.849,1,0.424261,2.50451,0,186.513,3.92196,184.672,0.84672,12.849,0.84672,3695.15,0,0,0,4.07294,2.09413,9.24592,1.15916,14.2538,0.42336,0,0.42336,460.49,0,1.02816,0,0,5.1011,4.07294,1.028160,1,0,201.424,0,0,0,201.424,0
72.29,2.30551,0,0,7.22762,0.334913,4.5872,3.6288,61.308,0.66528,0,0,3.22326,0.21996,2.33802,0.66528,12.849,1,0.409786,4.5872,0,172.799,3.92196,173.055,0.84672,12.849,0.84672,3695.15,0,0,0,3.89175,2.0945,9.08686,1.15916,13.914,0.42336,0,0.42336,460.49,0,1.02816,0,0,4.91991,3.89175,1.028160,1,0,189.307,0,0,0,189.307,0
72.29,2.306,0,0,6.53294,0.348968,3.87796,3.6288,61.308,0.66528,0,0,2.95561,0.157928,2.13241,0.66528,12.849,1,0.409875,3.87796,0,217.682,3.26379,217.887,0.84672,12.849,0.84672,3695.15,0,0,0,3.18566,2.09487,7.97714,0.812508,12.4452,0.42336,0,0.42336,460.49,0,1.02816,0,0,4.21382,3.18566,1.028160,1,0,232.464,0,0,0,232.464,0
72.29,2.55652,0,0,4.20801,0.331948,1.31954,3.6288,61.308,0.66528,0,0,3.52111,0.150421,2.70541,0.66528,12.849,1,0.454401,1.31954,0,111.929,3.40621,109.388,0.84672,12.849,0.84672,3695.15,0,0,0,2.05022,2.09525,7.53469,0.827037,10.8531,0.42336,0,0.42336,460.49,0,1.02816,0,0,3.07838,2.05022,1.028160,1,0,122.946,0,0,0,122.946,0
72.29,2.55706,0,0,4.71753,0.317427,1.84304,3.6288,61.308,0.66528,0,0,3.37647,0.152544,2.55865,0.66528,12.849,1,0.454498,1.84304,0,142.049,3.5953,139.843,0.84672,12.849,0.84672,3695.15,0,0,0,3.4418,2.30987,10.5461,0.881264,15.4165,0.42336,0,0.42336,460.49,0,1.02816,0,0,4.46996,3.4418,1.028160,1,0,157.818,0,0,0,157.818,0
72.29,2.55761,0,0,4.30326,0.365881,1.37977,3.6288,61.308,0.66528,0,0,3.26445,0.136792,2.46238,0.66528,12.849,1,0.454595,1.37977,0,121.3,3.70774,118.517,0.84672,12.849,0.84672,3695.15,0,0,0,3.83835,2.31029,9.02621,0.834042,14.3408,0.42336,0,0.42336,460.49,0,1.02816,0,0,4.86651,3.83835,1.028160,1,0,135.32,0,0,0,135.32,0
72.29,2.55815,0,0,6.93393,0.403578,3.9722,3.6288,61.308,0.66528,0,0,2.85066,0.174171,2.0112,0.66528,12.849,1,0.454692,3.9722,0,176.647,3.61641,176.548,0.84672,12.849,0.84672,3695.15,0,0,0,3.18884,2.3107,10.4449,0.886128,15.0583,0.42336,0,0.42336,460.49,0,1.02816,0,0,4.217,3.18884,1.028160,1,0,193.618,0,0,0,193.618,0
72.29,2.20182,0,0,3.98,0.342704,1.43547,3.6288,61.308,0.66528,0,0,1.6483,0.14642,0.836596,0.66528,12.849,1,0.391357,1.43547,0,137.334,3.41938,134.958,0.84672,12.849,0.84672,3695.15,0,0,0,1.49512,2.31111,6.48398,0.899181,9.39103,0.42336,0,0.42336,460.49,0,1.02816,0,0,2.52328,1.49512,1.028160,1,0,145.186,0,0,0,145.186,0
72.29,2.2023,0,0,4.61353,0.312989,2.09824,3.6288,61.308,0.66528,0,0,1.90305,0.193526,1.04424,0.66528,12.849,1,0.391442,2.09824,0,147.71,4.0137,145.403,0.84672,12.849,0.84672,3695.15,0,0,0,2.3095,2.01912,7.61603,1.00478,10.9399,0.42336,0,0.42336,460.49,0,1.02816,0,0,3.33766,2.3095,1.028160,1,0,157.388,0,0,0,157.388,0
72.29,2.20277,0,0,4.16648,0.324369,1.63934,3.6288,61.308,0.66528,0,0,3.16952,0.152362,2.35188,0.66528,12.849,1,0.391526,1.63934,0,203.824,3.34162,201.73,0.84672,12.849,0.84672,3695.15,0,0,0,2.79924,2.01947,7.33423,0.807443,11.3455,0.42336,0,0.42336,460.49,0,1.02816,0,0,3.8274,2.79924,1.028160,1,0,215.427,0,0,0,215.427,0
72.29,2.20325,0,0,4.62523,0.324369,2.09761,3.6288,61.308,0.66528,0,0,2.32983,0.152362,1.51219,0.66528,12.849,1,0.391611,2.09761,0,155.108,3.34162,153.472,0.84672,12.849,0.84672,3695.15,0,0,0,3.60552,2.01983,7.67298,0.807443,12.4909,0.42336,0,0.42336,460.49,0,1.02816,0,0,4.63368,3.60552,1.028160,1,0,167.475,0,0,0,167.475,0
72.29,2.20373,0,0,7.76066,0.321199,5.23574,3.6288,61.308,0.66528,0,0,4.57248,0.156546,3.75065,0.66528,12.849,1,0.391696,5.23574,0,167.487,3.33534,168.996,0.84672,12.849,0.84672,3695.15,0,0,0,4.84998,2.02019,10.348,0.808161,16.41,0.42336,0,0.42336,460.49,0,1.02816,0,0,5.87814,4.84998,1.028160,1,0,189.157,0,0,0,189.157,0
72.29,2.29412,0,0,3.76987,0.301229,1.17452,3.6288,61.308,0.66528,0,0,2.1432,0.175186,1.30273,0.66528,12.849,1,0.407763,1.17452,0,124.019,3.28863,121.498,0.84672,12.849,0.84672,3695.15,0,0,0,3.01514,2.02054,8.23599,0.827297,12.4444,0.42336,0,0.42336,460.49,0,1.02816,0,0,4.0433,3.01514,1.028160,1,0,135.245,0,0,0,135.245,0
72.29,2.29462,0,0,6.76585,0.291792,4.17944,3.6288,61.308,0.66528,0,0,3.43373,0.19646,2.57199,0.66528,12.849,1,0.407851,4.17944,0,230.927,4.01275,230.686,0.84672,12.849,0.84672,3695.15,0,0,0,4.32359,2.09306,12.6727,0.994968,18.0944,0.42336,0,0.42336,460.49,0,1.02816,0,0,5.35175,4.32359,1.028160,1,0,251.353,0,0,0,251.353,0
72.29,2.29511,0,0,4.6608,0.262198,2.10349,3.6288,61.308,0.66528,0,0,2.29776,0.189811,1.44267,0.66528,12.849,1,0.407939,2.10349,0,151.43,4.31035,148.815,0.84672,12.849,0.84672,3695.15,0,0,0,3.25774,2.09344,8.4958,1.05276,12.7942,0.42336,0,0.42336,460.49,0,1.02816,0,0,4.2859,3.25774,1.028160,1,0,163.052,0,0,0,163.052,0
72.29,2.29561,0,0,3.73853,0.262198,1.18072,3.6288,61.308,0.66528,0,0,2.12722,0.189811,1.27213,0.66528,12.849,1,0.408027,1.18072,0,122.869,4.31035,119.332,0.84672,12.849,0.84672,3695.15,0,0,0,2.81936,2.09381,7.31868,1.05276,11.1791,0.42336,0,0.42336,460.49,0,1.02816,0,0,3.84752,2.81936,1.028160,1,0,131.783,0,0,0,131.783,0
72.29,2.26092,0,0,3.54443,0.213661,1.06985,3.6288,61.308,0.66528,0,0,3.20459,0.222149,2.31716,0.66528,12.849,1,0.401861,1.06985,0,95.0435,3.90599,91.8055,0.84672,12.849,0.84672,3695.15,0,0,0,3.8335,2.09418,7.20541,1.04016,12.0929,0.42336,0,0.42336,460.49,0,1.02816,0,0,4.86166,3.8335,1.028160,1,0,106.216,0,0,0,106.216,0
72.29,2.2614,0,0,3.75846,0.205572,1.29148,3.6288,61.308,0.66528,0,0,2.1691,0.227538,1.27628,0.66528,12.849,1,0.401948,1.29148,0,112.11,3.83859,109.161,0.84672,12.849,0.84672,3695.15,0,0,0,2.73525,2.06645,4.69439,1.03806,8.45803,0.42336,0,0.42336,460.49,0,1.02816,0,0,3.76341,2.73525,1.028160,1,0,118.895,0,0,0,118.895,0
72.29,2.26189,0,0,2.86432,0.205572,0.396859,3.6288,61.308,0.66528,0,0,1.66033,0.227538,0.767513,0.66528,12.849,1,0.402034,0.396859,0,83.6819,3.83859,79.8381,0.84672,12.849,0.84672,3695.15,0,0,0,2.69379,2.06682,4.5218,1.03806,8.24434,0.42336,0,0.42336,460.49,0,1.02816,0,0,3.72195,2.69379,1.028160,1,0,88.8499,0,0,0,88.8499,0
72.1634,2.26238,0,0,2.70428,0.205572,0.36288,3.6288,61.308,0.66528,0,0,1.36116,0.227538,0.468345,0.66528,12.849,1,0.402121,0.36288,0,61.838,3.83859,57.9602,0.84672,12.849,0.84672,3695.15,0,0,0,1.8394,2.06718,3.85856,1.03806,6.72708,0.42336,0,0.42336,460.49,0,1.02816,0,0,2.86756,1.8394,1.028160,1,0,65.1556,0,0,0,65.1556,0
71.7933,2.38176,0,0,2.53157,0.157097,0.36288,3.6288,61.308,0.66528,0,0,1.41261,0.239252,0.508073,0.66528,12.849,1,0.424083,0.36288,0,61.6498,4.25584,57.3327,0.84672,12.849,0.84672,3695.15,0,0,0,1.70128,2.06755,3.91286,1.09506,6.58662,0.42336,0,0.42336,460.49,0,1.02816,0,0,2.72944,1.70128,1.028160,1,0,64.4274,0,0,0,64.4274,0
71.5833,2.38042,0,0,2.67708,0.143719,0.36288,3.6288,61.308,0.66528,0,0,1.55314,0.243215,0.64464,0.66528,12.849,1,0.426029,0.36288,0,65.1655,4.57832,60.524,0.84672,12.849,0.84672,3695.15,0,0,0,1.73042,2.16646,4.13985,1.08808,6.94865,0.42336,0,0.42336,460.49,0,1.02816,0,0,2.75858,1.73042,1.028160,1,0,68.1173,0,0,0,68.1173,0
71.2837,2.37987,0,0,2.58657,0.143489,0.36288,3.6288,61.308,0.66528,0,0,1.58428,0.243215,0.675787,0.66528,12.849,1,0.42718,0.36288,0,62.1312,4.57832,57.4886,0.84672,12.849,0.84672,3695.15,0,0,0,2.03091,2.16685,3.95976,1.08808,7.06944,0.42336,0,0.42336,460.49,0,1.02816,0,0,3.05907,2.03091,1.028160,1,0,65.2338,0,0,0,65.2338,0
70.7484,2.37886,0,0,2.37406,0.167559,0.36288,3.6288,61.308,0.66528,0,0,1.48508,0.236631,0.583166,0.66528,12.849,1,0.428793,0.36288,0,58.4194,4.15524,54.1983,0.84672,12.849,0.84672,3695.15,0,0,0,1.8943,2.16723,3.61111,1.10441,6.56825,0.42336,0,0.42336,460.49,0,1.02816,0,0,2.92246,1.8943,1.028160,1,0,61.3497,0,0,0,61.3497,0
70.3565,2.37662,0,0,2.47055,0.122935,0.36288,3.6288,61.308,0.66528,0,0,1.485,0.246421,0.573299,0.66528,12.849,1,0.431631,0.36288,0,56.6273,4.15223,52.4064,0.84672,12.849,0.84672,3695.15,0,0,0,2.02764,2.16762,4.22135,1.14137,7.27524,0.42336,0,0.42336,460.49,0,1.02816,0,0,3.0558,2.02764,1.028160,1,0,60.2549,0,0,0,60.2549,0
71.1374,2.35154,0,0,3.60337,0.108101,0.36288,3.6288,61.308,0.66528,0,0,1.46128,0.204738,0.591265,0.66528,12.849,1,0.429454,0.36288,0,66.5677,4.25197,62.2492,0.84672,12.849,0.84672,3695.15,0,0,0,2.29041,2.16801,7.93299,1.05741,11.334,0.42336,0,0.42336,460.49,0,1.02816,0,0,3.31857,2.29041,1.028160,1,0,74.1745,0,0,0,74.1745,0
71.5123,2.35604,0,0,3.20254,0.108751,0.36288,3.6288,61.308,0.66528,0,0,1.37271,0.204738,0.502697,0.66528,12.849,1,0.425553,0.36288,0,62.724,4.25197,58.4093,0.84672,12.849,0.84672,3695.15,0,0,0,2.0596,2.20287,7.1375,1.05741,10.3426,0.42336,0,0.42336,460.49,0,1.02816,0,0,3.08776,2.0596,1.028160,1,0,69.2546,0,0,0,69.2546,0
71.6886,2.35843,0,0,2.99631,0.0986615,0.36288,3.6288,61.308,0.66528,0,0,1.3183,0.214634,0.438386,0.66528,12.849,1,0.423753,0.36288,0,61.3424,4.46102,56.8206,0.84672,12.849,0.84672,3695.15,0,0,0,1.96495,2.20326,6.91779,1.12211,9.96389,0.42336,0,0.42336,460.49,0,1.02816,0,0,2.99311,1.96495,1.028160,1,0,67.2228,0,0,0,67.2228,0
72.2062,2.35982,0,0,3.31307,0.0727555,0.36288,3.6288,61.308,0.66528,0,0,1.34635,0.239375,0.44169,0.66528,12.849,1,0.42296,0.36288,0,59.8063,4.98362,54.7626,0.84672,12.849,0.84672,3695.15,0,0,0,2.11523,2.20366,7.04056,1.28387,10.0756,0.42336,0,0.42336,460.49,0,1.02816,0,0,3.14339,2.11523,1.028160,1,0,65.2798,0,0,0,65.2798,0
72.29,2.42404,0,0,3.32896,0.0756896,0.745427,3.6288,61.308,0.66528,0,0,1.44354,0.273787,0.504469,0.66528,12.849,1,0.431355,0.745427,0,58.9514,5.39221,53.8733,0.84672,12.849,0.84672,3695.15,0,0,0,1.83699,2.20405,6.21933,1.39913,8.86124,0.42336,0,0.42336,460.49,0,1.02816,0,0,2.86515,1.83699,1.028160,1,0,63.239,0,0,0,63.239,0
72.29,2.42499,0,0,3.1716,0.0767973,0.669814,3.6288,61.308,0.66528,0,0,1.27408,0.287552,0.321248,0.66528,12.849,1,0.431023,0.669814,0,56.5475,5.55566,51.2306,0.84672,12.849,0.84672,3695.15,0,0,0,1.88679,2.25335,6.21588,1.44524,8.91078,0.42336,0,0.42336,460.49,0,1.02816,0,0,2.91495,1.88679,1.028160,1,0,60.4627,0,0,0,60.4627,0
72.29,2.42551,0,0,2.96789,0.0767973,0.46559,3.6288,61.308,0.66528,0,0,1.17935,0.287552,0.226519,0.66528,12.849,1,0.431115,0.46559,0,51.0486,5.55566,45.5274,0.84672,12.849,0.84672,3695.15,0,0,0,1.7617,2.25375,5.54761,1.44524,8.11782,0.42336,0,0.42336,460.49,0,1.02816,0,0,2.78986,1.7617,1.028160,1,0,53.8717,0,0,0,53.8717,0
72.149,2.42602,0,0,2.72467,0.0767973,0.36288,3.6288,61.308,0.66528,0,0,1.1664,0.287552,0.213568,0.66528,12.849,1,0.431207,0.36288,0,46.6644,5.55566,41.0404,0.84672,12.849,0.84672,3695.15,0,0,0,1.53255,2.25415,5.42574,1.44524,7.76721,0.42336,0,0.42336,460.49,0,1.02816,0,0,2.56071,1.53255,1.028160,1,0,49.0212,0,0,0,49.0212,0
72.29,2.60498,0,0,3.27589,0.073385,0.456489,3.6288,61.308,0.66528,0,0,1.36593,0.28126,0.419392,0.66528,12.849,1,0.463921,0.456489,0,46.3953,5.85067,40.5372,0.84672,12.849,0.84672,3695.15,0,0,0,2.22881,2.25456,7.96651,1.49187,10.958,0.42336,0,0.42336,460.49,0,1.02816,0,0,3.25697,2.22881,1.028160,1,0,51.9146,0,0,0,51.9146,0
72.2675,2.6063,0,0,3.02975,0.0830917,0.36288,3.6288,61.308,0.66528,0,0,1.13454,0.296261,0.173003,0.66528,12.849,1,0.463251,0.36288,0,41.7663,6.3547,35.3112,0.84672,12.849,0.84672,3695.15,0,0,0,1.84904,2.42243,5.39821,1.53166,8.13802,0.42336,0,0.42336,460.49,0,1.02816,0,0,2.8772,1.84904,1.028160,1,0,43.6222,0,0,0,43.6222,0
72.29,2.60674,0,0,3.22625,0.0830775,0.5139,3.6288,61.308,0.66528,0,0,1.39556,0.296261,0.434018,0.66528,12.849,1,0.463472,0.5139,0,53.149,6.3547,46.8447,0.84672,12.849,0.84672,3695.15,0,0,0,2.51803,2.42286,6.02962,1.53166,9.43886,0.42336,0,0.42336,460.49,0,1.02816,0,0,3.54619,2.51803,1.028160,1,0,56.7176,0,0,0,56.7176,0
71.8908,2.60741,0,0,2.65423,0.0830917,0.36288,3.6288,61.308,0.66528,0,0,1.01636,0.296261,0.0548167,0.66528,12.849,1,0.463448,0.36288,0,48.6929,6.3547,42.2376,0.84672,12.849,0.84672,3695.15,0,0,0,1.39545,2.4233,4.93849,1.53166,7.22558,0.42336,0,0.42336,460.49,0,1.02816,0,0,2.42361,1.39545,1.028160,1,0,49.518,0,0,0,49.518,0
72.147,2.60578,0,0,3.30762,0.0828401,0.36288,3.6288,61.308,0.66528,0,0,1.76065,0.296261,0.799109,0.66528,12.849,1,0.46573,0.36288,0,47.4641,6.3547,41.0065,0.84672,12.849,0.84672,3695.15,0,0,0,3.76136,2.42373,7.7023,1.53166,12.3557,0.42336,0,0.42336,460.49,0,1.02816,0,0,4.78952,3.76136,1.028160,1,0,54.1614,0,0,0,54.1614,0
70.9834,2.52035,0,0,1.83526,0.115569,0.36288,3.6288,61.308,0.66528,0,0,1.04518,0.241796,0.138105,0.66528,12.849,1,0.448861,0.36288,0,28.1134,5.90184,22.1256,0.84672,12.849,0.84672,3695.15,0,0,0,0.911581,2.42417,6.46212,1.39198,8.40588,0.42336,0,0.42336,460.49,0,1.02816,0,0,1.93974,0.911581,1.028160,1,0,30.6696,0,0,0,30.6696,0
69.159,2.51465,0,0,1.16769,0.114548,0.36288,3.6288,61.136,0.66528,0,0,0.735048,0.241796,0,0.66528,12.849,1,0.455187,0.36288,0,42.9094,5.90184,36.9152,0.84672,12.849,0.84672,3695.15,0,0,0,0.532526,2.32759,4.43047,1.39198,5.89861,0.42336,0,0.42336,460.49,0,1.02816,0,0,1.56069,0.532526,1.028160,1,0,42.8138,0,0,0,42.8138,0
67.1356,2.50506,0,0,0.957442,0.112946,0.36288,3.6288,60.7318,0.833898,0,0,0.671227,0.241533,0,0.66528,12.849,1,0.465413,0.36288,0,24.893,5.90184,18.8887,0.84672,12.849,0.84672,3695.15,0,0,0,0.216518,2.32801,3.16603,1.39198,4.31858,0.42336,0,0.42336,460.49,0,0.859542,0,0,1.07606,0.216518,1.028160,1,0,23.2073,0,0,0,23.2073,0
66.4492,2.49382,0,0,2.35569,0.185325,0.36288,3.6288,60.8873,0.66528,0,0,1.06764,0.246812,0,0.66528,12.849,1,0.477289,0.36288,0,33.1427,5.43864,27.5896,0.84672,12.849,0.84672,3695.15,0,0,0,1.39094,2.32843,8.2351,1.29242,10.662,0.42336,0,0.42336,460.49,0,1.02816,0,0,2.4191,1.39094,1.028160,1,0,38.2517,0,0,0,38.2517,0
65.124,2.41934,0,0,1.6963,0.239272,0.36288,3.6288,61.1995,0.66528,0,0,1.22086,0.243406,0,0.66528,12.849,1,0.467818,0.36288,0,43.3709,4.99025,38.2757,0.84672,12.849,0.84672,3695.15,0,0,0,1.21347,2.32884,7.48695,1.20385,9.82541,0.42336,0,0.42336,460.49,0,1.02816,0,0,2.24163,1.21347,1.028160,1,0,48.1011,0,0,0,48.1011,0
63.087,2.41191,0,0,0.986066,0.248282,0.36288,3.6288,61.2746,0.66528,0,0,0.971041,0.230685,0,0.66528,12.849,1,0.47587,0.36288,0,44.8527,4.80133,39.9384,0.84672,12.849,0.84672,3695.15,0,0,0,0.841234,2.24261,4.95206,1.18946,6.84645,0.42336,0,0.42336,460.49,0,1.02816,0,0,1.86939,0.841234,1.028160,1,0,46.7849,0,0,0,46.7849,0
60.9346,2.39966,0,0,0.854296,0.244224,0.36288,3.6288,61.308,0.66528,0,0,0.942175,0.230794,0.01266,0.66528,12.849,1,0.48874,0.36288,0,30.9583,4.80133,26.0311,0.84672,12.849,0.84672,3695.15,0,0,0,0.852172,2.24301,4.33442,1.18946,6.24015,0.42336,0,0.42336,460.49,0,1.02816,0,0,1.88033,0.852172,1.028160,1,0,32.2839,0,0,0,32.2839,0
60.7161,2.38591,0,0,2.74613,0.215776,0.36288,3.6288,61.308,0.66528,0,0,1.37898,0.220915,0.492783,0.66528,12.849,1,0.503106,0.36288,0,58.1008,4.56133,53.3992,0.84672,12.849,0.84672,3695.15,0,0,0,1.58266,2.24341,9.23702,1.24312,11.82,0.42336,0,0.42336,460.49,0,1.02816,0,0,2.61082,1.58266,1.028160,1,0,65.712,0,0,0,65.712,0
61.029,2.18651,0,0,3.12576,0.263472,0.36288,3.6288,61.308,0.66528,0,0,1.86614,0.18631,1.01455,0.66528,12.849,1,0.462719,0.36288,0,87.2735,3.711,83.4627,0.84672,12.849,0.84672,3695.15,0,0,0,2.36297,2.24381,15.7865,1.0221,19.3712,0.42336,0,0.42336,460.49,0,1.02816,0,0,3.39113,2.36297,1.028160,1,0,103.848,0,0,0,103.848,0
58.7821,2.18895,0,0,0.612925,0.308009,0.36288,3.6288,61.308,0.66528,0,0,1.141,0.226205,0.249514,0.66528,12.849,1,0.460859,0.36288,0,48.2758,4.27928,43.8986,0.84672,12.849,0.84672,3695.15,0,0,0,1.16028,2.0516,9.13481,1.04401,11.3027,0.42336,0,0.42336,460.49,0,1.02816,0,0,2.18844,1.16028,1.028160,1,0,55.4508,0,0,0,55.4508,0
56.9036,2.17496,0,0,0.961037,0.301711,0.36288,3.6288,61.308,0.66528,0,0,1.24617,0.226205,0.354688,0.66528,12.849,1,0.475417,0.36288,0,54.7124,4.27928,50.3206,0.84672,12.849,0.84672,3695.15,0,0,0,1.3196,2.05196,9.11848,1.04401,11.446,0.42336,0,0.42336,460.49,0,1.02816,0,0,2.34776,1.3196,1.028160,1,0,62.1213,0,0,0,62.1213,0
56.1005,2.16262,0,0,2.01607,0.293645,0.36288,3.6288,61.308,0.66528,0,0,1.80663,0.227406,0.913947,0.66528,12.849,1,0.488326,0.36288,0,48.5662,4.34383,44.0969,0.84672,12.849,0.84672,3695.15,0,0,0,2.00192,2.05232,12.976,1.099,15.9312,0.42336,0,0.42336,460.49,0,1.02816,0,0,3.03008,2.00192,1.028160,1,0,60.9421,0,0,0,60.9421,0
55.8803,2.1574,0,0,2.576,0.275955,0.36288,3.6288,61.308,0.66528,0,0,1.93693,0.234614,1.03704,0.66528,12.849,1,0.49412,0.36288,0,70.4839,4.73119,65.6215,0.84672,12.849,0.84672,3695.15,0,0,0,2.02918,2.05269,12.493,1.42893,15.1459,0.42336,0,0.42336,460.49,0,1.02816,0,0,3.05734,2.02918,1.028160,1,0,81.8045,0,0,0,81.8045,0
56.7474,2.23152,0,0,3.7266,0.265101,0.36288,3.6288,61.308,0.66528,0,0,1.19768,0.214676,0.317721,0.66528,12.849,1,0.513111,0.36288,0,67.4274,4.51825,62.7589,0.84672,12.849,0.84672,3695.15,0,0,0,1.32659,2.05305,8.33967,1.38257,10.3367,0.42336,0,0.42336,460.49,0,1.02816,0,0,2.35475,1.32659,1.028160,1,0,73.4134,0,0,0,73.4134,0
56.8843,2.23837,0,0,3.00383,0.265666,0.36288,3.6288,61.308,0.66528,0,0,0.911416,0.211353,0.0347837,0.66528,12.849,1,0.506822,0.36288,0,73.7343,4.48276,69.1076,0.84672,12.849,0.84672,3695.15,0,0,0,0.827807,2.11352,6.98898,1.37484,8.55547,0.42336,0,0.42336,460.49,0,1.02816,0,0,1.85597,0.827807,1.028160,1,0,77.6978,0,0,0,77.6978,0
56.8431,2.23983,0,0,2.8223,0.260843,0.36288,3.6288,61.2684,0.66528,0,0,0.83465,0.20892,0,0.66528,12.849,1,0.505931,0.36288,0,55.8534,4.46687,51.2435,0.84672,12.849,0.84672,3695.15,0,0,0,0.664891,2.11388,7.51127,1.34742,8.94262,0.42336,0,0.42336,460.49,0,1.02816,0,0,1.69305,0.664891,1.028160,1,0,60.1861,0,0,0,60.1861,0
56.5186,2.23998,0,0,2.51444,0.236089,0.36288,3.6288,61.1846,0.66528,0,0,0.800971,0.219544,0,0.66528,12.849,1,0.506334,0.36288,0,81.1415,4.06112,76.937,0.84672,12.849,0.84672,3695.15,0,0,0,0.622348,2.11423,6.50825,1.0588,8.18603,0.42336,0,0.42336,460.49,0,1.02816,0,0,1.65051,0.622348,1.028160,1,0,85.123,0,0,0,85.123,0
55.9672,2.4804,0,0,2.54858,0.256628,0.36288,3.6288,61.308,0.66528,0,0,0.994853,0.192296,0.0138742,0.66528,12.849,1,0.563898,0.36288,0,61.1175,3.70653,57.2099,0.84672,12.849,0.84672,3695.15,0,0,0,0.83903,2.11459,6.49202,1.02143,8.42421,0.42336,0,0.42336,460.49,0,1.02816,0,0,1.86719,0.83903,1.028160,1,0,65.648,0,0,0,65.648,0
56.6097,2.47639,0,0,3.74787,0.266124,0.36288,3.6288,61.3014,0.66528,0,0,0.831591,0.172939,0,0.66528,12.849,1,0.56853,0.36288,0,62.5642,3.68025,58.6783,0.84672,12.849,0.84672,3695.15,0,0,0,1.03249,2.33136,7.67232,1.17745,9.85872,0.42336,0,0.42336,460.49,0,1.02816,0,0,2.06065,1.03249,1.028160,1,0,68.5371,0,0,0,68.5371,0
58.1522,2.48215,0,0,4.65535,0.267825,0.36288,3.6288,61.3056,0.66528,0,0,0.842469,0.172932,0,0.66528,12.849,1,0.563386,0.36288,0,89.5139,3.68025,85.6331,0.84672,12.849,0.84672,3695.15,0,0,0,1.1994,2.33176,8.42141,1.17745,10.7751,0.42336,0,0.42336,460.49,0,1.02816,0,0,2.22756,1.1994,1.028160,1,0,96.4082,0,0,0,96.4082,0
59.6954,2.49489,0,0,4.67285,0.271908,0.36288,3.6288,61.308,0.66528,0,0,0.933924,0.172937,0.0933355,0.66528,12.849,1,0.551258,0.36288,0,82.8058,3.68025,78.9371,0.84672,12.849,0.84672,3695.15,0,0,0,1.26649,2.33216,8.87242,1.17745,11.2936,0.42336,0,0.42336,460.49,0,1.02816,0,0,2.29465,1.26649,1.028160,1,0,90.3241,0,0,0,90.3241,0
61.949,2.15779,0,0,5.06199,0.287715,0.36288,3.6288,61.308,0.66528,0,0,1.4285,0.157953,0.60527,0.66528,12.849,1,0.464449,0.36288,0,90.0919,3.47869,86.5116,0.84672,12.849,0.84672,3695.15,0,0,0,2.18249,2.33255,11.3373,1.05667,14.7957,0.42336,0,0.42336,460.49,0,1.02816,0,0,3.21065,2.18249,1.028160,1,0,101.913,0,0,0,101.913,0
66.083,2.17223,0,0,6.97844,0.309307,0.36288,3.6288,61.308,0.66528,0,0,1.72854,0.13797,0.925285,0.66528,12.849,1,0.450548,0.36288,0,98.1418,3.20996,94.8441,0.84672,12.849,0.84672,3695.15,0,0,0,2.49029,2.0376,12.4399,0.895637,16.0721,0.42336,0,0.42336,460.49,0,1.02816,0,0,3.51845,2.49029,1.028160,1,0,111.842,0,0,0,111.842,0
68.8533,2.19628,0,0,5.64928,0.319835,0.36288,3.6288,61.308,0.66528,0,0,1.22167,0.13797,0.41842,0.66528,12.849,1,0.427038,0.36288,0,98.3915,3.20996,95.1173,0.84672,12.849,0.84672,3695.15,0,0,0,1.22461,2.03795,8.5352,0.895637,10.9021,0.42336,0,0.42336,460.49,0,1.02816,0,0,2.25277,1.22461,1.028160,1,0,106.438,0,0,0,106.438,0
69.8818,2.21121,0,0,3.92945,0.32689,0.36288,3.6288,61.308,0.66528,0,0,0.872778,0.13797,0.069528,0.66528,12.849,1,0.412643,0.36288,0,91.2358,3.20996,87.9761,0.84672,12.849,0.84672,3695.15,0,0,0,0.96768,2.03829,8.20524,0.895637,10.3156,0.42336,0,0.42336,460.49,0,1.02816,0,0,1.99584,0.96768,1.028160,1,0,98.3612,0,0,0,98.3612,0
71.4069,2.2168,0,0,4.36759,0.262782,0.36288,3.6288,61.308,0.66528,0,0,0.773064,0.101872,0.00591161,0.66528,12.849,1,0.407597,0.36288,0,82.9017,2.68679,80.1702,0.84672,12.849,0.84672,3695.15,0,0,0,0.783346,2.03863,7.75475,0.820485,9.75624,0.42336,0,0.42336,460.49,0,1.02816,0,0,1.81151,0.783346,1.028160,1,0,89.9323,0,0,0,89.9323,0
72.29,2.31528,0,0,5.71044,0.319358,2.1927,3.6288,61.308,0.66528,0,0,1.59734,0.155832,0.776225,0.66528,12.849,1,0.416613,2.1927,0,116.857,3.38499,115.248,0.84672,12.849,0.84672,3695.15,0,0,0,2.66848,2.03898,7.73582,0.812279,11.631,0.42336,0,0.42336,460.49,0,1.02816,0,0,3.69664,2.66848,1.028160,1,0,127.655,0,0,0,127.655,0
72.29,2.32008,0,0,5.0051,0.321513,2.36351,3.6288,61.308,0.66528,0,0,1.3444,0.155832,0.523289,0.66528,12.849,1,0.412376,2.36351,0,93.6835,3.38499,92.2497,0.84672,12.849,0.84672,3695.15,0,0,0,2.70791,2.1122,6.611,0.812279,10.6188,0.42336,0,0.42336,460.49,0,1.02816,0,0,3.73607,2.70791,1.028160,1,0,103.392,0,0,0,103.392,0
72.29,2.32055,0,0,7.59294,0.319335,4.95306,3.6288,61.308,0.66528,0,0,1.5741,0.13477,0.774055,0.66528,12.849,1,0.41246,4.95306,0,154.062,2.6403,155.962,0.84672,12.849,0.84672,3695.15,0,0,0,4.05054,2.11256,18.2309,0.672015,23.722,0.42336,0,0.42336,460.49,0,1.02816,0,0,5.0787,4.05054,1.028160,1,0,180.458,0,0,0,180.458,0
72.29,2.32103,0,0,4.95303,0.269702,2.3623,3.6288,61.308,0.66528,0,0,1.27418,0.170776,0.43812,0.66528,12.849,1,0.412545,2.3623,0,93.3085,2.75069,92.5076,0.84672,12.849,0.84672,3695.15,0,0,0,2.92572,2.11291,8.26589,0.753945,12.5506,0.42336,0,0.42336,460.49,0,1.02816,0,0,3.95388,2.92572,1.028160,1,0,105.496,0,0,0,105.496,0
72.29,2.28597,0,0,4.81601,0.234603,2.29544,3.6288,61.308,0.66528,0,0,1.31177,0.199128,0.44736,0.66528,12.849,1,0.406313,2.29544,0,84.7696,3.67356,82.9852,0.84672,12.849,0.84672,3695.15,0,0,0,2.40932,2.11327,9.4468,0.938993,13.0304,0.42336,0,0.42336,460.49,0,1.02816,0,0,3.43748,2.40932,1.028160,1,0,96.463,0,0,0,96.463,0
72.29,2.28643,0,0,4.9794,0.220563,2.47241,3.6288,61.308,0.66528,0,0,0.939721,0.210469,0.0639721,0.66528,12.849,1,0.406396,2.47241,0,105.894,4.04271,103.917,0.84672,12.849,0.84672,3695.15,0,0,0,1.72575,2.08525,7.61784,1.01301,10.4158,0.42336,0,0.42336,460.49,0,1.02816,0,0,2.75391,1.72575,1.028160,1,0,114.397,0,0,0,114.397,0
72.29,2.2869,0,0,3.98289,0.220563,1.47543,3.6288,61.1324,0.66528,0,0,0.700171,0.210469,0,0.66528,12.849,1,0.406479,1.47543,0,92.7037,4.04271,89.73,0.84672,12.849,0.84672,3695.15,0,0,0,1.54628,2.0856,6.73263,1.01301,9.3515,0.42336,0,0.42336,460.49,0,1.02816,0,0,2.57444,1.54628,1.028160,1,0,99.0815,0,0,0,99.0815,0
72.29,2.28737,0,0,3.63192,0.220563,1.12399,3.6288,60.8099,0.66528,0,0,0.552947,0.210235,0,0.66528,12.849,1,0.406563,1.12399,0,63.4918,4.04271,60.1665,0.84672,12.849,0.84672,3695.15,0,0,0,0.967974,2.08595,5.61857,1.01301,7.65949,0.42336,0,0.42336,460.49,0,1.02816,0,0,1.99613,0.967974,1.028160,1,0,67.826,0,0,0,67.826,0
72.29,2.40855,0,0,3.27764,0.198396,0.670692,3.6288,60.5195,0.66528,0,0,0.598483,0.223569,0,0.66528,12.849,1,0.428101,0.670692,0,57.059,4.24211,53.0595,0.84672,12.849,0.84672,3695.15,0,0,0,0.892676,2.0863,5.4928,1.02517,7.44662,0.42336,0,0.42336,460.49,0,1.02816,0,0,1.92084,0.892676,1.028160,1,0,60.5061,0,0,0,60.5061,0
72.29,2.40904,0,0,3.31477,0.180864,0.724868,3.6288,60.338,0.66528,0,0,0.722196,0.238381,0,0.66528,12.849,1,0.428188,0.724868,0,56.7162,4.25613,52.7567,0.84672,12.849,0.84672,3695.15,0,0,0,0.975076,2.18618,5.73051,1.00709,7.88468,0.42336,0,0.42336,460.49,0,1.02816,0,0,2.00324,0.975076,1.028160,1,0,60.6414,0,0,0,60.6414,0
72.29,2.40953,0,0,2.91631,0.126653,0.38013,3.6288,60.0515,0.66528,0,0,0.615368,0.236646,0,0.66528,12.849,1,0.428276,0.38013,0,48.9815,4.22331,44.7101,0.84672,12.849,0.84672,3695.15,0,0,0,0.975499,2.18655,5.27288,0.955249,7.47968,0.42336,0,0.42336,460.49,0,1.02816,0,0,2.00366,0.975499,1.028160,1,0,52.1898,0,0,0,52.1898,0
72.2212,2.41002,0,0,2.83071,0.126653,0.36288,3.6288,59.8035,0.66528,0,0,0.653521,0.236214,0,0.66528,12.849,1,0.428363,0.36288,0,46.6868,4.22331,42.398,0.84672,12.849,0.84672,3695.15,0,0,0,0.952534,2.18692,5.60925,0.955249,7.79346,0.42336,0,0.42336,460.49,0,1.02816,0,0,1.98069,0.952534,1.028160,1,0,50.1914,0,0,0,50.1914,0
72.007,2.41016,0,0,2.6855,0.126586,0.36288,3.6288,59.5374,0.66528,0,0,0.63505,0.235841,0,0.66528,12.849,1,0.428797,0.36288,0,43.8496,4.22331,39.5604,0.84672,12.849,0.84672,3695.15,0,0,0,0.868216,2.18729,5.18609,0.955249,7.28635,0.42336,0,0.42336,460.49,0,1.02816,0,0,1.89638,0.868216,1.028160,1,0,46.8468,0,0,0,46.8468,0
71.5105,2.38569,0,0,2.34935,0.0972866,0.36288,3.6288,59.1288,0.66528,0,0,0.522344,0.265707,0,0.66528,12.849,1,0.425705,0.36288,0,35.6488,4.82244,30.7635,0.84672,12.849,0.84672,3695.15,0,0,0,0.317805,2.18766,2.61781,1.12278,4.00049,0.42336,0,0.42336,460.49,0,1.02816,0,0,1.34597,0.317805,1.028160,1,0,34.764,0,0,0,34.764,0
70.8261,2.38367,0,0,2.15901,0.0969193,0.36288,3.6288,58.7058,0.66528,0,0,0.507333,0.265013,0,0.66528,12.849,1,0.428298,0.36288,0,35.0857,4.82244,30.1979,0.84672,12.849,0.84672,3695.15,0,0,0,0.318393,2.22285,2.63974,1.12278,4.0582,0.42336,0,0.42336,460.49,0,1.02816,0,0,1.34655,0.318393,1.028160,1,0,34.2561,0,0,0,34.2561,0
69.9513,2.38066,0,0,1.9652,0.096413,0.36288,3.6288,58.128,0.78802,0,0,0.47451,0.264295,0,0.66528,12.849,1,0.43189,0.36288,0,33.6822,4.82244,28.7907,0.84672,12.849,0.84672,3695.15,0,0,0,0.261274,2.22323,2.47979,1.12278,3.84151,0.42336,0,0.42336,460.49,0,0.90542,0,0,1.16669,0.261274,1.028160,1,0,32.6322,0,0,0,32.6322,0
68.9372,2.37658,0,0,1.80707,0.0817375,0.36288,3.6288,57.4917,0.793835,0,0,0.453034,0.295559,0,0.66528,12.849,1,0.436542,0.36288,0,29.8603,5.24589,24.5407,0.84672,12.849,0.84672,3695.15,0,0,0,0.261274,2.2236,2.38609,1.27735,3.59362,0.42336,0,0.42336,460.49,0,0.899605,0,0,1.16088,0.261274,1.028160,1,0,28.1343,0,0,0,28.1343,0
67.9565,2.43295,0,0,1.88332,0.0682064,0.36288,3.6288,56.8312,0.761625,0,0,0.421447,0.320252,0,0.66528,12.849,1,0.45347,0.36288,0,29.8703,5.85621,23.9235,0.84672,12.849,0.84672,3695.15,0,0,0,0.261274,2.22398,2.29356,1.49387,3.28494,0.42336,0,0.42336,460.49,0,0.931815,0,0,1.19309,0.261274,1.028160,1,0,27.2084,0,0,0,27.2084,0
66.9987,2.42794,0,0,1.90496,0.0719036,0.36288,3.6288,56.2449,0.695364,0,0,0.415276,0.306253,0,0.66528,12.849,1,0.459067,0.36288,0,29.9049,5.8905,23.9183,0.84672,12.849,0.84672,3695.15,0,0,0,0.261274,2.27375,2.27837,1.50169,3.31169,0.42336,0,0.42336,460.49,0,0.998076,0,0,1.25935,0.261274,1.028160,1,0,27.2299,0,0,0,27.2299,0
65.855,2.42292,0,0,1.71348,0.0713633,0.36288,3.6288,55.6276,0.701732,0,0,0.389527,0.305085,0,0.66528,12.849,1,0.464668,0.36288,0,28.1839,5.8905,22.1917,0.84672,12.849,0.84672,3695.15,0,0,0,0.227405,2.27413,2.32593,1.50169,3.32577,0.42336,0,0.42336,460.49,0,0.991708,0,0,1.21911,0.227405,1.028160,1,0,25.5174,0,0,0,25.5174,0
64.5641,2.41666,0,0,1.55933,0.0707181,0.36288,3.6288,54.8805,0.816886,0,0,0.373689,0.303855,0,0.66528,12.849,1,0.471516,0.36288,0,26.4718,5.8905,20.4727,0.84672,12.849,0.84672,3695.15,0,0,0,0.227405,2.27452,2.16234,1.50169,3.16257,0.42336,0,0.42336,460.49,0,0.876554,0,0,1.10396,0.227405,1.028160,1,0,23.6353,0,0,0,23.6353,0
62.9066,2.58704,0,0,1.3459,0.053475,0.36288,3.6288,54.0819,0.856846,0,0,0.369427,0.311209,0,0.66528,12.849,1,0.514851,0.36288,0,24.8868,6.15589,18.579,0.84672,12.849,0.84672,3695.15,0,0,0,0.227405,2.27491,2.14493,1.5555,3.09174,0.42336,0,0.42336,460.49,0,0.836594,0,0,1.064,0.227405,1.028160,1,0,21.6707,0,0,0,21.6707,0
61.0117,2.57629,0,0,1.09487,0.0505954,0.36288,3.6288,53.0552,1.04769,0,0,0.331375,0.310441,0,0.66528,12.849,1,0.526222,0.36288,0,22.2144,6.17799,15.8731,0.84672,12.849,0.84672,3695.15,0,0,0,0.227405,2.4444,1.77828,1.56462,2.88547,0.42336,0,0.42336,460.49,0,0.645754,0,0,0.873158,0.227405,1.028160,1,0,18.7585,0,0,0,18.7585,0
59.0712,2.56331,0,0,1.03554,0.0498122,0.36288,3.6288,51.9727,1.07922,0,0,0.304777,0.308015,0,0.66528,12.849,1,0.539831,0.36288,0,19.9642,6.17799,13.6092,0.84672,12.849,0.84672,3695.15,0,0,0,0.204422,2.44482,1.75812,1.56462,2.84274,0.42336,0,0.42336,460.49,0,0.614218,0,0,0.81864,0.204422,1.028160,1,0,16.452,0,0,0,16.452,0
57.5402,2.54926,0,0,1.43002,0.0489372,0.36288,3.6288,51.036,0.968838,0,0,0.33753,0.305349,0,0.66528,12.849,1,0.554508,0.36288,0,21.4144,6.17799,15.0448,0.84672,12.849,0.84672,3695.15,0,0,0,0.204422,2.44524,1.9599,1.56462,3.04493,0.42336,0,0.42336,460.49,0,0.724602,0,0,0.929025,0.204422,1.028160,1,0,18.0897,0,0,0,18.0897,0
56.6485,2.53771,0,0,2.08202,0.0730677,0.36288,3.6288,50.3365,0.852664,0,0,0.449298,0.296176,0,0.66528,12.849,1,0.566684,0.36288,0,35.7343,6.03807,29.4925,0.84672,12.849,0.84672,3695.15,0,0,0,0.204422,2.44565,2.17954,1.54226,3.28736,0.42336,0,0.42336,460.49,0,0.840776,0,0,1.0452,0.204422,1.028160,1,0,32.7798,0,0,0,32.7798,0
56.8612,2.44621,0,0,3.07599,0.0542298,0.36288,3.6288,50.4993,0.66528,0,0,1.11852,0.290487,0,0.66528,12.849,1,0.554849,0.36288,0,43.6628,6.23006,37.2408,0.84672,12.849,0.84672,3695.15,0,0,0,1.82654,2.44607,4.39978,1.46505,7.20734,0.42336,0,0.42336,460.49,0,1.02816,0,0,2.8547,1.82654,1.028160,1,0,44.4482,0,0,0,44.4482,0
56.8218,2.4484,0,0,2.82464,0.0527224,0.36288,3.6288,50.7473,0.66528,0,0,1.20454,0.291238,0,0.66528,12.849,1,0.553268,0.36288,0,63.0628,6.22881,56.6436,0.84672,12.849,0.84672,3695.15,0,0,0,2.47839,2.34853,4.2978,1.4533,7.67141,0.42336,0,0.42336,460.49,0,1.02816,0,0,3.50655,2.47839,1.028160,1,0,64.315,0,0,0,64.315,0
55.6353,2.44858,0,0,1.67759,0.0527019,0.36288,3.6288,50.6132,0.66528,0,0,0.823029,0.291827,0,0.66528,12.849,1,0.553693,0.36288,0,43.842,6.22881,37.4223,0.84672,12.849,0.84672,3695.15,0,0,0,1.02865,2.34893,2.7937,1.4533,4.71798,0.42336,0,0.42336,460.49,0,1.02816,0,0,2.05681,1.02865,1.028160,1,0,42.1403,0,0,0,42.1403,0
55.0598,2.43948,0,0,2.31659,0.0897285,0.36288,3.6288,50.7854,0.66528,0,0,1.12925,0.291731,0,0.66528,12.849,1,0.5634,0.36288,0,46.1441,5.9541,39.9895,0.84672,12.849,0.84672,3695.15,0,0,0,1.34523,2.34933,3.74979,1.40201,6.04234,0.42336,0,0.42336,460.49,0,1.02816,0,0,2.37339,1.34523,1.028160,1,0,46.0318,0,0,0,46.0318,0
57.1255,2.36596,0,0,4.96705,0.172429,0.36288,3.6288,51.6877,0.66528,0,0,1.83298,0.26548,0,0.66528,12.849,1,0.552131,0.36288,0,58.7332,5.38253,53.1614,0.84672,12.849,0.84672,3695.15,0,0,0,4.30161,2.34973,6.87606,1.24974,12.2777,0.42336,0,0.42336,460.49,0,1.02816,0,0,5.32977,4.30161,1.028160,1,0,65.439,0,0,0,65.439,0
55.4595,2.38274,0,0,1.28061,0.201018,0.36288,3.6288,52.009,0.66528,0,0,1.19369,0.207102,0,0.66528,12.849,1,0.53594,0.36288,0,40.2322,5.13377,34.9253,0.84672,12.849,0.84672,3695.15,0,0,0,1.36488,2.26264,2.72861,1.20358,5.15254,0.42336,0,0.42336,460.49,0,1.02816,0,0,2.39304,1.36488,1.028160,1,0,40.0779,0,0,0,40.0779,0
56.6682,2.37015,0,0,4.11648,0.174802,0.36288,3.6288,52.8924,0.66528,0,0,1.74709,0.198319,0,0.66528,12.849,1,0.549123,0.36288,0,75.5066,4.89376,70.4266,0.84672,12.849,0.84672,3695.15,0,0,0,2.29455,2.26303,5.81483,1.25724,9.11517,0.42336,0,0.42336,460.49,0,1.02816,0,0,3.32271,2.29455,1.028160,1,0,79.5418,0,0,0,79.5418,0
59.1661,2.38018,0,0,5.44739,0.206344,0.36288,3.6288,54.5725,0.66528,0,0,2.49725,0.151918,0,0.66528,12.849,1,0.539686,0.36288,0,118.524,3.81612,114.531,0.84672,12.849,0.84672,3695.15,0,0,0,3.4759,2.26341,10.2041,1.02747,14.9159,0.42336,0,0.42336,460.49,0,1.02816,0,0,4.50406,3.4759,1.028160,1,0,129.447,0,0,0,129.447,0
59.5348,2.19998,0,0,3.14806,0.216528,0.36288,3.6288,55.4191,0.66528,0,0,1.67492,0.163018,0,0.66528,12.849,1,0.477765,0.36288,0,80.1153,3.90051,76.0999,0.84672,12.849,0.84672,3695.15,0,0,0,1.81493,2.26379,4.98977,1.03373,8.03476,0.42336,0,0.42336,460.49,0,1.02816,0,0,2.84309,1.81493,1.028160,1,0,84.1346,0,0,0,84.1346,0
60.0994,2.20286,0,0,3.37832,0.247957,0.36288,3.6288,56.3832,0.66528,0,0,1.84885,0.219475,0,0.66528,12.849,1,0.475429,0.36288,0,75.2354,4.40685,70.716,0.84672,12.849,0.84672,3695.15,0,0,0,1.92993,2.06971,6.82467,1.07132,9.75299,0.42336,0,0.42336,460.49,0,1.02816,0,0,2.95809,1.92993,1.028160,1,0,80.469,0,0,0,80.469,0
59.8464,2.20699,0,0,2.56617,0.249302,0.36288,3.6288,56.863,0.66528,0,0,1.36595,0.220864,0,0.66528,12.849,1,0.471846,0.36288,0,59.4688,4.40685,54.953,0.84672,12.849,0.84672,3695.15,0,0,0,1.1097,2.07005,5.8074,1.07132,7.91584,0.42336,0,0.42336,460.49,0,1.02816,0,0,2.13786,1.1097,1.028160,1,0,62.8688,0,0,0,62.8688,0
60.3566,2.2058,0,0,3.31979,0.240955,0.36288,3.6288,57.642,0.66528,0,0,1.66872,0.224414,0,0.66528,12.849,1,0.473585,0.36288,0,68.9844,3.98181,64.8918,0.84672,12.849,0.84672,3695.15,0,0,0,2.12731,2.0704,7.35247,1.0188,10.5314,0.42336,0,0.42336,460.49,0,1.02816,0,0,3.15547,2.12731,1.028160,1,0,75.4232,0,0,0,75.4232,0
62.2061,2.20956,0,0,4.66059,0.238665,0.36288,3.6288,59.0017,0.66528,0,0,2.26048,0.235517,0,0.66528,12.849,1,0.470381,0.36288,0,104.384,4.31897,99.9577,0.84672,12.849,0.84672,3695.15,0,0,0,2.92621,2.07075,10.1852,1.02635,14.1558,0.42336,0,0.42336,460.49,0,1.02816,0,0,3.95437,2.92621,1.028160,1,0,114.113,0,0,0,114.113,0
63.7166,2.29904,0,0,4.42561,0.253158,0.36288,3.6288,59.7248,0.66528,0,0,1.61161,0.223245,0,0.66528,12.849,1,0.474879,0.36288,0,90.6667,3.90017,86.6545,0.84672,12.849,0.84672,3695.15,0,0,0,3.74181,2.0711,7.76406,0.926833,12.6501,0.42336,0,0.42336,460.49,0,1.02816,0,0,4.76997,3.74181,1.028160,1,0,99.3047,0,0,0,99.3047,0
64.2137,2.30885,0,0,3.42947,0.260677,0.36288,3.6288,60.8863,0.66528,0,0,2.04528,0.218516,0,0.66528,12.849,1,0.4656,0.36288,0,84.4923,3.73264,80.6569,0.84672,12.849,0.84672,3695.15,0,0,0,1.92567,2.13213,7.15628,0.887024,10.3271,0.42336,0,0.42336,460.49,0,1.02816,0,0,2.95383,1.92567,1.028160,1,0,90.984,0,0,0,90.984,0
64.153,2.3123,0,0,2.87626,0.261729,0.36288,3.6288,61.308,0.66528,0,0,2.45502,0.220137,1.14789,0.66528,12.849,1,0.462686,0.36288,0,85.4897,3.73264,81.6572,0.84672,12.849,0.84672,3695.15,0,0,0,2.73417,2.13247,6.3276,0.887024,10.3072,0.42336,0,0.42336,460.49,0,1.02816,0,0,3.76233,2.73417,1.028160,1,0,93.1123,0,0,0,93.1123,0
63.5281,2.31239,0,0,2.31197,0.261601,0.36288,3.6288,61.308,0.66528,0,0,2.13866,0.220726,1.25265,0.66528,12.849,1,0.463141,0.36288,0,49.4368,3.73264,45.6039,0.84672,12.849,0.84672,3695.15,0,0,0,2.3402,2.13281,5.07106,0.887024,8.65705,0.42336,0,0.42336,460.49,0,1.02816,0,0,3.36836,2.3402,1.028160,1,0,55.5136,0,0,0,55.5136,0
62.2412,2.5588,0,0,1.93226,0.297526,0.36288,3.6288,61.308,0.66528,0,0,1.23739,0.203804,0.368311,0.66528,12.849,1,0.517535,0.36288,0,52.1243,4.0127,47.9569,0.84672,12.849,0.84672,3695.15,0,0,0,0.959852,2.13316,5.58974,1.05989,7.62286,0.42336,0,0.42336,460.49,0,1.02816,0,0,1.98801,0.959852,1.028160,1,0,55.9481,0,0,0,55.9481,0
61.4356,2.55042,0,0,2.39047,0.28279,0.36288,3.6288,61.308,0.66528,0,0,1.12337,0.214046,0.244047,0.66528,12.849,1,0.526505,0.36288,0,78.9368,4.50448,74.2687,0.84672,12.849,0.84672,3695.15,0,0,0,1.22528,2.35198,5.35662,1.32453,7.60935,0.42336,0,0.42336,460.49,0,1.02816,0,0,2.25344,1.22528,1.028160,1,0,82.1221,0,0,0,82.1221,0
60.0391,2.5452,0,0,1.8205,0.308911,0.36288,3.6288,61.308,0.66528,0,0,1.53042,0.204829,0.660311,0.66528,12.849,1,0.532317,0.36288,0,61.1658,4.34228,56.6541,0.84672,12.849,0.84672,3695.15,0,0,0,1.77894,2.35236,4.749,1.23668,7.64363,0.42336,0,0.42336,460.49,0,1.02816,0,0,2.8071,1.77894,1.028160,1,0,64.9581,0,0,0,64.9581,0
59.5774,2.53548,0,0,2.74198,0.305245,0.36288,3.6288,61.308,0.66528,0,0,2.04701,0.204829,1.17691,0.66528,12.849,1,0.54262,0.36288,0,52.19,4.34228,47.668,0.84672,12.849,0.84672,3695.15,0,0,0,2.51095,2.35274,6.2669,1.23668,9.89392,0.42336,0,0.42336,460.49,0,1.02816,0,0,3.53911,2.51095,1.028160,1,0,58.7388,0,0,0,58.7388,0
60.3577,2.17997,0,0,3.62241,0.299351,0.36288,3.6288,61.308,0.66528,0,0,1.52912,0.207561,0.656284,0.66528,12.849,1,0.470151,0.36288,0,63.2887,4.28788,58.8935,0.84672,12.849,0.84672,3695.15,0,0,0,2.00016,2.35312,5.47488,1.17787,8.6503,0.42336,0,0.42336,460.49,0,1.02816,0,0,3.02832,2.00016,1.028160,1,0,68.2001,0,0,0,68.2001,0
61.1747,2.1854,0,0,3.65544,0.290126,0.36288,3.6288,61.308,0.66528,0,0,1.15577,0.214389,0.276103,0.66528,12.849,1,0.465231,0.36288,0,59.5927,4.15191,55.3384,0.84672,12.849,0.84672,3695.15,0,0,0,1.48751,2.05534,2.84547,1.03084,5.35749,0.42336,0,0.42336,460.49,0,1.02816,0,0,2.51567,1.48751,1.028160,1,0,60.972,0,0,0,60.972,0
63.175,2.19096,0,0,4.84628,0.292103,0.36288,3.6288,61.308,0.66528,0,0,2.70201,0.214389,1.82234,0.66528,12.849,1,0.460185,0.36288,0,116.998,4.15191,112.748,0.84672,12.849,0.84672,3695.15,0,0,0,2.0786,2.05567,5.33155,1.03084,8.43498,0.42336,0,0.42336,460.49,0,1.02816,0,0,3.10676,2.0786,1.028160,1,0,123.006,0,0,0,123.006,0
63.81,2.2035,0,0,3.49833,0.296945,0.36288,3.6288,61.308,0.66528,0,0,1.17946,0.214389,0.299794,0.66528,12.849,1,0.448164,0.36288,0,59.9501,4.15191,55.7129,0.84672,12.849,0.84672,3695.15,0,0,0,1.38481,2.056,2.8486,1.03084,5.25857,0.42336,0,0.42336,460.49,0,1.02816,0,0,2.41297,1.38481,1.028160,1,0,61.2713,0,0,0,61.2713,0
65.0024,2.20764,0,0,4.05937,0.296435,0.36288,3.6288,61.308,0.66528,0,0,1.69551,0.198216,0.832012,0.66528,12.849,1,0.444538,0.36288,0,81.3322,4.12851,77.122,0.84672,12.849,0.84672,3695.15,0,0,0,2.16779,2.05632,7.41736,0.96763,10.6738,0.42336,0,0.42336,460.49,0,1.02816,0,0,3.19595,2.16779,1.028160,1,0,88.6279,0,0,0,88.6279,0
65.257,2.30503,0,0,3.23603,0.313552,0.36288,3.6288,61.308,0.66528,0,0,0.93668,0.139785,0.131615,0.66528,12.849,1,0.455635,0.36288,0,54.1222,3.69276,50.3367,0.84672,12.849,0.84672,3695.15,0,0,0,0.906016,2.05665,3.36425,0.847926,5.47899,0.42336,0,0.42336,460.49,0,1.02816,0,0,1.93418,0.906016,1.028160,1,0,55.9473,0,0,0,55.9473,0
65.8492,2.079,0,0,3.34848,0.314338,0.36288,3.6288,61.308,0.66528,0,0,1.10592,0.146834,0.293806,0.66528,12.849,1,0.409352,0.36288,0,83.2098,3.84814,79.3152,0.84672,12.849,0.84672,3695.15,0,0,0,1.51098,2.13055,3.16819,0.974757,5.83497,0.42336,0,0.42336,460.49,0,1.02816,0,0,2.53914,1.51098,1.028160,1,0,85.4439,0,0,0,85.4439,0
65.29,2.08249,0,0,2.20196,0.31583,0.36288,3.6288,61.308,0.66528,0,0,0.953329,0.146834,0.141215,0.66528,12.849,1,0.40635,0.36288,0,45.0646,3.84814,41.173,0.84672,12.849,0.84672,3695.15,0,0,0,0.901584,1.95687,2.57895,0.974757,4.46265,0.42336,0,0.42336,460.49,0,1.02816,0,0,1.92974,0.901584,1.028160,1,0,45.7769,0,0,0,45.7769,0
65.5604,2.07999,0,0,3.02767,0.314421,0.36288,3.6288,61.308,0.66528,0,0,1.68544,0.146834,0.873325,0.66528,12.849,1,0.409339,0.36288,0,89.3778,3.84814,85.4832,0.84672,12.849,0.84672,3695.15,0,0,0,2.54673,1.95718,4.5876,0.974757,8.11675,0.42336,0,0.42336,460.49,0,1.02816,0,0,3.57489,2.54673,1.028160,1,0,94.4732,0,0,0,94.4732,0
64.8821,2.04963,0,0,2.02464,0.290459,0.36288,3.6288,61.308,0.66528,0,0,0.938684,0.166111,0.107294,0.66528,12.849,1,0.401701,0.36288,0,55.3202,3.76043,51.5209,0.84672,12.849,0.84672,3695.15,0,0,0,0.943946,1.95749,2.74169,1.01318,4.62995,0.42336,0,0.42336,460.49,0,1.02816,0,0,1.97211,0.943946,1.028160,1,0,56.2582,0,0,0,56.2582,0
63.9788,2.04652,0,0,1.79754,0.291415,0.36288,3.6288,61.308,0.66528,0,0,0.881116,0.16889,0.0469455,0.66528,12.849,1,0.405286,0.36288,0,45.6529,3.47949,42.131,0.84672,12.849,0.84672,3695.15,0,0,0,1.00747,1.93171,3.28167,1.00214,5.2187,0.42336,0,0.42336,460.49,0,1.02816,0,0,2.03563,1.00747,1.028160,1,0,47.3966,0,0,0,47.3966,0
63.9086,2.04216,0,0,2.62411,0.289299,0.36288,3.6288,61.308,0.66528,0,0,1.03105,0.16889,0.196875,0.66528,12.849,1,0.410131,0.36288,0,53.8098,3.47949,50.2831,0.84672,12.849,0.84672,3695.15,0,0,0,1.24743,1.93201,2.95519,1.00214,5.13249,0.42336,0,0.42336,460.49,0,1.02816,0,0,2.27559,1.24743,1.028160,1,0,55.6125,0,0,0,55.6125,0
62.9836,2.26647,0,0,1.95789,0.253499,0.36288,3.6288,61.308,0.66528,0,0,0.943091,0.177816,0.0999948,0.66528,12.849,1,0.45568,0.36288,0,52.2229,3.75039,48.3797,0.84672,12.849,0.84672,3695.15,0,0,0,1.01968,1.93232,2.63156,0.951996,4.63157,0.42336,0,0.42336,460.49,0,1.02816,0,0,2.04784,1.01968,1.028160,1,0,53.1113,0,0,0,53.1113,0
61.5845,2.38053,0,0,1.58,0.235726,0.36288,3.6288,61.2476,0.66528,0,0,0.790681,0.185814,0,0.66528,12.849,1,0.485642,0.36288,0,39.8631,3.81249,35.9278,0.84672,12.849,0.84672,3695.15,0,0,0,0.70219,2.10428,2.32215,0.954515,4.1741,0.42336,0,0.42336,460.49,0,1.02816,0,0,1.73035,0.70219,1.028160,1,0,40.1019,0,0,0,40.1019,0
59.9905,2.37186,0,0,1.31466,0.173849,0.36288,3.6288,61.0297,0.66528,0,0,0.672149,0.224796,0,0.66528,12.849,1,0.494866,0.36288,0,29.7906,3.91419,25.7445,0.84672,12.849,0.84672,3695.15,0,0,0,0.47577,2.20508,1.92492,1.01978,3.58599,0.42336,0,0.42336,460.49,0,1.02816,0,0,1.50393,0.47577,1.028160,1,0,29.3305,0,0,0,29.3305,0
58.6033,2.12898,0,0,1.2761,0.171495,0.36288,3.6288,60.8537,0.66528,0,0,0.71382,0.224486,0,0.66528,12.849,1,0.455994,0.36288,0,28.3949,3.91419,24.3876,0.84672,12.849,0.84672,3695.15,0,0,0,0.458533,2.20543,2.04771,1.01978,3.6919,0.42336,0,0.42336,460.49,0,1.02816,0,0,1.48669,0.458533,1.028160,1,0,28.0795,0,0,0,28.0795,0
57.1613,2.12054,0,0,1.21062,0.169219,0.36288,3.6288,60.6579,0.66528,0,0,0.693654,0.224236,0,0.66528,12.849,1,0.464938,0.36288,0,26.6694,3.91419,22.6532,0.84672,12.849,0.84672,3695.15,0,0,0,0.395237,2.02509,1.89324,1.01978,3.29379,0.42336,0,0.42336,460.49,0,1.02816,0,0,1.4234,0.395237,1.028160,1,0,25.947,0,0,0,25.947,0
55.6596,2.11138,0,0,1.13069,0.158093,0.36288,3.6288,60.4123,0.66528,0,0,0.652104,0.232342,0,0.66528,12.849,1,0.474607,0.36288,0,24.7962,4.10894,20.5755,0.84672,12.849,0.84672,3695.15,0,0,0,0.315611,2.02542,1.83607,1.04743,3.12967,0.42336,0,0.42336,460.49,0,1.02816,0,0,1.34377,0.315611,1.028160,1,0,23.7052,0,0,0,23.7052,0
53.8429,2.30778,0,0,0.964777,0.110836,0.36288,3.6288,59.8636,0.866575,0,0,0.548979,0.231185,0,0.66528,12.849,1,0.532751,0.36288,0,21.6484,4.61986,16.8586,0.84672,12.849,0.84672,3695.15,0,0,0,0.30119,2.02574,2.25667,1.21387,3.36973,0.42336,0,0.42336,460.49,0,0.826865,0,0,1.12806,0.30119,1.028160,1,0,20.2284,0,0,0,20.2284,0
52.1856,2.06769,0,0,0.883267,0.109951,0.36288,3.6288,59.2026,0.946572,0,0,0.507548,0.221905,0,0.66528,12.849,1,0.49343,0.36288,0,21.0682,4.51028,16.4274,0.84672,12.849,0.84672,3695.15,0,0,0,0.261274,2.242,2.38195,1.21396,3.67126,0.42336,0,0.42336,460.49,0,0.746868,0,0,1.00814,0.261274,1.028160,1,0,20.0986,0,0,0,20.0986,0
50.2827,2.23527,0,0,0.803278,0.1081,0.36288,3.6288,58.517,0.959619,0,0,0.49492,0.220969,0,0.66528,12.849,1,0.550361,0.36288,0,20.6558,4.51028,15.9581,0.84672,12.849,0.84672,3695.15,0,0,0,0.261274,2.05841,2.28234,1.21396,3.38806,0.42336,0,0.42336,460.49,0,0.733821,0,0,0.995095,0.261274,1.028160,1,0,19.3461,0,0,0,19.3461,0
48.2792,2.26372,0,0,0.729104,0.105973,0.36288,3.6288,57.6894,1.07183,0,0,0.464313,0.219998,0,0.66528,12.849,1,0.578461,0.36288,0,18.4061,4.51028,13.6802,0.84672,12.849,0.84672,3695.15,0,0,0,0.261274,2.20592,2.20787,1.21396,3.4611,0.42336,0,0.42336,460.49,0,0.621613,0,0,0.882887,0.261274,1.028160,1,0,17.1413,0,0,0,17.1413,0
46.4014,2.07677,0,0,0.637275,0.0754557,0.36288,3.6288,56.6995,1.12846,0,0,0.440113,0.301574,0,0.66528,12.849,1,0.55271,0.36288,0,16.2758,5.81161,10.2743,0.84672,12.849,0.84672,3695.15,0,0,0,0.261274,2.24308,1.9703,1.54843,2.92622,0.42336,0,0.42336,460.49,0,0.564978,0,0,0.826252,0.261274,1.028160,1,0,13.2005,0,0,0,13.2005,0
44.3486,2.28418,0,0,0.666342,0.0720182,0.36288,3.6288,55.9172,1.05911,0,0,0.586689,0.30987,0,0.66528,12.849,1,0.632512,0.36288,0,20.8368,6.22933,14.3379,0.84672,12.849,0.84672,3695.15,0,0,0,0.261274,2.1048,2.10979,1.51351,2.96235,0.42336,0,0.42336,460.49,0,0.634332,0,0,0.895605,0.261274,1.028160,1,0,17.3002,0,0,0,17.3002,0
42.26,2.26192,0,0,0.606527,0.0703764,0.36288,3.6288,55.0869,1.00589,0,0,0.483899,0.308292,0,0.66528,12.849,1,0.655338,0.36288,0,16.7829,6.22933,10.2611,0.84672,12.849,0.84672,3695.15,0,0,0,0.227405,2.29365,1.96047,1.51351,2.96801,0.42336,0,0.42336,460.49,0,0.687545,0,0,0.91495,0.227405,1.028160,1,0,13.2292,0,0,0,13.2292,0
40.1865,2.19352,0,0,0.551636,0.0687059,0.36288,3.6288,54.0825,1.14851,0,0,0.45065,0.306616,0,0.66528,12.849,1,0.666933,0.36288,0,15.6456,6.22933,9.11218,0.84672,12.849,0.84672,3695.15,0,0,0,0.227405,2.29402,1.74716,1.51351,2.75508,0.42336,0,0.42336,460.49,0,0.544933,0,0,0.772338,0.227405,1.028160,1,0,11.8673,0,0,0,11.8673,0
37.9885,2.37433,0,0,0.600729,0.0615661,0.36288,3.6288,53.364,0.94754,0,0,0.531935,0.302872,0,0.66528,12.849,1,0.759153,0.36288,0,15.7194,6.33747,8.9857,0.84672,12.849,0.84672,3695.15,0,0,0,0.227405,2.25668,2.47037,1.53942,3.41502,0.42336,0,0.42336,460.49,0,0.7459,0,0,0.973305,0.227405,1.028160,1,0,12.4007,0,0,0,12.4007,0
35.5557,2.34195,0,0,0.325521,0.0534187,0.36288,3.6288,52.2433,1.17789,0,0,0.397486,0.340285,0,0.66528,12.6095,1,0.792128,0.36288,0,10.6085,7.2134,3.20544,0.84672,12.6095,0.84672,3695.15,0,0,0,0.227405,2.46544,2.12113,1.50281,3.31117,0.42336,0,0.42336,460.49,0,0.515549,0,0,0.742954,0.227405,1.028160,1,0,6.51661,0,0,0,6.51661,0
33.1455,2.31403,0,0,0.318622,0.0518974,0.36288,3.6288,51.0811,1.19665,0,0,0.371641,0.337243,0,0.66528,11.7986,1,0.820646,0.36288,0,9.68069,7.2134,3.20544,0.84672,11.7986,0.84672,3694.77,0,0,0,0.204422,2.46584,2.12897,1.50281,3.29643,0.42336,0,0.42336,460.49,0,0.496791,0,0,0.701214,0.204422,1.028160,1,0,6.50187,0,0,0,6.50187,0
30.883,2.31221,0,0,0.462905,0.0503902,0.36288,3.6288,50.102,1.072,0,0,0.427026,0.334089,0,0.66528,11.5601,1,0.823064,0.36288,0,11.0256,7.2134,3.20544,0.84672,11.5601,0.84672,3695.15,0,0,0,0.204422,2.46624,2.36043,1.50281,3.52828,0.42336,0,0.42336,460.49,0,0.621441,0,0,0.825863,0.204422,1.028160,1,0,6.73372,0,0,0,6.73372,0
28.829,2.28916,0,0,0.667193,0.0691062,0.36288,3.6288,49.3418,1.00263,0,0,0.565234,0.322762,0,0.66528,12.849,1,0.84672,0.36288,0,17.9888,7.08198,9.13412,0.84672,12.849,0.84672,3695.15,0,0,0,0.204422,2.46664,2.62786,1.47629,3.82264,0.42336,0,0.42336,460.49,0,0.690811,0,0,0.895234,0.204422,1.028160,1,0,12.9568,0,0,0,12.9568,0
26.7091,2.18483,0,0,0.484244,0.0564965,0.36288,3.6288,48.3666,1.12443,0,0,0.447591,0.298374,0,0.66528,12.849,1,0.84672,0.36288,0,17.6073,6.97893,10.1445,0.84672,12.849,0.84672,3695.15,0,0,0,0.204422,2.46704,1.57261,1.56426,2.67981,0.42336,0,0.42336,460.49,0,0.569013,0,0,0.773436,0.204422,1.028160,1,0,12.8243,0,0,0,12.8243,0
24.6018,2.18541,0,0,0.494758,0.0537483,0.36288,3.6288,47.6521,0.999207,0,0,0.573477,0.288799,0,0.66528,12.849,1,0.84672,0.36288,0,15.4392,6.86133,8.09399,0.84672,12.849,0.84672,3695.15,0,0,0,0.216518,2.36858,1.64519,1.60049,2.6298,0.42336,0,0.42336,460.49,0,0.694233,0,0,0.910751,0.216518,1.028160,1,0,10.7238,0,0,0,10.7238,0
22.3913,2.186,0,0,0.39057,0.0521611,0.36288,3.6288,46.6014,1.16066,0,0,0.397064,0.287085,0,0.66528,12.849,1,0.84672,0.36288,0,12.1506,6.86133,4.80544,0.84672,12.849,0.84672,3695.15,0,0,0,0.216518,2.36896,1.53808,1.60049,2.52307,0.42336,0,0.42336,460.49,0,0.532777,0,0,0.749295,0.216518,1.028160,1,0,7.3285,0,0,0,7.3285,0
20.2155,2.18658,0,0,0.445911,0.0722477,0.36288,3.6288,45.5278,1.1924,0,0,0.379877,0.261084,0,0.66528,12.7891,1,0.84672,0.36288,0,10.1591,6.52973,3.20544,0.84672,12.7891,0.84672,3695.15,0,0,0,0.216518,2.36934,1.89322,1.41596,3.06313,0.42336,0,0.42336,460.49,0,0.501042,0,0,0.717561,0.216518,1.028160,1,0,6.26857,0,0,0,6.26857,0
19.1691,1.81151,0,0,1.1723,0.0443156,0.36288,3.6288,45.0849,0.781177,0,0,0.613963,0.275649,0,0.66528,12.849,1,0.84672,0.36288,0,11.4795,6.30417,4.63161,0.84672,12.849,0.84672,3695.15,0,0,0,0.216518,2.36972,3.99477,1.32309,5.25793,0.42336,0,0.42336,460.49,0,0.912263,0,0,1.12878,0.216518,1.028160,1,0,9.88954,0,0,0,9.88954,0
17.9388,1.81203,0,0,1.07806,0.133473,0.36288,3.6288,44.0261,1.18049,0,0,0.341405,0.219733,0,0.66528,12.849,1,0.84672,0.36288,0,15.6439,4.02219,11.1379,0.84672,12.849,0.84672,3695.15,0,0,0,0.216518,2.09435,2.34941,1.09195,3.56833,0.42336,0,0.42336,460.49,0,0.512948,0,0,0.729467,0.216518,1.028160,1,0,14.7062,0,0,0,14.7062,0
16.4887,1.81254,0,0,0.866989,0.141699,0.36288,3.6288,42.7316,1.33743,0,0,0.258693,0.215768,0,0.66528,12.849,1,0.84672,0.36288,0,12.1893,4.04166,7.66381,0.84672,12.849,0.84672,3695.15,0,0,0,0.292723,2.09469,2.01904,1.11675,3.2897,0.42336,0,0.42336,460.49,0,0.356013,0,0,0.648736,0.292723,1.028160,1,0,10.9535,0,0,0,10.9535,0
15.7939,1.81306,0,0,1.61994,0.138761,0.36288,3.6288,42.559,0.66528,0,0,0.705807,0.213131,0,0.66528,12.849,1,0.84672,0.36288,0,24.2844,4.04166,19.7589,0.84672,12.849,0.84672,3695.15,0,0,0,0.958997,2.09502,4.45428,1.11675,6.39155,0.42336,0,0.42336,460.49,0,1.02816,0,0,1.98716,0.958997,1.028160,1,0,26.1505,0,0,0,26.1505,0
16.671,1.59045,0,0,2.97353,0.143042,0.36288,3.6288,42.9657,0.66528,0,0,1.27802,0.20601,0,0.66528,12.849,1,0.84672,0.36288,0,46.6915,3.93283,42.2748,0.84672,12.849,0.84672,3695.15,0,0,0,0.928999,2.09535,5.82953,1.08592,7.76796,0.42336,0,0.42336,460.49,0,1.02816,0,0,1.95716,0.928999,1.028160,1,0,50.0428,0,0,0,50.0428,0
15.718,1.59093,0,0,1.16916,0.168411,0.36288,3.6288,42.7592,0.66528,0,0,0.659076,0.200315,0,0.66528,12.849,1,0.84672,0.36288,0,42.463,4.33146,37.6477,0.84672,12.849,0.84672,3695.15,0,0,0,0.720161,1.91691,5.2008,0.927372,6.9105,0.42336,0,0.42336,460.49,0,1.02816,0,0,1.74832,0.720161,1.028160,1,0,44.5582,0,0,0,44.5582,0
15.0543,1.59141,0,0,1.45623,0.16559,0.36288,3.6288,42.6351,0.66528,0,0,0.741079,0.19992,0,0.66528,12.849,1,0.84672,0.36288,0,48.9872,4.33146,44.1719,0.84672,12.849,0.84672,3695.15,0,0,0,0.90256,1.91722,5.54416,0.927372,7.43656,0.42336,0,0.42336,460.49,0,1.02816,0,0,1.93072,0.90256,1.028160,1,0,51.6085,0,0,0,51.6085,0
16.4951,1.59188,0,0,3.55884,0.163308,0.36288,3.6288,42.7659,0.66528,0,0,0.995708,0.199683,0,0.66528,12.849,1,0.84672,0.36288,0,44.2512,4.33146,39.4359,0.84672,12.849,0.84672,3695.15,0,0,0,1.30588,1.91752,7.22153,0.927372,9.51756,0.42336,0,0.42336,460.49,0,1.02816,0,0,2.33404,1.30588,1.028160,1,0,48.9535,0,0,0,48.9535,0
19.6477,1.59236,0,0,5.26474,0.156956,0.36288,3.6288,43.0771,0.66528,0,0,1.1837,0.207216,0,0.66528,12.849,1,0.84672,0.36288,0,56.7502,4.78338,51.483,0.84672,12.849,0.84672,3695.15,0,0,0,1.53846,1.91782,7.5992,1.31229,9.74319,0.42336,0,0.42336,460.49,0,1.02816,0,0,2.56662,1.53846,1.028160,1,0,61.2262,0,0,0,61.2262,0
22.0675,1.67872,0,0,4.6243,0.162878,0.36288,3.6288,43.7772,0.66528,0,0,1.5637,0.198324,0,0.66528,12.849,1,0.84672,0.36288,0,114.867,4.70976,109.673,0.84672,12.849,0.84672,3695.15,0,0,0,2.29987,1.91813,8.88867,1.34614,11.7605,0.42336,0,0.42336,460.49,0,1.02816,0,0,3.32803,2.29987,1.028160,1,0,121.434,0,0,0,121.434,0
26.65,1.67919,0,0,6.79199,0.167369,0.36288,3.6288,45.6213,0.66528,0,0,2.70189,0.192468,0,0.66528,12.849,1,0.84672,0.36288,0,127.208,4.65455,122.07,0.84672,12.849,0.84672,3695.15,0,0,0,4.36793,1.97421,13.6215,1.37152,18.5921,0.42336,0,0.42336,460.49,0,1.02816,0,0,5.39609,4.36793,1.028160,1,0,140.662,0,0,0,140.662,0
40.618,1.70455,0,0,16.2139,0.178549,0.36288,3.6288,49.8211,0.66528,0,0,5.06095,0.195827,0,0.66528,12.849,1,0.821829,0.36288,0,333.569,4.65455,328.455,0.84672,12.849,0.84672,3695.15,0,0,0,5.22943,1.97451,26.6614,1.37152,32.4938,0.42336,0,0.42336,460.49,0,1.02816,0,0,6.25759,5.22943,1.028160,1,0,360.949,0,0,0,360.949,0
46.1011,1.9196,0,0,7.97844,0.212769,0.36288,3.6288,51.665,0.66528,0,0,2.7121,0.202999,0,0.66528,12.849,1,0.607243,0.36288,0,226.761,4.65455,221.862,0.84672,12.849,0.84672,3695.15,0,0,0,3.2844,1.97481,15.7812,1.37152,19.6689,0.42336,0,0.42336,460.49,0,1.02816,0,0,4.31256,3.2844,1.028160,1,0,241.531,0,0,0,241.531,0
48.7558,2.42976,0,0,5.67299,0.225687,0.36288,3.6288,52.6303,0.66528,0,0,1.81963,0.188989,0,0.66528,12.849,1,0.677206,0.36288,0,120.376,4.40328,115.658,0.84672,12.849,0.84672,3695.15,0,0,0,2.2274,1.9751,9.47929,1.26323,12.4186,0.42336,0,0.42336,460.49,0,1.02816,0,0,3.25556,2.2274,1.028160,1,0,128.077,0,0,0,128.077,0
51.9995,2.45939,0,0,6.32566,0.259739,0.36288,3.6288,53.9951,0.66528,0,0,2.20754,0.177512,0,0.66528,12.849,1,0.648142,0.36288,0,154.372,3.70188,150.385,0.84672,12.849,0.84672,3695.15,0,0,0,2.15538,2.3717,9.45311,1.10778,12.8724,0.42336,0,0.42336,460.49,0,1.02816,0,0,3.18354,2.15538,1.028160,1,0,163.257,0,0,0,163.257,0
58.3013,2.49226,0,0,9.41924,0.262265,0.36288,3.6288,56.5598,0.66528,0,0,3.4253,0.195247,0,0.66528,12.849,1,0.615834,0.36288,0,209.841,4.095,205.493,0.84672,12.849,0.84672,3695.15,0,0,0,3.52833,2.37206,17.4326,1.23077,22.1022,0.42336,0,0.42336,460.49,0,1.02816,0,0,4.55649,3.52833,1.028160,1,0,227.596,0,0,0,227.596,0
63.3216,2.54726,0,0,8.20472,0.274299,0.36288,3.6288,59.2277,0.66528,0,0,3.52422,0.191079,0,0.66528,12.849,1,0.561391,0.36288,0,194.756,4.18974,190.368,0.84672,12.849,0.84672,3695.15,0,0,0,3.99909,2.37243,17.4875,1.20639,22.6527,0.42336,0,0.42336,460.49,0,1.02816,0,0,5.02725,3.99909,1.028160,1,0,213.02,0,0,0,213.02,0
67.5608,2.22524,0,0,7.12007,0.292717,0.36288,3.6288,61.0051,0.66528,0,0,2.61504,0.172342,0,0.66528,12.849,1,0.451537,0.36288,0,167.966,3.72813,164.149,0.84672,12.849,0.84672,3695.15,0,0,0,2.81743,2.37279,11.5486,1.02577,15.713,0.42336,0,0.42336,460.49,0,1.02816,0,0,3.84559,2.81743,1.028160,1,0,179.862,0,0,0,179.862,0
70.0517,2.24945,0,0,5.4232,0.319922,0.36288,3.6288,61.308,0.66528,0,0,3.32737,0.174506,2.1847,0.66528,12.849,1,0.427811,0.36288,0,134.926,2.89086,131.97,0.84672,12.849,0.84672,3695.15,0,0,0,3.25218,2.0723,11.395,0.789674,15.9298,0.42336,0,0.42336,460.49,0,1.02816,0,0,4.28034,3.25218,1.028160,1,0,150.084,0,0,0,150.084,0
72.29,2.26272,0,0,6.31386,0.326194,1.48669,3.6288,61.308,0.66528,0,0,3.39604,0.174841,2.55592,0.66528,12.849,1,0.415033,1.48669,0,151.555,2.89086,149.736,0.84672,12.849,0.84672,3695.15,0,0,0,3.81912,2.07261,13.8357,0.789674,18.9377,0.42336,0,0.42336,460.49,0,1.02816,0,0,4.84728,3.81912,1.028160,1,0,171.23,0,0,0,171.23,0
72.29,2.27405,0,0,7.17199,0.331146,4.56679,3.6288,61.308,0.66528,0,0,3.611,0.169114,2.77661,0.66528,12.849,1,0.404196,4.56679,0,180.059,2.8012,181.421,0.84672,12.849,0.84672,3695.15,0,0,0,3.93597,2.07292,13.8592,0.774319,19.0937,0.42336,0,0.42336,460.49,0,1.02816,0,0,4.96413,3.93597,1.028160,1,0,203.291,0,0,0,203.291,0
72.29,2.27447,0,0,10.2503,0.332389,7.64344,3.6288,61.308,0.66528,0,0,4.61494,0.184089,3.76557,0.66528,12.849,1,0.40427,7.64344,0,285.496,3.31214,289.423,0.84672,12.849,0.84672,3695.15,0,0,0,4.61428,2.07324,22.2657,0.91093,28.0423,0.42336,0,0.42336,460.49,0,1.02816,0,0,5.64244,4.61428,1.028160,1,0,321.231,0,0,0,321.231,0
72.29,2.36739,0,0,7.18714,0.317562,4.50219,3.6288,61.308,0.66528,0,0,4.52335,0.173438,3.68463,0.66528,12.849,1,0.420786,4.50219,0,164.735,3.25163,165.564,0.84672,12.849,0.84672,3695.15,0,0,0,3.58481,2.07355,12.4066,0.770224,17.2947,0.42336,0,0.42336,460.49,0,1.02816,0,0,4.61297,3.58481,1.028160,1,0,186.544,0,0,0,186.544,0
72.29,2.36782,0,0,5.38875,0.302989,2.71794,3.6288,61.308,0.66528,0,0,3.11778,0.164027,2.28847,0.66528,12.849,1,0.420863,2.71794,0,102.07,3.24083,101.126,0.84672,12.849,0.84672,3695.15,0,0,0,1.85476,2.1481,8.22372,0.714874,11.5117,0.42336,0,0.42336,460.49,0,1.02816,0,0,2.88292,1.85476,1.028160,1,0,114.926,0,0,0,114.926,0
72.29,2.36826,0,0,4.78545,0.302989,2.11421,3.6288,61.308,0.66528,0,0,2.47989,0.164027,1.65058,0.66528,12.849,1,0.42094,2.11421,0,93.2602,3.24083,91.7126,0.84672,12.849,0.84672,3695.15,0,0,0,1.75336,2.14842,6.73223,0.714874,9.91914,0.42336,0,0.42336,460.49,0,1.02816,0,0,2.78152,1.75336,1.028160,1,0,103.282,0,0,0,103.282,0
72.29,2.36869,0,0,7.15662,0.306471,4.48145,3.6288,61.308,0.66528,0,0,2.80861,0.148562,1.99477,0.66528,12.849,1,0.421017,4.48145,0,128.644,2.80477,129.899,0.84672,12.849,0.84672,3695.15,0,0,0,2.66816,2.14875,17.9571,0.62692,22.1471,0.42336,0,0.42336,460.49,0,1.02816,0,0,3.69632,2.66816,1.028160,1,0,154.041,0,0,0,154.041,0
72.29,2.33293,0,0,4.851,0.25596,2.2621,3.6288,61.308,0.66528,0,0,2.13864,0.180406,1.29296,0.66528,12.849,1,0.414661,2.2621,0,100.103,3.07158,98.8789,0.84672,12.849,0.84672,3695.15,0,0,0,1.96512,2.14907,9.11287,0.714983,12.5121,0.42336,0,0.42336,460.49,0,1.02816,0,0,2.99328,1.96512,1.028160,1,0,112.684,0,0,0,112.684,0
72.29,2.33336,0,0,4.17303,0.241003,1.59866,3.6288,61.308,0.66528,0,0,1.38053,0.205343,0.509902,0.66528,12.849,1,0.414737,1.59866,0,70.9353,3.98895,68.1302,0.84672,12.849,0.84672,3695.15,0,0,0,1.31598,2.1205,6.92869,0.876075,9.48909,0.42336,0,0.42336,460.49,0,1.02816,0,0,2.34414,1.31598,1.028160,1,0,78.1292,0,0,0,78.1292,0
72.29,2.33379,0,0,3.31371,0.241003,0.738918,3.6288,61.308,0.66528,0,0,1.1237,0.205343,0.253078,0.66528,12.849,1,0.414813,0.738918,0,59.7226,3.98895,56.0578,0.84672,12.849,0.84672,3695.15,0,0,0,0.94595,2.12082,5.73269,0.876075,7.92338,0.42336,0,0.42336,460.49,0,1.02816,0,0,1.97411,0.94595,1.028160,1,0,64.2342,0,0,0,64.2342,0
72.2845,2.33421,0,0,2.93257,0.241003,0.36288,3.6288,61.308,0.66528,0,0,0.994732,0.205343,0.124109,0.66528,12.849,1,0.414889,0.36288,0,56.2754,3.98895,52.2345,0.84672,12.849,0.84672,3695.15,0,0,0,0.545504,2.12114,5.45981,0.876075,7.25038,0.42336,0,0.42336,460.49,0,1.02816,0,0,1.57366,0.545504,1.028160,1,0,59.609,0,0,0,59.609,0
72.29,2.45754,0,0,3.45773,0.240993,0.753667,3.6288,61.308,0.66528,0,0,1.1266,0.205343,0.255981,0.66528,12.849,1,0.436843,0.753667,0,63.6036,3.98895,59.9315,0.84672,12.849,0.84672,3695.15,0,0,0,0.604005,2.12146,6.40894,0.876075,8.25833,0.42336,0,0.42336,460.49,0,1.02816,0,0,1.63217,0.604005,1.028160,1,0,68.4458,0,0,0,68.4458,0
72.29,2.45802,0,0,3.07258,0.171874,0.44269,3.6288,61.308,0.66528,0,0,0.950262,0.197072,0.0879098,0.66528,12.849,1,0.436894,0.44269,0,54.5195,3.90213,50.6232,0.84672,12.849,0.84672,3695.15,0,0,0,0.763534,2.22314,5.41465,0.928338,7.47298,0.42336,0,0.42336,460.49,0,1.02816,0,0,1.79169,0.763534,1.028160,1,0,58.1841,0,0,0,58.1841,0
72.1342,2.45847,0,0,2.80676,0.141196,0.36288,3.6288,61.308,0.66528,0,0,0.942235,0.200721,0.0762342,0.66528,12.849,1,0.436974,0.36288,0,48.7274,4.01583,44.6375,0.84672,12.849,0.84672,3695.15,0,0,0,0.763068,2.22347,5.17216,0.892812,7.26589,0.42336,0,0.42336,460.49,0,1.02816,0,0,1.79123,0.763068,1.028160,1,0,51.9796,0,0,0,51.9796,0
71.9233,2.45811,0,0,2.75109,0.141029,0.36288,3.6288,61.308,0.66528,0,0,1.01909,0.200721,0.153087,0.66528,12.849,1,0.437855,0.36288,0,46.6792,4.01583,42.5884,0.84672,12.849,0.84672,3695.15,0,0,0,0.729285,2.22381,5.57315,0.892812,7.63344,0.42336,0,0.42336,460.49,0,1.02816,0,0,1.75745,0.729285,1.028160,1,0,50.375,0,0,0,50.375,0
71.5298,2.45747,0,0,2.5677,0.140803,0.36288,3.6288,61.308,0.66528,0,0,0.931323,0.200721,0.0653219,0.66528,12.849,1,0.439024,0.36288,0,43.6365,4.01583,39.5445,0.84672,12.849,0.84672,3695.15,0,0,0,0.603132,2.22415,4.93512,0.892812,6.86959,0.42336,0,0.42336,460.49,0,1.02816,0,0,1.63129,0.603132,1.028160,1,0,46.4794,0,0,0,46.4794,0
71.0377,2.43158,0,0,2.4403,0.138016,0.36288,3.6288,61.308,0.66528,0,0,1.0679,0.247747,0.154877,0.66528,12.849,1,0.436788,0.36288,0,45.789,5.03628,40.6788,0.84672,12.849,0.84672,3695.15,0,0,0,0.653564,2.22449,5.22397,1.12335,6.97867,0.42336,0,0.42336,460.49,0,1.02816,0,0,1.68172,0.653564,1.028160,1,0,47.8123,0,0,0,47.8123,0
70.4498,2.42946,0,0,2.31171,0.107214,0.36288,3.6288,61.308,0.66528,0,0,1.06136,0.307819,0.0882643,0.66528,12.849,1,0.439431,0.36288,0,45.5011,5.48877,39.9358,0.84672,12.849,0.84672,3695.15,0,0,0,0.657867,2.26028,5.45403,1.35226,7.01992,0.42336,0,0.42336,460.49,0,1.02816,0,0,1.68603,0.657867,1.028160,1,0,47.044,0,0,0,47.044,0
69.7513,2.4268,0,0,2.19788,0.106732,0.36288,3.6288,61.308,0.66528,0,0,1.00948,0.307819,0.0363811,0.66528,12.849,1,0.442613,0.36288,0,41.4446,5.48877,35.8761,0.84672,12.849,0.84672,3695.15,0,0,0,0.599979,2.26063,5.21058,1.35226,6.71892,0.42336,0,0.42336,460.49,0,1.02816,0,0,1.62814,0.599979,1.028160,1,0,42.6314,0,0,0,42.6314,0
68.8947,2.4235,0,0,2.03602,0.106158,0.36288,3.6288,61.2258,0.66528,0,0,0.890905,0.307819,0,0.66528,12.849,1,0.446437,0.36288,0,38.9235,5.48877,33.3511,0.84672,12.849,0.84672,3695.15,0,0,0,0.523152,2.26097,4.91347,1.35226,6.34534,0.42336,0,0.42336,460.49,0,1.02816,0,0,1.55131,0.523152,1.028160,1,0,39.6965,0,0,0,39.6965,0
67.932,2.48167,0,0,1.98183,0.100005,0.36288,3.6288,61.1836,0.66528,0,0,0.930459,0.307369,0,0.66528,12.849,1,0.462837,0.36288,0,42.132,5.50818,36.5239,0.84672,12.849,0.84672,3695.15,0,0,0,0.502148,2.26131,4.71115,1.3806,6.09401,0.42336,0,0.42336,460.49,0,1.02816,0,0,1.53031,0.502148,1.028160,1,0,42.6179,0,0,0,42.6179,0
66.8576,2.47661,0,0,1.85077,0.0857328,0.36288,3.6288,61.1503,0.66528,0,0,0.93852,0.30656,0,0.66528,12.849,1,0.468438,0.36288,0,37.5131,5.55671,31.8508,0.84672,12.849,0.84672,3695.15,0,0,0,0.475546,2.31195,4.50445,1.45146,5.84048,0.42336,0,0.42336,460.49,0,1.02816,0,0,1.50371,0.475546,1.028160,1,0,37.6913,0,0,0,37.6913,0
65.6708,2.47074,0,0,1.73189,0.08501,0.36288,3.6288,61.0473,0.66528,0,0,0.868743,0.306496,0,0.66528,12.849,1,0.474839,0.36288,0,33.8649,5.55671,28.1962,0.84672,12.849,0.84672,3695.15,0,0,0,0.411022,2.3123,4.02018,1.45146,5.29205,0.42336,0,0.42336,460.49,0,1.02816,0,0,1.43918,0.411022,1.028160,1,0,33.4883,0,0,0,33.4883,0
64.3497,2.46401,0,0,1.58996,0.0842116,0.36288,3.6288,60.9349,0.66528,0,0,0.859188,0.306296,0,0.66528,12.849,1,0.482103,0.36288,0,30.9565,5.55671,25.2806,0.84672,12.849,0.84672,3695.15,0,0,0,0.292827,2.31265,3.93188,1.45146,5.0859,0.42336,0,0.42336,460.49,0,1.02816,0,0,1.32099,0.292827,1.028160,1,0,30.3665,0,0,0,30.3665,0
63.1908,2.63708,0,0,1.9102,0.0690717,0.36288,3.6288,61.0247,0.66528,0,0,1.04625,0.291142,0,0.66528,12.849,1,0.526559,0.36288,0,32.4186,5.76492,26.49,0.84672,12.849,0.84672,3695.15,0,0,0,0.761953,2.313,5.87098,1.51027,7.43567,0.42336,0,0.42336,460.49,0,1.02816,0,0,1.79011,0.761953,1.028160,1,0,33.9256,0,0,0,33.9256,0
61.26,2.64262,0,0,1.15252,0.0778418,0.36288,3.6288,60.8935,0.66528,0,0,0.822545,0.288479,0,0.66528,12.849,1,0.53734,0.36288,0,23.6257,5.33429,18.117,0.84672,12.849,0.84672,3695.15,0,0,0,0.40011,2.48553,4.29128,1.4278,5.74913,0.42336,0,0.42336,460.49,0,1.02816,0,0,1.42827,0.40011,1.028160,1,0,23.8661,0,0,0,23.8661,0
59.3897,2.62938,0,0,1.20053,0.0785887,0.36288,3.6288,60.7722,0.66528,0,0,0.834373,0.290389,0,0.66528,12.849,1,0.5515,0.36288,0,22.3989,5.25829,16.952,0.84672,12.849,0.84672,3695.15,0,0,0,0.421554,2.4767,4.5296,1.41106,6.0168,0.42336,0,0.42336,460.49,0,1.02816,0,0,1.44971,0.421554,1.028160,1,0,22.9688,0,0,0,22.9688,0
58.2367,2.61587,0,0,1.92135,0.0956337,0.36288,3.6288,60.8465,0.66528,0,0,1.02544,0.285889,0,0.66528,12.849,1,0.565944,0.36288,0,37.2116,5.13956,31.869,0.84672,12.849,0.84672,3695.15,0,0,0,0.733078,2.47687,4.93766,1.39649,6.75112,0.42336,0,0.42336,460.49,0,1.02816,0,0,1.76124,0.733078,1.028160,1,0,38.6201,0,0,0,38.6201,0
57.5795,2.60744,0,0,2.40818,0.0950186,0.36288,3.6288,61.1545,0.66528,0,0,1.25051,0.277226,0,0.66528,12.849,1,0.575291,0.36288,0,44.3782,5.27964,38.8862,0.84672,12.849,0.84672,3695.15,0,0,0,0.700782,2.47705,4.84269,1.38247,6.63804,0.42336,0,0.42336,460.49,0,1.02816,0,0,1.72894,0.700782,1.028160,1,0,45.5242,0,0,0,45.5242,0
56.0386,2.5163,0,0,1.42882,0.0906043,0.36288,3.6288,61.2713,0.66528,0,0,1.06125,0.279142,0,0.66528,12.849,1,0.561519,0.36288,0,27.5309,5.27793,22.0544,0.84672,12.849,0.84672,3695.15,0,0,0,0.632422,2.47722,4.08326,1.29287,5.90004,0.42336,0,0.42336,460.49,0,1.02816,0,0,1.66058,0.632422,1.028160,1,0,27.9544,0,0,0,27.9544,0
54.3761,2.49023,0,0,1.27865,0.0880354,0.36288,3.6288,61.308,0.66528,0,0,1.01165,0.281081,0.0285869,0.66528,12.849,1,0.570982,0.36288,0,20.3081,5.24801,14.852,0.84672,12.849,0.84672,3695.15,0,0,0,0.40945,2.37767,4.1203,1.22605,5.68136,0.42336,0,0.42336,460.49,0,1.02816,0,0,1.43761,0.40945,1.028160,1,0,20.5619,0,0,0,20.5619,0
52.9194,2.47656,0,0,1.50307,0.120248,0.36288,3.6288,61.308,0.66528,0,0,1.02786,0.250824,0.111754,0.66528,12.849,1,0.585209,0.36288,0,20.4562,4.83275,15.4012,0.84672,12.849,0.84672,3695.15,0,0,0,0.445789,2.38808,4.30288,1.09626,6.04048,0.42336,0,0.42336,460.49,0,1.02816,0,0,1.47395,0.445789,1.028160,1,0,21.5534,0,0,0,21.5534,0
54.1259,2.46405,0,0,4.23476,0.201406,0.36288,3.6288,61.308,0.66528,0,0,2.49522,0.175018,1.65493,0.66528,12.849,1,0.598278,0.36288,0,65.3624,3.79459,61.3324,0.84672,12.849,0.84672,3695.15,0,0,0,1.39036,2.38844,11.4528,0.771768,14.4599,0.42336,0,0.42336,460.49,0,1.02816,0,0,2.41852,1.39036,1.028160,1,0,77.4472,0,0,0,77.4472,0
53.8204,2.40502,0,0,2.67246,0.210014,0.36288,3.6288,61.308,0.66528,0,0,1.50845,0.180906,0.662263,0.66528,12.849,1,0.57093,0.36288,0,47.8497,3.83892,43.8027,0.84672,12.849,0.84672,3695.15,0,0,0,1.06377,2.38881,6.28183,0.808631,8.92578,0.42336,0,0.42336,460.49,0,1.02816,0,0,2.09193,1.06377,1.028160,1,0,53.3908,0,0,0,53.3908,0
52.8495,2.40284,0,0,2.04079,0.24594,0.36288,3.6288,61.308,0.66528,0,0,1.20678,0.216237,0.325266,0.66528,12.849,1,0.57365,0.36288,0,43.1076,4.10487,38.7919,0.84672,12.849,0.84672,3695.15,0,0,0,0.896789,2.30011,7.69256,1.0298,9.85966,0.42336,0,0.42336,460.49,0,1.02816,0,0,1.92495,0.896789,1.028160,1,0,48.9768,0,0,0,48.9768,0
51.7858,2.3948,0,0,1.93743,0.243513,0.36288,3.6288,61.0594,0.863577,0,0,0.831228,0.216237,0,0.66528,12.849,1,0.582233,0.36288,0,39.3724,4.10487,35.0482,0.84672,12.849,0.84672,3695.15,0,0,0,0.216518,2.30046,6.88327,1.0298,8.37045,0.42336,0,0.42336,460.49,0,0.829863,0,0,1.04638,0.216518,1.028160,1,0,43.4186,0,0,0,43.4186,0
52.7688,2.38565,0,0,3.9724,0.240854,0.36288,3.6288,61.308,0.66528,0,0,1.83534,0.215897,0.70558,0.66528,12.849,1,0.591923,0.36288,0,60.8174,4.10487,56.4835,0.84672,12.849,0.84672,3695.15,0,0,0,1.55914,2.30081,9.84148,1.0298,12.6716,0.42336,0,0.42336,460.49,0,1.02816,0,0,2.5873,1.55914,1.028160,1,0,69.8607,0,0,0,69.8607,0
57.8992,2.19627,0,0,7.93282,0.243311,0.36288,3.6288,61.308,0.66528,0,0,3.53203,0.216237,2.65051,0.66528,12.849,1,0.534783,0.36288,0,112.11,4.10487,107.833,0.84672,12.849,0.84672,3695.15,0,0,0,4.58201,2.30116,15.8335,1.0298,21.6869,0.42336,0,0.42336,460.49,0,1.02816,0,0,5.61017,4.58201,1.028160,1,0,132.171,0,0,0,132.171,0
63.5744,2.23546,0,0,8.53514,0.261539,0.36288,3.6288,61.308,0.66528,0,0,8.88093,0.239314,7.97633,0.66528,12.849,1,0.496093,0.36288,0,233.368,4.62019,228.615,0.84672,12.849,0.84672,3695.15,0,0,0,3.89432,2.10356,19.7384,1.15273,24.5836,0.42336,0,0.42336,460.49,0,1.02816,0,0,4.92248,3.89432,1.028160,1,0,261.175,0,0,0,261.175,0
69.6325,2.27271,0,0,8.964,0.27038,0.36288,3.6288,61.308,0.66528,0,0,9.62747,0.22907,8.73312,0.66528,12.849,1,0.459337,0.36288,0,173.871,4.35466,169.42,0.84672,12.849,0.84672,3695.15,0,0,0,3.98518,2.10388,21.8283,1.09664,26.8207,0.42336,0,0.42336,460.49,0,1.02816,0,0,5.01334,3.98518,1.028160,1,0,204.974,0,0,0,204.974,0
72.29,2.30687,0,0,11.5741,0.283688,6.32595,3.6288,61.308,0.66528,0,0,12.4899,0.22907,11.5955,0.66528,12.849,1,0.425678,6.32595,0,188.927,4.35466,190.473,0.84672,12.849,0.84672,3695.15,0,0,0,5.61384,2.1042,26.21,1.09664,32.8314,0.42336,0,0.42336,460.49,0,1.02816,0,0,6.642,5.61384,1.028160,1,0,234.9,0,0,0,234.9,0
72.29,2.32058,0,0,11.5078,0.289527,8.89768,3.6288,61.308,0.66528,0,0,16.3506,0.22907,15.4562,0.66528,12.849,1,0.412466,8.89768,0,219.963,4.35466,224.094,0.84672,12.849,0.84672,3695.15,0,0,0,7.07927,2.10451,32.1443,1.09664,40.2314,0.42336,0,0.42336,460.49,0,1.02816,0,0,8.10743,7.07927,1.028160,1,0,279.781,0,0,0,279.781,0
72.29,2.32058,0,0,8.95153,0.305325,6.32562,3.6288,61.308,0.66528,0,0,9.49224,0.222365,8.6046,0.66528,12.849,1,0.412466,6.32562,0,185.199,4.15099,186.961,0.84672,12.849,0.84672,3695.15,0,0,0,4.96722,2.10483,23.1359,1.03873,29.1693,0.42336,0,0.42336,460.49,0,1.02816,0,0,5.99538,4.96722,1.028160,1,0,224.735,0,0,0,224.735,0
72.29,2.40175,0,0,7.40976,0.32639,4.68162,3.6288,61.308,0.66528,0,0,3.01976,0.213425,2.14105,0.66528,12.849,1,0.426893,4.68162,0,165.42,3.87944,165.795,0.84672,12.849,0.84672,3695.15,0,0,0,6.41997,2.10483,22.8804,0.961525,30.4437,0.42336,0,0.42336,460.49,0,1.02816,0,0,7.44813,6.41997,1.028160,1,0,198.38,0,0,0,198.38,0
72.29,2.40216,0,0,6.1345,0.32639,3.40595,3.6288,61.308,0.66528,0,0,3.8246,0.213425,2.94589,0.66528,12.849,1,0.426967,3.40595,0,152.855,3.87944,151.954,0.84672,12.849,0.84672,3695.15,0,0,0,4.52512,2.16691,16.3013,0.961525,22.0319,0.42336,0,0.42336,460.49,0,1.02816,0,0,5.55328,4.52512,1.028160,1,0,176.932,0,0,0,176.932,0
72.29,2.40258,0,0,6.94018,0.325948,4.21165,3.6288,61.308,0.66528,0,0,2.59616,0.203084,1.72779,0.66528,12.849,1,0.42704,4.21165,0,156.231,3.7459,156.27,0.84672,12.849,0.84672,3695.15,0,0,0,3.36814,2.16722,11.6475,0.933346,16.2495,0.42336,0,0.42336,460.49,0,1.02816,0,0,4.3963,3.36814,1.028160,1,0,174.247,0,0,0,174.247,0
72.29,2.40299,0,0,5.57157,0.324843,2.84374,3.6288,61.308,0.66528,0,0,2.03101,0.17723,1.1885,0.66528,12.849,1,0.427114,2.84374,0,142.665,3.41208,141.669,0.84672,12.849,0.84672,3695.15,0,0,0,2.69714,2.16753,12.5228,0.862897,16.5246,0.42336,0,0.42336,460.49,0,1.02816,0,0,3.7253,2.69714,1.028160,1,0,159.382,0,0,0,159.382,0
72.29,2.66287,0,0,4.43701,0.296908,1.47723,3.6288,61.308,0.66528,0,0,2.27418,0.186769,1.42213,0.66528,12.849,1,0.473306,1.47723,0,98.9271,3.5554,96.3757,0.84672,12.849,0.84672,3695.15,0,0,0,1.81685,2.16784,8.42333,0.904223,11.5038,0.42336,0,0.42336,460.49,0,1.02816,0,0,2.84501,1.81685,1.028160,1,0,109.302,0,0,0,109.302,0
72.29,2.66333,0,0,5.52205,0.296908,2.56181,3.6288,61.308,0.66528,0,0,2.43311,0.186769,1.58106,0.66528,12.849,1,0.473387,2.56181,0,144.113,3.5554,142.646,0.84672,12.849,0.84672,3695.15,0,0,0,4.92903,2.39051,13.4297,0.904223,19.845,0.42336,0,0.42336,460.49,0,1.02816,0,0,5.95719,4.92903,1.028160,1,0,164.073,0,0,0,164.073,0
72.29,2.66378,0,0,5.21738,0.333056,2.22054,3.6288,61.308,0.66528,0,0,1.90937,0.167927,1.07616,0.66528,12.849,1,0.473468,2.22054,0,132.619,3.66483,130.701,0.84672,12.849,0.84672,3695.15,0,0,0,4.0296,2.39085,10.0429,0.856307,15.607,0.42336,0,0.42336,460.49,0,1.02816,0,0,5.05776,4.0296,1.028160,1,0,147.384,0,0,0,147.384,0
72.29,2.66424,0,0,8.42061,0.383059,5.37331,3.6288,61.308,0.66528,0,0,1.9201,0.208396,1.04643,0.66528,12.849,1,0.473548,5.37331,0,184.078,3.57651,185.401,0.84672,12.849,0.84672,3695.15,0,0,0,4.63814,2.3912,12.3216,0.909087,18.4418,0.42336,0,0.42336,460.49,0,1.02816,0,0,5.6663,4.63814,1.028160,1,0,204.889,0,0,0,204.889,0
72.29,2.29438,0,0,5.4287,0.326407,2.80791,3.6288,61.308,0.66528,0,0,1.3776,0.177851,0.534465,0.66528,12.849,1,0.407809,2.80791,0,132.365,3.70556,131.059,0.84672,12.849,0.84672,3695.15,0,0,0,2.54573,2.39154,7.43723,0.938294,11.4362,0.42336,0,0.42336,460.49,0,1.02816,0,0,3.57389,2.54573,1.028160,1,0,143.03,0,0,0,143.03,0
72.29,2.29478,0,0,4.78157,0.326407,2.16039,3.6288,61.308,0.66528,0,0,1.02734,0.177851,0.184208,0.66528,12.849,1,0.40788,2.16039,0,101.815,3.70556,99.8624,0.84672,12.849,0.84672,3695.15,0,0,0,1.77919,2.08847,6.81826,0.938294,9.74762,0.42336,0,0.42336,460.49,0,1.02816,0,0,2.80735,1.77919,1.028160,1,0,109.794,0,0,0,109.794,0
72.29,2.29518,0,0,6.39343,0.326407,3.77184,3.6288,61.308,0.66528,0,0,1.54627,0.177851,0.703144,0.66528,12.849,1,0.40795,3.77184,0,142.69,3.70556,142.349,0.84672,12.849,0.84672,3695.15,0,0,0,2.78814,2.08877,10.4138,0.938294,14.3524,0.42336,0,0.42336,460.49,0,1.02816,0,0,3.8163,2.78814,1.028160,1,0,157.404,0,0,0,157.404,0
72.29,2.29557,0,0,8.11452,0.32766,5.49128,3.6288,61.308,0.66528,0,0,2.35114,0.193149,1.49271,0.66528,12.849,1,0.408021,5.49128,0,180.328,4.13867,181.273,0.84672,12.849,0.84672,3695.15,0,0,0,5.44018,2.08906,16.5417,1.00499,23.066,0.42336,0,0.42336,460.49,0,1.02816,0,0,6.46834,5.44018,1.028160,1,0,205.831,0,0,0,205.831,0
72.29,2.29597,0,0,6.90809,0.34209,4.27003,3.6288,61.308,0.66528,0,0,1.73136,0.188388,0.877693,0.66528,12.849,1,0.408091,4.27003,0,189.359,4.09068,189.13,0.84672,12.849,0.84672,3695.15,0,0,0,4.22572,2.08936,16.3822,0.988241,21.7091,0.42336,0,0.42336,460.49,0,1.02816,0,0,5.25388,4.22572,1.028160,1,0,211.717,0,0,0,211.717,0
72.29,2.38965,0,0,7.4933,0.326888,4.77676,3.6288,61.308,0.66528,0,0,2.17781,0.150813,1.36171,0.66528,12.849,1,0.424743,4.77676,0,203.891,3.48069,204.762,0.84672,12.849,0.84672,3695.15,0,0,0,5.30986,2.08966,14.461,0.896852,20.9637,0.42336,0,0.42336,460.49,0,1.02816,0,0,6.33802,5.30986,1.028160,1,0,227.088,0,0,0,227.088,0
72.29,2.39007,0,0,5.36881,0.309131,2.66961,3.6288,61.308,0.66528,0,0,1.51224,0.146824,0.700138,0.66528,12.849,1,0.424816,2.66961,0,151.712,3.65925,150.298,0.84672,12.849,0.84672,3695.15,0,0,0,4.2594,2.16482,10.8982,0.931529,16.3909,0.42336,0,0.42336,460.49,0,1.02816,0,0,5.28756,4.2594,1.028160,1,0,167.389,0,0,0,167.389,0
72.29,2.39048,0,0,4.6164,0.309131,1.91679,3.6288,61.308,0.66528,0,0,1.5332,0.146824,0.721099,0.66528,12.849,1,0.424889,1.91679,0,127.657,3.65925,125.49,0.84672,12.849,0.84672,3695.15,0,0,0,3.85375,2.16513,10.1672,0.931529,15.2546,0.42336,0,0.42336,460.49,0,1.02816,0,0,4.88191,3.85375,1.028160,1,0,141.465,0,0,0,141.465,0
72.29,2.39089,0,0,4.43105,0.290261,1.7499,3.6288,61.308,0.66528,0,0,2.11368,0.155436,1.29296,0.66528,12.849,1,0.424963,1.7499,0,125.575,3.70758,123.193,0.84672,12.849,0.84672,3695.15,0,0,0,4.52174,2.16544,13.453,0.969552,19.1706,0.42336,0,0.42336,460.49,0,1.02816,0,0,5.5499,4.52174,1.028160,1,0,143.656,0,0,0,143.656,0
72.29,2.35481,0,0,4.2682,0.243085,1.67031,3.6288,61.308,0.66528,0,0,2.15919,0.176967,1.31694,0.66528,12.849,1,0.418549,1.67031,0,97.2605,3.82841,94.6838,0.84672,12.849,0.84672,3695.15,0,0,0,3.97733,2.16575,9.48672,1.06461,14.5652,0.42336,0,0.42336,460.49,0,1.02816,0,0,5.00549,3.97733,1.028160,1,0,110.566,0,0,0,110.566,0
72.29,2.35521,0,0,3.65961,0.243085,1.06131,3.6288,61.308,0.66528,0,0,1.40409,0.176967,0.561839,0.66528,12.849,1,0.418621,1.06131,0,87.0204,3.82841,83.8346,0.84672,12.849,0.84672,3695.15,0,0,0,2.31018,2.13691,6.86007,1.06461,10.2426,0.42336,0,0.42336,460.49,0,1.02816,0,0,3.33834,2.31018,1.028160,1,0,94.639,0,0,0,94.639,0
72.29,2.35562,0,0,3.98191,0.243085,1.3832,3.6288,61.308,0.66528,0,0,1.48329,0.176967,0.641042,0.66528,12.849,1,0.418694,1.3832,0,83.427,3.82841,80.5631,0.84672,12.849,0.84672,3695.15,0,0,0,2.30083,2.13722,7.49796,1.06461,10.8714,0.42336,0,0.42336,460.49,0,1.02816,0,0,3.32899,2.30083,1.028160,1,0,92.0755,0,0,0,92.0755,0
72.29,2.35603,0,0,3.54637,0.237366,0.952982,3.6288,61.308,0.66528,0,0,1.39524,0.174901,0.555058,0.66528,12.849,1,0.418766,0.952982,0,91.3369,3.72814,88.143,0.84672,12.849,0.84672,3695.15,0,0,0,2.28903,2.13752,7.76883,1.05386,11.1415,0.42336,0,0.42336,460.49,0,1.02816,0,0,3.31719,2.28903,1.028160,1,0,99.8395,0,0,0,99.8395,0
72.29,2.4804,0,0,3.46048,0.219347,0.760742,3.6288,61.308,0.66528,0,0,1.43013,0.218445,0.546402,0.66528,12.849,1,0.440871,0.760742,0,95.3614,4.33322,91.3481,0.84672,12.849,0.84672,3695.15,0,0,0,2.1347,2.13783,6.81013,0.984084,10.0986,0.42336,0,0.42336,460.49,0,1.02816,0,0,3.16286,2.1347,1.028160,1,0,101.993,0,0,0,101.993,0
72.2397,2.48082,0,0,2.95502,0.16164,0.36288,3.6288,61.308,0.66528,0,0,1.38016,0.244108,0.470774,0.66528,12.849,1,0.440947,0.36288,0,62.8516,4.77418,57.9993,0.84672,12.849,0.84672,3695.15,0,0,0,1.85973,2.24034,6.03998,1.1037,9.03636,0.42336,0,0.42336,460.49,0,1.02816,0,0,2.88789,1.85973,1.028160,1,0,67.5065,0,0,0,67.5065,0
72.0772,2.48099,0,0,2.82019,0.138752,0.36288,3.6288,61.308,0.66528,0,0,1.28854,0.251126,0.372138,0.66528,12.849,1,0.441284,0.36288,0,56.1198,4.89352,51.1479,0.84672,12.849,0.84672,3695.15,0,0,0,1.62426,2.24066,5.8631,1.15441,8.57362,0.42336,0,0.42336,460.49,0,1.02816,0,0,2.65242,1.62426,1.028160,1,0,60.0937,0,0,0,60.0937,0
71.839,2.48057,0,0,2.7438,0.138581,0.36288,3.6288,61.308,0.66528,0,0,1.30703,0.251126,0.390627,0.66528,12.849,1,0.442204,0.36288,0,53.3265,4.89352,48.3537,0.84672,12.849,0.84672,3695.15,0,0,0,1.83928,2.24098,5.5834,1.15441,8.50926,0.42336,0,0.42336,460.49,0,1.02816,0,0,2.86744,1.83928,1.028160,1,0,57.2536,0,0,0,57.2536,0
71.9041,2.47975,0,0,3.03822,0.130474,0.36288,3.6288,61.308,0.66528,0,0,1.1425,0.236986,0.240235,0.66528,12.849,1,0.443524,0.36288,0,53.3926,4.74862,48.5633,0.84672,12.849,0.84672,3695.15,0,0,0,1.91449,2.24131,5.53582,1.16487,8.52674,0.42336,0,0.42336,460.49,0,1.02816,0,0,2.94265,1.91449,1.028160,1,0,57.3303,0,0,0,57.3303,0
72.1838,2.456,0,0,3.22316,0.124643,0.36288,3.6288,61.308,0.66528,0,0,1.01068,0.226381,0.11902,0.66528,12.849,1,0.438879,0.36288,0,54.1896,4.63995,49.4737,0.84672,12.849,0.84672,3695.15,0,0,0,1.87351,2.24163,6.0488,1.17272,8.99123,0.42336,0,0.42336,460.49,0,1.02816,0,0,2.90167,1.87351,1.028160,1,0,58.5839,0,0,0,58.5839,0
72.173,2.45787,0,0,2.9349,0.124909,0.36288,3.6288,61.308,0.66528,0,0,1.00047,0.226381,0.108807,0.66528,12.849,1,0.437511,0.36288,0,53.7703,4.63995,49.0558,0.84672,12.849,0.84672,3695.15,0,0,0,1.87764,2.2777,5.82171,1.17272,8.80434,0.42336,0,0.42336,460.49,0,1.02816,0,0,2.9058,1.87764,1.028160,1,0,57.9689,0,0,0,57.9689,0
71.8824,2.45824,0,0,2.65542,0.124898,0.36288,3.6288,61.308,0.66528,0,0,0.928489,0.226381,0.0368275,0.66528,12.849,1,0.437641,0.36288,0,48.2865,4.63995,43.5718,0.84672,12.849,0.84672,3695.15,0,0,0,1.51719,2.27803,5.58353,1.17272,8.20604,0.42336,0,0.42336,460.49,0,1.02816,0,0,2.54535,1.51719,1.028160,1,0,51.8147,0,0,0,51.8147,0
71.5341,2.45716,0,0,2.56827,0.0965963,0.36288,3.6288,61.2195,0.66528,0,0,0.873029,0.296212,0,0.66528,12.849,1,0.439218,0.36288,0,43.8756,5.56656,38.2328,0.84672,12.849,0.84672,3695.15,0,0,0,1.54929,2.27836,5.24594,1.48784,7.58575,0.42336,0,0.42336,460.49,0,1.02816,0,0,2.57745,1.54929,1.028160,1,0,45.8185,0,0,0,45.8185,0
71.1598,2.51906,0,0,2.60196,0.0942807,0.36288,3.6288,61.037,0.66528,0,0,0.813845,0.331093,0,0.66528,12.849,1,0.452476,0.36288,0,39.8981,6.18597,33.6225,0.84672,12.849,0.84672,3695.15,0,0,0,1.60726,2.27868,4.72177,1.57527,7.03244,0.42336,0,0.42336,460.49,0,1.02816,0,0,2.63542,1.60726,1.028160,1,0,40.6549,0,0,0,40.6549,0
70.5258,2.51748,0,0,2.34039,0.0940114,0.36288,3.6288,60.8044,0.66528,0,0,0.763387,0.330711,0,0.66528,12.849,1,0.454569,0.36288,0,37.6018,6.18597,31.3241,0.84672,12.849,0.84672,3695.15,0,0,0,1.52308,2.32972,4.82028,1.57527,7.0978,0.42336,0,0.42336,460.49,0,1.02816,0,0,2.55124,1.52308,1.028160,1,0,38.4219,0,0,0,38.4219,0
69.6848,2.51445,0,0,2.12988,0.0935553,0.36288,3.6288,60.5413,0.66528,0,0,0.732352,0.330224,0,0.66528,12.849,1,0.458105,0.36288,0,35.3176,6.18597,29.0364,0.84672,12.849,0.84672,3695.15,0,0,0,1.28206,2.33005,4.48126,1.57527,6.5181,0.42336,0,0.42336,460.49,0,1.02816,0,0,2.31022,1.28206,1.028160,1,0,35.5545,0,0,0,35.5545,0
68.577,2.51021,0,0,1.84301,0.0777035,0.36288,3.6288,60.2686,0.66528,0,0,0.729294,0.336705,0,0.66528,12.849,1,0.462852,0.36288,0,33.697,6.42779,27.1693,0.84672,12.849,0.84672,3695.15,0,0,0,1.25676,2.33039,4.54107,1.60532,6.5229,0.42336,0,0.42336,460.49,0,1.02816,0,0,2.28492,1.25676,1.028160,1,0,33.6922,0,0,0,33.6922,0
67.581,2.68861,0,0,2.13982,0.0843648,0.36288,3.6288,60.0292,0.66528,0,0,0.752604,0.326677,0,0.66528,12.849,1,0.503754,0.36288,0,35.7916,6.06983,29.5809,0.84672,12.849,0.84672,3695.15,0,0,0,1.63779,2.33072,5.48405,1.51194,7.94062,0.42336,0,0.42336,460.49,0,1.02816,0,0,2.66595,1.63779,1.028160,1,0,37.5216,0,0,0,37.5216,0
66.663,2.71101,0,0,2.23882,0.0829089,0.36288,3.6288,59.7943,0.66528,0,0,0.757503,0.327166,0,0.66528,12.849,1,0.515437,0.36288,0,33.4646,5.97439,27.3377,0.84672,12.849,0.84672,3695.15,0,0,0,1.70972,2.50466,5.15974,1.52797,7.84615,0.42336,0,0.42336,460.49,0,1.02816,0,0,2.73788,1.70972,1.028160,1,0,35.1838,0,0,0,35.1838,0
65.4837,2.7058,0,0,1.97164,0.08231,0.36288,3.6288,59.4808,0.66528,0,0,0.678453,0.326676,0,0.66528,12.849,1,0.52153,0.36288,0,30.2704,5.97439,24.1374,0.84672,12.849,0.84672,3695.15,0,0,0,1.52777,2.4854,4.19037,1.52797,6.67557,0.42336,0,0.42336,460.49,0,1.02816,0,0,2.55593,1.52777,1.028160,1,0,30.8129,0,0,0,30.8129,0
64.0754,2.69868,0,0,1.73478,0.0815406,0.36288,3.6288,59.0862,0.66528,0,0,0.596774,0.326022,0,0.66528,12.849,1,0.529527,0.36288,0,26.0137,5.97439,19.8726,0.84672,12.849,0.84672,3695.15,0,0,0,1.25852,2.48556,3.80984,1.52797,6.02596,0.42336,0,0.42336,460.49,0,1.02816,0,0,2.28668,1.25852,1.028160,1,0,25.8986,0,0,0,25.8986,0
62.9905,2.68972,0,0,2.07704,0.109314,0.36288,3.6288,59.0013,0.66528,0,0,0.879215,0.298899,0,0.66528,12.849,1,0.539368,0.36288,0,31.2922,5.20207,25.9136,0.84672,12.849,0.84672,3695.15,0,0,0,1.84861,2.48573,5.07894,1.32923,8.08405,0.42336,0,0.42336,460.49,0,1.02816,0,0,2.87677,1.84861,1.028160,1,0,33.9977,0,0,0,33.9977,0
61.6087,2.5941,0,0,1.71041,0.135235,0.36288,3.6288,58.9737,0.66528,0,0,0.903899,0.266153,0,0.66528,12.849,1,0.529154,0.36288,0,21.5017,4.24158,17.0938,0.84672,12.849,0.84672,3695.15,0,0,0,1.26161,2.48589,4.44853,1.07273,7.1233,0.42336,0,0.42336,460.49,0,1.02816,0,0,2.28977,1.26161,1.028160,1,0,24.2171,0,0,0,24.2171,0
60.2207,2.55586,0,0,1.66452,0.133709,0.36288,3.6288,59.3944,0.66528,0,0,1.35208,0.266106,0,0.66528,12.849,1,0.533045,0.36288,0,27.258,4.24158,22.8462,0.84672,12.849,0.84672,3695.15,0,0,0,2.74983,2.38551,5.58374,1.07273,9.64635,0.42336,0,0.42336,460.49,0,1.02816,0,0,3.77799,2.74983,1.028160,1,0,32.4926,0,0,0,32.4926,0
60.4043,2.54617,0,0,3.28288,0.190262,0.36288,3.6288,60.1081,0.66528,0,0,1.63491,0.255999,0,0.66528,12.849,1,0.543263,0.36288,0,61.2868,3.65505,57.4514,0.84672,12.849,0.84672,3695.15,0,0,0,2.70458,2.40627,8.35752,0.927426,12.541,0.42336,0,0.42336,460.49,0,1.02816,0,0,3.73274,2.70458,1.028160,1,0,69.9923,0,0,0,69.9923,0
61.6283,2.54796,0,0,4.32537,0.190574,0.36288,3.6288,60.6631,0.66528,0,0,1.47752,0.257168,0,0.66528,12.849,1,0.541994,0.36288,0,63.3188,3.65505,59.4847,0.84672,12.849,0.84672,3695.15,0,0,0,2.95788,2.40662,11.987,0.927426,16.424,0.42336,0,0.42336,460.49,0,1.02816,0,0,3.98604,2.95788,1.028160,1,0,75.9087,0,0,0,75.9087,0
62.3025,2.48478,0,0,3.77408,0.252197,0.36288,3.6288,61.308,0.66528,0,0,1.86309,0.286167,0.266778,0.66528,12.849,1,0.518057,0.36288,0,101.97,4.90235,96.9129,0.84672,12.849,0.84672,3695.15,0,0,0,2.00318,2.40697,9.87984,1.12441,13.1656,0.42336,0,0.42336,460.49,0,1.02816,0,0,3.03134,2.00318,1.028160,1,0,110.345,0,0,0,110.345,0
63.3777,2.48985,0,0,4.18156,0.253601,0.36288,3.6288,61.308,0.66528,0,0,1.78132,0.287338,0.828699,0.66528,12.849,1,0.513497,0.36288,0,51.7752,4.90235,46.7222,0.84672,12.849,0.84672,3695.15,0,0,0,2.92011,2.31753,8.82611,1.12441,12.9393,0.42336,0,0.42336,460.49,0,1.02816,0,0,3.94827,2.92011,1.028160,1,0,60.4903,0,0,0,60.4903,0
64.1411,2.49752,0,0,3.87965,0.255839,0.36288,3.6288,61.308,0.66528,0,0,2.1547,0.287338,1.20209,0.66528,12.849,1,0.50634,0.36288,0,60.6814,4.90235,55.6356,0.84672,12.849,0.84672,3695.15,0,0,0,3.11774,2.31786,9.86481,1.12441,14.176,0.42336,0,0.42336,460.49,0,1.02816,0,0,4.1459,3.11774,1.028160,1,0,71.0137,0,0,0,71.0137,0
64.9817,2.50297,0,0,3.97259,0.266177,0.36288,3.6288,61.308,0.66528,0,0,1.71425,0.262795,0.78617,0.66528,12.849,1,0.501405,0.36288,0,67.2717,4.96654,62.1667,0.84672,12.849,0.84672,3695.15,0,0,0,1.99528,2.31819,9.63853,1.04479,12.9072,0.42336,0,0.42336,460.49,0,1.02816,0,0,3.02344,1.99528,1.028160,1,0,75.86,0,0,0,75.86,0
65.3626,2.30086,0,0,3.29479,0.250158,0.36288,3.6288,61.308,0.66528,0,0,1.37872,0.184776,0.528663,0.66528,12.849,1,0.454955,0.36288,0,57.3731,3.84888,53.4322,0.84672,12.849,0.84672,3695.15,0,0,0,1.72005,2.31853,5.86719,0.903571,9.0022,0.42336,0,0.42336,460.49,0,1.02816,0,0,2.74821,1.72005,1.028160,1,0,62.963,0,0,0,62.963,0
65.0249,2.30347,0,0,2.58925,0.260555,0.36288,3.6288,61.308,0.66528,0,0,1.42839,0.172629,0.590482,0.66528,12.849,1,0.452818,0.36288,0,69.4684,3.85896,65.5195,0.84672,12.849,0.84672,3695.15,0,0,0,1.84722,2.11929,5.90988,0.912157,8.96424,0.42336,0,0.42336,460.49,0,1.02816,0,0,2.87538,1.84722,1.028160,1,0,75.0742,0,0,0,75.0742,0
65.4792,2.30191,0,0,3.38272,0.263601,0.36288,3.6288,61.308,0.66528,0,0,1.6599,0.220837,0.773782,0.66528,12.849,1,0.45486,0.36288,0,51.5408,4.58157,46.8672,0.84672,12.849,0.84672,3695.15,0,0,0,2.40864,2.11959,5.64731,1.19716,8.97838,0.42336,0,0.42336,460.49,0,1.02816,0,0,3.4368,2.40864,1.028160,1,0,56.6194,0,0,0,56.6194,0
65.696,2.30494,0,0,3.19629,0.311681,0.36288,3.6288,61.308,0.66528,0,0,1.56635,0.220394,0.680681,0.66528,12.849,1,0.452299,0.36288,0,91.1451,4.71135,86.3443,0.84672,12.849,0.84672,3695.15,0,0,0,2.45436,2.1199,7.78785,1.12254,11.2396,0.42336,0,0.42336,460.49,0,1.02816,0,0,3.48252,2.45436,1.028160,1,0,98.2646,0,0,0,98.2646,0
72.0878,2.30659,0,0,9.33473,0.273489,0.36288,3.6288,61.308,0.66528,0,0,2.76273,0.190518,1.90693,0.66528,12.849,1,0.451129,0.36288,0,104.521,3.66354,100.769,0.84672,12.849,0.84672,3695.15,0,0,0,3.74835,2.1202,14.8156,0.925109,19.7591,0.42336,0,0.42336,460.49,0,1.02816,0,0,4.77651,3.74835,1.028160,1,0,122.435,0,0,0,122.435,0
72.29,2.42231,0,0,6.52392,0.257251,3.64216,3.6288,61.308,0.66528,0,0,2.82673,0.170085,1.99137,0.66528,12.849,1,0.431754,3.64216,0,83.8426,2.91984,84.1331,0.84672,12.849,0.84672,3695.15,0,0,0,3.73149,2.1205,10.4433,0.665886,15.6294,0.42336,0,0.42336,460.49,0,1.02816,0,0,4.75965,3.73149,1.028160,1,0,101.754,0,0,0,101.754,0
72.29,2.42372,0,0,6.45731,0.257646,3.77594,3.6288,61.308,0.66528,0,0,2.74357,0.170085,1.90821,0.66528,12.849,1,0.430799,3.77594,0,114.268,2.91984,114.694,0.84672,12.849,0.84672,3695.15,0,0,0,3.85984,2.18307,12.8156,0.665886,18.1926,0.42336,0,0.42336,460.49,0,1.02816,0,0,4.888,3.85984,1.028160,1,0,134.794,0,0,0,134.794,0
72.29,2.42412,0,0,4.81569,0.257646,2.13392,3.6288,61.308,0.66528,0,0,2.15232,0.170085,1.31695,0.66528,12.849,1,0.430868,2.13392,0,89.7273,2.91984,88.5105,0.84672,12.849,0.84672,3695.15,0,0,0,2.69255,2.18336,9.66833,0.665886,13.8784,0.42336,0,0.42336,460.49,0,1.02816,0,0,3.72071,2.69255,1.028160,1,0,103.706,0,0,0,103.706,0
72.29,2.42451,0,0,3.57524,0.305934,0.844796,3.6288,61.308,0.66528,0,0,2.15977,0.176613,1.31787,0.66528,12.849,1,0.430938,0.844796,0,78.719,2.65677,76.4761,0.84672,12.849,0.84672,3695.15,0,0,0,2.66667,2.18366,9.78843,0.797095,13.8417,0.42336,0,0.42336,460.49,0,1.02816,0,0,3.69483,2.66667,1.028160,1,0,91.6357,0,0,0,91.6357,0
72.29,2.68647,0,0,4.57027,0.307647,1.57616,3.6288,61.308,0.66528,0,0,2.00705,0.202248,1.13953,0.66528,12.849,1,0.477499,1.57616,0,93.4649,4.39628,90.1673,0.84672,12.849,0.84672,3695.15,0,0,0,2.17552,2.18395,9.04513,1.08704,12.3176,0.42336,0,0.42336,460.49,0,1.02816,0,0,3.20368,2.17552,1.028160,1,0,103.624,0,0,0,103.624,0
72.29,2.6869,0,0,4.99982,0.306592,2.00633,3.6288,61.308,0.66528,0,0,2.19182,0.206339,1.3202,0.66528,12.849,1,0.477576,2.00633,0,103.413,4.6935,100.248,0.84672,12.849,0.84672,3695.15,0,0,0,2.51601,2.40839,9.08859,1.13172,12.8813,0.42336,0,0.42336,460.49,0,1.02816,0,0,3.54417,2.51601,1.028160,1,0,114.45,0,0,0,114.45,0
72.29,2.68733,0,0,5.0946,0.306592,2.10068,3.6288,61.308,0.66528,0,0,2.04701,0.206339,1.17539,0.66528,12.849,1,0.477652,2.10068,0,105.548,4.6935,102.477,0.84672,12.849,0.84672,3695.15,0,0,0,2.05514,2.40872,8.94128,1.13172,12.2734,0.42336,0,0.42336,460.49,0,1.02816,0,0,3.0833,2.05514,1.028160,1,0,115.926,0,0,0,115.926,0
72.29,2.68776,0,0,5.35228,0.2764,2.38812,3.6288,61.308,0.66528,0,0,2.27369,0.204261,1.40414,0.66528,12.849,1,0.477729,2.38812,0,111.784,4.24017,109.455,0.84672,12.849,0.84672,3695.15,0,0,0,3.02857,2.40905,9.96451,0.965763,14.4364,0.42336,0,0.42336,460.49,0,1.02816,0,0,4.05673,3.02857,1.028160,1,0,125.295,0,0,0,125.295,0
72.29,2.3149,0,0,7.38564,0.277704,4.79304,3.6288,61.308,0.66528,0,0,4.55523,0.239283,3.65067,0.66528,12.849,1,0.411456,4.79304,0,206.377,5.05777,205.701,0.84672,12.849,0.84672,3695.15,0,0,0,5.60519,2.40938,16.1311,1.15158,22.994,0.42336,0,0.42336,460.49,0,1.02816,0,0,6.63335,5.60519,1.028160,1,0,232.345,0,0,0,232.345,0
72.29,2.31528,0,0,6.36155,0.308929,3.73734,3.6288,61.308,0.66528,0,0,3.27509,0.194197,2.41561,0.66528,12.849,1,0.411523,3.73734,0,171.193,4.48203,170.037,0.84672,12.849,0.84672,3695.15,0,0,0,3.80902,2.10384,13.841,1.03622,18.7177,0.42336,0,0.42336,460.49,0,1.02816,0,0,4.83718,3.80902,1.028160,1,0,191.17,0,0,0,191.17,0
72.29,2.31565,0,0,7.76416,0.308929,5.13958,3.6288,61.308,0.66528,0,0,4.47143,0.194197,3.61196,0.66528,12.849,1,0.41159,5.13958,0,187.585,4.48203,187.831,0.84672,12.849,0.84672,3695.15,0,0,0,4.33563,2.10413,17.6684,1.03622,23.0719,0.42336,0,0.42336,460.49,0,1.02816,0,0,5.36379,4.33563,1.028160,1,0,214.515,0,0,0,214.515,0
72.29,2.31603,0,0,9.16963,0.308929,6.54467,3.6288,61.308,0.66528,0,0,5.23263,0.194197,4.37315,0.66528,12.849,1,0.411657,6.54467,0,238.782,4.48203,240.433,0.84672,12.849,0.84672,3695.15,0,0,0,6.65016,2.10441,20.8729,1.03622,28.5913,0.42336,0,0.42336,460.49,0,1.02816,0,0,7.67832,6.65016,1.028160,1,0,273.397,0,0,0,273.397,0
72.29,2.31641,0,0,6.85161,0.264087,4.27111,3.6288,61.308,0.66528,0,0,3.90509,0.155595,3.08421,0.66528,12.849,1,0.411724,4.27111,0,208.344,3.87698,208.327,0.84672,12.849,0.84672,3695.15,0,0,0,4.53917,2.10469,16.6698,0.972525,22.3412,0.42336,0,0.42336,460.49,0,1.02816,0,0,5.56733,4.53917,1.028160,1,0,233.752,0,0,0,233.752,0
72.29,2.41082,0,0,5.91841,0.310028,3.19756,3.6288,61.308,0.66528,0,0,3.15527,0.160278,2.32971,0.66528,12.849,1,0.428504,3.19756,0,179.765,3.88406,178.65,0.84672,12.849,0.84672,3695.15,0,0,0,3.39678,2.10497,12.6246,1.00451,17.1218,0.42336,0,0.42336,460.49,0,1.02816,0,0,4.42494,3.39678,1.028160,1,0,198.101,0,0,0,198.101,0
72.29,2.41121,0,0,4.74654,0.310028,2.0253,3.6288,61.308,0.66528,0,0,2.93096,0.160278,2.1054,0.66528,12.849,1,0.428574,2.0253,0,106.244,3.88406,103.957,0.84672,12.849,0.84672,3695.15,0,0,0,3.04582,2.18072,10.7682,1.00451,14.9902,0.42336,0,0.42336,460.49,0,1.02816,0,0,4.07398,3.04582,1.028160,1,0,121.053,0,0,0,121.053,0
72.29,2.4116,0,0,4.82693,0.31478,2.10056,3.6288,61.308,0.66528,0,0,3.22936,0.184469,2.37961,0.66528,12.849,1,0.428643,2.10056,0,110.487,4.39584,107.764,0.84672,12.849,0.84672,3695.15,0,0,0,3.43116,2.18101,13.4419,1.04842,18.0056,0.42336,0,0.42336,460.49,0,1.02816,0,0,4.45932,3.43116,1.028160,1,0,128.149,0,0,0,128.149,0
72.29,2.41199,0,0,4.49859,0.298841,1.78776,3.6288,61.308,0.66528,0,0,2.739,0.204802,1.86892,0.66528,12.849,1,0.428713,1.78776,0,98.9176,4.54454,95.7321,0.84672,12.849,0.84672,3695.15,0,0,0,2.89498,2.18131,10.8339,1.0559,14.8543,0.42336,0,0.42336,460.49,0,1.02816,0,0,3.92314,2.89498,1.028160,1,0,112.455,0,0,0,112.455,0
72.29,2.37559,0,0,4.31486,0.272065,1.6672,3.6288,61.308,0.66528,0,0,1.85618,0.196409,0.994494,0.66528,12.849,1,0.422244,1.6672,0,103.803,4.01064,101.037,0.84672,12.849,0.84672,3695.15,0,0,0,1.95368,2.1816,8.69227,1.05027,11.7773,0.42336,0,0.42336,460.49,0,1.02816,0,0,2.98184,1.95368,1.028160,1,0,113.809,0,0,0,113.809,0
72.29,2.37598,0,0,4.04406,0.253235,1.41485,3.6288,61.308,0.66528,0,0,1.68832,0.202649,0.820387,0.66528,12.849,1,0.422312,1.41485,0,96.5987,4.06623,93.525,0.84672,12.849,0.84672,3695.15,0,0,0,1.85587,2.15251,7.97178,1.05415,10.926,0.42336,0,0.42336,460.49,0,1.02816,0,0,2.88403,1.85587,1.028160,1,0,105.271,0,0,0,105.271,0
72.29,2.37636,0,0,3.7212,0.253235,1.0916,3.6288,61.308,0.66528,0,0,1.67363,0.202649,0.805699,0.66528,12.849,1,0.422381,1.0916,0,87.2217,4.06623,83.8247,0.84672,12.849,0.84672,3695.15,0,0,0,1.89944,2.1528,7.61737,1.05415,10.6155,0.42336,0,0.42336,460.49,0,1.02816,0,0,2.9276,1.89944,1.028160,1,0,95.2458,0,0,0,95.2458,0
72.29,2.37675,0,0,3.59449,0.258664,0.959077,3.6288,61.308,0.66528,0,0,2.13968,0.191008,1.28339,0.66528,12.849,1,0.422449,0.959077,0,84.2573,3.95556,80.8383,0.84672,12.849,0.84672,3695.15,0,0,0,2.5149,2.15309,9.42788,1.01309,13.0828,0.42336,0,0.42336,460.49,0,1.02816,0,0,3.54306,2.5149,1.028160,1,0,95.2045,0,0,0,95.2045,0
72.29,2.50208,0,0,3.30572,0.249268,0.554377,3.6288,61.308,0.66528,0,0,1.67937,0.138624,0.87547,0.66528,12.849,1,0.444726,0.554377,0,72.7134,3.43381,69.3892,0.84672,12.849,0.84672,3695.15,0,0,0,1.81859,2.15338,7.56052,0.935119,10.5974,0.42336,0,0.42336,460.49,0,1.02816,0,0,2.84675,1.81859,1.028160,1,0,80.8621,0,0,0,80.8621,0
72.29,2.50248,0,0,3.15578,0.187146,0.466147,3.6288,61.308,0.66528,0,0,1.59803,0.171356,0.761392,0.66528,12.849,1,0.444798,0.466147,0,66.3146,3.76214,62.5738,0.84672,12.849,0.84672,3695.15,0,0,0,1.96536,2.25669,6.71993,0.904724,10.0373,0.42336,0,0.42336,460.49,0,1.02816,0,0,2.99352,1.96536,1.028160,1,0,73.3725,0,0,0,73.3725,0
72.2055,2.50289,0,0,2.92278,0.141477,0.36288,3.6288,61.308,0.66528,0,0,1.64302,0.185392,0.792345,0.66528,12.849,1,0.444869,0.36288,0,59.4641,4.00082,55.3813,0.84672,12.849,0.84672,3695.15,0,0,0,1.70581,2.25699,6.28603,1.00614,9.2427,0.42336,0,0.42336,460.49,0,1.02816,0,0,2.73397,1.70581,1.028160,1,0,65.4163,0,0,0,65.4163,0
72.0159,2.50285,0,0,2.81745,0.141386,0.36288,3.6288,61.308,0.66528,0,0,1.4755,0.185392,0.624833,0.66528,12.849,1,0.445383,0.36288,0,54.703,4.00082,50.6197,0.84672,12.849,0.84672,3695.15,0,0,0,1.42665,2.2573,5.81262,1.00614,8.49042,0.42336,0,0.42336,460.49,0,1.02816,0,0,2.45481,1.42665,1.028160,1,0,59.735,0,0,0,59.735,0
71.8589,2.50226,0,0,2.85005,0.141915,0.36288,3.6288,61.308,0.66528,0,0,1.31919,0.217684,0.436226,0.66528,12.849,1,0.44645,0.36288,0,49.8499,4.37009,45.3963,0.84672,12.849,0.84672,3695.15,0,0,0,1.27604,2.2576,5.32965,1.07703,7.78627,0.42336,0,0.42336,460.49,0,1.02816,0,0,2.3042,1.27604,1.028160,1,0,53.6188,0,0,0,53.6188,0
71.805,2.47713,0,0,2.92881,0.142722,0.36288,3.6288,61.308,0.66528,0,0,1.1849,0.26074,0.258878,0.66528,12.849,1,0.442933,0.36288,0,48.7588,4.86245,43.8163,0.84672,12.849,0.84672,3695.15,0,0,0,1.05974,2.25791,4.71671,1.17155,6.8628,0.42336,0,0.42336,460.49,0,1.02816,0,0,2.0879,1.05974,1.028160,1,0,50.938,0,0,0,50.938,0
71.6197,2.47725,0,0,2.78796,0.133128,0.36288,3.6288,61.308,0.66528,0,0,1.14396,0.276285,0.202397,0.66528,12.849,1,0.443286,0.36288,0,46.8043,5.07961,41.6442,0.84672,12.849,0.84672,3695.15,0,0,0,1.03763,2.29425,4.54354,1.24505,6.63037,0.42336,0,0.42336,460.49,0,1.02816,0,0,2.06579,1.03763,1.028160,1,0,48.477,0,0,0,48.477,0
71.2915,2.47668,0,0,2.63036,0.118939,0.36288,3.6288,61.308,0.66528,0,0,1.10363,0.296213,0.142138,0.66528,12.849,1,0.444331,0.36288,0,44.3349,5.64084,38.6127,0.84672,12.849,0.84672,3695.15,0,0,0,1.09712,2.29456,4.50663,1.3834,6.5149,0.42336,0,0.42336,460.49,0,1.02816,0,0,2.12528,1.09712,1.028160,1,0,45.2697,0,0,0,45.2697,0
70.7385,2.47534,0,0,2.40773,0.122553,0.36288,3.6288,61.308,0.66528,0,0,1.0691,0.28864,0.115177,0.66528,12.849,1,0.446136,0.36288,0,43.774,5.64816,38.0425,0.84672,12.849,0.84672,3695.15,0,0,0,0.991794,2.29487,4.16254,1.36525,6.08395,0.42336,0,0.42336,460.49,0,1.02816,0,0,2.01995,0.991794,1.028160,1,0,44.2417,0,0,0,44.2417,0
69.9409,2.53647,0,0,2.20685,0.10511,0.36288,3.6288,61.1839,0.66528,0,0,0.859213,0.318033,0,0.66528,12.849,1,0.460727,0.36288,0,35.4612,6.02249,29.3408,0.84672,12.849,0.84672,3695.15,0,0,0,0.677834,2.29518,3.39358,1.46936,4.89723,0.42336,0,0.42336,460.49,0,1.02816,0,0,1.70599,0.677834,1.028160,1,0,34.238,0,0,0,34.238,0
69.0937,2.53244,0,0,2.15266,0.104467,0.36288,3.6288,60.9925,0.66528,0,0,0.791657,0.317784,0,0.66528,12.849,1,0.465241,0.36288,0,35.4154,6.02249,29.2905,0.84672,12.849,0.84672,3695.15,0,0,0,0.830028,2.34659,3.63646,1.46936,5.34371,0.42336,0,0.42336,460.49,0,1.02816,0,0,1.85819,0.830028,1.028160,1,0,34.6342,0,0,0,34.6342,0
68.1134,2.52804,0,0,2.01439,0.103783,0.36288,3.6288,60.7426,0.66528,0,0,0.732793,0.317399,0,0.66528,12.849,1,0.470126,0.36288,0,31.9712,6.02249,25.8415,0.84672,12.849,0.84672,3695.15,0,0,0,0.750289,2.34691,3.2455,1.46936,4.87334,0.42336,0,0.42336,460.49,0,1.02816,0,0,1.77845,0.750289,1.028160,1,0,30.7148,0,0,0,30.7148,0
66.9741,2.52275,0,0,1.84931,0.102992,0.36288,3.6288,60.4852,0.66528,0,0,0.724741,0.316896,0,0.66528,12.849,1,0.475896,0.36288,0,29.2254,6.02249,23.0899,0.84672,12.849,0.84672,3695.15,0,0,0,0.604221,2.34723,3.17422,1.46936,4.6563,0.42336,0,0.42336,460.49,0,1.02816,0,0,1.63238,0.604221,1.028160,1,0,27.7462,0,0,0,27.7462,0
66.2079,2.70137,0,0,2.37748,0.079401,0.36288,3.6288,60.3145,0.66528,0,0,0.806242,0.311634,0,0.66528,12.849,1,0.518259,0.36288,0,29.9352,6.1418,23.638,0.84672,12.849,0.84672,3695.15,0,0,0,0.897523,2.34755,4.03271,1.54306,5.73472,0.42336,0,0.42336,460.49,0,1.02816,0,0,1.92568,0.897523,1.028160,1,0,29.3727,0,0,0,29.3727,0
65.6638,2.73901,0,0,2.63611,0.0783787,0.36288,3.6288,60.1781,0.66528,0,0,0.82766,0.298733,0,0.66528,12.849,1,0.531561,0.36288,0,32.5036,5.96956,26.3653,0.84672,12.849,0.84672,3695.15,0,0,0,0.827643,2.52282,3.15692,1.54604,4.96135,0.42336,0,0.42336,460.49,0,1.02816,0,0,1.8558,0.827643,1.028160,1,0,31.3267,0,0,0,31.3267,0
64.6019,2.73603,0,0,2.11504,0.0780395,0.36288,3.6288,59.8652,0.66528,0,0,0.650825,0.298474,0,0.66528,12.849,1,0.535382,0.36288,0,38.2312,5.96956,32.0892,0.84672,12.849,0.84672,3695.15,0,0,0,0.460521,2.49365,2.62243,1.54604,4.03057,0.42336,0,0.42336,460.49,0,1.02816,0,0,1.48868,0.460521,1.028160,1,0,36.1197,0,0,0,36.1197,0
63.9371,2.72938,0,0,2.50489,0.0773774,0.36288,3.6288,59.8955,0.66528,0,0,0.993452,0.297879,0,0.66528,12.849,1,0.542861,0.36288,0,32.8149,5.96956,26.6653,0.84672,12.849,0.84672,3695.15,0,0,0,1.21126,2.49381,3.5463,1.54604,5.70533,0.42336,0,0.42336,460.49,0,1.02816,0,0,2.23942,1.21126,1.028160,1,0,32.3707,0,0,0,32.3707,0
62.9941,2.72538,0,0,2.20685,0.0616395,0.36288,3.6288,59.7385,0.66528,0,0,0.812359,0.304119,0,0.66528,12.849,1,0.5477,0.36288,0,34.7832,5.81004,28.7883,0.84672,12.849,0.84672,3695.15,0,0,0,0.941311,2.49397,4.42708,1.52455,6.33781,0.42336,0,0.42336,460.49,0,1.02816,0,0,1.96947,0.941311,1.028160,1,0,35.1261,0,0,0,35.1261,0
62.4732,2.62994,0,0,2.51877,0.0468128,0.36288,3.6288,59.8293,0.66528,0,0,1.07873,0.32265,0,0.66528,12.849,1,0.536433,0.36288,0,35.1229,5.89254,29.0568,0.84672,12.849,0.84672,3695.15,0,0,0,1.43748,2.49412,6.36033,1.66578,8.62616,0.42336,0,0.42336,460.49,0,1.02816,0,0,2.46564,1.43748,1.028160,1,0,37.683,0,0,0,37.683,0
62.7627,2.58376,0,0,3.3197,0.083508,0.36288,3.6288,60.0026,0.66528,0,0,1.1341,0.295492,0,0.66528,12.849,1,0.531408,0.36288,0,35.5203,5.67168,29.6801,0.84672,12.849,0.84672,3695.15,0,0,0,1.61157,2.39296,5.11569,1.58992,7.5303,0.42336,0,0.42336,460.49,0,1.02816,0,0,2.63973,1.61157,1.028160,1,0,37.2104,0,0,0,37.2104,0
64.4674,2.58621,0,0,4.73748,0.0837062,0.36288,3.6288,60.908,0.66528,0,0,1.86654,0.295819,0,0.66528,12.849,1,0.529458,0.36288,0,65.7016,5.67168,59.8633,0.84672,12.849,0.84672,3695.15,0,0,0,3.42874,2.42354,9.59031,1.58992,13.8527,0.42336,0,0.42336,460.49,0,1.02816,0,0,4.4569,3.42874,1.028160,1,0,73.716,0,0,0,73.716,0
65.3801,2.5983,0,0,3.97566,0.101765,0.36288,3.6288,61.308,0.66528,0,0,1.42525,0.291869,0.0681524,0.66528,12.849,1,0.517867,0.36288,0,87.9543,5.65868,82.1407,0.84672,12.849,0.84672,3695.15,0,0,0,2.34727,2.42387,6.32249,1.59575,9.49788,0.42336,0,0.42336,460.49,0,1.02816,0,0,3.37543,2.34727,1.028160,1,0,91.7067,0,0,0,91.7067,0
67.639,2.53095,0,0,5.35111,0.198466,0.36288,3.6288,61.308,0.66528,0,0,1.6744,0.269884,0.739233,0.66528,12.849,1,0.4974,0.36288,0,76.8658,4.59109,72.1401,0.84672,12.849,0.84672,3695.15,0,0,0,1.87483,2.4242,8.64277,1.2757,11.6661,0.42336,0,0.42336,460.49,0,1.02816,0,0,2.90299,1.87483,1.028160,1,0,84.5455,0,0,0,84.5455,0
69.7676,2.54531,0,0,5.23787,0.201013,0.36288,3.6288,61.308,0.66528,0,0,2.3876,0.271768,1.45056,0.66528,12.849,1,0.483519,0.36288,0,86.502,4.42617,81.9551,0.84672,12.849,0.84672,3695.15,0,0,0,3.60379,2.33405,11.042,1.21652,15.7633,0.42336,0,0.42336,460.49,0,1.02816,0,0,4.63195,3.60379,1.028160,1,0,99.169,0,0,0,99.169,0
71.8397,2.55818,0,0,5.19976,0.206665,0.36288,3.6288,61.308,0.66528,0,0,1.9683,0.265632,1.03738,0.66528,12.849,1,0.471137,0.36288,0,105.395,4.44222,100.845,0.84672,12.849,0.84672,3695.15,0,0,0,2.08588,2.33436,10.8272,1.19661,14.0508,0.42336,0,0.42336,460.49,0,1.02816,0,0,3.11404,2.08588,1.028160,1,0,115.933,0,0,0,115.933,0
72.29,2.57012,0,0,5.64295,0.194712,2.42777,3.6288,61.308,0.66528,0,0,1.74372,0.212108,0.866328,0.66528,12.849,1,0.459684,2.42777,0,99.0853,3.85794,97.1954,0.84672,12.849,0.84672,3695.15,0,0,0,1.65326,2.33468,9.591,1.01835,12.5606,0.42336,0,0.42336,460.49,0,1.02816,0,0,2.68142,1.65326,1.028160,1,0,110.622,0,0,0,110.622,0
72.29,2.35986,0,0,5.97469,0.174511,3.44032,3.6288,61.308,0.66528,0,0,1.83004,0.229226,0.935533,0.66528,12.849,1,0.419447,3.44032,0,93.2619,3.76528,92.5175,0.84672,12.849,0.84672,3695.15,0,0,0,1.96558,2.33499,10.6794,0.999707,13.9803,0.42336,0,0.42336,460.49,0,1.02816,0,0,2.99374,1.96558,1.028160,1,0,107.433,0,0,0,107.433,0
72.29,2.36024,0,0,6.64373,0.256093,4.02739,3.6288,61.308,0.66528,0,0,1.97949,0.233353,1.08086,0.66528,12.849,1,0.419515,4.02739,0,124.073,4.05665,123.624,0.84672,12.849,0.84672,3695.15,0,0,0,2.57606,2.13421,13.0088,0.993791,16.7253,0.42336,0,0.42336,460.49,0,1.02816,0,0,3.60422,2.57606,1.028160,1,0,141.43,0,0,0,141.43,0
72.29,2.36062,0,0,7.72356,0.288393,5.07454,3.6288,61.308,0.66528,0,0,2.06946,0.226108,1.17807,0.66528,12.849,1,0.419583,5.07454,0,163.097,4.04786,163.704,0.84672,12.849,0.84672,3695.15,0,0,0,2.52753,2.1345,12.7112,0.983777,16.3894,0.42336,0,0.42336,460.49,0,1.02816,0,0,3.55569,2.52753,1.028160,1,0,181.272,0,0,0,181.272,0
72.29,2.36101,0,0,6.70784,0.288393,4.05844,3.6288,61.308,0.66528,0,0,2.01849,0.226108,1.12711,0.66528,12.849,1,0.419651,4.05844,0,137.139,4.04786,136.73,0.84672,12.849,0.84672,3695.15,0,0,0,2.37272,2.13478,12.4121,0.983777,15.9358,0.42336,0,0.42336,460.49,0,1.02816,0,0,3.40088,2.37272,1.028160,1,0,153.793,0,0,0,153.793,0
72.29,2.36139,0,0,9.56148,0.282575,6.91752,3.6288,61.308,0.66528,0,0,2.02141,0.224861,1.13126,0.66528,12.849,1,0.419719,6.91752,0,150.072,4.15971,152.41,0.84672,12.849,0.84672,3695.15,0,0,0,2.41068,2.13507,12.8704,1.04942,16.3667,0.42336,0,0.42336,460.49,0,1.02816,0,0,3.43884,2.41068,1.028160,1,0,169.908,0,0,0,169.908,0
72.29,2.44379,0,0,7.77095,0.220076,5.10709,3.6288,61.308,0.66528,0,0,1.6496,0.200051,0.78427,0.66528,12.849,1,0.434366,5.10709,0,125.418,3.53966,126.551,0.84672,12.849,0.84672,3695.15,0,0,0,2.46615,2.13536,12.9241,0.91985,16.6058,0.42336,0,0.42336,460.49,0,1.02816,0,0,3.49431,2.46615,1.028160,1,0,143.941,0,0,0,143.941,0
72.29,2.44416,0,0,5.72946,0.248222,3.03708,3.6288,61.308,0.66528,0,0,1.30347,0.235445,0.402748,0.66528,12.849,1,0.434431,3.03708,0,98.3042,4.2031,96.7037,0.84672,12.849,0.84672,3695.15,0,0,0,2.14417,2.19838,10.8584,1.10642,14.0945,0.42336,0,0.42336,460.49,0,1.02816,0,0,3.17233,2.14417,1.028160,1,0,111.201,0,0,0,111.201,0
72.29,2.44453,0,0,6.17425,0.253771,3.47594,3.6288,61.308,0.66528,0,0,1.38133,0.240778,0.47527,0.66528,12.849,1,0.434497,3.47594,0,102.084,4.31739,100.808,0.84672,12.849,0.84672,3695.15,0,0,0,2.32681,2.19866,11.3032,1.14207,14.6866,0.42336,0,0.42336,460.49,0,1.02816,0,0,3.35497,2.32681,1.028160,1,0,115.97,0,0,0,115.97,0
72.29,2.4449,0,0,6.07287,0.253771,3.3742,3.6288,61.308,0.66528,0,0,1.39703,0.240778,0.490969,0.66528,12.849,1,0.434563,3.3742,0,100.264,4.31739,98.886,0.84672,12.849,0.84672,3695.15,0,0,0,2.29765,2.19894,12.0728,1.14207,15.4274,0.42336,0,0.42336,460.49,0,1.02816,0,0,3.32581,2.29765,1.028160,1,0,114.804,0,0,0,114.804,0
72.29,2.70883,0,0,6.45632,0.254085,3.49341,3.6288,61.308,0.66528,0,0,1.84596,0.220808,0.959874,0.66528,12.849,1,0.481473,3.49341,0,111.542,4.13026,110.423,0.84672,12.849,0.84672,3695.15,0,0,0,2.56506,2.19921,12.9331,1.07127,16.6261,0.42336,0,0.42336,460.49,0,1.02816,0,0,3.59322,2.56506,1.028160,1,0,128.009,0,0,0,128.009,0
72.29,2.70923,0,0,7.15896,0.25421,4.19551,3.6288,61.308,0.66528,0,0,2.0691,0.21282,1.191,0.66528,12.849,1,0.481546,4.19551,0,179.394,4.05541,179.053,0.84672,12.849,0.84672,3695.15,0,0,0,2.55054,2.42535,13.8254,1.04295,17.7583,0.42336,0,0.42336,460.49,0,1.02816,0,0,3.5787,2.55054,1.028160,1,0,198.002,0,0,0,198.002,0
72.29,2.70964,0,0,4.96475,0.270566,1.98455,3.6288,61.308,0.66528,0,0,0.924739,0.204171,0.0552882,0.66528,12.849,1,0.481618,1.98455,0,90.7209,4.02751,88.1963,0.84672,12.849,0.84672,3695.15,0,0,0,1.50698,2.42566,11.1679,0.991067,14.1095,0.42336,0,0.42336,460.49,0,1.02816,0,0,2.53514,1.50698,1.028160,1,0,102.361,0,0,0,102.361,0
72.29,2.71005,0,0,4.92429,0.292374,1.92187,3.6288,61.308,0.66528,0,0,1.18777,0.192639,0.329848,0.66528,12.849,1,0.48169,1.92187,0,79.1761,3.99032,76.626,0.84672,12.849,0.84672,3695.15,0,0,0,2.17082,2.42596,11.2182,0.921884,14.8931,0.42336,0,0.42336,460.49,0,1.02816,0,0,3.19898,2.17082,1.028160,1,0,91.8489,0,0,0,91.8489,0
72.29,2.33434,0,0,4.92427,0.291909,2.29802,3.6288,61.308,0.66528,0,0,1.123,0.160346,0.297375,0.66528,12.849,1,0.414911,2.29802,0,102.673,3.33519,101.221,0.84672,12.849,0.84672,3695.15,0,0,0,1.57118,2.42627,8.88529,0.788342,12.0944,0.42336,0,0.42336,460.49,0,1.02816,0,0,2.59934,1.57118,1.028160,1,0,113.613,0,0,0,113.613,0
72.29,2.3347,0,0,3.97725,0.291723,1.35083,3.6288,61.308,0.66528,0,0,1.07475,0.147429,0.262038,0.66528,12.849,1,0.414975,1.35083,0,118.565,3.07314,116.428,0.84672,12.849,0.84672,3695.15,0,0,0,1.95153,2.11841,6.44867,0.734926,9.78369,0.42336,0,0.42336,460.49,0,1.02816,0,0,2.97969,1.95153,1.028160,1,0,126.473,0,0,0,126.473,0
72.29,2.33505,0,0,4.78979,0.291723,2.16302,3.6288,61.308,0.66528,0,0,1.03411,0.147429,0.221404,0.66528,12.849,1,0.415038,2.16302,0,123.437,3.07314,122.112,0.84672,12.849,0.84672,3695.15,0,0,0,1.48415,2.11868,7.95079,0.734926,10.8187,0.42336,0,0.42336,460.49,0,1.02816,0,0,2.51231,1.48415,1.028160,1,0,133.152,0,0,0,133.152,0
72.29,2.33541,0,0,4.28685,0.255791,1.69565,3.6288,61.308,0.66528,0,0,1.01358,0.159963,0.188332,0.66528,12.849,1,0.415101,1.69565,0,128.308,3.62379,125.965,0.84672,12.849,0.84672,3695.15,0,0,0,2.02884,2.11894,6.5461,0.878283,9.8156,0.42336,0,0.42336,460.49,0,1.02816,0,0,3.057,2.02884,1.028160,1,0,135.969,0,0,0,135.969,0
72.29,2.33576,0,0,4.86186,0.266343,2.25975,3.6288,61.308,0.66528,0,0,1.20308,0.17347,0.364326,0.66528,12.849,1,0.415164,2.25975,0,99.3764,4.37478,96.8462,0.84672,12.849,0.84672,3695.15,0,0,0,1.77249,2.11921,7.19518,0.943938,10.1429,0.42336,0,0.42336,460.49,0,1.02816,0,0,2.80065,1.77249,1.028160,1,0,107.353,0,0,0,107.353,0
72.29,2.43086,0,0,4.87202,0.271187,2.16997,3.6288,61.308,0.66528,0,0,1.24316,0.20657,0.371308,0.66528,12.849,1,0.432067,2.16997,0,120.182,4.56603,117.354,0.84672,12.849,0.84672,3695.15,0,0,0,2.39444,2.11947,8.38927,1.02464,11.8785,0.42336,0,0.42336,460.49,0,1.02816,0,0,3.4226,2.39444,1.028160,1,0,129.604,0,0,0,129.604,0
72.29,2.43123,0,0,3.72016,0.271187,1.01775,3.6288,61.308,0.66528,0,0,1.0463,0.20657,0.174446,0.66528,12.849,1,0.432132,1.01775,0,89.5743,4.56603,85.5939,0.84672,12.849,0.84672,3695.15,0,0,0,1.45727,2.19577,6.75276,1.02464,9.38115,0.42336,0,0.42336,460.49,0,1.02816,0,0,2.48543,1.45727,1.028160,1,0,95.1495,0,0,0,95.1495,0
72.2472,2.4316,0,0,3.02289,0.271187,0.36288,3.6288,61.2597,0.66528,0,0,0.823599,0.20657,0,0.66528,12.849,1,0.432198,0.36288,0,71.5418,4.56603,66.9064,0.84672,12.849,0.84672,3695.15,0,0,0,1.0074,2.19605,5.15415,1.02464,7.33295,0.42336,0,0.42336,460.49,0,1.02816,0,0,2.03556,1.0074,1.028160,1,0,74.2394,0,0,0,74.2394,0
72.1928,2.1923,0,0,2.74102,0.240307,0.36288,3.6288,61.0819,0.66528,0,0,0.713137,0.225756,0,0.66528,12.849,1,0.389896,0.36288,0,64.6635,4.83146,59.805,0.84672,12.849,0.84672,3695.15,0,0,0,0.844733,2.19633,4.68522,1.04033,6.68595,0.42336,0,0.42336,460.49,0,1.02816,0,0,1.87289,0.844733,1.028160,1,0,66.491,0,0,0,66.491,0
71.9586,2.34755,0,0,2.71375,0.237497,0.36288,3.6288,61.0449,0.66528,0,0,0.851515,0.22317,0,0.66528,12.849,1,0.417822,0.36288,0,55.1835,4.3513,50.7773,0.84672,12.849,0.84672,3695.15,0,0,0,1.05683,2.01673,4.54148,1.02285,6.59218,0.42336,0,0.42336,460.49,0,1.02816,0,0,2.08499,1.05683,1.028160,1,0,57.3694,0,0,0,57.3694,0
71.1668,2.34676,0,0,2.15495,0.237075,0.36288,3.6288,60.8496,0.66528,0,0,0.693092,0.223118,0,0.66528,12.849,1,0.419039,0.36288,0,46.4607,4.3513,42.0533,0.84672,12.849,0.84672,3695.15,0,0,0,0.727713,2.13183,3.7575,1.02285,5.59419,0.42336,0,0.42336,460.49,0,1.02816,0,0,1.75587,0.727713,1.028160,1,0,47.6475,0,0,0,47.6475,0
70.0851,2.3903,0,0,1.90708,0.235647,0.36288,3.6288,60.5438,0.696531,0,0,0.613557,0.222842,0,0.66528,12.849,1,0.431564,0.36288,0,43.7789,4.3513,39.3589,0.84672,12.849,0.84672,3695.15,0,0,0,0.402797,2.1321,3.57863,1.02285,5.09067,0.42336,0,0.42336,460.49,0,0.996909,0,0,1.39971,0.402797,1.028160,1,0,44.4496,0,0,0,44.4496,0
69.352,2.38504,0,0,2.24859,0.233696,0.36288,3.6288,60.351,0.66528,0,0,0.694881,0.22241,0,0.66528,12.849,1,0.437259,0.36288,0,49.4801,4.3513,45.0544,0.84672,12.849,0.84672,3695.15,0,0,0,0.423559,2.16783,4.20076,1.02285,5.7693,0.42336,0,0.42336,460.49,0,1.02816,0,0,1.45172,0.423559,1.028160,1,0,50.8237,0,0,0,50.8237,0
68.2898,2.50657,0,0,1.97177,0.164575,0.36288,3.6288,60.0862,0.66528,0,0,0.641422,0.240908,0,0.66528,12.849,1,0.464398,0.36288,0,41.5221,4.80955,36.611,0.84672,12.849,0.84672,3695.15,0,0,0,0.516007,2.1681,3.29043,1.11386,4.86068,0.42336,0,0.42336,460.49,0,1.02816,0,0,1.54417,0.516007,1.028160,1,0,41.4717,0,0,0,41.4717,0
67.1875,2.50087,0,0,1.9411,0.179582,0.36288,3.6288,59.7449,0.701646,0,0,0.583322,0.222996,0,0.66528,12.849,1,0.470549,0.36288,0,39.3225,4.73949,34.4754,0.84672,12.849,0.84672,3695.15,0,0,0,0.402797,2.27216,2.89942,1.09229,4.48208,0.42336,0,0.42336,460.49,0,0.991794,0,0,1.39459,0.402797,1.028160,1,0,38.9575,0,0,0,38.9575,0
65.8891,2.49477,0,0,1.71651,0.157274,0.36288,3.6288,59.3771,0.678784,0,0,0.547512,0.236536,0,0.66528,12.849,1,0.477102,0.36288,0,34.955,4.90014,29.9407,0.84672,12.849,0.84672,3695.15,0,0,0,0.30119,2.27244,2.83139,1.13334,4.27168,0.42336,0,0.42336,460.49,0,1.01466,0,0,1.31585,0.30119,1.028160,1,0,34.2123,0,0,0,34.2123,0
64.5355,2.48728,0,0,1.6248,0.128268,0.36288,3.6288,58.8993,0.748449,0,0,0.525291,0.254637,0,0.66528,12.849,1,0.485042,0.36288,0,32.3329,5.11434,27.0964,0.84672,12.849,0.84672,3695.15,0,0,0,0.30119,2.27273,2.75644,1.18807,4.14229,0.42336,0,0.42336,460.49,0,0.944991,0,0,1.24618,0.30119,1.028160,1,0,31.2387,0,0,0,31.2387,0
63.1264,2.47917,0,0,1.55587,0.122964,0.36288,3.6288,58.1997,0.930277,0,0,0.483781,0.253108,0,0.66528,12.849,1,0.493602,0.36288,0,30.5904,5.13693,25.3228,0.84672,12.849,0.84672,3695.15,0,0,0,0.30119,2.27302,2.69673,1.18984,4.08109,0.42336,0,0.42336,460.49,0,0.763163,0,0,1.06435,0.30119,1.028160,1,0,29.4039,0,0,0,29.4039,0
61.7197,2.44601,0,0,1.51409,0.111878,0.36288,3.6288,57.1258,1.24455,0,0,0.420713,0.250103,0,0.66528,12.849,1,0.497871,0.36288,0,25.9066,5.1934,20.5782,0.84672,12.849,0.84672,3695.15,0,0,0,0.30119,2.27331,2.35507,1.19426,3.73531,0.42336,0,0.42336,460.49,0,0.448891,0,0,0.750082,0.30119,1.028160,1,0,24.3135,0,0,0,24.3135,0
60.1935,2.43699,0,0,1.3843,0.110594,0.36288,3.6288,56.0971,1.19087,0,0,0.410613,0.248371,0,0.66528,12.849,1,0.50734,0.36288,0,25.5408,5.1934,20.2029,0.84672,12.849,0.84672,3695.15,0,0,0,0.261274,2.3099,2.3261,1.19426,3.70301,0.42336,0,0.42336,460.49,0,0.502572,0,0,0.763845,0.261274,1.028160,1,0,23.9059,0,0,0,23.9059,0
58.5599,2.42675,0,0,1.26515,0.109187,0.36288,3.6288,54.9325,1.30192,0,0,0.383987,0.246712,0,0.66528,12.849,1,0.518018,0.36288,0,24.0233,5.1934,18.6747,0.84672,12.849,0.84672,3695.15,0,0,0,0.261274,2.31019,2.21349,1.19426,3.59069,0.42336,0,0.42336,460.49,0,0.391522,0,0,0.652795,0.261274,1.028160,1,0,22.2654,0,0,0,22.2654,0
56.8546,2.41527,0,0,1.16333,0.0904632,0.36288,3.6288,53.7079,1.30149,0,0,0.363881,0.286942,0,0.66528,12.849,1,0.52995,0.36288,0,21.509,5.75801,15.5839,0.84672,12.849,0.84672,3695.15,0,0,0,0.261274,2.31048,2.10755,1.40035,3.27895,0.42336,0,0.42336,460.49,0,0.391949,0,0,0.653223,0.261274,1.028160,1,0,18.8629,0,0,0,18.8629,0
55.3327,2.4645,0,0,1.38538,0.0799282,0.36288,3.6288,52.5208,1.28385,0,0,0.411613,0.314898,0,0.66528,12.849,1,0.55697,0.36288,0,22.5764,5.90956,16.4728,0.84672,12.849,0.84672,3695.15,0,0,0,0.261274,2.31077,2.02873,1.52639,3.07439,0.42336,0,0.42336,460.49,0,0.409588,0,0,0.670861,0.261274,1.028160,1,0,19.5471,0,0,0,19.5471,0
53.6932,2.45243,0,0,1.25516,0.079306,0.36288,3.6288,51.3009,1.30291,0,0,0.394807,0.311758,0,0.66528,12.849,1,0.569489,0.36288,0,21.8756,5.86425,15.8048,0.84672,12.849,0.84672,3695.15,0,0,0,0.261274,2.36255,2.07042,1.52164,3.1726,0.42336,0,0.42336,460.49,0,0.390534,0,0,0.651808,0.261274,1.028160,1,0,18.9774,0,0,0,18.9774,0
51.9558,2.43877,0,0,1.14224,0.0780044,0.36288,3.6288,50.0404,1.33061,0,0,0.378756,0.308704,0,0.66528,12.849,1,0.583608,0.36288,0,20.5469,5.86425,14.4619,0.84672,12.849,0.84672,3695.15,0,0,0,0.227405,2.36285,1.9248,1.52164,2.99342,0.42336,0,0.42336,460.49,0,0.362826,0,0,0.59023,0.227405,1.028160,1,0,17.4553,0,0,0,17.4553,0
50.0942,2.42349,0,0,0.988399,0.063613,0.36288,3.6288,48.7684,1.33708,0,0,0.377167,0.312078,0,0.66528,12.849,1,0.599344,0.36288,0,19.604,6.10606,13.2615,0.84672,12.849,0.84672,3695.15,0,0,0,0.227405,2.36315,1.95048,1.55168,2.98935,0.42336,0,0.42336,460.49,0,0.356363,0,0,0.583768,0.227405,1.028160,1,0,16.2508,0,0,0,16.2508,0
48.0321,2.58289,0,0,0.944542,0.0608385,0.36288,3.6288,47.3762,1.43248,0,0,0.358963,0.318713,0,0.66528,12.849,1,0.662504,0.36288,0,18.9355,6.04086,12.595,0.84672,12.849,0.84672,3695.15,0,0,0,0.227405,2.36345,1.95102,1.47093,3.07095,0.42336,0,0.42336,460.49,0,0.26096,0,0,0.488365,0.227405,1.028160,1,0,15.666,0,0,0,15.666,0
45.9901,2.61322,0,0,0.991829,0.057731,0.36288,3.6288,45.8275,1.55924,0,0,0.337046,0.326467,0,0.66528,12.849,1,0.699058,0.36288,0,18.0852,6.07768,11.6714,0.84672,12.849,0.84672,3695.15,0,0,0,0.227405,2.53998,2.18904,1.55273,3.4037,0.42336,0,0.42336,460.49,0,0.134204,0,0,0.361609,0.227405,1.028160,1,0,15.0751,0,0,0,15.0751,0
43.9114,2.58957,0,0,0.931176,0.0574383,0.36288,3.6288,44.5323,1.31387,0,0,0.332802,0.31416,0,0.66528,12.849,1,0.723491,0.36288,0,17.4487,6.18198,10.9061,0.84672,12.849,0.84672,3695.15,0,0,0,0.204422,2.50146,2.30368,1.58753,3.42204,0.42336,0,0.42336,460.49,0,0.379572,0,0,0.583995,0.204422,1.028160,1,0,14.3281,0,0,0,14.3281,0
41.8109,2.56369,0,0,0.882144,0.0561062,0.36288,3.6288,43.2283,1.31447,0,0,0.320901,0.310383,0,0.66528,12.849,1,0.750165,0.36288,0,17.2945,6.18198,10.7253,0.84672,12.849,0.84672,3695.15,0,0,0,0.204422,2.5016,2.1859,1.58753,3.3044,0.42336,0,0.42336,460.49,0,0.378969,0,0,0.583392,0.204422,1.028160,1,0,14.0297,0,0,0,14.0297,0
39.8025,2.53546,0,0,0.944343,0.0543605,0.36288,3.6288,41.9464,1.3197,0,0,0.336563,0.298814,0,0.66528,12.849,1,0.779179,0.36288,0,18.2281,5.93981,11.872,0.84672,12.849,0.84672,3695.15,0,0,0,0.204422,2.50175,2.30901,1.54209,3.47309,0.42336,0,0.42336,460.49,0,0.373742,0,0,0.578165,0.204422,1.028160,1,0,15.3451,0,0,0,15.3451,0
38.5437,2.42445,0,0,1.57923,0.0507414,0.36288,3.6288,40.9233,1.25706,0,0,0.483171,0.249141,0,0.66528,12.849,1,0.782658,0.36288,0,26.0187,4.48676,21.1121,0.84672,12.849,0.84672,3695.15,0,0,0,0.204422,2.5019,2.8997,1.2695,4.33652,0.42336,0,0.42336,460.49,0,0.436382,0,0,0.640805,0.204422,1.028160,1,0,25.4487,0,0,0,25.4487,0
37.0888,2.35494,0,0,1.31292,0.0500092,0.36288,3.6288,40.5785,0.780572,0,0,0.682436,0.246687,0,0.66528,12.849,1,0.785046,0.36288,0,24.0347,4.48676,19.1257,0.84672,12.849,0.84672,3695.15,0,0,0,0.216518,2.39999,3.28775,1.2695,4.63476,0.42336,0,0.42336,460.49,0,0.912868,0,0,1.12939,0.216518,1.028160,1,0,23.7605,0,0,0,23.7605,0
35.4576,2.33241,0,0,1.11326,0.0491629,0.36288,3.6288,39.3901,1.31304,0,0,0.370502,0.24586,0,0.66528,12.849,1,0.808039,0.36288,0,24.001,4.48676,19.0691,0.84672,12.849,0.84672,3695.15,0,0,0,0.216518,2.43985,2.43179,1.2695,3.81866,0.42336,0,0.42336,460.49,0,0.380396,0,0,0.596914,0.216518,1.028160,1,0,22.8877,0,0,0,22.8877,0
34.0224,2.30547,0,0,1.30866,0.0754621,0.36288,3.6288,38.2509,1.29796,0,0,0.376425,0.217653,0,0.66528,12.849,1,0.835451,0.36288,0,24.176,4.0715,19.632,0.84672,12.849,0.84672,3695.15,0,0,0,0.216518,2.44016,2.53956,1.1397,4.05653,0.42336,0,0.42336,460.49,0,0.395484,0,0,0.612002,0.216518,1.028160,1,0,23.6885,0,0,0,23.6885,0
33.6039,2.21566,0,0,2.2705,0.110485,0.36288,3.6288,37.8899,0.826599,0,0,0.62193,0.156399,0,0.66528,12.849,1,0.836773,0.36288,0,38.0982,3.62105,34.0032,0.84672,12.849,0.84672,3695.15,0,0,0,0.216518,2.44047,3.16637,0.938915,4.88445,0.42336,0,0.42336,460.49,0,0.866841,0,0,1.08336,0.216518,1.028160,1,0,38.8877,0,0,0,38.8877,0
34.3176,2.20846,0,0,3.3828,0.0977352,0.36288,3.6288,38.0414,0.66528,0,0,0.974229,0.15744,0,0.66528,12.849,1,0.84444,0.36288,0,47.9698,3.85613,43.6321,0.84672,12.849,0.84672,3695.15,0,0,0,0.841475,2.34965,4.19968,0.988396,6.40241,0.42336,0,0.42336,460.49,0,1.02816,0,0,1.86964,0.841475,1.028160,1,0,50.0345,0,0,0,50.0345,0
33.808,2.22157,0,0,2.17341,0.098596,0.36288,3.6288,37.9448,0.66528,0,0,0.726365,0.157669,0,0.66528,12.849,1,0.831787,0.36288,0,32.9931,3.85613,28.6681,0.84672,12.849,0.84672,3695.15,0,0,0,0.59352,2.34995,4.14361,0.988396,6.09868,0.42336,0,0.42336,460.49,0,1.02816,0,0,1.62168,0.59352,1.028160,1,0,34.7668,0,0,0,34.7668,0
35.3377,2.21282,0,0,4.25417,0.148765,0.36288,3.6288,37.9349,0.66528,0,0,0.83293,0.177491,0,0.66528,12.849,1,0.840999,0.36288,0,83.2457,4.26206,78.5055,0.84672,12.849,0.84672,3695.15,0,0,0,0.687093,2.35024,5.24807,1.08317,7.20225,0.42336,0,0.42336,460.49,0,1.02816,0,0,1.71525,0.687093,1.028160,1,0,85.7078,0,0,0,85.7078,0
41.2614,2.05446,0,0,8.50409,0.163015,0.36288,3.6288,38.1048,0.66528,0,0,0.999453,0.16432,0,0.66528,12.849,1,0.747016,0.36288,0,114.261,4.13025,109.747,0.84672,12.849,0.84672,3695.15,0,0,0,1.6802,2.35054,5.35677,1.06685,8.32067,0.42336,0,0.42336,460.49,0,1.02816,0,0,2.70836,1.6802,1.028160,1,0,118.068,0,0,0,118.068,0
46.7223,2.13657,0,0,8.15149,0.191181,0.36288,3.6288,38.7895,0.66528,0,0,1.49695,0.14702,0,0.66528,12.849,1,0.665337,0.36288,0,126.93,3.95451,122.673,0.84672,12.849,0.84672,3695.15,0,0,0,1.44574,2.14829,5.44831,1.0451,7.99725,0.42336,0,0.42336,460.49,0,1.02816,0,0,2.4739,1.44574,1.028160,1,0,130.671,0,0,0,130.671,0
48.4396,2.19789,0,0,4.48154,0.203478,0.36288,3.6288,38.9347,0.734789,0,0,1.02806,0.147984,0,0.66528,12.849,1,0.604438,0.36288,0,88.2775,3.95451,84.0814,0.84672,12.849,0.84672,3695.15,0,0,0,0.412474,2.14856,4.27806,1.0451,5.794,0.42336,0,0.42336,460.49,0,0.958651,0,0,1.37112,0.412474,1.028160,1,0,89.8754,0,0,0,89.8754,0
49.515,2.21517,0,0,3.86374,0.210298,0.36288,3.6288,38.7274,0.852189,0,0,0.795269,0.150466,0,0.66528,12.849,1,0.587591,0.36288,0,60.3221,3.83669,56.2607,0.84672,12.849,0.84672,3695.15,0,0,0,0.412474,2.14883,3.44987,1.04566,4.96552,0.42336,0,0.42336,460.49,0,0.841251,0,0,1.25372,0.412474,1.028160,1,0,61.2262,0,0,0,61.2262,0
55.7075,2.22564,0,0,9.0148,0.23381,0.36288,3.6288,39.1639,0.66528,0,0,1.25307,0.1512,0,0.66528,12.849,1,0.577546,0.36288,0,86.0026,2.96474,82.8232,0.84672,12.849,0.84672,3695.15,0,0,0,1.46887,2.1491,5.78868,1.00425,8.4024,0.42336,0,0.42336,460.49,0,1.02816,0,0,2.49703,1.46887,1.028160,1,0,91.2256,0,0,0,91.2256,0
56.5612,2.3572,0,0,3.77256,0.198688,0.36288,3.6288,39.2922,0.66528,0,0,0.938895,0.145311,0,0.66528,12.849,1,0.543692,0.36288,0,75.8212,3.36714,72.2732,0.84672,12.849,0.84672,3695.15,0,0,0,1.32672,2.14937,5.50081,0.732535,8.24437,0.42336,0,0.42336,460.49,0,1.02816,0,0,2.35488,1.32672,1.028160,1,0,80.5176,0,0,0,80.5176,0
58.7622,2.36422,0,0,5.12844,0.20038,0.36288,3.6288,39.8823,0.66528,0,0,1.40082,0.145488,0,0.66528,12.849,1,0.53708,0.36288,0,95.853,3.36714,92.3117,0.84672,12.849,0.84672,3695.15,0,0,0,2.25018,2.21283,6.68261,0.732535,10.4131,0.42336,0,0.42336,460.49,0,1.02816,0,0,3.27834,2.25018,1.028160,1,0,102.725,0,0,0,102.725,0
59.9626,2.38107,0,0,4.14911,0.204741,0.36288,3.6288,40.085,0.66528,0,0,1.01429,0.146301,0,0.66528,12.849,1,0.520647,0.36288,0,94.7419,3.36714,91.217,0.84672,12.849,0.84672,3695.15,0,0,0,1.26458,2.21309,5.31166,0.732535,8.05681,0.42336,0,0.42336,460.49,0,1.02816,0,0,2.29274,1.26458,1.028160,1,0,99.2738,0,0,0,99.2738,0
59.7519,2.38999,0,0,2.77115,0.228996,0.36288,3.6288,40.2579,0.66528,0,0,0.987526,0.149335,0,0.66528,12.849,1,0.512136,0.36288,0,74.1658,3.2356,70.7809,0.84672,12.849,0.84672,3695.15,0,0,0,1.2076,2.21335,4.98723,0.798139,7.61005,0.42336,0,0.42336,460.49,0,1.02816,0,0,2.23576,1.2076,1.028160,1,0,78.3909,0,0,0,78.3909,0
58.8486,2.64612,0,0,2.35469,0.248965,0.36288,3.6288,40.3102,0.66528,0,0,0.868787,0.151198,0,0.66528,12.849,1,0.569019,0.36288,0,62.5148,3.1544,59.1543,0.84672,12.849,0.84672,3695.15,0,0,0,0.528362,2.21362,4.79351,0.807715,6.72777,0.42336,0,0.42336,460.49,0,1.02816,0,0,1.55652,0.528362,1.028160,1,0,65.882,0,0,0,65.882,0
57.9343,2.63932,0,0,2.35588,0.268001,0.36288,3.6288,40.0716,0.837855,0,0,0.747509,0.148254,0,0.66528,12.849,1,0.576269,0.36288,0,45.2,3.75291,41.2337,0.84672,12.849,0.84672,3695.15,0,0,0,0.503194,2.44134,4.73076,0.921123,6.75417,0.42336,0,0.42336,460.49,0,0.855585,0,0,1.35878,0.503194,1.028160,1,0,47.9879,0,0,0,47.9879,0
57.6815,2.63225,0,0,3.00792,0.265632,0.36288,3.6288,39.9347,0.782542,0,0,0.793567,0.147908,0,0.66528,12.849,1,0.583794,0.36288,0,64.8607,3.75291,60.8869,0.84672,12.849,0.84672,3695.15,0,0,0,0.608429,2.44163,5.28111,0.921123,7.41004,0.42336,0,0.42336,460.49,0,0.910898,0,0,1.51933,0.608429,1.028160,1,0,68.297,0,0,0,68.297,0
57.5298,2.63052,0,0,3.10674,0.264977,0.36288,3.6288,39.9362,0.691079,0,0,0.84024,0.147718,0,0.66528,12.849,1,0.585969,0.36288,0,70.4603,3.75291,66.4843,0.84672,12.849,0.84672,3695.15,0,0,0,0.608429,2.44192,5.63718,0.921123,7.7664,0.42336,0,0.42336,460.49,0,1.00236,0,0,1.61079,0.608429,1.028160,1,0,74.2507,0,0,0,74.2507,0
60.7786,2.04123,0,0,5.93969,0.286834,0.36288,3.6288,43.1225,0.66528,0,0,3.99602,0.144395,0,0.66528,12.849,1,0.455899,0.36288,0,82.1271,3.76749,78.2666,0.84672,12.849,0.84672,3695.15,0,0,0,2.79387,2.44221,11.6818,0.954038,15.9639,0.42336,0,0.42336,460.49,0,1.02816,0,0,3.82203,2.79387,1.028160,1,0,94.2305,0,0,0,94.2305,0
65.4778,2.06164,0,0,7.43679,0.313007,0.36288,3.6288,47.5389,0.66528,0,0,5.22795,0.146333,0,0.66528,12.849,1,0.435845,0.36288,0,125.601,3.77842,121.75,0.84672,12.849,0.84672,3695.15,0,0,0,2.74699,1.95801,11.4293,0.978724,15.1555,0.42336,0,0.42336,460.49,0,1.02816,0,0,3.77515,2.74699,1.028160,1,0,136.906,0,0,0,136.906,0
67.8745,2.08809,0,0,5.17286,0.325236,0.36288,3.6288,50.4562,0.66528,0,0,3.73496,0.152392,0,0.66528,12.849,1,0.409755,0.36288,0,116.466,3.77842,112.641,0.84672,12.849,0.84672,3695.15,0,0,0,2.31646,1.95824,10.9874,0.978724,14.2834,0.42336,0,0.42336,460.49,0,1.02816,0,0,3.34462,2.31646,1.028160,1,0,126.924,0,0,0,126.924,0
70.6647,2.33079,0,0,5.74969,0.26578,0.36288,3.6288,52.9765,0.66528,0,0,3.30822,0.122641,0,0.66528,12.849,1,0.441231,0.36288,0,105.828,3.25526,102.494,0.84672,12.849,0.84672,3695.15,0,0,0,2.00752,1.95847,10.3842,0.903571,13.4467,0.42336,0,0.42336,460.49,0,1.02816,0,0,3.03568,2.00752,1.028160,1,0,115.941,0,0,0,115.941,0
72.29,2.29952,0,0,5.14647,0.252236,0.969428,3.6288,55.8219,0.66528,0,0,3.63093,0.120222,0,0.66528,12.849,1,0.418123,0.969428,0,110.788,3.19165,108.148,0.84672,12.849,0.84672,3695.15,0,0,0,2.65253,2.1329,10.2737,0.904025,14.1551,0.42336,0,0.42336,460.49,0,1.02816,0,0,3.68069,2.65253,1.028160,1,0,122.303,0,0,0,122.303,0
72.29,2.44975,0,0,4.77532,0.322239,2.00333,3.6288,58.6856,0.66528,0,0,3.74419,0.215208,0,0.66528,12.849,1,0.435424,2.00333,0,99.144,4.32948,96.3824,0.84672,12.849,0.84672,3695.15,0,0,0,2.73452,2.0983,9.29811,1.17514,12.9558,0.42336,0,0.42336,460.49,0,1.02816,0,0,3.76268,2.73452,1.028160,1,0,109.338,0,0,0,109.338,0
72.29,2.45009,0,0,5.65736,0.265599,2.94167,3.6288,60.9539,0.66528,0,0,3.12326,0.189661,0,0.66528,12.849,1,0.435486,2.94167,0,158.322,3.8935,156.935,0.84672,12.849,0.84672,3695.15,0,0,0,2.76702,2.20996,10.5624,1.11251,14.4269,0.42336,0,0.42336,460.49,0,1.02816,0,0,3.79518,2.76702,1.028160,1,0,171.361,0,0,0,171.361,0
72.29,2.45044,0,0,3.90486,0.265599,1.18882,3.6288,61.308,0.66528,0,0,2.27591,0.192427,1.0641,0.66528,12.849,1,0.435547,1.18882,0,131.746,3.8935,128.606,0.84672,12.849,0.84672,3695.15,0,0,0,1.4952,2.21022,6.84554,1.11251,9.43845,0.42336,0,0.42336,460.49,0,1.02816,0,0,2.52336,1.4952,1.028160,1,0,139.108,0,0,0,139.108,0
72.29,2.45079,0,0,3.91068,0.265599,1.19429,3.6288,61.308,0.66528,0,0,2.25613,0.192858,1.39799,0.66528,12.849,1,0.435609,1.19429,0,91.2548,3.8935,88.12,0.84672,12.849,0.84672,3695.15,0,0,0,1.53445,2.21048,7.3764,1.11251,10.0088,0.42336,0,0.42336,460.49,0,1.02816,0,0,2.56261,1.53445,1.028160,1,0,99.5268,0,0,0,99.5268,0
72.29,2.41381,0,0,3.61711,0.23239,0.970908,3.6288,61.308,0.66528,0,0,1.64084,0.185867,0.789693,0.66528,12.849,1,0.429037,0.970908,0,105.347,3.76633,102.122,0.84672,12.849,0.84672,3695.15,0,0,0,2.01607,2.21074,6.33896,1.12734,9.43842,0.42336,0,0.42336,460.49,0,1.02816,0,0,3.04423,2.01607,1.028160,1,0,112.35,0,0,0,112.35,0
72.29,2.41415,0,0,3.32946,0.226855,0.688449,3.6288,61.308,0.66528,0,0,1.3968,0.184701,0.546822,0.66528,12.849,1,0.429098,0.688449,0,98.121,3.74514,94.6352,0.84672,12.849,0.84672,3695.15,0,0,0,1.59871,2.1812,5.52597,1.12982,8.17606,0.42336,0,0.42336,460.49,0,1.02816,0,0,2.62687,1.59871,1.028160,1,0,103.358,0,0,0,103.358,0
72.29,2.4145,0,0,3.0433,0.206875,0.42193,3.6288,61.308,0.66528,0,0,1.2968,0.197514,0.434009,0.66528,12.849,1,0.429158,0.42193,0,89.5821,4.02513,85.5498,0.84672,12.849,0.84672,3695.15,0,0,0,1.51343,2.18145,4.71978,1.16907,7.24559,0.42336,0,0.42336,460.49,0,1.02816,0,0,2.54159,1.51343,1.028160,1,0,93.2294,0,0,0,93.2294,0
72.1792,2.41484,0,0,2.8692,0.202259,0.36288,3.6288,61.308,0.66528,0,0,1.24909,0.210951,0.372863,0.66528,12.849,1,0.429219,0.36288,0,78.0805,3.73075,74.2834,0.84672,12.849,0.84672,3695.15,0,0,0,1.60736,2.18171,4.97768,1.06268,7.70407,0.42336,0,0.42336,460.49,0,1.02816,0,0,2.63552,1.60736,1.028160,1,0,82.3604,0,0,0,82.3604,0
71.8942,2.54134,0,0,2.77607,0.156856,0.36288,3.6288,61.308,0.66528,0,0,1.18885,0.251167,0.2724,0.66528,12.849,1,0.452397,0.36288,0,67.4969,4.47425,62.9331,0.84672,12.849,0.84672,3695.15,0,0,0,1.29165,2.18197,4.9212,1.21459,7.18022,0.42336,0,0.42336,460.49,0,1.02816,0,0,2.31981,1.29165,1.028160,1,0,70.3857,0,0,0,70.3857,0
71.1207,2.54018,0,0,2.29366,0.164077,0.36288,3.6288,61.2405,0.66528,0,0,0.822995,0.225218,0,0.66528,12.849,1,0.453983,0.36288,0,53.0461,4.01931,48.9357,0.84672,12.849,0.84672,3695.15,0,0,0,1.18281,2.28673,3.75748,1.17377,6.05324,0.42336,0,0.42336,460.49,0,1.02816,0,0,2.21097,1.18281,1.028160,1,0,54.989,0,0,0,54.989,0
70.184,2.53635,0,0,2.09524,0.132705,0.36288,3.6288,61.1625,0.66528,0,0,0.816057,0.228769,0,0.66528,12.849,1,0.458229,0.36288,0,47.4107,4.13301,43.1823,0.84672,12.849,0.84672,3695.15,0,0,0,1.18225,2.287,3.58919,1.13824,5.92019,0.42336,0,0.42336,460.49,0,1.02816,0,0,2.21041,1.18225,1.028160,1,0,49.1025,0,0,0,49.1025,0
69.2115,2.53154,0,0,2.05368,0.131754,0.36288,3.6288,61.1512,0.66528,0,0,0.882619,0.228656,0,0.66528,12.849,1,0.463464,0.36288,0,45.4177,4.13301,41.1841,0.84672,12.849,0.84672,3695.15,0,0,0,1.14052,2.28727,3.86746,1.13824,6.15701,0.42336,0,0.42336,460.49,0,1.02816,0,0,2.16868,1.14052,1.028160,1,0,47.3411,0,0,0,47.3411,0
68.1098,2.5264,0,0,1.91608,0.128592,0.36288,3.6288,61.0403,0.66528,0,0,0.785264,0.23086,0,0.66528,12.849,1,0.469022,0.36288,0,42.8805,4.19613,38.5782,0.84672,12.849,0.84672,3695.15,0,0,0,1.05965,2.28754,3.41232,1.14263,5.61688,0.42336,0,0.42336,460.49,0,1.02816,0,0,2.08781,1.05965,1.028160,1,0,44.1951,0,0,0,44.1951,0
66.9371,2.49552,0,0,1.80032,0.114561,0.36288,3.6288,60.7612,0.66528,0,0,0.630176,0.244007,0,0.66528,12.849,1,0.470784,0.36288,0,41.8644,4.57485,37.1817,0.84672,12.849,0.84672,3695.15,0,0,0,1.18575,2.28781,3.58334,1.169,5.88791,0.42336,0,0.42336,460.49,0,1.02816,0,0,2.21391,1.18575,1.028160,1,0,43.0696,0,0,0,43.0696,0
65.6178,2.48896,0,0,1.646,0.113508,0.36288,3.6288,60.4674,0.66528,0,0,0.61507,0.243576,0,0.66528,12.849,1,0.477771,0.36288,0,41.2733,4.57485,36.5835,0.84672,12.849,0.84672,3695.15,0,0,0,1.22638,2.32463,3.5393,1.169,5.92131,0.42336,0,0.42336,460.49,0,1.02816,0,0,2.25454,1.22638,1.028160,1,0,42.5049,0,0,0,42.5049,0
64.1656,2.48127,0,0,1.50432,0.112324,0.36288,3.6288,60.1342,0.66528,0,0,0.575175,0.243122,0,0.66528,12.849,1,0.485873,0.36288,0,38.8212,4.57485,34.1233,0.84672,12.849,0.84672,3695.15,0,0,0,0.898603,2.32491,3.36792,1.169,5.42244,0.42336,0,0.42336,460.49,0,1.02816,0,0,1.92676,0.898603,1.028160,1,0,39.5458,0,0,0,39.5458,0
62.6204,2.47246,0,0,1.38326,0.0931545,0.36288,3.6288,59.7278,0.66528,0,0,0.545056,0.286157,0,0.66528,12.849,1,0.495104,0.36288,0,34.7582,5.13945,29.4865,0.84672,12.849,0.84672,3695.15,0,0,0,0.899865,2.32518,3.20674,1.37509,5.05671,0.42336,0,0.42336,460.49,0,1.02816,0,0,1.92802,0.899865,1.028160,1,0,34.5432,0,0,0,34.5432,0
61.0858,2.526,0,0,1.43819,0.0838866,0.36288,3.6288,59.3034,0.66528,0,0,0.554526,0.313647,0,0.66528,12.849,1,0.518307,0.36288,0,34.5002,5.68733,28.6575,0.84672,12.849,0.84672,3695.15,0,0,0,0.988381,2.32546,3.0851,1.47401,4.92493,0.42336,0,0.42336,460.49,0,1.02816,0,0,2.01654,0.988381,1.028160,1,0,33.5824,0,0,0,33.5824,0
59.4987,2.51559,0,0,1.3762,0.0848577,0.36288,3.6288,58.8604,0.66528,0,0,0.533304,0.311063,0,0.66528,12.849,1,0.529139,0.36288,0,33.7327,5.73709,27.8294,0.84672,12.849,0.84672,3695.15,0,0,0,0.96698,2.37757,2.79645,1.45176,4.68924,0.42336,0,0.42336,460.49,0,1.02816,0,0,1.99514,0.96698,1.028160,1,0,32.5186,0,0,0,32.5186,0
57.8007,2.50434,0,0,1.25297,0.0836595,0.36288,3.6288,58.3912,0.66528,0,0,0.506301,0.31018,0,0.66528,12.849,1,0.540823,0.36288,0,30.7429,5.73709,24.8279,0.84672,12.849,0.84672,3695.15,0,0,0,0.659984,2.37785,2.60846,1.45176,4.19453,0.42336,0,0.42336,460.49,0,1.02816,0,0,1.68814,0.659984,1.028160,1,0,29.0224,0,0,0,29.0224,0
56.3461,2.49169,0,0,1.47106,0.071115,0.36288,3.6288,58.0596,0.66528,0,0,0.632489,0.29886,0,0.66528,12.849,1,0.553899,0.36288,0,32.1363,5.91195,26.0333,0.84672,12.849,0.84672,3695.15,0,0,0,1.41837,2.37813,3.96232,1.4996,6.25922,0.42336,0,0.42336,460.49,0,1.02816,0,0,2.44653,1.41837,1.028160,1,0,32.2926,0,0,0,32.2926,0
54.5526,2.6625,0,0,1.30416,0.072347,0.36288,3.6288,57.6253,0.66528,0,0,0.522961,0.291971,0,0.66528,12.849,1,0.607148,0.36288,0,29.4874,5.94677,23.2963,0.84672,12.849,0.84672,3695.15,0,0,0,0.967715,2.37841,3.00003,1.51963,4.82653,0.42336,0,0.42336,460.49,0,1.02816,0,0,1.99587,0.967715,1.028160,1,0,28.1229,0,0,0,28.1229,0
52.6102,2.71261,0,0,1.2212,0.0880865,0.36288,3.6288,57.0941,0.66528,0,0,0.45884,0.324774,0,0.66528,12.849,1,0.638912,0.36288,0,25.6339,5.88714,19.4708,0.84672,12.849,0.84672,3695.15,0,0,0,0.584963,2.55614,2.51477,1.49735,4.15852,0.42336,0,0.42336,460.49,0,1.02816,0,0,1.61312,0.584963,1.028160,1,0,23.6293,0,0,0,23.6293,0
50.5384,2.69424,0,0,1.07166,0.0863603,0.36288,3.6288,56.5478,0.66528,0,0,0.442664,0.323658,0,0.66528,12.849,1,0.658016,0.36288,0,32.5854,5.88714,26.4031,0.84672,12.849,0.84672,3695.15,0,0,0,0.513104,2.5088,2.41486,1.49735,3.93941,0.42336,0,0.42336,460.49,0,1.02816,0,0,1.54126,0.513104,1.028160,1,0,30.3426,0,0,0,30.3426,0
48.5121,2.67333,0,0,1.09449,0.0845191,0.36288,3.6288,56.0678,0.66528,0,0,0.507781,0.322509,0,0.66528,12.849,1,0.679673,0.36288,0,28.227,5.88714,22.023,0.84672,12.849,0.84672,3695.15,0,0,0,0.600454,2.50893,2.50779,1.49735,4.11984,0.42336,0,0.42336,460.49,0,1.02816,0,0,1.62861,0.600454,1.028160,1,0,26.1429,0,0,0,26.1429,0
46.5184,2.65147,0,0,1.10433,0.0837326,0.36288,3.6288,55.5993,0.66528,0,0,0.511629,0.314834,0,0.66528,12.849,1,0.702272,0.36288,0,28.6408,5.7023,22.5991,0.84672,12.849,0.84672,3695.15,0,0,0,0.998352,2.50907,3.20762,1.42539,5.28965,0.42336,0,0.42336,460.49,0,1.02816,0,0,2.02651,0.998352,1.028160,1,0,27.8888,0,0,0,27.8888,0
45.8518,2.54301,0,0,2.35774,0.118386,0.36288,3.6288,55.5924,0.66528,0,0,0.959956,0.301572,0,0.66528,12.849,1,0.702413,0.36288,0,39.1096,5.30219,33.4678,0.84672,12.849,0.84672,3695.15,0,0,0,1.80473,2.50921,5.65254,1.37598,8.5905,0.42336,0,0.42336,460.49,0,1.02816,0,0,2.83289,1.80473,1.028160,1,0,42.0584,0,0,0,42.0584,0
45.6225,2.4709,0,0,2.73401,0.129588,0.36288,3.6288,55.8664,0.66528,0,0,1.24572,0.306408,0,0.66528,12.849,1,0.692417,0.36288,0,41.0778,5.38356,35.3647,0.84672,12.849,0.84672,3695.15,0,0,0,2.41746,2.4066,7.79527,1.42258,11.1968,0.42336,0,0.42336,460.49,0,1.02816,0,0,3.44562,2.41746,1.028160,1,0,46.5614,0,0,0,46.5614,0
45.313,2.46853,0,0,2.65115,0.129256,0.36288,3.6288,56.1342,0.66528,0,0,1.24002,0.306958,0,0.66528,12.849,1,0.695231,0.36288,0,56.6929,5.38356,50.977,0.84672,12.849,0.84672,3695.15,0,0,0,2.39715,2.45519,7.816,1.42258,11.2458,0.42336,0,0.42336,460.49,0,1.02816,0,0,3.42531,2.39715,1.028160,1,0,62.2228,0,0,0,62.2228,0
45.3308,2.46518,0,0,2.97471,0.128808,0.36288,3.6288,56.9268,0.66528,0,0,1.76539,0.307497,0,0.66528,12.849,1,0.699028,0.36288,0,132.978,5.38356,127.259,0.84672,12.849,0.84672,3695.15,0,0,0,3.1837,2.45549,10.818,1.42258,15.0346,0.42336,0,0.42336,460.49,0,1.02816,0,0,4.21186,3.1837,1.028160,1,0,142.293,0,0,0,142.293,0
44.7819,2.39595,0,0,2.37243,0.162528,0.36288,3.6288,57.1162,0.66528,0,0,1.11012,0.255498,0,0.66528,12.849,1,0.679132,0.36288,0,99.1483,4.73034,94.1017,0.84672,12.849,0.84672,3695.15,0,0,0,1.46384,2.45578,9.27556,1.19953,11.9956,0.42336,0,0.42336,460.49,0,1.02816,0,0,2.492,1.46384,1.028160,1,0,106.097,0,0,0,106.097,0
43.8141,2.38982,0,0,1.9716,0.18664,0.36288,3.6288,57.2172,0.66528,0,0,0.981921,0.21557,0,0.66528,12.849,1,0.685697,0.36288,0,42.1087,4.24042,37.5454,0.84672,12.849,0.84672,3695.15,0,0,0,0.681523,2.36432,7.1082,1.03225,9.12179,0.42336,0,0.42336,460.49,0,1.02816,0,0,1.70968,0.681523,1.028160,1,0,46.6672,0,0,0,46.6672,0
43.7076,2.37844,0,0,2.81942,0.184597,0.36288,3.6288,57.2581,0.66528,0,0,0.92188,0.215711,0,0.66528,12.849,1,0.697506,0.36288,0,52.2057,4.24042,47.6307,0.84672,12.849,0.84672,3695.15,0,0,0,0.500869,2.3646,8.13836,1.03225,9.97158,0.42336,0,0.42336,460.49,0,1.02816,0,0,1.52903,0.500869,1.028160,1,0,57.6023,0,0,0,57.6023,0
48.1731,2.37746,0,0,7.3902,0.184373,0.36288,3.6288,59.1344,0.66528,0,0,2.75735,0.215769,0,0.66528,12.849,1,0.698918,0.36288,0,116.014,4.24042,111.437,0.84672,12.849,0.84672,3695.15,0,0,0,4.22496,2.36488,16.4609,1.03225,22.0185,0.42336,0,0.42336,460.49,0,1.02816,0,0,5.25312,4.22496,1.028160,1,0,133.456,0,0,0,133.456,0
50.2683,2.22804,0,0,4.88512,0.199055,0.36288,3.6288,59.9166,0.66528,0,0,1.66278,0.215307,0,0.66528,12.849,1,0.594276,0.36288,0,85.8972,4.3211,81.3447,0.84672,12.849,0.84672,3695.15,0,0,0,2.21735,2.36516,9.69555,1.0672,13.2109,0.42336,0,0.42336,460.49,0,1.02816,0,0,3.24551,2.21735,1.028160,1,0,94.5556,0,0,0,94.5556,0
53.8913,2.24809,0,0,6.45103,0.217022,0.36288,3.6288,60.4679,0.66528,0,0,1.42519,0.208628,0,0.66528,12.849,1,0.574631,0.36288,0,152.561,4.52277,147.826,0.84672,12.849,0.84672,3695.15,0,0,0,1.68869,2.16153,11.6361,1.15457,14.3317,0.42336,0,0.42336,460.49,0,1.02816,0,0,2.71685,1.68869,1.028160,1,0,162.158,0,0,0,162.158,0
57.6945,2.27961,0,0,6.67105,0.225313,0.36288,3.6288,61.308,0.66528,0,0,1.86864,0.209362,0.153906,0.66528,12.849,1,0.543514,0.36288,0,98.8848,4.52277,94.1814,0.84672,12.849,0.84672,3695.15,0,0,0,1.4136,2.16178,14.2065,1.15457,16.6273,0.42336,0,0.42336,460.49,0,1.02816,0,0,2.44176,1.4136,1.028160,1,0,110.963,0,0,0,110.963,0
61.9086,2.30924,0,0,7.13909,0.252885,0.36288,3.6288,61.308,0.66528,0,0,1.47044,0.203329,0.601832,0.66528,12.849,1,0.514284,0.36288,0,134.527,4.24179,130.134,0.84672,12.849,0.84672,3695.15,0,0,0,1.14089,2.16204,11.3909,1.09749,13.5963,0.42336,0,0.42336,460.49,0,1.02816,0,0,2.16905,1.14089,1.028160,1,0,144.332,0,0,0,144.332,0
71.639,2.33856,0,0,12.7208,0.288958,0.36288,3.6288,61.308,0.66528,0,0,2.9041,0.193796,2.04503,0.66528,12.849,1,0.485362,0.36288,0,192.612,3.86715,188.622,0.84672,12.849,0.84672,3695.15,0,0,0,2.84648,2.16229,21.3151,1.02138,25.3025,0.42336,0,0.42336,460.49,0,1.02816,0,0,3.87464,2.84648,1.028160,1,0,215.969,0,0,0,215.969,0
72.29,2.47784,0,0,6.80645,0.273166,3.40445,3.6288,61.308,0.66528,0,0,1.84476,0.22393,0.955551,0.66528,12.849,1,0.444419,3.40445,0,83.2372,3.85752,82.3398,0.84672,12.849,0.84672,3695.15,0,0,0,3.00722,2.16254,11.5549,1.20047,15.5242,0.42336,0,0.42336,460.49,0,1.02816,0,0,4.03538,3.00722,1.028160,1,0,98.8195,0,0,0,98.8195,0
72.29,2.48156,0,0,4.25071,0.267998,1.50115,3.6288,61.308,0.66528,0,0,1.29472,0.228952,0.400489,0.66528,12.849,1,0.441079,1.50115,0,71.833,3.85592,69.0371,0.84672,12.849,0.84672,3695.15,0,0,0,1.95521,2.22641,10.8212,1.23032,13.7725,0.42336,0,0.42336,460.49,0,1.02816,0,0,2.98337,1.95521,1.028160,1,0,83.2101,0,0,0,83.2101,0
72.29,2.48189,0,0,5.19763,0.267998,2.44774,3.6288,61.308,0.66528,0,0,1.25707,0.228952,0.362836,0.66528,12.849,1,0.441137,2.44774,0,104.14,3.85592,102.29,0.84672,12.849,0.84672,3695.15,0,0,0,1.8981,2.22665,9.91319,1.23032,12.8076,0.42336,0,0.42336,460.49,0,1.02816,0,0,2.92626,1.8981,1.028160,1,0,115.461,0,0,0,115.461,0
72.29,2.48222,0,0,3.58383,0.267998,0.833615,3.6288,61.308,0.66528,0,0,0.928498,0.228952,0.0342652,0.66528,12.849,1,0.441195,0.833615,0,62.1937,3.85592,58.7302,0.84672,12.849,0.84672,3695.15,0,0,0,0.9727,2.2269,8.95847,1.23032,10.9277,0.42336,0,0.42336,460.49,0,1.02816,0,0,2.00086,0.9727,1.028160,1,0,69.6922,0,0,0,69.6922,0
71.9741,2.74973,0,0,3.07219,0.275514,0.36288,3.6288,61.308,0.66528,0,0,0.899173,0.21305,0.0208438,0.66528,12.849,1,0.488743,0.36288,0,47.8027,3.80993,43.8669,0.84672,12.849,0.84672,3695.15,0,0,0,1.25283,2.22714,6.96718,1.13783,9.30932,0.42336,0,0.42336,460.49,0,1.02816,0,0,2.28099,1.25283,1.028160,1,0,53.1971,0,0,0,53.1971,0
70.9673,2.74827,0,0,2.37724,0.272843,0.36288,3.6288,61.2445,0.66528,0,0,0.832835,0.231095,0,0.66528,12.849,1,0.490628,0.36288,0,35.5038,4.21638,31.1597,0.84672,12.849,0.84672,3695.15,0,0,0,1.02748,2.45636,5.19851,1.195,7.48734,0.42336,0,0.42336,460.49,0,1.02816,0,0,2.05564,1.02748,1.028160,1,0,38.647,0,0,0,38.647,0
71.2062,2.74273,0,0,3.61528,0.270754,0.36288,3.6288,61.3017,0.66528,0,0,0.953571,0.231002,0,0.66528,12.849,1,0.496585,0.36288,0,62.1664,4.21638,57.8163,0.84672,12.849,0.84672,3695.15,0,0,0,1.23485,2.45663,12.2388,1.195,14.7353,0.42336,0,0.42336,460.49,0,1.02816,0,0,2.26301,1.23485,1.028160,1,0,72.5515,0,0,0,72.5515,0
71.6857,2.7445,0,0,3.85786,0.27098,0.36288,3.6288,61.308,0.66528,0,0,1.28907,0.199741,0.4178,0.66528,12.849,1,0.495239,0.36288,0,104.606,3.95304,100.521,0.84672,12.849,0.84672,3695.15,0,0,0,1.86989,2.4569,9.74004,1.06792,12.9989,0.42336,0,0.42336,460.49,0,1.02816,0,0,2.89805,1.86989,1.028160,1,0,113.938,0,0,0,113.938,0
72.29,2.36688,0,0,3.67255,0.289635,0.411771,3.6288,61.308,0.66528,0,0,1.12332,0.18974,0.268301,0.66528,12.849,1,0.424241,0.411771,0,80.3684,4.17579,76.1802,0.84672,12.849,0.84672,3695.15,0,0,0,1.83866,2.45717,7.59136,1.03329,10.8539,0.42336,0,0.42336,460.49,0,1.02816,0,0,2.86682,1.83866,1.028160,1,0,87.3024,0,0,0,87.3024,0
72.29,2.3702,0,0,3.42138,0.314738,0.736441,3.6288,61.308,0.66528,0,0,1.21009,0.189457,0.355355,0.66528,12.849,1,0.421285,0.736441,0,70.958,4.58251,66.6906,0.84672,12.849,0.84672,3695.15,0,0,0,2.43439,2.14504,8.35981,1.04007,11.8992,0.42336,0,0.42336,460.49,0,1.02816,0,0,3.46255,2.43439,1.028160,1,0,78.9451,0,0,0,78.9451,0
72.29,2.37051,0,0,3.74582,0.314738,1.06057,3.6288,61.308,0.66528,0,0,1.06144,0.189457,0.206704,0.66528,12.849,1,0.421341,1.06057,0,78.5269,4.58251,74.5836,0.84672,12.849,0.84672,3695.15,0,0,0,1.77053,2.14528,7.77349,1.04007,10.6492,0.42336,0,0.42336,460.49,0,1.02816,0,0,2.79869,1.77053,1.028160,1,0,85.4395,0,0,0,85.4395,0
72.29,2.37083,0,0,3.31386,0.314738,0.628298,3.6288,61.308,0.66528,0,0,1.01407,0.189457,0.159331,0.66528,12.849,1,0.421397,0.628298,0,68.5689,4.58251,64.1932,0.84672,12.849,0.84672,3695.15,0,0,0,1.51141,2.14551,7.04367,1.04007,9.66053,0.42336,0,0.42336,460.49,0,1.02816,0,0,2.53957,1.51141,1.028160,1,0,74.0131,0,0,0,74.0131,0
72.29,2.37114,0,0,3.37637,0.331495,0.673729,3.6288,61.308,0.66528,0,0,1.16474,0.211845,0.287616,0.66528,12.849,1,0.421452,0.673729,0,69.7308,3.93498,66.0481,0.84672,12.849,0.84672,3695.15,0,0,0,1.70732,2.14575,7.08254,1.03901,9.89659,0.42336,0,0.42336,460.49,0,1.02816,0,0,2.73548,1.70732,1.028160,1,0,76.2323,0,0,0,76.2323,0
72.29,2.46748,0,0,3.17607,0.333595,0.374994,3.6288,61.308,0.66528,0,0,1.12456,0.178563,0.280713,0.66528,12.849,1,0.438576,0.374994,0,79.4521,4.34606,75.0425,0.84672,12.849,0.84672,3695.15,0,0,0,1.59818,2.14598,6.63803,0.932725,9.44947,0.42336,0,0.42336,460.49,0,1.02816,0,0,2.62634,1.59818,1.028160,1,0,84.7727,0,0,0,84.7727,0
72.29,2.46781,0,0,4.04895,0.333595,1.24755,3.6288,61.308,0.66528,0,0,1.49368,0.178563,0.64984,0.66528,12.849,1,0.438634,1.24755,0,103.059,4.34606,99.5216,0.84672,12.849,0.84672,3695.15,0,0,0,2.97903,2.22328,8.67326,0.932725,12.9429,0.42336,0,0.42336,460.49,0,1.02816,0,0,4.00719,2.97903,1.028160,1,0,113.114,0,0,0,113.114,0
72.0175,2.46813,0,0,2.89206,0.333595,0.36288,3.6288,61.308,0.66528,0,0,1.13305,0.178563,0.289206,0.66528,12.849,1,0.438692,0.36288,0,71.4519,4.34606,67.0301,0.84672,12.849,0.84672,3695.15,0,0,0,1.52953,2.22353,6.57935,0.932725,9.39968,0.42336,0,0.42336,460.49,0,1.02816,0,0,2.55769,1.52953,1.028160,1,0,76.719,0,0,0,76.719,0
71.6098,2.22447,0,0,2.47958,0.299881,0.36288,3.6288,61.308,0.66528,0,0,0.918812,0.188155,0.0653771,0.66528,12.849,1,0.396879,0.36288,0,60.5693,4.35611,56.1792,0.84672,12.849,0.84672,3695.15,0,0,0,1.22643,2.22377,5.25823,0.94579,7.76265,0.42336,0,0.42336,460.49,0,1.02816,0,0,2.25459,1.22643,1.028160,1,0,64.0073,0,0,0,64.0073,0
70.8823,2.18868,0,0,2.14384,0.319741,0.36288,3.6288,61.308,0.66528,0,0,0.874878,0.181063,0.0285348,0.66528,12.849,1,0.392716,0.36288,0,47.5843,3.98583,43.5686,0.84672,12.849,0.84672,3695.15,0,0,0,0.775725,2.0417,4.54817,0.970705,6.39488,0.42336,0,0.42336,460.49,0,1.02816,0,0,1.80389,0.775725,1.028160,1,0,49.992,0,0,0,49.992,0
69.9734,2.18556,0,0,1.88192,0.242398,0.36288,3.6288,61.1615,0.67608,0,0,0.738953,0.209349,0,0.66528,12.849,1,0.396181,0.36288,0,39.7696,3.98703,35.7492,0.84672,12.849,0.84672,3695.15,0,0,0,0.528595,2.01459,4.09639,1.00164,5.63793,0.42336,0,0.42336,460.49,0,1.01736,0,0,1.54596,0.528595,1.028160,1,0,41.3872,0,0,0,41.3872,0
69.0434,2.1815,0,0,1.82744,0.213112,0.36288,3.6288,61.0729,0.66528,0,0,0.798906,0.222223,0,0.66528,12.849,1,0.400582,0.36288,0,38.3575,4.10235,34.2174,0.84672,12.849,0.84672,3695.15,0,0,0,0.629234,2.01481,4.5333,1.00853,6.16882,0.42336,0,0.42336,460.49,0,1.02816,0,0,1.65739,0.629234,1.028160,1,0,40.3862,0,0,0,40.3862,0
67.8009,2.36748,0,0,1.69951,0.211581,0.36288,3.6288,60.9248,0.66528,0,0,0.739221,0.222098,0,0.66528,12.849,1,0.440589,0.36288,0,35.086,4.10235,30.9059,0.84672,12.849,0.84672,3695.15,0,0,0,0.472789,2.01503,4.18579,1.00853,5.66508,0.42336,0,0.42336,460.49,0,1.02816,0,0,1.50095,0.472789,1.028160,1,0,36.571,0,0,0,36.571,0
66.3967,2.53474,0,0,1.71043,0.217018,0.36288,3.6288,60.7947,0.667993,0,0,0.750989,0.21302,0,0.66528,12.849,1,0.480361,0.36288,0,35.4199,3.97623,31.3262,0.84672,12.849,0.84672,3695.15,0,0,0,0.402797,2.15903,3.92025,1.01245,5.46964,0.42336,0,0.42336,460.49,0,1.02545,0,0,1.42824,0.402797,1.028160,1,0,36.7959,0,0,0,36.7959,0
65.0143,2.27897,0,0,1.4497,0.190278,0.36288,3.6288,60.4574,0.738072,0,0,0.614262,0.213543,0,0.66528,12.849,1,0.441023,0.36288,0,30.1766,4.34658,25.7519,0.84672,12.849,0.84672,3695.15,0,0,0,0.402797,2.3004,3.45051,0.945987,5.20772,0.42336,0,0.42336,460.49,0,0.955368,0,0,1.35816,0.402797,1.028160,1,0,30.9596,0,0,0,30.9596,0
63.5863,2.27144,0,0,1.38732,0.180998,0.36288,3.6288,60.1427,0.745684,0,0,0.645857,0.214861,0,0.66528,12.849,1,0.448913,0.36288,0,28.3531,4.40076,23.8663,0.84672,12.849,0.84672,3695.15,0,0,0,0.402797,2.11151,3.59473,0.935958,5.17308,0.42336,0,0.42336,460.49,0,0.947756,0,0,1.35055,0.402797,1.028160,1,0,29.0394,0,0,0,29.0394,0
62.1065,2.26336,0,0,1.32534,0.178922,0.36288,3.6288,59.8733,0.703564,0,0,0.648588,0.214432,0,0.66528,12.849,1,0.45736,0.36288,0,26.6389,4.40076,22.1437,0.84672,12.849,0.84672,3695.15,0,0,0,0.30119,2.11174,3.45658,0.935958,4.93356,0.42336,0,0.42336,460.49,0,0.989876,0,0,1.29107,0.30119,1.028160,1,0,27.0773,0,0,0,27.0773,0
60.3063,2.49956,0,0,1.23906,0.176771,0.36288,3.6288,59.4903,0.772693,0,0,0.603781,0.214064,0,0.66528,12.849,1,0.517125,0.36288,0,24.8621,4.40076,20.3071,0.84672,12.849,0.84672,3695.15,0,0,0,0.30119,2.11197,3.27426,0.935958,4.75146,0.42336,0,0.42336,460.49,0,0.920747,0,0,1.22194,0.30119,1.028160,1,0,25.0586,0,0,0,25.0586,0
58.8938,2.22112,0,0,1.29292,0.121479,0.36288,3.6288,59.0585,0.76229,0,0,0.56446,0.233956,0,0.66528,12.849,1,0.473236,0.36288,0,25.0566,4.9265,20.0198,0.84672,12.849,0.84672,3695.15,0,0,0,0.30119,2.30142,2.90904,1.1318,4.37985,0.42336,0,0.42336,460.49,0,0.93115,0,0,1.23234,0.30119,1.028160,1,0,24.3996,0,0,0,24.3996,0
57.1536,2.45264,0,0,1.19521,0.119842,0.36288,3.6288,58.5878,0.783138,0,0,0.545706,0.23331,0,0.66528,12.849,1,0.535099,0.36288,0,24.9053,4.9265,19.8066,0.84672,12.849,0.84672,3695.15,0,0,0,0.30119,2.14595,2.94977,1.1318,4.2651,0.42336,0,0.42336,460.49,0,0.910302,0,0,1.21149,0.30119,1.028160,1,0,24.0717,0,0,0,24.0717,0
55.3183,2.43966,0,0,1.08506,0.117827,0.36288,3.6288,58.0086,0.862082,0,0,0.515522,0.232606,0,0.66528,12.849,1,0.548473,0.36288,0,24.1651,4.9265,19.053,0.84672,12.849,0.84672,3695.15,0,0,0,0.261274,2.33871,2.77276,1.1318,4.24095,0.42336,0,0.42336,460.49,0,0.831358,0,0,1.09263,0.261274,1.028160,1,0,23.294,0,0,0,23.294,0
53.4163,2.42521,0,0,0.993548,0.107458,0.36288,3.6288,57.3391,0.906915,0,0,0.490649,0.25322,0,0.66528,12.849,1,0.563313,0.36288,0,21.3106,5.20879,15.9013,0.84672,12.849,0.84672,3695.15,0,0,0,0.261274,2.33897,2.69275,1.23485,4.05815,0.42336,0,0.42336,460.49,0,0.786525,0,0,1.0478,0.261274,1.028160,1,0,19.9595,0,0,0,19.9595,0
51.5157,2.47128,0,0,1.02072,0.0872388,0.36288,3.6288,56.6775,0.854963,0,0,0.485914,0.292615,0,0.66528,12.849,1,0.594452,0.36288,0,20.2661,5.66062,14.3739,0.84672,12.849,0.84672,3695.15,0,0,0,0.261274,2.33923,2.63199,1.46807,3.76443,0.42336,0,0.42336,460.49,0,0.838477,0,0,1.09975,0.261274,1.028160,1,0,18.1383,0,0,0,18.1383,0
49.6433,2.45404,0,0,1.03162,0.0870489,0.36288,3.6288,56.092,0.795977,0,0,0.492121,0.281667,0,0.66528,12.849,1,0.612086,0.36288,0,20.0892,5.47018,14.3698,0.84672,12.849,0.84672,3695.15,0,0,0,0.261274,2.39165,2.72395,1.44977,3.9271,0.42336,0,0.42336,460.49,0,0.897463,0,0,1.15874,0.261274,1.028160,1,0,18.2969,0,0,0,18.2969,0
47.6562,2.43602,0,0,0.897117,0.0853526,0.36288,3.6288,55.38,0.893817,0,0,0.462482,0.280593,0,0.66528,12.849,1,0.630508,0.36288,0,19.0067,5.47018,13.2689,0.84672,12.849,0.84672,3695.15,0,0,0,0.261274,2.39192,2.65081,1.44977,3.85423,0.42336,0,0.42336,460.49,0,0.799623,0,0,1.0609,0.261274,1.028160,1,0,17.1231,0,0,0,17.1231,0
45.6202,2.41563,0,0,0.826105,0.0835358,0.36288,3.6288,54.6394,0.914492,0,0,0.453138,0.279287,0,0.66528,12.849,1,0.6513,0.36288,0,17.9259,5.47018,12.1673,0.84672,12.849,0.84672,3695.15,0,0,0,0.227405,2.39218,2.62398,1.44977,3.79379,0.42336,0,0.42336,460.49,0,0.778948,0,0,1.00635,0.227405,1.028160,1,0,15.9611,0,0,0,15.9611,0
43.2828,2.56886,0,0,0.665052,0.0706771,0.36288,3.6288,53.8457,0.94716,0,0,0.437579,0.284145,0,0.66528,12.849,1,0.723524,0.36288,0,16.6204,5.86251,10.3973,0.84672,12.849,0.84672,3695.15,0,0,0,0.227405,2.39244,2.40872,1.46282,3.56575,0.42336,0,0.42336,460.49,0,0.74628,0,0,0.973685,0.227405,1.028160,1,0,13.963,0,0,0,13.963,0
40.7552,2.53906,0,0,0.470789,0.0964589,0.36288,3.6288,52.7508,1.14038,0,0,0.327566,0.28202,0,0.66528,12.849,1,0.75375,0.36288,0,12.9284,6.2789,6.25861,0.84672,12.849,0.84672,3695.15,0,0,0,0.227405,2.57128,1.81627,1.53761,3.07734,0.42336,0,0.42336,460.49,0,0.553064,0,0,0.780468,0.227405,1.028160,1,0,9.33595,0,0,0,9.33595,0
38.2557,2.50385,0,0,0.460808,0.0936541,0.36288,3.6288,51.5933,1.1842,0,0,0.306266,0.279572,0,0.66528,12.849,1,0.789394,0.36288,0,11.7975,6.2789,5.09208,0.84672,12.849,0.84672,3695.15,0,0,0,0.227405,2.57157,1.82297,1.53761,3.08433,0.42336,0,0.42336,460.49,0,0.509242,0,0,0.736646,0.227405,1.028160,1,0,8.17641,0,0,0,8.17641,0
36.0057,2.46556,0,0,0.669482,0.0909553,0.36288,3.6288,50.638,1.03029,0,0,0.351911,0.276978,0,0.66528,12.849,1,0.828112,0.36288,0,13.4368,6.2789,6.69263,0.84672,12.849,0.84672,3695.15,0,0,0,0.204422,2.57185,2.02116,1.53761,3.25981,0.42336,0,0.42336,460.49,0,0.663146,0,0,0.867568,0.204422,1.028160,1,0,9.95244,0,0,0,9.95244,0
34.0504,2.44738,0,0,0.964941,0.110024,0.36288,3.6288,49.8802,0.957433,0,0,0.465807,0.26613,0,0.66528,12.849,1,0.84672,0.36288,0,21.9225,6.14748,15.2912,0.84672,12.849,0.84672,3695.15,0,0,0,0.204422,2.57214,2.25016,1.5111,3.51562,0.42336,0,0.42336,460.49,0,0.736007,0,0,0.940429,0.204422,1.028160,1,0,18.8068,0,0,0,18.8068,0
32.0531,2.33806,0,0,0.811166,0.107527,0.36288,3.6288,49.0853,1.10492,0,0,0.598487,0.288483,0,0.66528,12.849,1,0.84672,0.36288,0,27.7862,6.31944,20.9829,0.84672,12.849,0.84672,3695.15,0,0,0,0.204422,2.57242,2.37519,1.439,3.71303,0.42336,0,0.42336,460.49,0,0.588522,0,0,0.792945,0.204422,1.028160,1,0,24.6959,0,0,0,24.6959,0
31.2225,2.052,0,0,1.69053,0.10627,0.36288,3.6288,49.193,0.66528,0,0,1.06428,0.291289,0,0.66528,12.849,1,0.822578,0.36288,0,30.6486,6.31627,23.8726,0.84672,12.849,0.84672,3695.15,0,0,0,0.489966,2.4693,4.14444,1.42741,5.6763,0.42336,0,0.42336,460.49,0,1.02816,0,0,1.51813,0.489966,1.028160,1,0,29.5489,0,0,0,29.5489,0
29.4774,2.03677,0,0,0.759732,0.10516,0.36288,3.6288,48.4413,1.08292,0,0,0.622801,0.291548,0,0.66528,12.849,1,0.838191,0.36288,0,26.3194,6.31627,19.5278,0.84672,12.849,0.84672,3695.15,0,0,0,0.216518,2.26539,2.2404,1.42741,3.29489,0.42336,0,0.42336,460.49,0,0.61052,0,0,0.827038,0.216518,1.028160,1,0,22.8227,0,0,0,22.8227,0
27.5322,2.33931,0,0,0.859749,0.102748,0.36288,3.6288,47.7502,1.13145,0,0,0.730073,0.28974,0,0.66528,12.849,1,0.84672,0.36288,0,21.1281,6.31627,14.328,0.84672,12.849,0.84672,3695.15,0,0,0,0.216518,2.26564,2.4948,1.42741,3.54954,0.42336,0,0.42336,460.49,0,0.561989,0,0,0.778507,0.216518,1.028160,1,0,17.8775,0,0,0,17.8775,0
27.0042,2.2496,0,0,2.23951,0.155094,0.36288,3.6288,47.8997,0.66528,0,0,1.06916,0.254364,0,0.66528,12.849,1,0.84672,0.36288,0,26.156,4.79868,20.8735,0.84672,12.849,0.84672,3695.15,0,0,0,0.993755,2.47012,5.2986,1.09939,7.66309,0.42336,0,0.42336,460.49,0,1.02816,0,0,2.02192,0.993755,1.028160,1,0,28.5366,0,0,0,28.5366,0
26.6155,2.18945,0,0,2.32635,0.162631,0.36288,3.6288,47.9224,0.66528,0,0,0.877694,0.189719,0,0.66528,12.849,1,0.84672,0.36288,0,38.3149,3.9339,33.8971,0.84672,12.849,0.84672,3695.15,0,0,0,0.614624,2.37807,5.07608,0.993543,7.07523,0.42336,0,0.42336,460.49,0,1.02816,0,0,1.64278,0.614624,1.028160,1,0,40.9723,0,0,0,40.9723,0
26.1804,1.94763,0,0,2.07283,0.197431,0.36288,3.6288,47.6257,0.712074,0,0,0.599568,0.18419,0,0.66528,12.849,1,0.84672,0.36288,0,33.721,3.99231,29.2448,0.84672,12.849,0.84672,3695.15,0,0,0,0.216518,2.33912,4.24177,1.06795,5.72946,0.42336,0,0.42336,460.49,0,0.981366,0,0,1.19788,0.216518,1.028160,1,0,34.9743,0,0,0,34.9743,0
26.4078,1.948,0,0,2.73453,0.196226,0.36288,3.6288,48.1411,0.66528,0,0,1.36433,0.183734,0,0.66528,12.849,1,0.84672,0.36288,0,45.1156,3.99231,40.6394,0.84672,12.849,0.84672,3695.15,0,0,0,2.02618,2.18251,7.53977,1.06795,10.6805,0.42336,0,0.42336,460.49,0,1.02816,0,0,3.05434,2.02618,1.028160,1,0,51.3199,0,0,0,51.3199,0
31.4661,1.72332,0,0,7.33915,0.194746,0.36288,3.6288,50.5155,0.66528,0,0,3.22586,0.186145,0,0.66528,12.849,1,0.838497,0.36288,0,143.168,4.1145,138.578,0.84672,12.849,0.84672,3695.15,0,0,0,4.67015,2.18275,12.92,1.06436,18.7085,0.42336,0,0.42336,460.49,0,1.02816,0,0,5.69831,4.67015,1.028160,1,0,157.287,0,0,0,157.287,0
31.9133,1.81927,0,0,2.8244,0.195016,0.36288,3.6288,51.2802,0.66528,0,0,1.62977,0.199729,0,0.66528,12.849,1,0.742888,0.36288,0,80.314,4.84764,75.0863,0.84672,12.849,0.84672,3695.15,0,0,0,1.03171,1.99608,6.05414,1.04279,8.03914,0.42336,0,0.42336,460.49,0,1.02816,0,0,2.05987,1.03171,1.028160,1,0,83.1255,0,0,0,83.1255,0
31.1232,1.82693,0,0,1.59583,0.196122,0.36288,3.6288,51.6213,0.66528,0,0,1.20729,0.200976,0,0.66528,12.849,1,0.735564,0.36288,0,49.4403,4.84764,44.22,0.84672,12.849,0.84672,3695.15,0,0,0,0.416275,1.99629,4.37143,1.04279,5.74121,0.42336,0,0.42336,460.49,0,1.02816,0,0,1.44444,0.416275,1.028160,1,0,49.9612,0,0,0,49.9612,0
32.731,1.81396,0,0,3.99325,0.208627,0.36288,3.6288,52.3737,0.66528,0,0,1.63457,0.216851,0,0.66528,12.849,1,0.74888,0.36288,0,54.0027,4.14069,49.476,0.84672,12.849,0.84672,3695.15,0,0,0,1.90374,1.99651,6.48454,1.04612,9.33867,0.42336,0,0.42336,460.49,0,1.02816,0,0,2.9319,1.90374,1.028160,1,0,58.8147,0,0,0,58.8147,0
35.0748,1.84062,0,0,4.77174,0.224381,0.36288,3.6288,53.496,0.66528,0,0,1.95842,0.170872,0,0.66528,12.849,1,0.722561,0.36288,0,93.2584,3.44536,89.4534,0.84672,12.849,0.84672,3695.15,0,0,0,2.4596,1.99673,9.48974,0.890095,13.056,0.42336,0,0.42336,460.49,0,1.02816,0,0,3.48776,2.4596,1.028160,1,0,102.509,0,0,0,102.509,0
42.8564,1.94191,0,0,10.3037,0.217343,0.36288,3.6288,55.3025,0.66528,0,0,2.65399,0.182172,0,0.66528,12.849,1,0.711381,0.36288,0,151.317,3.80772,147.16,0.84672,12.849,0.84672,3695.15,0,0,0,2.73561,1.99694,10.8349,0.938997,14.6285,0.42336,0,0.42336,460.49,0,1.02816,0,0,3.76377,2.73561,1.028160,1,0,161.789,0,0,0,161.789,0
46.8608,2.04153,0,0,6.63307,0.224283,0.36288,3.6288,56.0869,0.66528,0,0,1.66199,0.212379,0,0.66528,12.849,1,0.612082,0.36288,0,108.478,4.08774,104.141,0.84672,12.849,0.84672,3695.15,0,0,0,2.74492,2.05547,7.93446,0.915045,11.8198,0.42336,0,0.42336,460.49,0,1.02816,0,0,3.77308,2.74492,1.028160,1,0,115.961,0,0,0,115.961,0
50.8498,2.08284,0,0,6.69142,0.256647,0.36288,3.6288,56.6827,0.66528,0,0,1.50036,0.239259,0,0.66528,12.849,1,0.571104,0.36288,0,104.844,4.65917,99.9764,0.84672,12.849,0.84672,3695.15,0,0,0,2.56408,2.05567,7.37061,1.0933,10.8971,0.42336,0,0.42336,460.49,0,1.02816,0,0,3.59224,2.56408,1.028160,1,0,110.873,0,0,0,110.873,0
54.6882,2.11886,0,0,6.588,0.267921,0.36288,3.6288,57.3941,0.66528,0,0,1.61684,0.24019,0,0.66528,12.849,1,0.535406,0.36288,0,103.306,4.65917,98.4742,0.84672,12.849,0.84672,3695.15,0,0,0,2.67094,2.05588,8.24083,1.0933,11.8744,0.42336,0,0.42336,460.49,0,1.02816,0,0,3.6991,2.67094,1.028160,1,0,110.349,0,0,0,110.349,0
58.5314,2.38311,0,0,6.86877,0.279621,0.36288,3.6288,58.1522,0.66528,0,0,1.64616,0.222691,0,0.66528,12.849,1,0.559911,0.36288,0,125.502,4.03252,121.272,0.84672,12.849,0.84672,3695.15,0,0,0,3.02127,2.05609,9.79353,0.988175,13.8827,0.42336,0,0.42336,460.49,0,1.02816,0,0,4.04943,3.02127,1.028160,1,0,135.155,0,0,0,135.155,0
63.7905,2.67376,0,0,8.58859,0.292843,0.36288,3.6288,59.491,0.66528,0,0,2.18106,0.177027,0,0.66528,12.849,1,0.586954,0.36288,0,122.955,2.46592,120.265,0.84672,12.849,0.84672,3695.15,0,0,0,3.71795,2.26616,11.0919,0.725362,16.3507,0.42336,0,0.42336,460.49,0,1.02816,0,0,4.74611,3.71795,1.028160,1,0,136.616,0,0,0,136.616,0
67.765,2.71437,0,0,7.35108,0.299259,0.36288,3.6288,60.6857,0.66528,0,0,2.05496,0.194963,0,0.66528,12.849,1,0.546742,0.36288,0,147.854,2.85904,144.811,0.84672,12.849,0.84672,3695.15,0,0,0,4.04601,2.47068,11.7238,0.84835,17.3921,0.42336,0,0.42336,460.49,0,1.02816,0,0,5.07417,4.04601,1.028160,1,0,162.203,0,0,0,162.203,0
70.3881,2.74166,0,0,6.02607,0.298496,0.36288,3.6288,61.308,0.66528,0,0,1.67946,0.207004,0.184888,0.66528,12.849,1,0.519849,0.36288,0,142.401,3.07822,139.166,0.84672,12.849,0.84672,3695.15,0,0,0,2.80515,2.47093,9.56716,0.889757,13.9535,0.42336,0,0.42336,460.49,0,1.02816,0,0,3.83331,2.80515,1.028160,1,0,153.304,0,0,0,153.304,0
72.29,2.37632,0,0,6.76195,0.312027,2.17167,3.6288,61.308,0.66528,0,0,2.05814,0.202236,1.19063,0.66528,12.849,1,0.433785,2.17167,0,113.365,2.89251,112.21,0.84672,12.849,0.84672,3695.15,0,0,0,3.31481,2.47119,9.44542,0.820694,14.4107,0.42336,0,0.42336,460.49,0,1.02816,0,0,4.34297,3.31481,1.028160,1,0,127.811,0,0,0,127.811,0
72.29,2.3863,0,0,6.9901,0.336047,4.26775,3.6288,61.308,0.66528,0,0,2.40885,0.209906,1.53366,0.66528,12.849,1,0.424147,4.26775,0,106.834,3.00006,107.678,0.84672,12.849,0.84672,3695.15,0,0,0,4.16471,2.15712,13.1688,0.877868,18.6128,0.42336,0,0.42336,460.49,0,1.02816,0,0,5.19287,4.16471,1.028160,1,0,127.824,0,0,0,127.824,0
72.29,2.38659,0,0,5.55771,0.336047,2.83508,3.6288,61.308,0.66528,0,0,1.82738,0.209906,0.952191,0.66528,12.849,1,0.424199,2.83508,0,121.517,3.00006,120.928,0.84672,12.849,0.84672,3695.15,0,0,0,2.54356,2.15734,9.69875,0.877868,13.5218,0.42336,0,0.42336,460.49,0,1.02816,0,0,3.57172,2.54356,1.028160,1,0,135.402,0,0,0,135.402,0
72.29,2.38688,0,0,3.76558,0.324719,1.05398,3.6288,61.308,0.66528,0,0,1.26278,0.20389,0.393609,0.66528,12.849,1,0.424251,1.05398,0,98.0277,2.91287,95.7446,0.84672,12.849,0.84672,3695.15,0,0,0,1.92891,2.15756,8.75845,0.865343,11.9796,0.42336,0,0.42336,460.49,0,1.02816,0,0,2.95707,1.92891,1.028160,1,0,108.118,0,0,0,108.118,0
72.29,2.38718,0,0,5.1192,0.25675,2.47527,3.6288,61.308,0.66528,0,0,1.50522,0.167792,0.672145,0.66528,12.849,1,0.424303,2.47527,0,100.285,2.3897,99.9466,0.84672,12.849,0.84672,3695.15,0,0,0,2.47835,2.15778,9.38727,0.79019,13.2332,0.42336,0,0.42336,460.49,0,1.02816,0,0,3.50651,2.47835,1.028160,1,0,113.852,0,0,0,113.852,0
72.29,2.48408,0,0,5.70645,0.31608,2.90629,3.6288,61.308,0.66528,0,0,1.87258,0.183094,1.02421,0.66528,12.849,1,0.441527,2.90629,0,98.3733,3.21004,97.628,0.84672,12.849,0.84672,3695.15,0,0,0,2.48326,2.158,7.26574,0.944245,10.9627,0.42336,0,0.42336,460.49,0,1.02816,0,0,3.51142,2.48326,1.028160,1,0,109.615,0,0,0,109.615,0
72.29,2.48439,0,0,5.12022,0.325968,2.30986,3.6288,61.308,0.66528,0,0,2.4238,0.185644,1.57287,0.66528,12.849,1,0.441581,2.30986,0,113.529,3.34677,112.05,0.84672,12.849,0.84672,3695.15,0,0,0,2.7921,2.23575,9.47117,0.969921,13.5291,0.42336,0,0.42336,460.49,0,1.02816,0,0,3.82026,2.7921,1.028160,1,0,127.152,0,0,0,127.152,0
72.29,2.48469,0,0,5.78797,0.325968,2.97731,3.6288,61.308,0.66528,0,0,2.39406,0.185644,1.54313,0.66528,12.849,1,0.441635,2.97731,0,117.323,3.34677,116.511,0.84672,12.849,0.84672,3695.15,0,0,0,2.30434,2.23598,9.12142,0.969921,12.6918,0.42336,0,0.42336,460.49,0,1.02816,0,0,3.3325,2.30434,1.028160,1,0,130.746,0,0,0,130.746,0
72.29,2.48499,0,0,4.68399,0.318423,1.88057,3.6288,61.308,0.66528,0,0,2.0985,0.184811,1.24841,0.66528,12.849,1,0.441689,1.88057,0,86.2419,3.3962,84.2846,0.84672,12.849,0.84672,3695.15,0,0,0,2.47091,2.23621,6.64614,0.973134,10.3801,0.42336,0,0.42336,460.49,0,1.02816,0,0,3.49907,2.47091,1.028160,1,0,95.9131,0,0,0,95.9131,0
72.29,2.4475,0,0,4.47381,0.265784,1.76052,3.6288,61.308,0.66528,0,0,1.93753,0.200928,1.07132,0.66528,12.849,1,0.435025,1.76052,0,86.9677,3.63664,84.6565,0.84672,12.849,0.84672,3695.15,0,0,0,2.29507,2.23644,6.42974,0.997091,9.96416,0.42336,0,0.42336,460.49,0,1.02816,0,0,3.32323,2.29507,1.028160,1,0,95.692,0,0,0,95.692,0
72.29,2.4478,0,0,4.2561,0.260256,1.54804,3.6288,61.308,0.66528,0,0,1.77455,0.216762,0.89251,0.66528,12.849,1,0.435078,1.54804,0,75.1913,3.59457,72.7097,0.84672,12.849,0.84672,3695.15,0,0,0,2.20628,2.20648,6.46476,1.0006,9.87693,0.42336,0,0.42336,460.49,0,1.02816,0,0,3.23444,2.20628,1.028160,1,0,83.4792,0,0,0,83.4792,0
72.29,2.4481,0,0,3.45516,0.260256,0.746804,3.6288,61.308,0.66528,0,0,1.57227,0.216762,0.690231,0.66528,12.849,1,0.435132,0.746804,0,64.0215,3.59457,60.7386,0.84672,12.849,0.84672,3695.15,0,0,0,1.92504,2.2067,5.55755,1.0006,8.6887,0.42336,0,0.42336,460.49,0,1.02816,0,0,2.9532,1.92504,1.028160,1,0,70.1176,0,0,0,70.1176,0
72.29,2.4484,0,0,3.08188,0.260256,0.373222,3.6288,61.308,0.66528,0,0,1.33503,0.216762,0.452985,0.66528,12.849,1,0.435185,0.373222,0,61.0621,3.59457,57.4055,0.84672,12.849,0.84672,3695.15,0,0,0,1.17022,2.20693,5.22566,1.0006,7.60221,0.42336,0,0.42336,460.49,0,1.02816,0,0,2.19838,1.17022,1.028160,1,0,65.4607,0,0,0,65.4607,0
72.29,2.57704,0,0,3.7675,0.246973,0.943486,3.6288,61.308,0.66528,0,0,1.50934,0.226442,0.617617,0.66528,12.849,1,0.458049,0.943486,0,67.9019,3.80775,64.5796,0.84672,12.849,0.84672,3695.15,0,0,0,1.34116,2.20715,6.05897,1.02869,8.5786,0.42336,0,0.42336,460.49,0,1.02816,0,0,2.36932,1.34116,1.028160,1,0,73.7758,0,0,0,73.7758,0
72.2871,2.57735,0,0,3.10461,0.167277,0.36288,3.6288,61.308,0.66528,0,0,1.28403,0.284521,0.334233,0.66528,12.849,1,0.458105,0.36288,0,49.2857,5.08683,44.1036,0.84672,12.849,0.84672,3695.15,0,0,0,1.70877,2.3132,4.58944,1.19723,7.41417,0.42336,0,0.42336,460.49,0,1.02816,0,0,2.73693,1.70877,1.028160,1,0,51.852,0,0,0,51.852,0
71.9496,2.57765,0,0,2.7703,0.167273,0.36288,3.6288,61.308,0.66528,0,0,1.19826,0.284521,0.248464,0.66528,12.849,1,0.458176,0.36288,0,45.4427,5.08683,40.2606,0.84672,12.849,0.84672,3695.15,0,0,0,1.48164,2.31343,4.13085,1.19723,6.7287,0.42336,0,0.42336,460.49,0,1.02816,0,0,2.5098,1.48164,1.028160,1,0,47.2377,0,0,0,47.2377,0
71.5611,2.57614,0,0,2.71734,0.166845,0.36288,3.6288,61.308,0.66528,0,0,1.10917,0.284521,0.159368,0.66528,12.849,1,0.460056,0.36288,0,42.67,5.08683,37.486,0.84672,12.849,0.84672,3695.15,0,0,0,1.22647,2.31367,3.81244,1.19723,6.15535,0.42336,0,0.42336,460.49,0,1.02816,0,0,2.25463,1.22647,1.028160,1,0,43.8007,0,0,0,43.8007,0
70.8359,2.57434,0,0,2.37124,0.159193,0.36288,3.6288,61.308,0.66528,0,0,1.03095,0.289242,0.0764282,0.66528,12.849,1,0.462229,0.36288,0,38.1383,5.14038,32.8985,0.84672,12.849,0.84672,3695.15,0,0,0,1.07761,2.3139,3.68741,1.21091,5.86801,0.42336,0,0.42336,460.49,0,1.02816,0,0,2.10577,1.07761,1.028160,1,0,38.843,0,0,0,38.843,0
70.214,2.54533,0,0,2.41403,0.127764,0.36288,3.6288,61.308,0.66528,0,0,1.02029,0.256211,0.0987977,0.66528,12.849,1,0.461699,0.36288,0,40.5468,4.94103,35.507,0.84672,12.849,0.84672,3695.15,0,0,0,1.19215,2.31414,4.3605,1.16917,6.69762,0.42336,0,0.42336,460.49,0,1.02816,0,0,2.22031,1.19215,1.028160,1,0,42.3034,0,0,0,42.3034,0
69.4288,2.54218,0,0,2.24904,0.129172,0.36288,3.6288,61.308,0.66528,0,0,0.999207,0.245984,0.087943,0.66528,12.849,1,0.465213,0.36288,0,41.0955,4.85425,36.1389,0.84672,12.849,0.84672,3695.15,0,0,0,1.2407,2.35139,4.50116,1.14854,6.94471,0.42336,0,0.42336,460.49,0,1.02816,0,0,2.26886,1.2407,1.028160,1,0,43.1715,0,0,0,43.1715,0
68.4466,2.53805,0,0,2.04718,0.12839,0.36288,3.6288,61.308,0.66528,0,0,0.934572,0.245984,0.0233071,0.66528,12.849,1,0.46971,0.36288,0,39.4516,4.85425,34.4905,0.84672,12.849,0.84672,3695.15,0,0,0,0.937647,2.35163,4.22842,1.14854,6.36916,0.42336,0,0.42336,460.49,0,1.02816,0,0,1.96581,0.937647,1.028160,1,0,40.883,0,0,0,40.883,0
67.3199,2.53268,0,0,1.88242,0.113548,0.36288,3.6288,61.2561,0.66528,0,0,0.892253,0.278892,0,0.66528,12.849,1,0.475442,0.36288,0,34.9751,5.27771,29.5848,0.84672,12.849,0.84672,3695.15,0,0,0,0.927858,2.35187,4.06864,1.3031,6.04526,0.42336,0,0.42336,460.49,0,1.02816,0,0,1.95602,0.927858,1.028160,1,0,35.6301,0,0,0,35.6301,0
66.2635,2.59119,0,0,1.99164,0.0940078,0.36288,3.6288,61.1078,0.66528,0,0,0.837302,0.320319,0,0.66528,12.849,1,0.494567,0.36288,0,34.0089,5.8234,28.0538,0.84672,12.849,0.84672,3695.15,0,0,0,0.881332,2.35211,3.79236,1.50142,5.52438,0.42336,0,0.42336,460.49,0,1.02816,0,0,1.90949,0.881332,1.028160,1,0,33.5782,0,0,0,33.5782,0
65.3396,2.5849,0,0,2.11682,0.0929372,0.36288,3.6288,60.9689,0.66528,0,0,0.843333,0.316898,0,0.66528,12.849,1,0.501232,0.36288,0,35.2765,5.79821,29.34,0.84672,12.849,0.84672,3695.15,0,0,0,0.920238,2.40482,3.64816,1.49104,5.48218,0.42336,0,0.42336,460.49,0,1.02816,0,0,1.9484,0.920238,1.028160,1,0,34.8221,0,0,0,34.8221,0
64.2092,2.57929,0,0,1.90403,0.0922545,0.36288,3.6288,60.7781,0.66528,0,0,0.791052,0.316619,0,0.66528,12.849,1,0.507216,0.36288,0,33.2463,5.79821,27.3037,0.84672,12.849,0.84672,3695.15,0,0,0,0.857987,2.40507,3.72429,1.49104,5.4963,0.42336,0,0.42336,460.49,0,1.02816,0,0,1.88615,0.857987,1.028160,1,0,32.8,0,0,0,32.8,0
62.9155,2.57216,0,0,1.73275,0.0914191,0.36288,3.6288,60.5555,0.66528,0,0,0.758877,0.316236,0,0.66528,12.849,1,0.514719,0.36288,0,31.2267,5.79821,25.2766,0.84672,12.849,0.84672,3695.15,0,0,0,0.679821,2.40532,3.46235,1.49104,5.05644,0.42336,0,0.42336,460.49,0,1.02816,0,0,1.70798,0.679821,1.028160,1,0,30.3331,0,0,0,30.3331,0
61.2243,2.75167,0,0,1.49939,0.0760174,0.36288,3.6288,60.3231,0.66528,0,0,0.755706,0.322822,0,0.66528,12.849,1,0.561964,0.36288,0,29.7937,6.04002,23.5546,0.84672,12.849,0.84672,3695.15,0,0,0,0.66109,2.40556,3.50857,1.52109,5.05413,0.42336,0,0.42336,460.49,0,1.02816,0,0,1.68925,0.66109,1.028160,1,0,28.6087,0,0,0,28.6087,0
59.7751,2.73917,0,0,1.73148,0.0786354,0.36288,3.6288,59.8874,0.66528,0,0,0.563325,0.333748,0,0.66528,12.849,1,0.574864,0.36288,0,25.1811,5.66085,19.3083,0.84672,12.849,0.84672,3695.15,0,0,0,0.346715,2.58544,3.11653,1.52278,4.52589,0.42336,0,0.42336,460.49,0,1.02816,0,0,1.37487,0.346715,1.028160,1,0,23.8342,0,0,0,23.8342,0
58.5458,2.72803,0,0,1.93476,0.0732094,0.36288,3.6288,59.5789,0.66528,0,0,0.692226,0.335389,0,0.66528,12.849,1,0.586406,0.36288,0,32.0427,5.73563,26.0836,0.84672,12.849,0.84672,3695.15,0,0,0,0.698406,2.5857,3.30801,1.53772,5.0544,0.42336,0,0.42336,460.49,0,1.02816,0,0,1.72657,0.698406,1.028160,1,0,31.138,0,0,0,31.138,0
56.9208,2.71826,0,0,1.52853,0.0723468,0.36288,3.6288,59.0842,0.66528,0,0,0.505302,0.334729,0,0.66528,12.849,1,0.596575,0.36288,0,33.067,5.73563,27.0977,0.84672,12.849,0.84672,3695.15,0,0,0,0.208777,2.58597,2.62116,1.53772,3.87818,0.42336,0,0.42336,460.49,0,1.02816,0,0,1.23694,0.208777,1.028160,1,0,30.9759,0,0,0,30.9759,0
55.6751,2.70469,0,0,1.89312,0.0712067,0.36288,3.6288,58.9259,0.66528,0,0,0.840658,0.333671,0,0.66528,12.849,1,0.610543,0.36288,0,29.3049,5.73563,23.3216,0.84672,12.849,0.84672,3695.15,0,0,0,1.17804,2.58623,3.93885,1.53772,6.1654,0.42336,0,0.42336,460.49,0,1.02816,0,0,2.2062,1.17804,1.028160,1,0,29.487,0,0,0,29.487,0
54.0651,2.60423,0,0,1.41591,0.0588564,0.36288,3.6288,58.7603,0.66528,0,0,0.770269,0.270571,0,0.66528,12.849,1,0.601018,0.36288,0,41.7356,5.06715,36.4303,0.84672,12.849,0.84672,3695.15,0,0,0,0.723332,2.5865,3.1359,1.41105,5.03468,0.42336,0,0.42336,460.49,0,1.02816,0,0,1.75149,0.723332,1.028160,1,0,41.465,0,0,0,41.465,0
52.1196,2.59008,0,0,1.06091,0.0533943,0.36288,3.6288,58.5492,0.66528,0,0,0.699313,0.245206,0,0.66528,12.849,1,0.615553,0.36288,0,29.6522,4.79976,24.5998,0.84672,12.849,0.84672,3695.15,0,0,0,0.255632,2.48276,2.19739,1.36038,3.57539,0.42336,0,0.42336,460.49,0,1.02816,0,0,1.28379,0.255632,1.028160,1,0,28.1752,0,0,0,28.1752,0
51.164,2.57196,0,0,2.08208,0.102842,0.36288,3.6288,58.6785,0.66528,0,0,1.04255,0.247898,0,0.66528,12.849,1,0.634062,0.36288,0,34.7003,4.4308,29.9983,0.84672,12.849,0.84672,3695.15,0,0,0,0.894162,2.48301,3.44066,1.28495,5.53287,0.42336,0,0.42336,460.49,0,1.02816,0,0,1.92232,0.894162,1.028160,1,0,35.5312,0,0,0,35.5312,0
51.5151,2.5628,0,0,3.42683,0.15009,0.36288,3.6288,59.4178,0.66528,0,0,1.66918,0.264622,0,0.66528,12.849,1,0.643606,0.36288,0,60.6645,4.14005,56.2437,0.84672,12.849,0.84672,3695.15,0,0,0,2.12055,2.48327,6.28173,1.19144,9.69411,0.42336,0,0.42336,460.49,0,1.02816,0,0,3.14871,2.12055,1.028160,1,0,65.9378,0,0,0,65.9378,0
51.8743,2.49407,0,0,3.38062,0.164416,0.36288,3.6288,59.6161,0.66528,0,0,1.10296,0.239399,0,0.66528,12.849,1,0.622076,0.36288,0,39.2975,4.11103,34.9273,0.84672,12.849,0.84672,3695.15,0,0,0,0.942425,2.48352,4.10381,1.1277,6.40206,0.42336,0,0.42336,460.49,0,1.02816,0,0,1.97059,0.942425,1.028160,1,0,41.3293,0,0,0,41.3293,0
52.1756,2.49783,0,0,3.36154,0.199599,0.36288,3.6288,60.2885,0.66528,0,0,1.51107,0.173416,0,0.66528,12.849,1,0.618698,0.36288,0,39.4852,4.03851,35.1909,0.84672,12.849,0.84672,3695.15,0,0,0,1.31383,2.39091,6.36118,0.968345,9.09758,0.42336,0,0.42336,460.49,0,1.02816,0,0,2.34199,1.31383,1.028160,1,0,44.2885,0,0,0,44.2885,0
51.8425,2.50099,0,0,2.73102,0.200223,0.36288,3.6288,61.2946,0.66528,0,0,1.8456,0.174161,0,0.66528,12.849,1,0.615907,0.36288,0,35.707,4.03851,31.4154,0.84672,12.849,0.84672,3695.15,0,0,0,2.69088,2.39115,5.78185,0.968345,9.89555,0.42336,0,0.42336,460.49,0,1.02816,0,0,3.71904,2.69088,1.028160,1,0,41.311,0,0,0,41.311,0
51.2327,2.49813,0,0,2.47747,0.22627,0.36288,3.6288,61.308,0.66528,0,0,1.36774,0.185623,0.503449,0.66528,12.849,1,0.619153,0.36288,0,35.024,4.21248,30.5552,0.84672,12.849,0.84672,3695.15,0,0,0,1.48056,2.3914,6.81334,1.00896,9.67634,0.42336,0,0.42336,460.49,0,1.02816,0,0,2.50872,1.48056,1.028160,1,0,40.735,0,0,0,40.735,0
56.6355,2.28661,0,0,8.31262,0.260261,0.36288,3.6288,61.308,0.66528,0,0,2.01266,0.199436,1.14795,0.66528,12.849,1,0.573475,0.36288,0,126.423,4.44444,121.768,0.84672,12.849,0.84672,3695.15,0,0,0,3.59875,2.39164,10.6826,1.06311,15.6099,0.42336,0,0.42336,460.49,0,1.02816,0,0,4.62691,3.59875,1.028160,1,0,138.526,0,0,0,138.526,0
56.9156,2.33149,0,0,3.25385,0.279457,0.36288,3.6288,61.308,0.66528,0,0,1.82399,0.196238,0.962472,0.66528,12.849,1,0.528949,0.36288,0,77.5561,3.6896,73.7004,0.84672,12.849,0.84672,3695.15,0,0,0,2.08888,2.18552,9.2175,1.00467,12.4872,0.42336,0,0.42336,460.49,0,1.02816,0,0,3.11704,2.08888,1.028160,1,0,87.1501,0,0,0,87.1501,0
57.0827,2.3339,0,0,3.14413,0.28023,0.36288,3.6288,61.308,0.66528,0,0,1.54259,0.196238,0.681068,0.66528,12.849,1,0.52689,0.36288,0,52.5455,3.6896,48.6919,0.84672,12.849,0.84672,3695.15,0,0,0,1.61224,2.18574,7.75483,1.00467,10.5481,0.42336,0,0.42336,460.49,0,1.02816,0,0,2.6404,1.61224,1.028160,1,0,59.9211,0,0,0,59.9211,0
56.9096,2.33544,0,0,2.80594,0.280691,0.36288,3.6288,61.308,0.66528,0,0,1.6067,0.196238,0.745185,0.66528,12.849,1,0.525695,0.36288,0,67.2555,3.6896,63.4031,0.84672,12.849,0.84672,3695.15,0,0,0,1.75478,2.18596,8.13421,1.00467,11.0703,0.42336,0,0.42336,460.49,0,1.02816,0,0,2.78294,1.75478,1.028160,1,0,75.2185,0,0,0,75.2185,0
58.7766,2.33442,0,0,4.84205,0.277735,0.36288,3.6288,61.308,0.66528,0,0,1.68778,0.228558,0.793943,0.66528,12.849,1,0.527064,0.36288,0,58.8776,4.68185,54.0316,0.84672,12.849,0.84672,3695.15,0,0,0,2.14975,2.18618,8.86473,1.31271,11.8879,0.42336,0,0.42336,460.49,0,1.02816,0,0,3.17791,2.14975,1.028160,1,0,66.7135,0,0,0,66.7135,0
64.0476,2.34816,0,0,8.28697,0.304911,0.36288,3.6288,61.308,0.66528,0,0,2.69015,0.208018,1.81685,0.66528,12.849,1,0.513325,0.36288,0,150.529,4.02978,146.348,0.84672,12.849,0.84672,3695.15,0,0,0,4.56297,2.1864,14.9768,1.15732,20.5689,0.42336,0,0.42336,460.49,0,1.02816,0,0,5.59113,4.56297,1.028160,1,0,168.734,0,0,0,168.734,0
67.8623,2.46619,0,0,6.98043,0.336737,0.36288,3.6288,61.308,0.66528,0,0,2.454,0.188574,1.60015,0.66528,12.849,1,0.494758,0.36288,0,141.909,3.4167,138.361,0.84672,12.849,0.84672,3695.15,0,0,0,2.80975,2.1864,10.5671,1.00228,14.5609,0.42336,0,0.42336,460.49,0,1.02816,0,0,3.83791,2.80975,1.028160,1,0,154.522,0,0,0,154.522,0
71.4748,2.48985,0,0,6.81243,0.347134,0.36288,3.6288,61.308,0.66528,0,0,1.48662,0.188574,0.632771,0.66528,12.849,1,0.471428,0.36288,0,112.17,3.4167,108.644,0.84672,12.849,0.84672,3695.15,0,0,0,2.21987,2.251,8.5028,1.00228,11.9714,0.42336,0,0.42336,460.49,0,1.02816,0,0,3.24803,2.21987,1.028160,1,0,121.249,0,0,0,121.249,0
72.29,2.51033,0,0,5.36053,0.332802,1.70223,3.6288,61.308,0.66528,0,0,1.14571,0.195393,0.285035,0.66528,12.849,1,0.451282,1.70223,0,83.7026,3.67164,81.2819,0.84672,12.849,0.84672,3695.15,0,0,0,1.69484,2.25121,7.06743,1.06785,9.94564,0.42336,0,0.42336,460.49,0,1.02816,0,0,2.723,1.69484,1.028160,1,0,91.5126,0,0,0,91.5126,0
72.29,2.51494,0,0,5.90223,0.322056,3.06524,3.6288,61.308,0.66528,0,0,1.53732,0.191284,0.680752,0.66528,12.849,1,0.447011,3.06524,0,95.8867,3.82989,94.6751,0.84672,12.849,0.84672,3695.15,0,0,0,2.90408,2.25142,8.90056,1.09752,12.9585,0.42336,0,0.42336,460.49,0,1.02816,0,0,3.93224,2.90408,1.028160,1,0,108.314,0,0,0,108.314,0
72.29,2.78559,0,0,9.04306,0.354632,5.90283,3.6288,61.308,0.66528,0,0,3.54192,0.135946,2.74069,0.66528,12.849,1,0.495118,5.90283,0,193.751,3.63216,195.527,0.84672,12.849,0.84672,3695.15,0,0,0,7.9315,2.25164,19.4284,0.980544,28.631,0.42336,0,0.42336,460.49,0,1.02816,0,0,8.95966,7.9315,1.028160,1,0,226.898,0,0,0,226.898,0
72.29,2.7859,0,0,6.14419,0.354632,3.00365,3.6288,61.308,0.66528,0,0,2.43196,0.135946,1.63074,0.66528,12.849,1,0.495174,3.00365,0,111.313,3.63216,110.189,0.84672,12.849,0.84672,3695.15,0,0,0,3.17047,2.48355,10.5311,0.980544,15.2046,0.42336,0,0.42336,460.49,0,1.02816,0,0,4.19863,3.17047,1.028160,1,0,127.024,0,0,0,127.024,0
72.29,2.78622,0,0,5.07547,0.354632,1.93462,3.6288,61.308,0.66528,0,0,2.05898,0.135946,1.25776,0.66528,12.849,1,0.495229,1.93462,0,77.9103,3.63216,75.7176,0.84672,12.849,0.84672,3695.15,0,0,0,2.39133,2.48378,8.38797,0.980544,12.2825,0.42336,0,0.42336,460.49,0,1.02816,0,0,3.41949,2.39133,1.028160,1,0,89.2579,0,0,0,89.2579,0
72.29,2.78653,0,0,5.01924,0.333259,1.89946,3.6288,61.308,0.66528,0,0,2.17872,0.166122,1.34732,0.66528,12.849,1,0.495284,1.89946,0,76.9081,3.73943,74.5728,0.84672,12.849,0.84672,3695.15,0,0,0,2.80898,2.48402,11.6341,1.03906,15.888,0.42336,0,0.42336,460.49,0,1.02816,0,0,3.83714,2.80898,1.028160,1,0,91.8082,0,0,0,91.8082,0
72.29,2.40104,0,0,5.84579,0.34182,3.10293,3.6288,61.308,0.66528,0,0,2.27517,0.157814,1.45208,0.66528,12.849,1,0.426767,3.10293,0,103.079,4.01804,101.737,0.84672,12.849,0.84672,3695.15,0,0,0,3.32446,2.48426,13.8904,1.06915,18.63,0.42336,0,0.42336,460.49,0,1.02816,0,0,4.35262,3.32446,1.028160,1,0,121.819,0,0,0,121.819,0
72.29,2.40131,0,0,5.09401,0.34182,2.35087,3.6288,61.308,0.66528,0,0,2.42773,0.157814,1.60463,0.66528,12.849,1,0.426815,2.35087,0,91.2082,4.01804,89.1142,0.84672,12.849,0.84672,3695.15,0,0,0,3.02342,2.16839,11.9599,1.06915,16.0826,0.42336,0,0.42336,460.49,0,1.02816,0,0,4.05158,3.02342,1.028160,1,0,106.801,0,0,0,106.801,0
72.29,2.40158,0,0,8.53947,0.341137,5.79675,3.6288,61.308,0.66528,0,0,3.51424,0.152087,2.69688,0.66528,12.849,1,0.426864,5.79675,0,185.493,3.92838,186.935,0.84672,12.849,0.84672,3695.15,0,0,0,6.17378,2.16859,19.8054,1.05379,27.094,0.42336,0,0.42336,460.49,0,1.02816,0,0,7.20194,6.17378,1.028160,1,0,216.725,0,0,0,216.725,0
72.29,2.40186,0,0,8.65477,0.33704,5.91588,3.6288,61.308,0.66528,0,0,3.37254,0.117725,2.58953,0.66528,12.849,1,0.426912,5.91588,0,185.784,3.39045,187.883,0.84672,12.849,0.84672,3695.15,0,0,0,5.55334,2.16879,21.0067,0.961661,27.7672,0.42336,0,0.42336,460.49,0,1.02816,0,0,6.5815,5.55334,1.028160,1,0,218.239,0,0,0,218.239,0
72.29,2.40213,0,0,6.56976,0.338854,3.82878,3.6288,61.308,0.66528,0,0,2.64219,0.156816,1.82009,0.66528,12.849,1,0.42696,3.82878,0,182.468,4.11023,181.76,0.84672,12.849,0.84672,3695.15,0,0,0,4.59529,2.169,12.924,0.987181,18.7011,0.42336,0,0.42336,460.49,0,1.02816,0,0,5.62345,4.59529,1.028160,1,0,202.281,0,0,0,202.281,0
72.29,2.49956,0,0,7.09932,0.33958,4.26018,3.6288,61.308,0.66528,0,0,5.0245,0.172452,4.18676,0.66528,12.849,1,0.444278,4.26018,0,167.581,4.39814,166.999,0.84672,12.849,0.84672,3695.15,0,0,0,6.6175,2.1692,17.497,0.997389,25.2863,0.42336,0,0.42336,460.49,0,1.02816,0,0,7.64566,6.6175,1.028160,1,0,196.472,0,0,0,196.472,0
72.29,2.49984,0,0,8.41035,0.33958,5.57093,3.6288,61.308,0.66528,0,0,3.36605,0.172452,2.52832,0.66528,12.849,1,0.444328,5.57093,0,153.729,4.39814,154.457,0.84672,12.849,0.84672,3695.15,0,0,0,5.18969,2.24738,14.3484,0.997389,20.7881,0.42336,0,0.42336,460.49,0,1.02816,0,0,6.21785,5.18969,1.028160,1,0,177.774,0,0,0,177.774,0
72.29,2.50012,0,0,6.53394,0.33958,3.69424,3.6288,61.308,0.66528,0,0,2.58435,0.172452,1.74662,0.66528,12.849,1,0.444378,3.69424,0,129.18,4.39814,128.032,0.84672,12.849,0.84672,3695.15,0,0,0,4.0677,2.24759,12.2126,0.997389,17.5305,0.42336,0,0.42336,460.49,0,1.02816,0,0,5.09586,4.0677,1.028160,1,0,147.309,0,0,0,147.309,0
72.29,2.5004,0,0,5.18448,0.234599,2.44948,3.6288,61.308,0.66528,0,0,1.96403,0.211544,1.0872,0.66528,12.849,1,0.444428,2.44948,0,109.362,4.11408,107.253,0.84672,12.849,0.84672,3695.15,0,0,0,3.07231,2.2478,9.06941,1.05345,13.3361,0.42336,0,0.42336,460.49,0,1.02816,0,0,4.10047,3.07231,1.028160,1,0,121.676,0,0,0,121.676,0
72.29,2.46268,0,0,4.02211,0.249061,1.31037,3.6288,61.308,0.66528,0,0,1.47875,0.218905,0.594569,0.66528,12.849,1,0.437723,1.31037,0,88.6663,3.68844,85.8505,0.84672,12.849,0.84672,3695.15,0,0,0,2.81251,2.24801,6.8847,1.06722,10.878,0.42336,0,0.42336,460.49,0,1.02816,0,0,3.84067,2.81251,1.028160,1,0,97.3231,0,0,0,97.3231,0
72.29,2.46296,0,0,3.76965,0.249061,1.05763,3.6288,61.308,0.66528,0,0,1.26544,0.218905,0.381256,0.66528,12.849,1,0.437772,1.05763,0,83.9264,3.68844,80.8578,0.84672,12.849,0.84672,3695.15,0,0,0,2.09434,2.21787,6.5175,1.06722,9.76249,0.42336,0,0.42336,460.49,0,1.02816,0,0,3.1225,2.09434,1.028160,1,0,91.0015,0,0,0,91.0015,0
72.29,2.46324,0,0,4.46251,0.224732,1.77454,3.6288,61.308,0.66528,0,0,1.25734,0.230773,0.361283,0.66528,12.849,1,0.437822,1.77454,0,88.7829,4.62414,85.4955,0.84672,12.849,0.84672,3695.15,0,0,0,2.25311,2.21808,8.58194,1.10411,11.949,0.42336,0,0.42336,460.49,0,1.02816,0,0,3.28127,2.25311,1.028160,1,0,97.8058,0,0,0,97.8058,0
72.29,2.46351,0,0,3.3907,0.172234,0.75495,3.6288,61.308,0.66528,0,0,1.18657,0.250202,0.271093,0.66528,12.849,1,0.437871,0.75495,0,60.7315,5.50492,55.5437,0.84672,12.849,0.84672,3695.15,0,0,0,2.09211,2.21829,6.393,1.20783,9.49556,0.42336,0,0.42336,460.49,0,1.02816,0,0,3.12027,2.09211,1.028160,1,0,65.3103,0,0,0,65.3103,0
72.29,2.59285,0,0,3.34844,0.175607,0.579986,3.6288,61.308,0.66528,0,0,1.00954,0.212847,0.131414,0.66528,12.849,1,0.460859,0.579986,0,61.4326,4.93742,56.6143,0.84672,12.849,0.84672,3695.15,0,0,0,1.48681,2.2185,6.01664,0.941718,8.78022,0.42336,0,0.42336,460.49,0,1.02816,0,0,2.51497,1.48681,1.028160,1,0,65.5259,0,0,0,65.5259,0
72.29,2.59314,0,0,3.30267,0.175607,0.533929,3.6288,61.308,0.66528,0,0,1.0125,0.212847,0.134377,0.66528,12.849,1,0.460911,0.533929,0,58.1313,4.93742,53.2669,0.84672,12.849,0.84672,3695.15,0,0,0,1.59346,2.32511,5.72802,0.941718,8.70487,0.42336,0,0.42336,460.49,0,1.02816,0,0,2.62162,1.59346,1.028160,1,0,62.1062,0,0,0,62.1062,0
72.1059,2.59343,0,0,2.96253,0.190359,0.36288,3.6288,61.308,0.66528,0,0,0.965477,0.208897,0.0913003,0.66528,12.849,1,0.460962,0.36288,0,54.8988,4.68357,50.1172,0.84672,12.849,0.84672,3695.15,0,0,0,1.60815,2.32533,5.27566,0.951511,8.25763,0.42336,0,0.42336,460.49,0,1.02816,0,0,2.63631,1.60815,1.028160,1,0,58.4661,0,0,0,58.4661,0
71.8017,2.59272,0,0,2.82788,0.176451,0.36288,3.6288,61.308,0.66528,0,0,0.955212,0.216082,0.0738505,0.66528,12.849,1,0.462013,0.36288,0,50.9845,4.44127,46.4441,0.84672,12.849,0.84672,3695.15,0,0,0,1.65375,2.32555,5.05098,0.993132,8.03715,0.42336,0,0.42336,460.49,0,1.02816,0,0,2.68191,1.65375,1.028160,1,0,54.5551,0,0,0,54.5551,0
71.7329,2.59135,0,0,2.99579,0.110395,0.36288,3.6288,61.308,0.66528,0,0,0.995881,0.211763,0.118838,0.66528,12.849,1,0.463726,0.36288,0,49.709,4.9382,44.67,0.84672,12.849,0.84672,3695.15,0,0,0,1.5094,2.32577,4.93797,1.12598,7.64715,0.42336,0,0.42336,460.49,0,1.02816,0,0,2.53756,1.5094,1.028160,1,0,52.436,0,0,0,52.436,0
71.4539,2.56576,0,0,2.75149,0.101791,0.36288,3.6288,61.308,0.66528,0,0,0.903338,0.203394,0.0346643,0.66528,12.849,1,0.459587,0.36288,0,52.5269,5.08567,47.3445,0.84672,12.849,0.84672,3695.15,0,0,0,1.30257,2.32599,4.75785,1.16389,7.22252,0.42336,0,0.42336,460.49,0,1.02816,0,0,2.33073,1.30257,1.028160,1,0,54.6017,0,0,0,54.6017,0
70.959,2.56453,0,0,2.53403,0.101575,0.36288,3.6288,61.308,0.66528,0,0,0.869314,0.203394,0.000640001,0.66528,12.849,1,0.461159,0.36288,0,52.199,5.08567,47.015,0.84672,12.849,0.84672,3695.15,0,0,0,1.22532,2.36342,4.57255,1.16389,6.99741,0.42336,0,0.42336,460.49,0,1.02816,0,0,2.25348,1.22532,1.028160,1,0,54.0131,0,0,0,54.0131,0
70.3669,2.56209,0,0,2.43416,0.101191,0.36288,3.6288,61.2864,0.66528,0,0,0.847048,0.203394,0,0.66528,12.849,1,0.463935,0.36288,0,45.4258,5.08567,40.239,0.84672,12.849,0.84672,3695.15,0,0,0,1.17873,2.36365,4.49243,1.16389,6.87092,0.42336,0,0.42336,460.49,0,1.02816,0,0,2.20689,1.17873,1.028160,1,0,47.1099,0,0,0,47.1099,0
69.784,2.55908,0,0,2.41494,0.0758973,0.36288,3.6288,61.1636,0.66528,0,0,0.805274,0.262745,0,0.66528,12.849,1,0.467288,0.36288,0,45.5136,5.91759,39.4916,0.84672,12.849,0.84672,3695.15,0,0,0,1.07856,2.36387,4.22706,1.44494,6.22454,0.42336,0,0.42336,460.49,0,1.02816,0,0,2.10672,1.07856,1.028160,1,0,45.7162,0,0,0,45.7162,0
69.235,2.62168,0,0,2.51721,0.0816773,0.36288,3.6288,61.0409,0.66528,0,0,0.836274,0.2937,0,0.66528,12.849,1,0.482718,0.36288,0,44.0687,5.76356,38.1853,0.84672,12.849,0.84672,3695.15,0,0,0,1.144,2.36409,4.06354,1.48303,6.0886,0.42336,0,0.42336,460.49,0,1.02816,0,0,2.17216,1.144,1.028160,1,0,44.2739,0,0,0,44.2739,0
68.4362,2.61875,0,0,2.26419,0.0813304,0.36288,3.6288,60.8666,0.66528,0,0,0.7844,0.293472,0,0.66528,12.849,1,0.486001,0.36288,0,41.5324,5.76356,35.6457,0.84672,12.849,0.84672,3695.15,0,0,0,1.0746,2.41708,4.14834,1.48303,6.15699,0.42336,0,0.42336,460.49,0,1.02816,0,0,2.10276,1.0746,1.028160,1,0,41.8027,0,0,0,41.8027,0
67.4388,2.61426,0,0,2.06051,0.0808258,0.36288,3.6288,60.6607,0.66528,0,0,0.752544,0.293148,0,0.66528,12.849,1,0.490832,0.36288,0,39.0097,5.76356,33.1182,0.84672,12.849,0.84672,3695.15,0,0,0,0.875958,2.41731,3.85657,1.48303,5.66681,0.42336,0,0.42336,460.49,0,1.02816,0,0,1.90412,0.875958,1.028160,1,0,38.785,0,0,0,38.785,0
66.1852,2.60846,0,0,1.78299,0.0652155,0.36288,3.6288,60.445,0.66528,0,0,0.749373,0.299803,0,0.66528,12.849,1,0.496985,0.36288,0,37.2194,6.00537,31.0799,0.84672,12.849,0.84672,3695.15,0,0,0,0.855092,2.41754,3.90804,1.51308,5.6676,0.42336,0,0.42336,460.49,0,1.02816,0,0,1.88325,0.855092,1.028160,1,0,36.7475,0,0,0,36.7475,0
64.0621,2.79148,0,0,1.10797,0.076706,0.36288,3.6288,60.0937,0.66528,0,0,0.598385,0.284382,0,0.66528,12.849,1,0.54193,0.36288,0,25.4723,5.49232,19.8009,0.84672,12.849,0.84672,3695.15,0,0,0,0.754168,2.41777,2.96825,1.4354,4.70479,0.42336,0,0.42336,460.49,0,1.02816,0,0,1.78233,0.754168,1.028160,1,0,24.5057,0,0,0,24.5057,0
61.8299,2.77683,0,0,0.983362,0.0758965,0.36288,3.6288,59.6783,0.66528,0,0,0.533118,0.283235,0,0.66528,12.849,1,0.556952,0.36288,0,21.1634,5.42672,15.5426,0.84672,12.849,0.84672,3695.15,0,0,0,0.633675,2.59861,2.80381,1.44469,4.5914,0.42336,0,0.42336,460.49,0,1.02816,0,0,1.66183,0.633675,1.028160,1,0,20.134,0,0,0,20.134,0
59.9899,2.76049,0,0,1.35797,0.0745254,0.36288,3.6288,59.3209,0.66528,0,0,0.590412,0.282485,0,0.66528,12.849,1,0.573663,0.36288,0,22.7008,5.42672,17.0633,0.84672,12.849,0.84672,3695.15,0,0,0,0.857779,2.59885,3.12561,1.44469,5.13755,0.42336,0,0.42336,460.49,0,1.02816,0,0,1.88594,0.857779,1.028160,1,0,22.2009,0,0,0,22.2009,0
58.759,2.7463,0,0,1.9771,0.0988169,0.36288,3.6288,59.167,0.66528,0,0,0.785903,0.274562,0,0.66528,12.849,1,0.58822,0.36288,0,37.881,5.2868,32.3688,0.84672,12.849,0.84672,3695.15,0,0,0,1.09358,2.5991,3.47587,1.42233,5.74622,0.42336,0,0.42336,460.49,0,1.02816,0,0,2.12174,1.09358,1.028160,1,0,38.115,0,0,0,38.115,0
57.778,2.7365,0,0,2.18668,0.0683458,0.36288,3.6288,59.1269,0.66528,0,0,0.878921,0.253741,0,0.66528,12.849,1,0.598398,0.36288,0,44.7422,4.86825,39.6385,0.84672,12.849,0.84672,3695.15,0,0,0,1.25458,2.59935,3.92826,1.31427,6.46792,0.42336,0,0.42336,460.49,0,1.02816,0,0,2.28274,1.25458,1.028160,1,0,46.1064,0,0,0,46.1064,0
56.9695,2.63769,0,0,2.24443,0.0523656,0.36288,3.6288,58.9475,0.66528,0,0,0.729069,0.243205,0,0.66528,12.849,1,0.586585,0.36288,0,52.117,4.40475,47.4885,0.84672,12.849,0.84672,3695.15,0,0,0,1.08924,2.5996,4.04283,1.23828,6.49338,0.42336,0,0.42336,460.49,0,1.02816,0,0,2.1174,1.08924,1.028160,1,0,53.9819,0,0,0,53.9819,0
55.8784,2.63119,0,0,1.95496,0.0519519,0.36288,3.6288,58.7525,0.66528,0,0,0.713189,0.242926,0,0.66528,12.849,1,0.593444,0.36288,0,50.1968,4.40475,45.5615,0.84672,12.849,0.84672,3695.15,0,0,0,1.05856,2.49527,3.86354,1.23828,6.17909,0.42336,0,0.42336,460.49,0,1.02816,0,0,2.08672,1.05856,1.028160,1,0,51.7406,0,0,0,51.7406,0
54.715,2.62207,0,0,1.98055,0.159003,0.36288,3.6288,58.6139,0.66528,0,0,0.69444,0.167693,0,0.66528,12.849,1,0.602933,0.36288,0,62.4746,4.13436,58.1002,0.84672,12.849,0.84672,3695.15,0,0,0,1.10941,2.4955,4.48163,1.02113,7.06541,0.42336,0,0.42336,460.49,0,1.02816,0,0,2.13757,1.10941,1.028160,1,0,65.1656,0,0,0,65.1656,0
53.6671,2.61198,0,0,2.11691,0.190022,0.36288,3.6288,58.4735,0.66528,0,0,0.681012,0.156178,0,0.66528,12.849,1,0.613383,0.36288,0,66.8779,4.47438,62.153,0.84672,12.849,0.84672,3695.15,0,0,0,1.06289,2.49574,5.94984,0.999031,8.50944,0.42336,0,0.42336,460.49,0,1.02816,0,0,2.09105,1.06289,1.028160,1,0,70.6625,0,0,0,70.6625,0
51.9471,2.52907,0,0,1.37152,0.199561,0.36288,3.6288,58.425,0.66528,0,0,0.823397,0.206587,0,0.66528,12.849,1,0.605511,0.36288,0,44.3763,4.20294,39.9307,0.84672,12.849,0.84672,3695.15,0,0,0,0.720507,2.49598,4.5887,0.928187,6.877,0.42336,0,0.42336,460.49,0,1.02816,0,0,1.74867,0.720507,1.028160,1,0,46.8077,0,0,0,46.8077,0
49.8999,2.51328,0,0,1.02508,0.196067,0.36288,3.6288,58.4193,0.66528,0,0,0.866065,0.206523,0,0.66528,12.849,1,0.621654,0.36288,0,31.1661,4.20294,26.7044,0.84672,12.849,0.84672,3695.15,0,0,0,0.895329,2.40285,3.57881,0.928187,5.9488,0.42336,0,0.42336,460.49,0,1.02816,0,0,1.92349,0.895329,1.028160,1,0,32.6532,0,0,0,32.6532,0
48.1467,2.49327,0,0,1.32982,0.226838,0.36288,3.6288,58.1856,0.66528,0,0,0.651637,0.22006,0,0.66528,12.849,1,0.642006,0.36288,0,41.6369,4.4349,36.9229,0.84672,12.849,0.84672,3695.15,0,0,0,0.385918,2.40307,6.16429,0.982341,7.97094,0.42336,0,0.42336,460.49,0,1.02816,0,0,1.41408,0.385918,1.028160,1,0,44.8938,0,0,0,44.8938,0
48.0696,2.4751,0,0,3.00913,0.248303,0.36288,3.6288,58.2863,0.66528,0,0,0.995846,0.229872,0,0.66528,12.849,1,0.660533,0.36288,0,124.048,4.60887,119.141,0.84672,12.849,0.84672,3695.15,0,0,0,1.73037,2.4033,5.43065,1.02296,8.54136,0.42336,0,0.42336,460.49,0,1.02816,0,0,2.75853,1.73037,1.028160,1,0,127.683,0,0,0,127.683,0
46.3684,2.27021,0,0,1.17582,0.243898,0.36288,3.6288,57.8221,0.66528,0,0,0.408754,0.207673,0,0.66528,12.849,1,0.606826,0.36288,0,63.4491,3.97671,59.2285,0.84672,12.849,0.84672,3695.15,0,0,0,0.313546,2.40353,3.21989,0.915759,5.0212,0.42336,0,0.42336,460.49,0,1.02816,0,0,1.34171,0.313546,1.028160,1,0,64.2497,0,0,0,64.2497,0
44.5545,2.25303,0,0,1.04071,0.238687,0.36288,3.6288,57.5416,0.66528,0,0,0.58817,0.203338,0,0.66528,12.849,1,0.624329,0.36288,0,67.7872,3.87135,63.6544,0.84672,12.849,0.84672,3695.15,0,0,0,0.82614,2.19628,4.09625,0.897892,6.22077,0.42336,0,0.42336,460.49,0,1.02816,0,0,1.8543,0.82614,1.028160,1,0,69.8752,0,0,0,69.8752,0
42.7902,2.23355,0,0,1.06593,0.233877,0.36288,3.6288,57.2776,0.66528,0,0,0.604192,0.202969,0,0.66528,12.849,1,0.64413,0.36288,0,80.3676,3.87135,76.215,0.84672,12.849,0.84672,3695.15,0,0,0,0.748492,2.19648,3.98503,0.897892,6.03211,0.42336,0,0.42336,460.49,0,1.02816,0,0,1.77665,0.748492,1.028160,1,0,82.2471,0,0,0,82.2471,0
42.71,1.99553,0,0,2.52544,0.247157,0.36288,3.6288,57.5907,0.66528,0,0,1.17094,0.192504,0,0.66528,12.849,1,0.599217,0.36288,0,109.75,4.45479,105.059,0.84672,12.849,0.84672,3695.15,0,0,0,1.62784,2.19669,7.34238,1.03889,10.128,0.42336,0,0.42336,460.49,0,1.02816,0,0,2.656,1.62784,1.028160,1,0,115.187,0,0,0,115.187,0
42.8676,1.99489,0,0,2.75537,0.240032,0.36288,3.6288,57.6308,0.66528,0,0,0.913058,0.207679,0,0.66528,12.849,1,0.600149,0.36288,0,119.929,5.0435,114.648,0.84672,12.849,0.84672,3695.15,0,0,0,1.15007,2.01699,6.77142,1.25157,8.68692,0.42336,0,0.42336,460.49,0,1.02816,0,0,2.17823,1.15007,1.028160,1,0,123.335,0,0,0,123.335,0
46.2834,2.06665,0,0,6.05172,0.206345,0.36288,3.6288,58.6935,0.66528,0,0,1.934,0.206028,0,0.66528,12.849,1,0.619452,0.36288,0,136.385,4.81729,131.311,0.84672,12.849,0.84672,3695.15,0,0,0,2.81458,2.01718,11.451,1.4147,14.8681,0.42336,0,0.42336,460.49,0,1.02816,0,0,3.84274,2.81458,1.028160,1,0,146.179,0,0,0,146.179,0
49.3002,2.10266,0,0,5.69331,0.211005,0.36288,3.6288,59.6679,0.66528,0,0,1.84988,0.210251,0,0.66528,12.849,1,0.58373,0.36288,0,191.424,4.80869,186.395,0.84672,12.849,0.84672,3695.15,0,0,0,2.69767,2.07632,11.6877,1.44722,15.0144,0.42336,0,0.42336,460.49,0,1.02816,0,0,3.72583,2.69767,1.028160,1,0,201.409,0,0,0,201.409,0
53.6781,2.13121,0,0,7.09005,0.218084,0.36288,3.6288,61.308,0.66528,0,0,2.5739,0.211568,0.0569329,0.66528,12.849,1,0.555453,0.36288,0,199.498,4.80869,194.496,0.84672,12.849,0.84672,3695.15,0,0,0,3.65952,2.0765,13.8476,1.44722,18.1364,0.42336,0,0.42336,460.49,0,1.02816,0,0,4.68768,3.65952,1.028160,1,0,212.69,0,0,0,212.69,0
62.4346,2.16799,0,0,11.5157,0.22826,0.36288,3.6288,61.308,0.66528,0,0,3.97526,0.213784,3.09619,0.66528,12.849,1,0.518955,0.36288,0,253.213,4.80869,248.249,0.84672,12.849,0.84672,3695.15,0,0,0,5.08525,2.07668,18.7607,1.44722,24.4754,0.42336,0,0.42336,460.49,0,1.02816,0,0,6.11341,5.08525,1.028160,1,0,275.82,0,0,0,275.82,0
72.29,2.73647,0,0,20.1301,0.27525,7.26296,3.6288,61.308,0.66528,0,0,4.36503,0.0964345,3.60332,0.66528,12.849,1,0.563165,7.26296,0,287.149,3.23537,290.613,0.84672,12.849,0.84672,3695.15,0,0,0,7.72517,2.07686,32.9475,0.891399,41.8581,0.42336,0,0.42336,460.49,0,1.02816,0,0,8.75333,7.72517,1.028160,1,0,336.075,0,0,0,336.075,0
72.29,2.80195,0,0,8.52077,0.297497,5.42132,3.6288,61.308,0.66528,0,0,2.26269,0.0964345,1.50097,0.66528,12.849,1,0.498026,5.42132,0,456.002,3.23537,457.69,0.84672,12.849,0.84672,3695.15,0,0,0,3.88827,2.49573,16.7394,0.891399,22.232,0.42336,0,0.42336,460.49,0,1.02816,0,0,4.91643,3.88827,1.028160,1,0,481.423,0,0,0,481.423,0
72.29,2.80224,0,0,6.34675,0.301835,3.24268,3.6288,61.308,0.66528,0,0,1.79264,0.128581,0.998775,0.66528,12.849,1,0.498077,3.24268,0,213.301,3.62048,212.425,0.84672,12.849,0.84672,3695.15,0,0,0,3.15598,2.49595,12.5191,0.957966,17.2131,0.42336,0,0.42336,460.49,0,1.02816,0,0,4.18414,3.15598,1.028160,1,0,230.637,0,0,0,230.637,0
72.29,2.80253,0,0,6.10813,0.319509,2.9861,3.6288,61.308,0.66528,0,0,3.75829,0.184249,2.90876,0.66528,12.849,1,0.498128,2.9861,0,223.455,4.18,221.763,0.84672,12.849,0.84672,3695.15,0,0,0,5.15166,2.49617,17.9886,1.00598,24.6304,0.42336,0,0.42336,460.49,0,1.02816,0,0,6.17982,5.15166,1.028160,1,0,249.302,0,0,0,249.302,0
72.29,2.41499,0,0,8.4011,0.299844,5.68627,3.6288,61.308,0.66528,0,0,5.58903,0.132076,4.79168,0.66528,12.849,1,0.429247,5.68627,0,264.512,3.2699,266.499,0.84672,12.849,0.84672,3695.15,0,0,0,7.87113,2.49639,27.405,0.794165,36.9784,0.42336,0,0.42336,460.49,0,1.02816,0,0,8.89929,7.87113,1.028160,1,0,308.269,0,0,0,308.269,0
72.29,2.41524,0,0,8.00107,0.302189,5.28364,3.6288,61.308,0.66528,0,0,4.28688,0.117152,3.50445,0.66528,12.849,1,0.429291,5.28364,0,197.238,3.05518,199.037,0.84672,12.849,0.84672,3695.15,0,0,0,5.96694,2.17884,19.7535,0.699985,27.1993,0.42336,0,0.42336,460.49,0,1.02816,0,0,6.9951,5.96694,1.028160,1,0,229.741,0,0,0,229.741,0
72.29,2.41549,0,0,6.82655,0.302189,4.10887,3.6288,61.308,0.66528,0,0,3.62723,0.117152,2.8448,0.66528,12.849,1,0.429336,4.10887,0,193.602,3.05518,194.226,0.84672,12.849,0.84672,3695.15,0,0,0,4.13637,2.17903,15.4917,0.699985,21.1071,0.42336,0,0.42336,460.49,0,1.02816,0,0,5.16453,4.13637,1.028160,1,0,218.178,0,0,0,218.178,0
72.29,2.41574,0,0,7.59326,0.290861,4.88666,3.6288,61.308,0.66528,0,0,3.53178,0.111135,2.75537,0.66528,12.849,1,0.42938,4.88666,0,203.605,2.96799,205.094,0.84672,12.849,0.84672,3695.15,0,0,0,5.05185,2.17921,20.8687,0.687459,27.4123,0.42336,0,0.42336,460.49,0,1.02816,0,0,6.08001,5.05185,1.028160,1,0,235.262,0,0,0,235.262,0
72.29,2.41599,0,0,7.59629,0.240683,4.93961,3.6288,61.308,0.66528,0,0,2.78173,0.118745,1.99771,0.66528,12.849,1,0.429425,4.93961,0,223.191,3.26556,224.436,0.84672,12.849,0.84672,3695.15,0,0,0,4.00459,2.1794,18.1704,0.714187,23.6402,0.42336,0,0.42336,460.49,0,1.02816,0,0,5.03275,4.00459,1.028160,1,0,250.074,0,0,0,250.074,0
72.29,2.51391,0,0,8.49727,0.254026,5.72933,3.6288,61.308,0.66528,0,0,7.17898,0.151526,6.36218,0.66528,12.849,1,0.446829,5.72933,0,249.547,3.88111,250.948,0.84672,12.849,0.84672,3695.15,0,0,0,8.0745,2.17959,21.6051,0.790597,31.0686,0.42336,0,0.42336,460.49,0,1.02816,0,0,9.10266,8.0745,1.028160,1,0,288.379,0,0,0,288.379,0
72.29,2.46481,0,0,6.80149,0.254026,4.08266,3.6288,61.308,0.66528,0,0,4.00964,0.151526,3.19284,0.66528,12.849,1,0.438102,4.08266,0,232.659,3.88111,232.422,0.84672,12.849,0.84672,3695.15,0,0,0,5.19283,2.25816,16.4057,0.790597,23.0661,0.42336,0,0.42336,460.49,0,1.02816,0,0,6.22099,5.19283,1.028160,1,0,258.681,0,0,0,258.681,0
72.29,2.46507,0,0,7.46427,0.209386,4.78981,3.6288,61.308,0.66528,0,0,3.16752,0.175314,2.32692,0.66528,12.849,1,0.438147,4.78981,0,199.83,4.17196,200.01,0.84672,12.849,0.84672,3695.15,0,0,0,4.31839,2.22128,16.7253,0.847849,22.4171,0.42336,0,0.42336,460.49,0,1.02816,0,0,5.34655,4.31839,1.028160,1,0,224.754,0,0,0,224.754,0
72.29,2.51469,0,0,5.95038,0.195318,3.24037,3.6288,61.308,0.66528,0,0,2.24574,0.165928,1.41453,0.66528,12.849,1,0.446967,3.24037,0,183.297,3.75075,182.339,0.84672,12.849,0.84672,3695.15,0,0,0,3.40479,2.22147,13.5674,0.933641,18.26,0.42336,0,0.42336,460.49,0,1.02816,0,0,4.43295,3.40479,1.028160,1,0,202.014,0,0,0,202.014,0
72.29,2.47675,0,0,4.32334,0.151582,1.69501,3.6288,61.308,0.66528,0,0,1.63666,0.207223,0.764155,0.66528,12.849,1,0.440224,1.69501,0,129.196,4.2609,126.19,0.84672,12.849,0.84672,3695.15,0,0,0,2.338,2.25874,8.61356,1.05222,12.1581,0.42336,0,0.42336,460.49,0,1.02816,0,0,3.36616,2.338,1.028160,1,0,139.112,0,0,0,139.112,0
72.29,2.47701,0,0,4.09242,0.151582,1.46383,3.6288,61.308,0.66528,0,0,1.53198,0.207223,0.659472,0.66528,12.849,1,0.440269,1.46383,0,112.673,4.2609,109.435,0.84672,12.849,0.84672,3695.15,0,0,0,2.17655,2.22843,8.14925,1.05222,11.502,0.42336,0,0.42336,460.49,0,1.02816,0,0,3.20471,2.17655,1.028160,1,0,121.597,0,0,0,121.597,0
72.29,2.47726,0,0,3.85495,0.153585,1.2241,3.6288,61.308,0.66528,0,0,1.44029,0.205253,0.569755,0.66528,12.849,1,0.440315,1.2241,0,104.915,4.13142,101.567,0.84672,12.849,0.84672,3695.15,0,0,0,2.03298,2.22862,7.64294,1.01566,10.8889,0.42336,0,0.42336,460.49,0,1.02816,0,0,3.06114,2.03298,1.028160,1,0,113.026,0,0,0,113.026,0
72.29,2.47752,0,0,3.61231,0.152477,0.98231,3.6288,61.308,0.66528,0,0,1.48403,0.19949,0.619262,0.66528,12.849,1,0.44036,0.98231,0,98.7595,3.43335,95.8681,0.84672,12.849,0.84672,3695.15,0,0,0,2.05658,2.22881,7.14804,0.813413,10.62,0.42336,0,0.42336,460.49,0,1.02816,0,0,3.08474,2.05658,1.028160,1,0,107.107,0,0,0,107.107,0
72.29,2.60749,0,0,3.28928,0.10556,0.576228,3.6288,61.308,0.66528,0,0,1.12691,0.226291,0.235335,0.66528,12.849,1,0.463462,0.576228,0,81.5702,4.77201,76.911,0.84672,12.849,0.84672,3695.15,0,0,0,1.5459,2.22901,6.77549,1.07189,9.4785,0.42336,0,0.42336,460.49,0,1.02816,0,0,2.57406,1.5459,1.028160,1,0,86.6248,0,0,0,86.6248,0
72.29,2.60776,0,0,3.1255,0.110862,0.406878,3.6288,61.308,0.66528,0,0,1.0327,0.2247,0.142716,0.66528,12.849,1,0.46351,0.406878,0,73.8841,4.91631,68.9112,0.84672,12.849,0.84672,3695.15,0,0,0,1.41621,2.33615,6.54264,1.09786,9.19714,0.42336,0,0.42336,460.49,0,1.02816,0,0,2.44437,1.41621,1.028160,1,0,78.251,0,0,0,78.251,0
72.201,2.60803,0,0,2.99277,0.110862,0.36288,3.6288,61.308,0.66528,0,0,1.04984,0.2247,0.159858,0.66528,12.849,1,0.463558,0.36288,0,70.4929,4.91631,65.4759,0.84672,12.849,0.84672,3695.15,0,0,0,1.71238,2.33636,6.22936,1.09786,9.18023,0.42336,0,0.42336,460.49,0,1.02816,0,0,2.74054,1.71238,1.028160,1,0,74.816,0,0,0,74.816,0
71.8468,2.60782,0,0,2.75674,0.14027,0.36288,3.6288,61.308,0.66528,0,0,0.983837,0.216799,0.101758,0.66528,12.849,1,0.464091,0.36288,0,65.899,4.40862,61.3892,0.84672,12.849,0.84672,3695.15,0,0,0,1.5771,2.33656,5.70413,1.11745,8.50034,0.42336,0,0.42336,460.49,0,1.02816,0,0,2.60526,1.5771,1.028160,1,0,69.9913,0,0,0,69.9913,0
72.1813,2.60614,0,0,3.40095,0.0973853,0.36288,3.6288,61.308,0.66528,0,0,1.14568,0.241609,0.238793,0.66528,12.849,1,0.46608,0.36288,0,81.1806,4.41446,76.6629,0.84672,12.849,0.84672,3695.15,0,0,0,1.63185,2.33676,6.34632,1.19199,9.12294,0.42336,0,0.42336,460.49,0,1.02816,0,0,2.66001,1.63185,1.028160,1,0,86.0247,0,0,0,86.0247,0
72.29,2.58259,0,0,3.79368,0.10084,1.00156,3.6288,61.308,0.66528,0,0,1.23263,0.246675,0.32067,0.66528,12.849,1,0.459726,1.00156,0,94.3885,4.3701,90.5603,0.84672,12.849,0.84672,3695.15,0,0,0,1.43812,2.33696,6.57746,1.21212,9.14043,0.42336,0,0.42336,460.49,0,1.02816,0,0,2.46628,1.43812,1.028160,1,0,100.021,0,0,0,100.021,0
72.29,2.58344,0,0,3.60876,0.0817831,0.943542,3.6288,61.308,0.66528,0,0,1.17928,0.277765,0.236238,0.66528,12.849,1,0.459187,0.943542,0,90.3001,4.80444,85.98,0.84672,12.849,0.84672,3695.15,0,0,0,1.41387,2.37457,6.26564,1.35911,8.69497,0.42336,0,0.42336,460.49,0,1.02816,0,0,2.44203,1.41387,1.028160,1,0,94.9112,0,0,0,94.9112,0
72.29,2.58371,0,0,3.38685,0.0812253,0.721915,3.6288,61.308,0.66528,0,0,1.1491,0.274575,0.209248,0.66528,12.849,1,0.459234,0.721915,0,87.1361,5.15582,82.243,0.84672,12.849,0.84672,3695.15,0,0,0,1.48242,2.37478,6.21884,1.40581,8.67022,0.42336,0,0.42336,460.49,0,1.02816,0,0,2.51058,1.48242,1.028160,1,0,91.1225,0,0,0,91.1225,0
72.29,2.58397,0,0,3.0449,0.0791024,0.381826,3.6288,61.308,0.66528,0,0,1.07778,0.281496,0.131003,0.66528,12.849,1,0.459281,0.381826,0,79.0408,5.22849,73.7348,0.84672,12.849,0.84672,3695.15,0,0,0,1.25199,2.37498,5.5154,1.4276,7.71476,0.42336,0,0.42336,460.49,0,1.02816,0,0,2.28015,1.25199,1.028160,1,0,81.5806,0,0,0,81.5806,0
72.0999,2.65054,0,0,2.88973,0.0663649,0.36288,3.6288,61.308,0.66528,0,0,1.11539,0.323025,0.127085,0.66528,12.849,1,0.471114,0.36288,0,74.2611,5.66454,68.4883,0.84672,12.849,0.84672,3695.15,0,0,0,0.99112,2.37519,4.90303,1.55834,6.71099,0.42336,0,0.42336,460.49,0,1.02816,0,0,2.01928,0.99112,1.028160,1,0,75.3264,0,0,0,75.3264,0
71.7598,2.64976,0,0,2.73872,0.0662692,0.36288,3.6288,61.308,0.66528,0,0,0.997868,0.323025,0.00956325,0.66528,12.849,1,0.472216,0.36288,0,65.6156,5.66454,59.8417,0.84672,12.849,0.84672,3695.15,0,0,0,1.18792,2.42843,5.12107,1.55834,7.17907,0.42336,0,0.42336,460.49,0,1.02816,0,0,2.21608,1.18792,1.028160,1,0,67.0304,0,0,0,67.0304,0
71.2429,2.64813,0,0,2.56022,0.0660979,0.36288,3.6288,61.2429,0.66528,0,0,0.923244,0.323025,0,0.66528,12.849,1,0.474164,0.36288,0,62.3912,5.66454,56.6153,0.84672,12.849,0.84672,3695.15,0,0,0,0.99722,2.42864,4.49355,1.55834,6.36106,0.42336,0,0.42336,460.49,0,1.02816,0,0,2.02538,0.99722,1.028160,1,0,62.9764,0,0,0,62.9764,0
70.6945,2.64549,0,0,2.52581,0.0658376,0.36288,3.6288,61.2536,0.66528,0,0,0.99887,0.322892,0,0.66528,12.849,1,0.477127,0.36288,0,57.8938,5.66454,52.115,0.84672,12.849,0.84672,3695.15,0,0,0,1.13376,2.42885,5.08169,1.55834,7.08596,0.42336,0,0.42336,460.49,0,1.02816,0,0,2.16192,1.13376,1.028160,1,0,59.201,0,0,0,59.201,0
69.7796,2.83621,0,0,2.37,0.0857715,0.36288,3.6288,61.2261,0.66528,0,0,0.959481,0.321735,0,0.66528,12.849,1,0.515493,0.36288,0,53.5596,5.65507,47.7519,0.84672,12.849,0.84672,3695.15,0,0,0,0.623704,2.42906,4.66711,1.41942,6.30045,0.42336,0,0.42336,460.49,0,1.02816,0,0,1.65186,0.623704,1.028160,1,0,54.0524,0,0,0,54.0524,0
68.5827,2.83079,0,0,2.09948,0.10275,0.36288,3.6288,61.163,0.66528,0,0,0.914458,0.312274,0,0.66528,12.849,1,0.521254,0.36288,0,48.6614,5.56038,42.9427,0.84672,12.849,0.84672,3695.15,0,0,0,1.23193,2.61079,3.89165,1.3522,6.38217,0.42336,0,0.42336,460.49,0,1.02816,0,0,2.26009,1.23193,1.028160,1,0,49.3248,0,0,0,49.3248,0
67.2835,2.82342,0,0,1.98895,0.101799,0.36288,3.6288,61.0673,0.66528,0,0,0.881747,0.31215,0,0.66528,12.849,1,0.528969,0.36288,0,48.2313,5.56038,42.5049,0.84672,12.849,0.84672,3695.15,0,0,0,1.22958,2.61102,3.69265,1.3522,6.18104,0.42336,0,0.42336,460.49,0,1.02816,0,0,2.25774,1.22958,1.028160,1,0,48.6859,0,0,0,48.6859,0
65.9665,2.81513,0,0,1.96175,0.100767,0.36288,3.6288,60.9647,0.66528,0,0,0.874575,0.311961,0,0.66528,12.849,1,0.5376,0.36288,0,46.0797,5.56038,40.3446,0.84672,12.849,0.84672,3695.15,0,0,0,1.20995,2.61125,3.72144,1.3522,6.19043,0.42336,0,0.42336,460.49,0,1.02816,0,0,2.23811,1.20995,1.028160,1,0,46.535,0,0,0,46.535,0
64.5804,2.80644,0,0,1.91482,0.131565,0.36288,3.6288,60.8264,0.66528,0,0,0.820437,0.293453,0,0.66528,12.849,1,0.54664,0.36288,0,41.9329,5.21636,36.5328,0.84672,12.849,0.84672,3695.15,0,0,0,1.09466,2.61147,3.77859,1.18654,6.29819,0.42336,0,0.42336,460.49,0,1.02816,0,0,2.12282,1.09466,1.028160,1,0,42.831,0,0,0,42.831,0
63.5506,2.7039,0,0,2.20907,0.172102,0.36288,3.6288,60.9287,0.66528,0,0,1.03641,0.26881,0,0.66528,12.849,1,0.537972,0.36288,0,55.4011,4.75766,50.4683,0.84672,12.849,0.84672,3695.15,0,0,0,1.49312,2.6117,3.84208,0.965655,6.98125,0.42336,0,0.42336,460.49,0,1.02816,0,0,2.52128,1.49312,1.028160,1,0,57.4496,0,0,0,57.4496,0
61.9848,2.69693,0,0,1.66464,0.170674,0.36288,3.6288,60.9377,0.66528,0,0,0.943315,0.268985,0,0.66528,12.849,1,0.545279,0.36288,0,39.2327,4.75766,34.2926,0.84672,12.849,0.84672,3695.15,0,0,0,1.334,2.50683,2.89151,0.965655,5.76669,0.42336,0,0.42336,460.49,0,1.02816,0,0,2.36216,1.334,1.028160,1,0,40.0593,0,0,0,40.0593,0
61.5588,2.68579,0,0,2.83309,0.210369,0.36288,3.6288,61.1493,0.66528,0,0,1.09569,0.218887,0,0.66528,12.849,1,0.556746,0.36288,0,57.6588,4.21081,53.2541,0.84672,12.849,0.84672,3695.15,0,0,0,0.992079,2.50705,4.96966,0.795484,7.67331,0.42336,0,0.42336,460.49,0,1.02816,0,0,2.02024,0.992079,1.028160,1,0,60.9274,0,0,0,60.9274,0
60.692,2.68288,0,0,2.44425,0.265258,0.36288,3.6288,61.308,0.66528,0,0,1.09051,0.152273,0.114219,0.66528,12.849,1,0.55999,0.36288,0,57.6993,3.4817,54.0205,0.84672,12.849,0.84672,3695.15,0,0,0,1.41817,2.50727,4.29843,0.56859,7.65529,0.42336,0,0.42336,460.49,0,1.02816,0,0,2.44633,1.41817,1.028160,1,0,61.79,0,0,0,61.79,0
58.5917,2.60097,0,0,1.14285,0.279323,0.36288,3.6288,61.11,0.66528,0,0,0.706182,0.238877,0,0.66528,12.849,1,0.550646,0.36288,0,39.1037,5.17723,33.7387,0.84672,12.849,0.84672,3695.15,0,0,0,0.878809,2.50749,3.10333,1.06724,5.42239,0.42336,0,0.42336,460.49,0,1.02816,0,0,1.90697,0.878809,1.028160,1,0,39.1611,0,0,0,39.1611,0
56.5312,2.58504,0,0,1.16126,0.273873,0.36288,3.6288,60.9623,0.66528,0,0,0.756173,0.238578,0,0.66528,12.849,1,0.566893,0.36288,0,53.1309,5.17723,47.7497,0.84672,12.849,0.84672,3695.15,0,0,0,0.82112,2.41388,2.59027,1.06724,4.75803,0.42336,0,0.42336,460.49,0,1.02816,0,0,1.84928,0.82112,1.028160,1,0,52.5077,0,0,0,52.5077,0
54.4844,2.56847,0,0,1.15297,0.268403,0.36288,3.6288,60.8558,0.66528,0,0,0.7971,0.238355,0,0.66528,12.849,1,0.583789,0.36288,0,32.8901,5.17723,27.492,0.84672,12.849,0.84672,3695.15,0,0,0,0.984346,2.41409,2.55476,1.06724,4.88595,0.42336,0,0.42336,460.49,0,1.02816,0,0,2.01251,0.984346,1.028160,1,0,32.378,0,0,0,32.378,0
55.8625,2.55099,0,0,4.53314,0.24114,0.36288,3.6288,61.2631,0.66528,0,0,1.29223,0.219678,0,0.66528,12.849,1,0.601597,0.36288,0,82.5986,4.749,77.6109,0.84672,12.849,0.84672,3695.15,0,0,0,2.03016,2.4143,6.83577,1.09575,10.1845,0.42336,0,0.42336,460.49,0,1.02816,0,0,3.05832,2.03016,1.028160,1,0,87.7953,0,0,0,87.7953,0
56.5784,2.35175,0,0,3.69942,0.268896,0.36288,3.6288,61.308,0.66528,0,0,1.1978,0.192743,0.294854,0.66528,12.849,1,0.54093,0.36288,0,79.5464,3.91689,75.4515,0.84672,12.849,0.84672,3695.15,0,0,0,2.09797,2.41451,5.57583,0.956976,9.13134,0.42336,0,0.42336,460.49,0,1.02816,0,0,3.12613,2.09797,1.028160,1,0,84.8777,0,0,0,84.8777,0
56.7275,2.35758,0,0,3.13877,0.269237,0.36288,3.6288,61.308,0.66528,0,0,1.28326,0.198563,0.419422,0.66528,12.849,1,0.535407,0.36288,0,55.2906,3.93981,51.1783,0.84672,12.849,0.84672,3695.15,0,0,0,2.26035,2.20622,6.2308,0.983315,9.71406,0.42336,0,0.42336,460.49,0,1.02816,0,0,3.28851,2.26035,1.028160,1,0,61.3118,0,0,0,61.3118,0
56.4089,2.35897,0,0,2.67292,0.269634,0.36288,3.6288,61.1987,0.66528,0,0,0.754533,0.198563,0,0.66528,12.849,1,0.534315,0.36288,0,41.6567,3.93981,37.5455,0.84672,12.849,0.84672,3695.15,0,0,0,1.74062,2.20641,5.50317,0.983315,8.46689,0.42336,0,0.42336,460.49,0,1.02816,0,0,2.76878,1.74062,1.028160,1,0,46.0124,0,0,0,46.0124,0
56.068,2.35675,0,0,2.64345,0.264732,0.36288,3.6288,60.7855,0.66528,0,0,0.433388,0.181287,0,0.66528,12.849,1,0.536829,0.36288,0,45.475,3.59174,41.7093,0.84672,12.849,0.84672,3695.15,0,0,0,1.2818,2.2066,4.59467,0.871347,7.21172,0.42336,0,0.42336,460.49,0,1.02816,0,0,2.30996,1.2818,1.028160,1,0,48.921,0,0,0,48.921,0
55.3096,2.35434,0,0,2.22418,0.265361,0.36288,3.6288,60.6451,0.66528,0,0,0.712708,0.187863,0,0.66528,12.849,1,0.53954,0.36288,0,34.9489,3.78421,30.988,0.84672,12.849,0.84672,3695.15,0,0,0,1.09805,2.20679,4.4376,0.918282,6.82416,0.42336,0,0.42336,460.49,0,1.02816,0,0,2.12621,1.09805,1.028160,1,0,37.8122,0,0,0,37.8122,0
53.22,2.42983,0,0,0.970263,0.267138,0.36288,3.6288,60.5375,0.66528,0,0,0.762998,0.205304,0,0.66528,12.849,1,0.564476,0.36288,0,22.362,4.26542,17.895,0.84672,12.849,0.84672,3695.15,0,0,0,0.56624,2.20698,2.90134,1.03562,4.63894,0.42336,0,0.42336,460.49,0,1.02816,0,0,1.5944,0.56624,1.028160,1,0,22.5339,0,0,0,22.5339,0
52.4171,2.17567,0,0,1.99717,0.261549,0.36288,3.6288,60.6993,0.66528,0,0,1.03228,0.205164,0,0.66528,12.849,1,0.525277,0.36288,0,27.4695,4.26542,23.0417,0.84672,12.849,0.84672,3695.15,0,0,0,1.1996,2.2722,5.23329,1.03562,7.66948,0.42336,0,0.42336,460.49,0,1.02816,0,0,2.22776,1.1996,1.028160,1,0,30.7112,0,0,0,30.7112,0
52.3931,2.16942,0,0,2.79751,0.289181,0.36288,3.6288,60.7563,0.66528,0,0,0.931141,0.208885,0,0.66528,12.849,1,0.531789,0.36288,0,45.1393,4.46755,40.5029,0.84672,12.849,0.84672,3695.15,0,0,0,0.923201,2.08576,4.58628,1.14872,6.44652,0.42336,0,0.42336,460.49,0,1.02816,0,0,1.95136,0.923201,1.028160,1,0,46.9494,0,0,0,46.9494,0
51.9381,2.16943,0,0,2.4061,0.328805,0.36288,3.6288,60.7666,0.66528,0,0,0.889175,0.213642,0,0.66528,12.849,1,0.532035,0.36288,0,44.0456,4.73707,39.1394,0.84672,12.849,0.84672,3695.15,0,0,0,0.909576,2.08592,4.5923,1.29952,6.28827,0.42336,0,0.42336,460.49,0,1.02816,0,0,1.93774,0.909576,1.028160,1,0,45.4276,0,0,0,45.4276,0
53.5368,2.4008,0,0,4.66593,0.303546,0.36288,3.6288,60.9618,0.66528,0,0,1.07247,0.211903,0,0.66528,12.849,1,0.593936,0.36288,0,76.6451,4.56239,71.8517,0.84672,12.849,0.84672,3695.15,0,0,0,1.48339,2.08608,6.23524,1.24733,8.55738,0.42336,0,0.42336,460.49,0,1.02816,0,0,2.51155,1.48339,1.028160,1,0,80.409,0,0,0,80.409,0
52.8324,2.41533,0,0,2.37831,0.304557,0.36288,3.6288,60.8068,0.66528,0,0,0.722088,0.211873,0,0.66528,12.849,1,0.579687,0.36288,0,48.0539,4.53327,43.3038,0.84672,12.849,0.84672,3695.15,0,0,0,0.729164,2.29946,4.09994,1.23863,5.88993,0.42336,0,0.42336,460.49,0,1.02816,0,0,1.75732,0.729164,1.028160,1,0,49.1937,0,0,0,49.1937,0
51.8161,2.40934,0,0,2.0278,0.271827,0.36288,3.6288,60.3107,0.870765,0,0,0.598631,0.223985,0,0.66528,12.849,1,0.58596,0.36288,0,35.2409,4.4583,30.5595,0.84672,12.849,0.84672,3695.15,0,0,0,0.608429,2.29964,3.90355,1.18842,5.6232,0.42336,0,0.42336,460.49,0,0.822675,0,0,1.4311,0.608429,1.028160,1,0,36.1827,0,0,0,36.1827,0
51.117,2.40036,0,0,2.32807,0.263953,0.36288,3.6288,60.432,0.66528,0,0,1.01191,0.225327,0,0.66528,12.849,1,0.595225,0.36288,0,48.3761,4.44581,43.698,0.84672,12.849,0.84672,3695.15,0,0,0,1.01356,2.29982,5.063,1.18005,7.19632,0.42336,0,0.42336,460.49,0,1.02816,0,0,2.04172,1.01356,1.028160,1,0,50.8943,0,0,0,50.8943,0
51.4614,2.05998,0,0,3.04262,0.275307,0.36288,3.6288,60.7906,0.66528,0,0,1.22989,0.205929,0,0.66528,12.849,1,0.517807,0.36288,0,76.7561,4.3522,72.249,0.84672,12.849,0.84672,3695.15,0,0,0,1.30341,2.3,7.58894,1.16701,10.0253,0.42336,0,0.42336,460.49,0,1.02816,0,0,2.33157,1.30341,1.028160,1,0,82.2743,0,0,0,82.2743,0
51.9869,2.06296,0,0,3.22982,0.278518,0.36288,3.6288,61.308,0.66528,0,0,1.89001,0.203129,0.504235,0.66528,12.849,1,0.515083,0.36288,0,75.0203,4.33661,70.5314,0.84672,12.849,0.84672,3695.15,0,0,0,1.37532,2.00933,7.27261,1.16484,9.49242,0.42336,0,0.42336,460.49,0,1.02816,0,0,2.40348,1.37532,1.028160,1,0,80.5281,0,0,0,80.5281,0
52.0253,2.06733,0,0,2.74863,0.280042,0.36288,3.6288,61.308,0.66528,0,0,0.951618,0.203795,0.082543,0.66528,12.849,1,0.510957,0.36288,0,46.4482,4.33661,41.9635,0.84672,12.849,0.84672,3695.15,0,0,0,0.848102,2.00948,7.24203,1.16484,8.93478,0.42336,0,0.42336,460.49,0,1.02816,0,0,1.87626,0.848102,1.028160,1,0,50.9808,0,0,0,50.9808,0
53.3027,2.06783,0,0,3.98461,0.276489,0.36288,3.6288,61.308,0.66528,0,0,1.53083,0.171448,0.694102,0.66528,12.849,1,0.510704,0.36288,0,82.423,4.2898,77.9854,0.84672,12.849,0.84672,3695.15,0,0,0,2.10138,2.00964,15.2198,1.03843,18.2924,0.42336,0,0.42336,460.49,0,1.02816,0,0,3.12954,2.10138,1.028160,1,0,96.9719,0,0,0,96.9719,0
53.7286,2.07789,0,0,3.15233,0.28562,0.36288,3.6288,61.308,0.66528,0,0,1.00623,0.145621,0.195331,0.66528,12.849,1,0.50089,0.36288,0,59.3854,3.79011,55.4573,0.84672,12.849,0.84672,3695.15,0,0,0,1.14328,2.0098,6.65037,0.888736,8.91471,0.42336,0,0.42336,460.49,0,1.02816,0,0,2.17144,1.14328,1.028160,1,0,64.5673,0,0,0,64.5673,0
53.5954,2.16625,0,0,2.68885,0.292943,0.36288,3.6288,61.308,0.66528,0,0,0.801281,0.129681,0.00631994,0.66528,12.849,1,0.518052,0.36288,0,48.8308,3.32523,45.3504,0.84672,12.849,0.84672,3695.15,0,0,0,1.1388,2.00995,4.1095,0.831011,6.42723,0.42336,0,0.42336,460.49,0,1.02816,0,0,2.16696,1.1388,1.028160,1,0,51.7839,0,0,0,51.7839,0
53.9452,2.16542,0,0,3.16907,0.290988,0.36288,3.6288,60.9941,0.915788,0,0,0.740042,0.138163,0,0.66528,12.849,1,0.51914,0.36288,0,69.9375,3.46846,66.3128,0.84672,12.849,0.84672,3695.15,0,0,0,0.528595,2.08185,4.59854,0.916341,6.29264,0.42336,0,0.42336,460.49,0,0.777652,0,0,1.30625,0.528595,1.028160,1,0,72.6054,0,0,0,72.6054,0
53.7538,2.16835,0,0,2.63189,0.292025,0.36288,3.6288,61.2179,0.66528,0,0,1.02698,0.137889,0,0.66528,12.849,1,0.51647,0.36288,0,51.7971,3.46846,48.175,0.84672,12.849,0.84672,3695.15,0,0,0,1.37468,2.08201,5.41518,0.916341,7.95554,0.42336,0,0.42336,460.49,0,1.02816,0,0,2.40284,1.37468,1.028160,1,0,56.1305,0,0,0,56.1305,0
53.6138,2.16707,0,0,2.67444,0.284553,0.36288,3.6288,61.308,0.66528,0,0,1.12702,0.139917,0.231725,0.66528,12.849,1,0.518004,0.36288,0,74.8426,3.49962,71.1879,0.84672,12.849,0.84672,3695.15,0,0,0,1.05726,2.08218,5.85361,0.927508,8.06554,0.42336,0,0.42336,460.49,0,1.02816,0,0,2.08542,1.05726,1.028160,1,0,79.4851,0,0,0,79.4851,0
52.8551,2.13297,0,0,1.97996,0.242776,0.36288,3.6288,61.2886,0.66528,0,0,0.796859,0.150996,0,0.66528,12.849,1,0.511184,0.36288,0,49.2847,3.68655,45.4499,0.84672,12.849,0.84672,3695.15,0,0,0,0.767897,2.08234,4.74705,0.99451,6.60278,0.42336,0,0.42336,460.49,0,1.02816,0,0,1.79606,0.767897,1.028160,1,0,52.0526,0,0,0,52.0526,0
51.9795,2.12727,0,0,1.85549,0.2409,0.36288,3.6288,61.2607,0.66528,0,0,0.788391,0.150977,0,0.66528,12.849,1,0.517136,0.36288,0,46.6951,3.68655,42.8542,0.84672,12.849,0.84672,3695.15,0,0,0,0.72608,2.05458,4.51738,0.99451,6.30353,0.42336,0,0.42336,460.49,0,1.02816,0,0,1.75424,0.72608,1.028160,1,0,49.1578,0,0,0,49.1578,0
52.1902,2.12049,0,0,2.9264,0.232365,0.36288,3.6288,61.308,0.66528,0,0,1.00753,0.152735,0.142229,0.66528,12.849,1,0.52417,0.36288,0,61.2713,3.74073,57.3692,0.84672,12.849,0.84672,3695.15,0,0,0,1.14026,2.05474,4.47447,0.98448,6.68498,0.42336,0,0.42336,460.49,0,1.02816,0,0,2.16842,1.14026,1.028160,1,0,64.1964,0,0,0,64.1964,0
51.308,2.12239,0,0,1.79761,0.194571,0.36288,3.6288,61.2813,0.66528,0,0,0.802025,0.163492,0,0.66528,12.849,1,0.522522,0.36288,0,46.2129,4.06581,41.9874,0.84672,12.849,0.84672,3695.15,0,0,0,0.697931,2.0549,3.9314,0.924302,5.75993,0.42336,0,0.42336,460.49,0,1.02816,0,0,1.72609,0.697931,1.028160,1,0,47.7473,0,0,0,47.7473,0
50.4112,2.22722,0,0,1.86474,0.171462,0.36288,3.6288,61.2771,0.66528,0,0,0.809965,0.148829,0,0.66528,12.849,1,0.557761,0.36288,0,38.3054,4.09559,34.015,0.84672,12.849,0.84672,3695.15,0,0,0,0.785635,2.05506,3.89901,0.915083,5.82462,0.42336,0,0.42336,460.49,0,1.02816,0,0,1.8138,0.785635,1.028160,1,0,39.8396,0,0,0,39.8396,0
49.4066,2.21953,0,0,1.73922,0.161404,0.36288,3.6288,61.1906,0.66528,0,0,0.72176,0.142972,0,0.66528,12.849,1,0.565722,0.36288,0,33.2186,4.10749,28.9082,0.84672,12.849,0.84672,3695.15,0,0,0,0.622331,2.15311,3.54567,0.911396,5.40972,0.42336,0,0.42336,460.49,0,1.02816,0,0,1.65049,0.622331,1.028160,1,0,34.3179,0,0,0,34.3179,0
48.1807,2.21061,0,0,1.50731,0.159695,0.36288,3.6288,61.045,0.66528,0,0,0.66253,0.142893,0,0.66528,12.849,1,0.574905,0.36288,0,31.1727,4.10749,26.8532,0.84672,12.849,0.84672,3695.15,0,0,0,0.64571,2.15328,3.5887,0.911396,5.4763,0.42336,0,0.42336,460.49,0,1.02816,0,0,1.67387,0.64571,1.028160,1,0,32.3295,0,0,0,32.3295,0
46.8276,2.19927,0,0,1.36661,0.157591,0.36288,3.6288,60.8132,0.66528,0,0,0.576247,0.142762,0,0.66528,12.849,1,0.586509,0.36288,0,28.7052,4.10749,24.3741,0.84672,12.849,0.84672,3695.15,0,0,0,0.465091,2.15345,3.39336,0.911396,5.1005,0.42336,0,0.42336,460.49,0,1.02816,0,0,1.49325,0.465091,1.028160,1,0,29.4746,0,0,0,29.4746,0
45.3894,2.18618,0,0,1.23211,0.121254,0.36288,3.6288,60.4138,0.735843,0,0,0.53443,0.197994,0,0.66528,12.849,1,0.599864,0.36288,0,23.6607,4.86057,18.5632,0.84672,12.849,0.84672,3695.15,0,0,0,0.30119,2.15362,3.02282,1.13982,4.3378,0.42336,0,0.42336,460.49,0,0.957597,0,0,1.25879,0.30119,1.028160,1,0,22.901,0,0,0,22.901,0
43.9074,2.15001,0,0,1.13156,0.100611,0.36288,3.6288,59.5653,1.09323,0,0,0.481618,0.23685,0,0.66528,12.849,1,0.608633,0.36288,0,19.1284,5.17997,13.7026,0.84672,12.849,0.84672,3695.15,0,0,0,0.30119,2.15379,2.58028,1.25754,3.77772,0.42336,0,0.42336,460.49,0,0.600212,0,0,0.901403,0.30119,1.028160,1,0,17.4804,0,0,0,17.4804,0
42.3512,2.13432,0,0,1.03988,0.0989368,0.36288,3.6288,58.7446,1.05292,0,0,0.467775,0.235573,0,0.66528,12.849,1,0.624584,0.36288,0,18.8264,5.17997,13.3847,0.84672,12.849,0.84672,3695.15,0,0,0,0.261274,2.18819,2.60189,1.25754,3.79381,0.42336,0,0.42336,460.49,0,0.640518,0,0,0.901791,0.261274,1.028160,1,0,17.1785,0,0,0,17.1785,0
40.7207,2.11691,0,0,0.946538,0.0971781,0.36288,3.6288,57.7744,1.17337,0,0,0.437511,0.234337,0,0.66528,12.849,1,0.642254,0.36288,0,18.0732,5.17997,12.6138,0.84672,12.849,0.84672,3695.15,0,0,0,0.261274,2.18836,2.44423,1.25754,3.63632,0.42336,0,0.42336,460.49,0,0.520068,0,0,0.781341,0.261274,1.028160,1,0,16.2501,0,0,0,16.2501,0
39.0459,2.09757,0,0,0.870368,0.0847887,0.36288,3.6288,56.7498,1.17729,0,0,0.417709,0.265048,0,0.66528,12.849,1,0.661864,0.36288,0,16.0224,5.60341,10.12,0.84672,12.849,0.84672,3695.15,0,0,0,0.261274,2.18853,2.35189,1.41211,3.38958,0.42336,0,0.42336,460.49,0,0.516154,0,0,0.777427,0.261274,1.028160,1,0,13.5096,0,0,0,13.5096,0
37.4417,2.13017,0,0,0.954504,0.0655954,0.36288,3.6288,55.5647,1.25681,0,0,0.37967,0.307896,0,0.66528,12.849,1,0.700985,0.36288,0,16.8121,5.56007,10.9139,0.84672,12.849,0.84672,3695.15,0,0,0,0.261274,2.18871,2.23531,1.42872,3.25657,0.42336,0,0.42336,460.49,0,0.436629,0,0,0.697903,0.261274,1.028160,1,0,14.1705,0,0,0,14.1705,0
35.8375,2.10801,0,0,0.931055,0.0643786,0.36288,3.6288,54.4145,1.19456,0,0,0.34981,0.305521,0,0.66528,12.849,1,0.723413,0.36288,0,16.7905,5.56007,10.8699,0.84672,12.849,0.84672,3695.15,0,0,0,0.261274,2.23741,2.39528,1.42872,3.46524,0.42336,0,0.42336,460.49,0,0.498882,0,0,0.760156,0.261274,1.028160,1,0,14.3352,0,0,0,14.3352,0
34.1984,2.08437,0,0,0.871249,0.0631618,0.36288,3.6288,53.2417,1.19331,0,0,0.3238,0.303216,0,0.66528,12.849,1,0.74732,0.36288,0,15.1577,5.56007,9.21317,0.84672,12.849,0.84672,3695.15,0,0,0,0.227405,2.23759,2.13777,1.42872,3.17404,0.42336,0,0.42336,460.49,0,0.500126,0,0,0.727531,0.227405,1.028160,1,0,12.3872,0,0,0,12.3872,0
32.5149,2.05853,0,0,0.799848,0.0619185,0.36288,3.6288,52.0083,1.25306,0,0,0.320242,0.300632,0,0.66528,12.849,1,0.77343,0.36288,0,13.8559,5.56007,7.88527,0.84672,12.849,0.84672,3695.15,0,0,0,0.227405,2.23776,2.09082,1.42872,3.12727,0.42336,0,0.42336,460.49,0,0.440376,0,0,0.66778,0.227405,1.028160,1,0,11.0125,0,0,0,11.0125,0
30.7779,2.18007,0,0,0.862773,0.0568321,0.36288,3.6288,50.7592,1.24532,0,0,0.316704,0.320502,0,0.66528,12.849,1,0.861505,0.36288,0,13.925,6.01033,7.41604,0.84672,12.849,0.84672,3695.15,0,0,0,0.227405,2.23794,2.55543,1.45855,3.56222,0.42336,0,0.42336,460.49,0,0.448123,0,0,0.675528,0.227405,1.028160,1,0,10.9783,0,0,0,10.9783,0
29.0301,2.14597,0,0,0.825129,0.0640284,0.36288,3.6288,49.3291,1.38956,0,0,0.285259,0.325798,0,0.66528,12.849,1,0.89589,0.36288,0,14.8773,6.08633,8.25797,0.84672,12.849,0.84672,3695.15,0,0,0,0.227405,2.40423,1.90204,1.42863,3.10504,0.42336,0,0.42336,460.49,0,0.303883,0,0,0.531287,0.227405,1.028160,1,0,11.363,0,0,0,11.363,0
27.1579,2.10878,0,0,0.662014,0.0625448,0.36288,3.6288,47.7597,1.47167,0,0,0.224306,0.322002,0,0.66528,12.849,1,0.933367,0.36288,0,17.499,6.08633,10.8422,0.84672,12.849,0.84672,3695.15,0,0,0,0.204422,2.40442,1.58001,1.42863,2.76022,0.42336,0,0.42336,460.49,0,0.221765,0,0,0.426188,0.204422,1.028160,1,0,13.6024,0,0,0,13.6024,0
25.4528,2.0653,0,0,0.784045,0.0609555,0.36288,3.6288,46.5275,1.25675,0,0,0.342395,0.317838,0,0.66528,12.849,1,0.977137,0.36288,0,15.0199,6.08633,8.31937,0.84672,12.849,0.84672,3695.15,0,0,0,0.204422,2.40461,2.13666,1.42863,3.31706,0.42336,0,0.42336,460.49,0,0.436685,0,0,0.641108,0.204422,1.028160,1,0,11.6364,0,0,0,11.6364,0
23.6642,2.02199,0,0,0.654874,0.0586547,0.36288,3.6288,45.1032,1.36956,0,0,0.269133,0.323838,0,0.66528,12.849,1,1.02073,0.36288,0,16.2464,6.13032,9.45822,0.84672,12.849,0.84672,3695.15,0,0,0,0.204422,2.4048,1.97387,1.34468,3.23841,0.42336,0,0.42336,460.49,0,0.323876,0,0,0.528299,0.204422,1.028160,1,0,12.6966,0,0,0,12.6966,0
22.0709,1.90602,0,0,0.733994,0.0583553,0.36288,3.6288,43.6663,1.36874,0,0,0.289643,0.357846,0,0.66528,12.849,1,1.03492,0.36288,0,15.6079,6.83205,8.10381,0.84672,12.849,0.84672,3695.15,0,0,0,0.204422,2.40499,1.60231,1.36766,2.84406,0.42336,0,0.42336,460.49,0,0.324703,0,0,0.529126,0.204422,1.028160,1,0,10.9479,0,0,0,10.9479,0
20.5996,1.85898,0,0,0.842374,0.0917936,0.36288,3.6288,42.229,1.40149,0,0,0.281087,0.316869,0,0.66528,12.849,1,1.08224,0.36288,0,13.3782,6.50076,6.15806,0.84672,12.849,0.84672,3695.15,0,0,0,0.216518,2.30901,1.16793,1.25388,2.43958,0.42336,0,0.42336,460.49,0,0.291954,0,0,0.508473,0.216518,1.028160,1,0,8.59764,0,0,0,8.59764,0
19.6463,1.81154,0,0,1.31101,0.0899702,0.36288,3.6288,41.3485,1.034,0,0,0.466044,0.312555,0,0.66528,12.849,1,1.12995,0.36288,0,21.7471,6.50076,14.4793,0.84672,12.849,0.84672,3695.15,0,0,0,0.216518,2.30919,2.08329,1.25388,3.35513,0.42336,0,0.42336,460.49,0,0.659441,0,0,0.87596,0.216518,1.028160,1,0,17.8344,0,0,0,17.8344,0
18.6219,1.77856,0,0,1.20589,0.0887887,0.36288,3.6288,40.3531,1.11418,0,0,0.428631,0.309913,0,0.66528,12.849,1,1.16321,0.36288,0,39.4027,6.50076,32.1016,0.84672,12.849,0.84672,3695.15,0,0,0,0.216518,2.30937,1.7609,1.25388,3.03292,0.42336,0,0.42336,460.49,0,0.57926,0,0,0.795779,0.216518,1.028160,1,0,35.1345,0,0,0,35.1345,0
17.2233,1.69127,0,0,0.780235,0.12474,0.36288,3.6288,39.328,1.11984,0,0,0.347504,0.252756,0,0.66528,12.849,1,1.16696,0.36288,0,20.1919,4.6104,14.7775,0.84672,12.849,0.84672,3695.15,0,0,0,0.216518,2.30956,1.55385,1.1046,2.97533,0.42336,0,0.42336,460.49,0,0.573601,0,0,0.790119,0.216518,1.028160,1,0,17.7528,0,0,0,17.7528,0
16.1413,1.63715,0,0,1.04642,0.12835,0.36288,3.6288,38.7447,0.830123,0,0,0.488203,0.241359,0,0.66528,12.849,1,1.22136,0.36288,0,29.5171,4.29534,24.3633,0.84672,12.849,0.84672,3695.15,0,0,0,0.216518,2.22388,3.28261,1.07972,4.64329,0.42336,0,0.42336,460.49,0,0.863317,0,0,1.07984,0.216518,1.028160,1,0,29.0066,0,0,0,29.0066,0
15.6866,1.59172,0,0,1.64792,0.14805,0.36288,3.6288,38.5485,0.66528,0,0,0.69905,0.229934,0,0.66528,12.849,1,1.26706,0.36288,0,41.7015,3.93789,36.8594,0.84672,12.849,0.84672,3695.15,0,0,0,0.315757,2.22405,3.05148,1.0278,4.56349,0.42336,0,0.42336,460.49,0,1.02816,0,0,1.34392,0.315757,1.028160,1,0,41.4229,0,0,0,41.4229,0
16.3398,1.57168,0,0,2.74303,0.155286,0.36288,3.6288,38.5959,0.66528,0,0,0.938121,0.225475,0,0.66528,12.849,1,1.28737,0.36288,0,44.0269,3.79491,39.3075,0.84672,12.849,0.84672,3695.15,0,0,0,0.594899,2.22423,5.08323,1.00703,6.89532,0.42336,0,0.42336,460.49,0,1.02816,0,0,1.62306,0.594899,1.028160,1,0,46.2029,0,0,0,46.2029,0
16.535,1.46734,0,0,2.18236,0.156945,0.36288,3.6288,37.7948,1.08842,0,0,0.481271,0.193947,0,0.66528,12.849,1,1.15386,0.36288,0,42.0318,4.40235,36.8385,0.84672,12.849,0.84672,3695.15,0,0,0,0.292723,2.2244,2.64116,1.04172,4.11657,0.42336,0,0.42336,460.49,0,0.605021,0,0,0.897744,0.292723,1.028160,1,0,40.955,0,0,0,40.955,0
17.9284,1.47515,0,0,3.38863,0.157146,0.36288,3.6288,37.0781,1.15121,0,0,0.603449,0.168925,0,0.66528,12.849,1,1.14631,0.36288,0,63.2779,4.85793,57.6365,0.84672,12.849,0.84672,3695.15,0,0,0,0.292723,2.0338,4.29388,1.06773,5.55267,0.42336,0,0.42336,460.49,0,0.542233,0,0,0.834956,0.292723,1.028160,1,0,63.1892,0,0,0,63.1892,0
19.2875,1.52719,0,0,3.40948,0.160341,0.36288,3.6288,36.1066,1.33282,0,0,0.529089,0.167763,0,0.66528,12.849,1,1.09451,0.36288,0,93.2498,4.85793,87.6602,0.84672,12.849,0.84672,3695.15,0,0,0,0.412474,2.03396,4.15156,1.06773,5.53026,0.42336,0,0.42336,460.49,0,0.360625,0,0,0.773099,0.412474,1.028160,1,0,93.1905,0,0,0,93.1905,0
28.6073,1.57363,0,0,11.4159,0.159516,0.36288,3.6288,36.7558,0.66528,0,0,1.50194,0.187506,0,0.66528,12.849,1,1.04833,0.36288,0,199.48,4.88976,193.905,0.84672,12.849,0.84672,3695.15,0,0,0,1.97808,2.03411,14.6456,1.14974,17.508,0.42336,0,0.42336,460.49,0,1.02816,0,0,3.00624,1.97808,1.028160,1,0,211.413,0,0,0,211.413,0
32.6758,1.80948,0,0,6.42997,0.189168,0.36288,3.6288,36.9105,0.66528,0,0,0.976536,0.156512,0,0.66528,12.849,1,0.812727,0.36288,0,134.249,4.42053,129.379,0.84672,12.849,0.84672,3695.15,0,0,0,1.0352,2.03427,6.26444,1.0894,8.24452,0.42336,0,0.42336,460.49,0,1.02816,0,0,2.06336,1.0352,1.028160,1,0,137.623,0,0,0,137.623,0
32.2126,1.94805,0,0,2.07304,0.225252,0.36288,3.6288,37.1897,0.66528,0,0,1.06599,0.121577,0,0.66528,12.849,1,0.766025,0.36288,0,52.9779,4.22027,48.3545,0.84672,12.849,0.84672,3695.15,0,0,0,0.603366,2.03443,6.24501,0.830654,8.05215,0.42336,0,0.42336,460.49,0,1.02816,0,0,1.63153,0.603366,1.028160,1,0,56.4066,0,0,0,56.4066,0
31.9433,1.94034,0,0,2.261,0.227103,0.36288,3.6288,37.7287,0.66528,0,0,1.31274,0.108452,0,0.66528,12.849,1,0.773965,0.36288,0,70.4843,3.98485,66.0884,0.84672,12.849,0.84672,3695.15,0,0,0,1.04648,2.0941,8.20238,0.710445,10.6325,0.42336,0,0.42336,460.49,0,1.02816,0,0,2.07464,1.04648,1.028160,1,0,76.7209,0,0,0,76.7209,0
31.3268,1.93586,0,0,1.90854,0.226335,0.36288,3.6288,38.0579,0.66528,0,0,1.10349,0.109016,0,0.66528,12.849,1,0.778685,0.36288,0,42.8308,3.98485,38.4302,0.84672,12.849,0.84672,3695.15,0,0,0,0.675518,2.09425,5.98416,0.710445,8.04348,0.42336,0,0.42336,460.49,0,1.02816,0,0,1.70368,0.675518,1.028160,1,0,46.4736,0,0,0,46.4736,0
30.9781,1.92515,0,0,2.16737,0.22802,0.36288,3.6288,38.4885,0.66528,0,0,1.20322,0.107311,0,0.66528,12.849,1,0.789621,0.36288,0,59.2972,4.02167,54.8488,0.84672,12.849,0.84672,3695.15,0,0,0,0.825993,2.09439,7.20822,0.702314,9.4263,0.42336,0,0.42336,460.49,0,1.02816,0,0,1.85415,0.825993,1.028160,1,0,64.2751,0,0,0,64.2751,0
31.0616,2.12706,0,0,2.80473,0.231262,0.36288,3.6288,39.047,0.66528,0,0,1.3337,0.109914,0,0.66528,12.849,1,0.882257,0.36288,0,61.512,3.42257,57.57,0.84672,12.849,0.84672,3695.15,0,0,0,0.965148,2.09454,7.70118,0.767705,9.99316,0.42336,0,0.42336,460.49,0,1.02816,0,0,1.99331,0.965148,1.028160,1,0,67.5632,0,0,0,67.5632,0
31.8679,2.12892,0,0,3.54034,0.242268,0.36288,3.6288,39.9565,0.66528,0,0,1.68748,0.112749,0,0.66528,12.849,1,0.880654,0.36288,0,74.5727,3.29956,70.7554,0.84672,12.849,0.84672,3695.15,0,0,0,1.38686,2.30884,8.94378,0.828154,11.8113,0.42336,0,0.42336,460.49,0,1.02816,0,0,2.41502,1.38686,1.028160,1,0,82.5667,0,0,0,82.5667,0
32.5696,2.14499,0,0,3.45781,0.248224,0.36288,3.6288,40.5327,0.66528,0,0,1.35318,0.111634,0,0.66528,12.849,1,0.864849,0.36288,0,87.1923,3.33638,83.3539,0.84672,12.849,0.84672,3695.15,0,0,0,1.29594,2.30901,8.14752,0.820023,10.9324,0.42336,0,0.42336,460.49,0,1.02816,0,0,2.3241,1.29594,1.028160,1,0,94.2864,0,0,0,94.2864,0
32.9169,2.15853,0,0,3.11906,0.250421,0.36288,3.6288,41.0798,0.66528,0,0,1.32462,0.11226,0,0.66528,12.849,1,0.85156,0.36288,0,75.3011,3.33638,71.476,0.84672,12.849,0.84672,3695.15,0,0,0,1.0692,2.30918,7.49745,0.820023,10.0558,0.42336,0,0.42336,460.49,0,1.02816,0,0,2.09736,1.0692,1.028160,1,0,81.5318,0,0,0,81.5318,0
33.5259,1.86316,0,0,3.07853,0.243391,0.36288,3.6288,41.9823,0.66528,0,0,1.69977,0.131966,0,0.66528,12.849,1,0.727279,0.36288,0,61.0808,3.66154,57.0549,0.84672,12.849,0.84672,3695.15,0,0,0,1.75117,2.30934,8.14571,1.1038,11.1024,0.42336,0,0.42336,460.49,0,1.02816,0,0,2.77933,1.75117,1.028160,1,0,68.1573,0,0,0,68.1573,0
33.9746,1.87287,0,0,2.90549,0.221042,0.36288,3.6288,43.0036,0.66528,0,0,1.83975,0.153161,0,0.66528,12.849,1,0.717789,0.36288,0,57.734,3.27148,54.1076,0.84672,12.849,0.84672,3695.15,0,0,0,1.86836,2.01737,8.8789,0.933268,11.8314,0.42336,0,0.42336,460.49,0,1.02816,0,0,2.89652,1.86836,1.028160,1,0,65.939,0,0,0,65.939,0
36.0618,1.87992,0,0,4.55222,0.222267,0.36288,3.6288,45.295,0.66528,0,0,3.11133,0.154667,0,0.66528,12.849,1,0.710972,0.36288,0,79.6582,3.27148,76.0386,0.84672,12.849,0.84672,3695.15,0,0,0,2.36852,2.01752,14.7093,0.933268,18.162,0.42336,0,0.42336,460.49,0,1.02816,0,0,3.39668,2.36852,1.028160,1,0,94.2007,0,0,0,94.2007,0
38.1192,1.91042,0,0,4.55866,0.227966,0.36288,3.6288,46.7414,0.66528,0,0,2.26968,0.158045,0,0.66528,12.849,1,0.680692,0.36288,0,115.757,3.27148,112.168,0.84672,12.849,0.84672,3695.15,0,0,0,2.59666,2.01766,12.428,0.933268,16.1091,0.42336,0,0.42336,460.49,0,1.02816,0,0,3.62482,2.59666,1.028160,1,0,128.277,0,0,0,128.277,0
38.632,1.93807,0,0,3.06038,0.246611,0.36288,3.6288,47.7623,0.66528,0,0,1.83104,0.144804,0,0.66528,12.849,1,0.653272,0.36288,0,69.0105,3.01577,65.7044,0.84672,12.849,0.84672,3695.15,0,0,0,1.43735,2.0178,8.4211,0.911206,10.965,0.42336,0,0.42336,460.49,0,1.02816,0,0,2.46551,1.43735,1.028160,1,0,76.6694,0,0,0,76.6694,0
38.5277,2.02409,0,0,2.52238,0.239726,0.36288,3.6288,48.3249,0.696557,0,0,1.43517,0.176013,0,0.66528,12.849,1,0.673212,0.36288,0,45.3762,3.24555,41.8204,0.84672,12.849,0.84672,3695.15,0,0,0,0.558835,2.01794,5.03253,1.09759,6.51172,0.42336,0,0.42336,460.49,0,0.996883,0,0,1.55572,0.558835,1.028160,1,0,48.3321,0,0,0,48.3321,0
38.0501,2.0229,0,0,2.14764,0.239436,0.36288,3.6288,49.0845,0.66528,0,0,1.60164,0.17684,0,0.66528,12.849,1,0.674637,0.36288,0,37.8726,3.24555,34.3153,0.84672,12.849,0.84672,3695.15,0,0,0,0.772148,2.09014,5.23581,1.09759,7.0005,0.42336,0,0.42336,460.49,0,1.02816,0,0,1.80031,0.772148,1.028160,1,0,41.3158,0,0,0,41.3158,0
37.6403,2.01674,0,0,2.18872,0.218933,0.36288,3.6288,49.8179,0.66528,0,0,1.58978,0.191042,0,0.66528,12.849,1,0.681026,0.36288,0,38.7253,3.42006,34.9871,0.84672,12.849,0.84672,3695.15,0,0,0,0.950892,2.09029,5.71883,1.13194,7.62807,0.42336,0,0.42336,460.49,0,1.02816,0,0,1.97905,0.950892,1.028160,1,0,42.6152,0,0,0,42.6152,0
36.7523,2.01139,0,0,1.69854,0.212256,0.36288,3.6288,50.1312,0.80117,0,0,1.33709,0.222621,0,0.66528,12.849,1,0.686613,0.36288,0,28.9218,3.8436,24.7545,0.84672,12.849,0.84672,3695.15,0,0,0,0.528595,2.09044,4.34608,1.19717,5.76794,0.42336,0,0.42336,460.49,0,0.89227,0,0,1.42087,0.528595,1.028160,1,0,30.5224,0,0,0,30.5224,0
35.7196,1.96863,0,0,1.47057,0.171787,0.36288,3.6288,49.5647,1.05189,0,0,0.685679,0.200321,0,0.66528,12.849,1,0.688252,0.36288,0,27.175,3.80415,23.0455,0.84672,12.849,0.84672,3695.15,0,0,0,0.528595,2.09059,2.6158,1.08425,4.15073,0.42336,0,0.42336,460.49,0,0.641546,0,0,1.17014,0.528595,1.028160,1,0,27.1963,0,0,0,27.1963,0
34.545,1.95416,0,0,1.31212,0.16968,0.36288,3.6288,48.9934,1.04711,0,0,0.675233,0.199392,0,0.66528,12.849,1,0.702947,0.36288,0,23.4466,3.80415,19.3024,0.84672,12.849,0.84672,3695.15,0,0,0,0.528595,2.06269,3.20683,1.08425,4.71386,0.42336,0,0.42336,460.49,0,0.646333,0,0,1.17493,0.528595,1.028160,1,0,24.0163,0,0,0,24.0163,0
33.8071,1.93691,0,0,1.72916,0.167283,0.36288,3.6288,48.6939,0.855032,0,0,0.75396,0.198455,0,0.66528,12.849,1,0.720431,0.36288,0,25.8829,3.80415,21.7212,0.84672,12.849,0.84672,3695.15,0,0,0,0.402797,2.06284,2.79049,1.08425,4.17187,0.42336,0,0.42336,460.49,0,0.838408,0,0,1.24121,0.402797,1.028160,1,0,25.8931,0,0,0,25.8931,0
32.9327,1.92568,0,0,1.55922,0.145066,0.36288,3.6288,48.3324,0.892019,0,0,0.735031,0.204489,0,0.66528,12.849,1,0.731889,0.36288,0,28.128,4.02087,23.7382,0.84672,12.849,0.84672,3695.15,0,0,0,0.402797,2.06298,2.63,1.04413,4.05164,0.42336,0,0.42336,460.49,0,0.801421,0,0,1.20422,0.402797,1.028160,1,0,27.7898,0,0,0,27.7898,0
31.6817,2.01288,0,0,1.23694,0.112141,0.36288,3.6288,47.8377,0.938926,0,0,0.653927,0.209692,0,0.66528,12.849,1,0.785343,0.36288,0,23.5185,4.48647,18.6096,0.84672,12.849,0.84672,3695.15,0,0,0,0.402797,2.06313,2.47022,1.09545,3.8407,0.42336,0,0.42336,460.49,0,0.754514,0,0,1.15731,0.402797,1.028160,1,0,22.4503,0,0,0,22.4503,0
30.371,1.99099,0,0,1.1417,0.0985839,0.36288,3.6288,47.2115,1.01736,0,0,0.600692,0.20953,0,0.66528,12.849,1,0.807475,0.36288,0,23.2668,4.71376,18.1085,0.84672,12.849,0.84672,3695.15,0,0,0,0.402797,2.16158,2.22887,1.1565,3.63675,0.42336,0,0.42336,460.49,0,0.67608,0,0,1.07888,0.402797,1.028160,1,0,21.7452,0,0,0,21.7452,0
28.973,1.96667,0,0,1.02851,0.0969181,0.36288,3.6288,46.5609,1.00159,0,0,0.559436,0.208435,0,0.66528,12.849,1,0.832035,0.36288,0,21.6387,4.71376,16.4558,0.84672,12.849,0.84672,3695.15,0,0,0,0.30119,2.16174,2.05553,1.1565,3.36196,0.42336,0,0.42336,460.49,0,0.691848,0,0,0.993038,0.30119,1.028160,1,0,19.8178,0,0,0,19.8178,0
27.5732,1.93902,0,0,0.997203,0.0951121,0.36288,3.6288,45.7538,1.11151,0,0,0.511596,0.207268,0,0.66528,12.849,1,0.859921,0.36288,0,19.8933,4.71376,14.6825,0.84672,12.849,0.84672,3695.15,0,0,0,0.30119,2.16189,1.91189,1.1565,3.21847,0.42336,0,0.42336,460.49,0,0.58193,0,0,0.88312,0.30119,1.028160,1,0,17.901,0,0,0,17.901,0
26.1916,1.90941,0,0,0.973797,0.0830798,0.36288,3.6288,45.0442,1.02213,0,0,0.527197,0.2146,0,0.66528,12.849,1,0.889776,0.36288,0,18.7395,4.97619,13.2364,0.84672,12.849,0.84672,3695.15,0,0,0,0.30119,2.16205,2.15921,1.19959,3.42286,0.42336,0,0.42336,460.49,0,0.671311,0,0,0.972501,0.30119,1.028160,1,0,16.6592,0,0,0,16.6592,0
24.9897,1.85944,0,0,1.11154,0.0911609,0.36288,3.6288,44.7088,0.7527,0,0,0.622892,0.205569,0,0.66528,12.849,1,0.912199,0.36288,0,18.9743,4.9933,13.4317,0.84672,12.849,0.84672,3695.15,0,0,0,0.30119,2.1622,2.67685,1.23248,3.90777,0.42336,0,0.42336,460.49,0,0.94074,0,0,1.24193,0.30119,1.028160,1,0,17.3394,0,0,0,17.3394,0
23.7891,1.83063,0,0,1.04223,0.049315,0.36288,3.6288,44.3666,0.740059,0,0,0.62475,0.226897,0,0.66528,12.849,1,0.941256,0.36288,0,17.6958,5.18564,11.9317,0.84672,12.849,0.84672,3695.15,0,0,0,0.261274,2.19673,2.67708,1.2896,3.84548,0.42336,0,0.42336,460.49,0,0.953381,0,0,1.21465,0.261274,1.028160,1,0,15.7772,0,0,0,15.7772,0
22.5444,1.79994,0,0,0.966591,0.0485043,0.36288,3.6288,44.0097,0.747196,0,0,0.616395,0.226169,0,0.66528,12.849,1,0.972184,0.36288,0,16.2292,5.18564,10.4343,0.84672,12.849,0.84672,3695.15,0,0,0,0.261274,2.19689,2.44235,1.2896,3.6109,0.42336,0,0.42336,460.49,0,0.946244,0,0,1.20752,0.261274,1.028160,1,0,14.0452,0,0,0,14.0452,0
21.2718,1.7659,0,0,0.903882,0.0476342,0.36288,3.6288,43.703,0.703244,0,0,0.621968,0.225409,0,0.66528,12.849,1,1.00646,0.36288,0,15.1377,5.18564,9.3085,0.84672,12.849,0.84672,3695.15,0,0,0,0.261274,2.19704,2.39319,1.2896,3.56191,0.42336,0,0.42336,460.49,0,0.990196,0,0,1.25147,0.261274,1.028160,1,0,12.8704,0,0,0,12.8704,0
20.0301,1.77325,0,0,0.936913,0.0425529,0.36288,3.6288,43.1582,0.895199,0,0,0.624886,0.274445,0,0.66528,12.849,1,1.07111,0.36288,0,18.0422,5.62735,11.7066,0.84672,12.849,0.84672,3695.15,0,0,0,0.261274,2.1972,2.33093,1.45775,3.33165,0.42336,0,0.42336,460.49,0,0.798241,0,0,1.05951,0.261274,1.028160,1,0,15.0383,0,0,0,15.0383,0
18.7729,1.73295,0,0,0.879751,0.0411324,0.36288,3.6288,42.5728,0.846426,0,0,0.542246,0.281268,0,0.66528,12.849,1,1.11166,0.36288,0,15.853,5.70098,9.40326,0.84672,12.849,0.84672,3695.15,0,0,0,0.261274,2.24609,2.39771,1.48577,3.41931,0.42336,0,0.42336,460.49,0,0.847014,0,0,1.10829,0.261274,1.028160,1,0,12.8226,0,0,0,12.8226,0
17.5031,1.6889,0,0,0.822433,0.0404145,0.36288,3.6288,41.8869,0.9079,0,0,0.501701,0.279701,0,0.66528,12.849,1,1.15596,0.36288,0,15.0739,5.70098,8.5799,0.84672,12.849,0.84672,3695.15,0,0,0,0.227405,2.24626,2.1039,1.48577,3.09179,0.42336,0,0.42336,460.49,0,0.78554,0,0,1.01294,0.227405,1.028160,1,0,11.6717,0,0,0,11.6717,0
16.2712,1.64068,0,0,0.811365,0.0396894,0.36288,3.6288,41.3122,0.839644,0,0,0.542792,0.277864,0,0.66528,12.849,1,1.20442,0.36288,0,13.9871,5.70098,7.44461,0.84672,12.849,0.84672,3695.15,0,0,0,0.227405,2.24642,2.37928,1.48577,3.36733,0.42336,0,0.42336,460.49,0,0.853796,0,0,1.0812,0.227405,1.028160,1,0,10.8119,0,0,0,10.8119,0
15.0112,1.70733,0,0,0.841683,0.0315117,0.36288,3.6288,40.739,0.844836,0,0,0.552571,0.280916,0,0.66528,12.849,1,1.34824,0.36288,0,14.2867,6.00465,7.29666,0.84672,12.849,0.84672,3695.15,0,0,0,0.227405,2.24658,2.74539,1.59482,3.62455,0.42336,0,0.42336,460.49,0,0.848604,0,0,1.07601,0.227405,1.028160,1,0,10.9212,0,0,0,10.9212,0
13.7916,1.64649,0,0,0.82302,0.0331976,0.36288,3.6288,40.1495,0.858358,0,0,0.566568,0.297711,0,0.66528,12.849,1,1.40933,0.36288,0,15.1562,6.07939,8.03035,0.84672,12.849,0.84672,3695.15,0,0,0,0.227405,2.41355,2.13198,1.65417,3.11876,0.42336,0,0.42336,460.49,0,0.835082,0,0,1.06249,0.227405,1.028160,1,0,11.1491,0,0,0,11.1491,0
12.4921,1.58211,0,0,0.677756,0.0323447,0.36288,3.6288,39.3876,0.95904,0,0,0.493129,0.296001,0,0.66528,12.849,1,1.47398,0.36288,0,18.8152,6.07939,11.6248,0.84672,12.849,0.84672,3695.15,0,0,0,0.204422,2.41372,1.90206,1.65417,2.86603,0.42336,0,0.42336,460.49,0,0.7344,0,0,0.938822,0.204422,1.028160,1,0,14.4908,0,0,0,14.4908,0
11.3409,1.50665,0,0,0.749762,0.0314358,0.36288,3.6288,39.1022,0.668874,0,0,0.677403,0.293875,0,0.66528,12.849,1,1.5497,0.36288,0,16.1317,6.07939,8.86544,0.84672,12.849,0.84672,3695.15,0,0,0,0.204422,2.41389,2.27299,1.65417,3.23714,0.42336,0,0.42336,460.49,0,1.02457,0,0,1.22899,0.204422,1.028160,1,0,12.1026,0,0,0,12.1026,0
10.3439,1.43302,0,0,0.833751,0.0347774,0.36288,3.6288,38.6775,0.726348,0,0,0.580386,0.278744,0,0.66528,12.849,1,1.62359,0.36288,0,16.7078,5.78474,9.66233,0.84672,12.849,0.84672,3695.15,0,0,0,0.204422,2.41407,2.7374,1.55887,3.79702,0.42336,0,0.42336,460.49,0,0.967092,0,0,1.17151,0.204422,1.028160,1,0,13.4594,0,0,0,13.4594,0
9.49629,1.31764,0,0,0.887008,0.0541267,0.36288,3.6288,38.2497,0.778619,0,0,0.582981,0.232135,0,0.66528,12.849,1,1.63674,0.36288,0,21.1281,5.31069,14.5435,0.84672,12.849,0.84672,3695.15,0,0,0,0.204422,2.41424,2.76745,1.49072,3.8954,0.42336,0,0.42336,460.49,0,0.914821,0,0,1.11924,0.204422,1.028160,1,0,18.4389,0,0,0,18.4389,0
9.59266,1.25566,0,0,1.76784,0.0529411,0.36288,3.6288,38.3197,0.66528,0,0,0.966433,0.23119,0,0.66528,12.849,1,1.69897,0.36288,0,22.6921,5.31069,16.0453,0.84672,12.849,0.84672,3695.15,0,0,0,1.14147,2.31784,4.52703,1.49072,6.49563,0.42336,0,0.42336,460.49,0,1.02816,0,0,2.16963,1.14147,1.028160,1,0,22.5409,0,0,0,22.5409,0
8.70812,1.26306,0,0,0.794491,0.0530888,0.36288,3.6288,37.9259,0.727989,0,0,0.565548,0.231344,0,0.66528,12.849,1,1.69182,0.36288,0,19.487,5.31069,12.8474,0.84672,12.849,0.84672,3695.15,0,0,0,0.216518,2.31801,2.44725,1.49072,3.49106,0.42336,0,0.42336,460.49,0,0.965451,0,0,1.18197,0.216518,1.028160,1,0,16.3384,0,0,0,16.3384,0
7.99882,1.19374,0,0,0.899061,0.0517328,0.36288,3.6288,37.561,0.797342,0,0,0.662939,0.230474,0,0.66528,12.849,1,1.76139,0.36288,0,15.6432,5.31069,8.93395,0.84672,12.849,0.84672,3695.15,0,0,0,0.216518,2.31818,2.72511,1.49072,3.76908,0.42336,0,0.42336,460.49,0,0.896098,0,0,1.11262,0.216518,1.028160,1,0,12.703,0,0,0,12.703,0
8.11991,1.10162,0,0,1.66799,0.0823933,0.36288,3.6288,37.5708,0.66528,0,0,0.866894,0.191887,0,0.66528,12.849,1,1.76961,0.36288,0,21.423,4.14948,15.8668,0.84672,12.849,0.84672,3695.15,0,0,0,0.739014,2.31834,4.60388,0.959406,6.70183,0.42336,0,0.42336,460.49,0,1.02816,0,0,1.76717,0.739014,1.028160,1,0,22.5686,0,0,0,22.5686,0
9.55346,1.11194,0,0,3.01945,0.111085,0.36288,3.6288,37.6455,0.66528,0,0,0.90809,0.168098,0,0.66528,12.849,1,1.75954,0.36288,0,37.7167,4.16694,32.1531,0.84672,12.849,0.84672,3695.15,0,0,0,0.88268,2.23229,6.30824,0.942704,8.48051,0.42336,0,0.42336,460.49,0,1.02816,0,0,1.91084,0.88268,1.028160,1,0,40.6336,0,0,0,40.6336,0
10.345,1.22464,0,0,2.51265,0.133589,0.36288,3.6288,37.4509,0.66528,0,0,0.635591,0.164849,0,0.66528,12.849,1,1.64709,0.36288,0,30.6429,4.20588,25.1528,0.84672,12.849,0.84672,3695.15,0,0,0,0.370233,2.23245,5.26672,0.992309,6.8771,0.42336,0,0.42336,460.49,0,1.02816,0,0,1.39839,0.370233,1.028160,1,0,32.0299,0,0,0,32.0299,0
12.347,1.28096,0,0,3.78219,0.136359,0.36288,3.6288,38.1603,0.66528,0,0,1.53917,0.164541,0,0.66528,12.849,1,1.59101,0.36288,0,47.7834,4.20588,42.3494,0.84672,12.849,0.84672,3695.15,0,0,0,3.01359,2.23261,10.6792,0.992309,14.9331,0.42336,0,0.42336,460.49,0,1.02816,0,0,4.04175,3.01359,1.028160,1,0,57.2826,0,0,0,57.2826,0
19.2922,1.29033,0,0,8.74062,0.142166,0.36288,3.6288,40.2371,0.66528,0,0,2.89757,0.155519,0,0.66528,12.849,1,1.3428,0.36288,0,112.587,4.03551,107.572,0.84672,12.849,0.84672,3695.15,0,0,0,5.2972,2.23277,14.4707,0.973585,21.0271,0.42336,0,0.42336,460.49,0,1.02816,0,0,6.32536,5.2972,1.028160,1,0,128.599,0,0,0,128.599,0
22.7769,1.58063,0,0,5.58871,0.160539,0.36288,3.6288,41.0861,0.66528,0,0,1.6591,0.14482,0,0.66528,12.849,1,1.05273,0.36288,0,69.1456,3.80835,64.6474,0.84672,12.849,0.84672,3695.15,0,0,0,2.85962,2.04137,8.51161,0.948619,12.464,0.42336,0,0.42336,460.49,0,1.02816,0,0,3.88778,2.85962,1.028160,1,0,77.1114,0,0,0,77.1114,0
27.2966,1.68374,0,0,6.73466,0.168386,0.36288,3.6288,42.024,0.66528,0,0,1.74928,0.146024,0,0.66528,12.849,1,0.949841,0.36288,0,79.2027,3.80835,74.8074,0.84672,12.849,0.84672,3695.15,0,0,0,2.67214,2.04152,11.6071,0.948619,15.3721,0.42336,0,0.42336,460.49,0,1.02816,0,0,3.7003,2.67214,1.028160,1,0,90.1795,0,0,0,90.1795,0
28.8969,1.79083,0,0,3.94996,0.195867,0.36288,3.6288,42.6672,0.66528,0,0,1.45048,0.142077,0,0.66528,12.849,1,0.842979,0.36288,0,53.2095,4.06267,48.6668,0.84672,12.849,0.84672,3695.15,0,0,0,1.95051,2.04166,5.96588,0.908757,9.04929,0.42336,0,0.42336,460.49,0,1.02816,0,0,2.97867,1.95051,1.028160,1,0,57.716,0,0,0,57.716,0
29.9725,1.82331,0,0,3.47164,0.209856,0.36288,3.6288,43.005,0.66528,0,0,1.19257,0.189501,0,0.66528,12.849,1,0.810733,0.36288,0,54.6914,5.00745,49.2361,0.84672,12.849,0.84672,3695.15,0,0,0,1.75722,2.04181,5.28409,1.22532,7.8578,0.42336,0,0.42336,460.49,0,1.02816,0,0,2.78538,1.75722,1.028160,1,0,57.0939,0,0,0,57.0939,0
38.6245,1.90822,0,0,11.1082,0.18511,0.36288,3.6288,44.0983,0.66528,0,0,1.94579,0.187133,0,0.66528,12.849,1,0.818039,0.36288,0,140.685,4.81225,135.418,0.84672,12.849,0.84672,3695.15,0,0,0,2.88292,2.04195,16.5503,1.16389,20.3112,0.42336,0,0.42336,460.49,0,1.02816,0,0,3.91108,2.88292,1.028160,1,0,155.729,0,0,0,155.729,0
49.2465,2.04588,0,0,13.2367,0.205909,0.36288,3.6288,46.7991,0.66528,0,0,3.55515,0.189083,0,0.66528,12.849,1,0.680591,0.36288,0,159.681,4.81225,154.551,0.84672,12.849,0.84672,3695.15,0,0,0,4.83443,2.10184,23.5399,1.16389,29.3123,0.42336,0,0.42336,460.49,0,1.02816,0,0,5.86259,4.83443,1.028160,1,0,183.863,0,0,0,183.863,0
59.5397,2.16247,0,0,13.0509,0.232349,0.36288,3.6288,50.813,0.66528,0,0,4.87306,0.193892,0,0.66528,12.849,1,0.564213,0.36288,0,304.951,4.81225,299.937,0.84672,12.849,0.84672,3695.15,0,0,0,5.76832,2.10198,25.6518,1.16389,32.3582,0.42336,0,0.42336,460.49,0,1.02816,0,0,6.79648,5.76832,1.028160,1,0,332.295,0,0,0,332.295,0
66.1779,2.43775,0,0,9.69667,0.25785,0.36288,3.6288,53.2925,0.66528,0,0,3.34519,0.200443,0,0.66528,12.849,1,0.526081,0.36288,0,186.295,4.81225,181.319,0.84672,12.849,0.84672,3695.15,0,0,0,4.37792,2.10211,20.8584,1.16389,26.1746,0.42336,0,0.42336,460.49,0,1.02816,0,0,5.40608,4.37792,1.028160,1,0,207.494,0,0,0,207.494,0
72.2014,2.80338,0,0,9.49046,0.300703,0.36288,3.6288,55.4186,0.66528,0,0,2.98672,0.195364,0,0.66528,12.849,1,0.5443,0.36288,0,120.371,3.86982,116.32,0.84672,12.849,0.84672,3695.15,0,0,0,3.07269,2.25283,15.1991,0.991874,19.5328,0.42336,0,0.42336,460.49,0,1.02816,0,0,4.10085,3.07269,1.028160,1,0,135.852,0,0,0,135.852,0
72.29,2.84215,0,0,5.3416,0.317011,2.09382,3.6288,56.8737,0.66528,0,0,2.33222,0.211806,0,0.66528,12.849,1,0.50579,2.09382,0,88.1038,3.57431,86.1175,0.84672,12.849,0.84672,3695.15,0,0,0,1.30818,2.52666,8.73558,0.967339,11.6031,0.42336,0,0.42336,460.49,0,1.02816,0,0,2.33634,1.30818,1.028160,1,0,97.7206,0,0,0,97.7206,0
72.29,2.84289,0,0,5.19606,0.317224,2.03595,3.6288,59.1688,0.66528,0,0,3.17425,0.21383,0,0.66528,12.849,1,0.505302,2.03595,0,99.2667,3.57431,97.223,0.84672,12.849,0.84672,3695.15,0,0,0,3.21087,2.52682,13.431,0.967339,18.2013,0.42336,0,0.42336,460.49,0,1.02816,0,0,4.23903,3.21087,1.028160,1,0,115.424,0,0,0,115.424,0
72.29,2.84311,0,0,5.3149,0.338913,2.13288,3.6288,60.3881,0.66528,0,0,2.09042,0.20587,0,0.66528,12.849,1,0.505341,2.13288,0,125.034,3.63996,123.021,0.84672,12.849,0.84672,3695.15,0,0,0,2.23162,2.52699,9.94663,0.938589,13.7666,0.42336,0,0.42336,460.49,0,1.02816,0,0,3.25978,2.23162,1.028160,1,0,136.788,0,0,0,136.788,0
72.29,2.45037,0,0,7.11047,0.360657,4.29945,3.6288,61.308,0.66528,0,0,4.3023,0.205354,2.51177,0.66528,12.849,1,0.435534,4.29945,0,111.834,3.53775,112.161,0.84672,12.849,0.84672,3695.15,0,0,0,6.10534,2.52715,17.8832,0.943325,25.5724,0.42336,0,0.42336,460.49,0,1.02816,0,0,7.1335,6.10534,1.028160,1,0,140.245,0,0,0,140.245,0
72.29,2.45056,0,0,7.12375,0.34639,4.3268,3.6288,61.308,0.66528,0,0,4.24501,0.204256,3.37548,0.66528,12.849,1,0.435568,4.3268,0,91.7015,3.42846,92.1643,0.84672,12.849,0.84672,3695.15,0,0,0,4.58916,2.20534,17.5213,0.95764,23.3582,0.42336,0,0.42336,460.49,0,1.02816,0,0,5.61732,4.58916,1.028160,1,0,118.898,0,0,0,118.898,0
72.29,2.45075,0,0,5.75087,0.34639,2.95374,3.6288,61.308,0.66528,0,0,2.99758,0.204256,2.12804,0.66528,12.849,1,0.435601,2.95374,0,99.1146,3.42846,98.2043,0.84672,12.849,0.84672,3695.15,0,0,0,2.6731,2.20549,12.1538,0.95764,16.0747,0.42336,0,0.42336,460.49,0,1.02816,0,0,3.70126,2.6731,1.028160,1,0,116.407,0,0,0,116.407,0
72.29,2.45093,0,0,4.04842,0.34639,1.2511,3.6288,61.308,0.66528,0,0,2.12635,0.204256,1.25681,0.66528,12.849,1,0.435635,1.2511,0,88.1133,3.42846,85.5003,0.84672,12.849,0.84672,3695.15,0,0,0,2.16756,2.20563,11.6803,0.95764,15.0959,0.42336,0,0.42336,460.49,0,1.02816,0,0,3.19572,2.16756,1.028160,1,0,101.853,0,0,0,101.853,0
72.29,2.45112,0,0,5.45203,0.269583,2.73132,3.6288,61.308,0.66528,0,0,2.06342,0.160765,1.23738,0.66528,12.849,1,0.435669,2.73132,0,82.4118,2.74461,81.9628,0.84672,12.849,0.84672,3695.15,0,0,0,1.98055,2.20577,10.9369,0.841111,14.2821,0.42336,0,0.42336,460.49,0,1.02816,0,0,3.00871,1.98055,1.028160,1,0,97.4823,0,0,0,97.4823,0
72.29,2.55026,0,0,6.05077,0.275277,3.22524,3.6288,61.308,0.66528,0,0,2.0391,0.202477,1.17134,0.66528,12.849,1,0.453289,3.22524,0,100.828,3.41439,100.185,0.84672,12.849,0.84672,3695.15,0,0,0,1.47924,2.20591,9.32593,0.970759,12.0403,0.42336,0,0.42336,460.49,0,1.02816,0,0,2.5074,1.47924,1.028160,1,0,113.397,0,0,0,113.397,0
72.29,2.55046,0,0,4.15671,0.273736,1.33252,3.6288,61.308,0.66528,0,0,1.83774,0.210806,0.96165,0.66528,12.849,1,0.453324,1.33252,0,84.0914,3.59951,81.3711,0.84672,12.849,0.84672,3695.15,0,0,0,1.54029,2.28546,7.10764,1.02122,9.91217,0.42336,0,0.42336,460.49,0,1.02816,0,0,2.56845,1.54029,1.028160,1,0,92.2449,0,0,0,92.2449,0
72.29,2.55065,0,0,3.88092,0.273736,1.05653,3.6288,61.308,0.66528,0,0,2.02121,0.210806,1.14512,0.66528,12.849,1,0.453359,1.05653,0,63.2084,3.59951,60.2121,0.84672,12.849,0.84672,3695.15,0,0,0,1.51018,2.28561,6.31598,1.02122,9.09055,0.42336,0,0.42336,460.49,0,1.02816,0,0,2.53834,1.51018,1.028160,1,0,70.4478,0,0,0,70.4478,0
72.29,2.55085,0,0,3.61182,0.271561,0.789413,3.6288,61.308,0.66528,0,0,2.59939,0.205189,1.72892,0.66528,12.849,1,0.453394,0.789413,0,58.7237,3.38274,55.6769,0.84672,12.849,0.84672,3695.15,0,0,0,2.09983,2.28575,9.49838,0.978165,12.9058,0.42336,0,0.42336,460.49,0,1.02816,0,0,3.12799,2.09983,1.028160,1,0,70.3117,0,0,0,70.3117,0
72.29,2.51235,0,0,3.50513,0.185573,0.807209,3.6288,61.308,0.66528,0,0,1.7716,0.227961,0.878357,0.66528,12.849,1,0.44655,0.807209,0,58.8266,3.81282,55.3744,0.84672,12.849,0.84672,3695.15,0,0,0,1.15697,2.2859,6.83165,1.04279,9.23173,0.42336,0,0.42336,460.49,0,1.02816,0,0,2.18513,1.15697,1.028160,1,0,65.4845,0,0,0,65.4845,0
72.0388,2.51254,0,0,2.79955,0.175282,0.36288,3.6288,61.308,0.66528,0,0,1.23999,0.229574,0.345133,0.66528,12.849,1,0.446585,0.36288,0,48.9764,3.84856,45.0442,0.84672,12.849,0.84672,3695.15,0,0,0,0.60575,2.25514,5.40338,1.04714,7.21713,0.42336,0,0.42336,460.49,0,1.02816,0,0,1.63391,0.60575,1.028160,1,0,52.6064,0,0,0,52.6064,0
71.6472,2.26488,0,0,2.41106,0.174948,0.36288,3.6288,61.308,0.76756,0,0,1.15056,0.229574,0.153429,0.66528,12.849,1,0.403969,0.36288,0,43.9257,3.84856,40.036,0.84672,12.849,0.84672,3695.15,0,0,0,0.528595,2.25529,5.05167,1.04714,6.78841,0.42336,0,0.42336,460.49,0,0.92588,0,0,1.45447,0.528595,1.028160,1,0,46.9779,0,0,0,46.9779,0
71.3105,2.26318,0,0,2.46377,0.174427,0.36288,3.6288,61.1917,0.955973,0,0,1.06927,0.229574,0,0.66528,12.849,1,0.405873,0.36288,0,44.6454,3.84856,40.7538,0.84672,12.849,0.84672,3695.15,0,0,0,0.402797,2.07032,5.28997,1.04714,6.71595,0.42336,0,0.42336,460.49,0,0.737467,0,0,1.14026,0.402797,1.028160,1,0,47.4698,0,0,0,47.4698,0
71.2714,2.38118,0,0,2.86848,0.163479,0.36288,3.6288,61.1253,0.898335,0,0,1.07732,0.245369,0,0.66528,12.849,1,0.42905,0.36288,0,53.727,4.17274,49.4881,0.84672,12.849,0.84672,3695.15,0,0,0,0.402797,2.07045,5.03322,1.09773,6.40874,0.42336,0,0.42336,460.49,0,0.795105,0,0,1.1979,0.402797,1.028160,1,0,55.8968,0,0,0,55.8968,0
70.5088,2.63902,0,0,2.39368,0.154402,0.36288,3.6288,61.102,0.748215,0,0,0.987725,0.262842,0,0.66528,12.849,1,0.47577,0.36288,0,42.6217,5.02659,37.4822,0.84672,12.849,0.84672,3695.15,0,0,0,0.402797,2.16927,3.96668,1.17212,5.36663,0.42336,0,0.42336,460.49,0,0.945225,0,0,1.34802,0.402797,1.028160,1,0,42.8489,0,0,0,42.8489,0
69.5986,2.63487,0,0,2.17348,0.0859216,0.36288,3.6288,60.7789,0.949406,0,0,0.910094,0.283829,0,0.66528,12.849,1,0.48016,0.36288,0,31.0223,5.38461,25.5204,0.84672,12.849,0.84672,3695.15,0,0,0,0.402797,2.36421,3.71154,1.32425,5.1543,0.42336,0,0.42336,460.49,0,0.744034,0,0,1.14683,0.402797,1.028160,1,0,30.6747,0,0,0,30.6747,0
68.6044,2.62977,0,0,2.0838,0.0853201,0.36288,3.6288,60.534,0.849485,0,0,0.887881,0.283249,0,0.66528,12.849,1,0.485498,0.36288,0,28.7045,5.38461,23.1973,0.84672,12.849,0.84672,3695.15,0,0,0,0.30119,2.36437,3.58616,1.32425,4.92747,0.42336,0,0.42336,460.49,0,0.843955,0,0,1.14515,0.30119,1.028160,1,0,28.1247,0,0,0,28.1247,0
67.5187,2.62405,0,0,1.98978,0.0885754,0.36288,3.6288,60.4735,0.708869,0,0,0.933025,0.28465,0,0.66528,12.849,1,0.491461,0.36288,0,28.6711,5.36644,23.176,0.84672,12.849,0.84672,3695.15,0,0,0,0.30119,2.36452,3.47064,1.31868,4.81768,0.42336,0,0.42336,460.49,0,0.984571,0,0,1.28576,0.30119,1.028160,1,0,27.9937,0,0,0,27.9937,0
66.2751,2.59189,0,0,1.81003,0.0988633,0.36288,3.6288,60.5649,0.66528,0,0,1.0698,0.313173,0,0.66528,12.849,1,0.493244,0.36288,0,35.2849,5.27645,29.8781,0.84672,12.849,0.84672,3695.15,0,0,0,0.409303,2.36467,3.67924,1.34384,5.10937,0.42336,0,0.42336,460.49,0,1.02816,0,0,1.43746,0.409303,1.028160,1,0,34.9875,0,0,0,34.9875,0
64.9586,2.58434,0,0,1.71248,0.0817399,0.36288,3.6288,60.5916,0.66528,0,0,1.02884,0.336823,0,0.66528,12.849,1,0.501035,0.36288,0,33.2648,5.30177,27.8249,0.84672,12.849,0.84672,3695.15,0,0,0,0.362033,2.40271,3.65969,1.42195,5.00248,0.42336,0,0.42336,460.49,0,1.02816,0,0,1.39019,0.362033,1.028160,1,0,32.8273,0,0,0,32.8273,0
63.5571,2.57606,0,0,1.61827,0.0808844,0.36288,3.6288,60.5069,0.66528,0,0,0.91749,0.33688,0,0.66528,12.849,1,0.509551,0.36288,0,30.1653,5.30177,24.7168,0.84672,12.849,0.84672,3695.15,0,0,0,0.311524,2.40286,3.53924,1.42195,4.83167,0.42336,0,0.42336,460.49,0,1.02816,0,0,1.33968,0.311524,1.028160,1,0,29.5485,0,0,0,29.5485,0
62.0547,2.56691,0,0,1.50742,0.0799736,0.36288,3.6288,60.3264,0.68707,0,0,0.843255,0.336699,0,0.66528,12.849,1,0.518938,0.36288,0,28.8311,5.30177,23.3733,0.84672,12.849,0.84672,3695.15,0,0,0,0.261274,2.40302,3.30432,1.42195,4.54666,0.42336,0,0.42336,460.49,0,1.00637,0,0,1.26764,0.261274,1.028160,1,0,27.9199,0,0,0,27.9199,0
60.3943,2.62221,0,0,1.39457,0.0699741,0.36288,3.6288,60.0527,0.852276,0,0,0.900469,0.321884,0,0.66528,12.849,1,0.542952,0.36288,0,24.2214,5.52827,18.513,0.84672,12.849,0.84672,3695.15,0,0,0,0.261274,2.40317,2.73662,1.38343,4.01764,0.42336,0,0.42336,460.49,0,0.841164,0,0,1.10244,0.261274,1.028160,1,0,22.5307,0,0,0,22.5307,0
58.6918,2.6101,0,0,1.33601,0.0654583,0.36288,3.6288,59.742,0.818389,0,0,0.823245,0.315563,0,0.66528,12.849,1,0.555304,0.36288,0,29.6787,5.61887,23.8674,0.84672,12.849,0.84672,3695.15,0,0,0,0.261274,2.45703,2.75417,1.36802,4.10446,0.42336,0,0.42336,460.49,0,0.875051,0,0,1.13632,0.261274,1.028160,1,0,27.9718,0,0,0,27.9718,0
56.9184,2.59708,0,0,1.25099,0.0644031,0.36288,3.6288,59.3532,0.839471,0,0,0.765582,0.314938,0,0.66528,12.849,1,0.568562,0.36288,0,23.8291,5.61887,18.0046,0.84672,12.849,0.84672,3695.15,0,0,0,0.261274,2.45719,2.48265,1.36802,3.8331,0.42336,0,0.42336,460.49,0,0.853969,0,0,1.11524,0.261274,1.028160,1,0,21.8377,0,0,0,21.8377,0
55.0484,2.58283,0,0,1.13898,0.063297,0.36288,3.6288,58.7887,0.977193,0,0,0.726823,0.314156,0,0.66528,12.849,1,0.583058,0.36288,0,21.7172,5.61887,15.8781,0.84672,12.849,0.84672,3695.15,0,0,0,0.227405,2.45735,2.31576,1.36802,3.6325,0.42336,0,0.42336,460.49,0,0.716247,0,0,0.943652,0.227405,1.028160,1,0,19.5106,0,0,0,19.5106,0
53.2113,2.75478,0,0,1.33436,0.0538003,0.36288,3.6288,58.6946,0.67932,0,0,0.907641,0.322432,0,0.66528,12.849,1,0.643,0.36288,0,24.321,5.77338,18.2675,0.84672,12.849,0.84672,3695.15,0,0,0,0.227405,2.45751,3.39316,1.41678,4.6613,0.42336,0,0.42336,460.49,0,1.01412,0,0,1.24152,0.227405,1.028160,1,0,22.9288,0,0,0,22.9288,0
51.3124,2.7371,0,0,1.265,0.0638972,0.36288,3.6288,58.1637,1.05268,0,0,0.860008,0.338206,0,0.66528,12.849,1,0.660932,0.36288,0,25.3855,5.73594,19.3515,0.84672,12.849,0.84672,3695.15,0,0,0,0.227405,2.64148,2.93995,1.45292,4.35591,0.42336,0,0.42336,460.49,0,0.64076,0,0,0.868164,0.227405,1.028160,1,0,23.7074,0,0,0,23.7074,0
49.3565,2.71775,0,0,1.19015,0.0654167,0.36288,3.6288,58.0238,0.66528,0,0,0.850133,0.324715,0,0.66528,12.849,1,0.680544,0.36288,0,23.9327,5.85008,17.765,0.84672,12.849,0.84672,3695.15,0,0,0,0.285111,2.64165,3.21439,1.49433,4.64682,0.42336,0,0.42336,460.49,0,1.02816,0,0,1.31327,0.285111,1.028160,1,0,22.4118,0,0,0,22.4118,0
47.3551,2.69656,0,0,1.12209,0.0640813,0.36288,3.6288,57.8488,0.66528,0,0,0.814657,0.324422,0,0.66528,12.849,1,0.701995,0.36288,0,24.2756,5.85008,18.0864,0.84672,12.849,0.84672,3695.15,0,0,0,0.362638,2.64182,3.00181,1.49433,4.51194,0.42336,0,0.42336,460.49,0,1.02816,0,0,1.3908,0.362638,1.028160,1,0,22.5984,0,0,0,22.5984,0
45.3544,2.67342,0,0,1.09831,0.0627022,0.36288,3.6288,57.6753,0.66528,0,0,0.815901,0.324055,0,0.66528,12.849,1,0.725388,0.36288,0,23.0195,5.85008,16.8069,0.84672,12.849,0.84672,3695.15,0,0,0,0.350231,2.64199,3.01167,1.49433,4.50956,0.42336,0,0.42336,460.49,0,1.02816,0,0,1.37839,0.350231,1.028160,1,0,21.3164,0,0,0,21.3164,0
43.8035,2.56069,0,0,1.41487,0.0421738,0.36288,3.6288,57.8685,0.66528,0,0,1.15756,0.299102,0,0.66528,12.849,1,0.725447,0.36288,0,16.6112,5.41139,10.8372,0.84672,12.849,0.84672,3695.15,0,0,0,0.863568,2.64217,3.19842,1.42592,5.27824,0.42336,0,0.42336,460.49,0,1.02816,0,0,1.89173,0.863568,1.028160,1,0,16.1155,0,0,0,16.1155,0
42.0322,2.54102,0,0,1.174,0.0414389,0.36288,3.6288,57.2731,0.918536,0,0,0.622588,0.299476,0,0.66528,12.849,1,0.745363,0.36288,0,15.9159,5.41139,10.122,0.84672,12.849,0.84672,3695.15,0,0,0,0.204422,2.53593,2.38196,1.42592,3.69639,0.42336,0,0.42336,460.49,0,0.774904,0,0,0.979327,0.204422,1.028160,1,0,13.8184,0,0,0,13.8184,0
40.7559,2.51715,0,0,1.68853,0.0847617,0.36288,3.6288,56.9785,0.806389,0,0,0.765791,0.254,0,0.66528,12.849,1,0.769479,0.36288,0,18.5754,4.78849,13.3803,0.84672,12.849,0.84672,3695.15,0,0,0,0.216518,2.53609,2.62107,1.23122,4.14246,0.42336,0,0.42336,460.49,0,0.887051,0,0,1.10357,0.216518,1.028160,1,0,17.5228,0,0,0,17.5228,0
41.8778,2.49902,0,0,4.12526,0.141505,0.36288,3.6288,57.6923,0.66528,0,0,1.57358,0.194529,0,0.66528,12.849,1,0.78786,0.36288,0,56.0196,3.95797,51.6366,0.84672,12.849,0.84672,3695.15,0,0,0,0.729596,2.53626,6.98145,0.971632,9.27567,0.42336,0,0.42336,460.49,0,1.02816,0,0,1.75776,0.729596,1.028160,1,0,60.9123,0,0,0,60.9123,0
41.5857,2.44441,0,0,2.63878,0.123606,0.36288,3.6288,57.8847,0.66528,0,0,1.04538,0.187692,0,0.66528,12.849,1,0.749997,0.36288,0,47.6467,4.34446,42.9152,0.84672,12.849,0.84672,3695.15,0,0,0,1.00786,2.53642,4.20905,1.0055,6.74784,0.42336,0,0.42336,460.49,0,1.02816,0,0,2.03602,1.00786,1.028160,1,0,49.663,0,0,0,49.663,0
44.4955,2.44057,0,0,5.86482,0.151524,0.36288,3.6288,58.6242,0.66528,0,0,1.55384,0.14907,0,0.66528,12.849,1,0.75408,0.36288,0,52.5979,3.86988,48.3368,0.84672,12.849,0.84672,3695.15,0,0,0,2.03008,2.44159,6.8542,0.858115,10.4678,0.42336,0,0.42336,460.49,0,1.02816,0,0,3.05824,2.03008,1.028160,1,0,58.8046,0,0,0,58.8046,0
48.7367,2.47903,0,0,7.23976,0.156698,0.36288,3.6288,59.6626,0.66528,0,0,1.85347,0.149782,0,0.66528,12.849,1,0.71587,0.36288,0,79.2945,3.86988,75.0716,0.84672,12.849,0.84672,3695.15,0,0,0,2.68423,2.44175,10.6805,0.858115,14.9484,0.42336,0,0.42336,460.49,0,1.02816,0,0,3.71239,2.68423,1.028160,1,0,90.02,0,0,0,90.02,0
52.9112,2.52852,0,0,7.23014,0.164238,0.36288,3.6288,60.7435,0.66528,0,0,1.89701,0.150782,0,0.66528,12.849,1,0.666622,0.36288,0,92.7772,3.86988,88.6036,0.84672,12.849,0.84672,3695.15,0,0,0,2.57921,2.44191,10.5729,0.858115,14.7359,0.42336,0,0.42336,460.49,0,1.02816,0,0,3.60737,2.57921,1.028160,1,0,103.34,0,0,0,103.34,0
58.0457,2.35908,0,0,8.06666,0.210218,0.36288,3.6288,61.308,0.66528,0,0,3.35495,0.175835,1.94936,0.66528,12.849,1,0.572881,0.36288,0,99.6242,4.18506,95.2292,0.84672,12.849,0.84672,3695.15,0,0,0,2.63487,2.44207,10.1552,0.982756,14.2493,0.42336,0,0.42336,460.49,0,1.02816,0,0,3.66303,2.63487,1.028160,1,0,111.428,0,0,0,111.428,0
56.7806,2.40076,0,0,1.7502,0.251656,0.36288,3.6288,61.308,0.66528,0,0,1.11027,0.208782,0.236213,0.66528,12.849,1,0.531432,0.36288,0,44.2457,4.28757,39.7896,0.84672,12.849,0.84672,3695.15,0,0,0,1.15431,2.23116,5.43941,1.03184,7.79304,0.42336,0,0.42336,460.49,0,1.02816,0,0,2.18247,1.15431,1.028160,1,0,47.8188,0,0,0,47.8188,0
56.5221,2.39128,0,0,2.74424,0.248553,0.36288,3.6288,61.308,0.66528,0,0,1.21262,0.208782,0.338562,0.66528,12.849,1,0.541129,0.36288,0,50.1448,4.28757,45.679,0.84672,12.849,0.84672,3695.15,0,0,0,1.31321,2.23131,5.42975,1.03184,7.94242,0.42336,0,0.42336,460.49,0,1.02816,0,0,2.34137,1.31321,1.028160,1,0,53.96,0,0,0,53.96,0
59.2813,2.38945,0,0,5.75683,0.245348,0.36288,3.6288,61.308,0.66528,0,0,1.75799,0.209983,0.882726,0.66528,12.849,1,0.543187,0.36288,0,44.512,4.35213,39.9795,0.84672,12.849,0.84672,3695.15,0,0,0,1.99365,2.23145,7.72668,1.08683,10.8649,0.42336,0,0.42336,460.49,0,1.02816,0,0,3.02181,1.99365,1.028160,1,0,51.7272,0,0,0,51.7272,0
63.6274,2.41042,0,0,7.35566,0.236192,0.36288,3.6288,61.308,0.66528,0,0,1.88479,0.217191,1.00232,0.66528,12.849,1,0.522449,0.36288,0,64.5998,4.73949,59.7007,0.84672,12.849,0.84672,3695.15,0,0,0,2.02083,2.23159,7.43911,1.41676,10.2748,0.42336,0,0.42336,460.49,0,1.02816,0,0,3.04899,2.02083,1.028160,1,0,70.9778,0,0,0,70.9778,0
64.9112,2.52461,0,0,4.41677,0.245502,0.36288,3.6288,61.308,0.66528,0,0,1.08816,0.251099,0.171777,0.66528,12.849,1,0.509823,0.36288,0,75.9309,4.42485,71.3591,0.84672,12.849,0.84672,3695.15,0,0,0,1.41493,2.23174,5.32054,1.28572,7.68149,0.42336,0,0.42336,460.49,0,1.02816,0,0,2.44309,1.41493,1.028160,1,0,79.2124,0,0,0,79.2124,0
67.0136,2.5332,0,0,5.24661,0.248124,0.36288,3.6288,61.308,0.66528,0,0,1.05793,0.25675,0.135904,0.66528,12.849,1,0.501441,0.36288,0,103.553,4.37241,99.042,0.84672,12.849,0.84672,3695.15,0,0,0,1.42478,2.29771,4.92238,1.26387,7.38099,0.42336,0,0.42336,460.49,0,1.02816,0,0,2.45294,1.42478,1.028160,1,0,106.559,0,0,0,106.559,0
67.7063,2.54658,0,0,3.8545,0.252316,0.36288,3.6288,61.2999,0.66528,0,0,0.913965,0.25675,0,0.66528,12.849,1,0.488273,0.36288,0,67.322,4.37241,62.8242,0.84672,12.849,0.84672,3695.15,0,0,0,1.03815,2.29784,4.88648,1.26387,6.95859,0.42336,0,0.42336,460.49,0,1.02816,0,0,2.06631,1.03815,1.028160,1,0,69.7828,0,0,0,69.7828,0
67.9408,2.55095,0,0,3.40866,0.260338,0.36288,3.6288,61.1432,0.66528,0,0,0.742815,0.23431,0,0.66528,12.849,1,0.484108,0.36288,0,56.3669,4.10511,52.1406,0.84672,12.849,0.84672,3695.15,0,0,0,0.626625,2.29797,4.07251,1.16074,5.83636,0.42336,0,0.42336,460.49,0,1.02816,0,0,1.65478,0.626625,1.028160,1,0,57.977,0,0,0,57.977,0
67.4409,2.8263,0,0,2.95752,0.268263,0.36288,3.6288,60.5952,0.931098,0,0,0.612611,0.229472,0,0.66528,12.849,1,0.534511,0.36288,0,47.942,4.01148,43.7589,0.84672,12.849,0.84672,3695.15,0,0,0,0.503194,2.2981,4.33143,1.06298,6.06974,0.42336,0,0.42336,460.49,0,0.762342,0,0,1.26554,0.503194,1.028160,1,0,49.8286,0,0,0,49.8286,0
66.5383,2.82316,0,0,2.55289,0.269411,0.36288,3.6288,60.3362,0.66528,0,0,0.64468,0.238424,0,0.66528,12.849,1,0.537876,0.36288,0,37.7606,4.20672,33.3789,0.84672,12.849,0.84672,3695.15,0,0,0,0.70314,2.53511,3.74305,1.04755,5.93375,0.42336,0,0.42336,460.49,0,1.02816,0,0,1.7313,0.70314,1.028160,1,0,39.3126,0,0,0,39.3126,0
66.4714,2.81724,0,0,3.38069,0.267496,0.36288,3.6288,60.1903,0.66528,0,0,0.757426,0.238032,0,0.66528,12.849,1,0.544028,0.36288,0,52.5131,4.20672,48.1252,0.84672,12.849,0.84672,3695.15,0,0,0,1.04181,2.53526,4.90624,1.04755,7.43577,0.42336,0,0.42336,460.49,0,1.02816,0,0,2.06997,1.04181,1.028160,1,0,55.561,0,0,0,55.561,0
66.6944,2.81697,0,0,3.67019,0.267354,0.36288,3.6288,60.094,0.66528,0,0,0.806777,0.237811,0,0.66528,12.849,1,0.544523,0.36288,0,57.3847,4.20672,52.9964,0.84672,12.849,0.84672,3695.15,0,0,0,0.877357,2.5354,4.51613,1.04755,6.88134,0.42336,0,0.42336,460.49,0,1.02816,0,0,1.90552,0.877357,1.028160,1,0,59.8777,0,0,0,59.8777,0
66.7638,2.42926,0,0,3.11628,0.254737,0.36288,3.6288,60.1183,0.66528,0,0,0.932852,0.243208,0,0.66528,12.849,1,0.468009,0.36288,0,51.6237,4.21816,47.3004,0.84672,12.849,0.84672,3695.15,0,0,0,0.685273,2.53555,5.1291,1.00835,7.34157,0.42336,0,0.42336,460.49,0,1.02816,0,0,1.71343,0.685273,1.028160,1,0,54.6419,0,0,0,54.6419,0
67.9492,2.42983,0,0,4.26939,0.291328,0.36288,3.6288,60.4178,0.66528,0,0,1.19628,0.231557,0,0.66528,12.849,1,0.467633,0.36288,0,73.1775,4.35004,68.7227,0.84672,12.849,0.84672,3695.15,0,0,0,0.976692,2.21258,8.21457,1.03421,10.3696,0.42336,0,0.42336,460.49,0,1.02816,0,0,2.00485,0.976692,1.028160,1,0,79.0923,0,0,0,79.0923,0
69.1504,2.43686,0,0,4.29501,0.294063,0.36288,3.6288,60.3816,0.883751,0,0,1.07959,0.231999,0,0.66528,12.849,1,0.460804,0.36288,0,79.9036,4.35004,75.4556,0.84672,12.849,0.84672,3695.15,0,0,0,0.608429,2.2127,6.29815,1.03421,8.08508,0.42336,0,0.42336,460.49,0,0.809689,0,0,1.41812,0.608429,1.028160,1,0,83.5407,0,0,0,83.5407,0
71.6891,2.44378,0,0,5.6361,0.290671,0.36288,3.6288,60.9954,0.66528,0,0,1.50785,0.228781,0,0.66528,12.849,1,0.454085,0.36288,0,90.6621,4.35918,86.2117,0.84672,12.849,0.84672,3695.15,0,0,0,0.980951,2.21283,10.2486,1.01706,12.4253,0.42336,0,0.42336,460.49,0,1.02816,0,0,2.00911,0.980951,1.028160,1,0,98.637,0,0,0,98.637,0
72.29,2.21586,0,0,6.42793,0.258693,3.3525,3.6288,61.308,0.66528,0,0,2.04592,0.210609,0.857443,0.66528,12.849,1,0.397154,3.3525,0,106.589,4.41399,105.13,0.84672,12.849,0.84672,3695.15,0,0,0,4.18138,2.21296,10.8246,0.914195,16.3048,0.42336,0,0.42336,460.49,0,1.02816,0,0,5.20954,4.18138,1.028160,1,0,122.293,0,0,0,122.293,0
72.29,2.56016,0,0,6.41365,0.335247,3.51825,3.6288,61.308,0.66528,0,0,2.38083,0.180143,1.53541,0.66528,12.849,1,0.455049,3.51825,0,90.2759,4.06686,89.2722,0.84672,12.849,0.84672,3695.15,0,0,0,2.39914,2.03174,7.41167,0.950521,10.892,0.42336,0,0.42336,460.49,0,1.02816,0,0,3.4273,2.39914,1.028160,1,0,101.7,0,0,0,101.7,0
72.29,2.56033,0,0,4.15263,0.335247,1.25705,3.6288,61.308,0.66528,0,0,1.61986,0.180143,0.774438,0.66528,12.849,1,0.45508,1.25705,0,55.4913,4.06686,52.2264,0.84672,12.849,0.84672,3695.15,0,0,0,1.13587,2.2929,5.76821,0.950521,8.24646,0.42336,0,0.42336,460.49,0,1.02816,0,0,2.16403,1.13587,1.028160,1,0,61.2473,0,0,0,61.2473,0
72.29,2.56051,0,0,3.38947,0.335247,0.493718,3.6288,61.308,0.66528,0,0,1.3269,0.180143,0.481473,0.66528,12.849,1,0.455111,0.493718,0,43.435,4.06686,39.4068,0.84672,12.849,0.84672,3695.15,0,0,0,0.802241,2.29303,5.37726,0.950521,7.52201,0.42336,0,0.42336,460.49,0,1.02816,0,0,1.8304,0.802241,1.028160,1,0,47.4102,0,0,0,47.4102,0
72.29,2.56068,0,0,3.46714,0.269267,0.637189,3.6288,61.308,0.66528,0,0,1.31177,0.159769,0.486719,0.66528,12.849,1,0.455142,0.637189,0,51.2014,2.9829,48.4006,0.84672,12.849,0.84672,3695.15,0,0,0,0.711383,2.29316,5.19808,0.825787,7.37684,0.42336,0,0.42336,460.49,0,1.02816,0,0,1.73954,0.711383,1.028160,1,0,56.2641,0,0,0,56.2641,0
72.29,2.52202,0,0,3.21268,0.275139,0.415519,3.6288,61.308,0.676019,0,0,0.921007,0.160576,0.084411,0.66528,12.849,1,0.44827,0.415519,0,48.9979,3.51957,45.4456,0.84672,12.849,0.84672,3695.15,0,0,0,0.528595,2.29329,3.98443,0.954577,5.85174,0.42336,0,0.42336,460.49,0,1.01742,0,0,1.54602,0.528595,1.028160,1,0,51.3817,0,0,0,51.3817,0
72.0114,2.52219,0,0,2.90353,0.297046,0.36288,3.6288,60.9428,0.880312,0,0,0.698561,0.183448,0,0.66528,12.849,1,0.448301,0.36288,0,44.6285,4.06457,40.4786,0.84672,12.849,0.84672,3695.15,0,0,0,0.528595,2.26241,3.06001,1.03825,4.81277,0.42336,0,0.42336,460.49,0,0.813128,0,0,1.34172,0.528595,1.028160,1,0,45.2913,0,0,0,45.2913,0
71.8362,2.27352,0,0,2.67349,0.212328,0.36288,3.6288,60.349,0.98744,0,0,0.615844,0.222172,0,0.66528,12.849,1,0.405664,0.36288,0,40.7996,4.41053,36.3463,0.84672,12.849,0.84672,3695.15,0,0,0,0.528595,2.26253,2.85206,1.0589,4.58428,0.42336,0,0.42336,460.49,0,0.706,0,0,1.2346,0.528595,1.028160,1,0,40.9306,0,0,0,40.9306,0
71.5958,2.27284,0,0,2.60737,0.212045,0.36288,3.6288,60.1121,0.703953,0,0,0.688402,0.221336,0,0.66528,12.849,1,0.406532,0.36288,0,39.5201,4.41053,35.066,0.84672,12.849,0.84672,3695.15,0,0,0,0.402797,2.0769,3.37586,1.0589,4.79666,0.42336,0,0.42336,460.49,0,0.989487,0,0,1.39228,0.402797,1.028160,1,0,39.8626,0,0,0,39.8626,0
71.151,2.39177,0,0,2.51136,0.201505,0.36288,3.6288,59.7969,0.796185,0,0,0.706555,0.225636,0,0.66528,12.849,1,0.429241,0.36288,0,36.9934,4.39282,32.5342,0.84672,12.849,0.84672,3695.15,0,0,0,0.402797,2.07702,2.90238,1.0673,4.3149,0.42336,0,0.42336,460.49,0,0.897255,0,0,1.30005,0.402797,1.028160,1,0,36.8491,0,0,0,36.8491,0
70.4983,2.64834,0,0,2.53404,0.175527,0.36288,3.6288,59.537,0.714148,0,0,0.691045,0.236744,0,0.66528,12.849,1,0.478258,0.36288,0,35.2852,4.34858,30.8213,0.84672,12.849,0.84672,3695.15,0,0,0,0.402797,2.17617,2.72433,1.0883,4.215,0.42336,0,0.42336,460.49,0,0.979292,0,0,1.38209,0.402797,1.028160,1,0,35.0363,0,0,0,35.0363,0
69.5712,2.64478,0,0,2.25518,0.17465,0.36288,3.6288,59.0983,0.836421,0,0,0.634029,0.236351,0,0.66528,12.849,1,0.482036,0.36288,0,31.8197,4.34858,27.352,0.84672,12.849,0.84672,3695.15,0,0,0,0.402797,2.37177,2.62533,1.0883,4.3116,0.42336,0,0.42336,460.49,0,0.857019,0,0,1.25982,0.402797,1.028160,1,0,31.6636,0,0,0,31.6636,0
68.5747,2.63953,0,0,2.12998,0.124057,0.36288,3.6288,58.6566,0.782317,0,0,0.608906,0.268278,0,0.66528,12.849,1,0.487492,0.36288,0,28.3613,4.72343,23.5133,0.84672,12.849,0.84672,3695.15,0,0,0,0.30119,2.37191,2.50038,1.18408,3.9894,0.42336,0,0.42336,460.49,0,0.911123,0,0,1.21231,0.30119,1.028160,1,0,27.5027,0,0,0,27.5027,0
67.4581,2.63375,0,0,2.00318,0.123099,0.36288,3.6288,58.0989,0.870463,0,0,0.580303,0.267518,0,0.66528,12.849,1,0.493492,0.36288,0,27.9514,4.72343,23.0974,0.84672,12.849,0.84672,3695.15,0,0,0,0.30119,2.37204,2.57491,1.18408,4.06407,0.42336,0,0.42336,460.49,0,0.822977,0,0,1.12417,0.30119,1.028160,1,0,27.1615,0,0,0,27.1615,0
65.8055,2.85528,0,0,1.67761,0.112054,0.36288,3.6288,57.8044,0.683545,0,0,0.617034,0.22806,0,0.66528,12.849,1,0.543855,0.36288,0,24.9941,4.80774,20.0053,0.84672,12.849,0.84672,3695.15,0,0,0,0.30119,2.37218,2.17196,1.13319,3.71214,0.42336,0,0.42336,460.49,0,1.0099,0,0,1.31109,0.30119,1.028160,1,0,23.7175,0,0,0,23.7175,0
64.3281,2.59103,0,0,1.58712,0.110595,0.36288,3.6288,57.379,0.783294,0,0,0.585566,0.227626,0,0.66528,12.849,1,0.505917,0.36288,0,25.0747,4.80774,20.124,0.84672,12.849,0.84672,3695.15,0,0,0,0.30119,2.23336,2.3118,1.13319,3.71317,0.42336,0,0.42336,460.49,0,0.910146,0,0,1.21134,0.30119,1.028160,1,0,23.8371,0,0,0,23.8371,0
62.4679,2.83357,0,0,1.44547,0.109292,0.36288,3.6288,57.0037,0.724982,0,0,0.576658,0.227,0,0.66528,12.849,1,0.565982,0.36288,0,24.4917,4.80774,19.4809,0.84672,12.849,0.84672,3695.15,0,0,0,0.261274,2.41046,2.22997,1.13319,3.76852,0.42336,0,0.42336,460.49,0,0.968458,0,0,1.22973,0.261274,1.028160,1,0,23.2494,0,0,0,23.2494,0
60.4803,2.81977,0,0,1.30276,0.10765,0.36288,3.6288,56.4327,0.881565,0,0,0.536998,0.226448,0,0.66528,12.849,1,0.579997,0.36288,0,22.7,4.80774,17.6752,0.84672,12.849,0.84672,3695.15,0,0,0,0.261274,2.23364,2.12322,1.13319,3.48495,0.42336,0,0.42336,460.49,0,0.811875,0,0,1.07315,0.261274,1.028160,1,0,21.1601,0,0,0,21.1601,0
58.4723,2.86966,0,0,1.31503,0.0904993,0.36288,3.6288,55.722,0.895044,0,0,0.441373,0.256978,0,0.66528,12.849,1,0.609658,0.36288,0,20.6757,5.27625,15.1527,0.84672,12.849,0.84672,3695.15,0,0,0,0.261274,2.23378,2.04637,1.33758,3.20384,0.42336,0,0.42336,460.49,0,0.798396,0,0,1.05967,0.261274,1.028160,1,0,18.3565,0,0,0,18.3565,0
56.4144,2.85268,0,0,1.24251,0.0848986,0.36288,3.6288,54.94,0.88465,0,0,0.363372,0.260688,0,0.66528,12.849,1,0.626862,0.36288,0,19.1913,5.38062,13.5467,0.84672,12.849,0.84672,3695.15,0,0,0,0.261274,2.2878,2.09356,1.4007,3.24193,0.42336,0,0.42336,460.49,0,0.80879,0,0,1.07006,0.261274,1.028160,1,0,16.7886,0,0,0,16.7886,0
54.2591,2.83423,0,0,1.12501,0.083203,0.36288,3.6288,54.0341,0.993764,0,0,0.347182,0.259352,0,0.66528,12.849,1,0.645527,0.36288,0,18.0744,5.38062,12.4112,0.84672,12.849,0.84672,3695.15,0,0,0,0.261274,2.28794,1.94655,1.4007,3.09506,0.42336,0,0.42336,460.49,0,0.699676,0,0,0.960949,0.261274,1.028160,1,0,15.5062,0,0,0,15.5062,0
51.9976,2.81367,0,0,0.983871,0.0688325,0.36288,3.6288,53.1384,0.975197,0,0,0.34472,0.265218,0,0.66528,12.849,1,0.6663,0.36288,0,17.2109,5.60495,11.3025,0.84672,12.849,0.84672,3695.15,0,0,0,0.227405,2.28809,1.96737,1.44552,3.03734,0.42336,0,0.42336,460.49,0,0.718243,0,0,0.945648,0.227405,1.028160,1,0,14.3399,0,0,0,14.3399,0
49.4052,2.97698,0,0,0.819962,0.072474,0.36288,3.6288,52.2096,1.00345,0,0,0.329862,0.255242,0,0.66528,12.849,1,0.735634,0.36288,0,15.7735,5.52168,9.8791,0.84672,12.849,0.84672,3695.15,0,0,0,0.227405,2.28823,1.8847,1.32312,3.07721,0.42336,0,0.42336,460.49,0,0.68999,0,0,0.917395,0.227405,1.028160,1,0,12.9563,0,0,0,12.9563,0
46.8041,2.94653,0,0,0.766515,0.0581644,0.36288,3.6288,51.1495,1.07803,0,0,0.294334,0.27639,0,0.66528,12.849,1,0.766315,0.36288,0,12.9408,5.63346,6.90392,0.84672,12.849,0.84672,3695.15,0,0,0,0.227405,2.4728,2.04654,1.47808,3.26866,0.42336,0,0.42336,460.49,0,0.61541,0,0,0.842815,0.227405,1.028160,1,0,10.1726,0,0,0,10.1726,0
44.6138,2.91329,0,0,1.15049,0.0645998,0.36288,3.6288,50.3164,0.911494,0,0,0.350465,0.27203,0,0.66528,12.849,1,0.799778,0.36288,0,19.1092,5.57409,13.0982,0.84672,12.849,0.84672,3695.15,0,0,0,0.227405,2.47295,2.17488,1.4708,3.40443,0.42336,0,0.42336,460.49,0,0.781946,0,0,1.00935,0.227405,1.028160,1,0,16.5026,0,0,0,16.5026,0
42.9129,2.88299,0,0,1.62001,0.0750928,0.36288,3.6288,49.6639,0.840603,0,0,0.449835,0.261762,0,0.66528,12.849,1,0.830314,0.36288,0,24.9425,5.57843,18.8966,0.84672,12.849,0.84672,3695.15,0,0,0,0.204422,2.4731,2.3946,1.45053,3.62159,0.42336,0,0.42336,460.49,0,0.852837,0,0,1.05726,0.204422,1.028160,1,0,22.5182,0,0,0,22.5182,0
41.21,2.85784,0,0,1.58586,0.0680495,0.36288,3.6288,49.2103,0.66528,0,0,0.46947,0.257784,0,0.66528,12.849,1,0.855695,0.36288,0,22.9492,5.693,16.7634,0.84672,12.849,0.84672,3695.15,0,0,0,0.295773,2.47325,2.31288,1.44898,3.63293,0.42336,0,0.42336,460.49,0,1.02816,0,0,1.32393,0.295773,1.028160,1,0,20.3963,0,0,0,20.3963,0
39.4411,2.74468,0,0,1.41663,0.077951,0.36288,3.6288,48.4615,0.840637,0,0,0.367866,0.27601,0,0.66528,12.849,1,0.855772,0.36288,0,19.0039,5.69335,12.8176,0.84672,12.849,0.84672,3695.15,0,0,0,0.204422,2.47341,1.75223,1.42695,3.0031,0.42336,0,0.42336,460.49,0,0.852803,0,0,1.05722,0.204422,1.028160,1,0,15.8207,0,0,0,15.8207,0
38.3204,2.7159,0,0,2.03626,0.0781754,0.36288,3.6288,47.958,0.66528,0,0,0.439201,0.277483,0,0.66528,12.849,1,0.884776,0.36288,0,15.6805,5.69342,9.46517,0.84672,12.849,0.84672,3695.15,0,0,0,0.566611,2.3668,2.1889,1.42328,3.69903,0.42336,0,0.42336,460.49,0,1.02816,0,0,1.59477,0.566611,1.028160,1,0,13.1642,0,0,0,13.1642,0
36.3,2.69669,0,0,1.11631,0.077167,0.36288,3.6288,47.1501,0.815676,0,0,0.284097,0.276323,0,0.66528,12.849,1,0.904211,0.36288,0,19.8463,5.69342,13.6115,0.84672,12.849,0.84672,3695.15,0,0,0,0.216518,2.36694,1.36292,1.42328,2.5231,0.42336,0,0.42336,460.49,0,0.877764,0,0,1.09428,0.216518,1.028160,1,0,16.1346,0,0,0,16.1346,0
34.2378,2.65968,0,0,1.03569,0.0753489,0.36288,3.6288,46.0952,1.0688,0,0,0.288389,0.274462,0,0.66528,12.849,1,0.941439,0.36288,0,11.7881,5.69342,5.5161,0.84672,12.849,0.84672,3695.15,0,0,0,0.216518,2.36709,1.02994,1.42328,2.19027,0.42336,0,0.42336,460.49,0,0.624637,0,0,0.841156,0.216518,1.028160,1,0,7.70636,0,0,0,7.70636,0
32.4876,2.55097,0,0,1.30022,0.136505,0.36288,3.6288,45.2755,0.912237,0,0,0.337017,0.244504,0,0.66528,12.849,1,0.957345,0.36288,0,16.7899,4.82367,11.3718,0.84672,12.849,0.84672,3695.15,0,0,0,0.216518,2.36724,2.16672,1.24911,3.50137,0.42336,0,0.42336,460.49,0,0.781203,0,0,0.997721,0.216518,1.028160,1,0,14.8732,0,0,0,14.8732,0
30.7702,2.51417,0,0,1.30771,0.148118,0.36288,3.6288,44.099,1.2234,0,0,0.252833,0.205909,0,0.66528,12.849,1,0.994363,0.36288,0,14.1588,4.305,9.22232,0.84672,12.849,0.84672,3695.15,0,0,0,0.216518,2.27208,2.25247,1.13656,3.60452,0.42336,0,0.42336,460.49,0,0.470035,0,0,0.686553,0.216518,1.028160,1,0,12.8268,0,0,0,12.8268,0
29.3136,2.47517,0,0,1.52639,0.144914,0.36288,3.6288,43.7259,0.66528,0,0,0.495799,0.203649,0,0.66528,12.849,1,1.03358,0.36288,0,16.4806,4.305,11.5049,0.84672,12.849,0.84672,3695.15,0,0,0,0.559662,2.27222,3.57628,1.13656,5.2716,0.42336,0,0.42336,460.49,0,1.02816,0,0,1.58782,0.559662,1.028160,1,0,16.7765,0,0,0,16.7765,0
30.4426,2.43961,0,0,4.07358,0.142115,0.36288,3.6288,44.0718,0.66528,0,0,1.2142,0.202932,0,0.66528,12.849,1,1.06935,0.36288,0,48.4352,4.305,43.4237,0.84672,12.849,0.84672,3695.15,0,0,0,1.94264,2.27236,6.75186,1.13656,9.83031,0.42336,0,0.42336,460.49,0,1.02816,0,0,2.9708,1.94264,1.028160,1,0,53.254,0,0,0,53.254,0
30.5028,2.28181,0,0,2.88122,0.176338,0.36288,3.6288,44.0107,0.66528,0,0,0.77851,0.17438,0,0.66528,12.849,1,0.96309,0.36288,0,32.694,3.87454,28.2193,0.84672,12.849,0.84672,3695.15,0,0,0,0.294451,2.2725,4.37322,0.997871,5.9423,0.42336,0,0.42336,460.49,0,1.02816,0,0,1.32261,0.294451,1.028160,1,0,34.1616,0,0,0,34.1616,0
33.5318,2.28329,0,0,5.83629,0.161107,0.36288,3.6288,44.7744,0.66528,0,0,1.6202,0.191265,0,0.66528,12.849,1,0.961812,0.36288,0,62.437,4.33891,57.4991,0.84672,12.849,0.84672,3695.15,0,0,0,2.14405,2.06089,7.92431,1.02891,11.1003,0.42336,0,0.42336,460.49,0,1.02816,0,0,3.17221,2.14405,1.028160,1,0,68.5995,0,0,0,68.5995,0
35.3631,2.34625,0,0,4.70782,0.167414,0.36288,3.6288,45.8487,0.66528,0,0,1.9323,0.192644,0,0.66528,12.849,1,0.899054,0.36288,0,71.2385,4.33891,66.3634,0.84672,12.849,0.84672,3695.15,0,0,0,2.78849,2.06102,9.3245,1.02891,13.1451,0.42336,0,0.42336,460.49,0,1.02816,0,0,3.81665,2.78849,1.028160,1,0,79.5085,0,0,0,79.5085,0
36.895,2.38054,0,0,4.44749,0.172118,0.36288,3.6288,46.6873,0.66528,0,0,1.71272,0.208913,0,0.66528,12.849,1,0.864958,0.36288,0,72.2949,4.57979,67.213,0.84672,12.849,0.84672,3695.15,0,0,0,2.36903,2.06115,7.79669,1.12391,11.103,0.42336,0,0.42336,460.49,0,1.02816,0,0,3.39719,2.36903,1.028160,1,0,78.3159,0,0,0,78.3159,0
40.5142,2.40733,0,0,6.5818,0.192475,0.36288,3.6288,47.9852,0.66528,0,0,2.20661,0.243374,0,0.66528,12.849,1,0.838373,0.36288,0,78.9251,5.18597,73.2636,0.84672,12.849,0.84672,3695.15,0,0,0,3.52468,2.06128,10.4262,1.30907,14.7031,0.42336,0,0.42336,460.49,0,1.02816,0,0,4.55284,3.52468,1.028160,1,0,87.9668,0,0,0,87.9668,0
42.2652,2.46419,0,0,4.78477,0.206641,0.36288,3.6288,49.3509,0.66528,0,0,2.26308,0.232111,0,0.66528,12.849,1,0.781514,0.36288,0,90.9187,5.01933,85.4808,0.84672,12.849,0.84672,3695.15,0,0,0,3.15911,2.0614,10.5896,1.25904,14.5511,0.42336,0,0.42336,460.49,0,1.02816,0,0,4.18727,3.15911,1.028160,1,0,100.032,0,0,0,100.032,0
42.481,2.56714,0,0,3.35066,0.204894,0.36288,3.6288,50.0174,0.66528,0,0,1.56266,0.230896,0,0.66528,12.849,1,0.780434,0.36288,0,72.0084,4.95054,66.6403,0.84672,12.849,0.84672,3695.15,0,0,0,1.46214,2.0614,6.06843,1.26694,8.32502,0.42336,0,0.42336,460.49,0,1.02816,0,0,2.4903,1.46214,1.028160,1,0,74.9653,0,0,0,74.9653,0
42.2418,2.57033,0,0,2.89943,0.205409,0.36288,3.6288,50.4982,0.66528,0,0,1.37828,0.232164,0,0.66528,12.849,1,0.777433,0.36288,0,92.5975,4.95054,87.2324,0.84672,12.849,0.84672,3695.15,0,0,0,1.24555,2.12757,7.36836,1.26694,9.47453,0.42336,0,0.42336,460.49,0,1.02816,0,0,2.27371,1.24555,1.028160,1,0,96.7069,0,0,0,96.7069,0
41.4961,2.56709,0,0,2.39338,0.209123,0.36288,3.6288,50.6993,0.66528,0,0,1.09291,0.22657,0,0.66528,12.849,1,0.780851,0.36288,0,60.7342,4.5669,55.7493,0.84672,12.849,0.84672,3695.15,0,0,0,0.710536,2.12768,4.60825,1.16367,6.2828,0.42336,0,0.42336,460.49,0,1.02816,0,0,1.7387,0.710536,1.028160,1,0,62.0321,0,0,0,62.0321,0
41.0325,2.55651,0,0,2.66946,0.213615,0.36288,3.6288,51.1897,0.66528,0,0,1.33513,0.179432,0,0.66528,12.849,1,0.791609,0.36288,0,64.1351,3.87787,59.8285,0.84672,12.849,0.84672,3695.15,0,0,0,0.853986,2.1278,3.94678,1.09082,5.83775,0.42336,0,0.42336,460.49,0,1.02816,0,0,1.88215,0.853986,1.028160,1,0,65.6662,0,0,0,65.6662,0
43.0942,2.79855,0,0,5.45915,0.236067,0.36288,3.6288,51.8362,0.66528,0,0,1.49103,0.179232,0,0.66528,12.849,1,0.876342,0.36288,0,99.2287,3.99084,94.7244,0.84672,12.849,0.84672,3695.15,0,0,0,1.50703,2.12791,5.11987,1.12721,7.6276,0.42336,0,0.42336,460.49,0,1.02816,0,0,2.53519,1.50703,1.028160,1,0,102.352,0,0,0,102.352,0
42.139,2.831,0,0,2.47599,0.237237,0.36288,3.6288,51.8799,0.710398,0,0,0.93617,0.182103,0,0.66528,12.849,1,0.844093,0.36288,0,48.9075,3.97835,44.4479,0.84672,12.849,0.84672,3695.15,0,0,0,0.503194,2.36566,3.04987,1.11884,4.79989,0.42336,0,0.42336,460.49,0,0.983042,0,0,1.48624,0.503194,1.028160,1,0,49.2478,0,0,0,49.2478,0
41.6376,2.81649,0,0,2.88542,0.207457,0.36288,3.6288,51.9739,0.66528,0,0,0.953087,0.19376,0,0.66528,12.849,1,0.858801,0.36288,0,52.5363,3.90338,48.137,0.84672,12.849,0.84672,3695.15,0,0,0,0.619004,2.36579,3.80976,1.06863,5.72592,0.42336,0,0.42336,460.49,0,1.02816,0,0,1.64716,0.619004,1.028160,1,0,53.8629,0,0,0,53.8629,0
40.8562,2.80874,0,0,2.60256,0.21243,0.36288,3.6288,52.9091,0.66528,0,0,1.78248,0.182026,0,0.66528,12.849,1,0.866751,0.36288,0,78.4679,3.63773,74.3263,0.84672,12.849,0.84672,3695.15,0,0,0,1.22742,2.36592,4.62744,1.00978,7.21099,0.42336,0,0.42336,460.49,0,1.02816,0,0,2.25558,1.22742,1.028160,1,0,81.5373,0,0,0,81.5373,0
42.6363,2.44183,0,0,4.81062,0.225806,0.36288,3.6288,54.8359,0.66528,0,0,2.74558,0.153473,0,0.66528,12.849,1,0.76794,0.36288,0,121.757,2.9736,118.379,0.84672,12.849,0.84672,3695.15,0,0,0,3.25011,2.36605,9.10509,0.862653,13.8586,0.42336,0,0.42336,460.49,0,1.02816,0,0,4.27827,3.25011,1.028160,1,0,132.237,0,0,0,132.237,0
43.2197,2.4666,0,0,3.64352,0.230563,0.36288,3.6288,56.1257,0.66528,0,0,2.11064,0.155636,0,0.66528,12.849,1,0.743343,0.36288,0,116.139,2.9736,112.785,0.84672,12.849,0.84672,3695.15,0,0,0,2.27864,2.04204,8.06164,0.862653,11.5197,0.42336,0,0.42336,460.49,0,1.02816,0,0,3.3068,2.27864,1.028160,1,0,124.304,0,0,0,124.304,0
44.6031,2.47447,0,0,4.43307,0.21237,0.36288,3.6288,57.6143,0.66528,0,0,2.30513,0.151262,0,0.66528,12.849,1,0.735647,0.36288,0,132.364,2.98047,129.011,0.84672,12.849,0.84672,3695.15,0,0,0,2.7207,2.04215,7.40206,0.879704,11.2852,0.42336,0,0.42336,460.49,0,1.02816,0,0,3.74886,2.7207,1.028160,1,0,140.296,0,0,0,140.296,0
45.6554,2.49232,0,0,4.12366,0.21618,0.36288,3.6288,59.335,0.66528,0,0,2.57069,0.184679,0,0.66528,12.849,1,0.717973,0.36288,0,107.103,4.21902,102.529,0.84672,12.849,0.84672,3695.15,0,0,0,3.32052,2.04226,7.9215,1.09416,12.1901,0.42336,0,0.42336,460.49,0,1.02816,0,0,4.34868,3.32052,1.028160,1,0,114.719,0,0,0,114.719,0
47.4269,2.50537,0,0,4.85687,0.217129,0.36288,3.6288,60.2866,0.66528,0,0,1.77882,0.161883,0,0.66528,12.849,1,0.705097,0.36288,0,94.8974,3.6864,90.8688,0.84672,12.849,0.84672,3695.15,0,0,0,2.19489,2.04237,9.40464,1.00252,12.6394,0.42336,0,0.42336,460.49,0,1.02816,0,0,3.22305,2.19489,1.028160,1,0,103.508,0,0,0,103.508,0
49.4158,2.61853,0,0,5.19118,0.220869,0.36288,3.6288,61.308,0.66528,0,0,3.06947,0.156024,1.2268,0.66528,12.849,1,0.709418,0.36288,0,96.4431,3.59373,92.5029,0.84672,12.849,0.84672,3695.15,0,0,0,3.28496,2.04248,9.09766,0.976713,13.4484,0.42336,0,0.42336,460.49,0,1.02816,0,0,4.31312,3.28496,1.028160,1,0,107.178,0,0,0,107.178,0
51.0144,2.64133,0,0,4.82855,0.225693,0.36288,3.6288,61.308,0.66528,0,0,3.59582,0.157038,2.7735,0.66528,12.849,1,0.686795,0.36288,0,109.436,3.59373,105.518,0.84672,12.849,0.84672,3695.15,0,0,0,3.37373,2.12253,13.2497,0.976713,17.7692,0.42336,0,0.42336,460.49,0,1.02816,0,0,4.40189,3.37373,1.028160,1,0,126.061,0,0,0,126.061,0
51.2423,2.65867,0,0,3.47655,0.227139,0.36288,3.6288,61.308,0.66528,0,0,2.66124,0.149137,1.84682,0.66528,12.849,1,0.669639,0.36288,0,114.927,3.37789,111.242,0.84672,12.849,0.84672,3695.15,0,0,0,3.8105,2.12264,8.57606,0.946519,13.5627,0.42336,0,0.42336,460.49,0,1.02816,0,0,4.83866,3.8105,1.028160,1,0,126.652,0,0,0,126.652,0
51.1886,2.66119,0,0,3.17815,0.20774,0.36288,3.6288,61.308,0.66528,0,0,2.06327,0.166529,1.23146,0.66528,12.849,1,0.667294,0.36288,0,78.9238,3.15383,75.4656,0.84672,12.849,0.84672,3695.15,0,0,0,2.82547,2.12276,7.30633,0.939168,11.3154,0.42336,0,0.42336,460.49,0,1.02816,0,0,3.85363,2.82547,1.028160,1,0,88.0124,0,0,0,88.0124,0
50.9446,2.62411,0,0,2.94647,0.203476,0.36288,3.6288,61.308,0.66528,0,0,1.64141,0.215123,0.761007,0.66528,12.849,1,0.658685,0.36288,0,60.2388,3.95703,55.9859,0.84672,12.849,0.84672,3695.15,0,0,0,2.07438,2.12287,6.33951,1.06953,9.46724,0.42336,0,0.42336,460.49,0,1.02816,0,0,3.10254,2.07438,1.028160,1,0,66.2142,0,0,0,66.2142,0
50.149,2.62173,0,0,2.39198,0.202957,0.36288,3.6288,61.308,0.66528,0,0,1.4543,0.215123,0.573899,0.66528,12.849,1,0.66124,0.36288,0,51.2901,3.95703,47.0347,0.84672,12.849,0.84672,3695.15,0,0,0,1.80461,2.09188,5.44981,1.06953,8.27677,0.42336,0,0.42336,460.49,0,1.02816,0,0,2.83277,1.80461,1.028160,1,0,55.8853,0,0,0,55.8853,0
49.105,2.61352,0,0,2.13357,0.201267,0.36288,3.6288,61.308,0.66528,0,0,1.23485,0.215123,0.354451,0.66528,12.849,1,0.669627,0.36288,0,48.919,3.95703,44.6552,0.84672,12.849,0.84672,3695.15,0,0,0,1.08057,2.09199,5.12435,1.06953,7.22738,0.42336,0,0.42336,460.49,0,1.02816,0,0,2.10873,1.08057,1.028160,1,0,52.237,0,0,0,52.237,0
48.5214,2.60238,0,0,2.57183,0.190152,0.36288,3.6288,61.308,0.66528,0,0,1.37911,0.215442,0.498386,0.66528,12.849,1,0.680949,0.36288,0,55.648,3.97107,51.3589,0.84672,12.849,0.84672,3695.15,0,0,0,1.16211,2.0921,5.95992,1.06259,8.15153,0.42336,0,0.42336,460.49,0,1.02816,0,0,2.19027,1.16211,1.028160,1,0,60.0088,0,0,0,60.0088,0
47.3689,2.71919,0,0,2.06557,0.135963,0.36288,3.6288,61.308,0.66528,0,0,1.08647,0.217357,0.203835,0.66528,12.849,1,0.720072,0.36288,0,46.3935,4.05531,41.981,0.84672,12.849,0.84672,3695.15,0,0,0,1.09461,2.09222,4.80196,1.021,6.96778,0.42336,0,0.42336,460.49,0,1.02816,0,0,2.12277,1.09461,1.028160,1,0,49.1526,0,0,0,49.1526,0
46.2059,2.70556,0,0,2.03968,0.134263,0.36288,3.6288,61.308,0.66528,0,0,1.1801,0.217357,0.297466,0.66528,12.849,1,0.733893,0.36288,0,44.8647,4.05531,40.4383,0.84672,12.849,0.84672,3695.15,0,0,0,1.05,2.20137,5.26475,1.021,7.49512,0.42336,0,0.42336,460.49,0,1.02816,0,0,2.07816,1.05,1.028160,1,0,48.2309,0,0,0,48.2309,0
44.9268,2.69125,0,0,1.90762,0.132547,0.36288,3.6288,61.308,0.66528,0,0,1.08891,0.217357,0.206271,0.66528,12.849,1,0.748386,0.36288,0,41.9679,4.05531,37.5271,0.84672,12.849,0.84672,3695.15,0,0,0,0.964293,2.20149,4.62267,1.021,6.76745,0.42336,0,0.42336,460.49,0,1.02816,0,0,1.99245,0.964293,1.028160,1,0,44.5008,0,0,0,44.5008,0
43.5712,2.67483,0,0,1.78964,0.107548,0.36288,3.6288,61.308,0.66528,0,0,1.0334,0.242613,0.125511,0.66528,12.849,1,0.764996,0.36288,0,39.1077,4.63954,34.0661,0.84672,12.849,0.84672,3695.15,0,0,0,0.910509,2.20161,4.57625,1.10394,6.58443,0.42336,0,0.42336,460.49,0,1.02816,0,0,1.93867,0.910509,1.028160,1,0,40.776,0,0,0,40.776,0
42.3444,2.65659,0,0,1.87132,0.0786519,0.36288,3.6288,61.0095,0.66528,0,0,0.634821,0.268089,0,0.66528,12.849,1,0.783419,0.36288,0,31.828,5.26912,26.1384,0.84672,12.849,0.84672,3695.15,0,0,0,0.445219,2.20173,2.93532,1.27008,4.31219,0.42336,0,0.42336,460.49,0,1.02816,0,0,1.47338,0.445219,1.028160,1,0,30.4506,0,0,0,30.4506,0
41.0697,2.61568,0,0,1.78185,0.0780539,0.36288,3.6288,60.6172,0.66528,0,0,0.539254,0.266219,0,0.66528,12.849,1,0.793703,0.36288,0,30.7495,5.24423,25.0745,0.84672,12.849,0.84672,3695.15,0,0,0,0.302711,2.20185,2.84992,1.27933,4.07515,0.42336,0,0.42336,460.49,0,1.02816,0,0,1.33087,0.302711,1.028160,1,0,29.1496,0,0,0,29.1496,0
39.6553,2.59706,0,0,1.62251,0.0768967,0.36288,3.6288,60.2202,0.66528,0,0,0.533804,0.265558,0,0.66528,12.849,1,0.812512,0.36288,0,30.5116,5.24423,24.8177,0.84672,12.849,0.84672,3695.15,0,0,0,0.304595,2.2401,2.7429,1.27933,4.00826,0.42336,0,0.42336,460.49,0,1.02816,0,0,1.33275,0.304595,1.028160,1,0,28.826,0,0,0,28.826,0
38.1095,2.57531,0,0,1.46801,0.075619,0.36288,3.6288,59.6634,0.787277,0,0,0.49539,0.264889,0,0.66528,12.849,1,0.834444,0.36288,0,27.3998,5.24423,21.684,0.84672,12.849,0.84672,3695.15,0,0,0,0.261274,2.24022,2.63067,1.27933,3.85283,0.42336,0,0.42336,460.49,0,0.906163,0,0,1.16744,0.261274,1.028160,1,0,25.5368,0,0,0,25.5368,0
36.4292,2.55013,0,0,1.29063,0.0579085,0.36288,3.6288,58.8986,0.88306,0,0,0.435624,0.317409,0,0.66528,12.849,1,0.859803,0.36288,0,27.941,5.86086,21.5832,0.84672,12.849,0.84672,3695.15,0,0,0,0.261274,2.24034,2.35278,1.51526,3.33914,0.42336,0,0.42336,460.49,0,0.81038,0,0,1.07165,0.261274,1.028160,1,0,24.9223,0,0,0,24.9223,0
34.5228,2.57979,0,0,1.095,0.0587757,0.36288,3.6288,58.011,0.938563,0,0,0.362214,0.311174,0,0.66528,12.849,1,0.90992,0.36288,0,20.4835,5.69499,14.2415,0.84672,12.849,0.84672,3695.15,0,0,0,0.261274,2.24046,2.04026,1.46917,3.07282,0.42336,0,0.42336,460.49,0,0.754877,0,0,1.01615,0.261274,1.028160,1,0,17.3143,0,0,0,17.3143,0
32.5716,2.54331,0,0,1.01239,0.0574396,0.36288,3.6288,56.9753,1.06224,0,0,0.3359,0.309401,0,0.66528,12.849,1,0.94659,0.36288,0,19.6419,5.69499,13.3632,0.84672,12.849,0.84672,3695.15,0,0,0,0.261274,2.29463,1.77399,1.46917,2.86072,0.42336,0,0.42336,460.49,0,0.631204,0,0,0.892477,0.261274,1.028160,1,0,16.2239,0,0,0,16.2239,0
30.688,2.50278,0,0,1.03491,0.0527887,0.36288,3.6288,56.1305,0.907934,0,0,0.373031,0.309851,0,0.66528,12.849,1,0.987308,0.36288,0,18.6814,5.76977,12.2872,0.84672,12.849,0.84672,3695.15,0,0,0,0.227405,2.29476,2.19427,1.48411,3.23232,0.42336,0,0.42336,460.49,0,0.785506,0,0,1.01291,0.227405,1.028160,1,0,15.5195,0,0,0,15.5195,0
28.8986,2.4602,0,0,1.07829,0.0446723,0.36288,3.6288,55.3902,0.842607,0,0,0.382438,0.280165,0,0.66528,12.849,1,1.03008,0.36288,0,18.7097,5.89515,12.1474,0.84672,12.849,0.84672,3695.15,0,0,0,0.227405,2.29488,2.39524,1.53499,3.38254,0.42336,0,0.42336,460.49,0,0.850833,0,0,1.07824,0.227405,1.028160,1,0,15.5299,0,0,0,15.5299,0
26.7552,2.57754,0,0,0.855619,0.0585223,0.36288,3.6288,54.2509,1.16856,0,0,0.294965,0.26569,0,0.66528,12.849,1,1.14604,0.36288,0,16.4614,5.36508,10.3132,0.84672,12.849,0.84672,3695.15,0,0,0,0.227405,2.295,1.38743,1.32876,2.58108,0.42336,0,0.42336,460.49,0,0.52488,0,0,0.752285,0.227405,1.028160,1,0,12.8943,0,0,0,12.8943,0
24.619,2.51565,0,0,0.799105,0.0568168,0.36288,3.6288,53.0558,1.21266,0,0,0.281193,0.263702,0,0.66528,12.849,1,1.20812,0.36288,0,16.0165,5.36508,9.80616,0.84672,12.849,0.84672,3695.15,0,0,0,0.227405,2.4801,1.37567,1.32876,2.75442,0.42336,0,0.42336,460.49,0,0.480781,0,0,0.708186,0.227405,1.028160,1,0,12.5606,0,0,0,12.5606,0
22.7474,2.44691,0,0,0.993324,0.055117,0.36288,3.6288,51.9842,1.10908,0,0,0.298853,0.261349,0,0.66528,12.849,1,1.27707,0.36288,0,16.3877,5.36508,10.1084,0.84672,12.849,0.84672,3695.15,0,0,0,0.204422,2.48023,2.03348,1.32876,3.38937,0.42336,0,0.42336,460.49,0,0.584358,0,0,0.78878,0.204422,1.028160,1,0,13.4978,0,0,0,13.4978,0
20.7517,2.37989,0,0,0.800703,0.0536691,0.36288,3.6288,50.8227,1.17798,0,0,0.275624,0.25911,0,0.66528,12.849,1,1.34429,0.36288,0,15.1197,5.36508,8.77316,0.84672,12.849,0.84672,3695.15,0,0,0,0.204422,2.48037,1.38274,1.32876,2.73877,0.42336,0,0.42336,460.49,0,0.515462,0,0,0.719885,0.204422,1.028160,1,0,11.5119,0,0,0,11.5119,0
19.0731,2.30017,0,0,1.01879,0.0343767,0.36288,3.6288,50.6844,0.66528,0,0,0.775354,0.248433,0,0.66528,12.849,1,1.42422,0.36288,0,19.8846,5.70445,13.1188,0.84672,12.849,0.84672,3695.15,0,0,0,0.887224,2.4805,2.77958,1.28789,4.85942,0.42336,0,0.42336,460.49,0,1.02816,0,0,1.91538,0.887224,1.028160,1,0,17.9782,0,0,0,17.9782,0
17.5912,2.1575,0,0,1.06119,0.0226923,0.36288,3.6288,50.2803,0.66528,0,0,0.505959,0.244752,0,0.66528,12.849,1,1.45345,0.36288,0,23.3486,5.80913,16.449,0.84672,12.849,0.84672,3695.15,0,0,0,0.269343,2.48064,2.44599,1.27762,3.91835,0.42336,0,0.42336,460.49,0,1.02816,0,0,1.2975,0.269343,1.028160,1,0,20.3673,0,0,0,20.3673,0
15.9961,2.08685,0,0,0.876917,0.0222192,0.36288,3.6288,49.7258,0.756233,0,0,0.44574,0.243945,0,0.66528,12.849,1,1.52429,0.36288,0,21.5578,5.80913,14.5872,0.84672,12.849,0.84672,3695.15,0,0,0,0.216518,2.3737,2.26519,1.27762,3.57778,0.42336,0,0.42336,460.49,0,0.937207,0,0,1.15373,0.216518,1.028160,1,0,18.165,0,0,0,18.165,0
15.1868,2.00267,0,0,1.63007,0.0738918,0.36288,3.6288,49.581,0.66528,0,0,0.693447,0.172972,0,0.66528,12.849,1,1.60866,0.36288,0,38.0634,4.77097,32.0467,0.84672,12.849,0.84672,3695.15,0,0,0,0.413277,2.37382,3.93293,0.953133,5.7669,0.42336,0,0.42336,460.49,0,1.02816,0,0,1.44144,0.413277,1.028160,1,0,37.8136,0,0,0,37.8136,0
15.7381,1.95634,0,0,2.95775,0.0872007,0.36288,3.6288,49.8683,0.66528,0,0,1.10573,0.153187,0,0.66528,12.849,1,1.65519,0.36288,0,66.8683,4.3454,61.2306,0.84672,12.849,0.84672,3695.15,0,0,0,0.763042,2.37395,5.63897,0.87878,7.89718,0.42336,0,0.42336,460.49,0,1.02816,0,0,1.7912,0.763042,1.028160,1,0,69.1278,0,0,0,69.1278,0
16.0481,1.937,0,0,2.68295,0.0730572,0.36288,3.6288,50.5657,0.66528,0,0,1.53714,0.174433,0,0.66528,12.849,1,1.58142,0.36288,0,46.0648,4.3196,40.5266,0.84672,12.849,0.84672,3695.15,0,0,0,1.20583,2.37408,6.90281,1.01739,9.46534,0.42336,0,0.42336,460.49,0,1.02816,0,0,2.23399,1.20583,1.028160,1,0,49.992,0,0,0,49.992,0
15.4395,1.95408,0,0,1.78188,0.0735271,0.36288,3.6288,51.2094,0.66528,0,0,1.48438,0.175431,0,0.66528,12.849,1,1.56454,0.36288,0,28.3522,4.3196,22.831,0.84672,12.849,0.84672,3695.15,0,0,0,1.27425,2.27863,5.14128,1.01739,7.67678,0.42336,0,0.42336,460.49,0,1.02816,0,0,2.30241,1.27425,1.028160,1,0,30.5078,0,0,0,30.5078,0
15.6646,1.92052,0,0,2.60916,0.100646,0.36288,3.6288,51.5245,0.66528,0,0,1.17286,0.192441,0,0.66528,12.849,1,1.59829,0.36288,0,55.3163,4.60955,49.4714,0.84672,12.849,0.84672,3695.15,0,0,0,0.738705,2.27875,9.45159,1.08508,11.384,0.42336,0,0.42336,460.49,0,1.02816,0,0,1.76687,0.738705,1.028160,1,0,60.8553,0,0,0,60.8553,0
18.7694,1.93324,0,0,5.51326,0.112388,0.36288,3.6288,52.161,0.66528,0,0,1.50117,0.199385,0,0.66528,12.849,1,1.58576,0.36288,0,109.092,4.72552,103.144,0.84672,12.849,0.84672,3695.15,0,0,0,2.0594,2.27888,7.47363,1.11216,10.6997,0.42336,0,0.42336,460.49,0,1.02816,0,0,3.08756,2.0594,1.028160,1,0,113.843,0,0,0,113.843,0
19.192,1.93174,0,0,2.86089,0.143674,0.36288,3.6288,52.3304,0.66528,0,0,1.01213,0.177518,0,0.66528,12.849,1,1.32242,0.36288,0,46.661,3.75564,41.9458,0.84672,12.849,0.84672,3695.15,0,0,0,1.11858,2.279,6.60266,0.939925,9.06032,0.42336,0,0.42336,460.49,0,1.02816,0,0,2.14674,1.11858,1.028160,1,0,51.0062,0,0,0,51.0062,0
19.967,1.94928,0,0,3.23171,0.144532,0.36288,3.6288,52.9894,0.66528,0,0,1.5021,0.17776,0,0.66528,12.849,1,1.30504,0.36288,0,67.896,3.75564,63.1982,0.84672,12.849,0.84672,3695.15,0,0,0,1.96161,2.06677,8.02354,0.939925,11.112,0.42336,0,0.42336,460.49,0,1.02816,0,0,2.98977,1.96161,1.028160,1,0,74.3102,0,0,0,74.3102,0
21.3721,1.98021,0,0,3.89429,0.146105,0.36288,3.6288,53.7292,0.66528,0,0,1.58372,0.178702,0,0.66528,12.849,1,1.27429,0.36288,0,77.7679,3.75564,73.1008,0.84672,12.849,0.84672,3695.15,0,0,0,1.81742,2.06688,10.9414,0.939925,13.8858,0.42336,0,0.42336,460.49,0,1.02816,0,0,2.84558,1.81742,1.028160,1,0,86.9866,0,0,0,86.9866,0
21.0966,2.03265,0,0,2.28405,0.163981,0.36288,3.6288,54.2032,0.66528,0,0,1.31321,0.173918,0,0.66528,12.849,1,1.22204,0.36288,0,52.247,4.00996,47.3779,0.84672,12.849,0.84672,3695.15,0,0,0,1.26248,2.06699,5.62371,0.900062,8.05312,0.42336,0,0.42336,460.49,0,1.02816,0,0,2.29064,1.26248,1.028160,1,0,55.431,0,0,0,55.431,0
26.4399,2.02284,0,0,7.90256,0.173516,0.36288,3.6288,55.0385,0.66528,0,0,1.70103,0.200477,0,0.66528,12.849,1,1.23202,0.36288,0,153.415,4.58616,147.959,0.84672,12.849,0.84672,3695.15,0,0,0,2.53292,2.06711,13.472,1.13094,16.941,0.42336,0,0.42336,460.49,0,1.02816,0,0,3.56108,2.53292,1.028160,1,0,164.9,0,0,0,164.9,0
29.541,2.25913,0,0,5.91131,0.188235,0.36288,3.6288,55.3935,0.66528,0,0,1.20272,0.182442,0,0.66528,12.849,1,1.09787,0.36288,0,133.748,4.30972,128.703,0.84672,12.849,0.84672,3695.15,0,0,0,1.68789,2.06722,10.3366,1.06667,13.025,0.42336,0,0.42336,460.49,0,1.02816,0,0,2.71605,1.68789,1.028160,1,0,141.728,0,0,0,141.728,0
32.2567,2.33955,0,0,5.61457,0.196446,0.36288,3.6288,56.7843,0.66528,0,0,2.23904,0.182868,0,0.66528,12.849,1,1.0176,0.36288,0,114.3,4.30972,109.336,0.84672,12.849,0.84672,3695.15,0,0,0,3.9711,2.13355,14.2977,1.06667,19.3357,0.42336,0,0.42336,460.49,0,1.02816,0,0,4.99926,3.9711,1.028160,1,0,128.672,0,0,0,128.672,0
34.6474,2.40093,0,0,5.35271,0.198179,0.36288,3.6288,57.4425,0.66528,0,0,1.51427,0.190808,0,0.66528,12.849,1,0.956377,0.36288,0,92.7055,4.68332,87.4287,0.84672,12.849,0.84672,3695.15,0,0,0,2.41501,2.13365,12.1968,0.976989,15.7685,0.42336,0,0.42336,460.49,0,1.02816,0,0,3.44317,2.41501,1.028160,1,0,103.197,0,0,0,103.197,0
38.1182,2.44918,0,0,6.50965,0.226772,0.36288,3.6288,58.6176,0.66528,0,0,2.02685,0.186473,0,0.66528,12.849,1,0.90828,0.36288,0,150.964,4.61658,145.802,0.84672,12.849,0.84672,3695.15,0,0,0,3.72689,2.13375,15.1079,0.985963,19.9826,0.42336,0,0.42336,460.49,0,1.02816,0,0,4.75505,3.72689,1.028160,1,0,165.785,0,0,0,165.785,0
42.3863,2.75609,0,0,7.6318,0.244735,0.36288,3.6288,60.3372,0.66528,0,0,2.52174,0.136871,0,0.66528,12.849,1,0.929029,0.36288,0,196.69,3.88164,192.243,0.84672,12.849,0.84672,3695.15,0,0,0,4.09859,2.13385,15.7966,0.871918,21.1571,0.42336,0,0.42336,460.49,0,1.02816,0,0,5.12675,4.09859,1.028160,1,0,213.4,0,0,0,213.4,0
45.1788,2.828,0,0,6.2406,0.25728,0.36288,3.6288,61.308,0.66528,0,0,1.96906,0.138385,0.194607,0.66528,12.849,1,0.857282,0.36288,0,139.891,3.88164,135.515,0.84672,12.849,0.84672,3695.15,0,0,0,2.45471,2.37225,11.8866,0.871918,15.8416,0.42336,0,0.42336,460.49,0,1.02816,0,0,3.48287,2.45471,1.028160,1,0,151.551,0,0,0,151.551,0
47.2333,2.86939,0,0,5.53724,0.250435,0.36288,3.6288,61.308,0.66528,0,0,2.00239,0.166292,1.17082,0.66528,12.849,1,0.816065,0.36288,0,121.546,3.93378,117.159,0.84672,12.849,0.84672,3695.15,0,0,0,2.51335,2.37236,11.2414,0.917781,15.2093,0.42336,0,0.42336,460.49,0,1.02816,0,0,3.54151,2.51335,1.028160,1,0,133.539,0,0,0,133.539,0
52.3977,2.89743,0,0,8.6692,0.244534,0.36288,3.6288,61.308,0.66528,0,0,2.71212,0.186875,1.85997,0.66528,12.849,1,0.788196,0.36288,0,155.244,3.8982,150.921,0.84672,12.849,0.84672,3695.15,0,0,0,4.28604,2.37247,27.3897,0.942987,33.1053,0.42336,0,0.42336,460.49,0,1.02816,0,0,5.3142,4.28604,1.028160,1,0,185.886,0,0,0,185.886,0
61.8826,2.58476,0,0,12.6908,0.258145,0.36288,3.6288,61.308,0.66528,0,0,3.37789,0.188638,2.52398,0.66528,12.849,1,0.633838,0.36288,0,254.634,3.45009,250.913,0.84672,12.849,0.84672,3695.15,0,0,0,6.87079,2.37258,30.8605,0.887839,39.2161,0.42336,0,0.42336,460.49,0,1.02816,0,0,7.89895,6.87079,1.028160,1,0,292.653,0,0,0,292.653,0
69.7959,2.66533,0,0,11.2243,0.282875,0.36288,3.6288,61.308,0.66528,0,0,2.81134,0.188638,1.95742,0.66528,12.849,1,0.553417,0.36288,0,183.265,3.45009,179.624,0.84672,12.849,0.84672,3695.15,0,0,0,4.59899,2.04766,24.7079,0.887839,30.4667,0.42336,0,0.42336,460.49,0,1.02816,0,0,5.62715,4.59899,1.028160,1,0,212.048,0,0,0,212.048,0
72.29,2.71845,0,0,11.3304,0.301315,5.81651,3.6288,61.308,0.66528,0,0,2.56094,0.188638,1.70702,0.66528,12.849,1,0.50045,5.81651,0,191.013,3.45009,192.879,0.84672,12.849,0.84672,3695.15,0,0,0,4.54093,2.04775,26.2085,0.887839,31.9093,0.42336,0,0.42336,460.49,0,1.02816,0,0,5.56909,4.54093,1.028160,1,0,226.495,0,0,0,226.495,0
72.29,2.73324,0,0,10.8048,0.250487,7.82103,3.6288,61.308,0.66528,0,0,2.29127,0.158556,1.46743,0.66528,12.849,1,0.485812,7.82103,0,200.296,3.01411,204.617,0.84672,12.849,0.84672,3695.15,0,0,0,4.49167,2.04785,26.0993,0.825212,31.8136,0.42336,0,0.42336,460.49,0,1.02816,0,0,5.51983,4.49167,1.028160,1,0,237.898,0,0,0,237.898,0
72.29,2.4766,0,0,8.63196,0.29591,5.85945,3.6288,61.308,0.66528,0,0,2.73021,0.181361,1.88356,0.66528,12.849,1,0.440197,5.85945,0,113.792,3.66966,115.542,0.84672,12.849,0.84672,3695.15,0,0,0,3.50064,2.04794,17.1002,0.964816,21.684,0.42336,0,0.42336,460.49,0,1.02816,0,0,4.5288,3.50064,1.028160,1,0,139.109,0,0,0,139.109,0
72.29,2.57661,0,0,7.15133,0.307954,4.26677,3.6288,61.308,0.66528,0,0,2.56052,0.192682,1.70256,0.66528,12.849,1,0.457972,4.26677,0,105.774,3.87187,105.711,0.84672,12.849,0.84672,3695.15,0,0,0,3.20108,2.225,15.0689,1.01323,19.4818,0.42336,0,0.42336,460.49,0,1.02816,0,0,4.22924,3.20108,1.028160,1,0,126.896,0,0,0,126.896,0
72.29,2.32438,0,0,7.55248,0.307954,4.92015,3.6288,61.308,0.66528,0,0,3.72832,0.192682,2.87035,0.66528,12.849,1,0.41314,4.92015,0,121.821,3.87187,122.456,0.84672,12.849,0.84672,3695.15,0,0,0,4.30693,2.30525,17.9448,1.01323,23.5437,0.42336,0,0.42336,460.49,0,1.02816,0,0,5.33509,4.30693,1.028160,1,0,148.87,0,0,0,148.87,0
72.29,2.5264,0,0,6.44748,0.307954,3.61313,3.6288,61.308,0.66528,0,0,2.97581,0.192682,2.11785,0.66528,12.849,1,0.449048,3.61313,0,94.6806,3.87187,93.9728,0.84672,12.849,0.84672,3695.15,0,0,0,3.37222,2.11579,12.9884,1.01323,17.4632,0.42336,0,0.42336,460.49,0,1.02816,0,0,4.40038,3.37222,1.028160,1,0,113.554,0,0,0,113.554,0
72.29,2.577,0,0,5.31293,0.263569,2.47236,3.6288,61.308,0.66528,0,0,2.04692,0.205992,1.17565,0.66528,12.849,1,0.458043,2.47236,0,80.9041,4.14856,78.7698,0.84672,12.849,0.84672,3695.15,0,0,0,2.50187,2.26754,9.86239,1.03219,13.5996,0.42336,0,0.42336,460.49,0,1.02816,0,0,3.53003,2.50187,1.028160,1,0,93.5451,0,0,0,93.5451,0
72.29,2.53808,0,0,4.78381,0.239597,2.00614,3.6288,61.308,0.66528,0,0,1.54133,0.227624,0.648429,0.66528,12.849,1,0.451124,2.00614,0,65.4083,4.28683,62.6764,0.84672,12.849,0.84672,3695.15,0,0,0,2.02209,2.30555,8.79742,1.04246,12.0826,0.42336,0,0.42336,460.49,0,1.02816,0,0,3.05025,2.02209,1.028160,1,0,75.4075,0,0,0,75.4075,0
72.29,2.53821,0,0,3.79873,0.239597,1.02093,3.6288,61.308,0.66528,0,0,1.25457,0.227624,0.361667,0.66528,12.849,1,0.451147,1.02093,0,55.0694,4.28683,51.3523,0.84672,12.849,0.84672,3695.15,0,0,0,1.54061,2.27445,7.27894,1.04246,10.0515,0.42336,0,0.42336,460.49,0,1.02816,0,0,2.56877,1.54061,1.028160,1,0,61.7655,0,0,0,61.7655,0
72.29,2.53834,0,0,3.36178,0.239597,0.583848,3.6288,61.308,0.66528,0,0,1.11061,0.227624,0.217707,0.66528,12.849,1,0.45117,0.583848,0,51.8906,4.28683,47.7365,0.84672,12.849,0.84672,3695.15,0,0,0,1.01954,2.27455,6.9323,1.04246,9.18393,0.42336,0,0.42336,460.49,0,1.02816,0,0,2.0477,1.01954,1.028160,1,0,57.1381,0,0,0,57.1381,0
72.29,2.53847,0,0,3.96381,0.239597,1.18574,3.6288,61.308,0.66528,0,0,1.25783,0.227624,0.364924,0.66528,12.849,1,0.451193,1.18574,0,58.6488,4.28683,55.0965,0.84672,12.849,0.84672,3695.15,0,0,0,1.09565,2.27465,8.1375,1.04246,10.4653,0.42336,0,0.42336,460.49,0,1.02816,0,0,2.12381,1.09565,1.028160,1,0,65.9267,0,0,0,65.9267,0
72.29,2.6712,0,0,3.22225,0.164968,0.386086,3.6288,61.3043,0.66528,0,0,0.91006,0.248453,0,0.66528,12.849,1,0.474785,0.386086,0,45.6572,4.70282,40.8657,0.84672,12.849,0.84672,3695.15,0,0,0,0.690189,2.27475,5.31172,1.09237,7.18428,0.42336,0,0.42336,460.49,0,1.02816,0,0,1.71835,0.690189,1.028160,1,0,48.05,0,0,0,48.05,0
72.1757,2.67134,0,0,3.07351,0.153551,0.36288,3.6288,61.2459,0.66528,0,0,0.858773,0.251956,0,0.66528,12.849,1,0.47481,0.36288,0,41.6746,4.76249,36.8002,0.84672,12.849,0.84672,3695.15,0,0,0,0.586172,2.38418,5.13495,1.11773,6.98757,0.42336,0,0.42336,460.49,0,1.02816,0,0,1.61433,0.586172,1.028160,1,0,43.7878,0,0,0,43.7878,0
71.9582,2.67083,0,0,2.96958,0.153418,0.36288,3.6288,61.2047,0.66528,0,0,0.875992,0.251863,0,0.66528,12.849,1,0.475472,0.36288,0,39.7338,4.76249,34.8587,0.84672,12.849,0.84672,3695.15,0,0,0,0.762039,2.38428,4.91158,1.11773,6.94017,0.42336,0,0.42336,460.49,0,1.02816,0,0,1.7902,0.762039,1.028160,1,0,41.7989,0,0,0,41.7989,0
71.4735,2.66975,0,0,2.72562,0.177688,0.36288,3.6288,61.1154,0.66528,0,0,0.821146,0.245217,0,0.66528,12.849,1,0.476716,0.36288,0,37.36,4.33941,32.9067,0.84672,12.849,0.84672,3695.15,0,0,0,0.682085,2.38438,4.47911,1.13405,6.41153,0.42336,0,0.42336,460.49,0,1.02816,0,0,1.71024,0.682085,1.028160,1,0,39.3183,0,0,0,39.3183,0
71.091,2.66715,0,0,2.77864,0.131103,0.36288,3.6288,60.9132,0.66528,0,0,0.712282,0.2492,0,0.66528,12.849,1,0.479481,0.36288,0,37.5837,4.82485,32.6422,0.84672,12.849,0.84672,3695.15,0,0,0,0.938831,2.38448,4.40434,1.20697,6.52069,0.42336,0,0.42336,460.49,0,1.02816,0,0,1.96699,0.938831,1.028160,1,0,39.1629,0,0,0,39.1629,0
70.7252,2.63893,0,0,2.74452,0.108503,0.36288,3.6288,60.6382,0.66528,0,0,0.641909,0.251579,0,0.66528,12.849,1,0.476961,0.36288,0,38.1506,5.08673,32.9498,0.84672,12.849,0.84672,3695.15,0,0,0,0.884719,2.38459,4.55578,1.23353,6.59156,0.42336,0,0.42336,460.49,0,1.02816,0,0,1.91288,0.884719,1.028160,1,0,39.5414,0,0,0,39.5414,0
70.1264,2.63698,0,0,2.50925,0.108199,0.36288,3.6288,60.3483,0.66528,0,0,0.626498,0.25114,0,0.66528,12.849,1,0.479073,0.36288,0,37.612,5.08673,32.4091,0.84672,12.849,0.84672,3695.15,0,0,0,0.91984,2.42292,4.49977,1.23353,6.609,0.42336,0,0.42336,460.49,0,1.02816,0,0,1.948,0.91984,1.028160,1,0,39.0181,0,0,0,39.0181,0
69.3154,2.63366,0,0,2.29328,0.107702,0.36288,3.6288,60.0182,0.66528,0,0,0.585872,0.250678,0,0.66528,12.849,1,0.482555,0.36288,0,35.3773,5.08673,30.1709,0.84672,12.849,0.84672,3695.15,0,0,0,0.636638,2.42302,4.28191,1.23353,6.10804,0.42336,0,0.42336,460.49,0,1.02816,0,0,1.6648,0.636638,1.028160,1,0,36.279,0,0,0,36.279,0
68.2728,2.62903,0,0,2.0409,0.0916557,0.36288,3.6288,59.6071,0.66528,0,0,0.543829,0.289643,0,0.66528,12.849,1,0.487343,0.36288,0,30.7255,5.5358,25.0652,0.84672,12.849,0.84672,3695.15,0,0,0,0.590855,2.42313,3.88727,1.41205,5.4892,0.42336,0,0.42336,460.49,0,1.02816,0,0,1.61902,0.590855,1.028160,1,0,30.5544,0,0,0,30.5544,0
67.2032,2.69005,0,0,2.06847,0.0850973,0.36288,3.6288,59.3052,0.66528,0,0,0.674764,0.311397,0,0.66528,12.849,1,0.50627,0.36288,0,34.0822,5.67042,28.2684,0.84672,12.849,0.84672,3695.15,0,0,0,0.823876,2.42323,3.9036,1.4977,5.65301,0.42336,0,0.42336,460.49,0,1.02816,0,0,1.85204,0.823876,1.028160,1,0,33.9214,0,0,0,33.9214,0
65.9985,2.68342,0,0,1.92598,0.084385,0.36288,3.6288,58.9145,0.66528,0,0,0.585407,0.310797,0,0.66528,12.849,1,0.513061,0.36288,0,28.8581,5.67042,23.0375,0.84672,12.849,0.84672,3695.15,0,0,0,0.973814,2.47752,3.93959,1.4977,5.89323,0.42336,0,0.42336,460.49,0,1.02816,0,0,2.00197,0.973814,1.028160,1,0,28.9307,0,0,0,28.9307,0
64.657,2.67572,0,0,1.7807,0.0835827,0.36288,3.6288,58.4821,0.66528,0,0,0.542881,0.310019,0,0.66528,12.849,1,0.520926,0.36288,0,27.6725,5.67042,21.844,0.84672,12.849,0.84672,3695.15,0,0,0,0.730166,2.47763,3.42544,1.4977,5.13554,0.42336,0,0.42336,460.49,0,1.02816,0,0,1.75833,0.730166,1.028160,1,0,26.9795,0,0,0,26.9795,0
63.3695,2.66684,0,0,1.82026,0.0780723,0.36288,3.6288,58.108,0.66528,0,0,0.602893,0.311702,0,0.66528,12.849,1,0.529969,0.36288,0,26.3192,5.74519,20.4069,0.84672,12.849,0.84672,3695.15,0,0,0,0.967455,2.47774,4.23694,1.51264,6.1695,0.42336,0,0.42336,460.49,0,1.02816,0,0,1.99562,0.967455,1.028160,1,0,26.5764,0,0,0,26.5764,0
61.3898,2.85233,0,0,1.32024,0.0847168,0.36288,3.6288,57.6931,0.66528,0,0,0.544103,0.293792,0,0.66528,12.849,1,0.578348,0.36288,0,22.8909,5.69147,16.984,0.84672,12.849,0.84672,3695.15,0,0,0,1.23663,2.47784,4.05444,1.57158,6.19734,0.42336,0,0.42336,460.49,0,1.02816,0,0,2.26479,1.23663,1.028160,1,0,23.1813,0,0,0,23.1813,0
59.1807,2.83705,0,0,1.07991,0.0890697,0.36288,3.6288,57.2135,0.66528,0,0,0.473388,0.287622,0,0.66528,12.849,1,0.593801,0.36288,0,19.8918,5.60774,14.0531,0.84672,12.849,0.84672,3695.15,0,0,0,1.14213,2.66339,3.77264,1.56647,6.01169,0.42336,0,0.42336,460.49,0,1.02816,0,0,2.17029,1.14213,1.028160,1,0,20.0648,0,0,0,20.0648,0
57.0845,2.81899,0,0,1.17298,0.0873236,0.36288,3.6288,56.7405,0.66528,0,0,0.479002,0.28673,0,0.66528,12.849,1,0.612043,0.36288,0,19.0111,5.60774,13.1542,0.84672,12.849,0.84672,3695.15,0,0,0,1.15827,2.66351,4.00712,1.56647,6.26243,0.42336,0,0.42336,460.49,0,1.02816,0,0,2.18643,1.15827,1.028160,1,0,19.4166,0,0,0,19.4166,0
55.6336,2.80078,0,0,1.81176,0.0990153,0.36288,3.6288,56.3687,0.66528,0,0,0.576158,0.282725,0,0.66528,12.849,1,0.630421,0.36288,0,30.7062,5.51868,24.92,0.84672,12.849,0.84672,3695.15,0,0,0,1.59275,2.66362,4.23478,1.55555,6.93561,0.42336,0,0.42336,460.49,0,1.02816,0,0,2.62091,1.59275,1.028160,1,0,31.8556,0,0,0,31.8556,0
54.1282,2.78757,0,0,1.74506,0.0999386,0.36288,3.6288,55.9824,0.66528,0,0,0.52168,0.2427,0,0.66528,12.849,1,0.64381,0.36288,0,28.9583,5.41425,23.2631,0.84672,12.849,0.84672,3695.15,0,0,0,1.09927,2.66374,3.94025,1.48774,6.21551,0.42336,0,0.42336,460.49,0,1.02816,0,0,2.12743,1.09927,1.028160,1,0,29.4786,0,0,0,29.4786,0
51.5858,2.68117,0,0,0.592403,0.0907842,0.36288,3.6288,55.1702,0.852215,0,0,0.257342,0.217347,0,0.66528,12.849,1,0.636457,0.36288,0,17.0544,5.35815,11.4227,0.84672,12.849,0.84672,3695.15,0,0,0,0.204422,2.66386,2.15158,1.44871,3.57114,0.42336,0,0.42336,460.49,0,0.841225,0,0,1.04565,0.204422,1.028160,1,0,14.9938,0,0,0,14.9938,0
49.1982,2.65619,0,0,0.741924,0.110468,0.36288,3.6288,54.4648,0.817292,0,0,0.32564,0.213693,0,0.66528,12.849,1,0.661604,0.36288,0,16.2707,5.17768,10.7943,0.84672,12.849,0.84672,3695.15,0,0,0,0.216518,2.55663,2.63224,1.42155,3.98383,0.42336,0,0.42336,460.49,0,0.876148,0,0,1.09267,0.216518,1.028160,1,0,14.7781,0,0,0,14.7781,0
48.0925,2.63086,0,0,2.07052,0.182492,0.36288,3.6288,54.1425,0.66528,0,0,0.577153,0.234205,0,0.66528,12.849,1,0.687097,0.36288,0,26.6204,4.69843,21.5978,0.84672,12.849,0.84672,3695.15,0,0,0,1.65667,2.55674,5.67092,1.27977,8.60455,0.42336,0,0.42336,460.49,0,1.02816,0,0,2.68483,1.65667,1.028160,1,0,30.2023,0,0,0,30.2023,0
46.465,2.61853,0,0,1.53842,0.184464,0.36288,3.6288,53.6497,0.66528,0,0,0.4035,0.23101,0,0.66528,12.849,1,0.699599,0.36288,0,30.1164,4.64692,25.1327,0.84672,12.849,0.84672,3695.15,0,0,0,0.376091,2.55685,3.16237,1.23447,4.86084,0.42336,0,0.42336,460.49,0,1.02816,0,0,1.40425,0.376091,1.028160,1,0,29.9936,0,0,0,29.9936,0
46.6705,2.76309,0,0,3.53709,0.205623,0.36288,3.6288,53.5473,0.66528,0,0,0.777012,0.214081,0,0.66528,12.849,1,0.764078,0.36288,0,62.7121,4.33786,57.973,0.84672,12.849,0.84672,3695.15,0,0,0,1.48433,2.55696,6.48512,0.962666,9.56374,0.42336,0,0.42336,460.49,0,1.02816,0,0,2.51249,1.48433,1.028160,1,0,67.5367,0,0,0,67.5367,0
48.0673,2.76585,0,0,4.73158,0.206092,0.36288,3.6288,53.7093,0.66528,0,0,1.04117,0.213907,0,0.66528,12.849,1,0.761475,0.36288,0,87.3147,4.33786,82.5783,0.84672,12.849,0.84672,3695.15,0,0,0,2.07174,2.28429,8.47403,0.962666,11.8674,0.42336,0,0.42336,460.49,0,1.02816,0,0,3.0999,2.07174,1.028160,1,0,94.4457,0,0,0,94.4457,0
49.5671,2.78344,0,0,4.8554,0.209279,0.36288,3.6288,54.1847,0.66528,0,0,1.35486,0.214183,0,0.66528,12.849,1,0.74405,0.36288,0,88.6861,4.33786,83.9671,0.84672,12.849,0.84672,3695.15,0,0,0,2.5405,2.2844,9.80173,0.962666,13.664,0.42336,0,0.42336,460.49,0,1.02816,0,0,3.56866,2.5405,1.028160,1,0,97.6311,0,0,0,97.6311,0
50.5114,2.80145,0,0,4.34861,0.239967,0.36288,3.6288,54.3357,0.66528,0,0,1.00164,0.185398,0,0.66528,12.849,1,0.726205,0.36288,0,79.4474,4.39266,74.6914,0.84672,12.849,0.84672,3695.15,0,0,0,2.08138,2.2845,9.06111,1.04405,12.3829,0.42336,0,0.42336,460.49,0,1.02816,0,0,3.10954,2.08138,1.028160,1,0,87.0744,0,0,0,87.0744,0
53.9651,2.6006,0,0,6.66002,0.242814,0.36288,3.6288,54.9737,0.66528,0,0,1.49998,0.196733,0,0.66528,12.849,1,0.661536,0.36288,0,127.726,4.13206,123.295,0.84672,12.849,0.84672,3695.15,0,0,0,3.22761,2.28461,11.299,1.04392,15.7673,0.42336,0,0.42336,460.49,0,1.02816,0,0,4.25577,3.22761,1.028160,1,0,139.063,0,0,0,139.063,0
57.6725,2.63492,0,0,6.96668,0.261545,0.36288,3.6288,55.6689,0.66528,0,0,1.54618,0.185624,0,0.66528,12.849,1,0.627369,0.36288,0,131.405,4.2862,126.854,0.84672,12.849,0.84672,3695.15,0,0,0,3.48005,2.07184,9.6711,1.05298,14.17,0.42336,0,0.42336,460.49,0,1.02816,0,0,4.50821,3.48005,1.028160,1,0,141.024,0,0,0,141.024,0
61.3266,2.66802,0,0,6.95648,0.271386,0.36288,3.6288,56.223,0.66528,0,0,1.40579,0.186474,0,0.66528,12.849,1,0.594416,0.36288,0,120.884,4.2862,116.366,0.84672,12.849,0.84672,3695.15,0,0,0,3.18606,2.07194,8.57097,1.05298,12.776,0.42336,0,0.42336,460.49,0,1.02816,0,0,4.21422,3.18606,1.028160,1,0,129.142,0,0,0,129.142,0
65.2726,2.69743,0,0,7.287,0.280749,0.36288,3.6288,57.344,0.66528,0,0,1.97345,0.187151,0,0.66528,12.849,1,0.565159,0.36288,0,142.281,4.2862,137.792,0.84672,12.849,0.84672,3695.15,0,0,0,4.4556,2.07203,11.1384,1.05298,16.6131,0.42336,0,0.42336,460.49,0,1.02816,0,0,5.48376,4.4556,1.028160,1,0,154.406,0,0,0,154.406,0
65.8776,2.72611,0,0,3.9992,0.305248,0.36288,3.6288,57.3711,0.66528,0,0,0.901583,0.209147,0,0.66528,12.849,1,0.536638,0.36288,0,93.6428,4.63758,88.8315,0.84672,12.849,0.84672,3695.15,0,0,0,1.69591,2.07213,5.64125,1.17265,8.23664,0.42336,0,0.42336,460.49,0,1.02816,0,0,2.72407,1.69591,1.028160,1,0,97.0681,0,0,0,97.0681,0
65.5622,2.81588,0,0,3.18922,0.325799,0.36288,3.6288,56.6194,0.887855,0,0,0.354502,0.218408,0,0.66528,12.849,1,0.54922,0.36288,0,74.9476,4.82506,69.9362,0.84672,12.849,0.84672,3695.15,0,0,0,0.412474,2.07223,2.87309,1.22138,4.1364,0.42336,0,0.42336,460.49,0,0.805585,0,0,1.21806,0.412474,1.028160,1,0,74.0726,0,0,0,74.0726,0
66.3868,2.81378,0,0,4.32621,0.32498,0.36288,3.6288,56.5011,0.66528,0,0,0.764363,0.217343,0,0.66528,12.849,1,0.55145,0.36288,0,77.6088,4.82506,72.5952,0.84672,12.849,0.84672,3695.15,0,0,0,2.38061,2.13871,7.66559,1.22138,10.9635,0.42336,0,0.42336,460.49,0,1.02816,0,0,3.40877,2.38061,1.028160,1,0,83.5587,0,0,0,83.5587,0
67.0795,2.81963,0,0,4.18107,0.30582,0.36288,3.6288,56.3266,0.66528,0,0,0.710389,0.219665,0,0.66528,12.849,1,0.545733,0.36288,0,101.559,4.58762,96.7884,0.84672,12.849,0.84672,3695.15,0,0,0,0.708782,2.13879,6.3313,1.26184,7.91702,0.42336,0,0.42336,460.49,0,1.02816,0,0,1.73694,0.708782,1.028160,1,0,104.705,0,0,0,104.705,0
66.5888,2.82447,0,0,2.99558,0.298935,0.36288,3.6288,56.3206,0.671233,0,0,0.885702,0.220409,0,0.66528,12.849,1,0.541024,0.36288,0,81.8675,4.49264,77.1967,0.84672,12.849,0.84672,3695.15,0,0,0,0.503194,2.13887,4.63704,1.27803,6.00107,0.42336,0,0.42336,460.49,0,1.02221,0,0,1.5254,0.503194,1.028160,1,0,83.1977,0,0,0,83.1977,0
67.5403,3.09642,0,0,4.7188,0.308025,0.36288,3.6288,56.26,0.66528,0,0,0.807977,0.203345,0,0.66528,12.849,1,0.597485,0.36288,0,95.853,3.95661,91.6618,0.84672,12.849,0.84672,3695.15,0,0,0,1.5464,2.13896,4.58445,0.998313,7.27149,0.42336,0,0.42336,460.49,0,1.02816,0,0,2.57456,1.5464,1.028160,1,0,98.9333,0,0,0,98.9333,0
66.7845,3.10361,0,0,3.021,0.310349,0.36288,3.6288,55.7903,0.672831,0,0,0.406426,0.203265,0,0.66528,12.849,1,0.590437,0.36288,0,65.4875,3.95661,61.3033,0.84672,12.849,0.84672,3695.15,0,0,0,0.503194,2.3779,3.49869,0.998313,5.38147,0.42336,0,0.42336,460.49,0,1.02061,0,0,1.5238,0.503194,1.028160,1,0,66.6848,0,0,0,66.6848,0
65.5196,3.09812,0,0,2.47267,0.276559,0.36288,3.6288,54.9451,0.986766,0,0,0.353392,0.211869,0,0.66528,12.849,1,0.596064,0.36288,0,61.9532,4.01841,57.7016,0.84672,12.849,0.84672,3695.15,0,0,0,0.608429,2.378,3.59708,1.06417,5.51933,0.42336,0,0.42336,460.49,0,0.706674,0,0,1.3151,0.608429,1.028160,1,0,63.2209,0,0,0,63.2209,0
64.3621,3.08862,0,0,2.54407,0.25007,0.36288,3.6288,54.1877,0.969425,0,0,0.429596,0.217579,0,0.66528,12.849,1,0.605708,0.36288,0,90.8798,4.06476,86.5722,0.84672,12.849,0.84672,3695.15,0,0,0,0.608429,2.37809,3.09406,1.11357,4.96701,0.42336,0,0.42336,460.49,0,0.724015,0,0,1.33244,0.608429,1.028160,1,0,91.5393,0,0,0,91.5393,0
65.1869,2.6893,0,0,4.18011,0.303056,0.36288,3.6288,53.9238,0.66528,0,0,0.61028,0.208857,0,0.66528,12.849,1,0.536881,0.36288,0,64.226,3.12312,60.9288,0.84672,12.849,0.84672,3695.15,0,0,0,1.37651,2.37818,5.53872,0.808014,8.4854,0.42336,0,0.42336,460.49,0,1.02816,0,0,2.40467,1.37651,1.028160,1,0,69.4142,0,0,0,69.4142,0
65.0297,2.69508,0,0,3.20575,0.305074,0.36288,3.6288,53.5434,0.66528,0,0,0.493322,0.208492,0,0.66528,12.849,1,0.531227,0.36288,0,78.5972,3.12312,75.3057,0.84672,12.849,0.84672,3695.15,0,0,0,0.639904,2.05248,4.11738,0.808014,6.00175,0.42336,0,0.42336,460.49,0,1.02816,0,0,1.66806,0.639904,1.028160,1,0,81.3075,0,0,0,81.3075,0
65.6511,2.69411,0,0,3.98313,0.304689,0.36288,3.6288,53.2848,0.66528,0,0,0.614639,0.207888,0,0.66528,12.849,1,0.53232,0.36288,0,83.624,3.12312,80.3314,0.84672,12.849,0.84672,3695.15,0,0,0,0.944577,2.05256,4.48128,0.808014,6.6704,0.42336,0,0.42336,460.49,0,1.02816,0,0,1.97274,0.944577,1.028160,1,0,87.0018,0,0,0,87.0018,0
70.6472,2.69843,0,0,8.34364,0.28624,0.36288,3.6288,53.1978,0.66528,0,0,0.822485,0.244267,0,0.66528,12.849,1,0.528127,0.36288,0,83.5453,4.37382,79.0063,0.84672,12.849,0.84672,3695.15,0,0,0,2.03019,2.05264,10.6753,1.12359,13.6345,0.42336,0,0.42336,460.49,0,1.02816,0,0,3.05835,2.03019,1.028160,1,0,92.6408,0,0,0,92.6408,0
72.29,2.73014,0,0,5.80237,0.300007,1.12944,3.6288,53.161,0.66528,0,0,0.823995,0.195525,0,0.66528,12.849,1,0.496545,1.12944,0,147.619,3.98244,144.269,0.84672,12.849,0.84672,3695.15,0,0,0,1.92725,2.05272,7.44883,0.984806,10.444,0.42336,0,0.42336,460.49,0,1.02816,0,0,2.95541,1.92725,1.028160,1,0,154.713,0,0,0,154.713,0
72.29,2.83993,0,0,7.96842,0.328815,4.79968,3.6288,53.8681,0.66528,0,0,1.54545,0.172984,0,0.66528,12.849,1,0.504776,4.79968,0,128.925,3.28755,129.933,0.84672,12.849,0.84672,3695.15,0,0,0,2.96556,2.0528,9.36541,0.818827,13.5649,0.42336,0,0.42336,460.49,0,1.02816,0,0,3.99372,2.96556,1.028160,1,0,143.498,0,0,0,143.498,0
72.29,2.84004,0,0,5.61873,0.328815,2.44987,3.6288,53.8217,0.66528,0,0,0.792806,0.173952,0,0.66528,12.849,1,0.504796,2.44987,0,88.2101,3.28755,86.8676,0.84672,12.849,0.84672,3695.15,0,0,0,1.57407,2.13322,7.24576,0.818827,10.1342,0.42336,0,0.42336,460.49,0,1.02816,0,0,2.60223,1.57407,1.028160,1,0,97.0018,0,0,0,97.0018,0
72.29,2.84015,0,0,5.07219,0.319887,1.91215,3.6288,53.8466,0.66528,0,0,0.868579,0.178429,0,0.66528,12.849,1,0.504815,1.91215,0,96.1131,3.34572,94.1747,0.84672,12.849,0.84672,3695.15,0,0,0,1.65346,2.1333,7.58186,0.830278,10.5383,0.42336,0,0.42336,460.49,0,1.02816,0,0,2.68162,1.65346,1.028160,1,0,104.713,0,0,0,104.713,0
72.29,2.84026,0,0,5.10429,0.26008,2.00394,3.6288,53.9922,0.66528,0,0,1.01666,0.205801,0,0.66528,12.849,1,0.504835,2.00394,0,90.4997,3.87051,88.1283,0.84672,12.849,0.84672,3695.15,0,0,0,2.00114,2.13338,8.00747,0.93548,11.2065,0.42336,0,0.42336,460.49,0,1.02816,0,0,3.0293,2.00114,1.028160,1,0,99.3348,0,0,0,99.3348,0
72.29,2.80123,0,0,4.64325,0.244482,1.59754,3.6288,54.0946,0.66528,0,0,0.974039,0.206354,0,0.66528,12.849,1,0.497897,1.59754,0,84.8552,4.30993,81.6449,0.84672,12.849,0.84672,3695.15,0,0,0,1.9036,2.13346,6.8357,1.02673,9.84603,0.42336,0,0.42336,460.49,0,1.02816,0,0,2.93176,1.9036,1.028160,1,0,91.4909,0,0,0,91.4909,0
72.29,2.54457,0,0,4.01541,0.244482,1.22635,3.6288,54.1517,0.66528,0,0,0.928869,0.206494,0,0.66528,12.849,1,0.452278,1.22635,0,75.1654,4.30993,71.6295,0.84672,12.849,0.84672,3695.15,0,0,0,1.61337,2.10228,5.98061,1.02673,8.66953,0.42336,0,0.42336,460.49,0,1.02816,0,0,2.64153,1.61337,1.028160,1,0,80.2991,0,0,0,80.2991,0
72.29,2.54468,0,0,3.58206,0.244482,0.792894,3.6288,54.1046,0.66528,0,0,0.824774,0.206572,0,0.66528,12.849,1,0.452298,0.792894,0,64.5581,4.30993,60.5887,0.84672,12.849,0.84672,3695.15,0,0,0,1.27462,2.27933,5.19348,1.02673,7.7207,0.42336,0,0.42336,460.49,0,1.02816,0,0,2.30278,1.27462,1.028160,1,0,68.3094,0,0,0,68.3094,0
72.29,2.54479,0,0,3.30064,0.227199,0.528646,3.6288,54.0103,0.66528,0,0,0.755836,0.184789,0,0.66528,12.849,1,0.452317,0.528646,0,60.2165,3.83809,56.4547,0.84672,12.849,0.84672,3695.15,0,0,0,1.13464,2.27941,4.67701,0.90706,7.184,0.42336,0,0.42336,460.49,0,1.02816,0,0,2.1628,1.13464,1.028160,1,0,63.6387,0,0,0,63.6387,0
72.0783,2.6778,0,0,3.0125,0.183521,0.36288,3.6288,53.8734,0.66528,0,0,0.755499,0.227209,0,0.66528,12.849,1,0.475959,0.36288,0,52.2572,4.78544,47.3587,0.84672,12.849,0.84672,3695.15,0,0,0,1.27733,2.27949,4.0539,1.05101,6.55971,0.42336,0,0.42336,460.49,0,1.02816,0,0,2.30549,1.27733,1.028160,1,0,53.9184,0,0,0,53.9184,0
71.7675,2.67673,0,0,2.90691,0.178115,0.36288,3.6288,53.6626,0.66528,0,0,0.691364,0.236797,0,0.66528,12.849,1,0.477166,0.36288,0,47.149,5.0023,42.0324,0.84672,12.849,0.84672,3695.15,0,0,0,1.05776,2.38915,3.74393,1.08996,6.10088,0.42336,0,0.42336,460.49,0,1.02816,0,0,2.08592,1.05776,1.028160,1,0,48.1333,0,0,0,48.1333,0
71.1676,2.67509,0,0,2.58707,0.149016,0.36288,3.6288,53.3992,0.66528,0,0,0.656234,0.254384,0,0.66528,12.849,1,0.478939,0.36288,0,41.7113,5.2165,36.3788,0.84672,12.849,0.84672,3695.15,0,0,0,0.97003,2.38924,3.64204,1.14469,5.85662,0.42336,0,0.42336,460.49,0,1.02816,0,0,1.99819,0.97003,1.028160,1,0,42.2354,0,0,0,42.2354,0
70.4553,2.67179,0,0,2.44934,0.126924,0.36288,3.6288,53.0955,0.66528,0,0,0.628883,0.2673,0,0.66528,12.849,1,0.482379,0.36288,0,39.7443,5.37716,34.2476,0.84672,12.849,0.84672,3695.15,0,0,0,0.852034,2.38933,3.60185,1.18573,5.65748,0.42336,0,0.42336,460.49,0,1.02816,0,0,1.88019,0.852034,1.028160,1,0,39.9051,0,0,0,39.9051,0
69.2147,2.92353,0,0,2.16251,0.116696,0.36288,3.6288,52.7325,0.66528,0,0,0.578616,0.276378,0,0.66528,12.849,1,0.533167,0.36288,0,38.1463,5.23693,32.7391,0.84672,12.849,0.84672,3695.15,0,0,0,0.391081,2.38941,3.74465,1.21146,5.31369,0.42336,0,0.42336,460.49,0,1.02816,0,0,1.41924,0.391081,1.028160,1,0,38.0528,0,0,0,38.0528,0
67.8119,2.88947,0,0,1.95803,0.108498,0.36288,3.6288,52.1827,0.83154,0,0,0.564647,0.282849,0,0.66528,12.849,1,0.536401,0.36288,0,35.7801,5.13177,30.4748,0.84672,12.849,0.84672,3695.15,0,0,0,0.30119,2.21253,3.59046,1.23075,4.87343,0.42336,0,0.42336,460.49,0,0.8619,0,0,1.16309,0.30119,1.028160,1,0,35.3482,0,0,0,35.3482,0
66.317,2.88026,0,0,1.85558,0.107315,0.36288,3.6288,51.5774,0.870895,0,0,0.547191,0.281603,0,0.66528,12.849,1,0.545751,0.36288,0,35.0248,5.13177,29.7102,0.84672,12.849,0.84672,3695.15,0,0,0,0.261274,2.25093,3.36523,1.23075,4.64668,0.42336,0,0.42336,460.49,0,0.822545,0,0,1.08382,0.261274,1.028160,1,0,34.3569,0,0,0,34.3569,0
64.7614,2.87006,0,0,1.76513,0.0877824,0.36288,3.6288,50.9101,0.881539,0,0,0.523504,0.309319,0,0.66528,12.849,1,0.556078,0.36288,0,33.5079,5.56611,27.7486,0.84672,12.849,0.84672,3695.15,0,0,0,0.261274,2.25102,3.2057,1.37775,4.34024,0.42336,0,0.42336,460.49,0,0.811901,0,0,1.07317,0.261274,1.028160,1,0,32.0888,0,0,0,32.0888,0
63.1207,2.85903,0,0,1.6656,0.0844423,0.36288,3.6288,50.2855,0.82925,0,0,0.508255,0.30361,0,0.66528,12.849,1,0.567246,0.36288,0,32.1565,5.97174,25.9804,0.84672,12.849,0.84672,3695.15,0,0,0,0.261274,2.25111,3.12327,1.41904,4.21661,0.42336,0,0.42336,460.49,0,0.86419,0,0,1.12546,0.261274,1.028160,1,0,30.197,0,0,0,30.197,0
61.4034,2.91333,0,0,1.63199,0.0731083,0.36288,3.6288,49.6738,0.794586,0,0,0.478541,0.295674,0,0.66528,12.849,1,0.593044,0.36288,0,33.2841,6.29727,26.7567,0.84672,12.849,0.84672,3695.15,0,0,0,0.261274,2.25119,2.58914,1.38658,3.71503,0.42336,0,0.42336,460.49,0,0.898854,0,0,1.16013,0.261274,1.028160,1,0,30.4717,0,0,0,30.4717,0
59.5658,2.89972,0,0,1.4971,0.0720844,0.36288,3.6288,48.9986,0.837527,0,0,0.456583,0.294195,0,0.66528,12.849,1,0.606784,0.36288,0,31.284,6.29727,24.7428,0.84672,12.849,0.84672,3695.15,0,0,0,0.261274,2.30559,2.41301,1.38658,3.5933,0.42336,0,0.42336,460.49,0,0.855913,0,0,1.11719,0.261274,1.028160,1,0,28.3361,0,0,0,28.3361,0
57.6026,2.88444,0,0,1.3515,0.0673567,0.36288,3.6288,48.3917,0.740647,0,0,0.435004,0.301304,0,0.66528,12.849,1,0.622206,0.36288,0,29.0612,6.26881,22.5331,0.84672,12.849,0.84672,3695.15,0,0,0,0.227405,2.30568,2.69279,1.44532,3.78055,0.42336,0,0.42336,460.49,0,0.952793,0,0,1.1802,0.227405,1.028160,1,0,26.3137,0,0,0,26.3137,0
56.0761,2.86721,0,0,1.77611,0.072524,0.36288,3.6288,48.0353,0.66528,0,0,0.622237,0.313275,0,0.66528,12.849,1,0.639569,0.36288,0,28.5979,5.93597,22.3852,0.84672,12.849,0.84672,3695.15,0,0,0,0.44458,2.30577,4.4424,1.5399,5.65285,0.42336,0,0.42336,460.49,0,1.02816,0,0,1.47274,0.44458,1.028160,1,0,28.0381,0,0,0,28.0381,0
54.356,3.04371,0,0,1.74706,0.0605485,0.36288,3.6288,47.5682,0.713906,0,0,0.528136,0.281347,0,0.66528,12.849,1,0.697421,0.36288,0,33.0547,5.74367,26.9765,0.84672,12.849,0.84672,3695.15,0,0,0,0.227405,2.30586,4.79473,1.45549,5.8725,0.42336,0,0.42336,460.49,0,0.979534,0,0,1.20694,0.227405,1.028160,1,0,32.849,0,0,0,32.849,0
52.2772,3.02598,0,0,1.3653,0.0552314,0.36288,3.6288,46.8948,0.84583,0,0,0.440306,0.2679,0,0.66528,12.849,1,0.715299,0.36288,0,27.0453,5.66674,21.0261,0.84672,12.849,0.84672,3695.15,0,0,0,0.227405,2.49179,3.84432,1.42173,5.14178,0.42336,0,0.42336,460.49,0,0.84761,0,0,1.07501,0.227405,1.028160,1,0,26.1679,0,0,0,26.1679,0
50.3107,3.00326,0,0,1.45368,0.0540707,0.36288,3.6288,46.2257,0.839462,0,0,0.436707,0.266391,0,0.66528,12.849,1,0.738159,0.36288,0,25.2641,5.66674,19.2221,0.84672,12.849,0.84672,3695.15,0,0,0,0.204422,2.49189,4.05172,1.42173,5.3263,0.42336,0,0.42336,460.49,0,0.853978,0,0,1.0584,0.204422,1.028160,1,0,24.5484,0,0,0,24.5484,0
49.088,2.9804,0,0,2.1819,0.0613459,0.36288,3.6288,45.8175,0.66528,0,0,0.519988,0.262865,0,0.66528,12.849,1,0.761172,0.36288,0,37.3067,5.60737,31.3011,0.84672,12.849,0.84672,3695.15,0,0,0,0.23938,2.49198,4.30581,1.41445,5.62273,0.42336,0,0.42336,460.49,0,1.02816,0,0,1.26754,0.23938,1.028160,1,0,36.9238,0,0,0,36.9238,0
48.8527,2.96548,0,0,3.17209,0.0789963,0.36288,3.6288,45.7874,0.66528,0,0,0.859726,0.224551,0,0.66528,12.849,1,0.776229,0.36288,0,66.2014,4.94292,60.8451,0.84672,12.849,0.84672,3695.15,0,0,0,0.520681,2.49208,6.3672,1.28036,8.0996,0.42336,0,0.42336,460.49,0,1.02816,0,0,1.54884,0.520681,1.028160,1,0,68.9447,0,0,0,68.9447,0
47.8879,2.87225,0,0,2.35085,0.0804966,0.36288,3.6288,45.7763,0.66528,0,0,0.837285,0.183056,0,0.66528,12.849,1,0.755444,0.36288,0,40.2049,4.16577,35.6466,0.84672,12.849,0.84672,3695.15,0,0,0,0.692392,2.49218,6.81411,1.12705,8.87163,0.42336,0,0.42336,460.49,0,1.02816,0,0,1.72055,0.692392,1.028160,1,0,44.5182,0,0,0,44.5182,0
46.7274,2.86036,0,0,2.14237,0.0796569,0.36288,3.6288,45.7629,0.66528,0,0,0.834883,0.183037,0,0.66528,12.849,1,0.767474,0.36288,0,28.9005,4.16577,24.3302,0.84672,12.849,0.84672,3695.15,0,0,0,0.69431,2.3847,6.34718,1.12705,8.29915,0.42336,0,0.42336,460.49,0,1.02816,0,0,1.72247,0.69431,1.028160,1,0,32.6293,0,0,0,32.6293,0
45.5736,2.84552,0,0,2.18555,0.130905,0.36288,3.6288,45.8356,0.66528,0,0,0.886602,0.148624,0,0.66528,12.849,1,0.782455,0.36288,0,23.9447,3.29211,20.233,0.84672,12.849,0.84672,3695.15,0,0,0,0.508153,2.3848,6.19231,0.929573,8.15568,0.42336,0,0.42336,460.49,0,1.02816,0,0,1.53631,0.508153,1.028160,1,0,28.3887,0,0,0,28.3887,0
46.1174,2.83018,0,0,3.9047,0.167928,0.36288,3.6288,45.9186,0.66528,0,0,0.871208,0.122913,0,0.66528,12.849,1,0.797938,0.36288,0,41.3084,2.63687,38.2365,0.84672,12.849,0.84672,3695.15,0,0,0,0.61109,2.38489,8.36716,0.781468,10.5817,0.42336,0,0.42336,460.49,0,1.02816,0,0,1.63925,0.61109,1.028160,1,0,48.8182,0,0,0,48.8182,0
44.5416,2.76434,0,0,1.67611,0.124676,0.36288,3.6288,45.651,0.726192,0,0,0.654498,0.195967,0,0.66528,12.849,1,0.770188,0.36288,0,24.5008,3.89886,20.1946,0.84672,12.849,0.84672,3695.15,0,0,0,0.216518,2.38498,6.16709,0.879607,7.88898,0.42336,0,0.42336,460.49,0,0.967248,0,0,1.18377,0.216518,1.028160,1,0,28.0836,0,0,0,28.0836,0
43.6037,2.7433,0,0,2.39465,0.226374,0.36288,3.6288,45.255,0.781842,0,0,0.568643,0.182753,0,0.66528,12.849,1,0.791366,0.36288,0,37.6223,4.03515,33.1586,0.84672,12.849,0.84672,3695.15,0,0,0,0.216518,2.28906,6.56432,1.05322,8.01667,0.42336,0,0.42336,460.49,0,0.911598,0,0,1.12812,0.216518,1.028160,1,0,41.1753,0,0,0,41.1753,0
42.2664,2.73026,0,0,1.97985,0.223966,0.36288,3.6288,44.8013,0.761555,0,0,0.489962,0.18208,0,0.66528,12.849,1,0.804545,0.36288,0,30.1723,4.03515,25.6955,0.84672,12.849,0.84672,3695.15,0,0,0,0.292723,2.28915,6.36717,1.05322,7.89582,0.42336,0,0.42336,460.49,0,0.931885,0,0,1.22461,0.292723,1.028160,1,0,33.5913,0,0,0,33.5913,0
44.0064,2.71084,0,0,5.03422,0.220534,0.36288,3.6288,45.5234,0.66528,0,0,1.56865,0.181309,0,0.66528,12.849,1,0.824097,0.36288,0,84.1793,4.03515,79.683,0.84672,12.849,0.84672,3695.15,0,0,0,2.69817,2.28924,14.8805,1.05322,18.8147,0.42336,0,0.42336,460.49,0,1.02816,0,0,3.72633,2.69817,1.028160,1,0,98.4977,0,0,0,98.4977,0
44.9387,2.53011,0,0,4.04702,0.221648,0.36288,3.6288,46.1081,0.66528,0,0,1.43253,0.182553,0,0.66528,12.849,1,0.738742,0.36288,0,73.0074,4.22378,68.4078,0.84672,12.849,0.84672,3695.15,0,0,0,0.989634,2.28933,11.3792,1.15519,13.503,0.42336,0,0.42336,460.49,0,1.02816,0,0,2.01779,0.989634,1.028160,1,0,81.9107,0,0,0,81.9107,0
46.5469,2.54212,0,0,4.73584,0.222651,0.36288,3.6288,46.3885,0.66528,0,0,1.1292,0.183553,0,0.66528,12.849,1,0.72685,0.36288,0,62.6856,4.29922,58.0224,0.84672,12.849,0.84672,3695.15,0,0,0,0.871543,2.0761,11.9636,1.19598,13.7153,0.42336,0,0.42336,460.49,0,1.02816,0,0,1.8997,0.871543,1.028160,1,0,71.7377,0,0,0,71.7377,0
46.4783,2.5619,0,0,3.08283,0.226693,0.36288,3.6288,46.7882,0.66528,0,0,1.24905,0.18403,0,0.66528,12.849,1,0.707198,0.36288,0,80.1905,4.29922,75.547,0.84672,12.849,0.84672,3695.15,0,0,0,1.2168,2.07618,10.0068,1.19598,12.1038,0.42336,0,0.42336,460.49,0,1.02816,0,0,2.24496,1.2168,1.028160,1,0,87.6507,0,0,0,87.6507,0
46.729,2.56119,0,0,3.42144,0.246713,0.36288,3.6288,47.4029,0.66528,0,0,1.48859,0.208651,0,0.66528,12.849,1,0.708044,0.36288,0,61.7964,4.59699,56.8542,0.84672,12.849,0.84672,3695.15,0,0,0,1.41409,2.07626,11.007,1.25584,13.2415,0.42336,0,0.42336,460.49,0,1.02816,0,0,2.44225,1.41409,1.028160,1,0,70.0958,0,0,0,70.0958,0
47.7116,2.56426,0,0,4.16106,0.251229,0.36288,3.6288,47.653,0.66528,0,0,1.12829,0.212829,0,0.66528,12.849,1,0.705092,0.36288,0,81.4902,4.57944,76.5686,0.84672,12.849,0.84672,3695.15,0,0,0,1.2181,2.07634,9.49977,1.27469,11.5195,0.42336,0,0.42336,460.49,0,1.02816,0,0,2.24626,1.2181,1.028160,1,0,88.0881,0,0,0,88.0881,0
52.8818,2.65649,0,0,8.44845,0.258961,0.36288,3.6288,48.8203,0.66528,0,0,2.01215,0.179579,0,0.66528,12.849,1,0.715407,0.36288,0,167.886,3.54249,163.991,0.84672,12.849,0.84672,3695.15,0,0,0,4.26645,2.07643,22.306,1.11832,27.5305,0.42336,0,0.42336,460.49,0,1.02816,0,0,5.29461,4.26645,1.028160,1,0,191.521,0,0,0,191.521,0
56.4034,2.71284,0,0,6.87087,0.273522,0.36288,3.6288,50.2945,0.66528,0,0,2.32076,0.181331,0,0.66528,12.849,1,0.659156,0.36288,0,148.249,3.54249,144.41,0.84672,12.849,0.84672,3695.15,0,0,0,2.05777,2.14302,13.6372,1.11832,16.7197,0.42336,0,0.42336,460.49,0,1.02816,0,0,3.08593,2.05777,1.028160,1,0,161.129,0,0,0,161.129,0
60.3612,2.74645,0,0,7.34979,0.282633,0.36288,3.6288,50.6846,0.66528,0,0,1.21974,0.164391,0,0.66528,12.849,1,0.625656,0.36288,0,138.299,3.27543,134.761,0.84672,12.849,0.84672,3695.15,0,0,0,1.52317,2.14309,10.3609,1.06197,12.9652,0.42336,0,0.42336,460.49,0,1.02816,0,0,2.55133,1.52317,1.028160,1,0,147.726,0,0,0,147.726,0
62.7065,2.78036,0,0,5.78158,0.293092,0.36288,3.6288,51.1758,0.66528,0,0,1.30702,0.150506,0,0.66528,12.849,1,0.591851,0.36288,0,135.543,3.07513,132.239,0.84672,12.849,0.84672,3695.15,0,0,0,1.35352,2.14316,9.49139,1.0197,11.9684,0.42336,0,0.42336,460.49,0,1.02816,0,0,2.38168,1.35352,1.028160,1,0,144.208,0,0,0,144.208,0
63.148,3.07181,0,0,4.18616,0.309896,0.36288,3.6288,51.7221,0.66528,0,0,1.35987,0.148291,0,0.66528,12.849,1,0.629436,0.36288,0,128.828,3.22336,125.338,0.84672,12.849,0.84672,3695.15,0,0,0,1.79864,2.14322,9.73832,0.950878,12.7293,0.42336,0,0.42336,460.49,0,1.02816,0,0,2.8268,1.79864,1.028160,1,0,138.067,0,0,0,138.067,0
63.8616,3.07556,0,0,4.46491,0.312868,0.36288,3.6288,52.0164,0.66528,0,0,1.1081,0.148477,0,0.66528,12.849,1,0.625798,0.36288,0,97.0237,3.24807,93.5128,0.84672,12.849,0.84672,3695.15,0,0,0,1.16186,2.38263,9.46598,0.939408,12.0711,0.42336,0,0.42336,460.49,0,1.02816,0,0,2.19002,1.16186,1.028160,1,0,105.584,0,0,0,105.584,0
63.7536,3.08148,0,0,3.651,0.314688,0.36288,3.6288,52.412,0.66528,0,0,1.20971,0.148831,0,0.66528,12.849,1,0.619996,0.36288,0,108.422,3.24807,104.916,0.84672,12.849,0.84672,3695.15,0,0,0,1.42741,2.38271,9.24497,0.939408,12.1157,0.42336,0,0.42336,460.49,0,1.02816,0,0,2.45557,1.42741,1.028160,1,0,117.032,0,0,0,117.032,0
67.2193,3.0807,0,0,7.20668,0.297409,0.36288,3.6288,53.7114,0.66528,0,0,2.15046,0.185788,0,0.66528,12.849,1,0.62089,0.36288,0,138.18,4.16535,133.757,0.84672,12.849,0.84672,3695.15,0,0,0,3.70528,2.38278,13.4565,1.22638,18.3181,0.42336,0,0.42336,460.49,0,1.02816,0,0,4.73344,3.70528,1.028160,1,0,152.075,0,0,0,152.075,0
67.446,2.71376,0,0,3.61905,0.315729,0.36288,3.6288,53.8525,0.66528,0,0,1.00004,0.19364,0,0.66528,12.849,1,0.518736,0.36288,0,63.1586,3.85323,59.1495,0.84672,12.849,0.84672,3695.15,0,0,0,2.10066,2.38286,5.90713,1.12859,9.26206,0.42336,0,0.42336,460.49,0,1.02816,0,0,3.12882,2.10066,1.028160,1,0,68.4115,0,0,0,68.4115,0
67.3872,2.71531,0,0,3.3374,0.317957,0.36288,3.6288,54.9543,0.66528,0,0,1.96187,0.194838,0,0.66528,12.849,1,0.517288,0.36288,0,92.5137,3.80121,88.558,0.84672,12.849,0.84672,3695.15,0,0,0,1.86312,2.05649,7.96248,1.11229,10.7698,0.42336,0,0.42336,460.49,0,1.02816,0,0,2.89128,1.86312,1.028160,1,0,99.3278,0,0,0,99.3278,0
66.6913,2.71501,0,0,2.69984,0.31781,0.36288,3.6288,54.9324,0.66528,0,0,0.839687,0.196262,0,0.66528,12.849,1,0.517683,0.36288,0,52.1348,3.80121,48.1788,0.84672,12.849,0.84672,3695.15,0,0,0,1.02781,2.05656,4.84672,1.11229,6.8188,0.42336,0,0.42336,460.49,0,1.02816,0,0,2.05597,1.02781,1.028160,1,0,54.9976,0,0,0,54.9976,0
66.102,2.71057,0,0,2.79873,0.31467,0.36288,3.6288,55.2284,0.66528,0,0,1.1471,0.185886,0,0.66528,12.849,1,0.522228,0.36288,0,57.8173,3.78561,53.8724,0.84672,12.849,0.84672,3695.15,0,0,0,1.53487,2.05662,10.7504,1.07016,13.2717,0.42336,0,0.42336,460.49,0,1.02816,0,0,2.56303,1.53487,1.028160,1,0,67.1441,0,0,0,67.1441,0
66.5478,2.70675,0,0,3.81425,0.298785,0.36288,3.6288,55.6691,0.66528,0,0,1.27036,0.164359,0,0.66528,12.849,1,0.526143,0.36288,0,80.9378,4.2273,76.5472,0.84672,12.849,0.84672,3695.15,0,0,0,1.84446,2.05669,10.5854,1.01408,13.4724,0.42336,0,0.42336,460.49,0,1.02816,0,0,2.87262,1.84446,1.028160,1,0,90.0197,0,0,0,90.0197,0
65.9337,2.8088,0,0,2.84277,0.285207,0.36288,3.6288,55.6471,0.66528,0,0,0.813551,0.170225,0,0.66528,12.849,1,0.542322,0.36288,0,70.6242,4.86822,65.5766,0.84672,12.849,0.84672,3695.15,0,0,0,0.933137,2.05675,7.48613,1.07977,9.39625,0.42336,0,0.42336,460.49,0,1.02816,0,0,1.9613,0.933137,1.028160,1,0,74.9728,0,0,0,74.9728,0
66.4458,2.80466,0,0,3.96352,0.283818,0.36288,3.6288,55.9841,0.66528,0,0,1.17247,0.1702,0,0.66528,12.849,1,0.546567,0.36288,0,95.1437,4.86822,90.0918,0.84672,12.849,0.84672,3695.15,0,0,0,1.73832,2.13731,12.063,1.07977,14.8589,0.42336,0,0.42336,460.49,0,1.02816,0,0,2.76648,1.73832,1.028160,1,0,104.951,0,0,0,104.951,0
66.9166,2.80828,0,0,3.89127,0.249304,0.36288,3.6288,56.307,0.66528,0,0,1.17835,0.190216,0,0.66528,12.849,1,0.543053,0.36288,0,100.532,5.00773,95.3445,0.84672,12.849,0.84672,3695.15,0,0,0,2.01753,2.13738,11.4174,1.13062,14.4417,0.42336,0,0.42336,460.49,0,1.02816,0,0,3.04569,2.01753,1.028160,1,0,109.786,0,0,0,109.786,0
66.3343,2.81158,0,0,2.82843,0.236337,0.36288,3.6288,56.1858,0.66528,0,0,0.750237,0.2061,0,0.66528,12.849,1,0.539865,0.36288,0,80.2457,4.70025,75.3685,0.84672,12.849,0.84672,3695.15,0,0,0,0.935824,2.13744,7.473,1.19473,9.35153,0.42336,0,0.42336,460.49,0,1.02816,0,0,1.96398,0.935824,1.028160,1,0,84.72,0,0,0,84.72,0
66.1437,2.769,0,0,3.15168,0.210367,0.36288,3.6288,56.1255,0.66528,0,0,0.830339,0.225441,0,0.66528,12.849,1,0.536357,0.36288,0,69.4224,5.43462,63.8143,0.84672,12.849,0.84672,3695.15,0,0,0,1.25391,2.13751,8.23029,1.28959,10.3321,0.42336,0,0.42336,460.49,0,1.02816,0,0,2.28207,1.25391,1.028160,1,0,74.1464,0,0,0,74.1464,0
65.6754,2.76779,0,0,2.8305,0.168113,0.36288,3.6288,56.1672,0.66528,0,0,0.91921,0.212214,0,0.66528,12.849,1,0.537667,0.36288,0,61.3532,4.71198,56.4664,0.84672,12.849,0.84672,3695.15,0,0,0,0.963032,2.10625,7.74144,1.20644,9.60429,0.42336,0,0.42336,460.49,0,1.02816,0,0,1.99119,0.963032,1.028160,1,0,66.0707,0,0,0,66.0707,0
65.063,2.76467,0,0,2.6826,0.167486,0.36288,3.6288,56.1281,0.66528,0,0,0.838443,0.212272,0,0.66528,12.849,1,0.540891,0.36288,0,52.32,4.71198,47.43,0.84672,12.849,0.84672,3695.15,0,0,0,0.818873,2.10632,7.10398,1.20644,8.82274,0.42336,0,0.42336,460.49,0,1.02816,0,0,1.84703,0.818873,1.028160,1,0,56.2527,0,0,0,56.2527,0
64.2902,2.7605,0,0,2.5212,0.170578,0.36288,3.6288,56.0569,0.66528,0,0,0.796478,0.202348,0,0.66528,12.849,1,0.54516,0.36288,0,50.0551,4.62824,45.2446,0.84672,12.849,0.84672,3695.15,0,0,0,0.718736,2.10638,7.0206,1.18228,8.66345,0.42336,0,0.42336,460.49,0,1.02816,0,0,1.7469,0.718736,1.028160,1,0,53.9081,0,0,0,53.9081,0
63.3916,2.88582,0,0,2.49675,0.146663,0.36288,3.6288,55.9947,0.66528,0,0,0.811201,0.20812,0,0.66528,12.849,1,0.576759,0.36288,0,47.1612,4.77564,42.1717,0.84672,12.849,0.84672,3695.15,0,0,0,0.733363,2.10645,6.53063,1.13473,8.23571,0.42336,0,0.42336,460.49,0,1.02816,0,0,1.76152,0.733363,1.028160,1,0,50.4074,0,0,0,50.4074,0
62.5213,2.87911,0,0,2.49898,0.127262,0.36288,3.6288,55.8894,0.66528,0,0,0.793981,0.234047,0,0.66528,12.849,1,0.583575,0.36288,0,43.6892,5.03559,38.4329,0.84672,12.849,0.84672,3695.15,0,0,0,0.710363,2.2163,6.25813,1.1737,8.0111,0.42336,0,0.42336,460.49,0,1.02816,0,0,1.73852,0.710363,1.028160,1,0,46.444,0,0,0,46.444,0
61.5741,2.87247,0,0,2.41447,0.126361,0.36288,3.6288,55.8001,0.66528,0,0,0.809905,0.233886,0,0.66528,12.849,1,0.590332,0.36288,0,41.6547,5.03559,36.3917,0.84672,12.849,0.84672,3695.15,0,0,0,0.899718,2.21637,5.98585,1.1737,7.92824,0.42336,0,0.42336,460.49,0,1.02816,0,0,1.92788,0.899718,1.028160,1,0,44.3199,0,0,0,44.3199,0
60.4143,2.86504,0,0,2.21612,0.147967,0.36288,3.6288,55.6666,0.66528,0,0,0.759197,0.227394,0,0.66528,12.849,1,0.597864,0.36288,0,39.1657,4.61252,34.3182,0.84672,12.849,0.84672,3695.15,0,0,0,0.813629,2.21644,5.45878,1.19002,7.29883,0.42336,0,0.42336,460.49,0,1.02816,0,0,1.84179,0.813629,1.028160,1,0,41.6171,0,0,0,41.6171,0
59.243,2.85567,0,0,2.14872,0.101497,0.36288,3.6288,55.5375,0.66528,0,0,0.795563,0.259457,0,0.66528,12.849,1,0.607347,0.36288,0,36.0138,5.09973,30.6696,0.84672,12.849,0.84672,3695.15,0,0,0,0.762826,2.21651,5.3095,1.30657,6.98226,0.42336,0,0.42336,460.49,0,1.02816,0,0,1.79099,0.762826,1.028160,1,0,37.6518,0,0,0,37.6518,0
57.9017,2.8204,0,0,1.91782,0.0758234,0.36288,3.6288,55.3549,0.66528,0,0,0.769625,0.286935,0,0.66528,12.849,1,0.611706,0.36288,0,31.7402,5.8254,25.666,0.84672,12.849,0.84672,3695.15,0,0,0,0.327275,2.21658,4.24795,1.40883,5.38297,0.42336,0,0.42336,460.49,0,1.02816,0,0,1.35543,0.327275,1.028160,1,0,31.049,0,0,0,31.049,0
56.4071,2.80889,0,0,1.752,0.0748437,0.36288,3.6288,55.1212,0.695857,0,0,0.748768,0.286591,0,0.66528,12.849,1,0.623323,0.36288,0,28.7066,5.8254,22.6207,0.84672,12.849,0.84672,3695.15,0,0,0,0.30119,2.25503,4.07838,1.40883,5.22577,0.42336,0,0.42336,460.49,0,0.997583,0,0,1.29877,0.30119,1.028160,1,0,27.8465,0,0,0,27.8465,0
54.8399,2.79553,0,0,1.665,0.073752,0.36288,3.6288,54.7147,0.811728,0,0,0.691347,0.286151,0,0.66528,12.849,1,0.636794,0.36288,0,26.2349,5.8254,20.1356,0.84672,12.849,0.84672,3695.15,0,0,0,0.261274,2.2551,3.97254,1.40883,5.08009,0.42336,0,0.42336,460.49,0,0.881712,0,0,1.14299,0.261274,1.028160,1,0,25.2157,0,0,0,25.2157,0
53.2357,2.78087,0,0,1.61214,0.0726074,0.36288,3.6288,54.2235,0.870204,0,0,0.664476,0.285386,0,0.66528,12.849,1,0.651558,0.36288,0,23.4268,5.8254,17.3127,0.84672,12.849,0.84672,3695.15,0,0,0,0.261274,2.25517,3.95657,1.40883,5.06418,0.42336,0,0.42336,460.49,0,0.823236,0,0,1.08451,0.261274,1.028160,1,0,22.3769,0,0,0,22.3769,0
51.6081,2.82967,0,0,1.61731,0.0523635,0.36288,3.6288,53.8258,0.84062,0,0,0.764529,0.321625,0,0.66528,12.849,1,0.682971,0.36288,0,26.2049,5.92484,19.9599,0.84672,12.849,0.84672,3695.15,0,0,0,0.261274,2.25524,3.43565,1.50966,4.44251,0.42336,0,0.42336,460.49,0,0.85282,0,0,1.11409,0.261274,1.028160,1,0,24.4024,0,0,0,24.4024,0
49.9588,2.81251,0,0,1.57759,0.0514921,0.36288,3.6288,53.4682,0.741251,0,0,0.704385,0.320776,0,0.66528,12.849,1,0.700239,0.36288,0,26.1713,5.92484,19.9091,0.84672,12.849,0.84672,3695.15,0,0,0,0.261274,2.30971,3.68156,1.50966,4.74289,0.42336,0,0.42336,460.49,0,0.952189,0,0,1.21346,0.261274,1.028160,1,0,24.652,0,0,0,24.652,0
48.2274,2.79421,0,0,1.47626,0.0506091,0.36288,3.6288,53.007,0.793316,0,0,0.652018,0.319865,0,0.66528,12.849,1,0.718649,0.36288,0,23.6261,5.92484,17.3455,0.84672,12.849,0.84672,3695.15,0,0,0,0.261274,2.30978,3.28576,1.50966,4.34716,0.42336,0,0.42336,460.49,0,0.900124,0,0,1.1614,0.261274,1.028160,1,0,21.6926,0,0,0,21.6926,0
46.3962,2.77393,0,0,1.35528,0.0496753,0.36288,3.6288,52.4783,0.854833,0,0,0.644855,0.318689,0,0.66528,12.849,1,0.739045,0.36288,0,21.5971,5.92484,15.2961,0.84672,12.849,0.84672,3695.15,0,0,0,0.227405,2.30986,3.21358,1.50966,4.24118,0.42336,0,0.42336,460.49,0,0.838607,0,0,1.06601,0.227405,1.028160,1,0,19.5372,0,0,0,19.5372,0
44.7694,2.93491,0,0,1.70862,0.0376136,0.36288,3.6288,52.1822,0.681506,0,0,0.701289,0.315947,0,0.66528,12.849,1,0.812797,0.36288,0,22.6615,6.11627,16.0953,0.84672,12.849,0.84672,3695.15,0,0,0,0.227405,2.30993,4.26678,1.59175,5.21236,0.42336,0,0.42336,460.49,0,1.01193,0,0,1.23934,0.227405,1.028160,1,0,21.3077,0,0,0,21.3077,0
43.2959,2.91205,0,0,1.84351,0.0420564,0.36288,3.6288,51.9807,0.66528,0,0,0.769383,0.305628,0,0.66528,12.849,1,0.835771,0.36288,0,27.4725,5.99812,21.0015,0.84672,12.849,0.84672,3695.15,0,0,0,0.268566,2.49617,4.16276,1.60103,5.32647,0.42336,0,0.42336,460.49,0,1.02816,0,0,1.29673,0.268566,1.028160,1,0,26.328,0,0,0,26.328,0
41.5181,2.89021,0,0,1.51667,0.0413555,0.36288,3.6288,51.2013,1.03459,0,0,0.560334,0.305132,0,0.66528,12.849,1,0.857732,0.36288,0,25.169,5.99812,18.676,0.84672,12.849,0.84672,3695.15,0,0,0,0.227405,2.49625,3.40949,1.60103,4.53211,0.42336,0,0.42336,460.49,0,0.658852,0,0,0.886257,0.227405,1.028160,1,0,23.2081,0,0,0,23.2081,0
40.1425,2.86225,0,0,1.89002,0.0405098,0.36288,3.6288,51.2034,0.66528,0,0,0.970652,0.303214,0,0.66528,12.849,1,0.885807,0.36288,0,24.5339,5.99812,18.0128,0.84672,12.849,0.84672,3695.15,0,0,0,0.723203,2.49633,5.31768,1.60103,6.93618,0.42336,0,0.42336,460.49,0,1.02816,0,0,1.75136,0.723203,1.028160,1,0,24.949,0,0,0,24.949,0
38.7073,2.83934,0,0,1.82785,0.060839,0.36288,3.6288,50.9447,0.713076,0,0,0.694103,0.239784,0,0.66528,12.849,1,0.908831,0.36288,0,18.1055,4.42605,13.1335,0.84672,12.849,0.84672,3695.15,0,0,0,0.204422,2.4964,5.45614,1.04991,7.10706,0.42336,0,0.42336,460.49,0,0.980364,0,0,1.18479,0.204422,1.028160,1,0,20.2405,0,0,0,20.2405,0
38.2562,2.72827,0,0,2.73542,0.095409,0.36288,3.6288,51.1515,0.66528,0,0,1.06543,0.193344,0,0.66528,12.849,1,0.905657,0.36288,0,22.8519,3.73065,18.5785,0.84672,12.849,0.84672,3695.15,0,0,0,0.96222,2.49648,6.78465,0.931312,9.31204,0.42336,0,0.42336,460.49,0,1.02816,0,0,1.99038,0.96222,1.028160,1,0,27.8905,0,0,0,27.8905,0
38.616,2.72036,0,0,3.53801,0.0949094,0.36288,3.6288,51.4989,0.66528,0,0,1.2064,0.193669,0,0.66528,12.849,1,0.913681,0.36288,0,50.3259,3.73065,46.0445,0.84672,12.849,0.84672,3695.15,0,0,0,1.0032,2.3888,7.60631,0.931312,10.067,0.42336,0,0.42336,460.49,0,1.02816,0,0,2.03136,1.0032,1.028160,1,0,56.1115,0,0,0,56.1115,0
37.9816,2.72683,0,0,2.55064,0.0953079,0.36288,3.6288,51.6383,0.66528,0,0,0.998888,0.194215,0,0.66528,12.849,1,0.90732,0.36288,0,24.3313,3.73065,20.0562,0.84672,12.849,0.84672,3695.15,0,0,0,0.981677,2.38888,5.93833,0.931312,8.37758,0.42336,0,0.42336,460.49,0,1.02816,0,0,2.00984,0.981677,1.028160,1,0,28.4338,0,0,0,28.4338,0
37.253,2.7156,0,0,2.44445,0.0946053,0.36288,3.6288,51.8075,0.66528,0,0,1.02893,0.194435,0,0.66528,12.849,1,0.918673,0.36288,0,18.4411,3.73065,14.1547,0.84672,12.849,0.84672,3695.15,0,0,0,0.862298,2.38895,5.64098,0.931312,7.96092,0.42336,0,0.42336,460.49,0,1.02816,0,0,1.89046,0.862298,1.028160,1,0,22.1156,0,0,0,22.1156,0
35.7123,2.63251,0,0,1.63192,0.177231,0.36288,3.6288,51.6565,0.66528,0,0,0.700562,0.186352,0,0.66528,12.849,1,0.907985,0.36288,0,20.5453,4.07166,15.9285,0.84672,12.849,0.84672,3695.15,0,0,0,0.671665,2.38903,3.98339,0.868013,6.17607,0.42336,0,0.42336,460.49,0,1.02816,0,0,1.69982,0.671665,1.028160,1,0,22.1046,0,0,0,22.1046,0
35.6842,2.60379,0,0,3.12619,0.187659,0.36288,3.6288,51.6175,0.66528,0,0,0.811053,0.184735,0,0.66528,12.849,1,0.936822,0.36288,0,39.5562,4.1285,34.8537,0.84672,12.849,0.84672,3695.15,0,0,0,1.10422,2.29292,6.2693,0.857463,8.80898,0.42336,0,0.42336,460.49,0,1.02816,0,0,2.13238,1.10422,1.028160,1,0,43.6627,0,0,0,43.6627,0
37.4889,2.60332,0,0,4.95858,0.187595,0.36288,3.6288,52.4655,0.66528,0,0,1.69798,0.184677,0,0.66528,12.849,1,0.937394,0.36288,0,53.8197,4.1285,49.1167,0.84672,12.849,0.84672,3695.15,0,0,0,2.62568,2.293,10.0945,0.857463,14.1557,0.42336,0,0.42336,460.49,0,1.02816,0,0,3.65384,2.62568,1.028160,1,0,63.2723,0,0,0,63.2723,0
37.4832,2.63702,0,0,3.18582,0.191669,0.36288,3.6288,52.8803,0.66528,0,0,1.26601,0.185943,0,0.66528,12.849,1,0.903814,0.36288,0,37.0161,4.1285,32.3467,0.84672,12.849,0.84672,3695.15,0,0,0,2.14112,2.29307,9.9595,0.857463,13.5362,0.42336,0,0.42336,460.49,0,1.02816,0,0,3.16928,2.14112,1.028160,1,0,45.8829,0,0,0,45.8829,0
39.4183,2.4384,0,0,4.96582,0.229484,0.36288,3.6288,54.4218,0.66528,0,0,2.40058,0.193861,0,0.66528,12.849,1,0.835868,0.36288,0,69.3125,3.94511,64.8944,0.84672,12.849,0.84672,3695.15,0,0,0,2.65623,2.29314,10.6306,1.006,14.574,0.42336,0,0.42336,460.49,0,1.02816,0,0,3.68439,2.65623,1.028160,1,0,79.4684,0,0,0,79.4684,0
41.0909,2.46942,0,0,4.72795,0.223012,0.36288,3.6288,55.9496,0.66528,0,0,2.37747,0.184319,0,0.66528,12.849,1,0.804947,0.36288,0,64.609,3.50311,60.6638,0.84672,12.849,0.84672,3695.15,0,0,0,2.53876,2.07954,10.0416,1.04632,13.6136,0.42336,0,0.42336,460.49,0,1.02816,0,0,3.56692,2.53876,1.028160,1,0,74.2774,0,0,0,74.2774,0
42.4431,2.49446,0,0,4.43701,0.227456,0.36288,3.6288,57.8374,0.66528,0,0,2.73922,0.186181,0,0.66528,12.849,1,0.780011,0.36288,0,62.7246,3.50311,58.8043,0.84672,12.849,0.84672,3695.15,0,0,0,3.27926,2.07961,11.7948,1.04632,16.1074,0.42336,0,0.42336,460.49,0,1.02816,0,0,4.30742,3.27926,1.028160,1,0,74.9117,0,0,0,74.9117,0
42.6633,2.51362,0,0,3.32573,0.229092,0.36288,3.6288,58.0822,0.66528,0,0,1.08902,0.178895,0,0.66528,12.849,1,0.760958,0.36288,0,46.3057,3.30421,42.6034,0.84672,12.849,0.84672,3695.15,0,0,0,1.94327,2.07967,6.58385,0.982341,9.62446,0.42336,0,0.42336,460.49,0,1.02816,0,0,2.97143,1.94327,1.028160,1,0,52.2279,0,0,0,52.2279,0
43.8731,2.51671,0,0,4.31711,0.227685,0.36288,3.6288,58.5111,0.66528,0,0,1.27096,0.176808,0,0.66528,12.849,1,0.757964,0.36288,0,56.3515,3.40937,52.547,0.84672,12.849,0.84672,3695.15,0,0,0,1.90404,2.07974,9.5372,0.972587,12.5484,0.42336,0,0.42336,460.49,0,1.02816,0,0,2.9322,1.90404,1.028160,1,0,65.0954,0,0,0,65.0954,0
43.5302,2.6123,0,0,2.86015,0.227876,0.36288,3.6288,58.7205,0.66528,0,0,1.08105,0.206353,0,0.66528,12.849,1,0.765057,0.36288,0,41.2565,4.93531,35.919,0.84672,12.849,0.84672,3695.15,0,0,0,1.2509,2.0798,16.35,1.20198,18.4787,0.42336,0,0.42336,460.49,0,1.02816,0,0,2.27906,1.2509,1.028160,1,0,54.3977,0,0,0,54.3977,0
50.0209,2.60771,0,0,9.68825,0.226983,0.36288,3.6288,59.8706,0.66528,0,0,2.02203,0.206631,0,0.66528,12.849,1,0.769729,0.36288,0,126.288,4.93531,120.946,0.84672,12.849,0.84672,3695.15,0,0,0,3.65691,2.14649,13.7846,1.20198,18.386,0.42336,0,0.42336,460.49,0,1.02816,0,0,4.68507,3.65691,1.028160,1,0,139.332,0,0,0,139.332,0
53.4827,2.68724,0,0,6.76163,0.249711,0.36288,3.6288,61.0713,0.66528,0,0,2.06537,0.199466,0,0.66528,12.849,1,0.690278,0.36288,0,170.849,4.45577,166.066,0.84672,12.849,0.84672,3695.15,0,0,0,3.53573,2.14654,10.2725,1.07288,14.8819,0.42336,0,0.42336,460.49,0,1.02816,0,0,4.56389,3.53573,1.028160,1,0,180.948,0,0,0,180.948,0
54.2137,2.72333,0,0,4.07852,0.261273,0.36288,3.6288,61.308,0.66528,0,0,1.44073,0.19749,0.34122,0.66528,12.849,1,0.654269,0.36288,0,70.295,4.26394,65.7397,0.84672,12.849,0.84672,3695.15,0,0,0,2.17053,2.1466,7.51516,1.02124,10.811,0.42336,0,0.42336,460.49,0,1.02816,0,0,3.19869,2.17053,1.028160,1,0,76.892,0,0,0,76.892,0
54.9753,2.99685,0,0,4.42265,0.301352,0.36288,3.6288,61.308,0.66528,0,0,1.08687,0.174526,0.247063,0.66528,12.849,1,0.710274,0.36288,0,115.957,3.78042,111.829,0.84672,12.849,0.84672,3695.15,0,0,0,1.17228,2.14665,10.1696,0.845299,12.6432,0.42336,0,0.42336,460.49,0,1.02816,0,0,2.20044,1.17228,1.028160,1,0,124.719,0,0,0,124.719,0
54.821,3.0049,0,0,3.53259,0.319046,0.36288,3.6288,61.2619,0.706165,0,0,0.825241,0.165221,0,0.66528,12.849,1,0.702315,0.36288,0,93.744,3.58701,89.8176,0.84672,12.849,0.84672,3695.15,0,0,0,0.503194,2.38642,10.6746,0.77492,12.7893,0.42336,0,0.42336,460.49,0,0.987275,0,0,1.49047,0.503194,1.028160,1,0,102.607,0,0,0,102.607,0
57.9942,3.00337,0,0,6.84897,0.309601,0.36288,3.6288,61.308,0.66528,0,0,1.57142,0.187298,0.672695,0.66528,12.849,1,0.703932,0.36288,0,143.084,4.11117,138.632,0.84672,12.849,0.84672,3695.15,0,0,0,2.03887,2.38647,14.2548,0.938904,17.7412,0.42336,0,0.42336,460.49,0,1.02816,0,0,3.06703,2.03887,1.028160,1,0,157.046,0,0,0,157.046,0
62.305,3.03497,0,0,8.0212,0.312559,0.36288,3.6288,61.308,0.66528,0,0,2.17979,0.203951,1.31056,0.66528,12.849,1,0.672418,0.36288,0,158.909,4.50429,154.096,0.84672,12.849,0.84672,3695.15,0,0,0,4.0635,2.38653,17.7823,1.06189,23.1705,0.42336,0,0.42336,460.49,0,1.02816,0,0,5.09166,4.0635,1.028160,1,0,178.577,0,0,0,178.577,0
65.1951,2.68401,0,0,6.24827,0.311224,0.36288,3.6288,61.308,0.66528,0,0,1.48209,0.166114,0.650694,0.66528,12.849,1,0.553517,0.36288,0,126.166,2.97414,123.001,0.84672,12.849,0.84672,3695.15,0,0,0,2.48436,2.38659,11.0328,0.888701,15.015,0.42336,0,0.42336,460.49,0,1.02816,0,0,3.51252,2.48436,1.028160,1,0,138.667,0,0,0,138.667,0
68.7071,2.70457,0,0,6.89247,0.312993,0.36288,3.6288,61.308,0.66528,0,0,2.02515,0.15098,1.20889,0.66528,12.849,1,0.533032,0.36288,0,158.407,2.36208,155.874,0.84672,12.849,0.84672,3695.15,0,0,0,3.02962,2.0597,13.8367,0.819425,18.1066,0.42336,0,0.42336,460.49,0,1.02816,0,0,4.05778,3.02962,1.028160,1,0,175.19,0,0,0,175.19,0
72.29,2.72759,0,0,8.74783,0.323027,2.11433,3.6288,61.308,0.66528,0,0,3.07923,0.166278,2.24767,0.66528,12.849,1,0.51009,2.11433,0,200.19,2.79519,198.999,0.84672,12.849,0.84672,3695.15,0,0,0,5.84935,2.05975,21.979,0.886124,29.002,0.42336,0,0.42336,460.49,0,1.02816,0,0,6.87751,5.84935,1.028160,1,0,230.248,0,0,0,230.248,0
72.29,2.74912,0,0,5.85066,0.335186,2.76635,3.6288,61.308,0.66528,0,0,1.66338,0.204524,0.793578,0.66528,12.849,1,0.488636,2.76635,0,159.037,3.87797,157.437,0.84672,12.849,0.84672,3695.15,0,0,0,2.69301,2.0598,13.0644,1.05287,16.7643,0.42336,0,0.42336,460.49,0,1.02816,0,0,3.72117,2.69301,1.028160,1,0,174.995,0,0,0,174.995,0
72.29,2.74919,0,0,6.70944,0.328826,3.63143,3.6288,61.308,0.66528,0,0,3.12795,0.200475,2.26219,0.66528,12.849,1,0.488647,3.63143,0,168.763,3.5005,168.406,0.84672,12.849,0.84672,3695.15,0,0,0,4.2509,2.05984,21.4682,0.967386,26.8115,0.42336,0,0.42336,460.49,0,1.02816,0,0,5.27906,4.2509,1.028160,1,0,197.479,0,0,0,197.479,0
72.29,2.84971,0,0,8.06976,0.312927,4.90713,3.6288,61.308,0.66528,0,0,3.72396,0.190352,2.86833,0.66528,12.849,1,0.506513,4.90713,0,224.522,2.55686,226.365,0.84672,12.849,0.84672,3695.15,0,0,0,6.43798,2.05989,25.4375,0.753673,33.1817,0.42336,0,0.42336,460.49,0,1.02816,0,0,7.46614,6.43798,1.028160,1,0,262.415,0,0,0,262.415,0
72.29,2.84977,0,0,6.8891,0.312927,3.7264,3.6288,61.308,0.66528,0,0,2.97232,0.190352,2.11668,0.66528,12.849,1,0.506525,3.7264,0,174.5,2.55686,175.163,0.84672,12.849,0.84672,3695.15,0,0,0,5.13001,2.14056,18.4117,0.753673,24.9286,0.42336,0,0.42336,460.49,0,1.02816,0,0,6.15817,5.13001,1.028160,1,0,202.209,0,0,0,202.209,0
72.29,2.84984,0,0,5.51377,0.275204,2.38873,3.6288,61.308,0.66528,0,0,2.09065,0.186189,1.23918,0.66528,12.849,1,0.506537,2.38873,0,146.555,2.80398,145.633,0.84672,12.849,0.84672,3695.15,0,0,0,3.41384,2.14061,12.8557,0.769742,17.6404,0.42336,0,0.42336,460.49,0,1.02816,0,0,4.442,3.41384,1.028160,1,0,164.513,0,0,0,164.513,0
72.29,2.84991,0,0,4.76291,0.260115,1.65289,3.6288,61.308,0.66528,0,0,1.80013,0.184524,0.950322,0.66528,12.849,1,0.506549,1.65289,0,135.403,2.90283,133.647,0.84672,12.849,0.84672,3695.15,0,0,0,2.4569,2.14066,11.0204,0.77617,14.8418,0.42336,0,0.42336,460.49,0,1.02816,0,0,3.48506,2.4569,1.028160,1,0,149.439,0,0,0,149.439,0
72.29,2.81069,0,0,4.56869,0.216767,1.54122,3.6288,61.308,0.66528,0,0,1.55251,0.212718,0.674515,0.66528,12.849,1,0.49958,1.54122,0,107.67,4.27602,104.436,0.84672,12.849,0.84672,3695.15,0,0,0,3.01379,2.14071,11.8843,1.03978,15.999,0.42336,0,0.42336,460.49,0,1.02816,0,0,4.04195,3.01379,1.028160,1,0,121.109,0,0,0,121.109,0
72.29,2.81076,0,0,4.34293,0.216767,1.3154,3.6288,61.308,0.66528,0,0,1.41959,0.212718,0.541588,0.66528,12.849,1,0.499591,1.3154,0,96.9641,4.27602,93.5039,0.84672,12.849,0.84672,3695.15,0,0,0,2.30581,2.10939,10.7184,1.03978,14.0939,0.42336,0,0.42336,460.49,0,1.02816,0,0,3.33397,2.30581,1.028160,1,0,108.139,0,0,0,108.139,0
72.29,2.81083,0,0,3.99526,0.216767,0.967663,3.6288,61.308,0.66528,0,0,1.32936,0.212718,0.451361,0.66528,12.849,1,0.499603,0.967663,0,89.0162,4.27602,85.2082,0.84672,12.849,0.84672,3695.15,0,0,0,2.13828,2.10944,9.18078,1.03978,12.3887,0.42336,0,0.42336,460.49,0,1.02816,0,0,3.16644,2.13828,1.028160,1,0,98.0483,0,0,0,98.0483,0
72.29,2.81089,0,0,3.67499,0.182732,0.681363,3.6288,61.308,0.66528,0,0,1.24146,0.240531,0.335644,0.66528,12.849,1,0.499615,0.681363,0,78.6266,4.54779,74.2606,0.84672,12.849,0.84672,3695.15,0,0,0,2.04802,2.10949,8.9545,1.04067,12.0713,0.42336,0,0.42336,460.49,0,1.02816,0,0,3.07618,2.04802,1.028160,1,0,86.6675,0,0,0,86.6675,0
72.2766,2.9443,0,0,3.47131,0.177529,0.36288,3.6288,61.308,0.66528,0,0,1.1358,0.220562,0.249955,0.66528,12.849,1,0.523328,0.36288,0,64.3886,4.02409,60.204,0.84672,12.849,0.84672,3695.15,0,0,0,1.79097,2.10954,8.34468,0.960543,11.2846,0.42336,0,0.42336,460.49,0,1.02816,0,0,2.81913,1.79097,1.028160,1,0,71.7386,0,0,0,71.7386,0
71.8707,2.94429,0,0,3.06784,0.16653,0.36288,3.6288,61.308,0.66528,0,0,0.939401,0.206757,0.0673641,0.66528,12.849,1,0.523422,0.36288,0,51.9545,3.84594,47.948,0.84672,12.849,0.84672,3695.15,0,0,0,1.31181,2.21953,6.90924,0.951472,9.48911,0.42336,0,0.42336,460.49,0,1.02816,0,0,2.33997,1.31181,1.028160,1,0,57.5045,0,0,0,57.5045,0
71.0485,2.94185,0,0,2.64854,0.166017,0.36288,3.6288,61.2646,0.66528,0,0,0.828619,0.206757,0,0.66528,12.849,1,0.525942,0.36288,0,47.7434,3.84594,43.7344,0.84672,12.849,0.84672,3695.15,0,0,0,1.14983,2.21958,6.53482,0.951472,8.95276,0.42336,0,0.42336,460.49,0,1.02816,0,0,2.17799,1.14983,1.028160,1,0,52.6872,0,0,0,52.6872,0
69.9691,2.93677,0,0,2.38524,0.164978,0.36288,3.6288,61.0979,0.66528,0,0,0.7053,0.2067,0,0.66528,12.849,1,0.531109,0.36288,0,44.7189,3.84594,40.7047,0.84672,12.849,0.84672,3695.15,0,0,0,0.929768,2.21964,6.3294,0.951472,8.52733,0.42336,0,0.42336,460.49,0,1.02816,0,0,1.95793,0.929768,1.028160,1,0,49.2321,0,0,0,49.2321,0
68.8462,2.92991,0,0,2.30899,0.13909,0.36288,3.6288,60.974,0.66528,0,0,0.773332,0.231917,0,0.66528,12.849,1,0.538044,0.36288,0,42.2903,4.43769,37.6774,0.84672,12.849,0.84672,3695.15,0,0,0,1.01276,2.21969,6.15514,1.07763,8.30995,0.42336,0,0.42336,460.49,0,1.02816,0,0,2.04092,1.01276,1.028160,1,0,45.9874,0,0,0,45.9874,0
68.0079,2.89641,0,0,2.53045,0.109488,0.36288,3.6288,60.9816,0.66528,0,0,0.933612,0.260772,0,0.66528,12.849,1,0.540567,0.36288,0,43.8637,5.23236,38.4537,0.84672,12.849,0.84672,3695.15,0,0,0,0.988139,2.21974,6.15584,1.20619,8.15753,0.42336,0,0.42336,460.49,0,1.02816,0,0,2.0163,0.988139,1.028160,1,0,46.6112,0,0,0,46.6112,0
67.0046,2.89088,0,0,2.35922,0.108773,0.36288,3.6288,60.9526,0.66528,0,0,0.897057,0.260785,0,0.66528,12.849,1,0.546184,0.36288,0,43.2837,5.23236,37.8681,0.84672,12.849,0.84672,3695.15,0,0,0,0.906889,2.25823,6.29027,1.20619,8.24919,0.42336,0,0.42336,460.49,0,1.02816,0,0,1.93505,0.906889,1.028160,1,0,46.1172,0,0,0,46.1172,0
65.7869,2.88408,0,0,2.13713,0.107917,0.36288,3.6288,60.8838,0.66528,0,0,0.857218,0.260737,0,0.66528,12.849,1,0.55306,0.36288,0,42.5367,5.23236,37.1142,0.84672,12.849,0.84672,3695.15,0,0,0,0.810734,2.25828,5.94247,1.20619,7.8053,0.42336,0,0.42336,460.49,0,1.02816,0,0,1.83889,0.810734,1.028160,1,0,44.9195,0,0,0,44.9195,0
64.3919,2.87558,0,0,1.94587,0.102354,0.36288,3.6288,60.7576,0.66528,0,0,0.810691,0.271563,0,0.66528,12.849,1,0.561638,0.36288,0,37.4447,5.37351,31.8725,0.84672,12.849,0.84672,3695.15,0,0,0,0.635075,2.25834,5.7677,1.25771,7.4034,0.42336,0,0.42336,460.49,0,1.02816,0,0,1.66323,0.635075,1.028160,1,0,39.2759,0,0,0,39.2759,0
62.6581,2.93238,0,0,1.63992,0.0785084,0.36288,3.6288,60.2618,0.861987,0,0,0.676652,0.310543,0,0.66528,12.849,1,0.585139,0.36288,0,33.2394,5.97471,27.0424,0.84672,12.849,0.84672,3695.15,0,0,0,0.261274,2.25839,3.99138,1.45131,5.05973,0.42336,0,0.42336,460.49,0,0.831453,0,0,1.09273,0.261274,1.028160,1,0,32.1021,0,0,0,32.1021,0
60.8386,2.91902,0,0,1.54054,0.0780902,0.36288,3.6288,59.6075,0.932653,0,0,0.583557,0.305182,0,0.66528,12.849,1,0.59859,0.36288,0,31.7906,5.93376,25.6212,0.84672,12.849,0.84672,3695.15,0,0,0,0.261274,2.31292,3.91585,1.43206,5.05798,0.42336,0,0.42336,460.49,0,0.760787,0,0,1.02206,0.261274,1.028160,1,0,30.6791,0,0,0,30.6791,0
58.9361,2.90431,0,0,1.44159,0.0769271,0.36288,3.6288,58.8672,0.97651,0,0,0.540165,0.303911,0,0.66528,12.849,1,0.613384,0.36288,0,28.6989,5.93376,22.5146,0.84672,12.849,0.84672,3695.15,0,0,0,0.261274,2.31298,3.49485,1.43206,4.63704,0.42336,0,0.42336,460.49,0,0.71693,0,0,0.978204,0.261274,1.028160,1,0,27.1517,0,0,0,27.1517,0
56.933,2.88812,0,0,1.32346,0.0755858,0.36288,3.6288,58.076,1.02298,0,0,0.534235,0.302474,0,0.66528,12.849,1,0.629655,0.36288,0,26.2343,5.93376,20.0338,0.84672,12.849,0.84672,3695.15,0,0,0,0.227405,2.31303,3.41808,1.43206,4.52646,0.42336,0,0.42336,460.49,0,0.670455,0,0,0.89786,0.227405,1.028160,1,0,24.5602,0,0,0,24.5602,0
54.6687,3.06179,0,0,1.23034,0.0698882,0.36288,3.6288,57.4921,0.852958,0,0,0.559799,0.290737,0,0.66528,12.849,1,0.691005,0.36288,0,22.2486,5.77752,16.143,0.84672,12.849,0.84672,3695.15,0,0,0,0.227405,2.31309,4.3236,1.45468,5.40941,0.42336,0,0.42336,460.49,0,0.840482,0,0,1.06789,0.227405,1.028160,1,0,21.5524,0,0,0,21.5524,0
51.8435,3.03869,0,0,0.654126,0.0777962,0.36288,3.6288,56.4791,1.11765,0,0,0.384858,0.280192,0,0.66528,12.849,1,0.714195,0.36288,0,12.9604,5.31689,7.29223,0.84672,12.849,0.84672,3695.15,0,0,0,0.227405,2.49956,2.65764,1.4244,3.96021,0.42336,0,0.42336,460.49,0,0.575787,0,0,0.803192,0.227405,1.028160,1,0,11.2524,0,0,0,11.2524,0
49.1302,3.00757,0,0,0.732724,0.0755814,0.36288,3.6288,55.5003,1.09528,0,0,0.394795,0.278354,0,0.66528,12.849,1,0.745403,0.36288,0,12.8827,5.31689,7.18326,0.84672,12.849,0.84672,3695.15,0,0,0,0.227405,2.49962,2.84846,1.4244,4.15109,0.42336,0,0.42336,460.49,0,0.598164,0,0,0.825569,0.227405,1.028160,1,0,11.3344,0,0,0,11.3344,0
46.875,2.97501,0,0,1.17267,0.0899883,0.36288,3.6288,54.8182,0.894862,0,0,0.485201,0.272444,0,0.66528,12.849,1,0.778054,0.36288,0,21.4021,5.19815,15.7888,0.84672,12.849,0.84672,3695.15,0,0,0,0.204422,2.49968,3.10506,1.40983,4.39933,0.42336,0,0.42336,460.49,0,0.798578,0,0,1.003,0.204422,1.028160,1,0,20.1882,0,0,0,20.1882,0
44.8911,2.9457,0,0,1.41264,0.0879271,0.36288,3.6288,54.2999,0.845027,0,0,0.589325,0.262623,0,0.66528,12.849,1,0.807452,0.36288,0,23.1746,5.34275,17.3873,0.84672,12.849,0.84672,3695.15,0,0,0,0.204422,2.49974,2.97612,1.38361,4.29666,0.42336,0,0.42336,460.49,0,0.848413,0,0,1.05284,0.204422,1.028160,1,0,21.684,0,0,0,21.684,0
42.0735,2.82899,0,0,0.456732,0.0825042,0.36288,3.6288,53.3351,1.03365,0,0,0.328868,0.259999,0,0.66528,12.849,1,0.809732,0.36288,0,10.429,5.40802,4.57412,0.84672,12.849,0.84672,3695.15,0,0,0,0.204422,2.4998,1.54312,1.3099,2.93744,0.42336,0,0.42336,460.49,0,0.659794,0,0,0.864216,0.204422,1.028160,1,0,7.51156,0,0,0,7.51156,0
39.2206,2.78752,0,0,0.377422,0.0798784,0.36288,3.6288,52.2372,1.12942,0,0,0.289728,0.258172,0,0.66528,12.849,1,0.851293,0.36288,0,9.62893,5.40802,3.7325,0.84672,12.849,0.84672,3695.15,0,0,0,0.204422,2.39196,1.42904,1.3099,2.71552,0.42336,0,0.42336,460.49,0,0.564019,0,0,0.768442,0.204422,1.028160,1,0,6.44802,0,0,0,6.44802,0
36.6699,2.74094,0,0,0.701569,0.148454,0.36288,3.6288,51.5535,0.949882,0,0,0.450736,0.184602,0,0.66528,12.849,1,0.897956,0.36288,0,17.0015,4.36988,12.0966,0.84672,12.849,0.84672,3695.15,0,0,0,0.216518,2.39201,2.48117,0.985411,4.1043,0.42336,0,0.42336,460.49,0,0.743558,0,0,0.960077,0.216518,1.028160,1,0,16.2009,0,0,0,16.2009,0
34.8379,2.69475,0,0,1.39741,0.17173,0.36288,3.6288,51.4194,0.66528,0,0,0.686466,0.155219,0,0.66528,12.849,1,0.944231,0.36288,0,34.0751,3.95462,29.5392,0.84672,12.849,0.84672,3695.15,0,0,0,0.3024,2.39207,3.54489,0.855616,5.38374,0.42336,0,0.42336,460.49,0,1.02816,0,0,1.33056,0.3024,1.028160,1,0,34.9229,0,0,0,34.9229,0
32.3358,2.58986,0,0,0.584225,0.133643,0.36288,3.6288,50.4983,1.09327,0,0,0.377978,0.205834,0,0.66528,12.849,1,0.955199,0.36288,0,16.7941,4.48247,11.7193,0.84672,12.849,0.84672,3695.15,0,0,0,0.216518,2.39213,1.92758,0.905143,3.63108,0.42336,0,0.42336,460.49,0,0.600167,0,0,0.816686,0.216518,1.028160,1,0,15.3504,0,0,0,15.3504,0
29.9182,2.53703,0,0,0.68846,0.206147,0.36288,3.6288,49.3461,1.2438,0,0,0.302791,0.211196,0,0.66528,12.849,1,1.00812,0.36288,0,21.1601,4.82989,15.6849,0.84672,12.849,0.84672,3695.15,0,0,0,0.216518,2.29588,1.9369,1.09857,3.35073,0.42336,0,0.42336,460.49,0,0.449643,0,0,0.666161,0.216518,1.028160,1,0,19.0356,0,0,0,19.0356,0
27.4446,2.4801,0,0,0.569204,0.199789,0.36288,3.6288,48.211,1.18682,0,0,0.260901,0.20921,0,0.66528,12.849,1,1.06513,0.36288,0,16.97,4.82989,11.4379,0.84672,12.849,0.84672,3695.15,0,0,0,0.216518,2.29593,1.87878,1.09857,3.29266,0.42336,0,0.42336,460.49,0,0.506623,0,0,0.723141,0.216518,1.028160,1,0,14.7305,0,0,0,14.7305,0
25.9212,2.41477,0,0,1.44735,0.193161,0.36288,3.6288,48.1737,0.66528,0,0,0.835299,0.207253,0,0.66528,12.849,1,1.13054,0.36288,0,47.3452,4.82989,41.7477,0.84672,12.849,0.84672,3695.15,0,0,0,1.17229,2.29599,4.39078,1.09857,6.76049,0.42336,0,0.42336,460.49,0,1.02816,0,0,2.20045,1.17229,1.028160,1,0,48.5081,0,0,0,48.5081,0
25.0483,2.19188,0,0,1.87279,0.190886,0.36288,3.6288,48.3742,0.66528,0,0,1.06107,0.195342,0,0.66528,12.849,1,1.08651,0.36288,0,56.8388,4.43525,51.6799,0.84672,12.849,0.84672,3695.15,0,0,0,0.928947,2.29604,4.47922,1.06777,6.63644,0.42336,0,0.42336,460.49,0,1.02816,0,0,1.95711,0.928947,1.028160,1,0,58.3163,0,0,0,58.3163,0
24.1071,2.16691,0,0,1.77952,0.190904,0.36288,3.6288,48.0158,0.66528,0,0,0.486785,0.179846,0,0.66528,12.849,1,1.11156,0.36288,0,42.6483,3.90905,37.9905,0.84672,12.849,0.84672,3695.15,0,0,0,0.718839,2.08216,2.94945,1.02671,4.72374,0.42336,0,0.42336,460.49,0,1.02816,0,0,1.747,0.718839,1.028160,1,0,42.7143,0,0,0,42.7143,0
22.8218,2.13865,0,0,1.40454,0.188326,0.36288,3.6288,47.5606,0.66528,0,0,0.389369,0.179311,0,0.66528,12.849,1,1.13989,0.36288,0,29.6215,3.90905,24.9355,0.84672,12.849,0.84672,3695.15,0,0,0,0.419593,2.08221,3.04684,1.02671,4.52194,0.42336,0,0.42336,460.49,0,1.02816,0,0,1.44775,0.419593,1.028160,1,0,29.4574,0,0,0,29.4574,0
21.3716,2.09763,0,0,1.19318,0.182932,0.36288,3.6288,47.1688,0.66528,0,0,0.460865,0.187372,0,0.66528,12.849,1,1.18099,0.36288,0,32.998,4.24037,27.9395,0.84672,12.849,0.84672,3695.15,0,0,0,0.704221,2.08226,5.62649,1.10341,7.30956,0.42336,0,0.42336,460.49,0,1.02816,0,0,1.73238,0.704221,1.028160,1,0,35.2491,0,0,0,35.2491,0
20.4225,2.04763,0,0,1.63597,0.174494,0.36288,3.6288,46.7804,0.66528,0,0,0.485353,0.20854,0,0.66528,12.849,1,1.23107,0.36288,0,51.0112,5.06867,45.0743,0.84672,12.849,0.84672,3695.15,0,0,0,0.640466,2.08231,4.70432,1.29517,6.13193,0.42336,0,0.42336,460.49,0,1.02816,0,0,1.66863,0.640466,1.028160,1,0,51.2062,0,0,0,51.2062,0
20.1414,2.0756,0,0,2.33216,0.174765,0.36288,3.6288,46.0626,1.27187,0,0,0.753684,0.19956,0,0.66528,12.849,1,1.30588,0.36288,0,53.1782,5.06499,47.1702,0.84672,12.849,0.84672,3695.15,0,0,0,0.412474,2.08236,2.45792,1.26178,3.69097,0.42336,0,0.42336,460.49,0,0.421572,0,0,0.834045,0.412474,1.028160,1,0,50.8611,0,0,0,50.8611,0
19.894,2.06451,0,0,2.35402,0.174087,0.36288,3.6288,45.5082,1.22876,0,0,0.872605,0.198248,0,0.66528,12.849,1,1.31703,0.36288,0,64.8668,5.06499,58.8477,0.84672,12.849,0.84672,3695.15,0,0,0,0.412474,2.14911,2.39935,1.26178,3.69916,0.42336,0,0.42336,460.49,0,0.464676,0,0,0.87715,0.412474,1.028160,1,0,62.5468,0,0,0,62.5468,0
21.7742,2.05459,0,0,4.46611,0.168465,0.36288,3.6288,46.7466,0.66528,0,0,2.10177,0.198143,0,0.66528,12.849,1,1.327,0.36288,0,84.0672,4.97001,78.1331,0.84672,12.849,0.84672,3695.15,0,0,0,1.58021,2.14915,8.65973,1.27797,11.1111,0.42336,0,0.42336,460.49,0,1.02816,0,0,2.60837,1.58021,1.028160,1,0,89.2442,0,0,0,89.2442,0
22.2127,2.12668,0,0,3.08809,0.159982,0.36288,3.6288,47.6984,1.01047,0,0,2.16503,0.202735,0,0.66528,12.849,1,1.25496,0.36288,0,87.0705,4.73256,81.4458,0.84672,12.849,0.84672,3695.15,0,0,0,0.503194,2.14918,5.46901,1.31843,6.80295,0.42336,0,0.42336,460.49,0,0.682975,0,0,1.18617,0.503194,1.028160,1,0,88.2488,0,0,0,88.2488,0
25.1791,2.35138,0,0,5.86924,0.188574,0.36288,3.6288,48.2896,0.722123,0,0,1.50295,0.18957,0,0.66528,12.849,1,1.36016,0.36288,0,90.3766,4.65588,84.7234,0.84672,12.849,0.84672,3695.15,0,0,0,0.503194,2.14922,5.05926,1.22438,6.48729,0.42336,0,0.42336,460.49,0,0.971317,0,0,1.47451,0.503194,1.028160,1,0,91.2107,0,0,0,91.2107,0
26.4094,2.45752,0,0,4.26895,0.21825,0.36288,3.6288,48.6559,0.70651,0,0,1.25215,0.179359,0,0.66528,12.849,1,1.25408,0.36288,0,68.4259,4.59837,62.9364,0.84672,12.849,0.84672,3695.15,0,0,0,0.503194,2.38926,4.13954,1.15384,5.87815,0.42336,0,0.42336,460.49,0,0.98693,0,0,1.49012,0.503194,1.028160,1,0,68.8145,0,0,0,68.8145,0
25.9828,2.49686,0,0,2.64032,0.207217,0.36288,3.6288,48.1569,1.20654,0,0,0.894966,0.187432,0,0.66528,12.849,1,1.2148,0.36288,0,41.5292,4.54839,36.1289,0.84672,12.849,0.84672,3695.15,0,0,0,0.503194,2.3893,2.99089,1.12036,4.76302,0.42336,0,0.42336,460.49,0,0.486899,0,0,0.990092,0.503194,1.028160,1,0,40.8919,0,0,0,40.8919,0
26.7138,2.48355,0,0,3.77233,0.194881,0.36288,3.6288,48.5016,0.862168,0,0,1.39915,0.192278,0,0.66528,12.849,1,1.22817,0.36288,0,59.3193,4.5109,53.9431,0.84672,12.849,0.84672,3695.15,0,0,0,0.608429,2.38933,4.82062,1.09526,6.72313,0.42336,0,0.42336,460.49,0,0.831272,0,0,1.4397,0.608429,1.028160,1,0,60.6662,0,0,0,60.6662,0
28.6725,2.1886,0,0,4.70893,0.198727,0.36288,3.6288,49.4624,0.768718,0,0,1.90601,0.176536,0,0.66528,12.849,1,1.05269,0.36288,0,97.315,3.99449,92.6307,0.84672,12.849,0.84672,3695.15,0,0,0,0.608429,2.38937,5.20511,1.01811,7.1848,0.42336,0,0.42336,460.49,0,0.924722,0,0,1.53315,0.608429,1.028160,1,0,99.8155,0,0,0,99.8155,0
33.3821,2.23829,0,0,7.51636,0.205591,0.36288,3.6288,51.5935,0.66528,0,0,2.96202,0.165626,0,0.66528,12.849,1,1.00304,0.36288,0,120.421,3.60717,116.174,0.84672,12.849,0.84672,3695.15,0,0,0,1.26987,2.06209,14.5365,0.960248,16.9082,0.42336,0,0.42336,460.49,0,1.02816,0,0,2.29803,1.26987,1.028160,1,0,133.082,0,0,0,133.082,0
35.9606,2.34051,0,0,5.50047,0.218568,0.36288,3.6288,53.3789,0.66528,0,0,2.6192,0.168532,0,0.66528,12.849,1,0.900878,0.36288,0,106.627,3.60717,102.482,0.84672,12.849,0.84672,3695.15,0,0,0,1.2758,2.06212,8.64648,0.960248,11.0242,0.42336,0,0.42336,460.49,0,1.02816,0,0,2.30396,1.2758,1.028160,1,0,113.506,0,0,0,113.506,0
44.3939,2.38814,0,0,11.3861,0.201809,0.36288,3.6288,56.8894,0.66528,0,0,4.3296,0.153832,0,0.66528,12.849,1,0.8533,0.36288,0,159.613,3.34558,155.777,0.84672,12.849,0.84672,3695.15,0,0,0,2.831,2.06215,22.56,0.922672,26.5305,0.42336,0,0.42336,460.49,0,1.02816,0,0,3.85916,2.831,1.028160,1,0,182.307,0,0,0,182.307,0
48.3221,2.51389,0,0,7.0781,0.27311,0.36288,3.6288,60.0658,0.66528,0,0,4.06635,0.224622,0,0.66528,12.849,1,0.7276,0.36288,0,144.711,4.09676,140.25,0.84672,12.849,0.84672,3695.15,0,0,0,1.91062,2.06219,12.0999,1.07625,14.9965,0.42336,0,0.42336,460.49,0,1.02816,0,0,2.93878,1.91062,1.028160,1,0,155.246,0,0,0,155.246,0
53.1086,2.65422,0,0,8.01507,0.211474,0.36288,3.6288,61.308,0.66528,0,0,4.17505,0.21109,2.05648,0.66528,12.849,1,0.705765,0.36288,0,120.462,4.28295,115.836,0.84672,12.849,0.84672,3695.15,0,0,0,2.63912,2.06222,13.9513,1.07629,17.5764,0.42336,0,0.42336,460.49,0,1.02816,0,0,3.66728,2.63912,1.028160,1,0,135.469,0,0,0,135.469,0
55.3609,2.70548,0,0,5.54297,0.222399,0.36288,3.6288,61.308,0.66528,0,0,1.58617,0.212761,0.708133,0.66528,12.849,1,0.654558,0.36288,0,100.124,4.28295,95.5492,0.84672,12.849,0.84672,3695.15,0,0,0,1.06964,2.14296,6.83555,1.07629,8.97186,0.42336,0,0.42336,460.49,0,1.02816,0,0,2.0978,1.06964,1.028160,1,0,105.229,0,0,0,105.229,0
59.7093,2.72714,0,0,7.66599,0.227527,0.36288,3.6288,61.308,0.66528,0,0,3.18769,0.212761,2.30965,0.66528,12.849,1,0.632956,0.36288,0,140.379,4.28295,135.826,0.84672,12.849,0.84672,3695.15,0,0,0,2.1744,2.14299,12.1313,1.07629,15.3724,0.42336,0,0.42336,460.49,0,1.02816,0,0,3.20256,2.1744,1.028160,1,0,153.508,0,0,0,153.508,0
62.6363,2.76511,0,0,6.25607,0.201076,0.36288,3.6288,61.308,0.66528,0,0,1.63413,0.220864,0.747982,0.66528,12.849,1,0.595032,0.36288,0,105.881,4.37043,101.279,0.84672,12.849,0.84672,3695.15,0,0,0,1.21117,2.14303,7.67724,1.04413,9.98732,0.42336,0,0.42336,460.49,0,1.02816,0,0,2.23933,1.21117,1.028160,1,0,112.014,0,0,0,112.014,0
64.4697,2.7498,0,0,5.07556,0.129453,0.36288,3.6288,61.308,0.66528,0,0,1.52617,0.243306,0.617584,0.66528,12.849,1,0.564085,0.36288,0,101.809,4.77333,96.8349,0.84672,12.849,0.84672,3695.15,0,0,0,0.760648,2.14306,6.38202,1.15314,8.13259,0.42336,0,0.42336,460.49,0,1.02816,0,0,1.78881,0.760648,1.028160,1,0,105.585,0,0,0,105.585,0
65.8651,2.76322,0,0,4.6448,0.123303,0.36288,3.6288,61.308,0.66528,0,0,1.67005,0.249787,0.754984,0.66528,12.849,1,0.550718,0.36288,0,89.3765,4.94183,84.2468,0.84672,12.849,0.84672,3695.15,0,0,0,0.593395,2.11169,6.04767,1.18725,7.5655,0.42336,0,0.42336,460.49,0,1.02816,0,0,1.62156,0.593395,1.028160,1,0,92.5673,0,0,0,92.5673,0
67.0949,2.77303,0,0,4.49034,0.124691,0.36288,3.6288,61.308,0.747386,0,0,1.4809,0.249787,0.483723,0.66528,12.849,1,0.540964,0.36288,0,78.9644,4.94183,73.8445,0.84672,12.849,0.84672,3695.15,0,0,0,0.528595,2.11173,5.74638,1.18725,7.19944,0.42336,0,0.42336,460.49,0,0.946054,0,0,1.47465,0.528595,1.028160,1,0,81.5277,0,0,0,81.5277,0
67.7677,2.7814,0,0,3.95898,0.141812,0.36288,3.6288,61.308,0.66528,0,0,1.42117,0.208971,0.546916,0.66528,12.849,1,0.532651,0.36288,0,75.7633,4.60685,70.9867,0.84672,12.849,0.84672,3695.15,0,0,0,0.406814,2.11176,5.55233,1.09062,6.98028,0.42336,0,0.42336,460.49,0,1.02816,0,0,1.43497,0.406814,1.028160,1,0,78.5139,0,0,0,78.5139,0
68.0811,2.91804,0,0,3.72167,0.127388,0.36288,3.6288,61.308,0.66528,0,0,1.52652,0.20602,0.655215,0.66528,12.849,1,0.553271,0.36288,0,70.0091,4.55527,65.2634,0.84672,12.849,0.84672,3695.15,0,0,0,0.616594,2.11179,5.6851,1.06276,7.35072,0.42336,0,0.42336,460.49,0,1.02816,0,0,1.64475,0.616594,1.028160,1,0,73.2693,0,0,0,73.2693,0
68.2107,2.92023,0,0,3.47831,0.0656041,0.36288,3.6288,61.308,0.869037,0,0,1.25499,0.251089,0.134869,0.66528,12.849,1,0.551137,0.36288,0,56.4635,4.96073,51.3145,0.84672,12.849,0.84672,3695.15,0,0,0,0.402797,2.22189,4.85952,1.18141,6.30279,0.42336,0,0.42336,460.49,0,0.824403,0,0,1.2272,0.402797,1.028160,1,0,57.7522,0,0,0,57.7522,0
68.2013,2.92116,0,0,3.34034,0.0656707,0.36288,3.6288,61.308,0.864726,0,0,1.24182,0.251089,0.126004,0.66528,12.849,1,0.550265,0.36288,0,52.4078,4.96073,47.2597,0.84672,12.849,0.84672,3695.15,0,0,0,0.402797,2.22192,4.66356,1.18141,6.10687,0.42336,0,0.42336,460.49,0,0.828714,0,0,1.23151,0.402797,1.028160,1,0,53.4926,0,0,0,53.4926,0
68.017,2.92114,0,0,3.17011,0.0704305,0.36288,3.6288,61.308,0.66528,0,0,1.22216,0.249772,0.307111,0.66528,12.849,1,0.550337,0.36288,0,50.2022,4.87611,45.1386,0.84672,12.849,0.84672,3695.15,0,0,0,0.303903,2.22196,4.36546,1.18468,5.70665,0.42336,0,0.42336,460.49,0,1.02816,0,0,1.33206,0.303903,1.028160,1,0,51.1524,0,0,0,51.1524,0
67.4933,2.91993,0,0,2.85559,0.0964893,0.36288,3.6288,61.308,0.719099,0,0,1.10017,0.244215,0.136853,0.66528,12.849,1,0.551601,0.36288,0,44.7522,4.49004,40.0734,0.84672,12.849,0.84672,3695.15,0,0,0,0.30119,2.22199,3.82607,1.20683,5.14242,0.42336,0,0.42336,460.49,0,0.974341,0,0,1.27553,0.30119,1.028160,1,0,45.3527,0,0,0,45.3527,0
66.4176,2.89026,0,0,2.25932,0.0818356,0.36288,3.6288,60.8368,0.826485,0,0,0.613519,0.258276,0,0.66528,12.849,1,0.550233,0.36288,0,34.8735,5.21976,29.4664,0.84672,12.849,0.84672,3695.15,0,0,0,0.30119,2.22203,2.52735,1.22225,3.82832,0.42336,0,0.42336,460.49,0,0.866955,0,0,1.16815,0.30119,1.028160,1,0,33.2948,0,0,0,33.2948,0
65.1794,2.88284,0,0,2.08859,0.0811424,0.36288,3.6288,60.3261,0.846271,0,0,0.593137,0.257507,0,0.66528,12.849,1,0.557708,0.36288,0,34.6626,5.21976,29.2481,0.84672,12.849,0.84672,3695.15,0,0,0,0.30119,2.26054,2.56273,1.22225,3.90221,0.42336,0,0.42336,460.49,0,0.847169,0,0,1.14836,0.30119,1.028160,1,0,33.1503,0,0,0,33.1503,0
63.7582,2.87404,0,0,1.89609,0.0803445,0.36288,3.6288,59.7108,0.919011,0,0,0.560334,0.256673,0,0.66528,12.849,1,0.566568,0.36288,0,33.6326,5.21976,28.2091,0.84672,12.849,0.84672,3695.15,0,0,0,0.261274,2.26058,2.40893,1.22225,3.70853,0.42336,0,0.42336,460.49,0,0.774429,0,0,1.0357,0.261274,1.028160,1,0,31.9177,0,0,0,31.9177,0
62.1974,2.86357,0,0,1.73616,0.0705245,0.36288,3.6288,59.0052,0.961502,0,0,0.5333,0.277385,0,0.66528,12.849,1,0.577088,0.36288,0,29.6598,5.50206,23.9436,0.84672,12.849,0.84672,3695.15,0,0,0,0.261274,2.26061,2.33943,1.32529,3.53602,0.42336,0,0.42336,460.49,0,0.731938,0,0,0.993211,0.261274,1.028160,1,0,27.4796,0,0,0,27.4796,0
60.6046,2.91817,0,0,1.74218,0.0539057,0.36288,3.6288,58.2847,0.888667,0,0,0.486118,0.31796,0,0.66528,12.849,1,0.602848,0.36288,0,26.4543,5.88253,20.3318,0.84672,12.849,0.84672,3695.15,0,0,0,0.261274,2.26065,2.18673,1.52175,3.1869,0.42336,0,0.42336,460.49,0,0.804773,0,0,1.06605,0.261274,1.028160,1,0,23.5187,0,0,0,23.5187,0
59.002,2.90514,0,0,1.72107,0.0556686,0.36288,3.6288,57.5919,0.84602,0,0,0.464907,0.311624,0,0.66528,12.849,1,0.61593,0.36288,0,24.9341,5.75243,18.9286,0.84672,12.849,0.84672,3695.15,0,0,0,0.261274,2.31522,2.20544,1.49729,3.28464,0.42336,0,0.42336,460.49,0,0.84742,0,0,1.10869,0.261274,1.028160,1,0,22.2133,0,0,0,22.2133,0
57.1935,2.89145,0,0,1.50075,0.0548394,0.36288,3.6288,56.7711,0.948992,0,0,0.438409,0.310232,0,0.66528,12.849,1,0.629678,0.36288,0,23.6232,5.75243,17.604,0.84672,12.849,0.84672,3695.15,0,0,0,0.261274,2.31526,2.10733,1.49729,3.18657,0.42336,0,0.42336,460.49,0,0.744448,0,0,1.00572,0.261274,1.028160,1,0,20.7906,0,0,0,20.7906,0
55.2899,2.87524,0,0,1.38403,0.0495584,0.36288,3.6288,55.9313,0.95955,0,0,0.430875,0.3111,0,0.66528,12.849,1,0.645946,0.36288,0,22.2864,5.8272,16.1761,0.84672,12.849,0.84672,3695.15,0,0,0,0.227405,2.31529,2.08816,1.51223,3.11862,0.42336,0,0.42336,460.49,0,0.73389,0,0,0.961295,0.227405,1.028160,1,0,19.2947,0,0,0,19.2947,0
52.8414,3.04806,0,0,1.00466,0.0421776,0.36288,3.6288,54.9717,1.03952,0,0,0.388388,0.308466,0,0.66528,12.849,1,0.708349,0.36288,0,19.2683,5.87245,13.0504,0.84672,12.849,0.84672,3695.15,0,0,0,0.227405,2.31533,1.90653,1.47684,2.97242,0.42336,0,0.42336,460.49,0,0.653918,0,0,0.881323,0.227405,1.028160,1,0,16.0228,0,0,0,16.0228,0
50.1551,3.02171,0,0,0.749788,0.0515514,0.36288,3.6288,53.7122,1.24508,0,0,0.285673,0.300117,0,0.66528,12.849,1,0.734763,0.36288,0,13.0778,5.46546,7.24042,0.84672,12.849,0.84672,3695.15,0,0,0,0.227405,2.50197,1.74381,1.47624,2.99695,0.42336,0,0.42336,460.49,0,0.448356,0,0,0.67576,0.227405,1.028160,1,0,10.2374,0,0,0,10.2374,0
47.8687,2.99043,0,0,1.12536,0.0584891,0.36288,3.6288,52.6453,1.11154,0,0,0.340152,0.295539,0,0.66528,12.849,1,0.766104,0.36288,0,19.3115,5.40609,13.5022,0.84672,12.849,0.84672,3695.15,0,0,0,0.227405,2.50201,1.85317,1.46895,3.11363,0.42336,0,0.42336,460.49,0,0.581895,0,0,0.8093,0.227405,1.028160,1,0,16.6158,0,0,0,16.6158,0
46.0592,2.96163,0,0,1.58462,0.069569,0.36288,3.6288,51.7473,1.05017,0,0,0.436597,0.284442,0,0.66528,12.849,1,0.794966,0.36288,0,25.2067,5.41043,19.3642,0.84672,12.849,0.84672,3695.15,0,0,0,0.204422,2.50205,2.04039,1.44869,3.29817,0.42336,0,0.42336,460.49,0,0.643265,0,0,0.847688,0.204422,1.028160,1,0,22.6623,0,0,0,22.6623,0
44.2479,2.93725,0,0,1.55123,0.0623937,0.36288,3.6288,51.0868,0.836352,0,0,0.455658,0.279767,0,0.66528,12.849,1,0.819397,0.36288,0,23.1923,5.525,17.2108,0.84672,12.849,0.84672,3695.15,0,0,0,0.204422,2.50209,1.97073,1.44714,3.23011,0.42336,0,0.42336,460.49,0,0.857088,0,0,1.06151,0.204422,1.028160,1,0,20.4409,0,0,0,20.4409,0
43.6409,2.82248,0,0,2.67768,0.0993553,0.36288,3.6288,51.2038,0.66528,0,0,1.03563,0.253366,0,0.66528,12.849,1,0.819611,0.36288,0,55.6987,4.9203,50.3217,0.84672,12.849,0.84672,3695.15,0,0,0,0.964483,2.50213,5.01824,1.28512,7.19973,0.42336,0,0.42336,460.49,0,1.02816,0,0,1.99264,0.964483,1.028160,1,0,57.5214,0,0,0,57.5214,0
42.6774,2.81372,0,0,2.31181,0.0986691,0.36288,3.6288,51.7843,0.66528,0,0,1.4994,0.253607,0,0.66528,12.849,1,0.828431,0.36288,0,48.2089,4.9203,42.823,0.84672,12.849,0.84672,3695.15,0,0,0,2.40428,2.39417,5.71876,1.28512,9.23208,0.42336,0,0.42336,460.49,0,1.02816,0,0,3.43244,2.40428,1.028160,1,0,52.0551,0,0,0,52.0551,0
41.4237,2.79939,0,0,2.00617,0.09758,0.36288,3.6288,51.6939,0.66528,0,0,0.829717,0.254802,0,0.66528,12.849,1,0.842819,0.36288,0,49.5012,4.9203,44.101,0.84672,12.849,0.84672,3695.15,0,0,0,0.971369,2.39421,4.24183,1.28512,6.32228,0.42336,0,0.42336,460.49,0,1.02816,0,0,1.99953,0.971369,1.028160,1,0,50.4233,0,0,0,50.4233,0
40.1363,2.77996,0,0,1.95153,0.0961628,0.36288,3.6288,51.5416,0.66528,0,0,0.767586,0.254616,0,0.66528,12.849,1,0.862302,0.36288,0,45.2184,4.9203,39.7987,0.84672,12.849,0.84672,3695.15,0,0,0,0.800254,2.39425,4.168,1.28512,6.07738,0.42336,0,0.42336,460.49,0,1.02816,0,0,1.82841,0.800254,1.028160,1,0,45.8761,0,0,0,45.8761,0
41.2241,2.68778,0,0,4.319,0.180447,0.36288,3.6288,51.9473,0.66528,0,0,1.23147,0.160529,0,0.66528,12.849,1,0.860452,0.36288,0,78.6143,3.83541,74.2813,0.84672,12.849,0.84672,3695.15,0,0,0,1.29924,2.39429,5.07527,0.896324,7.87247,0.42336,0,0.42336,460.49,0,1.02816,0,0,2.3274,1.29924,1.028160,1,0,82.1538,0,0,0,82.1538,0
42.1681,2.70514,0,0,4.18331,0.171375,0.36288,3.6288,52.2496,0.66528,0,0,1.13277,0.165194,0,0.66528,12.849,1,0.843154,0.36288,0,68.4362,4.1118,63.8442,0.84672,12.849,0.84672,3695.15,0,0,0,1.49658,2.29793,5.30563,0.94544,8.1547,0.42336,0,0.42336,460.49,0,1.02816,0,0,2.52474,1.49658,1.028160,1,0,71.9989,0,0,0,71.9989,0
45.4116,2.71965,0,0,6.49931,0.173281,0.36288,3.6288,53.2024,0.66528,0,0,1.78369,0.165597,0,0.66528,12.849,1,0.828702,0.36288,0,112.355,4.1118,107.778,0.84672,12.849,0.84672,3695.15,0,0,0,2.45825,2.29797,7.09111,0.94544,10.9019,0.42336,0,0.42336,460.49,0,1.02816,0,0,3.48641,2.45825,1.028160,1,0,118.68,0,0,0,118.68,0
47.7609,2.76583,0,0,5.66169,0.183655,0.36288,3.6288,54.1444,0.66528,0,0,1.76393,0.156685,0,0.66528,12.849,1,0.782578,0.36288,0,95.8703,4.11687,91.3337,0.84672,12.849,0.84672,3695.15,0,0,0,2.36201,2.29801,7.83432,0.97702,11.5173,0.42336,0,0.42336,460.49,0,1.02816,0,0,3.39017,2.36201,1.028160,1,0,102.851,0,0,0,102.851,0
51.9293,2.58562,0,0,7.33114,0.214217,0.36288,3.6288,54.9736,0.66528,0,0,1.6489,0.154443,0,0.66528,12.849,1,0.695603,0.36288,0,92.2069,4.15331,87.7209,0.84672,12.849,0.84672,3695.15,0,0,0,2.51071,2.29804,7.88034,1.02673,11.6624,0.42336,0,0.42336,460.49,0,1.02816,0,0,3.53887,2.51071,1.028160,1,0,99.3833,0,0,0,99.3833,0
58.5158,2.63042,0,0,9.79767,0.217927,0.36288,3.6288,55.9289,0.66528,0,0,1.80935,0.188765,0,0.66528,12.849,1,0.650852,0.36288,0,105.005,4.08303,100.634,0.84672,12.849,0.84672,3695.15,0,0,0,2.68037,2.08396,6.27025,1.05562,9.97896,0.42336,0,0.42336,460.49,0,1.02816,0,0,3.70853,2.68037,1.028160,1,0,110.613,0,0,0,110.613,0
64.8768,2.69053,0,0,9.64725,0.232802,0.36288,3.6288,56.8229,0.66528,0,0,1.74931,0.189953,0,0.66528,12.849,1,0.590793,0.36288,0,122.291,4.08303,117.98,0.84672,12.849,0.84672,3695.15,0,0,0,2.24506,2.08399,6.2674,1.05562,9.54084,0.42336,0,0.42336,460.49,0,1.02816,0,0,3.27322,2.24506,1.028160,1,0,127.52,0,0,0,127.52,0
72.29,2.73893,0,0,13.4869,0.245882,3.08884,3.6288,58.2838,0.66528,0,0,2.31717,0.191064,0,0.66528,12.849,1,0.542451,3.08884,0,138.961,4.08303,137.425,0.84672,12.849,0.84672,3695.15,0,0,0,3.11512,2.08403,9.96987,1.05562,14.1134,0.42336,0,0.42336,460.49,0,1.02816,0,0,4.14328,3.11512,1.028160,1,0,151.538,0,0,0,151.538,0
72.29,2.78621,0,0,9.26493,0.265764,6.21296,3.6288,59.596,0.66528,0,0,2.16918,0.191676,0,0.66528,12.849,1,0.495227,6.21296,0,155.057,4.13389,156.641,0.84672,12.849,0.84672,3695.15,0,0,0,2.57062,2.08406,5.94791,1.04764,9.55496,0.42336,0,0.42336,460.49,0,1.02816,0,0,3.59878,2.57062,1.028160,1,0,166.196,0,0,0,166.196,0
72.29,2.78621,0,0,3.78958,0.299615,0.703762,3.6288,59.8047,0.66528,0,0,1.08189,0.207937,0,0.66528,12.849,1,0.495227,0.703762,0,86.1304,4.42171,81.9173,0.84672,12.849,0.84672,3695.15,0,0,0,2.1957,2.08409,8.51493,1.04021,11.7545,0.42336,0,0.42336,460.49,0,1.02816,0,0,3.22386,2.1957,1.028160,1,0,93.6718,0,0,0,93.6718,0
72.29,2.87353,0,0,10.8675,0.276135,7.71785,3.6288,60.8946,0.66528,0,0,1.94916,0.193959,0,0.66528,12.849,1,0.510747,7.71785,0,159.288,3.79355,162.701,0.84672,12.849,0.84672,3695.15,0,0,0,4.40046,2.08409,16.4899,0.968834,22.0056,0.42336,0,0.42336,460.49,0,1.02816,0,0,5.42862,4.40046,1.028160,1,0,184.707,0,0,0,184.707,0
72.29,2.87355,0,0,5.54714,0.276135,2.39745,3.6288,61.2461,0.66528,0,0,1.21214,0.195308,0,0.66528,12.849,1,0.510752,2.39745,0,123.796,3.79355,121.889,0.84672,12.849,0.84672,3695.15,0,0,0,2.7558,2.15089,9.7454,0.968834,13.6833,0.42336,0,0.42336,460.49,0,1.02816,0,0,3.78396,2.7558,1.028160,1,0,135.572,0,0,0,135.572,0
72.29,2.87358,0,0,5.26863,0.276135,2.11892,3.6288,61.308,0.66528,0,0,2.25655,0.195744,1.33365,0.66528,12.849,1,0.510756,2.11892,0,105.795,3.79355,103.61,0.84672,12.849,0.84672,3695.15,0,0,0,5.93672,2.15091,13.4799,0.968834,20.5987,0.42336,0,0.42336,460.49,0,1.02816,0,0,6.96488,5.93672,1.028160,1,0,125.542,0,0,0,125.542,0
72.29,2.8736,0,0,3.90289,0.267799,0.761488,3.6288,61.308,0.66528,0,0,1.30836,0.20963,0.433454,0.66528,12.849,1,0.510761,0.761488,0,64.9483,4.25431,60.9448,0.84672,12.849,0.84672,3695.15,0,0,0,2.84208,2.15093,8.68344,1.01106,12.6654,0.42336,0,0.42336,460.49,0,1.02816,0,0,3.87024,2.84208,1.028160,1,0,74.0436,0,0,0,74.0436,0
71.2523,3.15391,0,0,2.75846,0.279368,0.36288,3.6288,61.308,0.66528,0,0,1.04598,0.222263,0.158433,0.66528,12.849,1,0.560584,0.36288,0,34.9599,4.47835,30.2838,0.84672,12.849,0.84672,3695.15,0,0,0,1.71917,2.15095,5.17965,1.17946,7.8703,0.42336,0,0.42336,460.49,0,1.02816,0,0,2.74733,1.71917,1.028160,1,0,38.3125,0,0,0,38.3125,0
71.6602,3.14702,0,0,4.195,0.277169,0.36288,3.6288,61.308,0.66528,0,0,1.19759,0.222263,0.310048,0.66528,12.849,1,0.567506,0.36288,0,61.2139,4.47835,56.5309,0.84672,12.849,0.84672,3695.15,0,0,0,1.99633,2.39116,12.1943,1.17946,15.4024,0.42336,0,0.42336,460.49,0,1.02816,0,0,3.02449,1.99633,1.028160,1,0,72.2433,0,0,0,72.2433,0
72.29,3.14979,0,0,4.4765,0.277764,0.419187,3.6288,61.308,0.66528,0,0,1.61897,0.190916,0.762775,0.66528,12.849,1,0.564771,0.419187,0,103.005,4.21502,98.6446,0.84672,12.849,0.84672,3695.15,0,0,0,2.84506,2.39118,9.70453,1.05238,13.8884,0.42336,0,0.42336,460.49,0,1.02816,0,0,3.87322,2.84506,1.028160,1,0,113.296,0,0,0,113.296,0
72.29,3.15399,0,0,3.90228,0.303222,0.445068,3.6288,61.308,0.66528,0,0,1.25907,0.179823,0.41397,0.66528,12.849,1,0.560598,0.445068,0,69.7488,3.63591,65.9974,0.84672,12.849,0.84672,3695.15,0,0,0,2.10152,2.3912,6.07783,0.852549,9.718,0.42336,0,0.42336,460.49,0,1.02816,0,0,3.12968,2.10152,1.028160,1,0,76.1293,0,0,0,76.1293,0
72.29,2.75423,0,0,4.7306,0.33566,1.64071,3.6288,61.308,0.66528,0,0,1.37195,0.196377,0.510297,0.66528,12.849,1,0.489543,1.64071,0,90.393,3.12711,88.417,0.84672,12.849,0.84672,3695.15,0,0,0,1.58503,2.39122,5.68978,0.71319,8.95283,0.42336,0,0.42336,460.49,0,1.02816,0,0,2.61319,1.58503,1.028160,1,0,97.8802,0,0,0,97.8802,0
72.29,2.75425,0,0,6.53356,0.33566,3.44365,3.6288,61.308,0.66528,0,0,1.27041,0.196377,0.408751,0.66528,12.849,1,0.489547,3.44365,0,103.708,3.12711,103.535,0.84672,12.849,0.84672,3695.15,0,0,0,1.65823,2.06367,6.4628,0.71319,9.47151,0.42336,0,0.42336,460.49,0,1.02816,0,0,2.68639,1.65823,1.028160,1,0,113.415,0,0,0,113.415,0
72.29,2.75427,0,0,4.76612,0.327953,1.68389,3.6288,61.308,0.66528,0,0,1.24418,0.238024,0.340873,0.66528,12.849,1,0.489551,1.68389,0,80.4859,4.05269,77.6276,0.84672,12.849,0.84672,3695.15,0,0,0,1.6985,2.06369,6.14439,0.965484,8.94109,0.42336,0,0.42336,460.49,0,1.02816,0,0,2.72666,1.6985,1.028160,1,0,86.9095,0,0,0,86.9095,0
72.29,2.7543,0,0,5.84448,0.324869,2.76532,3.6288,61.308,0.66528,0,0,1.45065,0.254683,0.530685,0.66528,12.849,1,0.489556,2.76532,0,86.3205,4.42292,84.1734,0.84672,12.849,0.84672,3695.15,0,0,0,1.73914,2.0637,6.1578,1.0664,8.89424,0.42336,0,0.42336,460.49,0,1.02816,0,0,2.7673,1.73914,1.028160,1,0,93.5983,0,0,0,93.5983,0
72.29,2.75432,0,0,4.00473,0.353196,0.897209,3.6288,61.308,0.66528,0,0,0.860095,0.155735,0.0390795,0.66528,12.849,1,0.48956,0.897209,0,50.2385,3.20635,47.4398,0.84672,12.849,0.84672,3695.15,0,0,0,0.977184,2.06372,4.50196,0.734705,6.80816,0.42336,0,0.42336,460.49,0,1.02816,0,0,2.00534,0.977184,1.028160,1,0,54.287,0,0,0,54.287,0
72.29,2.85498,0,0,6.12357,0.349536,2.91906,3.6288,61.308,0.66528,0,0,1.34529,0.172698,0.507313,0.66528,12.849,1,0.507452,2.91906,0,99.8741,3.49283,98.7929,0.84672,12.849,0.84672,3695.15,0,0,0,2.13621,2.06374,7.14654,0.905364,10.4411,0.42336,0,0.42336,460.49,0,1.02816,0,0,3.16437,2.13621,1.028160,1,0,109.741,0,0,0,109.741,0
72.29,2.85501,0,0,4.07289,0.349536,0.868345,3.6288,61.308,0.66528,0,0,0.987301,0.172698,0.149323,0.66528,12.849,1,0.507456,0.868345,0,53.3612,3.49283,50.2293,0.84672,12.849,0.84672,3695.15,0,0,0,1.15498,2.14452,5.50712,0.905364,7.90125,0.42336,0,0.42336,460.49,0,1.02816,0,0,2.18314,1.15498,1.028160,1,0,58.2799,0,0,0,58.2799,0
72.29,2.85503,0,0,5.3823,0.349536,2.17773,3.6288,61.308,0.66528,0,0,1.91451,0.172698,1.07653,0.66528,12.849,1,0.50746,2.17773,0,108.591,3.49283,106.768,0.84672,12.849,0.84672,3695.15,0,0,0,3.33485,2.14454,9.93298,0.905364,14.507,0.42336,0,0.42336,460.49,0,1.02816,0,0,4.36301,3.33485,1.028160,1,0,122.352,0,0,0,122.352,0
72.29,2.59829,0,0,3.84432,0.30145,0.944581,3.6288,61.308,0.66528,0,0,1.15528,0.185228,0.304773,0.66528,12.849,1,0.461827,0.944581,0,64.2496,3.1659,61.5665,0.84672,12.849,0.84672,3695.15,0,0,0,1.43738,2.14456,5.71297,0.93987,8.35503,0.42336,0,0.42336,460.49,0,1.02816,0,0,2.46554,1.43738,1.028160,1,0,70.2263,0,0,0,70.2263,0
71.9248,2.55897,0,0,2.83886,0.282215,0.36288,3.6288,61.308,0.66528,0,0,0.864147,0.190239,0.00862758,0.66528,12.849,1,0.454837,0.36288,0,46.1087,3.03513,42.9816,0.84672,12.849,0.84672,3695.15,0,0,0,0.950789,2.32154,4.42543,0.953673,6.74409,0.42336,0,0.42336,460.49,0,1.02816,0,0,1.97895,0.950789,1.028160,1,0,49.7343,0,0,0,49.7343,0
71.3365,2.55703,0,0,2.61305,0.281433,0.36288,3.6288,61.308,0.66528,0,0,0.875223,0.190239,0.019704,0.66528,12.849,1,0.456801,0.36288,0,43.0561,3.03513,39.9271,0.84672,12.849,0.84672,3695.15,0,0,0,0.997609,2.29013,5.78045,0.953673,8.11451,0.42336,0,0.42336,460.49,0,1.02816,0,0,2.02577,0.997609,1.028160,1,0,48.0613,0,0,0,48.0613,0
72.2743,2.55386,0,0,4.13471,0.280174,0.36288,3.6288,61.308,0.66528,0,0,1.08649,0.190239,0.230969,0.66528,12.849,1,0.459997,0.36288,0,56.0089,3.03513,52.8766,0.84672,12.849,0.84672,3695.15,0,0,0,1.34231,2.29015,5.02539,0.953673,7.70418,0.42336,0,0.42336,460.49,0,1.02816,0,0,2.37047,1.34231,1.028160,1,0,60.8118,0,0,0,60.8118,0
71.7885,2.55896,0,0,2.66781,0.231775,0.36288,3.6288,61.308,0.66528,0,0,0.903174,0.2043,0.0335934,0.66528,12.849,1,0.454934,0.36288,0,44.9003,3.40761,41.4006,0.84672,12.849,0.84672,3695.15,0,0,0,0.99138,2.29017,4.47371,0.921853,6.8334,0.42336,0,0.42336,460.49,0,1.02816,0,0,2.01954,0.99138,1.028160,1,0,48.2676,0,0,0,48.2676,0
71.0609,2.6898,0,0,2.51004,0.18498,0.36288,3.6288,61.2977,0.66528,0,0,0.875716,0.22071,0,0.66528,12.849,1,0.481432,0.36288,0,39.0246,3.76992,35.1362,0.84672,12.849,0.84672,3695.15,0,0,0,0.980139,2.29019,4.27463,0.947614,6.59734,0.42336,0,0.42336,460.49,0,1.02816,0,0,2.0083,0.980139,1.028160,1,0,41.7335,0,0,0,41.7335,0
70.2647,2.68565,0,0,2.43638,0.183954,0.36288,3.6288,61.308,0.66528,0,0,0.929966,0.220695,0.0337175,0.66528,12.849,1,0.485611,0.36288,0,37.1964,3.76992,33.3038,0.84672,12.849,0.84672,3695.15,0,0,0,0.957122,2.40034,4.54733,0.947614,6.95717,0.42336,0,0.42336,460.49,0,1.02816,0,0,1.98528,0.957122,1.028160,1,0,40.2947,0,0,0,40.2947,0
69.0937,2.93668,0,0,2.31138,0.182833,0.36288,3.6288,61.308,0.66528,0,0,0.903709,0.22071,0.0177199,0.66528,12.849,1,0.537017,0.36288,0,34.936,3.76992,30.992,0.84672,12.849,0.84672,3695.15,0,0,0,0.872614,2.40036,4.20425,0.947614,6.52961,0.42336,0,0.42336,460.49,0,1.02816,0,0,1.90077,0.872614,1.028160,1,0,37.5393,0,0,0,37.5393,0
67.7891,2.92903,0,0,2.15878,0.171488,0.36288,3.6288,61.2632,0.66528,0,0,0.84958,0.229128,0,0.66528,12.849,1,0.544696,0.36288,0,32.4823,3.96467,28.3359,0.84672,12.849,0.84672,3695.15,0,0,0,0.766273,2.22341,4.07733,0.975261,6.09175,0.42336,0,0.42336,460.49,0,1.02816,0,0,1.79443,0.766273,1.028160,1,0,34.4276,0,0,0,34.4276,0
67.5641,2.92024,0,0,3.18662,0.128489,0.36288,3.6288,61.1944,0.66528,0,0,0.857632,0.26117,0,0.66528,12.849,1,0.553513,0.36288,0,39.8301,4.76206,34.8774,0.84672,12.849,0.84672,3695.15,0,0,0,0.580694,2.22343,4.90476,1.25336,6.45552,0.42336,0,0.42336,460.49,0,1.02816,0,0,1.60885,0.580694,1.028160,1,0,41.333,0,0,0,41.333,0
67.1644,2.89258,0,0,2.98399,0.128262,0.36288,3.6288,61.0833,0.66528,0,0,0.815322,0.261056,0,0.66528,12.849,1,0.550095,0.36288,0,39.778,4.76206,34.8288,0.84672,12.849,0.84672,3695.15,0,0,0,0.483598,2.22345,5.04046,1.25336,6.49415,0.42336,0,0.42336,460.49,0,1.02816,0,0,1.51176,0.483598,1.028160,1,0,41.3229,0,0,0,41.3229,0
66.4976,2.88985,0,0,2.71381,0.127858,0.36288,3.6288,60.9522,0.66528,0,0,0.795044,0.260873,0,0.66528,12.849,1,0.552848,0.36288,0,38.9994,4.76206,34.0474,0.84672,12.849,0.84672,3695.15,0,0,0,0.464003,2.26197,4.82966,1.25336,6.30227,0.42336,0,0.42336,460.49,0,1.02816,0,0,1.49216,0.464003,1.028160,1,0,40.3496,0,0,0,40.3496,0
65.5855,2.88523,0,0,2.46317,0.127185,0.36288,3.6288,60.7722,0.66528,0,0,0.745874,0.260656,0,0.66528,12.849,1,0.557499,0.36288,0,34.7516,4.76206,29.795,0.84672,12.849,0.84672,3695.15,0,0,0,0.29573,2.26199,4.67205,1.25336,5.9764,0.42336,0,0.42336,460.49,0,1.02816,0,0,1.32389,0.29573,1.028160,1,0,35.7714,0,0,0,35.7714,0
64.7117,2.87877,0,0,2.45998,0.0921407,0.36288,3.6288,60.5472,0.66528,0,0,0.761918,0.321613,0,0.66528,12.849,1,0.563987,0.36288,0,36.2091,5.9924,30.0156,0.84672,12.849,0.84672,3695.15,0,0,0,0.383823,2.26201,4.20795,1.53243,5.32135,0.42336,0,0.42336,460.49,0,1.02816,0,0,1.41198,0.383823,1.028160,1,0,35.337,0,0,0,35.337,0
63.5563,2.93948,0,0,2.23665,0.0896371,0.36288,3.6288,60.1782,0.66528,0,0,0.60599,0.309718,0,0.66528,12.849,1,0.583656,0.36288,0,29.1606,6.17411,22.7657,0.84672,12.849,0.84672,3695.15,0,0,0,0.415593,2.26203,3.82581,1.47124,5.03219,0.42336,0,0.42336,460.49,0,1.02816,0,0,1.44375,0.415593,1.028160,1,0,27.7979,0,0,0,27.7979,0
62.2648,2.93068,0,0,2.09086,0.0888034,0.36288,3.6288,59.7646,0.66528,0,0,0.56068,0.308992,0,0.66528,12.849,1,0.592487,0.36288,0,27.7276,6.17411,21.3239,0.84672,12.849,0.84672,3695.15,0,0,0,0.291367,2.31661,3.357,1.47124,4.49375,0.42336,0,0.42336,460.49,0,1.02816,0,0,1.31953,0.291367,1.028160,1,0,25.8176,0,0,0,25.8176,0
60.9563,2.92052,0,0,2.06276,0.0878714,0.36288,3.6288,59.3977,0.66528,0,0,0.606604,0.308178,0,0.66528,12.849,1,0.60268,0.36288,0,25.7285,6.17411,19.3145,0.84672,12.849,0.84672,3695.15,0,0,0,0.38029,2.31663,3.7964,1.47124,5.02208,0.42336,0,0.42336,460.49,0,1.02816,0,0,1.40845,0.38029,1.028160,1,0,24.3366,0,0,0,24.3366,0
59.8018,2.90986,0,0,2.1907,0.0725031,0.36288,3.6288,59.0851,0.66528,0,0,0.643302,0.290662,0,0.66528,12.849,1,0.61337,0.36288,0,26.477,6.45769,19.7688,0.84672,12.849,0.84672,3695.15,0,0,0,0.531576,2.31665,4.67896,1.53408,5.99311,0.42336,0,0.42336,460.49,0,1.02816,0,0,1.55974,0.531576,1.028160,1,0,25.7619,0,0,0,25.7619,0
57.9986,3.09382,0,0,1.73569,0.0821304,0.36288,3.6288,58.7003,0.66528,0,0,0.573282,0.292842,0,0.66528,12.849,1,0.664738,0.36288,0,24.0461,6.70173,17.0425,0.84672,12.849,0.84672,3695.15,0,0,0,0.455129,2.31667,3.91437,1.49941,5.18676,0.42336,0,0.42336,460.49,0,1.02816,0,0,1.48329,0.455129,1.028160,1,0,22.2292,0,0,0,22.2292,0
56.0343,3.07693,0,0,1.55617,0.0807114,0.36288,3.6288,58.2625,0.66528,0,0,0.519671,0.29212,0,0.66528,12.849,1,0.681662,0.36288,0,21.4663,6.70173,14.4457,0.84672,12.849,0.84672,3695.15,0,0,0,0.358819,2.5034,3.81711,1.49941,5.17992,0.42336,0,0.42336,460.49,0,1.02816,0,0,1.38698,0.358819,1.028160,1,0,19.6257,0,0,0,19.6257,0
54.3973,3.05752,0,0,1.86257,0.0791656,0.36288,3.6288,57.8642,0.66528,0,0,0.558261,0.291298,0,0.66528,12.849,1,0.701108,0.36288,0,22.2162,6.70173,15.1762,0.84672,12.849,0.84672,3695.15,0,0,0,0.478155,2.50342,4.1869,1.49941,5.66906,0.42336,0,0.42336,460.49,0,1.02816,0,0,1.50631,0.478155,1.028160,1,0,20.8453,0,0,0,20.8453,0
54.079,3.04048,0,0,3.18478,0.0997114,0.36288,3.6288,57.6307,0.66528,0,0,0.717042,0.285303,0,0.66528,12.849,1,0.718181,0.36288,0,36.9205,6.5533,30.0119,0.84672,12.849,0.84672,3695.15,0,0,0,0.726382,2.50344,4.63458,1.48121,6.3832,0.42336,0,0.42336,460.49,0,1.02816,0,0,1.75454,0.726382,1.028160,1,0,36.3951,0,0,0,36.3951,0
52.3284,3.03709,0,0,1.77934,0.129931,0.36288,3.6288,57.2826,0.704385,0,0,0.595564,0.239252,0,0.66528,12.849,1,0.721603,0.36288,0,26.842,6.45644,20.0268,0.84672,12.849,0.84672,3695.15,0,0,0,0.204422,2.50346,3.42316,1.42078,4.71027,0.42336,0,0.42336,460.49,0,0.989055,0,0,1.19348,0.204422,1.028160,1,0,24.7371,0,0,0,24.7371,0
51.3013,2.92566,0,0,2.39501,0.133612,0.36288,3.6288,57.3131,0.66528,0,0,0.928331,0.232537,0,0.66528,12.849,1,0.718381,0.36288,0,32.31,6.40563,25.5488,0.84672,12.849,0.84672,3695.15,0,0,0,0.997212,2.50349,5.30461,1.41252,7.39278,0.42336,0,0.42336,460.49,0,1.02816,0,0,2.02537,0.997212,1.028160,1,0,32.9416,0,0,0,32.9416,0
48.966,2.91418,0,0,1.07393,0.132195,0.36288,3.6288,56.7326,0.874653,0,0,0.526683,0.232583,0,0.66528,12.849,1,0.72989,0.36288,0,24.5671,6.40563,17.7944,0.84672,12.849,0.84672,3695.15,0,0,0,0.216518,2.39545,2.72752,1.41252,3.92697,0.42336,0,0.42336,460.49,0,0.818787,0,0,1.03531,0.216518,1.028160,1,0,21.7214,0,0,0,21.7214,0
46.9111,2.88663,0,0,1.34501,0.150389,0.36288,3.6288,56.3418,0.828075,0,0,0.666468,0.229183,0,0.66528,12.849,1,0.757471,0.36288,0,23.4382,6.22516,16.8185,0.84672,12.849,0.84672,3695.15,0,0,0,0.216518,2.39547,3.33687,1.38536,4.5635,0.42336,0,0.42336,460.49,0,0.865365,0,0,1.08188,0.216518,1.028160,1,0,21.382,0,0,0,21.382,0
46.4351,2.86061,0,0,2.98089,0.233337,0.36288,3.6288,56.4295,0.66528,0,0,0.998638,0.245643,0,0.66528,12.849,1,0.783524,0.36288,0,29.1991,5.1345,23.6439,0.84672,12.849,0.84672,3695.15,0,0,0,1.62829,2.39549,7.13241,1.15962,9.99658,0.42336,0,0.42336,460.49,0,1.02816,0,0,2.65645,1.62829,1.028160,1,0,33.6405,0,0,0,33.6405,0
44.4296,2.78061,0,0,1.38777,0.249827,0.36288,3.6288,56.1337,0.66528,0,0,0.608944,0.239478,0,0.66528,12.849,1,0.769418,0.36288,0,26.4295,4.31928,21.7037,0.84672,12.849,0.84672,3695.15,0,0,0,0.358145,2.39551,4.36541,1.04768,6.07139,0.42336,0,0.42336,460.49,0,1.02816,0,0,1.38631,0.358145,1.028160,1,0,27.7751,0,0,0,27.7751,0
43.2349,2.75369,0,0,2.16619,0.244264,0.36288,3.6288,55.9492,0.66528,0,0,0.719872,0.239016,0,0.66528,12.849,1,0.796365,0.36288,0,35.4176,4.31928,30.6648,0.84672,12.849,0.84672,3695.15,0,0,0,0.680003,2.2991,5.78499,1.04768,7.71641,0.42336,0,0.42336,460.49,0,1.02816,0,0,1.70816,0.680003,1.028160,1,0,38.3812,0,0,0,38.3812,0
45.1472,2.73675,0,0,5.25287,0.240951,0.36288,3.6288,56.8245,0.66528,0,0,1.7793,0.238728,0,0.66528,12.849,1,0.813336,0.36288,0,81.0329,4.31928,76.2632,0.84672,12.849,0.84672,3695.15,0,0,0,3.411,2.29911,9.59126,1.04768,14.2537,0.42336,0,0.42336,460.49,0,1.02816,0,0,4.43916,3.411,1.028160,1,0,90.5169,0,0,0,90.5169,0
45.3908,2.76359,0,0,3.62516,0.255124,0.36288,3.6288,57.2809,0.66528,0,0,1.3701,0.24841,0,0.66528,12.849,1,0.786525,0.36288,0,59.0734,4.1893,54.4605,0.84672,12.849,0.84672,3695.15,0,0,0,2.01513,2.29913,6.06801,1.00381,9.37847,0.42336,0,0.42336,460.49,0,1.02816,0,0,3.04329,2.01513,1.028160,1,0,63.8389,0,0,0,63.8389,0
45.9511,2.55853,0,0,3.71473,0.233068,0.36288,3.6288,58.184,0.66528,0,0,1.83599,0.267632,0,0.66528,12.849,1,0.724255,0.36288,0,104.581,4.26919,99.9506,0.84672,12.849,0.84672,3695.15,0,0,0,2.03557,2.29915,7.48708,1.03752,10.7843,0.42336,0,0.42336,460.49,0,1.02816,0,0,3.06373,2.03557,1.028160,1,0,110.735,0,0,0,110.735,0
47.4881,2.56545,0,0,4.69994,0.234534,0.36288,3.6288,58.5522,0.66528,0,0,1.30269,0.269199,0,0.66528,12.849,1,0.71736,0.36288,0,107.495,4.26919,102.872,0.84672,12.849,0.84672,3695.15,0,0,0,2.29389,2.08495,8.27616,1.03752,11.6175,0.42336,0,0.42336,460.49,0,1.02816,0,0,3.32205,2.29389,1.028160,1,0,114.489,0,0,0,114.489,0
50.0235,2.58375,0,0,5.72057,0.238558,0.36288,3.6288,58.8426,0.66528,0,0,1.22548,0.269839,0,0.66528,12.849,1,0.699092,0.36288,0,157.768,4.26919,153.163,0.84672,12.849,0.84672,3695.15,0,0,0,2.21549,2.08497,8.69881,1.03752,11.9617,0.42336,0,0.42336,460.49,0,1.02816,0,0,3.24365,2.21549,1.028160,1,0,165.124,0,0,0,165.124,0
52.1368,2.61196,0,0,5.33328,0.245181,0.36288,3.6288,59.7416,0.66528,0,0,1.8346,0.270343,0,0.66528,12.849,1,0.670906,0.36288,0,117.792,4.26919,113.214,0.84672,12.849,0.84672,3695.15,0,0,0,2.66469,2.08499,11.3687,1.03752,15.0809,0.42336,0,0.42336,460.49,0,1.02816,0,0,3.69285,2.66469,1.028160,1,0,128.295,0,0,0,128.295,0
52.9665,2.6338,0,0,4.0864,0.260003,0.36288,3.6288,60.2456,0.66528,0,0,1.37719,0.207848,0,0.66528,12.849,1,0.649094,0.36288,0,68.1716,3.99229,63.8931,0.84672,12.849,0.84672,3695.15,0,0,0,1.60493,2.08501,7.94193,1.08829,10.5436,0.42336,0,0.42336,460.49,0,1.02816,0,0,2.63309,1.60493,1.028160,1,0,74.4367,0,0,0,74.4367,0
52.1346,2.72476,0,0,2.52175,0.266004,0.36288,3.6288,59.5055,1.10726,0,0,0.549907,0.182812,0,0.66528,12.849,1,0.660993,0.36288,0,52.7257,3.88153,48.546,0.84672,12.849,0.84672,3695.15,0,0,0,0.412474,2.08502,3.96684,1.1086,5.35574,0.42336,0,0.42336,460.49,0,0.586181,0,0,0.998654,0.412474,1.028160,1,0,53.9018,0,0,0,53.9018,0
52.2505,2.7163,0,0,3.46465,0.26959,0.36288,3.6288,59.8174,0.66528,0,0,1.16778,0.19059,0,0.66528,12.849,1,0.669456,0.36288,0,100.582,3.9453,96.3298,0.84672,12.849,0.84672,3695.15,0,0,0,0.572495,2.15183,11.9563,1.13085,13.5498,0.42336,0,0.42336,460.49,0,1.02816,0,0,1.60066,0.572495,1.028160,1,0,109.88,0,0,0,109.88,0
52.675,2.7175,0,0,3.80998,0.305084,0.36288,3.6288,59.7868,0.66528,0,0,0.877591,0.242913,0,0.66528,12.849,1,0.668265,0.36288,0,77.3255,4.32789,72.6922,0.84672,12.849,0.84672,3695.15,0,0,0,0.903035,2.15184,6.34286,1.26439,8.13334,0.42336,0,0.42336,460.49,0,1.02816,0,0,1.9312,0.903035,1.028160,1,0,80.8256,0,0,0,80.8256,0
51.7912,2.72183,0,0,2.50966,0.308712,0.36288,3.6288,59.1312,1.14686,0,0,0.720756,0.2295,0,0.66528,12.849,1,0.663936,0.36288,0,43.7776,4.20912,39.2674,0.84672,12.849,0.84672,3695.15,0,0,0,0.503194,2.15184,3.63145,1.18745,5.09903,0.42336,0,0.42336,460.49,0,0.546575,0,0,1.04977,0.503194,1.028160,1,0,44.3664,0,0,0,44.3664,0
50.3704,2.97735,0,0,2.23099,0.311578,0.36288,3.6288,58.3636,1.13756,0,0,0.565276,0.195265,0,0.66528,12.849,1,0.738658,0.36288,0,41.6921,3.91219,37.4041,0.84672,12.849,0.84672,3695.15,0,0,0,0.503194,2.15184,3.7767,0.995107,5.43663,0.42336,0,0.42336,460.49,0,0.55588,0,0,1.05907,0.503194,1.028160,1,0,42.8407,0,0,0,42.8407,0
49.4665,2.96076,0,0,2.72674,0.306984,0.36288,3.6288,57.6517,1.13295,0,0,0.615338,0.194304,0,0.66528,12.849,1,0.75526,0.36288,0,52.4333,3.91219,48.1287,0.84672,12.849,0.84672,3695.15,0,0,0,0.503194,2.39214,3.87425,0.995107,5.77447,0.42336,0,0.42336,460.49,0,0.560485,0,0,1.06368,0.503194,1.028160,1,0,53.9032,0,0,0,53.9032,0
48.7686,2.9498,0,0,2.90897,0.294231,0.36288,3.6288,56.7929,1.31517,0,0,0.653764,0.197437,0,0.66528,12.849,1,0.766216,0.36288,0,56.2003,3.8872,51.9097,0.84672,12.849,0.84672,3695.15,0,0,0,0.608429,2.39214,3.79357,0.97837,5.81577,0.42336,0,0.42336,460.49,0,0.378268,0,0,0.986697,0.608429,1.028160,1,0,57.7255,0,0,0,57.7255,0
48.3128,2.94113,0,0,3.12906,0.280819,0.36288,3.6288,56.1428,1.25515,0,0,0.780362,0.175254,0,0.66528,12.849,1,0.774896,0.36288,0,59.356,3.68682,55.2572,0.84672,12.849,0.84672,3695.15,0,0,0,0.608429,2.39214,4.40687,0.858861,6.54858,0.42336,0,0.42336,460.49,0,0.43829,0,0,1.04672,0.608429,1.028160,1,0,61.8058,0,0,0,61.8058,0
48.752,2.56328,0,0,3.6321,0.266784,0.36288,3.6288,56.6326,0.681938,0,0,1.34276,0.17107,0,0.66528,12.849,1,0.681716,0.36288,0,72.6415,3.33459,68.9881,0.84672,12.849,0.84672,3695.15,0,0,0,0.608429,2.39215,7.12221,0.811491,9.31129,0.42336,0,0.42336,460.49,0,1.0115,0,0,1.61993,0.608429,1.028160,1,0,78.2994,0,0,0,78.2994,0
50.6316,2.56815,0,0,5.07871,0.268058,0.36288,3.6288,57.2281,0.66528,0,0,1.43243,0.171617,0,0.66528,12.849,1,0.676857,0.36288,0,114.382,3.33459,110.734,0.84672,12.849,0.84672,3695.15,0,0,0,0.682275,2.06445,9.32204,0.811491,11.2573,0.42336,0,0.42336,460.49,0,1.02816,0,0,1.71043,0.682275,1.028160,1,0,121.991,0,0,0,121.991,0
52.5039,2.58819,0,0,5.09428,0.270935,0.36288,3.6288,57.6482,0.66528,0,0,1.27386,0.188512,0,0.66528,12.849,1,0.656816,0.36288,0,89.7869,3.70482,85.7881,0.84672,12.849,0.84672,3695.15,0,0,0,0.721362,2.06445,8.18882,0.912409,10.0622,0.42336,0,0.42336,460.49,0,1.02816,0,0,1.74952,0.721362,1.028160,1,0,95.8503,0,0,0,95.8503,0
54.7461,2.60701,0,0,5.48192,0.269778,0.36288,3.6288,58.3937,0.66528,0,0,1.64049,0.229709,0,0.66528,12.849,1,0.638,0.36288,0,93.3673,4.6304,88.4618,0.84672,12.849,0.84672,3695.15,0,0,0,0.91724,2.06446,9.71015,1.1647,11.5271,0.42336,0,0.42336,460.49,0,1.02816,0,0,1.9454,0.91724,1.028160,1,0,99.9889,0,0,0,99.9889,0
54.8646,2.62818,0,0,3.38365,0.274077,0.36288,3.6288,57.9871,1.01056,0,0,0.751975,0.147955,0,0.66528,12.849,1,0.616837,0.36288,0,53.7838,3.4518,50.0781,0.84672,12.849,0.84672,3695.15,0,0,0,0.558835,2.06446,4.95631,0.753176,6.82643,0.42336,0,0.42336,460.49,0,0.68288,0,0,1.24171,0.558835,1.028160,1,0,56.9045,0,0,0,56.9045,0
56.1111,2.72533,0,0,4.60572,0.271014,0.36288,3.6288,58.1581,0.66528,0,0,0.98617,0.149939,0,0.66528,12.849,1,0.638257,0.36288,0,91.6887,3.53388,87.8795,0.84672,12.849,0.84672,3695.15,0,0,0,0.767362,2.06446,6.82831,0.850508,8.80963,0.42336,0,0.42336,460.49,0,1.02816,0,0,1.79552,0.767362,1.028160,1,0,96.6891,0,0,0,96.6891,0
55.8004,2.73687,0,0,3.06342,0.274412,0.36288,3.6288,57.7484,0.983292,0,0,0.723748,0.150105,0,0.66528,12.849,1,0.626721,0.36288,0,48.9882,3.53388,45.1905,0.84672,12.849,0.84672,3695.15,0,0,0,0.528595,2.14525,5.26205,0.850508,7.0854,0.42336,0,0.42336,460.49,0,0.710148,0,0,1.23874,0.528595,1.028160,1,0,52.2759,0,0,0,52.2759,0
56.4782,2.73403,0,0,4.04832,0.273565,0.36288,3.6288,58.3369,0.66528,0,0,1.40344,0.149708,0,0.66528,12.849,1,0.629558,0.36288,0,99.6918,3.53388,95.8912,0.84672,12.849,0.84672,3695.15,0,0,0,1.44748,2.14526,9.49094,0.850508,12.2332,0.42336,0,0.42336,460.49,0,1.02816,0,0,2.47564,1.44748,1.028160,1,0,108.124,0,0,0,108.124,0
55.9333,2.74019,0,0,2.79534,0.237219,0.36288,3.6288,58.0852,0.862393,0,0,0.778638,0.167966,0,0.66528,12.849,1,0.623404,0.36288,0,61.8741,3.97554,57.6381,0.84672,12.849,0.84672,3695.15,0,0,0,0.528595,2.14526,5.78064,0.99392,7.46057,0.42336,0,0.42336,460.49,0,0.831047,0,0,1.35964,0.528595,1.028160,1,0,65.0987,0,0,0,65.0987,0
54.993,2.69756,0,0,2.32758,0.207449,0.36288,3.6288,57.5173,0.98922,0,0,0.60233,0.180938,0,0.66528,12.849,1,0.619683,0.36288,0,51.5466,4.30679,46.983,0.84672,12.849,0.84672,3695.15,0,0,0,0.528595,2.14526,4.44131,1.10148,6.01368,0.42336,0,0.42336,460.49,0,0.70422,0,0,1.23282,0.528595,1.028160,1,0,52.9967,0,0,0,52.9967,0
55.4131,2.68897,0,0,3.67095,0.19894,0.36288,3.6288,57.4069,0.698155,0,0,0.769755,0.182017,0,0.66528,12.849,1,0.628273,0.36288,0,67.6375,4.36096,63.0111,0.84672,12.849,0.84672,3695.15,0,0,0,0.528595,2.11383,4.39912,1.09145,5.95009,0.42336,0,0.42336,460.49,0,0.995285,0,0,1.52388,0.528595,1.028160,1,0,68.9612,0,0,0,68.9612,0
54.4522,2.69284,0,0,2.25499,0.160202,0.36288,3.6288,56.9441,0.883198,0,0,0.612754,0.192334,0,0.66528,12.849,1,0.624407,0.36288,0,51.0141,4.68604,46.0665,0.84672,12.849,0.84672,3695.15,0,0,0,0.402797,2.11383,3.86522,1.03127,5.35057,0.42336,0,0.42336,460.49,0,0.810242,0,0,1.21304,0.402797,1.028160,1,0,51.4171,0,0,0,51.4171,0
53.2843,2.68393,0,0,2.03844,0.159476,0.36288,3.6288,56.2941,1.00558,0,0,0.553211,0.197696,0,0.66528,12.849,1,0.633323,0.36288,0,45.3341,4.69867,40.365,0.84672,12.849,0.84672,3695.15,0,0,0,0.402797,2.11383,3.49808,1.05256,4.96215,0.42336,0,0.42336,460.49,0,0.687865,0,0,1.09066,0.402797,1.028160,1,0,45.3271,0,0,0,45.3271,0
52.1161,2.79954,0,0,2.13605,0.141863,0.36288,3.6288,55.7685,0.888797,0,0,0.580433,0.217244,0,0.66528,12.849,1,0.675081,0.36288,0,45.6354,4.31888,41.0043,0.84672,12.849,0.84672,3695.15,0,0,0,0.402797,2.11384,3.8091,1.17773,5.148,0.42336,0,0.42336,460.49,0,0.804643,0,0,1.20744,0.402797,1.028160,1,0,46.1523,0,0,0,46.1523,0
50.8026,2.7874,0,0,1.95127,0.114459,0.36288,3.6288,55.2349,0.889117,0,0,0.575528,0.22002,0,0.66528,12.849,1,0.687221,0.36288,0,40.7875,4.43257,36.0306,0.84672,12.849,0.84672,3695.15,0,0,0,0.402797,2.224,3.6385,1.14221,5.1231,0.42336,0,0.42336,460.49,0,0.804323,0,0,1.20712,0.402797,1.028160,1,0,41.1537,0,0,0,41.1537,0
49.4662,2.77322,0,0,1.91255,0.112904,0.36288,3.6288,54.8278,0.810285,0,0,0.622462,0.219251,0,0.66528,12.849,1,0.701403,0.36288,0,39.0729,4.43257,34.3018,0.84672,12.849,0.84672,3695.15,0,0,0,0.30119,2.224,3.92061,1.14221,5.3036,0.42336,0,0.42336,460.49,0,0.883155,0,0,1.18435,0.30119,1.028160,1,0,39.6054,0,0,0,39.6054,0
48.0188,2.75818,0,0,1.78505,0.111321,0.36288,3.6288,54.2827,0.895285,0,0,0.568855,0.218664,0,0.66528,12.849,1,0.716447,0.36288,0,36.5259,4.43257,31.7398,0.84672,12.849,0.84672,3695.15,0,0,0,0.30119,2.22401,3.47175,1.14221,4.85474,0.42336,0,0.42336,460.49,0,0.798155,0,0,1.09934,0.30119,1.028160,1,0,36.5945,0,0,0,36.5945,0
46.3978,2.74115,0,0,1.56999,0.0869742,0.36288,3.6288,53.4425,1.0562,0,0,0.481512,0.265464,0,0.66528,12.849,1,0.733483,0.36288,0,31.2184,5.29901,25.5488,0.84672,12.849,0.84672,3695.15,0,0,0,0.30119,2.22401,2.54656,1.25441,3.81735,0.42336,0,0.42336,460.49,0,0.637243,0,0,0.938434,0.30119,1.028160,1,0,29.3661,0,0,0,29.3661,0
44.7438,2.69671,0,0,1.48727,0.0817334,0.36288,3.6288,52.4883,1.13043,0,0,0.447906,0.271736,0,0.66528,12.849,1,0.746803,0.36288,0,30.3932,5.44341,24.5659,0.84672,12.849,0.84672,3695.15,0,0,0,0.30119,2.22401,2.45477,1.27311,3.70686,0.42336,0,0.42336,460.49,0,0.563008,0,0,0.864199,0.30119,1.028160,1,0,28.2727,0,0,0,28.2727,0
42.9852,2.67527,0,0,1.35978,0.0802319,0.36288,3.6288,51.5811,1.07464,0,0,0.437155,0.269669,0,0.66528,12.849,1,0.768252,0.36288,0,29.964,5.44341,24.1153,0.84672,12.849,0.84672,3695.15,0,0,0,0.261274,2.26252,2.42459,1.27311,3.67528,0.42336,0,0.42336,460.49,0,0.618797,0,0,0.88007,0.261274,1.028160,1,0,27.7905,0,0,0,27.7905,0
41.1353,2.65107,0,0,1.24275,0.0786356,0.36288,3.6288,50.5196,1.20259,0,0,0.408807,0.267704,0,0.66528,12.849,1,0.792451,0.36288,0,28.1839,5.44341,22.3109,0.84672,12.849,0.84672,3695.15,0,0,0,0.261274,2.26253,2.30719,1.27311,3.55788,0.42336,0,0.42336,460.49,0,0.490847,0,0,0.752121,0.261274,1.028160,1,0,25.8688,0,0,0,25.8688,0
39.2282,2.62392,0,0,1.14246,0.0628308,0.36288,3.6288,49.3259,1.28105,0,0,0.379726,0.292413,0,0.66528,12.849,1,0.819606,0.36288,0,23.093,5.87728,16.759,0.84672,12.849,0.84672,3695.15,0,0,0,0.261274,2.26253,2.08609,1.41701,3.19289,0.42336,0,0.42336,460.49,0,0.412392,0,0,0.673665,0.261274,1.028160,1,0,19.9519,0,0,0,19.9519,0
37.269,2.65445,0,0,1.10926,0.0510807,0.36288,3.6288,48.1247,1.24992,0,0,0.350406,0.301713,0,0.66528,12.849,1,0.869451,0.36288,0,27.2749,6.12644,20.6419,0.84672,12.849,0.84672,3695.15,0,0,0,0.261274,2.26253,2.17157,1.48865,3.20672,0.42336,0,0.42336,460.49,0,0.443517,0,0,0.704791,0.261274,1.028160,1,0,23.8486,0,0,0,23.8486,0
35.2703,2.62046,0,0,1.03454,0.0499259,0.36288,3.6288,46.8773,1.259,0,0,0.310365,0.298726,0,0.66528,12.849,1,0.90344,0.36288,0,21.5771,6.12644,14.9101,0.84672,12.849,0.84672,3695.15,0,0,0,0.261274,2.31711,1.98216,1.48865,3.0719,0.42336,0,0.42336,460.49,0,0.434436,0,0,0.69571,0.261274,1.028160,1,0,17.982,0,0,0,17.982,0
33.2167,2.58294,0,0,0.941017,0.0487478,0.36288,3.6288,45.5392,1.33401,0,0,0.291529,0.295624,0,0.66528,12.849,1,0.940967,0.36288,0,19.8409,6.12644,13.1364,0.84672,12.849,0.84672,3695.15,0,0,0,0.227405,2.31712,1.8141,1.48865,2.86996,0.42336,0,0.42336,460.49,0,0.35943,0,0,0.586835,0.227405,1.028160,1,0,16.0063,0,0,0,16.0063,0
31.3368,2.54099,0,0,1.06467,0.0407617,0.36288,3.6288,44.48,1.12711,0,0,0.354434,0.286514,0,0.66528,12.849,1,0.982915,0.36288,0,20.4038,6.26793,13.5158,0.84672,12.849,0.84672,3695.15,0,0,0,0.227405,2.31712,2.65957,1.52553,3.67857,0.42336,0,0.42336,460.49,0,0.566325,0,0,0.79373,0.227405,1.028160,1,0,17.1944,0,0,0,17.1944,0
29.15,2.66609,0,0,0.898024,0.0558151,0.36288,3.6288,43.0383,1.44906,0,0,0.271674,0.264361,0,0.66528,12.849,1,1.09317,0.36288,0,18.2549,5.84587,11.6787,0.84672,12.849,0.84672,3695.15,0,0,0,0.227405,2.31712,1.98021,1.46099,3.06375,0.42336,0,0.42336,460.49,0,0.244384,0,0,0.471789,0.227405,1.028160,1,0,14.7424,0,0,0,14.7424,0
27.0479,2.60917,0,0,0.92232,0.0524239,0.36288,3.6288,41.6593,1.4161,0,0,0.284202,0.247091,0,0.66528,12.849,1,1.15009,0.36288,0,19.3832,5.87118,12.7248,0.84672,12.849,0.84672,3695.15,0,0,0,0.227405,2.50387,1.69206,1.47895,2.94437,0.42336,0,0.42336,460.49,0,0.27734,0,0,0.504744,0.227405,1.028160,1,0,15.6692,0,0,0,15.6692,0
24.845,2.54858,0,0,0.759525,0.0509306,0.36288,3.6288,40.2109,1.45187,0,0,0.247363,0.243844,0,0.66528,12.849,1,1.21069,0.36288,0,24.0631,5.87118,17.3441,0.84672,12.849,0.84672,3695.15,0,0,0,0.204422,2.50387,1.50957,1.47895,2.73891,0.42336,0,0.42336,460.49,0,0.241571,0,0,0.445993,0.204422,1.028160,1,0,20.083,0,0,0,20.083,0
22.7952,2.47783,0,0,0.840214,0.0493658,0.36288,3.6288,38.9963,1.31402,0,0,0.339796,0.240434,0,0.66528,12.849,1,1.28145,0.36288,0,20.6308,5.87118,13.841,0.84672,12.849,0.84672,3695.15,0,0,0,0.204422,2.50387,1.80396,1.47895,3.0333,0.42336,0,0.42336,460.49,0,0.379419,0,0,0.583841,0.204422,1.028160,1,0,16.8743,0,0,0,16.8743,0
21.2119,2.40413,0,0,1.2426,0.05888,0.36288,3.6288,37.8963,1.24111,0,0,0.353994,0.212836,0,0.66528,12.849,1,1.35514,0.36288,0,26.0168,5.38345,19.641,0.84672,12.849,0.84672,3695.15,0,0,0,0.204422,2.50387,2.13082,1.34388,3.49524,0.42336,0,0.42336,460.49,0,0.452326,0,0,0.656749,0.204422,1.028160,1,0,23.1363,0,0,0,23.1363,0
19.7448,2.26971,0,0,1.22747,0.0619156,0.36288,3.6288,37.4632,0.781453,0,0,0.549099,0.200781,0,0.66528,12.849,1,1.37487,0.36288,0,24.1551,5.18836,17.9548,0.84672,12.849,0.84672,3695.15,0,0,0,0.204422,2.50388,2.37194,1.28985,3.79039,0.42336,0,0.42336,460.49,0,0.911987,0,0,1.11641,0.204422,1.028160,1,0,21.7451,0,0,0,21.7451,0
18.1965,2.20783,0,0,1.08305,0.0606749,0.36288,3.6288,36.3728,1.20905,0,0,0.318676,0.199947,0,0.66528,12.849,1,1.43675,0.36288,0,24.7421,5.18836,18.4799,0.84672,12.849,0.84672,3695.15,0,0,0,0.216518,2.39581,1.82188,1.28985,3.14436,0.42336,0,0.42336,460.49,0,0.48439,0,0,0.700909,0.216518,1.028160,1,0,21.6242,0,0,0,21.6242,0
16.5331,2.13618,0,0,0.895,0.0593654,0.36288,3.6288,35.169,1.28673,0,0,0.280748,0.197847,0,0.66528,12.849,1,1.50841,0.36288,0,22.8442,5.18836,16.5103,0.84672,12.849,0.84672,3695.15,0,0,0,0.216518,2.39581,1.6872,1.28985,3.00968,0.42336,0,0.42336,460.49,0,0.406711,0,0,0.623229,0.216518,1.028160,1,0,19.52,0,0,0,19.52,0
15.3137,2.05079,0,0,1.29077,0.0964367,0.36288,3.6288,34.0601,1.29649,0,0,0.344939,0.157333,0,0.66528,12.849,1,1.59381,0.36288,0,23.9556,4.21732,18.5074,0.84672,12.849,0.84672,3695.15,0,0,0,0.216518,2.39581,1.86758,0.985093,3.49482,0.42336,0,0.42336,460.49,0,0.396949,0,0,0.613468,0.216518,1.028160,1,0,22.0022,0,0,0,22.0022,0
13.9604,1.93059,0,0,1.04043,0.100264,0.36288,3.6288,32.8949,1.34219,0,0,0.361587,0.184664,0,0.66528,12.849,1,1.61986,0.36288,0,15.2423,4.00878,9.97649,0.84672,12.849,0.84672,3695.15,0,0,0,0.216518,2.39582,2.47291,0.954236,4.13101,0.42336,0,0.42336,460.49,0,0.351251,0,0,0.567769,0.216518,1.028160,1,0,14.1075,0,0,0,14.1075,0
12.8758,1.84882,0,0,1.27348,0.146413,0.36288,3.6288,31.5137,1.46845,0,0,0.261627,0.174367,0,0.66528,12.849,1,1.70163,0.36288,0,19.5679,4.10613,14.123,0.84672,12.849,0.84672,3695.15,0,0,0,0.216518,2.29937,2.24268,1.07825,3.68032,0.42336,0,0.42336,460.49,0,0.224993,0,0,0.441512,0.216518,1.028160,1,0,17.8033,0,0,0,17.8033,0
11.9041,1.77708,0,0,1.31128,0.142991,0.36288,3.6288,30.6099,1.11357,0,0,0.381593,0.171764,0,0.66528,12.849,1,1.77338,0.36288,0,19.8532,4.10613,14.3365,0.84672,12.849,0.84672,3695.15,0,0,0,0.292723,2.29937,3.08592,1.07825,4.59977,0.42336,0,0.42336,460.49,0,0.579866,0,0,0.872589,0.292723,1.028160,1,0,18.9363,0,0,0,18.9363,0
13.369,1.70747,0,0,3.67515,0.139926,0.36288,3.6288,30.9171,0.66528,0,0,1.14251,0.170061,0,0.66528,12.849,1,1.843,0.36288,0,61.4929,4.10613,55.9066,0.84672,12.849,0.84672,3695.15,0,0,0,0.74285,2.29937,6.40636,1.07825,8.37034,0.42336,0,0.42336,460.49,0,1.02816,0,0,1.77101,0.74285,1.028160,1,0,64.277,0,0,0,64.277,0
13.9139,1.6741,0,0,2.71406,0.132219,0.36288,3.6288,30.3926,0.882706,0,0,0.517188,0.159012,0,0.66528,12.849,1,1.60898,0.36288,0,55.2971,3.64245,50.4086,0.84672,12.849,0.84672,3695.15,0,0,0,0.292723,2.29938,4.58055,0.86502,6.30763,0.42336,0,0.42336,460.49,0,0.810734,0,0,1.10346,0.292723,1.028160,1,0,56.7162,0,0,0,56.7162,0
14.9208,1.70685,0,0,3.23404,0.157406,0.36288,3.6288,29.9364,0.923763,0,0,0.613112,0.14555,0,0.66528,12.849,1,1.57623,0.36288,0,76.1979,3.81633,71.1682,0.84672,12.849,0.84672,3695.15,0,0,0,0.292723,2.08514,5.33658,0.878819,6.83563,0.42336,0,0.42336,460.49,0,0.769677,0,0,1.0624,0.292723,1.028160,1,0,78.0038,0,0,0,78.0038,0
15.9544,1.76401,0,0,3.32141,0.160824,0.36288,3.6288,29.3682,1.02336,0,0,0.599982,0.144812,0,0.66528,12.849,1,1.51908,0.36288,0,67.9534,3.81633,62.9809,0.84672,12.849,0.84672,3695.15,0,0,0,0.412474,2.08514,5.05029,0.878819,6.66908,0.42336,0,0.42336,460.49,0,0.670075,0,0,1.08255,0.412474,1.028160,1,0,69.65,0,0,0,69.65,0
18.3199,1.81853,0,0,4.70309,0.156271,0.36288,3.6288,29.6915,0.66528,0,0,1.14609,0.157488,0,0.66528,12.849,1,1.46456,0.36288,0,147.367,4.1283,142.137,0.84672,12.849,0.84672,3695.15,0,0,0,0.612948,2.08514,9.0409,1.00561,10.7334,0.42336,0,0.42336,460.49,0,1.02816,0,0,1.64111,0.612948,1.028160,1,0,152.871,0,0,0,152.871,0
23.0542,1.92967,0,0,7.18686,0.159957,0.36288,3.6288,32.9376,0.66528,0,0,4.08201,0.170659,0,0.66528,12.849,1,1.35342,0.36288,0,171.425,4.91345,165.521,0.84672,12.849,0.84672,3695.15,0,0,0,2.0581,2.08515,13.9101,1.23709,16.8162,0.42336,0,0.42336,460.49,0,1.02816,0,0,3.08626,2.0581,1.028160,1,0,182.338,0,0,0,182.338,0
26.5501,2.17418,0,0,6.21884,0.185849,0.36288,3.6288,35.736,0.66528,0,0,3.62388,0.160141,0,0.66528,12.849,1,1.21175,0.36288,0,158.194,4.91736,152.428,0.84672,12.849,0.84672,3695.15,0,0,0,3.20427,2.08515,17.7652,1.17296,21.8817,0.42336,0,0.42336,460.49,0,1.02816,0,0,4.23243,3.20427,1.028160,1,0,174.31,0,0,0,174.31,0
28.915,2.28169,0,0,5.2048,0.195382,0.36288,3.6288,37.6201,0.66528,0,0,2.71415,0.164758,0,0.66528,12.849,1,1.10423,0.36288,0,122.872,4.91736,117.213,0.84672,12.849,0.84672,3695.15,0,0,0,2.71696,2.15195,13.818,1.17296,17.514,0.42336,0,0.42336,460.49,0,1.02816,0,0,3.74512,2.71696,1.028160,1,0,134.727,0,0,0,134.727,0
30.2926,2.3442,0,0,4.28654,0.201871,0.36288,3.6288,38.8875,0.66528,0,0,2.10041,0.167798,0,0.66528,12.849,1,1.04169,0.36288,0,98.8779,4.91736,93.2817,0.84672,12.849,0.84672,3695.15,0,0,0,1.84165,2.15193,11.7866,1.17296,14.6072,0.42336,0,0.42336,460.49,0,1.02816,0,0,2.86981,1.84165,1.028160,1,0,107.889,0,0,0,107.889,0
33.6731,2.37745,0,0,6.35018,0.229378,0.36288,3.6288,40.8531,0.66528,0,0,2.79547,0.164562,0,0.66528,12.849,1,1.00843,0.36288,0,150.045,4.94793,144.451,0.84672,12.849,0.84672,3695.15,0,0,0,2.4556,2.15192,18.7708,1.34129,22.0371,0.42336,0,0.42336,460.49,0,1.02816,0,0,3.48376,2.4556,1.028160,1,0,166.488,0,0,0,166.488,0
46.7382,2.68974,0,0,16.346,0.228247,0.36288,3.6288,47.6323,0.66528,0,0,7.60219,0.157749,0,0.66528,12.849,1,1.02635,0.36288,0,240.813,3.99935,236.15,0.84672,12.849,0.84672,3695.15,0,0,0,5.40378,2.15191,37.488,1.09371,43.95,0.42336,0,0.42336,460.49,0,1.02816,0,0,6.43194,5.40378,1.028160,1,0,280.1,0,0,0,280.1,0
52.6708,2.91476,0,0,9.47618,0.265901,0.36288,3.6288,52.1256,0.66528,0,0,5.32668,0.16804,0,0.66528,12.849,1,0.80131,0.36288,0,451.291,3.99935,446.854,0.84672,12.849,0.84672,3695.15,0,0,0,3.57794,2.39219,27.5073,1.09371,32.3838,0.42336,0,0.42336,460.49,0,1.02816,0,0,4.6061,3.57794,1.028160,1,0,479.237,0,0,0,479.237,0
54.9952,2.9873,0,0,5.95779,0.283263,0.36288,3.6288,54.7325,0.66528,0,0,3.44653,0.174351,0,0.66528,12.849,1,0.728749,0.36288,0,207.731,3.99935,203.365,0.84672,12.849,0.84672,3695.15,0,0,0,2.3611,2.39218,16.772,1.09371,20.4315,0.42336,0,0.42336,460.49,0,1.02816,0,0,3.38926,2.3611,1.028160,1,0,223.797,0,0,0,223.797,0
56.5669,3.01225,0,0,5.25098,0.304181,0.36288,3.6288,57.9179,0.66528,0,0,4.1242,0.273549,0,0.66528,12.849,1,0.703778,0.36288,0,185.263,5.01251,179.91,0.84672,12.849,0.84672,3695.15,0,0,0,2.75089,2.39216,17.469,1.25003,21.3621,0.42336,0,0.42336,460.49,0,1.02816,0,0,3.77905,2.75089,1.028160,1,0,201.272,0,0,0,201.272,0
57.9916,2.64433,0,0,4.74726,0.315335,0.36288,3.6288,59.5786,0.66528,0,0,2.53119,0.205224,0,0.66528,12.849,1,0.600651,0.36288,0,133.727,3.00416,130.485,0.84672,12.849,0.84672,3695.15,0,0,0,2.20213,2.39215,13.6686,0.790027,17.4728,0.42336,0,0.42336,460.49,0,1.02816,0,0,3.23029,2.20213,1.028160,1,0,147.958,0,0,0,147.958,0
59.8859,2.65639,0,0,5.23339,0.319777,0.36288,3.6288,61.308,0.66528,0,0,2.79596,0.207426,0.193837,0.66528,12.849,1,0.588567,0.36288,0,159.8,3.00416,156.57,0.84672,12.849,0.84672,3695.15,0,0,0,4.01784,2.06444,17.5944,0.790027,22.8867,0.42336,0,0.42336,460.49,0,1.02816,0,0,5.046,4.01784,1.028160,1,0,179.651,0,0,0,179.651,0
62.2726,2.6717,0,0,5.74694,0.325683,0.36288,3.6288,61.308,0.66528,0,0,3.6188,0.209719,2.7438,0.66528,12.849,1,0.573235,0.36288,0,179.343,3.00416,176.129,0.84672,12.849,0.84672,3695.15,0,0,0,3.47899,2.06442,23.0833,0.790027,27.8367,0.42336,0,0.42336,460.49,0,1.02816,0,0,4.50715,3.47899,1.028160,1,0,206.709,0,0,0,206.709,0
64.3182,2.6899,0,0,5.41152,0.313096,0.36288,3.6288,61.308,0.66528,0,0,3.09582,0.239158,2.19138,0.66528,12.849,1,0.555019,0.36288,0,119.03,3.84633,114.991,0.84672,12.849,0.84672,3695.15,0,0,0,2.92214,2.06441,16.3622,0.91041,20.4383,0.42336,0,0.42336,460.49,0,1.02816,0,0,3.9503,2.92214,1.028160,1,0,137.621,0,0,0,137.621,0
68.3117,2.70459,0,0,7.33676,0.275845,0.36288,3.6288,61.308,0.66528,0,0,4.61234,0.221368,3.72569,0.66528,12.849,1,0.540303,0.36288,0,192.502,3.88995,188.434,0.84672,12.849,0.84672,3695.15,0,0,0,4.94433,2.0644,24.9462,0.932732,31.0222,0.42336,0,0.42336,460.49,0,1.02816,0,0,5.97249,4.94433,1.028160,1,0,223.182,0,0,0,223.182,0
71.5444,2.83095,0,0,6.69704,0.270424,0.36288,3.6288,61.308,0.66528,0,0,4.15759,0.209542,3.28276,0.66528,12.849,1,0.532485,0.36288,0,199.708,3.77265,195.765,0.84672,12.849,0.84672,3695.15,0,0,0,3.96065,2.06439,21.1737,0.9224,26.2763,0.42336,0,0.42336,460.49,0,1.02816,0,0,4.98881,3.96065,1.028160,1,0,225.324,0,0,0,225.324,0
72.29,2.85133,0,0,6.14771,0.254758,2.29606,3.6288,61.308,0.66528,0,0,3.06798,0.207045,2.19565,0.66528,12.849,1,0.512084,2.29606,0,153.583,3.92093,151.446,0.84672,12.849,0.84672,3695.15,0,0,0,2.97906,2.14516,15.0748,0.932041,19.267,0.42336,0,0.42336,460.49,0,1.02816,0,0,4.00722,2.97906,1.028160,1,0,172.909,0,0,0,172.909,0
72.29,2.8558,0,0,4.90696,0.226029,1.82513,3.6288,61.308,0.66528,0,0,2.50118,0.203715,1.63219,0.66528,12.849,1,0.507596,1.82513,0,145.816,4.11862,143.015,0.84672,12.849,0.84672,3695.15,0,0,0,1.92624,2.14515,12.0512,0.944897,15.1777,0.42336,0,0.42336,460.49,0,1.02816,0,0,2.9544,1.92624,1.028160,1,0,159.825,0,0,0,159.825,0
72.29,2.85578,0,0,4.12286,0.192199,1.07488,3.6288,61.308,0.66528,0,0,2.1747,0.209646,1.29977,0.66528,12.849,1,0.507593,1.07488,0,101.868,4.16961,98.2659,0.84672,12.849,0.84672,3695.15,0,0,0,1.72375,2.14513,10.0944,0.977897,12.9854,0.42336,0,0.42336,460.49,0,1.02816,0,0,2.75191,1.72375,1.028160,1,0,112.551,0,0,0,112.551,0
72.29,2.8164,0,0,3.56143,0.147092,0.59793,3.6288,61.308,0.66528,0,0,2.07774,0.217555,1.1949,0.66528,12.849,1,0.500594,0.59793,0,83.3924,4.23759,79.2522,0.84672,12.849,0.84672,3695.15,0,0,0,2.07132,2.14512,8.89281,1.0219,12.0873,0.42336,0,0.42336,460.49,0,1.02816,0,0,3.09948,2.07132,1.028160,1,0,92.5344,0,0,0,92.5344,0
72.1048,2.81639,0,0,3.14113,0.147092,0.36288,3.6288,61.308,0.66528,0,0,2.2587,0.217555,1.37587,0.66528,12.849,1,0.500591,0.36288,0,77.7237,4.23759,73.3484,0.84672,12.849,0.84672,3695.15,0,0,0,2.31418,2.11367,9.18458,1.0219,12.5905,0.42336,0,0.42336,460.49,0,1.02816,0,0,3.34234,2.31418,1.028160,1,0,87.3148,0,0,0,87.3148,0
71.9853,2.81528,0,0,3.20552,0.146885,0.36288,3.6288,61.308,0.66528,0,0,1.94394,0.217555,1.0611,0.66528,12.849,1,0.501679,0.36288,0,75.0315,4.23759,70.6551,0.84672,12.849,0.84672,3695.15,0,0,0,1.72429,2.11366,9.0841,1.0219,11.9002,0.42336,0,0.42336,460.49,0,1.02816,0,0,2.75245,1.72429,1.028160,1,0,83.6164,0,0,0,83.6164,0
71.97,2.81455,0,0,3.27863,0.116412,0.36288,3.6288,61.308,0.66528,0,0,1.90101,0.232391,1.00334,0.66528,12.849,1,0.502383,0.36288,0,77.7574,5.40722,72.2107,0.84672,12.849,0.84672,3695.15,0,0,0,1.84567,2.11365,11.2972,1.06801,14.1885,0.42336,0,0.42336,460.49,0,1.02816,0,0,2.87383,1.84567,1.028160,1,0,87.4026,0,0,0,87.4026,0
71.3828,2.94795,0,0,2.82918,0.105561,0.36288,3.6288,61.308,0.66528,0,0,1.69309,0.17851,0.849305,0.66528,12.849,1,0.526306,0.36288,0,64.8484,4.32169,60.3633,0.84672,12.849,0.84672,3695.15,0,0,0,1.45954,2.11363,7.88149,0.846622,10.608,0.42336,0,0.42336,460.49,0,1.02816,0,0,2.4877,1.45954,1.028160,1,0,71.8206,0,0,0,71.8206,0
70.4393,2.94427,0,0,2.46869,0.105089,0.36288,3.6288,61.308,0.66528,0,0,1.55676,0.17851,0.712965,0.66528,12.849,1,0.529972,0.36288,0,61.1649,4.32169,56.6761,0.84672,12.849,0.84672,3695.15,0,0,0,1.52445,2.22377,8.08453,0.846622,10.9861,0.42336,0,0.42336,460.49,0,1.02816,0,0,2.55261,1.52445,1.028160,1,0,68.3752,0,0,0,68.3752,0
69.2825,2.93824,0,0,2.24866,0.104332,0.36288,3.6288,61.308,0.66528,0,0,1.40299,0.17851,0.559199,0.66528,12.849,1,0.535972,0.36288,0,55.9879,4.32169,51.4931,0.84672,12.849,0.84672,3695.15,0,0,0,1.31861,2.22376,7.69038,0.846622,10.3861,0.42336,0,0.42336,460.49,0,1.02816,0,0,2.34677,1.31861,1.028160,1,0,62.4384,0,0,0,62.4384,0
68.0435,2.93068,0,0,2.12547,0.0709128,0.36288,3.6288,61.308,0.66528,0,0,1.24467,0.213083,0.366307,0.66528,12.849,1,0.543518,0.36288,0,54.2659,5.0064,49.0789,0.84672,12.849,0.84672,3695.15,0,0,0,1.01729,2.22375,7.24749,1.03347,9.45506,0.42336,0,0.42336,460.49,0,1.02816,0,0,2.04545,1.01729,1.028160,1,0,58.9003,0,0,0,58.9003,0
67.9884,2.92233,0,0,3.34754,0.11747,0.36288,3.6288,61.308,0.66528,0,0,1.42116,0.228519,0.52736,0.66528,12.849,1,0.551839,0.36288,0,62.5248,4.9893,57.3466,0.84672,12.849,0.84672,3695.15,0,0,0,1.29561,2.22373,7.4895,1.11225,9.8966,0.42336,0,0.42336,460.49,0,1.02816,0,0,2.32377,1.29561,1.028160,1,0,67.7705,0,0,0,67.7705,0
68.332,2.89577,0,0,3.68489,0.082569,0.36288,3.6288,61.308,0.66528,0,0,1.50389,0.255448,0.583159,0.66528,12.849,1,0.547266,0.36288,0,62.6488,5.14274,57.3217,0.84672,12.849,0.84672,3695.15,0,0,0,1.43266,2.22372,7.58722,1.19136,10.0522,0.42336,0,0.42336,460.49,0,1.02816,0,0,2.46082,1.43266,1.028160,1,0,67.9571,0,0,0,67.9571,0
68.4086,2.89807,0,0,3.39885,0.0613032,0.36288,3.6288,61.308,0.66528,0,0,1.4927,0.26375,0.563668,0.66528,12.849,1,0.544946,0.36288,0,57.336,5.20684,51.9471,0.84672,12.849,0.84672,3695.15,0,0,0,1.30947,2.26221,7.2608,1.2104,9.62207,0.42336,0,0.42336,460.49,0,1.02816,0,0,2.33763,1.30947,1.028160,1,0,62.1328,0,0,0,62.1328,0
68.2639,2.89856,0,0,3.17796,0.0612753,0.36288,3.6288,61.308,0.66528,0,0,1.49721,0.26375,0.568178,0.66528,12.849,1,0.544429,0.36288,0,53.4765,5.20684,48.0881,0.84672,12.849,0.84672,3695.15,0,0,0,1.43047,2.26219,6.7926,1.2104,9.27486,0.42336,0,0.42336,460.49,0,1.02816,0,0,2.45863,1.43047,1.028160,1,0,57.9311,0,0,0,57.9311,0
67.8391,2.89757,0,0,2.90199,0.0663434,0.36288,3.6288,61.308,0.66528,0,0,1.31132,0.275385,0.370654,0.66528,12.849,1,0.545397,0.36288,0,47.2904,5.32223,41.7857,0.84672,12.849,0.84672,3695.15,0,0,0,1.1362,2.26218,5.9816,1.28073,8.09926,0.42336,0,0.42336,460.49,0,1.02816,0,0,2.16436,1.1362,1.028160,1,0,50.2556,0,0,0,50.2556,0
67.4036,2.96224,0,0,2.96856,0.0789236,0.36288,3.6288,61.308,0.66528,0,0,1.22078,0.304472,0.251028,0.66528,12.849,1,0.56106,0.36288,0,51.0678,5.61067,45.2589,0.84672,12.849,0.84672,3695.15,0,0,0,0.860743,2.26216,5.00972,1.45654,6.67609,0.42336,0,0.42336,460.49,0,1.02816,0,0,1.8889,0.860743,1.028160,1,0,52.186,0,0,0,52.186,0
66.767,2.95918,0,0,2.76409,0.0786537,0.36288,3.6288,61.308,0.66528,0,0,1.05911,0.304472,0.0893567,0.66528,12.849,1,0.564101,0.36288,0,43.2408,5.61067,37.4289,0.84672,12.849,0.84672,3695.15,0,0,0,1.01368,2.31672,5.05592,1.45654,6.92978,0.42336,0,0.42336,460.49,0,1.02816,0,0,2.04184,1.01368,1.028160,1,0,44.448,0,0,0,44.448,0
65.9267,2.95465,0,0,2.55557,0.0782592,0.36288,3.6288,61.308,0.66528,0,0,0.982169,0.304472,0.0124175,0.66528,12.849,1,0.568609,0.36288,0,41.4641,5.61067,35.6477,0.84672,12.849,0.84672,3695.15,0,0,0,0.765184,2.3167,4.39607,1.45654,6.02142,0.42336,0,0.42336,460.49,0,1.02816,0,0,1.79334,0.765184,1.028160,1,0,41.6816,0,0,0,41.6816,0
65.1546,2.94856,0,0,2.61235,0.0730742,0.36288,3.6288,61.308,0.66528,0,0,1.09075,0.307062,0.118406,0.66528,12.849,1,0.57467,0.36288,0,39.4363,5.68545,33.5391,0.84672,12.849,0.84672,3695.15,0,0,0,1.00718,2.31669,5.43758,1.47148,7.28997,0.42336,0,0.42336,460.49,0,1.02816,0,0,2.03534,1.00718,1.028160,1,0,40.9475,0,0,0,40.9475,0
64.163,3.1394,0,0,2.61113,0.100378,0.36288,3.6288,61.308,0.66528,0,0,0.965917,0.300244,0.000393074,0.66528,12.849,1,0.619114,0.36288,0,37.924,5.87787,31.7899,0.84672,12.849,0.84672,3695.15,0,0,0,1.06071,2.31668,4.19121,1.4463,6.12229,0.42336,0,0.42336,460.49,0,1.02816,0,0,2.08887,1.06071,1.028160,1,0,37.9126,0,0,0,37.9126,0
62.8039,3.13141,0,0,2.2439,0.108767,0.36288,3.6288,61.2402,0.66528,0,0,0.893998,0.296518,0,0.66528,12.849,1,0.627081,0.36288,0,47.085,5.83516,40.9856,0.84672,12.849,0.84672,3695.15,0,0,0,0.9511,2.50337,3.63644,1.42717,5.66374,0.42336,0,0.42336,460.49,0,1.02816,0,0,1.97926,0.9511,1.028160,1,0,46.6493,0,0,0,46.6493,0
61.505,3.12012,0,0,2.29171,0.107571,0.36288,3.6288,61.3041,0.66528,0,0,1.02553,0.296391,0,0.66528,12.849,1,0.638343,0.36288,0,40.787,5.83516,34.6764,0.84672,12.849,0.84672,3695.15,0,0,0,1.06328,2.50335,3.77639,1.42717,5.91585,0.42336,0,0.42336,460.49,0,1.02816,0,0,2.09144,1.06328,1.028160,1,0,40.5922,0,0,0,40.5922,0
60.2379,3.10895,0,0,2.31231,0.107593,0.36288,3.6288,61.308,0.66528,0,0,1.03328,0.289616,0.0744495,0.66528,12.849,1,0.64949,0.36288,0,41.3851,5.65032,35.4482,0.84672,12.849,0.84672,3695.15,0,0,0,1.57426,2.50334,4.8302,1.35521,7.55258,0.42336,0,0.42336,460.49,0,1.02816,0,0,2.60242,1.57426,1.028160,1,0,43.0752,0,0,0,43.0752,0
58.488,3.09767,0,0,1.85963,0.148946,0.36288,3.6288,61.0829,0.66528,0,0,0.729708,0.28949,0,0.66528,12.849,1,0.660746,0.36288,0,30.5654,5.04177,25.2257,0.84672,12.849,0.84672,3695.15,0,0,0,0.900046,2.50332,3.01229,1.13729,5.27837,0.42336,0,0.42336,460.49,0,1.02816,0,0,1.92821,0.900046,1.028160,1,0,30.5041,0,0,0,30.5041,0
56.3189,2.98743,0,0,1.35384,0.172696,0.36288,3.6288,60.5829,0.66528,0,0,0.485231,0.319961,0,0.66528,12.849,1,0.656295,0.36288,0,25.9227,5.41716,20.2121,0.84672,12.849,0.84672,3695.15,0,0,0,0.498208,2.5033,1.2789,1.29765,2.98277,0.42336,0,0.42336,460.49,0,1.02816,0,0,1.52637,0.498208,1.028160,1,0,23.1949,0,0,0,23.1949,0
54.2085,2.96683,0,0,1.38842,0.169061,0.36288,3.6288,60.0629,0.66528,0,0,0.464168,0.318948,0,0.66528,12.849,1,0.676873,0.36288,0,27.6699,5.41716,21.9388,0.84672,12.849,0.84672,3695.15,0,0,0,0.467934,2.39524,1.53569,1.29765,3.10122,0.42336,0,0.42336,460.49,0,1.02816,0,0,1.49609,0.467934,1.028160,1,0,25.04,0,0,0,25.04,0
52.3703,2.94551,0,0,1.63569,0.165525,0.36288,3.6288,59.7132,0.66528,0,0,0.633496,0.317894,0,0.66528,12.849,1,0.69817,0.36288,0,27.7391,5.41716,21.9866,0.84672,12.849,0.84672,3695.15,0,0,0,0.813473,2.39523,1.95991,1.29765,3.87096,0.42336,0,0.42336,460.49,0,1.02816,0,0,1.84163,0.813473,1.028160,1,0,25.8576,0,0,0,25.8576,0
52.1899,2.92581,0,0,3.30731,0.199051,0.36288,3.6288,59.6542,0.66528,0,0,0.888472,0.282227,0,0.66528,12.849,1,0.717844,0.36288,0,53.0449,4.91762,47.7724,0.84672,12.849,0.84672,3695.15,0,0,0,1.32241,2.39521,4.03001,1.17619,6.57144,0.42336,0,0.42336,460.49,0,1.02816,0,0,2.35057,1.32241,1.028160,1,0,54.3438,0,0,0,54.3438,0
50.5821,2.84827,0,0,1.83086,0.227456,0.36288,3.6288,59.3531,0.66528,0,0,0.58305,0.21881,0,0.66528,12.849,1,0.701236,0.36288,0,38.4655,4.27256,33.8546,0.84672,12.849,0.84672,3695.15,0,0,0,0.660969,2.3952,2.4276,1.05773,4.42603,0.42336,0,0.42336,460.49,0,1.02816,0,0,1.68913,0.660969,1.028160,1,0,38.2807,0,0,0,38.2807,0
48.9032,2.83048,0,0,1.73813,0.223676,0.36288,3.6288,58.5446,0.991768,0,0,0.401608,0.218389,0,0.66528,12.849,1,0.719005,0.36288,0,35.1327,4.27256,30.504,0.84672,12.849,0.84672,3695.15,0,0,0,0.216518,2.29876,2.17223,1.05773,3.62977,0.42336,0,0.42336,460.49,0,0.701672,0,0,0.91819,0.216518,1.028160,1,0,34.1337,0,0,0,34.1337,0
49.0735,2.81091,0,0,3.56378,0.219716,0.36288,3.6288,58.5488,0.66528,0,0,0.886737,0.217259,0,0.66528,12.849,1,0.738549,0.36288,0,54.2687,4.27256,49.6205,0.84672,12.849,0.84672,3695.15,0,0,0,1.24217,2.29874,3.10581,1.05773,5.58899,0.42336,0,0.42336,460.49,0,1.02816,0,0,2.27033,1.24217,1.028160,1,0,55.2095,0,0,0,55.2095,0
52.7943,2.81293,0,0,7.11673,0.22012,0.36288,3.6288,59.3727,0.66528,0,0,1.70648,0.217265,0,0.66528,12.849,1,0.736513,0.36288,0,100.037,4.27256,95.3907,0.84672,12.849,0.84672,3695.15,0,0,0,3.8947,2.29873,4.99671,1.05773,10.1324,0.42336,0,0.42336,460.49,0,1.02816,0,0,4.92286,3.8947,1.028160,1,0,105.523,0,0,0,105.523,0
58.5232,2.63967,0,0,8.97614,0.2447,0.36288,3.6288,59.5047,0.66528,0,0,1.01369,0.216453,0,0.66528,12.849,1,0.642438,0.36288,0,121.05,3.84601,116.924,0.84672,12.849,0.84672,3695.15,0,0,0,0.897584,2.29871,4.04677,1.07203,6.17104,0.42336,0,0.42336,460.49,0,1.02816,0,0,1.92574,0.897584,1.028160,1,0,123.095,0,0,0,123.095,0
62.9721,2.69122,0,0,7.76036,0.257327,0.36288,3.6288,59.5053,0.66528,0,0,0.905723,0.239744,0,0.66528,12.849,1,0.590868,0.36288,0,121.177,4.07883,116.87,0.84672,12.849,0.84672,3695.15,0,0,0,1.62385,2.08452,3.58598,1.09181,6.20255,0.42336,0,0.42336,460.49,0,1.02816,0,0,2.65201,1.62385,1.028160,1,0,123.073,0,0,0,123.073,0
66.5505,2.72587,0,0,6.93472,0.267603,0.36288,3.6288,59.5478,0.66528,0,0,0.947428,0.239745,0,0.66528,12.849,1,0.556194,0.36288,0,96.1295,4.07883,91.8574,0.84672,12.849,0.84672,3695.15,0,0,0,3.44713,2.08451,4.75944,1.09181,9.19927,0.42336,0,0.42336,460.49,0,1.02816,0,0,4.47529,3.44713,1.028160,1,0,101.057,0,0,0,101.057,0
70.2017,2.75092,0,0,7.04039,0.275422,0.36288,3.6288,59.6116,0.66528,0,0,0.96889,0.23981,0,0.66528,12.849,1,0.531124,0.36288,0,108.286,4.07883,104.039,0.84672,12.849,0.84672,3695.15,0,0,0,3.95784,2.0845,5.28129,1.09181,10.2318,0.42336,0,0.42336,460.49,0,1.02816,0,0,4.986,3.95784,1.028160,1,0,114.271,0,0,0,114.271,0
72.29,2.77425,0,0,6.85346,0.284849,1.70602,3.6288,59.3729,0.66528,0,0,0.667643,0.241061,0,0.66528,12.849,1,0.507771,1.70602,0,86.8475,4.06029,83.9854,0.84672,12.849,0.84672,3695.15,0,0,0,1.58636,2.08448,3.67201,1.11038,6.23248,0.42336,0,0.42336,460.49,0,1.02816,0,0,2.61452,1.58636,1.028160,1,0,90.2179,0,0,0,90.2179,0
72.29,2.87398,0,0,3.81377,0.291398,0.648395,3.6288,58.8237,0.810985,0,0,0.504084,0.242229,0,0.66528,12.849,1,0.510828,0.648395,0,43.6052,4.03557,39.7072,0.84672,12.849,0.84672,3695.15,0,0,0,0.412474,2.08447,2.78129,1.13514,4.14309,0.42336,0,0.42336,460.49,0,0.882455,0,0,1.29493,0.412474,1.028160,1,0,43.8503,0,0,0,43.8503,0
72.29,2.87394,0,0,4.99217,0.291398,1.82683,3.6288,58.675,0.66528,0,0,0.757909,0.241378,0,0.66528,12.849,1,0.510821,1.82683,0,60.9893,4.03557,58.2698,0.84672,12.849,0.84672,3695.15,0,0,0,0.591183,2.15123,3.38126,1.13514,4.98854,0.42336,0,0.42336,460.49,0,1.02816,0,0,1.61934,0.591183,1.028160,1,0,63.2583,0,0,0,63.2583,0
72.29,2.8739,0,0,3.68672,0.291398,0.521422,3.6288,58.6263,0.66528,0,0,0.857762,0.241147,0,0.66528,12.849,1,0.510814,0.521422,0,39.9031,4.03557,35.8781,0.84672,12.849,0.84672,3695.15,0,0,0,0.837052,2.1512,2.36013,1.13514,4.21324,0.42336,0,0.42336,460.49,0,1.02816,0,0,1.86521,0.837052,1.028160,1,0,40.0913,0,0,0,40.0913,0
71.3333,2.87386,0,0,2.57147,0.291398,0.36288,3.6288,58.0249,0.946616,0,0,0.586299,0.241072,0,0.66528,12.849,1,0.510807,0.36288,0,30.4017,4.03557,26.2182,0.84672,12.849,0.84672,3695.15,0,0,0,0.503194,2.15117,2.04725,1.13514,3.56647,0.42336,0,0.42336,460.49,0,0.746824,0,0,1.25002,0.503194,1.028160,1,0,29.7846,0,0,0,29.7846,0
71.33,3.14776,0,0,3.81421,0.306879,0.36288,3.6288,57.9499,0.66528,0,0,0.751817,0.161598,0,0.66528,12.849,1,0.566994,0.36288,0,48.1549,2.97685,44.9739,0.84672,12.849,0.84672,3695.15,0,0,0,0.638764,2.15114,3.14288,0.799917,5.13287,0.42336,0,0.42336,460.49,0,1.02816,0,0,1.66692,0.638764,1.028160,1,0,50.1068,0,0,0,50.1068,0
72.29,3.14769,0,0,5.0572,0.306871,0.642663,3.6288,57.8413,0.66528,0,0,0.718243,0.16152,0,0.66528,12.849,1,0.567008,0.642663,0,67.4409,2.97685,64.5397,0.84672,12.849,0.84672,3695.15,0,0,0,0.828058,2.39133,3.54496,0.799917,5.96442,0.42336,0,0.42336,460.49,0,1.02816,0,0,1.85622,0.828058,1.028160,1,0,70.5041,0,0,0,70.5041,0
72.29,3.15404,0,0,4.34285,0.309122,0.879686,3.6288,57.8453,0.66528,0,0,0.830719,0.161407,0,0.66528,12.849,1,0.560607,0.879686,0,56.5402,2.97685,53.8824,0.84672,12.849,0.84672,3695.15,0,0,0,0.668555,2.39129,3.44187,0.799917,5.70181,0.42336,0,0.42336,460.49,0,1.02816,0,0,1.69671,0.668555,1.028160,1,0,59.5842,0,0,0,59.5842,0
72.29,3.154,0,0,6.07741,0.290528,2.63288,3.6288,58.1756,0.66528,0,0,1.17653,0.181004,0,0.66528,12.849,1,0.5606,2.63288,0,85.0675,3.71125,83.4285,0.84672,12.849,0.84672,3695.15,0,0,0,1.0472,2.39126,6.92833,0.957189,9.4096,0.42336,0,0.42336,460.49,0,1.02816,0,0,2.07536,1.0472,1.028160,1,0,92.8381,0,0,0,92.8381,0
72.29,2.75417,0,0,6.20367,0.327602,3.12189,3.6288,58.8122,0.66528,0,0,1.43171,0.129862,0,0.66528,12.849,1,0.489534,3.12189,0,100.011,2.96236,99.6806,0.84672,12.849,0.84672,3695.15,0,0,0,2.09282,2.39123,8.32231,0.811899,11.9945,0.42336,0,0.42336,460.49,0,1.02816,0,0,3.12098,2.09282,1.028160,1,0,111.675,0,0,0,111.675,0
72.29,2.75414,0,0,7.28167,0.327602,4.19993,3.6288,59.369,0.66528,0,0,1.35252,0.130395,0,0.66528,12.849,1,0.489527,4.19993,0,86.6834,2.96236,87.4314,0.84672,12.849,0.84672,3695.15,0,0,0,1.94835,2.06363,7.61884,0.811899,10.8189,0.42336,0,0.42336,460.49,0,1.02816,0,0,2.97651,1.94835,1.028160,1,0,98.2504,0,0,0,98.2504,0
72.29,2.7541,0,0,5.8783,0.327602,2.7966,3.6288,59.5279,0.66528,0,0,0.955048,0.130862,0,0.66528,12.849,1,0.48952,2.7966,0,93.6887,2.96236,93.0334,0.84672,12.849,0.84672,3695.15,0,0,0,0.933068,2.0636,5.28485,0.811899,7.46962,0.42336,0,0.42336,460.49,0,1.02816,0,0,1.96123,0.933068,1.028160,1,0,100.503,0,0,0,100.503,0
72.29,2.75406,0,0,4.13817,0.327602,1.05651,3.6288,59.4091,0.66528,0,0,0.677487,0.130995,0,0.66528,12.849,1,0.489514,1.05651,0,83.2905,2.96236,80.8951,0.84672,12.849,0.84672,3695.15,0,0,0,0.665194,2.06357,5.07893,0.811899,6.9958,0.42336,0,0.42336,460.49,0,1.02816,0,0,1.69335,0.665194,1.028160,1,0,87.8909,0,0,0,87.8909,0
72.29,2.75402,0,0,5.56931,0.274321,2.54096,3.6288,59.2954,0.66528,0,0,0.692038,0.140507,0,0.66528,12.849,1,0.489507,2.54096,0,99.7678,3.13776,98.6815,0.84672,12.849,0.84672,3695.15,0,0,0,0.68618,2.06354,4.33769,0.891387,6.19602,0.42336,0,0.42336,460.49,0,1.02816,0,0,1.71434,0.68618,1.028160,1,0,104.878,0,0,0,104.878,0
72.29,2.85461,0,0,5.67683,0.293832,2.52838,3.6288,59.3702,0.66528,0,0,0.918899,0.178792,0,0.66528,12.849,1,0.507386,2.52838,0,80.1213,3.72708,78.4152,0.84672,12.849,0.84672,3695.15,0,0,0,1.09583,2.06352,2.94421,1.01676,5.08679,0.42336,0,0.42336,460.49,0,1.02816,0,0,2.12399,1.09583,1.028160,1,0,83.502,0,0,0,83.502,0
72.29,2.85457,0,0,5.28712,0.298406,2.13414,3.6288,59.5756,0.66528,0,0,1.04521,0.174521,0,0.66528,12.849,1,0.507379,2.13414,0,70.6216,3.61894,68.6295,0.84672,12.849,0.84672,3695.15,0,0,0,1.16124,2.14424,4.01727,0.996202,6.32655,0.42336,0,0.42336,460.49,0,1.02816,0,0,2.1894,1.16124,1.028160,1,0,74.956,0,0,0,74.956,0
72.29,2.85453,0,0,4.78238,0.275764,1.65208,3.6288,59.9594,0.66528,0,0,1.23019,0.181089,0,0.66528,12.849,1,0.507372,1.65208,0,67.5225,3.61796,65.0492,0.84672,12.849,0.84672,3695.15,0,0,0,1.53453,2.14421,3.364,0.992336,6.05041,0.42336,0,0.42336,460.49,0,1.02816,0,0,2.56269,1.53453,1.028160,1,0,71.0996,0,0,0,71.0996,0
72.29,2.85449,0,0,3.92507,0.270631,0.799949,3.6288,59.656,0.789921,0,0,0.67163,0.185138,0,0.66528,12.849,1,0.507365,0.799949,0,57.8782,3.73184,54.439,0.84672,12.849,0.84672,3695.15,0,0,0,0.528595,2.14418,2.17758,1.02941,3.82095,0.42336,0,0.42336,460.49,0,0.903519,0,0,1.43211,0.528595,1.028160,1,0,58.2599,0,0,0,58.2599,0
72.29,2.81511,0,0,3.55167,0.222486,0.51407,3.6288,59.6006,0.66528,0,0,0.815979,0.206103,0,0.66528,12.849,1,0.500365,0.51407,0,54.8419,3.97725,50.8783,0.84672,12.849,0.84672,3695.15,0,0,0,0.845424,2.14416,2.39647,1.08607,4.29998,0.42336,0,0.42336,460.49,0,1.02816,0,0,1.87358,0.845424,1.028160,1,0,55.1783,0,0,0,55.1783,0
72.29,2.81508,0,0,3.42268,0.180352,0.427247,3.6288,59.5635,0.66528,0,0,0.85358,0.225437,0,0.66528,12.849,1,0.500358,0.427247,0,52.5226,4.15023,48.2993,0.84672,12.849,0.84672,3695.15,0,0,0,0.923953,2.11271,2.54469,1.0964,4.48495,0.42336,0,0.42336,460.49,0,1.02816,0,0,1.95211,0.923953,1.028160,1,0,52.7843,0,0,0,52.7843,0
72.1023,2.81504,0,0,3.17053,0.180352,0.36288,3.6288,59.465,0.66528,0,0,0.792253,0.225384,0,0.66528,12.849,1,0.500352,0.36288,0,47.9252,4.15023,43.6375,0.84672,12.849,0.84672,3695.15,0,0,0,0.803632,2.11268,2.49747,1.0964,4.31738,0.42336,0,0.42336,460.49,0,1.02816,0,0,1.83179,0.803632,1.028160,1,0,47.9549,0,0,0,47.9549,0
72.0564,2.81389,0,0,3.31055,0.179629,0.36288,3.6288,59.4473,0.66528,0,0,0.865909,0.218341,0,0.66528,12.849,1,0.501451,0.36288,0,49.7125,3.94419,45.6297,0.84672,12.849,0.84672,3695.15,0,0,0,0.710329,2.11265,2.32049,1.10558,4.03788,0.42336,0,0.42336,460.49,0,1.02816,0,0,1.73849,0.710329,1.028160,1,0,49.6676,0,0,0,49.6676,0
71.3949,2.94705,0,0,2.8212,0.172807,0.36288,3.6288,59.3673,0.66528,0,0,0.822122,0.23686,0,0.66528,12.849,1,0.525514,0.36288,0,41.0494,4.07385,36.8129,0.84672,12.849,0.84672,3695.15,0,0,0,0.843022,2.11262,2.18618,1.18502,3.95681,0.42336,0,0.42336,460.49,0,1.02816,0,0,1.87118,0.843022,1.028160,1,0,40.7697,0,0,0,40.7697,0
70.6351,2.94289,0,0,2.71702,0.17101,0.36288,3.6288,59.2462,0.66528,0,0,0.786828,0.242702,0,0.66528,12.849,1,0.529634,0.36288,0,37.6692,4.18131,33.3211,0.84672,12.849,0.84672,3695.15,0,0,0,0.694043,2.22269,2.01333,1.19443,3.73563,0.42336,0,0.42336,460.49,0,1.02816,0,0,1.7222,0.694043,1.028160,1,0,37.0568,0,0,0,37.0568,0
69.5882,2.93803,0,0,2.40268,0.148695,0.36288,3.6288,59.0629,0.66528,0,0,0.738513,0.256494,0,0.66528,12.849,1,0.534447,0.36288,0,33.4854,4.34196,28.9719,0.84672,12.849,0.84672,3695.15,0,0,0,0.596799,2.22266,1.96609,1.23547,3.55008,0.42336,0,0.42336,460.49,0,1.02816,0,0,1.62496,0.596799,1.028160,1,0,32.522,0,0,0,32.522,0
68.4491,2.9312,0,0,2.27432,0.119296,0.36288,3.6288,58.8314,0.66528,0,0,0.708549,0.274812,0,0.66528,12.849,1,0.541226,0.36288,0,30.9734,4.55616,26.2389,0.84672,12.849,0.84672,3695.15,0,0,0,0.510745,2.22263,1.91402,1.2902,3.35719,0.42336,0,0.42336,460.49,0,1.02816,0,0,1.5389,0.510745,1.028160,1,0,29.596,0,0,0,29.596,0
67.4487,2.92358,0,0,2.3858,0.0997673,0.36288,3.6288,58.6183,0.66528,0,0,0.7243,0.27203,0,0.66528,12.849,1,0.548802,0.36288,0,34.8354,4.83762,29.8119,0.84672,12.849,0.84672,3695.15,0,0,0,0.511237,2.2226,2.39926,1.28544,3.84766,0.42336,0,0.42336,460.49,0,1.02816,0,0,1.5394,0.511237,1.028160,1,0,33.6596,0,0,0,33.6596,0
66.5444,2.89058,0,0,2.43435,0.0852384,0.36288,3.6288,58.443,0.66528,0,0,0.759776,0.26988,0,0.66528,12.849,1,0.550656,0.36288,0,35.685,5.04871,30.4485,0.84672,12.849,0.84672,3695.15,0,0,0,0.634599,2.22257,2.78465,1.28186,4.35995,0.42336,0,0.42336,460.49,0,1.02816,0,0,1.66276,0.634599,1.028160,1,0,34.8085,0,0,0,34.8085,0
65.6361,2.88426,0,0,2.4235,0.0846312,0.36288,3.6288,58.2391,0.66528,0,0,0.731004,0.269575,0,0.66528,12.849,1,0.55692,0.36288,0,33.6715,5.04871,28.4288,0.84672,12.849,0.84672,3695.15,0,0,0,0.673479,2.26102,2.94856,1.28186,4.6012,0.42336,0,0.42336,460.49,0,1.02816,0,0,1.70164,0.673479,1.028160,1,0,33.03,0,0,0,33.03,0
64.6309,2.87778,0,0,2.30587,0.0703944,0.36288,3.6288,57.9954,0.66528,0,0,0.713612,0.292086,0,0.66528,12.849,1,0.563358,0.36288,0,31.7375,5.37447,26.1625,0.84672,12.849,0.84672,3695.15,0,0,0,0.65029,2.26099,2.86629,1.39211,4.38546,0.42336,0,0.42336,460.49,0,1.02816,0,0,1.67845,0.65029,1.028160,1,0,30.548,0,0,0,30.548,0
63.2914,2.87043,0,0,1.95104,0.0571947,0.36288,3.6288,57.6492,0.66528,0,0,0.632512,0.313415,0,0.66528,12.849,1,0.570659,0.36288,0,28.7203,6.00196,22.5106,0.84672,12.849,0.84672,3695.15,0,0,0,0.413865,2.26096,2.76764,1.58799,3.85448,0.42336,0,0.42336,460.49,0,1.02816,0,0,1.44202,0.413865,1.028160,1,0,26.365,0,0,0,26.365,0
61.7765,2.92711,0,0,1.82775,0.0526851,0.36288,3.6288,56.7259,1.07253,0,0,0.468077,0.318792,0,0.66528,12.849,1,0.594242,0.36288,0,26.5741,6.00285,20.3399,0.84672,12.849,0.84672,3695.15,0,0,0,0.261274,2.26093,2.26302,1.51061,3.27462,0.42336,0,0.42336,460.49,0,0.620914,0,0,0.882187,0.261274,1.028160,1,0,23.6145,0,0,0,23.6145,0
60.2294,2.91501,0,0,1.78285,0.0520351,0.36288,3.6288,55.8465,0.993816,0,0,0.431267,0.316887,0,0.66528,12.849,1,0.606297,0.36288,0,26.54,6.00285,20.2937,0.84672,12.849,0.84672,3695.15,0,0,0,0.261274,2.31544,2.42499,1.51061,3.49109,0.42336,0,0.42336,460.49,0,0.699624,0,0,0.960898,0.261274,1.028160,1,0,23.7848,0,0,0,23.7848,0
58.5814,2.90213,0,0,1.66833,0.0513664,0.36288,3.6288,54.8956,1.03506,0,0,0.399199,0.315073,0,0.66528,12.849,1,0.619124,0.36288,0,23.9592,6.00285,17.7001,0.84672,12.849,0.84672,3695.15,0,0,0,0.261274,2.31541,2.16429,1.51061,3.23036,0.42336,0,0.42336,460.49,0,0.658377,0,0,0.91965,0.261274,1.028160,1,0,20.9304,0,0,0,20.9304,0
56.8118,2.88781,0,0,1.53161,0.0505586,0.36288,3.6288,53.9005,1.07674,0,0,0.394815,0.313111,0,0.66528,12.849,1,0.6334,0.36288,0,21.9014,6.00285,15.6281,0.84672,12.849,0.84672,3695.15,0,0,0,0.227405,2.31537,2.11675,1.51061,3.14892,0.42336,0,0.42336,460.49,0,0.616697,0,0,0.844102,0.227405,1.028160,1,0,18.777,0,0,0,18.777,0
54.6754,3.06346,0,0,1.34245,0.0524988,0.36288,3.6288,52.7514,1.17218,0,0,0.34259,0.31957,0,0.66528,12.849,1,0.692857,0.36288,0,17.2925,6.00923,10.9533,0.84672,12.849,0.84672,3695.15,0,0,0,0.227405,2.31534,2.11237,1.5125,3.14261,0.42336,0,0.42336,460.49,0,0.521257,0,0,0.748662,0.227405,1.028160,1,0,14.0959,0,0,0,14.0959,0
52.435,3.0415,0,0,1.22242,0.0583942,0.36288,3.6288,51.5157,1.25905,0,0,0.34,0.316631,0,0.66528,12.849,1,0.714769,0.36288,0,18.78,5.90709,12.521,0.84672,12.849,0.84672,3695.15,0,0,0,0.227405,2.50191,1.72487,1.49235,2.96184,0.42336,0,0.42336,460.49,0,0.434391,0,0,0.661795,0.227405,1.028160,1,0,15.4828,0,0,0,15.4828,0
49.9802,3.01693,0,0,0.982048,0.0570759,0.36288,3.6288,49.9867,1.4614,0,0,0.24592,0.313495,0,0.66528,12.849,1,0.739288,0.36288,0,18.351,5.90709,12.0675,0.84672,12.849,0.84672,3695.15,0,0,0,0.227405,2.50187,1.38469,1.49235,2.62162,0.42336,0,0.42336,460.49,0,0.232043,0,0,0.459448,0.227405,1.028160,1,0,14.6891,0,0,0,14.6891,0
47.7967,2.98801,0,0,1.22302,0.0556315,0.36288,3.6288,49.0686,1.02877,0,0,0.420318,0.309614,0,0.66528,12.849,1,0.768162,0.36288,0,16.7604,5.90709,10.448,0.84672,12.849,0.84672,3695.15,0,0,0,0.204422,2.50184,2.14099,1.49235,3.35491,0.42336,0,0.42336,460.49,0,0.664669,0,0,0.869092,0.204422,1.028160,1,0,13.8029,0,0,0,13.8029,0
45.4735,2.96031,0,0,1.03195,0.0319253,0.36288,3.6288,47.921,1.16629,0,0,0.312629,0.293954,0,0.66528,12.849,1,0.795809,0.36288,0,16.0633,5.50529,10.1251,0.84672,12.849,0.84672,3695.15,0,0,0,0.204422,2.50181,1.62056,1.32309,3.0037,0.42336,0,0.42336,460.49,0,0.527145,0,0,0.731568,0.204422,1.028160,1,0,13.1288,0,0,0,13.1288,0
43.2865,2.83922,0,0,1.08191,0.0668406,0.36288,3.6288,47.0131,0.995207,0,0,0.345752,0.258416,0,0.66528,12.849,1,0.802249,0.36288,0,17.7948,4.67331,12.6821,0.84672,12.849,0.84672,3695.15,0,0,0,0.204422,2.50177,1.075,1.19619,2.585,0.42336,0,0.42336,460.49,0,0.698233,0,0,0.902655,0.204422,1.028160,1,0,15.2671,0,0,0,15.2671,0
41.2375,2.80792,0,0,1.23147,0.10963,0.36288,3.6288,46.6004,0.67335,0,0,0.499984,0.239397,0,0.66528,12.849,1,0.833493,0.36288,0,17.5286,4.15118,12.9068,0.84672,12.849,0.84672,3695.15,0,0,0,0.204422,2.39376,1.50007,1.09947,2.99878,0.42336,0,0.42336,460.49,0,1.02009,0,0,1.22451,0.204422,1.028160,1,0,15.9056,0,0,0,15.9056,0
39.1635,2.77631,0,0,1.17225,0.107046,0.36288,3.6288,46.0866,0.761676,0,0,0.486484,0.23854,0,0.66528,12.849,1,0.865057,0.36288,0,22.3129,4.15118,17.6595,0.84672,12.849,0.84672,3695.15,0,0,0,0.216518,2.39373,1.48511,1.09947,2.99589,0.42336,0,0.42336,460.49,0,0.931764,0,0,1.14828,0.216518,1.028160,1,0,20.6554,0,0,0,20.6554,0
37.2721,2.74178,0,0,1.3177,0.104466,0.36288,3.6288,45.8228,0.66528,0,0,0.638861,0.237411,0,0.66528,12.849,1,0.899538,0.36288,0,44.2439,4.15118,39.5561,0.84672,12.849,0.84672,3695.15,0,0,0,0.378959,2.39369,1.9725,1.09947,3.64569,0.42336,0,0.42336,460.49,0,1.02816,0,0,1.40712,0.378959,1.028160,1,0,43.2017,0,0,0,43.2017,0
35.5683,2.63785,0,0,1.42696,0.130058,0.36288,3.6288,45.6882,0.679121,0,0,0.679749,0.135275,0,0.66528,12.849,1,0.909358,0.36288,0,31.866,3.8976,27.422,0.84672,12.849,0.84672,3695.15,0,0,0,0.216518,2.39366,2.71756,0.78587,4.54187,0.42336,0,0.42336,460.49,0,1.01432,0,0,1.23084,0.216518,1.028160,1,0,31.9638,0,0,0,31.9638,0
34.1491,2.60581,0,0,1.67694,0.127442,0.36288,3.6288,46.0098,0.66528,0,0,1.12205,0.135106,0,0.66528,12.849,1,0.941345,0.36288,0,34.497,3.8976,30.0209,0.84672,12.849,0.84672,3695.15,0,0,0,1.27129,2.29727,3.30274,0.78587,6.08543,0.42336,0,0.42336,460.49,0,1.02816,0,0,2.29945,1.27129,1.028160,1,0,36.1064,0,0,0,36.1064,0
32.2784,2.57735,0,0,1.20941,0.139834,0.36288,3.6288,45.9465,0.66528,0,0,0.743662,0.14167,0,0.66528,12.849,1,0.969758,0.36288,0,30.851,4.01358,26.2306,0.84672,12.849,0.84672,3695.15,0,0,0,0.576489,2.29724,3.36033,0.812947,5.42111,0.42336,0,0.42336,460.49,0,1.02816,0,0,1.60465,0.576489,1.028160,1,0,31.6517,0,0,0,31.6517,0
