0volume,0demand,0up_spill,0ww_inflow,0catch_inflow,0evap,0ds_spill,0treat_cap,1volume,1demand,1up_spill,1ww_inflow,1catch_inflow,1evap,1ds_spill,1treat_cap,2volume,2s_area,2demand,2up_spill,2ww_inflow,2catch_inflow,2evap,2ds_spill,2treat_cap,2valloc_0,2talloc_0,2valloc_1,2talloc_1,3volume,3demand,3up_spill,3ww_inflow,3catch_inflow,3evap,3ds_spill,3treat_cap,3valloc_1,3talloc_1,3valloc_2,3talloc_2,4demand,4up_spill,4ww_inflow,4catch_inflow,4ds_spill,4treat_cap,11volume,11s_area,11demand,11up_spill,11ww_inflow,11catch_inflow,11evap,11ds_spill,11treat_cap
72.29,2.09704,0,0,11.914,0.270566,9.54635,3.6288,61.308,0,0,0,3.3606,0.199499,3.1611,0.66528,12.849,1,0.372733,9.54635,0,184.416,4.29524,189.294,0.84672,12.849,0.84672,3695.15,0,0,0,3.45981,0,14.7351,0.945592,17.2493,0.42336,0,0.42336,460.49,0,1.43262,0,0,4.89243,3.45981,1.028160,1,0,209.704,0,0,0,209.704,0
72.29,2.09755,0,0,8.19331,0.289509,5.80625,3.6288,61.308,0.404807,0,0,1.92679,0.217169,1.30481,0.66528,12.849,1,0.372824,5.80625,0,148.466,4.63071,149.269,0.84672,12.849,0.84672,3695.15,0,0,0,2.15762,1.56967,9.30649,0.994836,12.0389,0.42336,0,0.42336,460.49,0,1.02816,0,0,3.18578,2.15762,1.028160,1,0,162.613,0,0,0,162.613,0
72.29,2.09807,0,0,10.7371,0.289509,8.34953,3.6288,61.308,0.405158,0,0,2.41744,0.217169,1.79511,0.66528,12.849,1,0.372915,8.34953,0,175.98,4.63071,179.325,0.84672,12.849,0.84672,3695.15,0,0,0,2.95935,1.57006,10.6246,0.994836,14.1592,0.42336,0,0.42336,460.49,0,1.02816,0,0,3.98751,2.95935,1.028160,1,0,195.28,0,0,0,195.28,0
72.29,2.09858,0,0,8.76303,0.289509,6.37495,3.6288,61.308,0.405508,0,0,2.41613,0.217169,1.79346,0.66528,12.849,1,0.373007,6.37495,0,172.502,4.63071,173.873,0.84672,12.849,0.84672,3695.15,0,0,0,2.90155,1.57044,10.8491,0.994836,14.3262,0.42336,0,0.42336,460.49,0,1.02816,0,0,3.92971,2.90155,1.028160,1,0,189.993,0,0,0,189.993,0
72.29,2.30383,0,0,5.67124,0.313848,3.05355,3.6288,61.308,0.574469,0,0,1.82138,0.208864,1.03805,0.66528,12.849,1,0.409489,3.05355,0,126.546,4.54662,124.643,0.84672,12.849,0.84672,3695.15,0,0,0,2.43206,1.57083,10.4666,1.22117,13.2483,0.42336,0,0.42336,460.49,0,1.02816,0,0,3.46022,2.43206,1.028160,1,0,138.93,0,0,0,138.93,0
72.29,2.3044,0,0,6.55029,0.29704,3.94886,3.6288,61.308,0.574861,0,0,1.87219,0.212006,1.08533,0.66528,12.849,1,0.409589,3.94886,0,116.589,4.38385,115.744,0.84672,12.849,0.84672,3695.15,0,0,0,2.53289,1.74667,10.4223,1.21709,13.4847,0.42336,0,0.42336,460.49,0,1.02816,0,0,3.56105,2.53289,1.028160,1,0,130.315,0,0,0,130.315,0
72.29,2.30496,0,0,4.64345,0.305404,2.03308,3.6288,61.308,0.575254,0,0,1.72226,0.19227,0.95474,0.66528,12.849,1,0.409689,2.03308,0,129.641,4.12164,127.143,0.84672,12.849,0.84672,3695.15,0,0,0,2.16623,1.7471,8.83215,1.16126,11.5842,0.42336,0,0.42336,460.49,0,1.02816,0,0,3.19439,2.16623,1.028160,1,0,139.682,0,0,0,139.682,0
72.29,2.30552,0,0,6.9389,0.316557,4.31682,3.6288,61.308,0.575646,0,0,1.95488,0.165955,1.21328,0.66528,12.849,1,0.40979,4.31682,0,166.736,3.77202,166.871,0.84672,12.849,0.84672,3695.15,0,0,0,2.67302,1.74752,10.5252,1.08683,13.859,0.42336,0,0.42336,460.49,0,1.02816,0,0,3.70118,2.67302,1.028160,1,0,181.943,0,0,0,181.943,0
72.29,2.01378,0,0,6.40023,0.318153,4.0683,3.6288,61.308,0.34954,0,0,1.67928,0.134318,1.19542,0.66528,12.849,1,0.357934,4.0683,0,141.842,3.02916,142.523,0.84672,12.849,0.84672,3695.15,0,0,0,3.12222,1.74795,11.391,0.933408,15.3277,0.42336,0,0.42336,460.49,0,1.02816,0,0,4.15038,3.12222,1.028160,1,0,159.046,0,0,0,159.046,0
72.29,2.01427,0,0,4.73971,0.319351,2.40609,3.6288,61.308,0.349877,0,0,0.962436,0.11059,0.501968,0.66528,12.849,1,0.358021,2.40609,0,127.903,2.47201,127.479,0.84672,12.849,0.84672,3695.15,0,0,0,1.93863,1.50887,8.66203,0.818338,11.2912,0.42336,0,0.42336,460.49,0,1.02816,0,0,2.96679,1.93863,1.028160,1,0,139.272,0,0,0,139.272,0
72.29,2.01476,0,0,5.76679,0.293375,3.45865,3.6288,61.308,0.350214,0,0,1.05113,0.1047,0.596211,0.66528,12.849,1,0.358109,3.45865,0,145.772,2.47888,146.394,0.84672,12.849,0.84672,3695.15,0,0,0,2.33527,1.50924,7.95338,0.835389,10.9625,0.42336,0,0.42336,460.49,0,1.02816,0,0,3.36343,2.33527,1.028160,1,0,157.953,0,0,0,157.953,0
72.29,2.01526,0,0,5.36436,0.293929,3.05518,3.6288,61.308,0.350551,0,0,1.17222,0.137409,0.684262,0.66528,12.849,1,0.358196,3.05518,0,117.955,3.71744,116.935,0.84672,12.849,0.84672,3695.15,0,0,0,2.87341,1.50961,8.5117,1.04985,11.8449,0.42336,0,0.42336,460.49,0,1.02816,0,0,3.90157,2.87341,1.028160,1,0,129.464,0,0,0,129.464,0
72.29,2.01575,0,0,7.04042,0.29671,4.72797,3.6288,61.308,0.350889,0,0,1.7639,0.111189,1.30182,0.66528,12.849,1,0.358284,4.72797,0,107.521,3.31274,108.578,0.84672,12.849,0.84672,3695.15,0,0,0,2.7467,1.50998,8.0784,0.908691,11.4264,0.42336,0,0.42336,460.49,0,1.02816,0,0,3.77486,2.7467,1.028160,1,0,121.307,0,0,0,121.307,0
72.29,2.08991,0,0,11.4167,0.337128,8.98968,3.6288,61.308,0.406704,0,0,1.9941,0.140814,1.44659,0.66528,12.849,1,0.371466,8.98968,0,220.396,2.2954,226.719,0.84672,12.849,0.84672,3695.15,0,0,0,3.5752,1.51035,16.1598,0.83426,20.4111,0.42336,0,0.42336,460.49,0,1.02816,0,0,4.60336,3.5752,1.028160,1,0,248.577,0,0,0,248.577,0
72.29,2.09042,0,0,9.08194,0.295695,6.69582,3.6288,61.308,0.407055,0,0,1.66004,0.131506,1.12148,0.66528,12.849,1,0.371557,6.69582,0,150.525,2.71205,154.137,0.84672,12.849,0.84672,3695.15,0,0,0,3.02601,1.56984,11.15,0.915173,14.8307,0.42336,0,0.42336,460.49,0,1.02816,0,0,4.05417,3.02601,1.028160,1,0,170.09,0,0,0,170.09,0
72.29,2.09093,0,0,6.86664,0.295695,4.48001,3.6288,61.308,0.407406,0,0,1.31644,0.131506,0.777531,0.66528,12.849,1,0.371648,4.48001,0,126.695,2.71205,128.092,0.84672,12.849,0.84672,3695.15,0,0,0,2.55938,1.57022,9.03165,0.915173,12.2461,0.42336,0,0.42336,460.49,0,1.02816,0,0,3.58754,2.55938,1.028160,1,0,141.115,0,0,0,141.115,0
72.29,2.09145,0,0,6.40907,0.295695,4.02192,3.6288,61.308,0.407757,0,0,1.59937,0.131506,1.0601,0.66528,12.849,1,0.371739,4.02192,0,123.765,2.71205,124.703,0.84672,12.849,0.84672,3695.15,0,0,0,2.52719,1.57061,11.3151,0.915173,14.4977,0.42336,0,0.42336,460.49,0,1.02816,0,0,3.55535,2.52719,1.028160,1,0,140.261,0,0,0,140.261,0
72.29,2.06312,0,0,5.48379,0.253629,3.16704,3.6288,61.308,0.386541,0,0,1.23034,0.176041,0.667763,0.66528,12.849,1,0.366705,3.16704,0,103.535,3.66821,102.667,0.84672,12.849,0.84672,3695.15,0,0,0,1.93888,1.57099,8.05956,1.00362,10.5658,0.42336,0,0.42336,460.49,0,1.02816,0,0,2.96704,1.93888,1.028160,1,0,113.901,0,0,0,113.901,0
72.29,2.06363,0,0,5.005,0.246618,2.69475,3.6288,61.308,0.386887,0,0,1.10231,0.183464,0.531958,0.66528,12.849,1,0.366795,2.69475,0,102.112,3.82757,100.612,0.84672,12.849,0.84672,3695.15,0,0,0,1.73423,1.54835,7.4958,1.01836,9.76002,0.42336,0,0.42336,460.49,0,1.02816,0,0,2.76239,1.73423,1.028160,1,0,110.904,0,0,0,110.904,0
72.29,2.06413,0,0,4.53603,0.246618,2.22527,3.6288,61.308,0.387233,0,0,0.956578,0.183464,0.385881,0.66528,12.849,1,0.366884,2.22527,0,91.8233,3.82757,89.8542,0.84672,12.849,0.84672,3695.15,0,0,0,1.47627,1.54873,6.74862,1.01836,8.75524,0.42336,0,0.42336,460.49,0,1.02816,0,0,2.50443,1.47627,1.028160,1,0,98.9953,0,0,0,98.9953,0
72.29,2.06464,0,0,4.29134,0.22207,2.00463,3.6288,61.308,0.387579,0,0,0.879543,0.190656,0.301308,0.66528,12.849,1,0.366974,2.00463,0,85.2206,3.91486,82.9434,0.84672,12.849,0.84672,3695.15,0,0,0,1.17062,1.54911,6.44475,0.97532,8.18915,0.42336,0,0.42336,460.49,0,1.02816,0,0,2.19878,1.17062,1.028160,1,0,91.4339,0,0,0,91.4339,0
72.29,2.16311,0,0,4.1278,0.204379,1.76031,3.6288,61.308,0.464487,0,0,0.857762,0.176837,0.216438,0.66528,12.849,1,0.384476,1.76031,0,82.4412,3.92791,79.8891,0.84672,12.849,0.84672,3695.15,0,0,0,1.13947,1.54948,6.09876,0.92719,7.86052,0.42336,0,0.42336,460.49,0,1.02816,0,0,2.16763,1.13947,1.028160,1,0,87.966,0,0,0,87.966,0
72.29,2.16364,0,0,3.87005,0.197071,1.50935,3.6288,61.308,0.464852,0,0,0.847765,0.16631,0.216603,0.66528,12.849,1,0.38457,1.50935,0,69.1546,3.84446,66.4349,0.84672,12.849,0.84672,3695.15,0,0,0,1.03238,1.63064,5.39528,0.834508,7.2238,0.42336,0,0.42336,460.49,0,1.02816,0,0,2.06054,1.03238,1.028160,1,0,73.8753,0,0,0,73.8753,0
72.29,2.16417,0,0,3.59018,0.138401,1.28761,3.6288,61.308,0.465218,0,0,0.859421,0.186029,0.208174,0.66528,12.849,1,0.384664,1.28761,0,62.2147,4.15601,58.9616,0.84672,12.849,0.84672,3695.15,0,0,0,0.889272,1.63104,4.95609,0.936447,6.53995,0.42336,0,0.42336,460.49,0,1.02816,0,0,1.91743,0.889272,1.028160,1,0,65.7097,0,0,0,65.7097,0
72.29,2.1647,0,0,3.452,0.138401,1.1489,3.6288,61.308,0.465583,0,0,0.784339,0.186029,0.132727,0.66528,12.849,1,0.384759,1.1489,0,57.0485,4.15601,53.6567,0.84672,12.849,0.84672,3695.15,0,0,0,0.699114,1.63143,4.60624,0.936447,6.00035,0.42336,0,0.42336,460.49,0,1.02816,0,0,1.72727,0.699114,1.028160,1,0,59.7897,0,0,0,59.7897,0
72.29,2.16523,0,0,3.27425,0.13918,0.969842,3.6288,61.308,0.465949,0,0,0.716377,0.191815,0.0586137,0.66528,12.849,1,0.384853,0.969842,0,52.0311,4.1536,48.4625,0.84672,12.849,0.84672,3695.15,0,0,0,0.576141,1.63183,4.26114,0.945976,5.52314,0.42336,0,0.42336,460.49,0,1.02816,0,0,1.6043,0.576141,1.028160,1,0,54.0443,0,0,0,54.0443,0
72.29,2.14636,0,0,2.99094,0.143849,0.700734,3.6288,61.2639,0.508445,0,0,0.690872,0.226526,0,0.66528,12.849,1,0.381499,0.700734,0,44.4872,4.13921,40.6672,0.84672,12.849,0.84672,3695.15,0,0,0,0.480021,1.63223,3.82506,1.00315,4.93416,0.42336,0,0.42336,460.49,0,1.02816,0,0,1.50818,0.480021,1.028160,1,0,45.6014,0,0,0,45.6014,0
72.29,2.14689,0,0,2.73351,0.143849,0.44278,3.6288,61.1742,0.509357,0,0,0.646073,0.226463,0,0.66528,12.849,1,0.381593,0.44278,0,41.8444,4.13921,37.7664,0.84672,12.849,0.84672,3695.15,0,0,0,0.261274,1.6609,3.63984,1.00315,4.55887,0.42336,0,0.42336,460.49,0,1.02762,0,0,1.2889,0.261274,1.028160,1,0,42.3252,0,0,0,42.3252,0
72.1684,2.14741,0,0,2.51353,0.124808,0.36288,3.6288,61.007,0.509197,0,0,0.612224,0.270174,0,0.66528,12.849,1,0.381686,0.36288,0,37.4649,4.7038,32.7423,0.84672,12.849,0.84672,3695.15,0,0,0,0.261585,1.66131,3.46565,1.20924,4.1793,0.42336,0,0.42336,460.49,0,1.02816,0,0,1.28974,0.261585,1.028160,1,0,36.9216,0,0,0,36.9216,0
71.9044,2.14739,0,0,2.3567,0.110426,0.36288,3.6288,60.738,0.541005,0,0,0.574684,0.302732,0,0.66528,12.849,1,0.382325,0.36288,0,33.6723,5.12726,28.5256,0.84672,12.849,0.84672,3695.15,0,0,0,0.261274,1.66171,3.33949,1.36381,3.89867,0.42336,0,0.42336,460.49,0,0.996728,0,0,1.258,0.261274,1.028160,1,0,32.4243,0,0,0,32.4243,0
71.344,2.19682,0,0,2.10276,0.103464,0.36288,3.6288,59.9726,0.949415,0,0,0.491305,0.307275,0,0.66528,12.849,1,0.392563,0.36288,0,31.6679,5.54786,26.0904,0.84672,12.849,0.84672,3695.15,0,0,0,0.261274,1.66212,2.66539,1.4152,3.17359,0.42336,0,0.42336,460.49,0,0.626279,0,0,0.887553,0.261274,1.028160,1,0,29.264,0,0,0,29.264,0
70.7119,2.19475,0,0,2.02584,0.100338,0.36288,3.6288,59.0622,1.06957,0,0,0.466978,0.307796,0,0.66528,12.849,1,0.395272,0.36288,0,29.375,5.7161,23.6266,0.84672,12.849,0.84672,3695.15,0,0,0,0.261274,1.70263,2.49053,1.43575,3.01868,0.42336,0,0.42336,460.49,0,0.506511,0,0,0.767785,0.261274,1.028160,1,0,26.6452,0,0,0,26.6452,0
69.8509,2.19229,0,0,1.79402,0.0998535,0.36288,3.6288,58.1056,1.08911,0,0,0.43852,0.30601,0,0.66528,12.849,1,0.39836,0.36288,0,27.6767,5.7161,21.9251,0.84672,12.849,0.84672,3695.15,0,0,0,0.227405,1.70305,2.46628,1.43575,2.96098,0.42336,0,0.42336,460.49,0,0.487356,0,0,0.714761,0.227405,1.028160,1,0,24.8861,0,0,0,24.8861,0
68.8298,2.18868,0,0,1.62966,0.0991933,0.36288,3.6288,57.0924,1.13567,0,0,0.426637,0.304133,0,0.66528,12.849,1,0.402606,0.36288,0,26.0532,5.7161,20.2974,0.84672,12.849,0.84672,3695.15,0,0,0,0.227405,1.70347,2.37825,1.43575,2.87336,0.42336,0,0.42336,460.49,0,0.441184,0,0,0.668589,0.227405,1.028160,1,0,23.1708,0,0,0,23.1708,0
67.4269,2.33006,0,0,1.37361,0.0835505,0.36288,3.6288,55.878,1.29847,0,0,0.403086,0.319058,0,0.66528,12.849,1,0.43497,0.36288,0,22.3069,6.00175,16.2331,0.84672,12.849,0.84672,3695.15,0,0,0,0.227405,1.70388,2.38536,1.46259,2.85406,0.42336,0,0.42336,460.49,0,0.394966,0,0,0.622371,0.227405,1.028160,1,0,19.0871,0,0,0,19.0871,0
65.7325,2.32302,0,0,1.09148,0.100017,0.36288,3.6288,54.3549,1.51309,0,0,0.290441,0.300417,0,0.66528,12.849,1,0.44268,0.36288,0,14.1944,5.808,8.3066,0.84672,12.849,0.84672,3695.15,0,0,0,0.227405,1.84165,1.89484,1.43804,2.52585,0.42336,0,0.42336,460.49,0,0.18035,0,0,0.407755,0.227405,1.028160,1,0,10.8325,0,0,0,10.8325,0
64.1697,2.31404,0,0,1.21034,0.0962439,0.36288,3.6288,53.0138,1.39475,0,0,0.346817,0.293224,0,0.66528,12.849,1,0.452336,0.36288,0,17.0177,5.84136,11.0869,0.84672,12.849,0.84672,3695.15,0,0,0,0.204422,1.8421,1.89552,1.44901,2.49304,0.42336,0,0.42336,460.49,0,0.298693,0,0,0.503116,0.204422,1.028160,1,0,13.5799,0,0,0,13.5799,0
62.366,2.30543,0,0,0.959662,0.0950429,0.36288,3.6288,51.4638,1.51999,0,0,0.260315,0.290311,0,0.66528,12.849,1,0.461627,0.36288,0,18.6861,5.84136,12.746,0.84672,12.849,0.84672,3695.15,0,0,0,0.204422,1.84255,1.52196,1.44901,2.11993,0.42336,0,0.42336,460.49,0,0.173445,0,0,0.377868,0.204422,1.028160,1,0,14.8659,0,0,0,14.8659,0
60.7809,2.29492,0,0,1.16642,0.0936567,0.36288,3.6288,50.3242,1.27138,0,0,0.41851,0.286711,0,0.66528,12.849,1,0.472813,0.36288,0,16.2886,5.84136,10.3374,0.84672,12.849,0.84672,3695.15,0,0,0,0.204422,1.84301,2.19298,1.44901,2.79139,0.42336,0,0.42336,460.49,0,0.422062,0,0,0.626485,0.204422,1.028160,1,0,13.1287,0,0,0,13.1287,0
59.6055,2.21557,0,0,1.44987,0.0468595,0.36288,3.6288,49.5455,0.925387,0,0,0.483202,0.336479,0,0.66528,12.849,1,0.468369,0.36288,0,20.6312,6.11553,14.4102,0.84672,12.849,0.84672,3695.15,0,0,0,0.204422,1.84346,2.48058,1.49152,3.03694,0.42336,0,0.42336,460.49,0,0.707219,0,0,0.911641,0.204422,1.028160,1,0,17.4471,0,0,0,17.4471,0
58.3143,2.20852,0,0,1.43459,0.154411,0.36288,3.6288,49.0808,0.783218,0,0,0.583898,0.265393,0,0.66528,12.849,1,0.476084,0.36288,0,18.8886,4.25618,14.5192,0.84672,12.849,0.84672,3695.15,0,0,0,0.216518,1.76432,2.83025,1.03361,3.77748,0.42336,0,0.42336,460.49,0,0.849787,0,0,1.06631,0.216518,1.028160,1,0,18.2967,0,0,0,18.2967,0
57.1414,2.20042,0,0,1.55393,0.163495,0.36288,3.6288,48.7705,0.739147,0,0,0.696928,0.268068,0,0.66528,12.849,1,0.484841,0.36288,0,20.726,4.32127,16.2827,0.84672,12.849,0.84672,3695.15,0,0,0,0.216518,1.76475,3.24418,1.07088,4.15457,0.42336,0,0.42336,460.49,0,0.894257,0,0,1.11078,0.216518,1.028160,1,0,20.4373,0,0,0,20.4373,0
56.006,2.19283,0,0,1.5819,0.161631,0.36288,3.6288,48.5517,0.664042,0,0,0.712567,0.267381,0,0.66528,12.849,1,0.493087,0.36288,0,29.4665,4.32127,25.015,0.84672,12.849,0.84672,3695.15,0,0,0,0.216518,1.76519,3.49435,1.07088,4.40517,0.42336,0,0.42336,460.49,0,0.969762,0,0,1.18628,0.216518,1.028160,1,0,29.4202,0,0,0,29.4202,0
55.1629,2.12878,0,0,1.85547,0.206912,0.36288,3.6288,49.1714,0.530855,0,0,1.402,0.251456,0,0.66528,12.849,1,0.48839,0.36288,0,53.4991,4.71512,48.6584,0.84672,12.849,0.84672,3695.15,0,0,0,0.79069,1.76562,8.92032,1.13928,10.3374,0.42336,0,0.42336,460.49,0,1.02816,0,0,1.81885,0.79069,1.028160,1,0,58.9958,0,0,0,58.9958,0
55.2389,2.12325,0,0,2.80233,0.240195,0.36288,3.6288,49.641,0.531236,0,0,1.242,0.241109,0,0.66528,12.849,1,0.494565,0.36288,0,51.6829,5.01049,46.5407,0.84672,12.849,0.84672,3695.15,0,0,0,1.10447,1.69495,5.59115,1.19057,7.2,0.42336,0,0.42336,460.49,0,1.02816,0,0,2.13263,1.10447,1.028160,1,0,53.7407,0,0,0,53.7407,0
53.707,2.12432,0,0,1.19572,0.240378,0.36288,3.6288,49.6384,0.531618,0,0,0.77106,0.242044,0,0.66528,12.849,1,0.494134,0.36288,0,23.1849,5.01049,18.0432,0.84672,12.849,0.84672,3695.15,0,0,0,0.398745,1.69537,3.73971,1.19057,4.64325,0.42336,0,0.42336,460.49,0,1.02816,0,0,1.4269,0.398745,1.028160,1,0,22.6864,0,0,0,22.6864,0
52.6235,2.11346,0,0,1.6295,0.236689,0.36288,3.6288,49.8753,0.531999,0,0,1.01091,0.242039,0,0.66528,12.849,1,0.50563,0.36288,0,35.9071,5.01049,30.7538,0.84672,12.849,0.84672,3695.15,0,0,0,0.765003,1.69578,7.41677,1.19057,8.68698,0.42336,0,0.42336,460.49,0,1.02816,0,0,1.79316,0.765003,1.028160,1,0,39.4408,0,0,0,39.4408,0
52.4046,1.94703,0,0,2.35469,0.263634,0.36288,3.6288,50.3536,0.37563,0,0,1.08836,0.23441,0,0.66528,12.849,1,0.475405,0.36288,0,47.2402,4.65926,42.4684,0.84672,12.849,0.84672,3695.15,0,0,0,0.904038,1.6962,6.5197,1.1659,7.95403,0.42336,0,0.42336,460.49,0,1.02816,0,0,1.9322,0.904038,1.028160,1,0,50.4224,0,0,0,50.4224,0
54.0552,1.94592,0,0,4.22419,0.264789,0.36288,3.6288,51.2279,0.375974,0,0,1.48883,0.238564,0,0.66528,12.849,1,0.477116,0.36288,0,55.829,4.5318,51.183,0.84672,12.849,0.84672,3695.15,0,0,0,1.25334,1.53853,7.36078,1.21326,8.93939,0.42336,0,0.42336,460.49,0,1.02816,0,0,2.2815,1.25334,1.028160,1,0,60.1224,0,0,0,60.1224,0
54.2371,1.95817,0,0,2.77222,0.269296,0.36288,3.6288,51.5981,0.376317,0,0,0.986829,0.240269,0,0.66528,12.849,1,0.465459,0.36288,0,42.0446,4.5318,37.4102,0.84672,12.849,0.84672,3695.15,0,0,0,0.662593,1.53891,7.79122,1.21326,8.77947,0.42336,0,0.42336,460.49,0,1.02816,0,0,1.69075,0.662593,1.028160,1,0,46.1897,0,0,0,46.1897,0
53.9205,1.95991,0,0,2.25992,0.253732,0.36288,3.6288,51.4673,0.674188,0,0,0.72808,0.184768,0,0.66528,12.849,1,0.46431,0.36288,0,33.9363,3.43823,30.3966,0.84672,12.849,0.84672,3695.15,0,0,0,0.412474,1.53929,4.75,0.898762,5.80299,0.42336,0,0.42336,460.49,0,0.730633,0,0,1.14311,0.412474,1.028160,1,0,36.1996,0,0,0,36.1996,0
53.0798,1.95819,0,0,1.73328,0.252919,0.36288,3.6288,51.4374,0.828644,0,0,0.983366,0.184572,0,0.66528,12.849,1,0.466626,0.36288,0,32.5063,3.43823,28.9643,0.84672,12.849,0.84672,3695.15,0,0,0,0.412474,1.53966,4.62315,0.898762,5.67653,0.42336,0,0.42336,460.49,0,0.576521,0,0,0.988995,0.412474,1.028160,1,0,34.6408,0,0,0,34.6408,0
55.7946,2.01388,0,0,5.32268,0.23115,0.36288,3.6288,52.4541,0.42279,0,0,1.63485,0.195383,0,0.66528,12.849,1,0.487499,0.36288,0,114.23,3.5141,110.591,0.84672,12.849,0.84672,3695.15,0,0,0,1.64555,1.54004,5.62499,0.996388,7.81419,0.42336,0,0.42336,460.49,0,1.02816,0,0,2.67371,1.64555,1.028160,1,0,118.405,0,0,0,118.405,0
58.9359,2.03364,0,0,5.77207,0.234217,0.36288,3.6288,53.6798,0.423134,0,0,1.84765,0.198816,0,0.66528,12.849,1,0.46833,0.36288,0,102.26,3.52674,98.6283,0.84672,12.849,0.84672,3695.15,0,0,0,1.91258,1.58976,6.18809,1.01266,8.67777,0.42336,0,0.42336,460.49,0,1.02816,0,0,2.94074,1.91258,1.028160,1,0,107.306,0,0,0,107.306,0
62.7975,2.05462,0,0,6.52063,0.241548,0.36288,3.6288,55.2506,0.423478,0,0,2.19511,0.200774,0,0.66528,12.849,1,0.447942,0.36288,0,77.6082,3.52674,73.9964,0.84672,12.849,0.84672,3695.15,0,0,0,2.64818,1.59014,7.72797,1.01266,10.9536,0.42336,0,0.42336,460.49,0,1.02816,0,0,3.67634,2.64818,1.028160,1,0,84.95,0,0,0,84.95,0
69.1129,2.07798,0,0,9.00608,0.249836,0.36288,3.6288,56.5286,0.423822,0,0,1.90464,0.202909,0,0.66528,12.849,1,0.425176,0.36288,0,129.33,3.52674,125.741,0.84672,12.849,0.84672,3695.15,0,0,0,2.40165,1.59052,9.06893,1.01266,12.0484,0.42336,0,0.42336,460.49,0,1.02816,0,0,3.42981,2.40165,1.028160,1,0,137.789,0,0,0,137.789,0
72.29,2.31717,0,0,9.11916,0.308912,3.31594,3.6288,57.3863,0.59493,0,0,1.69249,0.239779,0,0.66528,12.849,1,0.430793,3.31594,0,155.292,3.99173,154.185,0.84672,12.849,0.84672,3695.15,0,0,0,2.16648,1.59089,7.78879,1.18659,10.3596,0.42336,0,0.42336,460.49,0,1.02816,0,0,3.19464,2.16648,1.028160,1,0,164.545,0,0,0,164.545,0
72.29,2.3338,0,0,7.8248,0.314439,5.17656,3.6288,59.1037,0.595315,0,0,2.52145,0.208724,0,0.66528,12.849,1,0.414815,5.17656,0,103.752,4.01657,104.497,0.84672,12.849,0.84672,3695.15,0,0,0,3.01536,1.76897,8.51494,1.21078,12.0885,0.42336,0,0.42336,460.49,0,1.02816,0,0,4.04352,3.01536,1.028160,1,0,116.585,0,0,0,116.585,0
72.29,2.33435,0,0,8.26174,0.314439,5.61295,3.6288,60.7507,0.5957,0,0,2.45372,0.211048,0,0.66528,12.849,1,0.414914,5.61295,0,127.638,4.01657,128.819,0.84672,12.849,0.84672,3695.15,0,0,0,4.36379,1.76939,11.8476,1.21078,16.77,0.42336,0,0.42336,460.49,0,1.02816,0,0,5.39195,4.36379,1.028160,1,0,145.589,0,0,0,145.589,0
72.29,2.33491,0,0,5.58415,0.315195,2.93405,3.6288,61.308,0.596085,0,0,1.82915,0.208915,0.466868,0.66528,12.849,1,0.415012,2.93405,0,116.364,3.94095,114.942,0.84672,12.849,0.84672,3695.15,0,0,0,1.02047,1.76981,6.25161,1.1891,7.85279,0.42336,0,0.42336,460.49,0,1.02816,0,0,2.04863,1.02047,1.028160,1,0,123.261,0,0,0,123.261,0
72.29,2.03943,0,0,7.13732,0.310431,4.78747,3.6288,61.308,0.367087,0,0,1.76253,0.192034,1.2034,0.66528,12.849,1,0.362493,4.78747,0,93.7699,3.7884,94.4065,0.84672,12.849,0.84672,3695.15,0,0,0,1.65066,1.77023,6.79562,1.06346,9.15305,0.42336,0,0.42336,460.49,0,1.02816,0,0,2.67882,1.65066,1.028160,1,0,104.763,0,0,0,104.763,0
72.29,2.03991,0,0,10.0079,0.298033,7.66994,3.6288,61.308,0.367418,0,0,2.09323,0.20356,1.52225,0.66528,12.849,1,0.362579,7.66994,0,151.166,4.18992,154.284,0.84672,12.849,0.84672,3695.15,0,0,0,3.16945,1.52809,9.69019,1.06939,13.3183,0.42336,0,0.42336,460.49,0,1.02816,0,0,4.19761,3.16945,1.028160,1,0,169.124,0,0,0,169.124,0
72.29,2.04039,0,0,9.86429,0.298033,7.52586,3.6288,61.308,0.367749,0,0,2.00004,0.20356,1.42873,0.66528,12.849,1,0.362665,7.52586,0,64.8004,4.18992,67.7737,0.84672,12.849,0.84672,3695.15,0,0,0,3.04711,1.52845,9.65261,1.06939,13.1588,0.42336,0,0.42336,460.49,0,1.02816,0,0,4.07527,3.04711,1.028160,1,0,82.3612,0,0,0,82.3612,0
72.29,2.04088,0,0,9.64302,0.298033,7.30411,3.6288,61.308,0.36808,0,0,1.87554,0.20356,1.3039,0.66528,12.849,1,0.362751,7.30411,0,120.742,4.18992,123.494,0.84672,12.849,0.84672,3695.15,0,0,0,2.83464,1.52881,9.59921,1.06939,12.8933,0.42336,0,0.42336,460.49,0,1.02816,0,0,3.8628,2.83464,1.028160,1,0,137.691,0,0,0,137.691,0
72.29,2.04136,0,0,8.71335,0.300119,6.37187,3.6288,61.308,0.368412,0,0,1.65419,0.165375,1.1204,0.66528,12.849,1,0.362837,6.37187,0,116.873,3.5102,119.372,0.84672,12.849,0.84672,3695.15,0,0,0,2.70762,1.52918,8.08376,0.812423,11.5081,0.42336,0,0.42336,460.49,0,1.02816,0,0,3.73578,2.70762,1.028160,1,0,132.001,0,0,0,132.001,0
72.29,2.11645,0,0,11.5243,0.277547,9.13029,3.6288,61.308,0.424925,0,0,2.03509,0.135112,1.47505,0.66528,12.849,1,0.376183,9.13029,0,108.827,3.15934,114.422,0.84672,12.849,0.84672,3695.15,0,0,0,1.75972,1.52954,10.1619,0.853888,12.5973,0.42336,0,0.42336,460.49,0,1.02816,0,0,2.78788,1.75972,1.028160,1,0,128.494,0,0,0,128.494,0
72.29,2.11695,0,0,7.87838,0.271381,5.49005,3.6288,61.308,0.42527,0,0,1.89614,0.16843,1.30244,0.66528,12.849,1,0.376272,5.49005,0,112.687,3.8998,113.901,0.84672,12.849,0.84672,3695.15,0,0,0,1.82739,1.58977,11.0606,1.05572,13.422,0.42336,0,0.42336,460.49,0,1.02816,0,0,2.85555,1.82739,1.028160,1,0,128.626,0,0,0,128.626,0
72.29,2.11746,0,0,6.86889,0.271381,4.48005,3.6288,61.308,0.425615,0,0,2.12218,0.16843,1.52814,0.66528,12.849,1,0.376362,4.48005,0,78.2654,3.8998,78.4693,0.84672,12.849,0.84672,3695.15,0,0,0,2.1136,1.59015,8.11555,1.05572,10.7636,0.42336,0,0.42336,460.49,0,1.02816,0,0,3.14176,2.1136,1.028160,1,0,90.761,0,0,0,90.761,0
72.29,2.11796,0,0,6.3949,0.280527,3.99641,3.6288,61.308,0.42596,0,0,2.41679,0.159608,1.83122,0.66528,12.849,1,0.376451,3.99641,0,70.8886,3.68354,70.825,0.84672,12.849,0.84672,3695.15,0,0,0,2.2845,1.59053,11.1275,1.0146,13.988,0.42336,0,0.42336,460.49,0,1.02816,0,0,3.31266,2.2845,1.028160,1,0,86.6442,0,0,0,86.6442,0
72.29,2.08926,0,0,5.84667,0.2236,3.53381,3.6288,61.308,0.404463,0,0,1.76973,0.187051,1.17822,0.66528,12.849,1,0.371351,3.53381,0,77.2796,3.62032,76.8218,0.84672,12.849,0.84672,3695.15,0,0,0,1.36909,1.5909,6.51482,1.08029,8.39452,0.42336,0,0.42336,460.49,0,1.02816,0,0,2.39725,1.36909,1.028160,1,0,86.3945,0,0,0,86.3945,0
72.29,2.08976,0,0,5.34247,0.215054,3.03765,3.6288,61.308,0.404803,0,0,1.41386,0.191509,0.817546,0.66528,12.849,1,0.371439,3.03765,0,74.9166,3.50899,74.0738,0.84672,12.849,0.84672,3695.15,0,0,0,0.804894,1.56796,5.38534,1.09191,6.66628,0.42336,0,0.42336,460.49,0,1.02816,0,0,1.83305,0.804894,1.028160,1,0,81.5576,0,0,0,81.5576,0
72.29,2.09025,0,0,5.8092,0.215054,3.50389,3.6288,61.308,0.405143,0,0,1.2187,0.191509,0.622046,0.66528,12.849,1,0.371527,3.50389,0,77.2952,3.50899,76.9185,0.84672,12.849,0.84672,3695.15,0,0,0,0.53873,1.56834,6.59922,1.09191,7.61437,0.42336,0,0.42336,460.49,0,1.02816,0,0,1.56689,0.53873,1.028160,1,0,85.155,0,0,0,85.155,0
72.29,2.09075,0,0,5.24159,0.172479,2.97836,3.6288,61.308,0.405483,0,0,1.19299,0.212279,0.575223,0.66528,12.849,1,0.371615,2.97836,0,70.0977,5.14647,67.558,0.84672,12.849,0.84672,3695.15,0,0,0,0.606174,1.56871,5.55415,1.15647,6.57257,0.42336,0,0.42336,460.49,0,1.02816,0,0,1.63433,0.606174,1.028160,1,0,74.7058,0,0,0,74.7058,0
72.29,2.19045,0,0,4.63453,0.122956,2.32113,3.6288,61.308,0.483352,0,0,1.12311,0.230824,0.408938,0.66528,12.849,1,0.389336,2.32113,0,48.6542,5.12058,45.4654,0.84672,12.849,0.84672,3695.15,0,0,0,0.430505,1.56908,4.89589,1.24007,5.6554,0.42336,0,0.42336,460.49,0,1.02816,0,0,1.45867,0.430505,1.028160,1,0,51.5297,0,0,0,51.5297,0
72.29,2.19097,0,0,4.60931,0.120117,2.29823,3.6288,61.308,0.504533,0,0,1.02193,0.224766,0.292631,0.66528,12.849,1,0.389428,2.29823,0,50.7678,4.1308,48.5458,0.84672,12.849,0.84672,3695.15,0,0,0,0.402797,1.65125,4.2717,1.06005,5.26569,0.42336,0,0.42336,460.49,0,1.00734,0,0,1.41013,0.402797,1.028160,1,0,54.1041,0,0,0,54.1041,0
72.29,2.19149,0,0,4.33236,0.104895,2.03598,3.6288,61.308,0.484069,0,0,1.06428,0.228336,0.35187,0.66528,12.849,1,0.38952,2.03598,0,46.7625,4.23916,44.1698,0.84672,12.849,0.84672,3695.15,0,0,0,0.385517,1.65164,4.34147,1.03999,5.33863,0.42336,0,0.42336,460.49,0,1.02816,0,0,1.41368,0.385517,1.028160,1,0,49.8603,0,0,0,49.8603,0
72.29,2.19201,0,0,4.16312,0.104895,1.86621,3.6288,61.308,0.484428,0,0,1.08419,0.228336,0.371426,0.66528,12.849,1,0.389613,1.86621,0,44.084,4.23916,41.3214,0.84672,12.849,0.84672,3695.15,0,0,0,0.315144,1.65203,4.32904,1.03999,5.25622,0.42336,0,0.42336,460.49,0,1.02816,0,0,1.3433,0.315144,1.028160,1,0,46.949,0,0,0,46.949,0
72.29,2.19253,0,0,3.90088,0.104895,1.60346,3.6288,61.308,0.562322,0,0,1.00901,0.228336,0.218355,0.66528,12.849,1,0.389705,1.60346,0,41.298,4.23916,38.2726,0.84672,12.849,0.84672,3695.15,0,0,0,0.30119,1.65242,4.01375,1.03999,4.92737,0.42336,0,0.42336,460.49,0,0.950625,0,0,1.25182,0.30119,1.028160,1,0,43.4183,0,0,0,43.4183,0
72.29,2.17341,0,0,3.22359,0.0963097,0.953877,3.6288,61.2951,0.527807,0,0,0.780486,0.265577,0,0.66528,12.849,1,0.386306,0.953877,0,46.1741,5.04241,41.6993,0.84672,12.849,0.84672,3695.15,0,0,0,1.04859,1.65281,3.41097,1.17641,4.93596,0.42336,0,0.42336,460.49,0,1.02816,0,0,2.07675,1.04859,1.028160,1,0,46.6353,0,0,0,46.6353,0
72.29,2.17392,0,0,3.07363,0.0915255,0.808181,3.6288,61.2481,0.528177,0,0,0.754479,0.273327,0,0.66528,12.849,1,0.386398,0.808181,0,44.4571,5.151,39.7279,0.84672,12.849,0.84672,3695.15,0,0,0,1.02386,1.68183,3.26076,1.21316,4.75329,0.42336,0,0.42336,460.49,0,1.02816,0,0,2.05202,1.02386,1.028160,1,0,44.4812,0,0,0,44.4812,0
72.29,2.17444,0,0,2.90474,0.0707041,0.6596,3.6288,61.1387,0.528546,0,0,0.723885,0.304721,0,0.66528,12.849,1,0.38649,0.6596,0,41.8817,5.81715,36.3377,0.84672,12.849,0.84672,3695.15,0,0,0,1.0639,1.68223,3.20757,1.39735,4.55635,0.42336,0,0.42336,460.49,0,1.02816,0,0,2.09206,1.0639,1.028160,1,0,40.894,0,0,0,40.894,0
72.29,2.17495,0,0,2.65619,0.0766172,0.404616,3.6288,61.0211,0.528915,0,0,0.704497,0.293162,0,0.66528,12.849,1,0.386581,0.404616,0,41.7815,5.82813,35.9714,0.84672,12.849,0.84672,3695.15,0,0,0,0.98744,1.68263,3.03047,1.37011,4.33043,0.42336,0,0.42336,460.49,0,1.02816,0,0,2.0156,0.98744,1.028160,1,0,40.3018,0,0,0,40.3018,0
72.0894,2.22624,0,0,2.45506,0.0665524,0.36288,3.6288,60.7745,0.567342,0,0,0.616323,0.295556,0,0.66528,12.849,1,0.395697,0.36288,0,34.4493,5.76627,28.6502,0.84672,12.849,0.84672,3695.15,0,0,0,0.693092,1.68303,2.6148,1.42094,3.56998,0.42336,0,0.42336,460.49,0,1.02816,0,0,1.72125,0.693092,1.028160,1,0,32.2202,0,0,0,32.2202,0
72.1741,2.22583,0,0,2.73236,0.0589139,0.36288,3.6288,60.6766,0.56772,0,0,0.766783,0.29705,0,0.66528,12.849,1,0.396726,0.36288,0,43.0095,5.71987,37.2558,0.84672,12.849,0.84672,3695.15,0,0,0,0.940317,1.72404,2.91129,1.45906,4.11658,0.42336,0,0.42336,460.49,0,1.02816,0,0,1.96848,0.940317,1.028160,1,0,41.3723,0,0,0,41.3723,0
72.0126,2.22676,0,0,2.48705,0.0589519,0.36288,3.6288,60.444,0.568099,0,0,0.632439,0.296866,0,0.66528,12.849,1,0.396425,0.36288,0,34.6421,5.71987,28.8887,0.84672,12.849,0.84672,3695.15,0,0,0,0.982835,1.72444,2.70523,1.45906,3.95344,0.42336,0,0.42336,460.49,0,1.02816,0,0,2.01099,0.982835,1.028160,1,0,32.8421,0,0,0,32.8421,0
71.6263,2.22653,0,0,2.26199,0.0588795,0.36288,3.6288,60.1681,0.568478,0,0,0.58898,0.296427,0,0.66528,12.849,1,0.397274,0.36288,0,32.2942,5.71987,26.5399,0.84672,12.849,0.84672,3695.15,0,0,0,0.669384,1.72485,2.41089,1.45906,3.34606,0.42336,0,0.42336,460.49,0,1.02816,0,0,1.69754,0.669384,1.028160,1,0,29.886,0,0,0,29.886,0
71.2321,2.37386,0,0,2.38832,0.0457309,0.36288,3.6288,59.8919,0.66528,0,0,0.689626,0.300588,0,0.66528,12.849,1,0.425845,0.36288,0,32.7953,5.86716,26.8652,0.84672,12.849,0.84672,3695.15,0,0,0,1.10129,1.72526,3.19742,1.48823,4.53574,0.42336,0,0.42336,460.49,0,1.02816,0,0,2.12945,1.10129,1.028160,1,0,31.4009,0,0,0,31.4009,0
70.3531,2.37242,0,0,1.89232,0.0360346,0.36288,3.6288,59.5501,0.66528,0,0,0.61567,0.29216,0,0.66528,12.849,1,0.427943,0.36288,0,31.3401,5.70402,25.571,0.84672,12.849,0.84672,3695.15,0,0,0,0.843238,1.86475,2.25049,1.45409,3.50438,0.42336,0,0.42336,460.49,0,1.02816,0,0,1.8714,0.843238,1.028160,1,0,29.0754,0,0,0,29.0754,0
69.2826,2.36846,0,0,1.69659,0.0357923,0.36288,3.6288,59.1514,0.66528,0,0,0.558095,0.291523,0,0.66528,12.849,1,0.432566,0.36288,0,27.9778,5.70402,22.2041,0.84672,12.849,0.84672,3695.15,0,0,0,0.721742,1.86519,2.19456,1.45409,3.3274,0.42336,0,0.42336,460.49,0,1.02816,0,0,1.7499,0.721742,1.028160,1,0,25.5315,0,0,0,25.5315,0
68.5514,2.36339,0,0,2.03063,0.0354972,0.36288,3.6288,58.7949,0.66528,0,0,0.59954,0.29078,0,0.66528,12.849,1,0.438309,0.36288,0,28.9551,5.70402,23.1757,0.84672,12.849,0.84672,3695.15,0,0,0,0.872277,1.86563,2.40716,1.45409,3.69098,0.42336,0,0.42336,460.49,0,1.02816,0,0,1.90044,0.872277,1.028160,1,0,26.8667,0,0,0,26.8667,0
69.2407,2.36001,0,0,3.47218,0.0600257,0.36288,3.6288,58.6148,0.66528,0,0,0.770057,0.284837,0,0.66528,12.849,1,0.44235,0.36288,0,48.1203,5.55559,42.4852,0.84672,12.849,0.84672,3695.15,0,0,0,1.1855,1.86608,2.66453,1.43589,4.28022,0.42336,0,0.42336,460.49,0,1.02816,0,0,2.21366,1.1855,1.028160,1,0,46.7655,0,0,0,46.7655,0
69.7553,2.29215,0,0,3.22909,0.0594992,0.36288,3.6288,58.523,0.624858,0,0,0.830002,0.296959,0,0.66528,12.849,1,0.425354,0.36288,0,32.6869,5.41427,27.2102,0.84672,12.849,0.84672,3695.15,0,0,0,0.897264,1.86652,2.74718,1.34458,4.16639,0.42336,0,0.42336,460.49,0,1.02816,0,0,1.92542,0.897264,1.028160,1,0,31.3766,0,0,0,31.3766,0
69.3931,2.29534,0,0,2.35678,0.0607475,0.36288,3.6288,58.7012,0.62525,0,0,1.10373,0.300279,0,0.66528,12.849,1,0.422805,0.36288,0,28.2108,5.35605,22.7948,0.84672,12.849,0.84672,3695.15,0,0,0,2.10438,1.78638,2.9967,1.33117,5.55629,0.42336,0,0.42336,460.49,0,1.02816,0,0,3.13254,2.10438,1.028160,1,0,28.3511,0,0,0,28.3511,0
68.6922,2.29402,0,0,2.01663,0.0605773,0.36288,3.6288,58.3845,0.625642,0,0,0.609609,0.300624,0,0.66528,12.849,1,0.424767,0.36288,0,28.1832,5.35605,22.7652,0.84672,12.849,0.84672,3695.15,0,0,0,0.717768,1.7868,2.23028,1.33117,3.40368,0.42336,0,0.42336,460.49,0,1.02816,0,0,1.74593,0.717768,1.028160,1,0,26.1689,0,0,0,26.1689,0
68.0631,2.29092,0,0,2.104,0.0793398,0.36288,3.6288,58.0602,0.626034,0,0,0.586868,0.285131,0,0.66528,12.849,1,0.42852,0.36288,0,27.0893,5.14842,21.8753,0.84672,12.849,0.84672,3695.15,0,0,0,0.664312,1.78723,2.24438,1.26628,3.42964,0.42336,0,0.42336,460.49,0,1.02816,0,0,1.69247,0.664312,1.028160,1,0,25.3049,0,0,0,25.3049,0
68.8189,2.22902,0,0,3.53214,0.184417,0.36288,3.6288,58.3848,0.5503,0,0,1.07146,0.196544,0,0.66528,12.849,1,0.420796,0.36288,0,54.8877,3.73182,51.0979,0.84672,12.849,0.84672,3695.15,0,0,0,1.29122,1.78765,4.48674,0.897687,6.66793,0.42336,0,0.42336,460.49,0,1.02816,0,0,2.31938,1.29122,1.028160,1,0,57.7659,0,0,0,57.7659,0
69.3478,2.23344,0,0,3.2993,0.174079,0.36288,3.6288,58.8831,0.550674,0,0,1.24732,0.198436,0,0.66528,12.849,1,0.417,0.36288,0,74.4485,3.50406,70.8904,0.84672,12.849,0.84672,3695.15,0,0,0,1.49954,1.71609,5.48897,0.925416,7.77919,0.42336,0,0.42336,460.49,0,1.02816,0,0,2.5277,1.49954,1.028160,1,0,78.6696,0,0,0,78.6696,0
69.6511,2.23666,0,0,3.07766,0.174797,0.36288,3.6288,59.869,0.551049,0,0,1.7361,0.199073,0,0.66528,12.849,1,0.414416,0.36288,0,84.4811,3.50406,80.9255,0.84672,12.849,0.84672,3695.15,0,0,0,2.88572,1.7165,9.0231,0.925416,12.6999,0.42336,0,0.42336,460.49,0,1.02816,0,0,3.91388,2.88572,1.028160,1,0,93.6254,0,0,0,93.6254,0
72.0971,2.23871,0,0,5.22279,0.175208,0.36288,3.6288,60.3829,0.551424,0,0,1.26565,0.200333,0,0.66528,12.849,1,0.41299,0.36288,0,93.2221,3.50406,89.668,0.84672,12.849,0.84672,3695.15,0,0,0,2.65683,1.71691,7.6991,0.925416,11.1474,0.42336,0,0.42336,460.49,0,1.02816,0,0,3.68499,2.65683,1.028160,1,0,100.815,0,0,0,100.815,0
72.29,2.0816,0,0,4.12246,0.215725,1.63226,3.6288,61.308,0.393097,0,0,1.81583,0.193814,0.303843,0.66528,12.849,1,0.370979,1.63226,0,103.098,4.08771,100.271,0.84672,12.849,0.84672,3695.15,0,0,0,2.34634,1.71732,7.85219,1.07415,10.8417,0.42336,0,0.42336,460.49,0,1.02816,0,0,3.3745,2.34634,1.028160,1,0,111.417,0,0,0,111.417,0
72.29,2.08294,0,0,7.40522,0.276037,5.04625,3.6288,61.308,0.393434,0,0,4.61917,0.187609,4.03813,0.66528,12.849,1,0.370226,5.04625,0,185.054,4.04632,185.684,0.84672,12.849,0.84672,3695.15,0,0,0,1.20083,1.55768,13.6502,1.08573,15.323,0.42336,0,0.42336,460.49,0,1.02816,0,0,2.22899,1.20083,1.028160,1,0,205.045,0,0,0,205.045,0
72.29,2.08343,0,0,7.48725,0.262901,5.14092,3.6288,61.308,0.393771,0,0,4.41661,0.248566,3.77428,0.66528,12.849,1,0.370314,5.14092,0,184.652,4.8278,184.595,0.84672,12.849,0.84672,3695.15,0,0,0,1.65413,1.55805,8.57917,1.13047,10.6609,0.42336,0,0.42336,460.49,0,1.02816,0,0,2.68229,1.65413,1.028160,1,0,199.03,0,0,0,199.03,0
72.29,2.08392,0,0,5.86532,0.262901,3.51849,3.6288,61.308,0.394109,0,0,4.14364,0.248566,3.50097,0.66528,12.849,1,0.370402,3.51849,0,162.161,4.8278,160.481,0.84672,12.849,0.84672,3695.15,0,0,0,3.01481,1.55842,9.28783,1.13047,12.7306,0.42336,0,0.42336,460.49,0,1.02816,0,0,4.04297,3.01481,1.028160,1,0,176.713,0,0,0,176.713,0
72.29,2.08442,0,0,6.02184,0.262901,3.67452,3.6288,61.308,0.394446,0,0,4.86996,0.248566,4.22695,0.66528,12.849,1,0.37049,3.67452,0,151.844,4.8278,150.32,0.84672,12.849,0.84672,3695.15,0,0,0,6.03018,1.55879,14.8832,1.13047,21.3417,0.42336,0,0.42336,460.49,0,1.02816,0,0,7.05834,6.03018,1.028160,1,0,175.889,0,0,0,175.889,0
72.29,2.15022,0,0,6.23411,0.297806,3.78609,3.6288,61.308,0.440788,0,0,3.794,0.242965,3.11024,0.66528,12.849,1,0.382186,3.78609,0,162.791,4.33369,161.861,0.84672,12.849,0.84672,3695.15,0,0,0,6.5855,1.55916,12.7711,1.13988,19.7759,0.42336,0,0.42336,460.49,0,1.02816,0,0,7.61366,6.5855,1.028160,1,0,184.747,0,0,0,184.747,0
72.29,2.15071,0,0,6.09572,0.311767,3.63324,3.6288,61.308,0.441125,0,0,2.94462,0.240725,2.26277,0.66528,12.849,1,0.382273,3.63324,0,188.43,4.13605,187.545,0.84672,12.849,0.84672,3695.15,0,0,0,4.43353,1.60948,16.1882,1.14365,21.0876,0.42336,0,0.42336,460.49,0,1.02816,0,0,5.46169,4.43353,1.028160,1,0,210.895,0,0,0,210.895,0
72.29,2.15121,0,0,12.3163,0.311767,9.85335,3.6288,61.308,0.441462,0,0,7.87598,0.240725,7.1938,0.66528,12.849,1,0.382361,9.85335,0,220.62,4.13605,225.955,0.84672,12.849,0.84672,3695.15,0,0,0,10.7998,1.60985,27.8285,1.14365,39.0945,0.42336,0,0.42336,460.49,0,1.02816,0,0,11.828,10.7998,1.028160,1,0,272.243,0,0,0,272.243,0
72.29,2.1517,0,0,7.51438,0.311767,5.05091,3.6288,61.308,0.4418,0,0,5.07813,0.240725,4.39561,0.66528,12.849,1,0.382449,5.05091,0,184.384,4.13605,184.916,0.84672,12.849,0.84672,3695.15,0,0,0,5.36992,1.61022,14.4773,1.14365,20.3138,0.42336,0,0.42336,460.49,0,1.02816,0,0,6.39808,5.36992,1.028160,1,0,209.625,0,0,0,209.625,0
72.29,2.36212,0,0,7.42072,0.323281,4.73533,3.6288,61.308,0.615013,0,0,6.06474,0.225439,5.22429,0.66528,12.849,1,0.419848,4.73533,0,179.36,3.87447,179.801,0.84672,12.849,0.84672,3695.15,0,0,0,7.09653,1.61059,16.4239,1.05554,24.0755,0.42336,0,0.42336,460.49,0,1.02816,0,0,8.12469,7.09653,1.028160,1,0,209.101,0,0,0,209.101,0
72.29,2.36266,0,0,8.12739,0.343868,5.42086,3.6288,61.308,0.61539,0,0,6.23807,0.223409,5.39927,0.66528,12.849,1,0.419945,5.42086,0,227.722,3.60444,229.118,0.84672,12.849,0.84672,3695.15,0,0,0,7.54237,1.79086,19.5462,1.03749,27.8419,0.42336,0,0.42336,460.49,0,1.02816,0,0,8.57053,7.54237,1.028160,1,0,262.36,0,0,0,262.36,0
72.29,2.3632,0,0,6.48386,0.346135,3.77453,3.6288,61.308,0.615767,0,0,4.93307,0.210277,4.10702,0.66528,12.849,1,0.420041,3.77453,0,168.984,3.3776,168.961,0.84672,12.849,0.84672,3695.15,0,0,0,4.72979,1.79127,13.3839,0.972447,18.9325,0.42336,0,0.42336,460.49,0,1.02816,0,0,5.75795,4.72979,1.028160,1,0,192,0,0,0,192,0
72.29,2.36374,0,0,6.55848,0.349158,3.84558,3.6288,61.308,0.616144,0,0,4.13363,0.192767,3.32471,0.66528,12.849,1,0.420137,3.84558,0,144.539,3.07513,144.889,0.84672,12.849,0.84672,3695.15,0,0,0,5.71779,1.79168,13.9614,0.88572,20.5851,0.42336,0,0.42336,460.49,0,1.02816,0,0,6.74595,5.71779,1.028160,1,0,168.799,0,0,0,168.799,0
72.29,2.0646,0,0,4.83559,0.345437,2.42556,3.6288,61.308,0.384307,0,0,2.18681,0.195063,1.60744,0.66528,12.849,1,0.366966,2.42556,0,92.2242,3.29515,90.9877,0.84672,12.849,0.84672,3695.15,0,0,0,3.04508,1.79209,8.53485,0.8962,12.4758,0.42336,0,0.42336,460.49,0,1.02816,0,0,4.07324,3.04508,1.028160,1,0,105.071,0,0,0,105.071,0
72.29,2.06507,0,0,4.23828,0.336135,1.83708,3.6288,61.308,0.384632,0,0,1.7965,0.200801,1.21107,0.66528,12.849,1,0.367051,1.83708,0,65.5062,3.84521,63.1311,0.84672,12.849,0.84672,3695.15,0,0,0,2.46552,1.54695,7.42383,0.9224,10.5139,0.42336,0,0.42336,460.49,0,1.02816,0,0,3.49368,2.46552,1.028160,1,0,74.856,0,0,0,74.856,0
72.29,2.06554,0,0,3.73493,0.336135,1.33325,3.6288,61.308,0.384956,0,0,2.19337,0.200801,1.60761,0.66528,12.849,1,0.367135,1.33325,0,79.7472,3.84521,76.8681,0.84672,12.849,0.84672,3695.15,0,0,0,2.93406,1.5473,9.13274,0.9224,12.6917,0.42336,0,0.42336,460.49,0,1.02816,0,0,3.96222,2.93406,1.028160,1,0,91.1674,0,0,0,91.1674,0
72.29,2.06602,0,0,5.71341,0.336135,3.31125,3.6288,61.308,0.38528,0,0,2.61592,0.200801,2.02983,0.66528,12.849,1,0.367219,3.31125,0,140.22,3.84521,139.319,0.84672,12.849,0.84672,3695.15,0,0,0,3.34549,1.54766,11.4072,0.9224,15.378,0.42336,0,0.42336,460.49,0,1.02816,0,0,4.37365,3.34549,1.028160,1,0,156.727,0,0,0,156.727,0
72.29,2.06649,0,0,6.87452,0.336135,4.47189,3.6288,61.308,0.385605,0,0,2.3536,0.200801,1.76719,0.66528,12.849,1,0.367303,4.47189,0,145.281,3.84521,145.54,0.84672,12.849,0.84672,3695.15,0,0,0,3.56874,1.54801,12.6768,0.9224,16.8711,0.42336,0,0.42336,460.49,0,1.02816,0,0,4.5969,3.56874,1.028160,1,0,164.178,0,0,0,164.178,0
72.29,2.14249,0,0,4.73205,0.315018,2.27454,3.6288,61.308,0.442803,0,0,1.55317,0.175149,0.935218,0.66528,12.849,1,0.380811,2.27454,0,82.1781,3.44037,80.6314,0.84672,12.849,0.84672,3695.15,0,0,0,1.83849,1.54837,6.60696,0.831543,9.16228,0.42336,0,0.42336,460.49,0,1.02816,0,0,2.86665,1.83849,1.028160,1,0,90.7289,0,0,0,90.7289,0
72.29,2.14298,0,0,3.14694,0.313296,0.690661,3.6288,61.308,0.528711,0,0,0.980726,0.161156,0.290859,0.66528,12.849,1,0.380899,0.690661,0,49.5018,3.15693,46.6547,0.84672,12.849,0.84672,3695.15,0,0,0,0.528595,1.60933,4.38074,0.757531,5.76114,0.42336,0,0.42336,460.49,0,0.942589,0,0,1.47118,0.528595,1.028160,1,0,52.7067,0,0,0,52.7067,0
72.29,2.14347,0,0,3.90374,0.313296,1.44697,3.6288,61.308,0.443478,0,0,2.00287,0.161156,1.39824,0.66528,12.849,1,0.380986,1.44697,0,83.5401,3.15693,81.4491,0.84672,12.849,0.84672,3695.15,0,0,0,2.3956,1.6097,7.96583,0.757531,11.2136,0.42336,0,0.42336,460.49,0,1.02816,0,0,3.42376,2.3956,1.028160,1,0,94.061,0,0,0,94.061,0
72.29,2.14397,0,0,3.1385,0.275309,0.719224,3.6288,61.308,0.443816,0,0,1.3417,0.181175,0.716707,0.66528,12.849,1,0.381074,0.719224,0,55.8515,3.52575,52.6639,0.84672,12.849,0.84672,3695.15,0,0,0,1.05326,1.61007,5.30784,0.825837,7.14533,0.42336,0,0.42336,460.49,0,1.02816,0,0,2.08142,1.05326,1.028160,1,0,60.5259,0,0,0,60.5259,0
72.29,2.1149,0,0,3.38816,0.228408,1.04485,3.6288,61.308,0.422044,0,0,1.66546,0.196339,1.04708,0.66528,12.849,1,0.375908,1.04485,0,53.5825,3.99801,50.2534,0.84672,12.849,0.84672,3695.15,0,0,0,1.3243,1.61044,5.64557,0.889411,7.6909,0.42336,0,0.42336,460.49,0,1.02816,0,0,2.35246,1.3243,1.028160,1,0,58.9914,0,0,0,58.9914,0
72.29,2.11539,0,0,3.20627,0.224772,0.86611,3.6288,61.308,0.422377,0,0,1.73055,0.204508,1.10366,0.66528,12.849,1,0.375994,0.86611,0,57.2992,4.11421,53.6751,0.84672,12.849,0.84672,3695.15,0,0,0,1.66989,1.58721,5.54152,0.941935,7.85668,0.42336,0,0.42336,460.49,0,1.02816,0,0,2.69805,1.66989,1.028160,1,0,62.6354,0,0,0,62.6354,0
72.29,2.11587,0,0,2.81103,0.224772,0.470388,3.6288,61.308,0.42271,0,0,1.63183,0.204508,1.00461,0.66528,12.849,1,0.37608,0.470388,0,52.3184,4.11421,48.2985,0.84672,12.849,0.84672,3695.15,0,0,0,1.34339,1.58757,5.16116,0.941935,7.15019,0.42336,0,0.42336,460.49,0,1.02816,0,0,2.37155,1.34339,1.028160,1,0,56.4533,0,0,0,56.4533,0
72.29,2.11636,0,0,3.04894,0.224772,0.707813,3.6288,61.308,0.423043,0,0,1.5658,0.204508,0.938251,0.66528,12.849,1,0.376167,0.707813,0,56.4005,4.11421,52.6179,0.84672,12.849,0.84672,3695.15,0,0,0,0.898301,1.58793,5.64862,0.941935,7.19292,0.42336,0,0.42336,460.49,0,1.02816,0,0,1.92646,0.898301,1.028160,1,0,60.749,0,0,0,60.749,0
72.29,2.21726,0,0,2.82413,0.165499,0.441371,3.6288,61.308,0.501854,0,0,1.5817,0.235888,0.843957,0.66528,12.849,1,0.394101,0.441371,0,51.0337,4.55386,46.5271,0.84672,12.849,0.84672,3695.15,0,0,0,1.15327,1.5883,5.24444,1.02671,6.9593,0.42336,0,0.42336,460.49,0,1.02816,0,0,2.18143,1.15327,1.028160,1,0,54.3304,0,0,0,54.3304,0
72.1268,2.21777,0,0,2.59467,0.177241,0.36288,3.6288,61.308,0.502205,0,0,1.58775,0.254538,0.831004,0.66528,12.849,1,0.394192,0.36288,0,43.969,4.98508,38.9526,0.84672,12.849,0.84672,3695.15,0,0,0,0.924368,1.67146,4.0915,1.05627,5.63106,0.42336,0,0.42336,460.49,0,1.02816,0,0,1.95253,0.924368,1.028160,1,0,45.4146,0,0,0,45.4146,0
71.7461,2.21752,0,0,2.37679,0.177022,0.36288,3.6288,61.308,0.502556,0,0,1.45234,0.254538,0.695247,0.66528,12.849,1,0.39504,0.36288,0,39.4527,4.98508,34.4355,0.84672,12.849,0.84672,3695.15,0,0,0,0.732128,1.67184,3.90811,1.05627,5.25582,0.42336,0,0.42336,460.49,0,1.02816,0,0,1.76029,0.732128,1.028160,1,0,40.3866,0,0,0,40.3866,0
71.2414,2.21625,0,0,2.20793,0.1335,0.36288,3.6288,61.308,0.502907,0,0,1.39037,0.282868,0.604599,0.66528,12.849,1,0.396908,0.36288,0,34.9072,5.30639,29.5667,0.84672,12.849,0.84672,3695.15,0,0,0,0.671276,1.67223,3.73158,1.13836,4.93672,0.42336,0,0.42336,460.49,0,1.02816,0,0,1.69944,0.671276,1.028160,1,0,35.1081,0,0,0,35.1081,0
70.6169,2.21438,0,0,2.07852,0.125845,0.36288,3.6288,61.308,0.503259,0,0,1.32792,0.28759,0.537076,0.66528,12.849,1,0.399382,0.36288,0,34.3951,5.35994,28.9987,0.84672,12.849,0.84672,3695.15,0,0,0,0.553288,1.67261,3.77976,1.15204,4.85361,0.42336,0,0.42336,460.49,0,1.02816,0,0,1.58145,0.553288,1.028160,1,0,34.3894,0,0,0,34.3894,0
69.6461,2.19209,0,0,1.6916,0.107397,0.36288,3.6288,61.308,0.546793,0,0,1.23452,0.279905,0.407821,0.66528,12.849,1,0.398858,0.36288,0,29.5325,5.09542,24.4011,0.84672,12.849,0.84672,3695.15,0,0,0,0.54222,1.67299,3.67078,1.16217,4.72382,0.42336,0,0.42336,460.49,0,1.02816,0,0,1.57038,0.54222,1.028160,1,0,29.5327,0,0,0,29.5327,0
68.6439,2.1879,0,0,1.65227,0.103643,0.36288,3.6288,61.308,0.547154,0,0,1.1849,0.278624,0.35912,0.66528,12.849,1,0.403645,0.36288,0,27.2977,5.05134,22.2056,0.84672,12.849,0.84672,3695.15,0,0,0,0.587892,1.70235,3.84594,1.16386,4.97232,0.42336,0,0.42336,460.49,0,1.02816,0,0,1.61605,0.587892,1.028160,1,0,27.5371,0,0,0,27.5371,0
67.5802,2.18343,0,0,1.57614,0.0935349,0.36288,3.6288,61.308,0.547516,0,0,1.15675,0.294168,0.315065,0.66528,12.849,1,0.408702,0.36288,0,25.6696,5.26851,20.3553,0.84672,12.849,0.84672,3695.15,0,0,0,0.597974,1.70274,3.85213,1.23736,4.91548,0.42336,0,0.42336,460.49,0,1.02816,0,0,1.62613,0.597974,1.028160,1,0,25.5858,0,0,0,25.5858,0
66.3481,2.17853,0,0,1.3793,0.0699894,0.36288,3.6288,61.308,0.547877,0,0,1.09294,0.329011,0.216055,0.66528,12.849,1,0.414202,0.36288,0,24.1209,6.01483,18.0547,0.84672,12.849,0.84672,3695.15,0,0,0,0.439759,1.70313,3.74859,1.49655,4.39493,0.42336,0,0.42336,460.49,0,1.02816,0,0,1.46792,0.439759,1.028160,1,0,22.6657,0,0,0,22.6657,0
64.9124,2.22329,0,0,1.22246,0.0720675,0.36288,3.6288,61.308,0.586759,0,0,0.926839,0.324806,0.0152732,0.66528,12.849,1,0.430562,0.36288,0,20.4719,6.16359,14.2406,0.84672,12.849,0.84672,3695.15,0,0,0,0.271918,1.70352,3.22285,1.53871,3.65958,0.42336,0,0.42336,460.49,0,1.02816,0,0,1.30008,0.271918,1.028160,1,0,17.9155,0,0,0,17.9155,0
63.5361,2.21584,0,0,1.27682,0.0743606,0.36288,3.6288,61.308,0.676554,0,0,1.01645,0.326346,0.0135531,0.66528,12.849,1,0.438613,0.36288,0,23.9454,6.00033,17.8694,0.84672,12.849,0.84672,3695.15,0,0,0,0.261274,1.74502,3.07917,1.4608,3.62466,0.42336,0,0.42336,460.49,0,0.938736,0,0,1.20001,0.261274,1.028160,1,0,21.5076,0,0,0,21.5076,0
62.0666,2.20845,0,0,1.17539,0.0735381,0.36288,3.6288,61.2559,0.587501,0,0,0.861719,0.326346,0,0.66528,12.849,1,0.446618,0.36288,0,19.6684,6.00033,13.5844,0.84672,12.849,0.84672,3695.15,0,0,0,0.244633,1.74542,2.97727,1.4608,3.50652,0.42336,0,0.42336,460.49,0,1.02816,0,0,1.27279,0.244633,1.028160,1,0,17.0909,0,0,0,17.0909,0
60.5072,2.20019,0,0,1.07625,0.0726598,0.36288,3.6288,60.9723,0.755427,0,0,0.798137,0.326238,0,0.66528,12.849,1,0.455483,0.36288,0,18.6948,6.00033,12.6019,0.84672,12.849,0.84672,3695.15,0,0,0,0.227405,1.74582,2.61699,1.4608,3.12941,0.42336,0,0.42336,460.49,0,0.860604,0,0,1.08801,0.227405,1.028160,1,0,15.7313,0,0,0,15.7313,0
58.8813,2.33734,0,0,1.13714,0.0628023,0.36288,3.6288,60.8925,0.66528,0,0,0.916229,0.330822,0,0.66528,12.849,1,0.496346,0.36288,0,18.3354,6.14988,12.052,0.84672,12.849,0.84672,3695.15,0,0,0,0.277456,1.74622,3.46193,1.49068,3.99492,0.42336,0,0.42336,460.49,0,1.02816,0,0,1.30562,0.277456,1.028160,1,0,16.047,0,0,0,16.047,0
57.211,2.32662,0,0,1.12104,0.101807,0.36288,3.6288,60.6969,0.66528,0,0,0.794448,0.324767,0,0.66528,12.849,1,0.507713,0.36288,0,16.2611,6.03425,10.082,0.84672,12.849,0.84672,3695.15,0,0,0,0.265576,1.88738,3.41406,1.43342,4.13361,0.42336,0,0.42336,460.49,0,1.02816,0,0,1.29374,0.265576,1.028160,1,0,14.2156,0,0,0,14.2156,0
55.3561,2.31505,0,0,0.923167,0.100163,0.36288,3.6288,60.3093,0.754721,0,0,0.691468,0.324365,0,0.66528,12.849,1,0.519937,0.36288,0,20.1874,6.03425,13.9961,0.84672,12.849,0.84672,3695.15,0,0,0,0.204422,1.88782,3.04587,1.43342,3.70469,0.42336,0,0.42336,460.49,0,0.938719,0,0,1.14314,0.204422,1.028160,1,0,17.7008,0,0,0,17.7008,0
53.6147,2.30144,0,0,1.02125,0.0983375,0.36288,3.6288,60.2703,0.66528,0,0,0.949851,0.323567,0,0.66528,12.849,1,0.5342,0.36288,0,17.3079,6.03425,11.1023,0.84672,12.849,0.84672,3695.15,0,0,0,0.468305,1.88825,3.63986,1.43342,4.563,0.42336,0,0.42336,460.49,0,1.02816,0,0,1.49647,0.468305,1.028160,1,0,15.6653,0,0,0,15.6653,0
51.8135,2.28797,0,0,0.948499,0.0987818,0.36288,3.6288,60.0586,0.66528,0,0,0.763456,0.309787,0,0.66528,12.849,1,0.548322,0.36288,0,16.6051,5.66456,10.7551,0.84672,12.849,0.84672,3695.15,0,0,0,0.349764,1.88869,4.1354,1.28951,5.08434,0.42336,0,0.42336,460.49,0,1.02816,0,0,1.37792,0.349764,1.028160,1,0,15.8395,0,0,0,15.8395,0
50.0301,2.20386,0,0,0.942054,0.158716,0.36288,3.6288,59.9123,0.644859,0,0,0.749644,0.251129,0,0.66528,12.849,1,0.546525,0.36288,0,14.3305,4.5685,9.57833,0.84672,12.849,0.84672,3695.15,0,0,0,0.394788,1.88912,3.59935,0.965872,4.91739,0.42336,0,0.42336,460.49,0,1.02816,0,0,1.42295,0.394788,1.028160,1,0,14.4957,0,0,0,14.4957,0
48.1798,2.18886,0,0,0.879336,0.177942,0.36288,3.6288,59.8094,0.645243,0,0,0.783579,0.241287,0,0.66528,12.849,1,0.562155,0.36288,0,19.2865,4.49977,14.5874,0.84672,12.849,0.84672,3695.15,0,0,0,0.459812,1.808,2.7304,0.980327,4.01789,0.42336,0,0.42336,460.49,0,1.02816,0,0,1.48797,0.459812,1.028160,1,0,18.6053,0,0,0,18.6053,0
46.2135,2.14004,0,0,0.711037,0.174437,0.36288,3.6288,59.6199,0.66528,0,0,0.716921,0.241129,0,0.66528,12.849,1,0.570725,0.36288,0,9.62816,4.49977,4.92054,0.84672,12.849,0.84672,3695.15,0,0,0,0.482691,1.80841,2.38585,0.980327,3.69663,0.42336,0,0.42336,460.49,0,1.02816,0,0,1.51085,0.482691,1.028160,1,0,8.61716,0,0,0,8.61716,0
44.2606,2.12184,0,0,0.715582,0.183691,0.36288,3.6288,59.4871,0.66528,0,0,0.763854,0.23129,0,0.66528,12.7022,1,0.589947,0.36288,0,7.56708,4.28136,3.20544,0.84672,12.7022,0.84672,3695.15,0,0,0,0.429045,1.83275,2.31141,0.930958,3.64224,0.42336,0,0.42336,460.49,0,1.02816,0,0,1.45721,0.429045,1.028160,1,0,6.84768,0,0,0,6.84768,0
42.2929,2.05261,0,0,0.703408,0.255692,0.36288,3.6288,59.0366,0.794785,0,0,0.527553,0.183297,0,0.66528,12.849,1,0.589073,0.36288,0,8.26067,3.31788,4.56981,0.84672,12.849,0.84672,3695.15,0,0,0,0.216518,1.83294,2.3838,0.734184,3.69907,0.42336,0,0.42336,460.49,0,0.842833,0,0,1.05935,0.216518,1.028160,1,0,8.26889,0,0,0,8.26889,0
40.3979,1.9678,0,0,0.685057,0.249345,0.36288,3.6288,58.2567,0.962997,0,0,0.389362,0.206291,0,0.66528,12.849,1,0.597838,0.36288,0,11.2896,4.18541,6.86927,0.84672,12.849,0.84672,3695.15,0,0,0,0.216518,1.76028,2.79955,0.982772,3.79357,0.42336,0,0.42336,460.49,0,0.730443,0,0,0.946961,0.216518,1.028160,1,0,10.6628,0,0,0,10.6628,0
39.1239,1.94727,0,0,1.28003,0.243847,0.36288,3.6288,58.4485,0.66528,0,0,1.06233,0.205259,0,0.66528,12.849,1,0.619352,0.36288,0,22.492,4.18541,18.0501,0.84672,12.849,0.84672,3695.15,0,0,0,1.87251,1.80554,6.17622,0.982772,8.8715,0.42336,0,0.42336,460.49,0,1.02816,0,0,2.90067,1.87251,1.028160,1,0,26.9216,0,0,0,26.9216,0
38.9293,1.93283,0,0,2.34961,0.248483,0.36288,3.6288,59.509,0.66528,0,0,1.92358,0.197823,0,0.66528,12.849,1,0.634776,0.36288,0,43.2453,4.07658,38.8968,0.84672,12.849,0.84672,3695.15,0,0,0,1.82874,1.80572,8.083,0.951946,10.7655,0.42336,0,0.42336,460.49,0,1.02816,0,0,2.8569,1.82874,1.028160,1,0,49.6623,0,0,0,49.6623,0
37.9362,1.77919,0,0,1.4161,0.267202,0.36288,3.6288,59.9097,0.525875,0,0,1.10786,0.181226,0,0.66528,12.849,1,0.58724,0.36288,0,25.1717,3.69801,21.2493,0.84672,12.849,0.84672,3695.15,0,0,0,0.601854,1.80591,5.06946,0.724166,6.75305,0.42336,0,0.42336,460.49,0,1.02816,0,0,1.63001,0.601854,1.028160,1,0,28.0024,0,0,0,28.0024,0
38.1401,1.64843,0,0,2.45267,0.23743,0.36288,3.6288,60.0427,0.66528,0,0,0.978653,0.180382,0,0.66528,12.849,1,0.558325,0.36288,0,36.1558,3.84121,32.1191,0.84672,12.849,0.84672,3695.15,0,0,0,0.968475,1.64412,3.31496,1.03228,4.89528,0.42336,0,0.42336,460.49,0,1.02816,0,0,1.99663,0.968475,1.028160,1,0,37.0144,0,0,0,37.0144,0
37.8799,1.65134,0,0,1.992,0.237997,0.36288,3.6288,59.986,0.66528,0,0,0.789064,0.180535,0,0.66528,12.849,1,0.556319,0.36288,0,27.8954,3.84121,23.8607,0.84672,12.849,0.84672,3695.15,0,0,0,0.696038,1.73825,3.07564,1.03228,4.47766,0.42336,0,0.42336,460.49,0,1.02816,0,0,1.7242,0.696038,1.028160,1,0,28.3384,0,0,0,28.3384,0
37.3498,1.64916,0,0,1.71922,0.237274,0.36288,3.6288,59.9531,0.66528,0,0,0.81288,0.18047,0,0.66528,12.849,1,0.559401,0.36288,0,24.8104,3.84121,20.7726,0.84672,12.849,0.84672,3695.15,0,0,0,0.717664,1.73842,6.66201,1.03228,8.08582,0.42336,0,0.42336,460.49,0,1.02816,0,0,1.74582,0.717664,1.028160,1,0,28.8585,0,0,0,28.8585,0
36.9961,1.64392,0,0,1.88049,0.22734,0.36288,3.6288,59.9141,0.66528,0,0,0.840257,0.213939,0,0.66528,12.849,1,0.565539,0.36288,0,38.123,5.00084,32.9195,0.84672,12.849,0.84672,3695.15,0,0,0,0.877072,1.73859,5.49193,1.30074,6.80685,0.42336,0,0.42336,460.49,0,1.02816,0,0,1.90523,0.877072,1.028160,1,0,39.7263,0,0,0,39.7263,0
36.5653,1.69835,0,0,1.87193,0.241491,0.36288,3.6288,60.1444,0.66528,0,0,1.06757,0.172031,0,0.66528,12.849,1,0.589848,0.36288,0,43.058,4.00272,38.8283,0.84672,12.849,0.84672,3695.15,0,0,0,1.02094,1.73876,4.80623,0.980016,6.58592,0.42336,0,0.42336,460.49,0,1.02816,0,0,2.0491,1.02094,1.028160,1,0,45.4142,0,0,0,45.4142,0
36.536,1.72832,0,0,2.31634,0.254435,0.36288,3.6288,60.676,0.66528,0,0,1.32351,0.126615,0,0.66528,12.849,1,0.60733,0.36288,0,60.1601,3.04815,56.8675,0.84672,12.849,0.84672,3695.15,0,0,0,1.90055,1.78949,9.67326,0.634287,12.729,0.42336,0,0.42336,460.49,0,1.02816,0,0,2.92871,1.90055,1.028160,1,0,69.5966,0,0,0,69.5966,0
35.998,1.72863,0,0,1.80777,0.254347,0.36288,3.6288,61.0446,0.66528,0,0,1.16091,0.127043,0,0.66528,12.849,1,0.607923,0.36288,0,40.7621,3.04815,37.4689,0.84672,12.849,0.84672,3695.15,0,0,0,1.53431,1.76241,7.07063,0.634287,9.73306,0.42336,0,0.42336,460.49,0,1.02816,0,0,2.56247,1.53431,1.028160,1,0,47.2019,0,0,0,47.2019,0
35.6226,1.72259,0,0,1.96277,0.252717,0.36288,3.6288,61.308,0.66528,0,0,1.14555,0.12734,0.0895285,0.66528,12.849,1,0.614856,0.36288,0,43.6379,3.04815,40.3377,0.84672,12.849,0.84672,3695.15,0,0,0,1.45389,1.76258,7.63914,0.634287,10.2213,0.42336,0,0.42336,460.49,0,1.02816,0,0,2.48205,1.45389,1.028160,1,0,50.6486,0,0,0,50.6486,0
35.3188,1.90236,0,0,2.2362,0.274756,0.36288,3.6288,61.308,0.66528,0,0,1.3656,0.12251,0.577805,0.66528,12.849,1,0.686178,0.36288,0,50.6867,3.31179,47.0516,0.84672,12.849,0.84672,3695.15,0,0,0,1.80487,1.76275,7.61132,0.636399,10.5425,0.42336,0,0.42336,460.49,0,1.02816,0,0,2.83303,1.80487,1.028160,1,0,58.172,0,0,0,58.172,0
35.9795,2.02701,0,0,3.33632,0.285703,0.36288,3.6288,61.308,0.66528,0,0,1.26216,0.178938,0.417939,0.66528,12.849,1,0.737427,0.36288,0,56.5137,3.60528,52.5339,0.84672,12.849,0.84672,3695.15,0,0,0,1.37378,1.94496,6.29978,0.933676,8.68484,0.42336,0,0.42336,460.49,0,1.02816,0,0,2.40194,1.37378,1.028160,1,0,61.6367,0,0,0,61.6367,0
34.9752,2.03772,0,0,1.68433,0.287984,0.36288,3.6288,61.0208,0.828714,0,0,0.720446,0.178938,0,0.66528,12.849,1,0.72771,0.36288,0,34.5311,3.60528,30.5609,0.84672,12.849,0.84672,3695.15,0,0,0,0.608429,1.84279,3.77606,0.933676,5.29361,0.42336,0,0.42336,460.49,0,0.864726,0,0,1.47315,0.608429,1.028160,1,0,35.8546,0,0,0,35.8546,0
33.7658,2.02316,0,0,1.43611,0.259553,0.36288,3.6288,60.3249,1.10219,0,0,0.597275,0.190949,0,0.66528,12.849,1,0.743258,0.36288,0,25.324,3.53031,21.4133,0.84672,12.849,0.84672,3695.15,0,0,0,0.608429,1.84298,3.59518,0.883465,5.16312,0.42336,0,0.42336,460.49,0,0.591252,0,0,1.19968,0.608429,1.028160,1,0,26.5764,0,0,0,26.5764,0
33.1841,1.74588,0,0,1.77691,0.249823,0.36288,3.6288,60.6359,0.451503,0,0,0.966254,0.203751,0,0.66528,12.849,1,0.664366,0.36288,0,35.59,3.61225,31.6762,0.84672,12.849,0.84672,3695.15,0,0,0,0.679942,1.84316,4.80989,0.912479,6.42052,0.42336,0,0.42336,460.49,0,1.02816,0,0,1.7081,0.679942,1.028160,1,0,38.0967,0,0,0,38.0967,0
33.8737,1.56875,0,0,2.85839,0.237187,0.36288,3.6288,60.6861,0.66528,0,0,0.989349,0.273867,0,0.66528,12.849,1,0.607425,0.36288,0,42.921,4.1789,38.4976,0.84672,12.849,0.84672,3695.15,0,0,0,0.812765,1.59487,5.91533,1.13677,7.18619,0.42336,0,0.42336,460.49,0,1.02816,0,0,1.84092,0.812765,1.028160,1,0,45.6838,0,0,0,45.6838,0
34.7911,1.57834,0,0,3.09788,0.239216,0.36288,3.6288,61.0278,0.66528,0,0,1.28091,0.273954,0,0.66528,12.849,1,0.598698,0.36288,0,66.46,4.1789,62.0453,0.84672,12.849,0.84672,3695.15,0,0,0,1.48143,1.73251,7.1894,1.13677,9.26658,0.42336,0,0.42336,460.49,0,1.02816,0,0,2.50959,1.48143,1.028160,1,0,71.3119,0,0,0,71.3119,0
36.7468,1.5905,0,0,4.14323,0.234116,0.36288,3.6288,61.308,0.66528,0,0,1.38948,0.268542,0.175469,0.66528,12.849,1,0.587401,0.36288,0,78.2836,4.0917,73.9674,0.84672,12.849,0.84672,3695.15,0,0,0,1.21653,1.73267,8.44811,1.12425,10.2731,0.42336,0,0.42336,460.49,0,1.02816,0,0,2.24469,1.21653,1.028160,1,0,84.4159,0,0,0,84.4159,0
38.0591,1.6143,0,0,3.4904,0.200975,0.36288,3.6288,61.308,0.66528,0,0,1.53934,0.24692,0.627137,0.66528,12.849,1,0.564461,0.36288,0,90.0124,3.75489,86.0559,0.84672,12.849,0.84672,3695.15,0,0,0,1.20289,1.73284,8.62897,1.00617,10.5585,0.42336,0,0.42336,460.49,0,1.02816,0,0,2.23105,1.20289,1.028160,1,0,97.2416,0,0,0,97.2416,0
38.5432,1.69678,0,0,2.76425,0.220441,0.36288,3.6288,61.308,0.66528,0,0,1.54818,0.250208,0.632688,0.66528,12.849,1,0.572846,0.36288,0,62.0514,4.31998,57.5214,0.84672,12.849,0.84672,3695.15,0,0,0,2.46986,1.733,7.33895,1.09414,10.4477,0.42336,0,0.42336,460.49,0,1.02816,0,0,3.49802,2.46986,1.028160,1,0,68.6018,0,0,0,68.6018,0
37.9869,1.746,0,0,1.77797,0.22544,0.36288,3.6288,60.9427,0.986956,0,0,0.868977,0.247323,0,0.66528,12.849,1,0.582058,0.36288,0,41.1049,4.49011,36.3956,0.84672,12.849,0.84672,3695.15,0,0,0,0.528595,1.79449,6.34594,1.14221,7.52682,0.42336,0,0.42336,460.49,0,0.706484,0,0,1.23508,0.528595,1.028160,1,0,43.9224,0,0,0,43.9224,0
38.7894,1.7403,0,0,3.12968,0.223982,0.36288,3.6288,61.308,0.66528,0,0,1.48514,0.246752,0.207804,0.66528,12.849,1,0.588655,0.36288,0,62.673,4.49011,57.9571,0.84672,12.849,0.84672,3695.15,0,0,0,1.54461,1.76099,7.29829,1.14221,9.46167,0.42336,0,0.42336,460.49,0,1.02816,0,0,2.57277,1.54461,1.028160,1,0,67.6266,0,0,0,67.6266,0
39.0687,1.75013,0,0,2.61844,0.226086,0.36288,3.6288,61.308,0.66528,0,0,1.39749,0.247323,0.484882,0.66528,12.849,1,0.57973,0.36288,0,57.2689,4.49011,52.5619,0.84672,12.849,0.84672,3695.15,0,0,0,0.963291,1.76115,7.01171,1.14221,8.59395,0.42336,0,0.42336,460.49,0,1.02816,0,0,1.99145,0.963291,1.028160,1,0,61.6407,0,0,0,61.6407,0
39.0138,1.72741,0,0,2.23044,0.195054,0.36288,3.6288,61.308,0.664079,0,0,1.16215,0.263892,0.234179,0.66528,12.849,1,0.568115,0.36288,0,47.577,4.87567,42.4961,0.84672,12.849,0.84672,3695.15,0,0,0,0.867871,1.76132,5.76698,1.2979,7.09827,0.42336,0,0.42336,460.49,0,1.02816,0,0,1.89603,0.867871,1.028160,1,0,49.8286,0,0,0,49.8286,0
38.7022,1.71065,0,0,1.9745,0.212584,0.36288,3.6288,61.2079,0.66528,0,0,0.79113,0.22591,0,0.66528,12.849,1,0.563394,0.36288,0,40.5048,4.50198,35.8023,0.84672,12.849,0.84672,3695.15,0,0,0,0.599521,1.73761,4.65765,1.19943,5.79535,0.42336,0,0.42336,460.49,0,1.02816,0,0,1.62768,0.599521,1.028160,1,0,41.5977,0,0,0,41.5977,0
38.0259,1.70791,0,0,1.59735,0.20288,0.36288,3.6288,60.9022,0.759974,0,0,0.679104,0.224905,0,0.66528,12.849,1,0.56702,0.36288,0,31.5454,4.52341,26.8179,0.84672,12.849,0.84672,3695.15,0,0,0,0.402797,1.75086,3.84271,1.19049,4.80588,0.42336,0,0.42336,460.49,0,0.933466,0,0,1.33626,0.402797,1.028160,1,0,31.6237,0,0,0,31.6237,0
37.2246,1.70103,0,0,1.41066,0.148081,0.36288,3.6288,60.4003,0.900901,0,0,0.618375,0.21931,0,0.66528,12.849,1,0.574782,0.36288,0,28.8646,4.65202,24.0007,0.84672,12.849,0.84672,3695.15,0,0,0,0.402797,1.75103,3.42424,1.13685,4.44121,0.42336,0,0.42336,460.49,0,0.792539,0,0,1.19534,0.402797,1.028160,1,0,28.4419,0,0,0,28.4419,0
36.1775,1.78145,0,0,1.24399,0.146693,0.36288,3.6288,59.7486,1.00645,0,0,0.573307,0.218612,0,0.66528,12.849,1,0.614913,0.36288,0,26.8221,4.65202,21.918,0.84672,12.849,0.84672,3695.15,0,0,0,0.402797,1.75119,3.02886,1.13685,4.046,0.42336,0,0.42336,460.49,0,0.686992,0,0,1.08979,0.402797,1.028160,1,0,25.964,0,0,0,25.964,0
35.1202,1.82759,0,0,1.26525,0.132126,0.36288,3.6288,59.3994,0.66528,0,0,0.563604,0.24747,0,0.66528,12.849,1,0.649095,0.36288,0,28.2531,4.4394,23.5275,0.84672,12.849,0.84672,3695.15,0,0,0,0.539646,1.83513,2.98024,1.18349,4.17153,0.42336,0,0.42336,460.49,0,1.02816,0,0,1.56781,0.539646,1.028160,1,0,27.6991,0,0,0,27.6991,0
34.0126,1.81396,0,0,1.18922,0.119932,0.36288,3.6288,59.0707,0.66528,0,0,0.586956,0.250446,0,0.66528,12.849,1,0.663652,0.36288,0,26.0241,4.54776,21.1756,0.84672,12.849,0.84672,3695.15,0,0,0,0.543542,1.78885,3.02891,1.16343,4.19787,0.42336,0,0.42336,460.49,0,1.02816,0,0,1.5717,0.543542,1.028160,1,0,25.3735,0,0,0,25.3735,0
32.8752,1.79895,0,0,1.14278,0.118323,0.36288,3.6288,58.7534,0.66528,0,0,0.597933,0.249919,0,0.66528,12.849,1,0.679591,0.36288,0,24.5335,4.54776,19.669,0.84672,12.849,0.84672,3695.15,0,0,0,0.465307,1.78902,3.02023,1.16343,4.11114,0.42336,0,0.42336,460.49,0,1.02816,0,0,1.49347,0.465307,1.028160,1,0,23.7801,0,0,0,23.7801,0
31.6838,1.78271,0,0,1.07078,0.116671,0.36288,3.6288,58.3952,0.66528,0,0,0.556474,0.24941,0,0.66528,12.849,1,0.696757,0.36288,0,22.9829,4.54776,18.1013,0.84672,12.849,0.84672,3695.15,0,0,0,0.363597,1.7892,2.80027,1.16343,3.78963,0.42336,0,0.42336,460.49,0,1.02816,0,0,1.39176,0.363597,1.028160,1,0,21.8909,0,0,0,21.8909,0
30.6827,1.74788,0,0,1.19562,0.0859557,0.36288,3.6288,58.1846,0.66528,0,0,0.697639,0.242976,0,0.66528,12.849,1,0.708832,0.36288,0,25.4033,5.20383,19.8535,0.84672,12.849,0.84672,3695.15,0,0,0,0.742738,1.78937,3.06622,1.21597,4.38236,0.42336,0,0.42336,460.49,0,1.02816,0,0,1.7709,0.742738,1.028160,1,0,24.2359,0,0,0,24.2359,0
29.6561,1.76302,0,0,1.18187,0.0825049,0.36288,3.6288,58.0217,0.66528,0,0,0.731169,0.228753,0,0.66528,12.849,1,0.738302,0.36288,0,26.386,5.19361,20.8169,0.84672,12.849,0.84672,3695.15,0,0,0,0.77004,1.81886,3.27388,1.19829,4.66449,0.42336,0,0.42336,460.49,0,1.02816,0,0,1.7982,0.77004,1.028160,1,0,25.4814,0,0,0,25.4814,0
28.5409,1.74584,0,0,1.07485,0.0813806,0.36288,3.6288,57.8409,0.66528,0,0,0.712999,0.228512,0,0.66528,12.849,1,0.756415,0.36288,0,25.8695,5.19361,20.2824,0.84672,12.849,0.84672,3695.15,0,0,0,0.746773,1.79347,3.13695,1.19829,4.47891,0.42336,0,0.42336,460.49,0,1.02816,0,0,1.77493,0.746773,1.028160,1,0,24.7613,0,0,0,24.7613,0
27.3473,1.72611,0,0,0.975586,0.0801591,0.36288,3.6288,57.6163,0.66528,0,0,0.668892,0.228246,0,0.66528,12.849,1,0.777087,0.36288,0,23.0519,5.19361,17.444,0.84672,12.849,0.84672,3695.15,0,0,0,0.546601,1.79365,3.03458,1.19829,4.17655,0.42336,0,0.42336,460.49,0,1.02816,0,0,1.57476,0.546601,1.028160,1,0,21.6206,0,0,0,21.6206,0
26.1119,1.74533,0,0,0.934744,0.0619645,0.36288,3.6288,57.2968,0.66528,0,0,0.652838,0.306977,0,0.66528,12.849,1,0.820034,0.36288,0,22.2845,6.12517,15.7021,0.84672,12.849,0.84672,3695.15,0,0,0,0.578431,1.79382,2.8695,1.54412,3.69764,0.42336,0,0.42336,460.49,0,1.02816,0,0,1.60659,0.578431,1.028160,1,0,19.3998,0,0,0,19.3998,0
24.787,1.75857,0,0,0.867119,0.0705835,0.36288,3.6288,56.9784,0.66528,0,0,0.663362,0.316499,0,0.66528,12.849,1,0.84672,0.36288,0,20.0088,5.98395,13.541,0.84672,12.849,0.84672,3695.15,0,0,0,0.745787,1.83559,2.71936,1.50705,3.79369,0.42336,0,0.42336,460.49,0,1.02816,0,0,1.77395,0.745787,1.028160,1,0,17.3347,0,0,0,17.3347,0
23.397,1.75952,0,0,0.801697,0.0692619,0.36288,3.6288,56.6125,0.66528,0,0,0.615166,0.315845,0,0.66528,12.849,1,0.84672,0.36288,0,19.1865,5.98395,12.7187,0.84672,12.849,0.84672,3695.15,0,0,0,0.529934,1.81296,2.36447,1.50705,3.20032,0.42336,0,0.42336,460.49,0,1.02816,0,0,1.55809,0.529934,1.028160,1,0,15.919,0,0,0,15.919,0
22.0282,1.76048,0,0,0.819504,0.0649803,0.36288,3.6288,56.3128,0.66528,0,0,0.683175,0.317607,0,0.66528,12.849,1,0.84672,0.36288,0,18.2485,6.05873,11.7059,0.84672,12.849,0.84672,3695.15,0,0,0,0.740163,1.81314,2.92464,1.52199,3.95596,0.42336,0,0.42336,460.49,0,1.02816,0,0,1.76832,0.740163,1.028160,1,0,15.6618,0,0,0,15.6618,0
20.5205,1.94092,0,0,0.853874,0.0577037,0.36288,3.6288,56.0589,0.66528,0,0,0.700402,0.288968,0,0.66528,12.849,1,0.84672,0.36288,0,18.2763,6.18411,11.6083,0.84672,12.849,0.84672,3695.15,0,0,0,0.854211,1.81332,3.1925,1.57286,4.28717,0.42336,0,0.42336,460.49,0,1.02816,0,0,1.88237,0.854211,1.028160,1,0,15.8955,0,0,0,15.8955,0
18.9245,2.02084,0,0,0.854185,0.0665344,0.36288,3.6288,55.7407,0.66528,0,0,0.661988,0.314875,0,0.66528,12.849,1,0.84672,0.36288,0,17.6065,6.19146,10.9312,0.84672,12.849,0.84672,3695.15,0,0,0,0.797818,1.95592,3.16915,1.61748,4.3054,0.42336,0,0.42336,460.49,0,1.02816,0,0,1.82598,0.797818,1.028160,1,0,15.2366,0,0,0,15.2366,0
17.4398,2.02147,0,0,0.966583,0.0669386,0.36288,3.6288,55.5801,0.66528,0,0,0.823902,0.319314,0,0.66528,12.849,1,0.84672,0.36288,0,22.3633,6.18712,15.6924,0.84672,12.849,0.84672,3695.15,0,0,0,1.25362,1.90994,3.5975,1.62309,5.13797,0.42336,0,0.42336,460.49,0,1.02816,0,0,2.28178,1.25362,1.028160,1,0,20.8304,0,0,0,20.8304,0
15.7529,2.02211,0,0,0.763638,0.0655373,0.36288,3.6288,55.1972,0.66528,0,0,0.601408,0.318978,0,0.66528,12.849,1,0.84672,0.36288,0,23.0781,6.18712,16.4072,0.84672,12.849,0.84672,3695.15,0,0,0,0.606537,1.91037,2.85053,1.62309,3.74434,0.42336,0,0.42336,460.49,0,1.02816,0,0,1.6347,0.606537,1.028160,1,0,20.1515,0,0,0,20.1515,0
14.2492,2.02275,0,0,0.945769,0.063772,0.36288,3.6288,55.2143,0.66528,0,0,1.00054,0.318177,0,0.66528,12.849,1,0.84672,0.36288,0,20.4524,6.18712,13.7815,0.84672,12.849,0.84672,3695.15,0,0,0,1.88749,1.91079,4.28351,1.62309,6.45871,0.42336,0,0.42336,460.49,0,1.02816,0,0,2.91565,1.88749,1.028160,1,0,20.2402,0,0,0,20.2402,0
12.601,1.93581,0,0,0.711446,0.0609866,0.36288,3.6288,55.0312,0.664415,0,0,0.757132,0.275801,0,0.66528,12.849,1,0.84672,0.36288,0,27.1353,5.47236,21.1791,0.84672,12.849,0.84672,3695.15,0,0,0,0.871664,1.91122,4.14387,1.49826,5.42849,0.42336,0,0.42336,460.49,0,1.02816,0,0,1.89982,0.871664,1.028160,1,0,26.6076,0,0,0,26.6076,0
11.3779,1.91472,0,0,1.11169,0.0571594,0.36288,3.6288,55.2562,0.66528,0,0,1.14554,0.255285,0,0.66528,12.849,1,0.84672,0.36288,0,23.034,5.25977,17.2904,0.84672,12.849,0.84672,3695.15,0,0,0,1.88764,1.82913,6.18208,1.53055,8.3683,0.42336,0,0.42336,460.49,0,1.02816,0,0,2.9158,1.88764,1.028160,1,0,25.6587,0,0,0,25.6587,0
9.75103,1.91572,0,0,0.707301,0.0556078,0.36288,3.6288,55.1409,0.66528,0,0,0.805637,0.255663,0,0.66528,12.849,1,0.84672,0.36288,0,35.1568,5.25977,29.4132,0.84672,12.849,0.84672,3695.15,0,0,0,1.31782,1.84224,4.23847,1.53055,5.86799,0.42336,0,0.42336,460.49,0,1.02816,0,0,2.34598,1.31782,1.028160,1,0,35.2811,0,0,0,35.2811,0
7.99792,1.91671,0,0,0.57997,0.0534984,0.36288,3.6288,54.9558,0.66528,0,0,0.73567,0.25547,0,0.66528,12.849,1,0.84672,0.36288,0,20.3955,5.25977,14.6519,0.84672,12.849,0.84672,3695.15,0,0,0,0.58936,1.84242,3.02883,1.53055,3.93006,0.42336,0,0.42336,460.49,0,1.02816,0,0,1.61752,0.58936,1.028160,1,0,18.582,0,0,0,18.582,0
6.79494,1.84576,0,0,1.08824,0.0825754,0.36288,3.6288,55.0342,0.608551,0,0,0.940576,0.253601,0,0.66528,12.849,1,0.84672,0.36288,0,27.0257,4.71738,21.8245,0.84672,12.849,0.84672,3695.15,0,0,0,1.42837,1.84261,4.87642,1.40144,6.74597,0.42336,0,0.42336,460.49,0,1.02816,0,0,2.45653,1.42837,1.028160,1,0,28.5705,0,0,0,28.5705,0
5.91145,1.76879,0,0,1.35022,0.102048,0.36288,3.6288,55.115,0.66528,0,0,0.955221,0.2092,0,0.66528,12.849,1,0.84672,0.36288,0,26.5207,3.75668,22.2802,0.84672,12.849,0.84672,3695.15,0,0,0,0.923789,1.76909,3.39782,0.903781,5.18692,0.42336,0,0.42336,460.49,0,1.02816,0,0,1.95195,0.923789,1.028160,1,0,27.4671,0,0,0,27.4671,0
5.67156,1.76975,0,0,1.99479,0.102051,0.36288,3.6288,55.8813,0.66528,0,0,1.63853,0.206897,0,0.66528,12.849,1,0.84672,0.36288,0,108.378,3.70849,104.185,0.84672,12.849,0.84672,3695.15,0,0,0,2.76316,1.81488,10.7535,0.861946,14.4696,0.42336,0,0.42336,460.49,0,1.02816,0,0,3.79132,2.76316,1.028160,1,0,118.655,0,0,0,118.655,0
6.10249,1.77071,0,0,2.66579,0.10126,0.36288,3.6288,56.8966,0.66528,0,0,1.88854,0.20794,0,0.66528,12.849,1,0.84672,0.36288,0,79.1947,3.70849,75.0023,0.84672,12.849,0.84672,3695.15,0,0,0,3.4202,1.81506,13.5488,0.861946,17.9221,0.42336,0,0.42336,460.49,0,1.02816,0,0,4.44836,3.4202,1.028160,1,0,92.9245,0,0,0,92.9245,0
6.91103,1.56717,0,0,2.84126,0.102681,0.36288,3.6288,58.0202,0.523999,0,0,1.85686,0.209322,0,0.66528,12.849,1,0.84672,0.36288,0,50.9844,3.70849,46.792,0.84672,12.849,0.84672,3695.15,0,0,0,3.15794,1.81524,12.7342,0.861946,16.8455,0.42336,0,0.42336,460.49,0,1.02816,0,0,4.1861,3.15794,1.028160,1,0,63.6375,0,0,0,63.6375,0
7.33182,1.4056,0,0,2.30673,0.117454,0.36288,3.6288,61.2735,0.66528,0,0,4.12998,0.211355,0,0.66528,12.849,1,0.84672,0.36288,0,46.6726,4.18892,41.9998,0.84672,12.849,0.84672,3695.15,0,0,0,3.53837,1.65156,10.7112,1.00587,14.8952,0.42336,0,0.42336,460.49,0,1.02816,0,0,4.56653,3.53837,1.028160,1,0,56.8951,0,0,0,56.8951,0
8.8885,1.40648,0,0,3.44708,0.121046,0.36288,3.6288,61.308,0.66528,0,0,3.49158,0.21588,2.57594,0.66528,12.849,1,0.84672,0.36288,0,106.064,4.26898,101.311,0.84672,12.849,0.84672,3695.15,0,0,0,4.16591,1.74679,11.4852,1.02986,16.368,0.42336,0,0.42336,460.49,0,1.02816,0,0,5.19407,4.16591,1.028160,1,0,120.255,0,0,0,120.255,0
11.3394,1.40736,0,0,4.34801,0.126867,0.36288,3.6288,61.308,0.66528,0,0,5.1664,0.215927,4.28519,0.66528,12.849,1,0.84672,0.36288,0,99.1689,4.26898,94.4161,0.84672,12.849,0.84672,3695.15,0,0,0,4.78589,1.74695,13.4532,1.02986,18.9562,0.42336,0,0.42336,460.49,0,1.02816,0,0,5.81405,4.78589,1.028160,1,0,117.657,0,0,0,117.657,0
12.1281,1.40824,0,0,2.69956,0.139721,0.36288,3.6288,61.308,0.66528,0,0,2.96806,0.178102,2.12468,0.66528,12.849,1,0.84672,0.36288,0,105.327,3.85648,100.986,0.84672,12.849,0.84672,3695.15,0,0,0,3.10261,1.74712,10.7467,0.918014,14.6784,0.42336,0,0.42336,460.49,0,1.02816,0,0,4.13077,3.10261,1.028160,1,0,117.789,0,0,0,117.789,0
12.2433,1.48786,0,0,2.10438,0.138427,0.36288,3.6288,61.308,0.66528,0,0,1.63181,0.180898,0.785633,0.66528,12.849,1,0.84672,0.36288,0,61.7766,3.95636,57.3364,0.84672,12.849,0.84672,3695.15,0,0,0,2.59762,1.74728,9.23832,0.969226,12.614,0.42336,0,0.42336,460.49,0,1.02816,0,0,3.62578,2.59762,1.028160,1,0,70.736,0,0,0,70.736,0
17.3025,1.53583,0,0,7.07969,0.121795,0.36288,3.6288,61.308,0.66528,0,0,2.40057,0.19033,1.54496,0.66528,12.849,1,0.84672,0.36288,0,171.576,3.8093,167.283,0.84672,12.849,0.84672,3695.15,0,0,0,5.1582,1.79859,15.4758,1.03467,21.3979,0.42336,0,0.42336,460.49,0,1.02816,0,0,6.18636,5.1582,1.028160,1,0,190.225,0,0,0,190.225,0
18.8818,1.53671,0,0,3.61359,0.134728,0.36288,3.6288,61.308,0.66528,0,0,1.49285,0.19033,0.637243,0.66528,12.849,1,0.84672,0.36288,0,133.345,3.8093,129.051,0.84672,12.849,0.84672,3695.15,0,0,0,3.28391,1.77119,9.14613,1.03467,13.1666,0.42336,0,0.42336,460.49,0,1.02816,0,0,4.31207,3.28391,1.028160,1,0,142.855,0,0,0,142.855,0
20.2757,1.53759,0,0,3.43217,0.137798,0.36288,3.6288,61.308,0.66528,0,0,2.77914,0.19033,1.92353,0.66528,12.849,1,0.84672,0.36288,0,113.956,3.8093,109.662,0.84672,12.849,0.84672,3695.15,0,0,0,6.90872,1.77136,12.6509,1.03467,20.2963,0.42336,0,0.42336,460.49,0,1.02816,0,0,7.93688,6.90872,1.028160,1,0,131.882,0,0,0,131.882,0
21.2574,1.79154,0,0,3.27207,0.13597,0.36288,3.6288,61.308,0.66528,0,0,1.87955,0.196784,1.01749,0.66528,12.849,1,0.84672,0.36288,0,92.4273,4.18288,87.7605,0.84672,12.849,0.84672,3695.15,0,0,0,4.43823,1.77152,10.7922,0.944982,16.057,0.42336,0,0.42336,460.49,0,1.02816,0,0,5.46639,4.43823,1.028160,1,0,104.835,0,0,0,104.835,0
24.9007,1.96944,0,0,6.13195,0.15629,0.36288,3.6288,61.308,0.66528,0,0,2.09094,0.210024,1.21564,0.66528,12.849,1,0.84672,0.36288,0,175.382,4.16062,170.738,0.84672,12.849,0.84672,3695.15,0,0,0,4.05389,1.95584,14.6647,1.0902,19.5842,0.42336,0,0.42336,460.49,0,1.02816,0,0,5.08205,4.05389,1.028160,1,0,191.538,0,0,0,191.538,0
27.1713,1.97041,0,0,4.76834,0.164437,0.36288,3.6288,61.308,0.66528,0,0,2.32711,0.210024,1.45181,0.66528,12.849,1,0.84672,0.36288,0,123.212,4.16062,118.568,0.84672,12.849,0.84672,3695.15,0,0,0,3.53558,1.85248,11.6995,1.0902,15.9974,0.42336,0,0.42336,460.49,0,1.02816,0,0,4.56374,3.53558,1.028160,1,0,136.017,0,0,0,136.017,0
30.2752,1.97138,0,0,5.60798,0.169805,0.36288,3.6288,61.308,0.66528,0,0,2.85493,0.210024,1.97963,0.66528,12.849,1,0.84672,0.36288,0,187.333,4.16062,182.689,0.84672,12.849,0.84672,3695.15,0,0,0,5.22419,1.85266,16.8992,1.0902,22.8859,0.42336,0,0.42336,460.49,0,1.02816,0,0,6.25235,5.22419,1.028160,1,0,207.554,0,0,0,207.554,0
32.4822,1.72548,0,0,4.47396,0.178619,0.36288,3.6288,61.308,0.448787,0,0,2.25767,0.196892,1.61199,0.66528,12.849,1,0.732304,0.36288,0,139.012,3.93378,134.709,0.84672,12.849,0.84672,3695.15,0,0,0,3.17242,1.85284,11.5713,1.02516,15.5714,0.42336,0,0.42336,460.49,0,1.02816,0,0,4.20058,3.17242,1.028160,1,0,151.893,0,0,0,151.893,0
35.78,1.59145,0,0,5.4455,0.193388,0.36288,3.6288,61.308,0.66528,0,0,1.76233,0.187427,0.909619,0.66528,12.849,1,0.629531,0.36288,0,115.697,3.88825,111.542,0.84672,12.849,0.84672,3695.15,0,0,0,1.61636,1.60168,10.0632,0.888329,12.3929,0.42336,0,0.42336,460.49,0,1.02816,0,0,2.64452,1.61636,1.028160,1,0,124.844,0,0,0,124.844,0
37.5738,1.63476,0,0,3.99283,0.201368,0.36288,3.6288,61.308,0.66528,0,0,1.57404,0.187427,0.721336,0.66528,12.849,1,0.587062,0.36288,0,112.099,3.88825,107.986,0.84672,12.849,0.84672,3695.15,0,0,0,1.64387,1.7409,6.32798,0.888329,8.82443,0.42336,0,0.42336,460.49,0,1.02816,0,0,2.67203,1.64387,1.028160,1,0,117.532,0,0,0,117.532,0
43.0883,1.65627,0,0,7.72321,0.189581,0.36288,3.6288,61.308,0.66528,0,0,2.41727,0.175395,1.5766,0.66528,12.849,1,0.566391,0.36288,0,145.727,3.71387,141.809,0.84672,12.849,0.84672,3695.15,0,0,0,2.99779,1.74106,14.9962,0.863278,18.8718,0.42336,0,0.42336,460.49,0,1.02816,0,0,4.02595,2.99779,1.028160,1,0,162.258,0,0,0,162.258,0
46.4614,1.71276,0,0,5.6899,0.241191,0.36288,3.6288,61.308,0.66528,0,0,2.78622,0.227726,1.89321,0.66528,12.849,1,0.510748,0.36288,0,148.103,4.1941,143.761,0.84672,12.849,0.84672,3695.15,0,0,0,2.9259,1.74122,10.2296,0.975226,13.9215,0.42336,0,0.42336,460.49,0,1.02816,0,0,3.95406,2.9259,1.028160,1,0,159.576,0,0,0,159.576,0
52.3366,1.81378,0,0,8.29284,0.240935,0.36288,3.6288,61.308,0.66528,0,0,4.01621,0.203909,3.14702,0.66528,12.849,1,0.501606,0.36288,0,177.114,3.95361,173.022,0.84672,12.849,0.84672,3695.15,0,0,0,5.14758,1.74138,20.8075,0.904584,26.7918,0.42336,0,0.42336,460.49,0,1.02816,0,0,6.17574,5.14758,1.028160,1,0,202.96,0,0,0,202.96,0
57.9697,1.90642,0,0,8.18156,0.279167,0.36288,3.6288,61.308,0.66528,0,0,4.6552,0.202065,3.78785,0.66528,12.849,1,0.468039,0.36288,0,213.948,4.04019,209.803,0.84672,12.849,0.84672,3695.15,0,0,0,4.56955,1.80357,20.3189,0.884579,25.8075,0.42336,0,0.42336,460.49,0,1.02816,0,0,5.59771,4.56955,1.028160,1,0,239.398,0,0,0,239.398,0
61.9144,2.11496,0,0,6.71795,0.295395,0.36288,3.6288,61.308,0.478036,0,0,4.06746,0.202065,3.38736,0.66528,12.849,1,0.468781,0.36288,0,157.137,4.04019,152.991,0.84672,12.849,0.84672,3695.15,0,0,0,4.97501,1.76968,14.8662,0.884579,20.7263,0.42336,0,0.42336,460.49,0,1.02816,0,0,6.00317,4.97501,1.028160,1,0,177.105,0,0,0,177.105,0
64.5175,2.14015,0,0,5.36362,0.257529,0.36288,3.6288,61.308,0.478358,0,0,2.82933,0.196238,2.15474,0.66528,12.849,1,0.444142,0.36288,0,141.182,4.38616,136.714,0.84672,12.849,0.84672,3695.15,0,0,0,2.885,1.64788,10.4845,0.907076,14.1103,0.42336,0,0.42336,460.49,0,1.02816,0,0,3.91316,2.885,1.028160,1,0,152.979,0,0,0,152.979,0
66.5741,2.12585,0,0,4.8127,0.267383,0.36288,3.6288,61.308,0.456052,0,0,2.51758,0.192112,1.86942,0.66528,12.849,1,0.423374,0.36288,0,127.794,4.25752,123.476,0.84672,12.849,0.84672,3695.15,0,0,0,2.73464,1.64823,9.99501,0.935341,13.4425,0.42336,0,0.42336,460.49,0,1.02816,0,0,3.7628,2.73464,1.028160,1,0,138.788,0,0,0,138.788,0
68.6916,2.13727,0,0,4.90046,0.282829,0.36288,3.6288,61.308,0.456369,0,0,2.41845,0.181798,1.78028,0.66528,12.849,1,0.412499,0.36288,0,115.316,3.93593,111.331,0.84672,12.849,0.84672,3695.15,0,0,0,3.3993,1.62443,11.2583,1.006,15.276,0.42336,0,0.42336,460.49,0,1.02816,0,0,4.42746,3.3993,1.028160,1,0,128.387,0,0,0,128.387,0
70.4541,2.14844,0,0,4.56143,0.287579,0.36288,3.6288,61.308,0.456687,0,0,2.26983,0.181798,1.63135,0.66528,12.849,1,0.401873,0.36288,0,105.01,3.93593,101.035,0.84672,12.849,0.84672,3695.15,0,0,0,2.94405,1.62477,10.0723,1.006,13.6352,0.42336,0,0.42336,460.49,0,1.02816,0,0,3.97221,2.94405,1.028160,1,0,116.301,0,0,0,116.301,0
71.8407,2.1574,0,0,4.17182,0.264902,0.36288,3.6288,61.308,0.457004,0,0,2.08677,0.202111,1.42765,0.66528,12.849,1,0.393454,0.36288,0,94.4378,4.21181,90.1954,0.84672,12.849,0.84672,3695.15,0,0,0,2.7711,1.62512,9.10924,1.02608,12.4794,0.42336,0,0.42336,460.49,0,1.02816,0,0,3.79926,2.7711,1.028160,1,0,104.102,0,0,0,104.102,0
72.29,2.26697,0,0,4.01465,0.257009,1.04138,3.6288,61.308,0.537635,0,0,2.03683,0.217188,1.28201,0.66528,12.849,1,0.405457,1.04138,0,82.7392,4.06307,79.3121,0.84672,12.849,0.84672,3695.15,0,0,0,2.81487,1.62547,9.87638,0.97327,13.3435,0.42336,0,0.42336,460.49,0,1.02816,0,0,3.84303,2.81487,1.028160,1,0,93.9375,0,0,0,93.9375,0
72.29,2.2696,0,0,3.62432,0.187916,1.16681,3.6288,61.308,0.53797,0,0,1.60632,0.22557,0.842783,0.66528,12.849,1,0.403404,1.16681,0,76.1339,4.74346,72.1539,0.84672,12.849,0.84672,3695.15,0,0,0,2.10871,1.71055,8.61676,1.0892,11.3468,0.42336,0,0.42336,460.49,0,1.02816,0,0,3.13687,2.10871,1.028160,1,0,84.3435,0,0,0,84.3435,0
72.29,2.27008,0,0,3.4632,0.189421,1.00369,3.6288,61.308,0.538305,0,0,1.54307,0.217828,0.786937,0.66528,12.849,1,0.40349,1.00369,0,71.6887,4.71534,67.5735,0.84672,12.849,0.84672,3695.15,0,0,0,2.14771,1.71091,7.83847,1.07412,10.623,0.42336,0,0.42336,460.49,0,1.02816,0,0,3.17587,2.14771,1.028160,1,0,78.9834,0,0,0,78.9834,0
72.29,2.27057,0,0,3.10653,0.204172,0.631787,3.6288,61.308,0.53864,0,0,1.47139,0.213878,0.718875,0.66528,12.849,1,0.403577,0.631787,0,67.703,4.46149,63.4698,0.84672,12.849,0.84672,3695.15,0,0,0,2.1655,1.71128,7.2195,1.08391,10.0124,0.42336,0,0.42336,460.49,0,1.02816,0,0,3.19366,2.1655,1.028160,1,0,74.201,0,0,0,74.201,0
72.29,2.27106,0,0,2.96533,0.190512,0.503759,3.6288,61.308,0.538975,0,0,1.45575,0.221063,0.695716,0.66528,12.849,1,0.403663,0.503759,0,62.8759,4.2192,58.7568,0.84672,12.849,0.84672,3695.15,0,0,0,2.22074,1.71164,6.91209,1.12553,9.71894,0.42336,0,0.42336,460.49,0,1.02816,0,0,3.2489,2.22074,1.028160,1,0,69.1714,0,0,0,69.1714,0
72.2002,2.2512,0,0,2.65765,0.133369,0.36288,3.6288,61.308,0.583498,0,0,1.22476,0.243739,0.397526,0.66528,12.849,1,0.400133,0.36288,0,53.4965,4.66998,48.7892,0.84672,12.849,0.84672,3695.15,0,0,0,2.10985,1.71201,5.88082,1.1411,8.56158,0.42336,0,0.42336,460.49,0,1.02816,0,0,3.13801,2.10985,1.028160,1,0,57.7483,0,0,0,57.7483,0
71.8447,2.25126,0,0,2.38242,0.123756,0.36288,3.6288,61.308,0.583843,0,0,1.01816,0.248293,0.186028,0.66528,12.849,1,0.400641,0.36288,0,48.3718,4.9119,43.4222,0.84672,12.849,0.84672,3695.15,0,0,0,2.01709,1.74203,5.2954,1.12422,7.9303,0.42336,0,0.42336,460.49,0,1.02816,0,0,3.04525,2.01709,1.028160,1,0,51.5385,0,0,0,51.5385,0
71.2751,2.25005,0,0,2.16668,0.123422,0.36288,3.6288,61.308,0.584188,0,0,0.992805,0.248293,0.160325,0.66528,12.849,1,0.402409,0.36288,0,47.4252,4.9119,42.4738,0.84672,12.849,0.84672,3695.15,0,0,0,1.97764,1.7424,5.07394,1.12422,7.66975,0.42336,0,0.42336,460.49,0,1.02816,0,0,3.0058,1.97764,1.028160,1,0,50.3039,0,0,0,50.3039,0
70.5081,2.24781,0,0,1.96661,0.122887,0.36288,3.6288,61.308,0.584532,0,0,0.931418,0.248293,0.0985926,0.66528,12.849,1,0.405221,0.36288,0,42.2595,4.9119,37.3053,0.84672,12.849,0.84672,3695.15,0,0,0,1.63868,1.74277,4.90835,1.12422,7.16558,0.42336,0,0.42336,460.49,0,1.02816,0,0,2.66684,1.63868,1.028160,1,0,44.5695,0,0,0,44.5695,0
69.6081,2.29695,0,0,1.8498,0.0899129,0.36288,3.6288,61.2073,0.624293,0,0,0.846547,0.322985,0,0.66528,12.849,1,0.418582,0.36288,0,37.9323,5.90298,31.9736,0.84672,12.849,0.84672,3695.15,0,0,0,1.59486,1.74314,4.50146,1.48871,6.35075,0.42336,0,0.42336,460.49,0,1.02816,0,0,2.62302,1.59486,1.028160,1,0,38.3243,0,0,0,38.3243,0
68.7096,2.29287,0,0,1.85014,0.0929725,0.36288,3.6288,61.088,0.624646,0,0,0.815599,0.310241,0,0.66528,12.849,1,0.423241,0.36288,0,43.5605,5.92116,37.5789,0.84672,12.849,0.84672,3695.15,0,0,0,1.44177,1.78557,3.89897,1.51172,5.6146,0.42336,0,0.42336,460.49,0,1.02816,0,0,2.46993,1.44177,1.028160,1,0,43.1935,0,0,0,43.1935,0
67.7191,2.28869,0,0,1.75344,0.0923255,0.36288,3.6288,60.8826,0.625,0,0,0.729665,0.310007,0,0.66528,12.849,1,0.427996,0.36288,0,38.489,5.92116,32.5027,0.84672,12.849,0.84672,3695.15,0,0,0,1.68252,1.78596,4.07237,1.51172,6.02912,0.42336,0,0.42336,460.49,0,1.02816,0,0,2.71068,1.68252,1.028160,1,0,38.5318,0,0,0,38.5318,0
66.6199,2.28392,0,0,1.63915,0.0916122,0.36288,3.6288,60.6228,0.625353,0,0,0.675104,0.309604,0,0.66528,12.849,1,0.43335,0.36288,0,36.5976,5.92116,30.6059,0.84672,12.849,0.84672,3695.15,0,0,0,1.44926,1.78634,3.57337,1.51172,5.29724,0.42336,0,0.42336,460.49,0,1.02816,0,0,2.47742,1.44926,1.028160,1,0,35.9032,0,0,0,35.9032,0
65.3527,2.43058,0,0,1.61713,0.0908207,0.36288,3.6288,60.3788,0.66528,0,0,0.730408,0.309094,0,0.66528,12.849,1,0.468787,0.36288,0,33.9588,5.92116,27.9318,0.84672,12.849,0.84672,3695.15,0,0,0,1.61624,1.78672,4.04108,1.51172,5.93232,0.42336,0,0.42336,460.49,0,1.02816,0,0,2.6444,1.61624,1.028160,1,0,33.8641,0,0,0,33.8641,0
63.993,2.4235,0,0,1.51602,0.0893245,0.36288,3.6288,60.0228,0.66528,0,0,0.626857,0.317599,0,0.66528,12.849,1,0.476485,0.36288,0,27.8771,6.17671,21.5868,0.84672,12.849,0.84672,3695.15,0,0,0,1.30244,1.93113,3.98773,1.46421,5.75709,0.42336,0,0.42336,460.49,0,1.02816,0,0,2.3306,1.30244,1.028160,1,0,27.3439,0,0,0,27.3439,0
62.595,2.41559,0,0,1.4811,0.100679,0.36288,3.6288,59.6612,0.66528,0,0,0.601122,0.297482,0,0.66528,12.849,1,0.48502,0.36288,0,25.1079,6.05829,18.9275,0.84672,12.849,0.84672,3695.15,0,0,0,1.39145,1.93154,2.90043,1.41317,4.81025,0.42336,0,0.42336,460.49,0,1.02816,0,0,2.41961,1.39145,1.028160,1,0,23.7378,0,0,0,23.7378,0
61.0252,2.40711,0,0,1.29974,0.0995395,0.36288,3.6288,59.279,0.66528,0,0,0.579932,0.296797,0,0.66528,12.849,1,0.494113,0.36288,0,31.9168,6.05829,25.7272,0.84672,12.849,0.84672,3695.15,0,0,0,1.28368,1.93196,2.78523,1.41317,4.58769,0.42336,0,0.42336,460.49,0,1.02816,0,0,2.31184,1.28368,1.028160,1,0,30.3149,0,0,0,30.3149,0
59.4944,2.39713,0,0,1.32744,0.0982598,0.36288,3.6288,58.9829,0.66528,0,0,0.665232,0.296072,0,0.66528,12.849,1,0.504721,0.36288,0,27.6478,6.05829,21.4477,0.84672,12.849,0.84672,3695.15,0,0,0,1.41468,1.93237,2.8924,1.41317,4.82627,0.42336,0,0.42336,460.49,0,1.02816,0,0,2.44284,1.41468,1.028160,1,0,26.274,0,0,0,26.274,0
58.2189,2.31413,0,0,1.51902,0.11752,0.36288,3.6288,58.7588,0.66528,0,0,0.726792,0.285641,0,0.66528,12.849,1,0.499782,0.36288,0,33.3906,5.9218,27.3319,0.84672,12.849,0.84672,3695.15,0,0,0,1.96736,1.93278,3.57473,1.33119,6.14369,0.42336,0,0.42336,460.49,0,1.02816,0,0,2.99552,1.96736,1.028160,1,0,33.4756,0,0,0,33.4756,0
57.2305,2.30565,0,0,1.82336,0.143214,0.36288,3.6288,58.6122,0.66528,0,0,0.790836,0.272089,0,0.66528,12.849,1,0.508861,0.36288,0,34.4396,5.73983,28.5538,0.84672,12.849,0.84672,3695.15,0,0,0,1.64813,1.84976,3.10217,1.22187,5.37819,0.42336,0,0.42336,460.49,0,1.02816,0,0,2.67629,1.64813,1.028160,1,0,33.9319,0,0,0,33.9319,0
55.9261,2.29896,0,0,1.4993,0.141837,0.36288,3.6288,58.7805,0.66528,0,0,1.10534,0.271833,0,0.66528,12.849,1,0.516148,0.36288,0,33.4327,5.73983,27.5396,0.84672,12.849,0.84672,3695.15,0,0,0,3.5378,1.85015,3.50256,1.22187,7.66865,0.42336,0,0.42336,460.49,0,1.02816,0,0,4.56596,3.5378,1.028160,1,0,35.2083,0,0,0,35.2083,0
54.3776,2.28967,0,0,1.24406,0.140019,0.36288,3.6288,58.4376,0.66528,0,0,0.594505,0.272127,0,0.66528,12.849,1,0.52605,0.36288,0,32.0335,5.73983,26.1305,0.84672,12.849,0.84672,3695.15,0,0,0,1.33565,1.85055,2.60845,1.22187,4.57278,0.42336,0,0.42336,460.49,0,1.02816,0,0,2.36381,1.33565,1.028160,1,0,30.7033,0,0,0,30.7033,0
53.3977,2.21796,0,0,1.7893,0.188363,0.36288,3.6288,58.3343,0.607666,0,0,0.731267,0.226869,0,0.66528,12.849,1,0.524086,0.36288,0,37.3861,5.11693,32.108,0.84672,12.849,0.84672,3695.15,0,0,0,1.63548,1.85094,2.87032,1.02718,5.32957,0.42336,0,0.42336,460.49,0,1.02816,0,0,2.66364,1.63548,1.028160,1,0,37.4376,0,0,0,37.4376,0
51.6371,2.14744,0,0,0.978705,0.229011,0.36288,3.6288,57.9647,0.66528,0,0,0.551684,0.255949,0,0.66528,12.849,1,0.516735,0.36288,0,26.2621,4.15842,21.9499,0.84672,12.849,0.84672,3695.15,0,0,0,0.231077,1.7777,4.14439,1.12414,5.02903,0.42336,0,0.42336,460.49,0,1.02816,0,0,1.25924,0.231077,1.028160,1,0,26.9789,0,0,0,26.9789,0
50.7227,2.19784,0,0,1.87128,0.224896,0.36288,3.6288,58.528,0.606844,0,0,1.42544,0.255339,0,0.66528,12.849,1,0.546896,0.36288,0,41.5548,4.15842,37.2123,0.84672,12.849,0.84672,3695.15,0,0,0,2.5546,1.82399,6.31136,1.12414,9.56581,0.42336,0,0.42336,460.49,0,1.02816,0,0,3.58276,2.5546,1.028160,1,0,46.7781,0,0,0,46.7781,0
49.3031,2.19045,0,0,1.35642,0.222758,0.36288,3.6288,58.6565,0.607194,0,0,0.991915,0.256268,0,0.66528,12.849,1,0.55488,0.36288,0,35.7592,4.15842,31.4088,0.84672,12.849,0.84672,3695.15,0,0,0,1.26651,1.77757,5.16834,1.12414,7.08829,0.42336,0,0.42336,460.49,0,1.02816,0,0,2.29467,1.26651,1.028160,1,0,38.4971,0,0,0,38.4971,0
48.7497,1.95158,0,0,1.98055,0.219435,0.36288,3.6288,58.895,0.522169,0,0,1.01718,0.25648,0,0.66528,12.849,1,0.508607,0.36288,0,47.1885,4.15842,42.8843,0.84672,12.849,0.84672,3695.15,0,0,0,0.822286,1.77795,5.10494,1.12414,6.58104,0.42336,0,0.42336,460.49,0,1.02816,0,0,1.85045,0.822286,1.028160,1,0,49.4654,0,0,0,49.4654,0
50.2427,1.81769,0,0,3.8861,0.212572,0.36288,3.6288,59.8695,0.66528,0,0,1.86605,0.226271,0,0.66528,12.849,1,0.47909,0.36288,0,87.1602,4.08347,82.9606,0.84672,12.849,0.84672,3695.15,0,0,0,3.37105,1.65882,8.98396,1.05669,12.9571,0.42336,0,0.42336,460.49,0,1.02816,0,0,4.39921,3.37105,1.028160,1,0,95.9177,0,0,0,95.9177,0
50.3347,2.02287,0,0,2.68498,0.207228,0.36288,3.6288,60.5719,0.443872,0,0,1.3527,0.206432,0,0.66528,12.849,1,0.517327,0.36288,0,74.7715,3.86064,70.7564,0.84672,12.849,0.84672,3695.15,0,0,0,2.46264,1.75511,8.36767,0.975327,11.6101,0.42336,0,0.42336,460.49,0,1.02816,0,0,3.4908,2.46264,1.028160,1,0,82.3665,0,0,0,82.3665,0
49.6795,2.02406,0,0,1.9392,0.20743,0.36288,3.6288,60.6996,0.444187,0,0,0.779214,0.207357,0,0.66528,12.849,1,0.516685,0.36288,0,42.6425,3.86064,38.628,0.84672,12.849,0.84672,3695.15,0,0,0,1.08829,1.61333,8.40883,0.975327,10.1351,0.42336,0,0.42336,460.49,0,1.02816,0,0,2.11645,1.08829,1.028160,1,0,48.7631,0,0,0,48.7631,0
50.2287,2.01908,0,0,3.16887,0.237728,0.36288,3.6288,61.308,0.444502,0,0,1.32129,0.244713,0.0236252,0.66528,12.849,1,0.52221,0.36288,0,66.8906,4.66064,62.0707,0.84672,12.849,0.84672,3695.15,0,0,0,2.20469,1.61367,9.83146,1.22489,12.4249,0.42336,0,0.42336,460.49,0,1.02816,0,0,3.23285,2.20469,1.028160,1,0,74.5192,0,0,0,74.5192,0
49.668,2.08746,0,0,2.13503,0.245321,0.36288,3.6288,61.308,0.492438,0,0,1.04034,0.226119,0.321785,0.66528,12.849,1,0.533993,0.36288,0,77.2528,4.37494,72.7068,0.84672,12.849,0.84672,3695.15,0,0,0,1.39201,1.61402,9.09585,1.11582,10.9861,0.42336,0,0.42336,460.49,0,1.02816,0,0,2.42017,1.39201,1.028160,1,0,84.0146,0,0,0,84.0146,0
49.9292,2.0831,0,0,2.96643,0.259298,0.36288,3.6288,61.308,0.492752,0,0,1.54756,0.177272,0.877538,0.66528,12.849,1,0.538892,0.36288,0,80.6371,3.66072,76.8004,0.84672,12.849,0.84672,3695.15,0,0,0,1.59886,1.66607,7.21899,0.843145,9.64078,0.42336,0,0.42336,460.49,0,1.02816,0,0,2.62702,1.59886,1.028160,1,0,87.3187,0,0,0,87.3187,0
52.4954,2.08577,0,0,5.27483,0.260016,0.36288,3.6288,61.308,0.493065,0,0,2.57383,0.177272,1.90349,0.66528,12.849,1,0.536761,0.36288,0,94.1898,3.66072,90.3552,0.84672,12.849,0.84672,3695.15,0,0,0,2.36868,1.66642,7.16092,0.843145,10.3529,0.42336,0,0.42336,460.49,0,1.02816,0,0,3.39684,2.36868,1.028160,1,0,102.612,0,0,0,102.612,0
57.6275,2.10728,0,0,7.8694,0.267078,0.36288,3.6288,61.308,0.493378,0,0,2.9107,0.177272,2.24004,0.66528,12.849,1,0.515788,0.36288,0,108.168,3.66072,104.354,0.84672,12.849,0.84672,3695.15,0,0,0,2.74909,1.66676,11.2863,0.843145,14.859,0.42336,0,0.42336,460.49,0,1.02816,0,0,3.77725,2.74909,1.028160,1,0,121.453,0,0,0,121.453,0
67.1788,2.35453,0,0,12.4949,0.22618,0.36288,3.6288,61.308,0.66528,0,0,3.58998,0.152876,2.77182,0.66528,12.849,1,0.524981,0.36288,0,189.144,3.38331,185.599,0.84672,12.849,0.84672,3695.15,0,0,0,4.08261,1.6671,15.7353,0.818936,20.666,0.42336,0,0.42336,460.49,0,1.02816,0,0,5.11077,4.08261,1.028160,1,0,209.037,0,0,0,209.037,0
68.9229,2.41769,0,0,4.85141,0.326808,0.36288,3.6288,61.308,0.66528,0,0,2.4665,0.148602,1.65261,0.66528,12.849,1,0.46242,0.36288,0,101.628,3.75105,97.7771,0.84672,12.849,0.84672,3695.15,0,0,0,3.14516,1.85365,9.62565,0.996606,13.6279,0.42336,0,0.42336,460.49,0,1.02816,0,0,4.17332,3.14516,1.028160,1,0,113.058,0,0,0,113.058,0
69.6947,2.42805,0,0,3.90784,0.345058,0.36288,3.6288,61.308,0.66528,0,0,2.08127,0.14789,1.2681,0.66528,12.849,1,0.452651,0.36288,0,95.7956,3.81234,91.8935,0.84672,12.849,0.84672,3695.15,0,0,0,2.11715,1.85403,10.8,1.02622,13.745,0.42336,0,0.42336,460.49,0,1.02816,0,0,3.14531,2.11715,1.028160,1,0,106.907,0,0,0,106.907,0
70.5264,2.43278,0,0,3.9745,0.347132,0.36288,3.6288,61.308,0.66528,0,0,1.59383,0.14789,0.78066,0.66528,12.849,1,0.44851,0.36288,0,64.301,3.81234,60.403,0.84672,12.849,0.84672,3695.15,0,0,0,1.18171,1.85441,9.99475,1.02622,12.0047,0.42336,0,0.42336,460.49,0,1.02816,0,0,2.20987,1.18171,1.028160,1,0,73.1883,0,0,0,73.1883,0
72.29,2.12876,0,0,5.26581,0.346804,1.0267,3.6288,61.308,0.433698,0,0,2.4023,0.153422,1.81518,0.66528,12.849,1,0.387832,1.0267,0,93.0096,3.94338,89.7051,0.84672,12.849,0.84672,3695.15,0,0,0,2.60233,1.8548,11.543,1.06721,14.933,0.42336,0,0.42336,460.49,0,1.02816,0,0,3.63049,2.60233,1.028160,1,0,106.453,0,0,0,106.453,0
72.29,2.13723,0,0,4.95307,0.35083,2.46501,3.6288,61.308,0.433999,0,0,2.72168,0.161947,2.12573,0.66528,12.849,1,0.379876,2.46501,0,65.1859,4.48032,62.7907,0.84672,12.849,0.84672,3695.15,0,0,0,3.10183,1.60104,10.7171,1.35355,14.0665,0.42336,0,0.42336,460.49,0,1.02816,0,0,4.12999,3.10183,1.028160,1,0,78.9829,0,0,0,78.9829,0
72.29,2.13767,0,0,4.24031,0.314738,1.7879,3.6288,61.308,0.4343,0,0,2.90121,0.175762,2.29115,0.66528,12.849,1,0.379955,1.7879,0,65.8273,3.78861,63.4466,0.84672,12.849,0.84672,3695.15,0,0,0,3.37739,1.60137,11.2467,1.00521,15.2202,0.42336,0,0.42336,460.49,0,1.02816,0,0,4.40555,3.37739,1.028160,1,0,80.958,0,0,0,80.958,0
72.29,2.13811,0,0,6.33296,0.314738,3.88011,3.6288,61.308,0.434601,0,0,4.76528,0.175762,4.15492,0.66528,12.849,1,0.380033,3.88011,0,91.4967,3.78861,91.2082,0.84672,12.849,0.84672,3695.15,0,0,0,3.71771,1.6017,20.4564,1.00521,24.7706,0.42336,0,0.42336,460.49,0,1.02816,0,0,4.74587,3.71771,1.028160,1,0,120.134,0,0,0,120.134,0
72.29,2.13855,0,0,6.54435,0.314738,4.09106,3.6288,61.308,0.434903,0,0,4.26568,0.175762,3.65502,0.66528,12.849,1,0.380111,4.09106,0,141.378,3.78861,141.3,0.84672,12.849,0.84672,3695.15,0,0,0,5.22817,1.60203,20.7631,1.00521,26.5881,0.42336,0,0.42336,460.49,0,1.02816,0,0,6.25633,5.22817,1.028160,1,0,171.544,0,0,0,171.544,0
72.29,2.21715,0,0,6.6104,0.304852,4.08841,3.6288,61.308,0.49406,0,0,3.53351,0.192879,2.84657,0.66528,12.849,1,0.394081,4.08841,0,133.834,3.95718,133.572,0.84672,12.849,0.84672,3695.15,0,0,0,3.42489,1.60236,17.197,1.07195,21.1523,0.42336,0,0.42336,460.49,0,1.02816,0,0,4.45305,3.42489,1.028160,1,0,157.57,0,0,0,157.57,0
72.29,2.2176,0,0,4.76169,0.291671,2.25241,3.6288,61.308,0.494373,0,0,2.6384,0.215702,1.92832,0.66528,12.849,1,0.394162,2.25241,0,112.46,4.18194,110.136,0.84672,12.849,0.84672,3695.15,0,0,0,3.54594,1.66541,12.7037,1.16093,16.7541,0.42336,0,0.42336,460.49,0,1.02816,0,0,4.5741,3.54594,1.028160,1,0,128.819,0,0,0,128.819,0
72.29,2.21806,0,0,5.04934,0.291671,2.53961,3.6288,61.308,0.494687,0,0,2.38456,0.215702,1.67417,0.66528,12.849,1,0.394243,2.53961,0,120.007,4.18194,117.97,0.84672,12.849,0.84672,3695.15,0,0,0,3.13169,1.66575,13.4686,1.16093,17.1052,0.42336,0,0.42336,460.49,0,1.02816,0,0,4.15985,3.13169,1.028160,1,0,136.75,0,0,0,136.75,0
72.29,2.21852,0,0,4.02929,0.273815,1.53696,3.6288,61.308,0.495001,0,0,2.18502,0.225217,1.4648,0.66528,12.849,1,0.394325,1.53696,0,94.2745,4.29828,91.1189,0.84672,12.849,0.84672,3695.15,0,0,0,3.02742,1.6661,10.969,1.18383,14.4787,0.42336,0,0.42336,460.49,0,1.02816,0,0,4.05558,3.02742,1.028160,1,0,107.062,0,0,0,107.062,0
72.29,2.18839,0,0,2.93069,0.245159,0.497137,3.6288,61.308,0.472437,0,0,1.87463,0.248046,1.15415,0.66528,12.849,1,0.38897,0.497137,0,71.5703,4.65989,67.0186,0.84672,12.849,0.84672,3695.15,0,0,0,2.47781,1.66644,10.0488,1.27678,12.9163,0.42336,0,0.42336,460.49,0,1.02816,0,0,3.50597,2.47781,1.028160,1,0,81.0891,0,0,0,81.0891,0
72.29,2.18884,0,0,3.61053,0.223612,1.19807,3.6288,61.308,0.472746,0,0,1.38116,0.256546,0.651872,0.66528,12.849,1,0.38905,1.19807,0,74.5381,4.77928,70.5679,0.84672,12.849,0.84672,3695.15,0,0,0,1.88119,1.64236,8.11097,1.23969,10.3948,0.42336,0,0.42336,460.49,0,1.02816,0,0,2.90935,1.88119,1.028160,1,0,81.6146,0,0,0,81.6146,0
72.29,2.18929,0,0,3.23513,0.223612,0.822221,3.6288,61.308,0.473055,0,0,1.22043,0.256546,0.490824,0.66528,12.849,1,0.38913,0.822221,0,63.974,4.77928,59.6278,0.84672,12.849,0.84672,3695.15,0,0,0,1.5233,1.6427,7.06605,1.23969,8.99236,0.42336,0,0.42336,460.49,0,1.02816,0,0,2.55146,1.5233,1.028160,1,0,69.111,0,0,0,69.111,0
72.29,2.18974,0,0,2.99132,0.202008,0.599571,3.6288,61.308,0.473365,0,0,1.13558,0.228102,0.434114,0.66528,12.849,1,0.389211,0.599571,0,60.7638,4.18949,56.7847,0.84672,12.849,0.84672,3695.15,0,0,0,1.39402,1.64304,6.36975,1.0901,8.31671,0.42336,0,0.42336,460.49,0,1.02816,0,0,2.42218,1.39402,1.028160,1,0,65.5355,0,0,0,65.5355,0
72.29,2.29409,0,0,2.87214,0.193366,0.384685,3.6288,61.308,0.554871,0,0,1.15546,0.216725,0.383866,0.66528,12.849,1,0.407758,0.384685,0,55.4391,3.95357,51.4624,0.84672,12.849,0.84672,3695.15,0,0,0,1.75681,1.64337,6.67901,1.03027,9.04893,0.42336,0,0.42336,460.49,0,1.02816,0,0,2.78497,1.75681,1.028160,1,0,60.8952,0,0,0,60.8952,0
72.29,2.29456,0,0,3.01978,0.170017,0.555193,3.6288,61.308,0.555197,0,0,1.28518,0.232582,0.497403,0.66528,12.849,1,0.407842,0.555193,0,55.3887,4.36606,51.17,0.84672,12.849,0.84672,3695.15,0,0,0,1.67238,1.72938,6.72607,1.01874,9.10908,0.42336,0,0.42336,460.49,0,1.02816,0,0,2.70054,1.67238,1.028160,1,0,60.7765,0,0,0,60.7765,0
72.29,2.29504,0,0,3.03441,0.160677,0.578696,3.6288,61.308,0.555524,0,0,1.1804,0.238925,0.385948,0.66528,12.849,1,0.407926,0.578696,0,52.5355,4.53107,48.1752,0.84672,12.849,0.84672,3695.15,0,0,0,1.29508,1.72973,6.27761,1.01413,8.2883,0.42336,0,0.42336,460.49,0,1.02816,0,0,2.32324,1.29508,1.028160,1,0,56.8495,0,0,0,56.8495,0
72.2003,2.29551,0,0,2.70055,0.131885,0.36288,3.6288,61.308,0.55585,0,0,1.1204,0.257812,0.306739,0.66528,12.849,1,0.40801,0.36288,0,46.4765,4.74527,41.6862,0.84672,12.849,0.84672,3695.15,0,0,0,1.19738,1.73009,6.10675,1.06885,7.96537,0.42336,0,0.42336,460.49,0,1.02816,0,0,2.22554,1.19738,1.028160,1,0,49.9583,0,0,0,49.9583,0
71.9884,2.29555,0,0,2.55679,0.110215,0.36288,3.6288,61.308,0.556177,0,0,1.07371,0.271977,0.245557,0.66528,12.849,1,0.408524,0.36288,0,44.2848,4.90591,39.3333,0.84672,12.849,0.84672,3695.15,0,0,0,1.06595,1.73045,6.0393,1.1099,7.7258,0.42336,0,0.42336,460.49,0,1.02816,0,0,2.09411,1.06595,1.028160,1,0,47.3046,0,0,0,47.3046,0
71.5065,2.27445,0,0,2.2547,0.0992922,0.36288,3.6288,61.308,0.601176,0,0,0.922571,0.269888,0.0515063,0.66528,12.849,1,0.40596,0.36288,0,40.6357,5.04699,35.5457,0.84672,12.849,0.84672,3695.15,0,0,0,0.806915,1.7308,4.89264,1.16891,6.26145,0.42336,0,0.42336,460.49,0,1.02816,0,0,1.83508,0.806915,1.028160,1,0,41.8586,0,0,0,41.8586,0
70.7319,2.2726,0,0,1.94552,0.0846531,0.36288,3.6288,61.1873,0.601512,0,0,0.747878,0.267103,0,0.66528,12.849,1,0.408363,0.36288,0,36.6276,5.23509,31.3471,0.84672,12.849,0.84672,3695.15,0,0,0,0.506676,1.76113,3.13254,1.2476,4.15275,0.42336,0,0.42336,460.49,0,1.02816,0,0,1.53484,0.506676,1.028160,1,0,35.4998,0,0,0,35.4998,0
69.8141,2.26928,0,0,1.7985,0.0841526,0.36288,3.6288,61.0415,0.601848,0,0,0.723021,0.266899,0,0.66528,12.849,1,0.412233,0.36288,0,36.4063,5.23509,31.1218,0.84672,12.849,0.84672,3695.15,0,0,0,0.480704,1.7615,3.17639,1.2476,4.17099,0.42336,0,0.42336,460.49,0,1.02816,0,0,1.50886,0.480704,1.028160,1,0,35.2928,0,0,0,35.2928,0
68.7352,2.26517,0,0,1.63274,0.0835595,0.36288,3.6288,60.8557,0.602184,0,0,0.683027,0.266653,0,0.66528,12.849,1,0.416896,0.36288,0,35.3243,5.23509,30.0352,0.84672,12.849,0.84672,3695.15,0,0,0,0.3327,1.76186,2.98577,1.2476,3.83273,0.42336,0,0.42336,460.49,0,1.02816,0,0,1.36086,0.3327,1.028160,1,0,33.8679,0,0,0,33.8679,0
67.4809,2.31287,0,0,1.49502,0.0735987,0.36288,3.6288,60.5752,0.642366,0,0,0.650074,0.288215,0,0.66528,12.849,1,0.432356,0.36288,0,31.1517,5.51739,25.5648,0.84672,12.849,0.84672,3695.15,0,0,0,0.276852,1.76222,2.89963,1.35064,3.58806,0.42336,0,0.42336,460.49,0,1.02816,0,0,1.30501,0.276852,1.028160,1,0,29.1529,0,0,0,29.1529,0
66.3241,2.3066,0,0,1.56819,0.055524,0.36288,3.6288,60.1886,0.655394,0,0,0.602336,0.333556,0,0.66528,12.849,1,0.439198,0.36288,0,30.3546,6.02112,24.2571,0.84672,12.849,0.84672,3695.15,0,0,0,0.261274,1.8051,2.85312,1.48667,3.43283,0.42336,0,0.42336,460.49,0,1.01548,0,0,1.27675,0.261274,1.028160,1,0,27.69,0,0,0,27.69,0
65.0715,2.30065,0,0,1.46599,0.0550182,0.36288,3.6288,59.6476,0.765587,0,0,0.557298,0.332737,0,0.66528,12.849,1,0.445707,0.36288,0,28.8629,6.02112,22.7589,0.84672,12.849,0.84672,3695.15,0,0,0,0.261274,1.80548,2.50352,1.48667,3.0836,0.42336,0,0.42336,460.49,0,0.905628,0,0,1.1669,0.261274,1.028160,1,0,25.8425,0,0,0,25.8425,0
63.8065,2.29396,0,0,1.44629,0.0544705,0.36288,3.6288,59.2655,0.65343,0,0,0.602948,0.331591,0,0.66528,12.849,1,0.452965,0.36288,0,26.7819,6.02112,20.6707,0.84672,12.849,0.84672,3695.15,0,0,0,0.227405,1.80585,2.83119,1.48667,3.37777,0.42336,0,0.42336,460.49,0,1.01813,0,0,1.24553,0.227405,1.028160,1,0,24.0485,0,0,0,24.0485,0
62.5272,2.43969,0,0,1.56059,0.0373285,0.36288,3.6288,58.9255,0.66528,0,0,0.636979,0.311669,0,0.66528,12.849,1,0.491292,0.36288,0,27.6045,6.26269,21.2134,0.84672,12.849,0.84672,3695.15,0,0,0,0.347371,1.80622,3.49248,1.55645,4.08962,0.42336,0,0.42336,460.49,0,1.02816,0,0,1.37553,0.347371,1.028160,1,0,25.303,0,0,0,25.303,0
61.1081,2.43186,0,0,1.41808,0.0424007,0.36288,3.6288,58.3538,0.820835,0,0,0.564467,0.315324,0,0.66528,12.849,1,0.499733,0.36288,0,25.0658,6.32644,18.6026,0.84672,12.849,0.84672,3695.15,0,0,0,0.227405,1.95219,2.63158,1.57689,3.23428,0.42336,0,0.42336,460.49,0,0.872605,0,0,1.10001,0.227405,1.028160,1,0,21.8368,0,0,0,21.8368,0
59.7582,2.42277,0,0,1.47397,0.0382646,0.36288,3.6288,57.7748,0.852967,0,0,0.604182,0.330222,0,0.66528,12.849,1,0.509427,0.36288,0,25.4407,6.51115,18.783,0.84672,12.849,0.84672,3695.15,0,0,0,0.227405,1.95259,2.34536,1.61312,2.91224,0.42336,0,0.42336,460.49,0,0.840473,0,0,1.06788,0.227405,1.028160,1,0,21.6952,0,0,0,21.6952,0
58.1575,2.41379,0,0,1.21379,0.0378114,0.36288,3.6288,57.0174,0.954297,0,0,0.525865,0.32899,0,0.66528,12.849,1,0.519005,0.36288,0,31.583,6.51115,24.9157,0.84672,12.849,0.84672,3695.15,0,0,0,0.204422,1.953,2.09244,1.61312,2.63673,0.42336,0,0.42336,460.49,0,0.739143,0,0,0.943566,0.204422,1.028160,1,0,27.5525,0,0,0,27.5525,0
56.6976,2.40259,0,0,1.34278,0.0372312,0.36288,3.6288,56.7471,0.66528,0,0,0.722368,0.327379,0,0.66528,12.849,1,0.530815,0.36288,0,27.078,6.51115,20.3989,0.84672,12.849,0.84672,3695.15,0,0,0,0.207066,1.9534,2.50049,1.61312,3.04784,0.42336,0,0.42336,460.49,0,1.02816,0,0,1.23523,0.207066,1.028160,1,0,23.4468,0,0,0,23.4468,0
55.3279,2.31896,0,0,1.3683,0.0561307,0.36288,3.6288,56.3098,0.7412,0,0,0.60763,0.303734,0,0.66528,12.849,1,0.52553,0.36288,0,29.1049,6.16786,22.7744,0.84672,12.849,0.84672,3695.15,0,0,0,0.204422,1.9538,2.77836,1.54141,3.39518,0.42336,0,0.42336,460.49,0,0.95224,0,0,1.15666,0.204422,1.028160,1,0,26.1695,0,0,0,26.1695,0
54.2592,2.30887,0,0,1.70634,0.103286,0.36288,3.6288,55.9872,0.819867,0,0,0.742582,0.245359,0,0.66528,12.849,1,0.536198,0.36288,0,30.4111,5.30964,24.9281,0.84672,12.849,0.84672,3695.15,0,0,0,0.204422,1.86986,2.81148,1.36212,3.52364,0.42336,0,0.42336,460.49,0,0.873573,0,0,1.078,0.204422,1.028160,1,0,28.4518,0,0,0,28.4518,0
52.9665,2.30081,0,0,1.47319,0.102181,0.36288,3.6288,56.1522,0.66528,0,0,1.07513,0.244843,0,0.66528,12.849,1,0.54485,0.36288,0,26.3217,5.30964,20.8301,0.84672,12.849,0.84672,3695.15,0,0,0,0.828714,1.87024,3.20393,1.36212,4.54076,0.42336,0,0.42336,460.49,0,1.02816,0,0,1.85687,0.828714,1.028160,1,0,25.3708,0,0,0,25.3708,0
51.4906,2.29058,0,0,1.27843,0.100845,0.36288,3.6288,55.6738,0.828256,0,0,0.594939,0.245107,0,0.66528,12.849,1,0.555665,0.36288,0,27.0274,5.30964,21.525,0.84672,12.849,0.84672,3695.15,0,0,0,0.216518,1.87063,2.37648,1.36212,3.10151,0.42336,0,0.42336,460.49,0,0.865184,0,0,1.0817,0.216518,1.028160,1,0,24.6265,0,0,0,24.6265,0
50.0526,2.21945,0,0,1.24361,0.0993186,0.36288,3.6288,55.1004,0.879398,0,0,0.550387,0.244341,0,0.66528,12.849,1,0.553842,0.36288,0,24.6887,5.30964,19.1881,0.84672,12.849,0.84672,3695.15,0,0,0,0.216518,1.87101,2.33513,1.36212,3.06054,0.42336,0,0.42336,460.49,0,0.772615,0,0,0.989133,0.216518,1.028160,1,0,22.2487,0,0,0,22.2487,0
48.7125,2.15769,0,0,1.36541,0.184923,0.36288,3.6288,54.8336,0.724863,0,0,0.624584,0.166493,0,0.66528,12.849,1,0.553902,0.36288,0,34.1052,4.05792,29.8562,0.84672,12.849,0.84672,3695.15,0,0,0,0.216518,1.79606,2.0813,0.950828,3.14305,0.42336,0,0.42336,460.49,0,0.968577,0,0,1.1851,0.216518,1.028160,1,0,32.9993,0,0,0,32.9993,0
48.4383,2.14636,0,0,2.41311,0.178084,0.36288,3.6288,55.0126,0.66528,0,0,1.01456,0.170366,0,0.66528,12.849,1,0.566149,0.36288,0,45.0113,4.09153,40.7165,0.84672,12.849,0.84672,3695.15,0,0,0,0.417027,1.83287,3.62273,0.957993,4.91463,0.42336,0,0.42336,460.49,0,1.02816,0,0,1.44519,0.417027,1.028160,1,0,45.6311,0,0,0,45.6311,0
47.7138,2.14455,0,0,1.96049,0.177556,0.36288,3.6288,55.4159,0.66528,0,0,1.23918,0.170567,0,0.66528,12.849,1,0.568874,0.36288,0,40.7035,4.09153,36.4059,0.84672,12.849,0.84672,3695.15,0,0,0,1.26674,1.83304,3.29278,0.957993,5.43457,0.42336,0,0.42336,460.49,0,1.02816,0,0,2.2949,1.26674,1.028160,1,0,41.8405,0,0,0,41.8405,0
46.9539,1.97378,0,0,1.77847,0.201745,0.36288,3.6288,55.6329,0.520385,0,0,0.918346,0.180982,0,0.66528,12.849,1,0.531524,0.36288,0,39.9255,4.26551,35.4914,0.84672,12.849,0.84672,3695.15,0,0,0,0.519893,1.83321,3.88017,0.998608,5.23467,0.42336,0,0.42336,460.49,0,1.02816,0,0,1.54805,0.519893,1.028160,1,0,40.726,0,0,0,40.726,0
49.1671,1.83731,0,0,4.63941,0.225965,0.36288,3.6288,57.2302,0.66528,0,0,2.45745,0.194876,0,0.66528,12.849,1,0.502783,0.36288,0,108.752,4.31975,104.292,0.84672,12.849,0.84672,3695.15,0,0,0,2.21561,1.6659,9.89816,1.06883,12.7108,0.42336,0,0.42336,460.49,0,1.02816,0,0,3.24377,2.21561,1.028160,1,0,117.003,0,0,0,117.003,0
50.5853,1.85592,0,0,3.86235,0.22539,0.36288,3.6288,58.9495,0.66528,0,0,2.58179,0.197169,0,0.66528,12.849,1,0.485013,0.36288,0,97.7823,4.18646,93.4737,0.84672,12.849,0.84672,3695.15,0,0,0,1.68862,1.76322,7.16633,1.08088,9.53729,0.42336,0,0.42336,460.49,0,1.02816,0,0,2.71678,1.68862,1.028160,1,0,103.011,0,0,0,103.011,0
51.9421,1.86743,0,0,3.81593,0.228808,0.36288,3.6288,60.8457,0.66528,0,0,2.76082,0.199369,0,0.66528,12.849,1,0.474339,0.36288,0,123.735,4.18646,119.437,0.84672,12.849,0.84672,3695.15,0,0,0,1.63875,1.76338,7.76771,1.08088,10.089,0.42336,0,0.42336,460.49,0,1.02816,0,0,2.66691,1.63875,1.028160,1,0,129.526,0,0,0,129.526,0
54.8884,2.05926,0,0,5.60052,0.23207,0.36288,3.6288,61.308,0.460366,0,0,3.52027,0.201795,2.39578,0.66528,12.849,1,0.509402,0.36288,0,144.133,4.18646,139.8,0.84672,12.849,0.84672,3695.15,0,0,0,2.09898,1.76354,12.5755,1.08088,15.3571,0.42336,0,0.42336,460.49,0,1.02816,0,0,3.12714,2.09898,1.028160,1,0,157.553,0,0,0,157.553,0
55.9094,2.08142,0,0,3.70829,0.242997,0.36288,3.6288,61.308,0.460366,0,0,3.08884,0.200647,2.42783,0.66528,12.849,1,0.487245,0.36288,0,127.774,4.19434,123.455,0.84672,12.849,0.84672,3695.15,0,0,0,1.7553,1.6314,6.52568,1.06485,8.84753,0.42336,0,0.42336,460.49,0,1.02816,0,0,2.78346,1.7553,1.028160,1,0,134.73,0,0,0,134.73,0
57.9822,2.15452,0,0,4.82712,0.236911,0.36288,3.6288,61.308,0.508807,0,0,1.3241,0.198798,0.616492,0.66528,12.849,1,0.495148,0.36288,0,67.9228,3.88563,63.9049,0.84672,12.849,0.84672,3695.15,0,0,0,1.5944,1.6314,5.41844,1.02445,7.61979,0.42336,0,0.42336,460.49,0,1.02816,0,0,2.62256,1.5944,1.028160,1,0,72.1412,0,0,0,72.1412,0
58.3255,2.16944,0,0,3.11742,0.241799,0.36288,3.6288,61.308,0.509111,0,0,0.915062,0.198798,0.207153,0.66528,12.849,1,0.480753,0.36288,0,51.4801,3.88563,47.4766,0.84672,12.849,0.84672,3695.15,0,0,0,0.98871,1.68401,3.38784,1.02445,5.03611,0.42336,0,0.42336,460.49,0,1.02816,0,0,2.01687,0.98871,1.028160,1,0,52.7199,0,0,0,52.7199,0
58.0529,2.17219,0,0,2.50502,0.242608,0.36288,3.6288,61.308,0.509416,0,0,1.12796,0.198798,0.419746,0.66528,12.849,1,0.478529,0.36288,0,56.4028,3.88563,52.4015,0.84672,12.849,0.84672,3695.15,0,0,0,1.0488,1.68434,4.62307,1.02445,6.33177,0.42336,0,0.42336,460.49,0,1.02816,0,0,2.07696,1.0488,1.028160,1,0,59.153,0,0,0,59.153,0
59.5241,2.17078,0,0,4.26553,0.260605,0.36288,3.6288,61.308,0.509721,0,0,1.89537,0.225016,1.16064,0.66528,12.849,1,0.480465,0.36288,0,109.634,4.07692,105.439,0.84672,12.849,0.84672,3695.15,0,0,0,2.42239,1.68468,8.40938,1.09122,11.4252,0.42336,0,0.42336,460.49,0,1.02816,0,0,3.45055,2.42239,1.028160,1,0,118.025,0,0,0,118.025,0
59.6358,2.39371,0,0,3.16332,0.295055,0.36288,3.6288,61.308,0.66528,0,0,1.16084,0.200951,0.294613,0.66528,12.849,1,0.516711,0.36288,0,59.8234,3.37041,56.2992,0.84672,12.849,0.84672,3695.15,0,0,0,1.75317,1.68501,4.60721,1.00434,7.04105,0.42336,0,0.42336,460.49,0,1.02816,0,0,2.78133,1.75317,1.028160,1,0,63.6349,0,0,0,63.6349,0
60.0434,2.39498,0,0,3.46302,0.297576,0.36288,3.6288,61.308,0.66528,0,0,1.38492,0.177342,0.542301,0.66528,12.849,1,0.516017,0.36288,0,74.0843,2.98578,70.9454,0.84672,12.849,0.84672,3695.15,0,0,0,2.24157,1.87355,5.01232,0.933974,8.19346,0.42336,0,0.42336,460.49,0,1.02816,0,0,3.26973,2.24157,1.028160,1,0,79.6811,0,0,0,79.6811,0
60.8716,2.39834,0,0,3.88814,0.29874,0.36288,3.6288,61.308,0.66528,0,0,1.37133,0.177342,0.52871,0.66528,12.849,1,0.513233,0.36288,0,88.058,2.98578,84.9219,0.84672,12.849,0.84672,3695.15,0,0,0,2.49248,1.87392,5.47313,0.933974,8.90556,0.42336,0,0.42336,460.49,0,1.02816,0,0,3.52064,2.49248,1.028160,1,0,94.3561,0,0,0,94.3561,0
61.2603,2.40458,0,0,3.45477,0.298532,0.36288,3.6288,61.308,0.66528,0,0,1.45766,0.182875,0.609508,0.66528,12.849,1,0.507568,0.36288,0,65.0926,3.11682,61.8311,0.84672,12.849,0.84672,3695.15,0,0,0,2.00021,1.87429,5.76552,0.97497,8.66505,0.42336,0,0.42336,460.49,0,1.02816,0,0,3.02837,2.00021,1.028160,1,0,71.1057,0,0,0,71.1057,0
64.7883,2.10253,0,0,6.28843,0.295053,0.36288,3.6288,61.308,0.449342,0,0,2.96232,0.197945,2.31503,0.66528,12.849,1,0.440993,0.36288,0,124.905,3.68421,121.143,0.84672,12.849,0.84672,3695.15,0,0,0,3.8656,1.87466,11.636,1.07047,16.3058,0.42336,0,0.42336,460.49,0,1.02816,0,0,4.89376,3.8656,1.028160,1,0,139.764,0,0,0,139.764,0
68.0652,2.12299,0,0,6.07294,0.31019,0.36288,3.6288,61.308,0.449635,0,0,2.43661,0.194256,1.79272,0.66528,12.849,1,0.421037,0.36288,0,106.436,3.55971,102.818,0.84672,12.849,0.84672,3695.15,0,0,0,3.02479,1.61817,9.19132,1.03255,12.8017,0.42336,0,0.42336,460.49,0,1.02816,0,0,4.05295,3.02479,1.028160,1,0,117.413,0,0,0,117.413,0
69.5021,2.14046,0,0,4.25862,0.318368,0.36288,3.6288,61.308,0.449928,0,0,1.92516,0.194256,1.28097,0.66528,12.849,1,0.404066,0.36288,0,107.604,3.55971,104.003,0.84672,12.849,0.84672,3695.15,0,0,0,2.18875,1.61849,7.78473,1.03255,10.5594,0.42336,0,0.42336,460.49,0,1.02816,0,0,3.21691,2.18875,1.028160,1,0,115.844,0,0,0,115.844,0
70.534,2.14794,0,0,3.82036,0.2776,0.36288,3.6288,61.308,0.450221,0,0,1.27949,0.170191,0.659077,0.66528,12.849,1,0.397094,0.36288,0,90.3519,3.21093,87.1068,0.84672,12.849,0.84672,3695.15,0,0,0,1.44597,1.61882,6.87286,0.982446,8.9552,0.42336,0,0.42336,460.49,0,1.02816,0,0,2.47413,1.44597,1.028160,1,0,96.7211,0,0,0,96.7211,0
72.29,2.15328,0,0,4.88739,0.264139,0.714002,3.6288,61.308,0.450514,0,0,2.44471,0.159041,1.83516,0.66528,12.849,1,0.392257,0.714002,0,127.898,3.18707,125.033,0.84672,12.849,0.84672,3695.15,0,0,0,3.96412,1.61914,9.04824,0.963066,13.6684,0.42336,0,0.42336,460.49,0,1.02816,0,0,4.99228,3.96412,1.028160,1,0,140.536,0,0,0,140.536,0
72.29,2.24079,0,0,7.40681,0.312936,4.85309,3.6288,61.308,0.51029,0,0,3.02143,0.176287,2.33485,0.66528,12.849,1,0.398283,4.85309,0,211.056,3.78137,211.73,0.84672,12.849,0.84672,3695.15,0,0,0,3.77722,1.61946,12.2689,1.00856,16.657,0.42336,0,0.42336,460.49,0,1.02816,0,0,4.80538,3.77722,1.028160,1,0,230.721,0,0,0,230.721,0
72.29,2.24123,0,0,6.08183,0.312936,3.52766,3.6288,61.308,0.510595,0,0,2.63996,0.176287,1.95308,0.66528,12.849,1,0.398362,3.52766,0,155.015,3.78137,154.362,0.84672,12.849,0.84672,3695.15,0,0,0,4.12525,1.68317,8.97636,1.00856,13.7762,0.42336,0,0.42336,460.49,0,1.02816,0,0,5.15341,4.12525,1.028160,1,0,170.092,0,0,0,170.092,0
72.29,2.24168,0,0,4.85572,0.260124,2.35392,3.6288,61.308,0.5109,0,0,1.83635,0.17046,1.15499,0.66528,12.849,1,0.398441,2.35392,0,139.274,4.12734,137.102,0.84672,12.849,0.84672,3695.15,0,0,0,2.33112,1.6835,6.33057,1.03105,9.31413,0.42336,0,0.42336,460.49,0,1.02816,0,0,3.35928,2.33112,1.028160,1,0,147.571,0,0,0,147.571,0
72.29,2.24212,0,0,4.18771,0.260124,1.68547,3.6288,61.308,0.511205,0,0,1.5972,0.17046,0.915534,0.66528,12.849,1,0.39852,1.68547,0,117.552,4.12734,114.711,0.84672,12.849,0.84672,3695.15,0,0,0,1.68274,1.68384,5.54647,1.03105,7.882,0.42336,0,0.42336,460.49,0,1.02816,0,0,2.7109,1.68274,1.028160,1,0,123.509,0,0,0,123.509,0
72.29,2.21166,0,0,4.93025,0.21059,2.50801,3.6288,61.308,0.48839,0,0,2.16778,0.211561,1.46782,0.66528,12.849,1,0.393105,2.50801,0,131.297,4.49768,128.914,0.84672,12.849,0.84672,3695.15,0,0,0,3.38284,1.68417,9.3606,1.10316,13.3244,0.42336,0,0.42336,460.49,0,1.02816,0,0,4.411,3.38284,1.028160,1,0,143.706,0,0,0,143.706,0
72.29,2.21209,0,0,3.95132,0.21059,1.52864,3.6288,61.308,0.48869,0,0,1.62726,0.211561,0.927006,0.66528,12.849,1,0.393183,1.52864,0,92.3815,4.49768,89.0192,0.84672,12.849,0.84672,3695.15,0,0,0,2.33049,1.65982,4.98471,1.10316,7.87186,0.42336,0,0.42336,460.49,0,1.02816,0,0,3.35865,2.33049,1.028160,1,0,97.8181,0,0,0,97.8181,0
72.29,2.21253,0,0,3.4601,0.21059,1.03698,3.6288,61.308,0.488991,0,0,1.54422,0.211561,0.843666,0.66528,12.849,1,0.393261,1.03698,0,81.33,4.49768,77.4761,0.84672,12.849,0.84672,3695.15,0,0,0,1.93182,1.66015,4.64785,1.10316,7.13666,0.42336,0,0.42336,460.49,0,1.02816,0,0,2.95998,1.93182,1.028160,1,0,85.4564,0,0,0,85.4564,0
72.29,2.21297,0,0,3.11031,0.21059,0.686743,3.6288,61.308,0.489292,0,0,1.36825,0.211561,0.667394,0.66528,12.849,1,0.393339,0.686743,0,70.2778,4.49768,66.0735,0.84672,12.849,0.84672,3695.15,0,0,0,1.59874,1.66048,4.06699,1.10316,6.22304,0.42336,0,0.42336,460.49,0,1.02816,0,0,2.6269,1.59874,1.028160,1,0,72.9639,0,0,0,72.9639,0
72.29,2.31841,0,0,2.88157,0.164032,0.399129,3.6288,61.308,0.571651,0,0,1.23396,0.209179,0.453127,0.66528,12.849,1,0.41208,0.399129,0,64.2911,4.47734,59.8008,0.84672,12.849,0.84672,3695.15,0,0,0,1.35592,1.66081,4.05426,0.995321,6.07566,0.42336,0,0.42336,460.49,0,1.02816,0,0,2.38408,1.35592,1.028160,1,0,66.3296,0,0,0,66.3296,0
72.2126,2.31887,0,0,2.7486,0.144236,0.36288,3.6288,61.308,0.571968,0,0,1.19962,0.227303,0.40035,0.66528,12.849,1,0.412161,0.36288,0,57.8844,4.87494,52.9602,0.84672,12.849,0.84672,3695.15,0,0,0,1.25217,1.74771,4.11013,1.01915,6.09085,0.42336,0,0.42336,460.49,0,1.02816,0,0,2.28033,1.25217,1.028160,1,0,59.4514,0,0,0,59.4514,0
71.9902,2.31895,0,0,2.60851,0.149066,0.36288,3.6288,61.308,0.572285,0,0,1.18065,0.225986,0.382376,0.66528,12.849,1,0.412618,0.36288,0,55.4482,4.79032,50.6082,0.84672,12.849,0.84672,3695.15,0,0,0,1.43834,1.74805,3.8474,1.02242,6.01137,0.42336,0,0.42336,460.49,0,1.02816,0,0,2.4665,1.43834,1.028160,1,0,57.0019,0,0,0,57.0019,0
71.5632,2.31833,0,0,2.42135,0.167165,0.36288,3.6288,61.308,0.572603,0,0,1.13476,0.222236,0.339921,0.66528,12.849,1,0.413782,0.36288,0,51.3227,4.31469,46.9571,0.84672,12.849,0.84672,3695.15,0,0,0,1.35591,1.7484,3.57874,1.05152,5.63153,0.42336,0,0.42336,460.49,0,1.02816,0,0,2.38407,1.35591,1.028160,1,0,52.9286,0,0,0,52.9286,0
71.1013,2.3167,0,0,2.32862,0.110913,0.36288,3.6288,61.308,0.57292,0,0,1.03732,0.243635,0.220763,0.66528,12.849,1,0.415957,0.36288,0,46.9266,4.6332,42.2403,0.84672,12.849,0.84672,3695.15,0,0,0,1.18751,1.74875,3.76881,1.09244,5.61262,0.42336,0,0.42336,460.49,0,1.02816,0,0,2.21567,1.18751,1.028160,1,0,48.0737,0,0,0,48.0737,0
70.693,2.29414,0,0,2.38555,0.136883,0.36288,3.6288,61.1737,0.618383,0,0,0.71896,0.234871,0,0.66528,12.849,1,0.414582,0.36288,0,41.1224,4.94865,36.1221,0.84672,12.849,0.84672,3695.15,0,0,0,0.777038,1.74909,4.20887,1.05192,5.68308,0.42336,0,0.42336,460.49,0,1.02816,0,0,1.8052,0.777038,1.028160,1,0,41.8052,0,0,0,41.8052,0
70.185,2.29256,0,0,2.26976,0.122277,0.36288,3.6288,60.9989,0.618709,0,0,0.701853,0.257968,0,0.66528,12.849,1,0.416691,0.36288,0,38.7604,5.27441,33.4322,0.84672,12.849,0.84672,3695.15,0,0,0,0.75244,1.77973,4.09143,1.16217,5.46143,0.42336,0,0.42336,460.49,0,1.02816,0,0,1.7806,0.75244,1.028160,1,0,38.8936,0,0,0,38.8936,0
69.3924,2.29047,0,0,1.96406,0.103374,0.36288,3.6288,60.7569,0.619036,0,0,0.660381,0.283363,0,0.66528,12.849,1,0.419323,0.36288,0,36.1607,5.97994,30.1243,0.84672,12.849,0.84672,3695.15,0,0,0,0.629338,1.78009,4.0863,1.40976,5.08596,0.42336,0,0.42336,460.49,0,1.02816,0,0,1.6575,0.629338,1.028160,1,0,35.2103,0,0,0,35.2103,0
68.5653,2.28688,0,0,1.92572,0.103044,0.36288,3.6288,60.5113,0.619363,0,0,0.652726,0.278923,0,0.66528,12.849,1,0.423449,0.36288,0,33.4204,6.18334,27.1765,0.84672,12.849,0.84672,3695.15,0,0,0,0.730045,1.78044,4.02851,1.4852,5.05379,0.42336,0,0.42336,460.49,0,1.02816,0,0,1.75821,0.730045,1.028160,1,0,32.2303,0,0,0,32.2303,0
67.4526,2.33631,0,0,1.6889,0.102385,0.36288,3.6288,60.0429,0.659955,0,0,0.485404,0.293861,0,0.66528,12.849,1,0.43782,0.36288,0,25.5467,5.84208,19.6296,0.84672,12.849,0.84672,3695.15,0,0,0,0.294503,1.78079,2.89237,1.42415,3.54352,0.42336,0,0.42336,460.49,0,1.02816,0,0,1.32266,0.294503,1.028160,1,0,23.1732,0,0,0,23.1732,0
66.4068,2.33071,0,0,1.74341,0.0956612,0.36288,3.6288,59.5805,0.66029,0,0,0.498583,0.300682,0,0.66528,12.849,1,0.443975,0.36288,0,33.6139,5.82949,27.7033,0.84672,12.849,0.84672,3695.15,0,0,0,0.485957,1.82411,3.03826,1.44021,3.90811,0.42336,0,0.42336,460.49,0,1.02816,0,0,1.51412,0.485957,1.028160,1,0,31.6114,0,0,0,31.6114,0
65.2497,2.32531,0,0,1.62599,0.0948732,0.36288,3.6288,59.0617,0.660625,0,0,0.441614,0.299796,0,0.66528,12.849,1,0.449923,0.36288,0,26.5916,5.82949,20.675,0.84672,12.849,0.84672,3695.15,0,0,0,0.466465,1.82447,2.77322,1.44021,3.62395,0.42336,0,0.42336,460.49,0,1.02816,0,0,1.49462,0.466465,1.028160,1,0,24.299,0,0,0,24.299,0
63.9527,2.3191,0,0,1.479,0.0940013,0.36288,3.6288,58.5167,0.66096,0,0,0.414811,0.298802,0,0.66528,12.849,1,0.456679,0.36288,0,24.4519,5.82949,18.5286,0.84672,12.849,0.84672,3695.15,0,0,0,0.232546,1.82483,2.53809,1.44021,3.15527,0.42336,0,0.42336,460.49,0,1.02816,0,0,1.26071,0.232546,1.028160,1,0,21.6839,0,0,0,21.6839,0
62.4215,2.46625,0,0,1.3895,0.0915413,0.36288,3.6288,57.989,0.66528,0,0,0.440091,0.302541,0,0.66528,12.849,1,0.495504,0.36288,0,21.4901,5.81598,15.5415,0.84672,12.849,0.84672,3695.15,0,0,0,0.486397,1.8252,3.03462,1.48861,3.8576,0.42336,0,0.42336,460.49,0,1.02816,0,0,1.51456,0.486397,1.028160,1,0,19.3991,0,0,0,19.3991,0
60.4316,2.45666,0,0,0.92867,0.0990323,0.36288,3.6288,57.1833,0.819858,0,0,0.316097,0.301953,0,0.66528,12.849,1,0.505684,0.36288,0,15.6154,5.62349,9.84913,0.84672,12.849,0.84672,3695.15,0,0,0,0.227405,1.97268,2.19363,1.5183,2.87542,0.42336,0,0.42336,460.49,0,0.873582,0,0,1.10099,0.227405,1.028160,1,0,12.7245,0,0,0,12.7245,0
58.7254,2.19403,0,0,0.948076,0.097416,0.36288,3.6288,56.3439,0.8417,0,0,0.302726,0.300382,0,0.66528,12.849,1,0.466496,0.36288,0,14.4067,5.62349,8.67958,0.84672,12.849,0.84672,3695.15,0,0,0,0.204422,1.97308,2.24885,1.5183,2.90806,0.42336,0,0.42336,460.49,0,0.85174,0,0,1.05616,0.204422,1.028160,1,0,11.5876,0,0,0,11.5876,0
57.4916,2.18339,0,0,1.41288,0.100405,0.36288,3.6288,55.7394,0.66528,0,0,0.358396,0.297707,0,0.66528,12.849,1,0.477722,0.36288,0,18.5452,5.5938,12.8366,0.84672,12.849,0.84672,3695.15,0,0,0,0.244235,2.15043,2.46467,1.51466,3.34468,0.42336,0,0.42336,460.49,0,1.02816,0,0,1.2724,0.244235,1.028160,1,0,16.1813,0,0,0,16.1813,0
56.7542,2.17549,0,0,1.92458,0.1236,0.36288,3.6288,55.2484,0.66528,0,0,0.460234,0.28588,0,0.66528,12.849,1,0.486209,0.36288,0,27.5473,5.38483,22.0392,0.84672,12.849,0.84672,3695.15,0,0,0,0.28982,2.15082,2.64924,1.48078,3.6091,0.42336,0,0.42336,460.49,0,1.02816,0,0,1.31798,0.28982,1.028160,1,0,25.6483,0,0,0,25.6483,0
55.2251,2.34364,0,0,1.3148,0.137337,0.36288,3.6288,54.6293,0.79799,0,0,0.449796,0.270969,0,0.66528,12.849,1,0.530594,0.36288,0,31.5383,4.66505,26.7056,0.84672,12.849,0.84672,3695.15,0,0,0,0.204422,2.15121,2.03923,1.41584,2.97903,0.42336,0,0.42336,460.49,0,0.89545,0,0,1.09987,0.204422,1.028160,1,0,29.6846,0,0,0,29.6846,0
53.7753,2.08686,0,0,1.13516,0.135265,0.36288,3.6288,54.3453,0.66528,0,0,0.651222,0.269866,0,0.66528,12.849,1,0.485542,0.36288,0,27.2974,4.66505,22.5097,0.84672,12.849,0.84672,3695.15,0,0,0,0.866411,1.88941,2.32387,1.41584,3.66386,0.42336,0,0.42336,460.49,0,1.02816,0,0,1.89457,0.866411,1.028160,1,0,26.1735,0,0,0,26.1735,0
52.1874,2.07676,0,0,0.985081,0.1333,0.36288,3.6288,53.63,0.806293,0,0,0.360361,0.26936,0,0.66528,12.849,1,0.496218,0.36288,0,28.0291,4.66505,23.2307,0.84672,12.849,0.84672,3695.15,0,0,0,0.216518,2.06675,1.72372,1.41584,2.59116,0.42336,0,0.42336,460.49,0,0.887147,0,0,1.10366,0.216518,1.028160,1,0,25.8219,0,0,0,25.8219,0
50.5865,2.0651,0,0,0.958245,0.131147,0.36288,3.6288,52.7947,0.900737,0,0,0.333376,0.268016,0,0.66528,12.849,1,0.508446,0.36288,0,25.6039,4.66505,20.7933,0.84672,12.849,0.84672,3695.15,0,0,0,0.216518,2.06713,1.69373,1.41584,2.56153,0.42336,0,0.42336,460.49,0,0.792703,0,0,1.00922,0.216518,1.028160,1,0,23.3549,0,0,0,23.3549,0
49.6558,1.99347,0,0,1.63771,0.212122,0.36288,3.6288,52.5787,0.66528,0,0,0.651331,0.201972,0,0.66528,12.849,1,0.506342,0.36288,0,53.3314,3.74548,49.4425,0.84672,12.849,0.84672,3695.15,0,0,0,0.962781,2.0675,3.24156,1.03208,5.23977,0.42336,0,0.42336,460.49,0,1.02816,0,0,1.99094,0.962781,1.028160,1,0,54.6823,0,0,0,54.6823,0
49.0478,1.98637,0,0,1.93933,0.198094,0.36288,3.6288,52.4829,0.66528,0,0,0.785428,0.216005,0,0.66528,12.849,1,0.513996,0.36288,0,61.2939,3.95903,57.1837,0.84672,12.849,0.84672,3695.15,0,0,0,1.35254,1.99175,4.42859,1.06029,6.71259,0.42336,0,0.42336,460.49,0,1.02816,0,0,2.3807,1.35254,1.028160,1,0,63.8963,0,0,0,63.8963,0
48.6255,1.98176,0,0,2.11915,0.196806,0.36288,3.6288,53.0005,0.66528,0,0,1.39873,0.215839,0,0.66528,12.849,1,0.51916,0.36288,0,63.675,3.95903,59.5597,0.84672,12.849,0.84672,3695.15,0,0,0,2.10956,1.99211,4.72494,1.06029,7.76632,0.42336,0,0.42336,460.49,0,1.02816,0,0,3.13772,2.10956,1.028160,1,0,67.326,0,0,0,67.326,0
47.924,1.97863,0,0,1.85274,0.212734,0.36288,3.6288,53.4865,0.66528,0,0,1.37381,0.222556,0,0.66528,12.849,1,0.522843,0.36288,0,64.4695,3.48514,60.8244,0.84672,12.849,0.84672,3695.15,0,0,0,1.85327,1.99247,4.97231,0.959495,7.85856,0.42336,0,0.42336,460.49,0,1.02816,0,0,2.88143,1.85327,1.028160,1,0,68.683,0,0,0,68.683,0
47.9403,1.80649,0,0,2.41433,0.228662,0.36288,3.6288,53.5744,0.66528,0,0,0.972126,0.218924,0,0.66528,12.849,1,0.484341,0.36288,0,86.9743,3.3906,83.4622,0.84672,12.849,0.84672,3695.15,0,0,0,1.51343,1.99283,4.92369,0.950692,7.47926,0.42336,0,0.42336,460.49,0,1.02816,0,0,2.54159,1.51343,1.028160,1,0,90.9415,0,0,0,90.9415,0
48.244,1.80702,0,0,2.70909,0.235402,0.36288,3.6288,54.33,0.66528,0,0,1.62814,0.207231,0,0.66528,12.849,1,0.48432,0.36288,0,50.748,3.73842,46.8881,0.84672,12.849,0.84672,3695.15,0,0,0,1.82453,1.82397,4.33497,1.03975,6.94373,0.42336,0,0.42336,460.49,0,1.02816,0,0,2.85269,1.82453,1.028160,1,0,53.8319,0,0,0,53.8319,0
50.6429,1.80984,0,0,4.80775,0.236182,0.36288,3.6288,54.8555,0.66528,0,0,1.39906,0.208342,0,0.66528,12.849,1,0.48202,0.36288,0,97.9249,3.73842,94.0673,0.84672,12.849,0.84672,3695.15,0,0,0,1.64744,1.82429,5.03642,1.03975,7.46841,0.42336,0,0.42336,460.49,0,1.02816,0,0,2.6756,1.64744,1.028160,1,0,101.536,0,0,0,101.536,0
51.7867,1.82846,0,0,3.57742,0.242319,0.36288,3.6288,54.9085,0.66528,0,0,0.927354,0.209066,0,0.66528,12.849,1,0.463912,0.36288,0,73.4944,3.73842,69.655,0.84672,12.849,0.84672,3695.15,0,0,0,1.26383,1.82462,4.72783,1.03975,6.77653,0.42336,0,0.42336,460.49,0,1.02816,0,0,2.29199,1.26383,1.028160,1,0,76.4315,0,0,0,76.4315,0
52.5179,1.83708,0,0,3.17647,0.24523,0.36288,3.6288,55.0803,0.66528,0,0,1.04627,0.209139,0,0.66528,12.849,1,0.455805,0.36288,0,84.7739,3.73842,80.9426,0.84672,12.849,0.84672,3695.15,0,0,0,1.55326,1.82495,5.02103,1.03975,7.3595,0.42336,0,0.42336,460.49,0,1.02816,0,0,2.58142,1.55326,1.028160,1,0,88.3021,0,0,0,88.3021,0
58.3575,2.15088,0,0,8.61417,0.260876,0.36288,3.6288,55.6352,0.524724,0,0,1.29806,0.218493,0,0.66528,12.849,1,0.526232,0.36288,0,139.686,4.05258,135.47,0.84672,12.849,0.84672,3695.15,0,0,0,2.07179,1.82528,8.07301,1.13123,10.8388,0.42336,0,0.42336,460.49,0,1.02816,0,0,3.09995,2.07179,1.028160,1,0,146.309,0,0,0,146.309,0
62.3249,2.19445,0,0,6.80133,0.276568,0.36288,3.6288,55.9613,0.52502,0,0,1.0704,0.219291,0,0.66528,12.849,1,0.483169,0.36288,0,168.115,4.05258,163.942,0.84672,12.849,0.84672,3695.15,0,0,0,2.09422,1.70145,5.81881,1.13123,8.48325,0.42336,0,0.42336,460.49,0,1.02816,0,0,3.12238,2.09422,1.028160,1,0,172.425,0,0,0,172.425,0
64.0382,2.22037,0,0,4.58305,0.286553,0.36288,3.6288,56.3106,0.525316,0,0,1.0944,0.21976,0,0.66528,12.849,1,0.457756,0.36288,0,116.999,4.05258,112.851,0.84672,12.849,0.84672,3695.15,0,0,0,1.42445,1.70177,7.68326,1.13123,9.67825,0.42336,0,0.42336,460.49,0,1.02816,0,0,2.45261,1.42445,1.028160,1,0,122.529,0,0,0,122.529,0
68.57,2.231,0,0,7.42885,0.303104,0.36288,3.6288,57.6055,0.525612,0,0,2.03731,0.216804,0,0.66528,12.849,1,0.447641,0.36288,0,206.058,4.09056,201.883,0.84672,12.849,0.84672,3695.15,0,0,0,2.41167,1.7021,8.73615,1.19746,11.6525,0.42336,0,0.42336,460.49,0,1.02816,0,0,3.43983,2.41167,1.028160,1,0,213.535,0,0,0,213.535,0
70.0704,2.47642,0,0,4.63647,0.296761,0.36288,3.6288,58.0578,0.66528,0,0,1.33165,0.213999,0,0.66528,12.849,1,0.464045,0.36288,0,151.09,4.08324,146.906,0.84672,12.849,0.84672,3695.15,0,0,0,1.55097,1.70242,6.55989,1.14889,8.66438,0.42336,0,0.42336,460.49,0,1.02816,0,0,2.57913,1.55097,1.028160,1,0,155.57,0,0,0,155.57,0
72.2722,2.48529,0,0,5.32337,0.273419,0.36288,3.6288,58.6944,0.66528,0,0,1.5361,0.234294,0,0.66528,12.849,1,0.455735,0.36288,0,128.311,4.31424,123.904,0.84672,12.849,0.84672,3695.15,0,0,0,1.93757,1.89289,8.84434,1.16511,11.5097,0.42336,0,0.42336,460.49,0,1.02816,0,0,2.96573,1.93757,1.028160,1,0,135.414,0,0,0,135.414,0
72.29,2.49756,0,0,6.36597,0.277794,3.57282,3.6288,59.4182,0.66528,0,0,1.59353,0.204428,0,0.66528,12.849,1,0.444031,3.57282,0,128.92,4.0509,127.998,0.84672,12.849,0.84672,3695.15,0,0,0,2.05583,1.89325,8.74964,1.03803,11.6607,0.42336,0,0.42336,460.49,0,1.02816,0,0,3.08399,2.05583,1.028160,1,0,139.659,0,0,0,139.659,0
72.29,2.49813,0,0,5.02222,0.318771,2.20533,3.6288,59.8595,0.66528,0,0,1.31445,0.207891,0,0.66528,12.849,1,0.444023,2.20533,0,135.43,3.95367,133.238,0.84672,12.849,0.84672,3695.15,0,0,0,1.58162,1.89361,7.55542,1.04263,9.98803,0.42336,0,0.42336,460.49,0,1.02816,0,0,2.60978,1.58162,1.028160,1,0,143.226,0,0,0,143.226,0
72.29,2.18189,0,0,5.31088,0.31976,2.80923,3.6288,60.3871,0.464551,0,0,1.19707,0.20486,0,0.66528,12.849,1,0.387814,2.80923,0,115.342,3.83193,113.932,0.84672,12.849,0.84672,3695.15,0,0,0,1.09464,1.89397,7.10423,0.896313,9.19654,0.42336,0,0.42336,460.49,0,1.02816,0,0,2.1228,1.09464,1.028160,1,0,123.128,0,0,0,123.128,0
72.29,2.1823,0,0,4.04049,0.320502,1.53768,3.6288,60.5808,0.46874,0,0,0.865236,0.202827,0,0.66528,12.849,1,0.387888,1.53768,0,85.4436,3.74063,82.8527,0.84672,12.849,0.84672,3695.15,0,0,0,0.608429,1.63483,3.30076,0.786576,4.75744,0.42336,0,0.42336,460.49,0,1.02425,0,0,1.63268,0.608429,1.028160,1,0,87.6102,0,0,0,87.6102,0
72.29,2.18272,0,0,8.36411,0.286518,5.89487,3.6288,61.308,0.465119,0,0,1.43025,0.185111,0.0528117,0.66528,12.849,1,0.387962,5.89487,0,127.903,3.47904,129.931,0.84672,12.849,0.84672,3695.15,0,0,0,1.7066,1.63514,8.61227,0.749,11.205,0.42336,0,0.42336,460.49,0,1.02816,0,0,2.73476,1.7066,1.028160,1,0,141.189,0,0,0,141.189,0
72.29,2.18314,0,0,6.46255,0.357741,3.92167,3.6288,61.308,0.465404,0,0,1.53399,0.253035,0.81555,0.66528,12.849,1,0.388036,3.92167,0,111.339,4.12651,110.746,0.84672,12.849,0.84672,3695.15,0,0,0,1.25221,1.63545,5.82079,0.892132,7.81633,0.42336,0,0.42336,460.49,0,1.02816,0,0,2.28037,1.25221,1.028160,1,0,119.378,0,0,0,119.378,0
72.29,2.18355,0,0,8.07503,0.302898,5.58858,3.6288,61.308,0.465688,0,0,1.55414,0.218924,0.869524,0.66528,12.849,1,0.38811,5.58858,0,197.338,3.79285,198.746,0.84672,12.849,0.84672,3695.15,0,0,0,1.58827,1.63576,7.05586,0.841941,9.43795,0.42336,0,0.42336,460.49,0,1.02816,0,0,2.61643,1.58827,1.028160,1,0,209.054,0,0,0,209.054,0
72.29,2.26376,0,0,10.3282,0.313692,7.75071,3.6288,61.308,0.526066,0,0,2.54638,0.194749,1.82557,0.66528,12.849,1,0.402367,7.75071,0,199.9,4.40674,202.842,0.84672,12.849,0.84672,3695.15,0,0,0,2.26816,1.63608,9.58306,0.916558,12.5707,0.42336,0,0.42336,460.49,0,1.02816,0,0,3.29632,2.26816,1.028160,1,0,217.238,0,0,0,217.238,0
72.29,2.2642,0,0,6.78162,0.313692,4.20373,3.6288,61.308,0.526362,0,0,1.90766,0.194749,1.18655,0.66528,12.849,1,0.402444,4.20373,0,128.562,4.40674,127.957,0.84672,12.849,0.84672,3695.15,0,0,0,1.5622,1.70043,7.28343,0.916558,9.6295,0.42336,0,0.42336,460.49,0,1.02816,0,0,2.59036,1.5622,1.028160,1,0,138.773,0,0,0,138.773,0
72.29,2.26463,0,0,5.84753,0.313692,3.26922,3.6288,61.308,0.526658,0,0,1.7514,0.194749,1.02999,0.66528,12.849,1,0.40252,3.26922,0,110.101,4.40674,108.561,0.84672,12.849,0.84672,3695.15,0,0,0,1.57536,1.70075,6.58351,0.916558,8.94306,0.42336,0,0.42336,460.49,0,1.02816,0,0,2.60352,1.57536,1.028160,1,0,118.534,0,0,0,118.534,0
72.29,2.26506,0,0,5.8302,0.294945,3.2702,3.6288,61.308,0.526954,0,0,1.63394,0.184089,0.922902,0.66528,12.849,1,0.402597,3.2702,0,96.1295,3.99369,95.0034,0.84672,12.849,0.84672,3695.15,0,0,0,1.27477,1.70108,6.63499,0.91055,8.70029,0.42336,0,0.42336,460.49,0,1.02816,0,0,2.30293,1.27477,1.028160,1,0,104.627,0,0,0,104.627,0
72.29,2.23427,0,0,4.97782,0.212162,2.5314,3.6288,61.308,0.503893,0,0,1.06955,0.19951,0.366151,0.66528,12.849,1,0.397124,2.5314,0,96.1831,4.56075,93.7566,0.84672,12.849,0.84672,3695.15,0,0,0,0.649538,1.7014,4.57548,1.03875,5.88767,0.42336,0,0.42336,460.49,0,1.02816,0,0,1.6777,0.649538,1.028160,1,0,100.01,0,0,0,100.01,0
72.29,2.23469,0,0,4.57823,0.202532,2.14101,3.6288,61.308,0.571205,0,0,0.941665,0.204449,0.166011,0.66528,12.849,1,0.397199,2.14101,0,89.3938,4.74705,86.3905,0.84672,12.849,0.84672,3695.15,0,0,0,0.528595,1.67679,3.91413,1.06146,5.05805,0.42336,0,0.42336,460.49,0,0.96114,0,0,1.48973,0.528595,1.028160,1,0,91.6146,0,0,0,91.6146,0
72.29,2.23512,0,0,4.24394,0.202532,1.80629,3.6288,61.308,0.504477,0,0,1.08907,0.204449,0.380146,0.66528,12.849,1,0.397275,1.80629,0,81.5651,4.74705,78.227,0.84672,12.849,0.84672,3695.15,0,0,0,0.667423,1.67711,4.28705,1.06146,5.57012,0.42336,0,0.42336,460.49,0,1.02816,0,0,1.69558,0.667423,1.028160,1,0,84.1773,0,0,0,84.1773,0
72.29,2.23554,0,0,4.00154,0.21882,1.54718,3.6288,61.308,0.504769,0,0,1.03764,0.169526,0.363343,0.66528,12.849,1,0.397351,1.54718,0,75.5076,4.41504,72.2423,0.84672,12.849,0.84672,3695.15,0,0,0,0.583243,1.67743,4.17925,0.938283,5.50163,0.42336,0,0.42336,460.49,0,1.02816,0,0,1.6114,0.583243,1.028160,1,0,78.1073,0,0,0,78.1073,0
72.29,2.34204,0,0,3.64361,0.143057,1.15852,3.6288,61.308,0.652781,0,0,0.875189,0.190182,0.0322259,0.66528,12.849,1,0.416279,1.15852,0,63.3198,4.59255,59.4695,0.84672,12.849,0.84672,3695.15,0,0,0,0.402797,1.67775,3.46984,0.966567,4.58382,0.42336,0,0.42336,460.49,0,0.963334,0,0,1.36613,0.402797,1.028160,1,0,64.0855,0,0,0,64.0855,0
72.29,2.34248,0,0,3.31878,0.123937,0.85236,3.6288,61.0843,0.756285,0,0,0.772943,0.240382,0,0.66528,12.849,1,0.416359,0.85236,0,52.6657,4.89048,48.2112,0.84672,12.849,0.84672,3695.15,0,0,0,0.402797,1.76552,3.10758,1.11683,4.15907,0.42336,0,0.42336,460.49,0,0.860138,0,0,1.26293,0.402797,1.028160,1,0,52.3703,0,0,0,52.3703,0
72.29,2.34293,0,0,3.2734,0.123937,0.806536,3.6288,61.018,0.601419,0,0,0.775207,0.240042,0,0.66528,12.849,1,0.416438,0.806536,0,49.8358,4.89048,45.3354,0.84672,12.849,0.84672,3695.15,0,0,0,0.30119,1.76586,2.95856,1.11683,3.90878,0.42336,0,0.42336,460.49,0,1.01531,0,0,1.3165,0.30119,1.028160,1,0,49.2442,0,0,0,49.2442,0
72.29,2.34338,0,0,2.93628,0.138689,0.454214,3.6288,60.9269,0.594365,0,0,0.739195,0.235998,0,0.66528,12.849,1,0.416517,0.454214,0,47.0647,4.63663,42.4657,0.84672,12.849,0.84672,3695.15,0,0,0,0.30119,1.76619,2.7249,1.12662,3.66566,0.42336,0,0.42336,460.49,0,1.02267,0,0,1.32386,0.30119,1.028160,1,0,46.1314,0,0,0,46.1314,0
72.29,2.34382,0,0,2.86239,0.126449,0.392118,3.6288,60.8625,0.589187,0,0,0.76254,0.237693,0,0.66528,12.849,1,0.416597,0.392118,0,46.9638,4.41285,42.5264,0.84672,12.849,0.84672,3695.15,0,0,0,0.400594,1.76653,3.19247,1.15727,4.20232,0.42336,0,0.42336,460.49,0,1.02816,0,0,1.42875,0.400594,1.028160,1,0,46.7287,0,0,0,46.7287,0
72.29,2.32327,0,0,3.03397,0.0905364,0.620162,3.6288,60.9706,0.635098,0,0,0.965321,0.222144,0,0.66528,12.849,1,0.412944,0.620162,0,61.3037,4.65213,56.8588,0.84672,12.849,0.84672,3695.15,0,0,0,0.768243,1.76686,6.41926,1.12955,7.82482,0.42336,0,0.42336,460.49,0,1.02816,0,0,1.7964,0.768243,1.028160,1,0,64.6836,0,0,0,64.6836,0
72.29,2.32371,0,0,2.81377,0.0906029,0.399454,3.6288,61.0653,0.635415,0,0,0.952422,0.222296,0,0.66528,12.849,1,0.413023,0.399454,0,56.2222,4.65213,51.5565,0.84672,12.849,0.84672,3695.15,0,0,0,0.757676,1.7978,5.85637,1.12955,7.2823,0.42336,0,0.42336,460.49,0,1.02816,0,0,1.78584,0.757676,1.028160,1,0,58.8388,0,0,0,58.8388,0
72.1436,2.32416,0,0,2.63122,0.0905364,0.36288,3.6288,61.1682,0.635732,0,0,0.96101,0.22243,0,0.66528,12.849,1,0.413101,0.36288,0,52.4412,4.65213,47.7388,0.84672,12.849,0.84672,3695.15,0,0,0,0.822666,1.79814,5.73856,1.12955,7.22982,0.42336,0,0.42336,460.49,0,1.02816,0,0,1.85083,0.822666,1.028160,1,0,54.9686,0,0,0,54.9686,0
71.935,2.32389,0,0,2.56419,0.0860401,0.36288,3.6288,61.1765,0.636049,0,0,0.901256,0.256826,0,0.66528,12.849,1,0.413892,0.36288,0,49.1562,5.08375,44.0214,0.84672,12.849,0.84672,3695.15,0,0,0,0.740491,1.79849,5.5375,1.2331,6.84337,0.42336,0,0.42336,460.49,0,1.02816,0,0,1.76865,0.740491,1.028160,1,0,50.8648,0,0,0,50.8648,0
71.5804,2.37753,0,0,2.46637,0.080609,0.36288,3.6288,61.0706,0.66528,0,0,0.842348,0.282972,0,0.66528,12.849,1,0.424674,0.36288,0,47.3067,5.63996,41.6049,0.84672,12.849,0.84672,3695.15,0,0,0,0.561349,1.79883,4.86373,1.41618,5.80773,0.42336,0,0.42336,460.49,0,1.02816,0,0,1.58951,0.561349,1.028160,1,0,47.4127,0,0,0,47.4127,0
71.1843,2.3762,0,0,2.42196,0.0789796,0.36288,3.6288,60.9435,0.66528,0,0,0.825941,0.287752,0,0.66528,12.849,1,0.426539,0.36288,0,43.9851,5.79338,38.1281,0.84672,12.849,0.84672,3695.15,0,0,0,0.582535,1.84257,4.67794,1.47284,5.6302,0.42336,0,0.42336,460.49,0,1.02816,0,0,1.61069,0.582535,1.028160,1,0,43.7583,0,0,0,43.7583,0
70.5128,2.37465,0,0,2.14481,0.0787409,0.36288,3.6288,60.7663,0.66528,0,0,0.775596,0.28752,0,0.66528,12.849,1,0.428631,0.36288,0,41.442,5.79338,35.5829,0.84672,12.849,0.84672,3695.15,0,0,0,0.471295,1.84292,4.63241,1.47284,5.47378,0.42336,0,0.42336,460.49,0,1.02816,0,0,1.49945,0.471295,1.028160,1,0,41.0567,0,0,0,41.0567,0
69.6483,2.37164,0,0,1.94833,0.0783364,0.36288,3.6288,60.5684,0.66528,0,0,0.754574,0.287197,0,0.66528,12.849,1,0.432166,0.36288,0,39.011,5.79338,33.1483,0.84672,12.849,0.84672,3695.15,0,0,0,0.374458,1.84327,4.46703,1.47284,5.21192,0.42336,0,0.42336,460.49,0,1.02816,0,0,1.40262,0.374458,1.028160,1,0,38.3602,0,0,0,38.3602,0
68.5905,2.52569,0,0,1.88347,0.0526987,0.36288,3.6288,60.4004,0.66528,0,0,0.810207,0.312932,0,0.66528,12.849,1,0.465949,0.36288,0,39.0742,6.25227,32.7189,0.84672,12.849,0.84672,3695.15,0,0,0,0.454628,1.84362,4.71347,1.53605,5.47568,0.42336,0,0.42336,460.49,0,1.02816,0,0,1.48279,0.454628,1.028160,1,0,38.1946,0,0,0,38.1946,0
68.454,2.52011,0,0,2.78943,0.0428957,0.36288,3.6288,60.3002,0.66528,0,0,0.918233,0.353176,0,0.66528,12.849,1,0.472091,0.36288,0,47.4837,6.55315,40.8213,0.84672,12.849,0.84672,3695.15,0,0,0,0.788651,1.99259,5.68591,1.58891,6.87823,0.42336,0,0.42336,460.49,0,1.02816,0,0,1.81681,0.788651,1.028160,1,0,47.6996,0,0,0,47.6996,0
67.5132,2.5198,0,0,1.99957,0.0576775,0.36288,3.6288,59.9511,0.66528,0,0,0.665888,0.349754,0,0.66528,12.849,1,0.472973,0.36288,0,34.2865,6.4641,27.7124,0.84672,12.849,0.84672,3695.15,0,0,0,0.400023,1.99297,3.48948,1.57799,4.30448,0.42336,0,0.42336,460.49,0,1.02816,0,0,1.42818,0.400023,1.028160,1,0,32.0168,0,0,0,32.0168,0
66.0925,2.51474,0,0,1.58403,0.127135,0.36288,3.6288,59.5965,0.66528,0,0,0.633773,0.322999,0,0.66528,12.849,1,0.478602,0.36288,0,26.3041,6.33035,19.8581,0.84672,12.849,0.84672,3695.15,0,0,0,0.414936,1.99335,3.10625,1.50729,4.00724,0.42336,0,0.42336,460.49,0,1.02816,0,0,1.4431,0.414936,1.028160,1,0,23.8653,0,0,0,23.8653,0
64.5697,2.50661,0,0,1.47239,0.125713,0.36288,3.6288,59.2132,0.66528,0,0,0.604176,0.322269,0,0.66528,12.849,1,0.487308,0.36288,0,30.2058,6.33035,23.751,0.84672,12.849,0.84672,3695.15,0,0,0,0.335102,1.99373,2.70082,1.50729,3.52236,0.42336,0,0.42336,460.49,0,1.02816,0,0,1.36326,0.335102,1.028160,1,0,27.2734,0,0,0,27.2734,0
63.2662,2.4213,0,0,1.65072,0.17004,0.36288,3.6288,58.8716,0.66528,0,0,0.614822,0.291088,0,0.66528,12.849,1,0.481824,0.36288,0,16.5583,4.82013,11.6192,0.84672,12.849,0.84672,3695.15,0,0,0,0.375883,1.99411,4.15991,1.20831,5.32159,0.42336,0,0.42336,460.49,0,1.02816,0,0,1.40404,0.375883,1.028160,1,0,16.9408,0,0,0,16.9408,0
62.0981,2.41351,0,0,1.78801,0.179742,0.36288,3.6288,58.6458,0.66528,0,0,0.733847,0.294414,0,0.66528,12.849,1,0.490169,0.36288,0,18.1691,4.88523,13.1565,0.84672,12.849,0.84672,3695.15,0,0,0,0.434462,1.9084,4.76835,1.24559,5.86562,0.42336,0,0.42336,460.49,0,1.02816,0,0,1.46262,0.434462,1.028160,1,0,19.0222,0,0,0,19.0222,0
60.971,2.40632,0,0,1.8202,0.178032,0.36288,3.6288,58.4368,0.66528,0,0,0.750306,0.293987,0,0.66528,12.849,1,0.497904,0.36288,0,25.8309,4.88523,20.8107,0.84672,12.849,0.84672,3695.15,0,0,0,0.533874,1.90876,5.13602,1.24559,6.33307,0.42336,0,0.42336,460.49,0,1.02816,0,0,1.56203,0.533874,1.028160,1,0,27.1437,0,0,0,27.1437,0
60.0424,2.39918,0,0,2.00975,0.176382,0.36288,3.6288,58.5654,0.66528,0,0,1.08746,0.293592,0,0.66528,12.849,1,0.505602,0.36288,0,61.318,4.88523,56.29,0.84672,12.849,0.84672,3695.15,0,0,0,0.891026,1.90913,7.21935,1.24559,8.77392,0.42336,0,0.42336,460.49,0,1.02816,0,0,1.91919,0.891026,1.028160,1,0,65.064,0,0,0,65.064,0
59.0114,2.08228,0,0,1.58642,0.17216,0.36288,3.6288,58.3818,0.66528,0,0,0.723944,0.242319,0,0.66528,12.849,1,0.445605,0.36288,0,41.2982,4.42955,36.7859,0.84672,12.849,0.84672,3695.15,0,0,0,0.31657,1.90949,5.33495,1.05878,6.50223,0.42336,0,0.42336,460.49,0,1.02816,0,0,1.34473,0.31657,1.028160,1,0,43.2881,0,0,0,43.2881,0
58.3705,2.07633,0,0,2.00977,0.211466,0.36288,3.6288,58.1818,0.66528,0,0,0.654676,0.18935,0,0.66528,12.849,1,0.452094,0.36288,0,40.0392,3.88434,36.0657,0.84672,12.849,0.84672,3695.15,0,0,0,0.235984,2.00993,5.73773,0.963846,7.0198,0.42336,0,0.42336,460.49,0,1.02816,0,0,1.26414,0.235984,1.028160,1,0,43.0855,0,0,0,43.0855,0
57.2163,2.32054,0,0,1.79076,0.261619,0.36288,3.6288,57.3884,1.05754,0,0,0.447217,0.183099,0,0.66528,12.849,1,0.510817,0.36288,0,35.2391,3.94275,31.1484,0.84672,12.849,0.84672,3695.15,0,0,0,0.292723,2.01028,4.79472,1.03825,6.05948,0.42336,0,0.42336,460.49,0,0.629061,0,0,0.921784,0.292723,1.028160,1,0,37.2079,0,0,0,37.2079,0
56.6445,2.31257,0,0,2.36242,0.258685,0.36288,3.6288,57.5651,0.658765,0,0,1.01765,0.182162,0,0.66528,12.849,1,0.519331,0.36288,0,47.1468,3.94275,43.0476,0.84672,12.849,0.84672,3695.15,0,0,0,1.32221,1.83367,8.52243,1.03825,10.6401,0.42336,0,0.42336,460.49,0,1.02816,0,0,2.35037,1.32221,1.028160,1,0,53.6876,0,0,0,53.6876,0
59.5365,2.13486,0,0,5.65003,0.260303,0.36288,3.6288,58.8014,0.489609,0,0,1.92223,0.196317,0,0.66528,12.849,1,0.484263,0.36288,0,122.765,4.01229,118.631,0.84672,12.849,0.84672,3695.15,0,0,0,2.86854,1.83402,13.2296,1.05249,16.8797,0.42336,0,0.42336,460.49,0,1.02816,0,0,3.8967,2.86854,1.028160,1,0,135.511,0,0,0,135.511,0
59.128,2.15462,0,0,2.38464,0.275636,0.36288,3.6288,58.8485,0.489898,0,0,0.770025,0.233036,0,0.66528,12.849,1,0.465004,0.36288,0,69.2493,4.18614,64.961,0.84672,12.849,0.84672,3695.15,0,0,0,0.581852,1.66345,7.24964,1.08808,8.40686,0.42336,0,0.42336,460.49,0,1.02816,0,0,1.61001,0.581852,1.028160,1,0,73.3679,0,0,0,73.3679,0
61.9273,2.15239,0,0,5.58904,0.274555,0.36288,3.6288,60.2589,0.490187,0,0,2.13372,0.233107,0,0.66528,12.849,1,0.467732,0.36288,0,146.727,4.18614,142.436,0.84672,12.849,0.84672,3695.15,0,0,0,3.06144,1.66377,10.1326,1.08808,13.7697,0.42336,0,0.42336,460.49,0,1.02816,0,0,4.0896,3.06144,1.028160,1,0,156.206,0,0,0,156.206,0
63.9065,2.17031,0,0,4.78363,0.271182,0.36288,3.6288,60.2741,0.490476,0,0,0.736489,0.230801,0,0.66528,12.849,1,0.450308,0.36288,0,87.1776,3.95844,83.1317,0.84672,12.849,0.84672,3695.15,0,0,0,0.899476,1.66409,7.33819,1.05034,8.8514,0.42336,0,0.42336,460.49,0,1.02816,0,0,1.92764,0.899476,1.028160,1,0,91.9831,0,0,0,91.9831,0
65.3499,2.18234,0,0,4.25028,0.261713,0.36288,3.6288,60.8314,0.490766,0,0,1.27299,0.224934,0,0.66528,12.849,1,0.43878,0.36288,0,67.8637,3.65484,64.133,0.84672,12.849,0.84672,3695.15,0,0,0,1.13194,1.6644,6.79482,1.00003,8.59114,0.42336,0,0.42336,460.49,0,1.02816,0,0,2.1601,1.13194,1.028160,1,0,72.7241,0,0,0,72.7241,0
68.3657,2.25948,0,0,5.93182,0.293643,0.36288,3.6288,61.308,0.540172,0,0,1.56158,0.191463,0.353375,0.66528,12.849,1,0.444257,0.36288,0,110.389,3.24732,107.06,0.84672,12.849,0.84672,3695.15,0,0,0,1.6266,1.66472,9.00167,0.947206,11.3458,0.42336,0,0.42336,460.49,0,1.02816,0,0,2.65476,1.6266,1.028160,1,0,118.759,0,0,0,118.759,0
69.7269,2.2764,0,0,4.30614,0.305664,0.36288,3.6288,61.308,0.540458,0,0,1.62783,0.186313,0.901056,0.66528,12.849,1,0.427838,0.36288,0,82.5371,3.1794,79.2927,0.84672,12.849,0.84672,3695.15,0,0,0,2.17778,1.71837,9.66833,0.938403,12.6261,0.42336,0,0.42336,460.49,0,1.02816,0,0,3.20594,2.17778,1.028160,1,0,92.8198,0,0,0,92.8198,0
72.29,2.28387,0,0,7.83065,0.329391,2.65426,3.6288,61.308,0.540745,0,0,2.88801,0.176406,2.17086,0.66528,12.849,1,0.420862,2.65426,0,155.773,3.32664,154.68,0.84672,12.849,0.84672,3695.15,0,0,0,4.02187,1.71869,11.7615,0.905877,16.5961,0.42336,0,0.42336,460.49,0,1.02816,0,0,5.05003,4.02187,1.028160,1,0,173.447,0,0,0,173.447,0
72.29,2.29696,0,0,7.22088,0.351583,4.57234,3.6288,61.308,0.541032,0,0,2.68038,0.168976,1.97037,0.66528,12.849,1,0.408267,4.57234,0,155.72,3.43707,156.447,0.84672,12.849,0.84672,3695.15,0,0,0,2.23291,1.719,11.8626,0.881482,14.9331,0.42336,0,0.42336,460.49,0,1.02816,0,0,3.26107,2.23291,1.028160,1,0,173.351,0,0,0,173.351,0
72.29,2.52146,0,0,6.11073,0.344277,3.245,3.6288,61.308,0.66528,0,0,2.25596,0.156771,1.4339,0.66528,12.849,1,0.44817,3.245,0,156.949,3.29541,156.45,0.84672,12.849,0.84672,3695.15,0,0,0,2.36637,1.71932,11.0054,0.888864,14.2022,0.42336,0,0.42336,460.49,0,1.02816,0,0,3.39453,2.36637,1.028160,1,0,172.087,0,0,0,172.087,0
72.29,2.52192,0,0,5.08443,0.334536,2.22798,3.6288,61.308,0.66528,0,0,1.75679,0.140498,0.95101,0.66528,12.849,1,0.448252,2.22798,0,130.227,3.10653,128.9,0.84672,12.849,0.84672,3695.15,0,0,0,1.74332,1.91166,9.73961,0.898708,12.4959,0.42336,0,0.42336,460.49,0,1.02816,0,0,2.77148,1.74332,1.028160,1,0,142.347,0,0,0,142.347,0
72.29,2.52238,0,0,4.50286,0.334536,1.64594,3.6288,61.308,0.66528,0,0,1.31432,0.140498,0.508539,0.66528,12.849,1,0.448334,1.64594,0,80.7503,3.10653,78.8414,0.84672,12.849,0.84672,3695.15,0,0,0,0.816722,1.91201,8.82265,0.898708,10.6527,0.42336,0,0.42336,460.49,0,1.02816,0,0,1.84488,0.816722,1.028160,1,0,90.0026,0,0,0,90.0026,0
72.29,2.52284,0,0,7.27095,0.329341,4.41877,3.6288,61.308,0.66528,0,0,2.27428,0.151564,1.45744,0.66528,12.849,1,0.448416,4.41877,0,128.324,3.36861,128.926,0.84672,12.849,0.84672,3695.15,0,0,0,2.6167,1.91236,10.9333,0.980699,14.4817,0.42336,0,0.42336,460.49,0,1.02816,0,0,3.64486,2.6167,1.028160,1,0,144.865,0,0,0,144.865,0
72.29,2.20346,0,0,6.12382,0.324369,3.59599,3.6288,61.308,0.479306,0,0,2.78719,0.149453,2.15843,0.66528,12.849,1,0.391648,3.59599,0,108.05,3.83247,107.422,0.84672,12.849,0.84672,3695.15,0,0,0,2.17995,1.91271,13.9503,1.10179,16.9412,0.42336,0,0.42336,460.49,0,1.02816,0,0,3.20811,2.17995,1.028160,1,0,126.522,0,0,0,126.522,0
72.29,2.20386,0,0,5.18383,0.335054,2.64491,3.6288,61.308,0.479582,0,0,3.47878,0.109755,2.88944,0.66528,12.849,1,0.391719,2.64491,0,94.0896,3.57735,92.7654,0.84672,12.849,0.84672,3695.15,0,0,0,1.64779,1.65099,15.7029,0.989945,18.0118,0.42336,0,0.42336,460.49,0,1.02816,0,0,2.67595,1.64779,1.028160,1,0,113.667,0,0,0,113.667,0
72.29,2.20426,0,0,7.01509,0.335054,4.47578,3.6288,61.308,0.479858,0,0,4.84735,0.109755,4.25774,0.66528,12.849,1,0.391791,4.47578,0,147.756,3.57735,148.263,0.84672,12.849,0.84672,3695.15,0,0,0,2.92188,1.65129,19.7344,0.989945,23.3176,0.42336,0,0.42336,460.49,0,1.02816,0,0,3.95004,2.92188,1.028160,1,0,175.838,0,0,0,175.838,0
72.29,2.20467,0,0,8.75681,0.330957,6.22119,3.6288,61.308,0.480133,0,0,5.31575,0.0753924,4.76023,0.66528,12.849,1,0.391863,6.22119,0,193.583,3.03942,196.373,0.84672,12.849,0.84672,3695.15,0,0,0,3.61968,1.65159,26.2283,0.897815,30.6017,0.42336,0,0.42336,460.49,0,1.02816,0,0,4.64784,3.61968,1.028160,1,0,231.735,0,0,0,231.735,0
72.29,2.20507,0,0,8.00919,0.330274,5.47385,3.6288,61.308,0.480409,0,0,4.54353,0.0696653,3.99346,0.66528,12.849,1,0.391934,5.47385,0,216.539,2.94977,218.671,0.84672,12.849,0.84672,3695.15,0,0,0,3.25904,1.6519,23.6469,0.88246,27.6754,0.42336,0,0.42336,460.49,0,1.02816,0,0,4.2872,3.25904,1.028160,1,0,250.34,0,0,0,250.34,0
72.29,2.28605,0,0,7.52916,0.340783,4.90232,3.6288,61.308,0.541369,0,0,3.25948,0.115518,2.6026,0.66528,12.849,1,0.406329,4.90232,0,162.461,3.94611,163.01,0.84672,12.849,0.84672,3695.15,0,0,0,1.9388,1.6522,15.5612,0.967068,18.1852,0.42336,0,0.42336,460.49,0,1.02816,0,0,2.96696,1.9388,1.028160,1,0,183.798,0,0,0,183.798,0
72.29,2.28647,0,0,9.12038,0.340783,6.49313,3.6288,61.308,0.541656,0,0,5.34457,0.115518,4.68739,0.66528,12.849,1,0.406403,6.49313,0,182.495,3.94611,184.636,0.84672,12.849,0.84672,3695.15,0,0,0,3.87138,1.71717,22.8995,0.967068,27.521,0.42336,0,0.42336,460.49,0,1.02816,0,0,4.89954,3.87138,1.028160,1,0,216.844,0,0,0,216.844,0
72.29,2.28689,0,0,6.32248,0.287216,3.74838,3.6288,61.308,0.541943,0,0,3.16104,0.144064,2.47503,0.66528,12.849,1,0.406477,3.74838,0,214.557,4.29513,213.604,0.84672,12.849,0.84672,3695.15,0,0,0,1.78233,1.71748,13.095,1.03577,15.559,0.42336,0,0.42336,460.49,0,1.02816,0,0,2.81049,1.78233,1.028160,1,0,231.638,0,0,0,231.638,0
72.29,2.28731,0,0,5.71876,0.228911,3.20254,3.6288,61.308,0.54223,0,0,2.64959,0.195751,1.9116,0.66528,12.849,1,0.406552,3.20254,0,151.915,4.25817,150.453,0.84672,12.849,0.84672,3695.15,0,0,0,1.48185,1.7178,11.8642,1.18326,13.8806,0.42336,0,0.42336,460.49,0,1.02816,0,0,2.51001,1.48185,1.028160,1,0,166.245,0,0,0,166.245,0
72.29,2.2562,0,0,6.2417,0.252343,3.73316,3.6288,61.308,0.518931,0,0,2.62818,0.169344,1.9399,0.66528,12.849,1,0.401022,3.73316,0,199.383,4.05795,198.657,0.84672,12.849,0.84672,3695.15,0,0,0,1.90599,1.71811,14.4074,1.07619,16.9553,0.42336,0,0.42336,460.49,0,1.02816,0,0,2.93415,1.90599,1.028160,1,0,217.552,0,0,0,217.552,0
72.29,2.25661,0,0,5.42936,0.236117,2.93663,3.6288,61.308,0.519214,0,0,2.18364,0.18641,1.47802,0.66528,12.849,1,0.401095,2.93663,0,127.095,4.33461,125.296,0.84672,12.849,0.84672,3695.15,0,0,0,1.81329,1.69324,12.5169,1.13316,14.8903,0.42336,0,0.42336,460.49,0,1.02816,0,0,2.84145,1.81329,1.028160,1,0,141.665,0,0,0,141.665,0
72.29,2.25702,0,0,4.43586,0.236117,1.94272,3.6288,61.308,0.519496,0,0,1.86062,0.18641,1.15471,0.66528,12.849,1,0.401168,1.94272,0,108.337,4.33461,105.544,0.84672,12.849,0.84672,3695.15,0,0,0,1.48703,1.69355,9.93626,1.13316,11.9837,0.42336,0,0.42336,460.49,0,1.02816,0,0,2.51519,1.48703,1.028160,1,0,118.682,0,0,0,118.682,0
72.29,2.25743,0,0,3.87156,0.236117,1.37801,3.6288,61.308,0.519779,0,0,1.6888,0.18641,0.982611,0.66528,12.849,1,0.401242,1.37801,0,70.2284,4.33461,66.8706,0.84672,12.849,0.84672,3695.15,0,0,0,1.25201,1.69386,8.54427,1.13316,10.357,0.42336,0,0.42336,460.49,0,1.02816,0,0,2.28017,1.25201,1.028160,1,0,78.2102,0,0,0,78.2102,0
72.29,2.36495,0,0,3.72856,0.195915,1.16769,3.6288,61.308,0.603767,0,0,1.6018,0.205989,0.792048,0.66528,12.849,1,0.420352,1.16769,0,80.5559,4.10796,77.1953,0.84672,12.849,0.84672,3695.15,0,0,0,1.15377,1.69417,8.12886,1.04127,9.93553,0.42336,0,0.42336,460.49,0,1.02816,0,0,2.18193,1.15377,1.028160,1,0,87.9229,0,0,0,87.9229,0
72.29,2.36538,0,0,3.95283,0.174878,1.41256,3.6288,61.308,0.604066,0,0,1.75586,0.174348,0.97745,0.66528,12.849,1,0.420429,1.41256,0,88.6645,3.76026,85.8964,0.84672,12.849,0.84672,3695.15,0,0,0,1.5747,1.78279,9.00677,0.942506,11.4218,0.42336,0,0.42336,460.49,0,1.02816,0,0,2.60286,1.5747,1.028160,1,0,98.2956,0,0,0,98.2956,0
72.29,2.36582,0,0,3.82912,0.174878,1.28842,3.6288,61.308,0.604364,0,0,1.58725,0.174348,0.808542,0.66528,12.849,1,0.420506,1.28842,0,79.6202,3.76026,76.7279,0.84672,12.849,0.84672,3695.15,0,0,0,1.41791,1.78312,8.71949,0.942506,10.978,0.42336,0,0.42336,460.49,0,1.02816,0,0,2.44607,1.41791,1.028160,1,0,88.5144,0,0,0,88.5144,0
72.29,2.36625,0,0,3.59562,0.174878,1.0545,3.6288,61.308,0.604663,0,0,1.48802,0.174348,0.709013,0.66528,12.849,1,0.420583,1.0545,0,73.5912,3.76026,70.4649,0.84672,12.849,0.84672,3695.15,0,0,0,1.1193,1.78344,8.13715,0.942506,10.0974,0.42336,0,0.42336,460.49,0,1.02816,0,0,2.14746,1.1193,1.028160,1,0,81.2713,0,0,0,81.2713,0
72.29,2.36668,0,0,3.40522,0.132779,0.905763,3.6288,61.308,0.604961,0,0,1.40174,0.234329,0.562446,0.66528,12.849,1,0.42066,0.905763,0,68.1083,4.57518,64.0182,0.84672,12.849,0.84672,3695.15,0,0,0,0.828844,1.78377,6.87969,1.16072,8.33158,0.42336,0,0.42336,460.49,0,1.02816,0,0,1.857,0.828844,1.028160,1,0,72.9122,0,0,0,72.9122,0
72.29,2.34591,0,0,3.36361,0.139043,0.878656,3.6288,61.308,0.651307,0,0,1.03756,0.224448,0.161805,0.66528,12.849,1,0.416968,0.878656,0,62.8729,4.90896,58.4257,0.84672,12.849,0.84672,3695.15,0,0,0,0.730348,1.7841,6.0945,1.2104,7.39854,0.42336,0,0.42336,460.49,0,1.02816,0,0,1.75851,0.730348,1.028160,1,0,65.986,0,0,0,65.986,0
72.29,2.34634,0,0,3.16932,0.061277,0.761706,3.6288,61.308,0.651614,0,0,1.04373,0.253504,0.138611,0.66528,12.849,1,0.417045,0.761706,0,58.8205,5.13335,54.0318,0.84672,12.849,0.84672,3695.15,0,0,0,0.711046,1.81532,6.16026,1.27705,7.40957,0.42336,0,0.42336,460.49,0,1.02816,0,0,1.73921,0.711046,1.028160,1,0,61.58,0,0,0,61.58,0
72.29,2.34677,0,0,2.92563,0.0613436,0.517519,3.6288,61.308,0.651921,0,0,1.03286,0.253504,0.127434,0.66528,12.849,1,0.417121,0.517519,0,53.7831,5.13335,48.7501,0.84672,12.849,0.84672,3695.15,0,0,0,0.674585,1.81565,5.6519,1.27705,6.86508,0.42336,0,0.42336,460.49,0,1.02816,0,0,1.70275,0.674585,1.028160,1,0,55.7426,0,0,0,55.7426,0
72.2532,2.3472,0,0,2.73451,0.061277,0.36288,3.6288,61.308,0.652229,0,0,1.03908,0.253504,0.133348,0.66528,12.849,1,0.417197,0.36288,0,50.004,5.13335,44.8163,0.84672,12.849,0.84672,3695.15,0,0,0,0.750626,1.81598,5.46333,1.27705,6.75289,0.42336,0,0.42336,460.49,0,1.02816,0,0,1.77879,0.750626,1.028160,1,0,51.7026,0,0,0,51.7026,0
72.0785,2.40223,0,0,2.65869,0.0682527,0.36288,3.6288,61.2164,0.66528,0,0,0.854613,0.280948,0,0.66528,12.849,1,0.427197,0.36288,0,51.2301,5.4289,45.7369,0.84672,12.849,0.84672,3695.15,0,0,0,0.567302,1.81632,4.95215,1.37884,5.95693,0.42336,0,0.42336,460.49,0,1.02816,0,0,1.59546,0.567302,1.028160,1,0,51.6938,0,0,0,51.6938,0
71.5625,2.40179,0,0,2.32214,0.0733999,0.36288,3.6288,60.8206,0.66528,0,0,0.570822,0.301357,0,0.66528,12.849,1,0.428153,0.36288,0,40.3937,5.65057,34.6779,0.84672,12.849,0.84672,3695.15,0,0,0,0.465929,1.86047,4.54152,1.45518,5.41274,0.42336,0,0.42336,460.49,0,1.02816,0,0,1.49409,0.465929,1.028160,1,0,40.0906,0,0,0,40.0906,0
70.8977,2.39962,0,0,2.17077,0.0731121,0.36288,3.6288,60.3828,0.66528,0,0,0.528139,0.300602,0,0.66528,12.849,1,0.430849,0.36288,0,38.4084,5.65057,32.6899,0.84672,12.849,0.84672,3695.15,0,0,0,0.337366,1.86081,3.98504,1.45518,4.72803,0.42336,0,0.42336,460.49,0,1.02816,0,0,1.36553,0.337366,1.028160,1,0,37.4179,0,0,0,37.4179,0
70.2071,2.39663,0,0,2.14161,0.0727412,0.36288,3.6288,59.9892,0.66528,0,0,0.5714,0.299768,0,0.66528,12.849,1,0.434349,0.36288,0,35.6393,5.65057,29.9173,0.84672,12.849,0.84672,3695.15,0,0,0,0.429399,1.86115,4.50664,1.45518,5.34201,0.42336,0,0.42336,460.49,0,1.02816,0,0,1.45756,0.429399,1.028160,1,0,35.2593,0,0,0,35.2593,0
69.5857,2.55331,0,0,2.35,0.0552126,0.36288,3.6288,59.6263,0.66528,0,0,0.593295,0.290849,0,0.66528,12.849,1,0.467296,0.36288,0,37.3593,5.96061,31.2942,0.84672,12.849,0.84672,3695.15,0,0,0,0.541564,1.86149,5.46537,1.52723,6.34119,0.42336,0,0.42336,460.49,0,1.02816,0,0,1.56972,0.541564,1.028160,1,0,37.6354,0,0,0,37.6354,0
69.5884,2.55025,0,0,2.97238,0.0565545,0.36288,3.6288,59.2469,0.66528,0,0,0.630767,0.344968,0,0.66528,12.849,1,0.470904,0.36288,0,49.5664,6.36332,43.095,0.84672,12.849,0.84672,3695.15,0,0,0,0.630124,2.01188,5.03209,1.54783,6.12627,0.42336,0,0.42336,460.49,0,1.02816,0,0,1.65828,0.630124,1.028160,1,0,49.2213,0,0,0,49.2213,0
68.975,2.55073,0,0,2.35678,0.0565556,0.36288,3.6288,58.7109,0.66528,0,0,0.473437,0.344132,0,0.66528,12.849,1,0.470975,0.36288,0,54.4259,6.36332,47.9545,0.84672,12.849,0.84672,3695.15,0,0,0,0.217305,2.01225,4.04043,1.54783,4.72215,0.42336,0,0.42336,460.49,0,1.02816,0,0,1.24546,0.217305,1.028160,1,0,52.6766,0,0,0,52.6766,0
68.8727,2.54767,0,0,2.86457,0.0562869,0.36288,3.6288,58.4638,0.66528,0,0,0.761159,0.34295,0,0.66528,12.849,1,0.474592,0.36288,0,47.4428,6.36332,40.9677,0.84672,12.849,0.84672,3695.15,0,0,0,1.03673,2.01262,5.82174,1.54783,7.32326,0.42336,0,0.42336,460.49,0,1.02816,0,0,2.06489,1.03673,1.028160,1,0,48.291,0,0,0,48.291,0
68.2093,2.54754,0,0,2.30817,0.0611846,0.36288,3.6288,58.0219,0.66528,0,0,0.538641,0.315323,0,0.66528,12.849,1,0.475273,0.36288,0,40.8258,5.62393,35.0895,0.84672,12.849,0.84672,3695.15,0,0,0,0.469515,2.01298,5.83695,1.26001,7.05944,0.42336,0,0.42336,460.49,0,1.02816,0,0,1.49767,0.469515,1.028160,1,0,42.1489,0,0,0,42.1489,0
67.4453,2.46649,0,0,2.07203,0.00664305,0.36288,3.6288,57.0085,0.969538,0,0,0.34335,0.387147,0,0.66528,12.849,1,0.464628,0.36288,0,31.8195,6.63999,25.0777,0.84672,12.849,0.84672,3695.15,0,0,0,0.204422,2.01335,4.40762,1.59707,5.02832,0.42336,0,0.42336,460.49,0,0.723902,0,0,0.928325,0.204422,1.028160,1,0,30.1061,0,0,0,30.1061,0
66.3903,2.46252,0,0,1.87678,0.106328,0.36288,3.6288,55.9909,1.03383,0,0,0.341369,0.325171,0,0.66528,12.849,1,0.469135,0.36288,0,28.8751,5.00985,23.759,0.84672,12.849,0.84672,3695.15,0,0,0,0.216518,1.92681,3.93603,1.21267,4.86668,0.42336,0,0.42336,460.49,0,0.659612,0,0,0.876131,0.216518,1.028160,1,0,28.6257,0,0,0,28.6257,0
65.5857,2.45672,0,0,2.15565,0.140692,0.36288,3.6288,55.3141,0.826425,0,0,0.465895,0.316303,0,0.66528,12.849,1,0.475467,0.36288,0,29.1802,4.78947,24.2782,0.84672,12.849,0.84672,3695.15,0,0,0,0.216518,1.92716,5.45831,1.18761,6.41438,0.42336,0,0.42336,460.49,0,0.867015,0,0,1.08353,0.216518,1.028160,1,0,30.6925,0,0,0,30.6925,0
64.6947,2.45229,0,0,2.06402,0.139793,0.36288,3.6288,54.6001,0.855973,0,0,0.456957,0.314902,0,0.66528,12.849,1,0.480433,0.36288,0,38.9067,4.78947,33.9997,0.84672,12.849,0.84672,3695.15,0,0,0,0.216518,1.92751,5.45689,1.18761,6.41331,0.42336,0,0.42336,460.49,0,0.837467,0,0,1.05398,0.216518,1.028160,1,0,40.413,0,0,0,40.413,0
64.0716,2.384,0,0,2.28456,0.160804,0.36288,3.6288,53.9144,0.846642,0,0,0.437785,0.276851,0,0.66528,12.849,1,0.473486,0.36288,0,48.4445,4.50471,43.8292,0.84672,12.849,0.84672,3695.15,0,0,0,0.216518,1.92786,5.62159,1.1365,6.62947,0.42336,0,0.42336,460.49,0,0.846798,0,0,1.06332,0.216518,1.028160,1,0,50.4586,0,0,0,50.4586,0
63.6617,2.3806,0,0,2.52278,0.189193,0.36288,3.6288,53.7383,0.66528,0,0,0.716182,0.227053,0,0.66528,12.849,1,0.477409,0.36288,0,55.6915,4.12503,51.4519,0.84672,12.849,0.84672,3695.15,0,0,0,0.698185,1.85059,7.18489,1.06836,8.66531,0.42336,0,0.42336,460.49,0,1.02816,0,0,1.72634,0.698185,1.028160,1,0,60.1172,0,0,0,60.1172,0
62.4088,2.37848,0,0,1.67705,0.188566,0.36288,3.6288,52.615,1.22611,0,0,0.329575,0.226761,0,0.66528,12.849,1,0.480055,0.36288,0,35.816,4.12503,31.5738,0.84672,12.849,0.84672,3695.15,0,0,0,0.292723,1.85093,3.22377,1.06836,4.29906,0.42336,0,0.42336,460.49,0,0.467328,0,0,0.760051,0.292723,1.028160,1,0,35.8729,0,0,0,35.8729,0
62.6231,2.37092,0,0,3.1452,0.197103,0.36288,3.6288,52.147,0.828818,0,0,0.597711,0.236891,0,0.66528,12.849,1,0.488136,0.36288,0,66.0158,4.40052,61.49,0.84672,12.849,0.84672,3695.15,0,0,0,0.292723,1.85127,7.25177,1.14605,8.24971,0.42336,0,0.42336,460.49,0,0.864622,0,0,1.15735,0.292723,1.028160,1,0,69.7398,0,0,0,69.7398,0
62.4635,2.19405,0,0,2.62887,0.231608,0.36288,3.6288,52.0372,0.504152,0,0,0.648715,0.254374,0,0.66528,12.849,1,0.450174,0.36288,0,59.7071,4.95324,54.6665,0.84672,12.849,0.84672,3695.15,0,0,0,0.536397,1.8516,7.06925,1.3067,8.15055,0.42336,0,0.42336,460.49,0,1.02816,0,0,1.56456,0.536397,1.028160,1,0,62.8171,0,0,0,62.8171,0
61.699,2.19349,0,0,2.07101,0.279081,0.36288,3.6288,51.8579,0.504432,0,0,0.507908,0.182793,0,0.66528,12.849,1,0.451211,0.36288,0,58.9245,4.13721,54.6989,0.84672,12.849,0.84672,3695.15,0,0,0,0.400015,1.67939,7.34522,1.10523,8.3194,0.42336,0,0.42336,460.49,0,1.02816,0,0,1.42817,0.400015,1.028160,1,0,63.0183,0,0,0,63.0183,0
61.1854,2.18927,0,0,2.31589,0.277331,0.36288,3.6288,51.6647,0.504712,0,0,0.494085,0.182529,0,0.66528,12.849,1,0.455921,0.36288,0,88.5585,4.13721,84.3283,0.84672,12.849,0.84672,3695.15,0,0,0,0.831306,1.6797,8.4475,1.10523,9.85328,0.42336,0,0.42336,460.49,0,1.02816,0,0,1.85947,0.831306,1.028160,1,0,94.1816,0,0,0,94.1816,0
60.5865,2.1865,0,0,2.22664,0.276156,0.36288,3.6288,51.5175,0.504992,0,0,0.540032,0.182245,0,0.66528,12.849,1,0.459168,0.36288,0,63.3309,4.13721,59.0974,0.84672,12.849,0.84672,3695.15,0,0,0,0.629744,1.68001,7.51836,1.10523,8.72288,0.42336,0,0.42336,460.49,0,1.02816,0,0,1.6579,0.629744,1.028160,1,0,67.8202,0,0,0,67.8202,0
59.9824,2.18316,0,0,2.22104,0.279094,0.36288,3.6288,51.3185,0.537025,0,0,0.504687,0.166703,0,0.66528,12.849,1,0.462997,0.36288,0,73.3958,3.9018,69.3938,0.84672,12.849,0.84672,3695.15,0,0,0,0.412474,1.68031,7.05689,0.985019,8.16466,0.42336,0,0.42336,460.49,0,0.996408,0,0,1.40888,0.412474,1.028160,1,0,77.5585,0,0,0,77.5585,0
58.9715,2.24799,0,0,1.87202,0.272126,0.36288,3.6288,51.0025,0.641495,0,0,0.491951,0.166429,0,0.66528,12.849,1,0.481549,0.36288,0,67.0522,3.61823,63.3153,0.84672,12.849,0.84672,3695.15,0,0,0,0.412474,1.68062,6.26532,0.835983,7.52243,0.42336,0,0.42336,460.49,0,0.941803,0,0,1.35428,0.412474,1.028160,1,0,70.8377,0,0,0,70.8377,0
58.5058,2.24161,0,0,2.40433,0.265504,0.36288,3.6288,50.8668,0.566985,0,0,0.602686,0.171397,0,0.66528,12.849,1,0.488413,0.36288,0,80.1032,3.6247,76.3529,0.84672,12.849,0.84672,3695.15,0,0,0,0.503194,1.73477,6.41963,0.865261,7.79234,0.42336,0,0.42336,460.49,0,1.01659,0,0,1.51978,0.503194,1.028160,1,0,84.1453,0,0,0,84.1453,0
59.9152,2.23881,0,0,4.27536,0.26431,0.36288,3.6288,51.1422,0.555693,0,0,1.00234,0.171208,0,0.66528,12.849,1,0.491686,0.36288,0,93.5652,3.6247,89.8116,0.84672,12.849,0.84672,3695.15,0,0,0,0.936973,1.73508,6.36787,0.865261,8.17466,0.42336,0,0.42336,460.49,0,1.02816,0,0,1.96513,0.936973,1.028160,1,0,97.9863,0,0,0,97.9863,0
63.414,2.24873,0,0,6.37833,0.267924,0.36288,3.6288,51.5482,0.555971,0,0,1.13353,0.171592,0,0.66528,12.849,1,0.482247,0.36288,0,107.45,3.6247,103.706,0.84672,12.849,0.84672,3695.15,0,0,0,1.15705,1.73538,10.0365,0.865261,12.0637,0.42336,0,0.42336,460.49,0,1.02816,0,0,2.18521,1.15705,1.028160,1,0,115.769,0,0,0,115.769,0
71.4979,2.49278,0,0,11.1676,0.227981,0.36288,3.6288,52.4868,0.66528,0,0,1.76155,0.157699,0,0.66528,12.849,1,0.505091,0.36288,0,169.993,3.08941,166.761,0.84672,12.849,0.84672,3695.15,0,0,0,2.08742,1.73568,16.1781,0.815039,19.1861,0.42336,0,0.42336,460.49,0,1.02816,0,0,3.11558,2.08742,1.028160,1,0,185.947,0,0,0,185.947,0
72.29,2.54164,0,0,11.7849,0.312437,8.13874,3.6288,54.5776,0.66528,0,0,2.94404,0.187924,0,0.66528,12.849,1,0.456762,8.13874,0,247.491,3.49492,251.678,0.84672,12.849,0.84672,3695.15,0,0,0,3.80488,1.92985,22.548,0.998263,27.2844,0.42336,0,0.42336,460.49,0,1.02816,0,0,4.83304,3.80488,1.028160,1,0,278.963,0,0,0,278.963,0
72.29,2.54633,0,0,7.03863,0.321504,4.17079,3.6288,55.7541,0.66528,0,0,2.03403,0.192242,0,0.66528,12.849,1,0.452592,4.17079,0,156.548,3.66996,156.596,0.84672,12.849,0.84672,3695.15,0,0,0,1.6641,1.93018,13.0732,1.03964,15.6278,0.42336,0,0.42336,460.49,0,1.02816,0,0,2.69226,1.6641,1.028160,1,0,172.224,0,0,0,172.224,0
72.29,2.54678,0,0,5.08651,0.321504,2.21822,3.6288,56.4351,0.66528,0,0,1.54005,0.193736,0,0.66528,12.849,1,0.452671,2.21822,0,100.532,3.66996,98.6272,0.84672,12.849,0.84672,3695.15,0,0,0,1.05308,1.93052,9.47316,1.03964,11.4171,0.42336,0,0.42336,460.49,0,1.02816,0,0,2.08124,1.05308,1.028160,1,0,110.044,0,0,0,110.044,0
72.29,2.22435,0,0,4.51779,0.323585,1.96985,3.6288,57.1105,0.4936,0,0,1.35103,0.182032,0,0.66528,12.849,1,0.395361,1.96985,0,82.5975,3.29415,80.8779,0.84672,12.849,0.84672,3695.15,0,0,0,1.02848,1.93086,9.3274,0.940701,11.346,0.42336,0,0.42336,460.49,0,1.02816,0,0,2.05664,1.02848,1.028160,1,0,92.2239,0,0,0,92.2239,0
72.29,2.22474,0,0,7.2739,0.323499,4.72567,3.6288,58.7338,0.493867,0,0,2.29827,0.181104,0,0.66528,12.849,1,0.39543,4.72567,0,93.5885,2.88393,95.0348,0.84672,12.849,0.84672,3695.15,0,0,0,1.50068,1.66665,11.6872,0.845128,14.0094,0.42336,0,0.42336,460.49,0,1.02816,0,0,2.52884,1.50068,1.028160,1,0,109.044,0,0,0,109.044,0
72.29,2.22513,0,0,4.58555,0.323499,2.03692,3.6288,58.9952,0.798564,0,0,1.24298,0.183013,0,0.66528,12.849,1,0.3955,2.03692,0,155.516,2.88393,154.273,0.84672,12.849,0.84672,3695.15,0,0,0,0.558835,1.66694,7.11631,0.845128,8.49695,0.42336,0,0.42336,460.49,0,0.72373,0,0,1.28256,0.558835,1.028160,1,0,162.77,0,0,0,162.77,0
72.29,2.22552,0,0,3.42595,0.265088,0.935344,3.6288,58.5953,1.07045,0,0,0.845467,0.174918,0,0.66528,12.849,1,0.395569,0.935344,0,99.8689,3.05724,97.3514,0.84672,12.849,0.84672,3695.15,0,0,0,0.558835,1.66723,4.71872,0.909172,6.03561,0.42336,0,0.42336,460.49,0,0.452114,0,0,1.01095,0.558835,1.028160,1,0,103.387,0,0,0,103.387,0
72.29,2.22591,0,0,3.8456,0.277655,1.34204,3.6288,59.2788,0.653634,0,0,1.57336,0.236302,0,0.66528,12.849,1,0.395638,1.34204,0,81.8614,4.71125,78.0966,0.84672,12.849,0.84672,3695.15,0,0,0,0.558835,1.66752,6.96002,1.24464,7.94174,0.42336,0,0.42336,460.49,0,0.869193,0,0,1.42803,0.558835,1.028160,1,0,86.0383,0,0,0,86.0383,0
72.29,2.30764,0,0,5.52713,0.292433,2.92705,3.6288,61.1072,0.556191,0,0,2.59889,0.214255,0,0.66528,12.849,1,0.410166,2.92705,0,133.252,4.10761,131.661,0.84672,12.849,0.84672,3695.15,0,0,0,1.61026,1.66781,10.084,1.18181,12.1803,0.42336,0,0.42336,460.49,0,1.02816,0,0,2.63842,1.61026,1.028160,1,0,143.842,0,0,0,143.842,0
72.29,2.30805,0,0,4.45848,0.294896,1.85554,3.6288,61.308,0.556469,0,0,1.90255,0.212871,0.932405,0.66528,12.849,1,0.410238,1.85554,0,108.161,4.00701,105.599,0.84672,12.849,0.84672,3695.15,0,0,0,1.0305,1.73339,7.891,1.17133,9.48355,0.42336,0,0.42336,460.49,0,1.02816,0,0,2.05866,1.0305,1.028160,1,0,116.015,0,0,0,116.015,0
72.29,2.30845,0,0,3.53892,0.294896,0.935571,3.6288,61.308,0.556746,0,0,1.48742,0.213142,0.717531,0.66528,12.849,1,0.41031,0.935571,0,84.1372,4.00701,80.6554,0.84672,12.849,0.84672,3695.15,0,0,0,0.580366,1.73369,5.96233,1.17133,7.10505,0.42336,0,0.42336,460.49,0,1.02816,0,0,1.60853,0.580366,1.028160,1,0,88.478,0,0,0,88.478,0
72.29,2.30886,0,0,3.19276,0.263635,0.620265,3.6288,61.308,0.639787,0,0,1.27055,0.230464,0.400296,0.66528,12.849,1,0.410382,0.620265,0,75.581,4.22136,71.5695,0.84672,12.849,0.84672,3695.15,0,0,0,0.528595,1.73399,5.3493,1.18649,6.4254,0.42336,0,0.42336,460.49,0,0.945397,0,0,1.47399,0.528595,1.028160,1,0,78.3952,0,0,0,78.3952,0
72.29,2.27743,0,0,3.16138,0.2468,0.637143,3.6288,61.308,0.533493,0,0,1.37792,0.229405,0.615026,0.66528,12.849,1,0.404796,0.637143,0,82.8766,4.28649,78.8225,0.84672,12.849,0.84672,3695.15,0,0,0,1.35207,1.7343,5.58943,1.20402,7.47178,0.42336,0,0.42336,460.49,0,1.02816,0,0,2.38023,1.35207,1.028160,1,0,86.9093,0,0,0,86.9093,0
72.29,2.27783,0,0,3.01045,0.224799,0.507821,3.6288,61.308,0.533767,0,0,1.47421,0.225996,0.714446,0.66528,12.849,1,0.404867,0.507821,0,84.3515,4.17932,80.2751,0.84672,12.849,0.84672,3695.15,0,0,0,1.77509,1.70918,5.65033,1.22239,7.91221,0.42336,0,0.42336,460.49,0,1.02816,0,0,2.80325,1.77509,1.028160,1,0,88.9018,0,0,0,88.9018,0
72.1215,2.27823,0,0,2.69746,0.224799,0.36288,3.6288,61.308,0.534041,0,0,1.30265,0.225996,0.542616,0.66528,12.849,1,0.404938,0.36288,0,72.3963,4.17932,68.1749,0.84672,12.849,0.84672,3695.15,0,0,0,1.43024,1.70948,4.92244,1.22239,6.83978,0.42336,0,0.42336,460.49,0,1.02816,0,0,2.4584,1.43024,1.028160,1,0,75.5573,0,0,0,75.5573,0
71.7721,2.27783,0,0,2.49418,0.202935,0.36288,3.6288,61.308,0.534314,0,0,1.21206,0.197552,0.480196,0.66528,12.849,1,0.405812,0.36288,0,68.7632,3.58952,65.1307,0.84672,12.849,0.84672,3695.15,0,0,0,1.30568,1.70978,4.4374,1.07279,6.38006,0.42336,0,0.42336,460.49,0,1.02816,0,0,2.33384,1.30568,1.028160,1,0,71.991,0,0,0,71.991,0
71.2114,2.38454,0,0,2.37846,0.191771,0.36288,3.6288,61.308,0.619079,0,0,1.14553,0.183056,0.343391,0.66528,12.849,1,0.426893,0.36288,0,62.4199,3.32629,59.0296,0.84672,12.849,0.84672,3695.15,0,0,0,1.57085,1.71008,4.56279,1.00018,6.84354,0.42336,0,0.42336,460.49,0,1.02816,0,0,2.59901,1.57085,1.028160,1,0,66.2166,0,0,0,66.2166,0
70.5727,2.38211,0,0,2.28522,0.178902,0.36288,3.6288,61.308,0.619367,0,0,0.992909,0.164348,0.209193,0.66528,12.849,1,0.429816,0.36288,0,54.6912,3.16249,51.4618,0.84672,12.849,0.84672,3695.15,0,0,0,1.38307,1.79952,4.74034,0.923541,6.9994,0.42336,0,0.42336,460.49,0,1.02816,0,0,2.41123,1.38307,1.028160,1,0,58.6704,0,0,0,58.6704,0
69.7877,2.37924,0,0,2.13519,0.178028,0.36288,3.6288,61.308,0.619656,0,0,0.948404,0.164348,0.1644,0.66528,12.849,1,0.433182,0.36288,0,50.1176,3.16249,46.8848,0.84672,12.849,0.84672,3695.15,0,0,0,1.07306,1.79983,4.30224,0.923541,6.25159,0.42336,0,0.42336,460.49,0,1.02816,0,0,2.10122,1.07306,1.028160,1,0,53.3008,0,0,0,53.3008,0
68.9448,2.37554,0,0,2.02078,0.125329,0.36288,3.6288,61.308,0.619945,0,0,0.891743,0.239325,0.0324738,0.66528,12.849,1,0.437374,0.36288,0,47.3546,4.18115,43.099,0.84672,12.849,0.84672,3695.15,0,0,0,0.825682,1.80015,3.73016,1.19631,5.15969,0.42336,0,0.42336,460.49,0,1.02816,0,0,1.85384,0.825682,1.028160,1,0,48.2912,0,0,0,48.2912,0
67.9845,2.37145,0,0,1.87809,0.103997,0.36288,3.6288,61.263,0.620233,0,0,0.844525,0.269315,0,0.66528,12.849,1,0.441959,0.36288,0,43.7339,4.5886,39.0662,0.84672,12.849,0.84672,3695.15,0,0,0,0.736076,1.80047,3.55482,1.30542,4.78594,0.42336,0,0.42336,460.49,0,1.02816,0,0,1.76424,0.736076,1.028160,1,0,43.8521,0,0,0,43.8521,0
67.5695,2.34542,0,0,2.40647,0.113194,0.36288,3.6288,61.1545,0.66528,0,0,0.762972,0.206169,0,0.66528,12.849,1,0.443281,0.36288,0,44.1306,4.04356,40.0066,0.84672,12.849,0.84672,3695.15,0,0,0,0.750306,1.80078,3.13295,1.12626,4.55778,0.42336,0,0.42336,460.49,0,1.02816,0,0,1.77847,0.750306,1.028160,1,0,44.5644,0,0,0,44.5644,0
67.043,2.34354,0,0,2.29436,0.114482,0.36288,3.6288,61.0127,0.66528,0,0,0.718978,0.195523,0,0.66528,12.849,1,0.445647,0.36288,0,43.4036,3.95272,39.3682,0.84672,12.849,0.84672,3695.15,0,0,0,0.587676,1.83228,2.9211,1.0964,4.24466,0.42336,0,0.42336,460.49,0,1.02816,0,0,1.61584,0.587676,1.028160,1,0,43.6128,0,0,0,43.6128,0
66.335,2.34101,0,0,2.10083,0.104867,0.36288,3.6288,60.8144,0.66528,0,0,0.684288,0.217245,0,0.66528,12.849,1,0.448663,0.36288,0,38.2767,4.23503,33.9559,0.84672,12.849,0.84672,3695.15,0,0,0,0.521363,1.8326,2.83681,1.19944,3.99134,0.42336,0,0.42336,460.49,0,1.02816,0,0,1.54952,0.521363,1.028160,1,0,37.9472,0,0,0,37.9472,0
65.5365,2.33741,0,0,1.98336,0.0815549,0.36288,3.6288,60.5161,0.66528,0,0,0.638591,0.271646,0,0.66528,12.849,1,0.452753,0.36288,0,34.044,4.94077,29.0134,0.84672,12.849,0.84672,3695.15,0,0,0,0.49426,1.83292,2.70596,1.45705,3.57609,0.42336,0,0.42336,460.49,0,1.02816,0,0,1.52242,0.49426,1.028160,1,0,32.5895,0,0,0,32.5895,0
64.5473,2.38766,0,0,1.84247,0.0812253,0.36288,3.6288,60.2004,0.66528,0,0,0.631813,0.282232,0,0.66528,12.849,1,0.468121,0.36288,0,35.5221,5.16051,30.2563,0.84672,12.849,0.84672,3695.15,0,0,0,0.413459,1.83325,2.64416,1.43984,3.45102,0.42336,0,0.42336,460.49,0,1.02816,0,0,1.44162,0.413459,1.028160,1,0,33.7073,0,0,0,33.7073,0
63.356,2.38209,0,0,1.63453,0.0808313,0.36288,3.6288,59.6665,0.709992,0,0,0.472537,0.296436,0,0.66528,12.849,1,0.474188,0.36288,0,31.8222,5.45349,26.2574,0.84672,12.849,0.84672,3695.15,0,0,0,0.261274,1.8778,2.58159,1.4169,3.30376,0.42336,0,0.42336,460.49,0,0.983448,0,0,1.24472,0.261274,1.028160,1,0,29.5611,0,0,0,29.5611,0
62.0675,2.3751,0,0,1.52956,0.080055,0.36288,3.6288,59.0789,0.729536,0,0,0.4374,0.295429,0,0.66528,12.849,1,0.481685,0.36288,0,28.7275,5.45349,23.1552,0.84672,12.849,0.84672,3695.15,0,0,0,0.227405,1.87813,2.30405,1.4169,2.99268,0.42336,0,0.42336,460.49,0,0.963904,0,0,1.19131,0.227405,1.028160,1,0,26.1479,0,0,0,26.1479,0
60.9129,2.11669,0,0,1.40419,0.0792155,0.36288,3.6288,58.3898,0.827375,0,0,0.432594,0.29432,0,0.66528,12.849,1,0.43819,0.36288,0,26.2604,5.45349,20.7316,0.84672,12.849,0.84672,3695.15,0,0,0,0.227405,1.87846,2.25345,1.4169,2.94241,0.42336,0,0.42336,460.49,0,0.866065,0,0,1.09347,0.227405,1.028160,1,0,23.674,0,0,0,23.674,0
59.9046,2.26786,0,0,1.68702,0.0646073,0.36288,3.6288,57.973,0.66528,0,0,0.526771,0.278324,0,0.66528,12.849,1,0.478383,0.36288,0,27.5006,5.6617,21.7234,0.84672,12.849,0.84672,3695.15,0,0,0,0.453643,2.05575,3.36477,1.47571,4.39845,0.42336,0,0.42336,460.49,0,1.02816,0,0,1.4818,0.453643,1.028160,1,0,26.1218,0,0,0,26.1218,0
58.5427,2.26167,0,0,1.34791,0.085275,0.36288,3.6288,57.085,0.91012,0,0,0.34613,0.32399,0,0.66528,12.849,1,0.485108,0.36288,0,23.1207,6.34273,16.6558,0.84672,12.849,0.84672,3695.15,0,0,0,0.227405,2.20752,2.18735,1.51085,3.11142,0.42336,0,0.42336,460.49,0,0.78332,0,0,1.01072,0.227405,1.028160,1,0,19.7672,0,0,0,19.7672,0
57.2781,2.25285,0,0,1.43532,0.0841633,0.36288,3.6288,56.5234,0.66528,0,0,0.425758,0.322132,0,0.66528,12.849,1,0.494458,0.36288,0,29.422,6.34273,22.9477,0.84672,12.849,0.84672,3695.15,0,0,0,0.217555,2.20788,2.44318,1.51085,3.35776,0.42336,0,0.42336,460.49,0,1.02816,0,0,1.24572,0.217555,1.028160,1,0,26.3054,0,0,0,26.3054,0
55.7685,2.24437,0,0,1.18084,0.0831311,0.36288,3.6288,55.466,1.04648,0,0,0.310072,0.320957,0,0.66528,12.849,1,0.503473,0.36288,0,26.9553,6.34273,20.472,0.84672,12.849,0.84672,3695.15,0,0,0,0.204422,2.20823,2.00107,1.51085,2.90287,0.42336,0,0.42336,460.49,0,0.646963,0,0,0.851386,0.204422,1.028160,1,0,23.3749,0,0,0,23.3749,0
54.5616,2.23373,0,0,1.47152,0.0818989,0.36288,3.6288,55.0191,0.66528,0,0,0.537138,0.318745,0,0.66528,12.849,1,0.514649,0.36288,0,26.2751,6.34273,19.7806,0.84672,12.849,0.84672,3695.15,0,0,0,0.654307,2.20859,3.121,1.51085,4.47305,0.42336,0,0.42336,460.49,0,1.02816,0,0,1.68247,0.654307,1.028160,1,0,24.2536,0,0,0,24.2536,0
52.7977,2.1496,0,0,0.851118,0.102473,0.36288,3.6288,54.4983,0.66528,0,0,0.439418,0.294984,0,0.66528,12.849,1,0.50622,0.36288,0,14.3743,5.72877,8.50217,0.84672,12.849,0.84672,3695.15,0,0,0,0.642851,2.20894,2.11404,1.3003,3.66553,0.42336,0,0.42336,460.49,0,1.02816,0,0,1.67101,0.642851,1.028160,1,0,12.1677,0,0,0,12.1677,0
50.8834,2.13641,0,0,0.691131,0.106121,0.36288,3.6288,53.7493,0.699313,0,0,0.253635,0.303348,0,0.66528,12.849,1,0.519923,0.36288,0,12.6834,6.00075,6.52564,0.84672,12.849,0.84672,3695.15,0,0,0,0.216518,2.12158,1.34477,1.41755,2.26532,0.42336,0,0.42336,460.49,0,0.994127,0,0,1.21065,0.216518,1.028160,1,0,8.79096,0,0,0,8.79096,0
48.8575,2.12121,0,0,0.562209,0.104035,0.36288,3.6288,52.6915,0.964682,0,0,0.208761,0.301815,0,0.66528,12.849,1,0.535644,0.36288,0,11.6471,6.00075,5.47355,0.84672,12.849,0.84672,3695.15,0,0,0,0.216518,2.12192,1.21507,1.41755,2.13596,0.42336,0,0.42336,460.49,0,0.728758,0,0,0.945276,0.216518,1.028160,1,0,7.60951,0,0,0,7.60951,0
47.1541,2.10403,0,0,0.928886,0.165394,0.36288,3.6288,52.0572,0.708445,0,0,0.316132,0.242021,0,0.66528,12.849,1,0.553338,0.36288,0,16.5818,5.17023,11.2211,0.84672,12.849,0.84672,3695.15,0,0,0,0.216518,2.12226,1.6097,1.15796,2.79053,0.42336,0,0.42336,460.49,0,0.984995,0,0,1.20151,0.216518,1.028160,1,0,14.0116,0,0,0,14.0116,0
46.4379,2.02864,0,0,1.86958,0.194297,0.36288,3.6288,51.6738,0.66528,0,0,0.48688,0.204973,0,0.66528,12.849,1,0.552782,0.36288,0,35.8801,4.47183,31.2184,0.84672,12.849,0.84672,3695.15,0,0,0,0.407972,2.1226,3.4095,0.950952,4.98912,0.42336,0,0.42336,460.49,0,1.02816,0,0,1.43613,0.407972,1.028160,1,0,36.2075,0,0,0,36.2075,0
44.708,2.02235,0,0,0.864346,0.208984,0.36288,3.6288,50.5775,1.14859,0,0,0.267136,0.214858,0,0.66528,12.849,1,0.55957,0.36288,0,12.7927,4.3512,8.24484,0.84672,12.849,0.84672,3695.15,0,0,0,0.216518,2.0446,1.84557,1.00698,3.09972,0.42336,0,0.42336,460.49,0,0.544847,0,0,0.761365,0.216518,1.028160,1,0,11.3446,0,0,0,11.3446,0
42.8687,2.00593,0,0,0.734504,0.204971,0.36288,3.6288,49.6116,1.05277,0,0,0.299799,0.212953,0,0.66528,12.849,1,0.5765,0.36288,0,10.4575,4.3512,5.89269,0.84672,12.849,0.84672,3695.15,0,0,0,0.292723,2.04493,2.05134,1.00698,3.38202,0.42336,0,0.42336,460.49,0,0.640668,0,0,0.933391,0.292723,1.028160,1,0,9.27471,0,0,0,9.27471,0
42.5802,1.98729,0,0,2.26232,0.200704,0.36288,3.6288,49.6944,0.66528,0,0,0.959409,0.211275,0,0.66528,12.849,1,0.595648,0.36288,0,36.2312,4.3512,31.6473,0.84672,12.849,0.84672,3695.15,0,0,0,1.95693,2.04526,4.87779,1.00698,7.87299,0.42336,0,0.42336,460.49,0,1.02816,0,0,2.98509,1.95693,1.028160,1,0,39.5203,0,0,0,39.5203,0
42.0314,1.81762,0,0,1.85752,0.225797,0.36288,3.6288,49.6398,0.683005,0,0,0.818186,0.189772,0,0.66528,12.849,1,0.548485,0.36288,0,29.3884,4.02472,25.1781,0.84672,12.849,0.84672,3695.15,0,0,0,0.292723,2.04559,3.6884,0.914501,5.11221,0.42336,0,0.42336,460.49,0,1.01044,0,0,1.30316,0.292723,1.028160,1,0,30.2903,0,0,0,30.2903,0
44.1871,1.81249,0,0,4.54266,0.211569,0.36288,3.6288,50.0524,0.66528,0,0,1.27489,0.197056,0,0.66528,12.849,1,0.554079,0.36288,0,58.3628,4.66386,53.5077,0.84672,12.849,0.84672,3695.15,0,0,0,1.12521,1.87178,10.0809,1.08041,11.9975,0.42336,0,0.42336,460.49,0,1.02816,0,0,2.15337,1.12521,1.028160,1,0,65.5052,0,0,0,65.5052,0
47.5728,1.8338,0,0,5.82409,0.241727,0.36288,3.6288,51.1967,0.66528,0,0,2.00064,0.19103,0,0.66528,12.849,1,0.533242,0.36288,0,70.6951,4.65507,65.8696,0.84672,12.849,0.84672,3695.15,0,0,0,1.62557,1.87207,12.0614,1.0704,14.4886,0.42336,0,0.42336,460.49,0,1.02816,0,0,2.65373,1.62557,1.028160,1,0,80.3582,0,0,0,80.3582,0
48.5117,1.86404,0,0,3.41686,0.251045,0.36288,3.6288,51.957,0.66528,0,0,1.61843,0.192821,0,0.66528,12.849,1,0.503462,0.36288,0,65.2067,4.65507,60.411,0.84672,12.849,0.84672,3695.15,0,0,0,1.20677,1.87237,6.95157,1.0704,8.96031,0.42336,0,0.42336,460.49,0,1.02816,0,0,2.23493,1.20677,1.028160,1,0,69.3713,0,0,0,69.3713,0
49.5849,1.87212,0,0,3.5618,0.253629,0.36288,3.6288,52.5546,0.66528,0,0,1.45682,0.194011,0,0.66528,12.849,1,0.495856,0.36288,0,70.6502,4.65507,65.8622,0.84672,12.849,0.84672,3695.15,0,0,0,1.02463,1.87267,7.50185,1.0704,9.32875,0.42336,0,0.42336,460.49,0,1.02816,0,0,2.05279,1.02463,1.028160,1,0,75.1909,0,0,0,75.1909,0
50.5829,1.94746,0,0,3.5385,0.230092,0.36288,3.6288,53.1294,0.66528,0,0,1.44806,0.207953,0,0.66528,12.849,1,0.504647,0.36288,0,83.3224,4.76004,78.4206,0.84672,12.849,0.84672,3695.15,0,0,0,1.05113,1.87297,7.25727,1.21615,8.96522,0.42336,0,0.42336,460.49,0,1.02816,0,0,2.07929,1.05113,1.028160,1,0,87.3858,0,0,0,87.3858,0
50.8249,2.19691,0,0,3.01712,0.21535,0.36288,3.6288,53.9583,0.569887,0,0,1.59184,0.193009,0,0.66528,12.849,1,0.558056,0.36288,0,59.7611,4.17585,55.39,0.84672,12.849,0.84672,3695.15,0,0,0,1.49697,1.9276,4.46766,1.02429,6.86794,0.42336,0,0.42336,460.49,0,1.02816,0,0,2.52513,1.49697,1.028160,1,0,62.258,0,0,0,62.258,0
50.215,2.1994,0,0,2.16826,0.215898,0.36288,3.6288,54.3795,0.570155,0,0,1.18555,0.194255,0,0.66528,12.849,1,0.556029,0.36288,0,41.0155,4.17585,36.6465,0.84672,12.849,0.84672,3695.15,0,0,0,0.845338,1.75093,3.95217,1.02429,5.52415,0.42336,0,0.42336,460.49,0,1.02816,0,0,1.8735,0.845338,1.028160,1,0,42.1706,0,0,0,42.1706,0
49.8609,1.95361,0,0,2.22882,0.2664,0.36288,3.6288,54.5647,0.66528,0,0,1.00733,0.156843,0,0.66528,12.849,1,0.499888,0.36288,0,55.7016,4.04364,51.521,0.84672,12.849,0.84672,3695.15,0,0,0,0.505963,1.75123,6.5739,0.919698,7.91139,0.42336,0,0.42336,460.49,0,1.02816,0,0,1.53412,0.505963,1.028160,1,0,59.4324,0,0,0,59.4324,0
50.1605,2.40535,0,0,3.34299,0.27517,0.36288,3.6288,55.4059,0.66528,0,0,1.65879,0.152309,0,0.66528,12.849,1,0.619852,0.36288,0,87.7936,3.87831,83.6584,0.84672,12.849,0.84672,3695.15,0,0,0,1.75264,1.92848,9.01746,0.882856,11.8157,0.42336,0,0.42336,460.49,0,1.02816,0,0,2.7808,1.75264,1.028160,1,0,95.4741,0,0,0,95.4741,0
50.9104,2.16797,0,0,3.56371,0.282963,0.36288,3.6288,55.9977,0.66528,0,0,1.41992,0.162847,0,0.66528,12.849,1,0.555342,0.36288,0,80.2924,3.01854,77.0814,0.84672,12.849,0.84672,3695.15,0,0,0,1.30245,1.94744,4.78923,0.766389,7.27273,0.42336,0,0.42336,460.49,0,1.02816,0,0,2.33061,1.30245,1.028160,1,0,84.3541,0,0,0,84.3541,0
51.121,2.17491,0,0,3.02395,0.275524,0.36288,3.6288,56.7716,0.66528,0,0,1.62141,0.182233,0,0.66528,12.849,1,0.548913,0.36288,0,73.8556,3.60616,70.0634,0.84672,12.849,0.84672,3695.15,0,0,0,1.47182,2.12473,5.44957,0.958393,8.08773,0.42336,0,0.42336,460.49,0,1.02816,0,0,2.49998,1.47182,1.028160,1,0,78.1511,0,0,0,78.1511,0
51.9319,2.17712,0,0,3.60486,0.25403,0.36288,3.6288,57.409,0.66528,0,0,1.4911,0.188364,0,0.66528,12.849,1,0.547208,0.36288,0,77.023,4.19431,72.6444,0.84672,12.849,0.84672,3695.15,0,0,0,1.56915,2.12506,6.49711,1.14806,9.04325,0.42336,0,0.42336,460.49,0,1.02816,0,0,2.59731,1.56915,1.028160,1,0,81.6876,0,0,0,81.6876,0
52.6432,1.87677,0,0,3.18908,0.238095,0.36288,3.6288,58.3002,0.66528,0,0,1.75938,0.202909,0,0.66528,12.849,1,0.46435,0.36288,0,84.4202,3.75356,80.5652,0.84672,12.849,0.84672,3695.15,0,0,0,1.90591,2.12539,7.85391,0.926739,10.9585,0.42336,0,0.42336,460.49,0,1.02816,0,0,2.93407,1.90591,1.028160,1,0,91.5237,0,0,0,91.5237,0
53.0095,1.88217,0,0,2.88122,0.269839,0.36288,3.6288,58.6156,0.66528,0,0,1.19246,0.211768,0,0.66528,12.849,1,0.459394,0.36288,0,66.0848,3.8954,62.0929,0.84672,12.849,0.84672,3695.15,0,0,0,1.04323,1.85876,6.35181,1.12052,8.13327,0.42336,0,0.42336,460.49,0,1.02816,0,0,2.07139,1.04323,1.028160,1,0,70.2261,0,0,0,70.2261,0
53.8918,1.88508,0,0,3.40107,0.270856,0.36288,3.6288,59.105,0.66528,0,0,1.3668,0.212199,0,0.66528,12.849,1,0.456926,0.36288,0,69.4721,3.8954,65.4826,0.84672,12.849,0.84672,3695.15,0,0,0,1.3292,1.85904,5.65116,1.12052,7.71887,0.42336,0,0.42336,460.49,0,1.02816,0,0,2.35736,1.3292,1.028160,1,0,73.2015,0,0,0,73.2015,0
54.2811,1.89148,0,0,2.91968,0.276051,0.36288,3.6288,59.3876,0.66528,0,0,1.15704,0.209084,0,0.66528,12.849,1,0.450971,0.36288,0,57.3719,3.90069,53.3832,0.84672,12.849,0.84672,3695.15,0,0,0,1.15683,1.85932,5.90874,1.11103,7.81385,0.42336,0,0.42336,460.49,0,1.02816,0,0,2.18499,1.15683,1.028160,1,0,61.197,0,0,0,61.197,0
54.1687,1.89446,0,0,2.43867,0.293683,0.36288,3.6288,59.7554,0.66528,0,0,1.21979,0.186729,0,0.66528,12.849,1,0.448441,0.36288,0,52.7151,3.93246,48.6971,0.84672,12.849,0.84672,3695.15,0,0,0,1.27278,1.8596,5.40052,1.05409,7.47881,0.42336,0,0.42336,460.49,0,1.02816,0,0,2.30094,1.27278,1.028160,1,0,56.1759,0,0,0,56.1759,0
54.27,1.9722,0,0,2.72149,0.285141,0.36288,3.6288,60.209,0.66528,0,0,1.30221,0.183384,0,0.66528,12.849,1,0.467812,0.36288,0,44.3862,3.64671,40.6345,0.84672,12.849,0.84672,3695.15,0,0,0,1.36776,1.85989,4.86631,1.05105,7.04291,0.42336,0,0.42336,460.49,0,1.02816,0,0,2.39592,1.36776,1.028160,1,0,47.6775,0,0,0,47.6775,0
53.6074,1.97328,0,0,1.95572,0.282147,0.36288,3.6288,60.1359,0.769668,0,0,0.878956,0.182397,0,0.66528,12.849,1,0.467195,0.36288,0,30.4139,3.53241,26.7772,0.84672,12.849,0.84672,3695.15,0,0,0,0.528595,1.92604,3.07582,1.04983,4.48063,0.42336,0,0.42336,460.49,0,0.923772,0,0,1.45237,0.528595,1.028160,1,0,31.2578,0,0,0,31.2578,0
52.4966,1.96899,0,0,1.50132,0.280255,0.36288,3.6288,59.585,1.06647,0,0,0.697912,0.182312,0,0.66528,12.849,1,0.471942,0.36288,0,20.6062,3.53241,16.9648,0.84672,12.849,0.84672,3695.15,0,0,0,0.528595,1.92634,2.84867,1.04983,4.25377,0.42336,0,0.42336,460.49,0,0.62697,0,0,1.15557,0.528595,1.028160,1,0,21.2185,0,0,0,21.2185,0
51.333,1.96134,0,0,1.40066,0.240075,0.36288,3.6288,58.9103,1.15727,0,0,0.650852,0.168237,0,0.66528,12.849,1,0.480055,0.36288,0,22.4015,2.80977,19.4746,0.84672,12.849,0.84672,3695.15,0,0,0,0.528595,1.92663,2.68535,0.966672,4.1739,0.42336,0,0.42336,460.49,0,0.536173,0,0,1.06477,0.528595,1.028160,1,0,23.6485,0,0,0,23.6485,0
50.2414,1.92275,0,0,1.40387,0.209785,0.36288,3.6288,58.2977,1.08689,0,0,0.654705,0.180463,0,0.66528,12.849,1,0.481279,0.36288,0,23.1976,3.05232,20.0269,0.84672,12.849,0.84672,3695.15,0,0,0,0.528595,1.92692,2.54522,1.00197,3.99878,0.42336,0,0.42336,460.49,0,0.606545,0,0,1.13514,0.528595,1.028160,1,0,24.0257,0,0,0,24.0257,0
48.9196,1.91479,0,0,1.16324,0.207413,0.36288,3.6288,57.8757,0.892218,0,0,0.680502,0.210278,0,0.66528,12.849,1,0.489698,0.36288,0,20.1415,4.09836,15.9163,0.84672,12.849,0.84672,3695.15,0,0,0,0.528595,1.90157,2.64648,1.13218,3.94447,0.42336,0,0.42336,460.49,0,0.801222,0,0,1.32982,0.528595,1.028160,1,0,19.8608,0,0,0,19.8608,0
47.6465,1.90467,0,0,1.19903,0.204509,0.36288,3.6288,57.6068,0.777298,0,0,0.718156,0.209706,0,0.66528,12.849,1,0.500272,0.36288,0,19.4,4.09836,15.1642,0.84672,12.849,0.84672,3695.15,0,0,0,0.402797,1.90186,2.2821,1.13218,3.45458,0.42336,0,0.42336,460.49,0,0.916142,0,0,1.31894,0.402797,1.028160,1,0,18.6188,0,0,0,18.6188,0
46.8473,1.8945,0,0,1.64768,0.189531,0.36288,3.6288,57.5185,0.66528,0,0,0.789774,0.212828,0,0.66528,12.849,1,0.510896,0.36288,0,25.2939,4.20672,20.9391,0.84672,12.849,0.84672,3695.15,0,0,0,0.451233,1.90215,2.2795,1.11212,3.52076,0.42336,0,0.42336,460.49,0,1.02816,0,0,1.47939,0.451233,1.028160,1,0,24.4599,0,0,0,24.4599,0
45.3876,1.98884,0,0,1.04972,0.157725,0.36288,3.6288,57.0906,0.872847,0,0,0.666358,0.221418,0,0.66528,12.849,1,0.545487,0.36288,0,18.5143,4.47762,13.8541,0.84672,12.849,0.84672,3695.15,0,0,0,0.402797,1.90244,2.02207,1.06197,3.26534,0.42336,0,0.42336,460.49,0,0.820593,0,0,1.22339,0.402797,1.028160,1,0,17.1194,0,0,0,17.1194,0
44.0034,1.97554,0,0,1.0945,0.140223,0.36288,3.6288,56.6033,0.889091,0,0,0.636716,0.234948,0,0.66528,12.849,1,0.559265,0.36288,0,21.4474,4.45578,16.7953,0.84672,12.849,0.84672,3695.15,0,0,0,0.402797,1.99267,2.03678,1.11716,3.31509,0.42336,0,0.42336,460.49,0,0.804349,0,0,1.20715,0.402797,1.028160,1,0,20.1103,0,0,0,20.1103,0
42.6014,1.96229,0,0,1.0612,0.138043,0.36288,3.6288,56.0302,0.92111,0,0,0.582262,0.234204,0,0.66528,12.849,1,0.572988,0.36288,0,19.7173,4.45578,15.0514,0.84672,12.849,0.84672,3695.15,0,0,0,0.30119,1.99298,1.89442,1.11716,3.07143,0.42336,0,0.42336,460.49,0,0.77233,0,0,1.07352,0.30119,1.028160,1,0,18.1228,0,0,0,18.1228,0
41.1207,1.94817,0,0,0.94443,0.114096,0.36288,3.6288,55.3651,0.966246,0,0,0.552668,0.251587,0,0.66528,12.849,1,0.587587,0.36288,0,17.4434,4.66998,12.5487,0.84672,12.849,0.84672,3695.15,0,0,0,0.30119,1.99328,1.84289,1.17188,2.96547,0.42336,0,0.42336,460.49,0,0.727194,0,0,1.02838,0.30119,1.028160,1,0,15.5142,0,0,0,15.5142,0
39.6235,1.93241,0,0,0.894162,0.0961136,0.36288,3.6288,54.6036,1.02698,0,0,0.529639,0.264125,0,0.66528,12.849,1,0.603821,0.36288,0,16.6207,4.83063,11.5491,0.84672,12.849,0.84672,3695.15,0,0,0,0.30119,1.99359,1.82254,1.21293,2.90439,0.42336,0,0.42336,460.49,0,0.666464,0,0,0.967654,0.30119,1.028160,1,0,14.4535,0,0,0,14.4535,0
38.3458,1.89634,0,0,1.06447,0.0828713,0.36288,3.6288,54.3417,0.66528,0,0,0.675722,0.272337,0,0.66528,12.849,1,0.614941,0.36288,0,17.7231,5.21763,12.2534,0.84672,12.849,0.84672,3695.15,0,0,0,0.317123,1.99389,2.34866,1.27769,3.38199,0.42336,0,0.42336,460.49,0,1.02816,0,0,1.34528,0.317123,1.028160,1,0,15.6354,0,0,0,15.6354,0
37.1353,1.88135,0,0,1.11083,0.0771015,0.36288,3.6288,54.1021,0.66528,0,0,0.701352,0.275672,0,0.66528,12.849,1,0.630406,0.36288,0,18.1884,5.37243,12.5485,0.84672,12.849,0.84672,3695.15,0,0,0,0.375987,2.02566,2.58156,1.3036,3.67962,0.42336,0,0.42336,460.49,0,1.02816,0,0,1.40415,0.375987,1.028160,1,0,16.2281,0,0,0,16.2281,0
35.8456,1.86643,0,0,1.01561,0.0760134,0.36288,3.6288,53.8461,0.66528,0,0,0.684539,0.275235,0,0.66528,12.849,1,0.645795,0.36288,0,17.9317,5.37243,12.2764,0.84672,12.849,0.84672,3695.15,0,0,0,0.40176,2.02597,2.54984,1.3036,3.67397,0.42336,0,0.42336,460.49,0,1.02816,0,0,1.42992,0.40176,1.028160,1,0,15.9503,0,0,0,15.9503,0
34.4864,1.84968,0,0,0.928187,0.0748542,0.36288,3.6288,53.4788,0.732689,0,0,0.640138,0.274769,0,0.66528,12.849,1,0.663024,0.36288,0,16.8664,5.37243,11.1938,0.84672,12.849,0.84672,3695.15,0,0,0,0.261274,2.02628,2.42636,1.3036,3.41032,0.42336,0,0.42336,460.49,0,0.960751,0,0,1.22202,0.261274,1.028160,1,0,14.6042,0,0,0,14.6042,0
33.0883,1.87886,0,0,0.909118,0.0654521,0.36288,3.6288,53.0834,0.725691,0,0,0.632121,0.301858,0,0.66528,12.849,1,0.700028,0.36288,0,15.7346,5.814,9.5835,0.84672,12.849,0.84672,3695.15,0,0,0,0.261274,2.0266,2.36796,1.44387,3.21197,0.42336,0,0.42336,460.49,0,0.967749,0,0,1.22902,0.261274,1.028160,1,0,12.7955,0,0,0,12.7955,0
31.7194,1.8579,0,0,0.91857,0.0666995,0.36288,3.6288,52.637,0.767923,0,0,0.619238,0.29768,0,0.66528,12.849,1,0.721468,0.36288,0,15.4686,5.92988,9.18016,0.84672,12.849,0.84672,3695.15,0,0,0,0.261274,2.07153,2.47761,1.43388,3.37653,0.42336,0,0.42336,460.49,0,0.925517,0,0,1.18679,0.261274,1.028160,1,0,12.5567,0,0,0,12.5567,0
30.2866,1.83609,0,0,0.831704,0.0655656,0.36288,3.6288,52.077,0.855049,0,0,0.591645,0.296618,0,0.66528,12.849,1,0.743767,0.36288,0,14.5684,5.92988,8.25766,0.84672,12.849,0.84672,3695.15,0,0,0,0.227405,2.07185,2.30363,1.43388,3.16901,0.42336,0,0.42336,460.49,0,0.838391,0,0,1.0658,0.227405,1.028160,1,0,11.4267,0,0,0,11.4267,0
28.7846,1.81172,0,0,0.727358,0.0547885,0.36288,3.6288,51.4898,0.872061,0,0,0.587451,0.302585,0,0.66528,12.849,1,0.768617,0.36288,0,13.8722,6.1542,7.31227,0.84672,12.849,0.84672,3695.15,0,0,0,0.227405,2.07217,2.32827,1.4787,3.14915,0.42336,0,0.42336,460.49,0,0.821379,0,0,1.04878,0.227405,1.028160,1,0,10.4614,0,0,0,10.4614,0
27.0501,1.92666,0,0,0.614317,0.0592775,0.36288,3.6288,50.8817,0.88954,0,0,0.570692,0.289281,0,0.66528,12.849,1,0.84672,0.36288,0,13.016,6.05231,6.47984,0.84672,12.849,0.84672,3695.15,0,0,0,0.227405,2.07249,2.22286,1.33047,3.19228,0.42336,0,0.42336,460.49,0,0.8039,0,0,1.0313,0.227405,1.028160,1,0,9.67212,0,0,0,9.67212,0
25.5095,1.92718,0,0,0.824633,0.0751358,0.36288,3.6288,50.5978,0.66528,0,0,0.671361,0.289937,0,0.66528,12.849,1,0.84672,0.36288,0,16.6151,6.16561,9.96561,0.84672,12.849,0.84672,3695.15,0,0,0,0.238723,2.2256,2.48457,1.45832,3.49057,0.42336,0,0.42336,460.49,0,1.02816,0,0,1.26688,0.238723,1.028160,1,0,13.4562,0,0,0,13.4562,0
23.8168,1.92769,0,0,0.674222,0.0763359,0.36288,3.6288,49.8085,0.990109,0,0,0.490374,0.289613,0,0.66528,12.849,1,0.84672,0.36288,0,17.462,6.1845,10.7936,0.84672,12.849,0.84672,3695.15,0,0,0,0.204422,2.22594,1.95914,1.47963,2.90987,0.42336,0,0.42336,460.49,0,0.703331,0,0,0.907753,0.204422,1.028160,1,0,13.7035,0,0,0,13.7035,0
22.2863,1.92821,0,0,0.835039,0.0744942,0.36288,3.6288,49.6713,0.66528,0,0,0.815829,0.287748,0,0.66528,12.849,1,0.84672,0.36288,0,15.4753,6.1845,8.80694,0.84672,12.849,0.84672,3695.15,0,0,0,0.590898,2.22629,2.94401,1.47963,4.28156,0.42336,0,0.42336,460.49,0,1.02816,0,0,1.61906,0.590898,1.028160,1,0,13.0885,0,0,0,13.0885,0
20.5813,1.92873,0,0,0.663276,0.0766237,0.36288,3.6288,49.1894,0.790897,0,0,0.564693,0.255666,0,0.66528,12.849,1,0.84672,0.36288,0,12.4964,5.26028,6.75226,0.84672,12.849,0.84672,3695.15,0,0,0,0.204422,2.22663,2.88159,1.11986,4.19278,0.42336,0,0.42336,460.49,0,0.902543,0,0,1.10697,0.204422,1.028160,1,0,10.945,0,0,0,10.945,0
19.5928,1.83532,0,0,1.28112,0.0714275,0.36288,3.6288,49.2046,0.66528,0,0,0.925158,0.244682,0,0.66528,12.849,1,0.84672,0.36288,0,20.5119,5.30831,14.7197,0.84672,12.849,0.84672,3695.15,0,0,0,0.655068,2.22697,3.68699,1.15666,5.41238,0.42336,0,0.42336,460.49,0,1.02816,0,0,1.68323,0.655068,1.028160,1,0,20.1321,0,0,0,20.1321,0
18.6894,1.83582,0,0,1.36217,0.0668449,0.36288,3.6288,49.862,0.66528,0,0,1.56938,0.246725,0,0.66528,12.849,1,0.84672,0.36288,0,24.3152,5.62159,18.2098,0.84672,12.849,0.84672,3695.15,0,0,0,2.10137,2.13882,4.43252,1.29219,7.38052,0.42336,0,0.42336,460.49,0,1.02816,0,0,3.12953,2.10137,1.028160,1,0,25.5903,0,0,0,25.5903,0
17.6259,1.83633,0,0,1.20167,0.0660015,0.36288,3.6288,49.8322,0.66528,0,0,0.883561,0.248063,0,0.66528,12.849,1,0.84672,0.36288,0,25.1867,5.62159,19.0813,0.84672,12.849,0.84672,3695.15,0,0,0,0.866739,2.13915,3.32401,1.29219,5.03771,0.42336,0,0.42336,460.49,0,1.02816,0,0,1.8949,0.866739,1.028160,1,0,24.119,0,0,0,24.119,0
16.3808,1.83683,0,0,1.01968,0.0650084,0.36288,3.6288,49.7243,0.66528,0,0,0.805412,0.248002,0,0.66528,12.849,1,0.84672,0.36288,0,23.2732,5.62159,17.1678,0.84672,12.849,0.84672,3695.15,0,0,0,0.69457,2.13948,3.16295,1.29219,4.70481,0.42336,0,0.42336,460.49,0,1.02816,0,0,1.72273,0.69457,1.028160,1,0,21.8726,0,0,0,21.8726,0
16.0211,1.76018,0,0,1.89003,0.126713,0.36288,3.6288,50.1455,0.66528,0,0,1.25694,0.170482,0,0.66528,12.849,1,0.84672,0.36288,0,44.2498,4.40583,39.3602,0.84672,12.849,0.84672,3695.15,0,0,0,1.14001,2.13981,5.65035,0.920688,8.00949,0.42336,0,0.42336,460.49,0,1.02816,0,0,2.16817,1.14001,1.028160,1,0,47.3697,0,0,0,47.3697,0
15.0811,1.76067,0,0,1.31857,0.13505,0.36288,3.6288,50.0776,0.66528,0,0,0.793791,0.196421,0,0.66528,12.849,1,0.84672,0.36288,0,33.472,4.37829,28.6098,0.84672,12.849,0.84672,3695.15,0,0,0,0.39884,2.06111,3.99017,0.963128,5.48699,0.42336,0,0.42336,460.49,0,1.02816,0,0,1.427,0.39884,1.028160,1,0,34.0968,0,0,0,34.0968,0
14.7102,1.76116,0,0,1.88558,0.132431,0.36288,3.6288,49.9166,0.709949,0,0,0.745255,0.196312,0,0.66528,12.849,1,0.84672,0.36288,0,41.4982,4.37829,36.6361,0.84672,12.849,0.84672,3695.15,0,0,0,0.292723,2.06143,4.5685,0.963128,5.95952,0.42336,0,0.42336,460.49,0,0.983491,0,0,1.27621,0.292723,1.028160,1,0,42.5956,0,0,0,42.5956,0
17.3967,1.76165,0,0,4.94249,0.131398,0.36288,3.6288,51.2843,0.66528,0,0,2.22904,0.196053,0,0.66528,12.849,1,0.84672,0.36288,0,92.2185,4.37829,87.3564,0.84672,12.849,0.84672,3695.15,0,0,0,3.35635,2.06174,9.24045,0.963128,13.6954,0.42336,0,0.42336,460.49,0,1.02816,0,0,4.38451,3.35635,1.028160,1,0,101.052,0,0,0,101.052,0
18.7639,1.54289,0,0,3.41847,0.14552,0.36288,3.6288,51.9307,0.66528,0,0,1.51428,0.202571,0,0.66528,12.849,1,0.84672,0.36288,0,69.4424,4.25547,64.703,0.84672,12.849,0.84672,3695.15,0,0,0,1.95789,2.06206,5.37729,0.920704,8.47654,0.42336,0,0.42336,460.49,0,1.02816,0,0,2.98605,1.95789,1.028160,1,0,73.1796,0,0,0,73.1796,0
20.075,1.54334,0,0,3.38819,0.170888,0.36288,3.6288,53.2652,0.66528,0,0,2.2103,0.210552,0,0.66528,12.849,1,0.84672,0.36288,0,40.4855,4.50777,35.4939,0.84672,12.849,0.84672,3695.15,0,0,0,0.745908,1.88671,4.61491,1.10342,6.1441,0.42336,0,0.42336,460.49,0,1.02816,0,0,1.77407,0.745908,1.028160,1,0,41.638,0,0,0,41.638,0
22.4732,1.54379,0,0,4.47948,0.174591,0.36288,3.6288,55.6415,0.66528,0,0,3.25377,0.212156,0,0.66528,12.849,1,0.84672,0.36288,0,75.9257,4.601,70.8409,0.84672,12.849,0.84672,3695.15,0,0,0,1.27455,1.88699,8.6743,1.15155,10.6843,0.42336,0,0.42336,460.49,0,1.02816,0,0,2.30271,1.27455,1.028160,1,0,81.5252,0,0,0,81.5252,0
25.0693,1.54425,0,0,4.68367,0.180401,0.36288,3.6288,57.7116,0.66528,0,0,2.951,0.215675,0,0.66528,12.849,1,0.84672,0.36288,0,101.016,4.601,95.9309,0.84672,12.849,0.84672,3695.15,0,0,0,1.1065,1.88728,8.40915,1.15155,10.2514,0.42336,0,0.42336,460.49,0,1.02816,0,0,2.13466,1.1065,1.028160,1,0,106.182,0,0,0,106.182,0
38.4255,1.58106,0,0,15.483,0.182914,0.36288,3.6288,61.308,0.66528,0,0,8.09607,0.242461,3.59189,0.66528,12.849,1,0.810356,0.36288,0,219.327,4.5611,214.319,0.84672,12.849,0.84672,3695.15,0,0,0,7.53694,1.88757,28.4995,1.23566,36.6883,0.42336,0,0.42336,460.49,0,1.02816,0,0,8.5651,7.53694,1.028160,1,0,254.599,0,0,0,254.599,0
45.1776,1.85573,0,0,9.18665,0.215933,0.36288,3.6288,61.308,0.66528,0,0,5.19909,0.216409,4.3174,0.66528,12.849,1,0.620535,0.36288,0,197.014,4.01127,192.745,0.84672,12.849,0.84672,3695.15,0,0,0,5.40804,1.88786,18.8421,1.09586,25.0421,0.42336,0,0.42336,460.49,0,1.02816,0,0,6.4362,5.40804,1.028160,1,0,222.104,0,0,0,222.104,0
51.0661,1.92829,0,0,8.4037,0.223989,0.36288,3.6288,61.308,0.66528,0,0,4.91902,0.223757,4.02998,0.66528,12.849,1,0.548427,0.36288,0,214.313,3.89445,210.233,0.84672,12.849,0.84672,3695.15,0,0,0,4.91503,1.94296,20.8164,1.00201,26.6724,0.42336,0,0.42336,460.49,0,1.02816,0,0,5.94319,4.91503,1.028160,1,0,240.935,0,0,0,240.935,0
53.9565,2.22078,0,0,5.71286,0.2388,0.36288,3.6288,61.308,0.584156,0,0,2.96132,0.223757,2.1534,0.66528,12.849,1,0.558783,0.36288,0,146.402,3.89445,142.312,0.84672,12.849,0.84672,3695.15,0,0,0,2.09335,1.94325,10.0495,1.00201,13.0841,0.42336,0,0.42336,460.49,0,1.02816,0,0,3.12151,2.09335,1.028160,1,0,157.549,0,0,0,157.549,0
56.2631,2.24532,0,0,5.17077,0.255962,0.36288,3.6288,61.308,0.584416,0,0,2.58591,0.208298,1.79319,0.66528,12.849,1,0.534693,0.36288,0,131.951,3.63687,128.142,0.84672,12.849,0.84672,3695.15,0,0,0,1.39067,1.76657,9.03329,0.941799,11.2487,0.42336,0,0.42336,460.49,0,1.02816,0,0,2.41883,1.39067,1.028160,1,0,141.184,0,0,0,141.184,0
58.108,2.48431,0,0,4.97953,0.287399,0.36288,3.6288,61.308,0.66528,0,0,3.01943,0.169651,2.1845,0.66528,12.849,1,0.567351,0.36288,0,128.294,2.99292,125.097,0.84672,12.849,0.84672,3695.15,0,0,0,1.94215,1.76685,9.28714,0.791277,12.2049,0.42336,0,0.42336,460.49,0,1.02816,0,0,2.97031,1.94215,1.028160,1,0,139.486,0,0,0,139.486,0
61.1962,2.49947,0,0,6.19625,0.245771,0.36288,3.6288,61.308,0.66528,0,0,3.01399,0.218921,2.12979,0.66528,12.849,1,0.552689,0.36288,0,218.456,3.69558,214.571,0.84672,12.849,0.84672,3695.15,0,0,0,2.52,1.96447,12.7402,1.02268,16.202,0.42336,0,0.42336,460.49,0,1.02816,0,0,3.54816,2.52,1.028160,1,0,232.903,0,0,0,232.903,0
64.8876,2.52293,0,0,6.83018,0.252899,0.36288,3.6288,61.308,0.66528,0,0,4.02761,0.218921,3.1434,0.66528,12.849,1,0.529724,0.36288,0,245.442,3.69558,241.579,0.84672,12.849,0.84672,3695.15,0,0,0,3.53025,1.96479,15.2171,1.02268,19.6895,0.42336,0,0.42336,460.49,0,1.02816,0,0,4.55841,3.53025,1.028160,1,0,264.412,0,0,0,264.412,0
68.4595,2.54849,0,0,6.74384,0.260633,0.36288,3.6288,61.308,0.66528,0,0,4.56123,0.218921,3.67703,0.66528,12.849,1,0.50465,0.36288,0,233.275,3.69558,229.437,0.84672,12.849,0.84672,3695.15,0,0,0,4.17033,1.96511,17.5201,1.02268,22.6329,0.42336,0,0.42336,460.49,0,1.02816,0,0,5.19849,4.17033,1.028160,1,0,255.747,0,0,0,255.747,0
71.4926,2.24518,0,0,5.92598,0.284794,0.36288,3.6288,61.308,0.520818,0,0,3.5994,0.236422,2.84216,0.66528,12.849,1,0.421392,0.36288,0,171.852,4.35132,167.442,0.84672,12.849,0.84672,3695.15,0,0,0,3.404,1.96542,14.8101,1.18754,18.992,0.42336,0,0.42336,460.49,0,1.02816,0,0,4.43216,3.404,1.028160,1,0,189.276,0,0,0,189.276,0
72.29,2.26069,0,0,5.81539,0.307182,2.45013,3.6288,61.308,0.521069,0,0,5.13867,0.229434,4.38816,0.66528,12.849,1,0.406303,2.45013,0,77.6288,4.14928,75.5233,0.84672,12.849,0.84672,3695.15,0,0,0,4.54911,1.69646,15.6294,1.17152,20.7035,0.42336,0,0.42336,460.49,0,1.02816,0,0,5.57727,4.54911,1.028160,1,0,100.615,0,0,0,100.615,0
72.29,2.26487,0,0,5.6754,0.309052,3.10148,3.6288,61.308,0.521319,0,0,4.94427,0.229434,4.19351,0.66528,12.849,1,0.402563,3.10148,0,163.188,4.14928,161.738,0.84672,12.849,0.84672,3695.15,0,0,0,4.39746,1.69673,15.9816,1.17152,20.9042,0.42336,0,0.42336,460.49,0,1.02816,0,0,5.42562,4.39746,1.028160,1,0,186.835,0,0,0,186.835,0
72.29,2.26523,0,0,5.21926,0.310443,2.64359,3.6288,61.308,0.521569,0,0,4.453,0.203978,3.72745,0.66528,12.849,1,0.402628,2.64359,0,162.987,3.69614,161.532,0.84672,12.849,0.84672,3695.15,0,0,0,4.33911,1.697,13.2724,1.00021,18.3083,0.42336,0,0.42336,460.49,0,1.02816,0,0,5.36727,4.33911,1.028160,1,0,183.567,0,0,0,183.567,0
72.29,2.2656,0,0,5.76834,0.307754,3.19499,3.6288,61.308,0.521819,0,0,3.90112,0.173655,3.20565,0.66528,12.849,1,0.402693,3.19499,0,162.217,3.30372,161.705,0.84672,12.849,0.84672,3695.15,0,0,0,3.99256,1.69728,14.4857,0.773767,19.4017,0.42336,0,0.42336,460.49,0,1.02816,0,0,5.02072,3.99256,1.028160,1,0,184.313,0,0,0,184.313,0
72.29,2.34876,0,0,4.26622,0.288658,1.62881,3.6288,61.308,0.584418,0,0,2.39056,0.215323,1.59082,0.66528,12.849,1,0.417473,1.62881,0,136.87,4.15559,133.925,0.84672,12.849,0.84672,3695.15,0,0,0,2.25735,1.69755,7.97978,1.06432,10.8704,0.42336,0,0.42336,460.49,0,1.02816,0,0,3.28551,2.25735,1.028160,1,0,146.387,0,0,0,146.387,0
72.29,2.34913,0,0,4.95037,0.277804,2.32344,3.6288,61.308,0.584678,0,0,4.27231,0.227833,3.4598,0.66528,12.849,1,0.417541,2.32344,0,106.019,4.37797,103.547,0.84672,12.849,0.84672,3695.15,0,0,0,4.24289,1.76427,12.1213,1.1687,16.9598,0.42336,0,0.42336,460.49,0,1.02816,0,0,5.27105,4.24289,1.028160,1,0,123.966,0,0,0,123.966,0
72.29,2.34951,0,0,3.45088,0.277804,0.823558,3.6288,61.308,0.584938,0,0,1.53848,0.227833,0.72571,0.66528,12.849,1,0.417608,0.823558,0,91.5036,4.37797,87.5316,0.84672,12.849,0.84672,3695.15,0,0,0,1.93637,1.76455,5.74403,1.1687,8.27625,0.42336,0,0.42336,460.49,0,1.02816,0,0,2.96453,1.93637,1.028160,1,0,96.5336,0,0,0,96.5336,0
72.29,2.34989,0,0,5.00379,0.277804,2.37609,3.6288,61.308,0.585199,0,0,3.21956,0.227833,2.40653,0.66528,12.849,1,0.417676,2.37609,0,126.311,4.37797,123.891,0.84672,12.849,0.84672,3695.15,0,0,0,3.48689,1.76484,10.586,1.1687,14.669,0.42336,0,0.42336,460.49,0,1.02816,0,0,4.51505,3.48689,1.028160,1,0,140.967,0,0,0,140.967,0
72.29,2.31788,0,0,3.92235,0.234115,1.37036,3.6288,61.308,0.561228,0,0,1.87358,0.23667,1.07569,0.66528,12.849,1,0.411986,1.37036,0,91.2159,4.42259,87.7517,0.84672,12.849,0.84672,3695.15,0,0,0,2.43104,1.76512,6.93385,1.12802,10.002,0.42336,0,0.42336,460.49,0,1.02816,0,0,3.4592,2.43104,1.028160,1,0,98.8294,0,0,0,98.8294,0
72.29,2.31825,0,0,3.52056,0.229966,0.972339,3.6288,61.308,0.561484,0,0,2.06207,0.226232,1.27436,0.66528,12.849,1,0.412052,0.972339,0,75.8799,3.96763,72.4726,0.84672,12.849,0.84672,3695.15,0,0,0,2.55502,1.73954,7.49676,1.07496,10.7164,0.42336,0,0.42336,460.49,0,1.02816,0,0,3.58318,2.55502,1.028160,1,0,84.4633,0,0,0,84.4633,0
72.2366,2.31863,0,0,2.85804,0.229966,0.36288,3.6288,61.308,0.561741,0,0,1.82701,0.226232,1.03903,0.66528,12.849,1,0.412119,0.36288,0,64.6082,3.96763,60.5913,0.84672,12.849,0.84672,3695.15,0,0,0,2.24349,1.73982,6.44483,1.07496,9.35317,0.42336,0,0.42336,460.49,0,1.02816,0,0,3.27165,2.24349,1.028160,1,0,70.9835,0,0,0,70.9835,0
71.8743,2.31874,0,0,2.54926,0.229873,0.36288,3.6288,61.308,0.561998,0,0,1.55131,0.226232,0.763083,0.66528,12.849,1,0.412444,0.36288,0,61.6222,3.96763,57.605,0.84672,12.849,0.84672,3695.15,0,0,0,1.40725,1.7401,6.05985,1.07496,8.13224,0.42336,0,0.42336,460.49,0,1.02816,0,0,2.43541,1.40725,1.028160,1,0,66.5003,0,0,0,66.5003,0
71.9727,2.42728,0,0,3.10473,0.216161,0.36288,3.6288,61.308,0.64824,0,0,1.75202,0.23229,0.871489,0.66528,12.849,1,0.433926,0.36288,0,69.3643,4.04644,65.2468,0.84672,12.849,0.84672,3695.15,0,0,0,1.37036,1.74038,6.98935,1.09207,9.00802,0.42336,0,0.42336,460.49,0,1.02816,0,0,2.39852,1.37036,1.028160,1,0,75.1263,0,0,0,75.1263,0
71.6012,2.42818,0,0,2.57302,0.153529,0.36288,3.6288,61.308,0.648511,0,0,1.50349,0.248721,0.606258,0.66528,12.849,1,0.433493,0.36288,0,58.0224,4.43569,53.5161,0.84672,12.849,0.84672,3695.15,0,0,0,1.60907,1.83138,5.70556,1.17754,7.96847,0.42336,0,0.42336,460.49,0,1.02816,0,0,2.63723,1.60907,1.028160,1,0,62.0909,0,0,0,62.0909,0
71.083,2.42666,0,0,2.42711,0.155711,0.36288,3.6288,61.308,0.648782,0,0,1.36051,0.245401,0.466333,0.66528,12.849,1,0.43547,0.36288,0,55.4883,4.42176,50.994,0.84672,12.849,0.84672,3695.15,0,0,0,1.33365,1.83167,5.20714,1.17467,7.19779,0.42336,0,0.42336,460.49,0,1.02816,0,0,2.36181,1.33365,1.028160,1,0,58.6581,0,0,0,58.6581,0
70.364,2.42436,0,0,2.22331,0.155096,0.36288,3.6288,61.308,0.649052,0,0,1.24448,0.245401,0.350027,0.66528,12.849,1,0.438229,0.36288,0,49.7889,4.42176,45.2918,0.84672,12.849,0.84672,3695.15,0,0,0,1.10112,1.83197,4.97373,1.17467,6.73214,0.42336,0,0.42336,460.49,0,1.02816,0,0,2.12928,1.10112,1.028160,1,0,52.3739,0,0,0,52.3739,0
69.5338,2.42097,0,0,2.06536,0.111685,0.36288,3.6288,61.308,0.649323,0,0,1.19139,0.273731,0.268333,0.66528,12.849,1,0.442087,0.36288,0,44.0522,4.74306,39.2299,0.84672,12.849,0.84672,3695.15,0,0,0,1.02751,1.83226,4.74908,1.25677,6.35209,0.42336,0,0.42336,460.49,0,1.02816,0,0,2.05567,1.02751,1.028160,1,0,45.8503,0,0,0,45.8503,0
68.7633,2.39526,0,0,2.09798,0.110363,0.36288,3.6288,61.2039,0.66528,0,0,0.834178,0.273047,0,0.66528,12.849,1,0.442614,0.36288,0,36.9692,4.84521,32.0442,0.84672,12.849,0.84672,3695.15,0,0,0,0.607885,1.83256,3.74109,1.26185,4.91968,0.42336,0,0.42336,460.49,0,1.02816,0,0,1.63604,0.607885,1.028160,1,0,36.9639,0,0,0,36.9639,0
67.9994,2.39146,0,0,2.10495,0.114506,0.36288,3.6288,60.8365,0.67246,0,0,0.573936,0.268817,0,0.66528,12.849,1,0.446865,0.36288,0,32.1561,4.88166,27.1904,0.84672,12.849,0.84672,3695.15,0,0,0,0.30119,1.86459,3.13759,1.2554,4.04797,0.42336,0,0.42336,460.49,0,1.02098,0,0,1.32217,0.30119,1.028160,1,0,31.2384,0,0,0,31.2384,0
67.0695,2.38763,0,0,1.9344,0.113824,0.36288,3.6288,60.4605,0.66528,0,0,0.557442,0.268192,0,0.66528,12.849,1,0.45116,0.36288,0,31.6481,4.88166,26.6782,0.84672,12.849,0.84672,3695.15,0,0,0,0.294572,1.86489,3.16387,1.2554,4.06794,0.42336,0,0.42336,460.49,0,1.02816,0,0,1.32273,0.294572,1.028160,1,0,30.7461,0,0,0,30.7461,0
65.9716,2.38276,0,0,1.76077,0.112994,0.36288,3.6288,59.9057,0.808652,0,0,0.521377,0.267553,0,0.66528,12.849,1,0.456484,0.36288,0,30.3821,4.88166,25.4069,0.84672,12.849,0.84672,3695.15,0,0,0,0.261274,1.86519,2.97218,1.2554,3.84325,0.42336,0,0.42336,460.49,0,0.884788,0,0,1.14606,0.261274,1.028160,1,0,29.2501,0,0,0,29.2501,0
64.674,2.43226,0,0,1.59807,0.100523,0.36288,3.6288,59.2254,0.860095,0,0,0.473577,0.293685,0,0.66528,12.849,1,0.47372,0.36288,0,26.2977,5.29935,20.8876,0.84672,12.849,0.84672,3695.15,0,0,0,0.261274,1.86549,2.7196,1.38338,3.46299,0.42336,0,0.42336,460.49,0,0.833345,0,0,1.09462,0.261274,1.028160,1,0,24.3505,0,0,0,24.3505,0
63.4133,2.42472,0,0,1.6209,0.0940478,0.36288,3.6288,58.3867,0.975983,0,0,0.439848,0.302615,0,0.66528,12.849,1,0.481727,0.36288,0,27.8894,5.82939,21.9412,0.84672,12.849,0.84672,3695.15,0,0,0,0.261274,1.9108,2.23314,1.42994,2.97528,0.42336,0,0.42336,460.49,0,0.717457,0,0,0.978731,0.261274,1.028160,1,0,24.9164,0,0,0,24.9164,0
62.3009,2.1657,0,0,1.50926,0.0930929,0.36288,3.6288,57.5706,0.896746,0,0,0.381594,0.300989,0,0.66528,12.849,1,0.43882,0.36288,0,23.6147,5.82939,17.7093,0.84672,12.849,0.84672,3695.15,0,0,0,0.261274,1.91111,2.25373,1.42994,2.99617,0.42336,0,0.42336,460.49,0,0.796694,0,0,1.05797,0.261274,1.028160,1,0,20.7055,0,0,0,20.7055,0
61.0815,2.15959,0,0,1.3954,0.0922504,0.36288,3.6288,56.6334,0.991621,0,0,0.353873,0.299406,0,0.66528,12.849,1,0.445396,0.36288,0,22.6443,5.82939,16.7324,0.84672,12.849,0.84672,3695.15,0,0,0,0.227405,2.08838,1.9596,1.42994,2.84545,0.42336,0,0.42336,460.49,0,0.701819,0,0,0.929223,0.227405,1.028160,1,0,19.5779,0,0,0,19.5779,0
59.7451,2.31308,0,0,1.42639,0.0868425,0.36288,3.6288,55.86,0.866246,0,0,0.39299,0.300103,0,0.66528,12.849,1,0.486576,0.36288,0,21.537,5.90417,15.5092,0.84672,12.849,0.84672,3695.15,0,0,0,0.227405,2.08869,2.42387,1.44488,3.29509,0.42336,0,0.42336,460.49,0,0.827194,0,0,1.0546,0.227405,1.028160,1,0,18.8042,0,0,0,18.8042,0
58.2459,2.30454,0,0,1.27394,0.10577,0.36288,3.6288,54.7733,1.08598,0,0,0.303731,0.304499,0,0.66528,12.849,1,0.495622,0.36288,0,18.394,6.35475,11.9065,0.84672,12.849,0.84672,3695.15,0,0,0,0.227405,2.2431,2.15237,1.52449,3.09838,0.42336,0,0.42336,460.49,0,0.607461,0,0,0.834866,0.227405,1.028160,1,0,15.0048,0,0,0,15.0048,0
56.8001,2.29449,0,0,1.32515,0.113571,0.36288,3.6288,53.8164,0.974912,0,0,0.329542,0.311565,0,0.66528,12.849,1,0.506164,0.36288,0,21.8358,6.51819,15.1743,0.84672,12.849,0.84672,3695.15,0,0,0,0.227405,2.24343,2.08099,1.54696,3.00486,0.42336,0,0.42336,460.49,0,0.718528,0,0,0.945933,0.227405,1.028160,1,0,18.1792,0,0,0,18.1792,0
55.1054,2.2844,0,0,1.06456,0.111974,0.36288,3.6288,52.504,1.24114,0,0,0.238353,0.309594,0,0.66528,12.849,1,0.516763,0.36288,0,21.337,6.51819,14.6649,0.84672,12.849,0.84672,3695.15,0,0,0,0.204422,2.24376,1.67056,1.54696,2.57179,0.42336,0,0.42336,460.49,0,0.452305,0,0,0.656727,0.204422,1.028160,1,0,17.2367,0,0,0,17.2367,0
53.6863,2.27192,0,0,1.32579,0.110102,0.36288,3.6288,51.9397,0.66528,0,0,0.407385,0.306364,0,0.66528,12.849,1,0.529745,0.36288,0,19.4874,6.51819,12.8024,0.84672,12.849,0.84672,3695.15,0,0,0,0.214108,2.2441,2.58302,1.54696,3.49427,0.42336,0,0.42336,460.49,0,1.02816,0,0,1.24227,0.214108,1.028160,1,0,16.2966,0,0,0,16.2966,0
52.301,2.18459,0,0,1.29435,0.132186,0.36288,3.6288,51.0546,0.965745,0,0,0.348472,0.267857,0,0.66528,12.849,1,0.522848,0.36288,0,17.4239,5.33572,11.9282,0.84672,12.849,0.84672,3695.15,0,0,0,0.204422,2.24443,2.01949,1.25463,3.21371,0.42336,0,0.42336,460.49,0,0.727695,0,0,0.932118,0.204422,1.028160,1,0,15.1419,0,0,0,15.1419,0
51.0329,2.17386,0,0,1.42259,0.153961,0.36288,3.6288,50.7371,0.66528,0,0,0.609574,0.261773,0,0.66528,12.849,1,0.534062,0.36288,0,16.9855,5.05302,11.7613,0.84672,12.849,0.84672,3695.15,0,0,0,0.683415,2.15552,1.77028,1.36853,3.24067,0.42336,0,0.42336,460.49,0,1.02816,0,0,1.71158,0.683415,1.028160,1,0,15.002,0,0,0,15.002,0
49.5889,2.16365,0,0,1.23454,0.151945,0.36288,3.6288,49.9004,0.912894,0,0,0.337317,0.261098,0,0.66528,12.849,1,0.544761,0.36288,0,17.441,5.05302,12.2061,0.84672,12.849,0.84672,3695.15,0,0,0,0.216518,2.15584,1.3131,1.36853,2.31692,0.42336,0,0.42336,460.49,0,0.780546,0,0,0.997065,0.216518,1.028160,1,0,14.523,0,0,0,14.523,0
48.1259,2.15144,0,0,1.20089,0.14965,0.36288,3.6288,48.955,0.998231,0,0,0.312056,0.259318,0,0.66528,12.849,1,0.557459,0.36288,0,15.9319,5.05302,10.6843,0.84672,12.849,0.84672,3695.15,0,0,0,0.216518,2.15616,1.29024,1.36853,2.29438,0.42336,0,0.42336,460.49,0,0.695209,0,0,0.911727,0.216518,1.028160,1,0,12.9787,0,0,0,12.9787,0
47.8424,2.07704,0,0,2.41415,0.257678,0.36288,3.6288,48.7988,0.66528,0,0,0.669288,0.160112,0,0.66528,12.849,1,0.554543,0.36288,0,43.318,3.59961,39.5268,0.84672,12.849,0.84672,3695.15,0,0,0,0.282312,2.15647,3.2509,0.914249,4.77544,0.42336,0,0.42336,460.49,0,1.02816,0,0,1.31047,0.282312,1.028160,1,0,44.3022,0,0,0,44.3022,0
47.2998,2.07482,0,0,2.0796,0.184476,0.36288,3.6288,48.5873,0.66528,0,0,0.659423,0.205679,0,0.66528,12.849,1,0.557233,0.36288,0,28.2881,4.41642,23.6773,0.84672,12.849,0.84672,3695.15,0,0,0,0.267339,2.07709,2.63352,0.945122,4.03282,0.42336,0,0.42336,460.49,0,1.02816,0,0,1.2955,0.267339,1.028160,1,0,27.7101,0,0,0,27.7101,0
46.3834,2.07017,0,0,1.73057,0.213992,0.36288,3.6288,47.8854,0.961883,0,0,0.46154,0.201588,0,0.66528,12.849,1,0.562361,0.36288,0,22.9826,4.45536,18.3277,0.84672,12.849,0.84672,3695.15,0,0,0,0.216518,2.0774,2.19873,0.994727,3.49792,0.42336,0,0.42336,460.49,0,0.731557,0,0,0.948076,0.216518,1.028160,1,0,21.8257,0,0,0,21.8257,0
46.3518,2.06184,0,0,2.60495,0.211835,0.36288,3.6288,48.1374,0.66528,0,0,1.11769,0.200415,0,0.66528,12.849,1,0.571165,0.36288,0,35.8384,4.45536,31.1747,0.84672,12.849,0.84672,3695.15,0,0,0,1.71201,2.0777,4.4584,0.994727,7.25338,0.42336,0,0.42336,460.49,0,1.02816,0,0,2.74017,1.71201,1.028160,1,0,38.4281,0,0,0,38.4281,0
50.1948,1.88879,0,0,6.3065,0.211761,0.36288,3.6288,49.7752,0.66528,0,0,2.50397,0.200836,0,0.66528,12.849,1,0.523583,0.36288,0,93.9207,4.45536,89.3046,0.84672,12.849,0.84672,3695.15,0,0,0,3.28354,2.07801,6.7445,0.994727,11.1113,0.42336,0,0.42336,460.49,0,1.02816,0,0,4.3117,3.28354,1.028160,1,0,100.416,0,0,0,100.416,0
52.8265,1.92105,0,0,5.16834,0.252744,0.36288,3.6288,49.7561,0.66528,0,0,0.834503,0.188325,0,0.66528,12.849,1,0.491756,0.36288,0,57.9351,4.16661,53.6396,0.84672,12.849,0.84672,3695.15,0,0,0,0.563069,1.90116,3.52731,1.04657,4.94498,0.42336,0,0.42336,460.49,0,1.02816,0,0,1.59123,0.563069,1.028160,1,0,58.5846,0,0,0,58.5846,0
57.1191,1.94111,0,0,6.84254,0.246007,0.36288,3.6288,50.2404,0.66528,0,0,1.35194,0.202412,0,0.66528,12.849,1,0.472137,0.36288,0,109.071,4.35582,104.606,0.84672,12.849,0.84672,3695.15,0,0,0,0.945769,1.90144,4.02919,1.15362,5.72278,0.42336,0,0.42336,460.49,0,1.02816,0,0,1.97393,0.945769,1.028160,1,0,110.329,0,0,0,110.329,0
61.5601,2.2173,0,0,7.27246,0.251194,0.36288,3.6288,51.2423,0.545796,0,0,1.75299,0.205258,0,0.66528,12.849,1,0.498784,0.36288,0,136.96,4.03704,132.787,0.84672,12.849,0.84672,3695.15,0,0,0,2.09548,1.90172,4.81836,1.11423,7.70133,0.42336,0,0.42336,460.49,0,1.02816,0,0,3.12364,2.09548,1.028160,1,0,140.488,0,0,0,140.488,0
66.0696,2.24743,0,0,7.37372,0.25392,0.36288,3.6288,51.5144,0.54605,0,0,1.02787,0.209685,0,0.66528,12.849,1,0.46909,0.36288,0,94.7627,3.612,91.0444,0.84672,12.849,0.84672,3695.15,0,0,0,1.50496,1.72503,4.14132,1.0617,6.30961,0.42336,0,0.42336,460.49,0,1.02816,0,0,2.53312,1.50496,1.028160,1,0,97.3541,0,0,0,97.3541,0
69.1154,2.27424,0,0,5.93755,0.254702,0.36288,3.6288,51.7321,0.54605,0,0,0.965722,0.201988,0,0.66528,12.849,1,0.442286,0.36288,0,87.6191,3.62112,83.9186,0.84672,12.849,0.84672,3695.15,0,0,0,1.143,1.72531,4.69486,0.997176,6.566,0.42336,0,0.42336,460.49,0,1.02816,0,0,2.17116,1.143,1.028160,1,0,90.4846,0,0,0,90.4846,0
70.2067,2.36281,0,0,4.05574,0.238662,0.36288,3.6288,52.3452,0.597209,0,0,1.39222,0.181907,0,0.66528,12.849,1,0.439262,0.36288,0,81.4415,3.64392,77.7212,0.84672,12.849,0.84672,3695.15,0,0,0,1.43388,1.72531,5.95448,0.835863,8.27781,0.42336,0,0.42336,460.49,0,1.02816,0,0,2.46204,1.43388,1.028160,1,0,85.999,0,0,0,85.999,0
70.5263,2.36895,0,0,3.30369,0.252308,0.36288,3.6288,52.8025,0.597461,0,0,1.23866,0.183914,0,0.66528,12.849,1,0.433557,0.36288,0,66.0338,3.7113,62.2518,0.84672,12.849,0.84672,3695.15,0,0,0,1.08753,1.78087,4.83592,0.873563,6.83075,0.42336,0,0.42336,460.49,0,1.02816,0,0,2.11569,1.08753,1.028160,1,0,69.0826,0,0,0,69.0826,0
71.4095,2.37098,0,0,3.93256,0.315515,0.36288,3.6288,53.6716,0.597712,0,0,1.6493,0.182487,0,0.66528,12.849,1,0.431962,0.36288,0,68.0514,3.76728,64.215,0.84672,12.849,0.84672,3695.15,0,0,0,1.49499,1.78114,5.43099,0.840874,7.86625,0.42336,0,0.42336,460.49,0,1.02816,0,0,2.52315,1.49499,1.028160,1,0,72.0813,0,0,0,72.0813,0
72.29,2.37587,0,0,4.2043,0.314712,0.633207,3.6288,54.1485,0.597964,0,0,1.2551,0.180228,0,0.66528,12.849,1,0.4275,0.633207,0,66.5323,3.62796,63.1101,0.84672,12.849,0.84672,3695.15,0,0,0,1.3607,1.78142,4.22162,0.737317,6.62642,0.42336,0,0.42336,460.49,0,1.02816,0,0,2.38886,1.3607,1.028160,1,0,69.7365,0,0,0,69.7365,0
72.29,2.61286,0,0,4.16998,0.303106,1.25401,3.6288,55.0789,0.66528,0,0,1.77421,0.178487,0,0.66528,12.849,1,0.464417,1.25401,0,100.519,3.6276,97.6815,0.84672,12.849,0.84672,3695.15,0,0,0,1.6743,1.78169,9.58827,0.846005,12.1983,0.42336,0,0.42336,460.49,0,1.02816,0,0,2.70246,1.6743,1.028160,1,0,109.88,0,0,0,109.88,0
72.29,2.61327,0,0,4.48342,0.300818,1.56933,3.6288,56.1443,0.66528,0,0,1.90986,0.179193,0,0.66528,12.849,1,0.464489,1.56933,0,94.3186,3.62754,91.7959,0.84672,12.849,0.84672,3695.15,0,0,0,1.86694,1.98096,7.61365,0.86412,10.5974,0.42336,0,0.42336,460.49,0,1.02816,0,0,2.8951,1.86694,1.028160,1,0,102.393,0,0,0,102.393,0
72.29,2.61367,0,0,4.11705,0.300818,1.20255,3.6288,57.1414,0.66528,0,0,1.84277,0.180449,0,0.66528,12.849,1,0.464561,1.20255,0,92.9664,3.62754,90.0769,0.84672,12.849,0.84672,3695.15,0,0,0,1.72069,1.98127,7.05429,0.86412,9.89213,0.42336,0,0.42336,460.49,0,1.02816,0,0,2.74885,1.72069,1.028160,1,0,99.969,0,0,0,99.969,0
72.29,2.61408,0,0,4.12803,0.281318,1.23263,3.6288,58.2961,0.66528,0,0,2.02603,0.205984,0,0.66528,12.849,1,0.464632,1.23263,0,90.3372,4.60418,86.5011,0.84672,12.849,0.84672,3695.15,0,0,0,1.90749,1.98158,7.85894,1.19416,10.5539,0.42336,0,0.42336,460.49,0,1.02816,0,0,2.93565,1.90749,1.028160,1,0,97.0549,0,0,0,97.0549,0
72.29,2.28308,0,0,4.82575,0.317312,2.22536,3.6288,59.3352,0.53378,0,0,1.74823,0.17535,0,0.66528,12.849,1,0.4058,2.22536,0,128.786,3.58435,127.021,0.84672,12.849,0.84672,3695.15,0,0,0,2.29922,1.98188,8.26865,0.999299,11.5505,0.42336,0,0.42336,460.49,0,1.02816,0,0,3.32738,2.29922,1.028160,1,0,138.572,0,0,0,138.572,0
72.29,2.28343,0,0,6.36316,0.324615,3.75511,3.6288,60.3779,0.534021,0,0,1.74873,0.17201,0,0.66528,12.849,1,0.405863,3.75511,0,100.605,3.35023,100.604,0.84672,12.849,0.84672,3695.15,0,0,0,2.55433,1.71065,8.82913,0.94131,12.1528,0.42336,0,0.42336,460.49,0,1.02816,0,0,3.58249,2.55433,1.028160,1,0,112.757,0,0,0,112.757,0
72.29,2.28379,0,0,4.81936,0.324615,2.21096,3.6288,61.0148,0.534263,0,0,1.34431,0.173158,0,0.66528,12.849,1,0.405926,2.21096,0,95.9619,3.35023,94.4167,0.84672,12.849,0.84672,3695.15,0,0,0,1.74086,1.71092,7.8171,0.94131,10.3276,0.42336,0,0.42336,460.49,0,1.02816,0,0,2.76902,1.74086,1.028160,1,0,104.744,0,0,0,104.744,0
72.29,2.28414,0,0,5.86375,0.298639,3.28097,3.6288,61.308,0.534505,0,0,1.46819,0.167979,0.472526,0.66528,12.849,1,0.405989,3.28097,0,109.369,3.35711,108.886,0.84672,12.849,0.84672,3695.15,0,0,0,2.11104,1.71118,7.17751,0.958362,10.0414,0.42336,0,0.42336,460.49,0,1.02816,0,0,3.1392,2.11104,1.028160,1,0,119.4,0,0,0,119.4,0
72.29,2.28449,0,0,4.83824,0.316671,2.23707,3.6288,61.308,0.534747,0,0,1.73315,0.198607,0.999796,0.66528,12.849,1,0.406051,2.23707,0,101.078,4.1292,98.7794,0.84672,12.849,0.84672,3695.15,0,0,0,2.74269,1.71145,6.66037,1.14681,9.96769,0.42336,0,0.42336,460.49,0,1.02816,0,0,3.77085,2.74269,1.028160,1,0,109.747,0,0,0,109.747,0
72.29,2.36833,0,0,3.41175,0.325985,0.717431,3.6288,61.308,0.597857,0,0,1.43693,0.171654,0.667416,0.66528,12.849,1,0.420953,0.717431,0,65.4398,3.49839,62.2379,0.84672,12.849,0.84672,3695.15,0,0,0,1.32366,1.71171,4.48917,1.041,6.48354,0.42336,0,0.42336,460.49,0,1.02816,0,0,2.35182,1.32366,1.028160,1,0,69.3888,0,0,0,69.3888,0
72.29,2.3687,0,0,3.579,0.325985,0.884317,3.6288,61.308,0.598109,0,0,1.37578,0.171654,0.606019,0.66528,12.849,1,0.421018,0.884317,0,67.3956,3.49839,64.3605,0.84672,12.849,0.84672,3695.15,0,0,0,1.35187,1.77897,4.31902,1.041,6.40887,0.42336,0,0.42336,460.49,0,1.02816,0,0,2.38003,1.35187,1.028160,1,0,71.3754,0,0,0,71.3754,0
72.2512,2.36906,0,0,3.01912,0.325985,0.36288,3.6288,61.308,0.59836,0,0,1.1685,0.171654,0.398485,0.66528,12.849,1,0.421083,0.36288,0,62.7009,3.49839,59.1443,0.84672,12.849,0.84672,3695.15,0,0,0,1.12531,1.77925,3.6275,1.041,5.49105,0.42336,0,0.42336,460.49,0,1.02816,0,0,2.15347,1.12531,1.028160,1,0,65.0339,0,0,0,65.0339,0
71.9734,2.36924,0,0,2.77828,0.323925,0.36288,3.6288,61.308,0.598612,0,0,0.963205,0.173488,0.191104,0.66528,12.849,1,0.42134,0.36288,0,50.3645,3.50883,46.7973,0.84672,12.849,0.84672,3695.15,0,0,0,1.49978,1.77952,3.11323,1.04927,5.34327,0.42336,0,0.42336,460.49,0,1.02816,0,0,2.52794,1.49978,1.028160,1,0,52.3316,0,0,0,52.3316,0
71.1535,2.33558,0,0,2.18998,0.311483,0.36288,3.6288,61.308,0.574431,0,0,0.914596,0.184492,0.155672,0.66528,12.849,1,0.416958,0.36288,0,44.6647,3.57147,41.0391,0.84672,12.849,0.84672,3695.15,0,0,0,0.910215,1.7798,3.56081,1.0989,5.15193,0.42336,0,0.42336,460.49,0,1.02816,0,0,1.93838,0.910215,1.028160,1,0,46.3467,0,0,0,46.3467,0
71.0352,2.33188,0,0,2.886,0.309541,0.36288,3.6288,61.308,0.574679,0,0,1.02123,0.184492,0.262059,0.66528,12.849,1,0.421094,0.36288,0,49.3057,3.57147,45.676,0.84672,12.849,0.84672,3695.15,0,0,0,1.01958,1.75399,3.09852,1.0989,4.77319,0.42336,0,0.42336,460.49,0,1.02816,0,0,2.04774,1.01958,1.028160,1,0,50.7113,0,0,0,50.7113,0
70.6639,2.33164,0,0,2.60237,0.279106,0.36288,3.6288,61.308,0.574927,0,0,0.995579,0.191633,0.229019,0.66528,12.849,1,0.421753,0.36288,0,53.5819,3.78819,49.7348,0.84672,12.849,0.84672,3695.15,0,0,0,0.958548,1.75426,2.92032,1.05878,4.57435,0.42336,0,0.42336,460.49,0,1.02816,0,0,1.98671,0.958548,1.028160,1,0,54.5382,0,0,0,54.5382,0
69.6657,2.33013,0,0,1.95054,0.25576,0.36288,3.6288,61.308,0.575175,0,0,0.860907,0.196988,0.0887437,0.66528,12.849,1,0.423693,0.36288,0,40.3285,3.95073,36.317,0.84672,12.849,0.84672,3695.15,0,0,0,0.695546,1.75453,2.60394,1.02869,4.02533,0.42336,0,0.42336,460.49,0,1.02816,0,0,1.72371,0.695546,1.028160,1,0,40.431,0,0,0,40.431,0
68.7587,2.43567,0,0,2.10638,0.214772,0.36288,3.6288,61.2143,0.662122,0,0,0.791968,0.223534,0,0.66528,12.849,1,0.44923,0.36288,0,38.756,3.86396,34.8057,0.84672,12.849,0.84672,3695.15,0,0,0,0.908124,1.7548,2.52345,1.07424,4.11214,0.42336,0,0.42336,460.49,0,1.02816,0,0,1.93628,0.908124,1.028160,1,0,38.9178,0,0,0,38.9178,0
67.7786,2.43105,0,0,2.01158,0.197763,0.36288,3.6288,61.1099,0.662383,0,0,0.791977,0.234014,0,0.66528,12.849,1,0.454293,0.36288,0,37.3956,3.82924,33.475,0.84672,12.849,0.84672,3695.15,0,0,0,0.48981,1.84654,2.49054,1.09246,3.73443,0.42336,0,0.42336,460.49,0,1.02816,0,0,1.51797,0.48981,1.028160,1,0,37.2094,0,0,0,37.2094,0
66.6178,2.42591,0,0,1.82417,0.196252,0.36288,3.6288,60.8962,0.683467,0,0,0.703629,0.23386,0,0.66528,12.849,1,0.459886,0.36288,0,34.4085,3.82924,30.4823,0.84672,12.849,0.84672,3695.15,0,0,0,0.30119,1.84683,2.32343,1.09246,3.37899,0.42336,0,0.42336,460.49,0,1.00734,0,0,1.30853,0.30119,1.028160,1,0,33.8613,0,0,0,33.8613,0
65.2608,2.41956,0,0,1.61997,0.194462,0.36288,3.6288,60.6857,0.662906,0,0,0.685924,0.233543,0,0.66528,12.849,1,0.466677,0.36288,0,29.2584,3.82924,25.3254,0.84672,12.849,0.84672,3695.15,0,0,0,0.351501,1.84711,2.29596,1.09246,3.40212,0.42336,0,0.42336,460.49,0,1.02816,0,0,1.37966,0.351501,1.028160,1,0,28.7275,0,0,0,28.7275,0
64.1056,2.41183,0,0,1.75561,0.136131,0.36288,3.6288,60.5271,0.663168,0,0,0.769931,0.265333,0,0.66528,12.849,1,0.474857,0.36288,0,32.9555,4.60107,28.2424,0.84672,12.849,0.84672,3695.15,0,0,0,0.669591,1.8474,3.07223,1.22808,4.36114,0.42336,0,0.42336,460.49,0,1.02816,0,0,1.69775,0.669591,1.028160,1,0,32.6036,0,0,0,32.6036,0
63.1985,2.38353,0,0,1.96803,0.128677,0.36288,3.6288,60.4464,0.66528,0,0,0.842348,0.257748,0,0.66528,12.849,1,0.477743,0.36288,0,39.4005,4.82181,34.4638,0.84672,12.849,0.84672,3695.15,0,0,0,0.875992,1.84769,4.3395,1.20885,5.85432,0.42336,0,0.42336,460.49,0,1.02816,0,0,1.90415,0.875992,1.028160,1,0,40.3181,0,0,0,40.3181,0
62.129,2.3782,0,0,1.79932,0.127733,0.36288,3.6288,60.3456,0.66528,0,0,0.822122,0.257615,0,0.66528,12.849,1,0.483516,0.36288,0,38.8442,4.82181,33.9018,0.84672,12.849,0.84672,3695.15,0,0,0,0.910941,1.87997,4.28615,1.20885,5.8682,0.42336,0,0.42336,460.49,0,1.02816,0,0,1.9391,0.910941,1.028160,1,0,39.77,0,0,0,39.77,0
60.9123,2.37167,0,0,1.64445,0.12662,0.36288,3.6288,60.1917,0.66528,0,0,0.768813,0.25745,0,0.66528,12.849,1,0.490489,0.36288,0,36.5365,4.82181,31.5871,0.84672,12.849,0.84672,3695.15,0,0,0,0.629018,1.88026,4.07862,1.20885,5.37905,0.42336,0,0.42336,460.49,0,1.02816,0,0,1.65718,0.629018,1.028160,1,0,36.9661,0,0,0,36.9661,0
59.8394,2.11422,0,0,1.51213,0.107956,0.36288,3.6288,59.9542,0.66528,0,0,0.728542,0.300765,0,0.66528,12.849,1,0.44598,0.36288,0,32.7124,5.38641,27.2429,0.84672,12.849,0.84672,3695.15,0,0,0,0.630115,1.88055,3.88343,1.41494,4.97915,0.42336,0,0.42336,460.49,0,1.02816,0,0,1.65828,0.630115,1.028160,1,0,32.2221,0,0,0,32.2221,0
58.5725,2.16301,0,0,1.35701,0.0980099,0.36288,3.6288,59.4838,0.692626,0,0,0.521519,0.299344,0,0.66528,12.849,1,0.464452,0.36288,0,28.9353,6.11152,22.7222,0.84672,12.849,0.84672,3695.15,0,0,0,0.261274,2.05781,2.27673,1.38035,3.21545,0.42336,0,0.42336,460.49,0,1.00081,0,0,1.26209,0.261274,1.028160,1,0,25.9376,0,0,0,25.9376,0
57.189,2.15515,0,0,1.23139,0.0968206,0.36288,3.6288,58.9967,0.684176,0,0,0.495534,0.298446,0,0.66528,12.849,1,0.472772,0.36288,0,26.8715,6.11152,20.6501,0.84672,12.849,0.84672,3695.15,0,0,0,0.261274,2.10347,2.15742,1.38035,3.14181,0.42336,0,0.42336,460.49,0,1.00926,0,0,1.27054,0.261274,1.028160,1,0,23.7919,0,0,0,23.7919,0
55.7049,2.14618,0,0,1.11781,0.0928685,0.36288,3.6288,58.4926,0.66528,0,0,0.474981,0.313769,0,0.66528,12.849,1,0.482194,0.36288,0,25.2716,5.97984,19.1724,0.84672,12.849,0.84672,3695.15,0,0,0,0.294676,2.10377,2.68758,1.4829,3.60313,0.42336,0,0.42336,460.49,0,1.02816,0,0,1.32284,0.294676,1.028160,1,0,22.7755,0,0,0,22.7755,0
54.8538,2.13611,0,0,1.74486,0.0970081,0.36288,3.6288,58.2523,0.66528,0,0,0.745381,0.320453,0,0.66528,12.849,1,0.492718,0.36288,0,28.9501,5.75022,23.0701,0.84672,12.849,0.84672,3695.15,0,0,0,0.671967,2.10407,4.89058,1.53367,6.13294,0.42336,0,0.42336,460.49,0,1.02816,0,0,1.70013,0.671967,1.028160,1,0,29.203,0,0,0,29.203,0
53.4605,2.28892,0,0,1.34869,0.0901652,0.36288,3.6288,57.871,0.66528,0,0,0.608554,0.324568,0,0.66528,12.849,1,0.536158,0.36288,0,31.4902,6.07668,25.2403,0.84672,12.849,0.84672,3695.15,0,0,0,0.441936,2.10437,3.02187,1.52805,4.04012,0.42336,0,0.42336,460.49,0,1.02816,0,0,1.4701,0.441936,1.028160,1,0,29.2804,0,0,0,29.2804,0
51.6622,2.27804,0,0,0.927107,0.0844503,0.36288,3.6288,57.3285,0.665928,0,0,0.450711,0.327219,0,0.66528,12.849,1,0.547517,0.36288,0,19.7737,6.32152,13.2675,0.84672,12.849,0.84672,3695.15,0,0,0,0.227405,2.26003,1.9528,1.52384,2.91639,0.42336,0,0.42336,460.49,0,1.02751,0,0,1.25492,0.227405,1.028160,1,0,16.1839,0,0,0,16.1839,0
50.2336,2.26317,0,0,1.28031,0.0829011,0.36288,3.6288,56.8363,0.66528,0,0,0.499147,0.326072,0,0.66528,12.849,1,0.562875,0.36288,0,21.2101,6.32152,14.6886,0.84672,12.849,0.84672,3695.15,0,0,0,0.395988,2.26035,2.17692,1.52384,3.30942,0.42336,0,0.42336,460.49,0,1.02816,0,0,1.42415,0.395988,1.028160,1,0,17.998,0,0,0,17.998,0
49.3792,2.2508,0,0,1.864,0.104746,0.36288,3.6288,56.5176,0.66528,0,0,0.664424,0.317869,0,0.66528,12.849,1,0.575722,0.36288,0,35.3932,6.18161,28.9987,0.84672,12.849,0.84672,3695.15,0,0,0,0.574068,2.26067,2.42088,1.50148,3.75414,0.42336,0,0.42336,460.49,0,1.02816,0,0,1.60223,0.574068,1.028160,1,0,32.7528,0,0,0,32.7528,0
48.2199,2.24328,0,0,1.54475,0.097856,0.36288,3.6288,56.1336,0.66528,0,0,0.593381,0.312154,0,0.66528,12.849,1,0.583726,0.36288,0,42.9084,6.38958,36.298,0.84672,12.849,0.84672,3695.15,0,0,0,0.382873,2.26099,1.84172,1.5288,2.95678,0.42336,0,0.42336,460.49,0,1.02816,0,0,1.41103,0.382873,1.028160,1,0,39.2548,0,0,0,39.2548,0
47.4578,2.15718,0,0,1.85937,0.101422,0.36288,3.6288,55.8593,0.66528,0,0,0.705959,0.314914,0,0.66528,12.849,1,0.574817,0.36288,0,28.3116,6.41088,21.6887,0.84672,12.849,0.84672,3695.15,0,0,0,0.736906,2.26132,2.17214,1.61396,3.5564,0.42336,0,0.42336,460.49,0,1.02816,0,0,1.76507,0.736906,1.028160,1,0,25.2451,0,0,0,25.2451,0
46.2474,2.15029,0,0,1.40331,0.10058,0.36288,3.6288,55.4375,0.66528,0,0,0.557798,0.31435,0,0.66528,12.849,1,0.582181,0.36288,0,41.8745,6.41088,35.2443,0.84672,12.849,0.84672,3695.15,0,0,0,0.663811,2.17166,1.68554,1.61396,2.90705,0.42336,0,0.42336,460.49,0,1.02816,0,0,1.69197,0.663811,1.028160,1,0,38.1513,0,0,0,38.1513,0
44.5823,2.13873,0,0,0.935798,0.0992438,0.36288,3.6288,54.699,0.849519,0,0,0.42447,0.313481,0,0.66528,12.849,1,0.594207,0.36288,0,26.2681,6.41088,19.6259,0.84672,12.849,0.84672,3695.15,0,0,0,0.216518,2.17197,1.13754,1.61396,1.91207,0.42336,0,0.42336,460.49,0,0.843921,0,0,1.06044,0.216518,1.028160,1,0,21.538,0,0,0,21.538,0
43.7902,2.12187,0,0,1.83653,0.143944,0.36288,3.6288,54.3516,0.66528,0,0,0.632807,0.314912,0,0.66528,12.849,1,0.61154,0.36288,0,30.7403,6.04193,24.4497,0.84672,12.849,0.84672,3695.15,0,0,0,0.559691,2.17228,1.78115,1.53853,2.97459,0.42336,0,0.42336,460.49,0,1.02816,0,0,1.58785,0.559691,1.028160,1,0,27.4243,0,0,0,27.4243,0
43.1569,2.05304,0,0,1.97649,0.193782,0.36288,3.6288,54.1843,0.66528,0,0,0.733059,0.235065,0,0.66528,12.849,1,0.602406,0.36288,0,38.8822,4.63283,34.0099,0.84672,12.849,0.84672,3695.15,0,0,0,1.01686,2.17259,3.64232,1.07708,5.75469,0.42336,0,0.42336,460.49,0,1.02816,0,0,2.04502,1.01686,1.028160,1,0,39.7646,0,0,0,39.7646,0
41.4203,2.04658,0,0,0.866324,0.193473,0.36288,3.6288,53.1407,1.26062,0,0,0.435967,0.218959,0,0.66528,12.849,1,0.609322,0.36288,0,31.6038,4.44644,26.9109,0.84672,12.849,0.84672,3695.15,0,0,0,0.216518,2.09254,2.26592,1.01576,3.55922,0.42336,0,0.42336,460.49,0,0.432817,0,0,0.649336,0.216518,1.028160,1,0,30.4702,0,0,0,30.4702,0
40.7326,2.02743,0,0,1.89219,0.189602,0.36288,3.6288,52.968,0.712514,0,0,0.757045,0.217249,0,0.66528,12.849,1,0.628928,0.36288,0,44.5971,4.44644,39.8846,0.84672,12.849,0.84672,3695.15,0,0,0,0.292723,2.09284,3.24176,1.01576,4.61157,0.42336,0,0.42336,460.49,0,0.980926,0,0,1.27365,0.292723,1.028160,1,0,44.4962,0,0,0,44.4962,0
42.189,2.0197,0,0,4.02707,0.188069,0.36288,3.6288,53.6549,0.66528,0,0,1.56914,0.216949,0,0.66528,12.849,1,0.637111,0.36288,0,97.4601,4.44644,92.7394,0.84672,12.849,0.84672,3695.15,0,0,0,2.01591,2.09314,5.26233,1.01576,8.35562,0.42336,0,0.42336,460.49,0,1.02816,0,0,3.04407,2.01591,1.028160,1,0,101.095,0,0,0,101.095,0
42.6236,1.86605,0,0,2.86237,0.198881,0.36288,3.6288,53.5769,0.66528,0,0,0.820371,0.233041,0,0.66528,12.849,1,0.568321,0.36288,0,55.5149,4.13839,51.171,0.84672,12.849,0.84672,3695.15,0,0,0,1.05512,2.09343,5.78184,0.96654,7.96386,0.42336,0,0.42336,460.49,0,1.02816,0,0,2.08328,1.05512,1.028160,1,0,59.1349,0,0,0,59.1349,0
44.9697,1.87083,0,0,4.78536,0.20559,0.36288,3.6288,53.0778,0.66528,0,0,0.410194,0.244064,0,0.66528,12.849,1,0.563967,0.36288,0,73.4331,3.90737,69.3246,0.84672,12.849,0.84672,3695.15,0,0,0,0.377067,1.91514,5.38356,0.929627,6.74614,0.42336,0,0.42336,460.49,0,1.02816,0,0,1.40523,0.377067,1.028160,1,0,76.0708,0,0,0,76.0708,0
46.6813,1.89405,0,0,4.17972,0.211181,0.36288,3.6288,54.2069,0.66528,0,0,2.03754,0.243094,0,0.66528,12.849,1,0.541178,0.36288,0,92.4955,3.90737,88.4099,0.84672,12.849,0.84672,3695.15,0,0,0,2.83443,1.91541,7.36698,0.929627,11.1872,0.42336,0,0.42336,460.49,0,1.02816,0,0,3.86259,2.83443,1.028160,1,0,99.5971,0,0,0,99.5971,0
48.2013,1.90994,0,0,4.0216,0.228726,0.36288,3.6288,54.4015,0.66528,0,0,1.10351,0.243689,0,0.66528,12.849,1,0.525709,0.36288,0,84.7885,4.15816,80.4675,0.84672,12.849,0.84672,3695.15,0,0,0,1.2555,1.91568,4.93451,1.03506,7.07063,0.42336,0,0.42336,460.49,0,1.02816,0,0,2.28366,1.2555,1.028160,1,0,87.5381,0,0,0,87.5381,0
48.5697,1.92336,0,0,2.91458,0.259999,0.36288,3.6288,54.3367,0.66528,0,0,0.83784,0.237334,0,0.66528,12.849,1,0.512709,0.36288,0,48.5742,4.81663,43.6077,0.84672,12.849,0.84672,3695.15,0,0,0,1.3936,1.91595,4.10901,1.2774,6.14115,0.42336,0,0.42336,460.49,0,1.02816,0,0,2.42176,1.3936,1.028160,1,0,49.7489,0,0,0,49.7489,0
50.5309,1.99462,0,0,4.54471,0.226001,0.36288,3.6288,55.6291,0.66528,0,0,2.16985,0.212185,0,0.66528,12.849,1,0.527672,0.36288,0,110.126,4.44186,105.52,0.84672,12.849,0.84672,3695.15,0,0,0,3.48102,1.91621,9.57735,1.10357,13.871,0.42336,0,0.42336,460.49,0,1.02816,0,0,4.50918,3.48102,1.028160,1,0,119.391,0,0,0,119.391,0
55.6211,2.01128,0,0,7.71778,0.253378,0.36288,3.6288,57.8278,0.66528,0,0,3.06705,0.203078,0,0.66528,12.849,1,0.511429,0.36288,0,162.122,3.971,158.002,0.84672,12.849,0.84672,3695.15,0,0,0,4.35807,1.97221,13.3254,1.10455,18.5511,0.42336,0,0.42336,460.49,0,1.02816,0,0,5.38623,4.35807,1.028160,1,0,176.553,0,0,0,176.553,0
59.5555,2.29529,0,0,6.85953,0.26694,0.36288,3.6288,60.6749,0.610815,0,0,3.66396,0.206006,0,0.66528,12.849,1,0.530234,0.36288,0,174.369,3.971,170.231,0.84672,12.849,0.84672,3695.15,0,0,0,4.91184,1.97247,16.8619,1.10455,22.6417,0.42336,0,0.42336,460.49,0,1.02816,0,0,5.94,4.91184,1.028160,1,0,192.872,0,0,0,192.872,0
62.5651,2.32445,0,0,5.97435,0.277423,0.36288,3.6288,61.308,0.611058,0,0,3.11782,0.209797,1.66388,0.66528,12.849,1,0.501496,0.36288,0,183.104,3.971,178.994,0.84672,12.849,0.84672,3695.15,0,0,0,4.52182,1.79578,14.7463,1.10455,19.9594,0.42336,0,0.42336,460.49,0,1.02816,0,0,5.54998,4.52182,1.028160,1,0,200.618,0,0,0,200.618,0
66.6297,2.57352,0,0,7.2752,0.274269,0.36288,3.6288,61.308,0.66528,0,0,3.15944,0.19595,2.29821,0.66528,12.849,1,0.528523,0.36288,0,222.363,3.68082,218.516,0.84672,12.849,0.84672,3695.15,0,0,0,4.05318,1.79604,16.5424,1.0073,21.3843,0.42336,0,0.42336,460.49,0,1.02816,0,0,5.08134,4.05318,1.028160,1,0,242.199,0,0,0,242.199,0
69.0683,2.60093,0,0,5.68156,0.279093,0.36288,3.6288,61.308,0.66528,0,0,2.83776,0.190073,1.98241,0.66528,12.849,1,0.501569,0.36288,0,177.63,3.56475,173.926,0.84672,12.849,0.84672,3695.15,0,0,0,3.22383,1.9969,13.8893,0.968399,18.1416,0.42336,0,0.42336,460.49,0,1.02816,0,0,4.25199,3.22383,1.028160,1,0,194.05,0,0,0,194.05,0
72.29,2.61625,0,0,7.2472,0.284489,1.12479,3.6288,61.308,0.66528,0,0,3.40509,0.190073,2.54974,0.66528,12.849,1,0.486709,1.12479,0,220.641,3.56475,217.714,0.84672,12.849,0.84672,3695.15,0,0,0,4.52167,1.9972,19.4201,0.968399,24.9706,0.42336,0,0.42336,460.49,0,1.02816,0,0,5.54983,4.52167,1.028160,1,0,245.234,0,0,0,245.234,0
72.29,2.63506,0,0,9.23348,0.276034,6.32239,3.6288,61.308,0.66528,0,0,5.69748,0.22327,4.80893,0.66528,12.849,1,0.468362,6.32239,0,242.459,4.35099,243.962,0.84672,12.849,0.84672,3695.15,0,0,0,7.39644,1.99749,33.5654,1.21437,41.7449,0.42336,0,0.42336,460.49,0,1.02816,0,0,8.4246,7.39644,1.028160,1,0,290.516,0,0,0,290.516,0
72.29,2.30139,0,0,5.59665,0.310812,2.98445,3.6288,61.308,0.546306,0,0,3.44435,0.176833,2.72121,0.66528,12.849,1,0.409054,2.98445,0,140.316,3.6602,139.231,0.84672,12.849,0.84672,3695.15,0,0,0,4.86502,1.99779,22.3319,0.934611,28.2601,0.42336,0,0.42336,460.49,0,1.02816,0,0,5.89318,4.86502,1.028160,1,0,170.213,0,0,0,170.213,0
72.29,2.30173,0,0,4.19564,0.322479,1.57143,3.6288,61.308,0.546539,0,0,2.33424,0.17694,1.61076,0.66528,12.849,1,0.409115,1.57143,0,96.971,3.63206,94.5013,0.84672,12.849,0.84672,3695.15,0,0,0,3.22332,1.72437,16.7785,0.938159,20.7881,0.42336,0,0.42336,460.49,0,1.02816,0,0,4.25148,3.22332,1.028160,1,0,116.9,0,0,0,116.9,0
72.29,2.30207,0,0,4.02391,0.322479,1.39936,3.6288,61.308,0.546772,0,0,2.73063,0.17694,2.00692,0.66528,12.849,1,0.409176,1.39936,0,96.1321,3.63206,93.4902,0.84672,12.849,0.84672,3695.15,0,0,0,3.17398,1.72462,12.9972,0.938159,16.9576,0.42336,0,0.42336,460.49,0,1.02816,0,0,4.20214,3.17398,1.028160,1,0,112.455,0,0,0,112.455,0
72.29,2.30241,0,0,6.9269,0.320431,4.30406,3.6288,61.308,0.547006,0,0,4.21983,0.159759,3.51306,0.66528,12.849,1,0.409236,4.30406,0,200.947,3.36309,201.479,0.84672,12.849,0.84672,3695.15,0,0,0,7.10511,1.72488,30.6551,0.892094,38.593,0.42336,0,0.42336,460.49,0,1.02816,0,0,8.13327,7.10511,1.028160,1,0,243.585,0,0,0,243.585,0
72.29,2.30275,0,0,6.41012,0.318844,3.78852,3.6288,61.308,0.547239,0,0,3.80133,0.148603,3.10549,0.66528,12.849,1,0.409297,3.78852,0,190.94,3.21219,191.107,0.84672,12.849,0.84672,3695.15,0,0,0,6.90587,1.72514,22.4181,0.860398,30.1887,0.42336,0,0.42336,460.49,0,1.02816,0,0,7.93403,6.90587,1.028160,1,0,224.401,0,0,0,224.401,0
72.29,2.38724,0,0,7.34169,0.321706,4.63274,3.6288,61.308,0.610843,0,0,3.48865,0.177985,2.69982,0.66528,12.849,1,0.424315,4.63274,0,213.698,3.73149,214.175,0.84672,12.849,0.84672,3695.15,0,0,0,4.95642,1.72539,25.8085,0.934708,31.5557,0.42336,0,0.42336,460.49,0,1.02816,0,0,5.98458,4.95642,1.028160,1,0,248.431,0,0,0,248.431,0
72.29,2.3876,0,0,6.02833,0.321706,3.31902,3.6288,61.308,0.611086,0,0,3.04821,0.177985,2.25914,0.66528,12.849,1,0.424378,3.31902,0,156.954,3.73149,156.117,0.84672,12.849,0.84672,3695.15,0,0,0,5.38993,1.79318,18.8824,0.934708,25.1308,0.42336,0,0.42336,460.49,0,1.02816,0,0,6.41809,5.38993,1.028160,1,0,183.507,0,0,0,183.507,0
72.29,2.38795,0,0,4.81299,0.268894,2.15614,3.6288,61.308,0.611329,0,0,2.12032,0.172157,1.33683,0.66528,12.849,1,0.42444,2.15614,0,141.017,4.07746,138.671,0.84672,12.849,0.84672,3695.15,0,0,0,3.15543,1.79345,13.3168,0.957205,17.3085,0.42336,0,0.42336,460.49,0,1.02816,0,0,4.18359,3.15543,1.028160,1,0,157.316,0,0,0,157.316,0
72.29,2.38831,0,0,4.15087,0.268894,1.49367,3.6288,61.308,0.611572,0,0,1.84419,0.172157,1.06046,0.66528,12.849,1,0.424503,1.49367,0,119.023,4.07746,116.015,0.84672,12.849,0.84672,3695.15,0,0,0,2.34795,1.79371,11.6675,0.957205,14.8519,0.42336,0,0.42336,460.49,0,1.02816,0,0,3.37611,2.34795,1.028160,1,0,131.927,0,0,0,131.927,0
72.29,2.35574,0,0,4.58247,0.260968,1.96576,3.6288,61.308,0.587188,0,0,2.37317,0.209044,1.57694,0.66528,12.849,1,0.418715,1.96576,0,123.848,3.94307,121.452,0.84672,12.849,0.84672,3695.15,0,0,0,3.50704,1.79398,12.0525,0.994781,16.3587,0.42336,0,0.42336,460.49,0,1.02816,0,0,4.5352,3.50704,1.028160,1,0,139.388,0,0,0,139.388,0
72.29,2.35609,0,0,3.66543,0.260968,1.04837,3.6288,61.308,0.587427,0,0,1.76819,0.209044,0.971722,0.66528,12.849,1,0.418777,1.04837,0,108.422,3.94307,105.109,0.84672,12.849,0.84672,3695.15,0,0,0,3.21147,1.76795,10.6521,0.994781,14.6367,0.42336,0,0.42336,460.49,0,1.02816,0,0,4.23963,3.21147,1.028160,1,0,120.717,0,0,0,120.717,0
72.29,2.35644,0,0,3.34242,0.260968,0.725015,3.6288,61.308,0.587666,0,0,1.39641,0.209044,0.599703,0.66528,12.849,1,0.418839,0.725015,0,74.2573,3.94307,70.6205,0.84672,12.849,0.84672,3695.15,0,0,0,2.25911,1.76821,8.88926,0.994781,11.9218,0.42336,0,0.42336,460.49,0,1.02816,0,0,3.28727,2.25911,1.028160,1,0,83.142,0,0,0,83.142,0
72.29,2.35679,0,0,2.96591,0.227894,0.381233,3.6288,61.308,0.587906,0,0,1.30637,0.216536,0.501926,0.66528,12.849,1,0.418901,0.381233,0,65.9534,4.09341,61.8224,0.84672,12.849,0.84672,3695.15,0,0,0,2.01489,1.76847,8.417,1.04812,11.1522,0.42336,0,0.42336,460.49,0,1.02816,0,0,3.04305,2.01489,1.028160,1,0,73.4765,0,0,0,73.4765,0
72.29,2.46895,0,0,3.21116,0.179011,0.563198,3.6288,61.308,0.66528,0,0,1.47832,0.245471,0.56757,0.66528,12.849,1,0.438837,0.563198,0,95.9092,4.38591,91.6476,0.84672,12.849,0.84672,3695.15,0,0,0,2.45672,1.76874,9.23944,1.11142,12.3535,0.42336,0,0.42336,460.49,0,1.02816,0,0,3.48488,2.45672,1.028160,1,0,104.569,0,0,0,104.569,0
72.29,2.46932,0,0,3.07019,0.175422,0.425451,3.6288,61.308,0.66528,0,0,1.48622,0.25968,0.561259,0.66528,12.849,1,0.438902,0.425451,0,66.8537,4.45494,62.3853,0.84672,12.849,0.84672,3695.15,0,0,0,2.44409,1.86119,8.58643,1.10555,11.7862,0.42336,0,0.42336,460.49,0,1.02816,0,0,3.47225,2.44409,1.028160,1,0,74.7328,0,0,0,74.7328,0
72.29,2.46968,0,0,3.1248,0.175422,0.479698,3.6288,61.308,0.66528,0,0,1.69352,0.25968,0.768558,0.66528,12.849,1,0.438967,0.479698,0,66.1625,4.45494,61.7483,0.84672,12.849,0.84672,3695.15,0,0,0,1.96159,1.86147,8.33449,1.10555,11.052,0.42336,0,0.42336,460.49,0,1.02816,0,0,2.98975,1.96159,1.028160,1,0,73.5689,0,0,0,73.5689,0
71.9283,2.47005,0,0,2.64665,0.175422,0.36288,3.6288,61.308,0.66528,0,0,1.2629,0.25968,0.33794,0.66528,12.849,1,0.439032,0.36288,0,67.5389,4.45494,63.0078,0.84672,12.849,0.84672,3695.15,0,0,0,1.56941,1.86174,7.62437,1.10555,9.94997,0.42336,0,0.42336,460.49,0,1.02816,0,0,2.59757,1.56941,1.028160,1,0,73.2957,0,0,0,73.2957,0
71.584,2.46854,0,0,2.61684,0.129765,0.36288,3.6288,61.308,0.66528,0,0,1.06435,0.266347,0.132726,0.66528,12.849,1,0.440971,0.36288,0,61.215,4.94904,56.1879,0.84672,12.849,0.84672,3695.15,0,0,0,1.1272,1.86202,7.02423,1.26985,8.7436,0.42336,0,0.42336,460.49,0,1.02816,0,0,2.15536,1.1272,1.028160,1,0,65.0642,0,0,0,65.0642,0
71.5382,2.44501,0,0,2.88387,0.121752,0.36288,3.6288,61.2884,0.66528,0,0,0.922251,0.276599,0,0.66528,12.849,1,0.438869,0.36288,0,48.3915,5.1618,43.1537,0.84672,12.849,0.84672,3695.15,0,0,0,1.04962,1.86229,6.93619,1.29558,8.55253,0.42336,0,0.42336,460.49,0,1.02816,0,0,2.07778,1.04962,1.028160,1,0,51.7063,0,0,0,51.7063,0
71.2972,2.44514,0,0,2.68872,0.12171,0.36288,3.6288,61.2327,0.66528,0,0,0.886162,0.276565,0,0.66528,12.849,1,0.439172,0.36288,0,47.7516,5.1618,42.5135,0.84672,12.849,0.84672,3695.15,0,0,0,0.965883,1.89482,7.08756,1.29558,8.65269,0.42336,0,0.42336,460.49,0,1.02816,0,0,1.99404,0.965883,1.028160,1,0,51.1661,0,0,0,51.1661,0
70.8042,2.44424,0,0,2.43561,0.121486,0.36288,3.6288,61.1377,0.66528,0,0,0.846806,0.276468,0,0.66528,12.849,1,0.440495,0.36288,0,46.9276,5.1618,41.6882,0.84672,12.849,0.84672,3695.15,0,0,0,0.866799,1.8951,6.69565,1.29558,8.16197,0.42336,0,0.42336,460.49,0,1.02816,0,0,1.89496,0.866799,1.028160,1,0,49.8502,0,0,0,49.8502,0
70.1006,2.44201,0,0,2.21765,0.116322,0.36288,3.6288,60.986,0.66528,0,0,0.800833,0.287259,0,0.66528,12.849,1,0.443156,0.36288,0,41.31,5.30295,35.9268,0.84672,12.849,0.84672,3695.15,0,0,0,0.685791,1.89538,6.49866,1.3471,7.73273,0.42336,0,0.42336,460.49,0,1.02816,0,0,1.71395,0.685791,1.028160,1,0,43.6595,0,0,0,43.6595,0
69.3825,2.49552,0,0,2.23788,0.0976281,0.36288,3.6288,60.8533,0.66528,0,0,0.853943,0.321404,0,0.66528,12.849,1,0.457413,0.36288,0,42.4364,5.73495,36.6069,0.84672,12.849,0.84672,3695.15,0,0,0,0.994274,1.89566,5.9777,1.48777,7.37987,0.42336,0,0.42336,460.49,0,1.02816,0,0,2.02243,0.994274,1.028160,1,0,43.9868,0,0,0,43.9868,0
68.5297,2.4919,0,0,2.10076,0.0987481,0.36288,3.6288,60.6165,0.66528,0,0,0.744379,0.315928,0,0.66528,12.849,1,0.461476,0.36288,0,36.4567,5.6658,30.6923,0.84672,12.849,0.84672,3695.15,0,0,0,1.14978,1.94168,6.04531,1.45969,7.67708,0.42336,0,0.42336,460.49,0,1.02816,0,0,2.17794,1.14978,1.028160,1,0,38.3693,0,0,0,38.3693,0
67.5451,2.48743,0,0,1.96384,0.0980948,0.36288,3.6288,60.3244,0.66528,0,0,0.688712,0.315454,0,0.66528,12.849,1,0.466381,0.36288,0,34.6649,5.6658,28.8956,0.84672,12.849,0.84672,3695.15,0,0,0,0.962375,1.94197,5.30448,1.45969,6.74914,0.42336,0,0.42336,460.49,0,1.02816,0,0,1.99054,0.962375,1.028160,1,0,35.6447,0,0,0,35.6447,0
66.5403,2.48208,0,0,1.93744,0.0973404,0.36288,3.6288,60.0894,0.66528,0,0,0.745131,0.314869,0,0.66528,12.849,1,0.472163,0.36288,0,32.1657,5.6658,26.3906,0.84672,12.849,0.84672,3695.15,0,0,0,1.09654,1.94225,5.99877,1.45969,7.57787,0.42336,0,0.42336,460.49,0,1.02816,0,0,2.1247,1.09654,1.028160,1,0,33.9685,0,0,0,33.9685,0
66.0562,2.38841,0,0,2.3625,0.0952672,0.36288,3.6288,59.9863,0.66528,0,0,0.871085,0.308888,0,0.66528,12.849,1,0.461205,0.36288,0,38.5994,5.78057,32.7205,0.84672,12.849,0.84672,3695.15,0,0,0,1.31035,1.94254,6.82806,1.53979,8.54116,0.42336,0,0.42336,460.49,0,1.02816,0,0,2.33851,1.31035,1.028160,1,0,41.2616,0,0,0,41.2616,0
65.0714,2.38597,0,0,1.87947,0.115471,0.36288,3.6288,59.6106,0.66528,0,0,0.605248,0.315668,0,0.66528,12.849,1,0.46411,0.36288,0,48.7248,5.60343,43.0202,0.84672,12.849,0.84672,3695.15,0,0,0,0.517147,2.27637,3.73283,1.56055,4.96581,0.42336,0,0.42336,460.49,0,1.02816,0,0,1.54531,0.517147,1.028160,1,0,47.986,0,0,0,47.986,0
64.4393,2.3805,0,0,2.2259,0.114566,0.36288,3.6288,59.5543,0.66528,0,0,0.923886,0.314912,0,0.66528,12.849,1,0.470053,0.36288,0,41.8217,5.60343,36.1111,0.84672,12.849,0.84672,3695.15,0,0,0,1.29644,2.27668,5.04795,1.56055,7.06053,0.42336,0,0.42336,460.49,0,1.02816,0,0,2.3246,1.29644,1.028160,1,0,43.1717,0,0,0,43.1717,0
63.4416,2.37704,0,0,1.85973,0.117562,0.36288,3.6288,59.2727,0.66528,0,0,0.678024,0.294344,0,0.66528,12.849,1,0.473975,0.36288,0,38.1646,5.04889,33.0046,0.84672,12.849,0.84672,3695.15,0,0,0,0.805879,2.27699,5.22986,1.34468,6.96805,0.42336,0,0.42336,460.49,0,1.02816,0,0,1.83404,0.805879,1.028160,1,0,39.9727,0,0,0,39.9727,0
62.4707,2.37123,0,0,1.89803,0.134805,0.36288,3.6288,59.0239,0.66528,0,0,0.675067,0.25867,0,0.66528,12.849,1,0.480252,0.36288,0,27.1312,4.35399,22.6599,0.84672,12.849,0.84672,3695.15,0,0,0,0.712273,2.27731,5.62188,1.09633,7.51513,0.42336,0,0.42336,460.49,0,1.02816,0,0,1.74043,0.712273,1.028160,1,0,30.175,0,0,0,30.175,0
62.5104,2.2856,0,0,2.83751,0.149283,0.36288,3.6288,59.0218,0.66528,0,0,0.92162,0.258422,0,0.66528,12.849,1,0.470104,0.36288,0,44.2879,5.00735,39.1734,0.84672,12.849,0.84672,3695.15,0,0,0,1.11879,2.27762,6.21743,1.46586,8.14798,0.42336,0,0.42336,460.49,0,1.02816,0,0,2.14695,1.11879,1.028160,1,0,47.3214,0,0,0,47.3214,0
60.9872,2.28623,0,0,1.27522,0.149332,0.36288,3.6288,58.5624,0.740336,0,0,0.539328,0.258418,0,0.66528,12.849,1,0.469934,0.36288,0,38.0323,5.00735,32.9179,0.84672,12.849,0.84672,3695.15,0,0,0,0.216518,2.18725,3.36108,1.46586,4.29899,0.42336,0,0.42336,460.49,0,0.953104,0,0,1.16962,0.216518,1.028160,1,0,37.2169,0,0,0,37.2169,0
59.643,2.27691,0,0,1.44307,0.147468,0.36288,3.6288,58.1279,0.808989,0,0,0.632208,0.257657,0,0.66528,12.849,1,0.479707,0.36288,0,30.5307,5.00735,25.4066,0.84672,12.849,0.84672,3695.15,0,0,0,0.216518,2.18755,3.74269,1.46586,4.6809,0.42336,0,0.42336,460.49,0,0.884451,0,0,1.10097,0.216518,1.028160,1,0,30.0875,0,0,0,30.0875,0
60.8914,2.26839,0,0,4.14093,0.261263,0.36288,3.6288,58.3535,0.66528,0,0,1.16199,0.271083,0,0.66528,12.849,1,0.488682,0.36288,0,50.6623,4.26141,46.2751,0.84672,12.849,0.84672,3695.15,0,0,0,1.81534,2.18784,8.35476,1.29389,11.0641,0.42336,0,0.42336,460.49,0,1.02816,0,0,2.8435,1.81534,1.028160,1,0,57.3391,0,0,0,57.3391,0
59.9867,2.21176,0,0,1.91214,0.242231,0.36288,3.6288,57.6719,0.926156,0,0,0.475131,0.230649,0,0.66528,12.849,1,0.466715,0.36288,0,43.0561,4.37553,38.5768,0.84672,12.849,0.84672,3695.15,0,0,0,0.216518,2.18814,3.37681,1.1127,4.66877,0.42336,0,0.42336,460.49,0,0.767284,0,0,0.983802,0.216518,1.028160,1,0,43.2455,0,0,0,43.2455,0
58.4322,2.20633,0,0,1.24973,0.235041,0.36288,3.6288,56.8699,0.905152,0,0,0.31442,0.211251,0,0.66528,12.849,1,0.47259,0.36288,0,21.8624,4.38669,17.366,0.84672,12.849,0.84672,3695.15,0,0,0,0.216518,2.10746,2.80185,1.03901,4.08681,0.42336,0,0.42336,460.49,0,0.788288,0,0,1.00481,0.216518,1.028160,1,0,21.4528,0,0,0,21.4528,0
58.8191,2.19638,0,0,3.17774,0.231546,0.36288,3.6288,57.0011,0.66528,0,0,1.00663,0.210155,0,0.66528,12.849,1,0.482976,0.36288,0,60.9943,4.38669,56.4875,0.84672,12.849,0.84672,3695.15,0,0,0,2.02935,2.10775,6.54796,1.03901,9.64604,0.42336,0,0.42336,460.49,0,1.02816,0,0,3.05751,2.02935,1.028160,1,0,66.1335,0,0,0,66.1335,0
59.7434,2.19935,0,0,3.73937,0.252808,0.36288,3.6288,57.4391,0.66528,0,0,1.29838,0.195098,0,0.66528,12.849,1,0.480448,0.36288,0,72.7733,4.16904,68.4866,0.84672,12.849,0.84672,3695.15,0,0,0,0.966375,2.10803,6.63409,0.977361,8.73114,0.42336,0,0.42336,460.49,0,1.02816,0,0,1.99454,0.966375,1.028160,1,0,77.2178,0,0,0,77.2178,0
60.2566,2.02097,0,0,3.16149,0.264456,0.36288,3.6288,57.6094,0.66528,0,0,1.03531,0.199685,0,0.66528,12.849,1,0.434649,0.36288,0,57.9764,4.22632,53.6783,0.84672,12.849,0.84672,3695.15,0,0,0,1.3932,2.10832,6.26821,0.938978,8.83075,0.42336,0,0.42336,460.49,0,1.02816,0,0,2.42136,1.3932,1.028160,1,0,62.509,0,0,0,62.509,0
61.0669,2.02436,0,0,3.4511,0.253525,0.36288,3.6288,57.6025,0.66528,0,0,0.881781,0.223421,0,0.66528,12.849,1,0.43167,0.36288,0,59.354,4.70809,54.5771,0.84672,12.849,0.84672,3695.15,0,0,0,1.0054,1.92863,7.26684,1.14327,9.05761,0.42336,0,0.42336,460.49,0,1.02816,0,0,2.03356,1.0054,1.028160,1,0,63.6347,0,0,0,63.6347,0
62.1836,2.27926,0,0,4.01408,0.255257,0.36288,3.6288,58.5354,0.570569,0,0,1.72682,0.223411,0,0.66528,12.849,1,0.479575,0.36288,0,66.0932,4.70809,61.2684,0.84672,12.849,0.84672,3695.15,0,0,0,1.12708,1.92889,8.17759,1.14327,10.0903,0.42336,0,0.42336,460.49,0,1.02816,0,0,2.15524,1.12708,1.028160,1,0,71.3587,0,0,0,71.3587,0
65.1928,2.28674,0,0,5.91244,0.253671,0.36288,3.6288,60.2757,0.570806,0,0,2.53737,0.226205,0,0.66528,12.849,1,0.472508,0.36288,0,158.808,4.49557,154.203,0.84672,12.849,0.84672,3695.15,0,0,0,2.74361,1.75218,10.2075,1.117,13.5863,0.42336,0,0.42336,460.49,0,1.02816,0,0,3.77177,2.74361,1.028160,1,0,167.789,0,0,0,167.789,0
67.4626,2.3053,0,0,5.1878,0.249824,0.36288,3.6288,60.976,0.571043,0,0,1.50367,0.232391,0,0.66528,12.849,1,0.454356,0.36288,0,88.7449,3.96427,84.6891,0.84672,12.849,0.84672,3695.15,0,0,0,2.18017,1.75244,8.60829,1.05135,11.4896,0.42336,0,0.42336,460.49,0,1.02816,0,0,3.20833,2.18017,1.028160,1,0,96.1787,0,0,0,96.1787,0
68.9422,2.39111,0,0,4.50166,0.268103,0.36288,3.6288,61.2944,0.622992,0,0,1.13835,0.196938,0,0.66528,12.849,1,0.455413,0.36288,0,98.5954,3.40347,95.0994,0.84672,12.849,0.84672,3695.15,0,0,0,0.503643,1.7527,4.81543,0.897186,6.17459,0.42336,0,0.42336,460.49,0,1.02816,0,0,1.5318,0.503643,1.028160,1,0,101.274,0,0,0,101.274,0
72.29,2.39968,0,0,9.08092,0.271227,3.06218,3.6288,61.308,0.623226,0,0,1.96803,0.197335,1.13384,0.66528,12.849,1,0.447238,3.06218,0,116.198,3.40347,115.409,0.84672,12.849,0.84672,3695.15,0,0,0,2.00022,1.80912,15.6813,0.897186,18.5934,0.42336,0,0.42336,460.49,0,1.02816,0,0,3.02838,2.00022,1.028160,1,0,135.136,0,0,0,135.136,0
72.29,2.41761,0,0,4.47838,0.278296,1.78247,3.6288,61.308,0.62346,0,0,0.946028,0.197352,0.125216,0.66528,12.849,1,0.429712,1.78247,0,91.6341,3.40347,89.5834,0.84672,12.849,0.84672,3695.15,0,0,0,1.27602,1.80937,9.40542,0.897186,11.5936,0.42336,0,0.42336,460.49,0,1.02816,0,0,2.30418,1.27602,1.028160,1,0,101.302,0,0,0,101.302,0
72.29,2.41796,0,0,3.62872,0.278296,0.93247,3.6288,61.308,0.623694,0,0,0.82798,0.197352,0.00693378,0.66528,12.849,1,0.429773,0.93247,0,74.6988,3.40347,71.7981,0.84672,12.849,0.84672,3695.15,0,0,0,0.955247,1.80963,7.43679,0.897186,9.30449,0.42336,0,0.42336,460.49,0,1.02816,0,0,1.98341,0.955247,1.028160,1,0,81.1095,0,0,0,81.1095,0
72.29,2.65417,0,0,3.46512,0.34311,0.467833,3.6288,61.308,0.66528,0,0,0.909075,0.209849,0.0339458,0.66528,12.849,1,0.471759,0.467833,0,52.9071,4.22001,48.6832,0.84672,12.849,0.84672,3695.15,0,0,0,0.679139,1.80989,6.11106,1.21992,7.38017,0.42336,0,0.42336,460.49,0,1.02816,0,0,1.7073,0.679139,1.028160,1,0,56.0973,0,0,0,56.0973,0
72.29,2.65455,0,0,3.42432,0.329729,0.440039,3.6288,61.0628,0.825604,0,0,0.79348,0.213056,0,0.66528,12.849,1,0.471826,0.440039,0,43.2333,4.47867,38.7229,0.84672,12.849,0.84672,3695.15,0,0,0,0.503194,2.01228,4.57969,1.26404,5.83113,0.42336,0,0.42336,460.49,0,0.867836,0,0,1.37103,0.503194,1.028160,1,0,44.554,0,0,0,44.554,0
72.29,2.65493,0,0,5.48398,0.329729,2.49933,3.6288,61.308,0.66528,0,0,1.253,0.212726,0.129814,0.66528,12.849,1,0.471893,2.49933,0,111.572,4.47867,109.121,0.84672,12.849,0.84672,3695.15,0,0,0,0.878213,2.01257,13.6684,1.26404,15.2951,0.42336,0,0.42336,460.49,0,1.02816,0,0,1.90637,0.878213,1.028160,1,0,124.545,0,0,0,124.545,0
72.29,2.6553,0,0,5.14622,0.329254,2.16166,3.6288,61.308,0.66528,0,0,1.10963,0.1582,0.286147,0.66528,12.849,1,0.47196,2.16166,0,109.969,4.01783,107.641,0.84672,12.849,0.84672,3695.15,0,0,0,0.897618,2.01285,7.32385,1.04165,9.19267,0.42336,0,0.42336,460.49,0,1.02816,0,0,1.92578,0.897618,1.028160,1,0,117.12,0,0,0,117.12,0
72.29,2.31905,0,0,5.78758,0.309375,3.15915,3.6288,61.308,0.558391,0,0,1.34752,0.202492,0.586637,0.66528,12.849,1,0.412194,3.15915,0,95.4988,4.60678,93.639,0.84672,12.849,0.84672,3695.15,0,0,0,1.29072,2.01314,10.2507,1.18649,12.368,0.42336,0,0.42336,460.49,0,1.02816,0,0,2.31888,1.29072,1.028160,1,0,106.594,0,0,0,106.594,0
72.29,2.31938,0,0,6.336,0.294126,3.72249,3.6288,61.308,0.558615,0,0,1.889,0.196529,1.13385,0.66528,12.849,1,0.412253,3.72249,0,99.7894,4.71933,98.3803,0.84672,12.849,0.84672,3695.15,0,0,0,1.76289,1.7376,13.1394,1.13627,15.5036,0.42336,0,0.42336,460.49,0,1.02816,0,0,2.79105,1.76289,1.028160,1,0,115.018,0,0,0,115.018,0
72.29,2.31971,0,0,5.67869,0.293991,3.06499,3.6288,61.308,0.55884,0,0,1.60024,0.180856,0.860545,0.66528,12.849,1,0.412311,3.06499,0,88.5885,4.58766,86.6535,0.84672,12.849,0.84672,3695.15,0,0,0,1.34456,1.73785,11.7972,1.07273,13.8069,0.42336,0,0.42336,460.49,0,1.02816,0,0,2.37272,1.34456,1.028160,1,0,101.321,0,0,0,101.321,0
72.29,2.32004,0,0,6.57894,0.293991,3.96491,3.6288,61.308,0.559065,0,0,1.60276,0.180856,0.862843,0.66528,12.849,1,0.412369,3.96491,0,104.237,4.58766,103.202,0.84672,12.849,0.84672,3695.15,0,0,0,1.23512,1.7381,11.884,1.07273,13.7845,0.42336,0,0.42336,460.49,0,1.02816,0,0,2.26328,1.23512,1.028160,1,0,117.849,0,0,0,117.849,0
72.29,2.32037,0,0,5.70585,0.295694,3.08979,3.6288,61.308,0.55929,0,0,1.36738,0.191511,0.616575,0.66528,12.849,1,0.412428,3.08979,0,90.0798,4.45657,88.3006,0.84672,12.849,0.84672,3695.15,0,0,0,0.844595,1.73834,9.75067,1.08049,11.2531,0.42336,0,0.42336,460.49,0,1.02816,0,0,1.87275,0.844595,1.028160,1,0,100.17,0,0,0,100.17,0
72.29,2.40549,0,0,4.07036,0.2724,1.39248,3.6288,61.308,0.769204,0,0,0.999,0.210667,0.0191292,0.66528,12.849,1,0.427557,1.39248,0,74.3455,4.96514,70.3453,0.84672,12.849,0.84672,3695.15,0,0,0,0.558835,1.73859,5.38885,1.12916,6.55711,0.42336,0,0.42336,460.49,0,0.882325,0,0,1.44116,0.558835,1.028160,1,0,76.9215,0,0,0,76.9215,0
72.29,2.40583,0,0,3.69833,0.2724,1.0201,3.6288,60.966,0.903945,0,0,0.772649,0.210667,0,0.66528,12.849,1,0.427618,1.0201,0,63.5761,4.96514,59.2034,0.84672,12.849,0.84672,3695.15,0,0,0,0.528595,1.80688,4.70636,1.12916,5.91267,0.42336,0,0.42336,460.49,0,0.747818,0,0,1.27641,0.528595,1.028160,1,0,65.1161,0,0,0,65.1161,0
72.29,2.40617,0,0,5.7326,0.2724,3.05403,3.6288,61.308,0.623837,0,0,1.34777,0.210212,0.171759,0.66528,12.849,1,0.427679,3.05403,0,100.676,4.96514,98.3371,0.84672,12.849,0.84672,3695.15,0,0,0,1.2076,1.80714,8.73787,1.12916,10.6234,0.42336,0,0.42336,460.49,0,1.02816,0,0,2.23576,1.2076,1.028160,1,0,109.132,0,0,0,109.132,0
72.29,2.40651,0,0,4.09051,0.231841,1.45216,3.6288,61.308,0.624071,0,0,0.883544,0.233577,0.0258956,0.66528,12.849,1,0.427739,1.45216,0,85.6449,4.91832,81.751,0.84672,12.849,0.84672,3695.15,0,0,0,0.533166,1.8074,5.58859,1.1901,6.73904,0.42336,0,0.42336,460.49,0,1.02816,0,0,1.56133,0.533166,1.028160,1,0,88.5159,0,0,0,88.5159,0
72.29,2.37368,0,0,3.691,0.176014,1.14131,3.6288,61.308,0.59949,0,0,0.961597,0.241582,0.120525,0.66528,12.849,1,0.421904,1.14131,0,65.7409,4.05408,62.4062,0.84672,12.849,0.84672,3695.15,0,0,0,0.620292,1.80765,5.00898,1.20491,6.23202,0.42336,0,0.42336,460.49,0,1.02816,0,0,1.64845,0.620292,1.028160,1,0,68.7588,0,0,0,68.7588,0
72.29,2.37402,0,0,3.28261,0.17225,0.736346,3.6288,61.308,0.599721,0,0,1.09973,0.239675,0.260338,0.66528,12.849,1,0.421963,0.736346,0,59.7109,3.94307,56.0822,0.84672,12.849,0.84672,3695.15,0,0,0,0.851723,1.78142,5.34903,1.19829,6.78388,0.42336,0,0.42336,460.49,0,1.02816,0,0,1.87988,0.851723,1.028160,1,0,63.1264,0,0,0,63.1264,0
72.29,2.37435,0,0,3.07658,0.17225,0.529981,3.6288,61.308,0.599952,0,0,0.941103,0.239675,0.101477,0.66528,12.849,1,0.422023,0.529981,0,56.5194,3.94307,52.6843,0.84672,12.849,0.84672,3695.15,0,0,0,0.500195,1.78167,5.06362,1.19829,6.1472,0.42336,0,0.42336,460.49,0,1.02816,0,0,1.52836,0.500195,1.028160,1,0,58.933,0,0,0,58.933,0
72.29,2.37469,0,0,3.64204,0.147922,1.11943,3.6288,61.308,0.600182,0,0,0.935055,0.251544,0.0833293,0.66528,12.849,1,0.422083,1.11943,0,59.789,4.87876,55.6075,0.84672,12.849,0.84672,3695.15,0,0,0,0.577904,1.78192,6.6675,1.23518,7.79215,0.42336,0,0.42336,460.49,0,1.02816,0,0,1.60606,0.577904,1.028160,1,0,63.483,0,0,0,63.483,0
72.0085,2.48769,0,0,2.68797,0.118859,0.36288,3.6288,61.245,0.66528,0,0,0.863335,0.261035,0,0.66528,12.849,1,0.442168,0.36288,0,43.3979,5.3748,37.9438,0.84672,12.849,0.84672,3695.15,0,0,0,0.525061,1.78217,5.01932,1.19787,6.12869,0.42336,0,0.42336,460.49,0,1.02816,0,0,1.55322,0.525061,1.028160,1,0,44.0725,0,0,0,44.0725,0
71.532,2.48657,0,0,2.47717,0.104215,0.36288,3.6288,61.1161,0.66528,0,0,0.79806,0.261718,0,0.66528,12.849,1,0.443697,0.36288,0,39.0985,5.10048,33.9172,0.84672,12.849,0.84672,3695.15,0,0,0,0.456538,1.87532,4.92365,1.11123,6.14427,0.42336,0,0.42336,460.49,0,1.02816,0,0,1.4847,0.456538,1.028160,1,0,40.0615,0,0,0,40.0615,0
70.991,2.48442,0,0,2.41006,0.103837,0.36288,3.6288,60.9988,0.66528,0,0,0.809508,0.261504,0,0.66528,12.849,1,0.446266,0.36288,0,37.1523,5.10048,31.9685,0.84672,12.849,0.84672,3695.15,0,0,0,0.576884,1.87558,4.68876,1.11123,6.02999,0.42336,0,0.42336,460.49,0,1.02816,0,0,1.60504,0.576884,1.028160,1,0,37.9985,0,0,0,37.9985,0
70.2116,2.48189,0,0,2.1883,0.122883,0.36288,3.6288,60.8395,0.66528,0,0,0.761996,0.256053,0,0.66528,12.849,1,0.44921,0.36288,0,35.0133,4.76202,30.1649,0.84672,12.849,0.84672,3695.15,0,0,0,0.527766,1.87585,4.2898,1.12429,5.56913,0.42336,0,0.42336,460.49,0,1.02816,0,0,1.55593,0.527766,1.028160,1,0,35.734,0,0,0,35.734,0
69.4375,2.47803,0,0,2.16433,0.0974944,0.36288,3.6288,60.6484,0.66528,0,0,0.739601,0.265341,0,0.66528,12.849,1,0.453489,0.36288,0,33.3874,4.71659,28.5802,0.84672,12.849,0.84672,3695.15,0,0,0,0.522997,1.87611,3.95835,1.16675,5.1907,0.42336,0,0.42336,460.49,0,1.02816,0,0,1.55116,0.522997,1.028160,1,0,33.7709,0,0,0,33.7709,0
68.9966,2.45195,0,0,2.46547,0.0915343,0.36288,3.6288,60.2645,0.74838,0,0,0.623436,0.259024,0,0.66528,12.849,1,0.453719,0.36288,0,35.4828,5.29389,30.0981,0.84672,12.849,0.84672,3695.15,0,0,0,0.30119,1.87638,2.65011,1.16283,3.66485,0.42336,0,0.42336,460.49,0,0.94506,0,0,1.24625,0.30119,1.028160,1,0,33.763,0,0,0,33.763,0
68.5609,2.44986,0,0,2.46817,0.0912213,0.36288,3.6288,59.9335,0.674603,0,0,0.602028,0.258392,0,0.66528,12.849,1,0.456228,0.36288,0,33.5035,5.29389,28.1163,0.84672,12.849,0.84672,3695.15,0,0,0,0.261274,1.90914,2.81343,1.16283,3.82101,0.42336,0,0.42336,460.49,0,1.01884,0,0,1.28011,0.261274,1.028160,1,0,31.9373,0,0,0,31.9373,0
68.0231,2.44776,0,0,2.35446,0.0816155,0.36288,3.6288,59.5814,0.666602,0,0,0.58773,0.273258,0,0.66528,12.849,1,0.458735,0.36288,0,31.5052,5.51106,25.8983,0.84672,12.849,0.84672,3695.15,0,0,0,0.261274,1.90941,2.81796,1.23633,3.75232,0.42336,0,0.42336,460.49,0,1.02684,0,0,1.28811,0.261274,1.028160,1,0,29.6506,0,0,0,29.6506,0
67.2171,2.44506,0,0,2.06042,0.0584279,0.36288,3.6288,59.0377,0.791925,0,0,0.555301,0.307106,0,0.66528,12.849,1,0.461851,0.36288,0,29.6044,6.25738,23.248,0.84672,12.849,0.84672,3695.15,0,0,0,0.261274,1.90968,2.74222,1.49552,3.41766,0.42336,0,0.42336,460.49,0,0.901515,0,0,1.16279,0.261274,1.028160,1,0,26.6657,0,0,0,26.6657,0
66.2566,2.49772,0,0,1.95399,0.0538739,0.36288,3.6288,58.2472,0.946123,0,0,0.467301,0.311658,0,0.66528,12.849,1,0.477455,0.36288,0,24.4534,6.35676,17.9821,0.84672,12.849,0.84672,3695.15,0,0,0,0.261274,1.90995,2.4707,1.53719,3.10474,0.42336,0,0.42336,460.49,0,0.747317,0,0,1.00859,0.261274,1.028160,1,0,21.0868,0,0,0,21.0868,0
65.6205,2.23899,0,0,2.01734,0.0516472,0.36288,3.6288,57.5462,0.847593,0,0,0.46104,0.314416,0,0.66528,12.849,1,0.434202,0.36288,0,31.7711,6.28803,25.4117,0.84672,12.849,0.84672,3695.15,0,0,0,0.261274,1.9563,2.68645,1.51362,3.3904,0.42336,0,0.42336,460.49,0,0.845847,0,0,1.10712,0.261274,1.028160,1,0,28.8021,0,0,0,28.8021,0
64.8518,2.23582,0,0,1.88146,0.0513859,0.36288,3.6288,56.8136,0.82798,0,0,0.408355,0.312995,0,0.66528,12.849,1,0.437791,0.36288,0,25.1339,6.28803,18.771,0.84672,12.849,0.84672,3695.15,0,0,0,0.227405,2.13354,2.45211,1.51362,3.29943,0.42336,0,0.42336,460.49,0,0.86546,0,0,1.09286,0.227405,1.028160,1,0,22.0704,0,0,0,22.0704,0
63.9174,2.23184,0,0,1.71138,0.0510703,0.36288,3.6288,55.8866,0.999009,0,0,0.383573,0.311511,0,0.66528,12.849,1,0.442192,0.36288,0,23.1114,6.28803,16.7441,0.84672,12.849,0.84672,3695.15,0,0,0,0.227405,2.13382,2.24421,1.51362,3.09181,0.42336,0,0.42336,460.49,0,0.694431,0,0,0.921836,0.227405,1.028160,1,0,19.8359,0,0,0,19.8359,0
63.0804,2.39235,0,0,1.9612,0.043025,0.36288,3.6288,55.2784,0.7473,0,0,0.443739,0.304657,0,0.66528,12.849,1,0.480921,0.36288,0,23.7119,6.31827,17.2756,0.84672,12.849,0.84672,3695.15,0,0,0,0.227405,2.1341,3.15535,1.51995,3.99691,0.42336,0,0.42336,460.49,0,0.94614,0,0,1.17355,0.227405,1.028160,1,0,21.2725,0,0,0,21.2725,0
62.3699,2.38742,0,0,2.09544,0.0556178,0.36288,3.6288,54.4303,0.964155,0,0,0.389634,0.273619,0,0.66528,12.849,1,0.486299,0.36288,0,23.8594,5.87044,17.8656,0.84672,12.849,0.84672,3695.15,0,0,0,0.227405,2.29213,2.62048,1.43119,3.70882,0.42336,0,0.42336,460.49,0,0.729285,0,0,0.95669,0.227405,1.028160,1,0,21.5744,0,0,0,21.5744,0
61.4074,2.3832,0,0,1.83884,0.0552955,0.36288,3.6288,53.5503,0.983785,0,0,0.375894,0.272094,0,0.66528,12.849,1,0.490969,0.36288,0,30.3299,5.87044,24.3313,0.84672,12.849,0.84672,3695.15,0,0,0,0.204422,2.29243,2.51639,1.43119,3.58205,0.42336,0,0.42336,460.49,0,0.709655,0,0,0.914077,0.204422,1.028160,1,0,27.9134,0,0,0,27.9134,0
60.4904,2.37721,0,0,1.87802,0.0548588,0.36288,3.6288,52.7791,0.931962,0,0,0.431184,0.270412,0,0.66528,12.849,1,0.497411,0.36288,0,26.273,5.87044,20.2681,0.84672,12.849,0.84672,3695.15,0,0,0,0.204422,2.29273,2.61323,1.43119,3.67919,0.42336,0,0.42336,460.49,0,0.761478,0,0,0.9659,0.204422,1.028160,1,0,23.9472,0,0,0,23.9472,0
59.5955,2.37136,0,0,1.89492,0.0555977,0.36288,3.6288,52.2553,0.695987,0,0,0.434454,0.262237,0,0.66528,12.849,1,0.503709,0.36288,0,26.6584,5.6856,20.8319,0.84672,12.849,0.84672,3695.15,0,0,0,0.204422,2.29303,3.34248,1.35923,4.48069,0.42336,0,0.42336,460.49,0,0.997453,0,0,1.20188,0.204422,1.028160,1,0,25.3126,0,0,0,25.3126,0
60.0153,2.28574,0,0,3.15541,0.0870222,0.36288,3.6288,52.0933,0.66528,0,0,0.718771,0.21548,0,0.66528,12.849,1,0.492814,0.36288,0,35.9184,4.4793,31.3091,0.84672,12.849,0.84672,3695.15,0,0,0,0.557617,2.29333,4.04456,1.13471,5.76079,0.42336,0,0.42336,460.49,0,1.02816,0,0,1.58578,0.557617,1.028160,1,0,37.0699,0,0,0,37.0699,0
60.3438,2.28894,0,0,3.06771,0.0873729,0.36288,3.6288,51.9538,0.66528,0,0,0.740966,0.215199,0,0.66528,12.849,1,0.490052,0.36288,0,52.3955,4.4793,47.789,0.84672,12.849,0.84672,3695.15,0,0,0,0.53949,2.20227,3.55519,1.13471,5.16224,0.42336,0,0.42336,460.49,0,1.02816,0,0,1.56765,0.53949,1.028160,1,0,52.9512,0,0,0,52.9512,0
60.0824,2.2915,0,0,2.48062,0.0876438,0.36288,3.6288,51.7515,0.66528,0,0,0.677923,0.214957,0,0.66528,12.849,1,0.487929,0.36288,0,26.1566,4.4793,21.5522,0.84672,12.849,0.84672,3695.15,0,0,0,0.563561,2.20255,3.10656,1.13471,4.73796,0.42336,0,0.42336,460.49,0,1.02816,0,0,1.59172,0.563561,1.028160,1,0,26.2902,0,0,0,26.2902,0
59.8234,2.29011,0,0,2.49643,0.102409,0.36288,3.6288,51.603,0.66528,0,0,0.722317,0.205564,0,0.66528,12.849,1,0.489755,0.36288,0,20.5572,4.26089,16.1694,0.84672,12.849,0.84672,3695.15,0,0,0,0.507064,2.20284,3.00961,1.08534,4.63417,0.42336,0,0.42336,460.49,0,1.02816,0,0,1.53522,0.507064,1.028160,1,0,20.8036,0,0,0,20.8036,0
59.4235,2.22317,0,0,2.37966,0.193515,0.36288,3.6288,51.3472,0.66528,0,0,0.579267,0.169795,0,0.66528,12.849,1,0.477497,0.36288,0,27.4358,3.50336,23.8178,0.84672,12.849,0.84672,3695.15,0,0,0,0.328441,2.20313,2.65886,0.884893,4.30554,0.42336,0,0.42336,460.49,0,1.02816,0,0,1.3566,0.328441,1.028160,1,0,28.1234,0,0,0,28.1234,0
60.3388,2.22088,0,0,3.69308,0.194043,0.36288,3.6288,51.5037,0.66528,0,0,1.00518,0.183412,0,0.66528,12.849,1,0.480215,0.36288,0,40.1224,3.91807,36.087,0.84672,12.849,0.84672,3695.15,0,0,0,0.748812,2.12183,4.23457,0.956716,6.1485,0.42336,0,0.42336,460.49,0,1.02816,0,0,1.77697,0.748812,1.028160,1,0,42.2355,0,0,0,42.2355,0
60.5533,2.22723,0,0,3.00033,0.195744,0.36288,3.6288,51.8825,0.66528,0,0,1.22773,0.183645,0,0.66528,12.849,1,0.474284,0.36288,0,36.2828,3.91807,32.2533,0.84672,12.849,0.84672,3695.15,0,0,0,1.79362,2.12211,3.84892,0.956716,6.80794,0.42336,0,0.42336,460.49,0,1.02816,0,0,2.82178,1.79362,1.028160,1,0,39.0613,0,0,0,39.0613,0
60.458,2.22897,0,0,2.72178,0.225238,0.36288,3.6288,51.9331,0.66528,0,0,0.90984,0.193914,0,0.66528,12.849,1,0.472973,0.36288,0,35.5894,4.09205,31.3872,0.84672,12.849,0.84672,3695.15,0,0,0,0.875315,2.12239,4.53553,0.997331,6.5359,0.42336,0,0.42336,460.49,0,1.02816,0,0,1.90347,0.875315,1.028160,1,0,37.9231,0,0,0,37.9231,0
65.1062,2.04208,0,0,7.31512,0.261959,0.36288,3.6288,52.2844,0.66528,0,0,1.22661,0.210023,0,0.66528,12.849,1,0.433998,0.36288,0,104.765,4.24843,100.445,0.84672,12.849,0.84672,3695.15,0,0,0,1.5024,2.12266,6.3839,1.02177,8.98719,0.42336,0,0.42336,460.49,0,1.02816,0,0,2.53056,1.5024,1.028160,1,0,109.432,0,0,0,109.432,0
64.5411,2.32084,0,0,2.38574,0.267107,0.36288,3.6288,52.1264,0.58218,0,0,0.642547,0.218348,0,0.66528,12.849,1,0.458029,0.36288,0,57.3771,4.05951,53.2225,0.84672,12.849,0.84672,3695.15,0,0,0,0.333063,1.94162,3.22295,0.947478,4.55016,0.42336,0,0.42336,460.49,0,1.02816,0,0,1.36122,0.333063,1.028160,1,0,57.7726,0,0,0,57.7726,0
64.9835,2.31783,0,0,3.38905,0.265895,0.36288,3.6288,52.3144,0.582408,0,0,0.988407,0.21807,0,0.66528,12.849,1,0.461438,0.36288,0,63.7611,4.05951,59.6031,0.84672,12.849,0.84672,3695.15,0,0,0,1.08836,1.76491,4.22404,0.947478,6.12983,0.42336,0,0.42336,460.49,0,1.02816,0,0,2.11652,1.08836,1.028160,1,0,65.7329,0,0,0,65.7329,0
67.4392,2.32078,0,0,5.39578,0.256412,0.36288,3.6288,52.2968,0.582636,0,0,0.765858,0.200826,0,0.66528,12.849,1,0.45888,0.36288,0,83.1687,3.79746,79.2753,0.84672,12.849,0.84672,3695.15,0,0,0,0.680797,1.76516,4.34625,0.918522,5.87368,0.42336,0,0.42336,460.49,0,1.02816,0,0,1.70896,0.680797,1.028160,1,0,85.1489,0,0,0,85.1489,0
72.29,2.33514,0,0,9.24146,0.234875,1.82069,3.6288,52.4452,0.582864,0,0,0.88814,0.156869,0,0.66528,12.849,1,0.444908,1.82069,0,78.2957,3.14233,76.5291,0.84672,12.849,0.84672,3695.15,0,0,0,0.841432,1.76541,4.93722,0.846133,6.69793,0.42336,0,0.42336,460.49,0,1.02816,0,0,1.86959,0.841432,1.028160,1,0,83.2271,0,0,0,83.2271,0
72.29,2.43478,0,0,6.52246,0.249559,3.83812,3.6288,52.6908,0.635187,0,0,1.06302,0.182245,0,0.66528,12.849,1,0.432763,3.83812,0,138.245,3.27265,138.378,0.84672,12.849,0.84672,3695.15,0,0,0,1.39387,1.76566,6.28073,0.685627,8.75463,0.42336,0,0.42336,460.49,0,1.02816,0,0,2.42203,1.39387,1.028160,1,0,147.133,0,0,0,147.133,0
72.29,2.43511,0,0,5.89054,0.250511,3.20493,3.6288,52.7971,0.635411,0,0,0.928558,0.186811,0,0.66528,12.849,1,0.432822,3.20493,0,136.463,3.29437,135.94,0.84672,12.849,0.84672,3695.15,0,0,0,0.969987,1.82248,5.6058,0.658876,7.73939,0.42336,0,0.42336,460.49,0,1.02816,0,0,1.99815,0.969987,1.028160,1,0,143.68,0,0,0,143.68,0
72.29,2.43544,0,0,4.83867,0.250511,2.15272,3.6288,52.8963,0.635636,0,0,0.921802,0.18697,0,0.66528,12.849,1,0.43288,2.15272,0,74.0025,3.29437,72.4279,0.84672,12.849,0.84672,3695.15,0,0,0,1.05877,1.82272,4.78023,0.658876,7.00285,0.42336,0,0.42336,460.49,0,1.02816,0,0,2.08693,1.05877,1.028160,1,0,79.4308,0,0,0,79.4308,0
72.29,2.43576,0,0,6.41822,0.262371,3.72009,3.6288,53.0941,0.63586,0,0,1.01614,0.182453,0,0.66528,12.849,1,0.432939,3.72009,0,92.1732,3.33453,92.1259,0.84672,12.849,0.84672,3695.15,0,0,0,1.25581,1.82297,6.79607,0.683233,9.19161,0.42336,0,0.42336,460.49,0,1.02816,0,0,2.28397,1.25581,1.028160,1,0,101.317,0,0,0,101.317,0
72.29,2.6737,0,0,6.59515,0.307627,3.61382,3.6288,53.5588,0.66528,0,0,1.3028,0.172883,0,0.66528,12.849,1,0.475231,3.61382,0,129.491,3.86634,128.763,0.84672,12.849,0.84672,3695.15,0,0,0,1.57404,1.82322,8.97687,0.935356,11.4388,0.42336,0,0.42336,460.49,0,1.02816,0,0,2.6022,1.57404,1.028160,1,0,140.202,0,0,0,140.202,0
72.29,2.67406,0,0,6.55838,0.254386,3.62993,3.6288,54.1258,0.66528,0,0,1.37733,0.144994,0,0.66528,12.849,1,0.475295,3.62993,0,150.873,4.39467,149.633,0.84672,12.849,0.84672,3695.15,0,0,0,1.64357,2.02709,9.01601,0.976523,11.7101,0.42336,0,0.42336,460.49,0,1.02816,0,0,2.67173,1.64357,1.028160,1,0,161.344,0,0,0,161.344,0
72.29,2.67443,0,0,5.14617,0.296294,2.17545,3.6288,54.4472,0.66528,0,0,1.18235,0.195648,0,0.66528,12.849,1,0.475359,2.17545,0,118.182,4.77726,115.105,0.84672,12.849,0.84672,3695.15,0,0,0,1.24244,2.02736,7.54721,1.11006,9.70695,0.42336,0,0.42336,460.49,0,1.02816,0,0,2.2706,1.24244,1.028160,1,0,124.812,0,0,0,124.812,0
72.29,2.67479,0,0,5.66757,0.303279,2.68951,3.6288,55.0265,0.66528,0,0,1.44901,0.204425,0,0.66528,12.849,1,0.475423,2.68951,0,124.469,4.84102,121.842,0.84672,12.849,0.84672,3695.15,0,0,0,1.68721,2.02764,8.51748,1.13232,11.1,0.42336,0,0.42336,460.49,0,1.02816,0,0,2.71537,1.68721,1.028160,1,0,132.942,0,0,0,132.942,0
72.29,2.33606,0,0,3.54796,0.319761,0.892147,3.6288,55.2144,0.570023,0,0,0.968354,0.210515,0,0.66528,12.849,1,0.415216,0.892147,0,93.2394,4.71864,88.9977,0.84672,12.849,0.84672,3695.15,0,0,0,0.971775,2.02791,5.25252,1.12705,7.12515,0.42336,0,0.42336,460.49,0,1.02816,0,0,1.99994,0.971775,1.028160,1,0,96.1229,0,0,0,96.1229,0
72.29,2.33637,0,0,3.54332,0.348244,0.858709,3.6288,55.3154,0.570238,0,0,0.874428,0.203103,0,0.66528,12.849,1,0.415272,0.858709,0,112.657,4.35151,108.749,0.84672,12.849,0.84672,3695.15,0,0,0,0.798232,1.75034,3.91749,1.07662,5.38945,0.42336,0,0.42336,460.49,0,1.02816,0,0,1.82639,0.798232,1.028160,1,0,114.138,0,0,0,114.138,0
72.29,2.33669,0,0,4.89806,0.348244,2.21313,3.6288,55.8279,0.570454,0,0,1.28617,0.203238,0,0.66528,12.849,1,0.415328,2.21313,0,115.824,4.35151,113.27,0.84672,12.849,0.84672,3695.15,0,0,0,1.66232,1.75058,8.70046,1.07662,11.0367,0.42336,0,0.42336,460.49,0,1.02816,0,0,2.69048,1.66232,1.028160,1,0,124.307,0,0,0,124.307,0
72.29,2.337,0,0,3.59148,0.348244,0.906229,3.6288,56.2021,0.57067,0,0,1.14877,0.203922,0,0.66528,12.849,1,0.415384,0.906229,0,112.223,4.35151,108.363,0.84672,12.849,0.84672,3695.15,0,0,0,1.69029,1.75082,5.47112,1.07662,7.83561,0.42336,0,0.42336,460.49,0,1.02816,0,0,2.71845,1.69029,1.028160,1,0,116.198,0,0,0,116.198,0
72.29,2.33732,0,0,6.94672,0.325587,4.28382,3.6288,57.2026,0.570886,0,0,1.76418,0.192778,0,0.66528,12.849,1,0.41544,4.28382,0,145.886,4.17712,145.578,0.84672,12.849,0.84672,3695.15,0,0,0,3.06782,1.75105,12.9656,1.05157,16.7329,0.42336,0,0.42336,460.49,0,1.02816,0,0,4.09598,3.06782,1.028160,1,0,162.311,0,0,0,162.311,0
72.29,2.42304,0,0,4.95075,0.365309,2.1624,3.6288,58.726,0.635422,0,0,2.35557,0.196795,0,0.66528,12.849,1,0.430678,2.1624,0,164.177,4.79083,161.118,0.84672,12.849,0.84672,3695.15,0,0,0,2.87556,1.75129,7.73617,1.17353,11.1895,0.42336,0,0.42336,460.49,0,1.02816,0,0,3.90372,2.87556,1.028160,1,0,172.308,0,0,0,172.308,0
72.29,2.42337,0,0,4.3301,0.365309,1.54142,3.6288,59.5119,0.635647,0,0,1.6203,0.198741,0,0.66528,12.849,1,0.430736,1.54142,0,108.203,4.79083,104.523,0.84672,12.849,0.84672,3695.15,0,0,0,2.0363,1.82007,5.96029,1.17353,8.64313,0.42336,0,0.42336,460.49,0,1.02816,0,0,3.06446,2.0363,1.028160,1,0,113.166,0,0,0,113.166,0
72.29,2.4237,0,0,4.02573,0.297935,1.3041,3.6288,60.0442,0.635872,0,0,1.36793,0.199786,0,0.66528,12.849,1,0.430794,1.3041,0,94.1596,4.60843,90.4245,0.84672,12.849,0.84672,3695.15,0,0,0,1.72954,1.82032,5.4233,1.16362,7.80954,0.42336,0,0.42336,460.49,0,1.02816,0,0,2.7577,1.72954,1.028160,1,0,98.234,0,0,0,98.234,0
72.29,2.42403,0,0,3.78168,0.270985,1.08667,3.6288,60.4957,0.636096,0,0,1.28809,0.200483,0,0.66528,12.849,1,0.430852,1.08667,0,89.8906,4.53547,86.0109,0.84672,12.849,0.84672,3695.15,0,0,0,1.30773,1.82056,6.25526,1.15965,8.2239,0.42336,0,0.42336,460.49,0,1.02816,0,0,2.33589,1.30773,1.028160,1,0,94.2348,0,0,0,94.2348,0
72.29,2.39094,0,0,3.51426,0.244855,0.878464,3.6288,60.9162,0.611326,0,0,1.24135,0.209547,0,0.66528,12.849,1,0.424971,0.878464,0,76.902,4.37377,72.9818,0.84672,12.849,0.84672,3695.15,0,0,0,1.58713,1.82081,5.05963,1.11422,7.35335,0.42336,0,0.42336,460.49,0,1.02816,0,0,2.61529,1.58713,1.028160,1,0,80.3351,0,0,0,80.3351,0
72.1179,2.39126,0,0,2.81642,0.234403,0.36288,3.6288,61.0505,0.611547,0,0,0.959437,0.213511,0,0.66528,12.849,1,0.425029,0.36288,0,60.4766,4.30909,56.1054,0.84672,12.849,0.84672,3695.15,0,0,0,1.23226,1.79437,4.23027,1.09604,6.16086,0.42336,0,0.42336,460.49,0,1.02816,0,0,2.26042,1.23226,1.028160,1,0,62.2662,0,0,0,62.2662,0
71.5093,2.39072,0,0,2.37914,0.234097,0.36288,3.6288,61.1091,0.611768,0,0,0.883984,0.213693,0,0.66528,12.849,1,0.425947,0.36288,0,53.0169,4.30909,48.6447,0.84672,12.849,0.84672,3695.15,0,0,0,0.999925,1.79461,3.85099,1.09604,5.54948,0.42336,0,0.42336,460.49,0,1.02816,0,0,2.02808,0.999925,1.028160,1,0,54.1942,0,0,0,54.1942,0
70.6973,2.38797,0,0,2.17185,0.233015,0.36288,3.6288,61.0442,0.61199,0,0,0.760925,0.213772,0,0.66528,12.849,1,0.429078,0.36288,0,52.5089,4.30909,48.1336,0.84672,12.849,0.84672,3695.15,0,0,0,0.543689,1.79485,3.93136,1.09604,5.17385,0.42336,0,0.42336,460.49,0,1.02816,0,0,1.57185,0.543689,1.028160,1,0,53.3075,0,0,0,53.3075,0
70.4691,2.49722,0,0,2.82881,0.196933,0.36288,3.6288,61.0806,0.66528,0,0,0.919866,0.218208,0,0.66528,12.849,1,0.453862,0.36288,0,58.9625,4.26136,54.6101,0.84672,12.849,0.84672,3695.15,0,0,0,0.875068,1.7951,3.93974,1.07586,5.53404,0.42336,0,0.42336,460.49,0,1.02816,0,0,1.90323,0.875068,1.028160,1,0,60.1442,0,0,0,60.1442,0
69.8422,2.49631,0,0,2.38772,0.155433,0.36288,3.6288,60.9899,0.66528,0,0,0.783017,0.208396,0,0.66528,12.849,1,0.455166,0.36288,0,52.0921,3.8662,48.1336,0.84672,12.849,0.84672,3695.15,0,0,0,1.25828,1.8889,3.32661,0.965519,5.50827,0.42336,0,0.42336,460.49,0,1.02816,0,0,2.28644,1.25828,1.028160,1,0,53.6419,0,0,0,53.6419,0
68.9749,2.4932,0,0,2.14347,0.154683,0.36288,3.6288,60.7965,0.66528,0,0,0.680079,0.208276,0,0.66528,12.849,1,0.458679,0.36288,0,49.2472,3.8662,45.2852,0.84672,12.849,0.84672,3695.15,0,0,0,1.10781,1.88916,3.28609,0.965519,5.31754,0.42336,0,0.42336,460.49,0,1.02816,0,0,2.13597,1.10781,1.028160,1,0,50.6028,0,0,0,50.6028,0
67.9377,2.48867,0,0,1.95419,0.139754,0.36288,3.6288,60.5647,0.66528,0,0,0.656258,0.22279,0,0.66528,12.849,1,0.463603,0.36288,0,45.5558,4.15965,41.2954,0.84672,12.849,0.84672,3695.15,0,0,0,1.0833,1.88941,3.18787,1.0456,5.11498,0.42336,0,0.42336,460.49,0,1.02816,0,0,2.11146,1.0833,1.028160,1,0,46.4104,0,0,0,46.4104,0
66.844,2.48306,0,0,1.87248,0.120252,0.36288,3.6288,60.2389,0.66528,0,0,0.581661,0.242126,0,0.66528,12.849,1,0.469618,0.36288,0,44.9848,4.55091,40.3271,0.84672,12.849,0.84672,3695.15,0,0,0,0.817111,1.88967,2.97324,1.15237,4.52765,0.42336,0,0.42336,460.49,0,1.02816,0,0,1.84527,0.817111,1.028160,1,0,44.8548,0,0,0,44.8548,0
66.3118,2.45476,0,0,2.38903,0.103669,0.36288,3.6288,60.0433,0.66528,0,0,0.755905,0.286274,0,0.66528,12.849,1,0.471863,0.36288,0,31.1822,5.3171,25.7561,0.84672,12.849,0.84672,3695.15,0,0,0,0.92067,1.88992,3.6294,1.2839,5.15609,0.42336,0,0.42336,460.49,0,1.02816,0,0,1.94883,0.92067,1.028160,1,0,30.9122,0,0,0,30.9122,0
65.5345,2.45192,0,0,2.14075,0.103232,0.36288,3.6288,59.7624,0.66528,0,0,0.670378,0.285917,0,0.66528,12.849,1,0.4751,0.36288,0,43.1311,5.3171,37.7017,0.84672,12.849,0.84672,3695.15,0,0,0,0.856544,1.92291,4.16057,1.2839,5.65613,0.42336,0,0.42336,460.49,0,1.02816,0,0,1.8847,0.856544,1.028160,1,0,43.3579,0,0,0,43.3579,0
64.524,2.44754,0,0,1.90258,0.102595,0.36288,3.6288,59.4197,0.66528,0,0,0.607946,0.285406,0,0.66528,12.849,1,0.479876,0.36288,0,41.5169,5.3171,36.0828,0.84672,12.849,0.84672,3695.15,0,0,0,0.740448,1.92317,4.04385,1.2839,5.42356,0.42336,0,0.42336,460.49,0,1.02816,0,0,1.76861,0.740448,1.028160,1,0,41.5064,0,0,0,41.5064,0
63.6585,2.18942,0,0,1.78849,0.101765,0.36288,3.6288,59.0538,0.66528,0,0,0.584138,0.284781,0,0.66528,12.849,1,0.435991,0.36288,0,38.9274,5.3171,33.5372,0.84672,12.849,0.84672,3695.15,0,0,0,0.696401,1.92343,3.8531,1.2839,5.18903,0.42336,0,0.42336,460.49,0,1.02816,0,0,1.72456,0.696401,1.028160,1,0,38.7263,0,0,0,38.7263,0
62.7962,2.24168,0,0,1.82643,0.0840992,0.36288,3.6288,58.721,0.66528,0,0,0.644116,0.311561,0,0.66528,12.849,1,0.452467,0.36288,0,34.1645,5.90454,28.1703,0.84672,12.849,0.84672,3695.15,0,0,0,0.715038,2.10065,3.71316,1.42489,5.10396,0.42336,0,0.42336,460.49,0,1.02816,0,0,1.7432,0.715038,1.028160,1,0,33.2743,0,0,0,33.2743,0
62.0547,2.23686,0,0,1.93687,0.0786523,0.36288,3.6288,58.4403,0.66528,0,0,0.702631,0.318058,0,0.66528,12.849,1,0.457693,0.36288,0,44.0871,6.1551,37.8372,0.84672,12.849,0.84672,3695.15,0,0,0,1.05891,2.14732,4.18217,1.46632,5.92208,0.42336,0,0.42336,460.49,0,1.02816,0,0,2.08707,1.05891,1.028160,1,0,43.7592,0,0,0,43.7592,0
61.1874,2.23266,0,0,1.80641,0.0781754,0.36288,3.6288,58.0799,0.66528,0,0,0.622343,0.317485,0,0.66528,12.849,1,0.462293,0.36288,0,34.8774,6.1551,28.6229,0.84672,12.849,0.84672,3695.15,0,0,0,1.03203,2.14759,3.81735,1.46632,5.53065,0.42336,0,0.42336,460.49,0,1.02816,0,0,2.06019,1.03203,1.028160,1,0,34.1536,0,0,0,34.1536,0
60.1624,2.22758,0,0,1.6431,0.0776176,0.36288,3.6288,57.6825,0.66528,0,0,0.584579,0.316748,0,0.66528,12.849,1,0.467779,0.36288,0,32.0708,6.1551,25.8108,0.84672,12.849,0.84672,3695.15,0,0,0,0.709612,2.14785,3.49369,1.46632,4.88483,0.42336,0,0.42336,460.49,0,1.02816,0,0,1.73777,0.709612,1.028160,1,0,30.6956,0,0,0,30.6956,0
59.1533,2.38634,0,0,1.81391,0.0737781,0.36288,3.6288,57.3999,0.66528,0,0,0.691887,0.309131,0,0.66528,12.849,1,0.509656,0.36288,0,32.195,6.20115,25.847,0.84672,12.849,0.84672,3695.15,0,0,0,1.21561,2.14812,5.12257,1.47316,7.01314,0.42336,0,0.42336,460.49,0,1.02816,0,0,2.24377,1.21561,1.028160,1,0,32.8602,0,0,0,32.8602,0
57.9173,2.37955,0,0,1.57685,0.0704053,0.36288,3.6288,56.9733,0.66528,0,0,0.536384,0.297791,0,0.66528,12.849,1,0.516875,0.36288,0,27.3269,6.24393,20.929,0.84672,12.849,0.84672,3695.15,0,0,0,0.630098,2.30727,3.9976,1.43741,5.49755,0.42336,0,0.42336,460.49,0,1.02816,0,0,1.65826,0.630098,1.028160,1,0,26.4266,0,0,0,26.4266,0
56.8445,2.37088,0,0,1.73051,0.0695664,0.36288,3.6288,56.6734,0.66528,0,0,0.662348,0.296967,0,0.66528,12.849,1,0.525981,0.36288,0,35.1446,6.24393,28.7375,0.84672,12.849,0.84672,3695.15,0,0,0,1.03206,2.30755,4.3609,1.43741,6.2631,0.42336,0,0.42336,460.49,0,1.02816,0,0,2.06022,1.03206,1.028160,1,0,35.0007,0,0,0,35.0007,0
55.4399,2.36314,0,0,1.39022,0.0688381,0.36288,3.6288,56.1908,0.66528,0,0,0.479073,0.296388,0,0.66528,12.849,1,0.534158,0.36288,0,34.3418,6.24393,27.9266,0.84672,12.849,0.84672,3695.15,0,0,0,0.402149,2.30784,3.50082,1.43741,4.7734,0.42336,0,0.42336,460.49,0,1.02816,0,0,1.43031,0.402149,1.028160,1,0,32.7,0,0,0,32.7,0
54.388,2.3525,0,0,1.73138,0.0678846,0.36288,3.6288,56.0489,0.66528,0,0,0.818823,0.295457,0,0.66528,12.849,1,0.545226,0.36288,0,31.3648,6.24393,24.9385,0.84672,12.849,0.84672,3695.15,0,0,0,1.67744,2.30813,5.41296,1.43741,7.96112,0.42336,0,0.42336,460.49,0,1.02816,0,0,2.7056,1.67744,1.028160,1,0,32.8996,0,0,0,32.8996,0
53.0495,2.26533,0,0,1.3647,0.0749913,0.36288,3.6288,55.725,0.66528,0,0,0.609968,0.268549,0,0.66528,12.849,1,0.535177,0.36288,0,38.1841,5.74245,32.2694,0.84672,12.849,0.84672,3695.15,0,0,0,0.608723,2.30842,4.50986,1.42001,6.00699,0.42336,0,0.42336,460.49,0,1.02816,0,0,1.63688,0.608723,1.028160,1,0,38.2764,0,0,0,38.2764,0
51.5875,2.25479,0,0,1.23091,0.0752628,0.36288,3.6288,55.409,0.66528,0,0,0.612865,0.263551,0,0.66528,12.849,1,0.546129,0.36288,0,55.9009,5.65887,50.0588,0.84672,12.849,0.84672,3695.15,0,0,0,0.776304,2.21669,4.04614,1.41711,5.62202,0.42336,0,0.42336,460.49,0,1.02816,0,0,1.80446,0.776304,1.028160,1,0,55.6808,0,0,0,55.6808,0
49.6388,2.24274,0,0,0.731048,0.0741355,0.36288,3.6288,54.7133,0.851524,0,0,0.418764,0.263005,0,0.66528,12.849,1,0.558604,0.36288,0,38.8625,5.65887,33.008,0.84672,12.849,0.84672,3695.15,0,0,0,0.216518,2.21697,2.63013,1.41711,3.6465,0.42336,0,0.42336,460.49,0,0.841916,0,0,1.05843,0.216518,1.028160,1,0,36.6545,0,0,0,36.6545,0
47.9517,2.22565,0,0,1.00951,0.108024,0.36288,3.6288,54.3372,0.688625,0,0,0.574561,0.262033,0,0.66528,12.849,1,0.57611,0.36288,0,40.903,5.38416,35.3056,0.84672,12.849,0.84672,3695.15,0,0,0,0.216518,2.21725,3.5303,1.36582,4.59824,0.42336,0,0.42336,460.49,0,1.00481,0,0,1.22133,0.216518,1.028160,1,0,39.9038,0,0,0,39.9038,0
48.3917,2.14675,0,0,3.10836,0.158713,0.36288,3.6288,54.4846,0.66528,0,0,1.07948,0.266736,0,0.66528,12.849,1,0.575236,0.36288,0,59.8291,5.09403,54.5227,0.84672,12.849,0.84672,3695.15,0,0,0,2.33228,2.21752,7.45251,1.26058,10.7417,0.42336,0,0.42336,460.49,0,1.02816,0,0,3.36044,2.33228,1.028160,1,0,65.2644,0,0,0,65.2644,0
48.3436,2.1512,0,0,2.65853,0.192623,0.36288,3.6288,54.9118,0.66528,0,0,1.2642,0.171783,0,0.66528,12.849,1,0.571188,0.36288,0,86.6074,3.7235,82.6756,0.84672,12.849,0.84672,3695.15,0,0,0,2.34773,2.13564,8.65629,0.95882,12.1808,0.42336,0,0.42336,460.49,0,1.02816,0,0,3.37589,2.34773,1.028160,1,0,94.8564,0,0,0,94.8564,0
50.3747,2.15107,0,0,4.75793,0.212811,0.36288,3.6288,55.656,0.66528,0,0,1.58425,0.17473,0,0.66528,12.849,1,0.571724,0.36288,0,151.126,3.44999,147.467,0.84672,12.849,0.84672,3695.15,0,0,0,2.75778,2.1359,13.0534,0.865859,17.0812,0.42336,0,0.42336,460.49,0,1.02816,0,0,3.78594,2.75778,1.028160,1,0,164.548,0,0,0,164.548,0
53.0307,2.16977,0,0,5.40612,0.21749,0.36288,3.6288,56.6659,0.66528,0,0,1.85076,0.175587,0,0.66528,12.849,1,0.553439,0.36288,0,140.371,3.44999,136.73,0.84672,12.849,0.84672,3695.15,0,0,0,4.28021,2.13617,13.0122,0.865859,18.5627,0.42336,0,0.42336,460.49,0,1.02816,0,0,5.30837,4.28021,1.028160,1,0,155.293,0,0,0,155.293,0
54.4925,2.00896,0,0,4.06109,0.227419,0.36288,3.6288,57.3174,0.66528,0,0,1.49882,0.182066,0,0.66528,12.849,1,0.486759,0.36288,0,113.321,3.59922,109.598,0.84672,12.849,0.84672,3695.15,0,0,0,2.9344,2.13643,9.52163,0.904891,13.6876,0.42336,0,0.42336,460.49,0,1.02816,0,0,3.96256,2.9344,1.028160,1,0,123.286,0,0,0,123.286,0
54.2708,2.01983,0,0,2.41518,0.254237,0.36288,3.6288,57.4414,0.66528,0,0,1.00416,0.214875,0,0.66528,12.849,1,0.476264,0.36288,0,90.2474,4.49463,85.6394,0.84672,12.849,0.84672,3695.15,0,0,0,1.507,1.9541,9.92456,1.13908,12.2466,0.42336,0,0.42336,460.49,0,1.02816,0,0,2.53516,1.507,1.028160,1,0,97.886,0,0,0,97.886,0
54.9717,2.01857,0,0,3.33607,0.253668,0.36288,3.6288,57.6578,0.66528,0,0,1.09673,0.215048,0,0.66528,12.849,1,0.47791,0.36288,0,88.6378,4.49463,84.0281,0.84672,12.849,0.84672,3695.15,0,0,0,1.51506,1.95434,8.80399,1.13908,11.1343,0.42336,0,0.42336,460.49,0,1.02816,0,0,2.54322,1.51506,1.028160,1,0,95.1624,0,0,0,95.1624,0
57.0148,2.02381,0,0,4.68521,0.255467,0.36288,3.6288,58.7057,0.66528,0,0,1.92851,0.21535,0,0.66528,12.849,1,0.473043,0.36288,0,144.058,4.49463,139.453,0.84672,12.849,0.84672,3695.15,0,0,0,2.39707,1.95458,18.8962,1.13908,22.1088,0.42336,0,0.42336,460.49,0,1.02816,0,0,3.42523,2.39707,1.028160,1,0,161.562,0,0,0,161.562,0
58.3933,2.03795,0,0,4.01482,0.235463,0.36288,3.6288,60.5274,0.66528,0,0,2.68243,0.195464,0,0.66528,12.849,1,0.459279,0.36288,0,125.73,3.7443,121.889,0.84672,12.849,0.84672,3695.15,0,0,0,3.14579,1.95482,13.8927,1.04534,17.948,0.42336,0,0.42336,460.49,0,1.02816,0,0,4.17395,3.14579,1.028160,1,0,139.837,0,0,0,139.837,0
63.7839,2.3669,0,0,8.36355,0.243185,0.36288,3.6288,61.308,0.646891,0,0,2.00994,0.21724,0.36516,0.66528,12.849,1,0.520819,0.36288,0,151.289,4.0089,147.122,0.84672,12.849,0.84672,3695.15,0,0,0,3.31621,1.95506,13.1147,1.09598,17.29,0.42336,0,0.42336,460.49,0,1.02816,0,0,4.34437,3.31621,1.028160,1,0,164.777,0,0,0,164.777,0
67.6927,2.40385,0,0,6.93238,0.256792,0.36288,3.6288,61.308,0.647106,0,0,1.52383,0.226151,0.650571,0.66528,12.849,1,0.484245,0.36288,0,135.583,4.11474,131.347,0.84672,12.849,0.84672,3695.15,0,0,0,3.7132,1.8353,10.6779,1.11623,15.1102,0.42336,0,0.42336,460.49,0,1.02816,0,0,4.74136,3.7132,1.028160,1,0,147.108,0,0,0,147.108,0
71.0616,2.42766,0,0,6.42436,0.264933,0.36288,3.6288,61.308,0.647321,0,0,1.51503,0.226151,0.641561,0.66528,12.849,1,0.460802,0.36288,0,108.368,4.11474,104.155,0.84672,12.849,0.84672,3695.15,0,0,0,3.26989,1.83554,10.1329,1.11623,14.1221,0.42336,0,0.42336,460.49,0,1.02816,0,0,4.29805,3.26989,1.028160,1,0,118.919,0,0,0,118.919,0
72.29,2.44647,0,0,6.53492,0.291799,2.56827,3.6288,61.308,0.647536,0,0,1.00181,0.220796,0.133476,0.66528,12.849,1,0.442359,2.56827,0,106.338,4.17171,104.292,0.84672,12.849,0.84672,3695.15,0,0,0,2.42204,1.83577,10.2306,1.21557,13.2729,0.42336,0,0.42336,460.49,0,1.02816,0,0,3.4502,2.42204,1.028160,1,0,117.698,0,0,0,117.698,0
72.29,2.69245,0,0,6.41735,0.309252,3.41565,3.6288,61.308,0.66528,0,0,1.20605,0.225159,0.31561,0.66528,12.849,1,0.478562,3.41565,0,125.501,4.27434,124.164,0.84672,12.849,0.84672,3695.15,0,0,0,3.03529,1.83601,9.65511,1.29989,13.2265,0.42336,0,0.42336,460.49,0,1.02816,0,0,4.06345,3.03529,1.028160,1,0,137.706,0,0,0,137.706,0
72.29,2.69279,0,0,9.95959,0.279237,6.98756,3.6288,61.308,0.66528,0,0,2.06438,0.253917,1.14518,0.66528,12.849,1,0.478623,6.98756,0,163.764,4.34102,165.932,0.84672,12.849,0.84672,3695.15,0,0,0,4.78297,2.0413,11.8698,1.17957,17.5145,0.42336,0,0.42336,460.49,0,1.02816,0,0,5.81113,4.78297,1.028160,1,0,184.592,0,0,0,184.592,0
72.29,2.69314,0,0,8.76684,0.280993,5.79271,3.6288,61.308,0.66528,0,0,1.63617,0.244769,0.726116,0.66528,12.849,1,0.478685,5.79271,0,157.713,4.24857,158.778,0.84672,12.849,0.84672,3695.15,0,0,0,4.39054,2.04156,15.7306,1.15505,21.0076,0.42336,0,0.42336,460.49,0,1.02816,0,0,5.4187,4.39054,1.028160,1,0,180.512,0,0,0,180.512,0
72.29,2.69348,0,0,6.21632,0.29153,3.2313,3.6288,61.308,0.66528,0,0,1.29575,0.189886,0.440584,0.66528,12.849,1,0.478746,3.2313,0,150.292,3.6939,149.351,0.84672,12.849,0.84672,3695.15,0,0,0,2.8434,2.04182,9.88813,1.00799,13.7654,0.42336,0,0.42336,460.49,0,1.02816,0,0,3.87156,2.8434,1.028160,1,0,163.557,0,0,0,163.557,0
72.29,2.35237,0,0,4.96548,0.293629,2.31948,3.6288,61.308,0.581182,0,0,1.28995,0.209366,0.499404,0.66528,12.849,1,0.418115,2.31948,0,105.31,3.85635,103.355,0.84672,12.849,0.84672,3695.15,0,0,0,2.08521,2.04208,9.31824,1.02173,12.4238,0.42336,0,0.42336,460.49,0,1.02816,0,0,3.11337,2.08521,1.028160,1,0,116.279,0,0,0,116.279,0
72.29,2.35267,0,0,6.54852,0.298876,3.89697,3.6288,61.308,0.581388,0,0,1.96009,0.258068,1.12063,0.66528,12.849,1,0.418169,3.89697,0,116.278,4.26247,115.494,0.84672,12.849,0.84672,3695.15,0,0,0,2.62282,1.76257,12.7445,1.05608,16.0738,0.42336,0,0.42336,460.49,0,1.02816,0,0,3.65098,2.62282,1.028160,1,0,132.689,0,0,0,132.689,0
72.29,2.35297,0,0,7.22933,0.298876,4.57748,3.6288,61.308,0.581595,0,0,1.83707,0.258068,0.997409,0.66528,12.849,1,0.418223,4.57748,0,129.546,4.26247,129.442,0.84672,12.849,0.84672,3695.15,0,0,0,2.63674,1.76279,11.3423,1.05608,14.6858,0.42336,0,0.42336,460.49,0,1.02816,0,0,3.6649,2.63674,1.028160,1,0,145.126,0,0,0,145.126,0
72.29,2.35327,0,0,6.37366,0.298876,3.72151,3.6288,61.308,0.581801,0,0,1.78097,0.258068,0.941103,0.66528,12.849,1,0.418276,3.72151,0,113.527,4.26247,112.568,0.84672,12.849,0.84672,3695.15,0,0,0,3.0712,1.76302,11.9616,1.05608,15.7398,0.42336,0,0.42336,460.49,0,1.02816,0,0,4.09936,3.0712,1.028160,1,0,129.249,0,0,0,129.249,0
72.29,2.35357,0,0,7.77671,0.309843,5.11329,3.6288,61.308,0.582007,0,0,2.63223,0.227548,1.82267,0.66528,12.849,1,0.41833,5.11329,0,139.814,3.92128,140.588,0.84672,12.849,0.84672,3695.15,0,0,0,3.43535,1.76324,17.7574,0.931191,22.0248,0.42336,0,0.42336,460.49,0,1.02816,0,0,4.46351,3.43535,1.028160,1,0,164.435,0,0,0,164.435,0
72.29,2.43988,0,0,10.5648,0.352424,7.77251,3.6288,61.308,0.646982,0,0,5.17169,0.2057,4.31901,0.66528,12.849,1,0.43367,7.77251,0,220.711,3.99089,224.059,0.84672,12.849,0.84672,3695.15,0,0,0,6.35304,1.76347,23.2359,0.88331,30.4691,0.42336,0,0.42336,460.49,0,1.02816,0,0,7.3812,6.35304,1.028160,1,0,258.847,0,0,0,258.847,0
72.29,2.44019,0,0,9.19486,0.357084,6.39758,3.6288,61.308,0.647197,0,0,4.44224,0.208841,3.5862,0.66528,12.849,1,0.433726,6.39758,0,186.481,4.0783,188.367,0.84672,12.849,0.84672,3695.15,0,0,0,5.09626,1.83272,19.5145,0.903082,25.5404,0.42336,0,0.42336,460.49,0,1.02816,0,0,6.12442,5.09626,1.028160,1,0,217.494,0,0,0,217.494,0
72.29,2.44051,0,0,7.3904,0.326906,4.62298,3.6288,61.308,0.647412,0,0,3.20754,0.205511,2.35462,0.66528,12.849,1,0.433782,4.62298,0,149.533,4.27601,149.447,0.84672,12.849,0.84672,3695.15,0,0,0,3.75795,1.83295,13.0838,0.915937,17.7588,0.42336,0,0.42336,460.49,0,1.02816,0,0,4.78611,3.75795,1.028160,1,0,169.56,0,0,0,169.56,0
72.29,2.44082,0,0,6.35265,0.304272,3.60756,3.6288,61.308,0.647626,0,0,2.70784,0.203013,1.8572,0.66528,12.849,1,0.433837,3.60756,0,141.584,4.42428,140.333,0.84672,12.849,0.84672,3695.15,0,0,0,2.5757,1.83319,11.0521,0.925579,14.5354,0.42336,0,0.42336,460.49,0,1.02816,0,0,3.60386,2.5757,1.028160,1,0,156.726,0,0,0,156.726,0
72.29,2.40749,0,0,5.86895,0.301922,3.15954,3.6288,61.308,0.622673,0,0,2.05174,0.211268,1.2178,0.66528,12.849,1,0.427913,3.15954,0,113.308,4.17414,111.866,0.84672,12.849,0.84672,3695.15,0,0,0,2.96173,1.83342,12.3153,0.975836,16.1346,0.42336,0,0.42336,460.49,0,1.02816,0,0,3.98989,2.96173,1.028160,1,0,129.218,0,0,0,129.218,0
72.29,2.4078,0,0,5.38815,0.300159,2.68019,3.6288,61.308,0.622885,0,0,1.55456,0.217458,0.714217,0.66528,12.849,1,0.427968,2.68019,0,115.029,3.98653,113.294,0.84672,12.849,0.84672,3695.15,0,0,0,3.05751,1.80679,11.2263,1.01353,15.0771,0.42336,0,0.42336,460.49,0,1.02816,0,0,4.08567,3.05751,1.028160,1,0,129.086,0,0,0,129.086,0
72.29,2.40811,0,0,4.90978,0.300159,2.20151,3.6288,61.308,0.623097,0,0,1.41722,0.217458,0.576664,0.66528,12.849,1,0.428023,2.20151,0,110.646,3.98653,108.433,0.84672,12.849,0.84672,3695.15,0,0,0,2.31989,1.80702,9.29759,1.01353,12.411,0.42336,0,0.42336,460.49,0,1.02816,0,0,3.34805,2.31989,1.028160,1,0,121.421,0,0,0,121.421,0
72.29,2.40841,0,0,4.60098,0.300159,1.89241,3.6288,61.308,0.623308,0,0,1.31779,0.217458,0.477023,0.66528,12.849,1,0.428077,1.89241,0,99.9683,3.98653,97.446,0.84672,12.849,0.84672,3695.15,0,0,0,1.863,1.80725,8.45182,1.01353,11.1085,0.42336,0,0.42336,460.49,0,1.02816,0,0,2.89116,1.863,1.028160,1,0,109.032,0,0,0,109.032,0
72.29,2.52299,0,0,4.26211,0.270866,1.46826,3.6288,61.308,0.66528,0,0,1.2105,0.23652,0.308698,0.66528,12.849,1,0.448442,1.46826,0,89.6936,4.34584,86.3675,0.84672,12.849,0.84672,3695.15,0,0,0,1.82045,1.80748,7.43178,1.06188,9.99783,0.42336,0,0.42336,460.49,0,1.02816,0,0,2.84861,1.82045,1.028160,1,0,96.6741,0,0,0,96.6741,0
72.29,2.52331,0,0,4.33106,0.228252,1.5795,3.6288,61.308,0.66528,0,0,1.14553,0.283409,0.196845,0.66528,12.849,1,0.448499,1.5795,0,73.3337,4.58802,69.8767,0.84672,12.849,0.84672,3695.15,0,0,0,2.09027,1.90193,7.80477,1.14747,10.6495,0.42336,0,0.42336,460.49,0,1.02816,0,0,3.11843,2.09027,1.028160,1,0,80.723,0,0,0,80.723,0
72.29,2.52363,0,0,4.03018,0.183305,1.32324,3.6288,61.308,0.66528,0,0,1.06364,0.271324,0.127041,0.66528,12.849,1,0.448557,1.32324,0,70.772,4.6892,66.9575,0.84672,12.849,0.84672,3695.15,0,0,0,1.70266,1.90217,7.34797,1.11145,9.84135,0.42336,0,0.42336,460.49,0,1.02816,0,0,2.73082,1.70266,1.028160,1,0,76.9258,0,0,0,76.9258,0
72.29,2.52396,0,0,3.78624,0.183305,1.07898,3.6288,61.308,0.66528,0,0,1.05373,0.271324,0.117131,0.66528,12.849,1,0.448614,1.07898,0,62.1028,4.6892,58.0439,0.84672,12.849,0.84672,3695.15,0,0,0,1.92373,1.90241,6.69108,1.11145,9.40577,0.42336,0,0.42336,460.49,0,1.02816,0,0,2.95189,1.92373,1.028160,1,0,67.5668,0,0,0,67.5668,0
72.29,2.52428,0,0,3.63628,0.183305,0.928697,3.6288,61.308,0.66528,0,0,1.0225,0.271324,0.0858972,0.66528,12.849,1,0.448672,0.928697,0,55.8677,4.6892,51.6585,0.84672,12.849,0.84672,3695.15,0,0,0,1.90975,1.90266,6.23963,1.11145,8.94058,0.42336,0,0.42336,460.49,0,1.02816,0,0,2.93791,1.90975,1.028160,1,0,60.685,0,0,0,60.685,0
72.002,2.50199,0,0,2.73506,0.158207,0.36288,3.6288,61.308,0.66528,0,0,1.04026,0.282658,0.0923262,0.66528,12.849,1,0.44471,0.36288,0,50.0971,4.99831,45.017,0.84672,12.849,0.84672,3695.15,0,0,0,1.27956,1.9029,5.02307,1.23342,6.97211,0.42336,0,0.42336,460.49,0,1.02816,0,0,2.30772,1.27956,1.028160,1,0,52.0814,0,0,0,52.0814,0
71.4717,2.5008,0,0,2.48221,0.148761,0.36288,3.6288,61.308,0.66528,0,0,1.02976,0.291425,0.0730538,0.66528,12.849,1,0.446277,0.36288,0,45.9123,5.05722,40.7717,0.84672,12.849,0.84672,3695.15,0,0,0,1.11534,1.9361,4.81677,1.27654,6.59167,0.42336,0,0.42336,460.49,0,1.02816,0,0,2.1435,1.11534,1.028160,1,0,47.4364,0,0,0,47.4364,0
70.7807,2.49832,0,0,2.3183,0.148161,0.36288,3.6288,61.253,0.66528,0,0,0.901722,0.291425,0,0.66528,12.849,1,0.449141,0.36288,0,42.2771,5.05722,37.1336,0.84672,12.849,0.84672,3695.15,0,0,0,1.03193,1.93635,4.56565,1.27654,6.25739,0.42336,0,0.42336,460.49,0,1.02816,0,0,2.06009,1.03193,1.028160,1,0,43.391,0,0,0,43.391,0
69.9618,2.49493,0,0,2.18633,0.147379,0.36288,3.6288,61.1374,0.66528,0,0,0.841009,0.291323,0,0.66528,12.849,1,0.45291,0.36288,0,40.483,5.05722,35.3357,0.84672,12.849,0.84672,3695.15,0,0,0,0.915443,1.9366,4.32667,1.27654,5.90217,0.42336,0,0.42336,460.49,0,1.02816,0,0,1.9436,0.915443,1.028160,1,0,41.2379,0,0,0,41.2379,0
68.9701,2.5489,0,0,2.05584,0.135839,0.36288,3.6288,60.9924,0.66528,0,0,0.821286,0.301048,0,0.66528,12.849,1,0.468123,0.36288,0,33.4487,5.35498,27.9885,0.84672,12.849,0.84672,3695.15,0,0,0,0.59298,1.93684,3.6464,1.35432,4.8219,0.42336,0,0.42336,460.49,0,1.02816,0,0,1.62114,0.59298,1.028160,1,0,32.8104,0,0,0,32.8104,0
68.1766,2.28864,0,0,1.97883,0.120755,0.36288,3.6288,60.7015,0.66528,0,0,0.688366,0.31401,0,0.66528,12.849,1,0.426369,0.36288,0,40.2652,5.75201,34.4497,0.84672,12.849,0.84672,3695.15,0,0,0,0.726037,1.98382,3.38327,1.45803,4.63509,0.42336,0,0.42336,460.49,0,1.02816,0,0,1.7542,0.726037,1.028160,1,0,39.0848,0,0,0,39.0848,0
67.2545,2.28479,0,0,1.84555,0.120009,0.36288,3.6288,60.3325,0.66528,0,0,0.609714,0.313431,0,0.66528,12.849,1,0.430606,0.36288,0,31.8534,5.75201,26.0337,0.84672,12.849,0.84672,3695.15,0,0,0,0.703426,2.16104,3.08813,1.45803,4.49457,0.42336,0,0.42336,460.49,0,1.02816,0,0,1.73159,0.703426,1.028160,1,0,30.5283,0,0,0,30.5283,0
66.171,2.28016,0,0,1.67872,0.119143,0.36288,3.6288,59.9272,0.66528,0,0,0.572713,0.312697,0,0.66528,12.849,1,0.435625,0.36288,0,29.2904,5.75201,23.4656,0.84672,12.849,0.84672,3695.15,0,0,0,0.432449,2.16129,2.82631,1.45803,3.96202,0.42336,0,0.42336,460.49,0,1.02816,0,0,1.46061,0.432449,1.028160,1,0,27.4276,0,0,0,27.4276,0
65.1556,2.44332,0,0,1.89929,0.108557,0.36288,3.6288,59.6525,0.66528,0,0,0.696287,0.305754,0,0.66528,12.849,1,0.474441,0.36288,0,30.1215,5.8935,24.1165,0.84672,12.849,0.84672,3695.15,0,0,0,0.947428,2.16155,4.14354,1.49491,5.7576,0.42336,0,0.42336,460.49,0,1.02816,0,0,1.97559,0.947428,1.028160,1,0,29.8741,0,0,0,29.8741,0
63.6541,2.43749,0,0,1.41293,0.114009,0.36288,3.6288,59.1029,0.668053,0,0,0.441148,0.322694,0,0.66528,12.849,1,0.480686,0.36288,0,19.65,5.98866,13.5436,0.84672,12.849,0.84672,3695.15,0,0,0,0.227405,2.32176,2.27266,1.51469,3.30714,0.42336,0,0.42336,460.49,0,1.02539,0,0,1.25279,0.227405,1.028160,1,0,16.8507,0,0,0,16.8507,0
62.3336,2.4284,0,0,1.5788,0.108056,0.36288,3.6288,58.6556,0.66528,0,0,0.542105,0.324115,0,0.66528,12.849,1,0.490189,0.36288,0,25.0044,6.06344,18.8137,0.84672,12.849,0.84672,3695.15,0,0,0,0.545089,2.32204,2.4123,1.52963,3.7498,0.42336,0,0.42336,460.49,0,1.02816,0,0,1.57325,0.545089,1.028160,1,0,22.5635,0,0,0,22.5635,0
60.691,2.42014,0,0,1.2473,0.106898,0.36288,3.6288,57.9573,0.770757,0,0,0.395715,0.323185,0,0.66528,12.849,1,0.498869,0.36288,0,25.8038,6.06344,19.6044,0.84672,12.849,0.84672,3695.15,0,0,0,0.204422,2.32231,1.91142,1.52963,2.90853,0.42336,0,0.42336,460.49,0,0.922683,0,0,1.12711,0.204422,1.028160,1,0,22.5129,0,0,0,22.5129,0
59.3581,2.40933,0,0,1.54482,0.105456,0.36288,3.6288,57.6287,0.66528,0,0,0.658336,0.321734,0,0.66528,12.849,1,0.510085,0.36288,0,22.8679,6.06344,16.6573,0.84672,12.849,0.84672,3695.15,0,0,0,0.982143,2.32259,2.87231,1.52963,4.64741,0.42336,0,0.42336,460.49,0,1.02816,0,0,2.0103,0.982143,1.028160,1,0,21.3047,0,0,0,21.3047,0
58.7947,2.31944,0,0,2.21313,0.0942446,0.36288,3.6288,57.4787,0.66528,0,0,0.815683,0.30038,0,0.66528,12.849,1,0.502079,0.36288,0,36.2,5.47034,30.5904,0.84672,12.849,0.84672,3695.15,0,0,0,0.665945,2.32286,3.20211,1.41689,4.77403,0.42336,0,0.42336,460.49,0,1.02816,0,0,1.69411,0.665945,1.028160,1,0,35.3645,0,0,0,35.3645,0
58.2418,2.31582,0,0,2.21564,0.0897858,0.36288,3.6288,57.894,0.66528,0,0,1.37241,0.291828,0,0.66528,12.849,1,0.506099,0.36288,0,35.4047,5.23309,30.0284,0.84672,12.849,0.84672,3695.15,0,0,0,1.95705,2.23051,3.92113,1.37179,6.73689,0.42336,0,0.42336,460.49,0,1.02816,0,0,2.98521,1.95705,1.028160,1,0,36.7653,0,0,0,36.7653,0
57.432,2.31221,0,0,1.95456,0.0893056,0.36288,3.6288,57.7087,0.66528,0,0,0.772658,0.292613,0,0.66528,12.849,1,0.510108,0.36288,0,36.6738,5.23309,31.2935,0.84672,12.849,0.84672,3695.15,0,0,0,0.779363,2.23077,2.94048,1.37179,4.57882,0.42336,0,0.42336,460.49,0,1.02816,0,0,1.80752,0.779363,1.028160,1,0,35.8723,0,0,0,35.8723,0
56.3324,2.30666,0,0,1.65855,0.0886021,0.36288,3.6288,57.4555,0.66528,0,0,0.704324,0.292263,0,0.66528,12.849,1,0.516059,0.36288,0,33.8875,5.23309,28.5012,0.84672,12.849,0.84672,3695.15,0,0,0,0.615133,2.23103,2.798,1.37179,4.27238,0.42336,0,0.42336,460.49,0,1.02816,0,0,1.64329,0.615133,1.028160,1,0,32.7736,0,0,0,32.7736,0
56.2409,2.23304,0,0,2.69511,0.190683,0.36288,3.6288,57.5939,0.66528,0,0,0.9979,0.194286,0,0.66528,12.849,1,0.50934,0.36288,0,47.5096,3.92927,43.4339,0.84672,12.849,0.84672,3695.15,0,0,0,0.857978,2.2313,3.56641,0.996233,5.65945,0.42336,0,0.42336,460.49,0,1.02816,0,0,1.88614,0.857978,1.028160,1,0,49.0934,0,0,0,49.0934,0
55.1982,2.23268,0,0,1.76056,0.207754,0.36288,3.6288,57.6452,0.66528,0,0,0.874433,0.15777,0,0.66528,12.849,1,0.510087,0.36288,0,34.5319,3.57651,30.8082,0.84672,12.849,0.84672,3695.15,0,0,0,0.443197,2.14885,2.67208,0.965899,4.29823,0.42336,0,0.42336,460.49,0,1.02816,0,0,1.47136,0.443197,1.028160,1,0,35.1064,0,0,0,35.1064,0
55.071,2.22518,0,0,2.66652,0.205605,0.36288,3.6288,58.4886,0.66528,0,0,1.66642,0.157822,0,0.66528,12.849,1,0.517977,0.36288,0,37.8114,3.57651,34.0798,0.84672,12.849,0.84672,3695.15,0,0,0,1.67028,2.1491,3.89981,0.965899,6.7533,0.42336,0,0.42336,460.49,0,1.02816,0,0,2.69844,1.67028,1.028160,1,0,40.8331,0,0,0,40.8331,0
53.9195,2.22453,0,0,1.65047,0.214553,0.36288,3.6288,58.7772,0.66528,0,0,1.11594,0.162071,0,0.66528,12.849,1,0.519021,0.36288,0,31.4419,3.6345,27.6513,0.84672,12.849,0.84672,3695.15,0,0,0,1.16101,2.14935,3.86237,0.979438,6.19329,0.42336,0,0.42336,460.49,0,1.02816,0,0,2.18917,1.16101,1.028160,1,0,33.8446,0,0,0,33.8446,0
56.1282,2.03062,0,0,4.86891,0.266698,0.36288,3.6288,59.4449,0.66528,0,0,1.51572,0.182737,0,0.66528,12.849,1,0.483896,0.36288,0,90.808,3.98244,86.7045,0.84672,12.849,0.84672,3695.15,0,0,0,1.4791,2.14961,5.59406,1.06067,8.1621,0.42336,0,0.42336,460.49,0,1.02816,0,0,2.50726,1.4791,1.028160,1,0,94.8666,0,0,0,94.8666,0
56.761,2.04641,0,0,3.29264,0.250581,0.36288,3.6288,60.3969,0.66528,0,0,1.8408,0.223445,0,0.66528,12.849,1,0.468469,0.36288,0,80.5659,4.06938,76.391,0.84672,12.849,0.84672,3695.15,0,0,0,2.14561,1.96604,6.04944,0.989211,9.17188,0.42336,0,0.42336,460.49,0,1.02816,0,0,3.17377,2.14561,1.028160,1,0,85.5628,0,0,0,85.5628,0
60.4037,2.05096,0,0,6.30866,0.252156,0.36288,3.6288,61.308,0.66528,0,0,1.84557,0.224806,0.0444227,0.66528,12.849,1,0.464277,0.36288,0,75.7768,4.06938,71.606,0.84672,12.849,0.84672,3695.15,0,0,0,2.45047,1.96627,7.15698,0.989211,10.5845,0.42336,0,0.42336,460.49,0,1.02816,0,0,3.47863,2.45047,1.028160,1,0,82.2349,0,0,0,82.2349,0
63.8822,2.07435,0,0,6.17866,0.262939,0.36288,3.6288,61.308,0.66528,0,0,2.16342,0.218543,1.2796,0.66528,12.849,1,0.441253,0.36288,0,139.19,3.98688,135.124,0.84672,12.849,0.84672,3695.15,0,0,0,2.35875,1.9665,7.32188,0.966842,10.6803,0.42336,0,0.42336,460.49,0,1.02816,0,0,3.38691,2.35875,1.028160,1,0,147.084,0,0,0,147.084,0
64.2096,2.34641,0,0,3.3181,0.281356,0.36288,3.6288,61.308,0.605066,0,0,1.0108,0.173154,0.232582,0.66528,12.849,1,0.471948,0.36288,0,52.4823,3.49188,48.8813,0.84672,12.849,0.84672,3695.15,0,0,0,1.13645,1.96673,5.7208,0.83263,7.99135,0.42336,0,0.42336,460.49,0,1.02816,0,0,2.16461,1.13645,1.028160,1,0,57.1053,0,0,0,57.1053,0
66.7461,2.42229,0,0,5.5679,0.246252,0.36288,3.6288,61.308,0.658087,0,0,1.24719,0.199318,0.389787,0.66528,12.849,1,0.484726,0.36288,0,86.1313,3.26706,82.7424,0.84672,12.849,0.84672,3695.15,0,0,0,2.03748,1.78999,5.4482,0.84415,8.43153,0.42336,0,0.42336,460.49,0,1.02816,0,0,3.06564,2.03748,1.028160,1,0,91.5637,0,0,0,91.5637,0
69.3543,2.43804,0,0,5.6543,0.245122,0.36288,3.6288,61.308,0.658292,0,0,1.31642,0.240274,0.41785,0.66528,12.849,1,0.469336,0.36288,0,93.6308,3.55558,89.9688,0.84672,12.849,0.84672,3695.15,0,0,0,2.67918,1.84757,4.30584,0.995395,7.83719,0.42336,0,0.42336,460.49,0,1.02816,0,0,3.70734,2.67918,1.028160,1,0,98.2238,0,0,0,98.2238,0
72.29,2.45323,0,0,6.08583,0.266461,0.430479,3.6288,61.308,0.658497,0,0,1.27729,0.256273,0.362525,0.66528,12.849,1,0.4545,0.430479,0,95.8332,3.89844,91.9107,0.84672,12.849,0.84672,3695.15,0,0,0,2.67573,1.84779,4.21191,1.10235,7.63308,0.42336,0,0.42336,460.49,0,1.02816,0,0,3.70389,2.67573,1.028160,1,0,99.9063,0,0,0,99.9063,0
72.29,2.4692,0,0,6.02711,0.272532,3.28538,3.6288,61.308,0.658702,0,0,1.32908,0.256273,0.414108,0.66528,12.849,1,0.438881,3.28538,0,95.0141,3.89844,93.9621,0.84672,12.849,0.84672,3695.15,0,0,0,2.68271,1.84802,4.77795,1.10235,8.20634,0.42336,0,0.42336,460.49,0,1.02816,0,0,3.71087,2.68271,1.028160,1,0,102.583,0,0,0,102.583,0
72.29,2.71037,0,0,5.54586,0.270978,2.56451,3.6288,61.308,0.66528,0,0,1.35726,0.248682,0.443295,0.66528,12.849,1,0.481747,2.56451,0,78.9143,3.84767,77.1494,0.84672,12.849,0.84672,3695.15,0,0,0,3.46615,1.84824,4.51747,1.06722,8.76465,0.42336,0,0.42336,460.49,0,1.02816,0,0,4.49431,3.46615,1.028160,1,0,86.3573,0,0,0,86.3573,0
72.29,2.7107,0,0,5.61708,0.261653,2.64473,3.6288,61.308,0.66528,0,0,1.37816,0.203137,0.509741,0.66528,12.849,1,0.481806,2.64473,0,101.65,3.54301,100.27,0.84672,12.849,0.84672,3695.15,0,0,0,5.27663,2.05489,5.0312,0.856431,11.5063,0.42336,0,0.42336,460.49,0,1.02816,0,0,6.30479,5.27663,1.028160,1,0,112.286,0,0,0,112.286,0
72.29,2.71103,0,0,4.2669,0.261653,1.29422,3.6288,61.308,0.66528,0,0,1.12111,0.203137,0.252693,0.66528,12.849,1,0.481865,1.29422,0,69.6427,3.54301,66.9121,0.84672,12.849,0.84672,3695.15,0,0,0,1.47245,2.05514,3.87008,0.856431,6.54123,0.42336,0,0.42336,460.49,0,1.02816,0,0,2.50061,1.47245,1.028160,1,0,73.706,0,0,0,73.706,0
72.29,2.71136,0,0,7.10015,0.261653,4.12714,3.6288,61.308,0.66528,0,0,1.30008,0.203137,0.431662,0.66528,12.849,1,0.481923,4.12714,0,86.934,3.54301,87.0362,0.84672,12.849,0.84672,3695.15,0,0,0,2.14215,2.05539,4.63736,0.856431,7.97846,0.42336,0,0.42336,460.49,0,1.02816,0,0,3.17031,2.14215,1.028160,1,0,95.4463,0,0,0,95.4463,0
72.29,2.36796,0,0,6.75518,0.247517,4.1397,3.6288,61.308,0.591851,0,0,1.54049,0.236386,0.712248,0.66528,12.849,1,0.420887,4.1397,0,122.017,3.11781,122.618,0.84672,12.849,0.84672,3695.15,0,0,0,2.40212,2.05563,5.63827,0.92115,9.17487,0.42336,0,0.42336,460.49,0,1.02816,0,0,3.43028,2.40212,1.028160,1,0,132.505,0,0,0,132.505,0
72.29,2.36825,0,0,5.58316,0.283856,2.93105,3.6288,61.308,0.592048,0,0,1.67577,0.215376,0.868347,0.66528,12.849,1,0.420939,2.93105,0,108.326,3.66708,107.169,0.84672,12.849,0.84672,3695.15,0,0,0,2.32273,1.77425,6.25657,1.02796,9.3256,0.42336,0,0.42336,460.49,0,1.02816,0,0,3.35089,2.32273,1.028160,1,0,117.363,0,0,0,117.363,0
72.29,2.36854,0,0,4.86105,0.297251,2.19526,3.6288,61.308,0.592245,0,0,1.43148,0.208701,0.630537,0.66528,12.849,1,0.42099,2.19526,0,124.605,3.66492,122.714,0.84672,12.849,0.84672,3695.15,0,0,0,2.1653,1.77447,5.02647,1.03524,7.931,0.42336,0,0.42336,460.49,0,1.02816,0,0,3.19346,2.1653,1.028160,1,0,131.276,0,0,0,131.276,0
72.29,2.36883,0,0,4.79301,0.297251,2.12693,3.6288,61.308,0.592442,0,0,1.44918,0.208701,0.648035,0.66528,12.849,1,0.421041,2.12693,0,71.5785,3.66492,69.6195,0.84672,12.849,0.84672,3695.15,0,0,0,2.27709,1.77468,4.81174,1.03524,7.82827,0.42336,0,0.42336,460.49,0,1.02816,0,0,3.30525,2.27709,1.028160,1,0,78.0958,0,0,0,78.0958,0
72.29,2.36911,0,0,4.76705,0.297251,2.10069,3.6288,61.308,0.592639,0,0,1.32684,0.208701,0.525496,0.66528,12.849,1,0.421092,2.10069,0,107.57,3.66492,105.585,0.84672,12.849,0.84672,3695.15,0,0,0,2.05687,1.7749,5.00129,1.03524,7.79782,0.42336,0,0.42336,460.49,0,1.02816,0,0,3.08503,2.05687,1.028160,1,0,113.908,0,0,0,113.908,0
72.29,2.45597,0,0,5.17548,0.320826,2.39868,3.6288,61.308,0.658031,0,0,1.78001,0.185686,0.936296,0.66528,12.849,1,0.436531,2.39868,0,106.466,3.94497,104.484,0.84672,12.849,0.84672,3695.15,0,0,0,2.73015,1.77511,4.67959,1.00052,8.18433,0.42336,0,0.42336,460.49,0,1.02816,0,0,3.75831,2.73015,1.028160,1,0,113.604,0,0,0,113.604,0
72.29,2.45627,0,0,4.67908,0.330256,1.89255,3.6288,61.308,0.658236,0,0,2.23811,0.17648,1.4034,0.66528,12.849,1,0.436584,1.89255,0,115.349,4.05699,112.748,0.84672,12.849,0.84672,3695.15,0,0,0,3.50463,1.84481,6.15324,0.98663,10.516,0.42336,0,0.42336,460.49,0,1.02816,0,0,4.53279,3.50463,1.028160,1,0,124.668,0,0,0,124.668,0
72.29,2.45657,0,0,5.21869,0.330256,2.43186,3.6288,61.308,0.658441,0,0,2.44139,0.17648,1.60647,0.66528,12.849,1,0.436637,2.43186,0,125.906,4.05699,123.845,0.84672,12.849,0.84672,3695.15,0,0,0,2.79504,1.84503,6.32076,0.98663,9.9742,0.42336,0,0.42336,460.49,0,1.02816,0,0,3.8232,2.79504,1.028160,1,0,135.425,0,0,0,135.425,0
72.29,2.45687,0,0,4.28509,0.330256,1.49797,3.6288,61.308,0.658646,0,0,2.13317,0.17648,1.29805,0.66528,12.849,1,0.43669,1.49797,0,92.4731,4.05699,89.4773,0.84672,12.849,0.84672,3695.15,0,0,0,3.07194,1.84526,4.62447,0.98663,8.55504,0.42336,0,0.42336,460.49,0,1.02816,0,0,4.1001,3.07194,1.028160,1,0,99.3304,0,0,0,99.3304,0
72.29,2.4233,0,0,3.39613,0.279854,0.692976,3.6288,61.308,0.633518,0,0,1.36008,0.186085,0.540481,0.66528,12.849,1,0.430724,0.692976,0,77.9872,4.23192,74.0176,0.84672,12.849,0.84672,3695.15,0,0,0,1.7988,1.84548,3.16154,1.03573,5.77008,0.42336,0,0.42336,460.49,0,1.02816,0,0,2.82696,1.7988,1.028160,1,0,80.3281,0,0,0,80.3281,0
72.1718,2.4236,0,0,2.95138,0.283068,0.36288,3.6288,61.308,0.63372,0,0,1.13248,0.206661,0.292099,0.66528,12.849,1,0.430776,0.36288,0,67.5112,4.00386,63.4395,0.84672,12.849,0.84672,3695.15,0,0,0,1.75903,1.81866,2.9548,1.07121,5.46128,0.42336,0,0.42336,460.49,0,1.02816,0,0,2.78719,1.75903,1.028160,1,0,69.1929,0,0,0,69.1929,0
71.7523,2.42329,0,0,2.64944,0.282814,0.36288,3.6288,61.308,0.633922,0,0,1.19465,0.206661,0.35407,0.66528,12.849,1,0.431427,0.36288,0,62.4257,4.00386,58.3533,0.84672,12.849,0.84672,3695.15,0,0,0,1.83287,1.81888,2.96769,1.07121,5.54823,0.42336,0,0.42336,460.49,0,1.02816,0,0,2.86103,1.83287,1.028160,1,0,64.2556,0,0,0,64.2556,0
71.5669,2.42145,0,0,2.88087,0.281913,0.36288,3.6288,61.308,0.634124,0,0,1.02976,0.206661,0.188974,0.66528,12.849,1,0.433619,0.36288,0,64.4071,4.00386,60.3325,0.84672,12.849,0.84672,3695.15,0,0,0,1.41744,1.8191,3.63654,1.07121,5.80187,0.42336,0,0.42336,460.49,0,1.02816,0,0,2.4456,1.41744,1.028160,1,0,66.3234,0,0,0,66.3234,0
71.0286,2.53563,0,0,2.59941,0.239174,0.36288,3.6288,61.308,0.66528,0,0,1.00803,0.227431,0.115317,0.66528,12.849,1,0.455242,0.36288,0,58.4099,5.64134,52.6762,0.84672,12.849,0.84672,3695.15,0,0,0,1.5227,1.81932,3.06073,1.13577,5.26699,0.42336,0,0.42336,460.49,0,1.02816,0,0,2.55086,1.5227,1.028160,1,0,58.0585,0,0,0,58.0585,0
70.1098,2.53301,0,0,2.17995,0.202873,0.36288,3.6288,61.2475,0.66528,0,0,0.83897,0.234169,0,0.66528,12.849,1,0.458219,0.36288,0,38.5842,4.66998,33.8188,0.84672,12.849,0.84672,3695.15,0,0,0,0.875578,1.91437,2.20641,1.11381,3.88255,0.42336,0,0.42336,460.49,0,1.02816,0,0,1.90374,0.875578,1.028160,1,0,37.7014,0,0,0,37.7014,0
69.0865,2.52824,0,0,2.06925,0.201445,0.36288,3.6288,61.1138,0.66528,0,0,0.765677,0.23408,0,0.66528,12.849,1,0.46335,0.36288,0,34.9656,4.66998,30.1951,0.84672,12.849,0.84672,3695.15,0,0,0,0.669928,1.9146,2.07096,1.11381,3.54167,0.42336,0,0.42336,460.49,0,1.02816,0,0,1.69809,0.669928,1.028160,1,0,33.7368,0,0,0,33.7368,0
67.912,2.52276,0,0,1.87583,0.164739,0.36288,3.6288,60.922,0.66528,0,0,0.730944,0.257461,0,0.66528,12.849,1,0.469194,0.36288,0,30.8304,4.93773,25.7863,0.84672,12.849,0.84672,3695.15,0,0,0,0.614459,1.91483,2.01716,1.18222,3.36423,0.42336,0,0.42336,460.49,0,1.02816,0,0,1.64262,0.614459,1.028160,1,0,29.1506,0,0,0,29.1506,0
66.6561,2.51625,0,0,1.77261,0.149316,0.36288,3.6288,60.6884,0.66528,0,0,0.698242,0.266569,0,0.66528,12.849,1,0.476076,0.36288,0,29.8394,5.04483,24.6813,0.84672,12.849,0.84672,3695.15,0,0,0,0.503219,1.91507,2.01156,1.20959,3.22025,0.42336,0,0.42336,460.49,0,1.02816,0,0,1.53138,0.503219,1.028160,1,0,27.9016,0,0,0,27.9016,0
65.4774,2.48656,0,0,1.8113,0.140569,0.36288,3.6288,60.3667,0.66528,0,0,0.59626,0.252696,0,0.66528,12.849,1,0.479323,0.36288,0,39.02,4.78135,34.1222,0.84672,12.849,0.84672,3695.15,0,0,0,0.518046,1.9153,2.0581,1.13961,3.35184,0.42336,0,0.42336,460.49,0,1.02816,0,0,1.54621,0.518046,1.028160,1,0,37.474,0,0,0,37.474,0
64.3771,2.47965,0,0,1.87854,0.136372,0.36288,3.6288,60.0171,0.66528,0,0,0.562417,0.246799,0,0.66528,12.849,1,0.486595,0.36288,0,40.6934,4.67597,35.8937,0.84672,12.849,0.84672,3695.15,0,0,0,0.644665,1.9487,2.21238,1.11161,3.69413,0.42336,0,0.42336,460.49,0,1.02816,0,0,1.67282,0.644665,1.028160,1,0,39.5878,0,0,0,39.5878,0
63.4663,2.22093,0,0,1.80367,0.130674,0.36288,3.6288,59.6385,0.66528,0,0,0.540692,0.253959,0,0.66528,12.849,1,0.443274,0.36288,0,38.1969,4.78455,33.332,0.84672,12.849,0.84672,3695.15,0,0,0,0.661444,1.94894,2.24251,1.14836,3.70453,0.42336,0,0.42336,460.49,0,1.02816,0,0,1.6896,0.661444,1.028160,1,0,37.0365,0,0,0,37.0365,0
62.371,2.21594,0,0,1.58669,0.103123,0.36288,3.6288,59.188,0.66528,0,0,0.511646,0.296837,0,0.66528,12.849,1,0.448626,0.36288,0,36.1386,5.57166,30.4812,0.84672,12.849,0.84672,3695.15,0,0,0,0.449168,2.12614,2.15228,1.41916,3.30843,0.42336,0,0.42336,460.49,0,1.02816,0,0,1.47733,0.449168,1.028160,1,0,33.7896,0,0,0,33.7896,0
61.1464,2.26713,0,0,1.50797,0.102595,0.36288,3.6288,58.7388,0.66528,0,0,0.509269,0.293234,0,0.66528,12.849,1,0.467049,0.36288,0,36.7646,5.87715,30.7833,0.84672,12.849,0.84672,3695.15,0,0,0,0.495685,2.12637,2.01399,1.51882,3.11723,0.42336,0,0.42336,460.49,0,1.02816,0,0,1.52385,0.495685,1.028160,1,0,33.9005,0,0,0,33.9005,0
59.79,2.2597,0,0,1.36761,0.101351,0.36288,3.6288,58.1937,0.689999,0,0,0.446915,0.302014,0,0.66528,12.849,1,0.474843,0.36288,0,31.663,5.79338,25.7577,0.84672,12.849,0.84672,3695.15,0,0,0,0.261274,2.17364,1.73977,1.45363,2.72105,0.42336,0,0.42336,460.49,0,1.00344,0,0,1.26471,0.261274,1.028160,1,0,28.4787,0,0,0,28.4787,0
58.3557,2.25114,0,0,1.27977,0.10015,0.36288,3.6288,57.5622,0.744267,0,0,0.413681,0.300956,0,0.66528,12.849,1,0.483774,0.36288,0,28.5839,5.79338,22.6696,0.84672,12.849,0.84672,3695.15,0,0,0,0.261274,2.17388,1.55272,1.45363,2.53425,0.42336,0,0.42336,460.49,0,0.949173,0,0,1.21045,0.261274,1.028160,1,0,25.2039,0,0,0,25.2039,0
56.8272,2.2417,0,0,1.17489,0.0987729,0.36288,3.6288,56.8617,0.809827,0,0,0.409138,0.29973,0,0.66528,12.849,1,0.493586,0.36288,0,26.1291,5.79338,20.205,0.84672,12.849,0.84672,3695.15,0,0,0,0.227405,2.17413,1.51862,1.45363,2.46652,0.42336,0,0.42336,460.49,0,0.883613,0,0,1.11102,0.227405,1.028160,1,0,22.6715,0,0,0,22.6715,0
55.3952,2.39665,0,0,1.41152,0.0839761,0.36288,3.6288,56.4108,0.66528,0,0,0.498204,0.28382,0,0.66528,12.849,1,0.541899,0.36288,0,27.3631,6.00159,21.1825,0.84672,12.849,0.84672,3695.15,0,0,0,0.477455,2.17437,2.26753,1.51245,3.40691,0.42336,0,0.42336,460.49,0,1.02816,0,0,1.50561,0.477455,1.028160,1,0,24.5894,0,0,0,24.5894,0
53.7128,2.3856,0,0,1.1454,0.0793045,0.36288,3.6288,55.8416,0.66528,0,0,0.415289,0.319222,0,0.66528,12.849,1,0.553344,0.36288,0,27.2039,6.33947,20.674,0.84672,12.849,0.84672,3695.15,0,0,0,0.243397,2.33561,1.63925,1.66919,2.54906,0.42336,0,0.42336,460.49,0,1.02816,0,0,1.27156,0.243397,1.028160,1,0,23.223,0,0,0,23.223,0
51.7793,2.37193,0,0,0.879077,0.0777955,0.36288,3.6288,54.7595,1.04677,0,0,0.291241,0.326589,0,0.66528,12.849,1,0.567406,0.36288,0,27.5953,6.39156,20.9992,0.84672,12.849,0.84672,3695.15,0,0,0,0.227405,2.33587,1.25177,1.69232,2.12273,0.42336,0,0.42336,460.49,0,0.646669,0,0,0.874074,0.227405,1.028160,1,0,23.1219,0,0,0,23.1219,0
50.0736,2.35527,0,0,1.08877,0.0762649,0.36288,3.6288,54.2545,0.66528,0,0,0.484528,0.324275,0,0.66528,12.849,1,0.584459,0.36288,0,24.4556,6.39156,17.8425,0.84672,12.849,0.84672,3695.15,0,0,0,0.530842,2.33613,1.88107,1.69232,3.05573,0.42336,0,0.42336,460.49,0,1.02816,0,0,1.559,0.530842,1.028160,1,0,20.8982,0,0,0,20.8982,0
48.1557,2.33974,0,0,0.864829,0.0801206,0.36288,3.6288,53.4677,0.831946,0,0,0.335382,0.290259,0,0.66528,12.849,1,0.600383,0.36288,0,19.7482,5.46734,14.0434,0.84672,12.849,0.84672,3695.15,0,0,0,0.204422,2.3364,1.84118,1.33255,3.04944,0.42336,0,0.42336,460.49,0,0.861494,0,0,1.06592,0.204422,1.028160,1,0,17.0928,0,0,0,17.0928,0
47.2715,2.24307,0,0,1.80338,0.0816716,0.36288,3.6288,53.4409,0.66528,0,0,0.921745,0.283221,0,0.66528,12.849,1,0.598501,0.36288,0,36.4148,5.5819,30.5973,0.84672,12.849,0.84672,3695.15,0,0,0,1.4077,2.33666,3.7579,1.32854,6.17371,0.42336,0,0.42336,460.49,0,1.02816,0,0,2.43586,1.4077,1.028160,1,0,36.771,0,0,0,36.771,0
47.5917,2.23457,0,0,2.99938,0.0817361,0.36288,3.6288,54.1794,0.66528,0,0,1.69271,0.288942,0,0.66528,12.849,1,0.607385,0.36288,0,38.5316,5.9451,32.342,0.84672,12.849,0.84672,3695.15,0,0,0,3.80618,2.24369,6.18405,1.43347,10.8005,0.42336,0,0.42336,460.49,0,1.02816,0,0,4.83434,3.80618,1.028160,1,0,43.1425,0,0,0,43.1425,0
47.1723,2.23809,0,0,2.26366,0.082024,0.36288,3.6288,54.5611,0.66528,0,0,1.33746,0.29051,0,0.66528,12.849,1,0.604249,0.36288,0,56.9902,5.9451,50.8038,0.84672,12.849,0.84672,3695.15,0,0,0,3.60601,2.24394,4.79868,1.43347,9.21516,0.42336,0,0.42336,460.49,0,1.02816,0,0,4.63417,3.60601,1.028160,1,0,60.0189,0,0,0,60.0189,0
46.0032,2.23417,0,0,1.50952,0.081647,0.36288,3.6288,54.6223,0.66528,0,0,1.01777,0.291244,0,0.66528,12.849,1,0.608552,0.36288,0,35.7509,5.9451,29.5601,0.84672,12.849,0.84672,3695.15,0,0,0,1.87629,2.2442,3.23857,1.43347,5.92558,0.42336,0,0.42336,460.49,0,1.02816,0,0,2.90445,1.87629,1.028160,1,0,35.4857,0,0,0,35.4857,0
45.566,2.15886,0,0,2.21564,0.131063,0.36288,3.6288,55.1207,0.66528,0,0,1.44215,0.278466,0,0.66528,12.849,1,0.602985,0.36288,0,43.9322,5.46201,38.2301,0.84672,12.849,0.84672,3695.15,0,0,0,2.317,2.24445,4.97889,1.31696,8.22337,0.42336,0,0.42336,460.49,0,1.02816,0,0,3.34516,2.317,1.028160,1,0,46.4535,0,0,0,46.4535,0
44.9342,2.15464,0,0,2.08049,0.194828,0.36288,3.6288,55.3834,0.66528,0,0,1.12813,0.200137,0,0.66528,12.849,1,0.60758,0.36288,0,46.5153,4.48644,41.7841,0.84672,12.849,0.84672,3695.15,0,0,0,1.28213,2.16146,5.04407,0.97693,7.51072,0.42336,0,0.42336,460.49,0,1.02816,0,0,2.31029,1.28213,1.028160,1,0,49.2948,0,0,0,49.2948,0
44.2047,2.14829,0,0,1.97511,0.193448,0.36288,3.6288,55.2947,0.66528,0,0,0.777061,0.200483,0,0.66528,12.849,1,0.614306,0.36288,0,42.4845,4.48644,37.7467,0.84672,12.849,0.84672,3695.15,0,0,0,0.22769,2.1617,4.51348,0.97693,5.92593,0.42336,0,0.42336,460.49,0,1.02816,0,0,1.25585,0.22769,1.028160,1,0,43.6726,0,0,0,43.6726,0
45.5589,2.14072,0,0,4.04968,0.191855,0.36288,3.6288,56.1448,0.66528,0,0,1.71572,0.200366,0,0.66528,12.849,1,0.622245,0.36288,0,65.6242,4.48644,60.8784,0.84672,12.849,0.84672,3695.15,0,0,0,2.07706,2.16194,6.45331,0.97693,9.71537,0.42336,0,0.42336,460.49,0,1.02816,0,0,3.10522,2.07706,1.028160,1,0,70.5937,0,0,0,70.5937,0
51.113,1.97534,0,0,8.0872,0.194813,0.36288,3.6288,58.5798,0.66528,0,0,3.30177,0.201485,0,0.66528,12.849,1,0.557108,0.36288,0,120.971,4.48644,116.291,0.84672,12.849,0.84672,3695.15,0,0,0,5.70493,2.16218,10.3823,0.97693,17.2725,0.42336,0,0.42336,460.49,0,1.02816,0,0,6.73309,5.70493,1.028160,1,0,133.563,0,0,0,133.563,0
54.4443,2.024,0,0,5.94909,0.230959,0.36288,3.6288,59.5034,0.66528,0,0,1.81169,0.222842,0,0.66528,12.849,1,0.5088,0.36288,0,90.3727,4.05498,86.1718,0.84672,12.849,0.84672,3695.15,0,0,0,2.08538,1.97743,5.0564,1.00646,8.11275,0.42336,0,0.42336,460.49,0,1.02816,0,0,3.11354,2.08538,1.028160,1,0,94.2845,0,0,0,94.2845,0
58.5062,2.04946,0,0,6.71739,0.243148,0.36288,3.6288,61.2992,0.66528,0,0,2.68831,0.227209,0,0.66528,12.849,1,0.483679,0.36288,0,138.716,3.98307,134.612,0.84672,12.849,0.84672,3695.15,0,0,0,3.30057,1.97765,5.54255,1.01138,9.80939,0.42336,0,0.42336,460.49,0,1.02816,0,0,4.32873,3.30057,1.028160,1,0,144.422,0,0,0,144.422,0
63.5013,2.07728,0,0,7.68666,0.251358,0.36288,3.6288,61.308,0.66528,0,0,2.61849,0.223325,1.72107,0.66528,12.849,1,0.456207,0.36288,0,133.746,3.90817,129.745,0.84672,12.849,0.84672,3695.15,0,0,0,2.6148,1.97787,4.48472,1.00402,8.07337,0.42336,0,0.42336,460.49,0,1.02816,0,0,3.64296,2.6148,1.028160,1,0,139.539,0,0,0,139.539,0
67.9737,2.35892,0,0,7.4457,0.251504,0.36288,3.6288,61.308,0.615421,0,0,2.30463,0.184374,1.50484,0.66528,12.849,1,0.477309,0.36288,0,88.8054,3.45881,85.2321,0.84672,12.849,0.84672,3695.15,0,0,0,1.58436,1.97809,4.84214,0.959868,7.44472,0.42336,0,0.42336,460.49,0,1.02816,0,0,2.61252,1.58436,1.028160,1,0,94.1817,0,0,0,94.1817,0
72.29,2.38533,0,0,9.97275,0.258426,3.01272,3.6288,61.308,0.615421,0,0,2.81757,0.198854,2.0033,0.66528,12.849,1,0.450897,3.01272,0,109.749,3.59565,108.715,0.84672,12.849,0.84672,3695.15,0,0,0,2.78858,1.80134,11.2845,0.877123,14.9973,0.42336,0,0.42336,460.49,0,1.02816,0,0,3.81674,2.78858,1.028160,1,0,125.716,0,0,0,125.716,0
72.29,2.48393,0,0,4.18648,0.264113,1.43843,3.6288,61.308,0.729294,0,0,1.07943,0.21816,0.131976,0.66528,12.849,1,0.4415,1.43843,0,101.228,3.77811,98.4468,0.84672,12.849,0.84672,3695.15,0,0,0,0.412474,1.80134,6.4076,0.766796,7.85461,0.42336,0,0.42336,460.49,0,0.964146,0,0,1.37662,0.412474,1.028160,1,0,106.433,0,0,0,106.433,0
72.29,2.48422,0,0,7.11159,0.264113,4.36326,3.6288,61.308,0.66528,0,0,1.98075,0.21816,1.09731,0.66528,12.849,1,0.441551,4.36326,0,111.913,3.77811,112.057,0.84672,12.849,0.84672,3695.15,0,0,0,3.36102,1.85927,11.9979,0.766796,16.4514,0.42336,0,0.42336,460.49,0,1.02816,0,0,4.38918,3.36102,1.028160,1,0,129.605,0,0,0,129.605,0
72.29,2.4845,0,0,7.59195,0.276285,4.83116,3.6288,61.308,0.66528,0,0,1.52969,0.214619,0.649787,0.66528,12.849,1,0.441601,4.83116,0,121.313,4.02771,121.675,0.84672,12.849,0.84672,3695.15,0,0,0,3.03195,1.85948,8.12471,0.834877,12.1813,0.42336,0,0.42336,460.49,0,1.02816,0,0,4.06011,3.03195,1.028160,1,0,134.506,0,0,0,134.506,0
72.29,2.48479,0,0,6.01296,0.285414,3.24276,3.6288,61.308,0.66528,0,0,1.63329,0.211963,0.756045,0.66528,12.849,1,0.441652,3.24276,0,124.975,4.21491,123.561,0.84672,12.849,0.84672,3695.15,0,0,0,2.4887,1.8597,7.76771,0.885938,11.2302,0.42336,0,0.42336,460.49,0,1.02816,0,0,3.51686,2.4887,1.028160,1,0,135.547,0,0,0,135.547,0
72.29,2.72746,0,0,5.84614,0.290502,2.82817,3.6288,61.308,0.66528,0,0,1.08372,0.199527,0.218917,0.66528,12.849,1,0.484786,2.82817,0,86.4708,3.36682,85.4474,0.84672,12.849,0.84672,3695.15,0,0,0,1.00475,1.85991,5.72647,0.896072,7.69506,0.42336,0,0.42336,460.49,0,1.02816,0,0,2.03291,1.00475,1.028160,1,0,93.3614,0,0,0,93.3614,0
72.29,2.72777,0,0,3.56489,0.290502,0.546613,3.6288,61.308,0.66528,0,0,1.64677,0.199527,0.78196,0.66528,12.849,1,0.484841,0.546613,0,82.0014,3.36682,78.6963,0.84672,12.849,0.84672,3695.15,0,0,0,1.28396,2.06784,7.4638,0.896072,9.91953,0.42336,0,0.42336,460.49,0,1.02816,0,0,2.31212,1.28396,1.028160,1,0,89.3978,0,0,0,89.3978,0
72.29,2.72809,0,0,4.78109,0.290502,1.7625,3.6288,61.308,0.66528,0,0,1.19464,0.199527,0.329829,0.66528,12.849,1,0.484897,1.7625,0,130.467,3.36682,128.378,0.84672,12.849,0.84672,3695.15,0,0,0,1.9506,2.06808,7.77836,0.896072,10.901,0.42336,0,0.42336,460.49,0,1.02816,0,0,2.97876,1.9506,1.028160,1,0,139.609,0,0,0,139.609,0
72.29,2.7284,0,0,4.3468,0.351264,1.26714,3.6288,61.308,0.66528,0,0,1.24808,0.186864,0.395938,0.66528,12.849,1,0.484953,1.26714,0,111.176,3.48228,108.476,0.84672,12.849,0.84672,3695.15,0,0,0,2.78553,2.06832,7.41902,0.849545,11.4233,0.42336,0,0.42336,460.49,0,1.02816,0,0,3.81369,2.78553,1.028160,1,0,120.295,0,0,0,120.295,0
72.29,2.38283,0,0,6.45028,0.326328,3.74112,3.6288,61.308,0.602025,0,0,3.36372,0.179356,2.58234,0.66528,12.849,1,0.423531,3.74112,0,116.656,3.36315,116.61,0.84672,12.849,0.84672,3695.15,0,0,0,5.82558,2.06856,13.3462,1.03347,20.2069,0.42336,0,0.42336,460.49,0,1.02816,0,0,6.85374,5.82558,1.028160,1,0,139.399,0,0,0,139.399,0
72.29,2.38311,0,0,5.69313,0.326328,2.98369,3.6288,61.308,0.602212,0,0,2.27499,0.179356,1.49342,0.66528,12.849,1,0.423579,2.98369,0,90.4617,3.36315,89.6586,0.84672,12.849,0.84672,3695.15,0,0,0,3.51964,1.78539,10.1568,1.03347,14.4283,0.42336,0,0.42336,460.49,0,1.02816,0,0,4.5478,3.51964,1.028160,1,0,105.58,0,0,0,105.58,0
72.29,2.38338,0,0,4.41933,0.326328,1.70962,3.6288,61.308,0.602399,0,0,1.77095,0.179356,0.989194,0.66528,12.849,1,0.423628,1.70962,0,95.3217,3.36315,93.2445,0.84672,12.849,0.84672,3695.15,0,0,0,2.4935,1.7856,8.21828,1.03347,11.4639,0.42336,0,0.42336,460.49,0,1.02816,0,0,3.52166,2.4935,1.028160,1,0,105.698,0,0,0,105.698,0
72.29,2.38365,0,0,3.57132,0.292344,0.89532,3.6288,61.308,0.602587,0,0,1.1857,0.161307,0.421808,0.66528,12.849,1,0.423677,0.89532,0,77.7997,3.10157,75.1698,0.84672,12.849,0.84672,3695.15,0,0,0,1.74296,1.7858,7.2576,0.995895,9.79047,0.42336,0,0.42336,460.49,0,1.02816,0,0,2.77112,1.74296,1.028160,1,0,85.3821,0,0,0,85.3821,0
72.29,2.38393,0,0,4.61277,0.27742,1.95143,3.6288,61.308,0.602774,0,0,1.89378,0.164352,1.12665,0.66528,12.849,1,0.423725,1.95143,0,95.7874,3.32068,93.9944,0.84672,12.849,0.84672,3695.15,0,0,0,3.99635,1.78601,9.17749,1.01151,13.9483,0.42336,0,0.42336,460.49,0,1.02816,0,0,5.02451,3.99635,1.028160,1,0,109.069,0,0,0,109.069,0
72.29,2.47132,0,0,4.63134,0.300212,1.85981,3.6288,61.308,0.66528,0,0,2.43912,0.184685,1.58916,0.66528,12.849,1,0.439258,1.85981,0,97.3892,3.74661,95.0632,0.84672,12.849,0.84672,3695.15,0,0,0,5.31577,1.78621,8.80992,1.0608,14.8511,0.42336,0,0.42336,460.49,0,1.02816,0,0,6.34393,5.31577,1.028160,1,0,111.503,0,0,0,111.503,0
72.29,2.4716,0,0,3.99448,0.300212,1.22267,3.6288,61.308,0.66528,0,0,2.72032,0.184685,1.87036,0.66528,12.849,1,0.439308,1.22267,0,88.5125,3.74661,85.5492,0.84672,12.849,0.84672,3695.15,0,0,0,5.89234,1.85633,8.85273,1.0608,15.5406,0.42336,0,0.42336,460.49,0,1.02816,0,0,6.9205,5.89234,1.028160,1,0,102.96,0,0,0,102.96,0
72.29,2.47188,0,0,4.32972,0.300212,1.55762,3.6288,61.308,0.66528,0,0,2.06073,0.184685,1.21076,0.66528,12.849,1,0.439359,1.55762,0,90.7416,3.74661,88.1133,0.84672,12.849,0.84672,3695.15,0,0,0,5.04335,1.85654,8.04703,1.0608,13.8861,0.42336,0,0.42336,460.49,0,1.02816,0,0,6.07151,5.04335,1.028160,1,0,103.21,0,0,0,103.21,0
72.29,2.47217,0,0,3.43223,0.269843,0.69022,3.6288,61.308,0.66528,0,0,1.48531,0.215384,0.604647,0.66528,12.849,1,0.439409,0.69022,0,68.8401,4.0104,65.0805,0.84672,12.849,0.84672,3695.15,0,0,0,3.20652,1.85676,5.80663,1.15366,9.71625,0.42336,0,0.42336,460.49,0,1.02816,0,0,4.23468,3.20652,1.028160,1,0,75.4014,0,0,0,75.4014,0
72.29,2.43838,0,0,3.06352,0.257918,0.367225,3.6288,61.308,0.643853,0,0,1.35816,0.223061,0.491242,0.66528,12.849,1,0.433403,0.367225,0,59.2126,3.778,55.3684,0.84672,12.849,0.84672,3695.15,0,0,0,2.20276,1.85697,5.43339,1.13628,8.35684,0.42336,0,0.42336,460.49,0,1.02816,0,0,3.23092,2.20276,1.028160,1,0,64.2165,0,0,0,64.2165,0
71.9945,2.43866,0,0,2.76391,0.257918,0.36288,3.6288,61.308,0.644045,0,0,1.22898,0.223061,0.361873,0.66528,12.849,1,0.433453,0.36288,0,54.6996,3.778,50.851,0.84672,12.849,0.84672,3695.15,0,0,0,1.71348,1.82997,5.12861,1.13628,7.53577,0.42336,0,0.42336,460.49,0,1.02816,0,0,2.74164,1.71348,1.028160,1,0,58.7486,0,0,0,58.7486,0
72.189,2.43743,0,0,3.24008,0.245203,0.36288,3.6288,61.308,0.644237,0,0,1.14927,0.228995,0.276034,0.66528,12.849,1,0.435013,0.36288,0,59.344,4.24585,55.026,0.84672,12.849,0.84672,3695.15,0,0,0,1.70766,1.83018,6.81426,1.15473,9.19738,0.42336,0,0.42336,460.49,0,1.02816,0,0,2.73582,1.70766,1.028160,1,0,64.4994,0,0,0,64.4994,0
71.7786,2.4387,0,0,2.59494,0.20377,0.36288,3.6288,61.308,0.64443,0,0,1.11759,0.24734,0.225823,0.66528,12.849,1,0.434067,0.36288,0,45.0081,5.47515,39.4618,0.84672,12.849,0.84672,3695.15,0,0,0,1.71355,1.83039,5.23609,1.22619,7.55383,0.42336,0,0.42336,460.49,0,1.02816,0,0,2.74171,1.71355,1.028160,1,0,47.2414,0,0,0,47.2414,0
70.8384,2.55247,0,0,2.20236,0.227219,0.36288,3.6288,61.308,0.66528,0,0,1.05613,0.205958,0.184889,0.66528,12.849,1,0.456915,0.36288,0,35.7889,4.33674,31.3581,0.84672,12.849,0.84672,3695.15,0,0,0,0.999026,1.8306,4.09329,1.08495,5.83796,0.42336,0,0.42336,460.49,0,1.02816,0,0,2.02719,0.999026,1.028160,1,0,37.3809,0,0,0,37.3809,0
69.9443,2.54763,0,0,2.14764,0.131237,0.36288,3.6288,61.308,0.66528,0,0,0.996555,0.234978,0.096297,0.66528,12.849,1,0.462102,0.36288,0,36.9208,4.61632,32.2052,0.84672,12.849,0.84672,3695.15,0,0,0,0.923832,1.92622,4.03598,1.14248,5.74356,0.42336,0,0.42336,460.49,0,1.02816,0,0,1.95199,0.923832,1.028160,1,0,38.0451,0,0,0,38.0451,0
68.8155,2.54294,0,0,1.90737,0.130336,0.36288,3.6288,61.2201,0.66528,0,0,0.81235,0.234978,0,0.66528,12.849,1,0.467146,0.36288,0,33.019,4.61632,28.2984,0.84672,12.849,0.84672,3695.15,0,0,0,0.631696,1.92645,3.46139,1.14248,4.87706,0.42336,0,0.42336,460.49,0,1.02816,0,0,1.65986,0.631696,1.028160,1,0,33.1754,0,0,0,33.1754,0
67.6236,2.53677,0,0,1.83695,0.1292,0.36288,3.6288,60.9739,0.66528,0,0,0.653936,0.234847,0,0.66528,12.849,1,0.473657,0.36288,0,30.4277,4.61632,25.7006,0.84672,12.849,0.84672,3695.15,0,0,0,0.507678,1.92667,3.32773,1.14248,4.6196,0.42336,0,0.42336,460.49,0,1.02816,0,0,1.53584,0.507678,1.028160,1,0,30.3202,0,0,0,30.3202,0
66.6501,2.53005,0,0,2.0373,0.117907,0.36288,3.6288,60.7191,0.66528,0,0,0.705306,0.294821,0,0.66528,12.849,1,0.480728,0.36288,0,34.38,5.56158,28.7006,0.84672,12.849,0.84672,3695.15,0,0,0,0.430877,1.92689,3.74363,1.32758,4.77381,0.42336,0,0.42336,460.49,0,1.02816,0,0,1.45904,0.430877,1.028160,1,0,33.4744,0,0,0,33.4744,0
65.7797,2.50184,0,0,2.09661,0.102215,0.36288,3.6288,60.5538,0.66528,0,0,0.793126,0.293184,0,0.66528,12.849,1,0.482312,0.36288,0,37.0567,5.47176,31.4655,0.84672,12.849,0.84672,3695.15,0,0,0,0.42673,1.92711,4.21112,1.3046,5.26036,0.42336,0,0.42336,460.49,0,1.02816,0,0,1.45489,0.42673,1.028160,1,0,36.7259,0,0,0,36.7259,0
65.1329,2.2438,0,0,2.06137,0.101509,0.36288,3.6288,60.3939,0.66528,0,0,0.79831,0.292876,0,0.66528,12.849,1,0.43829,0.36288,0,35.0193,5.47176,29.4721,0.84672,12.849,0.84672,3695.15,0,0,0,0.529485,1.9607,4.53062,1.3046,5.7162,0.42336,0,0.42336,460.49,0,1.02816,0,0,1.55765,0.529485,1.028160,1,0,35.1883,0,0,0,35.1883,0
64.4244,2.24045,0,0,1.99579,0.100985,0.36288,3.6288,60.1932,0.66528,0,0,0.757097,0.292579,0,0.66528,12.849,1,0.441982,0.36288,0,32.8762,5.47176,27.3254,0.84672,12.849,0.84672,3695.15,0,0,0,0.527178,2.13789,4.59907,1.3046,5.95954,0.42336,0,0.42336,460.49,0,1.02816,0,0,1.55534,0.527178,1.028160,1,0,33.2849,0,0,0,33.2849,0
63.505,2.23669,0,0,1.75387,0.0737408,0.36288,3.6288,59.898,0.66528,0,0,0.712902,0.342753,0,0.66528,12.849,1,0.446092,0.36288,0,30.3075,6.21846,24.0058,0.84672,12.849,0.84672,3695.15,0,0,0,0.324259,2.13812,4.28014,1.54465,5.19787,0.42336,0,0.42336,460.49,0,1.02816,0,0,1.35242,0.324259,1.028160,1,0,29.2037,0,0,0,29.2037,0
62.3257,2.28955,0,0,1.54599,0.0728443,0.36288,3.6288,59.455,0.769997,0,0,0.6747,0.347714,0,0.66528,12.849,1,0.463247,0.36288,0,23.8359,6.36588,17.3696,0.84672,12.849,0.84672,3695.15,0,0,0,0.261274,2.13834,3.45354,1.57642,4.27673,0.42336,0,0.42336,460.49,0,0.923443,0,0,1.18472,0.261274,1.028160,1,0,21.6463,0,0,0,21.6463,0
61.1695,2.28258,0,0,1.5566,0.0673462,0.36288,3.6288,59.0797,0.66528,0,0,0.641062,0.351122,0,0.66528,12.849,1,0.470574,0.36288,0,31.222,6.40385,24.7105,0.84672,12.849,0.84672,3695.15,0,0,0,0.29808,2.18589,3.80157,1.59891,4.68662,0.42336,0,0.42336,460.49,0,1.02816,0,0,1.32624,0.29808,1.028160,1,0,29.3971,0,0,0,29.3971,0
59.9219,2.27552,0,0,1.45754,0.0667071,0.36288,3.6288,58.6603,0.66528,0,0,0.596186,0.350279,0,0.66528,12.849,1,0.477985,0.36288,0,25.0683,6.40385,18.5493,0.84672,12.849,0.84672,3695.15,0,0,0,0.273508,2.18612,3.42681,1.59891,4.28753,0.42336,0,0.42336,460.49,0,1.02816,0,0,1.30167,0.273508,1.028160,1,0,22.8369,0,0,0,22.8369,0
58.5525,2.26761,0,0,1.32704,0.0659869,0.36288,3.6288,58.0575,0.819478,0,0,0.565996,0.349337,0,0.66528,12.849,1,0.486242,0.36288,0,22.8465,6.40385,16.3193,0.84672,12.849,0.84672,3695.15,0,0,0,0.227405,2.18635,3.19645,1.59891,4.01129,0.42336,0,0.42336,460.49,0,0.873962,0,0,1.10137,0.227405,1.028160,1,0,20.3306,0,0,0,20.3306,0
56.9017,2.42598,0,0,1.19487,0.0567736,0.36288,3.6288,57.7051,0.66528,0,0,0.644982,0.332073,0,0.66528,12.849,1,0.532366,0.36288,0,20.7978,6.46145,14.1668,0.84672,12.849,0.84672,3695.15,0,0,0,0.463199,2.18658,3.77388,1.56893,4.85474,0.42336,0,0.42336,460.49,0,1.02816,0,0,1.49136,0.463199,1.028160,1,0,19.0216,0,0,0,19.0216,0
54.9897,2.41368,0,0,0.917171,0.0525788,0.36288,3.6288,57.2236,0.69012,0,0,0.533567,0.324968,0,0.66528,12.849,1,0.545035,0.36288,0,17.4055,6.48449,10.7388,0.84672,12.849,0.84672,3695.15,0,0,0,0.227405,2.34879,3.19196,1.55693,4.21122,0.42336,0,0.42336,460.49,0,1.00332,0,0,1.23072,0.227405,1.028160,1,0,14.95,0,0,0,14.95,0
53.204,2.39862,0,0,1.02737,0.0515881,0.36288,3.6288,56.7817,0.66528,0,0,0.547344,0.323956,0,0.66528,12.849,1,0.560467,0.36288,0,17.3012,6.48449,10.6191,0.84672,12.849,0.84672,3695.15,0,0,0,0.23684,2.34904,3.42115,1.55693,4.4501,0.42336,0,0.42336,460.49,0,1.02816,0,0,1.265,0.23684,1.028160,1,0,15.0692,0,0,0,15.0692,0
52.0337,2.38377,0,0,1.64424,0.0679201,0.36288,3.6288,56.4702,0.66528,0,0,0.672676,0.318859,0,0.66528,12.849,1,0.575692,0.36288,0,28.7424,6.36575,22.1639,0.84672,12.849,0.84672,3695.15,0,0,0,0.50868,2.34929,3.72935,1.54237,5.04495,0.42336,0,0.42336,460.49,0,1.02816,0,0,1.53684,0.50868,1.028160,1,0,27.2088,0,0,0,27.2088,0
51.3475,2.37369,0,0,2.13142,0.0810099,0.36288,3.6288,56.3031,0.66528,0,0,0.772046,0.273935,0,0.66528,12.849,1,0.58615,0.36288,0,28.1363,5.60045,22.3126,0.84672,12.849,0.84672,3695.15,0,0,0,0.429408,2.34954,4.72626,1.34678,6.15843,0.42336,0,0.42336,460.49,0,1.02816,0,0,1.45757,0.429408,1.028160,1,0,28.471,0,0,0,28.471,0
50.149,2.2881,0,0,1.56846,0.115989,0.36288,3.6288,56.246,0.66528,0,0,0.828506,0.220303,0,0.66528,12.849,1,0.572566,0.36288,0,24.4954,4.29292,19.9928,0.84672,12.849,0.84672,3695.15,0,0,0,0.831963,2.34979,6.63031,1.08719,8.72487,0.42336,0,0.42336,460.49,0,1.02816,0,0,1.86012,0.831963,1.028160,1,0,28.7177,0,0,0,28.7177,0
49.1578,2.2775,0,0,1.76374,0.114539,0.36288,3.6288,56.5681,0.66528,0,0,1.20758,0.220221,0,0.66528,12.849,1,0.583533,0.36288,0,27.518,4.29292,23.0044,0.84672,12.849,0.84672,3695.15,0,0,0,1.50992,2.25624,8.71603,1.08719,11.395,0.42336,0,0.42336,460.49,0,1.02816,0,0,2.53808,1.50992,1.028160,1,0,34.3994,0,0,0,34.3994,0
47.9789,2.26846,0,0,1.5657,0.113337,0.36288,3.6288,56.6226,0.66528,0,0,0.94049,0.220684,0,0.66528,12.849,1,0.592936,0.36288,0,24.0023,4.29292,19.4793,0.84672,12.849,0.84672,3695.15,0,0,0,1.02941,2.25648,6.68713,1.08719,8.88584,0.42336,0,0.42336,460.49,0,1.02816,0,0,2.05757,1.02941,1.028160,1,0,28.3651,0,0,0,28.3651,0
47.2772,2.25725,0,0,2.0458,0.127316,0.36288,3.6288,57.1414,0.66528,0,0,1.40283,0.21878,0,0.66528,12.849,1,0.604505,0.36288,0,33.0709,4.31239,28.5169,0.84672,12.849,0.84672,3695.15,0,0,0,2.27624,2.25672,10.5769,1.11199,13.9979,0.42336,0,0.42336,460.49,0,1.02816,0,0,3.3044,2.27624,1.028160,1,0,42.5148,0,0,0,42.5148,0
45.7622,2.18621,0,0,1.20614,0.172001,0.36288,3.6288,56.848,0.860516,0,0,0.763775,0.196665,0,0.66528,12.849,1,0.594168,0.36288,0,26.7238,4.06266,22.4298,0.84672,12.849,0.84672,3695.15,0,0,0,0.216518,2.25696,5.76791,0.977555,7.26383,0.42336,0,0.42336,460.49,0,0.832924,0,0,1.04944,0.216518,1.028160,1,0,29.6937,0,0,0,29.6937,0
45.5027,2.17113,0,0,2.4436,0.169135,0.36288,3.6288,57.6493,0.66528,0,0,1.66295,0.19629,0,0.66528,12.849,1,0.609603,0.36288,0,42.3325,4.06266,38.0232,0.84672,12.849,0.84672,3695.15,0,0,0,1.28305,2.17346,12.1218,0.977555,14.6008,0.42336,0,0.42336,460.49,0,1.02816,0,0,2.31121,1.28305,1.028160,1,0,52.6239,0,0,0,52.6239,0
44.4254,2.16869,0,0,1.62291,0.168644,0.36288,3.6288,58.3926,0.66528,0,0,1.60587,0.197313,0,0.66528,12.849,1,0.612393,0.36288,0,26.0549,4.06266,21.7427,0.84672,12.849,0.84672,3695.15,0,0,0,1.35384,2.17368,9.02845,0.977555,11.5784,0.42336,0,0.42336,460.49,0,1.02816,0,0,2.382,1.35384,1.028160,1,0,33.3211,0,0,0,33.3211,0
44.0738,2.15745,0,0,2.37641,0.207715,0.36288,3.6288,58.781,0.66528,0,0,1.26885,0.215191,0,0.66528,12.849,1,0.623991,0.36288,0,50.834,4.35261,46.2202,0.84672,12.849,0.84672,3695.15,0,0,0,0.799771,2.17391,16.5974,1.04525,18.5259,0.42336,0,0.42336,460.49,0,1.02816,0,0,1.82793,0.799771,1.028160,1,0,64.7461,0,0,0,64.7461,0
43.9983,1.97402,0,0,2.45385,0.192361,0.36288,3.6288,59.4562,0.66528,0,0,1.54729,0.206854,0,0.66528,12.849,1,0.575495,0.36288,0,51.4253,3.3177,47.895,0.84672,12.849,0.84672,3695.15,0,0,0,1.69901,2.17414,6.56958,0.767802,9.67493,0.42336,0,0.42336,460.49,0,1.02816,0,0,2.72717,1.69901,1.028160,1,0,57.5699,0,0,0,57.5699,0
44.7589,1.97351,0,0,3.32123,0.224268,0.36288,3.6288,60.0179,0.66528,0,0,1.42379,0.196775,0,0.66528,12.849,1,0.576333,0.36288,0,43.9924,3.79032,39.9886,0.84672,12.849,0.84672,3695.15,0,0,0,1.98292,1.98827,7.70896,0.967856,10.7123,0.42336,0,0.42336,460.49,0,1.02816,0,0,3.01108,1.98292,1.028160,1,0,50.7009,0,0,0,50.7009,0
45.9412,1.98138,0,0,3.74458,0.21803,0.36288,3.6288,60.6435,0.66528,0,0,1.48444,0.193543,0,0.66528,12.849,1,0.568797,0.36288,0,58.2889,3.69432,54.3887,0.84672,12.849,0.84672,3695.15,0,0,0,1.806,1.98848,9.8121,0.98932,12.6173,0.42336,0,0.42336,460.49,0,1.02816,0,0,2.83416,1.806,1.028160,1,0,67.0059,0,0,0,67.0059,0
47.5086,1.99307,0,0,4.14426,0.220946,0.36288,3.6288,61.308,0.66528,0,0,1.70909,0.194315,0.184997,0.66528,12.849,1,0.55743,0.36288,0,80.9624,3.69432,77.0735,0.84672,12.849,0.84672,3695.15,0,0,0,1.64411,1.98868,9.95535,0.98932,12.5988,0.42336,0,0.42336,460.49,0,1.02816,0,0,2.67227,1.64411,1.028160,1,0,89.8574,0,0,0,89.8574,0
48.631,2.00781,0,0,3.71781,0.22473,0.36288,3.6288,61.308,0.66528,0,0,1.73522,0.18821,0.881733,0.66528,12.849,1,0.543024,0.36288,0,97.0263,3.55077,93.2954,0.84672,12.849,0.84672,3695.15,0,0,0,1.3749,1.98889,10.3015,0.924857,12.7404,0.42336,0,0.42336,460.49,0,1.02816,0,0,2.40306,1.3749,1.028160,1,0,106.918,0,0,0,106.918,0
56.7027,2.08868,0,0,10.7506,0.227289,0.36288,3.6288,61.308,0.66528,0,0,4.32503,0.170899,3.48885,0.66528,12.849,1,0.551861,0.36288,0,205.108,3.1919,201.728,0.84672,12.849,0.84672,3695.15,0,0,0,5.49999,1.9891,28.5754,0.763699,35.3008,0.42336,0,0.42336,460.49,0,1.02816,0,0,6.52815,5.49999,1.028160,1,0,240.517,0,0,0,240.517,0
60.5538,2.15299,0,0,6.61393,0.246997,0.36288,3.6288,61.308,0.66528,0,0,3.23584,0.170899,2.39967,0.66528,12.849,1,0.487874,0.36288,0,171.822,3.1919,168.505,0.84672,12.849,0.84672,3695.15,0,0,0,2.98882,2.04737,16.0026,0.763699,20.2751,0.42336,0,0.42336,460.49,0,1.02816,0,0,4.01698,2.98882,1.028160,1,0,191.18,0,0,0,191.18,0
64.6591,2.17885,0,0,6.90552,0.25845,0.36288,3.6288,61.308,0.66528,0,0,3.67675,0.16056,2.85091,0.66528,12.849,1,0.462333,0.36288,0,169.357,3.0822,166.175,0.84672,12.849,0.84672,3695.15,0,0,0,3.95014,2.04757,17.4555,0.705924,22.7473,0.42336,0,0.42336,460.49,0,1.02816,0,0,4.9783,3.95014,1.028160,1,0,191.773,0,0,0,191.773,0
67.2395,2.45587,0,0,5.67971,0.280528,0.36288,3.6288,61.308,0.66528,0,0,2.62024,0.0985287,1.85643,0.66528,12.849,1,0.488029,0.36288,0,193.675,2.42403,191.126,0.84672,12.849,0.84672,3695.15,0,0,0,2.28022,2.04777,13.0099,0.359271,16.9787,0.42336,0,0.42336,460.49,0,1.02816,0,0,3.30838,2.28022,1.028160,1,0,209.961,0,0,0,209.961,0
69.6919,2.71296,0,0,5.83641,0.308176,0.36288,3.6288,61.308,0.66528,0,0,2.95124,0.190355,2.09561,0.66528,12.849,1,0.518428,0.36288,0,170.076,3.9102,166.01,0.84672,12.849,0.84672,3695.15,0,0,0,2.42445,1.87101,15.7826,1.00083,19.0772,0.42336,0,0.42336,460.49,0,1.02816,0,0,3.45261,2.42445,1.028160,1,0,187.183,0,0,0,187.183,0
71.649,2.72866,0,0,5.36644,0.317845,0.36288,3.6288,61.308,0.66528,0,0,3.05882,0.205659,2.18788,0.66528,12.849,1,0.50308,0.36288,0,142.706,4.1579,138.408,0.84672,12.849,0.84672,3695.15,0,0,0,2.11762,2.08017,14.7437,1.10775,17.8338,0.42336,0,0.42336,460.49,0,1.02816,0,0,3.14578,2.11762,1.028160,1,0,158.43,0,0,0,158.43,0
72.29,2.74061,0,0,5.84652,0.32266,2.14224,3.6288,61.308,0.66528,0,0,3.54945,0.205659,2.67851,0.66528,12.849,1,0.491481,2.14224,0,188.298,4.1579,185.79,0.84672,12.849,0.84672,3695.15,0,0,0,3.26918,2.08039,19.4717,1.10775,23.7135,0.42336,0,0.42336,460.49,0,1.02816,0,0,4.29734,3.26918,1.028160,1,0,212.182,0,0,0,212.182,0
72.29,2.74461,0,0,5.20328,0.328771,2.1299,3.6288,61.308,0.66528,0,0,3.03205,0.179395,2.18738,0.66528,12.849,1,0.487834,2.1299,0,146.728,3.7042,144.666,0.84672,12.849,0.84672,3695.15,0,0,0,2.32019,2.08062,16.6618,0.977664,20.085,0.42336,0,0.42336,460.49,0,1.02816,0,0,3.34835,2.32019,1.028160,1,0,166.938,0,0,0,166.938,0
72.29,2.39697,0,0,3.62801,0.292675,0.938367,3.6288,61.308,0.611698,0,0,2.26446,0.24071,1.41205,0.66528,12.849,1,0.426044,0.938367,0,92.5687,4.08273,88.9983,0.84672,12.849,0.84672,3695.15,0,0,0,1.98291,2.08085,9.27193,1.11098,12.2247,0.42336,0,0.42336,460.49,0,1.02816,0,0,3.01107,1.98291,1.028160,1,0,102.635,0,0,0,102.635,0
72.29,2.39723,0,0,5.10983,0.305643,2.40695,3.6288,61.308,0.611876,0,0,3.06517,0.242503,2.21079,0.66528,12.849,1,0.42609,2.40695,0,111.205,4.0823,109.103,0.84672,12.849,0.84672,3695.15,0,0,0,2.75013,1.79599,13.4579,1.0895,16.9145,0.42336,0,0.42336,460.49,0,1.02816,0,0,3.77829,2.75013,1.028160,1,0,128.228,0,0,0,128.228,0
72.29,2.39749,0,0,7.9764,0.305643,5.27326,3.6288,61.308,0.612053,0,0,7.13501,0.242503,6.28045,0.66528,12.849,1,0.426136,5.27326,0,238.666,4.0823,239.431,0.84672,12.849,0.84672,3695.15,0,0,0,7.19083,1.79618,22.3434,1.0895,30.2409,0.42336,0,0.42336,460.49,0,1.02816,0,0,8.21899,7.19083,1.028160,1,0,275.952,0,0,0,275.952,0
72.29,2.39775,0,0,6.56728,0.305643,3.86389,3.6288,61.308,0.612231,0,0,4.64626,0.242503,3.79153,0.66528,12.849,1,0.426182,3.86389,0,249.177,4.0823,248.532,0.84672,12.849,0.84672,3695.15,0,0,0,5.77752,1.79638,18.5007,1.0895,24.9851,0.42336,0,0.42336,460.49,0,1.02816,0,0,6.80568,5.77752,1.028160,1,0,277.309,0,0,0,277.309,0
72.29,2.39801,0,0,5.0141,0.311619,2.30447,3.6288,61.308,0.612409,0,0,2.74767,0.238589,1.89667,0.66528,12.849,1,0.426228,2.30447,0,155.02,4.12365,152.774,0.84672,12.849,0.84672,3695.15,0,0,0,2.45876,1.79657,14.7348,1.10296,17.8872,0.42336,0,0.42336,460.49,0,1.02816,0,0,3.48692,2.45876,1.028160,1,0,172.558,0,0,0,172.558,0
72.29,2.4859,0,0,5.41718,0.319588,2.6117,3.6288,61.308,0.66528,0,0,4.52199,0.233371,3.62333,0.66528,12.849,1,0.44185,2.6117,0,98.5884,4.17879,96.5795,0.84672,12.849,0.84672,3695.15,0,0,0,4.37013,1.79677,19.1535,1.12091,24.1995,0.42336,0,0.42336,460.49,0,1.02816,0,0,5.39829,4.37013,1.028160,1,0,124.402,0,0,0,124.402,0
72.29,2.48617,0,0,5.60965,0.319588,2.80389,3.6288,61.308,0.66528,0,0,4.0064,0.233371,3.10775,0.66528,12.849,1,0.441897,2.80389,0,213.002,4.17879,211.185,0.84672,12.849,0.84672,3695.15,0,0,0,4.82178,1.86728,25.8123,1.12091,31.3804,0.42336,0,0.42336,460.49,0,1.02816,0,0,5.84994,4.82178,1.028160,1,0,245.673,0,0,0,245.673,0
72.29,2.48644,0,0,4.13661,0.319588,1.33058,3.6288,61.308,0.66528,0,0,2.0294,0.233371,1.13075,0.66528,12.849,1,0.441945,1.33058,0,134.29,4.17879,131,0.84672,12.849,0.84672,3695.15,0,0,0,2.40028,1.86749,11.9399,1.12091,15.0867,0.42336,0,0.42336,460.49,0,1.02816,0,0,3.42844,2.40028,1.028160,1,0,147.217,0,0,0,147.217,0
72.29,2.48671,0,0,3.91792,0.296322,1.13489,3.6288,61.308,0.66528,0,0,1.80735,0.242146,0.899924,0.66528,12.849,1,0.441993,1.13489,0,129.982,4.32893,126.346,0.84672,12.849,0.84672,3695.15,0,0,0,2.00192,1.86769,10.8323,1.15855,13.5434,0.42336,0,0.42336,460.49,0,1.02816,0,0,3.03008,2.00192,1.028160,1,0,140.789,0,0,0,140.789,0
72.29,2.4527,0,0,3.67574,0.273577,0.949465,3.6288,61.308,0.653675,0,0,1.85301,0.218085,0.981253,0.66528,12.849,1,0.435949,0.949465,0,91.9892,3.71816,88.7846,0.84672,12.849,0.84672,3695.15,0,0,0,1.94155,1.86789,10.8552,1.10558,13.5591,0.42336,0,0.42336,460.49,0,1.02816,0,0,2.96971,1.94155,1.028160,1,0,103.325,0,0,0,103.325,0
72.29,2.45296,0,0,3.31628,0.273577,0.58974,3.6288,61.308,0.653857,0,0,1.67676,0.218085,0.804823,0.66528,12.849,1,0.435996,0.58974,0,84.977,3.71816,81.4126,0.84672,12.849,0.84672,3695.15,0,0,0,1.49183,1.84072,10.2463,1.10558,12.4732,0.42336,0,0.42336,460.49,0,1.02816,0,0,2.51999,1.49183,1.028160,1,0,94.6906,0,0,0,94.6906,0
72.29,2.45323,0,0,3.88759,0.261413,1.17295,3.6288,61.308,0.654039,0,0,1.568,0.22402,0.689946,0.66528,12.849,1,0.436043,1.17295,0,92.1923,4.186,88.7432,0.84672,12.849,0.84672,3695.15,0,0,0,1.48647,1.84092,13.6139,1.12403,15.8172,0.42336,0,0.42336,460.49,0,1.02816,0,0,2.51463,1.48647,1.028160,1,0,105.25,0,0,0,105.25,0
72.29,2.4535,0,0,3.11352,0.219585,0.440437,3.6288,61.308,0.654221,0,0,1.5248,0.242365,0.628219,0.66528,12.849,1,0.43609,0.440437,0,69.9216,5.4153,64.5107,0.84672,12.849,0.84672,3695.15,0,0,0,1.49189,1.84112,10.4611,1.19549,12.5986,0.42336,0,0.42336,460.49,0,1.02816,0,0,2.52005,1.49189,1.028160,1,0,77.7374,0,0,0,77.7374,0
72.2316,2.57016,0,0,3.05711,0.182476,0.36288,3.6288,61.308,0.66528,0,0,1.36048,0.269756,0.425444,0.66528,12.849,1,0.456827,0.36288,0,69.0595,4.79742,64.1682,0.84672,12.849,0.84672,3695.15,0,0,0,1.25776,1.84132,9.40689,1.24392,11.262,0.42336,0,0.42336,460.49,0,1.02816,0,0,2.28592,1.25776,1.028160,1,0,75.8556,0,0,0,75.8556,0
72.0823,2.57013,0,0,2.94944,0.165762,0.36288,3.6288,61.308,0.66528,0,0,1.32143,0.278848,0.377299,0.66528,12.849,1,0.45719,0.36288,0,73.2473,4.49147,68.6616,0.84672,12.849,0.84672,3695.15,0,0,0,1.1202,1.93749,9.02076,1.22444,10.854,0.42336,0,0.42336,460.49,0,1.02816,0,0,2.14836,1.1202,1.028160,1,0,79.8929,0,0,0,79.8929,0
71.7441,2.5696,0,0,2.733,0.138648,0.36288,3.6288,61.308,0.66528,0,0,1.21232,0.271597,0.275445,0.66528,12.849,1,0.458043,0.36288,0,70.1352,4.55217,65.4879,0.84672,12.849,0.84672,3695.15,0,0,0,0.891441,1.9377,8.38659,1.20282,10.0129,0.42336,0,0.42336,460.49,0,1.02816,0,0,1.9196,0.891441,1.028160,1,0,75.7762,0,0,0,75.7762,0
71.2625,2.56805,0,0,2.5876,0.138292,0.36288,3.6288,61.308,0.66528,0,0,1.22647,0.271597,0.289597,0.66528,12.849,1,0.459924,0.36288,0,59.464,4.55217,54.8148,0.84672,12.849,0.84672,3695.15,0,0,0,1.12164,1.93791,7.62117,1.20282,9.4779,0.42336,0,0.42336,460.49,0,1.02816,0,0,2.1498,1.12164,1.028160,1,0,64.5823,0,0,0,64.5823,0
70.6939,2.56569,0,0,2.48445,0.124441,0.36288,3.6288,61.308,0.66528,0,0,1.00159,0.270408,0.0659043,0.66528,12.849,1,0.462608,0.36288,0,55.6499,4.97999,50.5702,0.84672,12.849,0.84672,3695.15,0,0,0,0.967758,1.93812,6.55855,1.26545,8.19898,0.42336,0,0.42336,460.49,0,1.02816,0,0,1.99592,0.967758,1.028160,1,0,58.8351,0,0,0,58.8351,0
70.0342,2.53987,0,0,2.34916,0.106186,0.36288,3.6288,61.1402,0.66528,0,0,0.766282,0.268822,0,0.66528,12.849,1,0.461634,0.36288,0,51.7035,5.55041,46.0543,0.84672,12.849,0.84672,3695.15,0,0,0,0.818243,1.93833,5.50327,1.34894,6.9109,0.42336,0,0.42336,460.49,0,1.02816,0,0,1.8464,0.818243,1.028160,1,0,52.9652,0,0,0,52.9652,0
69.2267,2.53647,0,0,2.19751,0.105647,0.36288,3.6288,60.9092,0.66528,0,0,0.702864,0.268537,0,0.66528,12.849,1,0.46536,0.36288,0,47.1513,5.55041,41.4984,0.84672,12.849,0.84672,3695.15,0,0,0,0.610304,1.9721,5.36272,1.34894,6.59618,0.42336,0,0.42336,460.49,0,1.02816,0,0,1.63846,0.610304,1.028160,1,0,48.0946,0,0,0,48.0946,0
68.3566,2.53216,0,0,2.12996,0.104989,0.36288,3.6288,60.6526,0.66528,0,0,0.676823,0.268145,0,0.66528,12.849,1,0.469989,0.36288,0,42.0316,5.55041,36.3741,0.84672,12.849,0.84672,3695.15,0,0,0,0.517726,1.97232,5.30676,1.34894,6.44786,0.42336,0,0.42336,460.49,0,1.02816,0,0,1.54589,0.517726,1.028160,1,0,42.822,0,0,0,42.822,0
67.8708,2.27285,0,0,2.22395,0.0740609,0.36288,3.6288,60.4908,0.66528,0,0,0.797697,0.294253,0,0.66528,12.849,1,0.427228,0.36288,0,40.6546,5.7782,34.812,0.84672,12.849,0.84672,3695.15,0,0,0,0.585956,1.97253,5.53958,1.48388,6.61419,0.42336,0,0.42336,460.49,0,1.02816,0,0,1.61412,0.585956,1.028160,1,0,41.4262,0,0,0,41.4262,0
67.3171,2.32948,0,0,2.20917,0.0704625,0.36288,3.6288,60.2474,0.66528,0,0,0.705473,0.283578,0,0.66528,12.849,1,0.441006,0.36288,0,41.3608,5.81805,35.4646,0.84672,12.849,0.84672,3695.15,0,0,0,0.634954,2.14971,4.6188,1.45898,5.94448,0.42336,0,0.42336,460.49,0,1.02816,0,0,1.66311,0.634954,1.028160,1,0,41.4091,0,0,0,41.4091,0
66.6726,2.32671,0,0,2.11518,0.0701562,0.36288,3.6288,59.9886,0.66528,0,0,0.689645,0.28314,0,0.66528,12.849,1,0.444105,0.36288,0,38.7039,5.81805,32.8046,0.84672,12.849,0.84672,3695.15,0,0,0,0.668485,2.19752,4.74706,1.45898,6.15408,0.42336,0,0.42336,460.49,0,1.02816,0,0,1.69665,0.668485,1.028160,1,0,38.9587,0,0,0,38.9587,0
65.7609,2.32339,0,0,1.84439,0.0697996,0.36288,3.6288,59.691,0.66528,0,0,0.650316,0.282673,0,0.66528,12.849,1,0.447759,0.36288,0,36.6691,5.81805,30.7662,0.84672,12.849,0.84672,3695.15,0,0,0,0.510935,2.19773,4.5359,1.45898,5.78558,0.42336,0,0.42336,460.49,0,1.02816,0,0,1.5391,0.510935,1.028160,1,0,36.5518,0,0,0,36.5518,0
64.7159,2.31848,0,0,1.70097,0.0646367,0.36288,3.6288,59.3801,0.66528,0,0,0.639135,0.284701,0,0.66528,12.849,1,0.453006,0.36288,0,34.5941,5.89282,28.6112,0.84672,12.849,0.84672,3695.15,0,0,0,0.442912,2.19795,4.49463,1.47392,5.66157,0.42336,0,0.42336,460.49,0,1.02816,0,0,1.47107,0.442912,1.028160,1,0,34.2728,0,0,0,34.2728,0
63.2458,2.48395,0,0,1.41134,0.0345474,0.36288,3.6288,59.0449,0.66528,0,0,0.621048,0.291053,0,0.66528,12.849,1,0.493176,0.36288,0,32.0785,5.99349,25.9547,0.84672,12.849,0.84672,3695.15,0,0,0,0.530747,2.19817,4.2883,1.50064,5.51658,0.42336,0,0.42336,460.49,0,1.02816,0,0,1.55891,0.530747,1.028160,1,0,31.4713,0,0,0,31.4713,0
61.652,2.47472,0,0,1.26993,0.0261752,0.36288,3.6288,58.6385,0.66528,0,0,0.548744,0.2898,0,0.66528,12.849,1,0.502763,0.36288,0,28.7561,5.83275,22.7834,0.84672,12.849,0.84672,3695.15,0,0,0,0.517095,2.3613,4.14554,1.50544,5.51849,0.42336,0,0.42336,460.49,0,1.02816,0,0,1.54526,0.517095,1.028160,1,0,28.3019,0,0,0,28.3019,0
60.0955,2.46426,0,0,1.29648,0.0258353,0.36288,3.6288,58.2097,0.66528,0,0,0.525531,0.289045,0,0.66528,12.849,1,0.513581,0.36288,0,26.5302,5.83275,20.5468,0.84672,12.849,0.84672,3695.15,0,0,0,0.454196,2.36154,4.24996,1.50544,5.56025,0.42336,0,0.42336,460.49,0,1.02816,0,0,1.48236,0.454196,1.028160,1,0,26.107,0,0,0,26.107,0
59.181,2.45359,0,0,1.93207,0.0301151,0.36288,3.6288,57.8794,0.66528,0,0,0.622172,0.287196,0,0.66528,12.849,1,0.524602,0.36288,0,34.1515,5.80306,28.1867,0.84672,12.849,0.84672,3695.15,0,0,0,0.757702,2.36178,4.65781,1.5018,6.27548,0.42336,0,0.42336,460.49,0,1.02816,0,0,1.78586,0.757702,1.028160,1,0,34.4622,0,0,0,34.4622,0
58.504,2.44722,0,0,2.17917,0.0459785,0.36288,3.6288,57.6187,0.66528,0,0,0.671631,0.267103,0,0.66528,12.849,1,0.531326,0.36288,0,43.1028,5.69567,37.2387,0.84672,12.849,0.84672,3695.15,0,0,0,0.51338,2.36201,4.80534,1.47458,6.20615,0.42336,0,0.42336,460.49,0,1.02816,0,0,1.54154,0.51338,1.028160,1,0,43.4448,0,0,0,43.4448,0
57.5852,2.36039,0,0,1.82958,0.0252097,0.36288,3.6288,57.3388,0.66528,0,0,0.622385,0.236941,0,0.66528,12.849,1,0.518402,0.36288,0,32.8207,5.73878,26.9264,0.84672,12.849,0.84672,3695.15,0,0,0,0.401216,2.36225,6.24039,1.46295,7.5409,0.42336,0,0.42336,460.49,0,1.02816,0,0,1.42938,0.401216,1.028160,1,0,34.4673,0,0,0,34.4673,0
55.7415,2.35391,0,0,0.898154,0.024985,0.36288,3.6288,56.4372,1.04676,0,0,0.381593,0.236512,0,0.66528,12.849,1,0.525228,0.36288,0,33.0674,5.73878,27.1662,0.84672,12.849,0.84672,3695.15,0,0,0,0.216518,2.26816,3.57819,1.46295,4.59991,0.42336,0,0.42336,460.49,0,0.646678,0,0,0.863196,0.216518,1.028160,1,0,31.7661,0,0,0,31.7661,0
53.9378,2.34007,0,0,0.923746,0.024534,0.36288,3.6288,55.4422,1.17441,0,0,0.414533,0.235129,0,0.66528,12.849,1,0.53941,0.36288,0,21.5648,5.73878,15.6495,0.84672,12.849,0.84672,3695.15,0,0,0,0.216518,2.26838,2.90237,1.46295,3.92432,0.42336,0,0.42336,460.49,0,0.519031,0,0,0.735549,0.216518,1.028160,1,0,19.5738,0,0,0,19.5738,0
53.7114,2.32578,0,0,2.58117,0.118878,0.36288,3.6288,55.3036,0.66528,0,0,0.771506,0.244771,0,0.66528,12.849,1,0.554044,0.36288,0,35.117,5.08708,29.8388,0.84672,12.849,0.84672,3695.15,0,0,0,0.890499,2.26861,8.95149,1.31512,10.7955,0.42336,0,0.42336,460.49,0,1.02816,0,0,1.91866,0.890499,1.028160,1,0,40.6343,0,0,0,40.6343,0
52.39,2.25783,0,0,1.43669,0.137392,0.36288,3.6288,54.4549,0.991354,0,0,0.369414,0.226799,0,0.66528,12.849,1,0.540124,0.36288,0,30.3044,3.95712,26.17,0.84672,12.849,0.84672,3695.15,0,0,0,0.216518,2.26884,4.08702,1.07213,5.50024,0.42336,0,0.42336,460.49,0,0.702086,0,0,0.918605,0.216518,1.028160,1,0,31.6702,0,0,0,31.6702,0
50.7533,2.24716,0,0,1.11091,0.137596,0.36288,3.6288,53.8314,0.778127,0,0,0.375951,0.221273,0,0.66528,12.849,1,0.551131,0.36288,0,17.3606,3.77013,13.4022,0.84672,12.849,0.84672,3695.15,0,0,0,0.216518,2.18484,4.26303,1.03516,5.62923,0.42336,0,0.42336,460.49,0,0.915313,0,0,1.13183,0.216518,1.028160,1,0,19.0315,0,0,0,19.0315,0
51.4436,2.23324,0,0,3.42169,0.135273,0.36288,3.6288,54.1489,0.66528,0,0,1.20312,0.220361,0,0.66528,12.849,1,0.565381,0.36288,0,60.1479,3.77013,56.1752,0.84672,12.849,0.84672,3695.15,0,0,0,2.59158,2.18506,10.1369,1.03516,13.8784,0.42336,0,0.42336,460.49,0,1.02816,0,0,3.61974,2.59158,1.028160,1,0,70.0536,0,0,0,70.0536,0
51.4859,2.23958,0,0,2.80943,0.164659,0.36288,3.6288,54.3112,0.66528,0,0,1.02602,0.198395,0,0.66528,12.849,1,0.559378,0.36288,0,48.7893,3.44365,45.1491,0.84672,12.849,0.84672,3695.15,0,0,0,0.552061,2.18527,7.66505,0.942677,9.45971,0.42336,0,0.42336,460.49,0,1.02816,0,0,1.58022,0.552061,1.028160,1,0,54.6089,0,0,0,54.6089,0
52.6168,2.05328,0,0,3.73868,0.191647,0.36288,3.6288,54.6897,0.66528,0,0,1.2514,0.207685,0,0.66528,12.849,1,0.512424,0.36288,0,101.829,3.68982,97.9892,0.84672,12.849,0.84672,3695.15,0,0,0,0.851653,2.18549,10.2767,0.933761,12.3801,0.42336,0,0.42336,460.49,0,1.02816,0,0,1.87981,0.851653,1.028160,1,0,110.369,0,0,0,110.369,0
54.0653,2.06238,0,0,4.08679,0.213017,0.36288,3.6288,55.0055,0.66528,0,0,1.21154,0.230402,0,0.66528,12.849,1,0.503633,0.36288,0,128.284,4.18876,123.955,0.84672,12.849,0.84672,3695.15,0,0,0,0.949493,1.99855,9.38762,1.07007,11.2656,0.42336,0,0.42336,460.49,0,1.02816,0,0,1.97765,0.949493,1.028160,1,0,135.22,0,0,0,135.22,0
54.7112,2.07354,0,0,3.29849,0.216192,0.36288,3.6288,55.304,0.66528,0,0,1.19468,0.230882,0,0.66528,12.849,1,0.49279,0.36288,0,105.833,4.18876,101.514,0.84672,12.849,0.84672,3695.15,0,0,0,2.2103,1.99874,11.3359,1.07007,14.4749,0.42336,0,0.42336,460.49,0,1.02816,0,0,3.23846,2.2103,1.028160,1,0,115.989,0,0,0,115.989,0
55.4941,2.0785,0,0,3.44196,0.217608,0.36288,3.6288,55.7848,0.66528,0,0,1.37735,0.231336,0,0.66528,12.849,1,0.488138,0.36288,0,113.649,4.18876,109.335,0.84672,12.849,0.84672,3695.15,0,0,0,3.1847,1.99894,15.4843,1.07007,19.5978,0.42336,0,0.42336,460.49,0,1.02816,0,0,4.21286,3.1847,1.028160,1,0,128.933,0,0,0,128.933,0
56.4812,2.08434,0,0,3.65736,0.223056,0.36288,3.6288,56.342,0.66528,0,0,1.45585,0.233335,0,0.66528,12.849,1,0.482604,0.36288,0,103.46,4.27764,99.0631,0.84672,12.849,0.84672,3695.15,0,0,0,2.10579,1.99914,10.8555,1.10375,13.8566,0.42336,0,0.42336,460.49,0,1.02816,0,0,3.13395,2.10579,1.028160,1,0,112.92,0,0,0,112.92,0
56.85,2.1647,0,0,3.14426,0.247865,0.36288,3.6288,56.5028,0.66528,0,0,1.06794,0.241826,0,0.66528,12.849,1,0.492451,0.36288,0,67.4846,4.81089,62.5442,0.84672,12.849,0.84672,3695.15,0,0,0,1.71914,1.99934,6.50284,1.30585,8.91546,0.42336,0,0.42336,460.49,0,1.02816,0,0,2.7473,1.71914,1.028160,1,0,71.4596,0,0,0,71.4596,0
63.9539,2.16755,0,0,9.88303,0.24877,0.36288,3.6288,58.297,0.66528,0,0,2.70149,0.24208,0,0.66528,12.849,1,0.4899,0.36288,0,191.121,4.81089,186.183,0.84672,12.849,0.84672,3695.15,0,0,0,4.36408,2.05792,21.6587,1.30585,26.7748,0.42336,0,0.42336,460.49,0,1.02816,0,0,5.39224,4.36408,1.028160,1,0,212.958,0,0,0,212.958,0
65.8086,2.46492,0,0,4.94764,0.265081,0.36288,3.6288,59.6291,0.66528,0,0,2.24236,0.244912,0,0.66528,12.849,1,0.495229,0.36288,0,100.637,4.81089,95.6938,0.84672,12.849,0.84672,3695.15,0,0,0,3.2979,2.05811,10.8778,1.30585,14.928,0.42336,0,0.42336,460.49,0,1.02816,0,0,4.32606,3.2979,1.028160,1,0,110.622,0,0,0,110.622,0
66.2746,2.47685,0,0,3.57473,0.269064,0.36288,3.6288,61.308,0.66528,0,0,2.79215,0.247014,0.200987,0.66528,12.849,1,0.4836,0.36288,0,82.0299,4.81089,77.0983,0.84672,12.849,0.84672,3695.15,0,0,0,4.21288,1.88134,7.56034,1.30585,12.3487,0.42336,0,0.42336,460.49,0,1.02816,0,0,5.24104,4.21288,1.028160,1,0,89.648,0,0,0,89.648,0
70.5504,2.46855,0,0,7.37615,0.268911,0.36288,3.6288,61.308,0.66528,0,0,3.56162,0.205762,2.69057,0.66528,12.849,1,0.47859,0.36288,0,144.614,3.66517,140.833,0.84672,12.849,0.84672,3695.15,0,0,0,6.43845,1.88153,12.5052,1.15663,19.6685,0.42336,0,0.42336,460.49,0,1.02816,0,0,7.46661,6.43845,1.028160,1,0,163.192,0,0,0,163.192,0
72.29,2.74917,0,0,6.98598,0.28313,2.21406,3.6288,61.308,0.66528,0,0,2.51637,0.191573,1.65952,0.66528,12.849,1,0.500694,2.21406,0,189.641,3.4062,187.948,0.84672,12.849,0.84672,3695.15,0,0,0,4.71461,2.26881,14.1834,1.13778,20.0291,0.42336,0,0.42336,460.49,0,1.02816,0,0,5.74277,4.71461,1.028160,1,0,209.637,0,0,0,209.637,0
72.29,2.75969,0,0,4.72477,0.289184,1.6759,3.6288,61.308,0.66528,0,0,2.10187,0.178441,1.25815,0.66528,12.849,1,0.490513,1.6759,0,142.261,3.17935,140.267,0.84672,12.849,0.84672,3695.15,0,0,0,1.63552,2.09206,7.27287,1.07273,9.92771,0.42336,0,0.42336,460.49,0,1.02816,0,0,2.66368,1.63552,1.028160,1,0,151.453,0,0,0,151.453,0
72.29,2.75997,0,0,4.29468,0.260765,1.27394,3.6288,61.308,0.66528,0,0,1.45366,0.204098,0.584285,0.66528,12.849,1,0.490563,1.27394,0,93.7924,3.60422,90.9715,0.84672,12.849,0.84672,3695.15,0,0,0,1.02718,2.09228,6.60287,1.08323,8.63909,0.42336,0,0.42336,460.49,0,1.02816,0,0,2.05534,1.02718,1.028160,1,0,100.195,0,0,0,100.195,0
72.29,2.41037,0,0,6.38168,0.307957,3.66335,3.6288,61.308,0.620862,0,0,2.93547,0.194648,2.11996,0.66528,12.849,1,0.428425,3.66335,0,150.733,3.62918,150.339,0.84672,12.849,0.84672,3695.15,0,0,0,3.83765,2.09249,11.4514,1.03232,16.3492,0.42336,0,0.42336,460.49,0,1.02816,0,0,4.86581,3.83765,1.028160,1,0,168.808,0,0,0,168.808,0
72.29,2.41061,0,0,7.66826,0.326891,4.93076,3.6288,61.308,0.62103,0,0,3.234,0.182591,2.43037,0.66528,12.849,1,0.428468,4.93076,0,175.648,3.42247,176.728,0.84672,12.849,0.84672,3695.15,0,0,0,4.77996,1.80602,15.1839,0.977691,20.7922,0.42336,0,0.42336,460.49,0,1.02816,0,0,5.80812,4.77996,1.028160,1,0,199.95,0,0,0,199.95,0
72.29,2.41086,0,0,7.31255,0.27025,4.63144,3.6288,61.308,0.621198,0,0,2.89345,0.152509,2.11974,0.66528,12.849,1,0.428512,4.63144,0,184.183,2.9865,185.4,0.84672,12.849,0.84672,3695.15,0,0,0,4.7286,1.80621,15.1206,0.915064,20.7404,0.42336,0,0.42336,460.49,0,1.02816,0,0,5.75676,4.7286,1.028160,1,0,208.26,0,0,0,208.26,0
72.29,2.4111,0,0,6.30866,0.312685,3.58487,3.6288,61.308,0.621365,0,0,2.39749,0.151678,1.62444,0.66528,12.849,1,0.428555,3.58487,0,153.666,3.36822,153.454,0.84672,12.849,0.84672,3695.15,0,0,0,3.58957,1.80639,11.4801,0.964793,15.9112,0.42336,0,0.42336,460.49,0,1.02816,0,0,4.61773,3.58957,1.028160,1,0,170.99,0,0,0,170.99,0
72.29,2.41135,0,0,6.77731,0.323057,4.04291,3.6288,61.308,0.621533,0,0,2.1575,0.153825,1.38214,0.66528,12.849,1,0.428599,4.04291,0,178.379,3.53782,178.455,0.84672,12.849,0.84672,3695.15,0,0,0,3.03228,1.80658,11.7259,0.94754,15.6173,0.42336,0,0.42336,460.49,0,1.02816,0,0,4.06044,3.03228,1.028160,1,0,195.455,0,0,0,195.455,0
72.29,2.49971,0,0,8.07581,0.321864,5.25424,3.6288,61.308,0.66528,0,0,3.65791,0.154526,2.8381,0.66528,12.849,1,0.444304,5.25424,0,216.267,3.73013,217.347,0.84672,12.849,0.84672,3695.15,0,0,0,4.55058,1.80676,14.6308,0.873249,20.1149,0.42336,0,0.42336,460.49,0,1.02816,0,0,5.57874,4.55058,1.028160,1,0,240.3,0,0,0,240.3,0
72.29,2.49996,0,0,7.56121,0.321864,4.73938,3.6288,61.308,0.66528,0,0,4.92733,0.154526,4.10753,0.66528,12.849,1,0.444349,4.73938,0,243.904,3.73013,244.469,0.84672,12.849,0.84672,3695.15,0,0,0,6.64001,1.87766,17.0992,0.873249,24.7436,0.42336,0,0.42336,460.49,0,1.02816,0,0,7.66817,6.64001,1.028160,1,0,273.32,0,0,0,273.32,0
72.29,2.50022,0,0,6.42068,0.304008,3.61645,3.6288,61.308,0.66528,0,0,1.93744,0.164041,1.10812,0.66528,12.849,1,0.444394,3.61645,0,180.875,3.84646,180.201,0.84672,12.849,0.84672,3695.15,0,0,0,2.98049,1.87785,12.4482,0.89615,16.4104,0.42336,0,0.42336,460.49,0,1.02816,0,0,4.00865,2.98049,1.028160,1,0,197.719,0,0,0,197.719,0
72.29,2.50047,0,0,7.30115,0.27153,4.52915,3.6288,61.308,0.66528,0,0,2.36264,0.16759,1.52977,0.66528,12.849,1,0.44444,4.52915,0,194.396,3.71353,194.767,0.84672,12.849,0.84672,3695.15,0,0,0,3.68331,1.87804,13.7462,0.962235,18.3453,0.42336,0,0.42336,460.49,0,1.02816,0,0,4.71147,3.68331,1.028160,1,0,214.642,0,0,0,214.642,0
72.29,2.46626,0,0,4.796,0.201542,2.1282,3.6288,61.308,0.662972,0,0,1.3567,0.202903,0.490829,0.66528,12.849,1,0.438359,2.1282,0,113.004,4.58108,110.113,0.84672,12.849,0.84672,3695.15,0,0,0,1.84613,1.87823,8.14631,1.08063,10.79,0.42336,0,0.42336,460.49,0,1.02816,0,0,2.87429,1.84613,1.028160,1,0,121.394,0,0,0,121.394,0
72.29,2.46651,0,0,4.53855,0.192127,1.87991,3.6288,61.308,0.663144,0,0,1.26779,0.206023,0.398623,0.66528,12.849,1,0.438403,1.87991,0,106.05,4.60887,102.883,0.84672,12.849,0.84672,3695.15,0,0,0,1.7627,1.85089,7.54756,1.08257,10.0786,0.42336,0,0.42336,460.49,0,1.02816,0,0,2.79086,1.7627,1.028160,1,0,113.36,0,0,0,113.36,0
72.29,2.46676,0,0,4.19911,0.192127,1.54022,3.6288,61.308,0.663316,0,0,1.37878,0.206023,0.50944,0.66528,12.849,1,0.438448,1.54022,0,96.4639,4.60887,92.9568,0.84672,12.849,0.84672,3695.15,0,0,0,2.02168,1.85108,7.7906,1.08257,10.5808,0.42336,0,0.42336,460.49,0,1.02816,0,0,3.04984,2.02168,1.028160,1,0,104.047,0,0,0,104.047,0
72.29,2.46701,0,0,3.97323,0.202986,1.30324,3.6288,61.308,0.663488,0,0,1.483,0.182742,0.636766,0.66528,12.849,1,0.438492,1.30324,0,90.3001,4.38753,86.7773,0.84672,12.849,0.84672,3695.15,0,0,0,2.13608,1.85127,8.4532,1.00045,11.4401,0.42336,0,0.42336,460.49,0,1.02816,0,0,3.16424,2.13608,1.028160,1,0,98.8542,0,0,0,98.8542,0
72.29,2.5843,0,0,3.78023,0.156757,1.03918,3.6288,61.308,0.66528,0,0,1.32934,0.168387,0.495675,0.66528,12.849,1,0.45934,1.03918,0,79.2253,4.37475,75.4304,0.84672,12.849,0.84672,3695.15,0,0,0,1.69453,1.85146,6.95745,0.887948,9.61549,0.42336,0,0.42336,460.49,0,1.02816,0,0,2.72269,1.69453,1.028160,1,0,85.5416,0,0,0,85.5416,0
72.29,2.58456,0,0,3.3282,0.129438,0.614195,3.6288,61.308,0.66528,0,0,1.1928,0.191418,0.336106,0.66528,12.849,1,0.459387,0.614195,0,72.3332,4.64793,67.8401,0.84672,12.849,0.84672,3695.15,0,0,0,1.40559,1.94815,5.73843,0.930931,8.16123,0.42336,0,0.42336,460.49,0,1.02816,0,0,2.43375,1.40559,1.028160,1,0,76.3374,0,0,0,76.3374,0
72.29,2.58483,0,0,3.10977,0.129438,0.395505,3.6288,61.308,0.66528,0,0,0.952067,0.191418,0.0953699,0.66528,12.849,1,0.459433,0.395505,0,66.6135,4.64793,61.9017,0.84672,12.849,0.84672,3695.15,0,0,0,1.07949,1.94835,5.30531,0.930931,7.40221,0.42336,0,0.42336,460.49,0,1.02816,0,0,2.10765,1.07949,1.028160,1,0,69.3993,0,0,0,69.3993,0
72.2231,2.58509,0,0,3.01338,0.132308,0.36288,3.6288,61.2209,0.66528,0,0,0.810207,0.232056,0,0.66528,12.849,1,0.45948,0.36288,0,60.4488,5.34222,55.01,0.84672,12.849,0.84672,3695.15,0,0,0,0.995423,1.94854,5.1206,1.07261,6.99196,0.42336,0,0.42336,460.49,0,1.02816,0,0,2.02358,0.995423,1.028160,1,0,62.0019,0,0,0,62.0019,0
72.29,2.58499,0,0,3.13445,0.112503,0.370056,3.6288,61.1809,0.66528,0,0,0.907701,0.282379,0,0.66528,12.849,1,0.459888,0.370056,0,57.0719,5.93594,51.0461,0.84672,12.849,0.84672,3695.15,0,0,0,1.09197,1.94874,4.94727,1.28909,6.69889,0.42336,0,0.42336,460.49,0,1.02816,0,0,2.12013,1.09197,1.028160,1,0,57.745,0,0,0,57.745,0
72.29,2.56246,0,0,3.70434,0.0961779,1.0457,3.6288,61.308,0.66528,0,0,1.18357,0.2641,0.127101,0.66528,12.849,1,0.455457,1.0457,0,57.3181,4.99349,52.9149,0.84672,12.849,0.84672,3695.15,0,0,0,1.33272,1.94894,4.92153,1.32313,6.88006,0.42336,0,0.42336,460.49,0,1.02816,0,0,2.36088,1.33272,1.028160,1,0,59.922,0,0,0,59.922,0
72.29,2.56272,0,0,3.29122,0.0961779,0.632322,3.6288,61.308,0.66528,0,0,1.03798,0.264313,0.108382,0.66528,12.849,1,0.455504,0.632322,0,77.5552,4.99349,72.7386,0.84672,12.849,0.84672,3695.15,0,0,0,1.24718,1.98289,5.61688,1.32313,7.52382,0.42336,0,0.42336,460.49,0,1.02816,0,0,2.27534,1.24718,1.028160,1,0,80.3708,0,0,0,80.3708,0
72.264,2.56298,0,0,2.99599,0.0961779,0.36288,3.6288,61.308,0.66528,0,0,0.982152,0.264313,0.0525594,0.66528,12.849,1,0.45555,0.36288,0,69.7931,4.99349,64.7069,0.84672,12.849,0.84672,3695.15,0,0,0,1.12183,1.98309,5.25285,1.32313,7.03463,0.42336,0,0.42336,460.49,0,1.02816,0,0,2.14999,1.12183,1.028160,1,0,71.7941,0,0,0,71.7941,0
72.2787,2.30635,0,0,2.78012,0.0961589,0.36288,3.6288,61.2854,0.66528,0,0,0.907036,0.264313,0,0.66528,12.849,1,0.410084,0.36288,0,66.0545,4.99349,61.0138,0.84672,12.849,0.84672,3695.15,0,0,0,1.01456,1.98329,5.02377,1.32313,6.69849,0.42336,0,0.42336,460.49,0,1.02816,0,0,2.04272,1.01456,1.028160,1,0,67.7123,0,0,0,67.7123,0
72.1986,2.36651,0,0,2.72074,0.071425,0.36288,3.6288,61.308,0.66528,0,0,1.03997,0.296567,0.0555672,0.66528,12.849,1,0.420695,0.36288,0,62.2795,5.44344,56.7782,0.84672,12.849,0.84672,3695.15,0,0,0,0.842806,2.16046,3.57719,1.42246,5.158,0.42336,0,0.42336,460.49,0,1.02816,0,0,1.87097,0.842806,1.028160,1,0,61.9918,0,0,0,61.9918,0
71.8487,2.36638,0,0,2.45218,0.0728373,0.36288,3.6288,61.2159,0.66528,0,0,0.866143,0.292924,0,0.66528,12.849,1,0.421138,0.36288,0,48.5759,5.39175,43.1259,0.84672,12.849,0.84672,3695.15,0,0,0,0.867128,2.20851,3.17004,1.39614,4.84954,0.42336,0,0.42336,460.49,0,1.02816,0,0,1.89529,0.867128,1.028160,1,0,47.9754,0,0,0,47.9754,0
71.2936,2.36491,0,0,2.24535,0.0726437,0.36288,3.6288,61.0602,0.66528,0,0,0.80225,0.292754,0,0.66528,12.849,1,0.422926,0.36288,0,46.1712,5.39175,40.7194,0.84672,12.849,0.84672,3695.15,0,0,0,0.591987,2.20872,2.78644,1.39614,4.19101,0.42336,0,0.42336,460.49,0,1.02816,0,0,1.62015,0.591987,1.028160,1,0,44.9104,0,0,0,44.9104,0
70.8781,2.36238,0,0,2.37236,0.0626092,0.36288,3.6288,61.0182,0.66528,0,0,0.920955,0.297637,0,0.66528,12.849,1,0.425764,0.36288,0,45.2831,5.5413,39.6789,0.84672,12.849,0.84672,3695.15,0,0,0,0.916013,2.20892,3.68609,1.42602,5.38501,0.42336,0,0.42336,460.49,0,1.02816,0,0,1.94417,0.916013,1.028160,1,0,45.0639,0,0,0,45.0639,0
70.3938,2.53528,0,0,2.48057,0.0667049,0.36288,3.6288,60.9741,0.66528,0,0,0.909213,0.288056,0,0.66528,12.849,1,0.459604,0.36288,0,42.311,5.4732,36.7411,0.84672,12.849,0.84672,3695.15,0,0,0,0.882472,2.20913,3.56166,1.4346,5.21866,0.42336,0,0.42336,460.49,0,1.02816,0,0,1.91063,0.882472,1.028160,1,0,41.9598,0,0,0,41.9598,0
69.9799,2.53289,0,0,2.54221,0.060346,0.36288,3.6288,60.8764,0.66528,0,0,0.902725,0.335154,0,0.66528,12.849,1,0.462329,0.36288,0,41.9669,5.61939,36.2481,0.84672,12.849,0.84672,3695.15,0,0,0,0.862937,2.37313,2.69276,1.45322,4.4756,0.42336,0,0.42336,460.49,0,1.02816,0,0,1.8911,0.862937,1.028160,1,0,40.7237,0,0,0,40.7237,0
69.2569,2.53086,0,0,2.23089,0.0601538,0.36288,3.6288,60.747,0.66528,0,0,0.870895,0.334947,0,0.66528,12.849,1,0.464692,0.36288,0,53.3474,5.61939,47.6262,0.84672,12.849,0.84672,3695.15,0,0,0,0.778689,2.37335,2.58581,1.45322,4.28462,0.42336,0,0.42336,460.49,0,1.02816,0,0,1.80685,0.778689,1.028160,1,0,51.9108,0,0,0,51.9108,0
68.5856,2.52705,0,0,2.27842,0.0598179,0.36288,3.6288,60.7461,0.66528,0,0,0.999017,0.334672,0,0.66528,12.849,1,0.468836,0.36288,0,46.2122,5.61939,40.4869,0.84672,12.849,0.84672,3695.15,0,0,0,0.881107,2.37358,2.6853,1.45322,4.48676,0.42336,0,0.42336,460.49,0,1.02816,0,0,1.90927,0.881107,1.028160,1,0,44.9737,0,0,0,44.9737,0
68.1829,2.52347,0,0,2.54875,0.065037,0.36288,3.6288,60.7656,0.66528,0,0,1.02381,0.338979,0,0.66528,12.849,1,0.472754,0.36288,0,48.3318,5.6017,42.6202,0.84672,12.849,0.84672,3695.15,0,0,0,1.5519,2.3738,3.53493,1.43906,6.02157,0.42336,0,0.42336,460.49,0,1.02816,0,0,2.58006,1.5519,1.028160,1,0,48.6418,0,0,0,48.6418,0
69.2519,2.43671,0,0,3.97843,0.109862,0.36288,3.6288,61.1321,0.66528,0,0,1.40061,0.368891,0,0.66528,12.849,1,0.459196,0.36288,0,51.017,5.5607,45.36,0.84672,12.849,0.84672,3695.15,0,0,0,3.28628,2.37402,4.97364,1.39136,9.24259,0.42336,0,0.42336,460.49,0,1.02816,0,0,4.31444,3.28628,1.028160,1,0,54.6026,0,0,0,54.6026,0
70.3144,2.44296,0,0,3.98815,0.119818,0.36288,3.6288,61.308,0.66528,0,0,1.56682,0.372763,0.352858,0.66528,12.849,1,0.453268,0.36288,0,58.1803,5.60952,52.4804,0.84672,12.849,0.84672,3695.15,0,0,0,3.3633,2.27941,5.44534,1.41932,9.66874,0.42336,0,0.42336,460.49,0,1.02816,0,0,4.39146,3.3633,1.028160,1,0,62.502,0,0,0,62.502,0
71.6642,2.44903,0,0,4.28249,0.120807,0.36288,3.6288,61.308,0.66528,0,0,1.64773,0.373178,0.609267,0.66528,12.849,1,0.447527,0.36288,0,85.4686,5.60952,79.7744,0.84672,12.849,0.84672,3695.15,0,0,0,3.68363,2.27962,5.9645,1.41932,10.5084,0.42336,0,0.42336,460.49,0,1.02816,0,0,4.71179,3.68363,1.028160,1,0,90.8921,0,0,0,90.8921,0
72.29,2.45645,0,0,4.6521,0.122063,1.44775,3.6288,61.308,0.66528,0,0,2.37043,0.373178,1.33197,0.66528,12.849,1,0.440429,1.44775,0,201.81,5.60952,197.207,0.84672,12.849,0.84672,3695.15,0,0,0,4.76738,2.27984,8.45268,1.41932,14.0806,0.42336,0,0.42336,460.49,0,1.02816,0,0,5.79554,4.76738,1.028160,1,0,212.62,0,0,0,212.62,0
72.29,2.64655,0,0,3.36731,0.233805,0.486956,3.6288,61.308,0.66528,0,0,1.45996,0.258364,0.536317,0.66528,12.849,1,0.470404,0.486956,0,144.098,5.03565,139.079,0.84672,12.849,0.84672,3695.15,0,0,0,2.34248,2.28005,9.96564,1.14412,13.444,0.42336,0,0.42336,460.49,0,1.02816,0,0,3.37064,2.34248,1.028160,1,0,153.059,0,0,0,153.059,0
72.29,2.64682,0,0,4.90539,0.255142,2.00343,3.6288,61.308,0.66528,0,0,2.55963,0.207491,1.68686,0.66528,12.849,1,0.470452,2.00343,0,122.465,4.58104,119.417,0.84672,12.849,0.84672,3695.15,0,0,0,4.07392,2.01862,14.9196,0.990814,20.0213,0.42336,0,0.42336,460.49,0,1.02816,0,0,5.10208,4.07392,1.028160,1,0,141.125,0,0,0,141.125,0
71.7833,2.64709,0,0,2.75839,0.255142,0.36288,3.6288,61.308,0.66528,0,0,1.37646,0.207491,0.503685,0.66528,12.849,1,0.4705,0.36288,0,75.7427,4.58104,71.0541,0.84672,12.849,0.84672,3695.15,0,0,0,1.6911,2.01883,5.67148,0.990814,8.39059,0.42336,0,0.42336,460.49,0,1.02816,0,0,2.71926,1.6911,1.028160,1,0,79.9483,0,0,0,79.9483,0
71.3142,2.64454,0,0,2.79251,0.254161,0.36288,3.6288,61.308,0.66528,0,0,1.40861,0.207491,0.535843,0.66528,12.849,1,0.473365,0.36288,0,62.8798,4.58104,58.1882,0.84672,12.849,0.84672,3695.15,0,0,0,2.02296,2.01904,5.77987,0.990814,8.83106,0.42336,0,0.42336,460.49,0,1.02816,0,0,3.05112,2.02296,1.028160,1,0,67.5551,0,0,0,67.5551,0
71.6838,2.44318,0,0,3.42362,0.247944,0.36288,3.6288,61.308,0.642745,0,0,1.79408,0.254506,0.896828,0.66528,12.849,1,0.440199,0.36288,0,92.3046,4.45082,87.7764,0.84672,12.849,0.84672,3695.15,0,0,0,2.76323,2.01924,5.66403,1.10746,9.33904,0.42336,0,0.42336,460.49,0,1.02816,0,0,3.79139,2.76323,1.028160,1,0,98.0123,0,0,0,98.0123,0
72.2066,2.44536,0,0,3.57951,0.248466,0.36288,3.6288,61.308,0.642915,0,0,1.80255,0.231754,0.927886,0.66528,12.849,1,0.438319,0.36288,0,104.826,4.32989,100.42,0.84672,12.849,0.84672,3695.15,0,0,0,3.9211,1.83129,5.88361,1.1306,10.5054,0.42336,0,0.42336,460.49,0,1.02816,0,0,4.94926,3.9211,1.028160,1,0,111.854,0,0,0,111.854,0
72.29,2.4483,0,0,5.66632,0.249456,2.88519,3.6288,61.308,0.643085,0,0,1.75759,0.231754,0.882754,0.66528,12.849,1,0.435669,2.88519,0,106.338,4.32989,104.457,0.84672,12.849,0.84672,3695.15,0,0,0,4.61595,1.83147,5.96084,1.1306,11.2777,0.42336,0,0.42336,460.49,0,1.02816,0,0,5.64411,4.61595,1.028160,1,0,116.618,0,0,0,116.618,0
72.29,2.44898,0,0,6.15575,0.247066,3.45971,3.6288,61.308,0.643255,0,0,2.15517,0.229564,1.28235,0.66528,12.849,1,0.435287,3.45971,0,107.611,4.06185,106.574,0.84672,12.849,0.84672,3695.15,0,0,0,4.46367,1.83166,6.86517,1.09723,12.0633,0.42336,0,0.42336,460.49,0,1.02816,0,0,5.49183,4.46367,1.028160,1,0,119.919,0,0,0,119.919,0
72.29,2.44923,0,0,9.80165,0.284421,7.068,3.6288,61.308,0.643425,0,0,3.38917,0.212831,2.53291,0.66528,12.849,1,0.435331,7.068,0,142.919,3.29542,146.257,0.84672,12.849,0.84672,3695.15,0,0,0,4.93741,1.83185,9.976,1.08526,15.66,0.42336,0,0.42336,460.49,0,1.02816,0,0,5.96557,4.93741,1.028160,1,0,164.45,0,0,0,164.45,0
72.29,2.5262,0,0,8.12765,0.234708,5.36674,3.6288,61.308,0.66528,0,0,2.0555,0.231524,1.1587,0.66528,12.849,1,0.449013,5.36674,0,152.438,3.71448,153.641,0.84672,12.849,0.84672,3695.15,0,0,0,3.73937,1.83203,11.805,0.959798,16.4166,0.42336,0,0.42336,460.49,0,1.02816,0,0,4.76753,3.73937,1.028160,1,0,171.217,0,0,0,171.217,0
72.29,2.52644,0,0,5.6588,0.259966,2.87239,3.6288,61.308,0.66528,0,0,1.30486,0.255084,0.384492,0.66528,12.849,1,0.449056,2.87239,0,167.399,4.16178,165.661,0.84672,12.849,0.84672,3695.15,0,0,0,2.26046,1.89091,8.27971,1.02546,11.4056,0.42336,0,0.42336,460.49,0,1.02816,0,0,3.28862,2.26046,1.028160,1,0,177.451,0,0,0,177.451,0
72.29,2.52668,0,0,6.84662,0.259966,4.05997,3.6288,61.308,0.66528,0,0,1.30435,0.255084,0.383982,0.66528,12.849,1,0.449099,4.05997,0,161.343,4.16178,160.792,0.84672,12.849,0.84672,3695.15,0,0,0,2.31314,1.89109,7.93679,1.02546,11.1156,0.42336,0,0.42336,460.49,0,1.02816,0,0,3.3413,2.31314,1.028160,1,0,172.292,0,0,0,172.292,0
72.29,2.52692,0,0,6.57385,0.259966,3.78696,3.6288,61.308,0.66528,0,0,1.65244,0.255084,0.732079,0.66528,12.849,1,0.449141,3.78696,0,175.719,4.16178,174.895,0.84672,12.849,0.84672,3695.15,0,0,0,3.31188,1.89127,9.65339,1.02546,13.8311,0.42336,0,0.42336,460.49,0,1.02816,0,0,4.34004,3.31188,1.028160,1,0,189.459,0,0,0,189.459,0
72.29,2.77366,0,0,4.65502,0.280172,1.60119,3.6288,61.308,0.66528,0,0,1.24106,0.253699,0.322079,0.66528,12.849,1,0.492997,1.60119,0,110.851,4.00296,107.956,0.84672,12.849,0.84672,3695.15,0,0,0,2.0683,1.89145,8.28471,1.20578,11.0387,0.42336,0,0.42336,460.49,0,1.02816,0,0,3.09646,2.0683,1.028160,1,0,119.317,0,0,0,119.317,0
72.29,2.77392,0,0,5.05464,0.271952,2.00877,3.6288,61.308,0.66528,0,0,1.27056,0.258908,0.346375,0.66528,12.849,1,0.493043,2.00877,0,127.093,3.81738,124.791,0.84672,12.849,0.84672,3695.15,0,0,0,2.1139,2.10287,9.04789,1.22513,12.0395,0.42336,0,0.42336,460.49,0,1.02816,0,0,3.14206,2.1139,1.028160,1,0,137.177,0,0,0,137.177,0
72.29,2.77418,0,0,5.19504,0.271816,2.14904,3.6288,61.308,0.66528,0,0,1.18975,0.243235,0.281239,0.66528,12.849,1,0.49309,2.14904,0,130.942,3.68571,128.912,0.84672,12.849,0.84672,3695.15,0,0,0,1.98663,2.10307,8.37821,1.16159,11.3063,0.42336,0,0.42336,460.49,0,1.02816,0,0,3.01479,1.98663,1.028160,1,0,140.5,0,0,0,140.5,0
72.29,2.77445,0,0,5.46965,0.300865,2.39433,3.6288,61.308,0.66528,0,0,1.15012,0.222661,0.262182,0.66528,12.849,1,0.493137,2.39433,0,126.205,3.42816,124.678,0.84672,12.849,0.84672,3695.15,0,0,0,1.86137,2.10327,8.09335,1.0741,10.9839,0.42336,0,0.42336,460.49,0,1.02816,0,0,2.88953,1.86137,1.028160,1,0,135.924,0,0,0,135.924,0
72.29,2.423,0,0,4.28859,0.337184,1.5284,3.6288,61.308,0.629504,0,0,0.989574,0.210054,0.150016,0.66528,12.849,1,0.43067,1.5284,0,93.7915,3.23265,91.6566,0.84672,12.849,0.84672,3695.15,0,0,0,1.71399,2.10347,7.94102,0.962651,10.7958,0.42336,0,0.42336,460.49,0,1.02816,0,0,2.74215,1.71399,1.028160,1,0,102.602,0,0,0,102.602,0
72.29,2.42323,0,0,6.59166,0.355608,3.81283,3.6288,61.308,0.629662,0,0,1.77708,0.195017,0.952397,0.66528,12.849,1,0.430711,3.81283,0,129.73,3.06453,130.048,0.84672,12.849,0.84672,3695.15,0,0,0,3.80004,1.81549,10.9414,0.857653,15.6993,0.42336,0,0.42336,460.49,0,1.02816,0,0,4.8282,3.80004,1.028160,1,0,146.7,0,0,0,146.7,0
72.29,2.42346,0,0,3.26618,0.332951,0.509768,3.6288,61.1868,0.629819,0,0,0.691563,0.182984,0,0.66528,12.849,1,0.430752,0.509768,0,107.824,2.89014,105.013,0.84672,12.849,0.84672,3695.15,0,0,0,0.931919,1.81566,5.27371,0.832603,7.18869,0.42336,0,0.42336,460.49,0,1.02816,0,0,1.96008,0.931919,1.028160,1,0,112.201,0,0,0,112.201,0
72.091,2.42369,0,0,2.8878,0.300206,0.36288,3.6288,60.9227,0.629977,0,0,0.587578,0.22166,0,0.66528,12.849,1,0.430793,0.36288,0,87.7332,4.19537,83.4699,0.84672,12.849,0.84672,3695.15,0,0,0,0.704091,1.81583,3.96397,1.11797,5.36593,0.42336,0,0.42336,460.49,0,1.02816,0,0,1.73225,0.704091,1.028160,1,0,88.8358,0,0,0,88.8358,0
72.29,2.42291,0,0,3.9066,0.315762,0.968952,3.6288,61.308,0.630134,0,0,1.80173,0.234065,0.552228,0.66528,12.849,1,0.431843,0.968952,0,77.5207,4.69588,73.3619,0.84672,12.849,0.84672,3695.15,0,0,0,2.47508,1.81601,8.87985,1.21476,11.9562,0.42336,0,0.42336,460.49,0,1.02816,0,0,3.50324,2.47508,1.028160,1,0,85.8703,0,0,0,85.8703,0
72.29,2.51272,0,0,5.84722,0.355089,2.97941,3.6288,61.308,0.66528,0,0,1.76624,0.146047,0.954914,0.66528,12.849,1,0.446618,2.97941,0,144.067,3.52012,143.079,0.84672,12.849,0.84672,3695.15,0,0,0,3.341,1.81618,8.90862,0.960357,13.1054,0.42336,0,0.42336,460.49,0,1.02816,0,0,4.36916,3.341,1.028160,1,0,157.14,0,0,0,157.14,0
72.29,2.51296,0,0,4.12304,0.355089,1.25499,3.6288,61.308,0.66528,0,0,0.90606,0.146047,0.0947324,0.66528,12.849,1,0.44666,1.25499,0,98.566,3.52012,95.8542,0.84672,12.849,0.84672,3695.15,0,0,0,1.81871,1.88743,6.89221,0.960357,9.638,0.42336,0,0.42336,460.49,0,1.02816,0,0,2.84687,1.81871,1.028160,1,0,105.587,0,0,0,105.587,0
72.29,2.5132,0,0,3.722,0.346161,0.862637,3.6288,61.308,0.66528,0,0,0.992658,0.150805,0.176574,0.66528,12.849,1,0.446703,0.862637,0,107.4,3.57829,104.237,0.84672,12.849,0.84672,3695.15,0,0,0,1.90558,1.88761,7.21189,0.971807,10.0333,0.42336,0,0.42336,460.49,0,1.02816,0,0,2.93374,1.90558,1.028160,1,0,114.447,0,0,0,114.447,0
72.29,2.51344,0,0,3.59636,0.292593,0.790323,3.6288,61.308,0.66528,0,0,1.05349,0.179351,0.208862,0.66528,12.849,1,0.446745,0.790323,0,87.5068,3.92731,83.923,0.84672,12.849,0.84672,3695.15,0,0,0,2.03276,1.88779,7.3408,1.04051,10.2208,0.42336,0,0.42336,460.49,0,1.02816,0,0,3.06092,2.03276,1.028160,1,0,94.3528,0,0,0,94.3528,0
71.7879,2.47903,0,0,2.628,0.288172,0.36288,3.6288,61.1597,0.66528,0,0,0.70295,0.185989,0,0.66528,12.849,1,0.44063,0.36288,0,57.2138,3.87215,53.2639,0.84672,12.849,0.84672,3695.15,0,0,0,1.04438,1.88797,4.83436,1.02712,6.73959,0.42336,0,0.42336,460.49,0,1.02816,0,0,2.07254,1.04438,1.028160,1,0,60.0035,0,0,0,60.0035,0
71.6381,2.47666,0,0,2.97601,0.28634,0.36288,3.6288,61.059,0.66528,0,0,0.751511,0.18692,0,0.66528,12.849,1,0.443286,0.36288,0,57.9026,3.86295,53.9592,0.84672,12.849,0.84672,3695.15,0,0,0,1.00991,1.86048,3.81803,1.02489,5.66354,0.42336,0,0.42336,460.49,0,1.02816,0,0,2.03807,1.00991,1.028160,1,0,59.6228,0,0,0,59.6228,0
71.8691,2.47611,0,0,3.3333,0.263293,0.36288,3.6288,60.9748,0.66528,0,0,0.773202,0.192148,0,0.66528,12.849,1,0.444114,0.36288,0,69.5415,4.02549,65.4347,0.84672,12.849,0.84672,3695.15,0,0,0,1.10129,1.86066,3.68072,0.994797,5.64787,0.42336,0,0.42336,460.49,0,1.02816,0,0,2.12945,1.10129,1.028160,1,0,71.0826,0,0,0,71.0826,0
71.0773,2.47755,0,0,2.28209,0.233409,0.36288,3.6288,60.7822,0.66528,0,0,0.671889,0.19917,0,0.66528,12.849,1,0.442945,0.36288,0,51.1578,4.24221,46.8355,0.84672,12.849,0.84672,3695.15,0,0,0,0.799096,1.86084,3.30676,0.954678,5.01202,0.42336,0,0.42336,460.49,0,1.02816,0,0,1.82726,0.799096,1.028160,1,0,51.8475,0,0,0,51.8475,0
70.157,2.59095,0,0,2.24886,0.215334,0.36288,3.6288,60.5757,0.66528,0,0,0.675917,0.217128,0,0.66528,12.849,1,0.468379,0.36288,0,52.6834,4.50339,48.0745,0.84672,12.849,0.84672,3695.15,0,0,0,0.76261,1.86101,3.29664,1.00218,4.91807,0.42336,0,0.42336,460.49,0,1.02816,0,0,1.79077,0.76261,1.028160,1,0,52.9926,0,0,0,52.9926,0
69.4505,2.586,0,0,2.40787,0.165538,0.36288,3.6288,60.3641,0.66528,0,0,0.702916,0.249228,0,0.66528,12.849,1,0.473617,0.36288,0,55.6356,4.99086,50.534,0.84672,12.849,0.84672,3695.15,0,0,0,0.616084,1.95819,3.50101,1.12468,4.9506,0.42336,0,0.42336,460.49,0,1.02816,0,0,1.64424,0.616084,1.028160,1,0,55.4846,0,0,0,55.4846,0
68.6531,2.58218,0,0,2.31235,0.164636,0.36288,3.6288,60.1455,0.66528,0,0,0.695546,0.248893,0,0.66528,12.849,1,0.477728,0.36288,0,51.6393,4.99086,46.5336,0.84672,12.849,0.84672,3695.15,0,0,0,0.621864,1.95837,3.35982,1.12468,4.81538,0.42336,0,0.42336,460.49,0,1.02816,0,0,1.65002,0.621864,1.028160,1,0,51.349,0,0,0,51.349,0
67.7386,2.57775,0,0,2.19449,0.168399,0.36288,3.6288,59.9175,0.66528,0,0,0.684556,0.24724,0,0.66528,12.849,1,0.482448,0.36288,0,49.4663,4.90624,44.4405,0.84672,12.849,0.84672,3695.15,0,0,0,0.75657,1.95856,3.14506,1.12795,4.73224,0.42336,0,0.42336,460.49,0,1.02816,0,0,1.78473,0.75657,1.028160,1,0,49.1728,0,0,0,49.1728,0
66.7392,2.57252,0,0,2.12231,0.186292,0.36288,3.6288,59.6786,0.66528,0,0,0.660398,0.234092,0,0.66528,12.849,1,0.487969,0.36288,0,44.6335,4.41336,40.0951,0.84672,12.849,0.84672,3695.15,0,0,0,0.685791,1.95875,2.9991,1.12899,4.51465,0.42336,0,0.42336,460.49,0,1.02816,0,0,1.71395,0.685791,1.028160,1,0,44.6097,0,0,0,44.6097,0
65.9687,2.54365,0,0,2.26499,0.128936,0.36288,3.6288,59.5059,0.66528,0,0,0.696695,0.204034,0,0.66528,12.849,1,0.489718,0.36288,0,37.0699,4.50219,32.4409,0.84672,12.849,0.84672,3695.15,0,0,0,0.746513,1.95893,3.56687,1.01774,5.25457,0.42336,0,0.42336,460.49,0,1.02816,0,0,1.77467,0.746513,1.028160,1,0,37.6955,0,0,0,37.6955,0
65.2331,2.286,0,0,2.04135,0.128149,0.36288,3.6288,59.2856,0.66528,0,0,0.648786,0.203809,0,0.66528,12.849,1,0.445254,0.36288,0,34.3582,4.50219,29.7736,0.84672,12.849,0.84672,3695.15,0,0,0,0.520543,1.99304,3.39611,1.01774,4.89195,0.42336,0,0.42336,460.49,0,1.02816,0,0,1.5487,0.520543,1.028160,1,0,34.6656,0,0,0,34.6656,0
64.4353,2.28205,0,0,1.95201,0.104871,0.36288,3.6288,58.976,0.66528,0,0,0.613348,0.257666,0,0.66528,12.849,1,0.449497,0.36288,0,30.9759,5.20794,25.6813,0.84672,12.849,0.84672,3695.15,0,0,0,0.500956,2.17019,3.22667,1.27535,4.62247,0.42336,0,0.42336,460.49,0,1.02816,0,0,1.52912,0.500956,1.028160,1,0,30.3038,0,0,0,30.3038,0
63.4394,2.27765,0,0,1.73992,0.095247,0.36288,3.6288,58.6069,0.66528,0,0,0.574944,0.27877,0,0.66528,12.849,1,0.454185,0.36288,0,28.1419,5.49024,22.5603,0.84672,12.849,0.84672,3695.15,0,0,0,0.471001,2.17038,3.12129,1.3784,4.38428,0.42336,0,0.42336,460.49,0,1.02816,0,0,1.49916,0.471001,1.028160,1,0,26.9446,0,0,0,26.9446,0
62.7363,2.33085,0,0,2.08374,0.0931701,0.36288,3.6288,58.3301,0.66528,0,0,0.672744,0.28428,0,0.66528,12.849,1,0.47209,0.36288,0,31.5439,5.86742,25.5672,0.84672,12.849,0.84672,3695.15,0,0,0,0.709914,2.17057,3.42198,1.41267,4.8898,0.42336,0,0.42336,460.49,0,1.02816,0,0,1.73807,0.709914,1.028160,1,0,30.457,0,0,0,30.457,0
61.9423,2.3267,0,0,1.98772,0.0921156,0.36288,3.6288,58.0576,0.66528,0,0,0.679,0.286238,0,0.66528,12.849,1,0.476532,0.36288,0,31.2626,6.01829,25.1307,0.84672,12.849,0.84672,3695.15,0,0,0,0.70143,2.21886,3.55318,1.42638,5.04709,0.42336,0,0.42336,460.49,0,1.02816,0,0,1.72959,0.70143,1.028160,1,0,30.1778,0,0,0,30.1778,0
60.9833,2.32189,0,0,1.81735,0.0915173,0.36288,3.6288,57.7625,0.66528,0,0,0.655906,0.285735,0,0.66528,12.849,1,0.481641,0.36288,0,29.3591,6.01829,23.222,0.84672,12.849,0.84672,3695.15,0,0,0,0.565436,2.21905,3.38543,1.42638,4.74354,0.42336,0,0.42336,460.49,0,1.02816,0,0,1.5936,0.565436,1.028160,1,0,27.9656,0,0,0,27.9656,0
59.7883,2.31588,0,0,1.5595,0.0757988,0.36288,3.6288,57.459,0.66528,0,0,0.653227,0.291411,0,0.66528,12.849,1,0.487948,0.36288,0,28.0046,6.27759,21.6019,0.84672,12.849,0.84672,3695.15,0,0,0,0.54985,2.21925,3.36394,1.44165,4.69138,0.42336,0,0.42336,460.49,0,1.02816,0,0,1.57801,0.54985,1.028160,1,0,26.2933,0,0,0,26.2933,0
58.1696,2.47886,0,0,1.31689,0.0938761,0.36288,3.6288,57.1596,0.66528,0,0,0.641369,0.275497,0,0.66528,12.849,1,0.532729,0.36288,0,25.039,6.10235,18.7668,0.84672,12.849,0.84672,3695.15,0,0,0,0.531671,2.21944,3.17206,1.335,4.58816,0.42336,0,0.42336,460.49,0,1.02816,0,0,1.55983,0.531671,1.028160,1,0,23.3549,0,0,0,23.3549,0
56.2696,2.46698,0,0,1.04547,0.115584,0.36288,3.6288,56.8479,0.66528,0,0,0.617688,0.264166,0,0.66528,12.849,1,0.544928,0.36288,0,21.3113,6.00642,15.1228,0.84672,12.849,0.84672,3695.15,0,0,0,0.505302,2.38426,2.97079,1.36508,4.49526,0.42336,0,0.42336,460.49,0,1.02816,0,0,1.53346,0.505302,1.028160,1,0,19.618,0,0,0,19.618,0
54.4083,2.45226,0,0,1.06732,0.113446,0.36288,3.6288,56.5105,0.66528,0,0,0.59156,0.263632,0,0.66528,12.849,1,0.559966,0.36288,0,19.6617,6.00642,13.4582,0.84672,12.849,0.84672,3695.15,0,0,0,0.442878,2.38447,3.04558,1.36508,4.50785,0.42336,0,0.42336,460.49,0,1.02816,0,0,1.47104,0.442878,1.028160,1,0,17.966,0,0,0,17.966,0
53.0833,2.43702,0,0,1.59056,0.115719,0.36288,3.6288,56.2836,0.66528,0,0,0.700341,0.262013,0,0.66528,12.849,1,0.575522,0.36288,0,25.3098,5.97673,19.1205,0.84672,12.849,0.84672,3695.15,0,0,0,0.744051,2.38468,3.33787,1.36144,5.10516,0.42336,0,0.42336,460.49,0,1.02816,0,0,1.77221,0.744051,1.028160,1,0,24.2256,0,0,0,24.2256,0
52.4295,2.4257,0,0,2.26861,0.133772,0.36288,3.6288,56.2707,0.66528,0,0,0.905066,0.25268,0,0.66528,12.849,1,0.58715,0.36288,0,37.1269,5.9132,30.9894,0.84672,12.849,0.84672,3695.15,0,0,0,0.828395,2.38489,3.65463,1.33805,5.52987,0.42336,0,0.42336,460.49,0,1.02816,0,0,1.85655,0.828395,1.028160,1,0,36.5193,0,0,0,36.5193,0
52.2684,2.33883,0,0,2.64991,0.109333,0.36288,3.6288,56.9645,0.66528,0,0,1.60032,0.241169,0,0.66528,12.849,1,0.57318,0.36288,0,57.5938,4.61402,52.7695,0.84672,12.849,0.84672,3695.15,0,0,0,1.80118,2.3851,7.80745,1.24904,10.7447,0.42336,0,0.42336,460.49,0,1.02816,0,0,2.82934,1.80118,1.028160,1,0,63.5142,0,0,0,63.5142,0
52.2347,2.33765,0,0,2.77598,0.109151,0.36288,3.6288,57.4151,0.66528,0,0,1.35807,0.242262,0,0.66528,12.849,1,0.574659,0.36288,0,52.893,4.61402,48.0672,0.84672,12.849,0.84672,3695.15,0,0,0,1.62518,2.28999,7.27315,1.24904,9.93929,0.42336,0,0.42336,460.49,0,1.02816,0,0,2.65334,1.62518,1.028160,1,0,58.0064,0,0,0,58.0064,0
51.7483,2.3376,0,0,2.38864,0.174577,0.36288,3.6288,57.9487,0.66528,0,0,1.39445,0.195524,0,0.66528,12.849,1,0.575017,0.36288,0,66.5889,4.3108,62.066,0.84672,12.849,0.84672,3695.15,0,0,0,1.67868,2.29019,8.3986,1.09687,11.2706,0.42336,0,0.42336,460.49,0,1.02816,0,0,2.70684,1.67868,1.028160,1,0,73.3366,0,0,0,73.3366,0
51.7185,2.33352,0,0,2.90832,0.241743,0.36288,3.6288,58.5361,0.66528,0,0,1.40219,0.149556,0,0.66528,12.849,1,0.579408,0.36288,0,73.2179,4.72889,68.2725,0.84672,12.849,0.84672,3695.15,0,0,0,1.83316,2.29039,11.2054,1.0216,14.3073,0.42336,0,0.42336,460.49,0,1.02816,0,0,2.86132,1.83316,1.028160,1,0,82.5799,0,0,0,82.5799,0
52.383,2.26696,0,0,3.53124,0.236853,0.36288,3.6288,59.4973,0.66528,0,0,1.82692,0.200444,0,0.66528,12.849,1,0.563205,0.36288,0,105.913,4.09847,101.615,0.84672,12.849,0.84672,3695.15,0,0,0,2.33614,2.29059,13.2017,0.98193,16.8466,0.42336,0,0.42336,460.49,0,1.02816,0,0,3.3643,2.33614,1.028160,1,0,118.461,0,0,0,118.461,0
52.6953,2.27293,0,0,3.18301,0.234851,0.36288,3.6288,60.4005,0.66528,0,0,1.80821,0.239658,0,0.66528,12.849,1,0.557526,0.36288,0,98.1305,3.62565,94.3102,0.84672,12.849,0.84672,3695.15,0,0,0,2.47406,2.2057,15.0702,0.952178,18.7978,0.42336,0,0.42336,460.49,0,1.02816,0,0,3.50222,2.47406,1.028160,1,0,113.108,0,0,0,113.108,0
53.8247,2.27583,0,0,4.00372,0.235608,0.36288,3.6288,61.308,0.66528,0,0,1.99588,0.241043,0.182089,0.66528,12.849,1,0.554928,0.36288,0,116.1,3.62565,112.282,0.84672,12.849,0.84672,3695.15,0,0,0,2.95195,2.20589,16.4551,0.952178,20.6608,0.42336,0,0.42336,460.49,0,1.02816,0,0,3.98011,2.95195,1.028160,1,0,133.125,0,0,0,133.125,0
55.3861,2.28547,0,0,4.45716,0.247439,0.36288,3.6288,61.308,0.66528,0,0,2.44204,0.245883,1.53088,0.66528,12.849,1,0.545585,0.36288,0,166.567,3.68364,162.701,0.84672,12.849,0.84672,3695.15,0,0,0,3.71861,2.20608,19.6384,0.965717,24.5974,0.42336,0,0.42336,460.49,0,1.02816,0,0,4.74677,3.71861,1.028160,1,0,188.829,0,0,0,188.829,0
57.0785,2.10663,0,0,4.44117,0.279288,0.36288,3.6288,61.308,0.66528,0,0,2.20185,0.267798,1.26877,0.66528,12.849,1,0.488716,0.36288,0,157.354,4.03647,153.192,0.84672,12.849,0.84672,3695.15,0,0,0,2.83938,2.20628,16.5832,1.07328,20.5556,0.42336,0,0.42336,460.49,0,1.02816,0,0,3.86754,2.83938,1.028160,1,0,175.016,0,0,0,175.016,0
60.3051,2.11868,0,0,5.98364,0.2755,0.36288,3.6288,61.308,0.66528,0,0,3.8177,0.260965,2.89146,0.66528,12.849,1,0.476939,0.36288,0,164.328,4.19675,160.018,0.84672,12.849,0.84672,3695.15,0,0,0,4.23277,2.01737,20.2938,1.17872,25.3652,0.42336,0,0.42336,460.49,0,1.02816,0,0,5.26093,4.23277,1.028160,1,0,188.274,0,0,0,188.274,0
62.7166,2.13994,0,0,5.19864,0.284245,0.36288,3.6288,61.308,0.66528,0,0,3.14217,0.260965,2.21592,0.66528,12.849,1,0.455951,0.36288,0,163.738,4.19675,159.449,0.84672,12.849,0.84672,3695.15,0,0,0,3.54879,2.01755,20.373,1.17872,24.7607,0.42336,0,0.42336,460.49,0,1.02816,0,0,4.57695,3.54879,1.028160,1,0,186.425,0,0,0,186.425,0
64.8362,2.4057,0,0,5.17813,0.289968,0.36288,3.6288,61.308,0.651546,0,0,3.10511,0.260965,2.1926,0.66528,12.849,1,0.492866,0.36288,0,185.152,4.19675,180.825,0.84672,12.849,0.84672,3695.15,0,0,0,3.43272,2.01772,22.768,1.18005,27.0384,0.42336,0,0.42336,460.49,0,1.02816,0,0,4.46088,3.43272,1.028160,1,0,210.056,0,0,0,210.056,0
68.8735,2.41938,0,0,7.07079,0.251256,0.36288,3.6288,61.308,0.651706,0,0,5.21713,0.247445,4.31798,0.66528,12.849,1,0.479464,0.36288,0,182.592,4.05909,178.416,0.84672,12.849,0.84672,3695.15,0,0,0,4.01066,1.84093,25.4017,1.10592,30.1474,0.42336,0,0.42336,460.49,0,1.02816,0,0,5.03882,4.01066,1.028160,1,0,212.881,0,0,0,212.881,0
72.29,2.51984,0,0,6.89785,0.307734,0.653774,3.6288,61.308,0.66528,0,0,2.71028,0.183527,1.86147,0.66528,12.849,1,0.470099,0.653774,0,176.037,3.58062,172.64,0.84672,12.849,0.84672,3695.15,0,0,0,6.31617,1.84111,25.646,1.13669,32.6666,0.42336,0,0.42336,460.49,0,1.02816,0,0,7.34433,6.31617,1.028160,1,0,207.168,0,0,0,207.168,0
72.29,2.53893,0,0,6.93521,0.324905,4.07138,3.6288,61.308,0.66528,0,0,3.23486,0.172623,2.39696,0.66528,12.849,1,0.451275,4.07138,0,193.295,3.5363,193.379,0.84672,12.849,0.84672,3695.15,0,0,0,8.49899,1.90027,27.4915,1.1462,36.7446,0.42336,0,0.42336,460.49,0,1.02816,0,0,9.52715,8.49899,1.028160,1,0,232.52,0,0,0,232.52,0
72.29,2.53915,0,0,7.98823,0.324905,5.12418,3.6288,61.308,0.66528,0,0,2.12586,0.172623,1.28796,0.66528,12.849,1,0.451315,5.12418,0,201.653,3.5363,202.79,0.84672,12.849,0.84672,3695.15,0,0,0,6.04731,1.90044,25.5419,1.1462,32.3435,0.42336,0,0.42336,460.49,0,1.02816,0,0,7.07547,6.04731,1.028160,1,0,236.421,0,0,0,236.421,0
72.29,2.53938,0,0,10.5541,0.318507,7.69622,3.6288,61.308,0.66528,0,0,3.887,0.194782,3.02694,0.66528,12.849,1,0.451355,7.69622,0,313.502,4.03022,316.717,0.84672,12.849,0.84672,3695.15,0,0,0,10.3959,1.9006,38.2882,1.18542,49.3993,0.42336,0,0.42336,460.49,0,1.02816,0,0,11.4241,10.3959,1.028160,1,0,369.143,0,0,0,369.143,0
72.29,2.78731,0,0,14.4708,0.322365,11.3611,3.6288,61.308,0.66528,0,0,5.5592,0.160007,4.73391,0.66528,12.849,1,0.495423,11.3611,0,300.358,4.05804,307.166,0.84672,12.849,0.84672,3695.15,0,0,0,13.0848,1.90077,42.3172,1.10351,56.1993,0.42336,0,0.42336,460.49,0,1.02816,0,0,14.113,13.0848,1.028160,1,0,368.099,0,0,0,368.099,0
72.29,2.78756,0,0,23.3885,0.334421,20.2665,3.6288,61.308,0.66528,0,0,7.42338,0.103547,6.65455,0.66528,12.849,1,0.495467,20.2665,0,540.42,3.75701,556.434,0.84672,12.849,0.84672,3695.15,0,0,0,19.0938,2.11322,73.4708,0.987962,93.6898,0.42336,0,0.42336,460.49,0,1.02816,0,0,20.122,19.0938,1.028160,1,0,656.778,0,0,0,656.778,0
72.29,2.7878,0,0,9.34476,0.334421,6.22254,3.6288,61.308,0.66528,0,0,3.59875,0.103547,2.82992,0.66528,12.849,1,0.495511,6.22254,0,325.426,3.75701,327.396,0.84672,12.849,0.84672,3695.15,0,0,0,9.82463,2.11341,31.2384,0.987962,42.1884,0.42336,0,0.42336,460.49,0,1.02816,0,0,10.8528,9.82463,1.028160,1,0,372.415,0,0,0,372.415,0
72.29,2.78805,0,0,7.69038,0.345267,4.55706,3.6288,61.308,0.66528,0,0,3.77719,0.183914,2.928,0.66528,12.849,1,0.495555,4.55706,0,244.257,4.71978,243.599,0.84672,12.849,0.84672,3695.15,0,0,0,9.82083,2.11359,29.5175,1.15438,40.2976,0.42336,0,0.42336,460.49,0,1.02816,0,0,10.849,9.82083,1.028160,1,0,286.824,0,0,0,286.824,0
72.29,2.43486,0,0,7.42798,0.346898,4.64622,3.6288,61.308,0.63762,0,0,7.49688,0.149978,6.70929,0.66528,12.849,1,0.432778,4.64622,0,228.921,4.04298,229.092,0.84672,12.849,0.84672,3695.15,0,0,0,12.2512,2.11378,38.5285,0.941085,51.9524,0.42336,0,0.42336,460.49,0,1.02816,0,0,13.2793,12.2512,1.028160,1,0,287.753,0,0,0,287.753,0
72.29,2.43508,0,0,6.15417,0.327356,3.39173,3.6288,61.308,0.637768,0,0,5.06113,0.119497,4.30387,0.66528,12.849,1,0.432817,3.39173,0,154.326,3.56801,153.717,0.84672,12.849,0.84672,3695.15,0,0,0,7.52509,1.82438,26.1541,0.844204,34.6594,0.42336,0,0.42336,460.49,0,1.02816,0,0,8.55325,7.52509,1.028160,1,0,192.68,0,0,0,192.68,0
72.29,2.43529,0,0,8.53988,0.327356,5.77723,3.6288,61.308,0.637915,0,0,5.86751,0.119497,5.1101,0.66528,12.849,1,0.432855,5.77723,0,195.826,3.56801,197.602,0.84672,12.849,0.84672,3695.15,0,0,0,8.52353,1.82454,35.6457,0.844204,45.1496,0.42336,0,0.42336,460.49,0,1.02816,0,0,9.55169,8.52353,1.028160,1,0,247.862,0,0,0,247.862,0
72.29,2.43551,0,0,7.38539,0.326198,4.62368,3.6288,61.308,0.638063,0,0,5.22743,0.110539,4.47883,0.66528,12.849,1,0.432893,4.62368,0,190.5,3.47385,191.217,0.84672,12.849,0.84672,3695.15,0,0,0,8.04047,1.8247,30.6723,0.836263,39.7012,0.42336,0,0.42336,460.49,0,1.02816,0,0,9.06863,8.04047,1.028160,1,0,235.397,0,0,0,235.397,0
72.29,2.43573,0,0,13.4047,0.322887,10.6461,3.6288,61.308,0.63821,0,0,8.6298,0.135639,7.85596,0.66528,12.849,1,0.432932,10.6461,0,361.04,4.22361,367.029,0.84672,12.849,0.84672,3695.15,0,0,0,10.8071,1.82486,55.0291,1.01514,66.6459,0.42336,0,0.42336,460.49,0,1.02816,0,0,11.8352,10.8071,1.028160,1,0,441.531,0,0,0,441.531,0
72.29,2.52495,0,0,10.0735,0.288542,7.26006,3.6288,61.308,0.66528,0,0,6.50683,0.140295,5.70125,0.66528,12.849,1,0.44879,7.26006,0,239.152,3.94422,242.019,0.84672,12.849,0.84672,3695.15,0,0,0,7.43567,1.82502,35.7874,0.810595,44.2375,0.42336,0,0.42336,460.49,0,1.02816,0,0,8.46383,7.43567,1.028160,1,0,291.958,0,0,0,291.958,0
72.29,2.52517,0,0,9.63066,0.288542,6.81695,3.6288,61.308,0.66528,0,0,12.0664,0.140295,11.2608,0.66528,12.849,1,0.44883,6.81695,0,267.462,3.94422,269.885,0.84672,12.849,0.84672,3695.15,0,0,0,12.5893,1.89661,44.246,0.810595,57.9212,0.42336,0,0.42336,460.49,0,1.02816,0,0,13.6174,12.5893,1.028160,1,0,339.068,0,0,0,339.068,0
72.29,2.52539,0,0,7.971,0.279614,5.166,3.6288,61.308,0.66528,0,0,4.33607,0.145052,3.52574,0.66528,12.849,1,0.448869,5.166,0,201.539,4.00239,202.254,0.84672,12.849,0.84672,3695.15,0,0,0,5.85281,1.89678,30.6167,0.822045,37.5443,0.42336,0,0.42336,460.49,0,1.02816,0,0,6.88097,5.85281,1.028160,1,0,243.324,0,0,0,243.324,0
72.29,2.52562,0,0,9.11174,0.235168,6.35096,3.6288,61.308,0.66528,0,0,5.55618,0.158419,4.73248,0.66528,12.849,1,0.448909,6.35096,0,211.042,4.03357,212.91,0.84672,12.849,0.84672,3695.15,0,0,0,7.22105,1.89695,35.7734,0.897372,43.994,0.42336,0,0.42336,460.49,0,1.02816,0,0,8.24921,7.22105,1.028160,1,0,261.636,0,0,0,261.636,0
72.29,2.49103,0,0,6.69773,0.229529,3.97717,3.6288,61.308,0.66528,0,0,2.84524,0.167262,2.0127,0.66528,12.849,1,0.442761,3.97717,0,178.645,4.18595,177.993,0.84672,12.849,0.84672,3695.15,0,0,0,6.29678,1.89712,25.1161,0.953502,32.3565,0.42336,0,0.42336,460.49,0,1.02816,0,0,7.32494,6.29678,1.028160,1,0,212.363,0,0,0,212.363,0
72.29,2.49125,0,0,6.00272,0.222409,3.28906,3.6288,61.308,0.66528,0,0,2.43423,0.178895,1.59006,0.66528,12.849,1,0.442801,3.28906,0,152.98,4.41641,151.41,0.84672,12.849,0.84672,3695.15,0,0,0,6.2538,1.86948,22.0187,0.97242,29.1696,0.42336,0,0.42336,460.49,0,1.02816,0,0,7.28196,6.2538,1.028160,1,0,182.169,0,0,0,182.169,0
72.29,2.49147,0,0,5.5554,0.212622,2.85131,3.6288,61.308,0.66528,0,0,2.31517,0.181606,1.46828,0.66528,12.849,1,0.44284,2.85131,0,132.551,4.42834,130.531,0.84672,12.849,0.84672,3695.15,0,0,0,5.86552,1.86965,20.3075,0.969008,27.0736,0.42336,0,0.42336,460.49,0,1.02816,0,0,6.89368,5.86552,1.028160,1,0,159.073,0,0,0,159.073,0
72.29,2.49169,0,0,5.75845,0.153902,3.11285,3.6288,61.308,0.66528,0,0,2.54587,0.197872,1.68272,0.66528,12.849,1,0.442879,3.11285,0,151.905,4.49998,150.075,0.84672,12.849,0.84672,3695.15,0,0,0,6.04178,1.86981,29.4757,0.948538,36.4388,0.42336,0,0.42336,460.49,0,1.02816,0,0,7.06994,6.04178,1.028160,1,0,188.197,0,0,0,188.197,0
72.29,2.61012,0,0,6.40001,0.151417,3.63847,3.6288,61.308,0.66528,0,0,3.10372,0.195789,2.24265,0.66528,12.849,1,0.463929,3.63847,0,147.007,4.56382,145.618,0.84672,12.849,0.84672,3695.15,0,0,0,6.5124,1.86998,21.9119,0.954414,29.3399,0.42336,0,0.42336,460.49,0,1.02816,0,0,7.54056,6.5124,1.028160,1,0,177.2,0,0,0,177.2,0
72.29,2.61035,0,0,5.47514,0.145203,2.71959,3.6288,61.308,0.66528,0,0,2.01678,0.190582,1.16092,0.66528,12.849,1,0.46397,2.71959,0,111.581,4.72343,109.113,0.84672,12.849,0.84672,3695.15,0,0,0,5.27869,1.96761,19.0924,0.969105,25.3696,0.42336,0,0.42336,460.49,0,1.02816,0,0,6.30685,5.27869,1.028160,1,0,135.644,0,0,0,135.644,0
72.29,2.61058,0,0,4.88506,0.145203,2.12927,3.6288,61.308,0.66528,0,0,1.83687,0.190582,0.981011,0.66528,12.849,1,0.464011,2.12927,0,103.146,4.72343,100.088,0.84672,12.849,0.84672,3695.15,0,0,0,4.82326,1.96779,18.4763,0.969105,24.2982,0.42336,0,0.42336,460.49,0,1.02816,0,0,5.85142,4.82326,1.028160,1,0,125.367,0,0,0,125.367,0
72.29,2.61081,0,0,4.5812,0.14044,1.82995,3.6288,61.308,0.66528,0,0,1.78591,0.176571,0.944054,0.66528,12.849,1,0.464052,1.82995,0,98.8088,4.23077,95.9439,0.84672,12.849,0.84672,3695.15,0,0,0,4.50814,1.96796,17.5478,1.01638,23.0076,0.42336,0,0.42336,460.49,0,1.02816,0,0,5.5363,4.50814,1.028160,1,0,119.896,0,0,0,119.896,0
72.29,2.61105,0,0,4.3118,0.113735,1.58702,3.6288,61.308,0.66528,0,0,1.77827,0.192896,0.920092,0.66528,12.849,1,0.464094,1.58702,0,88.9272,4.15831,85.8918,0.84672,12.849,0.84672,3695.15,0,0,0,4.42084,1.96813,16.4406,1.12857,21.701,0.42336,0,0.42336,460.49,0,1.02816,0,0,5.449,4.42084,1.028160,1,0,108.513,0,0,0,108.513,0
72.29,2.58789,0,0,5.0362,0.0892358,2.35908,3.6288,61.308,0.66528,0,0,1.46157,0.241957,0.554332,0.66528,12.849,1,0.459978,2.35908,0,88.6429,5.04882,85.4932,0.84672,12.849,0.84672,3695.15,0,0,0,2.1552,1.96831,13.8382,1.20165,16.76,0.42336,0,0.42336,460.49,0,1.02816,0,0,3.18336,2.1552,1.028160,1,0,102.808,0,0,0,102.808,0
72.29,2.58812,0,0,4.76451,0.0892358,2.08716,3.6288,61.308,0.66528,0,0,1.42706,0.241957,0.519823,0.66528,12.849,1,0.460018,2.08716,0,85.9758,5.04882,82.5541,0.84672,12.849,0.84672,3695.15,0,0,0,1.94384,2.00257,12.6398,1.20165,15.3846,0.42336,0,0.42336,460.49,0,1.02816,0,0,2.972,1.94384,1.028160,1,0,98.4585,0,0,0,98.4585,0
72.29,2.58835,0,0,4.53538,0.0796661,1.86736,3.6288,61.308,0.66528,0,0,1.37777,0.257501,0.454988,0.66528,12.849,1,0.460059,1.86736,0,82.531,5.26599,78.6723,0.84672,12.849,0.84672,3695.15,0,0,0,1.91236,2.00274,12.1758,1.27515,14.8158,0.42336,0,0.42336,460.49,0,1.02816,0,0,2.94052,1.91236,1.028160,1,0,93.9431,0,0,0,93.9431,0
72.29,2.58858,0,0,4.279,0.0655969,1.62483,3.6288,61.308,0.66528,0,0,1.32917,0.277429,0.38646,0.66528,12.849,1,0.4601,1.62483,0,78.1764,5.82722,73.514,0.84672,12.849,0.84672,3695.15,0,0,0,1.99705,2.00292,12.077,1.41351,14.6635,0.42336,0,0.42336,460.49,0,1.02816,0,0,3.02521,1.99705,1.028160,1,0,88.5639,0,0,0,88.5639,0
72.29,2.64922,0,0,3.88152,0.0755133,1.15678,3.6288,61.308,0.66528,0,0,1.16602,0.300694,0.200046,0.66528,12.849,1,0.47088,1.15678,0,84.5683,5.86238,79.3918,0.84672,12.849,0.84672,3695.15,0,0,0,1.56948,2.0031,10.6804,1.42263,12.8304,0.42336,0,0.42336,460.49,0,1.02816,0,0,2.59764,1.56948,1.028160,1,0,92.4223,0,0,0,92.4223,0
72.29,2.3927,0,0,3.60507,0.0799942,1.13238,3.6288,61.308,0.66528,0,0,1.02303,0.323823,0.0339249,0.66528,12.849,1,0.425284,1.13238,0,61.5285,5.88326,56.3524,0.84672,12.849,0.84672,3695.15,0,0,0,1.55083,2.0516,9.54141,1.44309,11.7008,0.42336,0,0.42336,460.49,0,1.02816,0,0,2.57899,1.55083,1.028160,1,0,68.0871,0,0,0,68.0871,0
72.29,2.39293,0,0,3.30099,0.0799942,0.828064,3.6288,61.2665,0.66528,0,0,0.947557,0.323823,0,0.66528,12.849,1,0.425325,0.828064,0,58.4841,5.88326,53.0036,0.84672,12.849,0.84672,3695.15,0,0,0,1.17642,2.22875,8.38676,1.44309,10.3488,0.42336,0,0.42336,460.49,0,1.02816,0,0,2.20458,1.17642,1.028160,1,0,63.3524,0,0,0,63.3524,0
72.29,2.39317,0,0,3.48773,0.0701925,1.02437,3.6288,61.308,0.66528,0,0,1.08778,0.328917,0.0520339,0.66528,12.849,1,0.425367,1.02437,0,57.3587,6.0328,51.9249,0.84672,12.849,0.84672,3695.15,0,0,0,1.61735,2.22893,11.0947,1.47297,13.468,0.42336,0,0.42336,460.49,0,1.02816,0,0,2.64551,1.61735,1.028160,1,0,65.445,0,0,0,65.445,0
72.29,2.57039,0,0,3.37103,0.0719197,0.728712,3.6288,61.308,0.66528,0,0,1.02794,0.294771,0.0678934,0.66528,12.849,1,0.456868,0.728712,0,53.0898,5.97622,47.3854,0.84672,12.849,0.84672,3695.15,0,0,0,1.56716,2.22911,10.5756,1.48719,12.8847,0.42336,0,0.42336,460.49,0,1.02816,0,0,2.59532,1.56716,1.028160,1,0,60.338,0,0,0,60.338,0
71.4288,2.82741,0,0,2.42597,0.0969336,0.36288,3.6288,61.057,0.66528,0,0,0.737217,0.322982,0,0.66528,12.849,1,0.50255,0.36288,0,35.7726,5.65635,29.9766,0.84672,12.849,0.84672,3695.15,0,0,0,0.721924,2.39469,6.53257,1.3957,8.25349,0.42336,0,0.42336,460.49,0,1.02816,0,0,1.75008,0.721924,1.028160,1,0,38.2301,0,0,0,38.2301,0
70.5322,2.56623,0,0,2.12887,0.0963001,0.36288,3.6288,60.7804,0.66528,0,0,0.711227,0.322469,0,0.66528,12.849,1,0.461627,0.36288,0,45.4736,5.65635,39.7185,0.84672,12.849,0.84672,3695.15,0,0,0,0.643965,2.21793,6.27307,1.3957,7.73926,0.42336,0,0.42336,460.49,0,1.02816,0,0,1.67213,0.643965,1.028160,1,0,47.4578,0,0,0,47.4578,0
69.6864,2.56151,0,0,2.17422,0.0956408,0.36288,3.6288,60.6091,0.66528,0,0,0.815839,0.321905,0,0.66528,12.849,1,0.466636,0.36288,0,39.3912,5.65635,33.6311,0.84672,12.849,0.84672,3695.15,0,0,0,0.738755,2.39509,6.51452,1.3957,8.25266,0.42336,0,0.42336,460.49,0,1.02816,0,0,1.76691,0.738755,1.028160,1,0,41.8838,0,0,0,41.8838,0
68.8641,2.55698,0,0,2.19378,0.0962615,0.36288,3.6288,60.4511,0.66528,0,0,0.822018,0.314691,0,0.66528,12.849,1,0.471464,0.36288,0,39.9687,5.47151,34.3886,0.84672,12.849,0.84672,3695.15,0,0,0,1.17044,2.39528,8.3325,1.32375,10.5745,0.42336,0,0.42336,460.49,0,1.02816,0,0,2.1986,1.17044,1.028160,1,0,44.9631,0,0,0,44.9631,0
67.2156,2.46683,0,0,1.31859,0.137404,0.36288,3.6288,59.7718,0.800781,0,0,0.448246,0.32676,0,0.66528,12.849,1,0.460273,0.36288,0,20.7297,5.30597,15.3263,0.84672,12.849,0.84672,3695.15,0,0,0,0.204422,2.39548,4.04725,1.24495,5.40221,0.42336,0,0.42336,460.49,0,0.892659,0,0,1.09708,0.204422,1.028160,1,0,20.7285,0,0,0,20.7285,0
65.6753,2.45759,0,0,1.43535,0.155124,0.36288,3.6288,59.2561,0.694837,0,0,0.518014,0.338882,0,0.66528,12.849,1,0.469796,0.36288,0,20.6766,5.53917,15.0305,0.84672,12.849,0.84672,3695.15,0,0,0,0.204422,2.29991,4.56759,1.34726,5.72466,0.42336,0,0.42336,460.49,0,0.998603,0,0,1.20302,0.204422,1.028160,1,0,20.7551,0,0,0,20.7551,0
64.1024,2.44862,0,0,1.39185,0.153239,0.36288,3.6288,58.72,0.714036,0,0,0.515646,0.337766,0,0.66528,12.849,1,0.479058,0.36288,0,28.536,5.53917,22.8807,0.84672,12.849,0.84672,3695.15,0,0,0,0.216518,2.3001,4.57973,1.34726,5.74909,0.42336,0,0.42336,460.49,0,0.979404,0,0,1.19592,0.216518,1.028160,1,0,28.6298,0,0,0,28.6298,0
62.7109,2.43906,0,0,1.56171,0.151313,0.36288,3.6288,58.4522,0.66528,0,0,0.73411,0.336606,0,0.66528,12.849,1,0.488897,0.36288,0,66.9351,5.53917,61.2699,0.84672,12.849,0.84672,3695.15,0,0,0,0.442385,2.30029,6.33885,1.34726,7.73426,0.42336,0,0.42336,460.49,0,1.02816,0,0,1.47055,0.442385,1.028160,1,0,69.0042,0,0,0,69.0042,0
60.9582,2.36103,0,0,1.16217,0.190967,0.36288,3.6288,57.9273,0.765212,0,0,0.539156,0.298862,0,0.66528,12.849,1,0.483758,0.36288,0,53.232,5.28673,47.8244,0.84672,12.849,0.84672,3695.15,0,0,0,0.216518,2.30048,4.76214,1.27878,6.00036,0.42336,0,0.42336,460.49,0,0.928228,0,0,1.14475,0.216518,1.028160,1,0,53.8247,0,0,0,53.8247,0
58.483,2.34977,0,0,0.444847,0.20735,0.36288,3.6288,56.5139,1.43377,0,0,0.260751,0.240397,0,0.66528,12.849,1,0.495295,0.36288,0,22.3044,4.57506,17.5969,0.84672,12.849,0.84672,3695.15,0,0,0,0.216518,2.21517,2.83538,1.11542,4.15165,0.42336,0,0.42336,460.49,0,0.259672,0,0,0.47619,0.216518,1.028160,1,0,21.7486,0,0,0,21.7486,0
56.5501,2.33282,0,0,0.965461,0.202641,0.36288,3.6288,55.9764,0.843606,0,0,0.544295,0.238202,0,0.66528,12.849,1,0.512531,0.36288,0,33.3738,4.57506,28.6491,0.84672,12.849,0.84672,3695.15,0,0,0,0.216518,2.21535,4.10047,1.11542,5.41693,0.42336,0,0.42336,460.49,0,0.849834,0,0,1.06635,0.216518,1.028160,1,0,34.066,0,0,0,34.066,0
55.6424,2.31877,0,0,1.97276,0.19884,0.36288,3.6288,56.127,0.66528,0,0,1.05329,0.237367,0,0.66528,12.849,1,0.526858,0.36288,0,66.8516,4.57506,62.1125,0.84672,12.849,0.84672,3695.15,0,0,0,1.3009,2.21553,6.5834,1.11542,8.98441,0.42336,0,0.42336,460.49,0,1.02816,0,0,2.32906,1.3009,1.028160,1,0,71.0969,0,0,0,71.0969,0
54.6973,2.11939,0,0,1.76509,0.227898,0.36288,3.6288,56.0621,0.66528,0,0,0.840035,0.239703,0,0.66528,12.849,1,0.489412,0.36288,0,35.5867,4.16046,31.2997,0.84672,12.849,0.84672,3695.15,0,0,0,0.609405,2.21571,5.33859,0.982784,7.18092,0.42336,0,0.42336,460.49,0,1.02816,0,0,1.63757,0.609405,1.028160,1,0,38.4806,0,0,0,38.4806,0
55.5318,2.11275,0,0,3.55106,0.240994,0.36288,3.6288,56.2731,0.66528,0,0,1.06587,0.18959,0,0.66528,12.849,1,0.496309,0.36288,0,78.1956,3.39234,74.6699,0.84672,12.849,0.84672,3695.15,0,0,0,0.712325,2.02592,9.23115,0.780925,11.1885,0.42336,0,0.42336,460.49,0,1.02816,0,0,1.74048,0.712325,1.028160,1,0,85.8583,0,0,0,85.8583,0
55.4728,2.11902,0,0,2.66598,0.24302,0.36288,3.6288,56.2901,0.66528,0,0,0.872208,0.189852,0,0.66528,12.849,1,0.490301,0.36288,0,82.5733,3.39234,79.0536,0.84672,12.849,0.84672,3695.15,0,0,0,1.45687,2.02608,8.50219,0.780925,11.2042,0.42336,0,0.42336,460.49,0,1.02816,0,0,2.48503,1.45687,1.028160,1,0,90.2578,0,0,0,90.2578,0
54.5122,2.1188,0,0,1.76396,0.242877,0.36288,3.6288,55.7246,0.879181,0,0,0.503517,0.189873,0,0.66528,12.849,1,0.490772,0.36288,0,45.7161,3.39234,42.1958,0.84672,12.849,0.84672,3695.15,0,0,0,0.412474,2.02625,7.10894,0.780925,8.76674,0.42336,0,0.42336,460.49,0,0.814259,0,0,1.22673,0.412474,1.028160,1,0,50.9626,0,0,0,50.9626,0
54.1802,2.11201,0,0,2.40721,0.264372,0.36288,3.6288,55.499,0.66528,0,0,0.654594,0.214896,0,0.66528,12.849,1,0.49782,0.36288,0,53.0038,3.96376,48.9051,0.84672,12.849,0.84672,3695.15,0,0,0,0.620637,2.02641,10.3823,0.959181,12.0702,0.42336,0,0.42336,460.49,0,1.02816,0,0,1.6488,0.620637,1.028160,1,0,60.9753,0,0,0,60.9753,0
54.7084,2.1835,0,0,3.34031,0.265699,0.36288,3.6288,56.1324,0.66528,0,0,1.53119,0.23254,0,0.66528,12.849,1,0.517825,0.36288,0,65.3715,5.11221,60.1043,0.84672,12.849,0.84672,3695.15,0,0,0,1.25734,2.02658,8.48526,1.24862,10.5206,0.42336,0,0.42336,460.49,0,1.02816,0,0,2.2855,1.25734,1.028160,1,0,70.6249,0,0,0,70.6249,0
55.1231,2.18775,0,0,3.22951,0.264191,0.36288,3.6288,56.652,0.66528,0,0,1.42146,0.236594,0,0.66528,12.849,1,0.513823,0.36288,0,61.3837,5.48016,55.7526,0.84672,12.849,0.84672,3695.15,0,0,0,0.774204,2.086,6.78708,1.33588,8.31141,0.42336,0,0.42336,460.49,0,1.02816,0,0,1.80236,0.774204,1.028160,1,0,64.064,0,0,0,64.064,0
54.84,2.19109,0,0,2.53617,0.265295,0.36288,3.6288,56.8416,0.710165,0,0,1.13715,0.237398,0,0.66528,12.849,1,0.510735,0.36288,0,69.7926,5.48016,64.1646,0.84672,12.849,0.84672,3695.15,0,0,0,0.503194,2.08615,5.86325,1.33588,7.11672,0.42336,0,0.42336,460.49,0,0.983275,0,0,1.48647,0.503194,1.028160,1,0,71.2813,0,0,0,71.2813,0
54.3227,2.18915,0,0,2.30666,0.271908,0.36288,3.6288,56.6215,0.962436,0,0,0.969805,0.227461,0,0.66528,12.849,1,0.512918,0.36288,0,47.5275,4.9047,42.4728,0.84672,12.849,0.84672,3695.15,0,0,0,0.503194,2.08631,4.1231,1.18096,5.53165,0.42336,0,0.42336,460.49,0,0.731004,0,0,1.2342,0.503194,1.028160,1,0,48.0044,0,0,0,48.0044,0
54.0075,2.42241,0,0,2.73967,0.269586,0.36288,3.6288,57.1591,0.66528,0,0,1.37458,0.17165,0,0.66528,12.849,1,0.572976,0.36288,0,53.0532,4.25342,48.5897,0.84672,12.849,0.84672,3695.15,0,0,0,0.725276,2.08647,5.90967,1.12291,7.5985,0.42336,0,0.42336,460.49,0,1.02816,0,0,1.75344,0.725276,1.028160,1,0,56.1882,0,0,0,56.1882,0
58.736,2.41993,0,0,7.7913,0.279956,0.36288,3.6288,59.2002,0.66528,0,0,2.90839,0.202007,0,0.66528,12.849,1,0.575729,0.36288,0,117.659,4.57653,112.869,0.84672,12.849,0.84672,3695.15,0,0,0,2.59593,2.29988,12.6113,1.03187,16.4752,0.42336,0,0.42336,460.49,0,1.02816,0,0,3.62409,2.59593,1.028160,1,0,129.345,0,0,0,129.345,0
60.8379,2.45818,0,0,5.2163,0.293385,0.36288,3.6288,61.06,0.66528,0,0,2.72971,0.204684,0,0.66528,12.849,1,0.537748,0.36288,0,91.8587,4.57653,87.1074,0.84672,12.849,0.84672,3695.15,0,0,0,2.28318,2.30005,13.2525,1.03187,16.8038,0.42336,0,0.42336,460.49,0,1.02816,0,0,3.31134,2.28318,1.028160,1,0,103.911,0,0,0,103.911,0
63.4089,2.47375,0,0,5.69423,0.28654,0.36288,3.6288,61.308,0.66528,0,0,2.45958,0.176103,1.37017,0.66528,12.849,1,0.522457,0.36288,0,80.2708,4.3063,75.8049,0.84672,12.849,0.84672,3695.15,0,0,0,2.2815,2.30023,11.9417,0.922761,15.6007,0.42336,0,0.42336,460.49,0,1.02816,0,0,3.30966,2.2815,1.028160,1,0,92.7757,0,0,0,92.7757,0
66.4426,2.14389,0,0,5.81938,0.278955,0.36288,3.6288,61.308,0.66528,0,0,2.66486,0.149222,1.85036,0.66528,12.849,1,0.434432,0.36288,0,94.6037,3.7273,90.8048,0.84672,12.849,0.84672,3695.15,0,0,0,2.28787,2.3004,12.6319,0.773488,16.4467,0.42336,0,0.42336,460.49,0,1.02816,0,0,3.31603,2.28787,1.028160,1,0,109.102,0,0,0,109.102,0
69.8407,2.16071,0,0,6.21644,0.294778,0.36288,3.6288,61.308,0.66528,0,0,2.60865,0.184889,1.75848,0.66528,12.849,1,0.417849,0.36288,0,100.512,3.18056,97.2762,0.84672,12.849,0.84672,3695.15,0,0,0,2.2989,2.00966,13.4788,0.763998,17.0234,0.42336,0,0.42336,460.49,0,1.02816,0,0,3.32706,2.2989,1.028160,1,0,116.058,0,0,0,116.058,0
71.5749,2.43349,0,0,4.83335,0.302731,0.36288,3.6288,61.308,0.645495,0,0,2.37405,0.184889,1.54366,0.66528,12.849,1,0.447704,0.36288,0,90.8548,3.18056,87.5894,0.84672,12.849,0.84672,3695.15,0,0,0,2.38629,2.00982,10.6334,0.763998,14.2655,0.42336,0,0.42336,460.49,0,1.02816,0,0,3.41445,2.38629,1.028160,1,0,103.399,0,0,0,103.399,0
72.29,2.44289,0,0,5.82071,0.30679,2.35594,3.6288,61.308,0.645632,0,0,2.28427,0.184889,1.45375,0.66528,12.849,1,0.438543,2.35594,0,94.5881,3.18056,93.325,0.84672,12.849,0.84672,3695.15,0,0,0,1.85072,1.833,13.1102,0.763998,16.03,0.42336,0,0.42336,460.49,0,1.02816,0,0,2.87888,1.85072,1.028160,1,0,110.809,0,0,0,110.809,0
72.29,2.44678,0,0,5.20958,0.272531,2.49028,3.6288,61.308,0.64577,0,0,2.23887,0.197423,1.39567,0.66528,12.849,1,0.434896,2.49028,0,98.3215,3.73121,96.6456,0.84672,12.849,0.84672,3695.15,0,0,0,2.47488,1.83315,10.7943,0.907355,14.195,0.42336,0,0.42336,460.49,0,1.02816,0,0,3.50304,2.47488,1.028160,1,0,112.236,0,0,0,112.236,0
72.29,2.53638,0,0,5.5993,0.288129,2.77479,3.6288,61.308,0.66528,0,0,2.40654,0.238192,1.50307,0.66528,12.849,1,0.450823,2.77479,0,93.6421,3.94116,92.0249,0.84672,12.849,0.84672,3695.15,0,0,0,1.89997,1.8333,10.2895,0.998201,13.0246,0.42336,0,0.42336,460.49,0,1.02816,0,0,2.92813,1.89997,1.028160,1,0,106.553,0,0,0,106.553,0
72.29,2.53659,0,0,4.61046,0.278824,1.79504,3.6288,61.308,0.66528,0,0,1.97931,0.211828,1.1022,0.66528,12.849,1,0.45086,1.79504,0,102.592,3.90693,100.029,0.84672,12.849,0.84672,3695.15,0,0,0,1.28558,1.90521,6.90597,0.911322,9.18543,0.42336,0,0.42336,460.49,0,1.02816,0,0,2.31374,1.28558,1.028160,1,0,110.317,0,0,0,110.317,0
72.29,2.5368,0,0,4.86918,0.276636,2.05575,3.6288,61.308,0.66528,0,0,2.12542,0.195654,1.26449,0.66528,12.849,1,0.450897,2.05575,0,60.7558,3.88353,58.4771,0.84672,12.849,0.84672,3695.15,0,0,0,1.44317,1.90536,7.70439,0.848117,10.2048,0.42336,0,0.42336,460.49,0,1.02816,0,0,2.47133,1.44317,1.028160,1,0,69.9464,0,0,0,69.9464,0
72.29,2.53701,0,0,4.1731,0.276636,1.35946,3.6288,61.308,0.66528,0,0,1.81104,0.195654,0.950105,0.66528,12.849,1,0.450935,1.35946,0,47.5883,3.88353,44.6132,0.84672,12.849,0.84672,3695.15,0,0,0,1.18176,1.90552,7.99467,0.848117,10.2338,0.42336,0,0.42336,460.49,0,1.02816,0,0,2.20992,1.18176,1.028160,1,0,55.7972,0,0,0,55.7972,0
72.29,2.50225,0,0,3.5852,0.244981,0.837971,3.6288,61.308,0.66528,0,0,1.29343,0.222835,0.405319,0.66528,12.849,1,0.444756,0.837971,0,47.3435,4.17441,43.5623,0.84672,12.849,0.84672,3695.15,0,0,0,0.886032,1.90568,5.14534,0.91747,7.01958,0.42336,0,0.42336,460.49,0,1.02816,0,0,1.91419,0.886032,1.028160,1,0,50.9872,0,0,0,50.9872,0
72.2325,2.50246,0,0,3.02905,0.22124,0.36288,3.6288,61.308,0.66528,0,0,0.979957,0.243221,0.0714567,0.66528,12.849,1,0.444793,0.36288,0,45.206,4.39257,40.7316,0.84672,12.849,0.84672,3695.15,0,0,0,0.885928,1.87791,4.31918,0.969486,6.11353,0.42336,0,0.42336,460.49,0,1.02816,0,0,1.91409,0.885928,1.028160,1,0,46.9165,0,0,0,46.9165,0
71.8017,2.50236,0,0,2.65565,0.221143,0.36288,3.6288,61.308,0.66528,0,0,0.924057,0.243221,0.0155559,0.66528,12.849,1,0.44513,0.36288,0,41.2768,4.39257,36.802,0.84672,12.849,0.84672,3695.15,0,0,0,0.654299,1.87806,4.02273,0.969486,5.58561,0.42336,0,0.42336,460.49,0,1.02816,0,0,1.68246,0.654299,1.028160,1,0,42.4032,0,0,0,42.4032,0
71.5985,2.5003,0,0,2.8804,0.22042,0.36288,3.6288,61.2219,0.729536,0,0,0.886663,0.243221,0,0.66528,12.849,1,0.447432,0.36288,0,44.497,4.39257,40.0199,0.84672,12.849,0.84672,3695.15,0,0,0,0.402797,1.87822,4.40265,0.969486,5.71418,0.42336,0,0.42336,460.49,0,0.963904,0,0,1.3667,0.402797,1.028160,1,0,45.7341,0,0,0,45.7341,0
71.129,2.618,0,0,2.66953,0.158233,0.36288,3.6288,61.1572,0.66528,0,0,0.872467,0.271844,0,0.66528,12.849,1,0.469823,0.36288,0,40.4315,4.77552,35.549,0.84672,12.849,0.84672,3695.15,0,0,0,0.528811,1.87837,4.1475,1.06241,5.49227,0.42336,0,0.42336,460.49,0,1.02816,0,0,1.55697,0.528811,1.028160,1,0,41.0413,0,0,0,41.0413,0
70.3262,2.61559,0,0,2.32773,0.152067,0.36288,3.6288,60.9686,0.66528,0,0,0.751343,0.274725,0,0.66528,12.849,1,0.472489,0.36288,0,34.6932,4.86654,29.7171,0.84672,12.849,0.84672,3695.15,0,0,0,0.445781,1.97643,3.56253,1.1409,4.84384,0.42336,0,0.42336,460.49,0,1.02816,0,0,1.47394,0.445781,1.028160,1,0,34.5609,0,0,0,34.5609,0
69.4841,2.61124,0,0,2.28323,0.151133,0.36288,3.6288,60.6175,0.77214,0,0,0.695494,0.274397,0,0.66528,12.849,1,0.477089,0.36288,0,32.5764,4.86654,27.5957,0.84672,12.849,0.84672,3695.15,0,0,0,0.402797,1.97659,3.28793,1.1409,4.52641,0.42336,0,0.42336,460.49,0,0.9213,0,0,1.3241,0.402797,1.028160,1,0,32.1221,0,0,0,32.1221,0
68.364,2.60658,0,0,1.99242,0.143108,0.36288,3.6288,60.2275,0.75797,0,0,0.646445,0.278488,0,0.66528,12.849,1,0.482008,0.36288,0,29.1165,4.92009,24.0773,0.84672,12.849,0.84672,3695.15,0,0,0,0.30119,1.97675,3.18009,1.15458,4.30345,0.42336,0,0.42336,460.49,0,0.93547,0,0,1.23666,0.30119,1.028160,1,0,28.3808,0,0,0,28.3808,0
67.1774,2.60014,0,0,1.87638,0.0999628,0.36288,3.6288,59.7271,0.814035,0,0,0.619515,0.305935,0,0.66528,12.849,1,0.488696,0.36288,0,26.1093,5.24139,20.7421,0.84672,12.849,0.84672,3695.15,0,0,0,0.30119,1.97691,3.0076,1.23668,4.04903,0.42336,0,0.42336,460.49,0,0.879405,0,0,1.1806,0.30119,1.028160,1,0,24.7911,0,0,0,24.7911,0
65.9084,2.56988,0,0,1.75001,0.0862155,0.36288,3.6288,59.5007,0.66528,0,0,0.730615,0.291698,0,0.66528,12.849,1,0.491541,0.36288,0,30.2544,5.34651,24.7793,0.84672,12.849,0.84672,3695.15,0,0,0,0.627705,1.97708,3.16034,1.25046,4.51466,0.42336,0,0.42336,460.49,0,1.02816,0,0,1.65586,0.627705,1.028160,1,0,29.2939,0,0,0,29.2939,0
64.8067,2.30911,0,0,1.65351,0.0832367,0.36288,3.6288,59.2773,0.66528,0,0,0.730944,0.289069,0,0.66528,12.849,1,0.450167,0.36288,0,30.1018,5.36403,24.6505,0.84672,12.849,0.84672,3695.15,0,0,0,0.59724,2.01148,2.87855,1.25276,4.23451,0.42336,0,0.42336,460.49,0,1.02816,0,0,1.6254,0.59724,1.028160,1,0,28.885,0,0,0,28.885,0
63.6414,2.30293,0,0,1.57397,0.0734794,0.36288,3.6288,59.0137,0.66528,0,0,0.705707,0.304001,0,0.66528,12.849,1,0.456595,0.36288,0,28.8952,5.5812,23.2203,0.84672,12.849,0.84672,3695.15,0,0,0,0.580012,2.18861,2.77289,1.32626,4.21524,0.42336,0,0.42336,460.49,0,1.02816,0,0,1.60817,0.580012,1.028160,1,0,27.4355,0,0,0,27.4355,0
62.4076,2.29619,0,0,1.48499,0.0596452,0.36288,3.6288,58.7061,0.66528,0,0,0.680815,0.323127,0,0.66528,12.849,1,0.463593,0.36288,0,27.3707,6.14242,21.1275,0.84672,12.849,0.84672,3695.15,0,0,0,0.62634,2.18877,2.75035,1.46462,4.10085,0.42336,0,0.42336,460.49,0,1.02816,0,0,1.6545,0.62634,1.028160,1,0,25.2284,0,0,0,25.2284,0
60.9996,2.34807,0,0,1.36226,0.0593825,0.36288,3.6288,58.3798,0.66528,0,0,0.662793,0.323826,0,0.66528,12.849,1,0.483439,0.36288,0,30.1692,6.07851,23.9701,0.84672,12.849,0.84672,3695.15,0,0,0,0.482017,2.18894,2.62117,1.4887,3.80342,0.42336,0,0.42336,460.49,0,1.02816,0,0,1.51018,0.482017,1.028160,1,0,27.7735,0,0,0,27.7735,0
59.4536,2.33906,0,0,1.21031,0.0543323,0.36288,3.6288,57.936,0.66528,0,0,0.556258,0.334835,0,0.66528,12.849,1,0.492702,0.36288,0,22.0452,5.98353,15.9319,0.84672,12.849,0.84672,3695.15,0,0,0,0.36288,2.23764,2.56014,1.54503,3.61563,0.42336,0,0.42336,460.49,0,1.02816,0,0,1.39104,0.36288,1.028160,1,0,19.5475,0,0,0,19.5475,0
57.8398,2.32874,0,0,1.13143,0.0535803,0.36288,3.6288,57.4334,0.683389,0,0,0.514662,0.333877,0,0.66528,12.849,1,0.503282,0.36288,0,20.9617,5.98353,14.8377,0.84672,12.849,0.84672,3695.15,0,0,0,0.261274,2.23781,2.24642,1.54503,3.20047,0.42336,0,0.42336,460.49,0,1.01005,0,0,1.27132,0.261274,1.028160,1,0,18.0382,0,0,0,18.0382,0
56.223,2.31746,0,0,1.11622,0.052749,0.36288,3.6288,56.9921,0.66528,0,0,0.55682,0.332793,0,0.66528,12.849,1,0.514819,0.36288,0,19.4505,5.98353,13.3151,0.84672,12.849,0.84672,3695.15,0,0,0,0.328856,2.23798,2.54046,1.54503,3.56227,0.42336,0,0.42336,460.49,0,1.02816,0,0,1.35702,0.328856,1.028160,1,0,16.8773,0,0,0,16.8773,0
54.5521,2.47604,0,0,1.20444,0.0364258,0.36288,3.6288,56.6021,0.66528,0,0,0.588251,0.313008,0,0.66528,12.849,1,0.565866,0.36288,0,20.048,6.22511,13.6199,0.84672,12.849,0.84672,3695.15,0,0,0,0.470483,2.23815,3.13381,1.61482,4.22763,0.42336,0,0.42336,460.49,0,1.02816,0,0,1.49864,0.470483,1.028160,1,0,17.8475,0,0,0,17.8475,0
52.9212,2.46224,0,0,1.24221,0.0479449,0.36288,3.6288,56.1309,0.66528,0,0,0.533736,0.339652,0,0.66528,12.849,1,0.579946,0.36288,0,18.7884,6.01808,12.5532,0.84672,12.849,0.84672,3695.15,0,0,0,0.415515,2.40445,3.30441,1.49182,4.63255,0.42336,0,0.42336,460.49,0,1.02816,0,0,1.44367,0.415515,1.028160,1,0,17.1858,0,0,0,17.1858,0
51.3413,2.44808,0,0,1.27581,0.0447931,0.36288,3.6288,55.7006,0.66528,0,0,0.558346,0.323363,0,0.66528,12.849,1,0.594381,0.36288,0,19.9495,6.04338,13.6746,0.84672,12.849,0.84672,3695.15,0,0,0,0.516344,2.40463,2.82357,1.50979,4.23475,0.42336,0,0.42336,460.49,0,1.02816,0,0,1.5445,0.516344,1.028160,1,0,17.9094,0,0,0,17.9094,0
49.5513,2.43367,0,0,1.05062,0.0440672,0.36288,3.6288,55.1988,0.66528,0,0,0.485977,0.322454,0,0.66528,12.849,1,0.609065,0.36288,0,24.7662,6.04338,18.4766,0.84672,12.849,0.84672,3695.15,0,0,0,0.33658,2.40482,2.51905,1.50979,3.75066,0.42336,0,0.42336,460.49,0,1.02816,0,0,1.36474,0.33658,1.028160,1,0,22.2273,0,0,0,22.2273,0
47.891,2.41641,0,0,1.16224,0.0432447,0.36288,3.6288,54.8797,0.66528,0,0,0.667575,0.321394,0,0.66528,12.849,1,0.626594,0.36288,0,21.2336,6.04338,14.9265,0.84672,12.849,0.84672,3695.15,0,0,0,0.758393,2.405,3.01031,1.50979,4.66391,0.42336,0,0.42336,460.49,0,1.02816,0,0,1.78655,0.758393,1.028160,1,0,19.5904,0,0,0,19.5904,0
45.8039,2.31902,0,0,0.6301,0.0352973,0.36288,3.6288,54.2373,0.698164,0,0,0.328909,0.273168,0,0.66528,12.849,1,0.622185,0.36288,0,12.1959,5.83518,6.10139,0.84672,12.849,0.84672,3695.15,0,0,0,0.204422,2.40518,2.1351,1.37491,3.36979,0.42336,0,0.42336,460.49,0,0.995276,0,0,1.1997,0.204422,1.028160,1,0,9.47119,0,0,0,9.47119,0
43.4179,2.29709,0,0,0.305686,0.0316871,0.36288,3.6288,52.9401,1.22774,0,0,0.183621,0.253071,0,0.66528,12.213,1,0.644384,0.36288,0,7.79872,5.7519,3.20544,0.84672,12.213,0.84672,3694.35,0,0,0,0.204422,2.30918,1.33255,1.32096,2.5252,0.42336,0,0.42336,460.49,0,0.465696,0,0,0.670118,0.204422,1.028160,1,0,5.73064,0,0,0,5.73064,0
41.0577,2.29592,0,0,0.359342,0.0607595,0.36288,3.6288,51.6818,1.2229,0,0,0.186555,0.221919,0,0.66528,11.5771,1,0.645816,0.36288,0,7.85557,5.33664,3.20544,0.84672,11.5771,0.84672,3694.01,0,0,0,0.216518,2.30936,1.39158,1.19116,2.7263,0.42336,0,0.42336,460.49,0,0.470543,0,0,0.687061,0.216518,1.028160,1,0,5.93174,0,0,0,5.93174,0
39.2804,2.2949,0,0,1.01241,0.131879,0.36288,3.6288,51.2034,0.782594,0,0,0.452887,0.148695,0,0.66528,12.849,1,0.6471,0.36288,0,25.1001,4.29849,18.1078,0.84672,12.849,0.84672,3695.15,0,0,0,0.216518,2.30954,3.704,0.866674,5.36338,0.42336,0,0.42336,460.49,0,0.910846,0,0,1.12736,0.216518,1.028160,1,0,23.4712,0,0,0,23.4712,0
37.3592,2.15389,0,0,0.711939,0.116357,0.36288,3.6288,50.4918,0.903398,0,0,0.339566,0.147809,0,0.66528,12.849,1,0.704559,0.36288,0,18.4874,4.11762,14.0281,0.84672,12.849,0.84672,3695.15,0,0,0,0.216518,2.30971,2.44744,0.845559,4.12812,0.42336,0,0.42336,460.49,0,0.790042,0,0,1.00656,0.216518,1.028160,1,0,18.1563,0,0,0,18.1563,0
35.8006,2.12713,0,0,1.08212,0.150761,0.36288,3.6288,49.896,0.905533,0,0,0.446419,0.136708,0,0.66528,12.849,1,0.731585,0.36288,0,24.2418,3.76279,20.1103,0.84672,12.849,0.84672,3695.15,0,0,0,0.216518,2.22402,3.775,0.916783,5.29875,0.42336,0,0.42336,460.49,0,0.787907,0,0,1.00443,0.216518,1.028160,1,0,25.409,0,0,0,25.409,0
34.0595,2.10388,0,0,0.900495,0.174788,0.36288,3.6288,48.9013,1.17489,0,0,0.312456,0.132272,0,0.66528,12.849,1,0.755093,0.36288,0,19.6951,3.80173,15.5011,0.84672,12.849,0.84672,3695.15,0,0,0,0.216518,2.22419,3.15176,0.966388,4.62608,0.42336,0,0.42336,460.49,0,0.518547,0,0,0.735065,0.216518,1.028160,1,0,20.1272,0,0,0,20.1272,0
32.805,2.07604,0,0,1.3555,0.171132,0.36288,3.6288,48.8615,0.66528,0,0,0.756662,0.131192,0,0.66528,12.849,1,0.78319,0.36288,0,30.712,3.80173,26.49,0.84672,12.849,0.84672,3695.15,0,0,0,1.09637,2.22436,6.39085,0.966388,8.74519,0.42336,0,0.42336,460.49,0,1.02816,0,0,2.12453,1.09637,1.028160,1,0,35.2352,0,0,0,35.2352,0
33.6716,1.8836,0,0,3.28157,0.168497,0.36288,3.6288,49.7602,0.66528,0,0,1.69514,0.131149,0,0.66528,12.849,1,0.737766,0.36288,0,80.4857,3.80173,76.3091,0.84672,12.849,0.84672,3695.15,0,0,0,2.31479,2.22453,9.66794,0.966388,13.2409,0.42336,0,0.42336,460.49,0,1.02816,0,0,3.34295,2.31479,1.028160,1,0,89.55,0,0,0,89.55,0
33.3596,1.89752,0,0,2.14513,0.196714,0.36288,3.6288,50.0362,0.66528,0,0,1.09763,0.156374,0,0.66528,12.849,1,0.724089,0.36288,0,46.9661,3.92983,42.675,0.84672,12.849,0.84672,3695.15,0,0,0,1.34036,2.0339,7.14271,0.942995,9.57398,0.42336,0,0.42336,460.49,0,1.02816,0,0,2.36852,1.34036,1.028160,1,0,52.249,0,0,0,52.249,0
32.9066,1.8928,0,0,1.99864,0.195957,0.36288,3.6288,50.3987,0.66528,0,0,1.18456,0.156728,0,0.66528,12.849,1,0.729045,0.36288,0,42.7527,3.92983,38.4567,0.84672,12.849,0.84672,3695.15,0,0,0,1.76733,2.03405,8.48113,0.942995,11.3395,0.42336,0,0.42336,460.49,0,1.02816,0,0,2.79549,1.76733,1.028160,1,0,49.7962,0,0,0,49.7962,0
32.0198,1.88576,0,0,1.55445,0.192633,0.36288,3.6288,50.0665,0.66528,0,0,0.4789,0.145841,0,0.66528,12.849,1,0.736331,0.36288,0,35.461,3.68121,31.4063,0.84672,12.849,0.84672,3695.15,0,0,0,0.888771,2.03421,5.20049,0.863018,7.26045,0.42336,0,0.42336,460.49,0,1.02816,0,0,1.91693,0.888771,1.028160,1,0,38.6668,0,0,0,38.6668,0
31.6586,1.87138,0,0,2.06271,0.189626,0.36288,3.6288,49.9203,0.66528,0,0,0.659958,0.140917,0,0.66528,12.849,1,0.750953,0.36288,0,38.7317,3.58176,34.7618,0.84672,12.849,0.84672,3695.15,0,0,0,1.01164,2.03436,6.45381,0.831027,8.66879,0.42336,0,0.42336,460.49,0,1.02816,0,0,2.0398,1.01164,1.028160,1,0,43.4306,0,0,0,43.4306,0
31.637,1.86528,0,0,2.40165,0.19505,0.36288,3.6288,49.701,0.66528,0,0,0.623372,0.177341,0,0.66528,12.849,1,0.757047,0.36288,0,44.1768,4.08114,39.7015,0.84672,12.849,0.84672,3695.15,0,0,0,0.833743,2.03451,4.86224,1.1163,6.6142,0.42336,0,0.42336,460.49,0,1.02816,0,0,1.8619,0.833743,1.028160,1,0,46.3157,0,0,0,46.3157,0
32.5821,1.93025,0,0,3.43797,0.19971,0.36288,3.6288,49.5353,0.66528,0,0,0.704043,0.204417,0,0.66528,12.849,1,0.783948,0.36288,0,70.363,4.45567,65.4862,0.84672,12.849,0.84672,3695.15,0,0,0,0.98928,2.03451,5.584,1.33025,7.27754,0.42336,0,0.42336,460.49,0,1.02816,0,0,2.01744,0.98928,1.028160,1,0,72.7637,0,0,0,72.7637,0
32.6399,1.94672,0,0,2.56948,0.202097,0.36288,3.6288,49.2347,0.66528,0,0,0.56882,0.204139,0,0.66528,12.849,1,0.767704,0.36288,0,55.3237,4.45567,50.4632,0.84672,12.849,0.84672,3695.15,0,0,0,0.703642,2.09418,6.14662,1.33025,7.61418,0.42336,0,0.42336,460.49,0,1.02816,0,0,1.7318,0.703642,1.028160,1,0,58.0774,0,0,0,58.0774,0
32.667,1.94786,0,0,2.51567,0.177883,0.36288,3.6288,48.7887,0.719479,0,0,0.483553,0.210142,0,0.66528,12.849,1,0.766794,0.36288,0,70.4759,4.24304,65.8289,0.84672,12.849,0.84672,3695.15,0,0,0,0.503194,2.09432,5.40161,1.14854,6.85059,0.42336,0,0.42336,460.49,0,0.973961,0,0,1.47715,0.503194,1.028160,1,0,72.6795,0,0,0,72.6795,0
32.1363,1.94848,0,0,1.98487,0.204181,0.36288,3.6288,48.5123,0.66528,0,0,0.584101,0.195156,0,0.66528,12.849,1,0.766403,0.36288,0,60.4932,3.84083,56.2489,0.84672,12.849,0.84672,3695.15,0,0,0,0.789705,2.09447,4.72236,0.936738,6.66979,0.42336,0,0.42336,460.49,0,1.02816,0,0,1.81786,0.789705,1.028160,1,0,62.9187,0,0,0,62.9187,0
31.7642,2.14986,0,0,2.38727,0.246576,0.36288,3.6288,48.2222,0.66528,0,0,0.53984,0.164746,0,0.66528,12.849,1,0.859576,0.36288,0,50.4383,3.30046,46.6412,0.84672,12.849,0.84672,3695.15,0,0,0,0.868173,2.09461,4.21225,0.84002,6.33502,0.42336,0,0.42336,460.49,0,1.02816,0,0,1.89633,0.868173,1.028160,1,0,52.9762,0,0,0,52.9762,0
31.6934,2.14287,0,0,2.68033,0.245423,0.36288,3.6288,47.9271,0.66528,0,0,0.53455,0.164349,0,0.66528,12.849,1,0.866817,0.36288,0,59.9513,3.30046,56.1469,0.84672,12.849,0.84672,3695.15,0,0,0,1.0137,2.30892,4.59951,0.84002,7.08211,0.42336,0,0.42336,460.49,0,1.02816,0,0,2.04186,1.0137,1.028160,1,0,63.229,0,0,0,63.229,0
31.3269,2.14167,0,0,2.38157,0.243483,0.36288,3.6288,47.661,0.66528,0,0,0.568197,0.16897,0,0.66528,12.849,1,0.868268,0.36288,0,44.317,3.43151,40.3801,0.84672,12.849,0.84672,3695.15,0,0,0,0.728205,2.30908,4.84529,0.881016,7.00157,0.42336,0,0.42336,460.49,0,1.02816,0,0,1.75637,0.728205,1.028160,1,0,47.3817,0,0,0,47.3817,0
32.6949,2.13465,0,0,4.08952,0.22403,0.36288,3.6288,47.6888,0.66528,0,0,0.872009,0.178909,0,0.66528,12.849,1,0.875545,0.36288,0,98.858,4.16611,94.1792,0.84672,12.849,0.84672,3695.15,0,0,0,1.41669,2.30924,9.89323,0.991777,12.6274,0.42336,0,0.42336,460.49,0,1.02816,0,0,2.44485,1.41669,1.028160,1,0,106.807,0,0,0,106.807,0
36.5845,1.85968,0,0,6.33487,0.2227,0.36288,3.6288,48.3356,0.66528,0,0,1.45308,0.141041,0,0.66528,12.849,1,0.730847,0.36288,0,119.642,2.93234,116.341,0.84672,12.849,0.84672,3695.15,0,0,0,3.1179,2.30941,10.3794,0.737072,15.0696,0.42336,0,0.42336,460.49,0,1.02816,0,0,4.14606,3.1179,1.028160,1,0,131.411,0,0,0,131.411,0
39.6621,1.91734,0,0,5.59134,0.23351,0.36288,3.6288,48.5113,0.66528,0,0,0.982748,0.141803,0,0.66528,12.849,1,0.673399,0.36288,0,92.7746,2.93234,89.5317,0.84672,12.849,0.84672,3695.15,0,0,0,1.72295,2.01743,7.89895,0.737072,10.9022,0.42336,0,0.42336,460.49,0,1.02816,0,0,2.75111,1.72295,1.028160,1,0,100.434,0,0,0,100.434,0
41.4405,1.95698,0,0,4.34028,0.242064,0.36288,3.6288,48.469,0.66528,0,0,0.76502,0.14201,0,0.66528,12.849,1,0.633986,0.36288,0,97.7616,2.93234,94.5582,0.84672,12.849,0.84672,3695.15,0,0,0,1.10219,2.01757,6.39132,0.737072,8.774,0.42336,0,0.42336,460.49,0,1.02816,0,0,2.13035,1.10219,1.028160,1,0,103.332,0,0,0,103.332,0
42.3852,1.97791,0,0,3.50743,0.221899,0.36288,3.6288,48.1904,0.66528,0,0,0.5122,0.125497,0,0.66528,12.849,1,0.613271,0.36288,0,79.7904,2.67075,76.8693,0.84672,12.849,0.84672,3695.15,0,0,0,0.648181,2.01771,5.64436,0.699496,7.61075,0.42336,0,0.42336,460.49,0,1.02816,0,0,1.67634,0.648181,1.028160,1,0,84.48,0,0,0,84.48,0
43.4644,1.98857,0,0,3.64583,0.21522,0.36288,3.6288,47.9495,0.66528,0,0,0.539191,0.114844,0,0.66528,12.849,1,0.602832,0.36288,0,59.0374,2.88829,55.9091,0.84672,12.849,0.84672,3695.15,0,0,0,0.634141,2.01785,4.17995,0.530059,6.30188,0.42336,0,0.42336,460.49,0,1.02816,0,0,1.6623,0.634141,1.028160,1,0,62.211,0,0,0,62.211,0
45.6017,2.08191,0,0,4.80694,0.224781,0.36288,3.6288,47.9164,0.66528,0,0,0.769409,0.137194,0,0.66528,12.849,1,0.615457,0.36288,0,85.1901,3.44904,81.4885,0.84672,12.849,0.84672,3695.15,0,0,0,1.23117,2.01799,5.33606,0.681428,7.9038,0.42336,0,0.42336,460.49,0,1.02816,0,0,2.25933,1.23117,1.028160,1,0,89.3923,0,0,0,89.3923,0
46.2588,2.10459,0,0,3.35484,0.230297,0.36288,3.6288,47.4296,0.891389,0,0,0.541699,0.137156,0,0.66528,12.849,1,0.593002,0.36288,0,57.4659,3.44904,53.7868,0.84672,12.849,0.84672,3695.15,0,0,0,0.528595,2.09018,4.0674,0.681428,6.00475,0.42336,0,0.42336,460.49,0,0.802051,0,0,1.33065,0.528595,1.028160,1,0,59.7915,0,0,0,59.7915,0
47.7142,2.11136,0,0,4.16166,0.231993,0.36288,3.6288,47.734,0.66528,0,0,1.1063,0.136599,0,0.66528,12.849,1,0.58646,0.36288,0,96.9801,3.44904,93.3075,0.84672,12.849,0.84672,3695.15,0,0,0,2.06855,2.09033,7.39592,0.681428,10.8734,0.42336,0,0.42336,460.49,0,1.02816,0,0,3.09671,2.06855,1.028160,1,0,104.181,0,0,0,104.181,0
48.4295,2.12564,0,0,3.41547,0.211722,0.36288,3.6288,47.6708,0.66528,0,0,0.767837,0.165735,0,0.66528,12.849,1,0.572414,0.36288,0,71.0545,3.8972,66.9478,0.84672,12.849,0.84672,3695.15,0,0,0,1.22082,2.09047,5.12532,0.774,7.66261,0.42336,0,0.42336,460.49,0,1.02816,0,0,2.24898,1.22082,1.028160,1,0,74.6104,0,0,0,74.6104,0
48.6008,2.09981,0,0,2.81509,0.181094,0.36288,3.6288,47.3747,0.66528,0,0,0.573209,0.204012,0,0.66528,12.849,1,0.557109,0.36288,0,55.9699,4.49473,51.281,0.84672,12.849,0.84672,3695.15,0,0,0,0.946538,2.09062,4.02787,0.897431,6.1676,0.42336,0,0.42336,460.49,0,1.02816,0,0,1.9747,0.946538,1.028160,1,0,57.4486,0,0,0,57.4486,0
48.1903,2.10155,0,0,2.23541,0.181431,0.36288,3.6288,46.9725,0.66528,0,0,0.466568,0.203507,0,0.66528,12.849,1,0.555604,0.36288,0,47.1228,4.49473,42.4354,0.84672,12.849,0.84672,3695.15,0,0,0,0.634833,2.06272,3.33256,0.897431,5.13268,0.42336,0,0.42336,460.49,0,1.02816,0,0,1.66299,0.634833,1.028160,1,0,47.568,0,0,0,47.568,0
47.5271,2.09799,0,0,1.97828,0.180624,0.36288,3.6288,46.4121,0.770584,0,0,0.413026,0.202821,0,0.66528,12.849,1,0.559387,0.36288,0,44.4029,4.49473,39.7117,0.84672,12.849,0.84672,3695.15,0,0,0,0.402797,2.06286,3.17392,0.897431,4.74215,0.42336,0,0.42336,460.49,0,0.922856,0,0,1.32565,0.402797,1.028160,1,0,44.4539,0,0,0,44.4539,0
47.2255,2.09202,0,0,2.33256,0.179319,0.36288,3.6288,45.9568,0.721302,0,0,0.46777,0.201814,0,0.66528,12.849,1,0.56558,0.36288,0,50.1857,4.49473,45.4883,0.84672,12.849,0.84672,3695.15,0,0,0,0.402797,2.06301,3.72571,0.897431,5.29408,0.42336,0,0.42336,460.49,0,0.972138,0,0,1.37494,0.402797,1.028160,1,0,50.7823,0,0,0,50.7823,0
46.542,2.19975,0,0,2.03252,0.15339,0.36288,3.6288,45.4963,0.690371,0,0,0.431614,0.201748,0,0.66528,12.849,1,0.598502,0.36288,0,38.9553,4.43136,34.2883,0.84672,12.849,0.84672,3695.15,0,0,0,0.402797,2.06315,2.88885,1.06115,4.29365,0.42336,0,0.42336,460.49,0,1.00307,0,0,1.40587,0.402797,1.028160,1,0,38.5819,0,0,0,38.5819,0
45.6528,2.19304,0,0,1.78236,0.11563,0.36288,3.6288,45.016,0.681808,0,0,0.402583,0.201097,0,0.66528,12.849,1,0.605441,0.36288,0,33.2086,4.44738,28.5187,0.84672,12.849,0.84672,3695.15,0,0,0,0.402797,2.1616,2.68197,1.01475,4.23162,0.42336,0,0.42336,460.49,0,1.01163,0,0,1.41443,0.402797,1.028160,1,0,32.7503,0,0,0,32.7503,0
44.7521,2.18403,0,0,1.76076,0.11449,0.36288,3.6288,44.5846,0.66528,0,0,0.434129,0.200198,0,0.66528,12.849,1,0.614696,0.36288,0,32.2186,4.44738,27.5195,0.84672,12.849,0.84672,3695.15,0,0,0,0.360383,2.16175,2.90597,1.01475,4.41335,0.42336,0,0.42336,460.49,0,1.02816,0,0,1.38854,0.360383,1.028160,1,0,31.9328,0,0,0,31.9328,0
43.751,2.1746,0,0,1.64969,0.113335,0.36288,3.6288,44.1273,0.66528,0,0,0.407362,0.19939,0,0.66528,12.849,1,0.62436,0.36288,0,30.0612,4.44738,25.3523,0.84672,12.849,0.84672,3695.15,0,0,0,0.315645,2.1619,2.59838,1.01475,4.06118,0.42336,0,0.42336,460.49,0,1.02816,0,0,1.34381,0.315645,1.028160,1,0,29.4135,0,0,0,29.4135,0
42.6516,2.16374,0,0,1.51787,0.0906291,0.36288,3.6288,43.3677,0.923435,0,0,0.383263,0.21947,0,0.66528,12.849,1,0.635457,0.36288,0,28.6636,4.7512,23.6398,0.84672,12.849,0.84672,3695.15,0,0,0,0.30119,2.16205,2.29973,1.07864,3.68433,0.42336,0,0.42336,460.49,0,0.770005,0,0,1.0712,0.30119,1.028160,1,0,27.3242,0,0,0,27.3242,0
41.4462,2.12998,0,0,1.36844,0.0810279,0.36288,3.6288,42.5508,0.96622,0,0,0.375526,0.226212,0,0.66528,12.849,1,0.641667,0.36288,0,28.6234,4.87274,23.4718,0.84672,12.849,0.84672,3695.15,0,0,0,0.30119,2.16221,2.10725,1.1042,3.46645,0.42336,0,0.42336,460.49,0,0.72722,0,0,1.02841,0.30119,1.028160,1,0,26.9383,0,0,0,26.9383,0
40.1256,2.11592,0,0,1.23813,0.079896,0.36288,3.6288,41.6209,1.05387,0,0,0.348502,0.224457,0,0.66528,12.849,1,0.655969,0.36288,0,25.704,4.87274,20.5382,0.84672,12.849,0.84672,3695.15,0,0,0,0.261274,2.19673,2.02105,1.1042,3.37486,0.42336,0,0.42336,460.49,0,0.639567,0,0,0.900841,0.261274,1.028160,1,0,23.913,0,0,0,23.913,0
38.7849,2.09974,0,0,1.17958,0.0577111,0.36288,3.6288,40.6224,1.04946,0,0,0.329745,0.278841,0,0.66528,12.849,1,0.672378,0.36288,0,23.2859,5.71963,17.2568,0.84672,12.849,0.84672,3695.15,0,0,0,0.261274,2.19689,1.91481,1.41333,2.95965,0.42336,0,0.42336,460.49,0,0.643982,0,0,0.905256,0.261274,1.028160,1,0,20.2164,0,0,0,20.2164,0
37.3061,2.08246,0,0,1.01988,0.0533115,0.36288,3.6288,39.4969,1.13251,0,0,0.290326,0.283286,0,0.66528,12.849,1,0.689895,0.36288,0,20.3576,5.84326,14.1873,0.84672,12.849,0.84672,3695.15,0,0,0,0.261274,2.19704,1.76481,1.45303,2.77009,0.42336,0,0.42336,460.49,0,0.560926,0,0,0.8222,0.261274,1.028160,1,0,16.9574,0,0,0,16.9574,0
35.8371,2.11567,0,0,1.06174,0.0522256,0.36288,3.6288,38.393,1.14318,0,0,0.314134,0.274871,0,0.66528,12.849,1,0.728681,0.36288,0,23.6354,5.79946,17.4701,0.84672,12.849,0.84672,3695.15,0,0,0,0.261274,2.1972,1.75652,1.42347,2.79152,0.42336,0,0.42336,460.49,0,0.550256,0,0,0.811529,0.261274,1.028160,1,0,20.2617,0,0,0,20.2617,0
34.3064,2.09386,0,0,0.977383,0.0513202,0.36288,3.6288,37.2933,1.09396,0,0,0.266314,0.272005,0,0.66528,12.849,1,0.750731,0.36288,0,19.4139,5.79946,13.2266,0.84672,12.849,0.84672,3695.15,0,0,0,0.261274,2.24609,1.69838,1.42347,2.78227,0.42336,0,0.42336,460.49,0,0.599478,0,0,0.860751,0.261274,1.028160,1,0,16.0089,0,0,0,16.0089,0
32.7184,2.06966,0,0,0.894957,0.0503769,0.36288,3.6288,36.0858,1.18506,0,0,0.246663,0.26915,0,0.66528,12.849,1,0.775165,0.36288,0,18.4527,5.79946,12.241,0.84672,12.849,0.84672,3695.15,0,0,0,0.227405,2.24624,1.49286,1.42347,2.54304,0.42336,0,0.42336,460.49,0,0.508378,0,0,0.735782,0.227405,1.028160,1,0,14.784,0,0,0,14.784,0
31.2155,2.04282,0,0,0.94557,0.0428195,0.36288,3.6288,35.0608,1.03791,0,0,0.283164,0.270222,0,0.66528,12.849,1,0.802246,0.36288,0,18.0977,5.94902,11.7093,0.84672,12.849,0.84672,3695.15,0,0,0,0.227405,2.2464,1.97486,1.45335,2.99532,0.42336,0,0.42336,460.49,0,0.655525,0,0,0.88293,0.227405,1.028160,1,0,14.7046,0,0,0,14.7046,0
29.5498,2.16455,0,0,0.911736,0.0500155,0.36288,3.6288,33.8289,1.21423,0,0,0.229944,0.247646,0,0.66528,12.849,1,0.890979,0.36288,0,15.619,5.67959,9.41136,0.84672,12.849,0.84672,3695.15,0,0,0,0.227405,2.24656,1.7855,1.46376,2.7957,0.42336,0,0.42336,460.49,0,0.479209,0,0,0.706614,0.227405,1.028160,1,0,12.2071,0,0,0,12.2071,0
28.0184,2.12973,0,0,1.00501,0.0437346,0.36288,3.6288,32.7628,1.08039,0,0,0.265219,0.250922,0,0.66528,12.849,1,0.92606,0.36288,0,18.5458,5.79516,12.1874,0.84672,12.849,0.84672,3695.15,0,0,0,0.227405,2.41352,1.73509,1.49254,2.88348,0.42336,0,0.42336,460.49,0,0.613051,0,0,0.840456,0.227405,1.028160,1,0,15.0709,0,0,0,15.0709,0
26.3144,2.0952,0,0,0.796876,0.042832,0.36288,3.6288,31.4472,1.26664,0,0,0.19907,0.248063,0,0.66528,12.849,1,0.960841,0.36288,0,20.364,5.79516,13.9709,0.84672,12.849,0.84672,3695.15,0,0,0,0.204422,2.41369,1.39317,1.49254,2.51874,0.42336,0,0.42336,460.49,0,0.426804,0,0,0.631226,0.204422,1.028160,1,0,16.4897,0,0,0,16.4897,0
24.8247,2.05357,0,0,0.968561,0.0418276,0.36288,3.6288,30.6714,0.851312,0,0,0.320046,0.24453,0,0.66528,12.849,1,1.00273,0.36288,0,17.7512,5.79516,11.3162,0.84672,12.849,0.84672,3695.15,0,0,0,0.204422,2.41386,2.00737,1.49254,3.13311,0.42336,0,0.42336,460.49,0,0.842128,0,0,1.04655,0.204422,1.028160,1,0,14.4493,0,0,0,14.4493,0
23.4178,2.01408,0,0,1.02394,0.0538816,0.36288,3.6288,29.5292,1.1198,0,0,0.22123,0.243606,0,0.66528,12.849,1,1.04247,0.36288,0,18.2246,5.70558,11.8394,0.84672,12.849,0.84672,3695.15,0,0,0,0.204422,2.41403,1.51528,1.44374,2.69,0.42336,0,0.42336,460.49,0,0.573636,0,0,0.778058,0.204422,1.028160,1,0,14.5294,0,0,0,14.5294,0
22.1121,1.90763,0,0,1.02714,0.0622931,0.36288,3.6288,28.9377,0.66528,0,0,0.315143,0.241382,0,0.66528,12.849,1,1.04669,0.36288,0,17.3818,5.63839,11.0596,0.84672,12.849,0.84672,3695.15,0,0,0,0.315092,2.4142,1.41428,1.40714,2.73644,0.42336,0,0.42336,460.49,0,1.02816,0,0,1.34325,0.315092,1.028160,1,0,13.796,0,0,0,13.796,0
20.6982,1.8687,0,0,0.878887,0.0612025,0.36288,3.6288,27.7107,1.1613,0,0,0.174064,0.23978,0,0.66528,12.849,1,1.08587,0.36288,0,17.3648,5.63839,11.0035,0.84672,12.849,0.84672,3695.15,0,0,0,0.216518,2.31781,1.05257,1.40714,2.17975,0.42336,0,0.42336,460.49,0,0.532138,0,0,0.748656,0.216518,1.028160,1,0,13.1832,0,0,0,13.1832,0
19.358,1.82308,0,0,0.916972,0.071213,0.36288,3.6288,26.4688,1.18422,0,0,0.16757,0.225216,0,0.66528,12.849,1,1.13173,0.36288,0,16.6909,5.43077,10.4913,0.84672,12.849,0.84672,3695.15,0,0,0,0.216518,2.31797,1.05923,1.34224,2.25147,0.42336,0,0.42336,460.49,0,0.509216,0,0,0.725734,0.216518,1.028160,1,0,12.7428,0,0,0,12.7428,0
18.7921,1.77614,0,0,1.70956,0.136508,0.36288,3.6288,25.763,0.903044,0,0,0.350994,0.153734,0,0.66528,12.849,1,1.17892,0.36288,0,42.1616,4.19672,37.1489,0.84672,12.849,0.84672,3695.15,0,0,0,0.216518,2.31813,2.63228,0.965569,4.20136,0.42336,0,0.42336,460.49,0,0.790396,0,0,1.00691,0.216518,1.028160,1,0,41.3502,0,0,0,41.3502,0
17.5816,1.70522,0,0,0.997676,0.140046,0.36288,3.6288,24.7499,1.09728,0,0,0.226219,0.142039,0,0.66528,12.849,1,1.16594,0.36288,0,17.1625,4.2671,12.0923,0.84672,12.849,0.84672,3695.15,0,0,0,0.216518,2.31829,1.70271,1.04184,3.19568,0.42336,0,0.42336,460.49,0,0.596159,0,0,0.812678,0.216518,1.028160,1,0,15.288,0,0,0,15.288,0
17.3432,1.65898,0,0,1.92108,0.137651,0.36288,3.6288,24.0263,0.925213,0,0,0.341961,0.140395,0,0.66528,12.849,1,1.21242,0.36288,0,31.2489,4.2671,26.1323,0.84672,12.849,0.84672,3695.15,0,0,0,0.216518,2.23225,2.69689,1.04184,4.10381,0.42336,0,0.42336,460.49,0,0.768227,0,0,0.984746,0.216518,1.028160,1,0,30.2361,0,0,0,30.2361,0
17.9295,1.82325,0,0,2.90967,0.137179,0.36288,3.6288,23.8734,0.66528,0,0,0.651687,0.139221,0,0.66528,12.849,1,1.35079,0.36288,0,34.2167,4.2671,28.9617,0.84672,12.849,0.84672,3695.15,0,0,0,0.777842,2.2324,3.93608,1.04184,5.90449,0.42336,0,0.42336,460.49,0,1.02816,0,0,1.806,0.777842,1.028160,1,0,34.8662,0,0,0,34.8662,0
17.3743,1.84912,0,0,1.80097,0.144181,0.36288,3.6288,23.5031,0.66528,0,0,0.436401,0.141424,0,0.66528,12.849,1,1.32516,0.36288,0,28.4527,4.32509,23.1654,0.84672,12.849,0.84672,3695.15,0,0,0,0.436991,2.05559,3.89824,1.05538,5.33545,0.42336,0,0.42336,460.49,0,1.02816,0,0,1.46515,0.436991,1.028160,1,0,28.5008,0,0,0,28.5008,0
19.3745,1.68748,0,0,4.20667,0.156078,0.36288,3.6288,23.6289,0.66528,0,0,0.93738,0.146319,0,0.66528,12.849,1,1.24796,0.36288,0,83.2035,3.91793,78.4005,0.84672,12.849,0.84672,3695.15,0,0,0,1.72031,2.05575,5.74144,1.04536,8.47213,0.42336,0,0.42336,460.49,0,1.02816,0,0,2.74847,1.72031,1.028160,1,0,86.8727,0,0,0,86.8727,0
19.7553,1.76508,0,0,2.66557,0.156852,0.36288,3.6288,23.4545,0.66528,0,0,0.635923,0.145009,0,0.66528,12.849,1,1.17059,0.36288,0,60.1841,3.79208,55.5843,0.84672,12.849,0.84672,3695.15,0,0,0,0.950547,1.86435,5.52264,1.03016,7.30738,0.42336,0,0.42336,460.49,0,1.02816,0,0,1.97871,0.950547,1.028160,1,0,62.8917,0,0,0,62.8917,0
19.4939,1.77889,0,0,2.04123,0.160808,0.36288,3.6288,22.9654,0.744768,0,0,0.404082,0.148484,0,0.66528,12.849,1,1.157,0.36288,0,39.6554,3.90636,34.9549,0.84672,12.849,0.84672,3695.15,0,0,0,0.412474,1.86449,6.30538,1.06581,7.51654,0.42336,0,0.42336,460.49,0,0.948672,0,0,1.36115,0.412474,1.028160,1,0,42.4714,0,0,0,42.4714,0
20.5738,1.76967,0,0,3.39132,0.178868,0.36288,3.6288,22.8334,0.66528,0,0,0.703471,0.170129,0,0.66528,12.849,1,1.16644,0.36288,0,63.4838,4.59207,58.0882,0.84672,12.849,0.84672,3695.15,0,0,0,1.09039,1.86464,6.60064,1.27971,8.27596,0.42336,0,0.42336,460.49,0,1.02816,0,0,2.11855,1.09039,1.028160,1,0,66.3641,0,0,0,66.3641,0
21.8035,1.8075,0,0,3.5668,0.166768,0.36288,3.6288,23.1307,0.66528,0,0,1.15161,0.189082,0,0.66528,12.849,1,1.12884,0.36288,0,89.5536,4.58361,84.204,0.84672,12.849,0.84672,3695.15,0,0,0,1.91525,1.86478,9.82385,1.24278,12.3611,0.42336,0,0.42336,460.49,0,1.02816,0,0,2.94341,1.91525,1.028160,1,0,96.5651,0,0,0,96.5651,0
23.2723,1.90558,0,0,3.89866,0.161398,0.36288,3.6288,24.3122,0.66528,0,0,2.06035,0.213504,0,0.66528,12.849,1,1.12297,0.36288,0,94.4879,4.60923,89.1186,0.84672,12.849,0.84672,3695.15,0,0,0,2.56725,1.86492,9.87267,1.36138,12.9435,0.42336,0,0.42336,460.49,0,1.02816,0,0,3.59541,2.56725,1.028160,1,0,102.062,0,0,0,102.062,0
24.8234,1.95138,0,0,4.03485,0.169455,0.36288,3.6288,25.4529,0.66528,0,0,2.0216,0.215681,0,0.66528,12.849,1,1.07739,0.36288,0,84.2892,4.62399,78.9507,0.84672,12.849,0.84672,3695.15,0,0,0,2.26034,1.92481,8.90663,1.42853,11.6633,0.42336,0,0.42336,460.49,0,1.02816,0,0,3.2885,2.26034,1.028160,1,0,90.614,0,0,0,90.614,0
26.818,1.79662,0,0,4.32737,0.173323,0.36288,3.6288,26.3272,0.66528,0,0,1.7581,0.218538,0,0.66528,12.849,1,0.929958,0.36288,0,111.304,4.62399,106.113,0.84672,12.849,0.84672,3695.15,0,0,0,1.85904,1.92494,9.52767,1.42853,11.8831,0.42336,0,0.42336,460.49,0,1.02816,0,0,2.8872,1.85904,1.028160,1,0,117.996,0,0,0,117.996,0
28.776,1.84352,0,0,4.34274,0.178299,0.36288,3.6288,27.2324,0.66528,0,0,1.79121,0.220728,0,0.66528,12.849,1,0.883266,0.36288,0,92.8878,4.62399,87.7434,0.84672,12.849,0.84672,3695.15,0,0,0,1.94028,2.10204,8.91216,1.42853,11.526,0.42336,0,0.42336,460.49,0,1.02816,0,0,2.96844,1.94028,1.028160,1,0,99.2694,0,0,0,99.2694,0
28.861,2.08949,0,0,2.73597,0.198639,0.36288,3.6288,26.8759,1.12372,0,0,0.967585,0.200285,0,0.66528,12.849,1,0.932993,0.36288,0,74.3982,3.94989,69.8782,0.84672,12.849,0.84672,3695.15,0,0,0,0.503194,2.10218,4.94819,1.08056,6.473,0.42336,0,0.42336,460.49,0,0.569722,0,0,1.07292,0.503194,1.028160,1,0,76.3512,0,0,0,76.3512,0
29.4122,2.09155,0,0,3.20457,0.198868,0.36288,3.6288,27.6288,0.66528,0,0,1.61757,0.199483,0,0.66528,12.849,1,0.931164,0.36288,0,84.9986,3.94989,80.4804,0.84672,12.849,0.84672,3695.15,0,0,0,1.08761,2.31732,6.28854,1.08056,8.61291,0.42336,0,0.42336,460.49,0,1.02816,0,0,2.11577,1.08761,1.028160,1,0,89.0933,0,0,0,89.0933,0
30.4148,2.10386,0,0,3.66961,0.20036,0.36288,3.6288,28.7531,0.66528,0,0,1.99084,0.201177,0,0.66528,12.849,1,0.919089,0.36288,0,93.0105,3.94989,88.5044,0.84672,12.849,0.84672,3695.15,0,0,0,1.26319,2.31747,7.97221,1.08056,10.4723,0.42336,0,0.42336,460.49,0,1.02816,0,0,2.29135,1.26319,1.028160,1,0,98.9767,0,0,0,98.9767,0
31.4478,2.12532,0,0,3.7461,0.224895,0.36288,3.6288,30.2002,0.66528,0,0,2.30359,0.191216,0,0.66528,12.849,1,0.897861,0.36288,0,92.5836,3.94449,88.1042,0.84672,12.849,0.84672,3695.15,0,0,0,2.03233,2.31762,9.46684,1.09876,12.718,0.42336,0,0.42336,460.49,0,1.02816,0,0,3.06049,2.03233,1.028160,1,0,100.822,0,0,0,100.822,0
33.6426,1.84714,0,0,4.62491,0.220012,0.36288,3.6288,32.4289,0.66528,0,0,3.01481,0.120869,0,0.66528,12.849,1,0.754707,0.36288,0,99.468,3.30088,95.7753,0.84672,12.849,0.84672,3695.15,0,0,0,1.1922,2.31777,12.9418,0.787065,15.6647,0.42336,0,0.42336,460.49,0,1.02816,0,0,2.22036,1.1922,1.028160,1,0,111.44,0,0,0,111.44,0
35.2009,1.88291,0,0,4.03015,0.226133,0.36288,3.6288,34.8567,0.66528,0,0,3.21699,0.123868,0,0.66528,12.849,1,0.719134,0.36288,0,88.0114,3.30088,84.3542,0.84672,12.849,0.84672,3695.15,0,0,0,1.03865,2.02463,11.1431,0.787065,13.4193,0.42336,0,0.42336,460.49,0,1.02816,0,0,2.06681,1.03865,1.028160,1,0,97.7735,0,0,0,97.7735,0
39.4576,1.90638,0,0,6.75602,0.230007,0.36288,3.6288,38.7257,0.66528,0,0,4.65669,0.122444,0,0.66528,12.849,1,0.695867,0.36288,0,178.994,3.21123,175.45,0.84672,12.849,0.84672,3695.15,0,0,0,2.64573,2.02476,18.4525,0.77171,22.3513,0.42336,0,0.42336,460.49,0,1.02816,0,0,3.67389,2.64573,1.028160,1,0,197.801,0,0,0,197.801,0
43.74,1.96317,0,0,6.84733,0.238874,0.36288,3.6288,42.4309,0.66528,0,0,4.46895,0.0984935,0,0.66528,12.849,1,0.639287,0.36288,0,179.275,2.6733,176.325,0.84672,12.849,0.84672,3695.15,0,0,0,2.32925,2.02489,19.572,0.67958,23.2466,0.42336,0,0.42336,460.49,0,1.02816,0,0,3.35741,2.32925,1.028160,1,0,199.572,0,0,0,199.572,0
46.9326,2.0117,0,0,5.81653,0.249401,0.36288,3.6288,44.851,0.66528,0,0,3.21592,0.130466,0,0.66528,12.849,1,0.590955,0.36288,0,198.75,2.85462,195.668,0.84672,12.849,0.84672,3695.15,0,0,0,2.15317,2.02502,12.9845,0.697761,16.465,0.42336,0,0.42336,460.49,0,1.02816,0,0,3.18133,2.15317,1.028160,1,0,212.133,0,0,0,212.133,0
49.305,2.12676,0,0,5.08633,0.224311,0.36288,3.6288,46.9639,0.66528,0,0,2.92516,0.147066,0,0.66528,12.849,1,0.582255,0.36288,0,118.06,3.40725,114.433,0.84672,12.849,0.84672,3695.15,0,0,0,1.26279,2.02515,9.80554,0.792309,12.3012,0.42336,0,0.42336,460.49,0,1.02816,0,0,2.29095,1.26279,1.028160,1,0,126.734,0,0,0,126.734,0
51.3079,2.14915,0,0,4.74516,0.230186,0.36288,3.6288,48.3919,0.66528,0,0,2.24328,0.149951,0,0.66528,12.849,1,0.560074,0.36288,0,110.559,3.40725,106.955,0.84672,12.849,0.84672,3695.15,0,0,0,0.879293,2.09761,8.05516,0.792309,10.2398,0.42336,0,0.42336,460.49,0,1.02816,0,0,1.90745,0.879293,1.028160,1,0,117.194,0,0,0,117.194,0
54.2432,2.1668,0,0,5.70011,0.235102,0.36288,3.6288,49.6464,0.66528,0,0,2.07155,0.151751,0,0.66528,12.849,1,0.542631,0.36288,0,97.1888,3.40725,93.6018,0.84672,12.849,0.84672,3695.15,0,0,0,1.14147,2.09774,15.839,0.792309,18.2859,0.42336,0,0.42336,460.49,0,1.02816,0,0,2.16963,1.14147,1.028160,1,0,111.888,0,0,0,111.888,0
56.5486,2.19072,0,0,5.083,0.224014,0.36288,3.6288,50.9281,0.66528,0,0,2.10413,0.157208,0,0.66528,12.849,1,0.518931,0.36288,0,132.415,2.98749,129.271,0.84672,12.849,0.84672,3695.15,0,0,0,1.36137,2.09788,11.5234,0.723976,14.2587,0.42336,0,0.42336,460.49,0,1.02816,0,0,2.38953,1.36137,1.028160,1,0,143.53,0,0,0,143.53,0
57.4761,2.1743,0,0,3.65382,0.18914,0.36288,3.6288,51.3822,0.66528,0,0,1.35667,0.237271,0,0.66528,12.849,1,0.494045,0.36288,0,74.526,4.54451,69.8504,0.84672,12.849,0.84672,3695.15,0,0,0,0.856924,2.09801,6.8567,1.04407,8.76757,0.42336,0,0.42336,460.49,0,1.02816,0,0,1.88508,0.856924,1.028160,1,0,78.618,0,0,0,78.618,0
57.7682,2.42813,0,0,3.27393,0.190875,0.36288,3.6288,51.6776,0.66528,0,0,1.1988,0.238148,0,0.66528,12.849,1,0.542818,0.36288,0,63.963,4.54451,59.2386,0.84672,12.849,0.84672,3695.15,0,0,0,0.625026,2.06999,5.9735,1.04407,7.62445,0.42336,0,0.42336,460.49,0,1.02816,0,0,1.65319,0.625026,1.028160,1,0,66.8631,0,0,0,66.8631,0
57.8297,2.43055,0,0,3.0272,0.172257,0.36288,3.6288,51.9156,0.66528,0,0,1.11543,0.212082,0,0.66528,12.849,1,0.540611,0.36288,0,60.7536,3.95471,56.6212,0.84672,12.849,0.84672,3695.15,0,0,0,0.541261,1.89316,5.38479,0.894477,6.92473,0.42336,0,0.42336,460.49,0,1.02816,0,0,1.56942,0.541261,1.028160,1,0,63.5459,0,0,0,63.5459,0
57.7775,2.43119,0,0,2.90658,0.16469,0.36288,3.6288,52.1835,0.66528,0,0,1.13498,0.201815,0,0.66528,12.849,1,0.540178,0.36288,0,55.4297,3.71879,51.5336,0.84672,12.849,0.84672,3695.15,0,0,0,0.776339,1.8933,5.64621,0.83464,7.48121,0.42336,0,0.42336,460.49,0,1.02816,0,0,1.8045,0.776339,1.028160,1,0,59.0148,0,0,0,59.0148,0
58.1246,2.29889,0,0,3.13701,0.128149,0.36288,3.6288,52.4265,0.66528,0,0,1.14523,0.236957,0,0.66528,12.849,1,0.511245,0.36288,0,79.8313,4.27535,75.4076,0.84672,12.849,0.84672,3695.15,0,0,0,0.965028,1.89343,6.17256,1.071,7.96002,0.42336,0,0.42336,460.49,0,1.02816,0,0,1.99319,0.965028,1.028160,1,0,83.3676,0,0,0,83.3676,0
58.0214,2.30157,0,0,2.6838,0.122487,0.36288,3.6288,52.5481,0.66528,0,0,1.03005,0.243216,0,0.66528,12.849,1,0.508784,0.36288,0,51.2076,4.3681,46.6936,0.84672,12.849,0.84672,3695.15,0,0,0,0.849597,2.16921,5.46058,1.11039,7.36899,0.42336,0,0.42336,460.49,0,1.02816,0,0,1.87776,0.849597,1.028160,1,0,54.0626,0,0,0,54.0626,0
57.8927,2.30101,0,0,2.65746,0.122364,0.36288,3.6288,52.8383,0.66528,0,0,1.19899,0.243454,0,0.66528,12.849,1,0.509564,0.36288,0,45.3914,4.3681,40.8766,0.84672,12.849,0.84672,3695.15,0,0,0,0.607668,2.16935,5.20679,1.11039,6.87342,0.42336,0,0.42336,460.49,0,1.02816,0,0,1.63583,0.607668,1.028160,1,0,47.75,0,0,0,47.75,0
57.3864,2.30026,0,0,2.2791,0.12221,0.36288,3.6288,52.7811,0.66528,0,0,0.852103,0.244021,0,0.66528,12.849,1,0.510532,0.36288,0,46.2614,4.3681,41.7457,0.84672,12.849,0.84672,3695.15,0,0,0,0.318289,2.16949,4.70855,1.11039,6.08594,0.42336,0,0.42336,460.49,0,1.02816,0,0,1.34645,0.318289,1.028160,1,0,47.8316,0,0,0,47.8316,0
56.775,2.29676,0,0,2.14205,0.0938031,0.36288,3.6288,52.7586,0.66528,0,0,0.899718,0.256929,0,0.66528,12.849,1,0.514251,0.36288,0,42.2879,4.80282,37.3337,0.84672,12.849,0.84672,3695.15,0,0,0,0.615997,2.16963,4.25538,1.21338,5.82763,0.42336,0,0.42336,460.49,0,1.02816,0,0,1.64416,0.615997,1.028160,1,0,43.1613,0,0,0,43.1613,0
56.1224,2.26968,0,0,2.06406,0.0841023,0.36288,3.6288,52.7989,0.66528,0,0,0.971404,0.265889,0,0.66528,12.849,1,0.513661,0.36288,0,39.3942,5.00105,34.2423,0.84672,12.849,0.84672,3695.15,0,0,0,0.907744,2.16977,4.28788,1.24249,6.1229,0.42336,0,0.42336,460.49,0,1.02816,0,0,1.9359,0.907744,1.028160,1,0,40.3652,0,0,0,40.3652,0
55.2981,2.26499,0,0,1.88713,0.0835607,0.36288,3.6288,52.8157,0.66528,0,0,0.948093,0.265975,0,0.66528,12.849,1,0.518561,0.36288,0,38.8379,5.00105,33.6812,0.84672,12.849,0.84672,3695.15,0,0,0,0.943281,2.20442,4.23517,1.24249,6.14038,0.42336,0,0.42336,460.49,0,1.02816,0,0,1.97144,0.943281,1.028160,1,0,39.8216,0,0,0,39.8216,0
54.3182,2.2589,0,0,1.72471,0.0828766,0.36288,3.6288,52.771,0.66528,0,0,0.886602,0.26601,0,0.66528,12.849,1,0.524875,0.36288,0,36.5305,5.00105,31.3675,0.84672,12.849,0.84672,3695.15,0,0,0,0.656657,2.20456,4.03011,1.24249,5.64883,0.42336,0,0.42336,460.49,0,1.02816,0,0,1.68482,0.656657,1.028160,1,0,37.0163,0,0,0,37.0163,0
53.2554,2.25141,0,0,1.61854,0.0669819,0.36288,3.6288,52.6594,0.66528,0,0,0.853511,0.299865,0,0.66528,12.849,1,0.532574,0.36288,0,33.4141,5.50899,27.7354,0.84672,12.849,0.84672,3695.15,0,0,0,0.676201,2.2047,3.85507,1.43073,5.30525,0.42336,0,0.42336,460.49,0,1.02816,0,0,1.70436,0.676201,1.028160,1,0,33.0406,0,0,0,33.0406,0
52.2704,2.30106,0,0,1.74044,0.0615049,0.36288,3.6288,52.6041,0.66528,0,0,0.895674,0.285696,0,0.66528,12.849,1,0.555179,0.36288,0,32.4415,5.59251,26.6567,0.84672,12.849,0.84672,3695.15,0,0,0,0.888823,2.20484,3.7628,1.47817,5.3783,0.42336,0,0.42336,460.49,0,1.02816,0,0,1.91698,0.888823,1.028160,1,0,32.035,0,0,0,32.035,0
51.1833,2.29284,0,0,1.62947,0.0608855,0.36288,3.6288,52.5169,0.66528,0,0,0.863698,0.28557,0,0.66528,12.849,1,0.563621,0.36288,0,30.4315,5.59251,24.6382,0.84672,12.849,0.84672,3695.15,0,0,0,0.902422,2.2539,3.892,1.47817,5.57016,0.42336,0,0.42336,460.49,0,1.02816,0,0,1.93058,0.902422,1.028160,1,0,30.2084,0,0,0,30.2084,0
49.9175,2.28345,0,0,1.44077,0.060202,0.36288,3.6288,52.3794,0.66528,0,0,0.813084,0.28537,0,0.66528,12.849,1,0.573234,0.36288,0,28.7467,5.59251,22.9438,0.84672,12.849,0.84672,3695.15,0,0,0,0.702406,2.25405,3.65119,1.47817,5.12949,0.42336,0,0.42336,460.49,0,1.02816,0,0,1.73057,0.702406,1.028160,1,0,28.0733,0,0,0,28.0733,0
48.5332,2.27206,0,0,1.30194,0.0513776,0.36288,3.6288,52.2292,0.66528,0,0,0.805049,0.289933,0,0.66528,12.849,1,0.58484,0.36288,0,27.25,5.74206,21.2859,0.84672,12.849,0.84672,3695.15,0,0,0,0.650782,2.2542,3.6431,1.50805,5.04003,0.42336,0,0.42336,460.49,0,1.02816,0,0,1.67894,0.650782,1.028160,1,0,26.326,0,0,0,26.326,0
47.093,2.42589,0,0,1.41143,0.0628178,0.36288,3.6288,52.1651,0.66528,0,0,0.858047,0.256833,0,0.66528,12.849,1,0.642247,0.36288,0,25.7163,5.62455,19.8124,0.84672,12.849,0.84672,3695.15,0,0,0,0.955204,2.25434,3.33615,1.49174,5.05396,0.42336,0,0.42336,460.49,0,1.02816,0,0,1.98336,0.955204,1.028160,1,0,24.8663,0,0,0,24.8663,0
45.5642,2.41064,0,0,1.31465,0.069919,0.36288,3.6288,52.0799,0.66528,0,0,0.82315,0.243073,0,0.66528,12.849,1,0.657728,0.36288,0,31.4766,5.5082,25.6735,0.84672,12.849,0.84672,3695.15,0,0,0,0.917395,2.42192,3.12895,1.49694,4.97132,0.42336,0,0.42336,460.49,0,1.02816,0,0,1.94556,0.917395,1.028160,1,0,30.6448,0,0,0,30.6448,0
44.0816,2.39361,0,0,1.34266,0.0687409,0.36288,3.6288,52.116,0.66528,0,0,0.94424,0.242906,0,0.66528,12.849,1,0.674994,0.36288,0,27.2665,5.5082,21.4462,0.84672,12.849,0.84672,3695.15,0,0,0,1.02768,2.42208,3.24935,1.49694,5.20216,0.42336,0,0.42336,460.49,0,1.02816,0,0,2.05584,1.02768,1.028160,1,0,26.6484,0,0,0,26.6484,0
42.6287,2.37622,0,0,1.35473,0.0685731,0.36288,3.6288,52.1656,0.66528,0,0,0.951402,0.236498,0,0.66528,12.849,1,0.692625,0.36288,0,27.6662,5.32335,22.0131,0.84672,12.849,0.84672,3695.15,0,0,0,1.52995,2.42223,4.15612,1.42499,6.68332,0.42336,0,0.42336,460.49,0,1.02816,0,0,2.55811,1.52995,1.028160,1,0,28.6965,0,0,0,28.6965,0
40.9207,2.35826,0,0,1.09047,0.0773212,0.36288,3.6288,51.943,0.66528,0,0,0.662545,0.219891,0,0.66528,12.849,1,0.710819,0.36288,0,17.9706,4.71783,12.9048,0.84672,12.849,0.84672,3695.15,0,0,0,0.547223,2.42239,3.71879,1.16109,5.52732,0.42336,0,0.42336,460.49,0,1.02816,0,0,1.57538,0.547223,1.028160,1,0,18.4321,0,0,0,18.4321,0
39.0145,2.25757,0,0,0.795467,0.0811916,0.36288,3.6288,51.2068,0.935859,0,0,0.448737,0.249032,0,0.66528,12.849,1,0.708872,0.36288,0,16.2387,5.38923,10.5035,0.84672,12.849,0.84672,3695.15,0,0,0,0.204422,2.42255,2.68073,1.38486,3.92284,0.42336,0,0.42336,460.49,0,0.757581,0,0,0.962004,0.204422,1.028160,1,0,14.4263,0,0,0,14.4263,0
37.1563,2.23169,0,0,0.829932,0.0936029,0.36288,3.6288,50.428,0.977426,0,0,0.431995,0.233409,0,0.66528,12.849,1,0.734982,0.36288,0,15.6086,5.1816,10.0549,0.84672,12.849,0.84672,3695.15,0,0,0,0.216518,2.32578,2.69769,1.31997,3.92002,0.42336,0,0.42336,460.49,0,0.716014,0,0,0.932532,0.216518,1.028160,1,0,13.9749,0,0,0,13.9749,0
36.8215,2.20455,0,0,2.40761,0.175008,0.36288,3.6288,50.6331,0.66528,0,0,1.01796,0.14761,0,0.66528,12.849,1,0.762353,0.36288,0,47.0445,3.93582,42.7092,0.84672,12.849,0.84672,3695.15,0,0,0,0.408957,2.32593,7.08553,0.930578,8.88984,0.42336,0,0.42336,460.49,0,1.02816,0,0,1.43712,0.408957,1.028160,1,0,51.599,0,0,0,51.599,0
35.8529,2.19958,0,0,1.76822,0.174315,0.36288,3.6288,50.5429,0.66528,0,0,0.722985,0.147857,0,0.66528,12.849,1,0.767552,0.36288,0,40.8348,3.93582,36.4943,0.84672,12.849,0.84672,3695.15,0,0,0,0.407877,2.32608,3.99444,0.930578,5.79782,0.42336,0,0.42336,460.49,0,1.02816,0,0,1.43604,0.407877,1.028160,1,0,42.2921,0,0,0,42.2921,0
34.401,2.1223,0,0,1.1806,0.147356,0.36288,3.6288,49.7787,0.946728,0,0,0.391661,0.209141,0,0.66528,12.849,1,0.760592,0.36288,0,19.8699,4.22657,15.2456,0.84672,12.849,0.84672,3695.15,0,0,0,0.216518,2.32623,3.30235,1.06268,4.78241,0.42336,0,0.42336,460.49,0,0.746712,0,0,0.96323,0.216518,1.028160,1,0,20.0281,0,0,0,20.0281,0
32.7703,2.09909,0,0,0.976104,0.144787,0.36288,3.6288,49.044,0.864346,0,0,0.337475,0.207837,0,0.66528,12.849,1,0.784025,0.36288,0,15.9354,4.22657,11.2877,0.84672,12.849,0.84672,3695.15,0,0,0,0.216518,2.23985,3.20326,1.06268,4.59695,0.42336,0,0.42336,460.49,0,0.829094,0,0,1.04561,0.216518,1.028160,1,0,15.8847,0,0,0,15.8847,0
32.6763,2.07123,0,0,2.48199,0.141902,0.36288,3.6288,49.2526,0.66528,0,0,1.08047,0.206583,0,0.66528,12.849,1,0.812113,0.36288,0,44.4583,4.22657,39.7825,0.84672,12.849,0.84672,3695.15,0,0,0,2.15355,2.23999,7.486,1.06268,10.8169,0.42336,0,0.42336,460.49,0,1.02816,0,0,3.18171,2.15355,1.028160,1,0,50.5994,0,0,0,50.5994,0
33.0074,2.06971,0,0,2.92065,0.157,0.36288,3.6288,49.7883,0.66528,0,0,1.39357,0.19256,0,0.66528,12.849,1,0.813853,0.36288,0,53.044,4.00891,48.5841,0.84672,12.849,0.84672,3695.15,0,0,0,1.04738,2.24014,7.58442,1.00103,9.8709,0.42336,0,0.42336,460.49,0,1.02816,0,0,2.07554,1.04738,1.028160,1,0,58.455,0,0,0,58.455,0
32.7517,1.90303,0,0,2.18925,0.179004,0.36288,3.6288,50.0286,0.66528,0,0,1.09435,0.188814,0,0.66528,12.849,1,0.740804,0.36288,0,44.0999,3.63309,40.0889,0.84672,12.849,0.84672,3695.15,0,0,0,0.907883,2.24028,6.47426,0.823935,8.79849,0.42336,0,0.42336,460.49,0,1.02816,0,0,1.93604,0.907883,1.028160,1,0,48.8874,0,0,0,48.8874,0
34.1816,1.89902,0,0,3.86345,0.171672,0.36288,3.6288,50.9087,0.66528,0,0,1.7472,0.201815,0,0.66528,12.849,1,0.745015,0.36288,0,95.6699,3.70041,91.5873,0.84672,12.849,0.84672,3695.15,0,0,0,1.97373,2.04817,7.85506,0.814752,11.0622,0.42336,0,0.42336,460.49,0,1.02816,0,0,3.00189,1.97373,1.028160,1,0,102.65,0,0,0,102.65,0
33.9889,1.92182,0,0,2.26675,0.174733,0.36288,3.6288,51.2054,0.66528,0,0,1.16523,0.203271,0,0.66528,12.849,1,0.722421,0.36288,0,79.9159,3.70041,75.856,0.84672,12.849,0.84672,3695.15,0,0,0,1.39081,2.0483,6.804,0.814752,9.42835,0.42336,0,0.42336,460.49,0,1.02816,0,0,2.41897,1.39081,1.028160,1,0,85.2843,0,0,0,85.2843,0
33.1698,1.919,0,0,1.63714,0.174321,0.36288,3.6288,51.0076,0.66528,0,0,0.671232,0.203762,0,0.66528,12.849,1,0.725449,0.36288,0,45.5761,3.70041,41.5131,0.84672,12.849,0.84672,3695.15,0,0,0,0.438454,2.04843,6.8374,0.814752,8.50953,0.42336,0,0.42336,460.49,0,1.02816,0,0,1.46661,0.438454,1.028160,1,0,50.0226,0,0,0,50.0226,0
33.1311,1.90624,0,0,2.42882,0.198466,0.36288,3.6288,51.0799,0.66528,0,0,0.967922,0.230351,0,0.66528,12.849,1,0.738419,0.36288,0,58.1128,4.5614,53.1759,0.84672,12.849,0.84672,3695.15,0,0,0,0.938831,2.04856,6.24871,1.08226,8.15384,0.42336,0,0.42336,460.49,0,1.02816,0,0,1.96699,0.938831,1.028160,1,0,61.3297,0,0,0,61.3297,0
32.1028,1.97229,0,0,1.50448,0.197579,0.36288,3.6288,50.3966,0.963075,0,0,0.490669,0.210846,0,0.66528,12.849,1,0.764899,0.36288,0,34.7023,4.71387,29.5864,0.84672,12.849,0.84672,3695.15,0,0,0,0.412474,2.04869,2.07987,1.12713,3.41391,0.42336,0,0.42336,460.49,0,0.730365,0,0,1.14284,0.412474,1.028160,1,0,33.0003,0,0,0,33.0003,0
32.1677,1.95493,0,0,2.57772,0.195057,0.36288,3.6288,49.8972,0.850452,0,0,0.560747,0.209676,0,0.66528,12.849,1,0.782451,0.36288,0,50.9147,4.71387,45.7813,0.84672,12.849,0.84672,3695.15,0,0,0,0.503194,2.10879,2.8856,1.12713,4.37046,0.42336,0,0.42336,460.49,0,0.842988,0,0,1.34618,0.503194,1.028160,1,0,50.1518,0,0,0,50.1518,0
33.1125,1.95619,0,0,3.45917,0.195216,0.36288,3.6288,50.1183,0.66528,0,0,1.09521,0.20882,0,0.66528,12.849,1,0.78138,0.36288,0,51.6548,4.71387,46.5224,0.84672,12.849,0.84672,3695.15,0,0,0,2.52745,2.10891,7.16593,1.12713,10.6752,0.42336,0,0.42336,460.49,0,1.02816,0,0,3.55561,2.52745,1.028160,1,0,57.1976,0,0,0,57.1976,0
34.1497,1.9724,0,0,3.55793,0.1855,0.36288,3.6288,50.4387,0.66528,0,0,1.19672,0.211098,0,0.66528,12.849,1,0.76537,0.36288,0,74.5269,4.52391,69.6005,0.84672,12.849,0.84672,3695.15,0,0,0,1.05664,2.10903,6.58901,1.1595,8.59518,0.42336,0,0.42336,460.49,0,1.02816,0,0,2.0848,1.05664,1.028160,1,0,78.1957,0,0,0,78.1957,0
33.6527,2.20491,0,0,2.29534,0.224509,0.36288,3.6288,49.9159,1.04494,0,0,0.722412,0.200207,0,0.66528,12.849,1,0.829608,0.36288,0,43.7,3.75921,39.4741,0.84672,12.849,0.84672,3695.15,0,0,0,0.503194,2.10916,4.05174,0.964455,5.69963,0.42336,0,0.42336,460.49,0,0.648501,0,0,1.15169,0.503194,1.028160,1,0,45.1737,0,0,0,45.1737,0
32.9647,2.19619,0,0,2.09994,0.228852,0.36288,3.6288,49.1461,1.15265,0,0,0.565018,0.182243,0,0.66528,12.849,1,0.838533,0.36288,0,38.003,3.78746,33.7398,0.84672,12.849,0.84672,3695.15,0,0,0,0.503194,2.32506,3.64198,0.957314,5.51293,0.42336,0,0.42336,460.49,0,0.540795,0,0,1.04399,0.503194,1.028160,1,0,39.2528,0,0,0,39.2528,0
32.8962,2.18376,0,0,2.70504,0.226911,0.36288,3.6288,48.7321,0.92632,0,0,0.693429,0.181093,0,0.66528,12.849,1,0.851185,0.36288,0,51.3129,3.78746,47.0371,0.84672,12.849,0.84672,3695.15,0,0,0,0.608429,2.3252,4.97248,0.957314,6.94879,0.42336,0,0.42336,460.49,0,0.76712,0,0,1.37555,0.608429,1.028160,1,0,53.9859,0,0,0,53.9859,0
33.1879,2.18264,0,0,3.06389,0.226717,0.36288,3.6288,48.2244,1.05354,0,0,0.726313,0.180474,0,0.66528,12.849,1,0.85252,0.36288,0,58.914,3.78746,54.6369,0.84672,12.849,0.84672,3695.15,0,0,0,0.608429,2.32534,4.55849,0.957314,6.53494,0.42336,0,0.42336,460.49,0,0.639896,0,0,1.24832,0.608429,1.028160,1,0,61.1718,0,0,0,61.1718,0
33.7434,1.88319,0,0,3.00558,0.203982,0.36288,3.6288,48.128,0.865633,0,0,0.89424,0.124973,0,0.66528,12.849,1,0.729095,0.36288,0,71.631,3.62278,67.642,0.84672,12.849,0.84672,3695.15,0,0,0,0.608429,2.32547,5.95587,0.758816,8.13096,0.42336,0,0.42336,460.49,0,0.827807,0,0,1.43624,0.608429,1.028160,1,0,75.7729,0,0,0,75.7729,0
34.036,1.89202,0,0,2.73799,0.190544,0.36288,3.6288,47.5564,1.1676,0,0,0.73624,0.140301,0,0.66528,12.849,1,0.720453,0.36288,0,53.3809,3.66629,49.357,0.84672,12.849,0.84672,3695.15,0,0,0,0.608429,2.03127,5.02238,0.808503,6.85358,0.42336,0,0.42336,460.49,0,0.525839,0,0,1.13427,0.608429,1.028160,1,0,56.2106,0,0,0,56.2106,0
34.3985,1.89665,0,0,2.81325,0.191231,0.36288,3.6288,46.989,1.13993,0,0,0.712204,0.139634,0,0.66528,12.849,1,0.716009,0.36288,0,46.8796,3.66629,42.8602,0.84672,12.849,0.84672,3695.15,0,0,0,0.558835,2.03139,4.65303,0.808503,6.43475,0.42336,0,0.42336,460.49,0,0.553513,0,0,1.11235,0.558835,1.028160,1,0,49.2949,0,0,0,49.2949,0
34.9661,1.90228,0,0,3.0249,0.192082,0.36288,3.6288,46.5546,1.05009,0,0,0.754635,0.138971,0,0.66528,12.849,1,0.710566,0.36288,0,50.8302,3.66629,46.8163,0.84672,12.849,0.84672,3695.15,0,0,0,0.558835,2.03151,5.01087,0.808503,6.79271,0.42336,0,0.42336,460.49,0,0.643352,0,0,1.20219,0.558835,1.028160,1,0,53.609,0,0,0,53.609,0
36.2193,1.91085,0,0,3.73563,0.208686,0.36288,3.6288,46.3755,0.793593,0,0,0.756422,0.141882,0,0.66528,12.849,1,0.702181,0.36288,0,70.98,3.62412,67.0166,0.84672,12.849,0.84672,3695.15,0,0,0,0.558835,2.03163,4.87001,0.802506,6.65797,0.42336,0,0.42336,460.49,0,0.899847,0,0,1.45868,0.558835,1.028160,1,0,73.6746,0,0,0,73.6746,0
35.9416,2.00756,0,0,2.32525,0.232532,0.36288,3.6288,45.2657,1.42863,0,0,0.465076,0.146224,0,0.66528,12.849,1,0.712192,0.36288,0,38.6002,3.5679,34.683,0.84672,12.849,0.84672,3695.15,0,0,0,0.558835,2.03175,3.72069,0.79451,5.51676,0.42336,0,0.42336,460.49,0,0.264807,0,0,0.823643,0.558835,1.028160,1,0,40.1998,0,0,0,40.1998,0
35.3845,2.00365,0,0,2.04119,0.23176,0.36288,3.6288,44.2586,1.3406,0,0,0.478151,0.144726,0,0.66528,12.849,1,0.716296,0.36288,0,33.3481,3.5679,29.4268,0.84672,12.849,0.84672,3695.15,0,0,0,0.528595,2.10446,3.85298,0.79451,5.69152,0.42336,0,0.42336,460.49,0,0.35284,0,0,0.881436,0.528595,1.028160,1,0,35.1183,0,0,0,35.1183,0
34.7408,1.99551,0,0,1.94487,0.230212,0.36288,3.6288,43.472,1.17859,0,0,0.535343,0.143366,0,0.66528,12.849,1,0.724621,0.36288,0,31.6106,3.5679,27.681,0.84672,12.849,0.84672,3695.15,0,0,0,0.528595,2.10458,4.4551,0.79451,6.29377,0.42336,0,0.42336,460.49,0,0.514849,0,0,1.04344,0.528595,1.028160,1,0,33.9748,0,0,0,33.9748,0
34.1025,1.98585,0,0,1.90487,0.194431,0.36288,3.6288,42.5524,1.25286,0,0,0.496536,0.163187,0,0.66528,12.849,1,0.734475,0.36288,0,31.3878,3.89882,27.1174,0.84672,12.849,0.84672,3695.15,0,0,0,0.528595,2.1047,3.81067,0.865001,5.57897,0.42336,0,0.42336,460.49,0,0.44058,0,0,0.969175,0.528595,1.028160,1,0,32.6964,0,0,0,32.6964,0
33.6868,1.94575,0,0,2.1016,0.208656,0.36288,3.6288,42.0251,1.04325,0,0,0.660925,0.145054,0,0.66528,12.849,1,0.733111,0.36288,0,37.2675,3.89607,33.0012,0.84672,12.849,0.84672,3695.15,0,0,0,0.528595,2.10483,3.95131,0.892043,5.69268,0.42336,0,0.42336,460.49,0,0.650186,0,0,1.17878,0.528595,1.028160,1,0,38.6939,0,0,0,38.6939,0
32.88,1.93934,0,0,1.73136,0.235933,0.36288,3.6288,41.2348,1.22552,0,0,0.597605,0.162321,0,0.66528,12.849,1,0.739713,0.36288,0,29.9678,4.18236,25.4086,0.84672,12.849,0.84672,3695.15,0,0,0,0.528595,2.0767,3.42668,0.921177,5.11079,0.42336,0,0.42336,460.49,0,0.467916,0,0,0.996512,0.528595,1.028160,1,0,30.5194,0,0,0,30.5194,0
32.0112,1.92642,0,0,1.58797,0.167467,0.36288,3.6288,40.3667,1.17977,0,0,0.511762,0.200158,0,0.66528,12.849,1,0.752817,0.36288,0,27.3585,4.58598,22.3826,0.84672,12.849,0.84672,3695.15,0,0,0,0.402797,2.07682,3.19359,0.945277,4.72792,0.42336,0,0.42336,460.49,0,0.513674,0,0,0.916471,0.402797,1.028160,1,0,27.1105,0,0,0,27.1105,0
31.1155,1.91198,0,0,1.54481,0.165655,0.36288,3.6288,39.6535,1.07918,0,0,0.564488,0.198473,0,0.66528,12.849,1,0.767451,0.36288,0,26.4407,4.58598,21.4502,0.84672,12.849,0.84672,3695.15,0,0,0,0.402797,2.07694,3.70279,0.945277,5.23725,0.42336,0,0.42336,460.49,0,0.614261,0,0,1.01706,0.402797,1.028160,1,0,26.6874,0,0,0,26.6874,0
29.968,1.9966,0,0,1.3729,0.160927,0.36288,3.6288,38.8623,1.09574,0,0,0.509372,0.204841,0,0.66528,12.849,1,0.824485,0.36288,0,23.6839,5.10738,18.1149,0.84672,12.849,0.84672,3695.15,0,0,0,0.402797,2.07706,2.8783,1.10626,4.2519,0.42336,0,0.42336,460.49,0,0.597698,0,0,1.00049,0.402797,1.028160,1,0,22.3668,0,0,0,22.3668,0
28.8088,1.97464,0,0,1.33567,0.157365,0.36288,3.6288,37.9885,1.14703,0,0,0.479648,0.206376,0,0.66528,12.849,1,0.846641,0.36288,0,22.0914,5.31594,16.2917,0.84672,12.849,0.84672,3695.15,0,0,0,0.402797,2.17622,2.49551,1.17065,3.90387,0.42336,0,0.42336,460.49,0,0.546411,0,0,0.949208,0.402797,1.028160,1,0,20.1955,0,0,0,20.1955,0
27.5198,1.95122,0,0,1.17087,0.145739,0.36288,3.6288,37.1133,1.10964,0,0,0.446837,0.212476,0,0.66528,12.849,1,0.870263,0.36288,0,19.7373,5.42304,13.8069,0.84672,12.849,0.84672,3695.15,0,0,0,0.30119,2.17634,2.4212,1.19802,3.70072,0.42336,0,0.42336,460.49,0,0.583805,0,0,0.884995,0.30119,1.028160,1,0,17.5076,0,0,0,17.5076,0
26.2205,1.92357,0,0,1.10777,0.120631,0.36288,3.6288,36.1604,1.15237,0,0,0.429613,0.230062,0,0.66528,12.849,1,0.898114,0.36288,0,18.0425,5.69079,11.8165,0.84672,12.849,0.84672,3695.15,0,0,0,0.30119,2.17647,2.32921,1.26643,3.54045,0.42336,0,0.42336,460.49,0,0.541071,0,0,0.842262,0.30119,1.028160,1,0,15.3569,0,0,0,15.3569,0
24.879,1.89383,0,0,1.02093,0.105678,0.36288,3.6288,35.1943,1.16335,0,0,0.428413,0.231237,0,0.66528,12.849,1,0.928047,0.36288,0,17.6817,5.50714,11.6094,0.84672,12.849,0.84672,3695.15,0,0,0,0.30119,2.1766,2.28494,1.269,3.49373,0.42336,0,0.42336,460.49,0,0.53009,0,0,0.83128,0.30119,1.028160,1,0,15.1031,0,0,0,15.1031,0
23.5555,1.84251,0,0,0.968803,0.0869587,0.36288,3.6288,34.2515,1.14902,0,0,0.439681,0.233408,0,0.66528,12.849,1,0.951583,0.36288,0,17.3805,5.26228,11.5295,0.84672,12.849,0.84672,3695.15,0,0,0,0.30119,2.17673,2.0908,1.27243,3.29629,0.42336,0,0.42336,460.49,0,0.544415,0,0,0.845605,0.30119,1.028160,1,0,14.8258,0,0,0,14.8258,0
22.2025,1.80805,0,0,0.90326,0.0853034,0.36288,3.6288,33.2996,1.14318,0,0,0.422467,0.231241,0,0.66528,12.849,1,0.986249,0.36288,0,17.1504,5.26228,11.2647,0.84672,12.849,0.84672,3695.15,0,0,0,0.261274,2.21148,2.13643,1.27243,3.33675,0.42336,0,0.42336,460.49,0,0.550256,0,0,0.811529,0.261274,1.028160,1,0,14.6015,0,0,0,14.6015,0
20.804,1.7701,0,0,0.818234,0.0837428,0.36288,3.6288,32.2908,1.18351,0,0,0.403701,0.228969,0,0.66528,12.849,1,1.02439,0.36288,0,16.8547,5.26228,10.9309,0.84672,12.849,0.84672,3695.15,0,0,0,0.261274,2.21161,2.01829,1.27243,3.21874,0.42336,0,0.42336,460.49,0,0.509933,0,0,0.771206,0.261274,1.028160,1,0,14.1496,0,0,0,14.1496,0
19.379,1.72766,0,0,0.744993,0.0794494,0.36288,3.6288,31.1803,1.25718,0,0,0.381787,0.235053,0,0.66528,12.849,1,1.06704,0.36288,0,14.837,5.40343,8.72945,0.84672,12.849,0.84672,3695.15,0,0,0,0.261274,2.21174,1.9589,1.32396,3.10797,0.42336,0,0.42336,460.49,0,0.43626,0,0,0.697533,0.261274,1.028160,1,0,11.8374,0,0,0,11.8374,0
18.0881,1.72406,0,0,0.854928,0.0589553,0.36288,3.6288,30.2079,1.18534,0,0,0.473235,0.260322,0,0.66528,12.849,1,1.14311,0.36288,0,16.0421,5.84073,9.4211,0.84672,12.849,0.84672,3695.15,0,0,0,0.261274,2.21187,2.03846,1.54006,2.97155,0.42336,0,0.42336,460.49,0,0.508101,0,0,0.769375,0.261274,1.028160,1,0,12.3926,0,0,0,12.3926,0
16.8248,1.67648,0,0,0.833941,0.057889,0.36288,3.6288,29.2697,1.1167,0,0,0.436016,0.257534,0,0.66528,12.849,1,1.1909,0.36288,0,16.0213,5.84073,9.35257,0.84672,12.849,0.84672,3695.15,0,0,0,0.261274,2.2611,2.18436,1.54006,3.16667,0.42336,0,0.42336,460.49,0,0.576737,0,0,0.838011,0.261274,1.028160,1,0,12.5192,0,0,0,12.5192,0
15.5595,1.62589,0,0,0.780373,0.0568456,0.36288,3.6288,28.2996,1.11881,0,0,0.403593,0.254844,0,0.66528,12.849,1,1.24169,0.36288,0,14.4634,5.84073,7.74382,0.84672,12.849,0.84672,3695.15,0,0,0,0.227405,2.26123,1.94951,1.54006,2.89809,0.42336,0,0.42336,460.49,0,0.574629,0,0,0.802034,0.227405,1.028160,1,0,10.6419,0,0,0,10.6419,0
14.2868,1.5707,0,0,0.71642,0.0555848,0.36288,3.6288,27.262,1.18467,0,0,0.399159,0.252063,0,0.66528,12.849,1,1.29708,0.36288,0,13.2214,5.84073,6.44643,0.84672,12.849,0.84672,3695.15,0,0,0,0.227405,2.26136,1.90669,1.54006,2.8554,0.42336,0,0.42336,460.49,0,0.508766,0,0,0.736171,0.227405,1.028160,1,0,9.30183,0,0,0,9.30183,0
13.099,1.62145,0,0,0.838754,0.0422419,0.36288,3.6288,26.2444,1.1655,0,0,0.403618,0.255722,0,0.66528,12.849,1,1.45827,0.36288,0,13.9367,5.8752,6.96607,0.84672,12.849,0.84672,3695.15,0,0,0,0.227405,2.2615,2.37125,1.58019,3.27996,0.42336,0,0.42336,460.49,0,0.527942,0,0,0.755347,0.227405,1.028160,1,0,10.246,0,0,0,10.246,0
11.9936,1.5548,0,0,0.853433,0.0410735,0.36288,3.6288,25.1512,1.25058,0,0,0.408447,0.251064,0,0.66528,12.849,1,1.52514,0.36288,0,16.9571,5.63934,10.1555,0.84672,12.849,0.84672,3695.15,0,0,0,0.227405,2.42964,2.13644,1.55799,3.23549,0.42336,0,0.42336,460.49,0,0.44286,0,0,0.670265,0.227405,1.028160,1,0,13.391,0,0,0,13.391,0
10.8057,1.48705,0,0,0.702112,0.0400769,0.36288,3.6288,23.761,1.43977,0,0,0.297469,0.247946,0,0.66528,12.849,1,1.59311,0.36288,0,15.5355,5.63934,8.66593,0.84672,12.849,0.84672,3695.15,0,0,0,0.204422,2.42978,1.74983,1.55799,2.82605,0.42336,0,0.42336,460.49,0,0.253672,0,0,0.458095,0.204422,1.028160,1,0,11.492,0,0,0,11.492,0
9.73351,1.54529,0,0,0.874956,0.0390059,0.36288,3.6288,23.0397,0.992593,0,0,0.515301,0.243982,0,0.66528,12.849,1,1.83749,0.36288,0,15.1434,5.63934,8.02947,0.84672,12.849,0.84672,3695.15,0,0,0,0.204422,2.42993,2.72915,1.55799,3.80551,0.42336,0,0.42336,460.49,0,0.700847,0,0,0.90527,0.204422,1.028160,1,0,11.835,0,0,0,11.835,0
8.59817,1.45814,0,0,0.728542,0.0428656,0.36288,3.6288,21.7861,1.36922,0,0,0.325388,0.20983,0,0.66528,12.849,1,1.92485,0.36288,0,10.5772,4.48976,4.52544,0.84672,12.849,0.84672,3695.15,0,0,0,0.204422,2.25311,2.38559,1.13385,3.70927,0.42336,0,0.42336,460.49,0,0.324217,0,0,0.528639,0.204422,1.028160,1,0,8.23471,0,0,0,8.23471,0
7.55696,1.31494,0,0,0.679899,0.0432869,0.36288,3.6288,20.5582,1.36947,0,0,0.352741,0.211149,0,0.66528,11.3092,1,1.96504,0.36288,0,8.1184,4.85058,3.20544,0.84672,11.3092,0.84672,3695.15,0,0,0,0.204422,2.25325,2.02983,1.3327,3.15481,0.42336,0,0.42336,460.49,0,0.323965,0,0,0.528388,0.204422,1.028160,1,0,6.36025,0,0,0,6.36025,0
6.43802,1.3139,0,0,0.599791,0.041947,0.36288,3.6288,18.959,1.59003,0,0,0.198593,0.207696,0,0.66528,10.0592,1,1.96629,0.36288,0,8.4094,4.85058,3.20544,0.84672,10.0592,0.84672,3695.15,0,0,0,0.216518,2.15613,1.5222,1.3327,2.56215,0.42336,0,0.42336,460.49,0,0.103413,0,0,0.319931,0.216518,1.028160,1,0,5.76759,0,0,0,5.76759,0
5.26342,1.28017,0,0,0.508952,0.0405071,0.36288,3.6288,17.3178,1.6191,0,0,0.181027,0.203198,0,0.66528,8.13638,1,2.00023,0.36288,0,7.77056,4.85058,3.20544,0.84672,8.13638,0.84672,3695.15,0,0,0,0.216518,2.15627,1.44845,1.3327,2.48855,0.42336,0,0.42336,460.49,0,0.0743437,0,0,0.290862,0.216518,1.028160,1,0,5.69399,0,0,0,5.69399,0
4.61059,1.28862,0,0,1.08517,0.0864912,0.36288,3.6288,15.9901,1.5195,0,0,0.33116,0.139319,0,0.66528,12.849,1,1.99199,0.36288,0,17.1052,3.6048,7.15868,0.84672,12.849,0.84672,3695.15,0,0,0,0.216518,2.15641,3.2093,0.943309,4.63892,0.42336,0,0.42336,460.49,0,0.173941,0,0,0.39046,0.216518,1.028160,1,0,11.7976,0,0,0,11.7976,0
4.66802,0.843993,0,0,1.33395,0.0696505,0.36288,3.6288,14.8743,1.32828,0,0,0.346324,0.133913,0,0.66528,12.849,1,2.35208,0.36288,0,23.381,4.2135,17.1783,0.84672,12.849,0.84672,3695.15,0,0,0,0.216518,2.15655,3.6109,1.09821,4.88575,0.42336,0,0.42336,460.49,0,0.365164,0,0,0.581683,0.216518,1.028160,1,0,22.064,0,0,0,22.064,0
4.50632,0.851758,0,0,1.13667,0.0837271,0.36288,3.6288,13.4868,1.47092,0,0,0.213303,0.129821,0,0.66528,12.849,1,2.34452,0.36288,0,17.8642,4.39499,11.4876,0.84672,12.849,0.84672,3695.15,0,0,0,0.216518,2.06986,2.81125,1.19272,3.90491,0.42336,0,0.42336,460.49,0,0.222524,0,0,0.439042,0.216518,1.028160,1,0,15.3925,0,0,0,15.3925,0
4.72974,0.829968,0,0,1.49953,0.0832646,0.36288,3.6288,12.9784,0.86671,0,0,0.485381,0.127069,0,0.66528,12.849,1,2.36651,0.36288,0,23.901,4.39499,17.5024,0.84672,12.849,0.84672,3695.15,0,0,0,0.292723,2.07,4.99699,1.19272,6.16699,0.42336,0,0.42336,460.49,0,0.82673,0,0,1.11945,0.292723,1.028160,1,0,23.6694,0,0,0,23.6694,0
7.48076,0.860101,0,0,4.0579,0.0839011,0.36288,3.6288,13.3153,0.66528,0,0,1.12819,0.126061,0,0.66528,12.849,1,2.33658,0.36288,0,71.3857,4.39499,65.017,0.84672,12.849,0.84672,3695.15,0,0,0,0.99436,2.07013,8.70928,1.19272,10.5811,0.42336,0,0.42336,460.49,0,1.02816,0,0,2.02252,0.99436,1.028160,1,0,75.598,0,0,0,75.598,0
9.00104,1.08777,0,0,3.0864,0.115463,0.36288,3.6288,12.4734,1.21539,0,0,0.479492,0.105996,0,0.66528,12.849,1,1.86836,0.36288,0,53.5582,3.72746,48.3253,0.84672,12.849,0.84672,3695.15,0,0,0,0.292723,2.07026,5.73219,0.997308,7.09787,0.42336,0,0.42336,460.49,0,0.478054,0,0,0.770777,0.292723,1.028160,1,0,55.4232,0,0,0,55.4232,0
11.6194,1.21784,0,0,4.32057,0.121511,0.36288,3.6288,12.3192,0.711659,0,0,0.66331,0.105837,0,0.66528,12.849,1,1.73847,0.36288,0,79.7446,3.6077,74.7613,0.84672,12.849,0.84672,3695.15,0,0,0,0.292723,1.87749,7.79406,0.958645,9.00562,0.42336,0,0.42336,460.49,0,0.981781,0,0,1.2745,0.292723,1.028160,1,0,83.7669,0,0,0,83.7669,0
14.2371,1.40397,0,0,4.51431,0.129796,0.36288,3.6288,11.9353,0.944801,0,0,0.666533,0.105587,0,0.66528,12.849,1,1.55254,0.36288,0,93.6196,3.6077,88.8222,0.84672,12.849,0.84672,3695.15,0,0,0,0.412474,1.87761,10.0458,0.958645,11.3772,0.42336,0,0.42336,460.49,0,0.748639,0,0,1.16111,0.412474,1.028160,1,0,100.199,0,0,0,100.199,0
14.9593,1.55411,0,0,2.79313,0.153923,0.36288,3.6288,11.1837,1.18448,0,0,0.538218,0.105373,0,0.66528,12.849,1,1.40259,0.36288,0,63.0116,4.03332,57.9386,0.84672,12.849,0.84672,3695.15,0,0,0,0.412474,1.87773,5.1431,0.958311,6.47499,0.42336,0,0.42336,460.49,0,0.508956,0,0,0.92143,0.412474,1.028160,1,0,64.4136,0,0,0,64.4136,0
15.6014,1.59064,0,0,2.75392,0.158311,0.36288,3.6288,10.7398,1.04763,0,0,0.736414,0.132653,0,0.66528,12.849,1,1.36625,0.36288,0,70.1813,4.761,64.4169,0.84672,12.849,0.84672,3695.15,0,0,0,0.412474,1.87785,5.91158,1.23675,6.96515,0.42336,0,0.42336,460.49,0,0.645814,0,0,1.05829,0.412474,1.028160,1,0,71.382,0,0,0,71.382,0
22.9372,1.67237,0,0,9.51464,0.143544,0.36288,3.6288,12.4589,0.66528,0,0,2.5198,0.135462,0,0.66528,12.849,1,1.37733,0.36288,0,229.928,4.48623,224.427,0.84672,12.849,0.84672,3695.15,0,0,0,3.2277,1.87797,21.3543,1.24521,25.2147,0.42336,0,0.42336,460.49,0,1.02816,0,0,4.25586,3.2277,1.028160,1,0,249.642,0,0,0,249.642,0
29.4579,1.95483,0,0,8.99804,0.159698,0.36288,3.6288,13.8232,0.66528,0,0,2.16869,0.139094,0,0.66528,12.849,1,1.09506,0.36288,0,216.06,4.48623,210.841,0.84672,12.849,0.84672,3695.15,0,0,0,2.64291,1.93825,17.9978,1.24521,21.3338,0.42336,0,0.42336,460.49,0,1.02816,0,0,3.67107,2.64291,1.028160,1,0,232.175,0,0,0,232.175,0
34.7449,2.12373,0,0,7.94863,0.175019,0.36288,3.6288,14.8994,0.66528,0,0,1.88358,0.142104,0,0.66528,12.849,1,0.926333,0.36288,0,188.498,4.48623,183.448,0.84672,12.849,0.84672,3695.15,0,0,0,2.86216,1.93837,18.6786,1.24521,22.234,0.42336,0,0.42336,460.49,0,1.02816,0,0,3.89032,2.86216,1.028160,1,0,205.682,0,0,0,205.682,0
39.8085,2.22676,0,0,7.82431,0.171044,0.36288,3.6288,16.8857,0.66528,0,0,2.77503,0.123447,0,0.66528,12.849,1,0.823478,0.36288,0,206.19,3.64608,202.083,0.84672,12.849,0.84672,3695.15,0,0,0,2.50034,1.93848,15.4317,1.00671,18.8638,0.42336,0,0.42336,460.49,0,1.02816,0,0,3.5285,2.50034,1.028160,1,0,220.947,0,0,0,220.947,0
44.5518,2.53101,0,0,7.83683,0.199568,0.36288,3.6288,17.9021,0.66528,0,0,1.81473,0.133088,0,0.66528,12.849,1,0.816935,0.36288,0,178.065,4.20867,173.402,0.84672,12.849,0.84672,3695.15,0,0,0,2.45468,1.93859,16.8477,1.08369,20.1572,0.42336,0,0.42336,460.49,0,1.02816,0,0,3.48284,2.45468,1.028160,1,0,193.56,0,0,0,193.56,0
48.0937,2.59867,0,0,6.72481,0.221414,0.36288,3.6288,18.967,0.66528,0,0,1.87112,0.140955,0,0.66528,12.849,1,0.749471,0.36288,0,126.893,4.56813,121.938,0.84672,12.849,0.84672,3695.15,0,0,0,2.04887,2.1552,13.7195,1.15264,16.7709,0.42336,0,0.42336,460.49,0,1.02816,0,0,3.07703,2.04887,1.028160,1,0,138.709,0,0,0,138.709,0
50.9349,2.64238,0,0,6.07677,0.230306,0.36288,3.6288,20.0124,0.66528,0,0,1.85379,0.143063,0,0.66528,12.849,1,0.705954,0.36288,0,136.28,4.56813,131.368,0.84672,12.849,0.84672,3695.15,0,0,0,1.88881,2.15532,13.833,1.15264,16.7245,0.42336,0,0.42336,460.49,0,1.02816,0,0,2.91697,1.88881,1.028160,1,0,148.093,0,0,0,148.093,0
54.5647,2.67398,0,0,6.8949,0.228279,0.36288,3.6288,20.9962,0.66528,0,0,1.79766,0.148597,0,0.66528,12.849,1,0.674547,0.36288,0,120.15,4.38237,115.456,0.84672,12.849,0.84672,3695.15,0,0,0,1.86701,2.15545,12.3104,1.05119,15.2816,0.42336,0,0.42336,460.49,0,1.02816,0,0,2.89517,1.86701,1.028160,1,0,130.737,0,0,0,130.737,0
57.0304,2.36689,0,0,5.44904,0.25354,0.36288,3.6288,21.659,0.66528,0,0,1.46714,0.139012,0,0.66528,12.849,1,0.55736,0.36288,0,118.599,3.78439,114.62,0.84672,12.849,0.84672,3695.15,0,0,0,0.993764,2.15557,9.64936,0.79432,12.0044,0.42336,0,0.42336,460.49,0,1.02816,0,0,2.02192,0.993764,1.028160,1,0,126.624,0,0,0,126.624,0
58.6004,2.3867,0,0,4.59598,0.276352,0.36288,3.6288,22.0883,0.66528,0,0,1.22656,0.132038,0,0.66528,12.849,1,0.537725,0.36288,0,82.7453,3.73096,78.8395,0.84672,12.849,0.84672,3695.15,0,0,0,0.748284,1.86039,5.42266,0.793016,7.23832,0.42336,0,0.42336,460.49,0,1.02816,0,0,1.77644,0.748284,1.028160,1,0,86.0778,0,0,0,86.0778,0
62.3842,2.39865,0,0,6.80317,0.257883,0.36288,3.6288,23.3323,0.66528,0,0,2.03564,0.126307,0,0.66528,12.849,1,0.525939,0.36288,0,139.185,3.54942,135.473,0.84672,12.849,0.84672,3695.15,0,0,0,1.96462,1.8605,12.1598,0.774097,15.2108,0.42336,0,0.42336,460.49,0,1.02816,0,0,2.99278,1.96462,1.028160,1,0,150.684,0,0,0,150.684,0
65.4756,2.42524,0,0,6.19371,0.314175,0.36288,3.6288,24.588,0.66528,0,0,2.08612,0.165186,0,0.66528,12.849,1,0.499517,0.36288,0,108.48,4.02966,104.314,0.84672,12.849,0.84672,3695.15,0,0,0,1.365,1.86061,9.17015,0.886046,11.5097,0.42336,0,0.42336,460.49,0,1.02816,0,0,2.39316,1.365,1.028160,1,0,115.824,0,0,0,115.824,0
68.6111,2.4451,0,0,6.23053,0.287056,0.36288,3.6288,25.3832,0.66528,0,0,1.60625,0.145801,0,0.66528,12.849,1,0.479829,0.36288,0,169.275,3.68457,165.473,0.84672,12.849,0.84672,3695.15,0,0,0,1.13156,1.86072,9.83483,0.814464,12.0126,0.42336,0,0.42336,460.49,0,1.02816,0,0,2.15972,1.13156,1.028160,1,0,177.486,0,0,0,177.486,0
69.582,2.55373,0,0,4.20194,0.31446,0.36288,3.6288,25.459,0.891164,0,0,1.10261,0.135594,0,0.66528,12.849,1,0.478245,0.36288,0,96.1995,3.6938,92.3903,0.84672,12.849,0.84672,3695.15,0,0,0,0.558835,1.86083,7.26393,0.760765,8.92283,0.42336,0,0.42336,460.49,0,0.802276,0,0,1.36111,0.558835,1.028160,1,0,101.313,0,0,0,101.313,0
70.2659,2.55952,0,0,3.92315,0.316843,0.36288,3.6288,25.6591,0.8769,0,0,1.21269,0.135712,0,0.66528,12.849,1,0.47264,0.36288,0,72.3099,3.6938,68.5063,0.84672,12.849,0.84672,3695.15,0,0,0,0.528595,1.93376,6.45484,0.760765,8.15643,0.42336,0,0.42336,460.49,0,0.81654,0,0,1.34514,0.528595,1.028160,1,0,76.6628,0,0,0,76.6628,0
70.6742,2.56355,0,0,3.65113,0.316381,0.36288,3.6288,26.4214,0.66528,0,0,1.55958,0.131948,0,0.66528,12.849,1,0.468778,0.36288,0,67.1786,3.47703,63.5957,0.84672,12.849,0.84672,3695.15,0,0,0,0.629467,1.93387,9.70747,0.717712,11.5531,0.42336,0,0.42336,460.49,0,1.02816,0,0,1.65763,0.629467,1.028160,1,0,75.1488,0,0,0,75.1488,0
70.5258,2.56599,0,0,3.0739,0.293433,0.36288,3.6288,26.2948,1.06396,0,0,1.07994,0.14268,0,0.66528,12.849,1,0.466513,0.36288,0,58.8634,3.69264,55.0671,0.84672,12.849,0.84672,3695.15,0,0,0,0.528595,1.93399,5.70462,0.756254,7.41095,0.42336,0,0.42336,460.49,0,0.629484,0,0,1.15808,0.528595,1.028160,1,0,62.478,0,0,0,62.478,0
70.8425,2.52996,0,0,3.47955,0.270011,0.36288,3.6288,26.6191,0.66528,0,0,1.13648,0.146881,0,0.66528,12.849,1,0.46093,0.36288,0,67.8145,3.8094,63.907,0.84672,12.849,0.84672,3695.15,0,0,0,0.723989,1.9341,7.45511,0.899224,9.21397,0.42336,0,0.42336,460.49,0,1.02816,0,0,1.75215,0.723989,1.028160,1,0,73.121,0,0,0,73.121,0
70.5018,2.53185,0,0,2.82475,0.270668,0.36288,3.6288,26.8133,0.66528,0,0,1.00693,0.147422,0,0.66528,12.849,1,0.459212,0.36288,0,57.7404,3.8094,53.8347,0.84672,12.849,0.84672,3695.15,0,0,0,0.571648,1.90587,6.40876,0.899224,7.98705,0.42336,0,0.42336,460.49,0,1.02816,0,0,1.59981,0.571648,1.028160,1,0,61.8218,0,0,0,61.8218,0
69.8584,2.53012,0,0,2.51957,0.269961,0.36288,3.6288,26.6152,0.905342,0,0,0.854971,0.147746,0,0.66528,12.849,1,0.461116,0.36288,0,55.0711,3.8094,51.1635,0.84672,12.849,0.84672,3695.15,0,0,0,0.402797,1.90598,6.02601,0.899224,7.43556,0.42336,0,0.42336,460.49,0,0.788098,0,0,1.19089,0.402797,1.028160,1,0,58.599,0,0,0,58.599,0
69.7817,2.52668,0,0,3.0686,0.255746,0.36288,3.6288,26.5055,0.923374,0,0,0.965598,0.151858,0,0.66528,12.849,1,0.46473,0.36288,0,61.9917,3.88821,58.0017,0.84672,12.849,0.84672,3695.15,0,0,0,0.402797,1.90609,6.95023,0.916333,8.34278,0.42336,0,0.42336,460.49,0,0.770066,0,0,1.17286,0.402797,1.028160,1,0,66.3445,0,0,0,66.3445,0
69.0907,2.64624,0,0,2.51226,0.194229,0.36288,3.6288,26.5561,0.66528,0,0,0.880892,0.165109,0,0.66528,12.849,1,0.487255,0.36288,0,47.5359,4.19769,43.2138,0.84672,12.849,0.84672,3695.15,0,0,0,0.409614,1.9062,5.63322,0.917917,7.03112,0.42336,0,0.42336,460.49,0,1.02816,0,0,1.43777,0.409614,1.028160,1,0,50.2449,0,0,0,50.2449,0
68.2439,2.64228,0,0,2.36342,0.205023,0.36288,3.6288,26.3832,0.852284,0,0,0.83471,0.155309,0,0.66528,12.849,1,0.491393,0.36288,0,37.8204,4.07516,33.6167,0.84672,12.849,0.84672,3695.15,0,0,0,0.402797,2.00566,4.7979,0.842112,6.36425,0.42336,0,0.42336,460.49,0,0.841156,0,0,1.24395,0.402797,1.028160,1,0,39.981,0,0,0,39.981,0
67.0817,2.6373,0,0,2.04166,0.203673,0.36288,3.6288,26.0934,0.861866,0,0,0.727073,0.155005,0,0.66528,12.849,1,0.496553,0.36288,0,34.1146,4.07516,29.9058,0.84672,12.849,0.84672,3695.15,0,0,0,0.30119,2.00578,4.37257,0.842112,5.83743,0.42336,0,0.42336,460.49,0,0.831574,0,0,1.13276,0.30119,1.028160,1,0,35.7432,0,0,0,35.7432,0
65.6992,2.63024,0,0,1.81241,0.20182,0.36288,3.6288,25.6237,0.940533,0,0,0.625353,0.154495,0,0.66528,12.849,1,0.503802,0.36288,0,32.2828,4.07516,28.0668,0.84672,12.849,0.84672,3695.15,0,0,0,0.30119,2.00589,4.32382,0.842112,5.78879,0.42336,0,0.42336,460.49,0,0.752907,0,0,1.0541,0.30119,1.028160,1,0,33.8556,0,0,0,33.8556,0
64.2564,2.62152,0,0,1.72464,0.182982,0.36288,3.6288,25.4798,0.72735,0,0,0.731739,0.148301,0,0.66528,12.849,1,0.5127,0.36288,0,32.5036,4.12349,28.2303,0.84672,12.849,0.84672,3695.15,0,0,0,0.30119,2.00601,4.48342,0.866658,5.92396,0.42336,0,0.42336,460.49,0,0.96609,0,0,1.26728,0.30119,1.028160,1,0,34.1542,0,0,0,34.1542,0
62.9252,2.58869,0,0,1.76011,0.139768,0.36288,3.6288,25.633,0.66528,0,0,0.953165,0.134658,0,0.66528,12.849,1,0.517645,0.36288,0,38.232,4.24431,33.8329,0.84672,12.849,0.84672,3695.15,0,0,0,0.62316,2.00613,4.92947,0.928024,6.63074,0.42336,0,0.42336,460.49,0,1.02816,0,0,1.65132,0.62316,1.028160,1,0,40.4637,0,0,0,40.4637,0
61.4419,2.57974,0,0,1.59756,0.138265,0.36288,3.6288,25.7271,0.66528,0,0,0.894231,0.134895,0,0.66528,12.849,1,0.52677,0.36288,0,34.068,4.24431,29.6598,0.84672,12.849,0.84672,3695.15,0,0,0,0.436942,2.04098,4.76861,0.928024,6.31851,0.42336,0,0.42336,460.49,0,1.02816,0,0,1.4651,0.436942,1.028160,1,0,35.9783,0,0,0,35.9783,0
59.9193,2.56937,0,0,1.51566,0.10601,0.36288,3.6288,25.7098,0.66528,0,0,0.838806,0.190782,0,0.66528,12.849,1,0.537319,0.36288,0,30.6438,5.23236,25.237,0.84672,12.849,0.84672,3695.15,0,0,0,0.442662,2.0411,4.51926,1.28868,5.71434,0.42336,0,0.42336,460.49,0,1.02816,0,0,1.47082,0.442662,1.028160,1,0,30.9514,0,0,0,30.9514,0
58.4867,2.30928,0,0,1.34421,0.104627,0.36288,3.6288,25.6421,0.66528,0,0,0.788314,0.190744,0,0.66528,12.849,1,0.495198,0.36288,0,28.7454,5.23236,23.3807,0.84672,12.849,0.84672,3695.15,0,0,0,0.423127,2.04122,4.34796,1.28868,5.52362,0.42336,0,0.42336,460.49,0,1.02816,0,0,1.45129,0.423127,1.028160,1,0,28.9043,0,0,0,28.9043,0
56.9646,2.35893,0,0,1.30254,0.102809,0.36288,3.6288,25.5189,0.752561,0,0,0.833544,0.204205,0,0.66528,12.849,1,0.518236,0.36288,0,29.9836,5.67525,24.153,0.84672,12.849,0.84672,3695.15,0,0,0,0.261274,2.2183,3.60635,1.46041,4.62552,0.42336,0,0.42336,460.49,0,0.940879,0,0,1.20215,0.261274,1.028160,1,0,28.7785,0,0,0,28.7785,0
55.4058,2.34778,0,0,1.25309,0.101228,0.36288,3.6288,25.368,0.699788,0,0,0.755093,0.206182,0,0.66528,12.849,1,0.529568,0.36288,0,29.4967,5.74906,23.5809,0.84672,12.849,0.84672,3695.15,0,0,0,0.261274,2.26766,3.7144,1.48903,4.7543,0.42336,0,0.42336,460.49,0,0.993652,0,0,1.25493,0.261274,1.028160,1,0,28.3352,0,0,0,28.3352,0
53.78,2.33584,0,0,1.17259,0.0996734,0.36288,3.6288,25.1413,0.719772,0,0,0.698933,0.205826,0,0.66528,12.849,1,0.541698,0.36288,0,26.628,5.74906,20.7002,0.84672,12.849,0.84672,3695.15,0,0,0,0.227405,2.26779,3.31506,1.48903,4.32122,0.42336,0,0.42336,460.49,0,0.973668,0,0,1.20107,0.227405,1.028160,1,0,25.0214,0,0,0,25.0214,0
52.0728,2.32277,0,0,1.0765,0.0980524,0.36288,3.6288,24.8089,0.818433,0,0,0.691269,0.20529,0,0.66528,12.849,1,0.554951,0.36288,0,24.3413,5.74906,18.4002,0.84672,12.849,0.84672,3695.15,0,0,0,0.227405,2.26791,3.24225,1.48903,4.24853,0.42336,0,0.42336,460.49,0,0.875007,0,0,1.10241,0.227405,1.028160,1,0,22.6487,0,0,0,22.6487,0
50.227,2.47869,0,0,1.07981,0.0840677,0.36288,3.6288,24.708,0.66528,0,0,0.772131,0.207776,0,0.66528,12.849,1,0.611618,0.36288,0,22.2522,5.87327,16.1302,0.84672,12.849,0.84672,3695.15,0,0,0,0.42781,2.26803,4.95008,1.51001,6.13591,0.42336,0,0.42336,460.49,0,1.02816,0,0,1.45597,0.42781,1.028160,1,0,22.2661,0,0,0,22.2661,0
48.1069,2.46095,0,0,0.784434,0.0807115,0.36288,3.6288,24.4577,0.66528,0,0,0.629934,0.214904,0,0.66528,12.849,1,0.629556,0.36288,0,17.0192,5.78655,10.9659,0.84672,12.849,0.84672,3695.15,0,0,0,0.303454,2.43668,4.68765,1.47751,5.95027,0.42336,0,0.42336,460.49,0,1.02816,0,0,1.33161,0.303454,1.028160,1,0,16.9162,0,0,0,16.9162,0
46.1269,2.67786,0,0,1.13966,0.0788947,0.36288,3.6288,24.302,0.66528,0,0,0.723816,0.214283,0,0.66528,12.849,1,0.715238,0.36288,0,19.3838,5.78655,13.2448,0.84672,12.849,0.84672,3695.15,0,0,0,0.540147,2.43682,5.19731,1.47751,6.69676,0.42336,0,0.42336,460.49,0,1.02816,0,0,1.56831,0.540147,1.028160,1,0,19.9416,0,0,0,19.9416,0
44.6513,2.654,0,0,1.64262,0.101326,0.36288,3.6288,24.3876,0.66528,0,0,0.958081,0.207199,0,0.66528,12.849,1,0.739293,0.36288,0,31.6253,5.65514,25.5938,0.84672,12.849,0.84672,3695.15,0,0,0,0.671881,2.25998,5.78613,1.451,7.267,0.42336,0,0.42336,460.49,0,1.02816,0,0,1.70004,0.671881,1.028160,1,0,32.8608,0,0,0,32.8608,0
42.7324,2.63519,0,0,1.1745,0.0953188,0.36288,3.6288,24.3027,0.66528,0,0,0.783104,0.202666,0,0.66528,12.849,1,0.758309,0.36288,0,33.7897,5.77984,27.6144,0.84672,12.849,0.84672,3695.15,0,0,0,0.489102,2.26011,4.10244,1.43743,5.41423,0.42336,0,0.42336,460.49,0,1.02816,0,0,1.51726,0.489102,1.028160,1,0,33.0286,0,0,0,33.0286,0
41.1919,2.52955,0,0,1.47555,0.123609,0.36288,3.6288,24.2039,0.66528,0,0,0.760579,0.194077,0,0.66528,12.849,1,0.760597,0.36288,0,21.6651,5.38241,15.885,0.84672,12.849,0.84672,3695.15,0,0,0,0.465584,2.26025,3.92515,1.37152,5.27946,0.42336,0,0.42336,460.49,0,1.02816,0,0,1.49374,0.465584,1.028160,1,0,21.1645,0,0,0,21.1645,0
39.5117,2.50801,0,0,1.31204,0.121405,0.36288,3.6288,24.4572,0.66528,0,0,1.11236,0.193854,0,0.66528,12.849,1,0.782324,0.36288,0,18.3791,5.38241,12.5772,0.84672,12.849,0.84672,3695.15,0,0,0,1.43442,2.16282,4.51124,1.37152,6.73695,0.42336,0,0.42336,460.49,0,1.02816,0,0,2.46258,1.43442,1.028160,1,0,19.3142,0,0,0,19.3142,0
37.7042,2.48305,0,0,1.15744,0.119019,0.36288,3.6288,24.2237,0.66528,0,0,0.626251,0.194425,0,0.66528,12.849,1,0.807476,0.36288,0,19.038,5.38241,13.211,0.84672,12.849,0.84672,3695.15,0,0,0,0.46294,2.16294,3.38307,1.37152,4.63743,0.42336,0,0.42336,460.49,0,1.02816,0,0,1.4911,0.46294,1.028160,1,0,17.8484,0,0,0,17.8484,0
35.7526,2.45432,0,0,0.982152,0.116544,0.36288,3.6288,23.9354,0.66528,0,0,0.570868,0.193898,0,0.66528,12.849,1,0.836396,0.36288,0,17.5916,5.38241,11.7356,0.84672,12.849,0.84672,3695.15,0,0,0,0.327447,2.16307,3.21915,1.37152,4.33814,0.42336,0,0.42336,460.49,0,1.02816,0,0,1.35561,0.327447,1.028160,1,0,16.0738,0,0,0,16.0738,0
35.7441,2.35834,0,0,2.87464,0.161894,0.36288,3.6288,23.9023,0.66528,0,0,0.793061,0.160929,0,0.66528,12.849,1,0.847557,0.36288,0,36.0742,4.75935,30.8302,0.84672,12.849,0.84672,3695.15,0,0,0,0.814406,2.16319,4.15301,1.2189,5.9117,0.42336,0,0.42336,460.49,0,1.02816,0,0,1.84257,0.814406,1.028160,1,0,36.7419,0,0,0,36.7419,0
34.2649,2.35833,0,0,1.40398,0.161945,0.36288,3.6288,23.587,0.66528,0,0,0.513078,0.163032,0,0.66528,12.849,1,0.847754,0.36288,0,20.5263,4.80081,15.2406,0.84672,12.849,0.84672,3695.15,0,0,0,0.254085,2.07623,2.63454,1.24871,3.71614,0.42336,0,0.42336,460.49,0,1.02816,0,0,1.28225,0.254085,1.028160,1,0,18.9568,0,0,0,18.9568,0
32.8896,2.33185,0,0,1.47847,0.159065,0.36288,3.6288,23.3055,0.66528,0,0,0.546162,0.162432,0,0.66528,12.849,1,0.874421,0.36288,0,21.8354,4.80081,16.523,0.84672,12.849,0.84672,3695.15,0,0,0,0.343604,2.07635,4.73317,1.24871,5.90441,0.42336,0,0.42336,460.49,0,1.02816,0,0,1.37176,0.343604,1.028160,1,0,22.4274,0,0,0,22.4274,0
32.1382,2.30569,0,0,2.09005,0.172842,0.36288,3.6288,23.1752,0.66528,0,0,0.691819,0.156767,0,0.66528,12.849,1,0.900766,0.36288,0,34.7217,4.58634,29.5975,0.84672,12.849,0.84672,3695.15,0,0,0,0.671198,2.07647,4.36118,1.21756,5.89128,0.42336,0,0.42336,460.49,0,1.02816,0,0,1.69936,0.671198,1.028160,1,0,35.4888,0,0,0,35.4888,0
33.2647,2.11826,0,0,3.80092,0.193306,0.36288,3.6288,23.6581,0.66528,0,0,1.29791,0.149761,0,0.66528,12.849,1,0.846889,0.36288,0,43.4583,4.26375,38.7106,0.84672,12.849,0.84672,3695.15,0,0,0,1.12723,2.07659,8.76551,1.11172,10.8576,0.42336,0,0.42336,460.49,0,1.02816,0,0,2.15539,1.12723,1.028160,1,0,49.5682,0,0,0,49.5682,0
33.4062,2.13907,0,0,2.84,0.196511,0.36288,3.6288,23.9942,0.66528,0,0,1.15203,0.150696,0,0.66528,12.849,1,0.826249,0.36288,0,52.4669,4.21491,47.7886,0.84672,12.849,0.84672,3695.15,0,0,0,1.22805,1.88322,8.75647,1.02597,10.8418,0.42336,0,0.42336,460.49,0,1.02816,0,0,2.25621,1.22805,1.028160,1,0,58.6304,0,0,0,58.6304,0
33.7247,2.14172,0,0,3.01994,0.196856,0.36288,3.6288,24.2732,0.66528,0,0,1.09557,0.151289,0,0.66528,12.849,1,0.823769,0.36288,0,55.4507,4.21491,50.7749,0.84672,12.849,0.84672,3695.15,0,0,0,1.02031,1.88333,6.67843,1.02597,8.5561,0.42336,0,0.42336,460.49,0,1.02816,0,0,2.04847,1.02031,1.028160,1,0,59.331,0,0,0,59.331,0
33.347,2.14748,0,0,2.3306,0.19795,0.36288,3.6288,24.4341,0.66528,0,0,0.984692,0.158499,0,0.66528,12.849,1,0.818183,0.36288,0,47.3036,4.20767,42.6406,0.84672,12.849,0.84672,3695.15,0,0,0,0.812195,1.88344,5.71232,1.02034,7.38761,0.42336,0,0.42336,460.49,0,1.02816,0,0,1.84035,0.812195,1.028160,1,0,50.0282,0,0,0,50.0282,0
34.337,2.14092,0,0,3.68315,0.189382,0.36288,3.6288,24.8416,0.66528,0,0,1.24127,0.168476,0,0.66528,12.849,1,0.824921,0.36288,0,50.2966,3.41869,46.4158,0.84672,12.849,0.84672,3695.15,0,0,0,1.56787,1.88355,8.49459,0.784022,11.162,0.42336,0,0.42336,460.49,0,1.02816,0,0,2.59603,1.56787,1.028160,1,0,57.5778,0,0,0,57.5778,0
41.7536,2.22596,0,0,10.1995,0.194056,0.36288,3.6288,27.0233,0.66528,0,0,2.97843,0.131445,0,0.66528,12.849,1,0.832961,0.36288,0,177.387,3.50248,173.414,0.84672,12.849,0.84672,3695.15,0,0,0,3.41754,1.88366,20.9587,1.09039,25.1695,0.42336,0,0.42336,460.49,0,1.02816,0,0,4.4457,3.41754,1.028160,1,0,198.584,0,0,0,198.584,0
44.0458,2.33922,0,0,5.20612,0.211866,0.36288,3.6288,28.0755,0.66528,0,0,1.85222,0.134755,0,0.66528,12.849,1,0.719858,0.36288,0,137.861,3.50248,134.001,0.84672,12.849,0.84672,3695.15,0,0,0,2.07066,1.94411,12.3864,1.09039,15.3108,0.42336,0,0.42336,460.49,0,1.02816,0,0,3.09882,2.07066,1.028160,1,0,149.312,0,0,0,149.312,0
46.0417,2.36835,0,0,4.94473,0.217553,0.36288,3.6288,30.722,0.66528,0,0,3.44817,0.136357,0,0.66528,12.849,1,0.690893,0.36288,0,117.816,3.50248,113.985,0.84672,12.849,0.84672,3695.15,0,0,0,4.67556,1.94421,17.1329,1.09039,22.6623,0.42336,0,0.42336,460.49,0,1.02816,0,0,5.70372,4.67556,1.028160,1,0,136.648,0,0,0,136.648,0
47.7848,2.39189,0,0,4.71405,0.216213,0.36288,3.6288,32.2433,0.66528,0,0,2.33199,0.145428,0,0.66528,12.849,1,0.667512,0.36288,0,95.5558,3.87607,91.3751,0.84672,12.849,0.84672,3695.15,0,0,0,2.90021,1.94432,14.6156,1.00071,18.4594,0.42336,0,0.42336,460.49,0,1.02816,0,0,3.92837,2.90021,1.028160,1,0,109.835,0,0,0,109.835,0
51.2129,2.64639,0,0,6.68805,0.250634,0.36288,3.6288,34.9191,0.66528,0,0,3.48936,0.148283,0,0.66528,12.849,1,0.711596,0.36288,0,182.421,3.89157,178.18,0.84672,12.849,0.84672,3695.15,0,0,0,4.2552,1.94442,21.7384,1.05772,26.8803,0.42336,0,0.42336,460.49,0,1.02816,0,0,5.28336,4.2552,1.028160,1,0,205.061,0,0,0,205.061,0
53.5153,2.44286,0,0,5.37233,0.264191,0.36288,3.6288,36.8268,0.66528,0,0,2.72377,0.150765,0,0.66528,12.849,1,0.612899,0.36288,0,137.798,3.86138,133.686,0.84672,12.849,0.84672,3695.15,0,0,0,3.0899,2.16166,17.5344,1.0795,21.7065,0.42336,0,0.42336,460.49,0,1.02816,0,0,4.11806,3.0899,1.028160,1,0,155.393,0,0,0,155.393,0
56.6285,2.46427,0,0,6.21086,0.270542,0.36288,3.6288,38.3773,0.66528,0,0,2.36937,0.153605,0,0.66528,12.849,1,0.591669,0.36288,0,110.728,3.86138,106.637,0.84672,12.849,0.84672,3695.15,0,0,0,2.51285,2.33874,13.0308,1.0795,16.8029,0.42336,0,0.42336,460.49,0,1.02816,0,0,3.54101,2.51285,1.028160,1,0,123.44,0,0,0,123.44,0
57.5569,2.49092,0,0,4.07111,0.288912,0.36288,3.6288,39.7062,0.66528,0,0,2.12826,0.13406,0,0.66528,12.849,1,0.56519,0.36288,0,124.738,3.51176,121.024,0.84672,12.849,0.84672,3695.15,0,0,0,2.12197,2.33885,10.9364,1.00507,14.3922,0.42336,0,0.42336,460.49,0,1.02816,0,0,3.15013,2.12197,1.028160,1,0,135.416,0,0,0,135.416,0
60.5636,2.15048,0,0,5.81462,0.294526,0.36288,3.6288,43.8865,0.66528,0,0,5.00932,0.163724,0,0.66528,12.849,1,0.480073,0.36288,0,268.662,3.82656,264.718,0.84672,12.849,0.84672,3695.15,0,0,0,3.5136,2.33897,17.9827,1.01032,22.8249,0.42336,0,0.42336,460.49,0,1.02816,0,0,4.54176,3.5136,1.028160,1,0,287.543,0,0,0,287.543,0
63.2721,2.17027,0,0,5.54132,0.299679,0.36288,3.6288,46.1367,0.66528,0,0,3.12063,0.205224,0,0.66528,12.849,1,0.460438,0.36288,0,239.439,4.25933,235.083,0.84672,12.849,0.84672,3695.15,0,0,0,3.2297,2.04289,18.6522,1.05613,22.8687,0.42336,0,0.42336,460.49,0,1.02816,0,0,4.25786,3.2297,1.028160,1,0,257.951,0,0,0,257.951,0
68.4648,2.43813,0,0,8.3001,0.306439,0.36288,3.6288,54.1555,0.66528,0,0,8.89376,0.209589,0,0.66528,12.849,1,0.495125,0.36288,0,258.276,4.25933,253.885,0.84672,12.849,0.84672,3695.15,0,0,0,7.53762,2.04299,28.0937,1.05613,36.6182,0.42336,0,0.42336,460.49,0,1.02816,0,0,8.56578,7.53762,1.028160,1,0,290.503,0,0,0,290.503,0
72.29,2.46988,0,0,9.69736,0.320433,3.08181,3.6288,60.7515,0.66528,0,0,7.44174,0.180461,0,0.66528,12.849,1,0.463531,3.08181,0,247.223,4.05094,245.791,0.84672,12.849,0.84672,3695.15,0,0,0,5.48091,1.86612,29.2924,0.981033,35.6584,0.42336,0,0.42336,460.49,0,1.02816,0,0,6.50907,5.48091,1.028160,1,0,281.449,0,0,0,281.449,0
72.29,2.49084,0,0,5.76517,0.329281,2.94505,3.6288,61.308,0.66528,0,0,3.93831,0.151734,2.56484,0.66528,12.849,1,0.442728,2.94505,0,183.127,3.86443,181.765,0.84672,12.849,0.84672,3695.15,0,0,0,3.10836,1.86622,16.437,0.919924,20.4917,0.42336,0,0.42336,460.49,0,1.02816,0,0,4.13652,3.10836,1.028160,1,0,204.822,0,0,0,204.822,0
72.29,2.58198,0,0,5.57823,0.320107,2.67614,3.6288,61.308,0.66528,0,0,8.71603,0.136224,7.91453,0.66528,12.849,1,0.458928,2.67614,0,161.85,3.68309,160.384,0.84672,12.849,0.84672,3695.15,0,0,0,5.2844,1.86632,18.3332,0.891209,24.5927,0.42336,0,0.42336,460.49,0,1.02816,0,0,6.31256,5.2844,1.028160,1,0,192.891,0,0,0,192.891,0
72.29,2.58212,0,0,7.00952,0.320107,4.10729,3.6288,61.308,0.66528,0,0,14.8708,0.136224,14.0693,0.66528,12.849,1,0.458952,4.10729,0,178.651,3.68309,178.616,0.84672,12.849,0.84672,3695.15,0,0,0,10.1855,1.93946,28.8319,0.891209,40.0656,0.42336,0,0.42336,460.49,0,1.02816,0,0,11.2137,10.1855,1.028160,1,0,232.751,0,0,0,232.751,0
72.29,2.58225,0,0,4.90459,0.275467,2.04687,3.6288,61.308,0.66528,0,0,9.45907,0.160012,8.63378,0.66528,12.849,1,0.458976,2.04687,0,214.435,3.97393,212.049,0.84672,12.849,0.84672,3695.15,0,0,0,5.56105,1.93956,16.7689,0.94846,23.321,0.42336,0,0.42336,460.49,0,1.02816,0,0,6.58921,5.56105,1.028160,1,0,244.004,0,0,0,244.004,0
72.29,2.58239,0,0,4.39622,0.215288,1.59855,3.6288,61.308,0.66528,0,0,7.51334,0.209753,6.63831,0.66528,12.849,1,0.459,1.59855,0,153.922,4.00874,151.053,0.84672,12.849,0.84672,3695.15,0,0,0,4.73443,1.93966,14.8414,1.08797,20.4276,0.42336,0,0.42336,460.49,0,1.02816,0,0,5.76259,4.73443,1.028160,1,0,178.119,0,0,0,178.119,0
72.29,2.54693,0,0,4.25053,0.215759,1.48785,3.6288,61.308,0.66528,0,0,4.20193,0.212812,3.32383,0.66528,12.849,1,0.452698,1.48785,0,125.388,4.85829,121.565,0.84672,12.849,0.84672,3695.15,0,0,0,3.13828,1.93976,12.6149,1.10435,16.5886,0.42336,0,0.42336,460.49,0,1.02816,0,0,4.16644,3.13828,1.028160,1,0,141.477,0,0,0,141.477,0
72.29,2.54706,0,0,4.34842,0.195141,1.60621,3.6288,61.308,0.66528,0,0,3.72281,0.199768,2.85776,0.66528,12.849,1,0.452721,1.60621,0,143.965,4.52025,140.598,0.84672,12.849,0.84672,3695.15,0,0,0,3.5234,1.91144,11.8193,1.09683,16.1574,0.42336,0,0.42336,460.49,0,1.02816,0,0,4.55156,3.5234,1.028160,1,0,159.613,0,0,0,159.613,0
72.29,2.5472,0,0,3.64775,0.195141,0.905409,3.6288,61.308,0.66528,0,0,3.65502,0.199768,2.78997,0.66528,12.849,1,0.452745,0.905409,0,111.187,4.52025,107.12,0.84672,12.849,0.84672,3695.15,0,0,0,3.46082,1.91154,10.3474,1.09683,14.623,0.42336,0,0.42336,460.49,0,1.02816,0,0,4.48898,3.46082,1.028160,1,0,124.533,0,0,0,124.533,0
72.29,2.54733,0,0,3.26595,0.195141,0.523475,3.6288,61.308,0.66528,0,0,3.46675,0.199768,2.6017,0.66528,12.849,1,0.452769,0.523475,0,99.684,4.52025,95.2345,0.84672,12.849,0.84672,3695.15,0,0,0,3.13669,1.91164,10.0276,1.09683,13.9791,0.42336,0,0.42336,460.49,0,1.02816,0,0,4.16485,3.13669,1.028160,1,0,111.815,0,0,0,111.815,0
72.29,2.66831,0,0,3.26594,0.136019,0.461612,3.6288,61.308,0.66528,0,0,2.9546,0.200638,2.08869,0.66528,12.849,1,0.474271,0.461612,0,95.7606,4.58766,91.1603,0.84672,12.849,0.84672,3695.15,0,0,0,2.77933,1.91174,9.85962,1.06224,13.4885,0.42336,0,0.42336,460.49,0,1.02816,0,0,3.80749,2.77933,1.028160,1,0,106.737,0,0,0,106.737,0
72.29,2.66845,0,0,3.23244,0.134359,0.429634,3.6288,61.308,0.66528,0,0,2.45345,0.184316,1.60385,0.66528,12.849,1,0.474296,0.429634,0,91.3058,4.32673,86.9344,0.84672,12.849,0.84672,3695.15,0,0,0,2.64388,2.01147,9.95164,0.891643,13.7154,0.42336,0,0.42336,460.49,0,1.02816,0,0,3.67204,2.64388,1.028160,1,0,102.254,0,0,0,102.254,0
72.1373,2.66859,0,0,3.01314,0.134359,0.36288,3.6288,61.308,0.66528,0,0,2.36446,0.184316,1.51486,0.66528,12.849,1,0.474321,0.36288,0,83.9851,4.32673,79.5469,0.84672,12.849,0.84672,3695.15,0,0,0,2.43329,2.01158,9.64984,0.891643,13.2031,0.42336,0,0.42336,460.49,0,1.02816,0,0,3.46145,2.43329,1.028160,1,0,94.2649,0,0,0,94.2649,0
71.8622,2.66787,0,0,2.88988,0.134203,0.36288,3.6288,61.308,0.66528,0,0,2.21841,0.184316,1.36881,0.66528,12.849,1,0.475198,0.36288,0,79.9191,4.32673,75.4801,0.84672,12.849,0.84672,3695.15,0,0,0,2.32368,2.01168,9.55109,0.891643,12.9948,0.42336,0,0.42336,460.49,0,1.02816,0,0,3.35184,2.32368,1.028160,1,0,89.8437,0,0,0,89.8437,0
71.4019,2.66647,0,0,2.66876,0.0997221,0.36288,3.6288,61.308,0.66528,0,0,2.09269,0.268996,1.15842,0.66528,12.849,1,0.476766,0.36288,0,70.1937,5.5365,64.5433,0.84672,12.849,0.84672,3695.15,0,0,0,2.08631,2.01179,8.8141,1.25382,11.6584,0.42336,0,0.42336,460.49,0,1.02816,0,0,3.11447,2.08631,1.028160,1,0,77.3601,0,0,0,77.3601,0
71.4096,2.64014,0,0,3.09717,0.086442,0.36288,3.6288,61.308,0.66528,0,0,1.6754,0.264061,0.746059,0.66528,12.849,1,0.475102,0.36288,0,59.9262,5.61708,54.1969,0.84672,12.849,0.84672,3695.15,0,0,0,1.56187,2.0119,6.11736,1.27746,8.41367,0.42336,0,0.42336,460.49,0,1.02816,0,0,2.59003,1.56187,1.028160,1,0,63.3566,0,0,0,63.3566,0
71.0749,2.64033,0,0,2.75488,0.0864471,0.36288,3.6288,61.308,0.66528,0,0,1.50269,0.264061,0.573354,0.66528,12.849,1,0.475084,0.36288,0,62.7464,5.61708,57.0171,0.84672,12.849,0.84672,3695.15,0,0,0,1.35478,2.04684,5.91585,1.27746,8.04001,0.42336,0,0.42336,460.49,0,1.02816,0,0,2.38294,1.35478,1.028160,1,0,65.6304,0,0,0,65.6304,0
70.5046,2.63857,0,0,2.51742,0.086226,0.36288,3.6288,61.308,0.66528,0,0,1.49095,0.264061,0.561612,0.66528,12.849,1,0.477004,0.36288,0,61.0806,5.61708,55.3494,0.84672,12.849,0.84672,3695.15,0,0,0,1.34647,2.04695,5.71515,1.27746,7.8311,0.42336,0,0.42336,460.49,0,1.02816,0,0,2.37463,1.34647,1.028160,1,0,63.7421,0,0,0,63.7421,0
69.8663,2.63544,0,0,2.4459,0.0858495,0.36288,3.6288,61.308,0.66528,0,0,1.4262,0.264061,0.496855,0.66528,12.849,1,0.480292,0.36288,0,53.3724,5.61708,47.6379,0.84672,12.849,0.84672,3695.15,0,0,0,1.25685,2.04705,5.58488,1.27746,7.61132,0.42336,0,0.42336,460.49,0,1.02816,0,0,2.28501,1.25685,1.028160,1,0,55.7461,0,0,0,55.7461,0
69.3699,2.43787,0,0,2.37507,0.0707309,0.36288,3.6288,61.308,0.66528,0,0,1.17672,0.301241,0.210203,0.66528,12.849,1,0.448345,0.36288,0,48.3225,6.07515,42.1619,0.84672,12.849,0.84672,3695.15,0,0,0,1.15919,2.04716,4.88965,1.46861,6.6274,0.42336,0,0.42336,460.49,0,1.02816,0,0,2.18735,1.15919,1.028160,1,0,48.9995,0,0,0,48.9995,0
68.8076,2.43531,0,0,2.30947,0.0736307,0.36288,3.6288,61.308,0.66528,0,0,1.10113,0.300476,0.135377,0.66528,12.849,1,0.451078,0.36288,0,44.1362,5.96054,38.0875,0.84672,12.849,0.84672,3695.15,0,0,0,1.22677,2.27362,4.83006,1.45646,6.87399,0.42336,0,0.42336,460.49,0,1.02816,0,0,2.25493,1.22677,1.028160,1,0,45.0969,0,0,0,45.0969,0
67.9529,2.43234,0,0,2.01382,0.0733094,0.36288,3.6288,61.308,0.66528,0,0,1.03836,0.300476,0.072599,0.66528,12.849,1,0.454211,0.36288,0,41.8157,5.96054,35.7638,0.84672,12.849,0.84672,3695.15,0,0,0,1.01736,2.27373,4.6152,1.45646,6.44983,0.42336,0,0.42336,460.49,0,1.02816,0,0,2.04552,1.01736,1.028160,1,0,42.2863,0,0,0,42.2863,0
66.6971,2.68199,0,0,1.85722,0.068081,0.36288,3.6288,61.308,0.66528,0,0,1.02051,0.303066,0.0521674,0.66528,12.849,1,0.507129,0.36288,0,39.4493,6.03531,33.2697,0.84672,12.849,0.84672,3695.15,0,0,0,0.926942,2.27384,4.5732,1.4714,6.30259,0.42336,0,0.42336,460.49,0,1.02816,0,0,1.9551,0.926942,1.028160,1,0,39.6245,0,0,0,39.6245,0
65.1506,2.85272,0,0,1.73604,0.0669506,0.36288,3.6288,61.308,0.66528,0,0,0.978385,0.303405,0.00969978,0.66528,12.849,1,0.549567,0.36288,0,37.9916,6.10409,31.7009,0.84672,12.849,0.84672,3695.15,0,0,0,0.907546,2.09698,4.40644,1.43557,5.9754,0.42336,0,0.42336,460.49,0,1.02816,0,0,1.93571,0.907546,1.028160,1,0,37.686,0,0,0,37.686,0
64.6551,2.58938,0,0,2.55106,0.0942841,0.36288,3.6288,61.308,0.66528,0,0,1.02722,0.299989,0.0619494,0.66528,12.849,1,0.510678,0.36288,0,42.7546,5.75589,36.8509,0.84672,12.849,0.84672,3695.15,0,0,0,1.16689,2.2661,4.62795,1.43391,6.62703,0.42336,0,0.42336,460.49,0,1.02816,0,0,2.19505,1.16689,1.028160,1,0,43.5399,0,0,0,43.5399,0
63.6589,2.58627,0,0,2.04682,0.0939093,0.36288,3.6288,61.1505,0.66528,0,0,0.807736,0.299989,0,0.66528,12.849,1,0.513972,0.36288,0,50.2889,5.75589,44.3819,0.84672,12.849,0.84672,3695.15,0,0,0,0.732672,2.44318,3.84439,1.43391,5.58634,0.42336,0,0.42336,460.49,0,1.02816,0,0,1.76083,0.732672,1.028160,1,0,49.9682,0,0,0,49.9682,0
63.0472,2.57972,0,0,2.42409,0.0931558,0.36288,3.6288,61.308,0.66528,0,0,1.23299,0.29969,0.110486,0.66528,12.849,1,0.520695,0.36288,0,43.1641,5.75589,37.2504,0.84672,12.849,0.84672,3695.15,0,0,0,1.62065,2.4433,5.19877,1.43391,7.82882,0.42336,0,0.42336,460.49,0,1.02816,0,0,2.64881,1.62065,1.028160,1,0,45.1897,0,0,0,45.1897,0
62.0378,2.57567,0,0,2.02532,0.09623,0.36288,3.6288,61.2683,0.66528,0,0,0.904876,0.279305,0,0.66528,12.849,1,0.524921,0.36288,0,39.3896,5.20136,34.0262,0.84672,12.849,0.84672,3695.15,0,0,0,1.06166,2.44342,5.38614,1.21804,7.67318,0.42336,0,0.42336,460.49,0,1.02816,0,0,2.08982,1.06166,1.028160,1,0,41.6994,0,0,0,41.6994,0
61.5288,2.48273,0,0,2.48566,0.148993,0.36288,3.6288,61.308,0.66528,0,0,1.03732,0.233336,0.0989932,0.66528,12.849,1,0.514212,0.36288,0,52.8136,4.69362,47.9686,0.84672,12.849,0.84672,3695.15,0,0,0,2.03583,2.44354,4.38581,1.23666,7.62852,0.42336,0,0.42336,460.49,0,1.02816,0,0,3.06399,2.03583,1.028160,1,0,55.6961,0,0,0,55.6961,0
60.6676,2.47935,0,0,2.16855,0.187555,0.36288,3.6288,61.308,0.66528,0,0,1.09529,0.212459,0.217554,0.66528,12.849,1,0.51776,0.36288,0,44.3159,3.62801,40.5331,0.84672,12.849,0.84672,3695.15,0,0,0,1.64014,2.34582,5.05079,0.936664,8.10009,0.42336,0,0.42336,460.49,0,1.02816,0,0,2.6683,1.64014,1.028160,1,0,48.8507,0,0,0,48.8507,0
60.1442,2.47343,0,0,2.50844,0.195504,0.36288,3.6288,61.308,0.66528,0,0,1.9633,0.210314,1.08771,0.66528,12.849,1,0.523856,0.36288,0,51.0649,3.56864,47.3353,0.84672,12.849,0.84672,3695.15,0,0,0,3.38609,2.34594,7.30607,0.929383,12.1087,0.42336,0,0.42336,460.49,0,1.02816,0,0,4.41425,3.38609,1.028160,1,0,60.5317,0,0,0,60.5317,0
59.5335,2.46981,0,0,2.41658,0.194614,0.36288,3.6288,61.308,0.66528,0,0,1.80297,0.210314,0.927376,0.66528,12.849,1,0.527642,0.36288,0,48.9758,3.56864,45.2424,0.84672,12.849,0.84672,3695.15,0,0,0,3.26064,2.34605,6.26672,0.929383,10.944,0.42336,0,0.42336,460.49,0,1.02816,0,0,4.2888,3.26064,1.028160,1,0,57.1138,0,0,0,57.1138,0
58.2622,2.39539,0,0,1.70998,0.222986,0.36288,3.6288,61.308,0.66528,0,0,1.0775,0.214213,0.198003,0.66528,12.849,1,0.516992,0.36288,0,37.635,3.67346,33.8074,0.84672,12.849,0.84672,3695.15,0,0,0,1.23961,2.34616,5.11479,0.97582,7.72474,0.42336,0,0.42336,460.49,0,1.02816,0,0,2.26777,1.23961,1.028160,1,0,41.7301,0,0,0,41.7301,0
57.1193,2.38628,0,0,1.84838,0.242122,0.36288,3.6288,61.0105,0.66528,0,0,0.584925,0.217137,0,0.66528,12.849,1,0.526265,0.36288,0,40.0486,3.75207,36.1331,0.84672,12.849,0.84672,3695.15,0,0,0,0.355683,2.25895,5.34704,1.01065,6.95102,0.42336,0,0.42336,460.49,0,1.02816,0,0,1.38384,0.355683,1.028160,1,0,43.0841,0,0,0,43.0841,0
59.6145,2.37783,0,0,5.47535,0.239431,0.36288,3.6288,61.308,0.66528,0,0,1.92475,0.216729,0.745249,0.66528,12.849,1,0.534892,0.36288,0,75.2808,3.75207,71.3567,0.84672,12.849,0.84672,3695.15,0,0,0,3.86496,2.25905,9.41798,1.01065,14.5313,0.42336,0,0.42336,460.49,0,1.02816,0,0,4.89312,3.86496,1.028160,1,0,86.6333,0,0,0,86.6333,0
60.9077,2.39638,0,0,4.30408,0.251606,0.36288,3.6288,61.308,0.66528,0,0,1.48795,0.21945,0.603225,0.66528,12.849,1,0.516504,0.36288,0,85.0376,3.69066,81.1933,0.84672,12.849,0.84672,3695.15,0,0,0,3.4003,2.25916,8.99956,0.989436,13.6696,0.42336,0,0.42336,460.49,0,1.02816,0,0,4.42846,3.4003,1.028160,1,0,95.4661,0,0,0,95.4661,0
63.5006,2.2056,0,0,5.44902,0.287689,0.36288,3.6288,61.308,0.66528,0,0,1.79053,0.23555,0.889698,0.66528,12.849,1,0.465291,0.36288,0,61.3144,3.54786,57.6642,0.84672,12.849,0.84672,3695.15,0,0,0,3.23939,2.25927,8.34589,0.916877,12.9277,0.42336,0,0.42336,460.49,0,1.02816,0,0,4.26755,3.23939,1.028160,1,0,71.4816,0,0,0,71.4816,0
65.8863,2.22153,0,0,5.25097,0.280855,0.36288,3.6288,61.308,0.66528,0,0,1.28548,0.241105,0.379091,0.66528,12.849,1,0.449515,0.36288,0,88.1686,4.11201,83.97,0.84672,12.849,0.84672,3695.15,0,0,0,2.23836,2.06536,7.98385,1.05366,11.2339,0.42336,0,0.42336,460.49,0,1.02816,0,0,3.26652,2.23836,1.028160,1,0,95.583,0,0,0,95.583,0
69.1051,2.23528,0,0,6.1033,0.286302,0.36288,3.6288,61.308,0.66528,0,0,1.58175,0.241105,0.675366,0.66528,12.849,1,0.43592,0.36288,0,178.067,4.11201,173.882,0.84672,12.849,0.84672,3695.15,0,0,0,3.04352,2.06545,8.33641,1.05366,12.3917,0.42336,0,0.42336,460.49,0,1.02816,0,0,4.07168,3.04352,1.028160,1,0,186.949,0,0,0,186.949,0
72.29,2.50753,0,0,7.37297,0.293652,1.3869,3.6288,61.308,0.66528,0,0,1.58751,0.241105,0.681128,0.66528,12.849,1,0.466235,1.3869,0,127.585,4.11201,124.394,0.84672,12.849,0.84672,3695.15,0,0,0,2.87555,2.06555,8.01464,1.05366,11.9021,0.42336,0,0.42336,460.49,0,1.02816,0,0,3.90371,2.87555,1.028160,1,0,136.977,0,0,0,136.977,0
72.29,2.5251,0,0,7.66541,0.300924,4.83939,3.6288,61.308,0.66528,0,0,2.31891,0.241105,1.41252,0.66528,12.849,1,0.448817,4.83939,0,133.925,4.11201,134.204,0.84672,12.849,0.84672,3695.15,0,0,0,3.23018,1.88869,9.33742,1.05366,13.4026,0.42336,0,0.42336,460.49,0,1.02816,0,0,4.25834,3.23018,1.028160,1,0,149.019,0,0,0,149.019,0
72.29,2.60433,0,0,5.73133,0.286967,2.84002,3.6288,61.308,0.66528,0,0,1.71555,0.193957,0.856313,0.66528,12.849,1,0.462901,2.84002,0,108.497,3.69,107.184,0.84672,12.849,0.84672,3695.15,0,0,0,3.16186,1.88879,7.51345,1.08235,11.4817,0.42336,0,0.42336,460.49,0,1.02816,0,0,4.19002,3.16186,1.028160,1,0,119.522,0,0,0,119.522,0
72.29,2.60446,0,0,4.80446,0.284641,1.91537,3.6288,61.1886,0.66528,0,0,0.731945,0.186099,0,0.66528,12.849,1,0.462922,1.91537,0,63.2233,3.61967,61.0561,0.84672,12.849,0.84672,3695.15,0,0,0,1.72222,1.9494,5.10308,1.08713,7.68756,0.42336,0,0.42336,460.49,0,1.02816,0,0,2.75038,1.72222,1.028160,1,0,68.7436,0,0,0,68.7436,0
72.1407,2.60458,0,0,3.10281,0.284641,0.36288,3.6288,60.8432,0.66528,0,0,0.505837,0.185959,0,0.66528,12.849,1,0.462944,0.36288,0,47.9185,3.61967,44.1987,0.84672,12.849,0.84672,3695.15,0,0,0,1.08701,1.94949,3.19066,1.08713,5.14002,0.42336,0,0.42336,460.49,0,1.02816,0,0,2.11517,1.08701,1.028160,1,0,49.3388,0,0,0,49.3388,0
71.3829,2.60388,0,0,2.49328,0.284318,0.36288,3.6288,60.6159,0.66528,0,0,0.623519,0.185552,0,0.66528,12.849,1,0.463779,0.36288,0,52.5007,3.61967,48.7801,0.84672,12.849,0.84672,3695.15,0,0,0,1.15005,1.94958,4.35404,1.08713,6.36654,0.42336,0,0.42336,460.49,0,1.02816,0,0,2.17821,1.15005,1.028160,1,0,55.1467,0,0,0,55.1467,0
71.8378,2.85341,0,0,3.95924,0.288041,0.36288,3.6288,60.8952,0.66528,0,0,1.12983,0.185189,0,0.66528,12.849,1,0.513618,0.36288,0,100.456,3.88804,96.4168,0.84672,12.849,0.84672,3695.15,0,0,0,1.81383,1.94967,8.57436,1.10381,11.2341,0.42336,0,0.42336,460.49,0,1.02816,0,0,2.84199,1.81383,1.028160,1,0,107.651,0,0,0,107.651,0
72.2118,2.85631,0,0,3.88942,0.296213,0.36288,3.6288,61.1732,0.66528,0,0,1.12862,0.185389,0,0.66528,12.849,1,0.510883,0.36288,0,92.0532,4.24588,87.6593,0.84672,12.849,0.84672,3695.15,0,0,0,1.46559,2.16749,6.73358,1.12604,9.24062,0.42336,0,0.42336,460.49,0,1.02816,0,0,2.49375,1.46559,1.028160,1,0,96.8999,0,0,0,96.8999,0
72.29,2.85869,0,0,4.14963,0.297057,0.915707,3.6288,61.308,0.66528,0,0,1.21624,0.185716,0.230398,0.66528,12.849,1,0.50866,0.915707,0,99.0775,4.24588,95.2386,0.84672,12.849,0.84672,3695.15,0,0,0,1.98025,2.16759,7.53546,1.12604,10.5573,0.42336,0,0.42336,460.49,0,1.02816,0,0,3.00841,1.98025,1.028160,1,0,106.026,0,0,0,106.026,0
72.29,2.85929,0,0,4.26653,0.297233,1.11001,3.6288,61.308,0.66528,0,0,1.13762,0.185874,0.286466,0.66528,12.849,1,0.508216,1.11001,0,102.146,4.24588,98.5023,0.84672,12.849,0.84672,3695.15,0,0,0,1.51312,2.16769,7.32983,1.12604,9.8846,0.42336,0,0.42336,460.49,0,1.02816,0,0,2.54128,1.51312,1.028160,1,0,108.673,0,0,0,108.673,0
72.29,2.49697,0,0,4.79915,0.290532,2.01165,3.6288,61.308,0.66528,0,0,1.47923,0.179631,0.634318,0.66528,12.849,1,0.443817,2.01165,0,112.056,4.09167,109.532,0.84672,12.849,0.84672,3695.15,0,0,0,2.50303,2.16779,7.98777,0.986137,11.6725,0.42336,0,0.42336,460.49,0,1.02816,0,0,3.53119,2.50303,1.028160,1,0,121.839,0,0,0,121.839,0
72.29,2.49708,0,0,4.11362,0.306117,1.31041,3.6288,61.308,0.66528,0,0,1.40514,0.18761,0.552251,0.66528,12.849,1,0.443838,1.31041,0,95.0028,4.44444,91.425,0.84672,12.849,0.84672,3695.15,0,0,0,1.86268,1.87091,8.81794,0.979321,11.5722,0.42336,0,0.42336,460.49,0,1.02816,0,0,2.89084,1.86268,1.028160,1,0,103.549,0,0,0,103.549,0
72.29,2.4972,0,0,4.43764,0.306117,1.63432,3.6288,61.308,0.66528,0,0,1.67089,0.18761,0.818,0.66528,12.849,1,0.443859,1.63432,0,107.606,4.44444,104.352,0.84672,12.849,0.84672,3695.15,0,0,0,1.98004,1.871,7.17047,0.979321,10.0422,0.42336,0,0.42336,460.49,0,1.02816,0,0,3.0082,1.98004,1.028160,1,0,115.212,0,0,0,115.212,0
72.29,2.49732,0,0,6.91364,0.303386,4.11294,3.6288,61.308,0.66528,0,0,2.59426,0.164701,1.76428,0.66528,12.849,1,0.443879,4.11294,0,198.945,4.08582,198.528,0.84672,12.849,0.84672,3695.15,0,0,0,4.74588,1.87109,15.1171,0.917901,20.8161,0.42336,0,0.42336,460.49,0,1.02816,0,0,5.77404,4.74588,1.028160,1,0,221.108,0,0,0,221.108,0
72.29,2.49743,0,0,6.19985,0.301337,3.40108,3.6288,61.308,0.66528,0,0,1.91966,0.14752,1.10686,0.66528,12.849,1,0.4439,3.40108,0,199.153,3.81686,198.293,0.84672,12.849,0.84672,3695.15,0,0,0,3.72915,1.87117,9.9366,0.871836,14.6651,0.42336,0,0.42336,460.49,0,1.02816,0,0,4.75731,3.72915,1.028160,1,0,214.065,0,0,0,214.065,0
72.29,2.5888,0,0,4.58185,0.284834,1.70821,3.6288,61.308,0.66528,0,0,2.66537,0.212097,1.78799,0.66528,12.849,1,0.46014,1.70821,0,112.13,4.86182,108.516,0.84672,12.849,0.84672,3695.15,0,0,0,3.64358,1.87126,10.0172,0.976468,14.5556,0.42336,0,0.42336,460.49,0,1.02816,0,0,4.67174,3.64358,1.028160,1,0,124.86,0,0,0,124.86,0
72.29,2.58892,0,0,3.31798,0.284834,0.444226,3.6288,61.308,0.66528,0,0,1.14682,0.212097,0.269445,0.66528,12.849,1,0.460162,0.444226,0,89.0343,4.86182,84.1566,0.84672,12.849,0.84672,3695.15,0,0,0,1.88807,1.94458,5.52418,0.976468,8.38037,0.42336,0,0.42336,460.49,0,1.02816,0,0,2.91623,1.88807,1.028160,1,0,92.8064,0,0,0,92.8064,0
72.29,2.58904,0,0,4.25331,0.284834,1.37943,3.6288,61.308,0.66528,0,0,2.02436,0.212097,1.14698,0.66528,12.849,1,0.460183,1.37943,0,122.365,4.86182,118.422,0.84672,12.849,0.84672,3695.15,0,0,0,3.04361,1.94467,8.40516,0.976468,12.417,0.42336,0,0.42336,460.49,0,1.02816,0,0,4.07177,3.04361,1.028160,1,0,131.986,0,0,0,131.986,0
72.29,2.58916,0,0,3.78829,0.254813,0.944317,3.6288,61.308,0.66528,0,0,1.1621,0.221392,0.275425,0.66528,12.849,1,0.460204,0.944317,0,100.169,5.02366,95.6291,0.84672,12.849,0.84672,3695.15,0,0,0,2.1219,1.94476,6.39934,0.962569,9.50343,0.42336,0,0.42336,460.49,0,1.02816,0,0,3.15006,2.1219,1.028160,1,0,105.408,0,0,0,105.408,0
72.29,2.5536,0,0,3.22635,0.181038,0.491713,3.6288,61.308,0.66528,0,0,1.1797,0.231378,0.283039,0.66528,12.849,1,0.453883,0.491713,0,76.8917,4.5357,72.3938,0.84672,12.849,0.84672,3695.15,0,0,0,1.75212,1.94485,4.55801,1.05128,7.20371,0.42336,0,0.42336,460.49,0,1.02816,0,0,2.78028,1.75212,1.028160,1,0,79.8806,0,0,0,79.8806,0
72.1742,2.55372,0,0,2.96882,0.168067,0.36288,3.6288,61.308,0.66528,0,0,1.26098,0.242428,0.353274,0.66528,12.849,1,0.453904,0.36288,0,70.0816,4.61349,65.3771,0.84672,12.849,0.84672,3695.15,0,0,0,1.80382,1.91644,4.37785,1.13234,6.96578,0.42336,0,0.42336,460.49,0,1.02816,0,0,2.83198,1.80382,1.028160,1,0,72.6962,0,0,0,72.6962,0
71.7282,2.55322,0,0,2.63809,0.16792,0.36288,3.6288,61.308,0.66528,0,0,1.36769,0.242428,0.459978,0.66528,12.849,1,0.454543,0.36288,0,65.092,4.61349,60.3869,0.84672,12.849,0.84672,3695.15,0,0,0,1.99312,1.91653,4.49159,1.13234,7.2689,0.42336,0,0.42336,460.49,0,1.02816,0,0,3.02128,1.99312,1.028160,1,0,68.1158,0,0,0,68.1158,0
71.4024,2.55094,0,0,2.75531,0.167351,0.36288,3.6288,61.308,0.66528,0,0,1.17153,0.242428,0.263824,0.66528,12.849,1,0.456961,0.36288,0,64.5564,4.61349,59.8488,0.84672,12.849,0.84672,3695.15,0,0,0,1.48038,1.91662,5.27036,1.13234,7.53501,0.42336,0,0.42336,460.49,0,1.02816,0,0,2.50854,1.48038,1.028160,1,0,67.6476,0,0,0,67.6476,0
70.9518,2.67022,0,0,2.72284,0.14026,0.36288,3.6288,61.308,0.66528,0,0,1.08708,0.268128,0.153677,0.66528,12.849,1,0.480512,0.36288,0,63.7602,5.60652,58.036,0.84672,12.849,0.84672,3695.15,0,0,0,1.50938,1.91671,4.67581,1.18302,6.91888,0.42336,0,0.42336,460.49,0,1.02816,0,0,2.53754,1.50938,1.028160,1,0,65.1086,0,0,0,65.1086,0
70.1676,2.66776,0,0,2.35955,0.113111,0.36288,3.6288,61.2644,0.66528,0,0,0.900435,0.27875,0,0.66528,12.849,1,0.483117,0.36288,0,54.4658,4.91532,49.4302,0.84672,12.849,0.84672,3695.15,0,0,0,1.08428,2.01669,3.93907,1.14458,5.89546,0.42336,0,0.42336,460.49,0,1.02816,0,0,2.11244,1.08428,1.028160,1,0,55.3257,0,0,0,55.3257,0
69.2306,2.66332,0,0,2.18388,0.0947415,0.36288,3.6288,61.1583,0.66528,0,0,0.833,0.27384,0,0.66528,12.849,1,0.487704,0.36288,0,51.837,4.95579,46.7564,0.84672,12.849,0.84672,3695.15,0,0,0,0.90542,2.01679,3.64931,1.13017,5.44135,0.42336,0,0.42336,460.49,0,1.02816,0,0,1.93358,0.90542,1.028160,1,0,52.1977,0,0,0,52.1977,0
68.1957,2.65788,0,0,2.07993,0.0940568,0.36288,3.6288,61.0597,0.66528,0,0,0.840335,0.273657,0,0.66528,12.849,1,0.493294,0.36288,0,43.5469,4.95579,38.4607,0.84672,12.849,0.84672,3695.15,0,0,0,1.13397,2.01688,3.34031,1.13017,5.36099,0.42336,0,0.42336,460.49,0,1.02816,0,0,2.16213,1.13397,1.028160,1,0,43.8217,0,0,0,43.8217,0
67.0753,2.6517,0,0,1.98338,0.0892008,0.36288,3.6288,60.9002,0.66528,0,0,0.785143,0.279371,0,0.66528,12.849,1,0.499617,0.36288,0,41.3186,4.96212,36.2197,0.84672,12.849,0.84672,3695.15,0,0,0,1.02715,2.01697,3.09233,1.1497,4.98676,0.42336,0,0.42336,460.49,0,1.02816,0,0,2.05531,1.02715,1.028160,1,0,41.2065,0,0,0,41.2065,0
67.0717,2.62113,0,0,3.03934,0.0589673,0.36288,3.6288,60.6873,0.66528,0,0,0.778395,0.325974,0,0.66528,12.849,1,0.502106,0.36288,0,49.2074,5.89407,43.1741,0.84672,12.849,0.84672,3695.15,0,0,0,1.38303,2.01707,5.25636,1.359,7.29746,0.42336,0,0.42336,460.49,0,1.02816,0,0,2.41119,1.38303,1.028160,1,0,50.4716,0,0,0,50.4716,0
66.7171,2.62123,0,0,2.68852,0.0589656,0.36288,3.6288,60.4228,0.66528,0,0,0.726287,0.325535,0,0.66528,12.849,1,0.502152,0.36288,0,44.3781,5.89407,38.3447,0.84672,12.849,0.84672,3695.15,0,0,0,1.10336,2.05209,4.52715,1.359,6.32361,0.42336,0,0.42336,460.49,0,1.02816,0,0,2.13152,1.10336,1.028160,1,0,44.6683,0,0,0,44.6683,0
66.4219,2.36555,0,0,2.49205,0.0588004,0.36288,3.6288,60.118,0.66528,0,0,0.685489,0.324988,0,0.66528,12.849,1,0.45558,0.36288,0,40.2961,5.89407,34.3093,0.84672,12.849,0.84672,3695.15,0,0,0,0.945467,2.05218,4.47072,1.359,6.10937,0.42336,0,0.42336,460.49,0,1.02816,0,0,1.97363,0.945467,1.028160,1,0,40.4187,0,0,0,40.4187,0
66.0587,2.36397,0,0,2.42228,0.0586629,0.36288,3.6288,59.7763,0.66528,0,0,0.647888,0.324358,0,0.66528,12.849,1,0.457299,0.36288,0,36.2212,5.89407,30.2327,0.84672,12.849,0.84672,3695.15,0,0,0,0.765832,2.22924,4.40611,1.359,6.04219,0.42336,0,0.42336,460.49,0,1.02816,0,0,1.79399,0.765832,1.028160,1,0,36.2749,0,0,0,36.2749,0
65.543,2.42302,0,0,2.32183,0.0515938,0.36288,3.6288,59.355,0.66528,0,0,0.577764,0.333718,0,0.66528,12.849,1,0.4713,0.36288,0,40.3294,6.02613,34.1948,0.84672,12.849,0.84672,3695.15,0,0,0,0.644985,2.22934,4.04489,1.4307,5.48852,0.42336,0,0.42336,460.49,0,1.02816,0,0,1.67314,0.644985,1.028160,1,0,39.6833,0,0,0,39.6833,0
64.9091,2.42005,0,0,2.19526,0.0462282,0.36288,3.6288,58.8648,0.66528,0,0,0.51539,0.34035,0,0.66528,12.849,1,0.474424,0.36288,0,32.0608,6.12517,25.8241,0.84672,12.849,0.84672,3695.15,0,0,0,0.782266,2.27895,3.62863,1.48447,5.20537,0.42336,0,0.42336,460.49,0,1.02816,0,0,1.81043,0.782266,1.028160,1,0,31.0294,0,0,0,31.0294,0
64.094,2.4163,0,0,2.0101,0.0459939,0.36288,3.6288,58.3376,0.66528,0,0,0.477361,0.339282,0,0.66528,12.849,1,0.478316,0.36288,0,30.4737,6.12517,24.2331,0.84672,12.849,0.84672,3695.15,0,0,0,0.519437,2.27904,3.18951,1.48447,4.50352,0.42336,0,0.42336,460.49,0,1.02816,0,0,1.5476,0.519437,1.028160,1,0,28.7366,0,0,0,28.7366,0
63.4071,2.41136,0,0,2.1238,0.0365004,0.36288,3.6288,57.8771,0.66528,0,0,0.548004,0.343216,0,0.66528,12.849,1,0.483408,0.36288,0,29.8876,6.27473,23.4923,0.84672,12.849,0.84672,3695.15,0,0,0,0.828982,2.27914,4.21933,1.51435,5.8131,0.42336,0,0.42336,460.49,0,1.02816,0,0,1.85714,0.828982,1.028160,1,0,29.3054,0,0,0,29.3054,0
62.6087,2.58468,0,0,2.19139,0.0422351,0.36288,3.6288,57.4374,0.66528,0,0,0.527996,0.302451,0,0.66528,12.849,1,0.523768,0.36288,0,28.8872,6.14103,22.5853,0.84672,12.849,0.84672,3695.15,0,0,0,0.830779,2.27924,4.17228,1.51302,5.76928,0.42336,0,0.42336,460.49,0,1.02816,0,0,1.85894,0.830779,1.028160,1,0,28.3546,0,0,0,28.3546,0
61.9509,2.57927,0,0,2.34346,0.0591442,0.36288,3.6288,56.8779,0.66528,0,0,0.415188,0.309368,0,0.66528,12.849,1,0.529337,0.36288,0,27.3803,5.88189,21.332,0.84672,12.849,0.84672,3695.15,0,0,0,0.573091,2.44877,3.00383,1.43279,4.5929,0.42336,0,0.42336,460.49,0,1.02816,0,0,1.60125,0.573091,1.028160,1,0,25.9249,0,0,0,25.9249,0
61.5263,2.57475,0,0,2.57186,0.0588256,0.36288,3.6288,56.4171,0.66528,0,0,0.512692,0.308247,0,0.66528,12.849,1,0.534019,0.36288,0,35.2131,5.88189,29.1601,0.84672,12.849,0.84672,3695.15,0,0,0,0.961226,2.44888,3.27683,1.43279,5.25414,0.42336,0,0.42336,460.49,0,1.02816,0,0,1.98939,0.961226,1.028160,1,0,34.4142,0,0,0,34.4142,0
60.599,2.57183,0,0,2.06611,0.05862,0.36288,3.6288,55.8153,0.66528,0,0,0.370826,0.307323,0,0.66528,12.849,1,0.537095,0.36288,0,34.4087,5.88189,28.3526,0.84672,12.849,0.84672,3695.15,0,0,0,0.35297,2.44898,2.63054,1.43279,3.9997,0.42336,0,0.42336,460.49,0,1.02816,0,0,1.38113,0.35297,1.028160,1,0,32.3523,0,0,0,32.3523,0
60.1859,2.56518,0,0,2.57311,0.0581709,0.36288,3.6288,55.4777,0.66528,0,0,0.633809,0.306116,0,0.66528,12.849,1,0.543904,0.36288,0,31.4258,5.88189,25.3629,0.84672,12.849,0.84672,3695.15,0,0,0,1.58445,2.44909,4.06734,1.43279,6.66808,0.42336,0,0.42336,460.49,0,1.02816,0,0,2.61261,1.58445,1.028160,1,0,32.031,0,0,0,32.031,0
59.0593,2.47646,0,0,1.75194,0.0392725,0.36288,3.6288,55.054,0.66528,0,0,0.496348,0.254732,0,0.66528,12.849,1,0.528695,0.36288,0,20.3286,5.65599,14.5068,0.84672,12.849,0.84672,3695.15,0,0,0,1.85136,2.44919,2.56717,1.40044,5.46728,0.42336,0,0.42336,460.49,0,1.02816,0,0,2.87952,1.85136,1.028160,1,0,19.9741,0,0,0,19.9741,0
57.6665,2.4683,0,0,1.47417,0.0357687,0.36288,3.6288,54.4085,0.66528,0,0,0.265321,0.245596,0,0.66528,12.849,1,0.537006,0.36288,0,18.7945,5.61834,13.002,0.84672,12.849,0.84672,3695.15,0,0,0,0.562412,2.35122,1.76274,1.39505,3.28132,0.42336,0,0.42336,460.49,0,1.02816,0,0,1.59057,0.562412,1.028160,1,0,16.2834,0,0,0,16.2834,0
56.3311,2.45782,0,0,1.53804,0.0526818,0.36288,3.6288,53.7686,0.66528,0,0,0.255422,0.230053,0,0.66528,12.849,1,0.547641,0.36288,0,18.0651,5.41071,12.4696,0.84672,12.849,0.84672,3695.15,0,0,0,0.513734,2.35132,1.7739,1.33015,3.30881,0.42336,0,0.42336,460.49,0,1.02816,0,0,1.54189,0.513734,1.028160,1,0,15.7785,0,0,0,15.7785,0
57.8277,2.44737,0,0,4.4618,0.154994,0.36288,3.6288,53.5627,0.66528,0,0,0.601883,0.142436,0,0.66528,12.849,1,0.55824,0.36288,0,54.4488,4.16493,50.0886,0.84672,12.849,0.84672,3695.15,0,0,0,1.34799,2.35142,4.65909,0.940767,7.41773,0.42336,0,0.42336,460.49,0,1.02816,0,0,2.37615,1.34799,1.028160,1,0,57.5063,0,0,0,57.5063,0
57.7515,2.3894,0,0,2.82226,0.146161,0.36288,3.6288,53.1717,0.66528,0,0,0.428265,0.15404,0,0.66528,12.849,1,0.530911,0.36288,0,39.6734,3.94253,35.5629,0.84672,12.849,0.84672,3695.15,0,0,0,0.833095,2.35152,3.01994,0.927597,5.27696,0.42336,0,0.42336,460.49,0,1.02816,0,0,1.86125,0.833095,1.028160,1,0,40.8398,0,0,0,40.8398,0
56.3622,2.38895,0,0,1.57329,0.210789,0.36288,3.6288,52.0669,1.22419,0,0,0.279656,0.160257,0,0.66528,12.849,1,0.531511,0.36288,0,20.0688,3.73684,16.1633,0.84672,12.849,0.84672,3695.15,0,0,0,0.216518,2.26408,2.64912,1.02578,4.10393,0.42336,0,0.42336,460.49,0,0.469254,0,0,0.685772,0.216518,1.028160,1,0,20.2673,0,0,0,20.2673,0
54.7499,2.3784,0,0,1.33694,0.207927,0.36288,3.6288,51.1527,1.06924,0,0,0.313851,0.158843,0,0.66528,12.849,1,0.542208,0.36288,0,16.4055,3.73684,12.4893,0.84672,12.849,0.84672,3695.15,0,0,0,0.216518,2.26418,2.94447,1.02578,4.39938,0.42336,0,0.42336,460.49,0,0.624202,0,0,0.84072,0.216518,1.028160,1,0,16.8887,0,0,0,16.8887,0
55.9348,2.36559,0,0,4.11791,0.204605,0.36288,3.6288,51.3341,0.66528,0,0,1.00437,0.157673,0,0.66528,12.849,1,0.555169,0.36288,0,56.8393,3.73684,52.9101,0.84672,12.849,0.84672,3695.15,0,0,0,1.66055,2.26427,7.00148,1.02578,9.90052,0.42336,0,0.42336,460.49,0,1.02816,0,0,2.68871,1.66055,1.028160,1,0,62.8107,0,0,0,62.8107,0
56.7262,2.17787,0,0,3.56098,0.22879,0.36288,3.6288,51.346,0.684253,0,0,0.842251,0.146049,0,0.66528,12.849,1,0.500287,0.36288,0,46.9582,3.51807,43.3028,0.84672,12.849,0.84672,3695.15,0,0,0,0.292723,2.26437,5.61622,0.96602,7.20729,0.42336,0,0.42336,460.49,0,1.00919,0,0,1.30191,0.292723,1.028160,1,0,50.51,0,0,0,50.51,0
58.5553,2.18367,0,0,4.59787,0.222225,0.36288,3.6288,51.2357,0.66528,0,0,0.73224,0.177313,0,0.66528,12.849,1,0.494622,0.36288,0,63.3232,3.72897,59.4625,0.84672,12.849,0.84672,3695.15,0,0,0,1.26659,2.06997,7.75972,1.03901,10.0573,0.42336,0,0.42336,460.49,0,1.02816,0,0,2.29475,1.26659,1.028160,1,0,69.5198,0,0,0,69.5198,0
60.8343,2.19646,0,0,5.06457,0.226238,0.36288,3.6288,51.0704,0.66528,0,0,0.67716,0.177154,0,0.66528,12.849,1,0.481976,0.36288,0,95.4927,3.72897,91.6447,0.84672,12.849,0.84672,3695.15,0,0,0,1.56324,2.07006,8.30304,1.03901,10.8973,0.42336,0,0.42336,460.49,0,1.02816,0,0,2.5914,1.56324,1.028160,1,0,102.542,0,0,0,102.542,0
62.8869,2.21148,0,0,4.85803,0.231095,0.36288,3.6288,50.9682,0.66528,0,0,0.739981,0.176917,0,0.66528,12.849,1,0.467093,0.36288,0,71.3362,3.72897,67.503,0.84672,12.849,0.84672,3695.15,0,0,0,1.40149,2.07014,7.74118,1.03901,10.1738,0.42336,0,0.42336,460.49,0,1.02816,0,0,2.42965,1.40149,1.028160,1,0,77.6768,0,0,0,77.6768,0
64.8906,2.22425,0,0,4.83243,0.241622,0.36288,3.6288,50.846,0.66528,0,0,0.696946,0.153885,0,0.66528,12.849,1,0.454457,0.36288,0,71.5007,3.37585,68.0332,0.84672,12.849,0.84672,3695.15,0,0,0,0.999026,2.07023,7.06743,0.858701,9.27799,0.42336,0,0.42336,460.49,0,1.02816,0,0,2.02719,0.999026,1.028160,1,0,77.3112,0,0,0,77.3112,0
69.0946,2.23596,0,0,7.06,0.257144,0.36288,3.6288,52.44,0.66528,0,0,2.4346,0.17533,0,0.66528,12.849,1,0.442744,0.36288,0,133.571,3.72524,129.766,0.84672,12.849,0.84672,3695.15,0,0,0,3.80038,2.07032,13.8525,0.941609,18.7816,0.42336,0,0.42336,460.49,0,1.02816,0,0,4.82854,3.80038,1.028160,1,0,148.547,0,0,0,148.547,0
72.2632,2.59252,0,0,6.39097,0.266927,0.36288,3.6288,54.357,0.66528,0,0,2.78108,0.198708,0,0.66528,12.849,1,0.482112,0.36288,0,125.089,4.05332,120.917,0.84672,12.849,0.84672,3695.15,0,0,0,4.04659,2.07032,12.7235,1.07094,17.7695,0.42336,0,0.42336,460.49,0,1.02816,0,0,5.07475,4.04659,1.028160,1,0,138.686,0,0,0,138.686,0
72.29,2.61058,0,0,5.41979,0.273504,2.50892,3.6288,55.3625,0.66528,0,0,1.87239,0.20163,0,0.66528,12.849,1,0.464183,2.50892,0,98.5807,4.05332,96.5721,0.84672,12.849,0.84672,3695.15,0,0,0,2.92844,1.9541,12.6726,1.07094,16.4842,0.42336,0,0.42336,460.49,0,1.02816,0,0,3.9566,2.92844,1.028160,1,0,113.056,0,0,0,113.056,0
72.29,2.61083,0,0,6.67161,0.320309,3.74047,3.6288,56.5988,0.66528,0,0,2.09247,0.190945,0,0.66528,12.849,1,0.464056,3.74047,0,136.236,4.18625,135.326,0.84672,12.849,0.84672,3695.15,0,0,0,3.1898,1.95418,14.0725,1.30273,17.9137,0.42336,0,0.42336,460.49,0,1.02816,0,0,4.21796,3.1898,1.028160,1,0,153.239,0,0,0,153.239,0
72.29,2.61094,0,0,5.74542,0.319654,2.81483,3.6288,57.9372,0.66528,0,0,2.19358,0.189857,0,0.66528,12.849,1,0.464074,2.81483,0,128.299,4.08823,126.561,0.84672,12.849,0.84672,3695.15,0,0,0,2.8816,1.95426,11.2596,1.23526,14.8602,0.42336,0,0.42336,460.49,0,1.02816,0,0,3.90976,2.8816,1.028160,1,0,141.421,0,0,0,141.421,0
72.29,2.86572,0,0,19.2994,0.318015,16.1157,3.6288,61.308,0.66528,0,0,5.41056,0.184859,1.18963,0.66528,12.849,1,0.50936,16.1157,0,297.128,3.84321,308.891,0.84672,12.849,0.84672,3695.15,0,0,0,7.28176,1.95434,38.3086,1.06659,46.4781,0.42336,0,0.42336,460.49,0,1.02816,0,0,8.30992,7.28176,1.028160,1,0,356.559,0,0,0,356.559,0
72.29,2.86584,0,0,7.64355,0.318015,4.4597,3.6288,61.308,0.66528,0,0,2.59903,0.188884,1.74487,0.66528,12.849,1,0.509381,4.4597,0,349.676,3.84321,349.783,0.84672,12.849,0.84672,3695.15,0,0,0,3.39542,2.17267,16.7525,1.06659,21.254,0.42336,0,0.42336,460.49,0,1.02816,0,0,4.42358,3.39542,1.028160,1,0,372.782,0,0,0,372.782,0
72.29,2.86595,0,0,5.87516,0.324523,2.68468,3.6288,61.308,0.66528,0,0,2.1797,0.237104,1.27731,0.66528,12.849,1,0.509401,2.68468,0,183.809,4.42088,181.563,0.84672,12.849,0.84672,3695.15,0,0,0,2.86992,2.17275,13.9883,1.16644,17.8646,0.42336,0,0.42336,460.49,0,1.02816,0,0,3.89808,2.86992,1.028160,1,0,200.705,0,0,0,200.705,0
72.29,2.86607,0,0,6.31055,0.340257,3.10423,3.6288,61.308,0.66528,0,0,4.31606,0.27393,3.37685,0.66528,12.849,1,0.509422,3.10423,0,211.219,4.40324,209.41,0.84672,12.849,0.84672,3695.15,0,0,0,4.77869,2.17284,21.1479,1.09134,27.0081,0.42336,0,0.42336,460.49,0,1.02816,0,0,5.80685,4.77869,1.028160,1,0,239.795,0,0,0,239.795,0
72.29,2.50288,0,0,8.01507,0.34197,5.17022,3.6288,61.308,0.66528,0,0,4.54828,0.262893,3.6201,0.66528,12.849,1,0.444868,5.17022,0,267.448,3.37449,268.799,0.84672,12.849,0.84672,3695.15,0,0,0,5.051,2.17293,22.2498,0.84703,28.6267,0.42336,0,0.42336,460.49,0,1.02816,0,0,6.07916,5.051,1.028160,1,0,301.045,0,0,0,301.045,0
72.29,2.50298,0,0,7.90214,0.34197,5.05719,3.6288,61.308,0.66528,0,0,4.75747,0.262893,3.8293,0.66528,12.849,1,0.444886,5.05719,0,266.529,3.37449,267.767,0.84672,12.849,0.84672,3695.15,0,0,0,5.51113,1.87534,22.7645,0.84703,29.3039,0.42336,0,0.42336,460.49,0,1.02816,0,0,6.53929,5.51113,1.028160,1,0,300.9,0,0,0,300.9,0
72.29,2.50308,0,0,6.06557,0.300537,3.26196,3.6288,61.308,0.66528,0,0,3.65021,0.253585,2.73135,0.66528,12.849,1,0.444904,3.26196,0,186.7,3.79113,185.726,0.84672,12.849,0.84672,3695.15,0,0,0,4.2219,1.87542,19.3743,0.927943,24.5436,0.42336,0,0.42336,460.49,0,1.02816,0,0,5.25006,4.2219,1.028160,1,0,213.001,0,0,0,213.001,0
72.29,2.50318,0,0,5.50987,0.300537,2.70615,3.6288,61.308,0.66528,0,0,3.38773,0.253585,2.46886,0.66528,12.849,1,0.444922,2.70615,0,170.596,3.79113,169.066,0.84672,12.849,0.84672,3695.15,0,0,0,3.67301,1.87549,16.2382,0.927943,20.8588,0.42336,0,0.42336,460.49,0,1.02816,0,0,4.70117,3.67301,1.028160,1,0,192.394,0,0,0,192.394,0
72.29,2.50328,0,0,6.64761,0.324095,3.82023,3.6288,61.308,0.66528,0,0,3.97757,0.224041,3.08825,0.66528,12.849,1,0.44494,3.82023,0,247.468,4.104,246.739,0.84672,12.849,0.84672,3695.15,0,0,0,4.08898,1.87557,14.9005,0.945332,19.9198,0.42336,0,0.42336,460.49,0,1.02816,0,0,5.11714,4.08898,1.028160,1,0,269.747,0,0,0,269.747,0
72.29,2.59485,0,0,5.86847,0.322971,2.95064,3.6288,61.308,0.66528,0,0,3.66987,0.224319,2.78028,0.66528,12.849,1,0.461216,2.95064,0,145.514,3.64759,144.356,0.84672,12.849,0.84672,3695.15,0,0,0,3.7895,1.87564,15.9694,0.886046,20.7485,0.42336,0,0.42336,460.49,0,1.02816,0,0,4.81766,3.7895,1.028160,1,0,167.885,0,0,0,167.885,0
72.29,2.59496,0,0,5.44387,0.322971,2.52593,3.6288,61.308,0.66528,0,0,3.44002,0.224319,2.55042,0.66528,12.849,1,0.461235,2.52593,0,116.525,3.64759,114.942,0.84672,12.849,0.84672,3695.15,0,0,0,3.6239,1.94913,16.1914,0.886046,20.8783,0.42336,0,0.42336,460.49,0,1.02816,0,0,4.65206,3.6239,1.028160,1,0,138.371,0,0,0,138.371,0
72.29,2.59507,0,0,5.67733,0.322971,2.75929,3.6288,61.308,0.66528,0,0,3.46342,0.224319,2.57382,0.66528,12.849,1,0.461253,2.75929,0,203.704,3.64759,202.355,0.84672,12.849,0.84672,3695.15,0,0,0,3.67565,1.94921,17.4703,0.886046,22.2091,0.42336,0,0.42336,460.49,0,1.02816,0,0,4.70381,3.67565,1.028160,1,0,227.138,0,0,0,227.138,0
72.29,2.59517,0,0,4.30529,0.296368,1.41375,3.6288,61.308,0.66528,0,0,2.45015,0.211043,1.57383,0.66528,12.849,1,0.461272,1.41375,0,154.031,3.41131,151.572,0.84672,12.849,0.84672,3695.15,0,0,0,2.70341,1.94929,12.7234,0.892086,16.484,0.42336,0,0.42336,460.49,0,1.02816,0,0,3.73157,2.70341,1.028160,1,0,169.63,0,0,0,169.63,0
72.29,2.55951,0,0,3.36072,0.253946,0.547264,3.6288,61.308,0.66528,0,0,1.78056,0.228336,0.886941,0.66528,12.849,1,0.454933,0.547264,0,93.4891,3.95882,89.6226,0.84672,12.849,0.84672,3695.15,0,0,0,1.98158,1.94936,8.19824,0.949407,11.1798,0.42336,0,0.42336,460.49,0,1.02816,0,0,3.00974,1.98158,1.028160,1,0,101.689,0,0,0,101.689,0
72.2521,2.55961,0,0,3.13851,0.253946,0.36288,3.6288,61.308,0.66528,0,0,1.59085,0.228336,0.697232,0.66528,12.849,1,0.454952,0.36288,0,85.9516,3.95882,81.9007,0.84672,12.849,0.84672,3695.15,0,0,0,1.72167,1.92088,7.44198,0.949407,10.1351,0.42336,0,0.42336,460.49,0,1.02816,0,0,2.74983,1.72167,1.028160,1,0,92.733,0,0,0,92.733,0
72.1313,2.55951,0,0,3.05552,0.253873,0.36288,3.6288,61.308,0.66528,0,0,1.56264,0.228336,0.669023,0.66528,12.849,1,0.455173,0.36288,0,66.506,3.95882,62.4549,0.84672,12.849,0.84672,3695.15,0,0,0,1.70314,1.92095,7.47636,0.949407,10.1511,0.42336,0,0.42336,460.49,0,1.02816,0,0,2.7313,1.70314,1.028160,1,0,73.2749,0,0,0,73.2749,0
71.9041,2.55897,0,0,2.91047,0.215817,0.36288,3.6288,61.308,0.66528,0,0,1.49091,0.216551,0.609079,0.66528,12.849,1,0.455838,0.36288,0,59.7974,3.09957,56.6049,0.84672,12.849,0.84672,3695.15,0,0,0,1.5511,1.92103,6.89196,0.797052,9.56704,0.42336,0,0.42336,460.49,0,1.02816,0,0,2.57926,1.5511,1.028160,1,0,66.781,0,0,0,66.781,0
71.609,2.67919,0,0,2.9409,0.193983,0.36288,3.6288,61.308,0.66528,0,0,1.51139,0.178424,0.667683,0.66528,12.849,1,0.478761,0.36288,0,76.6377,3.32682,73.195,0.84672,12.849,0.84672,3695.15,0,0,0,1.85453,1.92111,7.52155,0.911804,10.3854,0.42336,0,0.42336,460.49,0,1.02816,0,0,2.88269,1.85453,1.028160,1,0,84.248,0,0,0,84.248,0
71.1574,2.67762,0,0,2.78244,0.193547,0.36288,3.6288,61.308,0.66528,0,0,1.34994,0.178424,0.506235,0.66528,12.849,1,0.480454,0.36288,0,70.9024,3.32682,67.458,0.84672,12.849,0.84672,3695.15,0,0,0,1.48649,2.02131,7.06104,0.911804,9.65704,0.42336,0,0.42336,460.49,0,1.02816,0,0,2.51465,1.48649,1.028160,1,0,77.6213,0,0,0,77.6213,0
70.59,2.67515,0,0,2.63223,0.161578,0.36288,3.6288,61.308,0.66528,0,0,1.28017,0.22341,0.391482,0.66528,12.849,1,0.483056,0.36288,0,65.0367,3.93801,60.9785,0.84672,12.849,0.84672,3695.15,0,0,0,1.10868,2.0214,5.96748,1.07547,8.02209,0.42336,0,0.42336,460.49,0,1.02816,0,0,2.13684,1.10868,1.028160,1,0,69.3921,0,0,0,69.3921,0
69.877,2.67197,0,0,2.44114,0.11932,0.36288,3.6288,61.308,0.66528,0,0,1.20989,0.283391,0.261223,0.66528,12.849,1,0.486361,0.36288,0,61.649,4.75293,56.7726,0.84672,12.849,0.84672,3695.15,0,0,0,1.00479,2.02148,5.57023,1.29368,7.30282,0.42336,0,0.42336,460.49,0,1.02816,0,0,2.03295,1.00479,1.028160,1,0,64.3366,0,0,0,64.3366,0
69.5309,2.41246,0,0,2.55045,0.121127,0.36288,3.6288,61.308,0.66528,0,0,1.43321,0.277556,0.490376,0.66528,12.849,1,0.443604,0.36288,0,57.9458,4.9446,52.9205,0.84672,12.849,0.84672,3695.15,0,0,0,1.04809,2.02156,6.71628,1.26332,8.52261,0.42336,0,0.42336,460.49,0,1.02816,0,0,2.07625,1.04809,1.028160,1,0,61.9335,0,0,0,61.9335,0
69.1308,2.38683,0,0,2.46599,0.116378,0.36288,3.6288,61.308,0.66528,0,0,1.44806,0.28346,0.499324,0.66528,12.849,1,0.441075,0.36288,0,53.8068,4.98393,48.7447,0.84672,12.849,0.84672,3695.15,0,0,0,0.999752,2.19861,6.87684,1.28105,8.79415,0.42336,0,0.42336,460.49,0,1.02816,0,0,2.02791,0.999752,1.028160,1,0,58.0382,0,0,0,58.0382,0
68.5703,2.38478,0,0,2.30311,0.116018,0.36288,3.6288,61.308,0.66528,0,0,1.26802,0.28346,0.319275,0.66528,12.849,1,0.443247,0.36288,0,49.5464,4.98393,44.4821,0.84672,12.849,0.84672,3695.15,0,0,0,0.920834,2.23369,6.51845,1.28105,8.39193,0.42336,0,0.42336,460.49,0,1.02816,0,0,1.94899,0.920834,1.028160,1,0,53.1933,0,0,0,53.1933,0
67.8821,2.38184,0,0,2.17201,0.115512,0.36288,3.6288,61.308,0.66528,0,0,1.18263,0.28346,0.233886,0.66528,12.849,1,0.446319,0.36288,0,47.4439,4.98393,42.3765,0.84672,12.849,0.84672,3695.15,0,0,0,0.810613,2.23378,6.17715,1.28105,7.9405,0.42336,0,0.42336,460.49,0,1.02816,0,0,1.83877,0.810613,1.028160,1,0,50.5509,0,0,0,50.5509,0
66.9969,2.37814,0,0,1.95928,0.10337,0.36288,3.6288,61.308,0.66528,0,0,1.11614,0.29266,0.158201,0.66528,12.849,1,0.450144,0.36288,0,38.7931,5.43015,33.2757,0.84672,12.849,0.84672,3695.15,0,0,0,0.286425,2.23386,5.19197,1.33988,6.37238,0.42336,0,0.42336,460.49,0,1.02816,0,0,1.31458,0.286425,1.028160,1,0,39.8062,0,0,0,39.8062,0
65.8848,2.43457,0,0,1.77269,0.0873979,0.36288,3.6288,61,0.885574,0,0,0.882464,0.304927,0,0.66528,12.849,1,0.466913,0.36288,0,45.8511,6.02511,39.722,0.84672,12.849,0.84672,3695.15,0,0,0,0.261274,2.23395,4.79427,1.41834,5.87115,0.42336,0,0.42336,460.49,0,0.807866,0,0,1.06914,0.261274,1.028160,1,0,45.5931,0,0,0,45.5931,0
64.6605,2.42808,0,0,1.65329,0.0866295,0.36288,3.6288,60.5779,0.899338,0,0,0.781618,0.304333,0,0.66528,12.849,1,0.47353,0.36288,0,36.2721,6.02511,30.1363,0.84672,12.849,0.84672,3695.15,0,0,0,0.261274,2.28365,4.37605,1.41834,5.50264,0.42336,0,0.42336,460.49,0,0.794102,0,0,1.05538,0.261274,1.028160,1,0,35.639,0,0,0,35.639,0
63.2949,2.42071,0,0,1.50383,0.0857837,0.36288,3.6288,59.9779,1.03064,0,0,0.734193,0.30352,0,0.66528,12.849,1,0.481031,0.36288,0,33.3535,6.02511,27.2103,0.84672,12.849,0.84672,3695.15,0,0,0,0.227405,2.28374,4.00502,1.41834,5.09782,0.42336,0,0.42336,460.49,0,0.6628,0,0,0.890205,0.227405,1.028160,1,0,32.3081,0,0,0,32.3081,0
62.1458,2.41219,0,0,1.70142,0.0754942,0.36288,3.6288,59.8575,0.716792,0,0,0.892616,0.296224,0,0.66528,12.849,1,0.489679,0.36288,0,34.2999,6.16661,28.0065,0.84672,12.849,0.84672,3695.15,0,0,0,0.227405,2.28382,5.87157,1.45521,6.92758,0.42336,0,0.42336,460.49,0,0.976648,0,0,1.20405,0.227405,1.028160,1,0,34.9341,0,0,0,34.9341,0
60.1328,2.58214,0,0,1.0182,0.086139,0.36288,3.6288,59.0133,1.18639,0,0,0.647901,0.305782,0,0.66528,12.849,1,0.533871,0.36288,0,22.1523,6.40185,15.5794,0.84672,12.849,0.84672,3695.15,0,0,0,0.227405,2.28391,3.06625,1.47605,4.10152,0.42336,0,0.42336,460.49,0,0.507055,0,0,0.73446,0.227405,1.028160,1,0,19.6809,0,0,0,19.6809,0
58.0113,2.56753,0,0,0.893523,0.0846957,0.36288,3.6288,58.1151,1.21911,0,0,0.625055,0.304135,0,0.66528,12.849,1,0.548621,0.36288,0,28.1595,6.40185,21.5719,0.84672,12.849,0.84672,3695.15,0,0,0,0.227405,2.4538,2.94445,1.47605,4.14961,0.42336,0,0.42336,460.49,0,0.474334,0,0,0.701739,0.227405,1.028160,1,0,25.7215,0,0,0,25.7215,0
55.9267,2.55121,0,0,0.912557,0.0829795,0.36288,3.6288,57.3734,1.15634,0,0,0.717003,0.302383,0,0.66528,12.849,1,0.565072,0.36288,0,24.3931,6.40185,17.7891,0.84672,12.849,0.84672,3695.15,0,0,0,0.204422,2.4539,3.05775,1.47605,4.24002,0.42336,0,0.42336,460.49,0,0.537101,0,0,0.741524,0.204422,1.028160,1,0,22.0291,0,0,0,22.0291,0
53.868,2.5342,0,0,0.920765,0.0823977,0.36288,3.6288,56.8264,0.975171,0,0,0.722432,0.294213,0,0.66528,12.849,1,0.582225,0.36288,0,24.7506,6.21701,18.3142,0.84672,12.849,0.84672,3695.15,0,0,0,0.204422,2.45399,3.91104,1.40409,5.16536,0.42336,0,0.42336,460.49,0,0.718269,0,0,0.922692,0.204422,1.028160,1,0,23.4796,0,0,0,23.4796,0
52.1039,2.51635,0,0,1.20405,0.088952,0.36288,3.6288,57.3822,0.66528,0,0,1.51291,0.291882,0,0.66528,12.849,1,0.600217,0.36288,0,35.0253,6.20443,28.5836,0.84672,12.849,0.84672,3695.15,0,0,0,0.776347,2.45408,6.1176,1.3649,7.98314,0.42336,0,0.42336,460.49,0,1.02816,0,0,1.80451,0.776347,1.028160,1,0,36.5667,0,0,0,36.5667,0
50.6757,2.41647,0,0,1.47257,0.121451,0.36288,3.6288,58.3753,0.66528,0,0,1.94003,0.281639,0,0.66528,12.849,1,0.59591,0.36288,0,33.8338,6.42217,27.1786,0.84672,12.849,0.84672,3695.15,0,0,0,1.23396,2.45417,6.74038,1.44605,8.98247,0.42336,0,0.42336,460.49,0,1.02816,0,0,2.26212,1.23396,1.028160,1,0,36.1611,0,0,0,36.1611,0
49.8385,2.40318,0,0,2.07321,0.14434,0.36288,3.6288,59.5524,0.66528,0,0,2.10555,0.263134,0,0.66528,12.849,1,0.609335,0.36288,0,37.7635,6.25653,31.2606,0.84672,12.849,0.84672,3695.15,0,0,0,1.53079,2.35597,6.00633,1.38916,8.50394,0.42336,0,0.42336,460.49,0,1.02816,0,0,2.55895,1.53079,1.028160,1,0,39.7645,0,0,0,39.7645,0
49.7838,2.39515,0,0,2.84643,0.143072,0.36288,3.6288,61.308,0.66528,0,0,3.40555,0.265129,0.719552,0.66528,12.849,1,0.617501,0.36288,0,72.5513,6.25653,66.0401,0.84672,12.849,0.84672,3695.15,0,0,0,3.19553,2.35606,10.658,1.38916,14.8205,0.42336,0,0.42336,460.49,0,1.02816,0,0,4.22369,3.19553,1.028160,1,0,81.5802,0,0,0,81.5802,0
49.3726,2.39472,0,0,2.50694,0.160525,0.36288,3.6288,61.308,0.66528,0,0,2.60886,0.253363,1.69021,0.66528,12.849,1,0.618067,0.36288,0,85.3286,5.68155,79.3919,0.84672,12.849,0.84672,3695.15,0,0,0,2.2269,2.35615,6.97359,1.28525,10.2714,0.42336,0,0.42336,460.49,0,1.02816,0,0,3.25506,2.2269,1.028160,1,0,91.3535,0,0,0,91.3535,0
49.4901,2.32278,0,0,3.00659,0.203471,0.36288,3.6288,61.308,0.66528,0,0,1.78624,0.21651,0.904452,0.66528,12.849,1,0.604494,0.36288,0,76.9669,4.2441,72.4811,0.84672,12.849,0.84672,3695.15,0,0,0,2.22061,2.35624,7.28593,1.02548,10.8373,0.42336,0,0.42336,460.49,0,1.02816,0,0,3.24877,2.22061,1.028160,1,0,84.2229,0,0,0,84.2229,0
49.6086,2.32403,0,0,3.00915,0.203728,0.36288,3.6288,61.308,0.66528,0,0,1.80423,0.21651,0.92244,0.66528,12.849,1,0.603382,0.36288,0,78.5946,4.2441,74.11,0.84672,12.849,0.84672,3695.15,0,0,0,2.29969,2.26859,9.06212,1.02548,12.6049,0.42336,0,0.42336,460.49,0,1.02816,0,0,3.32785,2.29969,1.028160,1,0,87.6374,0,0,0,87.6374,0
50.0046,2.32528,0,0,3.28816,0.203985,0.36288,3.6288,61.308,0.66528,0,0,3.21307,0.21651,2.33128,0.66528,12.849,1,0.602264,0.36288,0,81.6497,4.2441,77.1662,0.84672,12.849,0.84672,3695.15,0,0,0,3.3579,2.26868,9.66836,1.02548,14.2695,0.42336,0,0.42336,460.49,0,1.02816,0,0,4.38606,3.3579,1.028160,1,0,93.767,0,0,0,93.767,0
49.9654,2.32918,0,0,2.8748,0.221917,0.36288,3.6288,61.308,0.66528,0,0,3.15586,0.222659,2.26792,0.66528,12.849,1,0.598496,0.36288,0,82.6675,3.77022,78.6617,0.84672,12.849,0.84672,3695.15,0,0,0,2.99964,2.26876,10.1747,0.92469,14.5184,0.42336,0,0.42336,460.49,0,1.02816,0,0,4.0278,2.99964,1.028160,1,0,95.448,0,0,0,95.448,0
51.048,2.1354,0,0,3.8428,0.261938,0.36288,3.6288,61.308,0.66528,0,0,3.02518,0.204133,2.15577,0.66528,12.849,1,0.549134,0.36288,0,101.352,4.27728,96.888,0.84672,12.849,0.84672,3695.15,0,0,0,3.20154,2.26885,14.3644,1.14098,18.6938,0.42336,0,0.42336,460.49,0,1.02816,0,0,4.2297,3.20154,1.028160,1,0,117.738,0,0,0,117.738,0
51.5967,2.1448,0,0,3.3213,0.264938,0.36288,3.6288,61.308,0.66528,0,0,3.00988,0.204133,2.14047,0.66528,12.849,1,0.539855,0.36288,0,97.8972,4.27728,93.443,0.84672,12.849,0.84672,3695.15,0,0,0,3.21359,2.07402,13.725,1.14098,17.8716,0.42336,0,0.42336,460.49,0,1.02816,0,0,4.24175,3.21359,1.028160,1,0,113.455,0,0,0,113.455,0
52.9382,2.14949,0,0,4.11352,0.259629,0.36288,3.6288,61.308,0.66528,0,0,2.99878,0.197932,2.13557,0.66528,12.849,1,0.535283,0.36288,0,90.8988,4.0629,86.6635,0.84672,12.849,0.84672,3695.15,0,0,0,3.24715,2.07409,14.0465,1.1142,18.2535,0.42336,0,0.42336,460.49,0,1.02816,0,0,4.27531,3.24715,1.028160,1,0,107.053,0,0,0,107.053,0
55.1673,2.16051,0,0,4.99048,0.237977,0.36288,3.6288,61.308,0.66528,0,0,3.19251,0.20077,2.32646,0.66528,12.849,1,0.524391,0.36288,0,150.163,3.41557,146.586,0.84672,12.849,0.84672,3695.15,0,0,0,3.22971,2.07417,13.9448,0.885868,18.3628,0.42336,0,0.42336,460.49,0,1.02816,0,0,4.25787,3.22971,1.028160,1,0,167.275,0,0,0,167.275,0
56.7453,2.17779,0,0,4.35365,0.235039,0.36288,3.6288,61.308,0.66528,0,0,2.42786,0.235237,1.52734,0.66528,12.849,1,0.507228,0.36288,0,98.9971,4.42647,94.4263,0.84672,12.849,0.84672,3695.15,0,0,0,2.09017,2.07425,11.5066,1.14388,14.5271,0.42336,0,0.42336,460.49,0,1.02816,0,0,3.11833,2.09017,1.028160,1,0,110.481,0,0,0,110.481,0
59.7629,2.2657,0,0,5.88634,0.240117,0.36288,3.6288,61.308,0.66528,0,0,3.38263,0.262036,2.45531,0.66528,12.849,1,0.513028,0.36288,0,86.3153,5.45234,80.7128,0.84672,12.849,0.84672,3695.15,0,0,0,2.28932,2.07433,15.7459,1.48713,18.6224,0.42336,0,0.42336,460.49,0,1.02816,0,0,3.31748,2.28932,1.028160,1,0,101.791,0,0,0,101.791,0
61.8612,2.28711,0,0,4.99552,0.247269,0.36288,3.6288,61.308,0.66528,0,0,2.20863,0.262036,1.28131,0.66528,12.849,1,0.491727,0.36288,0,95.6292,5.45234,90.0481,0.84672,12.849,0.84672,3695.15,0,0,0,1.2879,2.13519,10.1232,1.48713,12.0592,0.42336,0,0.42336,460.49,0,1.02816,0,0,2.31606,1.2879,1.028160,1,0,103.389,0,0,0,103.389,0
63.987,2.30101,0,0,5.04147,0.251784,0.36288,3.6288,61.308,0.66528,0,0,2.85507,0.262036,1.92775,0.66528,12.849,1,0.477935,0.36288,0,91.0924,5.45234,85.525,0.84672,12.849,0.84672,3695.15,0,0,0,1.82834,2.13526,9.95414,1.48713,12.4306,0.42336,0,0.42336,460.49,0,1.02816,0,0,2.8565,1.82834,1.028160,1,0,99.8834,0,0,0,99.8834,0
64.6363,2.31432,0,0,3.63752,0.31098,0.36288,3.6288,61.308,0.66528,0,0,2.02303,0.238743,1.11901,0.66528,12.849,1,0.46473,0.36288,0,65.7305,4.32318,61.3055,0.84672,12.849,0.84672,3695.15,0,0,0,1.27429,2.13532,7.00392,1.18511,9.22842,0.42336,0,0.42336,460.49,0,1.02816,0,0,2.30245,1.27429,1.028160,1,0,71.6529,0,0,0,71.6529,0
65.5553,2.56903,0,0,4.11879,0.267879,0.36288,3.6288,61.308,0.66528,0,0,3.67617,0.233312,2.77758,0.66528,12.849,1,0.510695,0.36288,0,61.1933,3.51981,57.5257,0.84672,12.849,0.84672,3695.15,0,0,0,3.28835,2.13539,13.3826,1.067,17.7393,0.42336,0,0.42336,460.49,0,1.02816,0,0,4.31651,3.28835,1.028160,1,0,78.0426,0,0,0,78.0426,0
66.8112,2.57511,0,0,4.46373,0.269862,0.36288,3.6288,61.308,0.66528,0,0,3.64321,0.233312,2.74462,0.66528,12.849,1,0.504728,0.36288,0,104.035,3.51981,100.373,0.84672,12.849,0.84672,3695.15,0,0,0,3.32006,2.35417,13.2704,1.067,17.8777,0.42336,0,0.42336,460.49,0,1.02816,0,0,4.34822,3.32006,1.028160,1,0,120.996,0,0,0,120.996,0
67.6466,2.83679,0,0,4.30765,0.272572,0.36288,3.6288,61.308,0.66528,0,0,2.79186,0.233312,1.89327,0.66528,12.849,1,0.545567,0.36288,0,105.751,3.51981,102.049,0.84672,12.849,0.84672,3695.15,0,0,0,2.56223,2.35424,12.4127,1.067,16.2621,0.42336,0,0.42336,460.49,0,1.02816,0,0,3.59039,2.56223,1.028160,1,0,120.204,0,0,0,120.204,0
67.4573,2.84256,0,0,3.31848,0.302329,0.36288,3.6288,61.308,0.66528,0,0,1.80959,0.212501,0.931806,0.66528,12.849,1,0.539924,0.36288,0,59.2961,3.45045,55.6686,0.84672,12.849,0.84672,3695.15,0,0,0,2.60317,2.17735,10.7805,0.971807,14.5892,0.42336,0,0.42336,460.49,0,1.02816,0,0,3.63133,2.60317,1.028160,1,0,71.1896,0,0,0,71.1896,0
67.8158,2.48122,0,0,3.48812,0.28553,0.36288,3.6288,61.308,0.66528,0,0,2.44362,0.188541,1.5898,0.66528,12.849,1,0.472613,0.36288,0,65.3492,3.35979,61.8797,0.84672,12.849,0.84672,3695.15,0,0,0,3.26469,2.17743,10.624,1.006,15.0601,0.42336,0,0.42336,460.49,0,1.02816,0,0,4.29285,3.26469,1.028160,1,0,78.5296,0,0,0,78.5296,0
70.1483,2.48341,0,0,5.46509,0.286336,0.36288,3.6288,61.308,0.66528,0,0,4.13262,0.188541,3.2788,0.66528,12.849,1,0.470529,0.36288,0,90.1645,3.35979,86.697,0.84672,12.849,0.84672,3695.15,0,0,0,4.00595,1.87921,17.6004,1.006,22.4795,0.42336,0,0.42336,460.49,0,1.02816,0,0,5.03411,4.00595,1.028160,1,0,112.455,0,0,0,112.455,0
72.29,2.49672,0,0,5.47285,0.291582,0.542845,3.6288,61.308,0.66528,0,0,3.01469,0.188541,2.16086,0.66528,12.849,1,0.457321,0.542845,0,131.024,3.35979,127.75,0.84672,12.849,0.84672,3695.15,0,0,0,4.34406,1.87928,14.8708,1.006,20.0882,0.42336,0,0.42336,460.49,0,1.02816,0,0,5.37222,4.34406,1.028160,1,0,149.999,0,0,0,149.999,0
72.29,2.50831,0,0,4.14885,0.329007,1.31154,3.6288,61.308,0.66528,0,0,2.54026,0.145231,1.72975,0.66528,12.849,1,0.445833,1.31154,0,85.1507,2.86317,83.1532,0.84672,12.849,0.84672,3695.15,0,0,0,3.05428,1.87934,11.4504,0.867978,15.5161,0.42336,0,0.42336,460.49,0,1.02816,0,0,4.08244,3.05428,1.028160,1,0,100.399,0,0,0,100.399,0
72.29,2.5084,0,0,3.32585,0.343879,0.473572,3.6288,61.308,0.66528,0,0,2.25598,0.15047,1.44023,0.66528,12.849,1,0.445848,0.473572,0,58.4454,3.00153,55.4716,0.84672,12.849,0.84672,3695.15,0,0,0,2.3105,1.87941,8.76407,0.759123,12.1949,0.42336,0,0.42336,460.49,0,1.02816,0,0,3.33866,2.3105,1.028160,1,0,69.1066,0,0,0,69.1066,0
71.827,2.60014,0,0,2.84011,0.340045,0.36288,3.6288,61.308,0.66528,0,0,1.98757,0.165559,1.15673,0.66528,12.849,1,0.462155,0.36288,0,63.6493,3.20586,60.3442,0.84672,12.849,0.84672,3695.15,0,0,0,1.75848,1.87947,7.18502,0.756988,10.066,0.42336,0,0.42336,460.49,0,1.02816,0,0,2.78664,1.75848,1.028160,1,0,71.5669,0,0,0,71.5669,0
70.9113,2.5977,0,0,2.38372,0.338851,0.36288,3.6288,61.308,0.66528,0,0,1.60288,0.165559,0.772045,0.66528,12.849,1,0.464698,0.36288,0,43.491,3.20586,40.1833,0.84672,12.849,0.84672,3695.15,0,0,0,2.05864,1.9531,5.79318,0.756988,9.04793,0.42336,0,0.42336,460.49,0,1.02816,0,0,3.0868,2.05864,1.028160,1,0,50.0033,0,0,0,50.0033,0
70.1003,2.59271,0,0,2.46512,0.320573,0.36288,3.6288,61.308,0.66528,0,0,1.38722,0.130173,0.591768,0.66528,12.849,1,0.469795,0.36288,0,47.3739,2.5044,44.7626,0.84672,12.849,0.84672,3695.15,0,0,0,2.00623,1.95316,4.78735,0.658694,8.08805,0.42336,0,0.42336,460.49,0,1.02816,0,0,3.03439,2.00623,1.028160,1,0,53.4424,0,0,0,53.4424,0
69.2208,2.58821,0,0,2.37199,0.300404,0.36288,3.6288,61.308,0.66528,0,0,1.26031,0.125278,0.46975,0.66528,12.849,1,0.474405,0.36288,0,41.5752,2.73657,38.7271,0.84672,12.849,0.84672,3695.15,0,0,0,1.42651,1.95323,3.91166,0.730749,6.56065,0.42336,0,0.42336,460.49,0,1.02816,0,0,2.45467,1.42651,1.028160,1,0,45.7575,0,0,0,45.7575,0
67.9858,2.54761,0,0,1.99722,0.321698,0.36288,3.6288,61.308,0.820143,0,0,1.14161,0.170417,0.151052,0.66528,12.849,1,0.472897,0.36288,0,34.9671,3.97026,30.8868,0.84672,12.849,0.84672,3695.15,0,0,0,0.528595,1.9533,3.55177,0.947777,5.08589,0.42336,0,0.42336,460.49,0,0.873297,0,0,1.40189,0.528595,1.028160,1,0,36.1238,0,0,0,36.1238,0
66.6908,2.54048,0,0,1.83182,0.223509,0.36288,3.6288,61.1367,0.932748,0,0,0.977616,0.216194,0,0.66528,12.849,1,0.480138,0.36288,0,31.9227,4.37388,27.4316,0.84672,12.849,0.84672,3695.15,0,0,0,0.528595,1.92474,3.31019,0.971877,4.79165,0.42336,0,0.42336,460.49,0,0.760692,0,0,1.28929,0.528595,1.028160,1,0,32.2232,0,0,0,32.2232,0
65.3559,2.53275,0,0,1.78203,0.221239,0.36288,3.6288,61.308,0.665427,0,0,1.07835,0.21596,0.0256357,0.66528,12.849,1,0.487973,0.36288,0,30.852,4.37388,26.353,0.84672,12.849,0.84672,3695.15,0,0,0,0.402797,1.92481,3.83798,0.971877,5.19371,0.42336,0,0.42336,460.49,0,1.02801,0,0,1.43081,0.402797,1.028160,1,0,31.5723,0,0,0,31.5723,0
64.2265,2.27179,0,0,1.72416,0.218899,0.36288,3.6288,61.308,0.838719,0,0,1.08262,0.216194,0.0277041,0.66528,12.849,1,0.446635,0.36288,0,29.2497,4.37388,24.792,0.84672,12.849,0.84672,3695.15,0,0,0,0.402797,1.92488,3.36782,0.971877,4.72362,0.42336,0,0.42336,460.49,0,0.854721,0,0,1.25752,0.402797,1.028160,1,0,29.5434,0,0,0,29.5434,0
62.8789,2.38475,0,0,1.60156,0.20152,0.36288,3.6288,61.1026,0.960448,0,0,0.946659,0.19159,0,0.66528,12.849,1,0.477087,0.36288,0,28.6491,4.7564,23.7785,0.84672,12.849,0.84672,3695.15,0,0,0,0.402797,2.10191,3.55045,1.05718,4.99798,0.42336,0,0.42336,460.49,0,0.732992,0,0,1.13579,0.402797,1.028160,1,0,28.7765,0,0,0,28.7765,0
61.4433,2.37635,0,0,1.48171,0.178122,0.36288,3.6288,60.9101,0.958236,0,0,0.962375,0.196689,0,0.66528,12.849,1,0.485596,0.36288,0,25.9543,4.91894,20.9126,0.84672,12.849,0.84672,3695.15,0,0,0,0.402797,2.2023,3.50327,1.02709,5.08128,0.42336,0,0.42336,460.49,0,0.735204,0,0,1.138,0.402797,1.028160,1,0,25.9939,0,0,0,25.9939,0
59.9729,2.36706,0,0,1.43555,0.176033,0.36288,3.6288,60.824,0.89805,0,0,1.00843,0.19645,0,0.66528,12.849,1,0.494998,0.36288,0,24.6269,4.91894,19.5759,0.84672,12.849,0.84672,3695.15,0,0,0,0.30119,2.20237,3.63659,1.02709,5.11307,0.42336,0,0.42336,460.49,0,0.79539,0,0,1.09658,0.30119,1.028160,1,0,24.689,0,0,0,24.689,0
58.4234,2.35715,0,0,1.34439,0.173823,0.36288,3.6288,60.5604,0.997514,0,0,0.930303,0.196342,0,0.66528,12.849,1,0.505013,0.36288,0,23.0826,4.91894,18.0216,0.84672,12.849,0.84672,3695.15,0,0,0,0.30119,2.20244,3.29499,1.02709,4.77153,0.42336,0,0.42336,460.49,0,0.695926,0,0,0.997117,0.30119,1.028160,1,0,22.7931,0,0,0,22.7931,0
56.7871,2.34627,0,0,1.20202,0.12917,0.36288,3.6288,59.9814,1.01169,0,0,0.662621,0.230001,0,0.66528,12.849,1,0.516012,0.36288,0,21.204,5.06781,15.9831,0.84672,12.849,0.84672,3695.15,0,0,0,0.30119,2.20251,2.64939,1.19086,3.96223,0.42336,0,0.42336,460.49,0,0.681748,0,0,0.982938,0.30119,1.028160,1,0,19.9453,0,0,0,19.9453,0
55.1018,2.31112,0,0,1.09929,0.110554,0.36288,3.6288,59.1919,1.09246,0,0,0.545674,0.2427,0,0.66528,12.849,1,0.522927,0.36288,0,21.0254,5.12736,15.7379,0.84672,12.849,0.84672,3695.15,0,0,0,0.30119,2.20258,2.57697,1.25638,3.82437,0.42336,0,0.42336,460.49,0,0.600981,0,0,0.902171,0.30119,1.028160,1,0,19.5623,0,0,0,19.5623,0
53.3332,2.29824,0,0,1.00119,0.108716,0.36288,3.6288,58.4489,1.03884,0,0,0.537374,0.241478,0,0.66528,12.849,1,0.535917,0.36288,0,20.5366,5.12736,15.2362,0.84672,12.849,0.84672,3695.15,0,0,0,0.261274,2.23773,2.48573,1.25638,3.72836,0.42336,0,0.42336,460.49,0,0.654601,0,0,0.915875,0.261274,1.028160,1,0,18.9645,0,0,0,18.9645,0
51.4818,2.284,0,0,0.90231,0.106787,0.36288,3.6288,57.5536,1.15546,0,0,0.500416,0.240329,0,0.66528,12.849,1,0.55026,0.36288,0,19.0343,5.12736,13.7195,0.84672,12.849,0.84672,3695.15,0,0,0,0.261274,2.2378,2.36673,1.25638,3.60943,0.42336,0,0.42336,460.49,0,0.537978,0,0,0.799252,0.261274,1.028160,1,0,17.329,0,0,0,17.329,0
49.6749,2.26825,0,0,0.907788,0.0836339,0.36288,3.6288,56.552,1.17381,0,0,0.463875,0.291598,0,0.66528,12.849,1,0.566118,0.36288,0,17.7332,5.72466,11.8053,0.84672,12.849,0.84672,3695.15,0,0,0,0.261274,2.23787,2.35108,1.4838,3.36643,0.42336,0,0.42336,460.49,0,0.519627,0,0,0.7809,0.261274,1.028160,1,0,15.1717,0,0,0,15.1717,0
47.9149,2.31014,0,0,0.984113,0.0710522,0.36288,3.6288,55.4519,1.21673,0,0,0.425381,0.308778,0,0.66528,12.849,1,0.597546,0.36288,0,17.3197,5.73584,11.3492,0.84672,12.849,0.84672,3695.15,0,0,0,0.261274,2.23795,2.52191,1.51137,3.50976,0.42336,0,0.42336,460.49,0,0.476712,0,0,0.737986,0.261274,1.028160,1,0,14.8589,0,0,0,14.8589,0
46.0833,2.29292,0,0,0.893929,0.0697135,0.36288,3.6288,54.2948,1.26441,0,0,0.413854,0.306564,0,0.66528,12.849,1,0.614877,0.36288,0,16.3036,5.73584,10.3158,0.84672,12.849,0.84672,3695.15,0,0,0,0.261274,2.28774,2.43188,1.51137,3.46952,0.42336,0,0.42336,460.49,0,0.429028,0,0,0.690301,0.261274,1.028160,1,0,13.7853,0,0,0,13.7853,0
44.1489,2.2739,0,0,0.757132,0.0547693,0.36288,3.6288,53.1603,1.23647,0,0,0.411608,0.309642,0,0.66528,12.849,1,0.634012,0.36288,0,15.5377,6.01263,9.25398,0.84672,12.849,0.84672,3695.15,0,0,0,0.227405,2.28781,2.38641,1.51187,3.38976,0.42336,0,0.42336,460.49,0,0.45697,0,0,0.684374,0.227405,1.028160,1,0,12.6437,0,0,0,12.6437,0
42.135,2.25247,0,0,0.663707,0.0622806,0.36288,3.6288,51.9889,1.25765,0,0,0.383269,0.297016,0,0.66528,12.849,1,0.655555,0.36288,0,14.3287,5.85826,8.17781,0.84672,12.849,0.84672,3695.15,0,0,0,0.227405,2.28788,2.3044,1.40796,3.41173,0.42336,0,0.42336,460.49,0,0.435793,0,0,0.663198,0.227405,1.028160,1,0,11.5895,0,0,0,11.5895,0
40.0613,2.39286,0,0,0.724308,0.0422652,0.36288,3.6288,50.6693,1.34806,0,0,0.349023,0.320539,0,0.66528,12.849,1,0.729699,0.36288,0,13.9648,5.80859,7.78943,0.84672,12.849,0.84672,3695.15,0,0,0,0.227405,2.28796,2.13735,1.48462,3.16808,0.42336,0,0.42336,460.49,0,0.345384,0,0,0.572789,0.227405,1.028160,1,0,10.9575,0,0,0,10.9575,0
38.1297,2.36435,0,0,0.833898,0.0382206,0.36288,3.6288,49.553,1.22347,0,0,0.42857,0.321465,0,0.66528,12.849,1,0.758327,0.36288,0,18.036,5.8003,11.8402,0.84672,12.849,0.84672,3695.15,0,0,0,0.227405,2.45817,2.3247,1.4974,3.51286,0.42336,0,0.42336,460.49,0,0.469973,0,0,0.697378,0.227405,1.028160,1,0,15.3531,0,0,0,15.3531,0
36.0526,2.33571,0,0,0.658809,0.0373719,0.36288,3.6288,48.149,1.39825,0,0,0.312835,0.31854,0,0.66528,12.849,1,0.787089,0.36288,0,18.6126,5.8003,12.3881,0.84672,12.849,0.84672,3695.15,0,0,0,0.204422,2.45825,1.84201,1.4974,3.00728,0.42336,0,0.42336,460.49,0,0.295189,0,0,0.499611,0.204422,1.028160,1,0,15.3954,0,0,0,15.3954,0
34.1668,2.30236,0,0,0.815962,0.0364647,0.36288,3.6288,47.3478,1.00676,0,0,0.520458,0.314861,0,0.66528,12.849,1,0.820553,0.36288,0,16.495,5.8003,10.237,0.84672,12.849,0.84672,3695.15,0,0,0,0.204422,2.45833,2.76801,1.4974,3.93335,0.42336,0,0.42336,460.49,0,0.686676,0,0,0.891098,0.204422,1.028160,1,0,14.1703,0,0,0,14.1703,0
32.1966,2.26954,0,0,0.665652,0.00342567,0.36288,3.6288,46.0207,1.31417,0,0,0.328565,0.341569,0,0.66528,12.849,1,0.853498,0.36288,0,17.1582,5.7831,10.8845,0.84672,12.849,0.84672,3695.15,0,0,0,0.204422,2.45841,1.93193,1.4504,3.14436,0.42336,0,0.42336,460.49,0,0.37927,0,0,0.583692,0.204422,1.028160,1,0,14.0288,0,0,0,14.0288,0
30.2947,2.15759,0,0,0.6459,0.0273641,0.36288,3.6288,44.6271,1.36429,0,0,0.294028,0.323307,0,0.66528,12.849,1,0.861049,0.36288,0,16.8134,4.82155,11.4937,0.84672,12.849,0.84672,3695.15,0,0,0,0.204422,2.45848,1.40385,1.21715,2.84961,0.42336,0,0.42336,460.49,0,0.329154,0,0,0.533576,0.204422,1.028160,1,0,14.3433,0,0,0,14.3433,0
28.4652,2.11971,0,0,0.727747,0.0746538,0.36288,3.6288,43.5344,1.21449,0,0,0.41185,0.290102,0,0.66528,12.849,1,0.899041,0.36288,0,16.2125,3.96512,11.7113,0.84672,12.849,0.84672,3695.15,0,0,0,0.216518,2.36009,1.8748,1.03013,3.42128,0.42336,0,0.42336,460.49,0,0.478955,0,0,0.695473,0.216518,1.028160,1,0,15.1325,0,0,0,15.1325,0
26.6302,2.07998,0,0,0.682698,0.0747884,0.36288,3.6288,42.4296,1.23518,0,0,0.418418,0.288004,0,0.66528,12.849,1,0.938889,0.36288,0,19.9552,3.98139,15.3978,0.84672,12.849,0.84672,3695.15,0,0,0,0.216518,2.36016,1.8969,1.03945,3.43414,0.42336,0,0.42336,460.49,0,0.458257,0,0,0.674775,0.216518,1.028160,1,0,18.8319,0,0,0,18.8319,0
24.98,2.03642,0,0,0.829319,0.080279,0.36288,3.6288,41.4588,1.14282,0,0,0.446931,0.274858,0,0.66528,12.849,1,0.982566,0.36288,0,29.1176,4.01572,24.4822,0.84672,12.849,0.84672,3695.15,0,0,0,0.216518,2.36024,2.17281,1.03603,3.71354,0.42336,0,0.42336,460.49,0,0.550619,0,0,0.767137,0.216518,1.028160,1,0,28.1957,0,0,0,28.1957,0
23.7592,1.93697,0,0,1.20066,0.121602,0.36288,3.6288,40.4979,1.05253,0,0,0.303691,0.212096,0,0.66528,12.849,1,0.996325,0.36288,0,21.2566,4.22173,16.4014,0.84672,12.849,0.84672,3695.15,0,0,0,0.216518,2.36032,1.99923,1.01554,3.56052,0.42336,0,0.42336,460.49,0,0.640907,0,0,0.857425,0.216518,1.028160,1,0,19.9619,0,0,0,19.9619,0
23.6164,1.90382,0,0,2.24338,0.11947,0.36288,3.6288,40.4511,0.66528,0,0,0.828573,0.210124,0,0.66528,12.849,1,1.02959,0.36288,0,42.3493,4.22173,37.4609,0.84672,12.849,0.84672,3695.15,0,0,0,1.59828,2.27249,4.41058,1.01554,7.26581,0.42336,0,0.42336,460.49,0,1.02816,0,0,2.62644,1.59828,1.028160,1,0,44.7267,0,0,0,44.7267,0
25.3456,1.89986,0,0,4.1179,0.125964,0.36288,3.6288,41.0827,0.66528,0,0,1.50034,0.203395,0,0.66528,12.849,1,1.03366,0.36288,0,81.4237,4.11291,76.64,0.84672,12.849,0.84672,3695.15,0,0,0,1.55861,2.27257,5.77231,0.984713,8.61877,0.42336,0,0.42336,460.49,0,1.02816,0,0,2.58677,1.55861,1.028160,1,0,85.2588,0,0,0,85.2588,0
25.3725,1.94674,0,0,2.48186,0.145353,0.36288,3.6288,41.0924,0.66528,0,0,0.864112,0.189179,0,0.66528,12.849,1,0.986902,0.36288,0,47.3947,3.73434,43.0364,0.84672,12.849,0.84672,3695.15,0,0,0,0.447742,2.27264,3.62024,0.756934,5.58369,0.42336,0,0.42336,460.49,0,1.02816,0,0,1.4759,0.447742,1.028160,1,0,48.62,0,0,0,48.62,0
27.1625,1.78572,0,0,4.11104,0.172463,0.36288,3.6288,41.0507,0.66528,0,0,0.807631,0.183984,0,0.66528,12.849,1,0.904314,0.36288,0,55.4011,4.53081,50.3288,0.84672,12.849,0.84672,3695.15,0,0,0,0.922588,2.27271,4.98259,0.983626,7.19427,0.42336,0,0.42336,460.49,0,1.02816,0,0,1.95075,0.922588,1.028160,1,0,57.5231,0,0,0,57.5231,0
28.4943,1.82625,0,0,3.70392,0.182955,0.36288,3.6288,41.2988,0.66528,0,0,1.09859,0.185308,0,0.66528,12.849,1,0.863892,0.36288,0,47.6393,4.6263,42.512,0.84672,12.849,0.84672,3695.15,0,0,0,0.678318,2.07751,5.33314,1.00834,7.08062,0.42336,0,0.42336,460.49,0,1.02816,0,0,1.70648,0.678318,1.028160,1,0,49.5926,0,0,0,49.5926,0
32.7117,1.85415,0,0,6.62075,0.186348,0.36288,3.6288,42.4124,0.66528,0,0,1.96472,0.185755,0,0.66528,12.849,1,0.836095,0.36288,0,120.517,4.6263,115.417,0.84672,12.849,0.84672,3695.15,0,0,0,1.29358,2.07758,6.47629,1.00834,8.83911,0.42336,0,0.42336,460.49,0,1.02816,0,0,2.32174,1.29358,1.028160,1,0,124.256,0,0,0,124.256,0
35.8437,1.93162,0,0,5.61488,0.188332,0.36288,3.6288,43.3821,0.66528,0,0,1.82654,0.191568,0,0.66528,12.849,1,0.75873,0.36288,0,110.433,3.98874,106.048,0.84672,12.849,0.84672,3695.15,0,0,0,2.23474,2.07764,6.68489,0.929553,10.0677,0.42336,0,0.42336,460.49,0,1.02816,0,0,3.2629,2.23474,1.028160,1,0,116.116,0,0,0,116.116,0
39.6404,1.9805,0,0,6.33526,0.195203,0.36288,3.6288,44.06,0.66528,0,0,1.54945,0.206246,0,0.66528,12.849,1,0.709954,0.36288,0,80.6893,4.30827,76.034,0.84672,12.849,0.84672,3695.15,0,0,0,1.77352,2.07771,7.69919,1.078,10.4724,0.42336,0,0.42336,460.49,0,1.02816,0,0,2.80168,1.77352,1.028160,1,0,86.5064,0,0,0,86.5064,0
42.5584,2.10273,0,0,5.58913,0.205501,0.36288,3.6288,44.3503,0.66528,0,0,1.17952,0.224023,0,0.66528,12.849,1,0.681578,0.36288,0,78.7329,4.87599,73.5382,0.84672,12.849,0.84672,3695.15,0,0,0,1.20273,2.07778,8.07589,1.29344,10.063,0.42336,0,0.42336,460.49,0,1.02816,0,0,2.23089,1.20273,1.028160,1,0,83.6011,0,0,0,83.6011,0
44.0687,2.1387,0,0,4.22451,0.212682,0.36288,3.6288,44.1177,0.814942,0,0,0.807019,0.224636,0,0.66528,12.849,1,0.645704,0.36288,0,76.6584,4.87599,71.4996,0.84672,12.849,0.84672,3695.15,0,0,0,0.503194,2.13874,5.93999,1.29344,7.28849,0.42336,0,0.42336,460.49,0,0.878498,0,0,1.38169,0.503194,1.028160,1,0,78.7881,0,0,0,78.7881,0
44.651,2.1559,0,0,3.31755,0.216409,0.36288,3.6288,43.482,1.05713,0,0,0.645608,0.224145,0,0.66528,12.849,1,0.628591,0.36288,0,87.1612,4.87599,82.0195,0.84672,12.849,0.84672,3695.15,0,0,0,0.503194,2.1388,5.13133,1.29344,6.47988,0.42336,0,0.42336,460.49,0,0.63631,0,0,1.1395,0.503194,1.028160,1,0,88.4994,0,0,0,88.4994,0
44.9187,2.16234,0,0,3.01734,0.224453,0.36288,3.6288,42.5685,1.25049,0,0,0.550594,0.21362,0,0.66528,12.849,1,0.622245,0.36288,0,59.3538,4.30053,54.7939,0.84672,12.849,0.84672,3695.15,0,0,0,0.503194,2.13885,3.60845,1.13852,5.11198,0.42336,0,0.42336,460.49,0,0.442947,0,0,0.94614,0.503194,1.028160,1,0,59.9059,0,0,0,59.9059,0
45.6402,2.39942,0,0,3.71367,0.229917,0.36288,3.6288,41.9576,1.16437,0,0,0.761994,0.208594,0,0.66528,12.849,1,0.686355,0.36288,0,80.3002,4.2945,75.6822,0.84672,12.849,0.84672,3695.15,0,0,0,0.503194,2.13891,5.7926,1.17535,7.25935,0.42336,0,0.42336,460.49,0,0.52907,0,0,1.03226,0.503194,1.028160,1,0,82.9415,0,0,0,82.9415,0
47.287,2.40797,0,0,4.64952,0.23179,0.36288,3.6288,42.2426,0.66528,0,0,1.15772,0.207374,0,0.66528,12.849,1,0.677911,0.36288,0,97.5171,4.2945,92.9076,0.84672,12.849,0.84672,3695.15,0,0,0,0.987811,2.35806,8.08341,1.17535,10.2539,0.42336,0,0.42336,460.49,0,1.02816,0,0,2.01597,0.987811,1.028160,1,0,103.161,0,0,0,103.161,0
49.5906,2.42661,0,0,5.32913,0.236066,0.36288,3.6288,42.8234,0.66528,0,0,1.45397,0.207944,0,0.66528,12.849,1,0.659367,0.36288,0,105.861,4.2945,101.27,0.84672,12.849,0.84672,3695.15,0,0,0,1.07368,2.35813,9.13507,1.17535,11.3915,0.42336,0,0.42336,460.49,0,1.02816,0,0,2.10184,1.07368,1.028160,1,0,112.661,0,0,0,112.661,0
51.5709,2.45102,0,0,5.07447,0.280307,0.36288,3.6288,43.5315,0.66528,0,0,1.56231,0.188856,0,0.66528,12.849,1,0.635062,0.36288,0,91.5883,4.28694,87.0292,0.84672,12.849,0.84672,3695.15,0,0,0,1.34293,2.35819,11.3308,1.20084,13.8311,0.42336,0,0.42336,460.49,0,1.02816,0,0,2.37109,1.34293,1.028160,1,0,100.86,0,0,0,100.86,0
52.9734,2.12676,0,0,4.17089,0.278726,0.36288,3.6288,43.8422,0.66528,0,0,1.11053,0.134552,0,0.66528,12.849,1,0.529888,0.36288,0,134.542,2.74249,131.633,0.84672,12.849,0.84672,3695.15,0,0,0,1.08309,2.35825,9.15097,0.759107,11.8332,0.42336,0,0.42336,460.49,0,1.02816,0,0,2.11125,1.08309,1.028160,1,0,143.466,0,0,0,143.466,0
55.2125,2.13812,0,0,5.02292,0.282792,0.36288,3.6288,44.1105,0.66528,0,0,1.06853,0.134948,0,0.66528,12.849,1,0.518614,0.36288,0,140.071,2.74249,137.173,0.84672,12.849,0.84672,3695.15,0,0,0,0.751931,2.0595,11.2824,0.759107,13.3347,0.42336,0,0.42336,460.49,0,1.02816,0,0,1.78009,0.751931,1.028160,1,0,150.507,0,0,0,150.507,0
56.9317,2.15526,0,0,4.49551,0.258205,0.36288,3.6288,44.3463,0.66528,0,0,1.0473,0.146287,0,0.66528,12.849,1,0.501569,0.36288,0,145.599,3.29314,142.167,0.84672,12.849,0.84672,3695.15,0,0,0,1.13785,2.05955,9.28912,0.902465,11.5841,0.42336,0,0.42336,460.49,0,1.02816,0,0,2.16601,1.13785,1.028160,1,0,153.751,0,0,0,153.751,0
59.6878,2.16768,0,0,5.55663,0.269976,0.36288,3.6288,44.8148,0.66528,0,0,1.27876,0.144951,0,0.66528,12.849,1,0.489228,0.36288,0,111.467,3.96451,107.376,0.84672,12.849,0.84672,3695.15,0,0,0,0.829829,2.05961,10.0825,0.927411,12.0446,0.42336,0,0.42336,460.49,0,1.02816,0,0,1.85799,0.829829,1.028160,1,0,119.421,0,0,0,119.421,0
62.918,2.18634,0,0,6.0783,0.298883,0.36288,3.6288,46.2746,0.66528,0,0,2.25328,0.128196,0,0.66528,12.849,1,0.470655,0.36288,0,121.463,3.40106,117.954,0.84672,12.849,0.84672,3695.15,0,0,0,1.54476,2.05966,8.75042,0.768659,11.5862,0.42336,0,0.42336,460.49,0,1.02816,0,0,2.57292,1.54476,1.028160,1,0,129.54,0,0,0,129.54,0
64.7752,2.29628,0,0,4.84077,0.324353,0.36288,3.6288,47.1126,0.66528,0,0,1.62363,0.120346,0,0.66528,12.849,1,0.468942,0.36288,0,129.876,2.98431,126.786,0.84672,12.849,0.84672,3695.15,0,0,0,1.26347,2.05972,6.55733,0.665397,9.21512,0.42336,0,0.42336,460.49,0,1.02816,0,0,2.29163,1.26347,1.028160,1,0,136.001,0,0,0,136.001,0
67.8715,2.55992,0,0,6.34834,0.329274,0.36288,3.6288,47.9426,0.66528,0,0,1.61649,0.121243,0,0.66528,12.849,1,0.507792,0.36288,0,135.372,2.98431,132.242,0.84672,12.849,0.84672,3695.15,0,0,0,1.78663,2.13346,14.447,0.665397,17.7017,0.42336,0,0.42336,460.49,0,1.02816,0,0,2.81479,1.78663,1.028160,1,0,149.944,0,0,0,149.944,0
69.7724,2.57947,0,0,5.15715,0.313912,0.36288,3.6288,48.7861,0.66528,0,0,1.61755,0.108775,0,0.66528,12.849,1,0.488329,0.36288,0,155.665,1.96778,153.572,0.84672,12.849,0.84672,3695.15,0,0,0,1.66473,1.95655,9.66298,0.500133,12.7841,0.42336,0,0.42336,460.49,0,1.02816,0,0,2.69289,1.66473,1.028160,1,0,166.356,0,0,0,166.356,0
70.4403,2.59078,0,0,3.89718,0.275614,0.36288,3.6288,49.2353,0.66528,0,0,1.2658,0.15132,0,0.66528,12.849,1,0.477107,0.36288,0,88.3449,2.78536,85.4453,0.84672,12.849,0.84672,3695.15,0,0,0,1.11399,1.95661,6.65249,0.705931,9.01715,0.42336,0,0.42336,460.49,0,1.02816,0,0,2.14215,1.11399,1.028160,1,0,94.4624,0,0,0,94.4624,0
69.626,2.55892,0,0,2.34411,0.236633,0.36288,3.6288,48.7212,1.08797,0,0,0.762739,0.188787,0,0.66528,12.849,1,0.466772,0.36288,0,55.8353,3.87377,51.8577,0.84672,12.849,0.84672,3695.15,0,0,0,0.528595,1.95666,3.9789,0.953102,5.51106,0.42336,0,0.42336,460.49,0,0.605465,0,0,1.13406,0.528595,1.028160,1,0,57.3687,0,0,0,57.3687,0
68.5895,2.55439,0,0,2.11589,0.23515,0.36288,3.6288,48.2576,1.04081,0,0,0.765141,0.187987,0,0.66528,12.849,1,0.471395,0.36288,0,51.2389,3.87377,47.2566,0.84672,12.849,0.84672,3695.15,0,0,0,0.528595,1.92805,5.06485,0.953102,6.56839,0.42336,0,0.42336,460.49,0,0.652631,0,0,1.18123,0.528595,1.028160,1,0,53.825,0,0,0,53.825,0
68.7151,2.54846,0,0,3.27027,0.233262,0.36288,3.6288,48.2753,0.729596,0,0,0.934563,0.187265,0,0.66528,12.849,1,0.477408,0.36288,0,64.4258,3.87377,60.4375,0.84672,12.849,0.84672,3695.15,0,0,0,0.402797,1.9281,4.56881,0.953102,5.9466,0.42336,0,0.42336,460.49,0,0.963844,0,0,1.36664,0.402797,1.028160,1,0,66.3841,0,0,0,66.3841,0
67.8032,2.54927,0,0,2.18928,0.189063,0.36288,3.6288,48.0151,0.884926,0,0,0.821828,0.197046,0,0.66528,12.849,1,0.476687,0.36288,0,55.2714,4.19884,50.9587,0.84672,12.849,0.84672,3695.15,0,0,0,0.402797,1.92816,4.06448,0.892924,5.50251,0.42336,0,0.42336,460.49,0,0.808514,0,0,1.21131,0.402797,1.028160,1,0,56.4612,0,0,0,56.4612,0
66.7263,2.66463,0,0,2.146,0.195347,0.36288,3.6288,47.598,1.01696,0,0,0.791424,0.191605,0,0.66528,12.849,1,0.50496,0.36288,0,53.1051,4.28299,48.68,0.84672,12.849,0.84672,3695.15,0,0,0,0.402797,1.92822,4.09564,0.908582,5.51807,0.42336,0,0.42336,460.49,0,0.676477,0,0,1.07927,0.402797,1.028160,1,0,54.1981,0,0,0,54.1981,0
65.5265,2.65788,0,0,1.99392,0.172959,0.36288,3.6288,46.9896,1.05581,0,0,0.623163,0.175717,0,0.66528,12.849,1,0.511808,0.36288,0,49.4316,3.83241,45.4503,0.84672,12.849,0.84672,3695.15,0,0,0,0.402797,2.02877,3.88732,0.910325,5.40856,0.42336,0,0.42336,460.49,0,0.637632,0,0,1.04043,0.402797,1.028160,1,0,50.8588,0,0,0,50.8588,0
64.4456,2.3973,0,0,1.82141,0.142211,0.36288,3.6288,46.475,0.954469,0,0,0.617901,0.178111,0,0.66528,12.849,1,0.470082,0.36288,0,44.1802,3.94611,40.1269,0.84672,12.849,0.84672,3695.15,0,0,0,0.30119,2.02883,3.71322,0.874798,5.16844,0.42336,0,0.42336,460.49,0,0.738971,0,0,1.04016,0.30119,1.028160,1,0,45.2953,0,0,0,45.2953,0
63.3362,2.3908,0,0,1.78528,0.140982,0.36288,3.6288,45.9918,0.974108,0,0,0.668295,0.177303,0,0.66528,12.849,1,0.476672,0.36288,0,42.323,3.94611,38.2631,0.84672,12.849,0.84672,3695.15,0,0,0,0.30119,2.20585,4.00111,0.874798,5.63335,0.42336,0,0.42336,460.49,0,0.719332,0,0,1.02052,0.30119,1.028160,1,0,43.8964,0,0,0,43.8964,0
62.7109,2.38394,0,0,2.2465,0.124954,0.36288,3.6288,45.7602,0.775198,0,0,0.738126,0.194551,0,0.66528,12.849,1,0.483629,0.36288,0,46.7813,4.33623,42.3243,0.84672,12.849,0.84672,3695.15,0,0,0,0.30119,2.20591,4.20409,0.965655,5.74554,0.42336,0,0.42336,460.49,0,0.918242,0,0,1.21943,0.30119,1.028160,1,0,48.0698,0,0,0,48.0698,0
62.3644,2.35645,0,0,2.4861,0.113299,0.36288,3.6288,45.7074,0.66528,0,0,0.820126,0.207633,0,0.66528,12.849,1,0.482818,0.36288,0,50.8872,4.62882,46.1384,0.84672,12.849,0.84672,3695.15,0,0,0,0.382242,2.20597,4.85148,1.0338,6.40589,0.42336,0,0.42336,460.49,0,1.02816,0,0,1.4104,0.382242,1.028160,1,0,52.5443,0,0,0,52.5443,0
61.7863,2.3543,0,0,2.25208,0.112978,0.36288,3.6288,45.6183,0.66528,0,0,0.783674,0.207531,0,0.66528,12.849,1,0.485059,0.36288,0,50.0089,4.62882,45.2579,0.84672,12.849,0.84672,3695.15,0,0,0,0.312155,2.24116,4.58323,1.0338,6.10274,0.42336,0,0.42336,460.49,0,1.02816,0,0,1.34031,0.312155,1.028160,1,0,51.3607,0,0,0,51.3607,0
61.0153,2.35062,0,0,2.05053,0.108061,0.36288,3.6288,45.3999,0.742427,0,0,0.741148,0.217119,0,0.66528,12.849,1,0.488831,0.36288,0,44.0227,4.76997,39.1268,0.84672,12.849,0.84672,3695.15,0,0,0,0.261274,2.24122,4.44837,1.08532,5.86555,0.42336,0,0.42336,460.49,0,0.951013,0,0,1.21229,0.261274,1.028160,1,0,44.9923,0,0,0,44.9923,0
60.1433,2.34559,0,0,1.91765,0.0811358,0.36288,3.6288,45.0402,0.762411,0,0,0.677664,0.274983,0,0.66528,12.849,1,0.49395,0.36288,0,38.6159,5.61792,32.8669,0.84672,12.849,0.84672,3695.15,0,0,0,0.261274,2.24128,4.05162,1.39812,5.15606,0.42336,0,0.42336,460.49,0,0.931029,0,0,1.1923,0.261274,1.028160,1,0,38.0229,0,0,0,38.0229,0
59.1542,2.40019,0,0,1.85379,0.079815,0.36288,3.6288,44.6204,0.867249,0,0,0.720768,0.273257,0,0.66528,12.849,1,0.512775,0.36288,0,42.4361,5.62422,36.6619,0.84672,12.849,0.84672,3695.15,0,0,0,0.261274,2.24134,3.32497,1.4201,4.40748,0.42336,0,0.42336,460.49,0,0.826191,0,0,1.08746,0.261274,1.028160,1,0,41.0694,0,0,0,41.0694,0
58.0256,2.39322,0,0,1.7065,0.079061,0.36288,3.6288,44.158,0.801291,0,0,0.611052,0.272185,0,0.66528,12.849,1,0.519836,0.36288,0,34.8569,5.62422,29.0757,0.84672,12.849,0.84672,3695.15,0,0,0,0.261274,2.2912,3.21494,1.4201,4.34731,0.42336,0,0.42336,460.49,0,0.892149,0,0,1.15342,0.261274,1.028160,1,0,33.423,0,0,0,33.423,0
56.762,2.38502,0,0,1.56258,0.0782007,0.36288,3.6288,43.5181,0.934865,0,0,0.565962,0.271003,0,0.66528,12.849,1,0.528131,0.36288,0,33.1314,5.62422,27.3419,0.84672,12.849,0.84672,3695.15,0,0,0,0.227405,2.29126,2.82588,1.4201,3.92445,0.42336,0,0.42336,460.49,0,0.758575,0,0,0.985979,0.227405,1.028160,1,0,31.2664,0,0,0,31.2664,0
55.606,2.37551,0,0,1.65097,0.0686283,0.36288,3.6288,43.1563,0.737675,0,0,0.649723,0.273887,0,0.66528,12.849,1,0.537735,0.36288,0,32.4941,5.77377,26.5455,0.84672,12.849,0.84672,3695.15,0,0,0,0.227405,2.29133,3.73828,1.44998,4.80703,0.42336,0,0.42336,460.49,0,0.955765,0,0,1.18317,0.227405,1.028160,1,0,31.3525,0,0,0,31.3525,0
53.8666,2.54096,0,0,1.23911,0.0746451,0.36288,3.6288,42.2718,1.13823,0,0,0.501339,0.247575,0,0.66528,12.849,1,0.587145,0.36288,0,24.3511,5.63267,18.4942,0.84672,12.849,0.84672,3695.15,0,0,0,0.227405,2.29139,2.52734,1.45499,3.59114,0.42336,0,0.42336,460.49,0,0.555208,0,0,0.782613,0.227405,1.028160,1,0,22.0854,0,0,0,22.0854,0
52.0277,2.52573,0,0,1.12262,0.0729521,0.36288,3.6288,41.4593,1.11984,0,0,0.558236,0.250938,0,0.66528,12.849,1,0.602472,0.36288,0,27.1396,5.64732,21.2527,0.84672,12.849,0.84672,3695.15,0,0,0,0.227405,2.46186,2.177,1.45915,3.40712,0.42336,0,0.42336,460.49,0,0.573601,0,0,0.801006,0.227405,1.028160,1,0,24.6598,0,0,0,24.6598,0
50.008,2.50873,0,0,0.923573,0.0715892,0.36288,3.6288,40.2664,1.35042,0,0,0.406555,0.24898,0,0.66528,12.849,1,0.619569,0.36288,0,24.8643,5.64732,18.9603,0.84672,12.849,0.84672,3695.15,0,0,0,0.204422,2.46193,1.78306,1.45915,2.99027,0.42336,0,0.42336,460.49,0,0.34302,0,0,0.547442,0.204422,1.028160,1,0,21.9505,0,0,0,21.9505,0
48.2371,2.48891,0,0,1.15093,0.0700924,0.36288,3.6288,39.9086,0.816022,0,0,0.704281,0.246107,0,0.66528,12.849,1,0.639497,0.36288,0,24.2366,5.64732,18.3126,0.84672,12.849,0.84672,3695.15,0,0,0,0.204422,2.46199,2.78098,1.45915,3.98825,0.42336,0,0.42336,460.49,0,0.877418,0,0,1.08184,0.204422,1.028160,1,0,22.3009,0,0,0,22.3009,0
46.1277,2.47045,0,0,0.806432,0.0825447,0.36288,3.6288,38.8432,1.28493,0,0,0.461987,0.242409,0,0.66528,12.849,1,0.658057,0.36288,0,22.7255,5.27508,17.1553,0.84672,12.849,0.84672,3695.15,0,0,0,0.204422,2.46206,2.33787,1.22153,3.78282,0.42336,0,0.42336,460.49,0,0.408507,0,0,0.612929,0.204422,1.028160,1,0,20.9381,0,0,0,20.9381,0
44.0814,2.36511,0,0,0.78122,0.099451,0.36288,3.6288,37.5642,1.42722,0,0,0.418965,0.270715,0,0.66528,12.849,1,0.658809,0.36288,0,22.0218,6.01746,15.7084,0.84672,12.849,0.84672,3695.15,0,0,0,0.204422,2.46213,2.18949,1.38943,3.46661,0.42336,0,0.42336,460.49,0,0.26622,0,0,0.470642,0.204422,1.028160,1,0,19.175,0,0,0,19.175,0
42.1305,2.34151,0,0,0.896556,0.143106,0.36288,3.6288,36.2798,1.45768,0,0,0.406586,0.233307,0,0.66528,12.849,1,0.68251,0.36288,0,18.8758,5.68617,12.87,0.84672,12.849,0.84672,3695.15,0,0,0,0.216518,2.36356,1.59591,1.27564,2.90035,0.42336,0,0.42336,460.49,0,0.235755,0,0,0.452274,0.216518,1.028160,1,0,15.7704,0,0,0,15.7704,0
40.7057,2.31736,0,0,1.39534,0.139923,0.36288,3.6288,35.5927,1.13081,0,0,0.674124,0.230423,0,0.66528,12.849,1,0.706752,0.36288,0,30.6838,5.68617,24.6538,0.84672,12.849,0.84672,3695.15,0,0,0,0.216518,2.36362,2.84674,1.27564,4.15125,0.42336,0,0.42336,460.49,0,0.562633,0,0,0.779152,0.216518,1.028160,1,0,28.805,0,0,0,28.805,0
39.19,2.29863,0,0,1.28348,0.137599,0.36288,3.6288,34.7817,1.20214,0,0,0.62001,0.228881,0,0.66528,12.849,1,0.725579,0.36288,0,55.5946,5.68617,49.5457,0.84672,12.849,0.84672,3695.15,0,0,0,0.216518,2.36369,2.40621,1.27564,3.71077,0.42336,0,0.42336,460.49,0,0.491305,0,0,0.707823,0.216518,1.028160,1,0,53.2565,0,0,0,53.2565,0
37.2743,2.21286,0,0,0.855533,0.195533,0.36288,3.6288,33.9822,1.06682,0,0,0.483684,0.216417,0,0.66528,12.849,1,0.725516,0.36288,0,27.0685,5.07349,21.6324,0.84672,12.849,0.84672,3695.15,0,0,0,0.216518,2.36375,2.24135,1.16777,3.65384,0.42336,0,0.42336,460.49,0,0.626616,0,0,0.843134,0.216518,1.028160,1,0,25.2862,0,0,0,25.2862,0
35.8692,2.1852,0,0,1.33423,0.191209,0.36288,3.6288,33.7689,0.715729,0,0,0.717169,0.214706,0,0.66528,12.849,1,0.75327,0.36288,0,46.1327,5.07349,40.6688,0.84672,12.849,0.84672,3695.15,0,0,0,0.216518,2.27578,4.73148,1.16777,6.056,0.42336,0,0.42336,460.49,0,0.977711,0,0,1.19423,0.216518,1.028160,1,0,46.7248,0,0,0,46.7248,0
35.5162,2.16354,0,0,2.39552,0.222168,0.36288,3.6288,34.0879,0.66528,0,0,1.18702,0.202705,0,0.66528,12.849,1,0.77502,0.36288,0,62.7479,4.64455,57.6912,0.84672,12.849,0.84672,3695.15,0,0,0,0.376765,2.27584,6.77206,1.10548,8.31919,0.42336,0,0.42336,460.49,0,1.02816,0,0,1.40492,0.376765,1.028160,1,0,66.0104,0,0,0,66.0104,0
35.589,2.15796,0,0,2.82056,0.226891,0.36288,3.6288,34.2987,0.66528,0,0,1.07748,0.201428,0,0.66528,12.849,1,0.780703,0.36288,0,63.731,4.57307,58.7401,0.84672,12.849,0.84672,3695.15,0,0,0,0.65048,2.2759,4.59465,1.09509,6.42594,0.42336,0,0.42336,460.49,0,1.02816,0,0,1.67864,0.65048,1.028160,1,0,65.166,0,0,0,65.166,0
34.8824,1.97985,0,0,1.85424,0.218136,0.36288,3.6288,33.8024,1.01927,0,0,0.707797,0.184822,0,0.66528,12.849,1,0.714803,0.36288,0,49.9276,4.67649,44.8992,0.84672,12.849,0.84672,3695.15,0,0,0,0.292723,2.27596,3.56618,1.09193,5.04293,0.42336,0,0.42336,460.49,0,0.674171,0,0,0.966894,0.292723,1.028160,1,0,49.9421,0,0,0,49.9421,0
34.6207,1.96934,0,0,2.2833,0.212728,0.36288,3.6288,33.7777,0.8175,0,0,0.969892,0.177133,0,0.66528,12.849,1,0.725409,0.36288,0,68.7543,4.71786,63.6739,0.84672,12.849,0.84672,3695.15,0,0,0,0.292723,2.08045,6.23595,1.09066,7.51846,0.42336,0,0.42336,460.49,0,0.87594,0,0,1.16866,0.292723,1.028160,1,0,71.1923,0,0,0,71.1923,0
34.3778,1.9654,0,0,2.29737,0.212052,0.36288,3.6288,33.4271,1.02384,0,0,0.850366,0.177086,0,0.66528,12.849,1,0.729431,0.36288,0,101.323,4.71786,96.2386,0.84672,12.849,0.84672,3695.15,0,0,0,0.412474,2.0805,6.02933,1.09066,7.43164,0.42336,0,0.42336,460.49,0,0.6696,0,0,1.08207,0.412474,1.028160,1,0,103.67,0,0,0,103.67,0
39.5388,1.96171,0,0,7.69223,0.206588,0.36288,3.6288,34.9786,0.66528,0,0,2.41396,0.197177,0,0.66528,12.849,1,0.733208,0.36288,0,216.745,4.74969,211.625,0.84672,12.849,0.84672,3695.15,0,0,0,3.17955,2.08056,21.2694,1.17268,25.3569,0.42336,0,0.42336,460.49,0,1.02816,0,0,4.20771,3.17955,1.028160,1,0,236.982,0,0,0,236.982,0
42.2192,2.03401,0,0,5.30535,0.22807,0.36288,3.6288,36.0357,0.66528,0,0,1.90086,0.178465,0,0.66528,12.849,1,0.660996,0.36288,0,144.218,4.40982,139.51,0.84672,12.849,0.84672,3695.15,0,0,0,1.87509,2.08061,9.43445,1.16285,12.2273,0.42336,0,0.42336,460.49,0,1.02816,0,0,2.90325,1.87509,1.028160,1,0,151.737,0,0,0,151.737,0
44.0692,2.13824,0,0,4.59439,0.243312,0.36288,3.6288,36.7349,0.66528,0,0,1.56889,0.204394,0,0.66528,12.849,1,0.650753,0.36288,0,77.8974,4.895,72.7145,0.84672,12.849,0.84672,3695.15,0,0,0,0.700488,2.08067,6.82243,1.30656,8.29703,0.42336,0,0.42336,460.49,0,1.02816,0,0,1.72865,0.700488,1.028160,1,0,81.0115,0,0,0,81.0115,0
44.7719,2.15945,0,0,3.47362,0.248555,0.36288,3.6288,36.5856,1.02914,0,0,1.08557,0.20579,0,0.66528,12.849,1,0.629618,0.36288,0,85.2552,4.895,80.0935,0.84672,12.849,0.84672,3695.15,0,0,0,0.412474,2.14171,5.74137,1.30656,6.989,0.42336,0,0.42336,460.49,0,0.664304,0,0,1.07678,0.412474,1.028160,1,0,87.0825,0,0,0,87.0825,0
44.7178,2.16718,0,0,2.72655,0.250546,0.36288,3.6288,35.9698,1.29255,0,0,0.882265,0.205492,0,0.66528,12.849,1,0.621956,0.36288,0,81.8464,4.895,76.6923,0.84672,12.849,0.84672,3695.15,0,0,0,0.503194,2.14176,4.59048,1.30656,5.92888,0.42336,0,0.42336,460.49,0,0.400887,0,0,0.904081,0.503194,1.028160,1,0,82.6212,0,0,0,82.6212,0
44.5117,2.16666,0,0,2.57629,0.25293,0.36288,3.6288,35.122,1.42814,0,0,0.761089,0.180785,0,0.66528,12.849,1,0.622556,0.36288,0,61.5999,4.07481,57.2654,0.84672,12.849,0.84672,3695.15,0,0,0,0.503194,2.14181,3.32414,1.10862,4.86052,0.42336,0,0.42336,460.49,0,0.2653,0,0,0.768493,0.503194,1.028160,1,0,62.126,0,0,0,62.126,0
44.1712,2.39848,0,0,2.68987,0.268984,0.36288,3.6288,34.7062,1.08346,0,0,0.867439,0.19972,0,0.66528,12.849,1,0.69236,0.36288,0,41.9761,4.31309,37.3336,0.84672,12.849,0.84672,3695.15,0,0,0,0.503194,2.14185,3.31218,1.30491,4.65231,0.42336,0,0.42336,460.49,0,0.609975,0,0,1.11317,0.503194,1.028160,1,0,41.9859,0,0,0,41.9859,0
45.4638,2.39441,0,0,4.3195,0.269589,0.36288,3.6288,34.6437,0.880114,0,0,1.02505,0.20747,0,0.66528,12.849,1,0.696512,0.36288,0,69.4508,4.42722,64.69,0.84672,12.849,0.84672,3695.15,0,0,0,0.503194,2.36132,8.1588,1.32887,9.69445,0.42336,0,0.42336,460.49,0,0.813326,0,0,1.31652,0.503194,1.028160,1,0,74.3844,0,0,0,74.3844,0
47.027,2.40991,0,0,4.60933,0.273346,0.36288,3.6288,35.1819,0.66528,0,0,1.38572,0.182239,0,0.66528,12.849,1,0.68109,0.36288,0,116.865,4.16388,112.383,0.84672,12.849,0.84672,3695.15,0,0,0,0.657798,2.36137,6.49303,1.20179,8.31041,0.42336,0,0.42336,460.49,0,1.02816,0,0,1.68596,0.657798,1.028160,1,0,120.693,0,0,0,120.693,0
48.5419,2.42775,0,0,4.58346,0.27798,0.36288,3.6288,35.3053,0.722978,0,0,1.01069,0.164282,0,0.66528,12.849,1,0.663325,0.36288,0,92.626,3.96638,88.3592,0.84672,12.849,0.84672,3695.15,0,0,0,0.608429,2.36142,5.10504,1.10648,6.96841,0.42336,0,0.42336,460.49,0,0.970462,0,0,1.57889,0.608429,1.028160,1,0,95.3276,0,0,0,95.3276,0
49.6605,2.10406,0,0,3.85643,0.270887,0.36288,3.6288,35.8744,0.66528,0,0,1.38243,0.148077,0,0.66528,12.849,1,0.556944,0.36288,0,63.0748,3.31324,59.5675,0.84672,12.849,0.84672,3695.15,0,0,0,0.687372,2.36148,5.40895,0.864974,7.59282,0.42336,0,0.42336,460.49,0,1.02816,0,0,1.71553,0.687372,1.028160,1,0,67.1603,0,0,0,67.1603,0
52.7031,2.11408,0,0,5.79181,0.272189,0.36288,3.6288,36.8002,0.66528,0,0,1.73728,0.146157,0,0.66528,12.849,1,0.546991,0.36288,0,96.9849,3.20439,93.5964,0.84672,12.849,0.84672,3695.15,0,0,0,0.836127,2.06227,6.41962,0.824723,8.49329,0.42336,0,0.42336,460.49,0,1.02816,0,0,1.86429,0.836127,1.028160,1,0,102.09,0,0,0,102.09,0
56.8885,2.13953,0,0,6.96877,0.280978,0.36288,3.6288,37.5505,0.66528,0,0,1.56306,0.14748,0,0.66528,12.849,1,0.521616,0.36288,0,100.487,3.20439,97.1235,0.84672,12.849,0.84672,3695.15,0,0,0,0.931288,2.06231,7.13397,0.824723,9.30285,0.42336,0,0.42336,460.49,0,1.02816,0,0,1.95945,0.931288,1.028160,1,0,106.426,0,0,0,106.426,0
60.0118,2.17089,0,0,5.94063,0.283579,0.36288,3.6288,38.4298,0.66528,0,0,1.74112,0.196589,0,0.66528,12.849,1,0.490323,0.36288,0,84.6979,4.50019,80.0703,0.84672,12.849,0.84672,3695.15,0,0,0,0.936801,2.06235,7.13106,1.17794,8.95228,0.42336,0,0.42336,460.49,0,1.02816,0,0,1.96496,0.936801,1.028160,1,0,89.0226,0,0,0,89.0226,0
62.5452,2.19197,0,0,5.38821,0.299942,0.36288,3.6288,39.1204,0.66528,0,0,1.52223,0.166386,0,0.66528,12.849,1,0.469317,0.36288,0,69.7129,4.02418,65.5823,0.84672,12.849,0.84672,3695.15,0,0,0,0.590017,2.0624,5.94646,1.04953,7.54935,0.42336,0,0.42336,460.49,0,1.02816,0,0,1.61818,0.590017,1.028160,1,0,73.1316,0,0,0,73.1316,0
64.3375,2.54849,0,0,5.02044,0.316807,0.36288,3.6288,39.2506,0.998974,0,0,1.25398,0.124714,0,0.66528,12.849,1,0.52355,0.36288,0,71.2122,3.38951,67.662,0.84672,12.849,0.84672,3695.15,0,0,0,0.558835,2.06244,4.99669,0.87833,6.73963,0.42336,0,0.42336,460.49,0,0.694466,0,0,1.2533,0.558835,1.028160,1,0,74.4016,0,0,0,74.4016,0
65.3275,2.56071,0,0,4.23508,0.321459,0.36288,3.6288,39.0725,1.11828,0,0,1.06505,0.124868,0,0.66528,12.849,1,0.511406,0.36288,0,66.2506,3.38951,62.7125,0.84672,12.849,0.84672,3695.15,0,0,0,0.558835,1.95931,4.19666,0.87833,5.83648,0.42336,0,0.42336,460.49,0,0.575156,0,0,1.13399,0.558835,1.028160,1,0,68.549,0,0,0,68.549,0
66.0984,2.56724,0,0,4.02505,0.324029,0.36288,3.6288,38.9618,0.852846,0,0,0.866799,0.124657,0,0.66528,12.849,1,0.504941,0.36288,0,54.7314,3.38951,51.1998,0.84672,12.849,0.84672,3695.15,0,0,0,0.528595,1.95936,3.55984,0.87833,5.16947,0.42336,0,0.42336,460.49,0,0.840594,0,0,1.36919,0.528595,1.028160,1,0,56.3693,0,0,0,56.3693,0
66.7047,2.57224,0,0,3.83968,0.298251,0.36288,3.6288,38.7546,0.925569,0,0,0.802656,0.0843194,0,0.66528,12.849,1,0.500022,0.36288,0,54.0459,2.42148,51.4873,0.84672,12.849,0.84672,3695.15,0,0,0,0.528595,1.9594,2.95653,0.746978,4.69755,0.42336,0,0.42336,460.49,0,0.767871,0,0,1.29647,0.528595,1.028160,1,0,56.1848,0,0,0,56.1848,0
67.1415,2.5406,0,0,3.62648,0.286234,0.36288,3.6288,38.9313,0.66528,0,0,0.980303,0.138305,0,0.66528,12.849,1,0.489384,0.36288,0,60.7791,3.62793,57.0247,0.84672,12.849,0.84672,3695.15,0,0,0,0.607262,1.95945,3.94769,0.941803,5.5726,0.42336,0,0.42336,460.49,0,1.02816,0,0,1.63542,0.607262,1.028160,1,0,62.5973,0,0,0,62.5973,0
67.6222,2.54333,0,0,3.64611,0.25912,0.36288,3.6288,39.056,0.66528,0,0,0.899804,0.109848,0,0.66528,12.849,1,0.486723,0.36288,0,62.9385,2.87851,59.9362,0.84672,12.849,0.84672,3695.15,0,0,0,0.558058,1.93078,2.9687,0.854579,4.60296,0.42336,0,0.42336,460.49,0,1.02816,0,0,1.58622,0.558058,1.028160,1,0,64.5391,0,0,0,64.5391,0
67.6853,2.5463,0,0,3.17943,0.207191,0.36288,3.6288,38.9065,0.852543,0,0,0.862531,0.159461,0,0.66528,12.849,1,0.483827,0.36288,0,53.8056,3.64298,50.0417,0.84672,12.849,0.84672,3695.15,0,0,0,0.528595,1.93083,2.58793,1.06844,3.97891,0.42336,0,0.42336,460.49,0,0.840897,0,0,1.36949,0.528595,1.028160,1,0,54.0206,0,0,0,54.0206,0
67.5408,2.54674,0,0,2.9724,0.207294,0.36288,3.6288,38.9909,0.66528,0,0,0.908859,0.159235,0,0.66528,12.849,1,0.483459,0.36288,0,51.9909,3.64298,48.2273,0.84672,12.849,0.84672,3695.15,0,0,0,0.5677,1.93087,2.63742,1.06844,4.06755,0.42336,0,0.42336,460.49,0,1.02816,0,0,1.59586,0.5677,1.028160,1,0,52.2949,0,0,0,52.2949,0
67.3683,2.6667,0,0,3.05391,0.196851,0.36288,3.6288,39.1341,0.66528,0,0,0.959118,0.150584,0,0.66528,12.849,1,0.507315,0.36288,0,49.3685,3.9951,45.229,0.84672,12.849,0.84672,3695.15,0,0,0,0.516257,1.93092,2.88937,0.970705,4.36584,0.42336,0,0.42336,460.49,0,1.02816,0,0,1.54442,0.516257,1.028160,1,0,49.5948,0,0,0,49.5948,0
66.8303,2.66567,0,0,2.68313,0.192506,0.36288,3.6288,39.2257,0.66528,0,0,0.904176,0.147273,0,0.66528,12.849,1,0.508418,0.36288,0,40.966,4.13595,36.6845,0.84672,12.849,0.84672,3695.15,0,0,0,0.468461,2.0316,2.9856,0.931611,4.55404,0.42336,0,0.42336,460.49,0,1.02816,0,0,1.49662,0.468461,1.028160,1,0,41.2385,0,0,0,41.2385,0
66.0461,2.6623,0,0,2.4327,0.19169,0.36288,3.6288,39.1036,0.761115,0,0,0.786413,0.147401,0,0.66528,12.849,1,0.511863,0.36288,0,37.7232,4.13595,33.4383,0.84672,12.849,0.84672,3695.15,0,0,0,0.402797,2.03165,2.8231,0.931611,4.32593,0.42336,0,0.42336,460.49,0,0.932325,0,0,1.33512,0.402797,1.028160,1,0,37.7642,0,0,0,37.7642,0
65.3973,2.40413,0,0,2.28155,0.163349,0.36288,3.6288,38.9107,0.750082,0,0,0.729156,0.17201,0,0.66528,12.849,1,0.467713,0.36288,0,36.1073,4.72284,31.2797,0.84672,12.849,0.84672,3695.15,0,0,0,0.30119,2.03169,2.70775,1.09177,3.94887,0.42336,0,0.42336,460.49,0,0.943358,0,0,1.24455,0.30119,1.028160,1,0,35.2285,0,0,0,35.2285,0
64.4172,2.40031,0,0,1.92142,0.138374,0.36288,3.6288,38.6326,0.756268,0,0,0.642133,0.164008,0,0.66528,12.849,1,0.471604,0.36288,0,32.7075,4.76773,27.831,0.84672,12.849,0.84672,3695.15,0,0,0,0.30119,2.20871,2.54567,1.10855,3.94702,0.42336,0,0.42336,460.49,0,0.937172,0,0,1.23836,0.30119,1.028160,1,0,31.7781,0,0,0,31.7781,0
63.0731,2.37069,0,0,1.50081,0.11132,0.36288,3.6288,38.3149,0.729302,0,0,0.559492,0.14787,0,0.66528,12.849,1,0.47287,0.36288,0,28.9269,4.69717,24.1197,0.84672,12.849,0.84672,3695.15,0,0,0,0.30119,2.20875,2.3829,1.09534,3.79751,0.42336,0,0.42336,460.49,0,0.964138,0,0,1.26533,0.30119,1.028160,1,0,27.9172,0,0,0,27.9172,0
61.6002,2.36238,0,0,1.36248,0.110113,0.36288,3.6288,37.8426,0.853425,0,0,0.528548,0.147423,0,0.66528,12.849,1,0.481254,0.36288,0,28.0671,4.69717,23.2516,0.84672,12.849,0.84672,3695.15,0,0,0,0.30119,2.24398,2.23989,1.09534,3.68973,0.42336,0,0.42336,460.49,0,0.840015,0,0,1.14121,0.30119,1.028160,1,0,26.9413,0,0,0,26.9413,0
60.0319,2.35292,0,0,1.24756,0.100042,0.36288,3.6288,37.3204,0.860319,0,0,0.503046,0.164883,0,0.66528,12.849,1,0.490788,0.36288,0,24.7517,4.97948,19.6443,0.84672,12.849,0.84672,3695.15,0,0,0,0.261274,2.24403,2.17527,1.19838,3.48219,0.42336,0,0.42336,460.49,0,0.833121,0,0,1.09439,0.261274,1.028160,1,0,23.1265,0,0,0,23.1265,0
58.4273,2.34242,0,0,1.1778,0.0771359,0.36288,3.6288,36.7013,0.879466,0,0,0.469454,0.209142,0,0.66528,12.849,1,0.501362,0.36288,0,22.0146,5.68522,16.1909,0.84672,12.849,0.84672,3695.15,0,0,0,0.261274,2.24408,2.07494,1.45599,3.1243,0.42336,0,0.42336,460.49,0,0.813974,0,0,1.07525,0.261274,1.028160,1,0,19.3152,0,0,0,19.3152,0
56.7451,2.39138,0,0,1.14102,0.0689232,0.36288,3.6288,35.9473,0.946745,0,0,0.441028,0.248246,0,0.66528,12.849,1,0.525899,0.36288,0,23.3499,6.15205,17.0348,0.84672,12.849,0.84672,3695.15,0,0,0,0.261274,2.24413,2.09537,1.51341,3.08737,0.42336,0,0.42336,460.49,0,0.746695,0,0,1.00797,0.261274,1.028160,1,0,20.1222,0,0,0,20.1222,0
55.0171,2.37873,0,0,1.08141,0.0677975,0.36288,3.6288,35.247,0.848491,0,0,0.394562,0.24643,0,0.66528,12.849,1,0.538625,0.36288,0,20.6317,6.15205,14.3039,0.84672,12.849,0.84672,3695.15,0,0,0,0.261274,2.29404,2.18856,1.51341,3.23047,0.42336,0,0.42336,460.49,0,0.844949,0,0,1.10622,0.261274,1.028160,1,0,17.5344,0,0,0,17.5344,0
53.2334,2.36508,0,0,1.01091,0.0666411,0.36288,3.6288,34.4236,0.943678,0,0,0.365057,0.244743,0,0.66528,12.849,1,0.552354,0.36288,0,19.6178,6.15205,13.2763,0.84672,12.849,0.84672,3695.15,0,0,0,0.261274,2.29409,1.92038,1.51341,2.96234,0.42336,0,0.42336,460.49,0,0.749762,0,0,1.01104,0.261274,1.028160,1,0,16.2386,0,0,0,16.2386,0
51.4522,2.35023,0,0,0.997332,0.0654475,0.36288,3.6288,33.7341,0.841674,0,0,0.394961,0.24276,0,0.66528,12.849,1,0.567278,0.36288,0,18.2033,6.15205,11.8468,0.84672,12.849,0.84672,3695.15,0,0,0,0.227405,2.29414,2.17172,1.51341,3.17987,0.42336,0,0.42336,460.49,0,0.851766,0,0,1.07917,0.227405,1.028160,1,0,15.0267,0,0,0,15.0267,0
49.4778,2.50666,0,0,0.947341,0.0521888,0.36288,3.6288,32.811,1.02586,0,0,0.35429,0.251507,0,0.66528,12.849,1,0.625979,0.36288,0,16.1845,6.41127,9.51016,0.84672,12.849,0.84672,3695.15,0,0,0,0.227405,2.29419,2.39749,1.5513,3.36778,0.42336,0,0.42336,460.49,0,0.667578,0,0,0.894983,0.227405,1.028160,1,0,12.8779,0,0,0,12.8779,0
47.5421,2.48689,0,0,0.966954,0.0529046,0.36288,3.6288,31.8662,1.05778,0,0,0.372165,0.259235,0,0.66528,12.849,1,0.645826,0.36288,0,16.7981,6.41645,10.0987,0.84672,12.849,0.84672,3695.15,0,0,0,0.227405,2.46488,2.17202,1.53438,3.32992,0.42336,0,0.42336,460.49,0,0.635662,0,0,0.863067,0.227405,1.028160,1,0,13.4286,0,0,0,13.4286,0
45.4279,2.46625,0,0,0.766688,0.0518048,0.36288,3.6288,30.6163,1.27264,0,0,0.279341,0.256585,0,0.66528,12.849,1,0.666543,0.36288,0,18.445,6.41645,11.7249,0.84672,12.849,0.84672,3695.15,0,0,0,0.227405,2.46493,1.74396,1.53438,2.90191,0.42336,0,0.42336,460.49,0,0.420804,0,0,0.648209,0.227405,1.028160,1,0,14.6268,0,0,0,14.6268,0
43.5041,2.44213,0,0,0.931884,0.0506036,0.36288,3.6288,29.9892,0.823155,0,0,0.449108,0.25308,0,0.66528,12.849,1,0.690743,0.36288,0,16.0784,6.41645,9.33413,0.84672,12.849,0.84672,3695.15,0,0,0,0.204422,2.46499,2.51283,1.53438,3.64786,0.42336,0,0.42336,460.49,0,0.870285,0,0,1.07471,0.204422,1.028160,1,0,12.982,0,0,0,12.982,0
41.5072,2.41862,0,0,0.842815,0.058209,0.36288,3.6288,29.0868,1.01503,0,0,0.357991,0.245323,0,0.66528,12.849,1,0.714341,0.36288,0,14.4425,5.89841,8.19259,0.84672,12.849,0.84672,3695.15,0,0,0,0.204422,2.46504,2.24308,1.30713,3.60541,0.42336,0,0.42336,460.49,0,0.678413,0,0,0.882835,0.204422,1.028160,1,0,11.798,0,0,0,11.798,0
39.9494,2.31239,0,0,1.19808,0.0806964,0.36288,3.6288,28.7151,0.66528,0,0,0.561031,0.267436,0,0.66528,12.849,1,0.715826,0.36288,0,12.9955,5.96232,6.68024,0.84672,12.849,0.84672,3695.15,0,0,0,0.324216,2.46509,2.16575,1.27996,3.6751,0.42336,0,0.42336,460.49,0,1.02816,0,0,1.35238,0.324216,1.028160,1,0,10.3553,0,0,0,10.3553,0
38.4102,2.29133,0,0,1.201,0.0859885,0.36288,3.6288,28.4089,0.66528,0,0,0.627614,0.268582,0,0.66528,12.849,1,0.736966,0.36288,0,14.8202,6.01115,8.43496,0.84672,12.849,0.84672,3695.15,0,0,0,0.348382,2.36639,2.37114,1.30792,3.77799,0.42336,0,0.42336,460.49,0,1.02816,0,0,1.37654,0.348382,1.028160,1,0,12.213,0,0,0,12.213,0
36.7566,2.49586,0,0,1.28963,0.0844678,0.36288,3.6288,28.136,0.66528,0,0,0.66001,0.267651,0,0.66528,12.849,1,0.834917,0.36288,0,21.7713,6.01115,15.2881,0.84672,12.849,0.84672,3695.15,0,0,0,0.448788,2.36644,2.59718,1.30792,4.10448,0.42336,0,0.42336,460.49,0,1.02816,0,0,1.47695,0.448788,1.028160,1,0,19.3926,0,0,0,19.3926,0
35.2437,2.46809,0,0,1.40093,0.0828407,0.36288,3.6288,28.1534,0.66528,0,0,0.949501,0.266821,0,0.66528,12.849,1,0.862769,0.36288,0,51.4067,6.01115,44.8957,0.84672,12.849,0.84672,3695.15,0,0,0,0.788469,2.18952,3.68061,1.30792,5.35069,0.42336,0,0.42336,460.49,0,1.02816,0,0,1.81663,0.788469,1.028160,1,0,50.2464,0,0,0,50.2464,0
34.0956,2.37795,0,0,1.75847,0.165751,0.36288,3.6288,28.1585,0.66528,0,0,0.868596,0.198153,0,0.66528,12.849,1,0.866941,0.36288,0,41.2163,4.51633,36.1959,0.84672,12.849,0.84672,3695.15,0,0,0,1.04224,2.18958,5.35473,1.11595,7.4706,0.42336,0,0.42336,460.49,0,1.02816,0,0,2.0704,1.04224,1.028160,1,0,43.6666,0,0,0,43.6666,0
32.5458,2.3568,0,0,1.34723,0.177321,0.36288,3.6288,27.8617,0.790076,0,0,0.679963,0.186711,0,0.66528,12.849,1,0.888164,0.36288,0,31.4786,4.2672,26.6861,0.84672,12.849,0.84672,3695.15,0,0,0,0.216518,2.10148,4.73234,1.08395,5.96639,0.42336,0,0.42336,460.49,0,0.903364,0,0,1.11988,0.216518,1.028160,1,0,32.6525,0,0,0,32.6525,0
32.625,2.32653,0,0,2.94254,0.17395,0.36288,3.6288,28.1911,0.66528,0,0,1.1807,0.186083,0,0.66528,12.849,1,0.918508,0.36288,0,44.4205,4.2672,39.5977,0.84672,12.849,0.84672,3695.15,0,0,0,1.16846,2.10153,6.77042,1.08395,8.95645,0.42336,0,0.42336,460.49,0,1.02816,0,0,2.19662,1.16846,1.028160,1,0,48.5541,0,0,0,48.5541,0
36.0224,2.32819,0,0,6.26256,0.174122,0.36288,3.6288,29.7863,0.66528,0,0,2.44731,0.18678,0,0.66528,12.849,1,0.91693,0.36288,0,97.0739,4.2672,92.2526,0.84672,12.849,0.84672,3695.15,0,0,0,4.22184,2.10158,10.9904,1.08395,16.2298,0.42336,0,0.42336,460.49,0,1.02816,0,0,5.25,4.22184,1.028160,1,0,108.482,0,0,0,108.482,0
38.2546,1.98894,0,0,4.7681,0.184053,0.36288,3.6288,30.2252,0.66528,0,0,1.29758,0.193349,0,0.66528,12.849,1,0.709446,0.36288,0,56.9869,3.96633,52.674,0.84672,12.849,0.84672,3695.15,0,0,0,1.27779,2.10163,6.0002,0.971613,8.408,0.42336,0,0.42336,460.49,0,1.02816,0,0,2.30595,1.27779,1.028160,1,0,61.082,0,0,0,61.082,0
41.5456,2.24635,0,0,6.11224,0.212048,0.36288,3.6288,30.4423,0.668425,0,0,1.02009,0.134578,0,0.66528,12.849,1,0.754508,0.36288,0,80.1438,3.39622,76.3559,0.84672,12.849,0.84672,3695.15,0,0,0,0.292723,2.08282,5.46438,0.81842,7.0215,0.42336,0,0.42336,460.49,0,1.02502,0,0,1.31774,0.292723,1.028160,1,0,83.3774,0,0,0,83.3774,0
46.2886,2.29206,0,0,7.6184,0.220387,0.36288,3.6288,31.7809,0.66528,0,0,2.1388,0.134903,0,0.66528,12.849,1,0.708876,0.36288,0,90.6656,3.39622,86.9233,0.84672,12.849,0.84672,3695.15,0,0,0,1.35206,1.9059,10.4425,0.81842,12.8821,0.42336,0,0.42336,460.49,0,1.02816,0,0,2.38022,1.35206,1.028160,1,0,99.8054,0,0,0,99.8054,0
53.6792,2.34897,0,0,10.3351,0.232658,0.36288,3.6288,33.5219,0.66528,0,0,2.54309,0.136908,0,0.66528,12.849,1,0.652036,0.36288,0,129.986,3.39622,126.301,0.84672,12.849,0.84672,3695.15,0,0,0,2.02624,1.90594,10.7501,0.81842,13.8639,0.42336,0,0.42336,460.49,0,1.02816,0,0,3.0544,2.02624,1.028160,1,0,140.165,0,0,0,140.165,0
56.4818,2.17746,0,0,5.59135,0.248428,0.36288,3.6288,33.7862,0.66528,0,0,1.13177,0.202129,0,0.66528,12.849,1,0.521211,0.36288,0,105.644,4.52745,100.959,0.84672,12.849,0.84672,3695.15,0,0,0,0.588159,1.90599,5.93506,1.10987,7.31934,0.42336,0,0.42336,460.49,0,1.02816,0,0,1.61632,0.588159,1.028160,1,0,108.278,0,0,0,108.278,0
56.1418,2.27518,0,0,2.53909,0.241001,0.36288,3.6288,33.6153,0.66528,0,0,0.630379,0.136054,0,0.66528,12.849,1,0.517579,0.36288,0,31.6489,3.75942,27.7348,0.84672,12.849,0.84672,3695.15,0,0,0,0.910639,2.083,4.06406,0.762503,6.29519,0.42336,0,0.42336,460.49,0,1.02816,0,0,1.9388,0.910639,1.028160,1,0,34.03,0,0,0,34.03,0
58.286,2.27267,0,0,5.01992,0.24019,0.36288,3.6288,34.0687,0.66528,0,0,1.25455,0.135805,0,0.66528,12.849,1,0.520139,0.36288,0,81.9749,3.75942,78.0582,0.84672,12.849,0.84672,3695.15,0,0,0,2.42844,2.14411,8.9951,0.762503,12.8052,0.42336,0,0.42336,460.49,0,1.02816,0,0,3.4566,2.42844,1.028160,1,0,90.8633,0,0,0,90.8633,0
62.4468,2.2884,0,0,7.05739,0.245304,0.36288,3.6288,35.819,0.66528,0,0,2.55195,0.13644,0,0.66528,12.849,1,0.504471,0.36288,0,132.399,3.75942,128.498,0.84672,12.849,0.84672,3695.15,0,0,0,5.7353,2.14414,15.5342,0.762503,22.6511,0.42336,0,0.42336,460.49,0,1.02816,0,0,6.76346,5.7353,1.028160,1,0,151.149,0,0,0,151.149,0
69.2055,2.31632,0,0,9.74791,0.310028,0.36288,3.6288,37.5788,0.66528,0,0,2.58734,0.162208,0,0.66528,12.849,1,0.476604,0.36288,0,213.793,4.30815,209.371,0.84672,12.849,0.84672,3695.15,0,0,0,8.59089,2.14417,18.051,0.903307,27.8828,0.42336,0,0.42336,460.49,0,1.02816,0,0,9.61905,8.59089,1.028160,1,0,237.254,0,0,0,237.254,0
70.8606,2.86531,0,0,5.23044,0.347106,0.36288,3.6288,38.5882,0.66528,0,0,1.8167,0.142021,0,0.66528,12.849,1,0.531986,0.36288,0,144.781,4.03398,140.578,0.84672,12.849,0.84672,3695.15,0,0,0,3.97817,2.14421,10.9289,0.925163,16.1261,0.42336,0,0.42336,460.49,0,1.02816,0,0,5.00633,3.97817,1.028160,1,0,156.704,0,0,0,156.704,0
70.6763,2.87588,0,0,3.41015,0.35568,0.36288,3.6288,39.0875,0.66528,0,0,1.29705,0.132517,0,0.66528,12.849,1,0.521476,0.36288,0,91.4638,3.88773,87.4175,0.84672,12.849,0.84672,3695.15,0,0,0,1.91863,2.18697,9.77452,0.924519,12.9556,0.42336,0,0.42336,460.49,0,1.02816,0,0,2.94679,1.91863,1.028160,1,0,100.373,0,0,0,100.373,0
70.7462,2.87478,0,0,3.66272,0.355177,0.36288,3.6288,39.3639,0.66528,0,0,1.07482,0.133147,0,0.66528,12.849,1,0.522636,0.36288,0,71.166,3.88773,67.1186,0.84672,12.849,0.84672,3695.15,0,0,0,1.21275,2.187,9.51117,0.924519,11.9864,0.42336,0,0.42336,460.49,0,1.02816,0,0,2.24091,1.21275,1.028160,1,0,79.105,0,0,0,79.105,0
70.1478,2.87526,0,0,2.99504,0.355368,0.36288,3.6288,39.7385,0.66528,0,0,1.17338,0.133496,0,0.66528,12.849,1,0.522208,0.36288,0,79.5259,3.88773,75.4789,0.84672,12.849,0.84672,3695.15,0,0,0,1.48447,2.18704,9.28921,0.924519,12.0362,0.42336,0,0.42336,460.49,0,1.02816,0,0,2.51263,1.48447,1.028160,1,0,87.5151,0,0,0,87.5151,0
72.29,2.50756,0,0,6.90022,0.32045,1.92996,3.6288,40.8952,0.66528,0,0,1.95223,0.130205,0,0.66528,12.849,1,0.459312,1.92996,0,121.615,3.84973,119.236,0.84672,12.849,0.84672,3695.15,0,0,0,3.92621,2.18708,13.0986,1.00292,18.209,0.42336,0,0.42336,460.49,0,1.02816,0,0,4.95437,3.92621,1.028160,1,0,137.445,0,0,0,137.445,0
72.29,2.51916,0,0,5.84399,0.319483,3.00534,3.6288,41.4615,0.66528,0,0,1.34856,0.116967,0,0.66528,12.849,1,0.447762,3.00534,0,93.3725,3.46762,92.4624,0.84672,12.849,0.84672,3695.15,0,0,0,2.30805,1.88751,10.0541,0.919493,13.3302,0.42336,0,0.42336,460.49,0,1.02816,0,0,3.33621,2.30805,1.028160,1,0,105.793,0,0,0,105.793,0
72.29,2.51921,0,0,4.71775,0.319483,1.87906,3.6288,41.6309,0.66528,0,0,0.952275,0.117612,0,0.66528,12.849,1,0.44777,1.87906,0,100.92,3.46762,98.8841,0.84672,12.849,0.84672,3695.15,0,0,0,1.17007,1.88754,6.97404,0.919493,9.11216,0.42336,0,0.42336,460.49,0,1.02816,0,0,2.19823,1.17007,1.028160,1,0,107.996,0,0,0,107.996,0
72.29,2.51925,0,0,3.32116,0.319483,0.482419,3.6288,41.5233,0.66528,0,0,0.6755,0.117804,0,0.66528,12.849,1,0.447778,0.482419,0,89.7195,3.46762,86.2865,0.84672,12.849,0.84672,3695.15,0,0,0,0.869823,1.88758,6.70232,0.919493,8.54022,0.42336,0,0.42336,460.49,0,1.02816,0,0,1.89798,0.869823,1.028160,1,0,94.8267,0,0,0,94.8267,0
72.29,2.5193,0,0,3.83969,0.262623,1.05777,3.6288,41.4782,0.66528,0,0,0.720114,0.0999149,0,0.66528,12.849,1,0.447786,1.05777,0,84.0154,3.06699,81.5584,0.84672,12.849,0.84672,3695.15,0,0,0,0.853442,1.88761,6.73237,0.898444,8.57498,0.42336,0,0.42336,460.49,0,1.02816,0,0,1.8816,0.853442,1.028160,1,0,90.1333,0,0,0,90.1333,0
72.29,2.6114,0,0,4.43694,0.318718,1.50683,3.6288,41.5727,0.66528,0,0,0.905334,0.145545,0,0.66528,12.849,1,0.464156,1.50683,0,79.151,3.59132,76.6024,0.84672,12.849,0.84672,3695.15,0,0,0,1.14588,1.88764,8.56713,1.06502,10.5356,0.42336,0,0.42336,460.49,0,1.02816,0,0,2.17404,1.14588,1.028160,1,0,87.138,0,0,0,87.138,0
72.29,2.61144,0,0,4.03377,0.318718,1.10361,3.6288,41.8643,0.66528,0,0,1.10252,0.145678,0,0.66528,12.849,1,0.464164,1.10361,0,71.2645,3.59132,68.3126,0.84672,12.849,0.84672,3695.15,0,0,0,1.05042,1.96155,8.7908,1.06502,10.7378,0.42336,0,0.42336,460.49,0,1.02816,0,0,2.07858,1.05042,1.028160,1,0,79.0503,0,0,0,79.0503,0
72.29,2.61149,0,0,4.03538,0.318718,1.10518,3.6288,42.1941,0.66528,0,0,1.1412,0.146088,0,0.66528,12.849,1,0.464172,1.10518,0,77.531,3.59132,74.5807,0.84672,12.849,0.84672,3695.15,0,0,0,1.55866,1.96159,10.2258,1.06502,12.6811,0.42336,0,0.42336,460.49,0,1.02816,0,0,2.58682,1.55866,1.028160,1,0,87.2618,0,0,0,87.2618,0
72.29,2.61153,0,0,3.60763,0.309576,0.686522,3.6288,42.1284,0.66528,0,0,0.754643,0.155052,0,0.66528,12.849,1,0.46418,0.686522,0,61.688,3.71873,58.1916,0.84672,12.849,0.84672,3695.15,0,0,0,0.692859,1.96162,5.60879,1.10066,7.16261,0.42336,0,0.42336,460.49,0,1.02816,0,0,1.72102,0.692859,1.028160,1,0,65.3542,0,0,0,65.3542,0
71.6258,2.57559,0,0,2.57313,0.298831,0.36288,3.6288,41.8977,0.787959,0,0,0.723704,0.166504,0,0.66528,12.849,1,0.457791,0.36288,0,46.5032,4.10377,42.3046,0.84672,12.849,0.84672,3695.15,0,0,0,0.528595,1.96166,4.93519,1.05333,6.37211,0.42336,0,0.42336,460.49,0,0.905481,0,0,1.43408,0.528595,1.028160,1,0,48.6767,0,0,0,48.6767,0
70.9152,2.57203,0,0,2.47967,0.255403,0.36288,3.6288,41.7439,0.727851,0,0,0.75708,0.182986,0,0.66528,12.849,1,0.461398,0.36288,0,44.5364,4.27676,40.1612,0.84672,12.849,0.84672,3695.15,0,0,0,0.528595,1.93294,5.24049,1.06366,6.63837,0.42336,0,0.42336,460.49,0,0.965589,0,0,1.49418,0.528595,1.028160,1,0,46.7995,0,0,0,46.7995,0
70.0271,2.56816,0,0,2.29701,0.254019,0.36288,3.6288,41.444,0.819945,0,0,0.7027,0.182715,0,0.66528,12.849,1,0.465321,0.36288,0,40.6381,4.27676,36.2589,0.84672,12.849,0.84672,3695.15,0,0,0,0.528595,1.93298,5.14322,1.06366,6.54113,0.42336,0,0.42336,460.49,0,0.873495,0,0,1.40209,0.528595,1.028160,1,0,42.8,0,0,0,42.8,0
69.2476,2.56322,0,0,2.39844,0.251831,0.36288,3.6288,41.2702,0.765565,0,0,0.76801,0.176215,0,0.66528,12.849,1,0.470316,0.36288,0,42.1535,4.07071,37.9754,0.84672,12.849,0.84672,3695.15,0,0,0,0.402797,1.93301,4.77876,1.07284,6.04173,0.42336,0,0.42336,460.49,0,0.927875,0,0,1.33067,0.402797,1.028160,1,0,44.0171,0,0,0,44.0171,0
68.2642,2.68018,0,0,2.28365,0.224019,0.36288,3.6288,41.0634,0.735748,0,0,0.710431,0.181529,0,0.66528,12.849,1,0.497312,0.36288,0,37.7482,4.17854,33.4352,0.84672,12.849,0.84672,3695.15,0,0,0,0.402797,1.93305,4.24037,1.10024,5.47598,0.42336,0,0.42336,460.49,0,0.957692,0,0,1.36049,0.402797,1.028160,1,0,38.9112,0,0,0,38.9112,0
67.1426,2.6742,0,0,2.10685,0.19133,0.36288,3.6288,40.8919,0.678041,0,0,0.689748,0.183183,0,0.66528,12.849,1,0.503351,0.36288,0,32.7104,4.18614,28.3838,0.84672,12.849,0.84672,3695.15,0,0,0,0.402797,2.03382,3.75914,1.11263,5.08314,0.42336,0,0.42336,460.49,0,1.0154,0,0,1.4182,0.402797,1.028160,1,0,33.467,0,0,0,33.467,0
65.9178,2.66719,0,0,1.98026,0.175022,0.36288,3.6288,40.7498,0.674499,0,0,0.718304,0.185915,0,0.66528,12.849,1,0.510417,0.36288,0,30.1299,4.2945,25.6879,0.84672,12.849,0.84672,3695.15,0,0,0,0.402797,2.03386,3.82053,1.09257,5.16462,0.42336,0,0.42336,460.49,0,1.01894,0,0,1.42174,0.402797,1.028160,1,0,30.8525,0,0,0,30.8525,0
64.8783,2.40623,0,0,1.90289,0.17333,0.36288,3.6288,40.6306,0.66528,0,0,0.731756,0.185658,0,0.66528,12.849,1,0.469034,0.36288,0,28.4039,4.2945,24.0033,0.84672,12.849,0.84672,3695.15,0,0,0,0.322799,2.0339,3.80959,1.09257,5.07372,0.42336,0,0.42336,460.49,0,1.02816,0,0,1.35096,0.322799,1.028160,1,0,29.077,0,0,0,29.077,0
63.7489,2.40001,0,0,1.79367,0.160162,0.36288,3.6288,40.4696,0.66528,0,0,0.702907,0.19865,0,0.66528,12.849,1,0.475316,0.36288,0,27.6525,4.52631,23.0137,0.84672,12.849,0.84672,3695.15,0,0,0,0.325469,2.2109,3.60538,1.13848,5.00326,0.42336,0,0.42336,460.49,0,1.02816,0,0,1.35363,0.325469,1.028160,1,0,28.017,0,0,0,28.017,0
62.6483,2.36936,0,0,1.76131,0.129646,0.36288,3.6288,40.3039,0.66528,0,0,0.730918,0.231306,0,0.66528,12.849,1,0.47756,0.36288,0,28.925,5.10584,23.7045,0.84672,12.849,0.84672,3695.15,0,0,0,0.471986,2.21093,3.81326,1.25328,5.24291,0.42336,0,0.42336,460.49,0,1.02816,0,0,1.50015,0.471986,1.028160,1,0,28.9474,0,0,0,28.9474,0
61.4438,2.36244,0,0,1.6493,0.128488,0.36288,3.6288,40.1025,0.66528,0,0,0.694846,0.230931,0,0.66528,12.849,1,0.484531,0.36288,0,28.8872,5.10584,23.6597,0.84672,12.849,0.84672,3695.15,0,0,0,0.381465,2.24619,3.91877,1.25328,5.29314,0.42336,0,0.42336,460.49,0,1.02816,0,0,1.40962,0.381465,1.028160,1,0,28.9529,0,0,0,28.9529,0
60.099,2.35463,0,0,1.49996,0.127221,0.36288,3.6288,39.8843,0.66528,0,0,0.677566,0.230476,0,0.66528,12.849,1,0.492396,0.36288,0,28.3217,5.10584,23.0864,0.84672,12.849,0.84672,3695.15,0,0,0,0.3632,2.24623,3.75487,1.25328,5.11102,0.42336,0,0.42336,460.49,0,1.02816,0,0,1.39136,0.3632,1.028160,1,0,28.1974,0,0,0,28.1974,0
58.6262,2.3456,0,0,1.36143,0.125775,0.36288,3.6288,39.5697,0.720265,0,0,0.635662,0.230001,0,0.66528,12.849,1,0.501483,0.36288,0,25.2371,5.10584,19.9927,0.84672,12.849,0.84672,3695.15,0,0,0,0.261274,2.24626,3.63234,1.25328,4.8866,0.42336,0,0.42336,460.49,0,0.973175,0,0,1.23445,0.261274,1.028160,1,0,24.8793,0,0,0,24.8793,0
57.1126,2.39561,0,0,1.34708,0.102229,0.36288,3.6288,39.1205,0.801455,0,0,0.63027,0.278047,0,0.66528,12.849,1,0.525041,0.36288,0,24.2505,6.03052,18.0578,0.84672,12.849,0.84672,3695.15,0,0,0,0.261274,2.2463,3.02842,1.52208,4.01391,0.42336,0,0.42336,460.49,0,0.891985,0,0,1.15326,0.261274,1.028160,1,0,22.0717,0,0,0,22.0717,0
55.5669,2.38429,0,0,1.30359,0.102049,0.36288,3.6288,38.688,0.724334,0,0,0.566132,0.274252,0,0.66528,12.849,1,0.53641,0.36288,0,23.642,6.01996,17.4485,0.84672,12.849,0.84672,3695.15,0,0,0,0.261274,2.29625,3.14372,1.50678,4.19448,0.42336,0,0.42336,460.49,0,0.969106,0,0,1.23038,0.261274,1.028160,1,0,21.643,0,0,0,21.643,0
53.9512,2.37222,0,0,1.21985,0.100498,0.36288,3.6288,38.1618,0.777133,0,0,0.524035,0.273128,0,0.66528,12.849,1,0.54854,0.36288,0,21.3426,6.01996,15.137,0.84672,12.849,0.84672,3695.15,0,0,0,0.261274,2.29629,2.80574,1.50678,3.85653,0.42336,0,0.42336,460.49,0,0.916307,0,0,1.17758,0.261274,1.028160,1,0,18.9935,0,0,0,18.9935,0
52.2503,2.359,0,0,1.11989,0.0988759,0.36288,3.6288,37.5684,0.839989,0,0,0.518279,0.27176,0,0.66528,12.849,1,0.561819,0.36288,0,19.5098,6.01996,13.2909,0.84672,12.849,0.84672,3695.15,0,0,0,0.227405,2.29633,2.74412,1.50678,3.76107,0.42336,0,0.42336,460.49,0,0.853451,0,0,1.08086,0.227405,1.028160,1,0,17.052,0,0,0,17.052,0
50.6191,2.51715,0,0,1.33929,0.0904822,0.36288,3.6288,37.2401,0.66528,0,0,0.616216,0.27921,0,0.66528,12.849,1,0.618997,0.36288,0,18.876,6.29289,12.327,0.84672,12.849,0.84672,3695.15,0,0,0,0.309623,2.29637,3.7726,1.57455,4.80405,0.42336,0,0.42336,460.49,0,1.02816,0,0,1.33778,0.309623,1.028160,1,0,17.131,0,0,0,17.131,0
48.6476,2.50129,0,0,0.987198,0.0945674,0.36288,3.6288,36.4229,0.996062,0,0,0.472631,0.293732,0,0.66528,12.849,1,0.634919,0.36288,0,19.1268,6.40448,12.4503,0.84672,12.849,0.84672,3695.15,0,0,0,0.227405,2.46722,2.52349,1.60445,3.61366,0.42336,0,0.42336,460.49,0,0.697378,0,0,0.924782,0.227405,1.028160,1,0,16.0639,0,0,0,16.0639,0
46.7193,2.48098,0,0,1.00824,0.0926004,0.36288,3.6288,35.73,0.943652,0,0,0.542157,0.291415,0,0.66528,12.849,1,0.655287,0.36288,0,16.5687,6.40448,9.87179,0.84672,12.849,0.84672,3695.15,0,0,0,0.227405,2.46726,2.6206,1.60445,3.71081,0.42336,0,0.42336,460.49,0,0.749788,0,0,0.977193,0.227405,1.028160,1,0,13.5826,0,0,0,13.5826,0
44.8223,2.45981,0,0,1.01731,0.0916686,0.36288,3.6288,35.3105,0.681929,0,0,0.546265,0.28387,0,0.66528,12.849,1,0.676511,0.36288,0,16.8115,6.21963,10.2782,0.84672,12.849,0.84672,3695.15,0,0,0,0.204422,2.4673,3.35192,1.5325,4.49114,0.42336,0,0.42336,460.49,0,1.01151,0,0,1.21593,0.204422,1.028160,1,0,14.7693,0,0,0,14.7693,0
43.0061,2.43761,0,0,1.08096,0.0966263,0.36288,3.6288,34.7055,0.890335,0,0,0.533587,0.24824,0,0.66528,12.849,1,0.698778,0.36288,0,13.7655,5.14427,8.28534,0.84672,12.849,0.84672,3695.15,0,0,0,0.204422,2.46734,3.8024,1.14567,5.32849,0.42336,0,0.42336,460.49,0,0.803105,0,0,1.00753,0.204422,1.028160,1,0,13.6138,0,0,0,13.6138,0
42.2856,2.33415,0,0,2.07694,0.100465,0.36288,3.6288,34.7423,0.66528,0,0,0.942157,0.240108,0,0.66528,12.849,1,0.697377,0.36288,0,28.9333,5.3465,23.2523,0.84672,12.849,0.84672,3695.15,0,0,0,0.275651,2.46738,4.78128,1.41505,6.10926,0.42336,0,0.42336,460.49,0,1.02816,0,0,1.30381,0.275651,1.028160,1,0,29.3616,0,0,0,29.3616,0
41.2452,2.32508,0,0,1.74723,0.0996291,0.36288,3.6288,35.1733,0.66528,0,0,1.3365,0.240196,0,0.66528,12.849,1,0.706505,0.36288,0,26.2385,5.3465,20.5484,0.84672,12.849,0.84672,3695.15,0,0,0,1.23288,2.36856,5.39707,1.41505,7.58346,0.42336,0,0.42336,460.49,0,1.02816,0,0,2.26104,1.23288,1.028160,1,0,28.1318,0,0,0,28.1318,0
39.9674,2.31154,0,0,1.49506,0.0984228,0.36288,3.6288,35.005,0.66528,0,0,0.738193,0.24122,0,0.66528,12.849,1,0.720106,0.36288,0,26.2126,5.3465,20.5089,0.84672,12.849,0.84672,3695.15,0,0,0,0.232019,2.3686,4.01672,1.41505,5.20229,0.42336,0,0.42336,460.49,0,1.02816,0,0,1.26018,0.232019,1.028160,1,0,25.7112,0,0,0,25.7112,0
38.7589,2.29416,0,0,1.55983,0.111307,0.36288,3.6288,34.7986,0.688366,0,0,0.710649,0.228635,0,0.66528,12.849,1,0.737542,0.36288,0,25.1954,5.13886,19.6819,0.84672,12.849,0.84672,3695.15,0,0,0,0.216518,2.36864,4.04213,1.35015,5.27713,0.42336,0,0.42336,460.49,0,1.00507,0,0,1.22159,0.216518,1.028160,1,0,24.9591,0,0,0,24.9591,0
38.3555,2.21225,0,0,2.34408,0.172327,0.36288,3.6288,34.7966,0.66528,0,0,0.831626,0.168335,0,0.66528,12.849,1,0.733384,0.36288,0,34.3703,4.37384,29.6259,0.84672,12.849,0.84672,3695.15,0,0,0,0.359061,2.36868,4.74828,1.10785,6.36816,0.42336,0,0.42336,460.49,0,1.02816,0,0,1.38722,0.359061,1.028160,1,0,35.9941,0,0,0,35.9941,0
37.3041,2.20651,0,0,1.68052,0.162591,0.36288,3.6288,34.4796,0.68701,0,0,0.543593,0.173582,0,0.66528,12.849,1,0.739176,0.36288,0,24.7008,4.56614,19.7584,0.84672,12.849,0.84672,3695.15,0,0,0,0.216518,2.28048,4.17127,1.16669,5.50158,0.42336,0,0.42336,460.49,0,1.00643,0,0,1.22295,0.216518,1.028160,1,0,25.26,0,0,0,25.26,0
37.7295,2.19106,0,0,3.13998,0.160598,0.36288,3.6288,35.1244,0.66528,0,0,1.48312,0.173038,0,0.66528,12.849,1,0.754688,0.36288,0,49.2108,4.56614,44.2529,0.84672,12.849,0.84672,3695.15,0,0,0,2.71786,2.28052,9.20238,1.16669,13.0341,0.42336,0,0.42336,460.49,0,1.02816,0,0,3.74602,2.71786,1.028160,1,0,57.287,0,0,0,57.287,0
40.7635,2.19745,0,0,5.7638,0.169518,0.36288,3.6288,36.9768,0.66528,0,0,2.68552,0.167843,0,0.66528,12.849,1,0.748354,0.36288,0,94.6172,4.45731,89.7744,0.84672,12.849,0.84672,3695.15,0,0,0,2.66134,2.28055,12.0436,1.13586,15.8497,0.42336,0,0.42336,460.49,0,1.02816,0,0,3.6895,2.66134,1.028160,1,0,105.624,0,0,0,105.624,0
41.7805,2.05384,0,0,3.63897,0.205274,0.36288,3.6288,37.799,0.66528,0,0,1.6728,0.185355,0,0.66528,12.849,1,0.647389,0.36288,0,58.0988,4.15132,53.663,0.84672,12.849,0.84672,3695.15,0,0,0,1.29841,2.28059,6.78628,1.00064,9.36464,0.42336,0,0.42336,460.49,0,1.02816,0,0,2.32657,1.29841,1.028160,1,0,63.0276,0,0,0,63.0276,0
43.6372,2.06594,0,0,4.49593,0.210392,0.36288,3.6288,38.4906,0.66528,0,0,1.56266,0.205716,0,0.66528,12.849,1,0.63535,0.36288,0,73.2231,4.25706,68.6936,0.84672,12.849,0.84672,3695.15,0,0,0,1.17362,2.08462,7.6458,1.05255,9.8515,0.42336,0,0.42336,460.49,0,1.02816,0,0,2.20178,1.17362,1.028160,1,0,78.5451,0,0,0,78.5451,0
45.6793,2.08686,0,0,4.72396,0.232096,0.36288,3.6288,39.3123,0.66528,0,0,1.64255,0.155569,0,0.66528,12.849,1,0.614478,0.36288,0,98.0277,3.99462,93.7815,0.84672,12.849,0.84672,3695.15,0,0,0,1.1601,2.08466,7.9457,1.00003,10.1904,0.42336,0,0.42336,460.49,0,1.02816,0,0,2.18826,1.1601,1.028160,1,0,103.972,0,0,0,103.972,0
50.7857,2.10834,0,0,7.8151,0.237526,0.36288,3.6288,42.9187,0.66528,0,0,4.42841,0.156788,0,0.66528,12.849,1,0.59305,0.36288,0,131.885,3.99462,127.66,0.84672,12.849,0.84672,3695.15,0,0,0,4.12018,2.08469,16.3158,1.00003,21.5206,0.42336,0,0.42336,460.49,0,1.02816,0,0,5.14834,4.12018,1.028160,1,0,149.181,0,0,0,149.181,0
54.2426,2.15597,0,0,6.22687,0.251072,0.36288,3.6288,44.3484,0.66528,0,0,2.25727,0.162323,0,0.66528,12.849,1,0.545471,0.36288,0,149.316,3.99462,145.139,0.84672,12.849,0.84672,3695.15,0,0,0,2.20934,2.08472,12.8545,1.00003,16.1485,0.42336,0,0.42336,460.49,0,1.02816,0,0,3.2375,2.20934,1.028160,1,0,161.288,0,0,0,161.288,0
58.3288,2.2602,0,0,6.91284,0.20359,0.36288,3.6288,45.6613,0.66528,0,0,2.13136,0.15316,0,0.66528,12.849,1,0.535397,0.36288,0,77.417,3.36766,73.8768,0.84672,12.849,0.84672,3695.15,0,0,0,2.20251,2.08476,6.09009,0.691535,9.68582,0.42336,0,0.42336,460.49,0,1.02816,0,0,3.23067,2.20251,1.028160,1,0,83.5626,0,0,0,83.5626,0
61.0065,2.29097,0,0,5.5436,0.21201,0.36288,3.6288,46.5149,0.66528,0,0,1.67392,0.155052,0,0.66528,12.849,1,0.504668,0.36288,0,89.6996,3.36766,86.1902,0.84672,12.849,0.84672,3695.15,0,0,0,1.47905,2.14591,5.64796,0.691535,8.58138,0.42336,0,0.42336,460.49,0,1.02816,0,0,2.50721,1.47905,1.028160,1,0,94.7715,0,0,0,94.7715,0
62.0357,2.3093,0,0,3.92607,0.224707,0.36288,3.6288,47.1646,0.66528,0,0,1.47226,0.157259,0,0.66528,12.849,1,0.486377,0.36288,0,67.5301,3.32382,64.0828,0.84672,12.849,0.84672,3695.15,0,0,0,1.16287,2.14593,4.76742,0.713403,7.36283,0.42336,0,0.42336,460.49,0,1.02816,0,0,2.19103,1.16287,1.028160,1,0,71.4456,0,0,0,71.4456,0
62.7329,2.31601,0,0,3.64725,0.271157,0.36288,3.6288,47.7991,0.66528,0,0,1.46381,0.164039,0,0.66528,12.849,1,0.479698,0.36288,0,79.4439,3.06075,76.2664,0.84672,12.849,0.84672,3695.15,0,0,0,1.11101,2.14596,5.4087,0.844612,7.82106,0.42336,0,0.42336,460.49,0,1.02816,0,0,2.13917,1.11101,1.028160,1,0,84.0874,0,0,0,84.0874,0
66.2651,2.57128,0,0,6.7103,0.243879,0.36288,3.6288,50.6661,0.66528,0,0,3.67051,0.138173,0,0.66528,12.849,1,0.526652,0.36288,0,159.214,3.51561,155.534,0.84672,12.849,0.84672,3695.15,0,0,0,2.24871,2.14598,11.2133,0.910627,14.6974,0.42336,0,0.42336,460.49,0,1.02816,0,0,3.27687,2.24871,1.028160,1,0,170.232,0,0,0,170.232,0
70.4702,2.59483,0,0,7.39146,0.228677,0.36288,3.6288,53.6898,0.66528,0,0,3.80985,0.120945,0,0.66528,12.849,1,0.503145,0.36288,0,126.948,3.85676,122.95,0.84672,12.849,0.84672,3695.15,0,0,0,4.33735,2.36589,14.6607,0.960139,20.4038,0.42336,0,0.42336,460.49,0,1.02816,0,0,5.36551,4.33735,1.028160,1,0,143.354,0,0,0,143.354,0
72.29,2.87602,0,0,6.98369,0.271971,2.01592,3.6288,55.9082,0.66528,0,0,2.98976,0.105995,0,0.66528,12.849,1,0.524392,2.01592,0,116.823,3.96618,114.349,0.84672,12.849,0.84672,3695.15,0,0,0,3.5273,2.36591,10.9636,0.912223,15.9445,0.42336,0,0.42336,460.49,0,1.02816,0,0,4.55546,3.5273,1.028160,1,0,130.293,0,0,0,130.293,0
72.29,2.88727,0,0,11.2714,0.325783,8.05835,3.6288,58.1029,0.66528,0,0,3.00659,0.146664,0,0.66528,12.849,1,0.51319,8.05835,0,162.154,3.87786,165.821,0.84672,12.849,0.84672,3695.15,0,0,0,4.07538,2.18898,13.4511,0.965003,18.7504,0.42336,0,0.42336,460.49,0,1.02816,0,0,5.10354,4.07538,1.028160,1,0,184.572,0,0,0,184.572,0
72.29,2.52132,0,0,7.57453,0.322856,4.73036,3.6288,60.9836,0.66528,0,0,3.7014,0.155377,0,0.66528,12.849,1,0.448145,4.73036,0,149.088,4.08528,149.284,0.84672,12.849,0.84672,3695.15,0,0,0,4.15141,2.189,15.4034,1.06193,20.6819,0.42336,0,0.42336,460.49,0,1.02816,0,0,5.17957,4.15141,1.028160,1,0,169.966,0,0,0,169.966,0
72.29,2.52135,0,0,8.54876,0.32066,5.70675,3.6288,61.308,0.66528,0,0,4.07195,0.163311,2.919,0.66528,12.849,1,0.44815,5.70675,0,164.238,4.24084,165.256,0.84672,12.849,0.84672,3695.15,0,0,0,4.71564,1.88916,17.6797,1.13463,23.1499,0.42336,0,0.42336,460.49,0,1.02816,0,0,5.7438,4.71564,1.028160,1,0,191.324,0,0,0,191.324,0
72.29,2.52138,0,0,8.80537,0.286676,5.99732,3.6288,61.308,0.66528,0,0,3.6884,0.145598,2.87752,0.66528,12.849,1,0.448156,5.99732,0,180.096,3.97926,181.666,0.84672,12.849,0.84672,3695.15,0,0,0,4.94505,1.88918,18.3829,1.09705,24.1201,0.42336,0,0.42336,460.49,0,1.02816,0,0,5.97321,4.94505,1.028160,1,0,208.663,0,0,0,208.663,0
72.29,2.52141,0,0,7.78291,0.284758,4.97675,3.6288,61.308,0.66528,0,0,3.27911,0.129,2.48483,0.66528,12.849,1,0.448161,4.97675,0,157.353,4.00122,157.881,0.84672,12.849,0.84672,3695.15,0,0,0,4.36614,1.8892,16.2147,1.0968,21.3732,0.42336,0,0.42336,460.49,0,1.02816,0,0,5.3943,4.36614,1.028160,1,0,181.739,0,0,0,181.739,0
72.29,2.52144,0,0,6.46421,0.318414,3.62436,3.6288,61.308,0.66528,0,0,3.27332,0.134526,2.47352,0.66528,12.849,1,0.448167,3.62436,0,136.805,4.25373,135.727,0.84672,12.849,0.84672,3695.15,0,0,0,3.32669,1.88922,14.0132,1.14877,18.0804,0.42336,0,0.42336,460.49,0,1.02816,0,0,4.35485,3.32669,1.028160,1,0,156.281,0,0,0,156.281,0
72.29,2.6136,0,0,5.53759,0.32508,2.59891,3.6288,61.308,0.66528,0,0,2.9296,0.134071,2.13025,0.66528,12.849,1,0.464547,2.59891,0,110.558,4.10046,108.592,0.84672,12.849,0.84672,3695.15,0,0,0,3.379,1.88925,9.47912,1.23627,13.5111,0.42336,0,0.42336,460.49,0,1.02816,0,0,4.40716,3.379,1.028160,1,0,124.234,0,0,0,124.234,0
72.29,2.61363,0,0,5.68456,0.32508,2.74585,3.6288,61.308,0.66528,0,0,3.14926,0.134071,2.34991,0.66528,12.849,1,0.464553,2.74585,0,104.054,4.10046,102.235,0.84672,12.849,0.84672,3695.15,0,0,0,3.19597,1.96321,9.51117,1.23627,13.4341,0.42336,0,0.42336,460.49,0,1.02816,0,0,4.22413,3.19597,1.028160,1,0,118.019,0,0,0,118.019,0
72.29,2.61366,0,0,5.10322,0.32508,2.16448,3.6288,61.308,0.66528,0,0,3.69244,0.134071,2.89309,0.66528,12.849,1,0.464558,2.16448,0,103.713,4.10046,101.312,0.84672,12.849,0.84672,3695.15,0,0,0,3.89475,1.96323,10.8067,1.23627,15.4284,0.42336,0,0.42336,460.49,0,1.02816,0,0,4.92291,3.89475,1.028160,1,0,119.634,0,0,0,119.634,0
72.29,2.61369,0,0,5.27095,0.32508,2.33218,3.6288,61.308,0.66528,0,0,2.50775,0.134071,1.7084,0.66528,12.849,1,0.464564,2.33218,0,91.8657,4.10046,89.6328,0.84672,12.849,0.84672,3695.15,0,0,0,2.69884,1.96325,7.18715,1.23627,10.613,0.42336,0,0.42336,460.49,0,1.02816,0,0,3.727,2.69884,1.028160,1,0,101.954,0,0,0,101.954,0
72.29,2.5777,0,0,4.30453,0.279685,1.44714,3.6288,61.308,0.66528,0,0,1.98573,0.1761,1.14435,0.66528,12.849,1,0.458167,1.44714,0,83.3777,4.38999,79.9767,0.84672,12.849,0.84672,3695.15,0,0,0,2.11649,1.96328,6.57899,1.24477,9.41398,0.42336,0,0.42336,460.49,0,1.02816,0,0,3.14465,2.11649,1.028160,1,0,90.5351,0,0,0,90.5351,0
72.29,2.57773,0,0,4.19437,0.272119,1.34452,3.6288,61.308,0.66528,0,0,1.9337,0.183105,1.08532,0.66528,12.849,1,0.458172,1.34452,0,79.9312,4.43824,76.3793,0.84672,12.849,0.84672,3695.15,0,0,0,1.968,1.93453,6.51568,1.24619,9.17203,0.42336,0,0.42336,460.49,0,1.02816,0,0,2.99616,1.968,1.028160,1,0,86.6367,0,0,0,86.6367,0
72.29,2.57776,0,0,3.88812,0.272119,1.03824,3.6288,61.308,0.66528,0,0,2.23638,0.183105,1.38799,0.66528,12.849,1,0.458178,1.03824,0,72.9337,4.43824,69.0755,0.84672,12.849,0.84672,3695.15,0,0,0,2.38203,1.93455,7.13655,1.24619,10.207,0.42336,0,0.42336,460.49,0,1.02816,0,0,3.41019,2.38203,1.028160,1,0,80.6705,0,0,0,80.6705,0
72.29,2.57779,0,0,3.66604,0.288407,0.799838,3.6288,61.308,0.66528,0,0,2.13075,0.148183,1.31729,0.66528,12.849,1,0.458183,0.799838,0,67.5155,4.10623,63.751,0.84672,12.849,0.84672,3695.15,0,0,0,2.21274,1.93458,6.95701,1.12301,9.98132,0.42336,0,0.42336,460.49,0,1.02816,0,0,3.2409,2.21274,1.028160,1,0,75.0496,0,0,0,75.0496,0
72.29,2.70011,0,0,3.36602,0.220195,0.445718,3.6288,61.308,0.66528,0,0,1.75407,0.171678,0.917109,0.66528,12.849,1,0.479924,0.445718,0,59.8666,4.3467,55.4857,0.84672,12.849,0.84672,3695.15,0,0,0,1.53386,1.9346,5.4466,1.0973,7.81775,0.42336,0,0.42336,460.49,0,1.02816,0,0,2.56202,1.53386,1.028160,1,0,64.2205,0,0,0,64.2205,0
71.9356,2.70014,0,0,2.88772,0.179064,0.36288,3.6288,61.308,0.66528,0,0,1.32712,0.208365,0.453477,0.66528,12.849,1,0.47993,0.36288,0,51.0754,4.22415,46.7342,0.84672,12.849,0.84672,3695.15,0,0,0,1.17404,2.03545,4.18327,1.1676,6.22516,0.42336,0,0.42336,460.49,0,1.02816,0,0,2.2022,1.17404,1.028160,1,0,53.4129,0,0,0,53.4129,0
71.3904,2.69817,0,0,2.67161,0.155811,0.36288,3.6288,61.308,0.66528,0,0,1.34914,0.21372,0.470136,0.66528,12.849,1,0.481941,0.36288,0,46.271,4.38669,41.7652,0.84672,12.849,0.84672,3695.15,0,0,0,1.17829,2.03547,4.12767,1.13751,6.20392,0.42336,0,0.42336,460.49,0,1.02816,0,0,2.20645,1.17829,1.028160,1,0,48.4393,0,0,0,48.4393,0
70.7657,2.69508,0,0,2.58841,0.155164,0.36288,3.6288,61.308,0.66528,0,0,1.41371,0.21372,0.534711,0.66528,12.849,1,0.485067,0.36288,0,43.9049,4.38669,39.396,0.84672,12.849,0.84672,3695.15,0,0,0,1.09802,2.0355,4.28474,1.13751,6.28075,0.42336,0,0.42336,460.49,0,1.02816,0,0,2.12618,1.09802,1.028160,1,0,46.2114,0,0,0,46.2114,0
70.2854,2.43556,0,0,2.46702,0.148846,0.36288,3.6288,61.308,0.66528,0,0,1.24396,0.218676,0.360006,0.66528,12.849,1,0.442227,0.36288,0,40.2531,4.52385,35.6499,0.84672,12.849,0.84672,3695.15,0,0,0,0.792107,2.03552,3.73343,1.15809,5.40297,0.42336,0,0.42336,460.49,0,1.02816,0,0,1.82027,0.792107,1.028160,1,0,41.4128,0,0,0,41.4128,0
69.9888,2.40896,0,0,2.59016,0.114956,0.36288,3.6288,61.0554,0.924238,0,0,0.920065,0.248411,0,0.66528,12.849,1,0.440386,0.36288,0,34.2439,5.34681,28.8196,0.84672,12.849,0.84672,3695.15,0,0,0,0.30119,2.21251,2.86092,1.28162,4.093,0.42336,0,0.42336,460.49,0,0.769202,0,0,1.07039,0.30119,1.028160,1,0,32.9126,0,0,0,32.9126,0
69.4077,2.40741,0,0,2.30389,0.114693,0.36288,3.6288,60.6228,1.00982,0,0,0.825215,0.248014,0,0.66528,12.849,1,0.441968,0.36288,0,35.8563,5.34681,30.4304,0.84672,12.849,0.84672,3695.15,0,0,0,0.30119,2.24778,2.76671,1.28162,4.03406,0.42336,0,0.42336,460.49,0,0.683623,0,0,0.984813,0.30119,1.028160,1,0,34.4644,0,0,0,34.4644,0
68.6316,2.40432,0,0,2.10533,0.114179,0.36288,3.6288,60.2209,0.973348,0,0,0.818744,0.247335,0,0.66528,12.849,1,0.445097,0.36288,0,34.9044,5.34681,29.4754,0.84672,12.849,0.84672,3695.15,0,0,0,0.261274,2.24781,2.67285,1.28162,3.90032,0.42336,0,0.42336,460.49,0,0.720092,0,0,0.981366,0.261274,1.028160,1,0,33.3757,0,0,0,33.3757,0
67.8006,2.40011,0,0,2.04549,0.113491,0.36288,3.6288,59.747,1.01038,0,0,0.783207,0.246703,0,0.66528,12.849,1,0.449342,0.36288,0,30.4992,5.34681,25.0659,0.84672,12.849,0.84672,3695.15,0,0,0,0.261274,2.24783,2.61192,1.28162,3.8394,0.42336,0,0.42336,460.49,0,0.683061,0,0,0.944335,0.261274,1.028160,1,0,28.9053,0,0,0,28.9053,0
67.0781,2.45736,0,0,2.18223,0.0845507,0.36288,3.6288,59.1173,1.01931,0,0,0.706173,0.31658,0,0.66528,12.849,1,0.465697,0.36288,0,30.602,5.99065,24.5085,0.84672,12.849,0.84672,3695.15,0,0,0,0.261274,2.24786,2.59002,1.48301,3.61614,0.42336,0,0.42336,460.49,0,0.674127,0,0,0.935401,0.261274,1.028160,1,0,28.1247,0,0,0,28.1247,0
66.3776,2.45318,0,0,2.19731,0.0817191,0.36288,3.6288,58.4986,0.977884,0,0,0.687243,0.328022,0,0.66528,12.849,1,0.469913,0.36288,0,29.206,5.95035,23.1486,0.84672,12.849,0.84672,3695.15,0,0,0,0.261274,2.29784,2.69611,1.47496,3.78026,0.42336,0,0.42336,460.49,0,0.715556,0,0,0.97683,0.261274,1.028160,1,0,26.9288,0,0,0,26.9288,0
65.4004,2.44906,0,0,1.91601,0.0812669,0.36288,3.6288,57.7514,1.06858,0,0,0.648052,0.326721,0,0.66528,12.849,1,0.474074,0.36288,0,27.6703,5.95035,21.6087,0.84672,12.849,0.84672,3695.15,0,0,0,0.261274,2.29786,2.5762,1.47496,3.66037,0.42336,0,0.42336,460.49,0,0.624862,0,0,0.886136,0.261274,1.028160,1,0,25.2691,0,0,0,25.2691,0
64.2854,2.44317,0,0,1.76702,0.0759909,0.36288,3.6288,56.9867,1.07387,0,0,0.636915,0.327681,0,0.66528,12.849,1,0.480001,0.36288,0,26.1046,6.02513,19.9623,0.84672,12.849,0.84672,3695.15,0,0,0,0.227405,2.29789,2.55276,1.4899,3.58815,0.42336,0,0.42336,460.49,0,0.619574,0,0,0.846979,0.227405,1.028160,1,0,23.5505,0,0,0,23.5505,0
62.643,2.6158,0,0,1.39923,0.0629318,0.36288,3.6288,56.0723,1.16334,0,0,0.579333,0.330409,0,0.66528,12.849,1,0.522832,0.36288,0,22.7125,6.19482,16.3577,0.84672,12.849,0.84672,3695.15,0,0,0,0.227405,2.29791,2.42986,1.48844,3.46674,0.42336,0,0.42336,460.49,0,0.530103,0,0,0.757508,0.227405,1.028160,1,0,19.8245,0,0,0,19.8245,0
60.9175,2.60467,0,0,1.30226,0.0602554,0.36288,3.6288,54.8176,1.36694,0,0,0.447361,0.33513,0,0.66528,12.849,1,0.534255,0.36288,0,17.296,6.09893,11.0257,0.84672,12.849,0.84672,3695.15,0,0,0,0.227405,2.46887,2.13092,1.57266,3.25453,0.42336,0,0.42336,460.49,0,0.326504,0,0,0.553909,0.227405,1.028160,1,0,14.2802,0,0,0,14.2802,0
59.0457,2.59222,0,0,1.14279,0.0594042,0.36288,3.6288,53.5252,1.39161,0,0,0.431585,0.332381,0,0.66528,12.849,1,0.546764,0.36288,0,21.9864,6.09893,15.7036,0.84672,12.849,0.84672,3695.15,0,0,0,0.227405,2.46876,2.04628,1.57266,3.16978,0.42336,0,0.42336,460.49,0,0.301835,0,0,0.52924,0.227405,1.028160,1,0,18.8733,0,0,0,18.8733,0
57.2136,2.57805,0,0,1.16714,0.058392,0.36288,3.6288,52.3522,1.33863,0,0,0.495072,0.329417,0,0.66528,12.849,1,0.561011,0.36288,0,19.0455,6.09893,12.7484,0.84672,12.849,0.84672,3695.15,0,0,0,0.204422,2.46877,2.12501,1.57266,3.22554,0.42336,0,0.42336,460.49,0,0.354807,0,0,0.559229,0.204422,1.028160,1,0,15.974,0,0,0,15.974,0
55.4064,2.56343,0,0,1.17762,0.0584787,0.36288,3.6288,51.3292,1.20199,0,0,0.498821,0.319847,0,0.66528,12.849,1,0.575694,0.36288,0,19.3248,5.91408,13.1979,0.84672,12.849,0.84672,3695.15,0,0,0,0.204422,2.46878,2.71803,1.50071,3.89053,0.42336,0,0.42336,460.49,0,0.491447,0,0,0.695869,0.204422,1.028160,1,0,17.0885,0,0,0,17.0885,0
53.4108,2.46301,0,0,0.911485,0.0811997,0.36288,3.6288,49.8044,1.51574,0,0,0.292814,0.301843,0,0.66528,12.849,1,0.571184,0.36288,0,19.1538,5.67808,13.2675,0.84672,12.849,0.84672,3695.15,0,0,0,0.204422,2.46879,1.23902,1.45344,2.45879,0.42336,0,0.42336,460.49,0,0.177696,0,0,0.382119,0.204422,1.028160,1,0,15.7262,0,0,0,15.7262,0
52.084,2.44556,0,0,1.56119,0.0795789,0.36288,3.6288,48.7719,1.18723,0,0,0.452759,0.298112,0,0.66528,12.849,1,0.588326,0.36288,0,18.5056,5.67808,12.6021,0.84672,12.849,0.84672,3695.15,0,0,0,0.204422,2.36988,1.88008,1.45344,3.00094,0.42336,0,0.42336,460.49,0,0.506213,0,0,0.710636,0.204422,1.028160,1,0,15.603,0,0,0,15.603,0
49.9754,2.43357,0,0,0.766394,0.0785012,0.36288,3.6288,47.273,1.48081,0,0,0.277586,0.295585,0,0.66528,12.849,1,0.600356,0.36288,0,18.6447,5.67808,12.7291,0.84672,12.849,0.84672,3695.15,0,0,0,0.216518,2.37011,1.07803,1.45344,2.21122,0.42336,0,0.42336,460.49,0,0.212629,0,0,0.429147,0.216518,1.028160,1,0,14.9403,0,0,0,14.9403,0
47.9105,2.41345,0,0,0.788219,0.0767886,0.36288,3.6288,45.7384,1.54426,0,0,0.30155,0.291917,0,0.66528,12.849,1,0.620514,0.36288,0,12.159,5.67808,6.22327,0.84672,12.849,0.84672,3695.15,0,0,0,0.216518,2.37014,0.874411,1.45344,2.00762,0.42336,0,0.42336,460.49,0,0.149177,0,0,0.365695,0.216518,1.028160,1,0,8.23089,0,0,0,8.23089,0
46.0581,2.32443,0,0,1.00332,0.16844,0.36288,3.6288,44.5757,1.26925,0,0,0.375597,0.269073,0,0.66528,12.849,1,0.623384,0.36288,0,25.8352,4.61084,20.9639,0.84672,12.849,0.84672,3695.15,0,0,0,0.216518,2.37016,1.58522,1.22379,2.94811,0.42336,0,0.42336,460.49,0,0.42419,0,0,0.640709,0.216518,1.028160,1,0,23.912,0,0,0,23.912,0
43.9122,2.30486,0,0,0.695908,0.174063,0.36288,3.6288,43.3974,1.26908,0,0,0.342619,0.251805,0,0.66528,12.849,1,0.642996,0.36288,0,16.303,4.29114,11.7317,0.84672,12.849,0.84672,3695.15,0,0,0,0.216518,2.28189,1.26021,1.14131,2.61732,0.42336,0,0.42336,460.49,0,0.424363,0,0,0.640881,0.216518,1.028160,1,0,14.349,0,0,0,14.349,0
42.0472,2.28058,0,0,0.948361,0.169899,0.36288,3.6288,42.493,1.10458,0,0,0.4492,0.249019,0,0.66528,12.849,1,0.667314,0.36288,0,25.249,4.29114,20.6534,0.84672,12.849,0.84672,3695.15,0,0,0,0.216518,2.28192,2.49934,1.14131,3.85647,0.42336,0,0.42336,460.49,0,0.588859,0,0,0.805378,0.216518,1.028160,1,0,24.5099,0,0,0,24.5099,0
40.723,2.25794,0,0,1.49349,0.196866,0.36288,3.6288,41.916,0.983837,0,0,0.643196,0.236417,0,0.66528,12.849,1,0.689993,0.36288,0,35.6716,3.93369,31.4108,0.84672,12.849,0.84672,3695.15,0,0,0,0.292723,2.28195,2.32336,1.0894,3.80863,0.42336,0,0.42336,460.49,0,0.709603,0,0,1.00233,0.292723,1.028160,1,0,35.2194,0,0,0,35.2194,0
40.7718,2.05484,0,0,2.67488,0.208323,0.36288,3.6288,41.7643,0.768191,0,0,0.831257,0.214745,0,0.66528,12.849,1,0.648346,0.36288,0,46.1918,3.8166,42.0897,0.84672,12.849,0.84672,3695.15,0,0,0,0.292723,2.28197,4.28338,1.03318,5.82489,0.42336,0,0.42336,460.49,0,0.925249,0,0,1.21797,0.292723,1.028160,1,0,47.9146,0,0,0,47.9146,0
41.0266,2.05546,0,0,2.88772,0.21458,0.36288,3.6288,40.8625,1.08176,0,0,0.353973,0.173985,0,0.66528,12.849,1,0.647764,0.36288,0,68.7392,3.88132,64.573,0.84672,12.849,0.84672,3695.15,0,0,0,0.292723,2.08586,3.30322,0.944571,4.73723,0.42336,0,0.42336,460.49,0,0.611677,0,0,0.904401,0.292723,1.028160,1,0,69.3103,0,0,0,69.3103,0
41.0566,2.05855,0,0,2.66661,0.215228,0.36288,3.6288,39.8893,1.13685,0,0,0.336133,0.172471,0,0.66528,12.849,1,0.644709,0.36288,0,52.3168,3.88132,48.1537,0.84672,12.849,0.84672,3695.15,0,0,0,0.292723,2.08589,3.16799,0.944571,4.60202,0.42336,0,0.42336,460.49,0,0.556589,0,0,0.849312,0.292723,1.028160,1,0,52.7557,0,0,0,52.7557,0
41.8068,2.05893,0,0,3.38702,0.214956,0.36288,3.6288,38.8011,1.238,0,0,0.325146,0.175389,0,0.66528,12.849,1,0.64436,0.36288,0,58.9015,4.0467,54.5733,0.84672,12.849,0.84672,3695.15,0,0,0,0.412474,2.08591,3.12568,0.995911,4.62816,0.42336,0,0.42336,460.49,0,0.45544,0,0,0.867914,0.412474,1.028160,1,0,59.2014,0,0,0,59.2014,0
42.9004,2.06781,0,0,3.73899,0.214752,0.36288,3.6288,37.8062,1.12171,0,0,0.327357,0.20054,0,0.66528,12.849,1,0.635523,0.36288,0,60.4632,5.03895,55.1516,0.84672,12.849,0.84672,3695.15,0,0,0,0.412474,2.08593,3.33501,1.30395,4.52947,0.42336,0,0.42336,460.49,0,0.571726,0,0,0.9842,0.412474,1.028160,1,0,59.6811,0,0,0,59.6811,0
46.7258,2.08027,0,0,6.48976,0.22117,0.36288,3.6288,38.2591,0.66528,0,0,1.29294,0.174718,0,0.66528,12.849,1,0.623057,0.36288,0,106.968,4.25829,102.449,0.84672,12.849,0.84672,3695.15,0,0,0,1.45537,2.08596,8.93791,0.928467,11.5508,0.42336,0,0.42336,460.49,0,1.02816,0,0,2.48353,1.45537,1.028160,1,0,114,0,0,0,114,0
49.5076,2.19416,0,0,5.57042,0.231585,0.36288,3.6288,38.6646,0.66528,0,0,1.2422,0.171473,0,0.66528,12.849,1,0.603365,0.36288,0,90.0487,4.12818,85.68,0.84672,12.849,0.84672,3695.15,0,0,0,1.29022,2.08596,8.403,0.865886,10.9133,0.42336,0,0.42336,460.49,0,1.02816,0,0,2.31838,1.29022,1.028160,1,0,96.5933,0,0,0,96.5933,0
51.7572,2.22109,0,0,5.07228,0.238713,0.36288,3.6288,38.9791,0.66528,0,0,1.15193,0.172137,0,0.66528,12.849,1,0.576452,0.36288,0,81.4363,4.12818,77.0946,0.84672,12.849,0.84672,3695.15,0,0,0,1.12275,2.14713,7.99857,0.865886,10.4026,0.42336,0,0.42336,460.49,0,1.02816,0,0,2.15091,1.12275,1.028160,1,0,87.4971,0,0,0,87.4971,0
54.0546,2.24118,0,0,5.1754,0.273999,0.36288,3.6288,39.3094,0.66528,0,0,1.1712,0.175596,0,0.66528,12.849,1,0.556384,0.36288,0,82.245,4.33032,77.7212,0.84672,12.849,0.84672,3695.15,0,0,0,1.15807,2.14715,8.34926,0.978988,10.6755,0.42336,0,0.42336,460.49,0,1.02816,0,0,2.18623,1.15807,1.028160,1,0,88.3967,0,0,0,88.3967,0
55.2107,2.2603,0,0,4.09558,0.316311,0.36288,3.6288,40.0822,0.66528,0,0,1.61069,0.17267,0,0.66528,12.849,1,0.537283,0.36288,0,71.1501,4.51991,66.4557,0.84672,12.849,0.84672,3695.15,0,0,0,1.83451,2.14716,8.63352,1.21219,11.403,0.42336,0,0.42336,460.49,0,1.02816,0,0,2.86267,1.83451,1.028160,1,0,77.8587,0,0,0,77.8587,0
58.5849,2.51473,0,0,6.55916,0.307268,0.36288,3.6288,40.5825,0.66528,0,0,1.31759,0.151915,0,0.66528,12.849,1,0.585244,0.36288,0,97.8756,4.03168,93.6216,0.84672,12.849,0.84672,3695.15,0,0,0,1.68507,2.14717,10.064,1.08322,12.813,0.42336,0,0.42336,460.49,0,1.02816,0,0,2.71323,1.68507,1.028160,1,0,106.435,0,0,0,106.435,0
58.3325,2.54239,0,0,2.97043,0.317659,0.36288,3.6288,40.6159,0.66528,0,0,0.851265,0.15266,0,0.66528,12.849,1,0.557603,0.36288,0,51.1231,4.03168,46.8967,0.84672,12.849,0.84672,3695.15,0,0,0,0.713673,2.3672,6.17311,1.08322,8.17076,0.42336,0,0.42336,460.49,0,1.02816,0,0,1.74183,0.713673,1.028160,1,0,55.0675,0,0,0,55.0675,0
58.1541,2.54043,0,0,3.00422,0.279236,0.36288,3.6288,40.5416,0.672399,0,0,0.763106,0.164942,0,0.66528,12.849,1,0.559585,0.36288,0,46.1792,3.94422,42.0382,0.84672,12.849,0.84672,3695.15,0,0,0,0.608429,2.36721,6.34369,1.02464,8.29469,0.42336,0,0.42336,460.49,0,1.02104,0,0,1.62947,0.608429,1.028160,1,0,50.3329,0,0,0,50.3329,0
59.8055,2.53904,0,0,4.84673,0.293409,0.36288,3.6288,41.49,0.66528,0,0,1.77943,0.165809,0,0.66528,12.849,1,0.560994,0.36288,0,86.9196,3.88977,82.8317,0.84672,12.849,0.84672,3695.15,0,0,0,1.8248,2.36723,10.1199,1.00509,13.3068,0.42336,0,0.42336,460.49,0,1.02816,0,0,2.85296,1.8248,1.028160,1,0,96.1386,0,0,0,96.1386,0
64.3066,2.1968,0,0,7.37873,0.317983,0.36288,3.6288,42.8814,0.66528,0,0,2.22539,0.168671,0,0.66528,12.849,1,0.471974,0.36288,0,116.938,3.81717,113.012,0.84672,12.849,0.84672,3695.15,0,0,0,2.19464,2.36724,9.84865,0.979023,13.4315,0.42336,0,0.42336,460.49,0,1.02816,0,0,3.2228,2.19464,1.028160,1,0,126.443,0,0,0,126.443,0
66.5635,2.22435,0,0,5.17427,0.330179,0.36288,3.6288,43.8034,0.66528,0,0,1.75825,0.170941,0,0.66528,12.849,1,0.444444,0.36288,0,118.22,3.81717,114.322,0.84672,12.849,0.84672,3695.15,0,0,0,1.52982,2.06721,8.3414,0.979023,10.9594,0.42336,0,0.42336,460.49,0,1.02816,0,0,2.55798,1.52982,1.028160,1,0,125.281,0,0,0,125.281,0
68.3125,2.237,0,0,4.64173,0.292853,0.36288,3.6288,44.1553,0.66528,0,0,1.16858,0.151394,0,0.66528,12.849,1,0.431816,0.36288,0,99.265,3.46839,95.7276,0.84672,12.849,0.84672,3695.15,0,0,0,0.939203,2.06722,7.36439,0.928921,9.44189,0.42336,0,0.42336,460.49,0,1.02816,0,0,1.96736,0.939203,1.028160,1,0,105.17,0,0,0,105.17,0
70.0859,2.50084,0,0,4.90112,0.263957,0.36288,3.6288,44.8944,0.66528,0,0,1.54043,0.136058,0,0.66528,12.849,1,0.470388,0.36288,0,104.463,3.20681,101.148,0.84672,12.849,0.84672,3695.15,0,0,0,1.5464,2.06723,7.72874,0.891344,10.451,0.42336,0,0.42336,460.49,0,1.02816,0,0,2.57456,1.5464,1.028160,1,0,111.6,0,0,0,111.6,0
71.8257,2.51092,0,0,4.91124,0.297602,0.36288,3.6288,46.8249,0.66528,0,0,2.76049,0.164763,0,0.66528,12.849,1,0.460332,0.36288,0,110.56,3.45482,107.008,0.84672,12.849,0.84672,3695.15,0,0,0,1.63385,1.89028,8.37527,1.04089,10.8585,0.42336,0,0.42336,460.49,0,1.02816,0,0,2.66201,1.63385,1.028160,1,0,117.866,0,0,0,117.866,0
72.29,2.61248,0,0,4.41931,0.301598,1.04097,3.6288,49.5116,0.66528,0,0,3.51977,0.16773,0,0.66528,12.849,1,0.467351,1.04097,0,78.402,3.45482,75.5208,0.84672,12.849,0.84672,3695.15,0,0,0,2.09916,1.89029,6.66903,1.04089,9.61759,0.42336,0,0.42336,460.49,0,1.02816,0,0,3.12732,2.09916,1.028160,1,0,85.1383,0,0,0,85.1383,0
72.29,2.61505,0,0,4.10062,0.308037,1.17754,3.6288,52.4176,0.66528,0,0,3.73564,0.164389,0,0.66528,12.849,1,0.464805,1.17754,0,71.178,3.23838,68.6524,0.84672,12.849,0.84672,3695.15,0,0,0,2.14021,1.96428,8.94844,0.999125,12.0538,0.42336,0,0.42336,460.49,0,1.02816,0,0,3.16837,2.14021,1.028160,1,0,80.7062,0,0,0,80.7062,0
72.29,2.61507,0,0,3.54936,0.276249,0.65805,3.6288,55.0682,0.66528,0,0,3.49856,0.182668,0,0.66528,12.849,1,0.464808,0.65805,0,65.6659,3.45366,62.4055,0.84672,12.849,0.84672,3695.15,0,0,0,1.93736,1.9643,6.43188,1.03638,9.29716,0.42336,0,0.42336,460.49,0,1.02816,0,0,2.96552,1.93736,1.028160,1,0,71.7026,0,0,0,71.7026,0
71.8577,2.61508,0,0,2.82506,0.279371,0.36288,3.6288,55.756,0.66528,0,0,1.52728,0.17427,0,0.66528,12.849,1,0.464811,0.36288,0,53.0894,3.71967,49.2678,0.84672,12.849,0.84672,3695.15,0,0,0,0.813611,1.96431,4.58902,1.01283,6.35411,0.42336,0,0.42336,460.49,0,1.02816,0,0,1.84177,0.813611,1.028160,1,0,55.6219,0,0,0,55.6219,0
71.2675,2.57672,0,0,2.55069,0.201307,0.36288,3.6288,56.1601,0.66528,0,0,1.27498,0.205578,0,0.66528,12.849,1,0.460747,0.36288,0,48.0309,4.14897,43.784,0.84672,12.849,0.84672,3695.15,0,0,0,0.762618,1.96432,4.45824,1.02268,6.16249,0.42336,0,0.42336,460.49,0,1.02816,0,0,1.79078,0.762618,1.028160,1,0,49.9465,0,0,0,49.9465,0
70.6183,2.5735,0,0,2.4876,0.200402,0.36288,3.6288,56.7139,0.66528,0,0,1.42519,0.206122,0,0.66528,12.849,1,0.463983,0.36288,0,46.5247,4.14897,42.2746,0.84672,12.849,0.84672,3695.15,0,0,0,0.991328,1.93555,5.27703,1.02268,7.18122,0.42336,0,0.42336,460.49,0,1.02816,0,0,2.01949,0.991328,1.028160,1,0,49.4558,0,0,0,49.4558,0
69.9318,2.56991,0,0,2.44566,0.199407,0.36288,3.6288,57.2633,0.66528,0,0,1.42159,0.206868,0,0.66528,12.849,1,0.467595,0.36288,0,45.0115,4.14897,40.7579,0.84672,12.849,0.84672,3695.15,0,0,0,0.722624,1.93556,4.52628,1.02268,6.16178,0.42336,0,0.42336,460.49,0,1.02816,0,0,1.75078,0.722624,1.028160,1,0,46.9196,0,0,0,46.9196,0
69.0602,2.56605,0,0,2.24046,0.183148,0.36288,3.6288,57.502,0.66528,0,0,1.09861,0.194619,0,0.66528,12.849,1,0.471476,0.36288,0,39.6863,3.9252,35.6525,0.84672,12.849,0.84672,3695.15,0,0,0,0.657953,1.93557,4.20528,1.05086,5.74794,0.42336,0,0.42336,460.49,0,1.02816,0,0,1.68611,0.657953,1.028160,1,0,41.4004,0,0,0,41.4004,0
67.9799,2.68254,0,0,2.13845,0.173326,0.36288,3.6288,57.5572,0.66528,0,0,0.924445,0.204004,0,0.66528,12.849,1,0.499099,0.36288,0,30.991,4.61843,26.2363,0.84672,12.849,0.84672,3695.15,0,0,0,0.45716,1.93559,3.69126,1.09213,4.99187,0.42336,0,0.42336,460.49,0,1.02816,0,0,1.48532,0.45716,1.028160,1,0,31.2282,0,0,0,31.2282,0
66.6423,2.67588,0,0,1.86608,0.164907,0.36288,3.6288,57.4987,0.708998,0,0,0.859257,0.208687,0,0.66528,12.849,1,0.505773,0.36288,0,27.6996,4.67198,22.8847,0.84672,12.849,0.84672,3695.15,0,0,0,0.402797,2.03647,3.57018,1.10581,4.90363,0.42336,0,0.42336,460.49,0,0.984442,0,0,1.38724,0.402797,1.028160,1,0,27.7883,0,0,0,27.7883,0
65.2476,2.66739,0,0,1.7574,0.121839,0.36288,3.6288,57.4157,0.670274,0,0,0.823461,0.236256,0,0.66528,12.849,1,0.514287,0.36288,0,24.8387,4.99328,19.694,0.84672,12.849,0.84672,3695.15,0,0,0,0.30119,2.03649,3.37653,1.18791,4.5263,0.42336,0,0.42336,460.49,0,1.02317,0,0,1.32436,0.30119,1.028160,1,0,24.2203,0,0,0,24.2203,0
64.0213,2.40557,0,0,1.66261,0.120492,0.36288,3.6288,57.19,0.771051,0,0,0.781462,0.236128,0,0.66528,12.849,1,0.473722,0.36288,0,24.9189,4.99328,19.8148,0.84672,12.849,0.84672,3695.15,0,0,0,0.30119,2.0365,3.59394,1.18791,4.74372,0.42336,0,0.42336,460.49,0,0.922389,0,0,1.22358,0.30119,1.028160,1,0,24.5585,0,0,0,24.5585,0
62.9271,2.39803,0,0,1.76638,0.0996316,0.36288,3.6288,57.3141,0.66528,0,0,1.06027,0.270833,0,0.66528,12.849,1,0.481283,0.36288,0,31.9142,5.2395,26.5563,0.84672,12.849,0.84672,3695.15,0,0,0,1.13764,2.21348,4.78842,1.27213,6.8674,0.42336,0,0.42336,460.49,0,1.02816,0,0,2.1658,1.13764,1.028160,1,0,33.4237,0,0,0,33.4237,0
61.7521,2.36744,0,0,1.65407,0.0987491,0.36288,3.6288,57.3857,0.66528,0,0,1.00795,0.271051,0,0.66528,12.849,1,0.483404,0.36288,0,31.8726,5.2395,26.5126,0.84672,12.849,0.84672,3695.15,0,0,0,1.00692,2.21349,4.92089,1.27213,6.86917,0.42336,0,0.42336,460.49,0,1.02816,0,0,2.03508,1.00692,1.028160,1,0,33.3818,0,0,0,33.3818,0
60.4359,2.35984,0,0,1.50429,0.0978014,0.36288,3.6288,57.4322,0.66528,0,0,0.982878,0.271177,0,0.66528,12.849,1,0.491021,0.36288,0,31.2487,5.2395,25.8811,0.84672,12.849,0.84672,3695.15,0,0,0,0.980562,2.24877,4.71509,1.27213,6.67228,0.42336,0,0.42336,460.49,0,1.02816,0,0,2.00872,0.980562,1.028160,1,0,32.5534,0,0,0,32.5534,0
58.9906,2.35104,0,0,1.36537,0.0967397,0.36288,3.6288,57.4177,0.66528,0,0,0.922087,0.271259,0,0.66528,12.849,1,0.499844,0.36288,0,27.8451,5.2395,22.4686,0.84672,12.849,0.84672,3695.15,0,0,0,0.75403,2.24878,4.56122,1.27213,6.2919,0.42336,0,0.42336,460.49,0,1.02816,0,0,1.78219,0.75403,1.028160,1,0,28.7605,0,0,0,28.7605,0
57.3758,2.341,0,0,1.16146,0.0724004,0.36288,3.6288,57.1827,0.66528,0,0,0.759888,0.329566,0,0.66528,12.849,1,0.509903,0.36288,0,22.343,6.08607,16.1099,0.84672,12.849,0.84672,3695.15,0,0,0,0.507073,2.24879,3.71878,1.52166,4.95299,0.42336,0,0.42336,460.49,0,1.02816,0,0,1.53523,0.507073,1.028160,1,0,21.0628,0,0,0,21.0628,0
55.7852,2.38942,0,0,1.23807,0.0763582,0.36288,3.6288,57.0955,0.66528,0,0,0.894741,0.316661,0,0.66528,12.849,1,0.535097,0.36288,0,26.1649,5.97996,20.0128,0.84672,12.849,0.84672,3695.15,0,0,0,0.632681,2.24881,3.79963,1.43831,5.24281,0.42336,0,0.42336,460.49,0,1.02816,0,0,1.66084,0.632681,1.028160,1,0,25.2556,0,0,0,25.2556,0
54.097,2.37703,0,0,1.12692,0.0751667,0.36288,3.6288,56.8518,0.66528,0,0,0.737977,0.316482,0,0.66528,12.849,1,0.547502,0.36288,0,21.0746,5.97996,14.91,0.84672,12.849,0.84672,3695.15,0,0,0,0.668563,2.2988,3.53072,1.43831,5.05977,0.42336,0,0.42336,460.49,0,1.02816,0,0,1.69672,0.668563,1.028160,1,0,19.9698,0,0,0,19.9698,0
52.3219,2.36324,0,0,1.02493,0.0739023,0.36288,3.6288,56.5578,0.66528,0,0,0.687277,0.315981,0,0.66528,12.849,1,0.561312,0.36288,0,19.6463,5.97996,13.4679,0.84672,12.849,0.84672,3695.15,0,0,0,0.404093,2.29881,3.14657,1.43831,4.41116,0.42336,0,0.42336,460.49,0,1.02816,0,0,1.43225,0.404093,1.028160,1,0,17.8791,0,0,0,17.8791,0
50.6189,2.34797,0,0,1.07439,0.0666174,0.36288,3.6288,56.3638,0.66528,0,0,0.791018,0.319713,0,0.66528,12.849,1,0.576605,0.36288,0,19.9447,6.06433,13.6667,0.84672,12.849,0.84672,3695.15,0,0,0,0.75765,2.29882,4.16521,1.47937,5.74231,0.42336,0,0.42336,460.49,0,1.02816,0,0,1.78581,0.75765,1.028160,1,0,19.409,0,0,0,19.409,0
48.4696,2.5044,0,0,0.804989,0.0869543,0.36288,3.6288,56.0156,0.66528,0,0,0.627248,0.310168,0,0.66528,12.849,1,0.635713,0.36288,0,19.0242,5.52373,13.2276,0.84672,12.849,0.84672,3695.15,0,0,0,0.476505,2.29884,2.88296,1.51658,4.14172,0.42336,0,0.42336,460.49,0,1.02816,0,0,1.50466,0.476505,1.028160,1,0,17.3693,0,0,0,17.3693,0
46.2613,2.48214,0,0,0.721725,0.0849816,0.36288,3.6288,55.6095,0.66528,0,0,0.568592,0.309463,0,0.66528,12.849,1,0.658,0.36288,0,16.983,5.52373,11.1641,0.84672,12.849,0.84672,3695.15,0,0,0,0.378829,2.46986,2.81134,1.51658,4.14344,0.42336,0,0.42336,460.49,0,1.02816,0,0,1.40699,0.378829,1.028160,1,0,15.3075,0,0,0,15.3075,0
44.2218,2.45757,0,0,0.863827,0.0829443,0.36288,3.6288,55.2464,0.66528,0,0,0.610824,0.308641,0,0.66528,12.849,1,0.682586,0.36288,0,17.5764,5.52373,11.7329,0.84672,12.849,0.84672,3695.15,0,0,0,0.499859,2.46988,3.08369,1.51658,4.53683,0.42336,0,0.42336,460.49,0,1.02816,0,0,1.52802,0.499859,1.028160,1,0,16.2697,0,0,0,16.2697,0
42.8021,2.4332,0,0,1.47707,0.10064,0.36288,3.6288,55.0629,0.66528,0,0,0.784538,0.302748,0,0.66528,12.849,1,0.706985,0.36288,0,29.2097,5.37531,23.4903,0.84672,12.849,0.84672,3695.15,0,0,0,0.751697,2.46989,3.4134,1.49838,5.13661,0.42336,0,0.42336,460.49,0,1.02816,0,0,1.77986,0.751697,1.028160,1,0,28.6269,0,0,0,28.6269,0
41.873,2.41518,0,0,1.92288,0.0739275,0.36288,3.6288,55.1045,0.66528,0,0,0.964567,0.257675,0,0.66528,12.849,1,0.725025,0.36288,0,21.2874,4.97073,15.9545,0.84672,12.849,0.84672,3695.15,0,0,0,1.52544,2.4699,4.39548,1.48306,6.90777,0.42336,0,0.42336,460.49,0,1.02816,0,0,2.5536,1.52544,1.028160,1,0,22.8623,0,0,0,22.8623,0
40.4205,2.32251,0,0,1.30276,0.0698765,0.36288,3.6288,54.8917,0.66528,0,0,0.704203,0.251683,0,0.66528,12.849,1,0.712677,0.36288,0,31.7461,4.86864,26.5277,0.84672,12.849,0.84672,3695.15,0,0,0,1.3605,2.46992,3.22992,1.48232,5.57801,0.42336,0,0.42336,460.49,0,1.02816,0,0,2.38866,1.3605,1.028160,1,0,32.1057,0,0,0,32.1057,0
38.5546,2.30309,0,0,0.868735,0.0686897,0.36288,3.6288,54.511,0.66528,0,0,0.535873,0.251331,0,0.66528,12.849,1,0.732115,0.36288,0,19.9146,4.86864,14.6767,0.84672,12.849,0.84672,3695.15,0,0,0,0.468919,2.37097,2.17982,1.48232,3.53738,0.42336,0,0.42336,460.49,0,1.02816,0,0,1.49708,0.468919,1.028160,1,0,18.2141,0,0,0,18.2141,0
37.5095,2.27653,0,0,1.70494,0.110597,0.36288,3.6288,54.3909,0.66528,0,0,0.798889,0.253647,0,0.66528,12.849,1,0.758696,0.36288,0,23.3048,4.49969,18.4093,0.84672,12.849,0.84672,3695.15,0,0,0,1.2135,2.37098,3.41317,1.40689,5.59075,0.42336,0,0.42336,460.49,0,1.02816,0,0,2.24166,1.2135,1.028160,1,0,24.0001,0,0,0,24.0001,0
37.3692,2.26081,0,0,2.63669,0.153263,0.36288,3.6288,54.5426,0.66528,0,0,1.05514,0.238172,0,0.66528,12.849,1,0.774446,0.36288,0,28.6879,4.14863,24.1277,0.84672,12.849,0.84672,3695.15,0,0,0,2.13539,2.37099,5.94524,1.17702,9.27461,0.42336,0,0.42336,460.49,0,1.02816,0,0,3.16355,2.13539,1.028160,1,0,33.4023,0,0,0,33.4023,0
36.6783,2.1945,0,0,2.02297,0.156522,0.36288,3.6288,53.9281,0.910701,0,0,0.492747,0.196587,0,0.66528,12.849,1,0.754554,0.36288,0,23.7415,4.06822,19.2816,0.84672,12.849,0.84672,3695.15,0,0,0,0.216518,2.37101,3.63632,0.995216,5.22863,0.42336,0,0.42336,460.49,0,0.782739,0,0,0.999257,0.216518,1.028160,1,0,24.5102,0,0,0,24.5102,0
37.0402,2.18399,0,0,3.06399,0.155247,0.36288,3.6288,54.0061,0.66528,0,0,0.939038,0.195789,0,0.66528,12.849,1,0.765086,0.36288,0,25.9962,4.06822,21.5258,0.84672,12.849,0.84672,3695.15,0,0,0,0.804462,2.28269,5.30715,0.995216,7.3991,0.42336,0,0.42336,460.49,0,1.02816,0,0,1.83262,0.804462,1.028160,1,0,28.9249,0,0,0,28.9249,0
36.2208,2.18955,0,0,1.89651,0.163458,0.36288,3.6288,53.7704,0.66528,0,0,0.628825,0.19918,0,0.66528,12.849,1,0.759542,0.36288,0,21.6169,4.12621,17.0941,0.84672,12.849,0.84672,3695.15,0,0,0,0.458577,2.28271,5.25611,1.00875,6.98864,0.42336,0,0.42336,460.49,0,1.02816,0,0,1.48674,0.458577,1.028160,1,0,24.0827,0,0,0,24.0827,0
37.5682,2.17689,0,0,4.0916,0.204419,0.36288,3.6288,53.7533,0.66528,0,0,0.860474,0.212305,0,0.66528,12.849,1,0.77223,0.36288,0,54.6408,4.38645,49.845,0.84672,12.849,0.84672,3695.15,0,0,0,0.635914,2.28272,7.22806,1.06637,9.08032,0.42336,0,0.42336,460.49,0,1.02816,0,0,1.66407,0.635914,1.028160,1,0,58.9253,0,0,0,58.9253,0
38.0295,2.01507,0,0,3.03305,0.193837,0.36288,3.6288,54.331,0.66528,0,0,1.41772,0.174746,0,0.66528,12.849,1,0.689189,0.36288,0,58.0959,3.86022,53.9093,0.84672,12.849,0.84672,3695.15,0,0,0,1.42826,2.28274,7.60952,0.924709,10.3958,0.42336,0,0.42336,460.49,0,1.02816,0,0,2.45642,1.42826,1.028160,1,0,64.3052,0,0,0,64.3052,0
38.3148,2.02133,0,0,2.86532,0.195835,0.36288,3.6288,54.7315,0.66528,0,0,1.25661,0.190794,0,0.66528,12.849,1,0.682946,0.36288,0,58.9572,4.10109,54.536,0.84672,12.849,0.84672,3695.15,0,0,0,1.15829,2.08655,6.36274,1.01971,8.58786,0.42336,0,0.42336,460.49,0,1.02816,0,0,2.18645,1.15829,1.028160,1,0,63.1239,0,0,0,63.1239,0
39.9531,2.02515,0,0,4.2403,0.213951,0.36288,3.6288,55.4589,0.66528,0,0,1.61897,0.226321,0,0.66528,12.849,1,0.679143,0.36288,0,64.3633,4.70727,59.3398,0.84672,12.849,0.84672,3695.15,0,0,0,1.90206,2.08656,8.50872,1.20488,11.2925,0.42336,0,0.42336,460.49,0,1.02816,0,0,2.93022,1.90206,1.028160,1,0,70.6323,0,0,0,70.6323,0
42.4512,2.04624,0,0,5.1368,0.229563,0.36288,3.6288,56.2755,0.66528,0,0,1.69566,0.213783,0,0.66528,12.849,1,0.658076,0.36288,0,91.87,4.39104,87.1838,0.84672,12.849,0.84672,3695.15,0,0,0,2.04114,2.08657,10.3167,1.09491,13.3495,0.42336,0,0.42336,460.49,0,1.02816,0,0,3.0693,2.04114,1.028160,1,0,100.533,0,0,0,100.533,0
48.3143,2.07598,0,0,8.51712,0.21517,0.36288,3.6288,57.555,0.66528,0,0,2.16564,0.220839,0,0.66528,12.849,1,0.628352,0.36288,0,71.9433,4.38101,67.2968,0.84672,12.849,0.84672,3695.15,0,0,0,2.05604,2.08658,14.0798,1.20937,17.0131,0.42336,0,0.42336,460.49,0,1.02816,0,0,3.0842,2.05604,1.028160,1,0,84.3099,0,0,0,84.3099,0
48.7672,2.21063,0,0,3.25197,0.22549,0.36288,3.6288,57.975,0.66528,0,0,1.32252,0.237273,0,0.66528,12.849,1,0.58791,0.36288,0,119.247,4.78002,114.242,0.84672,12.849,0.84672,3695.15,0,0,0,1.54822,2.0866,7.69327,1.34846,9.97963,0.42336,0,0.42336,460.49,0,1.02816,0,0,2.57638,1.54822,1.028160,1,0,124.222,0,0,0,124.222,0
50.5385,2.21496,0,0,4.57572,0.226601,0.36288,3.6288,58.9715,0.66528,0,0,1.89967,0.237918,0,0.66528,12.849,1,0.583589,0.36288,0,87.8748,4.78002,82.8741,0.84672,12.849,0.84672,3695.15,0,0,0,2.1836,2.14778,8.52448,1.34846,11.5074,0.42336,0,0.42336,460.49,0,1.02816,0,0,3.21176,2.1836,1.028160,1,0,94.3815,0,0,0,94.3815,0
55.5596,2.23127,0,0,7.84615,0.230919,0.36288,3.6288,61.308,0.66528,0,0,3.50652,0.239449,0.265257,0.66528,12.849,1,0.567282,0.36288,0,229.429,4.78002,224.445,0.84672,12.849,0.84672,3695.15,0,0,0,4.249,2.14779,14.6756,1.34846,19.7239,0.42336,0,0.42336,460.49,0,1.02816,0,0,5.27716,4.249,1.028160,1,0,244.434,0,0,0,244.434,0
58.7375,2.27291,0,0,6.06917,0.255515,0.36288,3.6288,61.308,0.66528,0,0,1.9007,0.231446,1.00397,0.66528,12.849,1,0.525644,0.36288,0,221.775,4.41615,217.196,0.84672,12.849,0.84672,3695.15,0,0,0,2.03752,2.14779,8.79493,1.21051,11.7697,0.42336,0,0.42336,460.49,0,1.02816,0,0,3.06568,2.03752,1.028160,1,0,229.97,0,0,0,229.97,0
58.5965,2.54442,0,0,3.04858,0.282223,0.36288,3.6288,61.308,0.66528,0,0,1.18619,0.220886,0.300028,0.66528,12.849,1,0.556599,0.36288,0,95.2595,4.51353,90.5522,0.84672,12.849,0.84672,3695.15,0,0,0,1.05977,2.14779,5.62256,1.13675,7.69337,0.42336,0,0.42336,460.49,0,1.02816,0,0,2.08793,1.05977,1.028160,1,0,98.5456,0,0,0,98.5456,0
59.4673,2.54332,0,0,4.05878,0.281838,0.36288,3.6288,61.308,0.66528,0,0,1.86011,0.220886,0.973948,0.66528,12.849,1,0.557697,0.36288,0,127.76,4.51353,123.051,0.84672,12.849,0.84672,3695.15,0,0,0,1.26878,2.36787,8.11873,1.13675,10.6186,0.42336,0,0.42336,460.49,0,1.02816,0,0,2.29694,1.26878,1.028160,1,0,134.644,0,0,0,134.644,0
62.5165,2.55004,0,0,6.24637,0.284217,0.36288,3.6288,61.308,0.66528,0,0,2.14744,0.220886,1.26127,0.66528,12.849,1,0.550983,0.36288,0,117.518,4.51353,112.816,0.84672,12.849,0.84672,3695.15,0,0,0,1.86513,2.36787,11.2984,1.13675,14.3947,0.42336,0,0.42336,460.49,0,1.02816,0,0,2.89329,1.86513,1.028160,1,0,128.472,0,0,0,128.472,0
63.3421,2.57233,0,0,4.03003,0.26921,0.36288,3.6288,61.308,0.66528,0,0,1.73669,0.220296,0.851116,0.66528,12.849,1,0.528691,0.36288,0,102.128,4.28908,97.6727,0.84672,12.849,0.84672,3695.15,0,0,0,1.27552,2.36788,8.18964,1.03961,10.7934,0.42336,0,0.42336,460.49,0,1.02816,0,0,2.30368,1.27552,1.028160,1,0,109.317,0,0,0,109.317,0
63.3204,2.21941,0,0,2.83381,0.273195,0.36288,3.6288,61.308,0.66528,0,0,0.923564,0.197191,0.0610928,0.66528,12.849,1,0.45021,0.36288,0,76.6948,3.85917,72.7483,0.84672,12.849,0.84672,3695.15,0,0,0,0.699866,2.36788,6.73275,0.884633,8.91586,0.42336,0,0.42336,460.49,0,1.02816,0,0,1.72803,0.699866,1.028160,1,0,81.7252,0,0,0,81.7252,0
64.2915,2.21929,0,0,3.82634,0.273147,0.36288,3.6288,61.308,0.66528,0,0,1.82206,0.197191,0.959592,0.66528,12.849,1,0.450338,0.36288,0,119.104,3.85917,115.157,0.84672,12.849,0.84672,3695.15,0,0,0,1.64335,2.06775,12.2943,0.884633,15.1207,0.42336,0,0.42336,460.49,0,1.02816,0,0,2.67151,1.64335,1.028160,1,0,131.238,0,0,0,131.238,0
64.7415,2.22496,0,0,3.31323,0.275306,0.36288,3.6288,61.308,0.66528,0,0,1.03482,0.197191,0.17235,0.66528,12.849,1,0.44467,0.36288,0,100.873,3.85917,96.9319,0.84672,12.849,0.84672,3695.15,0,0,0,0.853485,2.06775,7.47369,0.884633,9.51029,0.42336,0,0.42336,460.49,0,1.02816,0,0,1.88165,0.853485,1.028160,1,0,106.615,0,0,0,106.615,0
64.9251,2.22754,0,0,3.10404,0.330104,0.36288,3.6288,61.308,0.66528,0,0,0.943851,0.121399,0.157172,0.66528,12.849,1,0.442091,0.36288,0,74.2262,2.99009,71.1569,0.84672,12.849,0.84672,3695.15,0,0,0,0.719677,2.06775,6.57799,0.643091,8.72233,0.42336,0,0.42336,460.49,0,1.02816,0,0,1.74784,0.719677,1.028160,1,0,80.0365,0,0,0,80.0365,0
64.5666,2.22858,0,0,2.54229,0.309294,0.36288,3.6288,60.9653,0.90885,0,0,0.737308,0.17115,0,0.66528,12.849,1,0.441048,0.36288,0,51.5673,3.62386,47.8653,0.84672,12.849,0.84672,3695.15,0,0,0,0.558835,2.06775,7.31038,0.731867,9.2051,0.42336,0,0.42336,460.49,0,0.78459,0,0,1.34342,0.558835,1.028160,1,0,57.0704,0,0,0,57.0704,0
64.2004,2.56932,0,0,2.87087,0.304863,0.36288,3.6288,61.0035,0.66528,0,0,0.88255,0.179053,0,0.66528,12.849,1,0.511305,0.36288,0,62.9573,3.7295,59.0793,0.84672,12.849,0.84672,3695.15,0,0,0,0.806155,2.06775,6.43296,0.746663,8.5602,0.42336,0,0.42336,460.49,0,1.02816,0,0,1.83432,0.806155,1.028160,1,0,67.6395,0,0,0,67.6395,0
62.823,2.56689,0,0,1.85638,0.303964,0.36288,3.6288,60.3424,1.07132,0,0,0.589312,0.179096,0,0.66528,12.849,1,0.513735,0.36288,0,40.6306,3.7295,36.7503,0.84672,12.849,0.84672,3695.15,0,0,0,0.528595,1.96479,4.23301,0.746663,5.97973,0.42336,0,0.42336,460.49,0,0.622123,0,0,1.15072,0.528595,1.028160,1,0,42.73,0,0,0,42.73,0
61.0794,2.55754,0,0,1.47732,0.300579,0.36288,3.6288,59.3687,1.27307,0,0,0.477657,0.178346,0,0.66528,12.849,1,0.523087,0.36288,0,29.3831,3.7295,25.4934,0.84672,12.849,0.84672,3695.15,0,0,0,0.528595,1.96479,3.99465,0.746663,5.74137,0.42336,0,0.42336,460.49,0,0.420371,0,0,0.948966,0.528595,1.028160,1,0,31.2348,0,0,0,31.2348,0
59.5422,2.54521,0,0,1.65226,0.281351,0.36288,3.6288,59.2357,0.902621,0,0,0.935429,0.165784,0,0.66528,12.849,1,0.535425,0.36288,0,37.5112,3.68376,33.6549,0.84672,12.849,0.84672,3695.15,0,0,0,0.528595,1.96479,4.45982,0.835366,6.11784,0.42336,0,0.42336,460.49,0,0.790819,0,0,1.31941,0.528595,1.028160,1,0,39.7728,0,0,0,39.7728,0
58.1411,2.49892,0,0,1.73016,0.269453,0.36288,3.6288,59.3829,0.770299,0,0,1.0994,0.181853,0,0.66528,12.849,1,0.539258,0.36288,0,36.929,4.16444,32.5882,0.84672,12.849,0.84672,3695.15,0,0,0,0.528595,1.96479,4.3807,0.953657,5.92044,0.42336,0,0.42336,460.49,0,0.923141,0,0,1.45174,0.528595,1.028160,1,0,38.5086,0,0,0,38.5086,0
56.9368,2.24061,0,0,1.60251,0.203307,0.36288,3.6288,59.2913,0.879077,0,0,1.00182,0.214325,0,0.66528,12.849,1,0.495168,0.36288,0,33.8874,4.45274,29.3024,0.84672,12.849,0.84672,3695.15,0,0,0,0.528595,1.936,4.13298,0.970872,5.6267,0.42336,0,0.42336,460.49,0,0.814363,0,0,1.34296,0.528595,1.028160,1,0,34.9291,0,0,0,34.9291,0
55.7067,2.23207,0,0,1.56581,0.200923,0.36288,3.6288,59.5362,0.66528,0,0,1.12435,0.2142,0,0.66528,12.849,1,0.503714,0.36288,0,32.9001,4.45274,28.3065,0.84672,12.849,0.84672,3695.15,0,0,0,0.504913,2.11297,4.92009,0.970872,6.5671,0.42336,0,0.42336,460.49,0,1.02816,0,0,1.53307,0.504913,1.028160,1,0,34.8736,0,0,0,34.8736,0
54.4457,2.22303,0,0,1.5212,0.196297,0.36288,3.6288,59.6489,0.786292,0,0,1.11443,0.215437,0,0.66528,12.849,1,0.512752,0.36288,0,32.2225,4.42815,27.6445,0.84672,12.849,0.84672,3695.15,0,0,0,0.402797,2.11297,4.1201,0.982034,5.65384,0.42336,0,0.42336,460.49,0,0.907148,0,0,1.30994,0.402797,1.028160,1,0,33.2983,0,0,0,33.2983,0
52.7568,2.33003,0,0,1.14562,0.141653,0.36288,3.6288,59.4003,0.906111,0,0,0.889108,0.231606,0,0.66528,12.849,1,0.549879,0.36288,0,27.9851,4.60572,23.1924,0.84672,12.849,0.84672,3695.15,0,0,0,0.402797,2.11297,3.42528,0.988835,4.95222,0.42336,0,0.42336,460.49,0,0.787329,0,0,1.19013,0.402797,1.028160,1,0,28.1446,0,0,0,28.1446,0
51.0415,2.31588,0,0,1.09631,0.132816,0.36288,3.6288,59.1894,0.912781,0,0,0.934848,0.233001,0,0.66528,12.849,1,0.564036,0.36288,0,26.294,4.6599,21.433,0.84672,12.849,0.84672,3695.15,0,0,0,0.402797,2.21387,3.56843,0.978805,5.20629,0.42336,0,0.42336,460.49,0,0.780659,0,0,1.18346,0.402797,1.028160,1,0,26.6393,0,0,0,26.6393,0
49.2948,2.30074,0,0,1.04735,0.130475,0.36288,3.6288,59.0322,0.863309,0,0,0.938788,0.232687,0,0.66528,12.849,1,0.579179,0.36288,0,24.7044,4.6599,19.8282,0.84672,12.849,0.84672,3695.15,0,0,0,0.30119,2.21387,3.43132,0.978805,4.96757,0.42336,0,0.42336,460.49,0,0.830131,0,0,1.13132,0.30119,1.028160,1,0,24.7958,0,0,0,24.7958,0
47.4985,2.28446,0,0,0.979163,0.128089,0.36288,3.6288,58.7498,0.923875,0,0,0.873927,0.232452,0,0.66528,12.849,1,0.595459,0.36288,0,23.0568,4.6599,18.1643,0.84672,12.849,0.84672,3695.15,0,0,0,0.30119,2.21387,3.25031,0.978805,4.78657,0.42336,0,0.42336,460.49,0,0.769565,0,0,1.07076,0.30119,1.028160,1,0,22.9509,0,0,0,22.9509,0
46.38,2.26674,0,0,1.59913,0.088022,0.36288,3.6288,58.8443,0.66528,0,0,1.0286,0.268823,0,0.66528,12.849,1,0.613184,0.36288,0,29.7124,5.34191,24.1202,0.84672,12.849,0.84672,3695.15,0,0,0,0.473023,2.21388,4.00032,1.19337,5.49385,0.42336,0,0.42336,460.49,0,1.02816,0,0,1.50118,0.473023,1.028160,1,0,29.6141,0,0,0,29.6141,0
45.3129,2.23284,0,0,1.61853,0.0898889,0.36288,3.6288,58.9167,0.66528,0,0,1.0032,0.265453,0,0.66528,12.849,1,0.618581,0.36288,0,31.1578,5.22837,25.6738,0.84672,12.849,0.84672,3695.15,0,0,0,0.411921,2.21388,4.40333,1.19687,5.83226,0.42336,0,0.42336,460.49,0,1.02816,0,0,1.44008,0.411921,1.028160,1,0,31.506,0,0,0,31.506,0
44.1138,2.22149,0,0,1.47411,0.0888234,0.36288,3.6288,58.9738,0.66528,0,0,0.987932,0.265576,0,0.66528,12.849,1,0.62993,0.36288,0,30.4334,5.22837,24.9379,0.84672,12.849,0.84672,3695.15,0,0,0,0.433797,2.24915,4.24746,1.19687,5.73353,0.42336,0,0.42336,460.49,0,1.02816,0,0,1.46196,0.433797,1.028160,1,0,30.6715,0,0,0,30.6715,0
42.7836,2.20824,0,0,1.32855,0.0876261,0.36288,3.6288,58.9492,0.678923,0,0,0.919987,0.265674,0,0.66528,12.849,1,0.643191,0.36288,0,28.2073,5.22837,22.6986,0.84672,12.849,0.84672,3695.15,0,0,0,0.261274,2.24915,4.04412,1.19687,5.35767,0.42336,0,0.42336,460.49,0,1.01452,0,0,1.27579,0.261274,1.028160,1,0,28.0563,0,0,0,28.0563,0
41.6306,2.19286,0,0,1.47224,0.0695204,0.36288,3.6288,58.9174,0.66528,0,0,0.936723,0.303218,0,0.66528,12.849,1,0.658571,0.36288,0,28.7756,5.72298,22.7569,0.84672,12.849,0.84672,3695.15,0,0,0,0.273853,2.24915,3.92902,1.41501,5.03702,0.42336,0,0.42336,460.49,0,1.02816,0,0,1.30201,0.273853,1.028160,1,0,27.794,0,0,0,27.794,0
40.5374,2.23517,0,0,1.56796,0.0631055,0.36288,3.6288,58.9222,0.66528,0,0,0.972924,0.302846,0,0.66528,12.849,1,0.689869,0.36288,0,30.0161,5.72376,23.9653,0.84672,12.849,0.84672,3695.15,0,0,0,0.276394,2.24915,3.97945,1.46542,5.03957,0.42336,0,0.42336,460.49,0,1.02816,0,0,1.30455,0.276394,1.028160,1,0,29.0049,0,0,0,29.0049,0
39.3248,2.22104,0,0,1.43357,0.0622965,0.36288,3.6288,58.8065,0.752734,0,0,0.939842,0.302855,0,0.66528,12.849,1,0.703996,0.36288,0,28.1884,5.72376,22.1236,0.84672,12.849,0.84672,3695.15,0,0,0,0.261274,2.29914,3.79155,1.46542,4.88654,0.42336,0,0.42336,460.49,0,0.940706,0,0,1.20198,0.261274,1.028160,1,0,27.0101,0,0,0,27.0101,0
37.9379,2.20468,0,0,1.23019,0.0494991,0.36288,3.6288,58.703,0.730616,0,0,0.935997,0.308891,0,0.66528,12.849,1,0.72036,0.36288,0,26.888,5.98306,20.5475,0.84672,12.849,0.84672,3695.15,0,0,0,0.227405,2.29914,3.76747,1.4807,4.81332,0.42336,0,0.42336,460.49,0,0.962824,0,0,1.19023,0.227405,1.028160,1,0,25.3608,0,0,0,25.3608,0
36.3993,2.18501,0,0,1.06547,0.0561863,0.36288,3.6288,58.5258,0.76286,0,0,0.883293,0.297582,0,0.66528,12.849,1,0.740032,0.36288,0,24.9462,5.84619,18.7228,0.84672,12.849,0.84672,3695.15,0,0,0,0.227405,2.29915,3.62203,1.36201,4.78657,0.42336,0,0.42336,460.49,0,0.93058,0,0,1.15798,0.227405,1.028160,1,0,23.5094,0,0,0,23.5094,0
34.4416,2.32121,0,0,0.764355,0.0379905,0.36288,3.6288,57.9867,0.960457,0,0,0.728577,0.307194,0,0.66528,12.849,1,0.819389,0.36288,0,18.4138,5.46746,12.4899,0.84672,12.849,0.84672,3695.15,0,0,0,0.227405,2.29915,3.63397,1.45298,4.70754,0.42336,0,0.42336,460.49,0,0.732983,0,0,0.960388,0.227405,1.028160,1,0,17.1974,0,0,0,17.1974,0
32.4772,2.28729,0,0,0.722935,0.0371034,0.36288,3.6288,57.3303,1.02043,0,0,0.670101,0.306128,0,0.66528,12.849,1,0.853311,0.36288,0,16.5486,5.46746,10.5907,0.84672,12.849,0.84672,3695.15,0,0,0,0.227405,2.47018,3.59272,1.45298,4.83733,0.42336,0,0.42336,460.49,0,0.673013,0,0,0.900418,0.227405,1.028160,1,0,15.4281,0,0,0,15.4281,0
30.8262,2.25031,0,0,0.998343,0.0362132,0.36288,3.6288,56.8915,0.876036,0,0,0.742124,0.30483,0,0.66528,12.849,1,0.890292,0.36288,0,17.7509,5.46746,11.756,0.84672,12.849,0.84672,3695.15,0,0,0,0.204422,2.47018,4.00509,1.45298,5.22672,0.42336,0,0.42336,460.49,0,0.817404,0,0,1.02183,0.204422,1.028160,1,0,16.9827,0,0,0,16.9827,0
29.6463,2.21666,0,0,1.45352,0.0538629,0.36288,3.6288,56.8343,0.748259,0,0,0.987854,0.296798,0,0.66528,12.849,1,0.923949,0.36288,0,29.6209,5.32754,23.7323,0.84672,12.849,0.84672,3695.15,0,0,0,0.204422,2.47019,4.45391,1.43062,5.6979,0.42336,0,0.42336,460.49,0,0.945181,0,0,1.1496,0.204422,1.028160,1,0,29.4302,0,0,0,29.4302,0
28.2213,2.191,0,0,1.17348,0.0445481,0.36288,3.6288,56.1922,1.16399,0,0,0.818813,0.296954,0,0.66528,12.849,1,0.949603,0.36288,0,18.4783,5.3942,12.4974,0.84672,12.849,0.84672,3695.15,0,0,0,0.204422,2.47019,3.4028,1.42024,4.65717,0.42336,0,0.42336,460.49,0,0.529446,0,0,0.733869,0.204422,1.028160,1,0,17.1545,0,0,0,17.1545,0
26.8335,2.08588,0,0,1.13178,0.0708206,0.36288,3.6288,55.7715,1.14596,0,0,1.0119,0.286649,0,0.66528,12.849,1,0.949686,0.36288,0,12.4907,4.99349,6.91038,0.84672,12.849,0.84672,3695.15,0,0,0,0.204422,2.47019,4.30119,1.36133,5.61447,0.42336,0,0.42336,460.49,0,0.547481,0,0,0.751903,0.204422,1.028160,1,0,12.5249,0,0,0,12.5249,0
25.4083,2.05266,0,0,1.06171,0.0713852,0.36288,3.6288,55.3323,1.18043,0,0,1.02803,0.286833,0,0.66528,12.849,1,0.9829,0.36288,0,15.3741,5.00976,9.74432,0.84672,12.849,0.84672,3695.15,0,0,0,0.216518,2.37121,4.35193,1.37065,5.56901,0.42336,0,0.42336,460.49,0,0.513009,0,0,0.729527,0.216518,1.028160,1,0,15.3133,0,0,0,15.3133,0
24.1514,2.01605,0,0,1.19196,0.0699619,0.36288,3.6288,55.2878,1.03874,0,0,1.28032,0.286007,0,0.66528,12.849,1,1.01952,0.36288,0,24.7341,5.00976,19.0677,0.84672,12.849,0.84672,3695.15,0,0,0,0.216518,2.37121,5.54034,1.37065,6.75742,0.42336,0,0.42336,460.49,0,0.654696,0,0,0.871214,0.216518,1.028160,1,0,25.8251,0,0,0,25.8251,0
23.0715,1.98142,0,0,1.35251,0.0881602,0.36288,3.6288,55.1835,1.05946,0,0,1.2148,0.259686,0,0.66528,12.849,1,1.05415,0.36288,0,50.2722,4.90728,44.6736,0.84672,12.849,0.84672,3695.15,0,0,0,0.216518,2.37122,6.39898,1.30746,7.67925,0.42336,0,0.42336,460.49,0,0.633977,0,0,0.850496,0.216518,1.028160,1,0,52.3529,0,0,0,52.3529,0
21.783,1.89434,0,0,1.10341,0.134687,0.36288,3.6288,54.3545,1.18856,0,0,0.553511,0.193959,0,0.66528,12.849,1,1.055,0.36288,0,23.3257,4.65108,17.9825,0.84672,12.849,0.84672,3695.15,0,0,0,0.216518,2.37122,5.58833,1.14949,7.02658,0.42336,0,0.42336,460.49,0,0.504878,0,0,0.721397,0.216518,1.028160,1,0,25.009,0,0,0,25.009,0
21.0935,1.85509,0,0,1.66091,0.132375,0.36288,3.6288,54.8367,0.66528,0,0,1.3404,0.192901,0,0.66528,12.849,1,1.09425,0.36288,0,36.3734,4.65108,30.9909,0.84672,12.849,0.84672,3695.15,0,0,0,1.05689,2.28288,11.3315,1.14949,13.5218,0.42336,0,0.42336,460.49,0,1.02816,0,0,2.08505,1.05689,1.028160,1,0,44.5127,0,0,0,44.5127,0
22.7876,1.83287,0,0,4.02101,0.131138,0.36288,3.6288,56.9808,0.66528,0,0,3.0029,0.193516,0,0.66528,12.849,1,1.11648,0.36288,0,95.3222,4.65108,89.9175,0.84672,12.849,0.84672,3695.15,0,0,0,2.25266,2.28289,17.1421,1.14949,20.5282,0.42336,0,0.42336,460.49,0,1.02816,0,0,3.28082,2.25266,1.028160,1,0,110.446,0,0,0,110.446,0
22.7277,1.88595,0,0,2.35149,0.162555,0.36288,3.6288,57.7994,0.66528,0,0,1.64786,0.163966,0,0.66528,12.849,1,1.06341,0.36288,0,53.7779,4.09509,48.9822,0.84672,12.849,0.84672,3695.15,0,0,0,0.472582,2.28289,10.3841,0.901588,12.238,0.42336,0,0.42336,460.49,0,1.02816,0,0,1.50074,0.472582,1.028160,1,0,61.2202,0,0,0,61.2202,0
23.7081,1.72771,0,0,3.23797,0.167009,0.36288,3.6288,58.8192,0.66528,0,0,1.90584,0.220727,0,0.66528,12.849,1,0.976751,0.36288,0,76.7578,4.27444,71.8694,0.84672,12.849,0.84672,3695.15,0,0,0,0.600973,2.28289,12.1286,1.0873,13.9251,0.42336,0,0.42336,460.49,0,1.02816,0,0,1.62913,0.600973,1.028160,1,0,85.7946,0,0,0,85.7946,0
24.6303,1.75391,0,0,3.20827,0.169304,0.36288,3.6288,59.5675,0.66528,0,0,1.63575,0.222182,0,0.66528,12.849,1,0.950558,0.36288,0,61.4641,4.27444,56.602,0.84672,12.849,0.84672,3695.15,0,0,0,0.295566,2.08667,13.9824,1.0873,15.2773,0.42336,0,0.42336,460.49,0,1.02816,0,0,1.32373,0.295566,1.028160,1,0,71.8793,0,0,0,71.8793,0
25.8333,1.7773,0,0,3.50753,0.164319,0.36288,3.6288,60.5842,0.66528,0,0,1.91185,0.229873,0,0.66528,12.849,1,0.92717,0.36288,0,80.1014,3.82429,75.7129,0.84672,12.849,0.84672,3695.15,0,0,0,0.840655,2.08668,13.5857,1.02192,15.4911,0.42336,0,0.42336,460.49,0,1.02816,0,0,1.86881,0.840655,1.028160,1,0,91.204,0,0,0,91.204,0
30.5352,1.80613,0,0,7.03788,0.167008,0.36288,3.6288,61.308,0.66528,0,0,3.16378,0.237784,1.53694,0.66528,12.849,1,0.898336,0.36288,0,121.833,4.18656,117.111,0.84672,12.849,0.84672,3695.15,0,0,0,2.49096,2.08668,23.5954,1.04233,27.1307,0.42336,0,0.42336,460.49,0,1.02816,0,0,3.51912,2.49096,1.028160,1,0,145.778,0,0,0,145.778,0
34.9081,1.90349,0,0,6.82444,0.185186,0.36288,3.6288,61.308,0.66528,0,0,2.63621,0.253026,1.7179,0.66528,12.849,1,0.800977,0.36288,0,146.194,4.61562,141.14,0.84672,12.849,0.84672,3695.15,0,0,0,2.1938,2.08668,18.4679,1.18018,21.5682,0.42336,0,0.42336,460.49,0,1.02816,0,0,3.22196,2.1938,1.028160,1,0,164.426,0,0,0,164.426,0
35.8979,2.04569,0,0,3.59956,0.201197,0.36288,3.6288,61.308,0.66528,0,0,1.95243,0.263638,1.02351,0.66528,12.849,1,0.752979,0.36288,0,88.4252,4.93742,83.0977,0.84672,12.849,0.84672,3695.15,0,0,0,1.04225,2.08668,8.32743,1.28357,10.1728,0.42336,0,0.42336,460.49,0,1.02816,0,0,2.07041,1.04225,1.028160,1,0,94.294,0,0,0,94.294,0
37.3753,2.06097,0,0,4.10204,0.200811,0.36288,3.6288,61.308,0.66528,0,0,2.85029,0.261229,1.92378,0.66528,12.849,1,0.737686,0.36288,0,94.5959,4.79505,89.426,0.84672,12.849,0.84672,3695.15,0,0,0,2.0451,2.14786,9.74687,1.25441,12.6854,0.42336,0,0.42336,460.49,0,1.02816,0,0,3.07326,2.0451,1.028160,1,0,104.035,0,0,0,104.035,0
47.3212,2.08266,0,0,12.5787,0.187243,0.36288,3.6288,61.308,0.66528,0,0,6.89998,0.246777,5.98792,0.66528,12.849,1,0.715983,0.36288,0,254.261,3.94086,249.967,0.84672,12.849,0.84672,3695.15,0,0,0,6.64978,2.14785,33.7614,1.07942,41.4796,0.42336,0,0.42336,460.49,0,1.02816,0,0,7.67794,6.64978,1.028160,1,0,297.435,0,0,0,297.435,0
50.6616,2.20099,0,0,6.11772,0.213473,0.36288,3.6288,61.308,0.66528,0,0,4.27662,0.229463,3.38188,0.66528,12.849,1,0.59763,0.36288,0,145.349,3.80789,141.306,0.84672,12.849,0.84672,3695.15,0,0,0,4.12026,2.14784,16.5628,1.04438,21.7865,0.42336,0,0.42336,460.49,0,1.02816,0,0,5.14842,4.12026,1.028160,1,0,166.475,0,0,0,166.475,0
67.3368,2.47369,0,0,19.7549,0.243165,0.36288,3.6288,61.308,0.66528,0,0,5.76655,0.125582,4.97569,0.66528,12.849,1,0.627387,0.36288,0,309.418,3.01004,306.144,0.84672,12.849,0.84672,3695.15,0,0,0,9.03087,2.14783,37.5242,0.834178,47.8687,0.42336,0,0.42336,460.49,0,1.02816,0,0,10.059,9.03087,1.028160,1,0,358.988,0,0,0,358.988,0
71.6563,2.85809,0,0,7.82404,0.283508,0.36288,3.6288,61.308,0.66528,0,0,2.77002,0.125582,1.97916,0.66528,12.849,1,0.545372,0.36288,0,364.142,3.01004,360.95,0.84672,12.849,0.84672,3695.15,0,0,0,4.32651,2.36791,16.4095,0.834178,22.2698,0.42336,0,0.42336,460.49,0,1.02816,0,0,5.35467,4.32651,1.028160,1,0,385.199,0,0,0,385.199,0
72.29,2.88595,0,0,6.01383,0.299639,2.19456,3.6288,61.308,0.66528,0,0,2.32311,0.173802,1.48403,0.66528,12.849,1,0.517492,2.19456,0,191.413,3.5877,189.503,0.84672,12.849,0.84672,3695.15,0,0,0,3.6904,2.19093,13.7017,0.934029,18.6491,0.42336,0,0.42336,460.49,0,1.02816,0,0,4.71856,3.6904,1.028160,1,0,209.636,0,0,0,209.636,0
72.29,2.88979,0,0,6.51819,0.319366,3.30903,3.6288,61.308,0.66528,0,0,5.13289,0.199121,4.26848,0.66528,12.849,1,0.513638,3.30903,0,216.158,3.81477,215.139,0.84672,12.849,0.84672,3695.15,0,0,0,6.38558,2.19092,20.5472,0.923626,28.2001,0.42336,0,0.42336,460.49,0,1.02816,0,0,7.41374,6.38558,1.028160,1,0,247.607,0,0,0,247.607,0
72.29,2.52348,0,0,9.96157,0.329184,7.10891,3.6288,61.308,0.66528,0,0,3.36938,0.138168,2.56593,0.66528,12.849,1,0.448529,7.10891,0,196.301,3.37858,199.583,0.84672,12.849,0.84672,3695.15,0,0,0,5.41941,2.19091,18.402,0.891209,25.1211,0.42336,0,0.42336,460.49,0,1.02816,0,0,6.44757,5.41941,1.028160,1,0,227.27,0,0,0,227.27,0
72.29,2.52347,0,0,8.58444,0.329184,5.7318,3.6288,61.308,0.66528,0,0,2.9133,0.138168,2.10985,0.66528,12.849,1,0.448527,5.7318,0,170.703,3.37858,172.608,0.84672,12.849,0.84672,3695.15,0,0,0,3.83638,1.89077,14.9581,0.891209,19.794,0.42336,0,0.42336,460.49,0,1.02816,0,0,4.86454,3.83638,1.028160,1,0,194.512,0,0,0,194.512,0
72.29,2.52345,0,0,9.31772,0.329184,6.46508,3.6288,61.308,0.66528,0,0,2.72957,0.138168,1.92612,0.66528,12.849,1,0.448525,6.46508,0,179.875,3.37858,182.513,0.84672,12.849,0.84672,3695.15,0,0,0,4.31097,1.89077,18.5177,0.891209,23.8282,0.42336,0,0.42336,460.49,0,1.02816,0,0,5.33913,4.31097,1.028160,1,0,208.268,0,0,0,208.268,0
72.29,2.52344,0,0,8.33941,0.260735,5.55524,3.6288,61.308,0.66528,0,0,2.33615,0.0979212,1.57295,0.66528,12.849,1,0.448523,5.55524,0,172.046,2.86091,174.292,0.84672,12.849,0.84672,3695.15,0,0,0,3.74232,1.89076,16.4379,0.815994,21.2549,0.42336,0,0.42336,460.49,0,1.02816,0,0,4.77048,3.74232,1.028160,1,0,197.119,0,0,0,197.119,0
72.29,2.52343,0,0,7.86508,0.323555,5.01809,3.6288,61.308,0.66528,0,0,1.72278,0.11301,0.944492,0.66528,12.849,1,0.448521,5.01809,0,152.085,3.49637,153.158,0.84672,12.849,0.84672,3695.15,0,0,0,2.64293,1.89075,13.0226,0.885883,16.6704,0.42336,0,0.42336,460.49,0,1.02816,0,0,3.67109,2.64293,1.028160,1,0,170.773,0,0,0,170.773,0
72.29,2.61562,0,0,8.83561,0.322646,5.89735,3.6288,61.308,0.66528,0,0,2.35122,0.114565,1.57138,0.66528,12.849,1,0.464906,5.89735,0,174.322,3.52811,176.227,0.84672,12.849,0.84672,3695.15,0,0,0,3.68869,1.89074,15.1266,0.883927,19.8221,0.42336,0,0.42336,460.49,0,1.02816,0,0,4.71685,3.68869,1.028160,1,0,197.62,0,0,0,197.62,0
72.29,2.61561,0,0,7.67819,0.322646,4.73994,3.6288,61.308,0.66528,0,0,1.91114,0.114565,1.1313,0.66528,12.849,1,0.464904,4.73994,0,144.272,3.52811,145.019,0.84672,12.849,0.84672,3695.15,0,0,0,2.68155,1.96472,11.942,0.883927,15.7044,0.42336,0,0.42336,460.49,0,1.02816,0,0,3.70971,2.68155,1.028160,1,0,161.854,0,0,0,161.854,0
72.29,2.61559,0,0,6.17126,0.292468,3.2632,3.6288,61.308,0.66528,0,0,1.37995,0.111235,0.603432,0.66528,12.849,1,0.464902,3.2632,0,115.687,3.7258,114.76,0.84672,12.849,0.84672,3695.15,0,0,0,1.87091,1.96471,8.00669,0.896782,10.9455,0.42336,0,0.42336,460.49,0,1.02816,0,0,2.89907,1.87091,1.028160,1,0,126.308,0,0,0,126.308,0
72.29,2.61558,0,0,5.75891,0.256819,2.88651,3.6288,61.308,0.66528,0,0,1.20945,0.147802,0.396371,0.66528,12.849,1,0.4649,2.88651,0,107.005,4.05986,105.366,0.84672,12.849,0.84672,3695.15,0,0,0,1.32379,1.9647,7.62756,0.976154,9.9399,0.42336,0,0.42336,460.49,0,1.02816,0,0,2.35195,1.32379,1.028160,1,0,115.703,0,0,0,115.703,0
72.29,2.57952,0,0,5.68121,0.217496,2.8842,3.6288,61.308,0.66528,0,0,1.07825,0.20717,0.205805,0.66528,12.849,1,0.45849,2.8842,0,91.0241,4.37241,89.0774,0.84672,12.849,0.84672,3695.15,0,0,0,1.45339,1.9647,7.8294,1.07366,10.1738,0.42336,0,0.42336,460.49,0,1.02816,0,0,2.48155,1.45339,1.028160,1,0,99.4571,0,0,0,99.4571,0
72.29,2.57951,0,0,5.36614,0.217496,2.56914,3.6288,61.308,0.66528,0,0,1.08077,0.20717,0.208319,0.66528,12.849,1,0.458488,2.56914,0,84.6219,4.37241,82.3601,0.84672,12.849,0.84672,3695.15,0,0,0,1.34679,1.9359,7.40025,1.07366,9.60927,0.42336,0,0.42336,460.49,0,1.02816,0,0,2.37495,1.34679,1.028160,1,0,92.1777,0,0,0,92.1777,0
72.29,2.5795,0,0,5.08576,0.217496,2.28877,3.6288,61.308,0.66528,0,0,1.31777,0.20717,0.445323,0.66528,12.849,1,0.458486,2.28877,0,79.5753,4.37241,77.0331,0.84672,12.849,0.84672,3695.15,0,0,0,1.82463,1.93589,8.6902,1.07366,11.3771,0.42336,0,0.42336,460.49,0,1.02816,0,0,2.85279,1.82463,1.028160,1,0,88.8555,0,0,0,88.8555,0
72.29,2.57948,0,0,4.70936,0.228807,1.90107,3.6288,61.308,0.66528,0,0,1.11187,0.154598,0.291995,0.66528,12.849,1,0.458484,1.90107,0,70.9396,3.89463,68.4875,0.84672,12.849,0.84672,3695.15,0,0,0,1.40479,1.93588,7.63448,0.88357,10.0916,0.42336,0,0.42336,460.49,0,1.02816,0,0,2.43295,1.40479,1.028160,1,0,78.8711,0,0,0,78.8711,0
72.29,2.70183,0,0,4.49458,0.149095,1.64365,3.6288,61.308,0.66528,0,0,0.986636,0.233751,0.0876048,0.66528,12.849,1,0.48023,1.64365,0,70.7538,5.13093,66.7863,0.84672,12.849,0.84672,3695.15,0,0,0,0.869659,1.93587,6.57737,1.15973,8.22317,0.42336,0,0.42336,460.49,0,1.02816,0,0,1.89782,0.869659,1.028160,1,0,75.0971,0,0,0,75.0971,0
72.29,2.70182,0,0,4.3163,0.149095,1.46539,3.6288,61.308,0.66528,0,0,0.976277,0.233751,0.0772455,0.66528,12.849,1,0.480228,1.46539,0,65.6709,5.13093,61.5251,0.84672,12.849,0.84672,3695.15,0,0,0,0.876347,2.03675,6.31221,1.15973,8.06557,0.42336,0,0.42336,460.49,0,1.02816,0,0,1.90451,0.876347,1.028160,1,0,69.668,0,0,0,69.668,0
72.29,2.70181,0,0,4.09633,0.154013,1.24051,3.6288,61.308,0.66528,0,0,0.960837,0.232435,0.0631226,0.66528,12.849,1,0.480226,1.24051,0,62.907,5.04632,58.6209,0.84672,12.849,0.84672,3695.15,0,0,0,1.03181,2.03674,5.90873,1.163,7.81429,0.42336,0,0.42336,460.49,0,1.02816,0,0,2.05997,1.03181,1.028160,1,0,66.4984,0,0,0,66.4984,0
72.29,2.7018,0,0,3.80241,0.172406,0.928211,3.6288,61.308,0.66528,0,0,0.923495,0.228685,0.0295305,0.66528,12.849,1,0.480224,0.928211,0,58.227,4.57068,54.1043,0.84672,12.849,0.84672,3695.15,0,0,0,0.962971,2.03673,5.4961,1.1921,7.3037,0.42336,0,0.42336,460.49,0,1.02816,0,0,1.99113,0.962971,1.028160,1,0,61.4376,0,0,0,61.4376,0
71.9619,2.44502,0,0,2.58965,0.109871,0.36288,3.6288,61.2434,0.66528,0,0,0.857097,0.256387,0,0.66528,12.849,1,0.434584,0.36288,0,44.4114,4.99424,39.3455,0.84672,12.849,0.84672,3695.15,0,0,0,1.18111,2.03672,4.53324,1.27081,6.48027,0.42336,0,0.42336,460.49,0,1.02816,0,0,2.20927,1.18111,1.028160,1,0,45.8257,0,0,0,45.8257,0
71.1621,2.41914,0,0,2.0935,0.111243,0.36288,3.6288,61.1137,0.66528,0,0,0.792979,0.2574,0,0.66528,12.849,1,0.431945,0.36288,0,39.9171,5.08673,34.7613,0.84672,12.849,0.84672,3695.15,0,0,0,1.11601,2.21367,4.19509,1.27944,6.24533,0.42336,0,0.42336,460.49,0,1.02816,0,0,2.14417,1.11601,1.028160,1,0,41.0066,0,0,0,41.0066,0
70.1975,2.41502,0,0,1.92388,0.110566,0.36288,3.6288,60.9614,0.66528,0,0,0.770178,0.257189,0,0.66528,12.849,1,0.436055,0.36288,0,39.2868,5.08673,34.1269,0.84672,12.849,0.84672,3695.15,0,0,0,1.11693,2.24893,4.23022,1.27944,6.31664,0.42336,0,0.42336,460.49,0,1.02816,0,0,2.14509,1.11693,1.028160,1,0,40.4435,0,0,0,40.4435,0
69.0661,2.40994,0,0,1.75119,0.10975,0.36288,3.6288,60.7596,0.66528,0,0,0.720343,0.256941,0,0.66528,12.849,1,0.441118,0.36288,0,37.7152,5.08673,32.5502,0.84672,12.849,0.84672,3695.15,0,0,0,0.830416,2.24892,3.97391,1.27944,5.7738,0.42336,0,0.42336,460.49,0,1.02816,0,0,1.85858,0.830416,1.028160,1,0,38.324,0,0,0,38.324,0
67.7367,2.40384,0,0,1.53319,0.0958726,0.36288,3.6288,60.4307,0.66528,0,0,0.619724,0.283342,0,0.66528,12.849,1,0.447208,0.36288,0,31.4333,5.40889,25.94,0.84672,12.849,0.84672,3695.15,0,0,0,0.512093,2.24891,3.47987,1.38135,4.85953,0.42336,0,0.42336,460.49,0,1.02816,0,0,1.54025,0.512093,1.028160,1,0,30.7996,0,0,0,30.7996,0
66.3051,2.45831,0,0,1.46854,0.0790002,0.36288,3.6288,59.8049,0.914829,0,0,0.60035,0.311257,0,0.66528,12.849,1,0.466317,0.36288,0,33.4266,5.72029,27.6029,0.84672,12.849,0.84672,3695.15,0,0,0,0.261274,2.2489,3.06998,1.45578,4.12438,0.42336,0,0.42336,460.49,0,0.778611,0,0,1.03988,0.261274,1.028160,1,0,31.7273,0,0,0,31.7273,0
64.7816,2.44986,0,0,1.36738,0.0781113,0.36288,3.6288,59.1851,0.830624,0,0,0.520843,0.310019,0,0.66528,12.849,1,0.474749,0.36288,0,28.3031,5.72029,22.4709,0.84672,12.849,0.84672,3695.15,0,0,0,0.261274,2.29887,3.09829,1.45578,4.20265,0.42336,0,0.42336,460.49,0,0.862816,0,0,1.12409,0.261274,1.028160,1,0,26.6736,0,0,0,26.6736,0
63.1653,2.44053,0,0,1.26422,0.0771654,0.36288,3.6288,58.4258,0.933552,0,0,0.483006,0.308793,0,0.66528,12.849,1,0.484063,0.36288,0,27.1401,5.72029,21.2987,0.84672,12.849,0.84672,3695.15,0,0,0,0.227405,2.29886,2.69394,1.45578,3.76443,0.42336,0,0.42336,460.49,0,0.759888,0,0,0.987293,0.227405,1.028160,1,0,25.0631,0,0,0,25.0631,0
61.5929,2.43023,0,0,1.29232,0.0716004,0.36288,3.6288,57.852,0.80034,0,0,0.536397,0.309833,0,0.66528,12.849,1,0.494354,0.36288,0,25.813,5.79507,19.8865,0.84672,12.849,0.84672,3695.15,0,0,0,0.227405,2.29885,3.3322,1.47072,4.38774,0.42336,0,0.42336,460.49,0,0.8931,0,0,1.1205,0.227405,1.028160,1,0,24.2742,0,0,0,24.2742,0
59.7187,2.59809,0,0,1.15131,0.0644939,0.36288,3.6288,57.238,0.782983,0,0,0.46781,0.298813,0,0.66528,12.849,1,0.541992,0.36288,0,23.2756,5.92901,17.1674,0.84672,12.849,0.84672,3695.15,0,0,0,0.227405,2.29884,2.93517,1.51346,3.94795,0.42336,0,0.42336,460.49,0,0.910457,0,0,1.13786,0.227405,1.028160,1,0,21.1154,0,0,0,21.1154,0
57.9493,2.58408,0,0,1.23919,0.0616977,0.36288,3.6288,56.8178,0.66528,0,0,0.541468,0.296408,0,0.66528,12.849,1,0.555987,0.36288,0,27.3573,5.96379,21.2004,0.84672,12.849,0.84672,3695.15,0,0,0,0.364893,2.46984,2.80122,1.52308,4.11287,0.42336,0,0.42336,460.49,0,1.02816,0,0,1.39305,0.364893,1.028160,1,0,25.3132,0,0,0,25.3132,0
55.9381,2.57017,0,0,0.982549,0.0606509,0.36288,3.6288,56.077,0.851602,0,0,0.406418,0.2956,0,0.66528,12.849,1,0.569879,0.36288,0,30.0394,5.96379,23.8686,0.84672,12.849,0.84672,3695.15,0,0,0,0.204422,2.46983,2.24917,1.52308,3.40034,0.42336,0,0.42336,460.49,0,0.841838,0,0,1.04626,0.204422,1.028160,1,0,27.2689,0,0,0,27.2689,0
54.1565,2.55349,0,0,1.19425,0.059461,0.36288,3.6288,55.771,0.66528,0,0,0.653411,0.294175,0,0.66528,12.849,1,0.586538,0.36288,0,26.1852,5.96379,19.9977,0.84672,12.849,0.84672,3695.15,0,0,0,0.706475,2.46982,3.24077,1.52308,4.89398,0.42336,0,0.42336,460.49,0,1.02816,0,0,1.73464,0.706475,1.028160,1,0,24.8917,0,0,0,24.8917,0
52.0356,2.53788,0,0,0.869962,0.0901452,0.36288,3.6288,55.0978,0.758169,0,0,0.365564,0.280615,0,0.66528,12.849,1,0.60213,0.36288,0,25.2424,5.55273,19.4504,0.84672,12.849,0.84672,3695.15,0,0,0,0.204422,2.4698,2.14288,1.42922,3.38788,0.42336,0,0.42336,460.49,0,0.935271,0,0,1.13969,0.204422,1.028160,1,0,22.8383,0,0,0,22.8383,0
50.0404,2.43396,0,0,0.913162,0.111501,0.36288,3.6288,54.4273,0.735731,0,0,0.334983,0.269692,0,0.66528,12.849,1,0.60101,0.36288,0,21.8582,5.24444,16.3756,0.84672,12.849,0.84672,3695.15,0,0,0,0.204422,2.46979,1.47089,1.35883,2.78627,0.42336,0,0.42336,460.49,0,0.957709,0,0,1.16213,0.204422,1.028160,1,0,19.1619,0,0,0,19.1619,0
47.9043,2.41488,0,0,0.750868,0.109198,0.36288,3.6288,53.9617,0.66528,0,0,0.468198,0.268502,0,0.66528,12.849,1,0.620074,0.36288,0,21.2191,5.24444,15.7175,0.84672,12.849,0.84672,3695.15,0,0,0,0.954547,2.37082,1.66071,1.35883,3.62725,0.42336,0,0.42336,460.49,0,1.02816,0,0,1.98271,0.954547,1.028160,1,0,19.3448,0,0,0,19.3448,0
45.6647,2.39306,0,0,0.623036,0.106714,0.36288,3.6288,53.0624,0.883518,0,0,0.251823,0.267676,0,0.66528,12.849,1,0.641873,0.36288,0,20.331,5.24444,14.8076,0.84672,12.849,0.84672,3695.15,0,0,0,0.216518,2.37081,1.23678,1.35883,2.46528,0.42336,0,0.42336,460.49,0,0.809922,0,0,1.02644,0.216518,1.028160,1,0,17.2729,0,0,0,17.2729,0
43.6264,2.36848,0,0,0.84251,0.149414,0.36288,3.6288,52.249,0.843385,0,0,0.261394,0.23135,0,0.66528,12.849,1,0.666437,0.36288,0,21.4935,4.72472,16.4652,0.84672,12.849,0.84672,3695.15,0,0,0,0.216518,2.3708,1.36844,1.1843,2.77145,0.42336,0,0.42336,460.49,0,0.850055,0,0,1.06657,0.216518,1.028160,1,0,19.2366,0,0,0,19.2366,0
41.9088,2.27782,0,0,1.12481,0.201736,0.36288,3.6288,51.4611,0.808289,0,0,0.244483,0.224105,0,0.66528,12.849,1,0.670872,0.36288,0,20.3458,4.51321,15.5246,0.84672,12.849,0.84672,3695.15,0,0,0,0.216518,2.37079,1.7366,1.0457,3.27821,0.42336,0,0.42336,460.49,0,0.885151,0,0,1.10167,0.216518,1.028160,1,0,18.8028,0,0,0,18.8028,0
41.1931,2.25677,0,0,2.10168,0.197766,0.36288,3.6288,51.2402,0.66528,0,0,0.667042,0.222684,0,0.66528,12.849,1,0.691912,0.36288,0,40.5343,4.51321,35.6921,0.84672,12.849,0.84672,3695.15,0,0,0,2.34642,2.28246,3.83118,1.0457,7.41436,0.42336,0,0.42336,460.49,0,1.02816,0,0,3.37458,2.34642,1.028160,1,0,43.1064,0,0,0,43.1064,0
42.2358,2.24759,0,0,3.85777,0.204561,0.36288,3.6288,51.5678,0.66528,0,0,1.20784,0.214978,0,0.66528,12.849,1,0.701072,0.36288,0,77.9347,4.40439,73.1921,0.84672,12.849,0.84672,3695.15,0,0,0,2.29541,2.28245,5.01404,1.01487,8.57703,0.42336,0,0.42336,460.49,0,1.02816,0,0,3.32357,2.29541,1.028160,1,0,81.7691,0,0,0,81.7691,0
41.71,2.26085,0,0,2.32506,0.227115,0.36288,3.6288,51.3996,0.66528,0,0,0.695636,0.198565,0,0.66528,12.849,1,0.687797,0.36288,0,45.3635,4.02582,41.0127,0.84672,12.849,0.84672,3695.15,0,0,0,0.868139,2.28244,3.14463,0.787093,5.50812,0.42336,0,0.42336,460.49,0,1.02816,0,0,1.8963,0.868139,1.028160,1,0,46.5208,0,0,0,46.5208,0
41.9578,2.06703,0,0,2.88198,0.20432,0.36288,3.6288,51.338,0.66528,0,0,0.821813,0.218072,0,0.66528,12.849,1,0.636761,0.36288,0,85.435,4.20867,80.9524,0.84672,12.849,0.84672,3695.15,0,0,0,2.35488,2.28243,5.07512,1.00733,8.70509,0.42336,0,0.42336,460.49,0,1.02816,0,0,3.38304,2.35488,1.028160,1,0,89.6575,0,0,0,89.6575,0
43.8675,2.0699,0,0,4.54562,0.203088,0.36288,3.6288,52.4807,0.66528,0,0,2.03175,0.223743,0,0.66528,12.849,1,0.633879,0.36288,0,106.648,4.20189,102.175,0.84672,12.849,0.84672,3695.15,0,0,0,5.36198,2.08625,12.3613,1.03097,18.7785,0.42336,0,0.42336,460.49,0,1.02816,0,0,6.39014,5.36198,1.028160,1,0,120.953,0,0,0,120.953,0
44.8781,2.09123,0,0,3.67231,0.207619,0.36288,3.6288,52.4529,0.66528,0,0,0.863265,0.225816,0,0.66528,12.849,1,0.612532,0.36288,0,89.7506,4.20189,85.2991,0.84672,12.849,0.84672,3695.15,0,0,0,3.94138,2.08624,6.75499,1.03097,11.7516,0.42336,0,0.42336,460.49,0,1.02816,0,0,4.96954,3.94138,1.028160,1,0,97.0507,0,0,0,97.0507,0
45.913,2.10194,0,0,3.70841,0.20864,0.36288,3.6288,52.0637,0.66528,0,0,0.508491,0.232377,0,0.66528,12.849,1,0.601806,0.36288,0,85.6025,4.22778,81.1358,0.84672,12.849,0.84672,3695.15,0,0,0,1.821,2.08623,7.25235,1.05095,10.1086,0.42336,0,0.42336,460.49,0,1.02816,0,0,2.84916,1.821,1.028160,1,0,91.2445,0,0,0,91.2445,0
46.6449,2.11253,0,0,3.40783,0.200512,0.36288,3.6288,52.1401,0.66528,0,0,0.982807,0.241205,0,0.66528,12.849,1,0.591203,0.36288,0,84.0059,4.26455,79.513,0.84672,12.849,0.84672,3695.15,0,0,0,1.52346,2.08622,5.61758,1.14912,8.07814,0.42336,0,0.42336,460.49,0,1.02816,0,0,2.55162,1.52346,1.028160,1,0,87.5911,0,0,0,87.5911,0
48.9072,2.19363,0,0,5.06034,0.241574,0.36288,3.6288,52.9152,0.66528,0,0,1.63865,0.198284,0,0.66528,12.849,1,0.604265,0.36288,0,156.036,4.98057,150.814,0.84672,12.849,0.84672,3695.15,0,0,0,1.61643,2.08621,8.28412,1.22548,10.7613,0.42336,0,0.42336,460.49,0,1.02816,0,0,2.64459,1.61643,1.028160,1,0,161.575,0,0,0,161.575,0
50.9521,2.21574,0,0,4.84796,0.224395,0.36288,3.6288,53.6575,0.66528,0,0,1.58662,0.178996,0,0.66528,12.849,1,0.582123,0.36288,0,118.107,4.23024,113.658,0.84672,12.849,0.84672,3695.15,0,0,0,1.57066,2.14737,7.52769,1.13175,10.114,0.42336,0,0.42336,460.49,0,1.02816,0,0,2.59882,1.57066,1.028160,1,0,123.772,0,0,0,123.772,0
53.8487,2.23437,0,0,5.72308,0.229319,0.36288,3.6288,55.4508,0.66528,0,0,2.63868,0.18006,0,0.66528,12.849,1,0.563458,0.36288,0,118.656,4.23024,114.225,0.84672,12.849,0.84672,3695.15,0,0,0,2.89036,2.14735,10.5847,1.13175,14.4906,0.42336,0,0.42336,460.49,0,1.02816,0,0,3.91852,2.89036,1.028160,1,0,128.716,0,0,0,128.716,0
55.951,2.25881,0,0,4.96032,0.236273,0.36288,3.6288,56.0345,0.66528,0,0,1.43121,0.182246,0,0.66528,12.849,1,0.538983,0.36288,0,122.075,4.23024,117.669,0.84672,12.849,0.84672,3695.15,0,0,0,1.21245,2.14733,8.3255,1.13175,10.5535,0.42336,0,0.42336,460.49,0,1.02816,0,0,2.24061,1.21245,1.028160,1,0,128.223,0,0,0,128.223,0
59.2179,2.52117,0,0,6.42946,0.278554,0.36288,3.6288,57.7899,0.66528,0,0,2.59545,0.174821,0,0.66528,12.849,1,0.578979,0.36288,0,180.173,4.17858,175.778,0.84672,12.849,0.84672,3695.15,0,0,0,2.05505,2.14731,13.3281,1.16796,16.3625,0.42336,0,0.42336,460.49,0,1.02816,0,0,3.08321,2.05505,1.028160,1,0,192.14,0,0,0,192.14,0
61.3335,2.54738,0,0,5.31347,0.287607,0.36288,3.6288,59.619,0.66528,0,0,2.67122,0.176828,0,0.66528,12.849,1,0.552728,0.36288,0,129.476,4.17858,125.108,0.84672,12.849,0.84672,3695.15,0,0,0,1.61655,2.36731,10.8101,1.16796,13.626,0.42336,0,0.42336,460.49,0,1.02816,0,0,2.64471,1.61655,1.028160,1,0,138.734,0,0,0,138.734,0
64.1815,2.56312,0,0,6.06715,0.293116,0.36288,3.6288,61.308,0.66528,0,0,3.22833,0.178919,0.695104,0.66528,12.849,1,0.536958,0.36288,0,188.082,4.17858,183.73,0.84672,12.849,0.84672,3695.15,0,0,0,2.67188,2.36729,15.9589,1.16796,19.8301,0.42336,0,0.42336,460.49,0,1.02816,0,0,3.70004,2.67188,1.028160,1,0,204.255,0,0,0,204.255,0
66.2666,2.58294,0,0,5.33446,0.303571,0.36288,3.6288,61.308,0.66528,0,0,2.7391,0.158963,1.91485,0.66528,12.849,1,0.5171,0.36288,0,141.465,3.80051,137.511,0.84672,12.849,0.84672,3695.15,0,0,0,1.79234,2.36727,13.145,1.05955,16.245,0.42336,0,0.42336,460.49,0,1.02816,0,0,2.8205,1.79234,1.028160,1,0,155.67,0,0,0,155.67,0
65.6882,2.23531,0,0,2.33148,0.311616,0.36288,3.6288,61.308,0.801204,0,0,1.03576,0.138281,0.0962778,0.66528,12.849,1,0.433423,0.36288,0,64.6104,4.04712,60.4928,0.84672,12.849,0.84672,3695.15,0,0,0,0.608429,2.36725,7.33804,1.06587,9.24785,0.42336,0,0.42336,460.49,0,0.892236,0,0,1.50066,0.608429,1.028160,1,0,69.8369,0,0,0,69.8369,0
64.9512,2.23209,0,0,2.16316,0.305249,0.36288,3.6288,61.308,0.709301,0,0,1.09719,0.149346,0.238538,0.66528,12.849,1,0.43661,0.36288,0,78.116,4.3092,73.733,0.84672,12.849,0.84672,3695.15,0,0,0,0.608429,2.06718,7.66524,1.14786,9.19299,0.42336,0,0.42336,460.49,0,0.984139,0,0,1.59257,0.608429,1.028160,1,0,83.1646,0,0,0,83.1646,0
68.538,2.22793,0,0,6.48111,0.303452,0.36288,3.6288,61.308,0.66528,0,0,2.70211,0.149346,1.88748,0.66528,12.849,1,0.440741,0.36288,0,94.9363,4.3092,90.5493,0.84672,12.849,0.84672,3695.15,0,0,0,2.18254,2.06716,16.3038,1.14786,19.4056,0.42336,0,0.42336,460.49,0,1.02816,0,0,3.2107,2.18254,1.028160,1,0,111.842,0,0,0,111.842,0
72.1919,2.50199,0,0,6.83166,0.312958,0.36288,3.6288,61.308,0.66528,0,0,3.74497,0.164811,2.91488,0.66528,12.849,1,0.469054,0.36288,0,198.992,4.29501,194.591,0.84672,12.849,0.84672,3695.15,0,0,0,2.77658,2.06714,24.0806,1.13156,27.7928,0.42336,0,0.42336,460.49,0,1.02816,0,0,3.80474,2.77658,1.028160,1,0,225.299,0,0,0,225.299,0
72.29,2.52211,0,0,5.75986,0.327178,2.81243,3.6288,61.308,0.66528,0,0,2.0294,0.179846,1.18427,0.66528,12.849,1,0.448896,2.81243,0,196.89,4.12796,195.126,0.84672,12.849,0.84672,3695.15,0,0,0,1.74285,1.89016,14.3815,1.05178,16.9628,0.42336,0,0.42336,460.49,0,1.02816,0,0,2.77101,1.74285,1.028160,1,0,213.273,0,0,0,213.273,0
72.29,2.61478,0,0,8.36257,0.329922,5.41787,3.6288,61.308,0.66528,0,0,3.89159,0.162126,3.06419,0.66528,12.849,1,0.464757,5.41787,0,130.683,4.02927,131.607,0.84672,12.849,0.84672,3695.15,0,0,0,2.83105,1.89014,15.5755,1.02249,19.2742,0.42336,0,0.42336,460.49,0,1.02816,0,0,3.85921,2.83105,1.028160,1,0,153.946,0,0,0,153.946,0
72.29,2.61475,0,0,5.84867,0.329922,2.904,3.6288,61.308,0.66528,0,0,2.33184,0.162126,1.50444,0.66528,12.849,1,0.464752,2.904,0,108.381,4.02927,106.791,0.84672,12.849,0.84672,3695.15,0,0,0,1.68115,1.96409,12.5422,1.02249,15.1649,0.42336,0,0.42336,460.49,0,1.02816,0,0,2.70931,1.68115,1.028160,1,0,123.46,0,0,0,123.46,0
72.29,2.61472,0,0,5.05782,0.303138,2.13996,3.6288,61.308,0.66528,0,0,1.84823,0.176399,1.00656,0.66528,12.849,1,0.464747,2.13996,0,102.934,4.20378,100.406,0.84672,12.849,0.84672,3695.15,0,0,0,1.28222,1.96407,12.2056,1.05685,14.3951,0.42336,0,0.42336,460.49,0,1.02816,0,0,2.31038,1.28222,1.028160,1,0,115.807,0,0,0,115.807,0
72.29,2.6147,0,0,4.5872,0.264451,1.70805,3.6288,61.308,0.66528,0,0,2.11012,0.193455,1.25139,0.66528,12.849,1,0.464742,1.70805,0,78.4045,4.19571,75.4521,0.84672,12.849,0.84672,3695.15,0,0,0,1.54881,1.96405,10.8427,1.09733,13.2582,0.42336,0,0.42336,460.49,0,1.02816,0,0,2.57697,1.54881,1.028160,1,0,89.9617,0,0,0,89.9617,0
72.29,2.57863,0,0,3.65539,0.257013,0.81974,3.6288,61.308,0.66528,0,0,1.74836,0.18852,0.894564,0.66528,12.849,1,0.458332,0.81974,0,74.2487,3.59384,71.0163,0.84672,12.849,0.84672,3695.15,0,0,0,1.17923,1.96403,6.6947,1.08404,8.75393,0.42336,0,0.42336,460.49,0,1.02816,0,0,2.20739,1.17923,1.028160,1,0,80.6648,0,0,0,80.6648,0
72.29,2.57861,0,0,3.73031,0.257013,0.894693,3.6288,61.308,0.66528,0,0,1.50472,0.18852,0.650916,0.66528,12.849,1,0.458328,0.894693,0,71.6766,3.59384,68.5191,0.84672,12.849,0.84672,3695.15,0,0,0,0.789627,1.93523,6.62144,1.08404,8.26226,0.42336,0,0.42336,460.49,0,1.02816,0,0,1.81779,0.789627,1.028160,1,0,77.4323,0,0,0,77.4323,0
72.29,2.57858,0,0,3.8154,0.226603,1.01022,3.6288,61.308,0.66528,0,0,1.47148,0.203356,0.602842,0.66528,12.849,1,0.458323,1.01022,0,74.2807,4.76346,70.0691,0.84672,12.849,0.84672,3695.15,0,0,0,0.869815,1.93521,8.23452,1.13015,9.9094,0.42336,0,0.42336,460.49,0,1.02816,0,0,1.89797,0.869815,1.028160,1,0,80.5813,0,0,0,80.5813,0
72.2552,2.57855,0,0,3.07544,0.168769,0.36288,3.6288,61.308,0.66528,0,0,1.39673,0.223326,0.508119,0.66528,12.849,1,0.458318,0.36288,0,48.2105,5.46999,42.6451,0.84672,12.849,0.84672,3695.15,0,0,0,0.744068,1.93519,6.21976,1.25001,7.64901,0.42336,0,0.42336,460.49,0,1.02816,0,0,1.77223,0.744068,1.028160,1,0,50.8022,0,0,0,50.8022,0
71.8928,2.4439,0,0,2.66496,0.22058,0.36288,3.6288,61.308,0.788884,0,0,1.19508,0.206721,0.199471,0.66528,12.849,1,0.434594,0.36288,0,43.2836,4.60293,38.609,0.84672,12.849,0.84672,3695.15,0,0,0,0.402797,1.93517,4.43705,1.04108,5.73394,0.42336,0,0.42336,460.49,0,0.904556,0,0,1.30735,0.402797,1.028160,1,0,44.5424,0,0,0,44.5424,0
71.3443,2.69857,0,0,2.66821,0.155342,0.36288,3.6288,61.308,0.66528,0,0,1.25123,0.23036,0.355587,0.66528,12.849,1,0.482299,0.36288,0,45.8594,4.80644,40.9335,0.84672,12.849,0.84672,3695.15,0,0,0,0.459639,2.21297,4.77628,1.0696,6.37928,0.42336,0,0.42336,460.49,0,1.02816,0,0,1.4878,0.459639,1.028160,1,0,47.6684,0,0,0,47.6684,0
70.7749,2.43915,0,0,2.35589,0.123249,0.36288,3.6288,61.2554,0.836024,0,0,1.02503,0.241625,0,0.66528,12.849,1,0.439287,0.36288,0,41.8105,4.95757,36.7765,0.84672,12.849,0.84672,3695.15,0,0,0,0.402797,2.03598,4.02373,1.10001,5.36249,0.42336,0,0.42336,460.49,0,0.857416,0,0,1.26021,0.402797,1.028160,1,0,42.139,0,0,0,42.139,0
70.0752,2.43613,0,0,2.22207,0.122712,0.36288,3.6288,60.9542,0.878239,0,0,0.818588,0.241544,0,0.66528,12.849,1,0.442273,0.36288,0,38.6281,4.95757,33.5911,0.84672,12.849,0.84672,3695.15,0,0,0,0.30119,2.21292,3.77892,1.10001,5.19302,0.42336,0,0.42336,460.49,0,0.815201,0,0,1.11639,0.30119,1.028160,1,0,38.7841,0,0,0,38.7841,0
69.3122,2.43237,0,0,2.15655,0.124314,0.36288,3.6288,60.9255,0.66528,0,0,0.883172,0.24659,0,0.66528,12.849,1,0.445999,0.36288,0,38.9969,5.12695,33.7868,0.84672,12.849,0.84672,3695.15,0,0,0,0.442014,2.2129,4.09303,1.0925,5.65545,0.42336,0,0.42336,460.49,0,1.02816,0,0,1.47017,0.442014,1.028160,1,0,39.4423,0,0,0,39.4423,0
68.5556,2.40417,0,0,2.1357,0.125268,0.36288,3.6288,61.0151,0.66528,0,0,1.0056,0.250674,0,0.66528,12.849,1,0.445681,0.36288,0,39.3861,5.25399,34.0493,0.84672,12.849,0.84672,3695.15,0,0,0,0.821042,2.21288,4.71166,1.08686,6.65872,0.42336,0,0.42336,460.49,0,1.02816,0,0,1.8492,0.821042,1.028160,1,0,40.7081,0,0,0,40.7081,0
67.7234,2.4,0,0,2.05056,0.119884,0.36288,3.6288,61.058,0.66528,0,0,0.966764,0.258574,0,0.66528,12.849,1,0.449818,0.36288,0,36.9701,5.36257,31.5206,0.84672,12.849,0.84672,3695.15,0,0,0,0.839575,2.24811,4.77582,1.12361,6.7399,0.42336,0,0.42336,460.49,0,1.02816,0,0,1.86773,0.839575,1.028160,1,0,38.2605,0,0,0,38.2605,0
66.6775,2.39532,0,0,1.8039,0.0915935,0.36288,3.6288,61.0051,0.66528,0,0,0.91482,0.302529,0,0.66528,12.849,1,0.454459,0.36288,0,34.978,6.14968,28.7367,0.84672,12.849,0.84672,3695.15,0,0,0,0.604938,2.24809,4.58366,1.3944,6.04229,0.42336,0,0.42336,460.49,0,1.02816,0,0,1.6331,0.604938,1.028160,1,0,34.779,0,0,0,34.779,0
65.5436,2.38932,0,0,1.70847,0.0901695,0.36288,3.6288,60.9086,0.66528,0,0,0.867439,0.298597,0,0.66528,12.849,1,0.460431,0.36288,0,31.7423,6.37855,25.2662,0.84672,12.849,0.84672,3695.15,0,0,0,0.645667,2.24807,4.34362,1.50404,5.73332,0.42336,0,0.42336,460.49,0,1.02816,0,0,1.67383,0.645667,1.028160,1,0,30.9995,0,0,0,30.9995,0
64.4938,2.44414,0,0,1.83969,0.0824393,0.36288,3.6288,60.9568,0.66528,0,0,1.02895,0.315537,0,0.66528,12.849,1,0.479143,0.36288,0,36.9638,5.71778,31.1298,0.84672,12.849,0.84672,3695.15,0,0,0,0.438877,2.24805,3.74589,1.40744,5.02537,0.42336,0,0.42336,460.49,0,1.02816,0,0,1.46704,0.438877,1.028160,1,0,36.1552,0,0,0,36.1552,0
63.3551,2.43761,0,0,1.74354,0.0817472,0.36288,3.6288,60.8964,0.66528,0,0,0.920532,0.315633,0,0.66528,12.849,1,0.485641,0.36288,0,32.661,5.71778,26.8205,0.84672,12.849,0.84672,3695.15,0,0,0,0.581869,2.29799,3.91248,1.40744,5.38489,0.42336,0,0.42336,460.49,0,1.02816,0,0,1.61003,0.581869,1.028160,1,0,32.2054,0,0,0,32.2054,0
62.1109,2.43032,0,0,1.62992,0.0809965,0.36288,3.6288,60.7673,0.66528,0,0,0.851714,0.315512,0,0.66528,12.849,1,0.492892,0.36288,0,31.056,5.71778,25.2082,0.84672,12.849,0.84672,3695.15,0,0,0,0.443336,2.29797,3.43304,1.40744,4.7669,0.42336,0,0.42336,460.49,0,1.02816,0,0,1.4715,0.443336,1.028160,1,0,29.9751,0,0,0,29.9751,0
60.8537,2.42212,0,0,1.60801,0.0801762,0.36288,3.6288,60.7082,0.66528,0,0,0.921465,0.315254,0,0.66528,12.849,1,0.501068,0.36288,0,28.8169,5.71778,22.9609,0.84672,12.849,0.84672,3695.15,0,0,0,0.542497,2.29794,3.8824,1.40744,5.3154,0.42336,0,0.42336,460.49,0,1.02816,0,0,1.57066,0.542497,1.028160,1,0,28.2763,0,0,0,28.2763,0
59.5688,2.59141,0,0,1.72894,0.0595894,0.36288,3.6288,60.719,0.66528,0,0,1.02406,0.347967,0,0.66528,12.849,1,0.547165,0.36288,0,30.9148,5.79835,24.9321,0.84672,12.849,0.84672,3695.15,0,0,0,0.269845,2.29792,4.18202,1.44614,5.30365,0.42336,0,0.42336,460.49,0,1.02816,0,0,1.298,0.269845,1.028160,1,0,30.2358,0,0,0,30.2358,0
58.1921,2.58167,0,0,1.63293,0.0650753,0.36288,3.6288,60.7468,0.66528,0,0,1.03465,0.341635,0,0.66528,12.849,1,0.556867,0.36288,0,29.1405,5.76723,23.1793,0.84672,12.849,0.84672,3695.15,0,0,0,0.599607,2.46883,4.23144,1.46849,5.83139,0.42336,0,0.42336,460.49,0,1.02816,0,0,1.62777,0.599607,1.028160,1,0,29.0106,0,0,0,29.0106,0
56.7303,2.57085,0,0,1.53615,0.064215,0.36288,3.6288,60.7357,0.66528,0,0,0.995898,0.341695,0,0.66528,12.849,1,0.567652,0.36288,0,29.9622,5.76723,23.9902,0.84672,12.849,0.84672,3695.15,0,0,0,0.822969,2.46881,3.91348,1.46849,5.73676,0.42336,0,0.42336,460.49,0,1.02816,0,0,1.85113,0.822969,1.028160,1,0,29.727,0,0,0,29.727,0
55.2409,2.55889,0,0,1.49574,0.0633015,0.36288,3.6288,60.725,0.66528,0,0,0.996304,0.341671,0,0.66528,12.849,1,0.579571,0.36288,0,28.0609,5.76723,22.077,0.84672,12.849,0.84672,3695.15,0,0,0,0.796885,2.46879,3.91399,1.46849,5.71117,0.42336,0,0.42336,460.49,0,1.02816,0,0,1.82504,0.796885,1.028160,1,0,27.7882,0,0,0,27.7882,0
54.0589,2.54619,0,0,1.80096,0.0739472,0.36288,3.6288,60.662,0.66528,0,0,0.94157,0.339347,0,0.66528,12.849,1,0.592242,0.36288,0,26.6366,5.6424,20.7648,0.84672,12.849,0.84672,3695.15,0,0,0,0.763871,2.46876,3.98003,1.38624,5.82643,0.42336,0,0.42336,460.49,0,1.02816,0,0,1.79203,0.763871,1.028160,1,0,26.5913,0,0,0,26.5913,0
52.9734,2.45088,0,0,1.81656,0.0883239,0.36288,3.6288,60.953,0.66528,0,0,1.29242,0.336145,0,0.66528,12.849,1,0.582537,0.36288,0,22.9427,5.47596,17.247,0.84672,12.849,0.84672,3695.15,0,0,0,1.82657,2.46874,4.39977,1.27656,7.41851,0.42336,0,0.42336,460.49,0,1.02816,0,0,2.85473,1.82657,1.028160,1,0,24.6656,0,0,0,24.6656,0
51.6848,2.44124,0,0,1.60287,0.0873517,0.36288,3.6288,60.701,0.66528,0,0,0.750073,0.336766,0,0.66528,12.849,1,0.592137,0.36288,0,23.5001,5.47596,17.7949,0.84672,12.849,0.84672,3695.15,0,0,0,0.764096,2.3698,3.37947,1.27656,5.2368,0.42336,0,0.42336,460.49,0,1.02816,0,0,1.79226,0.764096,1.028160,1,0,23.0317,0,0,0,23.0317,0
50.1308,2.42939,0,0,1.32453,0.0861977,0.36288,3.6288,60.3603,0.66528,0,0,0.660813,0.336228,0,0.66528,12.849,1,0.603954,0.36288,0,21.6975,5.47596,15.9805,0.84672,12.849,0.84672,3695.15,0,0,0,0.565471,2.36978,3.12964,1.27656,4.78833,0.42336,0,0.42336,460.49,0,1.02816,0,0,1.59363,0.565471,1.028160,1,0,20.7688,0,0,0,20.7688,0
49.6502,2.41446,0,0,2.46211,0.165363,0.36288,3.6288,60.4629,0.66528,0,0,1.02804,0.260149,0,0.66528,12.849,1,0.618849,0.36288,0,38.3101,4.43781,33.6163,0.84672,12.849,0.84672,3695.15,0,0,0,0.962885,2.36975,5.43387,0.952074,7.81443,0.42336,0,0.42336,460.49,0,1.02816,0,0,1.99104,0.962885,1.028160,1,0,41.4308,0,0,0,41.4308,0
47.8014,2.34122,0,0,1.05257,0.197315,0.36288,3.6288,60.3128,0.66528,0,0,0.733035,0.217888,0,0.66528,12.849,1,0.605886,0.36288,0,21.6603,3.9725,17.4448,0.84672,12.849,0.84672,3695.15,0,0,0,0.399686,2.36973,4.17922,0.990585,5.95805,0.42336,0,0.42336,460.49,0,1.02816,0,0,1.42785,0.399686,1.028160,1,0,23.4029,0,0,0,23.4029,0
45.9786,2.32273,0,0,1.11784,0.254966,0.36288,3.6288,59.7912,0.833302,0,0,0.521244,0.20956,0,0.66528,12.849,1,0.624348,0.36288,0,23.5072,4.05037,19.1954,0.84672,12.849,0.84672,3695.15,0,0,0,0.216518,2.28143,3.64648,1.0898,5.05464,0.42336,0,0.42336,460.49,0,0.860138,0,0,1.07666,0.216518,1.028160,1,0,24.25,0,0,0,24.25,0
44.3673,2.30335,0,0,1.30479,0.249884,0.36288,3.6288,59.9392,0.66528,0,0,1.02215,0.208864,0,0.66528,12.849,1,0.643686,0.36288,0,27.3623,4.05037,23.0311,0.84672,12.849,0.84672,3695.15,0,0,0,1.46184,2.28141,5.78951,1.0898,8.44297,0.42336,0,0.42336,460.49,0,1.02816,0,0,2.49,1.46184,1.028160,1,0,31.4741,0,0,0,31.4741,0
