0volume,0demand,0up_spill,0ww_inflow,0catch_inflow,0evap,0ds_spill,0treat_cap,1volume,1demand,1up_spill,1ww_inflow,1catch_inflow,1evap,1ds_spill,1treat_cap,2volume,2s_area,2demand,2up_spill,2ww_inflow,2catch_inflow,2evap,2ds_spill,2treat_cap,2valloc_0,2talloc_0,2valloc_1,2talloc_1,3volume,3demand,3up_spill,3ww_inflow,3catch_inflow,3evap,3ds_spill,3treat_cap,3valloc_1,3talloc_1,3valloc_2,3talloc_2,4demand,4up_spill,4ww_inflow,4catch_inflow,4ds_spill,4treat_cap,11volume,11s_area,11demand,11up_spill,11ww_inflow,11catch_inflow,11evap,11ds_spill,11treat_cap
72.29,2.09704,0,0,8.40162,0.280423,6.02416,3.6288,61.308,0,0,0,1.71373,0.238143,1.47558,0.66528,12.849,1,0.372733,6.02416,0,118.975,4.54451,120.081,0.84672,12.849,0.84672,3695.15,0,0,0,1.8942,0,13.8682,1.11949,14.6429,0.42336,0,0.42336,460.49,0,1.43262,0,0,3.32681,1.8942,1.028160,1,0,136.2,0,0,0,136.2,0
72.29,2.09797,0,0,6.97188,0.280423,4.59348,3.6288,61.308,0.405092,0,0,1.70442,0.238143,1.06119,0.66528,12.849,1,0.372898,4.59348,0,71.7699,4.54451,71.446,0.84672,12.849,0.84672,3695.15,0,0,0,2.86699,1.56967,11.6645,1.11949,14.9817,0.42336,0,0.42336,460.49,0,1.02816,0,0,3.89515,2.86699,1.028160,1,0,87.4888,0,0,0,87.4888,0
72.29,2.0989,0,0,6.76656,0.280423,4.38724,3.6288,61.308,0.405728,0,0,1.55707,0.238143,0.913203,0.66528,12.849,1,0.373064,4.38724,0,126.946,4.54451,126.415,0.84672,12.849,0.84672,3695.15,0,0,0,2.15612,1.57037,12.1263,1.11949,14.7333,0.42336,0,0.42336,460.49,0,1.02816,0,0,3.18428,2.15612,1.028160,1,0,142.062,0,0,0,142.062,0
72.29,2.09983,0,0,5.61884,0.280423,3.23859,3.6288,61.308,0.406365,0,0,1.25307,0.238143,0.60856,0.66528,12.849,1,0.373229,3.23859,0,82.7479,4.54451,81.0687,0.84672,12.849,0.84672,3695.15,0,0,0,2.12249,1.57107,8.6495,1.11949,11.2236,0.42336,0,0.42336,460.49,0,1.02816,0,0,3.15065,2.12249,1.028160,1,0,92.9009,0,0,0,92.9009,0
72.29,2.30567,0,0,5.8866,0.287167,3.29377,3.6288,61.308,0.575745,0,0,1.22043,0.265988,0.378701,0.66528,12.849,1,0.409815,3.29377,0,91.1434,4.63349,89.3938,0.84672,12.849,0.84672,3695.15,0,0,0,1.48008,1.57177,9.24696,1.17391,11.1249,0.42336,0,0.42336,460.49,0,1.02816,0,0,2.50824,1.48008,1.028160,1,0,100.897,0,0,0,100.897,0
72.29,2.30669,0,0,5.54767,0.304263,2.93672,3.6288,61.308,0.576457,0,0,1.13661,0.247623,0.312529,0.66528,12.849,1,0.409997,2.93672,0,92.7305,4.23245,91.0248,0.84672,12.849,0.84672,3695.15,0,0,0,1.94988,1.74806,8.23478,1.03423,10.8985,0.42336,0,0.42336,460.49,0,1.02816,0,0,2.97804,1.94988,1.028160,1,0,102.236,0,0,0,102.236,0
72.29,2.30771,0,0,7.36421,0.304263,4.75223,3.6288,61.308,0.577168,0,0,1.17779,0.247623,0.352996,0.66528,12.849,1,0.410178,4.75223,0,125.021,4.23245,125.13,0.84672,12.849,0.84672,3695.15,0,0,0,2.05834,1.74883,8.79051,1.03423,11.5635,0.42336,0,0.42336,460.49,0,1.02816,0,0,3.0865,2.05834,1.028160,1,0,137.047,0,0,0,137.047,0
72.29,2.30874,0,0,5.94512,0.304263,3.33212,3.6288,61.308,0.57788,0,0,1.63634,0.247623,0.810835,0.66528,12.849,1,0.41036,3.33212,0,99.1846,4.23245,97.8739,0.84672,12.849,0.84672,3695.15,0,0,0,2.51445,1.74961,9.12514,1.03423,12.355,0.42336,0,0.42336,460.49,0,1.02816,0,0,3.54261,2.51445,1.028160,1,0,111.04,0,0,0,111.04,0
72.29,2.01698,0,0,4.43244,0.31303,2.10243,3.6288,61.308,0.351733,0,0,1.20341,0.223065,0.628607,0.66528,12.849,1,0.358503,2.10243,0,71.4158,3.52798,69.6318,0.84672,12.849,0.84672,3695.15,0,0,0,1.94016,1.75038,7.39325,0.862222,10.2216,0.42336,0,0.42336,460.49,0,1.02816,0,0,2.96832,1.94016,1.028160,1,0,80.4819,0,0,0,80.4819,0
72.29,2.01788,0,0,3.29527,0.319606,0.957788,3.6288,61.308,0.352344,0,0,0.919823,0.204647,0.362832,0.66528,12.849,1,0.358662,0.957788,0,72.0343,2.99964,69.6338,0.84672,12.849,0.84672,3695.15,0,0,0,1.47075,1.51127,6.26182,0.733214,8.51063,0.42336,0,0.42336,460.49,0,1.02816,0,0,2.49891,1.47075,1.028160,1,0,78.5072,0,0,0,78.5072,0
72.29,2.01877,0,0,3.04989,0.319606,0.711509,3.6288,61.308,0.352956,0,0,0.885393,0.204647,0.32779,0.66528,12.849,1,0.358821,0.711509,0,75.1098,2.99964,72.4628,0.84672,12.849,0.84672,3695.15,0,0,0,1.1202,1.51194,5.70558,0.733214,7.60451,0.42336,0,0.42336,460.49,0,1.02816,0,0,2.14836,1.1202,1.028160,1,0,80.3951,0,0,0,80.3951,0
72.29,2.01966,0,0,7.13409,0.31344,4.80099,3.6288,61.308,0.353568,0,0,1.44299,0.237964,0.851461,0.66528,12.849,1,0.35898,4.80099,0,69.2929,3.7401,69.9948,0.84672,12.849,0.84672,3695.15,0,0,0,2.63707,1.51261,13.9976,0.93505,17.2122,0.42336,0,0.42336,460.49,0,1.02816,0,0,3.66523,2.63707,1.028160,1,0,88.0585,0,0,0,88.0585,0
72.29,2.02056,0,0,4.76372,0.278185,2.46497,3.6288,61.308,0.35418,0,0,1.08556,0.211043,0.520332,0.66528,12.849,1,0.359139,2.46497,0,140.372,4.51453,137.963,0.84672,12.849,0.84672,3695.15,0,0,0,1.69052,1.51328,8.60336,1.06959,10.7376,0.42336,0,0.42336,460.49,0,1.02816,0,0,2.71868,1.69052,1.028160,1,0,149.221,0,0,0,149.221,0
72.29,2.09531,0,0,3.5506,0.339955,1.11533,3.6288,61.308,0.410413,0,0,0.747738,0.142729,0.194596,0.66528,12.849,1,0.372426,1.11533,0,49.9827,3.0321,47.6936,0.84672,12.849,0.84672,3695.15,0,0,0,1.42974,1.51395,4.85699,0.784581,7.0161,0.42336,0,0.42336,460.49,0,1.02816,0,0,2.4579,1.42974,1.028160,1,0,54.9042,0,0,0,54.9042,0
72.29,2.09624,0,0,4.50135,0.337514,2.0676,3.6288,61.308,0.41105,0,0,0.809408,0.154038,0.24432,0.66528,12.849,1,0.372591,2.0676,0,87.7345,3.22308,86.2064,0.84672,12.849,0.84672,3695.15,0,0,0,0.691632,1.5739,6.17318,0.898354,7.54035,0.42336,0,0.42336,460.49,0,1.02816,0,0,1.71979,0.691632,1.028160,1,0,93.991,0,0,0,93.991,0
72.29,2.09717,0,0,3.2357,0.337514,0.801014,3.6288,61.308,0.411687,0,0,0.879225,0.154038,0.3135,0.66528,12.849,1,0.372756,0.801014,0,49.1262,3.22308,46.3314,0.84672,12.849,0.84672,3695.15,0,0,0,1.51607,1.57459,5.81086,0.898354,8.00317,0.42336,0,0.42336,460.49,0,1.02816,0,0,2.54423,1.51607,1.028160,1,0,54.648,0,0,0,54.648,0
72.29,2.0981,0,0,4.1392,0.337514,1.70359,3.6288,61.308,0.412324,0,0,1.27596,0.154038,0.709602,0.66528,12.849,1,0.372921,1.70359,0,96.2652,3.22308,94.3727,0.84672,12.849,0.84672,3695.15,0,0,0,1.79635,1.57529,8.46426,0.898354,10.9375,0.42336,0,0.42336,460.49,0,1.02816,0,0,2.82451,1.79635,1.028160,1,0,106.02,0,0,0,106.02,0
72.29,2.0701,0,0,2.88082,0.26535,0.545372,3.6288,61.308,0.39132,0,0,0.848673,0.186688,0.270664,0.66528,12.849,1,0.367944,0.545372,0,60.8596,4.3155,56.7215,0.84672,12.849,0.84672,3695.15,0,0,0,0.745908,1.57599,4.90755,1.04279,6.18665,0.42336,0,0.42336,460.49,0,1.02816,0,0,1.77407,0.745908,1.028160,1,0,63.1788,0,0,0,63.1788,0
72.239,2.07101,0,0,2.6362,0.253323,0.36288,3.6288,61.308,0.391948,0,0,0.858056,0.19213,0.273977,0.66528,12.849,1,0.368107,0.36288,0,55.8326,4.49757,51.3298,0.84672,12.849,0.84672,3695.15,0,0,0,0.754021,1.55358,6.20259,1.06686,7.44332,0.42336,0,0.42336,460.49,0,1.02816,0,0,1.78218,0.754021,1.028160,1,0,59.0471,0,0,0,59.0471,0
72.29,2.07171,0,0,4.17133,0.253225,1.79539,3.6288,61.308,0.392576,0,0,1.06518,0.19213,0.480476,0.66528,12.849,1,0.36849,1.79539,0,72.6297,4.49757,69.5591,0.84672,12.849,0.84672,3695.15,0,0,0,1.0573,1.55427,5.39231,1.06686,6.93702,0.42336,0,0.42336,460.49,0,1.02816,0,0,2.08546,1.0573,1.028160,1,0,76.9766,0,0,0,76.9766,0
72.2763,2.07284,0,0,2.6221,0.200045,0.36288,3.6288,61.308,0.393205,0,0,0.897834,0.204625,0.300004,0.66528,12.849,1,0.368432,0.36288,0,57.3842,4.87683,52.5018,0.84672,12.849,0.84672,3695.15,0,0,0,0.760052,1.55495,4.77524,0.996656,6.09359,0.42336,0,0.42336,460.49,0,1.02816,0,0,1.78821,0.760052,1.028160,1,0,58.8954,0,0,0,58.8954,0
72.0722,2.17207,0,0,2.51823,0.187451,0.36288,3.6288,61.308,0.470714,0,0,0.85352,0.20202,0.180786,0.66528,12.849,1,0.386142,0.36288,0,46.7459,4.60998,42.1127,0.84672,12.849,0.84672,3695.15,0,0,0,0.585991,1.55564,4.26858,1.00108,5.40913,0.42336,0,0.42336,460.49,0,1.02816,0,0,1.61415,0.585991,1.028160,1,0,47.7026,0,0,0,47.7026,0
71.8279,2.1721,0,0,2.4611,0.170421,0.36288,3.6288,61.308,0.471376,0,0,0.917983,0.198546,0.24806,0.66528,12.849,1,0.387242,0.36288,0,40.5417,4.25418,36.2632,0.84672,12.849,0.84672,3695.15,0,0,0,0.791329,1.63744,4.21679,1.00698,5.63858,0.42336,0,0.42336,460.49,0,1.02816,0,0,1.81949,0.791329,1.028160,1,0,42.1498,0,0,0,42.1498,0
71.3077,2.17194,0,0,2.18476,0.170105,0.36288,3.6288,61.308,0.472039,0,0,0.789566,0.198546,0.118981,0.66528,12.849,1,0.388531,0.36288,0,38.3648,4.25418,34.085,0.84672,12.849,0.84672,3695.15,0,0,0,0.664943,1.63816,4.16979,1.00698,5.46592,0.42336,0,0.42336,460.49,0,1.02816,0,0,1.6931,0.664943,1.028160,1,0,39.6699,0,0,0,39.6699,0
70.6221,2.1705,0,0,2.00783,0.160002,0.36288,3.6288,61.308,0.472702,0,0,0.768502,0.208424,0.0873758,0.66528,12.849,1,0.391105,0.36288,0,35.152,4.44981,30.674,0.84672,12.849,0.84672,3695.15,0,0,0,0.649365,1.63889,4.05223,1.06037,5.28011,0.42336,0,0.42336,460.49,0,1.02816,0,0,1.67753,0.649365,1.028160,1,0,36.0415,0,0,0,36.0415,0
69.8644,2.16825,0,0,1.90547,0.132077,0.36288,3.6288,61.2834,0.473365,0,0,0.684012,0.235207,0,0.66528,12.849,1,0.394491,0.36288,0,33.9632,4.97482,28.9568,0.84672,12.849,0.84672,3695.15,0,0,0,0.442428,1.63961,3.66595,1.19772,4.55027,0.42336,0,0.42336,460.49,0,1.02816,0,0,1.47059,0.442428,1.028160,1,0,33.5071,0,0,0,33.5071,0
69.0413,2.14619,0,0,1.79558,0.109623,0.36288,3.6288,61.1956,0.516376,0,0,0.676218,0.247697,0,0.66528,12.849,1,0.394714,0.36288,0,29.9346,5.19047,24.7123,0.84672,12.849,0.84672,3695.15,0,0,0,0.395254,1.64034,3.11602,1.22105,3.93055,0.42336,0,0.42336,460.49,0,1.02816,0,0,1.42341,0.395254,1.028160,1,0,28.6428,0,0,0,28.6428,0
68.1004,2.14317,0,0,1.6741,0.108926,0.36288,3.6288,61.0807,0.517059,0,0,0.649737,0.24756,0,0.66528,12.849,1,0.398857,0.36288,0,29.5388,5.19047,24.3123,0.84672,12.849,0.84672,3695.15,0,0,0,0.337885,1.66947,3.184,1.22105,3.9703,0.42336,0,0.42336,460.49,0,1.02816,0,0,1.36604,0.337885,1.028160,1,0,28.2826,0,0,0,28.2826,0
67.0064,2.13948,0,0,1.51648,0.108129,0.36288,3.6288,60.9365,0.517741,0,0,0.620892,0.24738,0,0.66528,12.849,1,0.403671,0.36288,0,29.029,5.19047,23.7978,0.84672,12.849,0.84672,3695.15,0,0,0,0.27,1.67021,3.00792,1.22105,3.72708,0.42336,0,0.42336,460.49,0,1.02816,0,0,1.29816,0.27,1.028160,1,0,27.5248,0,0,0,27.5248,0
65.7868,2.13489,0,0,1.38078,0.102632,0.36288,3.6288,60.6319,0.63369,0,0,0.587179,0.258097,0,0.66528,12.849,1,0.409382,0.36288,0,25.5539,5.33162,20.1758,0.84672,12.849,0.84672,3695.15,0,0,0,0.261274,1.67095,2.91945,1.27258,3.57909,0.42336,0,0.42336,460.49,0,0.912894,0,0,1.17417,0.261274,1.028160,1,0,23.7549,0,0,0,23.7549,0
64.5436,2.17918,0,0,1.37706,0.0782143,0.36288,3.6288,60.1,0.762451,0,0,0.541667,0.311067,0,0.66528,12.849,1,0.425622,0.36288,0,23.5894,5.91435,17.6123,0.84672,12.849,0.84672,3695.15,0,0,0,0.261274,1.67169,2.76632,1.46548,3.2338,0.42336,0,0.42336,460.49,0,0.822623,0,0,1.0839,0.261274,1.028160,1,0,20.8461,0,0,0,20.8461,0
63.5533,2.1733,0,0,1.61801,0.07207,0.36288,3.6288,59.9216,0.577054,0,0,0.710065,0.311379,0,0.66528,12.849,1,0.43265,0.36288,0,31.3149,5.86184,25.3833,0.84672,12.849,0.84672,3695.15,0,0,0,0.261274,1.71277,3.19166,1.45048,3.71522,0.42336,0,0.42336,460.49,0,1.00872,0,0,1.26999,0.261274,1.028160,1,0,29.0985,0,0,0,29.0985,0
62.4231,2.16865,0,0,1.47276,0.0714947,0.36288,3.6288,59.638,0.558313,0,0,0.585669,0.311025,0,0.66528,12.849,1,0.438451,0.36288,0,25.2226,5.86184,19.2852,0.84672,12.849,0.84672,3695.15,0,0,0,0.269266,1.71352,2.96579,1.45048,3.4981,0.42336,0,0.42336,460.49,0,1.02816,0,0,1.29743,0.269266,1.028160,1,0,22.7833,0,0,0,22.7833,0
61.1658,2.16302,0,0,1.33946,0.070838,0.36288,3.6288,59.1536,0.719389,0,0,0.545427,0.310462,0,0.66528,12.849,1,0.445231,0.36288,0,23.5132,5.86184,17.569,0.84672,12.849,0.84672,3695.15,0,0,0,0.227405,1.71428,2.6431,1.45048,3.1343,0.42336,0,0.42336,460.49,0,0.867784,0,0,1.09519,0.227405,1.028160,1,0,20.7033,0,0,0,20.7033,0
59.8793,2.30043,0,0,1.43336,0.0565469,0.36288,3.6288,58.7777,0.66528,0,0,0.602636,0.313234,0,0.66528,12.849,1,0.483247,0.36288,0,22.4539,5.91381,16.4197,0.84672,12.849,0.84672,3695.15,0,0,0,0.277301,1.71504,3.50015,1.48768,4.00481,0.42336,0,0.42336,460.49,0,1.02816,0,0,1.30546,0.277301,1.028160,1,0,20.4245,0,0,0,20.4245,0
58.6253,2.29289,0,0,1.43973,0.0379221,0.36288,3.6288,58.1877,0.802379,0,0,0.525232,0.312867,0,0.66528,12.849,1,0.492012,0.36288,0,20.5791,5.78204,14.6679,0.84672,12.849,0.84672,3695.15,0,0,0,0.227405,1.85407,2.98783,1.52838,3.54093,0.42336,0,0.42336,460.49,0,0.891061,0,0,1.11847,0.227405,1.028160,1,0,18.2089,0,0,0,18.2089,0
57.2031,2.28526,0,0,1.26342,0.0374668,0.36288,3.6288,57.5535,0.829215,0,0,0.50671,0.311681,0,0.66528,12.849,1,0.500865,0.36288,0,26.1598,5.78204,20.2398,0.84672,12.849,0.84672,3695.15,0,0,0,0.204422,1.85489,2.86916,1.52838,3.4001,0.42336,0,0.42336,460.49,0,0.864225,0,0,1.06865,0.204422,1.028160,1,0,23.6399,0,0,0,23.6399,0
55.8175,2.2761,0,0,1.29033,0.0369505,0.36288,3.6288,57.0557,0.76864,0,0,0.581251,0.310406,0,0.66528,12.849,1,0.511258,0.36288,0,22.6608,5.78204,16.7304,0.84672,12.849,0.84672,3695.15,0,0,0,0.204422,1.85571,2.97957,1.52838,3.51133,0.42336,0,0.42336,460.49,0,0.9248,0,0,1.12922,0.204422,1.028160,1,0,20.2417,0,0,0,20.2417,0
54.4523,2.26678,0,0,1.30194,0.0375512,0.36288,3.6288,56.6733,0.66528,0,0,0.585644,0.302696,0,0.66528,12.849,1,0.521805,0.36288,0,22.993,5.59719,17.2369,0.84672,12.849,0.84672,3695.15,0,0,0,0.376937,1.85653,3.81105,1.45642,4.58809,0.42336,0,0.42336,460.49,0,1.02816,0,0,1.4051,0.376937,1.028160,1,0,21.825,0,0,0,21.825,0
53.2618,2.18832,0,0,1.37384,0.013108,0.36288,3.6288,55.9006,0.831321,0,0,0.450161,0.391582,0,0.66528,12.849,1,0.516374,0.36288,0,22.6677,6.59633,15.9179,0.84672,12.849,0.84672,3695.15,0,0,0,0.204422,1.85734,2.37663,1.6165,2.82189,0.42336,0,0.42336,460.49,0,0.813905,0,0,1.01833,0.204422,1.028160,1,0,18.7398,0,0,0,18.7398,0
51.9639,2.17998,0,0,1.35936,0.114418,0.36288,3.6288,55.4559,0.671411,0,0,0.543968,0.317257,0,0.66528,12.849,1,0.525904,0.36288,0,20.753,4.73697,15.853,0.84672,12.849,0.84672,3695.15,0,0,0,0.216518,1.77796,2.71164,1.15859,3.54753,0.42336,0,0.42336,460.49,0,0.97454,0,0,1.19106,0.216518,1.028160,1,0,19.4006,0,0,0,19.4006,0
50.7798,2.17041,0,0,1.47243,0.123219,0.36288,3.6288,55.1625,0.622456,0,0,0.649271,0.320209,0,0.66528,12.849,1,0.536672,0.36288,0,22.7718,4.80207,17.796,0.84672,12.849,0.84672,3695.15,0,0,0,0.216518,1.77874,3.10822,1.19587,3.90762,0.42336,0,0.42336,460.49,0,1.02422,0,0,1.24074,0.216518,1.028160,1,0,21.7036,0,0,0,21.7036,0
49.6328,2.16137,0,0,1.49892,0.121708,0.36288,3.6288,54.8875,0.619242,0,0,0.663837,0.319592,0,0.66528,12.849,1,0.546899,0.36288,0,32.3751,4.80207,27.389,0.84672,12.849,0.84672,3695.15,0,0,0,0.296914,1.77953,3.34792,1.19587,4.2285,0.42336,0,0.42336,460.49,0,1.02816,0,0,1.32507,0.296914,1.028160,1,0,31.6175,0,0,0,31.6175,0
50.0876,2.04355,0,0,3.01758,0.156321,0.36288,3.6288,55.1235,0.611015,0,0,1.1293,0.282251,0,0.66528,12.849,1,0.529038,0.36288,0,55.0136,4.53045,50.317,0.84672,12.849,0.84672,3695.15,0,0,0,1.30735,1.78031,5.66935,1.14629,7.61072,0.42336,0,0.42336,460.49,0,1.02816,0,0,2.33551,1.30735,1.028160,1,0,57.9278,0,0,0,57.9278,0
49.1975,2.10153,0,0,1.75859,0.184265,0.36288,3.6288,54.9412,0.544829,0,0,0.61754,0.255075,0,0.66528,12.849,1,0.539106,0.36288,0,31.1329,4.32673,26.6299,0.84672,12.849,0.84672,3695.15,0,0,0,0.830909,1.74853,3.10071,1.10911,4.57104,0.42336,0,0.42336,460.49,0,1.02816,0,0,1.85907,0.830909,1.028160,1,0,31.2009,0,0,0,31.2009,0
48.1486,1.98268,0,0,1.47923,0.182526,0.36288,3.6288,54.5558,0.66528,0,0,0.534629,0.254769,0,0.66528,12.849,1,0.517821,0.36288,0,21.6991,4.32673,17.2174,0.84672,12.849,0.84672,3695.15,0,0,0,0.556839,1.71015,3.72225,1.10911,4.88012,0.42336,0,0.42336,460.49,0,1.02816,0,0,1.585,0.556839,1.028160,1,0,22.0975,0,0,0,22.0975,0
47.5952,1.97524,0,0,1.97169,0.187017,0.36288,3.6288,54.3809,0.66528,0,0,0.742219,0.251803,0,0.66528,12.849,1,0.527115,0.36288,0,38.186,4.25525,33.7666,0.84672,12.849,0.84672,3695.15,0,0,0,1.13238,1.79358,5.30639,1.09873,7.13362,0.42336,0,0.42336,460.49,0,1.02816,0,0,2.16054,1.13238,1.028160,1,0,40.9002,0,0,0,40.9002,0
49.8108,1.81508,0,0,4.62008,0.22655,0.36288,3.6288,54.8746,0.528603,0,0,1.25556,0.233283,0,0.66528,12.849,1,0.490005,0.36288,0,53.8652,4.09472,49.6434,0.84672,12.849,0.84672,3695.15,0,0,0,1.51308,1.79393,9.32024,1.06781,11.5594,0.42336,0,0.42336,460.49,0,1.02816,0,0,2.54124,1.51308,1.028160,1,0,61.2028,0,0,0,61.2028,0
50.7719,1.94447,0,0,3.50454,0.236089,0.36288,3.6288,55.4251,0.38932,0,0,1.16305,0.223181,0,0.66528,12.849,1,0.501589,0.36288,0,49.0313,4.76574,44.1269,0.84672,12.849,0.84672,3695.15,0,0,0,0.929612,1.63473,8.69236,1.14625,10.1104,0.42336,0,0.42336,460.49,0,1.02816,0,0,1.95777,0.929612,1.028160,1,0,54.2373,0,0,0,54.2373,0
54.8286,1.95291,0,0,6.61099,0.238494,0.36288,3.6288,56.8123,0.389943,0,0,2.00112,0.223991,0,0.66528,12.849,1,0.494229,0.36288,0,131.352,4.76574,126.455,0.84672,12.849,0.84672,3695.15,0,0,0,1.82773,1.55354,10.802,1.14625,13.037,0.42336,0,0.42336,460.49,0,1.02816,0,0,2.85589,1.82773,1.028160,1,0,139.492,0,0,0,139.492,0
58.3314,1.98341,0,0,6.08482,0.235741,0.36288,3.6288,57.8063,0.390567,0,0,1.6156,0.231032,0,0.66528,12.849,1,0.464808,0.36288,0,114.301,4.02192,110.177,0.84672,12.849,0.84672,3695.15,0,0,0,2.82058,1.55422,10.4654,1.05434,13.7858,0.42336,0,0.42336,460.49,0,1.02816,0,0,3.84874,2.82058,1.028160,1,0,123.963,0,0,0,123.963,0
60.6885,2.00716,0,0,4.9712,0.244049,0.36288,3.6288,58.1446,0.391191,0,0,0.962021,0.232526,0,0.66528,12.849,1,0.442129,0.36288,0,87.1154,4.02192,83.0142,0.84672,12.849,0.84672,3695.15,0,0,0,1.32831,1.5549,9.48897,1.05434,11.3178,0.42336,0,0.42336,460.49,0,1.02816,0,0,2.35647,1.32831,1.028160,1,0,94.3321,0,0,0,94.3321,0
61.6359,2.08555,0,0,3.63417,0.238269,0.36288,3.6288,58.6439,0.437714,0,0,1.19434,0.25732,0,0.66528,12.849,1,0.441554,0.36288,0,65.0981,4.84416,60.1752,0.84672,12.849,0.84672,3695.15,0,0,0,1.5898,1.55559,8.28127,1.30392,10.1227,0.42336,0,0.42336,460.49,0,1.02816,0,0,2.61796,1.5898,1.028160,1,0,70.298,0,0,0,70.298,0
63.404,2.09206,0,0,4.4613,0.238256,0.36288,3.6288,59.7511,0.438338,0,0,1.8077,0.26221,0,0.66528,12.849,1,0.436123,0.36288,0,144.42,4.9812,139.366,0.84672,12.849,0.84672,3695.15,0,0,0,2.38207,1.60611,11.9591,1.34552,14.6018,0.42336,0,0.42336,460.49,0,1.02816,0,0,3.41023,2.38207,1.028160,1,0,153.968,0,0,0,153.968,0
66.7153,2.10307,0,0,6.01896,0.241733,0.36288,3.6288,61.308,0.438963,0,0,2.5553,0.264076,0.295329,0.66528,12.849,1,0.426192,0.36288,0,118.918,4.9812,113.874,0.84672,12.849,0.84672,3695.15,0,0,0,3.24639,1.6068,14.1712,1.34552,17.6789,0.42336,0,0.42336,460.49,0,1.02816,0,0,4.27455,3.24639,1.028160,1,0,131.848,0,0,0,131.848,0
72.29,2.12171,0,0,9.96745,0.24961,2.02146,3.6288,61.308,0.439588,0,0,4.23158,0.264947,3.52704,0.66528,12.849,1,0.408629,2.02146,0,323.668,4.88529,320.396,0.84672,12.849,0.84672,3695.15,0,0,0,5.23503,1.60748,20.1165,1.3197,25.6393,0.42336,0,0.42336,460.49,0,1.02816,0,0,6.26319,5.23503,1.028160,1,0,349.562,0,0,0,349.562,0
72.29,2.35902,0,0,8.86433,0.28086,6.22445,3.6288,61.308,0.612862,0,0,2.44982,0.243417,1.59354,0.66528,12.849,1,0.419299,6.22445,0,185.243,4.28352,186.765,0.84672,12.849,0.84672,3695.15,0,0,0,2.77481,1.60817,12.5928,1.23311,15.7427,0.42336,0,0.42336,460.49,0,1.02816,0,0,3.80297,2.77481,1.028160,1,0,204.101,0,0,0,204.101,0
72.29,2.36003,0,0,5.37144,0.324105,2.6873,3.6288,61.308,0.61356,0,0,1.91109,0.262192,1.03534,0.66528,12.849,1,0.419477,2.6873,0,114.183,4.6914,111.759,0.84672,12.849,0.84672,3695.15,0,0,0,1.54899,1.78851,7.89739,1.40516,9.82973,0.42336,0,0.42336,460.49,0,1.02816,0,0,2.57715,1.54899,1.028160,1,0,122.624,0,0,0,122.624,0
72.29,2.36103,0,0,4.56329,0.324105,1.87815,3.6288,61.308,0.614259,0,0,2.05172,0.262192,1.17527,0.66528,12.849,1,0.419656,1.87815,0,136.123,4.6914,132.89,0.84672,12.849,0.84672,3695.15,0,0,0,2.52007,1.78927,10.4441,1.40516,13.3483,0.42336,0,0.42336,460.49,0,1.02816,0,0,3.54823,2.52007,1.028160,1,0,147.414,0,0,0,147.414,0
72.29,2.36204,0,0,5.59132,0.334376,2.89491,3.6288,61.308,0.614958,0,0,2.84818,0.240783,1.99244,0.66528,12.849,1,0.419834,2.89491,0,165.967,4.57818,163.864,0.84672,12.849,0.84672,3695.15,0,0,0,3.81912,1.79003,15.7302,1.31138,20.0279,0.42336,0,0.42336,460.49,0,1.02816,0,0,4.84728,3.81912,1.028160,1,0,185.885,0,0,0,185.885,0
72.29,2.06351,0,0,8.11219,0.334027,5.71465,3.6288,61.308,0.383565,0,0,3.30388,0.195581,2.72473,0.66528,12.849,1,0.366773,5.71465,0,216.337,4.03372,217.651,0.84672,12.849,0.84672,3695.15,0,0,0,7.22798,1.7908,19.5965,1.02865,27.5866,0.42336,0,0.42336,460.49,0,1.02816,0,0,8.25614,7.22798,1.028160,1,0,247.962,0,0,0,247.962,0
72.29,2.06439,0,0,7.77142,0.324492,5.38254,3.6288,61.308,0.384165,0,0,2.84165,0.173309,2.28418,0.66528,12.849,1,0.366929,5.38254,0,209.155,3.5785,210.593,0.84672,12.849,0.84672,3695.15,0,0,0,5.27182,1.54613,17.7179,0.866348,23.6695,0.42336,0,0.42336,460.49,0,1.02816,0,0,6.29998,5.27182,1.028160,1,0,236.546,0,0,0,236.546,0
72.29,2.06527,0,0,7.87648,0.324492,5.48672,3.6288,61.308,0.384766,0,0,2.1048,0.173309,1.54672,0.66528,12.849,1,0.367085,5.48672,0,233.455,3.5785,234.996,0.84672,12.849,0.84672,3695.15,0,0,0,3.4654,1.54679,14.3024,0.866348,18.4482,0.42336,0,0.42336,460.49,0,1.02816,0,0,4.49356,3.4654,1.028160,1,0,254.991,0,0,0,254.991,0
72.29,2.06614,0,0,5.46435,0.259107,3.1391,3.6288,61.308,0.385366,0,0,1.45137,0.209943,0.856064,0.66528,12.849,1,0.367242,3.1391,0,145.421,4.09249,144.1,0.84672,12.849,0.84672,3695.15,0,0,0,2.13338,1.54745,9.4354,1.03801,12.0782,0.42336,0,0.42336,460.49,0,1.02816,0,0,3.16154,2.13338,1.028160,1,0,157.034,0,0,0,157.034,0
72.29,2.06702,0,0,5.31293,0.208094,3.03781,3.6288,61.308,0.385967,0,0,1.72656,0.219012,1.12158,0.66528,12.849,1,0.367398,3.03781,0,147.379,4.54807,145.502,0.84672,12.849,0.84672,3695.15,0,0,0,1.93126,1.54811,9.95138,1.15522,12.2755,0.42336,0,0.42336,460.49,0,1.02816,0,0,2.95942,1.93126,1.028160,1,0,158.899,0,0,0,158.899,0
72.29,2.14346,0,0,3.67671,0.255889,1.27736,3.6288,61.308,0.443467,0,0,1.32947,0.222413,0.663591,0.66528,12.849,1,0.380983,1.27736,0,85.2042,4.42974,81.6709,0.84672,12.849,0.84672,3695.15,0,0,0,1.56383,1.54877,6.88278,1.03825,8.95712,0.42336,0,0.42336,460.49,0,1.02816,0,0,2.59199,1.56383,1.028160,1,0,91.2916,0,0,0,91.2916,0
72.29,2.14437,0,0,4.71313,0.255889,2.31287,3.6288,61.308,0.444093,0,0,2.34679,0.222413,1.68028,0.66528,12.849,1,0.381145,2.31287,0,117.101,4.42974,114.603,0.84672,12.849,0.84672,3695.15,0,0,0,2.59093,1.61006,10.4722,1.03825,13.6349,0.42336,0,0.42336,460.49,0,1.02816,0,0,3.61909,2.59093,1.028160,1,0,129.919,0,0,0,129.919,0
72.29,2.14528,0,0,4.19787,0.225867,1.82673,3.6288,61.308,0.444718,0,0,1.34718,0.231708,0.670757,0.66528,12.849,1,0.381307,1.82673,0,95.8599,4.59159,92.7138,0.84672,12.849,0.84672,3695.15,0,0,0,1.77165,1.61074,7.97299,1.02435,10.331,0.42336,0,0.42336,460.49,0,1.02816,0,0,2.79981,1.77165,1.028160,1,0,103.716,0,0,0,103.716,0
72.29,2.14619,0,0,3.34923,0.184517,1.01852,3.6288,61.308,0.445344,0,0,1.05862,0.214068,0.399204,0.66528,12.849,1,0.381469,1.01852,0,75.1334,3.90915,71.8613,0.84672,12.849,0.84672,3695.15,0,0,0,1.21182,1.61143,5.54491,0.910418,7.45774,0.42336,0,0.42336,460.49,0,1.02816,0,0,2.23998,1.21182,1.028160,1,0,79.7183,0,0,0,79.7183,0
72.29,2.11751,0,0,2.96166,0.190499,0.653653,3.6288,61.308,0.423833,0,0,1.0658,0.225897,0.416074,0.66528,12.849,1,0.376371,0.653653,0,69.8086,3.69915,66.3867,0.84672,12.849,0.84672,3695.15,0,0,0,1.15456,1.61211,4.85279,0.954084,6.66538,0.42336,0,0.42336,460.49,0,1.02816,0,0,2.18272,1.15456,1.028160,1,0,73.4682,0,0,0,73.4682,0
72.29,2.11841,0,0,2.68752,0.192892,0.376214,3.6288,61.308,0.42445,0,0,1.13192,0.230629,0.476839,0.66528,12.849,1,0.376531,0.376214,0,58.8859,3.61515,55.2705,0.84672,12.849,0.84672,3695.15,0,0,0,1.28503,1.58916,4.9626,0.971551,6.86524,0.42336,0,0.42336,460.49,0,1.02816,0,0,2.31319,1.28503,1.028160,1,0,62.6125,0,0,0,62.6125,0
72.29,2.11931,0,0,2.92228,0.192892,0.610081,3.6288,61.308,0.425066,0,0,0.975681,0.230629,0.319986,0.66528,12.849,1,0.376691,0.610081,0,60.7556,3.61515,57.3739,0.84672,12.849,0.84672,3695.15,0,0,0,0.949121,1.58984,6.08119,0.971551,7.6486,0.42336,0,0.42336,460.49,0,1.02816,0,0,1.97728,0.949121,1.028160,1,0,65.3424,0,0,0,65.3424,0
72.29,2.12021,0,0,2.63678,0.150317,0.366256,3.6288,61.308,0.425683,0,0,0.955109,0.251399,0.278026,0.66528,12.849,1,0.376851,0.366256,0,55.0978,5.25262,49.8346,0.84672,12.849,0.84672,3695.15,0,0,0,1.03424,1.59051,5.11819,1.03611,6.70684,0.42336,0,0.42336,460.49,0,1.02816,0,0,2.0624,1.03424,1.028160,1,0,56.8194,0,0,0,56.8194,0
72.0493,2.22173,0,0,2.44204,0.098137,0.36288,3.6288,61.308,0.504936,0,0,0.952413,0.264306,0.183171,0.66528,12.849,1,0.394895,0.36288,0,40.1689,5.22589,34.911,0.84672,12.849,0.84672,3695.15,0,0,0,0.853114,1.59119,4.61958,1.14908,5.9148,0.42336,0,0.42336,460.49,0,1.02816,0,0,1.88127,0.853114,1.028160,1,0,41.009,0,0,0,41.009,0
71.8601,2.22155,0,0,2.52255,0.12729,0.36288,3.6288,61.308,0.505587,0,0,0.859887,0.247447,0.106854,0.66528,12.849,1,0.396183,0.36288,0,48.5793,4.32369,44.2224,0.84672,12.849,0.84672,3695.15,0,0,0,1.25506,1.67483,4.32852,1.07656,6.18184,0.42336,0,0.42336,460.49,0,1.02816,0,0,2.28322,1.25506,1.028160,1,0,50.511,0,0,0,50.511,0
71.4757,2.22161,0,0,2.32718,0.127107,0.36288,3.6288,61.308,0.506237,0,0,0.878705,0.247447,0.125021,0.66528,12.849,1,0.397236,0.36288,0,46.1192,4.32369,41.7612,0.84672,12.849,0.84672,3695.15,0,0,0,0.594095,1.67554,4.12547,1.07656,5.31854,0.42336,0,0.42336,460.49,0,1.02816,0,0,1.62226,0.594095,1.028160,1,0,47.2047,0,0,0,47.2047,0
70.8757,2.22074,0,0,2.11035,0.126735,0.36288,3.6288,61.308,0.506888,0,0,0.780702,0.247447,0.026367,0.66528,12.849,1,0.399216,0.36288,0,42.4354,4.32369,38.0753,0.84672,12.849,0.84672,3695.15,0,0,0,0.37025,1.67625,3.84864,1.07656,4.81857,0.42336,0,0.42336,460.49,0,1.02816,0,0,1.39841,0.37025,1.028160,1,0,42.9203,0,0,0,42.9203,0
70.042,2.21882,0,0,1.87411,0.126154,0.36288,3.6288,61.308,0.507539,0,0,0.761054,0.247447,0.00606869,0.66528,12.849,1,0.402248,0.36288,0,36.0838,4.32369,31.7208,0.84672,12.849,0.84672,3695.15,0,0,0,0.446299,1.67696,3.80314,1.07656,4.84983,0.42336,0,0.42336,460.49,0,1.02816,0,0,1.47446,0.446299,1.028160,1,0,36.5767,0,0,0,36.5767,0
69.2491,2.19587,0,0,1.8402,0.0743334,0.36288,3.6288,61.308,0.551502,0,0,0.891156,0.289818,0.0498361,0.66528,12.849,1,0.402825,0.36288,0,45.7291,5.75295,39.9362,0.84672,12.849,0.84672,3695.15,0,0,0,0.578871,1.67767,4.31736,1.34106,5.23283,0.42336,0,0.42336,460.49,0,1.02816,0,0,1.60703,0.578871,1.028160,1,0,45.2189,0,0,0,45.2189,0
68.3172,2.19291,0,0,1.69782,0.0738784,0.36288,3.6288,61.308,0.552171,0,0,0.866946,0.289818,0.0249571,0.66528,12.849,1,0.406888,0.36288,0,41.3213,5.75295,35.5244,0.84672,12.849,0.84672,3695.15,0,0,0,0.493439,1.70744,4.06533,1.34106,4.92514,0.42336,0,0.42336,460.49,0,1.02816,0,0,1.5216,0.493439,1.028160,1,0,40.4745,0,0,0,40.4745,0
67.2801,2.18916,0,0,1.58823,0.0733437,0.36288,3.6288,61.2605,0.552841,0,0,0.795165,0.289818,0,0.66528,12.849,1,0.411734,0.36288,0,37.6834,5.75295,31.8816,0.84672,12.849,0.84672,3695.15,0,0,0,0.322073,1.70817,3.96149,1.34106,4.65067,0.42336,0,0.42336,460.49,0,1.02816,0,0,1.35023,0.322073,1.028160,1,0,36.5323,0,0,0,36.5323,0
66.1991,2.18476,0,0,1.53941,0.0727486,0.36288,3.6288,61.1675,0.568994,0,0,0.765729,0.289731,0,0.66528,12.849,1,0.41724,0.36288,0,33.5915,5.75295,27.7841,0.84672,12.849,0.84672,3695.15,0,0,0,0.261274,1.70889,3.92016,1.34106,4.54926,0.42336,0,0.42336,460.49,0,1.01268,0,0,1.27395,0.261274,1.028160,1,0,32.3334,0,0,0,32.3334,0
65.1745,2.23085,0,0,1.61829,0.0491982,0.36288,3.6288,61.0165,0.61449,0,0,0.770049,0.306562,0,0.66528,12.849,1,0.433,0.36288,0,34.7628,5.76168,28.931,0.84672,12.849,0.84672,3695.15,0,0,0,0.261274,1.70961,3.80914,1.44434,4.33569,0.42336,0,0.42336,460.49,0,1.00652,0,0,1.26779,0.261274,1.028160,1,0,33.2667,0,0,0,33.2667,0
64.0495,2.22611,0,0,1.51296,0.04893,0.36288,3.6288,60.8076,0.648536,0,0,0.743083,0.303488,0,0.66528,12.849,1,0.438872,0.36288,0,34.5677,5.63535,28.8563,0.84672,12.849,0.84672,3695.15,0,0,0,0.261274,1.7516,3.67917,1.44309,4.24895,0.42336,0,0.42336,460.49,0,0.973158,0,0,1.23443,0.261274,1.028160,1,0,33.1053,0,0,0,33.1053,0
62.8008,2.22063,0,0,1.3833,0.0484885,0.36288,3.6288,60.5099,0.712416,0,0,0.717803,0.303087,0,0.66528,12.849,1,0.445481,0.36288,0,32.4628,5.63535,26.7449,0.84672,12.849,0.84672,3695.15,0,0,0,0.227405,1.75234,3.50547,1.44309,4.04213,0.42336,0,0.42336,460.49,0,0.909965,0,0,1.13737,0.227405,1.028160,1,0,30.787,0,0,0,30.787,0
61.378,2.21421,0,0,1.18702,0.0327781,0.36288,3.6288,60.1916,0.724231,0,0,0.714856,0.308845,0,0.66528,12.849,1,0.453026,0.36288,0,30.9653,5.89466,24.9805,0.84672,12.849,0.84672,3695.15,0,0,0,0.227405,1.75308,3.48322,1.45836,4.00534,0.42336,0,0.42336,460.49,0,0.898837,0,0,1.12624,0.227405,1.028160,1,0,28.9859,0,0,0,28.9859,0
59.6749,2.35382,0,0,1.05567,0.0420058,0.36288,3.6288,59.7722,0.807538,0,0,0.685817,0.297725,0,0.66528,12.849,1,0.492754,0.36288,0,29.0272,5.71794,23.1794,0.84672,12.849,0.84672,3695.15,0,0,0,0.227405,1.75382,3.31128,1.34201,3.9505,0.42336,0,0.42336,460.49,0,0.885902,0,0,1.11331,0.227405,1.028160,1,0,27.1299,0,0,0,27.1299,0
58.0236,2.34324,0,0,1.09628,0.0414663,0.36288,3.6288,59.4347,0.740958,0,0,0.704696,0.301208,0,0.66528,12.849,1,0.504539,0.36288,0,28.9478,5.4789,23.3272,0.84672,12.849,0.84672,3695.15,0,0,0,0.227405,1.89597,3.0646,1.35601,3.83196,0.42336,0,0.42336,460.49,0,0.952482,0,0,1.17989,0.227405,1.028160,1,0,27.1592,0,0,0,27.1592,0
56.4317,2.33247,0,0,1.14426,0.0408094,0.36288,3.6288,59.1747,0.66528,0,0,0.70581,0.300559,0,0.66528,12.849,1,0.516513,0.36288,0,28.8893,5.4789,23.2568,0.84672,12.849,0.84672,3695.15,0,0,0,0.253264,1.89677,3.43786,1.35601,4.23188,0.42336,0,0.42336,460.49,0,1.02816,0,0,1.28142,0.253264,1.028160,1,0,27.4887,0,0,0,27.4887,0
55.0337,2.32159,0,0,1.32668,0.0401762,0.36288,3.6288,58.9472,0.66528,0,0,0.737856,0.300059,0,0.66528,12.849,1,0.528605,0.36288,0,27.5647,5.4789,21.9201,0.84672,12.849,0.84672,3695.15,0,0,0,0.210013,1.89757,4.28938,1.35601,5.04096,0.42336,0,0.42336,460.49,0,1.02816,0,0,1.23817,0.210013,1.028160,1,0,26.961,0,0,0,26.961,0
53.2905,2.31168,0,0,0.977409,0.0461197,0.36288,3.6288,58.5765,0.709387,0,0,0.63841,0.299742,0,0.66528,12.849,1,0.539719,0.36288,0,26.8028,5.5122,21.1138,0.84672,12.849,0.84672,3695.15,0,0,0,0.204422,1.89838,2.92958,1.34949,3.68289,0.42336,0,0.42336,460.49,0,0.984053,0,0,1.18848,0.204422,1.028160,1,0,24.7967,0,0,0,24.7967,0
51.3499,2.2283,0,0,0.71483,0.0642354,0.36288,3.6288,57.8275,1.03005,0,0,0.563026,0.281981,0,0.66528,12.849,1,0.53727,0.36288,0,24.3677,5.48937,18.704,0.84672,12.849,0.84672,3695.15,0,0,0,0.204422,1.89918,2.83703,1.3522,3.58843,0.42336,0,0.42336,460.49,0,0.652208,0,0,0.85663,0.204422,1.028160,1,0,22.2924,0,0,0,22.2924,0
50.1636,2.21299,0,0,1.45425,0.0646619,0.36288,3.6288,57.8426,0.654807,0,0,0.947646,0.277768,0,0.66528,12.849,1,0.553745,0.36288,0,26.4083,5.47816,20.7393,0.84672,12.849,0.84672,3695.15,0,0,0,0.602744,1.81798,4.7554,1.35411,5.82202,0.42336,0,0.42336,460.49,0,1.02816,0,0,1.6309,0.602744,1.028160,1,0,26.5613,0,0,0,26.5613,0
48.1869,2.2035,0,0,0.653562,0.0638622,0.36288,3.6288,57.1076,1.0117,0,0,0.554556,0.277795,0,0.66528,12.849,1,0.564408,0.36288,0,22.6784,5.47816,16.9987,0.84672,12.849,0.84672,3695.15,0,0,0,0.216518,1.81875,2.5707,1.35411,3.25186,0.42336,0,0.42336,460.49,0,0.671976,0,0,0.888494,0.216518,1.028160,1,0,20.2505,0,0,0,20.2505,0
46.3391,2.16199,0,0,0.739594,0.0625209,0.36288,3.6288,56.4076,1.07362,0,0,0.650067,0.276476,0,0.66528,12.849,1,0.576492,0.36288,0,18.2052,5.47816,12.5134,0.84672,12.849,0.84672,3695.15,0,0,0,0.216518,1.81952,2.8626,1.35411,3.54453,0.42336,0,0.42336,460.49,0,0.619825,0,0,0.836343,0.216518,1.028160,1,0,16.0579,0,0,0,16.0579,0
45.7939,2.08944,0,0,2.0508,0.143669,0.36288,3.6288,56.3594,0.609301,0,0,0.825737,0.264592,0,0.66528,12.849,1,0.579362,0.36288,0,21.3134,4.44014,16.6568,0.84672,12.849,0.84672,3695.15,0,0,0,0.757754,1.83819,5.5548,1.14362,7.00713,0.42336,0,0.42336,460.49,0,1.02816,0,0,1.78591,0.757754,1.028160,1,0,23.6639,0,0,0,23.6639,0
44.5287,2.02495,0,0,1.23361,0.111024,0.36288,3.6288,55.2761,1.21446,0,0,0.368078,0.236966,0,0.66528,12.849,1,0.568167,0.36288,0,12.7156,4.13689,8.37339,0.84672,12.849,0.84672,3695.15,0,0,0,0.216518,1.76523,2.94937,1.09528,3.83584,0.42336,0,0.42336,460.49,0,0.478984,0,0,0.695503,0.216518,1.028160,1,0,12.2092,0,0,0,12.2092,0
43.67,2.01384,0,0,1.62742,0.109454,0.36288,3.6288,55.2131,0.66528,0,0,0.837571,0.235291,0,0.66528,12.849,1,0.581103,0.36288,0,17.0126,4.13689,12.6575,0.84672,12.849,0.84672,3695.15,0,0,0,0.745252,1.81093,5.24248,1.09528,6.70338,0.42336,0,0.42336,460.49,0,1.02816,0,0,1.77341,0.745252,1.028160,1,0,19.3609,0,0,0,19.3609,0
45.5962,2.00641,0,0,4.40397,0.108388,0.36288,3.6288,56.2594,0.66528,0,0,1.9468,0.235193,0,0.66528,12.849,1,0.590347,0.36288,0,50.8127,4.13689,46.4483,0.84672,12.849,0.84672,3695.15,0,0,0,2.17584,1.81127,9.13715,1.09528,12.029,0.42336,0,0.42336,460.49,0,1.02816,0,0,3.204,2.17584,1.028160,1,0,58.4773,0,0,0,58.4773,0
45.4373,1.86846,0,0,2.2298,0.157373,0.36288,3.6288,56.6163,0.525052,0,0,1.08212,0.200159,0,0.66528,12.849,1,0.526532,0.36288,0,27.756,3.73833,23.854,0.84672,12.849,0.84672,3695.15,0,0,0,0.492169,1.81161,5.30489,0.925998,6.68267,0.42336,0,0.42336,460.49,0,1.02816,0,0,1.52033,0.492169,1.028160,1,0,30.5367,0,0,0,30.5367,0
45.114,1.74229,0,0,1.96425,0.182411,0.36288,3.6288,56.8765,0.66528,0,0,1.12263,0.1972,0,0.66528,12.849,1,0.492694,0.36288,0,57.969,4.67565,53.1636,0.84672,12.849,0.84672,3695.15,0,0,0,0.916859,1.64883,4.98919,1.06415,6.49073,0.42336,0,0.42336,460.49,0,1.02816,0,0,1.94502,0.916859,1.028160,1,0,59.6543,0,0,0,59.6543,0
43.965,1.74084,0,0,1.13642,0.181749,0.36288,3.6288,56.5024,0.99919,0,0,0.822614,0.197534,0,0.66528,12.849,1,0.495812,0.36288,0,42.7556,4.67565,37.9471,0.84672,12.849,0.84672,3695.15,0,0,0,0.412474,1.74376,3.99895,1.06415,5.09104,0.42336,0,0.42336,460.49,0,0.69425,0,0,1.10672,0.412474,1.028160,1,0,43.0381,0,0,0,43.0381,0
42.4548,1.7321,0,0,0.764234,0.179396,0.36288,3.6288,55.6931,1.21874,0,0,0.606515,0.197054,0,0.66528,12.849,1,0.506217,0.36288,0,28.0336,4.67565,23.2146,0.84672,12.849,0.84672,3695.15,0,0,0,0.412474,1.74407,3.06447,1.06415,4.15687,0.42336,0,0.42336,460.49,0,0.474699,0,0,0.887172,0.412474,1.028160,1,0,27.3715,0,0,0,27.3715,0
42.1572,1.71956,0,0,1.98187,0.197078,0.36288,3.6288,55.7359,0.66528,0,0,0.915261,0.207134,0,0.66528,12.849,1,0.520427,0.36288,0,34.3518,3.76837,30.4259,0.84672,12.849,0.84672,3695.15,0,0,0,0.792383,1.74439,5.05771,1.04566,6.54882,0.42336,0,0.42336,460.49,0,1.02816,0,0,1.82054,0.792383,1.028160,1,0,36.9747,0,0,0,36.9747,0
41.3288,1.77815,0,0,1.52914,0.21649,0.36288,3.6288,55.8268,0.66528,0,0,0.915677,0.159489,0,0.66528,12.849,1,0.541958,0.36288,0,45.92,3.69143,42.0495,0.84672,12.849,0.84672,3695.15,0,0,0,0.995648,1.7447,6.26581,0.722365,8.28379,0.42336,0,0.42336,460.49,0,1.02816,0,0,2.02381,0.995648,1.028160,1,0,50.3333,0,0,0,50.3333,0
40.2876,1.80693,0,0,1.34758,0.218931,0.36288,3.6288,56.1527,0.66528,0,0,1.14918,0.158018,0,0.66528,12.849,1,0.561768,0.36288,0,36.5603,3.85864,32.5028,0.84672,12.849,0.84672,3695.15,0,0,0,0.987777,1.79597,7.13775,0.646731,9.27476,0.42336,0,0.42336,460.49,0,1.02816,0,0,2.01594,0.987777,1.028160,1,0,41.7776,0,0,0,41.7776,0
40.0458,1.79718,0,0,2.13449,0.216248,0.36288,3.6288,56.563,0.66528,0,0,1.23391,0.158355,0,0.66528,12.849,1,0.573178,0.36288,0,38.1149,3.85864,34.046,0.84672,12.849,0.84672,3695.15,0,0,0,1.30779,1.76882,8.27689,0.646731,10.7068,0.42336,0,0.42336,460.49,0,1.02816,0,0,2.33595,1.30779,1.028160,1,0,44.7528,0,0,0,44.7528,0
40.8863,1.79582,0,0,3.22345,0.224276,0.36288,3.6288,57.1085,0.66528,0,0,1.37064,0.159919,0,0.66528,12.849,1,0.576203,0.36288,0,62.4192,3.92602,58.2799,0.84672,12.849,0.84672,3695.15,0,0,0,1.50148,1.76913,10.2317,0.684432,12.8179,0.42336,0,0.42336,460.49,0,1.02816,0,0,2.52964,1.50148,1.028160,1,0,71.0978,0,0,0,71.0978,0
42.1915,1.99814,0,0,3.94188,0.275686,0.36288,3.6288,57.8638,0.66528,0,0,1.59092,0.170322,0,0.66528,12.849,1,0.62794,0.36288,0,76.9467,4.28863,72.393,0.84672,12.849,0.84672,3695.15,0,0,0,1.89898,1.76944,10.5416,0.952959,13.257,0.42336,0,0.42336,460.49,0,1.02816,0,0,2.92714,1.89898,1.028160,1,0,85.6501,0,0,0,85.6501,0
45.1273,2.14967,0,0,5.72006,0.271646,0.36288,3.6288,58.0491,0.66528,0,0,1.02921,0.178631,0,0.66528,12.849,1,0.654662,0.36288,0,73.4564,4.18446,68.9802,0.84672,12.849,0.84672,3695.15,0,0,0,1.24424,1.9534,7.74008,1.05877,9.87896,0.42336,0,0.42336,460.49,0,1.02816,0,0,2.2724,1.24424,1.028160,1,0,78.8591,0,0,0,78.8591,0
44.8897,2.18426,0,0,2.59044,0.280938,0.36288,3.6288,57.6921,0.843031,0,0,0.664936,0.178845,0,0.66528,12.849,1,0.621919,0.36288,0,38.3689,4.18446,33.9254,0.84672,12.849,0.84672,3695.15,0,0,0,0.608429,1.85051,4.74765,1.05877,6.14783,0.42336,0,0.42336,460.49,0,0.850409,0,0,1.45884,0.608429,1.028160,1,0,40.0733,0,0,0,40.0733,0
44.7161,2.18313,0,0,2.61992,0.247475,0.36288,3.6288,57.1585,0.937146,0,0,0.596085,0.192522,0,0.66528,12.849,1,0.624889,0.36288,0,34.6581,4.09699,30.2991,0.84672,12.849,0.84672,3695.15,0,0,0,0.608429,1.85086,4.87883,1.00019,6.33793,0.42336,0,0.42336,460.49,0,0.756294,0,0,1.36472,0.608429,1.028160,1,0,36.637,0,0,0,36.637,0
46.6416,1.90259,0,0,4.43562,0.244727,0.36288,3.6288,57.7295,0.449577,0,0,1.22336,0.202786,0,0.66528,12.849,1,0.546701,0.36288,0,75.9891,4.17133,71.6339,0.84672,12.849,0.84672,3695.15,0,0,0,0.879708,1.8512,7.603,1.05925,9.27467,0.42336,0,0.42336,460.49,0,1.02816,0,0,1.90787,0.879708,1.028160,1,0,80.9086,0,0,0,80.9086,0
50.955,1.73562,0,0,6.6562,0.24428,0.36288,3.6288,57.5909,0.803701,0,0,0.896011,0.23096,0,0.66528,12.849,1,0.478136,0.36288,0,112.791,4.35718,108.318,0.84672,12.849,0.84672,3695.15,0,0,0,0.608429,1.6007,7.71422,1.2069,8.71645,0.42336,0,0.42336,460.49,0,0.889739,0,0,1.49817,0.608429,1.028160,1,0,117.035,0,0,0,117.035,0
54.3788,1.98543,0,0,6.02803,0.255912,0.36288,3.6288,58.3287,0.41598,0,0,1.3845,0.230753,0,0.66528,12.849,1,0.500654,0.36288,0,120.32,4.35718,115.825,0.84672,12.849,0.84672,3695.15,0,0,0,1.51594,1.73977,13.0577,1.2069,15.1065,0.42336,0,0.42336,460.49,0,1.02816,0,0,2.5441,1.51594,1.028160,1,0,130.931,0,0,0,130.931,0
58.1907,1.79324,0,0,6.24616,0.278118,0.36288,3.6288,58.4995,0.66528,0,0,1.02908,0.19296,0,0.66528,12.849,1,0.423719,0.36288,0,107.775,4.28136,103.432,0.84672,12.849,0.84672,3695.15,0,0,0,0.900141,1.58164,12.0067,1.11568,13.3728,0.42336,0,0.42336,460.49,0,1.02816,0,0,1.9283,0.900141,1.028160,1,0,116.805,0,0,0,116.805,0
62.5004,2.03809,0,0,7.00492,0.294247,0.36288,3.6288,59.9538,0.417157,0,0,2.04911,0.177597,0,0.66528,12.849,1,0.450027,0.36288,0,71.34,4.25103,67.0018,0.84672,12.849,0.84672,3695.15,0,0,0,2.60619,1.74037,14.8209,1.0792,18.0882,0.42336,0,0.42336,460.49,0,1.02816,0,0,3.63435,2.60619,1.028160,1,0,85.09,0,0,0,85.09,0
65.0682,2.14011,0,0,5.34431,0.273538,0.36288,3.6288,60.538,0.475898,0,0,1.28694,0.226856,0,0.66528,12.849,1,0.439969,0.36288,0,72.6391,4.32317,68.2388,0.84672,12.849,0.84672,3695.15,0,0,0,1.19207,1.58292,9.88571,1.1027,11.558,0.42336,0,0.42336,460.49,0,1.02816,0,0,2.22023,1.19207,1.028160,1,0,79.7968,0,0,0,79.7968,0
65.6643,2.15548,0,0,3.43513,0.320698,0.36288,3.6288,60.27,0.875947,0,0,0.829518,0.22157,0,0.66528,12.849,1,0.425643,0.36288,0,45.2789,3.81307,41.403,0.84672,12.849,0.84672,3695.15,0,0,0,0.528595,1.64554,4.75506,1.16848,5.76072,0.42336,0,0.42336,460.49,0,0.628724,0,0,1.15732,0.528595,1.028160,1,0,47.1637,0,0,0,47.1637,0
65.795,2.15959,0,0,2.97541,0.322232,0.36288,3.6288,59.9295,0.918429,0,0,0.799139,0.221193,0,0.66528,12.849,1,0.422583,0.36288,0,38.5854,3.81307,34.7126,0.84672,12.849,0.84672,3695.15,0,0,0,0.528595,1.64621,4.86354,1.16848,5.86987,0.42336,0,0.42336,460.49,0,0.586855,0,0,1.11545,0.528595,1.028160,1,0,40.5825,0,0,0,40.5825,0
65.551,2.16117,0,0,2.60269,0.322569,0.36288,3.6288,59.9258,0.69301,0,0,0.909939,0.220713,0,0.66528,12.849,1,0.422052,0.36288,0,33.1993,3.81307,29.327,0.84672,12.849,0.84672,3695.15,0,0,0,0.528595,1.64688,5.72358,1.16848,6.73057,0.42336,0,0.42336,460.49,0,0.812886,0,0,1.34148,0.528595,1.028160,1,0,36.0576,0,0,0,36.0576,0
65.7429,2.13096,0,0,2.94463,0.258867,0.36288,3.6288,59.9374,0.607496,0,0,0.811711,0.192604,0,0.66528,12.849,1,0.417701,0.36288,0,39.4978,3.67691,35.766,0.84672,12.849,0.84672,3695.15,0,0,0,0.528595,1.64755,5.22871,1.12579,6.27907,0.42336,0,0.42336,460.49,0,0.87639,0,0,1.40498,0.528595,1.028160,1,0,42.0451,0,0,0,42.0451,0
65.5503,2.13285,0,0,2.56948,0.266381,0.36288,3.6288,59.6746,0.801653,0,0,0.722926,0.184034,0,0.66528,12.849,1,0.41685,0.36288,0,34.5736,3.75927,30.7603,0.84672,12.849,0.84672,3695.15,0,0,0,0.528595,1.62407,4.47565,1.10287,5.52544,0.42336,0,0.42336,460.49,0,0.682836,0,0,1.21143,0.528595,1.028160,1,0,36.2858,0,0,0,36.2858,0
65.1774,2.13269,0,0,2.32863,0.205937,0.36288,3.6288,59.2812,0.77219,0,0,0.598317,0.219538,0,0.66528,12.849,1,0.418044,0.36288,0,31.2615,4.09528,27.1111,0.84672,12.849,0.84672,3695.15,0,0,0,0.402797,1.62473,4.11091,1.12494,5.0135,0.42336,0,0.42336,460.49,0,0.712904,0,0,1.1157,0.402797,1.028160,1,0,32.1246,0,0,0,32.1246,0
64.7655,2.13156,0,0,2.26122,0.178749,0.36288,3.6288,59.0038,0.692373,0,0,0.646861,0.231898,0,0.66528,12.849,1,0.420213,0.36288,0,30.1518,4.2106,25.8838,0.84672,12.849,0.84672,3695.15,0,0,0,0.402797,1.62539,4.54938,1.13183,5.44574,0.42336,0,0.42336,460.49,0,0.793325,0,0,1.19612,0.402797,1.028160,1,0,31.3296,0,0,0,31.3296,0
64.0614,2.23124,0,0,2.07312,0.183041,0.36288,3.6288,58.4933,0.863649,0,0,0.581396,0.22825,0,0.66528,12.849,1,0.442663,0.36288,0,27.4754,4.18607,23.2095,0.84672,12.849,0.84672,3695.15,0,0,0,0.402797,1.62605,4.24848,1.13097,5.14636,0.42336,0,0.42336,460.49,0,0.703011,0,0,1.10581,0.402797,1.028160,1,0,28.3559,0,0,0,28.3559,0
63.2826,2.2281,0,0,1.98759,0.175454,0.36288,3.6288,58.1131,0.768701,0,0,0.605441,0.216911,0,0.66528,12.849,1,0.446897,0.36288,0,27.5351,4.30972,23.1413,0.84672,12.849,0.84672,3695.15,0,0,0,0.402797,1.71149,4.16517,1.07567,5.20378,0.42336,0,0.42336,460.49,0,0.798595,0,0,1.20139,0.402797,1.028160,1,0,28.3451,0,0,0,28.3451,0
62.4033,2.22443,0,0,1.86817,0.160167,0.36288,3.6288,57.859,0.664726,0,0,0.630522,0.219878,0,0.66528,12.849,1,0.451652,0.36288,0,25.3625,4.41809,20.8557,0.84672,12.849,0.84672,3695.15,0,0,0,0.30119,1.71219,4.23319,1.05562,5.19096,0.42336,0,0.42336,460.49,0,0.903208,0,0,1.2044,0.30119,1.028160,1,0,26.0466,0,0,0,26.0466,0
61.4565,2.22005,0,0,1.79518,0.15902,0.36288,3.6288,57.5565,0.725316,0,0,0.642321,0.219518,0,0.66528,12.849,1,0.457115,0.36288,0,23.9099,4.41809,19.3976,0.84672,12.849,0.84672,3695.15,0,0,0,0.30119,1.71288,4.22107,1.05562,5.17953,0.42336,0,0.42336,460.49,0,0.843255,0,0,1.14445,0.30119,1.028160,1,0,24.5771,0,0,0,24.5771,0
60.4028,2.21513,0,0,1.6821,0.157785,0.36288,3.6288,57.1313,0.803895,0,0,0.597776,0.219088,0,0.66528,12.849,1,0.463128,0.36288,0,22.3987,4.41809,17.8803,0.84672,12.849,0.84672,3695.15,0,0,0,0.30119,1.71358,3.91364,1.05562,4.8728,0.42336,0,0.42336,460.49,0,0.765314,0,0,1.0665,0.30119,1.028160,1,0,22.7531,0,0,0,22.7531,0
59.2857,2.18958,0,0,1.54305,0.107742,0.36288,3.6288,56.8622,0.713417,0,0,0.646371,0.202064,0,0.66528,12.849,1,0.465771,0.36288,0,21.8617,5.00093,16.7579,0.84672,12.849,0.84672,3695.15,0,0,0,0.30119,1.71428,3.6315,1.1406,4.50637,0.42336,0,0.42336,460.49,0,0.900685,0,0,1.20188,0.30119,1.028160,1,0,21.2643,0,0,0,21.2643,0
58.0303,2.18325,0,0,1.3893,0.0985817,0.36288,3.6288,56.5884,0.709191,0,0,0.634356,0.198979,0,0.66528,12.849,1,0.473177,0.36288,0,21.3422,5.09807,16.1338,0.84672,12.849,0.84672,3695.15,0,0,0,0.261274,1.74467,3.42058,1.15476,4.27176,0.42336,0,0.42336,460.49,0,0.905567,0,0,1.16684,0.261274,1.028160,1,0,20.4056,0,0,0,20.4056,0
56.6634,2.17575,0,0,1.26497,0.0931566,0.36288,3.6288,56.1577,0.821311,0,0,0.599912,0.209266,0,0.66528,12.849,1,0.481753,0.36288,0,18.7875,5.23922,13.4294,0.84672,12.849,0.84672,3695.15,0,0,0,0.261274,1.74538,3.31995,1.20628,4.12031,0.42336,0,0.42336,460.49,0,0.794102,0,0,1.05538,0.261274,1.028160,1,0,17.5497,0,0,0,17.5497,0
55.2675,2.16716,0,0,1.20095,0.0668538,0.36288,3.6288,55.6398,0.807504,0,0,0.561967,0.27235,0,0.66528,12.849,1,0.491426,0.36288,0,16.9449,6.08612,10.7302,0.84672,12.849,0.84672,3695.15,0,0,0,0.261274,1.74609,3.16581,1.51542,3.65775,0.42336,0,0.42336,460.49,0,0.808566,0,0,1.06984,0.261274,1.028160,1,0,14.3879,0,0,0,14.3879,0
53.6968,2.20833,0,0,1.06568,0.0651178,0.36288,3.6288,54.9491,0.926472,0,0,0.517677,0.281985,0,0.66528,12.849,1,0.513409,0.36288,0,15.6169,5.95966,9.50669,0.84672,12.849,0.84672,3695.15,0,0,0,0.261274,1.74679,3.00779,1.50636,3.5095,0.42336,0,0.42336,460.49,0,0.72976,0,0,0.991034,0.261274,1.028160,1,0,13.0162,0,0,0,13.0162,0
52.2629,2.1971,0,0,1.18905,0.0630249,0.36288,3.6288,54.4482,0.847699,0,0,0.641519,0.29472,0,0.66528,12.849,1,0.52574,0.36288,0,19.7627,5.79107,13.8088,0.84672,12.849,0.84672,3695.15,0,0,0,0.261274,1.78966,3.39669,1.49428,3.95334,0.42336,0,0.42336,460.49,0,0.809205,0,0,1.07048,0.261274,1.028160,1,0,17.7621,0,0,0,17.7621,0
50.7461,2.18641,0,0,1.0946,0.0621052,0.36288,3.6288,53.9487,0.749591,0,0,0.543858,0.293748,0,0.66528,12.849,1,0.537536,0.36288,0,16.233,5.79107,10.2673,0.84672,12.849,0.84672,3695.15,0,0,0,0.227405,1.79039,3.28427,1.49428,3.80778,0.42336,0,0.42336,460.49,0,0.907986,0,0,1.13539,0.227405,1.028160,1,0,14.0751,0,0,0,14.0751,0
49.1499,2.17447,0,0,1.00227,0.0611323,0.36288,3.6288,53.2445,0.915089,0,0,0.503728,0.292778,0,0.66528,12.849,1,0.55058,0.36288,0,15.4293,5.79107,9.45055,0.84672,12.849,0.84672,3695.15,0,0,0,0.227405,1.79111,2.88685,1.49428,3.41109,0.42336,0,0.42336,460.49,0,0.743161,0,0,0.970566,0.227405,1.028160,1,0,12.8616,0,0,0,12.8616,0
47.5327,2.26109,0,0,1.05897,0.0521441,0.36288,3.6288,52.7705,0.756155,0,0,0.57827,0.296099,0,0.66528,12.849,1,0.591106,0.36288,0,15.1326,5.94061,8.96377,0.84672,12.849,0.84672,3695.15,0,0,0,0.227405,1.79184,3.81892,1.52416,4.31401,0.42336,0,0.42336,460.49,0,0.937285,0,0,1.16469,0.227405,1.028160,1,0,13.2778,0,0,0,13.2778,0
45.7769,2.2903,0,0,0.953761,0.0564293,0.36288,3.6288,52.2035,0.812834,0,0,0.530493,0.284742,0,0.66528,12.849,1,0.619111,0.36288,0,19.2825,6.09746,12.9288,0.84672,12.849,0.84672,3695.15,0,0,0,0.227405,1.96982,2.88415,1.64108,3.4403,0.42336,0,0.42336,460.49,0,0.880606,0,0,1.10801,0.227405,1.028160,1,0,16.3691,0,0,0,16.3691,0
44.0601,2.27268,0,0,0.974091,0.0553426,0.36288,3.6288,51.8015,0.727047,0,0,0.608526,0.283448,0,0.66528,12.849,1,0.637912,0.36288,0,16.7035,6.09746,10.3311,0.84672,12.849,0.84672,3695.15,0,0,0,0.204422,1.93782,2.99516,1.64108,3.49632,0.42336,0,0.42336,460.49,0,0.966393,0,0,1.17081,0.204422,1.028160,1,0,13.8274,0,0,0,13.8274,0
42.3704,2.25435,0,0,0.982843,0.055254,0.36288,3.6288,51.4733,0.66528,0,0,0.613139,0.276068,0,0.66528,12.849,1,0.657423,0.36288,0,16.9484,5.91261,10.7412,0.84672,12.849,0.84672,3695.15,0,0,0,0.428691,1.93861,3.83096,1.56912,4.62913,0.42336,0,0.42336,460.49,0,1.02816,0,0,1.45685,0.428691,1.028160,1,0,15.3704,0,0,0,15.3704,0
40.6489,2.23514,0,0,0.936377,0.0599205,0.36288,3.6288,51.0468,0.72703,0,0,0.53725,0.236661,0,0.66528,12.849,1,0.677814,0.36288,0,11.0006,4.80354,5.88215,0.84672,12.849,0.84672,3695.15,0,0,0,0.204422,1.93939,4.15656,1.1374,5.16297,0.42336,0,0.42336,460.49,0,0.96641,0,0,1.17083,0.204422,1.028160,1,0,11.0451,0,0,0,11.0451,0
39.6472,2.14666,0,0,1.56395,0.0560522,0.36288,3.6288,51.2756,0.66528,0,0,1.11906,0.224982,0,0.66528,12.849,1,0.678555,0.36288,0,32.1049,5.24264,26.5465,0.84672,12.849,0.84672,3695.15,0,0,0,1.05026,1.94018,5.66292,1.30033,7.35303,0.42336,0,0.42336,460.49,0,1.02816,0,0,2.07842,1.05026,1.028160,1,0,33.8996,0,0,0,33.8996,0
38.1514,2.13458,0,0,1.03565,0.0339869,0.36288,3.6288,51.292,0.66528,0,0,0.920739,0.239082,0,0.66528,12.849,1,0.691782,0.36288,0,31.2008,5.57288,25.299,0.84672,12.849,0.84672,3695.15,0,0,0,0.481455,1.85719,4.27143,1.41861,5.19146,0.42336,0,0.42336,460.49,0,1.02816,0,0,1.50962,0.481455,1.028160,1,0,30.4905,0,0,0,30.4905,0
36.812,2.11515,0,0,1.17199,0.0334031,0.36288,3.6288,51.4669,0.66528,0,0,1.0793,0.239114,0,0.66528,12.849,1,0.71236,0.36288,0,25.0465,5.57288,19.1241,0.84672,12.849,0.84672,3695.15,0,0,0,0.392843,1.85794,4.75641,1.41861,5.58859,0.42336,0,0.42336,460.49,0,1.02816,0,0,1.421,0.392843,1.028160,1,0,24.7127,0,0,0,24.7127,0
37.5922,2.09679,0,0,3.36302,0.123126,0.36288,3.6288,52.5325,0.66528,0,0,1.98375,0.252949,0,0.66528,12.849,1,0.73187,0.36288,0,41.5622,4.82694,36.3663,0.84672,12.849,0.84672,3695.15,0,0,0,2.64196,1.8587,10.6176,1.24664,13.8716,0.42336,0,0.42336,460.49,0,1.02816,0,0,3.67012,2.64196,1.028160,1,0,50.2379,0,0,0,50.2379,0
37.3211,2.05448,0,0,2.28131,0.135096,0.36288,3.6288,52.9006,0.61397,0,0,1.25029,0.268163,0,0.66528,12.849,1,0.70222,0.36288,0,48.7672,4.64904,43.7788,0.84672,12.849,0.84672,3695.15,0,0,0,0.834339,1.85945,5.36177,1.20663,6.84893,0.42336,0,0.42336,460.49,0,1.02816,0,0,1.8625,0.834339,1.028160,1,0,50.6277,0,0,0,50.6277,0
37.152,1.99784,0,0,2.37012,0.178517,0.36288,3.6288,53.1525,0.66528,0,0,1.20595,0.288772,0,0.66528,12.849,1,0.687823,0.36288,0,42.4054,3.98874,38.0917,0.84672,12.849,0.84672,3695.15,0,0,0,1.22229,1.78532,5.70959,1.09903,7.61816,0.42336,0,0.42336,460.49,0,1.02816,0,0,2.25045,1.22229,1.028160,1,0,45.7099,0,0,0,45.7099,0
37.8155,1.99684,0,0,3.2014,0.178161,0.36288,3.6288,53.7644,0.66528,0,0,1.56654,0.289354,0,0.66528,12.849,1,0.690608,0.36288,0,54.1598,3.98874,49.8434,0.84672,12.849,0.84672,3695.15,0,0,0,1.77046,1.82826,10.7483,1.09903,13.248,0.42336,0,0.42336,460.49,0,1.02816,0,0,2.79862,1.77046,1.028160,1,0,63.0914,0,0,0,63.0914,0
38.0914,2.00722,0,0,2.82559,0.179558,0.36288,3.6288,54.1531,0.66528,0,0,1.3447,0.290769,0,0.66528,12.849,1,0.682016,0.36288,0,51.583,3.98874,47.2751,0.84672,12.849,0.84672,3695.15,0,0,0,1.39723,1.82859,8.05482,1.09903,10.1816,0.42336,0,0.42336,460.49,0,1.02816,0,0,2.42539,1.39723,1.028160,1,0,57.4567,0,0,0,57.4567,0
41.416,1.85675,0,0,5.74062,0.196436,0.36288,3.6288,55.2615,0.521572,0,0,1.90653,0.27659,0,0.66528,12.849,1,0.626319,0.36288,0,114.557,3.77109,110.522,0.84672,12.849,0.84672,3695.15,0,0,0,2.17625,1.82893,12.226,1.03738,15.1938,0.42336,0,0.42336,460.49,0,1.02816,0,0,3.20441,2.17625,1.028160,1,0,125.716,0,0,0,125.716,0
43.5879,1.77032,0,0,4.54593,0.240761,0.36288,3.6288,55.4757,0.66528,0,0,1.11557,0.236077,0,0.66528,12.849,1,0.54923,0.36288,0,72.2295,4.6031,67.4401,0.84672,12.849,0.84672,3695.15,0,0,0,1.50436,1.66265,8.1407,1.12278,10.1849,0.42336,0,0.42336,460.49,0,1.02816,0,0,2.53252,1.50436,1.028160,1,0,77.625,0,0,0,77.625,0
45.3547,1.79272,0,0,4.16929,0.246909,0.36288,3.6288,55.4927,0.66528,0,0,0.918743,0.236409,0,0.66528,12.849,1,0.528465,0.36288,0,71.6664,4.6031,66.8977,0.84672,12.849,0.84672,3695.15,0,0,0,0.985288,1.7596,6.43441,1.12278,8.05652,0.42336,0,0.42336,460.49,0,1.02816,0,0,2.01345,0.985288,1.028160,1,0,74.9542,0,0,0,74.9542,0
48.8199,1.81004,0,0,5.88563,0.247536,0.36288,3.6288,56.3119,0.66528,0,0,1.70904,0.22454,0,0.66528,12.849,1,0.512784,0.36288,0,100.973,4.16833,96.6543,0.84672,12.849,0.84672,3695.15,0,0,0,1.44031,1.75991,10.924,1.02495,13.0992,0.42336,0,0.42336,460.49,0,1.02816,0,0,2.46847,1.44031,1.028160,1,0,109.754,0,0,0,109.754,0
53.0208,1.84014,0,0,6.65219,0.248255,0.36288,3.6288,57.3486,0.66528,0,0,1.93742,0.23548,0,0.66528,12.849,1,0.484311,0.36288,0,115.005,4.5049,110.379,0.84672,12.849,0.84672,3695.15,0,0,0,1.08194,1.76021,9.95881,1.10499,11.696,0.42336,0,0.42336,460.49,0,1.02816,0,0,2.1101,1.08194,1.028160,1,0,122.075,0,0,0,122.075,0
56.467,2.12383,0,0,6.19926,0.26639,0.36288,3.6288,58.6764,0.502337,0,0,2.06485,0.234655,0,0.66528,12.849,1,0.514686,0.36288,0,119.777,4.73165,114.894,0.84672,12.849,0.84672,3695.15,0,0,0,2.2893,1.76052,12.1939,1.07178,15.1719,0.42336,0,0.42336,460.49,0,1.02816,0,0,3.31746,2.2893,1.028160,1,0,130.066,0,0,0,130.066,0
59.5442,2.15026,0,0,5.87495,0.284547,0.36288,3.6288,59.7699,0.502935,0,0,1.82052,0.224164,0,0.66528,12.849,1,0.489289,0.36288,0,143.211,4.52896,138.555,0.84672,12.849,0.84672,3695.15,0,0,0,2.30962,1.67692,13.1771,0.960574,16.2031,0.42336,0,0.42336,460.49,0,1.02816,0,0,3.33778,2.30962,1.028160,1,0,154.758,0,0,0,154.758,0
61.2941,2.1719,0,0,4.57784,0.293214,0.36288,3.6288,60.3041,0.503533,0,0,1.26351,0.22574,0,0.66528,12.849,1,0.468673,0.36288,0,113.271,4.52896,108.637,0.84672,12.849,0.84672,3695.15,0,0,0,1.62854,1.67757,8.64726,0.960574,10.9928,0.42336,0,0.42336,460.49,0,1.02816,0,0,2.6567,1.62854,1.028160,1,0,119.629,0,0,0,119.629,0
62.8162,2.18382,0,0,4.36729,0.298491,0.36288,3.6288,60.7561,0.504131,0,0,1.1771,0.221004,0,0.66528,12.849,1,0.457791,0.36288,0,97.6337,4.44295,93.0959,0.84672,12.849,0.84672,3695.15,0,0,0,1.60492,1.67823,8.11002,0.937592,10.4556,0.42336,0,0.42336,460.49,0,1.02816,0,0,2.63308,1.60492,1.028160,1,0,103.551,0,0,0,103.551,0
63.9754,2.40787,0,0,4.23838,0.308408,0.36288,3.6288,61.0024,0.66528,0,0,1.09675,0.185107,0,0.66528,12.849,1,0.492528,0.36288,0,99.5777,3.81644,95.6316,0.84672,12.849,0.84672,3695.15,0,0,0,1.54075,1.67889,7.85514,0.802296,10.2725,0.42336,0,0.42336,460.49,0,1.02816,0,0,2.56891,1.54075,1.028160,1,0,105.904,0,0,0,105.904,0
64.6998,2.41624,0,0,3.82667,0.323088,0.36288,3.6288,61.283,0.66528,0,0,1.11079,0.164961,0,0.66528,12.849,1,0.485285,0.36288,0,121.417,3.15367,118.141,0.84672,12.849,0.84672,3695.15,0,0,0,1.36937,1.86709,8.58419,0.817876,11.0028,0.42336,0,0.42336,460.49,0,1.02816,0,0,2.39753,1.36937,1.028160,1,0,129.144,0,0,0,129.144,0
64.6739,2.42172,0,0,3.08369,0.324983,0.36288,3.6288,61.308,0.66528,0,0,0.877029,0.165254,0.0214775,0.66528,12.849,1,0.480939,0.36288,0,83.4002,3.15367,80.1285,0.84672,12.849,0.84672,3695.15,0,0,0,0.61293,1.86782,7.76883,0.817876,9.43171,0.42336,0,0.42336,460.49,0,1.02816,0,0,1.64109,0.61293,1.028160,1,0,89.5816,0,0,0,89.5816,0
67.552,2.4225,0,0,5.97859,0.315127,0.36288,3.6288,61.308,0.66528,0,0,1.67003,0.187411,0.817343,0.66528,12.849,1,0.481287,0.36288,0,127.297,3.67784,123.5,0.84672,12.849,0.84672,3695.15,0,0,0,2.34882,1.86855,10.3746,0.98186,13.6101,0.42336,0,0.42336,460.49,0,1.02816,0,0,3.37698,2.34882,1.028160,1,0,137.928,0,0,0,137.928,0
71.9134,2.13131,0,0,7.17217,0.316601,0.36288,3.6288,61.308,0.445384,0,0,2.37768,0.200292,1.73201,0.66528,12.849,1,0.405395,0.36288,0,140.985,3.99474,136.948,0.84672,12.849,0.84672,3695.15,0,0,0,4.48502,1.86928,12.9513,1.07606,18.2295,0.42336,0,0.42336,460.49,0,1.02816,0,0,5.51318,4.48502,1.028160,1,0,156.909,0,0,0,156.909,0
72.29,2.15301,0,0,6.96949,0.337908,4.10198,3.6288,61.308,0.445959,0,0,2.44975,0.177985,1.82581,0.66528,12.849,1,0.384685,4.10198,0,109.152,3.53745,109.332,0.84672,12.849,0.84672,3695.15,0,0,0,2.81549,1.61384,11.4666,0.903354,14.9926,0.42336,0,0.42336,460.49,0,1.02816,0,0,3.84365,2.81549,1.028160,1,0,126.15,0,0,0,126.15,0
72.29,2.15555,0,0,5.62641,0.338877,3.13198,3.6288,61.308,0.446534,0,0,1.72987,0.177985,1.10535,0.66528,12.849,1,0.383133,3.13198,0,117.974,3.53745,117.185,0.84672,12.849,0.84672,3695.15,0,0,0,1.50444,1.61447,7.9539,0.903354,10.1695,0.42336,0,0.42336,460.49,0,1.02816,0,0,2.5326,1.50444,1.028160,1,0,128.46,0,0,0,128.46,0
72.29,2.15639,0,0,3.96079,0.338877,1.46552,3.6288,61.308,0.447109,0,0,1.22709,0.177985,0.601993,0.66528,12.849,1,0.383283,1.46552,0,104.878,3.53745,102.423,0.84672,12.849,0.84672,3695.15,0,0,0,1.1585,1.6151,7.64381,0.903354,9.51406,0.42336,0,0.42336,460.49,0,1.02816,0,0,2.18666,1.1585,1.028160,1,0,112.539,0,0,0,112.539,0
72.29,2.15723,0,0,4.81296,0.259579,2.39615,3.6288,61.308,0.447684,0,0,1.3063,0.135871,0.722744,0.66528,12.849,1,0.383432,2.39615,0,99.2503,2.92709,98.3359,0.84672,12.849,0.84672,3695.15,0,0,0,1.31299,1.61573,7.66307,0.815676,9.77612,0.42336,0,0.42336,460.49,0,1.02816,0,0,2.34115,1.31299,1.028160,1,0,108.835,0,0,0,108.835,0
72.29,2.23693,0,0,6.09686,0.299554,3.56038,3.6288,61.308,0.50764,0,0,1.65147,0.136943,1.00688,0.66528,12.849,1,0.397597,3.56038,0,105.707,2.91984,105.95,0.84672,12.849,0.84672,3695.15,0,0,0,1.98046,1.61636,8.38927,0.862505,11.1236,0.42336,0,0.42336,460.49,0,1.02816,0,0,3.00862,1.98046,1.028160,1,0,118.08,0,0,0,118.08,0
72.29,2.2378,0,0,4.72109,0.30907,2.17423,3.6288,61.308,0.508239,0,0,1.70573,0.172356,1.02514,0.66528,12.849,1,0.397752,2.17423,0,116.078,3.69443,114.16,0.84672,12.849,0.84672,3695.15,0,0,0,2.32471,1.68027,9.63127,1.09316,12.5431,0.42336,0,0.42336,460.49,0,1.02816,0,0,3.35287,2.32471,1.028160,1,0,127.728,0,0,0,127.728,0
72.29,2.23867,0,0,3.93766,0.30907,1.38992,3.6288,61.308,0.508837,0,0,1.77774,0.172356,1.09655,0.66528,12.849,1,0.397907,1.38992,0,79.9744,3.69443,77.272,0.84672,12.849,0.84672,3695.15,0,0,0,2.55875,1.68092,6.72961,1.09316,9.87612,0.42336,0,0.42336,460.49,0,1.02816,0,0,3.58691,2.55875,1.028160,1,0,88.2447,0,0,0,88.2447,0
72.29,2.23954,0,0,3.66736,0.313643,1.11417,3.6288,61.308,0.509436,0,0,2.02211,0.167945,1.34473,0.66528,12.849,1,0.398062,1.11417,0,70.4912,3.58629,67.621,0.84672,12.849,0.84672,3695.15,0,0,0,2.66923,1.68158,9.18233,1.0726,12.4605,0.42336,0,0.42336,460.49,0,1.02816,0,0,3.69739,2.66923,1.028160,1,0,81.4263,0,0,0,81.4263,0
72.29,2.20954,0,0,3.48399,0.266801,1.00766,3.6288,61.308,0.486936,0,0,1.97025,0.179015,1.3043,0.66528,12.849,1,0.392728,1.00766,0,73.2465,3.40867,70.4527,0.84672,12.849,0.84672,3695.15,0,0,0,2.7727,1.68223,7.05927,1.04317,10.471,0.42336,0,0.42336,460.49,0,1.02816,0,0,3.80086,2.7727,1.028160,1,0,82.228,0,0,0,82.228,0
72.29,2.2104,0,0,3.35065,0.226187,0.914068,3.6288,61.308,0.487527,0,0,1.45791,0.190711,0.779676,0.66528,12.849,1,0.392881,0.914068,0,73.5204,3.28114,70.7604,0.84672,12.849,0.84672,3695.15,0,0,0,2.06313,1.65823,6.05779,1.02899,8.75016,0.42336,0,0.42336,460.49,0,1.02816,0,0,3.09129,2.06313,1.028160,1,0,80.2902,0,0,0,80.2902,0
72.29,2.21126,0,0,3.49955,0.226187,1.06211,3.6288,61.308,0.488117,0,0,1.24883,0.190711,0.570007,0.66528,12.849,1,0.393034,1.06211,0,72.9164,3.28114,70.3043,0.84672,12.849,0.84672,3695.15,0,0,0,1.53852,1.65887,7.10806,1.02899,9.27646,0.42336,0,0.42336,460.49,0,1.02816,0,0,2.56668,1.53852,1.028160,1,0,80.1508,0,0,0,80.1508,0
72.29,2.21212,0,0,3.4199,0.189694,1.01809,3.6288,61.308,0.488707,0,0,1.2178,0.208514,0.520578,0.66528,12.849,1,0.393187,1.01809,0,72.4957,4.6847,68.4359,0.84672,12.849,0.84672,3695.15,0,0,0,1.65329,1.65952,6.42171,1.08432,8.6502,0.42336,0,0.42336,460.49,0,1.02816,0,0,2.68145,1.65329,1.028160,1,0,77.6066,0,0,0,77.6066,0
72.29,2.31796,0,0,2.80844,0.126526,0.363957,3.6288,61.308,0.57134,0,0,1.15957,0.229026,0.359209,0.66528,12.849,1,0.411999,0.363957,0,45.3651,5.21697,40.1001,0.84672,12.849,0.84672,3695.15,0,0,0,1.42545,1.66017,5.62025,1.22031,7.48556,0.42336,0,0.42336,460.49,0,1.02816,0,0,2.45361,1.42545,1.028160,1,0,47.9449,0,0,0,47.9449,0
72.2657,2.31886,0,0,2.79703,0.139561,0.36288,3.6288,61.308,0.571962,0,0,1.12049,0.237672,0.310853,0.66528,12.849,1,0.41216,0.36288,0,55.0592,5.20117,49.8087,0.84672,12.849,0.84672,3695.15,0,0,0,1.39569,1.74737,5.95412,1.15585,7.94133,0.42336,0,0.42336,460.49,0,1.02816,0,0,2.42385,1.39569,1.028160,1,0,58.0609,0,0,0,58.0609,0
72.1297,2.31964,0,0,2.68608,0.139535,0.36288,3.6288,61.308,0.572585,0,0,1.10873,0.237672,0.298471,0.66528,12.849,1,0.412438,0.36288,0,51.1043,5.20117,45.8536,0.84672,12.849,0.84672,3695.15,0,0,0,1.40423,1.74805,5.71402,1.15585,7.71046,0.42336,0,0.42336,460.49,0,1.02816,0,0,2.43239,1.40423,1.028160,1,0,53.8625,0,0,0,53.8625,0
71.8519,2.31989,0,0,2.54921,0.144303,0.36288,3.6288,61.308,0.573208,0,0,1.09119,0.236355,0.281626,0.66528,12.849,1,0.413258,0.36288,0,48.9536,5.11656,43.7867,0.84672,12.849,0.84672,3695.15,0,0,0,1.60282,1.74873,5.34877,1.15911,7.54121,0.42336,0,0.42336,460.49,0,1.02816,0,0,2.63098,1.60282,1.028160,1,0,51.6095,0,0,0,51.6095,0
71.3735,2.31943,0,0,2.3663,0.16233,0.36288,3.6288,61.308,0.573831,0,0,1.04878,0.232605,0.242348,0.66528,12.849,1,0.414776,0.36288,0,45.3114,4.64092,40.6185,0.84672,12.849,0.84672,3695.15,0,0,0,1.51486,1.74941,4.97528,1.18822,7.05133,0.42336,0,0.42336,460.49,0,1.02816,0,0,2.54302,1.51486,1.028160,1,0,47.9122,0,0,0,47.9122,0
71.1213,2.29722,0,0,2.51783,0.109924,0.36288,3.6288,61.308,0.619633,0,0,1.11001,0.202807,0.287567,0.66528,12.849,1,0.413556,0.36288,0,43.2695,4.38956,38.8292,0.84672,12.849,0.84672,3695.15,0,0,0,1.26355,1.75009,4.75541,1.06571,6.70334,0.42336,0,0.42336,460.49,0,1.02816,0,0,2.29171,1.26355,1.028160,1,0,45.8201,0,0,0,45.8201,0
70.733,2.29687,0,0,2.38683,0.115453,0.36288,3.6288,61.308,0.620274,0,0,1.09525,0.180925,0.29405,0.66528,12.849,1,0.41496,0.36288,0,42.3175,4.21207,38.0534,0.84672,12.849,0.84672,3695.15,0,0,0,1.04737,1.78108,4.47273,0.993857,6.30732,0.42336,0,0.42336,460.49,0,1.02816,0,0,2.07553,1.04737,1.028160,1,0,44.6547,0,0,0,44.6547,0
70.1371,2.29583,0,0,2.17324,0.110405,0.36288,3.6288,61.308,0.620915,0,0,1.03581,0.191894,0.222997,0.66528,12.849,1,0.41705,0.36288,0,37.2519,4.35322,32.8445,0.84672,12.849,0.84672,3695.15,0,0,0,0.849105,1.78178,4.34113,1.04538,5.92663,0.42336,0,0.42336,460.49,0,1.02816,0,0,1.87726,0.849105,1.028160,1,0,38.9941,0,0,0,38.9941,0
69.4619,2.29373,0,0,2.06326,0.0818044,0.36288,3.6288,61.308,0.621556,0,0,0.970272,0.257709,0.0910069,0.66528,12.849,1,0.420208,0.36288,0,33.5985,5.20012,28.3411,0.84672,12.849,0.84672,3695.15,0,0,0,0.874835,1.78247,4.13958,1.35451,5.44237,0.42336,0,0.42336,460.49,0,1.02816,0,0,1.90299,0.874835,1.028160,1,0,33.8745,0,0,0,33.8745,0
68.4764,2.34465,0,0,1.80494,0.0829264,0.36288,3.6288,61.1996,0.662525,0,0,0.825535,0.271438,0,0.66528,12.849,1,0.43371,0.36288,0,30.222,5.39663,24.7546,0.84672,12.849,0.84672,3695.15,0,0,0,0.711616,1.78316,3.65901,1.39827,4.75551,0.42336,0,0.42336,460.49,0,1.02816,0,0,1.73978,0.711616,1.028160,1,0,29.5101,0,0,0,29.5101,0
67.633,2.3403,0,0,1.94593,0.0861332,0.36288,3.6288,60.9837,0.663182,0,0,0.752903,0.305553,0,0.66528,12.849,1,0.439137,0.36288,0,35.4807,5.88787,29.5165,0.84672,12.849,0.84672,3695.15,0,0,0,0.633165,1.82689,3.30577,1.50767,4.25815,0.42336,0,0.42336,460.49,0,1.02816,0,0,1.66133,0.633165,1.028160,1,0,33.7747,0,0,0,33.7747,0
66.6393,2.33661,0,0,1.79134,0.0855656,0.36288,3.6288,60.6531,0.66384,0,0,0.638289,0.305136,0,0.66528,12.849,1,0.443911,0.36288,0,29.1434,5.88787,23.1745,0.84672,12.849,0.84672,3695.15,0,0,0,0.733933,1.8276,3.19636,1.50767,4.25022,0.42336,0,0.42336,460.49,0,1.02816,0,0,1.76209,0.733933,1.028160,1,0,27.4247,0,0,0,27.4247,0
65.4998,2.33196,0,0,1.64023,0.0848968,0.36288,3.6288,60.2752,0.664497,0,0,0.591189,0.304497,0,0.66528,12.849,1,0.449635,0.36288,0,27.7007,5.88787,21.7261,0.84672,12.849,0.84672,3695.15,0,0,0,0.478103,1.82831,2.80957,1.50767,3.60831,0.42336,0,0.42336,460.49,0,1.02816,0,0,1.50626,0.478103,1.028160,1,0,25.3344,0,0,0,25.3344,0
64.3134,2.48169,0,0,1.73303,0.0748327,0.36288,3.6288,59.9797,0.66528,0,0,0.678675,0.308913,0,0.66528,12.849,1,0.48683,0.36288,0,27.1678,6.03743,21.0064,0.84672,12.849,0.84672,3695.15,0,0,0,0.779371,1.82902,3.71669,1.53755,4.78753,0.42336,0,0.42336,460.49,0,1.02816,0,0,1.80753,0.779371,1.028160,1,0,25.7939,0,0,0,25.7939,0
63.1527,2.47517,0,0,1.78994,0.112669,0.36288,3.6288,59.5972,0.66528,0,0,0.580518,0.297748,0,0.66528,12.849,1,0.494507,0.36288,0,28.6278,5.63865,22.8575,0.84672,12.849,0.84672,3695.15,0,0,0,0.420448,1.97719,2.53389,1.60063,3.3309,0.42336,0,0.42336,460.49,0,1.02816,0,0,1.44861,0.420448,1.028160,1,0,26.1884,0,0,0,26.1884,0
62.1977,2.46857,0,0,1.99041,0.113922,0.36288,3.6288,59.3284,0.66528,0,0,0.700672,0.304172,0,0.66528,12.849,1,0.502254,0.36288,0,37.2547,5.64543,31.4699,0.84672,12.849,0.84672,3695.15,0,0,0,0.716602,1.97796,2.49039,1.62075,3.56419,0.42336,0,0.42336,460.49,0,1.02816,0,0,1.74476,0.716602,1.028160,1,0,35.0341,0,0,0,35.0341,0
60.8576,2.46314,0,0,1.599,0.113035,0.36288,3.6288,58.845,0.686569,0,0,0.506789,0.30365,0,0.66528,12.849,1,0.508843,0.36288,0,36.4039,5.64543,30.6125,0.84672,12.849,0.84672,3695.15,0,0,0,0.204422,1.97873,1.99921,1.62075,2.5616,0.42336,0,0.42336,460.49,0,1.00687,0,0,1.21129,0.204422,1.028160,1,0,33.1741,0,0,0,33.1741,0
59.9195,2.45484,0,0,1.99137,0.11179,0.36288,3.6288,58.7432,0.66528,0,0,0.866201,0.30271,0,0.66528,12.849,1,0.518295,0.36288,0,33.2478,5.64543,27.447,0.84672,12.849,0.84672,3695.15,0,0,0,1.26317,1.9795,3.09117,1.62075,4.71308,0.42336,0,0.42336,460.49,0,1.02816,0,0,2.29133,1.26317,1.028160,1,0,32.1601,0,0,0,32.1601,0
59.2663,2.37438,0,0,2.22259,0.138491,0.36288,3.6288,58.6606,0.66528,0,0,0.849184,0.266503,0,0.66528,12.849,1,0.509157,0.36288,0,35.2634,4.47066,30.6464,0.84672,12.849,0.84672,3695.15,0,0,0,1.2138,1.98026,3.25285,1.37987,5.06704,0.42336,0,0.42336,460.49,0,1.02816,0,0,2.24196,1.2138,1.028160,1,0,35.7135,0,0,0,35.7135,0
58.8877,2.37069,0,0,2.50918,0.15422,0.36288,3.6288,58.628,0.66528,0,0,0.895735,0.263096,0,0.66528,12.849,1,0.513968,0.36288,0,45.7128,4.23654,41.3251,0.84672,12.849,0.84672,3695.15,0,0,0,1.67136,1.89553,3.27568,1.45105,5.39153,0.42336,0,0.42336,460.49,0,1.02816,0,0,2.69952,1.67136,1.028160,1,0,46.7167,0,0,0,46.7167,0
58.2209,2.3689,0,0,2.21867,0.153657,0.36288,3.6288,58.4987,0.66528,0,0,0.799053,0.263041,0,0.66528,12.849,1,0.516881,0.36288,0,42.2971,4.23654,37.9066,0.84672,12.849,0.84672,3695.15,0,0,0,0.692245,1.89626,2.96486,1.45105,4.10232,0.42336,0,0.42336,460.49,0,1.02816,0,0,1.72041,0.692245,1.028160,1,0,42.0089,0,0,0,42.0089,0
57.7333,2.36497,0,0,2.39289,0.152667,0.36288,3.6288,58.337,0.66528,0,0,0.766359,0.262822,0,0.66528,12.849,1,0.521933,0.36288,0,34.4323,4.23654,30.0367,0.84672,12.849,0.84672,3695.15,0,0,0,1.11941,1.897,2.92982,1.45105,4.49517,0.42336,0,0.42336,460.49,0,1.02816,0,0,2.14757,1.11941,1.028160,1,0,34.5319,0,0,0,34.5319,0
57.417,2.30125,0,0,2.58083,0.23307,0.36288,3.6288,58.4668,0.647753,0,0,1.04518,0.267554,0,0.66528,12.849,1,0.512162,0.36288,0,58.3216,3.41376,54.7585,0.84672,12.849,0.84672,3695.15,0,0,0,1.23478,1.89774,4.03629,1.26566,5.90314,0.42336,0,0.42336,460.49,0,1.02816,0,0,2.26294,1.23478,1.028160,1,0,60.6617,0,0,0,60.6617,0
57.3499,2.26849,0,0,2.76886,0.204599,0.36288,3.6288,58.9516,0.66528,0,0,1.41959,0.269548,0,0.66528,12.849,1,0.507651,0.36288,0,127.526,4.14267,123.238,0.84672,12.849,0.84672,3695.15,0,0,0,2.23119,1.82204,6.65574,1.11152,9.59745,0.42336,0,0.42336,460.49,0,1.02816,0,0,3.25935,2.23119,1.028160,1,0,132.836,0,0,0,132.836,0
57.0877,2.30024,0,0,2.69302,0.292026,0.36288,3.6288,59.0787,0.649053,0,0,1.06742,0.291278,0,0.66528,12.849,1,0.515359,0.36288,0,74.9828,5.1072,69.7232,0.84672,12.849,0.84672,3695.15,0,0,0,0.592583,1.8452,4.98791,1.29678,6.12892,0.42336,0,0.42336,460.49,0,1.02816,0,0,1.62074,0.592583,1.028160,1,0,75.8521,0,0,0,75.8521,0
57.0685,2.2992,0,0,2.93417,0.291275,0.36288,3.6288,59.0555,0.649704,0,0,0.918,0.291516,0,0.66528,12.849,1,0.517491,0.36288,0,31.9828,5.1072,26.721,0.84672,12.849,0.84672,3695.15,0,0,0,0.80816,1.82346,4.05048,1.29678,5.38532,0.42336,0,0.42336,460.49,0,1.02816,0,0,1.83632,0.80816,1.028160,1,0,32.1063,0,0,0,32.1063,0
57.027,2.12673,0,0,2.7393,0.29122,0.36288,3.6288,59.4995,0.481753,0,0,1.21723,0.291472,0,0.66528,12.849,1,0.478835,0.36288,0,37.0513,5.1072,31.8281,0.84672,12.849,0.84672,3695.15,0,0,0,1.43207,1.82416,4.78973,1.29678,6.74919,0.42336,0,0.42336,460.49,0,1.02816,0,0,2.46023,1.43207,1.028160,1,0,38.5773,0,0,0,38.5773,0
57.0391,2.12727,0,0,2.77896,0.276753,0.36288,3.6288,60.1365,0.482338,0,0,1.33364,0.214238,0,0.66528,12.849,1,0.479305,0.36288,0,58.6643,3.73245,54.8154,0.84672,12.849,0.84672,3695.15,0,0,0,1.62977,1.65484,5.43643,1.03362,7.68743,0.42336,0,0.42336,460.49,0,1.02816,0,0,2.65793,1.62977,1.028160,1,0,62.5029,0,0,0,62.5029,0
57.2521,2.12818,0,0,2.97854,0.274395,0.36288,3.6288,60.8234,0.482924,0,0,1.37189,0.202047,0,0.66528,12.849,1,0.479408,0.36288,0,36.1047,3.50332,32.4849,0.84672,12.849,0.84672,3695.15,0,0,0,1.72276,1.65548,6.25463,0.989755,8.64311,0.42336,0,0.42336,460.49,0,1.02816,0,0,2.75092,1.72276,1.028160,1,0,41.128,0,0,0,41.128,0
62.4702,2.13046,0,0,7.9864,0.27497,0.36288,3.6288,61.308,0.483509,0,0,3.41955,0.202931,2.24856,0.66528,12.849,1,0.478136,0.36288,0,83.567,3.50332,79.9485,0.84672,12.849,0.84672,3695.15,0,0,0,4.27984,1.65613,12.2276,0.989755,17.1738,0.42336,0,0.42336,460.49,0,1.02816,0,0,5.308,4.27984,1.028160,1,0,99.3708,0,0,0,99.3708,0
69.7276,2.16443,0,0,10.1022,0.317554,0.36288,3.6288,61.308,0.484095,0,0,4.8319,0.233005,4.1148,0.66528,12.849,1,0.445184,0.36288,0,197.132,4.06245,192.987,0.84672,12.849,0.84672,3695.15,0,0,0,5.83449,1.65677,18.8371,1.07183,25.2565,0.42336,0,0.42336,460.49,0,1.02816,0,0,6.86265,5.83449,1.028160,1,0,222.359,0,0,0,222.359,0
72.29,2.27344,0,0,5.95022,0.320393,0.793992,3.6288,61.308,0.533582,0,0,2.05886,0.210486,1.31479,0.66528,12.849,1,0.418937,0.793992,0,198.988,4.0323,195.331,0.84672,12.849,0.84672,3695.15,0,0,0,2.50489,1.65741,10.4114,0.998333,13.5753,0.42336,0,0.42336,460.49,0,1.02816,0,0,3.53305,2.50489,1.028160,1,0,210.221,0,0,0,210.221,0
72.29,2.2869,0,0,4.21689,0.297266,1.63272,3.6288,61.308,0.534165,0,0,1.31406,0.153022,0.62687,0.66528,12.849,1,0.40648,1.63272,0,112.65,3.80707,110.069,0.84672,12.849,0.84672,3695.15,0,0,0,1.52648,1.71115,8.57468,0.760268,11.052,0.42336,0,0.42336,460.49,0,1.02816,0,0,2.55464,1.52648,1.028160,1,0,121.748,0,0,0,121.748,0
72.29,2.28776,0,0,10.6478,0.303588,8.05648,3.6288,61.308,0.534749,0,0,3.40747,0.180468,2.69225,0.66528,12.849,1,0.406632,8.05648,0,122.734,4.33408,126.05,0.84672,12.849,0.84672,3695.15,0,0,0,3.90722,1.71179,21.0768,0.911753,25.784,0.42336,0,0.42336,460.49,0,1.02816,0,0,4.93538,3.90722,1.028160,1,0,154.526,0,0,0,154.526,0
72.29,2.28861,0,0,17.0891,0.305572,14.4949,3.6288,61.308,0.535332,0,0,9.10936,0.204572,8.36946,0.66528,12.849,1,0.406784,14.4949,0,357.886,4.69539,367.279,0.84672,12.849,0.84672,3695.15,0,0,0,9.56478,1.71243,39.924,1.05426,50.1469,0.42336,0,0.42336,460.49,0,1.02816,0,0,10.5929,9.56478,1.028160,1,0,425.795,0,0,0,425.795,0
72.29,2.51278,0,0,16.401,0.305572,13.5826,3.6288,61.308,0.66528,0,0,9.92321,0.204572,9.05336,0.66528,12.849,1,0.446627,13.5826,0,397.552,4.69539,405.993,0.84672,12.849,0.84672,3695.15,0,0,0,8.11927,1.71307,37.6807,1.05426,46.4588,0.42336,0,0.42336,460.49,0,1.02816,0,0,9.14743,8.11927,1.028160,1,0,461.505,0,0,0,461.505,0
72.29,2.51371,0,0,10.3383,0.250941,7.57362,3.6288,61.308,0.66528,0,0,6.56857,0.210276,5.69301,0.66528,12.849,1,0.446794,7.57362,0,274.889,4.58357,277.432,0.84672,12.849,0.84672,3695.15,0,0,0,4.97668,1.90508,23.352,1.17856,29.0552,0.42336,0,0.42336,460.49,0,1.02816,0,0,6.00484,4.97668,1.028160,1,0,312.18,0,0,0,312.18,0
72.29,2.51465,0,0,9.07295,0.250941,6.30736,3.6288,61.308,0.66528,0,0,6.45399,0.210276,5.57844,0.66528,12.849,1,0.44696,6.30736,0,184.992,4.58357,186.269,0.84672,12.849,0.84672,3695.15,0,0,0,5.16934,1.90579,22.7442,1.17856,28.6408,0.42336,0,0.42336,460.49,0,1.02816,0,0,6.1975,5.16934,1.028160,1,0,220.488,0,0,0,220.488,0
72.29,2.51559,0,0,9.5472,0.302721,6.72889,3.6288,61.308,0.66528,0,0,6.8992,0.216884,6.01703,0.66528,12.849,1,0.447127,6.72889,0,188.807,4.47796,190.611,0.84672,12.849,0.84672,3695.15,0,0,0,5.014,1.9065,23.4106,1.15071,29.1804,0.42336,0,0.42336,460.49,0,1.02816,0,0,6.04216,5.014,1.028160,1,0,225.809,0,0,0,225.809,0
72.29,2.19754,0,0,9.12384,0.341557,6.58474,3.6288,61.308,0.475261,0,0,4.83135,0.22184,4.13425,0.66528,12.849,1,0.390597,6.58474,0,219.576,4.39877,221.371,0.84672,12.849,0.84672,3695.15,0,0,0,3.63249,1.90721,17.3637,1.12982,21.7736,0.42336,0,0.42336,460.49,0,1.02816,0,0,4.66065,3.63249,1.028160,1,0,247.279,0,0,0,247.279,0
72.29,2.19836,0,0,8.33139,0.325652,5.80737,3.6288,61.308,0.475822,0,0,5.31706,0.172945,4.66829,0.66528,12.849,1,0.390742,5.80737,0,163.022,3.63489,164.804,0.84672,12.849,0.84672,3695.15,0,0,0,4.91787,1.64656,24.3824,0.945956,30.0009,0.42336,0,0.42336,460.49,0,1.02816,0,0,5.94603,4.91787,1.028160,1,0,199.473,0,0,0,199.473,0
72.29,2.19918,0,0,7.43515,0.325652,4.91032,3.6288,61.308,0.476383,0,0,4.79003,0.172945,4.14071,0.66528,12.849,1,0.390888,4.91032,0,261.033,3.63489,261.918,0.84672,12.849,0.84672,3695.15,0,0,0,4.98054,1.64717,22.4846,0.945956,28.1663,0.42336,0,0.42336,460.49,0,1.02816,0,0,6.0087,4.98054,1.028160,1,0,294.225,0,0,0,294.225,0
72.29,2.2,0,0,7.02983,0.325652,4.50418,3.6288,61.308,0.476944,0,0,3.8504,0.172945,3.20051,0.66528,12.849,1,0.391034,4.50418,0,265.635,3.63489,266.113,0.84672,12.849,0.84672,3695.15,0,0,0,4.15619,1.64779,18.601,0.945956,23.459,0.42336,0,0.42336,460.49,0,1.02816,0,0,5.18435,4.15619,1.028160,1,0,292.773,0,0,0,292.773,0
72.29,2.20082,0,0,5.17446,0.293524,2.68011,3.6288,61.308,0.477505,0,0,2.62558,0.196521,1.95156,0.66528,12.849,1,0.39118,2.68011,0,187.631,3.87186,186.048,0.84672,12.849,0.84672,3695.15,0,0,0,2.28728,1.6484,13.9317,1.03508,16.8323,0.42336,0,0.42336,460.49,0,1.02816,0,0,3.31544,2.28728,1.028160,1,0,204.832,0,0,0,204.832,0
72.29,2.28209,0,0,6.44839,0.271715,3.89458,3.6288,61.308,0.538645,0,0,3.27591,0.204382,2.53288,0.66528,12.849,1,0.405624,3.89458,0,175.728,4.1064,175.111,0.84672,12.849,0.84672,3695.15,0,0,0,2.64145,1.64902,16.2022,1.18102,19.3116,0.42336,0,0.42336,460.49,0,1.02816,0,0,3.66961,2.64145,1.028160,1,0,196.955,0,0,0,196.955,0
72.29,2.28294,0,0,6.64354,0.31856,4.04204,3.6288,61.308,0.539229,0,0,3.70717,0.193683,2.97426,0.66528,12.849,1,0.405775,4.04204,0,170.518,3.73285,170.422,0.84672,12.849,0.84672,3695.15,0,0,0,3.53202,1.71419,17.0084,1.14066,21.114,0.42336,0,0.42336,460.49,0,1.02816,0,0,4.56018,3.53202,1.028160,1,0,194.51,0,0,0,194.51,0
72.29,2.28379,0,0,6.73341,0.283762,4.16586,3.6288,61.308,0.539814,0,0,3.70036,0.209343,2.9512,0.66528,12.849,1,0.405926,4.16586,0,359.258,3.94391,359.074,0.84672,12.849,0.84672,3695.15,0,0,0,3.26232,1.71483,18.433,1.17028,22.2399,0.42336,0,0.42336,460.49,0,1.02816,0,0,4.29048,3.26232,1.028160,1,0,384.265,0,0,0,384.265,0
72.29,2.28464,0,0,6.02554,0.237365,3.50354,3.6288,61.308,0.540398,0,0,3.52223,0.230222,2.75161,0.66528,12.849,1,0.406077,3.50354,0,176.125,4.22531,174.997,0.84672,12.849,0.84672,3695.15,0,0,0,3.10732,1.71547,15.7731,1.20978,19.3861,0.42336,0,0.42336,460.49,0,1.02816,0,0,4.13548,3.10732,1.028160,1,0,197.135,0,0,0,197.135,0
72.29,2.25399,0,0,5.2057,0.230164,2.72155,3.6288,61.308,0.517419,0,0,3.00797,0.221663,2.26889,0.66528,12.849,1,0.40063,2.72155,0,148.014,4.28852,146.046,0.84672,12.849,0.84672,3695.15,0,0,0,2.63292,1.71611,13.4978,1.18255,16.6643,0.42336,0,0.42336,460.49,0,1.02816,0,0,3.66108,2.63292,1.028160,1,0,164.979,0,0,0,164.979,0
72.29,2.25483,0,0,4.66576,0.227214,2.18371,3.6288,61.308,0.517995,0,0,2.69652,0.211223,1.9673,0.66528,12.849,1,0.400779,2.18371,0,142.684,4.66449,139.802,0.84672,12.849,0.84672,3695.15,0,0,0,2.01792,1.69159,11.9465,1.17269,14.4834,0.42336,0,0.42336,460.49,0,1.02816,0,0,3.04608,2.01792,1.028160,1,0,156.253,0,0,0,156.253,0
72.29,2.25567,0,0,4.81012,0.195574,2.35888,3.6288,61.308,0.518571,0,0,3.05247,0.228086,2.30581,0.66528,12.849,1,0.400928,2.35888,0,144.615,4.86285,141.711,0.84672,12.849,0.84672,3695.15,0,0,0,2.46408,1.69222,9.39609,1.20374,12.3487,0.42336,0,0.42336,460.49,0,1.02816,0,0,3.49224,2.46408,1.028160,1,0,156.365,0,0,0,156.365,0
72.29,2.25651,0,0,4.11959,0.167329,1.69575,3.6288,61.308,0.519147,0,0,2.6102,0.237447,1.8536,0.66528,12.849,1,0.401078,1.69575,0,125.194,4.94623,121.543,0.84672,12.849,0.84672,3695.15,0,0,0,2.03907,1.69285,8.59006,1.20956,11.1124,0.42336,0,0.42336,460.49,0,1.02816,0,0,3.06723,2.03907,1.028160,1,0,134.509,0,0,0,134.509,0
72.29,2.36443,0,0,3.76836,0.167329,1.2366,3.6288,61.308,0.603409,0,0,2.37044,0.237447,1.52959,0.66528,12.849,1,0.42026,1.2366,0,119.267,4.94623,115.138,0.84672,12.849,0.84672,3695.15,0,0,0,1.76984,1.69348,8.08142,1.20956,10.3352,0.42336,0,0.42336,460.49,0,1.02816,0,0,2.798,1.76984,1.028160,1,0,127.002,0,0,0,127.002,0
72.29,2.36531,0,0,3.65977,0.146466,1.148,3.6288,61.308,0.604017,0,0,2.09301,0.184432,1.30457,0.66528,12.849,1,0.420416,1.148,0,96.7455,4.23515,93.238,0.84672,12.849,0.84672,3695.15,0,0,0,1.56203,1.7824,7.75302,0.939319,10.1581,0.42336,0,0.42336,460.49,0,1.02816,0,0,2.59019,1.56203,1.028160,1,0,104.701,0,0,0,104.701,0
72.29,2.36619,0,0,3.39733,0.142988,0.888153,3.6288,61.308,0.604624,0,0,1.97366,0.175596,1.19344,0.66528,12.849,1,0.420573,0.888153,0,85.8142,4.11663,82.1652,0.84672,12.849,0.84672,3695.15,0,0,0,1.33587,1.78307,7.41727,0.894279,9.64193,0.42336,0,0.42336,460.49,0,1.02816,0,0,2.36403,1.33587,1.028160,1,0,93.0005,0,0,0,93.0005,0
72.29,2.36707,0,0,3.18651,0.142988,0.676448,3.6288,61.308,0.605232,0,0,1.90625,0.175596,1.12542,0.66528,12.849,1,0.420729,0.676448,0,79.4958,4.11663,75.6349,0.84672,12.849,0.84672,3695.15,0,0,0,1.21421,1.78373,7.2258,0.894279,9.32947,0.42336,0,0.42336,460.49,0,1.02816,0,0,2.24237,1.21421,1.028160,1,0,86.0898,0,0,0,86.0898,0
72.29,2.36795,0,0,3.04695,0.143259,0.535734,3.6288,61.308,0.60584,0,0,1.78069,0.186787,0.98806,0.66528,12.849,1,0.420886,0.535734,0,75.4117,4.27469,71.2518,0.84672,12.849,0.84672,3695.15,0,0,0,1.1387,1.78439,7.13215,0.941466,9.11377,0.42336,0,0.42336,460.49,0,1.02816,0,0,2.16686,1.1387,1.028160,1,0,81.3536,0,0,0,81.3536,0
72.29,2.34762,0,0,3.12154,0.113405,0.660513,3.6288,61.308,0.652529,0,0,1.46144,0.258127,0.550783,0.66528,12.849,1,0.417272,0.660513,0,70.797,5.32426,65.716,0.84672,12.849,0.84672,3695.15,0,0,0,0.988805,1.78506,6.43017,1.22303,7.981,0.42336,0,0.42336,460.49,0,1.02816,0,0,2.01696,0.988805,1.028160,1,0,74.2478,0,0,0,74.2478,0
72.29,2.34849,0,0,3.25598,0.115326,0.792157,3.6288,61.308,0.653154,0,0,1.21987,0.255898,0.310821,0.66528,12.849,1,0.417427,0.792157,0,68.3433,5.33274,63.3853,0.84672,12.849,0.84672,3695.15,0,0,0,0.844802,1.81664,5.59096,1.20092,7.05148,0.42336,0,0.42336,460.49,0,1.02816,0,0,1.87296,0.844802,1.028160,1,0,70.7476,0,0,0,70.7476,0
72.29,2.34937,0,0,3.10427,0.115326,0.639582,3.6288,61.308,0.653779,0,0,1.17685,0.255898,0.267177,0.66528,12.849,1,0.417582,0.639582,0,66.541,5.33274,61.4302,0.84672,12.849,0.84672,3695.15,0,0,0,0.788495,1.81732,5.29443,1.20092,6.69932,0.42336,0,0.42336,460.49,0,1.02816,0,0,1.81666,0.788495,1.028160,1,0,68.3967,0,0,0,68.3967,0
72.29,2.35024,0,0,2.93252,0.0905552,0.491724,3.6288,61.308,0.654405,0,0,1.12056,0.294959,0.171201,0.66528,12.849,1,0.417737,0.491724,0,62.7502,5.99157,56.8327,0.84672,12.849,0.84672,3695.15,0,0,0,0.78179,1.81799,5.14547,1.40326,6.34199,0.42336,0,0.42336,460.49,0,1.02816,0,0,1.80995,0.78179,1.028160,1,0,63.3459,0,0,0,63.3459,0
72.0795,2.40598,0,0,2.65213,0.0937184,0.36288,3.6288,61.308,0.66528,0,0,1.04796,0.287625,0.095058,0.66528,12.849,1,0.427645,0.36288,0,59.6614,6.09054,53.5061,0.84672,12.849,0.84672,3695.15,0,0,0,0.657582,1.81867,4.81012,1.40247,5.88391,0.42336,0,0.42336,460.49,0,1.02816,0,0,1.68574,0.657582,1.028160,1,0,59.4851,0,0,0,59.4851,0
71.6035,2.40582,0,0,2.37484,0.0821519,0.36288,3.6288,60.8597,1.01496,0,0,0.877288,0.310588,0,0.66528,12.849,1,0.428865,0.36288,0,53.5432,5.92305,47.5542,0.84672,12.849,0.84672,3695.15,0,0,0,0.261274,1.86323,3.59596,1.44956,4.27091,0.42336,0,0.42336,460.49,0,0.678482,0,0,0.939755,0.261274,1.028160,1,0,51.8251,0,0,0,51.8251,0
71.0053,2.40429,0,0,2.25075,0.0818547,0.36288,3.6288,60.4454,0.889497,0,0,0.784849,0.309708,0,0.66528,12.849,1,0.431442,0.36288,0,47.31,5.92305,41.3184,0.84672,12.849,0.84672,3695.15,0,0,0,0.227405,1.86392,3.75588,1.44956,4.39765,0.42336,0,0.42336,460.49,0,0.803943,0,0,1.03135,0.227405,1.028160,1,0,45.7161,0,0,0,45.7161,0
70.2628,2.40211,0,0,2.10406,0.0814812,0.36288,3.6288,59.8844,0.978229,0,0,0.726175,0.308895,0,0.66528,12.849,1,0.434682,0.36288,0,44.9849,5.92305,38.9901,0.84672,12.849,0.84672,3695.15,0,0,0,0.227405,1.86462,3.29564,1.44956,3.93811,0.42336,0,0.42336,460.49,0,0.715211,0,0,0.942615,0.227405,1.028160,1,0,42.9282,0,0,0,42.9282,0
69.3354,2.55934,0,0,2.07578,0.0810176,0.36288,3.6288,59.4476,0.9147,0,0,0.785652,0.307793,0,0.66528,12.849,1,0.468029,0.36288,0,41.7417,5.92305,35.7135,0.84672,12.849,0.84672,3695.15,0,0,0,0.227405,1.86531,3.72701,1.44956,4.37017,0.42336,0,0.42336,460.49,0,0.77874,0,0,1.00615,0.227405,1.028160,1,0,40.0837,0,0,0,40.0837,0
68.2249,2.55501,0,0,1.91177,0.104354,0.36288,3.6288,58.8589,0.96571,0,0,0.651046,0.274081,0,0.66528,12.849,1,0.473486,0.36288,0,40.1805,5.28045,34.7894,0.84672,12.849,0.84672,3695.15,0,0,0,0.227405,2.01639,3.80238,1.33035,4.71582,0.42336,0,0.42336,460.49,0,0.72773,0,0,0.955135,0.227405,1.028160,1,0,39.5053,0,0,0,39.5053,0
67.1567,2.54947,0,0,1.97042,0.126238,0.36288,3.6288,58.1749,1.02916,0,0,0.598037,0.252817,0,0.66528,12.849,1,0.48015,0.36288,0,36.8366,4.81404,31.9052,0.84672,12.849,0.84672,3695.15,0,0,0,0.204422,2.01714,3.51603,1.24083,4.49676,0.42336,0,0.42336,460.49,0,0.664278,0,0,0.8687,0.204422,1.028160,1,0,36.402,0,0,0,36.402,0
65.544,2.54401,0,0,1.42894,0.134829,0.36288,3.6288,57.3581,1.08069,0,0,0.515743,0.251866,0,0.66528,12.849,1,0.486741,0.36288,0,35.3236,4.85844,30.3413,0.84672,12.849,0.84672,3695.15,0,0,0,0.204422,2.01789,2.50236,1.23214,3.49253,0.42336,0,0.42336,460.49,0,0.612749,0,0,0.817171,0.204422,1.028160,1,0,33.8338,0,0,0,33.8338,0
64.0718,2.53493,0,0,1.56589,0.140255,0.36288,3.6288,56.5557,1.10158,0,0,0.549862,0.250657,0,0.66528,12.849,1,0.496939,0.36288,0,31.5596,4.89174,26.5338,0.84672,12.849,0.84672,3695.15,0,0,0,0.204422,2.01864,2.58215,1.22562,3.57959,0.42336,0,0.42336,460.49,0,0.591857,0,0,0.79628,0.204422,1.028160,1,0,30.1134,0,0,0,30.1134,0
62.5934,2.44928,0,0,1.49803,0.164286,0.36288,3.6288,56.4037,0.66528,0,0,0.761567,0.24832,0,0.66528,12.849,1,0.49118,0.36288,0,34.5159,5.01279,29.3748,0.84672,12.849,0.84672,3695.15,0,0,0,0.318851,2.01939,2.95445,1.27817,4.01452,0.42336,0,0.42336,460.49,0,1.02816,0,0,1.34701,0.318851,1.028160,1,0,33.3894,0,0,0,33.3894,0
61.1857,2.44056,0,0,1.62938,0.233619,0.36288,3.6288,55.3386,1.27123,0,0,0.431062,0.224936,0,0.66528,12.849,1,0.500992,0.36288,0,40.4371,3.9854,36.3136,0.84672,12.849,0.84672,3695.15,0,0,0,0.216518,1.93294,2.73297,1.00492,3.87752,0.42336,0,0.42336,460.49,0,0.422213,0,0,0.638731,0.216518,1.028160,1,0,40.1911,0,0,0,40.1911,0
59.9202,2.43194,0,0,1.77422,0.24491,0.36288,3.6288,54.973,0.87836,0,0,0.733054,0.220276,0,0.66528,12.849,1,0.510707,0.36288,0,43.3119,3.89634,39.2677,0.84672,12.849,0.84672,3695.15,0,0,0,0.216518,1.93366,3.8256,0.993993,4.98179,0.42336,0,0.42336,460.49,0,0.81508,0,0,1.0316,0.216518,1.028160,1,0,44.2495,0,0,0,44.2495,0
58.6097,2.42395,0,0,1.71857,0.24223,0.36288,3.6288,54.6118,0.875474,0,0,0.734003,0.219747,0,0.66528,12.849,1,0.519781,0.36288,0,41.5449,3.89634,37.4917,0.84672,12.849,0.84672,3695.15,0,0,0,0.216518,1.93438,3.50273,0.993993,4.65964,0.42336,0,0.42336,460.49,0,0.817966,0,0,1.03448,0.216518,1.028160,1,0,42.1513,0,0,0,42.1513,0
57.3047,2.35292,0,0,1.64996,0.239192,0.36288,3.6288,54.3619,0.780883,0,0,0.750209,0.219225,0,0.66528,12.849,1,0.515831,0.36288,0,39.5876,3.89634,35.5383,0.84672,12.849,0.84672,3695.15,0,0,0,0.216518,1.9351,3.46373,0.993993,4.62136,0.42336,0,0.42336,460.49,0,0.912557,0,0,1.12908,0.216518,1.028160,1,0,40.1597,0,0,0,40.1597,0
55.6306,2.33979,0,0,1.31688,0.288265,0.36288,3.6288,53.4856,1.11031,0,0,0.453756,0.219698,0,0.66528,12.849,1,0.524633,0.36288,0,35.7034,3.94653,31.5951,0.84672,12.849,0.84672,3695.15,0,0,0,0.216518,1.85789,3.4785,0.998531,4.55437,0.42336,0,0.42336,460.49,0,0.583127,0,0,0.799646,0.216518,1.028160,1,0,36.1495,0,0,0,36.1495,0
56.5568,2.32834,0,0,3.90094,0.283528,0.36288,3.6288,54.0952,0.66528,0,0,1.49314,0.218326,0,0.66528,12.849,1,0.537777,0.36288,0,67.1144,3.94653,62.993,0.84672,12.849,0.84672,3695.15,0,0,0,1.79923,1.86173,6.1268,0.998531,8.78923,0.42336,0,0.42336,460.49,0,1.02816,0,0,2.82739,1.79923,1.028160,1,0,71.7822,0,0,0,71.7822,0
56.6312,2.3369,0,0,3.06648,0.292263,0.36288,3.6288,54.3626,0.66528,0,0,1.15429,0.221518,0,0.66528,12.849,1,0.530915,0.36288,0,75.8115,3.88512,71.7584,0.84672,12.849,0.84672,3695.15,0,0,0,1.53076,1.86205,5.85474,0.977319,8.27023,0.42336,0,0.42336,460.49,0,1.02816,0,0,2.55892,1.53076,1.028160,1,0,80.0286,0,0,0,80.0286,0
57.3768,2.1625,0,0,3.60011,0.329195,0.36288,3.6288,54.9801,0.514848,0,0,1.36744,0.235179,0,0.66528,12.849,1,0.490647,0.36288,0,40.0842,3.51666,36.4398,0.84672,12.849,0.84672,3695.15,0,0,0,1.54964,1.86237,5.67899,0.850046,8.24095,0.42336,0,0.42336,460.49,0,1.02816,0,0,2.5778,1.54964,1.028160,1,0,44.6808,0,0,0,44.6808,0
57.584,2.17137,0,0,3.01212,0.270685,0.36288,3.6288,55.4174,0.511921,0,0,1.15603,0.206732,0,0.66528,12.849,1,0.486258,0.36288,0,44.8424,3.67026,41.0487,0.84672,12.849,0.84672,3695.15,0,0,0,1.23543,1.68933,5.25,0.962685,7.21208,0.42336,0,0.42336,460.49,0,1.02816,0,0,2.26359,1.23543,1.028160,1,0,48.2608,0,0,0,48.2608,0
62.2577,2.17361,0,0,7.45703,0.246812,0.36288,3.6288,56.2962,0.512493,0,0,1.58678,0.195531,0,0.66528,12.849,1,0.485008,0.36288,0,104.168,3.7317,100.314,0.84672,12.849,0.84672,3695.15,0,0,0,1.85293,1.68791,7.2805,1.00774,9.8136,0.42336,0,0.42336,460.49,0,1.02816,0,0,2.88109,1.85293,1.028160,1,0,110.128,0,0,0,110.128,0
64.9221,2.2046,0,0,5.48946,0.257518,0.36288,3.6288,56.364,0.513064,0,0,0.777514,0.196659,0,0.66528,12.849,1,0.454995,0.36288,0,79.5865,3.7317,75.7627,0.84672,12.849,0.84672,3695.15,0,0,0,1.10772,1.68853,6.61116,1.00774,8.39966,0.42336,0,0.42336,460.49,0,1.02816,0,0,2.13588,1.10772,1.028160,1,0,84.1623,0,0,0,84.1623,0
66.8163,2.22102,0,0,4.74123,0.263153,0.36288,3.6288,56.535,0.513635,0,0,0.881383,0.196746,0,0.66528,12.849,1,0.43957,0.36288,0,89.6236,3.7317,85.8152,0.84672,12.849,0.84672,3695.15,0,0,0,1.39392,1.68916,6.92436,1.00774,8.99969,0.42336,0,0.42336,460.49,0,1.02816,0,0,2.42208,1.39392,1.028160,1,0,94.8149,0,0,0,94.8149,0
67.9551,2.3022,0,0,4.12024,0.31638,0.36288,3.6288,57.0071,0.564062,0,0,1.26808,0.231951,0,0.66528,12.849,1,0.442721,0.36288,0,93.5332,4.33224,89.1211,0.84672,12.849,0.84672,3695.15,0,0,0,1.37373,1.68978,6.839,1.19053,8.71198,0.42336,0,0.42336,460.49,0,1.02816,0,0,2.40189,1.37373,1.028160,1,0,97.8331,0,0,0,97.8331,0
69.8337,2.30927,0,0,4.84585,0.295159,0.36288,3.6288,57.4398,0.56463,0,0,1.20631,0.208909,0,0.66528,12.849,1,0.436638,0.36288,0,111.958,4.55658,107.328,0.84672,12.849,0.84672,3695.15,0,0,0,0.773306,1.74455,6.70385,1.40007,7.82164,0.42336,0,0.42336,460.49,0,1.02816,0,0,1.80147,0.773306,1.028160,1,0,115.149,0,0,0,115.149,0
71.6988,2.32002,0,0,4.83888,0.290814,0.36288,3.6288,57.8446,0.565199,0,0,1.18505,0.215062,0,0.66528,12.849,1,0.42687,0.36288,0,159.439,4.53936,154.836,0.84672,12.849,0.84672,3695.15,0,0,0,0.729518,1.74517,6.86659,1.4651,7.87618,0.42336,0,0.42336,460.49,0,1.02816,0,0,1.75768,0.729518,1.028160,1,0,162.712,0,0,0,162.712,0
72.29,2.33026,0,0,5.83967,0.295008,2.62323,3.6288,58.7845,0.565767,0,0,1.72123,0.215626,0,0.66528,12.849,1,0.417602,2.62323,0,171.459,4.53936,169.125,0.84672,12.849,0.84672,3695.15,0,0,0,1.318,1.7458,8.72882,1.4651,10.3275,0.42336,0,0.42336,460.49,0,1.02816,0,0,2.34616,1.318,1.028160,1,0,179.453,0,0,0,179.453,0
72.29,2.56165,0,0,9.13219,0.296337,6.27421,3.6288,60.4275,0.66528,0,0,2.52524,0.216936,0,0.66528,12.849,1,0.455314,6.27421,0,202.319,4.53936,203.599,0.84672,12.849,0.84672,3695.15,0,0,0,1.86513,1.74642,10.8826,1.4651,13.029,0.42336,0,0.42336,460.49,0,1.02816,0,0,2.89329,1.86513,1.028160,1,0,216.628,0,0,0,216.628,0
72.29,2.56256,0,0,6.97194,0.341717,4.06766,3.6288,61.308,0.66528,0,0,2.27436,0.240573,0.487993,0.66528,12.849,1,0.455476,4.06766,0,178.534,4.58652,177.56,0.84672,12.849,0.84672,3695.15,0,0,0,1.7702,1.94213,8.97651,1.26085,11.428,0.42336,0,0.42336,460.49,0,1.02816,0,0,2.79836,1.7702,1.028160,1,0,189.476,0,0,0,189.476,0
72.29,2.56348,0,0,6.47317,0.349281,3.56041,3.6288,61.308,0.66528,0,0,1.973,0.245497,1.06223,0.66528,12.849,1,0.455639,3.56041,0,158.332,4.59438,156.843,0.84672,12.849,0.84672,3695.15,0,0,0,2.20202,1.94283,10.8668,1.22681,13.7848,0.42336,0,0.42336,460.49,0,1.02816,0,0,3.23018,2.20202,1.028160,1,0,171.69,0,0,0,171.69,0
72.29,2.56439,0,0,5.30787,0.358062,2.38542,3.6288,61.308,0.66528,0,0,1.8243,0.199761,0.959261,0.66528,12.849,1,0.455801,2.38542,0,171.879,4.13216,169.676,0.84672,12.849,0.84672,3695.15,0,0,0,1.38643,1.94352,10.7646,1.10426,12.9903,0.42336,0,0.42336,460.49,0,1.02816,0,0,2.41459,1.38643,1.028160,1,0,183.626,0,0,0,183.626,0
72.29,2.24014,0,0,4.05254,0.361574,1.45083,3.6288,61.308,0.504401,0,0,1.46388,0.181466,0.778008,0.66528,12.849,1,0.398167,1.45083,0,137.064,3.94727,134.169,0.84672,12.849,0.84672,3695.15,0,0,0,0.714787,1.94421,8.41475,1.05523,10.0185,0.42336,0,0.42336,460.49,0,1.02816,0,0,1.74295,0.714787,1.028160,1,0,144.966,0,0,0,144.966,0
72.29,2.24094,0,0,7.38628,0.367841,4.77751,3.6288,61.308,0.504947,0,0,3.92698,0.235955,3.18607,0.66528,12.849,1,0.398309,4.77751,0,214.803,4.03142,215.151,0.84672,12.849,0.84672,3695.15,0,0,0,2.52373,1.67847,13.8501,0.863359,17.1889,0.42336,0,0.42336,460.49,0,1.02816,0,0,3.55189,2.52373,1.028160,1,0,235.526,0,0,0,235.526,0
72.29,2.24173,0,0,8.83768,0.368885,6.22706,3.6288,61.308,0.505494,0,0,5.00437,0.245036,4.25384,0.66528,12.849,1,0.398451,6.22706,0,306.263,4.04544,308.046,0.84672,12.849,0.84672,3695.15,0,0,0,3.38621,1.67907,17.9085,0.83138,22.1424,0.42336,0,0.42336,460.49,0,1.02816,0,0,4.41437,3.38621,1.028160,1,0,334.442,0,0,0,334.442,0
72.29,2.24253,0,0,7.93092,0.323573,5.36481,3.6288,61.308,0.50604,0,0,4.39417,0.220971,3.66716,0.66528,12.849,1,0.398593,5.36481,0,280.477,3.69666,281.746,0.84672,12.849,0.84672,3695.15,0,0,0,3.62354,1.67967,15.9889,0.781278,20.5109,0.42336,0,0.42336,460.49,0,1.02816,0,0,4.6517,3.62354,1.028160,1,0,305.924,0,0,0,305.924,0
72.29,2.24333,0,0,9.14034,0.322696,6.57431,3.6288,61.308,0.506587,0,0,3.27851,0.274285,2.49764,0.66528,12.849,1,0.398735,6.57431,0,228.325,4.37487,230.126,0.84672,12.849,0.84672,3695.15,0,0,0,2.83426,1.68027,16.5834,1.00016,20.0978,0.42336,0,0.42336,460.49,0,1.02816,0,0,3.86242,2.83426,1.028160,1,0,252.721,0,0,0,252.721,0
72.29,2.32613,0,0,8.01783,0.286856,5.40485,3.6288,61.308,0.568882,0,0,4.76721,0.214924,3.9834,0.66528,12.849,1,0.413452,5.40485,0,260.746,4.00821,261.729,0.84672,12.849,0.84672,3695.15,0,0,0,3.30364,1.68087,15.6454,0.811352,19.8186,0.42336,0,0.42336,460.49,0,1.02816,0,0,4.3318,3.30364,1.028160,1,0,285.531,0,0,0,285.531,0
72.29,2.32696,0,0,11.1994,0.284378,8.58809,3.6288,61.308,0.569451,0,0,6.70419,0.206448,5.92829,0.66528,12.849,1,0.413599,8.58809,0,273.454,4.4617,277.167,0.84672,12.849,0.84672,3695.15,0,0,0,4.62467,1.74727,18.8554,0.800243,24.4271,0.42336,0,0.42336,460.49,0,1.02816,0,0,5.65283,4.62467,1.028160,1,0,307.522,0,0,0,307.522,0
72.29,2.32778,0,0,8.54254,0.27305,5.94171,3.6288,61.308,0.57002,0,0,6.15126,0.200432,5.3808,0.66528,12.849,1,0.413746,5.94171,0,263.496,4.37451,264.649,0.84672,12.849,0.84672,3695.15,0,0,0,4.26381,1.74789,16.588,0.787717,21.812,0.42336,0,0.42336,460.49,0,1.02816,0,0,5.29197,4.26381,1.028160,1,0,291.842,0,0,0,291.842,0
72.29,2.32861,0,0,6.79225,0.27305,4.19059,3.6288,61.308,0.57059,0,0,4.26327,0.200432,3.49225,0.66528,12.849,1,0.413894,4.19059,0,216.238,4.37451,215.64,0.84672,12.849,0.84672,3695.15,0,0,0,3.49783,1.74852,10.8518,0.787717,15.3104,0.42336,0,0.42336,460.49,0,1.02816,0,0,4.52599,3.49783,1.028160,1,0,234.442,0,0,0,234.442,0
72.29,2.29734,0,0,6.42265,0.26775,3.85756,3.6288,61.308,0.547142,0,0,4.08423,0.203588,3.3335,0.66528,12.849,1,0.408334,3.85756,0,179.236,4.5511,178.134,0.84672,12.849,0.84672,3695.15,0,0,0,3.24795,1.74914,9.56578,0.811157,13.7517,0.42336,0,0.42336,460.49,0,1.02816,0,0,4.27611,3.24795,1.028160,1,0,195.219,0,0,0,195.219,0
72.29,2.29816,0,0,5.67268,0.204705,3.16982,3.6288,61.308,0.547703,0,0,1.91386,0.204759,1.16139,0.66528,12.849,1,0.40848,3.16982,0,145.497,4.92225,143.336,0.84672,12.849,0.84672,3695.15,0,0,0,1.14283,1.72412,7.3815,0.941784,9.30666,0.42336,0,0.42336,460.49,0,1.02816,0,0,2.17099,1.14283,1.028160,1,0,153.804,0,0,0,153.804,0
72.29,2.29897,0,0,5.38499,0.192206,2.89381,3.6288,61.308,0.548264,0,0,1.88236,0.197652,1.13645,0.66528,12.849,1,0.408625,2.89381,0,155.48,4.64688,153.319,0.84672,12.849,0.84672,3695.15,0,0,0,1.5156,1.72474,6.65099,0.937778,8.95355,0.42336,0,0.42336,460.49,0,1.02816,0,0,2.54376,1.5156,1.028160,1,0,163.409,0,0,0,163.409,0
72.29,2.29979,0,0,4.596,0.192206,2.104,3.6288,61.308,0.548825,0,0,1.81695,0.197652,1.07047,0.66528,12.849,1,0.408771,2.104,0,121.268,4.64688,118.317,0.84672,12.849,0.84672,3695.15,0,0,0,1.43724,1.72535,6.02808,0.937778,8.25289,0.42336,0,0.42336,460.49,0,1.02816,0,0,2.4654,1.43724,1.028160,1,0,127.64,0,0,0,127.64,0
72.29,2.40975,0,0,4.1802,0.181182,1.58928,3.6288,61.308,0.634677,0,0,1.74829,0.200149,0.91346,0.66528,12.849,1,0.428314,1.58928,0,110.826,4.697,107.29,0.84672,12.849,0.84672,3695.15,0,0,0,1.08253,1.72596,5.85541,0.955559,7.70835,0.42336,0,0.42336,460.49,0,1.02816,0,0,2.11069,1.08253,1.028160,1,0,115.912,0,0,0,115.912,0
72.29,2.4106,0,0,4.07049,0.116912,1.54297,3.6288,61.308,0.635269,0,0,1.56973,0.24222,0.692243,0.66528,12.849,1,0.428466,1.54297,0,100.892,5.19358,96.8128,0.84672,12.849,0.84672,3695.15,0,0,0,0.829846,1.81656,5.66451,1.09634,7.21457,0.42336,0,0.42336,460.49,0,1.02816,0,0,1.85801,0.829846,1.028160,1,0,104.72,0,0,0,104.72,0
72.29,2.41146,0,0,3.89775,0.117663,1.36862,3.6288,61.308,0.635861,0,0,1.47028,0.253054,0.581362,0.66528,12.849,1,0.428619,1.36862,0,92.8783,5.27195,88.5463,0.84672,12.849,0.84672,3695.15,0,0,0,0.680279,1.81721,5.25576,1.10998,6.64326,0.42336,0,0.42336,460.49,0,1.02816,0,0,1.70844,0.680279,1.028160,1,0,95.771,0,0,0,95.771,0
72.29,2.41232,0,0,3.70783,0.117663,1.17785,3.6288,61.308,0.636453,0,0,1.43891,0.253054,0.549407,0.66528,12.849,1,0.428771,1.17785,0,86.9279,5.27195,82.405,0.84672,12.849,0.84672,3695.15,0,0,0,0.640405,1.81785,5.03408,1.10998,6.38235,0.42336,0,0.42336,460.49,0,1.02816,0,0,1.66857,0.640405,1.028160,1,0,89.3368,0,0,0,89.3368,0
72.29,2.41318,0,0,3.57143,0.117663,1.04059,3.6288,61.308,0.637045,0,0,1.38227,0.253054,0.492171,0.66528,12.849,1,0.428924,1.04059,0,82.0757,5.27195,77.4154,0.84672,12.849,0.84672,3695.15,0,0,0,0.681091,1.8185,3.9631,1.10998,5.35271,0.42336,0,0.42336,460.49,0,1.02816,0,0,1.70925,0.681091,1.028160,1,0,83.2603,0,0,0,83.2603,0
72.29,2.39241,0,0,3.7639,0.108037,1.26344,3.6288,61.308,0.66528,0,0,1.44034,0.266922,0.508137,0.66528,12.849,1,0.425233,1.26344,0,85.8306,5.17464,81.4942,0.84672,12.849,0.84672,3695.15,0,0,0,1.08245,1.81915,5.93683,1.12475,7.71368,0.42336,0,0.42336,460.49,0,1.02816,0,0,2.11061,1.08245,1.028160,1,0,89.716,0,0,0,89.716,0
72.29,2.39326,0,0,3.99447,0.104236,1.49697,3.6288,61.308,0.66528,0,0,1.55812,0.271881,0.62096,0.66528,12.849,1,0.425385,1.49697,0,96.5641,4.98057,92.6551,0.84672,12.849,0.84672,3695.15,0,0,0,1.40966,1.8513,8.68527,1.11248,10.8338,0.42336,0,0.42336,460.49,0,1.02816,0,0,2.43782,1.40966,1.028160,1,0,104.11,0,0,0,104.11,0
72.29,2.39412,0,0,3.79978,0.0850965,1.32056,3.6288,61.308,0.66528,0,0,1.49067,0.30297,0.522418,0.66528,12.849,1,0.425536,1.32056,0,92.3832,5.41491,87.8633,0.84672,12.849,0.84672,3695.15,0,0,0,1.38568,1.85196,8.27358,1.25948,10.2517,0.42336,0,0.42336,460.49,0,1.02816,0,0,2.41384,1.38568,1.028160,1,0,98.6375,0,0,0,98.6375,0
72.29,2.39497,0,0,3.56613,0.084539,1.08663,3.6288,61.308,0.66528,0,0,1.45253,0.29978,0.487471,0.66528,12.849,1,0.425687,1.08663,0,89.1432,5.76628,84.0379,0.84672,12.849,0.84672,3695.15,0,0,0,1.45345,1.85262,8.21146,1.30618,10.2113,0.42336,0,0.42336,460.49,0,1.02816,0,0,2.48161,1.45345,1.028160,1,0,94.7367,0,0,0,94.7367,0
72.29,2.45173,0,0,3.28655,0.084539,0.750282,3.6288,61.308,0.66528,0,0,1.40208,0.29978,0.437022,0.66528,12.849,1,0.435777,0.750282,0,84.0681,5.76628,78.6163,0.84672,12.849,0.84672,3695.15,0,0,0,1.30359,1.85328,7.49943,1.30618,9.35012,0.42336,0,0.42336,460.49,0,1.02816,0,0,2.33175,1.30359,1.028160,1,0,88.4034,0,0,0,88.4034,0
72.0098,2.4526,0,0,2.62825,0.0929833,0.36288,3.6288,61.308,0.66528,0,0,0.950417,0.278745,0.00639182,0.66528,12.849,1,0.435932,0.36288,0,54.3053,5.46255,48.7697,0.84672,12.849,0.84672,3695.15,0,0,0,0.712791,1.89866,5.39826,1.36095,6.64876,0.42336,0,0.42336,460.49,0,1.02816,0,0,1.74095,0.712791,1.028160,1,0,55.4249,0,0,0,55.4249,0
72.1339,2.45203,0,0,3.01622,0.0772417,0.36288,3.6288,61.308,0.66528,0,0,1.2742,0.292073,0.316849,0.66528,12.849,1,0.437527,0.36288,0,72.6459,5.57644,66.9948,0.84672,12.849,0.84672,3695.15,0,0,0,1.14432,1.89933,6.37891,1.42842,7.99415,0.42336,0,0.42336,460.49,0,1.02816,0,0,2.17248,1.14432,1.028160,1,0,75.3058,0,0,0,75.3058,0
71.9856,2.45354,0,0,2.74547,0.0773146,0.36288,3.6288,61.308,0.66528,0,0,1.05095,0.292073,0.0935996,0.66528,12.849,1,0.437043,0.36288,0,58.5122,5.57644,52.8616,0.84672,12.849,0.84672,3695.15,0,0,0,1.19125,1.90001,5.92736,1.42842,7.5902,0.42336,0,0.42336,460.49,0,1.02816,0,0,2.21941,1.19125,1.028160,1,0,60.5454,0,0,0,60.5454,0
71.1221,2.92034,0,0,2.49699,0.0772275,0.36288,3.6288,61.308,0.418385,0,0,0.978748,0.292073,0.26829,0.66528,12.849,1,0.521263,0.36288,0,54.5466,5.57644,48.8117,0.84672,12.849,0.84672,3695.15,0,0,0,0.845329,1.90068,5.28244,1.42842,6.60004,0.42336,0,0.42336,460.49,0,1.02816,0,0,1.87349,0.845329,1.028160,1,0,55.6801,0,0,0,55.6801,0
69.72,2.91589,0,0,1.97583,0.0992217,0.36288,3.6288,61.308,0.419049,0,0,0.952102,0.28316,0.249893,0.66528,12.849,1,0.526787,0.36288,0,44.6213,5.34748,39.1099,0.84672,12.849,0.84672,3695.15,0,0,0,0.799926,1.76256,4.49104,1.39619,5.65733,0.42336,0,0.42336,460.49,0,1.02816,0,0,1.82809,0.799926,1.028160,1,0,45.0171,0,0,0,45.0171,0
67.8326,2.90784,0,0,1.49823,0.114852,0.36288,3.6288,61.308,0.419713,0,0,0.820256,0.276476,0.124066,0.66528,12.849,1,0.5359,0.36288,0,34.0317,5.17576,28.683,0.84672,12.849,0.84672,3695.15,0,0,0,0.551388,1.76327,3.46123,1.37201,4.40387,0.42336,0,0.42336,460.49,0,1.02816,0,0,1.57955,0.551388,1.028160,1,0,33.2109,0,0,0,33.2109,0
66.1386,2.89621,0,0,1.67826,0.113174,0.36288,3.6288,61.308,0.420378,0,0,0.841424,0.276476,0.14457,0.66528,12.849,1,0.548606,0.36288,0,33.8278,5.17576,28.4663,0.84672,12.849,0.84672,3695.15,0,0,0,0.595382,1.76398,3.70974,1.37201,4.69709,0.42336,0,0.42336,460.49,0,1.02816,0,0,1.62354,0.595382,1.028160,1,0,33.3079,0,0,0,33.3079,0
65.4452,2.88534,0,0,2.68592,0.13108,0.36288,3.6288,61.308,0.421043,0,0,1.0341,0.272185,0.340877,0.66528,12.849,1,0.560547,0.36288,0,56.1991,5.05702,50.9444,0.84672,12.849,0.84672,3695.15,0,0,0,0.944266,1.7647,4.04393,1.35745,5.39545,0.42336,0,0.42336,460.49,0,1.02816,0,0,1.97243,0.944266,1.028160,1,0,56.6808,0,0,0,56.6808,0
65.6434,2.50426,0,0,3.20421,0.138874,0.36288,3.6288,61.308,0.66528,0,0,1.21994,0.247886,0.306776,0.66528,12.849,1,0.491667,0.36288,0,54.0184,4.88238,49.0072,0.84672,12.849,0.84672,3695.15,0,0,0,0.690924,1.76541,4.4138,1.22316,5.64698,0.42336,0,0.42336,460.49,0,1.02816,0,0,1.71908,0.690924,1.028160,1,0,54.961,0,0,0,54.961,0
64.7774,2.50639,0,0,2.16018,0.156896,0.36288,3.6288,61.1926,0.845205,0,0,0.938036,0.208262,0,0.66528,12.849,1,0.4906,0.36288,0,43.1609,4.13375,38.8995,0.84672,12.849,0.84672,3695.15,0,0,0,0.204422,1.96941,5.78151,0.921965,7.03337,0.42336,0,0.42336,460.49,0,0.848235,0,0,1.05266,0.204422,1.028160,1,0,45.9329,0,0,0,45.9329,0
64.2858,2.50181,0,0,2.52883,0.155811,0.36288,3.6288,61.308,0.66528,0,0,1.38252,0.20811,0.3937,0.66528,12.849,1,0.496249,0.36288,0,47.9765,4.13375,43.7094,0.84672,12.849,0.84672,3695.15,0,0,0,1.01028,1.97011,5.18531,0.921965,7.24374,0.42336,0,0.42336,460.49,0,1.02816,0,0,2.03844,1.01028,1.028160,1,0,51.3469,0,0,0,51.3469,0
64.4607,2.49953,0,0,3.19255,0.155194,0.36288,3.6288,61.308,0.66528,0,0,1.85642,0.208262,0.982874,0.66528,12.849,1,0.499589,0.36288,0,38.9451,4.13375,34.6746,0.84672,12.849,0.84672,3695.15,0,0,0,2.25711,1.97081,7.14451,0.921965,10.4505,0.42336,0,0.42336,460.49,0,1.02816,0,0,3.28527,2.25711,1.028160,1,0,46.1079,0,0,0,46.1079,0
67.9903,2.43693,0,0,6.55442,0.225076,0.36288,3.6288,61.308,0.66528,0,0,3.44157,0.151875,2.62442,0.66528,12.849,1,0.485754,0.36288,0,133.386,3.41158,129.852,0.84672,12.849,0.84672,3695.15,0,0,0,4.67192,1.97151,9.76622,0.739859,15.6698,0.42336,0,0.42336,460.49,0,1.02816,0,0,5.70008,4.67192,1.028160,1,0,148.146,0,0,0,148.146,0
68.9701,2.45901,0,0,4.06097,0.259272,0.36288,3.6288,61.308,0.66528,0,0,2.77415,0.199571,1.9093,0.66528,12.849,1,0.464711,0.36288,0,91.6004,3.69206,87.8065,0.84672,12.849,0.84672,3695.15,0,0,0,3.11245,1.89281,9.93781,0.926611,14.0165,0.42336,0,0.42336,460.49,0,1.02816,0,0,4.14061,3.11245,1.028160,1,0,103.732,0,0,0,103.732,0
68.2649,2.46545,0,0,2.37299,0.249888,0.36288,3.6288,61.308,0.66528,0,0,1.43414,0.220051,0.548806,0.66528,12.849,1,0.459308,0.36288,0,53.3669,3.89928,49.3712,0.84672,12.849,0.84672,3695.15,0,0,0,0.934468,1.89348,6.73285,0.998205,8.56259,0.42336,0,0.42336,460.49,0,1.02816,0,0,1.96263,0.934468,1.028160,1,0,58.4826,0,0,0,58.4826,0
69.2236,2.46233,0,0,4.03249,0.248516,0.36288,3.6288,61.308,0.66528,0,0,1.81775,0.220051,0.932422,0.66528,12.849,1,0.463466,0.36288,0,94.0076,3.89928,90.0077,0.84672,12.849,0.84672,3695.15,0,0,0,0.927642,1.89415,8.71627,0.998205,10.5399,0.42336,0,0.42336,460.49,0,1.02816,0,0,1.9558,0.927642,1.028160,1,0,101.48,0,0,0,101.48,0
69.6663,2.2827,0,0,3.37732,0.289022,0.36288,3.6288,61.308,0.540188,0,0,2.66185,0.265143,1.85652,0.66528,12.849,1,0.423705,0.36288,0,68.1922,4.86349,63.2678,0.84672,12.849,0.84672,3695.15,0,0,0,2.73955,1.89482,10.3533,1.27012,13.7176,0.42336,0,0.42336,460.49,0,1.02816,0,0,3.76771,2.73955,1.028160,1,0,78.8419,0,0,0,78.8419,0
70.9444,2.28578,0,0,4.21553,0.288854,0.36288,3.6288,61.308,0.540744,0,0,2.03036,0.245748,1.24386,0.66528,12.849,1,0.421582,0.36288,0,104.947,4.6184,100.27,0.84672,12.849,0.84672,3695.15,0,0,0,1.91014,1.71889,8.73132,1.24687,11.1135,0.42336,0,0.42336,460.49,0,1.02816,0,0,2.9383,1.91014,1.028160,1,0,112.627,0,0,0,112.627,0
70.3469,2.29303,0,0,2.34931,0.290832,0.36288,3.6288,61.308,0.5413,0,0,1.6318,0.231202,0.8593,0.66528,12.849,1,0.415299,0.36288,0,73.1108,4.43457,68.6238,0.84672,12.849,0.84672,3695.15,0,0,0,0.977815,1.7195,5.7125,1.22942,7.18039,0.42336,0,0.42336,460.49,0,1.02816,0,0,2.00597,0.977815,1.028160,1,0,76.6635,0,0,0,76.6635,0
70.7133,2.29086,0,0,3.30544,0.285285,0.36288,3.6288,61.308,0.541856,0,0,1.86233,0.232672,1.0878,0.66528,12.849,1,0.418429,0.36288,0,68.0937,4.22205,63.8161,0.84672,12.849,0.84672,3695.15,0,0,0,1.34757,1.72011,8.99018,1.20316,10.8547,0.42336,0,0.42336,460.49,0,1.02816,0,0,2.37573,1.34757,1.028160,1,0,75.7585,0,0,0,75.7585,0
71.8752,2.2935,0,0,4.09563,0.277371,0.36288,3.6288,61.308,0.542413,0,0,2.16293,0.242061,1.37846,0.66528,12.849,1,0.416742,0.36288,0,98.6265,4.15927,94.4133,0.84672,12.849,0.84672,3695.15,0,0,0,1.8418,1.72071,9.40179,1.17104,11.7933,0.42336,0,0.42336,460.49,0,1.02816,0,0,2.86996,1.8418,1.028160,1,0,107.585,0,0,0,107.585,0
72.29,2.29922,0,0,6.69974,0.282457,3.70328,3.6288,61.308,0.542413,0,0,3.08296,0.232445,2.3081,0.66528,12.849,1,0.411027,3.70328,0,130.739,4.22468,129.807,0.84672,12.849,0.84672,3695.15,0,0,0,4.6737,1.72132,12.7138,1.13498,17.9738,0.42336,0,0.42336,460.49,0,1.02816,0,0,5.70186,4.6737,1.028160,1,0,150.089,0,0,0,150.089,0
72.29,2.37413,0,0,3.11159,0.294579,0.442881,3.6288,61.308,0.593755,0,0,0.979301,0.161044,0.224502,0.66528,12.849,1,0.421984,0.442881,0,40.6979,3.49262,37.2261,0.84672,12.849,0.84672,3695.15,0,0,0,0.661789,1.72132,5.7582,0.838091,7.30322,0.42336,0,0.42336,460.49,0,1.02816,0,0,1.68995,0.661789,1.028160,1,0,44.7539,0,0,0,44.7539,0
72.29,2.37494,0,0,8.33354,0.294579,5.66402,3.6288,61.308,0.594308,0,0,2.80086,0.161044,2.04551,0.66528,12.849,1,0.422128,5.66402,0,124.851,3.49262,126.6,0.84672,12.849,0.84672,3695.15,0,0,0,2.85699,1.77708,14.5371,0.838091,18.333,0.42336,0,0.42336,460.49,0,1.02816,0,0,3.88515,2.85699,1.028160,1,0,146.978,0,0,0,146.978,0
72.29,2.37575,0,0,7.81566,0.304564,5.13534,3.6288,61.308,0.594861,0,0,3.02602,0.165856,2.26531,0.66528,12.849,1,0.422272,5.13534,0,115.944,3.58407,117.073,0.84672,12.849,0.84672,3695.15,0,0,0,3.80116,1.77769,12.6319,0.861558,17.3491,0.42336,0,0.42336,460.49,0,1.02816,0,0,4.82932,3.80116,1.028160,1,0,136.687,0,0,0,136.687,0
72.29,2.37656,0,0,11.8191,0.364474,9.07805,3.6288,61.308,0.595414,0,0,4.04177,0.194728,3.25163,0.66528,12.849,1,0.422415,9.07805,0,278.594,4.1328,283.117,0.84672,12.849,0.84672,3695.15,0,0,0,7.03855,1.7783,20.4224,1.00236,28.2369,0.42336,0,0.42336,460.49,0,1.02816,0,0,8.06671,7.03855,1.028160,1,0,314.606,0,0,0,314.606,0
72.29,2.60925,0,0,6.56607,0.346874,3.60994,3.6288,61.308,0.66528,0,0,2.52483,0.157588,1.70197,0.66528,12.849,1,0.463775,3.60994,0,167.03,3.8559,166.32,0.84672,12.849,0.84672,3695.15,0,0,0,2.64015,1.7789,11.6595,0.971776,15.1068,0.42336,0,0.42336,460.49,0,1.02816,0,0,3.66831,2.64015,1.028160,1,0,183.129,0,0,0,183.129,0
72.29,2.61014,0,0,8.40266,0.339834,5.45268,3.6288,61.308,0.66528,0,0,2.88408,0.142732,2.07606,0.66528,12.849,1,0.463933,5.45268,0,187.868,3.74514,189.112,0.84672,12.849,0.84672,3695.15,0,0,0,3.25214,1.97822,18.1967,0.959542,22.4675,0.42336,0,0.42336,460.49,0,1.02816,0,0,4.2803,3.25214,1.028160,1,0,213.655,0,0,0,213.655,0
72.29,2.61103,0,0,8.96305,0.322826,6.02919,3.6288,61.308,0.66528,0,0,3.87973,0.173998,3.04045,0.66528,12.849,1,0.464091,6.02919,0,197.49,4.55506,198.5,0.84672,12.849,0.84672,3695.15,0,0,0,4.485,1.9789,24.8318,1.19942,30.0963,0.42336,0,0.42336,460.49,0,1.02816,0,0,5.51316,4.485,1.028160,1,0,231.636,0,0,0,231.636,0
72.29,2.61192,0,0,7.68502,0.329861,4.74324,3.6288,61.308,0.66528,0,0,2.74863,0.129224,1.95413,0.66528,12.849,1,0.464249,4.74324,0,197.639,3.91093,198.007,0.84672,12.849,0.84672,3695.15,0,0,0,3.45855,1.97957,18.0261,0.916884,22.5474,0.42336,0,0.42336,460.49,0,1.02816,0,0,4.48671,3.45855,1.028160,1,0,222.509,0,0,0,222.509,0
72.29,2.28162,0,0,6.33499,0.317251,3.73612,3.6288,61.308,0.53278,0,0,2.75785,0.159137,2.06594,0.66528,12.849,1,0.405541,3.73612,0,113.246,3.90884,112.668,0.84672,12.849,0.84672,3695.15,0,0,0,3.41246,1.98025,15.6245,0.982364,20.0348,0.42336,0,0.42336,460.49,0,1.02816,0,0,4.44062,3.41246,1.028160,1,0,134.769,0,0,0,134.769,0
72.29,2.2824,0,0,8.65426,0.312207,6.05965,3.6288,61.308,0.533312,0,0,6.05832,0.171102,5.3539,0.66528,12.849,1,0.405679,6.05965,0,219.404,3.908,221.15,0.84672,12.849,0.84672,3695.15,0,0,0,8.4385,1.70956,23.4851,1.00856,32.6246,0.42336,0,0.42336,460.49,0,1.02816,0,0,9.46666,8.4385,1.028160,1,0,259.129,0,0,0,259.129,0
72.29,2.28317,0,0,7.1256,0.312207,4.53022,3.6288,61.308,0.533843,0,0,3.94513,0.171102,3.24018,0.66528,12.849,1,0.405817,4.53022,0,229.065,3.908,229.281,0.84672,12.849,0.84672,3695.15,0,0,0,6.81058,1.71014,19.4461,1.00856,26.9583,0.42336,0,0.42336,460.49,0,1.02816,0,0,7.83874,6.81058,1.028160,1,0,259.479,0,0,0,259.479,0
72.29,2.28395,0,0,5.44919,0.301498,2.86374,3.6288,61.308,0.534375,0,0,2.74622,0.178961,2.03289,0.66528,12.849,1,0.405955,2.86374,0,172.225,3.98698,170.695,0.84672,12.849,0.84672,3695.15,0,0,0,3.67091,1.71072,13.8188,1.03827,18.1622,0.42336,0,0.42336,460.49,0,1.02816,0,0,4.69907,3.67091,1.028160,1,0,190.89,0,0,0,190.89,0
72.29,2.28473,0,0,5.35675,0.234341,2.83768,3.6288,61.308,0.534907,0,0,3.70098,0.209685,2.95639,0.66528,12.849,1,0.406093,2.83768,0,115.445,4.64015,113.237,0.84672,12.849,0.84672,3695.15,0,0,0,3.68132,1.7113,13.527,1.23779,17.6818,0.42336,0,0.42336,460.49,0,1.02816,0,0,4.70948,3.68132,1.028160,1,0,133.875,0,0,0,133.875,0
72.29,2.36901,0,0,6.5418,0.289237,3.88355,3.6288,61.308,0.598325,0,0,4.20939,0.182575,3.42849,0.66528,12.849,1,0.421074,3.88355,0,172.067,4.46324,171.067,0.84672,12.849,0.84672,3695.15,0,0,0,5.11444,1.71189,22.3992,1.16959,28.0559,0.42336,0,0.42336,460.49,0,1.02816,0,0,6.1426,5.11444,1.028160,1,0,202.551,0,0,0,202.551,0
72.29,2.36982,0,0,4.82412,0.289237,2.16506,3.6288,61.308,0.598879,0,0,2.13222,0.182575,1.35077,0.66528,12.849,1,0.421217,2.16506,0,108.481,4.46324,105.762,0.84672,12.849,0.84672,3695.15,0,0,0,2.57178,1.77948,10.3612,1.16959,13.5428,0.42336,0,0.42336,460.49,0,1.02816,0,0,3.59994,2.57178,1.028160,1,0,120.655,0,0,0,120.655,0
72.29,2.37062,0,0,4.52808,0.264196,1.89326,3.6288,61.308,0.599432,0,0,1.89513,0.199012,1.09669,0.66528,12.849,1,0.421361,1.89326,0,110.083,4.78715,106.768,0.84672,12.849,0.84672,3695.15,0,0,0,2.15919,1.78009,9.3369,1.22934,12.0468,0.42336,0,0.42336,460.49,0,1.02816,0,0,3.18735,2.15919,1.028160,1,0,119.911,0,0,0,119.911,0
72.29,2.37143,0,0,3.94538,0.230809,1.34314,3.6288,61.308,0.599986,0,0,1.6943,0.220929,0.873389,0.66528,12.849,1,0.421504,1.34314,0,96.069,5.21903,91.7716,0.84672,12.849,0.84672,3695.15,0,0,0,1.65046,1.7807,8.1832,1.309,10.3054,0.42336,0,0.42336,460.49,0,1.02816,0,0,2.67862,1.65046,1.028160,1,0,102.95,0,0,0,102.95,0
72.29,2.33954,0,0,3.78583,0.225919,1.22037,3.6288,61.308,0.576082,0,0,1.8944,0.192984,1.12533,0.66528,12.849,1,0.415836,1.22037,0,100.925,4.24035,97.4889,0.84672,12.849,0.84672,3695.15,0,0,0,1.97476,1.7813,9.01066,1.20539,11.5613,0.42336,0,0.42336,460.49,0,1.02816,0,0,3.00292,1.97476,1.028160,1,0,110.176,0,0,0,110.176,0
72.29,2.34034,0,0,3.5826,0.216503,1.02576,3.6288,61.308,0.576628,0,0,1.77027,0.196104,0.997535,0.66528,12.849,1,0.415977,1.02576,0,94.7125,4.26814,91.0542,0.84672,12.849,0.84672,3695.15,0,0,0,1.88757,1.7558,8.34831,1.20733,10.7843,0.42336,0,0.42336,460.49,0,1.02816,0,0,2.91573,1.88757,1.028160,1,0,102.836,0,0,0,102.836,0
72.29,2.34113,0,0,3.31465,0.216503,0.757013,3.6288,61.308,0.577173,0,0,1.92522,0.196104,1.15194,0.66528,12.849,1,0.416119,0.757013,0,86.1512,4.26814,82.2239,0.84672,12.849,0.84672,3695.15,0,0,0,2.15813,1.75639,8.61685,1.20733,11.324,0.42336,0,0.42336,460.49,0,1.02816,0,0,3.18629,2.15813,1.028160,1,0,94.6999,0,0,0,94.6999,0
72.29,2.34193,0,0,3.13636,0.227362,0.567072,3.6288,61.308,0.577719,0,0,2.07075,0.172822,1.32021,0.66528,12.849,1,0.41626,0.567072,0,80.6475,4.04681,76.7515,0.84672,12.849,0.84672,3695.15,0,0,0,2.27767,1.75699,9.35012,1.12522,12.2596,0.42336,0,0.42336,460.49,0,1.02816,0,0,3.30583,2.27767,1.028160,1,0,90.3313,0,0,0,90.3313,0
72.2342,2.45386,0,0,2.94483,0.18391,0.36288,3.6288,61.308,0.665117,0,0,1.65059,0.188033,0.797445,0.66528,12.849,1,0.436155,0.36288,0,71.2308,4.31867,66.8388,0.84672,12.849,0.84672,3695.15,0,0,0,1.64665,1.75759,8.19625,1.01512,10.5854,0.42336,0,0.42336,460.49,0,1.02816,0,0,2.67481,1.64665,1.028160,1,0,78.2216,0,0,0,78.2216,0
72.0759,2.45441,0,0,2.81759,0.158607,0.36288,3.6288,61.308,0.66528,0,0,1.51484,0.233237,0.616325,0.66528,12.849,1,0.436589,0.36288,0,66.0977,4.80533,61.2187,0.84672,12.849,0.84672,3695.15,0,0,0,1.4889,1.84981,8.07728,1.05991,10.3561,0.42336,0,0.42336,460.49,0,1.02816,0,0,2.51706,1.4889,1.028160,1,0,72.1911,0,0,0,72.1911,0
71.8225,2.45443,0,0,2.72233,0.158416,0.36288,3.6288,61.308,0.66528,0,0,1.54523,0.233237,0.646712,0.66528,12.849,1,0.437551,0.36288,0,63.019,4.80533,58.139,0.84672,12.849,0.84672,3695.15,0,0,0,1.76309,1.85044,7.72597,1.05991,10.2796,0.42336,0,0.42336,460.49,0,1.02816,0,0,2.79125,1.76309,1.028160,1,0,69.0653,0,0,0,69.0653,0
71.3217,2.45395,0,0,2.49867,0.182609,0.36288,3.6288,61.308,0.66528,0,0,1.44849,0.226653,0.556554,0.66528,12.849,1,0.43901,0.36288,0,59.2534,4.38225,54.795,0.84672,12.849,0.84672,3695.15,0,0,0,1.63844,1.85107,7.04575,1.07623,9.45903,0.42336,0,0.42336,460.49,0,1.02816,0,0,2.6666,1.63844,1.028160,1,0,64.8106,0,0,0,64.8106,0
71.0234,2.45217,0,0,2.6515,0.134788,0.36288,3.6288,61.308,0.66528,0,0,1.35247,0.237975,0.449216,0.66528,12.849,1,0.441772,0.36288,0,56.8873,4.50979,52.2986,0.84672,12.849,0.84672,3695.15,0,0,0,1.6109,1.8517,7.02769,1.13949,9.3508,0.42336,0,0.42336,460.49,0,1.02816,0,0,2.63906,1.6109,1.028160,1,0,62.0986,0,0,0,62.0986,0
71.3772,2.42948,0,0,3.25433,0.108116,0.36288,3.6288,61.308,0.66528,0,0,1.18827,0.229279,0.293709,0.66528,12.849,1,0.439522,0.36288,0,64.0302,4.91516,59.0384,0.84672,12.849,0.84672,3695.15,0,0,0,1.41262,1.85233,7.10208,1.18136,9.18567,0.42336,0,0.42336,460.49,0,1.02816,0,0,2.44078,1.41262,1.028160,1,0,68.5178,0,0,0,68.5178,0
71.3864,2.43215,0,0,2.91263,0.10841,0.36288,3.6288,61.308,0.66528,0,0,1.04649,0.229279,0.151926,0.66528,12.849,1,0.437824,0.36288,0,68.3346,4.91516,63.3445,0.84672,12.849,0.84672,3695.15,0,0,0,1.18586,1.88504,6.84469,1.18136,8.73424,0.42336,0,0.42336,460.49,0,1.02816,0,0,2.21402,1.18586,1.028160,1,0,72.2307,0,0,0,72.2307,0
71.182,2.43302,0,0,2.69988,0.108417,0.36288,3.6288,61.308,0.66528,0,0,1.05242,0.229279,0.157862,0.66528,12.849,1,0.437925,0.36288,0,59.2691,4.91516,54.2789,0.84672,12.849,0.84672,3695.15,0,0,0,1.20218,1.88568,6.63379,1.18136,8.54029,0.42336,0,0.42336,460.49,0,1.02816,0,0,2.23034,1.20218,1.028160,1,0,62.9771,0,0,0,62.9771,0
70.9276,2.43278,0,0,2.63648,0.0951691,0.36288,3.6288,61.308,0.66528,0,0,0.981685,0.251618,0.0647873,0.66528,12.849,1,0.439139,0.36288,0,56.2908,5.34064,50.8739,0.84672,12.849,0.84672,3695.15,0,0,0,1.0757,1.88632,6.42868,1.30794,8.08276,0.42336,0,0.42336,460.49,0,1.02816,0,0,2.10386,1.0757,1.028160,1,0,59.0215,0,0,0,59.0215,0
70.6115,2.48904,0,0,2.61053,0.0747918,0.36288,3.6288,61.2874,0.66528,0,0,0.940671,0.295957,0,0.66528,12.849,1,0.450905,0.36288,0,48.4973,5.76006,42.6492,0.84672,12.849,0.84672,3695.15,0,0,0,0.828585,1.88696,5.67456,1.52039,6.86972,0.42336,0,0.42336,460.49,0,1.02816,0,0,1.85674,0.828585,1.028160,1,0,49.5189,0,0,0,49.5189,0
70.2914,2.48817,0,0,2.60763,0.076679,0.36288,3.6288,61.1928,0.66528,0,0,0.864665,0.294,0,0.66528,12.849,1,0.452767,0.36288,0,61.8102,5.65268,56.0677,0.84672,12.849,0.84672,3695.15,0,0,0,0.975551,1.93314,6.13158,1.50305,7.53722,0.42336,0,0.42336,460.49,0,1.02816,0,0,2.00371,0.975551,1.028160,1,0,63.6049,0,0,0,63.6049,0
69.8064,2.48728,0,0,2.44166,0.0764903,0.36288,3.6288,61.0378,0.66528,0,0,0.804099,0.293824,0,0.66528,12.849,1,0.454665,0.36288,0,49.6277,5.65268,43.8833,0.84672,12.849,0.84672,3695.15,0,0,0,0.938399,1.93379,5.52717,1.50305,6.89631,0.42336,0,0.42336,460.49,0,1.02816,0,0,1.96656,0.938399,1.028160,1,0,50.7796,0,0,0,50.7796,0
69.1049,2.48545,0,0,2.22305,0.0762045,0.36288,3.6288,60.8424,0.66528,0,0,0.763387,0.293536,0,0.66528,12.849,1,0.457488,0.36288,0,45.2291,5.65268,39.4818,0.84672,12.849,0.84672,3695.15,0,0,0,0.635783,1.93445,5.15562,1.50305,6.2228,0.42336,0,0.42336,460.49,0,1.02816,0,0,1.66394,0.635783,1.028160,1,0,45.7046,0,0,0,45.7046,0
68.056,2.94807,0,0,2.32885,0.066836,0.36288,3.6288,60.9908,0.45222,0,0,0.906673,0.306044,0,0.66528,12.849,1,0.548148,0.36288,0,51.6276,5.85722,45.5851,0.84672,12.849,0.84672,3695.15,0,0,0,1.35138,1.93511,7.18369,1.50831,8.96188,0.42336,0,0.42336,460.49,0,1.02816,0,0,2.37954,1.35138,1.028160,1,0,54.547,0,0,0,54.547,0
66.3814,2.94184,0,0,1.70675,0.0765839,0.36288,3.6288,60.9511,0.452866,0,0,0.724637,0.311446,0,0.66528,12.849,1,0.55542,0.36288,0,52.0054,5.78099,46.0318,0.84672,12.849,0.84672,3695.15,0,0,0,1.02357,1.79893,5.84108,1.44559,7.218,0.42336,0,0.42336,460.49,0,1.02816,0,0,2.05173,1.02357,1.028160,1,0,53.2498,0,0,0,53.2498,0
64.8292,2.93097,0,0,1.81723,0.0755786,0.36288,3.6288,60.9049,0.453512,0,0,0.718701,0.311368,0,0.66528,12.849,1,0.567328,0.36288,0,48.5801,5.78099,42.5947,0.84672,12.849,0.84672,3695.15,0,0,0,0.991872,1.79963,6.15625,1.44559,7.50216,0.42336,0,0.42336,460.49,0,1.02816,0,0,2.02003,0.991872,1.028160,1,0,50.0969,0,0,0,50.0969,0
64.1891,2.9205,0,0,2.72754,0.08425,0.36288,3.6288,60.9974,0.454158,0,0,0.855766,0.309137,0,0.66528,12.849,1,0.578837,0.36288,0,71.7371,5.72162,65.7995,0.84672,12.849,0.84672,3695.15,0,0,0,1.39102,1.80032,6.54229,1.43831,8.29532,0.42336,0,0.42336,460.49,0,1.02816,0,0,2.41918,1.39102,1.028160,1,0,74.0948,0,0,0,74.0948,0
64.9317,2.91656,0,0,4.12569,0.103673,0.36288,3.6288,61.308,0.454804,0,0,1.35715,0.301092,0.29067,0.66528,12.849,1,0.583821,0.36288,0,91.006,5.70066,85.0844,0.84672,12.849,0.84672,3695.15,0,0,0,2.25787,1.80102,8.06449,1.39643,10.7269,0.42336,0,0.42336,460.49,0,1.02816,0,0,3.28603,2.25787,1.028160,1,0,96.102,0,0,0,96.102,0
66.5135,2.54607,0,0,4.61957,0.128791,0.36288,3.6288,61.308,0.66528,0,0,2.32231,0.304033,1.353,0.66528,12.849,1,0.503828,0.36288,0,112.606,5.66349,106.802,0.84672,12.849,0.84672,3695.15,0,0,0,5.44847,1.80171,10.3035,1.26526,16.2884,0.42336,0,0.42336,460.49,0,1.02816,0,0,6.47663,5.44847,1.028160,1,0,124.443,0,0,0,124.443,0
68.5814,2.55698,0,0,5.11815,0.130428,0.36288,3.6288,61.308,0.66528,0,0,3.153,0.304033,2.18368,0.66528,12.849,1,0.493954,0.36288,0,112.165,5.66349,106.371,0.84672,12.849,0.84672,3695.15,0,0,0,6.69263,2.00488,12.8263,1.26526,20.2586,0.42336,0,0.42336,460.49,0,1.02816,0,0,7.72079,6.69263,1.028160,1,0,128.813,0,0,0,128.813,0
69.4425,2.57039,0,0,3.92699,0.132568,0.36288,3.6288,61.308,0.66528,0,0,2.17731,0.304033,1.208,0.66528,12.849,1,0.481573,0.36288,0,84.3031,5.66349,78.5209,0.84672,12.849,0.84672,3695.15,0,0,0,5.28972,2.00556,12.636,1.26526,18.666,0.42336,0,0.42336,460.49,0,1.02816,0,0,6.31788,5.28972,1.028160,1,0,98.3949,0,0,0,98.3949,0
71.1692,2.5763,0,0,4.832,0.166134,0.36288,3.6288,61.308,0.66528,0,0,2.08835,0.279778,1.14329,0.66528,12.849,1,0.476695,0.36288,0,73.5169,5.38937,68.0137,0.84672,12.849,0.84672,3695.15,0,0,0,5.17632,2.00624,14.5798,1.06282,20.6996,0.42336,0,0.42336,460.49,0,1.02816,0,0,6.20448,5.17632,1.028160,1,0,89.8566,0,0,0,89.8566,0
72.29,2.52015,0,0,6.49309,0.193951,2.65821,3.6288,61.308,0.66528,0,0,3.81193,0.257295,2.88936,0.66528,12.849,1,0.454992,2.65821,0,118.98,4.33252,116.85,0.84672,12.849,0.84672,3695.15,0,0,0,8.50202,2.00692,22.1147,0.952116,31.6715,0.42336,0,0.42336,460.49,0,1.02816,0,0,9.53018,8.50202,1.028160,1,0,151.411,0,0,0,151.411,0
72.29,2.52699,0,0,7.02149,0.229983,4.26451,3.6288,61.308,0.66528,0,0,3.75682,0.233392,2.85815,0.66528,12.849,1,0.449154,4.26451,0,73.432,3.63919,73.6081,0.84672,12.849,0.84672,3695.15,0,0,0,7.60899,1.92678,20.5055,0.877026,29.1642,0.42336,0,0.42336,460.49,0,1.02816,0,0,8.63715,7.60899,1.028160,1,0,105.63,0,0,0,105.63,0
72.29,2.52785,0,0,7.40565,0.268452,4.60935,3.6288,61.308,0.66528,0,0,3.25534,0.226521,2.36354,0.66528,12.849,1,0.449306,4.60935,0,89.5977,3.6609,90.0968,0.84672,12.849,0.84672,3695.15,0,0,0,5.54821,1.92744,12.4824,0.898983,19.059,0.42336,0,0.42336,460.49,0,1.02816,0,0,6.57637,5.54821,1.028160,1,0,111.519,0,0,0,111.519,0
72.29,2.52871,0,0,6.24954,0.273165,3.44766,3.6288,61.308,0.66528,0,0,3.04896,0.236001,2.14768,0.66528,12.849,1,0.449459,3.44766,0,104.64,3.85266,103.785,0.84672,12.849,0.84672,3695.15,0,0,0,5.47821,1.92809,11.5777,1.10083,17.8832,0.42336,0,0.42336,460.49,0,1.02816,0,0,6.50637,5.47821,1.028160,1,0,123.816,0,0,0,123.816,0
72.29,2.33906,0,0,11.015,0.257445,8.41846,3.6288,61.308,0.568236,0,0,4.40992,0.219329,3.62235,0.66528,12.849,1,0.41575,8.41846,0,152.341,4.15898,156.185,0.84672,12.849,0.84672,3695.15,0,0,0,6.26862,1.92874,21.6855,1.10803,28.7749,0.42336,0,0.42336,460.49,0,1.02816,0,0,7.29678,6.26862,1.028160,1,0,188.582,0,0,0,188.582,0
72.29,2.33985,0,0,16.1525,0.285247,13.5274,3.6288,61.308,0.568777,0,0,8.90152,0.212322,8.12043,0.66528,12.849,1,0.415891,13.5274,0,221.959,4.03767,231.033,0.84672,12.849,0.84672,3695.15,0,0,0,9.6404,1.74963,41.1019,1.02182,51.4701,0.42336,0,0.42336,460.49,0,1.02816,0,0,10.6686,9.6404,1.028160,1,0,290.623,0,0,0,290.623,0
72.29,2.34064,0,0,11.718,0.285247,9.09211,3.6288,61.308,0.569318,0,0,5.61807,0.212322,4.83643,0.66528,12.849,1,0.416032,9.09211,0,183.483,4.03767,188.122,0.84672,12.849,0.84672,3695.15,0,0,0,6.09405,1.75022,25.7273,1.02182,32.5498,0.42336,0,0.42336,460.49,0,1.02816,0,0,7.12221,6.09405,1.028160,1,0,225.508,0,0,0,225.508,0
72.29,2.34144,0,0,13.7076,0.285247,11.0809,3.6288,61.308,0.569859,0,0,6.256,0.212322,5.47382,0.66528,12.849,1,0.416173,11.0809,0,236.707,4.03767,243.334,0.84672,12.849,0.84672,3695.15,0,0,0,7.07642,1.75081,26.4419,1.02182,34.2473,0.42336,0,0.42336,460.49,0,1.02816,0,0,8.10458,7.07642,1.028160,1,0,283.055,0,0,0,283.055,0
72.29,2.34223,0,0,12.2042,0.285247,9.5767,3.6288,61.308,0.5704,0,0,5.62405,0.212322,4.84133,0.66528,12.849,1,0.416313,9.5767,0,202.639,4.03767,207.762,0.84672,12.849,0.84672,3695.15,0,0,0,5.67337,1.75141,19.8829,1.02182,26.2858,0.42336,0,0.42336,460.49,0,1.02816,0,0,6.70153,5.67337,1.028160,1,0,238.889,0,0,0,238.889,0
72.29,2.4164,0,0,4.86394,0.305977,2.14156,3.6288,61.308,0.622631,0,0,0.996445,0.230045,0.143769,0.66528,12.849,1,0.429497,2.14156,0,71.5961,4.1832,69.125,0.84672,12.849,0.84672,3695.15,0,0,0,1.3182,1.752,6.87195,1.02285,8.91931,0.42336,0,0.42336,460.49,0,1.02816,0,0,2.34636,1.3182,1.028160,1,0,78.1881,0,0,0,78.1881,0
72.29,2.41719,0,0,6.7815,0.305977,4.05834,3.6288,61.308,0.623168,0,0,1.64806,0.230045,0.79485,0.66528,12.849,1,0.429636,4.05834,0,93.8831,4.1832,93.3286,0.84672,12.849,0.84672,3695.15,0,0,0,1.98,1.80872,8.98465,1.02285,11.7505,0.42336,0,0.42336,460.49,0,1.02816,0,0,3.00816,1.98,1.028160,1,0,105.874,0,0,0,105.874,0
72.29,2.41797,0,0,5.05885,0.305977,2.3349,3.6288,61.308,0.623704,0,0,1.9035,0.230045,1.04975,0.66528,12.849,1,0.429776,2.3349,0,70.1255,4.1832,67.8475,0.84672,12.849,0.84672,3695.15,0,0,0,2.4635,1.80931,6.21385,1.02285,9.46381,0.42336,0,0.42336,460.49,0,1.02816,0,0,3.49166,2.4635,1.028160,1,0,78.361,0,0,0,78.361,0
72.29,2.41876,0,0,3.63554,0.305977,0.910806,3.6288,61.308,0.624241,0,0,1.41769,0.230045,0.5634,0.66528,12.849,1,0.429916,0.910806,0,48.1285,4.1832,44.4262,0.84672,12.849,0.84672,3695.15,0,0,0,1.56244,1.8099,5.49692,1.02285,7.84641,0.42336,0,0.42336,460.49,0,1.02816,0,0,2.5906,1.56244,1.028160,1,0,52.836,0,0,0,52.836,0
71.7146,2.65554,0,0,2.80622,0.36325,0.36288,3.6288,61.308,0.66528,0,0,1.35331,0.180718,0.507311,0.66528,12.849,1,0.472002,0.36288,0,50.1523,3.92925,46.1139,0.84672,12.849,0.84672,3695.15,0,0,0,1.34405,1.81049,6.69176,1.01113,8.83516,0.42336,0,0.42336,460.49,0,1.02816,0,0,2.37221,1.34405,1.028160,1,0,55.4564,0,0,0,55.4564,0
72.29,2.65319,0,0,4.16474,0.367756,0.568345,3.6288,61.308,0.66528,0,0,1.10442,0.166876,0.27226,0.66528,12.849,1,0.475368,0.568345,0,72.7003,3.81591,68.9774,0.84672,12.849,0.84672,3695.15,0,0,0,1.57657,2.01332,6.66034,1.06336,9.18687,0.42336,0,0.42336,460.49,0,1.02816,0,0,2.60473,1.57657,1.028160,1,0,78.4365,0,0,0,78.4365,0
70.7954,2.65726,0,0,1.88892,0.363339,0.36288,3.6288,61.0576,0.774878,0,0,0.69343,0.168936,0,0.66528,12.849,1,0.472309,0.36288,0,35.8316,3.80342,31.9188,0.84672,12.849,0.84672,3695.15,0,0,0,0.608429,2.01397,3.96755,1.05499,5.53496,0.42336,0,0.42336,460.49,0,0.918562,0,0,1.52699,0.608429,1.028160,1,0,37.4537,0,0,0,37.4537,0
69.6607,2.64969,0,0,2.20127,0.323453,0.36288,3.6288,60.9173,0.66528,0,0,0.705955,0.181008,0,0.66528,12.849,1,0.480904,0.36288,0,38.4901,3.72845,34.6436,0.84672,12.849,0.84672,3695.15,0,0,0,0.664165,2.01462,4.95603,1.00478,6.63004,0.42336,0,0.42336,460.49,0,1.02816,0,0,1.69233,0.664165,1.028160,1,0,41.2737,0,0,0,41.2737,0
68.6627,2.3088,0,0,1.99479,0.321064,0.36288,3.6288,60.9365,0.629991,0,0,0.818039,0.168843,0,0.66528,12.849,1,0.42586,0.36288,0,36.9976,3.49541,33.4392,0.84672,12.849,0.84672,3695.15,0,0,0,0.608429,2.01528,3.86633,0.977765,5.51227,0.42336,0,0.42336,460.49,0,0.958539,0,0,1.56697,0.608429,1.028160,1,0,38.9515,0,0,0,38.9515,0
67.7467,2.30433,0,0,2.07007,0.318902,0.36288,3.6288,60.5107,0.839405,0,0,0.573466,0.159859,0,0.66528,12.849,1,0.431214,0.36288,0,38.5498,3.32062,35.1608,0.84672,12.849,0.84672,3695.15,0,0,0,0.608429,1.73977,3.23627,0.957504,4.62697,0.42336,0,0.42336,460.49,0,0.749641,0,0,1.35807,0.608429,1.028160,1,0,39.7878,0,0,0,39.7878,0
67.1168,2.30018,0,0,2.34367,0.310508,0.36288,3.6288,60.5569,0.561402,0,0,0.772217,0.164613,0,0.66528,12.849,1,0.436257,0.36288,0,40.2328,3.52685,36.6325,0.84672,12.849,0.84672,3695.15,0,0,0,0.589542,1.74034,4.0502,1.00206,5.37802,0.42336,0,0.42336,460.49,0,1.02816,0,0,1.6177,0.589542,1.028160,1,0,42.0106,0,0,0,42.0106,0
67.2618,2.29748,0,0,3.07778,0.272463,0.36288,3.6288,60.7668,0.561918,0,0,0.967587,0.195786,0,0.66528,12.849,1,0.439836,0.36288,0,46.3539,4.76417,41.5128,0.84672,12.849,0.84672,3695.15,0,0,0,0.861892,1.7409,5.26979,1.26939,6.60319,0.42336,0,0.42336,460.49,0,1.02816,0,0,1.89005,0.861892,1.028160,1,0,48.116,0,0,0,48.116,0
68.1633,2.29903,0,0,3.83957,0.27608,0.36288,3.6288,61.2197,0.562434,0,0,1.21354,0.198209,0,0.66528,12.849,1,0.439182,0.36288,0,66.1371,4.72273,61.3381,0.84672,12.849,0.84672,3695.15,0,0,0,1.77989,1.74147,4.42222,1.24848,6.6951,0.42336,0,0.42336,460.49,0,1.02816,0,0,2.80805,1.77989,1.028160,1,0,68.0332,0,0,0,68.0332,0
69.3042,2.38887,0,0,4.19059,0.298013,0.36288,3.6288,61.308,0.626944,0,0,0.992917,0.211791,0.0658523,0.66528,12.849,1,0.450309,0.36288,0,84.5796,4.47416,80.018,0.84672,12.849,0.84672,3695.15,0,0,0,1.83027,1.74203,5.3772,1.12302,7.82648,0.42336,0,0.42336,460.49,0,1.02816,0,0,2.85843,1.83027,1.028160,1,0,87.9103,0,0,0,87.9103,0
69.2867,2.3959,0,0,3.04197,0.300676,0.36288,3.6288,61.2357,0.627481,0,0,0.767085,0.21191,0,0.66528,12.849,1,0.4442,0.36288,0,49.773,4.47416,45.2175,0.84672,12.849,0.84672,3695.15,0,0,0,1.02326,1.8108,4.68057,1.12302,6.39161,0.42336,0,0.42336,460.49,0,1.02816,0,0,2.05142,1.02326,1.028160,1,0,51.6091,0,0,0,51.6091,0
68.8364,2.39658,0,0,2.59906,0.289889,0.36288,3.6288,61.0617,0.628018,0,0,0.662437,0.208419,0,0.66528,12.849,1,0.444439,0.36288,0,47.0502,4.2935,42.6752,0.84672,12.849,0.84672,3695.15,0,0,0,0.836845,1.81138,4.45004,1.10224,5.99603,0.42336,0,0.42336,460.49,0,1.02816,0,0,1.865,0.836845,1.028160,1,0,48.6712,0,0,0,48.6712,0
68.6264,2.39491,0,0,2.77239,0.224624,0.36288,3.6288,60.9101,0.628556,0,0,0.664819,0.187847,0,0.66528,12.849,1,0.447034,0.36288,0,50.9794,3.20954,47.6857,0.84672,12.849,0.84672,3695.15,0,0,0,0.724818,1.81197,4.34859,0.977501,5.90788,0.42336,0,0.42336,460.49,0,1.02816,0,0,1.75298,0.724818,1.028160,1,0,53.5936,0,0,0,53.5936,0
68.3836,2.36153,0,0,2.70979,0.228145,0.36288,3.6288,60.9122,0.604206,0,0,0.836862,0.230593,0,0.66528,12.849,1,0.442152,0.36288,0,47.457,4.37792,42.9998,0.84672,12.849,0.84672,3695.15,0,0,0,0.938114,1.81256,4.45911,1.1326,6.07718,0.42336,0,0.42336,460.49,0,1.02816,0,0,1.96627,0.938114,1.028160,1,0,49.077,0,0,0,49.077,0
67.8871,2.36098,0,0,2.45569,0.228359,0.36288,3.6288,60.8222,0.604736,0,0,0.752509,0.23775,0,0.66528,12.849,1,0.443618,0.36288,0,42.1287,4.57265,37.4753,0.84672,12.849,0.84672,3695.15,0,0,0,0.867154,1.78658,3.78682,1.15845,5.28209,0.42336,0,0.42336,460.49,0,1.02816,0,0,1.89531,0.867154,1.028160,1,0,42.7574,0,0,0,42.7574,0
66.9375,2.35901,0,0,1.99976,0.227473,0.36288,3.6288,60.6278,0.605265,0,0,0.64851,0.237615,0,0.66528,12.849,1,0.446491,0.36288,0,32.4441,4.57265,27.7879,0.84672,12.849,0.84672,3695.15,0,0,0,0.522573,1.78716,3.19966,1.15845,4.35093,0.42336,0,0.42336,460.49,0,1.02816,0,0,1.55073,0.522573,1.028160,1,0,32.1388,0,0,0,32.1388,0
65.7954,2.35446,0,0,1.72967,0.154448,0.36288,3.6288,60.2877,0.689197,0,0,0.581195,0.23217,0,0.66528,12.849,1,0.451951,0.36288,0,28.5225,4.70125,23.7322,0.84672,12.849,0.84672,3695.15,0,0,0,0.402797,1.78774,2.89036,1.10482,3.97607,0.42336,0,0.42336,460.49,0,0.944758,0,0,1.34755,0.402797,1.028160,1,0,27.7083,0,0,0,27.7083,0
64.4386,2.46007,0,0,1.6164,0.150209,0.36288,3.6288,59.8628,0.762903,0,0,0.577279,0.23925,0,0.66528,12.849,1,0.480421,0.36288,0,28.3103,4.70113,23.4916,0.84672,12.849,0.84672,3695.15,0,0,0,0.402797,1.78832,2.56065,1.0717,3.68006,0.42336,0,0.42336,460.49,0,0.930537,0,0,1.33333,0.402797,1.028160,1,0,27.1716,0,0,0,27.1716,0
63.1403,2.45243,0,0,1.6774,0.160369,0.36288,3.6288,59.3597,0.816635,0,0,0.563421,0.249824,0,0.66528,12.849,1,0.489013,0.36288,0,27.9029,4.6724,23.1044,0.84672,12.849,0.84672,3695.15,0,0,0,0.402797,1.88213,2.32741,1.03945,3.57288,0.42336,0,0.42336,460.49,0,0.876805,0,0,1.2796,0.402797,1.028160,1,0,26.6772,0,0,0,26.6772,0
61.6443,2.44487,0,0,1.46376,0.151991,0.36288,3.6288,58.8302,0.799537,0,0,0.523685,0.253686,0,0.66528,12.849,1,0.497529,0.36288,0,24.9394,4.72594,20.0789,0.84672,12.849,0.84672,3695.15,0,0,0,0.30119,1.88274,2.25107,1.05313,3.38186,0.42336,0,0.42336,460.49,0,0.893903,0,0,1.19509,0.30119,1.028160,1,0,23.4607,0,0,0,23.4607,0
60.1139,2.43567,0,0,1.37852,0.110437,0.36288,3.6288,58.1976,0.853718,0,0,0.501873,0.280713,0,0.66528,12.849,1,0.507685,0.36288,0,22.3636,5.04725,17.1716,0.84672,12.849,0.84672,3695.15,0,0,0,0.30119,1.88335,2.12897,1.13522,3.17829,0.42336,0,0.42336,460.49,0,0.839722,0,0,1.14091,0.30119,1.028160,1,0,20.3498,0,0,0,20.3498,0
58.5051,2.4258,0,0,1.28958,0.109641,0.36288,3.6288,57.3936,0.988571,0,0,0.460469,0.275919,0,0.66528,12.849,1,0.518502,0.36288,0,22.1446,5.14218,16.8468,0.84672,12.849,0.84672,3695.15,0,0,0,0.30119,1.88396,2.23329,1.14957,3.26887,0.42336,0,0.42336,460.49,0,0.704869,0,0,1.00606,0.30119,1.028160,1,0,20.1157,0,0,0,20.1157,0
56.8431,2.39327,0,0,1.2365,0.142404,0.36288,3.6288,56.193,1.29578,0,0,0.338896,0.243695,0,0.66528,12.849,1,0.525614,0.36288,0,18.8128,5.11948,13.5306,0.84672,12.849,0.84672,3695.15,0,0,0,0.30119,1.88457,1.81784,1.25847,2.74513,0.42336,0,0.42336,460.49,0,0.397656,0,0,0.698846,0.30119,1.028160,1,0,16.2757,0,0,0,16.2757,0
55.192,2.3815,0,0,1.16509,0.0717462,0.36288,3.6288,55.0005,1.26355,0,0,0.340912,0.269915,0,0.66528,12.849,1,0.538323,0.36288,0,17.6005,5.34387,12.0812,0.84672,12.849,0.84672,3695.15,0,0,0,0.261274,1.91782,1.83746,1.32512,2.69144,0.42336,0,0.42336,460.49,0,0.429892,0,0,0.691165,0.261274,1.028160,1,0,14.7727,0,0,0,14.7727,0
53.4648,2.36921,0,0,1.07549,0.0706356,0.36288,3.6288,53.792,1.27803,0,0,0.337361,0.267812,0,0.66528,12.849,1,0.551565,0.36288,0,16.0931,5.34387,10.5606,0.84672,12.849,0.84672,3695.15,0,0,0,0.261274,1.91844,1.68584,1.32512,2.54043,0.42336,0,0.42336,460.49,0,0.415411,0,0,0.676685,0.261274,1.028160,1,0,13.101,0,0,0,13.101,0
51.926,2.1118,0,0,1.00524,0.0693561,0.36288,3.6288,52.6179,1.24781,0,0,0.339394,0.265668,0,0.66528,12.849,1,0.507521,0.36288,0,14.9623,5.34387,9.47381,0.84672,12.849,0.84672,3695.15,0,0,0,0.261274,1.91906,1.62958,1.32512,2.4848,0.42336,0,0.42336,460.49,0,0.445625,0,0,0.706899,0.261274,1.028160,1,0,11.9586,0,0,0,11.9586,0
50.2815,2.15518,0,0,0.947264,0.0737111,0.36288,3.6288,51.259,1.34913,0,0,0.261107,0.270902,0,0.66528,12.849,1,0.533296,0.36288,0,14.0616,5.55747,8.33371,0.84672,12.849,0.84672,3695.15,0,0,0,0.261274,2.09665,1.49466,1.38933,2.46325,0.42336,0,0.42336,460.49,0,0.344308,0,0,0.605582,0.261274,1.028160,1,0,10.797,0,0,0,10.797,0
48.6181,2.14206,0,0,0.916142,0.0745952,0.36288,3.6288,49.8557,1.3638,0,0,0.231532,0.271,0,0.66528,12.849,1,0.547385,0.36288,0,13.1565,5.64291,7.32906,0.84672,12.849,0.84672,3695.15,0,0,0,0.261274,2.14359,1.50743,1.41502,2.49727,0.42336,0,0.42336,460.49,0,0.329636,0,0,0.590909,0.261274,1.028160,1,0,9.82633,0,0,0,9.82633,0
46.8506,2.12801,0,0,0.796703,0.0732802,0.36288,3.6288,48.4256,1.37982,0,0,0.217588,0.267915,0,0.66528,12.849,1,0.5624,0.36288,0,12.4476,5.64291,6.60522,0.84672,12.849,0.84672,3695.15,0,0,0,0.227405,2.14423,1.46695,1.41502,2.42356,0.42336,0,0.42336,460.49,0,0.313617,0,0,0.541022,0.227405,1.028160,1,0,9.02878,0,0,0,9.02878,0
45.0374,2.11212,0,0,0.73364,0.0718763,0.36288,3.6288,46.9663,1.40764,0,0,0.213192,0.264771,0,0.66528,12.849,1,0.579259,0.36288,0,11.7398,5.64291,5.88048,0.84672,12.849,0.84672,3695.15,0,0,0,0.227405,2.14487,1.45209,1.41502,2.40934,0.42336,0,0.42336,460.49,0,0.285796,0,0,0.5132,0.227405,1.028160,1,0,8.28982,0,0,0,8.28982,0
42.9934,2.25034,0,0,0.624183,0.0549986,0.36288,3.6288,45.4572,1.43968,0,0,0.201803,0.271284,0,0.66528,12.849,1,0.642014,0.36288,0,11.2629,6.01975,4.96404,0.84672,12.849,0.84672,3695.15,0,0,0,0.227405,2.1455,1.40795,1.48696,2.2939,0.42336,0,0.42336,460.49,0,0.253762,0,0,0.481167,0.227405,1.028160,1,0,7.25794,0,0,0,7.25794,0
40.861,2.22764,0,0,0.517736,0.059564,0.36288,3.6288,43.6867,1.621,0,0,0.122278,0.271758,0,0.66528,12.849,1,0.665752,0.36288,0,11.1275,6.0543,4.77037,0.84672,12.849,0.84672,3695.15,0,0,0,0.227405,2.30484,1.09178,1.61334,2.01069,0.42336,0,0.42336,460.49,0,0.072436,0,0,0.299841,0.227405,1.028160,1,0,6.78106,0,0,0,6.78106,0
38.8512,2.20199,0,0,0.613166,0.058098,0.36288,3.6288,42.1593,1.44682,0,0,0.186653,0.267276,0,0.66528,12.8108,1,0.692431,0.36288,0,9.55109,6.0543,3.20544,0.84672,12.8108,0.84672,3695.15,0,0,0,0.204422,2.30553,1.47644,1.61334,2.37305,0.42336,0,0.42336,460.49,0,0.246622,0,0,0.451044,0.204422,1.028160,1,0,5.57849,0,0,0,5.57849,0
36.7637,2.17746,0,0,0.512301,0.0594945,0.36288,3.6288,40.5086,1.542,0,0,0.136981,0.245598,0,0.66528,12.4664,1,0.717997,0.36288,0,8.71595,5.49976,3.20544,0.84672,12.4664,0.84672,3695.15,0,0,0,0.204422,2.30622,1.52964,1.39747,2.64281,0.42336,0,0.42336,460.49,0,0.15144,0,0,0.355863,0.204422,1.028160,1,0,5.84825,0,0,0,5.84825,0
34.7123,2.16302,0,0,0.550239,0.0756864,0.36288,3.6288,38.8937,1.54846,0,0,0.140194,0.206634,0,0.66528,11.7389,1,0.733473,0.36288,0,5.99835,4.64996,3.20544,0.84672,11.7389,0.84672,3693.65,0,0,0,0.204422,2.30691,1.70441,1.07173,3.14402,0.42336,0,0.42336,460.49,0,0.14498,0,0,0.349402,0.204422,1.028160,1,0,6.34946,0,0,0,6.34946,0
32.8579,2.09232,0,0,0.639029,0.0382766,0.36288,3.6288,37.4814,1.38009,0,0,0.188188,0.220469,0,0.66528,11.2359,1,0.707574,0.36288,0,9.72251,5.17524,3.20544,0.84672,11.2359,0.84672,3695.15,0,0,0,0.204422,2.3076,1.46077,1.31645,2.65634,0.42336,0,0.42336,460.49,0,0.313352,0,0,0.517774,0.204422,1.028160,1,0,5.86178,0,0,0,5.86178,0
30.8985,2.08718,0,0,0.52807,0.0374125,0.36288,3.6288,35.9801,1.44956,0,0,0.16579,0.21751,0,0.66528,11.4813,1,0.713721,0.36288,0,8.97687,5.17524,3.20544,0.84672,11.4813,0.84672,3695.15,0,0,0,0.216518,2.21629,1.35279,1.31645,2.46916,0.42336,0,0.42336,460.49,0,0.243875,0,0,0.460394,0.216518,1.028160,1,0,5.6746,0,0,0,5.6746,0
29.3735,2.04283,0,0,0.981596,0.100861,0.36288,3.6288,34.7504,1.33475,0,0,0.257923,0.152855,0,0.66528,12.849,1,0.759075,0.36288,0,15.8502,4.13709,9.94915,0.84672,12.849,0.84672,3695.15,0,0,0,0.216518,2.21695,2.34878,0.991959,3.79029,0.42336,0,0.42336,460.49,0,0.35869,0,0,0.575209,0.216518,1.028160,1,0,13.7394,0,0,0,13.7394,0
28.8856,1.95619,0,0,1.95518,0.124052,0.36288,3.6288,33.9037,1.11277,0,0,0.392815,0.126709,0,0.66528,12.849,1,0.84672,0.36288,0,31.7671,3.72183,27.5615,0.84672,12.849,0.84672,3695.15,0,0,0,0.216518,2.21761,3.35578,0.862164,4.92774,0.42336,0,0.42336,460.49,0,0.580668,0,0,0.797187,0.216518,1.028160,1,0,32.4892,0,0,0,32.4892,0
27.4026,1.88512,0,0,0.896737,0.1317,0.36288,3.6288,32.8755,1.16924,0,0,0.281721,0.140738,0,0.66528,12.849,1,0.838547,0.36288,0,21.5683,3.74727,17.3454,0.84672,12.849,0.84672,3695.15,0,0,0,0.216518,2.21827,1.52116,0.870796,3.08515,0.42336,0,0.42336,460.49,0,0.524198,0,0,0.740717,0.216518,1.028160,1,0,20.4305,0,0,0,20.4305,0
26.6133,1.87793,0,0,1.58679,0.135266,0.36288,3.6288,31.921,1.12442,0,0,0.32034,0.150394,0,0.66528,12.849,1,0.84672,0.36288,0,40.635,3.76635,36.3848,0.84672,12.849,0.84672,3695.15,0,0,0,0.216518,2.13673,2.23454,0.87727,3.71051,0.42336,0,0.42336,460.49,0,0.56902,0,0,0.785538,0.216518,1.028160,1,0,40.0953,0,0,0,40.0953,0
27.4294,1.8789,0,0,3.19163,0.133784,0.36288,3.6288,31.921,0.66528,0,0,0.814061,0.148842,0,0.66528,12.849,1,0.84672,0.36288,0,66.8178,3.76635,62.5676,0.84672,12.849,0.84672,3695.15,0,0,0,0.812056,2.13736,3.86205,0.87727,5.93419,0.42336,0,0.42336,460.49,0,1.02816,0,0,1.84022,0.812056,1.028160,1,0,68.5018,0,0,0,68.5018,0
27.0078,1.87988,0,0,1.95655,0.135316,0.36288,3.6288,31.7831,0.66528,0,0,0.676225,0.148842,0,0.66528,12.849,1,0.84672,0.36288,0,39.8762,3.76635,35.626,0.84672,12.849,0.84672,3695.15,0,0,0,0.655957,2.138,3.88013,0.87727,5.79681,0.42336,0,0.42336,460.49,0,1.02816,0,0,1.68412,0.655957,1.028160,1,0,41.4228,0,0,0,41.4228,0
27.4469,1.69364,0,0,2.67405,0.178501,0.36288,3.6288,31.0421,0.964161,0,0,0.377922,0.154669,0,0.66528,12.849,1,0.80575,0.36288,0,52.1354,4.06545,47.6271,0.84672,12.849,0.84672,3695.15,0,0,0,0.292723,2.13863,4.13429,0.974516,5.59113,0.42336,0,0.42336,460.49,0,0.729279,0,0,1.022,0.292723,1.028160,1,0,53.2182,0,0,0,53.2182,0
28.1199,1.70303,0,0,2.93572,0.196759,0.36288,3.6288,30.4489,0.738228,0,0,0.276208,0.131203,0,0.66528,12.849,1,0.79726,0.36288,0,48.3761,4.00134,43.9404,0.84672,12.849,0.84672,3695.15,0,0,0,0.292723,1.95643,3.64095,1.02809,4.86201,0.42336,0,0.42336,460.49,0,0.955212,0,0,1.24794,0.292723,1.028160,1,0,48.8024,0,0,0,48.8024,0
29.2678,1.71675,0,0,3.42783,0.200267,0.36288,3.6288,29.9496,0.712947,0,0,0.368613,0.154952,0,0.66528,12.849,1,0.784447,0.36288,0,64.2166,4.48308,59.312,0.84672,12.849,0.84672,3695.15,0,0,0,0.412474,1.957,4.22791,1.2181,5.3793,0.42336,0,0.42336,460.49,0,0.980493,0,0,1.39297,0.412474,1.028160,1,0,64.6913,0,0,0,64.6913,0
30.8026,1.73876,0,0,3.82903,0.192611,0.36288,3.6288,29.4652,0.713776,0,0,0.40024,0.170943,0,0.66528,12.849,1,0.763342,0.36288,0,69.7531,4.36086,64.9917,0.84672,12.849,0.84672,3695.15,0,0,0,0.412474,1.95758,4.75924,1.17025,5.95904,0.42336,0,0.42336,460.49,0,0.979664,0,0,1.39214,0.412474,1.028160,1,0,70.9508,0,0,0,70.9508,0
33.5863,1.76624,0,0,5.09954,0.186761,0.36288,3.6288,29.1364,0.66528,0,0,0.487785,0.151221,0,0.66528,12.849,1,0.73677,0.36288,0,81.4208,3.73002,77.3169,0.84672,12.849,0.84672,3695.15,0,0,0,0.917931,1.95816,7.54696,0.968317,9.45473,0.42336,0,0.42336,460.49,0,1.02816,0,0,1.94609,0.917931,1.028160,1,0,86.7716,0,0,0,86.7716,0
34.4827,1.87463,0,0,3.34357,0.20965,0.36288,3.6288,28.8763,0.66528,0,0,0.550651,0.145527,0,0.66528,12.849,1,0.717173,0.36288,0,55.8734,3.61392,51.9052,0.84672,12.849,0.84672,3695.15,0,0,0,0.614071,1.95873,7.03702,0.882778,8.72704,0.42336,0,0.42336,460.49,0,1.02816,0,0,1.64223,0.614071,1.028160,1,0,60.6322,0,0,0,60.6322,0
34.4573,1.88887,0,0,2.44108,0.214703,0.36288,3.6288,28.3231,0.906526,0,0,0.497612,0.144246,0,0.66528,12.849,1,0.703834,0.36288,0,51.6887,3.59457,47.7532,0.84672,12.849,0.84672,3695.15,0,0,0,0.503194,2.01639,7.26002,0.868521,8.91108,0.42336,0,0.42336,460.49,0,0.786914,0,0,1.29011,0.503194,1.028160,1,0,56.6643,0,0,0,56.6643,0
36.371,1.88914,0,0,4.38032,0.214636,0.36288,3.6288,28.3985,0.66528,0,0,0.884039,0.143345,0,0.66528,12.849,1,0.704455,0.36288,0,106.375,3.59457,102.439,0.84672,12.849,0.84672,3695.15,0,0,0,0.608792,2.01696,8.21457,0.868521,9.9718,0.42336,0,0.42336,460.49,0,1.02816,0,0,1.63695,0.608792,1.028160,1,0,112.41,0,0,0,112.41,0
38.2965,1.9172,0,0,4.4253,0.219652,0.36288,3.6288,28.7302,0.66528,0,0,1.14043,0.143468,0,0.66528,12.849,1,0.6773,0.36288,0,88.3224,3.59457,84.4134,0.84672,12.849,0.84672,3695.15,0,0,0,1.2564,2.01753,9.45924,0.868521,11.8647,0.42336,0,0.42336,460.49,0,1.02816,0,0,2.28456,1.2564,1.028160,1,0,96.2781,0,0,0,96.2781,0
41.5912,2.155,0,0,6.03258,0.220079,0.36288,3.6288,29.5441,0.66528,0,0,1.62713,0.147927,0,0.66528,12.849,1,0.723033,0.36288,0,135.157,3.66099,131.136,0.84672,12.849,0.84672,3695.15,0,0,0,1.84551,2.0181,11.4544,0.915417,14.4026,0.42336,0,0.42336,460.49,0,1.02816,0,0,2.87367,1.84551,1.028160,1,0,145.539,0,0,0,145.539,0
45.4019,2.19951,0,0,6.57725,0.204165,0.36288,3.6288,30.6777,0.66528,0,0,1.9622,0.163323,0,0.66528,12.849,1,0.679509,0.36288,0,161.072,3.57777,157.178,0.84672,12.849,0.84672,3695.15,0,0,0,2.14677,2.22433,12.3828,1.01589,15.7381,0.42336,0,0.42336,460.49,0,1.02816,0,0,3.17493,2.14677,1.028160,1,0,172.916,0,0,0,172.916,0
47.0969,2.24473,0,0,4.52447,0.221793,0.36288,3.6288,30.8725,0.66528,0,0,1.02106,0.160973,0,0.66528,12.849,1,0.635273,0.36288,0,88.9911,3.55917,85.1596,0.84672,12.849,0.84672,3695.15,0,0,0,1.28833,2.22497,10.3159,0.981301,12.8479,0.42336,0,0.42336,460.49,0,1.02816,0,0,2.31649,1.28833,1.028160,1,0,98.0075,0,0,0,98.0075,0
49.0798,2.26347,0,0,4.85691,0.247669,0.36288,3.6288,31.1368,0.66528,0,0,1.07981,0.150232,0,0.66528,12.849,1,0.617521,0.36288,0,72.7745,3.51267,69.0072,0.84672,12.849,0.84672,3695.15,0,0,0,1.78755,2.2256,10.1933,0.894822,13.3116,0.42336,0,0.42336,460.49,0,1.02816,0,0,2.81571,1.78755,1.028160,1,0,82.3189,0,0,0,82.3189,0
51.5218,1.96413,0,0,5.02318,0.254158,0.36288,3.6288,31.273,0.66528,0,0,0.954685,0.153213,0,0.66528,12.849,1,0.514206,0.36288,0,58.4159,3.27831,54.9863,0.84672,12.849,0.84672,3695.15,0,0,0,1.30677,2.22623,8.57822,0.85359,11.2576,0.42336,0,0.42336,460.49,0,1.02816,0,0,2.33493,1.30677,1.028160,1,0,66.2439,0,0,0,66.2439,0
59.9291,1.98433,0,0,11.0168,0.262269,0.36288,3.6288,32.3922,0.66528,0,0,1.94133,0.156839,0,0.66528,12.849,1,0.49487,0.36288,0,120.411,2.96583,117.314,0.84672,12.849,0.84672,3695.15,0,0,0,4.05515,1.94605,12.4747,0.798613,17.6773,0.42336,0,0.42336,460.49,0,1.02816,0,0,5.08331,4.05515,1.028160,1,0,134.991,0,0,0,134.991,0
62.8625,2.0422,0,0,5.61341,0.274955,0.36288,3.6288,32.364,0.66528,0,0,0.791139,0.154064,0,0.66528,12.849,1,0.437855,0.36288,0,121.122,2.87863,118.168,0.84672,12.849,0.84672,3695.15,0,0,0,1.06168,1.9466,6.20425,0.786087,8.42645,0.42336,0,0.42336,460.49,0,1.02816,0,0,2.08984,1.06168,1.028160,1,0,126.594,0,0,0,126.594,0
64.8131,2.31096,0,0,4.86092,0.236478,0.36288,3.6288,32.2569,0.588639,0,0,0.650402,0.168909,0,0.66528,12.849,1,0.472357,0.36288,0,92.4134,3.74843,88.5555,0.84672,12.849,0.84672,3695.15,0,0,0,0.826364,1.94715,4.52784,0.989328,6.31203,0.42336,0,0.42336,460.49,0,1.02816,0,0,1.85452,0.826364,1.028160,1,0,94.8676,0,0,0,94.8676,0
68.0867,2.32354,0,0,6.21381,0.253772,0.36288,3.6288,33.3978,0.589139,0,0,1.93101,0.201012,0,0.66528,12.849,1,0.460636,0.36288,0,76.3741,4.79315,71.4832,0.84672,12.849,0.84672,3695.15,0,0,0,2.42997,1.77073,9.33854,1.19812,12.3411,0.42336,0,0.42336,460.49,0,1.02816,0,0,3.45813,2.42997,1.028160,1,0,83.8244,0,0,0,83.8244,0
69.1609,2.4285,0,0,4.19838,0.332739,0.36288,3.6288,33.579,0.684885,0,0,0.997272,0.131164,0,0.66528,12.849,1,0.458296,0.36288,0,44.653,3.60581,40.9518,0.84672,12.849,0.84672,3695.15,0,0,0,0.558835,1.77128,4.20681,0.946119,5.5908,0.42336,0,0.42336,460.49,0,0.99798,0,0,1.55682,0.558835,1.028160,1,0,46.5426,0,0,0,46.5426,0
69.6459,2.43526,0,0,3.61859,0.335541,0.36288,3.6288,33.9168,0.655226,0,0,1.12445,0.13142,0,0.66528,12.849,1,0.452433,0.36288,0,37.7851,3.60581,34.0897,0.84672,12.849,0.84672,3695.15,0,0,0,0.808713,1.84117,4.62471,0.946119,6.32847,0.42336,0,0.42336,460.49,0,1.02816,0,0,1.83687,0.808713,1.028160,1,0,40.4182,0,0,0,40.4182,0
70.1675,2.43867,0,0,3.62503,0.30181,0.36288,3.6288,34.1708,0.655747,0,0,1.05675,0.147017,0,0.66528,12.849,1,0.449912,0.36288,0,37.8792,3.83849,33.9537,0.84672,12.849,0.84672,3695.15,0,0,0,0.821353,1.84174,4.56089,0.991921,6.23206,0.42336,0,0.42336,460.49,0,1.02816,0,0,1.84951,0.821353,1.028160,1,0,40.1858,0,0,0,40.1858,0
69.8714,2.44226,0,0,2.81987,0.310883,0.36288,3.6288,34.0815,0.83267,0,0,0.916047,0.172668,0,0.66528,12.849,1,0.447223,0.36288,0,28.374,4.25157,24.0381,0.84672,12.849,0.84672,3695.15,0,0,0,0.528595,1.84231,3.60255,1.05055,4.9229,0.42336,0,0.42336,460.49,0,0.851757,0,0,1.38035,0.528595,1.028160,1,0,28.961,0,0,0,28.961,0
69.6326,2.40776,0,0,2.8276,0.295727,0.36288,3.6288,34.0937,0.777303,0,0,0.911313,0.121782,0,0.66528,12.849,1,0.442775,0.36288,0,33.8245,3.27204,30.4725,0.84672,12.849,0.84672,3695.15,0,0,0,0.528595,1.84288,3.49361,1.02844,4.83664,0.42336,0,0.42336,460.49,0,0.882343,0,0,1.41094,0.528595,1.028160,1,0,35.3092,0,0,0,35.3092,0
69.1457,2.40722,0,0,2.60531,0.322116,0.36288,3.6288,34.0588,0.820402,0,0,0.900297,0.114838,0,0.66528,12.849,1,0.444194,0.36288,0,32.5897,3.10926,29.3992,0.84672,12.849,0.84672,3695.15,0,0,0,0.528595,1.81643,3.20126,1.0429,4.50339,0.42336,0,0.42336,460.49,0,0.839756,0,0,1.36835,0.528595,1.028160,1,0,33.9025,0,0,0,33.9025,0
68.5421,2.40533,0,0,2.38952,0.224934,0.36288,3.6288,33.8734,0.805044,0,0,0.770965,0.151246,0,0.66528,12.849,1,0.44697,0.36288,0,29.752,3.51288,26.155,0.84672,12.849,0.84672,3695.15,0,0,0,0.402797,1.81699,2.9835,1.067,4.1363,0.42336,0,0.42336,460.49,0,0.855628,0,0,1.25842,0.402797,1.028160,1,0,30.2913,0,0,0,30.2913,0
67.8771,2.40276,0,0,2.32459,0.223878,0.36288,3.6288,33.9055,0.667412,0,0,0.850392,0.150966,0,0.66528,12.849,1,0.450424,0.36288,0,28.7543,3.51288,25.1538,0.84672,12.849,0.84672,3695.15,0,0,0,0.402797,1.81756,3.45921,1.067,4.61256,0.42336,0,0.42336,460.49,0,0.993773,0,0,1.39657,0.402797,1.028160,1,0,29.7664,0,0,0,29.7664,0
66.8793,2.51363,0,0,2.09613,0.217516,0.36288,3.6288,33.6137,0.88363,0,0,0.748284,0.156395,0,0.66528,12.849,1,0.475824,0.36288,0,25.7311,3.85506,21.7631,0.84672,12.849,0.84672,3695.15,0,0,0,0.402797,1.81812,2.89206,1.08709,4.02588,0.42336,0,0.42336,460.49,0,0.80981,0,0,1.21261,0.402797,1.028160,1,0,25.789,0,0,0,25.789,0
65.561,2.50845,0,0,1.75598,0.202913,0.36288,3.6288,33.0953,0.973883,0,0,0.624822,0.169329,0,0.66528,12.849,1,0.481928,0.36288,0,22.6689,4.71051,17.8393,0.84672,12.849,0.84672,3695.15,0,0,0,0.402797,1.91346,2.46951,1.13732,3.64845,0.42336,0,0.42336,460.49,0,0.719557,0,0,1.12235,0.402797,1.028160,1,0,21.4877,0,0,0,21.4877,0
64.2046,2.50112,0,0,1.70844,0.200796,0.36288,3.6288,32.5258,0.979914,0,0,0.578773,0.168388,0,0.66528,12.849,1,0.490182,0.36288,0,21.0758,4.71051,16.238,0.84672,12.849,0.84672,3695.15,0,0,0,0.30119,1.91405,2.27444,1.13732,3.35236,0.42336,0,0.42336,460.49,0,0.713526,0,0,1.01472,0.30119,1.028160,1,0,19.5904,0,0,0,19.5904,0
62.6611,2.49326,0,0,1.49766,0.185106,0.36288,3.6288,31.8417,1.04856,0,0,0.539181,0.174751,0,0.66528,12.849,1,0.498965,0.36288,0,18.8299,4.81761,13.8762,0.84672,12.849,0.84672,3695.15,0,0,0,0.30119,1.91464,2.20668,1.16468,3.25784,0.42336,0,0.42336,460.49,0,0.644881,0,0,0.946071,0.30119,1.028160,1,0,17.1341,0,0,0,17.1341,0
61.0818,2.48382,0,0,1.41692,0.149435,0.36288,3.6288,31.074,1.09424,0,0,0.518396,0.191809,0,0.66528,12.849,1,0.509322,0.36288,0,17.2131,5.08536,11.9813,0.84672,12.849,0.84672,3695.15,0,0,0,0.30119,1.91524,2.12287,1.23309,3.1062,0.42336,0,0.42336,460.49,0,0.599201,0,0,0.900392,0.30119,1.028160,1,0,15.0875,0,0,0,15.0875,0
59.7698,2.45155,0,0,1.62793,0.125554,0.36288,3.6288,30.8681,0.66528,0,0,0.643257,0.183869,0,0.66528,12.849,1,0.515702,0.36288,0,24.5505,4.78548,19.6122,0.84672,12.849,0.84672,3695.15,0,0,0,0.36085,1.91583,3.57913,1.25556,4.60025,0.42336,0,0.42336,460.49,0,1.02816,0,0,1.38901,0.36085,1.028160,1,0,24.2124,0,0,0,24.2124,0
58.3642,2.44299,0,0,1.52442,0.124108,0.36288,3.6288,30.6309,0.66528,0,0,0.611531,0.183451,0,0.66528,12.849,1,0.525181,0.36288,0,24.5183,4.78548,19.5706,0.84672,12.849,0.84672,3695.15,0,0,0,0.277042,1.9496,3.67815,1.25556,4.64923,0.42336,0,0.42336,460.49,0,1.02816,0,0,1.3052,0.277042,1.028160,1,0,24.2198,0,0,0,24.2198,0
56.8319,2.43338,0,0,1.3864,0.122436,0.36288,3.6288,30.3778,0.666438,0,0,0.596318,0.18297,0,0.66528,12.849,1,0.535712,0.36288,0,24.0384,4.78548,19.0801,0.84672,12.849,0.84672,3695.15,0,0,0,0.261274,1.9502,3.52433,1.25556,4.48024,0.42336,0,0.42336,460.49,0,1.027,0,0,1.28828,0.261274,1.028160,1,0,23.5603,0,0,0,23.5603,0
55.1844,2.42234,0,0,1.25836,0.120613,0.36288,3.6288,29.9431,0.811702,0,0,0.559435,0.182457,0,0.66528,12.849,1,0.547662,0.36288,0,21.4201,4.78548,16.4499,0.84672,12.849,0.84672,3695.15,0,0,0,0.261274,1.95081,3.40934,1.25556,4.36585,0.42336,0,0.42336,460.49,0,0.881738,0,0,1.14301,0.261274,1.028160,1,0,20.8157,0,0,0,20.8157,0
53.7048,2.22078,0,0,1.19573,0.0916819,0.36288,3.6288,29.4251,0.874869,0,0,0.59379,0.236885,0,0.66528,12.849,1,0.51708,0.36288,0,23.1032,5.81259,17.1364,0.84672,12.849,0.84672,3695.15,0,0,0,0.261274,1.95141,3.20163,1.53691,3.8774,0.42336,0,0.42336,460.49,0,0.818571,0,0,1.07984,0.261274,1.028160,1,0,21.0138,0,0,0,21.0138,0
52.0898,2.21004,0,0,1.04957,0.0916822,0.36288,3.6288,28.7266,0.949821,0,0,0.484454,0.233166,0,0.66528,12.849,1,0.528756,0.36288,0,19.0128,5.84188,13.005,0.84672,12.849,0.84672,3695.15,0,0,0,0.261274,2.17606,3.01345,1.47743,3.97335,0.42336,0,0.42336,460.49,0,0.743619,0,0,1.00489,0.261274,1.028160,1,0,16.9783,0,0,0,16.9783,0
50.4203,2.19764,0,0,0.981158,0.0901754,0.36288,3.6288,27.9411,1.00242,0,0,0.44823,0.231337,0,0.66528,12.849,1,0.542092,0.36288,0,18.0782,5.84188,12.0572,0.84672,12.849,0.84672,3695.15,0,0,0,0.227405,2.17668,2.64421,1.47743,3.57086,0.42336,0,0.42336,460.49,0,0.691019,0,0,0.918423,0.227405,1.028160,1,0,15.628,0,0,0,15.628,0
48.7527,2.18408,0,0,0.967965,0.0886178,0.36288,3.6288,27.2562,0.940524,0,0,0.48494,0.22928,0,0.66528,12.849,1,0.556588,0.36288,0,16.7749,5.84188,10.7393,0.84672,12.849,0.84672,3695.15,0,0,0,0.227405,2.1773,2.9903,1.47743,3.91756,0.42336,0,0.42336,460.49,0,0.752916,0,0,0.98032,0.227405,1.028160,1,0,14.6569,0,0,0,14.6569,0
47.0056,2.33065,0,0,1.0189,0.0724715,0.36288,3.6288,26.6363,0.897566,0,0,0.498974,0.221353,0,0.66528,12.849,1,0.614255,0.36288,0,16.6505,6.1713,10.2278,0.84672,12.849,0.84672,3695.15,0,0,0,0.227405,2.17791,3.67226,1.5496,4.52797,0.42336,0,0.42336,460.49,0,0.795874,0,0,1.02328,0.227405,1.028160,1,0,14.7558,0,0,0,14.7558,0
45.0714,2.31351,0,0,0.811719,0.0694897,0.36288,3.6288,25.4676,1.2947,0,0,0.38596,0.259885,0,0.66528,12.849,1,0.632399,0.36288,0,12.9992,6.69028,6.03942,0.84672,12.849,0.84672,3695.15,0,0,0,0.227405,2.33984,2.80505,1.57092,3.80138,0.42336,0,0.42336,460.49,0,0.398741,0,0,0.626146,0.227405,1.028160,1,0,9.8408,0,0,0,9.8408,0
43.0597,2.29317,0,0,0.712325,0.068007,0.36288,3.6288,24.2839,1.29961,0,0,0.372355,0.256451,0,0.66528,12.849,1,0.65374,0.36288,0,16.5244,6.69028,9.54329,0.84672,12.849,0.84672,3695.15,0,0,0,0.204422,2.34051,2.69362,1.57092,3.66763,0.42336,0,0.42336,460.49,0,0.393827,0,0,0.598249,0.204422,1.028160,1,0,13.2109,0,0,0,13.2109,0
41.0874,2.27042,0,0,0.727497,0.0664648,0.36288,3.6288,23.1924,1.2657,0,0,0.42713,0.252972,0,0.66528,12.849,1,0.677493,0.36288,0,14.3142,6.69028,7.30934,0.84672,12.849,0.84672,3695.15,0,0,0,0.204422,2.34118,2.79729,1.57092,3.77196,0.42336,0,0.42336,460.49,0,0.427742,0,0,0.632165,0.204422,1.028160,1,0,11.0813,0,0,0,11.0813,0
39.1462,2.24641,0,0,0.734037,0.0658942,0.36288,3.6288,22.2666,1.11125,0,0,0.430364,0.244904,0,0.66528,12.849,1,0.702506,0.36288,0,14.524,6.50544,7.67895,0.84672,12.849,0.84672,3695.15,0,0,0,0.204422,2.34184,3.57792,1.49897,4.62522,0.42336,0,0.42336,460.49,0,0.582189,0,0,0.786611,0.204422,1.028160,1,0,12.3042,0,0,0,12.3042,0
37.1416,2.14623,0,0,0.543724,0.0392522,0.36288,3.6288,21.0009,1.36519,0,0,0.356048,0.256563,0,0.66528,12.5622,1,0.704458,0.36288,0,10.2726,7.01238,3.20544,0.84672,12.5622,0.84672,3695.15,0,0,0,0.204422,2.34251,2.62296,1.60173,3.56816,0.42336,0,0.42336,460.49,0,0.328252,0,0,0.532674,0.204422,1.028160,1,0,6.7736,0,0,0,6.7736,0
35.1808,2.13093,0,0,0.589599,0.0566216,0.36288,3.6288,19.7592,1.37546,0,0,0.367876,0.234129,0,0.66528,11.8459,1,0.720732,0.36288,0,7.5892,6.68477,3.20544,0.84672,11.8459,0.84672,3693.21,0,0,0,0.216518,2.24968,2.61119,1.46602,3.61137,0.42336,0,0.42336,460.49,0,0.317984,0,0,0.534502,0.216518,1.028160,1,0,6.81681,0,0,0,6.81681,0
33.1518,2.36029,0,0,0.777079,0.082889,0.36288,3.6288,18.5966,1.33773,0,0,0.386762,0.211611,0,0.66528,11.0566,1,0.794743,0.36288,0,7.67508,6.46391,3.20544,0.84672,11.0566,0.84672,3691.57,0,0,0,0.216518,2.25032,2.10017,1.39016,3.17685,0.42336,0,0.42336,460.49,0,0.355715,0,0,0.572233,0.216518,1.028160,1,0,6.38229,0,0,0,6.38229,0
31.4504,2.36668,0,0,1.10897,0.0808533,0.36288,3.6288,18.0811,0.943791,0,0,0.636553,0.208243,0,0.66528,11.5778,1,0.789321,0.36288,0,14.1964,6.46391,3.20544,0.84672,11.5778,0.84672,3695.15,0,0,0,0.216518,2.074,3.93719,1.39016,4.83754,0.42336,0,0.42336,460.49,0,0.749649,0,0,0.966167,0.216518,1.028160,1,0,8.04298,0,0,0,8.04298,0
29.8517,2.2479,0,0,1.11809,0.105941,0.36288,3.6288,17.3528,1.07097,0,0,0.529522,0.186893,0,0.66528,12.849,1,0.827522,0.36288,0,20.1387,5.57651,12.8264,0.84672,12.849,0.84672,3695.15,0,0,0,0.216518,2.07464,3.56418,1.28774,4.5676,0.42336,0,0.42336,460.49,0,0.622469,0,0,0.838987,0.216518,1.028160,1,0,17.394,0,0,0,17.394,0
28.4126,2.22965,0,0,1.29218,0.138716,0.36288,3.6288,16.3407,1.25586,0,0,0.402509,0.158781,0,0.66528,12.849,1,0.84672,0.36288,0,18.2579,4.39331,13.3807,0.84672,12.849,0.84672,3695.15,0,0,0,0.216518,1.99173,3.922,1.15117,4.97907,0.42336,0,0.42336,460.49,0,0.43758,0,0,0.654098,0.216518,1.028160,1,0,18.3598,0,0,0,18.3598,0
27.1914,2.2306,0,0,1.50826,0.136036,0.36288,3.6288,16.3083,0.66528,0,0,0.789315,0.156425,0,0.66528,12.849,1,0.84672,0.36288,0,21.252,4.39331,16.3748,0.84672,12.849,0.84672,3695.15,0,0,0,0.484606,1.99234,6.227,1.15117,7.55278,0.42336,0,0.42336,460.49,0,1.02816,0,0,1.51277,0.484606,1.028160,1,0,23.9276,0,0,0,23.9276,0
28.4884,2.23155,0,0,4.02518,0.133762,0.36288,3.6288,17.4196,0.66528,0,0,1.93298,0.15635,0,0.66528,12.849,1,0.84672,0.36288,0,62.4575,4.39331,57.5804,0.84672,12.849,0.84672,3695.15,0,0,0,1.80223,1.99296,11.7564,1.15117,14.4004,0.42336,0,0.42336,460.49,0,1.02816,0,0,2.83039,1.80223,1.028160,1,0,71.9808,0,0,0,71.9808,0
28.3007,2.0006,0,0,2.34784,0.172038,0.36288,3.6288,17.2764,0.955206,0,0,0.947886,0.135956,0,0.66528,12.849,1,0.84672,0.36288,0,36.1858,3.94611,31.7558,0.84672,12.849,0.84672,3695.15,0,0,0,0.292723,1.99357,6.42214,0.998422,7.71001,0.42336,0,0.42336,460.49,0,0.694798,0,0,0.987521,0.292723,1.028160,1,0,39.4658,0,0,0,39.4658,0
27.6342,2.00147,0,0,1.88228,0.184452,0.36288,3.6288,17.2656,0.622352,0,0,0.752466,0.140874,0,0.66528,12.849,1,0.84672,0.36288,0,40.4287,4.31004,35.6348,0.84672,12.849,0.84672,3695.15,0,0,0,0.415091,1.80838,8.50919,0.94506,9.7876,0.42336,0,0.42336,460.49,0,1.02816,0,0,1.44325,0.415091,1.028160,1,0,45.4224,0,0,0,45.4224,0
27.4306,2.00235,0,0,2.34442,0.182767,0.36288,3.6288,17.348,0.62286,0,0,0.846072,0.140852,0,0.66528,12.849,1,0.84672,0.36288,0,46.6404,4.31004,41.8466,0.84672,12.849,0.84672,3695.15,0,0,0,0.565644,1.80894,9.07114,0.94506,10.5007,0.42336,0,0.42336,460.49,0,1.02816,0,0,1.5938,0.565644,1.028160,1,0,52.3472,0,0,0,52.3472,0
30.6117,2.00323,0,0,5.72942,0.182252,0.36288,3.6288,17.7204,0.623369,0,0,1.13679,0.141016,0,0.66528,12.849,1,0.84672,0.36288,0,42.1313,4.31004,37.3374,0.84672,12.849,0.84672,3695.15,0,0,0,0.898586,1.80949,11.8153,0.94506,13.5783,0.42336,0,0.42336,460.49,0,1.02816,0,0,1.92675,0.898586,1.028160,1,0,50.9157,0,0,0,50.9157,0
36.5397,2.00799,0,0,8.47581,0.176872,0.36288,3.6288,18.3006,0.623877,0,0,1.35143,0.147269,0,0.66528,12.849,1,0.842837,0.36288,0,54.0311,4.76196,48.7892,0.84672,12.849,0.84672,3695.15,0,0,0,1.09058,1.81005,12.4333,1.32998,14.004,0.42336,0,0.42336,460.49,0,1.02816,0,0,2.11874,1.09058,1.028160,1,0,62.7931,0,0,0,62.7931,0
37.1979,2.17588,0,0,3.37724,0.180272,0.36288,3.6288,17.958,1.01583,0,0,0.796444,0.123218,0,0.66528,12.849,1,0.765135,0.36288,0,46.7729,3.93981,42.4308,0.84672,12.849,0.84672,3695.15,0,0,0,0.412474,1.81061,5.54983,1.03272,6.74019,0.42336,0,0.42336,460.49,0,0.677609,0,0,1.09008,0.412474,1.028160,1,0,49.171,0,0,0,49.171,0
38.973,2.18659,0,0,4.50213,0.177623,0.36288,3.6288,18.3941,0.772269,0,0,1.32087,0.112574,0,0.66528,12.849,1,0.755295,0.36288,0,67.186,3.61095,63.1827,0.84672,12.849,0.84672,3695.15,0,0,0,0.503194,1.86917,8.19208,0.913814,9.65063,0.42336,0,0.42336,460.49,0,0.921171,0,0,1.42436,0.503194,1.028160,1,0,72.8333,0,0,0,72.8333,0
43.9461,2.21311,0,0,7.73042,0.181348,0.36288,3.6288,20.8574,0.66528,0,0,3.24192,0.113263,0,0.66528,12.849,1,0.72964,0.36288,0,140.326,3.61095,136.348,0.84672,12.849,0.84672,3695.15,0,0,0,2.06098,1.86973,15.3439,0.913814,18.3608,0.42336,0,0.42336,460.49,0,1.02816,0,0,3.08914,2.06098,1.028160,1,0,154.709,0,0,0,154.709,0
49.9843,2.27767,0,0,8.90161,0.222805,0.36288,3.6288,23.0142,0.66528,0,0,2.95237,0.130324,0,0.66528,12.849,1,0.665947,0.36288,0,165.418,3.97677,161.138,0.84672,12.849,0.84672,3695.15,0,0,0,2.77514,1.87028,15.0986,1.00768,18.7363,0.42336,0,0.42336,460.49,0,1.02816,0,0,3.8033,2.77514,1.028160,1,0,179.874,0,0,0,179.874,0
56.0715,2.57082,0,0,9.27266,0.251814,0.36288,3.6288,25.23,0.66528,0,0,3.02445,0.14339,0,0.66528,12.849,1,0.660858,0.36288,0,240.891,4.20814,236.385,0.84672,12.849,0.84672,3695.15,0,0,0,3.84801,1.87083,18.1915,1.09429,22.8161,0.42336,0,0.42336,460.49,0,1.02816,0,0,4.87617,3.84801,1.028160,1,0,259.201,0,0,0,259.201,0
60.2257,2.38394,0,0,7.14013,0.239049,0.36288,3.6288,27.5361,0.66528,0,0,3.11656,0.145156,0,0.66528,12.849,1,0.54629,0.36288,0,185.511,4.10067,181.227,0.84672,12.849,0.84672,3695.15,0,0,0,3.94078,2.08036,19.0818,1.13482,23.9681,0.42336,0,0.42336,460.49,0,1.02816,0,0,4.96894,3.94078,1.028160,1,0,205.195,0,0,0,205.195,0
61.9909,2.41579,0,0,4.79273,0.248917,0.36288,3.6288,28.7456,0.66528,0,0,2.02372,0.149003,0,0.66528,12.849,1,0.515402,0.36288,0,121.668,4.10067,117.415,0.84672,12.849,0.84672,3695.15,0,0,0,2.28981,2.25793,11.716,1.13482,15.1289,0.42336,0,0.42336,460.49,0,1.02816,0,0,3.31797,2.28981,1.028160,1,0,132.544,0,0,0,132.544,0
64.0351,2.67921,0,0,5.33893,0.252612,0.36288,3.6288,29.7755,0.66528,0,0,1.84624,0.151054,0,0.66528,12.849,1,0.555327,0.36288,0,103.367,4.10067,99.0741,0.84672,12.849,0.84672,3695.15,0,0,0,1.91097,2.25855,9.12272,1.13482,12.1574,0.42336,0,0.42336,460.49,0,1.02816,0,0,2.93913,1.91097,1.028160,1,0,111.232,0,0,0,111.232,0
65.5943,2.35319,0,0,4.56105,0.285737,0.36288,3.6288,32.2612,0.613068,0,0,3.24324,0.144393,0,0.66528,12.849,1,0.472181,0.36288,0,145.329,3.86848,141.351,0.84672,12.849,0.84672,3695.15,0,0,0,3.19124,2.0822,11.8326,1.03341,16.0726,0.42336,0,0.42336,460.49,0,1.02816,0,0,4.2194,3.19124,1.028160,1,0,157.424,0,0,0,157.424,0
70.9704,2.36328,0,0,8.43687,0.334655,0.36288,3.6288,38.7201,0.613552,0,0,7.25312,0.18072,0,0.66528,12.849,1,0.462932,0.36288,0,234.894,4.20577,230.588,0.84672,12.849,0.84672,3695.15,0,0,0,7.37191,1.79749,23.0193,0.975273,31.2134,0.42336,0,0.42336,460.49,0,1.02816,0,0,8.40007,7.37191,1.028160,1,0,261.802,0,0,0,261.802,0
72.29,2.39367,0,0,9.32757,0.349037,5.26527,3.6288,46.0407,0.614036,0,0,8.12738,0.192773,0,0.66528,12.849,1,0.433368,5.26527,0,320.341,4.20577,320.967,0.84672,12.849,0.84672,3695.15,0,0,0,10.5736,1.79802,26.6122,0.975273,38.0085,0.42336,0,0.42336,460.49,0,1.02816,0,0,11.6018,10.5736,1.028160,1,0,358.976,0,0,0,358.976,0
72.29,2.4011,0,0,7.8484,0.284598,5.16271,3.6288,51.1786,0.614519,0,0,5.92692,0.174436,0,0.66528,12.849,1,0.426777,5.16271,0,253.807,3.6826,254.86,0.84672,12.849,0.84672,3695.15,0,0,0,6.79864,1.79855,21.434,0.90012,29.1311,0.42336,0,0.42336,460.49,0,1.02816,0,0,7.8268,6.79864,1.028160,1,0,283.991,0,0,0,283.991,0
72.29,2.4018,0,0,10.5398,0.31509,7.82287,3.6288,55.9831,0.615003,0,0,5.68688,0.267453,0,0.66528,12.849,1,0.426902,7.82287,0,241.209,4.87625,243.729,0.84672,12.849,0.84672,3695.15,0,0,0,8.05162,1.79908,26.5801,1.24162,35.1892,0.42336,0,0.42336,460.49,0,1.02816,0,0,9.07978,8.05162,1.028160,1,0,278.918,0,0,0,278.918,0
72.29,2.49029,0,0,6.41885,0.355229,3.57333,3.6288,60.4631,0.66528,0,0,5.33318,0.187879,0,0.66528,12.849,1,0.442631,3.57333,0,177.14,4.28181,175.989,0.84672,12.849,0.84672,3695.15,0,0,0,3.91487,1.79961,15.4491,1.04027,20.1233,0.42336,0,0.42336,460.49,0,1.02816,0,0,4.94303,3.91487,1.028160,1,0,196.112,0,0,0,196.112,0
72.29,2.49103,0,0,8.70134,0.363806,5.84651,3.6288,61.308,0.66528,0,0,8.08936,0.179075,6.40008,0.66528,12.849,1,0.442761,5.84651,0,172.875,4.19727,174.082,0.84672,12.849,0.84672,3695.15,0,0,0,6.40119,1.87059,25.1501,1.0088,32.4131,0.42336,0,0.42336,460.49,0,1.02816,0,0,7.42935,6.40119,1.028160,1,0,212.895,0,0,0,212.895,0
72.29,2.49176,0,0,6.37394,0.337022,3.54515,3.6288,61.308,0.66528,0,0,6.70243,0.194309,5.84284,0.66528,12.849,1,0.442892,3.54515,0,212.651,4.37178,211.382,0.84672,12.849,0.84672,3695.15,0,0,0,4.08174,1.87114,15.9442,1.04315,20.8539,0.42336,0,0.42336,460.49,0,1.02816,0,0,5.1099,4.08174,1.028160,1,0,238.078,0,0,0,238.078,0
72.29,2.49249,0,0,5.51235,0.273095,2.74676,3.6288,61.308,0.66528,0,0,4.67233,0.240156,3.76689,0.66528,12.849,1,0.443022,2.74676,0,165.581,4.5501,163.335,0.84672,12.849,0.84672,3695.15,0,0,0,3.1441,1.87169,13.0945,1.16669,16.9436,0.42336,0,0.42336,460.49,0,1.02816,0,0,4.17226,3.1441,1.028160,1,0,184.045,0,0,0,184.045,0
72.29,2.45887,0,0,5.08003,0.275078,2.34609,3.6288,61.308,0.657903,0,0,2.95819,0.234753,2.06553,0.66528,12.849,1,0.437045,2.34609,0,131.369,4.51413,128.764,0.84672,12.849,0.84672,3695.15,0,0,0,1.67276,1.87224,11.8158,1.13224,14.2286,0.42336,0,0.42336,460.49,0,1.02816,0,0,2.70092,1.67276,1.028160,1,0,145.058,0,0,0,145.058,0
72.29,2.45959,0,0,4.96032,0.292435,2.20829,3.6288,61.308,0.6584,0,0,2.10907,0.215616,1.23505,0.66528,12.849,1,0.437173,2.20829,0,121.78,4.51773,119.033,0.84672,12.849,0.84672,3695.15,0,0,0,1.43828,1.84535,10.778,1.06268,12.9989,0.42336,0,0.42336,460.49,0,1.02816,0,0,2.46644,1.43828,1.028160,1,0,133.267,0,0,0,133.267,0
72.29,2.46031,0,0,5.01047,0.269601,2.28055,3.6288,61.308,0.658896,0,0,2.13329,0.222634,1.25176,0.66528,12.849,1,0.437302,2.28055,0,119.526,4.63707,116.732,0.84672,12.849,0.84672,3695.15,0,0,0,1.87559,1.84589,11.4443,1.11339,14.0524,0.42336,0,0.42336,460.49,0,1.02816,0,0,2.90375,1.87559,1.028160,1,0,132.036,0,0,0,132.036,0
72.29,2.46104,0,0,4.37492,0.212514,1.70137,3.6288,61.308,0.659393,0,0,1.93315,0.240179,1.03358,0.66528,12.849,1,0.437431,1.70137,0,101.674,4.93542,98.0023,0.84672,12.849,0.84672,3695.15,0,0,0,1.61818,1.84643,9.78584,1.24015,12.0103,0.42336,0,0.42336,460.49,0,1.02816,0,0,2.64634,1.61818,1.028160,1,0,111.046,0,0,0,111.046,0
72.29,2.57854,0,0,3.86625,0.209934,1.07778,3.6288,61.308,0.66528,0,0,1.58217,0.242112,0.674782,0.66528,12.849,1,0.458316,1.07778,0,90.7986,4.94569,86.4724,0.84672,12.849,0.84672,3695.15,0,0,0,1.21269,1.84698,9.29154,1.23087,11.1203,0.42336,0,0.42336,460.49,0,1.02816,0,0,2.24085,1.21269,1.028160,1,0,98.2675,0,0,0,98.2675,0
72.29,2.5793,0,0,3.61316,0.194456,0.839406,3.6288,61.308,0.66528,0,0,1.28377,0.253713,0.364781,0.66528,12.849,1,0.458451,0.839406,0,76.388,5.00735,71.7616,0.84672,12.849,0.84672,3695.15,0,0,0,0.62513,1.9438,7.96116,1.17519,9.3549,0.42336,0,0.42336,460.49,0,1.02816,0,0,1.65329,0.62513,1.028160,1,0,81.4813,0,0,0,81.4813,0
72.29,2.58006,0,0,3.47888,0.194456,0.704364,3.6288,61.308,0.66528,0,0,1.22779,0.253713,0.308794,0.66528,12.849,1,0.458586,0.704364,0,71.6749,5.00735,66.9133,0.84672,12.849,0.84672,3695.15,0,0,0,0.735005,1.94438,6.53633,1.17519,8.04052,0.42336,0,0.42336,460.49,0,1.02816,0,0,1.76316,0.735005,1.028160,1,0,75.2626,0,0,0,75.2626,0
72.29,2.58082,0,0,3.39742,0.171227,0.645376,3.6288,61.308,0.66528,0,0,1.18796,0.288512,0.234165,0.66528,12.849,1,0.458721,0.645376,0,67.748,5.17276,62.7619,0.84672,12.849,0.84672,3695.15,0,0,0,0.673263,1.94495,6.24081,1.25738,7.60165,0.42336,0,0.42336,460.49,0,1.02816,0,0,1.70142,0.673263,1.028160,1,0,70.5977,0,0,0,70.5977,0
72.29,2.58158,0,0,3.26046,0.167356,0.511527,3.6288,61.308,0.66528,0,0,1.14444,0.294311,0.184846,0.66528,12.849,1,0.458856,0.511527,0,63.4107,5.20033,58.263,0.84672,12.849,0.84672,3695.15,0,0,0,0.660943,1.94552,6.04975,1.27107,7.38514,0.42336,0,0.42336,460.49,0,1.02816,0,0,1.6891,0.660943,1.028160,1,0,65.833,0,0,0,65.833,0
71.8095,2.55921,0,0,2.57377,0.132204,0.36288,3.6288,60.9677,0.831617,0,0,0.769833,0.278491,0,0.66528,12.849,1,0.45488,0.36288,0,52.7864,5.52434,47.1701,0.84672,12.849,0.84672,3695.15,0,0,0,0.30119,1.94609,4.37788,1.32424,5.30092,0.42336,0,0.42336,460.49,0,0.861823,0,0,1.16301,0.30119,1.028160,1,0,52.471,0,0,0,52.471,0
71.0736,2.55738,0,0,2.31022,0.125884,0.36288,3.6288,60.5462,0.85873,0,0,0.712515,0.275261,0,0.66528,12.849,1,0.457596,0.36288,0,48.8899,5.57834,43.2168,0.84672,12.849,0.84672,3695.15,0,0,0,0.261274,1.98037,4.21787,1.3331,5.12641,0.42336,0,0.42336,460.49,0,0.83471,0,0,1.09598,0.261274,1.028160,1,0,48.3432,0,0,0,48.3432,0
70.3441,2.55412,0,0,2.31275,0.125179,0.36288,3.6288,60.1308,0.82893,0,0,0.688046,0.274526,0,0.66528,12.849,1,0.461745,0.36288,0,46.1627,5.57834,40.4855,0.84672,12.849,0.84672,3695.15,0,0,0,0.261274,1.98096,4.47778,1.3331,5.38691,0.42336,0,0.42336,460.49,0,0.86451,0,0,1.12578,0.261274,1.028160,1,0,45.8725,0,0,0,45.8725,0
69.5216,2.55082,0,0,2.20619,0.115053,0.36288,3.6288,59.6914,0.821897,0,0,0.671717,0.289231,0,0.66528,12.849,1,0.46593,0.36288,0,43.4095,5.7955,37.511,0.84672,12.849,0.84672,3695.15,0,0,0,0.261274,1.98154,4.48499,1.4066,5.3212,0.42336,0,0.42336,460.49,0,0.871543,0,0,1.13282,0.261274,1.028160,1,0,42.8322,0,0,0,42.8322,0
68.4217,2.60635,0,0,1.96711,0.0977855,0.36288,3.6288,58.9573,1.00988,0,0,0.590727,0.315003,0,0.66528,12.849,1,0.481707,0.36288,0,40.313,6.21139,33.9828,0.84672,12.849,0.84672,3695.15,0,0,0,0.261274,1.98212,3.76671,1.54436,4.46575,0.42336,0,0.42336,460.49,0,0.683562,0,0,0.944836,0.261274,1.028160,1,0,38.4486,0,0,0,38.4486,0
67.2655,2.6006,0,0,1.91336,0.106047,0.36288,3.6288,58.133,1.0529,0,0,0.526396,0.297757,0,0.66528,12.849,1,0.48837,0.36288,0,36.3745,6.04202,30.207,0.84672,12.849,0.84672,3695.15,0,0,0,0.261274,2.03053,2.9787,1.48303,3.78748,0.42336,0,0.42336,460.49,0,0.640544,0,0,0.901817,0.261274,1.028160,1,0,33.9945,0,0,0,33.9945,0
65.9243,2.59431,0,0,1.72103,0.105088,0.36288,3.6288,57.2828,1.04783,0,0,0.493754,0.296183,0,0.66528,12.849,1,0.495563,0.36288,0,34.2811,6.04202,28.1064,0.84672,12.849,0.84672,3695.15,0,0,0,0.227405,2.03113,3.04086,1.48303,3.81636,0.42336,0,0.42336,460.49,0,0.645607,0,0,0.873012,0.227405,1.028160,1,0,31.9228,0,0,0,31.9228,0
64.69,2.33356,0,0,1.56621,0.103976,0.36288,3.6288,56.3316,1.13032,0,0,0.473679,0.294558,0,0.66528,12.849,1,0.454824,0.36288,0,32.1988,6.04202,26.0648,0.84672,12.849,0.84672,3695.15,0,0,0,0.227405,2.03172,2.82699,1.48303,3.60309,0.42336,0,0.42336,460.49,0,0.563121,0,0,0.790525,0.227405,1.028160,1,0,29.6679,0,0,0,29.6679,0
63.0948,2.49934,0,0,1.35525,0.0882972,0.36288,3.6288,55.3647,1.13897,0,0,0.471694,0.299584,0,0.66528,12.849,1,0.49643,0.36288,0,30.7212,6.28383,24.3038,0.84672,12.849,0.84672,3695.15,0,0,0,0.227405,2.20929,2.86473,1.51308,3.78835,0.42336,0,0.42336,460.49,0,0.554472,0,0,0.781877,0.227405,1.028160,1,0,28.0921,0,0,0,28.0921,0
61.4283,2.48972,0,0,1.29962,0.11347,0.36288,3.6288,54.0456,1.3479,0,0,0.343133,0.314352,0,0.66528,12.849,1,0.507022,0.36288,0,20.3318,6.00324,14.1844,0.84672,12.849,0.84672,3695.15,0,0,0,0.227405,2.37372,2.28513,1.53078,3.35548,0.42336,0,0.42336,460.49,0,0.34554,0,0,0.572944,0.227405,1.028160,1,0,17.5399,0,0,0,17.5399,0
59.8861,2.47915,0,0,1.41148,0.111715,0.36288,3.6288,52.9344,1.20853,0,0,0.398118,0.30078,0,0.66528,12.849,1,0.518565,0.36288,0,22.8175,5.99519,16.6666,0.84672,12.849,0.84672,3695.15,0,0,0,0.204422,2.37437,2.13773,1.53778,3.17875,0.42336,0,0.42336,460.49,0,0.484908,0,0,0.68933,0.204422,1.028160,1,0,19.8453,0,0,0,19.8453,0
58.0765,2.46895,0,0,1.13248,0.110235,0.36288,3.6288,51.6043,1.3449,0,0,0.313051,0.298213,0,0.66528,12.849,1,0.529731,0.36288,0,26.8383,5.99519,20.6763,0.84672,12.849,0.84672,3695.15,0,0,0,0.204422,2.37501,1.77582,1.53778,2.81748,0.42336,0,0.42336,460.49,0,0.348543,0,0,0.552965,0.204422,1.028160,1,0,23.4938,0,0,0,23.4938,0
56.4903,2.45623,0,0,1.34122,0.108325,0.36288,3.6288,50.7211,1.06604,0,0,0.477864,0.295038,0,0.66528,12.849,1,0.543423,0.36288,0,23.036,5.99519,16.8602,0.84672,12.849,0.84672,3695.15,0,0,0,0.204422,2.37566,2.40143,1.53778,3.44373,0.42336,0,0.42336,460.49,0,0.627402,0,0,0.831825,0.204422,1.028160,1,0,20.304,0,0,0,20.304,0
54.8096,2.36248,0,0,1.142,0.0973203,0.36288,3.6288,49.7919,1.07896,0,0,0.392022,0.242224,0,0.66528,12.849,1,0.537359,0.36288,0,39.9043,5.50461,34.2252,0.84672,12.849,0.84672,3695.15,0,0,0,0.204422,2.3763,2.4233,1.44198,3.56205,0.42336,0,0.42336,460.49,0,0.614477,0,0,0.818899,0.204422,1.028160,1,0,37.7872,0,0,0,37.7872,0
52.8446,2.3499,0,0,0.839851,0.0920316,0.36288,3.6288,48.583,1.3217,0,0,0.333018,0.220262,0,0.66528,12.849,1,0.550886,0.36288,0,29.1359,5.30838,23.6395,0.84672,12.849,0.84672,3695.15,0,0,0,0.216518,2.28199,1.74091,1.40367,2.83576,0.42336,0,0.42336,460.49,0,0.371742,0,0,0.58826,0.216518,1.028160,1,0,26.4753,0,0,0,26.4753,0
51.6547,2.33418,0,0,1.64823,0.141092,0.36288,3.6288,47.8295,1.02912,0,0,0.496472,0.220886,0,0.66528,12.849,1,0.567547,0.36288,0,34.0959,4.93942,28.9519,0.84672,12.849,0.84672,3695.15,0,0,0,0.216518,2.28261,2.72588,1.32824,3.89677,0.42336,0,0.42336,460.49,0,0.664321,0,0,0.880839,0.216518,1.028160,1,0,32.8486,0,0,0,32.8486,0
51.4923,2.32446,0,0,2.71278,0.18788,0.36288,3.6288,47.7243,0.66528,0,0,0.794872,0.234746,0,0.66528,12.849,1,0.578204,0.36288,0,59.6079,4.64867,54.7439,0.84672,12.849,0.84672,3695.15,0,0,0,0.414634,2.28323,4.97686,1.23472,6.44,0.42336,0,0.42336,460.49,0,1.02816,0,0,1.44279,0.414634,1.028160,1,0,61.1839,0,0,0,61.1839,0
51.0113,2.25747,0,0,2.34541,0.20607,0.36288,3.6288,46.8754,1.09054,0,0,0.456716,0.215094,0,0.66528,12.849,1,0.563313,0.36288,0,32.7099,4.31209,28.1974,0.84672,12.849,0.84672,3695.15,0,0,0,0.216518,2.28385,2.95555,1.13782,4.31809,0.42336,0,0.42336,460.49,0,0.602903,0,0,0.819421,0.216518,1.028160,1,0,32.5155,0,0,0,32.5155,0
49.7424,2.25396,0,0,1.5991,0.251076,0.36288,3.6288,46.43,0.770851,0,0,0.490755,0.1653,0,0.66528,12.849,1,0.56774,0.36288,0,38.9029,3.47067,35.2274,0.84672,12.849,0.84672,3695.15,0,0,0,0.216518,2.19963,2.61763,0.895583,4.1382,0.42336,0,0.42336,460.49,0,0.922589,0,0,1.13911,0.216518,1.028160,1,0,39.3656,0,0,0,39.3656,0
50.0687,2.24318,0,0,3.18008,0.247743,0.36288,3.6288,46.5121,0.66528,0,0,0.911988,0.16464,0,0.66528,12.849,1,0.579437,0.36288,0,57.3744,3.47067,53.6871,0.84672,12.849,0.84672,3695.15,0,0,0,0.769452,2.20022,5.35334,0.895583,7.42742,0.42336,0,0.42336,460.49,0,1.02816,0,0,1.79761,0.769452,1.028160,1,0,61.1145,0,0,0,61.1145,0
49.5871,2.24692,0,0,2.37674,0.2486,0.36288,3.6288,46.6413,0.66528,0,0,0.95923,0.164764,0,0.66528,12.849,1,0.57662,0.36288,0,40.2946,3.47067,36.6102,0.84672,12.849,0.84672,3695.15,0,0,0,0.949173,2.20081,4.17516,0.895583,6.42956,0.42336,0,0.42336,460.49,0,1.02816,0,0,1.97733,0.949173,1.028160,1,0,43.0398,0,0,0,43.0398,0
49.9692,2.05617,0,0,3.08334,0.282149,0.36288,3.6288,46.5204,0.66528,0,0,0.721736,0.177354,0,0.66528,12.849,1,0.532795,0.36288,0,53.8323,3.70263,49.9598,0.84672,12.849,0.84672,3695.15,0,0,0,0.425504,2.20141,7.19142,0.949737,8.86859,0.42336,0,0.42336,460.49,0,1.02816,0,0,1.45366,0.425504,1.028160,1,0,58.8283,0,0,0,58.8283,0
49.2705,2.06009,0,0,1.98753,0.263259,0.36288,3.6288,45.9639,0.66528,0,0,0.342285,0.233501,0,0.66528,12.849,1,0.529727,0.36288,0,49.8063,4.62021,45.0193,0.84672,12.849,0.84672,3695.15,0,0,0,0.512577,2.01332,3.60738,1.16565,4.96762,0.42336,0,0.42336,460.49,0,1.02816,0,0,1.54074,0.512577,1.028160,1,0,49.9869,0,0,0,49.9869,0
48.9432,2.0548,0,0,2.35164,0.261307,0.36288,3.6288,45.5204,0.66528,0,0,0.454119,0.232303,0,0.66528,12.849,1,0.535861,0.36288,0,58.9887,4.62021,54.1955,0.84672,12.849,0.84672,3695.15,0,0,0,0.92022,2.01386,4.49325,1.16565,6.26168,0.42336,0,0.42336,460.49,0,1.02816,0,0,1.94838,0.92022,1.028160,1,0,60.4571,0,0,0,60.4571,0
48.3382,2.05263,0,0,2.07094,0.260386,0.36288,3.6288,44.8526,0.773531,0,0,0.337115,0.231348,0,0.66528,12.849,1,0.538876,0.36288,0,41.5499,4.62021,36.7537,0.84672,12.849,0.84672,3695.15,0,0,0,0.412474,2.0144,5.19828,1.16565,6.4595,0.42336,0,0.42336,460.49,0,0.919909,0,0,1.33238,0.412474,1.028160,1,0,43.2132,0,0,0,43.2132,0
48.0101,2.04798,0,0,2.31864,0.235921,0.36288,3.6288,44.4956,0.66528,0,0,0.494223,0.185943,0,0.66528,12.849,1,0.544382,0.36288,0,49.8614,3.56699,46.1129,0.84672,12.849,0.84672,3695.15,0,0,0,0.753788,2.01494,4.53287,0.88454,6.41706,0.42336,0,0.42336,460.49,0,1.02816,0,0,1.78195,0.753788,1.028160,1,0,52.5299,0,0,0,52.5299,0
49.0495,2.11725,0,0,3.74636,0.2268,0.36288,3.6288,44.8362,0.66528,0,0,1.2147,0.20885,0,0.66528,12.849,1,0.566643,0.36288,0,73.8029,3.92648,69.6726,0.84672,12.849,0.84672,3695.15,0,0,0,1.09692,2.01548,7.15169,1.06823,9.19585,0.42336,0,0.42336,460.49,0,1.02816,0,0,2.12508,1.09692,1.028160,1,0,78.8685,0,0,0,78.8685,0
50.0046,2.12743,0,0,3.67543,0.229974,0.36288,3.6288,45.5148,0.66528,0,0,1.58431,0.24041,0,0.66528,12.849,1,0.557302,0.36288,0,61.8534,4.51206,57.1469,0.84672,12.849,0.84672,3695.15,0,0,0,1.30172,2.07492,8.72398,1.29034,10.8103,0.42336,0,0.42336,460.49,0,1.02816,0,0,2.32988,1.30172,1.028160,1,0,67.9572,0,0,0,67.9572,0
51.2147,2.13657,0,0,3.9419,0.232331,0.36288,3.6288,45.9854,0.66528,0,0,1.37781,0.241938,0,0.66528,12.849,1,0.549005,0.36288,0,81.6765,4.51206,76.9783,0.84672,12.849,0.84672,3695.15,0,0,0,1.01742,2.07545,9.33232,1.29034,11.1349,0.42336,0,0.42336,460.49,0,1.02816,0,0,2.04558,1.01742,1.028160,1,0,88.1132,0,0,0,88.1132,0
52.4248,2.14761,0,0,3.95589,0.235304,0.36288,3.6288,46.4809,0.66528,0,0,1.40376,0.242998,0,0.66528,12.849,1,0.538804,0.36288,0,68.1618,4.51206,63.4738,0.84672,12.849,0.84672,3695.15,0,0,0,1.07498,2.07599,8.72917,1.29034,10.5898,0.42336,0,0.42336,460.49,0,1.02816,0,0,2.10314,1.07498,1.028160,1,0,74.0636,0,0,0,74.0636,0
53.1103,2.39248,0,0,3.67195,0.231138,0.36288,3.6288,47.3591,0.66528,0,0,1.752,0.208545,0,0.66528,12.849,1,0.586382,0.36288,0,65.1675,3.41534,61.5286,0.84672,12.849,0.84672,3695.15,0,0,0,1.53184,2.07652,9.0885,1.03306,11.6638,0.42336,0,0.42336,460.49,0,1.02816,0,0,2.56,1.53184,1.028160,1,0,73.1924,0,0,0,73.1924,0
52.9319,2.39932,0,0,2.87614,0.292348,0.36288,3.6288,47.9763,0.66528,0,0,1.43863,0.156107,0,0.66528,12.849,1,0.580468,0.36288,0,54.2754,3.39087,50.667,0.84672,12.849,0.84672,3695.15,0,0,0,1.26806,2.28924,8.0212,0.852138,10.7264,0.42336,0,0.42336,460.49,0,1.02816,0,0,2.29622,1.26806,1.028160,1,0,61.3933,0,0,0,61.3933,0
52.6222,2.39848,0,0,2.74351,0.291814,0.36288,3.6288,48.8023,0.66528,0,0,1.64821,0.156915,0,0.66528,12.849,1,0.582222,0.36288,0,48.4364,3.39087,44.8262,0.84672,12.849,0.84672,3695.15,0,0,0,1.283,2.28983,8.20273,0.852138,10.9234,0.42336,0,0.42336,460.49,0,1.02816,0,0,2.31116,1.283,1.028160,1,0,55.7496,0,0,0,55.7496,0
52.959,2.39647,0,0,3.37513,0.278985,0.36288,3.6288,50.2065,0.66528,0,0,2.24301,0.173583,0,0.66528,12.849,1,0.585157,0.36288,0,61.1342,3.96783,56.9441,0.84672,12.849,0.84672,3695.15,0,0,0,1.55203,2.29042,14.3653,0.984317,17.2234,0.42336,0,0.42336,460.49,0,1.02816,0,0,2.58019,1.55203,1.028160,1,0,74.1675,0,0,0,74.1675,0
54.0484,2.06512,0,0,3.78025,0.262822,0.36288,3.6288,51.443,0.66528,0,0,2.06702,0.165188,0,0.66528,12.849,1,0.501043,0.36288,0,86.4521,4.3252,81.9887,0.84672,12.849,0.84672,3695.15,0,0,0,1.35336,2.29102,13.0602,0.986591,15.718,0.42336,0,0.42336,460.49,0,1.02816,0,0,2.38152,1.35336,1.028160,1,0,97.7067,0,0,0,97.7067,0
55.9773,2.07393,0,0,4.61544,0.249732,0.36288,3.6288,52.7239,0.66528,0,0,2.02815,0.0820032,0,0.66528,12.849,1,0.493038,0.36288,0,87.2735,3.31874,83.8246,0.84672,12.849,0.84672,3695.15,0,0,0,1.7217,2.00193,11.3122,0.739382,14.2964,0.42336,0,0.42336,460.49,0,1.02816,0,0,2.74986,1.7217,1.028160,1,0,98.121,0,0,0,98.121,0
57.35,2.08841,0,0,4.07862,0.254617,0.36288,3.6288,53.0765,0.66528,0,0,1.10074,0.0828541,0,0.66528,12.849,1,0.479371,0.36288,0,71.8684,3.31874,68.4332,0.84672,12.849,0.84672,3695.15,0,0,0,0.826485,2.00244,8.06299,0.739382,10.1525,0.42336,0,0.42336,460.49,0,1.02816,0,0,1.85465,0.826485,1.028160,1,0,78.5857,0,0,0,78.5857,0
57.9851,2.09844,0,0,3.3545,0.258094,0.36288,3.6288,53.3956,0.66528,0,0,1.06745,0.0830883,0,0.66528,12.849,1,0.470145,0.36288,0,62.8004,3.31874,59.3744,0.84672,12.849,0.84672,3695.15,0,0,0,0.587002,2.00296,6.50466,0.739382,8.35523,0.42336,0,0.42336,460.49,0,1.02816,0,0,1.61516,0.587002,1.028160,1,0,67.7297,0,0,0,67.7297,0
60.4284,2.10331,0,0,5.16916,0.259702,0.36288,3.6288,54.1744,0.66528,0,0,1.52738,0.0833002,0,0.66528,12.849,1,0.466076,0.36288,0,114.478,3.31874,111.056,0.84672,12.849,0.84672,3695.15,0,0,0,1.58341,2.00347,9.09996,0.739382,11.9475,0.42336,0,0.42336,460.49,0,1.02816,0,0,2.61157,1.58341,1.028160,1,0,123.004,0,0,0,123.004,0
61.595,2.20607,0,0,3.99991,0.264335,0.36288,3.6288,54.8429,0.66528,0,0,1.43064,0.0968475,0,0.66528,12.849,1,0.469081,0.36288,0,78.4935,3.07073,75.3166,0.84672,12.849,0.84672,3695.15,0,0,0,1.11692,2.00398,7.98647,0.653904,10.4535,0.42336,0,0.42336,460.49,0,1.02816,0,0,2.14508,1.11692,1.028160,1,0,85.7701,0,0,0,85.7701,0
61.996,2.21412,0,0,3.246,0.26805,0.36288,3.6288,55.4119,0.66528,0,0,1.3522,0.117906,0,0.66528,12.849,1,0.461875,0.36288,0,63.7306,3.22255,60.4091,0.84672,12.849,0.84672,3695.15,0,0,0,0.763534,2.07601,6.08926,0.662707,8.2661,0.42336,0,0.42336,460.49,0,1.02816,0,0,1.79169,0.763534,1.028160,1,0,68.6752,0,0,0,68.6752,0
61.8712,2.21728,0,0,2.72438,0.268938,0.36288,3.6288,55.7188,0.66528,0,0,1.09049,0.118349,0,0.66528,12.849,1,0.459544,0.36288,0,43.5462,3.22255,40.227,0.84672,12.849,0.84672,3695.15,0,0,0,0.956526,2.07655,4.9097,0.662707,7.28006,0.42336,0,0.42336,460.49,0,1.02816,0,0,1.98469,0.956526,1.028160,1,0,47.507,0,0,0,47.507,0
61.6043,2.46761,0,0,2.81743,0.25385,0.36288,3.6288,55.9128,0.66528,0,0,0.943765,0.0844511,0,0.66528,12.849,1,0.512456,0.36288,0,47.434,2.5211,44.7634,0.84672,12.849,0.84672,3695.15,0,0,0,0.922821,2.07708,4.05723,0.564414,6.49272,0.42336,0,0.42336,460.49,0,1.02816,0,0,1.95098,0.922821,1.028160,1,0,51.2561,0,0,0,51.2561,0
61.3632,2.43247,0,0,2.7915,0.237237,0.36288,3.6288,56.1976,0.66528,0,0,1.06782,0.117716,0,0.66528,12.849,1,0.507347,0.36288,0,45.636,2.84667,42.6448,0.84672,12.849,0.84672,3695.15,0,0,0,0.865106,1.90065,3.71084,0.649056,5.82754,0.42336,0,0.42336,460.49,0,1.02816,0,0,1.89327,0.865106,1.028160,1,0,48.4724,0,0,0,48.4724,0
60.8185,2.4315,0,0,2.47983,0.230152,0.36288,3.6288,56.5785,0.66528,0,0,1.2426,0.19647,0,0.66528,12.849,1,0.509138,0.36288,0,46.8509,3.98223,42.7224,0.84672,12.849,0.84672,3695.15,0,0,0,0.779786,1.87332,4.54361,0.860207,6.33651,0.42336,0,0.42336,460.49,0,1.02816,0,0,1.80795,0.779786,1.028160,1,0,49.0589,0,0,0,49.0589,0
60.017,2.17876,0,0,1.9692,0.229115,0.36288,3.6288,56.7989,0.66528,0,0,1.0827,0.196959,0,0.66528,12.849,1,0.460303,0.36288,0,36.183,3.98223,32.1034,0.84672,12.849,0.84672,3695.15,0,0,0,0.594294,1.87385,4.67159,0.860207,6.27952,0.42336,0,0.42336,460.49,0,1.02816,0,0,1.62245,0.594294,1.028160,1,0,38.3829,0,0,0,38.3829,0
59.0976,2.17438,0,0,1.8454,0.227509,0.36288,3.6288,57.0076,0.66528,0,0,1.07118,0.197242,0,0.66528,12.849,1,0.465512,0.36288,0,34.2819,3.98223,30.197,0.84672,12.849,0.84672,3695.15,0,0,0,0.55652,2.05134,4.44551,0.860207,6.19317,0.42336,0,0.42336,460.49,0,1.02816,0,0,1.58468,0.55652,1.028160,1,0,36.3902,0,0,0,36.3902,0
59.1428,2.28379,0,0,2.91048,0.21867,0.36288,3.6288,57.512,0.66528,0,0,1.36894,0.199246,0,0.66528,12.849,1,0.496542,0.36288,0,44.9832,4.03641,40.8131,0.84672,12.849,0.84672,3695.15,0,0,0,0.930666,2.05187,4.40327,0.850178,6.53563,0.42336,0,0.42336,460.49,0,1.02816,0,0,1.95883,0.930666,1.028160,1,0,47.3488,0,0,0,47.3488,0
58.0189,2.53324,0,0,1.94514,0.172863,0.36288,3.6288,57.6016,0.66528,0,0,0.947462,0.192556,0,0.66528,12.849,1,0.550357,0.36288,0,30.6203,4.21596,26.2169,0.84672,12.849,0.84672,3695.15,0,0,0,0.571147,2.15013,3.96126,0.949225,5.73331,0.42336,0,0.42336,460.49,0,1.02816,0,0,1.59931,0.571147,1.028160,1,0,31.9502,0,0,0,31.9502,0
56.8016,2.52522,0,0,1.82828,0.157454,0.36288,3.6288,57.7269,0.66528,0,0,0.986723,0.196154,0,0.66528,12.849,1,0.559241,0.36288,0,28.2045,4.32432,23.6838,0.84672,12.849,0.84672,3695.15,0,0,0,0.575147,1.97372,4.02595,0.929165,5.64565,0.42336,0,0.42336,460.49,0,1.02816,0,0,1.60331,0.575147,1.028160,1,0,29.3295,0,0,0,29.3295,0
55.5239,2.51615,0,0,1.75685,0.155586,0.36288,3.6288,57.8705,0.66528,0,0,1.00518,0.196313,0,0.66528,12.849,1,0.569175,0.36288,0,26.5888,4.32432,22.0582,0.84672,12.849,0.84672,3695.15,0,0,0,0.495348,1.97428,4.01444,0.929165,5.5549,0.42336,0,0.42336,460.49,0,1.02816,0,0,1.52351,0.495348,1.028160,1,0,27.6131,0,0,0,27.6131,0
54.1473,2.50622,0,0,1.64618,0.153624,0.36288,3.6288,57.9442,0.66528,0,0,0.935461,0.196495,0,0.66528,12.849,1,0.579974,0.36288,0,24.9089,4.32432,20.3674,0.84672,12.849,0.84672,3695.15,0,0,0,0.391591,1.97483,3.72203,0.929165,5.15929,0.42336,0,0.42336,460.49,0,1.02816,0,0,1.41975,0.391591,1.028160,1,0,25.5267,0,0,0,25.5267,0
53.322,2.22825,0,0,1.87301,0.107186,0.36288,3.6288,58.0368,0.66528,0,0,0.977728,0.219802,0,0.66528,12.849,1,0.528758,0.36288,0,29.072,4.70881,24.1974,0.84672,12.849,0.84672,3695.15,0,0,0,0.733847,1.97538,3.28631,1.04682,4.94872,0.42336,0,0.42336,460.49,0,1.02816,0,0,1.76201,0.733847,1.028160,1,0,29.1461,0,0,0,29.1461,0
52.4513,2.22235,0,0,1.81504,0.100511,0.36288,3.6288,58.1541,0.66528,0,0,1.00025,0.217682,0,0.66528,12.849,1,0.535519,0.36288,0,30.5733,4.58997,25.8107,0.84672,12.849,0.84672,3695.15,0,0,0,0.877219,2.18712,3.04768,1.05518,5.05684,0.42336,0,0.42336,460.49,0,1.02816,0,0,1.90538,0.877219,1.028160,1,0,30.8676,0,0,0,30.8676,0
51.4087,2.2159,0,0,1.6358,0.0996172,0.36288,3.6288,58.2025,0.66528,0,0,0.931478,0.217847,0,0.66528,12.849,1,0.542829,0.36288,0,28.337,4.58997,23.5671,0.84672,12.849,0.84672,3695.15,0,0,0,0.634608,2.18768,2.90178,1.05518,4.66889,0.42336,0,0.42336,460.49,0,1.02816,0,0,1.66277,0.634608,1.028160,1,0,28.236,0,0,0,28.236,0
50.3236,2.20778,0,0,1.56425,0.0787444,0.36288,3.6288,58.1461,0.66528,0,0,0.880615,0.271684,0,0.66528,12.849,1,0.551808,0.36288,0,25.5473,5.29572,20.0626,0.84672,12.849,0.84672,3695.15,0,0,0,0.613587,2.18824,2.75698,1.31279,4.24602,0.42336,0,0.42336,460.49,0,1.02816,0,0,1.64175,0.613587,1.028160,1,0,24.3086,0,0,0,24.3086,0
49.0432,2.25592,0,0,1.40892,0.0704654,0.36288,3.6288,57.9717,0.66528,0,0,0.791389,0.300539,0,0.66528,12.849,1,0.576,0.36288,0,22.8488,5.67966,16.956,0.84672,12.849,0.84672,3695.15,0,0,0,0.481853,2.18881,2.61532,1.44435,3.84163,0.42336,0,0.42336,460.49,0,1.02816,0,0,1.51001,0.481853,1.028160,1,0,20.7977,0,0,0,20.7977,0
48.0018,2.2447,0,0,1.63681,0.0706033,0.36288,3.6288,57.9184,0.66528,0,0,0.93083,0.318818,0,0.66528,12.849,1,0.588098,0.36288,0,29.3758,5.93376,23.2168,0.84672,12.849,0.84672,3695.15,0,0,0,0.534056,2.23792,2.83202,1.51563,4.08836,0.42336,0,0.42336,460.49,0,1.02816,0,0,1.56222,0.534056,1.028160,1,0,27.3052,0,0,0,27.3052,0
46.8406,2.23533,0,0,1.50676,0.06981,0.36288,3.6288,57.7236,0.66528,0,0,0.789143,0.318708,0,0.66528,12.849,1,0.598348,0.36288,0,24.129,5.93376,17.9598,0.84672,12.849,0.84672,3695.15,0,0,0,0.628793,2.23849,2.73829,1.51563,4.08995,0.42336,0,0.42336,460.49,0,1.02816,0,0,1.65695,0.628793,1.028160,1,0,22.0497,0,0,0,22.0497,0
45.5641,2.22438,0,0,1.37967,0.0689254,0.36288,3.6288,57.4709,0.66528,0,0,0.730909,0.318307,0,0.66528,12.849,1,0.610178,0.36288,0,22.9345,5.93376,16.7535,0.84672,12.849,0.84672,3695.15,0,0,0,0.388256,2.23907,2.40693,1.51563,3.51863,0.42336,0,0.42336,460.49,0,1.02816,0,0,1.41642,0.388256,1.028160,1,0,20.2721,0,0,0,20.2721,0
44.2234,2.3752,0,0,1.45771,0.0602985,0.36288,3.6288,57.3219,0.66528,0,0,0.839074,0.322841,0,0.66528,12.849,1,0.669803,0.36288,0,22.4933,6.08331,16.1031,0.84672,12.849,0.84672,3695.15,0,0,0,0.671535,2.23965,3.18407,1.54551,4.54975,0.42336,0,0.42336,460.49,0,1.02816,0,0,1.6997,0.671535,1.028160,1,0,20.6528,0,0,0,20.6528,0
42.9831,2.36019,0,0,1.53636,0.0536281,0.36288,3.6288,57.0824,0.66528,0,0,0.738653,0.312877,0,0.66528,12.849,1,0.685748,0.36288,0,29.76,5.81485,23.6222,0.84672,12.849,0.84672,3695.15,0,0,0,0.391867,2.40651,2.48756,1.56793,3.71801,0.42336,0,0.42336,460.49,0,1.02816,0,0,1.42003,0.391867,1.028160,1,0,27.3402,0,0,0,27.3402,0
41.6251,2.34568,0,0,1.39921,0.0486196,0.36288,3.6288,56.5052,0.838883,0,0,0.581221,0.319551,0,0.66528,12.849,1,0.701198,0.36288,0,27.9501,5.84336,21.7685,0.84672,12.849,0.84672,3695.15,0,0,0,0.204422,2.40714,1.99987,1.58128,3.03015,0.42336,0,0.42336,460.49,0,0.854557,0,0,1.05898,0.204422,1.028160,1,0,24.7986,0,0,0,24.7986,0
40.6291,2.32892,0,0,1.74366,0.0478574,0.36288,3.6288,56.5284,0.66528,0,0,1.00685,0.318353,0,0.66528,12.849,1,0.7189,0.36288,0,27.2448,5.84336,21.0454,0.84672,12.849,0.84672,3695.15,0,0,0,1.06454,2.40776,3.11916,1.58128,5.01019,0.42336,0,0.42336,460.49,0,1.02816,0,0,2.0927,1.06454,1.028160,1,0,26.0556,0,0,0,26.0556,0
39.3634,2.31624,0,0,1.46726,0.0538492,0.36288,3.6288,56.3182,0.66528,0,0,0.726719,0.271597,0,0.66528,12.849,1,0.732514,0.36288,0,18.932,4.54944,14.0129,0.84672,12.849,0.84672,3695.15,0,0,0,0.431067,2.40839,3.17762,1.0776,4.93948,0.42336,0,0.42336,460.49,0,1.02816,0,0,1.45923,0.431067,1.028160,1,0,18.9524,0,0,0,18.9524,0
38.3759,2.22209,0,0,1.61221,0.0147819,0.36288,3.6288,56.0305,0.66528,0,0,0.690129,0.312515,0,0.66528,12.849,1,0.725333,0.36288,0,21.5455,5.35821,15.8248,0.84672,12.849,0.84672,3695.15,0,0,0,0.26708,2.40901,2.09366,1.34674,3.42302,0.42336,0,0.42336,460.49,0,1.02816,0,0,1.29524,0.26708,1.028160,1,0,19.2478,0,0,0,19.2478,0
37.3985,2.20878,0,0,1.60841,0.0140596,0.36288,3.6288,55.746,0.66528,0,0,0.696695,0.315962,0,0.66528,12.849,1,0.739545,0.36288,0,23.9935,4.88592,18.7309,0.84672,12.849,0.84672,3695.15,0,0,0,0.220303,2.31327,1.456,1.29105,2.69853,0.42336,0,0.42336,460.49,0,1.02816,0,0,1.24846,0.220303,1.028160,1,0,21.4294,0,0,0,21.4294,0
36.5866,2.19508,0,0,1.81223,0.0662567,0.36288,3.6288,55.773,0.66528,0,0,0.975879,0.283602,0,0.66528,12.849,1,0.754162,0.36288,0,23.1361,4.02948,18.7153,0.84672,12.849,0.84672,3695.15,0,0,0,0.599115,2.31387,1.94441,1.10403,3.75336,0.42336,0,0.42336,460.49,0,1.02816,0,0,1.62727,0.599115,1.028160,1,0,22.4687,0,0,0,22.4687,0
35.6725,2.18336,0,0,1.70003,0.0677919,0.36288,3.6288,55.8145,0.66528,0,0,0.991457,0.284623,0,0.66528,12.849,1,0.766786,0.36288,0,28.477,4.04576,24.0273,0.84672,12.849,0.84672,3695.15,0,0,0,0.550688,2.31447,1.96736,1.11335,3.71917,0.42336,0,0.42336,460.49,0,1.02816,0,0,1.57885,0.550688,1.028160,1,0,27.7465,0,0,0,27.7465,0
34.9575,2.1078,0,0,1.82693,0.0712871,0.36288,3.6288,55.8918,0.66528,0,0,1.01004,0.267513,0,0.66528,12.849,1,0.759215,0.36288,0,39.8974,4.04172,35.4593,0.84672,12.849,0.84672,3695.15,0,0,0,0.633347,2.31507,2.41453,1.10343,4.25952,0.42336,0,0.42336,460.49,0,1.02816,0,0,1.66151,0.633347,1.028160,1,0,39.7188,0,0,0,39.7188,0
35.3816,2.09709,0,0,2.97994,0.0958513,0.36288,3.6288,56.5776,0.66528,0,0,1.51553,0.164468,0,0.66528,12.849,1,0.770809,0.36288,0,45.7323,4.01751,41.3069,0.84672,12.849,0.84672,3695.15,0,0,0,1.55943,2.22957,3.13599,1.04388,5.88111,0.42336,0,0.42336,460.49,0,1.02816,0,0,2.58759,1.55943,1.028160,1,0,47.188,0,0,0,47.188,0
34.6447,2.10452,0,0,1.82679,0.0963447,0.36288,3.6288,57.006,0.66528,0,0,1.25893,0.165206,0,0.66528,12.849,1,0.764267,0.36288,0,27.2926,4.01751,22.8737,0.84672,12.849,0.84672,3695.15,0,0,0,1.33993,2.23014,3.15063,1.04388,5.67682,0.42336,0,0.42336,460.49,0,1.02816,0,0,2.36809,1.33993,1.028160,1,0,28.5506,0,0,0,28.5506,0
35.1624,2.09331,0,0,3.11335,0.139465,0.36288,3.6288,57.3406,0.66528,0,0,1.18566,0.1858,0,0.66528,12.849,1,0.776367,0.36288,0,64.7745,4.36545,59.9956,0.84672,12.849,0.84672,3695.15,0,0,0,1.16747,2.23072,3.89613,1.12511,6.1692,0.42336,0,0.42336,460.49,0,1.02816,0,0,2.19563,1.16747,1.028160,1,0,66.1648,0,0,0,66.1648,0
38.5955,1.92732,0,0,5.8711,0.14772,0.36288,3.6288,57.5908,0.66528,0,0,1.10505,0.189567,0,0.66528,12.849,1,0.704281,0.36288,0,97.3936,4.42344,92.6288,0.84672,12.849,0.84672,3695.15,0,0,0,1.73262,2.23129,3.45868,1.13865,6.28394,0.42336,0,0.42336,460.49,0,1.02816,0,0,2.76078,1.73262,1.028160,1,0,98.9127,0,0,0,98.9127,0
38.0571,1.97494,0,0,1.98364,0.184219,0.36288,3.6288,57.7965,0.66528,0,0,1.05873,0.187776,0,0.66528,12.849,1,0.657486,0.36288,0,53.2342,4.10277,48.8369,0.84672,12.849,0.84672,3695.15,0,0,0,0.378743,2.0404,3.95452,0.97034,5.40333,0.42336,0,0.42336,460.49,0,1.02816,0,0,1.4069,0.378743,1.028160,1,0,54.2402,0,0,0,54.2402,0
39.3964,1.9686,0,0,3.85887,0.188095,0.36288,3.6288,57.6759,0.66528,0,0,0.732427,0.187676,0,0.66528,12.849,1,0.664647,0.36288,0,58.555,4.04932,54.2039,0.84672,12.849,0.84672,3695.15,0,0,0,0.730659,2.04092,5.52845,0.942288,7.35775,0.42336,0,0.42336,460.49,0,1.02816,0,0,1.75882,0.730659,1.028160,1,0,61.5617,0,0,0,61.5617,0
41.4597,1.98626,0,0,4.60349,0.191041,0.36288,3.6288,57.6334,0.66528,0,0,0.810292,0.18753,0,0.66528,12.849,1,0.647811,0.36288,0,78.897,4.04932,74.5628,0.84672,12.849,0.84672,3695.15,0,0,0,0.525269,2.04145,4.3581,0.942288,5.98253,0.42336,0,0.42336,460.49,0,1.02816,0,0,1.55343,0.525269,1.028160,1,0,80.5453,0,0,0,80.5453,0
43.7403,2.0115,0,0,4.85069,0.195746,0.36288,3.6288,59.6104,0.66528,0,0,2.82969,0.187479,0,0.66528,12.849,1,0.623393,0.36288,0,108.259,4.04932,103.949,0.84672,12.849,0.84672,3695.15,0,0,0,2.9352,2.04197,5.99798,0.942288,10.0329,0.42336,0,0.42336,460.49,0,1.02816,0,0,3.96336,2.9352,1.028160,1,0,113.982,0,0,0,113.982,0
46.9081,2.10838,0,0,5.86217,0.22316,0.36288,3.6288,59.9882,0.66528,0,0,1.26083,0.217696,0,0.66528,12.849,1,0.619351,0.36288,0,129.785,4.44882,125.08,0.84672,12.849,0.84672,3695.15,0,0,0,1.1684,2.04249,4.53748,1.13707,6.6113,0.42336,0,0.42336,460.49,0,1.02816,0,0,2.19656,1.1684,1.028160,1,0,131.691,0,0,0,131.691,0
48.0279,2.14185,0,0,3.87071,0.24613,0.36288,3.6288,59.784,0.731402,0,0,0.78436,0.257194,0,0.66528,12.849,1,0.586694,0.36288,0,91.9184,4.68888,87.0057,0.84672,12.849,0.84672,3695.15,0,0,0,0.412474,2.10278,3.60316,1.27376,4.84465,0.42336,0,0.42336,460.49,0,0.962038,0,0,1.37451,0.412474,1.028160,1,0,91.8503,0,0,0,91.8503,0
48.0592,2.15329,0,0,2.79662,0.249174,0.36288,3.6288,59.8385,0.66528,0,0,0.976657,0.25686,0,0.66528,12.849,1,0.576073,0.36288,0,74.9209,4.68888,70.0188,0.84672,12.849,0.84672,3695.15,0,0,0,0.637036,2.1033,2.50428,1.27376,3.97085,0.42336,0,0.42336,460.49,0,1.02816,0,0,1.6652,0.637036,1.028160,1,0,73.9897,0,0,0,73.9897,0
56.0703,2.15423,0,0,10.7581,0.229898,0.36288,3.6288,61.308,0.66528,0,0,2.60869,0.242631,0.231266,0.66528,12.849,1,0.575949,0.36288,0,233.036,3.83469,228.989,0.84672,12.849,0.84672,3695.15,0,0,0,3.61823,2.10381,10.6032,1.09877,15.2264,0.42336,0,0.42336,460.49,0,1.02816,0,0,4.64639,3.61823,1.028160,1,0,244.446,0,0,0,244.446,0
57.9125,2.46255,0,0,4.91393,0.246313,0.36288,3.6288,61.308,0.66528,0,0,1.6061,0.242498,0.698321,0.66528,12.849,1,0.564314,0.36288,0,115.197,3.69232,111.303,0.84672,12.849,0.84672,3695.15,0,0,0,1.84255,2.10433,4.06134,1.06961,6.93861,0.42336,0,0.42336,460.49,0,1.02816,0,0,2.87071,1.84255,1.028160,1,0,118.94,0,0,0,118.94,0
64.5989,2.47797,0,0,9.79793,0.270738,0.36288,3.6288,61.308,0.66528,0,0,1.00755,0.235635,0.106638,0.66528,12.849,1,0.549785,0.36288,0,215.785,4.20115,211.397,0.84672,12.849,0.84672,3695.15,0,0,0,1.36434,2.32013,8.99545,1.09658,11.5833,0.42336,0,0.42336,460.49,0,1.02816,0,0,2.3925,1.36434,1.028160,1,0,223.087,0,0,0,223.087,0
71.9564,2.52618,0,0,10.5397,0.293077,0.36288,3.6288,61.308,0.66528,0,0,2.34744,0.224732,1.45743,0.66528,12.849,1,0.502468,0.36288,0,215.599,4.10393,211.356,0.84672,12.849,0.84672,3695.15,0,0,0,2.85771,2.32071,10.9893,1.06773,15.1,0.42336,0,0.42336,460.49,0,1.02816,0,0,3.88587,2.85771,1.028160,1,0,227.913,0,0,0,227.913,0
72.29,2.82711,0,0,7.29746,0.310452,3.82631,3.6288,61.308,0.66528,0,0,1.54964,0.224732,0.659624,0.66528,12.849,1,0.504827,3.82631,0,166.037,4.10393,165.254,0.84672,12.849,0.84672,3695.15,0,0,0,2.44732,2.32128,7.62627,1.06773,11.3271,0.42336,0,0.42336,460.49,0,1.02816,0,0,3.47548,2.44732,1.028160,1,0,177.241,0,0,0,177.241,0
72.29,2.47115,0,0,9.83396,0.286811,7.076,3.6288,61.308,0.662444,0,0,2.73088,0.258547,1.80989,0.66528,12.849,1,0.439228,7.076,0,373.638,4.1691,376.105,0.84672,12.849,0.84672,3695.15,0,0,0,3.89837,2.1449,10.5858,1.12506,15.504,0.42336,0,0.42336,460.49,0,1.02816,0,0,4.92653,3.89837,1.028160,1,0,393.419,0,0,0,393.419,0
72.29,2.47181,0,0,6.46998,0.329826,3.66834,3.6288,61.308,0.662898,0,0,5.40306,0.176137,4.56402,0.66528,12.849,1,0.439346,3.66834,0,150.377,3.44621,150.16,0.84672,12.849,0.84672,3695.15,0,0,0,3.95159,1.85157,11.3333,0.803286,16.3332,0.42336,0,0.42336,460.49,0,1.02816,0,0,4.97975,3.95159,1.028160,1,0,171.058,0,0,0,171.058,0
72.29,2.47247,0,0,6.99043,0.329826,4.18813,3.6288,61.308,0.663352,0,0,5.21634,0.176137,4.37685,0.66528,12.849,1,0.439464,4.18813,0,162.892,3.44621,163.194,0.84672,12.849,0.84672,3695.15,0,0,0,4.6843,1.85206,13.2107,0.803286,18.9438,0.42336,0,0.42336,460.49,0,1.02816,0,0,5.71246,4.6843,1.028160,1,0,186.515,0,0,0,186.515,0
72.29,2.47314,0,0,8.92443,0.329826,6.12147,3.6288,61.308,0.663805,0,0,5.97955,0.176137,5.13961,0.66528,12.849,1,0.439581,6.12147,0,203.968,3.44621,206.204,0.84672,12.849,0.84672,3695.15,0,0,0,4.93989,1.85256,14.255,0.803286,20.2442,0.42336,0,0.42336,460.49,0,1.02816,0,0,5.96805,4.93989,1.028160,1,0,231.587,0,0,0,231.587,0
72.29,2.4738,0,0,10.6026,0.329495,7.79928,3.6288,61.308,0.664259,0,0,6.9228,0.177162,6.08138,0.66528,12.849,1,0.439699,7.79928,0,293.814,3.69267,297.481,0.84672,12.849,0.84672,3695.15,0,0,0,5.44657,1.85306,20.4621,0.886419,26.8753,0.42336,0,0.42336,460.49,0,1.02816,0,0,6.47473,5.44657,1.028160,1,0,330.438,0,0,0,330.438,0
72.29,2.56488,0,0,11.6367,0.344573,8.72725,3.6288,61.308,0.66528,0,0,10.6194,0.161801,9.79233,0.66528,12.849,1,0.455887,8.72725,0,268.607,3.98325,272.895,0.84672,12.849,0.84672,3695.15,0,0,0,6.81888,1.85355,16.8514,0.845516,24.6783,0.42336,0,0.42336,460.49,0,1.02816,0,0,7.84704,6.81888,1.028160,1,0,307.366,0,0,0,307.366,0
72.29,2.56556,0,0,9.26718,0.364905,6.33671,3.6288,61.308,0.66528,0,0,16.8518,0.140273,16.0462,0.66528,12.849,1,0.456009,6.33671,0,298.143,3.83481,300.189,0.84672,12.849,0.84672,3695.15,0,0,0,10.3791,1.92661,17.3257,0.737425,28.8939,0.42336,0,0.42336,460.49,0,1.02816,0,0,11.4072,10.3791,1.028160,1,0,345.129,0,0,0,345.129,0
72.29,2.56625,0,0,7.67016,0.355977,4.74793,3.6288,61.308,0.66528,0,0,6.05568,0.145031,5.24537,0.66528,12.849,1,0.456132,4.74793,0,224.66,3.89298,225.059,0.84672,12.849,0.84672,3695.15,0,0,0,4.73599,1.92712,11.9889,0.748876,17.9031,0.42336,0,0.42336,460.49,0,1.02816,0,0,5.76415,4.73599,1.028160,1,0,248.207,0,0,0,248.207,0
72.29,2.56694,0,0,8.76779,0.31153,5.88932,3.6288,61.308,0.66528,0,0,7.7597,0.158397,6.93602,0.66528,12.849,1,0.456254,5.88932,0,235.253,3.92417,236.762,0.84672,12.849,0.84672,3695.15,0,0,0,5.88203,1.92764,14.0079,0.824203,20.9934,0.42336,0,0.42336,460.49,0,1.02816,0,0,6.91019,5.88203,1.028160,1,0,264.692,0,0,0,264.692,0
72.29,2.53224,0,0,6.56472,0.315605,3.71688,3.6288,61.308,0.66528,0,0,4.20676,0.145593,3.39589,0.66528,12.849,1,0.450086,3.71688,0,191.725,3.55626,191.436,0.84672,12.849,0.84672,3695.15,0,0,0,3.72338,1.92816,11.1243,0.864407,15.9114,0.42336,0,0.42336,460.49,0,1.02816,0,0,4.75154,3.72338,1.028160,1,0,210.743,0,0,0,210.743,0
72.29,2.53292,0,0,5.5565,0.304576,2.71901,3.6288,61.308,0.66528,0,0,2.54125,0.182892,1.69308,0.66528,12.849,1,0.450207,2.71901,0,144.862,3.45372,143.677,0.84672,12.849,0.84672,3695.15,0,0,0,2.99613,1.90041,7.5009,0.923665,11.4738,0.42336,0,0.42336,460.49,0,1.02816,0,0,4.02429,2.99613,1.028160,1,0,156.844,0,0,0,156.844,0
72.29,2.5336,0,0,5.63814,0.251064,2.85348,3.6288,61.308,0.66528,0,0,2.26498,0.213008,1.3867,0.66528,12.849,1,0.450328,2.85348,0,135.921,3.64801,134.676,0.84672,12.849,0.84672,3695.15,0,0,0,3.14108,1.90092,7.02674,0.952287,11.1165,0.42336,0,0.42336,460.49,0,1.02816,0,0,4.16924,3.14108,1.028160,1,0,147.179,0,0,0,147.179,0
72.29,2.53427,0,0,5.0355,0.251064,2.25017,3.6288,61.308,0.66528,0,0,2.21025,0.213008,1.33196,0.66528,12.849,1,0.450448,2.25017,0,121.114,3.64801,119.265,0.84672,12.849,0.84672,3695.15,0,0,0,3.07928,1.90143,6.3389,0.952287,10.3673,0.42336,0,0.42336,460.49,0,1.02816,0,0,4.10744,3.07928,1.028160,1,0,130.965,0,0,0,130.965,0
72.29,2.6552,0,0,4.86269,0.251064,1.95642,3.6288,61.308,0.66528,0,0,1.99859,0.213008,1.1203,0.66528,12.849,1,0.471942,1.95642,0,120.611,3.64801,118.447,0.84672,12.849,0.84672,3695.15,0,0,0,3.09193,1.90194,5.86917,0.952287,9.91075,0.42336,0,0.42336,460.49,0,1.02816,0,0,4.12009,3.09193,1.028160,1,0,129.478,0,0,0,129.478,0
72.29,2.65592,0,0,4.44785,0.226073,1.56586,3.6288,61.308,0.66528,0,0,1.5009,0.211061,0.624557,0.66528,12.849,1,0.472069,1.56586,0,102.279,3.93169,99.4416,0.84672,12.849,0.84672,3695.15,0,0,0,2.42329,2.0016,5.66298,1.06142,9.02645,0.42336,0,0.42336,460.49,0,1.02816,0,0,3.45145,2.42329,1.028160,1,0,109.093,0,0,0,109.093,0
72.29,2.65663,0,0,4.1698,0.16863,1.34454,3.6288,61.308,0.66528,0,0,1.42288,0.223232,0.534366,0.66528,12.849,1,0.472195,1.34454,0,92.8636,4.35824,89.3777,0.84672,12.849,0.84672,3695.15,0,0,0,2.19545,2.00213,4.99958,1.0094,8.18776,0.42336,0,0.42336,460.49,0,1.02816,0,0,3.22361,2.19545,1.028160,1,0,98.0998,0,0,0,98.0998,0
72.29,2.65734,0,0,3.71255,0.16863,0.886579,3.6288,61.308,0.66528,0,0,1.33239,0.223232,0.44388,0.66528,12.849,1,0.472322,0.886579,0,80.3874,4.35824,76.4434,0.84672,12.849,0.84672,3695.15,0,0,0,1.90344,2.00267,4.678,1.0094,7.5747,0.42336,0,0.42336,460.49,0,1.02816,0,0,2.9316,1.90344,1.028160,1,0,84.462,0,0,0,84.462,0
72.29,2.65805,0,0,3.3161,0.16863,0.489421,3.6288,61.308,0.66528,0,0,1.21312,0.223232,0.324604,0.66528,12.849,1,0.472448,0.489421,0,76.4649,4.35824,72.1236,0.84672,12.849,0.84672,3695.15,0,0,0,1.70957,2.00321,4.49236,1.0094,7.19574,0.42336,0,0.42336,460.49,0,1.02816,0,0,2.73773,1.70957,1.028160,1,0,79.6439,0,0,0,79.6439,0
72.29,2.63495,0,0,4.01233,0.143172,1.23421,3.6288,61.308,0.66528,0,0,1.20874,0.241283,0.302181,0.66528,12.849,1,0.468342,1.23421,0,62.9035,4.45783,59.2115,0.84672,12.849,0.84672,3695.15,0,0,0,1.16378,2.00374,5.82163,1.16738,7.82178,0.42336,0,0.42336,460.49,0,1.02816,0,0,2.19194,1.16378,1.028160,1,0,67.3355,0,0,0,67.3355,0
72.29,2.63566,0,0,4.2588,0.120378,1.50277,3.6288,61.308,0.66528,0,0,1.14624,0.26766,0.213303,0.66528,12.849,1,0.468468,1.50277,0,65.4548,4.82234,61.6668,0.84672,12.849,0.84672,3695.15,0,0,0,0.935591,2.03898,7.58704,1.28436,9.27726,0.42336,0,0.42336,460.49,0,1.02816,0,0,1.96375,0.935591,1.028160,1,0,71.1574,0,0,0,71.1574,0
72.29,2.63636,0,0,3.78064,0.120378,1.0239,3.6288,61.308,0.66528,0,0,1.00824,0.26766,0.0753047,0.66528,12.849,1,0.468593,1.0239,0,76.4718,4.82234,72.2048,0.84672,12.849,0.84672,3695.15,0,0,0,0.783907,2.03953,7.98327,1.28436,9.52235,0.42336,0,0.42336,460.49,0,1.02816,0,0,1.81207,0.783907,1.028160,1,0,81.8024,0,0,0,81.8024,0
72.29,2.63707,0,0,3.51263,0.120378,0.755182,3.6288,61.308,0.66528,0,0,0.962824,0.26766,0.0298842,0.66528,12.849,1,0.468719,0.755182,0,70.5897,4.82234,66.0538,0.84672,12.849,0.84672,3695.15,0,0,0,0.738426,2.04008,7.47827,1.28436,8.97241,0.42336,0,0.42336,460.49,0,1.02816,0,0,1.76659,0.738426,1.028160,1,0,75.0561,0,0,0,75.0561,0
72.29,2.69933,0,0,3.41655,0.11121,0.606006,3.6288,61.2832,0.66528,0,0,0.923694,0.283212,0,0.66528,12.849,1,0.479786,0.606006,0,66.3647,5.07711,61.4138,0.84672,12.849,0.84672,3695.15,0,0,0,0.689308,2.04062,7.27877,1.36165,8.64705,0.42336,0,0.42336,460.49,0,1.02816,0,0,1.71747,0.689308,1.028160,1,0,70.0609,0,0,0,70.0609,0
72.29,2.70006,0,0,4.13715,0.0896928,1.3474,3.6288,61.308,0.66528,0,0,1.05366,0.322069,0.0415088,0.66528,12.849,1,0.479914,1.3474,0,61.0491,5.84567,56.0709,0.84672,12.849,0.84672,3695.15,0,0,0,0.997263,2.09041,7.16481,1.56815,8.68432,0.42336,0,0.42336,460.49,0,1.02816,0,0,2.02542,0.997263,1.028160,1,0,64.7968,0,0,0,64.7968,0
72.29,2.70078,0,0,3.87337,0.0896928,1.0829,3.6288,61.308,0.66528,0,0,1.01605,0.32212,0.028647,0.66528,12.849,1,0.480043,1.0829,0,57.2663,5.84567,52.0235,0.84672,12.849,0.84672,3695.15,0,0,0,1.01168,2.09097,7.4107,1.56815,8.9452,0.42336,0,0.42336,460.49,0,1.02816,0,0,2.03984,1.01168,1.028160,1,0,60.9973,0,0,0,60.9973,0
72.29,2.7015,0,0,3.42478,0.0896928,0.63359,3.6288,61.2771,0.66528,0,0,0.956474,0.32212,0,0.66528,12.849,1,0.480171,0.63359,0,54.0957,5.84567,48.4035,0.84672,12.849,0.84672,3695.15,0,0,0,0.800349,2.09152,6.95235,1.56815,8.27607,0.42336,0,0.42336,460.49,0,1.02816,0,0,1.82851,0.800349,1.028160,1,0,56.6796,0,0,0,56.6796,0
72.0594,2.88269,0,0,3.09482,0.0798888,0.36288,3.6288,61.2316,0.66528,0,0,0.94703,0.327236,0,0.66528,12.849,1,0.512377,0.36288,0,51.2792,5.99522,45.1345,0.84672,12.849,0.84672,3695.15,0,0,0,0.745762,2.09208,6.9368,1.59803,8.17661,0.42336,0,0.42336,460.49,0,1.02816,0,0,1.77392,0.745762,1.028160,1,0,53.3111,0,0,0,53.3111,0
71.6719,2.62543,0,0,2.67325,0.0724337,0.36288,3.6288,61.3065,0.66528,0,0,1.04252,0.302359,0,0.66528,12.849,1,0.468145,0.36288,0,47.0789,5.80316,41.1705,0.84672,12.849,0.84672,3695.15,0,0,0,0.660467,2.2613,7.19392,1.36994,8.74575,0.42336,0,0.42336,460.49,0,1.02816,0,0,1.68863,0.660467,1.028160,1,0,49.9163,0,0,0,49.9163,0
72.0655,2.62406,0,0,3.45395,0.0734136,0.36288,3.6288,61.308,0.66528,0,0,1.05076,0.292016,0.0919352,0.66528,12.849,1,0.470429,0.36288,0,49.89,5.65698,44.1255,0.84672,12.849,0.84672,3695.15,0,0,0,0.753745,2.43887,8.13194,1.29042,10.0341,0.42336,0,0.42336,460.49,0,1.02816,0,0,1.7819,0.753745,1.028160,1,0,54.2516,0,0,0,54.2516,0
71.2665,2.62701,0,0,2.29229,0.101398,0.36288,3.6288,61.1191,0.66528,0,0,0.761003,0.284598,0,0.66528,12.849,1,0.468386,0.36288,0,35.0409,5.5361,29.3993,0.84672,12.849,0.84672,3695.15,0,0,0,0.355484,2.43947,4.99201,1.26784,6.51913,0.42336,0,0.42336,460.49,0,1.02816,0,0,1.38364,0.355484,1.028160,1,0,35.9184,0,0,0,35.9184,0
70.0475,2.62333,0,0,1.92749,0.160284,0.36288,3.6288,60.9406,0.66528,0,0,0.749079,0.262285,0,0.66528,12.849,1,0.472974,0.36288,0,29.229,5.43417,23.6848,0.84672,12.849,0.84672,3695.15,0,0,0,0.397863,2.44008,4.51195,1.2088,6.14109,0.42336,0,0.42336,460.49,0,1.02816,0,0,1.42602,0.397863,1.028160,1,0,29.8259,0,0,0,29.8259,0
68.9007,2.5295,0,0,1.92421,0.178636,0.36288,3.6288,60.5656,0.77099,0,0,0.642042,0.246082,0,0.66528,12.849,1,0.463992,0.36288,0,38.4489,5.1517,33.196,0.84672,12.849,0.84672,3695.15,0,0,0,0.204422,2.44068,5.4483,1.00856,7.08484,0.42336,0,0.42336,460.49,0,0.92245,0,0,1.12687,0.204422,1.028160,1,0,40.2809,0,0,0,40.2809,0
67.4707,2.52373,0,0,1.69467,0.237998,0.36288,3.6288,60.1474,0.867629,0,0,0.666286,0.216864,0,0.66528,12.849,1,0.47064,0.36288,0,34.8642,4.56729,30.1892,0.84672,12.849,0.84672,3695.15,0,0,0,0.204422,2.34355,7.68027,0.716097,9.51215,0.42336,0,0.42336,460.49,0,0.825811,0,0,1.03023,0.204422,1.028160,1,0,39.7013,0,0,0,39.7013,0
66.3826,2.51609,0,0,2.0262,0.235348,0.36288,3.6288,60.3059,0.66528,0,0,1.04006,0.216288,0,0.66528,12.849,1,0.47916,0.36288,0,42.0118,4.56729,37.3283,0.84672,12.849,0.84672,3695.15,0,0,0,0.387184,2.34413,10.5221,0.716097,12.5374,0.42336,0,0.42336,460.49,0,1.02816,0,0,1.41534,0.387184,1.028160,1,0,49.8656,0,0,0,49.8656,0
65.1575,2.51025,0,0,1.88132,0.233331,0.36288,3.6288,60.3046,0.66528,0,0,0.880546,0.216507,0,0.66528,12.849,1,0.485883,0.36288,0,38.7745,4.56729,34.0842,0.84672,12.849,0.84672,3695.15,0,0,0,0.353609,2.34471,8.44456,0.716097,10.4268,0.42336,0,0.42336,460.49,0,1.02816,0,0,1.38177,0.353609,1.028160,1,0,44.511,0,0,0,44.511,0
64.316,2.43216,0,0,2.18462,0.23106,0.36288,3.6288,60.6319,0.66528,0,0,1.20904,0.216505,0,0.66528,12.849,1,0.47962,0.36288,0,46.2732,4.56729,41.5892,0.84672,12.849,0.84672,3695.15,0,0,0,0.882274,2.34529,12.1255,0.716097,14.6369,0.42336,0,0.42336,460.49,0,1.02816,0,0,1.91043,0.882274,1.028160,1,0,56.2261,0,0,0,56.2261,0
62.2857,2.42765,0,0,0.967499,0.207268,0.36288,3.6288,60.6236,0.66528,0,0,0.878636,0.221617,0,0.66528,12.849,1,0.484994,0.36288,0,20.2448,4.70001,15.4227,0.84672,12.849,0.84672,3695.15,0,0,0,0.281673,2.25856,8.16523,1.1434,9.56206,0.42336,0,0.42336,460.49,0,1.02816,0,0,1.30983,0.281673,1.028160,1,0,24.9848,0,0,0,24.9848,0
60.697,2.41525,0,0,1.48503,0.295592,0.36288,3.6288,60.9319,0.66528,0,0,1.2068,0.233284,0,0.66528,12.849,1,0.498246,0.36288,0,28.2,4.84725,23.2174,0.84672,12.849,0.84672,3695.15,0,0,0,0.512015,2.25911,8.81064,1.15139,10.4304,0.42336,0,0.42336,460.49,0,1.02816,0,0,1.54018,0.512015,1.028160,1,0,33.6478,0,0,0,33.6478,0
60.2606,2.4052,0,0,2.63856,0.306824,0.36288,3.6288,61.308,0.66528,0,0,1.72414,0.235691,0.447046,0.66528,12.849,1,0.509159,0.36288,0,41.3052,4.87179,36.2872,0.84672,12.849,0.84672,3695.15,0,0,0,0.941147,2.25967,11.8886,1.15272,13.9367,0.42336,0,0.42336,460.49,0,1.02816,0,0,1.96931,0.941147,1.028160,1,0,50.671,0,0,0,50.671,0
60.3827,2.20314,0,0,2.99372,0.305692,0.36288,3.6288,61.308,0.66528,0,0,1.78667,0.236253,0.885133,0.66528,12.849,1,0.469761,0.36288,0,81.1685,4.87179,76.1898,0.84672,12.849,0.84672,3695.15,0,0,0,1.68343,2.26023,20.0993,1.15272,22.8903,0.42336,0,0.42336,460.49,0,1.02816,0,0,2.71159,1.68343,1.028160,1,0,99.9652,0,0,0,99.9652,0
60.464,2.20457,0,0,2.90474,0.255948,0.36288,3.6288,61.308,0.66528,0,0,2.55823,0.218126,1.67482,0.66528,12.849,1,0.469118,0.36288,0,61.1198,4.67222,56.3413,0.84672,12.849,0.84672,3695.15,0,0,0,2.02607,2.06663,22.5806,1.07096,25.6024,0.42336,0,0.42336,460.49,0,1.02816,0,0,3.05423,2.02607,1.028160,1,0,83.6185,0,0,0,83.6185,0
63.3764,2.20575,0,0,5.71712,0.236079,0.36288,3.6288,61.308,0.66528,0,0,4.83638,0.210876,3.96022,0.66528,12.849,1,0.468737,0.36288,0,136.026,4.59238,131.328,0.84672,12.849,0.84672,3695.15,0,0,0,2.95758,2.06713,28.0217,1.03825,32.0081,0.42336,0,0.42336,460.49,0,1.02816,0,0,3.98574,2.95758,1.028160,1,0,167.296,0,0,0,167.296,0
65.739,2.22432,0,0,5.19161,0.24181,0.36288,3.6288,61.308,0.66528,0,0,3.61942,0.210876,2.74326,0.66528,12.849,1,0.450961,0.36288,0,83.4841,4.59238,78.8036,0.84672,12.849,0.84672,3695.15,0,0,0,2.74368,2.06764,26.1973,1.03825,29.9704,0.42336,0,0.42336,460.49,0,1.02816,0,0,3.77184,2.74368,1.028160,1,0,111.517,0,0,0,111.517,0
66.6372,2.23854,0,0,3.79186,0.292221,0.36288,3.6288,61.308,0.66528,0,0,1.67899,0.215635,0.79807,0.66528,12.849,1,0.437534,0.36288,0,95.9368,4.09551,91.7667,0.84672,12.849,0.84672,3695.15,0,0,0,1.43863,2.06814,19.2801,0.933998,21.8528,0.42336,0,0.42336,460.49,0,1.02816,0,0,2.46679,1.43863,1.028160,1,0,114.418,0,0,0,114.418,0
66.9662,2.497,0,0,3.49365,0.30481,0.36288,3.6288,61.308,0.66528,0,0,1.43117,0.197549,0.568344,0.66528,12.849,1,0.481473,0.36288,0,105.536,3.64707,101.77,0.84672,12.849,0.84672,3695.15,0,0,0,1.2024,2.06865,16.5161,0.83825,18.9489,0.42336,0,0.42336,460.49,0,1.02816,0,0,2.23056,1.2024,1.028160,1,0,121.287,0,0,0,121.287,0
66.3165,2.57795,0,0,2.57685,0.285699,0.36288,3.6288,61.1632,0.928791,0,0,0.931573,0.147574,0,0.66528,12.849,1,0.494638,0.36288,0,52.2618,3.02284,49.1072,0.84672,12.849,0.84672,3695.15,0,0,0,0.412474,1.89168,8.76606,0.703137,10.3671,0.42336,0,0.42336,460.49,0,0.764649,0,0,1.17712,0.412474,1.028160,1,0,59.4743,0,0,0,59.4743,0
65.2114,2.57455,0,0,2.11651,0.284231,0.36288,3.6288,60.6931,1.155,0,0,0.832334,0.147438,0,0.66528,12.849,1,0.498825,0.36288,0,32.239,3.02284,29.0802,0.84672,12.849,0.84672,3695.15,0,0,0,0.503194,1.95279,7.23254,0.703137,8.9854,0.42336,0,0.42336,460.49,0,0.538445,0,0,1.04164,0.503194,1.028160,1,0,38.0656,0,0,0,38.0656,0
64.2469,2.31552,0,0,2.01052,0.296552,0.36288,3.6288,60.1091,1.22587,0,0,0.781505,0.139598,0,0.66528,12.849,1,0.456241,0.36288,0,30.0149,3.13328,26.7883,0.84672,12.849,0.84672,3695.15,0,0,0,0.503194,1.95329,6.8466,0.678742,8.62434,0.42336,0,0.42336,460.49,0,0.467571,0,0,0.970764,0.503194,1.028160,1,0,35.4126,0,0,0,35.4126,0
63.1145,2.56247,0,0,2.12719,0.334244,0.36288,3.6288,59.6193,1.06835,0,0,0.71033,0.131827,0,0.66528,12.849,1,0.512478,0.36288,0,28.3692,3.74398,24.4756,0.84672,12.849,0.84672,3695.15,0,0,0,0.503194,2.13076,7.29285,0.832276,9.09453,0.42336,0,0.42336,460.49,0,0.625087,0,0,1.12828,0.503194,1.028160,1,0,33.5701,0,0,0,33.5701,0
64.5152,2.55349,0,0,4.65713,0.340141,0.36288,3.6288,59.7134,0.66528,0,0,0.888244,0.128886,0,0.66528,12.849,1,0.519844,0.36288,0,63.2959,4.72615,58.4127,0.84672,12.849,0.84672,3695.15,0,0,0,0.645002,1.95429,8.71672,1.09211,10.2239,0.42336,0,0.42336,460.49,0,1.02816,0,0,1.67316,0.645002,1.028160,1,0,68.6367,0,0,0,68.6367,0
63.9848,2.56362,0,0,2.74168,0.345536,0.36288,3.6288,59.0664,1.05381,0,0,0.535343,0.128542,0,0.66528,12.849,1,0.510576,0.36288,0,44.1141,4.88985,39.0766,0.84672,12.849,0.84672,3695.15,0,0,0,0.503194,2.35005,5.66181,1.13541,7.37964,0.42336,0,0.42336,460.49,0,0.639628,0,0,1.14282,0.503194,1.028160,1,0,46.4562,0,0,0,46.4562,0
62.6739,2.56081,0,0,1.92858,0.315811,0.36288,3.6288,57.8631,1.46813,0,0,0.403039,0.138163,0,0.66528,12.849,1,0.514245,0.36288,0,28.3025,4.82738,23.3237,0.84672,12.849,0.84672,3695.15,0,0,0,0.608429,2.35061,4.73055,1.09357,6.59601,0.42336,0,0.42336,460.49,0,0.225305,0,0,0.833734,0.608429,1.028160,1,0,29.9197,0,0,0,29.9197,0
62.0397,2.5526,0,0,2.58258,0.30128,0.36288,3.6288,57.3227,1.07699,0,0,0.677684,0.141127,0,0.66528,12.849,1,0.523319,0.36288,0,41.1051,4.80238,36.1422,0.84672,12.849,0.84672,3695.15,0,0,0,0.608429,2.35116,6.57857,1.07684,8.46133,0.42336,0,0.42336,460.49,0,0.616447,0,0,1.22488,0.608429,1.028160,1,0,44.6036,0,0,0,44.6036,0
66.4157,2.19405,0,0,7.2038,0.27091,0.36288,3.6288,58.3322,0.66528,0,0,1.85803,0.183216,0,0.66528,12.849,1,0.454407,0.36288,0,138.169,4.94729,133.131,0.84672,12.849,0.84672,3695.15,0,0,0,1.45401,2.35172,20.2329,1.18832,22.8503,0.42336,0,0.42336,460.49,0,1.02816,0,0,2.48217,1.45401,1.028160,1,0,155.981,0,0,0,155.981,0
70.5577,2.21976,0,0,7.0004,0.27569,0.36288,3.6288,59.0235,0.66528,0,0,1.54814,0.191558,0,0.66528,12.849,1,0.429443,0.36288,0,126.278,4.97144,121.24,0.84672,12.849,0.84672,3695.15,0,0,0,1.72765,2.05428,19.1009,1.2069,21.6759,0.42336,0,0.42336,460.49,0,1.02816,0,0,2.75581,1.72765,1.028160,1,0,142.916,0,0,0,142.916,0
72.29,2.49754,0,0,5.30704,0.327548,0.749685,3.6288,59.4926,0.66528,0,0,1.31837,0.183969,0,0.66528,12.849,1,0.454818,0.749685,0,71.6481,4.83769,67.1052,0.84672,12.849,0.84672,3695.15,0,0,0,1.72642,2.05476,6.95984,1.22027,9.52075,0.42336,0,0.42336,460.49,0,1.02816,0,0,2.75458,1.72642,1.028160,1,0,76.626,0,0,0,76.626,0
72.29,2.50744,0,0,5.0463,0.36443,2.17443,3.6288,59.8806,0.66528,0,0,1.23142,0.178171,0,0.66528,12.849,1,0.445678,2.17443,0,63.1434,4.73739,60.1347,0.84672,12.849,0.84672,3695.15,0,0,0,1.39471,1.87828,6.2773,1.23029,8.31999,0.42336,0,0.42336,460.49,0,1.02816,0,0,2.42287,1.39471,1.028160,1,0,68.4547,0,0,0,68.4547,0
72.29,2.50808,0,0,5.89502,0.342678,3.04426,3.6288,60.225,0.66528,0,0,1.20085,0.191202,0,0.66528,12.849,1,0.445792,3.04426,0,66.0044,4.89619,63.7067,0.84672,12.849,0.84672,3695.15,0,0,0,0.801559,1.87876,7.61673,1.22839,9.06865,0.42336,0,0.42336,460.49,0,1.02816,0,0,1.82972,0.801559,1.028160,1,0,72.7753,0,0,0,72.7753,0
72.29,2.60039,0,0,4.62103,0.313674,1.70697,3.6288,60.3808,0.66528,0,0,1.02956,0.208443,0,0.66528,12.849,1,0.462199,1.70697,0,71.9323,5.10793,68.0692,0.84672,12.849,0.84672,3695.15,0,0,0,1.04352,1.87924,7.87536,1.22586,9.57226,0.42336,0,0.42336,460.49,0,1.02816,0,0,2.07168,1.04352,1.028160,1,0,77.6414,0,0,0,77.6414,0
72.29,2.60105,0,0,3.61795,0.313674,0.703224,3.6288,60.2961,0.66528,0,0,0.789212,0.208649,0,0.66528,12.849,1,0.462317,0.703224,0,58.3413,5.10793,53.4742,0.84672,12.849,0.84672,3695.15,0,0,0,0.772546,1.95328,5.97708,1.22586,7.47705,0.42336,0,0.42336,460.49,0,1.02816,0,0,1.80071,0.772546,1.028160,1,0,60.9513,0,0,0,60.9513,0
72.29,2.60172,0,0,5.04436,0.313674,2.12897,3.6288,60.5597,0.66528,0,0,1.13742,0.208537,0,0.66528,12.849,1,0.462435,2.12897,0,78.5992,5.10793,75.1578,0.84672,12.849,0.84672,3695.15,0,0,0,1.51184,1.95378,9.63114,1.22586,11.8709,0.42336,0,0.42336,460.49,0,1.02816,0,0,2.54,1.51184,1.028160,1,0,87.0287,0,0,0,87.0287,0
72.29,2.60238,0,0,5.09889,0.277517,2.21899,3.6288,60.8198,0.66528,0,0,1.14317,0.217813,0,0.66528,12.849,1,0.462553,2.21899,0,82.2761,5.10793,78.9246,0.84672,12.849,0.84672,3695.15,0,0,0,1.80237,1.95428,9.31582,1.24179,11.8307,0.42336,0,0.42336,460.49,0,1.02816,0,0,2.83053,1.80237,1.028160,1,0,90.7553,0,0,0,90.7553,0
72.29,2.56717,0,0,3.8251,0.255012,1.00292,3.6288,60.5386,0.688271,0,0,0.582805,0.175696,0,0.66528,12.849,1,0.456295,1.00292,0,53.0138,3.93408,49.6264,0.84672,12.849,0.84672,3695.15,0,0,0,0.528595,1.95478,6.21714,1.10172,7.5988,0.42336,0,0.42336,460.49,0,1.00517,0,0,1.53376,0.528595,1.028160,1,0,57.2252,0,0,0,57.2252,0
72.2138,2.56782,0,0,3.15122,0.296732,0.36288,3.6288,59.9439,0.925448,0,0,0.526967,0.196211,0,0.66528,12.849,1,0.456411,0.36288,0,42.6296,4.22037,38.3157,0.84672,12.849,0.84672,3695.15,0,0,0,0.528595,1.92663,5.39166,1.13085,6.71603,0.42336,0,0.42336,460.49,0,0.767992,0,0,1.29659,0.528595,1.028160,1,0,45.0317,0,0,0,45.0317,0
71.9748,2.56807,0,0,2.89024,0.198304,0.36288,3.6288,59.2505,0.903787,0,0,0.451272,0.240853,0,0.66528,12.849,1,0.456937,0.36288,0,38.9179,4.62399,34.1999,0.84672,12.849,0.84672,3695.15,0,0,0,0.402797,1.92712,5.02489,1.15495,6.19986,0.42336,0,0.42336,460.49,0,0.789653,0,0,1.19245,0.402797,1.028160,1,0,40.3997,0,0,0,40.3997,0
71.6582,2.56744,0,0,2.8117,0.197944,0.36288,3.6288,58.7356,0.772891,0,0,0.497767,0.239788,0,0.66528,12.849,1,0.458342,0.36288,0,37.6126,4.62399,32.8931,0.84672,12.849,0.84672,3695.15,0,0,0,0.402797,1.92761,5.82609,1.15495,7.00155,0.42336,0,0.42336,460.49,0,0.920549,0,0,1.32335,0.402797,1.028160,1,0,39.8947,0,0,0,39.8947,0
70.9338,2.68812,0,0,2.53733,0.210741,0.36288,3.6288,58.0174,0.948093,0,0,0.444038,0.214174,0,0.66528,12.849,1,0.482006,0.36288,0,32.5029,4.08743,28.2964,0.84672,12.849,0.84672,3695.15,0,0,0,0.402797,1.9281,4.80603,1.02274,6.1142,0.42336,0,0.42336,460.49,0,0.745347,0,0,1.14814,0.402797,1.028160,1,0,34.4106,0,0,0,34.4106,0
69.9943,2.68464,0,0,2.29125,0.183219,0.36288,3.6288,57.286,0.965226,0,0,0.444496,0.210643,0,0.66528,12.849,1,0.486297,0.36288,0,28.3907,4.10035,24.1669,0.84672,12.849,0.84672,3695.15,0,0,0,0.402797,2.02911,4.38146,0.927725,5.88564,0.42336,0,0.42336,460.49,0,0.728214,0,0,1.13101,0.402797,1.028160,1,0,30.0526,0,0,0,30.0526,0
69.0322,2.67981,0,0,2.26252,0.181899,0.36288,3.6288,56.6718,0.887389,0,0,0.482801,0.209648,0,0.66528,12.849,1,0.491938,0.36288,0,27.4551,4.10035,23.2257,0.84672,12.849,0.84672,3695.15,0,0,0,0.30119,2.02963,4.80374,0.927725,6.20683,0.42336,0,0.42336,460.49,0,0.806051,0,0,1.10724,0.30119,1.028160,1,0,29.4325,0,0,0,29.4325,0
67.9301,2.67471,0,0,2.11602,0.180548,0.36288,3.6288,55.9754,0.93306,0,0,0.445494,0.208813,0,0.66528,12.849,1,0.497845,0.36288,0,25.6823,4.10035,21.447,0.84672,12.849,0.84672,3695.15,0,0,0,0.30119,2.03014,4.21788,0.927725,5.62148,0.42336,0,0.42336,460.49,0,0.76038,0,0,1.06157,0.30119,1.028160,1,0,27.0685,0,0,0,27.0685,0
66.4913,2.6686,0,0,1.75648,0.163804,0.36288,3.6288,55.2858,0.95402,0,0,0.452161,0.187795,0,0.66528,12.849,1,0.504766,0.36288,0,25.5932,4.13577,21.3156,0.84672,12.849,0.84672,3695.15,0,0,0,0.30119,2.03066,3.78561,0.910573,5.20689,0.42336,0,0.42336,460.49,0,0.73942,0,0,1.04061,0.30119,1.028160,1,0,26.5225,0,0,0,26.5225,0
64.6884,2.6363,0,0,1.33815,0.141922,0.36288,3.6288,54.6651,0.927979,0,0,0.467642,0.160307,0,0.66528,12.849,1,0.509447,0.36288,0,27.032,4.18299,22.7024,0.84672,12.849,0.84672,3695.15,0,0,0,0.30119,2.03118,3.09044,0.887704,4.53511,0.42336,0,0.42336,460.49,0,0.765461,0,0,1.06665,0.30119,1.028160,1,0,27.2375,0,0,0,27.2375,0
62.7834,2.62512,0,0,1.2184,0.135406,0.36288,3.6288,53.9473,0.989937,0,0,0.442258,0.170162,0,0.66528,12.849,1,0.521426,0.36288,0,23.7961,4.32414,19.3134,0.84672,12.849,0.84672,3695.15,0,0,0,0.261274,2.06688,2.99951,0.939226,4.38844,0.42336,0,0.42336,460.49,0,0.703503,0,0,0.964777,0.261274,1.028160,1,0,23.7019,0,0,0,23.7019,0
61.1088,2.36163,0,0,1.15673,0.106827,0.36288,3.6288,53.1527,0.976717,0,0,0.414284,0.232107,0,0.66528,12.849,1,0.483322,0.36288,0,21.4624,5.17104,16.1709,0.84672,12.849,0.84672,3695.15,0,0,0,0.261274,2.06741,2.86025,1.24836,3.94057,0.42336,0,0.42336,460.49,0,0.716723,0,0,0.977996,0.261274,1.028160,1,0,20.1115,0,0,0,20.1115,0
59.3158,2.35135,0,0,1.02664,0.105365,0.36288,3.6288,52.3198,0.992719,0,0,0.390516,0.230679,0,0.66528,12.849,1,0.494406,0.36288,0,20.2442,5.17104,14.9416,0.84672,12.849,0.84672,3695.15,0,0,0,0.261274,2.2449,2.74177,1.24836,3.99958,0.42336,0,0.42336,460.49,0,0.700721,0,0,0.961995,0.261274,1.028160,1,0,18.9412,0,0,0,18.9412,0
57.4443,2.40013,0,0,0.995769,0.104228,0.36288,3.6288,51.395,1.02381,0,0,0.366251,0.267268,0,0.66528,12.849,1,0.519918,0.36288,0,18.5509,5.51145,12.8824,0.84672,12.849,0.84672,3695.15,0,0,0,0.261274,2.24543,2.48295,1.42594,3.5637,0.42336,0,0.42336,460.49,0,0.669635,0,0,0.930908,0.261274,1.028160,1,0,16.4461,0,0,0,16.4461,0
55.4878,2.38696,0,0,0.895674,0.102351,0.36288,3.6288,50.4197,1.05357,0,0,0.343541,0.26528,0,0.66528,12.849,1,0.53391,0.36288,0,17.483,5.51145,11.8006,0.84672,12.849,0.84672,3695.15,0,0,0,0.261274,2.29586,2.53475,1.42594,3.66594,0.42336,0,0.42336,460.49,0,0.63987,0,0,0.901143,0.261274,1.028160,1,0,15.4665,0,0,0,15.4665,0
53.4673,2.37235,0,0,0.815106,0.100388,0.36288,3.6288,49.3813,1.10483,0,0,0.329572,0.263183,0,0.66528,12.849,1,0.549351,0.36288,0,16.421,5.51145,10.7231,0.84672,12.849,0.84672,3695.15,0,0,0,0.227405,2.2964,2.35649,1.42594,3.45436,0.42336,0,0.42336,460.49,0,0.588609,0,0,0.816013,0.227405,1.028160,1,0,14.1774,0,0,0,14.1774,0
51.3683,2.35627,0,0,0.705309,0.085144,0.36288,3.6288,48.3283,1.11377,0,0,0.32819,0.267445,0,0.66528,12.849,1,0.566248,0.36288,0,15.6676,5.75326,9.71097,0.84672,12.849,0.84672,3695.15,0,0,0,0.227405,2.29695,2.38794,1.45599,3.4563,0.42336,0,0.42336,460.49,0,0.579675,0,0,0.80708,0.227405,1.028160,1,0,13.1673,0,0,0,13.1673,0
48.9998,2.51075,0,0,0.60258,0.0974696,0.36288,3.6288,47.3139,1.09896,0,0,0.339942,0.255316,0,0.66528,12.849,1,0.628026,0.36288,0,13.6036,5.58834,7.75011,0.84672,12.849,0.84672,3695.15,0,0,0,0.227405,2.29749,2.38055,1.3779,3.52754,0.42336,0,0.42336,460.49,0,0.594484,0,0,0.821889,0.227405,1.028160,1,0,11.2777,0,0,0,11.2777,0
46.65,2.48766,0,0,0.6003,0.0995603,0.36288,3.6288,46.2884,1.1123,0,0,0.340767,0.253995,0,0.66528,12.849,1,0.652329,0.36288,0,12.2802,5.55419,6.43657,0.84672,12.849,0.84672,3695.15,0,0,0,0.227405,2.46897,2.47947,1.41942,3.75642,0.42336,0,0.42336,460.49,0,0.581144,0,0,0.808548,0.227405,1.028160,1,0,10.193,0,0,0,10.193,0
44.5992,2.46301,0,0,0.872139,0.097035,0.36288,3.6288,45.4826,0.945605,0,0,0.391551,0.251722,0,0.66528,12.849,1,0.678398,0.36288,0,13.9865,5.55419,8.11682,0.84672,12.849,0.84672,3695.15,0,0,0,0.204422,2.46936,2.74904,1.41942,4.0034,0.42336,0,0.42336,460.49,0,0.747835,0,0,0.952258,0.204422,1.028160,1,0,12.1202,0,0,0,12.1202,0
42.9349,2.4399,0,0,1.25703,0.118554,0.36288,3.6288,44.8938,0.86559,0,0,0.518271,0.241514,0,0.66528,12.849,1,0.702934,0.36288,0,22.8195,5.42277,17.0567,0.84672,12.849,0.84672,3695.15,0,0,0,0.204422,2.46962,3.06051,1.39291,4.34165,0.42336,0,0.42336,460.49,0,0.82785,0,0,1.03227,0.204422,1.028160,1,0,21.3984,0,0,0,21.3984,0
40.9092,2.42002,0,0,0.853425,0.0961746,0.36288,3.6288,44.4303,0.66528,0,0,0.435352,0.23355,0,0.66528,12.849,1,0.724234,0.36288,0,22.7083,5.43348,16.9135,0.84672,12.849,0.84672,3695.15,0,0,0,0.205675,2.46989,2.26418,1.36155,3.5782,0.42336,0,0.42336,460.49,0,1.02816,0,0,1.23384,0.205675,1.028160,1,0,20.4917,0,0,0,20.4917,0
38.8158,2.31382,0,0,0.650787,0.0675215,0.36288,3.6288,43.8754,0.66528,0,0,0.336659,0.226285,0,0.66528,12.849,1,0.726736,0.36288,0,12.6306,4.98288,7.28391,0.84672,12.849,0.84672,3695.15,0,0,0,0.423386,2.47016,2.0151,1.2896,3.61904,0.42336,0,0.42336,460.49,0,1.02816,0,0,1.45155,0.423386,1.028160,1,0,10.9029,0,0,0,10.9029,0
36.6561,2.28312,0,0,0.552225,0.0658842,0.36288,3.6288,43.2919,0.66528,0,0,0.306882,0.225105,0,0.66528,12.849,1,0.75577,0.36288,0,11.6709,4.98288,6.29514,0.84672,12.849,0.84672,3695.15,0,0,0,0.291496,2.37137,1.91745,1.2896,3.29071,0.42336,0,0.42336,460.49,0,1.02816,0,0,1.31966,0.291496,1.028160,1,0,9.58585,0,0,0,9.58585,0
35.0727,2.25078,0,0,1.17741,0.147158,0.36288,3.6288,43.0433,0.66528,0,0,0.561393,0.144674,0,0.66528,12.849,1,0.788962,0.36288,0,25.6914,3.7371,21.5282,0.84672,12.849,0.84672,3695.15,0,0,0,0.743394,2.3734,4.24858,0.900217,6.46516,0.42336,0,0.42336,460.49,0,1.02816,0,0,1.77155,0.743394,1.028160,1,0,27.9934,0,0,0,27.9934,0
34.304,2.22534,0,0,1.97742,0.157948,0.36288,3.6288,42.9108,0.66528,0,0,0.663887,0.131166,0,0.66528,12.849,1,0.815259,0.36288,0,39.0022,3.52947,35.0203,0.84672,12.849,0.84672,3695.15,0,0,0,1.23117,2.37396,3.84837,0.83532,6.61818,0.42336,0,0.42336,460.49,0,1.02816,0,0,2.25933,1.23117,1.028160,1,0,41.6385,0,0,0,41.6385,0
34.6269,2.14982,0,0,3.00675,0.171148,0.36288,3.6288,43.0581,0.66528,0,0,1.03049,0.217925,0,0.66528,12.849,1,0.805244,0.36288,0,52.9424,4.21707,48.2829,0.84672,12.849,0.84672,3695.15,0,0,0,1.46625,2.37452,6.41996,1.06551,9.19523,0.42336,0,0.42336,460.49,0,1.02816,0,0,2.49441,1.46625,1.028160,1,0,57.4782,0,0,0,57.4782,0
33.4037,2.15591,0,0,1.46989,0.17428,0.36288,3.6288,42.7921,0.66528,0,0,0.632057,0.232739,0,0.66528,12.849,1,0.799992,0.36288,0,26.6554,4.33167,21.8867,0.84672,12.849,0.84672,3695.15,0,0,0,0.718217,2.28659,3.76652,1.10387,5.66746,0.42336,0,0.42336,460.49,0,1.02816,0,0,1.74638,0.718217,1.028160,1,0,27.5541,0,0,0,27.5541,0
32.2817,2.13535,0,0,1.54788,0.171682,0.36288,3.6288,42.5675,0.66528,0,0,0.672811,0.232149,0,0.66528,12.849,1,0.821379,0.36288,0,28.3554,4.33167,23.5652,0.84672,12.849,0.84672,3695.15,0,0,0,0.840162,2.28713,6.76674,1.10387,8.79017,0.42336,0,0.42336,460.49,0,1.02816,0,0,1.86832,0.840162,1.028160,1,0,32.3554,0,0,0,32.3554,0
31.8058,2.11552,0,0,2.18817,0.185629,0.36288,3.6288,42.5291,0.66528,0,0,0.852267,0.225369,0,0.66528,12.849,1,0.842037,0.36288,0,45.0897,4.1172,40.4933,0.84672,12.849,0.84672,3695.15,0,0,0,1.28631,2.28767,6.23505,1.07272,8.73631,0.42336,0,0.42336,460.49,0,1.02816,0,0,2.31447,1.28631,1.028160,1,0,49.2296,0,0,0,49.2296,0
33.5573,1.93223,0,0,4.24611,0.199531,0.36288,3.6288,43.7761,0.66528,0,0,2.10541,0.193108,0,0.66528,12.849,1,0.780587,0.36288,0,53.2023,4.13406,48.6505,0.84672,12.849,0.84672,3695.15,0,0,0,3.34654,2.2882,11.2987,1.10921,15.8242,0.42336,0,0.42336,460.49,0,1.02816,0,0,4.3747,3.34654,1.028160,1,0,64.4748,0,0,0,64.4748,0
34.7828,1.96225,0,0,3.74949,0.198856,0.36288,3.6288,44.4729,0.66528,0,0,1.53938,0.177347,0,0.66528,12.849,1,0.751339,0.36288,0,54.0143,4.36117,49.2646,0.84672,12.849,0.84672,3695.15,0,0,0,4.47316,2.09198,7.0457,1.16772,12.4431,0.42336,0,0.42336,460.49,0,1.02816,0,0,5.50132,4.47316,1.028160,1,0,61.7077,0,0,0,61.7077,0
35.3437,1.98214,0,0,3.1078,0.201865,0.36288,3.6288,44.2493,0.66528,0,0,0.620168,0.178516,0,0.66528,12.849,1,0.732215,0.36288,0,45.0379,4.36117,40.3074,0.84672,12.849,0.84672,3695.15,0,0,0,1.57914,2.09247,4.88868,1.16772,7.39258,0.42336,0,0.42336,460.49,0,1.02816,0,0,2.6073,1.57914,1.028160,1,0,47.7,0,0,0,47.7,0
35.0642,1.99122,0,0,2.26919,0.194624,0.36288,3.6288,44.0934,0.66528,0,0,0.730707,0.221289,0,0.66528,12.849,1,0.723898,0.36288,0,38.3763,4.5424,33.4729,0.84672,12.849,0.84672,3695.15,0,0,0,1.44271,2.09296,2.84767,1.30756,5.07577,0.42336,0,0.42336,460.49,0,1.02816,0,0,2.47087,1.44271,1.028160,1,0,38.5486,0,0,0,38.5486,0
39.1822,1.98756,0,0,6.6641,0.195663,0.36288,3.6288,44.3197,0.66528,0,0,1.1019,0.21031,0,0.66528,12.849,1,0.728327,0.36288,0,112.098,4.40217,107.33,0.84672,12.849,0.84672,3695.15,0,0,0,2.15797,2.09345,9.74151,1.25111,12.7418,0.42336,0,0.42336,460.49,0,1.02816,0,0,3.18613,2.15797,1.028160,1,0,120.072,0,0,0,120.072,0
38.9964,2.11699,0,0,2.51018,0.216121,0.36288,3.6288,44.7666,0.66528,0,0,1.25887,0.146697,0,0.66528,12.849,1,0.694225,0.36288,0,93.5289,3.56076,89.6368,0.84672,12.849,0.84672,3695.15,0,0,0,3.50376,2.09393,9.98153,0.912401,14.6668,0.42336,0,0.42336,460.49,0,1.02816,0,0,4.53192,3.50376,1.028160,1,0,104.304,0,0,0,104.304,0
41.4885,2.11508,0,0,5.18579,0.215658,0.36288,3.6288,46.2384,0.66528,0,0,2.28436,0.147314,0,0.66528,12.849,1,0.696901,0.36288,0,106.593,3.56076,102.698,0.84672,12.849,0.84672,3695.15,0,0,0,5.40381,2.15584,10.5716,0.912401,17.2189,0.42336,0,0.42336,460.49,0,1.02816,0,0,6.43197,5.40381,1.028160,1,0,119.917,0,0,0,119.917,0
45.0094,2.14762,0,0,6.24682,0.215454,0.36288,3.6288,47.7472,0.66528,0,0,2.32031,0.146227,0,0.66528,12.849,1,0.665117,0.36288,0,130.448,3.52113,126.625,0.84672,12.849,0.84672,3695.15,0,0,0,5.14192,2.15632,15.5382,0.908943,21.9275,0.42336,0,0.42336,460.49,0,1.02816,0,0,6.17008,5.14192,1.028160,1,0,148.553,0,0,0,148.553,0
52.4222,2.18868,0,0,10.1474,0.183049,0.36288,3.6288,49.6931,0.66528,0,0,2.7404,0.129192,0,0.66528,12.849,1,0.624812,0.36288,0,219.054,3.28335,215.509,0.84672,12.849,0.84672,3695.15,0,0,0,7.71777,2.1568,21.6705,0.888193,30.6569,0.42336,0,0.42336,460.49,0,1.02816,0,0,8.74593,7.71777,1.028160,1,0,246.166,0,0,0,246.166,0
56.6939,2.5044,0,0,7.33769,0.198733,0.36288,3.6288,51.2337,0.66528,0,0,2.32522,0.11931,0,0.66528,12.849,1,0.613844,0.36288,0,195.201,3.70755,191.242,0.84672,12.849,0.84672,3695.15,0,0,0,4.41686,2.15729,17.281,0.954992,22.9001,0.42336,0,0.42336,460.49,0,1.02816,0,0,5.44502,4.41686,1.028160,1,0,214.143,0,0,0,214.143,0
58.9586,2.54279,0,0,5.4149,0.244454,0.36288,3.6288,52.3184,0.66528,0,0,1.91489,0.164894,0,0.66528,12.849,1,0.576293,0.36288,0,150.92,4.25982,146.447,0.84672,12.849,0.84672,3695.15,0,0,0,3.10891,2.37896,12.1066,1.11525,16.4793,0.42336,0,0.42336,460.49,0,1.02816,0,0,4.13707,3.10891,1.028160,1,0,162.926,0,0,0,162.926,0
61.7413,2.56165,0,0,5.96341,0.25619,0.36288,3.6288,53.8253,0.66528,0,0,2.34676,0.174572,0,0.66528,12.849,1,0.558266,0.36288,0,158.948,4.32359,154.429,0.84672,12.849,0.84672,3695.15,0,0,0,3.91928,2.3795,13.6629,1.13751,18.8241,0.42336,0,0.42336,460.49,0,1.02816,0,0,4.94744,3.91928,1.028160,1,0,173.254,0,0,0,173.254,0
63.0411,2.58317,0,0,4.50845,0.262634,0.36288,3.6288,54.7819,0.66528,0,0,1.79851,0.176688,0,0.66528,12.849,1,0.537583,0.36288,0,118.282,4.32359,113.783,0.84672,12.849,0.84672,3695.15,0,0,0,2.94643,2.38004,10.6481,1.13751,14.8371,0.42336,0,0.42336,460.49,0,1.02816,0,0,3.97459,2.94643,1.028160,1,0,128.62,0,0,0,128.62,0
63.932,2.23254,0,0,3.77631,0.289954,0.36288,3.6288,55.5309,0.66528,0,0,1.59336,0.179055,0,0.66528,12.849,1,0.455034,0.36288,0,100.78,3.63804,97.0494,0.84672,12.849,0.84672,3695.15,0,0,0,1.76317,2.38057,8.89419,0.989285,12.0487,0.42336,0,0.42336,460.49,0,1.02816,0,0,2.79133,1.76317,1.028160,1,0,109.098,0,0,0,109.098,0
68.9141,2.23842,0,0,7.88809,0.30472,0.36288,3.6288,59.3521,0.66528,0,0,4.68614,0.199676,0,0.66528,12.849,1,0.449876,0.36288,0,174.762,4.07715,170.598,0.84672,12.849,0.84672,3695.15,0,0,0,5.75348,2.07917,22.43,1.06059,29.2021,0.42336,0,0.42336,460.49,0,1.02816,0,0,6.78164,5.75348,1.028160,1,0,199.8,0,0,0,199.8,0
72.027,2.52133,0,0,6.31415,0.317019,0.36288,3.6288,61.308,0.66528,0,0,3.74738,0.204682,0.92151,0.66528,12.849,1,0.4701,0.36288,0,219.579,4.07715,215.394,0.84672,12.849,0.84672,3695.15,0,0,0,5.0356,2.07963,17.4908,1.06059,23.5455,0.42336,0,0.42336,460.49,0,1.02816,0,0,6.06376,5.0356,1.028160,1,0,239.861,0,0,0,239.861,0
72.29,2.53919,0,0,6.29251,0.324703,3.16563,3.6288,61.308,0.66528,0,0,2.90548,0.207245,2.03295,0.66528,12.849,1,0.452969,3.16563,0,237.562,4.07715,236.197,0.84672,12.849,0.84672,3695.15,0,0,0,3.77463,1.90313,15.1222,1.06059,19.7393,0.42336,0,0.42336,460.49,0,1.02816,0,0,4.80279,3.77463,1.028160,1,0,257.97,0,0,0,257.97,0
72.29,2.54121,0,0,4.72325,0.313364,1.86868,3.6288,61.308,0.66528,0,0,2.37479,0.216181,1.49333,0.66528,12.849,1,0.45168,1.86868,0,166.542,4.32657,163.632,0.84672,12.849,0.84672,3695.15,0,0,0,2.6231,1.90359,12.0837,1.13207,15.4784,0.42336,0,0.42336,460.49,0,1.02816,0,0,3.65126,2.6231,1.028160,1,0,180.604,0,0,0,180.604,0
72.29,2.6347,0,0,4.68609,0.358358,1.69303,3.6288,61.308,0.66528,0,0,2.65574,0.183512,1.80694,0.66528,12.849,1,0.468298,1.69303,0,152.514,4.39719,149.342,0.84672,12.849,0.84672,3695.15,0,0,0,3.71041,1.90406,12.8063,1.10281,17.318,0.42336,0,0.42336,460.49,0,1.02816,0,0,4.73857,3.71041,1.028160,1,0,168.467,0,0,0,168.467,0
72.29,2.63534,0,0,4.18874,0.344883,1.20852,3.6288,61.308,0.66528,0,0,1.96959,0.183521,1.12079,0.66528,12.849,1,0.468412,1.20852,0,104.491,4.36071,100.871,0.84672,12.849,0.84672,3695.15,0,0,0,2.64598,1.97905,9.50486,1.10083,13.0291,0.42336,0,0.42336,460.49,0,1.02816,0,0,3.67414,2.64598,1.028160,1,0,115.021,0,0,0,115.021,0
72.29,2.63598,0,0,3.91709,0.264034,1.01708,3.6288,61.308,0.66528,0,0,1.75166,0.183571,0.902805,0.66528,12.849,1,0.468526,1.01708,0,97.4678,4.14183,93.8746,0.84672,12.849,0.84672,3695.15,0,0,0,2.12653,1.97954,10.5494,1.08893,13.5666,0.42336,0,0.42336,460.49,0,1.02816,0,0,3.15469,2.12653,1.028160,1,0,108.344,0,0,0,108.344,0
72.29,2.63662,0,0,3.65837,0.264034,0.757718,3.6288,61.308,0.66528,0,0,1.64786,0.183571,0.799004,0.66528,12.849,1,0.46864,0.757718,0,95.8859,4.14183,92.0331,0.84672,12.849,0.84672,3695.15,0,0,0,1.81386,1.98002,8.53269,1.08893,11.2376,0.42336,0,0.42336,460.49,0,1.02816,0,0,2.84202,1.81386,1.028160,1,0,104.07,0,0,0,104.07,0
72.1118,2.60092,0,0,3.03506,0.249465,0.36288,3.6288,61.308,0.66528,0,0,1.23033,0.159935,0.405112,0.66528,12.849,1,0.462293,0.36288,0,78.8253,3.31222,75.4137,0.84672,12.849,0.84672,3695.15,0,0,0,1.66966,1.9805,6.75449,1.09738,9.30728,0.42336,0,0.42336,460.49,0,1.02816,0,0,2.69782,1.66966,1.028160,1,0,85.1261,0,0,0,85.1261,0
71.6406,2.60058,0,0,2.74139,0.249128,0.36288,3.6288,61.308,0.66528,0,0,1.07458,0.159935,0.249368,0.66528,12.849,1,0.463376,0.36288,0,73.4702,3.31222,70.0575,0.84672,12.849,0.84672,3695.15,0,0,0,1.17889,1.95195,6.32724,1.09738,8.36072,0.42336,0,0.42336,460.49,0,1.02816,0,0,2.20705,1.17889,1.028160,1,0,78.6676,0,0,0,78.6676,0
71.7432,2.59863,0,0,3.29418,0.230079,0.36288,3.6288,61.308,0.66528,0,0,1.03836,0.168837,0.204247,0.66528,12.849,1,0.466073,0.36288,0,79.0871,4.014,74.9699,0.84672,12.849,0.84672,3695.15,0,0,0,1.26522,1.95243,8.49995,1.12504,10.5925,0.42336,0,0.42336,460.49,0,1.02816,0,0,2.29338,1.26522,1.028160,1,0,85.7667,0,0,0,85.7667,0
71.1326,2.59983,0,0,2.53543,0.183292,0.36288,3.6288,61.308,0.66528,0,0,0.998654,0.187724,0.145651,0.66528,12.849,1,0.465621,0.36288,0,56.8096,5.06904,51.6379,0.84672,12.849,0.84672,3695.15,0,0,0,1.2109,1.9529,6.38505,1.21264,8.33622,0.42336,0,0.42336,460.49,0,1.02816,0,0,2.23906,1.2109,1.028160,1,0,60.1197,0,0,0,60.1197,0
70.1135,2.72027,0,0,2.2257,0.161675,0.36288,3.6288,61.308,0.66528,0,0,0.892797,0.203995,0.0235221,0.66528,12.849,1,0.491374,0.36288,0,45.6138,4.82593,40.6593,0.84672,12.849,0.84672,3695.15,0,0,0,0.644216,1.95338,5.3744,1.22088,6.75111,0.42336,0,0.42336,460.49,0,1.02816,0,0,1.67238,0.644216,1.028160,1,0,47.434,0,0,0,47.434,0
68.958,2.71489,0,0,2.08532,0.163043,0.36288,3.6288,61.308,0.66528,0,0,0.963395,0.196448,0.101667,0.66528,12.849,1,0.497532,0.36288,0,46.6443,4.42443,42.0853,0.84672,12.849,0.84672,3695.15,0,0,0,0.784045,2.05568,5.41677,1.12012,7.13638,0.42336,0,0.42336,460.49,0,1.02816,0,0,1.81221,0.784045,1.028160,1,0,49.3233,0,0,0,49.3233,0
67.7436,2.70853,0,0,1.94146,0.0844111,0.36288,3.6288,61.2708,0.66528,0,0,0.852673,0.224609,0,0.66528,12.849,1,0.504682,0.36288,0,45.4574,4.80228,40.5133,0.84672,12.849,0.84672,3695.15,0,0,0,0.663967,2.05618,5.05443,1.19614,6.57844,0.42336,0,0.42336,460.49,0,1.02816,0,0,1.69213,0.663967,1.028160,1,0,47.0917,0,0,0,47.0917,0
66.3613,2.70158,0,0,1.76569,0.0836131,0.36288,3.6288,61.0695,0.66528,0,0,0.688591,0.224556,0,0.66528,12.849,1,0.512411,0.36288,0,41.3794,4.80228,36.4276,0.84672,12.849,0.84672,3695.15,0,0,0,0.404024,2.05668,4.51883,1.19614,5.7834,0.42336,0,0.42336,460.49,0,1.02816,0,0,1.43218,0.404024,1.028160,1,0,42.211,0,0,0,42.211,0
65.0383,2.69329,0,0,1.81704,0.0838411,0.36288,3.6288,60.798,0.66528,0,0,0.630619,0.236871,0,0.66528,12.849,1,0.521481,0.36288,0,38.8373,4.96977,33.7089,0.84672,12.849,0.84672,3695.15,0,0,0,0.456814,2.05718,4.3406,1.23046,5.62414,0.42336,0,0.42336,460.49,0,1.02816,0,0,1.48497,0.456814,1.028160,1,0,39.3331,0,0,0,39.3331,0
63.9357,2.66104,0,0,2.00707,0.0857707,0.36288,3.6288,60.6255,0.66528,0,0,0.760717,0.267913,0,0.66528,12.849,1,0.525716,0.36288,0,40.6481,5.3885,35.0968,0.84672,12.849,0.84672,3695.15,0,0,0,0.685696,2.05768,4.30752,1.31626,5.73464,0.42336,0,0.42336,460.49,0,1.02816,0,0,1.71386,0.685696,1.028160,1,0,40.8314,0,0,0,40.8314,0
62.7131,2.65413,0,0,1.87945,0.0850113,0.36288,3.6288,60.4158,0.66528,0,0,0.723185,0.26762,0,0.66528,12.849,1,0.533395,0.36288,0,40.5949,5.3885,35.0359,0.84672,12.849,0.84672,3695.15,0,0,0,0.582258,2.09382,4.4267,1.31626,5.78653,0.42336,0,0.42336,460.49,0,1.02816,0,0,1.61042,0.582258,1.028160,1,0,40.8224,0,0,0,40.8224,0
61.5801,2.39517,0,0,1.70926,0.0841693,0.36288,3.6288,60.1884,0.66528,0,0,0.705171,0.267264,0,0.66528,12.849,1,0.490735,0.36288,0,39.8004,5.3885,34.2841,0.84672,12.849,0.84672,3695.15,0,0,0,0.56141,2.09433,4.24156,1.31626,5.58104,0.42336,0,0.42336,460.49,0,1.02816,0,0,1.58957,0.56141,1.028160,1,0,39.8651,0,0,0,39.8651,0
60.2969,2.38834,0,0,1.5514,0.0833891,0.36288,3.6288,59.9179,0.66528,0,0,0.661582,0.266877,0,0.66528,12.849,1,0.498339,0.36288,0,35.4654,5.3885,29.9414,0.84672,12.849,0.84672,3695.15,0,0,0,0.382156,2.2718,4.10315,1.31626,5.44086,0.42336,0,0.42336,460.49,0,1.02816,0,0,1.41032,0.382156,1.028160,1,0,35.3823,0,0,0,35.3823,0
58.8431,2.44161,0,0,1.4159,0.0652067,0.36288,3.6288,59.4259,0.782058,0,0,0.603554,0.313458,0,0.66528,12.849,1,0.520295,0.36288,0,28.9395,6.13012,22.652,0.84672,12.849,0.84672,3695.15,0,0,0,0.261274,2.27231,2.97428,1.5206,3.98726,0.42336,0,0.42336,460.49,0,0.911382,0,0,1.17266,0.261274,1.028160,1,0,26.6392,0,0,0,26.6392,0
57.3849,2.43171,0,0,1.4028,0.0664375,0.36288,3.6288,58.9848,0.68802,0,0,0.554551,0.307644,0,0.66528,12.849,1,0.530988,0.36288,0,36.8075,6.08905,30.5504,0.84672,12.849,0.84672,3695.15,0,0,0,0.261274,2.32338,3.11174,1.49455,4.20184,0.42336,0,0.42336,460.49,0,1.00542,0,0,1.26669,0.261274,1.028160,1,0,34.7522,0,0,0,34.7522,0
55.8487,2.42133,0,0,1.31353,0.0655006,0.36288,3.6288,58.5161,0.677627,0,0,0.515712,0.306776,0,0.66528,12.849,1,0.542158,0.36288,0,29.5529,6.08905,23.2846,0.84672,12.849,0.84672,3695.15,0,0,0,0.227405,2.3239,2.80498,1.49455,3.86174,0.42336,0,0.42336,460.49,0,1.01581,0,0,1.24322,0.227405,1.028160,1,0,27.1464,0,0,0,27.1464,0
54.2074,2.40985,0,0,1.19593,0.0645137,0.36288,3.6288,57.8309,0.868933,0,0,0.489599,0.305854,0,0.66528,12.849,1,0.55443,0.36288,0,26.9336,6.08905,20.653,0.84672,12.849,0.84672,3695.15,0,0,0,0.227405,2.32443,2.61641,1.49455,3.67369,0.42336,0,0.42336,460.49,0,0.824507,0,0,1.05191,0.227405,1.028160,1,0,24.3267,0,0,0,24.3267,0
52.5163,2.57333,0,0,1.29666,0.0515429,0.36288,3.6288,57.4282,0.66528,0,0,0.580628,0.31803,0,0.66528,12.849,1,0.609967,0.36288,0,25.7902,6.34719,19.196,0.84672,12.849,0.84672,3695.15,0,0,0,0.46853,2.32495,3.54712,1.53633,4.80427,0.42336,0,0.42336,460.49,0,1.02816,0,0,1.49669,0.46853,1.028160,1,0,24.0002,0,0,0,24.0002,0
50.7749,2.58066,0,0,1.25638,0.0542908,0.36288,3.6288,57.0372,0.66528,0,0,0.597605,0.323399,0,0.66528,12.849,1,0.631403,0.36288,0,24.5452,6.34242,17.9343,0.84672,12.849,0.84672,3695.15,0,0,0,0.51986,2.49862,2.88714,1.52232,4.38331,0.42336,0,0.42336,460.49,0,1.02816,0,0,1.54802,0.51986,1.028160,1,0,22.3176,0,0,0,22.3176,0
48.8022,2.56448,0,0,1.00805,0.0533169,0.36288,3.6288,56.5192,0.66528,0,0,0.469907,0.322579,0,0.66528,12.849,1,0.648962,0.36288,0,28.8703,6.34242,22.2418,0.84672,12.849,0.84672,3695.15,0,0,0,0.213624,2.48285,2.39833,1.52232,3.57248,0.42336,0,0.42336,460.49,0,1.02816,0,0,1.24178,0.213624,1.028160,1,0,25.8143,0,0,0,25.8143,0
47.0362,2.5448,0,0,1.19384,0.0522099,0.36288,3.6288,56.2497,0.66528,0,0,0.717302,0.321494,0,0.66528,12.849,1,0.670013,0.36288,0,24.7802,6.34242,18.1307,0.84672,12.849,0.84672,3695.15,0,0,0,0.83986,2.48311,3.24327,1.52232,5.04392,0.42336,0,0.42336,460.49,0,1.02816,0,0,1.86802,0.83986,1.028160,1,0,23.1746,0,0,0,23.1746,0
45.0462,2.52612,0,0,0.949752,0.0507035,0.36288,3.6288,55.7915,0.66528,0,0,0.508576,0.301497,0,0.66528,12.849,1,0.690066,0.36288,0,23.5139,5.93822,17.2485,0.84672,12.849,0.84672,3695.15,0,0,0,0.403142,2.48336,3.10855,1.36882,4.62624,0.42336,0,0.42336,460.49,0,1.02816,0,0,1.4313,0.403142,1.028160,1,0,21.8748,0,0,0,21.8748,0
43.7386,2.42062,0,0,1.50867,0.0328153,0.36288,3.6288,55.5063,0.66528,0,0,0.657563,0.277514,0,0.66528,12.849,1,0.690457,0.36288,0,29.1372,6.10081,22.7088,0.84672,12.849,0.84672,3695.15,0,0,0,0.982359,2.48362,3.08437,1.45521,5.09514,0.42336,0,0.42336,460.49,0,1.02816,0,0,2.01052,0.982359,1.028160,1,0,27.8039,0,0,0,27.8039,0
41.7019,2.38209,0,0,0.740612,0.0323314,0.36288,3.6288,54.9366,0.695831,0,0,0.403152,0.276995,0,0.66528,12.849,1,0.699783,0.36288,0,29.3561,6.10081,22.9184,0.84672,12.849,0.84672,3695.15,0,0,0,0.216518,2.38355,1.76856,1.45521,2.91342,0.42336,0,0.42336,460.49,0,0.997609,0,0,1.21413,0.216518,1.028160,1,0,25.8318,0,0,0,25.8318,0
39.7126,2.3566,0,0,0.761723,0.0315778,0.36288,3.6288,54.2233,0.875344,0,0,0.437952,0.27596,0,0.66528,12.849,1,0.726103,0.36288,0,19.1445,6.10081,12.6805,0.84672,12.849,0.84672,3695.15,0,0,0,0.216518,2.40166,1.43452,1.45521,2.59749,0.42336,0,0.42336,460.49,0,0.818096,0,0,1.03461,0.216518,1.028160,1,0,15.278,0,0,0,15.278,0
39.0365,2.32974,0,0,2.12844,0.111852,0.36288,3.6288,54.0873,0.66528,0,0,0.815093,0.285741,0,0.66528,12.849,1,0.753786,0.36288,0,31.1759,5.44913,25.3359,0.84672,12.849,0.84672,3695.15,0,0,0,1.67057,2.4022,4.42435,1.30737,7.18975,0.42336,0,0.42336,460.49,0,1.02816,0,0,2.69873,1.67057,1.028160,1,0,32.5256,0,0,0,32.5256,0
38.6884,2.25471,0,0,2.40625,0.136835,0.36288,3.6288,54.6488,0.66528,0,0,1.48567,0.25889,0,0.66528,12.849,1,0.742145,0.36288,0,97.7272,4.26645,93.0815,0.84672,12.849,0.84672,3695.15,0,0,0,2.31604,2.40274,7.79749,1.07697,11.4393,0.42336,0,0.42336,460.49,0,1.02816,0,0,3.3442,2.31604,1.028160,1,0,104.521,0,0,0,104.521,0
39.086,2.2503,0,0,3.15526,0.144445,0.36288,3.6288,55.4304,0.66528,0,0,1.69284,0.246003,0,0.66528,12.849,1,0.747359,0.36288,0,66.1402,3.79659,61.9592,0.84672,12.849,0.84672,3695.15,0,0,0,2.44162,2.31365,10.873,0.99326,14.635,0.42336,0,0.42336,460.49,0,1.02816,0,0,3.46978,2.44162,1.028160,1,0,76.5942,0,0,0,76.5942,0
39.8831,2.25662,0,0,3.58506,0.168513,0.36288,3.6288,56.1578,0.66528,0,0,1.63303,0.240297,0,0.66528,12.849,1,0.741835,0.36288,0,66.5728,3.7878,62.406,0.84672,12.849,0.84672,3695.15,0,0,0,2.07493,2.31417,7.3033,0.983246,10.7092,0.42336,0,0.42336,460.49,0,1.02816,0,0,3.10309,2.07493,1.028160,1,0,73.1152,0,0,0,73.1152,0
39.7886,2.26844,0,0,2.71495,0.178028,0.36288,3.6288,56.6388,0.66528,0,0,1.39725,0.250976,0,0.66528,12.849,1,0.730817,0.36288,0,84.1743,4.01005,79.7963,0.84672,12.849,0.84672,3695.15,0,0,0,1.63613,2.31469,5.93256,1.21706,8.66632,0.42336,0,0.42336,460.49,0,1.02816,0,0,2.66429,1.63613,1.028160,1,0,88.4627,0,0,0,88.4627,0
40.0694,2.07974,0,0,2.91984,0.196481,0.36288,3.6288,57.202,0.66528,0,0,1.4443,0.215884,0,0.66528,12.849,1,0.671612,0.36288,0,70.0463,3.84972,65.8878,0.84672,12.849,0.84672,3695.15,0,0,0,1.99549,2.31521,8.18517,1.09178,11.4041,0.42336,0,0.42336,460.49,0,1.02816,0,0,3.02365,1.99549,1.028160,1,0,77.2919,0,0,0,77.2919,0
39.6313,2.08386,0,0,2.23072,0.222093,0.36288,3.6288,57.8021,0.66528,0,0,1.43403,0.168659,0,0.66528,12.849,1,0.668229,0.36288,0,64.1777,3.63594,60.2364,0.84672,12.849,0.84672,3695.15,0,0,0,2.98483,2.11645,5.75805,0.924737,9.9346,0.42336,0,0.42336,460.49,0,1.02816,0,0,4.01299,2.98483,1.028160,1,0,70.171,0,0,0,70.171,0
39.0075,2.07884,0,0,2.04174,0.223845,0.36288,3.6288,58.4522,0.66528,0,0,1.53183,0.216456,0,0.66528,12.849,1,0.673989,0.36288,0,63.8171,4.35855,59.1475,0.84672,12.849,0.84672,3695.15,0,0,0,2.03139,2.11692,6.59083,1.20974,9.52939,0.42336,0,0.42336,460.49,0,1.02816,0,0,3.05955,2.03139,1.028160,1,0,68.6768,0,0,0,68.6768,0
39.165,2.07129,0,0,2.79375,0.202078,0.36288,3.6288,59.8012,0.66528,0,0,2.23011,0.215798,0,0.66528,12.849,1,0.682281,0.36288,0,81.6376,3.67707,77.6412,0.84672,12.849,0.84672,3695.15,0,0,0,3.60997,2.1174,7.49542,0.954818,12.268,0.42336,0,0.42336,460.49,0,1.02816,0,0,4.63813,3.60997,1.028160,1,0,89.9091,0,0,0,89.9091,0
39.7289,2.07392,0,0,3.19931,0.198561,0.36288,3.6288,61.0392,0.66528,0,0,2.10399,0.200671,0,0.66528,12.849,1,0.680398,0.36288,0,89.2892,3.36462,85.6071,0.84672,12.849,0.84672,3695.15,0,0,0,4.16257,2.11787,11.2514,0.864962,16.6669,0.42336,0,0.42336,460.49,0,1.02816,0,0,5.19073,4.16257,1.028160,1,0,102.274,0,0,0,102.274,0
40.4969,2.15413,0,0,3.50713,0.222168,0.36288,3.6288,61.308,0.66528,0,0,1.85045,0.234579,0.681821,0.66528,12.849,1,0.696684,0.36288,0,54.0694,5.14668,48.5889,0.84672,12.849,0.84672,3695.15,0,0,0,2.4026,2.11834,8.0079,1.29822,11.2306,0.42336,0,0.42336,460.49,0,1.02816,0,0,3.43076,2.4026,1.028160,1,0,60.5013,0,0,0,60.5013,0
40.78,2.16472,0,0,3.03492,0.224205,0.36288,3.6288,61.308,0.66528,0,0,1.50099,0.234978,0.600735,0.66528,12.849,1,0.68683,0.36288,0,66.232,5.14668,60.7614,0.84672,12.849,0.84672,3695.15,0,0,0,1.72986,2.18101,8.69342,1.29822,11.3061,0.42336,0,0.42336,460.49,0,1.02816,0,0,2.75802,1.72986,1.028160,1,0,72.6682,0,0,0,72.6682,0
40.3567,2.1689,0,0,2.33557,0.227065,0.36288,3.6288,61.308,0.66528,0,0,1.19574,0.231469,0.298992,0.66528,12.849,1,0.68338,0.36288,0,52.2031,4.95486,46.9277,0.84672,12.849,0.84672,3695.15,0,0,0,1.14845,2.18147,5.89921,1.24658,7.98255,0.42336,0,0.42336,460.49,0,1.02816,0,0,2.17661,1.14845,1.028160,1,0,55.2092,0,0,0,55.2092,0
39.7057,2.16402,0,0,2.1026,0.226672,0.36288,3.6288,61.308,0.66528,0,0,1.04053,0.190209,0.185044,0.66528,12.849,1,0.688993,0.36288,0,45.0835,4.1564,40.601,0.84672,12.849,0.84672,3695.15,0,0,0,0.862367,2.18194,4.32895,1.11037,6.26288,0.42336,0,0.42336,460.49,0,1.02816,0,0,1.89053,0.862367,1.028160,1,0,47.0489,0,0,0,47.0489,0
38.8292,2.38862,0,0,2.08947,0.214499,0.36288,3.6288,61.308,0.66528,0,0,1.22053,0.211607,0.343643,0.66528,12.849,1,0.77297,0.36288,0,38.2613,3.9504,33.9008,0.84672,12.849,0.84672,3695.15,0,0,0,0.847213,2.1824,5.27112,1.10973,7.191,0.42336,0,0.42336,460.49,0,1.02816,0,0,1.87537,0.847213,1.028160,1,0,41.4354,0,0,0,41.4354,0
38.3505,2.37611,0,0,2.45842,0.198138,0.36288,3.6288,61.3064,0.691269,0,0,0.917879,0.228166,0,0.66528,12.849,1,0.78628,0.36288,0,41.2551,4.13895,36.6927,0.84672,12.849,0.84672,3695.15,0,0,0,0.503194,2.40686,5.85213,1.10766,7.65453,0.42336,0,0.42336,460.49,0,1.00217,0,0,1.50536,0.503194,1.028160,1,0,44.3472,0,0,0,44.3472,0
38.2243,2.36936,0,0,2.80275,0.1967,0.36288,3.6288,61.308,0.66528,0,0,1.15271,0.225383,0.260495,0.66528,12.849,1,0.793834,0.36288,0,48.5482,4.16157,43.9556,0.84672,12.849,0.84672,3695.15,0,0,0,1.30384,2.40738,8.17854,1.1127,10.7771,0.42336,0,0.42336,460.49,0,1.02816,0,0,2.332,1.30384,1.028160,1,0,54.9932,0,0,0,54.9932,0
38.8428,2.368,0,0,3.5458,0.196411,0.36288,3.6288,61.308,0.66528,0,0,1.1846,0.225385,0.293939,0.66528,12.849,1,0.795997,0.36288,0,63.4736,4.16157,58.8789,0.84672,12.849,0.84672,3695.15,0,0,0,1.08742,2.4079,7.53529,1.1127,9.91791,0.42336,0,0.42336,460.49,0,1.02816,0,0,2.11558,1.08742,1.028160,1,0,69.0907,0,0,0,69.0907,0
40.403,2.04788,0,0,4.19569,0.224725,0.36288,3.6288,61.308,0.66528,0,0,1.21001,0.218851,0.325884,0.66528,12.849,1,0.677429,0.36288,0,70.3976,3.62523,66.4578,0.84672,12.849,0.84672,3695.15,0,0,0,1.22182,2.40842,9.05247,0.958684,11.724,0.42336,0,0.42336,460.49,0,1.02816,0,0,2.24998,1.22182,1.028160,1,0,78.5077,0,0,0,78.5077,0
41.1687,2.06826,0,0,3.44624,0.249402,0.36288,3.6288,61.308,0.66528,0,0,1.05178,0.21395,0.172552,0.66528,12.849,1,0.657751,0.36288,0,55.3317,3.22297,51.8138,0.84672,12.849,0.84672,3695.15,0,0,0,0.845605,2.10318,5.75825,0.843172,7.86386,0.42336,0,0.42336,460.49,0,1.02816,0,0,1.87377,0.845605,1.028160,1,0,59.8503,0,0,0,59.8503,0
41.7788,2.07812,0,0,3.30278,0.251675,0.36288,3.6288,61.308,0.66528,0,0,0.973408,0.21395,0.0941781,0.66528,12.849,1,0.648594,0.36288,0,58.8549,3.22297,55.3462,0.84672,12.849,0.84672,3695.15,0,0,0,0.680806,2.10362,6.43622,0.843172,8.37748,0.42336,0,0.42336,460.49,0,1.02816,0,0,1.70897,0.680806,1.028160,1,0,63.8179,0,0,0,63.8179,0
42.8206,2.0859,0,0,3.73929,0.248749,0.36288,3.6288,61.308,0.66528,0,0,1.31077,0.219162,0.426332,0.66528,12.849,1,0.641515,0.36288,0,61.4249,3.4292,57.717,0.84672,12.849,0.84672,3695.15,0,0,0,1.00752,2.10407,8.05494,0.887727,10.2788,0.42336,0,0.42336,460.49,0,1.02816,0,0,2.03568,1.00752,1.028160,1,0,68.4222,0,0,0,68.4222,0
44.6326,2.09845,0,0,4.50431,0.230984,0.36288,3.6288,61.308,0.66528,0,0,1.48789,0.235302,0.587303,0.66528,12.849,1,0.629673,0.36288,0,62.1413,4.41609,57.4584,0.84672,12.849,0.84672,3695.15,0,0,0,1.05259,2.10452,9.04239,1.10905,11.0905,0.42336,0,0.42336,460.49,0,1.02816,0,0,2.08075,1.05259,1.028160,1,0,69.1362,0,0,0,69.1362,0
45.9967,2.20484,0,0,4.21646,0.284607,0.36288,3.6288,61.308,0.66528,0,0,0.915157,0.144505,0.105373,0.66528,12.849,1,0.634737,0.36288,0,71.8336,2.91354,68.6482,0.84672,12.849,0.84672,3695.15,0,0,0,0.907157,2.10496,5.47246,0.83301,7.65157,0.42336,0,0.42336,460.49,0,1.02816,0,0,1.93532,0.907157,1.028160,1,0,76.4051,0,0,0,76.4051,0
45.8974,2.22012,0,0,2.77271,0.289006,0.36288,3.6288,61.2012,0.751162,0,0,0.788902,0.144505,0,0.66528,12.849,1,0.620182,0.36288,0,38.9039,2.91354,35.7331,0.84672,12.849,0.84672,3695.15,0,0,0,0.528595,2.18088,4.45471,0.83301,6.33117,0.42336,0,0.42336,460.49,0,0.942278,0,0,1.47087,0.528595,1.028160,1,0,42.0643,0,0,0,42.0643,0
46.8387,2.21964,0,0,3.81248,0.288685,0.36288,3.6288,61.308,0.66528,0,0,1.39471,0.144407,0.478261,0.66528,12.849,1,0.62139,0.36288,0,77.1609,2.91354,73.9889,0.84672,12.849,0.84672,3695.15,0,0,0,1.69663,2.18134,7.92415,0.83301,10.9691,0.42336,0,0.42336,460.49,0,1.02816,0,0,2.72479,1.69663,1.028160,1,0,85.4362,0,0,0,85.4362,0
46.5912,2.23001,0,0,2.58696,0.24157,0.36288,3.6288,61.0438,0.884736,0,0,0.798379,0.177869,0,0.66528,12.849,1,0.611747,0.36288,0,44.0576,3.52824,40.2805,0.84672,12.849,0.84672,3695.15,0,0,0,0.528595,2.18181,4.58663,0.946853,6.35018,0.42336,0,0.42336,460.49,0,0.808704,0,0,1.3373,0.528595,1.028160,1,0,46.6307,0,0,0,46.6307,0
46.5344,2.19406,0,0,2.74106,0.240876,0.36288,3.6288,60.7886,0.87658,0,0,0.778473,0.157065,0,0.66528,12.849,1,0.605082,0.36288,0,42.7555,3.70966,38.8036,0.84672,12.849,0.84672,3695.15,0,0,0,0.528595,2.18227,3.67318,0.909405,5.47465,0.42336,0,0.42336,460.49,0,0.81686,0,0,1.34546,0.528595,1.028160,1,0,44.2783,0,0,0,44.2783,0
46.2726,2.19404,0,0,2.5328,0.237695,0.36288,3.6288,60.3384,0.94252,0,0,0.679856,0.187559,0,0.66528,12.849,1,0.605816,0.36288,0,40.0365,4.06846,35.7251,0.84672,12.849,0.84672,3695.15,0,0,0,0.528595,2.15334,3.29734,0.96822,5.01105,0.42336,0,0.42336,460.49,0,0.75092,0,0,1.27951,0.528595,1.028160,1,0,40.7362,0,0,0,40.7362,0
45.882,2.19192,0,0,2.34592,0.181728,0.36288,3.6288,59.8258,0.912609,0,0,0.619515,0.219522,0,0.66528,12.849,1,0.608655,0.36288,0,36.7391,4.35676,32.1366,0.84672,12.849,0.84672,3695.15,0,0,0,0.402797,2.1538,3.11088,0.985435,4.68205,0.42336,0,0.42336,460.49,0,0.780831,0,0,1.18363,0.402797,1.028160,1,0,36.8186,0,0,0,36.8186,0
45.4419,2.18844,0,0,2.29218,0.180939,0.36288,3.6288,59.5572,0.745044,0,0,0.695283,0.218806,0,0.66528,12.849,1,0.61286,0.36288,0,35.6686,4.35676,31.0619,0.84672,12.849,0.84672,3695.15,0,0,0,0.402797,2.15426,3.70333,0.985435,5.27495,0.42336,0,0.42336,460.49,0,0.948396,0,0,1.35119,0.402797,1.028160,1,0,36.3368,0,0,0,36.3368,0
44.7999,2.29917,0,0,2.19878,0.178713,0.36288,3.6288,59.1096,0.939133,0,0,0.696596,0.205074,0,0.66528,12.849,1,0.650107,0.36288,0,34.105,4.20243,29.6154,0.84672,12.849,0.84672,3695.15,0,0,0,0.402797,2.15472,3.01334,1.02784,4.54301,0.42336,0,0.42336,460.49,0,0.754307,0,0,1.1571,0.402797,1.028160,1,0,34.1584,0,0,0,34.1584,0
43.9945,2.29252,0,0,1.98982,0.139877,0.36288,3.6288,58.5577,0.983759,0,0,0.621086,0.189258,0,0.66528,12.849,1,0.657514,0.36288,0,31.3133,4.08135,26.9373,0.84672,12.849,0.84672,3695.15,0,0,0,0.402797,2.25827,2.61458,1.03492,4.24073,0.42336,0,0.42336,460.49,0,0.709681,0,0,1.11248,0.402797,1.028160,1,0,31.178,0,0,0,31.178,0
43.1192,2.28379,0,0,1.9042,0.132764,0.36288,3.6288,58.132,0.888391,0,0,0.653037,0.190342,0,0.66528,12.849,1,0.667001,0.36288,0,29.4209,4.13553,24.9813,0.84672,12.849,0.84672,3695.15,0,0,0,0.30119,2.25875,2.72385,1.02489,4.2589,0.42336,0,0.42336,460.49,0,0.805049,0,0,1.10624,0.30119,1.028160,1,0,29.2402,0,0,0,29.2402,0
42.1701,2.27393,0,0,1.81911,0.131438,0.36288,3.6288,57.6608,0.937138,0,0,0.655802,0.189821,0,0.66528,12.849,1,0.677605,0.36288,0,27.6427,4.13553,23.1925,0.84672,12.849,0.84672,3695.15,0,0,0,0.30119,2.25924,2.61917,1.02489,4.15471,0.42336,0,0.42336,460.49,0,0.756302,0,0,1.05749,0.30119,1.028160,1,0,27.3472,0,0,0,27.3472,0
41.0164,2.26282,0,0,1.59759,0.125565,0.36288,3.6288,57.0226,1.02459,0,0,0.576518,0.190118,0,0.66528,12.849,1,0.68947,0.36288,0,24.2081,4.18684,19.6946,0.84672,12.849,0.84672,3695.15,0,0,0,0.30119,2.25972,2.34679,1.02965,3.87805,0.42336,0,0.42336,460.49,0,0.668848,0,0,0.970039,0.30119,1.028160,1,0,23.5727,0,0,0,23.5727,0
39.2515,2.22643,0,0,0.922035,0.0976235,0.36288,3.6288,55.9922,1.1913,0,0,0.355446,0.194559,0,0.66528,12.849,1,0.697462,0.36288,0,14.4945,4.49473,9.66515,0.84672,12.849,0.84672,3695.15,0,0,0,0.30119,2.2602,1.49475,1.05822,2.99792,0.42336,0,0.42336,460.49,0,0.50214,0,0,0.80333,0.30119,1.028160,1,0,12.6631,0,0,0,12.6631,0
37.4239,2.20336,0,0,0.834244,0.0956163,0.36288,3.6288,54.8778,1.25104,0,0,0.329867,0.193256,0,0.66528,12.849,1,0.721272,0.36288,0,13.0162,4.49473,8.16312,0.84672,12.849,0.84672,3695.15,0,0,0,0.261274,2.29676,1.4336,1.05822,2.93341,0.42336,0,0.42336,460.49,0,0.442403,0,0,0.703676,0.261274,1.028160,1,0,11.0965,0,0,0,11.0965,0
35.6048,2.1777,0,0,0.794776,0.073305,0.36288,3.6288,53.6873,1.24761,0,0,0.312114,0.254986,0,0.66528,12.849,1,0.747684,0.36288,0,11.7918,5.34163,6.06535,0.84672,12.849,0.84672,3695.15,0,0,0,0.261274,2.29725,1.35824,1.36736,2.54941,0.42336,0,0.42336,460.49,0,0.445833,0,0,0.707106,0.261274,1.028160,1,0,8.61476,0,0,0,8.61476,0
33.7289,2.15018,0,0,0.705594,0.0684235,0.36288,3.6288,52.4488,1.26694,0,0,0.291835,0.263377,0,0.66528,12.849,1,0.775953,0.36288,0,10.7848,5.48278,4.88894,0.84672,12.849,0.84672,3695.15,0,0,0,0.261274,2.29774,1.31348,1.41888,2.45361,0.42336,0,0.42336,460.49,0,0.426505,0,0,0.687779,0.261274,1.028160,1,0,7.34255,0,0,0,7.34255,0
31.7577,2.17404,0,0,0.625587,0.0598113,0.36288,3.6288,51.0125,1.41855,0,0,0.26936,0.287141,0,0.66528,12.4336,1,0.8282,0.36288,0,9.09835,5.84301,3.20544,0.84672,12.4336,0.84672,3695.15,0,0,0,0.261274,2.29823,1.2268,1.45863,2.32768,0.42336,0,0.42336,460.49,0,0.27489,0,0,0.536164,0.261274,1.028160,1,0,5.53312,0,0,0,5.53312,0
29.8146,2.15809,0,0,0.633461,0.0556007,0.36288,3.6288,49.6221,1.37625,0,0,0.280139,0.294249,0,0.66528,12.849,1,0.844919,0.36288,0,11.7432,5.9871,4.85867,0.84672,12.849,0.84672,3695.15,0,0,0,0.261274,2.34991,1.37553,1.47452,2.51219,0.42336,0,0.42336,460.49,0,0.317192,0,0,0.578465,0.261274,1.028160,1,0,7.37086,0,0,0,7.37086,0
27.8313,2.15705,0,0,0.590782,0.0542038,0.36288,3.6288,48.2295,1.34983,0,0,0.24813,0.290923,0,0.66528,12.4625,1,0.84672,0.36288,0,9.2899,5.9871,3.20544,0.84672,12.4625,0.84672,3695.15,0,0,0,0.227405,2.35041,1.25552,1.47452,2.35881,0.42336,0,0.42336,460.49,0,0.343608,0,0,0.571013,0.227405,1.028160,1,0,5.56425,0,0,0,5.56425,0
25.7952,2.15781,0,0,0.537373,0.05276,0.36288,3.6288,46.7358,1.43919,0,0,0.23307,0.287592,0,0.66528,11.6259,1,0.84672,0.36288,0,8.54237,5.9871,3.20544,0.84672,11.6259,0.84672,3694.85,0,0,0,0.227405,2.35091,1.14909,1.47452,2.25289,0.42336,0,0.42336,460.49,0,0.254251,0,0,0.481656,0.227405,1.028160,1,0,5.45833,0,0,0,5.45833,0
23.5754,2.37949,0,0,0.566041,0.0435054,0.36288,3.6288,45.3635,1.34105,0,0,0.254663,0.28585,0,0.66528,10.7882,1,0.84672,0.36288,0,8.45597,6.21528,3.20544,0.84672,10.7882,0.84672,3694.24,0,0,0,0.227405,2.35141,1.43611,1.53037,2.48456,0.42336,0,0.42336,460.49,0,0.352388,0,0,0.579792,0.227405,1.028160,1,0,5.69,0,0,0,5.69,0
21.3004,2.43481,0,0,0.566302,0.0436353,0.36288,3.6288,43.8572,1.46207,0,0,0.226407,0.27067,0,0.66528,9.95172,1,0.84672,0.36288,0,8.85125,6.2623,3.20544,0.84672,9.95172,0.84672,3693.98,0,0,0,0.227405,2.5272,0.984355,1.56541,2.17355,0.42336,0,0.42336,460.49,0,0.231373,0,0,0.458778,0.227405,1.028160,1,0,5.37899,0,0,0,5.37899,0
18.9081,2.43613,0,0,0.449014,0.0423039,0.36288,3.6288,42.207,1.5533,0,0,0.169938,0.266869,0,0.66528,9.11824,1,0.84672,0.36288,0,9.71905,6.2623,3.20544,0.84672,9.11824,0.84672,3694.58,0,0,0,0.204422,2.49585,0.790379,1.56541,1.92524,0.42336,0,0.42336,460.49,0,0.140142,0,0,0.344564,0.204422,1.028160,1,0,5.13068,0,0,0,5.13068,0
16.6126,2.43745,0,0,0.545752,0.0409232,0.36288,3.6288,40.8909,1.32659,0,0,0.273216,0.262705,0,0.66528,8.28043,1,0.84672,0.36288,0,8.47213,6.2623,3.20544,0.84672,8.28043,0.84672,3693.94,0,0,0,0.204422,2.4961,1.13884,1.56541,2.27395,0.42336,0,0.42336,460.49,0,0.366847,0,0,0.571269,0.204422,1.028160,1,0,5.47939,0,0,0,5.47939,0
14.2083,2.43877,0,0,0.439754,0.0423257,0.36288,3.6288,39.3648,1.48352,0,0,0.193342,0.235924,0,0.66528,7.4411,1,0.84672,0.36288,0,7.29049,5.52293,3.20544,0.84672,7.4411,0.84672,3692.86,0,0,0,0.204422,2.49635,1.14183,1.27759,2.565,0.42336,0,0.42336,460.49,0,0.20992,0,0,0.414342,0.204422,1.028160,1,0,5.77044,0,0,0,5.77044,0
12.1906,2.33231,0,0,0.757918,0.0805131,0.36288,3.6288,38.1224,1.30283,0,0,0.296825,0.236357,0,0.66528,7.91059,1,0.84672,0.36288,0,11.9806,5.52657,3.20544,0.84672,7.91059,0.84672,3695.15,0,0,0,0.204422,2.49659,0.891406,1.3218,2.27062,0.42336,0,0.42336,460.49,0,0.390612,0,0,0.595034,0.204422,1.028160,1,0,5.47606,0,0,0,5.47606,0
10.1822,2.27657,0,0,0.70816,0.0770317,0.36288,3.6288,37.4121,0.920509,0,0,0.443764,0.233579,0,0.66528,8.96571,1,0.84672,0.36288,0,10.271,5.52657,3.20544,0.84672,8.96571,0.84672,3695.15,0,0,0,0.216518,2.39528,1.02832,1.3218,2.31832,0.42336,0,0.42336,460.49,0,0.772931,0,0,0.989449,0.216518,1.028160,1,0,5.52376,0,0,0,5.52376,0
8.09328,2.27736,0,0,0.624858,0.0735666,0.36288,3.6288,36.1489,1.28876,0,0,0.257544,0.231991,0,0.66528,10.2704,1,0.84672,0.36288,0,10.5206,5.52657,3.20544,0.84672,10.2704,0.84672,3695.15,0,0,0,0.216518,2.42888,0.789843,1.3218,2.11344,0.42336,0,0.42336,460.49,0,0.404683,0,0,0.621201,0.216518,1.028160,1,0,5.31888,0,0,0,5.31888,0
5.8993,2.27816,0,0,0.516354,0.0692937,0.36288,3.6288,34.789,1.3576,0,0,0.226892,0.229168,0,0.66528,10.7683,1,0.84672,0.36288,0,9.71369,5.52657,3.20544,0.84672,10.7683,0.84672,3695.15,0,0,0,0.216518,2.4294,0.731462,1.3218,2.05558,0.42336,0,0.42336,460.49,0,0.335838,0,0,0.552356,0.216518,1.028160,1,0,5.26102,0,0,0,5.26102,0
4.37343,2.19039,0,0,1.12029,0.092882,0.36288,3.6288,33.8256,1.13159,0,0,0.352129,0.184015,0,0.66528,12.849,1,0.84672,0.36288,0,13.7507,4.72317,6.46301,0.84672,12.849,0.84672,3695.15,0,0,0,0.216518,2.42992,1.34769,1.10856,2.88557,0.42336,0,0.42336,460.49,0,0.561851,0,0,0.778369,0.216518,1.028160,1,0,9.34859,0,0,0,9.34859,0
3.02642,2.19117,0,0,1.3151,0.108072,0.36288,3.6288,32.7315,1.23443,0,0,0.309593,0.169214,0,0.66528,12.849,1,0.84672,0.36288,0,14.917,4.51804,9.91507,0.84672,12.849,0.84672,3695.15,0,0,0,0.216518,2.33973,1.47068,1.10561,2.92132,0.42336,0,0.42336,460.49,0,0.459011,0,0,0.67553,0.216518,1.028160,1,0,12.8364,0,0,0,12.8364,0
1.90385,2.19194,0,0,1.53502,0.102767,0.36288,3.6288,32.5061,0.66528,0,0,0.607111,0.167235,0,0.66528,12.849,1,0.84672,0.36288,0,17.3633,4.51804,12.3614,0.84672,12.849,0.84672,3695.15,0,0,0,0.534165,2.34023,2.33503,1.10561,4.10381,0.42336,0,0.42336,460.49,0,1.02816,0,0,1.56233,0.534165,1.028160,1,0,16.4652,0,0,0,16.4652,0
3.6354,1.90385,0,0,4.09663,0.0983459,0.36288,3.6288,33.1608,0.66528,0,0,1.48678,0.166827,0,0.66528,12.849,1,0.84672,0.36288,0,51.028,4.51804,46.0261,0.84672,12.849,0.84672,3695.15,0,0,0,1.89496,2.34072,4.40845,1.10561,7.53852,0.42336,0,0.42336,460.49,0,1.02816,0,0,2.92312,1.89496,1.028160,1,0,53.5647,0,0,0,53.5647,0
5.38921,1.94174,0,0,4.17563,0.117206,0.36288,3.6288,33.5217,0.702968,0,0,1.21215,0.148216,0,0.66528,12.849,1,0.84672,0.36288,0,47.5467,4.03632,43.0265,0.84672,12.849,0.84672,3695.15,0,0,0,0.292723,2.34122,3.20136,0.95934,4.87597,0.42336,0,0.42336,460.49,0,0.990472,0,0,1.2832,0.292723,1.028160,1,0,47.9025,0,0,0,47.9025,0
8.80142,1.94246,0,0,5.82584,0.10829,0.36288,3.6288,34.8692,0.66528,0,0,2.17699,0.164213,0,0.66528,12.849,1,0.84672,0.36288,0,75.5545,3.97467,71.096,0.84672,12.849,0.84672,3695.15,0,0,0,2.33569,2.14003,4.83678,0.917346,8.39515,0.42336,0,0.42336,460.49,0,1.02816,0,0,3.36385,2.33569,1.028160,1,0,79.4911,0,0,0,79.4911,0
10.2297,1.94317,0,0,3.85474,0.120434,0.36288,3.6288,35.2942,0.66528,0,0,1.25674,0.166463,0,0.66528,12.849,1,0.84672,0.36288,0,41.8299,3.97467,37.3714,0.84672,12.849,0.84672,3695.15,0,0,0,0.632439,2.14048,4.04413,0.917346,5.89971,0.42336,0,0.42336,460.49,0,1.02816,0,0,1.6606,0.632439,1.028160,1,0,43.2711,0,0,0,43.2711,0
13.045,1.94389,0,0,5.2604,0.138327,0.36288,3.6288,36.0741,0.66528,0,0,1.63382,0.188654,0,0.66528,12.849,1,0.84672,0.36288,0,48.4981,4.5461,43.4682,0.84672,12.849,0.84672,3695.15,0,0,0,1.20374,2.14093,5.90635,1.0956,8.15542,0.42336,0,0.42336,460.49,0,1.02816,0,0,2.2319,1.20374,1.028160,1,0,51.6236,0,0,0,51.6236,0
15.2657,1.9446,0,0,4.68119,0.152995,0.36288,3.6288,36.7721,0.66528,0,0,1.56206,0.198764,0,0.66528,12.849,1,0.84672,0.36288,0,74.298,4.77467,69.0394,0.84672,12.849,0.84672,3695.15,0,0,0,0.967775,2.14139,5.72511,1.1669,7.66736,0.42336,0,0.42336,460.49,0,1.02816,0,0,1.99594,0.967775,1.028160,1,0,76.7068,0,0,0,76.7068,0
16.9034,2.04223,0,0,4.20138,0.1585,0.36288,3.6288,36.485,0.847964,0,0,0.753162,0.19234,0,0.66528,12.849,1,0.84672,0.36288,0,53.628,5.10901,48.0352,0.84672,12.849,0.84672,3695.15,0,0,0,0.412474,2.14184,2.83047,1.13682,4.24797,0.42336,0,0.42336,460.49,0,0.845476,0,0,1.25795,0.412474,1.028160,1,0,52.2832,0,0,0,52.2832,0
19.6325,2.04294,0,0,5.29781,0.162943,0.36288,3.6288,36.1257,0.959498,0,0,0.790724,0.190512,0,0.66528,12.849,1,0.84672,0.36288,0,77.6848,5.16474,72.0362,0.84672,12.849,0.84672,3695.15,0,0,0,0.503194,2.20524,2.42827,1.1318,4.00491,0.42336,0,0.42336,460.49,0,0.733942,0,0,1.23714,0.503194,1.028160,1,0,76.0412,0,0,0,76.0412,0
25.969,2.04364,0,0,8.91237,0.169397,0.36288,3.6288,37.1153,0.66528,0,0,1.84468,0.189846,0,0.66528,12.849,1,0.84672,0.36288,0,89.8059,5.16474,84.1573,0.84672,12.849,0.84672,3695.15,0,0,0,2.7911,2.20569,8.17579,1.1318,12.0408,0.42336,0,0.42336,460.49,0,1.02816,0,0,3.81926,2.7911,1.028160,1,0,96.1981,0,0,0,96.1981,0
30.2236,2.04434,0,0,6.82781,0.165928,0.36288,3.6288,38.2841,0.66528,0,0,2.02875,0.194628,0,0.66528,12.849,1,0.84672,0.36288,0,98.7578,4.83231,93.4416,0.84672,12.849,0.84672,3695.15,0,0,0,0.747274,2.20614,5.87393,1.18845,7.63889,0.42336,0,0.42336,460.49,0,1.02816,0,0,1.77543,0.747274,1.028160,1,0,101.081,0,0,0,101.081,0
33.2707,2.35659,0,0,5.9653,0.198741,0.36288,3.6288,39.0346,0.66528,0,0,1.59753,0.181735,0,0.66528,12.849,1,0.84672,0.36288,0,86.4095,4.59381,81.3319,0.84672,12.849,0.84672,3695.15,0,0,0,1.12882,2.20658,4.41178,1.08542,6.66176,0.42336,0,0.42336,460.49,0,1.02816,0,0,2.15698,1.12882,1.028160,1,0,87.9936,0,0,0,87.9936,0
35.9653,2.35737,0,0,5.65311,0.23825,0.36288,3.6288,39.6927,0.66528,0,0,1.48613,0.162772,0,0.66528,12.849,1,0.84672,0.36288,0,75.5482,4.27581,70.7885,0.84672,12.849,0.84672,3695.15,0,0,0,1.33606,2.43373,4.70701,0.948048,7.52874,0.42336,0,0.42336,460.49,0,1.02816,0,0,2.36422,1.33606,1.028160,1,0,78.3173,0,0,0,78.3173,0
37.1501,2.36127,0,0,4.1493,0.240384,0.36288,3.6288,39.5616,0.793567,0,0,0.828251,0.165798,0,0.66528,12.849,1,0.843589,0.36288,0,56.404,4.29126,51.632,0.84672,12.849,0.84672,3695.15,0,0,0,0.608429,2.43422,3.92676,0.964514,6.0049,0.42336,0,0.42336,460.49,0,0.899873,0,0,1.5083,0.608429,1.028160,1,0,57.6369,0,0,0,57.6369,0
38.218,2.38183,0,0,4.02102,0.208381,0.36288,3.6288,39.6996,0.66528,0,0,0.980983,0.177638,0,0.66528,12.849,1,0.823798,0.36288,0,83.5531,4.38396,78.7082,0.84672,12.849,0.84672,3695.15,0,0,0,0.913499,2.43472,4.2188,1.0633,6.50371,0.42336,0,0.42336,460.49,0,1.02816,0,0,1.94166,0.913499,1.028160,1,0,85.212,0,0,0,85.212,0
42.2277,2.06678,0,0,6.67315,0.233763,0.36288,3.6288,42.6542,0.66528,0,0,3.77856,0.158727,0,0.66528,12.849,1,0.694857,0.36288,0,102.844,3.88235,98.6293,0.84672,12.849,0.84672,3695.15,0,0,0,2.64307,2.43521,8.65648,0.970697,12.7641,0.42336,0,0.42336,460.49,0,1.02816,0,0,3.67123,2.64307,1.028160,1,0,111.393,0,0,0,111.393,0
48.0215,2.11788,0,0,8.55135,0.276801,0.36288,3.6288,46.9943,0.66528,0,0,5.14248,0.137056,0,0.66528,12.849,1,0.644427,0.36288,0,154.969,3.21352,151.474,0.84672,12.849,0.84672,3695.15,0,0,0,3.91904,2.12629,12.1903,0.84722,17.3885,0.42336,0,0.42336,460.49,0,1.02816,0,0,4.9472,3.91904,1.028160,1,0,168.862,0,0,0,168.862,0
50.9865,2.17975,0,0,5.79402,0.286387,0.36288,3.6288,49.7454,0.66528,0,0,3.55362,0.137297,0,0.66528,12.849,1,0.583231,0.36288,0,125.012,3.12633,121.665,0.84672,12.849,0.84672,3695.15,0,0,0,3.06772,2.12672,11.0087,0.834695,15.3684,0.42336,0,0.42336,460.49,0,1.02816,0,0,4.09588,3.06772,1.028160,1,0,137.034,0,0,0,137.034,0
56.0538,2.20738,0,0,7.87682,0.239307,0.36288,3.6288,53.2088,0.66528,0,0,4.23585,0.107196,0,0.66528,12.849,1,0.556277,0.36288,0,127.893,2.60316,125.096,0.84672,12.849,0.84672,3695.15,0,0,0,3.82871,2.12715,11.7989,0.759542,16.9952,0.42336,0,0.42336,460.49,0,1.02816,0,0,4.85687,3.82871,1.028160,1,0,142.091,0,0,0,142.091,0
61.4597,2.24884,0,0,8.26963,0.251998,0.36288,3.6288,58.7244,0.66528,0,0,6.29122,0.110245,0,0.66528,12.849,1,0.515493,0.36288,0,151.553,2.60316,148.798,0.84672,12.849,0.84672,3695.15,0,0,0,4.41063,2.12757,11.9397,0.759542,17.7184,0.42336,0,0.42336,460.49,0,1.02816,0,0,5.43879,4.41063,1.028160,1,0,166.516,0,0,0,166.516,0
63.9113,2.3796,0,0,5.45422,0.260105,0.36288,3.6288,61.308,0.66528,0,0,3.51242,0.173408,0.0901762,0.66528,12.849,1,0.497487,0.36288,0,80.9948,3.36819,77.492,0.84672,12.849,0.84672,3695.15,0,0,0,2.43551,2.128,6.81077,0.907103,10.4672,0.42336,0,0.42336,460.49,0,1.02816,0,0,3.46367,2.43551,1.028160,1,0,88.0494,0,0,0,88.0494,0
65.4697,2.39607,0,0,4.58274,0.265377,0.36288,3.6288,61.308,0.66528,0,0,3.4042,0.176287,2.56264,0.66528,12.849,1,0.481715,0.36288,0,96.2418,3.36819,92.7548,0.84672,12.849,0.84672,3695.15,0,0,0,2.78292,2.2048,6.76528,0.907103,10.8459,0.42336,0,0.42336,460.49,0,1.02816,0,0,3.81108,2.78292,1.028160,1,0,106.163,0,0,0,106.163,0
67.5277,2.40624,0,0,5.09579,0.268728,0.36288,3.6288,61.308,0.66528,0,0,4.06567,0.176287,3.22411,0.66528,12.849,1,0.472244,0.36288,0,108.904,3.36819,105.426,0.84672,12.849,0.84672,3695.15,0,0,0,2.50839,2.20525,7.23067,0.907103,11.0372,0.42336,0,0.42336,460.49,0,1.02816,0,0,3.53655,2.50839,1.028160,1,0,119.688,0,0,0,119.688,0
68.4642,2.67297,0,0,4.24553,0.273153,0.36288,3.6288,61.308,0.66528,0,0,3.49251,0.176287,2.65095,0.66528,12.849,1,0.508607,0.36288,0,81.3689,3.36819,77.855,0.84672,12.849,0.84672,3695.15,0,0,0,2.5126,2.20569,5.42569,0.907103,9.23688,0.42336,0,0.42336,460.49,0,1.02816,0,0,3.54076,2.5126,1.028160,1,0,89.7428,0,0,0,89.7428,0
68.657,2.64249,0,0,3.43037,0.232217,0.36288,3.6288,61.308,0.66528,0,0,1.57958,0.177615,0.736687,0.66528,12.849,1,0.495928,0.36288,0,63.6428,3.78408,59.7257,0.84672,12.849,0.84672,3695.15,0,0,0,1.12952,2.02917,3.68537,0.969105,5.87496,0.42336,0,0.42336,460.49,0,1.02816,0,0,2.15768,1.12952,1.028160,1,0,66.3374,0,0,0,66.3374,0
68.3793,2.64424,0,0,2.9929,0.263498,0.36288,3.6288,61.308,0.66528,0,0,1.08863,0.198846,0.224505,0.66528,12.849,1,0.494864,0.36288,0,53.3491,4.14844,49.0686,0.84672,12.849,0.84672,3695.15,0,0,0,0.777635,1.99988,3.20472,1.0166,4.96564,0.42336,0,0.42336,460.49,0,1.02816,0,0,1.80579,0.777635,1.028160,1,0,54.2588,0,0,0,54.2588,0
67.9508,2.64313,0,0,2.74504,0.167531,0.36288,3.6288,61.308,0.66528,0,0,0.932247,0.244624,0.0223434,0.66528,12.849,1,0.496665,0.36288,0,48.7041,4.55206,44.0183,0.84672,12.849,0.84672,3695.15,0,0,0,0.632586,2.00032,2.98673,1.0407,4.57893,0.42336,0,0.42336,460.49,0,1.02816,0,0,1.66075,0.632586,1.028160,1,0,48.6195,0,0,0,48.6195,0
67.4503,2.64108,0,0,2.67042,0.16697,0.36288,3.6288,61.308,0.66528,0,0,1.0283,0.244624,0.118394,0.66528,12.849,1,0.499409,0.36288,0,47.0706,4.55206,42.382,0.84672,12.849,0.84672,3695.15,0,0,0,0.814908,2.00076,3.46295,1.0407,5.23791,0.42336,0,0.42336,460.49,0,1.02816,0,0,1.84307,0.814908,1.028160,1,0,47.7383,0,0,0,47.7383,0
66.5876,2.76371,0,0,2.43127,0.167361,0.36288,3.6288,61.3041,0.66528,0,0,0.905316,0.243972,0,0.66528,12.849,1,0.526475,0.36288,0,42.0666,4.54634,37.3567,0.84672,12.849,0.84672,3695.15,0,0,0,0.467942,2.0012,2.8297,1.03712,4.26172,0.42336,0,0.42336,460.49,0,1.02816,0,0,1.4961,0.467942,1.028160,1,0,41.6184,0,0,0,41.6184,0
65.417,2.7586,0,0,2.08903,0.138133,0.36288,3.6288,60.9303,0.86692,0,0,0.718243,0.225038,0,0.66528,12.849,1,0.53231,0.36288,0,35.4493,4.02759,31.2523,0.84672,12.849,0.84672,3695.15,0,0,0,0.402797,2.10595,2.23863,1.0202,3.72719,0.42336,0,0.42336,460.49,0,0.82652,0,0,1.22932,0.402797,1.028160,1,0,34.9795,0,0,0,34.9795,0
64.1204,2.75124,0,0,1.93269,0.115208,0.36288,3.6288,60.6677,0.762929,0,0,0.730166,0.229848,0,0.66528,12.849,1,0.54039,0.36288,0,32.1148,4.19013,27.7472,0.84672,12.849,0.84672,3695.15,0,0,0,0.30119,2.10642,2.20889,0.990108,3.62638,0.42336,0,0.42336,460.49,0,0.930511,0,0,1.2317,0.30119,1.028160,1,0,31.3735,0,0,0,31.3735,0
62.7732,2.74274,0,0,1.87248,0.114013,0.36288,3.6288,60.3956,0.807754,0,0,0.765115,0.229466,0,0.66528,12.849,1,0.549614,0.36288,0,30.4725,4.19013,26.0956,0.84672,12.849,0.84672,3695.15,0,0,0,0.30119,2.10688,2.29295,0.990108,3.71091,0.42336,0,0.42336,460.49,0,0.885686,0,0,1.18688,0.30119,1.028160,1,0,29.8066,0,0,0,29.8066,0
61.3176,2.73355,0,0,1.75357,0.11277,0.36288,3.6288,59.957,0.915443,0,0,0.705836,0.22907,0,0.66528,12.849,1,0.559528,0.36288,0,28.5615,4.19013,24.1747,0.84672,12.849,0.84672,3695.15,0,0,0,0.30119,2.10734,2.07757,0.990108,3.49599,0.42336,0,0.42336,460.49,0,0.777997,0,0,1.07919,0.30119,1.028160,1,0,27.6707,0,0,0,27.6707,0
60.1723,2.69878,0,0,2.02046,0.104113,0.36288,3.6288,59.3406,0.933448,0,0,0.570123,0.253012,0,0.66528,12.849,1,0.565524,0.36288,0,33.389,4.49211,28.6943,0.84672,12.849,0.84672,3695.15,0,0,0,0.30119,2.1078,2.14581,1.16036,3.39445,0.42336,0,0.42336,460.49,0,0.759992,0,0,1.06118,0.30119,1.028160,1,0,32.0887,0,0,0,32.0887,0
59.1327,2.44131,0,0,1.86778,0.103109,0.36288,3.6288,58.7283,0.911477,0,0,0.551182,0.252018,0,0.66528,12.849,1,0.521309,0.36288,0,33.1874,4.49211,28.5368,0.84672,12.849,0.84672,3695.15,0,0,0,0.261274,2.14477,2.17585,1.16036,3.42154,0.42336,0,0.42336,460.49,0,0.781963,0,0,1.04324,0.261274,1.028160,1,0,31.9584,0,0,0,31.9584,0
57.9291,2.43437,0,0,1.69563,0.102086,0.36288,3.6288,57.9841,1.01383,0,0,0.520695,0.25103,0,0.66528,12.849,1,0.528965,0.36288,0,32.2009,4.49211,27.5427,0.84672,12.849,0.84672,3695.15,0,0,0,0.261274,2.32221,2.04528,1.16036,3.4684,0.42336,0,0.42336,460.49,0,0.679614,0,0,0.940887,0.261274,1.028160,1,0,31.0111,0,0,0,31.0111,0
56.6004,2.42596,0,0,1.55263,0.0924427,0.36288,3.6288,57.156,1.05244,0,0,0.495572,0.271306,0,0.66528,12.849,1,0.538092,0.36288,0,28.3973,4.77441,23.4477,0.84672,12.849,0.84672,3695.15,0,0,0,0.261274,2.32268,1.98627,1.2634,3.30682,0.42336,0,0.42336,460.49,0,0.641002,0,0,0.902275,0.261274,1.028160,1,0,26.7545,0,0,0,26.7545,0
55.3091,2.47839,0,0,1.6242,0.0741914,0.36288,3.6288,56.3087,1.04648,0,0,0.512956,0.313748,0,0.66528,12.849,1,0.562626,0.36288,0,28.2519,5.50722,22.5449,0.84672,12.849,0.84672,3695.15,0,0,0,0.261274,2.32315,1.91303,1.51368,2.98377,0.42336,0,0.42336,460.49,0,0.646963,0,0,0.908237,0.261274,1.028160,1,0,25.5287,0,0,0,25.5287,0
54.0445,2.46833,0,0,1.64261,0.0760715,0.36288,3.6288,55.5178,1.02387,0,0,0.537912,0.304927,0,0.66528,12.849,1,0.573423,0.36288,0,28.0292,5.52752,22.2911,0.84672,12.849,0.84672,3695.15,0,0,0,0.261274,2.3754,1.88224,1.50819,3.01073,0.42336,0,0.42336,460.49,0,0.669574,0,0,0.930848,0.261274,1.028160,1,0,25.3019,0,0,0,25.3019,0
52.6259,2.45808,0,0,1.47749,0.0751083,0.36288,3.6288,54.6993,1.01972,0,0,0.504556,0.303353,0,0.66528,12.849,1,0.584405,0.36288,0,26.416,5.52752,20.667,0.84672,12.849,0.84672,3695.15,0,0,0,0.227405,2.37588,1.92151,1.50819,3.01661,0.42336,0,0.42336,460.49,0,0.673721,0,0,0.901126,0.227405,1.028160,1,0,23.6836,0,0,0,23.6836,0
51.0876,2.44601,0,0,1.34459,0.0740278,0.36288,3.6288,53.7768,1.10484,0,0,0.484041,0.301723,0,0.66528,12.849,1,0.597211,0.36288,0,24.8114,5.52752,19.0496,0.84672,12.849,0.84672,3695.15,0,0,0,0.227405,2.37637,1.78636,1.50819,2.88195,0.42336,0,0.42336,460.49,0,0.5886,0,0,0.816005,0.227405,1.028160,1,0,21.9315,0,0,0,21.9315,0
49.2436,2.6108,0,0,1.19439,0.0646441,0.36288,3.6288,52.8477,1.10921,0,0,0.487902,0.307806,0,0.66528,12.849,1,0.65664,0.36288,0,23.7779,5.76819,17.7159,0.84672,12.849,0.84672,3695.15,0,0,0,0.227405,2.37685,1.89691,1.53329,2.96787,0.42336,0,0.42336,460.49,0,0.584228,0,0,0.811633,0.227405,1.028160,1,0,20.6838,0,0,0,20.6838,0
47.3264,2.6554,0,0,1.19978,0.0987719,0.36288,3.6288,52.0306,1.05387,0,0,0.538233,0.301403,0,0.66528,12.849,1,0.692867,0.36288,0,22.887,5.64197,16.9151,0.84672,12.849,0.84672,3695.15,0,0,0,0.227405,2.55467,2.381,1.37019,3.79288,0.42336,0,0.42336,460.49,0,0.639567,0,0,0.866972,0.227405,1.028160,1,0,20.7079,0,0,0,20.7079,0
45.3233,2.63433,0,0,1.09083,0.0967332,0.36288,3.6288,51.1331,1.10266,0,0,0.504582,0.29943,0,0.66528,12.849,1,0.715214,0.36288,0,20.6569,5.64197,14.6626,0.84672,12.849,0.84672,3695.15,0,0,0,0.204422,2.50834,1.71248,1.37019,3.05506,0.42336,0,0.42336,460.49,0,0.590777,0,0,0.7952,0.204422,1.028160,1,0,17.7177,0,0,0,17.7177,0
43.2031,2.61069,0,0,0.94805,0.0946031,0.36288,3.6288,50.1008,1.17349,0,0,0.438465,0.297264,0,0.66528,12.849,1,0.740122,0.36288,0,17.836,5.64197,11.8168,0.84672,12.849,0.84672,3695.15,0,0,0,0.204422,2.50858,1.5665,1.37019,2.90931,0.42336,0,0.42336,460.49,0,0.519947,0,0,0.72437,0.204422,1.028160,1,0,14.7261,0,0,0,14.7261,0
41.1552,2.58367,0,0,0.990973,0.0923486,0.36288,3.6288,49.0397,1.19162,0,0,0.425282,0.294772,0,0.66528,12.849,1,0.768407,0.36288,0,20.133,5.64197,14.0855,0.84672,12.849,0.84672,3695.15,0,0,0,0.204422,2.50882,1.55269,1.37019,2.89574,0.42336,0,0.42336,460.49,0,0.50182,0,0,0.706242,0.204422,1.028160,1,0,16.9813,0,0,0,16.9813,0
40.1269,2.4724,0,0,1.92962,0.12265,0.36288,3.6288,48.6406,0.850401,0,0,0.721829,0.270527,0,0.66528,12.849,1,0.771905,0.36288,0,29.6884,5.46441,23.815,0.84672,12.849,0.84672,3695.15,0,0,0,0.204422,2.50906,3.22744,1.1754,4.76552,0.42336,0,0.42336,460.49,0,0.843039,0,0,1.04746,0.204422,1.028160,1,0,28.5805,0,0,0,28.5805,0
39.0348,2.39589,0,0,1.78883,0.122155,0.36288,3.6288,48.7752,0.66528,0,0,1.06705,0.267176,0,0.66528,12.849,1,0.767186,0.36288,0,26.4509,5.46945,20.5772,0.84672,12.849,0.84672,3695.15,0,0,0,0.724283,2.40656,3.77782,1.14718,5.76148,0.42336,0,0.42336,460.49,0,1.02816,0,0,1.75244,0.724283,1.028160,1,0,26.3387,0,0,0,26.3387,0
37.749,2.38031,0,0,1.57804,0.120612,0.36288,3.6288,48.2596,0.848871,0,0,0.600753,0.267474,0,0.66528,12.849,1,0.783523,0.36288,0,27.3991,5.46945,21.509,0.84672,12.849,0.84672,3695.15,0,0,0,0.216518,2.45504,2.83302,1.14718,4.3574,0.42336,0,0.42336,460.49,0,0.844569,0,0,1.06109,0.216518,1.028160,1,0,25.8664,0,0,0,25.8664,0
36.2454,2.36097,0,0,1.33904,0.118818,0.36288,3.6288,47.5956,0.945276,0,0,0.547616,0.266333,0,0.66528,12.849,1,0.803626,0.36288,0,25.3175,5.46945,19.4073,0.84672,12.849,0.84672,3695.15,0,0,0,0.216518,2.45554,2.69574,1.14718,4.22062,0.42336,0,0.42336,460.49,0,0.748164,0,0,0.964682,0.216518,1.028160,1,0,23.628,0,0,0,23.628,0
35.2751,2.27078,0,0,1.80886,0.14554,0.36288,3.6288,47.3269,0.789618,0,0,0.719127,0.198212,0,0.66528,12.849,1,0.804993,0.36288,0,29.6607,4.73269,24.4859,0.84672,12.849,0.84672,3695.15,0,0,0,0.216518,2.45604,3.10297,1.02057,4.75495,0.42336,0,0.42336,460.49,0,0.903822,0,0,1.12034,0.216518,1.028160,1,0,29.2408,0,0,0,29.2408,0
34.0866,2.2551,0,0,1.53458,0.105098,0.36288,3.6288,46.8472,0.858989,0,0,0.557698,0.178475,0,0.66528,12.849,1,0.821422,0.36288,0,20.23,4.63467,15.1368,0.84672,12.849,0.84672,3695.15,0,0,0,0.216518,2.36477,3.18914,1.19682,4.5736,0.42336,0,0.42336,460.49,0,0.834451,0,0,1.05097,0.216518,1.028160,1,0,19.7104,0,0,0,19.7104,0
33.5254,2.23483,0,0,2.20792,0.171345,0.36288,3.6288,46.8654,0.701482,0,0,0.908063,0.188313,0,0.66528,12.849,1,0.842425,0.36288,0,31.6721,4.78191,26.4106,0.84672,12.849,0.84672,3695.15,0,0,0,0.292723,2.36524,3.19664,1.20481,4.64981,0.42336,0,0.42336,460.49,0,0.991958,0,0,1.28468,0.292723,1.028160,1,0,31.0604,0,0,0,31.0604,0
35.1226,2.23128,0,0,4.36152,0.170165,0.36288,3.6288,47.2378,0.66528,0,0,1.22597,0.188341,0,0.66528,12.849,1,0.84672,0.36288,0,55.3904,4.78191,50.1246,0.84672,12.849,0.84672,3695.15,0,0,0,0.899234,2.36572,6.54069,1.20481,8.60084,0.42336,0,0.42336,460.49,0,1.02816,0,0,1.92739,0.899234,1.028160,1,0,58.7254,0,0,0,58.7254,0
36.3652,2.06768,0,0,3.8461,0.17294,0.36288,3.6288,47.3375,0.66528,0,0,0.953519,0.188529,0,0.66528,12.849,1,0.756424,0.36288,0,73.7173,4.7198,68.604,0.84672,12.849,0.84672,3695.15,0,0,0,0.966185,2.3662,5.80966,1.16252,7.97952,0.42336,0,0.42336,460.49,0,1.02816,0,0,1.99435,0.966185,1.028160,1,0,76.5835,0,0,0,76.5835,0
36.961,2.08728,0,0,3.21446,0.168512,0.36288,3.6288,47.3347,0.66528,0,0,0.903899,0.241411,0,0.66528,12.849,1,0.737504,0.36288,0,80.2941,4.30946,75.61,0.84672,12.849,0.84672,3695.15,0,0,0,0.8276,2.16266,3.27558,1.00337,5.26247,0.42336,0,0.42336,460.49,0,1.02816,0,0,1.85576,0.8276,1.028160,1,0,80.8725,0,0,0,80.8725,0
38.3781,2.09661,0,0,4.06465,0.188113,0.36288,3.6288,47.4184,0.66528,0,0,0.942443,0.193477,0,0.66528,12.849,1,0.728859,0.36288,0,95.7217,3.96634,91.3894,0.84672,12.849,0.84672,3695.15,0,0,0,1.14386,2.1631,4.80299,0.975533,7.13441,0.42336,0,0.42336,460.49,0,1.02816,0,0,2.17202,1.14386,1.028160,1,0,98.5238,0,0,0,98.5238,0
39.6774,2.11729,0,0,3.97884,0.199327,0.36288,3.6288,47.6885,0.66528,0,0,1.101,0.165599,0,0.66528,12.849,1,0.708869,0.36288,0,118.768,3.83512,114.587,0.84672,12.849,0.84672,3695.15,0,0,0,1.26585,2.16353,5.83683,0.949271,8.31694,0.42336,0,0.42336,460.49,0,1.02816,0,0,2.29401,1.26585,1.028160,1,0,122.904,0,0,0,122.904,0
44.1954,2.13534,0,0,7.21857,0.202345,0.36288,3.6288,49.5255,0.66528,0,0,2.66827,0.165974,0,0.66528,12.849,1,0.691502,0.36288,0,165.212,3.83512,161.049,0.84672,12.849,0.84672,3695.15,0,0,0,3.97079,2.16397,10.7642,0.949271,15.9497,0.42336,0,0.42336,460.49,0,1.02816,0,0,4.99895,3.97079,1.028160,1,0,176.998,0,0,0,176.998,0
48.6254,2.26659,0,0,7.27555,0.216131,0.36288,3.6288,49.975,0.66528,0,0,1.31098,0.196225,0,0.66528,12.849,1,0.658969,0.36288,0,138.026,4.46603,133.264,0.84672,12.849,0.84672,3695.15,0,0,0,1.85617,2.1644,10.4852,1.04351,13.4622,0.42336,0,0.42336,460.49,0,1.02816,0,0,2.88433,1.85617,1.028160,1,0,146.726,0,0,0,146.726,0
58.3459,2.31461,0,0,12.6262,0.228219,0.36288,3.6288,52.2565,0.66528,0,0,3.15484,0.208073,0,0.66528,12.849,1,0.611623,0.36288,0,159.106,4.71839,154.139,0.84672,12.849,0.84672,3695.15,0,0,0,3.91395,2.22851,18.351,1.08121,23.4123,0.42336,0,0.42336,460.49,0,1.02816,0,0,4.94211,3.91395,1.028160,1,0,177.552,0,0,0,177.552,0
67.7814,2.39867,0,0,12.449,0.252047,0.36288,3.6288,55.7036,0.66528,0,0,4.32435,0.211965,0,0.66528,12.849,1,0.528237,0.36288,0,303.852,4.71839,298.969,0.84672,12.849,0.84672,3695.15,0,0,0,4.70109,2.22894,19.9976,1.08121,25.8464,0.42336,0,0.42336,460.49,0,1.02816,0,0,5.72925,4.70109,1.028160,1,0,324.815,0,0,0,324.815,0
72.29,2.71526,0,0,9.24938,0.272875,1.7526,3.6288,57.7895,0.66528,0,0,2.96851,0.217317,0,0.66528,12.849,1,0.514719,1.7526,0,185.623,4.71839,182.143,0.84672,12.849,0.84672,3695.15,0,0,0,3.52913,2.22936,16.2608,1.08121,20.9381,0.42336,0,0.42336,460.49,0,1.02816,0,0,4.55729,3.52913,1.028160,1,0,203.081,0,0,0,203.081,0
72.29,3.01064,0,0,9.87094,0.303578,6.55673,3.6288,60.4027,0.66528,0,0,3.46009,0.181613,0,0.66528,12.849,1,0.535118,6.55673,0,210.146,4.04787,212.12,0.84672,12.849,0.84672,3695.15,0,0,0,3.47956,2.05282,17.5522,0.963567,22.121,0.42336,0,0.42336,460.49,0,1.02816,0,0,4.50772,3.47956,1.028160,1,0,234.241,0,0,0,234.241,0
72.29,3.01126,0,0,12.1748,0.288507,8.87503,3.6288,61.308,0.66528,0,0,4.77095,0.156868,3.04348,0.66528,12.849,1,0.53523,8.87503,0,220.44,3.74262,225.037,0.84672,12.849,0.84672,3695.15,0,0,0,4.0554,2.28254,21.5722,1.01771,26.8924,0.42336,0,0.42336,460.49,0,1.02816,0,0,5.08356,4.0554,1.028160,1,0,254.973,0,0,0,254.973,0
72.29,3.01189,0,0,12.9221,0.288507,9.62167,3.6288,61.308,0.66528,0,0,6.14765,0.157771,5.3246,0.66528,12.849,1,0.535341,9.62167,0,235.286,3.74262,240.63,0.84672,12.849,0.84672,3695.15,0,0,0,5.01,2.28301,26.9955,1.01771,33.2708,0.42336,0,0.42336,460.49,0,1.02816,0,0,6.03816,5.01,1.028160,1,0,279.225,0,0,0,279.225,0
72.29,3.01252,0,0,12.2865,0.28591,8.98808,3.6288,61.308,0.66528,0,0,6.47827,0.163304,5.64969,0.66528,12.849,1,0.535452,8.98808,0,211.15,3.87366,215.728,0.84672,12.849,0.84672,3695.15,0,0,0,5.79381,2.28349,26.6725,1.05871,33.6911,0.42336,0,0.42336,460.49,0,1.02816,0,0,6.82197,5.79381,1.028160,1,0,255.069,0,0,0,255.069,0
72.29,2.63121,0,0,10.3496,0.308996,7.40939,3.6288,61.308,0.66528,0,0,4.51257,0.152985,3.6943,0.66528,12.849,1,0.467677,7.40939,0,178.216,4.10775,181.05,0.84672,12.849,0.84672,3695.15,0,0,0,4.26361,2.28396,22.1003,1.10625,27.5416,0.42336,0,0.42336,460.49,0,1.02816,0,0,5.29177,4.26361,1.028160,1,0,212.285,0,0,0,212.285,0
72.29,2.63176,0,0,5.81579,0.291012,2.89302,3.6288,61.308,0.66528,0,0,2.08866,0.0991286,1.32425,0.66528,12.849,1,0.467775,2.89302,0,153.402,3.18413,152.643,0.84672,12.849,0.84672,3695.15,0,0,0,2.42065,1.97149,9.18786,0.894089,12.6859,0.42336,0,0.42336,460.49,0,1.02816,0,0,3.44881,2.42065,1.028160,1,0,166.654,0,0,0,166.654,0
72.29,2.6323,0,0,5.05049,0.291012,2.12718,3.6288,61.308,0.66528,0,0,1.85754,0.0991286,1.09313,0.66528,12.849,1,0.467872,2.12718,0,127.488,3.18413,125.963,0.84672,12.849,0.84672,3695.15,0,0,0,2.22455,1.9719,8.13542,0.894089,11.4378,0.42336,0,0.42336,460.49,0,1.02816,0,0,3.25271,2.22455,1.028160,1,0,138.494,0,0,0,138.494,0
72.29,2.63285,0,0,5.87988,0.291012,2.95602,3.6288,61.308,0.66528,0,0,1.89586,0.0991286,1.13145,0.66528,12.849,1,0.467969,2.95602,0,143.202,3.18413,142.506,0.84672,12.849,0.84672,3695.15,0,0,0,2.6554,1.97231,9.87785,0.894089,13.6115,0.42336,0,0.42336,460.49,0,1.02816,0,0,3.68356,2.6554,1.028160,1,0,157.249,0,0,0,157.249,0
72.29,2.6334,0,0,6.6792,0.290329,3.75548,3.6288,61.308,0.66528,0,0,2.01588,0.0934015,1.25719,0.66528,12.849,1,0.468067,3.75548,0,170.136,3.09447,170.329,0.84672,12.849,0.84672,3695.15,0,0,0,2.74419,1.97272,9.8947,0.878734,13.7329,0.42336,0,0.42336,460.49,0,1.02816,0,0,3.77235,2.74419,1.028160,1,0,185.319,0,0,0,185.319,0
72.29,2.73018,0,0,4.38092,0.320788,1.32995,3.6288,61.308,0.66528,0,0,1.46837,0.111219,0.691869,0.66528,12.849,1,0.48527,1.32995,0,107.035,2.78757,105.092,0.84672,12.849,0.84672,3695.15,0,0,0,2.09484,1.97314,6.75794,0.889866,9.93605,0.42336,0,0.42336,460.49,0,1.02816,0,0,3.123,2.09484,1.028160,1,0,115.72,0,0,0,115.72,0
72.29,2.73075,0,0,5.02038,0.326548,1.96308,3.6288,61.308,0.66528,0,0,2.25203,0.119915,1.46684,0.66528,12.849,1,0.485371,1.96308,0,117.527,2.82607,116.179,0.84672,12.849,0.84672,3695.15,0,0,0,2.39415,2.05078,6.69198,0.907076,10.2298,0.42336,0,0.42336,460.49,0,1.02816,0,0,3.42231,2.39415,1.028160,1,0,127.876,0,0,0,127.876,0
72.29,2.73132,0,0,3.54001,0.326548,0.482139,3.6288,61.308,0.66528,0,0,1.15529,0.119915,0.370094,0.66528,12.849,1,0.485471,0.482139,0,80.4099,2.82607,77.5805,0.84672,12.849,0.84672,3695.15,0,0,0,1.20175,2.05121,5.17743,0.907076,7.52332,0.42336,0,0.42336,460.49,0,1.02816,0,0,2.22991,1.20175,1.028160,1,0,85.4739,0,0,0,85.4739,0
72.0733,2.73189,0,0,3.19568,0.31762,0.36288,3.6288,61.308,0.66528,0,0,1.2657,0.124673,0.475747,0.66528,12.849,1,0.485572,0.36288,0,87.6148,2.88424,84.6078,0.84672,12.849,0.84672,3695.15,0,0,0,1.2698,2.05163,5.41758,0.918526,7.82049,0.42336,0,0.42336,460.49,0,1.02816,0,0,2.29796,1.2698,1.028160,1,0,92.9041,0,0,0,92.9041,0
72.29,2.69357,0,0,4.00461,0.265974,0.828348,3.6288,61.308,0.66528,0,0,1.86126,0.169887,1.0261,0.66528,12.849,1,0.480202,0.828348,0,101.195,3.55043,97.9929,0.84672,12.849,0.84672,3695.15,0,0,0,2.32113,2.05206,8.38113,1.00296,11.7514,0.42336,0,0.42336,460.49,0,1.02816,0,0,3.34929,2.32113,1.028160,1,0,110.77,0,0,0,110.77,0
72.29,2.69536,0,0,3.48768,0.268182,0.524146,3.6288,61.308,0.66528,0,0,1.60757,0.182387,0.7599,0.66528,12.849,1,0.479079,0.524146,0,73.567,3.78829,69.8238,0.84672,12.849,0.84672,3695.15,0,0,0,1.85741,2.02241,4.86861,1.01475,7.73367,0.42336,0,0.42336,460.49,0,1.02816,0,0,2.88557,1.85741,1.028160,1,0,78.3174,0,0,0,78.3174,0
71.9114,2.69592,0,0,2.94835,0.268182,0.36288,3.6288,61.308,0.66528,0,0,1.49758,0.182387,0.649912,0.66528,12.849,1,0.479179,0.36288,0,62.6469,3.78829,58.7423,0.84672,12.849,0.84672,3695.15,0,0,0,1.5532,2.02283,4.01263,1.01475,6.57391,0.42336,0,0.42336,460.49,0,1.02816,0,0,2.58136,1.5532,1.028160,1,0,65.9661,0,0,0,65.9661,0
71.2012,2.69433,0,0,2.61449,0.267412,0.36288,3.6288,61.308,0.66528,0,0,1.3449,0.182387,0.497235,0.66528,12.849,1,0.481419,0.36288,0,54.0032,3.78829,50.0964,0.84672,12.849,0.84672,3695.15,0,0,0,1.21861,2.02325,3.4607,1.01475,5.68781,0.42336,0,0.42336,460.49,0,1.02816,0,0,2.24677,1.21861,1.028160,1,0,56.2814,0,0,0,56.2814,0
70.2272,2.81847,0,0,2.46332,0.256022,0.36288,3.6288,61.308,0.66528,0,0,1.32036,0.180586,0.474491,0.66528,12.849,1,0.508622,0.36288,0,49.8456,3.7749,45.925,0.84672,12.849,0.84672,3695.15,0,0,0,1.09526,2.02367,3.44503,0.990046,5.57391,0.42336,0,0.42336,460.49,0,1.02816,0,0,2.12342,1.09526,1.028160,1,0,51.9734,0,0,0,51.9734,0
69.562,2.81309,0,0,2.72705,0.216251,0.36288,3.6288,61.308,0.66528,0,0,1.22736,0.197416,0.36466,0.66528,12.849,1,0.514693,0.36288,0,58.775,4.16235,54.4608,0.84672,12.849,0.84672,3695.15,0,0,0,1.25931,2.12958,4.5575,1.05958,6.88681,0.42336,0,0.42336,460.49,0,1.02816,0,0,2.28747,1.25931,1.028160,1,0,61.7123,0,0,0,61.7123,0
68.6113,2.80952,0,0,2.39141,0.169735,0.36288,3.6288,61.308,0.66528,0,0,1.1448,0.197652,0.281868,0.66528,12.849,1,0.518955,0.36288,0,50.1043,4.17837,45.7699,0.84672,12.849,0.84672,3695.15,0,0,0,1.27323,2.13002,4.23109,1.01318,6.62116,0.42336,0,0.42336,460.49,0,1.02816,0,0,2.30139,1.27323,1.028160,1,0,52.6729,0,0,0,52.6729,0
67.6383,2.80405,0,0,2.36241,0.168484,0.36288,3.6288,61.308,0.66528,0,0,1.23451,0.197652,0.371577,0.66528,12.849,1,0.525121,0.36288,0,48.6107,4.17837,44.2701,0.84672,12.849,0.84672,3695.15,0,0,0,1.23109,2.13046,4.5845,1.01318,6.93287,0.42336,0,0.42336,460.49,0,1.02816,0,0,2.25925,1.23109,1.028160,1,0,51.5746,0,0,0,51.5746,0
66.5233,2.79828,0,0,2.2134,0.167205,0.36288,3.6288,61.308,0.66528,0,0,1.1584,0.197652,0.295467,0.66528,12.849,1,0.531579,0.36288,0,45.3555,4.17837,41.0084,0.84672,12.849,0.84672,3695.15,0,0,0,1.15831,2.1309,4.09925,1.01318,6.37529,0.42336,0,0.42336,460.49,0,1.02816,0,0,2.18647,1.15831,1.028160,1,0,47.6792,0,0,0,47.6792,0
66.4834,2.51294,0,0,2.96478,0.128912,0.36288,3.6288,61.308,0.66528,0,0,1.55037,0.25114,0.63395,0.66528,12.849,1,0.485376,0.36288,0,53.1656,4.77588,48.2673,0.84672,12.849,0.84672,3695.15,0,0,0,1.66293,2.13135,6.24272,1.11846,8.91854,0.42336,0,0.42336,460.49,0,1.02816,0,0,2.69109,1.66293,1.028160,1,0,57.8197,0,0,0,57.8197,0
66.6027,2.51327,0,0,3.11819,0.122736,0.36288,3.6288,61.308,0.66528,0,0,1.56186,0.260055,0.636527,0.66528,12.849,1,0.485732,0.36288,0,52.087,4.87546,47.0887,0.84672,12.849,0.84672,3695.15,0,0,0,1.83845,2.34567,6.96868,1.13601,10.0168,0.42336,0,0.42336,460.49,0,1.02816,0,0,2.86661,1.83845,1.028160,1,0,57.742,0,0,0,57.742,0
66.586,2.51458,0,0,2.97452,0.113697,0.36288,3.6288,61.308,0.66528,0,0,1.52477,0.275599,0.583891,0.66528,12.849,1,0.485113,0.36288,0,48.9804,5.09263,43.7656,0.84672,12.849,0.84672,3695.15,0,0,0,1.85632,2.34612,6.97991,1.20951,9.97284,0.42336,0,0.42336,460.49,0,1.02816,0,0,2.88448,1.85632,1.028160,1,0,54.3223,0,0,0,54.3223,0
66.2201,2.51505,0,0,2.60304,0.0910918,0.36288,3.6288,61.308,0.66528,0,0,1.44062,0.310441,0.464895,0.66528,12.849,1,0.485326,0.36288,0,46.025,5.83896,40.0636,0.84672,12.849,0.84672,3695.15,0,0,0,1.57569,2.34657,6.79234,1.4687,9.24589,0.42336,0,0.42336,460.49,0,1.02816,0,0,2.60385,1.57569,1.028160,1,0,49.7744,0,0,0,49.7744,0
65.78,2.57795,0,0,2.59018,0.0893808,0.36288,3.6288,61.308,0.66528,0,0,1.35663,0.315896,0.375451,0.66528,12.849,1,0.500212,0.36288,0,47.0132,6.06107,40.8148,0.84672,12.849,0.84672,3695.15,0,0,0,1.51572,2.34702,6.84461,1.53516,9.17218,0.42336,0,0.42336,460.49,0,1.02816,0,0,2.54388,1.51572,1.028160,1,0,50.3624,0,0,0,50.3624,0
65.4167,2.57574,0,0,2.66197,0.086624,0.36288,3.6288,61.308,0.66528,0,0,1.27128,0.330314,0.275687,0.66528,12.849,1,0.503126,0.36288,0,43.9154,5.99561,37.7795,0.84672,12.849,0.84672,3695.15,0,0,0,1.52018,2.39983,6.78439,1.48966,9.21474,0.42336,0,0.42336,460.49,0,1.02816,0,0,2.54834,1.52018,1.028160,1,0,47.27,0,0,0,47.27,0
64.831,2.57399,0,0,2.43745,0.0863728,0.36288,3.6288,61.308,0.66528,0,0,1.17748,0.330314,0.181882,0.66528,12.849,1,0.505576,0.36288,0,41.7411,5.99561,35.6028,0.84672,12.849,0.84672,3695.15,0,0,0,1.15023,2.40029,5.9635,1.48966,8.02436,0.42336,0,0.42336,460.49,0,1.02816,0,0,2.17839,1.15023,1.028160,1,0,43.8091,0,0,0,43.8091,0
64.3959,2.57076,0,0,2.57533,0.0767199,0.36288,3.6288,61.308,0.66528,0,0,1.35173,0.335494,0.350954,0.66528,12.849,1,0.509505,0.36288,0,40.9383,6.14516,34.6465,0.84672,12.849,0.84672,3695.15,0,0,0,1.58591,2.40075,7.88897,1.51954,10.3561,0.42336,0,0.42336,460.49,0,1.02816,0,0,2.61407,1.58591,1.028160,1,0,45.3536,0,0,0,45.3536,0
63.8005,2.75685,0,0,2.59765,0.0733854,0.36288,3.6288,61.308,0.66528,0,0,1.32434,0.296992,0.362067,0.66528,12.849,1,0.550078,0.36288,0,39.9348,6.15435,33.5932,0.84672,12.849,0.84672,3695.15,0,0,0,1.65025,2.40121,7.71673,1.5515,10.2167,0.42336,0,0.42336,460.49,0,1.02816,0,0,2.67841,1.65025,1.028160,1,0,44.172,0,0,0,44.172,0
62.8243,2.84019,0,0,2.3193,0.0924208,0.36288,3.6288,61.308,0.66528,0,0,1.09892,0.326514,0.107128,0.66528,12.849,1,0.571997,0.36288,0,32.5439,5.87715,26.4576,0.84672,12.849,0.84672,3695.15,0,0,0,1.54649,2.58097,7.94966,1.35457,10.7225,0.42336,0,0.42336,460.49,0,1.02816,0,0,2.57465,1.54649,1.028160,1,0,37.2873,0,0,0,37.2873,0
62.132,2.83382,0,0,2.59157,0.0871414,0.36288,3.6288,61.308,0.66528,0,0,1.3504,0.329104,0.356013,0.66528,12.849,1,0.579581,0.36288,0,41.4116,5.95192,35.243,0.84672,12.849,0.84672,3695.15,0,0,0,2.2051,2.52031,8.43808,1.36951,11.794,0.42336,0,0.42336,460.49,0,1.02816,0,0,3.23326,2.2051,1.028160,1,0,47.393,0,0,0,47.393,0
60.9004,2.82948,0,0,2.04744,0.0866482,0.36288,3.6288,61.2994,0.66528,0,0,0.985738,0.329104,0,0.66528,12.849,1,0.585141,0.36288,0,42.7356,5.95192,36.5614,0.84672,12.849,0.84672,3695.15,0,0,0,1.28817,2.52053,6.68615,1.36951,9.12534,0.42336,0,0.42336,460.49,0,1.02816,0,0,2.31633,1.28817,1.028160,1,0,45.6868,0,0,0,45.6868,0
60.1668,2.82071,0,0,2.53577,0.0857709,0.36288,3.6288,61.308,0.66528,0,0,1.63993,0.329086,0.63692,0.66528,12.849,1,0.595123,0.36288,0,37.8734,5.95192,31.6892,0.84672,12.849,0.84672,3695.15,0,0,0,3.10323,2.52076,10.0473,1.36951,14.3018,0.42336,0,0.42336,460.49,0,1.02816,0,0,4.13139,3.10323,1.028160,1,0,46.6279,0,0,0,46.6279,0
58.9903,2.72489,0,0,1.98577,0.0745876,0.36288,3.6288,61.2701,0.66528,0,0,0.968967,0.3416,0,0.66528,12.849,1,0.581917,0.36288,0,27.0824,5.72999,21.1334,0.84672,12.849,0.84672,3695.15,0,0,0,1.94933,2.52099,7.23254,1.16842,10.5344,0.42336,0,0.42336,460.49,0,1.02816,0,0,2.97749,1.94933,1.028160,1,0,31.6678,0,0,0,31.6678,0
58.0974,2.62861,0,0,2.22829,0.129627,0.36288,3.6288,61.308,0.66528,0,0,1.21859,0.315185,0.200217,0.66528,12.849,1,0.572552,0.36288,0,22.2416,4.8321,17.1998,0.84672,12.849,0.84672,3695.15,0,0,0,2.81078,2.41735,8.48517,0.907837,12.8055,0.42336,0,0.42336,460.49,0,1.02816,0,0,3.83894,2.81078,1.028160,1,0,30.2055,0,0,0,30.2055,0
57.0681,2.622,0,0,2.08958,0.133997,0.36288,3.6288,61.308,0.66528,0,0,1.31046,0.317273,0.327911,0.66528,12.849,1,0.579889,0.36288,0,26.4619,4.86465,21.3802,0.84672,12.849,0.84672,3695.15,0,0,0,2.86381,2.48007,8.93557,0.926475,13.353,0.42336,0,0.42336,460.49,0,1.02816,0,0,3.89197,2.86381,1.028160,1,0,35.0611,0,0,0,35.0611,0
56.2835,2.61407,0,0,2.32501,0.132654,0.36288,3.6288,61.308,0.66528,0,0,1.47205,0.317273,0.489496,0.66528,12.849,1,0.588563,0.36288,0,39.8971,4.86465,34.8068,0.84672,12.849,0.84672,3695.15,0,0,0,3.38304,2.48055,10.3088,0.926475,15.2459,0.42336,0,0.42336,460.49,0,1.02816,0,0,4.4112,3.38304,1.028160,1,0,50.5422,0,0,0,50.5422,0
55.6841,2.53461,0,0,2.45013,0.152044,0.36288,3.6288,61.308,0.66528,0,0,1.78827,0.295977,0.827015,0.66528,12.849,1,0.578628,0.36288,0,79.8383,4.57356,75.049,0.84672,12.849,0.84672,3695.15,0,0,0,3.45081,2.48102,13.6204,0.952846,18.5994,0.42336,0,0.42336,460.49,0,1.02816,0,0,4.47897,3.45081,1.028160,1,0,94.4755,0,0,0,94.4755,0
57.1837,2.52975,0,0,4.59404,0.201872,0.36288,3.6288,61.308,0.66528,0,0,3.33932,0.242739,2.4313,0.66528,12.849,1,0.583736,0.36288,0,96.2885,3.84584,92.2218,0.84672,12.849,0.84672,3695.15,0,0,0,7.15313,2.38846,21.5755,1.01877,30.0984,0.42336,0,0.42336,460.49,0,1.02816,0,0,8.18129,7.15313,1.028160,1,0,124.751,0,0,0,124.751,0
56.8094,2.54283,0,0,2.73637,0.204891,0.36288,3.6288,61.308,0.66528,0,0,1.60419,0.242739,0.69617,0.66528,12.849,1,0.571367,0.36288,0,59.8738,3.84584,55.8195,0.84672,12.849,0.84672,3695.15,0,0,0,2.76623,2.38919,11.6808,1.01877,15.8174,0.42336,0,0.42336,460.49,0,1.02816,0,0,3.79439,2.76623,1.028160,1,0,72.3331,0,0,0,72.3331,0
58.6707,2.54034,0,0,4.97357,0.209104,0.36288,3.6288,61.308,0.66528,0,0,2.53166,0.24918,1.6172,0.66528,12.849,1,0.574567,0.36288,0,110.011,3.98358,105.815,0.84672,12.849,0.84672,3695.15,0,0,0,3.77521,2.38965,19.8871,1.05762,24.9944,0.42336,0,0.42336,460.49,0,1.02816,0,0,4.80337,3.77521,1.028160,1,0,132.427,0,0,0,132.427,0
60.1347,2.34471,0,0,4.41489,0.243288,0.36288,3.6288,61.308,0.66528,0,0,3.32317,0.287831,2.37006,0.66528,12.849,1,0.513495,0.36288,0,99.4101,4.81005,94.4494,0.84672,12.849,0.84672,3695.15,0,0,0,7.02579,2.39011,22.6728,1.29069,30.798,0.42336,0,0.42336,460.49,0,1.02816,0,0,8.05395,7.02579,1.028160,1,0,127.618,0,0,0,127.618,0
65.3441,2.35555,0,0,8.17776,0.249881,0.36288,3.6288,61.308,0.66528,0,0,4.70868,0.19454,3.84886,0.66528,12.849,1,0.50331,0.36288,0,97.1248,3.7337,93.2507,0.84672,12.849,0.84672,3695.15,0,0,0,5.98035,2.18432,21.8134,0.952477,29.0256,0.42336,0,0.42336,460.49,0,1.02816,0,0,7.00851,5.98035,1.028160,1,0,126.125,0,0,0,126.125,0
67.0666,2.38963,0,0,4.73579,0.260816,0.36288,3.6288,61.308,0.66528,0,0,2.74582,0.19454,1.886,0.66528,12.849,1,0.469886,0.36288,0,55.4736,3.7337,51.6329,0.84672,12.849,0.84672,3695.15,0,0,0,3.13686,2.18473,19.2889,0.952477,23.658,0.42336,0,0.42336,460.49,0,1.02816,0,0,4.16502,3.13686,1.028160,1,0,77.1769,0,0,0,77.1769,0
68.393,2.4003,0,0,4.36462,0.275072,0.36288,3.6288,61.308,0.66528,0,0,1.94397,0.205206,1.07348,0.66528,12.849,1,0.459864,0.36288,0,43.6736,3.96226,39.6144,0.84672,12.849,0.84672,3695.15,0,0,0,2.20795,2.18515,23.3851,1.02378,26.7544,0.42336,0,0.42336,460.49,0,1.02816,0,0,3.23611,2.20795,1.028160,1,0,67.4423,0,0,0,67.4423,0
71.3254,2.40836,0,0,6.00855,0.304877,0.36288,3.6288,61.308,0.66528,0,0,3.39452,0.231871,2.49737,0.66528,12.849,1,0.452459,0.36288,0,71.0764,4.53369,66.4532,0.84672,12.849,0.84672,3695.15,0,0,0,3.98351,2.18557,23.0872,1.20204,28.0542,0.42336,0,0.42336,460.49,0,1.02816,0,0,5.01167,3.98351,1.028160,1,0,97.0048,0,0,0,97.0048,0
72.29,2.50865,0,0,4.84281,0.29804,1.07154,3.6288,61.308,0.66528,0,0,1.4478,0.22284,0.559676,0.66528,12.849,1,0.451923,1.07154,0,157.837,4.01625,154.441,0.84672,12.849,0.84672,3695.15,0,0,0,2.08368,2.18598,15.0856,1.05574,18.2995,0.42336,0,0.42336,460.49,0,1.02816,0,0,3.11184,2.08368,1.028160,1,0,173.3,0,0,0,173.3,0
72.29,2.77108,0,0,4.47219,0.300817,1.40029,3.6288,61.2777,0.66528,0,0,0.836931,0.201986,0,0.66528,12.849,1,0.492538,1.40029,0,101.132,3.76398,98.2758,0.84672,12.849,0.84672,3695.15,0,0,0,2.11982,2.25076,9.09723,0.830452,12.6374,0.42336,0,0.42336,460.49,0,1.02816,0,0,3.14798,2.11982,1.028160,1,0,110.913,0,0,0,110.913,0
72.29,2.77162,0,0,13.2014,0.305963,10.1238,3.6288,61.308,0.66528,0,0,2.51024,0.239767,1.57486,0.66528,12.849,1,0.492634,10.1238,0,128.423,4.38879,133.666,0.84672,12.849,0.84672,3695.15,0,0,0,5.94203,2.0742,25.8301,1.0487,32.7976,0.42336,0,0.42336,460.49,0,1.02816,0,0,6.97019,5.94203,1.028160,1,0,168.038,0,0,0,168.038,0
72.29,2.77216,0,0,17.82,0.307286,14.7405,3.6288,61.308,0.66528,0,0,6.58315,0.255882,5.66199,0.66528,12.849,1,0.492731,14.7405,0,332.971,4.62966,342.589,0.84672,12.849,0.84672,3695.15,0,0,0,12.7876,2.07461,43.7639,1.1437,57.4825,0.42336,0,0.42336,460.49,0,1.02816,0,0,13.8158,12.7876,1.028160,1,0,405.734,0,0,0,405.734,0
72.29,3.04315,0,0,17.8531,0.307428,14.5025,3.6288,61.308,0.66528,0,0,5.94035,0.26223,5.01284,0.66528,12.849,1,0.540897,14.5025,0,342.098,4.69328,351.367,0.84672,12.849,0.84672,3695.15,0,0,0,9.62677,2.07502,38.7399,1.2003,49.2413,0.42336,0,0.42336,460.49,0,1.02816,0,0,10.6549,9.62677,1.028160,1,0,405.621,0,0,0,405.621,0
72.29,3.04375,0,0,10.6145,0.324676,7.24607,3.6288,61.308,0.66528,0,0,4.16473,0.227945,3.27151,0.66528,12.849,1,0.541003,7.24607,0,279.716,4.3071,282.114,0.84672,12.849,0.84672,3695.15,0,0,0,6.38413,2.30719,26.2994,1.1355,33.8552,0.42336,0,0.42336,460.49,0,1.02816,0,0,7.41229,6.38413,1.028160,1,0,319.24,0,0,0,319.24,0
72.29,3.04435,0,0,9.93885,0.324676,6.56983,3.6288,61.308,0.66528,0,0,3.44467,0.227945,2.55145,0.66528,12.849,1,0.54111,6.56983,0,200.029,4.3071,201.751,0.84672,12.849,0.84672,3695.15,0,0,0,5.47239,2.30764,23.7151,1.1355,30.3596,0.42336,0,0.42336,460.49,0,1.02816,0,0,6.50055,5.47239,1.028160,1,0,234.662,0,0,0,234.662,0
72.29,3.04494,0,0,11.3061,0.324676,7.93651,3.6288,61.308,0.66528,0,0,4.6142,0.227945,3.72098,0.66528,12.849,1,0.541216,7.93651,0,215.386,4.3071,218.474,0.84672,12.849,0.84672,3695.15,0,0,0,6.83217,2.30809,28.5599,1.1355,36.5646,0.42336,0,0.42336,460.49,0,1.02816,0,0,7.86033,6.83217,1.028160,1,0,258.759,0,0,0,258.759,0
72.29,2.6595,0,0,8.97886,0.326198,5.99316,3.6288,61.308,0.66528,0,0,4.82143,0.234125,3.92203,0.66528,12.849,1,0.472706,5.99316,0,197.045,4.41099,198.154,0.84672,12.849,0.84672,3695.15,0,0,0,7.44405,2.30855,27.51,1.15479,36.1078,0.42336,0,0.42336,460.49,0,1.02816,0,0,8.47221,7.44405,1.028160,1,0,238.184,0,0,0,238.184,0
72.29,2.66002,0,0,9.46218,0.353507,6.44865,3.6288,61.308,0.66528,0,0,6.80175,0.232471,5.904,0.66528,12.849,1,0.472799,6.44865,0,260.433,4.11705,262.292,0.84672,12.849,0.84672,3695.15,0,0,0,7.47628,1.99269,25.7399,0.983587,34.2253,0.42336,0,0.42336,460.49,0,1.02816,0,0,8.50444,7.47628,1.028160,1,0,302.421,0,0,0,302.421,0
72.29,2.66054,0,0,10.4611,0.353507,7.44709,3.6288,61.308,0.66528,0,0,7.62135,0.232471,6.7236,0.66528,12.849,1,0.472892,7.44709,0,355.169,4.11705,358.026,0.84672,12.849,0.84672,3695.15,0,0,0,10.7177,1.99308,29.7573,0.983587,41.4845,0.42336,0,0.42336,460.49,0,1.02816,0,0,11.7459,10.7177,1.028160,1,0,406.234,0,0,0,406.234,0
72.29,2.66107,0,0,8.80226,0.285538,5.85565,3.6288,61.308,0.66528,0,0,5.558,0.196373,4.69635,0.66528,12.849,1,0.472984,5.85565,0,281.401,3.59388,283.19,0.84672,12.849,0.84672,3695.15,0,0,0,6.89593,1.99348,23.9672,0.908434,31.9482,0.42336,0,0.42336,460.49,0,1.02816,0,0,7.92409,6.89593,1.028160,1,0,319.835,0,0,0,319.835,0
72.29,2.66159,0,0,11.8206,0.316031,8.84294,3.6288,61.308,0.66528,0,0,5.33277,0.287859,4.37963,0.66528,12.849,1,0.473077,8.84294,0,267.433,4.78752,271.015,0.84672,12.849,0.84672,3695.15,0,0,0,8.16463,1.99387,29.7217,1.24994,38.6302,0.42336,0,0.42336,460.49,0,1.02816,0,0,9.19279,8.16463,1.028160,1,0,314.025,0,0,0,314.025,0
72.29,2.75938,0,0,6.50932,0.311469,3.43848,3.6288,61.308,0.66528,0,0,5.06146,0.215582,4.1806,0.66528,12.849,1,0.490459,3.43848,0,135.262,3.82432,134.385,0.84672,12.849,0.84672,3695.15,0,0,0,4.82066,1.99426,18.3652,0.984845,24.1953,0.42336,0,0.42336,460.49,0,1.02816,0,0,5.84882,4.82066,1.028160,1,0,162.761,0,0,0,162.761,0
72.29,2.75992,0,0,5.17538,0.314175,2.10128,3.6288,61.308,0.66528,0,0,4.21194,0.189077,3.35758,0.66528,12.849,1,0.490555,2.10128,0,98.3163,3.47392,96.4531,0.84672,12.849,0.84672,3695.15,0,0,0,3.34494,2.07271,15.0869,0.883818,19.6207,0.42336,0,0.42336,460.49,0,1.02816,0,0,4.3731,3.34494,1.028160,1,0,119.431,0,0,0,119.431,0
72.29,2.76046,0,0,5.46593,0.314175,2.39129,3.6288,61.308,0.66528,0,0,6.13284,0.189077,5.27849,0.66528,12.849,1,0.490651,2.39129,0,113.232,3.47392,111.658,0.84672,12.849,0.84672,3695.15,0,0,0,4.48851,2.07312,17.9662,0.883818,23.644,0.42336,0,0.42336,460.49,0,1.02816,0,0,5.51667,4.48851,1.028160,1,0,140.581,0,0,0,140.581,0
72.29,2.761,0,0,4.6662,0.314175,1.59102,3.6288,61.308,0.66528,0,0,4.89507,0.189077,4.04071,0.66528,12.849,1,0.490748,1.59102,0,88.0036,3.47392,85.6299,0.84672,12.849,0.84672,3695.15,0,0,0,3.52194,2.07352,13.0038,0.883818,17.7154,0.42336,0,0.42336,460.49,0,1.02816,0,0,4.5501,3.52194,1.028160,1,0,107.386,0,0,0,107.386,0
72.29,2.72348,0,0,4.20892,0.266442,1.21899,3.6288,61.308,0.66528,0,0,3.04792,0.195639,2.18701,0.66528,12.849,1,0.484079,1.21899,0,93.2835,3.73302,90.2854,0.84672,12.849,0.84672,3695.15,0,0,0,2.428,2.07393,12.2628,0.924585,15.8402,0.42336,0,0.42336,460.49,0,1.02816,0,0,3.45616,2.428,1.028160,1,0,108.313,0,0,0,108.313,0
72.29,2.72402,0,0,3.89298,0.238006,0.930951,3.6288,61.308,0.66528,0,0,1.88952,0.208273,1.01596,0.66528,12.849,1,0.484174,0.930951,0,80.9749,3.84783,77.5739,0.84672,12.849,0.84672,3695.15,0,0,0,1.73899,2.04394,10.0488,0.963943,12.8678,0.42336,0,0.42336,460.49,0,1.02816,0,0,2.76715,1.73899,1.028160,1,0,91.4577,0,0,0,91.4577,0
72.2872,2.72455,0,0,3.32263,0.238006,0.36288,3.6288,61.308,0.66528,0,0,1.78499,0.208273,0.911437,0.66528,12.849,1,0.484269,0.36288,0,71.0078,3.84783,67.0386,0.84672,12.849,0.84672,3695.15,0,0,0,1.44825,2.04434,8.54712,0.963943,11.0758,0.42336,0,0.42336,460.49,0,1.02816,0,0,2.47641,1.44825,1.028160,1,0,79.0258,0,0,0,79.0258,0
71.9171,2.72507,0,0,2.95589,0.238001,0.36288,3.6288,61.308,0.66528,0,0,1.59721,0.208273,0.723655,0.66528,12.849,1,0.48438,0.36288,0,60.886,3.84783,56.9167,0.84672,12.849,0.84672,3695.15,0,0,0,1.13845,2.04474,7.30814,0.963943,9.52739,0.42336,0,0.42336,460.49,0,1.02816,0,0,2.16661,1.13845,1.028160,1,0,67.1677,0,0,0,67.1677,0
71.1872,2.85269,0,0,2.71003,0.224407,0.36288,3.6288,61.308,0.66528,0,0,1.44514,0.191206,0.588657,0.66528,12.849,1,0.509672,0.36288,0,55.8634,3.49395,52.2226,0.84672,12.849,0.84672,3695.15,0,0,0,0.981297,2.04514,6.82949,0.874188,8.98174,0.42336,0,0.42336,460.49,0,1.02816,0,0,2.00946,0.981297,1.028160,1,0,61.793,0,0,0,61.793,0
71.3637,2.84882,0,0,3.55354,0.165293,0.36288,3.6288,61.308,0.66528,0,0,1.49804,0.226264,0.606494,0.66528,12.849,1,0.5142,0.36288,0,65.2864,4.27413,60.861,0.84672,12.849,0.84672,3695.15,0,0,0,1.8887,2.15215,8.04591,0.912238,11.1745,0.42336,0,0.42336,460.49,0,1.02816,0,0,2.91686,1.8887,1.028160,1,0,72.642,0,0,0,72.642,0
71.2334,2.85045,0,0,3.24848,0.165516,0.36288,3.6288,61.308,0.66528,0,0,1.50885,0.226264,0.617311,0.66528,12.849,1,0.513223,0.36288,0,62.1605,4.27413,57.736,0.84672,12.849,0.84672,3695.15,0,0,0,1.38612,2.15257,7.79121,0.912238,10.4177,0.42336,0,0.42336,460.49,0,1.02816,0,0,2.41428,1.38612,1.028160,1,0,68.771,0,0,0,68.771,0
70.8084,2.85022,0,0,2.95347,0.165351,0.36288,3.6288,61.308,0.66528,0,0,1.30831,0.226264,0.416768,0.66528,12.849,1,0.514119,0.36288,0,58.7075,4.27413,54.2821,0.84672,12.849,0.84672,3695.15,0,0,0,0.809983,2.15299,7.17085,0.912238,9.22159,0.42336,0,0.42336,460.49,0,1.02816,0,0,1.83814,0.809983,1.028160,1,0,63.9205,0,0,0,63.9205,0
70.0347,2.84816,0,0,2.60213,0.164814,0.36288,3.6288,61.308,0.66528,0,0,1.26809,0.226264,0.376549,0.66528,12.849,1,0.516832,0.36288,0,49.8557,4.27413,45.4276,0.84672,12.849,0.84672,3695.15,0,0,0,0.906898,2.15342,7.06761,0.912238,9.21568,0.42336,0,0.42336,460.49,0,1.02816,0,0,1.93506,0.906898,1.028160,1,0,55.0198,0,0,0,55.0198,0
69.203,2.5629,0,0,2.22944,0.135275,0.36288,3.6288,61.308,0.66528,0,0,1.23644,0.214262,0.356902,0.66528,12.849,1,0.470207,0.36288,0,47.3593,4.26183,42.9901,0.84672,12.849,0.84672,3695.15,0,0,0,0.595192,2.15384,5.93925,1.06932,7.61896,0.42336,0,0.42336,460.49,0,1.02816,0,0,1.62335,0.595192,1.028160,1,0,50.966,0,0,0,50.966,0
68.1681,2.55869,0,0,2.00954,0.122965,0.36288,3.6288,61.308,0.66528,0,0,1.25463,0.209462,0.37989,0.66528,12.849,1,0.475075,0.36288,0,44.4597,4.25691,40.0906,0.84672,12.849,0.84672,3695.15,0,0,0,0.585032,2.36852,5.25333,1.13215,7.07473,0.42336,0,0.42336,460.49,0,1.02816,0,0,1.61319,0.585032,1.028160,1,0,47.5452,0,0,0,47.5452,0
67.0195,2.55317,0,0,1.88864,0.121124,0.36288,3.6288,61.308,0.66528,0,0,1.22679,0.216318,0.345195,0.66528,12.849,1,0.481248,0.36288,0,41.3529,4.34324,36.8913,0.84672,12.849,0.84672,3695.15,0,0,0,0.557003,2.36895,5.12641,1.15286,6.89951,0.42336,0,0.42336,460.49,0,1.02816,0,0,1.58516,0.557003,1.028160,1,0,44.136,0,0,0,44.136,0
65.8336,2.5468,0,0,1.83876,0.114965,0.36288,3.6288,61.308,0.66528,0,0,1.15366,0.257457,0.230919,0.66528,12.849,1,0.488273,0.36288,0,39.4198,4.86119,34.4332,0.84672,12.849,0.84672,3695.15,0,0,0,0.453254,2.36938,4.98401,1.27713,6.52951,0.42336,0,0.42336,460.49,0,1.02816,0,0,1.48141,0.453254,1.028160,1,0,41.1937,0,0,0,41.1937,0
64.4839,2.60517,0,0,1.7286,0.110261,0.36288,3.6288,61.308,0.66528,0,0,1.09642,0.265044,0.166092,0.66528,12.849,1,0.508461,0.36288,0,37.2426,5.04334,32.0537,0.84672,12.849,0.84672,3695.15,0,0,0,0.384342,2.36981,4.84285,1.32104,6.27597,0.42336,0,0.42336,460.49,0,1.02816,0,0,1.4125,0.384342,1.028160,1,0,38.4958,0,0,0,38.4958,0
63.0949,2.59686,0,0,1.67084,0.100104,0.36288,3.6288,61.308,0.66528,0,0,0.979569,0.284012,0.0302767,0.66528,12.849,1,0.517447,0.36288,0,34.5906,5.49875,28.9373,0.84672,12.849,0.84672,3695.15,0,0,0,0.310297,2.42315,4.44798,1.43081,5.75062,0.42336,0,0.42336,460.49,0,1.02816,0,0,1.33846,0.310297,1.028160,1,0,34.7182,0,0,0,34.7182,0
61.5736,2.58795,0,0,1.52849,0.0989825,0.36288,3.6288,61.2794,0.66528,0,0,0.920696,0.284012,0,0.66528,12.849,1,0.527024,0.36288,0,32.5229,5.49875,26.86,0.84672,12.849,0.84672,3695.15,0,0,0,0.285163,2.42359,4.52742,1.43081,5.80537,0.42336,0,0.42336,460.49,0,1.02816,0,0,1.31332,0.285163,1.028160,1,0,32.6653,0,0,0,32.6653,0
59.9192,2.57773,0,0,1.38396,0.0977543,0.36288,3.6288,61.1337,0.74139,0,0,0.879682,0.283961,0,0.66528,12.849,1,0.537913,0.36288,0,30.6304,5.49875,24.9566,0.84672,12.849,0.84672,3695.15,0,0,0,0.227405,2.42403,4.20954,1.43081,5.43017,0.42336,0,0.42336,460.49,0,0.95205,0,0,1.17946,0.227405,1.028160,1,0,30.3867,0,0,0,30.3867,0
57.9295,2.75406,0,0,1.21032,0.0830549,0.36288,3.6288,60.9555,0.760216,0,0,0.873444,0.29146,0,0.66528,12.849,1,0.590577,0.36288,0,29.1666,5.72307,23.2158,0.84672,12.849,0.84672,3695.15,0,0,0,0.227405,2.42447,4.25456,1.47563,5.43081,0.42336,0,0.42336,460.49,0,0.933224,0,0,1.16063,0.227405,1.028160,1,0,28.6466,0,0,0,28.6466,0
55.578,2.8427,0,0,0.948767,0.0947481,0.36288,3.6288,60.8219,0.66528,0,0,0.817741,0.286108,0,0.66528,12.849,1,0.630522,0.36288,0,28.8638,6.25918,22.337,0.84672,12.849,0.84672,3695.15,0,0,0,0.343691,2.60608,3.68709,1.42151,5.21536,0.42336,0,0.42336,460.49,0,1.02816,0,0,1.37185,0.343691,1.028160,1,0,27.5524,0,0,0,27.5524,0
53.132,2.82197,0,0,0.832404,0.0934679,0.36288,3.6288,60.6038,0.66528,0,0,0.734348,0.287138,0,0.66528,12.849,1,0.652408,0.36288,0,25.8974,6.36552,19.2424,0.84672,12.849,0.84672,3695.15,0,0,0,0.299108,2.53173,3.51989,1.43719,4.91353,0.42336,0,0.42336,460.49,0,1.02816,0,0,1.32727,0.299108,1.028160,1,0,24.1559,0,0,0,24.1559,0
50.8117,2.79872,0,0,0.932411,0.091185,0.36288,3.6288,60.4051,0.66528,0,0,0.753313,0.286741,0,0.66528,12.849,1,0.676818,0.36288,0,25.7423,6.36552,19.0628,0.84672,12.849,0.84672,3695.15,0,0,0,0.336096,2.53194,3.7726,1.43719,5.20344,0.42336,0,0.42336,460.49,0,1.02816,0,0,1.36426,0.336096,1.028160,1,0,24.2663,0,0,0,24.2663,0
49.0602,2.77497,0,0,1.49224,0.105854,0.36288,3.6288,60.3835,0.66528,0,0,0.925802,0.282113,0,0.66528,12.849,1,0.701721,0.36288,0,42.7658,6.24678,36.1801,0.84672,12.849,0.84672,3695.15,0,0,0,0.629269,2.53216,4.11248,1.42263,5.85127,0.42336,0,0.42336,460.49,0,1.02816,0,0,1.65743,0.629269,1.028160,1,0,42.0314,0,0,0,42.0314,0
47.598,2.66777,0,0,1.68182,0.113358,0.36288,3.6288,60.4128,0.66528,0,0,0.951342,0.256738,0,0.66528,12.849,1,0.698696,0.36288,0,34.1609,6.25426,27.5708,0.84672,12.849,0.84672,3695.15,0,0,0,0.415126,2.53238,3.74454,1.38135,5.3107,0.42336,0,0.42336,460.49,0,1.02816,0,0,1.44329,0.415126,1.028160,1,0,32.8815,0,0,0,32.8815,0
46.5771,2.56608,0,0,2.02432,0.116282,0.36288,3.6288,60.677,0.66528,0,0,1.17291,0.243431,0,0.66528,12.849,1,0.692707,0.36288,0,40.0075,6.193,33.4847,0.84672,12.849,0.84672,3695.15,0,0,0,1.22023,2.42765,5.18973,1.36038,7.47722,0.42336,0,0.42336,460.49,0,1.02816,0,0,2.24839,1.22023,1.028160,1,0,40.9619,0,0,0,40.9619,0
44.4519,2.55505,0,0,0.907701,0.114981,0.36288,3.6288,60.338,0.760648,0,0,0.665435,0.24384,0,0.66528,12.849,1,0.704849,0.36288,0,30.4199,6.193,23.8849,0.84672,12.849,0.84672,3695.15,0,0,0,0.216518,2.49152,2.66846,1.36038,4.01612,0.42336,0,0.42336,460.49,0,0.932792,0,0,1.14931,0.216518,1.028160,1,0,27.901,0,0,0,27.901,0
42.5634,2.52977,0,0,1.13683,0.132649,0.36288,3.6288,60.2303,0.708955,0,0,0.842057,0.240732,0,0.66528,12.849,1,0.731241,0.36288,0,29.0221,6.01254,22.6412,0.84672,12.849,0.84672,3695.15,0,0,0,0.216518,2.49173,3.26456,1.33322,4.63959,0.42336,0,0.42336,460.49,0,0.984485,0,0,1.201,0.216518,1.028160,1,0,27.2808,0,0,0,27.2808,0
42.815,2.43543,0,0,3.24622,0.196316,0.36288,3.6288,60.781,0.66528,0,0,1.48277,0.266838,0,0.66528,12.849,1,0.735204,0.36288,0,42.1219,5.44254,36.307,0.84672,12.849,0.84672,3695.15,0,0,0,2.03777,2.49194,6.83648,1.1923,10.1739,0.42336,0,0.42336,460.49,0,1.02816,0,0,3.06593,2.03777,1.028160,1,0,46.4809,0,0,0,46.4809,0
41.9673,2.42194,0,0,2.11644,0.179336,0.36288,3.6288,60.7625,0.66528,0,0,0.938321,0.291548,0,0.66528,12.849,1,0.726836,0.36288,0,22.7471,4.89804,17.4851,0.84672,12.849,0.84672,3695.15,0,0,0,0.833043,2.39842,2.86923,1.19747,4.90322,0.42336,0,0.42336,460.49,0,1.02816,0,0,1.8612,0.833043,1.028160,1,0,22.3884,0,0,0,22.3884,0
41.5309,2.41121,0,0,2.51523,0.177578,0.36288,3.6288,60.9176,0.66528,0,0,1.11196,0.291514,0,0.66528,12.849,1,0.738234,0.36288,0,29.4538,4.89804,24.1805,0.84672,12.849,0.84672,3695.15,0,0,0,1.13326,2.41204,5.44207,1.19747,7.78989,0.42336,0,0.42336,460.49,0,1.02816,0,0,2.16142,1.13326,1.028160,1,0,31.9703,0,0,0,31.9703,0
42.1786,2.40581,0,0,3.61742,0.200994,0.36288,3.6288,61.308,0.66528,0,0,1.4508,0.282135,0.11303,0.66528,12.849,1,0.744319,0.36288,0,44.1894,4.61208,39.1958,0.84672,12.849,0.84672,3695.15,0,0,0,1.56573,2.41248,5.18333,1.15594,8.0056,0.42336,0,0.42336,460.49,0,1.02816,0,0,2.59389,1.56573,1.028160,1,0,47.3145,0,0,0,47.3145,0
46.8447,2.21575,0,0,7.46567,0.220902,0.36288,3.6288,61.308,0.66528,0,0,2.48346,0.275566,1.54261,0.66528,12.849,1,0.67499,0.36288,0,48.7908,4.39761,44.0811,0.84672,12.849,0.84672,3695.15,0,0,0,2.62921,2.41291,8.73765,1.12479,12.655,0.42336,0,0.42336,460.49,0,1.02816,0,0,3.65737,2.62921,1.028160,1,0,58.2786,0,0,0,58.2786,0
53.6957,2.269,0,0,9.71107,0.228265,0.36288,3.6288,61.308,0.66528,0,0,3.44733,0.204192,2.57785,0.66528,12.849,1,0.622361,0.36288,0,105.591,4.49697,100.835,0.84672,12.849,0.84672,3695.15,0,0,0,3.9044,2.20498,11.8872,0.879118,17.1175,0.42336,0,0.42336,460.49,0,1.02816,0,0,4.93256,3.9044,1.028160,1,0,120.53,0,0,0,120.53,0
61.7729,2.33358,0,0,11.0183,0.24461,0.36288,3.6288,61.308,0.66528,0,0,5.26061,0.192296,4.40304,0.66528,12.849,1,0.558409,0.36288,0,136.884,4.51353,132.175,0.84672,12.849,0.84672,3695.15,0,0,0,5.80407,2.20538,15.5434,0.838172,22.7146,0.42336,0,0.42336,460.49,0,1.02816,0,0,6.83223,5.80407,1.028160,1,0,159.293,0,0,0,159.293,0
67.1769,2.39454,0,0,8.42685,0.265481,0.36288,3.6288,61.308,0.66528,0,0,4.39666,0.208365,3.52302,0.66528,12.849,1,0.498073,0.36288,0,133.994,4.7544,129.105,0.84672,12.849,0.84672,3695.15,0,0,0,4.93759,2.20577,14.2275,0.933175,20.4377,0.42336,0,0.42336,460.49,0,1.02816,0,0,5.96575,4.93759,1.028160,1,0,153.065,0,0,0,153.065,0
72.29,2.4287,0,0,10.5989,0.263457,2.7936,3.6288,61.308,0.66528,0,0,4.87946,0.259949,3.95423,0.66528,12.849,1,0.464539,2.7936,0,114.745,5.32213,111.752,0.84672,12.849,0.84672,3695.15,0,0,0,5.31802,2.20617,14.7103,1.30074,20.9337,0.42336,0,0.42336,460.49,0,1.02816,0,0,6.34618,5.31802,1.028160,1,0,136.64,0,0,0,136.64,0
72.29,2.71336,0,0,7.54781,0.270743,4.56371,3.6288,61.308,0.66528,0,0,3.60204,0.239931,2.69683,0.66528,12.849,1,0.482279,4.56371,0,111.391,4.76499,110.708,0.84672,12.849,0.84672,3695.15,0,0,0,3.90777,2.20657,12.6548,1.25384,17.5153,0.42336,0,0.42336,460.49,0,1.02816,0,0,4.93593,3.90777,1.028160,1,0,130.92,0,0,0,130.92,0
70.4523,2.79889,0,0,1.62155,0.297444,0.36288,3.6288,61.1976,0.66528,0,0,0.703803,0.148875,0,0.66528,12.849,1,0.497481,0.36288,0,75.3883,3.47907,71.7746,0.84672,12.849,0.84672,3695.15,0,0,0,0.759171,2.0296,6.45238,0.904658,8.3365,0.42336,0,0.42336,460.49,0,1.02816,0,0,1.78733,0.759171,1.028160,1,0,80.1111,0,0,0,80.1111,0
69.8616,2.53267,0,0,2.59809,0.293297,0.36288,3.6288,61.308,0.66528,0,0,1.07911,0.148771,0.154707,0.66528,12.849,1,0.461906,0.36288,0,89.2814,3.47907,85.7033,0.84672,12.849,0.84672,3695.15,0,0,0,1.06095,2.09502,6.76028,0.904658,9.0116,0.42336,0,0.42336,460.49,0,1.02816,0,0,2.08911,1.06095,1.028160,1,0,94.8696,0,0,0,94.8696,0
72.29,2.52989,0,0,5.64987,0.291963,0.399589,3.6288,61.308,0.66528,0,0,1.5643,0.148875,0.750143,0.66528,12.849,1,0.4653,0.399589,0,100.004,3.47907,96.4589,0.84672,12.849,0.84672,3695.15,0,0,0,2.00169,2.27237,8.23202,0.904658,11.6014,0.42336,0,0.42336,460.49,0,1.02816,0,0,3.02985,2.00169,1.028160,1,0,108.81,0,0,0,108.81,0
72.29,2.80044,0,0,6.352,0.270826,3.28073,3.6288,61.308,0.66528,0,0,1.86292,0.138419,1.05922,0.66528,12.849,1,0.497757,3.28073,0,130.021,3.36018,129.444,0.84672,12.849,0.84672,3695.15,0,0,0,2.05413,2.27276,13.2319,0.894283,16.6645,0.42336,0,0.42336,460.49,0,1.02816,0,0,3.08229,2.05413,1.028160,1,0,147.167,0,0,0,147.167,0
72.29,3.07416,0,0,3.97532,0.263085,0.638071,3.6288,61.308,0.66528,0,0,1.6154,0.161933,0.788191,0.66528,12.849,1,0.546409,0.638071,0,177.747,2.76749,175.072,0.84672,12.849,0.84672,3695.15,0,0,0,2.31321,2.09619,10.165,0.992173,13.5822,0.42336,0,0.42336,460.49,0,1.02816,0,0,3.34137,2.31321,1.028160,1,0,189.442,0,0,0,189.442,0
71.8807,3.07473,0,0,3.29143,0.263085,0.36288,3.6288,61.308,0.66528,0,0,1.28266,0.161933,0.455447,0.66528,12.849,1,0.54651,0.36288,0,73.3838,2.76749,70.4327,0.84672,12.849,0.84672,3695.15,0,0,0,1.51377,2.3307,7.78568,0.992173,10.638,0.42336,0,0.42336,460.49,0,1.02816,0,0,2.54193,1.51377,1.028160,1,0,81.5261,0,0,0,81.5261,0
71.3173,2.81611,0,0,2.87779,0.262268,0.36288,3.6288,61.308,0.66528,0,0,1.3686,0.161933,0.541389,0.66528,12.849,1,0.503393,0.36288,0,66.097,2.76749,63.189,0.84672,12.849,0.84672,3695.15,0,0,0,1.74341,2.33113,7.93195,0.992173,11.0143,0.42336,0,0.42336,460.49,0,1.02816,0,0,2.77157,1.74341,1.028160,1,0,74.7447,0,0,0,74.7447,0
70.4847,2.81331,0,0,2.65504,0.311377,0.36288,3.6288,61.308,0.66528,0,0,1.16637,0.135555,0.365531,0.66528,12.849,1,0.506865,0.36288,0,58.2718,2.92068,55.2071,0.84672,12.849,0.84672,3695.15,0,0,0,1.31255,2.50852,8.47299,0.92509,11.369,0.42336,0,0.42336,460.49,0,1.02816,0,0,2.34071,1.31255,1.028160,1,0,66.9416,0,0,0,66.9416,0
71.8945,2.42036,0,0,4.50626,0.313226,0.36288,3.6288,61.308,0.66528,0,0,1.3085,0.164761,0.478461,0.66528,12.849,1,0.441219,0.36288,0,108.155,2.33709,105.739,0.84672,12.849,0.84672,3695.15,0,0,0,1.87249,2.50895,7.1909,0.966497,10.6058,0.42336,0,0.42336,460.49,0,1.02816,0,0,2.90065,1.87249,1.028160,1,0,116.824,0,0,0,116.824,0
72.29,2.4282,0,0,6.02525,0.316623,2.88495,3.6288,61.308,0.66528,0,0,1.96948,0.164761,1.13944,0.66528,12.849,1,0.433967,2.88495,0,151.575,2.33709,151.689,0.84672,12.849,0.84672,3695.15,0,0,0,2.91495,2.18987,10.9829,0.966497,15.1212,0.42336,0,0.42336,460.49,0,1.02816,0,0,3.94311,2.91495,1.028160,1,0,167.95,0,0,0,167.95,0
72.29,2.68747,0,0,7.64731,0.318829,4.64101,3.6288,61.308,0.66528,0,0,2.9946,0.180059,2.14926,0.66528,12.849,1,0.477677,4.64101,0,191.557,2.7702,192.95,0.84672,12.849,0.84672,3695.15,0,0,0,5.65504,2.19024,17.4458,1.0332,24.2579,0.42336,0,0.42336,460.49,0,1.02816,0,0,6.6832,5.65504,1.028160,1,0,219.357,0,0,0,219.357,0
72.29,2.68797,0,0,5.11462,0.321961,2.10469,3.6288,61.308,0.66528,0,0,1.61766,0.218305,0.734074,0.66528,12.849,1,0.477766,2.10469,0,152.178,3.85297,149.952,0.84672,12.849,0.84672,3695.15,0,0,0,2.58785,2.01365,10.3697,1.19994,13.7713,0.42336,0,0.42336,460.49,0,1.02816,0,0,3.61601,2.58785,1.028160,1,0,164.457,0,0,0,164.457,0
72.29,2.68846,0,0,4.49906,0.322453,1.48815,3.6288,61.308,0.66528,0,0,1.8663,0.203718,0.997302,0.66528,12.849,1,0.477854,1.48815,0,136.376,3.7712,133.615,0.84672,12.849,0.84672,3695.15,0,0,0,3.37691,2.01402,10.6271,1.15337,14.8647,0.42336,0,0.42336,460.49,0,1.02816,0,0,4.40507,3.37691,1.028160,1,0,149.477,0,0,0,149.477,0
71.879,2.78721,0,0,3.0619,0.322822,0.36288,3.6288,61.308,0.66528,0,0,1.48556,0.192778,0.627504,0.66528,12.849,1,0.495405,0.36288,0,71.267,3.70986,67.4247,0.84672,12.849,0.84672,3695.15,0,0,0,2.48721,2.01439,7.3529,1.11843,10.7361,0.42336,0,0.42336,460.49,0,1.02816,0,0,3.51537,2.48721,1.028160,1,0,78.7882,0,0,0,78.7882,0
71.2682,2.52878,0,0,2.57599,0.295115,0.36288,3.6288,61.308,0.66528,0,0,1.26764,0.207051,0.395313,0.66528,12.849,1,0.452042,0.36288,0,54.1671,3.88437,50.1936,0.84672,12.849,0.84672,3695.15,0,0,0,1.9842,2.09361,6.33814,1.15278,9.26317,0.42336,0,0.42336,460.49,0,1.02816,0,0,3.01236,1.9842,1.028160,1,0,59.8521,0,0,0,59.8521,0
70.9752,2.52601,0,0,2.88822,0.292383,0.36288,3.6288,61.308,0.66528,0,0,1.61826,0.22011,0.732873,0.66528,12.849,1,0.455417,0.36288,0,75.5525,4.55511,70.9048,0.84672,12.849,0.84672,3695.15,0,0,0,2.84444,2.27097,10.8786,1.35796,14.6361,0.42336,0,0.42336,460.49,0,1.02816,0,0,3.8726,2.84444,1.028160,1,0,86.2738,0,0,0,86.2738,0
70.2361,2.78098,0,0,2.65748,0.252645,0.36288,3.6288,61.308,0.66528,0,0,1.58577,0.227044,0.693444,0.66528,12.849,1,0.503455,0.36288,0,87.9911,4.51577,83.3348,0.84672,12.849,0.84672,3695.15,0,0,0,3.27363,2.27135,7.92228,1.40049,12.0668,0.42336,0,0.42336,460.49,0,1.02816,0,0,4.30179,3.27363,1.028160,1,0,96.095,0,0,0,96.095,0
69.211,2.73874,0,0,2.31231,0.235846,0.36288,3.6288,61.308,0.66528,0,0,1.43447,0.186908,0.582285,0.66528,12.849,1,0.501025,0.36288,0,56.8865,2.99061,53.7577,0.84672,12.849,0.84672,3695.15,0,0,0,2.35059,2.09478,5.13397,1.17185,8.40749,0.42336,0,0.42336,460.49,0,1.02816,0,0,3.37875,2.35059,1.028160,1,0,62.7475,0,0,0,62.7475,0
68.2408,2.73299,0,0,2.35971,0.233982,0.36288,3.6288,61.308,0.66528,0,0,1.23457,0.186908,0.382382,0.66528,12.849,1,0.507378,0.36288,0,54.9163,2.99061,51.7812,0.84672,12.849,0.84672,3695.15,0,0,0,1.75424,2.06446,5.07781,1.17185,7.72466,0.42336,0,0.42336,460.49,0,1.02816,0,0,2.7824,1.75424,1.028160,1,0,59.8882,0,0,0,59.8882,0
67.3613,2.72742,0,0,2.41353,0.202742,0.36288,3.6288,61.308,0.66528,0,0,1.20731,0.201744,0.340286,0.66528,12.849,1,0.513543,0.36288,0,56.9119,4.16023,52.601,0.84672,12.849,0.84672,3695.15,0,0,0,1.87696,2.06484,6.31487,1.21796,9.03871,0.42336,0,0.42336,460.49,0,1.02816,0,0,2.90512,1.87696,1.028160,1,0,61.98,0,0,0,61.98,0
66.0759,2.72229,0,0,1.94545,0.145676,0.36288,3.6288,61.308,0.66528,0,0,1.14596,0.221714,0.258964,0.66528,12.849,1,0.51927,0.36288,0,36.9374,4.86676,31.9142,0.84672,12.849,0.84672,3695.15,0,0,0,1.68452,2.06522,4.76979,1.33782,7.18172,0.42336,0,0.42336,460.49,0,1.02816,0,0,2.71268,1.68452,1.028160,1,0,39.3549,0,0,0,39.3549,0
64.7992,2.58993,0,0,1.83494,0.158901,0.36288,3.6288,61.308,0.66528,0,0,1.05863,0.221035,0.172319,0.66528,12.849,1,0.503632,0.36288,0,41.3607,4.5137,36.7063,0.84672,12.849,0.84672,3695.15,0,0,0,1.41018,2.0656,4.30975,1.21371,6.57182,0.42336,0,0.42336,460.49,0,1.02816,0,0,2.43834,1.41018,1.028160,1,0,43.4504,0,0,0,43.4504,0
63.4635,2.58217,0,0,1.77445,0.165095,0.36288,3.6288,61.308,0.66528,0,0,0.988762,0.219167,0.104315,0.66528,12.849,1,0.512017,0.36288,0,40.6578,4.42501,36.0836,0.84672,12.849,0.84672,3695.15,0,0,0,1.20852,2.35062,3.9614,1.18035,6.34018,0.42336,0,0.42336,460.49,0,1.02816,0,0,2.23668,1.20852,1.028160,1,0,42.5281,0,0,0,42.5281,0
61.9427,2.57373,0,0,1.57917,0.163321,0.36288,3.6288,61.308,0.66528,0,0,0.907183,0.219167,0.0227357,0.66528,12.849,1,0.521085,0.36288,0,36.6644,4.42501,32.0812,0.84672,12.849,0.84672,3695.15,0,0,0,1.01065,2.35102,3.81746,1.18035,5.99878,0.42336,0,0.42336,460.49,0,1.02816,0,0,2.03881,1.01065,1.028160,1,0,38.1027,0,0,0,38.1027,0
60.3928,2.56365,0,0,1.49151,0.114871,0.36288,3.6288,61.2617,0.66528,0,0,0.87124,0.252219,0,0.66528,12.849,1,0.531788,0.36288,0,32.6793,4.79986,27.7106,0.84672,12.849,0.84672,3695.15,0,0,0,0.933759,2.35142,3.63576,1.27613,5.64482,0.42336,0,0.42336,460.49,0,1.02816,0,0,1.96192,0.933759,1.028160,1,0,33.3554,0,0,0,33.3554,0
59.0507,2.55292,0,0,1.67097,0.0972749,0.36288,3.6288,61.1075,0.66528,0,0,0.771016,0.259996,0,0.66528,12.849,1,0.543152,0.36288,0,37.5641,5.08481,32.2991,0.84672,12.849,0.84672,3695.15,0,0,0,0.902889,2.35183,4.44664,1.28288,6.41847,0.42336,0,0.42336,460.49,0,1.02816,0,0,1.93105,0.902889,1.028160,1,0,38.7175,0,0,0,38.7175,0
57.8156,2.51829,0,0,1.73019,0.0840966,0.36288,3.6288,60.9113,0.66528,0,0,0.734763,0.265625,0,0.66528,12.849,1,0.547962,0.36288,0,39.376,5.29851,33.8924,0.84672,12.849,0.84672,3695.15,0,0,0,1.03126,2.35223,5.10429,1.28795,7.19983,0.42336,0,0.42336,460.49,0,1.02816,0,0,2.05942,1.03126,1.028160,1,0,41.0923,0,0,0,41.0923,0
56.5925,2.50922,0,0,1.73209,0.0830942,0.36288,3.6288,60.6903,0.66528,0,0,0.709543,0.265295,0,0.66528,12.849,1,0.557652,0.36288,0,37.1796,5.29851,31.6864,0.84672,12.849,0.84672,3695.15,0,0,0,1.08725,2.3903,5.41883,1.28795,7.60843,0.42336,0,0.42336,460.49,0,1.02816,0,0,2.11541,1.08725,1.028160,1,0,39.2948,0,0,0,39.2948,0
55.3083,2.49991,0,0,1.65228,0.0737114,0.36288,3.6288,60.4373,0.66528,0,0,0.692686,0.280408,0,0.66528,12.849,1,0.56759,0.36288,0,34.9621,5.51568,29.2417,0.84672,12.849,0.84672,3695.15,0,0,0,1.10044,2.39071,5.42757,1.36145,7.55728,0.42336,0,0.42336,460.49,0,1.02816,0,0,2.1286,1.10044,1.028160,1,0,36.799,0,0,0,36.799,0
53.8321,2.48972,0,0,1.43281,0.0564246,0.36288,3.6288,60.0925,0.66528,0,0,0.635057,0.314631,0,0.66528,12.849,1,0.578402,0.36288,0,32.3693,6.15451,25.9993,0.84672,12.849,0.84672,3695.15,0,0,0,0.857598,2.39112,5.13656,1.57012,6.81515,0.42336,0,0.42336,460.49,0,1.02816,0,0,1.88576,0.857598,1.028160,1,0,32.8144,0,0,0,32.8144,0
52.2795,2.54093,0,0,1.40926,0.0579837,0.36288,3.6288,59.6542,0.66528,0,0,0.557801,0.330806,0,0.66528,12.849,1,0.606487,0.36288,0,27.3743,5.9706,21.1601,0.84672,12.849,0.84672,3695.15,0,0,0,0.756449,2.39153,4.22034,1.48008,5.88823,0.42336,0,0.42336,460.49,0,1.02816,0,0,1.78461,0.756449,1.028160,1,0,27.0483,0,0,0,27.0483,0
50.8294,2.52699,0,0,1.48804,0.0483527,0.36288,3.6288,59.2586,0.66528,0,0,0.608362,0.338675,0,0.66528,12.849,1,0.62107,0.36288,0,37.5655,6.04653,31.2608,0.84672,12.849,0.84672,3695.15,0,0,0,1.14239,2.44537,4.80641,1.52506,6.8691,0.42336,0,0.42336,460.49,0,1.02816,0,0,2.17055,1.14239,1.028160,1,0,38.1299,0,0,0,38.1299,0
49.2933,2.51335,0,0,1.38783,0.0476287,0.36288,3.6288,58.7943,0.66528,0,0,0.538849,0.337819,0,0.66528,12.849,1,0.635342,0.36288,0,29.7178,6.04653,23.3988,0.84672,12.849,0.84672,3695.15,0,0,0,1.11443,2.44579,4.38714,1.52506,6.4223,0.42336,0,0.42336,460.49,0,1.02816,0,0,2.14259,1.11443,1.028160,1,0,29.8211,0,0,0,29.8211,0
47.6478,2.49815,0,0,1.26236,0.0468608,0.36288,3.6288,58.2984,0.66528,0,0,0.506147,0.336814,0,0.66528,12.849,1,0.651178,0.36288,0,27.3265,6.04653,20.9917,0.84672,12.849,0.84672,3695.15,0,0,0,0.779121,2.4462,4.01516,1.52506,5.71543,0.42336,0,0.42336,460.49,0,1.02816,0,0,1.80728,0.779121,1.028160,1,0,26.7071,0,0,0,26.7071,0
45.8016,2.66254,0,0,1.22189,0.0426537,0.36288,3.6288,57.7646,0.66528,0,0,0.495952,0.364444,0,0.66528,12.849,1,0.717997,0.36288,0,25.555,5.99486,19.205,0.84672,12.849,0.84672,3695.15,0,0,0,0.485395,2.44662,3.78789,1.48877,5.23114,0.42336,0,0.42336,460.49,0,1.02816,0,0,1.51356,0.485395,1.028160,1,0,24.4361,0,0,0,24.4361,0
43.8989,2.64047,0,0,1.15619,0.0555716,0.36288,3.6288,57.2102,0.66528,0,0,0.456968,0.346134,0,0.66528,12.849,1,0.740746,0.36288,0,23.0249,5.96829,16.6788,0.84672,12.849,0.84672,3695.15,0,0,0,0.472876,2.62999,3.99019,1.50564,5.58742,0.42336,0,0.42336,460.49,0,1.02816,0,0,1.50104,0.472876,1.028160,1,0,22.2662,0,0,0,22.2662,0
41.9516,2.61616,0,0,1.08241,0.0506333,0.36288,3.6288,56.6471,0.66528,0,0,0.449669,0.347416,0,0.66528,12.849,1,0.765737,0.36288,0,23.2039,6.04306,16.758,0.84672,12.849,0.84672,3695.15,0,0,0,0.951532,2.63045,3.794,1.52058,5.8554,0.42336,0,0.42336,460.49,0,1.02816,0,0,1.97969,0.951532,1.028160,1,0,22.6134,0,0,0,22.6134,0
39.989,2.58947,0,0,1.03924,0.049507,0.36288,3.6288,56.0789,0.66528,0,0,0.443197,0.346146,0,0.66528,12.849,1,0.793106,0.36288,0,21.8842,6.04306,15.4109,0.84672,12.849,0.84672,3695.15,0,0,0,0.915952,2.6309,3.73974,1.52058,5.76601,0.42336,0,0.42336,460.49,0,1.02816,0,0,1.94411,0.915952,1.028160,1,0,21.1769,0,0,0,21.1769,0
38.0992,2.56052,0,0,1.10111,0.0675217,0.36288,3.6288,55.565,0.66528,0,0,0.463316,0.311941,0,0.66528,12.849,1,0.82273,0.36288,0,22.1815,5.1738,16.5478,0.84672,12.849,0.84672,3695.15,0,0,0,0.644509,2.63135,4.41952,1.31271,6.38266,0.42336,0,0.42336,460.49,0,1.02816,0,0,1.67267,0.644509,1.028160,1,0,22.9305,0,0,0,22.9305,0
36.2557,2.44641,0,0,1.0568,0.0910347,0.36288,3.6288,55.368,0.66528,0,0,0.73543,0.26714,0,0.66528,12.849,1,0.825054,0.36288,0,20.4176,4.01478,15.9407,0.84672,12.849,0.84672,3695.15,0,0,0,1.15773,2.6318,5.89448,1.03556,8.64844,0.42336,0,0.42336,460.49,0,1.02816,0,0,2.18589,1.15773,1.028160,1,0,24.5891,0,0,0,24.5891,0
34.3043,2.4254,0,0,0.925983,0.0890726,0.36288,3.6288,54.8905,0.66528,0,0,0.454573,0.266795,0,0.66528,12.849,1,0.84672,0.36288,0,20.7302,4.01478,16.2316,0.84672,12.849,0.84672,3695.15,0,0,0,0.553651,2.52628,4.64695,1.03556,6.69132,0.42336,0,0.42336,460.49,0,1.02816,0,0,1.58181,0.553651,1.028160,1,0,22.9229,0,0,0,22.9229,0
32.1816,2.42606,0,0,0.75327,0.0869957,0.36288,3.6288,54.3238,0.67487,0,0,0.374147,0.265958,0,0.66528,12.849,1,0.84672,0.36288,0,19.0363,4.01478,14.5377,0.84672,12.849,0.84672,3695.15,0,0,0,0.216518,2.52672,4.19874,1.03556,5.90641,0.42336,0,0.42336,460.49,0,1.01857,0,0,1.23509,0.216518,1.028160,1,0,20.4441,0,0,0,20.4441,0
30.4995,2.42672,0,0,1.24452,0.137078,0.36288,3.6288,54.0181,0.66528,0,0,0.56658,0.206998,0,0.66528,12.849,1,0.84672,0.36288,0,27.1019,3.18426,23.4338,0.84672,12.849,0.84672,3695.15,0,0,0,0.541719,2.52715,5.56234,0.775972,7.85523,0.42336,0,0.42336,460.49,0,1.02816,0,0,1.56988,0.541719,1.028160,1,0,31.289,0,0,0,31.289,0
28.6887,2.33499,0,0,1.03249,0.145425,0.36288,3.6288,53.3276,0.907839,0,0,0.462123,0.244761,0,0.66528,12.849,1,0.84672,0.36288,0,21.8953,4.34161,17.0699,0.84672,12.849,0.84672,3695.15,0,0,0,0.216518,2.52758,4.31769,0.964906,6.09689,0.42336,0,0.42336,460.49,0,0.785601,0,0,1.00212,0.216518,1.028160,1,0,23.1668,0,0,0,23.1668,0
26.7315,2.33563,0,0,0.91997,0.178641,0.36288,3.6288,52.2264,1.17924,0,0,0.315684,0.237664,0,0.66528,12.849,1,0.84672,0.36288,0,19.2702,4.40003,14.3864,0.84672,12.849,0.84672,3695.15,0,0,0,0.216518,2.43337,3.60806,1.03931,5.21863,0.42336,0,0.42336,460.49,0,0.514201,0,0,0.730719,0.216518,1.028160,1,0,19.605,0,0,0,19.605,0
25.0721,2.33627,0,0,1.21364,0.173873,0.36288,3.6288,52.0439,0.66528,0,0,0.718347,0.235576,0,0.66528,12.849,1,0.84672,0.36288,0,25.7822,4.40003,20.8983,0.84672,12.849,0.84672,3695.15,0,0,0,0.835021,2.43379,6.41339,1.03931,8.64289,0.42336,0,0.42336,460.49,0,1.02816,0,0,1.86318,0.835021,1.028160,1,0,29.5412,0,0,0,29.5412,0
25.4868,2.33692,0,0,3.28431,0.169831,0.36288,3.6288,52.8131,0.66528,0,0,1.66968,0.23523,0,0.66528,12.849,1,0.84672,0.36288,0,77.0049,4.40003,72.121,0.84672,12.849,0.84672,3695.15,0,0,0,2.33804,2.4342,11.1778,1.03931,14.9108,0.42336,0,0.42336,460.49,0,1.02816,0,0,3.3662,2.33804,1.028160,1,0,87.0318,0,0,0,87.0318,0
23.8743,2.07497,0,0,1.0225,0.197123,0.36288,3.6288,52.5481,0.66528,0,0,0.597309,0.197002,0,0.66528,12.849,1,0.84672,0.36288,0,35.6447,3.87855,31.2823,0.84672,12.849,0.84672,3695.15,0,0,0,0.593447,2.43462,6.58432,1.01396,8.59843,0.42336,0,0.42336,460.49,0,1.02816,0,0,1.62161,0.593447,1.028160,1,0,39.8807,0,0,0,39.8807,0
22.0363,2.07557,0,0,0.793866,0.193387,0.36288,3.6288,52.2879,0.66528,0,0,0.596139,0.191082,0,0.66528,12.849,1,0.84672,0.36288,0,37.4293,3.82232,33.1232,0.84672,12.849,0.84672,3695.15,0,0,0,1.01015,2.22464,7.35046,1.04698,9.53828,0.42336,0,0.42336,460.49,0,1.02816,0,0,2.03831,1.01015,1.028160,1,0,42.6615,0,0,0,42.6615,0
20.7368,2.07616,0,0,1.32799,0.188542,0.36288,3.6288,52.0531,0.66528,0,0,0.621182,0.190683,0,0.66528,12.849,1,0.84672,0.36288,0,35.882,3.82232,31.5759,0.84672,12.849,0.84672,3695.15,0,0,0,1.00017,2.22502,7.57801,1.04698,9.75622,0.42336,0,0.42336,460.49,0,1.02816,0,0,2.02833,1.00017,1.028160,1,0,41.3321,0,0,0,41.3321,0
21.275,2.07676,0,0,3.15476,0.17687,0.36288,3.6288,52.2296,0.66528,0,0,1.03777,0.195964,0,0.66528,12.849,1,0.84672,0.36288,0,33.1304,4.14511,28.5015,0.84672,12.849,0.84672,3695.15,0,0,0,1.91309,2.2254,11.0005,1.32192,13.8171,0.42336,0,0.42336,460.49,0,1.02816,0,0,2.94125,1.91309,1.028160,1,0,42.3186,0,0,0,42.3186,0
20.7734,2.07735,0,0,2.1238,0.185152,0.36288,3.6288,52.0734,0.66528,0,0,0.716871,0.207863,0,0.66528,12.849,1,0.84672,0.36288,0,61.4438,4.38527,56.5747,0.84672,12.849,0.84672,3695.15,0,0,0,0.988718,2.22578,7.53002,1.33876,9.40575,0.42336,0,0.42336,460.49,0,1.02816,0,0,2.01688,0.988718,1.028160,1,0,65.9804,0,0,0,65.9804,0
21.7257,1.86944,0,0,3.37808,0.193446,0.36288,3.6288,52.419,0.66528,0,0,1.19515,0.18422,0,0.66528,12.849,1,1.1563,0.36288,0,43.2433,3.60962,38.8402,0.84672,12.849,0.84672,3695.15,0,0,0,1.55044,2.22615,6.86566,0.82482,9.81744,0.42336,0,0.42336,460.49,0,1.02816,0,0,2.5786,1.55044,1.028160,1,0,48.6577,0,0,0,48.6577,0
24.2781,1.90165,0,0,5.00635,0.189446,0.36288,3.6288,52.7726,0.66528,0,0,1.18487,0.165979,0,0.66528,12.849,1,1.12467,0.36288,0,90.51,3.18832,86.5599,0.84672,12.849,0.84672,3695.15,0,0,0,1.2165,2.29218,7.60804,0.712375,10.4043,0.42336,0,0.42336,460.49,0,1.02816,0,0,2.24466,1.2165,1.028160,1,0,96.9643,0,0,0,96.9643,0
25.6349,1.97935,0,0,3.89527,0.196282,0.36288,3.6288,52.9542,0.66528,0,0,1.01327,0.166451,0,0.66528,12.849,1,1.04755,0.36288,0,55.7982,3.18832,51.9252,0.84672,12.849,0.84672,3695.15,0,0,0,0.864095,2.29255,5.52787,0.712375,7.97214,0.42336,0,0.42336,460.49,0,1.02816,0,0,1.89226,0.864095,1.028160,1,0,59.8974,0,0,0,59.8974,0
26.1285,2.01666,0,0,3.07331,0.200146,0.36288,3.6288,53.0198,0.66528,0,0,0.897618,0.166693,0,0.66528,12.849,1,1.01081,0.36288,0,35.5477,3.18832,31.7115,0.84672,12.849,0.84672,3695.15,0,0,0,0.627808,2.29291,4.70433,0.712375,6.91268,0.42336,0,0.42336,460.49,0,1.02816,0,0,1.65597,0.627808,1.028160,1,0,38.6241,0,0,0,38.6241,0
28.8026,2.24761,0,0,5.51864,0.234042,0.36288,3.6288,53.484,0.66528,0,0,1.3174,0.187887,0,0.66528,12.849,1,1.10529,0.36288,0,69.17,4.18813,64.2395,0.84672,12.849,0.84672,3695.15,0,0,0,2.56145,2.29328,6.54364,0.963613,10.4348,0.42336,0,0.42336,460.49,0,1.02816,0,0,3.58961,2.56145,1.028160,1,0,74.6742,0,0,0,74.6742,0
30.1295,2.31901,0,0,4.2573,0.248504,0.36288,3.6288,53.5205,0.66528,0,0,0.893811,0.192116,0,0.66528,12.849,1,1.03452,0.36288,0,54.4409,4.35477,49.4145,0.84672,12.849,0.84672,3695.15,0,0,0,1.72833,2.53002,7.15216,1.00549,10.405,0.42336,0,0.42336,460.49,0,1.02816,0,0,2.75649,1.72833,1.028160,1,0,59.8195,0,0,0,59.8195,0
31.1597,2.3514,0,0,3.96497,0.22053,0.36288,3.6288,53.5972,0.66528,0,0,0.947855,0.205802,0,0.66528,12.849,1,1.00277,0.36288,0,65.5208,4.44747,60.4335,0.84672,12.849,0.84672,3695.15,0,0,0,1.99816,2.53043,6.71743,1.10428,10.1417,0.42336,0,0.42336,460.49,0,1.02816,0,0,3.02632,1.99816,1.028160,1,0,70.5752,0,0,0,70.5752,0
32.4771,2.37532,0,0,4.27368,0.218075,0.36288,3.6288,54.017,0.66528,0,0,1.29329,0.208201,0,0.66528,12.849,1,0.979486,0.36288,0,77.7609,4.46292,72.6813,0.84672,12.849,0.84672,3695.15,0,0,0,1.37158,2.53084,5.95468,1.12074,8.73636,0.42336,0,0.42336,460.49,0,1.02816,0,0,2.39974,1.37158,1.028160,1,0,81.4177,0,0,0,81.4177,0
36.1482,2.07202,0,0,6.34773,0.241739,0.36288,3.6288,55.0284,0.66528,0,0,1.84593,0.169244,0,0.66528,12.849,1,0.819761,0.36288,0,100.678,3.55176,96.669,0.84672,12.849,0.84672,3695.15,0,0,0,4.07066,2.53125,9.73797,0.940977,15.3989,0.42336,0,0.42336,460.49,0,1.02816,0,0,5.09882,4.07066,1.028160,1,0,112.068,0,0,0,112.068,0
40.036,2.13385,0,0,6.64086,0.256333,0.36288,3.6288,56.3607,0.66528,0,0,2.1613,0.163734,0,0.66528,12.849,1,0.758486,0.36288,0,112.355,3.3999,108.559,0.84672,12.849,0.84672,3695.15,0,0,0,3.31421,2.20909,12.8496,0.911016,17.4619,0.42336,0,0.42336,460.49,0,1.02816,0,0,4.34237,3.31421,1.028160,1,0,126.021,0,0,0,126.021,0
44.1335,2.19003,0,0,6.90654,0.256068,0.36288,3.6288,57.6557,0.66528,0,0,2.14828,0.187984,0,0.66528,12.849,1,0.702862,0.36288,0,84.2611,4.07364,79.8475,0.84672,12.849,0.84672,3695.15,0,0,0,3.52012,2.20944,10.5557,1.00732,15.278,0.42336,0,0.42336,460.49,0,1.02816,0,0,4.54828,3.52012,1.028160,1,0,95.1254,0,0,0,95.1254,0
47.3116,2.24101,0,0,6.04101,0.258994,0.36288,3.6288,58.259,0.66528,0,0,1.47533,0.206829,0,0.66528,12.849,1,0.652445,0.36288,0,69.053,4.57895,64.1845,0.84672,12.849,0.84672,3695.15,0,0,0,2.84158,2.20979,7.84097,1.07955,11.8128,0.42336,0,0.42336,460.49,0,1.02816,0,0,3.86974,2.84158,1.028160,1,0,75.9973,0,0,0,75.9973,0
50.2103,2.27591,0,0,5.80072,0.263247,0.36288,3.6288,59.0761,0.66528,0,0,1.68039,0.197985,0,0.66528,12.849,1,0.618096,0.36288,0,88.9021,4.38968,84.2573,0.84672,12.849,0.84672,3695.15,0,0,0,2.61903,2.21015,7.84279,1.08627,11.5857,0.42336,0,0.42336,460.49,0,1.02816,0,0,3.64719,2.61903,1.028160,1,0,95.8429,0,0,0,95.8429,0
52.8236,2.39777,0,0,5.63851,0.264566,0.36288,3.6288,59.9049,0.66528,0,0,1.68015,0.186092,0,0.66528,12.849,1,0.613598,0.36288,0,74.0111,4.13731,69.6231,0.84672,12.849,0.84672,3695.15,0,0,0,2.28426,2.2105,6.61565,1.09523,10.0152,0.42336,0,0.42336,460.49,0,1.02816,0,0,3.31242,2.28426,1.028160,1,0,79.6382,0,0,0,79.6382,0
54.5386,2.42265,0,0,4.77241,0.271861,0.36288,3.6288,61.0521,0.66528,0,0,1.99962,0.187081,0,0.66528,12.849,1,0.589294,0.36288,0,65.8471,4.13731,61.4834,0.84672,12.849,0.84672,3695.15,0,0,0,2.45854,2.29045,6.95469,1.09523,10.6084,0.42336,0,0.42336,460.49,0,1.02816,0,0,3.4867,2.45854,1.028160,1,0,72.0918,0,0,0,72.0918,0
56.6366,2.43811,0,0,5.17563,0.276648,0.36288,3.6288,61.308,0.66528,0,0,1.70399,0.18845,0.594394,0.66528,12.849,1,0.574406,0.36288,0,71.2662,4.13731,66.9173,0.84672,12.849,0.84672,3695.15,0,0,0,2.3863,2.29082,6.63284,1.09523,10.2147,0.42336,0,0.42336,460.49,0,1.02816,0,0,3.41446,2.3863,1.028160,1,0,77.7265,0,0,0,77.7265,0
57.8876,2.45593,0,0,4.32405,0.254298,0.36288,3.6288,61.308,0.66528,0,0,1.22633,0.20997,0.351077,0.66528,12.849,1,0.55717,0.36288,0,62.2631,4.35391,57.7149,0.84672,12.849,0.84672,3695.15,0,0,0,1.90026,2.29118,4.88159,1.17148,7.90156,0.42336,0,0.42336,460.49,0,1.02816,0,0,2.92842,1.90026,1.028160,1,0,65.9676,0,0,0,65.9676,0
59.2409,2.42885,0,0,4.34488,0.199785,0.36288,3.6288,61.308,0.66528,0,0,1.30989,0.199114,0.445499,0.66528,12.849,1,0.539119,0.36288,0,77.3513,3.86977,73.3053,0.84672,12.849,0.84672,3695.15,0,0,0,3.17055,2.29155,6.02559,1.12995,10.3577,0.42336,0,0.42336,460.49,0,1.02816,0,0,4.19871,3.17055,1.028160,1,0,84.1085,0,0,0,84.1085,0
59.9092,2.43944,0,0,3.673,0.202424,0.36288,3.6288,61.308,0.66528,0,0,1.22029,0.199114,0.355894,0.66528,12.849,1,0.529099,0.36288,0,65.8696,3.86977,61.8336,0.84672,12.849,0.84672,3695.15,0,0,0,2.72795,2.26092,4.96616,1.12995,8.82508,0.42336,0,0.42336,460.49,0,1.02816,0,0,3.75611,2.72795,1.028160,1,0,71.0146,0,0,0,71.0146,0
60.1549,2.44476,0,0,3.25708,0.203727,0.36288,3.6288,61.308,0.66528,0,0,1.09589,0.199114,0.231495,0.66528,12.849,1,0.52434,0.36288,0,56.7816,3.86977,52.7504,0.84672,12.849,0.84672,3695.15,0,0,0,2.24107,2.26129,4.28309,1.12995,7.65549,0.42336,0,0.42336,460.49,0,1.02816,0,0,3.26923,2.24107,1.028160,1,0,60.6374,0,0,0,60.6374,0
60.119,2.447,0,0,2.97034,0.196361,0.36288,3.6288,61.308,0.66528,0,0,0.988718,0.187737,0.135702,0.66528,12.849,1,0.522675,0.36288,0,51.0047,3.63385,47.211,0.84672,12.849,0.84672,3695.15,0,0,0,1.98079,2.26165,3.95073,1.07012,7.12305,0.42336,0,0.42336,460.49,0,1.02816,0,0,3.00895,1.98079,1.028160,1,0,54.4698,0,0,0,54.4698,0
59.7858,2.57511,0,0,2.7556,0.15086,0.36288,3.6288,61.2888,0.66528,0,0,0.833769,0.187694,0,0.66528,12.849,1,0.550369,0.36288,0,43.8142,3.54979,40.0769,0.84672,12.849,0.84672,3695.15,0,0,0,1.72588,2.26201,3.31869,1.03073,6.27585,0.42336,0,0.42336,460.49,0,1.02816,0,0,2.75404,1.72588,1.028160,1,0,46.3528,0,0,0,46.3528,0
59.2416,2.57308,0,0,2.51257,0.120804,0.36288,3.6288,61.21,0.66528,0,0,0.790551,0.204028,0,0.66528,12.849,1,0.552999,0.36288,0,36.8455,3.9038,32.7516,0.84672,12.849,0.84672,3695.15,0,0,0,1.65459,2.37105,3.08002,1.04673,6.05894,0.42336,0,0.42336,460.49,0,1.02816,0,0,2.68275,1.65459,1.028160,1,0,38.8106,0,0,0,38.8106,0
58.6519,2.56939,0,0,2.46274,0.120174,0.36288,3.6288,61.1959,0.66528,0,0,0.85504,0.203926,0,0.66528,12.849,1,0.55728,0.36288,0,35.2969,3.9038,31.1987,0.84672,12.849,0.84672,3695.15,0,0,0,1.60396,2.37144,3.31882,1.04673,6.24748,0.42336,0,0.42336,460.49,0,1.02816,0,0,2.63212,1.60396,1.028160,1,0,37.4462,0,0,0,37.4462,0
57.9028,2.56528,0,0,2.29857,0.119491,0.36288,3.6288,61.1081,0.66528,0,0,0.781393,0.203908,0,0.66528,12.849,1,0.561983,0.36288,0,32.9959,3.9038,28.893,0.84672,12.849,0.84672,3695.15,0,0,0,1.41503,2.37182,2.93885,1.04673,5.67897,0.42336,0,0.42336,460.49,0,1.02816,0,0,2.44319,1.41503,1.028160,1,0,34.572,0,0,0,34.572,0
57.0088,2.55982,0,0,2.12666,0.0979373,0.36288,3.6288,60.9016,0.66528,0,0,0.705309,0.246513,0,0.66528,12.849,1,0.568041,0.36288,0,29.7706,4.71041,24.855,0.84672,12.849,0.84672,3695.15,0,0,0,1.0594,2.3722,2.60598,1.1797,4.85788,0.42336,0,0.42336,460.49,0,1.02816,0,0,2.08756,1.0594,1.028160,1,0,29.7129,0,0,0,29.7129,0
56.0256,2.52796,0,0,1.99784,0.0901533,0.36288,3.6288,60.5911,0.66528,0,0,0.638237,0.28348,0,0.66528,12.849,1,0.569768,0.36288,0,27.6811,5.33148,22.1427,0.84672,12.849,0.84672,3695.15,0,0,0,0.567527,2.37258,2.24967,1.29248,3.89729,0.42336,0,0.42336,460.49,0,1.02816,0,0,1.59569,0.567527,1.028160,1,0,26.04,0,0,0,26.04,0
54.9158,2.52031,0,0,1.86265,0.0892807,0.36288,3.6288,60.2561,0.66528,0,0,0.613241,0.282922,0,0.66528,12.849,1,0.578011,0.36288,0,27.315,5.33148,21.7684,0.84672,12.849,0.84672,3695.15,0,0,0,0.503237,2.41098,2.29877,1.29248,3.9205,0.42336,0,0.42336,460.49,0,1.02816,0,0,1.5314,0.503237,1.028160,1,0,25.6889,0,0,0,25.6889,0
53.6406,2.51132,0,0,1.68732,0.0882957,0.36288,3.6288,59.8945,0.66528,0,0,0.585998,0.28232,0,0.66528,12.849,1,0.587589,0.36288,0,26.8436,5.33148,21.2874,0.84672,12.849,0.84672,3695.15,0,0,0,0.427127,2.41137,2.17165,1.29248,3.71766,0.42336,0,0.42336,460.49,0,1.02816,0,0,1.45529,0.427127,1.028160,1,0,25.0051,0,0,0,25.0051,0
52.2305,2.50053,0,0,1.53632,0.0831114,0.36288,3.6288,59.4909,0.66528,0,0,0.554196,0.292542,0,0.66528,12.849,1,0.598973,0.36288,0,23.6303,5.47263,17.9216,0.84672,12.849,0.84672,3695.15,0,0,0,0.288127,2.41176,2.10775,1.34401,3.46362,0.42336,0,0.42336,460.49,0,1.02816,0,0,1.31629,0.288127,1.028160,1,0,21.3852,0,0,0,21.3852,0
50.7496,2.55175,0,0,1.51091,0.0770955,0.36288,3.6288,59.0887,0.66528,0,0,0.529406,0.266345,0,0.66528,12.849,1,0.627746,0.36288,0,22.6479,4.64061,17.7424,0.84672,12.849,0.84672,3695.15,0,0,0,0.444519,2.41215,2.3086,1.14279,4.02247,0.42336,0,0.42336,460.49,0,1.02816,0,0,1.47268,0.444519,1.028160,1,0,21.7649,0,0,0,21.7649,0
49.2324,2.53762,0,0,1.43951,0.0562621,0.36288,3.6288,58.5935,0.680072,0,0,0.525461,0.340577,0,0.66528,12.849,1,0.642484,0.36288,0,21.0205,5.99812,14.7428,0.84672,12.849,0.84672,3695.15,0,0,0,0.261274,2.46646,1.95156,1.54495,3.13434,0.42336,0,0.42336,460.49,0,1.01337,0,0,1.27464,0.261274,1.028160,1,0,17.8771,0,0,0,17.8771,0
47.7061,2.52239,0,0,1.41436,0.055365,0.36288,3.6288,58.0566,0.66528,0,0,0.467865,0.339496,0,0.66528,12.849,1,0.658311,0.36288,0,20.0433,5.99812,13.7498,0.84672,12.849,0.84672,3695.15,0,0,0,0.478984,2.46686,1.78052,1.54495,3.18141,0.42336,0,0.42336,460.49,0,1.02816,0,0,1.50714,0.478984,1.028160,1,0,16.9312,0,0,0,16.9312,0
46.3808,2.50628,0,0,1.59826,0.0544552,0.36288,3.6288,57.6306,0.66528,0,0,0.577625,0.338324,0,0.66528,12.849,1,0.675032,0.36288,0,24.9525,5.99812,18.6422,0.84672,12.849,0.84672,3695.15,0,0,0,0.307947,2.46725,2.15774,1.54495,3.38799,0.42336,0,0.42336,460.49,0,1.02816,0,0,1.33611,0.307947,1.028160,1,0,22.0302,0,0,0,22.0302,0
44.4273,2.67387,0,0,1.13091,0.0475887,0.36288,3.6288,57.0747,0.66528,0,0,0.44003,0.330664,0,0.66528,12.849,1,0.740749,0.36288,0,18.4765,5.90111,12.1975,0.84672,12.849,0.84672,3695.15,0,0,0,0.272618,2.46765,2.14202,1.5202,3.36209,0.42336,0,0.42336,460.49,0,1.02816,0,0,1.30078,0.272618,1.028160,1,0,15.5596,0,0,0,15.5596,0
42.3399,2.6491,0,0,0.966678,0.0420976,0.36288,3.6288,56.4874,0.674404,0,0,0.411629,0.324446,0,0.66528,12.849,1,0.766157,0.36288,0,15.0963,5.82834,8.86471,0.84672,12.849,0.84672,3695.15,0,0,0,0.227405,2.65269,2.35474,1.50164,3.73319,0.42336,0,0.42336,460.49,0,1.01904,0,0,1.24644,0.227405,1.028160,1,0,12.5979,0,0,0,12.5979,0
40.7198,2.62062,0,0,1.40444,0.0410998,0.36288,3.6288,55.9719,0.66528,0,0,0.472976,0.323208,0,0.66528,12.849,1,0.795286,0.36288,0,17.1938,5.82834,10.933,0.84672,12.849,0.84672,3695.15,0,0,0,0.439819,2.65312,2.61075,1.50164,4.20205,0.42336,0,0.42336,460.49,0,1.02816,0,0,1.46798,0.439819,1.028160,1,0,15.1351,0,0,0,15.1351,0
39.7211,2.59706,0,0,2.02424,0.0630066,0.36288,3.6288,55.6197,0.66528,0,0,0.626056,0.313061,0,0.66528,12.849,1,0.819493,0.36288,0,28.0524,5.69693,21.8989,0.84672,12.849,0.84672,3695.15,0,0,0,0.563147,2.65355,2.90656,1.47512,4.64813,0.42336,0,0.42336,460.49,0,1.02816,0,0,1.59131,0.563147,1.028160,1,0,26.547,0,0,0,26.547,0
38.0252,2.58197,0,0,1.30372,0.0547826,0.36288,3.6288,55.1304,0.66528,0,0,0.496755,0.320679,0,0.66528,12.849,1,0.835219,0.36288,0,28.8109,6.24859,22.09,0.84672,12.849,0.84672,3695.15,0,0,0,0.364833,2.65398,2.25443,1.58643,3.68681,0.42336,0,0.42336,460.49,0,1.02816,0,0,1.39299,0.364833,1.028160,1,0,25.7768,0,0,0,25.7768,0
36.0083,2.46977,0,0,0.878679,0.0628504,0.36288,3.6288,54.594,0.66528,0,0,0.440701,0.311904,0,0.66528,12.849,1,0.834556,0.36288,0,13.8624,6.04132,7.34945,0.84672,12.849,0.84672,3695.15,0,0,0,0.262803,2.65441,2.82346,1.43943,4.30124,0.42336,0,0.42336,460.49,0,1.02816,0,0,1.29096,0.262803,1.028160,1,0,11.6507,0,0,0,11.6507,0
34.0151,2.43578,0,0,0.902491,0.0970721,0.36288,3.6288,54.0262,0.721388,0,0,0.424826,0.271162,0,0.66528,12.849,1,0.869171,0.36288,0,10.6043,5.5804,4.51761,0.84672,12.849,0.84672,3695.15,0,0,0,0.216518,2.54789,2.44566,1.27265,3.93742,0.42336,0,0.42336,460.49,0,0.972052,0,0,1.18857,0.216518,1.028160,1,0,8.45503,0,0,0,8.45503,0
32.4981,2.39927,0,0,1.35353,0.108348,0.36288,3.6288,53.5929,0.66528,0,0,0.488943,0.256979,0,0.66528,12.849,1,0.90631,0.36288,0,12.9146,5.46998,6.90123,0.84672,12.849,0.84672,3695.15,0,0,0,0.450749,2.5483,2.60132,1.23472,4.36565,0.42336,0,0.42336,460.49,0,1.02816,0,0,1.47891,0.450749,1.028160,1,0,11.2669,0,0,0,11.2669,0
31.487,2.3694,0,0,1.82748,0.10633,0.36288,3.6288,53.4616,0.66528,0,0,0.790105,0.256161,0,0.66528,12.849,1,0.936806,0.36288,0,25.7716,5.46998,19.7277,0.84672,12.849,0.84672,3695.15,0,0,0,1.37649,2.54871,4.09762,1.23472,6.7881,0.42336,0,0.42336,460.49,0,1.02816,0,0,2.40465,1.37649,1.028160,1,0,26.5158,0,0,0,26.5158,0
30.1,2.28226,0,0,1.37621,0.118002,0.36288,3.6288,53.2451,0.66528,0,0,0.655239,0.206457,0,0.66528,12.849,1,0.931331,0.36288,0,20.1576,4.33535,15.2538,0.84672,12.849,0.84672,3695.15,0,0,0,0.312474,2.54912,4.4659,1.02182,6.30569,0.42336,0,0.42336,460.49,0,1.02816,0,0,1.34063,0.312474,1.028160,1,0,21.5594,0,0,0,21.5594,0
28.786,2.25262,0,0,1.46308,0.161669,0.36288,3.6288,52.5254,0.992053,0,0,0.463431,0.191095,0,0.66528,12.849,1,0.961589,0.36288,0,19.4139,4.21439,14.6008,0.84672,12.849,0.84672,3695.15,0,0,0,0.216518,2.45402,3.94811,1.07314,5.54551,0.42336,0,0.42336,460.49,0,0.701387,0,0,0.917905,0.216518,1.028160,1,0,20.1463,0,0,0,20.1463,0
27.7493,2.22269,0,0,1.70777,0.158827,0.36288,3.6288,52.5789,0.66528,0,0,0.908787,0.189997,0,0.66528,12.849,1,0.992127,0.36288,0,22.5976,4.21439,17.7539,0.84672,12.849,0.84672,3695.15,0,0,0,1.09473,2.45442,6.26842,1.07314,8.74443,0.42336,0,0.42336,460.49,0,1.02816,0,0,2.12289,1.09473,1.028160,1,0,26.4984,0,0,0,26.4984,0
29.5897,2.19777,0,0,4.55757,0.156585,0.36288,3.6288,53.9491,0.66528,0,0,2.22554,0.190079,0,0.66528,12.849,1,1.01765,0.36288,0,66.4122,4.21439,61.5431,0.84672,12.849,0.84672,3695.15,0,0,0,2.94382,2.45481,11.8346,1.07314,16.1601,0.42336,0,0.42336,460.49,0,1.02816,0,0,3.97198,2.94382,1.028160,1,0,77.7032,0,0,0,77.7032,0
30.646,2.05758,0,0,3.65612,0.179284,0.36288,3.6288,54.6607,0.66528,0,0,1.56196,0.185011,0,0.66528,12.849,1,0.89348,0.36288,0,54.5206,4.35288,49.6372,0.84672,12.849,0.84672,3695.15,0,0,0,1.52718,2.4552,7.19038,1.06035,10.1124,0.42336,0,0.42336,460.49,0,1.02816,0,0,2.55534,1.52718,1.028160,1,0,59.7496,0,0,0,59.7496,0
32.1412,2.07967,0,0,4.12076,0.183059,0.36288,3.6288,55.851,0.66528,0,0,2.04918,0.193641,0,0.66528,12.849,1,0.871947,0.36288,0,83.0192,4.6472,77.8629,0.84672,12.849,0.84672,3695.15,0,0,0,2.04003,2.24329,7.69245,1.10471,10.8711,0.42336,0,0.42336,460.49,0,1.02816,0,0,3.06819,2.04003,1.028160,1,0,88.734,0,0,0,88.734,0
31.4624,2.10905,0,0,1.97978,0.186602,0.36288,3.6288,56.3141,0.66528,0,0,1.32359,0.195162,0,0.66528,12.849,1,0.84313,0.36288,0,50.0397,4.6472,44.9122,0.84672,12.849,0.84672,3695.15,0,0,0,0.65118,2.24365,5.61326,1.10471,7.40338,0.42336,0,0.42336,460.49,0,1.02816,0,0,1.67934,0.65118,1.028160,1,0,52.3156,0,0,0,52.3156,0
31.5441,2.09654,0,0,2.73334,0.192271,0.36288,3.6288,56.6517,0.66528,0,0,1.20652,0.203678,0,0.66528,12.849,1,0.856209,0.36288,0,40.2783,4.29372,35.4912,0.84672,12.849,0.84672,3695.15,0,0,0,1.0297,2.24401,5.10812,1.10638,7.27545,0.42336,0,0.42336,460.49,0,1.02816,0,0,2.05786,1.0297,1.028160,1,0,42.7667,0,0,0,42.7667,0
33.6452,2.09851,0,0,4.75953,0.197053,0.36288,3.6288,57.624,0.66528,0,0,1.82687,0.189259,0,0.66528,12.849,1,0.854797,0.36288,0,70.6401,3.59591,66.5523,0.84672,12.849,0.84672,3695.15,0,0,0,2.8945,2.24437,9.46512,0.992216,13.6118,0.42336,0,0.42336,460.49,0,1.02816,0,0,3.92266,2.8945,1.028160,1,0,80.1641,0,0,0,80.1641,0
34.9213,2.21135,0,0,3.99381,0.143456,0.36288,3.6288,58.0218,0.66528,0,0,1.25498,0.191903,0,0.66528,12.849,1,0.84451,0.36288,0,89.6279,3.96931,85.177,0.84672,12.849,0.84672,3695.15,0,0,0,3.98993,2.24472,8.21569,0.763672,13.6867,0.42336,0,0.42336,460.49,0,1.02816,0,0,5.01809,3.98993,1.028160,1,0,98.8636,0,0,0,98.8636,0
35.8101,2.23431,0,0,3.63175,0.145714,0.36288,3.6288,58.3058,0.66528,0,0,1.14166,0.192397,0,0.66528,12.849,1,0.822097,0.36288,0,81.0821,3.96931,76.6535,0.84672,12.849,0.84672,3695.15,0,0,0,3.54771,2.31132,7.55594,0.763672,12.6513,0.42336,0,0.42336,460.49,0,1.02816,0,0,4.57587,3.54771,1.028160,1,0,89.3048,0,0,0,89.3048,0
36.6062,2.24973,0,0,3.56416,0.155517,0.36288,3.6288,58.6065,0.66528,0,0,1.15989,0.193902,0,0.66528,12.849,1,0.807224,0.36288,0,78.8391,4.03669,74.3581,0.84672,12.849,0.84672,3695.15,0,0,0,3.62472,2.31167,7.86275,0.801372,12.9978,0.42336,0,0.42336,460.49,0,1.02816,0,0,4.65288,3.62472,1.028160,1,0,87.3559,0,0,0,87.3559,0
37.3318,2.26313,0,0,3.56194,0.210286,0.36288,3.6288,58.8084,0.66528,0,0,1.07743,0.210236,0,0.66528,12.849,1,0.794373,0.36288,0,78.2032,4.68632,73.0854,0.84672,12.849,0.84672,3695.15,0,0,0,3.51633,2.31202,7.83268,1.18111,12.4799,0.42336,0,0.42336,460.49,0,1.02816,0,0,4.54449,3.51633,1.028160,1,0,85.5653,0,0,0,85.5653,0
39.4064,2.51886,0,0,5.18293,0.226606,0.36288,3.6288,59.077,0.66528,0,0,1.13254,0.198737,0,0.66528,12.849,1,0.866952,0.36288,0,100.166,4.41313,95.2489,0.84672,12.849,0.84672,3695.15,0,0,0,2.94122,2.31236,8.93773,1.15522,13.0361,0.42336,0,0.42336,460.49,0,1.02816,0,0,3.96938,2.94122,1.028160,1,0,108.285,0,0,0,108.285,0
39.057,2.55374,0,0,2.8034,0.236209,0.36288,3.6288,58.9766,0.66528,0,0,0.754479,0.189531,0,0.66528,12.849,1,0.832681,0.36288,0,65.0675,4.17302,60.4247,0.84672,12.849,0.84672,3695.15,0,0,0,1.34898,2.55121,5.83832,1.06298,8.67554,0.42336,0,0.42336,460.49,0,1.02816,0,0,2.37714,1.34898,1.028160,1,0,69.1002,0,0,0,69.1002,0
37.9041,2.54858,0,0,1.97198,0.213424,0.36288,3.6288,58.6798,0.66528,0,0,0.567996,0.199556,0,0.66528,12.849,1,0.838435,0.36288,0,41.7448,4.11054,37.1587,0.84672,12.849,0.84672,3695.15,0,0,0,0.706035,2.55159,4.87807,1.02114,7.11457,0.42336,0,0.42336,460.49,0,1.02816,0,0,1.73419,0.706035,1.028160,1,0,44.2732,0,0,0,44.2732,0
37.45,2.52998,0,0,2.64073,0.201962,0.36288,3.6288,58.7663,0.66528,0,0,0.95504,0.203227,0,0.66528,12.849,1,0.857632,0.36288,0,60.6277,4.08555,56.0474,0.84672,12.849,0.84672,3695.15,0,0,0,1.51966,2.55198,6.78369,1.0044,9.85092,0.42336,0,0.42336,460.49,0,1.02816,0,0,2.54782,1.51966,1.028160,1,0,65.8984,0,0,0,65.8984,0
39.6322,2.17438,0,0,4.94656,0.227032,0.36288,3.6288,59.9166,0.66528,0,0,1.97764,0.162126,0,0.66528,12.849,1,0.746025,0.36288,0,98.7697,3.24847,95.1381,0.84672,12.849,0.84672,3695.15,0,0,0,1.93273,2.55237,11.8837,0.833421,15.5354,0.42336,0,0.42336,460.49,0,1.02816,0,0,2.96089,1.93273,1.028160,1,0,110.674,0,0,0,110.674,0
41.3044,2.2058,0,0,4.48448,0.243595,0.36288,3.6288,61.2708,0.66528,0,0,2.16621,0.146716,0,0.66528,12.849,1,0.715132,0.36288,0,117.741,2.91364,114.475,0.84672,12.849,0.84672,3695.15,0,0,0,2.43408,2.2273,11.1664,0.76503,15.0628,0.42336,0,0.42336,460.49,0,1.02816,0,0,3.46224,2.43408,1.028160,1,0,129.538,0,0,0,129.538,0
43.8654,2.22828,0,0,5.40057,0.248464,0.36288,3.6288,61.308,0.66528,0,0,2.08431,0.147983,1.23382,0.66528,12.849,1,0.693174,0.36288,0,122.578,2.91364,119.334,0.84672,12.849,0.84672,3695.15,0,0,0,1.891,2.22763,13.7676,0.76503,17.1212,0.42336,0,0.42336,460.49,0,1.02816,0,0,2.91916,1.891,1.028160,1,0,137.689,0,0,0,137.689,0
45.8476,2.25998,0,0,4.83354,0.228427,0.36288,3.6288,61.308,0.66528,0,0,2.04286,0.160553,1.21703,0.66528,12.849,1,0.661992,0.36288,0,127.415,3.46429,123.652,0.84672,12.849,0.84672,3695.15,0,0,0,2.5239,2.22796,11.3352,0.908388,15.1787,0.42336,0,0.42336,460.49,0,1.02816,0,0,3.55206,2.5239,1.028160,1,0,140.047,0,0,0,140.047,0
47.8768,2.28275,0,0,4.90517,0.230337,0.36288,3.6288,61.308,0.66528,0,0,2.19189,0.171189,1.35542,0.66528,12.849,1,0.639751,0.36288,0,84.3724,4.33495,79.7605,0.84672,12.849,0.84672,3695.15,0,0,0,1.7477,2.2283,10.7744,1.00134,13.7491,0.42336,0,0.42336,460.49,0,1.02816,0,0,2.77586,1.7477,1.028160,1,0,94.865,0,0,0,94.865,0
48.2261,2.39745,0,0,3.31955,0.209957,0.36288,3.6288,61.308,0.66528,0,0,1.44545,0.197111,0.583064,0.66528,12.849,1,0.643419,0.36288,0,56.6552,4.82538,51.5492,0.84672,12.849,0.84672,3695.15,0,0,0,0.571329,2.22863,6.83001,1.1503,8.47966,0.42336,0,0.42336,460.49,0,1.02816,0,0,1.59949,0.571329,1.028160,1,0,60.612,0,0,0,60.612,0
49.438,2.40156,0,0,4.17271,0.196398,0.36288,3.6288,61.308,0.66528,0,0,2.50288,0.206626,1.63097,0.66528,12.849,1,0.639854,0.36288,0,84.0326,4.94172,78.8139,0.84672,12.849,0.84672,3695.15,0,0,0,1.86678,2.30927,10.3542,1.1732,13.357,0.42336,0,0.42336,460.49,0,1.02816,0,0,2.89494,1.86678,1.028160,1,0,93.8019,0,0,0,93.8019,0
49.2968,2.41444,0,0,2.81399,0.177856,0.36288,3.6288,61.308,0.66528,0,0,1.39588,0.222607,0.507991,0.66528,12.849,1,0.627517,0.36288,0,66.7233,4.59224,61.8664,0.84672,12.849,0.84672,3695.15,0,0,0,0.643205,2.30961,6.01381,1.22133,7.74529,0.42336,0,0.42336,460.49,0,1.02816,0,0,1.67136,0.643205,1.028160,1,0,70.1197,0,0,0,70.1197,0
48.9166,2.41345,0,0,2.54927,0.153165,0.36288,3.6288,61.308,0.763275,0,0,1.22928,0.239466,0.226541,0.66528,12.849,1,0.629055,0.36288,0,59.9126,4.58041,55.066,0.84672,12.849,0.84672,3695.15,0,0,0,0.528595,2.30996,5.24695,1.26578,6.81973,0.42336,0,0.42336,460.49,0,0.930165,0,0,1.45876,0.528595,1.028160,1,0,62.1123,0,0,0,62.1123,0
48.4634,2.37349,0,0,2.4527,0.169507,0.36288,3.6288,61.2061,0.761668,0,0,0.849485,0.189753,0,0.66528,12.849,1,0.623449,0.36288,0,48.5371,3.96624,44.3103,0.84672,12.849,0.84672,3695.15,0,0,0,0.528595,2.3103,4.75077,1.08569,6.50398,0.42336,0,0.42336,460.49,0,0.931772,0,0,1.46037,0.528595,1.028160,1,0,50.8143,0,0,0,50.8143,0
47.7682,2.3693,0,0,2.18852,0.151523,0.36288,3.6288,60.8288,0.870074,0,0,0.712498,0.219695,0,0.66528,12.849,1,0.628169,0.36288,0,43.1273,4.28236,38.5796,0.84672,12.849,0.84672,3695.15,0,0,0,0.528595,2.27938,4.31356,1.11058,6.01096,0.42336,0,0.42336,460.49,0,0.823366,0,0,1.35196,0.528595,1.028160,1,0,44.5906,0,0,0,44.5906,0
46.997,2.36252,0,0,2.05967,0.105423,0.36288,3.6288,60.5273,0.764865,0,0,0.708592,0.24525,0,0.66528,12.849,1,0.635487,0.36288,0,40.2189,4.513,35.4333,0.84672,12.849,0.84672,3695.15,0,0,0,0.402797,2.27973,4.29273,1.12436,5.8509,0.42336,0,0.42336,460.49,0,0.928575,0,0,1.33137,0.402797,1.028160,1,0,41.2842,0,0,0,41.2842,0
46.1598,2.35475,0,0,1.9849,0.104534,0.36288,3.6288,60.2725,0.718157,0,0,0.708212,0.244781,0,0.66528,12.849,1,0.64379,0.36288,0,38.4534,4.513,33.6594,0.84672,12.849,0.84672,3695.15,0,0,0,0.402797,2.28007,4.71695,1.12436,6.27546,0.42336,0,0.42336,460.49,0,0.975283,0,0,1.37808,0.402797,1.028160,1,0,39.9349,0,0,0,39.9349,0
45.1414,2.46855,0,0,1.93444,0.12134,0.36288,3.6288,59.9439,0.857261,0,0,0.767664,0.239064,0,0.66528,12.849,1,0.687144,0.36288,0,36.3448,4.756,31.2645,0.84672,12.849,0.84672,3695.15,0,0,0,0.402797,2.28041,3.88498,1.12853,5.43965,0.42336,0,0.42336,460.49,0,0.836179,0,0,1.23898,0.402797,1.028160,1,0,36.7041,0,0,0,36.7041,0
43.8991,2.45692,0,0,1.68568,0.108209,0.36288,3.6288,59.4099,0.868838,0,0,0.552286,0.217432,0,0.66528,12.849,1,0.699335,0.36288,0,31.3832,4.43384,26.6129,0.84672,12.849,0.84672,3695.15,0,0,0,0.402797,2.39039,3.36502,1.12369,5.03452,0.42336,0,0.42336,460.49,0,0.824602,0,0,1.2274,0.402797,1.028160,1,0,31.6474,0,0,0,31.6474,0
42.5645,2.44204,0,0,1.55954,0.0891963,0.36288,3.6288,58.9845,0.764839,0,0,0.56145,0.221982,0,0.66528,12.849,1,0.714771,0.36288,0,28.4311,4.59638,23.4829,0.84672,12.849,0.84672,3695.15,0,0,0,0.30119,2.39075,3.32029,1.0936,4.91863,0.42336,0,0.42336,460.49,0,0.928601,0,0,1.22979,0.30119,1.028160,1,0,28.4015,0,0,0,28.4015,0
41.1995,2.42526,0,0,1.51095,0.0878365,0.36288,3.6288,58.5419,0.809585,0,0,0.588328,0.221378,0,0.66528,12.849,1,0.732116,0.36288,0,26.9774,4.59638,22.0118,0.84672,12.849,0.84672,3695.15,0,0,0,0.30119,2.39111,3.44664,1.0936,5.04534,0.42336,0,0.42336,460.49,0,0.883855,0,0,1.18505,0.30119,1.028160,1,0,27.0571,0,0,0,27.0571,0
39.6443,2.4072,0,0,1.2954,0.0805418,0.36288,3.6288,57.9761,0.852396,0,0,0.521774,0.235186,0,0.66528,12.849,1,0.75074,0.36288,0,24.658,4.81084,19.4593,0.84672,12.849,0.84672,3695.15,0,0,0,0.30119,2.39147,2.94422,1.14582,4.49106,0.42336,0,0.42336,460.49,0,0.841044,0,0,1.14223,0.30119,1.028160,1,0,23.9504,0,0,0,23.9504,0
37.8009,2.36197,0,0,0.946097,0.0645819,0.36288,3.6288,57.3592,0.803036,0,0,0.456477,0.270291,0,0.66528,12.849,1,0.765532,0.36288,0,21.7153,5.34702,15.9657,0.84672,12.849,0.84672,3695.15,0,0,0,0.30119,2.39183,2.53136,1.27637,3.94801,0.42336,0,0.42336,460.49,0,0.890404,0,0,1.19159,0.30119,1.028160,1,0,19.9137,0,0,0,19.9137,0
35.9262,2.33453,0,0,0.885928,0.0632148,0.36288,3.6288,56.6889,0.835039,0,0,0.433955,0.269214,0,0.66528,12.849,1,0.793534,0.36288,0,21.687,5.34702,15.9093,0.84672,12.849,0.84672,3695.15,0,0,0,0.261274,2.43054,2.6014,1.27637,4.01685,0.42336,0,0.42336,460.49,0,0.858401,0,0,1.11967,0.261274,1.028160,1,0,19.9262,0,0,0,19.9262,0
34.0028,2.30444,0,0,0.805715,0.0618244,0.36288,3.6288,55.9945,0.849554,0,0,0.423159,0.268044,0,0.66528,12.849,1,0.82418,0.36288,0,21.2624,5.34702,15.4541,0.84672,12.849,0.84672,3695.15,0,0,0,0.261274,2.43091,2.4926,1.27637,3.90841,0.42336,0,0.42336,460.49,0,0.843886,0,0,1.10516,0.261274,1.028160,1,0,19.3625,0,0,0,19.3625,0
32.0398,2.271,0,0,0.731315,0.0603979,0.36288,3.6288,55.1505,0.974177,0,0,0.396989,0.266832,0,0.66528,12.849,1,0.858168,0.36288,0,18.9467,5.34702,13.1044,0.84672,12.849,0.84672,3695.15,0,0,0,0.261274,2.43128,2.41125,1.27637,3.82743,0.42336,0,0.42336,460.49,0,0.719263,0,0,0.980536,0.261274,1.028160,1,0,16.9319,0,0,0,16.9319,0
30.0437,2.29105,0,0,0.700255,0.0424971,0.36288,3.6288,54.2074,1.05176,0,0,0.42173,0.313042,0,0.66528,12.849,1,0.918783,0.36288,0,19.0693,5.82585,12.6876,0.84672,12.849,0.84672,3695.15,0,0,0,0.261274,2.43164,2.17985,1.5554,3.31737,0.42336,0,0.42336,460.49,0,0.641684,0,0,0.902958,0.261274,1.028160,1,0,16.005,0,0,0,16.005,0
28.0639,2.24869,0,0,0.674101,0.0423396,0.36288,3.6288,53.2897,0.993695,0,0,0.38277,0.306776,0,0.66528,12.849,1,0.961712,0.36288,0,18.7307,5.74098,12.3908,0.84672,12.849,0.84672,3695.15,0,0,0,0.261274,2.4864,2.29637,1.5418,3.50225,0.42336,0,0.42336,460.49,0,0.699745,0,0,0.961019,0.261274,1.028160,1,0,15.8931,0,0,0,15.8931,0
26.088,2.20254,0,0,0.630792,0.0412174,0.36288,3.6288,52.3383,1.00106,0,0,0.354306,0.304695,0,0.66528,12.849,1,1.00843,0.36288,0,16.909,5.74098,10.5225,0.84672,12.849,0.84672,3695.15,0,0,0,0.227405,2.48678,2.04949,1.5418,3.22187,0.42336,0,0.42336,460.49,0,0.692375,0,0,0.91978,0.227405,1.028160,1,0,13.7443,0,0,0,13.7443,0
24.1124,2.15175,0,0,0.5791,0.0400974,0.36288,3.6288,51.3097,1.07661,0,0,0.350414,0.302382,0,0.66528,12.849,1,1.05979,0.36288,0,15.457,5.74098,9.01916,0.84672,12.849,0.84672,3695.15,0,0,0,0.227405,2.48715,2.00447,1.5418,3.17723,0.42336,0,0.42336,460.49,0,0.616827,0,0,0.844232,0.227405,1.028160,1,0,12.1964,0,0,0,12.1964,0
22.0613,2.2486,0,0,0.600465,0.0401087,0.36288,3.6288,50.6179,0.814899,0,0,0.415518,0.292419,0,0.66528,12.849,1,1.19823,0.36288,0,17.1037,5.766,10.5024,0.84672,12.849,0.84672,3695.15,0,0,0,0.227405,2.48753,2.91806,1.52639,4.1066,0.42336,0,0.42336,460.49,0,0.878541,0,0,1.10595,0.227405,1.028160,1,0,14.609,0,0,0,14.609,0
19.8941,2.17858,0,0,0.424853,0.0505564,0.36288,3.6288,49.7806,0.910423,0,0,0.357965,0.284787,0,0.66528,12.849,1,1.26886,0.36288,0,17.2442,5.54704,10.7912,0.84672,12.849,0.84672,3695.15,0,0,0,0.227405,2.67415,2.47435,1.4454,3.9305,0.42336,0,0.42336,460.49,0,0.783017,0,0,1.01042,0.227405,1.028160,1,0,14.7217,0,0,0,14.7217,0
17.803,2.09497,0,0,0.415845,0.049077,0.36288,3.6288,48.8883,0.944205,0,0,0.334689,0.282843,0,0.66528,12.849,1,1.35308,0.36288,0,15.7359,5.54704,9.19862,0.84672,12.849,0.84672,3695.15,0,0,0,0.204422,2.67455,2.48348,1.4454,3.91706,0.42336,0,0.42336,460.49,0,0.749235,0,0,0.953657,0.204422,1.028160,1,0,13.1157,0,0,0,13.1157,0
15.9937,2.00301,0,0,0.604162,0.0476495,0.36288,3.6288,48.2174,0.774697,0,0,0.38457,0.28077,0,0.66528,12.849,1,1.44564,0.36288,0,17.9222,5.54704,11.2924,0.84672,12.849,0.84672,3695.15,0,0,0,0.204422,2.67496,2.75348,1.4454,4.18746,0.42336,0,0.42336,460.49,0,0.918743,0,0,1.12317,0.204422,1.028160,1,0,15.4799,0,0,0,15.4799,0
14.4911,1.91266,0,0,0.839502,0.0665247,0.36288,3.6288,47.7225,0.717319,0,0,0.492888,0.270463,0,0.66528,12.849,1,1.5366,0.36288,0,28.3486,5.33422,21.8407,0.84672,12.849,0.84672,3695.15,0,0,0,0.204422,2.67536,3.09642,1.40139,4.57482,0.42336,0,0.42336,460.49,0,0.976121,0,0,1.18054,0.204422,1.028160,1,0,26.4155,0,0,0,26.4155,0
13.2536,1.76786,0,0,0.973693,0.080403,0.36288,3.6288,47.1422,0.798396,0,0,0.481954,0.263842,0,0.66528,12.849,1,1.56753,0.36288,0,22.8264,5.03674,16.585,0.84672,12.849,0.84672,3695.15,0,0,0,0.204422,2.67577,3.19684,1.29384,4.78319,0.42336,0,0.42336,460.49,0,0.895044,0,0,1.09947,0.204422,1.028160,1,0,21.3682,0,0,0,21.3682,0
11.9378,1.69384,0,0,0.819141,0.0782837,0.36288,3.6288,46.898,0.66528,0,0,0.683675,0.262563,0,0.66528,12.849,1,1.64213,0.36288,0,20.7003,5.03674,14.3843,0.84672,12.849,0.84672,3695.15,0,0,0,0.878498,2.5683,3.60861,1.29384,5.76157,0.42336,0,0.42336,460.49,0,1.02816,0,0,1.90666,0.878498,1.028160,1,0,20.1459,0,0,0,20.1459,0
10.5928,1.60695,0,0,0.700911,0.0760301,0.36288,3.6288,46.1663,0.847299,0,0,0.377611,0.262025,0,0.66528,12.849,1,1.72961,0.36288,0,20.6802,5.03674,14.2767,0.84672,12.849,0.84672,3695.15,0,0,0,0.216518,2.56869,2.68564,1.29384,4.17701,0.42336,0,0.42336,460.49,0,0.846141,0,0,1.06266,0.216518,1.028160,1,0,18.4537,0,0,0,18.4537,0
9.37023,1.50798,0,0,0.731272,0.0830041,0.36288,3.6288,45.4033,0.87982,0,0,0.363524,0.246736,0,0.66528,12.849,1,1.82917,0.36288,0,19.8776,4.82912,13.5822,0.84672,12.849,0.84672,3695.15,0,0,0,0.216518,2.56908,2.70264,1.22895,4.25929,0.42336,0,0.42336,460.49,0,0.81362,0,0,1.03014,0.216518,1.028160,1,0,17.8415,0,0,0,17.8415,0
11.0771,1.36793,0,0,3.54218,0.104462,0.36288,3.6288,45.7002,0.66528,0,0,1.14767,0.185438,0,0.66528,12.849,1,1.87578,0.36288,0,62.8068,3.84163,57.4523,0.84672,12.849,0.84672,3695.15,0,0,0,1.57594,2.56947,5.63523,0.970441,8.8102,0.42336,0,0.42336,460.49,0,1.02816,0,0,2.6041,1.57594,1.028160,1,0,66.2625,0,0,0,66.2625,0
14.1252,1.50201,0,0,5.00946,0.0965492,0.36288,3.6288,45.9309,0.66528,0,0,1.09043,0.194464,0,0.66528,12.849,1,1.74227,0.36288,0,73.3882,3.94495,68.0638,0.84672,12.849,0.84672,3695.15,0,0,0,2.09036,2.47352,8.39265,1.02279,11.9337,0.42336,0,0.42336,460.49,0,1.02816,0,0,3.11852,2.09036,1.028160,1,0,79.9976,0,0,0,79.9976,0
16.9819,1.69919,0,0,5.02211,0.103309,0.36288,3.6288,46.3205,0.66528,0,0,1.24974,0.194881,0,0.66528,12.849,1,1.54567,0.36288,0,79.2763,3.94495,74.1486,0.84672,12.849,0.84672,3695.15,0,0,0,2.11824,2.47389,9.45373,1.02279,13.0231,0.42336,0,0.42336,460.49,0,1.02816,0,0,3.1464,2.11824,1.028160,1,0,87.1717,0,0,0,87.1717,0
20.1479,1.84754,0,0,5.48561,0.109155,0.36288,3.6288,47.3699,0.66528,0,0,1.91024,0.195585,0,0.66528,12.849,1,1.3979,0.36288,0,74.5667,3.94495,69.5867,0.84672,12.849,0.84672,3695.15,0,0,0,3.14582,2.47427,11.2104,1.02279,15.8077,0.42336,0,0.42336,460.49,0,1.02816,0,0,4.17398,3.14582,1.028160,1,0,85.3944,0,0,0,85.3944,0
23.3563,1.81884,0,0,5.52044,0.130336,0.36288,3.6288,47.9486,0.66528,0,0,1.43516,0.191197,0,0.66528,12.849,1,1.15993,0.36288,0,82.404,3.67062,77.9363,0.84672,12.849,0.84672,3695.15,0,0,0,2.31951,2.47464,8.93879,0.872686,12.8603,0.42336,0,0.42336,460.49,0,1.02816,0,0,3.34767,2.31951,1.028160,1,0,90.7966,0,0,0,90.7966,0
27.8753,1.92197,0,0,6.94812,0.144323,0.36288,3.6288,48.841,0.66528,0,0,1.73502,0.177318,0,0.66528,12.849,1,1.05733,0.36288,0,140.276,3.8577,135.723,0.84672,12.849,0.84672,3695.15,0,0,0,2.29798,2.26089,6.55859,0.790136,10.3273,0.42336,0,0.42336,460.49,0,1.02816,0,0,3.32614,2.29798,1.028160,1,0,146.051,0,0,0,146.051,0
29.1387,2.03966,0,0,3.81993,0.153914,0.36288,3.6288,49.1886,0.66528,0,0,1.19154,0.178637,0,0.66528,12.849,1,0.940175,0.36288,0,97.5577,3.8577,93.1227,0.84672,12.849,0.84672,3695.15,0,0,0,0.815296,2.26123,5.14988,0.790136,7.43627,0.42336,0,0.42336,460.49,0,1.02816,0,0,1.84346,0.815296,1.028160,1,0,100.559,0,0,0,100.559,0
29.8419,2.06832,0,0,3.29333,0.158942,0.36288,3.6288,49.2634,0.66528,0,0,0.921724,0.181654,0,0.66528,12.849,1,0.912046,0.36288,0,66.6628,3.73988,62.3737,0.84672,12.849,0.84672,3695.15,0,0,0,0.657461,2.26157,4.15293,0.790691,6.28127,0.42336,0,0.42336,460.49,0,1.02816,0,0,1.68562,0.657461,1.028160,1,0,68.655,0,0,0,68.655,0
34.9023,2.08372,0,0,7.68407,0.177155,0.36288,3.6288,49.8676,0.66528,0,0,1.45238,0.182901,0,0.66528,12.849,1,0.897183,0.36288,0,95.0452,2.86792,91.643,0.84672,12.849,0.84672,3695.15,0,0,0,2.32904,2.26191,6.96838,0.749283,10.81,0.42336,0,0.42336,460.49,0,1.02816,0,0,3.3572,2.32904,1.028160,1,0,102.453,0,0,0,102.453,0
36.5825,2.25436,0,0,4.50647,0.208999,0.36288,3.6288,50.5286,0.66528,0,0,1.5526,0.226364,0,0.66528,12.849,1,0.829925,0.36288,0,85.4928,5.19928,79.8265,0.84672,12.849,0.84672,3695.15,0,0,0,2.80724,2.26225,8.82256,1.19492,12.6971,0.42336,0,0.42336,460.49,0,1.02816,0,0,3.8354,2.80724,1.028160,1,0,92.5236,0,0,0,92.5236,0
37.5024,2.28295,0,0,3.77902,0.213264,0.36288,3.6288,50.7879,0.66528,0,0,1.15224,0.227591,0,0.66528,12.849,1,0.801849,0.36288,0,99.582,5.19928,93.9438,0.84672,12.849,0.84672,3695.15,0,0,0,1.69323,2.32939,8.58173,1.19492,11.4094,0.42336,0,0.42336,460.49,0,1.02816,0,0,2.72139,1.69323,1.028160,1,0,105.353,0,0,0,105.353,0
37.4674,2.29798,0,0,2.84247,0.216612,0.36288,3.6288,50.827,0.66528,0,0,0.930744,0.226442,0,0.66528,12.849,1,0.787329,0.36288,0,86.5564,5.10338,81.0286,0.84672,12.849,0.84672,3695.15,0,0,0,1.20065,2.32971,6.24326,1.1691,8.60452,0.42336,0,0.42336,460.49,0,1.02816,0,0,2.22881,1.20065,1.028160,1,0,89.6331,0,0,0,89.6331,0
37.3618,2.29782,0,0,2.77309,0.218049,0.36288,3.6288,50.7809,0.66528,0,0,0.813136,0.193872,0,0.66528,12.849,1,0.788008,0.36288,0,70.2959,4.29405,65.5767,0.84672,12.849,0.84672,3695.15,0,0,0,0.884995,2.33004,4.64183,1.00202,6.85484,0.42336,0,0.42336,460.49,0,1.02816,0,0,1.91316,0.884995,1.028160,1,0,72.4316,0,0,0,72.4316,0
37.0753,2.54249,0,0,2.856,0.237042,0.36288,3.6288,50.7971,0.66528,0,0,0.867784,0.186294,0,0.66528,12.849,1,0.874381,0.36288,0,68.5322,4.11407,63.9067,0.84672,12.849,0.84672,3695.15,0,0,0,0.583485,2.33037,5.38364,1.06504,7.23245,0.42336,0,0.42336,460.49,0,1.02816,0,0,1.61165,0.583485,1.028160,1,0,71.1391,0,0,0,71.1391,0
38.1468,2.53789,0,0,4.21834,0.246161,0.36288,3.6288,51.1986,0.66528,0,0,1.2689,0.202195,0,0.66528,12.849,1,0.879542,0.36288,0,75.1213,4.25019,70.3545,0.84672,12.849,0.84672,3695.15,0,0,0,1.79247,2.5712,6.15478,1.07667,9.44178,0.42336,0,0.42336,460.49,0,1.02816,0,0,2.82063,1.79247,1.028160,1,0,79.7963,0,0,0,79.7963,0
37.6784,2.55679,0,0,2.70062,0.249282,0.36288,3.6288,50.9687,0.66528,0,0,0.638267,0.202856,0,0.66528,12.849,1,0.861205,0.36288,0,51.3237,4.25019,46.5752,0.84672,12.849,0.84672,3695.15,0,0,0,0.641287,2.57156,4.69699,1.07667,6.83316,0.42336,0,0.42336,460.49,0,1.02816,0,0,1.66945,0.641287,1.028160,1,0,53.4083,0,0,0,53.4083,0
36.7526,2.54923,0,0,2.21045,0.224158,0.36288,3.6288,50.4512,0.86108,0,0,0.554994,0.21138,0,0.66528,12.849,1,0.86933,0.36288,0,48.5539,4.31199,43.7354,0.84672,12.849,0.84672,3695.15,0,0,0,0.608429,2.57192,4.82915,1.14253,6.86697,0.42336,0,0.42336,460.49,0,0.83236,0,0,1.44079,0.608429,1.028160,1,0,50.6024,0,0,0,50.6024,0
37.1852,2.18389,0,0,3.20898,0.229591,0.36288,3.6288,50.4802,0.66528,0,0,0.872509,0.178309,0,0.66528,12.849,1,0.763504,0.36288,0,72.1755,3.47328,68.3015,0.84672,12.849,0.84672,3695.15,0,0,0,1.18498,2.57228,5.70686,0.902077,8.56205,0.42336,0,0.42336,460.49,0,1.02816,0,0,2.21314,1.18498,1.028160,1,0,76.8636,0,0,0,76.8636,0
39.5733,2.19086,0,0,5.19174,0.249993,0.36288,3.6288,50.8514,0.66528,0,0,1.18576,0.149222,0,0.66528,12.849,1,0.757029,0.36288,0,96.1356,2.80948,92.9319,0.84672,12.849,0.84672,3695.15,0,0,0,1.53014,2.24447,7.90681,0.684688,10.9967,0.42336,0,0.42336,460.49,0,1.02816,0,0,2.5583,1.53014,1.028160,1,0,103.929,0,0,0,103.929,0
42.4133,2.22571,0,0,5.6846,0.255925,0.36288,3.6288,51.0904,0.66528,0,0,1.06166,0.157422,0,0.66528,12.849,1,0.722664,0.36288,0,90.2249,2.9946,86.8705,0.84672,12.849,0.84672,3695.15,0,0,0,1.75033,2.24478,8.3497,0.735147,11.6097,0.42336,0,0.42336,460.49,0,1.02816,0,0,2.77849,1.75033,1.028160,1,0,98.4802,0,0,0,98.4802,0
44.9949,2.26323,0,0,5.46534,0.257659,0.36288,3.6288,51.5047,0.66528,0,0,1.2839,0.204305,0,0.66528,12.849,1,0.685639,0.36288,0,83.63,4.10529,79.202,0.84672,12.849,0.84672,3695.15,0,0,0,1.88342,2.24509,8.99994,1.0379,12.0905,0.42336,0,0.42336,460.49,0,1.02816,0,0,2.91158,1.88342,1.028160,1,0,91.2925,0,0,0,91.2925,0
47.0371,2.29421,0,0,4.96433,0.265009,0.36288,3.6288,52.0027,0.66528,0,0,1.36885,0.205592,0,0.66528,12.849,1,0.655148,0.36288,0,88.1893,4.07376,83.8233,0.84672,12.849,0.84672,3695.15,0,0,0,1.9394,2.2454,8.77893,1.04641,11.9173,0.42336,0,0.42336,460.49,0,1.02816,0,0,2.96756,1.9394,1.028160,1,0,95.7406,0,0,0,95.7406,0
47.8396,2.41028,0,0,3.84441,0.268789,0.36288,3.6288,52.3727,0.66528,0,0,1.24535,0.210033,0,0.66528,12.849,1,0.658408,0.36288,0,88.6334,3.88458,84.4533,0.84672,12.849,0.84672,3695.15,0,0,0,2.1627,2.24572,8.19469,1.09748,11.5056,0.42336,0,0.42336,460.49,0,1.02816,0,0,3.19086,2.1627,1.028160,1,0,95.959,0,0,0,95.959,0
49.7143,2.41938,0,0,4.92813,0.271168,0.36288,3.6288,53.695,0.66528,0,0,2.19826,0.21066,0,0.66528,12.849,1,0.64981,0.36288,0,121.813,3.88458,117.641,0.84672,12.849,0.84672,3695.15,0,0,0,3.42704,2.327,12.4686,1.09748,17.1251,0.42336,0,0.42336,460.49,0,1.02816,0,0,4.4552,3.42704,1.028160,1,0,134.766,0,0,0,134.766,0
51.0493,2.43926,0,0,4.38936,0.252183,0.36288,3.6288,54.0699,0.66528,0,0,1.26194,0.221746,0,0.66528,12.849,1,0.630444,0.36288,0,99.7186,4.04643,95.4046,0.84672,12.849,0.84672,3695.15,0,0,0,2.41854,2.32733,9.49285,1.08358,13.1551,0.42336,0,0.42336,460.49,0,1.02816,0,0,3.4467,2.41854,1.028160,1,0,108.56,0,0,0,108.56,0
51.5141,2.45284,0,0,3.50199,0.221482,0.36288,3.6288,54.1908,0.66528,0,0,0.99163,0.205505,0,0.66528,12.849,1,0.617374,0.36288,0,78.1557,3.36399,74.5372,0.84672,12.849,0.84672,3695.15,0,0,0,1.72936,2.32765,6.60185,0.969649,9.68921,0.42336,0,0.42336,460.49,0,1.02816,0,0,2.75752,1.72936,1.028160,1,0,84.2264,0,0,0,84.2264,0
51.4193,2.4205,0,0,2.87728,0.188772,0.36288,3.6288,54.0655,0.66528,0,0,0.77493,0.234895,0,0.66528,12.849,1,0.603737,0.36288,0,67.6901,3.95052,63.4987,0.84672,12.849,0.84672,3695.15,0,0,0,0.79126,2.32798,5.02955,1.05635,7.09244,0.42336,0,0.42336,460.49,0,1.02816,0,0,1.81942,0.79126,1.028160,1,0,70.5911,0,0,0,70.5911,0
50.9451,2.42001,0,0,2.49169,0.18296,0.36288,3.6288,53.9826,0.66528,0,0,0.821923,0.239567,0,0.66528,12.849,1,0.604729,0.36288,0,59.5686,4.04828,55.2784,0.84672,12.849,0.84672,3695.15,0,0,0,0.893454,2.29678,5.17332,1.0708,7.29275,0.42336,0,0.42336,460.49,0,1.02816,0,0,1.92161,0.893454,1.028160,1,0,62.5712,0,0,0,62.5712,0
50.3196,2.41592,0,0,2.33531,0.182056,0.36288,3.6288,53.7813,0.66528,0,0,0.703357,0.239435,0,0.66528,12.849,1,0.609325,0.36288,0,56.3839,4.04828,52.0891,0.84672,12.849,0.84672,3695.15,0,0,0,0.534142,2.2971,4.89728,1.0708,6.65772,0.42336,0,0.42336,460.49,0,1.02816,0,0,1.5623,0.534142,1.028160,1,0,58.7469,0,0,0,58.7469,0
50.1501,2.41028,0,0,2.76451,0.160854,0.36288,3.6288,53.5644,0.66528,0,0,0.698846,0.250404,0,0.66528,12.849,1,0.615461,0.36288,0,59.6465,4.98397,54.4099,0.84672,12.849,0.84672,3695.15,0,0,0,0.613587,2.29742,6.44856,1.10769,8.25187,0.42336,0,0.42336,460.49,0,1.02816,0,0,1.64175,0.613587,1.028160,1,0,62.6618,0,0,0,62.6618,0
49.1159,2.53472,0,0,1.99576,0.132327,0.36288,3.6288,53.2889,0.66528,0,0,0.650817,0.261061,0,0.66528,12.849,1,0.649425,0.36288,0,42.6726,5.396,36.9901,0.84672,12.849,0.84672,3695.15,0,0,0,0.47406,2.29774,4.43386,1.14853,6.05713,0.42336,0,0.42336,460.49,0,1.02816,0,0,1.50222,0.47406,1.028160,1,0,43.0472,0,0,0,43.0472,0
47.8117,2.5243,0,0,1.69636,0.113393,0.36288,3.6288,52.7851,0.840059,0,0,0.600199,0.263981,0,0.66528,12.849,1,0.660373,0.36288,0,37.5891,5.00965,32.2819,0.84672,12.849,0.84672,3695.15,0,0,0,0.402797,2.4086,3.63073,1.16609,5.27604,0.42336,0,0.42336,460.49,0,0.853381,0,0,1.25618,0.402797,1.028160,1,0,37.558,0,0,0,37.558,0
46.4769,2.51052,0,0,1.65045,0.111798,0.36288,3.6288,52.2192,0.85892,0,0,0.555967,0.262919,0,0.66528,12.849,1,0.674683,0.36288,0,34.9472,5.00965,29.6258,0.84672,12.849,0.84672,3695.15,0,0,0,0.30119,2.40894,3.34393,1.16609,4.88797,0.42336,0,0.42336,460.49,0,0.83452,0,0,1.13571,0.30119,1.028160,1,0,34.5138,0,0,0,34.5138,0
44.9663,2.49576,0,0,1.44682,0.0988089,0.36288,3.6288,51.5308,0.935747,0,0,0.517937,0.270609,0,0.66528,12.849,1,0.689976,0.36288,0,31.2234,5.11676,25.7796,0.84672,12.849,0.84672,3695.15,0,0,0,0.30119,2.40928,3.24432,1.19345,4.76134,0.42336,0,0.42336,460.49,0,0.757693,0,0,1.05888,0.30119,1.028160,1,0,30.5409,0,0,0,30.5409,0
43.4213,2.47814,0,0,1.36553,0.0695373,0.36288,3.6288,50.8201,0.935289,0,0,0.512678,0.288029,0,0.66528,12.849,1,0.708122,0.36288,0,28.4831,5.33928,22.7986,0.84672,12.849,0.84672,3695.15,0,0,0,0.30119,2.40962,3.01819,1.27583,4.45317,0.42336,0,0.42336,460.49,0,0.758151,0,0,1.05934,0.30119,1.028160,1,0,27.2518,0,0,0,27.2518,0
41.8473,2.43499,0,0,1.294,0.0701102,0.36288,3.6288,50.3834,0.744552,0,0,0.575321,0.26751,0,0.66528,12.849,1,0.720549,0.36288,0,28.1737,5.06793,22.7481,0.84672,12.849,0.84672,3695.15,0,0,0,0.30119,2.40996,2.60364,1.35959,3.95519,0.42336,0,0.42336,460.49,0,0.948888,0,0,1.25008,0.30119,1.028160,1,0,26.7032,0,0,0,26.7032,0
40.2126,2.41465,0,0,1.21173,0.0688427,0.36288,3.6288,49.8837,0.780062,0,0,0.546938,0.266559,0,0.66528,12.849,1,0.741407,0.36288,0,28.1369,5.06793,22.6904,0.84672,12.849,0.84672,3695.15,0,0,0,0.261274,2.44896,2.67567,1.35959,4.02631,0.42336,0,0.42336,460.49,0,0.913378,0,0,1.17465,0.261274,1.028160,1,0,26.7167,0,0,0,26.7167,0
38.492,2.39221,0,0,1.102,0.0675264,0.36288,3.6288,49.3563,0.795295,0,0,0.533328,0.265471,0,0.66528,12.849,1,0.764374,0.36288,0,27.5862,5.06793,22.1168,0.84672,12.849,0.84672,3695.15,0,0,0,0.261274,2.44931,2.56378,1.35959,3.91477,0.42336,0,0.42336,460.49,0,0.898145,0,0,1.15942,0.261274,1.028160,1,0,26.0316,0,0,0,26.0316,0
36.6962,2.36698,0,0,1.00024,0.0661869,0.36288,3.6288,48.6662,0.926044,0,0,0.500347,0.264322,0,0.66528,12.849,1,0.790122,0.36288,0,24.5815,5.06793,19.0863,0.84672,12.849,0.84672,3695.15,0,0,0,0.261274,2.44965,2.48011,1.35959,3.83144,0.42336,0,0.42336,460.49,0,0.767396,0,0,1.02867,0.261274,1.028160,1,0,22.9178,0,0,0,22.9178,0
34.8,2.39854,0,0,0.910596,0.0454161,0.36288,3.6288,47.9781,0.920557,0,0,0.540151,0.307704,0,0.66528,12.849,1,0.839838,0.36288,0,20.8821,5.90538,14.4998,0.84672,12.849,0.84672,3695.15,0,0,0,0.261274,2.44999,2.08694,1.54547,3.25274,0.42336,0,0.42336,460.49,0,0.772883,0,0,1.03416,0.261274,1.028160,1,0,17.7525,0,0,0,17.7525,0
32.9048,2.36551,0,0,0.87918,0.0459915,0.36288,3.6288,47.3292,0.85225,0,0,0.499265,0.2959,0,0.66528,12.849,1,0.873405,0.36288,0,25.8034,5.84514,19.4478,0.84672,12.849,0.84672,3695.15,0,0,0,0.261274,2.50518,2.13884,1.47556,3.42973,0.42336,0,0.42336,460.49,0,0.84119,0,0,1.10246,0.261274,1.028160,1,0,22.8775,0,0,0,22.8775,0
30.9904,2.32972,0,0,0.823228,0.0449315,0.36288,3.6288,46.6604,0.838814,0,0,0.464298,0.294299,0,0.66528,12.849,1,0.909733,0.36288,0,20.7179,5.84514,14.3259,0.84672,12.849,0.84672,3695.15,0,0,0,0.227405,2.50553,1.928,1.47556,3.18538,0.42336,0,0.42336,460.49,0,0.854626,0,0,1.08203,0.227405,1.028160,1,0,17.5112,0,0,0,17.5112,0
29.0429,2.29037,0,0,0.749529,0.0438591,0.36288,3.6288,45.8033,1.0053,0,0,0.44079,0.292631,0,0.66528,12.849,1,0.949614,0.36288,0,18.8815,5.84514,12.4496,0.84672,12.849,0.84672,3695.15,0,0,0,0.227405,2.50588,1.79838,1.47556,3.05611,0.42336,0,0.42336,460.49,0,0.688141,0,0,0.915546,0.227405,1.028160,1,0,15.5057,0,0,0,15.5057,0
27.0254,2.41064,0,0,0.791302,0.0352543,0.36288,3.6288,45.391,0.66528,0,0,0.535891,0.282865,0,0.66528,12.849,1,1.0665,0.36288,0,18.7618,5.9042,12.154,0.84672,12.849,0.84672,3695.15,0,0,0,0.253048,2.50623,2.66404,1.49149,3.93183,0.42336,0,0.42336,460.49,0,1.02816,0,0,1.28121,0.253048,1.028160,1,0,16.0859,0,0,0,16.0859,0
24.7881,2.35706,0,0,0.514984,0.0323747,0.36288,3.6288,44.731,0.833086,0,0,0.441892,0.268809,0,0.66528,12.849,1,1.12065,0.36288,0,15.2725,5.67336,8.84137,0.84672,12.849,0.84672,3695.15,0,0,0,0.227405,2.69434,2.25702,1.44064,3.73812,0.42336,0,0.42336,460.49,0,0.860354,0,0,1.08776,0.227405,1.028160,1,0,12.5795,0,0,0,12.5795,0
22.6287,2.29082,0,0,0.52574,0.0313641,0.36288,3.6288,44.0327,0.854375,0,0,0.423202,0.267155,0,0.66528,12.849,1,1.18746,0.36288,0,14.0904,5.67336,7.59243,0.84672,12.849,0.84672,3695.15,0,0,0,0.204422,2.69472,2.31386,1.44064,3.77236,0.42336,0,0.42336,460.49,0,0.839065,0,0,1.04349,0.204422,1.028160,1,0,11.3648,0,0,0,11.3648,0
20.797,2.21891,0,0,0.783498,0.0333935,0.36288,3.6288,43.604,0.66528,0,0,0.501027,0.264465,0,0.66528,12.849,1,1.25994,0.36288,0,18.138,5.64368,11.5973,0.84672,12.849,0.84672,3695.15,0,0,0,0.22896,2.6951,2.53592,1.437,4.02297,0.42336,0,0.42336,460.49,0,1.02816,0,0,1.25712,0.22896,1.028160,1,0,15.6203,0,0,0,15.6203,0
19.3552,2.15068,0,0,1.1175,0.0457803,0.36288,3.6288,43.3309,0.66528,0,0,0.647482,0.255328,0,0.66528,12.849,1,1.32875,0.36288,0,26.6067,5.58014,20.0607,0.84672,12.849,0.84672,3695.15,0,0,0,0.288783,2.69548,2.77655,1.41361,4.3472,0.42336,0,0.42336,460.49,0,1.02816,0,0,1.31694,0.288783,1.028160,1,0,24.4079,0,0,0,24.4079,0
17.7261,2.02217,0,0,0.814856,0.0589676,0.36288,3.6288,42.986,0.66528,0,0,0.504255,0.183832,0,0.66528,12.849,1,1.34242,0.36288,0,19.7228,4.29402,14.4492,0.84672,12.849,0.84672,3695.15,0,0,0,0.233384,2.69586,3.40143,1.0802,5.25047,0.42336,0,0.42336,460.49,0,1.02816,0,0,1.26154,0.233384,1.028160,1,0,19.6997,0,0,0,19.6997,0
16.2916,1.95096,0,0,0.942581,0.063182,0.36288,3.6288,43.0432,0.66528,0,0,0.903874,0.181367,0,0.66528,12.849,1,1.41418,0.36288,0,22.7263,4.23465,17.4404,0.84672,12.849,0.84672,3695.15,0,0,0,1.05885,2.5875,4.92024,1.07292,7.49367,0.42336,0,0.42336,460.49,0,1.02816,0,0,2.08701,1.05885,1.028160,1,0,24.934,0,0,0,24.934,0
14.8933,1.88166,0,0,0.908073,0.0618821,0.36288,3.6288,43.0265,0.66528,0,0,0.830062,0.181466,0,0.66528,12.849,1,1.48404,0.36288,0,21.7964,4.23465,16.4406,0.84672,12.849,0.84672,3695.15,0,0,0,0.999544,2.58787,4.22032,1.07292,6.73481,0.42336,0,0.42336,460.49,0,1.02816,0,0,2.0277,0.999544,1.028160,1,0,23.1754,0,0,0,23.1754,0
13.5564,1.80715,0,0,0.89335,0.0601359,0.36288,3.6288,43.1288,0.66528,0,0,0.948931,0.181437,0,0.66528,12.849,1,1.5591,0.36288,0,21.2922,4.23465,15.8613,0.84672,12.849,0.84672,3695.15,0,0,0,1.41117,2.58823,4.77462,1.07292,7.7011,0.42336,0,0.42336,460.49,0,1.02816,0,0,2.43933,1.41117,1.028160,1,0,23.5624,0,0,0,23.5624,0
12.388,1.67984,0,0,0.984403,0.110083,0.36288,3.6288,43.1341,0.66528,0,0,0.867534,0.196935,0,0.66528,12.849,1,1.59218,0.36288,0,34.7561,4.75254,28.7743,0.84672,12.849,0.84672,3695.15,0,0,0,0.921447,2.5886,4.59922,1.14724,6.96203,0.42336,0,0.42336,460.49,0,1.02816,0,0,1.94961,0.921447,1.028160,1,0,35.7363,0,0,0,35.7363,0
11.1283,1.60639,0,0,0.837974,0.128472,0.36288,3.6288,43.0284,0.66528,0,0,0.771103,0.211544,0,0.66528,12.849,1,1.66617,0.36288,0,20.1703,5.10688,13.7601,0.84672,12.849,0.84672,3695.15,0,0,0,0.471139,2.49186,3.43902,1.15957,5.24245,0.42336,0,0.42336,460.49,0,1.02816,0,0,1.4993,0.471139,1.028160,1,0,19.0025,0,0,0,19.0025,0
12.4283,1.5191,0,0,3.29467,0.112697,0.36288,3.6288,43.4179,0.66528,0,0,1.25004,0.195207,0,0.66528,12.849,1,1.754,0.36288,0,50.6548,4.67865,44.585,0.84672,12.849,0.84672,3695.15,0,0,0,1.25027,2.49221,9.20178,1.18807,11.7562,0.42336,0,0.42336,460.49,0,1.02816,0,0,2.27843,1.25027,1.028160,1,0,56.3412,0,0,0,56.3412,0
12.8088,1.60958,0,0,2.48511,0.132087,0.36288,3.6288,43.9342,0.66528,0,0,1.34099,0.159395,0,0.66528,12.849,1,1.66407,0.36288,0,59.8181,3.78924,54.7277,0.84672,12.849,0.84672,3695.15,0,0,0,1.31102,2.49256,9.63706,0.983451,12.4572,0.42336,0,0.42336,460.49,0,1.02816,0,0,2.33918,1.31102,1.028160,1,0,67.1848,0,0,0,67.1848,0
13.9175,1.50006,0,0,3.10858,0.13698,0.36288,3.6288,44.5567,0.66528,0,0,1.45082,0.163064,0,0.66528,12.849,1,1.50477,0.36288,0,56.0091,3.77133,51.0959,0.84672,12.849,0.84672,3695.15,0,0,0,1.50974,2.49291,10.3731,0.948285,13.4275,0.42336,0,0.42336,460.49,0,1.02816,0,0,2.5379,1.50974,1.028160,1,0,64.5234,0,0,0,64.5234,0
14.9915,1.56265,0,0,3.14952,0.15,0.36288,3.6288,45.923,0.66528,0,0,2.20287,0.171286,0,0.66528,12.849,1,1.44268,0.36288,0,74.2997,3.72655,69.4933,0.84672,12.849,0.84672,3695.15,0,0,0,2.77797,2.27744,9.57995,0.86037,13.775,0.42336,0,0.42336,460.49,0,1.02816,0,0,3.80613,2.77797,1.028160,1,0,83.2683,0,0,0,83.2683,0
15.3795,1.61857,0,0,2.52292,0.153474,0.36288,3.6288,46.9836,0.66528,0,0,1.89937,0.173485,0,0.66528,12.849,1,1.38726,0.36288,0,69.9028,3.72655,65.1519,0.84672,12.849,0.84672,3695.15,0,0,0,2.45292,2.27776,8.2099,0.86037,12.0802,0.42336,0,0.42336,460.49,0,1.02816,0,0,3.48108,2.45292,1.028160,1,0,77.2321,0,0,0,77.2321,0
15.9984,1.63791,0,0,2.77396,0.154202,0.36288,3.6288,47.9215,0.66528,0,0,1.78534,0.182142,0,0.66528,12.849,1,1.36841,0.36288,0,83.9782,3.91596,79.0567,0.84672,12.849,0.84672,3695.15,0,0,0,2.15744,2.27808,9.24419,0.946422,12.7333,0.42336,0,0.42336,460.49,0,1.02816,0,0,3.1856,2.15744,1.028160,1,0,91.79,0,0,0,91.79,0
16.1645,1.66755,0,0,2.34953,0.152996,0.36288,3.6288,48.7892,0.66528,0,0,1.75881,0.225808,0,0.66528,12.849,1,1.33928,0.36288,0,72.4006,5.05239,66.3718,0.84672,12.849,0.84672,3695.15,0,0,0,1.71156,2.27839,7.98396,1.46273,10.5112,0.42336,0,0.42336,460.49,0,1.02816,0,0,2.73972,1.71156,1.028160,1,0,76.883,0,0,0,76.883,0
21.3963,1.73325,0,0,7.47852,0.150657,0.36288,3.6288,50.9752,0.66528,0,0,3.05938,0.208149,0,0.66528,12.849,1,1.37774,0.36288,0,136.618,4.51446,131.089,0.84672,12.849,0.84672,3695.15,0,0,0,3.20778,2.27871,10.9169,1.11005,15.2933,0.42336,0,0.42336,460.49,0,1.02816,0,0,4.23594,3.20778,1.028160,1,0,146.382,0,0,0,146.382,0
29.2497,1.94403,0,0,10.3221,0.16175,0.36288,3.6288,52.6477,0.66528,0,0,2.54644,0.208642,0,0.66528,12.849,1,1.16744,0.36288,0,184.37,4.4248,179.14,0.84672,12.849,0.84672,3695.15,0,0,0,2.42688,2.34636,10.3168,1.05127,14.0387,0.42336,0,0.42336,460.49,0,1.02816,0,0,3.45504,2.42688,1.028160,1,0,193.179,0,0,0,193.179,0
33.5323,2.16215,0,0,6.98808,0.180481,0.36288,3.6288,53.2159,0.66528,0,0,1.44498,0.21148,0,0.66528,12.849,1,0.949801,0.36288,0,141.822,4.4248,136.81,0.84672,12.849,0.84672,3695.15,0,0,0,2.4517,2.34666,8.79682,1.05127,12.5439,0.42336,0,0.42336,460.49,0,1.02816,0,0,3.47986,2.4517,1.028160,1,0,149.354,0,0,0,149.354,0
37.2045,2.25019,0,0,6.47599,0.190728,0.36288,3.6288,53.7749,0.66528,0,0,1.43664,0.212444,0,0.66528,12.849,1,0.862235,0.36288,0,113.354,4.4248,108.43,0.84672,12.849,0.84672,3695.15,0,0,0,2.12634,2.34697,8.34775,1.05127,11.7698,0.42336,0,0.42336,460.49,0,1.02816,0,0,3.1545,2.12634,1.028160,1,0,120.2,0,0,0,120.2,0
39.2153,2.56142,0,0,5.13933,0.204204,0.36288,3.6288,53.964,0.66528,0,0,1.07148,0.217058,0,0.66528,12.849,1,0.884615,0.36288,0,99.4265,4.32949,94.5753,0.84672,12.849,0.84672,3695.15,0,0,0,1.56563,2.34727,7.38454,1.08454,10.2129,0.42336,0,0.42336,460.49,0,1.02816,0,0,2.59379,1.56563,1.028160,1,0,104.788,0,0,0,104.788,0
41.9611,2.59598,0,0,5.92029,0.215643,0.36288,3.6288,54.7799,0.66528,0,0,1.70341,0.22224,0,0.66528,12.849,1,0.850579,0.36288,0,124.251,4.20242,119.561,0.84672,12.849,0.84672,3695.15,0,0,0,1.9066,2.58997,7.42981,1.12889,10.7975,0.42336,0,0.42336,460.49,0,1.02816,0,0,2.93476,1.9066,1.028160,1,0,130.358,0,0,0,130.358,0
46.3559,2.639,0,0,7.61935,0.22272,0.36288,3.6288,56.231,0.66528,0,0,2.3398,0.223442,0,0.66528,12.849,1,0.808092,0.36288,0,135.408,4.20242,130.76,0.84672,12.849,0.84672,3695.15,0,0,0,2.24781,2.59031,9.8407,1.12889,13.5499,0.42336,0,0.42336,460.49,0,1.02816,0,0,3.27597,2.24781,1.028160,1,0,144.31,0,0,0,144.31,0
52.3439,2.69939,0,0,9.27495,0.224653,0.36288,3.6288,57.8629,0.66528,0,0,2.52674,0.229568,0,0.66528,12.849,1,0.748222,0.36288,0,126.132,4.17742,121.569,0.84672,12.849,0.84672,3695.15,0,0,0,2.83198,2.59065,12.5881,1.11216,16.8986,0.42336,0,0.42336,460.49,0,1.02816,0,0,3.86014,2.83198,1.028160,1,0,138.468,0,0,0,138.468,0
55.241,2.38684,0,0,5.90641,0.259623,0.36288,3.6288,58.4858,0.66528,0,0,1.4959,0.207706,0,0.66528,12.849,1,0.585903,0.36288,0,134.622,3.78397,130.615,0.84672,12.849,0.84672,3695.15,0,0,0,1.5485,2.59099,7.50298,1.10172,10.5408,0.42336,0,0.42336,460.49,0,1.02816,0,0,2.57666,1.5485,1.028160,1,0,141.155,0,0,0,141.155,0
57.4001,2.41214,0,0,5.20207,0.267935,0.36288,3.6288,59.1617,0.66528,0,0,1.55314,0.211977,0,0.66528,12.849,1,0.561061,0.36288,0,158.151,3.7724,154.18,0.84672,12.849,0.84672,3695.15,0,0,0,2.12526,2.26059,10.6571,1.06693,13.976,0.42336,0,0.42336,460.49,0,1.02816,0,0,3.15342,2.12526,1.028160,1,0,168.156,0,0,0,168.156,0
58.9747,2.42976,0,0,4.64904,0.281777,0.36288,3.6288,60.1142,0.66528,0,0,1.79827,0.180415,0,0.66528,12.849,1,0.543901,0.36288,0,203.093,3.23473,199.677,0.84672,12.849,0.84672,3695.15,0,0,0,1.95501,2.26088,9.05144,0.909059,12.3583,0.42336,0,0.42336,460.49,0,1.02816,0,0,2.98317,1.95501,1.028160,1,0,212.035,0,0,0,212.035,0
61.1379,2.44206,0,0,5.25426,0.286129,0.36288,3.6288,61.078,0.66528,0,0,1.81052,0.181516,0,0.66528,12.849,1,0.532059,0.36288,0,159.252,3.23473,155.849,0.84672,12.849,0.84672,3695.15,0,0,0,3.30683,2.26118,10.4968,0.909059,15.1558,0.42336,0,0.42336,460.49,0,1.02816,0,0,4.33499,3.30683,1.028160,1,0,171.004,0,0,0,171.004,0
67.758,2.458,0,0,9.7328,0.291821,0.36288,3.6288,61.308,0.66528,0,0,3.34053,0.18263,2.26257,0.66528,12.849,1,0.516583,0.36288,0,173.263,3.23473,169.875,0.84672,12.849,0.84672,3695.15,0,0,0,4.24088,2.26147,14.9987,0.909059,20.592,0.42336,0,0.42336,460.49,0,1.02816,0,0,5.26904,4.24088,1.028160,1,0,192.729,0,0,0,192.729,0
71.432,2.85567,0,0,7.18165,0.289066,0.36288,3.6288,61.308,0.66528,0,0,2.90913,0.176855,2.067,0.66528,12.849,1,0.541523,0.36288,0,212.643,3.9416,208.522,0.84672,12.849,0.84672,3695.15,0,0,0,4.24434,2.26176,16.3313,1.07738,21.7601,0.42336,0,0.42336,460.49,0,1.02816,0,0,5.2725,4.24434,1.028160,1,0,232.349,0,0,0,232.349,0
72.29,2.87968,0,0,7.40076,0.297411,3.3657,3.6288,61.308,0.66528,0,0,2.35999,0.176855,1.51786,0.66528,12.849,1,0.51799,3.3657,0,237.387,3.9416,236.294,0.84672,12.849,0.84672,3695.15,0,0,0,3.32449,2.16669,14.9874,1.07738,19.4012,0.42336,0,0.42336,460.49,0,1.02816,0,0,4.35265,3.32449,1.028160,1,0,257.213,0,0,0,257.213,0
72.29,2.88531,0,0,5.55568,0.276922,2.39345,3.6288,61.308,0.66528,0,0,2.02078,0.173453,1.18205,0.66528,12.849,1,0.512842,2.39345,0,179.608,3.58101,177.908,0.84672,12.849,0.84672,3695.15,0,0,0,2.86983,2.167,11.1499,1.07734,15.1094,0.42336,0,0.42336,460.49,0,1.02816,0,0,3.89799,2.86983,1.028160,1,0,194.199,0,0,0,194.199,0
72.29,2.88571,0,0,5.11655,0.189008,2.04183,3.6288,61.308,0.66528,0,0,1.85728,0.195016,0.996984,0.66528,12.849,1,0.512914,2.04183,0,153.19,3.45198,151.267,0.84672,12.849,0.84672,3695.15,0,0,0,2.59036,2.1673,9.54409,1.12667,13.1751,0.42336,0,0.42336,460.49,0,1.02816,0,0,3.61852,2.59036,1.028160,1,0,165.439,0,0,0,165.439,0
72.29,2.84634,0,0,4.54123,0.181702,1.51318,3.6288,61.308,0.66528,0,0,1.45753,0.214534,0.577719,0.66528,12.849,1,0.505916,1.51318,0,128.985,4.23768,125.754,0.84672,12.849,0.84672,3695.15,0,0,0,2.20368,2.16761,7.69988,1.17394,10.8972,0.42336,0,0.42336,460.49,0,1.02816,0,0,3.23184,2.20368,1.028160,1,0,137.229,0,0,0,137.229,0
72.29,2.84674,0,0,4.3959,0.188059,1.3611,3.6288,61.308,0.66528,0,0,1.37385,0.218165,0.490401,0.66528,12.849,1,0.505987,1.3611,0,123.352,4.49568,119.712,0.84672,12.849,0.84672,3695.15,0,0,0,1.94839,2.13614,7.17379,1.18495,10.0734,0.42336,0,0.42336,460.49,0,1.02816,0,0,2.97655,1.94839,1.028160,1,0,130.276,0,0,0,130.276,0
72.29,2.84714,0,0,4.12123,0.188059,1.08603,3.6288,61.308,0.66528,0,0,1.20545,0.218165,0.322007,0.66528,12.849,1,0.506058,1.08603,0,116.146,4.49568,112.23,0.84672,12.849,0.84672,3695.15,0,0,0,1.73602,2.13644,6.47853,1.18495,9.16605,0.42336,0,0.42336,460.49,0,1.02816,0,0,2.76418,1.73602,1.028160,1,0,121.718,0,0,0,121.718,0
72.29,2.84754,0,0,3.73205,0.125132,0.759372,3.6288,61.308,0.66528,0,0,1.35129,0.201246,0.484762,0.66528,12.849,1,0.506129,0.759372,0,104.7,4.63733,100.316,0.84672,12.849,0.84672,3695.15,0,0,0,2.00688,2.13674,6.50495,1.13452,9.51406,0.42336,0,0.42336,460.49,0,1.02816,0,0,3.03504,2.00688,1.028160,1,0,110.315,0,0,0,110.315,0
72.29,2.98304,0,0,3.50754,0.13042,0.394075,3.6288,61.308,0.66528,0,0,1.1082,0.19613,0.246791,0.66528,12.849,1,0.530213,0.394075,0,96.5373,4.43839,91.9628,0.84672,12.849,0.84672,3695.15,0,0,0,1.54744,2.13704,6.08035,1.09132,8.67352,0.42336,0,0.42336,460.49,0,1.02816,0,0,2.5756,1.54744,1.028160,1,0,100.883,0,0,0,100.883,0
71.9998,2.98346,0,0,3.19975,0.143639,0.36288,3.6288,61.308,0.66528,0,0,0.965295,0.183341,0.116675,0.66528,12.849,1,0.530288,0.36288,0,74.2444,3.94107,70.1359,0.84672,12.849,0.84672,3695.15,0,0,0,1.38949,2.24873,6.35478,0.983315,9.00969,0.42336,0,0.42336,460.49,0,1.02816,0,0,2.41765,1.38949,1.028160,1,0,79.2623,0,0,0,79.2623,0
71.4743,2.98207,0,0,2.96281,0.143322,0.36288,3.6288,61.308,0.66528,0,0,0.916687,0.183341,0.0680659,0.66528,12.849,1,0.532177,0.36288,0,78.1367,3.94107,74.0263,0.84672,12.849,0.84672,3695.15,0,0,0,1.22113,2.24905,5.09784,0.983315,7.5847,0.42336,0,0.42336,460.49,0,1.02816,0,0,2.24929,1.22113,1.028160,1,0,81.6791,0,0,0,81.6791,0
70.8035,2.97917,0,0,2.78425,0.112982,0.36288,3.6288,61.308,0.66528,0,0,0.870316,0.181879,0.0231565,0.66528,12.849,1,0.535568,0.36288,0,68.2776,4.12362,63.9813,0.84672,12.849,0.84672,3695.15,0,0,0,0.998931,2.24937,4.25523,1.01243,6.49111,0.42336,0,0.42336,460.49,0,1.02816,0,0,2.02709,0.998931,1.028160,1,0,70.4956,0,0,0,70.4956,0
70.0086,2.97529,0,0,2.64382,0.100558,0.36288,3.6288,61.2979,0.66528,0,0,0.83649,0.181295,0,0.66528,12.849,1,0.539939,0.36288,0,62.7247,4.19664,58.351,0.84672,12.849,0.84672,3695.15,0,0,0,0.809715,2.24968,3.93995,1.02407,5.97528,0.42336,0,0.42336,460.49,0,1.02816,0,0,1.83787,0.809715,1.028160,1,0,64.3263,0,0,0,64.3263,0
69.68,2.94393,0,0,3.12193,0.143786,0.36288,3.6288,61.225,0.66528,0,0,0.838244,0.245899,0,0.66528,12.849,1,0.540312,0.36288,0,60.0057,5.19068,54.6376,0.84672,12.849,0.84672,3695.15,0,0,0,0.678257,2.25,4.68389,1.226,6.38615,0.42336,0,0.42336,460.49,0,1.02816,0,0,1.70642,0.678257,1.028160,1,0,61.0238,0,0,0,61.0238,0
69.2493,2.94219,0,0,2.94161,0.0671936,0.36288,3.6288,61.1281,0.66528,0,0,0.843229,0.274827,0,0.66528,12.849,1,0.54254,0.36288,0,56.1393,5.41506,50.5445,0.84672,12.849,0.84672,3695.15,0,0,0,0.659526,2.28928,4.73447,1.29265,6.39063,0.42336,0,0.42336,460.49,0,1.02816,0,0,1.68769,0.659526,1.028160,1,0,56.9352,0,0,0,56.9352,0
68.8501,2.68468,0,0,2.71541,0.0670346,0.36288,3.6288,61.0226,0.66528,0,0,0.83446,0.274658,0,0.66528,12.849,1,0.498135,0.36288,0,51.3315,5.41506,45.7812,0.84672,12.849,0.84672,3695.15,0,0,0,0.624162,2.2896,4.34378,1.29265,5.96489,0.42336,0,0.42336,460.49,0,1.02816,0,0,1.65232,0.624162,1.028160,1,0,51.7461,0,0,0,51.7461,0
68.2758,2.68266,0,0,2.53803,0.066762,0.36288,3.6288,60.9223,0.66528,0,0,0.83948,0.274475,0,0.66528,12.849,1,0.500646,0.36288,0,47.7248,5.41506,42.1719,0.84672,12.849,0.84672,3695.15,0,0,0,0.697922,2.46689,4.19884,1.29265,6.071,0.42336,0,0.42336,460.49,0,1.02816,0,0,1.72608,0.697922,1.028160,1,0,48.2429,0,0,0,48.2429,0
67.3857,2.74801,0,0,2.29926,0.0785122,0.36288,3.6288,60.8057,0.66528,0,0,0.835799,0.287157,0,0.66528,12.849,1,0.517154,0.36288,0,40.211,5.47698,34.5797,0.84672,12.849,0.84672,3695.15,0,0,0,0.476531,2.46721,3.67212,1.35846,5.2574,0.42336,0,0.42336,460.49,0,1.02816,0,0,1.50469,0.476531,1.028160,1,0,39.8371,0,0,0,39.8371,0
66.2698,2.74269,0,0,2.07657,0.0869389,0.36288,3.6288,60.5578,0.66528,0,0,0.713923,0.29658,0,0.66528,12.849,1,0.522972,0.36288,0,46.3711,5.52342,40.6876,0.84672,12.849,0.84672,3695.15,0,0,0,0.411782,2.52279,3.59298,1.40782,5.11973,0.42336,0,0.42336,460.49,0,1.02816,0,0,1.43994,0.411782,1.028160,1,0,45.8074,0,0,0,45.8074,0
65.0294,2.73573,0,0,1.94442,0.0861743,0.36288,3.6288,60.2603,0.66528,0,0,0.663906,0.296114,0,0.66528,12.849,1,0.53043,0.36288,0,37.2318,5.52342,31.5409,0.84672,12.849,0.84672,3695.15,0,0,0,0.385076,2.52312,3.23879,1.40782,4.73916,0.42336,0,0.42336,460.49,0,1.02816,0,0,1.41324,0.385076,1.028160,1,0,36.28,0,0,0,36.28,0
63.6238,2.7277,0,0,1.77032,0.0853245,0.36288,3.6288,59.8699,0.725077,0,0,0.630288,0.295554,0,0.66528,12.849,1,0.53896,0.36288,0,33.9319,5.52342,28.2324,0.84672,12.849,0.84672,3695.15,0,0,0,0.227405,2.52345,3.02106,1.40782,4.36409,0.42336,0,0.42336,460.49,0,0.968363,0,0,1.19577,0.227405,1.028160,1,0,32.5965,0,0,0,32.5965,0
62.3639,2.91656,0,0,2.0979,0.0783556,0.36288,3.6288,59.7136,0.66528,0,0,0.795338,0.28637,0,0.66528,12.849,1,0.589006,0.36288,0,36.0085,5.58551,30.1969,0.84672,12.849,0.84672,3695.15,0,0,0,0.696989,2.52378,4.50664,1.44072,6.28669,0.42336,0,0.42336,460.49,0,1.02816,0,0,1.72515,0.696989,1.028160,1,0,36.4835,0,0,0,36.4835,0
61.3141,2.90713,0,0,2.32697,0.106819,0.36288,3.6288,59.6017,0.66528,0,0,0.831686,0.278329,0,0.66528,12.849,1,0.598964,0.36288,0,38.2572,4.96755,33.0536,0.84672,12.849,0.84672,3695.15,0,0,0,0.72106,2.71327,4.41597,1.37997,6.47033,0.42336,0,0.42336,460.49,0,1.02816,0,0,1.74922,0.72106,1.028160,1,0,39.5239,0,0,0,39.5239,0
60.5705,2.8991,0,0,2.62431,0.105898,0.36288,3.6288,59.5178,0.66528,0,0,0.859524,0.27813,0,0.66528,12.849,1,0.607536,0.36288,0,36.595,4.96755,31.3828,0.84672,12.849,0.84672,3695.15,0,0,0,0.669928,2.71362,4.90855,1.37997,6.91213,0.42336,0,0.42336,460.49,0,1.02816,0,0,1.69809,0.669928,1.028160,1,0,38.2949,0,0,0,38.2949,0
59.103,2.89339,0,0,1.90313,0.114392,0.36288,3.6288,59.3157,0.66528,0,0,0.74126,0.278141,0,0.66528,12.849,1,0.613783,0.36288,0,35.0919,5.01195,29.829,0.84672,12.849,0.84672,3695.15,0,0,0,0.569186,2.71398,3.49345,1.37128,5.40533,0.42336,0,0.42336,460.49,0,1.02816,0,0,1.59735,0.569186,1.028160,1,0,35.2344,0,0,0,35.2344,0
57.8247,2.88131,0,0,2.08554,0.119595,0.36288,3.6288,59.1628,0.66528,0,0,0.790301,0.277902,0,0.66528,12.849,1,0.626397,0.36288,0,31.3524,5.04525,26.0436,0.84672,12.849,0.84672,3695.15,0,0,0,0.528362,2.71434,3.60482,1.36476,5.48276,0.42336,0,0.42336,460.49,0,1.02816,0,0,1.55652,0.528362,1.028160,1,0,31.5264,0,0,0,31.5264,0
56.1477,2.77529,0,0,1.66012,0.19898,0.36288,3.6288,58.704,0.66528,0,0,0.460323,0.253823,0,0.66528,12.849,1,0.616685,0.36288,0,28.7285,3.77701,24.6977,0.84672,12.849,0.84672,3695.15,0,0,0,0.268531,2.71469,3.45622,0.968966,5.47048,0.42336,0,0.42336,460.49,0,1.02816,0,0,1.29669,0.268531,1.028160,1,0,30.1682,0,0,0,30.1682,0
54.5356,2.76072,0,0,1.73604,0.224531,0.36288,3.6288,58.4728,0.66528,0,0,0.679476,0.245428,0,0.66528,12.849,1,0.631771,0.36288,0,29.8375,3.46175,26.1068,0.84672,12.849,0.84672,3695.15,0,0,0,0.964181,2.6055,4.85862,0.890258,7.53804,0.42336,0,0.42336,460.49,0,1.02816,0,0,1.99234,0.964181,1.028160,1,0,33.6449,0,0,0,33.6449,0
52.9262,2.74603,0,0,1.72041,0.220937,0.36288,3.6288,58.3546,0.66528,0,0,0.792132,0.245063,0,0.66528,12.849,1,0.646985,0.36288,0,29.2034,3.46175,25.4575,0.84672,12.849,0.84672,3695.15,0,0,0,1.28722,2.60584,4.91449,0.890258,7.9173,0.42336,0,0.42336,460.49,0,1.02816,0,0,2.31538,1.28722,1.028160,1,0,33.3748,0,0,0,33.3748,0
51.1312,2.73061,0,0,1.51588,0.217349,0.36288,3.6288,58.1459,0.66528,0,0,0.701449,0.244876,0,0.66528,12.849,1,0.662917,0.36288,0,25.0533,3.46175,21.2915,0.84672,12.849,0.84672,3695.15,0,0,0,1.12495,2.60619,4.28541,0.890258,7.12628,0.42336,0,0.42336,460.49,0,1.02816,0,0,2.15311,1.12495,1.028160,1,0,28.4178,0,0,0,28.4178,0
51.1944,2.63612,0,0,3.27776,0.215559,0.36288,3.6288,58.8224,0.66528,0,0,1.57216,0.230292,0,0.66528,12.849,1,0.662443,0.36288,0,66.8104,3.75303,62.7578,0.84672,12.849,0.84672,3695.15,0,0,0,2.77069,2.60653,10.8194,0.898642,15.2979,0.42336,0,0.42336,460.49,0,1.02816,0,0,3.79885,2.77069,1.028160,1,0,78.0557,0,0,0,78.0557,0
51.4535,2.63718,0,0,3.47786,0.218653,0.36288,3.6288,59.2607,0.66528,0,0,1.31573,0.212207,0,0.66528,12.849,1,0.661891,0.36288,0,64.1532,4.14141,59.7128,0.84672,12.849,0.84672,3695.15,0,0,0,2.33878,2.50905,12.3187,0.90982,16.2567,0.42336,0,0.42336,460.49,0,1.02816,0,0,3.36694,2.33878,1.028160,1,0,75.9695,0,0,0,75.9695,0
51.9338,2.64025,0,0,3.70265,0.219244,0.36288,3.6288,59.8942,0.66528,0,0,1.51162,0.212804,0,0.66528,12.849,1,0.659324,0.36288,0,150.055,4.14141,145.617,0.84672,12.849,0.84672,3695.15,0,0,0,2.63465,2.50937,14.5556,0.90982,18.7898,0.42336,0,0.42336,460.49,0,1.02816,0,0,3.66281,2.63465,1.028160,1,0,164.407,0,0,0,164.407,0
51.1256,2.64554,0,0,2.42058,0.220341,0.36288,3.6288,59.8975,0.66528,0,0,0.882213,0.213668,0,0.66528,12.849,1,0.654537,0.36288,0,51.8774,4.14141,47.4443,0.84672,12.849,0.84672,3695.15,0,0,0,1.07766,2.5097,10.0611,0.90982,12.7386,0.42336,0,0.42336,460.49,0,1.02816,0,0,2.10582,1.07766,1.028160,1,0,60.183,0,0,0,60.183,0
51.143,2.42083,0,0,3.06063,0.259568,0.36288,3.6288,60.3353,0.66528,0,0,1.31274,0.20963,0,0.66528,12.849,1,0.608408,0.36288,0,62.414,4.20848,57.96,0.84672,12.849,0.84672,3695.15,0,0,0,1.95517,2.51003,9.84813,0.948223,13.3651,0.42336,0,0.42336,460.49,0,1.02816,0,0,2.98333,1.95517,1.028160,1,0,71.3251,0,0,0,71.3251,0
50.7785,2.42137,0,0,2.68504,0.265317,0.36288,3.6288,60.6481,0.66528,0,0,1.22507,0.24705,0,0.66528,12.849,1,0.608337,0.36288,0,35.4753,4.27422,30.9556,0.84672,12.849,0.84672,3695.15,0,0,0,1.72173,2.29295,6.97861,1.22149,9.7718,0.42336,0,0.42336,460.49,0,1.02816,0,0,2.74989,1.72173,1.028160,1,0,40.7274,0,0,0,40.7274,0
51.2764,2.41826,0,0,3.55008,0.271047,0.36288,3.6288,61.308,0.66528,0,0,1.62092,0.245129,0.0505656,0.66528,12.849,1,0.611917,0.36288,0,62.1421,4.20273,57.6903,0.84672,12.849,0.84672,3695.15,0,0,0,2.87001,2.29324,10.0511,1.21111,14.0032,0.42336,0,0.42336,460.49,0,1.02816,0,0,3.89817,2.87001,1.028160,1,0,71.7441,0,0,0,71.7441,0
51.3013,2.42338,0,0,3.08369,0.272462,0.36288,3.6288,61.308,0.66528,0,0,1.23711,0.246156,0.325674,0.66528,12.849,1,0.60726,0.36288,0,49.5674,4.20273,45.1203,0.84672,12.849,0.84672,3695.15,0,0,0,1.78386,2.29354,9.23054,1.21111,12.0968,0.42336,0,0.42336,460.49,0,1.02816,0,0,2.81202,1.78386,1.028160,1,0,57.5428,0,0,0,57.5428,0
51.421,2.42399,0,0,3.17434,0.267834,0.36288,3.6288,61.308,0.66528,0,0,1.32533,0.236202,0.423851,0.66528,12.849,1,0.607117,0.36288,0,43.8674,3.99208,39.631,0.84672,12.849,0.84672,3695.15,0,0,0,1.94872,2.29384,11.1797,1.15489,14.2674,0.42336,0,0.42336,460.49,0,1.02816,0,0,2.97688,1.94872,1.028160,1,0,54.3223,0,0,0,54.3223,0
51.5366,2.50905,0,0,3.21983,0.232286,0.36288,3.6288,61.308,0.66528,0,0,1.10232,0.175064,0.261973,0.66528,12.849,1,0.626957,0.36288,0,97.5921,3.18609,94.1419,0.84672,12.849,0.84672,3695.15,0,0,0,1.61349,2.29414,7.92063,0.982473,10.8458,0.42336,0,0.42336,460.49,0,1.02816,0,0,2.64165,1.61349,1.028160,1,0,105.25,0,0,0,105.25,0
59.8813,2.51053,0,0,11.4515,0.233357,0.36288,3.6288,61.308,0.66528,0,0,3.26321,0.230741,2.36719,0.66528,12.849,1,0.625921,0.36288,0,233.652,4.21228,229.176,0.84672,12.849,0.84672,3695.15,0,0,0,5.64391,2.36226,25.0302,1.38095,31.6554,0.42336,0,0.42336,460.49,0,1.02816,0,0,6.67207,5.64391,1.028160,1,0,263.199,0,0,0,263.199,0
70.4725,2.58272,0,0,13.7905,0.25362,0.36288,3.6288,61.308,0.66528,0,0,5.68332,0.230741,4.7873,0.66528,12.849,1,0.554185,0.36288,0,391.011,4.21228,386.607,0.84672,12.849,0.84672,3695.15,0,0,0,9.45206,2.36254,32.7528,1.38095,43.1864,0.42336,0,0.42336,460.49,0,1.02816,0,0,10.4802,9.45206,1.028160,1,0,434.581,0,0,0,434.581,0
72.29,2.65354,0,0,8.27807,0.276261,3.53079,3.6288,61.308,0.66528,0,0,4.65941,0.230741,3.76339,0.66528,12.849,1,0.48381,3.53079,0,318.684,4.21228,317.519,0.84672,12.849,0.84672,3695.15,0,0,0,5.83861,2.36283,23.7069,1.38095,30.5274,0.42336,0,0.42336,460.49,0,1.02816,0,0,6.86677,5.83861,1.028160,1,0,351.809,0,0,0,351.809,0
72.29,3.20592,0,0,7.74229,0.300577,4.23579,3.6288,61.308,0.66528,0,0,2.61899,0.189468,1.76424,0.66528,12.849,1,0.569828,4.23579,0,188.398,3.92831,188.135,0.84672,12.849,0.84672,3695.15,0,0,0,3.41609,2.36311,20.7268,1.20441,25.3016,0.42336,0,0.42336,460.49,0,1.02816,0,0,4.44425,3.41609,1.028160,1,0,215.201,0,0,0,215.201,0
72.29,3.20634,0,0,6.54791,0.283841,3.05773,3.6288,61.308,0.66528,0,0,2.65548,0.200769,1.78943,0.66528,12.849,1,0.569902,3.05773,0,137.603,4.23927,135.852,0.84672,12.849,0.84672,3695.15,0,0,0,2.71363,2.43059,15.4543,1.06594,19.5326,0.42336,0,0.42336,460.49,0,1.02816,0,0,3.74179,2.71363,1.028160,1,0,157.174,0,0,0,157.174,0
72.29,3.20676,0,0,7.70092,0.283841,4.21032,3.6288,61.308,0.66528,0,0,3.25779,0.200769,2.39174,0.66528,12.849,1,0.569977,4.21032,0,209.211,4.23927,208.612,0.84672,12.849,0.84672,3695.15,0,0,0,4.09819,2.43091,22.3226,1.06594,27.7858,0.42336,0,0.42336,460.49,0,1.02816,0,0,5.12635,4.09819,1.028160,1,0,238.789,0,0,0,238.789,0
72.29,3.20718,0,0,6.14365,0.286108,2.65037,3.6288,61.308,0.66528,0,0,2.57624,0.187637,1.72332,0.66528,12.849,1,0.570051,2.65037,0,155.247,4.01242,153.315,0.84672,12.849,0.84672,3695.15,0,0,0,2.41587,2.43123,15.2852,1.00089,19.1314,0.42336,0,0.42336,460.49,0,1.02816,0,0,3.44403,2.41587,1.028160,1,0,174.17,0,0,0,174.17,0
72.29,2.80101,0,0,6.55545,0.283357,3.47109,3.6288,61.308,0.66528,0,0,2.06899,0.169136,1.23458,0.66528,12.849,1,0.497858,3.47109,0,139.967,3.81806,139.122,0.84672,12.849,0.84672,3695.15,0,0,0,2.77105,2.43154,14.7625,0.894752,19.0703,0.42336,0,0.42336,460.49,0,1.02816,0,0,3.79921,2.77105,1.028160,1,0,159.427,0,0,0,159.427,0
72.29,2.80138,0,0,6.88486,0.26892,3.81457,3.6288,61.308,0.66528,0,0,1.54603,0.166657,0.714096,0.66528,12.849,1,0.497923,3.81457,0,125.179,4.08828,124.407,0.84672,12.849,0.84672,3695.15,0,0,0,1.7441,2.09872,12.155,0.846215,15.1516,0.42336,0,0.42336,460.49,0,1.02816,0,0,2.77226,1.7441,1.028160,1,0,140.273,0,0,0,140.273,0
72.29,2.80174,0,0,5.04824,0.26892,1.97758,3.6288,61.308,0.66528,0,0,1.38087,0.166657,0.548934,0.66528,12.849,1,0.497988,1.97758,0,121.287,4.08828,118.679,0.84672,12.849,0.84672,3695.15,0,0,0,1.77292,2.099,7.64368,0.846215,10.6694,0.42336,0,0.42336,460.49,0,1.02816,0,0,2.80108,1.77292,1.028160,1,0,129.897,0,0,0,129.897,0
72.29,2.80211,0,0,9.76449,0.246264,6.71612,3.6288,61.308,0.66528,0,0,2.12061,0.154624,1.30071,0.66528,12.849,1,0.498053,6.71612,0,157.671,3.91389,159.975,0.84672,12.849,0.84672,3695.15,0,0,0,3.19226,2.09927,18.1137,0.821164,22.584,0.42336,0,0.42336,460.49,0,1.02816,0,0,4.22042,3.19226,1.028160,1,0,183.859,0,0,0,183.859,0
72.29,2.80247,0,0,7.19403,0.297602,4.09395,3.6288,61.308,0.66528,0,0,2.44426,0.206955,1.57202,0.66528,12.849,1,0.498118,4.09395,0,160.243,4.39413,159.445,0.84672,12.849,0.84672,3695.15,0,0,0,3.11691,2.09954,12.3562,0.933113,16.6396,0.42336,0,0.42336,460.49,0,1.02816,0,0,4.14507,3.11691,1.028160,1,0,177.657,0,0,0,177.657,0
72.29,2.90525,0,0,8.92198,0.308606,5.70813,3.6288,61.308,0.66528,0,0,2.27356,0.135252,1.47302,0.66528,12.849,1,0.516386,5.70813,0,146.964,3.33853,148.817,0.84672,12.849,0.84672,3695.15,0,0,0,2.80714,2.09982,17.0929,0.651296,21.3486,0.42336,0,0.42336,460.49,0,1.02816,0,0,3.8353,2.80714,1.028160,1,0,171.639,0,0,0,171.639,0
72.29,2.90563,0,0,5.54344,0.318455,2.31936,3.6288,61.308,0.66528,0,0,1.24711,0.126862,0.454964,0.66528,12.849,1,0.516453,2.31936,0,91.0379,3.22192,89.6189,0.84672,12.849,0.84672,3695.15,0,0,0,1.56782,2.18228,12.6976,0.611655,15.836,0.42336,0,0.42336,460.49,0,1.02816,0,0,2.59598,1.56782,1.028160,1,0,105.91,0,0,0,105.91,0
72.29,2.90601,0,0,5.22963,0.318455,2.00517,3.6288,61.308,0.66528,0,0,1.353,0.126862,0.560856,0.66528,12.849,1,0.51652,2.00517,0,105.059,3.22192,103.326,0.84672,12.849,0.84672,3695.15,0,0,0,1.58384,2.18256,12.7719,0.611655,15.9267,0.42336,0,0.42336,460.49,0,1.02816,0,0,2.612,1.58384,1.028160,1,0,119.813,0,0,0,119.813,0
72.29,2.90638,0,0,4.67006,0.264887,1.49879,3.6288,61.308,0.66528,0,0,1.27467,0.155408,0.45398,0.66528,12.849,1,0.516588,1.49879,0,96.9805,3.57095,94.3918,0.84672,12.849,0.84672,3695.15,0,0,0,1.53672,2.18285,13.1778,0.680356,16.217,0.42336,0,0.42336,460.49,0,1.02816,0,0,2.56488,1.53672,1.028160,1,0,111.063,0,0,0,111.063,0
72.29,2.8667,0,0,4.39585,0.261276,1.26787,3.6288,61.308,0.66528,0,0,1.2381,0.188858,0.383965,0.66528,12.849,1,0.509534,1.26787,0,86.7923,4.13071,83.4199,0.84672,12.849,0.84672,3695.15,0,0,0,1.34116,2.18313,12.2049,0.863444,14.8657,0.42336,0,0.42336,460.49,0,1.02816,0,0,2.36932,1.34116,1.028160,1,0,98.6696,0,0,0,98.6696,0
72.29,2.86707,0,0,4.10382,0.265265,0.971479,3.6288,61.308,0.66528,0,0,1.20976,0.210378,0.334098,0.66528,12.849,1,0.509601,0.971479,0,95.6534,4.50691,91.6084,0.84672,12.849,0.84672,3695.15,0,0,0,1.12789,2.15142,8.76027,0.992173,11.0474,0.42336,0,0.42336,460.49,0,1.02816,0,0,2.15605,1.12789,1.028160,1,0,102.99,0,0,0,102.99,0
72.29,2.86745,0,0,3.92389,0.265265,0.791177,3.6288,61.308,0.66528,0,0,1.4593,0.210378,0.583647,0.66528,12.849,1,0.509667,0.791177,0,90.0176,4.50691,85.7922,0.84672,12.849,0.84672,3695.15,0,0,0,1.35119,2.1517,9.99173,0.992173,12.5024,0.42336,0,0.42336,460.49,0,1.02816,0,0,2.37935,1.35119,1.028160,1,0,98.8783,0,0,0,98.8783,0
72.29,2.86782,0,0,3.77096,0.265265,0.637875,3.6288,61.308,0.66528,0,0,1.23506,0.210378,0.359404,0.66528,12.849,1,0.509734,0.637875,0,76.502,4.50691,72.1232,0.84672,12.849,0.84672,3695.15,0,0,0,1.0241,2.15198,8.41044,0.992173,10.5943,0.42336,0,0.42336,460.49,0,1.02816,0,0,2.05226,1.0241,1.028160,1,0,83.077,0,0,0,83.077,0
72.082,3.00425,0,0,3.37661,0.217434,0.36288,3.6288,61.308,0.66528,0,0,1.06182,0.199281,0.19726,0.66528,12.849,1,0.533984,0.36288,0,71.0942,4.26605,66.6571,0.84672,12.849,0.84672,3695.15,0,0,0,0.872994,2.15226,7.23695,0.885976,9.37623,0.42336,0,0.42336,460.49,0,1.02816,0,0,1.90115,0.872994,1.028160,1,0,76.2306,0,0,0,76.2306,0
71.7999,3.00334,0,0,3.29736,0.213275,0.36288,3.6288,61.308,0.66528,0,0,1.06609,0.166207,0.234603,0.66528,12.849,1,0.535361,0.36288,0,64.3922,3.50459,60.7151,0.84672,12.849,0.84672,3695.15,0,0,0,1.01392,2.26473,7.02657,0.805677,9.49954,0.42336,0,0.42336,460.49,0,1.02816,0,0,2.04208,1.01392,1.028160,1,0,70.4493,0,0,0,70.4493,0
71.3031,3.00195,0,0,3.08089,0.212818,0.36288,3.6288,61.308,0.66528,0,0,1.01831,0.166207,0.186823,0.66528,12.849,1,0.537215,0.36288,0,59.0081,3.50459,55.3292,0.84672,12.849,0.84672,3695.15,0,0,0,0.751369,2.26502,6.37724,0.805677,8.58796,0.42336,0,0.42336,460.49,0,1.02816,0,0,1.77953,0.751369,1.028160,1,0,64.104,0,0,0,64.104,0
70.9534,2.74294,0,0,2.91581,0.159783,0.36288,3.6288,61.308,0.66528,0,0,0.957442,0.241183,0.0509785,0.66528,12.849,1,0.494284,0.36288,0,55.7545,4.52324,51.0999,0.84672,12.849,0.84672,3695.15,0,0,0,0.541866,2.26532,5.52923,1.07845,7.25796,0.42336,0,0.42336,460.49,0,1.02816,0,0,1.57003,0.541866,1.028160,1,0,58.4088,0,0,0,58.4088,0
70.4206,2.74127,0,0,2.70993,0.13852,0.36288,3.6288,61.2783,0.66528,0,0,0.906751,0.271174,0,0.66528,12.849,1,0.496418,0.36288,0,51.4916,4.9307,46.4274,0.84672,12.849,0.84672,3695.15,0,0,0,0.46599,2.44258,5.26931,1.18755,6.99032,0.42336,0,0.42336,460.49,0,1.02816,0,0,1.49415,0.46599,1.028160,1,0,53.4177,0,0,0,53.4177,0
69.9651,2.71166,0,0,2.7398,0.120742,0.36288,3.6288,61.2475,0.66528,0,0,0.876036,0.241559,0,0.66528,12.849,1,0.494772,0.36288,0,46.4467,4.9433,41.3716,0.84672,12.849,0.84672,3695.15,0,0,0,0.811642,2.44287,4.79629,1.10136,6.94944,0.42336,0,0.42336,460.49,0,1.02816,0,0,1.8398,0.811642,1.028160,1,0,48.321,0,0,0,48.321,0
69.3298,2.70933,0,0,2.55436,0.117461,0.36288,3.6288,61.2008,0.66528,0,0,0.855144,0.236585,0,0.66528,12.849,1,0.497564,0.36288,0,45.4926,4.94539,40.4125,0.84672,12.849,0.84672,3695.15,0,0,0,0.89316,2.48241,4.75428,1.087,7.04285,0.42336,0,0.42336,460.49,0,1.02816,0,0,1.92132,0.89316,1.028160,1,0,47.4554,0,0,0,47.4554,0
68.4693,2.70587,0,0,2.32509,0.116884,0.36288,3.6288,61.0988,0.66528,0,0,0.799831,0.236515,0,0.66528,12.849,1,0.501482,0.36288,0,43.6728,4.94539,38.5888,0.84672,12.849,0.84672,3695.15,0,0,0,0.636543,2.48271,4.46622,1.087,6.49848,0.42336,0,0.42336,460.49,0,1.02816,0,0,1.6647,0.636543,1.028160,1,0,45.0873,0,0,0,45.0873,0
67.4412,2.70095,0,0,2.13799,0.102238,0.36288,3.6288,60.9279,0.66528,0,0,0.763612,0.269226,0,0.66528,12.849,1,0.506862,0.36288,0,38.7174,5.36885,33.2046,0.84672,12.849,0.84672,3695.15,0,0,0,0.628249,2.48301,4.29746,1.24156,6.16715,0.42336,0,0.42336,460.49,0,1.02816,0,0,1.65641,0.628249,1.028160,1,0,39.3717,0,0,0,39.3717,0
66.4471,2.76366,0,0,2.21594,0.0834693,0.36288,3.6288,60.7347,0.66528,0,0,0.776451,0.304405,0,0.66528,12.849,1,0.526537,0.36288,0,37.2341,5.95662,31.1138,0.84672,12.849,0.84672,3695.15,0,0,0,0.616879,2.48331,4.10492,1.45246,5.75265,0.42336,0,0.42336,460.49,0,1.02816,0,0,1.64504,0.616879,1.028160,1,0,36.8665,0,0,0,36.8665,0
65.5434,2.75745,0,0,2.29993,0.0833339,0.36288,3.6288,60.6383,0.66528,0,0,0.861866,0.292978,0,0.66528,12.849,1,0.533213,0.36288,0,38.1493,5.98752,31.9915,0.84672,12.849,0.84672,3695.15,0,0,0,0.688513,2.53925,4.08399,1.45887,5.85288,0.42336,0,0.42336,460.49,0,1.02816,0,0,1.71667,0.688513,1.028160,1,0,37.8443,0,0,0,37.8443,0
64.4148,2.7517,0,0,2.06876,0.082736,0.36288,3.6288,60.4886,0.66528,0,0,0.808419,0.292799,0,0.66528,12.849,1,0.539437,0.36288,0,35.9538,5.98752,29.7897,0.84672,12.849,0.84672,3695.15,0,0,0,0.633658,2.53956,4.16922,1.45887,5.88356,0.42336,0,0.42336,460.49,0,1.02816,0,0,1.66182,0.633658,1.028160,1,0,35.6733,0,0,0,35.6733,0
63.1084,2.74421,0,0,1.88266,0.0819893,0.36288,3.6288,60.3064,0.66528,0,0,0.775561,0.292521,0,0.66528,12.849,1,0.547394,0.36288,0,33.7697,5.98752,27.5977,0.84672,12.849,0.84672,3695.15,0,0,0,0.476669,2.53987,3.87598,1.45887,5.43364,0.42336,0,0.42336,460.49,0,1.02816,0,0,1.50483,0.476669,1.028160,1,0,33.0313,0,0,0,33.0313,0
61.3734,2.93463,0,0,1.62909,0.0666558,0.36288,3.6288,60.1142,0.66528,0,0,0.772304,0.299203,0,0.66528,12.849,1,0.597497,0.36288,0,32.22,6.22933,25.7561,0.84672,12.849,0.84672,3695.15,0,0,0,0.460184,2.54017,3.92773,1.48892,5.43916,0.42336,0,0.42336,460.49,0,1.02816,0,0,1.48834,0.460184,1.028160,1,0,31.1952,0,0,0,31.1952,0
60.0421,2.92108,0,0,2.00839,0.0556686,0.36288,3.6288,59.7979,0.66528,0,0,0.631734,0.282762,0,0.66528,12.849,1,0.611551,0.36288,0,31.5636,5.80314,25.5118,0.84672,12.849,0.84672,3695.15,0,0,0,0.385586,2.73096,4.89187,1.49058,6.51784,0.42336,0,0.42336,460.49,0,1.02816,0,0,1.41375,0.385586,1.028160,1,0,32.0297,0,0,0,32.0297,0
58.918,2.91032,0,0,2.2041,0.055038,0.36288,3.6288,59.6305,0.66528,0,0,0.780102,0.282192,0,0.66528,12.849,1,0.622808,0.36288,0,40.5931,5.80314,34.5301,0.84672,12.849,0.84672,3695.15,0,0,0,0.728274,2.7313,5.33646,1.49058,7.30545,0.42336,0,0.42336,460.49,0,1.02816,0,0,1.75643,0.728274,1.028160,1,0,41.8355,0,0,0,41.8355,0
57.3704,2.90097,0,0,1.77068,0.0544465,0.36288,3.6288,59.2344,0.678447,0,0,0.56424,0.28189,0,0.66528,12.849,1,0.632653,0.36288,0,39.6662,5.80314,33.5932,0.84672,12.849,0.84672,3695.15,0,0,0,0.204422,2.73163,4.28396,1.49058,5.72943,0.42336,0,0.42336,460.49,0,1.01499,0,0,1.21942,0.204422,1.028160,1,0,39.3227,0,0,0,39.3227,0
56.2716,2.88744,0,0,2.20519,0.0536323,0.36288,3.6288,59.2524,0.66528,0,0,0.964387,0.281177,0,0.66528,12.849,1,0.646688,0.36288,0,36.2274,5.80314,30.1405,0.84672,12.849,0.84672,3695.15,0,0,0,1.2785,2.73196,6.62387,1.49058,9.14375,0.42336,0,0.42336,460.49,0,1.02816,0,0,2.30666,1.2785,1.028160,1,0,39.2842,0,0,0,39.2842,0
55.0693,2.78226,0,0,2.00865,0.0657986,0.36288,3.6288,58.9625,0.66528,0,0,0.628214,0.252836,0,0.66528,12.849,1,0.635298,0.36288,0,36.7216,5.18532,31.2638,0.84672,12.849,0.84672,3695.15,0,0,0,0.903813,2.73229,5.71238,1.36838,7.9801,0.42336,0,0.42336,460.49,0,1.02816,0,0,1.93197,0.903813,1.028160,1,0,39.2439,0,0,0,39.2439,0
54.0142,2.7714,0,0,2.17575,0.0965775,0.36288,3.6288,58.7739,0.66528,0,0,0.708739,0.232036,0,0.66528,12.849,1,0.646636,0.36288,0,38.346,4.19073,33.8715,0.84672,12.849,0.84672,3695.15,0,0,0,0.876891,2.62232,7.07314,1.12752,9.44482,0.42336,0,0.42336,460.49,0,1.02816,0,0,1.90505,0.876891,1.028160,1,0,43.3163,0,0,0,43.3163,0
53.0431,2.76159,0,0,2.26881,0.115407,0.36288,3.6288,58.9908,0.66528,0,0,1.10718,0.224979,0,0.66528,12.849,1,0.656933,0.36288,0,39.1201,3.91913,34.9069,0.84672,12.849,0.84672,3695.15,0,0,0,1.77149,2.62264,9.77331,1.06599,13.1014,0.42336,0,0.42336,460.49,0,1.02816,0,0,2.79965,1.77149,1.028160,1,0,48.0084,0,0,0,48.0084,0
52.062,2.7523,0,0,2.24837,0.11427,0.36288,3.6288,59.391,0.66528,0,0,1.29074,0.225292,0,0.66528,12.849,1,0.666709,0.36288,0,38.2888,3.91913,34.0658,0.84672,12.849,0.84672,3695.15,0,0,0,2.22544,2.62296,9.88572,1.06599,13.6681,0.42336,0,0.42336,460.49,0,1.02816,0,0,3.2536,2.22544,1.028160,1,0,47.7339,0,0,0,47.7339,0
50.7409,2.6655,0,0,1.84177,0.134557,0.36288,3.6288,59.3448,0.66528,0,0,0.845211,0.226125,0,0.66528,12.849,1,0.657849,0.36288,0,29.9222,4.10123,25.526,0.84672,12.849,0.84672,3695.15,0,0,0,1.05611,2.62328,7.26665,1.10329,9.84274,0.42336,0,0.42336,460.49,0,1.02816,0,0,2.08427,1.05611,1.028160,1,0,35.3688,0,0,0,35.3688,0
48.9077,2.65221,0,0,1.36748,0.185573,0.36288,3.6288,58.3851,1.08955,0,0,0.3566,0.226693,0,0.66528,12.849,1,0.671613,0.36288,0,20.2086,4.55648,15.3434,0.84672,12.849,0.84672,3695.15,0,0,0,0.216518,2.5251,5.22869,1.19655,6.77376,0.42336,0,0.42336,460.49,0,0.603893,0,0,0.820411,0.216518,1.028160,1,0,22.1172,0,0,0,22.1172,0
47.3263,2.63265,0,0,1.59616,0.181992,0.36288,3.6288,58.1939,0.66528,0,0,0.699301,0.2253,0,0.66528,12.849,1,0.691647,0.36288,0,23.5227,4.55648,18.6375,0.84672,12.849,0.84672,3695.15,0,0,0,0.869262,2.5254,8.30156,1.19655,10.4997,0.42336,0,0.42336,460.49,0,1.02816,0,0,1.89742,0.869262,1.028160,1,0,29.1372,0,0,0,29.1372,0
48.4295,2.61484,0,0,4.25977,0.178882,0.36288,3.6288,59.0161,0.66528,0,0,1.71253,0.225023,0,0.66528,12.849,1,0.709924,0.36288,0,69.1313,4.55648,64.2278,0.84672,12.849,0.84672,3695.15,0,0,0,2.5219,2.52571,15.6732,1.19655,19.5243,0.42336,0,0.42336,460.49,0,1.02816,0,0,3.55006,2.5219,1.028160,1,0,83.7521,0,0,0,83.7521,0
47.914,2.41208,0,0,2.478,0.218519,0.36288,3.6288,59.1991,0.66528,0,0,1.04301,0.194731,0,0.66528,12.849,1,0.639957,0.36288,0,38.5417,4.08094,34.1836,0.84672,12.849,0.84672,3695.15,0,0,0,0.601897,2.52602,9.44836,1.03171,11.5446,0.42336,0,0.42336,460.49,0,1.02816,0,0,1.63006,0.601897,1.028160,1,0,45.7282,0,0,0,45.7282,0
47.9411,2.40699,0,0,3.02884,0.231883,0.36288,3.6288,58.9816,0.66528,0,0,0.696838,0.249089,0,0.66528,12.849,1,0.645478,0.36288,0,41.7036,4.68079,36.7402,0.84672,12.849,0.84672,3695.15,0,0,0,1.12844,2.30742,6.92092,1.14816,9.20863,0.42336,0,0.42336,460.49,0,1.02816,0,0,2.1566,1.12844,1.028160,1,0,45.9489,0,0,0,45.9489,0
47.9468,2.40763,0,0,3.00815,0.231952,0.36288,3.6288,59.0932,0.66528,0,0,1.0257,0.248742,0,0.66528,12.849,1,0.645283,0.36288,0,47.614,4.68079,42.6508,0.84672,12.849,0.84672,3695.15,0,0,0,2.2355,2.3077,12.8437,1.14816,16.2387,0.42336,0,0.42336,460.49,0,1.02816,0,0,3.26366,2.2355,1.028160,1,0,58.8896,0,0,0,58.8896,0
46.9205,2.40803,0,0,1.96799,0.223374,0.36288,3.6288,58.6501,0.66528,0,0,0.437216,0.21507,0,0.66528,12.849,1,0.645315,0.36288,0,28.2722,4.0559,23.9338,0.84672,12.849,0.84672,3695.15,0,0,0,0.557522,2.30798,5.34848,0.968446,7.24554,0.42336,0,0.42336,460.49,0,1.02816,0,0,1.58568,0.557522,1.028160,1,0,31.1794,0,0,0,31.1794,0
45.5916,2.39729,0,0,1.64571,0.2145,0.36288,3.6288,58.2476,0.770049,0,0,0.556708,0.189144,0,0.66528,12.849,1,0.656489,0.36288,0,30.4844,3.58722,26.6036,0.84672,12.849,0.84672,3695.15,0,0,0,0.412474,2.30826,5.84471,0.833662,7.73178,0.42336,0,0.42336,460.49,0,0.923391,0,0,1.33586,0.412474,1.028160,1,0,34.3354,0,0,0,34.3354,0
46.5244,2.38236,0,0,3.90855,0.230463,0.36288,3.6288,58.3458,0.66528,0,0,0.948646,0.185149,0,0.66528,12.849,1,0.671418,0.36288,0,75.5174,3.46902,71.7398,0.84672,12.849,0.84672,3695.15,0,0,0,1.06874,2.30853,8.81962,0.925513,11.2714,0.42336,0,0.42336,460.49,0,1.02816,0,0,2.0969,1.06874,1.028160,1,0,83.0112,0,0,0,83.0112,0
47.2873,2.47564,0,0,3.84875,0.247355,0.36288,3.6288,58.6388,0.66528,0,0,1.14083,0.182635,0,0.66528,12.849,1,0.683716,0.36288,0,66.5433,3.38037,62.8421,0.84672,12.849,0.84672,3695.15,0,0,0,2.50512,2.30853,10.7112,0.994401,14.5304,0.42336,0,0.42336,460.49,0,1.02816,0,0,3.53328,2.50512,1.028160,1,0,77.3725,0,0,0,77.3725,0
50.2357,2.48464,0,0,6.05374,0.257758,0.36288,3.6288,59.6788,0.66528,0,0,1.88344,0.17811,0,0.66528,12.849,1,0.675131,0.36288,0,110.458,3.45399,106.692,0.84672,12.849,0.84672,3695.15,0,0,0,4.17453,2.3771,13.4825,0.978138,19.0559,0.42336,0,0.42336,460.49,0,1.02816,0,0,5.20269,4.17453,1.028160,1,0,125.748,0,0,0,125.748,0
54.0252,2.51652,0,0,6.95642,0.287542,0.36288,3.6288,61.0715,0.66528,0,0,2.22502,0.167045,0,0.66528,12.849,1,0.643662,0.36288,0,131.391,3.63804,127.472,0.84672,12.849,0.84672,3695.15,0,0,0,4.34839,2.37736,13.3311,0.937479,19.1194,0.42336,0,0.42336,460.49,0,1.02816,0,0,5.37655,4.34839,1.028160,1,0,146.592,0,0,0,146.592,0
57.6459,2.55334,0,0,6.83634,0.299464,0.36288,3.6288,61.308,0.66528,0,0,2.06409,0.163986,0.998328,0.66528,12.849,1,0.607268,0.36288,0,193.105,3.65714,189.203,0.84672,12.849,0.84672,3695.15,0,0,0,3.35036,2.37763,16.3598,0.936839,21.1509,0.42336,0,0.42336,460.49,0,1.02816,0,0,4.37852,3.35036,1.028160,1,0,211.353,0,0,0,211.353,0
61.9695,2.86111,0,0,7.86076,0.313124,0.36288,3.6288,61.308,0.66528,0,0,2.16643,0.13692,1.36423,0.66528,12.849,1,0.637728,0.36288,0,170.717,3.7717,166.67,0.84672,12.849,0.84672,3695.15,0,0,0,5.61705,2.37789,15.5336,0.932996,22.5955,0.42336,0,0.42336,460.49,0,1.02816,0,0,6.64521,5.61705,1.028160,1,0,190.63,0,0,0,190.63,0
64.1488,2.89834,0,0,5.76627,0.325736,0.36288,3.6288,61.308,0.66528,0,0,1.42398,0.13692,0.621775,0.66528,12.849,1,0.600953,0.36288,0,113.441,3.7717,109.432,0.84672,12.849,0.84672,3695.15,0,0,0,2.2231,2.62396,9.25811,0.932996,13.1722,0.42336,0,0.42336,460.49,0,1.02816,0,0,3.25126,2.2231,1.028160,1,0,123.226,0,0,0,123.226,0
65.3735,2.91573,0,0,4.83482,0.33158,0.36288,3.6288,61.308,0.66528,0,0,1.24488,0.13692,0.442677,0.66528,12.849,1,0.58402,0.36288,0,81.1737,3.7717,77.1808,0.84672,12.849,0.84672,3695.15,0,0,0,1.57961,2.62426,7.67906,0.932996,10.9499,0.42336,0,0.42336,460.49,0,1.02816,0,0,2.60777,1.57961,1.028160,1,0,88.5734,0,0,0,88.5734,0
67.8878,2.92526,0,0,6.10788,0.305427,0.36288,3.6288,61.308,0.66528,0,0,1.73547,0.179152,0.891042,0.66528,12.849,1,0.574952,0.36288,0,98.2895,3.82268,94.2548,0.84672,12.849,0.84672,3695.15,0,0,0,2.62138,2.62455,13.7541,1.00528,17.9948,0.42336,0,0.42336,460.49,0,1.02816,0,0,3.64954,2.62138,1.028160,1,0,113.141,0,0,0,113.141,0
68.7075,2.5382,0,0,4.05059,0.329749,0.36288,3.6288,61.308,0.66528,0,0,2.91287,0.148489,2.0991,0.66528,12.849,1,0.480401,0.36288,0,119.44,3.58102,115.742,0.84672,12.849,0.84672,3695.15,0,0,0,3.97723,2.62485,14.1766,0.957422,19.8212,0.42336,0,0.42336,460.49,0,1.02816,0,0,5.00539,3.97723,1.028160,1,0,137.662,0,0,0,137.662,0
70.7466,2.54337,0,0,5.2772,0.331871,0.36288,3.6288,61.308,0.66528,0,0,2.9665,0.148489,2.15273,0.66528,12.849,1,0.475635,0.36288,0,93.7526,3.58102,90.0589,0.84672,12.849,0.84672,3695.15,0,0,0,4.2093,2.28977,15.1311,0.957422,20.6728,0.42336,0,0.42336,460.49,0,1.02816,0,0,5.23746,4.2093,1.028160,1,0,112.884,0,0,0,112.884,0
72.0129,2.55531,0,0,4.52166,0.337149,0.36288,3.6288,61.308,0.66528,0,0,2.34848,0.148489,1.53471,0.66528,12.849,1,0.464095,0.36288,0,90.0634,3.58102,86.3811,0.84672,12.849,0.84672,3695.15,0,0,0,3.16715,2.29002,14.1841,0.957422,18.6839,0.42336,0,0.42336,460.49,0,1.02816,0,0,4.19531,3.16715,1.028160,1,0,106.6,0,0,0,106.6,0
72.29,2.56257,0,0,4.48896,0.311193,1.33813,3.6288,61.308,0.66528,0,0,2.52883,0.14874,1.71481,0.66528,12.849,1,0.45723,1.33813,0,101.958,3.76916,99.0698,0.84672,12.849,0.84672,3695.15,0,0,0,4.33998,2.29028,12.3621,1.01658,17.9758,0.42336,0,0.42336,460.49,0,1.02816,0,0,5.36814,4.33998,1.028160,1,0,118.76,0,0,0,118.76,0
72.29,2.82116,0,0,4.53408,0.334652,1.37827,3.6288,61.308,0.66528,0,0,2.65172,0.207503,1.77894,0.66528,12.849,1,0.50144,1.37827,0,94.2011,4.38948,90.6884,0.84672,12.849,0.84672,3695.15,0,0,0,4.43448,2.29053,14.3925,1.15967,19.9579,0.42336,0,0.42336,460.49,0,1.02816,0,0,5.46264,4.43448,1.028160,1,0,112.425,0,0,0,112.425,0
72.29,2.92459,0,0,5.34883,0.293771,2.13046,3.6288,61.308,0.66528,0,0,2.258,0.188643,1.40408,0.66528,12.849,1,0.519824,2.13046,0,169.659,3.83912,167.431,0.84672,12.849,0.84672,3695.15,0,0,0,4.63061,2.11382,16.4454,1.07007,22.1197,0.42336,0,0.42336,460.49,0,1.02816,0,0,5.65877,4.63061,1.028160,1,0,190.955,0,0,0,190.955,0
72.29,2.92494,0,0,3.69193,0.293771,0.473217,3.6288,61.308,0.66528,0,0,1.64539,0.188643,0.79147,0.66528,12.849,1,0.519887,0.473217,0,141.181,3.83912,137.295,0.84672,12.849,0.84672,3695.15,0,0,0,2.73427,2.19681,10.6583,1.07007,14.5193,0.42336,0,0.42336,460.49,0,1.02816,0,0,3.76243,2.73427,1.028160,1,0,152.606,0,0,0,152.606,0
72.29,2.9253,0,0,3.69744,0.293771,0.478378,3.6288,61.308,0.66528,0,0,1.6311,0.188643,0.777179,0.66528,12.849,1,0.519949,0.478378,0,97.7892,3.83912,93.9086,0.84672,12.849,0.84672,3695.15,0,0,0,2.79281,2.19707,11.4846,1.07007,15.4044,0.42336,0,0.42336,460.49,0,1.02816,0,0,3.82097,2.79281,1.028160,1,0,110.09,0,0,0,110.09,0
72.1605,2.92565,0,0,3.4294,0.270415,0.36288,3.6288,61.308,0.66528,0,0,1.51027,0.223655,0.621337,0.66528,12.849,1,0.520012,0.36288,0,88.0675,4.45075,83.4596,0.84672,12.849,0.84672,3695.15,0,0,0,2.46605,2.19734,10.6796,1.14155,14.2015,0.42336,0,0.42336,460.49,0,1.02816,0,0,3.49421,2.46605,1.028160,1,0,98.2825,0,0,0,98.2825,0
71.5997,2.88489,0,0,2.91869,0.231653,0.36288,3.6288,61.308,0.66528,0,0,1.12798,0.232707,0.229991,0.66528,12.849,1,0.513688,0.36288,0,66.5064,4.47017,61.8854,0.84672,12.849,0.84672,3695.15,0,0,0,1.52203,2.1976,8.38244,1.16856,10.9335,0.42336,0,0.42336,460.49,0,1.02816,0,0,2.55019,1.52203,1.028160,1,0,73.0489,0,0,0,73.0489,0
70.728,2.88183,0,0,2.6037,0.230667,0.36288,3.6288,61.308,0.66528,0,0,1.00157,0.232707,0.103588,0.66528,12.849,1,0.517161,0.36288,0,57.1216,4.47017,52.4972,0.84672,12.849,0.84672,3695.15,0,0,0,1.19501,2.16566,7.27937,1.16856,9.47148,0.42336,0,0.42336,460.49,0,1.02816,0,0,2.22317,1.19501,1.028160,1,0,62.0723,0,0,0,62.0723,0
69.6755,2.87678,0,0,2.39914,0.212055,0.36288,3.6288,61.308,0.66528,0,0,0.91787,0.209952,0.0426388,0.66528,12.849,1,0.522618,0.36288,0,53.2792,3.99832,49.1211,0.84672,12.849,0.84672,3695.15,0,0,0,1.05986,2.16592,6.55534,1.04889,8.73223,0.42336,0,0.42336,460.49,0,1.02816,0,0,2.08802,1.05986,1.028160,1,0,57.896,0,0,0,57.896,0
68.5256,2.87046,0,0,2.28112,0.197635,0.36288,3.6288,61.308,0.66528,0,0,0.877383,0.192885,0.0192182,0.66528,12.849,1,0.529347,0.36288,0,49.2149,3.64444,45.404,0.84672,12.849,0.84672,3695.15,0,0,0,1.24919,2.16618,6.55207,0.959134,9.00831,0.42336,0,0.42336,460.49,0,1.02816,0,0,2.27735,1.24919,1.028160,1,0,54.4315,0,0,0,54.4315,0
67.1259,2.99915,0,0,2.15501,0.192726,0.36288,3.6288,61.2322,0.66528,0,0,0.83001,0.240548,0,0.66528,12.849,1,0.56236,0.36288,0,45.5599,4.28421,41.0762,0.84672,12.849,0.84672,3695.15,0,0,0,1.07022,2.16644,6.04349,1.07224,8.20791,0.42336,0,0.42336,460.49,0,1.02816,0,0,2.09838,1.07022,1.028160,1,0,49.2841,0,0,0,49.2841,0
65.5568,2.98967,0,0,1.97405,0.190619,0.36288,3.6288,61.0857,0.66528,0,0,0.759231,0.240433,0,0.66528,12.849,1,0.572272,0.36288,0,40.8802,4.28421,36.3866,0.84672,12.849,0.84672,3695.15,0,0,0,0.86362,2.27962,5.77259,1.07224,7.84359,0.42336,0,0.42336,460.49,0,1.02816,0,0,1.89178,0.86362,1.028160,1,0,44.2302,0,0,0,44.2302,0
64.1547,2.72573,0,0,1.83381,0.147275,0.36288,3.6288,60.8787,0.66528,0,0,0.726823,0.2685,0,0.66528,12.849,1,0.534238,0.36288,0,36.1701,4.60551,31.3932,0.84672,12.849,0.84672,3695.15,0,0,0,0.798224,2.2799,5.51189,1.15434,7.43567,0.42336,0,0.42336,460.49,0,1.02816,0,0,1.82638,0.798224,1.028160,1,0,38.8289,0,0,0,38.8289,0
62.6629,2.71636,0,0,1.72634,0.13887,0.36288,3.6288,60.6348,0.66528,0,0,0.694172,0.272857,0,0.66528,12.849,1,0.544037,0.36288,0,35.6395,4.65906,30.7993,0.84672,12.849,0.84672,3695.15,0,0,0,0.671432,2.45713,5.58305,1.16802,7.54359,0.42336,0,0.42336,460.49,0,1.02816,0,0,1.69959,0.671432,1.028160,1,0,38.3429,0,0,0,38.3429,0
61.3915,2.70597,0,0,1.91888,0.121427,0.36288,3.6288,60.58,0.66528,0,0,0.829319,0.218818,0,0.66528,12.849,1,0.554857,0.36288,0,39.023,4.38253,34.4485,0.84672,12.849,0.84672,3695.15,0,0,0,0.683139,2.45741,4.65048,1.03857,6.75246,0.42336,0,0.42336,460.49,0,1.02816,0,0,1.7113,0.683139,1.028160,1,0,41.2009,0,0,0,41.2009,0
60.0771,2.67043,0,0,1.83278,0.113922,0.36288,3.6288,60.61,0.66528,0,0,0.892538,0.197302,0,0.66528,12.849,1,0.55891,0.36288,0,40.2487,4.27193,35.7807,0.84672,12.849,0.84672,3695.15,0,0,0,0.727609,2.45768,4.1171,0.986793,6.3156,0.42336,0,0.42336,460.49,0,1.02816,0,0,1.75577,0.727609,1.028160,1,0,42.0963,0,0,0,42.0963,0
58.5991,2.6607,0,0,1.65824,0.112652,0.36288,3.6288,60.5757,0.66528,0,0,0.828317,0.19734,0,0.66528,12.849,1,0.569059,0.36288,0,36.1437,4.27193,31.6656,0.84672,12.849,0.84672,3695.15,0,0,0,0.509812,2.49745,3.94866,0.986793,5.96913,0.42336,0,0.42336,460.49,0,1.02816,0,0,1.53797,0.509812,1.028160,1,0,37.6347,0,0,0,37.6347,0
57.0812,2.64928,0,0,1.57983,0.0855195,0.36288,3.6288,60.4313,0.66528,0,0,0.783743,0.262806,0,0.66528,12.849,1,0.580907,0.36288,0,32.7434,5.11883,27.4065,0.84672,12.849,0.84672,3695.15,0,0,0,0.517337,2.49773,3.7411,1.29593,5.46024,0.42336,0,0.42336,460.49,0,1.02816,0,0,1.5455,0.517337,1.028160,1,0,32.8667,0,0,0,32.8667,0
55.4299,2.63702,0,0,1.42771,0.0790967,0.36288,3.6288,60.2162,0.66528,0,0,0.73218,0.281991,0,0.66528,12.849,1,0.593593,0.36288,0,30.2223,5.42603,24.5655,0.84672,12.849,0.84672,3695.15,0,0,0,0.415169,2.49801,3.55215,1.38333,5.082,0.42336,0,0.42336,460.49,0,1.02816,0,0,1.44333,0.415169,1.028160,1,0,29.6475,0,0,0,29.6475,0
53.7009,2.68995,0,0,1.3992,0.0754255,0.36288,3.6288,59.9517,0.666377,0,0,0.704773,0.30287,0,0.66528,12.849,1,0.623547,0.36288,0,28.6146,5.84115,22.5128,0.84672,12.849,0.84672,3695.15,0,0,0,0.261274,2.49829,3.28476,1.47303,4.5713,0.42336,0,0.42336,460.49,0,1.02706,0,0,1.28834,0.261274,1.028160,1,0,27.0841,0,0,0,27.0841,0
51.8698,2.6741,0,0,1.28,0.0741213,0.36288,3.6288,59.6212,0.690578,0,0,0.662403,0.30236,0,0.66528,12.849,1,0.639832,0.36288,0,26.9042,5.84115,20.7861,0.84672,12.849,0.84672,3695.15,0,0,0,0.261274,2.55457,3.34345,1.47303,4.68626,0.42336,0,0.42336,460.49,0,1.00286,0,0,1.26414,0.261274,1.028160,1,0,25.4723,0,0,0,25.4723,0
49.9368,2.65635,0,0,1.15896,0.0727401,0.36288,3.6288,59.1668,0.785592,0,0,0.63288,0.301723,0,0.66528,12.849,1,0.658021,0.36288,0,25.3384,5.84115,19.2022,0.84672,12.849,0.84672,3695.15,0,0,0,0.227405,2.55486,3.10867,1.47303,4.4179,0.42336,0,0.42336,460.49,0,0.907848,0,0,1.13525,0.227405,1.028160,1,0,23.6201,0,0,0,23.6201,0
47.8918,2.63643,0,0,1.01354,0.0592368,0.36288,3.6288,58.683,0.803701,0,0,0.628404,0.308512,0,0.66528,12.849,1,0.678369,0.36288,0,24.1278,6.06548,17.7468,0.84672,12.849,0.84672,3695.15,0,0,0,0.227405,2.55514,3.14193,1.51785,4.40663,0.42336,0,0.42336,460.49,0,0.889739,0,0,1.11714,0.227405,1.028160,1,0,22.1535,0,0,0,22.1535,0
45.647,2.80444,0,0,0.992978,0.0704333,0.36288,3.6288,58.084,0.838711,0,0,0.542045,0.302278,0,0.66528,12.849,1,0.752409,0.36288,0,18.8077,6.14241,12.2758,0.84672,12.849,0.84672,3695.15,0,0,0,0.227405,2.55543,2.53594,1.54419,3.77459,0.42336,0,0.42336,460.49,0,0.854729,0,0,1.08213,0.227405,1.028160,1,0,16.0504,0,0,0,16.0504,0
43.5662,2.77592,0,0,1.12759,0.0695946,0.36288,3.6288,57.7752,0.66528,0,0,0.658799,0.302312,0,0.66528,12.849,1,0.781384,0.36288,0,23.0596,6.17222,16.4689,0.84672,12.849,0.84672,3695.15,0,0,0,0.313477,2.74742,2.74316,1.57329,4.23077,0.42336,0,0.42336,460.49,0,1.02816,0,0,1.34164,0.313477,1.028160,1,0,20.6997,0,0,0,20.6997,0
41.2937,2.74746,0,0,0.905843,0.0679728,0.36288,3.6288,56.9836,0.966419,0,0,0.476504,0.301709,0,0.66528,12.849,1,0.810311,0.36288,0,22.5329,6.17222,15.9133,0.84672,12.849,0.84672,3695.15,0,0,0,0.204422,2.74773,2.20214,1.57329,3.58101,0.42336,0,0.42336,460.49,0,0.727021,0,0,0.931444,0.204422,1.028160,1,0,19.4943,0,0,0,19.4943,0
39.279,2.71381,0,0,1.12812,0.0662016,0.36288,3.6288,56.8326,0.66528,0,0,0.814427,0.300165,0,0.66528,12.849,1,0.844431,0.36288,0,20.5795,6.17222,13.9258,0.84672,12.849,0.84672,3695.15,0,0,0,0.733769,2.74804,3.40494,1.57329,5.31346,0.42336,0,0.42336,460.49,0,1.02816,0,0,1.76193,0.733769,1.028160,1,0,19.2392,0,0,0,19.2392,0
36.9609,2.68152,0,0,0.796513,0.0701457,0.36288,3.6288,56.2016,0.843575,0,0,0.480932,0.268383,0,0.66528,12.849,1,0.877183,0.36288,0,14.7436,5.43484,8.79441,0.84672,12.849,0.84672,3695.15,0,0,0,0.204422,2.74835,2.27656,1.39651,3.83283,0.42336,0,0.42336,460.49,0,0.849865,0,0,1.05429,0.204422,1.028160,1,0,12.6272,0,0,0,12.6272,0
34.6742,2.55361,0,0,0.698881,0.0691435,0.36288,3.6288,55.8727,0.66528,0,0,0.603507,0.267116,0,0.66528,12.849,1,0.887731,0.36288,0,13.0476,5.52877,6.99398,0.84672,12.849,0.84672,3695.15,0,0,0,0.690742,2.74866,1.93301,1.51577,3.85664,0.42336,0,0.42336,460.49,0,1.02816,0,0,1.7189,0.690742,1.028160,1,0,10.8506,0,0,0,10.8506,0
32.3127,2.51123,0,0,0.579904,0.06727,0.36288,3.6288,54.9106,1.02009,0,0,0.324594,0.266542,0,0.66528,12.849,1,0.93057,0.36288,0,12.5016,5.52877,6.40518,0.84672,12.849,0.84672,3695.15,0,0,0,0.216518,2.63796,1.4396,1.51577,2.7783,0.42336,0,0.42336,460.49,0,0.67335,0,0,0.889868,0.216518,1.028160,1,0,9.18349,0,0,0,9.18349,0
30.2163,2.46289,0,0,0.834055,0.104656,0.36288,3.6288,54.1815,0.907209,0,0,0.399262,0.221219,0,0.66528,12.849,1,0.979357,0.36288,0,14.5907,4.90589,9.06835,0.84672,12.849,0.84672,3695.15,0,0,0,0.216518,2.63825,1.58412,1.32108,3.11782,0.42336,0,0.42336,460.49,0,0.786231,0,0,1.00275,0.216518,1.028160,1,0,12.1862,0,0,0,12.1862,0
29.3056,2.41553,0,0,2.02255,0.154852,0.36288,3.6288,54.1324,0.66528,0,0,0.784945,0.168707,0,0.66528,12.849,1,1.02716,0.36288,0,41.2093,4.11435,36.4306,0.84672,12.849,0.84672,3695.15,0,0,0,0.454827,2.63855,4.11765,1.07193,6.1391,0.42336,0,0.42336,460.49,0,1.02816,0,0,1.48299,0.454827,1.028160,1,0,42.5697,0,0,0,42.5697,0
28.4457,2.32639,0,0,1.99398,0.164589,0.36288,3.6288,53.2379,1.10596,0,0,0.418882,0.20742,0,0.66528,12.849,1,1.02,0.36288,0,26.5104,4.34826,21.505,0.84672,12.849,0.84672,3695.15,0,0,0,0.216518,2.63885,2.46616,1.13457,4.18695,0.42336,0,0.42336,460.49,0,0.587477,0,0,0.803995,0.216518,1.028160,1,0,25.6919,0,0,0,25.6919,0
27.6679,2.30545,0,0,2.05317,0.162675,0.36288,3.6288,52.9776,0.66528,0,0,0.61094,0.206031,0,0.66528,12.849,1,1.04138,0.36288,0,26.8968,4.34826,21.8701,0.84672,12.849,0.84672,3695.15,0,0,0,0.560857,2.54002,3.39339,1.13457,5.3597,0.42336,0,0.42336,460.49,0,1.02816,0,0,1.58902,0.560857,1.028160,1,0,27.2298,0,0,0,27.2298,0
30.6128,2.28576,0,0,5.75443,0.160944,0.36288,3.6288,53.9359,0.66528,0,0,1.82923,0.205603,0,0.66528,12.849,1,1.06151,0.36288,0,83.3101,4.34826,78.2632,0.84672,12.849,0.84672,3695.15,0,0,0,2.19687,2.5403,7.04468,1.13457,10.6473,0.42336,0,0.42336,460.49,0,1.02816,0,0,3.22503,2.19687,1.028160,1,0,88.9105,0,0,0,88.9105,0
31.3988,2.35799,0,0,3.70419,0.197233,0.36288,3.6288,54.0164,0.847014,0,0,1.10485,0.177285,0,0.66528,12.849,1,0.989713,0.36288,0,51.8981,3.91296,47.3583,0.84672,12.849,0.84672,3695.15,0,0,0,0.292723,2.54059,4.18972,1.01127,6.01176,0.42336,0,0.42336,460.49,0,0.846426,0,0,1.13915,0.292723,1.028160,1,0,53.37,0,0,0,53.37,0
31.8326,2.18079,0,0,3.18216,0.204746,0.36288,3.6288,54.0618,0.66528,0,0,0.890391,0.179748,0,0.66528,12.849,1,0.892422,0.36288,0,36.7848,3.7728,32.4825,0.84672,12.849,0.84672,3695.15,0,0,0,1.20503,2.54087,4.46884,0.955753,7.25899,0.42336,0,0.42336,460.49,0,1.02816,0,0,2.23319,1.20503,1.028160,1,0,39.7414,0,0,0,39.7414,0
31.5682,2.18975,0,0,2.49934,0.21107,0.36288,3.6288,53.8007,0.66528,0,0,0.580062,0.175908,0,0.66528,12.849,1,0.883876,0.36288,0,25.7856,3.72383,21.5407,0.84672,12.849,0.84672,3695.15,0,0,0,0.61484,2.32088,3.46161,0.974404,5.42292,0.42336,0,0.42336,460.49,0,1.02816,0,0,1.643,0.61484,1.028160,1,0,26.9637,0,0,0,26.9637,0
30.9841,2.18477,0,0,2.17277,0.20924,0.36288,3.6288,53.5574,0.66528,0,0,0.602195,0.180196,0,0.66528,12.849,1,0.889253,0.36288,0,25.7451,3.88949,21.3293,0.84672,12.849,0.84672,3695.15,0,0,0,0.787225,2.32113,7.85512,1.01276,9.95072,0.42336,0,0.42336,460.49,0,1.02816,0,0,1.81538,0.787225,1.028160,1,0,31.28,0,0,0,31.28,0
30.9225,2.17321,0,0,2.67545,0.200977,0.36288,3.6288,53.3109,0.66528,0,0,0.626206,0.207386,0,0.66528,12.849,1,0.901223,0.36288,0,39.8398,4.88345,34.418,0.84672,12.849,0.84672,3695.15,0,0,0,0.806319,2.32139,6.48367,1.24287,8.36851,0.42336,0,0.42336,460.49,0,1.02816,0,0,1.83448,0.806319,1.028160,1,0,42.7865,0,0,0,42.7865,0
31.2876,2.17223,0,0,3.10243,0.202173,0.36288,3.6288,53.4692,0.66528,0,0,1.01561,0.192112,0,0.66528,12.849,1,0.90261,0.36288,0,97.3323,4.45077,92.3418,0.84672,12.849,0.84672,3695.15,0,0,0,0.808661,2.32165,4.34978,1.14854,6.33155,0.42336,0,0.42336,460.49,0,1.02816,0,0,1.83682,0.808661,1.028160,1,0,98.6733,0,0,0,98.6733,0
33.2153,2.25498,0,0,4.74308,0.197588,0.36288,3.6288,53.9187,0.66528,0,0,1.30283,0.187987,0,0.66528,12.849,1,0.926059,0.36288,0,115.49,3.95157,110.975,0.84672,12.849,0.84672,3695.15,0,0,0,1.32866,2.32191,7.73493,1.12732,10.2582,0.42336,0,0.42336,460.49,0,1.02816,0,0,2.35682,1.32866,1.028160,1,0,121.233,0,0,0,121.233,0
35.3604,2.29401,0,0,5.00445,0.202426,0.36288,3.6288,54.644,0.66528,0,0,1.57918,0.188639,0,0.66528,12.849,1,0.887414,0.36288,0,87.7729,3.95157,83.2968,0.84672,12.849,0.84672,3695.15,0,0,0,1.55026,2.39088,9.7619,1.12732,12.5757,0.42336,0,0.42336,460.49,0,1.02816,0,0,2.57842,1.55026,1.028160,1,0,95.8725,0,0,0,95.8725,0
37.6735,2.33378,0,0,5.21756,0.20781,0.36288,3.6288,55.3265,0.66528,0,0,1.53732,0.189546,0,0.66528,12.849,1,0.84803,0.36288,0,61.0381,3.95157,56.6014,0.84672,12.849,0.84672,3695.15,0,0,0,1.79756,2.39112,8.83872,1.12732,11.9001,0.42336,0,0.42336,460.49,0,1.02816,0,0,2.82572,1.79756,1.028160,1,0,68.5015,0,0,0,68.5015,0
42.3153,2.37289,0,0,7.59612,0.218594,0.36288,3.6288,55.9467,0.66528,0,0,1.48428,0.198809,0,0.66528,12.849,1,0.809302,0.36288,0,132.808,4.01533,128.346,0.84672,12.849,0.84672,3695.15,0,0,0,1.82422,2.39137,12.7507,1.14957,15.8167,0.42336,0,0.42336,460.49,0,1.02816,0,0,2.85238,1.82422,1.028160,1,0,144.163,0,0,0,144.163,0
43.9477,2.70202,0,0,4.95174,0.254416,0.36288,3.6288,56.5549,0.66528,0,0,1.38516,0.11168,0,0.66528,12.849,1,0.820468,0.36288,0,124.157,2.97717,120.722,0.84672,12.849,0.84672,3695.15,0,0,0,1.10709,2.39161,10.5932,0.730877,13.361,0.42336,0,0.42336,460.49,0,1.02816,0,0,2.13525,1.10709,1.028160,1,0,134.083,0,0,0,134.083,0
44.3551,2.72593,0,0,3.7555,0.259247,0.36288,3.6288,56.9057,0.66528,0,0,1.12825,0.112125,0,0.66528,12.849,1,0.796982,0.36288,0,94.3125,2.97717,90.9012,0.84672,12.849,0.84672,3695.15,0,0,0,0.541253,2.63919,9.62513,0.730877,12.0747,0.42336,0,0.42336,460.49,0,1.02816,0,0,1.56941,0.541253,1.028160,1,0,102.976,0,0,0,102.976,0
48.5193,2.73194,0,0,7.50948,0.250449,0.36288,3.6288,58.3187,0.66528,0,0,2.21747,0.139275,0,0.66528,12.849,1,0.791401,0.36288,0,137.162,3.63237,133.101,0.84672,12.849,0.84672,3695.15,0,0,0,2.33373,2.63946,13.3488,0.935857,17.3861,0.42336,0,0.42336,460.49,0,1.02816,0,0,3.36189,2.33373,1.028160,1,0,150.487,0,0,0,150.487,0
54.6986,2.78597,0,0,9.58624,0.25811,0.36288,3.6288,60.494,0.66528,0,0,2.99201,0.151411,0,0.66528,12.849,1,0.737788,0.36288,0,158.339,3.89445,154.07,0.84672,12.849,0.84672,3695.15,0,0,0,4.54673,2.63974,16.1116,1.01785,22.2802,0.42336,0,0.42336,460.49,0,1.02816,0,0,5.57489,4.54673,1.028160,1,0,176.35,0,0,0,176.35,0
57.8753,2.46103,0,0,6.27729,0.276664,0.36288,3.6288,61.308,0.66528,0,0,2.12338,0.160295,0.483784,0.66528,12.849,1,0.578109,0.36288,0,105.724,3.71879,101.79,0.84672,12.849,0.84672,3695.15,0,0,0,2.53826,2.64001,17.4747,0.982066,21.6709,0.42336,0,0.42336,460.49,0,1.02816,0,0,3.56642,2.53826,1.028160,1,0,123.945,0,0,0,123.945,0
59.6959,2.4873,0,0,4.95631,0.285517,0.36288,3.6288,61.308,0.66528,0,0,1.18043,0.161124,0.354027,0.66528,12.849,1,0.55221,0.36288,0,87.9682,3.71879,84.06,0.84672,12.849,0.84672,3695.15,0,0,0,1.32475,2.30283,10.5896,0.982066,13.2351,0.42336,0,0.42336,460.49,0,1.02816,0,0,2.35291,1.32475,1.028160,1,0,97.6492,0,0,0,97.6492,0
60.8808,2.50146,0,0,4.33985,0.290592,0.36288,3.6288,61.308,0.66528,0,0,1.31459,0.161124,0.488189,0.66528,12.849,1,0.538416,0.36288,0,80.9041,3.71879,77.0098,0.84672,12.849,0.84672,3695.15,0,0,0,1.2256,2.30307,9.38442,0.982066,11.931,0.42336,0,0.42336,460.49,0,1.02816,0,0,2.25376,1.2256,1.028160,1,0,89.429,0,0,0,89.429,0
65.6063,2.51042,0,0,7.89117,0.292448,0.36288,3.6288,61.308,0.66528,0,0,1.97647,0.14967,1.16152,0.66528,12.849,1,0.529828,0.36288,0,172.611,3.53947,168.904,0.84672,12.849,0.84672,3695.15,0,0,0,3.11296,2.3033,17.6259,0.951356,22.0908,0.42336,0,0.42336,460.49,0,1.02816,0,0,4.14112,3.11296,1.028160,1,0,192.157,0,0,0,192.157,0
67.8866,2.54264,0,0,5.49111,0.305224,0.36288,3.6288,61.308,0.66528,0,0,1.57993,0.136463,0.778185,0.66528,12.849,1,0.497976,0.36288,0,86.6201,3.3708,83.1142,0.84672,12.849,0.84672,3695.15,0,0,0,1.67648,2.30354,10.9629,0.85567,14.0873,0.42336,0,0.42336,460.49,0,1.02816,0,0,2.70464,1.67648,1.028160,1,0,97.9796,0,0,0,97.9796,0
70.9874,2.65973,0,0,6.43468,0.311304,0.36288,3.6288,61.308,0.66528,0,0,1.74488,0.16217,0.917432,0.66528,12.849,1,0.503412,0.36288,0,71.9876,3.81923,68.0279,0.84672,12.849,0.84672,3695.15,0,0,0,1.81883,2.30377,8.70031,0.983704,11.8392,0.42336,0,0.42336,460.49,0,1.02816,0,0,2.84699,1.81883,1.028160,1,0,80.7845,0,0,0,80.7845,0
72.29,2.67868,0,0,5.90122,0.317674,1.60227,3.6288,61.308,0.66528,0,0,1.45422,0.167825,0.621111,0.66528,12.849,1,0.484851,1.60227,0,83.32,3.91472,80.5227,0.84672,12.849,0.84672,3695.15,0,0,0,0.682551,2.38725,8.21725,1.04059,10.2465,0.42336,0,0.42336,460.49,0,1.02816,0,0,1.71071,0.682551,1.028160,1,0,91.3903,0,0,0,91.3903,0
72.29,2.94318,0,0,5.85488,0.320845,2.59085,3.6288,61.308,0.66528,0,0,2.40515,0.167825,1.57205,0.66528,12.849,1,0.523128,2.59085,0,85.1522,3.91472,83.3052,0.84672,12.849,0.84672,3695.15,0,0,0,2.58041,2.38749,11.9222,1.04059,15.8495,0.42336,0,0.42336,460.49,0,1.02816,0,0,3.60857,2.58041,1.028160,1,0,100.727,0,0,0,100.727,0
72.29,2.94351,0,0,4.81126,0.307513,1.56024,3.6288,61.308,0.66528,0,0,1.94876,0.173136,1.11034,0.66528,12.849,1,0.523186,1.56024,0,80.4751,3.91597,77.5962,0.84672,12.849,0.84672,3695.15,0,0,0,1.49241,2.21077,9.17975,1.05602,11.8269,0.42336,0,0.42336,460.49,0,1.02816,0,0,2.52057,1.49241,1.028160,1,0,90.5335,0,0,0,90.5335,0
71.6415,2.90326,0,0,2.89177,0.274184,0.36288,3.6288,61.2196,0.69622,0,0,0.794215,0.186415,0,0.66528,12.849,1,0.516032,0.36288,0,53.8986,3.91913,49.8263,0.84672,12.849,0.84672,3695.15,0,0,0,0.528595,2.21102,5.96617,1.0946,7.61118,0.42336,0,0.42336,460.49,0,0.99722,0,0,1.52582,0.528595,1.028160,1,0,57.4375,0,0,0,57.4375,0
72.29,2.89962,0,0,4.22145,0.272835,0.40045,3.6288,61.2973,0.66528,0,0,0.929344,0.186311,0,0.66528,12.849,1,0.520051,0.40045,0,63.5291,3.91913,59.4904,0.84672,12.849,0.84672,3695.15,0,0,0,0.677497,2.17886,5.37261,1.0946,7.13436,0.42336,0,0.42336,460.49,0,1.02816,0,0,1.70566,0.677497,1.028160,1,0,66.6248,0,0,0,66.6248,0
71.9368,2.9039,0,0,3.14973,0.236128,0.36288,3.6288,61.2868,0.66528,0,0,0.850064,0.195327,0,0.66528,12.849,1,0.516146,0.36288,0,61.6553,4.19003,57.312,0.84672,12.849,0.84672,3695.15,0,0,0,0.506796,2.1791,4.78423,1.04446,6.42567,0.42336,0,0.42336,460.49,0,1.02816,0,0,1.53496,0.506796,1.028160,1,0,63.7377,0,0,0,63.7377,0
71.0177,2.90207,0,0,2.56616,0.220314,0.36288,3.6288,61.0789,0.746444,0,0,0.737441,0.198884,0,0.66528,12.849,1,0.518354,0.36288,0,48.2119,4.29838,43.758,0.84672,12.849,0.84672,3695.15,0,0,0,0.402797,2.17934,4.3328,1.0244,5.89053,0.42336,0,0.42336,460.49,0,0.946996,0,0,1.34979,0.402797,1.028160,1,0,49.6486,0,0,0,49.6486,0
70.301,3.03412,0,0,2.90193,0.221668,0.36288,3.6288,61.1132,0.66528,0,0,0.92003,0.220439,0,0.66528,12.849,1,0.548953,0.36288,0,48.5942,4.64624,43.7619,0.84672,12.849,0.84672,3695.15,0,0,0,0.471925,2.17958,4.65273,1.13877,6.16546,0.42336,0,0.42336,460.49,0,1.02816,0,0,1.50009,0.471925,1.028160,1,0,49.9274,0,0,0,49.9274,0
69.4516,3.02972,0,0,2.74034,0.197061,0.36288,3.6288,60.9875,0.66528,0,0,0.748112,0.20855,0,0.66528,12.849,1,0.553746,0.36288,0,45.0218,4.24863,40.5823,0.84672,12.849,0.84672,3695.15,0,0,0,0.456607,2.29342,4.44789,1.15529,6.04263,0.42336,0,0.42336,460.49,0,1.02816,0,0,1.48477,0.456607,1.028160,1,0,46.625,0,0,0,46.625,0
68.6571,2.76915,0,0,2.50326,0.165755,0.36288,3.6288,60.852,0.66528,0,0,0.741796,0.212025,0,0.66528,12.849,1,0.512311,0.36288,0,40.2389,4.36233,35.7271,0.84672,12.849,0.84672,3695.15,0,0,0,0.456227,2.29368,4.24869,1.11976,5.87882,0.42336,0,0.42336,460.49,0,1.02816,0,0,1.48439,0.456227,1.028160,1,0,41.606,0,0,0,41.606,0
67.8186,2.76449,0,0,2.45361,0.164734,0.36288,3.6288,60.7772,0.66528,0,0,0.802293,0.211843,0,0.66528,12.849,1,0.517368,0.36288,0,38.5476,4.36233,34.0308,0.84672,12.849,0.84672,3695.15,0,0,0,0.428207,2.47089,4.57809,1.11976,6.35742,0.42336,0,0.42336,460.49,0,1.02816,0,0,1.45637,0.428207,1.028160,1,0,40.3882,0,0,0,40.3882,0
66.7155,2.75945,0,0,2.16595,0.146716,0.36288,3.6288,60.6705,0.66528,0,0,0.779821,0.221178,0,0.66528,12.849,1,0.522808,0.36288,0,36.936,4.59231,32.1838,0.84672,12.849,0.84672,3695.15,0,0,0,0.393189,2.47115,3.73564,1.1272,5.47278,0.42336,0,0.42336,460.49,0,1.02816,0,0,1.42135,0.393189,1.028160,1,0,37.6565,0,0,0,37.6565,0
65.402,2.72561,0,0,1.90782,0.13285,0.36288,3.6288,60.5774,0.66528,0,0,0.800289,0.228099,0,0.66528,12.849,1,0.524935,0.36288,0,36.4702,4.7648,31.5434,0.84672,12.849,0.84672,3695.15,0,0,0,0.49769,2.4714,3.42325,1.13278,5.25956,0.42336,0,0.42336,460.49,0,1.02816,0,0,1.52585,0.49769,1.028160,1,0,36.8029,0,0,0,36.8029,0
63.9341,2.71712,0,0,1.74361,0.131468,0.36288,3.6288,60.4326,0.66528,0,0,0.748397,0.227964,0,0.66528,12.849,1,0.533811,0.36288,0,34.3036,4.7648,29.3679,0.84672,12.849,0.84672,3695.15,0,0,0,0.275849,2.51139,3.25748,1.13278,4.91194,0.42336,0,0.42336,460.49,0,1.02816,0,0,1.30401,0.275849,1.028160,1,0,34.2799,0,0,0,34.2799,0
62.3552,2.70725,0,0,1.60328,0.112089,0.36288,3.6288,60.2051,0.66528,0,0,0.709206,0.271388,0,0.66528,12.849,1,0.544082,0.36288,0,30.7134,5.3294,25.2028,0.84672,12.849,0.84672,3695.15,0,0,0,0.276705,2.51164,3.1016,1.33887,4.55108,0.42336,0,0.42336,460.49,0,1.02816,0,0,1.30486,0.276705,1.028160,1,0,29.7539,0,0,0,29.7539,0
60.7145,2.69615,0,0,1.51658,0.0982832,0.36288,3.6288,59.8681,0.696678,0,0,0.663595,0.303957,0,0.66528,12.849,1,0.555572,0.36288,0,28.1508,5.74701,22.2111,0.84672,12.849,0.84672,3695.15,0,0,0,0.261274,2.5119,3.0167,1.489,4.30088,0.42336,0,0.42336,460.49,0,0.996762,0,0,1.25804,0.261274,1.028160,1,0,26.512,0,0,0,26.512,0
59.0599,2.75255,0,0,1.56273,0.101886,0.36288,3.6288,59.4673,0.723151,0,0,0.627394,0.305001,0,0.66528,12.849,1,0.582521,0.36288,0,29.6574,5.712,23.7258,0.84672,12.849,0.84672,3695.15,0,0,0,0.261274,2.51216,2.91735,1.46238,4.2284,0.42336,0,0.42336,460.49,0,0.970289,0,0,1.23156,0.261274,1.028160,1,0,27.9542,0,0,0,27.9542,0
57.3535,2.73947,0,0,1.49624,0.100333,0.36288,3.6288,59.0781,0.698311,0,0,0.613319,0.304222,0,0.66528,12.849,1,0.595996,0.36288,0,27.7525,5.712,21.8074,0.84672,12.849,0.84672,3695.15,0,0,0,0.261274,2.56875,2.99837,1.46238,4.36601,0.42336,0,0.42336,460.49,0,0.995129,0,0,1.2564,0.261274,1.028160,1,0,26.1734,0,0,0,26.1734,0
55.4713,2.72531,0,0,1.30469,0.0986806,0.36288,3.6288,58.5719,0.781116,0,0,0.578356,0.303464,0,0.66528,12.849,1,0.610557,0.36288,0,26.2934,5.712,20.3337,0.84672,12.849,0.84672,3695.15,0,0,0,0.227405,2.56902,2.86498,1.46238,4.19902,0.42336,0,0.42336,460.49,0,0.912324,0,0,1.13973,0.227405,1.028160,1,0,24.5328,0,0,0,24.5328,0
53.5102,2.70882,0,0,1.20324,0.0926085,0.36288,3.6288,58.0038,0.831505,0,0,0.568419,0.305024,0,0.66528,12.849,1,0.627453,0.36288,0,24.8055,5.78678,18.7542,0.84672,12.849,0.84672,3695.15,0,0,0,0.227405,2.56928,2.83891,1.47732,4.15828,0.42336,0,0.42336,460.49,0,0.861935,0,0,1.08934,0.227405,1.028160,1,0,22.9125,0,0,0,22.9125,0
51.3151,2.88658,0,0,1.14289,0.0885892,0.36288,3.6288,57.339,0.902629,0,0,0.552009,0.314139,0,0.66528,12.849,1,0.693132,0.36288,0,22.2496,5.91255,16.0068,0.84672,12.849,0.84672,3695.15,0,0,0,0.227405,2.56955,2.65477,1.56025,3.89147,0.42336,0,0.42336,460.49,0,0.790811,0,0,1.01822,0.227405,1.028160,1,0,19.8983,0,0,0,19.8983,0
49.2961,2.86321,0,0,1.29692,0.0898178,0.36288,3.6288,56.8829,0.765789,0,0,0.623997,0.31434,0,0.66528,12.849,1,0.716931,0.36288,0,24.343,5.88808,18.1009,0.84672,12.849,0.84672,3695.15,0,0,0,0.227405,2.76266,2.52479,1.57848,3.93637,0.42336,0,0.42336,460.49,0,0.927651,0,0,1.15506,0.227405,1.028160,1,0,22.0373,0,0,0,22.0373,0
47.0456,2.84026,0,0,1.04057,0.0879247,0.36288,3.6288,56.0888,0.971292,0,0,0.49067,0.313411,0,0.66528,12.849,1,0.740312,0.36288,0,28.6329,5.88808,22.3674,0.84672,12.849,0.84672,3695.15,0,0,0,0.204422,2.76294,2.09733,1.57848,3.48621,0.42336,0,0.42336,460.49,0,0.722148,0,0,0.926571,0.204422,1.028160,1,0,25.8536,0,0,0,25.8536,0
45.0165,2.81278,0,0,1.23236,0.0857956,0.36288,3.6288,55.8608,0.66528,0,0,0.748991,0.311792,0,0.66528,12.849,1,0.76822,0.36288,0,24.5762,5.88808,18.2828,0.84672,12.849,0.84672,3695.15,0,0,0,0.365653,2.76323,2.83623,1.57848,4.38663,0.42336,0,0.42336,460.49,0,1.02816,0,0,1.39381,0.365653,1.028160,1,0,22.6694,0,0,0,22.6694,0
42.8988,2.78617,0,0,1.11368,0.0822625,0.36288,3.6288,55.8622,0.66528,0,0,0.955439,0.288771,0,0.66528,12.849,1,0.795254,0.36288,0,22.6541,5.49704,16.7247,0.84672,12.849,0.84672,3695.15,0,0,0,0.876649,2.76351,3.72452,1.48462,5.88006,0.42336,0,0.42336,460.49,0,1.02816,0,0,1.90481,0.876649,1.028160,1,0,22.6047,0,0,0,22.6047,0
40.9069,2.66509,0,0,1.11422,0.0781977,0.36288,3.6288,55.6008,0.66528,0,0,0.662625,0.258699,0,0.66528,12.849,1,0.798245,0.36288,0,21.2024,4.97563,15.7914,0.84672,12.849,0.84672,3695.15,0,0,0,0.416517,2.7638,3.21553,1.35949,5.03636,0.42336,0,0.42336,460.49,0,1.02816,0,0,1.44468,0.416517,1.028160,1,0,20.8277,0,0,0,20.8277,0
38.7382,2.63583,0,0,0.906397,0.0763978,0.36288,3.6288,55.106,0.781946,0,0,0.545393,0.258256,0,0.66528,12.849,1,0.827924,0.36288,0,19.4699,4.97563,14.0292,0.84672,12.849,0.84672,3695.15,0,0,0,0.216518,2.65242,2.90537,1.35949,4.41482,0.42336,0,0.42336,460.49,0,0.911494,0,0,1.12801,0.216518,1.028160,1,0,18.444,0,0,0,18.444,0
37.1404,2.60134,0,0,1.49753,0.131132,0.36288,3.6288,55.0675,0.66528,0,0,0.825898,0.199151,0,0.66528,12.849,1,0.862833,0.36288,0,27.719,4.14511,23.074,0.84672,12.849,0.84672,3695.15,0,0,0,0.405639,2.65269,3.84894,1.09989,5.80737,0.42336,0,0.42336,460.49,0,1.02816,0,0,1.4338,0.405639,1.028160,1,0,28.8813,0,0,0,28.8813,0
37.3734,2.57407,0,0,3.34036,0.170401,0.36288,3.6288,55.5604,0.66528,0,0,1.31367,0.155411,0,0.66528,12.849,1,0.890519,0.36288,0,70.8309,3.52223,66.781,0.84672,12.849,0.84672,3695.15,0,0,0,0.96355,2.65296,8.22744,0.905201,10.9388,0.42336,0,0.42336,460.49,0,1.02816,0,0,1.99171,0.96355,1.028160,1,0,77.7198,0,0,0,77.7198,0
35.4492,2.50609,0,0,1.12701,0.182166,0.36288,3.6288,54.3287,1.34506,0,0,0.327491,0.214166,0,0.66528,12.849,1,0.861595,0.36288,0,14.5616,4.32905,9.73384,0.84672,12.849,0.84672,3695.15,0,0,0,0.216518,2.65324,3.44471,1.0607,5.25377,0.42336,0,0.42336,460.49,0,0.348384,0,0,0.564902,0.216518,1.028160,1,0,14.9876,0,0,0,14.9876,0
34.1327,2.47206,0,0,1.69643,0.178033,0.36288,3.6288,54.244,0.66528,0,0,0.793057,0.212436,0,0.66528,12.849,1,0.896027,0.36288,0,22.7068,4.32905,17.8446,0.84672,12.849,0.84672,3695.15,0,0,0,0.604575,2.55381,6.98484,1.0607,9.08253,0.42336,0,0.42336,460.49,0,1.02816,0,0,1.63274,0.604575,1.028160,1,0,26.9271,0,0,0,26.9271,0
35.2544,2.44724,0,0,4.10701,0.175205,0.36288,3.6288,55.1432,0.66528,0,0,1.77671,0.212317,0,0.66528,12.849,1,0.921247,0.36288,0,59.5064,4.32905,54.6189,0.84672,12.849,0.84672,3695.15,0,0,0,1.54096,2.55407,10.5665,1.0607,13.6009,0.42336,0,0.42336,460.49,0,1.02816,0,0,2.56912,1.54096,1.028160,1,0,68.2198,0,0,0,68.2198,0
34.6131,2.46902,0,0,2.40176,0.211151,0.36288,3.6288,55.1255,0.810967,0,0,0.974981,0.18168,0,0.66528,12.849,1,0.899873,0.36288,0,33.5719,3.77306,29.2619,0.84672,12.849,0.84672,3695.15,0,0,0,0.292723,2.55433,6.40075,0.812795,8.43502,0.42336,0,0.42336,460.49,0,0.882473,0,0,1.1752,0.292723,1.028160,1,0,37.6969,0,0,0,37.6969,0
35.2633,2.2555,0,0,3.48786,0.219316,0.36288,3.6288,56.1848,0.66528,0,0,1.91102,0.186431,0,0.66528,12.849,1,0.837281,0.36288,0,73.6419,4.55164,68.6159,0.84672,12.849,0.84672,3695.15,0,0,0,0.877306,2.5546,10.4535,1.06115,12.8243,0.42336,0,0.42336,460.49,0,1.02816,0,0,1.90547,0.877306,1.028160,1,0,81.4402,0,0,0,81.4402,0
37.9034,2.26709,0,0,5.50425,0.234152,0.36288,3.6288,57.778,0.66528,0,0,2.44423,0.185767,0,0.66528,12.849,1,0.826067,0.36288,0,82.0282,4.74978,76.8152,0.84672,12.849,0.84672,3695.15,0,0,0,1.33562,2.3333,13.3571,1.15552,15.8705,0.42336,0,0.42336,460.49,0,1.02816,0,0,2.36378,1.33562,1.028160,1,0,92.6857,0,0,0,92.6857,0
41.6284,2.31034,0,0,6.63399,0.235774,0.36288,3.6288,61.308,0.66528,0,0,5.44934,0.181639,1.07241,0.66528,12.849,1,0.78319,0.36288,0,157.454,4.5354,152.499,0.84672,12.849,0.84672,3695.15,0,0,0,2.62735,2.33354,20.6957,1.12874,24.5278,0.42336,0,0.42336,460.49,0,1.02816,0,0,3.65551,2.62735,1.028160,1,0,178.099,0,0,0,178.099,0
44.5446,2.36418,0,0,5.8743,0.231005,0.36288,3.6288,61.308,0.66528,0,0,5.65625,0.170283,4.82068,0.66528,12.849,1,0.729726,0.36288,0,92.3167,3.99945,87.9504,0.84672,12.849,0.84672,3695.15,0,0,0,2.62507,2.33378,17.9731,1.06178,21.8702,0.42336,0,0.42336,460.49,0,1.02816,0,0,3.65323,2.62507,1.028160,1,0,114.641,0,0,0,114.641,0
45.159,2.40155,0,0,3.61447,0.235678,0.36288,3.6288,61.308,0.66528,0,0,1.92373,0.187271,1.07118,0.66528,12.849,1,0.692731,0.36288,0,58.4343,4.26087,53.8436,0.84672,12.849,0.84672,3695.15,0,0,0,0.901454,2.33402,7.26282,1.1073,9.39099,0.42336,0,0.42336,460.49,0,1.02816,0,0,1.92961,0.901454,1.028160,1,0,64.3058,0,0,0,64.3058,0
47.0022,2.49201,0,0,4.92728,0.229195,0.36288,3.6288,61.308,0.66528,0,0,1.89025,0.22974,0.995231,0.66528,12.849,1,0.709046,0.36288,0,51.7938,4.91442,46.5332,0.84672,12.849,0.84672,3695.15,0,0,0,0.671553,2.33425,14.4617,1.22108,16.2464,0.42336,0,0.42336,460.49,0,1.02816,0,0,1.69971,0.671553,1.028160,1,0,63.7749,0,0,0,63.7749,0
57.2499,2.51412,0,0,13.3586,0.233953,0.36288,3.6288,61.308,0.66528,0,0,3.68261,0.22974,2.78759,0.66528,12.849,1,0.687286,0.36288,0,186.221,4.91442,180.982,0.84672,12.849,0.84672,3695.15,0,0,0,2.60372,2.4036,12.5335,1.22108,16.3198,0.42336,0,0.42336,460.49,0,1.02816,0,0,3.63188,2.60372,1.028160,1,0,200.089,0,0,0,200.089,0
60.259,2.61488,0,0,6.25587,0.269008,0.36288,3.6288,61.308,0.66528,0,0,2.79668,0.217458,1.91394,0.66528,12.849,1,0.586877,0.36288,0,108.641,4.24305,104.174,0.84672,12.849,0.84672,3695.15,0,0,0,1.52725,2.40382,7.10571,1.04035,9.99644,0.42336,0,0.42336,460.49,0,1.02816,0,0,2.55541,1.52725,1.028160,1,0,116.084,0,0,0,116.084,0
61.5281,2.63933,0,0,4.5483,0.276958,0.36288,3.6288,61.308,0.66528,0,0,2.05773,0.217458,1.17499,0.66528,12.849,1,0.562783,0.36288,0,64.5183,4.24305,60.0754,0.84672,12.849,0.84672,3695.15,0,0,0,0.87061,2.40405,5.65725,1.04035,7.89156,0.42336,0,0.42336,460.49,0,1.02816,0,0,1.89877,0.87061,1.028160,1,0,69.1419,0,0,0,69.1419,0
66.6405,2.93202,0,0,8.67607,0.268785,0.36288,3.6288,61.308,0.66528,0,0,4.4307,0.178343,3.58708,0.66528,12.849,1,0.612299,0.36288,0,154.224,3.92157,150.053,0.84672,12.849,0.84672,3695.15,0,0,0,2.22519,2.40427,18.3092,0.985951,21.9527,0.42336,0,0.42336,460.49,0,1.02816,0,0,3.25335,2.22519,1.028160,1,0,175.593,0,0,0,175.593,0
72.29,2.97173,0,0,10.7803,0.27296,1.88612,3.6288,61.308,0.66528,0,0,4.66312,0.143496,3.85434,0.66528,12.849,1,0.572981,1.88612,0,144.669,4.02542,141.957,0.84672,12.849,0.84672,3695.15,0,0,0,2.7644,2.65325,17.9141,0.932375,22.3994,0.42336,0,0.42336,460.49,0,1.02816,0,0,3.79256,2.7644,1.028160,1,0,168.21,0,0,0,168.21,0
72.29,3.26684,0,0,9.27003,0.327093,5.67609,3.6288,61.308,0.66528,0,0,4.82474,0.195933,3.96353,0.66528,12.849,1,0.580656,5.67609,0,109.518,4.408,110.205,0.84672,12.849,0.84672,3695.15,0,0,0,2.80381,2.65349,17.0844,1.06591,21.4758,0.42336,0,0.42336,460.49,0,1.02816,0,0,3.83197,2.80381,1.028160,1,0,135.645,0,0,0,135.645,0
72.29,3.26717,0,0,8.34996,0.327093,4.75569,3.6288,61.308,0.66528,0,0,4.3874,0.195933,3.52619,0.66528,12.849,1,0.580715,4.75569,0,118.272,4.408,118.039,0.84672,12.849,0.84672,3695.15,0,0,0,2.19544,2.47678,15.0694,1.06591,18.6757,0.42336,0,0.42336,460.49,0,1.02816,0,0,3.2236,2.19544,1.028160,1,0,140.241,0,0,0,140.241,0
72.29,2.85332,0,0,6.69885,0.307803,3.53772,3.6288,61.308,0.66528,0,0,4.74973,0.156153,3.92829,0.66528,12.849,1,0.507157,3.53772,0,148.363,3.62518,147.769,0.84672,12.849,0.84672,3695.15,0,0,0,3.88145,2.47703,15.8107,0.886636,21.2825,0.42336,0,0.42336,460.49,0,1.02816,0,0,4.90961,3.88145,1.028160,1,0,172.98,0,0,0,172.98,0
72.29,2.85361,0,0,5.83623,0.304588,2.67803,3.6288,61.308,0.66528,0,0,4.34876,0.149523,3.53396,0.66528,12.849,1,0.507208,2.67803,0,133.374,3.49471,132.05,0.84672,12.849,0.84672,3695.15,0,0,0,3.82434,2.13792,14.499,0.856757,19.6045,0.42336,0,0.42336,460.49,0,1.02816,0,0,4.8525,3.82434,1.028160,1,0,155.188,0,0,0,155.188,0
72.29,2.59714,0,0,6.79479,0.304588,3.89307,3.6288,61.308,0.66528,0,0,4.43849,0.149523,3.62369,0.66528,12.849,1,0.461621,3.89307,0,149.813,3.49471,149.75,0.84672,12.849,0.84672,3695.15,0,0,0,4.46709,2.13813,17.6043,0.856757,23.3527,0.42336,0,0.42336,460.49,0,1.02816,0,0,5.49525,4.46709,1.028160,1,0,176.726,0,0,0,176.726,0
72.29,2.59742,0,0,7.71828,0.303905,4.81696,3.6288,61.308,0.66528,0,0,4.71945,0.143796,3.91038,0.66528,12.849,1,0.461672,4.81696,0,177.99,3.40506,178.94,0.84672,12.849,0.84672,3695.15,0,0,0,4.59956,2.31531,17.6342,0.841402,23.7077,0.42336,0,0.42336,460.49,0,1.02816,0,0,5.62772,4.59956,1.028160,1,0,206.558,0,0,0,206.558,0
72.29,2.85447,0,0,7.94332,0.299427,4.78942,3.6288,61.308,0.66528,0,0,3.80372,0.163509,2.97493,0.66528,12.849,1,0.507361,4.78942,0,165.928,3.63641,166.573,0.84672,12.849,0.84672,3695.15,0,0,0,3.55337,2.31553,19.0334,0.932996,23.9693,0.42336,0,0.42336,460.49,0,1.02816,0,0,4.58153,3.55337,1.028160,1,0,193.518,0,0,0,193.518,0
72.29,2.95907,0,0,5.79407,0.29269,2.54231,3.6288,61.308,0.66528,0,0,3.774,0.178049,2.93067,0.66528,12.849,1,0.525952,2.54231,0,113.125,3.43844,111.703,0.84672,12.849,0.84672,3695.15,0,0,0,3.57937,2.13878,10.1899,0.911097,14.997,0.42336,0,0.42336,460.49,0,1.02816,0,0,4.60753,3.57937,1.028160,1,0,129.631,0,0,0,129.631,0
72.29,2.95937,0,0,5.3893,0.29269,2.13725,3.6288,61.308,0.66528,0,0,4.42115,0.178049,3.57782,0.66528,12.849,1,0.526005,2.13725,0,128.365,3.43844,126.538,0.84672,12.849,0.84672,3695.15,0,0,0,3.67426,2.22271,14.8408,0.911097,19.8266,0.42336,0,0.42336,460.49,0,1.02816,0,0,4.70242,3.67426,1.028160,1,0,149.943,0,0,0,149.943,0
72.29,2.95966,0,0,3.88028,0.289799,0.630813,3.6288,61.308,0.66528,0,0,3.27206,0.170149,2.43663,0.66528,12.849,1,0.526058,0.630813,0,134.804,3.2226,131.686,0.84672,12.849,0.84672,3695.15,0,0,0,4.14081,2.22293,9.60578,0.880903,15.0886,0.42336,0,0.42336,460.49,0,1.02816,0,0,5.16897,4.14081,1.028160,1,0,149.211,0,0,0,149.211,0
72.1743,2.95996,0,0,3.45399,0.246826,0.36288,3.6288,61.308,0.66528,0,0,2.85237,0.154441,2.03265,0.66528,12.849,1,0.526111,0.36288,0,97.5283,2.43715,94.9279,0.84672,12.849,0.84672,3695.15,0,0,0,3.65653,2.22315,8.43705,0.817698,13.499,0.42336,0,0.42336,460.49,0,1.02816,0,0,4.68469,3.65653,1.028160,1,0,110.46,0,0,0,110.46,0
72.29,2.91875,0,0,4.22623,0.22087,0.970924,3.6288,61.308,0.66528,0,0,3.27848,0.206452,2.40675,0.66528,12.849,1,0.519618,0.970924,0,99.4127,3.71081,96.1532,0.84672,12.849,0.84672,3695.15,0,0,0,5.08334,2.22338,8.96391,1.02643,15.2442,0.42336,0,0.42336,460.49,0,1.02816,0,0,6.1115,5.08334,1.028160,1,0,113.804,0,0,0,113.804,0
72.1914,2.91975,0,0,3.40507,0.221064,0.36288,3.6288,61.308,0.66528,0,0,1.94603,0.206452,1.0743,0.66528,12.849,1,0.518964,0.36288,0,105.064,3.71081,101.197,0.84672,12.849,0.84672,3695.15,0,0,0,3.75687,2.19102,6.70685,1.02643,11.6283,0.42336,0,0.42336,460.49,0,1.02816,0,0,4.78503,3.75687,1.028160,1,0,113.9,0,0,0,113.9,0
71.7218,2.91945,0,0,3.03367,0.220899,0.36288,3.6288,61.308,0.66528,0,0,1.56342,0.206452,0.691685,0.66528,12.849,1,0.519619,0.36288,0,70.5197,3.71081,66.6521,0.84672,12.849,0.84672,3695.15,0,0,0,3.00383,2.19124,5.85523,1.02643,10.0239,0.42336,0,0.42336,460.49,0,1.02816,0,0,4.03199,3.00383,1.028160,1,0,77.3677,0,0,0,77.3677,0
70.99,2.91686,0,0,2.75704,0.209134,0.36288,3.6288,61.308,0.66528,0,0,1.43922,0.208949,0.564987,0.66528,12.849,1,0.522556,0.36288,0,59.4602,3.76092,55.5396,0.84672,12.849,0.84672,3695.15,0,0,0,2.57012,2.19146,5.4089,1.04422,9.12627,0.42336,0,0.42336,460.49,0,1.02816,0,0,3.59828,2.57012,1.028160,1,0,65.2309,0,0,0,65.2309,0
70.4527,2.7947,0,0,2.79692,0.176649,0.36288,3.6288,61.308,0.66528,0,0,1.69296,0.237404,0.790281,0.66528,12.849,1,0.505833,0.36288,0,59.7955,4.45236,55.2001,0.84672,12.849,0.84672,3695.15,0,0,0,2.5252,2.19168,6.02179,1.09146,9.64722,0.42336,0,0.42336,460.49,0,1.02816,0,0,3.55336,2.5252,1.028160,1,0,65.6376,0,0,0,65.6376,0
69.815,2.79174,0,0,2.69036,0.173374,0.36288,3.6288,61.308,0.66528,0,0,1.42047,0.228906,0.526282,0.66528,12.849,1,0.509151,0.36288,0,57.5736,4.20192,53.2254,0.84672,12.849,0.84672,3695.15,0,0,0,2.45328,2.4831,5.95954,1.07058,9.82534,0.42336,0,0.42336,460.49,0,1.02816,0,0,3.48144,2.45328,1.028160,1,0,63.577,0,0,0,63.577,0
68.9434,2.78812,0,0,2.41413,0.134724,0.36288,3.6288,61.308,0.66528,0,0,1.38026,0.230848,0.484129,0.66528,12.849,1,0.513135,0.36288,0,50.363,4.26678,45.946,0.84672,12.849,0.84672,3695.15,0,0,0,2.46872,2.48333,5.5701,1.02961,9.49254,0.42336,0,0.42336,460.49,0,1.02816,0,0,3.49688,2.46872,1.028160,1,0,55.9226,0,0,0,55.9226,0
68.0477,2.78296,0,0,2.38387,0.133816,0.36288,3.6288,61.308,0.66528,0,0,1.49921,0.230848,0.603084,0.66528,12.849,1,0.51866,0.36288,0,48.7034,4.26678,44.2809,0.84672,12.849,0.84672,3695.15,0,0,0,2.39527,2.48356,6.10696,1.02961,9.95617,0.42336,0,0.42336,460.49,0,1.02816,0,0,3.42343,2.39527,1.028160,1,0,54.8401,0,0,0,54.8401,0
67.5158,2.77752,0,0,2.72217,0.113668,0.36288,3.6288,61.308,0.66528,0,0,1.22071,0.243393,0.312038,0.66528,12.849,1,0.524461,0.36288,0,47.7328,4.59051,42.9807,0.84672,12.849,0.84672,3695.15,0,0,0,1.83283,2.48379,5.03683,1.12139,8.23205,0.42336,0,0.42336,460.49,0,1.02816,0,0,2.86099,1.83283,1.028160,1,0,51.5248,0,0,0,51.5248,0
67.5908,2.74723,0,0,3.27287,0.0876801,0.36288,3.6288,61.308,0.66528,0,0,0.965192,0.260119,0.0397928,0.66528,12.849,1,0.522828,0.36288,0,49.898,5.02215,44.7159,0.84672,12.849,0.84672,3695.15,0,0,0,1.17952,2.48403,4.70648,1.24377,7.12625,0.42336,0,0.42336,460.49,0,1.02816,0,0,2.20768,1.17952,1.028160,1,0,51.8819,0,0,0,51.8819,0
67.4178,2.74802,0,0,3.02556,0.087732,0.36288,3.6288,61.308,0.66528,0,0,0.933129,0.260119,0.0077298,0.66528,12.849,1,0.522398,0.36288,0,49.5965,5.02215,44.4148,0.84672,12.849,0.84672,3695.15,0,0,0,1.14216,2.52421,4.77236,1.24377,7.19495,0.42336,0,0.42336,460.49,0,1.02816,0,0,2.17032,1.14216,1.028160,1,0,51.6175,0,0,0,51.6175,0
66.9668,2.7472,0,0,2.7467,0.0876125,0.36288,3.6288,61.2641,0.66528,0,0,0.881513,0.260119,0,0.66528,12.849,1,0.523582,0.36288,0,48.1225,5.02215,42.9396,0.84672,12.849,0.84672,3695.15,0,0,0,0.929249,2.52445,4.48596,1.24377,6.69588,0.42336,0,0.42336,460.49,0,1.02816,0,0,1.95741,0.929249,1.028160,1,0,49.6355,0,0,0,49.6355,0
66.2962,2.74454,0,0,2.51503,0.0781645,0.36288,3.6288,61.1558,0.66528,0,0,0.838987,0.281979,0,0.66528,12.849,1,0.526598,0.36288,0,42.438,5.30445,36.9698,0.84672,12.849,0.84672,3695.15,0,0,0,0.848932,2.52468,4.35652,1.34681,6.38332,0.42336,0,0.42336,460.49,0,1.02816,0,0,1.87709,0.848932,1.028160,1,0,43.3531,0,0,0,43.3531,0
66.4884,2.81025,0,0,3.43255,0.0672278,0.36288,3.6288,61.0973,0.66528,0,0,0.913853,0.307127,0,0.66528,12.849,1,0.544659,0.36288,0,46.4024,5.69205,40.5286,0.84672,12.849,0.84672,3695.15,0,0,0,1.18389,2.52492,5.29613,1.50936,7.49558,0.42336,0,0.42336,460.49,0,1.02816,0,0,2.21205,1.18389,1.028160,1,0,48.0242,0,0,0,48.0242,0
66.2394,2.81187,0,0,2.99311,0.0673305,0.36288,3.6288,60.9868,0.66528,0,0,0.86178,0.307013,0,0.66528,12.849,1,0.543399,0.36288,0,43.9627,5.69205,38.0902,0.84672,12.849,0.84672,3695.15,0,0,0,0.978463,2.5818,5.06053,1.50936,7.11144,0.42336,0,0.42336,460.49,0,1.02816,0,0,2.00662,0.978463,1.028160,1,0,45.2016,0,0,0,45.2016,0
65.7639,2.81047,0,0,2.76035,0.0625211,0.36288,3.6288,60.8591,0.66528,0,0,0.846971,0.309383,0,0.66528,12.849,1,0.54517,0.36288,0,41.4748,5.76682,35.5257,0.84672,12.849,0.84672,3695.15,0,0,0,0.889782,2.58204,5.01447,1.5243,6.962,0.42336,0,0.42336,460.49,0,1.02816,0,0,1.91794,0.889782,1.028160,1,0,42.4877,0,0,0,42.4877,0
64.7923,2.80748,0,0,2.25235,0.0535931,0.36288,3.6288,60.7289,0.66528,0,0,0.843324,0.308206,0,0.66528,12.849,1,0.548528,0.36288,0,39.2163,5.92905,33.1016,0.84672,12.849,0.84672,3695.15,0,0,0,0.890525,2.58228,4.82287,1.46537,6.83031,0.42336,0,0.42336,460.49,0,1.02816,0,0,1.91868,0.890525,1.028160,1,0,39.9319,0,0,0,39.9319,0
63.4698,3.00484,0,0,2.12638,0.0811947,0.36288,3.6288,60.5737,0.66528,0,0,0.79863,0.288535,0,0.66528,12.849,1,0.595892,0.36288,0,36.8139,5.41068,31.1702,0.84672,12.849,0.84672,3695.15,0,0,0,0.788374,2.58252,4.1435,1.34956,6.16484,0.42336,0,0.42336,460.49,0,1.02816,0,0,1.81653,0.788374,1.028160,1,0,37.3351,0,0,0,37.3351,0
62.0443,2.99484,0,0,2.02764,0.0954479,0.36288,3.6288,60.396,0.66528,0,0,0.766152,0.278621,0,0.66528,12.849,1,0.606284,0.36288,0,34.6441,5.10783,29.2928,0.84672,12.849,0.84672,3695.15,0,0,0,0.664589,2.77666,3.59194,1.30727,5.72592,0.42336,0,0.42336,460.49,0,1.02816,0,0,1.69275,0.664589,1.028160,1,0,35.0188,0,0,0,35.0188,0
61.0484,2.98363,0,0,2.445,0.0943415,0.36288,3.6288,60.2372,0.66528,0,0,0.784849,0.278306,0,0.66528,12.849,1,0.617892,0.36288,0,34.4695,5.10783,29.1066,0.84672,12.849,0.84672,3695.15,0,0,0,0.7985,2.77692,5.18329,1.30727,7.45144,0.42336,0,0.42336,460.49,0,1.02816,0,0,1.82666,0.7985,1.028160,1,0,36.5581,0,0,0,36.5581,0
59.7627,2.97562,0,0,2.14634,0.0935685,0.36288,3.6288,60.0807,0.66528,0,0,0.786758,0.278025,0,0.66528,12.849,1,0.626287,0.36288,0,32.5256,5.10783,27.1544,0.84672,12.849,0.84672,3695.15,0,0,0,0.739731,2.77718,3.81032,1.30727,6.01996,0.42336,0,0.42336,460.49,0,1.02816,0,0,1.76789,0.739731,1.028160,1,0,33.1744,0,0,0,33.1744,0
57.9022,2.96486,0,0,1.58822,0.120928,0.36288,3.6288,59.754,0.66528,0,0,0.594618,0.256046,0,0.66528,12.849,1,0.637446,0.36288,0,28.7198,4.89927,23.546,0.84672,12.849,0.84672,3695.15,0,0,0,0.434808,2.77744,3.33925,1.15195,5.39955,0.42336,0,0.42336,460.49,0,1.02816,0,0,1.46297,0.434808,1.028160,1,0,28.9455,0,0,0,28.9455,0
56.0649,2.85091,0,0,1.53376,0.157345,0.36288,3.6288,59.4661,0.66528,0,0,0.578222,0.200807,0,0.66528,12.849,1,0.632641,0.36288,0,27.8894,4.22247,23.3972,0.84672,12.849,0.84672,3695.15,0,0,0,0.393664,2.7777,4.79708,0.794075,7.17438,0.42336,0,0.42336,460.49,0,1.02816,0,0,1.42182,0.393664,1.028160,1,0,30.5715,0,0,0,30.5715,0
54.2331,2.83435,0,0,1.51995,0.154524,0.36288,3.6288,59.2745,0.66528,0,0,0.674082,0.200438,0,0.66528,12.849,1,0.649579,0.36288,0,27.2968,4.22247,22.7876,0.84672,12.849,0.84672,3695.15,0,0,0,0.624197,2.6657,4.85231,0.794075,7.34813,0.42336,0,0.42336,460.49,0,1.02816,0,0,1.65236,0.624197,1.028160,1,0,30.1357,0,0,0,30.1357,0
52.2408,2.81692,0,0,1.33926,0.151711,0.36288,3.6288,59.0059,0.66528,0,0,0.596922,0.200192,0,0.66528,12.849,1,0.66739,0.36288,0,23.4179,4.22247,18.8909,0.84672,12.849,0.84672,3695.15,0,0,0,0.508404,2.66595,4.23115,0.794075,6.61143,0.42336,0,0.42336,460.49,0,1.02816,0,0,1.53656,0.508404,1.028160,1,0,25.5023,0,0,0,25.5023,0
51.0285,2.7968,0,0,2.14443,0.197048,0.36288,3.6288,58.9499,0.66528,0,0,0.803019,0.193808,0,0.66528,12.849,1,0.687893,0.36288,0,41.3495,4.28088,36.7436,0.84672,12.849,0.84672,3695.15,0,0,0,1.14559,2.6662,6.83277,0.868483,9.77608,0.42336,0,0.42336,460.49,0,1.02816,0,0,2.17375,1.14559,1.028160,1,0,46.5197,0,0,0,46.5197,0
49.3683,2.70589,0,0,1.62422,0.215616,0.36288,3.6288,58.7434,0.66528,0,0,0.709216,0.250454,0,0.66528,12.849,1,0.681344,0.36288,0,41.237,4.91658,36.0019,0.84672,12.849,0.84672,3695.15,0,0,0,0.586051,2.66645,4.86318,1.16024,6.95544,0.42336,0,0.42336,460.49,0,1.02816,0,0,1.61421,0.586051,1.028160,1,0,42.9574,0,0,0,42.9574,0
47.4248,2.688,0,0,1.31218,0.204878,0.36288,3.6288,58.5055,0.66528,0,0,0.688296,0.260902,0,0.66528,12.849,1,0.699601,0.36288,0,32.7473,5.00955,27.4011,0.84672,12.849,0.84672,3695.15,0,0,0,0.491245,2.56647,7.61419,1.19234,9.47957,0.42336,0,0.42336,460.49,0,1.02816,0,0,1.5194,0.491245,1.028160,1,0,36.8806,0,0,0,36.8806,0
45.9952,2.66574,0,0,1.81265,0.213599,0.36288,3.6288,58.4975,0.66528,0,0,0.913058,0.255744,0,0.66528,12.849,1,0.722239,0.36288,0,55.9506,4.86657,50.7246,0.84672,12.849,0.84672,3695.15,0,0,0,0.95701,2.56671,7.29073,1.17157,9.64289,0.42336,0,0.42336,460.49,0,1.02816,0,0,1.98517,0.95701,1.028160,1,0,60.3675,0,0,0,60.3675,0
46.7771,2.64848,0,0,4.03548,0.242242,0.36288,3.6288,59.4502,0.66528,0,0,1.86183,0.243834,0,0.66528,12.849,1,0.739867,0.36288,0,67.8663,4.50912,62.9802,0.84672,12.849,0.84672,3695.15,0,0,0,1.82046,2.56695,13.3987,1.11966,16.6665,0.42336,0,0.42336,460.49,0,1.02816,0,0,2.84862,1.82046,1.028160,1,0,79.6467,0,0,0,79.6467,0
46.8884,2.44039,0,0,3.1531,0.238532,0.36288,3.6288,59.7211,0.66528,0,0,1.16567,0.229556,0,0.66528,12.849,1,0.670341,0.36288,0,72.1949,4.3527,67.5347,0.84672,12.849,0.84672,3695.15,0,0,0,1.2833,2.56719,10.0335,1.09919,12.7848,0.42336,0,0.42336,460.49,0,1.02816,0,0,2.31146,1.2833,1.028160,1,0,80.3196,0,0,0,80.3196,0
48.9155,2.44191,0,0,5.06633,0.234453,0.36288,3.6288,61.308,0.66528,0,0,2.82813,0.218103,0.35781,0.66528,12.849,1,0.669166,0.36288,0,103.473,4.23538,98.931,0.84672,12.849,0.84672,3695.15,0,0,0,2.10824,2.34471,14.9854,1.08384,18.3545,0.42336,0,0.42336,460.49,0,1.02816,0,0,3.1364,2.10824,1.028160,1,0,117.643,0,0,0,117.643,0
51.5335,2.46415,0,0,5.68477,0.239703,0.36288,3.6288,61.308,0.66528,0,0,2.40581,0.220313,1.52021,0.66528,12.849,1,0.647276,0.36288,0,99.7471,4.23538,95.2273,0.84672,12.849,0.84672,3695.15,0,0,0,2.96147,2.34492,23.8485,1.08384,28.071,0.42336,0,0.42336,460.49,0,1.02816,0,0,3.98963,2.96147,1.028160,1,0,124.819,0,0,0,124.819,0
52.709,2.49074,0,0,4.27549,0.246431,0.36288,3.6288,61.308,0.66528,0,0,0.913179,0.220313,0.0275857,0.66528,12.849,1,0.621024,0.36288,0,83.4123,4.23538,78.9188,0.84672,12.849,0.84672,3695.15,0,0,0,0.913378,2.34514,13.5893,1.08384,15.7639,0.42336,0,0.42336,460.49,0,1.02816,0,0,1.94154,0.913378,1.028160,1,0,94.7103,0,0,0,94.7103,0
53.3093,2.50215,0,0,3.71061,0.245202,0.36288,3.6288,61.308,0.66528,0,0,1.06074,0.247241,0.148221,0.66528,12.849,1,0.609956,0.36288,0,68.8308,4.2066,64.3771,0.84672,12.849,0.84672,3695.15,0,0,0,0.788365,2.34536,9.68337,1.16083,11.6563,0.42336,0,0.42336,460.49,0,1.02816,0,0,1.81653,0.788365,1.028160,1,0,76.1816,0,0,0,76.1816,0
55.3783,2.59415,0,0,5.29981,0.27385,0.36288,3.6288,61.308,0.66528,0,0,1.37533,0.163208,0.546845,0.66528,12.849,1,0.625261,0.36288,0,91.6243,3.12774,88.2341,0.84672,12.849,0.84672,3695.15,0,0,0,1.43927,2.34558,13.5356,0.923487,16.397,0.42336,0,0.42336,460.49,0,1.02816,0,0,2.46743,1.43927,1.028160,1,0,105.178,0,0,0,105.178,0
56.4821,2.61337,0,0,4.3597,0.279639,0.36288,3.6288,61.308,0.66528,0,0,1.62179,0.163208,0.793301,0.66528,12.849,1,0.606361,0.36288,0,69.8691,3.12774,66.4979,0.84672,12.849,0.84672,3695.15,0,0,0,2.20016,2.41527,15.0278,0.923487,18.7198,0.42336,0,0.42336,460.49,0,1.02816,0,0,3.22832,2.20016,1.028160,1,0,86.0109,0,0,0,86.0109,0
61.1227,2.62329,0,0,7.92779,0.301015,0.36288,3.6288,61.308,0.66528,0,0,2.87732,0.153301,2.05874,0.66528,12.849,1,0.596767,0.36288,0,131.864,3.27498,128.355,0.84672,12.849,0.84672,3695.15,0,0,0,4.05713,2.41547,18.2815,0.89096,23.8631,0.42336,0,0.42336,460.49,0,1.02816,0,0,5.08529,4.05713,1.028160,1,0,154.277,0,0,0,154.277,0
65.0806,2.66099,0,0,7.31065,0.32887,0.36288,3.6288,61.308,0.66528,0,0,2.67044,0.14587,1.85929,0.66528,12.849,1,0.559385,0.36288,0,131.82,3.38541,128.238,0.84672,12.849,0.84672,3695.15,0,0,0,2.25568,2.41568,18.4385,0.866565,22.2433,0.42336,0,0.42336,460.49,0,1.02816,0,0,3.28384,2.25568,1.028160,1,0,152.34,0,0,0,152.34,0
66.8344,2.97665,0,0,5.46335,0.370027,0.36288,3.6288,61.308,0.66528,0,0,2.26984,0.114706,1.48985,0.66528,12.849,1,0.587686,0.36288,0,109.656,3.78471,105.647,0.84672,12.849,0.84672,3695.15,0,0,0,3.32365,2.41588,14.7628,0.888884,19.6135,0.42336,0,0.42336,460.49,0,1.02816,0,0,4.35181,3.32365,1.028160,1,0,126.75,0,0,0,126.75,0
67.4056,2.98988,0,0,4.31151,0.387554,0.36288,3.6288,61.308,0.66528,0,0,1.77348,0.10224,1.00596,0.66528,12.849,1,0.574808,0.36288,0,91.6836,3.94443,87.5273,0.84672,12.849,0.84672,3695.15,0,0,0,2.13561,2.66613,13.8434,0.897811,17.7474,0.42336,0,0.42336,460.49,0,1.02816,0,0,3.16377,2.13561,1.028160,1,0,106.281,0,0,0,106.281,0
68.29,2.99427,0,0,4.63084,0.389306,0.36288,3.6288,61.308,0.66528,0,0,1.46964,0.10224,0.702118,0.66528,12.849,1,0.570774,0.36288,0,71.3355,3.94443,67.1831,0.84672,12.849,0.84672,3695.15,0,0,0,1.37774,2.66635,13.4704,0.897811,16.6167,0.42336,0,0.42336,460.49,0,1.02816,0,0,2.4059,1.37774,1.028160,1,0,84.5019,0,0,0,84.5019,0
68.321,3.00078,0,0,3.78668,0.392019,0.36288,3.6288,61.308,0.66528,0,0,1.60438,0.10224,0.836858,0.66528,12.849,1,0.564608,0.36288,0,79.7162,3.94443,75.57,0.84672,12.849,0.84672,3695.15,0,0,0,1.66947,2.66658,13.156,0.897811,16.5942,0.42336,0,0.42336,460.49,0,1.02816,0,0,2.69763,1.66947,1.028160,1,0,93.0011,0,0,0,93.0011,0
72.29,2.5886,0,0,7.27503,0.347385,0.369993,3.6288,61.308,0.66528,0,0,2.69114,0.157271,1.86858,0.66528,12.849,1,0.486834,0.369993,0,109.414,4.61864,104.678,0.84672,12.849,0.84672,3695.15,0,0,0,3.03884,2.66681,13.9946,1.08419,18.6161,0.42336,0,0.42336,460.49,0,1.02816,0,0,4.067,3.03884,1.028160,1,0,125.163,0,0,0,125.163,0
72.29,2.61156,0,0,10.6081,0.346996,7.64955,3.6288,61.308,0.66528,0,0,7.37732,0.163791,6.54824,0.66528,12.849,1,0.464185,7.64955,0,193.427,4.52141,196.091,0.84672,12.849,0.84672,3695.15,0,0,0,7.56931,2.32592,33.4898,1.04396,42.341,0.42336,0,0.42336,460.49,0,1.02816,0,0,8.59747,7.56931,1.028160,1,0,244.98,0,0,0,244.98,0
72.29,2.61182,0,0,8.00885,0.346996,5.05003,3.6288,61.308,0.66528,0,0,5.43694,0.163791,4.60786,0.66528,12.849,1,0.464231,5.05003,0,212.461,4.52141,212.525,0.84672,12.849,0.84672,3695.15,0,0,0,6.02923,2.32612,25.3378,1.04396,32.6492,0.42336,0,0.42336,460.49,0,1.02816,0,0,7.05739,6.02923,1.028160,1,0,249.783,0,0,0,249.783,0
72.29,2.61208,0,0,8.11711,0.346996,5.15803,3.6288,61.308,0.66528,0,0,4.02711,0.163791,3.19804,0.66528,12.849,1,0.464278,5.15803,0,237.145,4.52141,237.317,0.84672,12.849,0.84672,3695.15,0,0,0,4.00569,2.32632,20.4534,1.04396,25.7414,0.42336,0,0.42336,460.49,0,1.02816,0,0,5.03385,4.00569,1.028160,1,0,266.256,0,0,0,266.256,0
72.29,2.61234,0,0,6.91678,0.294486,4.00995,3.6288,61.308,0.66528,0,0,5.86024,0.192179,5.00279,0.66528,12.849,1,0.464324,4.00995,0,202.864,4.71476,201.695,0.84672,12.849,0.84672,3695.15,0,0,0,4.4652,2.32651,17.3869,1.15297,23.0256,0.42336,0,0.42336,460.49,0,1.02816,0,0,5.49336,4.4652,1.028160,1,0,229.723,0,0,0,229.723,0
72.29,2.97421,0,0,8.39081,0.27566,5.14094,3.6288,61.308,0.66528,0,0,10.2829,0.180631,9.43699,0.66528,12.849,1,0.528643,5.14094,0,188.717,4.36873,188.96,0.84672,12.849,0.84672,3695.15,0,0,0,6.68364,2.32671,20.7931,1.11354,28.6899,0.42336,0,0.42336,460.49,0,1.02816,0,0,7.7118,6.68364,1.028160,1,0,227.087,0,0,0,227.087,0
72.29,2.97448,0,0,5.50943,0.27566,2.25929,3.6288,61.308,0.66528,0,0,7.7036,0.180631,6.85769,0.66528,12.849,1,0.528691,2.25929,0,121.37,4.36873,118.731,0.84672,12.849,0.84672,3695.15,0,0,0,5.03196,2.23408,15.8033,1.11354,21.9557,0.42336,0,0.42336,460.49,0,1.02816,0,0,6.06012,5.03196,1.028160,1,0,147.545,0,0,0,147.545,0
72.29,2.97475,0,0,4.75059,0.27566,1.50018,3.6288,61.308,0.66528,0,0,7.07253,0.180631,6.22662,0.66528,12.849,1,0.52874,1.50018,0,103.94,4.36873,100.543,0.84672,12.849,0.84672,3695.15,0,0,0,5.06274,2.23428,14.285,1.11354,20.4685,0.42336,0,0.42336,460.49,0,1.02816,0,0,6.0909,5.06274,1.028160,1,0,127.238,0,0,0,127.238,0
72.29,2.97502,0,0,4.73658,0.256913,1.50464,3.6288,61.308,0.66528,0,0,6.59828,0.169971,5.76303,0.66528,12.849,1,0.528788,1.50464,0,90.7511,3.95568,87.7713,0.84672,12.849,0.84672,3695.15,0,0,0,4.35954,2.23449,14.3965,1.10753,19.883,0.42336,0,0.42336,460.49,0,1.02816,0,0,5.3877,4.35954,1.028160,1,0,113.417,0,0,0,113.417,0
72.29,2.93429,0,0,5.27094,0.192171,2.14448,3.6288,61.308,0.66528,0,0,3.29321,0.196372,2.43155,0.66528,12.849,1,0.521547,2.14448,0,117.075,4.46019,114.237,0.84672,12.849,0.84672,3695.15,0,0,0,2.95712,2.23469,12.415,1.1897,16.4171,0.42336,0,0.42336,460.49,0,1.02816,0,0,3.98528,2.95712,1.028160,1,0,133.086,0,0,0,133.086,0
72.29,2.93456,0,0,4.99703,0.192171,1.8703,3.6288,61.308,0.66528,0,0,3.16265,0.196372,2.30099,0.66528,12.849,1,0.521595,1.8703,0,109.808,4.46019,106.697,0.84672,12.849,0.84672,3695.15,0,0,0,2.81799,2.20214,11.6464,1.1897,15.4768,0.42336,0,0.42336,460.49,0,1.02816,0,0,3.84615,2.81799,1.028160,1,0,124.475,0,0,0,124.475,0
72.29,2.93482,0,0,4.63215,0.192171,1.50516,3.6288,61.308,0.66528,0,0,3.6577,0.196372,2.79605,0.66528,12.849,1,0.521643,1.50516,0,100.197,4.46019,96.7205,0.84672,12.849,0.84672,3695.15,0,0,0,3.34949,2.20235,12.7558,1.1897,17.118,0.42336,0,0.42336,460.49,0,1.02816,0,0,4.37765,3.34949,1.028160,1,0,116.635,0,0,0,116.635,0
72.29,2.93509,0,0,4.36756,0.208459,1.22401,3.6288,61.308,0.66528,0,0,3.48491,0.161449,2.65818,0.66528,12.849,1,0.52169,1.22401,0,92.753,4.12818,89.3271,0.84672,12.849,0.84672,3695.15,0,0,0,3.13215,2.20255,12.4351,1.06653,16.7033,0.42336,0,0.42336,460.49,0,1.02816,0,0,4.16031,3.13215,1.028160,1,0,108.689,0,0,0,108.689,0
72.29,2.81784,0,0,3.92665,0.138198,0.970607,3.6288,61.308,0.66528,0,0,2.40537,0.186814,1.55327,0.66528,12.849,1,0.50085,0.970607,0,72.1639,4.48878,68.1448,0.84672,12.849,0.84672,3695.15,0,0,0,2.05567,2.20275,9.53545,1.05377,12.7401,0.42336,0,0.42336,460.49,0,1.02816,0,0,3.08383,2.05567,1.028160,1,0,82.4382,0,0,0,82.4382,0
72.29,2.81812,0,0,3.66752,0.12464,0.724753,3.6288,61.308,0.66528,0,0,1.81704,0.221047,0.930708,0.66528,12.849,1,0.5009,0.724753,0,60.1695,4.82675,55.5666,0.84672,12.849,0.84672,3695.15,0,0,0,1.57205,2.49472,8.14087,1.11417,11.0935,0.42336,0,0.42336,460.49,0,1.02816,0,0,2.60021,1.57205,1.028160,1,0,67.5908,0,0,0,67.5908,0
72.29,2.8184,0,0,3.51175,0.12464,0.56871,3.6288,61.308,0.66528,0,0,1.84721,0.221047,0.960888,0.66528,12.849,1,0.50095,0.56871,0,57.4077,4.82675,52.6487,0.84672,12.849,0.84672,3695.15,0,0,0,1.88709,2.49493,7.75103,1.11417,11.0189,0.42336,0,0.42336,460.49,0,1.02816,0,0,2.91525,1.88709,1.028160,1,0,64.6285,0,0,0,64.6285,0
72.1891,2.81868,0,0,3.2348,0.154143,0.36288,3.6288,61.308,0.66528,0,0,1.73106,0.213146,0.852632,0.66528,12.849,1,0.501,0.36288,0,53.6654,4.31906,49.2082,0.84672,12.849,0.84672,3695.15,0,0,0,1.74319,2.49514,7.09759,1.13375,10.2022,0.42336,0,0.42336,460.49,0,1.02816,0,0,2.77135,1.74319,1.028160,1,0,60.263,0,0,0,60.263,0
71.9773,2.81837,0,0,3.0624,0.0929482,0.36288,3.6288,61.308,0.66528,0,0,1.7712,0.249822,0.856098,0.66528,12.849,1,0.501644,0.36288,0,52.5207,4.7742,47.6078,0.84672,12.849,0.84672,3695.15,0,0,0,1.84596,2.49536,7.43178,1.2486,10.5245,0.42336,0,0.42336,460.49,0,1.02816,0,0,2.87412,1.84596,1.028160,1,0,58.9884,0,0,0,58.9884,0
71.2838,2.78987,0,0,2.54248,0.083261,0.36288,3.6288,61.308,0.66528,0,0,1.64658,0.28669,0.694607,0.66528,12.849,1,0.498032,0.36288,0,52.9026,5.67483,47.0927,0.84672,12.849,0.84672,3695.15,0,0,0,1.36866,2.49557,6.56778,1.39426,9.03775,0.42336,0,0.42336,460.49,0,1.02816,0,0,2.39682,1.36866,1.028160,1,0,56.825,0,0,0,56.825,0
70.3978,2.78604,0,0,2.34578,0.0828218,0.36288,3.6288,61.308,0.66528,0,0,1.60184,0.28669,0.649869,0.66528,12.849,1,0.502187,0.36288,0,47.8034,5.67483,41.9893,0.84672,12.849,0.84672,3695.15,0,0,0,1.24124,2.53593,6.18443,1.39426,8.56733,0.42336,0,0.42336,460.49,0,1.02816,0,0,2.2694,1.24124,1.028160,1,0,51.2065,0,0,0,51.2065,0
69.366,2.78097,0,0,2.19435,0.0822608,0.36288,3.6288,61.308,0.66528,0,0,1.46922,0.28669,0.517253,0.66528,12.849,1,0.507583,0.36288,0,43.5948,5.67483,37.7753,0.84672,12.849,0.84672,3695.15,0,0,0,0.985669,2.53615,6.02638,1.39426,8.15393,0.42336,0,0.42336,460.49,0,1.02816,0,0,2.01383,0.985669,1.028160,1,0,46.4465,0,0,0,46.4465,0
68.2736,2.77488,0,0,2.1269,0.0816074,0.36288,3.6288,61.308,0.66528,0,0,1.41482,0.28669,0.462847,0.66528,12.849,1,0.514004,0.36288,0,38.8612,5.67483,33.0352,0.84672,12.849,0.84672,3695.15,0,0,0,0.87188,2.53636,5.96351,1.39426,7.97749,0.42336,0,0.42336,460.49,0,1.02816,0,0,1.90004,0.87188,1.028160,1,0,41.4755,0,0,0,41.4755,0
66.9732,2.83878,0,0,1.97257,0.0713245,0.36288,3.6288,61.308,0.66528,0,0,1.20876,0.311196,0.232286,0.66528,12.849,1,0.534254,0.36288,0,37.7983,6.02367,31.6032,0.84672,12.849,0.84672,3695.15,0,0,0,0.711133,2.53658,4.21949,1.45808,6.00912,0.42336,0,0.42336,460.49,0,1.02816,0,0,1.73929,0.711133,1.028160,1,0,37.8446,0,0,0,37.8446,0
65.5879,2.83035,0,0,1.87699,0.0690164,0.36288,3.6288,61.308,0.66528,0,0,1.05124,0.31528,0.0706773,0.66528,12.849,1,0.543012,0.36288,0,36.8662,6.08181,30.6042,0.84672,12.849,0.84672,3695.15,0,0,0,0.816229,2.59372,4.12596,1.46871,6.0672,0.42336,0,0.42336,460.49,0,1.02816,0,0,1.84439,0.816229,1.028160,1,0,36.7421,0,0,0,36.7421,0
64.0922,2.82104,0,0,1.75643,0.0682605,0.36288,3.6288,61.3005,0.66528,0,0,0.97308,0.31528,0,0.66528,12.849,1,0.552657,0.36288,0,33.2809,6.08181,27.0093,0.84672,12.849,0.84672,3695.15,0,0,0,0.73707,2.59394,3.68239,1.46871,5.54468,0.42336,0,0.42336,460.49,0,1.02816,0,0,1.76523,0.73707,1.028160,1,0,32.554,0,0,0,32.554,0
62.4637,2.81058,0,0,1.61249,0.0674442,0.36288,3.6288,61.2824,0.66528,0,0,0.962392,0.315265,0,0.66528,12.849,1,0.563456,0.36288,0,30.4227,6.08181,24.1403,0.84672,12.849,0.84672,3695.15,0,0,0,0.592091,2.59416,3.60151,1.46871,5.31904,0.42336,0,0.42336,460.49,0,1.02816,0,0,1.62025,0.592091,1.028160,1,0,29.4594,0,0,0,29.4594,0
60.91,3.00234,0,0,1.88995,0.0784591,0.36288,3.6288,61.308,0.66528,0,0,1.01866,0.30744,0.020311,0.66528,12.849,1,0.617591,0.36288,0,30.3855,5.87073,24.2601,0.84672,12.849,0.84672,3695.15,0,0,0,0.85409,2.59438,4.73545,1.49687,6.68705,0.42336,0,0.42336,460.49,0,1.02816,0,0,1.88225,0.85409,1.028160,1,0,30.9674,0,0,0,30.9674,0
59.3063,2.98962,0,0,1.84738,0.0985994,0.36288,3.6288,61.1495,0.66528,0,0,0.814164,0.307348,0,0.66528,12.849,1,0.630663,0.36288,0,29.557,5.51145,23.7778,0.84672,12.849,0.84672,3695.15,0,0,0,0.562922,2.78944,2.91743,1.50881,4.76098,0.42336,0,0.42336,460.49,0,1.02816,0,0,1.59108,0.562922,1.028160,1,0,28.5388,0,0,0,28.5388,0
57.4915,2.9759,0,0,1.62115,0.0971692,0.36288,3.6288,60.9627,0.66528,0,0,0.785454,0.30704,0,0.66528,12.849,1,0.644743,0.36288,0,37.5723,5.51145,31.779,0.84672,12.849,0.84672,3695.15,0,0,0,0.492048,2.78968,2.80155,1.50881,4.57446,0.42336,0,0.42336,460.49,0,1.02816,0,0,1.52021,0.492048,1.028160,1,0,36.3535,0,0,0,36.3535,0
55.7293,2.95956,0,0,1.65568,0.0954715,0.36288,3.6288,60.8917,0.66528,0,0,0.900979,0.306677,0,0.66528,12.849,1,0.661443,0.36288,0,32.5467,5.51145,26.7367,0.84672,12.849,0.84672,3695.15,0,0,0,0.578215,2.78992,2.90935,1.50881,4.76867,0.42336,0,0.42336,460.49,0,1.02816,0,0,1.60637,0.578215,1.028160,1,0,31.5054,0,0,0,31.5054,0
53.9892,2.94285,0,0,1.66008,0.0943938,0.36288,3.6288,60.8648,0.66528,0,0,0.940524,0.30213,0,0.66528,12.849,1,0.678507,0.36288,0,31.3837,5.43688,25.6312,0.84672,12.849,0.84672,3695.15,0,0,0,1.14005,2.79016,3.50726,1.48829,5.94917,0.42336,0,0.42336,460.49,0,1.02816,0,0,2.16821,1.14005,1.028160,1,0,31.5803,0,0,0,31.5803,0
51.9367,2.82876,0,0,1.2352,0.0961215,0.36288,3.6288,60.7742,0.66528,0,0,0.85028,0.275627,0,0.66528,12.849,1,0.673223,0.36288,0,18.0774,4.9895,12.7775,0.84672,12.849,0.84672,3695.15,0,0,0,0.884926,2.79039,1.88735,1.36516,4.1975,0.42336,0,0.42336,460.49,0,1.02816,0,0,1.91309,0.884926,1.028160,1,0,16.9751,0,0,0,16.9751,0
49.6926,2.80771,0,0,1.0207,0.0941196,0.36288,3.6288,60.5825,0.66528,0,0,0.749097,0.275468,0,0.66528,12.849,1,0.694621,0.36288,0,16.6908,4.9895,11.3695,0.84672,12.849,0.84672,3695.15,0,0,0,0.672918,2.67782,1.74785,1.36516,3.73342,0.42336,0,0.42336,460.49,0,1.02816,0,0,1.70108,0.672918,1.028160,1,0,15.1029,0,0,0,15.1029,0
48.2719,2.78307,0,0,1.89734,0.172115,0.36288,3.6288,60.883,0.66528,0,0,1.16538,0.199675,0,0.66528,12.849,1,0.719616,0.36288,0,29.4703,3.95134,25.1623,0.84672,12.849,0.84672,3695.15,0,0,0,1.09712,2.67805,3.03467,1.04068,5.76917,0.42336,0,0.42336,460.49,0,1.02816,0,0,2.12528,1.09712,1.028160,1,0,30.9314,0,0,0,30.9314,0
48.7205,2.76661,0,0,3.7792,0.201084,0.36288,3.6288,61.308,0.66528,0,0,1.77486,0.169815,0.514723,0.66528,12.849,1,0.736416,0.36288,0,59.0653,3.53609,55.1557,0.84672,12.849,0.84672,3695.15,0,0,0,1.91728,2.67828,4.33575,0.91088,8.02043,0.42336,0,0.42336,460.49,0,1.02816,0,0,2.94544,1.91728,1.028160,1,0,63.6908,0,0,0,63.6908,0
47.1877,2.69446,0,0,1.72003,0.195524,0.36288,3.6288,61.308,0.66528,0,0,0.892272,0.177874,0.049118,0.66528,12.849,1,0.710606,0.36288,0,30.4696,3.93883,26.183,0.84672,12.849,0.84672,3695.15,0,0,0,0.638182,2.67851,2.53263,0.931937,4.91738,0.42336,0,0.42336,460.49,0,1.02816,0,0,1.66634,0.638182,1.028160,1,0,31.1495,0,0,0,31.1495,0
46.6452,2.67658,0,0,2.68661,0.189706,0.36288,3.6288,61.308,0.66528,0,0,1.17238,0.180915,0.326182,0.66528,12.849,1,0.728821,0.36288,0,44.4959,4.09994,40.03,0.84672,12.849,0.84672,3695.15,0,0,0,0.696289,2.57802,3.91518,0.940359,6.24913,0.42336,0,0.42336,460.49,0,1.02816,0,0,1.72445,0.696289,1.028160,1,0,46.6054,0,0,0,46.6054,0
47.4926,2.6702,0,0,4.06912,0.188573,0.36288,3.6288,61.308,0.66528,0,0,2.23422,0.180915,1.38802,0.66528,12.849,1,0.73554,0.36288,0,48.7221,4.09994,44.2495,0.84672,12.849,0.84672,3695.15,0,0,0,2.13445,2.57824,5.71413,0.940359,9.48646,0.42336,0,0.42336,460.49,0,1.02816,0,0,3.16261,2.13445,1.028160,1,0,55.124,0,0,0,55.124,0
46.7687,2.6808,0,0,2.51865,0.198851,0.36288,3.6288,61.308,0.66528,0,0,1.49615,0.184364,0.646502,0.66528,12.849,1,0.725282,0.36288,0,40.5143,4.15793,35.994,0.84672,12.849,0.84672,3695.15,0,0,0,1.53757,2.57846,5.6592,0.953898,8.82133,0.42336,0,0.42336,460.49,0,1.02816,0,0,2.56573,1.53757,1.028160,1,0,45.4618,0,0,0,45.4618,0
48.1543,2.45314,0,0,4.44096,0.239333,0.36288,3.6288,61.308,0.66528,0,0,1.6391,0.209411,0.764412,0.66528,12.849,1,0.673962,0.36288,0,93.6977,4.48953,88.8971,0.84672,12.849,0.84672,3695.15,0,0,0,1.65842,2.57868,7.72422,1.05155,10.9098,0.42336,0,0.42336,460.49,0,1.02816,0,0,2.68658,1.65842,1.028160,1,0,100.571,0,0,0,100.571,0
48.4502,2.46869,0,0,3.35883,0.231383,0.36288,3.6288,61.308,0.66528,0,0,1.60872,0.215214,0.728222,0.66528,12.849,1,0.65872,0.36288,0,104.02,4.46775,99.256,0.84672,12.849,0.84672,3695.15,0,0,0,2.7004,2.3551,6.41752,1.07344,10.3996,0.42336,0,0.42336,460.49,0,1.02816,0,0,3.72856,2.7004,1.028160,1,0,110.384,0,0,0,110.384,0
51.1444,2.47212,0,0,5.76135,0.232129,0.36288,3.6288,61.308,0.66528,0,0,1.51432,0.215214,0.633821,0.66528,12.849,1,0.655606,0.36288,0,107.864,4.46775,103.104,0.84672,12.849,0.84672,3695.15,0,0,0,3.11169,2.3553,6.47283,1.07344,10.8664,0.42336,0,0.42336,460.49,0,1.02816,0,0,4.13985,3.11169,1.028160,1,0,114.604,0,0,0,114.604,0
53.8164,2.49997,0,0,5.77574,0.24089,0.36288,3.6288,61.308,0.66528,0,0,2.03093,0.210322,1.15532,0.66528,12.849,1,0.628067,0.36288,0,104.385,4.05194,100.068,0.84672,12.849,0.84672,3695.15,0,0,0,2.77963,2.3555,7.77289,1.03359,11.8744,0.42336,0,0.42336,460.49,0,1.02816,0,0,3.80779,2.77963,1.028160,1,0,113.098,0,0,0,113.098,0
60.673,2.5254,0,0,10.0201,0.275232,0.36288,3.6288,61.308,0.66528,0,0,3.05672,0.196292,2.19515,0.66528,12.849,1,0.602954,0.36288,0,152.634,3.43329,148.961,0.84672,12.849,0.84672,3695.15,0,0,0,3.30375,2.3557,11.0335,1.02809,15.6648,0.42336,0,0.42336,460.49,0,1.02816,0,0,4.33191,3.30375,1.028160,1,0,166.821,0,0,0,166.821,0
58.621,2.67057,0,0,1.27777,0.296338,0.36288,3.6288,61.1204,0.66528,0,0,0.719928,0.242294,0,0.66528,12.849,1,0.56556,0.36288,0,36.6973,4.99789,31.4967,0.84672,12.849,0.84672,3695.15,0,0,0,0.568201,2.35589,4.86856,1.26298,6.52968,0.42336,0,0.42336,460.49,0,1.02816,0,0,1.59636,0.568201,1.028160,1,0,38.0264,0,0,0,38.0264,0
56.4374,2.65457,0,0,1.12456,0.290685,0.36288,3.6288,61.2831,0.66528,0,0,1.07007,0.242007,0,0.66528,12.849,1,0.58185,0.36288,0,40.7719,4.99789,35.555,0.84672,12.849,0.84672,3695.15,0,0,0,0.609103,2.42589,2.59521,1.26298,4.36723,0.42336,0,0.42336,460.49,0,1.02816,0,0,1.63726,0.609103,1.028160,1,0,39.9223,0,0,0,39.9223,0
55.2464,2.63647,0,0,2.09289,0.284533,0.36288,3.6288,61.308,0.66528,0,0,1.24618,0.242256,0.313785,0.66528,12.849,1,0.600241,0.36288,0,36.7397,4.99789,31.5044,0.84672,12.849,0.84672,3695.15,0,0,0,0.914993,2.42608,7.54048,1.26298,9.61858,0.42336,0,0.42336,460.49,0,1.02816,0,0,1.94315,0.914993,1.028160,1,0,41.4368,0,0,0,41.4368,0
59.0654,2.62621,0,0,7.08928,0.281178,0.36288,3.6288,61.308,0.66528,0,0,2.33091,0.242294,1.42333,0.66528,12.849,1,0.610794,0.36288,0,112.463,4.99789,107.217,0.84672,12.849,0.84672,3695.15,0,0,0,2.96641,2.42626,6.35739,1.26298,10.4871,0.42336,0,0.42336,460.49,0,1.02816,0,0,3.99457,2.96641,1.028160,1,0,119.127,0,0,0,119.127,0
60.848,2.94245,0,0,5.36798,0.280045,0.36288,3.6288,61.308,0.66528,0,0,2.07449,0.206249,1.20296,0.66528,12.849,1,0.640096,0.36288,0,158.072,4.2601,153.535,0.84672,12.849,0.84672,3695.15,0,0,0,2.51376,2.42645,5.65319,0.898882,9.69452,0.42336,0,0.42336,460.49,0,1.02816,0,0,3.54192,2.51376,1.028160,1,0,164.432,0,0,0,164.432,0
61.7345,2.9582,0,0,4.48978,0.282225,0.36288,3.6288,61.308,0.66528,0,0,1.53713,0.200663,0.671191,0.66528,12.849,1,0.624669,0.36288,0,113.859,4.36529,109.232,0.84672,12.849,0.84672,3695.15,0,0,0,1.91899,2.67785,5.57405,0.978056,9.19284,0.42336,0,0.42336,460.49,0,1.02816,0,0,2.94715,1.91899,1.028160,1,0,119.096,0,0,0,119.096,0
62.1815,2.96589,0,0,4.06157,0.285795,0.36288,3.6288,61.308,0.66528,0,0,1.34666,0.203726,0.477651,0.66528,12.849,1,0.617299,0.36288,0,102.098,4.44707,97.3965,0.84672,12.849,0.84672,3695.15,0,0,0,1.7775,2.67806,5.12831,1.02923,8.55463,0.42336,0,0.42336,460.49,0,1.02816,0,0,2.80566,1.7775,1.028160,1,0,106.429,0,0,0,106.429,0
63.2906,2.96983,0,0,4.72869,0.286849,0.36288,3.6288,61.308,0.66528,0,0,1.45544,0.203726,0.586437,0.66528,12.849,1,0.613676,0.36288,0,121.105,4.44707,116.407,0.84672,12.849,0.84672,3695.15,0,0,0,2.04828,2.67826,5.58355,1.02923,9.28085,0.42336,0,0.42336,460.49,0,1.02816,0,0,3.07644,2.04828,1.028160,1,0,126.275,0,0,0,126.275,0
67.4598,2.56956,0,0,7.40688,0.305272,0.36288,3.6288,61.308,0.66528,0,0,2.15625,0.175039,1.31593,0.66528,12.849,1,0.521661,0.36288,0,153.182,3.69256,149.331,0.84672,12.849,0.84672,3695.15,0,0,0,3.7933,2.67847,14.6892,0.87132,20.2896,0.42336,0,0.42336,460.49,0,1.02816,0,0,4.82146,3.7933,1.028160,1,0,170.936,0,0,0,170.936,0
71.117,2.59687,0,0,6.94482,0.327896,0.36288,3.6288,61.308,0.66528,0,0,1.64255,0.153524,0.823746,0.66528,12.849,1,0.494624,0.36288,0,242.757,3.12669,239.499,0.84672,12.849,0.84672,3695.15,0,0,0,3.27231,2.33597,13.2131,0.752885,18.0685,0.42336,0,0.42336,460.49,0,1.02816,0,0,4.30047,3.27231,1.028160,1,0,258.391,0,0,0,258.391,0
72.29,2.61865,0,0,6.5664,0.337341,2.43739,3.6288,61.308,0.66528,0,0,1.32036,0.153524,0.501552,0.66528,12.849,1,0.473123,2.43739,0,247.037,3.12669,245.874,0.84672,12.849,0.84672,3695.15,0,0,0,2.68235,2.33614,10.931,0.752885,15.1966,0.42336,0,0.42336,460.49,0,1.02816,0,0,3.71051,2.68235,1.028160,1,0,261.572,0,0,0,261.572,0
72.29,2.62541,0,0,4.83328,0.308242,1.89963,3.6288,61.308,0.66528,0,0,0.900348,0.1771,0.0579682,0.66528,12.849,1,0.466646,1.89963,0,174.495,3.36366,172.564,0.84672,12.849,0.84672,3695.15,0,0,0,1.34475,2.33632,8.18694,0.842011,11.026,0.42336,0,0.42336,460.49,0,1.02816,0,0,2.37291,1.34475,1.028160,1,0,183.648,0,0,0,183.648,0
72.29,2.62564,0,0,4.89276,0.236039,2.03108,3.6288,61.308,0.66528,0,0,0.977599,0.198378,0.113941,0.66528,12.849,1,0.466688,2.03108,0,148.77,4.08246,146.251,0.84672,12.849,0.84672,3695.15,0,0,0,1.039,2.3365,6.69432,1.02401,9.04581,0.42336,0,0.42336,460.49,0,1.02816,0,0,2.06716,1.039,1.028160,1,0,155.411,0,0,0,155.411,0
72.29,2.73121,0,0,6.51444,0.308437,3.4748,3.6288,61.308,0.66528,0,0,1.46391,0.193287,0.605343,0.66528,12.849,1,0.485451,3.4748,0,155.037,3.99966,154.027,0.84672,12.849,0.84672,3695.15,0,0,0,1.87242,2.33667,7.5536,0.917509,10.8452,0.42336,0,0.42336,460.49,0,1.02816,0,0,2.90058,1.87242,1.028160,1,0,165.477,0,0,0,165.477,0
72.29,2.98821,0,0,5.24778,0.308437,1.95113,3.6288,61.308,0.66528,0,0,1.27526,0.193287,0.416697,0.66528,12.849,1,0.531132,1.95113,0,186.977,3.99966,184.398,0.84672,12.849,0.84672,3695.15,0,0,0,2.26555,2.42138,6.07522,0.917509,9.84464,0.42336,0,0.42336,460.49,0,1.02816,0,0,3.29371,2.26555,1.028160,1,0,194.659,0,0,0,194.659,0
72.29,2.98846,0,0,3.99214,0.293982,0.709698,3.6288,61.308,0.66528,0,0,0.881245,0.153786,0.062179,0.66528,12.849,1,0.531176,0.709698,0,134.155,2.92048,131.413,0.84672,12.849,0.84672,3695.15,0,0,0,1.30506,2.2446,4.55652,0.76654,7.33964,0.42336,0,0.42336,460.49,0,1.02816,0,0,2.33322,1.30506,1.028160,1,0,138.815,0,0,0,138.815,0
72.29,2.9887,0,0,3.79985,0.224201,0.586942,3.6288,61.2354,0.66528,0,0,0.799718,0.207057,0,0.66528,12.849,1,0.531219,0.586942,0,117.474,3.38069,114.149,0.84672,12.849,0.84672,3695.15,0,0,0,1.18568,2.24478,3.79224,0.955656,6.26705,0.42336,0,0.42336,460.49,0,1.02816,0,0,2.21384,1.18568,1.028160,1,0,120.416,0,0,0,120.416,0
72.1097,2.94775,0,0,3.34644,0.216119,0.36288,3.6288,61.308,0.66528,0,0,1.19946,0.220141,0.241417,0.66528,12.849,1,0.523941,0.36288,0,88.8468,3.86651,84.8193,0.84672,12.849,0.84672,3695.15,0,0,0,1.33486,2.24497,4.60977,0.989006,7.20059,0.42336,0,0.42336,460.49,0,1.02816,0,0,2.36302,1.33486,1.028160,1,0,92.2613,0,0,0,92.2613,0
72.163,2.94688,0,0,3.5776,0.214479,0.36288,3.6288,61.2624,0.66528,0,0,0.842141,0.222439,0,0.66528,12.849,1,0.525096,0.36288,0,106.86,3.94748,102.751,0.84672,12.849,0.84672,3695.15,0,0,0,0.859775,2.21225,3.18874,0.994564,5.2662,0.42336,0,0.42336,460.49,0,1.02816,0,0,1.88794,0.859775,1.028160,1,0,108.017,0,0,0,108.017,0
71.6213,2.69076,0,0,2.72647,0.214565,0.36288,3.6288,61.0194,0.66528,0,0,0.644607,0.222375,0,0.66528,12.849,1,0.479104,0.36288,0,79.7636,3.94748,75.6999,0.84672,12.849,0.84672,3695.15,0,0,0,0.83897,2.21243,3.07151,0.994564,5.12835,0.42336,0,0.42336,460.49,0,1.02816,0,0,1.86713,0.83897,1.028160,1,0,80.8283,0,0,0,80.8283,0
70.931,2.68793,0,0,2.57415,0.213683,0.36288,3.6288,60.6605,0.66528,0,0,0.528459,0.222034,0,0.66528,12.849,1,0.482219,0.36288,0,58.9426,3.94748,54.8758,0.84672,12.849,0.84672,3695.15,0,0,0,0.410365,2.38958,2.621,0.994564,4.42638,0.42336,0,0.42336,460.49,0,1.02816,0,0,1.43853,0.410365,1.028160,1,0,59.3022,0,0,0,59.3022,0
69.9697,2.82367,0,0,2.39623,0.170915,0.36288,3.6288,60.3991,0.66528,0,0,0.653358,0.24954,0,0.66528,12.849,1,0.511502,0.36288,0,60.6713,4.39682,56.1259,0.84672,12.849,0.84672,3695.15,0,0,0,0.464072,2.38976,2.71783,1.088,4.48366,0.42336,0,0.42336,460.49,0,1.02816,0,0,1.49223,0.464072,1.028160,1,0,60.6095,0,0,0,60.6095,0
69.1064,2.81799,0,0,2.48739,0.169826,0.36288,3.6288,60.2544,0.66528,0,0,0.806985,0.286347,0,0.66528,12.849,1,0.517485,0.36288,0,65.8333,4.76454,60.9142,0.84672,12.849,0.84672,3695.15,0,0,0,0.625942,2.50527,2.8843,1.1659,4.84962,0.42336,0,0.42336,460.49,0,1.02816,0,0,1.6541,0.625942,1.028160,1,0,65.7638,0,0,0,65.7638,0
68.131,2.81279,0,0,2.33137,0.131114,0.36288,3.6288,60.0898,0.66528,0,0,0.790102,0.289428,0,0.66528,12.849,1,0.522983,0.36288,0,63.5118,4.86901,58.4827,0.84672,12.849,0.84672,3695.15,0,0,0,0.475554,2.50546,2.79915,1.17827,4.6019,0.42336,0,0.42336,460.49,0,1.02816,0,0,1.50371,0.475554,1.028160,1,0,63.0846,0,0,0,63.0846,0
67.0065,2.80674,0,0,2.15782,0.112707,0.36288,3.6288,59.8711,0.66528,0,0,0.730909,0.284328,0,0.66528,12.849,1,0.52933,0.36288,0,60.4467,4.90948,55.3708,0.84672,12.849,0.84672,3695.15,0,0,0,0.348244,2.50565,2.59325,1.16386,4.28329,0.42336,0,0.42336,460.49,0,1.02816,0,0,1.3764,0.348244,1.028160,1,0,59.6541,0,0,0,59.6541,0
65.8418,2.79953,0,0,2.10749,0.109758,0.36288,3.6288,59.6823,0.66528,0,0,0.759413,0.282992,0,0.66528,12.849,1,0.536832,0.36288,0,51.9776,4.88764,46.916,0.84672,12.849,0.84672,3695.15,0,0,0,0.547543,2.50584,2.4805,1.1667,4.36719,0.42336,0,0.42336,460.49,0,1.02816,0,0,1.5757,0.547543,1.028160,1,0,51.2831,0,0,0,51.2831,0
64.9719,2.76457,0,0,2.35457,0.0971135,0.36288,3.6288,59.5936,0.66528,0,0,0.853692,0.277017,0,0.66528,12.849,1,0.539504,0.36288,0,55.2347,4.75661,50.3015,0.84672,12.849,0.84672,3695.15,0,0,0,0.688936,2.50603,3.20347,1.18372,5.21472,0.42336,0,0.42336,460.49,0,1.02816,0,0,1.7171,0.688936,1.028160,1,0,55.5162,0,0,0,55.5162,0
63.9637,2.75878,0,0,2.20993,0.0964395,0.36288,3.6288,59.4028,0.66528,0,0,0.751291,0.27686,0,0.66528,12.849,1,0.545584,0.36288,0,50.4686,4.75661,45.5293,0.84672,12.849,0.84672,3695.15,0,0,0,0.625424,2.54656,3.04017,1.18372,5.02843,0.42336,0,0.42336,460.49,0,1.02816,0,0,1.65358,0.625424,1.028160,1,0,50.5577,0,0,0,50.5577,0
62.823,2.75187,0,0,2.06976,0.0956584,0.36288,3.6288,59.1615,0.66528,0,0,0.700479,0.276522,0,0.66528,12.849,1,0.552794,0.36288,0,48.2957,4.75661,43.3492,0.84672,12.849,0.84672,3695.15,0,0,0,0.534185,2.54675,2.87754,1.18372,4.77476,0.42336,0,0.42336,460.49,0,1.02816,0,0,1.56235,0.534185,1.028160,1,0,48.1239,0,0,0,48.1239,0
61.6136,2.74378,0,0,1.98547,0.0882121,0.36288,3.6288,58.938,0.66528,0,0,0.732836,0.290983,0,0.66528,12.849,1,0.561177,0.36288,0,43.8706,4.99113,38.6812,0.84672,12.849,0.84672,3695.15,0,0,0,0.285111,2.54694,2.73112,1.24796,4.31522,0.42336,0,0.42336,460.49,0,1.02816,0,0,1.31327,0.285111,1.028160,1,0,42.9964,0,0,0,42.9964,0
60.2981,2.80458,0,0,1.92646,0.0745515,0.36288,3.6288,58.682,0.70524,0,0,0.773427,0.324277,0,0.66528,12.849,1,0.584871,0.36288,0,39.5838,5.74074,33.6211,0.84672,12.849,0.84672,3695.15,0,0,0,0.261274,2.54714,2.50096,1.49059,3.81878,0.42336,0,0.42336,460.49,0,0.9882,0,0,1.24947,0.261274,1.028160,1,0,37.4399,0,0,0,37.4399,0
58.9511,2.79431,0,0,1.88611,0.0759263,0.36288,3.6288,58.4052,0.66528,0,0,0.70035,0.311795,0,0.66528,12.849,1,0.595443,0.36288,0,50.5896,5.57718,44.7799,0.84672,12.849,0.84672,3695.15,0,0,0,0.382173,2.60451,2.79958,1.4501,4.33617,0.42336,0,0.42336,460.49,0,1.02816,0,0,1.41033,0.382173,1.028160,1,0,49.116,0,0,0,49.116,0
57.496,2.78339,0,0,1.76609,0.074951,0.36288,3.6288,58.08,0.66528,0,0,0.6513,0.31124,0,0.66528,12.849,1,0.606668,0.36288,0,40.6184,5.57718,34.7974,0.84672,12.849,0.84672,3695.15,0,0,0,0.356029,2.60471,2.5236,1.4501,4.03424,0.42336,0,0.42336,460.49,0,1.02816,0,0,1.38419,0.356029,1.028160,1,0,38.8316,0,0,0,38.8316,0
55.896,2.77108,0,0,1.60795,0.0738974,0.36288,3.6288,57.6381,0.749658,0,0,0.61833,0.310588,0,0.66528,12.849,1,0.619273,0.36288,0,37.0182,5.57718,31.1846,0.84672,12.849,0.84672,3695.15,0,0,0,0.227405,2.60491,2.35396,1.4501,3.73618,0.42336,0,0.42336,460.49,0,0.943782,0,0,1.17119,0.227405,1.028160,1,0,34.9208,0,0,0,34.9208,0
54.415,2.95746,0,0,1.91019,0.0709295,0.36288,3.6288,57.4189,0.66528,0,0,0.755335,0.309241,0,0.66528,12.849,1,0.679841,0.36288,0,38.5514,5.60532,32.6291,0.84672,12.849,0.84672,3695.15,0,0,0,0.514581,2.60511,3.51366,1.48169,5.15166,0.42336,0,0.42336,460.49,0,1.02816,0,0,1.54274,0.514581,1.028160,1,0,37.7808,0,0,0,37.7808,0
52.9174,2.94275,0,0,1.88122,0.0731331,0.36288,3.6288,56.977,0.771016,0,0,0.651767,0.322638,0,0.66528,12.849,1,0.694872,0.36288,0,39.2815,5.55891,33.3906,0.84672,12.849,0.84672,3695.15,0,0,0,0.227405,2.80101,2.51248,1.52229,4.01861,0.42336,0,0.42336,460.49,0,0.922424,0,0,1.14983,0.227405,1.028160,1,0,37.4092,0,0,0,37.4092,0
51.5586,2.92719,0,0,2.00324,0.0720266,0.36288,3.6288,56.7917,0.66528,0,0,0.80171,0.321714,0,0.66528,12.849,1,0.710758,0.36288,0,49.9872,5.55891,44.0804,0.84672,12.849,0.84672,3695.15,0,0,0,0.389025,2.80123,2.80632,1.52229,4.47429,0.42336,0,0.42336,460.49,0,1.02816,0,0,1.41718,0.389025,1.028160,1,0,48.5547,0,0,0,48.5547,0
49.8603,2.91245,0,0,1.64806,0.0710226,0.36288,3.6288,56.125,0.929284,0,0,0.583877,0.321326,0,0.66528,12.849,1,0.725818,0.36288,0,45.7961,5.55891,39.8742,0.84672,12.849,0.84672,3695.15,0,0,0,0.204422,2.80144,2.29851,1.52229,3.78208,0.42336,0,0.42336,460.49,0,0.764156,0,0,0.968579,0.204422,1.028160,1,0,43.6563,0,0,0,43.6563,0
48.5883,2.89305,0,0,2.05378,0.0697678,0.36288,3.6288,56.1512,0.66528,0,0,1.01145,0.319932,0,0.66528,12.849,1,0.745541,0.36288,0,44.6403,5.55891,38.6987,0.84672,12.849,0.84672,3695.15,0,0,0,0.885902,2.80166,3.5849,1.52229,5.75017,0.42336,0,0.42336,460.49,0,1.02816,0,0,1.91406,0.885902,1.028160,1,0,44.4489,0,0,0,44.4489,0
47.2939,2.78277,0,0,1.91053,0.0592762,0.36288,3.6288,56.1876,0.66528,0,0,0.991017,0.289413,0,0.66528,12.849,1,0.735893,0.36288,0,32.4297,5.54616,26.5105,0.84672,12.849,0.84672,3695.15,0,0,0,0.416448,2.80187,3.84011,1.42103,5.6374,0.42336,0,0.42336,460.49,0,1.02816,0,0,1.44461,0.416448,1.028160,1,0,32.148,0,0,0,32.148,0
46.7715,2.76718,0,0,2.68981,0.082246,0.36288,3.6288,56.3284,0.66528,0,0,1.07556,0.269449,0,0.66528,12.849,1,0.751798,0.36288,0,36.1966,5.38052,30.4272,0.84672,12.849,0.84672,3695.15,0,0,0,0.605984,2.68879,3.42186,1.36413,5.3525,0.42336,0,0.42336,460.49,0,1.02816,0,0,1.63414,0.605984,1.028160,1,0,35.7797,0,0,0,35.7797,0
47.2589,2.76084,0,0,3.69298,0.0817734,0.36288,3.6288,57.1331,0.66528,0,0,1.73966,0.269697,0,0.66528,12.849,1,0.758454,0.36288,0,69.5402,5.38052,63.7641,0.84672,12.849,0.84672,3695.15,0,0,0,1.66908,2.68899,6.07208,1.36413,9.06602,0.42336,0,0.42336,460.49,0,1.02816,0,0,2.69724,1.66908,1.028160,1,0,72.8301,0,0,0,72.8301,0
47.2008,2.76723,0,0,3.18273,0.110795,0.36288,3.6288,57.489,0.66528,0,0,1.28131,0.260071,0,0.66528,12.849,1,0.752369,0.36288,0,78.3023,5.35451,72.5583,0.84672,12.849,0.84672,3695.15,0,0,0,0.923823,2.6892,3.79778,1.37581,6.03499,0.42336,0,0.42336,460.49,0,1.02816,0,0,1.95198,0.923823,1.028160,1,0,78.5933,0,0,0,78.5933,0
46.6161,2.68914,0,0,2.64756,0.180245,0.36288,3.6288,57.595,0.66528,0,0,0.974039,0.202766,0,0.66528,12.849,1,0.732038,0.36288,0,55.8094,4.9302,50.51,0.84672,12.849,0.84672,3695.15,0,0,0,0.68097,2.6894,3.90218,1.16054,6.11201,0.42336,0,0.42336,460.49,0,1.02816,0,0,1.70913,0.68097,1.028160,1,0,56.622,0,0,0,56.622,0
46.2293,2.68218,0,0,2.83595,0.17768,0.36288,3.6288,57.815,0.66528,0,0,1.0655,0.180214,0,0.66528,12.849,1,0.739302,0.36288,0,70.7304,4.66074,65.6932,0.84672,12.849,0.84672,3695.15,0,0,0,0.800384,2.58845,5.25042,0.977202,7.66206,0.42336,0,0.42336,460.49,0,1.02816,0,0,1.82854,0.800384,1.028160,1,0,73.3553,0,0,0,73.3553,0
46.2382,2.67758,0,0,3.22629,0.176919,0.36288,3.6288,58.618,0.66528,0,0,1.64869,0.180471,0,0.66528,12.849,1,0.744208,0.36288,0,80.3489,4.66074,75.3068,0.84672,12.849,0.84672,3695.15,0,0,0,1.33621,2.58865,6.31492,0.977202,9.26258,0.42336,0,0.42336,460.49,0,1.02816,0,0,2.36437,1.33621,1.028160,1,0,84.5694,0,0,0,84.5694,0
46.0963,2.67793,0,0,3.08548,0.186587,0.36288,3.6288,59.0858,0.66528,0,0,1.28809,0.155012,0,0.66528,12.849,1,0.744162,0.36288,0,77.5405,4.67341,72.4858,0.84672,12.849,0.84672,3695.15,0,0,0,1.15686,2.58885,7.00808,1.05615,9.69764,0.42336,0,0.42336,460.49,0,1.02816,0,0,2.18502,1.15686,1.028160,1,0,82.1835,0,0,0,82.1835,0
46.7336,2.457,0,0,3.68061,0.223355,0.36288,3.6288,60.1414,0.66528,0,0,1.89204,0.171138,0,0.66528,12.849,1,0.684872,0.36288,0,95.4267,4.71943,90.3853,0.84672,12.849,0.84672,3695.15,0,0,0,1.19172,2.58905,6.52444,1.02113,9.28408,0.42336,0,0.42336,460.49,0,1.02816,0,0,2.21988,1.19172,1.028160,1,0,99.6694,0,0,0,99.6694,0
53.2731,2.46455,0,0,9.58228,0.215371,0.36288,3.6288,61.308,0.66528,0,0,7.01561,0.187667,4.99607,0.66528,12.849,1,0.677607,0.36288,0,237.684,4.23276,233.136,0.84672,12.849,0.84672,3695.15,0,0,0,5.55113,2.36448,20.9762,1.0617,27.8301,0.42336,0,0.42336,460.49,0,1.02816,0,0,6.57929,5.55113,1.028160,1,0,265.962,0,0,0,265.962,0
57.1569,2.53179,0,0,7.00937,0.230867,0.36288,3.6288,61.308,0.66528,0,0,4.50173,0.189061,3.64738,0.66528,12.849,1,0.610646,0.36288,0,190.999,4.23276,186.519,0.84672,12.849,0.84672,3695.15,0,0,0,3.39565,2.36466,13.3269,1.0617,18.0255,0.42336,0,0.42336,460.49,0,1.02816,0,0,4.42381,3.39565,1.028160,1,0,208.192,0,0,0,208.192,0
61.9093,2.5659,0,0,7.92115,0.240031,0.36288,3.6288,61.308,0.66528,0,0,4.78347,0.189061,3.92913,0.66528,12.849,1,0.57682,0.36288,0,248.678,4.23276,244.232,0.84672,12.849,0.84672,3695.15,0,0,0,3.70969,2.36484,12.4661,1.0617,17.4789,0.42336,0,0.42336,460.49,0,1.02816,0,0,4.73785,3.70969,1.028160,1,0,265.64,0,0,0,265.64,0
65.6661,2.6028,0,0,6.97326,0.250774,0.36288,3.6288,61.308,0.66528,0,0,4.336,0.189061,3.48166,0.66528,12.849,1,0.540201,0.36288,0,203.638,4.23276,199.228,0.84672,12.849,0.84672,3695.15,0,0,0,3.01728,2.36502,9.75525,1.0617,14.0759,0.42336,0,0.42336,460.49,0,1.02816,0,0,4.04544,3.01728,1.028160,1,0,216.785,0,0,0,216.785,0
68.2643,2.71915,0,0,5.91984,0.239592,0.36288,3.6288,61.308,0.66528,0,0,4.47271,0.227927,3.5795,0.66528,12.849,1,0.532061,0.36288,0,164.894,4.48431,160.241,0.84672,12.849,0.84672,3695.15,0,0,0,3.66459,2.3652,10.3159,1.09866,15.247,0.42336,0,0.42336,460.49,0,1.02816,0,0,4.69275,3.66459,1.028160,1,0,179.067,0,0,0,179.067,0
70.3557,2.73641,0,0,5.432,0.241342,0.36288,3.6288,61.308,0.66528,0,0,2.28201,0.234405,1.38233,0.66528,12.849,1,0.515059,0.36288,0,175.845,4.52624,171.166,0.84672,12.849,0.84672,3695.15,0,0,0,2.87385,2.43548,9.36749,1.10482,13.572,0.42336,0,0.42336,460.49,0,1.02816,0,0,3.90201,2.87385,1.028160,1,0,186.121,0,0,0,186.121,0
71.2384,2.74958,0,0,4.24053,0.245293,0.36288,3.6288,61.308,0.66528,0,0,1.83322,0.234405,0.933533,0.66528,12.849,1,0.502153,0.36288,0,129.533,4.52624,124.868,0.84672,12.849,0.84672,3695.15,0,0,0,3.16142,2.43564,8.31721,1.10482,12.8095,0.42336,0,0.42336,460.49,0,1.02816,0,0,4.18958,3.16142,1.028160,1,0,138.611,0,0,0,138.611,0
71.2957,2.75507,0,0,3.42221,0.24696,0.36288,3.6288,61.308,0.66528,0,0,1.49553,0.234405,0.595847,0.66528,12.849,1,0.496921,0.36288,0,102.559,4.52624,97.8991,0.84672,12.849,0.84672,3695.15,0,0,0,2.17771,2.43581,7.12968,1.10482,10.6384,0.42336,0,0.42336,460.49,0,1.02816,0,0,3.20587,2.17771,1.028160,1,0,109.133,0,0,0,109.133,0
71.8521,3.04939,0,0,4.23711,0.26845,0.36288,3.6288,61.308,0.66528,0,0,1.46292,0.235093,0.562544,0.66528,12.849,1,0.549565,0.36288,0,141.439,4.47165,136.781,0.84672,12.849,0.84672,3695.15,0,0,0,2.16794,2.43597,7.9458,1.1742,11.3755,0.42336,0,0.42336,460.49,0,1.02816,0,0,3.1961,2.16794,1.028160,1,0,148.719,0,0,0,148.719,0
72.0906,3.05325,0,0,3.92172,0.26716,0.36288,3.6288,61.308,0.66528,0,0,1.60158,0.24434,0.691959,0.66528,12.849,1,0.545998,0.36288,0,156.644,4.31025,152.151,0.84672,12.849,0.84672,3695.15,0,0,0,1.97167,2.68842,6.52181,1.11218,10.0697,0.42336,0,0.42336,460.49,0,1.02816,0,0,2.99983,1.97167,1.028160,1,0,162.912,0,0,0,162.912,0
72.29,3.05502,0,0,5.06751,0.267645,1.54541,3.6288,61.308,0.66528,0,0,2.119,0.24434,1.20938,0.66528,12.849,1,0.544509,1.54541,0,141.499,4.31025,138.19,0.84672,12.849,0.84672,3695.15,0,0,0,2.66628,2.6886,7.70291,1.11218,11.9456,0.42336,0,0.42336,460.49,0,1.02816,0,0,3.69444,2.66628,1.028160,1,0,151.345,0,0,0,151.345,0
72.29,3.05654,0,0,4.90841,0.26805,1.58382,3.6288,61.308,0.66528,0,0,1.78813,0.24434,0.878514,0.66528,12.849,1,0.543276,1.58382,0,146.236,4.31025,142.967,0.84672,12.849,0.84672,3695.15,0,0,0,2.27843,2.68878,6.76641,1.11218,10.6214,0.42336,0,0.42336,460.49,0,1.02816,0,0,3.30659,2.27843,1.028160,1,0,154.467,0,0,0,154.467,0
72.29,2.63676,0,0,6.67513,0.276795,3.76157,3.6288,61.308,0.66528,0,0,4.67639,0.216136,3.79497,0.66528,12.849,1,0.468665,3.76157,0,193.246,4.11634,192.422,0.84672,12.849,0.84672,3695.15,0,0,0,5.91403,2.68897,13.8294,1.01465,21.4178,0.42336,0,0.42336,460.49,0,1.02816,0,0,6.94219,5.91403,1.028160,1,0,217.635,0,0,0,217.635,0
72.29,2.63697,0,0,6.89429,0.297295,3.96002,3.6288,61.308,0.66528,0,0,5.72177,0.199436,4.85706,0.66528,12.849,1,0.468702,3.96002,0,293.425,3.72078,293.195,0.84672,12.849,0.84672,3695.15,0,0,0,7.68735,2.34501,16.6153,0.851486,25.7962,0.42336,0,0.42336,460.49,0,1.02816,0,0,8.71551,7.68735,1.028160,1,0,323.849,0,0,0,323.849,0
72.29,2.63719,0,0,6.03008,0.297295,3.0956,3.6288,61.308,0.66528,0,0,4.5595,0.199436,3.69479,0.66528,12.849,1,0.46874,3.0956,0,194.246,3.72078,193.152,0.84672,12.849,0.84672,3695.15,0,0,0,5.39596,2.34516,12.1622,0.851486,19.0518,0.42336,0,0.42336,460.49,0,1.02816,0,0,6.42412,5.39596,1.028160,1,0,215.899,0,0,0,215.899,0
72.29,2.6374,0,0,5.69873,0.297295,2.76404,3.6288,61.308,0.66528,0,0,3.99774,0.199436,3.13302,0.66528,12.849,1,0.468777,2.76404,0,201.665,3.72078,200.24,0.84672,12.849,0.84672,3695.15,0,0,0,4.45238,2.34532,11.8135,0.851486,17.7597,0.42336,0,0.42336,460.49,0,1.02816,0,0,5.48054,4.45238,1.028160,1,0,221.133,0,0,0,221.133,0
72.29,2.63761,0,0,5.86983,0.26331,2.96891,3.6288,61.308,0.66528,0,0,3.62119,0.181387,2.77452,0.66528,12.849,1,0.468815,2.96891,0,221.136,3.4592,220.177,0.84672,12.849,0.84672,3695.15,0,0,0,4.67135,2.34548,12.2834,0.813909,18.4863,0.42336,0,0.42336,460.49,0,1.02816,0,0,5.69951,4.67135,1.028160,1,0,241.438,0,0,0,241.438,0
72.29,2.74358,0,0,4.91038,0.354483,1.81232,3.6288,61.308,0.66528,0,0,3.27268,0.168596,2.4388,0.66528,12.849,1,0.48765,1.81232,0,153.173,3.55005,150.947,0.84672,12.849,0.84672,3695.15,0,0,0,4.02897,2.34564,10.746,0.840862,16.2797,0.42336,0,0.42336,460.49,0,1.02816,0,0,5.05713,4.02897,1.028160,1,0,169.666,0,0,0,169.666,0
72.0193,3.00056,0,0,3.44725,0.354483,0.36288,3.6288,61.308,0.66528,0,0,1.93104,0.168596,1.09716,0.66528,12.849,1,0.533327,0.36288,0,115.03,3.55005,111.31,0.84672,12.849,0.84672,3695.15,0,0,0,2.49465,2.43067,8.62453,0.840862,12.709,0.42336,0,0.42336,460.49,0,1.02816,0,0,3.52281,2.49465,1.028160,1,0,125.116,0,0,0,125.116,0
71.6331,2.74246,0,0,3.05503,0.335936,0.36288,3.6288,61.308,0.66528,0,0,1.54287,0.178111,0.69948,0.66528,12.849,1,0.489283,0.36288,0,116.676,3.66639,112.883,0.84672,12.849,0.84672,3695.15,0,0,0,2.08246,2.25387,8.46081,0.863763,11.9334,0.42336,0,0.42336,460.49,0,1.02816,0,0,3.11062,2.08246,1.028160,1,0,125.516,0,0,0,125.516,0
71.0948,2.74044,0,0,2.85562,0.290532,0.36288,3.6288,61.308,0.66528,0,0,1.84616,0.201899,0.978981,0.66528,12.849,1,0.491559,0.36288,0,88.4987,3.95724,84.4127,0.84672,12.849,0.84672,3695.15,0,0,0,2.40612,2.431,8.53788,0.921014,12.454,0.42336,0,0.42336,460.49,0,1.02816,0,0,3.43428,2.40612,1.028160,1,0,97.8457,0,0,0,97.8457,0
70.4258,2.69625,0,0,2.69418,0.304142,0.36288,3.6288,61.308,0.66528,0,0,1.08691,0.198448,0.223184,0.66528,12.849,1,0.487294,0.36288,0,73.0875,3.69002,69.2731,0.84672,12.849,0.84672,3695.15,0,0,0,1.5,2.43116,4.86755,0.971551,7.82716,0.42336,0,0.42336,460.49,0,1.02816,0,0,2.52816,1.5,1.028160,1,0,77.3234,0,0,0,77.3234,0
69.5655,2.69255,0,0,2.50369,0.308475,0.36288,3.6288,61.308,0.66528,0,0,0.974868,0.197068,0.11252,0.66528,12.849,1,0.491248,0.36288,0,68.9377,3.58312,65.2262,0.84672,12.849,0.84672,3695.15,0,0,0,1.21766,2.39829,4.54431,0.991765,7.1685,0.42336,0,0.42336,460.49,0,1.02816,0,0,2.24582,1.21766,1.028160,1,0,72.5072,0,0,0,72.5072,0
68.767,2.68763,0,0,2.55842,0.306433,0.36288,3.6288,61.308,0.66528,0,0,0.90599,0.197068,0.0436422,0.66528,12.849,1,0.496415,0.36288,0,70.0669,3.58312,66.3503,0.84672,12.849,0.84672,3695.15,0,0,0,0.732508,2.39845,4.75868,0.991765,6.89788,0.42336,0,0.42336,460.49,0,1.02816,0,0,1.76067,0.732508,1.028160,1,0,73.2918,0,0,0,73.2918,0
68.0573,2.68299,0,0,2.58957,0.253457,0.36288,3.6288,61.308,0.66528,0,0,0.917269,0.221302,0.0306873,0.66528,12.849,1,0.501312,0.36288,0,72.1483,3.89837,68.1115,0.84672,12.849,0.84672,3695.15,0,0,0,0.96266,2.39862,4.65943,1.0602,6.9605,0.42336,0,0.42336,460.49,0,1.02816,0,0,1.99082,0.96266,1.028160,1,0,75.1027,0,0,0,75.1027,0
66.9609,2.81795,0,0,2.28977,0.205327,0.36288,3.6288,61.24,0.66528,0,0,0.833725,0.236422,0,0.66528,12.849,1,0.532019,0.36288,0,61.9966,4.19251,57.6349,0.84672,12.849,0.84672,3695.15,0,0,0,1.04489,2.39878,4.0791,1.07812,6.44464,0.42336,0,0.42336,460.49,0,1.02816,0,0,2.07305,1.04489,1.028160,1,0,64.0796,0,0,0,64.0796,0
65.7043,2.81086,0,0,2.09933,0.182175,0.36288,3.6288,61.0786,0.66528,0,0,0.732563,0.228688,0,0.66528,12.849,1,0.539371,0.36288,0,59.4469,4.33682,54.9336,0.84672,12.849,0.84672,3695.15,0,0,0,0.736845,2.51474,3.91166,0.994591,6.16865,0.42336,0,0.42336,460.49,0,1.02816,0,0,1.76501,0.736845,1.028160,1,0,61.1023,0,0,0,61.1023,0
64.2964,2.80245,0,0,1.93782,0.180365,0.36288,3.6288,60.8209,0.780434,0,0,0.751153,0.228455,0,0.66528,12.849,1,0.548042,0.36288,0,56.9362,4.33682,52.4142,0.84672,12.849,0.84672,3695.15,0,0,0,0.402797,2.51491,3.72235,0.994591,5.64547,0.42336,0,0.42336,460.49,0,0.913006,0,0,1.3158,0.402797,1.028160,1,0,58.0597,0,0,0,58.0597,0
62.7087,2.79267,0,0,1.74615,0.178336,0.36288,3.6288,60.4028,0.859481,0,0,0.669499,0.228082,0,0.66528,12.849,1,0.558088,0.36288,0,51.0391,4.33682,46.507,0.84672,12.849,0.84672,3695.15,0,0,0,0.30119,2.51508,3.50134,0.994591,5.32302,0.42336,0,0.42336,460.49,0,0.833959,0,0,1.13515,0.30119,1.028160,1,0,51.8301,0,0,0,51.8301,0
60.9608,2.78117,0,0,1.56502,0.168835,0.36288,3.6288,60.0692,0.762636,0,0,0.661865,0.232838,0,0.66528,12.849,1,0.569861,0.36288,0,44.2921,4.42342,39.6617,0.84672,12.849,0.84672,3695.15,0,0,0,0.30119,2.51525,3.41978,1.01602,5.2202,0.42336,0,0.42336,460.49,0,0.930804,0,0,1.23199,0.30119,1.028160,1,0,44.8819,0,0,0,44.8819,0
59.1241,2.74086,0,0,1.38574,0.118689,0.36288,3.6288,59.6616,0.66528,0,0,0.499536,0.241831,0,0.66528,12.849,1,0.577705,0.36288,0,36.051,4.39099,31.4452,0.84672,12.849,0.84672,3695.15,0,0,0,0.566793,2.51542,2.57872,1.01448,4.64645,0.42336,0,0.42336,460.49,0,1.02816,0,0,1.59495,0.566793,1.028160,1,0,36.0916,0,0,0,36.0916,0
57.1852,2.72634,0,0,1.26695,0.116713,0.36288,3.6288,59.2427,0.66528,0,0,0.487547,0.241203,0,0.66528,12.849,1,0.592494,0.36288,0,35.5419,4.39099,30.9213,0.84672,12.849,0.84672,3695.15,0,0,0,0.596091,2.55608,2.54701,1.01448,4.6847,0.42336,0,0.42336,460.49,0,1.02816,0,0,1.62425,0.596091,1.028160,1,0,35.606,0,0,0,35.606,0
55.1555,2.71015,0,0,1.1579,0.11453,0.36288,3.6288,58.7928,0.66528,0,0,0.455928,0.240558,0,0.66528,12.849,1,0.608947,0.36288,0,33.4304,4.39099,28.7933,0.84672,12.849,0.84672,3695.15,0,0,0,0.359942,2.55625,2.4237,1.01448,4.32542,0.42336,0,0.42336,460.49,0,1.02816,0,0,1.3881,0.359942,1.028160,1,0,33.1188,0,0,0,33.1188,0
53.0694,2.69219,0,0,1.06472,0.0957864,0.36288,3.6288,58.2765,0.66528,0,0,0.432054,0.283043,0,0.66528,12.849,1,0.627171,0.36288,0,29.9316,4.9556,24.7118,0.84672,12.849,0.84672,3695.15,0,0,0,0.360867,2.55643,2.30769,1.22057,4.00442,0.42336,0,0.42336,460.49,0,1.02816,0,0,1.38903,0.360867,1.028160,1,0,28.7162,0,0,0,28.7162,0
50.9706,2.74061,0,0,1.08504,0.0803704,0.36288,3.6288,57.7579,0.66528,0,0,0.44526,0.298606,0,0.66528,12.849,1,0.663547,0.36288,0,29.9246,5.57302,24.0509,0.84672,12.849,0.84672,3695.15,0,0,0,0.36415,2.5566,2.37051,1.42395,3.86731,0.42336,0,0.42336,460.49,0,1.02816,0,0,1.39231,0.36415,1.028160,1,0,27.9182,0,0,0,27.9182,0
48.8832,2.719,0,0,1.07222,0.0776696,0.36288,3.6288,57.2801,0.66528,0,0,0.473309,0.285816,0,0.66528,12.849,1,0.685423,0.36288,0,29.8674,5.71851,23.8263,0.84672,12.849,0.84672,3695.15,0,0,0,0.443716,2.61418,2.4985,1.46056,4.09583,0.42336,0,0.42336,460.49,0,1.02816,0,0,1.47188,0.443716,1.028160,1,0,27.9221,0,0,0,27.9221,0
46.6974,2.69604,0,0,0.949069,0.0759678,0.36288,3.6288,56.7741,0.66528,0,0,0.444245,0.284933,0,0.66528,12.849,1,0.708655,0.36288,0,28.1943,5.71851,22.13,0.84672,12.849,0.84672,3695.15,0,0,0,0.368539,2.61436,2.4999,1.46056,4.02224,0.42336,0,0.42336,460.49,0,1.02816,0,0,1.3967,0.368539,1.028160,1,0,26.1523,0,0,0,26.1523,0
44.4578,2.67023,0,0,0.867715,0.0741731,0.36288,3.6288,56.254,0.66528,0,0,0.429132,0.283998,0,0.66528,12.849,1,0.734727,0.36288,0,26.4777,5.71851,20.3874,0.84672,12.849,0.84672,3695.15,0,0,0,0.258716,2.61453,2.38188,1.46056,3.79458,0.42336,0,0.42336,460.49,0,1.02816,0,0,1.28688,0.258716,1.028160,1,0,24.1819,0,0,0,24.1819,0
41.9697,2.83383,0,0,0.761106,0.0525187,0.36288,3.6288,55.716,0.66528,0,0,0.425618,0.298293,0,0.66528,12.849,1,0.81902,0.36288,0,24.8943,6.0585,18.3796,0.84672,12.849,0.84672,3695.15,0,0,0,0.235872,2.61471,2.41606,1.50953,3.75712,0.42336,0,0.42336,460.49,0,1.02816,0,0,1.26403,0.235872,1.028160,1,0,22.1367,0,0,0,22.1367,0
39.5552,2.79687,0,0,0.77652,0.0312669,0.36288,3.6288,55.1434,0.691079,0,0,0.416312,0.297846,0,0.66528,12.849,1,0.856261,0.36288,0,20.8515,6.08247,14.2757,0.84672,12.849,0.84672,3695.15,0,0,0,0.227405,2.81137,2.25359,1.55428,3.73808,0.42336,0,0.42336,460.49,0,1.00236,0,0,1.22977,0.227405,1.028160,1,0,18.0137,0,0,0,18.0137,0
37.2672,2.75764,0,0,0.861062,0.0285204,0.36288,3.6288,54.6828,0.66528,0,0,0.497116,0.292509,0,0.66528,12.849,1,0.895783,0.36288,0,24.9988,6.11583,18.3501,0.84672,12.849,0.84672,3695.15,0,0,0,0.489205,2.81156,2.25444,1.56525,3.98995,0.42336,0,0.42336,460.49,0,1.02816,0,0,1.51737,0.489205,1.028160,1,0,22.34,0,0,0,22.34,0
34.8424,2.71696,0,0,0.682724,0.0277703,0.36288,3.6288,54.006,0.758246,0,0,0.373127,0.291622,0,0.66528,12.849,1,0.936753,0.36288,0,27.4497,6.11583,20.76,0.84672,12.849,0.84672,3695.15,0,0,0,0.204422,2.81175,1.81014,1.56525,3.26107,0.42336,0,0.42336,460.49,0,0.935194,0,0,1.13962,0.204422,1.028160,1,0,24.0211,0,0,0,24.0211,0
32.6128,2.66954,0,0,0.829837,0.0269752,0.36288,3.6288,53.6503,0.66528,0,0,0.599886,0.29032,0,0.66528,12.849,1,0.984459,0.36288,0,23.9278,6.11583,17.1904,0.84672,12.849,0.84672,3695.15,0,0,0,0.861261,2.81194,2.60819,1.56525,4.71615,0.42336,0,0.42336,460.49,0,1.02816,0,0,1.88942,0.861261,1.028160,1,0,21.9065,0,0,0,21.9065,0
30.8187,2.53486,0,0,1.14515,0.0414914,0.36288,3.6288,53.2708,0.66528,0,0,0.568113,0.282317,0,0.66528,12.849,1,0.998701,0.36288,0,28.691,5.32977,22.7254,0.84672,12.849,0.84672,3695.15,0,0,0,0.401751,2.81213,4.74117,1.34948,6.60558,0.42336,0,0.42336,460.49,0,1.02816,0,0,1.42991,0.401751,1.028160,1,0,29.331,0,0,0,29.331,0
28.98,2.49403,0,0,1.06127,0.0430404,0.36288,3.6288,53.1829,0.66528,0,0,0.857649,0.28026,0,0.66528,12.849,1,1.03981,0.36288,0,24.929,5.19876,19.0533,0.84672,12.849,0.84672,3695.15,0,0,0,1.33313,2.69858,5.80216,1.31351,8.52035,0.42336,0,0.42336,460.49,0,1.02816,0,0,2.36129,1.33313,1.028160,1,0,27.5736,0,0,0,27.5736,0
27.0629,2.44851,0,0,0.936196,0.0419917,0.36288,3.6288,52.7204,0.66528,0,0,0.482857,0.280063,0,0.66528,12.849,1,1.08561,0.36288,0,25.8226,5.19876,19.9011,0.84672,12.849,0.84672,3695.15,0,0,0,0.401587,2.69876,4.3511,1.31351,6.13794,0.42336,0,0.42336,460.49,0,1.02816,0,0,1.42975,0.401587,1.028160,1,0,26.0391,0,0,0,26.0391,0
25.0569,2.39655,0,0,0.794413,0.0408983,0.36288,3.6288,52.2163,0.66528,0,0,0.440146,0.279028,0,0.66528,12.849,1,1.13784,0.36288,0,23.8606,5.19876,17.8868,0.84672,12.849,0.84672,3695.15,0,0,0,0.271685,2.69895,4.14028,1.31351,5.79739,0.42336,0,0.42336,460.49,0,1.02816,0,0,1.29984,0.271685,1.028160,1,0,23.6842,0,0,0,23.6842,0
24.1247,2.271,0,0,1.79469,0.0929972,0.36288,3.6288,52.053,0.66528,0,0,0.705206,0.203195,0,0.66528,12.849,1,1.16455,0.36288,0,32.7298,4.18984,27.7383,0.84672,12.849,0.84672,3695.15,0,0,0,0.595175,2.69913,6.5416,0.986005,8.8499,0.42336,0,0.42336,460.49,0,1.02816,0,0,1.62334,0.595175,1.028160,1,0,36.5882,0,0,0,36.5882,0
23.7793,2.24182,0,0,2.39255,0.133325,0.36288,3.6288,51.8164,0.66528,0,0,0.622813,0.194181,0,0.66528,12.849,1,1.19401,0.36288,0,35.2912,4.3889,30.0712,0.84672,12.849,0.84672,3695.15,0,0,0,0.517052,2.59777,7.5117,1.11936,9.50717,0.42336,0,0.42336,460.49,0,1.02816,0,0,1.54521,0.517052,1.028160,1,0,39.5783,0,0,0,39.5783,0
23.0861,2.23073,0,0,2.03314,0.132656,0.36288,3.6288,51.6562,0.66528,0,0,0.69897,0.193811,0,0.66528,12.849,1,1.20537,0.36288,0,28.849,4.3889,23.6176,0.84672,12.849,0.84672,3695.15,0,0,0,0.866186,2.59794,8.34926,1.11936,10.694,0.42336,0,0.42336,460.49,0,1.02816,0,0,1.89435,0.866186,1.028160,1,0,34.3116,0,0,0,34.3116,0
26.6465,2.20766,0,0,6.26226,0.131349,0.36288,3.6288,53.0342,0.66528,0,0,2.23681,0.19356,0,0.66528,12.849,1,1.22871,0.36288,0,99.9512,4.3889,94.6965,0.84672,12.849,0.84672,3695.15,0,0,0,5.03016,2.59812,19.8532,1.11936,26.3621,0.42336,0,0.42336,460.49,0,1.02816,0,0,6.05832,5.03016,1.028160,1,0,121.059,0,0,0,121.059,0
28.9464,2.12862,0,0,4.94941,0.157981,0.36288,3.6288,54.0665,0.66528,0,0,1.88069,0.183158,0,0.66528,12.849,1,1.02643,0.36288,0,81.451,4.16205,76.6254,0.84672,12.849,0.84672,3695.15,0,0,0,1.81443,2.5983,15.0407,1.05708,18.3963,0.42336,0,0.42336,460.49,0,1.02816,0,0,2.84259,1.81443,1.028160,1,0,95.0217,0,0,0,95.0217,0
29.5022,2.18528,0,0,3.28764,0.183732,0.36288,3.6288,54.4225,0.66528,0,0,1.23456,0.213279,0,0.66528,12.849,1,0.970021,0.36288,0,52.9962,4.32453,48.0645,0.84672,12.849,0.84672,3695.15,0,0,0,1.74691,2.37285,10.1716,1.11498,13.1764,0.42336,0,0.42336,460.49,0,1.02816,0,0,2.77507,1.74691,1.028160,1,0,61.2409,0,0,0,61.2409,0
31.6737,2.19818,0,0,4.9177,0.18512,0.36288,3.6288,55.8511,0.66528,0,0,2.30773,0.213782,0,0.66528,12.849,1,0.957369,0.36288,0,121.8,4.32453,116.881,0.84672,12.849,0.84672,3695.15,0,0,0,2.59025,2.37301,12.262,1.11498,16.1103,0.42336,0,0.42336,460.49,0,1.02816,0,0,3.61841,2.59025,1.028160,1,0,132.992,0,0,0,132.992,0
33.1046,2.24506,0,0,4.2222,0.183404,0.36288,3.6288,57.3447,0.66528,0,0,2.37817,0.21935,0,0.66528,12.849,1,0.910747,0.36288,0,119.331,3.79323,114.99,0.84672,12.849,0.84672,3695.15,0,0,0,4.16672,2.37317,13.1789,1.04933,18.6695,0.42336,0,0.42336,460.49,0,1.02816,0,0,5.19488,4.16672,1.028160,1,0,133.66,0,0,0,133.66,0
34.7422,2.2736,0,0,4.45794,0.183836,0.36288,3.6288,57.932,0.66528,0,0,1.47558,0.222929,0,0.66528,12.849,1,0.882459,0.36288,0,90.3787,3.58071,86.2784,0.84672,12.849,0.84672,3695.15,0,0,0,2.97696,2.37333,11.9738,1.02307,16.301,0.42336,0,0.42336,460.49,0,1.02816,0,0,4.00512,2.97696,1.028160,1,0,102.579,0,0,0,102.579,0
41.522,2.30396,0,0,9.63381,0.187111,0.36288,3.6288,58.7873,0.66528,0,0,1.75995,0.239432,0,0.66528,12.849,1,0.852094,0.36288,0,116.439,3.83901,112.11,0.84672,12.849,0.84672,3695.15,0,0,0,3.01137,2.37349,19.1399,1.04727,23.4775,0.42336,0,0.42336,460.49,0,1.02816,0,0,4.03953,3.01137,1.028160,1,0,135.588,0,0,0,135.588,0
48.0151,2.49314,0,0,9.55161,0.202526,0.36288,3.6288,59.5528,0.66528,0,0,1.67783,0.247051,0,0.66528,12.849,1,0.771502,0.36288,0,174.506,3.94233,170.155,0.84672,12.849,0.84672,3695.15,0,0,0,3.49091,2.37349,16.9333,1.05695,21.7407,0.42336,0,0.42336,460.49,0,1.02816,0,0,4.51907,3.49091,1.028160,1,0,191.896,0,0,0,191.896,0
50.7393,2.57562,0,0,5.88069,0.217967,0.36288,3.6288,60.2225,0.66528,0,0,1.58327,0.248265,0,0.66528,12.849,1,0.689245,0.36288,0,120.283,3.94233,116.015,0.84672,12.849,0.84672,3695.15,0,0,0,2.25073,2.44401,19.2196,1.05695,22.8574,0.42336,0,0.42336,460.49,0,1.02816,0,0,3.27889,2.25073,1.028160,1,0,138.872,0,0,0,138.872,0
56.9375,2.60533,0,0,9.39632,0.229933,0.36288,3.6288,61.308,0.66528,0,0,3.019,0.247556,1.02065,0.66528,12.849,1,0.659763,0.36288,0,189.33,3.96132,185.072,0.84672,12.849,0.84672,3695.15,0,0,0,3.68168,2.44416,24.4379,1.09006,29.4737,0.42336,0,0.42336,460.49,0,1.02816,0,0,4.70984,3.68168,1.028160,1,0,215.566,0,0,0,215.566,0
59.4742,2.66411,0,0,5.84152,0.277836,0.36288,3.6288,61.308,0.66528,0,0,1.52505,0.202101,0.657666,0.66528,12.849,1,0.601207,0.36288,0,173.37,3.54055,169.591,0.84672,12.849,0.84672,3695.15,0,0,0,2.0532,2.4443,10.7046,0.964941,14.2372,0.42336,0,0.42336,460.49,0,1.02816,0,0,3.08136,2.0532,1.028160,1,0,184.486,0,0,0,184.486,0
63.4438,2.97157,0,0,7.6134,0.309287,0.36288,3.6288,61.308,0.66528,0,0,1.7624,0.16181,0.935306,0.66528,12.849,1,0.641988,0.36288,0,174.976,3.1269,171.57,0.84672,12.849,0.84672,3695.15,0,0,0,3.05393,2.44445,14.4482,0.685884,19.2606,0.42336,0,0.42336,460.49,0,1.02816,0,0,4.08209,3.05393,1.028160,1,0,191.766,0,0,0,191.766,0
70.3689,3.00518,0,0,10.6009,0.307811,0.36288,3.6288,61.308,0.66528,0,0,2.99782,0.189473,2.14307,0.66528,12.849,1,0.608626,0.36288,0,202.15,3.7821,198.122,0.84672,12.849,0.84672,3695.15,0,0,0,5.34446,2.69781,25.9145,0.890863,33.0659,0.42336,0,0.42336,460.49,0,1.02816,0,0,6.37262,5.34446,1.028160,1,0,233.331,0,0,0,233.331,0
72.29,3.05604,0,0,8.38685,0.326962,3.08276,3.6288,61.308,0.66528,0,0,2.2022,0.155764,1.38115,0.66528,12.849,1,0.558017,3.08276,0,203.609,3.40005,202.733,0.84672,12.849,0.84672,3695.15,0,0,0,4.24858,2.69797,20.3611,0.690316,26.6174,0.42336,0,0.42336,460.49,0,1.02816,0,0,5.27674,4.24858,1.028160,1,0,230.732,0,0,0,230.732,0
72.29,3.06884,0,0,6.43713,0.332108,3.03618,3.6288,61.308,0.66528,0,0,1.6267,0.135135,0.826281,0.66528,12.849,1,0.545463,3.03618,0,117.261,3.19244,116.559,0.84672,12.849,0.84672,3695.15,0,0,0,2.90587,2.69813,12.1446,0.685829,17.0628,0.42336,0,0.42336,460.49,0,1.02816,0,0,3.93403,2.90587,1.028160,1,0,134.449,0,0,0,134.449,0
72.29,2.64748,0,0,4.31863,0.329949,1.34119,3.6288,61.308,0.66528,0,0,1.23196,0.102219,0.464461,0.66528,12.849,1,0.47057,1.34119,0,73.8245,2.94178,71.7533,0.84672,12.849,0.84672,3695.15,0,0,0,2.39364,2.69829,9.08202,0.792336,13.3816,0.42336,0,0.42336,460.49,0,1.02816,0,0,3.4218,2.39364,1.028160,1,0,85.5994,0,0,0,85.5994,0
72.29,2.64767,0,0,5.491,0.329949,2.51338,3.6288,61.308,0.66528,0,0,1.61491,0.102219,0.847412,0.66528,12.849,1,0.470603,2.51338,0,87.7807,2.94178,86.8817,0.84672,12.849,0.84672,3695.15,0,0,0,3.35821,2.35304,11.3659,0.792336,16.2848,0.42336,0,0.42336,460.49,0,1.02816,0,0,4.38637,3.35821,1.028160,1,0,104.014,0,0,0,104.014,0
72.29,2.64785,0,0,6.22941,0.316838,3.26472,3.6288,61.308,0.66528,0,0,2.35441,0.0989848,1.59014,0.66528,12.849,1,0.470636,3.26472,0,136.156,2.97677,135.973,0.84672,12.849,0.84672,3695.15,0,0,0,5.82761,2.35318,18.2409,0.799882,25.6218,0.42336,0,0.42336,460.49,0,1.02816,0,0,6.85577,5.82761,1.028160,1,0,163.185,0,0,0,163.185,0
72.29,2.64804,0,0,7.23788,0.31747,4.27238,3.6288,61.308,0.66528,0,0,2.36146,0.121693,1.57449,0.66528,12.849,1,0.470669,4.27238,0,189.618,3.79701,189.622,0.84672,12.849,0.84672,3695.15,0,0,0,5.81171,2.35332,23.7845,0.932833,31.0166,0.42336,0,0.42336,460.49,0,1.02816,0,0,6.83987,5.81171,1.028160,1,0,222.214,0,0,0,222.214,0
72.29,2.64822,0,0,5.46088,0.285837,2.52682,3.6288,61.308,0.66528,0,0,1.06034,0.147757,0.247307,0.66528,12.849,1,0.470701,2.52682,0,104.474,3.78813,102.742,0.84672,12.849,0.84672,3695.15,0,0,0,2.26566,2.35345,11.4052,0.993857,15.0305,0.42336,0,0.42336,460.49,0,1.02816,0,0,3.29382,2.26566,1.028160,1,0,118.02,0,0,0,118.02,0
72.29,3.01132,0,0,5.90002,0.28747,2.60123,3.6288,61.308,0.66528,0,0,1.85564,0.153653,1.03671,0.66528,12.849,1,0.535239,2.60123,0,102.527,3.71721,100.876,0.84672,12.849,0.84672,3695.15,0,0,0,3.67319,2.35359,11.7087,0.990543,16.7449,0.42336,0,0.42336,460.49,0,1.02816,0,0,4.70135,3.67319,1.028160,1,0,118.658,0,0,0,118.658,0
72.29,3.01151,0,0,4.98544,0.28747,1.68646,3.6288,61.308,0.66528,0,0,2.0286,0.153653,1.20967,0.66528,12.849,1,0.535273,1.68646,0,124.704,3.71721,122.138,0.84672,12.849,0.84672,3695.15,0,0,0,4.79051,2.26195,14.6753,0.990543,20.7372,0.42336,0,0.42336,460.49,0,1.02816,0,0,5.81867,4.79051,1.028160,1,0,144.085,0,0,0,144.085,0
72.2701,3.0117,0,0,3.63633,0.281688,0.36288,3.6288,61.308,0.66528,0,0,1.41125,0.137852,0.608117,0.66528,12.849,1,0.535307,0.36288,0,111.616,3.28554,108.158,0.84672,12.849,0.84672,3695.15,0,0,0,3.29208,2.2621,9.66686,0.930155,14.2909,0.42336,0,0.42336,460.49,0,1.02816,0,0,4.32024,3.29208,1.028160,1,0,123.057,0,0,0,123.057,0
72.29,2.75501,0,0,3.57733,0.244946,0.557427,3.6288,61.308,0.66528,0,0,1.02811,0.16289,0.199938,0.66528,12.849,1,0.489818,0.557427,0,90.3804,3.35584,87.0922,0.84672,12.849,0.84672,3695.15,0,0,0,2.36371,2.26224,9.10008,0.96149,12.7645,0.42336,0,0.42336,460.49,0,1.02816,0,0,3.39187,2.36371,1.028160,1,0,100.057,0,0,0,100.057,0
72.1195,2.97057,0,0,3.39128,0.228296,0.36288,3.6288,61.2595,0.66528,0,0,0.828066,0.211294,0,0.66528,12.849,1,0.527996,0.36288,0,76.0251,4.21795,71.642,0.84672,12.849,0.84672,3695.15,0,0,0,1.59055,2.43935,7.28698,1.09822,10.2187,0.42336,0,0.42336,460.49,0,1.02816,0,0,2.61871,1.59055,1.028160,1,0,81.8607,0,0,0,81.8607,0
71.7853,2.71303,0,0,2.96968,0.228001,0.36288,3.6288,61.1688,0.66528,0,0,0.785799,0.211229,0,0.66528,12.849,1,0.48336,0.36288,0,66.928,4.21795,62.5896,0.84672,12.849,0.84672,3695.15,0,0,0,1.2797,2.22937,6.79458,1.09822,9.20543,0.42336,0,0.42336,460.49,0,1.02816,0,0,2.30786,1.2797,1.028160,1,0,71.795,0,0,0,71.795,0
71.1532,2.71131,0,0,2.66946,0.227422,0.36288,3.6288,60.9886,0.66528,0,0,0.696254,0.211108,0,0.66528,12.849,1,0.485303,0.36288,0,57.8348,4.21795,53.4944,0.84672,12.849,0.84672,3695.15,0,0,0,1.02,2.40648,5.94544,1.09822,8.2737,0.42336,0,0.42336,460.49,0,1.02816,0,0,2.04816,1.02,1.028160,1,0,61.7681,0,0,0,61.7681,0
70.4602,2.70784,0,0,2.57233,0.19455,0.36288,3.6288,60.8108,0.66528,0,0,0.674024,0.186621,0,0.66528,12.849,1,0.488989,0.36288,0,57.231,3.69768,53.4072,0.84672,12.849,0.84672,3695.15,0,0,0,0.91336,2.40662,5.64034,0.947788,8.01253,0.42336,0,0.42336,460.49,0,1.02816,0,0,1.94152,0.91336,1.028160,1,0,61.4198,0,0,0,61.4198,0
70.0812,2.84436,0,0,2.98119,0.152996,0.36288,3.6288,60.6908,0.66528,0,0,0.784883,0.239584,0,0.66528,12.849,1,0.518693,0.36288,0,63.1098,4.70463,58.2494,0.84672,12.849,0.84672,3695.15,0,0,0,0.836317,2.40676,6.90716,1.09235,9.05789,0.42336,0,0.42336,460.49,0,1.02816,0,0,1.86448,0.836317,1.028160,1,0,67.3073,0,0,0,67.3073,0
69.6039,2.84219,0,0,2.88039,0.15255,0.36288,3.6288,60.5867,0.66528,0,0,0.800634,0.239401,0,0.66528,12.849,1,0.5211,0.36288,0,60.1719,4.70463,55.309,0.84672,12.849,0.84672,3695.15,0,0,0,1.03941,2.52312,6.60675,1.09235,9.07693,0.42336,0,0.42336,460.49,0,1.02816,0,0,2.06757,1.03941,1.028160,1,0,64.386,0,0,0,64.386,0
68.8693,2.83937,0,0,2.64374,0.176073,0.36288,3.6288,60.4393,0.66528,0,0,0.750505,0.232689,0,0.66528,12.849,1,0.524153,0.36288,0,56.5762,4.28156,52.1334,0.84672,12.849,0.84672,3695.15,0,0,0,0.947074,2.52327,6.02504,1.10867,8.38671,0.42336,0,0.42336,460.49,0,1.02816,0,0,1.97523,0.947074,1.028160,1,0,60.5201,0,0,0,60.5201,0
68.0467,2.83486,0,0,2.50563,0.130543,0.36288,3.6288,60.2724,0.66528,0,0,0.748872,0.250493,0,0.66528,12.849,1,0.528901,0.36288,0,52.7595,4.2726,48.3208,0.84672,12.849,0.84672,3695.15,0,0,0,0.980208,2.52342,5.92341,1.16281,8.26423,0.42336,0,0.42336,460.49,0,1.02816,0,0,2.00837,0.980208,1.028160,1,0,56.5851,0,0,0,56.5851,0
67.0533,2.82967,0,0,2.30819,0.108989,0.36288,3.6288,60.1065,0.66528,0,0,0.703719,0.204283,0,0.66528,12.849,1,0.534316,0.36288,0,45.4455,4.41726,40.8568,0.84672,12.849,0.84672,3695.15,0,0,0,0.557306,2.52357,4.57349,1.04994,6.60442,0.42336,0,0.42336,460.49,0,1.02816,0,0,1.58547,0.557306,1.028160,1,0,47.4613,0,0,0,47.4613,0
65.8841,2.79567,0,0,2.09757,0.108271,0.36288,3.6288,59.9149,0.66528,0,0,0.668693,0.195045,0,0.66528,12.849,1,0.535716,0.36288,0,43.5359,4.43068,38.9324,0.84672,12.849,0.84672,3695.15,0,0,0,0.433711,2.52372,4.14956,1.02796,6.07903,0.42336,0,0.42336,460.49,0,1.02816,0,0,1.46187,0.433711,1.028160,1,0,45.0114,0,0,0,45.0114,0
64.5404,2.7879,0,0,1.90986,0.102741,0.36288,3.6288,59.6763,0.66528,0,0,0.632391,0.20568,0,0.66528,12.849,1,0.543709,0.36288,0,38.3246,4.57183,33.572,0.84672,12.849,0.84672,3695.15,0,0,0,0.294088,2.5645,4.02748,1.07948,5.80659,0.42336,0,0.42336,460.49,0,1.02816,0,0,1.32225,0.294088,1.028160,1,0,39.3786,0,0,0,39.3786,0
63.1374,2.77866,0,0,1.81321,0.0747545,0.36288,3.6288,59.3329,0.66528,0,0,0.592383,0.270502,0,0.66528,12.849,1,0.553188,0.36288,0,34.5659,5.41873,28.9568,0.84672,12.849,0.84672,3695.15,0,0,0,0.312206,2.56465,3.8405,1.38861,5.32874,0.42336,0,0.42336,460.49,0,1.02816,0,0,1.34037,0.312206,1.028160,1,0,34.2856,0,0,0,34.2856,0
61.55,2.76863,0,0,1.61662,0.0724528,0.36288,3.6288,58.8667,0.711564,0,0,0.529682,0.284387,0,0.66528,12.849,1,0.563441,0.36288,0,31.3151,5.6139,25.5006,0.84672,12.849,0.84672,3695.15,0,0,0,0.261274,2.5648,3.53235,1.44108,4.91735,0.42336,0,0.42336,460.49,0,0.981876,0,0,1.24315,0.261274,1.028160,1,0,30.418,0,0,0,30.418,0
60.1063,2.82698,0,0,1.81574,0.0695987,0.36288,3.6288,58.5248,0.66528,0,0,0.626194,0.302784,0,0.66528,12.849,1,0.590152,0.36288,0,38.6351,5.87412,32.5338,0.84672,12.849,0.84672,3695.15,0,0,0,0.317287,2.56496,3.80144,1.51104,5.17264,0.42336,0,0.42336,460.49,0,1.02816,0,0,1.34545,0.317287,1.028160,1,0,37.7064,0,0,0,37.7064,0
58.5306,2.8155,0,0,1.67149,0.068752,0.36288,3.6288,58.0883,0.66528,0,0,0.530864,0.302119,0,0.66528,12.849,1,0.601873,0.36288,0,31.7343,5.87412,25.6212,0.84672,12.849,0.84672,3695.15,0,0,0,0.398874,2.62272,3.67565,1.51104,5.18619,0.42336,0,0.42336,460.49,0,1.02816,0,0,1.42703,0.398874,1.028160,1,0,30.8074,0,0,0,30.8074,0
56.8281,2.80241,0,0,1.5305,0.067717,0.36288,3.6288,57.5777,0.70098,0,0,0.491692,0.301271,0,0.66528,12.849,1,0.615201,0.36288,0,30.1632,5.87412,24.0368,0.84672,12.849,0.84672,3695.15,0,0,0,0.227405,2.62287,3.23084,1.51104,4.57008,0.42336,0,0.42336,460.49,0,0.99246,0,0,1.21986,0.227405,1.028160,1,0,28.6068,0,0,0,28.6068,0
55.2368,2.78757,0,0,1.61707,0.0579839,0.36288,3.6288,57.1715,0.66528,0,0,0.564449,0.305336,0,0.66528,12.849,1,0.630276,0.36288,0,29.5831,6.02367,23.292,0.84672,12.849,0.84672,3695.15,0,0,0,0.435681,2.62303,4.27397,1.54092,5.79176,0.42336,0,0.42336,460.49,0,1.02816,0,0,1.46384,0.435681,1.028160,1,0,29.0838,0,0,0,29.0838,0
53.3164,2.97461,0,0,1.47995,0.0628791,0.36288,3.6288,56.8347,0.66528,0,0,0.631227,0.302821,0,0.66528,12.849,1,0.691944,0.36288,0,33.845,5.55208,27.9638,0.84672,12.849,0.84672,3695.15,0,0,0,0.510944,2.62318,4.13804,1.44157,5.8306,0.42336,0,0.42336,460.49,0,1.02816,0,0,1.5391,0.510944,1.028160,1,0,33.7944,0,0,0,33.7944,0
51.264,2.95473,0,0,1.32688,0.0616692,0.36288,3.6288,56.4394,0.66528,0,0,0.572201,0.302159,0,0.66528,12.849,1,0.712076,0.36288,0,30.2139,5.55208,24.3126,0.84672,12.849,0.84672,3695.15,0,0,0,0.410996,2.8205,4.03523,1.44157,5.82516,0.42336,0,0.42336,460.49,0,1.02816,0,0,1.43916,0.410996,1.028160,1,0,30.1378,0,0,0,30.1378,0
49.4967,2.93214,0,0,1.58814,0.0603761,0.36288,3.6288,56.0875,0.66528,0,0,0.614702,0.301382,0,0.66528,12.849,1,0.734922,0.36288,0,31.2695,5.55208,25.3453,0.84672,12.849,0.84672,3695.15,0,0,0,0.534816,2.82066,4.42614,1.44157,6.34006,0.42336,0,0.42336,460.49,0,1.02816,0,0,1.56298,0.534816,1.028160,1,0,31.6854,0,0,0,31.6854,0
48.8579,2.9115,0,0,2.71556,0.0800144,0.36288,3.6288,55.9162,0.66528,0,0,0.789523,0.295504,0,0.66528,12.849,1,0.755806,0.36288,0,51.9666,5.40366,46.17,0.84672,12.849,0.84672,3695.15,0,0,0,0.7924,2.82083,4.8994,1.42336,7.08927,0.42336,0,0.42336,460.49,0,1.02816,0,0,1.82056,0.7924,1.028160,1,0,53.2593,0,0,0,53.2593,0
48.5071,2.90388,0,0,3.01597,0.100013,0.36288,3.6288,55.8641,0.66528,0,0,0.883509,0.270336,0,0.66528,12.849,1,0.763683,0.36288,0,40.8447,4.75939,35.6845,0.84672,12.849,0.84672,3695.15,0,0,0,1.34127,2.821,4.53251,1.1507,7.54408,0.42336,0,0.42336,460.49,0,1.02816,0,0,2.36943,1.34127,1.028160,1,0,43.2285,0,0,0,43.2285,0
47.9526,2.80394,0,0,2.72242,0.110096,0.36288,3.6288,55.5549,0.66528,0,0,0.619786,0.263667,0,0.66528,12.849,1,0.742734,0.36288,0,48.2665,4.4185,43.4681,0.84672,12.849,0.84672,3695.15,0,0,0,0.879034,2.82117,7.02486,1.046,9.67906,0.42336,0,0.42336,460.49,0,1.02816,0,0,1.90719,0.879034,1.028160,1,0,53.1472,0,0,0,53.1472,0
47.2258,2.79736,0,0,2.54286,0.109434,0.36288,3.6288,55.322,0.66528,0,0,0.695447,0.263133,0,0.66528,12.849,1,0.74956,0.36288,0,48.8649,4.4185,44.0597,0.84672,12.849,0.84672,3695.15,0,0,0,1.105,2.7072,4.59524,1.046,7.36144,0.42336,0,0.42336,460.49,0,1.02816,0,0,2.13316,1.105,1.028160,1,0,51.4212,0,0,0,51.4212,0
46.1594,2.78849,0,0,2.19358,0.108566,0.36288,3.6288,55.0364,0.66528,0,0,0.642418,0.262731,0,0.66528,12.849,1,0.75868,0.36288,0,37.4255,4.4185,32.6112,0.84672,12.849,0.84672,3695.15,0,0,0,0.86184,2.70736,5.38858,1.046,7.91178,0.42336,0,0.42336,460.49,0,1.02816,0,0,1.89,0.86184,1.028160,1,0,40.523,0,0,0,40.523,0
46.5858,2.77497,0,0,3.7408,0.176591,0.36288,3.6288,55.0355,0.66528,0,0,0.854626,0.190199,0,0.66528,12.849,1,0.772444,0.36288,0,63.6862,3.88487,59.3918,0.84672,12.849,0.84672,3695.15,0,0,0,0.951903,2.70752,8.26566,0.848843,11.0762,0.42336,0,0.42336,460.49,0,1.02816,0,0,1.98006,0.951903,1.028160,1,0,70.468,0,0,0,70.468,0
45.3393,2.70275,0,0,2.00323,0.184083,0.36288,3.6288,54.8041,0.66528,0,0,0.669054,0.235217,0,0.66528,12.849,1,0.745455,0.36288,0,47.5544,5.10268,42.0691,0.84672,12.849,0.84672,3695.15,0,0,0,0.677385,2.70768,4.41621,1.15009,6.6512,0.42336,0,0.42336,460.49,0,1.02816,0,0,1.70554,0.677385,1.028160,1,0,48.7203,0,0,0,48.7203,0
44.0969,2.68696,0,0,1.98895,0.18154,0.36288,3.6288,54.6092,0.66528,0,0,0.705265,0.234859,0,0.66528,12.849,1,0.761476,0.36288,0,29.4376,5.10268,23.9363,0.84672,12.849,0.84672,3695.15,0,0,0,0.827919,2.60596,4.35563,1.15009,6.63942,0.42336,0,0.42336,460.49,0,1.02816,0,0,1.85608,0.827919,1.028160,1,0,30.5757,0,0,0,30.5757,0
48.7241,2.67053,0,0,7.82009,0.159477,0.36288,3.6288,54.8705,0.66528,0,0,1.14335,0.216774,0,0.66528,12.849,1,0.778143,0.36288,0,73.9284,4.67445,68.8387,0.84672,12.849,0.84672,3695.15,0,0,0,1.79245,2.60611,11.6544,1.17859,14.8744,0.42336,0,0.42336,460.49,0,1.02816,0,0,2.82061,1.79245,1.028160,1,0,83.7131,0,0,0,83.7131,0
51.3363,2.7292,0,0,5.89854,0.194186,0.36288,3.6288,55.2548,0.66528,0,0,1.22652,0.176933,0,0.66528,12.849,1,0.719716,0.36288,0,87.3003,3.78504,83.1584,0.84672,12.849,0.84672,3695.15,0,0,0,1.86762,2.60626,12.206,0.973969,15.7059,0.42336,0,0.42336,460.49,0,1.02816,0,0,2.89578,1.86762,1.028160,1,0,98.8643,0,0,0,98.8643,0
55.8641,2.53271,0,0,7.64692,0.223553,0.36288,3.6288,57.0215,0.66528,0,0,2.59875,0.166732,0,0.66528,12.849,1,0.633912,0.36288,0,135.395,3.99618,131.128,0.84672,12.849,0.84672,3695.15,0,0,0,3.31021,2.60642,18.4025,1.0121,23.307,0.42336,0,0.42336,460.49,0,1.02816,0,0,4.33837,3.31021,1.028160,1,0,154.435,0,0,0,154.435,0
60.2751,2.57466,0,0,7.5929,0.24434,0.36288,3.6288,58.594,0.66528,0,0,2.39911,0.161422,0,0.66528,12.849,1,0.592183,0.36288,0,117.301,4.13312,112.939,0.84672,12.849,0.84672,3695.15,0,0,0,3.14973,2.3802,14.4103,1.01013,18.9301,0.42336,0,0.42336,460.49,0,1.02816,0,0,4.17789,3.14973,1.028160,1,0,131.869,0,0,0,131.869,0
63.9265,2.61056,0,0,6.87986,0.255071,0.36288,3.6288,60.3636,0.66528,0,0,2.598,0.163071,0,0.66528,12.849,1,0.556499,0.36288,0,127.873,4.13312,123.546,0.84672,12.849,0.84672,3695.15,0,0,0,3.38699,2.38034,13.7886,1.01013,18.5458,0.42336,0,0.42336,460.49,0,1.02816,0,0,4.41515,3.38699,1.028160,1,0,142.092,0,0,0,142.092,0
67.9825,2.63721,0,0,7.31899,0.262858,0.36288,3.6288,61.308,0.66528,0,0,3.05618,0.164927,1.28157,0.66528,12.849,1,0.53007,0.36288,0,136.614,4.13312,132.314,0.84672,12.849,0.84672,3695.15,0,0,0,4.05816,2.38048,17.0014,1.01013,22.4299,0.42336,0,0.42336,460.49,0,1.02816,0,0,5.08632,4.05816,1.028160,1,0,156.025,0,0,0,156.025,0
70.8745,2.66399,0,0,6.18731,0.268477,0.36288,3.6288,61.308,0.66528,0,0,2.34795,0.205621,1.47704,0.66528,12.849,1,0.503506,0.36288,0,140.541,4.54547,135.855,0.84672,12.849,0.84672,3695.15,0,0,0,3.863,2.38062,15.4232,1.15957,20.5072,0.42336,0,0.42336,460.49,0,1.02816,0,0,4.89116,3.863,1.028160,1,0,157.839,0,0,0,157.839,0
72.29,2.77358,0,0,6.0496,0.269961,1.59054,3.6288,61.308,0.66528,0,0,2.25998,0.207277,1.38743,0.66528,12.849,1,0.502829,1.59054,0,123.222,4.43321,119.876,0.84672,12.849,0.84672,3695.15,0,0,0,3.96008,2.38076,14.67,1.10539,19.9055,0.42336,0,0.42336,460.49,0,1.02816,0,0,4.98824,3.96008,1.028160,1,0,141.169,0,0,0,141.169,0
72.29,2.78211,0,0,5.33567,0.27957,2.27399,3.6288,61.308,0.66528,0,0,1.48637,0.205492,0.615602,0.66528,12.849,1,0.494499,2.27399,0,100.312,4.45219,97.6394,0.84672,12.849,0.84672,3695.15,0,0,0,2.86383,2.45149,13.6467,1.1385,17.8235,0.42336,0,0.42336,460.49,0,1.02816,0,0,3.89199,2.86383,1.028160,1,0,116.079,0,0,0,116.079,0
72.29,2.78227,0,0,6.06153,0.319641,2.95962,3.6288,61.308,0.66528,0,0,1.65872,0.194781,0.798663,0.66528,12.849,1,0.494528,2.95962,0,133.374,4.56614,131.273,0.84672,12.849,0.84672,3695.15,0,0,0,3.05904,2.45162,15.1046,1.33718,19.2781,0.42336,0,0.42336,460.49,0,1.02816,0,0,4.0872,3.05904,1.028160,1,0,151.35,0,0,0,151.35,0
72.29,2.78244,0,0,4.59115,0.321199,1.48751,3.6288,61.308,0.66528,0,0,1.65551,0.190861,0.799369,0.66528,12.849,1,0.494558,1.48751,0,87.8697,4.6312,84.2314,0.84672,12.849,0.84672,3695.15,0,0,0,2.51527,2.45174,9.98361,1.3124,13.6382,0.42336,0,0.42336,460.49,0,1.02816,0,0,3.54343,2.51527,1.028160,1,0,98.669,0,0,0,98.669,0
72.29,3.07906,0,0,4.22944,0.330546,0.819839,3.6288,61.308,0.66528,0,0,1.48836,0.167342,0.655739,0.66528,12.849,1,0.547279,0.819839,0,94.2598,5.02162,89.5107,0.84672,12.849,0.84672,3695.15,0,0,0,1.8981,2.45187,9.60224,1.16375,12.7884,0.42336,0,0.42336,460.49,0,1.02816,0,0,2.92626,1.8981,1.028160,1,0,102.955,0,0,0,102.955,0
72.29,3.07924,0,0,4.73342,0.330546,1.32364,3.6288,61.308,0.66528,0,0,1.62078,0.167342,0.788155,0.66528,12.849,1,0.547312,1.32364,0,106.987,5.02162,102.741,0.84672,12.849,0.84672,3695.15,0,0,0,2.3377,2.70604,10.6273,1.16375,14.5073,0.42336,0,0.42336,460.49,0,1.02816,0,0,3.36586,2.3377,1.028160,1,0,118.037,0,0,0,118.037,0
72.29,3.07942,0,0,4.82318,0.330546,1.41322,3.6288,61.308,0.66528,0,0,1.51369,0.167342,0.681071,0.66528,12.849,1,0.547344,1.41322,0,109.196,5.02162,105.04,0.84672,12.849,0.84672,3695.15,0,0,0,1.90001,2.70618,10.4548,1.16375,13.8973,0.42336,0,0.42336,460.49,0,1.02816,0,0,2.92817,1.90001,1.028160,1,0,119.618,0,0,0,119.618,0
72.29,3.0796,0,0,4.93309,0.30185,1.55163,3.6288,61.308,0.66528,0,0,1.65492,0.168639,0.821004,0.66528,12.849,1,0.547376,1.55163,0,109.895,4.57227,106.327,0.84672,12.849,0.84672,3695.15,0,0,0,2.80833,2.70632,11.238,1.00512,15.7476,0.42336,0,0.42336,460.49,0,1.02816,0,0,3.83649,2.80833,1.028160,1,0,122.895,0,0,0,122.895,0
72.29,2.65686,0,0,5.19766,0.306506,2.2343,3.6288,61.308,0.66528,0,0,1.65675,0.191717,0.799749,0.66528,12.849,1,0.472236,2.2343,0,99.6477,4.60908,96.8007,0.84672,12.849,0.84672,3695.15,0,0,0,2.43292,2.70646,9.33466,1.02762,13.4464,0.42336,0,0.42336,460.49,0,1.02816,0,0,3.46108,2.43292,1.028160,1,0,111.047,0,0,0,111.047,0
72.29,2.65702,0,0,5.25372,0.3061,2.29061,3.6288,61.308,0.66528,0,0,1.79745,0.144697,0.987471,0.66528,12.849,1,0.472265,2.29061,0,100.716,4.21407,98.3199,0.84672,12.849,0.84672,3695.15,0,0,0,2.90579,2.36006,10.168,0.837004,14.5968,0.42336,0,0.42336,460.49,0,1.02816,0,0,3.93395,2.90579,1.028160,1,0,113.904,0,0,0,113.904,0
72.29,2.65718,0,0,5.3426,0.3061,2.37933,3.6288,61.308,0.66528,0,0,1.51333,0.144697,0.703353,0.66528,12.849,1,0.472293,2.37933,0,102.774,4.21407,100.467,0.84672,12.849,0.84672,3695.15,0,0,0,2.04794,2.36018,8.98301,0.837004,12.5541,0.42336,0,0.42336,460.49,0,1.02816,0,0,3.0761,2.04794,1.028160,1,0,113.724,0,0,0,113.724,0
72.29,2.65734,0,0,5.02248,0.3061,2.05905,3.6288,61.308,0.66528,0,0,1.49365,0.144697,0.683671,0.66528,12.849,1,0.472321,2.05905,0,95.9455,4.21407,93.3181,0.84672,12.849,0.84672,3695.15,0,0,0,1.88929,2.3603,8.49908,0.837004,11.9117,0.42336,0,0.42336,460.49,0,1.02816,0,0,2.91745,1.88929,1.028160,1,0,105.913,0,0,0,105.913,0
72.29,2.65749,0,0,4.63984,0.313891,1.66845,3.6288,61.308,0.66528,0,0,1.49914,0.149713,0.684142,0.66528,12.849,1,0.472349,1.66845,0,102.981,3.49614,100.681,0.84672,12.849,0.84672,3695.15,0,0,0,2.62418,2.36042,10.9668,0.724523,15.2269,0.42336,0,0.42336,460.49,0,1.02816,0,0,3.65234,2.62418,1.028160,1,0,116.592,0,0,0,116.592,0
72.29,2.76414,0,0,5.76816,0.313657,2.69036,3.6288,61.308,0.66528,0,0,2.43116,0.147241,1.61864,0.66528,12.849,1,0.491305,2.69036,0,126.896,3.33847,125.756,0.84672,12.849,0.84672,3695.15,0,0,0,3.46919,2.36054,12.8204,0.679743,17.9704,0.42336,0,0.42336,460.49,0,1.02816,0,0,4.49735,3.46919,1.028160,1,0,145.345,0,0,0,145.345,0
72.29,3.02107,0,0,4.06731,0.313657,0.732583,3.6288,61.308,0.66528,0,0,1.24716,0.147241,0.434637,0.66528,12.849,1,0.536972,0.732583,0,86.8199,3.33847,83.677,0.84672,12.849,0.84672,3695.15,0,0,0,1.90223,2.44612,9.91881,0.679743,13.5874,0.42336,0,0.42336,460.49,0,1.02816,0,0,2.93039,1.90223,1.028160,1,0,97.6991,0,0,0,97.6991,0
72.2728,3.02123,0,0,3.67168,0.304729,0.36288,3.6288,61.308,0.66528,0,0,1.36637,0.151999,0.549094,0.66528,12.849,1,0.537001,0.36288,0,94.6002,3.39664,91.0295,0.84672,12.849,0.84672,3695.15,0,0,0,1.99166,2.26928,10.3788,0.691193,13.9485,0.42336,0,0.42336,460.49,0,1.02816,0,0,3.01982,1.99166,1.028160,1,0,105.527,0,0,0,105.527,0
72.29,2.76453,0,0,3.65088,0.247536,0.621653,3.6288,61.308,0.66528,0,0,1.35338,0.192486,0.495613,0.66528,12.849,1,0.491492,0.621653,0,76.369,3.82986,72.6693,0.84672,12.849,0.84672,3695.15,0,0,0,2.05758,2.2694,9.25759,0.81885,12.7657,0.42336,0,0.42336,460.49,0,1.02816,0,0,3.08574,2.05758,1.028160,1,0,85.9306,0,0,0,85.9306,0
71.7811,2.97992,0,0,3.07668,0.242778,0.36288,3.6288,61.308,0.66528,0,0,1.07922,0.208407,0.205536,0.66528,12.849,1,0.529658,0.36288,0,55.1604,3.94212,51.0515,0.84672,12.849,0.84672,3695.15,0,0,0,1.7516,2.44649,6.19544,0.897458,9.49607,0.42336,0,0.42336,460.49,0,1.02816,0,0,2.77976,1.7516,1.028160,1,0,60.7531,0,0,0,60.7531,0
71.1534,2.72041,0,0,2.69741,0.24184,0.36288,3.6288,61.308,0.66528,0,0,1.01765,0.208407,0.143967,0.66528,12.849,1,0.48696,0.36288,0,50.3661,3.94212,46.2999,0.84672,12.849,0.84672,3695.15,0,0,0,1.4152,2.23639,5.77025,0.897458,8.52438,0.42336,0,0.42336,460.49,0,1.02816,0,0,2.44336,1.4152,1.028160,1,0,54.9682,0,0,0,54.9682,0
70.7586,2.71693,0,0,2.9257,0.240684,0.36288,3.6288,61.308,0.66528,0,0,0.976493,0.208407,0.102806,0.66528,12.849,1,0.490628,0.36288,0,54.2952,3.94212,50.2254,0.84672,12.849,0.84672,3695.15,0,0,0,0.956629,2.41347,6.31519,0.897458,8.78784,0.42336,0,0.42336,460.49,0,1.02816,0,0,1.98479,0.956629,1.028160,1,0,59.116,0,0,0,59.116,0
70.2167,2.71477,0,0,2.71089,0.175115,0.36288,3.6288,61.308,0.66528,0,0,0.944603,0.238699,0.0406238,0.66528,12.849,1,0.492974,0.36288,0,49.5282,4.33617,45.0619,0.84672,12.849,0.84672,3695.15,0,0,0,1.21075,2.4136,5.894,0.983005,8.53534,0.42336,0,0.42336,460.49,0,1.02816,0,0,2.23891,1.21075,1.028160,1,0,53.6379,0,0,0,53.6379,0
69.6838,2.85248,0,0,2.8302,0.147753,0.36288,3.6288,61.308,0.66528,0,0,0.918544,0.179045,0.074219,0.66528,12.849,1,0.521978,0.36288,0,48.5027,4.07001,44.2736,0.84672,12.849,0.84672,3695.15,0,0,0,1.03623,2.41372,5.54196,0.910662,8.08125,0.42336,0,0.42336,460.49,0,1.02816,0,0,2.06439,1.03623,1.028160,1,0,52.4291,0,0,0,52.4291,0
68.7679,2.84928,0,0,2.44339,0.147146,0.36288,3.6288,61.2739,0.66528,0,0,0.810225,0.179045,0,0.66528,12.849,1,0.525379,0.36288,0,44.5716,4.07001,40.3391,0.84672,12.849,0.84672,3695.15,0,0,0,0.893307,2.53042,5.24168,0.910662,7.75474,0.42336,0,0.42336,460.49,0,1.02816,0,0,1.92147,0.893307,1.028160,1,0,48.0938,0,0,0,48.0938,0
67.6158,2.84355,0,0,2.2005,0.146103,0.36288,3.6288,61.1193,0.66528,0,0,0.689662,0.179007,0,0.66528,12.849,1,0.531307,0.36288,0,41.7479,4.07001,37.5094,0.84672,12.849,0.84672,3695.15,0,0,0,0.699166,2.53055,5.07707,0.910662,7.39612,0.42336,0,0.42336,460.49,0,1.02816,0,0,1.72733,0.699166,1.028160,1,0,44.9056,0,0,0,44.9056,0
66.3155,2.83612,0,0,2.02516,0.126464,0.36288,3.6288,60.9401,0.66528,0,0,0.684625,0.198564,0,0.66528,12.849,1,0.538946,0.36288,0,39.0415,4.46127,34.4041,0.84672,12.849,0.84672,3695.15,0,0,0,0.74666,2.53067,5.00316,1.01743,7.26306,0.42336,0,0.42336,460.49,0,1.02816,0,0,1.77482,0.74666,1.028160,1,0,41.6672,0,0,0,41.6672,0
65.1498,2.82743,0,0,2.16367,0.139058,0.36288,3.6288,60.7299,0.66528,0,0,0.683986,0.228824,0,0.66528,12.849,1,0.54783,0.36288,0,36.6841,4.96115,31.538,0.84672,12.849,0.84672,3695.15,0,0,0,0.658472,2.5308,4.18253,1.17593,6.19587,0.42336,0,0.42336,460.49,0,1.02816,0,0,1.68663,0.658472,1.028160,1,0,37.7339,0,0,0,37.7339,0
64.02,2.7919,0,0,2.1148,0.0898203,0.36288,3.6288,60.5258,0.66528,0,0,0.719055,0.257952,0,0.66528,12.849,1,0.550625,0.36288,0,33.6764,5.22322,28.2654,0.84672,12.849,0.84672,3695.15,0,0,0,0.673263,2.53093,4.01306,1.26061,5.95664,0.42336,0,0.42336,460.49,0,1.02816,0,0,1.70142,0.673263,1.028160,1,0,34.2221,0,0,0,34.2221,0
62.7455,2.78397,0,0,1.96132,0.0890686,0.36288,3.6288,60.3123,0.66528,0,0,0.709439,0.257617,0,0.66528,12.849,1,0.558751,0.36288,0,30.8856,5.22322,25.4665,0.84672,12.849,0.84672,3695.15,0,0,0,0.663258,2.57182,3.66117,1.26061,5.63564,0.42336,0,0.42336,460.49,0,1.02816,0,0,1.69142,0.663258,1.028160,1,0,31.1021,0,0,0,31.1021,0
61.3538,2.77471,0,0,1.83407,0.0880878,0.36288,3.6288,60.1056,0.66528,0,0,0.71585,0.257268,0,0.66528,12.849,1,0.568206,0.36288,0,28.8084,5.22322,23.3799,0.84672,12.849,0.84672,3695.15,0,0,0,0.724818,2.57195,3.5875,1.26061,5.62366,0.42336,0,0.42336,460.49,0,1.02816,0,0,1.75298,0.724818,1.028160,1,0,29.0035,0,0,0,29.0035,0
59.9383,2.76422,0,0,1.79467,0.0831101,0.36288,3.6288,59.8334,0.66528,0,0,0.690621,0.297521,0,0.66528,12.849,1,0.578896,0.36288,0,28.0133,5.69814,22.0991,0.84672,12.849,0.84672,3695.15,0,0,0,0.678352,2.57208,3.47418,1.37502,5.3496,0.42336,0,0.42336,460.49,0,1.02816,0,0,1.70651,0.678352,1.028160,1,0,27.4487,0,0,0,27.4487,0
58.4179,2.82319,0,0,1.74629,0.0806537,0.36288,3.6288,59.5323,0.66528,0,0,0.691157,0.326986,0,0.66528,12.849,1,0.605209,0.36288,0,29.668,5.97901,23.4467,0.84672,12.849,0.84672,3695.15,0,0,0,0.640656,2.57221,3.25148,1.44355,5.0208,0.42336,0,0.42336,460.49,0,1.02816,0,0,1.66882,0.640656,1.028160,1,0,28.4675,0,0,0,28.4675,0
56.7535,2.81045,0,0,1.58842,0.0794803,0.36288,3.6288,59.1899,0.66528,0,0,0.649218,0.326358,0,0.66528,12.849,1,0.618158,0.36288,0,27.2806,5.97901,21.0463,0.84672,12.849,0.84672,3695.15,0,0,0,0.379503,2.63013,2.9758,1.44355,4.54188,0.42336,0,0.42336,460.49,0,1.02816,0,0,1.40766,0.379503,1.028160,1,0,25.5882,0,0,0,25.5882,0
55.3225,2.79583,0,0,1.79712,0.0693841,0.36288,3.6288,58.9944,0.66528,0,0,0.789307,0.319535,0,0.66528,12.849,1,0.632977,0.36288,0,28.0547,6.12051,21.6641,0.84672,12.849,0.84672,3695.15,0,0,0,0.875794,2.63026,4.36269,1.48043,6.38831,0.42336,0,0.42336,460.49,0,1.02816,0,0,1.90395,0.875794,1.028160,1,0,28.0524,0,0,0,28.0524,0
53.8519,2.78271,0,0,1.73653,0.0615392,0.36288,3.6288,58.7616,0.66528,0,0,0.727402,0.294952,0,0.66528,12.849,1,0.646302,0.36288,0,28.4248,6.21253,21.9289,0.84672,12.849,0.84672,3695.15,0,0,0,0.805637,2.63039,3.60302,1.52033,5.51871,0.42336,0,0.42336,460.49,0,1.02816,0,0,1.8338,0.805637,1.028160,1,0,27.4476,0,0,0,27.4476,0
52.1079,2.96984,0,0,1.66587,0.0771602,0.36288,3.6288,58.6498,0.66528,0,0,0.832473,0.27896,0,0.66528,12.849,1,0.708599,0.36288,0,23.7784,5.86252,17.5702,0.84672,12.849,0.84672,3695.15,0,0,0,0.978791,2.63053,3.35903,1.36842,5.59993,0.42336,0,0.42336,460.49,0,1.02816,0,0,2.00695,0.978791,1.028160,1,0,23.1701,0,0,0,23.1701,0
50.0695,2.95098,0,0,1.35395,0.0784985,0.36288,3.6288,58.4078,0.66528,0,0,0.69946,0.276169,0,0.66528,12.849,1,0.727667,0.36288,0,22.4097,5.80419,16.2408,0.84672,12.849,0.84672,3695.15,0,0,0,0.586578,2.82841,2.92639,1.3431,4.99828,0.42336,0,0.42336,460.49,0,1.02816,0,0,1.61474,0.586578,1.028160,1,0,21.239,0,0,0,21.239,0
48.3348,2.92758,0,0,1.63264,0.0768434,0.36288,3.6288,58.1833,0.66528,0,0,0.716515,0.27574,0,0.66528,12.849,1,0.751286,0.36288,0,22.2966,5.80419,16.104,0.84672,12.849,0.84672,3695.15,0,0,0,0.714329,2.82855,4.22288,1.3431,6.42266,0.42336,0,0.42336,460.49,0,1.02816,0,0,1.74249,0.714329,1.028160,1,0,22.5267,0,0,0,22.5267,0
46.4233,2.90645,0,0,1.43322,0.0754255,0.36288,3.6288,57.9609,0.66528,0,0,0.718269,0.275341,0,0.66528,12.849,1,0.772632,0.36288,0,21.0393,5.80419,14.8253,0.84672,12.849,0.84672,3695.15,0,0,0,0.658264,2.8287,3.1043,1.3431,5.24816,0.42336,0,0.42336,460.49,0,1.02816,0,0,1.68642,0.658264,1.028160,1,0,20.0735,0,0,0,20.0735,0
44.7012,2.88171,0,0,1.61407,0.0915573,0.36288,3.6288,58.1248,0.66528,0,0,1.07933,0.250175,0,0.66528,12.849,1,0.797597,0.36288,0,24.6747,5.76969,18.4703,0.84672,12.849,0.84672,3695.15,0,0,0,1.30382,2.82884,6.57235,1.26541,9.4396,0.42336,0,0.42336,460.49,0,1.02816,0,0,2.33198,1.30382,1.028160,1,0,27.9099,0,0,0,27.9099,0
43.4945,2.76364,0,0,2.01582,0.0960348,0.36288,3.6288,58.2593,0.66528,0,0,1.03149,0.231703,0,0.66528,12.849,1,0.794386,0.36288,0,31.92,5.70497,25.7835,0.84672,12.849,0.84672,3695.15,0,0,0,1.02944,2.82899,7.72699,1.21475,10.3707,0.42336,0,0.42336,460.49,0,1.02816,0,0,2.0576,1.02944,1.028160,1,0,36.1542,0,0,0,36.1542,0
44.0424,2.74679,0,0,3.75233,0.094723,0.36288,3.6288,59.0082,0.66528,0,0,1.64604,0.231904,0,0.66528,12.849,1,0.811448,0.36288,0,36.866,5.70497,30.7125,0.84672,12.849,0.84672,3695.15,0,0,0,1.4696,2.71466,6.50127,1.21475,9.47079,0.42336,0,0.42336,460.49,0,1.02816,0,0,2.49776,1.4696,1.028160,1,0,40.1833,0,0,0,40.1833,0
42.6316,2.75477,0,0,1.8022,0.0953187,0.36288,3.6288,59.1444,0.66528,0,0,1.03454,0.233024,0,0.66528,12.849,1,0.80368,0.36288,0,33.8113,5.70497,27.6656,0.84672,12.849,0.84672,3695.15,0,0,0,0.981374,2.7148,5.61052,1.21475,8.09195,0.42336,0,0.42336,460.49,0,1.02816,0,0,2.00953,0.981374,1.028160,1,0,35.7575,0,0,0,35.7575,0
42.1469,2.73449,0,0,2.73663,0.123999,0.36288,3.6288,59.5512,0.66528,0,0,1.2987,0.226597,0,0.66528,12.849,1,0.824165,0.36288,0,43.7178,5.29301,37.9635,0.84672,12.849,0.84672,3695.15,0,0,0,1.36878,2.71494,8.98763,1.17607,11.8953,0.42336,0,0.42336,460.49,0,1.02816,0,0,2.39694,1.36878,1.028160,1,0,49.8588,0,0,0,49.8588,0
43.0476,2.65095,0,0,4.07921,0.164659,0.36288,3.6288,60.2964,0.66528,0,0,1.6157,0.205298,0,0.66528,12.849,1,0.808174,0.36288,0,83.7095,4.0845,79.1797,0.84672,12.849,0.84672,3695.15,0,0,0,1.86415,2.71508,11.2403,1.13408,14.6854,0.42336,0,0.42336,460.49,0,1.02816,0,0,2.89231,1.86415,1.028160,1,0,93.8651,0,0,0,93.8651,0
43.7809,2.66413,0,0,3.92668,0.166387,0.36288,3.6288,60.6879,0.66528,0,0,1.26311,0.206276,0,0.66528,12.849,1,0.795199,0.36288,0,80.3969,4.0845,75.8801,0.84672,12.849,0.84672,3695.15,0,0,0,1.68093,2.61303,16.1043,1.13408,19.2641,0.42336,0,0.42336,460.49,0,1.02816,0,0,2.70909,1.68093,1.028160,1,0,95.1443,0,0,0,95.1443,0
44.2419,2.67459,0,0,3.66623,0.167795,0.36288,3.6288,61.308,0.66528,0,0,2.4623,0.20679,0.970143,0.66528,12.849,1,0.784948,0.36288,0,95.8582,4.0845,91.3516,0.84672,12.849,0.84672,3695.15,0,0,0,2.67137,2.61316,15.2049,1.13408,19.3554,0.42336,0,0.42336,460.49,0,1.02816,0,0,3.69953,2.67137,1.028160,1,0,111.677,0,0,0,111.677,0
44.8619,2.68108,0,0,3.84071,0.176692,0.36288,3.6288,61.308,0.66528,0,0,1.87164,0.210678,0.995682,0.66528,12.849,1,0.778657,0.36288,0,76.4217,3.84756,72.1583,0.84672,12.849,0.84672,3695.15,0,0,0,2.39282,2.6133,19.6614,1.08369,23.5838,0.42336,0,0.42336,460.49,0,1.02816,0,0,3.42098,2.39282,1.028160,1,0,96.7378,0,0,0,96.7378,0
48.5732,2.46935,0,0,6.7262,0.182716,0.36288,3.6288,61.308,0.66528,0,0,5.40874,0.174172,4.56928,0.66528,12.849,1,0.707251,0.36288,0,129.065,3.7143,125.007,0.84672,12.849,0.84672,3695.15,0,0,0,3.80229,2.61343,19.1998,0.870664,24.7449,0.42336,0,0.42336,460.49,0,1.02816,0,0,4.83045,3.80229,1.028160,1,0,154.321,0,0,0,154.321,0
51.6836,2.51223,0,0,6.17325,0.187705,0.36288,3.6288,61.308,0.66528,0,0,2.79575,0.166807,1.96366,0.66528,12.849,1,0.664557,0.36288,0,138.469,3.79081,134.376,0.84672,12.849,0.84672,3695.15,0,0,0,2.76223,2.38654,18.6248,0.856159,22.9174,0.42336,0,0.42336,460.49,0,1.02816,0,0,3.79039,2.76223,1.028160,1,0,159.258,0,0,0,159.258,0
53.604,2.54441,0,0,5.02171,0.193992,0.36288,3.6288,61.308,0.66528,0,0,2.40952,0.166807,1.57744,0.66528,12.849,1,0.632563,0.36288,0,122.858,3.79081,118.798,0.84672,12.849,0.84672,3695.15,0,0,0,3.02654,2.38666,18.0485,0.856159,22.6056,0.42336,0,0.42336,460.49,0,1.02816,0,0,4.0547,3.02654,1.028160,1,0,142.981,0,0,0,142.981,0
55.3581,2.56285,0,0,4.90952,0.229744,0.36288,3.6288,61.308,0.66528,0,0,3.95985,0.203625,3.09094,0.66528,12.849,1,0.614319,0.36288,0,142.728,4.14338,138.334,0.84672,12.849,0.84672,3695.15,0,0,0,3.9361,2.38678,20.9403,0.973301,26.2898,0.42336,0,0.42336,460.49,0,1.02816,0,0,4.96426,3.9361,1.028160,1,0,167.714,0,0,0,167.714,0
61.3182,2.5788,0,0,9.16125,0.259508,0.36288,3.6288,61.308,0.66528,0,0,6.09127,0.223327,5.20266,0.66528,12.849,1,0.598557,0.36288,0,189.448,4.31447,184.898,0.84672,12.849,0.84672,3695.15,0,0,0,3.2589,2.3869,18.0182,1.08512,22.5789,0.42336,0,0.42336,460.49,0,1.02816,0,0,4.28706,3.2589,1.028160,1,0,212.68,0,0,0,212.68,0
63.5041,2.71717,0,0,5.54249,0.276524,0.36288,3.6288,61.308,0.66528,0,0,2.51078,0.212777,1.63272,0.66528,12.849,1,0.569373,0.36288,0,148.551,4.19003,144.154,0.84672,12.849,0.84672,3695.15,0,0,0,2.21852,2.38702,13.3573,1.11707,16.8457,0.42336,0,0.42336,460.49,0,1.02816,0,0,3.24668,2.21852,1.028160,1,0,162.633,0,0,0,162.633,0
64.7648,2.73361,0,0,4.63871,0.281527,0.36288,3.6288,61.308,0.66528,0,0,1.8805,0.212777,1.00244,0.66528,12.849,1,0.5531,0.36288,0,115.381,4.19003,111.001,0.84672,12.849,0.84672,3695.15,0,0,0,1.84473,2.45793,10.3894,1.11707,13.575,0.42336,0,0.42336,460.49,0,1.02816,0,0,2.87289,1.84473,1.028160,1,0,125.578,0,0,0,125.578,0
65.1951,2.74273,0,0,3.82031,0.284413,0.36288,3.6288,61.308,0.66528,0,0,1.45528,0.212777,0.577221,0.66528,12.849,1,0.544143,0.36288,0,92.8506,4.19003,88.4793,0.84672,12.849,0.84672,3695.15,0,0,0,1.17328,2.45804,8.86188,1.11707,11.3761,0.42336,0,0.42336,460.49,0,1.02816,0,0,2.20144,1.17328,1.028160,1,0,100.433,0,0,0,100.433,0
66.6612,2.74587,0,0,4.89815,0.323311,0.36288,3.6288,61.308,0.66528,0,0,1.44537,0.202067,0.578021,0.66528,12.849,1,0.54117,0.36288,0,122.607,4.30396,118.125,0.84672,12.849,0.84672,3695.15,0,0,0,1.35843,2.45814,12.6196,1.31575,15.1204,0.42336,0,0.42336,460.49,0,1.02816,0,0,2.38659,1.35843,1.028160,1,0,133.823,0,0,0,133.823,0
65.4746,3.04952,0,0,2.49769,0.271794,0.36288,3.6288,61.308,0.66528,0,0,1.11535,0.207336,0.242739,0.66528,12.849,1,0.587798,0.36288,0,45.4461,4.08975,41.1314,0.84672,12.849,0.84672,3695.15,0,0,0,1.48415,2.45825,5.70224,1.07787,8.56677,0.42336,0,0.42336,460.49,0,1.02816,0,0,2.51231,1.48415,1.028160,1,0,49.9409,0,0,0,49.9409,0
64.2597,3.04077,0,0,2.45792,0.269238,0.36288,3.6288,61.308,0.66528,0,0,1.00685,0.207336,0.134229,0.66528,12.849,1,0.596732,0.36288,0,43.7418,4.08975,39.4182,0.84672,12.849,0.84672,3695.15,0,0,0,0.799511,2.71311,4.89761,1.07787,7.33237,0.42336,0,0.42336,460.49,0,1.02816,0,0,1.82767,0.799511,1.028160,1,0,46.8848,0,0,0,46.8848,0
64.535,3.03152,0,0,3.93631,0.266621,0.36288,3.6288,61.308,0.66528,0,0,1.58989,0.207336,0.717274,0.66528,12.849,1,0.606165,0.36288,0,112.884,4.08975,108.551,0.84672,12.849,0.84672,3695.15,0,0,0,1.51315,2.71323,14.6172,1.07787,17.7657,0.42336,0,0.42336,460.49,0,1.02816,0,0,2.54131,1.51315,1.028160,1,0,127.034,0,0,0,127.034,0
64.5654,3.03382,0,0,3.69385,0.266767,0.36288,3.6288,61.308,0.66528,0,0,1.40798,0.15248,0.590223,0.66528,12.849,1,0.604038,0.36288,0,111.262,3.62891,107.392,0.84672,12.849,0.84672,3695.15,0,0,0,1.539,2.71334,7.83216,0.85548,11.229,0.42336,0,0.42336,460.49,0,1.02816,0,0,2.56716,1.539,1.028160,1,0,119.211,0,0,0,119.211,0
67.972,2.61764,0,0,6.68572,0.298549,0.36288,3.6288,61.308,0.66528,0,0,2.07846,0.189323,1.22386,0.66528,12.849,1,0.52093,0.36288,0,103.918,3.81623,99.9442,0.84672,12.849,0.84672,3695.15,0,0,0,3.10457,2.71346,15.5803,0.979973,20.4183,0.42336,0,0.42336,460.49,0,1.02816,0,0,4.13273,3.10457,1.028160,1,0,121.586,0,0,0,121.586,0
69.9281,2.63973,0,0,5.26547,0.306746,0.36288,3.6288,61.308,0.66528,0,0,1.16822,0.189323,0.31362,0.66528,12.849,1,0.498997,0.36288,0,85.8246,3.81623,81.8722,0.84672,12.849,0.84672,3695.15,0,0,0,1.79931,2.36609,8.53546,0.979973,11.7209,0.42336,0,0.42336,460.49,0,1.02816,0,0,2.82747,1.79931,1.028160,1,0,93.9067,0,0,0,93.9067,0
71.1905,2.65165,0,0,4.58833,0.311453,0.36288,3.6288,61.308,0.66528,0,0,1.24655,0.189323,0.39195,0.66528,12.849,1,0.48723,0.36288,0,75.9396,3.81623,71.999,0.84672,12.849,0.84672,3695.15,0,0,0,1.60375,2.36619,7.34901,0.979973,10.339,0.42336,0,0.42336,460.49,0,1.02816,0,0,2.63191,1.60375,1.028160,1,0,82.7299,0,0,0,82.7299,0
72.29,2.6591,0,0,7.69177,0.313814,3.61933,3.6288,61.308,0.66528,0,0,1.80444,0.183596,0.955562,0.66528,12.849,1,0.479935,3.61933,0,154.443,3.72657,153.855,0.84672,12.849,0.84672,3695.15,0,0,0,3.65024,2.36629,12.1699,0.964618,17.2218,0.42336,0,0.42336,460.49,0,1.02816,0,0,4.6784,3.65024,1.028160,1,0,172.033,0,0,0,172.033,0
72.29,2.66543,0,0,6.82232,0.315334,3.84155,3.6288,61.308,0.66528,0,0,1.46324,0.159707,0.638249,0.66528,12.849,1,0.473761,3.84155,0,143.751,3.53664,143.582,0.84672,12.849,0.84672,3695.15,0,0,0,2.67062,2.36639,12.5267,0.867287,16.6964,0.42336,0,0.42336,460.49,0,1.02816,0,0,3.69878,2.67062,1.028160,1,0,160.916,0,0,0,160.916,0
72.29,3.0291,0,0,7.14503,0.317567,3.79836,3.6288,61.308,0.66528,0,0,1.68647,0.167562,0.853625,0.66528,12.849,1,0.5384,3.79836,0,161.724,3.79764,161.186,0.84672,12.849,0.84672,3695.15,0,0,0,3.02846,2.36649,18.357,0.863386,22.8885,0.42336,0,0.42336,460.49,0,1.02816,0,0,4.05662,3.02846,1.028160,1,0,184.928,0,0,0,184.928,0
72.29,3.02924,0,0,5.94166,0.317567,2.59485,3.6288,61.308,0.66528,0,0,1.45977,0.167562,0.626929,0.66528,12.849,1,0.538425,2.59485,0,144.785,3.79764,143.044,0.84672,12.849,0.84672,3695.15,0,0,0,2.41268,2.27531,13.0218,0.863386,16.8464,0.42336,0,0.42336,460.49,0,1.02816,0,0,3.44084,2.41268,1.028160,1,0,160.517,0,0,0,160.517,0
72.29,3.02938,0,0,5.45426,0.294933,2.12995,3.6288,61.308,0.66528,0,0,1.0772,0.165065,0.246856,0.66528,12.849,1,0.538449,2.12995,0,111.345,3.94591,108.991,0.84672,12.849,0.84672,3695.15,0,0,0,1.73565,2.27542,9.27115,0.873028,12.4092,0.42336,0,0.42336,460.49,0,1.02816,0,0,2.76381,1.73565,1.028160,1,0,121.647,0,0,0,121.647,0
72.29,3.02952,0,0,4.69037,0.263669,1.39718,3.6288,61.308,0.66528,0,0,1.00429,0.157857,0.181151,0.66528,12.849,1,0.538474,1.39718,0,106.597,3.84697,103.609,0.84672,12.849,0.84672,3695.15,0,0,0,1.22421,2.27552,8.11581,0.878186,10.7374,0.42336,0,0.42336,460.49,0,1.02816,0,0,2.25237,1.22421,1.028160,1,0,114.527,0,0,0,114.527,0
72.29,2.9879,0,0,4.82003,0.228955,1.60318,3.6288,61.308,0.66528,0,0,1.18184,0.182698,0.333862,0.66528,12.849,1,0.531077,1.60318,0,94.3609,3.55131,91.8817,0.84672,12.849,0.84672,3695.15,0,0,0,1.42508,2.27562,9.29725,0.983696,12.0143,0.42336,0,0.42336,460.49,0,1.02816,0,0,2.45324,1.42508,1.028160,1,0,104.23,0,0,0,104.23,0
72.29,2.73127,0,0,4.53299,0.228955,1.57276,3.6288,61.308,0.66528,0,0,1.11354,0.182698,0.265562,0.66528,12.849,1,0.485463,1.57276,0,88.3993,3.55131,85.9353,0.84672,12.849,0.84672,3695.15,0,0,0,1.28777,2.24238,8.8687,0.983696,11.4152,0.42336,0,0.42336,460.49,0,1.02816,0,0,2.31593,1.28777,1.028160,1,0,97.616,0,0,0,97.616,0
72.29,2.73141,0,0,4.12265,0.228955,1.16229,3.6288,61.308,0.66528,0,0,1.04105,0.182698,0.193073,0.66528,12.849,1,0.485488,1.16229,0,82.0489,3.55131,79.1744,0.84672,12.849,0.84672,3695.15,0,0,0,1.21886,2.41945,8.23038,0.983696,10.885,0.42336,0,0.42336,460.49,0,1.02816,0,0,2.24702,1.21886,1.028160,1,0,90.2524,0,0,0,90.2524,0
72.29,2.73155,0,0,3.74737,0.228955,0.786864,3.6288,61.308,0.66528,0,0,0.871543,0.182698,0.0235646,0.66528,12.849,1,0.485512,0.786864,0,75.695,3.55131,72.4451,0.84672,12.849,0.84672,3695.15,0,0,0,0.880209,2.41955,7.4247,0.983696,9.74076,0.42336,0,0.42336,460.49,0,1.02816,0,0,1.90837,0.880209,1.028160,1,0,82.2094,0,0,0,82.2094,0
72.29,2.87345,0,0,3.76254,0.167992,0.7211,3.6288,61.308,0.66528,0,0,0.961701,0.17563,0.120791,0.66528,12.849,1,0.510733,0.7211,0,75.6864,4.16628,71.7305,0.84672,12.849,0.84672,3695.15,0,0,0,0.722624,2.41965,6.66991,1.00767,8.80451,0.42336,0,0.42336,460.49,0,1.02816,0,0,1.75078,0.722624,1.028160,1,0,80.6558,0,0,0,80.6558,0
72.29,2.87359,0,0,3.80464,0.163559,0.767492,3.6288,61.308,0.66528,0,0,1.07372,0.172773,0.235665,0.66528,12.849,1,0.510759,0.767492,0,69.3749,4.24841,65.3832,0.84672,12.849,0.84672,3695.15,0,0,0,1.19445,2.53664,7.40301,1.02171,10.1124,0.42336,0,0.42336,460.49,0,1.02816,0,0,2.22261,1.19445,1.028160,1,0,75.7313,0,0,0,75.7313,0
72.29,2.87373,0,0,3.65179,0.163559,0.614499,3.6288,61.308,0.66528,0,0,0.930874,0.172773,0.0928201,0.66528,12.849,1,0.510784,0.614499,0,62.3195,4.24841,58.1748,0.84672,12.849,0.84672,3695.15,0,0,0,0.961641,2.53675,7.01637,1.02171,9.49305,0.42336,0,0.42336,460.49,0,1.02816,0,0,1.9898,0.961641,1.028160,1,0,67.7606,0,0,0,67.7606,0
72.29,2.87388,0,0,3.41207,0.163559,0.374631,3.6288,61.308,0.66528,0,0,0.889151,0.172773,0.0510976,0.66528,12.849,1,0.51081,0.374631,0,57.1077,4.24841,52.7231,0.84672,12.849,0.84672,3695.15,0,0,0,0.705828,2.53685,6.36788,1.02171,8.58885,0.42336,0,0.42336,460.49,0,1.02816,0,0,1.73399,0.705828,1.028160,1,0,61.3631,0,0,0,61.3631,0
71.5684,2.87402,0,0,2.6355,0.120201,0.36288,3.6288,61.1296,0.66528,0,0,0.698878,0.211969,0,0.66528,12.849,1,0.510835,0.36288,0,44.3943,4.44007,39.8063,0.84672,12.849,0.84672,3695.15,0,0,0,0.32413,2.53696,4.67377,1.11834,6.41653,0.42336,0,0.42336,460.49,0,1.02816,0,0,1.35229,0.32413,1.028160,1,0,46.2228,0,0,0,46.2228,0
70.2625,2.8418,0,0,2.00422,0.105404,0.36288,3.6288,60.7728,0.735765,0,0,0.593774,0.214881,0,0.66528,12.849,1,0.5102,0.36288,0,34.9109,4.2273,30.5362,0.84672,12.849,0.84672,3695.15,0,0,0,0.30119,2.53707,3.61117,1.09534,5.35409,0.42336,0,0.42336,460.49,0,0.957675,0,0,1.25887,0.30119,1.028160,1,0,35.8903,0,0,0,35.8903,0
68.8258,2.83392,0,0,1.86445,0.104354,0.36288,3.6288,60.4371,0.706026,0,0,0.584791,0.214395,0,0.66528,12.849,1,0.518242,0.36288,0,32.5094,4.2273,28.1267,0.84672,12.849,0.84672,3695.15,0,0,0,0.261274,2.57804,3.52788,1.09534,5.27186,0.42336,0,0.42336,460.49,0,0.987414,0,0,1.24869,0.261274,1.028160,1,0,33.3986,0,0,0,33.3986,0
67.3695,2.82494,0,0,1.82869,0.0972008,0.36288,3.6288,59.9528,0.77131,0,0,0.548618,0.26167,0,0.66528,12.849,1,0.527385,0.36288,0,30.6401,4.83158,25.644,0.84672,12.849,0.84672,3695.15,0,0,0,0.261274,2.57815,3.44115,1.24032,5.04026,0.42336,0,0.42336,460.49,0,0.92213,0,0,1.1834,0.261274,1.028160,1,0,30.6843,0,0,0,30.6843,0
65.8046,2.81551,0,0,1.707,0.0935391,0.36288,3.6288,59.399,0.823876,0,0,0.534603,0.264446,0,0.66528,12.849,1,0.536986,0.36288,0,29.052,4.89286,23.985,0.84672,12.849,0.84672,3695.15,0,0,0,0.261274,2.57826,3.28144,1.26521,4.85576,0.42336,0,0.42336,460.49,0,0.869564,0,0,1.13084,0.261274,1.028160,1,0,28.8408,0,0,0,28.8408,0
64.2074,2.87633,0,0,1.71923,0.0772232,0.36288,3.6288,58.8111,0.795597,0,0,0.492545,0.284929,0,0.66528,12.849,1,0.561632,0.36288,0,26.8138,5.26061,21.3545,0.84672,12.849,0.84672,3695.15,0,0,0,0.261274,2.57837,2.576,1.41459,4.00106,0.42336,0,0.42336,460.49,0,0.897843,0,0,1.15912,0.261274,1.028160,1,0,25.3555,0,0,0,25.3555,0
62.4259,2.86483,0,0,1.52249,0.0762389,0.36288,3.6288,58.1141,0.875647,0,0,0.462529,0.283857,0,0.66528,12.849,1,0.573302,0.36288,0,25.2635,5.26061,19.7925,0.84672,12.849,0.84672,3695.15,0,0,0,0.261274,2.63641,2.5509,1.41459,4.034,0.42336,0,0.42336,460.49,0,0.817793,0,0,1.07907,0.261274,1.028160,1,0,23.8265,0,0,0,23.8265,0
60.5195,2.85141,0,0,1.38301,0.0751411,0.36288,3.6288,57.37,0.911468,0,0,0.449997,0.282586,0,0.66528,12.849,1,0.586899,0.36288,0,23.7815,5.26061,18.2969,0.84672,12.849,0.84672,3695.15,0,0,0,0.227405,2.63653,2.45986,1.41459,3.9092,0.42336,0,0.42336,460.49,0,0.781972,0,0,1.00938,0.227405,1.028160,1,0,22.2061,0,0,0,22.2061,0
58.4334,2.8363,0,0,1.17137,0.0582569,0.36288,3.6288,56.6107,0.920143,0,0,0.447554,0.286747,0,0.66528,12.849,1,0.602179,0.36288,0,22.6642,5.5374,16.8875,0.84672,12.849,0.84672,3695.15,0,0,0,0.227405,2.63664,2.41387,1.41509,3.86282,0.42336,0,0.42336,460.49,0,0.773297,0,0,1.0007,0.227405,1.028160,1,0,20.7503,0,0,0,20.7503,0
56.4116,3.02363,0,0,1.43322,0.068544,0.36288,3.6288,55.6149,1.09807,0,0,0.398418,0.296137,0,0.66528,12.849,1,0.664869,0.36288,0,20.0746,5.53814,14.2345,0.84672,12.849,0.84672,3695.15,0,0,0,0.227405,2.63675,2.05345,1.42646,3.49115,0.42336,0,0.42336,460.49,0,0.595365,0,0,0.82277,0.227405,1.028160,1,0,17.7256,0,0,0,17.7256,0
54.6935,3.00437,0,0,1.71087,0.0617164,0.36288,3.6288,54.7324,1.02178,0,0,0.445341,0.306086,0,0.66528,12.849,1,0.684311,0.36288,0,22.6055,5.70486,16.5792,0.84672,12.849,0.84672,3695.15,0,0,0,0.227405,2.83511,1.88414,1.49349,3.45317,0.42336,0,0.42336,460.49,0,0.671665,0,0,0.89907,0.227405,1.028160,1,0,20.0324,0,0,0,20.0324,0
52.6555,2.98711,0,0,1.37268,0.0606663,0.36288,3.6288,53.6016,1.17664,0,0,0.350184,0.304315,0,0.66528,12.849,1,0.701753,0.36288,0,26.589,5.70486,20.5453,0.84672,12.849,0.84672,3695.15,0,0,0,0.204422,2.83523,1.56514,1.49349,3.11131,0.42336,0,0.42336,460.49,0,0.516802,0,0,0.721224,0.204422,1.028160,1,0,23.6566,0,0,0,23.6566,0
50.8935,2.96542,0,0,1.6257,0.0594207,0.36288,3.6288,53.0213,0.812933,0,0,0.53454,0.301955,0,0.66528,12.849,1,0.723622,0.36288,0,22.8221,5.70486,16.7565,0.84672,12.849,0.84672,3695.15,0,0,0,0.204422,2.83535,2.11655,1.49349,3.66284,0.42336,0,0.42336,460.49,0,0.880507,0,0,1.08493,0.204422,1.028160,1,0,20.4194,0,0,0,20.4194,0
49.2903,2.94556,0,0,1.73878,0.0335886,0.36288,3.6288,52.4437,0.771517,0,0,0.524562,0.330608,0,0.66528,12.849,1,0.743661,0.36288,0,26.3323,6.07913,19.8724,0.84672,12.849,0.84672,3695.15,0,0,0,0.204422,2.83547,2.33874,1.5128,3.86584,0.42336,0,0.42336,460.49,0,0.921923,0,0,1.12634,0.204422,1.028160,1,0,23.7382,0,0,0,23.7382,0
48.0979,2.82991,0,0,2.04586,0.0454824,0.36288,3.6288,52.1444,0.66528,0,0,0.698198,0.332244,0,0.66528,12.849,1,0.737702,0.36288,0,28.5358,5.62405,22.537,0.84672,12.849,0.84672,3695.15,0,0,0,0.398166,2.8356,2.4852,1.2956,4.42336,0.42336,0,0.42336,460.49,0,1.02816,0,0,1.42633,0.398166,1.028160,1,0,26.9603,0,0,0,26.9603,0
47.0625,2.81562,0,0,2.25953,0.116392,0.36288,3.6288,52.1246,0.66528,0,0,0.932792,0.287337,0,0.66528,12.849,1,0.752172,0.36288,0,26.9842,4.43331,22.1616,0.84672,12.849,0.84672,3695.15,0,0,0,0.745425,2.72096,3.15363,1.01828,5.60174,0.42336,0,0.42336,460.49,0,1.02816,0,0,1.77358,0.745425,1.028160,1,0,27.7633,0,0,0,27.7633,0
45.8958,2.80276,0,0,2.11887,0.119974,0.36288,3.6288,52.1732,0.66528,0,0,1.0031,0.289182,0,0.66528,12.849,1,0.765208,0.36288,0,32.1045,4.46586,27.2363,0.84672,12.849,0.84672,3695.15,0,0,0,0.769928,2.72108,3.321,1.03692,5.77508,0.42336,0,0.42336,460.49,0,1.02816,0,0,1.79809,0.769928,1.028160,1,0,33.0114,0,0,0,33.0114,0
44.9844,2.7877,0,0,2.35761,0.118431,0.36288,3.6288,52.3454,0.66528,0,0,1.12681,0.289296,0,0.66528,12.849,1,0.780445,0.36288,0,48.4044,4.46586,43.521,0.84672,12.849,0.84672,3695.15,0,0,0,1.00983,2.72119,3.83145,1.03692,6.52555,0.42336,0,0.42336,460.49,0,1.02816,0,0,2.03799,1.00983,1.028160,1,0,50.0465,0,0,0,50.0465,0
43.7222,2.69776,0,0,1.97487,0.176438,0.36288,3.6288,52.1894,0.66528,0,0,0.732513,0.223311,0,0.66528,12.849,1,0.770568,0.36288,0,44.1498,4.12587,39.6162,0.84672,12.849,0.84672,3695.15,0,0,0,0.334619,2.72131,4.15118,1.02614,6.18098,0.42336,0,0.42336,460.49,0,1.02816,0,0,1.36278,0.334619,1.028160,1,0,45.7972,0,0,0,45.7972,0
42.0864,2.6807,0,0,1.58174,0.173926,0.36288,3.6288,51.2883,1.17796,0,0,0.499969,0.223031,0,0.66528,12.849,1,0.7878,0.36288,0,37.1837,4.12587,32.6329,0.84672,12.849,0.84672,3695.15,0,0,0,0.216518,2.61899,3.53182,1.02614,5.3412,0.42336,0,0.42336,460.49,0,0.515478,0,0,0.731996,0.216518,1.028160,1,0,37.9741,0,0,0,37.9741,0
42.3284,2.65737,0,0,3.4329,0.170669,0.36288,3.6288,51.4453,0.66528,0,0,1.04363,0.221413,0,0.66528,12.849,1,0.811298,0.36288,0,55.6372,4.12587,51.0629,0.84672,12.849,0.84672,3695.15,0,0,0,0.611021,2.6191,5.10761,1.02614,7.3116,0.42336,0,0.42336,460.49,0,1.02816,0,0,1.63918,0.611021,1.028160,1,0,58.3745,0,0,0,58.3745,0
46.1478,2.66106,0,0,7.01456,0.171151,0.36288,3.6288,52.5779,0.66528,0,0,2.01963,0.221695,0,0.66528,12.849,1,0.80778,0.36288,0,111.447,4.12587,106.877,0.84672,12.849,0.84672,3695.15,0,0,0,2.55202,2.61921,8.20053,1.02614,12.3456,0.42336,0,0.42336,460.49,0,1.02816,0,0,3.58018,2.55202,1.028160,1,0,119.222,0,0,0,119.222,0
46.1437,2.49132,0,0,3.0725,0.222404,0.36288,3.6288,53.5966,0.66528,0,0,1.88934,0.205393,0,0.66528,12.849,1,0.693662,0.36288,0,54.2868,4.53289,49.4231,0.84672,12.849,0.84672,3695.15,0,0,0,1.78017,2.61933,7.01359,1.17142,10.2417,0.42336,0,0.42336,460.49,0,1.02816,0,0,2.80833,1.78017,1.028160,1,0,59.6647,0,0,0,59.6647,0
45.7879,2.4914,0,0,2.73834,0.239853,0.36288,3.6288,54.2449,0.66528,0,0,1.51324,0.199679,0,0.66528,12.849,1,0.693745,0.36288,0,53.3466,4.6957,48.3201,0.84672,12.849,0.84672,3695.15,0,0,0,2.25115,2.39186,7.97069,1.22953,11.3842,0.42336,0,0.42336,460.49,0,1.02816,0,0,3.27931,2.25115,1.028160,1,0,59.7042,0,0,0,59.7042,0
44.9685,2.48731,0,0,2.26968,0.238902,0.36288,3.6288,53.9886,0.66528,0,0,0.60963,0.2006,0,0.66528,12.849,1,0.697989,0.36288,0,44.4817,4.6957,39.4508,0.84672,12.849,0.84672,3695.15,0,0,0,0.526029,2.39196,5.5305,1.22953,7.21896,0.42336,0,0.42336,460.49,0,1.02816,0,0,1.55419,0.526029,1.028160,1,0,46.6698,0,0,0,46.6698,0
43.5582,2.47755,0,0,1.65722,0.227068,0.36288,3.6288,53.7946,0.66528,0,0,0.718315,0.247107,0,0.66528,12.849,1,0.707917,0.36288,0,37.9019,4.87693,32.6799,0.84672,12.849,0.84672,3695.15,0,0,0,0.444709,2.39207,3.22154,1.36938,4.68894,0.42336,0,0.42336,460.49,0,1.02816,0,0,1.47287,0.444709,1.028160,1,0,37.3688,0,0,0,37.3688,0
44.5041,2.45997,0,0,3.98864,0.219975,0.36288,3.6288,54.3657,0.66528,0,0,1.47613,0.239726,0,0.66528,12.849,1,0.725652,0.36288,0,85.395,4.57663,80.4556,0.84672,12.849,0.84672,3695.15,0,0,0,1.55674,2.39217,8.52131,1.26217,11.208,0.42336,0,0.42336,460.49,0,1.02816,0,0,2.5849,1.55674,1.028160,1,0,91.6636,0,0,0,91.6636,0
44.5611,2.55684,0,0,3.19035,0.21357,0.36288,3.6288,55.1039,0.66528,0,0,1.62643,0.22295,0,0.66528,12.849,1,0.738199,0.36288,0,70.9663,3.82589,66.7651,0.84672,12.849,0.84672,3695.15,0,0,0,2.47986,2.39227,9.43263,0.994156,13.3106,0.42336,0,0.42336,460.49,0,1.02816,0,0,3.50802,2.47986,1.028160,1,0,80.0757,0,0,0,80.0757,0
45.5374,2.55768,0,0,4.11058,0.213709,0.36288,3.6288,57.1152,0.66528,0,0,2.90062,0.224038,0,0.66528,12.849,1,0.737494,0.36288,0,79.6772,3.82589,75.4767,0.84672,12.849,0.84672,3695.15,0,0,0,3.17642,2.46333,12.8512,0.994156,17.4968,0.42336,0,0.42336,460.49,0,1.02816,0,0,4.20458,3.17642,1.028160,1,0,92.9735,0,0,0,92.9735,0
46.9108,2.57011,0,0,4.53531,0.228951,0.36288,3.6288,59.1091,0.66528,0,0,2.82495,0.165722,0,0.66528,12.849,1,0.725191,0.36288,0,131.209,3.4105,127.436,0.84672,12.849,0.84672,3695.15,0,0,0,3.43275,2.46342,9.30934,0.895012,14.3105,0.42336,0,0.42336,460.49,0,1.02816,0,0,4.46091,3.43275,1.028160,1,0,141.746,0,0,0,141.746,0
48.0962,2.58688,0,0,4.36768,0.232477,0.36288,3.6288,60.6214,0.66528,0,0,2.34542,0.167868,0,0.66528,12.849,1,0.708554,0.36288,0,98.3059,3.4105,94.5497,0.84672,12.849,0.84672,3695.15,0,0,0,2.45587,2.4635,9.40887,0.895012,13.4332,0.42336,0,0.42336,460.49,0,1.02816,0,0,3.48403,2.45587,1.028160,1,0,107.983,0,0,0,107.983,0
49.0023,2.87772,0,0,4.39772,0.251048,0.36288,3.6288,61.308,0.66528,0,0,2.17299,0.18804,0.633074,0.66528,12.849,1,0.768787,0.36288,0,96.3135,3.82766,92.08,0.84672,12.849,0.84672,3695.15,0,0,0,3.29683,2.46358,10.879,1.14453,15.4949,0.42336,0,0.42336,460.49,0,1.02816,0,0,4.32499,3.29683,1.028160,1,0,108.208,0,0,0,108.208,0
48.5533,2.88909,0,0,3.05908,0.256141,0.36288,3.6288,61.308,0.66528,0,0,1.86675,0.191964,1.00951,0.66528,12.849,1,0.757555,0.36288,0,54.7055,3.89718,50.4137,0.84672,12.849,0.84672,3695.15,0,0,0,2.06973,2.71902,6.67881,1.18611,10.2814,0.42336,0,0.42336,460.49,0,1.02816,0,0,3.09789,2.06973,1.028160,1,0,61.7046,0,0,0,61.7046,0
48.0622,2.88367,0,0,3.01037,0.2549,0.36288,3.6288,61.308,0.66528,0,0,1.68514,0.191964,0.827893,0.66528,12.849,1,0.763125,0.36288,0,52.654,3.89718,48.3565,0.84672,12.849,0.84672,3695.15,0,0,0,1.22549,2.71912,5.73651,1.18611,8.495,0.42336,0,0.42336,460.49,0,1.02816,0,0,2.25365,1.22549,1.028160,1,0,57.6794,0,0,0,57.6794,0
49.3892,2.87763,0,0,4.82109,0.253542,0.36288,3.6288,61.308,0.66528,0,0,2.66097,0.191964,1.80373,0.66528,12.849,1,0.769308,0.36288,0,135.884,3.89718,131.58,0.84672,12.849,0.84672,3695.15,0,0,0,2.10546,2.71921,17.1209,1.18611,20.7594,0.42336,0,0.42336,460.49,0,1.02816,0,0,3.13362,2.10546,1.028160,1,0,154.143,0,0,0,154.143,0
49.6986,2.49688,0,0,3.42242,0.253308,0.36288,3.6288,61.308,0.66528,0,0,1.24869,0.143442,0.439966,0.66528,12.849,1,0.649582,0.36288,0,73.8782,4.28423,69.3073,0.84672,12.849,0.84672,3695.15,0,0,0,1.38599,2.7193,6.9781,1.15688,9.9265,0.42336,0,0.42336,460.49,0,1.02816,0,0,2.41415,1.38599,1.028160,1,0,79.6738,0,0,0,79.6738,0
50.064,2.50019,0,0,3.46101,0.232542,0.36288,3.6288,61.308,0.66528,0,0,1.34393,0.156448,0.522198,0.66528,12.849,1,0.646395,0.36288,0,73.1843,3.9921,68.9086,0.84672,12.849,0.84672,3695.15,0,0,0,1.63326,2.37111,8.58642,0.952369,11.6384,0.42336,0,0.42336,460.49,0,1.02816,0,0,2.66142,1.63326,1.028160,1,0,81.0693,0,0,0,81.0693,0
52.0635,2.50405,0,0,5.09985,0.233443,0.36288,3.6288,61.308,0.66528,0,0,2.41491,0.156448,1.59318,0.66528,12.849,1,0.642667,0.36288,0,106.73,3.9921,102.458,0.84672,12.849,0.84672,3695.15,0,0,0,2.36472,2.37119,15.0259,0.952369,18.8094,0.42336,0,0.42336,460.49,0,1.02816,0,0,3.39288,2.36472,1.028160,1,0,122.861,0,0,0,122.861,0
53.6728,2.52394,0,0,4.73453,0.238376,0.36288,3.6288,61.308,0.66528,0,0,1.52754,0.156448,0.705815,0.66528,12.849,1,0.622896,0.36288,0,128.147,3.9921,123.895,0.84672,12.849,0.84672,3695.15,0,0,0,2.04788,2.37127,10.7923,0.952369,14.2591,0.42336,0,0.42336,460.49,0,1.02816,0,0,3.07604,2.04788,1.028160,1,0,138.86,0,0,0,138.86,0
54.3651,2.53911,0,0,3.8714,0.277111,0.36288,3.6288,61.308,0.66528,0,0,1.41088,0.126514,0.619084,0.66528,12.849,1,0.607851,0.36288,0,111.472,3.32506,107.902,0.84672,12.849,0.84672,3695.15,0,0,0,1.76274,2.37135,9.76553,0.932076,12.9675,0.42336,0,0.42336,460.49,0,1.02816,0,0,2.7909,1.76274,1.028160,1,0,121.489,0,0,0,121.489,0
55.1176,2.64742,0,0,4.05595,0.293119,0.36288,3.6288,61.308,0.66528,0,0,1.56216,0.137129,0.759746,0.66528,12.849,1,0.625708,0.36288,0,102.506,3.01507,99.2279,0.84672,12.849,0.84672,3695.15,0,0,0,2.29561,2.37143,10.6124,1.06605,14.2134,0.42336,0,0.42336,460.49,0,1.02816,0,0,3.32377,2.29561,1.028160,1,0,114.201,0,0,0,114.201,0
55.7113,2.65445,0,0,3.86008,0.249061,0.36288,3.6288,61.308,0.66528,0,0,1.51454,0.165675,0.683585,0.66528,12.849,1,0.618805,0.36288,0,97.4592,3.36409,93.8392,0.84672,12.849,0.84672,3695.15,0,0,0,2.03858,2.4574,10.111,1.13475,13.4723,0.42336,0,0.42336,460.49,0,1.02816,0,0,3.06674,2.03858,1.028160,1,0,107.995,0,0,0,107.995,0
55.6216,2.65992,0,0,3.17434,0.24131,0.36288,3.6288,61.308,0.66528,0,0,1.21435,0.245727,0.303345,0.66528,12.849,1,0.613471,0.36288,0,84.6927,5.52521,78.9169,0.84672,12.849,0.84672,3695.15,0,0,0,1.60474,2.45748,8.61685,1.37755,11.3015,0.42336,0,0.42336,460.49,0,1.02816,0,0,2.6329,1.60474,1.028160,1,0,90.5218,0,0,0,90.5218,0
55.3482,2.65922,0,0,2.93701,0.188269,0.36288,3.6288,61.308,0.66528,0,0,1.21689,0.230431,0.321181,0.66528,12.849,1,0.6143,0.36288,0,94.227,4.55394,89.4216,0.84672,12.849,0.84672,3695.15,0,0,0,1.37337,2.45756,7.70089,1.26451,10.2673,0.42336,0,0.42336,460.49,0,1.02816,0,0,2.40153,1.37337,1.028160,1,0,100.01,0,0,0,100.01,0
54.916,2.61686,0,0,2.75259,0.205016,0.36288,3.6288,61.308,0.66528,0,0,1.57372,0.2575,0.650944,0.66528,12.849,1,0.607501,0.36288,0,76.6593,5.04945,71.3652,0.84672,12.849,0.84672,3695.15,0,0,0,1.49234,2.45765,7.14239,1.31387,9.77851,0.42336,0,0.42336,460.49,0,1.02816,0,0,2.5205,1.49234,1.028160,1,0,81.7946,0,0,0,81.7946,0
54.3194,2.61309,0,0,2.5835,0.204129,0.36288,3.6288,61.308,0.66528,0,0,1.3116,0.2575,0.388824,0.66528,12.849,1,0.6114,0.36288,0,65.2415,5.04945,59.9435,0.84672,12.849,0.84672,3695.15,0,0,0,1.59825,2.42431,7.22105,1.31387,9.92975,0.42336,0,0.42336,460.49,0,1.02816,0,0,2.62641,1.59825,1.028160,1,0,70.2621,0,0,0,70.2621,0
53.4553,2.60777,0,0,2.30939,0.202905,0.36288,3.6288,61.308,0.66528,0,0,1.12415,0.2575,0.201371,0.66528,12.849,1,0.616855,0.36288,0,57.4887,5.04945,52.1852,0.84672,12.849,0.84672,3695.15,0,0,0,1.49061,2.42439,6.17679,1.31387,8.77792,0.42336,0,0.42336,460.49,0,1.02816,0,0,2.51877,1.49061,1.028160,1,0,61.1645,0,0,0,61.1645,0
52.1721,2.59983,0,0,1.88063,0.201132,0.36288,3.6288,61.308,0.66528,0,0,0.968795,0.2575,0.0460148,0.66528,12.849,1,0.62492,0.36288,0,44.2731,5.04945,38.9616,0.84672,12.849,0.84672,3695.15,0,0,0,1.0327,2.42447,5.21907,1.31387,7.36237,0.42336,0,0.42336,460.49,0,1.02816,0,0,2.06086,1.0327,1.028160,1,0,46.37,0,0,0,46.37,0
50.8211,2.72186,0,0,1.90132,0.167507,0.36288,3.6288,61.308,0.66528,0,0,0.990472,0.25109,0.0741021,0.66528,12.849,1,0.670344,0.36288,0,54.1141,4.97413,48.8325,0.84672,12.849,0.84672,3695.15,0,0,0,1.12341,2.42455,5.16319,1.16667,7.54448,0.42336,0,0.42336,460.49,0,1.02816,0,0,2.15157,1.12341,1.028160,1,0,56.4511,0,0,0,56.4511,0
49.3542,2.70775,0,0,1.72381,0.120086,0.36288,3.6288,61.308,0.66528,0,0,0.975145,0.267278,0.0425867,0.66528,12.849,1,0.684594,0.36288,0,39.1884,5.21235,33.6544,0.84672,12.849,0.84672,3695.15,0,0,0,1.03303,2.54178,4.75299,1.24708,7.08073,0.42336,0,0.42336,460.49,0,1.02816,0,0,2.06119,1.03303,1.028160,1,0,40.7777,0,0,0,40.7777,0
47.8451,2.69171,0,0,1.64517,0.0996479,0.36288,3.6288,61.2788,0.66528,0,0,0.910405,0.274296,0,0.66528,12.849,1,0.700767,0.36288,0,34.9911,5.33169,29.3216,0.84672,12.849,0.84672,3695.15,0,0,0,0.864959,2.54186,4.61383,1.29778,6.72287,0.42336,0,0.42336,460.49,0,1.02816,0,0,1.89312,0.864959,1.028160,1,0,36.0444,0,0,0,36.0444,0
46.3104,2.67439,0,0,1.60059,0.0980308,0.36288,3.6288,61.2628,0.66528,0,0,0.923469,0.274246,0,0.66528,12.849,1,0.718219,0.36288,0,33.2494,5.33169,27.5624,0.84672,12.849,0.84672,3695.15,0,0,0,1.01844,2.54195,4.39371,1.29778,6.65631,0.42336,0,0.42336,460.49,0,1.02816,0,0,2.0466,1.01844,1.028160,1,0,34.2187,0,0,0,34.2187,0
44.6206,2.65587,0,0,1.42525,0.0963023,0.36288,3.6288,61.1341,0.66528,0,0,0.821318,0.284692,0,0.66528,12.849,1,0.73688,0.36288,0,32.6246,5.42725,26.8234,0.84672,12.849,0.84672,3695.15,0,0,0,0.934485,2.54204,4.08237,1.33562,6.22327,0.42336,0,0.42336,460.49,0,1.02816,0,0,1.96265,0.934485,1.028160,1,0,33.0467,0,0,0,33.0467,0
42.7629,2.60861,0,0,1.19931,0.085518,0.36288,3.6288,60.8478,0.66528,0,0,0.680443,0.301483,0,0.66528,12.849,1,0.751177,0.36288,0,30.9158,5.75211,24.7754,0.84672,12.849,0.84672,3695.15,0,0,0,0.541754,2.54212,3.28806,1.37845,4.99348,0.42336,0,0.42336,460.49,0,1.02816,0,0,1.56991,0.541754,1.028160,1,0,29.7689,0,0,0,29.7689,0
40.8283,2.58362,0,0,1.0956,0.0837181,0.36288,3.6288,60.5436,0.66528,0,0,0.661997,0.300937,0,0.66528,12.849,1,0.776301,0.36288,0,27.961,5.75211,21.7955,0.84672,12.849,0.84672,3695.15,0,0,0,0.476142,2.58316,3.15679,1.37845,4.83764,0.42336,0,0.42336,460.49,0,1.02816,0,0,1.5043,0.476142,1.028160,1,0,26.6331,0,0,0,26.6331,0
38.8691,2.55574,0,0,1.04122,0.0818437,0.36288,3.6288,60.1892,0.66528,0,0,0.611263,0.300357,0,0.66528,12.849,1,0.804312,0.36288,0,25.5535,5.75211,19.3599,0.84672,12.849,0.84672,3695.15,0,0,0,0.295721,2.58325,3.07487,1.37845,4.57539,0.42336,0,0.42336,460.49,0,1.02816,0,0,1.32388,0.295721,1.028160,1,0,23.9353,0,0,0,23.9353,0
36.909,2.52537,0,0,1.00816,0.079985,0.36288,3.6288,59.7784,0.698596,0,0,0.587486,0.299681,0,0.66528,12.849,1,0.834816,0.36288,0,22.8184,5.75211,16.5944,0.84672,12.849,0.84672,3695.15,0,0,0,0.261274,2.58334,3.06251,1.37845,4.52867,0.42336,0,0.42336,460.49,0,0.994844,0,0,1.25612,0.261274,1.028160,1,0,21.123,0,0,0,21.123,0
34.8548,2.55599,0,0,0.928057,0.0633601,0.36288,3.6288,59.3665,0.66528,0,0,0.582014,0.328643,0,0.66528,12.849,1,0.889809,0.36288,0,28.8231,5.98406,22.3121,0.84672,12.849,0.84672,3695.15,0,0,0,0.315058,2.58343,2.63142,1.4858,4.0441,0.42336,0,0.42336,460.49,0,1.02816,0,0,1.34322,0.315058,1.028160,1,0,26.3562,0,0,0,26.3562,0
32.7779,2.51778,0,0,0.865555,0.061817,0.36288,3.6288,58.889,0.66528,0,0,0.515509,0.327779,0,0.66528,12.849,1,0.928162,0.36288,0,22.8017,5.98406,16.2523,0.84672,12.849,0.84672,3695.15,0,0,0,0.297752,2.64157,2.40187,1.4858,3.85539,0.42336,0,0.42336,460.49,0,1.02816,0,0,1.32591,0.297752,1.028160,1,0,20.1077,0,0,0,20.1077,0
30.6664,2.47563,0,0,0.787294,0.0602568,0.36288,3.6288,58.2101,0.836309,0,0,0.484222,0.326777,0,0.66528,12.849,1,0.970451,0.36288,0,20.967,5.98406,14.3754,0.84672,12.849,0.84672,3695.15,0,0,0,0.261274,2.64166,2.19822,1.4858,3.61535,0.42336,0,0.42336,460.49,0,0.857131,0,0,1.1184,0.261274,1.028160,1,0,17.9908,0,0,0,17.9908,0
28.7136,2.42864,0,0,0.890749,0.0521001,0.36288,3.6288,57.8142,0.66528,0,0,0.588708,0.319283,0,0.66528,12.849,1,1.01758,0.36288,0,21.562,6.12555,14.7817,0.84672,12.849,0.84672,3695.15,0,0,0,0.484574,2.64175,3.22272,1.52268,4.82636,0.42336,0,0.42336,460.49,0,1.02816,0,0,1.51273,0.484574,1.028160,1,0,19.6081,0,0,0,19.6081,0
26.6375,2.55388,0,0,0.886939,0.0462824,0.36288,3.6288,57.3771,0.66528,0,0,0.52559,0.297464,0,0.66528,12.849,1,1.14283,0.36288,0,21.6447,6.07501,14.7897,0.84672,12.849,0.84672,3695.15,0,0,0,0.315973,2.64184,2.97964,1.50494,4.43252,0.42336,0,0.42336,460.49,0,1.02816,0,0,1.34413,0.315973,1.028160,1,0,19.2222,0,0,0,19.2222,0
24.7138,2.49389,0,0,0.97848,0.0453964,0.36288,3.6288,56.9889,0.66528,0,0,0.575921,0.298864,0,0.66528,12.849,1,1.20297,0.36288,0,24.9938,5.96809,18.1856,0.84672,12.849,0.84672,3695.15,0,0,0,0.369801,2.84059,3.07286,1.4617,4.82155,0.42336,0,0.42336,460.49,0,1.02816,0,0,1.39796,0.369801,1.028160,1,0,23.0072,0,0,0,23.0072,0
22.6594,2.43238,0,0,0.785065,0.0441714,0.36288,3.6288,56.3442,0.799442,0,0,0.452866,0.298112,0,0.66528,12.849,1,1.26463,0.36288,0,29.3979,5.96809,22.528,0.84672,12.849,0.84672,3695.15,0,0,0,0.227405,2.84068,2.55262,1.4617,4.15901,0.42336,0,0.42336,460.49,0,0.893998,0,0,1.1214,0.227405,1.028160,1,0,26.687,0,0,0,26.687,0
20.8241,2.35931,0,0,0.929759,0.0429017,0.36288,3.6288,56.0733,0.66528,0,0,0.691286,0.296863,0,0.66528,12.849,1,1.33785,0.36288,0,25.233,5.96809,18.29,0.84672,12.849,0.84672,3695.15,0,0,0,0.658757,2.84078,3.4519,1.4617,5.48974,0.42336,0,0.42336,460.49,0,1.02816,0,0,1.68692,0.658757,1.028160,1,0,23.7797,0,0,0,23.7797,0
18.9869,2.28648,0,0,0.845891,0.033664,0.36288,3.6288,55.6919,0.66528,0,0,0.566087,0.282204,0,0.66528,12.849,1,1.41082,0.36288,0,26.2557,5.5368,19.6709,0.84672,12.849,0.84672,3695.15,0,0,0,0.481723,2.84088,3.61818,1.33884,5.60194,0.42336,0,0.42336,460.49,0,1.02816,0,0,1.50988,0.481723,1.028160,1,0,25.2729,0,0,0,25.2729,0
18.2629,2.13237,0,0,1.78161,0.0104044,0.36288,3.6288,55.8912,0.66528,0,0,1.13411,0.269527,0,0.66528,12.849,1,1.44304,0.36288,0,29.4307,5.10552,23.245,0.84672,12.849,0.84672,3695.15,0,0,0,1.44597,2.84098,5.21201,1.28355,8.21541,0.42336,0,0.42336,460.49,0,1.02816,0,0,2.47413,1.44597,1.028160,1,0,31.4604,0,0,0,31.4604,0
17.3239,2.09887,0,0,1.53304,0.0102983,0.36288,3.6288,55.8285,0.66528,0,0,0.872415,0.269879,0,0.66528,12.849,1,1.47668,0.36288,0,34.3626,5.10552,28.1433,0.84672,12.849,0.84672,3695.15,0,0,0,1.02247,2.72609,4.35461,1.28355,6.81963,0.42336,0,0.42336,460.49,0,1.02816,0,0,2.05063,1.02247,1.028160,1,0,34.9629,0,0,0,34.9629,0
16.2574,2.053,0,0,1.35953,0.0101607,0.36288,3.6288,55.7475,0.66528,0,0,0.854064,0.269769,0,0.66528,12.849,1,1.52269,0.36288,0,35.3267,5.10552,29.0614,0.84672,12.849,0.84672,3695.15,0,0,0,0.995916,2.72618,4.33993,1.28355,6.77848,0.42336,0,0.42336,460.49,0,1.02816,0,0,2.02408,0.995916,1.028160,1,0,35.8399,0,0,0,35.8399,0
15.1767,1.99728,0,0,1.36782,0.0882782,0.36288,3.6288,55.7134,0.66528,0,0,0.814061,0.18287,0,0.66528,12.849,1,1.57855,0.36288,0,41.2878,4.85154,35.2206,0.84672,12.849,0.84672,3695.15,0,0,0,1.0043,2.72627,4.62656,1.0339,7.32323,0.42336,0,0.42336,460.49,0,1.02816,0,0,2.03246,1.0043,1.028160,1,0,42.5438,0,0,0,42.5438,0
14.9836,1.88224,0,0,2.14488,0.0928517,0.36288,3.6288,55.4754,0.66528,0,0,0.591289,0.16397,0,0.66528,12.849,1,1.59355,0.36288,0,38.7189,4.34145,33.1467,0.84672,12.849,0.84672,3695.15,0,0,0,0.378596,2.72637,3.99219,0.979601,6.11755,0.42336,0,0.42336,460.49,0,1.02816,0,0,1.40676,0.378596,1.028160,1,0,39.2643,0,0,0,39.2643,0
16.7625,1.87126,0,0,4.10537,0.0924152,0.36288,3.6288,55.8284,0.66528,0,0,1.1798,0.1616,0,0.66528,12.849,1,1.60467,0.36288,0,53.6154,4.19496,48.1787,0.84672,12.849,0.84672,3695.15,0,0,0,1.47565,2.62382,6.24843,0.96685,9.38106,0.42336,0,0.42336,460.49,0,1.02816,0,0,2.50381,1.47565,1.028160,1,0,57.5597,0,0,0,57.5597,0
17.4046,1.96773,0,0,3.06828,0.0955721,0.36288,3.6288,56.242,0.66528,0,0,1.24093,0.161975,0,0.66528,12.849,1,1.50833,0.36288,0,37.6548,4.19496,32.3144,0.84672,12.849,0.84672,3695.15,0,0,0,1.726,2.62391,4.87325,0.96685,8.25631,0.42336,0,0.42336,460.49,0,1.02816,0,0,2.75416,1.726,1.028160,1,0,40.5707,0,0,0,40.5707,0
18.9026,1.99982,0,0,3.98043,0.119657,0.36288,3.6288,56.3347,0.66528,0,0,0.933695,0.175769,0,0.66528,12.849,1,1.47638,0.36288,0,50.3053,4.42692,44.7649,0.84672,12.849,0.84672,3695.15,0,0,0,0.996588,2.624,8.39385,1.021,10.9934,0.42336,0,0.42336,460.49,0,1.02816,0,0,2.02475,0.996588,1.028160,1,0,55.7583,0,0,0,55.7583,0
20.5697,1.90014,0,0,4.07697,0.146894,0.36288,3.6288,56.9157,0.66528,0,0,1.43872,0.192395,0,0.66528,12.849,1,1.29162,0.36288,0,119.979,4.03767,115.013,0.84672,12.849,0.84672,3695.15,0,0,0,1.65054,2.62409,7.66918,1.03555,10.9083,0.42336,0,0.42336,460.49,0,1.02816,0,0,2.6787,1.65054,1.028160,1,0,125.921,0,0,0,125.921,0
22.3448,1.96465,0,0,4.25826,0.155632,0.36288,3.6288,58.4893,0.66528,0,0,2.43687,0.198017,0,0.66528,12.849,1,1.22723,0.36288,0,131.284,3.61525,126.804,0.84672,12.849,0.84672,3695.15,0,0,0,2.08855,2.39617,10.6962,1.016,14.1649,0.42336,0,0.42336,460.49,0,1.02816,0,0,3.11671,2.08855,1.028160,1,0,140.969,0,0,0,140.969,0
24.4797,2.02663,0,0,4.68384,0.159439,0.36288,3.6288,59.0952,0.66528,0,0,1.47121,0.200043,0,0.66528,12.849,1,1.16538,0.36288,0,147.872,3.61525,143.454,0.84672,12.849,0.84672,3695.15,0,0,0,1.56917,2.39625,8.06319,1.016,11.0126,0.42336,0,0.42336,460.49,0,1.02816,0,0,2.59733,1.56917,1.028160,1,0,154.467,0,0,0,154.467,0
26.8719,2.09337,0,0,5.01274,0.164296,0.36288,3.6288,59.8129,0.66528,0,0,1.58378,0.200823,0,0.66528,12.849,1,1.09878,0.36288,0,100.869,3.61525,96.5183,0.84672,12.849,0.84672,3695.15,0,0,0,1.90893,2.39633,7.9005,1.016,11.1898,0.42336,0,0.42336,460.49,0,1.02816,0,0,2.93709,1.90893,1.028160,1,0,107.708,0,0,0,107.708,0
30.6412,2.15963,0,0,6.45777,0.165968,0.36288,3.6288,61.308,0.66528,0,0,3.5053,0.21361,1.13128,0.66528,12.849,1,1.03264,0.36288,0,74.7855,3.71479,70.4009,0.84672,12.849,0.84672,3695.15,0,0,0,2.15707,2.39641,10.8975,1.07852,14.3724,0.42336,0,0.42336,460.49,0,1.02816,0,0,3.18523,2.15707,1.028160,1,0,85.9047,0,0,0,85.9047,0
36.3974,2.32634,0,0,8.59274,0.14724,0.36288,3.6288,61.308,0.66528,0,0,2.18253,0.211142,1.30611,0.66528,12.849,1,0.975523,0.36288,0,138.5,3.37249,134.515,0.84672,12.849,0.84672,3695.15,0,0,0,2.58888,2.39649,13.1057,0.801229,17.2898,0.42336,0,0.42336,460.49,0,1.02816,0,0,3.61704,2.58888,1.028160,1,0,153.111,0,0,0,153.111,0
39.0933,2.44044,0,0,5.66956,0.170379,0.36288,3.6288,61.308,0.66528,0,0,1.60188,0.2446,0.692002,0.66528,12.849,1,0.861523,0.36288,0,100.029,3.8994,95.6307,0.84672,12.849,0.84672,3695.15,0,0,0,2.37763,2.46767,10.5658,0.92481,14.4863,0.42336,0,0.42336,460.49,0,1.02816,0,0,3.40579,2.37763,1.028160,1,0,110.809,0,0,0,110.809,0
42.2267,2.48523,0,0,6.16543,0.183899,0.36288,3.6288,61.308,0.66528,0,0,1.6099,0.255266,0.689354,0.66528,12.849,1,0.816834,0.36288,0,103.124,4.12797,98.5425,0.84672,12.849,0.84672,3695.15,0,0,0,2.43279,2.46773,10.4306,0.996113,14.335,0.42336,0,0.42336,460.49,0,1.02816,0,0,3.46095,2.43279,1.028160,1,0,113.567,0,0,0,113.567,0
45.3168,2.53178,0,0,6.17555,0.190792,0.36288,3.6288,61.308,0.66528,0,0,1.69123,0.255266,0.770682,0.66528,12.849,1,0.770385,0.36288,0,103.482,4.12797,98.9467,0.84672,12.849,0.84672,3695.15,0,0,0,2.5062,2.4678,11.9167,0.996113,15.8946,0.42336,0,0.42336,460.49,0,1.02816,0,0,3.53436,2.5062,1.028160,1,0,115.612,0,0,0,115.612,0
46.5475,2.84671,0,0,4.65131,0.211007,0.36288,3.6288,61.308,0.66528,0,0,1.53713,0.257864,0.61399,0.66528,12.849,1,0.807147,0.36288,0,88.7596,4.08072,84.2346,0.84672,12.849,0.84672,3695.15,0,0,0,2.17611,2.46786,8.52837,1.08352,12.0888,0.42336,0,0.42336,460.49,0,1.02816,0,0,3.20427,2.17611,1.028160,1,0,96.9374,0,0,0,96.9374,0
47.4219,2.86352,0,0,4.32006,0.21934,0.36288,3.6288,61.308,0.66528,0,0,1.50977,0.258903,0.585588,0.66528,12.849,1,0.790446,0.36288,0,103.661,4.06182,99.1716,0.84672,12.849,0.84672,3695.15,0,0,0,2.19041,2.72375,9.23054,1.11849,13.0262,0.42336,0,0.42336,460.49,0,1.02816,0,0,3.21857,2.19041,1.028160,1,0,112.783,0,0,0,112.783,0
50.1694,2.87507,0,0,6.21277,0.227325,0.36288,3.6288,61.308,0.66528,0,0,1.49854,0.243112,0.590147,0.66528,12.849,1,0.779003,0.36288,0,112.187,3.79137,107.979,0.84672,12.849,0.84672,3695.15,0,0,0,2.12243,2.72382,11.7518,1.06305,15.535,0.42336,0,0.42336,460.49,0,1.02816,0,0,3.15059,2.12243,1.028160,1,0,124.105,0,0,0,124.105,0
52.5337,2.90912,0,0,5.88562,0.249254,0.36288,3.6288,61.308,0.66528,0,0,1.91625,0.203635,1.04733,0.66528,12.849,1,0.745062,0.36288,0,127.306,3.11524,123.809,0.84672,12.849,0.84672,3695.15,0,0,0,2.87161,2.7239,12.2467,0.924465,16.9177,0.42336,0,0.42336,460.49,0,1.02816,0,0,3.89977,2.87161,1.028160,1,0,141.774,0,0,0,141.774,0
54.937,2.53318,0,0,5.56521,0.265925,0.36288,3.6288,61.308,0.66528,0,0,1.86199,0.214542,0.982167,0.66528,12.849,1,0.619579,0.36288,0,131.891,3.35809,128.277,0.84672,12.849,0.84672,3695.15,0,0,0,3.15202,2.72397,11.7504,0.962251,16.6641,0.42336,0,0.42336,460.49,0,1.02816,0,0,4.18018,3.15202,1.028160,1,0,145.923,0,0,0,145.923,0
56.2602,2.55522,0,0,4.51818,0.27679,0.36288,3.6288,61.308,0.66528,0,0,1.49599,0.218905,0.611805,0.66528,12.849,1,0.597631,0.36288,0,116.233,3.45524,112.543,0.84672,12.849,0.84672,3695.15,0,0,0,2.3642,2.37512,8.43791,0.977365,12.1999,0.42336,0,0.42336,460.49,0,1.02816,0,0,3.39236,2.3642,1.028160,1,0,125.355,0,0,0,125.355,0
57.4337,2.56674,0,0,4.38352,0.280471,0.36288,3.6288,61.308,0.66528,0,0,1.55249,0.218905,0.668302,0.66528,12.849,1,0.586205,0.36288,0,84.2345,3.45524,80.5559,0.84672,12.849,0.84672,3695.15,0,0,0,2.59112,2.37518,8.46124,0.977365,12.4502,0.42336,0,0.42336,460.49,0,1.02816,0,0,3.61928,2.59112,1.028160,1,0,93.6744,0,0,0,93.6744,0
58.7881,2.57661,0,0,4.57764,0.283735,0.36288,3.6288,61.308,0.66528,0,0,1.3956,0.218905,0.511417,0.66528,12.849,1,0.576436,0.36288,0,118.371,3.45524,114.703,0.84672,12.849,0.84672,3695.15,0,0,0,2.33832,2.37524,8.8344,0.977365,12.5706,0.42336,0,0.42336,460.49,0,1.02816,0,0,3.36648,2.33832,1.028160,1,0,127.785,0,0,0,127.785,0
60.1501,2.58758,0,0,4.59524,0.282743,0.36288,3.6288,61.308,0.66528,0,0,1.43898,0.166031,0.607672,0.66528,12.849,1,0.565554,0.36288,0,110.794,2.9531,107.638,0.84672,12.849,0.84672,3695.15,0,0,0,2.86487,2.3753,8.68709,0.736117,13.1911,0.42336,0,0.42336,460.49,0,1.02816,0,0,3.89303,2.86487,1.028160,1,0,121.437,0,0,0,121.437,0
62.6514,2.70225,0,0,5.86654,0.30011,0.36288,3.6288,61.308,0.66528,0,0,1.85039,0.201027,0.984079,0.66528,12.849,1,0.577243,0.36288,0,93.3872,4.40052,88.7723,0.84672,12.849,0.84672,3695.15,0,0,0,3.12195,2.37536,11.5182,1.10395,15.9116,0.42336,0,0.42336,460.49,0,1.02816,0,0,4.15011,3.12195,1.028160,1,0,105.668,0,0,0,105.668,0
65.6392,2.72146,0,0,6.33659,0.264443,0.36288,3.6288,61.308,0.66528,0,0,1.45059,0.176962,0.608345,0.66528,12.849,1,0.558136,0.36288,0,165.709,4.05174,161.462,0.84672,12.849,0.84672,3695.15,0,0,0,2.90001,2.46146,11.1945,1.05385,15.5021,0.42336,0,0.42336,460.49,0,1.02816,0,0,3.92817,2.90001,1.028160,1,0,177.573,0,0,0,177.573,0
66.4486,2.74279,0,0,4.18593,0.270911,0.36288,3.6288,61.308,0.66528,0,0,1.09637,0.176962,0.254131,0.66528,12.849,1,0.536906,0.36288,0,118.94,4.05174,114.714,0.84672,12.849,0.84672,3695.15,0,0,0,1.67937,2.46152,7.44276,1.05385,10.5298,0.42336,0,0.42336,460.49,0,1.02816,0,0,2.70753,1.67937,1.028160,1,0,125.498,0,0,0,125.498,0
67.6836,2.74835,0,0,4.61888,0.272663,0.36288,3.6288,61.308,0.66528,0,0,1.13856,0.176962,0.29632,0.66528,12.849,1,0.531442,0.36288,0,89.9044,4.05174,85.6841,0.84672,12.849,0.84672,3695.15,0,0,0,1.85724,2.46158,8.76779,1.05385,12.0328,0.42336,0,0.42336,460.49,0,1.02816,0,0,2.8854,1.85724,1.028160,1,0,98.0132,0,0,0,98.0132,0
68.2982,2.96924,0,0,4.2094,0.262701,0.36288,3.6288,61.308,0.66528,0,0,1.31447,0.208669,0.440523,0.66528,12.849,1,0.563678,0.36288,0,90.4297,4.07505,86.1538,0.84672,12.849,0.84672,3695.15,0,0,0,2.42461,2.46165,8.73383,1.06646,12.5536,0.42336,0,0.42336,460.49,0,1.02816,0,0,3.45277,2.42461,1.028160,1,0,99.148,0,0,0,99.148,0
68.4644,2.71907,0,0,3.51221,0.26397,0.36288,3.6288,61.308,0.66528,0,0,1.1914,0.208669,0.317455,0.66528,12.849,1,0.511542,0.36288,0,73.1281,4.07505,68.9044,0.84672,12.849,0.84672,3695.15,0,0,0,1.94556,2.25126,6.94112,1.06646,10.0715,0.42336,0,0.42336,460.49,0,1.02816,0,0,2.97372,1.94556,1.028160,1,0,79.2933,0,0,0,79.2933,0
68.2311,2.7202,0,0,3.11409,0.264314,0.36288,3.6288,61.308,0.66528,0,0,1.08219,0.208669,0.208237,0.66528,12.849,1,0.510511,0.36288,0,63.3623,4.07505,59.1396,0.84672,12.849,0.84672,3695.15,0,0,0,1.56845,2.42829,6.00246,1.06646,8.93274,0.42336,0,0.42336,460.49,0,1.02816,0,0,2.59661,1.56845,1.028160,1,0,68.2806,0,0,0,68.2806,0
67.7115,2.71882,0,0,2.82167,0.259644,0.36288,3.6288,61.308,0.66528,0,0,0.970272,0.20298,0.102012,0.66528,12.849,1,0.511996,0.36288,0,55.8265,3.95709,51.7203,0.84672,12.849,0.84672,3695.15,0,0,0,1.33263,2.42835,5.49016,1.03654,8.21461,0.42336,0,0.42336,460.49,0,1.02816,0,0,2.36079,1.33263,1.028160,1,0,60.0369,0,0,0,60.0369,0
67.0784,2.85647,0,0,2.78737,0.20106,0.36288,3.6288,61.308,0.66528,0,0,0.974748,0.204393,0.105075,0.66528,12.849,1,0.542047,0.36288,0,56.2585,3.87591,52.2034,0.84672,12.849,0.84672,3695.15,0,0,0,1.78512,2.42841,5.57302,0.942281,8.84428,0.42336,0,0.42336,460.49,0,1.02816,0,0,2.81328,1.78512,1.028160,1,0,61.1528,0,0,0,61.1528,0
66.5308,2.85226,0,0,2.84328,0.175803,0.36288,3.6288,61.308,0.66528,0,0,0.973011,0.231052,0.076679,0.66528,12.849,1,0.546357,0.36288,0,54.4243,4.34584,49.895,0.84672,12.849,0.84672,3695.15,0,0,0,1.56569,2.54582,5.39749,1.00622,8.50277,0.42336,0,0.42336,460.49,0,1.02816,0,0,2.59385,1.56569,1.028160,1,0,58.4744,0,0,0,58.4744,0
65.7291,2.84858,0,0,2.58482,0.175042,0.36288,3.6288,61.308,0.66528,0,0,0.934675,0.231052,0.0383433,0.66528,12.849,1,0.550143,0.36288,0,52.1195,4.34584,47.5864,0.84672,12.849,0.84672,3695.15,0,0,0,0.999709,2.54588,5.21405,1.00622,7.75342,0.42336,0,0.42336,460.49,0,1.02816,0,0,2.02787,0.999709,1.028160,1,0,55.3782,0,0,0,55.3782,0
64.6383,2.84305,0,0,2.28912,0.173929,0.36288,3.6288,61.25,0.66528,0,0,0.838339,0.231052,0,0.66528,12.849,1,0.555772,0.36288,0,44.9444,4.34584,40.4057,0.84672,12.849,0.84672,3695.15,0,0,0,0.764001,2.54595,4.90868,1.00622,7.21241,0.42336,0,0.42336,460.49,0,1.02816,0,0,1.79216,0.764001,1.028160,1,0,47.6181,0,0,0,47.6181,0
63.5449,2.83532,0,0,2.25497,0.150218,0.36288,3.6288,61.166,0.66528,0,0,0.806319,0.22506,0,0.66528,12.849,1,0.563612,0.36288,0,40.3797,4.48418,35.6948,0.84672,12.849,0.84672,3695.15,0,0,0,0.884209,2.54601,5.04604,1.03123,7.44503,0.42336,0,0.42336,460.49,0,1.02816,0,0,1.91237,0.884209,1.028160,1,0,43.1398,0,0,0,43.1398,0
62.7635,2.79976,0,0,2.50055,0.119315,0.36288,3.6288,61.0531,0.66528,0,0,0.743679,0.191326,0,0.66528,12.849,1,0.566121,0.36288,0,38.7338,4.52687,34.0037,0.84672,12.849,0.84672,3695.15,0,0,0,0.960561,2.54608,5.5887,1.01875,8.07659,0.42336,0,0.42336,460.49,0,1.02816,0,0,1.98872,0.960561,1.028160,1,0,42.0803,0,0,0,42.0803,0
61.7642,2.79399,0,0,2.2761,0.118557,0.36288,3.6288,60.8921,0.66528,0,0,0.695555,0.191189,0,0.66528,12.849,1,0.571989,0.36288,0,37.1844,4.52687,32.4484,0.84672,12.849,0.84672,3695.15,0,0,0,0.694967,2.58717,5.25007,1.01875,7.51346,0.42336,0,0.42336,460.49,0,1.02816,0,0,1.72313,0.694967,1.028160,1,0,39.9619,0,0,0,39.9619,0
60.6033,2.78641,0,0,2.09294,0.104448,0.36288,3.6288,60.6671,0.66528,0,0,0.664088,0.223815,0,0.66528,12.849,1,0.579667,0.36288,0,32.9652,4.95031,27.7981,0.84672,12.849,0.84672,3695.15,0,0,0,0.686388,2.58723,5.05169,1.17331,7.15199,0.42336,0,0.42336,460.49,0,1.02816,0,0,1.71455,0.686388,1.028160,1,0,34.9501,0,0,0,34.9501,0
59.344,2.77734,0,0,1.96699,0.0860958,0.36288,3.6288,60.3542,0.66528,0,0,0.619523,0.267194,0,0.66528,12.849,1,0.588845,0.36288,0,29.264,5.51492,23.5231,0.84672,12.849,0.84672,3695.15,0,0,0,0.654584,2.5873,4.86319,1.3794,6.72567,0.42336,0,0.42336,460.49,0,1.02816,0,0,1.68274,0.654584,1.028160,1,0,30.2488,0,0,0,30.2488,0
57.9855,2.83753,0,0,1.92633,0.0844296,0.36288,3.6288,60.0162,0.66528,0,0,0.601637,0.274339,0,0.66528,12.849,1,0.614374,0.36288,0,29.0688,5.52968,23.2876,0.84672,12.849,0.84672,3695.15,0,0,0,0.654411,2.58737,4.13296,1.45348,5.92125,0.42336,0,0.42336,460.49,0,1.02816,0,0,1.68257,0.654411,1.028160,1,0,29.2088,0,0,0,29.2088,0
56.5783,2.82583,0,0,1.86468,0.0832164,0.36288,3.6288,59.6644,0.66528,0,0,0.588517,0.275026,0,0.66528,12.849,1,0.626176,0.36288,0,27.4441,5.53214,21.6487,0.84672,12.849,0.84672,3695.15,0,0,0,0.688677,2.64558,4.18682,1.46583,6.05525,0.42336,0,0.42336,460.49,0,1.02816,0,0,1.71684,0.688677,1.028160,1,0,27.7039,0,0,0,27.7039,0
54.9461,2.81322,0,0,1.62597,0.0820745,0.36288,3.6288,59.2797,0.66528,0,0,0.554968,0.274409,0,0.66528,12.849,1,0.638887,0.36288,0,26.0011,5.53214,20.193,0.84672,12.849,0.84672,3695.15,0,0,0,0.529226,2.64565,4.00058,1.46583,5.70962,0.42336,0,0.42336,460.49,0,1.02816,0,0,1.55739,0.529226,1.028160,1,0,25.9026,0,0,0,25.9026,0
53.2082,2.79793,0,0,1.49952,0.0765221,0.36288,3.6288,58.8836,0.66528,0,0,0.545433,0.276291,0,0.66528,12.849,1,0.654288,0.36288,0,24.5297,5.60691,18.6313,0.84672,12.849,0.84672,3695.15,0,0,0,0.460408,2.64572,3.96418,1.48077,5.58953,0.42336,0,0.42336,460.49,0,1.02816,0,0,1.48857,0.460408,1.028160,1,0,24.2209,0,0,0,24.2209,0
50.8697,2.98278,0,0,1.06904,0.0619705,0.36288,3.6288,58.4094,0.66528,0,0,0.477741,0.286636,0,0.66528,12.849,1,0.720298,0.36288,0,20.1804,5.90463,13.9184,0.84672,12.849,0.84672,3695.15,0,0,0,0.345807,2.64578,3.52407,1.48893,5.02674,0.42336,0,0.42336,460.49,0,1.02816,0,0,1.37397,0.345807,1.028160,1,0,18.9451,0,0,0,18.9451,0
48.4315,2.95644,0,0,0.941224,0.0600811,0.36288,3.6288,57.8143,0.691563,0,0,0.391724,0.295196,0,0.66528,12.849,1,0.746756,0.36288,0,14.4463,5.97072,8.09166,0.84672,12.849,0.84672,3695.15,0,0,0,0.227405,2.84483,3.30361,1.51895,4.85689,0.42336,0,0.42336,460.49,0,1.00188,0,0,1.22928,0.227405,1.028160,1,0,12.9485,0,0,0,12.9485,0
46.5247,2.92681,0,0,1.45379,0.0708494,0.36288,3.6288,57.3293,0.66528,0,0,0.471176,0.290918,0,0.66528,12.849,1,0.776491,0.36288,0,23.3328,5.88166,17.0376,0.84672,12.849,0.84672,3695.15,0,0,0,0.445418,2.8449,3.49129,1.50803,5.27359,0.42336,0,0.42336,460.49,0,1.02816,0,0,1.47358,0.445418,1.028160,1,0,22.3111,0,0,0,22.3111,0
45.1572,2.90196,0,0,1.97304,0.0757396,0.36288,3.6288,56.9785,0.66528,0,0,0.595691,0.281269,0,0.66528,12.849,1,0.801451,0.36288,0,28.5033,5.95387,22.1108,0.84672,12.849,0.84672,3695.15,0,0,0,0.485948,2.84497,3.77069,1.49088,5.61073,0.42336,0,0.42336,460.49,0,1.02816,0,0,1.51411,0.485948,1.028160,1,0,27.7216,0,0,0,27.7216,0
44.0896,2.88315,0,0,2.25138,0.072969,0.36288,3.6288,56.7478,0.66528,0,0,0.716395,0.281795,0,0.66528,12.849,1,0.820371,0.36288,0,24.5717,6.00666,18.1076,0.84672,12.849,0.84672,3695.15,0,0,0,0.990282,2.84505,4.43635,1.47029,6.80138,0.42336,0,0.42336,460.49,0,1.02816,0,0,2.01844,0.990282,1.028160,1,0,24.909,0,0,0,24.909,0
42.7923,2.77321,0,0,1.92404,0.0851655,0.36288,3.6288,56.5865,0.66528,0,0,0.803192,0.299242,0,0.66528,12.849,1,0.808195,0.36288,0,36.2805,5.86509,29.9701,0.84672,12.849,0.84672,3695.15,0,0,0,0.797999,2.84512,4.94016,1.35294,7.23034,0.42336,0,0.42336,460.49,0,1.02816,0,0,1.82616,0.797999,1.028160,1,0,37.2004,0,0,0,37.2004,0
42.8866,2.75445,0,0,3.29549,0.0839062,0.36288,3.6288,56.8642,0.66528,0,0,1.24191,0.298928,0,0.66528,12.849,1,0.827062,0.36288,0,35.0523,5.86509,28.723,0.84672,12.849,0.84672,3695.15,0,0,0,2.36802,2.73003,7.49624,1.35294,11.2413,0.42336,0,0.42336,460.49,0,1.02816,0,0,3.39618,2.36802,1.028160,1,0,39.9644,0,0,0,39.9644,0
41.3016,2.75593,0,0,1.61776,0.0839977,0.36288,3.6288,56.6608,0.66528,0,0,0.761426,0.299469,0,0.66528,12.849,1,0.825688,0.36288,0,35.3156,5.86509,28.9877,0.84672,12.849,0.84672,3695.15,0,0,0,1.02277,2.7301,4.29831,1.35294,6.69824,0.42336,0,0.42336,460.49,0,1.02816,0,0,2.05093,1.02277,1.028160,1,0,35.6859,0,0,0,35.6859,0
39.7882,2.73185,0,0,1.66384,0.082459,0.36288,3.6288,56.5236,0.66528,0,0,0.82715,0.299073,0,0.66528,12.849,1,0.849883,0.36288,0,23.0311,5.86509,16.679,0.84672,12.849,0.84672,3695.15,0,0,0,0.719513,2.73017,3.48647,1.35294,5.58322,0.42336,0,0.42336,460.49,0,1.02816,0,0,1.74767,0.719513,1.028160,1,0,22.2623,0,0,0,22.2623,0
39.3319,2.63165,0,0,2.66898,0.130748,0.36288,3.6288,56.4833,0.66528,0,0,0.865239,0.240341,0,0.66528,12.849,1,0.84985,0.36288,0,49.0443,4.23053,44.3268,0.84672,12.849,0.84672,3695.15,0,0,0,0.87061,2.73024,7.57445,1.06675,10.1086,0.42336,0,0.42336,460.49,0,1.02816,0,0,1.89877,0.87061,1.028160,1,0,54.4353,0,0,0,54.4353,0
39.0693,2.62429,0,0,2.84754,0.122986,0.36288,3.6288,57.4361,0.66528,0,0,1.83852,0.220427,0,0.66528,12.849,1,0.857307,0.36288,0,70.7774,3.82935,66.4536,0.84672,12.849,0.84672,3695.15,0,0,0,3.1399,2.62752,10.7389,0.990298,15.5161,0.42336,0,0.42336,460.49,0,1.02816,0,0,4.16806,3.1399,1.028160,1,0,81.9697,0,0,0,81.9697,0
38.5795,2.62004,0,0,2.61569,0.122614,0.36288,3.6288,57.4917,0.66528,0,0,0.942676,0.221796,0,0.66528,12.849,1,0.86167,0.36288,0,53.6177,3.82935,49.2895,0.84672,12.849,0.84672,3695.15,0,0,0,0.80873,2.62759,6.27738,0.990298,8.7234,0.42336,0,0.42336,460.49,0,1.02816,0,0,1.83689,0.80873,1.028160,1,0,58.0129,0,0,0,58.0129,0
39.1065,2.61191,0,0,3.64001,0.138202,0.36288,3.6288,58.2745,0.66528,0,0,1.69509,0.247022,0,0.66528,12.849,1,0.869903,0.36288,0,80.3072,4.38033,75.4199,0.84672,12.849,0.84672,3695.15,0,0,0,2.25486,2.62766,10.3724,1.14568,14.1093,0.42336,0,0.42336,460.49,0,1.02816,0,0,3.28302,2.25486,1.028160,1,0,89.5292,0,0,0,89.5292,0
40.0703,2.40629,0,0,3.88924,0.156264,0.36288,3.6288,58.77,0.66528,0,0,1.4405,0.279697,0,0.66528,12.849,1,0.790622,0.36288,0,83.0015,4.54058,78.0332,0.84672,12.849,0.84672,3695.15,0,0,0,2.03508,2.62772,8.49383,1.18649,11.9701,0.42336,0,0.42336,460.49,0,1.02816,0,0,3.06324,2.03508,1.028160,1,0,90.0034,0,0,0,90.0034,0
41.3394,2.42076,0,0,4.23389,0.181103,0.36288,3.6288,59.1037,0.66528,0,0,1.23534,0.236298,0,0.66528,12.849,1,0.776246,0.36288,0,72.2745,3.94082,67.9203,0.84672,12.849,0.84672,3695.15,0,0,0,1.22848,2.39944,6.31667,1.03301,8.91158,0.42336,0,0.42336,460.49,0,1.02816,0,0,2.25664,1.22848,1.028160,1,0,76.8319,0,0,0,76.8319,0
42.4474,2.43902,0,0,4.1062,0.196358,0.36288,3.6288,59.5703,0.66528,0,0,1.32282,0.190979,0,0.66528,12.849,1,0.758088,0.36288,0,92.9336,3.74398,88.7944,0.84672,12.849,0.84672,3695.15,0,0,0,1.21666,2.3995,7.10845,0.993613,9.73099,0.42336,0,0.42336,460.49,0,1.02816,0,0,2.24482,1.21666,1.028160,1,0,98.5254,0,0,0,98.5254,0
46.7396,2.45428,0,0,7.30827,0.198918,0.36288,3.6288,61.308,0.66528,0,0,3.32716,0.19155,0.732627,0.66528,12.849,1,0.742921,0.36288,0,127.424,3.74398,123.3,0.84672,12.849,0.84672,3695.15,0,0,0,3.98498,2.39956,13.2059,0.993613,18.5968,0.42336,0,0.42336,460.49,0,1.02816,0,0,5.01314,3.98498,1.028160,1,0,142.629,0,0,0,142.629,0
48.7951,2.50787,0,0,5.12986,0.203605,0.36288,3.6288,61.308,0.66528,0,0,1.65019,0.214202,0.770706,0.66528,12.849,1,0.689429,0.36288,0,138.144,3.91977,133.898,0.84672,12.849,0.84672,3695.15,0,0,0,2.01766,2.39962,9.96926,1.02893,13.3576,0.42336,0,0.42336,460.49,0,1.02816,0,0,3.04582,2.01766,1.028160,1,0,148.026,0,0,0,148.026,0
53.9845,2.61771,0,0,8.38089,0.210826,0.36288,3.6288,61.308,0.66528,0,0,3.77114,0.248186,2.85767,0.66528,12.849,1,0.68931,0.36288,0,193.245,4.6598,188.259,0.84672,12.849,0.84672,3695.15,0,0,0,4.84862,2.39968,17.7769,1.11664,23.9086,0.42336,0,0.42336,460.49,0,1.02816,0,0,5.87678,4.84862,1.028160,1,0,215.025,0,0,0,215.025,0
59.2317,2.67129,0,0,8.50392,0.222561,0.36288,3.6288,61.308,0.66528,0,0,3.05982,0.248186,2.14636,0.66528,12.849,1,0.6358,0.36288,0,166.856,4.6598,161.923,0.84672,12.849,0.84672,3695.15,0,0,0,3.934,2.47095,13.0126,1.11664,18.3009,0.42336,0,0.42336,460.49,0,1.02816,0,0,4.96216,3.934,1.028160,1,0,182.37,0,0,0,182.37,0
64.3695,2.71763,0,0,8.45268,0.234411,0.36288,3.6288,61.308,0.66528,0,0,3.82101,0.248186,2.90755,0.66528,12.849,1,0.589528,0.36288,0,207.82,4.6598,202.933,0.84672,12.849,0.84672,3695.15,0,0,0,5.30666,2.47099,15.7791,1.11664,22.4401,0.42336,0,0.42336,460.49,0,1.02816,0,0,6.33482,5.30666,1.028160,1,0,228.281,0,0,0,228.281,0
66.4777,2.75691,0,0,5.49797,0.269979,0.36288,3.6288,61.308,0.66528,0,0,2.30793,0.241045,1.4016,0.66528,12.849,1,0.550315,0.36288,0,117.208,4.73576,112.284,0.84672,12.849,0.84672,3695.15,0,0,0,2.98666,2.47103,10.087,1.24909,14.2956,0.42336,0,0.42336,460.49,0,1.02816,0,0,4.01482,2.98666,1.028160,1,0,127.982,0,0,0,127.982,0
67.3566,3.06664,0,0,4.56735,0.258923,0.36288,3.6288,61.308,0.66528,0,0,2.54104,0.212273,1.66349,0.66528,12.849,1,0.592729,0.36288,0,106.805,4.03095,102.544,0.84672,12.849,0.84672,3695.15,0,0,0,2.86251,2.47108,13.2189,1.08348,17.469,0.42336,0,0.42336,460.49,0,1.02816,0,0,3.89067,2.86251,1.028160,1,0,121.677,0,0,0,121.677,0
67.7043,3.0732,0,0,4.04262,0.25882,0.36288,3.6288,61.308,0.66528,0,0,2.4024,0.180813,1.5563,0.66528,12.849,1,0.586246,0.36288,0,96.2738,3.42835,92.6221,0.84672,12.849,0.84672,3695.15,0,0,0,2.74279,2.72731,12.2618,0.878113,16.8538,0.42336,0,0.42336,460.49,0,1.02816,0,0,3.77095,2.74279,1.028160,1,0,111.032,0,0,0,111.032,0
68.1411,3.07579,0,0,4.13495,0.259529,0.36288,3.6288,61.308,0.66528,0,0,2.28257,0.180813,1.43647,0.66528,12.849,1,0.583727,0.36288,0,90.9161,3.42835,87.2669,0.84672,12.849,0.84672,3695.15,0,0,0,2.4301,2.72735,9.08522,0.878113,13.3646,0.42336,0,0.42336,460.49,0,1.02816,0,0,3.45826,2.4301,1.028160,1,0,102.068,0,0,0,102.068,0
68.036,3.079,0,0,3.59223,0.255389,0.36288,3.6288,61.308,0.66528,0,0,2.44518,0.191878,1.58802,0.66528,12.849,1,0.580591,0.36288,0,83.325,3.69043,79.4169,0.84672,12.849,0.84672,3695.15,0,0,0,2.5117,2.7274,9.76683,0.960104,14.0458,0.42336,0,0.42336,460.49,0,1.02816,0,0,3.53986,2.5117,1.028160,1,0,95.0507,0,0,0,95.0507,0
68.5489,2.65587,0,0,3.79331,0.261641,0.36288,3.6288,61.308,0.66528,0,0,1.93674,0.149888,1.12157,0.66528,12.849,1,0.501577,0.36288,0,88.3267,3.74705,84.441,0.84672,12.849,0.84672,3695.15,0,0,0,2.28017,2.72745,8.24567,1.01845,12.2348,0.42336,0,0.42336,460.49,0,1.02816,0,0,3.30833,2.28017,1.028160,1,0,97.7974,0,0,0,97.7974,0
69.5319,2.65909,0,0,4.28641,0.281462,0.36288,3.6288,61.308,0.66528,0,0,1.22019,0.107189,0.447723,0.66528,12.849,1,0.498427,0.36288,0,87.3893,3.07597,84.1778,0.84672,12.849,0.84672,3695.15,0,0,0,1.47227,2.3781,6.06768,0.810404,9.10765,0.42336,0,0.42336,460.49,0,1.02816,0,0,2.50043,1.47227,1.028160,1,0,93.7331,0,0,0,93.7331,0
70.1421,2.66509,0,0,3.92175,0.283622,0.36288,3.6288,61.308,0.66528,0,0,1.16256,0.107189,0.390086,0.66528,12.849,1,0.492489,0.36288,0,86.0604,3.07597,82.8549,0.84672,12.849,0.84672,3695.15,0,0,0,1.3916,2.37814,5.8124,0.810404,8.77174,0.42336,0,0.42336,460.49,0,1.02816,0,0,2.41976,1.3916,1.028160,1,0,92.0167,0,0,0,92.0167,0
72.29,2.66877,0,0,6.68045,0.284964,1.5788,3.6288,61.308,0.66528,0,0,1.82951,0.107189,1.05704,0.66528,12.849,1,0.488879,1.5788,0,156.998,3.07597,155.012,0.84672,12.849,0.84672,3695.15,0,0,0,2.85092,2.37818,10.2883,0.810404,14.7071,0.42336,0,0.42336,460.49,0,1.02816,0,0,3.87908,2.85092,1.028160,1,0,170.776,0,0,0,170.776,0
72.29,2.93792,0,0,5.60557,0.278221,2.38943,3.6288,61.308,0.66528,0,0,2.10921,0.115137,1.3288,0.66528,12.849,1,0.522192,2.38943,0,135.199,3.46209,133.604,0.84672,12.849,0.84672,3695.15,0,0,0,3.83251,2.37823,13.9874,0.874285,19.3238,0.42336,0,0.42336,460.49,0,1.02816,0,0,4.86067,3.83251,1.028160,1,0,154.256,0,0,0,154.256,0
72.29,3.04532,0,0,4.45455,0.32617,1.08306,3.6288,61.308,0.66528,0,0,1.10013,0.146513,0.288338,0.66528,12.849,1,0.541282,1.08306,0,79.996,3.82347,76.7143,0.84672,12.849,0.84672,3695.15,0,0,0,2.03852,2.2013,7.29043,0.923758,10.6065,0.42336,0,0.42336,460.49,0,1.02816,0,0,3.06668,2.03852,1.028160,1,0,87.6092,0,0,0,87.6092,0
72.29,3.04538,0,0,4.73832,0.32617,1.36678,3.6288,61.308,0.66528,0,0,1.72302,0.146513,0.91123,0.66528,12.849,1,0.541293,1.36678,0,93.2455,3.82347,90.2475,0.84672,12.849,0.84672,3695.15,0,0,0,2.4601,2.28749,7.52103,0.923758,11.3449,0.42336,0,0.42336,460.49,0,1.02816,0,0,3.48826,2.4601,1.028160,1,0,102.504,0,0,0,102.504,0
71.9698,3.04543,0,0,3.41426,0.32617,0.36288,3.6288,61.308,0.66528,0,0,0.914069,0.146513,0.102276,0.66528,12.849,1,0.541303,0.36288,0,59.6398,3.82347,55.638,0.84672,12.849,0.84672,3695.15,0,0,0,1.28987,2.28754,5.89492,0.923758,8.54856,0.42336,0,0.42336,460.49,0,1.02816,0,0,2.31803,1.28987,1.028160,1,0,64.2888,0,0,0,64.2888,0
71.3961,3.04345,0,0,3.158,0.325377,0.36288,3.6288,61.308,0.66528,0,0,1.03338,0.146513,0.221586,0.66528,12.849,1,0.543357,0.36288,0,68.4522,3.82347,64.4483,0.84672,12.849,0.84672,3695.15,0,0,0,1.36273,2.28758,6.10984,0.923758,8.83638,0.42336,0,0.42336,460.49,0,1.02816,0,0,2.39089,1.36273,1.028160,1,0,73.5062,0,0,0,73.5062,0
71.2853,2.99791,0,0,3.51013,0.260075,0.36288,3.6288,61.308,0.66528,0,0,1.22482,0.214634,0.34491,0.66528,12.849,1,0.539527,0.36288,0,69.3861,4.51893,64.6905,0.84672,12.849,0.84672,3695.15,0,0,0,1.63043,2.28762,6.3078,1.05629,9.16957,0.42336,0,0.42336,460.49,0,1.02816,0,0,2.65859,1.63043,1.028160,1,0,74.205,0,0,0,74.205,0
70.8655,2.74104,0,0,2.94367,0.259554,0.36288,3.6288,61.308,0.66528,0,0,0.98585,0.220436,0.100134,0.66528,12.849,1,0.494065,0.36288,0,55.6573,4.56698,50.9592,0.84672,12.849,0.84672,3695.15,0,0,0,1.16564,2.25414,5.18919,1.06502,7.54396,0.42336,0,0.42336,460.49,0,1.02816,0,0,2.1938,1.16564,1.028160,1,0,58.6033,0,0,0,58.6033,0
69.9919,2.73862,0,0,2.48661,0.258721,0.36288,3.6288,61.308,0.66528,0,0,0.908323,0.220436,0.0226069,0.66528,12.849,1,0.496553,0.36288,0,48.7928,4.56698,44.0922,0.84672,12.849,0.84672,3695.15,0,0,0,0.940144,2.43115,4.72393,1.06502,7.0302,0.42336,0,0.42336,460.49,0,1.02816,0,0,1.9683,0.940144,1.028160,1,0,51.145,0,0,0,51.145,0
68.9086,2.73343,0,0,2.26997,0.256987,0.36288,3.6288,61.2042,0.66528,0,0,0.781868,0.220436,0,0.66528,12.849,1,0.501799,0.36288,0,48.3254,4.56698,43.6195,0.84672,12.849,0.84672,3695.15,0,0,0,0.497379,2.43119,4.82249,1.06502,6.68605,0.42336,0,0.42336,460.49,0,1.02816,0,0,1.52554,0.497379,1.028160,1,0,50.3056,0,0,0,50.3056,0
68.2858,2.86829,0,0,2.85553,0.247131,0.36288,3.6288,61.2966,0.66528,0,0,0.971058,0.213314,0,0.66528,12.849,1,0.534833,0.36288,0,51.1642,4.56824,46.424,0.84672,12.849,0.84672,3695.15,0,0,0,0.667379,2.43123,4.76245,1.05443,6.80663,0.42336,0,0.42336,460.49,0,1.02816,0,0,1.69554,0.667379,1.028160,1,0,53.2306,0,0,0,53.2306,0
67.3102,2.86424,0,0,2.45645,0.204998,0.36288,3.6288,61.308,0.66528,0,0,1.04833,0.215392,0.15627,0.66528,12.849,1,0.538949,0.36288,0,42.3744,4.72106,37.4772,0.84672,12.849,0.84672,3695.15,0,0,0,1.04733,2.54876,4.69142,1.07073,7.21679,0.42336,0,0.42336,460.49,0,1.02816,0,0,2.07549,1.04733,1.028160,1,0,44.8503,0,0,0,44.8503,0
66.2493,2.85774,0,0,2.28697,0.127245,0.36288,3.6288,61.308,0.66528,0,0,0.927858,0.243569,0.0190094,0.66528,12.849,1,0.54552,0.36288,0,41.296,5.09891,36.0145,0.84672,12.849,0.84672,3695.15,0,0,0,0.909827,2.54881,4.37759,1.14674,6.68947,0.42336,0,0.42336,460.49,0,1.02816,0,0,1.93799,0.909827,1.028160,1,0,42.7229,0,0,0,42.7229,0
64.9897,2.85048,0,0,2.07993,0.12618,0.36288,3.6288,61.1484,0.66528,0,0,0.749287,0.243569,0,0.66528,12.849,1,0.552848,0.36288,0,37.5913,5.09891,32.3024,0.84672,12.849,0.84672,3695.15,0,0,0,0.612109,2.54885,3.91374,1.14674,5.92795,0.42336,0,0.42336,460.49,0,1.02816,0,0,1.64027,0.612109,1.028160,1,0,38.2303,0,0,0,38.2303,0
63.6576,2.84159,0,0,1.99799,0.125589,0.36288,3.6288,60.8649,0.66528,0,0,0.629598,0.247873,0,0.66528,12.849,1,0.561806,0.36288,0,33.8522,5.14317,28.5101,0.84672,12.849,0.84672,3695.15,0,0,0,0.512905,2.54889,3.57027,1.16569,5.46638,0.42336,0,0.42336,460.49,0,1.02816,0,0,1.54106,0.512905,1.028160,1,0,33.9765,0,0,0,33.9765,0
61.9659,2.80425,0,0,1.60366,0.128236,0.36288,3.6288,60.6238,0.66528,0,0,0.698872,0.274681,0,0.66528,12.849,1,0.566025,0.36288,0,30.129,5.40876,24.5171,0.84672,12.849,0.84672,3695.15,0,0,0,0.359951,2.54894,2.46737,1.27936,4.0969,0.42336,0,0.42336,460.49,0,1.02816,0,0,1.38811,0.359951,1.028160,1,0,28.614,0,0,0,28.614,0
60.224,2.79151,0,0,1.53901,0.126474,0.36288,3.6288,60.3936,0.66528,0,0,0.709361,0.274262,0,0.66528,12.849,1,0.578836,0.36288,0,28.3465,5.40876,22.7218,0.84672,12.849,0.84672,3695.15,0,0,0,0.428795,2.59005,2.5994,1.27936,4.33888,0.42336,0,0.42336,460.49,0,1.02816,0,0,1.45695,0.428795,1.028160,1,0,27.0607,0,0,0,27.0607,0
58.474,2.77777,0,0,1.51528,0.124648,0.36288,3.6288,60.1336,0.66528,0,0,0.679121,0.273861,0,0.66528,12.849,1,0.592646,0.36288,0,26.6848,5.40876,21.0463,0.84672,12.849,0.84672,3695.15,0,0,0,0.453963,2.5901,2.71223,1.27936,4.47694,0.42336,0,0.42336,460.49,0,1.02816,0,0,1.48212,0.453963,1.028160,1,0,25.5232,0,0,0,25.5232,0
56.6843,2.76328,0,0,1.44193,0.105474,0.36288,3.6288,59.827,0.66528,0,0,0.662913,0.304266,0,0.66528,12.849,1,0.6072,0.36288,0,25.2996,5.8431,19.2122,0.84672,12.849,0.84672,3695.15,0,0,0,0.399203,2.59015,2.60665,1.42636,4.16964,0.42336,0,0.42336,460.49,0,1.02816,0,0,1.42736,0.399203,1.028160,1,0,23.3819,0,0,0,23.3819,0
54.6703,2.81759,0,0,1.26009,0.0936124,0.36288,3.6288,59.4419,0.730417,0,0,0.668114,0.322784,0,0.66528,12.849,1,0.638681,0.36288,0,25.1178,5.84411,18.9979,0.84672,12.849,0.84672,3695.15,0,0,0,0.261274,2.59019,2.31825,1.4755,3.69422,0.42336,0,0.42336,460.49,0,0.963023,0,0,1.2243,0.261274,1.028160,1,0,22.6921,0,0,0,22.6921,0
52.5421,2.7986,0,0,1.12605,0.0927568,0.36288,3.6288,58.9119,0.749771,0,0,0.540181,0.3204,0,0.66528,12.849,1,0.657745,0.36288,0,19.8844,5.7142,13.8754,0.84672,12.849,0.84672,3695.15,0,0,0,0.261274,2.64845,2.09331,1.45105,3.55198,0.42336,0,0.42336,460.49,0,0.943669,0,0,1.20494,0.261274,1.028160,1,0,17.4274,0,0,0,17.4274,0
50.3524,2.77725,0,0,1.04111,0.0907676,0.36288,3.6288,58.1971,0.8964,0,0,0.500941,0.319313,0,0.66528,12.849,1,0.679166,0.36288,0,19.0674,5.7142,13.037,0.84672,12.849,0.84672,3695.15,0,0,0,0.261274,2.6485,1.82012,1.45105,3.27884,0.42336,0,0.42336,460.49,0,0.79704,0,0,1.05831,0.261274,1.028160,1,0,16.3158,0,0,0,16.3158,0
48.2153,2.75377,0,0,1.06425,0.0846884,0.36288,3.6288,57.7133,0.719721,0,0,0.556311,0.320388,0,0.66528,12.849,1,0.702712,0.36288,0,18.1349,5.78898,12.0061,0.84672,12.849,0.84672,3695.15,0,0,0,0.227405,2.64854,2.25134,1.46599,3.6613,0.42336,0,0.42336,460.49,0,0.973719,0,0,1.20112,0.227405,1.028160,1,0,15.6674,0,0,0,15.6674,0
45.8721,2.92745,0,0,1.02735,0.0801861,0.36288,3.6288,57.1883,0.760908,0,0,0.529914,0.294014,0,0.66528,12.849,1,0.780144,0.36288,0,16.7988,5.75101,10.6306,0.84672,12.849,0.84672,3695.15,0,0,0,0.227405,2.64859,2.32613,1.49594,3.70618,0.42336,0,0.42336,460.49,0,0.932532,0,0,1.15994,0.227405,1.028160,1,0,14.3367,0,0,0,14.3367,0
43.2138,2.89638,0,0,0.691321,0.090394,0.36288,3.6288,56.1149,1.13798,0,0,0.36057,0.295968,0,0.66528,12.849,1,0.81129,0.36288,0,12.5296,5.376,6.70523,0.84672,12.849,0.84672,3695.15,0,0,0,0.227405,2.84783,1.62794,1.45461,3.24857,0.42336,0,0.42336,460.49,0,0.555457,0,0,0.782862,0.227405,1.028160,1,0,9.9538,0,0,0,9.9538,0
40.5591,2.85797,0,0,0.653867,0.0877095,0.36288,3.6288,54.9658,1.18688,0,0,0.331629,0.293906,0,0.66528,12.849,1,0.849777,0.36288,0,11.2605,5.376,5.39762,0.84672,12.849,0.84672,3695.15,0,0,0,0.227405,2.84788,1.60946,1.45461,3.23014,0.42336,0,0.42336,460.49,0,0.506563,0,0,0.733968,0.227405,1.028160,1,0,8.62775,0,0,0,8.62775,0
38.1983,2.81579,0,0,0.902949,0.0850288,0.36288,3.6288,53.9764,1.06491,0,0,0.367271,0.291699,0,0.66528,12.849,1,0.892034,0.36288,0,12.0784,5.376,6.17322,0.84672,12.849,0.84672,3695.15,0,0,0,0.204422,2.84793,1.79419,1.45461,3.39194,0.42336,0,0.42336,460.49,0,0.628534,0,0,0.832956,0.204422,1.028160,1,0,9.56516,0,0,0,9.56516,0
36.2727,2.77459,0,0,1.31465,0.102851,0.36288,3.6288,53.2218,0.960751,0,0,0.488881,0.282769,0,0.66528,12.849,1,0.933306,0.36288,0,20.1553,5.23608,14.3488,0.84672,12.849,0.84672,3695.15,0,0,0,0.204422,2.84798,1.99524,1.43225,3.6154,0.42336,0,0.42336,460.49,0,0.732689,0,0,0.937112,0.204422,1.028160,1,0,17.9642,0,0,0,17.9642,0
34.8099,2.64771,0,0,1.64442,0.0965436,0.36288,3.6288,53.0034,0.66528,0,0,0.696631,0.249717,0,0.66528,12.849,1,0.937907,0.36288,0,23.9916,5.08683,18.3298,0.84672,12.849,0.84672,3695.15,0,0,0,0.24014,2.84803,2.43927,1.36451,4.16293,0.42336,0,0.42336,460.49,0,1.02816,0,0,1.2683,0.24014,1.028160,1,0,22.4927,0,0,0,22.4927,0
32.4722,2.61897,0,0,0.739014,0.0948566,0.36288,3.6288,51.9549,1.20691,0,0,0.407664,0.249281,0,0.66528,12.849,1,0.966712,0.36288,0,20.6029,5.08683,14.9123,0.84672,12.849,0.84672,3695.15,0,0,0,0.204422,2.73279,1.31865,1.36451,2.89135,0.42336,0,0.42336,460.49,0,0.486526,0,0,0.690949,0.204422,1.028160,1,0,17.8036,0,0,0,17.8036,0
30.2843,2.56916,0,0,0.836309,0.0921604,0.36288,3.6288,50.926,1.25956,0,0,0.477871,0.247191,0,0.66528,12.849,1,1.0166,0.36288,0,16.539,5.08683,10.7985,0.84672,12.849,0.84672,3695.15,0,0,0,0.216518,2.73284,1.46838,1.36451,3.05322,0.42336,0,0.42336,460.49,0,0.433877,0,0,0.650396,0.216518,1.028160,1,0,13.8517,0,0,0,13.8517,0
29.6308,2.51765,0,0,2.39977,0.172825,0.36288,3.6288,50.8805,0.66528,0,0,0.878326,0.258576,0,0.66528,12.849,1,1.06818,0.36288,0,27.4447,4.3409,22.3985,0.84672,12.849,0.84672,3695.15,0,0,0,0.651655,2.73289,3.27781,1.19255,5.46981,0.42336,0,0.42336,460.49,0,1.02816,0,0,1.67981,0.651655,1.028160,1,0,27.8683,0,0,0,27.8683,0
28.2169,2.4312,0,0,1.55134,0.171075,0.36288,3.6288,50.6184,0.682707,0,0,0.657109,0.236444,0,0.66528,12.849,1,1.05426,0.36288,0,37.7626,4.21039,32.8608,0.84672,12.849,0.84672,3695.15,0,0,0,0.216518,2.73294,2.93545,1.15044,4.73447,0.42336,0,0.42336,460.49,0,1.01073,0,0,1.22725,0.216518,1.028160,1,0,37.5953,0,0,0,37.5953,0
26.7187,2.39495,0,0,1.43172,0.17215,0.36288,3.6288,49.8784,1.01423,0,0,0.489864,0.21566,0,0.66528,12.849,1,1.09058,0.36288,0,43.1085,4.04786,38.3329,0.84672,12.849,0.84672,3695.15,0,0,0,0.216518,2.63009,3.47965,1.11659,5.20967,0.42336,0,0.42336,460.49,0,0.679208,0,0,0.895726,0.216518,1.028160,1,0,43.5426,0,0,0,43.5426,0
27.3885,2.35371,0,0,3.55496,0.16861,0.36288,3.6288,50.298,0.66528,0,0,1.29926,0.214358,0,0.66528,12.849,1,1.1319,0.36288,0,71.1807,4.04786,66.3639,0.84672,12.849,0.84672,3695.15,0,0,0,1.44802,2.63013,5.32299,1.11659,8.28456,0.42336,0,0.42336,460.49,0,1.02816,0,0,2.47618,1.44802,1.028160,1,0,74.6484,0,0,0,74.6484,0
29.4308,2.37259,0,0,4.94801,0.170192,0.36288,3.6288,51.2195,0.66528,0,0,1.80181,0.215096,0,0.66528,12.849,1,1.11308,0.36288,0,107.434,4.04786,102.636,0.84672,12.849,0.84672,3695.15,0,0,0,3.40356,2.63018,7.20939,1.11659,12.1265,0.42336,0,0.42336,460.49,0,1.02816,0,0,4.43172,3.40356,1.028160,1,0,114.763,0,0,0,114.763,0
31.3066,2.22782,0,0,4.66457,0.198077,0.36288,3.6288,52.3554,0.66528,0,0,2.02633,0.225158,0,0.66528,12.849,1,0.972631,0.36288,0,76.9595,3.78224,72.5675,0.84672,12.849,0.84672,3695.15,0,0,0,2.49194,2.63022,6.58744,0.999734,10.7099,0.42336,0,0.42336,460.49,0,1.02816,0,0,3.5201,2.49194,1.028160,1,0,83.2774,0,0,0,83.2774,0
36.4125,2.26919,0,0,7.91968,0.181678,0.36288,3.6288,53.9609,0.66528,0,0,2.48121,0.210419,0,0.66528,12.849,1,0.931331,0.36288,0,98.1884,4.19286,93.4271,0.84672,12.849,0.84672,3695.15,0,0,0,2.82461,2.40169,9.48715,1.07882,13.6346,0.42336,0,0.42336,460.49,0,1.02816,0,0,3.85277,2.82461,1.028160,1,0,107.062,0,0,0,107.062,0
41.3111,2.36577,0,0,7.82067,0.193459,0.36288,3.6288,56.6019,0.66528,0,0,3.51937,0.213099,0,0.66528,12.849,1,0.834816,0.36288,0,143.934,4.19286,139.269,0.84672,12.849,0.84672,3695.15,0,0,0,2.80662,2.40173,10.0768,1.07882,14.2064,0.42336,0,0.42336,460.49,0,1.02816,0,0,3.83478,2.80662,1.028160,1,0,153.475,0,0,0,153.475,0
42.7373,2.44132,0,0,4.4453,0.214918,0.36288,3.6288,57.4189,0.66528,0,0,1.64775,0.165451,0,0.66528,12.849,1,0.759326,0.36288,0,63.4599,3.61536,59.4481,0.84672,12.849,0.84672,3695.15,0,0,0,1.46249,2.40177,7.92867,0.922237,10.8707,0.42336,0,0.42336,460.49,0,1.02816,0,0,2.49065,1.46249,1.028160,1,0,70.3188,0,0,0,70.3188,0
42.9566,2.46086,0,0,3.26164,0.218526,0.36288,3.6288,57.8661,0.66528,0,0,1.27883,0.166331,0,0.66528,12.849,1,0.739859,0.36288,0,49.6125,3.61536,45.6202,0.84672,12.849,0.84672,3695.15,0,0,0,0.839298,2.40181,7.8986,0.922237,10.2175,0.42336,0,0.42336,460.49,0,1.02816,0,0,1.86746,0.839298,1.028160,1,0,55.8377,0,0,0,55.8377,0
48.6353,2.46377,0,0,8.7115,0.206193,0.36288,3.6288,58.8199,0.66528,0,0,1.82911,0.210066,0,0.66528,12.849,1,0.736951,0.36288,0,168.122,4.19505,163.553,0.84672,12.849,0.84672,3695.15,0,0,0,2.77233,2.40185,5.65968,1.07676,9.7571,0.42336,0,0.42336,460.49,0,1.02816,0,0,3.80049,2.77233,1.028160,1,0,173.31,0,0,0,173.31,0
51.827,2.61868,0,0,6.39069,0.217425,0.36288,3.6288,59.0912,0.66528,0,0,1.15525,0.218614,0,0.66528,12.849,1,0.691831,0.36288,0,140.029,4.29166,135.409,0.84672,12.849,0.84672,3695.15,0,0,0,3.21093,2.40185,4.49729,1.10251,9.00756,0.42336,0,0.42336,460.49,0,1.02816,0,0,4.23909,3.21093,1.028160,1,0,144.416,0,0,0,144.416,0
54.5088,2.65285,0,0,5.92237,0.224892,0.36288,3.6288,59.3555,0.66528,0,0,1.14858,0.218995,0,0.66528,12.849,1,0.657697,0.36288,0,111.923,4.29166,107.336,0.84672,12.849,0.84672,3695.15,0,0,0,2.81461,2.47317,4.26777,1.10251,8.45304,0.42336,0,0.42336,460.49,0,1.02816,0,0,3.84277,2.81461,1.028160,1,0,115.789,0,0,0,115.789,0
57.2426,2.67906,0,0,6.02415,0.248355,0.36288,3.6288,59.2357,0.66528,0,0,0.759491,0.214077,0,0.66528,12.849,1,0.631519,0.36288,0,109.825,4.34863,105.207,0.84672,12.849,0.84672,3695.15,0,0,0,2.05657,2.47319,4.30889,1.20185,7.6368,0.42336,0,0.42336,460.49,0,1.02816,0,0,3.08473,2.05657,1.028160,1,0,112.844,0,0,0,112.844,0
59.2699,2.70373,0,0,5.374,0.280105,0.36288,3.6288,59.113,0.66528,0,0,0.761093,0.21844,0,0.66528,12.849,1,0.606894,0.36288,0,117.694,4.15653,113.294,0.84672,12.849,0.84672,3695.15,0,0,0,1.78586,2.47321,4.01799,1.22065,7.05642,0.42336,0,0.42336,460.49,0,1.02816,0,0,2.81402,1.78586,1.028160,1,0,120.35,0,0,0,120.35,0
61.4781,3.01044,0,0,5.86779,0.286225,0.36288,3.6288,59.6459,0.66528,0,0,1.39939,0.201284,0,0.66528,12.849,1,0.652627,0.36288,0,119.876,3.73443,115.852,0.84672,12.849,0.84672,3695.15,0,0,0,3.35267,2.47323,4.80987,0.99671,9.63907,0.42336,0,0.42336,460.49,0,1.02816,0,0,4.38083,3.35267,1.028160,1,0,125.491,0,0,0,125.491,0
64.9432,3.02986,0,0,7.14969,0.29191,0.36288,3.6288,60.2371,0.66528,0,0,1.4585,0.201972,0,0.66528,12.849,1,0.633244,0.36288,0,136.718,3.73443,132.714,0.84672,12.849,0.84672,3695.15,0,0,0,5.7692,2.72968,6.6691,0.99671,14.1713,0.42336,0,0.42336,460.49,0,1.02816,0,0,6.79736,5.7692,1.028160,1,0,146.885,0,0,0,146.885,0
66.1138,3.0581,0,0,4.89188,0.300271,0.36288,3.6288,60.4891,0.66528,0,0,1.11998,0.202735,0,0.66528,12.849,1,0.605045,0.36288,0,139.022,3.73443,135.045,0.84672,12.849,0.84672,3695.15,0,0,0,1.71744,2.72971,4.0928,0.99671,7.54324,0.42336,0,0.42336,460.49,0,1.02816,0,0,2.7456,1.71744,1.028160,1,0,142.589,0,0,0,142.589,0
67.198,3.0671,0,0,4.82576,0.311551,0.36288,3.6288,61.308,0.66528,0,0,2.53381,0.204136,0.845468,0.66528,12.849,1,0.596081,0.36288,0,205.651,3.54726,201.871,0.84672,12.849,0.84672,3695.15,0,0,0,3.21543,2.72973,6.35901,0.896813,11.4074,0.42336,0,0.42336,460.49,0,1.02816,0,0,4.24359,3.21543,1.028160,1,0,214.123,0,0,0,214.123,0
70.3788,2.65323,0,0,6.51571,0.318831,0.36288,3.6288,61.308,0.66528,0,0,2.11765,0.247495,1.20487,0.66528,12.849,1,0.507326,0.36288,0,235.98,4.00344,231.832,0.84672,12.849,0.84672,3695.15,0,0,0,4.74052,2.72976,9.29578,0.965981,15.8001,0.42336,0,0.42336,460.49,0,1.02816,0,0,5.76868,4.74052,1.028160,1,0,248.837,0,0,0,248.837,0
72.29,2.67265,0,0,9.61753,0.326835,4.70686,3.6288,61.308,0.66528,0,0,4.9373,0.247495,4.02453,0.66528,12.849,1,0.487943,4.70686,0,239.123,4.00344,239.339,0.84672,12.849,0.84672,3695.15,0,0,0,10.0034,2.38008,13.4419,0.965981,24.8594,0.42336,0,0.42336,460.49,0,1.02816,0,0,11.0316,10.0034,1.028160,1,0,268.223,0,0,0,268.223,0
72.29,2.68363,0,0,11.5634,0.332443,8.54736,3.6288,61.308,0.66528,0,0,5.34894,0.213431,4.47023,0.66528,12.849,1,0.476995,8.54736,0,242.924,3.84716,247.147,0.84672,12.849,0.84672,3695.15,0,0,0,8.51361,2.3801,15.1489,0.909657,25.1329,0.42336,0,0.42336,460.49,0,1.02816,0,0,9.54177,8.51361,1.028160,1,0,276.75,0,0,0,276.75,0
72.29,2.94042,0,0,7.23116,0.333507,3.95723,3.6288,61.308,0.66528,0,0,1.90566,0.168012,1.07236,0.66528,12.849,1,0.522638,3.95723,0,180.681,3.63877,180.477,0.84672,12.849,0.84672,3695.15,0,0,0,4.1811,2.38012,8.49934,0.834559,14.226,0.42336,0,0.42336,460.49,0,1.02816,0,0,5.20926,4.1811,1.028160,1,0,195.776,0,0,0,195.776,0
72.29,2.94045,0,0,7.72178,0.311609,4.46972,3.6288,61.308,0.66528,0,0,4.10652,0.181584,3.25966,0.66528,12.849,1,0.522643,4.46972,0,219.827,3.67227,220.101,0.84672,12.849,0.84672,3695.15,0,0,0,4.66671,2.20318,8.01049,0.92835,13.952,0.42336,0,0.42336,460.49,0,1.02816,0,0,5.69487,4.66671,1.028160,1,0,237.313,0,0,0,237.313,0
72.29,3.04792,0,0,5.84753,0.311609,2.488,3.6288,61.308,0.66528,0,0,3.62625,0.181584,2.77939,0.66528,12.849,1,0.541745,2.488,0,125.94,3.67227,124.214,0.84672,12.849,0.84672,3695.15,0,0,0,3.79342,2.2032,6.3752,0.92835,11.4435,0.42336,0,0.42336,460.49,0,1.02816,0,0,4.82158,3.79342,1.028160,1,0,138.437,0,0,0,138.437,0
72.29,3.04795,0,0,6.08353,0.314778,2.7208,3.6288,61.308,0.66528,0,0,4.01774,0.197712,3.15475,0.66528,12.849,1,0.54175,2.7208,0,128.005,4.01346,126.171,0.84672,12.849,0.84672,3695.15,0,0,0,4.37237,2.28945,7.80814,0.957624,13.5123,0.42336,0,0.42336,460.49,0,1.02816,0,0,5.40053,4.37237,1.028160,1,0,142.838,0,0,0,142.838,0
72.29,3.04798,0,0,5.60003,0.300705,2.25135,3.6288,61.308,0.66528,0,0,3.67223,0.231239,2.77571,0.66528,12.849,1,0.541756,2.25135,0,111.405,4.50511,108.609,0.84672,12.849,0.84672,3695.15,0,0,0,4.05554,2.28947,7.17371,0.989231,12.5295,0.42336,0,0.42336,460.49,0,1.02816,0,0,5.0837,4.05554,1.028160,1,0,123.915,0,0,0,123.915,0
72.29,3.04801,0,0,4.73323,0.263635,1.42159,3.6288,61.308,0.66528,0,0,1.97865,0.21923,1.09414,0.66528,12.849,1,0.541761,1.42159,0,104.443,4.01124,101.311,0.84672,12.849,0.84672,3695.15,0,0,0,2.05646,2.28949,4.50671,1.04338,7.80928,0.42336,0,0.42336,460.49,0,1.02816,0,0,3.08462,2.05646,1.028160,1,0,110.215,0,0,0,110.215,0
72.29,3.00603,0,0,3.96779,0.270801,0.690957,3.6288,61.308,0.66528,0,0,1.17649,0.221218,0.289993,0.66528,12.849,1,0.5343,0.690957,0,91.6652,4.17501,87.6469,0.84672,12.849,0.84672,3695.15,0,0,0,1.30916,2.28952,3.41259,1.10661,5.90465,0.42336,0,0.42336,460.49,0,1.02816,0,0,2.33732,1.30916,1.028160,1,0,93.8415,0,0,0,93.8415,0
72.1688,3.00606,0,0,3.5185,0.270801,0.36288,3.6288,61.308,0.66528,0,0,1.05656,0.221218,0.170061,0.66528,12.849,1,0.534305,0.36288,0,79.018,4.17501,74.6715,0.84672,12.849,0.84672,3695.15,0,0,0,1.00618,2.25599,2.94322,1.10661,5.09877,0.42336,0,0.42336,460.49,0,1.02816,0,0,2.03434,1.00618,1.028160,1,0,79.9404,0,0,0,79.9404,0
72.0041,2.74863,0,0,3.20872,0.261918,0.36288,3.6288,61.308,0.66528,0,0,0.953251,0.209841,0.0781305,0.66528,12.849,1,0.48937,0.36288,0,70.9793,3.93909,66.9137,0.84672,12.849,0.84672,3695.15,0,0,0,0.844232,2.25601,2.71483,1.04678,4.76829,0.42336,0,0.42336,460.49,0,1.02816,0,0,1.87239,0.844232,1.028160,1,0,71.7602,0,0,0,71.7602,0
71.6701,2.74771,0,0,3.00596,0.229274,0.36288,3.6288,61.308,0.66528,0,0,0.901454,0.195184,0.04099,0.66528,12.849,1,0.490325,0.36288,0,66.6948,3.81162,62.7557,0.84672,12.849,0.84672,3695.15,0,0,0,0.749771,2.433,2.4414,0.926693,4.69747,0.42336,0,0.42336,460.49,0,1.02816,0,0,1.77793,0.749771,1.028160,1,0,67.4942,0,0,0,67.4942,0
71.1782,2.88822,0,0,2.92123,0.162091,0.36288,3.6288,61.198,0.66528,0,0,0.797178,0.241935,0,0.66528,12.849,1,0.5178,0.36288,0,57.01,5.17629,51.6788,0.84672,12.849,0.84672,3695.15,0,0,0,0.466344,2.43302,2.25941,1.0892,4.06958,0.42336,0,0.42336,460.49,0,1.02816,0,0,1.4945,0.466344,1.028160,1,0,55.7484,0,0,0,55.7484,0
70.5693,2.88522,0,0,2.80067,0.161483,0.36288,3.6288,61.0686,0.66528,0,0,0.777712,0.241767,0,0.66528,12.849,1,0.520837,0.36288,0,52.7505,5.17629,47.4162,0.84672,12.849,0.84672,3695.15,0,0,0,0.464149,2.55062,2.18309,1.0892,4.10867,0.42336,0,0.42336,460.49,0,1.02816,0,0,1.49231,0.464149,1.028160,1,0,51.5249,0,0,0,51.5249,0
69.8399,2.88145,0,0,2.67575,0.16073,0.36288,3.6288,60.9425,0.66528,0,0,0.780754,0.241569,0,0.66528,12.849,1,0.524645,0.36288,0,50.4026,5.17629,45.0645,0.84672,12.849,0.84672,3695.15,0,0,0,0.596912,2.55064,2.07911,1.0892,4.13747,0.42336,0,0.42336,460.49,0,1.02816,0,0,1.62507,0.596912,1.028160,1,0,49.202,0,0,0,49.202,0
68.8817,2.87686,0,0,2.47509,0.193609,0.36288,3.6288,60.7817,0.66528,0,0,0.736655,0.23218,0,0.66528,12.849,1,0.529278,0.36288,0,46.8934,4.58399,42.143,0.84672,12.849,0.84672,3695.15,0,0,0,0.540518,2.55067,1.891,1.11205,3.87014,0.42336,0,0.42336,460.49,0,1.02816,0,0,1.56868,0.540518,1.028160,1,0,46.0132,0,0,0,46.0132,0
67.9956,2.87068,0,0,2.47071,0.123206,0.36288,3.6288,60.732,0.66528,0,0,0.872891,0.257337,0,0.66528,12.849,1,0.535489,0.36288,0,57.7227,4.87253,52.6776,0.84672,12.849,0.84672,3695.15,0,0,0,1.24194,2.55069,3.03075,1.18082,5.64256,0.42336,0,0.42336,460.49,0,1.02816,0,0,2.2701,1.24194,1.028160,1,0,58.3201,0,0,0,58.3201,0
67.0282,2.83691,0,0,2.35471,0.122356,0.36288,3.6288,60.6488,0.66528,0,0,0.839307,0.257256,0,0.66528,12.849,1,0.536085,0.36288,0,55.7906,4.87253,50.7449,0.84672,12.849,0.84672,3695.15,0,0,0,1.18943,2.55072,2.87672,1.18082,5.43606,0.42336,0,0.42336,460.49,0,1.02816,0,0,2.21759,1.18943,1.028160,1,0,56.181,0,0,0,56.181,0
65.972,2.83045,0,0,2.23211,0.0949437,0.36288,3.6288,60.4834,0.66528,0,0,0.799926,0.299987,0,0.66528,12.849,1,0.542584,0.36288,0,52.4261,5.6436,46.6028,0.84672,12.849,0.84672,3695.15,0,0,0,1.20545,2.59184,2.80824,1.41083,5.19471,0.42336,0,0.42336,460.49,0,1.02816,0,0,2.23361,1.20545,1.028160,1,0,51.7975,0,0,0,51.7975,0
64.7328,2.82321,0,0,2.04852,0.101657,0.36288,3.6288,60.3219,0.66528,0,0,0.788374,0.284604,0,0.66528,12.849,1,0.54986,0.36288,0,52.4396,5.65824,46.5944,0.84672,12.849,0.84672,3695.15,0,0,0,1.17599,2.59187,2.706,1.37451,5.09935,0.42336,0,0.42336,460.49,0,1.02816,0,0,2.20415,1.17599,1.028160,1,0,51.6937,0,0,0,51.6937,0
63.2709,2.81446,0,0,1.81302,0.0975524,0.36288,3.6288,60.0537,0.66528,0,0,0.688397,0.291344,0,0.66528,12.849,1,0.558649,0.36288,0,40.0467,5.75148,34.0995,0.84672,12.849,0.84672,3695.15,0,0,0,0.705879,2.59189,2.12484,1.45435,3.96826,0.42336,0,0.42336,460.49,0,1.02816,0,0,1.73404,0.705879,1.028160,1,0,38.0678,0,0,0,38.0678,0
61.679,2.87506,0,0,1.74009,0.0941066,0.36288,3.6288,59.7322,0.66528,0,0,0.639888,0.296112,0,0.66528,12.849,1,0.583864,0.36288,0,48.5663,5.82141,42.5239,0.84672,12.849,0.84672,3695.15,0,0,0,0.703279,2.59191,2.09995,1.51422,3.88092,0.42336,0,0.42336,460.49,0,1.02816,0,0,1.73144,0.703279,1.028160,1,0,46.4048,0,0,0,46.4048,0
59.9835,2.86262,0,0,1.62288,0.0928864,0.36288,3.6288,59.3382,0.66528,0,0,0.566774,0.295505,0,0.66528,12.849,1,0.596342,0.36288,0,38.4207,5.82141,32.3658,0.84672,12.849,0.84672,3695.15,0,0,0,0.680988,2.65019,1.91678,1.51422,3.73374,0.42336,0,0.42336,460.49,0,1.02816,0,0,1.70915,0.680988,1.028160,1,0,36.0996,0,0,0,36.0996,0
58.1565,2.84877,0,0,1.47617,0.0915511,0.36288,3.6288,58.9105,0.66528,0,0,0.532376,0.294762,0,0.66528,12.849,1,0.610231,0.36288,0,35.329,5.82141,29.2603,0.84672,12.849,0.84672,3695.15,0,0,0,0.413502,2.65022,1.75427,1.51422,3.30376,0.42336,0,0.42336,460.49,0,1.02816,0,0,1.44166,0.413502,1.028160,1,0,32.5641,0,0,0,32.5641,0
56.5586,2.83309,0,0,1.6807,0.0825293,0.36288,3.6288,58.6033,0.66528,0,0,0.652088,0.294009,0,0.66528,12.849,1,0.62594,0.36288,0,36.5319,6.01625,30.2526,0.84672,12.849,0.84672,3695.15,0,0,0,0.919382,2.65024,2.5474,1.5498,4.56723,0.42336,0,0.42336,460.49,0,1.02816,0,0,1.94754,0.919382,1.028160,1,0,34.8198,0,0,0,34.8198,0
54.7718,3.02342,0,0,1.68265,0.0832371,0.36288,3.6288,58.2605,0.66528,0,0,0.628568,0.306141,0,0.66528,12.849,1,0.686862,0.36288,0,38.2805,6.42831,31.5282,0.84672,12.849,0.84672,3695.15,0,0,0,0.833129,2.65027,1.97843,1.5819,3.87993,0.42336,0,0.42336,460.49,0,1.02816,0,0,1.86129,0.833129,1.028160,1,0,35.4081,0,0,0,35.4081,0
53.1136,3.00531,0,0,1.79177,0.0817663,0.36288,3.6288,58.0629,0.66528,0,0,0.773159,0.305466,0,0.66528,12.849,1,0.70502,0.36288,0,48.7132,6.42831,41.9427,0.84672,12.849,0.84672,3695.15,0,0,0,1.26592,2.84962,2.20984,1.5819,4.74347,0.42336,0,0.42336,460.49,0,1.02816,0,0,2.29408,1.26592,1.028160,1,0,46.6862,0,0,0,46.6862,0
51.1568,2.98761,0,0,1.47409,0.0804014,0.36288,3.6288,57.6556,0.66528,0,0,0.563089,0.305077,0,0.66528,12.849,1,0.722751,0.36288,0,44.629,6.42831,37.8408,0.84672,12.849,0.84672,3695.15,0,0,0,0.539706,2.84965,1.80995,1.5819,3.61741,0.42336,0,0.42336,460.49,0,1.02816,0,0,1.56787,0.539706,1.028160,1,0,41.4582,0,0,0,41.4582,0
49.5865,2.96555,0,0,1.83698,0.0787908,0.36288,3.6288,57.6615,0.66528,0,0,0.975421,0.304275,0,0.66528,12.849,1,0.744855,0.36288,0,43.5026,6.42831,36.6923,0.84672,12.849,0.84672,3695.15,0,0,0,2.07021,2.84968,2.82291,1.5819,6.1609,0.42336,0,0.42336,460.49,0,1.02816,0,0,3.09837,2.07021,1.028160,1,0,42.8532,0,0,0,42.8532,0
48.6368,2.94685,0,0,2.42031,0.0602764,0.36288,3.6288,58.3412,0.66528,0,0,1.65482,0.309817,0,0.66528,12.849,1,0.763596,0.36288,0,50.8375,6.3286,44.1082,0.84672,12.849,0.84672,3695.15,0,0,0,4.42516,2.8497,5.24355,1.36933,11.1491,0.42336,0,0.42336,460.49,0,1.02816,0,0,5.45332,4.42516,1.028160,1,0,55.2573,0,0,0,55.2573,0
47.9784,2.83824,0,0,2.6386,0.0958816,0.36288,3.6288,59.1054,0.66528,0,0,1.71561,0.286142,0,0.66528,12.849,1,0.749812,0.36288,0,42.2415,6.25157,35.603,0.84672,12.849,0.84672,3695.15,0,0,0,4.39785,2.84973,4.78995,1.32302,10.7145,0.42336,0,0.42336,460.49,0,1.02816,0,0,5.42601,4.39785,1.028160,1,0,46.3175,0,0,0,46.3175,0
48.6315,2.83015,0,0,3.95729,0.111185,0.36288,3.6288,60.1407,0.66528,0,0,1.97453,0.273941,0,0.66528,12.849,1,0.757937,0.36288,0,51.4439,6.14113,44.9078,0.84672,12.849,0.84672,3695.15,0,0,0,5.72348,2.7344,5.09481,1.28509,12.2676,0.42336,0,0.42336,460.49,0,1.02816,0,0,6.75164,5.72348,1.028160,1,0,57.1753,0,0,0,57.1753,0
50.6614,2.83823,0,0,5.34301,0.111977,0.36288,3.6288,61.308,0.66528,0,0,3.19071,0.27576,1.08235,0.66528,12.849,1,0.749894,0.36288,0,102.659,6.14113,96.1306,0.84672,12.849,0.84672,3695.15,0,0,0,9.94948,2.73442,8.02552,1.28509,19.4243,0.42336,0,0.42336,460.49,0,1.02816,0,0,10.9776,9.94948,1.028160,1,0,116.637,0,0,0,116.637,0
50.8534,2.86223,0,0,3.56019,0.143064,0.36288,3.6288,61.308,0.66528,0,0,1.93939,0.256125,1.01798,0.66528,12.849,1,0.725933,0.36288,0,84.6667,5.23578,79.0679,0.84672,12.849,0.84672,3695.15,0,0,0,4.93177,2.73445,5.60928,1.20263,12.0729,0.42336,0,0.42336,460.49,0,1.02816,0,0,5.95993,4.93177,1.028160,1,0,92.1587,0,0,0,92.1587,0
53.1381,2.78422,0,0,5.61337,0.181613,0.36288,3.6288,61.308,0.66528,0,0,3.55383,0.227212,2.66134,0.66528,12.849,1,0.703481,0.36288,0,103.622,4.02864,99.2526,0.84672,12.849,0.84672,3695.15,0,0,0,5.76048,2.73447,10.8573,1.09268,18.2596,0.42336,0,0.42336,460.49,0,1.02816,0,0,6.78864,5.76048,1.028160,1,0,120.174,0,0,0,120.174,0
53.3588,2.80861,0,0,3.57819,0.185961,0.36288,3.6288,61.308,0.66528,0,0,2.06527,0.227212,1.17278,0.66528,12.849,1,0.679132,0.36288,0,69.3535,4.02864,65.0086,0.84672,12.849,0.84672,3695.15,0,0,0,2.63063,2.63154,7.6308,1.09268,11.8003,0.42336,0,0.42336,460.49,0,1.02816,0,0,3.65879,2.63063,1.028160,1,0,77.9817,0,0,0,77.9817,0
56.0791,2.8109,0,0,6.08044,0.186381,0.36288,3.6288,61.308,0.66528,0,0,2.61773,0.227212,1.72524,0.66528,12.849,1,0.676875,0.36288,0,122.168,4.02864,117.825,0.84672,12.849,0.84672,3695.15,0,0,0,2.61794,2.63156,9.87873,1.09268,14.0356,0.42336,0,0.42336,460.49,0,1.02816,0,0,3.6461,2.61794,1.028160,1,0,133.586,0,0,0,133.586,0
57.6959,2.83765,0,0,5.04347,0.226149,0.36288,3.6288,61.308,0.66528,0,0,4.11488,0.263088,3.18651,0.66528,12.849,1,0.650169,0.36288,0,84.8267,4.86858,79.6708,0.84672,12.849,0.84672,3695.15,0,0,0,5.99806,2.63159,11.7996,1.31098,19.1183,0.42336,0,0.42336,460.49,0,1.02816,0,0,7.02622,5.99806,1.028160,1,0,101.976,0,0,0,101.976,0
61.9553,2.61912,0,0,7.4716,0.23025,0.36288,3.6288,61.308,0.66528,0,0,8.11621,0.207796,7.24313,0.66528,12.849,1,0.583283,0.36288,0,85.9784,4.12293,81.635,0.84672,12.849,0.84672,3695.15,0,0,0,8.10916,2.63161,13.1536,0.98932,22.9051,0.42336,0,0.42336,460.49,0,1.02816,0,0,9.13732,8.10916,1.028160,1,0,111.783,0,0,0,111.783,0
64.3851,2.65236,0,0,5.68446,0.239378,0.36288,3.6288,61.308,0.66528,0,0,8.73063,0.207796,7.85756,0.66528,12.849,1,0.550077,0.36288,0,102.019,4.12293,97.7093,0.84672,12.849,0.84672,3695.15,0,0,0,7.90102,2.40293,12.6936,0.98932,22.0083,0.42336,0,0.42336,460.49,0,1.02816,0,0,8.92918,7.90102,1.028160,1,0,127.575,0,0,0,127.575,0
67.6601,2.6697,0,0,6.55176,0.244167,0.36288,3.6288,61.308,0.66528,0,0,8.27878,0.207796,7.4057,0.66528,12.849,1,0.532777,0.36288,0,153.897,4.12293,149.604,0.84672,12.849,0.84672,3695.15,0,0,0,8.12035,2.40295,16.3802,0.98932,25.9142,0.42336,0,0.42336,460.49,0,1.02816,0,0,9.14851,8.12035,1.028160,1,0,182.924,0,0,0,182.924,0
69.4532,2.6914,0,0,5.11275,0.265408,0.36288,3.6288,61.308,0.66528,0,0,2.84224,0.206869,1.97009,0.66528,12.849,1,0.51111,0.36288,0,106.193,4.37268,101.672,0.84672,12.849,0.84672,3695.15,0,0,0,3.44471,2.40297,8.61261,1.0194,13.4409,0.42336,0,0.42336,460.49,0,1.02816,0,0,4.47287,3.44471,1.028160,1,0,117.083,0,0,0,117.083,0
72.29,2.70256,0,0,7.73899,0.29179,1.90783,3.6288,61.308,0.66528,0,0,3.16839,0.232706,2.27041,0.66528,12.849,1,0.49998,1.90783,0,140.066,4.87506,136.599,0.84672,12.849,0.84672,3695.15,0,0,0,3.57994,2.40299,12.2535,0.956634,17.2798,0.42336,0,0.42336,460.49,0,1.02816,0,0,4.6081,3.57994,1.028160,1,0,156.149,0,0,0,156.149,0
72.29,2.81247,0,0,5.50651,0.293991,2.40005,3.6288,61.308,0.66528,0,0,2.29775,0.266466,1.366,0.66528,12.849,1,0.499895,2.40005,0,124.711,5.16348,121.448,0.84672,12.849,0.84672,3695.15,0,0,0,2.54533,2.40302,10.3133,1.03445,14.2272,0.42336,0,0.42336,460.49,0,1.02816,0,0,3.57349,2.54533,1.028160,1,0,137.041,0,0,0,137.041,0
72.29,2.81247,0,0,9.70281,0.293991,6.59634,3.6288,61.308,0.66528,0,0,7.15096,0.266466,6.21921,0.66528,12.849,1,0.499896,6.59634,0,246.508,5.16348,247.441,0.84672,12.849,0.84672,3695.15,0,0,0,5.92562,2.47434,18.61,1.03445,25.9755,0.42336,0,0.42336,460.49,0,1.02816,0,0,6.95378,5.92562,1.028160,1,0,279.635,0,0,0,279.635,0
72.29,2.81248,0,0,6.28887,0.293991,3.1824,3.6288,61.308,0.66528,0,0,4.91262,0.266466,3.98087,0.66528,12.849,1,0.499897,3.1824,0,275.816,5.16348,273.335,0.84672,12.849,0.84672,3695.15,0,0,0,4.31012,2.47435,14.9836,1.03445,20.7336,0.42336,0,0.42336,460.49,0,1.02816,0,0,5.33828,4.31012,1.028160,1,0,298.049,0,0,0,298.049,0
72.29,2.81248,0,0,6.46347,0.299901,3.35109,3.6288,61.308,0.66528,0,0,4.93225,0.252086,4.01488,0.66528,12.849,1,0.499897,3.35109,0,188.971,4.92578,186.896,0.84672,12.849,0.84672,3695.15,0,0,0,4.49186,2.47435,16.216,1.0391,22.1431,0.42336,0,0.42336,460.49,0,1.02816,0,0,5.52002,4.49186,1.028160,1,0,213.054,0,0,0,213.054,0
72.29,3.11185,0,0,4.97373,0.301144,1.56073,3.6288,61.308,0.66528,0,0,3.81631,0.230318,2.92071,0.66528,12.849,1,0.553108,1.56073,0,142.878,4.60572,139.28,0.84672,12.849,0.84672,3695.15,0,0,0,2.99443,2.47435,11.3111,1.12039,15.6595,0.42336,0,0.42336,460.49,0,1.02816,0,0,4.02259,2.99443,1.028160,1,0,157.86,0,0,0,157.86,0
72.29,3.11186,0,0,5.11822,0.301144,1.70521,3.6288,61.308,0.66528,0,0,3.98588,0.230318,3.09028,0.66528,12.849,1,0.553109,1.70521,0,152.665,4.60572,149.212,0.84672,12.849,0.84672,3695.15,0,0,0,2.67853,2.7309,12.8075,1.12039,17.0965,0.42336,0,0.42336,460.49,0,1.02816,0,0,3.70669,2.67853,1.028160,1,0,169.399,0,0,0,169.399,0
72.29,3.11186,0,0,5.06119,0.301144,1.64819,3.6288,61.308,0.66528,0,0,3.85264,0.230318,2.95704,0.66528,12.849,1,0.55311,1.64819,0,135.376,4.60572,131.865,0.84672,12.849,0.84672,3695.15,0,0,0,2.62942,2.73091,10.675,1.12039,14.9149,0.42336,0,0.42336,460.49,0,1.02816,0,0,3.65758,2.62942,1.028160,1,0,149.737,0,0,0,149.737,0
72.29,3.11187,0,0,5.35174,0.286644,1.95323,3.6288,61.308,0.66528,0,0,2.93061,0.229737,2.03559,0.66528,12.849,1,0.553111,1.95323,0,142.389,3.76536,140.024,0.84672,12.849,0.84672,3695.15,0,0,0,2.64584,2.73091,10.5379,0.801667,15.113,0.42336,0,0.42336,460.49,0,1.02816,0,0,3.674,2.64584,1.028160,1,0,157.172,0,0,0,157.172,0
72.29,2.68488,0,0,4.67378,0.346838,1.64207,3.6288,61.308,0.66528,0,0,1.56645,0.183469,0.7177,0.66528,12.849,1,0.477216,1.64207,0,146.743,3.28986,144.618,0.84672,12.849,0.84672,3695.15,0,0,0,2.81923,2.73092,9.87466,0.892513,14.5323,0.42336,0,0.42336,460.49,0,1.02816,0,0,3.84739,2.81923,1.028160,1,0,159.868,0,0,0,159.868,0
72.29,2.68488,0,0,3.97551,0.346838,0.943797,3.6288,61.308,0.66528,0,0,3.17624,0.183469,2.32749,0.66528,12.849,1,0.477217,0.943797,0,140.535,3.28986,137.712,0.84672,12.849,0.84672,3695.15,0,0,0,3.18773,2.38106,8.47567,0.892513,13.1519,0.42336,0,0.42336,460.49,0,1.02816,0,0,4.21589,3.18773,1.028160,1,0,153.191,0,0,0,153.191,0
72.29,2.68488,0,0,5.07457,0.317501,2.07219,3.6288,61.308,0.66528,0,0,3.25949,0.188668,2.40554,0.66528,12.849,1,0.477218,2.07219,0,147.474,3.36621,145.702,0.84672,12.849,0.84672,3695.15,0,0,0,3.72521,2.38106,9.65321,0.90505,14.8544,0.42336,0,0.42336,460.49,0,1.02816,0,0,4.75337,3.72521,1.028160,1,0,162.962,0,0,0,162.962,0
72.29,2.68489,0,0,4.0845,0.305766,1.09385,3.6288,61.308,0.66528,0,0,3.11704,0.190748,2.26102,0.66528,12.849,1,0.477218,1.09385,0,118.637,3.39675,115.857,0.84672,12.849,0.84672,3695.15,0,0,0,3.27779,2.38106,7.45788,0.910065,12.2067,0.42336,0,0.42336,460.49,0,1.02816,0,0,4.30595,3.27779,1.028160,1,0,130.324,0,0,0,130.324,0
72.29,2.94165,0,0,5.01825,0.342191,1.73441,3.6288,61.308,0.66528,0,0,4.13582,0.174763,3.29578,0.66528,12.849,1,0.522857,1.73441,0,138.426,2.6268,137.011,0.84672,12.849,0.84672,3695.15,0,0,0,5.12556,2.38106,12.8249,0.885402,19.4461,0.42336,0,0.42336,460.49,0,1.02816,0,0,6.15372,5.12556,1.028160,1,0,159.752,0,0,0,159.752,0
72.29,3.04914,0,0,4.941,0.348261,1.5436,3.6288,61.308,0.66528,0,0,3.35276,0.172099,2.51538,0.66528,12.849,1,0.541961,1.5436,0,167.648,2.49848,166.151,0.84672,12.849,0.84672,3695.15,0,0,0,4.89381,2.2041,13.2333,0.881291,19.4499,0.42336,0,0.42336,460.49,0,1.02816,0,0,5.92197,4.89381,1.028160,1,0,188.116,0,0,0,188.116,0
72.29,3.04914,0,0,4.19189,0.31255,0.830193,3.6288,61.308,0.66528,0,0,2.63189,0.191129,1.77548,0.66528,12.849,1,0.541962,0.830193,0,155.978,2.73115,153.535,0.84672,12.849,0.84672,3695.15,0,0,0,3.98214,2.29036,12.8912,0.927093,18.2366,0.42336,0,0.42336,460.49,0,1.02816,0,0,5.0103,3.98214,1.028160,1,0,173.547,0,0,0,173.547,0
72.29,3.04915,0,0,3.87183,0.285766,0.536921,3.6288,61.308,0.66528,0,0,2.94513,0.205402,2.07445,0.66528,12.849,1,0.541963,0.536921,0,108.444,2.90567,105.533,0.84672,12.849,0.84672,3695.15,0,0,0,4.53493,2.29037,11.6984,0.961443,17.5622,0.42336,0,0.42336,460.49,0,1.02816,0,0,5.56309,4.53493,1.028160,1,0,125.17,0,0,0,125.17,0
72.0723,3.04915,0,0,3.47187,0.27749,0.36288,3.6288,61.308,0.66528,0,0,2.16149,0.215716,1.28049,0.66528,12.849,1,0.541964,0.36288,0,92.3728,3.49696,88.6968,0.84672,12.849,0.84672,3695.15,0,0,0,3.08156,2.29037,7.55153,0.985881,11.9376,0.42336,0,0.42336,460.49,0,1.02816,0,0,4.10972,3.08156,1.028160,1,0,101.915,0,0,0,101.915,0
71.7738,2.74912,0,0,3.08431,0.270836,0.36288,3.6288,61.308,0.66528,0,0,1.73813,0.223452,0.849403,0.66528,12.849,1,0.49011,0.36288,0,75.0358,3.94044,70.9681,0.84672,12.849,0.84672,3695.15,0,0,0,2.16727,2.29037,6.09972,1.00421,9.55315,0.42336,0,0.42336,460.49,0,1.02816,0,0,3.19543,2.16727,1.028160,1,0,81.3707,0,0,0,81.3707,0
70.8972,2.74739,0,0,2.50389,0.270222,0.36288,3.6288,61.308,0.66528,0,0,1.54001,0.223452,0.651279,0.66528,12.849,1,0.49184,0.36288,0,63.8902,3.94044,59.8208,0.84672,12.849,0.84672,3695.15,0,0,0,1.88943,2.43378,5.24367,1.00421,8.56266,0.42336,0,0.42336,460.49,0,1.02816,0,0,2.91759,1.88943,1.028160,1,0,69.0348,0,0,0,69.0348,0
69.757,2.74225,0,0,2.23336,0.268417,0.36288,3.6288,61.308,0.66528,0,0,1.30763,0.223452,0.418898,0.66528,12.849,1,0.496989,0.36288,0,60.9361,3.94044,56.8616,0.84672,12.849,0.84672,3695.15,0,0,0,1.1437,2.43378,4.93053,1.00421,7.5038,0.42336,0,0.42336,460.49,0,1.02816,0,0,2.17186,1.1437,1.028160,1,0,64.7843,0,0,0,64.7843,0
69.1642,2.73539,0,0,2.75937,0.25393,0.36288,3.6288,61.308,0.66528,0,0,1.51084,0.224798,0.620764,0.66528,12.849,1,0.503849,0.36288,0,69.3049,3.95943,65.2045,0.84672,12.849,0.84672,3695.15,0,0,0,1.15726,2.43378,5.77867,1.00126,8.36846,0.42336,0,0.42336,460.49,0,1.02816,0,0,2.18542,1.15726,1.028160,1,0,74.1937,0,0,0,74.1937,0
68.1521,2.87344,0,0,2.4045,0.180261,0.36288,3.6288,61.308,0.66528,0,0,1.41682,0.232878,0.518663,0.66528,12.849,1,0.533814,0.36288,0,61.7812,4.07337,57.5369,0.84672,12.849,0.84672,3695.15,0,0,0,2.1133,2.43379,5.34756,0.983533,8.91111,0.42336,0,0.42336,460.49,0,1.02816,0,0,3.14146,2.1133,1.028160,1,0,66.9667,0,0,0,66.9667,0
66.9537,2.86677,0,0,2.21008,0.178843,0.36288,3.6288,61.308,0.66528,0,0,1.45769,0.232878,0.559531,0.66528,12.849,1,0.540484,0.36288,0,58.5216,4.07337,54.2706,0.84672,12.849,0.84672,3695.15,0,0,0,1.27943,2.55141,5.13899,0.983533,7.9863,0.42336,0,0.42336,460.49,0,1.02816,0,0,2.30759,1.27943,1.028160,1,0,62.8164,0,0,0,62.8164,0
65.564,2.85866,0,0,2.00902,0.177164,0.36288,3.6288,61.308,0.66528,0,0,1.25754,0.232878,0.359385,0.66528,12.849,1,0.548601,0.36288,0,54.6585,4.07337,50.3994,0.84672,12.849,0.84672,3695.15,0,0,0,0.838227,2.55141,4.75191,0.983533,7.15802,0.42336,0,0.42336,460.49,0,1.02816,0,0,1.86639,0.838227,1.028160,1,0,57.9168,0,0,0,57.9168,0
63.9555,2.84894,0,0,1.7785,0.175217,0.36288,3.6288,61.308,0.66528,0,0,1.23142,0.232878,0.333266,0.66528,12.849,1,0.558325,0.36288,0,46.347,4.07337,42.0782,0.84672,12.849,0.84672,3695.15,0,0,0,0.976458,2.55141,4.70438,0.983533,7.24871,0.42336,0,0.42336,460.49,0,1.02816,0,0,2.00462,0.976458,1.028160,1,0,49.6602,0,0,0,49.6602,0
62.8819,2.83725,0,0,2.25078,0.124202,0.36288,3.6288,61.308,0.66528,0,0,0.94919,0.232102,0.0518079,0.66528,12.849,1,0.570019,0.36288,0,46.3354,4.7589,41.3693,0.84672,12.849,0.84672,3695.15,0,0,0,0.858963,2.55141,4.51132,1.06625,6.85545,0.42336,0,0.42336,460.49,0,1.02816,0,0,1.88712,0.858963,1.028160,1,0,48.2766,0,0,0,48.2766,0
61.7403,2.80159,0,0,2.13787,0.115065,0.36288,3.6288,61.2661,0.66528,0,0,0.855395,0.231973,0,0.66528,12.849,1,0.572463,0.36288,0,45.7773,4.87316,40.6946,0.84672,12.849,0.84672,3695.15,0,0,0,0.736137,2.55142,4.25547,1.08004,6.46298,0.42336,0,0.42336,460.49,0,1.02816,0,0,1.7643,0.736137,1.028160,1,0,47.1576,0,0,0,47.1576,0
60.411,2.79283,0,0,1.94042,0.113992,0.36288,3.6288,61.1714,0.66528,0,0,0.802492,0.231912,0,0.66528,12.849,1,0.581226,0.36288,0,40.7913,4.87316,35.6998,0.84672,12.849,0.84672,3695.15,0,0,0,0.537166,2.59253,4.11661,1.08004,6.16627,0.42336,0,0.42336,460.49,0,1.02816,0,0,1.56533,0.537166,1.028160,1,0,41.866,0,0,0,41.866,0
59.0244,2.78229,0,0,1.84096,0.082424,0.36288,3.6288,60.9504,0.66528,0,0,0.75276,0.30849,0,0.66528,12.849,1,0.591773,0.36288,0,36.6915,5.86121,30.6014,0.84672,12.849,0.84672,3695.15,0,0,0,0.543309,2.59254,3.90135,1.4407,5.5965,0.42336,0,0.42336,460.49,0,1.02816,0,0,1.57147,0.543309,1.028160,1,0,36.1979,0,0,0,36.1979,0
57.4461,2.77087,0,0,1.64346,0.0879259,0.36288,3.6288,60.741,0.66528,0,0,0.77017,0.314293,0,0.66528,12.849,1,0.603191,0.36288,0,31.7835,5.95152,25.5917,0.84672,12.849,0.84672,3695.15,0,0,0,0.466163,2.59254,3.63036,1.46076,5.22831,0.42336,0,0.42336,460.49,0,1.02816,0,0,1.49432,0.466163,1.028160,1,0,30.82,0,0,0,30.82,0
55.7721,2.82745,0,0,1.61151,0.095227,0.36288,3.6288,60.5373,0.66528,0,0,0.783743,0.322177,0,0.66528,12.849,1,0.632418,0.36288,0,39.2816,6.07194,32.9401,0.84672,12.849,0.84672,3695.15,0,0,0,0.582854,2.59254,3.71587,1.48751,5.40376,0.42336,0,0.42336,460.49,0,1.02816,0,0,1.61101,0.582854,1.028160,1,0,38.3439,0,0,0,38.3439,0
54.0065,2.81203,0,0,1.50295,0.0936643,0.36288,3.6288,60.2444,0.66528,0,0,0.694172,0.32176,0,0.66528,12.849,1,0.647847,0.36288,0,31.0751,6.07194,24.7181,0.84672,12.849,0.84672,3695.15,0,0,0,0.562093,2.65082,3.39173,1.48751,5.11713,0.42336,0,0.42336,460.49,0,1.02816,0,0,1.59025,0.562093,1.028160,1,0,29.8353,0,0,0,29.8353,0
52.1237,2.79492,0,0,1.36709,0.0920162,0.36288,3.6288,59.9101,0.66528,0,0,0.652052,0.321162,0,0.66528,12.849,1,0.664957,0.36288,0,28.5746,6.07194,22.2006,0.84672,12.849,0.84672,3695.15,0,0,0,0.313226,2.65082,3.10416,1.48751,4.5807,0.42336,0,0.42336,460.49,0,1.02816,0,0,1.34139,0.313226,1.028160,1,0,26.7813,0,0,0,26.7813,0
50.4501,2.77566,0,0,1.54671,0.0818505,0.36288,3.6288,59.7232,0.66528,0,0,0.792755,0.314342,0,0.66528,12.849,1,0.684227,0.36288,0,29.3856,6.21343,22.8508,0.84672,12.849,0.84672,3695.15,0,0,0,0.78618,2.65082,4.55087,1.52439,6.46348,0.42336,0,0.42336,460.49,0,1.02816,0,0,1.81434,0.78618,1.028160,1,0,29.3143,0,0,0,29.3143,0
48.2419,2.95784,0,0,1.22588,0.113369,0.36288,3.6288,59.5138,0.66528,0,0,0.750997,0.295106,0,0.66528,12.849,1,0.753324,0.36288,0,24.6308,5.75831,18.4821,0.84672,12.849,0.84672,3695.15,0,0,0,0.332294,2.65083,2.77666,1.37207,4.38772,0.42336,0,0.42336,460.49,0,1.02816,0,0,1.36045,0.332294,1.028160,1,0,22.8698,0,0,0,22.8698,0
46.0749,2.93061,0,0,1.23729,0.11072,0.36288,3.6288,59.296,0.66528,0,0,0.742236,0.294712,0,0.66528,12.849,1,0.780555,0.36288,0,24.2182,5.75831,18.0422,0.84672,12.849,0.84672,3695.15,0,0,0,0.402555,2.85021,2.98816,1.37207,4.86886,0.42336,0,0.42336,460.49,0,1.02816,0,0,1.43071,0.402555,1.028160,1,0,22.9111,0,0,0,22.9111,0
44.1828,2.90191,0,0,1.48072,0.108108,0.36288,3.6288,59.1177,0.66528,0,0,0.781281,0.294301,0,0.66528,12.849,1,0.809261,0.36288,0,23.6809,5.75831,17.4762,0.84672,12.849,0.84672,3695.15,0,0,0,0.420068,2.85021,4.01446,1.37207,5.91268,0.42336,0,0.42336,460.49,0,1.02816,0,0,1.44823,0.420068,1.028160,1,0,23.3888,0,0,0,23.3888,0
41.9402,2.87506,0,0,1.1051,0.109687,0.36288,3.6288,58.8388,0.66528,0,0,0.68034,0.294045,0,0.66528,12.849,1,0.836111,0.36288,0,22.5657,5.7805,16.312,0.84672,12.849,0.84672,3695.15,0,0,0,0.337971,2.85021,2.69619,1.36772,4.51665,0.42336,0,0.42336,460.49,0,1.02816,0,0,1.36613,0.337971,1.028160,1,0,20.8286,0,0,0,20.8286,0
39.5101,2.84085,0,0,0.887484,0.113884,0.36288,3.6288,59.0068,0.66528,0,0,1.09217,0.258891,0,0.66528,12.849,1,0.870335,0.36288,0,15.8924,5.63965,9.74531,0.84672,12.849,0.84672,3695.15,0,0,0,0.930718,2.85022,3.87748,1.23433,6.42408,0.42336,0,0.42336,460.49,0,1.02816,0,0,1.95888,0.930718,1.028160,1,0,16.1694,0,0,0,16.1694,0
37.1082,2.70805,0,0,0.77881,0.109733,0.36288,3.6288,58.7276,0.687027,0,0,0.653042,0.245224,0,0.66528,12.849,1,0.880679,0.36288,0,14.9323,5.56112,8.85343,0.84672,12.849,0.84672,3695.15,0,0,0,0.204422,2.85022,3.17623,1.18533,5.04555,0.42336,0,0.42336,460.49,0,1.00641,0,0,1.21084,0.204422,1.028160,1,0,13.899,0,0,0,13.899,0
34.6165,2.66571,0,0,0.643559,0.106702,0.36288,3.6288,58.2248,0.833319,0,0,0.575314,0.244785,0,0.66528,12.849,1,0.923022,0.36288,0,13.787,5.56112,7.66576,0.84672,12.849,0.84672,3695.15,0,0,0,0.216518,2.73484,2.94144,1.18533,4.70747,0.42336,0,0.42336,460.49,0,0.860121,0,0,1.07664,0.216518,1.028160,1,0,12.3732,0,0,0,12.3732,0
32.6617,2.61726,0,0,1.1963,0.170984,0.36288,3.6288,58.2848,0.66528,0,0,0.89503,0.169665,0,0.66528,12.849,1,0.971478,0.36288,0,24.3432,4.52296,19.2116,0.84672,12.849,0.84672,3695.15,0,0,0,0.316984,2.73485,5.10703,0.860836,7.29803,0.42336,0,0.42336,460.49,0,1.02816,0,0,1.34514,0.316984,1.028160,1,0,26.5097,0,0,0,26.5097,0
31.8109,2.57554,0,0,2.2849,0.197291,0.36288,3.6288,58.7082,0.66528,0,0,1.25623,0.167621,0,0.66528,12.849,1,1.01321,0.36288,0,45.0071,4.18921,40.1675,0.84672,12.849,0.84672,3695.15,0,0,0,0.688306,2.73485,7.20936,0.839744,9.79277,0.42336,0,0.42336,460.49,0,1.02816,0,0,1.71647,0.688306,1.028160,1,0,49.9603,0,0,0,49.9603,0
29.5732,2.48464,0,0,0.815046,0.205216,0.36288,3.6288,57.674,1.13463,0,0,0.33777,0.237348,0,0.66528,12.849,1,1.00359,0.36288,0,14.8942,4.39299,9.86045,0.84672,12.849,0.84672,3695.15,0,0,0,0.216518,2.73485,3.19174,1.1115,5.0316,0.42336,0,0.42336,460.49,0,0.558809,0,0,0.775328,0.216518,1.028160,1,0,14.8921,0,0,0,14.8921,0
27.6546,2.4317,0,0,1.07522,0.199278,0.36288,3.6288,57.5415,0.66528,0,0,0.768616,0.23577,0,0.66528,12.849,1,1.05653,0.36288,0,19.9274,4.39299,14.8407,0.84672,12.849,0.84672,3695.15,0,0,0,0.948767,2.63188,5.67331,1.1115,8.14245,0.42336,0,0.42336,460.49,0,1.02816,0,0,1.97693,0.948767,1.028160,1,0,22.9832,0,0,0,22.9832,0
27.6255,2.38166,0,0,2.90966,0.194126,0.36288,3.6288,58.4272,0.66528,0,0,1.7865,0.235568,0,0.66528,12.849,1,1.10658,0.36288,0,59.5185,4.39299,54.3818,0.84672,12.849,0.84672,3695.15,0,0,0,2.54352,2.63188,9.88813,1.1115,13.952,0.42336,0,0.42336,460.49,0,1.02816,0,0,3.57168,2.54352,1.028160,1,0,68.3338,0,0,0,68.3338,0
26.3791,2.38087,0,0,1.72117,0.223828,0.36288,3.6288,58.5646,0.66528,0,0,1.00761,0.204942,0,0.66528,12.849,1,1.10737,0.36288,0,33.9422,3.87723,29.3205,0.84672,12.849,0.84672,3695.15,0,0,0,0.57348,2.63189,5.86137,0.905135,8.1616,0.42336,0,0.42336,460.49,0,1.02816,0,0,1.60164,0.57348,1.028160,1,0,37.4821,0,0,0,37.4821,0
26.7701,2.15372,0,0,3.09884,0.191255,0.36288,3.6288,59.4396,0.66528,0,0,1.73446,0.194177,0,0.66528,12.849,1,1.04905,0.36288,0,53.1526,3.81003,48.6564,0.84672,12.849,0.84672,3695.15,0,0,0,1.28471,2.63189,6.7951,0.919601,9.7921,0.42336,0,0.42336,460.49,0,1.02816,0,0,2.31287,1.28471,1.028160,1,0,58.4485,0,0,0,58.4485,0
27.1594,2.16407,0,0,3.10849,0.192307,0.36288,3.6288,60.1507,0.66528,0,0,1.57167,0.19527,0,0.66528,12.849,1,1.0387,0.36288,0,80.339,3.81003,75.8532,0.84672,12.849,0.84672,3695.15,0,0,0,2.14562,2.40316,6.4125,0.919601,10.0417,0.42336,0,0.42336,460.49,0,1.02816,0,0,3.17378,2.14562,1.028160,1,0,85.8949,0,0,0,85.8949,0
26.337,2.17418,0,0,1.9081,0.193356,0.36288,3.6288,60.2893,0.66528,0,0,1.00003,0.196158,0,0.66528,12.849,1,1.0286,0.36288,0,45.4899,3.81003,41.0141,0.84672,12.849,0.84672,3695.15,0,0,0,0.810674,2.40316,5.53047,0.919601,7.82471,0.42336,0,0.42336,460.49,0,1.02816,0,0,1.83883,0.810674,1.028160,1,0,48.8388,0,0,0,48.8388,0
25.5615,2.1526,0,0,1.94138,0.2014,0.36288,3.6288,60.1879,0.66528,0,0,0.776094,0.212227,0,0.66528,12.849,1,1.05018,0.36288,0,40.9857,4.15289,36.1455,0.84672,12.849,0.84672,3695.15,0,0,0,0.505345,2.40317,6.99938,1.02655,8.88134,0.42336,0,0.42336,460.49,0,1.02816,0,0,1.5335,0.505345,1.028160,1,0,45.0268,0,0,0,45.0268,0
26.1648,2.1314,0,0,3.29412,0.196552,0.36288,3.6288,61.0705,0.66528,0,0,1.74744,0.199528,0,0.66528,12.849,1,1.07139,0.36288,0,63.4179,4.10393,58.6054,0.84672,12.849,0.84672,3695.15,0,0,0,1.37976,2.40317,8.23617,1.03815,10.9809,0.42336,0,0.42336,460.49,0,1.02816,0,0,2.40792,1.37976,1.028160,1,0,69.5864,0,0,0,69.5864,0
26.0695,2.2216,0,0,2.67517,0.186005,0.36288,3.6288,61.308,0.66528,0,0,1.55863,0.175199,0.480656,0.66528,12.849,1,1.09098,0.36288,0,78.0389,3.72435,73.5864,0.84672,12.849,0.84672,3695.15,0,0,0,0.667535,2.40317,8.21543,0.939897,10.3462,0.42336,0,0.42336,460.49,0,1.02816,0,0,1.6957,0.667535,1.028160,1,0,84.4133,0,0,0,84.4133,0
25.9141,1.95793,0,0,2.35117,0.185754,0.36288,3.6288,61.308,0.725129,0,0,1.36684,0.175462,0.466248,0.66528,12.849,1,0.965014,0.36288,0,42.018,3.72435,37.6916,0.84672,12.849,0.84672,3695.15,0,0,0,0.503194,2.47449,6.62006,0.939897,8.65784,0.42336,0,0.42336,460.49,0,0.968311,0,0,1.4715,0.503194,1.028160,1,0,46.8157,0,0,0,46.8157,0
25.4704,1.95405,0,0,2.06179,0.188544,0.36288,3.6288,61.308,0.891147,0,0,1.22611,0.172985,0.161979,0.66528,12.849,1,0.968875,0.36288,0,36.1143,3.76116,31.7472,0.84672,12.849,0.84672,3695.15,0,0,0,0.503194,2.22685,5.77919,0.931766,7.57747,0.42336,0,0.42336,460.49,0,0.802293,0,0,1.30549,0.503194,1.028160,1,0,39.4866,0,0,0,39.4866,0
25.2296,1.94281,0,0,2.27934,0.214515,0.36288,3.6288,61.308,0.755482,0,0,1.18785,0.156468,0.275904,0.66528,12.849,1,0.980085,0.36288,0,43.293,4.06023,38.6155,0.84672,12.849,0.84672,3695.15,0,0,0,0.503194,2.22683,6.36912,0.957376,8.14177,0.42336,0,0.42336,460.49,0,0.937958,0,0,1.44115,0.503194,1.028160,1,0,47.0332,0,0,0,47.0332,0
26.6764,2.14503,0,0,4.1642,0.209489,0.36288,3.6288,61.308,0.66528,0,0,1.35225,0.136133,0.550842,0.66528,12.849,1,1.09243,0.36288,0,92.6951,2.67561,89.2899,0.84672,12.849,0.84672,3695.15,0,0,0,0.837492,2.22682,8.21854,0.659529,10.6233,0.42336,0,0.42336,460.49,0,1.02816,0,0,1.86565,0.837492,1.028160,1,0,100.464,0,0,0,100.464,0
27.5312,2.185,0,0,3.61492,0.212218,0.36288,3.6288,61.308,0.66528,0,0,1.42716,0.141666,0.620218,0.66528,12.849,1,1.05243,0.36288,0,85.2751,2.80665,81.7789,0.84672,12.849,0.84672,3695.15,0,0,0,0.86737,2.45571,8.5142,0.700524,11.1368,0.42336,0,0.42336,460.49,0,1.02816,0,0,1.89553,0.86737,1.028160,1,0,93.5358,0,0,0,93.5358,0
28.866,2.20726,0,0,4.1059,0.200905,0.36288,3.6288,61.308,0.66528,0,0,1.46774,0.161231,0.641226,0.66528,12.849,1,1.03015,0.36288,0,86.7974,3.91022,82.22,0.84672,12.849,0.84672,3695.15,0,0,0,1.01556,2.45569,9.6336,1.0866,12.0183,0.42336,0,0.42336,460.49,0,1.02816,0,0,2.04372,1.01556,1.028160,1,0,94.8794,0,0,0,94.8794,0
30.127,2.24021,0,0,4.0482,0.184196,0.36288,3.6288,61.308,0.66528,0,0,1.57271,0.172647,0.734786,0.66528,12.849,1,0.997174,0.36288,0,91.3006,3.50052,87.1658,0.84672,12.849,0.84672,3695.15,0,0,0,1.18275,2.45567,10.8915,0.858003,13.6719,0.42336,0,0.42336,460.49,0,1.02816,0,0,2.21091,1.18275,1.028160,1,0,101.572,0,0,0,101.572,0
34.35,1.95491,0,0,6.73891,0.198095,0.36288,3.6288,61.308,0.66528,0,0,2.98959,0.184225,2.14008,0.66528,12.849,1,0.83376,0.36288,0,107.722,3.53157,103.719,0.84672,12.849,0.84672,3695.15,0,0,0,3.06971,2.45566,14.7101,0.92547,19.31,0.42336,0,0.42336,460.49,0,1.02816,0,0,4.09787,3.06971,1.028160,1,0,125.169,0,0,0,125.169,0
38.9349,2.02949,0,0,7.18629,0.208975,0.36288,3.6288,61.308,0.66528,0,0,2.30254,0.184225,1.45304,0.66528,12.849,1,0.759155,0.36288,0,87.315,3.53157,83.3871,0.84672,12.849,0.84672,3695.15,0,0,0,2.39377,2.14349,12.5013,0.92547,16.1131,0.42336,0,0.42336,460.49,0,1.02816,0,0,3.42193,2.39377,1.028160,1,0,100.953,0,0,0,100.953,0
41.6875,2.37743,0,0,5.71358,0.220691,0.36288,3.6288,61.308,0.66528,0,0,1.74673,0.184225,0.897227,0.66528,12.849,1,0.784582,0.36288,0,99.3168,3.53157,95.3635,0.84672,12.849,0.84672,3695.15,0,0,0,1.32552,2.14347,9.2073,0.92547,11.7508,0.42336,0,0.42336,460.49,0,1.02816,0,0,2.35368,1.32552,1.028160,1,0,108.012,0,0,0,108.012,0
42.5594,2.41701,0,0,3.87129,0.21948,0.36288,3.6288,61.308,0.66528,0,0,1.20704,0.178208,0.363554,0.66528,12.849,1,0.744976,0.36288,0,80.1179,3.44438,76.2914,0.84672,12.849,0.84672,3695.15,0,0,0,0.920497,2.38101,8.3147,0.912945,10.7033,0.42336,0,0.42336,460.49,0,1.02816,0,0,1.94866,0.920497,1.028160,1,0,87.3582,0,0,0,87.3582,0
50.9903,2.42872,0,0,11.4387,0.216267,0.36288,3.6288,61.308,0.66528,0,0,2.9025,0.161511,2.07571,0.66528,12.849,1,0.733247,0.36288,0,149.981,3.4306,146.18,0.84672,12.849,0.84672,3695.15,0,0,0,2.80678,2.38099,13.941,0.891783,18.237,0.42336,0,0.42336,460.49,0,1.02816,0,0,3.83494,2.80678,1.028160,1,0,166.493,0,0,0,166.493,0
56.4504,2.62663,0,0,8.70713,0.257506,0.36288,3.6288,61.308,0.66528,0,0,1.57182,0.169271,0.737273,0.66528,12.849,1,0.661884,0.36288,0,106.549,3.63437,102.616,0.84672,12.849,0.84672,3695.15,0,0,0,1.69757,2.38097,11.6092,0.913379,14.7744,0.42336,0,0.42336,460.49,0,1.02816,0,0,2.72573,1.69757,1.028160,1,0,118.128,0,0,0,118.128,0
61.1901,2.67876,0,0,8.0536,0.27222,0.36288,3.6288,61.308,0.66528,0,0,1.77699,0.169271,0.942438,0.66528,12.849,1,0.609729,0.36288,0,122.295,3.63437,118.414,0.84672,12.849,0.84672,3695.15,0,0,0,1.78323,2.46721,12.0326,0.913379,15.3696,0.42336,0,0.42336,460.49,0,1.02816,0,0,2.81139,1.78323,1.028160,1,0,134.726,0,0,0,134.726,0
65.4116,2.71777,0,0,7.52959,0.227465,0.36288,3.6288,61.308,0.66528,0,0,1.81418,0.202574,0.946321,0.66528,12.849,1,0.570691,0.36288,0,106.612,4.04156,102.362,0.84672,12.849,0.84672,3695.15,0,0,0,1.89262,2.46719,12.3684,0.993531,15.7347,0.42336,0,0.42336,460.49,0,1.02816,0,0,2.92078,1.89262,1.028160,1,0,119.043,0,0,0,119.043,0
68.368,2.74854,0,0,6.30952,0.241728,0.36288,3.6288,61.308,0.66528,0,0,1.48394,0.193672,0.624985,0.66528,12.849,1,0.539903,0.36288,0,80.0643,3.73906,76.1482,0.84672,12.849,0.84672,3695.15,0,0,0,1.41647,2.46718,9.10587,0.98644,12.0031,0.42336,0,0.42336,460.49,0,1.02816,0,0,2.44463,1.41647,1.028160,1,0,88.7763,0,0,0,88.7763,0
70.6696,2.72651,0,0,5.64704,0.256058,0.36288,3.6288,61.308,0.66528,0,0,1.87278,0.181804,1.0257,0.66528,12.849,1,0.512416,0.36288,0,83.5514,3.33574,80.0661,0.84672,12.849,0.84672,3695.15,0,0,0,1.73979,2.46716,9.16479,0.976985,12.3948,0.42336,0,0.42336,460.49,0,1.02816,0,0,2.76795,1.73979,1.028160,1,0,93.4866,0,0,0,93.4866,0
72.29,2.7406,0,0,5.89804,0.260667,1.27633,3.6288,61.308,0.66528,0,0,1.60417,0.181804,0.757088,0.66528,12.849,1,0.498291,1.27633,0,82.8645,3.33574,80.3068,0.84672,12.849,0.84672,3695.15,0,0,0,1.27004,2.43358,10.7539,0.976985,13.4805,0.42336,0,0.42336,460.49,0,1.02816,0,0,2.2982,1.27004,1.028160,1,0,94.5444,0,0,0,94.5444,0
72.29,3.00683,0,0,5.76374,0.227419,2.5295,3.6288,61.308,0.66528,0,0,1.56434,0.199607,0.699454,0.66528,12.849,1,0.534441,2.5295,0,82.3867,4.73929,79.6425,0.84672,12.849,0.84672,3695.15,0,0,0,1.37281,2.43357,9.71542,1.03232,12.4895,0.42336,0,0.42336,460.49,0,1.02816,0,0,2.40097,1.37281,1.028160,1,0,92.8314,0,0,0,92.8314,0
72.29,2.75004,0,0,4.73323,0.16425,1.81894,3.6288,61.308,0.66528,0,0,1.48953,0.220119,0.604129,0.66528,12.849,1,0.4888,1.81894,0,51.5544,5.27157,47.613,0.84672,12.849,0.84672,3695.15,0,0,0,1.16881,2.25659,8.50297,1.16831,10.7601,0.42336,0,0.42336,460.49,0,1.02816,0,0,2.19697,1.16881,1.028160,1,0,58.9772,0,0,0,58.9772,0
72.29,2.89266,0,0,4.16847,0.217215,1.0586,3.6288,61.308,0.66528,0,0,1.35896,0.188493,0.505186,0.66528,12.849,1,0.514148,1.0586,0,51.9964,4.46796,48.0729,0.84672,12.849,0.84672,3695.15,0,0,0,0.975983,2.43353,6.87874,1.02187,9.26638,0.42336,0,0.42336,460.49,0,1.02816,0,0,2.00414,0.975983,1.028160,1,0,57.8444,0,0,0,57.8444,0
72.29,2.89263,0,0,4.20657,0.122199,1.19173,3.6288,61.308,0.66528,0,0,1.35473,0.222286,0.467168,0.66528,12.849,1,0.514143,1.19173,0,53.8593,4.92138,49.6156,0.84672,12.849,0.84672,3695.15,0,0,0,1.13549,2.55112,7.43809,1.11309,10.0116,0.42336,0,0.42336,460.49,0,1.02816,0,0,2.16365,1.13549,1.028160,1,0,60.0943,0,0,0,60.0943,0
72.29,2.89261,0,0,3.69772,0.106362,0.69875,3.6288,61.308,0.66528,0,0,1.11591,0.227919,0.222709,0.66528,12.849,1,0.514139,0.69875,0,48.4186,4.99695,43.6063,0.84672,12.849,0.84672,3695.15,0,0,0,0.829328,2.5511,6.33519,1.1283,8.58733,0.42336,0,0.42336,460.49,0,1.02816,0,0,1.85749,0.829328,1.028160,1,0,52.4163,0,0,0,52.4163,0
72.29,2.89259,0,0,3.52473,0.106362,0.525783,3.6288,61.308,0.66528,0,0,0.894586,0.227919,0.00138694,0.66528,12.849,1,0.514135,0.525783,0,44.8056,4.99695,39.8203,0.84672,12.849,0.84672,3695.15,0,0,0,0.647879,2.55108,6.03547,1.1283,8.10614,0.42336,0,0.42336,460.49,0,1.02816,0,0,1.67604,0.647879,1.028160,1,0,47.9278,0,0,0,47.9278,0
71.8489,2.89256,0,0,2.95271,0.138405,0.36288,3.6288,60.9543,0.782654,0,0,0.65193,0.223022,0,0.66528,12.849,1,0.514131,0.36288,0,36.9634,5.0094,31.8027,0.84672,12.849,0.84672,3695.15,0,0,0,0.30119,2.55107,4.44741,1.19116,6.10851,0.42336,0,0.42336,460.49,0,0.910786,0,0,1.21198,0.30119,1.028160,1,0,37.9112,0,0,0,37.9112,0
71.151,2.86168,0,0,2.59991,0.0732122,0.36288,3.6288,60.3264,0.969348,0,0,0.59108,0.24956,0,0.66528,12.849,1,0.511765,0.36288,0,32.9585,5.23877,27.5708,0.84672,12.849,0.84672,3695.15,0,0,0,0.30119,2.55105,3.94807,1.28295,5.51736,0.42336,0,0.42336,460.49,0,0.724092,0,0,1.02528,0.30119,1.028160,1,0,33.0882,0,0,0,33.0882,0
70.2578,2.85741,0,0,2.39998,0.0728892,0.36288,3.6288,59.7119,0.95091,0,0,0.584924,0.248567,0,0.66528,12.849,1,0.516013,0.36288,0,30.136,5.23877,24.7441,0.84672,12.849,0.84672,3695.15,0,0,0,0.261274,2.59214,3.62228,1.28295,5.19274,0.42336,0,0.42336,460.49,0,0.74253,0,0,1.0038,0.261274,1.028160,1,0,29.9368,0,0,0,29.9368,0
69.214,2.85184,0,0,2.24321,0.0723254,0.36288,3.6288,59.1466,0.906094,0,0,0.588448,0.247595,0,0.66528,12.849,1,0.521555,0.36288,0,28.0184,5.23877,22.621,0.84672,12.849,0.84672,3695.15,0,0,0,0.261274,2.59212,3.5014,1.28295,5.07185,0.42336,0,0.42336,460.49,0,0.787346,0,0,1.04862,0.261274,1.028160,1,0,27.6928,0,0,0,27.6928,0
68.2278,2.84518,0,0,2.29039,0.0684973,0.36288,3.6288,58.5035,0.935375,0,0,0.568799,0.276559,0,0.66528,12.849,1,0.528184,0.36288,0,27.6159,5.60198,21.8487,0.84672,12.849,0.84672,3695.15,0,0,0,0.261274,2.5921,3.44751,1.39612,4.90477,0.42336,0,0.42336,460.49,0,0.758065,0,0,1.01934,0.261274,1.028160,1,0,26.7534,0,0,0,26.7534,0
67.3363,2.91092,0,0,2.44816,0.065889,0.36288,3.6288,57.9045,0.887734,0,0,0.591363,0.302609,0,0.66528,12.849,1,0.5482,0.36288,0,28.6127,5.90572,22.5216,0.84672,12.849,0.84672,3695.15,0,0,0,0.261274,2.59209,3.65281,1.53405,4.97212,0.42336,0,0.42336,460.49,0,0.805706,0,0,1.06698,0.261274,1.028160,1,0,27.4937,0,0,0,27.4937,0
66.2427,2.90481,0,0,2.23957,0.0654291,0.36288,3.6288,57.2511,0.907788,0,0,0.555816,0.301443,0,0.66528,12.849,1,0.55429,0.36288,0,26.9023,5.90572,20.8051,0.84672,12.849,0.84672,3695.15,0,0,0,0.261274,2.65033,3.71803,1.53405,5.09558,0.42336,0,0.42336,460.49,0,0.785652,0,0,1.04693,0.261274,1.028160,1,0,25.9007,0,0,0,25.9007,0
64.9457,2.89712,0,0,2.02781,0.064865,0.36288,3.6288,56.5013,0.98064,0,0,0.531057,0.30017,0,0.66528,12.849,1,0.56195,0.36288,0,25.3367,5.90572,19.2319,0.84672,12.849,0.84672,3695.15,0,0,0,0.227405,2.65031,3.45698,1.53405,4.80064,0.42336,0,0.42336,460.49,0,0.7128,0,0,0.940205,0.227405,1.028160,1,0,24.0326,0,0,0,24.0326,0
63.4181,2.88773,0,0,1.77339,0.0503113,0.36288,3.6288,55.7267,0.995648,0,0,0.527291,0.306244,0,0.66528,12.849,1,0.571314,0.36288,0,24.1261,6.13005,17.7876,0.84672,12.849,0.84672,3695.15,0,0,0,0.227405,2.65029,3.49397,1.57887,4.79279,0.42336,0,0.42336,460.49,0,0.697792,0,0,0.925197,0.227405,1.028160,1,0,22.5804,0,0,0,22.5804,0
61.9003,3.08515,0,0,1.95833,0.0281089,0.36288,3.6288,54.6109,1.22115,0,0,0.429545,0.324279,0,0.66528,12.849,1,0.625075,0.36288,0,20.6334,5.80273,14.5685,0.84672,12.849,0.84672,3695.15,0,0,0,0.227405,2.65027,3.43425,1.56511,4.74682,0.42336,0,0.42336,460.49,0,0.472288,0,0,0.699693,0.227405,1.028160,1,0,19.3153,0,0,0,19.3153,0
60.6511,3.07243,0,0,2.20622,0.0201063,0.36288,3.6288,53.6422,1.12578,0,0,0.479415,0.322269,0,0.66528,12.849,1,0.637762,0.36288,0,22.8162,5.80409,16.7372,0.84672,12.849,0.84672,3695.15,0,0,0,0.227405,2.84958,3.29092,1.60032,4.76758,0.42336,0,0.42336,460.49,0,0.567657,0,0,0.795061,0.227405,1.028160,1,0,21.5048,0,0,0,21.5048,0
58.9769,3.06157,0,0,1.77013,0.0198994,0.36288,3.6288,52.439,1.26009,0,0,0.376976,0.32013,0,0.66528,12.849,1,0.648596,0.36288,0,26.8368,5.80409,20.747,0.84672,12.849,0.84672,3695.15,0,0,0,0.204422,2.84956,2.73374,1.60032,4.1874,0.42336,0,0.42336,460.49,0,0.433355,0,0,0.637777,0.204422,1.028160,1,0,24.9344,0,0,0,24.9344,0
57.6444,3.04643,0,0,2.09638,0.0195907,0.36288,3.6288,51.7589,0.938448,0,0,0.57544,0.317064,0,0.66528,12.849,1,0.663709,0.36288,0,23.0348,5.80409,16.9298,0.84672,12.849,0.84672,3695.15,0,0,0,0.204422,2.84954,3.69683,1.60032,5.15047,0.42336,0,0.42336,460.49,0,0.754992,0,0,0.959414,0.204422,1.028160,1,0,22.0803,0,0,0,22.0803,0
56.5064,3.03386,0,0,2.25548,-0.00322767,0.36288,3.6288,51.421,0.66528,0,0,0.661781,0.334379,0,0.66528,12.849,1,0.67625,0.36288,0,39.5927,5.67315,33.6062,0.84672,12.849,0.84672,3695.15,0,0,0,0.247294,2.84952,6.17452,1.65798,7.61336,0.42336,0,0.42336,460.49,0,1.02816,0,0,1.27545,0.247294,1.028160,1,0,41.2196,0,0,0,41.2196,0
56.1045,2.92299,0,0,2.88343,-0.000519345,0.36288,3.6288,51.29,0.66528,0,0,0.857753,0.323541,0,0.66528,12.849,1,0.66466,0.36288,0,39.3759,5.14104,33.933,0.84672,12.849,0.84672,3695.15,0,0,0,0.642539,2.8495,8.83552,1.53737,10.7902,0.42336,0,0.42336,460.49,0,1.02816,0,0,1.6707,0.642539,1.028160,1,0,44.7232,0,0,0,44.7232,0
56.2807,2.91909,0,0,3.50115,0.0429684,0.36288,3.6288,51.2033,0.66528,0,0,0.869573,0.290988,0,0.66528,12.849,1,0.668529,0.36288,0,35.7466,4.86496,30.576,0.84672,12.849,0.84672,3695.15,0,0,0,0.67036,2.73413,6.53682,1.44255,8.49877,0.42336,0,0.42336,460.49,0,1.02816,0,0,1.69852,0.67036,1.028160,1,0,39.0748,0,0,0,39.0748,0
58.3358,2.92077,0,0,5.38187,0.0430436,0.36288,3.6288,51.716,0.66528,0,0,1.46879,0.290783,0,0.66528,12.849,1,0.666819,0.36288,0,66.3307,4.86496,61.1618,0.84672,12.849,0.84672,3695.15,0,0,0,1.93253,2.73412,12.6372,1.44255,15.8613,0.42336,0,0.42336,460.49,0,1.02816,0,0,2.96069,1.93253,1.028160,1,0,77.0231,0,0,0,77.0231,0
59.5079,2.94,0,0,4.53033,0.0553619,0.36288,3.6288,51.9239,0.66528,0,0,1.15195,0.278771,0,0.66528,12.849,1,0.647562,0.36288,0,99.0507,4.74873,94.0173,0.84672,12.849,0.84672,3695.15,0,0,0,1.32442,2.7341,8.74446,1.38426,11.4187,0.42336,0,0.42336,460.49,0,1.02816,0,0,2.35258,1.32442,1.028160,1,0,105.436,0,0,0,105.436,0
59.4628,2.86783,0,0,3.31097,0.125421,0.36288,3.6288,51.9756,0.66528,0,0,0.916764,0.199773,0,0.66528,12.849,1,0.619223,0.36288,0,67.3579,4.05132,63.0502,0.84672,12.849,0.84672,3695.15,0,0,0,0.861987,2.73408,5.99749,1.03456,8.559,0.42336,0,0.42336,460.49,0,1.02816,0,0,1.89015,0.861987,1.028160,1,0,71.6092,0,0,0,71.6092,0
61.2512,2.86742,0,0,5.14406,0.125367,0.36288,3.6288,52.554,0.66528,0,0,1.44355,0.199857,0,0.66528,12.849,1,0.619605,0.36288,0,110.586,4.05132,106.278,0.84672,12.849,0.84672,3695.15,0,0,0,1.58197,2.63112,8.01585,1.03456,11.1944,0.42336,0,0.42336,460.49,0,1.02816,0,0,2.61013,1.58197,1.028160,1,0,117.472,0,0,0,117.472,0
62.3551,2.88235,0,0,4.48106,0.131876,0.36288,3.6288,53.1257,0.66528,0,0,1.42759,0.19066,0,0.66528,12.849,1,0.604646,0.36288,0,94.3592,4.05639,90.061,0.84672,12.849,0.84672,3695.15,0,0,0,1.50989,2.6311,8.85609,1.06614,11.9309,0.42336,0,0.42336,460.49,0,1.02816,0,0,2.53805,1.50989,1.028160,1,0,101.992,0,0,0,101.992,0
62.8836,2.8912,0,0,3.95698,0.174465,0.36288,3.6288,53.376,0.66528,0,0,1.09441,0.178803,0,0.66528,12.849,1,0.595766,0.36288,0,82.652,4.14317,78.2759,0.84672,12.849,0.84672,3695.15,0,0,0,1.03889,2.63108,7.00679,1.0868,9.58996,0.42336,0,0.42336,460.49,0,1.02816,0,0,2.06705,1.03889,1.028160,1,0,87.8659,0,0,0,87.8659,0
62.1583,2.65837,0,0,2.54276,0.246786,0.36288,3.6288,53.1181,0.66528,0,0,0.595616,0.18828,0,0.66528,12.849,1,0.543185,0.36288,0,57.0415,4.14915,52.7121,0.84672,12.849,0.84672,3695.15,0,0,0,1.62479,2.63106,7.33756,1.04439,10.549,0.42336,0,0.42336,460.49,0,1.02816,0,0,2.65295,1.62479,1.028160,1,0,63.2611,0,0,0,63.2611,0
62.4839,2.6531,0,0,3.59502,0.25343,0.36288,3.6288,52.7812,0.66528,0,0,0.516241,0.187821,0,0.66528,12.849,1,0.548433,0.36288,0,87.5051,4.14088,83.1786,0.84672,12.849,0.84672,3695.15,0,0,0,1.51641,2.40239,8.31617,1.04461,11.1904,0.42336,0,0.42336,460.49,0,1.02816,0,0,2.54457,1.51641,1.028160,1,0,94.369,0,0,0,94.369,0
72.29,2.65545,0,0,15.2388,0.254108,2.52314,3.6288,55.8973,0.66528,0,0,3.96873,0.187316,0,0.66528,12.849,1,0.546058,2.52314,0,359.461,4.14088,357.297,0.84672,12.849,0.84672,3695.15,0,0,0,1.92545,2.40237,23.3052,1.04461,26.5884,0.42336,0,0.42336,460.49,0,1.02816,0,0,2.95361,1.92545,1.028160,1,0,383.886,0,0,0,383.886,0
72.29,2.71832,0,0,7.21121,0.230425,4.26247,3.6288,56.6092,0.66528,0,0,1.55755,0.180362,0,0.66528,12.849,1,0.483161,4.26247,0,173.381,3.32377,173.837,0.84672,12.849,0.84672,3695.15,0,0,0,1.82163,2.40236,11.9422,0.868863,15.2973,0.42336,0,0.42336,460.49,0,1.02816,0,0,2.84979,1.82163,1.028160,1,0,189.134,0,0,0,189.134,0
72.29,2.7183,0,0,6.76728,0.222768,3.82621,3.6288,57.1986,0.66528,0,0,1.47293,0.218276,0,0.66528,12.849,1,0.483157,3.82621,0,146.698,4.03114,146.01,0.84672,12.849,0.84672,3695.15,0,0,0,2.543,2.40234,13.2549,1.09207,17.1082,0.42336,0,0.42336,460.49,0,1.02816,0,0,3.57116,2.543,1.028160,1,0,163.118,0,0,0,163.118,0
72.29,2.81146,0,0,9.60638,0.240001,6.55492,3.6288,58.8474,0.66528,0,0,2.56519,0.251092,0,0.66528,12.849,1,0.499716,6.55492,0,230.437,5.09303,231.4,0.84672,12.849,0.84672,3695.15,0,0,0,3.35204,2.40232,20.3297,1.53547,24.5486,0.42336,0,0.42336,460.49,0,1.02816,0,0,4.3802,3.35204,1.028160,1,0,255.948,0,0,0,255.948,0
72.29,2.81141,0,0,10.4087,0.240001,7.35728,3.6288,60.5091,0.66528,0,0,2.58071,0.253779,0,0.66528,12.849,1,0.499708,7.35728,0,225.742,5.09303,227.507,0.84672,12.849,0.84672,3695.15,0,0,0,3.83199,2.47359,20.38,1.53547,25.1501,0.42336,0,0.42336,460.49,0,1.02816,0,0,4.86015,3.83199,1.028160,1,0,252.657,0,0,0,252.657,0
72.29,2.81137,0,0,19.4798,0.240001,16.4285,3.6288,61.308,0.66528,0,0,5.07848,0.256487,3.35778,0.66528,12.849,1,0.499699,16.4285,0,312.064,5.09303,322.9,0.84672,12.849,0.84672,3695.15,0,0,0,5.8753,2.47355,32.1849,1.53547,38.9983,0.42336,0,0.42336,460.49,0,1.02816,0,0,6.90346,5.8753,1.028160,1,0,365.256,0,0,0,365.256,0
72.29,2.81132,0,0,11.3082,0.227918,8.26897,3.6288,61.308,0.66528,0,0,4.40088,0.269393,3.46621,0.66528,12.849,1,0.49969,8.26897,0,456.588,4.66624,459.691,0.84672,12.849,0.84672,3695.15,0,0,0,5.63156,2.47352,28.5981,1.29883,35.4043,0.42336,0,0.42336,460.49,0,1.02816,0,0,6.65972,5.63156,1.028160,1,0,498.561,0,0,0,498.561,0
72.29,3.11052,0,0,15.2741,0.276293,11.8873,3.6288,61.308,0.66528,0,0,4.81907,0.264811,3.88898,0.66528,12.849,1,0.552871,11.8873,0,545.693,4.30983,552.717,0.84672,12.849,0.84672,3695.15,0,0,0,6.37654,2.47348,34.3213,1.22513,41.9462,0.42336,0,0.42336,460.49,0,1.02816,0,0,7.4047,6.37654,1.028160,1,0,598.553,0,0,0,598.553,0
72.29,3.11046,0,0,11.7294,0.276293,8.34265,3.6288,61.308,0.66528,0,0,2.90859,0.264811,1.9785,0.66528,12.849,1,0.552861,8.34265,0,381.607,4.30983,385.087,0.84672,12.849,0.84672,3695.15,0,0,0,3.85723,2.72989,25.2452,1.22513,30.6072,0.42336,0,0.42336,460.49,0,1.02816,0,0,4.88539,3.85723,1.028160,1,0,417.673,0,0,0,417.673,0
72.29,3.11041,0,0,13.1247,0.280237,9.73403,3.6288,61.308,0.66528,0,0,2.93351,0.254269,2.01396,0.66528,12.849,1,0.552852,9.73403,0,367.376,4.29627,372.261,0.84672,12.849,0.84672,3695.15,0,0,0,4.09704,2.72985,26.1554,1.16604,31.8163,0.42336,0,0.42336,460.49,0,1.02816,0,0,5.1252,4.09704,1.028160,1,0,406.091,0,0,0,406.091,0
72.29,3.11035,0,0,19.2955,0.290098,15.895,3.6288,61.308,0.66528,0,0,6.03741,0.227913,5.14421,0.66528,12.849,1,0.552842,15.895,0,466.854,4.26237,477.934,0.84672,12.849,0.84672,3695.15,0,0,0,8.16614,2.72981,41.0971,1.01831,50.9747,0.42336,0,0.42336,460.49,0,1.02816,0,0,9.1943,8.16614,1.028160,1,0,534.053,0,0,0,534.053,0
72.29,2.6835,0,0,4.49582,0.31791,1.49441,3.6288,61.308,0.66528,0,0,1.5286,0.230736,0.632582,0.66528,12.849,1,0.476973,1.49441,0,93.4848,4.11211,90.3901,0.84672,12.849,0.84672,3695.15,0,0,0,1.93951,2.72977,10.1213,0.901289,13.8893,0.42336,0,0.42336,460.49,0,1.02816,0,0,2.96767,1.93951,1.028160,1,0,104.912,0,0,0,104.912,0
72.29,2.68346,0,0,4.31186,0.31791,1.31049,3.6288,61.308,0.66528,0,0,1.78817,0.230736,0.892153,0.66528,12.849,1,0.476964,1.31049,0,92.6761,4.11211,89.3975,0.84672,12.849,0.84672,3695.15,0,0,0,1.90509,2.38003,7.84045,0.901289,11.2243,0.42336,0,0.42336,460.49,0,1.02816,0,0,2.93325,1.90509,1.028160,1,0,101.514,0,0,0,101.514,0
72.29,2.68341,0,0,7.42262,0.315861,4.42335,3.6288,61.308,0.66528,0,0,2.76337,0.213555,1.88454,0.66528,12.849,1,0.476956,4.42335,0,193.725,3.84315,193.828,0.84672,12.849,0.84672,3695.15,0,0,0,4.64915,2.37999,18.4923,0.855224,24.6662,0.42336,0,0.42336,460.49,0,1.02816,0,0,5.67731,4.64915,1.028160,1,0,220.379,0,0,0,220.379,0
72.29,2.68336,0,0,6.65916,0.313129,3.66267,3.6288,61.308,0.66528,0,0,2.20697,0.190646,1.35104,0.66528,12.849,1,0.476948,3.66267,0,185.067,3.48453,184.768,0.84672,12.849,0.84672,3695.15,0,0,0,3.85759,2.37996,11.9849,0.793804,17.4286,0.42336,0,0.42336,460.49,0,1.02816,0,0,4.88575,3.85759,1.028160,1,0,203.548,0,0,0,203.548,0
72.29,2.68332,0,0,8.82442,0.34267,5.79843,3.6288,61.308,0.66528,0,0,3.41417,0.181397,2.5675,0.66528,12.849,1,0.476939,5.79843,0,279.358,3.39135,281.288,0.84672,12.849,0.84672,3695.15,0,0,0,4.77132,2.37992,20.7116,0.671988,27.1909,0.42336,0,0.42336,460.49,0,1.02816,0,0,5.79948,4.77132,1.028160,1,0,311.047,0,0,0,311.047,0
72.29,3.04746,0,0,8.01861,0.323393,4.64776,3.6288,61.308,0.66528,0,0,3.29937,0.165152,2.46893,0.66528,12.849,1,0.541662,4.64776,0,194.663,3.7381,195.031,0.84672,12.849,0.84672,3695.15,0,0,0,4.92204,2.37989,16.0724,0.661539,22.7128,0.42336,0,0.42336,460.49,0,1.02816,0,0,5.9502,4.92204,1.028160,1,0,220.212,0,0,0,220.212,0
72.29,3.04741,0,0,6.06278,0.323393,2.69198,3.6288,61.308,0.66528,0,0,2.61643,0.165152,1.78599,0.66528,12.849,1,0.541653,2.69198,0,163.846,3.7381,162.259,0.84672,12.849,0.84672,3695.15,0,0,0,4.2372,2.2891,13.019,0.661539,18.8838,0.42336,0,0.42336,460.49,0,1.02816,0,0,5.26536,4.2372,1.028160,1,0,182.928,0,0,0,182.928,0
72.29,3.04736,0,0,5.6588,0.323393,2.28805,3.6288,61.308,0.66528,0,0,3.17875,0.165152,2.34832,0.66528,12.849,1,0.541645,2.28805,0,160.057,3.7381,158.065,0.84672,12.849,0.84672,3695.15,0,0,0,4.18997,2.28906,16.3104,0.661539,22.1279,0.42336,0,0.42336,460.49,0,1.02816,0,0,5.21813,4.18997,1.028160,1,0,182.541,0,0,0,182.541,0
72.29,3.04731,0,0,5.06985,0.307803,1.71474,3.6288,61.308,0.66528,0,0,2.49559,0.181621,1.64869,0.66528,12.849,1,0.541636,1.71474,0,123.033,3.74826,120.458,0.84672,12.849,0.84672,3695.15,0,0,0,3.48572,2.28902,12.0309,0.711703,17.094,0.42336,0,0.42336,460.49,0,1.02816,0,0,4.51388,3.48572,1.028160,1,0,139.2,0,0,0,139.2,0
72.29,2.7485,0,0,4.54909,0.293727,1.50686,3.6288,61.308,0.66528,0,0,1.53335,0.190464,0.677605,0.66528,12.849,1,0.488525,1.50686,0,107.677,4.07851,104.617,0.84672,12.849,0.84672,3695.15,0,0,0,2.15338,2.28899,9.67283,0.875178,13.24,0.42336,0,0.42336,460.49,0,1.02816,0,0,3.18154,2.15338,1.028160,1,0,118.534,0,0,0,118.534,0
72.29,2.74845,0,0,4.16801,0.293727,1.12583,3.6288,61.308,0.66528,0,0,1.39495,0.190464,0.539201,0.66528,12.849,1,0.488516,1.12583,0,96.2029,4.07851,92.7617,0.84672,12.849,0.84672,3695.15,0,0,0,2.02036,2.43237,8.67551,0.875178,12.2531,0.42336,0,0.42336,460.49,0,1.02816,0,0,3.04852,2.02036,1.028160,1,0,105.554,0,0,0,105.554,0
72.29,2.7484,0,0,3.78235,0.283908,0.750038,3.6288,61.308,0.66528,0,0,1.19831,0.193341,0.339686,0.66528,12.849,1,0.488508,0.750038,0,89.9156,4.11344,86.0637,0.84672,12.849,0.84672,3695.15,0,0,0,1.48205,2.43234,7.88884,0.85796,10.9453,0.42336,0,0.42336,460.49,0,1.02816,0,0,2.51021,1.48205,1.028160,1,0,97.3487,0,0,0,97.3487,0
72.29,2.74836,0,0,3.80077,0.244137,0.808277,3.6288,61.308,0.66528,0,0,1.17838,0.204104,0.309,0.66528,12.849,1,0.488499,0.808277,0,89.2858,4.30909,85.2964,0.84672,12.849,0.84672,3695.15,0,0,0,1.6868,2.4323,7.94465,0.794855,11.2689,0.42336,0,0.42336,460.49,0,1.02816,0,0,2.71496,1.6868,1.028160,1,0,96.8743,0,0,0,96.8743,0
72.29,2.89086,0,0,4.13408,0.180179,1.06305,3.6288,61.308,0.66528,0,0,1.17242,0.196447,0.310695,0.66528,12.849,1,0.513828,1.06305,0,90.3165,4.50944,86.3563,0.84672,12.849,0.84672,3695.15,0,0,0,1.61857,2.43227,8.22597,0.854397,11.4224,0.42336,0,0.42336,460.49,0,1.02816,0,0,2.64673,1.61857,1.028160,1,0,98.0894,0,0,0,98.0894,0
72.29,2.89081,0,0,3.91071,0.175862,0.844035,3.6288,61.308,0.66528,0,0,1.16185,0.193683,0.302884,0.66528,12.849,1,0.513819,0.844035,0,83.4123,4.49768,79.2448,0.84672,12.849,0.84672,3695.15,0,0,0,1.47486,2.54977,8.04436,0.872678,11.1963,0.42336,0,0.42336,460.49,0,1.02816,0,0,2.50302,1.47486,1.028160,1,0,90.744,0,0,0,90.744,0
72.29,2.89076,0,0,3.66802,0.175862,0.601396,3.6288,61.308,0.66528,0,0,1.12216,0.193683,0.2632,0.66528,12.849,1,0.513811,0.601396,0,77.2718,4.49768,72.8618,0.84672,12.849,0.84672,3695.15,0,0,0,1.34606,2.54973,7.83657,0.872678,10.8597,0.42336,0,0.42336,460.49,0,1.02816,0,0,2.37422,1.34606,1.028160,1,0,83.9846,0,0,0,83.9846,0
72.29,2.89071,0,0,3.50738,0.176133,0.44054,3.6288,61.308,0.66528,0,0,1.04825,0.204874,0.178094,0.66528,12.849,1,0.513802,0.44054,0,73.3018,4.65573,68.5728,0.84672,12.849,0.84672,3695.15,0,0,0,1.26611,2.54969,7.73522,0.919865,10.6311,0.42336,0,0.42336,460.49,0,1.02816,0,0,2.29427,1.26611,1.028160,1,0,79.382,0,0,0,79.382,0
71.9924,2.89066,0,0,3.09575,0.139856,0.36288,3.6288,61.308,0.66528,0,0,1.0878,0.268542,0.15398,0.66528,12.849,1,0.513793,0.36288,0,66.7017,5.41749,61.1333,0.84672,12.849,0.84672,3695.15,0,0,0,1.00897,2.54965,6.24093,1.21791,8.58165,0.42336,0,0.42336,460.49,0,1.02816,0,0,2.03713,1.00897,1.028160,1,0,69.8689,0,0,0,69.8689,0
71.5425,2.86063,0,0,2.91028,0.136651,0.36288,3.6288,61.308,0.66528,0,0,1.11458,0.260558,0.188739,0.66528,12.849,1,0.510558,0.36288,0,63.2756,5.2101,57.9179,0.84672,12.849,0.84672,3695.15,0,0,0,0.817949,2.54961,4.8786,1.20815,7.03802,0.42336,0,0.42336,460.49,0,1.02816,0,0,1.84611,0.817949,1.028160,1,0,65.1446,0,0,0,65.1446,0
70.9495,2.85786,0,0,2.76396,0.136183,0.36288,3.6288,61.308,0.66528,0,0,1.08842,0.260558,0.162586,0.66528,12.849,1,0.513271,0.36288,0,61.8837,5.2101,56.5232,0.84672,12.849,0.84672,3695.15,0,0,0,0.740465,2.59066,4.62935,1.20815,6.75232,0.42336,0,0.42336,460.49,0,1.02816,0,0,1.76863,0.740465,1.028160,1,0,63.4381,0,0,0,63.4381,0
70.24,2.85418,0,0,2.62139,0.113841,0.36288,3.6288,61.308,0.66528,0,0,1.03308,0.295633,0.0721633,0.66528,12.849,1,0.516894,0.36288,0,58.8972,5.75668,52.9865,0.84672,12.849,0.84672,3695.15,0,0,0,0.724507,2.59062,4.44199,1.38282,6.3743,0.42336,0,0.42336,460.49,0,1.02816,0,0,1.75267,0.724507,1.028160,1,0,59.433,0,0,0,59.433,0
69.3446,2.84972,0,0,2.42881,0.111561,0.36288,3.6288,61.308,0.66528,0,0,0.979413,0.290628,0.023505,0.66528,12.849,1,0.521299,0.36288,0,55.425,5.99159,49.275,0.84672,12.849,0.84672,3695.15,0,0,0,0.679622,2.59058,4.29496,1.4143,6.15087,0.42336,0,0.42336,460.49,0,1.02816,0,0,1.70778,0.679622,1.028160,1,0,55.4494,0,0,0,55.4494,0
68.4405,2.91632,0,0,2.46272,0.0876539,0.36288,3.6288,61.2809,0.66528,0,0,0.941846,0.303652,0,0.66528,12.849,1,0.54037,0.36288,0,55.1317,5.96621,48.988,0.84672,12.849,0.84672,3695.15,0,0,0,0.339025,2.59054,3.9575,1.48901,5.39806,0.42336,0,0.42336,460.49,0,1.02816,0,0,1.36718,0.339025,1.028160,1,0,54.386,0,0,0,54.386,0
67.4144,2.91026,0,0,2.33404,0.0870389,0.36288,3.6288,61.1546,0.66528,0,0,0.842599,0.3036,0,0.66528,12.849,1,0.546371,0.36288,0,48.7137,5.96621,42.564,0.84672,12.849,0.84672,3695.15,0,0,0,0.472262,2.64872,4.13345,1.48901,5.76543,0.42336,0,0.42336,460.49,0,1.02816,0,0,1.50042,0.472262,1.028160,1,0,48.3294,0,0,0,48.3294,0
66.2438,2.90322,0,0,2.1819,0.0863408,0.36288,3.6288,60.9656,0.66528,0,0,0.779596,0.303358,0,0.66528,12.849,1,0.553346,0.36288,0,46.3197,5.96621,40.1631,0.84672,12.849,0.84672,3695.15,0,0,0,0.343155,2.64869,3.62698,1.48901,5.12981,0.42336,0,0.42336,460.49,0,1.02816,0,0,1.37131,0.343155,1.028160,1,0,45.2929,0,0,0,45.2929,0
65.053,2.89498,0,0,2.15259,0.0855445,0.36288,3.6288,60.8408,0.66528,0,0,0.843454,0.302995,0,0.66528,12.849,1,0.561526,0.36288,0,42.98,5.96621,36.8152,0.84672,12.849,0.84672,3695.15,0,0,0,0.435586,2.64865,4.10169,1.48901,5.69692,0.42336,0,0.42336,460.49,0,1.02816,0,0,1.46375,0.435586,1.028160,1,0,42.5121,0,0,0,42.5121,0
63.5923,3.09598,0,0,2.05978,0.0616143,0.36288,3.6288,60.5754,0.66528,0,0,0.712867,0.312993,0,0.66528,12.849,1,0.611505,0.36288,0,38.7915,6.12123,32.4217,0.84672,12.849,0.84672,3695.15,0,0,0,0.252867,2.64861,3.84426,1.50462,5.24111,0.42336,0,0.42336,460.49,0,1.02816,0,0,1.28103,0.252867,1.028160,1,0,37.6628,0,0,0,37.6628,0
62.3011,3.08424,0,0,2.22046,0.0645673,0.36288,3.6288,60.3983,0.66528,0,0,0.797593,0.309336,0,0.66528,12.849,1,0.62318,0.36288,0,45.2444,5.97387,39.0102,0.84672,12.849,0.84672,3695.15,0,0,0,0.422358,2.84776,3.56876,1.46904,5.36984,0.42336,0,0.42336,460.49,0,1.02816,0,0,1.45052,0.422358,1.028160,1,0,44.3801,0,0,0,44.3801,0
60.5551,3.07348,0,0,1.75425,0.06389,0.36288,3.6288,59.7899,0.881686,0,0,0.582209,0.308989,0,0.66528,12.849,1,0.633876,0.36288,0,46.691,5.97387,40.4461,0.84672,12.849,0.84672,3695.15,0,0,0,0.227405,2.84772,2.82776,1.46904,4.43384,0.42336,0,0.42336,460.49,0,0.811754,0,0,1.03916,0.227405,1.028160,1,0,44.88,0,0,0,44.88,0
59.2436,3.05835,0,0,2.17267,0.0629742,0.36288,3.6288,59.7854,0.66528,0,0,0.968611,0.307793,0,0.66528,12.849,1,0.648942,0.36288,0,41.3786,5.97387,35.1187,0.84672,12.849,0.84672,3695.15,0,0,0,0.825293,2.84767,4.24931,1.46904,6.45324,0.42336,0,0.42336,460.49,0,1.02816,0,0,1.85345,0.825293,1.028160,1,0,41.5719,0,0,0,41.5719,0
57.8713,3.04649,0,0,2.0893,0.0521643,0.36288,3.6288,59.546,0.66528,0,0,0.726676,0.300785,0,0.66528,12.849,1,0.660737,0.36288,0,41.3354,5.64948,35.3881,0.84672,12.849,0.84672,3695.15,0,0,0,0.470465,2.84763,4.08286,1.28272,6.11824,0.42336,0,0.42336,460.49,0,1.02816,0,0,1.49863,0.470465,1.028160,1,0,41.5063,0,0,0,41.5063,0
57.1848,2.93351,0,0,2.72737,0.117469,0.36288,3.6288,59.5507,0.66528,0,0,0.935824,0.265868,0,0.66528,12.849,1,0.651319,0.36288,0,44.2952,4.64425,39.3625,0.84672,12.849,0.84672,3695.15,0,0,0,1.06212,2.84759,5.05393,1.02013,7.9435,0.42336,0,0.42336,460.49,0,1.02816,0,0,2.09028,1.06212,1.028160,1,0,47.306,0,0,0,47.306,0
56.7215,2.92708,0,0,2.95423,0.127559,0.36288,3.6288,59.7325,0.66528,0,0,1.11697,0.269856,0,0.66528,12.849,1,0.657692,0.36288,0,48.6044,4.70935,43.6002,0.84672,12.849,0.84672,3695.15,0,0,0,1.14931,2.73228,5.79307,1.05741,8.61725,0.42336,0,0.42336,460.49,0,1.02816,0,0,2.17747,1.14931,1.028160,1,0,52.2175,0,0,0,52.2175,0
56.3164,2.92265,0,0,3.0074,0.126978,0.36288,3.6288,59.9391,0.66528,0,0,1.14204,0.27017,0,0.66528,12.849,1,0.66206,0.36288,0,69.1016,4.70935,64.0931,0.84672,12.849,0.84672,3695.15,0,0,0,1.29733,2.73224,6.23986,1.05741,9.21202,0.42336,0,0.42336,460.49,0,1.02816,0,0,2.32549,1.29733,1.028160,1,0,73.3051,0,0,0,73.3051,0
56.229,2.91872,0,0,3.3206,0.12647,0.36288,3.6288,60.6585,0.66528,0,0,1.65523,0.270526,0,0.66528,12.849,1,0.665926,0.36288,0,164.033,4.70935,159.021,0.84672,12.849,0.84672,3695.15,0,0,0,1.82904,2.7322,8.77081,1.05741,12.2746,0.42336,0,0.42336,460.49,0,1.02816,0,0,2.8572,1.82904,1.028160,1,0,171.295,0,0,0,171.295,0
55.6646,2.83609,0,0,2.80755,0.172934,0.36288,3.6288,60.6699,0.66528,0,0,0.92124,0.244628,0,0.66528,12.849,1,0.648081,0.36288,0,55.3295,4.27402,50.7703,0.84672,12.849,0.84672,3695.15,0,0,0,1.38292,2.73216,5.67208,1.21046,8.5767,0.42336,0,0.42336,460.49,0,1.02816,0,0,2.41108,1.38292,1.028160,1,0,59.347,0,0,0,59.347,0
55.3658,2.8307,0,0,3.06671,0.171965,0.36288,3.6288,61.1681,0.66528,0,0,1.40811,0.244645,0,0.66528,12.849,1,0.653408,0.36288,0,52.0423,4.27402,47.4777,0.84672,12.849,0.84672,3695.15,0,0,0,2.17036,2.62925,6.72597,1.21046,10.3151,0.42336,0,0.42336,460.49,0,1.02816,0,0,3.19852,2.17036,1.028160,1,0,57.7928,0,0,0,57.7928,0
54.8023,2.82779,0,0,2.82116,0.194006,0.36288,3.6288,61.308,0.66528,0,0,1.58453,0.253098,0.52622,0.66528,12.849,1,0.656259,0.36288,0,62.7243,3.68168,58.7493,0.84672,12.849,0.84672,3695.15,0,0,0,1.97002,2.62921,7.22553,1.08447,10.7403,0.42336,0,0.42336,460.49,0,1.02816,0,0,2.99818,1.97002,1.028160,1,0,70.0158,0,0,0,70.0158,0
