0volume,0demand,0up_spill,0ww_inflow,0catch_inflow,0evap,0ds_spill,0treat_cap,1volume,1demand,1up_spill,1ww_inflow,1catch_inflow,1evap,1ds_spill,1treat_cap,2volume,2s_area,2demand,2up_spill,2ww_inflow,2catch_inflow,2evap,2ds_spill,2treat_cap,2valloc_0,2talloc_0,2valloc_1,2talloc_1,3volume,3demand,3up_spill,3ww_inflow,3catch_inflow,3evap,3ds_spill,3treat_cap,3valloc_0,3talloc_0,3valloc_1,3talloc_1,3valloc_2,3talloc_2,4demand,4up_spill,4ww_inflow,4catch_inflow,4ds_spill,4treat_cap,11volume,11s_area,11demand,11up_spill,11ww_inflow,11catch_inflow,11evap,11ds_spill,11treat_cap
72.29,1.73757,0,0,9.436,0.279316,7.41911,3.6288,61.308,0,0,0,3.73639,0.221775,3.51461,0.66528,12.849,1,0.30884,7.41911,0,183.838,3.90191,187.047,0.84672,12.849,0.84672,3695.15,0,18.483,0.42336,8.57922,0,22.5631,0.977338,29.7416,0.42336,18.483,0.42336,0,0,442.007,0,1.12031,0,0,9.69952,8.57922,1.028160,1,0,220.303,0,0,0,220.303,0
72.29,1.73814,0,0,7.67379,0.279316,5.65633,3.6288,61.308,0.0924498,0,0,4.3094,0.221775,3.99517,0.66528,12.849,1,0.308941,5.65633,0,162.336,3.90191,163.782,0.84672,12.849,0.84672,3695.15,0,18.483,0.42336,4.62505,1.32838,13.7944,0.977338,18.3471,0.42336,18.483,0.42336,0,0,442.007,0,1.02816,0,0,5.65321,4.62505,1.028160,1,0,186.124,0,0,0,186.124,0
72.29,1.73871,0,0,8.20869,0.278432,6.19155,3.6288,61.308,0.0927535,0,0,2.26496,0.201092,1.97111,0.66528,12.849,1,0.309042,6.19155,0,151.441,3.63485,153.689,0.84672,12.849,0.84672,3695.15,0,18.483,0.42336,3.64574,1.32874,10.4804,0.920979,14.1106,0.42336,18.483,0.42336,0,0,442.007,0,1.02816,0,0,4.6739,3.64574,1.028160,1,0,169.77,0,0,0,169.77,0
72.29,1.73928,0,0,6.45716,0.277769,4.44012,3.6288,61.308,0.0930573,0,0,2.427,0.18558,2.14837,0.66528,12.849,1,0.309143,4.44012,0,148.424,3.43455,149.12,0.84672,12.849,0.84672,3695.15,0,18.483,0.42336,3.33495,1.3291,9.60051,0.87871,12.9625,0.42336,18.483,0.42336,0,0,442.007,0,1.02816,0,0,4.36311,3.33495,1.028160,1,0,164.231,0,0,0,164.231,0
72.29,1.94461,0,0,6.05904,0.260666,3.85377,3.6288,61.308,0.225228,0,0,2.82369,0.193457,2.405,0.66528,12.849,1,0.345639,3.85377,0,135.419,3.51957,135.408,0.84672,12.849,0.84672,3695.15,0,18.483,0.42336,3.25965,1.32946,8.90516,0.981305,12.0896,0.42336,18.483,0.42336,0,0,442.007,0,1.02816,0,0,4.28781,3.25965,1.028160,1,0,149.902,0,0,0,149.902,0
72.29,1.94523,0,0,7.8554,0.247839,5.66233,3.6288,61.308,0.225568,0,0,3.63185,0.199366,3.20692,0.66528,12.849,1,0.34575,5.66233,0,246.853,3.58333,248.587,0.84672,12.849,0.84672,3695.15,0,18.483,0.42336,5.52841,1.4769,14.5377,1.05825,20.0614,0.42336,18.483,0.42336,0,0,442.007,0,1.02816,0,0,6.55657,5.52841,1.028160,1,0,271.855,0,0,0,271.855,0
72.29,1.94586,0,0,6.66215,0.250862,4.46543,3.6288,61.308,0.225908,0,0,2.97214,0.181856,2.56438,0.66528,12.849,1,0.345861,4.46543,0,180.602,3.28088,181.441,0.84672,12.849,0.84672,3695.15,0,18.483,0.42336,3.56737,1.4773,10.8246,0.971524,14.4744,0.42336,18.483,0.42336,0,0,442.007,0,1.02816,0,0,4.59553,3.56737,1.028160,1,0,198.479,0,0,0,198.479,0
72.29,1.94648,0,0,5.90446,0.253129,3.70484,3.6288,61.308,0.226247,0,0,2.1078,0.168724,1.71283,0.66528,12.849,1,0.345972,3.70484,0,144.926,3.05403,145.23,0.84672,12.849,0.84672,3695.15,0,18.483,0.42336,3.45456,1.4777,8.9786,0.906478,12.581,0.42336,18.483,0.42336,0,0,442.007,0,1.02816,0,0,4.48272,3.45456,1.028160,1,0,159.524,0,0,0,159.524,0
72.29,1.65493,0,0,3.65412,0.282128,1.71706,3.6288,61.308,0.0494282,0,0,1.36293,0.190681,1.12283,0.66528,12.849,1,0.294151,1.71706,0,76.2768,3.39489,74.3048,0.84672,12.849,0.84672,3695.15,0,18.483,0.42313,2.20423,1.4781,5.79734,1.04407,8.01247,0.42336,18.483,0.42336,0,0,442.007,0,1.02816,0,0,3.23239,2.20423,1.028160,1,0,83.4401,0,0,0,83.4401,0
72.29,1.65538,0,0,3.68188,0.303876,1.72262,3.6288,61.308,0.0497203,0,0,1.803,0.207148,1.54613,0.66528,12.849,1,0.294231,1.72262,0,76.3992,3.65053,74.1771,0.84672,12.849,0.84672,3695.15,0,18.483,0.423245,1.98412,1.2771,8.30822,1.14726,9.99893,0.42336,18.483,0.42336,0,0,442.007,0,1.02816,0,0,3.01228,1.98412,1.028160,1,0,85.7221,0,0,0,85.7221,0
72.29,1.65583,0,0,4.0105,0.303876,2.0508,3.6288,61.308,0.0500123,0,0,2.32072,0.207148,2.06356,0.66528,12.849,1,0.294311,2.0508,0,120.061,3.65053,118.167,0.84672,12.849,0.84672,3695.15,0,18.483,0.423359,3.91408,1.27744,10.1892,1.14726,13.8101,0.42336,18.483,0.42336,0,0,442.007,0,1.02816,0,0,4.94224,3.91408,1.028160,1,0,134.041,0,0,0,134.041,0
72.29,1.65637,0,0,3.71667,0.320181,1.74012,3.6288,61.308,0.0503044,0,0,1.50716,0.185493,1.27136,0.66528,12.849,1,0.294408,1.74012,0,81.6791,3.40222,79.7226,0.84672,12.849,0.84672,3695.15,0,18.483,0.42336,2.10019,1.27779,7.11551,1.07825,8.99187,0.42336,18.483,0.42336,0,0,442.007,0,1.02816,0,0,3.12835,2.10019,1.028160,1,0,89.9858,0,0,0,89.9858,0
72.29,1.65692,0,0,3.8723,0.360037,1.85535,3.6288,61.308,0.0505966,0,0,1.44908,0.135793,1.26269,0.66528,12.849,1,0.294505,1.85535,0,73.9325,2.88009,72.6132,0.84672,12.849,0.84672,3695.15,0,18.483,0.42336,2.17967,1.27814,7.09006,0.921693,9.20282,0.42336,18.483,0.42336,0,0,442.007,0,1.02816,0,0,3.20783,2.17967,1.028160,1,0,83.0787,0,0,0,83.0787,0
72.29,1.73116,0,0,6.08726,0.354606,4.0015,3.6288,61.308,0.0942874,0,0,1.32335,0.16242,1.06665,0.66528,12.849,1,0.3077,4.0015,0,100.31,3.47193,100.532,0.84672,12.849,0.84672,3695.15,0,18.483,0.42336,2.01672,1.27848,9.28835,1.01755,11.1426,0.42336,18.483,0.42336,0,0,442.007,0,1.02816,0,0,3.04488,2.01672,1.028160,1,0,112.742,0,0,0,112.742,0
72.29,1.73173,0,0,5.65487,0.354606,3.56854,3.6288,61.308,0.0945915,0,0,2.42632,0.16242,2.16931,0.66528,12.849,1,0.307801,3.56854,0,108.74,3.47193,108.529,0.84672,12.849,0.84672,3695.15,0,18.483,0.42336,3.57393,1.32862,12.1417,1.01755,15.6033,0.42336,18.483,0.42336,0,0,442.007,0,1.02816,0,0,4.60209,3.57393,1.028160,1,0,126.302,0,0,0,126.302,0
72.29,1.73229,0,0,4.6559,0.354606,2.569,3.6288,61.308,0.0948957,0,0,2.28426,0.16242,2.02694,0.66528,12.849,1,0.307902,2.569,0,133.669,3.47193,132.458,0.84672,12.849,0.84672,3695.15,0,18.483,0.42336,4.13402,1.32898,11.2203,1.01755,15.2424,0.42336,18.483,0.42336,0,0,442.007,0,1.02816,0,0,5.16218,4.13402,1.028160,1,0,149.727,0,0,0,149.727,0
72.29,1.73286,0,0,3.47534,0.343042,1.39944,3.6288,61.308,0.0951999,0,0,1.5341,0.13082,1.30808,0.66528,12.849,1,0.308002,1.39944,0,99.2485,2.60859,97.7314,0.84672,12.849,0.84672,3695.15,0,18.483,0.42336,2.87475,1.32934,7.93653,0.896775,10.8205,0.42336,18.483,0.42336,0,0,442.007,0,1.02816,0,0,3.90291,2.87475,1.028160,1,0,109.86,0,0,0,109.86,0
72.29,1.70458,0,0,2.92782,0.315832,0.907407,3.6288,61.308,0.0786305,0,0,1.11791,0.18414,0.855141,0.66528,12.849,1,0.302976,0.907407,0,63.3728,3.48749,60.4897,0.84672,12.849,0.84672,3695.15,0,18.483,0.42336,1.83445,1.3297,7.16456,1.05708,8.84828,0.42336,18.483,0.42336,0,0,442.007,0,1.02816,0,0,2.86261,1.83445,1.028160,1,0,70.1931,0,0,0,70.1931,0
72.29,1.70514,0,0,2.98019,0.312743,0.962305,3.6288,61.308,0.0789304,0,0,1.11011,0.196977,0.834203,0.66528,12.849,1,0.303076,0.962305,0,57.3634,3.74189,54.2807,0.84672,12.849,0.84672,3695.15,0,18.483,0.42336,1.24134,1.31066,5.9287,1.0989,6.95845,0.42336,18.483,0.42336,0,0,442.007,0,1.02816,0,0,2.2695,1.24134,1.028160,1,0,62.0734,0,0,0,62.0734,0
72.29,1.7057,0,0,4.09527,0.297521,2.09205,3.6288,61.308,0.0792303,0,0,1.2208,0.200547,0.94102,0.66528,12.849,1,0.303175,2.09205,0,74.7913,3.85025,72.7299,0.84672,12.849,0.84672,3695.15,0,18.483,0.42336,1.5174,1.31102,5.92189,1.07884,7.24811,0.42336,18.483,0.42336,0,0,442.007,0,1.02816,0,0,2.54556,1.5174,1.028160,1,0,80.9191,0,0,0,80.9191,0
72.29,1.70626,0,0,2.60904,0.259465,0.643315,3.6288,61.308,0.0795303,0,0,1.03003,0.209473,0.741023,0.66528,12.849,1,0.303274,0.643315,0,54.7444,4.12115,50.9633,0.84672,12.849,0.84672,3695.15,0,18.483,0.42336,1.07692,1.31137,5.25323,1.02869,6.18947,0.42336,18.483,0.42336,0,0,442.007,0,1.02816,0,0,2.10508,1.07692,1.028160,1,0,57.8938,0,0,0,57.8938,0
72.29,1.80484,0,0,2.59952,0.249594,0.545087,3.6288,61.308,0.139734,0,0,1.09126,0.219758,0.731765,0.66528,12.849,1,0.320796,0.545087,0,52.9287,4.34034,48.8127,0.84672,12.849,0.84672,3695.15,0,18.483,0.42336,0.936965,1.31173,4.89142,1.04149,5.67526,0.42336,18.483,0.42336,0,0,442.007,0,1.02816,0,0,1.96512,0.936965,1.028160,1,0,55.2197,0,0,0,55.2197,0
72.29,1.80542,0,0,2.59864,0.212199,0.581014,3.6288,61.308,0.140051,0,0,0.938148,0.21788,0.580218,0.66528,12.849,1,0.3209,0.581014,0,51.191,4.17702,47.2741,0.84672,12.849,0.84672,3695.15,0,18.483,0.42336,0.85123,1.38,4.6194,1.05601,5.37126,0.42336,18.483,0.42336,0,0,442.007,0,1.02816,0,0,1.87939,0.85123,1.028160,1,0,53.2255,0,0,0,53.2255,0
72.29,1.80601,0,0,2.37383,0.181521,0.386302,3.6288,61.308,0.140367,0,0,0.930234,0.221529,0.568338,0.66528,12.849,1,0.321004,0.386302,0,45.7526,4.29072,41.5272,0.84672,12.849,0.84672,3695.15,0,18.483,0.42336,0.850746,1.38037,4.41252,1.02048,5.19979,0.42336,18.483,0.42336,0,0,442.007,0,1.02816,0,0,1.87891,0.850746,1.028160,1,0,47.2953,0,0,0,47.2953,0
72.2657,1.8066,0,0,2.32673,0.181521,0.36288,3.6288,61.308,0.140684,0,0,1.0061,0.221529,0.643889,0.66528,12.849,1,0.321109,0.36288,0,43.8294,4.29072,39.5805,0.84672,12.849,0.84672,3695.15,0,18.483,0.42336,0.815305,1.38074,4.75461,1.02048,5.50681,0.42336,18.483,0.42336,0,0,442.007,0,1.02816,0,0,1.84346,0.815305,1.028160,1,0,45.7312,0,0,0,45.7312,0
72.0652,1.80709,0,0,2.14559,0.176122,0.36288,3.6288,61.308,0.141,0,0,0.88636,0.220414,0.524946,0.66528,12.849,1,0.321304,0.36288,0,40.0908,4.34061,35.7918,0.84672,12.849,0.84672,3695.15,0,18.483,0.42336,0.694103,1.38112,4.11328,1.02427,4.74087,0.42336,18.483,0.42336,0,0,442.007,0,1.02816,0,0,1.72226,0.694103,1.028160,1,0,41.0576,0,0,0,41.0576,0
71.5971,1.78752,0,0,1.82599,0.143709,0.36288,3.6288,61.308,0.174286,0,0,0.648389,0.213725,0.260378,0.66528,12.849,1,0.318709,0.36288,0,31.7845,4.63995,27.1887,0.84672,12.849,0.84672,3695.15,0,18.483,0.42336,0.607366,1.38149,3.42905,1.04698,3.94757,0.42336,18.483,0.42336,0,0,442.007,0,1.02816,0,0,1.63553,0.607366,1.028160,1,0,31.3967,0,0,0,31.3967,0
70.9668,1.78633,0,0,1.6621,0.143198,0.36288,3.6288,61.308,0.174611,0,0,0.606439,0.213725,0.218102,0.66528,12.849,1,0.32058,0.36288,0,30.5128,4.63995,25.9151,0.84672,12.849,0.84672,3695.15,0,18.483,0.42336,0.388912,1.40305,3.22129,1.04698,3.54293,0.42336,18.483,0.42336,0,0,442.007,0,1.02816,0,0,1.41707,0.388912,1.028160,1,0,29.6761,0,0,0,29.6761,0
70.2194,1.7845,0,0,1.52835,0.128372,0.36288,3.6288,61.308,0.174937,0,0,0.57899,0.246632,0.15742,0.66528,12.849,1,0.323095,0.36288,0,27.0506,5.0634,22.027,0.84672,12.849,0.84672,3695.15,0,18.483,0.42336,0.381862,1.40343,3.09957,1.20154,3.25996,0.42336,18.483,0.42336,0,0,442.007,0,1.02816,0,0,1.41002,0.381862,1.028160,1,0,25.4444,0,0,0,25.4444,0
69.4018,1.78217,0,0,1.43637,0.108895,0.36288,3.6288,61.308,0.175263,0,0,0.540126,0.290509,0.0743544,0.66528,12.849,1,0.326108,0.36288,0,24.0137,5.628,18.4224,0.84672,12.849,0.84672,3695.15,0,18.483,0.42336,0.355717,1.40381,2.98392,1.40763,2.91246,0.42336,18.483,0.42336,0,0,442.007,0,1.02816,0,0,1.38388,0.355717,1.028160,1,0,21.4093,0,0,0,21.4093,0
68.4964,1.82938,0,0,1.38936,0.10253,0.36288,3.6288,61.308,0.205003,0,0,0.549636,0.297605,0.0470275,0.66528,12.849,1,0.33869,0.36288,0,24.4999,5.6574,18.8667,0.84672,12.849,0.84672,3695.15,0,18.483,0.42336,0.266276,1.40419,2.41395,1.4067,2.25436,0.42336,18.483,0.42336,0,0,442.007,0,1.02816,0,0,1.29444,0.266276,1.028160,1,0,21.1681,0,0,0,21.1681,0
67.582,1.8262,0,0,1.37428,0.0995542,0.36288,3.6288,61.308,0.205337,0,0,0.555579,0.300444,0.0497974,0.66528,12.849,1,0.34257,0.36288,0,23.2199,5.66916,17.5711,0.84672,12.849,0.84672,3695.15,0,18.483,0.42336,0.262518,1.43838,2.27494,1.40633,2.14614,0.42336,18.483,0.42336,0,0,442.007,0,1.02816,0,0,1.29068,0.262518,1.028160,1,0,19.767,0,0,0,19.767,0
66.5144,1.82289,0,0,1.217,0.0988431,0.36288,3.6288,61.2696,0.259697,0,0,0.52172,0.300444,0,0.66528,12.849,1,0.346577,0.36288,0,21.8776,5.66916,16.2247,0.84672,12.849,0.84672,3695.15,0,18.483,0.42336,0.227405,1.43876,2.25278,1.40633,2.08927,0.42336,18.483,0.42336,0,0,442.007,0,0.974134,0,0,1.20154,0.227405,1.028160,1,0,18.314,0,0,0,18.314,0
65.3402,1.81882,0,0,1.10552,0.0980127,0.36288,3.6288,61.1391,0.337645,0,0,0.507585,0.300371,0,0.66528,12.849,1,0.351353,0.36288,0,20.5941,5.66916,14.9365,0.84672,12.849,0.84672,3695.15,0,18.483,0.42336,0.227405,1.43915,2.17236,1.40633,2.00923,0.42336,18.483,0.42336,0,0,442.007,0,0.896521,0,0,1.12393,0.227405,1.028160,1,0,16.9457,0,0,0,16.9457,0
63.8938,1.95892,0,0,0.964768,0.0893962,0.36288,3.6288,60.9259,0.420072,0,0,0.503095,0.296272,0,0.66528,12.849,1,0.385216,0.36288,0,19.5446,5.76487,13.7574,0.84672,12.849,0.84672,3695.15,0,18.483,0.42336,0.227405,1.43954,1.99623,1.41468,1.82514,0.42336,18.483,0.42336,0,0,442.007,0,0.920713,0,0,1.14812,0.227405,1.028160,1,0,15.5826,0,0,0,15.5826,0
62.3694,1.95228,0,0,0.911053,0.120287,0.36288,3.6288,60.7072,0.436488,0,0,0.479333,0.261585,0,0.66528,12.849,1,0.392602,0.36288,0,18.629,5.15781,13.4415,0.84672,12.849,0.84672,3695.15,0,18.483,0.42336,0.227405,1.55452,1.60473,1.33039,1.63291,0.42336,18.483,0.42336,0,0,442.007,0,0.90466,0,0,1.13206,0.227405,1.028160,1,0,15.0744,0,0,0,15.0744,0
60.8937,1.94495,0,0,0.950927,0.118801,0.36288,3.6288,60.6096,0.316427,0,0,0.480091,0.261222,0,0.66528,12.849,1,0.400687,0.36288,0,18.5915,5.15781,13.3958,0.84672,12.849,0.84672,3695.15,0,18.483,0.42336,0.204422,1.55494,1.80019,1.33039,1.8058,0.42336,18.483,0.42336,0,0,442.007,0,1.02508,0,0,1.22951,0.204422,1.028160,1,0,15.2017,0,0,0,15.2017,0
59.5785,1.93755,0,0,1.10253,0.117362,0.36288,3.6288,60.4921,0.358288,0,0,0.501894,0.261061,0,0.66528,12.849,1,0.408836,0.36288,0,17.739,5.15781,12.5352,0.84672,12.849,0.84672,3695.15,0,18.483,0.42336,0.204422,1.55536,2.24607,1.33039,2.25211,0.42336,18.483,0.42336,0,0,442.007,0,0.983586,0,0,1.18801,0.204422,1.028160,1,0,14.7873,0,0,0,14.7873,0
57.9743,1.93074,0,0,0.812272,0.122775,0.36288,3.6288,60.2591,0.406345,0,0,0.434257,0.260987,0,0.66528,12.849,1,0.416393,0.36288,0,17.2487,5.19111,12.0041,0.84672,12.849,0.84672,3695.15,0,18.483,0.42336,0.204422,1.55578,1.53403,1.32387,1.54701,0.42336,18.483,0.42336,0,0,442.007,0,0.935893,0,0,1.14032,0.204422,1.028160,1,0,13.5511,0,0,0,13.5511,0
56.7984,1.85271,0,0,1.22399,0.184393,0.36288,3.6288,60.1362,0.381214,0,0,0.463594,0.205281,0,0.66528,12.849,1,0.410621,0.36288,0,23.2322,4.31484,18.8696,0.84672,12.849,0.84672,3695.15,0,18.483,0.42336,0.204422,1.5562,1.76138,1.10958,1.98908,0.42336,18.483,0.42336,0,0,442.007,0,0.896789,0,0,1.10121,0.204422,1.028160,1,0,20.8587,0,0,0,20.8587,0
55.8514,1.84637,0,0,1.44906,0.186751,0.36288,3.6288,60.474,0.250189,0,0,0.792072,0.204056,0,0.66528,12.849,1,0.417688,0.36288,0,27.56,4.28516,23.22,0.84672,12.849,0.84672,3695.15,0,18.483,0.42336,0.647603,1.49087,2.52329,1.10593,3.13247,0.42336,18.483,0.42336,0,0,442.007,0,1.02816,0,0,1.67576,0.647603,1.028160,1,0,26.3525,0,0,0,26.3525,0
54.872,1.8412,0,0,1.40972,0.185006,0.36288,3.6288,60.6971,0.250535,0,0,0.678117,0.204495,0,0.66528,12.849,1,0.423581,0.36288,0,26.8828,4.28516,22.5369,0.84672,12.849,0.84672,3695.15,0,18.483,0.42336,0.570465,1.49127,2.06155,1.10593,2.59399,0.42336,18.483,0.42336,0,0,442.007,0,1.02816,0,0,1.59862,0.570465,1.028160,1,0,25.1309,0,0,0,25.1309,0
53.8831,1.83567,0,0,1.39278,0.183202,0.36288,3.6288,61.0849,0.250882,0,0,0.843479,0.204785,0,0.66528,12.849,1,0.429845,0.36288,0,26.2713,4.28516,21.9192,0.84672,12.849,0.84672,3695.15,0,18.483,0.42336,0.988952,1.49168,2.58696,1.10593,3.5383,0.42336,18.483,0.42336,0,0,442.007,0,1.02816,0,0,2.01711,0.988952,1.028160,1,0,25.4575,0,0,0,25.4575,0
53.3669,1.77378,0,0,1.86651,0.246039,0.36288,3.6288,61.308,0.192364,0,0,0.904357,0.248626,0.240262,0.66528,12.849,1,0.422978,0.36288,0,40.8638,4.73629,36.0674,0.84672,12.849,0.84672,3695.15,0,18.483,0.42336,1.22085,1.49208,2.85363,1.14669,3.99651,0.42336,18.483,0.42336,0,0,442.007,0,1.02816,0,0,2.24901,1.22085,1.028160,1,0,40.3042,0,0,0,40.3042,0
52.5269,1.77106,0,0,1.52979,0.235869,0.36288,3.6288,61.308,0.192694,0,0,0.749295,0.288677,0.267924,0.66528,12.849,1,0.426413,0.36288,0,31.4094,5.00651,26.3394,0.84672,12.849,0.84672,3695.15,0,18.483,0.42336,0.902966,1.43399,3.00866,1.09045,3.8318,0.42336,18.483,0.42336,0,0,442.007,0,1.02816,0,0,1.93113,0.902966,1.028160,1,0,30.4391,0,0,0,30.4391,0
52.1962,1.76615,0,0,2.03908,0.24071,0.36288,3.6288,61.308,0.193025,0,0,1.04026,0.286255,0.560985,0.66528,12.849,1,0.432032,0.36288,0,55.2748,4.93501,50.2707,0.84672,12.849,0.84672,3695.15,0,18.483,0.42336,1.6042,1.43438,4.28916,1.08006,5.82431,0.42336,18.483,0.42336,0,0,442.007,0,1.02816,0,0,2.63236,1.6042,1.028160,1,0,56.656,0,0,0,56.656,0
54.4497,1.76452,0,0,4.66185,0.280929,0.36288,3.6288,61.308,0.193355,0,0,2.03726,0.27172,1.57218,0.66528,12.849,1,0.434368,0.36288,0,70.0747,4.50607,65.4972,0.84672,12.849,0.84672,3695.15,0,18.483,0.42336,2.44639,1.43476,6.98067,1.01777,9.4207,0.42336,18.483,0.42336,0,0,442.007,0,1.02816,0,0,3.47455,2.44639,1.028160,1,0,76.49,0,0,0,76.49,0
55.6996,1.61982,0,0,3.50655,0.273978,0.36288,3.6288,61.308,0.0709558,0,0,1.44944,0.255404,1.12308,0.66528,12.849,1,0.382244,0.36288,0,66.2954,4.30574,61.9703,0.84672,12.849,0.84672,3695.15,0,18.483,0.42336,2.38895,1.43515,4.54704,1.00767,6.94012,0.42336,18.483,0.42336,0,0,442.007,0,1.02816,0,0,3.41711,2.38895,1.028160,1,0,70.0335,0,0,0,70.0335,0
56.2919,1.62732,0,0,2.82578,0.243275,0.36288,3.6288,61.308,0.0712535,0,0,1.64,0.214614,1.35413,0.66528,12.849,1,0.375397,0.36288,0,56.6229,3.80489,52.8055,0.84672,12.849,0.84672,3695.15,0,18.483,0.42336,1.83508,1.3037,4.33395,0.982419,6.06696,0.42336,18.483,0.42336,0,0,442.007,0,1.02816,0,0,2.86324,1.83508,1.028160,1,0,60.2266,0,0,0,60.2266,0
56.5074,1.63107,0,0,2.45417,0.244712,0.36288,3.6288,61.308,0.0715512,0,0,1.59961,0.214614,1.31344,0.66528,12.849,1,0.372303,0.36288,0,47.6113,3.80489,43.797,0.84672,12.849,0.84672,3695.15,0,18.483,0.42336,1.71043,1.30405,4.23195,0.982419,5.84065,0.42336,18.483,0.42336,0,0,442.007,0,1.02816,0,0,2.73859,1.71043,1.028160,1,0,50.9511,0,0,0,50.9511,0
57.6488,1.63277,0,0,3.38146,0.244412,0.36288,3.6288,61.308,0.071849,0,0,1.52145,0.225388,1.22422,0.66528,12.849,1,0.371268,0.36288,0,48.8138,4.13563,44.6698,0.84672,12.849,0.84672,3695.15,0,18.483,0.42336,1.82164,1.30441,4.17233,1.0851,5.78991,0.42336,18.483,0.42336,0,0,442.007,0,1.02816,0,0,2.8498,1.82164,1.028160,1,0,51.6839,0,0,0,51.6839,0
59.3703,1.63931,0,0,3.96876,0.245092,0.36288,3.6288,61.308,0.0721467,0,0,1.86479,0.252321,1.54032,0.66528,12.849,1,0.365377,0.36288,0,61.297,4.96251,56.332,0.84672,12.849,0.84672,3695.15,0,18.483,0.42336,2.72017,1.30476,5.38441,1.3418,7.64418,0.42336,18.483,0.42336,0,0,442.007,0,1.02816,0,0,3.74833,2.72017,1.028160,1,0,65.5165,0,0,0,65.5165,0
59.7865,1.7111,0,0,2.77113,0.280918,0.36288,3.6288,61.308,0.108027,0,0,0.974435,0.224945,0.641463,0.66528,12.849,1,0.370319,0.36288,0,77.0888,5.14872,71.9327,0.84672,12.849,0.84672,3695.15,0,18.483,0.42336,0.724913,1.30511,3.21742,1.29911,3.52498,0.42336,18.483,0.42336,0,0,442.007,0,1.02816,0,0,1.75307,0.724913,1.028160,1,0,76.0991,0,0,0,76.0991,0
60.3893,1.71377,0,0,2.96676,0.287347,0.36288,3.6288,61.308,0.168269,0,0,0.844154,0.220383,0.455502,0.66528,12.849,1,0.368313,0.36288,0,36.9182,5.17976,31.733,0.84672,12.849,0.84672,3695.15,0,18.483,0.42336,0.503194,1.34721,2.93157,1.292,3.06662,0.42336,18.483,0.42336,0,0,442.007,0,0.968216,0,0,1.47141,0.503194,1.028160,1,0,35.2551,0,0,0,35.2551,0
67.1107,1.71734,0,0,9.09058,0.288979,0.36288,3.6288,61.308,0.108623,0,0,1.12458,0.220383,0.795576,0.66528,12.849,1,0.365398,0.36288,0,76.5272,5.17976,71.3449,0.84672,12.849,0.84672,3695.15,0,18.483,0.42336,0.975845,1.34757,8.152,1.292,8.76005,0.42336,18.483,0.42336,0,0,442.007,0,1.02816,0,0,2.004,0.975845,1.028160,1,0,80.9005,0,0,0,80.9005,0
72.29,1.74861,0,0,14.8496,0.309286,7.61233,3.6288,61.308,0.108921,0,0,2.29378,0.215119,1.96974,0.66528,12.849,1,0.334788,7.61233,0,208.627,4.89202,211.012,0.84672,12.849,0.84672,3695.15,0,18.483,0.42336,3.44309,1.34792,7.30195,1.21454,10.4551,0.42336,18.483,0.42336,0,0,442.007,0,1.02816,0,0,4.47125,3.44309,1.028160,1,0,223.437,0,0,0,223.437,0
72.29,1.97719,0,0,7.65763,0.321552,5.35889,3.6288,61.308,0.242951,0,0,1.4729,0.230762,0.999182,0.66528,12.849,1,0.35143,5.35889,0,88.9099,4.86627,89.0511,0.84672,12.849,0.84672,3695.15,0,18.483,0.42336,2.20929,1.34827,4.74784,1.24031,6.64174,0.42336,18.483,0.42336,0,0,442.007,0,1.02816,0,0,3.23745,2.20929,1.028160,1,0,96.692,0,0,0,96.692,0
72.29,1.9778,0,0,9.22519,0.313437,6.93395,3.6288,61.308,0.243285,0,0,1.44778,0.260976,0.943518,0.66528,12.849,1,0.351539,6.93395,0,130.241,5.34345,131.48,0.84672,12.849,0.84672,3695.15,0,18.483,0.42336,2.46832,1.49778,8.18168,1.41239,10.312,0.42336,18.483,0.42336,0,0,442.007,0,1.02816,0,0,3.49648,2.46832,1.028160,1,0,142.736,0,0,0,142.736,0
72.29,1.97842,0,0,6.32962,0.291087,4.06012,3.6288,61.308,0.243619,0,0,1.21582,0.228118,0.744085,0.66528,12.849,1,0.351648,4.06012,0,113.617,4.60023,112.725,0.84672,12.849,0.84672,3695.15,0,18.483,0.42336,2.36872,1.49817,4.82954,1.19322,7.07984,0.42336,18.483,0.42336,0,0,442.007,0,1.02816,0,0,3.39688,2.36872,1.028160,1,0,120.549,0,0,0,120.549,0
72.29,1.97903,0,0,7.02672,0.274324,4.77337,3.6288,61.308,0.243952,0,0,1.29041,0.203474,0.842984,0.66528,12.849,1,0.351757,4.77337,0,92.3288,4.04281,92.7076,0.84672,12.849,0.84672,3695.15,0,18.483,0.42336,1.83615,1.49857,11.2367,1.02885,13.1192,0.42336,18.483,0.42336,0,0,442.007,0,1.02816,0,0,2.86431,1.83615,1.028160,1,0,106.67,0,0,0,106.67,0
72.29,1.68315,0,0,7.58151,0.28772,5.61065,3.6288,61.308,0.0646281,0,0,1.73531,0.213356,1.45733,0.66528,12.849,1,0.299166,5.61065,0,172.422,3.95385,173.78,0.84672,12.849,0.84672,3695.15,0,18.483,0.42336,2.35407,1.49896,10.1889,1.03139,12.5872,0.42336,18.483,0.42336,0,0,442.007,0,1.02816,0,0,3.38223,2.35407,1.028160,1,0,187.825,0,0,0,187.825,0
72.29,1.68368,0,0,6.25898,0.305581,4.26972,3.6288,61.308,0.0649148,0,0,1.376,0.226531,1.08455,0.66528,12.849,1,0.299262,4.26972,0,142.777,3.83523,142.912,0.84672,12.849,0.84672,3695.15,0,18.483,0.42336,1.96743,1.29511,8.94793,1.03478,10.7523,0.42336,18.483,0.42336,0,0,442.007,0,1.02816,0,0,2.99559,1.96743,1.028160,1,0,154.749,0,0,0,154.749,0
72.29,1.68422,0,0,5.71142,0.305581,3.72162,3.6288,61.308,0.0652016,0,0,1.23543,0.226531,0.9437,0.66528,12.849,1,0.299357,3.72162,0,107.47,3.83523,107.057,0.84672,12.849,0.84672,3695.15,0,18.483,0.42336,1.44982,1.29545,7.60821,1.03478,8.89534,0.42336,18.483,0.42336,0,0,442.007,0,1.02816,0,0,2.47798,1.44982,1.028160,1,0,116.896,0,0,0,116.896,0
72.29,1.68475,0,0,7.65495,0.305581,5.66462,3.6288,61.308,0.0654884,0,0,1.7931,0.226531,1.50108,0.66528,12.849,1,0.299452,5.66462,0,123.85,3.83523,125.38,0.84672,12.849,0.84672,3695.15,0,18.483,0.42336,2.55168,1.29579,12.8627,1.03478,15.252,0.42336,18.483,0.42336,0,0,442.007,0,1.02816,0,0,3.57984,2.55168,1.028160,1,0,142.133,0,0,0,142.133,0
72.29,1.68529,0,0,8.84183,0.332802,6.82374,3.6288,61.308,0.0657754,0,0,1.94213,0.239586,1.63677,0.66528,12.849,1,0.299547,6.82374,0,196.455,4.58202,198.398,0.84672,12.849,0.84672,3695.15,0,18.483,0.42336,4.72713,1.29613,18.5054,1.0622,23.0431,0.42336,18.483,0.42336,0,0,442.007,0,1.02816,0,0,5.75529,4.72713,1.028160,1,0,223.078,0,0,0,223.078,0
72.29,1.76056,0,0,4.76298,0.277813,2.72461,3.6288,61.308,0.110071,0,0,2.00808,0.197315,1.7007,0.66528,12.849,1,0.312926,2.72461,0,90.5049,3.97383,88.9427,0.84672,12.849,0.84672,3695.15,0,18.483,0.42336,2.5274,1.29647,7.1575,0.9656,9.59241,0.42336,18.483,0.42336,0,0,442.007,0,1.02816,0,0,3.55556,2.5274,1.028160,1,0,100.236,0,0,0,100.236,0
72.29,1.76111,0,0,4.95804,0.277813,2.91911,3.6288,61.308,0.11037,0,0,1.4231,0.197315,1.11542,0.66528,12.849,1,0.313024,2.91911,0,86.7923,3.97383,85.4245,0.84672,12.849,0.84672,3695.15,0,18.483,0.42336,1.90312,1.34731,4.9703,0.9656,6.83177,0.42336,18.483,0.42336,0,0,442.007,0,1.02816,0,0,2.93128,1.90312,1.028160,1,0,93.3717,0,0,0,93.3717,0
72.29,1.76167,0,0,3.98367,0.2321,1.9899,3.6288,61.308,0.110668,0,0,1.2689,0.246651,0.911577,0.66528,12.849,1,0.313123,1.9899,0,72.6399,4.61088,69.7058,0.84672,12.849,0.84672,3695.15,0,18.483,0.42336,1.58109,1.34766,5.68729,1.14382,7.04886,0.42336,18.483,0.42336,0,0,442.007,0,1.02816,0,0,2.60925,1.58109,1.028160,1,0,77.6663,0,0,0,77.6663,0
72.29,1.76223,0,0,3.08827,0.213815,1.11223,3.6288,61.308,0.110967,0,0,0.952923,0.266385,0.57557,0.66528,12.849,1,0.313222,1.11223,0,47.9607,4.8657,43.894,0.84672,12.849,0.84672,3695.15,0,18.483,0.42336,0.909904,1.34801,3.25166,1.2151,3.87111,0.42336,18.483,0.42336,0,0,442.007,0,1.02816,0,0,1.93806,0.909904,1.028160,1,0,48.3407,0,0,0,48.3407,0
72.29,1.73353,0,0,3.31461,0.192848,1.38823,3.6288,61.308,0.0941555,0,0,1.04414,0.240827,0.709152,0.66528,12.849,1,0.308122,1.38823,0,54.3724,4.89071,50.5618,0.84672,12.849,0.84672,3695.15,0,18.483,0.42336,1.38816,1.34837,3.75134,1.20625,4.85826,0.42336,18.483,0.42336,0,0,442.007,0,1.02816,0,0,2.41632,1.38816,1.028160,1,0,56.1292,0,0,0,56.1292,0
72.29,1.73408,0,0,3.40475,0.151132,1.51953,3.6288,61.308,0.0944499,0,0,1.04398,0.235476,0.714054,0.66528,12.849,1,0.30822,1.51953,0,66.0965,4.77931,62.5285,0.84672,12.849,0.84672,3695.15,0,18.483,0.42336,1.56984,1.32904,4.11534,1.18662,5.40425,0.42336,18.483,0.42336,0,0,442.007,0,1.02816,0,0,2.598,1.56984,1.028160,1,0,68.6468,0,0,0,68.6468,0
72.29,1.73463,0,0,3.05776,0.107145,1.21598,3.6288,61.308,0.0947444,0,0,1.15571,0.221893,0.839075,0.66528,12.849,1,0.308317,1.21598,0,58.415,4.05667,55.2659,0.84672,12.849,0.84672,3695.15,0,18.483,0.42336,1.23869,1.32939,3.87094,1.10346,4.91221,0.42336,18.483,0.42336,0,0,442.007,0,1.02816,0,0,2.26685,1.23869,1.028160,1,0,61.0172,0,0,0,61.0172,0
72.29,1.73518,0,0,2.898,0.107145,1.05568,3.6288,61.308,0.095039,0,0,1.05419,0.221893,0.73726,0.66528,12.849,1,0.308415,1.05568,0,49.8136,4.05667,46.5042,0.84672,12.849,0.84672,3695.15,0,18.483,0.42336,1.07458,1.32974,3.55215,1.10346,4.42965,0.42336,18.483,0.42336,0,0,442.007,0,1.02816,0,0,2.10274,1.07458,1.028160,1,0,51.6711,0,0,0,51.6711,0
72.29,1.83512,0,0,2.75971,0.103833,0.820759,3.6288,61.308,0.156076,0,0,0.966721,0.234157,0.576489,0.66528,12.849,1,0.326179,0.820759,0,45.2949,4.42808,41.3614,0.84672,12.849,0.84672,3695.15,0,18.483,0.42336,0.992788,1.33009,3.43981,1.11964,4.21969,0.42336,18.483,0.42336,0,0,442.007,0,1.02816,0,0,2.02095,0.992788,1.028160,1,0,46.1576,0,0,0,46.1576,0
72.29,1.83569,0,0,2.54587,0.095554,0.614622,3.6288,61.308,0.156386,0,0,0.84405,0.264816,0.422848,0.66528,12.849,1,0.326281,0.614622,0,37.8913,5.35657,32.8231,0.84672,12.849,0.84672,3695.15,0,18.483,0.42336,0.954461,1.39931,3.00404,1.16008,3.77436,0.42336,18.483,0.42336,0,0,442.007,0,1.02816,0,0,1.98262,0.954461,1.028160,1,0,37.0203,0,0,0,37.0203,0
72.2887,1.83627,0,0,2.29344,0.095554,0.36288,3.6288,61.308,0.156697,0,0,0.786076,0.264816,0.364563,0.66528,12.849,1,0.326383,0.36288,0,35.2397,5.35657,29.9196,0.84672,12.849,0.84672,3695.15,0,18.483,0.42336,0.79672,1.39967,2.77042,1.16008,3.38336,0.42336,18.483,0.42336,0,0,442.007,0,1.02816,0,0,1.82488,0.79672,1.028160,1,0,33.6676,0,0,0,33.6676,0
72.2171,1.83684,0,0,2.22365,0.0955531,0.36288,3.6288,61.308,0.157008,0,0,0.718857,0.264816,0.297033,0.66528,12.849,1,0.32649,0.36288,0,32.3972,5.35657,27.0771,0.84672,12.849,0.84672,3695.15,0,18.483,0.42336,0.594709,1.40004,2.5768,1.16008,2.98811,0.42336,18.483,0.42336,0,0,442.007,0,1.02816,0,0,1.62287,0.594709,1.028160,1,0,30.3622,0,0,0,30.3622,0
71.9294,1.83714,0,0,1.979,0.0667256,0.36288,3.6288,61.308,0.157319,0,0,0.682327,0.283703,0.241305,0.66528,12.849,1,0.326868,0.36288,0,28.6609,5.57077,23.1261,0.84672,12.849,0.84672,3695.15,0,18.483,0.42336,0.52647,1.40041,2.50669,1.21481,2.79539,0.42336,18.483,0.42336,0,0,442.007,0,1.02816,0,0,1.55463,0.52647,1.028160,1,0,26.1628,0,0,0,26.1628,0
72.0409,1.81694,0,0,2.38018,0.0887813,0.36288,3.6288,61.308,0.191058,0,0,0.828973,0.286818,0.351097,0.66528,12.849,1,0.324567,0.36288,0,36.8711,4.92492,31.9845,0.84672,12.849,0.84672,3695.15,0,18.483,0.42336,0.473031,1.40077,3.775,1.13783,4.08761,0.42336,18.483,0.42336,0,0,442.007,0,1.02816,0,0,1.50119,0.473031,1.028160,1,0,36.4232,0,0,0,36.4232,0
72.0397,1.81794,0,0,2.26843,0.0888567,0.36288,3.6288,61.308,0.191378,0,0,0.797083,0.286818,0.318887,0.66528,12.849,1,0.324242,0.36288,0,35.6371,4.92492,30.7508,0.84672,12.849,0.84672,3695.15,0,18.483,0.42336,0.438316,1.42262,3.58314,1.13783,3.88289,0.42336,18.483,0.42336,0,0,442.007,0,1.02816,0,0,1.46648,0.438316,1.028160,1,0,34.9526,0,0,0,34.9526,0
71.9473,1.81851,0,0,2.15032,0.0613308,0.36288,3.6288,61.308,0.191698,0,0,0.759689,0.329865,0.238127,0.66528,12.849,1,0.324349,0.36288,0,33.4878,5.696,27.8303,0.84672,12.849,0.84672,3695.15,0,18.483,0.42336,0.448917,1.423,3.49784,1.36784,3.57856,0.42336,18.483,0.42336,0,0,442.007,0,1.02816,0,0,1.47708,0.448917,1.028160,1,0,31.647,0,0,0,31.647,0
71.67,1.81872,0,0,1.97345,0.0691513,0.36288,3.6288,61.308,0.192018,0,0,0.748708,0.314718,0.241972,0.66528,12.849,1,0.324804,0.36288,0,33.4963,5.71064,27.8238,0.84672,12.849,0.84672,3695.15,0,18.483,0.42336,0.429425,1.42337,3.37051,1.33153,3.46842,0.42336,18.483,0.42336,0,0,442.007,0,1.02816,0,0,1.45759,0.429425,1.028160,1,0,31.5342,0,0,0,31.5342,0
71.3681,1.86904,0,0,1.99271,0.0626678,0.36288,3.6288,61.308,0.222161,0,0,0.715625,0.301462,0.192002,0.66528,12.849,1,0.335082,0.36288,0,31.745,5.4557,26.3171,0.84672,12.849,0.84672,3695.15,0,18.483,0.42336,0.344606,1.42374,2.93484,1.34809,2.93174,0.42336,18.483,0.42336,0,0,442.007,0,1.02816,0,0,1.37277,0.344606,1.028160,1,0,29.4408,0,0,0,29.4408,0
70.9198,1.86842,0,0,1.84074,0.0577813,0.36288,3.6288,61.308,0.234611,0,0,0.665245,0.291521,0.139113,0.66528,12.849,1,0.336388,0.36288,0,31.0224,5.26449,25.7844,0.84672,12.849,0.84672,3695.15,0,18.483,0.42336,0.261274,1.45839,2.71904,1.36052,2.65483,0.42336,18.483,0.42336,0,0,442.007,0,1.01604,0,0,1.27731,0.261274,1.028160,1,0,28.5784,0,0,0,28.5784,0
70.331,1.86721,0,0,1.69891,0.0575833,0.36288,3.6288,61.308,0.264747,0,0,0.631187,0.291521,0.0749184,0.66528,12.849,1,0.338294,0.36288,0,29.7411,5.26449,24.5012,0.84672,12.849,0.84672,3695.15,0,18.483,0.42336,0.227405,1.45877,2.62911,1.36052,2.53141,0.42336,18.483,0.42336,0,0,442.007,0,0.98623,0,0,1.21363,0.227405,1.028160,1,0,27.1075,0,0,0,27.1075,0
69.6178,1.8654,0,0,1.57234,0.0573234,0.36288,3.6288,61.2358,0.388472,0,0,0.607752,0.291521,0,0.66528,12.849,1,0.340795,0.36288,0,25.666,5.26449,20.4236,0.84672,12.849,0.84672,3695.15,0,18.483,0.42336,0.227405,1.45915,2.52339,1.36052,2.42607,0.42336,18.483,0.42336,0,0,442.007,0,0.862834,0,0,1.09024,0.227405,1.028160,1,0,22.8496,0,0,0,22.8496,0
68.6128,2.01132,0,0,1.42737,0.0580994,0.36288,3.6288,61.0255,0.487324,0,0,0.572504,0.295397,0,0.66528,12.849,1,0.37122,0.36288,0,20.9026,5.30751,15.5867,0.84672,12.849,0.84672,3695.15,0,18.483,0.42336,0.227405,1.45954,2.30378,1.37346,2.1939,0.42336,18.483,0.42336,0,0,442.007,0,0.87207,0,0,1.09947,0.227405,1.028160,1,0,17.7806,0,0,0,17.7806,0
67.38,2.00736,0,0,1.21522,0.0777563,0.36288,3.6288,60.6002,0.648039,0,0,0.498879,0.276164,0,0.66528,12.849,1,0.375915,0.36288,0,19.8692,4.77088,15.0853,0.84672,12.849,0.84672,3695.15,0,18.483,0.42336,0.227405,1.57609,2.01144,1.36364,2.02794,0.42336,18.483,0.42336,0,0,442.007,0,0.711711,0,0,0.939116,0.227405,1.028160,1,0,17.1133,0,0,0,17.1133,0
66.106,2.00221,0,0,1.16805,0.0770081,0.36288,3.6288,60.2312,0.587267,0,0,0.493651,0.27542,0,0.66528,12.849,1,0.38181,0.36288,0,18.8476,4.77088,14.0577,0.84672,12.849,0.84672,3695.15,0,18.483,0.42336,0.204422,1.57651,2.00567,1.36364,1.9996,0.42336,18.483,0.42336,0,0,442.007,0,0.772839,0,0,0.977262,0.204422,1.028160,1,0,16.0573,0,0,0,16.0573,0
64.8245,1.99666,0,0,1.15431,0.0762348,0.36288,3.6288,59.8626,0.569316,0,0,0.475512,0.274775,0,0.66528,12.849,1,0.38809,0.36288,0,18.8229,4.77088,14.0268,0.84672,12.849,0.84672,3695.15,0,18.483,0.42336,0.204422,1.57692,1.94379,1.36364,1.93813,0.42336,18.483,0.42336,0,0,442.007,0,0.791148,0,0,0.99557,0.204422,1.028160,1,0,15.965,0,0,0,15.965,0
63.7341,1.99087,0,0,1.34354,0.0802596,0.36288,3.6288,59.7987,0.33266,0,0,0.541818,0.273067,0,0.66528,12.849,1,0.394615,0.36288,0,18.9146,4.7412,14.1417,0.84672,12.849,0.84672,3695.15,0,18.483,0.42336,0.268756,1.57733,2.14548,1.36,2.20821,0.42336,18.483,0.42336,0,0,442.007,0,1.02816,0,0,1.29692,0.268756,1.028160,1,0,16.3499,0,0,0,16.3499,0
62.9434,1.91453,0,0,1.58073,0.0939756,0.36288,3.6288,61.201,0.267525,0,0,1.95472,0.284851,0,0.66528,12.849,1,0.385975,0.36288,0,20.1213,5.598,14.5002,0.84672,12.849,0.84672,3695.15,0,18.483,0.42336,3.47198,1.57775,3.28815,1.38229,6.53222,0.42336,18.483,0.42336,0,0,442.007,0,1.02816,0,0,4.50014,3.47198,1.028160,1,0,21.0324,0,0,0,21.0324,0
61.9217,1.91109,0,0,1.34331,0.0910308,0.36288,3.6288,61.308,0.267865,0,0,1.11586,0.290473,0.450567,0.66528,12.849,1,0.390122,0.36288,0,19.3396,5.77049,13.5419,0.84672,12.849,0.84672,3695.15,0,18.483,0.42336,1.4438,1.5115,2.46606,1.38965,3.60836,0.42336,18.483,0.42336,0,0,442.007,0,1.02816,0,0,2.47196,1.4438,1.028160,1,0,17.6008,0,0,0,17.6008,0
61.1051,1.90635,0,0,1.57909,0.126438,0.36288,3.6288,61.308,0.268204,0,0,1.13371,0.260347,0.605155,0.66528,12.849,1,0.395576,0.36288,0,19.4808,5.35523,14.0929,0.84672,12.849,0.84672,3695.15,0,18.483,0.42336,1.50628,1.51189,2.57532,1.25985,3.91029,0.42336,18.483,0.42336,0,0,442.007,0,1.02816,0,0,2.53444,1.50628,1.028160,1,0,18.6083,0,0,0,18.6083,0
63.0732,1.90258,0,0,4.4489,0.215395,0.36288,3.6288,61.308,0.268544,0,0,2.75223,0.184541,2.29914,0.66528,12.849,1,0.400068,0.36288,0,62.2453,4.31708,57.8911,0.84672,12.849,0.84672,3695.15,0,18.483,0.42336,3.13045,1.51229,6.85471,0.93536,10.1387,0.42336,18.483,0.42336,0,0,442.007,0,1.02816,0,0,4.15861,3.13045,1.028160,1,0,70.3289,0,0,0,70.3289,0
62.821,1.85502,0,0,2.18108,0.215372,0.36288,3.6288,61.308,0.209208,0,0,1.61835,0.193605,1.21554,0.66528,12.849,1,0.377898,0.36288,0,36.7491,4.40523,32.3289,0.84672,12.849,0.84672,3695.15,0,18.483,0.42336,2.21377,1.51269,3.99936,1.0195,6.28295,0.42336,18.483,0.42336,0,0,442.007,0,1.02816,0,0,3.24193,2.21377,1.028160,1,0,39.8274,0,0,0,39.8274,0
62.4042,1.85434,0,0,2.08745,0.286993,0.36288,3.6288,61.308,0.209532,0,0,1.70235,0.215466,1.27735,0.66528,12.849,1,0.379275,0.36288,0,26.0835,4.64547,21.4216,0.84672,12.849,0.84672,3695.15,0,18.483,0.42336,1.71948,1.45378,5.00804,1.13835,6.61959,0.42336,18.483,0.42336,0,0,442.007,0,1.02816,0,0,2.74764,1.71948,1.028160,1,0,29.3185,0,0,0,29.3185,0
62.9635,1.85282,0,0,3.09155,0.316619,0.36288,3.6288,61.308,0.209856,0,0,2.42126,0.219376,1.99203,0.66528,12.849,1,0.381495,0.36288,0,34.5541,4.69455,29.841,0.84672,12.849,0.84672,3695.15,0,18.483,0.42336,2.15273,1.45416,5.59829,1.14101,7.6408,0.42336,18.483,0.42336,0,0,442.007,0,1.02816,0,0,3.18089,2.15273,1.028160,1,0,39.4738,0,0,0,39.4738,0
64.0255,1.85621,0,0,3.5992,0.318072,0.36288,3.6288,61.308,0.210181,0,0,2.98068,0.219376,2.55112,0.66528,12.849,1,0.378799,0.36288,0,80.1749,4.69455,75.4644,0.84672,12.849,0.84672,3695.15,0,18.483,0.42336,4.11771,1.45454,11.035,1.14101,15.0429,0.42336,18.483,0.42336,0,0,442.007,0,1.02816,0,0,5.14587,4.11771,1.028160,1,0,93.0584,0,0,0,93.0584,0
64.7826,1.69524,0,0,3.06609,0.250904,0.36288,3.6288,61.308,0.086086,0,0,2.19397,0.219821,1.88807,0.66528,12.849,1,0.34021,0.36288,0,57.3168,4.42968,52.9098,0.84672,12.849,0.84672,3695.15,0,18.483,0.42336,3.53025,1.45492,9.4805,1.07576,12.9665,0.42336,18.483,0.42336,0,0,442.007,0,1.02816,0,0,4.55841,3.53025,1.028160,1,0,67.7644,0,0,0,67.7644,0
66.2673,1.6991,0,0,3.79883,0.252071,0.36288,3.6288,61.308,0.0863782,0,0,1.91009,0.208335,1.61537,0.66528,12.849,1,0.336999,0.36288,0,43.2026,3.64536,39.5831,0.84672,12.849,0.84672,3695.15,0,18.483,0.42336,3.03735,1.32165,9.72276,1.01072,12.6477,0.42336,18.483,0.42336,0,0,442.007,0,1.02816,0,0,4.06551,3.03735,1.028160,1,0,53.8462,0,0,0,53.8462,0
68.3287,1.70596,0,0,4.41611,0.285906,0.36288,3.6288,61.308,0.0866704,0,0,1.99691,0.201091,1.70915,0.66528,12.849,1,0.33078,0.36288,0,56.7905,3.63657,53.1861,0.84672,12.849,0.84672,3695.15,0,18.483,0.42336,2.98261,1.32199,9.50011,1.0007,12.3807,0.42336,18.483,0.42336,0,0,442.007,0,1.02816,0,0,4.01077,2.98261,1.028160,1,0,67.2759,0,0,0,67.2759,0
69.7957,1.7149,0,0,3.83534,0.290592,0.36288,3.6288,61.308,0.0869627,0,0,1.94772,0.201091,1.65966,0.66528,12.849,1,0.322482,0.36288,0,47.7528,3.63657,44.1566,0.84672,12.849,0.84672,3695.15,0,18.483,0.42336,2.80799,1.32234,9.27634,1.0007,11.9826,0.42336,18.483,0.42336,0,0,442.007,0,1.02816,0,0,3.83615,2.80799,1.028160,1,0,57.7989,0,0,0,57.7989,0
72.29,1.72117,0,0,5.28453,0.293006,0.776016,3.6288,61.308,0.0872551,0,0,1.85255,0.211864,1.55343,0.66528,12.849,1,0.316858,0.776016,0,48.9591,3.96732,45.4509,0.84672,12.849,0.84672,3695.15,0,18.483,0.42336,2.96374,1.32269,9.1457,1.10338,11.9054,0.42336,18.483,0.42336,0,0,442.007,0,1.02816,0,0,3.9919,2.96374,1.028160,1,0,58.9097,0,0,0,58.9097,0
72.29,1.79648,0,0,5.51625,0.280273,3.4395,3.6288,61.308,0.123618,0,0,2.88997,0.229646,2.5367,0.66528,12.849,1,0.319311,3.4395,0,72.3254,4.72999,70.7156,0.84672,12.849,0.84672,3695.15,0,18.483,0.42336,5.81922,1.32303,10.7183,1.05634,16.3808,0.42336,18.483,0.42336,0,0,442.007,0,1.02816,0,0,6.84738,5.81922,1.028160,1,0,89.6332,0,0,0,89.6332,0
72.29,1.79703,0,0,5.32045,0.273859,3.24956,3.6288,61.308,0.12391,0,0,2.91235,0.225985,2.56246,0.66528,12.849,1,0.319408,3.24956,0,149.756,4.70432,147.982,0.84672,12.849,0.84672,3695.15,0,18.483,0.42336,4.99027,1.3657,11.5622,0.934844,16.56,0.42336,18.483,0.42336,0,0,442.007,0,1.02816,0,0,6.01843,4.99027,1.028160,1,0,167.105,0,0,0,167.105,0
72.29,1.79757,0,0,4.41799,0.273859,2.34655,3.6288,61.308,0.124202,0,0,2.34376,0.225985,1.99358,0.66528,12.849,1,0.319505,2.34655,0,97.6173,4.70432,94.94,0.84672,12.849,0.84672,3695.15,0,18.483,0.42336,4.92668,1.36605,8.24705,0.934844,13.1816,0.42336,18.483,0.42336,0,0,442.007,0,1.02816,0,0,5.95484,4.92668,1.028160,1,0,110.115,0,0,0,110.115,0
72.29,1.79812,0,0,3.91548,0.276887,1.84048,3.6288,61.308,0.124494,0,0,2.02489,0.203821,1.69657,0.66528,12.849,1,0.319603,1.84048,0,85.981,4.36028,83.1416,0.84672,12.849,0.84672,3695.15,0,18.483,0.42336,4.01935,1.36639,7.31272,0.842916,11.4322,0.42336,18.483,0.42336,0,0,442.007,0,1.02816,0,0,5.04751,4.01935,1.028160,1,0,96.2703,0,0,0,96.2703,0
72.29,2.00917,0,0,5.83928,0.29631,3.5338,3.6288,61.308,0.260348,0,0,3.02936,0.191566,2.57744,0.66528,12.849,1,0.357114,3.5338,0,132.109,4.07083,131.215,0.84672,12.849,0.84672,3695.15,0,18.483,0.42336,6.76418,1.36674,11.745,0.816572,18.6359,0.42336,18.483,0.42336,0,0,442.007,0,1.02816,0,0,7.79234,6.76418,1.028160,1,0,152.428,0,0,0,152.428,0
72.29,2.00977,0,0,7.15297,0.339193,4.80401,3.6288,61.308,0.260675,0,0,3.51575,0.202488,3.05259,0.66528,12.849,1,0.357221,4.80401,0,180.789,3.99231,181.244,0.84672,12.849,0.84672,3695.15,0,18.483,0.42336,5.84358,1.51828,12.8055,0.923079,18.8209,0.42336,18.483,0.42336,0,0,442.007,0,1.02816,0,0,6.87174,5.84358,1.028160,1,0,203.117,0,0,0,203.117,0
72.29,2.01037,0,0,7.59732,0.339193,5.24776,3.6288,61.308,0.261001,0,0,3.9114,0.202488,3.44791,0.66528,12.849,1,0.357328,5.24776,0,200.138,3.99231,201.036,0.84672,12.849,0.84672,3695.15,0,18.483,0.42336,7.71276,1.51867,15.8072,0.923079,23.6922,0.42336,18.483,0.42336,0,0,442.007,0,1.02816,0,0,8.74092,7.71276,1.028160,1,0,228.176,0,0,0,228.176,0
72.29,2.01097,0,0,11.8979,0.328804,9.55811,3.6288,61.308,0.261328,0,0,6.46966,0.224619,5.98371,0.66528,12.849,1,0.357435,9.55811,0,244.706,4.51647,249.391,0.84672,12.849,0.84672,3695.15,0,18.483,0.42336,11.9379,1.51905,29.3576,1.08706,41.3041,0.42336,18.483,0.42336,0,0,442.007,0,1.02816,0,0,12.966,11.9379,1.028160,1,0,296.678,0,0,0,296.678,0
72.29,1.71103,0,0,8.42365,0.321386,6.39124,3.6288,61.308,0.0795448,0,0,5.2866,0.212848,4.99421,0.66528,12.849,1,0.304122,6.39124,0,263.458,4.33568,265.209,0.84672,12.849,0.84672,3695.15,0,18.483,0.42336,9.69955,1.51944,23.7514,1.04101,33.5061,0.42336,18.483,0.42336,0,0,442.007,0,1.02816,0,0,10.7277,9.69955,1.028160,1,0,303.71,0,0,0,303.71,0
72.29,1.71155,0,0,6.42185,0.31001,4.40029,3.6288,61.308,0.0798256,0,0,2.39571,0.220281,2.0956,0.66528,12.849,1,0.304215,4.40029,0,236.862,4.02812,236.93,0.84672,12.849,0.84672,3695.15,0,18.483,0.42336,5.6304,1.31279,14.5747,1.11286,19.9817,0.42336,18.483,0.42336,0,0,442.007,0,1.02816,0,0,6.65856,5.6304,1.028160,1,0,259.007,0,0,0,259.007,0
72.29,1.71208,0,0,9.62133,0.31001,7.59924,3.6288,61.308,0.0801065,0,0,4.29929,0.220281,3.9989,0.66528,12.849,1,0.304309,7.59924,0,225.285,4.02812,228.552,0.84672,12.849,0.84672,3695.15,0,18.483,0.42336,10.5712,1.31312,21.1099,1.11286,31.4581,0.42336,18.483,0.42336,0,0,442.007,0,1.02816,0,0,11.5994,10.5712,1.028160,1,0,264.009,0,0,0,264.009,0
72.29,1.7126,0,0,11.7857,0.310542,9.76251,3.6288,61.308,0.0803874,0,0,5.93573,0.197572,5.65777,0.66528,12.849,1,0.304402,9.76251,0,239.354,3.92393,244.888,0.84672,12.849,0.84672,3695.15,0,18.483,0.42336,10.8754,1.31346,25.7659,1.07531,36.4562,0.42336,18.483,0.42336,0,0,442.007,0,1.02816,0,0,11.9036,10.8754,1.028160,1,0,287.002,0,0,0,287.002,0
72.29,1.71313,0,0,7.41286,0.311873,5.38786,3.6288,61.308,0.0806684,0,0,1.86113,0.140798,1.63967,0.66528,12.849,1,0.304495,5.38786,0,182.714,3.66345,184.134,0.84672,12.849,0.84672,3695.15,0,18.483,0.42336,4.84701,1.31379,13.9341,0.981441,18.6901,0.42336,18.483,0.42336,0,0,442.007,0,1.02816,0,0,5.87517,4.84701,1.028160,1,0,204.464,0,0,0,204.464,0
72.29,1.7894,0,0,6.65937,0.272706,4.59726,3.6288,61.308,0.125557,0,0,3.64217,0.176758,3.33986,0.66528,12.849,1,0.318052,4.59726,0,166.97,3.73428,167.515,0.84672,12.849,0.84672,3695.15,0,18.483,0.42336,6.75804,1.31412,15.0634,1.19477,21.5174,0.42336,18.483,0.42336,0,0,442.007,0,1.02816,0,0,7.7862,6.75804,1.028160,1,0,192.372,0,0,0,192.372,0
72.29,1.78994,0,0,6.13762,0.243545,4.10413,3.6288,61.308,0.125849,0,0,3.49561,0.180254,3.18951,0.66528,12.849,1,0.318149,4.10413,0,171.784,3.89436,171.676,0.84672,12.849,0.84672,3695.15,0,18.483,0.42336,6.60018,1.36564,13.1931,1.23996,19.4956,0.42336,18.483,0.42336,0,0,442.007,0,1.02816,0,0,7.62834,6.60018,1.028160,1,0,194.361,0,0,0,194.361,0
72.29,1.79049,0,0,5.05537,0.245277,3.0196,3.6288,61.308,0.126142,0,0,2.83552,0.189056,2.52032,0.66528,12.849,1,0.318246,3.0196,0,134.774,3.82578,133.649,0.84672,12.849,0.84672,3695.15,0,18.483,0.42336,5.68382,1.36598,8.14441,1.25615,13.5147,0.42336,18.483,0.42336,0,0,442.007,0,1.02816,0,0,6.71198,5.68382,1.028160,1,0,149.684,0,0,0,149.684,0
72.29,1.79103,0,0,4.71847,0.227076,2.70036,3.6288,61.308,0.126435,0,0,2.64135,0.217774,2.29714,0.66528,12.849,1,0.318343,2.70036,0,114.794,3.79905,113.377,0.84672,12.849,0.84672,3695.15,0,18.483,0.42336,4.90514,1.36633,7.87596,1.26899,12.4551,0.42336,18.483,0.42336,0,0,442.007,0,1.02816,0,0,5.9333,4.90514,1.028160,1,0,128.13,0,0,0,128.13,0
72.29,1.76193,0,0,4.21696,0.187724,2.2673,3.6288,61.308,0.109385,0,0,2.03555,0.236217,1.68995,0.66528,12.849,1,0.31317,2.2673,0,99.3237,4.28493,96.9929,0.84672,12.849,0.84672,3695.15,0,18.483,0.42336,4.15508,1.36667,7.03892,1.23585,10.9015,0.42336,18.483,0.42336,0,0,442.007,0,1.02816,0,0,5.18324,4.15508,1.028160,1,0,109.584,0,0,0,109.584,0
72.29,1.76247,0,0,3.78143,0.200343,1.81861,3.6288,61.308,0.109673,0,0,1.64201,0.230431,1.3019,0.66528,12.849,1,0.313266,1.81861,0,86.7862,4.47636,83.8152,0.84672,12.849,0.84672,3695.15,0,18.483,0.42336,3.51581,1.34708,6.64451,1.20068,9.88335,0.42336,18.483,0.42336,0,0,442.007,0,1.02816,0,0,4.54397,3.51581,1.028160,1,0,95.0005,0,0,0,95.0005,0
72.29,1.76301,0,0,3.37333,0.200343,1.40998,3.6288,61.308,0.109961,0,0,1.45802,0.230431,1.11763,0.66528,12.849,1,0.313361,1.40998,0,74.539,4.47636,71.1593,0.84672,12.849,0.84672,3695.15,0,18.483,0.42336,2.93311,1.34742,5.77014,1.20068,8.42663,0.42336,18.483,0.42336,0,0,442.007,0,1.02816,0,0,3.96127,2.93311,1.028160,1,0,80.7035,0,0,0,80.7035,0
72.29,1.76355,0,0,3.10831,0.18306,1.1617,3.6288,61.308,0.11025,0,0,1.33614,0.207675,1.01822,0.66528,12.849,1,0.313457,1.1617,0,69.5244,4.00452,66.3681,0.84672,12.849,0.84672,3695.15,0,18.483,0.42336,2.69229,1.34776,5.19636,1.081,7.73205,0.42336,18.483,0.42336,0,0,442.007,0,1.02816,0,0,3.72045,2.69229,1.028160,1,0,75.1183,0,0,0,75.1183,0
72.29,1.86482,0,0,2.95536,0.170834,0.91971,3.6288,61.308,0.172102,0,0,1.26285,0.195845,0.894901,0.66528,12.849,1,0.331458,0.91971,0,65.4264,3.79839,62.2163,0.84672,12.849,0.84672,3695.15,0,18.483,0.42336,2.89028,1.3481,5.01695,0.991334,7.84064,0.42336,18.483,0.42336,0,0,442.007,0,1.02816,0,0,3.91844,2.89028,1.028160,1,0,70.9518,0,0,0,70.9518,0
72.29,1.86538,0,0,2.93432,0.106752,0.962182,3.6288,61.308,0.172407,0,0,1.11502,0.248319,0.694293,0.66528,12.849,1,0.331558,0.962182,0,61.2434,5.04291,56.8311,0.84672,12.849,0.84672,3695.15,0,18.483,0.42336,2.1378,1.41824,4.67478,1.14397,6.66349,0.42336,18.483,0.42336,0,0,442.007,0,1.02816,0,0,3.16596,2.1378,1.028160,1,0,64.1889,0,0,0,64.1889,0
72.29,1.86595,0,0,2.79888,0.0953343,0.837604,3.6288,61.308,0.172711,0,0,1.05219,0.251828,0.627649,0.66528,12.849,1,0.331658,0.837604,0,55.9018,5.10258,51.3052,0.84672,12.849,0.84672,3695.15,0,18.483,0.42336,1.94618,1.4186,4.5192,1.16932,6.2913,0.42336,18.483,0.42336,0,0,442.007,0,1.02816,0,0,2.97434,1.94618,1.028160,1,0,58.2242,0,0,0,58.2242,0
72.29,1.86651,0,0,2.70423,0.0953343,0.742388,3.6288,61.308,0.173015,0,0,1.0733,0.251828,0.648461,0.66528,12.849,1,0.331758,0.742388,0,53.2985,5.10258,48.6066,0.84672,12.849,0.84672,3695.15,0,18.483,0.42336,2.27017,1.41896,4.32262,1.16932,6.41907,0.42336,18.483,0.42336,0,0,442.007,0,1.02816,0,0,3.29833,2.27017,1.028160,1,0,55.6741,0,0,0,55.6741,0
72.29,1.86708,0,0,2.48207,0.11992,0.495078,3.6288,61.308,0.17332,0,0,1.0061,0.245244,0.587539,0.66528,12.849,1,0.331858,0.495078,0,50.1142,4.6795,45.598,0.84672,12.849,0.84672,3695.15,0,18.483,0.42336,2.12287,1.41932,3.94203,1.18564,5.87522,0.42336,18.483,0.42336,0,0,442.007,0,1.02816,0,0,3.15103,2.12287,1.028160,1,0,52.0607,0,0,0,52.0607,0
72.0354,1.84769,0,0,2.06035,0.104371,0.36288,3.6288,61.308,0.207504,0,0,0.656506,0.254129,0.194874,0.66528,12.849,1,0.328413,0.36288,0,42.3533,5.08493,37.3028,0.84672,12.849,0.84672,3695.15,0,18.483,0.42336,1.23433,1.41968,3.10325,1.2513,4.0826,0.42336,18.483,0.42336,0,0,442.007,0,1.02816,0,0,2.26249,1.23433,1.028160,1,0,41.5803,0,0,0,41.5803,0
71.6269,1.84727,0,0,1.90159,0.0999475,0.36288,3.6288,61.308,0.207817,0,0,0.570163,0.256048,0.106298,0.66528,12.849,1,0.329498,0.36288,0,41.7633,5.1807,36.616,0.84672,12.849,0.84672,3695.15,0,18.483,0.42336,0.920601,1.44181,3.18268,1.26116,3.86058,0.42336,18.483,0.42336,0,0,442.007,0,1.02816,0,0,1.94876,0.920601,1.028160,1,0,40.5829,0,0,0,40.5829,0
71.05,1.84623,0,0,1.73189,0.0996371,0.36288,3.6288,61.308,0.20813,0,0,0.561489,0.256048,0.0973111,0.66528,12.849,1,0.331192,0.36288,0,40.7922,5.1807,35.6432,0.84672,12.849,0.84672,3695.15,0,18.483,0.42336,0.950193,1.44218,3.07002,1.26116,3.77787,0.42336,18.483,0.42336,0,0,442.007,0,1.02816,0,0,1.97835,0.950193,1.028160,1,0,39.5184,0,0,0,39.5184,0
70.3043,1.84451,0,0,1.56088,0.0991988,0.36288,3.6288,61.308,0.208443,0,0,0.522873,0.256048,0.0583813,0.66528,12.849,1,0.33357,0.36288,0,37.8083,5.1807,32.6569,0.84672,12.849,0.84672,3695.15,0,18.483,0.42336,0.698285,1.44254,2.92304,1.26116,3.37935,0.42336,18.483,0.42336,0,0,442.007,0,1.02816,0,0,1.72644,0.698285,1.028160,1,0,36.0946,0,0,0,36.0946,0
69.4369,1.89342,0,0,1.46344,0.0746058,0.36288,3.6288,61.2586,0.238981,0,0,0.495914,0.30633,0,0.66528,12.849,1,0.346047,0.36288,0,33.0373,5.82818,27.2259,0.84672,12.849,0.84672,3695.15,0,18.483,0.42336,0.559907,1.44291,2.66342,1.47723,2.76564,0.42336,18.483,0.42336,0,0,442.007,0,1.02816,0,0,1.58807,0.559907,1.028160,1,0,29.9916,0,0,0,29.9916,0
68.7836,1.89034,0,0,1.66399,0.0640204,0.36288,3.6288,61.308,0.239302,0,0,0.662208,0.322083,0.0514253,0.66528,12.849,1,0.3498,0.36288,0,39.4303,6.03277,33.4106,0.84672,12.849,0.84672,3695.15,0,18.483,0.42336,0.769245,1.47801,2.93525,1.5249,3.23424,0.42336,18.483,0.42336,0,0,442.007,0,1.02816,0,0,1.79741,0.769245,1.028160,1,0,36.6963,0,0,0,36.6963,0
68.0007,1.88811,0,0,1.53179,0.063696,0.36288,3.6288,61.3076,0.239624,0,0,0.561402,0.322184,0,0.66528,12.849,1,0.352706,0.36288,0,32.388,6.03277,26.3654,0.84672,12.849,0.84672,3695.15,0,18.483,0.42336,0.87823,1.47838,2.83811,1.5249,3.24646,0.42336,18.483,0.42336,0,0,442.007,0,1.02816,0,0,1.90639,0.87823,1.028160,1,0,29.6119,0,0,0,29.6119,0
67.0919,1.88527,0,0,1.4026,0.0633073,0.36288,3.6288,61.2654,0.239945,0,0,0.519977,0.322183,0,0.66528,12.849,1,0.356229,0.36288,0,30.7845,6.03277,24.7584,0.84672,12.849,0.84672,3695.15,0,18.483,0.42336,0.601465,1.47876,2.49467,1.5249,2.62663,0.42336,18.483,0.42336,0,0,442.007,0,1.02816,0,0,1.62962,0.601465,1.028160,1,0,27.385,0,0,0,27.385,0
66.1263,2.03119,0,0,1.48192,0.0534409,0.36288,3.6288,61.1856,0.349472,0,0,0.596926,0.327276,0,0.66528,12.849,1,0.389,0.36288,0,30.1924,6.18233,23.9839,0.84672,12.849,0.84672,3695.15,0,18.483,0.42336,0.927418,1.47913,3.30012,1.55478,3.72853,0.42336,18.483,0.42336,0,0,442.007,0,1.02816,0,0,1.95558,0.927418,1.028160,1,0,27.7125,0,0,0,27.7125,0
64.7484,2.02704,0,0,1.07234,0.0603213,0.36288,3.6288,60.9365,0.349822,0,0,0.459531,0.358872,0,0.66528,12.849,1,0.393874,0.36288,0,21.2836,6.04243,15.2102,0.84672,12.849,0.84672,3695.15,0,18.483,0.42336,0.56795,1.59724,2.54991,1.51948,2.77226,0.42336,18.483,0.42336,0,0,442.007,0,1.02816,0,0,1.59611,0.56795,1.028160,1,0,17.9824,0,0,0,17.9824,0
63.4092,2.02064,0,0,1.10134,0.0570233,0.36288,3.6288,60.7244,0.350171,0,0,0.480723,0.342582,0,0.66528,12.849,1,0.400987,0.36288,0,22.599,6.06774,16.4932,0.84672,12.849,0.84672,3695.15,0,18.483,0.42336,0.679432,1.59764,2.17884,1.53745,2.49511,0.42336,18.483,0.42336,0,0,442.007,0,1.02816,0,0,1.70759,0.679432,1.028160,1,0,18.9883,0,0,0,18.9883,0
61.8826,2.0142,0,0,0.906941,0.0564087,0.36288,3.6288,60.4502,0.35052,0,0,0.418409,0.342122,0,0.66528,12.849,1,0.40815,0.36288,0,28.0554,6.06774,21.9424,0.84672,12.849,0.84672,3695.15,0,18.483,0.42336,0.480678,1.59805,1.94389,1.53745,2.0618,0.42336,18.483,0.42336,0,0,442.007,0,1.02816,0,0,1.50884,0.480678,1.028160,1,0,24.0042,0,0,0,24.0042,0
60.4609,2.00646,0,0,1.00331,0.0557081,0.36288,3.6288,60.3326,0.350869,0,0,0.574762,0.341526,0,0.66528,12.849,1,0.416612,0.36288,0,24.0537,6.06774,17.9322,0.84672,12.849,0.84672,3695.15,0,18.483,0.42336,0.94703,1.59845,2.32296,1.53745,2.90763,0.42336,18.483,0.42336,0,0,442.007,0,1.02816,0,0,1.97519,0.94703,1.028160,1,0,20.8398,0,0,0,20.8398,0
59.3217,1.92733,0,0,1.17869,0.0276608,0.36288,3.6288,60.068,0.284851,0,0,0.376146,0.355855,0,0.66528,12.849,1,0.409592,0.36288,0,24.9235,6.31416,18.5627,0.84672,12.849,0.84672,3695.15,0,18.483,0.42336,0.488376,1.59886,2.11197,1.61738,2.15847,0.42336,18.483,0.42336,0,0,442.007,0,1.02816,0,0,1.51654,0.488376,1.028160,1,0,20.7211,0,0,0,20.7211,0
58.1223,1.92144,0,0,1.20256,0.117652,0.36288,3.6288,59.8834,0.285183,0,0,0.392508,0.291906,0,0.66528,12.849,1,0.416182,0.36288,0,22.808,4.68058,18.0742,0.84672,12.849,0.84672,3695.15,0,18.483,0.42336,0.430393,1.53171,2.10411,1.22383,2.41902,0.42336,18.483,0.42336,0,0,442.007,0,1.02816,0,0,1.45855,0.430393,1.028160,1,0,20.4932,0,0,0,20.4932,0
57.0198,1.91498,0,0,1.30261,0.127271,0.36288,3.6288,59.7708,0.285516,0,0,0.468484,0.295552,0,0.66528,12.849,1,0.423342,0.36288,0,25.0268,4.74569,20.2206,0.84672,12.849,0.84672,3695.15,0,18.483,0.42336,0.491219,1.5321,2.41183,1.2611,2.75068,0.42336,18.483,0.42336,0,0,442.007,0,1.02816,0,0,1.51938,0.491219,1.028160,1,0,22.9713,0,0,0,22.9713,0
55.9481,1.90887,0,0,1.32605,0.125905,0.36288,3.6288,59.6686,0.285849,0,0,0.478995,0.295339,0,0.66528,12.849,1,0.430151,0.36288,0,35.5808,4.74569,30.7679,0.84672,12.849,0.84672,3695.15,0,18.483,0.42336,0.594527,1.53249,2.5978,1.2611,3.04035,0.42336,18.483,0.42336,0,0,442.007,0,1.02816,0,0,1.62269,0.594527,1.028160,1,0,33.8082,0,0,0,33.8082,0
54.9456,1.84469,0,0,1.34132,0.136284,0.36288,3.6288,59.8096,0.225709,0,0,0.6358,0.269127,0,0.66528,12.849,1,0.423651,0.36288,0,70.9109,4.53706,66.3131,0.84672,12.849,0.84672,3695.15,0,18.483,0.42336,0.905412,1.53287,3.4162,1.19398,4.23715,0.42336,18.483,0.42336,0,0,442.007,0,1.02816,0,0,1.93357,0.905412,1.028160,1,0,70.5502,0,0,0,70.5502,0
54.115,1.83898,0,0,1.53516,0.163902,0.36288,3.6288,59.837,0.226027,0,0,0.457677,0.204263,0,0.66528,12.849,1,0.430045,0.36288,0,39.1156,4.01551,35.0329,0.84672,12.849,0.84672,3695.15,0,18.483,0.42336,0.341833,1.47317,2.73303,1.02616,3.09851,0.42336,18.483,0.42336,0,0,442.007,0,1.02816,0,0,1.36999,0.341833,1.028160,1,0,38.1314,0,0,0,38.1314,0
54.1517,1.8342,0,0,2.3963,0.162534,0.36288,3.6288,59.9474,0.226345,0,0,0.541058,0.204299,0,0.66528,12.849,1,0.43551,0.36288,0,52.4182,4.01551,48.33,0.84672,12.849,0.84672,3695.15,0,18.483,0.42336,0.659915,1.47354,3.62173,1.02616,4.30566,0.42336,18.483,0.42336,0,0,442.007,0,1.02816,0,0,1.68807,0.659915,1.028160,1,0,52.6357,0,0,0,52.6357,0
57.602,1.83499,0,0,5.81078,0.162595,0.36288,3.6288,60.8536,0.226662,0,0,1.33731,0.204443,0,0.66528,12.849,1,0.435403,0.36288,0,119.928,4.01551,115.839,0.84672,12.849,0.84672,3695.15,0,18.483,0.42336,3.3588,1.47391,6.00473,1.02616,9.38792,0.42336,18.483,0.42336,0,0,442.007,0,1.02816,0,0,4.38696,3.3588,1.028160,1,0,125.227,0,0,0,125.227,0
59.8881,1.69096,0,0,4.52671,0.186812,0.36288,3.6288,61.308,0.100906,0,0,0.972778,0.212543,0.204948,0.66528,12.849,1,0.377194,0.36288,0,68.8056,3.83128,64.96,0.84672,12.849,0.84672,3695.15,0,18.483,0.42336,1.9136,1.47429,3.57557,0.962526,5.57756,0.42336,18.483,0.42336,0,0,442.007,0,1.02816,0,0,2.94176,1.9136,1.028160,1,0,70.7425,0,0,0,70.7425,0
60.207,1.70333,0,0,2.61005,0.224913,0.36288,3.6288,61.308,0.101192,0,0,0.560136,0.181102,0.277842,0.66528,12.849,1,0.365451,0.36288,0,80.7467,3.81518,76.9289,0.84672,12.849,0.84672,3695.15,0,18.483,0.42336,1.08817,1.33923,3.1516,0.930198,4.22544,0.42336,18.483,0.42336,0,0,442.007,0,1.02816,0,0,2.11633,1.08817,1.028160,1,0,81.4322,0,0,0,81.4322,0
60.0883,1.70545,0,0,2.17527,0.2256,0.36288,3.6288,61.308,0.101478,0,0,0.466482,0.181102,0.183902,0.66528,12.849,1,0.363966,0.36288,0,34.6499,3.81518,30.8336,0.84672,12.849,0.84672,3695.15,0,18.483,0.42336,0.761988,1.33957,3.01087,0.930198,3.75886,0.42336,18.483,0.42336,0,0,442.007,0,1.02816,0,0,1.79015,0.761988,1.028160,1,0,34.7764,0,0,0,34.7764,0
62.8972,1.70538,0,0,5.10251,0.225345,0.36288,3.6288,61.308,0.101764,0,0,0.928973,0.181102,0.646107,0.66528,12.849,1,0.36467,0.36288,0,51.4972,3.81518,47.6803,0.84672,12.849,0.84672,3695.15,0,18.483,0.42336,1.92206,1.3399,5.04351,0.930198,6.95192,0.42336,18.483,0.42336,0,0,442.007,0,1.02816,0,0,2.95022,1.92206,1.028160,1,0,55.2783,0,0,0,55.2783,0
69.1924,1.71942,0,0,8.62574,0.248291,0.36288,3.6288,61.308,0.10205,0,0,1.83088,0.198772,1.53005,0.66528,12.849,1,0.351254,0.36288,0,152.506,4.15065,148.367,0.84672,12.849,0.84672,3695.15,0,18.483,0.42336,3.91275,1.34024,9.94982,0.979442,13.8,0.42336,18.483,0.42336,0,0,442.007,0,1.02816,0,0,4.94091,3.91275,1.028160,1,0,163.697,0,0,0,163.697,0
70.9127,1.81281,0,0,4.1927,0.29664,0.36288,3.6288,61.308,0.138885,0,0,1.12382,0.195133,0.789804,0.66528,12.849,1,0.336639,0.36288,0,123.859,4.27545,119.61,0.84672,12.849,0.84672,3695.15,0,18.483,0.42336,1.51921,1.34058,5.15207,0.934231,6.65427,0.42336,18.483,0.42336,0,0,442.007,0,1.02816,0,0,2.54737,1.51921,1.028160,1,0,127.054,0,0,0,127.054,0
70.4433,1.82026,0,0,2.02714,0.313483,0.36288,3.6288,61.308,0.21261,0,0,0.77271,0.230977,0.329123,0.66528,12.849,1,0.329821,0.36288,0,47.3009,4.87662,42.4573,0.84672,12.849,0.84672,3695.15,0,18.483,0.42336,0.503194,1.3838,2.63166,1.18359,2.91171,0.42336,18.483,0.42336,0,0,442.007,0,0.95472,0,0,1.45791,0.503194,1.028160,1,0,45.6982,0,0,0,45.6982,0
70.9249,1.81893,0,0,2.97581,0.312355,0.36288,3.6288,61.308,0.139456,0,0,0.819884,0.230977,0.449452,0.66528,12.849,1,0.331777,0.36288,0,51.4485,4.87662,46.603,0.84672,12.849,0.84672,3695.15,0,18.483,0.42336,0.619695,1.38414,3.41032,1.18359,3.80721,0.42336,18.483,0.42336,0,0,442.007,0,1.02816,0,0,1.64786,0.619695,1.028160,1,0,50.8597,0,0,0,50.8597,0
71.4308,1.82137,0,0,3.00371,0.313512,0.36288,3.6288,61.308,0.139741,0,0,0.94926,0.230977,0.578541,0.66528,12.849,1,0.329966,0.36288,0,62.7572,4.87662,57.9135,0.84672,12.849,0.84672,3695.15,0,18.483,0.42336,0.704851,1.38448,3.32907,1.18359,3.81145,0.42336,18.483,0.42336,0,0,442.007,0,1.02816,0,0,1.73301,0.704851,1.028160,1,0,62.3035,0,0,0,62.3035,0
72.29,2.03678,0,0,5.76081,0.311282,2.55358,3.6288,61.308,0.277381,0,0,2.18906,0.222873,1.6888,0.66528,12.849,1,0.366377,2.55358,0,81.959,4.58883,79.5574,0.84672,12.849,0.84672,3695.15,0,18.483,0.42336,4.14456,1.38482,11.8062,1.13893,15.7733,0.42336,18.483,0.42336,0,0,442.007,0,1.02816,0,0,5.17272,4.14456,1.028160,1,0,97.0195,0,0,0,97.0195,0
72.29,2.04107,0,0,4.60941,0.323727,2.24461,3.6288,61.308,0.2777,0,0,1.0484,0.170658,0.600046,0.66528,12.849,1,0.362784,2.24461,0,132.173,3.19452,130.86,0.84672,12.849,0.84672,3695.15,0,18.483,0.42336,2.09102,1.53835,7.39152,0.814344,9.78318,0.42336,18.483,0.42336,0,0,442.007,0,1.02816,0,0,3.11918,2.09102,1.028160,1,0,141.244,0,0,0,141.244,0
72.29,2.04165,0,0,4.08215,0.323727,1.71677,3.6288,61.308,0.278019,0,0,0.784339,0.170658,0.335662,0.66528,12.849,1,0.362889,1.71677,0,81.9565,3.19452,80.1158,0.84672,12.849,0.84672,3695.15,0,18.483,0.42336,1.04819,1.53873,6.69557,0.814344,8.04478,0.42336,18.483,0.42336,0,0,442.007,0,1.02816,0,0,2.07635,1.04819,1.028160,1,0,88.4963,0,0,0,88.4963,0
72.29,2.04224,0,0,6.59164,0.318532,4.23086,3.6288,61.308,0.278339,0,0,1.3572,0.181723,0.897135,0.66528,12.849,1,0.362993,4.23086,0,130.239,3.4566,130.651,0.84672,12.849,0.84672,3695.15,0,18.483,0.42336,3.07398,1.5391,8.29742,0.896336,11.5908,0.42336,18.483,0.42336,0,0,442.007,0,1.02816,0,0,4.10214,3.07398,1.028160,1,0,143.139,0,0,0,143.139,0
72.29,1.73832,0,0,6.31955,0.310055,4.27117,3.6288,61.308,0.0941474,0,0,1.53826,0.200562,1.24355,0.66528,12.849,1,0.308974,4.27117,0,129.904,3.92243,129.944,0.84672,12.849,0.84672,3695.15,0,18.483,0.42336,4.1808,1.53948,9.81357,1.06302,14.0475,0.42336,18.483,0.42336,0,0,442.007,0,1.02816,0,0,5.20896,4.1808,1.028160,1,0,145.235,0,0,0,145.235,0
72.29,1.73884,0,0,5.55799,0.33711,3.48205,3.6288,61.308,0.0944218,0,0,1.28902,0.147611,1.04699,0.66528,12.849,1,0.309065,3.48205,0,143.161,2.78617,143.548,0.84672,12.849,0.84672,3695.15,0,18.483,0.42336,2.18303,1.3301,9.68587,0.833227,11.9424,0.42336,18.483,0.42336,0,0,442.007,0,1.02816,0,0,3.21119,2.18303,1.028160,1,0,156.538,0,0,0,156.538,0
72.29,1.73935,0,0,5.24269,0.33711,3.16623,3.6288,61.308,0.0946964,0,0,1.15785,0.147611,0.915539,0.66528,12.849,1,0.309156,3.16623,0,131.328,2.78617,131.399,0.84672,12.849,0.84672,3695.15,0,18.483,0.42336,2.63599,1.33042,9.84891,0.833227,12.5587,0.42336,18.483,0.42336,0,0,442.007,0,1.02816,0,0,3.66415,2.63599,1.028160,1,0,144.873,0,0,0,144.873,0
72.29,1.73986,0,0,7.65392,0.33711,5.57695,3.6288,61.308,0.094971,0,0,1.42051,0.147611,1.17793,0.66528,12.849,1,0.309247,5.57695,0,189.219,2.78617,191.7,0.84672,12.849,0.84672,3695.15,0,18.483,0.42336,2.95157,1.33075,12.6681,0.833227,15.6939,0.42336,18.483,0.42336,0,0,442.007,0,1.02816,0,0,3.97973,2.95157,1.028160,1,0,208.572,0,0,0,208.572,0
72.29,1.74037,0,0,7.47052,0.336366,5.39378,3.6288,61.308,0.0952456,0,0,1.36127,0.143645,1.12238,0.66528,12.849,1,0.309338,5.39378,0,190.234,2.86233,192.456,0.84672,12.849,0.84672,3695.15,0,18.483,0.42336,2.87572,1.33107,14.0591,0.870823,16.9717,0.42336,18.483,0.42336,0,0,442.007,0,1.02816,0,0,3.90388,2.87572,1.028160,1,0,210.55,0,0,0,210.55,0
72.29,1.81763,0,0,6.25228,0.321314,4.11333,3.6288,61.308,0.140714,0,0,1.19801,0.150925,0.906375,0.66528,12.849,1,0.32307,4.11333,0,201.153,3.02426,201.919,0.84672,12.849,0.84672,3695.15,0,18.483,0.42336,2.46634,1.3314,11.1203,0.848641,13.646,0.42336,18.483,0.42336,0,0,442.007,0,1.02816,0,0,3.4945,2.46634,1.028160,1,0,216.471,0,0,0,216.471,0
72.29,1.81816,0,0,8.3427,0.311569,6.21297,3.6288,61.308,0.141,0,0,1.48444,0.173945,1.16949,0.66528,12.849,1,0.323165,6.21297,0,222.914,3.66847,225.135,0.84672,12.849,0.84672,3695.15,0,18.483,0.42336,2.85638,1.38358,13.1363,0.973111,15.9798,0.42336,18.483,0.42336,0,0,442.007,0,1.02816,0,0,3.88454,2.85638,1.028160,1,0,242.284,0,0,0,242.284,0
72.29,1.8187,0,0,5.92456,0.276056,3.82981,3.6288,61.308,0.141286,0,0,1.02603,0.165966,0.718774,0.66528,12.849,1,0.323259,3.82981,0,145.977,4.02559,145.458,0.84672,12.849,0.84672,3695.15,0,18.483,0.42336,2.15532,1.38392,8.55602,1.04246,10.6294,0.42336,18.483,0.42336,0,0,442.007,0,1.02816,0,0,3.18348,2.15532,1.028160,1,0,156.806,0,0,0,156.806,0
72.29,1.81923,0,0,4.68,0.276056,2.58472,3.6288,61.308,0.141571,0,0,0.893255,0.165966,0.585718,0.66528,12.849,1,0.323354,2.58472,0,120.22,4.02559,118.455,0.84672,12.849,0.84672,3695.15,0,18.483,0.42336,1.83196,1.38425,7.17578,1.04246,8.92616,0.42336,18.483,0.42336,0,0,442.007,0,1.02816,0,0,2.86012,1.83196,1.028160,1,0,127.967,0,0,0,127.967,0
72.29,1.78973,0,0,4.25054,0.252895,2.20792,3.6288,61.308,0.124288,0,0,1.00348,0.172545,0.706652,0.66528,12.849,1,0.31811,2.20792,0,114.925,3.9936,112.821,0.84672,12.849,0.84672,3695.15,0,18.483,0.42336,1.94895,1.38459,7.12774,1.03134,9.00658,0.42336,18.483,0.42336,0,0,442.007,0,1.02816,0,0,2.97711,1.94895,1.028160,1,0,122.534,0,0,0,122.534,0
72.29,1.79025,0,0,3.8935,0.222013,1.88124,3.6288,61.308,0.124569,0,0,0.805524,0.181316,0.499639,0.66528,12.849,1,0.318204,1.88124,0,104.624,3.95094,102.236,0.84672,12.849,0.84672,3695.15,0,18.483,0.42336,1.65179,1.36473,6.38194,1.01652,7.95857,0.42336,18.483,0.42336,0,0,442.007,0,1.02816,0,0,2.67995,1.65179,1.028160,1,0,110.695,0,0,0,110.695,0
72.29,1.79078,0,0,3.5818,0.222013,1.56901,3.6288,61.308,0.124851,0,0,0.754332,0.181316,0.448165,0.66528,12.849,1,0.318297,1.56901,0,96.0483,3.95094,93.3481,0.84672,12.849,0.84672,3695.15,0,18.483,0.42336,1.51711,1.36506,5.4664,1.01652,6.9087,0.42336,18.483,0.42336,0,0,442.007,0,1.02816,0,0,2.54527,1.51711,1.028160,1,0,100.705,0,0,0,100.705,0
72.29,1.7913,0,0,3.29469,0.187978,1.31541,3.6288,61.308,0.125133,0,0,0.704462,0.209129,0.3702,0.66528,12.849,1,0.31839,1.31541,0,84.8388,4.22271,81.6131,0.84672,12.849,0.84672,3695.15,0,18.483,0.42336,1.44456,1.36539,5.33164,1.01741,6.70082,0.42336,18.483,0.42336,0,0,442.007,0,1.02816,0,0,2.47272,1.44456,1.028160,1,0,88.6841,0,0,0,88.6841,0
72.29,1.89388,0,0,3.25272,0.157916,1.20092,3.6288,61.308,0.187784,0,0,0.692107,0.234985,0.269339,0.66528,12.849,1,0.336623,1.20092,0,76.1219,4.36113,72.625,0.84672,12.849,0.84672,3695.15,0,18.483,0.42336,1.31659,1.36573,5.85478,1.0526,7.06115,0.42336,18.483,0.42336,0,0,442.007,0,1.02816,0,0,2.34475,1.31659,1.028160,1,0,79.9555,0,0,0,79.9555,0
72.29,1.89443,0,0,2.5044,0.153621,0.456348,3.6288,61.308,0.188081,0,0,0.591467,0.213308,0.190078,0.66528,12.849,1,0.336721,0.456348,0,51.4996,5.07623,46.543,0.84672,12.849,0.84672,3695.15,0,18.483,0.42336,0.930822,1.43677,4.45037,1.05067,5.34393,0.42336,18.483,0.42336,0,0,442.007,0,1.02816,0,0,1.95898,0.930822,1.028160,1,0,52.077,0,0,0,52.077,0
72.29,1.89498,0,0,2.47016,0.153621,0.421556,3.6288,61.308,0.188378,0,0,0.593206,0.213308,0.19152,0.66528,12.849,1,0.336819,0.421556,0,48.7322,5.07623,43.7407,0.84672,12.849,0.84672,3695.15,0,18.483,0.42336,1.01391,1.43712,4.23697,1.05067,5.21397,0.42336,18.483,0.42336,0,0,442.007,0,1.02816,0,0,2.04207,1.01391,1.028160,1,0,49.1462,0,0,0,49.1462,0
72.079,1.89553,0,0,2.21576,0.168372,0.36288,3.6288,61.308,0.188676,0,0,0.565653,0.209357,0.16762,0.66528,12.849,1,0.336917,0.36288,0,46.0222,4.82238,41.2258,0.84672,12.849,0.84672,3695.15,0,18.483,0.42336,1.02533,1.43747,3.90234,1.06046,4.88132,0.42336,18.483,0.42336,0,0,442.007,0,1.02816,0,0,2.05349,1.02533,1.028160,1,0,46.2747,0,0,0,46.2747,0
71.7814,1.89525,0,0,2.11505,0.154464,0.36288,3.6288,61.308,0.188973,0,0,0.55964,0.216543,0.154124,0.66528,12.849,1,0.337852,0.36288,0,42.741,4.58008,38.1859,0.84672,12.849,0.84672,3695.15,0,18.483,0.42336,1.06086,1.43783,3.73614,1.10208,4.70939,0.42336,18.483,0.42336,0,0,442.007,0,1.02816,0,0,2.08902,1.06086,1.028160,1,0,43.0494,0,0,0,43.0494,0
71.4869,1.87442,0,0,2.05901,0.116279,0.36288,3.6288,61.308,0.223591,0,0,0.739466,0.214603,0.301272,0.66528,12.849,1,0.335525,0.36288,0,52.3695,4.4785,47.9183,0.84672,12.849,0.84672,3695.15,0,18.483,0.42336,0.87861,1.43818,5.01454,1.12344,5.78453,0.42336,18.483,0.42336,0,0,442.007,0,1.02816,0,0,1.90677,0.87861,1.028160,1,0,54.0041,0,0,0,54.0041,0
71.0738,1.8738,0,0,1.94213,0.118492,0.36288,3.6288,61.308,0.223897,0,0,0.817059,0.207186,0.385976,0.66528,12.849,1,0.336795,0.36288,0,53.518,4.38659,49.1575,0.84672,12.849,0.84672,3695.15,0,18.483,0.42336,0.935522,1.46059,5.15229,1.11675,6.00829,0.42336,18.483,0.42336,0,0,442.007,0,1.02816,0,0,1.96368,0.935522,1.028160,1,0,55.5517,0,0,0,55.5517,0
70.5463,1.87269,0,0,1.82529,0.117246,0.36288,3.6288,61.308,0.224203,0,0,0.798932,0.214042,0.360687,0.66528,12.849,1,0.338551,0.36288,0,49.7784,4.47291,45.3298,0.84672,12.849,0.84672,3695.15,0,18.483,0.42336,0.901403,1.46094,5.02782,1.13746,5.82935,0.42336,18.483,0.42336,0,0,442.007,0,1.02816,0,0,1.92956,0.901403,1.028160,1,0,51.5199,0,0,0,51.5199,0
69.9779,1.87109,0,0,1.77708,0.111563,0.36288,3.6288,61.308,0.22451,0,0,0.751283,0.255181,0.271592,0.66528,12.849,1,0.340792,0.36288,0,47.4513,4.99086,42.4825,0.84672,12.849,0.84672,3695.15,0,18.483,0.42336,0.775094,1.4613,4.88815,1.26173,5.43946,0.42336,18.483,0.42336,0,0,442.007,0,1.02816,0,0,1.80325,0.775094,1.028160,1,0,48.1936,0,0,0,48.1936,0
69.2242,1.92127,0,0,1.64029,0.109787,0.36288,3.6288,61.308,0.255433,0,0,0.708264,0.249514,0.203317,0.66528,12.849,1,0.352774,0.36288,0,45.0205,4.69122,40.3394,0.84672,12.849,0.84672,3695.15,0,18.483,0.42336,0.735117,1.46166,4.88616,1.21728,5.4423,0.42336,18.483,0.42336,0,0,442.007,0,1.02816,0,0,1.76328,0.735117,1.028160,1,0,45.985,0,0,0,45.985,0
68.3638,1.91859,0,0,1.51635,0.0952758,0.36288,3.6288,61.308,0.255747,0,0,0.658256,0.261824,0.140685,0.66528,12.849,1,0.356117,0.36288,0,41.1401,4.37565,36.7713,0.84672,12.849,0.84672,3695.15,0,18.483,0.42336,0.42711,1.4972,4.53134,1.22869,4.8036,0.42336,18.483,0.42336,0,0,442.007,0,1.02816,0,0,1.45527,0.42711,1.028160,1,0,41.7155,0,0,0,41.7155,0
67.4545,1.91537,0,0,1.44794,0.0790485,0.36288,3.6288,61.308,0.256061,0,0,0.615358,0.315039,0.0442582,0.66528,12.849,1,0.359994,0.36288,0,39.0447,5.33516,33.7124,0.84672,12.849,0.84672,3695.15,0,18.483,0.42336,0.45087,1.49756,3.76053,1.51425,3.77136,0.42336,18.483,0.42336,0,0,442.007,0,1.02816,0,0,1.47903,0.45087,1.028160,1,0,37.528,0,0,0,37.528,0
66.6738,1.91185,0,0,1.5726,0.0784863,0.36288,3.6288,61.308,0.256375,0,0,0.637079,0.315039,0.0656653,0.66528,12.849,1,0.364176,0.36288,0,39.4567,5.33516,34.1203,0.84672,12.849,0.84672,3695.15,0,18.483,0.42336,0.602502,1.49793,3.90773,1.51425,4.07056,0.42336,18.483,0.42336,0,0,442.007,0,1.02816,0,0,1.63066,0.602502,1.028160,1,0,38.2565,0,0,0,38.2565,0
65.6575,2.06001,0,0,1.48458,0.0780038,0.36288,3.6288,61.2567,0.367309,0,0,0.631016,0.315039,0,0.66528,12.849,1,0.396994,0.36288,0,46.3629,5.33516,40.9937,0.84672,12.849,0.84672,3695.15,0,18.483,0.42336,0.330454,1.4983,4.11177,1.51425,4.00291,0.42336,18.483,0.42336,0,0,442.007,0,1.02816,0,0,1.35861,0.330454,1.028160,1,0,44.9966,0,0,0,44.9966,0
64.4529,2.05546,0,0,1.28664,0.0729692,0.36288,3.6288,61.0705,0.36765,0,0,0.522091,0.340573,0,0.66528,12.849,1,0.402248,0.36288,0,30.7191,5.29934,25.3804,0.84672,12.849,0.84672,3695.15,0,18.483,0.42336,0.243432,1.61792,3.00701,1.60403,2.84098,0.42336,18.483,0.42336,0,0,442.007,0,1.02816,0,0,1.27159,0.243432,1.028160,1,0,28.2214,0,0,0,28.2214,0
63.3354,2.04978,0,0,1.36678,0.0715396,0.36288,3.6288,61.0023,0.367991,0,0,0.644172,0.34444,0,0.66528,12.849,1,0.408634,0.36288,0,37.3181,5.29336,31.9789,0.84672,12.849,0.84672,3695.15,0,18.483,0.42336,0.5325,1.61832,3.28658,1.61899,3.39505,0.42336,18.483,0.42336,0,0,442.007,0,1.02816,0,0,1.56066,0.5325,1.028160,1,0,35.374,0,0,0,35.374,0
61.9817,2.04437,0,0,1.12444,0.0708947,0.36288,3.6288,60.5928,0.534298,0,0,0.469143,0.344291,0,0.66528,12.849,1,0.414746,0.36288,0,34.1893,5.29336,28.8441,0.84672,12.849,0.84672,3695.15,0,18.483,0.42336,0.204422,1.61871,2.69186,1.61899,2.47265,0.42336,18.483,0.42336,0,0,442.007,0,0.862194,0,0,1.06662,0.204422,1.028160,1,0,31.3168,0,0,0,31.3168,0
60.9126,2.03745,0,0,1.40126,0.0701134,0.36288,3.6288,60.6935,0.368674,0,0,0.812691,0.343398,0,0.66528,12.849,1,0.42237,0.36288,0,33.3264,5.29336,27.9735,0.84672,12.849,0.84672,3695.15,0,18.483,0.42336,1.07967,1.61911,4.1984,1.61899,4.85483,0.42336,18.483,0.42336,0,0,442.007,0,1.02816,0,0,2.10783,1.07967,1.028160,1,0,32.8284,0,0,0,32.8284,0
59.4866,1.95925,0,0,0.968008,0.0717934,0.36288,3.6288,60.6836,0.301791,0,0,0.58901,0.297082,0,0.66528,12.849,1,0.413287,0.36288,0,24.4718,4.34997,20.0715,0.84672,12.849,0.84672,3695.15,0,18.483,0.42336,0.904884,1.6195,3.67134,1.28426,4.48811,0.42336,18.483,0.42336,0,0,442.007,0,1.02816,0,0,1.93304,0.904884,1.028160,1,0,24.5596,0,0,0,24.5596,0
57.8692,1.95166,0,0,0.763664,0.0665672,0.36288,3.6288,60.6009,0.302116,0,0,0.517681,0.298218,0,0.66528,12.849,1,0.421556,0.36288,0,23.0178,4.61286,18.3463,0.84672,12.849,0.84672,3695.15,0,18.483,0.42336,0.885704,1.55147,3.1229,1.41097,3.72574,0.42336,18.483,0.42336,0,0,442.007,0,1.02816,0,0,1.91386,0.885704,1.028160,1,0,22.072,0,0,0,22.072,0
56.361,1.94258,0,0,0.897705,0.100389,0.36288,3.6288,60.5566,0.302441,0,0,0.525954,0.267874,0,0.66528,12.849,1,0.431322,0.36288,0,23.1857,4.1976,18.9197,0.84672,12.849,0.84672,3695.15,0,18.483,0.42336,0.934079,1.55185,3.26129,1.28118,4.04268,0.42336,18.483,0.42336,0,0,442.007,0,1.02816,0,0,1.96224,0.934079,1.028160,1,0,22.9623,0,0,0,22.9623,0
56.4089,1.93374,0,0,2.52923,0.184769,0.36288,3.6288,61.308,0.302766,0,0,1.27683,0.192353,0.0302841,0.66528,12.849,1,0.440847,0.36288,0,74.0825,3.15945,70.8451,0.84672,12.849,0.84672,3695.15,0,18.483,0.42336,2.19156,1.55223,8.68056,0.956689,11.0443,0.42336,18.483,0.42336,0,0,442.007,0,1.02816,0,0,3.21972,2.19156,1.028160,1,0,81.9196,0,0,0,81.9196,0
55.5238,1.87572,0,0,1.54518,0.191631,0.36288,3.6288,61.308,0.241841,0,0,0.807339,0.20225,0.363248,0.66528,12.849,1,0.427257,0.36288,0,50.5297,3.44723,47.0181,0.84672,12.849,0.84672,3695.15,0,18.483,0.42336,1.67687,1.55261,4.56427,0.977858,6.39253,0.42336,18.483,0.42336,0,0,442.007,0,1.02816,0,0,2.70503,1.67687,1.028160,1,0,53.7739,0,0,0,53.7739,0
54.045,1.87073,0,0,0.985064,0.230246,0.36288,3.6288,61.308,0.242151,0,0,0.846962,0.256129,0.348682,0.66528,12.849,1,0.432913,0.36288,0,36.1269,5.17388,30.883,0.84672,12.849,0.84672,3695.15,0,18.483,0.42336,0.899381,1.49212,4.73494,1.10487,5.59821,0.42336,18.483,0.42336,0,0,442.007,0,1.02816,0,0,1.92754,0.899381,1.028160,1,0,36.8298,0,0,0,36.8298,0
52.3653,1.8617,0,0,0.77165,0.226844,0.36288,3.6288,61.308,0.242462,0,0,0.713578,0.256129,0.214987,0.66528,12.849,1,0.442611,0.36288,0,29.5717,5.17388,24.3181,0.84672,12.849,0.84672,3695.15,0,18.483,0.42336,0.651465,1.49248,3.46174,1.10487,4.07745,0.42336,18.483,0.42336,0,0,442.007,0,1.02816,0,0,1.67962,0.651465,1.028160,1,0,28.6105,0,0,0,28.6105,0
52.2321,1.85083,0,0,2.28576,0.205209,0.36288,3.6288,61.308,0.242772,0,0,1.16986,0.248186,0.678906,0.66528,12.849,1,0.454143,0.36288,0,38.6696,4.98187,33.5965,0.84672,12.849,0.84672,3695.15,0,18.483,0.42336,1.58612,1.49285,8.05643,1.1478,9.56424,0.42336,18.483,0.42336,0,0,442.007,0,1.02816,0,0,2.61428,1.58612,1.028160,1,0,43.8396,0,0,0,43.8396,0
53.6214,1.68549,0,0,3.66099,0.223344,0.36288,3.6288,61.308,0.115391,0,0,1.70354,0.202294,1.38586,0.66528,12.849,1,0.414627,0.36288,0,84.6225,3.99646,80.5743,0.84672,12.849,0.84672,3695.15,0,18.483,0.42336,2.56532,1.49321,15.6571,0.964649,18.3276,0.42336,18.483,0.42336,0,0,442.007,0,1.02816,0,0,3.59348,2.56532,1.028160,1,0,100.288,0,0,0,100.288,0
53.7232,1.69465,0,0,2.40533,0.245933,0.36288,3.6288,61.308,0.11567,0,0,0.98769,0.184037,0.687983,0.66528,12.849,1,0.406081,0.36288,0,43.6893,3.89079,39.7553,0.84672,12.849,0.84672,3695.15,0,18.483,0.42336,1.6866,1.35641,8.00418,0.938353,9.68547,0.42336,18.483,0.42336,0,0,442.007,0,1.02816,0,0,2.71476,1.6866,1.028160,1,0,50.1287,0,0,0,50.1287,0
54.5426,1.69577,0,0,3.12652,0.248527,0.36288,3.6288,61.308,0.11595,0,0,1.23495,0.182104,0.936896,0.66528,12.849,1,0.405578,0.36288,0,79.0519,3.89655,75.1127,0.84672,12.849,0.84672,3695.15,0,18.483,0.42336,1.76482,1.35674,9.97747,0.939952,11.7357,0.42336,18.483,0.42336,0,0,442.007,0,1.02816,0,0,2.79298,1.76482,1.028160,1,0,87.7853,0,0,0,87.7853,0
55.5742,1.7012,0,0,3.34632,0.250599,0.36288,3.6288,61.308,0.11623,0,0,1.41245,0.182104,1.11412,0.66528,12.849,1,0.400765,0.36288,0,65.7809,3.89655,61.8465,0.84672,12.849,0.84672,3695.15,0,18.483,0.42336,2.15002,1.35707,10.5055,0.939952,12.6493,0.42336,18.483,0.42336,0,0,442.007,0,1.02816,0,0,3.17818,2.15002,1.028160,1,0,75.6099,0,0,0,75.6099,0
57.6365,1.70775,0,0,4.35979,0.226876,0.36288,3.6288,61.308,0.116509,0,0,2.24367,0.218047,1.90911,0.66528,12.849,1,0.394838,0.36288,0,151.778,4.52049,147.226,0.84672,12.849,0.84672,3695.15,0,18.483,0.42336,3.48811,1.3574,17.1564,1.19353,20.3851,0.42336,18.483,0.42336,0,0,442.007,0,1.02816,0,0,4.51627,3.48811,1.028160,1,0,169.52,0,0,0,169.52,0
59.4176,1.78452,0,0,4.14538,0.216931,0.36288,3.6288,61.308,0.153804,0,0,2.83645,0.202622,2.48003,0.66528,12.849,1,0.397825,0.36288,0,104.274,4.34179,99.8977,0.84672,12.849,0.84672,3695.15,0,18.483,0.42336,2.79577,1.35773,17.0852,1.11537,19.7,0.42336,18.483,0.42336,0,0,442.007,0,1.02816,0,0,3.82393,2.79577,1.028160,1,0,122.078,0,0,0,122.078,0
60.1639,1.79483,0,0,3.13229,0.228225,0.36288,3.6288,61.308,0.154083,0,0,1.80634,0.146111,1.50614,0.66528,12.849,1,0.38813,0.36288,0,92.372,3.47959,88.8671,0.84672,12.849,0.84672,3695.15,0,18.483,0.42336,0.627523,1.40149,9.3426,0.757559,10.1907,0.42336,18.483,0.42336,0,0,442.007,0,1.02816,0,0,1.65568,0.627523,1.028160,1,0,100.564,0,0,0,100.564,0
62.2526,1.7993,0,0,4.48071,0.229863,0.36288,3.6288,61.308,0.154361,0,0,2.86966,0.146111,2.56918,0.66528,12.849,1,0.38427,0.36288,0,89.2374,3.47959,85.7364,0.84672,12.849,0.84672,3695.15,0,18.483,0.42336,3.5209,1.40182,15.1933,0.757559,18.9351,0.42336,18.483,0.42336,0,0,442.007,0,1.02816,0,0,4.54906,3.5209,1.028160,1,0,107.241,0,0,0,107.241,0
65.1591,1.8105,0,0,5.31941,0.239538,0.36288,3.6288,61.308,0.15464,0,0,2.62061,0.144341,2.32163,0.66528,12.849,1,0.373688,0.36288,0,115.528,3.60439,111.913,0.84672,12.849,0.84672,3695.15,0,18.483,0.42336,3.67769,1.40215,11.8958,0.791599,15.7607,0.42336,18.483,0.42336,0,0,442.007,0,1.02816,0,0,4.70585,3.67769,1.028160,1,0,129.995,0,0,0,129.995,0
66.6839,2.03742,0,0,4.18476,0.259648,0.36288,3.6288,61.308,0.294023,0,0,2.34751,0.139914,1.91357,0.66528,12.849,1,0.401768,0.36288,0,105.953,3.91639,101.998,0.84672,12.849,0.84672,3695.15,0,18.483,0.42336,3.53068,1.40248,10.4306,0.8767,14.0637,0.42336,18.483,0.42336,0,0,442.007,0,1.02816,0,0,4.55884,3.53068,1.028160,1,0,117.975,0,0,0,117.975,0
72.29,2.04569,0,0,10.1384,0.279508,2.20714,3.6288,61.308,0.294335,0,0,3.76052,0.11404,3.35214,0.66528,12.849,1,0.394174,2.20714,0,329.88,3.15809,328.534,0.84672,12.849,0.84672,3695.15,0,18.483,0.42336,5.79556,1.55796,25.1341,0.854828,31.2094,0.42336,18.483,0.42336,0,0,442.007,0,1.02816,0,0,6.82372,5.79556,1.028160,1,0,363.096,0,0,0,363.096,0
72.29,2.07222,0,0,6.51743,0.291926,4.15328,3.6288,61.308,0.294647,0,0,2.4919,0.11404,2.08321,0.66528,12.849,1,0.368321,4.15328,0,181.322,3.15809,181.949,0.84672,12.849,0.84672,3695.15,0,18.483,0.42336,3.20743,1.55833,15.6856,0.854828,19.1731,0.42336,18.483,0.42336,0,0,442.007,0,1.02816,0,0,4.23559,3.20743,1.028160,1,0,203.206,0,0,0,203.206,0
72.29,2.07279,0,0,5.32368,0.293437,2.95745,3.6288,61.308,0.294958,0,0,2.44778,0.105285,2.04754,0.66528,12.849,1,0.368423,2.95745,0,142.379,3.00685,141.962,0.84672,12.849,0.84672,3695.15,0,18.483,0.42336,3.73785,1.5587,14.0395,0.811464,18.1012,0.42336,18.483,0.42336,0,0,442.007,0,1.02816,0,0,4.76601,3.73785,1.028160,1,0,162.11,0,0,0,162.11,0
72.29,1.76499,0,0,5.11396,0.277632,3.07134,3.6288,61.308,0.108414,0,0,2.35905,0.0964912,2.15414,0.66528,12.849,1,0.313713,3.07134,0,139.912,2.73324,139.936,0.84672,12.849,0.84672,3695.15,0,18.483,0.42336,3.49572,1.55906,13.9094,0.696612,17.8442,0.42336,18.483,0.42336,0,0,442.007,0,1.02816,0,0,4.52388,3.49572,1.028160,1,0,159.935,0,0,0,159.935,0
72.29,1.76549,0,0,9.62963,0.332927,7.53121,3.6288,61.308,0.108681,0,0,4.49183,0.0957222,4.28743,0.66528,12.849,1,0.313802,7.53121,0,248.057,3.14832,252.126,0.84672,12.849,0.84672,3695.15,0,18.483,0.42336,7.95775,1.347,29.0539,0.925307,37.01,0.42336,18.483,0.42336,0,0,442.007,0,1.02816,0,0,8.98591,7.95775,1.028160,1,0,293.423,0,0,0,293.423,0
72.29,1.76599,0,0,7.60213,0.332927,5.50321,3.6288,61.308,0.108949,0,0,2.85733,0.0957222,2.65266,0.66528,12.849,1,0.313891,5.50321,0,267.659,3.14832,269.7,0.84672,12.849,0.84672,3695.15,0,18.483,0.42336,6.11796,1.34732,21.2068,0.925307,27.3234,0.42336,18.483,0.42336,0,0,442.007,0,1.02816,0,0,7.14612,6.11796,1.028160,1,0,299.676,0,0,0,299.676,0
72.29,1.76649,0,0,6.22471,0.332927,4.12529,3.6288,61.308,0.109217,0,0,2.04707,0.0957222,1.84213,0.66528,12.849,1,0.31398,4.12529,0,220.495,3.14832,221.158,0.84672,12.849,0.84672,3695.15,0,18.483,0.42336,3.42765,1.34764,15.2988,0.925307,18.7254,0.42336,18.483,0.42336,0,0,442.007,0,1.02816,0,0,4.45581,3.42765,1.028160,1,0,241.726,0,0,0,241.726,0
72.29,1.76699,0,0,5.00241,0.234287,3.00114,3.6288,61.308,0.109485,0,0,1.49889,0.145414,1.24399,0.66528,12.849,1,0.314069,3.00114,0,153.084,3.93933,151.832,0.84672,12.849,0.84672,3695.15,0,18.483,0.42336,2.03747,1.34796,10.5472,1.1795,12.3298,0.42336,18.483,0.42336,0,0,442.007,0,1.02816,0,0,3.06563,2.03747,1.028160,1,0,165.406,0,0,0,165.406,0
72.29,1.84521,0,0,6.46285,0.269545,4.3481,3.6288,61.308,0.155519,0,0,1.68178,0.153055,1.37321,0.66528,12.849,1,0.327971,4.3481,0,225.94,3.92331,226.037,0.84672,12.849,0.84672,3695.15,0,18.483,0.42336,2.86416,1.34827,14.8478,1.1853,17.4516,0.42336,18.483,0.42336,0,0,442.007,0,1.02816,0,0,3.89232,2.86416,1.028160,1,0,244.862,0,0,0,244.862,0
72.29,1.84573,0,0,7.73764,0.309307,5.58261,3.6288,61.308,0.155798,0,0,3.80304,0.161778,3.48547,0.66528,12.849,1,0.328064,5.58261,0,241.76,3.77737,243.237,0.84672,12.849,0.84672,3695.15,0,18.483,0.42336,6.19579,1.4011,20.5571,1.16364,26.567,0.42336,18.483,0.42336,0,0,442.007,0,1.02816,0,0,7.22395,6.19579,1.028160,1,0,273.29,0,0,0,273.29,0
72.29,1.84625,0,0,6.46101,0.309307,4.30546,3.6288,61.308,0.156077,0,0,2.83439,0.161778,2.51653,0.66528,12.849,1,0.328156,4.30546,0,246.153,3.77737,246.353,0.84672,12.849,0.84672,3695.15,0,18.483,0.42336,5.15932,1.40143,17.5537,1.16364,22.5275,0.42336,18.483,0.42336,0,0,442.007,0,1.02816,0,0,6.18748,5.15932,1.028160,1,0,271.397,0,0,0,271.397,0
72.29,1.84676,0,0,6.68194,0.273595,4.56158,3.6288,61.308,0.156356,0,0,1.70408,0.180808,1.36692,0.66528,12.849,1,0.328248,4.56158,0,196.302,4.01005,196.525,0.84672,12.849,0.84672,3695.15,0,18.483,0.42336,3.30754,1.40176,16.046,1.20944,19.1225,0.42336,18.483,0.42336,0,0,442.007,0,1.02816,0,0,4.3357,3.30754,1.028160,1,0,217.014,0,0,0,217.014,0
72.29,1.81687,0,0,5.83099,0.253936,3.76018,3.6288,61.308,0.138843,0,0,1.64088,0.176248,1.32579,0.66528,12.849,1,0.322935,3.76018,0,182.965,3.78608,182.616,0.84672,12.849,0.84672,3695.15,0,18.483,0.42336,3.52507,1.40209,15.3756,1.23228,18.6471,0.42336,18.483,0.42336,0,0,442.007,0,1.02816,0,0,4.55323,3.52507,1.028160,1,0,202.589,0,0,0,202.589,0
72.29,1.81738,0,0,4.34007,0.229184,2.2935,3.6288,61.308,0.139118,0,0,1.52849,0.200003,1.18936,0.66528,12.849,1,0.323026,2.2935,0,109.383,4.27308,107.081,0.84672,12.849,0.84672,3695.15,0,18.483,0.42336,3.12832,1.38196,11.2615,1.17258,14.1758,0.42336,18.483,0.42336,0,0,442.007,0,1.02816,0,0,4.15648,3.12832,1.028160,1,0,122.446,0,0,0,122.446,0
72.29,1.8179,0,0,3.92227,0.229184,1.8752,3.6288,61.308,0.139393,0,0,1.39383,0.200003,1.05443,0.66528,12.849,1,0.323117,1.8752,0,109.064,4.27308,106.343,0.84672,12.849,0.84672,3695.15,0,18.483,0.42336,2.42523,1.38229,9.05982,1.17258,11.2714,0.42336,18.483,0.42336,0,0,442.007,0,1.02816,0,0,3.45339,2.42523,1.028160,1,0,118.669,0,0,0,118.669,0
72.29,1.81841,0,0,3.68303,0.229184,1.63544,3.6288,61.308,0.139668,0,0,1.28267,0.200003,0.942997,0.66528,12.849,1,0.323208,1.63544,0,97.6363,4.27308,94.6755,0.84672,12.849,0.84672,3695.15,0,18.483,0.42336,1.85832,1.38261,8.36343,1.17258,10.0084,0.42336,18.483,0.42336,0,0,442.007,0,1.02816,0,0,2.88648,1.85832,1.028160,1,0,105.627,0,0,0,105.627,0
72.29,1.92226,0,0,3.3665,0.209204,1.23504,3.6288,61.308,0.203097,0,0,1.19082,0.212816,0.774903,0.66528,12.849,1,0.341667,1.23504,0,89.1389,4.55307,85.4792,0.84672,12.849,0.84672,3695.15,0,18.483,0.42336,1.76459,1.38294,7.14329,1.21184,8.65562,0.42336,18.483,0.42336,0,0,442.007,0,1.02816,0,0,2.79275,1.76459,1.028160,1,0,94.9097,0,0,0,94.9097,0
72.29,1.9228,0,0,3.23244,0.231123,1.07852,3.6288,61.308,0.203387,0,0,1.26725,0.180335,0.883524,0.66528,12.849,1,0.341762,1.07852,0,71.4502,4.31935,67.8676,0.84672,12.849,0.84672,3695.15,0,18.483,0.42336,1.5997,1.45487,7.60432,1.09678,9.13874,0.42336,18.483,0.42336,0,0,442.007,0,1.02816,0,0,2.62786,1.5997,1.028160,1,0,77.8899,0,0,0,77.8899,0
72.29,1.92333,0,0,3.21433,0.124693,1.1663,3.6288,61.308,0.203677,0,0,1.22199,0.212108,0.806205,0.66528,12.849,1,0.341858,1.1663,0,71.4649,4.85845,67.4309,0.84672,12.849,0.84672,3695.15,0,18.483,0.42336,1.58233,1.45521,7.88426,1.20176,9.29667,0.42336,18.483,0.42336,0,0,442.007,0,1.02816,0,0,2.61049,1.58233,1.028160,1,0,77.5338,0,0,0,77.5338,0
72.29,1.92387,0,0,2.85472,0.124693,0.806153,3.6288,61.308,0.203967,0,0,0.996088,0.212108,0.580013,0.66528,12.849,1,0.341953,0.806153,0,63.9127,4.85845,59.5184,0.84672,12.849,0.84672,3695.15,0,18.483,0.42336,1.19165,1.45555,6.76192,1.20176,7.78401,0.42336,18.483,0.42336,0,0,442.007,0,1.02816,0,0,2.21981,1.19165,1.028160,1,0,67.8824,0,0,0,67.8824,0
72.29,1.92441,0,0,2.74933,0.124693,0.700224,3.6288,61.308,0.204258,0,0,0.801852,0.212108,0.385487,0.66528,12.849,1,0.342049,0.700224,0,58.8963,4.85845,54.396,0.84672,12.849,0.84672,3695.15,0,18.483,0.42336,1.02581,1.45589,6.50074,1.20176,7.35732,0.42336,18.483,0.42336,0,0,442.007,0,1.02816,0,0,2.05397,1.02581,1.028160,1,0,62.1388,0,0,0,62.1388,0
72.2483,1.90449,0,0,2.35399,0.12834,0.36288,3.6288,61.308,0.239299,0,0,0.697101,0.268966,0.188836,0.66528,12.849,1,0.338508,0.36288,0,50.5375,5.33973,45.2222,0.84672,12.849,0.84672,3695.15,0,18.483,0.42336,0.623592,1.45624,5.16896,1.26679,5.55864,0.42336,18.483,0.42336,0,0,442.007,0,1.02816,0,0,1.65175,0.623592,1.028160,1,0,50.9696,0,0,0,50.9696,0
71.9743,1.90485,0,0,2.11723,0.123432,0.36288,3.6288,61.308,0.239598,0,0,0.677497,0.265095,0.172805,0.66528,12.849,1,0.338769,0.36288,0,45.5127,4.90193,40.6349,0.84672,12.849,0.84672,3695.15,0,18.483,0.42336,0.4752,1.47891,4.66606,1.15375,5.04306,0.42336,18.483,0.42336,0,0,442.007,0,1.02816,0,0,1.50336,0.4752,1.028160,1,0,45.8507,0,0,0,45.8507,0
71.6339,1.90429,0,0,2.04987,0.123176,0.36288,3.6288,61.308,0.239896,0,0,0.642522,0.265095,0.137531,0.66528,12.849,1,0.339958,0.36288,0,42.7276,4.90193,37.8486,0.84672,12.849,0.84672,3695.15,0,18.483,0.42336,0.472971,1.47926,4.73658,1.15375,5.1117,0.42336,18.483,0.42336,0,0,442.007,0,1.02816,0,0,1.50113,0.472971,1.028160,1,0,43.0979,0,0,0,43.0979,0
71.1041,1.90346,0,0,1.82624,0.0896372,0.36288,3.6288,61.308,0.240195,0,0,0.62316,0.318161,0.0648041,0.66528,12.849,1,0.341424,0.36288,0,40.5403,5.72982,34.8319,0.84672,12.849,0.84672,3695.15,0,18.483,0.42336,0.324605,1.47961,4.60636,1.43615,4.55106,0.42336,18.483,0.42336,0,0,442.007,0,1.02816,0,0,1.35276,0.324605,1.028160,1,0,39.4478,0,0,0,39.4478,0
70.3957,1.95459,0,0,1.69704,0.0880216,0.36288,3.6288,61.308,0.271494,0,0,0.58753,0.314805,0.00123134,0.66528,12.849,1,0.353207,0.36288,0,36.8647,6.06838,30.806,0.84672,12.849,0.84672,3695.15,0,18.483,0.42336,0.333858,1.47996,4.50632,1.57353,4.32325,0.42336,18.483,0.42336,0,0,442.007,0,1.02816,0,0,1.36202,0.333858,1.028160,1,0,35.1305,0,0,0,35.1305,0
69.6036,1.95212,0,0,1.59928,0.0764115,0.36288,3.6288,61.0569,0.442725,0,0,0.534486,0.342901,0,0.66528,12.849,1,0.356312,0.36288,0,33.4927,5.65898,27.8403,0.84672,12.849,0.84672,3695.15,0,18.483,0.42336,0.261274,1.51593,3.69519,1.49248,3.55655,0.42336,18.483,0.42336,0,0,442.007,0,0.857235,0,0,1.11851,0.261274,1.028160,1,0,31.3968,0,0,0,31.3968,0
68.9009,1.94924,0,0,1.6854,0.0759455,0.36288,3.6288,60.9529,0.272106,0,0,0.510454,0.342357,0,0.66528,12.849,1,0.359836,0.36288,0,32.5841,5.65898,26.9282,0.84672,12.849,0.84672,3695.15,0,18.483,0.42336,0.259001,1.51629,3.63603,1.49248,3.49548,0.42336,18.483,0.42336,0,0,442.007,0,1.02816,0,0,1.28716,0.259001,1.028160,1,0,30.4237,0,0,0,30.4237,0
68.1969,1.94669,0,0,1.68113,0.0755322,0.36288,3.6288,60.7476,0.434058,0,0,0.57092,0.342131,0,0.66528,12.849,1,0.36303,0.36288,0,40.3472,5.65898,34.6881,0.84672,12.849,0.84672,3695.15,0,18.483,0.42336,0.227405,1.51665,4.12888,1.49248,3.95709,0.42336,18.483,0.42336,0,0,442.007,0,0.866514,0,0,1.09392,0.227405,1.028160,1,0,38.6452,0,0,0,38.6452,0
67.1361,2.09771,0,0,1.47491,0.0751181,0.36288,3.6288,60.3868,0.50669,0,0,0.487559,0.341686,0,0.66528,12.849,1,0.39523,0.36288,0,32.2874,5.65898,26.5961,0.84672,12.849,0.84672,3695.15,0,18.483,0.42336,0.227405,1.517,3.61464,1.49248,3.4432,0.42336,18.483,0.42336,0,0,442.007,0,0.906189,0,0,1.13359,0.227405,1.028160,1,0,30.0393,0,0,0,30.0393,0
65.8435,2.09305,0,0,1.22909,0.0657934,0.36288,3.6288,59.8441,0.628311,0,0,0.423391,0.337789,0,0.66528,12.849,1,0.400583,0.36288,0,23.6585,5.44125,18.1795,0.84672,12.849,0.84672,3695.15,0,18.483,0.42336,0.227405,1.63811,3.25427,1.52373,3.17269,0.42336,18.483,0.42336,0,0,442.007,0,0.784901,0,0,1.01231,0.227405,1.028160,1,0,21.3522,0,0,0,21.3522,0
64.6239,2.08704,0,0,1.292,0.0616771,0.36288,3.6288,59.5482,0.44278,0,0,0.482292,0.335382,0,0.66528,12.849,1,0.407275,0.36288,0,25.8003,5.35416,20.4018,0.84672,12.849,0.84672,3695.15,0,18.483,0.42336,0.204422,1.63849,3.32618,1.53623,3.20951,0.42336,18.483,0.42336,0,0,442.007,0,0.970764,0,0,1.17519,0.204422,1.028160,1,0,23.6113,0,0,0,23.6113,0
63.1431,2.0812,0,0,1.02441,0.061077,0.36288,3.6288,58.8398,0.735672,0,0,0.362,0.334748,0,0.66528,12.849,1,0.4138,0.36288,0,28.3298,5.35416,22.9247,0.84672,12.849,0.84672,3695.15,0,18.483,0.42336,0.204422,1.63888,2.67068,1.53623,2.55439,0.42336,18.483,0.42336,0,0,442.007,0,0.678205,0,0,0.882628,0.204422,1.028160,1,0,25.4791,0,0,0,25.4791,0
61.8913,2.07371,0,0,1.24514,0.0603484,0.36288,3.6288,58.7025,0.38605,0,0,0.581996,0.333232,0,0.66528,12.849,1,0.42198,0.36288,0,24.6949,5.35416,19.2817,0.84672,12.849,0.84672,3695.15,0,18.483,0.42336,0.435188,1.63926,3.84811,1.53623,3.96297,0.42336,18.483,0.42336,0,0,442.007,0,1.02816,0,0,1.46335,0.435188,1.028160,1,0,23.2446,0,0,0,23.2446,0
60.4977,1.99344,0,0,1.05519,0.0924753,0.36288,3.6288,58.4819,0.358361,0,0,0.423809,0.286013,0,0.66528,12.849,1,0.41385,0.36288,0,26.9004,4.57963,22.2698,0.84672,12.849,0.84672,3695.15,0,18.483,0.42336,0.204422,1.63965,3.80322,1.28589,3.93803,0.42336,18.483,0.42336,0,0,442.007,0,0.988122,0,0,1.19254,0.204422,1.028160,1,0,26.2078,0,0,0,26.2078,0
59.377,1.98613,0,0,1.36016,0.131875,0.36288,3.6288,58.4126,0.318641,0,0,0.488284,0.238928,0,0.66528,12.849,1,0.42183,0.36288,0,47.098,3.97824,43.0608,0.84672,12.849,0.84672,3695.15,0,18.483,0.42336,0.324536,1.57076,4.0461,1.12001,4.39803,0.42336,18.483,0.42336,0,0,442.007,0,1.02816,0,0,1.3527,0.324536,1.028160,1,0,47.4589,0,0,0,47.4589,0
57.8876,1.98013,0,0,0.984156,0.130497,0.36288,3.6288,58.2683,0.318958,0,0,0.413469,0.238821,0,0.66528,12.849,1,0.428494,0.36288,0,22.3485,3.97824,18.3046,0.84672,12.849,0.84672,3695.15,0,18.483,0.42336,0.30456,1.57113,3.17546,1.12001,3.50778,0.42336,18.483,0.42336,0,0,442.007,0,1.02816,0,0,1.33272,0.30456,1.028160,1,0,21.8124,0,0,0,21.8124,0
56.3999,1.97166,0,0,0.975439,0.128627,0.36288,3.6288,58.159,0.319275,0,0,0.448532,0.2386,0,0.66528,12.849,1,0.437638,0.36288,0,17.286,3.97824,13.2331,0.84672,12.849,0.84672,3695.15,0,18.483,0.42336,0.275426,1.5715,3.0699,1.12001,3.37345,0.42336,18.483,0.42336,0,0,442.007,0,1.02816,0,0,1.30359,0.275426,1.028160,1,0,16.6065,0,0,0,16.6065,0
54.9108,1.90319,0,0,1.00483,0.227931,0.36288,3.6288,58.1768,0.257583,0,0,0.447638,0.172226,0,0.66528,12.849,1,0.433583,0.36288,0,16.044,2.44934,13.5239,0.84672,12.849,0.84672,3695.15,0,18.483,0.42336,0.341572,1.57187,3.17369,0.774431,3.88934,0.42336,18.483,0.42336,0,0,442.007,0,1.02816,0,0,1.36973,0.341572,1.028160,1,0,17.4133,0,0,0,17.4133,0
54.2622,1.89418,0,0,1.76253,0.153998,0.36288,3.6288,58.2281,0.257885,0,0,0.507494,0.198329,0,0.66528,12.849,1,0.443235,0.36288,0,25.2532,4.22781,20.945,0.84672,12.849,0.84672,3695.15,0,18.483,0.42336,0.230014,1.51061,3.57356,0.827432,4.06339,0.42336,18.483,0.42336,0,0,442.007,0,1.02816,0,0,1.25817,0.230014,1.028160,1,0,25.0084,0,0,0,25.0084,0
53.9309,1.89043,0,0,2.15731,0.235338,0.36288,3.6288,57.8062,0.600669,0,0,0.367197,0.188379,0,0.66528,12.849,1,0.447643,0.36288,0,32.4199,4.32516,28.0099,0.84672,12.849,0.84672,3695.15,0,18.483,0.42336,0.292723,1.51097,3.24085,0.951445,3.66973,0.42336,18.483,0.42336,0,0,442.007,0,0.685679,0,0,0.978402,0.292723,1.028160,1,0,31.6797,0,0,0,31.6797,0
53.6661,1.88873,0,0,2.22134,0.234549,0.36288,3.6288,57.8954,0.258491,0,0,0.535571,0.187866,0,0.66528,12.849,1,0.449989,0.36288,0,32.8921,4.32516,28.4799,0.84672,12.849,0.84672,3695.15,0,18.483,0.42336,0.905524,1.51132,4.45942,0.951445,5.50147,0.42336,18.483,0.42336,0,0,442.007,0,1.02816,0,0,1.93368,0.905524,1.028160,1,0,33.9813,0,0,0,33.9813,0
57.5755,1.71959,0,0,6.22582,0.233919,0.36288,3.6288,59.1815,0.129524,0,0,1.60354,0.187975,0,0.66528,12.849,1,0.411713,0.36288,0,101.882,4.32516,97.5085,0.84672,12.849,0.84672,3695.15,0,18.483,0.42336,2.89646,1.51168,9.25779,0.951445,12.2911,0.42336,18.483,0.42336,0,0,442.007,0,1.02816,0,0,3.92462,2.89646,1.028160,1,0,109.8,0,0,0,109.8,0
59.4499,1.74294,0,0,4.24554,0.265286,0.36288,3.6288,59.5698,0.129796,0,0,0.718679,0.200535,0,0.66528,12.849,1,0.388968,0.36288,0,85.4919,4.48964,80.9762,0.84672,12.849,0.84672,3695.15,0,18.483,0.42336,0.730408,1.37317,6.02116,1.10267,6.59871,0.42336,18.483,0.42336,0,0,442.007,0,1.02816,0,0,1.75857,0.730408,1.028160,1,0,87.5749,0,0,0,87.5749,0
62.4658,1.75352,0,0,5.41141,0.279139,0.36288,3.6288,59.6843,0.130069,0,0,0.450001,0.205444,0,0.66528,12.849,1,0.37899,0.36288,0,78.8391,4.55543,74.2676,0.84672,12.849,0.84672,3695.15,0,18.483,0.42336,0.751939,1.37349,5.94259,1.16315,6.48151,0.42336,18.483,0.42336,0,0,442.007,0,1.02816,0,0,1.7801,0.751939,1.028160,1,0,80.7491,0,0,0,80.7491,0
66.5769,1.76919,0,0,6.52212,0.278929,0.36288,3.6288,60.3578,0.130342,0,0,1.00328,0.199457,0,0.66528,12.849,1,0.363917,0.36288,0,151.331,4.34104,146.989,0.84672,12.849,0.84672,3695.15,0,18.483,0.42336,1.72469,1.37382,9.20768,1.13637,10.7465,0.42336,18.483,0.42336,0,0,442.007,0,1.02816,0,0,2.75285,1.72469,1.028160,1,0,157.736,0,0,0,157.736,0
69.932,1.78853,0,0,5.77524,0.268738,0.36288,3.6288,61.0836,0.130615,0,0,1.04136,0.184907,0,0.66528,12.849,1,0.345178,0.36288,0,88.7259,3.8051,84.9385,0.84672,12.849,0.84672,3695.15,0,18.483,0.42336,1.72295,1.37414,7.99624,1.06942,9.60056,0.42336,18.483,0.42336,0,0,442.007,0,1.02816,0,0,2.75111,1.72295,1.028160,1,0,94.5391,0,0,0,94.5391,0
70.8231,1.87071,0,0,3.41067,0.286045,0.36288,3.6288,61.2387,0.168359,0,0,0.514498,0.191116,0,0.66528,12.849,1,0.343716,0.36288,0,63.2697,3.78892,59.4999,0.84672,12.849,0.84672,3695.15,0,18.483,0.42336,0.779812,1.37446,4.71244,1.0528,5.39055,0.42336,18.483,0.42336,0,0,442.007,0,1.02816,0,0,1.80797,0.779812,1.028160,1,0,64.8905,0,0,0,64.8905,0
70.3178,1.87488,0,0,2.05277,0.320228,0.36288,3.6288,61.308,0.16863,0,0,0.83395,0.178239,0.417753,0.66528,12.849,1,0.340148,0.36288,0,73.4409,3.45975,70.0038,0.84672,12.849,0.84672,3695.15,0,18.483,0.42336,1.05933,1.41875,8.3866,0.932969,9.50835,0.42336,18.483,0.42336,0,0,442.007,0,1.02816,0,0,2.08749,1.05933,1.028160,1,0,79.93,0,0,0,79.93,0
70.6826,1.87332,0,0,2.91992,0.318987,0.36288,3.6288,61.308,0.168901,0,0,1.33599,0.178317,0.988776,0.66528,12.849,1,0.342306,0.36288,0,86.0907,3.45975,82.6515,0.84672,12.849,0.84672,3695.15,0,18.483,0.42336,1.50438,1.41907,8.34538,0.932969,9.9125,0.42336,18.483,0.42336,0,0,442.007,0,1.02816,0,0,2.53254,1.50438,1.028160,1,0,93.5528,0,0,0,93.5528,0
72.29,1.87532,0,0,6.51094,0.319883,2.70832,3.6288,61.308,0.169173,0,0,1.77085,0.178317,1.42336,0.66528,12.849,1,0.340904,2.70832,0,95.8815,3.45975,94.7892,0.84672,12.849,0.84672,3695.15,0,18.483,0.42336,2.39743,1.4194,10.9254,0.932969,13.3859,0.42336,18.483,0.42336,0,0,442.007,0,1.02816,0,0,3.42559,2.39743,1.028160,1,0,109.598,0,0,0,109.598,0
72.29,2.10092,0,0,8.88265,0.288342,6.4934,3.6288,61.308,0.310257,0,0,2.22288,0.164376,1.74825,0.66528,12.849,1,0.373422,6.4934,0,133.989,3.30123,136.808,0.84672,12.849,0.84672,3695.15,0,18.483,0.42336,2.9126,1.41972,19.4567,0.919136,22.4465,0.42336,18.483,0.42336,0,0,442.007,0,1.02816,0,0,3.94076,2.9126,1.028160,1,0,161.003,0,0,0,161.003,0
72.29,2.10147,0,0,6.69008,0.331508,4.2571,3.6288,61.308,0.310561,0,0,1.67667,0.199443,1.16667,0.66528,12.849,1,0.373521,4.2571,0,107.762,4.09143,107.555,0.84672,12.849,0.84672,3695.15,0,18.483,0.42336,1.93566,1.57709,10.6474,1.09656,12.6402,0.42336,18.483,0.42336,0,0,442.007,0,1.02816,0,0,2.96382,1.93566,1.028160,1,0,121.361,0,0,0,121.361,0
72.29,2.10203,0,0,5.508,0.343138,3.06283,3.6288,61.308,0.310864,0,0,1.74123,0.20703,1.22333,0.66528,12.849,1,0.37362,3.06283,0,99.5872,4.24295,98.0335,0.84672,12.849,0.84672,3695.15,0,18.483,0.42336,2.12662,1.57745,10.3207,1.12786,12.4736,0.42336,18.483,0.42336,0,0,442.007,0,1.02816,0,0,3.15478,2.12662,1.028160,1,0,111.73,0,0,0,111.73,0
72.29,2.10259,0,0,5.66316,0.343138,3.21743,3.6288,61.308,0.311168,0,0,1.62866,0.20703,1.11046,0.66528,12.849,1,0.37372,3.21743,0,102.672,4.24295,101.272,0.84672,12.849,0.84672,3695.15,0,18.483,0.42336,1.63676,1.57781,10.0392,1.12786,11.7026,0.42336,18.483,0.42336,0,0,442.007,0,1.02816,0,0,2.66492,1.63676,1.028160,1,0,114.086,0,0,0,114.086,0
72.29,1.791,0,0,5.96151,0.317867,3.85265,3.6288,61.308,0.122328,0,0,1.75151,0.203725,1.42546,0.66528,12.849,1,0.318336,3.85265,0,108.946,3.84312,108.637,0.84672,12.849,0.84672,3695.15,0,18.483,0.42336,2.36833,1.57816,10.8706,0.984138,13.4096,0.42336,18.483,0.42336,0,0,442.007,0,1.02816,0,0,3.39649,2.36833,1.028160,1,0,123.472,0,0,0,123.472,0
72.29,1.79148,0,0,6.23217,0.339385,4.1013,3.6288,61.308,0.122589,0,0,2.92189,0.184895,2.61441,0.66528,12.849,1,0.318423,4.1013,0,111.209,4.1349,110.857,0.84672,12.849,0.84672,3695.15,0,18.483,0.42336,2.08581,1.36349,16.8446,0.986809,18.8838,0.42336,18.483,0.42336,0,0,442.007,0,1.02816,0,0,3.11397,2.08581,1.028160,1,0,132.355,0,0,0,132.355,0
72.29,1.79197,0,0,5.11847,0.3445,2.982,3.6288,61.308,0.12285,0,0,2.44109,0.179774,2.13846,0.66528,12.849,1,0.318509,2.982,0,95.2525,4.17932,93.7367,0.84672,12.849,0.84672,3695.15,0,18.483,0.42336,1.37006,1.3638,15.3586,0.989239,16.6798,0.42336,18.483,0.42336,0,0,442.007,0,1.02816,0,0,2.39822,1.37006,1.028160,1,0,112.555,0,0,0,112.555,0
72.29,1.79246,0,0,5.52164,0.3445,3.38468,3.6288,61.308,0.123111,0,0,2.90275,0.179774,2.59986,0.66528,12.849,1,0.318596,3.38468,0,107.889,4.17932,106.776,0.84672,12.849,0.84672,3695.15,0,18.483,0.42336,1.46741,1.36411,12.4891,0.989239,13.908,0.42336,18.483,0.42336,0,0,442.007,0,1.02816,0,0,2.49557,1.46741,1.028160,1,0,123.284,0,0,0,123.284,0
72.29,1.79295,0,0,8.60242,0.341769,6.4677,3.6288,61.308,0.123372,0,0,4.50684,0.156865,4.2266,0.66528,12.849,1,0.318683,6.4677,0,199.468,3.82069,201.797,0.84672,12.849,0.84672,3695.15,0,18.483,0.42336,3.76193,1.36442,26.3304,0.927818,30.1056,0.42336,18.483,0.42336,0,0,442.007,0,1.02816,0,0,4.79009,3.76193,1.028160,1,0,236.129,0,0,0,236.129,0
72.29,1.8721,0,0,7.74875,0.333028,5.54362,3.6288,61.308,0.169957,0,0,3.31825,0.159457,2.98884,0.66528,12.849,1,0.332751,5.54362,0,161.671,4.0173,162.864,0.84672,12.849,0.84672,3695.15,0,18.483,0.42336,2.65125,1.36473,16.0935,0.940348,18.7457,0.42336,18.483,0.42336,0,0,442.007,0,1.02816,0,0,3.67941,2.65125,1.028160,1,0,184.599,0,0,0,184.599,0
72.29,1.8726,0,0,7.41243,0.324105,5.21572,3.6288,61.308,0.170229,0,0,3.41834,0.185821,3.06229,0.66528,12.849,1,0.332841,5.21572,0,131.602,4.63806,131.847,0.84672,12.849,0.84672,3695.15,0,18.483,0.42336,3.36418,1.41819,14.8251,1.01847,18.1657,0.42336,18.483,0.42336,0,0,442.007,0,1.02816,0,0,4.39234,3.36418,1.028160,1,0,153.075,0,0,0,153.075,0
72.29,1.87311,0,0,5.3951,0.324105,3.19789,3.6288,61.308,0.170501,0,0,2.71207,0.185821,2.35575,0.66528,12.849,1,0.332931,3.19789,0,93.0744,4.63806,91.3013,0.84672,12.849,0.84672,3695.15,0,18.483,0.42336,1.90209,1.41851,11.4448,1.01847,13.3236,0.42336,18.483,0.42336,0,0,442.007,0,1.02816,0,0,2.93025,1.90209,1.028160,1,0,106.981,0,0,0,106.981,0
72.29,1.87362,0,0,4.57436,0.307558,2.39319,3.6288,61.308,0.170773,0,0,2.17191,0.190617,1.81053,0.66528,12.849,1,0.333021,2.39319,0,77.9328,4.64308,75.3499,0.84672,12.849,0.84672,3695.15,0,18.483,0.42336,1.48909,1.41884,8.97497,1.02501,10.4345,0.42336,18.483,0.42336,0,0,442.007,0,1.02816,0,0,2.51725,1.48909,1.028160,1,0,87.5949,0,0,0,87.5949,0
72.29,1.84334,0,0,4.20702,0.298394,2.06529,3.6288,61.308,0.153036,0,0,1.83458,0.207036,1.47451,0.66528,12.849,1,0.327639,2.06529,0,73.4003,4.92325,70.2146,0.84672,12.849,0.84672,3695.15,0,18.483,0.42336,1.33053,1.41916,8.26727,1.05018,9.54342,0.42336,18.483,0.42336,0,0,442.007,0,1.02816,0,0,2.35869,1.33053,1.028160,1,0,81.2326,0,0,0,81.2326,0
72.29,1.84384,0,0,3.9892,0.24392,1.90144,3.6288,61.308,0.153304,0,0,1.27186,0.233114,0.885442,0.66528,12.849,1,0.327728,1.90144,0,79.4431,4.81162,76.2052,0.84672,12.849,0.84672,3695.15,0,18.483,0.42336,1.24879,1.39877,7.86525,1.17633,8.91312,0.42336,18.483,0.42336,0,0,442.007,0,1.02816,0,0,2.27695,1.24879,1.028160,1,0,86.0037,0,0,0,86.0037,0
72.29,1.84434,0,0,3.57445,0.24392,1.48619,3.6288,61.308,0.153572,0,0,1.12384,0.233114,0.737153,0.66528,12.849,1,0.327817,1.48619,0,68.1817,4.81162,64.5284,0.84672,12.849,0.84672,3695.15,0,18.483,0.42336,0.968682,1.39909,6.85195,1.17633,7.62003,0.42336,18.483,0.42336,0,0,442.007,0,1.02816,0,0,1.99684,0.968682,1.028160,1,0,72.8856,0,0,0,72.8856,0
72.29,1.84484,0,0,3.30508,0.222316,1.23792,3.6288,61.308,0.15384,0,0,1.04568,0.20467,0.687172,0.66528,12.849,1,0.327906,1.23792,0,64.7611,4.22182,61.4493,0.84672,12.849,0.84672,3695.15,0,18.483,0.42336,0.867508,1.39941,6.17693,1.02674,6.99374,0.42336,18.483,0.42336,0,0,442.007,0,1.02816,0,0,1.89567,0.867508,1.028160,1,0,69.1302,0,0,0,69.1302,0
72.29,1.94993,0,0,3.17339,0.213674,1.00978,3.6288,61.308,0.218028,0,0,1.06402,0.193292,0.652696,0.66528,12.849,1,0.346585,1.00978,0,59.0869,3.9859,55.7642,0.84672,12.849,0.84672,3695.15,0,18.483,0.42336,1.15144,1.39972,6.47666,0.966905,7.63755,0.42336,18.483,0.42336,0,0,442.007,0,1.02816,0,0,2.1796,1.15144,1.028160,1,0,64.0544,0,0,0,64.0544,0
72.29,1.95045,0,0,3.00655,0.18354,0.872557,3.6288,61.308,0.21831,0,0,1.07885,0.214246,0.646295,0.66528,12.849,1,0.346678,0.872557,0,53.7158,4.55215,49.6896,0.84672,12.849,0.84672,3695.15,0,18.483,0.42336,1.02445,1.47251,6.46687,1.06846,7.47201,0.42336,18.483,0.42336,0,0,442.007,0,1.02816,0,0,2.05261,1.02445,1.028160,1,0,57.8079,0,0,0,57.8079,0
72.29,1.95097,0,0,2.91638,0.171486,0.79392,3.6288,61.308,0.218593,0,0,1.03862,0.222627,0.597403,0.66528,12.849,1,0.346771,0.79392,0,50.5209,4.77865,46.1894,0.84672,12.849,0.84672,3695.15,0,18.483,0.42336,0.935081,1.47284,6.06351,1.10909,6.93899,0.42336,18.483,0.42336,0,0,442.007,0,1.02816,0,0,1.96324,0.935081,1.028160,1,0,53.7258,0,0,0,53.7258,0
72.29,1.9515,0,0,2.60743,0.18132,0.474613,3.6288,61.308,0.218876,0,0,0.998974,0.219993,0.560105,0.66528,12.849,1,0.346864,0.474613,0,47.8951,4.60943,43.4134,0.84672,12.849,0.84672,3695.15,0,18.483,0.42336,1.02255,1.47318,5.60326,1.11561,6.56001,0.42336,18.483,0.42336,0,0,442.007,0,1.02816,0,0,2.05071,1.02255,1.028160,1,0,50.5335,0,0,0,50.5335,0
72.286,1.95202,0,0,2.49461,0.183686,0.36288,3.6288,61.308,0.219158,0,0,0.978385,0.221711,0.537516,0.66528,12.849,1,0.346957,0.36288,0,44.4703,4.25046,40.2358,0.84672,12.849,0.84672,3695.15,0,18.483,0.42336,1.00447,1.47351,5.29827,1.15098,6.20191,0.42336,18.483,0.42336,0,0,442.007,0,1.02816,0,0,2.03263,1.00447,1.028160,1,0,46.9752,0,0,0,46.9752,0
72.29,1.93182,0,0,2.64654,0.125347,0.585387,3.6288,61.308,0.254612,0,0,1.18458,0.250986,0.67898,0.66528,12.849,1,0.343386,0.585387,0,44.8457,4.63929,40.4484,0.84672,12.849,0.84672,3695.15,0,18.483,0.42336,1.17577,1.47384,5.6699,1.1892,6.70695,0.42336,18.483,0.42336,0,0,442.007,0,1.02816,0,0,2.20393,1.17577,1.028160,1,0,47.8343,0,0,0,47.8343,0
72.29,1.93236,0,0,2.90809,0.121635,0.854101,3.6288,61.308,0.254903,0,0,1.3789,0.262347,0.861651,0.66528,12.849,1,0.343462,0.854101,0,48.1022,4.94403,43.6689,0.84672,12.849,0.84672,3695.15,0,18.483,0.42336,1.31439,1.49678,6.22581,1.17669,7.43693,0.42336,18.483,0.42336,0,0,442.007,0,1.02816,0,0,2.34255,1.31439,1.028160,1,0,51.9674,0,0,0,51.9674,0
72.29,1.93288,0,0,2.6588,0.121635,0.604292,3.6288,61.308,0.255194,0,0,1.3458,0.262347,0.82826,0.66528,12.849,1,0.343554,0.604292,0,47.4232,4.94403,42.7399,0.84672,12.849,0.84672,3695.15,0,18.483,0.42336,1.35742,1.49712,6.14927,1.17669,7.40377,0.42336,18.483,0.42336,0,0,442.007,0,1.02816,0,0,2.38558,1.35742,1.028160,1,0,50.972,0,0,0,50.972,0
72.29,1.9334,0,0,2.42997,0.121635,0.374933,3.6288,61.308,0.255485,0,0,1.25853,0.262347,0.740696,0.66528,12.849,1,0.343647,0.374933,0,44.6058,4.94403,39.6931,0.84672,12.849,0.84672,3695.15,0,18.483,0.42336,1.01056,1.49746,5.85161,1.17669,6.75959,0.42336,18.483,0.42336,0,0,442.007,0,1.02816,0,0,2.03872,1.01056,1.028160,1,0,47.1934,0,0,0,47.1934,0
72.0715,1.98744,0,0,2.23441,0.102594,0.36288,3.6288,61.308,0.28715,0,0,1.19262,0.306223,0.59925,0.66528,12.849,1,0.353253,0.36288,0,39.9373,5.50863,34.4383,0.84672,12.849,0.84672,3695.15,0,18.483,0.42336,1.01193,1.4978,5.57156,1.38278,6.27515,0.42336,18.483,0.42336,0,0,442.007,0,1.02816,0,0,2.04009,1.01193,1.028160,1,0,41.3127,0,0,0,41.3127,0
71.7452,1.98706,0,0,2.10998,0.0863078,0.36288,3.6288,61.308,0.287448,0,0,1.05617,0.333758,0.434965,0.66528,12.849,1,0.354256,0.36288,0,37.1651,6.04243,31.1313,0.84672,12.849,0.84672,3695.15,0,18.483,0.42336,0.605448,1.53419,4.81613,1.49167,5.04074,0.42336,18.483,0.42336,0,0,442.007,0,1.02816,0,0,1.63361,0.605448,1.028160,1,0,36.607,0,0,0,36.607,0
71.3682,1.98623,0,0,2.05816,0.0860938,0.36288,3.6288,61.308,0.287746,0,0,0.973089,0.333758,0.351584,0.66528,12.849,1,0.355718,0.36288,0,37.1177,6.04243,31.0824,0.84672,12.849,0.84672,3695.15,0,18.483,0.42336,0.751179,1.53454,5.16082,1.49167,5.53151,0.42336,18.483,0.42336,0,0,442.007,0,1.02816,0,0,1.77934,0.751179,1.028160,1,0,36.9655,0,0,0,36.9655,0
70.8603,1.98517,0,0,1.92597,0.0858464,0.36288,3.6288,61.308,0.288044,0,0,0.900746,0.333758,0.278943,0.66528,12.849,1,0.357406,0.36288,0,33.5079,6.04243,27.4709,0.84672,12.849,0.84672,3695.15,0,18.483,0.42336,0.674819,1.53489,4.60597,1.49167,4.90064,0.42336,18.483,0.42336,0,0,442.007,0,1.02816,0,0,1.70298,0.674819,1.028160,1,0,32.6505,0,0,0,32.6505,0
70.0401,2.13994,0,0,1.76812,0.0855133,0.36288,3.6288,61.308,0.401688,0,0,0.890853,0.333758,0.155407,0.66528,12.849,1,0.388032,0.36288,0,30.6302,6.04243,24.5626,0.84672,12.849,0.84672,3695.15,0,18.483,0.42336,0.534954,1.53524,4.50483,1.49167,4.65999,0.42336,18.483,0.42336,0,0,442.007,0,1.02816,0,0,1.56311,0.534954,1.028160,1,0,29.378,0,0,0,29.378,0
69.3451,2.13666,0,0,1.87486,0.0702967,0.36288,3.6288,61.308,0.402012,0,0,1.10517,0.323427,0.379729,0.66528,12.849,1,0.391975,0.36288,0,31.7911,5.92997,25.8321,0.84672,12.849,0.84672,3695.15,0,18.483,0.42336,0.979897,1.65778,5.7293,1.48318,6.46044,0.42336,18.483,0.42336,0,0,442.007,0,1.02816,0,0,2.00806,0.979897,1.028160,1,0,32.6722,0,0,0,32.6722,0
68.2351,2.13391,0,0,1.46254,0.0757393,0.36288,3.6288,61.308,0.402336,0,0,0.985971,0.306614,0.27702,0.66528,12.849,1,0.395394,0.36288,0,28.9322,5.5839,23.3158,0.84672,12.849,0.84672,3695.15,0,18.483,0.42336,0.726676,1.65816,4.39842,1.42453,4.93536,0.42336,18.483,0.42336,0,0,442.007,0,1.02816,0,0,1.75484,0.726676,1.028160,1,0,28.5282,0,0,0,28.5282,0
67.1612,2.12906,0,0,1.4931,0.0750869,0.36288,3.6288,61.308,0.402661,0,0,0.944266,0.306614,0.234991,0.66528,12.849,1,0.400913,0.36288,0,26.6927,5.5839,21.0707,0.84672,12.849,0.84672,3695.15,0,18.483,0.42336,0.65524,1.65853,4.50918,1.42453,4.97506,0.42336,18.483,0.42336,0,0,442.007,0,1.02816,0,0,1.6834,0.65524,1.028160,1,0,26.2808,0,0,0,26.2808,0
66.8198,2.12424,0,0,2.22509,0.0793478,0.36288,3.6288,61.308,0.402985,0,0,1.11792,0.305541,0.409394,0.66528,12.849,1,0.406402,0.36288,0,34.3606,5.55421,28.7629,0.84672,12.849,0.84672,3695.15,0,18.483,0.42336,0.999873,1.65891,4.94192,1.42089,5.75645,0.42336,18.483,0.42336,0,0,442.007,0,1.02816,0,0,2.02803,0.999873,1.028160,1,0,34.9287,0,0,0,34.9287,0
67.0139,2.04745,0,0,2.70861,0.104171,0.36288,3.6288,61.308,0.334435,0,0,1.46324,0.291785,0.837024,0.66528,12.849,1,0.393712,0.36288,0,42.1908,5.1445,37.0155,0.84672,12.849,0.84672,3695.15,0,18.483,0.42336,1.48039,1.65928,6.0676,1.37124,7.41267,0.42336,18.483,0.42336,0,0,442.007,0,1.02816,0,0,2.50855,1.48039,1.028160,1,0,45.2652,0,0,0,45.2652,0
65.9863,2.04895,0,0,1.48626,0.101995,0.36288,3.6288,61.308,0.334744,0,0,1.19762,0.276755,0.586126,0.66528,12.849,1,0.392859,0.36288,0,24.4799,4.43184,20.0181,0.84672,12.849,0.84672,3695.15,0,18.483,0.42336,1.47696,1.58955,6.25173,1.30354,7.59134,0.42336,18.483,0.42336,0,0,442.007,0,1.02816,0,0,2.50512,1.47696,1.028160,1,0,28.1955,0,0,0,28.1955,0
64.7391,2.04438,0,0,1.26117,0.101166,0.36288,3.6288,61.308,0.335053,0,0,1.09167,0.276755,0.479865,0.66528,12.849,1,0.398086,0.36288,0,22.6199,4.43184,18.1528,0.84672,12.849,0.84672,3695.15,0,18.483,0.42336,1.24934,1.58991,5.94898,1.30354,7.06133,0.42336,18.483,0.42336,0,0,442.007,0,1.02816,0,0,2.2775,1.24934,1.028160,1,0,25.694,0,0,0,25.694,0
64.8155,2.03852,0,0,2.68902,0.211177,0.36288,3.6288,61.308,0.335362,0,0,1.99708,0.185787,1.47593,0.66528,12.849,1,0.404593,0.36288,0,49.794,3.18606,46.5662,0.84672,12.849,0.84672,3695.15,0,18.483,0.42336,2.02922,1.59027,13.1812,0.914156,15.4632,0.42336,18.483,0.42336,0,0,442.007,0,1.02816,0,0,3.05738,2.02922,1.028160,1,0,63.5053,0,0,0,63.5053,0
66.7612,1.97765,0,0,4.51601,0.229821,0.36288,3.6288,61.308,0.272921,0,0,2.36167,0.170626,1.91812,0.66528,12.849,1,0.392048,0.36288,0,75.5928,2.97843,72.5852,0.84672,12.849,0.84672,3695.15,0,18.483,0.42336,2.87103,1.59063,11.9395,0.849258,15.1286,0.42336,18.483,0.42336,0,0,442.007,0,1.02816,0,0,3.89919,2.87103,1.028160,1,0,89.6319,0,0,0,89.6319,0
69.5247,1.98776,0,0,5.33502,0.220812,0.36288,3.6288,61.308,0.273216,0,0,2.98629,0.20929,2.50379,0.66528,12.849,1,0.382569,0.36288,0,124.925,3.41205,121.493,0.84672,12.849,0.84672,3695.15,0,18.483,0.42336,3.26836,1.52863,19.2197,0.981212,22.6121,0.42336,18.483,0.42336,0,0,442.007,0,1.02816,0,0,4.29652,3.26836,1.028160,1,0,146.609,0,0,0,146.609,0
72.29,2.00113,0,0,5.94867,0.223497,0.958757,3.6288,61.308,0.273511,0,0,3.58207,0.215734,3.09282,0.66528,12.849,1,0.369833,0.958757,0,139.955,3.48432,137.06,0.84672,12.849,0.84672,3695.15,0,18.483,0.42336,4.95675,1.52898,19.1843,1.0032,24.2434,0.42336,18.483,0.42336,0,0,442.007,0,1.02816,0,0,5.98491,4.95675,1.028160,1,0,164.396,0,0,0,164.396,0
72.29,2.01368,0,0,5.38883,0.228287,3.14686,3.6288,61.308,0.273806,0,0,3.11655,0.215734,2.62701,0.66528,12.849,1,0.357916,3.14686,0,119.393,3.48432,118.697,0.84672,12.849,0.84672,3695.15,0,18.483,0.42336,3.8597,1.52933,14.8707,1.0032,18.8332,0.42336,18.483,0.42336,0,0,442.007,0,1.02816,0,0,4.88786,3.8597,1.028160,1,0,140.158,0,0,0,140.158,0
72.29,1.83545,0,0,4.90832,0.296126,2.77674,3.6288,61.308,0.143294,0,0,3.29562,0.222352,2.92998,0.66528,12.849,1,0.326238,2.77674,0,120.031,4.20785,118.274,0.84672,12.849,0.84672,3695.15,0,18.483,0.42336,3.84279,1.52967,17.0748,1.09308,20.9308,0.42336,18.483,0.42336,0,0,442.007,0,1.02816,0,0,4.87095,3.84279,1.028160,1,0,142.135,0,0,0,142.135,0
72.29,1.83595,0,0,8.56094,0.300344,6.42465,3.6288,61.308,0.143559,0,0,7.17491,0.229557,6.80179,0.66528,12.849,1,0.326326,6.42465,0,183.278,4.58305,184.793,0.84672,12.849,0.84672,3695.15,0,18.483,0.42336,6.41713,1.3895,26.1084,1.15517,32.3364,0.42336,18.483,0.42336,0,0,442.007,0,1.02816,0,0,7.44529,6.41713,1.028160,1,0,223.931,0,0,0,223.931,0
72.29,1.83645,0,0,6.11594,0.292136,3.98736,3.6288,61.308,0.143825,0,0,5.49603,0.205605,5.1466,0.66528,12.849,1,0.326415,3.98736,0,300.395,3.80433,300.251,0.84672,12.849,0.84672,3695.15,0,18.483,0.42336,3.68396,1.38982,20.4674,1.05287,24.0649,0.42336,18.483,0.42336,0,0,442.007,0,1.02816,0,0,4.71212,3.68396,1.028160,1,0,329.463,0,0,0,329.463,0
72.29,1.83695,0,0,6.32254,0.28704,4.19856,3.6288,61.308,0.144091,0,0,5.72864,0.193528,5.39102,0.66528,12.849,1,0.326503,4.19856,0,210.245,3.50311,210.614,0.84672,12.849,0.84672,3695.15,0,18.483,0.42336,3.87634,1.39013,21.785,0.987228,25.6409,0.42336,18.483,0.42336,0,0,442.007,0,1.02816,0,0,4.9045,3.87634,1.028160,1,0,241.646,0,0,0,241.646,0
72.29,1.83744,0,0,7.55749,0.28704,5.43301,3.6288,61.308,0.144356,0,0,7.58691,0.193528,7.24903,0.66528,12.849,1,0.326592,5.43301,0,221.134,3.50311,222.737,0.84672,12.849,0.84672,3695.15,0,18.483,0.42336,5.51242,1.39045,25.9935,0.987228,31.4858,0.42336,18.483,0.42336,0,0,442.007,0,1.02816,0,0,6.54058,5.51242,1.028160,1,0,261.472,0,0,0,261.472,0
72.29,1.83744,0,0,7.18921,0.283766,5.068,3.6288,61.308,0.144356,0,0,7.8879,0.187397,7.55614,0.66528,12.849,1,0.326592,5.068,0,246.389,3.45912,247.672,0.84672,12.849,0.84672,3695.15,0,18.483,0.42336,5.58511,1.39076,27.406,0.989332,32.9692,0.42336,18.483,0.42336,0,0,442.007,0,1.02816,0,0,6.61327,5.58511,1.028160,1,0,288.197,0,0,0,288.197,0
72.29,1.86201,0,0,4.00034,0.264784,1.87354,3.6288,61.308,0.182537,0,0,0.951247,0.158645,0.610064,0.66528,12.849,1,0.330958,1.87354,0,154.744,3.31558,152.971,0.84672,12.849,0.84672,3695.15,0,18.483,0,1.19289,1.39076,8.26165,1.04946,9.79585,0.42336,18.483,0.42336,0,0,442.007,0,1.02816,0,0,2.22105,1.19289,1.028160,1,0,163.377,0,0,0,163.377,0
72.29,1.86242,0,0,15.2002,0.268753,13.069,3.6288,61.308,0.182801,0,0,4.20191,0.206854,3.81225,0.66528,12.849,1,0.33103,13.069,0,349.922,4.03819,358.622,0.84672,12.849,0.84672,3695.15,0,18.483,0,5.4576,1.43556,30.7963,1.33446,36.355,0.42336,18.483,0.42336,0,0,442.007,0,1.02816,0,0,6.48576,5.4576,1.028160,1,0,398.789,0,0,0,398.789,0
72.29,1.86282,0,0,17.5033,0.268753,15.3718,3.6288,61.308,0.183065,0,0,7.63115,0.206854,7.24123,0.66528,12.849,1,0.331103,15.3718,0,531.248,4.03819,542.25,0.84672,12.849,0.84672,3695.15,0,18.483,0,8.9106,1.43588,38.0214,1.33446,47.0334,0.42336,18.483,0.42336,0,0,442.007,0,1.02816,0,0,9.93876,8.9106,1.028160,1,0,596.525,0,0,0,596.525,0
72.29,1.86323,0,0,9.55748,0.268753,7.4255,3.6288,61.308,0.183329,0,0,5.15098,0.206854,4.7608,0.66528,12.849,1,0.331175,7.4255,0,362.184,4.03819,365.241,0.84672,12.849,0.84672,3695.15,0,18.483,0,4.97006,1.43619,24.7278,1.33446,29.7995,0.42336,18.483,0.42336,0,0,442.007,0,1.02816,0,0,5.99822,4.97006,1.028160,1,0,399.801,0,0,0,399.801,0
72.29,2.04541,0,0,12.398,0.313982,10.0386,3.6288,61.308,0.32607,0,0,4.74937,0.163107,4.2602,0.66528,12.849,1,0.363556,10.0386,0,296.94,4.26272,302.353,0.84672,12.849,0.84672,3695.15,0,18.483,0,4.29534,1.4365,29.5196,1.15276,34.0987,0.42336,18.483,0.42336,0,0,442.007,0,1.02816,0,0,5.3235,4.29534,1.028160,1,0,340.712,0,0,0,340.712,0
72.29,2.04586,0,0,8.93609,0.323024,6.56721,3.6288,61.308,0.326365,0,0,3.29841,0.160872,2.81117,0.66528,12.849,1,0.363635,6.56721,0,247.905,4.48864,249.62,0.84672,12.849,0.84672,3695.15,0,18.483,0,3.89259,1.59572,22.0542,1.12047,26.422,0.42336,18.483,0.42336,0,0,442.007,0,1.02816,0,0,4.92075,3.89259,1.028160,1,0,278.853,0,0,0,278.853,0
72.29,2.0463,0,0,12.6128,0.303481,10.263,3.6288,61.308,0.32666,0,0,5.87476,0.187925,5.36017,0.66528,12.849,1,0.363715,10.263,0,502.502,4.54079,507.86,0.84672,12.849,0.84672,3695.15,0,18.483,0,6.0804,1.59607,30.38,1.16633,36.8901,0.42336,18.483,0.42336,0,0,442.007,0,1.02816,0,0,7.10856,6.0804,1.028160,1,0,550.11,0,0,0,550.11,0
72.29,2.04675,0,0,6.93533,0.332108,4.55647,3.6288,61.308,0.326956,0,0,2.70866,0.138008,2.24369,0.66528,12.849,1,0.363794,4.55647,0,335.654,3.58149,336.265,0.84672,12.849,0.84672,3695.15,0,18.483,0,2.43841,1.59642,17.7155,0.994141,20.7562,0.42336,18.483,0.42336,0,0,442.007,0,1.02816,0,0,3.46657,2.43841,1.028160,1,0,359.265,0,0,0,359.265,0
72.29,1.7877,0,0,6.65093,0.307455,4.55577,3.6288,61.308,0.135879,0,0,1.80753,0.157143,1.51451,0.66528,12.849,1,0.31775,4.55577,0,192.51,3.86523,192.883,0.84672,12.849,0.84672,3695.15,0,18.483,0,2.05615,1.59677,10.8887,0.869255,13.6724,0.42336,18.483,0.42336,0,0,442.007,0,1.02816,0,0,3.08431,2.05615,1.028160,1,0,208.07,0,0,0,208.07,0
72.29,1.78809,0,0,6.45762,0.290669,4.37887,3.6288,61.308,0.136133,0,0,1.69484,0.17603,1.38268,0.66528,12.849,1,0.317819,4.37887,0,133.321,4.13847,133.244,0.84672,12.849,0.84672,3695.15,0,18.483,0,2.6966,1.37955,9.22683,0.852355,12.4506,0.42336,18.483,0.42336,0,0,442.007,0,1.02816,0,0,3.72476,2.6966,1.028160,1,0,147.077,0,0,0,147.077,0
72.29,1.78848,0,0,9.49787,0.290669,7.41872,3.6288,61.308,0.136387,0,0,2.07057,0.17603,1.75815,0.66528,12.849,1,0.317888,7.41872,0,181.214,4.13847,184.177,0.84672,12.849,0.84672,3695.15,0,18.483,0,3.11771,1.37985,13.0064,0.852355,16.6516,0.42336,18.483,0.42336,0,0,442.007,0,1.02816,0,0,4.14587,3.11771,1.028160,1,0,202.587,0,0,0,202.587,0
72.29,1.78887,0,0,7.93454,0.289717,5.85596,3.6288,61.308,0.136641,0,0,1.83807,0.169567,1.53187,0.66528,12.849,1,0.317958,5.85596,0,168.432,4.12947,169.841,0.84672,12.849,0.84672,3695.15,0,18.483,0,2.81971,1.38016,12.0012,0.867182,15.3339,0.42336,18.483,0.42336,0,0,442.007,0,1.02816,0,0,3.84787,2.81971,1.028160,1,0,186.707,0,0,0,186.707,0
72.29,1.78926,0,0,13.4959,0.291002,11.4157,3.6288,61.308,0.136895,0,0,2.60893,0.186987,2.28505,0.66528,12.849,1,0.318027,11.4157,0,291.267,4.36213,298.002,0.84672,12.849,0.84672,3695.15,0,18.483,0,3.71803,1.38046,18.2228,0.898676,22.4226,0.42336,18.483,0.42336,0,0,442.007,0,1.02816,0,0,4.74619,3.71803,1.028160,1,0,322.71,0,0,0,322.71,0
72.29,1.85504,0,0,7.27739,0.288208,5.13414,3.6288,61.308,0.184017,0,0,1.93368,0.170701,1.57896,0.66528,12.849,1,0.329719,5.13414,0,123.445,3.43108,124.818,0.84672,12.849,0.84672,3695.15,0,18.483,0,2.09208,1.38076,11.0966,0.616029,13.9534,0.42336,18.483,0.42336,0,0,442.007,0,1.02816,0,0,3.12024,2.09208,1.028160,1,0,140.351,0,0,0,140.351,0
72.29,1.85544,0,0,4.97141,0.288208,2.82776,3.6288,61.308,0.184281,0,0,1.64924,0.170701,1.29426,0.66528,12.849,1,0.329791,2.82776,0,95.5852,3.43108,94.6521,0.84672,12.849,0.84672,3695.15,0,18.483,0,1.67429,1.43483,7.46453,0.616029,9.95763,0.42336,18.483,0.42336,0,0,442.007,0,1.02816,0,0,2.70245,1.67429,1.028160,1,0,105.904,0,0,0,105.904,0
72.29,1.85585,0,0,4.18956,0.288208,2.04551,3.6288,61.308,0.184545,0,0,1.39269,0.170701,1.03744,0.66528,12.849,1,0.329863,2.04551,0,68.9895,3.43108,67.2741,0.84672,12.849,0.84672,3695.15,0,18.483,0,1.24837,1.43515,6.12098,0.616029,8.18847,0.42336,18.483,0.42336,0,0,442.007,0,1.02816,0,0,2.27653,1.24837,1.028160,1,0,76.5,0,0,0,76.5,0
72.29,1.85625,0,0,4.06466,0.277922,1.93049,3.6288,61.308,0.18481,0,0,1.34518,0.172041,0.988328,0.66528,12.849,1,0.329935,1.93049,0,71.6576,3.34898,69.9091,0.84672,12.849,0.84672,3695.15,0,18.483,0,1.45368,1.43546,5.31534,0.648284,7.55619,0.42336,18.483,0.42336,0,0,442.007,0,1.02816,0,0,2.48184,1.45368,1.028160,1,0,78.4537,0,0,0,78.4537,0
72.29,1.83107,0,0,4.79508,0.219781,2.74423,3.6288,61.308,0.166855,0,0,1.57347,0.184144,1.22247,0.66528,12.849,1,0.325458,2.74423,0,99.5959,4.28589,97.7288,0.84672,12.849,0.84672,3695.15,0,18.483,0,1.80847,1.43577,9.69601,0.996737,11.9435,0.42336,18.483,0.42336,0,0,442.007,0,1.02816,0,0,2.83663,1.80847,1.028160,1,0,110.895,0,0,0,110.895,0
72.29,1.83147,0,0,3.65485,0.219781,1.6036,3.6288,61.308,0.167116,0,0,1.12787,0.184144,0.776615,0.66528,12.849,1,0.325529,1.6036,0,66.198,4.28589,63.1901,0.84672,12.849,0.84672,3695.15,0,18.483,0,1.03582,1.41514,4.70109,0.996737,6.15531,0.42336,18.483,0.42336,0,0,442.007,0,1.02816,0,0,2.06398,1.03582,1.028160,1,0,70.1221,0,0,0,70.1221,0
72.29,1.83187,0,0,3.18198,0.219781,1.13034,3.6288,61.308,0.167376,0,0,1.08338,0.184144,0.731858,0.66528,12.849,1,0.3256,1.13034,0,58.7979,4.28589,55.3167,0.84672,12.849,0.84672,3695.15,0,18.483,0,0.810328,1.41544,4.3976,0.996737,5.62663,0.42336,18.483,0.42336,0,0,442.007,0,1.02816,0,0,1.83849,0.810328,1.028160,1,0,61.6752,0,0,0,61.6752,0
72.29,1.83226,0,0,2.85113,0.219781,0.799085,3.6288,61.308,0.167637,0,0,0.957303,0.184144,0.605522,0.66528,12.849,1,0.325671,0.799085,0,50.4649,4.28589,46.6524,0.84672,12.849,0.84672,3695.15,0,18.483,0,0.584168,1.41575,3.83107,0.996737,4.83425,0.42336,18.483,0.42336,0,0,442.007,0,1.02816,0,0,1.61233,0.584168,1.028160,1,0,52.0922,0,0,0,52.0922,0
72.29,1.9196,0,0,3.34473,0.179648,1.24548,3.6288,61.308,0.232563,0,0,1.17228,0.188176,0.751546,0.66528,12.849,1,0.341194,1.24548,0,63.7642,4.04805,60.6205,0.84672,12.849,0.84672,3695.15,0,18.483,0,0.761219,1.41606,4.39723,0.894189,5.68032,0.42336,18.483,0.42336,0,0,442.007,0,1.02816,0,0,1.78938,0.761219,1.028160,1,0,67.0523,0,0,0,67.0523,0
72.29,1.92002,0,0,3.55169,0.15711,1.47456,3.6288,61.308,0.232837,0,0,1.20889,0.201155,0.774899,0.66528,12.849,1,0.341269,1.47456,0,72.2416,4.0761,69.2988,0.84672,12.849,0.84672,3695.15,0,18.483,0,0.665142,1.48968,4.80033,0.869635,6.08552,0.42336,18.483,0.42336,0,0,442.007,0,1.02816,0,0,1.6933,0.665142,1.028160,1,0,76.1592,0,0,0,76.1592,0
72.29,1.92044,0,0,3.12922,0.15711,1.05167,3.6288,61.308,0.233112,0,0,1.17173,0.201155,0.737464,0.66528,12.849,1,0.341343,1.05167,0,61.3485,4.0761,57.9827,0.84672,12.849,0.84672,3695.15,0,18.483,0,0.754436,1.49001,4.73119,0.869635,6.10599,0.42336,18.483,0.42336,0,0,442.007,0,1.02816,0,0,1.7826,0.754436,1.028160,1,0,64.8262,0,0,0,64.8262,0
72.29,1.92086,0,0,2.90821,0.118213,0.869138,3.6288,61.308,0.233387,0,0,1.1529,0.228115,0.691394,0.66528,12.849,1,0.341418,0.869138,0,56.6153,4.50915,52.6339,0.84672,12.849,0.84672,3695.15,0,18.483,0,0.815149,1.49033,4.45649,0.976802,5.78517,0.42336,18.483,0.42336,0,0,442.007,0,1.02816,0,0,1.84331,0.815149,1.028160,1,0,59.1105,0,0,0,59.1105,0
72.29,1.92127,0,0,2.66986,0.102062,0.646519,3.6288,61.308,0.233662,0,0,1.09024,0.247795,0.608781,0.66528,12.849,1,0.341492,0.646519,0,52.8735,4.8213,48.3572,0.84672,12.849,0.84672,3695.15,0,18.483,0,0.711063,1.49066,4.21324,1.07491,5.34005,0.42336,18.483,0.42336,0,0,442.007,0,1.02816,0,0,1.73922,0.711063,1.028160,1,0,54.3061,0,0,0,54.3061,0
72.29,1.90448,0,0,2.72321,0.10058,0.718145,3.6288,61.308,0.269517,0,0,1.23902,0.270038,0.699464,0.66528,12.849,1,0.338507,0.718145,0,46.3931,5.16863,41.6041,0.84672,12.849,0.84672,3695.15,0,18.483,0,1.07547,1.49098,4.82719,1.21301,6.18063,0.42336,18.483,0.42336,0,0,442.007,0,1.02816,0,0,2.10363,1.07547,1.028160,1,0,48.4842,0,0,0,48.4842,0
72.29,1.9049,0,0,2.55004,0.10058,0.544558,3.6288,61.308,0.2698,0,0,1.1779,0.270038,0.638062,0.66528,12.849,1,0.338581,0.544558,0,46.3324,5.16863,41.3698,0.84672,12.849,0.84672,3695.15,0,18.483,0,0.948516,1.51417,4.96076,1.21301,6.21044,0.42336,18.483,0.42336,0,0,442.007,0,1.02816,0,0,1.97668,0.948516,1.028160,1,0,48.2183,0,0,0,48.2183,0
72.2404,1.90531,0,0,2.31914,0.10058,0.36288,3.6288,61.308,0.270083,0,0,1.14858,0.270038,0.608463,0.66528,12.849,1,0.338655,0.36288,0,45.4255,5.16863,40.2811,0.84672,12.849,0.84672,3695.15,0,18.483,0,0.922908,1.5145,4.75328,1.21301,5.97768,0.42336,18.483,0.42336,0,0,442.007,0,1.02816,0,0,1.95107,0.922908,1.028160,1,0,46.8672,0,0,0,46.8672,0
71.9766,1.90533,0,0,2.10495,0.100542,0.36288,3.6288,61.308,0.270366,0,0,1.07756,0.270038,0.53716,0.66528,12.849,1,0.338891,0.36288,0,40.4779,5.16863,35.3332,0.84672,12.849,0.84672,3695.15,0,18.483,0,0.702881,1.51483,4.59816,1.21301,5.60286,0.42336,18.483,0.42336,0,0,442.007,0,1.02816,0,0,1.73104,0.702881,1.028160,1,0,41.4733,0,0,0,41.4733,0
71.9078,1.94806,0,0,2.31147,0.0693151,0.36288,3.6288,61.308,0.302386,0,0,1.34578,0.313088,0.73031,0.66528,12.849,1,0.347761,0.36288,0,39.3813,6.01232,33.3841,0.84672,12.849,0.84672,3695.15,0,18.483,0,0.664131,1.51516,4.45278,1.44942,5.18265,0.42336,18.483,0.42336,0,0,442.007,0,1.02816,0,0,1.69229,0.664131,1.028160,1,0,39.2971,0,0,0,39.2971,0
71.8844,1.94792,0,0,2.35708,0.0696483,0.36288,3.6288,61.308,0.302676,0,0,1.29406,0.307466,0.683923,0.66528,12.849,1,0.348069,0.36288,0,51.7158,5.98826,45.7424,0.84672,12.849,0.84672,3695.15,0,18.483,0,0.851757,1.55196,4.92279,1.42872,5.89779,0.42336,18.483,0.42336,0,0,442.007,0,1.02816,0,0,1.87992,0.851757,1.028160,1,0,52.3241,0,0,0,52.3241,0
71.7108,1.94815,0,0,2.20708,0.0696359,0.36288,3.6288,61.308,0.302966,0,0,1.20344,0.307466,0.593008,0.66528,12.849,1,0.348224,0.36288,0,41.5226,5.98826,35.549,0.84672,12.849,0.84672,3695.15,0,18.483,0,0.816903,1.5523,4.43749,1.42872,5.37798,0.42336,18.483,0.42336,0,0,442.007,0,1.02816,0,0,1.84506,0.816903,1.028160,1,0,41.52,0,0,0,41.52,0
71.3407,1.94715,0,0,2.00947,0.0695439,0.36288,3.6288,61.308,0.303256,0,0,1.1425,0.307466,0.53178,0.66528,12.849,1,0.348886,0.36288,0,37.8423,5.98826,31.8681,0.84672,12.849,0.84672,3695.15,0,18.483,0,0.532984,1.55264,4.13918,1.42872,4.79609,0.42336,18.483,0.42336,0,0,442.007,0,1.02816,0,0,1.56114,0.532984,1.028160,1,0,37.1959,0,0,0,37.1959,0
71.0945,2.07437,0,0,2.24794,0.0569106,0.36288,3.6288,61.308,0.4182,0,0,1.44192,0.324861,0.698859,0.66528,12.849,1,0.37361,0.36288,0,37.9377,6.0547,31.8723,0.84672,12.849,0.84672,3695.15,0,18.483,0,1.11776,1.55298,6.04124,1.45762,7.25436,0.42336,18.483,0.42336,0,0,442.007,0,1.02816,0,0,2.14592,1.11776,1.028160,1,0,39.8255,0,0,0,39.8255,0
70.7585,2.07263,0,0,2.15107,0.0515842,0.36288,3.6288,61.308,0.418516,0,0,1.4755,0.342012,0.714977,0.66528,12.849,1,0.37459,0.36288,0,36.6472,5.96883,30.6666,0.84672,12.849,0.84672,3695.15,0,18.483,0,1.007,1.67692,4.80272,1.46129,6.02535,0.42336,18.483,0.42336,0,0,442.007,0,1.02816,0,0,2.03516,1.007,1.028160,1,0,37.4069,0,0,0,37.4069,0
70.1617,2.07008,0,0,1.88766,0.0514515,0.36288,3.6288,61.308,0.418831,0,0,1.42348,0.342012,0.662641,0.66528,12.849,1,0.375904,0.36288,0,46.5852,5.96883,40.6034,0.84672,12.849,0.84672,3695.15,0,18.483,0,0.916341,1.67729,4.61196,1.46129,5.7443,0.42336,18.483,0.42336,0,0,442.007,0,1.02816,0,0,1.9445,0.916341,1.028160,1,0,47.0103,0,0,0,47.0103,0
69.6103,2.06514,0,0,1.92787,0.0512158,0.36288,3.6288,61.308,0.419146,0,0,1.63286,0.342012,0.871707,0.66528,12.849,1,0.378197,0.36288,0,40.3543,5.96883,34.3702,0.84672,12.849,0.84672,3695.15,0,18.483,0,1.02655,1.67765,4.7894,1.46129,6.03232,0.42336,18.483,0.42336,0,0,442.007,0,1.02816,0,0,2.05471,1.02655,1.028160,1,0,41.2742,0,0,0,41.2742,0
69.282,2.06055,0,0,2.13368,0.0385578,0.36288,3.6288,61.308,0.419462,0,0,1.61675,0.34449,0.852799,0.66528,12.849,1,0.380346,0.36288,0,42.9094,6.04992,36.842,0.84672,12.849,0.84672,3695.15,0,18.483,0,1.50954,1.67802,6.02205,1.48054,7.72907,0.42336,18.483,0.42336,0,0,442.007,0,1.02816,0,0,2.5377,1.50954,1.028160,1,0,45.4238,0,0,0,45.4238,0
69.7878,1.99518,0,0,2.84583,-0.0180102,0.36288,3.6288,61.308,0.350111,0,0,1.39408,0.346371,0.6976,0.66528,12.849,1,0.370025,0.36288,0,46.8863,6.21843,40.6607,0.84672,12.849,0.84672,3695.15,0,18.483,0,1.03395,1.67839,5.23388,1.51505,6.43116,0.42336,18.483,0.42336,0,0,442.007,0,1.02816,0,0,2.06211,1.03395,1.028160,1,0,47.7894,0,0,0,47.7894,0
70.1413,2.00013,0,0,2.81584,0.099305,0.36288,3.6288,61.308,0.350411,0,0,1.68461,0.271455,1.06274,0.66528,12.849,1,0.368254,0.36288,0,42.9259,4.35908,38.5615,0.84672,12.849,0.84672,3695.15,0,18.483,0,1.38375,1.60784,5.97161,1.05714,7.90606,0.42336,18.483,0.42336,0,0,442.007,0,1.02816,0,0,2.41191,1.38375,1.028160,1,0,47.5303,0,0,0,47.5303,0
70.7131,2.00369,0,0,3.05006,0.111708,0.36288,3.6288,61.308,0.350711,0,0,2.01069,0.27548,1.3845,0.66528,12.849,1,0.367051,0.36288,0,47.1018,4.42417,42.6735,0.84672,12.849,0.84672,3695.15,0,18.483,0,1.48435,1.60819,6.84504,1.09441,8.84317,0.42336,18.483,0.42336,0,0,442.007,0,1.02816,0,0,2.51251,1.48435,1.028160,1,0,52.9011,0,0,0,52.9011,0
71.3338,2.00915,0,0,3.10495,0.112201,0.36288,3.6288,61.308,0.351012,0,0,2.0558,0.27548,1.42931,0.66528,12.849,1,0.365074,0.36288,0,66.9647,4.42417,62.5383,0.84672,12.849,0.84672,3695.15,0,18.483,0,1.65516,1.60854,7.37294,1.09441,9.54223,0.42336,18.483,0.42336,0,0,442.007,0,1.02816,0,0,2.68332,1.65516,1.028160,1,0,73.5098,0,0,0,73.5098,0
71.7895,1.96292,0,0,2.9042,0.122771,0.36288,3.6288,61.308,0.287843,0,0,1.46984,0.228711,0.953283,0.66528,12.849,1,0.35357,0.36288,0,47.3836,4.62241,42.7705,0.84672,12.849,0.84672,3695.15,0,18.483,0,1.20785,1.60889,6.8009,1.15179,8.46584,0.42336,18.483,0.42336,0,0,442.007,0,1.02816,0,0,2.23601,1.20785,1.028160,1,0,52.1896,0,0,0,52.1896,0
72.29,1.96715,0,0,3.47107,0.219515,0.783866,3.6288,61.308,0.28813,0,0,1.53992,0.220951,1.03084,0.66528,12.849,1,0.352085,0.783866,0,43.565,4.83914,39.1576,0.84672,12.849,0.84672,3695.15,0,18.483,0,1.03216,1.54617,5.58723,1.1822,6.98335,0.42336,18.483,0.42336,0,0,442.007,0,1.02816,0,0,2.06032,1.03216,1.028160,1,0,47.1718,0,0,0,47.1718,0
72.29,1.97173,0,0,6.85665,0.220352,4.66457,3.6288,61.308,0.288417,0,0,2.07906,0.220951,1.56969,0.66528,12.849,1,0.35046,4.66457,0,76.1897,4.83914,75.6647,0.84672,12.849,0.84672,3695.15,0,18.483,0,2.0629,1.5465,11.4321,1.1822,13.8593,0.42336,18.483,0.42336,0,0,442.007,0,1.02816,0,0,3.09106,2.0629,1.028160,1,0,91.0936,0,0,0,91.0936,0
72.29,1.97216,0,0,6.26598,0.220352,4.07346,3.6288,61.308,0.288704,0,0,1.62039,0.220951,1.11073,0.66528,12.849,1,0.350537,4.07346,0,99.1665,4.83914,98.0503,0.84672,12.849,0.84672,3695.15,0,18.483,0,2.22172,1.54684,10.9813,1.1822,13.5676,0.42336,18.483,0.42336,0,0,442.007,0,1.02816,0,0,3.24988,2.22172,1.028160,1,0,112.729,0,0,0,112.729,0
72.29,1.82403,0,0,4.80554,0.167673,2.81384,3.6288,61.308,0.156687,0,0,2.07943,0.199456,1.72329,0.66528,12.849,1,0.324208,2.81384,0,85.9939,4.40245,84.0811,0.84672,12.849,0.84672,3695.15,0,18.483,0,2.04609,1.54718,12.8131,0.934941,15.4714,0.42336,18.483,0.42336,0,0,442.007,0,1.02816,0,0,3.07425,2.04609,1.028160,1,0,101.276,0,0,0,101.276,0
72.29,1.82443,0,0,2.97746,0.260317,0.892718,3.6288,61.308,0.156945,0,0,2.0974,0.172554,1.7679,0.66528,12.849,1,0.324279,0.892718,0,82.0066,4.18771,78.3873,0.84672,12.849,0.84672,3695.15,0,18.483,0,1.31027,1.40539,7.78058,0.761471,9.73477,0.42336,18.483,0.42336,0,0,442.007,0,1.02816,0,0,2.33843,1.31027,1.028160,1,0,89.89,0,0,0,89.89,0
72.2271,1.82483,0,0,2.38509,0.260317,0.36288,3.6288,61.308,0.157204,0,0,1.80846,0.172554,1.4787,0.66528,12.849,1,0.324349,0.36288,0,77.1526,4.18771,73.0034,0.84672,12.849,0.84672,3695.15,0,18.483,0,1.11058,1.4057,6.66782,0.761471,8.42263,0.42336,18.483,0.42336,0,0,442.007,0,1.02816,0,0,2.13874,1.11058,1.028160,1,0,82.9048,0,0,0,82.9048,0
72.29,1.82474,0,0,2.62241,0.259191,0.475543,3.6288,61.308,0.157462,0,0,1.69987,0.180305,1.3621,0.66528,12.849,1,0.324617,0.475543,0,92.6882,4.37712,88.462,0.84672,12.849,0.84672,3695.15,0,18.483,0,0.929033,1.406,7.5079,0.847523,8.99541,0.42336,18.483,0.42336,0,0,442.007,0,1.02816,0,0,1.95719,0.929033,1.028160,1,0,98.8195,0,0,0,98.8195,0
72.0694,1.82562,0,0,2.22117,0.253296,0.36288,3.6288,61.308,0.15772,0,0,1.67464,0.226815,1.2901,0.66528,12.849,1,0.324491,0.36288,0,79.9122,5.51355,74.4371,0.84672,12.849,0.84672,3695.15,0,18.483,0,0.655076,1.40631,6.48442,1.36383,7.18198,0.42336,18.483,0.42336,0,0,442.007,0,1.02816,0,0,1.68324,0.655076,1.028160,1,0,82.9091,0,0,0,82.9091,0
72.29,1.88147,0,0,7.76244,0.229467,5.43087,3.6288,61.308,0.196326,0,0,2.35899,0.182869,1.97979,0.66528,12.849,1,0.335442,5.43087,0,176.789,3.37627,178.508,0.84672,12.849,0.84672,3695.15,0,18.483,0,2.17455,1.40662,7.58485,0.858958,10.3071,0.42336,18.483,0.42336,0,0,442.007,0,1.02816,0,0,3.20271,2.17455,1.028160,1,0,190.795,0,0,0,190.795,0
72.29,1.88361,0,0,5.54297,0.229851,3.42951,3.6288,61.308,0.196582,0,0,2.06605,0.182869,1.6866,0.66528,12.849,1,0.334797,3.42951,0,85.1308,3.37627,84.8492,0.84672,12.849,0.84672,3695.15,0,18.483,0,1.55697,1.45191,4.78674,0.858958,6.93667,0.42336,18.483,0.42336,0,0,442.007,0,1.02816,0,0,2.58513,1.55697,1.028160,1,0,93.4725,0,0,0,93.4725,0
72.29,1.884,0,0,6.00802,0.229851,3.89417,3.6288,61.308,0.196838,0,0,2.41925,0.182869,2.03954,0.66528,12.849,1,0.334868,3.89417,0,94.0118,3.37627,94.1949,0.84672,12.849,0.84672,3695.15,0,18.483,0,2.03123,1.45222,6.70994,0.858958,9.33443,0.42336,18.483,0.42336,0,0,442.007,0,1.02816,0,0,3.05939,2.03123,1.028160,1,0,105.569,0,0,0,105.569,0
72.29,1.8844,0,0,8.28446,0.301014,6.09905,3.6288,61.308,0.197094,0,0,2.61745,0.153268,2.26709,0.66528,12.849,1,0.334938,6.09905,0,97.8791,3.61721,100.026,0.84672,12.849,0.84672,3695.15,0,18.483,0,2.21008,1.45252,9.07796,1.00509,11.7355,0.42336,18.483,0.42336,0,0,442.007,0,1.02816,0,0,3.23824,2.21008,1.028160,1,0,114.029,0,0,0,114.029,0
72.29,2.06863,0,0,9.9309,0.280381,7.58189,3.6288,61.308,0.341445,0,0,2.56719,0.148221,2.07752,0.66528,12.849,1,0.367684,7.58189,0,163.913,2.78634,168.341,0.84672,12.849,0.84672,3695.15,0,18.483,0,2.57322,1.45282,12.8839,0.778507,16.1314,0.42336,18.483,0.42336,0,0,442.007,0,1.02816,0,0,3.60138,2.57322,1.028160,1,0,186.55,0,0,0,186.55,0
72.29,2.06906,0,0,11.586,0.306258,9.21066,3.6288,61.308,0.341731,0,0,2.95118,0.157991,2.45146,0.66528,12.849,1,0.36776,9.21066,0,237.887,3.35832,243.371,0.84672,12.849,0.84672,3695.15,0,18.483,0,3.91278,1.61384,14.3302,0.879933,18.9769,0.42336,18.483,0.42336,0,0,442.007,0,1.02816,0,0,4.94094,3.91278,1.028160,1,0,264.8,0,0,0,264.8,0
72.29,2.0695,0,0,6.31333,0.306258,3.93758,3.6288,61.308,0.342018,0,0,1.93055,0.157991,1.43054,0.66528,12.849,1,0.367837,3.93758,0,135.886,3.35832,136.098,0.84672,12.849,0.84672,3695.15,0,18.483,0,1.5958,1.61418,7.68502,0.879933,10.0151,0.42336,18.483,0.42336,0,0,442.007,0,1.02816,0,0,2.62396,1.5958,1.028160,1,0,147.543,0,0,0,147.543,0
72.29,2.06993,0,0,4.82199,0.306258,2.44581,3.6288,61.308,0.342305,0,0,1.53451,0.157991,1.03421,0.66528,12.849,1,0.367914,2.44581,0,93.0485,3.35832,91.768,0.84672,12.849,0.84672,3695.15,0,18.483,0,1.10956,1.61451,5.92227,0.879933,7.76641,0.42336,18.483,0.42336,0,0,442.007,0,1.02816,0,0,2.13772,1.10956,1.028160,1,0,100.569,0,0,0,100.569,0
72.29,1.80793,0,0,4.02025,0.299738,1.91258,3.6288,61.308,0.149054,0,0,1.48998,0.180026,1.1609,0.66528,12.849,1,0.321346,1.91258,0,71.2429,3.38452,69.4496,0.84672,12.849,0.84672,3695.15,0,18.483,0,1.34048,1.61485,7.21342,0.967103,9.20165,0.42336,18.483,0.42336,0,0,442.007,0,1.02816,0,0,2.36864,1.34048,1.028160,1,0,79.8121,0,0,0,79.8121,0
72.29,1.80831,0,0,4.4309,0.293525,2.32907,3.6288,61.308,0.1493,0,0,3.05017,0.204213,2.69666,0.66528,12.849,1,0.321413,2.32907,0,92.5347,3.53651,91.0058,0.84672,12.849,0.84672,3695.15,0,18.483,0,2.82462,1.39517,12.9514,1.07042,16.1008,0.42336,18.483,0.42336,0,0,442.007,0,1.02816,0,0,3.85278,2.82462,1.028160,1,0,109.803,0,0,0,109.803,0
72.29,1.80869,0,0,3.83242,0.301677,1.72205,3.6288,61.308,0.149546,0,0,1.67763,0.193386,1.3347,0.66528,12.849,1,0.321481,1.72205,0,68.8064,3.41235,66.7946,0.84672,12.849,0.84672,3695.15,0,18.483,0,1.48732,1.39546,8.48595,1.03592,10.3328,0.42336,18.483,0.42336,0,0,442.007,0,1.02816,0,0,2.51548,1.48732,1.028160,1,0,78.4621,0,0,0,78.4621,0
72.29,1.80907,0,0,3.75247,0.35059,1.59282,3.6288,61.308,0.149793,0,0,1.60255,0.12842,1.32433,0.66528,12.849,1,0.321548,1.59282,0,55.3408,2.66742,53.9447,0.84672,12.849,0.84672,3695.15,0,18.483,0,1.43507,1.39575,7.37027,0.82888,9.37221,0.42336,18.483,0.42336,0,0,442.007,0,1.02816,0,0,2.46323,1.43507,1.028160,1,0,64.6412,0,0,0,64.6412,0
72.29,1.80945,0,0,3.5833,0.340923,1.43293,3.6288,61.308,0.150039,0,0,1.65624,0.187474,1.31872,0.66528,12.849,1,0.321615,1.43293,0,78.2171,4.02753,75.3008,0.84672,12.849,0.84672,3695.15,0,18.483,0,1.73048,1.39604,8.46923,1.18468,10.4111,0.42336,18.483,0.42336,0,0,442.007,0,1.02816,0,0,2.75864,1.73048,1.028160,1,0,87.0306,0,0,0,87.0306,0
72.29,1.87595,0,0,3.79021,0.347664,1.5666,3.6288,61.308,0.197682,0,0,1.33997,0.191964,0.950323,0.66528,12.849,1,0.333436,1.5666,0,73.7752,4.41336,70.595,0.84672,12.849,0.84672,3695.15,0,18.483,0,1.39749,1.39634,5.46002,1.20019,7.05366,0.42336,18.483,0.42336,0,0,442.007,0,1.02816,0,0,2.42565,1.39749,1.028160,1,0,78.599,0,0,0,78.599,0
72.29,1.87634,0,0,3.09366,0.347664,0.869648,3.6288,61.308,0.197938,0,0,1.09762,0.191964,0.707715,0.66528,12.849,1,0.333506,0.869648,0,57.7463,4.41336,53.8691,0.84672,12.849,0.84672,3695.15,0,18.483,0,1.02354,1.45101,5.08992,1.20019,6.36428,0.42336,18.483,0.42336,0,0,442.007,0,1.02816,0,0,2.0517,1.02354,1.028160,1,0,60.9411,0,0,0,60.9411,0
72.29,1.87674,0,0,3.16456,0.281683,1.00615,3.6288,61.308,0.198195,0,0,1.0851,0.17159,0.715313,0.66528,12.849,1,0.333576,1.00615,0,68.0729,3.3294,65.4161,0.84672,12.849,0.84672,3695.15,0,18.483,0,0.921672,1.45131,4.92033,1.07545,6.21786,0.42336,18.483,0.42336,0,0,442.007,0,1.02816,0,0,1.94983,0.921672,1.028160,1,0,72.3493,0,0,0,72.3493,0
72.29,1.87713,0,0,2.66674,0.270686,0.51893,3.6288,61.308,0.198452,0,0,0.935626,0.168194,0.56898,0.66528,12.849,1,0.333645,0.51893,0,56.0813,3.14874,53.1178,0.84672,12.849,0.84672,3695.15,0,18.483,0,0.745399,1.45162,4.55148,1.05466,5.69383,0.42336,18.483,0.42336,0,0,442.007,0,1.02816,0,0,1.77356,0.745399,1.028160,1,0,59.3806,0,0,0,59.3806,0
72.29,1.85164,0,0,2.69325,0.253634,0.587974,3.6288,61.308,0.180285,0,0,1.05119,0.192833,0.678068,0.66528,12.849,1,0.329116,0.587974,0,49.6684,3.79206,46.1352,0.84672,12.849,0.84672,3695.15,0,18.483,0,1.14283,1.45192,6.49652,1.18993,7.90134,0.42336,18.483,0.42336,0,0,442.007,0,1.02816,0,0,2.17099,1.14283,1.028160,1,0,54.7146,0,0,0,54.7146,0
72.29,1.85203,0,0,3.215,0.250792,1.11217,3.6288,61.308,0.180537,0,0,1.14839,0.19694,0.770917,0.66528,12.849,1,0.329185,1.11217,0,51.7743,3.89928,48.658,0.84672,12.849,0.84672,3695.15,0,18.483,0,1.21081,1.43104,5.69685,1.21247,7.12623,0.42336,18.483,0.42336,0,0,442.007,0,1.02816,0,0,2.23897,1.21081,1.028160,1,0,56.5551,0,0,0,56.5551,0
72.29,1.85242,0,0,3.60096,0.227958,1.52058,3.6288,61.308,0.18079,0,0,1.18151,0.202295,0.798426,0.66528,12.849,1,0.329253,1.52058,0,62.1819,4.06182,59.3114,0.84672,12.849,0.84672,3695.15,0,18.483,0,1.31119,1.43134,5.49191,1.18238,7.05206,0.42336,18.483,0.42336,0,0,442.007,0,1.02816,0,0,2.33935,1.31119,1.028160,1,0,67.1619,0,0,0,67.1619,0
72.29,1.85281,0,0,2.46532,0.197514,0.415,3.6288,61.308,0.181043,0,0,1.02671,0.209435,0.63623,0.66528,12.849,1,0.329322,0.415,0,45.7432,4.27854,41.5503,0.84672,12.849,0.84672,3695.15,0,18.483,0,0.979214,1.43164,4.93394,1.14226,6.20253,0.42336,18.483,0.42336,0,0,442.007,0,1.02816,0,0,2.00737,0.979214,1.028160,1,0,48.3891,0,0,0,48.3891,0
72.2211,1.9411,0,0,2.42277,0.187673,0.36288,3.6288,61.308,0.246686,0,0,0.975223,0.217722,0.510815,0.66528,12.849,1,0.345017,0.36288,0,43.336,4.29798,39.0559,0.84672,12.849,0.84672,3695.15,0,18.483,0,1.05444,1.43194,4.72187,1.16147,6.04678,0.42336,18.483,0.42336,0,0,442.007,0,1.02816,0,0,2.0826,1.05444,1.028160,1,0,45.6135,0,0,0,45.6135,0
72.268,1.94095,0,0,2.5252,0.174461,0.36288,3.6288,61.308,0.246953,0,0,0.996598,0.22877,0.520875,0.66528,12.849,1,0.345318,0.36288,0,43.7316,4.3239,39.4253,0.84672,12.849,0.84672,3695.15,0,18.483,0,1.17547,1.50637,4.7858,1.18709,6.28055,0.42336,18.483,0.42336,0,0,442.007,0,1.02816,0,0,2.20363,1.17547,1.028160,1,0,46.2267,0,0,0,46.2267,0
72.2372,1.94174,0,0,2.44836,0.174523,0.36288,3.6288,61.308,0.247219,0,0,0.911373,0.22877,0.435384,0.66528,12.849,1,0.345234,0.36288,0,40.2041,4.3239,35.8978,0.84672,12.849,0.84672,3695.15,0,18.483,0,0.931556,1.50669,4.45134,1.18709,5.70249,0.42336,18.483,0.42336,0,0,442.007,0,1.02816,0,0,1.95972,0.931556,1.028160,1,0,42.0357,0,0,0,42.0357,0
71.9657,1.94189,0,0,2.17897,0.145702,0.36288,3.6288,61.308,0.247486,0,0,0.865045,0.247657,0.369902,0.66528,12.849,1,0.345409,0.36288,0,35.5674,4.5381,31.0468,0.84672,12.849,0.84672,3695.15,0,18.483,0,0.849148,1.507,4.3302,1.24182,5.44453,0.42336,18.483,0.42336,0,0,442.007,0,1.02816,0,0,1.87731,0.849148,1.028160,1,0,36.8612,0,0,0,36.8612,0
71.5448,1.94009,0,0,2.00265,0.120613,0.36288,3.6288,61.308,0.247753,0,0,0.819737,0.254969,0.317016,0.66528,12.849,1,0.346389,0.36288,0,32.4188,4.7493,27.686,0.84672,12.849,0.84672,3695.15,0,18.483,0,0.739783,1.50732,3.99857,1.27805,4.96762,0.42336,18.483,0.42336,0,0,442.007,0,1.02816,0,0,1.76794,0.739783,1.028160,1,0,32.9707,0,0,0,32.9707,0
70.7034,1.91969,0,0,1.54195,0.100807,0.36288,3.6288,61.308,0.283997,0,0,0.685835,0.213848,0.187989,0.66528,12.849,1,0.344764,0.36288,0,23.7373,5.0526,18.7028,0.84672,12.849,0.84672,3695.15,0,18.483,0,0.523031,1.50763,2.22928,1.24918,3.01077,0.42336,18.483,0.42336,0,0,442.007,0,1.02816,0,0,1.55119,0.523031,1.028160,1,0,21.9016,0,0,0,21.9016,0
69.7526,1.91315,0,0,1.42544,0.10016,0.36288,3.6288,61.308,0.284271,0,0,0.663051,0.213848,0.164931,0.66528,12.849,1,0.347679,0.36288,0,23.5939,5.0526,18.5565,0.84672,12.849,0.84672,3695.15,0,18.483,0,0.4968,1.53107,2.26051,1.24918,3.0392,0.42336,18.483,0.42336,0,0,442.007,0,1.02816,0,0,1.52496,0.4968,1.028160,1,0,21.7606,0,0,0,21.7606,0
68.6788,1.90558,0,0,1.29406,0.0994282,0.36288,3.6288,61.308,0.284546,0,0,0.626378,0.213848,0.127983,0.66528,12.849,1,0.351023,0.36288,0,22.8928,5.0526,17.8521,0.84672,12.849,0.84672,3695.15,0,18.483,0,0.347198,1.53139,2.12484,1.24918,2.75425,0.42336,18.483,0.42336,0,0,442.007,0,1.02816,0,0,1.37536,0.347198,1.028160,1,0,20.7343,0,0,0,20.7343,0
67.5147,1.89678,0,0,1.18491,0.089342,0.36288,3.6288,61.308,0.28482,0,0,0.596148,0.235787,0.075541,0.66528,12.849,1,0.354866,0.36288,0,20.1887,5.3349,14.8618,0.84672,12.849,0.84672,3695.15,0,18.483,0,0.290762,1.53171,2.06354,1.35222,2.53379,0.42336,18.483,0.42336,0,0,442.007,0,1.02816,0,0,1.31892,0.290762,1.028160,1,0,17.4711,0,0,0,17.4711,0
66.3331,1.93103,0,0,1.18716,0.0749071,0.36288,3.6288,61.1309,0.406764,0,0,0.523435,0.293777,0,0.66528,12.849,1,0.367502,0.36288,0,22.3485,5.9601,16.3838,0.84672,12.849,0.84672,3695.15,0,18.483,0,0.261274,1.53203,1.81843,1.49659,2.11515,0.42336,18.483,0.42336,0,0,442.007,0,0.938581,0,0,1.19985,0.261274,1.028160,1,0,18.4989,0,0,0,18.4989,0
65.0984,1.92059,0,0,1.12669,0.0779022,0.36288,3.6288,60.8518,0.427471,0,0,0.443071,0.294704,0,0.66528,12.849,1,0.372026,0.36288,0,17.704,5.92788,11.7669,0.84672,12.849,0.84672,3695.15,0,18.483,0,0.261274,1.56923,1.64833,1.45129,2.02754,0.42336,18.483,0.42336,0,0,442.007,0,0.918156,0,0,1.17943,0.261274,1.028160,1,0,13.7945,0,0,0,13.7945,0
63.7807,1.90937,0,0,1.03166,0.0771378,0.36288,3.6288,60.4029,0.565128,0,0,0.410377,0.294184,0,0.66528,12.849,1,0.376868,0.36288,0,16.8274,5.92788,10.8855,0.84672,12.849,0.84672,3695.15,0,18.483,0,0.227405,1.56955,1.44887,1.45129,1.79453,0.42336,18.483,0.42336,0,0,442.007,0,0.78078,0,0,1.00818,0.227405,1.028160,1,0,12.68,0,0,0,12.68,0
62.5436,1.89703,0,0,1.09001,0.0671532,0.36288,3.6288,60.2117,0.363761,0,0,0.471105,0.298497,0,0.66528,12.849,1,0.382169,0.36288,0,16.5038,6.07743,10.4071,0.84672,12.849,0.84672,3695.15,0,18.483,0,0.227405,1.56988,1.91666,1.48117,2.23278,0.42336,18.483,0.42336,0,0,442.007,0,0.982428,0,0,1.20983,0.227405,1.028160,1,0,12.6398,0,0,0,12.6398,0
61.1548,2.01105,0,0,1.04801,0.0628704,0.36288,3.6288,59.9071,0.478974,0,0,0.447854,0.273507,0,0.66528,12.849,1,0.413151,0.36288,0,16.0606,6.07951,9.93076,0.84672,12.849,0.84672,3695.15,0,18.483,0,0.227405,1.57021,1.82365,1.52614,2.09513,0.42336,18.483,0.42336,0,0,442.007,0,0.983422,0,0,1.21083,0.227405,1.028160,1,0,12.0259,0,0,0,12.0259,0
59.5389,1.99634,0,0,0.799502,0.0562052,0.36288,3.6288,59.3093,0.645929,0,0,0.357618,0.309499,0,0.66528,12.849,1,0.419443,0.36288,0,14.9431,6.13651,8.75006,0.84672,12.849,0.84672,3695.15,0,18.483,0,0.227405,1.69552,1.38693,1.57359,1.73626,0.42336,18.483,0.42336,0,0,442.007,0,0.816774,0,0,1.04418,0.227405,1.028160,1,0,10.4863,0,0,0,10.4863,0
57.8982,1.97856,0,0,0.75619,0.0554013,0.36288,3.6288,58.6414,0.688467,0,0,0.328914,0.308319,0,0.66528,12.849,1,0.426991,0.36288,0,13.4296,6.13651,7.22896,0.84672,12.849,0.84672,3695.15,0,18.483,0,0.204422,1.69587,1.37118,1.57359,1.69788,0.42336,18.483,0.42336,0,0,442.007,0,0.774541,0,0,0.978964,0.204422,1.028160,1,0,8.92684,0,0,0,8.92684,0
56.5653,1.95983,0,0,1.04427,0.0545282,0.36288,3.6288,58.1419,0.556754,0,0,0.364262,0.307001,0,0.66528,12.849,1,0.434933,0.36288,0,14.405,6.13651,8.19647,0.84672,12.849,0.84672,3695.15,0,18.483,0,0.204422,1.69623,1.52856,1.57359,1.85562,0.42336,18.483,0.42336,0,0,442.007,0,0.906561,0,0,1.11098,0.204422,1.028160,1,0,10.0521,0,0,0,10.0521,0
55.7002,1.94415,0,0,1.52038,0.0784333,0.36288,3.6288,57.8925,0.43546,0,0,0.484873,0.298792,0,0.66528,12.849,1,0.441621,0.36288,0,24.0378,5.9966,17.9624,0.84672,12.849,0.84672,3695.15,0,18.483,0,0.221754,1.69658,1.69988,1.55123,2.06699,0.42336,18.483,0.42336,0,0,442.007,0,1.02816,0,0,1.24991,0.221754,1.028160,1,0,20.0294,0,0,0,20.0294,0
54.0138,1.87485,0,0,0.624749,0.0734305,0.36288,3.6288,57.2111,0.71351,0,0,0.30288,0.270789,0,0.66528,12.849,1,0.432493,0.36288,0,8.6972,4.62777,3.99981,0.84672,12.849,0.84672,3695.15,0,18.483,0,0.204422,1.69694,0.808885,1.33596,1.37429,0.42336,18.483,0.42336,0,0,442.007,0,0.67998,0,0,0.884403,0.204422,1.028160,1,0,5.3741,0,0,0,5.3741,0
52.2756,1.8544,0,0,0.551257,0.0721954,0.36288,3.6288,56.0622,1.05505,0,0,0.175782,0.269597,0,0.66528,12.849,1,0.441131,0.36288,0,8.90862,4.62777,4.2026,0.84672,12.849,0.84672,3695.15,0,18.483,0,0.216518,1.62559,0.621299,1.33596,1.12745,0.42336,18.483,0.42336,0,0,442.007,0,0.338736,0,0,0.555254,0.216518,1.028160,1,0,5.33005,0,0,0,5.33005,0
50.4649,1.83242,0,0,0.455532,0.0709224,0.36288,3.6288,54.8326,1.11687,0,0,0.15486,0.267587,0,0.66528,12.849,1,0.450397,0.36288,0,8.22528,4.62777,3.50999,0.84672,12.849,0.84672,3695.15,0,18.483,0,0.216518,1.62593,0.575379,1.33596,1.08187,0.42336,18.483,0.42336,0,0,442.007,0,0.277199,0,0,0.493717,0.216518,1.028160,1,0,4.59187,0,0,0,4.59187,0
48.9898,1.80848,0,0,0.846769,0.150434,0.36288,3.6288,53.8868,0.99404,0,0,0.240921,0.192733,0,0.66528,12.849,1,0.460463,0.36288,0,14.5231,3.58962,10.8359,0.84672,12.849,0.84672,3695.15,0,18.483,0,0.216518,1.62627,0.999011,1.01147,1.83034,0.42336,18.483,0.42336,0,0,442.007,0,0.400325,0,0,0.616843,0.216518,1.028160,1,0,12.6662,0,0,0,12.6662,0
48.4748,1.74204,0,0,1.7701,0.180184,0.36288,3.6288,53.2053,0.81725,0,0,0.321081,0.185343,0,0.66528,12.849,1,0.456901,0.36288,0,26.3253,3.67572,22.5556,0.84672,12.849,0.84672,3695.15,0,18.483,0,0.216518,1.62661,1.6909,0.851754,2.68228,0.42336,18.483,0.42336,0,0,442.007,0,0.513238,0,0,0.729757,0.216518,1.028160,1,0,25.2378,0,0,0,25.2378,0
47.3149,1.73522,0,0,1.11749,0.179376,0.36288,3.6288,52.2629,0.923172,0,0,0.182136,0.201296,0,0.66528,12.849,1,0.459946,0.36288,0,15.3892,4.05174,11.2404,0.84672,12.849,0.84672,3695.15,0,18.483,0,0.216518,1.56319,1.34123,0.829315,2.29162,0.42336,18.483,0.42336,0,0,442.007,0,0.407595,0,0,0.624114,0.216518,1.028160,1,0,13.532,0,0,0,13.532,0
47.1438,1.71903,0,0,2.088,0.177118,0.36288,3.6288,52.2572,0.302885,0,0,0.496937,0.199781,0,0.66528,12.849,1,0.466827,0.36288,0,30.6596,4.05174,26.5039,0.84672,12.849,0.84672,3695.15,0,18.483,0,0.883587,1.56351,2.95896,0.829315,4.57674,0.42336,18.483,0.42336,0,0,442.007,0,1.02816,0,0,1.91175,0.883587,1.028160,1,0,31.0806,0,0,0,31.0806,0
48.7109,1.71691,0,0,3.83265,0.185827,0.36288,3.6288,52.6615,0.303164,0,0,0.899814,0.192404,0,0.66528,12.849,1,0.467942,0.36288,0,58.9485,3.94291,54.9005,0.84672,12.849,0.84672,3695.15,0,18.483,0,0.854721,1.56384,3.87251,0.798488,5.49258,0.42336,18.483,0.42336,0,0,442.007,0,1.02816,0,0,1.88288,0.854721,1.028160,1,0,60.3931,0,0,0,60.3931,0
50.6165,1.6086,0,0,4.09971,0.222551,0.36288,3.6288,52.8026,0.252502,0,0,0.5721,0.178436,0,0.66528,12.849,1,0.424319,0.36288,0,53.4464,3.56207,49.8228,0.84672,12.849,0.84672,3695.15,0,18.483,0,0.292723,1.56417,2.83841,0.696608,3.99869,0.42336,18.483,0.42336,0,0,442.007,0,0.945345,0,0,1.23807,0.292723,1.028160,1,0,53.8215,0,0,0,53.8215,0
53.4606,1.633,0,0,5.07181,0.231899,0.36288,3.6288,52.8303,0.169938,0,0,0.403056,0.205431,0,0.66528,12.849,1,0.414538,0.36288,0,71.7387,3.76215,67.9249,0.84672,12.849,0.84672,3695.15,0,18.483,0,0.611755,1.42081,3.23743,0.97924,4.29075,0.42336,18.483,0.42336,0,0,442.007,0,1.02816,0,0,1.63992,0.611755,1.028160,1,0,72.2156,0,0,0,72.2156,0
54.5027,1.66726,0,0,3.31109,0.238828,0.36288,3.6288,52.1071,0.756896,0,0,0.239119,0.205477,0,0.66528,12.849,1,0.400718,0.36288,0,40.7082,3.76215,36.9082,0.84672,12.849,0.84672,3695.15,0,18.483,0,0.412474,1.42111,2.72221,0.97924,3.57655,0.42336,18.483,0.42336,0,0,442.007,0,0.441452,0,0,0.853926,0.412474,1.028160,1,0,40.4848,0,0,0,40.4848,0
56.2031,1.67947,0,0,4.00323,0.260427,0.36288,3.6288,51.5103,0.626743,0,0,0.254332,0.224332,0,0.66528,12.849,1,0.395935,0.36288,0,41.3135,4.21929,37.0611,0.84672,12.849,0.84672,3695.15,0,18.483,0,0.412474,1.4214,3.65052,1.12184,4.36255,0.42336,18.483,0.42336,0,0,442.007,0,0.571856,0,0,0.984329,0.412474,1.028160,1,0,41.4237,0,0,0,41.4237,0
57.9922,1.69858,0,0,4.12993,0.279437,0.36288,3.6288,51.0094,0.567361,0,0,0.304671,0.238215,0,0.66528,12.849,1,0.388325,0.36288,0,66.175,4.56215,61.5874,0.84672,12.849,0.84672,3695.15,0,18.483,0,0.412474,1.4217,3.66503,1.2288,4.2704,0.42336,18.483,0.42336,0,0,442.007,0,0.631489,0,0,1.04396,0.412474,1.028160,1,0,65.8578,0,0,0,65.8578,0
59.0449,1.77172,0,0,3.39312,0.205826,0.36288,3.6288,51.2523,0.209707,0,0,0.639869,0.187282,0,0.66528,12.849,1,0.392549,0.36288,0,83.4297,3.62803,79.772,0.84672,12.849,0.84672,3695.15,0,18.483,0,1.84251,1.422,5.66214,1.044,7.88265,0.42336,18.483,0.42336,0,0,442.007,0,1.02816,0,0,2.87067,1.84251,1.028160,1,0,87.6546,0,0,0,87.6546,0
59.5578,1.78322,0,0,2.85371,0.194709,0.36288,3.6288,51.4896,0.209955,0,0,0.626558,0.179308,0,0.66528,12.849,1,0.388055,0.36288,0,73.1782,3.47235,69.6807,0.84672,12.849,0.84672,3695.15,0,18.483,0,1.7713,1.46778,4.74341,1.0132,6.96929,0.42336,18.483,0.42336,0,0,442.007,0,1.02816,0,0,2.79946,1.7713,1.028160,1,0,76.65,0,0,0,76.65,0
60.2272,1.78892,0,0,3.07684,0.255603,0.36288,3.6288,51.8911,0.210203,0,0,0.792723,0.181039,0,0.66528,12.849,1,0.385943,0.36288,0,67.2434,3.66765,63.5527,0.84672,12.849,0.84672,3695.15,0,18.483,0,1.94426,1.46807,5.05016,1.08407,7.37842,0.42336,18.483,0.42336,0,0,442.007,0,1.02816,0,0,2.97242,1.94426,1.028160,1,0,70.9311,0,0,0,70.9311,0
61.1573,1.79616,0,0,3.35178,0.262586,0.36288,3.6288,52.1319,0.210452,0,0,0.627025,0.17577,0,0.66528,12.849,1,0.383198,0.36288,0,72.0939,3.45639,68.6172,0.84672,12.849,0.84672,3695.15,0,18.483,0,1.95903,1.46837,4.45058,0.914656,6.96331,0.42336,18.483,0.42336,0,0,442.007,0,1.02816,0,0,2.98719,1.95903,1.028160,1,0,75.5805,0,0,0,75.5805,0
61.2792,1.98207,0,0,2.7291,0.262287,0.36288,3.6288,52.1999,0.356364,0,0,0.583451,0.159058,0,0.66528,12.849,1,0.416428,0.36288,0,60.5014,3.53959,56.9083,0.84672,12.849,0.84672,3695.15,0,18.483,0,1.41325,1.46866,4.03847,0.924845,5.99554,0.42336,18.483,0.42336,0,0,442.007,0,1.02816,0,0,2.44141,1.41325,1.028160,1,0,62.9038,0,0,0,62.9038,0
59.8337,1.9838,0,0,1.16058,0.259395,0.36288,3.6288,52.2364,0.356641,0,0,0.529521,0.136394,0,0.66528,12.849,1,0.415963,0.36288,0,32.7692,3.65053,29.0656,0.84672,12.849,0.84672,3695.15,0,18.483,0,0.575726,1.63142,3.78459,0.93843,5.0533,0.42336,18.483,0.42336,0,0,442.007,0,1.02816,0,0,1.60389,0.575726,1.028160,1,0,34.1189,0,0,0,34.1189,0
61.04,1.96812,0,0,3.79339,0.256145,0.36288,3.6288,52.7917,0.356919,0,0,1.04866,0.136434,0,0.66528,12.849,1,0.422643,0.36288,0,69.8649,3.65053,66.1546,0.84672,12.849,0.84672,3695.15,0,18.483,0,3.04066,1.63175,7.21074,0.93843,10.9447,0.42336,18.483,0.42336,0,0,442.007,0,1.02816,0,0,4.06882,3.04066,1.028160,1,0,77.0994,0,0,0,77.0994,0
60.7205,1.98197,0,0,2.28426,0.258881,0.36288,3.6288,52.8477,0.357197,0,0,0.550253,0.137043,0,0.66528,12.849,1,0.417208,0.36288,0,49.1556,3.65053,45.4508,0.84672,12.849,0.84672,3695.15,0,18.483,0,1.33214,1.63207,4.66072,0.93843,6.6865,0.42336,18.483,0.42336,0,0,442.007,0,1.02816,0,0,2.3603,1.33214,1.028160,1,0,52.1373,0,0,0,52.1373,0
60.4663,1.72801,0,0,2.09388,0.257161,0.36288,3.6288,53.0883,0.198616,0,0,0.580219,0.140995,0,0.66528,12.849,1,0.365662,0.36288,0,38.8518,3.72112,35.1279,0.84672,12.849,0.84672,3695.15,0,18.483,0,0.608429,1.6324,4.19056,0.930555,5.50083,0.42336,18.483,0.42336,0,0,442.007,0,0.99138,0,0,1.59981,0.608429,1.028160,1,0,40.6288,0,0,0,40.6288,0
61.8316,1.72588,0,0,3.73494,0.280854,0.36288,3.6288,53.7875,0.162074,0,0,0.998646,0.137359,0,0.66528,12.849,1,0.366748,0.36288,0,63.1333,3.87356,59.2558,0.84672,12.849,0.84672,3695.15,0,18.483,0,0.646065,1.41032,5.84342,0.959107,6.9407,0.42336,18.483,0.42336,0,0,442.007,0,1.02816,0,0,1.67422,0.646065,1.028160,1,0,66.1965,0,0,0,66.1965,0
62.9683,1.73934,0,0,3.52292,0.28405,0.36288,3.6288,54.4696,0.162313,0,0,0.982472,0.138127,0,0.66528,12.849,1,0.361446,0.36288,0,61.3683,3.87356,57.4962,0.84672,12.849,0.84672,3695.15,0,18.483,0,0.701024,1.4106,4.94395,0.959107,6.09646,0.42336,18.483,0.42336,0,0,442.007,0,1.02816,0,0,1.72918,0.701024,1.028160,1,0,63.5926,0,0,0,63.5926,0
65.4169,1.75031,0,0,4.82106,0.25921,0.36288,3.6288,55.3861,0.162552,0,0,1.21147,0.132398,0,0.66528,12.849,1,0.35716,0.36288,0,70.4118,4.17116,66.2464,0.84672,12.849,0.84672,3695.15,0,18.483,0,0.916523,1.41088,6.12815,1.0169,7.43866,0.42336,18.483,0.42336,0,0,442.007,0,1.02816,0,0,1.94468,0.916523,1.028160,1,0,73.6851,0,0,0,73.6851,0
66.9121,1.77271,0,0,3.89624,0.265457,0.36288,3.6288,56.2252,0.162791,0,0,1.13612,0.134165,0,0.66528,12.849,1,0.348191,0.36288,0,72.1513,3.93098,68.2351,0.84672,12.849,0.84672,3695.15,0,18.483,0,0.833458,1.41116,6.3927,0.992875,7.64445,0.42336,18.483,0.42336,0,0,442.007,0,1.02816,0,0,1.86162,0.833458,1.028160,1,0,75.8795,0,0,0,75.8795,0
69.0832,1.85125,0,0,4.64028,0.255087,0.36288,3.6288,56.9353,0.210938,0,0,1.09413,0.173155,0,0.66528,12.849,1,0.355491,0.36288,0,69.9314,4.92829,65.0105,0.84672,12.849,0.84672,3695.15,0,18.483,0,0.993661,1.41145,5.27421,1.01574,6.66357,0.42336,18.483,0.42336,0,0,442.007,0,1.02816,0,0,2.02182,0.993661,1.028160,1,0,71.674,0,0,0,71.674,0
69.7161,1.87037,0,0,3.1671,0.300958,0.36288,3.6288,57.2127,0.404274,0,0,0.843826,0.162154,0,0.66528,12.849,1,0.347875,0.36288,0,46.2171,4.48077,41.7513,0.84672,12.849,0.84672,3695.15,0,18.483,0,0.528595,1.4667,4.18365,1.06877,5.11018,0.42336,18.483,0.42336,0,0,442.007,0,0.835073,0,0,1.36367,0.528595,1.028160,1,0,46.8615,0,0,0,46.8615,0
69.9485,1.87605,0,0,2.77381,0.302439,0.36288,3.6288,57.5052,0.383078,0,0,0.838063,0.162447,0,0.66528,12.849,1,0.345766,0.36288,0,39.8441,4.48077,35.3804,0.84672,12.849,0.84672,3695.15,0,18.483,0,0.528595,1.46699,4.26891,1.06877,5.19574,0.42336,18.483,0.42336,0,0,442.007,0,0.856518,0,0,1.38511,0.528595,1.028160,1,0,40.5761,0,0,0,40.5761,0
69.9079,1.87837,0,0,2.50357,0.302983,0.36288,3.6288,58.0816,0.211684,0,0,0.950789,0.162755,0,0.66528,12.849,1,0.345041,0.36288,0,35.5198,4.48077,31.0569,0.84672,12.849,0.84672,3695.15,0,18.483,0,0.626962,1.46729,5.03925,1.06877,6.06473,0.42336,18.483,0.42336,0,0,442.007,0,1.02816,0,0,1.65512,0.626962,1.028160,1,0,37.1216,0,0,0,37.1216,0
70.1194,1.85252,0,0,2.69661,0.269705,0.36288,3.6288,58.4946,0.193311,0,0,0.762192,0.155811,0,0.66528,12.849,1,0.340491,0.36288,0,43.4741,4.15152,39.3449,0.84672,12.849,0.84672,3695.15,0,18.483,0,0.646402,1.46758,3.81633,1.06974,4.86058,0.42336,18.483,0.42336,0,0,442.007,0,1.02816,0,0,1.67456,0.646402,1.028160,1,0,44.2055,0,0,0,44.2055,0
69.6308,1.85462,0,0,2.02001,0.291045,0.36288,3.6288,58.3629,0.572506,0,0,0.611096,0.170329,0,0.66528,12.849,1,0.339849,0.36288,0,32.7535,4.25839,28.5182,0.84672,12.849,0.84672,3695.15,0,18.483,0,0.528595,1.44646,2.82614,1.0944,3.70679,0.42336,18.483,0.42336,0,0,442.007,0,0.64921,0,0,1.1778,0.528595,1.028160,1,0,32.225,0,0,0,32.225,0
68.9854,1.85098,0,0,1.81691,0.248529,0.36288,3.6288,58.136,0.531089,0,0,0.506857,0.202703,0,0.66528,12.849,1,0.341562,0.36288,0,29.3826,4.58446,24.8194,0.84672,12.849,0.84672,3695.15,0,18.483,0,0.402797,1.44675,2.5886,1.11789,3.32026,0.42336,18.483,0.42336,0,0,442.007,0,0.690872,0,0,1.09367,0.402797,1.028160,1,0,28.1397,0,0,0,28.1397,0
68.3212,1.84599,0,0,1.75091,0.206209,0.36288,3.6288,57.959,0.485516,0,0,0.530209,0.221632,0,0.66528,12.849,1,0.343829,0.36288,0,28.14,4.75745,23.4016,0.84672,12.849,0.84672,3695.15,0,18.483,0,0.402797,1.44704,2.7487,1.12821,3.47033,0.42336,18.483,0.42336,0,0,442.007,0,0.73669,0,0,1.13949,0.402797,1.028160,1,0,26.8719,0,0,0,26.8719,0
67.5019,1.92809,0,0,1.66835,0.196661,0.36288,3.6288,57.7573,0.509474,0,0,0.527532,0.219755,0,0.66528,12.849,1,0.362612,0.36288,0,27.0663,4.67023,22.3963,0.84672,12.849,0.84672,3695.15,0,18.483,0,0.402797,1.44733,2.75225,1.12749,3.47489,0.42336,18.483,0.42336,0,0,442.007,0,0.779069,0,0,1.18187,0.402797,1.028160,1,0,25.8712,0,0,0,25.8712,0
66.8126,1.92115,0,0,1.76907,0.174333,0.36288,3.6288,57.6874,0.403677,0,0,0.54916,0.215415,0,0.66528,12.849,1,0.365691,0.36288,0,27.927,4.45221,23.472,0.84672,12.849,0.84672,3695.15,0,18.483,0,0.402797,1.52256,2.51517,1.12569,3.31484,0.42336,18.483,0.42336,0,0,442.007,0,0.885125,0,0,1.28792,0.402797,1.028160,1,0,26.7868,0,0,0,26.7868,0
65.9118,1.91527,0,0,1.54377,0.166488,0.36288,3.6288,57.5905,0.387372,0,0,0.51043,0.219931,0,0.66528,12.849,1,0.368333,0.36288,0,24.9609,4.50576,20.4497,0.84672,12.849,0.84672,3695.15,0,18.483,0,0.30119,1.52286,2.43268,1.13937,3.11736,0.42336,18.483,0.42336,0,0,442.007,0,0.901688,0,0,1.20288,0.30119,1.028160,1,0,23.567,0,0,0,23.567,0
64.9712,1.90733,0,0,1.45386,0.124202,0.36288,3.6288,57.3901,0.442166,0,0,0.489169,0.247458,0,0.66528,12.849,1,0.37182,0.36288,0,22.3829,4.82706,17.5469,0.84672,12.849,0.84672,3695.15,0,18.483,0,0.30119,1.52317,2.30073,1.22146,2.90362,0.42336,18.483,0.42336,0,0,442.007,0,0.847152,0,0,1.14834,0.30119,1.028160,1,0,20.4505,0,0,0,20.4505,0
63.9616,1.89886,0,0,1.37544,0.123271,0.36288,3.6288,57.0773,0.529818,0,0,0.464224,0.247137,0,0.66528,12.849,1,0.375527,0.36288,0,22.4552,4.82706,17.6155,0.84672,12.849,0.84672,3695.15,0,18.483,0,0.30119,1.52347,2.44887,1.22146,3.05207,0.42336,18.483,0.42336,0,0,442.007,0,0.759758,0,0,1.06095,0.30119,1.028160,1,0,20.6676,0,0,0,20.6676,0
62.9233,1.87261,0,0,1.30245,0.10528,0.36288,3.6288,57.088,0.298037,0,0,0.550376,0.241699,0,0.66528,12.849,1,0.376182,0.36288,0,22.328,5.25819,17.0565,0.84672,12.849,0.84672,3695.15,0,18.483,0,0.872916,1.52378,2.7526,1.24589,3.90341,0.42336,18.483,0.42336,0,0,442.007,0,1.02816,0,0,1.90108,0.872916,1.028160,1,0,20.9599,0,0,0,20.9599,0
61.8184,1.86288,0,0,1.22525,0.104395,0.36288,3.6288,57.0671,0.298303,0,0,0.519179,0.241716,0,0.66528,12.849,1,0.380402,0.36288,0,22.1626,5.25819,16.8869,0.84672,12.849,0.84672,3695.15,0,18.483,0,0.746911,1.54745,2.8769,1.24589,3.92538,0.42336,18.483,0.42336,0,0,442.007,0,1.02816,0,0,1.77507,0.746911,1.028160,1,0,20.8123,0,0,0,20.8123,0
60.6155,1.85225,0,0,1.11567,0.103453,0.36288,3.6288,57.0408,0.298569,0,0,0.513931,0.241683,0,0.66528,12.849,1,0.384991,0.36288,0,21.9914,5.25819,16.7111,0.84672,12.849,0.84672,3695.15,0,18.483,0,0.749425,1.54776,2.76888,1.24589,3.82018,0.42336,18.483,0.42336,0,0,442.007,0,1.02816,0,0,1.77758,0.749425,1.028160,1,0,20.5313,0,0,0,20.5313,0
59.3193,1.84034,0,0,1.00942,0.102427,0.36288,3.6288,56.9773,0.298835,0,0,0.476947,0.241642,0,0.66528,12.849,1,0.390106,0.36288,0,19.7484,5.25819,14.4629,0.84672,12.849,0.84672,3695.15,0,18.483,0,0.528923,1.54807,2.65559,1.24589,3.4867,0.42336,18.483,0.42336,0,0,442.007,0,1.02816,0,0,1.55708,0.528923,1.028160,1,0,17.9496,0,0,0,17.9496,0
58.0151,1.86974,0,0,1.00944,0.0809266,0.36288,3.6288,56.7744,0.331534,0,0,0.42396,0.295306,0,0.66528,12.849,1,0.405,0.36288,0,18.9328,5.87967,13.011,0.84672,12.849,0.84672,3695.15,0,18.483,0,0.512274,1.54838,2.3371,1.49231,2.90545,0.42336,18.483,0.42336,0,0,442.007,0,1.02816,0,0,1.54043,0.512274,1.028160,1,0,15.9165,0,0,0,15.9165,0
56.7393,1.8557,0,0,1.02246,0.0797086,0.36288,3.6288,56.5419,0.331806,0,0,0.397154,0.297894,0,0.66528,12.849,1,0.410994,0.36288,0,17.6778,5.85175,11.7779,0.84672,12.849,0.84672,3695.15,0,18.483,0,0.521865,1.58596,2.19359,1.4968,2.80461,0.42336,18.483,0.42336,0,0,442.007,0,1.02816,0,0,1.55002,0.521865,1.028160,1,0,14.5825,0,0,0,14.5825,0
55.3612,1.84155,0,0,0.905005,0.0787173,0.36288,3.6288,56.2851,0.332079,0,0,0.372766,0.297443,0,0.66528,12.849,1,0.417031,0.36288,0,16.6876,5.85175,10.7817,0.84672,12.849,0.84672,3695.15,0,18.483,0,0.442679,1.58628,2.19482,1.4968,2.72697,0.42336,18.483,0.42336,0,0,442.007,0,1.02816,0,0,1.47084,0.442679,1.028160,1,0,13.5087,0,0,0,13.5087,0
53.9223,1.82575,0,0,0.827435,0.0776464,0.36288,3.6288,56.0159,0.332352,0,0,0.360085,0.296946,0,0.66528,12.849,1,0.423746,0.36288,0,15.6716,5.85175,9.75896,0.84672,12.849,0.84672,3695.15,0,18.483,0,0.327033,1.5866,2.09119,1.4968,2.50802,0.42336,18.483,0.42336,0,0,442.007,0,1.02816,0,0,1.35519,0.327033,1.028160,1,0,12.267,0,0,0,12.267,0
52.2896,1.92947,0,0,0.723825,0.0642088,0.36288,3.6288,55.6057,0.451415,0,0,0.345902,0.304667,0,0.66528,12.849,1,0.459767,0.36288,0,14.424,6.05436,8.27271,0.84672,12.849,0.84672,3695.15,0,18.483,0,0.227405,1.58692,2.07643,1.51974,2.37102,0.42336,18.483,0.42336,0,0,442.007,0,1.02653,0,0,1.25393,0.227405,1.028160,1,0,10.6437,0,0,0,10.6437,0
50.6857,1.90796,0,0,0.719971,0.0530382,0.36288,3.6288,54.6146,0.925037,0,0,0.25687,0.322971,0,0.66528,12.849,1,0.468838,0.36288,0,11.5421,6.10071,5.33542,0.84672,12.849,0.84672,3695.15,0,18.483,0,0.227405,1.71354,1.61869,1.55161,2.00803,0.42336,18.483,0.42336,0,0,442.007,0,0.553202,0,0,0.780607,0.227405,1.028160,1,0,7.34345,0,0,0,7.34345,0
49.1748,1.88598,0,0,0.790145,0.0521599,0.36288,3.6288,53.8977,0.713135,0,0,0.317194,0.320872,0,0.66528,12.849,1,0.478102,0.36288,0,14.8441,6.10071,8.62819,0.84672,12.849,0.84672,3695.15,0,18.483,0,0.204422,1.71388,1.76581,1.55161,2.13251,0.42336,18.483,0.42336,0,0,442.007,0,0.7654,0,0,0.969823,0.204422,1.028160,1,0,10.7607,0,0,0,10.7607,0
47.5309,1.86447,0,0,0.634764,0.0513308,0.36288,3.6288,52.7979,1.00996,0,0,0.229426,0.319354,0,0.66528,12.849,1,0.487173,0.36288,0,14.505,6.10071,8.28,0.84672,12.849,0.84672,3695.15,0,18.483,0,0.204422,1.71423,1.41755,1.55161,1.78459,0.42336,18.483,0.42336,0,0,442.007,0,0.468876,0,0,0.673298,0.204422,1.028160,1,0,10.0646,0,0,0,10.0646,0
46.0681,1.84008,0,0,0.790543,0.0504216,0.36288,3.6288,52.4224,0.450968,0,0,0.392123,0.316592,0,0.66528,12.849,1,0.497428,0.36288,0,13.2475,6.10071,7.01228,0.84672,12.849,0.84672,3695.15,0,18.483,0,0.245462,1.71457,2.19181,1.55161,2.60024,0.42336,18.483,0.42336,0,0,442.007,0,1.02816,0,0,1.27362,0.245462,1.028160,1,0,9.61252,0,0,0,9.61252,0
44.6806,1.76206,0,0,0.7783,0.0408698,0.36288,3.6288,51.9874,0.557099,0,0,0.415811,0.293738,0,0.66528,12.849,1,0.491463,0.36288,0,12.2634,5.18424,6.95062,0.84672,12.849,0.84672,3695.15,0,18.483,0,0.204422,1.71492,1.89746,1.32401,2.4928,0.42336,18.483,0.42336,0,0,442.007,0,0.851144,0,0,1.05557,0.204422,1.028160,1,0,9.44342,0,0,0,9.44342,0
43.2123,1.74054,0,0,0.673929,0.0388031,0.36288,3.6288,51.2696,0.793133,0,0,0.36441,0.289074,0,0.66528,12.849,1,0.500535,0.36288,0,11.4717,5.03149,6.30252,0.84672,12.849,0.84672,3695.15,0,18.483,0,0.216518,1.6428,1.71304,1.28607,2.28629,0.42336,18.483,0.42336,0,0,442.007,0,0.615393,0,0,0.831911,0.216518,1.028160,1,0,8.58881,0,0,0,8.58881,0
42.0189,1.71684,0,0,0.969304,0.0829288,0.36288,3.6288,50.785,0.687886,0,0,0.448239,0.244948,0,0.66528,12.849,1,0.510496,0.36288,0,13.3885,4.40861,8.83224,0.84672,12.849,0.84672,3695.15,0,18.483,0,0.216518,1.64313,1.88501,1.09138,2.65329,0.42336,18.483,0.42336,0,0,442.007,0,0.720922,0,0,0.93744,0.216518,1.028160,1,0,11.4855,0,0,0,11.4855,0
42.1865,1.69693,0,0,2.36809,0.140664,0.36288,3.6288,51.1375,0.380931,0,0,0.921052,0.187606,0,0.66528,12.849,1,0.518905,0.36288,0,40.3773,3.57808,36.6432,0.84672,12.849,0.84672,3695.15,0,18.483,0,0.464979,1.64346,5.02082,0.831787,6.29748,0.42336,18.483,0.42336,0,0,442.007,0,1.02816,0,0,1.49314,0.464979,1.028160,1,0,42.9407,0,0,0,42.9407,0
41.5748,1.65624,0,0,1.54795,0.140585,0.36288,3.6288,50.8186,0.549104,0,0,0.428349,0.198147,0,0.66528,12.849,1,0.504449,0.36288,0,29.727,3.73775,25.8476,0.84672,12.849,0.84672,3695.15,0,18.483,0,0.216518,1.64379,2.39439,0.88952,3.36519,0.42336,18.483,0.42336,0,0,442.007,0,0.795424,0,0,1.01194,0.216518,1.028160,1,0,29.2128,0,0,0,29.2128,0
40.6704,1.64624,0,0,1.24388,0.139115,0.36288,3.6288,49.9508,0.918218,0,0,0.261312,0.210937,0,0.66528,12.849,1,0.508784,0.36288,0,22.9214,3.95062,18.8249,0.84672,12.849,0.84672,3695.15,0,18.483,0,0.216518,1.57968,2.34288,0.966497,3.17258,0.42336,18.483,0.42336,0,0,442.007,0,0.426579,0,0,0.643098,0.216518,1.028160,1,0,21.9975,0,0,0,21.9975,0
40.4113,1.63099,0,0,1.87235,0.137639,0.36288,3.6288,50.0572,0.316907,0,0,0.632813,0.209446,0,0.66528,12.849,1,0.515278,0.36288,0,35.743,3.95062,31.64,0.84672,12.849,0.84672,3695.15,0,18.483,0,0.830546,1.58,4.75073,0.966497,6.19478,0.42336,18.483,0.42336,0,0,442.007,0,1.02816,0,0,1.85871,0.830546,1.028160,1,0,37.8347,0,0,0,37.8347,0
42.8173,1.62678,0,0,4.53293,0.137216,0.36288,3.6288,50.9481,0.317177,0,0,1.41768,0.209629,0,0.66528,12.849,1,0.517243,0.36288,0,93.6708,3.95062,89.5658,0.84672,12.849,0.84672,3695.15,0,18.483,0,1.89653,1.58031,7.18676,0.966497,9.69711,0.42336,18.483,0.42336,0,0,442.007,0,1.02816,0,0,2.92469,1.89653,1.028160,1,0,99.2629,0,0,0,99.2629,0
43.3179,1.54242,0,0,2.5824,0.176542,0.36288,3.6288,51.3393,0.182285,0,0,0.746314,0.172809,0,0.66528,12.849,1,0.462861,0.36288,0,51.5518,3.41334,48.0384,0.84672,12.849,0.84672,3695.15,0,18.483,0,0.399609,1.58063,4.52993,0.780665,5.7295,0.42336,18.483,0.42336,0,0,442.007,0,1.02816,0,0,1.42777,0.399609,1.028160,1,0,53.7679,0,0,0,53.7679,0
43.1455,1.55029,0,0,1.90993,0.169195,0.36288,3.6288,51.2693,0.250913,0,0,0.351972,0.171105,0,0.66528,12.849,1,0.45985,0.36288,0,37.971,3.89258,33.9814,0.84672,12.849,0.84672,3695.15,0,18.483,0,0.292723,1.43575,3.84723,1.0374,4.5383,0.42336,18.483,0.42336,0,0,442.007,0,0.959774,0,0,1.2525,0.292723,1.028160,1,0,38.5197,0,0,0,38.5197,0
42.8157,1.54801,0,0,1.76237,0.181203,0.36288,3.6288,51.345,0.18277,0,0,0.435785,0.177268,0,0.66528,12.849,1,0.461007,0.36288,0,34.5048,3.92962,30.477,0.84672,12.849,0.84672,3695.15,0,18.483,0,0.863784,1.43604,5.01889,1.00826,6.31046,0.42336,18.483,0.42336,0,0,442.007,0,1.02816,0,0,1.89194,0.863784,1.028160,1,0,36.7875,0,0,0,36.7875,0
43.3986,1.54332,0,0,2.66956,0.180515,0.36288,3.6288,51.4886,0.183013,0,0,0.504001,0.177377,0,0.66528,12.849,1,0.46315,0.36288,0,55.7059,3.92962,51.676,0.84672,12.849,0.84672,3695.15,0,18.483,0,1.12352,1.43633,5.97148,1.00826,7.52307,0.42336,18.483,0.42336,0,0,442.007,0,1.02816,0,0,2.15168,1.12352,1.028160,1,0,59.1991,0,0,0,59.1991,0
52.5535,1.55244,0,0,11.252,0.181732,0.36288,3.6288,54.2003,0.183256,0,0,3.07253,0.177583,0,0.66528,12.849,1,0.45963,0.36288,0,229.604,3.92962,225.577,0.84672,12.849,0.84672,3695.15,0,18.483,0,1.21796,1.43662,15.9981,1.00826,17.6444,0.42336,18.483,0.42336,0,0,442.007,0,1.02816,0,0,2.24612,1.21796,1.028160,1,0,243.222,0,0,0,243.222,0
55.1607,1.72756,0,0,4.90913,0.211499,0.36288,3.6288,56.5801,0.222671,0,0,2.80486,0.202424,0,0.66528,12.849,1,0.422378,0.36288,0,105.655,3.57554,102.02,0.84672,12.849,0.84672,3695.15,0,18.483,0,0.843661,1.4369,9.12625,0.898393,10.5084,0.42336,18.483,0.42336,0,0,442.007,0,1.02816,0,0,1.87182,0.843661,1.028160,1,0,112.528,0,0,0,112.528,0
57.3367,1.75895,0,0,4.51787,0.220052,0.36288,3.6288,58.5354,0.222911,0,0,2.3733,0.195054,0,0.66528,12.849,1,0.409725,0.36288,0,87.2614,3.14654,84.068,0.84672,12.849,0.84672,3695.15,0,18.483,0,1.0947,1.48315,11.1605,0.747397,12.9909,0.42336,18.483,0.42336,0,0,442.007,0,1.02816,0,0,2.12286,1.0947,1.028160,1,0,97.0589,0,0,0,97.0589,0
58.876,1.78381,0,0,3.9109,0.224853,0.36288,3.6288,59.8158,0.223152,0,0,1.70109,0.19754,0,0.66528,12.849,1,0.399747,0.36288,0,96.8458,3.14654,93.6624,0.84672,12.849,0.84672,3695.15,0,18.483,0,0.759275,1.48344,8.99441,0.747397,10.4897,0.42336,18.483,0.42336,0,0,442.007,0,1.02816,0,0,1.78743,0.759275,1.028160,1,0,104.152,0,0,0,104.152,0
62.0786,1.80079,0,0,5.59445,0.22825,0.36288,3.6288,61.308,0.223392,0,0,2.70246,0.199167,0.787744,0.66528,12.849,1,0.393001,0.36288,0,93.56,3.14654,90.3833,0.84672,12.849,0.84672,3695.15,0,18.483,0,3.88288,1.48372,14.6271,0.747397,19.2463,0.42336,18.483,0.42336,0,0,442.007,0,1.02816,0,0,4.91104,3.88288,1.028160,1,0,110.417,0,0,0,110.417,0
65.3971,2.01288,0,0,5.9419,0.247627,0.36288,3.6288,61.308,0.370817,0,0,2.45378,0.192728,1.89023,0.66528,12.849,1,0.416625,0.36288,0,102.768,3.15242,99.5615,0.84672,12.849,0.84672,3695.15,0,18.483,0,3.33346,1.48401,11.4507,0.744874,15.5233,0.42336,18.483,0.42336,0,0,442.007,0,1.02816,0,0,4.36162,3.33346,1.028160,1,0,116.975,0,0,0,116.975,0
65.537,2.04813,0,0,2.85868,0.30782,0.36288,3.6288,61.308,0.371085,0,0,2.14781,0.174487,1.60224,0.66528,12.849,1,0.402409,0.36288,0,55.9143,3.63058,52.2442,0.84672,12.849,0.84672,3695.15,0,18.483,0,2.54114,1.64845,10.4484,0.924628,13.7133,0.42336,18.483,0.42336,0,0,442.007,0,1.02816,0,0,3.5693,2.54114,1.028160,1,0,67.5597,0,0,0,67.5597,0
66.4659,2.04994,0,0,3.64991,0.308165,0.36288,3.6288,61.308,0.371354,0,0,2.28015,0.174487,1.73431,0.66528,12.849,1,0.401905,0.36288,0,80.2356,3.63058,76.566,0.84672,12.849,0.84672,3695.15,0,18.483,0,2.96291,1.64877,11.6638,0.924628,15.3509,0.42336,18.483,0.42336,0,0,442.007,0,1.02816,0,0,3.99107,2.96291,1.028160,1,0,93.6512,0,0,0,93.6512,0
67.5027,2.05964,0,0,3.76982,0.310454,0.36288,3.6288,61.308,0.371623,0,0,2.41424,0.174487,1.86813,0.66528,12.849,1,0.398164,0.36288,0,87.1638,3.63058,83.4979,0.84672,12.849,0.84672,3695.15,0,18.483,0,3.20318,1.64908,12.4502,0.924628,16.3778,0.42336,18.483,0.42336,0,0,442.007,0,1.02816,0,0,4.23134,3.20318,1.028160,1,0,101.744,0,0,0,101.744,0
68.6505,1.80781,0,0,3.61976,0.301333,0.36288,3.6288,61.308,0.174217,0,0,2.54391,0.160987,2.20871,0.66528,12.849,1,0.344113,0.36288,0,75.0743,3.65641,71.4367,0.84672,12.849,0.84672,3695.15,0,18.483,0,3.27986,1.6494,11.7064,0.936753,15.6989,0.42336,18.483,0.42336,0,0,442.007,0,1.02816,0,0,4.30802,3.27986,1.028160,1,0,89.3443,0,0,0,89.3443,0
71.2073,1.81779,0,0,5.01215,0.274601,0.36288,3.6288,61.308,0.174448,0,0,2.1452,0.127237,1.84351,0.66528,12.849,1,0.340228,0.36288,0,93.5928,3.72099,89.8945,0.84672,12.849,0.84672,3695.15,0,18.483,0,4.07882,1.42499,10.3208,0.967068,14.8576,0.42336,18.483,0.42336,0,0,442.007,0,1.02816,0,0,5.10698,4.07882,1.028160,1,0,106.596,0,0,0,106.596,0
72.29,1.83883,0,0,3.95738,0.28008,0.755807,3.6288,61.308,0.174679,0,0,1.19254,0.127237,0.89062,0.66528,12.849,1,0.331808,0.755807,0,77.8758,3.72099,74.5788,0.84672,12.849,0.84672,3695.15,0,18.483,0,2.34108,1.42526,6.25446,0.967068,9.05373,0.42336,18.483,0.42336,0,0,442.007,0,1.02816,0,0,3.36924,2.34108,1.028160,1,0,84.5231,0,0,0,84.5231,0
72.29,1.84764,0,0,3.46517,0.2824,1.33513,3.6288,61.308,0.17491,0,0,1.32809,0.127237,1.02594,0.66528,12.849,1,0.328404,1.33513,0,71.6213,3.72099,68.907,0.84672,12.849,0.84672,3695.15,0,18.483,0,2.19915,1.42554,5.54271,0.967068,8.20032,0.42336,18.483,0.42336,0,0,442.007,0,1.02816,0,0,3.22731,2.19915,1.028160,1,0,78.1333,0,0,0,78.1333,0
72.29,1.848,0,0,6.3008,0.281034,4.17177,3.6288,61.308,0.175141,0,0,1.99676,0.115783,1.70584,0.66528,12.849,1,0.328467,4.17177,0,152.805,3.54168,153.107,0.84672,12.849,0.84672,3695.15,0,18.483,0,4.90188,1.42581,10.4102,0.936358,15.8015,0.42336,18.483,0.42336,0,0,442.007,0,1.02816,0,0,5.93004,4.90188,1.028160,1,0,170.614,0,0,0,170.614,0
72.29,1.91589,0,0,6.10924,0.254481,3.93887,3.6288,61.308,0.223778,0,0,2.32654,0.175195,1.92756,0.66528,12.849,1,0.340534,3.93887,0,125.687,4.56518,124.72,0.84672,12.849,0.84672,3695.15,0,18.483,0,3.45991,1.42608,9.06483,1.19289,12.7579,0.42336,18.483,0.42336,0,0,442.007,0,1.02816,0,0,4.48807,3.45991,1.028160,1,0,139.406,0,0,0,139.406,0
72.29,1.91625,0,0,4.42881,0.250625,2.26193,3.6288,61.308,0.224018,0,0,1.46931,0.18987,1.05542,0.66528,12.849,1,0.3406,2.26193,0,101.799,4.81047,98.9099,0.84672,12.849,0.84672,3695.15,0,18.483,0,2.5178,1.4819,7.60156,1.24844,10.3528,0.42336,18.483,0.42336,0,0,442.007,0,1.02816,0,0,3.54596,2.5178,1.028160,1,0,110.318,0,0,0,110.318,0
72.29,1.91662,0,0,3.89452,0.250625,1.72728,3.6288,61.308,0.224259,0,0,1.32659,0.18987,0.912466,0.66528,12.849,1,0.340665,1.72728,0,89.3117,4.81047,85.8878,0.84672,12.849,0.84672,3695.15,0,18.483,0,1.60663,1.48218,8.35773,1.24844,10.1981,0.42336,18.483,0.42336,0,0,442.007,0,1.02816,0,0,2.63479,1.60663,1.028160,1,0,96.9984,0,0,0,96.9984,0
72.29,1.91699,0,0,3.38162,0.231365,1.23326,3.6288,61.308,0.224499,0,0,1.15951,0.213228,0.721787,0.66528,12.849,1,0.34073,1.23326,0,85.0539,5.43165,80.5148,0.84672,12.849,0.84672,3695.15,0,18.483,0,1.94811,1.48247,7.89134,1.29369,10.0282,0.42336,18.483,0.42336,0,0,442.007,0,1.02816,0,0,2.97627,1.94811,1.028160,1,0,91.2648,0,0,0,91.2648,0
72.29,1.89093,0,0,3.80072,0.215135,1.69465,3.6288,61.308,0.205925,0,0,1.32367,0.236696,0.881053,0.66528,12.849,1,0.336099,1.69465,0,74.4198,4.75758,71.0207,0.84672,12.849,0.84672,3695.15,0,18.483,0,1.45917,1.48275,8.49279,1.23511,10.1996,0.42336,18.483,0.42336,0,0,442.007,0,1.02816,0,0,2.48733,1.45917,1.028160,1,0,82.1014,0,0,0,82.1014,0
72.29,1.8913,0,0,3.10992,0.20537,1.01326,3.6288,61.308,0.206162,0,0,1.28161,0.251378,0.824074,0.66528,12.849,1,0.336163,1.01326,0,62.9657,4.17438,59.4684,0.84672,12.849,0.84672,3695.15,0,18.483,0,1.20938,1.4614,5.77286,1.18552,7.25812,0.42336,18.483,0.42336,0,0,442.007,0,1.02816,0,0,2.23754,1.20938,1.028160,1,0,67.5506,0,0,0,67.5506,0
72.29,1.89166,0,0,2.79177,0.20537,0.694737,3.6288,61.308,0.206399,0,0,1.35195,0.251378,0.894176,0.66528,12.849,1,0.336228,0.694737,0,58.2223,4.17438,54.4064,0.84672,12.849,0.84672,3695.15,0,18.483,0,1.26865,1.46168,5.79807,1.18552,7.34288,0.42336,18.483,0.42336,0,0,442.007,0,1.02816,0,0,2.29681,1.26865,1.028160,1,0,62.6435,0,0,0,62.6435,0
72.29,1.89202,0,0,3.03564,0.20537,0.938247,3.6288,61.308,0.206636,0,0,1.16536,0.251378,0.707349,0.66528,12.849,1,0.336293,0.938247,0,60.0716,4.17438,56.4992,0.84672,12.849,0.84672,3695.15,0,18.483,0,0.935133,1.46196,7.10492,1.18552,8.3165,0.42336,18.483,0.42336,0,0,442.007,0,1.02816,0,0,1.96329,0.935133,1.028160,1,0,65.523,0,0,0,65.523,0
72.29,1.98215,0,0,2.81599,0.157261,0.676576,3.6288,61.308,0.273646,0,0,1.15598,0.270822,0.611512,0.66528,12.849,1,0.352313,0.676576,0,56.342,5.67542,50.9909,0.84672,12.849,0.84672,3695.15,0,18.483,0,1.0383,1.46224,6.04839,1.25495,7.29398,0.42336,18.483,0.42336,0,0,442.007,0,1.02816,0,0,2.06646,1.0383,1.028160,1,0,58.8964,0,0,0,58.8964,0
72.29,1.98253,0,0,2.76998,0.12406,0.66338,3.6288,61.308,0.273896,0,0,1.172,0.262866,0.635236,0.66528,12.849,1,0.352381,0.66338,0,52.6027,4.85678,48.057,0.84672,12.849,0.84672,3695.15,0,18.483,0,1.02608,1.53823,5.81939,1.28425,7.09945,0.42336,18.483,0.42336,0,0,442.007,0,1.02816,0,0,2.05424,1.02608,1.028160,1,0,55.7916,0,0,0,55.7916,0
72.29,1.98292,0,0,2.53328,0.12406,0.426307,3.6288,61.308,0.274146,0,0,1.097,0.262866,0.559991,0.66528,12.849,1,0.352448,0.426307,0,49.336,4.85678,44.5531,0.84672,12.849,0.84672,3695.15,0,18.483,0,0.862877,1.53852,5.32,1.28425,6.43715,0.42336,18.483,0.42336,0,0,442.007,0,1.02816,0,0,1.89104,0.862877,1.028160,1,0,51.5503,0,0,0,51.5503,0
72.2244,1.9833,0,0,2.40466,0.12406,0.36288,3.6288,61.308,0.274396,0,0,1.00118,0.262866,0.463915,0.66528,12.849,1,0.352516,0.36288,0,44.7091,4.85678,39.8626,0.84672,12.849,0.84672,3695.15,0,18.483,0,0.658593,1.53882,4.99337,1.28425,5.90653,0.42336,18.483,0.42336,0,0,442.007,0,1.02816,0,0,1.68675,0.658593,1.028160,1,0,46.2331,0,0,0,46.2331,0
71.9703,1.98313,0,0,2.17987,0.0880264,0.36288,3.6288,61.308,0.274646,0,0,0.955757,0.286475,0.394636,0.66528,12.849,1,0.352807,0.36288,0,39.4216,5.12452,34.3072,0.84672,12.849,0.84672,3695.15,0,18.483,0,0.603487,1.53911,4.86365,1.35266,5.65359,0.42336,18.483,0.42336,0,0,442.007,0,1.02816,0,0,1.63165,0.603487,1.028160,1,0,40.3554,0,0,0,40.3554,0
71.6519,1.96365,0,0,2.09128,0.0831462,0.36288,3.6288,61.308,0.356187,0,0,0.851653,0.312234,0.183232,0.66528,12.849,1,0.350575,0.36288,0,35.7948,5.55374,30.2534,0.84672,12.849,0.84672,3695.15,0,18.483,0,0.30119,1.53941,4.2671,1.37558,4.73212,0.42336,18.483,0.42336,0,0,442.007,0,0.983604,0,0,1.28479,0.30119,1.028160,1,0,35.1688,0,0,0,35.1688,0
71.1435,1.96138,0,0,1.90043,0.0845494,0.36288,3.6288,61.308,0.464851,0,0,0.794431,0.314953,0.0146265,0.66528,12.849,1,0.351726,0.36288,0,32.1175,5.60742,26.5212,0.84672,12.849,0.84672,3695.15,0,18.483,0,0.261274,1.56331,3.71477,1.37484,4.16452,0.42336,18.483,0.42336,0,0,442.007,0,0.875197,0,0,1.13647,0.261274,1.028160,1,0,30.7004,0,0,0,30.7004,0
70.5004,1.9575,0,0,1.76157,0.0842217,0.36288,3.6288,61.1936,0.549305,0,0,0.749822,0.314953,0,0.66528,12.849,1,0.353539,0.36288,0,29.1633,5.60742,23.5652,0.84672,12.849,0.84672,3695.15,0,18.483,0,0.261274,1.56361,3.66847,1.37484,4.11852,0.42336,18.483,0.42336,0,0,442.007,0,0.791001,0,0,1.05227,0.261274,1.028160,1,0,27.6837,0,0,0,27.6837,0
69.8135,1.95244,0,0,1.71223,0.0838071,0.36288,3.6288,60.9422,0.645345,0,0,0.70867,0.314726,0,0.66528,12.849,1,0.35584,0.36288,0,26.2143,5.60742,20.6139,0.84672,12.849,0.84672,3695.15,0,18.483,0,0.261274,1.56391,3.61545,1.37484,4.0658,0.42336,18.483,0.42336,0,0,442.007,0,0.695218,0,0,0.956491,0.261274,1.028160,1,0,24.6797,0,0,0,24.6797,0
68.9626,1.99235,0,0,1.57117,0.0668369,0.36288,3.6288,60.5258,0.751763,0,0,0.668805,0.33344,0,0.66528,12.849,1,0.366688,0.36288,0,23.5262,5.80172,17.7207,0.84672,12.849,0.84672,3695.15,0,18.483,0,0.261274,1.56421,3.30807,1.46538,3.66818,0.42336,18.483,0.42336,0,0,442.007,0,0.621821,0,0,0.883094,0.261274,1.028160,1,0,21.3889,0,0,0,21.3889,0
68.2477,1.98515,0,0,1.68941,0.0563141,0.36288,3.6288,60.4677,0.576549,0,0,0.866246,0.347798,0,0.66528,12.849,1,0.36987,0.36288,0,29.4049,5.97219,23.4257,0.84672,12.849,0.84672,3695.15,0,18.483,0,0.261274,1.60216,3.47053,1.53362,3.80035,0.42336,18.483,0.42336,0,0,442.007,0,0.797299,0,0,1.05857,0.261274,1.028160,1,0,27.226,0,0,0,27.226,0
67.405,1.97905,0,0,1.55519,0.0560007,0.36288,3.6288,60.3756,0.478748,0,0,0.734374,0.34767,0,0.66528,12.849,1,0.372597,0.36288,0,24.1529,5.97219,18.171,0.84672,12.849,0.84672,3695.15,0,18.483,0,0.227405,1.60247,3.35567,1.53362,3.65193,0.42336,18.483,0.42336,0,0,442.007,0,0.895363,0,0,1.12277,0.227405,1.028160,1,0,21.8229,0,0,0,21.8229,0
66.4388,1.97168,0,0,1.424,0.0556312,0.36288,3.6288,60.0663,0.642006,0,0,0.680184,0.347466,0,0.66528,12.849,1,0.375849,0.36288,0,22.9573,5.97219,16.9721,0.84672,12.849,0.84672,3695.15,0,18.483,0,0.227405,1.60278,2.9496,1.53362,3.24616,0.42336,18.483,0.42336,0,0,442.007,0,0.73237,0,0,0.959774,0.227405,1.028160,1,0,20.2183,0,0,0,20.2183,0
65.4405,2.0941,0,0,1.50454,0.0458412,0.36288,3.6288,59.9266,0.568674,0,0,0.78084,0.351922,0,0.66528,12.849,1,0.40499,0.36288,0,22.5156,6.12174,16.3517,0.84672,12.849,0.84672,3695.15,0,18.483,0,0.227405,1.60309,3.90194,1.5635,4.16893,0.42336,18.483,0.42336,0,0,442.007,0,0.924316,0,0,1.15172,0.227405,1.028160,1,0,20.5207,0,0,0,20.5207,0
64.2759,2.08431,0,0,1.36308,0.0805054,0.36288,3.6288,59.0701,1.07757,0,0,0.565697,0.344645,0,0.66528,12.849,1,0.409247,0.36288,0,20.2231,6.31059,13.8662,0.84672,12.849,0.84672,3695.15,0,18.483,0,0.227405,1.73099,2.86351,1.48303,3.33887,0.42336,18.483,0.42336,0,0,442.007,0,0.415706,0,0,0.643111,0.227405,1.028160,1,0,17.205,0,0,0,17.205,0
63.2884,2.07255,0,0,1.5231,0.0751521,0.36288,3.6288,58.5295,0.890388,0,0,0.695157,0.345315,0,0.66528,12.849,1,0.414311,0.36288,0,25.7336,6.38536,19.2968,0.84672,12.849,0.84672,3695.15,0,18.483,0,0.204422,1.73132,3.03946,1.49797,3.47723,0.42336,18.483,0.42336,0,0,442.007,0,0.603176,0,0,0.807598,0.204422,1.028160,1,0,22.7741,0,0,0,22.7741,0
61.9919,2.0624,0,0,1.2033,0.0745526,0.36288,3.6288,57.5731,1.1197,0,0,0.507431,0.344118,0,0.66528,12.849,1,0.418716,0.36288,0,26.5565,6.38536,20.1153,0.84672,12.849,0.84672,3695.15,0,18.483,0,0.204422,1.73165,2.40837,1.49797,2.84647,0.42336,18.483,0.42336,0,0,442.007,0,0.374154,0,0,0.578577,0.204422,1.028160,1,0,22.9618,0,0,0,22.9618,0
60.9969,2.04861,0,0,1.4903,0.0737654,0.36288,3.6288,57.4087,0.666606,0,0,0.844188,0.342001,0,0.66528,12.849,1,0.424614,0.36288,0,23.5349,6.38536,17.0878,0.84672,12.849,0.84672,3695.15,0,18.483,0,0.204422,1.73198,3.61905,1.49797,4.05749,0.42336,18.483,0.42336,0,0,442.007,0,0.827531,0,0,1.03195,0.204422,1.028160,1,0,21.1453,0,0,0,21.1453,0
60.1853,1.97567,0,0,1.59068,0.0637433,0.36288,3.6288,57.8369,0.445216,0,0,1.15495,0.281539,0,0.66528,12.849,1,0.416175,0.36288,0,22.0994,5.43459,16.6115,0.84672,12.849,0.84672,3695.15,0,18.483,0,0.204422,1.73232,3.18603,1.30446,3.8183,0.42336,18.483,0.42336,0,0,442.007,0,0.977305,0,0,1.18173,0.204422,1.028160,1,0,20.4298,0,0,0,20.4298,0
59.3098,1.96705,0,0,1.51397,0.0595633,0.36288,3.6288,57.2688,0.981378,0,0,0.671501,0.258214,0,0.66528,12.849,1,0.419946,0.36288,0,21.6298,5.05428,16.5185,0.84672,12.849,0.84672,3695.15,0,18.483,0,0.216518,1.65946,2.21303,1.22706,2.86195,0.42336,18.483,0.42336,0,0,442.007,0,0.441416,0,0,0.657934,0.216518,1.028160,1,0,19.3804,0,0,0,19.3804,0
58.4922,1.95753,0,0,1.57956,0.0767385,0.36288,3.6288,56.671,1.0018,0,0,0.646428,0.242492,0,0.66528,12.849,1,0.424084,0.36288,0,20.7903,4.84665,15.8825,0.84672,12.849,0.84672,3695.15,0,18.483,0,0.216518,1.65978,2.22706,1.16216,2.94119,0.42336,18.483,0.42336,0,0,442.007,0,0.421271,0,0,0.637789,0.216518,1.028160,1,0,18.8237,0,0,0,18.8237,0
60.5817,1.94849,0,0,4.58228,0.181338,0.36288,3.6288,57.384,0.656981,0,0,1.5233,0.15325,0,0.66528,12.849,1,0.428026,0.36288,0,62.6616,3.60087,58.9956,0.84672,12.849,0.84672,3695.15,0,18.483,0,0.216518,1.6601,5.84932,0.772774,6.95316,0.42336,18.483,0.42336,0,0,442.007,0,0.766359,0,0,0.982878,0.216518,1.028160,1,0,65.9487,0,0,0,65.9487,0
61.2219,1.92164,0,0,3.10632,0.181602,0.36288,3.6288,57.666,0.548761,0,0,0.98089,0.150145,0,0.66528,12.849,1,0.407568,0.36288,0,49.4235,3.63,45.7488,0.84672,12.849,0.84672,3695.15,0,18.483,0,0.216518,1.66042,3.18455,0.830142,4.23134,0.42336,18.483,0.42336,0,0,442.007,0,0.809352,0,0,1.02587,0.216518,1.028160,1,0,49.9801,0,0,0,49.9801,0
60.5174,1.92889,0,0,1.76141,0.174141,0.36288,3.6288,57.155,0.815203,0,0,0.445077,0.140858,0,0.66528,12.849,1,0.404827,0.36288,0,24.4769,3.70282,20.7321,0.84672,12.849,0.84672,3695.15,0,18.483,0,0.216518,1.59564,2.11108,0.973561,2.94968,0.42336,18.483,0.42336,0,0,442.007,0,0.543171,0,0,0.759689,0.216518,1.028160,1,0,23.6818,0,0,0,23.6818,0
59.8734,1.92168,0,0,1.81368,0.173125,0.36288,3.6288,57.3333,0.330475,0,0,0.649151,0.140393,0,0.66528,12.849,1,0.40801,0.36288,0,24.8338,3.70282,21.0858,0.84672,12.849,0.84672,3695.15,0,18.483,0,0.473285,1.59595,2.90486,0.973561,4.00053,0.42336,18.483,0.42336,0,0,442.007,0,1.02816,0,0,1.50145,0.473285,1.028160,1,0,25.0864,0,0,0,25.0864,0
62.5067,1.91503,0,0,5.08333,0.172106,0.36288,3.6288,58.8056,0.330736,0,0,1.94363,0.140555,0,0.66528,12.849,1,0.41097,0.36288,0,76.9202,3.70282,73.1693,0.84672,12.849,0.84672,3695.15,0,18.483,0,2.01913,1.59625,6.03039,0.973561,8.67222,0.42336,18.483,0.42336,0,0,442.007,0,1.02816,0,0,3.04729,2.01913,1.028160,1,0,81.8415,0,0,0,81.8415,0
63.4007,1.79715,0,0,3.27216,0.218125,0.36288,3.6288,59.4295,0.438969,0,0,1.17394,0.111068,0,0.66528,12.849,1,0.369426,0.36288,0,47.9165,3.26752,44.6424,0.84672,12.849,0.84672,3695.15,0,18.483,0,0.292723,1.59656,3.58649,0.850255,4.62552,0.42336,18.483,0.42336,0,0,442.007,0,0.783665,0,0,1.07639,0.292723,1.028160,1,0,49.2679,0,0,0,49.2679,0
64.6875,1.806,0,0,3.67175,0.216069,0.36288,3.6288,60.2525,0.194709,0,0,1.18194,0.164297,0,0.66528,12.849,1,0.36601,0.36288,0,68.6247,3.60224,65.0193,0.84672,12.849,0.84672,3695.15,0,18.483,0,0.334429,1.45021,5.72102,0.985897,6.51976,0.42336,18.483,0.42336,0,0,442.007,0,1.02816,0,0,1.36259,0.334429,1.028160,1,0,71.5391,0,0,0,71.5391,0
65.6945,1.81831,0,0,3.40646,0.218332,0.36288,3.6288,60.7536,0.215939,0,0,0.882176,0.165162,0,0.66528,12.849,1,0.361174,0.36288,0,83.8106,3.60224,80.2101,0.84672,12.849,0.84672,3695.15,0,18.483,0,0.412474,1.45049,4.53788,0.985897,5.41495,0.42336,18.483,0.42336,0,0,442.007,0,1.00716,0,0,1.41964,0.412474,1.028160,1,0,85.625,0,0,0,85.625,0
68.4965,1.8278,0,0,5.21277,0.220102,0.36288,3.6288,61.308,0.225427,0,0,1.16479,0.165688,0.21924,0.66528,12.849,1,0.357495,0.36288,0,87.4342,3.60224,83.8374,0.84672,12.849,0.84672,3695.15,0,18.483,0,0.412474,1.45077,4.71239,0.985897,5.58974,0.42336,18.483,0.42336,0,0,442.007,0,0.997911,0,0,1.41039,0.412474,1.028160,1,0,89.6463,0,0,0,89.6463,0
72.29,1.85263,0,0,6.79823,0.225028,0.927043,3.6288,61.308,0.195413,0,0,1.41617,0.166271,1.05448,0.66528,12.849,1,0.347527,0.927043,0,122.275,3.60224,119.252,0.84672,12.849,0.84672,3695.15,0,18.483,0,0.501111,1.45105,7.91049,0.985897,8.87675,0.42336,18.483,0.42336,0,0,442.007,0,1.02816,0,0,1.52927,0.501111,1.028160,1,0,129.184,0,0,0,129.184,0
72.29,1.94302,0,0,3.57086,0.250715,1.37712,3.6288,61.308,0.235214,0,0,1.62893,0.185078,1.20864,0.66528,12.849,1,0.345358,1.37712,0,89.8082,3.87156,86.9684,0.84672,12.849,0.84672,3695.15,0,18.483,0,0.79634,1.45132,5.17368,1.04516,6.37619,0.42336,18.483,0.42336,0,0,442.007,0,1.02816,0,0,1.8245,0.79634,1.028160,1,0,94.5533,0,0,0,94.5533,0
71.1621,1.94338,0,0,1.50826,0.329878,0.36288,3.6288,61.2633,0.64894,0,0,0.819262,0.215032,0,0.66528,12.849,1,0.345422,0.36288,0,23.8956,3.927,19.986,0.84672,12.849,0.84672,3695.15,0,18.483,0,0.503194,1.49802,3.36824,1.02701,4.34246,0.42336,18.483,0.42336,0,0,442.007,0,0.614667,0,0,1.11786,0.503194,1.028160,1,0,24.3285,0,0,0,24.3285,0
70.7896,1.93447,0,0,2.25184,0.327055,0.36288,3.6288,61.1399,0.692632,0,0,0.784236,0.214971,0,0.66528,12.849,1,0.349287,0.36288,0,38.764,3.927,34.8506,0.84672,12.849,0.84672,3695.15,0,18.483,0,0.503194,1.4983,4.42067,1.02701,5.39516,0.42336,18.483,0.42336,0,0,442.007,0,0.571208,0,0,1.0744,0.503194,1.028160,1,0,40.2458,0,0,0,40.2458,0
70.2003,1.93172,0,0,2.03149,0.326123,0.36288,3.6288,61.0868,0.65204,0,0,0.813707,0.214804,0,0.66528,12.849,1,0.350626,0.36288,0,34.1882,3.927,30.2735,0.84672,12.849,0.84672,3695.15,0,18.483,0,0.503194,1.49858,4.37123,1.02701,5.34599,0.42336,18.483,0.42336,0,0,442.007,0,0.612032,0,0,1.11523,0.503194,1.028160,1,0,35.6195,0,0,0,35.6195,0
69.1747,2.11508,0,0,1.78114,0.328763,0.36288,3.6288,60.6337,0.954187,0,0,0.709643,0.208576,0,0.66528,12.849,1,0.38713,0.36288,0,28.3643,3.90438,24.4356,0.84672,12.849,0.84672,3695.15,0,18.483,0,0.503194,1.49885,3.75092,1.02082,4.73215,0.42336,18.483,0.42336,0,0,442.007,0,0.458774,0,0,0.961967,0.503194,1.028160,1,0,29.1678,0,0,0,29.1678,0
67.7864,2.10583,0,0,1.43428,0.353886,0.36288,3.6288,59.6584,1.23559,0,0,0.450883,0.190532,0,0.66528,12.849,1,0.391152,0.36288,0,28.9312,3.61032,25.2926,0.84672,12.849,0.84672,3695.15,0,18.483,0,0.503194,1.66493,3.44251,0.948402,4.66223,0.42336,18.483,0.42336,0,0,442.007,0,0.177629,0,0,0.680822,0.503194,1.028160,1,0,29.9549,0,0,0,29.9549,0
66.5274,2.09286,0,0,1.54678,0.350068,0.36288,3.6288,59.333,0.85618,0,0,0.720073,0.189353,0,0.66528,12.849,1,0.396704,0.36288,0,27.2904,3.61032,23.6462,0.84672,12.849,0.84672,3695.15,0,18.483,0,0.608429,1.66523,3.71884,0.948402,5.0441,0.42336,18.483,0.42336,0,0,442.007,0,0.557301,0,0,1.16573,0.608429,1.028160,1,0,28.6903,0,0,0,28.6903,0
67.1512,2.0808,0,0,3.41405,0.346605,0.36288,3.6288,59.0557,0.698409,0,0,0.610102,0.188959,0,0.66528,12.849,1,0.401882,0.36288,0,48.2511,3.61032,44.6018,0.84672,12.849,0.84672,3695.15,0,18.483,0,0.608429,1.66554,4.83004,0.948402,6.1556,0.42336,18.483,0.42336,0,0,442.007,0,0.715331,0,0,1.32376,0.608429,1.028160,1,0,50.7574,0,0,0,50.7574,0
66.3441,1.8228,0,0,1.72513,0.346518,0.36288,3.6288,58.467,0.900552,0,0,0.496539,0.184686,0,0.66528,12.849,1,0.348782,0.36288,0,26.6738,3.55851,23.1294,0.84672,12.849,0.84672,3695.15,0,18.483,0,0.608429,1.66585,3.4146,0.947754,4.74112,0.42336,18.483,0.42336,0,0,442.007,0,0.313805,0,0,0.922234,0.608429,1.028160,1,0,27.8705,0,0,0,27.8705,0
66.8675,1.8161,0,0,3.03598,0.333565,0.36288,3.6288,59.413,0.186421,0,0,1.29283,0.16045,0,0.66528,12.849,1,0.351729,0.36288,0,47.8073,3.24765,44.5708,0.84672,12.849,0.84672,3695.15,0,18.483,0,0.741476,1.43919,7.52408,0.943864,8.76087,0.42336,18.483,0.42336,0,0,442.007,0,1.02816,0,0,1.76964,0.741476,1.028160,1,0,53.3317,0,0,0,53.3317,0
67.6721,1.82101,0,0,3.32343,0.334952,0.36288,3.6288,60.4577,0.186644,0,0,1.39277,0.161427,0,0.66528,12.849,1,0.349918,0.36288,0,54.4546,3.24765,51.2199,0.84672,12.849,0.84672,3695.15,0,18.483,0,1.01728,1.43945,6.56476,0.943864,8.07763,0.42336,18.483,0.42336,0,0,442.007,0,1.02816,0,0,2.04544,1.01728,1.028160,1,0,59.2976,0,0,0,59.2976,0
69.0764,1.82828,0,0,3.9097,0.314239,0.36288,3.6288,61.308,0.186868,0,0,1.6401,0.157215,0.445669,0.66528,12.849,1,0.347138,0.36288,0,56.0771,3.48573,52.6071,0.84672,12.849,0.84672,3695.15,0,18.483,0,1.17243,1.43972,7.86983,0.9901,9.49188,0.42336,18.483,0.42336,0,0,442.007,0,1.02816,0,0,2.20059,1.17243,1.028160,1,0,62.5446,0,0,0,62.5446,0
70.5607,1.84046,0,0,3.99953,0.311885,0.36288,3.6288,61.308,0.187092,0,0,1.59802,0.157349,1.25358,0.66528,12.849,1,0.342346,0.36288,0,62.7804,3.35502,59.4459,0.84672,12.849,0.84672,3695.15,0,18.483,0,1.13705,1.43998,8.4577,0.983564,10.0512,0.42336,18.483,0.42336,0,0,442.007,0,1.02816,0,0,2.16521,1.13705,1.028160,1,0,70.7507,0,0,0,70.7507,0
71.5996,1.92066,0,0,3.61701,0.294604,0.36288,3.6288,61.308,0.236201,0,0,1.22276,0.164161,0.822397,0.66528,12.849,1,0.34975,0.36288,0,63.2267,3.53079,59.7091,0.84672,12.849,0.84672,3695.15,0,18.483,0,1.02504,1.44025,8.19943,0.954985,9.70973,0.42336,18.483,0.42336,0,0,442.007,0,1.02816,0,0,2.0532,1.02504,1.028160,1,0,70.2412,0,0,0,70.2412,0
72.29,1.92963,0,0,3.70236,0.289959,0.792367,3.6288,61.308,0.236434,0,0,1.02703,0.167107,0.623488,0.66528,12.849,1,0.346284,0.792367,0,82.6606,3.61725,79.4894,0.84672,12.849,0.84672,3695.15,0,18.483,0,1.02986,1.4966,5.95421,0.943674,7.537,0.42336,18.483,0.42336,0,0,442.007,0,1.02816,0,0,2.05802,1.02986,1.028160,1,0,87.6499,0,0,0,87.6499,0
72.29,1.93561,0,0,3.80527,0.291486,1.57818,3.6288,61.308,0.236666,0,0,1.42461,0.167107,1.02083,0.66528,12.849,1,0.34404,1.57818,0,96.025,3.61725,93.6418,0.84672,12.849,0.84672,3695.15,0,18.483,0,1.46241,1.49688,9.78065,0.943674,11.7963,0.42336,18.483,0.42336,0,0,442.007,0,1.02816,0,0,2.49057,1.46241,1.028160,1,0,106.459,0,0,0,106.459,0
72.29,1.93597,0,0,3.16433,0.291486,0.936878,3.6288,61.308,0.236899,0,0,1.23311,0.167107,0.829103,0.66528,12.849,1,0.344103,0.936878,0,85.9671,3.61725,82.9427,0.84672,12.849,0.84672,3695.15,0,18.483,0,1.08434,1.49715,6.93809,0.943674,8.57591,0.42336,18.483,0.42336,0,0,442.007,0,1.02816,0,0,2.1125,1.08434,1.028160,1,0,92.3477,0,0,0,92.3477,0
72.29,1.90964,0,0,2.98039,0.266755,0.803995,3.6288,61.308,0.218132,0,0,0.863326,0.164134,0.48106,0.66528,12.849,1,0.339423,0.803995,0,62.5322,3.72021,59.2765,0.84672,12.849,0.84672,3695.15,0,18.483,0,0.746099,1.49743,5.09261,0.972436,6.36371,0.42336,18.483,0.42336,0,0,442.007,0,1.02816,0,0,1.77426,0.746099,1.028160,1,0,66.1213,0,0,0,66.1213,0
71.8858,1.90999,0,0,2.13023,0.261593,0.36288,3.6288,61.3005,0.4944,0,0,0.661003,0.174124,0,0.66528,12.849,1,0.339486,0.36288,0,41.5666,4.04835,37.5417,0.84672,12.849,0.84672,3695.15,0,18.483,0,0.528595,1.47586,4.10569,1.03021,5.07994,0.42336,18.483,0.42336,0,0,442.007,0,0.752121,0,0,1.28072,0.528595,1.028160,1,0,42.6216,0,0,0,42.6216,0
71.277,1.9071,0,0,1.90077,0.239581,0.36288,3.6288,61.1868,0.463889,0,0,0.554416,0.204198,0,0.66528,12.849,1,0.340878,0.36288,0,36.9336,4.36447,32.5911,0.84672,12.849,0.84672,3695.15,0,18.483,0,0.402797,1.47613,3.72786,1.0551,4.55168,0.42336,18.483,0.42336,0,0,442.007,0,0.782862,0,0,1.18566,0.402797,1.028160,1,0,37.1428,0,0,0,37.1428,0
70.6178,1.90251,0,0,1.78889,0.182724,0.36288,3.6288,61.0258,0.482193,0,0,0.551377,0.23019,0,0.66528,12.849,1,0.342964,0.36288,0,34.4428,4.59512,29.8676,0.84672,12.849,0.84672,3695.15,0,18.483,0,0.402797,1.4764,3.70985,1.06887,4.52017,0.42336,18.483,0.42336,0,0,442.007,0,0.764787,0,0,1.16758,0.402797,1.028160,1,0,34.3878,0,0,0,34.3878,0
69.8095,1.98747,0,0,1.72395,0.181803,0.36288,3.6288,60.8381,0.508874,0,0,0.551081,0.229955,0,0.66528,12.849,1,0.361622,0.36288,0,32.9309,4.59512,28.3371,0.84672,12.849,0.84672,3695.15,0,18.483,0,0.402797,1.47667,4.07647,1.06887,4.88707,0.42336,18.483,0.42336,0,0,442.007,0,0.805766,0,0,1.20856,0.402797,1.028160,1,0,33.2241,0,0,0,33.2241,0
68.8873,1.98078,0,0,1.55623,0.134772,0.36288,3.6288,60.5653,0.574288,0,0,0.504906,0.203354,0,0.66528,12.849,1,0.364579,0.36288,0,30.267,3.98402,26.2813,0.84672,12.849,0.84672,3695.15,0,18.483,0,0.402797,1.55339,3.26934,1.01052,4.21501,0.42336,18.483,0.42336,0,0,442.007,0,0.740595,0,0,1.14339,0.402797,1.028160,1,0,30.4963,0,0,0,30.4963,0
67.9144,1.97297,0,0,1.48926,0.126396,0.36288,3.6288,60.4121,0.479334,0,0,0.530876,0.204779,0,0.66528,12.849,1,0.368002,0.36288,0,28.438,4.03819,24.3946,0.84672,12.849,0.84672,3695.15,0,18.483,0,0.30119,1.55368,3.40599,1.00049,4.26037,0.42336,18.483,0.42336,0,0,442.007,0,0.83579,0,0,1.13698,0.30119,1.028160,1,0,28.655,0,0,0,28.655,0
66.8842,1.96453,0,0,1.42273,0.125438,0.36288,3.6288,60.211,0.529662,0,0,0.533119,0.20458,0,0.66528,12.849,1,0.371678,0.36288,0,26.7189,4.03819,22.6719,0.84672,12.849,0.84672,3695.15,0,18.483,0,0.30119,1.55397,3.27511,1.00049,4.12978,0.42336,18.483,0.42336,0,0,442.007,0,0.785704,0,0,1.08689,0.30119,1.028160,1,0,26.8017,0,0,0,26.8017,0
65.7717,1.95538,0,0,1.33013,0.124424,0.36288,3.6288,59.9148,0.588104,0,0,0.496282,0.204318,0,0.66528,12.849,1,0.375645,0.36288,0,24.9367,4.03819,20.8857,0.84672,12.849,0.84672,3695.15,0,18.483,0,0.30119,1.55425,3.10235,1.00049,3.9573,0.42336,18.483,0.42336,0,0,442.007,0,0.727505,0,0,1.0287,0.30119,1.028160,1,0,24.843,0,0,0,24.843,0
64.6573,1.92783,0,0,1.25692,0.0806271,0.36288,3.6288,59.613,0.518763,0,0,0.492471,0.275515,0,0.66528,12.849,1,0.376615,0.36288,0,21.1002,5.34043,15.746,0.84672,12.849,0.84672,3695.15,0,18.483,0,0.30119,1.55454,3.08443,1.24236,3.69779,0.42336,18.483,0.42336,0,0,442.007,0,0.834183,0,0,1.13537,0.30119,1.028160,1,0,19.4438,0,0,0,19.4438,0
63.4973,1.91752,0,0,1.20958,0.0891922,0.36288,3.6288,59.2689,0.540189,0,0,0.47637,0.280243,0,0.66528,12.849,1,0.381058,0.36288,0,20.0417,5.31604,14.7075,0.84672,12.849,0.84672,3695.15,0,18.483,0,0.261274,1.57866,3.1458,1.2617,3.72403,0.42336,18.483,0.42336,0,0,442.007,0,0.813007,0,0,1.07428,0.261274,1.028160,1,0,18.4315,0,0,0,18.4315,0
62.2511,1.9065,0,0,1.11157,0.0883589,0.36288,3.6288,58.912,0.539988,0,0,0.462679,0.279627,0,0.66528,12.849,1,0.38579,0.36288,0,19.7252,5.31604,14.3863,0.84672,12.849,0.84672,3695.15,0,18.483,0,0.261274,1.57895,3.17212,1.2617,3.75065,0.42336,18.483,0.42336,0,0,442.007,0,0.813456,0,0,1.07473,0.261274,1.028160,1,0,18.1369,0,0,0,18.1369,0
60.9182,1.89432,0,0,1.0118,0.0874637,0.36288,3.6288,58.382,0.683783,0,0,0.432743,0.278987,0,0.66528,12.849,1,0.391,0.36288,0,18.936,5.31604,13.5919,0.84672,12.849,0.84672,3695.15,0,18.483,0,0.261274,1.57924,2.97993,1.2617,3.55874,0.42336,18.483,0.42336,0,0,442.007,0,0.669911,0,0,0.931185,0.261274,1.028160,1,0,17.1506,0,0,0,17.1506,0
59.4777,1.92479,0,0,0.923106,0.0759902,0.36288,3.6288,57.7012,0.775004,0,0,0.39569,0.301448,0,0.66528,12.849,1,0.405981,0.36288,0,16.1499,5.6054,10.5014,0.84672,12.849,0.84672,3695.15,0,18.483,0,0.261274,1.57954,2.70346,1.37713,3.16715,0.42336,18.483,0.42336,0,0,442.007,0,0.612023,0,0,0.873297,0.261274,1.028160,1,0,13.6685,0,0,0,13.6685,0
58.1383,1.90944,0,0,0.997073,0.0640832,0.36288,3.6288,57.1483,0.700696,0,0,0.468629,0.320878,0,0.66528,12.849,1,0.412497,0.36288,0,18.4449,5.83474,12.5606,0.84672,12.849,0.84672,3695.15,0,18.483,0,0.261274,1.61784,2.67652,1.48537,3.07027,0.42336,18.483,0.42336,0,0,442.007,0,0.686586,0,0,0.94786,0.261274,1.028160,1,0,15.6308,0,0,0,15.6308,0
56.7459,1.89473,0,0,0.928394,0.0632583,0.36288,3.6288,56.6448,0.590351,0,0,0.40657,0.31973,0,0.66528,12.849,1,0.418749,0.36288,0,15.6179,5.83474,9.72731,0.84672,12.849,0.84672,3695.15,0,18.483,0,0.227405,1.61814,2.70118,1.48537,3.06136,0.42336,18.483,0.42336,0,0,442.007,0,0.797187,0,0,1.02459,0.227405,1.028160,1,0,12.7887,0,0,0,12.7887,0
55.3,1.87893,0,0,0.858358,0.0624007,0.36288,3.6288,55.9878,0.715299,0,0,0.377036,0.318685,0,0.66528,12.849,1,0.425447,0.36288,0,14.9761,5.83474,9.07875,0.84672,12.849,0.84672,3695.15,0,18.483,0,0.227405,1.61844,2.34866,1.48537,2.70914,0.42336,18.483,0.42336,0,0,442.007,0,0.672494,0,0,0.899899,0.227405,1.028160,1,0,11.7879,0,0,0,11.7879,0
53.771,1.98631,0,0,0.877435,0.0572676,0.36288,3.6288,55.3731,0.713624,0,0,0.418713,0.319824,0,0.66528,12.849,1,0.461521,0.36288,0,14.2437,5.90952,8.23557,0.84672,12.849,0.84672,3695.15,0,18.483,0,0.227405,1.61874,2.9051,1.50031,3.25094,0.42336,18.483,0.42336,0,0,442.007,0,0.79393,0,0,1.02133,0.227405,1.028160,1,0,11.4865,0,0,0,11.4865,0
52.1556,1.96645,0,0,0.762782,0.048823,0.36288,3.6288,54.4202,0.989302,0,0,0.348865,0.312489,0,0.66528,12.849,1,0.469899,0.36288,0,11.7317,5.69298,5.93165,0.84672,12.849,0.84672,3695.15,0,18.483,0,0.227405,1.74787,2.35083,1.48424,2.84187,0.42336,18.483,0.42336,0,0,442.007,0,0.51853,0,0,0.745934,0.227405,1.028160,1,0,8.77352,0,0,0,8.77352,0
50.6186,1.94464,0,0,0.821405,0.0508894,0.36288,3.6288,53.6728,0.85102,0,0,0.410736,0.307054,0,0.66528,12.849,1,0.479079,0.36288,0,14.1872,5.58211,8.48891,0.84672,12.849,0.84672,3695.15,0,18.483,0,0.204422,1.74819,2.35584,1.46662,2.84184,0.42336,18.483,0.42336,0,0,442.007,0,0.657089,0,0,0.861512,0.204422,1.028160,1,0,11.3308,0,0,0,11.3308,0
48.9315,1.92308,0,0,0.648942,0.0500807,0.36288,3.6288,52.5716,1.09561,0,0,0.299821,0.305474,0,0.66528,12.849,1,0.488154,0.36288,0,14.6409,5.58211,8.93352,0.84672,12.849,0.84672,3695.15,0,18.483,0,0.204422,1.74852,1.8667,1.46662,2.35302,0.42336,18.483,0.42336,0,0,442.007,0,0.412774,0,0,0.617197,0.204422,1.028160,1,0,11.2865,0,0,0,11.2865,0
47.4248,1.89841,0,0,0.803727,0.0491901,0.36288,3.6288,52.1553,0.612254,0,0,0.498798,0.302797,0,0.66528,12.849,1,0.498507,0.36288,0,12.9751,5.58211,7.25738,0.84672,12.849,0.84672,3695.15,0,18.483,0,0.204422,1.74884,2.80511,1.46662,3.29175,0.42336,18.483,0.42336,0,0,442.007,0,0.89641,0,0,1.10083,0.204422,1.028160,1,0,10.5491,0,0,0,10.5491,0
46.0087,1.81828,0,0,0.814219,0.0491166,0.36288,3.6288,52.3372,0.40818,0,0,0.862569,0.272457,0,0.66528,12.849,1,0.492634,0.36288,0,14.0078,4.76367,9.11435,0.84672,12.849,0.84672,3695.15,0,18.483,0,0.473714,1.74916,3.24384,1.19735,4.26937,0.42336,18.483,0.42336,0,0,442.007,0,1.02816,0,0,1.50187,0.473714,1.028160,1,0,13.3837,0,0,0,13.3837,0
44.696,1.79661,0,0,0.893955,0.0471474,0.36288,3.6288,51.9821,0.67142,0,0,0.578427,0.262187,0,0.66528,12.849,1,0.501746,0.36288,0,16.066,4.47332,11.4538,0.84672,12.849,0.84672,3695.15,0,18.483,0,0.216518,1.67558,2.58473,1.12131,3.35552,0.42336,18.483,0.42336,0,0,442.007,0,0.765184,0,0,0.981703,0.216518,1.028160,1,0,14.8093,0,0,0,14.8093,0
43.2496,1.77582,0,0,0.738729,0.046457,0.36288,3.6288,51.4497,0.780488,0,0,0.509577,0.261438,0,0.66528,12.849,1,0.510503,0.36288,0,14.8338,4.47332,10.2128,0.84672,12.849,0.84672,3695.15,0,18.483,0,0.216518,1.67589,2.39366,1.12131,3.16476,0.42336,18.483,0.42336,0,0,442.007,0,0.656381,0,0,0.872899,0.216518,1.028160,1,0,13.3776,0,0,0,13.3776,0
42.3876,1.752,0,0,1.3732,0.120345,0.36288,3.6288,51.4899,0.563059,0,0,0.79275,0.189459,0,0.66528,12.849,1,0.520499,0.36288,0,26.1913,3.43516,22.5985,0.84672,12.849,0.84672,3695.15,0,18.483,0,0.216518,1.6762,4.15595,0.796823,5.25185,0.42336,18.483,0.42336,0,0,442.007,0,0.874074,0,0,1.09059,0.216518,1.028160,1,0,27.8504,0,0,0,27.8504,0
42.8567,1.69259,0,0,2.66255,0.138004,0.36288,3.6288,52.2005,0.343103,0,0,1.21852,0.164819,0,0.66528,12.849,1,0.513077,0.36288,0,49.4484,3.22937,46.0688,0.84672,12.849,0.84672,3695.15,0,18.483,0,0.443016,1.67651,5.94941,0.704029,7.3649,0.42336,18.483,0.42336,0,0,442.007,0,1.02816,0,0,1.47118,0.443016,1.028160,1,0,53.4337,0,0,0,53.4337,0
42.2717,1.70081,0,0,1.56747,0.0887045,0.36288,3.6288,52.6749,0.343356,0,0,1.00358,0.185868,0,0.66528,12.849,1,0.509927,0.36288,0,21.8924,4.5056,17.2397,0.84672,12.849,0.84672,3695.15,0,18.483,0,0.25494,1.61109,4.99186,0.950843,5.90705,0.42336,18.483,0.42336,0,0,442.007,0,1.02816,0,0,1.2831,0.25494,1.028160,1,0,23.1468,0,0,0,23.1468,0
42.0933,1.69124,0,0,2.05057,0.174858,0.36288,3.6288,52.7395,0.554174,0,0,0.793826,0.175007,0,0.66528,12.849,1,0.514074,0.36288,0,30.3318,4.62241,25.5582,0.84672,12.849,0.84672,3695.15,0,18.483,0,0.292723,1.61139,4.84461,1.09966,5.64906,0.42336,18.483,0.42336,0,0,442.007,0,0.817595,0,0,1.11032,0.292723,1.028160,1,0,31.2073,0,0,0,31.2073,0
41.61,1.68851,0,0,1.74252,0.174495,0.36288,3.6288,53.1115,0.343861,0,0,0.890879,0.175097,0,0.66528,12.849,1,0.515418,0.36288,0,24.7948,4.62241,20.0199,0.84672,12.849,0.84672,3695.15,0,18.483,0,0.333029,1.61168,5.38472,1.09966,6.22977,0.42336,18.483,0.42336,0,0,442.007,0,1.02816,0,0,1.36119,0.333029,1.028160,1,0,26.2496,0,0,0,26.2496,0
44.8867,1.55393,0,0,5.36712,0.173511,0.36288,3.6288,55.5805,0.206273,0,0,2.85098,0.175619,0,0.66528,12.849,1,0.479848,0.36288,0,85.905,4.62241,81.1656,0.84672,12.849,0.84672,3695.15,0,18.483,0,3.32511,1.61198,12.8041,1.09966,16.6416,0.42336,18.483,0.42336,0,0,442.007,0,1.02816,0,0,4.35327,3.32511,1.028160,1,0,97.8072,0,0,0,97.8072,0
47.4554,1.60453,0,0,4.75343,0.217365,0.36288,3.6288,57.1452,0.2065,0,0,1.93127,0.16014,0,0.66528,12.849,1,0.459303,0.36288,0,54.7979,4.0142,50.6873,0.84672,12.849,0.84672,3695.15,0,18.483,0,1.53169,1.46421,8.5212,0.962068,10.555,0.42336,18.483,0.42336,0,0,442.007,0,1.02816,0,0,2.55985,1.53169,1.028160,1,0,61.2423,0,0,0,61.2423,0
50.9425,1.64135,0,0,5.72141,0.230049,0.36288,3.6288,58.6929,0.206727,0,0,1.91315,0.158662,0,0.66528,12.849,1,0.44441,0.36288,0,80.9724,3.91283,76.978,0.84672,12.849,0.84672,3695.15,0,18.483,0,1.26319,1.46448,8.97852,0.939137,10.767,0.42336,18.483,0.42336,0,0,442.007,0,1.02816,0,0,2.29135,1.26319,1.028160,1,0,87.745,0,0,0,87.745,0
54.7769,1.68759,0,0,6.12363,0.238819,0.36288,3.6288,60.5138,0.206955,0,0,2.1881,0.160257,0,0.66528,12.849,1,0.425652,0.36288,0,67.3793,3.91283,63.4037,0.84672,12.849,0.84672,3695.15,0,18.483,0,1.57922,1.46474,9.45389,0.939137,11.5587,0.42336,18.483,0.42336,0,0,442.007,0,1.02816,0,0,2.60738,1.57922,1.028160,1,0,74.9624,0,0,0,74.9624,0
60.4358,1.73413,0,0,7.97818,0.222285,0.36288,3.6288,61.308,0.207182,0,0,3.47579,0.197895,2.27654,0.66528,12.849,1,0.406773,0.36288,0,155.466,4.53676,150.886,0.84672,12.849,0.84672,3695.15,0,18.483,0,2.67699,1.46501,15.4389,1.19272,18.3882,0.42336,18.483,0.42336,0,0,442.007,0,1.02816,0,0,3.70515,2.67699,1.028160,1,0,171.55,0,0,0,171.55,0
64.6002,1.85187,0,0,6.61461,0.235464,0.36288,3.6288,61.308,0.247356,0,0,3.32459,0.231234,2.846,0.66528,12.849,1,0.393718,0.36288,0,99.0101,4.98834,93.9909,0.84672,12.849,0.84672,3695.15,0,18.483,0,2.50698,1.46528,13.8282,1.36575,16.4347,0.42336,18.483,0.42336,0,0,442.007,0,1.02816,0,0,3.53514,2.50698,1.028160,1,0,113.272,0,0,0,113.272,0
66.3792,1.89388,0,0,4.30875,0.272964,0.36288,3.6288,61.308,0.247582,0,0,1.34066,0.238411,0.854668,0.66528,12.849,1,0.376693,0.36288,0,79.3009,4.9665,74.3206,0.84672,12.849,0.84672,3695.15,0,18.483,0,1.50097,1.51242,7.85173,1.34289,9.52223,0.42336,18.483,0.42336,0,0,442.007,0,1.02816,0,0,2.52913,1.50097,1.028160,1,0,84.6975,0,0,0,84.6975,0
67.4051,1.91094,0,0,3.58339,0.283682,0.36288,3.6288,61.308,0.247807,0,0,1.08336,0.229639,0.605915,0.66528,12.849,1,0.3699,0.36288,0,52.6695,4.48695,48.1756,0.84672,12.849,0.84672,3695.15,0,18.483,0,0.945829,1.51269,4.90346,1.21379,6.14819,0.42336,18.483,0.42336,0,0,442.007,0,1.02816,0,0,1.97399,0.945829,1.028160,1,0,54.9297,0,0,0,54.9297,0
67.588,1.92065,0,0,2.75011,0.283695,0.36288,3.6288,61.308,0.248032,0,0,1.10331,0.169893,0.685385,0.66528,12.849,1,0.366122,0.36288,0,46.7684,3.72107,43.0441,0.84672,12.849,0.84672,3695.15,0,18.483,0,0.798405,1.51296,3.73944,1.17019,4.88061,0.42336,18.483,0.42336,0,0,442.007,0,1.02816,0,0,1.82657,0.798405,1.028160,1,0,48.6101,0,0,0,48.6101,0
68.2881,2.11017,0,0,3.46427,0.29112,0.36288,3.6288,61.308,0.398337,0,0,1.38124,0.170717,0.812188,0.66528,12.849,1,0.40116,0.36288,0,53.1293,3.69978,49.3912,0.84672,12.849,0.84672,3695.15,0,18.483,0,1.24108,1.51322,6.2606,1.1975,7.81741,0.42336,18.483,0.42336,0,0,442.007,0,1.02816,0,0,2.26924,1.24108,1.028160,1,0,58.0208,0,0,0,58.0208,0
71.7373,2.11742,0,0,6.25297,0.323474,0.36288,3.6288,61.308,0.398589,0,0,1.57837,0.220618,0.959165,0.66528,12.849,1,0.398411,0.36288,0,122.375,4.71922,117.62,0.84672,12.849,0.84672,3695.15,0,18.483,0,2.16107,1.68088,10.9007,1.23532,13.5073,0.42336,18.483,0.42336,0,0,442.007,0,1.02816,0,0,3.18923,2.16107,1.028160,1,0,132.087,0,0,0,132.087,0
72.29,2.15031,0,0,5.50597,0.332205,2.4707,3.6288,61.308,0.398841,0,0,1.53804,0.220618,0.918581,0.66528,12.849,1,0.385147,2.4707,0,124.543,4.71922,121.909,0.84672,12.849,0.84672,3695.15,0,18.483,0,1.95915,1.68117,9.65866,1.23532,12.0637,0.42336,18.483,0.42336,0,0,442.007,0,1.02816,0,0,2.98731,1.95915,1.028160,1,0,134.892,0,0,0,134.892,0
72.29,2.1557,0,0,6.39928,0.317071,3.9265,3.6288,61.308,0.399093,0,0,1.51369,0.228301,0.886299,0.66528,12.849,1,0.38316,3.9265,0,114.291,4.44059,113.394,0.84672,12.849,0.84672,3695.15,0,18.483,0,2.01348,1.68147,9.33621,1.08315,11.948,0.42336,18.483,0.42336,0,0,442.007,0,1.02816,0,0,3.04164,2.01348,1.028160,1,0,126.228,0,0,0,126.228,0
72.29,1.88279,0,0,7.47799,0.295027,5.30018,3.6288,61.308,0.197795,0,0,1.50439,0.238545,1.06805,0.66528,12.849,1,0.334651,5.30018,0,173.395,4.06907,174.292,0.84672,12.849,0.84672,3695.15,0,18.483,0,1.88892,1.68177,9.71214,0.880259,12.4026,0.42336,18.483,0.42336,0,0,442.007,0,1.02816,0,0,2.91708,1.88892,1.028160,1,0,187.762,0,0,0,187.762,0
72.29,1.88312,0,0,4.6041,0.312532,2.40845,3.6288,61.308,0.198011,0,0,0.967101,0.189163,0.579927,0.66528,12.849,1,0.33471,2.40845,0,104.892,3.9858,102.98,0.84672,12.849,0.84672,3695.15,0,18.483,0,1.02934,1.45293,8.49613,0.940685,10.0377,0.42336,18.483,0.42336,0,0,442.007,0,1.02816,0,0,2.0575,1.02934,1.028160,1,0,113.598,0,0,0,113.598,0
72.29,1.88345,0,0,5.94594,0.312532,3.74995,3.6288,61.308,0.198228,0,0,1.09322,0.189163,0.705829,0.66528,12.849,1,0.334769,3.74995,0,83.1738,3.9858,82.6032,0.84672,12.849,0.84672,3695.15,0,18.483,0,1.5015,1.45319,9.78985,0.940685,11.8039,0.42336,18.483,0.42336,0,0,442.007,0,1.02816,0,0,2.52966,1.5015,1.028160,1,0,95.1129,0,0,0,95.1129,0
72.29,1.88378,0,0,6.19161,0.304217,4.0036,3.6288,61.308,0.198444,0,0,1.63682,0.197279,1.2411,0.66528,12.849,1,0.334828,4.0036,0,145.221,3.96434,144.926,0.84672,12.849,0.84672,3695.15,0,18.483,0,3.02346,1.45345,11.4381,0.959083,14.9559,0.42336,18.483,0.42336,0,0,442.007,0,1.02816,0,0,4.05162,3.02346,1.028160,1,0,161.123,0,0,0,161.123,0
72.29,1.88412,0,0,6.79857,0.315786,4.59867,3.6288,61.308,0.198661,0,0,1.53026,0.220134,1.11147,0.66528,12.849,1,0.334888,4.59867,0,116.81,4.11011,116.964,0.84672,12.849,0.84672,3695.15,0,18.483,0,2.07298,1.4537,11.1234,1.00867,13.6414,0.42336,18.483,0.42336,0,0,442.007,0,1.02816,0,0,3.10114,2.07298,1.028160,1,0,131.717,0,0,0,131.717,0
72.29,1.9533,0,0,5.19507,0.325193,2.91657,3.6288,61.308,0.248228,0,0,1.01945,0.184432,0.586789,0.66528,12.849,1,0.347185,2.91657,0,119.24,3.64011,118.169,0.84672,12.849,0.84672,3695.15,0,18.483,0,1.86116,1.45396,7.48668,0.832703,9.9691,0.42336,18.483,0.42336,0,0,442.007,0,1.02816,0,0,2.88932,1.86116,1.028160,1,0,128.725,0,0,0,128.725,0
72.29,1.95365,0,0,4.68453,0.348174,2.38271,3.6288,61.308,0.248454,0,0,0.872433,0.171627,0.452352,0.66528,12.849,1,0.347246,2.38271,0,87.8789,3.50196,86.4124,0.84672,12.849,0.84672,3695.15,0,18.483,0,0.72341,1.51084,6.87359,0.769296,8.33854,0.42336,18.483,0.42336,0,0,442.007,0,1.02816,0,0,1.75157,0.72341,1.028160,1,0,95.2033,0,0,0,95.2033,0
72.29,1.95399,0,0,3.3673,0.348174,1.06513,3.6288,61.308,0.248679,0,0,0.947672,0.171627,0.527366,0.66528,12.849,1,0.347308,1.06513,0,49.206,3.50196,46.4219,0.84672,12.849,0.84672,3695.15,0,18.483,0,1.56306,1.51111,6.47021,0.769296,8.77508,0.42336,18.483,0.42336,0,0,442.007,0,1.02816,0,0,2.59122,1.56306,1.028160,1,0,55.7243,0,0,0,55.7243,0
72.29,1.95434,0,0,4.3076,0.348174,2.00509,3.6288,61.308,0.248905,0,0,1.37533,0.171627,0.954801,0.66528,12.849,1,0.347369,2.00509,0,96.4233,3.50196,94.579,0.84672,12.849,0.84672,3695.15,0,18.483,0,1.84851,1.51137,9.4246,0.769296,12.0152,0.42336,18.483,0.42336,0,0,442.007,0,1.02816,0,0,2.87667,1.84851,1.028160,1,0,107.549,0,0,0,107.549,0
72.29,1.92774,0,0,2.99471,0.275396,0.79157,3.6288,61.308,0.22995,0,0,0.80282,0.207358,0.365513,0.66528,12.849,1,0.342642,0.79157,0,55.7018,4.20276,51.948,0.84672,12.849,0.84672,3695.15,0,18.483,0,0.761504,1.51164,5.47448,0.931634,6.81599,0.42336,18.483,0.42336,0,0,442.007,0,1.02816,0,0,1.78966,0.761504,1.028160,1,0,59.1295,0,0,0,59.1295,0
72.29,1.92808,0,0,2.69019,0.27073,0.491371,3.6288,61.308,0.230172,0,0,0.6687,0.203265,0.235263,0.66528,12.849,1,0.342702,0.491371,0,52.3708,4.2336,48.2859,0.84672,12.849,0.84672,3695.15,0,18.483,0,0.787925,1.48985,4.36791,1.01872,5.62697,0.42336,18.483,0.42336,0,0,442.007,0,1.02816,0,0,1.81608,0.787925,1.028160,1,0,54.1481,0,0,0,54.1481,0
72.2041,1.92842,0,0,2.47618,0.27073,0.36288,3.6288,61.308,0.230394,0,0,0.677268,0.203265,0.243609,0.66528,12.849,1,0.342763,0.36288,0,48.9037,4.2336,44.6902,0.84672,12.849,0.84672,3695.15,0,18.483,0,0.830891,1.49012,5.70532,1.01872,7.00761,0.42336,18.483,0.42336,0,0,442.007,0,1.02816,0,0,1.85905,0.830891,1.028160,1,0,51.9414,0,0,0,51.9414,0
72.29,1.92807,0,0,3.91814,0.270554,1.63366,3.6288,61.308,0.230616,0,0,0.840732,0.203265,0.406851,0.66528,12.849,1,0.343108,1.63366,0,63.6161,4.2336,60.6731,0.84672,12.849,0.84672,3695.15,0,18.483,0,1.14723,1.49038,4.96008,1.01872,6.57897,0.42336,18.483,0.42336,0,0,442.007,0,1.02816,0,0,2.17539,1.14723,1.028160,1,0,67.6589,0,0,0,67.6589,0
72.152,2.02062,0,0,2.46294,0.217453,0.36288,3.6288,61.308,0.298907,0,0,0.708661,0.215761,0.193994,0.66528,12.849,1,0.359149,0.36288,0,50.2622,4.61286,45.653,0.84672,12.849,0.84672,3695.15,0,18.483,0,0.837173,1.49064,4.39247,0.94851,5.77178,0.42336,18.483,0.42336,0,0,442.007,0,1.02816,0,0,1.86533,0.837173,1.028160,1,0,51.6188,0,0,0,51.6188,0
71.9753,2.01981,0,0,2.43258,0.226574,0.36288,3.6288,61.308,0.299141,0,0,0.635533,0.208497,0.127895,0.66528,12.849,1,0.359692,0.36288,0,44.7227,4.37916,40.3467,0.84672,12.849,0.84672,3695.15,0,18.483,0,0.60086,1.56808,4.10544,0.979065,5.29531,0.42336,18.483,0.42336,0,0,442.007,0,1.02816,0,0,1.62902,0.60086,1.028160,1,0,45.77,0,0,0,45.77,0
71.6157,2.01866,0,0,2.20493,0.18299,0.36288,3.6288,61.308,0.299376,0,0,0.623091,0.209553,0.114162,0.66528,12.849,1,0.360371,0.36288,0,39.1667,4.41588,34.7533,0.84672,12.849,0.84672,3695.15,0,18.483,0,0.638617,1.56835,3.87139,0.936365,5.142,0.42336,18.483,0.42336,0,0,442.007,0,1.02816,0,0,1.66678,0.638617,1.028160,1,0,40.0095,0,0,0,40.0095,0
71.2326,2.01595,0,0,2.17822,0.182489,0.36288,3.6288,61.308,0.29961,0,0,0.671933,0.209553,0.16277,0.66528,12.849,1,0.361693,0.36288,0,37.9992,4.41588,33.5845,0.84672,12.849,0.84672,3695.15,0,18.483,0,0.608101,1.56863,4.19475,0.936365,5.43512,0.42336,18.483,0.42336,0,0,442.007,0,1.02816,0,0,1.63626,0.608101,1.028160,1,0,39.1823,0,0,0,39.1823,0
70.7156,2.01301,0,0,2.04081,0.181956,0.36288,3.6288,61.308,0.299844,0,0,0.630504,0.209553,0.121107,0.66528,12.849,1,0.363108,0.36288,0,35.4546,4.41588,31.0385,0.84672,12.849,0.84672,3695.15,0,18.483,0,0.555388,1.56891,3.75076,0.936365,4.93869,0.42336,18.483,0.42336,0,0,442.007,0,1.02816,0,0,1.58355,0.555388,1.028160,1,0,36.0983,0,0,0,36.0983,0
70.5341,1.99089,0,0,2.3207,0.148427,0.36288,3.6288,61.308,0.337523,0,0,0.654722,0.21954,0.0976589,0.66528,12.849,1,0.361743,0.36288,0,31.9381,4.77042,27.1688,0.84672,12.849,0.84672,3695.15,0,18.483,0,0.635774,1.56918,3.6991,1.03933,4.86472,0.42336,18.483,0.42336,0,0,442.007,0,1.02816,0,0,1.66393,0.635774,1.028160,1,0,32.1312,0,0,0,32.1312,0
70.5784,1.98967,0,0,2.52047,0.123647,0.36288,3.6288,61.308,0.337765,0,0,0.657124,0.22703,0.0923297,0.66528,12.849,1,0.362452,0.36288,0,30.8896,5.03633,25.8537,0.84672,12.849,0.84672,3695.15,0,18.483,0,0.716887,1.59353,3.77425,1.11656,4.96811,0.42336,18.483,0.42336,0,0,442.007,0,1.02816,0,0,1.74505,0.716887,1.028160,1,0,30.9142,0,0,0,30.9142,0
70.4058,1.9904,0,0,2.30441,0.123689,0.36288,3.6288,61.308,0.338006,0,0,0.641364,0.22703,0.076329,0.66528,12.849,1,0.362358,0.36288,0,30.4536,5.03633,25.4178,0.84672,12.849,0.84672,3695.15,0,18.483,0,0.748924,1.59381,3.72785,1.11656,4.95402,0.42336,18.483,0.42336,0,0,442.007,0,1.02816,0,0,1.77708,0.748924,1.028160,1,0,30.4481,0,0,0,30.4481,0
70.0362,1.98925,0,0,2.10607,0.123525,0.36288,3.6288,61.308,0.338247,0,0,0.599762,0.22703,0.0344853,0.66528,12.849,1,0.363037,0.36288,0,28.6442,5.03633,23.6077,0.84672,12.849,0.84672,3695.15,0,18.483,0,0.490553,1.59409,3.54735,1.11656,4.51543,0.42336,18.483,0.42336,0,0,442.007,0,1.02816,0,0,1.51871,0.490553,1.028160,1,0,28.1576,0,0,0,28.1576,0
69.5125,2.03273,0,0,1.97608,0.10423,0.36288,3.6288,61.2369,0.371883,0,0,0.568506,0.267685,0,0.66528,12.849,1,0.37293,0.36288,0,26.5597,5.54217,21.0075,0.84672,12.849,0.84672,3695.15,0,18.483,0,0.459855,1.59437,3.40887,1.32039,4.14271,0.42336,18.483,0.42336,0,0,442.007,0,1.02816,0,0,1.48802,0.459855,1.028160,1,0,25.1502,0,0,0,25.1502,0
69.2613,2.02837,0,0,2.22852,0.0884649,0.36288,3.6288,61.119,0.37213,0,0,0.535372,0.281138,0,0.66528,12.849,1,0.374933,0.36288,0,28.0219,5.61309,22.3968,0.84672,12.849,0.84672,3695.15,0,18.483,0,0.40411,1.63303,3.36073,1.4614,3.93646,0.42336,18.483,0.42336,0,0,442.007,0,1.02816,0,0,1.43227,0.40411,1.028160,1,0,26.3333,0,0,0,26.3333,0
68.9173,2.02644,0,0,2.13369,0.0882926,0.36288,3.6288,60.9891,0.372378,0,0,0.523349,0.280928,0,0.66528,12.849,1,0.375936,0.36288,0,26.2219,5.61309,20.5957,0.84672,12.849,0.84672,3695.15,0,18.483,0,0.432994,1.63331,3.45405,1.4614,4.05895,0.42336,18.483,0.42336,0,0,442.007,0,1.02816,0,0,1.46115,0.432994,1.028160,1,0,24.6547,0,0,0,24.6547,0
68.3033,2.02366,0,0,1.86055,0.0880568,0.36288,3.6288,60.8293,0.372625,0,0,0.493521,0.280697,0,0.66528,12.849,1,0.377292,0.36288,0,24.8432,5.61309,19.2157,0.84672,12.849,0.84672,3695.15,0,18.483,0,0.297294,1.6336,3.30041,1.4614,3.76991,0.42336,18.483,0.42336,0,0,442.007,0,1.02816,0,0,1.32545,0.297294,1.028160,1,0,22.9856,0,0,0,22.9856,0
67.4202,2.15314,0,0,1.71585,0.0828829,0.36288,3.6288,60.5378,0.493495,0,0,0.48504,0.282995,0,0.66528,12.849,1,0.405042,0.36288,0,23.4375,5.68787,17.7074,0.84672,12.849,0.84672,3695.15,0,18.483,0,0.238749,1.63389,3.27036,1.47634,3.66666,0.42336,18.483,0.42336,0,0,442.007,0,1.02816,0,0,1.26691,0.238749,1.028160,1,0,21.3741,0,0,0,21.3741,0
66.2906,2.14469,0,0,1.47397,0.0959845,0.36288,3.6288,60.2777,0.493764,0,0,0.498172,0.264499,0,0.66528,12.849,1,0.408736,0.36288,0,23.3764,5.26712,18.0634,0.84672,12.849,0.84672,3695.15,0,18.483,0,0.339707,1.76422,2.5647,1.38565,3.28298,0.42336,18.483,0.42336,0,0,442.007,0,1.02816,0,0,1.36787,0.339707,1.028160,1,0,21.3464,0,0,0,21.3464,0
65.3914,2.13353,0,0,1.70895,0.111779,0.36288,3.6288,60.0466,0.494033,0,0,0.513551,0.250709,0,0.66528,12.849,1,0.413538,0.36288,0,24.1282,4.91936,19.1581,0.84672,12.849,0.84672,3695.15,0,18.483,0,0.48956,1.76453,3.24657,1.31351,4.18714,0.42336,18.483,0.42336,0,0,442.007,0,1.02816,0,0,1.51772,0.48956,1.028160,1,0,23.3453,0,0,0,23.3453,0
64.4846,2.12453,0,0,1.69163,0.110979,0.36288,3.6288,59.8245,0.494302,0,0,0.522564,0.25034,0,0.66528,12.849,1,0.417457,0.36288,0,22.3225,4.91936,17.3485,0.84672,12.849,0.84672,3695.15,0,18.483,0,0.444347,1.76484,2.57785,1.31351,3.47352,0.42336,18.483,0.42336,0,0,442.007,0,1.02816,0,0,1.47251,0.444347,1.028160,1,0,20.8221,0,0,0,20.8221,0
63.1712,2.11527,0,0,1.28669,0.121978,0.36288,3.6288,59.5297,0.494571,0,0,0.45003,0.250187,0,0.66528,12.849,1,0.421482,0.36288,0,21.6416,4.97486,16.6081,0.84672,12.849,0.84672,3695.15,0,18.483,0,0.327266,1.76516,2.18689,1.30265,2.97666,0.42336,18.483,0.42336,0,0,442.007,0,1.02816,0,0,1.35543,0.327266,1.028160,1,0,19.5848,0,0,0,19.5848,0
62.0398,2.03724,0,0,1.41351,0.144763,0.36288,3.6288,59.3237,0.421561,0,0,0.461341,0.245859,0,0.66528,12.849,1,0.414374,0.36288,0,19.8259,4.54931,15.2251,0.84672,12.849,0.84672,3695.15,0,18.483,0,0.362172,1.76547,2.30595,1.10574,3.32785,0.42336,18.483,0.42336,0,0,442.007,0,1.02816,0,0,1.39033,0.362172,1.028160,1,0,18.5529,0,0,0,18.5529,0
60.9882,2.02536,0,0,1.50566,0.169065,0.36288,3.6288,59.3214,0.421817,0,0,0.659848,0.240291,0,0.66528,12.849,1,0.419469,0.36288,0,22.9869,3.9523,18.978,0.84672,12.849,0.84672,3695.15,0,18.483,0,1.03556,1.69119,3.43722,0.848986,5.31498,0.42336,18.483,0.42336,0,0,442.007,0,1.02816,0,0,2.06372,1.03556,1.028160,1,0,24.293,0,0,0,24.293,0
59.9357,2.01406,0,0,1.49208,0.167602,0.36288,3.6288,59.4283,0.422073,0,0,0.769245,0.240288,0,0.66528,12.849,1,0.424322,0.36288,0,22.4985,3.9523,18.4847,0.84672,12.849,0.84672,3695.15,0,18.483,0,1.37018,1.69149,3.47677,0.848986,5.68946,0.42336,18.483,0.42336,0,0,442.007,0,1.02816,0,0,2.39834,1.37018,1.028160,1,0,24.1742,0,0,0,24.1742,0
58.719,2.00248,0,0,1.31472,0.166064,0.36288,3.6288,59.4467,0.422329,0,0,0.681175,0.240452,0,0.66528,12.849,1,0.429291,0.36288,0,19.3013,3.9523,15.2826,0.84672,12.849,0.84672,3695.15,0,18.483,0,1.20209,1.69179,3.03173,0.848986,5.07663,0.42336,18.483,0.42336,0,0,442.007,0,1.02816,0,0,2.23025,1.20209,1.028160,1,0,20.3592,0,0,0,20.3592,0
58.3082,1.93732,0,0,2.10513,0.215765,0.36288,3.6288,59.7728,0.355837,0,0,0.916384,0.234424,0,0.66528,12.849,1,0.423927,0.36288,0,34.0809,4.01071,30.0092,0.84672,12.849,0.84672,3695.15,0,18.483,0,2.12693,1.69209,4.8958,0.923394,7.79141,0.42336,18.483,0.42336,0,0,442.007,0,1.02816,0,0,3.15509,2.12693,1.028160,1,0,37.8006,0,0,0,37.8006,0
58.2324,1.93292,0,0,2.49102,0.271013,0.36288,3.6288,59.9162,0.356081,0,0,0.746079,0.24661,0,0.66528,12.849,1,0.425945,0.36288,0,35.3663,4.2294,31.0738,0.84672,12.849,0.84672,3695.15,0,18.483,0,0.709353,1.62605,4.59719,1.09993,5.83266,0.42336,18.483,0.42336,0,0,442.007,0,1.02816,0,0,1.73751,0.709353,1.028160,1,0,36.9065,0,0,0,36.9065,0
60.7619,1.93238,0,0,5.09557,0.270813,0.36288,3.6288,61.308,0.356326,0,0,1.99978,0.246836,0.00481365,0.66528,12.849,1,0.426381,0.36288,0,65.1605,4.2294,60.8676,0.84672,12.849,0.84672,3695.15,0,18.483,0,3.73485,1.62634,8.2893,1.09993,12.5506,0.42336,18.483,0.42336,0,0,442.007,0,1.02816,0,0,4.76301,3.73485,1.028160,1,0,73.423,0,0,0,73.423,0
61.4085,1.96129,0,0,3.24811,0.277328,0.36288,3.6288,61.308,0.35657,0,0,1.16215,0.249027,0.556552,0.66528,12.849,1,0.414743,0.36288,0,43.6109,4.2294,39.3297,0.84672,12.849,0.84672,3695.15,0,18.483,0,1.53891,1.62663,5.82586,1.09993,7.89147,0.42336,18.483,0.42336,0,0,442.007,0,1.02816,0,0,2.56707,1.53891,1.028160,1,0,47.7777,0,0,0,47.7777,0
64.466,1.82042,0,0,5.5196,0.278819,0.36288,3.6288,61.308,0.217699,0,0,1.47303,0.249027,1.00631,0.66528,12.849,1,0.380901,0.36288,0,76.8236,4.2294,72.5762,0.84672,12.849,0.84672,3695.15,0,18.483,0,1.52998,1.62691,7.54212,1.09993,9.59909,0.42336,18.483,0.42336,0,0,442.007,0,1.02816,0,0,2.55814,1.52998,1.028160,1,0,83.1816,0,0,0,83.1816,0
66.0361,1.85039,0,0,4.08724,0.303923,0.36288,3.6288,61.308,0.217919,0,0,1.31308,0.251493,0.843665,0.66528,12.849,1,0.36881,0.36288,0,46.9564,4.58814,42.3623,0.84672,12.849,0.84672,3695.15,0,18.483,0,2.21483,1.47776,8.46205,1.16266,10.992,0.42336,18.483,0.42336,0,0,442.007,0,1.02816,0,0,3.24299,2.21483,1.028160,1,0,54.198,0,0,0,54.198,0
67.098,1.86522,0,0,3.59005,0.300012,0.36288,3.6288,61.308,0.218139,0,0,0.938174,0.234442,0.485594,0.66528,12.849,1,0.362927,0.36288,0,57.775,4.34595,53.429,0.84672,12.849,0.84672,3695.15,0,18.483,0,1.20163,1.47802,8.53399,1.07898,10.1346,0.42336,18.483,0.42336,0,0,442.007,0,1.02816,0,0,2.22979,1.20163,1.028160,1,0,64.0492,0,0,0,64.0492,0
72.29,1.8751,0,0,8.41413,0.30255,1.04447,3.6288,61.308,0.218359,0,0,2.59962,0.234442,2.14682,0.66528,12.849,1,0.359075,1.04447,0,122.415,4.34595,118.754,0.84672,12.849,0.84672,3695.15,0,18.483,0,4.63575,1.47828,11.9273,1.07898,16.9623,0.42336,18.483,0.42336,0,0,442.007,0,1.02816,0,0,5.66391,4.63575,1.028160,1,0,137.864,0,0,0,137.864,0
72.29,1.91931,0,0,7.20167,0.303832,4.97853,3.6288,61.308,0.218579,0,0,0.897316,0.229996,0.448741,0.66528,12.849,1,0.341143,4.97853,0,72.7332,4.11825,73.2524,0.84672,12.849,0.84672,3695.15,0,18.483,0,1.6415,1.47854,8.6381,1.04124,10.7169,0.42336,18.483,0.42336,0,0,442.007,0,1.02816,0,0,2.66966,1.6415,1.028160,1,0,84.418,0,0,0,84.418,0
72.29,1.91931,0,0,6.90679,0.307506,4.67997,3.6288,61.308,0.218579,0,0,1.50931,0.214153,1.07658,0.66528,12.849,1,0.341143,4.67997,0,75.4121,3.69831,76.0526,0.84672,12.849,0.84672,3695.15,0,18.483,0,2.68173,1.4788,11.7153,0.979644,14.8962,0.42336,18.483,0.42336,0,0,442.007,0,1.02816,0,0,3.70989,2.68173,1.028160,1,0,92.0254,0,0,0,92.0254,0
72.29,1.97978,0,0,9.47929,0.353771,7.14574,3.6288,61.308,0.259114,0,0,3.60487,0.189366,3.15639,0.66528,12.849,1,0.351891,7.14574,0,187.637,3.40746,191.024,0.84672,12.849,0.84672,3695.15,0,18.483,0,7.84091,1.4788,29.4367,0.951445,37.805,0.42336,18.483,0.42336,0,0,442.007,0,1.02816,0,0,8.86907,7.84091,1.028160,1,0,231.985,0,0,0,231.985,0
72.29,1.98012,0,0,8.20247,0.353771,5.86858,3.6288,61.308,0.259332,0,0,3.54955,0.189366,3.10086,0.66528,12.849,1,0.351951,5.86858,0,165.193,3.40746,167.303,0.84672,12.849,0.84672,3695.15,0,18.483,0,4.22488,1.52636,18.6178,0.951445,23.4176,0.42336,18.483,0.42336,0,0,442.007,0,1.02816,0,0,5.25304,4.22488,1.028160,1,0,193.821,0,0,0,193.821,0
72.29,1.98045,0,0,8.46556,0.352666,6.13244,3.6288,61.308,0.25955,0,0,1.8854,0.163512,1.46234,0.66528,12.849,1,0.35201,6.13244,0,148.028,3.07363,150.735,0.84672,12.849,0.84672,3695.15,0,18.483,0,3.09279,1.52662,14.4062,0.880996,18.1447,0.42336,18.483,0.42336,0,0,442.007,0,1.02816,0,0,4.12095,3.09279,1.028160,1,0,170.342,0,0,0,170.342,0
72.29,1.98079,0,0,6.64181,0.352225,4.3088,3.6288,61.308,0.259768,0,0,2.24391,0.153171,1.83097,0.66528,12.849,1,0.35207,4.3088,0,150.753,2.9401,151.77,0.84672,12.849,0.84672,3695.15,0,18.483,0,3.24099,1.52688,13.1674,0.852817,17.0824,0.42336,18.483,0.42336,0,0,442.007,0,1.02816,0,0,4.26915,3.24099,1.028160,1,0,170.683,0,0,0,170.683,0
72.29,2.17436,0,0,5.22394,0.37583,2.67376,3.6288,61.308,0.411444,0,0,1.90095,0.142065,1.34744,0.66528,12.849,1,0.386475,2.67376,0,101.603,3.47011,100.42,0.84672,12.849,0.84672,3695.15,0,18.483,0,2.40833,1.52714,14.3021,0.853795,17.3838,0.42336,18.483,0.42336,0,0,442.007,0,1.02816,0,0,3.43649,2.40833,1.028160,1,0,119.151,0,0,0,119.151,0
72.29,2.17473,0,0,5.79464,0.379764,3.24015,3.6288,61.308,0.411688,0,0,1.75054,0.140214,1.19864,0.66528,12.849,1,0.386541,3.24015,0,109.576,3.55845,108.871,0.84672,12.849,0.84672,3695.15,0,18.483,0,2.40134,1.69632,15.0878,0.853958,18.3315,0.42336,18.483,0.42336,0,0,442.007,0,1.02816,0,0,3.4295,2.40134,1.028160,1,0,128.401,0,0,0,128.401,0
72.29,2.17509,0,0,4.43983,0.379764,1.88497,3.6288,61.308,0.411931,0,0,1.5243,0.140214,0.972158,0.66528,12.849,1,0.386606,1.88497,0,94.2054,3.55845,92.1453,0.84672,12.849,0.84672,3695.15,0,18.483,0,1.70516,1.69661,13.9545,0.853958,16.5023,0.42336,18.483,0.42336,0,0,442.007,0,1.02816,0,0,2.73332,1.70516,1.028160,1,0,109.62,0,0,0,109.62,0
72.29,2.17546,0,0,8.88018,0.36418,6.34054,3.6288,61.308,0.412175,0,0,3.06668,0.173411,2.4811,0.66528,12.849,1,0.386672,6.34054,0,129.257,4.34469,130.866,0.84672,12.849,0.84672,3695.15,0,18.483,0,5.10936,1.69689,20.0381,1.09993,25.7445,0.42336,18.483,0.42336,0,0,442.007,0,1.02816,0,0,6.13752,5.10936,1.028160,1,0,159.092,0,0,0,159.092,0
72.29,1.90003,0,0,7.22226,0.349863,4.97237,3.6288,61.308,0.209022,0,0,5.49662,0.166778,5.12082,0.66528,12.849,1,0.337716,4.97237,0,100.838,4.22067,101.252,0.84672,12.849,0.84672,3695.15,0,18.483,0,4.74232,1.69718,21.1978,1.02241,26.6149,0.42336,18.483,0.42336,0,0,442.007,0,1.02816,0,0,5.77048,4.74232,1.028160,1,0,132.988,0,0,0,132.988,0
72.29,1.90035,0,0,7.25881,0.34791,5.01055,3.6288,61.308,0.209231,0,0,6.99192,0.16475,6.61794,0.66528,12.849,1,0.337773,5.01055,0,97.3693,4.17816,97.864,0.84672,12.849,0.84672,3695.15,0,18.483,0,4.63756,1.46624,15.8483,1.00266,20.9494,0.42336,18.483,0.42336,0,0,442.007,0,1.02816,0,0,5.66572,4.63756,1.028160,1,0,125.431,0,0,0,125.431,0
72.29,1.90067,0,0,12.4957,0.345861,10.2492,3.6288,61.308,0.209441,0,0,10.8049,0.147569,10.4479,0.66528,12.849,1,0.33783,10.2492,0,203.538,3.90919,209.54,0.84672,12.849,0.84672,3695.15,0,18.483,0,9.93781,1.46649,37.3796,0.956596,47.8273,0.42336,18.483,0.42336,0,0,442.007,0,1.02816,0,0,10.966,9.93781,1.028160,1,0,267.815,0,0,0,267.815,0
72.29,1.90099,0,0,11.2105,0.34313,8.96636,3.6288,61.308,0.20965,0,0,8.62937,0.124661,8.29506,0.66528,12.849,1,0.337887,8.96636,0,194.441,3.55058,199.519,0.84672,12.849,0.84672,3695.15,0,18.483,0,8.40897,1.46673,24.226,0.895175,33.2065,0.42336,18.483,0.42336,0,0,442.007,0,1.02816,0,0,9.43713,8.40897,1.028160,1,0,241.021,0,0,0,241.021,0
72.29,1.90132,0,0,9.45052,0.322827,7.22638,3.6288,61.308,0.20986,0,0,10.5241,0.14051,10.1738,0.66528,12.849,1,0.337944,7.22638,0,168.835,3.7214,172.002,0.84672,12.849,0.84672,3695.15,0,18.483,0,6.919,1.46698,26.7579,0.936955,34.2069,0.42336,18.483,0.42336,0,0,442.007,0,1.02816,0,0,7.94716,6.919,1.028160,1,0,216.383,0,0,0,216.383,0
72.29,1.97112,0,0,7.47956,0.295757,5.21269,3.6288,61.308,0.25987,0,0,12.0822,0.161644,11.6607,0.66528,12.849,1,0.350351,5.21269,0,116.592,3.94916,117.506,0.84672,12.849,0.84672,3695.15,0,18.483,0,7.09456,1.46723,20.0459,0.992662,27.6151,0.42336,18.483,0.42336,0,0,442.007,0,1.02816,0,0,8.12272,7.09456,1.028160,1,0,156.781,0,0,0,156.781,0
72.29,1.97145,0,0,7.89938,0.295757,5.63217,3.6288,61.308,0.260088,0,0,17.5925,0.161644,17.1708,0.66528,12.849,1,0.350411,5.63217,0,134.281,3.94916,135.614,0.84672,12.849,0.84672,3695.15,0,18.483,0,9.21854,1.52462,23.8715,0.992662,33.622,0.42336,18.483,0.42336,0,0,442.007,0,1.02816,0,0,10.2467,9.21854,1.028160,1,0,186.406,0,0,0,186.406,0
72.29,1.97179,0,0,6.74361,0.295757,4.47606,3.6288,61.308,0.260306,0,0,14.0418,0.161644,13.6199,0.66528,12.849,1,0.35047,4.47606,0,104.364,3.94916,104.541,0.84672,12.849,0.84672,3695.15,0,18.483,0,7.42334,1.52488,17.2782,0.992662,25.2337,0.42336,18.483,0.42336,0,0,442.007,0,1.02816,0,0,8.4515,7.42334,1.028160,1,0,143.394,0,0,0,143.394,0
72.29,1.97212,0,0,5.60219,0.253291,3.37678,3.6288,61.308,0.260524,0,0,9.14649,0.165372,8.72059,0.66528,12.849,1,0.350529,3.37678,0,94.3289,4.20948,93.1457,0.84672,12.849,0.84672,3695.15,0,18.483,0,5.29017,1.52514,12.9262,1.02112,18.7204,0.42336,18.483,0.42336,0,0,442.007,0,1.02816,0,0,6.31833,5.29017,1.028160,1,0,120.587,0,0,0,120.587,0
72.29,1.94527,0,0,5.64921,0.209746,3.4942,3.6288,61.308,0.241387,0,0,3.34122,0.211053,2.88878,0.66528,12.849,1,0.345757,3.4942,0,96.336,4.38753,95.0969,0.84672,12.849,0.84672,3695.15,0,18.483,0,3.78341,1.52539,14.0114,1.10186,18.2183,0.42336,18.483,0.42336,0,0,442.007,0,1.02816,0,0,4.81157,3.78341,1.028160,1,0,116.204,0,0,0,116.204,0
72.29,1.9456,0,0,4.77564,0.209746,2.6203,3.6288,61.308,0.241602,0,0,3.11264,0.211053,2.65998,0.66528,12.849,1,0.345815,2.6203,0,82.0359,4.38753,79.9229,0.84672,12.849,0.84672,3695.15,0,18.483,0,3.27618,1.5034,11.548,1.10186,15.2257,0.42336,18.483,0.42336,0,0,442.007,0,1.02816,0,0,4.30434,3.27618,1.028160,1,0,97.8086,0,0,0,97.8086,0
72.29,1.94593,0,0,4.23487,0.209746,2.0792,3.6288,61.308,0.241816,0,0,2.79533,0.211053,2.34246,0.66528,12.849,1,0.345874,2.0792,0,70.7167,4.38753,68.0625,0.84672,12.849,0.84672,3695.15,0,18.483,0,2.71825,1.50365,9.9595,1.10186,13.0795,0.42336,18.483,0.42336,0,0,442.007,0,1.02816,0,0,3.74641,2.71825,1.028160,1,0,83.4845,0,0,0,83.4845,0
72.29,1.94626,0,0,3.86203,0.201104,1.71467,3.6288,61.308,0.242031,0,0,2.52197,0.199675,2.08027,0.66528,12.849,1,0.345932,1.71467,0,63.5213,4.15161,60.7384,0.84672,12.849,0.84672,3695.15,0,18.483,0,2.41999,1.5039,9.18648,1.04202,12.0683,0.42336,18.483,0.42336,0,0,442.007,0,1.02816,0,0,3.44815,2.41999,1.028160,1,0,74.887,0,0,0,74.887,0
72.29,2.03893,0,0,4.11145,0.169802,1.90272,3.6288,61.308,0.310931,0,0,2.43961,0.207261,1.92142,0.66528,12.849,1,0.362404,1.90272,0,62.5018,4.40226,59.6399,0.84672,12.849,0.84672,3695.15,0,18.483,0,2.36345,1.50416,9.35591,0.988051,12.2355,0.42336,18.483,0.42336,0,0,442.007,0,1.02816,0,0,3.39161,2.36345,1.028160,1,0,73.7968,0,0,0,73.7968,0
72.29,2.03927,0,0,3.99971,0.149534,1.8109,3.6288,61.308,0.311158,0,0,1.89527,0.207787,1.37633,0.66528,12.849,1,0.362465,1.8109,0,58.1778,4.3317,55.2945,0.84672,12.849,0.84672,3695.15,0,18.483,0,2.26838,1.58228,9.14674,1.0292,11.9682,0.42336,18.483,0.42336,0,0,442.007,0,1.02816,0,0,3.29654,2.26838,1.028160,1,0,68.639,0,0,0,68.639,0
72.29,2.03962,0,0,3.58903,0.111011,1.4384,3.6288,61.308,0.311384,0,0,1.84161,0.20973,1.32049,0.66528,12.849,1,0.362526,1.4384,0,50.8915,4.39656,47.5708,0.84672,12.849,0.84672,3695.15,0,18.483,0,2.28302,1.58255,8.54911,0.988233,11.4264,0.42336,18.483,0.42336,0,0,442.007,0,1.02816,0,0,3.31118,2.28302,1.028160,1,0,60.3178,0,0,0,60.3178,0
72.29,2.03996,0,0,3.54404,0.111011,1.39307,3.6288,61.308,0.311611,0,0,2.00032,0.20973,1.47897,0.66528,12.849,1,0.362588,1.39307,0,49.2145,4.39656,45.8484,0.84672,12.849,0.84672,3695.15,0,18.483,0,2.21346,1.58282,9.3731,0.988233,12.1812,0.42336,18.483,0.42336,0,0,442.007,0,1.02816,0,0,3.24162,2.21346,1.028160,1,0,59.5085,0,0,0,59.5085,0
72.29,2.04031,0,0,3.35732,0.102379,1.21464,3.6288,61.308,0.311838,0,0,1.71634,0.234463,1.17004,0.66528,12.849,1,0.362649,1.21464,0,48.9308,4.7157,45.0671,0.84672,12.849,0.84672,3695.15,0,18.483,0,1.86325,1.58309,7.40621,1.11761,9.73493,0.42336,18.483,0.42336,0,0,442.007,0,1.02816,0,0,2.89141,1.86325,1.028160,1,0,55.9721,0,0,0,55.9721,0
72.29,2.02237,0,0,3.28459,0.0908703,1.17135,3.6288,61.308,0.349847,0,0,1.48536,0.267441,0.868076,0.66528,12.849,1,0.359462,1.17135,0,52.0614,5.14122,47.732,0.84672,12.849,0.84672,3695.15,0,18.483,0,1.46571,1.58336,6.45544,1.29012,8.21438,0.42336,18.483,0.42336,0,0,442.007,0,1.02816,0,0,2.49387,1.46571,1.028160,1,0,56.8145,0,0,0,56.8145,0
72.29,2.02272,0,0,3.03639,0.0908703,0.922803,3.6288,61.308,0.35008,0,0,1.43602,0.267441,0.8185,0.66528,12.849,1,0.359522,0.922803,0,51.7469,5.14122,47.1689,0.84672,12.849,0.84672,3695.15,0,18.483,0,1.42351,1.6079,6.54566,1.29012,8.28696,0.42336,18.483,0.42336,0,0,442.007,0,1.02816,0,0,2.45167,1.42351,1.028160,1,0,56.2744,0,0,0,56.2744,0
72.29,2.02306,0,0,2.75654,0.0908703,0.642611,3.6288,61.308,0.350313,0,0,1.3566,0.267441,0.738848,0.66528,12.849,1,0.359583,0.642611,0,50.2089,5.14122,45.3508,0.84672,12.849,0.84672,3695.15,0,18.483,0,1.18301,1.60818,6.15298,1.29012,7.65405,0.42336,18.483,0.42336,0,0,442.007,0,1.02816,0,0,2.21117,1.18301,1.028160,1,0,53.7436,0,0,0,53.7436,0
72.29,2.0234,0,0,2.52402,0.081349,0.419271,3.6288,61.308,0.350546,0,0,1.29114,0.289379,0.65122,0.66528,12.849,1,0.359644,0.419271,0,44.2779,5.42352,38.914,0.84672,12.849,0.84672,3695.15,0,18.483,0,1.09229,1.60845,5.9754,1.39317,7.28297,0.42336,18.483,0.42336,0,0,442.007,0,1.02816,0,0,2.12045,1.09229,1.028160,1,0,46.8482,0,0,0,46.8482,0
72.29,2.07097,0,0,2.8467,0.066611,0.709114,3.6288,61.308,0.384474,0,0,1.56966,0.334583,0.850606,0.66528,12.849,1,0.3681,0.709114,0,47.3864,6.1425,41.5849,0.84672,12.849,0.84672,3695.15,0,18.483,0,1.25914,1.60872,5.55496,1.48683,6.93599,0.42336,18.483,0.42336,0,0,442.007,0,1.02816,0,0,2.2873,1.25914,1.028160,1,0,49.3715,0,0,0,49.3715,0
72.29,2.07132,0,0,2.7768,0.066611,0.638866,3.6288,61.308,0.384714,0,0,1.44622,0.334583,0.726918,0.66528,12.849,1,0.368162,0.638866,0,47.3257,6.1425,41.4539,0.84672,12.849,0.84672,3695.15,0,18.483,0,1.46321,1.64771,5.95246,1.48683,7.57655,0.42336,18.483,0.42336,0,0,442.007,0,1.02816,0,0,2.49137,1.46321,1.028160,1,0,49.7574,0,0,0,49.7574,0
72.29,2.07167,0,0,2.59844,0.066611,0.460152,3.6288,61.308,0.384953,0,0,1.33867,0.334583,0.619137,0.66528,12.849,1,0.368224,0.460152,0,42.7231,6.1425,36.6725,0.84672,12.849,0.84672,3695.15,0,18.483,0,1.35628,1.64799,5.3125,1.48683,6.82994,0.42336,18.483,0.42336,0,0,442.007,0,1.02816,0,0,2.38444,1.35628,1.028160,1,0,44.1216,0,0,0,44.1216,0
72.174,2.07202,0,0,2.3855,0.066611,0.36288,3.6288,61.308,0.385192,0,0,1.32396,0.334583,0.604184,0.66528,12.849,1,0.368287,0.36288,0,39.054,6.1425,32.9061,0.84672,12.849,0.84672,3695.15,0,18.483,0,1.16044,1.64827,5.19583,1.48683,6.5177,0.42336,18.483,0.42336,0,0,442.007,0,1.02816,0,0,2.1886,1.16044,1.028160,1,0,40.028,0,0,0,40.028,0
72.29,2.20971,0,0,3.01237,0.0510259,0.635627,3.6288,61.308,0.507135,0,0,1.64648,0.341947,0.7974,0.66528,12.849,1,0.39339,0.635627,0,41.8448,6.27777,35.8093,0.84672,12.849,0.84672,3695.15,0,18.483,0,1.63771,1.64855,7.69211,1.52344,9.45492,0.42336,18.483,0.42336,0,0,442.007,0,1.02816,0,0,2.66587,1.63771,1.028160,1,0,46.0616,0,0,0,46.0616,0
72.29,2.21115,0,0,3.14805,0.0520793,0.88482,3.6288,61.308,0.507395,0,0,1.68578,0.330721,0.84766,0.66528,12.849,1,0.393016,0.88482,0,43.3535,6.17589,37.6694,0.84672,12.849,0.84672,3695.15,0,18.483,0,1.55352,1.78004,6.12588,1.51781,7.94163,0.42336,18.483,0.42336,0,0,442.007,0,1.02816,0,0,2.58168,1.55352,1.028160,1,0,46.4587,0,0,0,46.4587,0
72.29,2.21153,0,0,2.76254,0.0520793,0.498937,3.6288,61.308,0.507654,0,0,1.62633,0.330721,0.787957,0.66528,12.849,1,0.393082,0.498937,0,55.1102,6.17589,49.0401,0.84672,12.849,0.84672,3695.15,0,18.483,0,1.43852,1.78034,5.8826,1.51781,7.58365,0.42336,18.483,0.42336,0,0,442.007,0,1.02816,0,0,2.46668,1.43852,1.028160,1,0,57.4117,0,0,0,57.4117,0
72.29,2.2119,0,0,2.82141,0.0520793,0.557427,3.6288,61.308,0.507914,0,0,1.86555,0.330721,1.02691,0.66528,12.849,1,0.393149,0.557427,0,47.739,6.17589,41.7274,0.84672,12.849,0.84672,3695.15,0,18.483,0,1.57834,1.78064,6.10896,1.51781,7.95013,0.42336,18.483,0.42336,0,0,442.007,0,1.02816,0,0,2.6065,1.57834,1.028160,1,0,50.7045,0,0,0,50.7045,0
72.29,2.21228,0,0,3.43362,0.0200731,1.20127,3.6288,61.308,0.508174,0,0,2.06721,0.348464,1.21058,0.66528,12.849,1,0.393215,1.20127,0,48.9298,6.32415,43.4137,0.84672,12.849,0.84672,3695.15,0,18.483,0,2.31027,1.78094,8.32853,1.57916,10.8406,0.42336,18.483,0.42336,0,0,442.007,0,1.02816,0,0,3.33843,2.31027,1.028160,1,0,55.4649,0,0,0,55.4649,0
72.29,2.14514,0,0,4.18741,0.0320623,2.01021,3.6288,61.308,0.434502,0,0,2.4441,0.327874,1.68173,0.66528,12.849,1,0.381282,2.01021,0,42.4329,5.10465,38.9571,0.84672,12.849,0.84672,3695.15,0,18.483,0,1.86359,1.78124,8.5199,1.32764,10.8371,0.42336,18.483,0.42336,0,0,442.007,0,1.02816,0,0,2.89175,1.86359,1.028160,1,0,51.4759,0,0,0,51.4759,0
72.29,2.1455,0,0,4.76631,0.0904485,2.53036,3.6288,61.308,0.434749,0,0,3.53432,0.308939,2.79063,0.66528,12.849,1,0.381347,2.53036,0,41.7976,4.58251,39.3641,0.84672,12.849,0.84672,3695.15,0,18.483,0,2.89472,1.70629,11.8888,1.23092,15.2589,0.42336,18.483,0.42336,0,0,442.007,0,1.02816,0,0,3.92288,2.89472,1.028160,1,0,57.4137,0,0,0,57.4137,0
72.29,2.14587,0,0,4.5371,0.0904485,2.30078,3.6288,61.308,0.434997,0,0,3.4389,0.308939,2.69497,0.66528,12.849,1,0.381411,2.30078,0,53.2061,4.58251,50.5429,0.84672,12.849,0.84672,3695.15,0,18.483,0,2.65045,1.70658,11.7704,1.23092,14.8965,0.42336,18.483,0.42336,0,0,442.007,0,1.02816,0,0,3.67861,2.65045,1.028160,1,0,68.1344,0,0,0,68.1344,0
72.29,2.14623,0,0,5.10005,0.0904485,2.86338,3.6288,61.308,0.435244,0,0,4.51603,0.308939,3.77185,0.66528,12.849,1,0.381476,2.86338,0,105.5,4.58251,103.4,0.84672,12.849,0.84672,3695.15,0,18.483,0,3.47971,1.70686,15.6331,1.23092,19.5888,0.42336,18.483,0.42336,0,0,442.007,0,1.02816,0,0,4.50787,3.47971,1.028160,1,0,126.76,0,0,0,126.76,0
72.29,2.09114,0,0,5.92009,0.167946,3.66101,3.6288,61.308,0.368149,0,0,2.45626,0.206512,1.8816,0.66528,12.849,1,0.371684,3.66101,0,85.0618,4.01029,84.3409,0.84672,12.849,0.84672,3695.15,0,18.483,0,1.65763,1.70715,10.9036,0.909579,13.3588,0.42336,18.483,0.42336,0,0,442.007,0,1.02816,0,0,2.68579,1.65763,1.028160,1,0,99.5813,0,0,0,99.5813,0
72.29,2.09149,0,0,5.54295,0.180862,3.27059,3.6288,61.308,0.368386,0,0,3.26201,0.189441,2.70418,0.66528,12.849,1,0.371747,3.27059,0,99.4594,3.91493,98.4433,0.84672,12.849,0.84672,3695.15,0,18.483,0,2.47803,1.64052,14.6038,0.856023,17.8664,0.42336,18.483,0.42336,0,0,442.007,0,1.02816,0,0,3.50619,2.47803,1.028160,1,0,119.014,0,0,0,119.014,0
72.29,2.09185,0,0,8.14757,0.180862,5.87486,3.6288,61.308,0.368622,0,0,2.52675,0.189441,1.96869,0.66528,12.849,1,0.37181,5.87486,0,98.0355,3.91493,99.6236,0.84672,12.849,0.84672,3695.15,0,18.483,0,2.89775,1.64079,15.7187,0.856023,19.4012,0.42336,18.483,0.42336,0,0,442.007,0,1.02816,0,0,3.92591,2.89775,1.028160,1,0,120.993,0,0,0,120.993,0
72.29,2.0922,0,0,7.98009,0.200069,5.68781,3.6288,61.308,0.368858,0,0,2.12261,0.186369,1.56739,0.66528,12.849,1,0.371873,5.68781,0,107.108,4.35225,108.072,0.84672,12.849,0.84672,3695.15,0,18.483,0,2.12805,1.64107,12.7184,0.961773,15.5258,0.42336,18.483,0.42336,0,0,442.007,0,1.02816,0,0,3.15621,2.12805,1.028160,1,0,125.165,0,0,0,125.165,0
72.29,1.93496,0,0,7.04003,0.228821,4.87624,3.6288,61.308,0.228745,0,0,4.87554,0.197285,4.44951,0.66528,12.849,1,0.343925,4.87624,0,97.1784,4.2963,97.4144,0.84672,12.849,0.84672,3695.15,0,18.483,0,3.67263,1.64135,15.4121,1.01446,19.7116,0.42336,18.483,0.42336,0,0,442.007,0,1.02816,0,0,4.70079,3.67263,1.028160,1,0,121.576,0,0,0,121.576,0
72.29,1.93529,0,0,9.4665,0.244623,7.28659,3.6288,61.308,0.228958,0,0,8.89138,0.206393,8.45603,0.66528,12.849,1,0.343983,7.28659,0,120.211,4.12314,123.03,0.84672,12.849,0.84672,3695.15,0,18.483,0,4.99681,1.49086,18.1494,1.02225,23.6149,0.42336,18.483,0.42336,0,0,442.007,0,1.02816,0,0,6.02497,4.99681,1.028160,1,0,155.101,0,0,0,155.101,0
72.29,1.93562,0,0,8.76545,0.244623,6.58521,3.6288,61.308,0.22917,0,0,6.60925,0.206393,6.17368,0.66528,12.849,1,0.344041,6.58521,0,168.81,4.12314,170.928,0.84672,12.849,0.84672,3695.15,0,18.483,0,4.22769,1.49111,18.0203,1.02225,22.7168,0.42336,18.483,0.42336,0,0,442.007,0,1.02816,0,0,5.25585,4.22769,1.028160,1,0,199.819,0,0,0,199.819,0
72.29,1.93594,0,0,7.70273,0.267611,5.49918,3.6288,61.308,0.229383,0,0,2.66448,0.205002,2.2301,0.66528,12.849,1,0.3441,5.49918,0,119.921,4.49777,120.578,0.84672,12.849,0.84672,3695.15,0,18.483,0,1.89784,1.49136,10.804,1.06737,13.1258,0.42336,18.483,0.42336,0,0,442.007,0,1.02816,0,0,2.926,1.89784,1.028160,1,0,135.934,0,0,0,135.934,0
72.29,1.93627,0,0,10.8668,0.283432,8.64708,3.6288,61.308,0.229596,0,0,3.13571,0.202896,2.70321,0.66528,12.849,1,0.344158,8.64708,0,189.618,4.60289,193.318,0.84672,12.849,0.84672,3695.15,0,18.483,0,2.66914,1.49162,14.0672,1.11995,17.108,0.42336,18.483,0.42336,0,0,442.007,0,1.02816,0,0,3.6973,2.66914,1.028160,1,0,213.129,0,0,0,213.129,0
72.29,1.99726,0,0,10.7377,0.251802,8.48864,3.6288,61.308,0.270479,0,0,3.15605,0.244795,2.64077,0.66528,12.849,1,0.354998,8.48864,0,131.103,3.73726,135.5,0.84672,12.849,0.84672,3695.15,0,18.483,0,5.4388,1.49187,21.76,1.26189,27.4288,0.42336,18.483,0.42336,0,0,442.007,0,1.02816,0,0,6.46696,5.4388,1.028160,1,0,165.569,0,0,0,165.569,0
72.29,1.99759,0,0,5.91918,0.251802,3.66979,3.6288,61.308,0.27069,0,0,2.38377,0.244795,1.86828,0.66528,12.849,1,0.355056,3.66979,0,124.219,3.73726,123.796,0.84672,12.849,0.84672,3695.15,0,18.483,0,3.89928,1.53984,16.048,1.26189,20.2253,0.42336,18.483,0.42336,0,0,442.007,0,1.02816,0,0,4.92744,3.89928,1.028160,1,0,145.89,0,0,0,145.89,0
72.29,1.99791,0,0,6.10631,0.251802,3.8566,3.6288,61.308,0.2709,0,0,2.50977,0.244795,1.99408,0.66528,12.849,1,0.355113,3.8566,0,104.019,3.73726,103.783,0.84672,12.849,0.84672,3695.15,0,18.483,0,3.60666,1.54009,18.031,1.26189,21.9159,0.42336,18.483,0.42336,0,0,442.007,0,1.02816,0,0,4.63482,3.60666,1.028160,1,0,127.693,0,0,0,127.693,0
72.29,1.99823,0,0,7.38927,0.275304,5.11574,3.6288,61.308,0.27111,0,0,4.41944,0.232813,3.91551,0.66528,12.849,1,0.355171,5.11574,0,186.413,3.72531,187.448,0.84672,12.849,0.84672,3695.15,0,18.483,0,4.5711,1.54034,19.1809,1.34382,23.9485,0.42336,18.483,0.42336,0,0,442.007,0,1.02816,0,0,5.59926,4.5711,1.028160,1,0,215.312,0,0,0,215.312,0
72.29,2.19349,0,0,3.48917,0.254245,1.04143,3.6288,61.308,0.424112,0,0,1.88126,0.206079,1.25107,0.66528,12.849,1,0.389876,1.04143,0,82.6912,3.16265,80.1801,0.84672,12.849,0.84672,3695.15,0,18.483,0,1.67763,1.54059,8.31142,0.965628,10.564,0.42336,18.483,0.42336,0,0,442.007,0,1.02816,0,0,2.70579,1.67763,1.028160,1,0,91.9952,0,0,0,91.9952,0
72.29,2.19385,0,0,3.23174,0.281838,0.756057,3.6288,61.308,0.424347,0,0,1.60388,0.204813,0.974718,0.66528,12.849,1,0.389939,0.756057,0,59.6857,3.69232,56.3595,0.84672,12.849,0.84672,3695.15,0,18.483,0,1.67232,1.71125,8.73193,1.05915,11.0564,0.42336,18.483,0.42336,0,0,442.007,0,1.02816,0,0,2.70048,1.67232,1.028160,1,0,68.3906,0,0,0,68.3906,0
72.29,2.1942,0,0,4.12622,0.281838,1.65018,3.6288,61.308,0.424582,0,0,1.70269,0.204813,1.0733,0.66528,12.849,1,0.390003,1.65018,0,85.6492,3.69232,83.217,0.84672,12.849,0.84672,3695.15,0,18.483,0,1.99143,1.71152,9.74773,1.05915,12.3915,0.42336,18.483,0.42336,0,0,442.007,0,1.02816,0,0,3.01959,1.99143,1.028160,1,0,96.6819,0,0,0,96.6819,0
72.29,2.19456,0,0,4.26177,0.281838,1.78537,3.6288,61.308,0.424818,0,0,1.80283,0.204813,1.1732,0.66528,12.849,1,0.390066,1.78537,0,93.0433,3.69232,90.7463,0.84672,12.849,0.84672,3695.15,0,18.483,0,2.17321,1.7118,10.405,1.05915,13.2308,0.42336,18.483,0.42336,0,0,442.007,0,1.02816,0,0,3.20137,2.17321,1.028160,1,0,105.15,0,0,0,105.15,0
72.29,1.91669,0,0,3.38449,0.303166,1.16463,3.6288,61.308,0.219872,0,0,1.39685,0.187069,0.989904,0.66528,12.849,1,0.340678,1.16463,0,61.0941,3.42382,58.4943,0.84672,12.849,0.84672,3695.15,0,18.483,0,1.54456,1.71208,7.45028,0.815877,9.89104,0.42336,18.483,0.42336,0,0,442.007,0,1.02816,0,0,2.57272,1.54456,1.028160,1,0,69.3752,0,0,0,69.3752,0
72.29,1.917,0,0,3.10757,0.311697,0.878874,3.6288,61.308,0.220075,0,0,1.59417,0.179972,1.19412,0.66528,12.849,1,0.340733,0.878874,0,69.7582,3.31643,66.98,0.84672,12.849,0.84672,3695.15,0,18.483,0,1.71136,1.4791,7.72926,0.718569,10.2011,0.42336,18.483,0.42336,0,0,442.007,0,1.02816,0,0,2.73952,1.71136,1.028160,1,0,78.3752,0,0,0,78.3752,0
72.29,1.91731,0,0,4.34524,0.311697,2.11623,3.6288,61.308,0.220277,0,0,1.70061,0.179972,1.30036,0.66528,12.849,1,0.340788,2.11623,0,109.842,3.31643,108.301,0.84672,12.849,0.84672,3695.15,0,18.483,0,1.8644,1.47934,10.1168,0.718569,12.742,0.42336,18.483,0.42336,0,0,442.007,0,1.02816,0,0,2.89256,1.8644,1.028160,1,0,122.343,0,0,0,122.343,0
72.29,1.91762,0,0,4.35866,0.308614,2.13243,3.6288,61.308,0.220479,0,0,1.51237,0.196631,1.09526,0.66528,12.849,1,0.340843,2.13243,0,86.222,3.68665,84.3269,0.84672,12.849,0.84672,3695.15,0,18.483,0,1.93051,1.47958,8.88659,0.819487,11.4772,0.42336,18.483,0.42336,0,0,442.007,0,1.02816,0,0,2.95867,1.93051,1.028160,1,0,96.8994,0,0,0,96.8994,0
72.29,1.91793,0,0,4.37478,0.32057,2.13627,3.6288,61.308,0.220681,0,0,1.65863,0.204761,1.23319,0.66528,12.849,1,0.340898,2.13627,0,101.265,4.30836,98.7521,0.84672,12.849,0.84672,3695.15,0,18.483,0,1.72997,1.47982,9.57175,0.97591,11.8056,0.42336,18.483,0.42336,0,0,442.007,0,1.02816,0,0,2.75813,1.72997,1.028160,1,0,111.791,0,0,0,111.791,0
72.29,1.98833,0,0,2.86051,0.369729,0.502443,3.6288,61.308,0.271119,0,0,0.803546,0.12097,0.411457,0.66528,12.849,1,0.353411,0.502443,0,51.7074,3.54868,48.3077,0.84672,12.849,0.84672,3695.15,0,18.483,0,0.792573,1.48006,6.01194,0.73623,7.54834,0.42336,18.483,0.42336,0,0,442.007,0,1.02816,0,0,1.82073,0.792573,1.028160,1,0,56.2675,0,0,0,56.2675,0
72.29,1.98866,0,0,3.78017,0.369729,1.42179,3.6288,61.308,0.271329,0,0,1.55819,0.12097,1.16589,0.66528,12.849,1,0.353468,1.42179,0,105.225,3.54868,102.744,0.84672,12.849,0.84672,3695.15,0,18.483,0,2.6106,1.53793,10.8435,0.73623,14.2559,0.42336,18.483,0.42336,0,0,442.007,0,1.02816,0,0,3.63876,2.6106,1.028160,1,0,118.166,0,0,0,118.166,0
72.29,1.98898,0,0,2.74991,0.319079,0.441857,3.6288,61.308,0.271539,0,0,0.96012,0.147662,0.540919,0.66528,12.849,1,0.353526,0.441857,0,64.8785,4.04044,60.9264,0.84672,12.849,0.84672,3695.15,0,18.483,0,0.879431,1.53818,6.66588,0.827304,8.25619,0.42336,18.483,0.42336,0,0,442.007,0,1.02816,0,0,1.90759,0.879431,1.028160,1,0,69.7235,0,0,0,69.7235,0
71.9922,1.9893,0,0,2.35754,0.303197,0.36288,3.6288,61.308,0.27175,0,0,0.820446,0.110033,0.438663,0.66528,12.849,1,0.353583,0.36288,0,44.6403,3.96071,40.6889,0.84672,12.849,0.84672,3695.15,0,18.483,0,0.571933,1.53843,5.54632,0.644814,7.01187,0.42336,18.483,0.42336,0,0,442.007,0,1.02816,0,0,1.60009,0.571933,1.028160,1,0,48.1394,0,0,0,48.1394,0
71.9864,1.95975,0,0,2.61739,0.300571,0.36288,3.6288,61.308,0.252437,0,0,1.01345,0.140912,0.620097,0.66528,12.849,1,0.349771,0.36288,0,54.5215,3.80787,50.7267,0.84672,12.849,0.84672,3695.15,0,18.483,0,1.04609,1.53868,6.13959,0.87748,7.84688,0.42336,18.483,0.42336,0,0,442.007,0,1.02816,0,0,2.07425,1.04609,1.028160,1,0,59.1937,0,0,0,59.1937,0
71.4776,1.96002,0,0,2.15628,0.342181,0.36288,3.6288,61.308,0.252644,0,0,0.91635,0.161842,0.501864,0.66528,12.849,1,0.349848,0.36288,0,43.8419,4.09416,39.7607,0.84672,12.849,0.84672,3695.15,0,18.483,0,0.725354,1.51648,5.32447,0.906614,6.65969,0.42336,18.483,0.42336,0,0,442.007,0,1.02816,0,0,1.75351,0.725354,1.028160,1,0,46.9223,0,0,0,46.9223,0
70.8931,1.95611,0,0,1.9777,0.24315,0.36288,3.6288,61.308,0.252851,0,0,0.784711,0.207619,0.32424,0.66528,12.849,1,0.351636,0.36288,0,40.0247,4.49778,35.5382,0.84672,12.849,0.84672,3695.15,0,18.483,0,0.584505,1.51673,4.96228,0.930714,6.1328,0.42336,18.483,0.42336,0,0,442.007,0,1.02816,0,0,1.61266,0.584505,1.028160,1,0,41.9952,0,0,0,41.9952,0
70.2606,1.95153,0,0,1.92395,0.242065,0.36288,3.6288,61.308,0.253059,0,0,0.865564,0.207619,0.404886,0.66528,12.849,1,0.353704,0.36288,0,38.6822,4.49778,34.1936,0.84672,12.849,0.84672,3695.15,0,18.483,0,0.76153,1.51697,5.75351,0.930714,7.1013,0.42336,18.483,0.42336,0,0,442.007,0,1.02816,0,0,1.78969,0.76153,1.028160,1,0,41.6998,0,0,0,41.6998,0
69.6154,2.03881,0,0,1.98159,0.225095,0.36288,3.6288,61.308,0.322547,0,0,0.821958,0.218537,0.280874,0.66528,12.849,1,0.372849,0.36288,0,39.7236,4.44216,35.2715,0.84672,12.849,0.84672,3695.15,0,18.483,0,0.647983,1.51722,5.04647,1.02156,6.19011,0.42336,18.483,0.42336,0,0,442.007,0,1.02816,0,0,1.67614,0.647983,1.028160,1,0,41.7425,0,0,0,41.7425,0
69.1355,2.03332,0,0,2.12846,0.212187,0.36288,3.6288,61.308,0.322766,0,0,0.818078,0.226724,0.268588,0.66528,12.849,1,0.375293,0.36288,0,40.5686,4.40045,36.1557,0.84672,12.849,0.84672,3695.15,0,18.483,0,0.577627,1.59601,4.70409,1.08969,5.78804,0.42336,18.483,0.42336,0,0,442.007,0,1.02816,0,0,1.60579,0.577627,1.028160,1,0,42.2124,0,0,0,42.2124,0
68.4118,2.02928,0,0,1.86585,0.197347,0.36288,3.6288,61.308,0.322984,0,0,0.762126,0.236168,0.202974,0.66528,12.849,1,0.377147,0.36288,0,36.2458,4.50754,31.7239,0.84672,12.849,0.84672,3695.15,0,18.483,0,0.468979,1.59627,4.56398,1.11705,5.51218,0.42336,18.483,0.42336,0,0,442.007,0,1.02816,0,0,1.49714,0.468979,1.028160,1,0,37.4391,0,0,0,37.4391,0
67.63,2.02294,0,0,1.76528,0.161305,0.36288,3.6288,61.308,0.323203,0,0,0.73275,0.259776,0.149771,0.66528,12.849,1,0.379945,0.36288,0,33.1334,4.7753,28.341,0.84672,12.849,0.84672,3695.15,0,18.483,0,0.39668,1.59653,4.39062,1.18546,5.19837,0.42336,18.483,0.42336,0,0,442.007,0,1.02816,0,0,1.42484,0.39668,1.028160,1,0,33.6891,0,0,0,33.6891,0
66.765,2.01594,0,0,1.65695,0.143061,0.36288,3.6288,61.308,0.323422,0,0,0.741174,0.260367,0.157385,0.66528,12.849,1,0.383008,0.36288,0,32.5965,4.92383,27.6525,0.84672,12.849,0.84672,3695.15,0,18.483,0,0.398373,1.59678,4.46138,1.21092,5.24561,0.42336,18.483,0.42336,0,0,442.007,0,1.02816,0,0,1.42653,0.398373,1.028160,1,0,33.0555,0,0,0,33.0555,0
65.9397,1.99005,0,0,1.62683,0.0992348,0.36288,3.6288,61.308,0.361749,0,0,0.826641,0.261843,0.203048,0.66528,12.849,1,0.382987,0.36288,0,30.8016,5.29515,25.4863,0.84672,12.849,0.84672,3695.15,0,18.483,0,0.564149,1.59704,4.02847,1.27458,4.91508,0.42336,18.483,0.42336,0,0,442.007,0,1.02816,0,0,1.59231,0.564149,1.028160,1,0,30.6045,0,0,0,30.6045,0
65.0192,1.98245,0,0,1.5234,0.0985862,0.36288,3.6288,61.308,0.361974,0,0,0.78586,0.261843,0.162042,0.66528,12.849,1,0.386299,0.36288,0,30.7613,5.29515,25.4427,0.84672,12.849,0.84672,3695.15,0,18.483,0,0.468063,1.62179,4.13992,1.27458,4.95519,0.42336,18.483,0.42336,0,0,442.007,0,1.02816,0,0,1.49622,0.468063,1.028160,1,0,30.5599,0,0,0,30.5599,0
63.9702,1.97377,0,0,1.38546,0.0978627,0.36288,3.6288,61.308,0.362199,0,0,0.766308,0.261843,0.142265,0.66528,12.849,1,0.390053,0.36288,0,30.1592,5.29515,24.8369,0.84672,12.849,0.84672,3695.15,0,18.483,0,0.448675,1.62206,3.9668,1.27458,4.76295,0.42336,18.483,0.42336,0,0,442.007,0,1.02816,0,0,1.47684,0.448675,1.028160,1,0,29.7421,0,0,0,29.7421,0
62.8041,1.96361,0,0,1.25751,0.0970383,0.36288,3.6288,61.308,0.362424,0,0,0.718917,0.261843,0.0946492,0.66528,12.849,1,0.39441,0.36288,0,26.8743,5.29515,21.5476,0.84672,12.849,0.84672,3695.15,0,18.483,0,0.282131,1.62232,3.83735,1.27458,4.46722,0.42336,18.483,0.42336,0,0,442.007,0,1.02816,0,0,1.31029,0.282131,1.028160,1,0,26.1095,0,0,0,26.1095,0
61.8846,1.99757,0,0,1.51141,0.0704981,0.36288,3.6288,61.308,0.396635,0,0,0.850418,0.327003,0.12678,0.66528,12.849,1,0.40868,0.36288,0,29.85,6.24684,23.5574,0.84672,12.849,0.84672,3695.15,0,18.483,0,0.535274,1.62258,3.99306,1.4959,4.65502,0.42336,18.483,0.42336,0,0,442.007,0,1.02816,0,0,1.56343,0.535274,1.028160,1,0,28.3391,0,0,0,28.3391,0
60.9658,1.98806,0,0,1.50295,0.0708449,0.36288,3.6288,61.308,0.396865,0,0,0.862419,0.325066,0.140488,0.66528,12.849,1,0.412779,0.36288,0,28.818,6.24078,22.5274,0.84672,12.849,0.84672,3695.15,0,18.483,0,0.626564,1.6619,4.19569,1.47268,5.01147,0.42336,18.483,0.42336,0,0,442.007,0,1.02816,0,0,1.65472,0.626564,1.028160,1,0,27.6793,0,0,0,27.6793,0
59.8648,1.97836,0,0,1.31055,0.0703086,0.36288,3.6288,61.308,0.397096,0,0,0.813275,0.325066,0.0911129,0.66528,12.849,1,0.416955,0.36288,0,27.3027,6.24078,21.0079,0.84672,12.849,0.84672,3695.15,0,18.483,0,0.472893,1.66217,4.00905,1.47268,4.67143,0.42336,18.483,0.42336,0,0,442.007,0,1.02816,0,0,1.50105,0.472893,1.028160,1,0,25.7704,0,0,0,25.7704,0
58.6789,1.96641,0,0,1.20862,0.0651921,0.36288,3.6288,61.308,0.397327,0,0,0.799295,0.327656,0.0743126,0.66528,12.849,1,0.422057,0.36288,0,25.7578,6.31555,19.3831,0.84672,12.849,0.84672,3695.15,0,18.483,0,0.406555,1.66243,3.97255,1.48762,4.55392,0.42336,18.483,0.42336,0,0,442.007,0,1.02816,0,0,1.43472,0.406555,1.028160,1,0,24.0113,0,0,0,24.0113,0
57.2414,2.08361,0,0,1.05058,0.0415944,0.36288,3.6288,61.2646,0.520306,0,0,0.813897,0.336966,0,0.66528,12.849,1,0.456251,0.36288,0,25.1156,6.51869,18.5036,0.84672,12.849,0.84672,3695.15,0,18.483,0,0.437633,1.6627,3.85334,1.49773,4.45595,0.42336,18.483,0.42336,0,0,442.007,0,1.02816,0,0,1.46579,0.437633,1.028160,1,0,22.9595,0,0,0,22.9595,0
55.7954,2.06589,0,0,1.01166,0.028876,0.36288,3.6288,61.156,0.520557,0,0,0.755827,0.343937,0,0.66528,12.849,1,0.46373,0.36288,0,23.8968,6.45865,17.3373,0.84672,12.849,0.84672,3695.15,0,18.483,0,0.404127,1.79531,3.79172,1.53036,4.46079,0.42336,18.483,0.42336,0,0,442.007,0,1.02816,0,0,1.43229,0.404127,1.028160,1,0,21.7981,0,0,0,21.7981,0
54.3894,2.04745,0,0,1.03279,0.0284659,0.36288,3.6288,61.0153,0.520807,0,0,0.723859,0.3437,0,0.66528,12.849,1,0.471503,0.36288,0,22.047,6.45865,15.4798,0.84672,12.849,0.84672,3695.15,0,18.483,0,0.345833,1.7956,3.88721,1.53036,4.49828,0.42336,18.483,0.42336,0,0,442.007,0,1.02816,0,0,1.37399,0.345833,1.028160,1,0,19.978,0,0,0,19.978,0
53.5043,2.02892,0,0,1.53912,0.0324335,0.36288,3.6288,61.0089,0.521058,0,0,0.856976,0.342324,0,0.66528,12.849,1,0.479314,0.36288,0,28.3802,6.42897,21.8348,0.84672,12.849,0.84672,3695.15,0,18.483,0,0.627126,1.79589,4.26026,1.52672,5.15656,0.42336,18.483,0.42336,0,0,442.007,0,1.02816,0,0,1.65529,0.627126,1.028160,1,0,26.9914,0,0,0,26.9914,0
53.6276,2.01705,0,0,2.55182,0.0485571,0.36288,3.6288,61.308,0.521309,0,0,1.23952,0.332436,0.0866796,0.66528,12.849,1,0.484393,0.36288,0,44.3241,6.26314,37.9394,0.84672,12.849,0.84672,3695.15,0,18.483,0,0.904219,1.79618,5.95147,1.51665,7.13522,0.42336,18.483,0.42336,0,0,442.007,0,1.02816,0,0,1.93238,0.904219,1.028160,1,0,45.1613,0,0,0,45.1613,0
53.8105,1.95749,0,0,2.52387,0.0205771,0.36288,3.6288,61.308,0.446996,0,0,1.49833,0.325408,0.725927,0.66528,12.849,1,0.469008,0.36288,0,68.799,5.80219,62.8907,0.84672,12.849,0.84672,3695.15,0,18.483,0,1.69602,1.79647,9.6387,1.59451,11.5367,0.42336,18.483,0.42336,0,0,442.007,0,1.02816,0,0,2.72418,1.69602,1.028160,1,0,75.1533,0,0,0,75.1533,0
56.4969,1.96026,0,0,5.03014,0.0206155,0.36288,3.6288,61.308,0.447235,0,0,2.48384,0.325408,1.7112,0.66528,12.849,1,0.468076,0.36288,0,73.891,5.80219,67.9836,0.84672,12.849,0.84672,3695.15,0,18.483,0,4.25269,1.72086,15.7673,1.59451,20.1464,0.42336,18.483,0.42336,0,0,442.007,0,1.02816,0,0,5.28085,4.25269,1.028160,1,0,89.8412,0,0,0,89.8412,0
56.378,1.9955,0,0,2.26059,0.0211784,0.36288,3.6288,61.308,0.447473,0,0,1.45353,0.325408,0.680651,0.66528,12.849,1,0.453833,0.36288,0,63.4553,5.80219,57.5621,0.84672,12.849,0.84672,3695.15,0,18.483,0,1.84872,1.72114,8.52353,1.59451,10.4989,0.42336,18.483,0.42336,0,0,442.007,0,1.02816,0,0,2.87688,1.84872,1.028160,1,0,68.7417,0,0,0,68.7417,0
56.5578,1.99432,0,0,2.55818,0.0211535,0.36288,3.6288,61.308,0.447712,0,0,1.70384,0.325408,0.930722,0.66528,12.849,1,0.454522,0.36288,0,50.9384,5.80219,45.0446,0.84672,12.849,0.84672,3695.15,0,18.483,0,1.67988,1.72142,9.4913,1.59451,11.2981,0.42336,18.483,0.42336,0,0,442.007,0,1.02816,0,0,2.70804,1.67988,1.028160,1,0,57.2734,0,0,0,57.2734,0
58.8502,1.94533,0,0,4.69969,0.0991031,0.36288,3.6288,61.308,0.380035,0,0,2.00304,0.306355,1.31665,0.66528,12.849,1,0.441946,0.36288,0,97.3071,5.26716,91.9609,0.84672,12.849,0.84672,3695.15,0,18.483,0,1.90494,1.7217,10.7481,1.37699,12.9977,0.42336,18.483,0.42336,0,0,442.007,0,1.02816,0,0,2.9331,1.90494,1.028160,1,0,106.275,0,0,0,106.275,0
62.064,1.97304,0,0,5.70999,0.160259,0.36288,3.6288,61.308,0.380263,0,0,2.6559,0.197937,2.0777,0.66528,12.849,1,0.430782,0.36288,0,100.437,4.34406,96.0246,0.84672,12.849,0.84672,3695.15,0,18.483,0,2.4853,1.65448,11.6865,1.02145,14.8048,0.42336,18.483,0.42336,0,0,442.007,0,1.02816,0,0,3.51346,2.4853,1.028160,1,0,112.907,0,0,0,112.907,0
64.8996,2.00951,0,0,5.38687,0.178865,0.36288,3.6288,61.308,0.380491,0,0,2.04097,0.181193,1.47928,0.66528,12.849,1,0.416026,0.36288,0,81.8882,4.16178,77.6733,0.84672,12.849,0.84672,3695.15,0,18.483,0,4.10877,1.65475,13.6774,0.964731,18.4762,0.42336,18.483,0.42336,0,0,442.007,0,1.02816,0,0,5.13693,4.10877,1.028160,1,0,97.6287,0,0,0,97.6287,0
68.8063,2.03973,0,0,6.49241,0.183037,0.36288,3.6288,61.308,0.380719,0,0,2.21662,0.181193,1.65471,0.66528,12.849,1,0.403832,0.36288,0,115.224,4.16178,111.021,0.84672,12.849,0.84672,3695.15,0,18.483,0,3.36386,1.65502,18.4796,0.964731,22.5337,0.42336,18.483,0.42336,0,0,442.007,0,1.02816,0,0,4.39202,3.36386,1.028160,1,0,135.21,0,0,0,135.21,0
72.29,1.92195,0,0,6.67354,0.220919,1.04702,3.6288,61.308,0.239407,0,0,2.2261,0.204026,1.78267,0.66528,12.849,1,0.358909,1.04702,0,102.771,4.171,99.288,0.84672,12.849,0.84672,3695.15,0,18.483,0,1.23502,1.65529,15.0028,0.995425,16.8976,0.42336,18.483,0.42336,0,0,442.007,0,1.02816,0,0,2.26318,1.23502,1.028160,1,0,117.968,0,0,0,117.968,0
72.29,1.95169,0,0,6.48261,0.270924,4.25999,3.6288,61.308,0.239613,0,0,2.54855,0.234469,2.07447,0.66528,12.849,1,0.346899,4.25999,0,83.8538,4.1833,83.5836,0.84672,12.849,0.84672,3695.15,0,18.483,0,2.54648,1.50351,15.8201,1.03635,18.8337,0.42336,18.483,0.42336,0,0,442.007,0,1.02816,0,0,3.57464,2.54648,1.028160,1,0,104.492,0,0,0,104.492,0
72.29,1.95201,0,0,6.6677,0.270924,4.44477,3.6288,61.308,0.239818,0,0,2.34296,0.234469,1.86867,0.66528,12.849,1,0.346955,4.44477,0,102.098,4.1833,102.013,0.84672,12.849,0.84672,3695.15,0,18.483,0,2.2411,1.50375,17.2549,1.03635,19.9634,0.42336,18.483,0.42336,0,0,442.007,0,1.02816,0,0,3.26926,2.2411,1.028160,1,0,123.845,0,0,0,123.845,0
72.29,1.95232,0,0,6.03266,0.276686,3.80365,3.6288,61.308,0.240023,0,0,2.06884,0.211774,1.61704,0.66528,12.849,1,0.347011,3.80365,0,189.318,3.93581,188.839,0.84672,12.849,0.84672,3695.15,0,18.483,0,1.7658,1.50399,10.4649,0.969245,12.7655,0.42336,18.483,0.42336,0,0,442.007,0,1.02816,0,0,2.79396,1.7658,1.028160,1,0,203.221,0,0,0,203.221,0
72.29,1.95264,0,0,5.93312,0.270005,3.71048,3.6288,61.308,0.240228,0,0,1.97447,0.202467,1.53178,0.66528,12.849,1,0.347067,3.71048,0,125.909,3.7057,125.567,0.84672,12.849,0.84672,3695.15,0,18.483,0,1.67877,1.50424,9.84856,1.01419,12.0174,0.42336,18.483,0.42336,0,0,442.007,0,1.02816,0,0,2.70693,1.67877,1.028160,1,0,139.116,0,0,0,139.116,0
72.29,2.01413,0,0,10.9488,0.288285,8.64636,3.6288,61.308,0.281448,0,0,4.08403,0.249227,3.55336,0.66528,12.849,1,0.357997,8.64636,0,190.754,4.39407,194.648,0.84672,12.849,0.84672,3695.15,0,18.483,0,6.68866,1.50448,23.2149,1.09118,30.3169,0.42336,18.483,0.42336,0,0,442.007,0,1.02816,0,0,7.71682,6.68866,1.028160,1,0,228.518,0,0,0,228.518,0
72.29,2.01444,0,0,8.84866,0.262303,6.57191,3.6288,61.308,0.281651,0,0,2.5508,0.245577,2.02358,0.66528,12.849,1,0.358052,6.57191,0,177.848,4.03147,180.031,0.84672,12.849,0.84672,3695.15,0,18.483,0,4.65656,1.55285,16.7365,1.02247,21.9235,0.42336,18.483,0.42336,0,0,442.007,0,1.02816,0,0,5.68472,4.65656,1.028160,1,0,203.978,0,0,0,203.978,0
72.29,2.01475,0,0,6.84283,0.262303,4.56577,3.6288,61.308,0.281853,0,0,2.13366,0.245577,1.60623,0.66528,12.849,1,0.358107,4.56577,0,147.542,4.03147,147.718,0.84672,12.849,0.84672,3695.15,0,18.483,0,4.2948,1.55309,14.4677,1.02247,19.2931,0.42336,18.483,0.42336,0,0,442.007,0,1.02816,0,0,5.32296,4.2948,1.028160,1,0,168.617,0,0,0,168.617,0
72.29,2.01507,0,0,5.86728,0.262303,3.58991,3.6288,61.308,0.282056,0,0,1.74353,0.245577,1.21589,0.66528,12.849,1,0.358163,3.58991,0,120.518,4.03798,119.712,0.84672,12.849,0.84672,3695.15,0,18.483,0,3.50438,1.55333,13.0645,1.02247,17.0997,0.42336,18.483,0.42336,0,0,442.007,0,1.02816,0,0,4.53254,3.50438,1.028160,1,0,138.028,0,0,0,138.028,0
72.29,2.21195,0,0,8.02944,0.298844,5.51864,3.6288,61.308,0.436336,0,0,2.79335,0.231205,2.12581,0.66528,12.849,1,0.393158,5.51864,0,173.606,3.96409,174.767,0.84672,12.849,0.84672,3695.15,0,18.483,0,5.8495,1.55357,20.0331,1.00443,26.4317,0.42336,18.483,0.42336,0,0,442.007,0,1.02816,0,0,6.87766,5.8495,1.028160,1,0,203.325,0,0,0,203.325,0
72.29,2.2123,0,0,8.07831,0.326249,5.53977,3.6288,61.308,0.436563,0,0,2.64927,0.220426,1.99229,0.66528,12.849,1,0.393219,5.53977,0,180.527,3.91356,181.76,0.84672,12.849,0.84672,3695.15,0,18.483,0,4.89274,1.72565,16.2278,0.990896,21.8553,0.42336,18.483,0.42336,0,0,442.007,0,1.02816,0,0,5.9209,4.89274,1.028160,1,0,205.607,0,0,0,205.607,0
72.29,2.21264,0,0,8.57995,0.326249,6.04107,3.6288,61.308,0.436789,0,0,2.94741,0.220426,2.29019,0.66528,12.849,1,0.39328,6.04107,0,199.848,3.91356,201.582,0.84672,12.849,0.84672,3695.15,0,18.483,0,6.50337,1.72592,20.032,0.990896,27.2704,0.42336,18.483,0.42336,0,0,442.007,0,1.02816,0,0,7.53153,6.50337,1.028160,1,0,231.142,0,0,0,231.142,0
72.29,2.21298,0,0,13.4368,0.31586,10.9079,3.6288,61.308,0.437016,0,0,4.87511,0.242557,4.19554,0.66528,12.849,1,0.39334,10.9079,0,244.351,4.43772,250.428,0.84672,12.849,0.84672,3695.15,0,18.483,0,10.1438,1.72619,37.2035,1.15488,47.9186,0.42336,18.483,0.42336,0,0,442.007,0,1.02816,0,0,11.172,10.1438,1.028160,1,0,302.542,0,0,0,302.542,0
72.29,1.93277,0,0,8.19323,0.315015,5.94545,3.6288,61.308,0.230341,0,0,3.32942,0.209512,2.88956,0.66528,12.849,1,0.343535,5.94545,0,167.106,3.95242,168.756,0.84672,12.849,0.84672,3695.15,0,18.483,0,7.06808,1.72645,24.2101,1.03327,31.9714,0.42336,18.483,0.42336,0,0,442.007,0,1.02816,0,0,8.09624,7.06808,1.028160,1,0,203.617,0,0,0,203.617,0
72.29,1.93307,0,0,5.56452,0.318173,3.31328,3.6288,61.308,0.230535,0,0,1.83624,0.185339,1.42037,0.66528,12.849,1,0.343588,3.31328,0,103.048,3.48149,102.537,0.84672,12.849,0.84672,3695.15,0,18.483,0,3.6139,1.4915,15.4518,0.932236,19.6249,0.42336,18.483,0.42336,0,0,442.007,0,1.02816,0,0,4.64206,3.6139,1.028160,1,0,123.582,0,0,0,123.582,0
72.29,1.93337,0,0,4.31946,0.318173,2.06792,3.6288,61.308,0.23073,0,0,1.42942,0.185339,1.01335,0.66528,12.849,1,0.343641,2.06792,0,108.588,3.48149,106.83,0.84672,12.849,0.84672,3695.15,0,18.483,0,2.56649,1.49173,12.5027,0.932236,15.6287,0.42336,18.483,0.42336,0,0,442.007,0,1.02816,0,0,3.59465,2.56649,1.028160,1,0,123.472,0,0,0,123.472,0
72.29,1.93367,0,0,3.49065,0.284189,1.27279,3.6288,61.308,0.230925,0,0,0.957018,0.16729,0.558804,0.66528,12.849,1,0.343695,1.27279,0,88.6265,3.2199,86.3357,0.84672,12.849,0.84672,3695.15,0,18.483,0,1.80038,1.49197,11.0414,0.894659,13.4391,0.42336,18.483,0.42336,0,0,442.007,0,1.02816,0,0,2.82854,1.80038,1.028160,1,0,100.334,0,0,0,100.334,0
72.29,1.93397,0,0,4.25091,0.248498,2.06844,3.6288,61.308,0.231119,0,0,1.22079,0.144236,0.845434,0.66528,12.849,1,0.343748,2.06844,0,97.6614,2.9501,96.436,0.84672,12.849,0.84672,3695.15,0,18.483,0,2.60741,1.4922,11.9467,0.853372,15.1929,0.42336,18.483,0.42336,0,0,442.007,0,1.02816,0,0,3.63557,2.60741,1.028160,1,0,112.474,0,0,0,112.474,0
72.29,2.00494,0,0,6.10534,0.306231,3.79417,3.6288,61.308,0.281969,0,0,1.24069,0.150305,0.808413,0.66528,12.849,1,0.356363,3.79417,0,103.905,3.42395,103.918,0.84672,12.849,0.84672,3695.15,0,18.483,0,2.1986,1.49243,10.9629,0.906261,13.7476,0.42336,18.483,0.42336,0,0,442.007,0,1.02816,0,0,3.22676,2.1986,1.028160,1,0,118.475,0,0,0,118.475,0
72.29,2.00525,0,0,5.35594,0.306231,3.04446,3.6288,61.308,0.282172,0,0,1.90017,0.150305,1.46769,0.66528,12.849,1,0.356418,3.04446,0,114.35,3.42395,113.614,0.84672,12.849,0.84672,3695.15,0,18.483,0,3.41717,1.55078,14.9716,0.906261,19.0333,0.42336,18.483,0.42336,0,0,442.007,0,1.02816,0,0,4.44533,3.41717,1.028160,1,0,134.115,0,0,0,134.115,0
72.29,2.00556,0,0,4.31457,0.306231,2.00278,3.6288,61.308,0.282374,0,0,1.65529,0.150305,1.22261,0.66528,12.849,1,0.356473,2.00278,0,137.906,3.42395,136.129,0.84672,12.849,0.84672,3695.15,0,18.483,0,4.01976,1.55102,12.0414,0.906261,16.7059,0.42336,18.483,0.42336,0,0,442.007,0,1.02816,0,0,5.04792,4.01976,1.028160,1,0,154.057,0,0,0,154.057,0
72.29,2.00587,0,0,3.2822,0.291776,0.984553,3.6288,61.308,0.282577,0,0,1.14389,0.110805,0.750511,0.66528,12.849,1,0.356528,0.984553,0,98.947,2.34477,97.2303,0.84672,12.849,0.84672,3695.15,0,18.483,0,2.5477,1.55126,9.03113,0.755292,12.3748,0.42336,18.483,0.42336,0,0,442.007,0,1.02816,0,0,3.57586,2.5477,1.028160,1,0,110.356,0,0,0,110.356,0
72.29,1.97853,0,0,4.88348,0.23706,2.66789,3.6288,61.308,0.263094,0,0,1.46481,0.196,1.00571,0.66528,12.849,1,0.351669,2.66789,0,106.644,3.94869,105.011,0.84672,12.849,0.84672,3695.15,0,18.483,0,3.38903,1.5515,15.5571,1.01162,19.486,0.42336,18.483,0.42336,0,0,442.007,0,1.02816,0,0,4.41719,3.38903,1.028160,1,0,125.503,0,0,0,125.503,0
72.29,1.97883,0,0,4.1335,0.23957,1.91509,3.6288,61.308,0.263293,0,0,1.10971,0.201321,0.645099,0.66528,12.849,1,0.351723,1.91509,0,74.9373,4.13931,72.3614,0.84672,12.849,0.84672,3695.15,0,18.483,0,2.4917,1.5291,8.43385,1.02282,11.4318,0.42336,18.483,0.42336,0,0,442.007,0,1.02816,0,0,3.51986,2.4917,1.028160,1,0,84.4383,0,0,0,84.4383,0
72.29,1.97914,0,0,3.59869,0.23957,1.37998,3.6288,61.308,0.263493,0,0,1.06593,0.201321,0.601111,0.66528,12.849,1,0.351777,1.37998,0,66.5626,4.13931,63.4515,0.84672,12.849,0.84672,3695.15,0,18.483,0,2.10718,1.52934,7.88936,1.02282,10.5031,0.42336,18.483,0.42336,0,0,442.007,0,1.02816,0,0,3.13534,2.10718,1.028160,1,0,74.5556,0,0,0,74.5556,0
72.29,1.97945,0,0,3.22453,0.23957,1.00551,3.6288,61.308,0.263693,0,0,0.941872,0.201321,0.476859,0.66528,12.849,1,0.351832,1.00551,0,57.1285,4.13931,53.6428,0.84672,12.849,0.84672,3695.15,0,18.483,0,1.72148,1.52957,6.87286,1.02282,9.10109,0.42336,18.483,0.42336,0,0,442.007,0,1.02816,0,0,2.74964,1.72148,1.028160,1,0,63.2208,0,0,0,63.2208,0
72.29,2.07367,0,0,3.27004,0.218923,0.977452,3.6288,61.308,0.333748,0,0,0.889047,0.188917,0.366382,0.66528,12.849,1,0.368579,0.977452,0,57.2839,3.77253,54.1202,0.84672,12.849,0.84672,3695.15,0,18.483,0,1.67158,1.52981,6.98604,1.03227,9.15517,0.42336,18.483,0.42336,0,0,442.007,0,1.02816,0,0,2.69974,1.67158,1.028160,1,0,63.6418,0,0,0,63.6418,0
72.29,2.07399,0,0,3.31519,0.158278,1.08292,3.6288,61.308,0.333958,0,0,0.899787,0.211422,0.354406,0.66528,12.849,1,0.368636,1.08292,0,55.4532,4.21323,51.9542,0.84672,12.849,0.84672,3695.15,0,18.483,0,1.75354,1.60924,7.47377,1.11428,9.72228,0.42336,18.483,0.42336,0,0,442.007,0,1.02816,0,0,2.7817,1.75354,1.028160,1,0,62.0309,0,0,0,62.0309,0
72.29,2.07431,0,0,3.21787,0.158278,0.985287,3.6288,61.308,0.334169,0,0,0.955541,0.211422,0.409949,0.66528,12.849,1,0.368693,0.985287,0,52.8552,4.21323,49.2586,0.84672,12.849,0.84672,3695.15,0,18.483,0,1.72166,1.60949,7.95053,1.11428,10.1674,0.42336,18.483,0.42336,0,0,442.007,0,1.02816,0,0,2.74982,1.72166,1.028160,1,0,59.8359,0,0,0,59.8359,0
72.29,2.07463,0,0,3.0528,0.158278,0.81989,3.6288,61.308,0.33438,0,0,0.928558,0.211422,0.382756,0.66528,12.849,1,0.36875,0.81989,0,49.6435,4.21323,45.8814,0.84672,12.849,0.84672,3695.15,0,18.483,0,1.60459,1.60974,7.35074,1.11428,9.4508,0.42336,18.483,0.42336,0,0,442.007,0,1.02816,0,0,2.63275,1.60459,1.028160,1,0,55.715,0,0,0,55.715,0
72.29,2.07495,0,0,2.70124,0.154099,0.472195,3.6288,61.308,0.334591,0,0,0.85765,0.219878,0.303181,0.66528,12.849,1,0.368807,0.472195,0,43.2911,4.31806,39.0764,0.84672,12.849,0.84672,3695.15,0,18.483,0,1.27344,1.60999,6.70081,1.13267,8.45158,0.42336,18.483,0.42336,0,0,442.007,0,1.02816,0,0,2.3016,1.27344,1.028160,1,0,47.8311,0,0,0,47.8311,0
71.4545,2.05668,0,0,1.71308,0.129025,0.36288,3.6288,61.308,0.373224,0,0,0.736474,0.270611,0.0926379,0.66528,12.849,1,0.36556,0.36288,0,24.113,4.94708,19.1633,0.84672,12.849,0.84672,3695.15,0,18.483,0,0.339111,1.61024,4.01796,1.24301,4.72431,0.42336,18.483,0.42336,0,0,442.007,0,1.02816,0,0,1.36727,0.339111,1.028160,1,0,23.9802,0,0,0,23.9802,0
70.5178,2.04975,0,0,1.60415,0.128207,0.36288,3.6288,61.308,0.378124,0,0,0.700134,0.270611,0.0513984,0.66528,12.849,1,0.368588,0.36288,0,24.0815,4.94708,19.1287,0.84672,12.849,0.84672,3695.15,0,18.483,0,0.261274,1.63518,4.12914,1.24301,4.78259,0.42336,18.483,0.42336,0,0,442.007,0,1.02348,0,0,1.28475,0.261274,1.028160,1,0,23.9627,0,0,0,23.9627,0
69.4447,2.0418,0,0,1.45889,0.12729,0.36288,3.6288,61.308,0.394964,0,0,0.682716,0.270611,0.0171401,0.66528,12.849,1,0.372036,0.36288,0,23.6101,4.94708,18.6539,0.84672,12.849,0.84672,3695.15,0,18.483,0,0.261274,1.63544,3.95645,1.24301,4.61016,0.42336,18.483,0.42336,0,0,442.007,0,1.00685,0,0,1.26813,0.261274,1.028160,1,0,23.2812,0,0,0,23.2812,0
68.2473,2.03246,0,0,1.32416,0.12624,0.36288,3.6288,61.1397,0.53819,0,0,0.6405,0.270611,0,0.66528,12.849,1,0.376055,0.36288,0,21.0384,4.94708,16.0782,0.84672,12.849,0.84672,3695.15,0,18.483,0,0.261274,1.63569,3.82735,1.24301,4.4813,0.42336,18.483,0.42336,0,0,442.007,0,0.863845,0,0,1.12512,0.261274,1.028160,1,0,20.5595,0,0,0,20.5595,0
67.0435,2.06893,0,0,1.31852,0.0905166,0.36288,3.6288,60.6524,0.751883,0,0,0.592618,0.328062,0,0.66528,12.849,1,0.38952,0.36288,0,18.284,6.10748,12.1499,0.84672,12.849,0.84672,3695.15,0,18.483,0,0.261274,1.63594,3.46411,1.5395,3.82182,0.42336,18.483,0.42336,0,0,442.007,0,0.684634,0,0,0.945907,0.261274,1.028160,1,0,15.9717,0,0,0,15.9717,0
65.9354,2.05762,0,0,1.40119,0.0887716,0.36288,3.6288,60.2789,0.665186,0,0,0.611188,0.319489,0,0.66528,12.849,1,0.394347,0.36288,0,24.289,6.17641,18.0811,0.84672,12.849,0.84672,3695.15,0,18.483,0,0.261274,1.67557,3.83236,1.51384,4.25536,0.42336,18.483,0.42336,0,0,442.007,0,0.771552,0,0,1.03283,0.261274,1.028160,1,0,22.3365,0,0,0,22.3365,0
64.7444,2.04698,0,0,1.30682,0.0879943,0.36288,3.6288,59.8567,0.644845,0,0,0.541346,0.318731,0,0.66528,12.849,1,0.398901,0.36288,0,19.2148,6.17641,13.0024,0.84672,12.849,0.84672,3695.15,0,18.483,0,0.227405,1.67583,3.49804,1.51384,3.88743,0.42336,18.483,0.42336,0,0,442.007,0,0.792115,0,0,1.01952,0.227405,1.028160,1,0,16.8898,0,0,0,16.8898,0
63.4478,2.03524,0,0,1.18867,0.0871588,0.36288,3.6288,59.2427,0.804622,0,0,0.508494,0.317875,0,0.66528,12.849,1,0.403909,0.36288,0,17.6688,6.17641,11.4514,0.84672,12.849,0.84672,3695.15,0,18.483,0,0.227405,1.67609,3.20147,1.51384,3.59112,0.42336,18.483,0.42336,0,0,442.007,0,0.63256,0,0,0.859965,0.227405,1.028160,1,0,15.0425,0,0,0,15.0425,0
62.1091,2.15713,0,0,1.25749,0.0761812,0.36288,3.6288,58.8629,0.649199,0,0,0.596206,0.326803,0,0.66528,12.849,1,0.436846,0.36288,0,18.0543,6.49084,11.4895,0.84672,12.849,0.84672,3695.15,0,18.483,0,0.227405,1.67635,4.46327,1.56821,4.79881,0.42336,18.483,0.42336,0,0,442.007,0,0.911961,0,0,1.13937,0.227405,1.028160,1,0,16.2883,0,0,0,16.2883,0
60.5375,2.1422,0,0,1.01561,0.0821154,0.36288,3.6288,58.2155,0.811483,0,0,0.497639,0.33353,0,0.66528,12.849,1,0.443173,0.36288,0,15.861,6.75349,9.02718,0.84672,12.849,0.84672,3695.15,0,18.483,0,0.227405,1.81002,3.92028,1.59956,4.35814,0.42336,18.483,0.42336,0,0,442.007,0,0.749917,0,0,0.977322,0.227405,1.028160,1,0,13.3853,0,0,0,13.3853,0
58.8801,2.12404,0,0,0.910552,0.0810543,0.36288,3.6288,57.4823,0.852186,0,0,0.451103,0.332143,0,0.66528,12.849,1,0.450824,0.36288,0,14.1591,6.75349,7.31771,0.84672,12.849,0.84672,3695.15,0,18.483,0,0.204422,1.8103,3.82287,1.59956,4.23803,0.42336,18.483,0.42336,0,0,442.007,0,0.709456,0,0,0.913879,0.204422,1.028160,1,0,11.5557,0,0,0,11.5557,0
57.423,2.10417,0,0,1.08982,0.0797976,0.36288,3.6288,56.8625,0.773821,0,0,0.484604,0.330573,0,0.66528,12.849,1,0.459178,0.36288,0,14.654,6.75349,7.80417,0.84672,12.849,0.84672,3695.15,0,18.483,0,0.204422,1.81058,4.19322,1.59956,4.60866,0.42336,18.483,0.42336,0,0,442.007,0,0.788063,0,0,0.992485,0.204422,1.028160,1,0,12.4128,0,0,0,12.4128,0
56.7364,2.08611,0,0,1.86349,0.101175,0.36288,3.6288,56.5504,0.61049,0,0,0.62243,0.324033,0,0.66528,12.849,1,0.466788,0.36288,0,24.353,6.60507,17.644,0.84672,12.849,0.84672,3695.15,0,18.483,0,0.204422,1.81086,4.64157,1.58136,5.0755,0.42336,18.483,0.42336,0,0,442.007,0,0.951636,0,0,1.15606,0.204422,1.028160,1,0,22.7195,0,0,0,22.7195,0
55.9418,2.01416,0,0,1.70011,0.117621,0.36288,3.6288,56.2644,0.459034,0,0,0.477125,0.304104,0,0.66528,12.849,1,0.456145,0.36288,0,20.1365,6.029,14.0142,0.84672,12.849,0.84672,3695.15,0,18.483,0,0.276039,1.81114,4.97084,1.50354,5.55448,0.42336,18.483,0.42336,0,0,442.007,0,1.02816,0,0,1.3042,0.276039,1.028160,1,0,19.5687,0,0,0,19.5687,0
54.5396,2.00435,0,0,1.08168,0.116699,0.36288,3.6288,55.6418,0.654606,0,0,0.335549,0.303537,0,0.66528,12.849,1,0.460369,0.36288,0,30.7342,6.029,24.6077,0.84672,12.849,0.84672,3695.15,0,18.483,0,0.216518,1.73491,3.40804,1.50354,3.85592,0.42336,18.483,0.42336,0,0,442.007,0,0.832818,0,0,1.04934,0.216518,1.028160,1,0,28.4636,0,0,0,28.4636,0
52.9622,1.98632,0,0,0.886939,0.11507,0.36288,3.6288,54.6652,0.980694,0,0,0.306412,0.302303,0,0.66528,12.849,1,0.467959,0.36288,0,17.8299,6.029,11.6959,0.84672,12.849,0.84672,3695.15,0,18.483,0,0.216518,1.73517,2.4354,1.50354,2.88355,0.42336,18.483,0.42336,0,0,442.007,0,0.506961,0,0,0.723479,0.216518,1.028160,1,0,14.5794,0,0,0,14.5794,0
52.6378,1.96527,0,0,2.18218,0.178482,0.36288,3.6288,54.3868,0.459724,0,0,0.487383,0.306037,0,0.66528,12.849,1,0.476789,0.36288,0,23.7387,5.56579,18.059,0.84672,12.849,0.84672,3695.15,0,18.483,0,0.598329,1.73544,6.33459,1.40398,7.26438,0.42336,18.483,0.42336,0,0,442.007,0,1.02816,0,0,1.62649,0.598329,1.028160,1,0,25.3234,0,0,0,25.3234,0
52.2328,1.91043,0,0,2.09971,0.231397,0.36288,3.6288,54.5921,0.391486,0,0,0.873285,0.276477,0,0.66528,12.849,1,0.466339,0.36288,0,42.3077,5.04984,37.1544,0.84672,12.849,0.84672,3695.15,0,18.483,0,1.36411,1.73571,5.38212,1.27858,7.20336,0.42336,18.483,0.42336,0,0,442.007,0,1.02816,0,0,2.39227,1.36411,1.028160,1,0,44.3578,0,0,0,44.3578,0
51.2674,1.90521,0,0,1.54718,0.244441,0.36288,3.6288,54.8831,0.391706,0,0,0.927772,0.245049,0,0.66528,12.849,1,0.468672,0.36288,0,49.2894,4.81026,44.3733,0.84672,12.849,0.84672,3695.15,0,18.483,0,1.79967,1.66794,5.18403,1.23657,7.41506,0.42336,18.483,0.42336,0,0,442.007,0,1.02816,0,0,2.82783,1.79967,1.028160,1,0,51.7884,0,0,0,51.7884,0
50.8411,1.89214,0,0,2.06629,0.237611,0.36288,3.6288,55.3535,0.391926,0,0,1.10592,0.243615,0,0.66528,12.849,1,0.474222,0.36288,0,33.4071,4.76226,28.5335,0.84672,12.849,0.84672,3695.15,0,18.483,0,2.32897,1.66819,6.79851,1.2473,9.54838,0.42336,18.483,0.42336,0,0,442.007,0,1.02816,0,0,3.35713,2.32897,1.028160,1,0,38.0819,0,0,0,38.0819,0
56.7734,1.88644,0,0,8.40758,0.225952,0.36288,3.6288,56.7117,0.392145,0,0,1.96404,0.213689,0,0.66528,12.849,1,0.476757,0.36288,0,103.8,4.05356,99.6329,0.84672,12.849,0.84672,3695.15,0,18.483,0,4.43038,1.66845,16.3196,1.20402,21.2144,0.42336,18.483,0.42336,0,0,442.007,0,1.02816,0,0,5.45854,4.43038,1.028160,1,0,120.847,0,0,0,120.847,0
58.7975,1.81703,0,0,4.4636,0.259571,0.36288,3.6288,57.7528,0.249678,0,0,1.48029,0.189505,0,0.66528,12.849,1,0.411232,0.36288,0,83.719,3.56315,80.1075,0.84672,12.849,0.84672,3695.15,0,18.483,0,2.84788,1.66871,12.1457,1.02917,15.6331,0.42336,18.483,0.42336,0,0,442.007,0,1.02816,0,0,3.87604,2.84788,1.028160,1,0,95.7406,0,0,0,95.7406,0
59.3033,1.83983,0,0,2.96667,0.258192,0.36288,3.6288,58.3951,0.249875,0,0,1.08232,0.190184,0,0.66528,12.849,1,0.402058,0.36288,0,62.41,3.73947,58.6314,0.84672,12.849,0.84672,3695.15,0,18.483,0,1.30003,1.51569,5.76329,0.950983,7.62803,0.42336,18.483,0.42336,0,0,442.007,0,1.02816,0,0,2.32819,1.30003,1.028160,1,0,66.2594,0,0,0,66.2594,0
59.8768,1.84559,0,0,3.04146,0.259456,0.36288,3.6288,58.9867,0.250073,0,0,1.03269,0.190974,0,0.66528,12.849,1,0.399877,0.36288,0,33.8919,3.73947,30.1154,0.84672,12.849,0.84672,3695.15,0,18.483,0,1.19277,1.51592,6.25511,0.950983,8.01282,0.42336,18.483,0.42336,0,0,442.007,0,1.02816,0,0,2.22093,1.19277,1.028160,1,0,38.1282,0,0,0,38.1282,0
65.5561,1.85201,0,0,8.15505,0.260888,0.36288,3.6288,61.1188,0.25027,0,0,2.57405,0.191701,0,0.66528,12.849,1,0.397424,0.36288,0,78.4457,3.73947,74.6717,0.84672,12.849,0.84672,3695.15,0,18.483,0,3.25725,1.51616,12.2284,0.950983,16.0508,0.42336,18.483,0.42336,0,0,442.007,0,1.02816,0,0,4.28541,3.25725,1.028160,1,0,90.7225,0,0,0,90.7225,0
72.29,1.90911,0,0,10.3156,0.3034,1.36913,3.6288,61.308,0.250468,0,0,3.6372,0.223739,2.97381,0.66528,12.849,1,0.374186,1.36913,0,185.052,4.29859,181.748,0.84672,12.849,0.84672,3695.15,0,18.483,0,4.51245,1.51639,18.8383,1.03306,23.8341,0.42336,18.483,0.42336,0,0,442.007,0,1.02816,0,0,5.54061,4.51245,1.028160,1,0,208.556,0,0,0,208.556,0
72.29,2.03038,0,0,4.823,0.2924,2.50023,3.6288,61.308,0.292011,0,0,0.992632,0.198743,0.501878,0.66528,12.849,1,0.360884,2.50023,0,90.8867,3.54197,89.4841,0.84672,12.849,0.84672,3695.15,0,18.483,0,0.545642,1.51663,8.35307,0.712759,9.70258,0.42336,18.483,0.42336,0,0,442.007,0,1.02816,0,0,1.5738,0.545642,1.028160,1,0,99.6886,0,0,0,99.6886,0
72.29,2.03068,0,0,3.54561,0.285739,1.2292,3.6288,60.8923,0.783753,0,0,0.56066,0.192569,0,0.66528,12.849,1,0.360937,1.2292,0,86.3292,3.37858,83.8188,0.84672,12.849,0.84672,3695.15,0,18.483,0,0.503194,1.56537,5.84523,0.653904,7.25989,0.42336,18.483,0.42336,0,0,442.007,0,0.536613,0,0,1.03981,0.503194,1.028160,1,0,91.0787,0,0,0,91.0787,0
72.29,2.03098,0,0,6.02295,0.285739,3.70624,3.6288,61.308,0.2924,0,0,1.02882,0.192063,0.128692,0.66528,12.849,1,0.360991,3.70624,0,95.4418,3.37858,95.4084,0.84672,12.849,0.84672,3695.15,0,18.483,0,2.28715,1.5656,10.9449,0.653904,14.1437,0.42336,18.483,0.42336,0,0,442.007,0,1.02816,0,0,3.31531,2.28715,1.028160,1,0,109.681,0,0,0,109.681,0
72.29,2.03127,0,0,6.42986,0.297911,4.10068,3.6288,61.308,0.292595,0,0,0.794542,0.189028,0.312919,0.66528,12.849,1,0.361044,4.10068,0,103.46,3.62818,103.571,0.84672,12.849,0.84672,3695.15,0,18.483,0,2.0386,1.56583,7.4117,0.721985,10.2941,0.42336,18.483,0.42336,0,0,442.007,0,1.02816,0,0,3.06676,2.0386,1.028160,1,0,114.178,0,0,0,114.178,0
72.29,2.22973,0,0,7.09861,0.308392,4.56049,3.6288,61.308,0.448105,0,0,0.816559,0.206324,0.16213,0.66528,12.849,1,0.396317,4.56049,0,148.155,3.81408,148.505,0.84672,12.849,0.84672,3695.15,0,18.483,0,2.15195,1.56606,9.75677,0.891515,12.5833,0.42336,18.483,0.42336,0,0,442.007,0,1.02816,0,0,3.18011,2.15195,1.028160,1,0,161.251,0,0,0,161.251,0
72.29,2.23006,0,0,7.48699,0.310195,4.94674,3.6288,61.308,0.448322,0,0,1.03321,0.232927,0.351957,0.66528,12.849,1,0.396376,4.94674,0,153.844,3.81234,154.582,0.84672,12.849,0.84672,3695.15,0,18.483,0,1.90833,1.73952,10.8536,1.04947,13.4519,0.42336,18.483,0.42336,0,0,442.007,0,1.02816,0,0,2.93649,1.90833,1.028160,1,0,168.386,0,0,0,168.386,0
72.29,2.23039,0,0,7.91096,0.310195,5.37038,3.6288,61.308,0.44854,0,0,1.1481,0.232927,0.466634,0.66528,12.849,1,0.396434,5.37038,0,184.378,3.81234,185.54,0.84672,12.849,0.84672,3695.15,0,18.483,0,2.34158,1.73978,12.5496,1.04947,15.5815,0.42336,18.483,0.42336,0,0,442.007,0,1.02816,0,0,3.36974,2.34158,1.028160,1,0,201.588,0,0,0,201.588,0
72.29,2.23071,0,0,7.01266,0.31095,4.47099,3.6288,61.308,0.448757,0,0,1.0266,0.228549,0.349298,0.66528,12.849,1,0.396493,4.47099,0,164.188,3.73672,164.525,0.84672,12.849,0.84672,3695.15,0,18.483,0,2.01783,1.74003,11.9127,1.02779,14.6428,0.42336,18.483,0.42336,0,0,442.007,0,1.02816,0,0,3.04599,2.01783,1.028160,1,0,179.518,0,0,0,179.518,0
72.29,1.94824,0,0,5.54686,0.331174,3.26744,3.6288,61.308,0.240417,0,0,0.933371,0.223199,0.469755,0.66528,12.849,1,0.346286,3.26744,0,115.009,3.52081,114.409,0.84672,12.849,0.84672,3695.15,0,18.483,0,2.00755,1.74029,10.7831,1.04014,13.4908,0.42336,18.483,0.42336,0,0,442.007,0,1.02816,0,0,3.03571,2.00755,1.028160,1,0,128.37,0,0,0,128.37,0
72.0526,1.94853,0,0,2.42614,0.352093,0.36288,3.6288,61.0534,0.552853,0,0,0.54937,0.251083,0,0.66528,12.849,1,0.346337,0.36288,0,61.3382,3.83786,57.5169,0.84672,12.849,0.84672,3695.15,0,18.483,0,0.608429,1.50345,5.99819,1.23005,6.88002,0.42336,18.483,0.42336,0,0,442.007,0,0.71591,0,0,1.32434,0.608429,1.028160,1,0,64.3969,0,0,0,64.3969,0
72.29,1.94688,0,0,3.07965,0.351459,0.543947,3.6288,61.0097,0.434897,0,0,0.641856,0.250679,0,0.66528,12.849,1,0.347183,0.543947,0,66.8928,3.83786,63.2517,0.84672,12.849,0.84672,3695.15,0,18.483,0,0.558835,1.50367,6.29469,1.23005,7.12714,0.42336,18.483,0.42336,0,0,442.007,0,0.834054,0,0,1.39289,0.558835,1.028160,1,0,70.3788,0,0,0,70.3788,0
72.29,1.94911,0,0,3.65944,0.326835,1.3835,3.6288,61.308,0.240977,0,0,0.981867,0.237899,0.204704,0.66528,12.849,1,0.346439,1.3835,0,74.2072,3.8744,71.3699,0.84672,12.849,0.84672,3695.15,0,18.483,0,1.19609,1.50389,9.44499,1.16147,10.9835,0.42336,18.483,0.42336,0,0,442.007,0,1.02816,0,0,2.22425,1.19609,1.028160,1,0,82.5581,0,0,0,82.5581,0
72.29,1.94939,0,0,3.68043,0.307892,1.42315,3.6288,61.308,0.241164,0,0,1.03011,0.228797,0.560151,0.66528,12.849,1,0.34649,1.42315,0,81.0309,3.9018,78.2058,0.84672,12.849,0.84672,3695.15,0,18.483,0,3.60991,1.50411,8.75114,1.11004,12.7551,0.42336,18.483,0.42336,0,0,442.007,0,1.02816,0,0,4.63807,3.60991,1.028160,1,0,91.5211,0,0,0,91.5211,0
72.29,2.02092,0,0,3.01953,0.321574,0.677043,3.6288,61.308,0.29241,0,0,0.996503,0.210115,0.493978,0.66528,12.849,1,0.359203,0.677043,0,69.6695,3.77832,66.209,0.84672,12.849,0.84672,3695.15,0,18.483,0,2.22208,1.50433,8.90197,1.13308,11.4953,0.42336,18.483,0.42336,0,0,442.007,0,1.02816,0,0,3.25024,2.22208,1.028160,1,0,78.1983,0,0,0,78.1983,0
72.29,2.02121,0,0,4.85662,0.321574,2.51383,3.6288,61.308,0.292604,0,0,1.52543,0.210115,1.02271,0.66528,12.849,1,0.359256,2.51383,0,95.7839,3.77832,94.1602,0.84672,12.849,0.84672,3695.15,0,18.483,0,5.05484,1.56314,9.35081,1.13308,14.8357,0.42336,18.483,0.42336,0,0,442.007,0,1.02816,0,0,6.083,5.05484,1.028160,1,0,110.019,0,0,0,110.019,0
72.29,2.02151,0,0,4.59956,0.321574,2.25647,3.6288,61.308,0.292799,0,0,1.66211,0.210115,1.1592,0.66528,12.849,1,0.359308,2.25647,0,96.4414,3.77832,94.5602,0.84672,12.849,0.84672,3695.15,0,18.483,0,4.20324,1.56337,10.408,1.13308,15.0415,0.42336,18.483,0.42336,0,0,442.007,0,1.02816,0,0,5.2314,4.20324,1.028160,1,0,110.761,0,0,0,110.761,0
72.29,2.02181,0,0,3.81709,0.262391,1.53289,3.6288,61.308,0.292994,0,0,1.47377,0.253024,0.92775,0.66528,12.849,1,0.359361,1.53289,0,75.5637,4.41245,72.3248,0.84672,12.849,0.84672,3695.15,0,18.483,0,3.25324,1.5636,8.66566,1.3517,12.1308,0.42336,18.483,0.42336,0,0,442.007,0,1.02816,0,0,4.2814,3.25324,1.028160,1,0,85.3833,0,0,0,85.3833,0
72.29,1.99424,0,0,2.78038,0.233722,0.552418,3.6288,61.308,0.273346,0,0,0.852708,0.248045,0.331317,0.66528,12.849,1,0.354461,0.552418,0,61.0245,4.56987,56.6526,0.84672,12.849,0.84672,3695.15,0,18.483,0,1.72221,1.56383,5.468,1.28098,7.47306,0.42336,18.483,0.42336,0,0,442.007,0,1.02816,0,0,2.75037,1.72221,1.028160,1,0,64.457,0,0,0,64.457,0
72.1621,1.99453,0,0,2.46123,0.231723,0.36288,3.6288,61.308,0.273537,0,0,0.686059,0.239188,0.173334,0.66528,12.849,1,0.354513,0.36288,0,51.2198,4.53138,46.6968,0.84672,12.849,0.84672,3695.15,0,18.483,0,1.18394,1.54124,4.56199,1.21771,6.06946,0.42336,18.483,0.42336,0,0,442.007,0,1.02816,0,0,2.2121,1.18394,1.028160,1,0,52.9396,0,0,0,52.9396,0
71.8271,1.99376,0,0,2.24453,0.222865,0.36288,3.6288,61.308,0.273729,0,0,0.618978,0.22781,0.117439,0.66528,12.849,1,0.355003,0.36288,0,46.0089,4.29546,41.7213,0.84672,12.849,0.84672,3695.15,0,18.483,0,1.00784,1.54147,4.20798,1.15788,5.59941,0.42336,18.483,0.42336,0,0,442.007,0,1.02816,0,0,2.036,1.00784,1.028160,1,0,47.4381,0,0,0,47.4381,0
71.3592,1.99124,0,0,2.08698,0.200769,0.36288,3.6288,61.308,0.273921,0,0,0.587468,0.199366,0.114181,0.66528,12.849,1,0.356208,0.36288,0,43.7213,3.70566,40.0223,0.84672,12.849,0.84672,3695.15,0,18.483,0,1.0032,1.5417,3.88093,1.00828,5.41754,0.42336,18.483,0.42336,0,0,442.007,0,1.02816,0,0,2.03136,1.0032,1.028160,1,0,45.554,0,0,0,45.554,0
70.7479,2.08186,0,0,2.0327,0.199241,0.36288,3.6288,61.308,0.344521,0,0,0.616734,0.204414,0.0677987,0.66528,12.849,1,0.374861,0.36288,0,39.5184,3.6543,35.8521,0.84672,12.849,0.84672,3695.15,0,18.483,0,1.22605,1.54192,4.06452,1.03875,5.79373,0.42336,18.483,0.42336,0,0,442.007,0,1.02816,0,0,2.25421,1.22605,1.028160,1,0,41.7137,0,0,0,41.7137,0
69.8542,2.07669,0,0,1.68944,0.143634,0.36288,3.6288,61.1886,0.344723,0,0,0.45489,0.229531,0,0.66528,12.849,1,0.377161,0.36288,0,34.3931,3.90516,30.4736,0.84672,12.849,0.84672,3695.15,0,18.483,0,0.500083,1.62197,2.79552,1.04472,3.87285,0.42336,18.483,0.42336,0,0,442.007,0,1.02816,0,0,1.52824,0.500083,1.028160,1,0,34.3465,0,0,0,34.3465,0
68.9196,2.06887,0,0,1.63984,0.142648,0.36288,3.6288,61.0974,0.344925,0,0,0.483082,0.229358,0,0.66528,12.849,1,0.380549,0.36288,0,32.7816,3.90516,28.8588,0.84672,12.849,0.84672,3695.15,0,18.483,0,0.482579,1.62221,2.97385,1.04472,4.03392,0.42336,18.483,0.42336,0,0,442.007,0,1.02816,0,0,1.51074,0.482579,1.028160,1,0,32.8927,0,0,0,32.8927,0
67.9103,2.06052,0,0,1.5557,0.141618,0.36288,3.6288,60.9925,0.345127,0,0,0.46944,0.229225,0,0.66528,12.849,1,0.384153,0.36288,0,30.7895,3.90516,26.8631,0.84672,12.849,0.84672,3695.15,0,18.483,0,0.418262,1.62245,2.74949,1.04472,3.74548,0.42336,18.483,0.42336,0,0,442.007,0,1.02816,0,0,1.44642,0.418262,1.028160,1,0,30.6086,0,0,0,30.6086,0
66.8182,2.0513,0,0,1.45301,0.130899,0.36288,3.6288,60.851,0.345329,0,0,0.441319,0.237475,0,0.66528,12.849,1,0.388117,0.36288,0,28.6271,4.0999,24.5019,0.84672,12.849,0.84672,3695.15,0,18.483,0,0.33734,1.62269,2.66649,1.07237,3.55416,0.42336,18.483,0.42336,0,0,442.007,0,1.02816,0,0,1.3655,0.33734,1.028160,1,0,28.0561,0,0,0,28.0561,0
66.4147,2.02279,0,0,2.0855,0.103362,0.36288,3.6288,60.8445,0.384257,0,0,0.64203,0.264307,0,0.66528,12.849,1,0.388978,0.36288,0,36.676,5.24444,31.4055,0.84672,12.849,0.84672,3695.15,0,18.483,0,0.620101,1.62293,3.45061,1.25151,4.44213,0.42336,18.483,0.42336,0,0,442.007,0,1.02816,0,0,1.64826,0.620101,1.028160,1,0,35.8476,0,0,0,35.8476,0
65.8915,2.01917,0,0,1.9619,0.103031,0.36288,3.6288,60.8014,0.384465,0,0,0.605633,0.264296,0,0.66528,12.849,1,0.390641,0.36288,0,36.4044,5.24444,31.1322,0.84672,12.849,0.84672,3695.15,0,18.483,0,0.51084,1.64806,3.60642,1.25151,4.51381,0.42336,18.483,0.42336,0,0,442.007,0,1.02816,0,0,1.539,0.51084,1.028160,1,0,35.646,0,0,0,35.646,0
65.1981,2.01434,0,0,1.78645,0.102603,0.36288,3.6288,60.752,0.384673,0,0,0.599524,0.264224,0,0.66528,12.849,1,0.392801,0.36288,0,36.1228,5.24444,30.8484,0.84672,12.849,0.84672,3695.15,0,18.483,0,0.513026,1.6483,3.47101,1.25151,4.38082,0.42336,18.483,0.42336,0,0,442.007,0,1.02816,0,0,1.54119,0.513026,1.028160,1,0,35.2293,0,0,0,35.2293,0
64.3418,2.00776,0,0,1.61633,0.102036,0.36288,3.6288,60.6594,0.384881,0,0,0.556376,0.264141,0,0.66528,12.849,1,0.395681,0.36288,0,32.4387,5.24444,27.1615,0.84672,12.849,0.84672,3695.15,0,18.483,0,0.321857,1.64854,3.32902,1.25151,4.0479,0.42336,18.483,0.42336,0,0,442.007,0,1.02816,0,0,1.35002,0.321857,1.028160,1,0,31.2094,0,0,0,31.2094,0
63.6033,2.04608,0,0,1.75042,0.07991,0.36288,3.6288,60.6338,0.419623,0,0,0.706551,0.312474,0,0.66528,12.849,1,0.4086,0.36288,0,37.4685,5.99407,31.4287,0.84672,12.849,0.84672,3695.15,0,18.483,0,0.321918,1.64878,3.25184,1.47887,3.74367,0.42336,18.483,0.42336,0,0,442.007,0,1.02816,0,0,1.35008,0.321918,1.028160,1,0,35.1724,0,0,0,35.1724,0
62.7921,2.03863,0,0,1.66933,0.0790211,0.36288,3.6288,60.5438,0.419836,0,0,0.640354,0.310555,0,0.66528,12.849,1,0.411839,0.36288,0,32.0019,6.06228,25.8906,0.84672,12.849,0.84672,3695.15,0,18.483,0,0.302944,1.68871,3.19153,1.46906,3.71412,0.42336,18.483,0.42336,0,0,442.007,0,1.02816,0,0,1.3311,0.302944,1.028160,1,0,29.6048,0,0,0,29.6048,0
61.881,2.03027,0,0,1.56054,0.0785004,0.36288,3.6288,60.3668,0.459033,0,0,0.592462,0.310378,0,0.66528,12.849,1,0.415449,0.36288,0,30.4291,6.06228,24.3143,0.84672,12.849,0.84672,3695.15,0,18.483,0,0.227405,1.68896,2.80043,1.46906,3.24773,0.42336,18.483,0.42336,0,0,442.007,0,0.989176,0,0,1.21658,0.227405,1.028160,1,0,27.562,0,0,0,27.562,0
60.9591,2.02067,0,0,1.53956,0.0779156,0.36288,3.6288,60.2775,0.420263,0,0,0.640994,0.310029,0,0.66528,12.849,1,0.419572,0.36288,0,28.2352,6.06228,22.1162,0.84672,12.849,0.84672,3695.15,0,18.483,0,0.270406,1.68921,3.16698,1.46906,3.65753,0.42336,18.483,0.42336,0,0,442.007,0,1.02816,0,0,1.29857,0.270406,1.028160,1,0,25.7737,0,0,0,25.7737,0
60.0757,2.14503,0,0,1.68572,0.061254,0.36288,3.6288,60.1064,0.545198,0,0,0.667577,0.293467,0,0.66528,12.849,1,0.452131,0.36288,0,28.6888,6.30093,22.2986,0.84672,12.849,0.84672,3695.15,0,18.483,0,0.377309,1.68946,4.00429,1.53449,4.53657,0.42336,18.483,0.42336,0,0,442.007,0,1.02816,0,0,1.40547,0.377309,1.028160,1,0,26.8352,0,0,0,26.8352,0
59.1025,2.13469,0,0,1.58579,0.0613876,0.36288,3.6288,59.6958,0.635985,0,0,0.524311,0.298943,0,0.66528,12.849,1,0.456568,0.36288,0,26.8437,6.27532,20.4747,0.84672,12.849,0.84672,3695.15,0,18.483,0,0.227405,1.82417,3.41865,1.51531,3.95491,0.42336,18.483,0.42336,0,0,442.007,0,0.937604,0,0,1.16501,0.227405,1.028160,1,0,24.4296,0,0,0,24.4296,0
58.2444,2.12302,0,0,1.68864,0.0608167,0.36288,3.6288,59.4969,0.545661,0,0,0.644923,0.298161,0,0.66528,12.849,1,0.461549,0.36288,0,34.1595,6.27532,27.7855,0.84672,12.849,0.84672,3695.15,0,18.483,0,0.407713,1.82443,3.81848,1.51531,4.53532,0.42336,18.483,0.42336,0,0,442.007,0,1.02816,0,0,1.43587,0.407713,1.028160,1,0,32.3209,0,0,0,32.3209,0
57.0979,2.11255,0,0,1.38923,0.0603133,0.36288,3.6288,58.8717,0.797127,0,0,0.469689,0.297783,0,0.66528,12.849,1,0.466039,0.36288,0,31.2955,6.27532,24.917,0.84672,12.849,0.84672,3695.15,0,18.483,0,0.204422,1.8247,3.12752,1.51531,3.64134,0.42336,18.483,0.42336,0,0,442.007,0,0.776926,0,0,0.981348,0.204422,1.028160,1,0,28.5583,0,0,0,28.5583,0
56.3085,2.09813,0,0,1.73123,0.0596407,0.36288,3.6288,58.8426,0.546125,0,0,0.813643,0.296592,0,0.66528,12.849,1,0.472151,0.36288,0,30.5056,6.27532,24.121,0.84672,12.849,0.84672,3695.15,0,18.483,0,0.911149,1.82497,4.8779,1.51531,6.09872,0.42336,18.483,0.42336,0,0,442.007,0,1.02816,0,0,1.93931,0.911149,1.028160,1,0,30.2197,0,0,0,30.2197,0
55.4684,2.02435,0,0,1.59928,0.052153,0.36288,3.6288,59.0658,0.4706,0,0,0.939289,0.245533,0,0.66528,12.849,1,0.461936,0.36288,0,39.1899,4.6125,34.4784,0.84672,12.849,0.84672,3695.15,0,18.483,0,1.8366,1.82524,6.78233,1.23818,9.20599,0.42336,18.483,0.42336,0,0,442.007,0,1.02816,0,0,2.86476,1.8366,1.028160,1,0,43.6844,0,0,0,43.6844,0
54.8009,2.01375,0,0,1.75838,0.0492743,0.36288,3.6288,59.2255,0.47082,0,0,0.875854,0.245301,0,0.66528,12.849,1,0.466476,0.36288,0,37.0456,4.55102,32.391,0.84672,12.849,0.84672,3695.15,0,18.483,0,1.96058,1.7484,6.76702,1.27594,9.20006,0.42336,18.483,0.42336,0,0,442.007,0,1.02816,0,0,2.98874,1.96058,1.028160,1,0,41.5911,0,0,0,41.5911,0
53.8296,2.00523,0,0,1.51302,0.116147,0.36288,3.6288,59.4562,0.471041,0,0,0.89932,0.197548,0,0.66528,12.849,1,0.47016,0.36288,0,46.638,4.2478,42.2829,0.84672,12.849,0.84672,3695.15,0,18.483,0,2.02082,1.74865,7.81409,1.12377,10.4598,0.42336,18.483,0.42336,0,0,442.007,0,1.02816,0,0,3.04898,2.02082,1.028160,1,0,52.7427,0,0,0,52.7427,0
53.132,1.99245,0,0,1.8422,0.184527,0.36288,3.6288,59.7386,0.471262,0,0,0.904314,0.150742,0,0.66528,12.849,1,0.475592,0.36288,0,51.2814,4.66589,46.5028,0.84672,12.849,0.84672,3695.15,0,18.483,0,2.19485,1.74891,10.4255,1.0485,13.3208,0.42336,18.483,0.42336,0,0,442.007,0,1.02816,0,0,3.22301,2.19485,1.028160,1,0,59.8236,0,0,0,59.8236,0
52.4732,1.93193,0,0,1.82117,0.185145,0.36288,3.6288,60.0079,0.402484,0,0,0.858827,0.186991,0,0.66528,12.849,1,0.467202,0.36288,0,51.1426,4.26026,46.778,0.84672,12.849,0.84672,3695.15,0,18.483,0,1.49347,1.74917,7.12933,0.995247,9.37672,0.42336,18.483,0.42336,0,0,442.007,0,1.02816,0,0,2.52163,1.49347,1.028160,1,0,56.1547,0,0,0,56.1547,0
51.9436,1.92326,0,0,1.94296,0.186447,0.36288,3.6288,60.287,0.402695,0,0,0.917107,0.235363,0,0.66528,12.849,1,0.470944,0.36288,0,102.622,3.71941,98.7948,0.84672,12.849,0.84672,3695.15,0,18.483,0,1.52692,1.68086,9.59731,0.924247,11.8808,0.42336,18.483,0.42336,0,0,442.007,0,1.02816,0,0,2.55508,1.52692,1.028160,1,0,110.676,0,0,0,110.676,0
51.8004,1.91624,0,0,2.3214,0.18543,0.36288,3.6288,60.8161,0.402906,0,0,1.16782,0.235781,0,0.66528,12.849,1,0.474009,0.36288,0,114.367,3.71941,110.536,0.84672,12.849,0.84672,3695.15,0,18.483,0,2.43594,1.6811,12.7817,0.924247,15.9745,0.42336,18.483,0.42336,0,0,442.007,0,1.02816,0,0,3.4641,2.43594,1.028160,1,0,126.511,0,0,0,126.511,0
52.2094,1.91453,0,0,2.87151,0.185155,0.36288,3.6288,61.308,0.403116,0,0,1.19793,0.236575,0.066323,0.66528,12.849,1,0.474895,0.36288,0,57.3826,3.71941,53.5511,0.84672,12.849,0.84672,3695.15,0,18.483,0,2.40791,1.68135,14.286,0.924247,17.451,0.42336,18.483,0.42336,0,0,442.007,0,1.02816,0,0,3.43607,2.40791,1.028160,1,0,71.0684,0,0,0,71.0684,0
52.6675,1.77585,0,0,2.81975,0.22295,0.36288,3.6288,61.308,0.259539,0,0,1.11283,0.227648,0.625645,0.66528,12.849,1,0.437045,0.36288,0,78.9394,3.85791,75.0073,0.84672,12.849,0.84672,3695.15,0,18.483,0,1.56592,1.6816,9.41095,0.975432,11.683,0.42336,18.483,0.42336,0,0,442.007,0,1.02816,0,0,2.59408,1.56592,1.028160,1,0,87.316,0,0,0,87.316,0
52.8009,1.78192,0,0,2.49833,0.22015,0.36288,3.6288,61.308,0.259729,0,0,2.02878,0.217758,1.55129,0.66528,12.849,1,0.434725,0.36288,0,109.488,4.53695,104.879,0.84672,12.849,0.84672,3695.15,0,18.483,0,3.01926,1.52739,15.1741,1.12884,18.5919,0.42336,18.483,0.42336,0,0,442.007,0,1.02816,0,0,4.04742,3.01926,1.028160,1,0,125.022,0,0,0,125.022,0
53.4189,1.78386,0,0,2.98524,0.220452,0.36288,3.6288,61.308,0.259918,0,0,2.39741,0.217758,1.91973,0.66528,12.849,1,0.4341,0.36288,0,108.009,4.53695,103.4,0.84672,12.849,0.84672,3695.15,0,18.483,0,4.51659,1.52761,17.1439,1.12884,22.0593,0.42336,18.483,0.42336,0,0,442.007,0,1.02816,0,0,5.54475,4.51659,1.028160,1,0,127.379,0,0,0,127.379,0
55.7679,1.79185,0,0,4.72557,0.221851,0.36288,3.6288,61.308,0.260108,0,0,2.3376,0.217758,1.85974,0.66528,12.849,1,0.430998,0.36288,0,109.568,4.53695,104.963,0.84672,12.849,0.84672,3695.15,0,18.483,0,5.29491,1.52784,17.3686,1.12884,23.0626,0.42336,18.483,0.42336,0,0,442.007,0,1.02816,0,0,6.32307,5.29491,1.028160,1,0,129.885,0,0,0,129.885,0
58.4934,1.82046,0,0,5.13383,0.224953,0.36288,3.6288,61.308,0.260298,0,0,2.86642,0.215569,2.39055,0.66528,12.849,1,0.419436,0.36288,0,110.878,4.26891,106.553,0.84672,12.849,0.84672,3695.15,0,18.483,0,5.12439,1.52806,20.0038,1.09547,25.5607,0.42336,18.483,0.42336,0,0,442.007,0,1.02816,0,0,6.15255,5.12439,1.028160,1,0,134.504,0,0,0,134.504,0
61.1735,1.90977,0,0,5.19137,0.238679,0.36288,3.6288,61.308,0.30215,0,0,4.98035,0.218255,4.45994,0.66528,12.849,1,0.419511,0.36288,0,123.012,3.76549,119.19,0.84672,12.849,0.84672,3695.15,0,18.483,0,4.91567,1.52829,20.0571,1.06429,25.4367,0.42336,18.483,0.42336,0,0,442.007,0,1.02816,0,0,5.94383,4.91567,1.028160,1,0,149.087,0,0,0,149.087,0
65.5732,1.93968,0,0,6.92839,0.226098,0.36288,3.6288,61.308,0.302336,0,0,4.24551,0.175564,3.76761,0.66528,12.849,1,0.407414,0.36288,0,165.016,2.77337,162.198,0.84672,12.849,0.84672,3695.15,0,18.483,0,3.97205,1.57739,21.9707,0.745957,26.7742,0.42336,18.483,0.42336,0,0,442.007,0,1.02816,0,0,5.00021,3.97205,1.028160,1,0,192.74,0,0,0,192.74,0
67.9468,1.98506,0,0,4.95592,0.234341,0.36288,3.6288,61.308,0.302522,0,0,4.15154,0.175564,3.67345,0.66528,12.849,1,0.388971,0.36288,0,120.767,2.77337,117.968,0.84672,12.849,0.84672,3695.15,0,18.483,0,4.11799,1.57761,16.366,0.745957,21.3156,0.42336,18.483,0.42336,0,0,442.007,0,1.02816,0,0,5.14615,4.11799,1.028160,1,0,142.957,0,0,0,142.957,0
71.5454,2.00802,0,0,6.20822,0.238788,0.36288,3.6288,61.308,0.302708,0,0,4.46666,0.175564,3.98838,0.66528,12.849,1,0.379724,0.36288,0,112.177,2.77337,109.387,0.84672,12.849,0.84672,3695.15,0,18.483,0,4.2811,1.57783,18.6696,0.745957,23.7826,0.42336,18.483,0.42336,0,0,442.007,0,1.02816,0,0,5.30926,4.2811,1.028160,1,0,137.158,0,0,0,137.158,0
72.29,2.23974,0,0,8.4357,0.260881,5.19046,3.6288,61.308,0.459398,0,0,4.85145,0.195165,4.19688,0.66528,12.849,1,0.40224,5.19046,0,163.611,3.14399,165.256,0.84672,12.849,0.84672,3695.15,0,18.483,0,4.79311,1.57805,21.3425,0.868987,26.8447,0.42336,18.483,0.42336,0,0,442.007,0,1.02816,0,0,5.82127,4.79311,1.028160,1,0,196.297,0,0,0,196.297,0
72.29,2.2471,0,0,6.14553,0.299913,3.59851,3.6288,61.308,0.459606,0,0,4.07491,0.21952,3.39578,0.66528,12.849,1,0.399405,3.59851,0,110.085,4.02202,109.262,0.84672,12.849,0.84672,3695.15,0,18.483,0,3.57888,1.75283,13.7291,1.12226,17.9386,0.42336,18.483,0.42336,0,0,442.007,0,1.02816,0,0,4.60704,3.57888,1.028160,1,0,130.596,0,0,0,130.596,0
72.29,2.24741,0,0,7.48837,0.299913,4.94105,3.6288,61.308,0.459814,0,0,4.24704,0.21952,3.5677,0.66528,12.849,1,0.399461,4.94105,0,125.553,4.02202,126.073,0.84672,12.849,0.84672,3695.15,0,18.483,0,6.12027,1.75307,19.0358,1.12226,25.7869,0.42336,18.483,0.42336,0,0,442.007,0,1.02816,0,0,7.14843,6.12027,1.028160,1,0,155.427,0,0,0,155.427,0
72.29,2.24773,0,0,5.12344,0.299913,2.5758,3.6288,61.308,0.460022,0,0,3.26126,0.21952,2.58172,0.66528,12.849,1,0.399517,2.5758,0,127.667,4.02202,125.821,0.84672,12.849,0.84672,3695.15,0,18.483,0,1.85922,1.75332,11.6822,1.12226,14.1725,0.42336,18.483,0.42336,0,0,442.007,0,1.02816,0,0,2.88738,1.85922,1.028160,1,0,142.576,0,0,0,142.576,0
72.29,1.96309,0,0,4.94819,0.311141,2.67396,3.6288,61.308,0.250083,0,0,3.06919,0.198665,2.62044,0.66528,12.849,1,0.348924,2.67396,0,142.687,3.73926,141.273,0.84672,12.849,0.84672,3695.15,0,18.483,0,2.49245,1.75356,12.0325,1.01476,15.2638,0.42336,18.483,0.42336,0,0,442.007,0,1.02816,0,0,3.52061,2.49245,1.028160,1,0,159.157,0,0,0,159.157,0
72.29,1.96336,0,0,7.89782,0.325985,5.60847,3.6288,61.308,0.250262,0,0,3.8092,0.22313,3.33581,0.66528,12.849,1,0.348973,5.60847,0,212.466,4.35561,213.37,0.84672,12.849,0.84672,3695.15,0,18.483,0,4.99526,1.5149,17.2886,1.12542,22.6733,0.42336,18.483,0.42336,0,0,442.007,0,1.02816,0,0,6.02342,4.99526,1.028160,1,0,239.379,0,0,0,239.379,0
72.29,1.96364,0,0,6.80607,0.325985,4.51645,3.6288,61.308,0.250441,0,0,3.29359,0.22313,2.82002,0.66528,12.849,1,0.349022,4.51645,0,184.761,4.35561,184.573,0.84672,12.849,0.84672,3695.15,0,18.483,0,3.51633,1.51511,14.053,1.12542,17.9591,0.42336,18.483,0.42336,0,0,442.007,0,1.02816,0,0,4.54449,3.51633,1.028160,1,0,205.352,0,0,0,205.352,0
72.29,1.96391,0,0,7.38755,0.325985,5.09765,3.6288,61.308,0.25062,0,0,3.08586,0.22313,2.61211,0.66528,12.849,1,0.349071,5.09765,0,194.689,4.35561,195.082,0.84672,12.849,0.84672,3695.15,0,18.483,0,3.95974,1.51533,17.3973,1.12542,21.747,0.42336,18.483,0.42336,0,0,442.007,0,1.02816,0,0,4.9879,3.95974,1.028160,1,0,219.441,0,0,0,219.441,0
72.29,1.96419,0,0,6.61176,0.257537,4.39004,3.6288,61.308,0.250798,0,0,2.64112,0.182883,2.20744,0.66528,12.849,1,0.34912,4.39004,0,186.214,3.83793,186.417,0.84672,12.849,0.84672,3695.15,0,18.483,0,3.42848,1.51554,15.4432,1.0502,19.337,0.42336,18.483,0.42336,0,0,442.007,0,1.02816,0,0,4.45664,3.42848,1.028160,1,0,207.961,0,0,0,207.961,0
72.29,2.03624,0,0,5.78413,0.33996,3.40793,3.6288,61.308,0.302423,0,0,1.70989,0.172159,1.23531,0.66528,12.849,1,0.361926,3.40793,0,172.918,4.1559,171.808,0.84672,12.849,0.84672,3695.15,0,18.483,0,2.34776,1.51575,14.8769,0.995123,17.7453,0.42336,18.483,0.42336,0,0,442.007,0,1.02816,0,0,3.37592,2.34776,1.028160,1,0,190.789,0,0,0,190.789,0
72.29,2.03652,0,0,8.01052,0.342848,5.63115,3.6288,61.308,0.302609,0,0,2.24612,0.168505,1.77501,0.66528,12.849,1,0.361977,5.63115,0,175.252,4.11621,176.405,0.84672,12.849,0.84672,3695.15,0,18.483,0,4.3765,1.57499,26.0513,0.97348,31.0293,0.42336,18.483,0.42336,0,0,442.007,0,1.02816,0,0,5.40466,4.3765,1.028160,1,0,209.209,0,0,0,209.209,0
72.29,2.03681,0,0,6.34814,0.324992,3.98633,3.6288,61.308,0.302795,0,0,2.23068,0.17802,1.74987,0.66528,12.849,1,0.362027,3.98633,0,208.895,4.23255,208.287,0.84672,12.849,0.84672,3695.15,0,18.483,0,3.51464,1.57521,18.9606,0.99638,23.054,0.42336,18.483,0.42336,0,0,442.007,0,1.02816,0,0,4.5428,3.51464,1.028160,1,0,233.091,0,0,0,233.091,0
72.29,2.03709,0,0,5.2596,0.259191,2.96331,3.6288,61.308,0.302981,0,0,1.43983,0.221921,0.914928,0.66528,12.849,1,0.362078,2.96331,0,182.293,4.48263,180.411,0.84672,12.849,0.84672,3695.15,0,18.483,0,2.33468,1.57543,14.5792,1.11194,17.3774,0.42336,18.483,0.42336,0,0,442.007,0,1.02816,0,0,3.36284,2.33468,1.028160,1,0,198.704,0,0,0,198.704,0
72.29,2.0093,0,0,6.13389,0.288481,3.83611,3.6288,61.308,0.283175,0,0,1.68134,0.211206,1.18695,0.66528,12.849,1,0.357138,3.83611,0,176.254,3.90651,175.827,0.84672,12.849,0.84672,3695.15,0,18.483,0,2.54691,1.57565,19.3542,1.01221,22.4645,0.42336,18.483,0.42336,0,0,442.007,0,1.02816,0,0,3.57507,2.54691,1.028160,1,0,199.478,0,0,0,199.478,0
72.29,2.00958,0,0,5.03239,0.286533,2.73628,3.6288,61.308,0.283359,0,0,1.66347,0.177691,1.20242,0.66528,12.849,1,0.357188,2.73628,0,163.669,3.66941,162.379,0.84672,12.849,0.84672,3695.15,0,18.483,0,2.3423,1.55288,14.9194,1.00267,17.8119,0.42336,18.483,0.42336,0,0,442.007,0,1.02816,0,0,3.37046,2.3423,1.028160,1,0,181.393,0,0,0,181.393,0
72.29,2.00986,0,0,4.49989,0.259105,2.23093,3.6288,61.308,0.283542,0,0,1.35716,0.207293,0.866328,0.66528,12.849,1,0.357238,2.23093,0,96.7464,4.05164,94.5685,0.84672,12.849,0.84672,3695.15,0,18.483,0,2.04413,1.5531,12.2911,1.1096,14.7787,0.42336,18.483,0.42336,0,0,442.007,0,1.02816,0,0,3.07229,2.04413,1.028160,1,0,110.213,0,0,0,110.213,0
72.29,2.01014,0,0,3.63921,0.259105,1.36996,3.6288,61.308,0.283725,0,0,1.16687,0.207293,0.675848,0.66528,12.849,1,0.357288,1.36996,0,85.5084,4.05164,82.4694,0.84672,12.849,0.84672,3695.15,0,18.483,0,1.69057,1.55332,9.65529,1.1096,11.7896,0.42336,18.483,0.42336,0,0,442.007,0,1.02816,0,0,2.71873,1.69057,1.028160,1,0,94.9348,0,0,0,94.9348,0
72.29,2.10579,0,0,3.3495,0.250403,0.993309,3.6288,61.308,0.354846,0,0,1.07724,0.210746,0.511643,0.66528,12.849,1,0.374288,0.993309,0,52.5428,4.13012,49.0317,0.84672,12.849,0.84672,3695.15,0,18.483,0,1.40847,1.55353,8.93419,1.11332,10.7829,0.42336,18.483,0.42336,0,0,442.007,0,1.02816,0,0,2.43663,1.40847,1.028160,1,0,60.3262,0,0,0,60.3262,0
72.29,2.10609,0,0,3.94718,0.198191,1.64291,3.6288,61.308,0.35504,0,0,1.17679,0.231464,0.590281,0.66528,12.849,1,0.374341,1.64291,0,75.6173,4.601,72.2849,0.84672,12.849,0.84672,3695.15,0,18.483,0,1.16479,1.63417,11.3031,1.13566,12.9664,0.42336,18.483,0.42336,0,0,442.007,0,1.02816,0,0,2.19295,1.16479,1.028160,1,0,85.8415,0,0,0,85.8415,0
72.29,2.10638,0,0,3.81372,0.198191,1.50915,3.6288,61.308,0.355233,0,0,1.2004,0.231464,0.613701,0.66528,12.849,1,0.374393,1.50915,0,72.0947,4.601,68.6285,0.84672,12.849,0.84672,3695.15,0,18.483,0,1.40368,1.6344,10.8113,1.13566,12.7137,0.42336,18.483,0.42336,0,0,442.007,0,1.02816,0,0,2.43184,1.40368,1.028160,1,0,81.956,0,0,0,81.956,0
72.29,2.10667,0,0,3.5004,0.222776,1.17095,3.6288,61.308,0.355427,0,0,1.12523,0.22488,0.544924,0.66528,12.849,1,0.374446,1.17095,0,67.7868,4.17792,64.4054,0.84672,12.849,0.84672,3695.15,0,18.483,0,1.29508,1.63463,9.85945,1.15198,11.6372,0.42336,18.483,0.42336,0,0,442.007,0,1.02816,0,0,2.32324,1.29508,1.028160,1,0,76.5875,0,0,0,76.5875,0
72.29,2.10697,0,0,3.31754,0.177062,1.0335,3.6288,61.308,0.35562,0,0,1.12279,0.243001,0.524173,0.66528,12.849,1,0.374498,1.0335,0,63.2144,4.16896,59.7044,0.84672,12.849,0.84672,3695.15,0,18.483,0,1.33403,1.63486,9.6933,1.20611,11.4561,0.42336,18.483,0.42336,0,0,442.007,0,1.02816,0,0,2.36219,1.33403,1.028160,1,0,71.6847,0,0,0,71.6847,0
72.2234,2.08839,0,0,2.5305,0.145879,0.36288,3.6288,61.308,0.394829,0,0,1.09584,0.280854,0.420154,0.66528,12.849,1,0.371196,0.36288,0,51.0677,5.1904,45.8689,0.84672,12.849,0.84672,3695.15,0,18.483,0,0.966997,1.63509,6.48373,1.26747,7.81835,0.42336,18.483,0.42336,0,0,442.007,0,1.02816,0,0,1.99516,0.966997,1.028160,1,0,54.1074,0,0,0,54.1074,0
71.9685,2.0881,0,0,2.31086,0.114705,0.36288,3.6288,61.308,0.395028,0,0,1.01531,0.327042,0.293242,0.66528,12.849,1,0.371486,0.36288,0,47.338,5.39427,41.9351,0.84672,12.849,0.84672,3695.15,0,18.483,0,0.860328,1.66039,6.06519,1.41122,7.17469,0.42336,18.483,0.42336,0,0,442.007,0,1.02816,0,0,1.88849,0.860328,1.028160,1,0,49.403,0,0,0,49.403,0
71.6021,2.08616,0,0,2.19709,0.114483,0.36288,3.6288,61.308,0.395227,0,0,0.96571,0.327042,0.243441,0.66528,12.849,1,0.372455,0.36288,0,43.1177,5.39427,37.7139,0.84672,12.849,0.84672,3695.15,0,18.483,0,0.795502,1.66062,5.7945,1.41122,6.83941,0.42336,18.483,0.42336,0,0,442.007,0,1.02816,0,0,1.82366,0.795502,1.028160,1,0,44.7968,0,0,0,44.7968,0
71.0771,2.08322,0,0,2.03527,0.114164,0.36288,3.6288,61.308,0.395426,0,0,0.852267,0.327042,0.129799,0.66528,12.849,1,0.373833,0.36288,0,40.4947,5.39427,35.0895,0.84672,12.849,0.84672,3695.15,0,18.483,0,0.709439,1.66086,5.46413,1.41122,6.42321,0.42336,18.483,0.42336,0,0,442.007,0,1.02816,0,0,1.7376,0.709439,1.028160,1,0,41.6425,0,0,0,41.6425,0
70.4638,2.12735,0,0,1.98191,0.104983,0.36288,3.6288,61.308,0.430416,0,0,0.883665,0.323089,0.130159,0.66528,12.849,1,0.384573,0.36288,0,40.7487,5.63349,35.0935,0.84672,12.849,0.84672,3695.15,0,18.483,0,0.615514,1.66109,4.89579,1.39649,5.7759,0.42336,18.483,0.42336,0,0,442.007,0,1.02816,0,0,1.64367,0.615514,1.028160,1,0,40.9995,0,0,0,40.9995,0
69.6209,2.122,0,0,1.7349,0.0929128,0.36288,3.6288,61.2825,0.43062,0,0,0.7229,0.317819,0,0.66528,12.849,1,0.386944,0.36288,0,34.9946,5.95245,29.0181,0.84672,12.849,0.84672,3695.15,0,18.483,0,0.469213,1.7013,4.20364,1.37685,4.9973,0.42336,18.483,0.42336,0,0,442.007,0,1.02816,0,0,1.49737,0.469213,1.028160,1,0,34.0154,0,0,0,34.0154,0
68.6748,2.11441,0,0,1.62348,0.0923102,0.36288,3.6288,61.203,0.430824,0,0,0.669142,0.317768,0,0.66528,12.849,1,0.390229,0.36288,0,31.5915,5.95245,25.6117,0.84672,12.849,0.84672,3695.15,0,18.483,0,0.404965,1.70154,3.75171,1.37685,4.48137,0.42336,18.483,0.42336,0,0,442.007,0,1.02816,0,0,1.43313,0.404965,1.028160,1,0,30.093,0,0,0,30.093,0
67.605,2.10571,0,0,1.49043,0.0916338,0.36288,3.6288,61.1162,0.431028,0,0,0.661815,0.317608,0,0.66528,12.849,1,0.393976,0.36288,0,28.8783,5.95245,22.8947,0.84672,12.849,0.84672,3695.15,0,18.483,0,0.287254,1.70178,3.66932,1.37685,4.2815,0.42336,18.483,0.42336,0,0,442.007,0,1.02816,0,0,1.31541,0.287254,1.028160,1,0,27.1762,0,0,0,27.1762,0
66.7209,2.23557,0,0,1.79061,0.0762464,0.36288,3.6288,61.0627,0.556879,0,0,0.80587,0.30248,0,0.66528,12.849,1,0.424892,0.36288,0,30.2422,6.16067,24.0195,0.84672,12.849,0.84672,3695.15,0,18.483,0,0.754436,1.70201,5.47892,1.43566,6.4997,0.42336,18.483,0.42336,0,0,442.007,0,1.02816,0,0,1.7826,0.754436,1.028160,1,0,30.5192,0,0,0,30.5192,0
65.3675,2.22654,0,0,1.31876,0.0827501,0.36288,3.6288,60.6887,0.657515,0,0,0.599975,0.316467,0,0.66528,12.849,1,0.428782,0.36288,0,18.1607,6.20338,11.8914,0.84672,12.849,0.84672,3695.15,0,18.483,0,0.227405,1.83771,3.36935,1.4544,3.98007,0.42336,18.483,0.42336,0,0,442.007,0,0.927746,0,0,1.15515,0.227405,1.028160,1,0,15.8715,0,0,0,15.8715,0
64.1888,2.21221,0,0,1.47357,0.0772203,0.36288,3.6288,60.5504,0.557323,0,0,0.73729,0.318298,0,0.66528,12.849,1,0.434845,0.36288,0,23.1091,6.27816,16.759,0.84672,12.849,0.84672,3695.15,0,18.483,0,0.422496,1.83797,3.57637,1.46934,4.3675,0.42336,18.483,0.42336,0,0,442.007,0,1.02816,0,0,1.45066,0.422496,1.028160,1,0,21.1265,0,0,0,21.1265,0
62.7142,2.19943,0,0,1.16418,0.0764914,0.36288,3.6288,60.0197,0.750873,0,0,0.538185,0.318018,0,0.66528,12.849,1,0.440272,0.36288,0,23.848,6.27816,17.4924,0.84672,12.849,0.84672,3695.15,0,18.483,0,0.204422,1.83822,2.83379,1.46934,3.4071,0.42336,18.483,0.42336,0,0,442.007,0,0.834831,0,0,1.03925,0.204422,1.028160,1,0,20.8995,0,0,0,20.8995,0
61.5346,2.18291,0,0,1.44184,0.0755795,0.36288,3.6288,60.0403,0.557766,0,0,0.895364,0.316946,0,0.66528,12.849,1,0.447238,0.36288,0,21.1347,6.27816,14.7722,0.84672,12.849,0.84672,3695.15,0,18.483,0,0.825474,1.83848,4.25837,1.46934,5.45299,0.42336,18.483,0.42336,0,0,442.007,0,1.02816,0,0,1.85363,0.825474,1.028160,1,0,20.2252,0,0,0,20.2252,0
60.3363,2.10317,0,0,1.34807,0.0803909,0.36288,3.6288,59.9962,0.481671,0,0,0.772613,0.335052,0,0.66528,12.849,1,0.439161,0.36288,0,26.2197,6.05144,20.092,0.84672,12.849,0.84672,3695.15,0,18.483,0,0.357558,1.83874,5.14928,1.46485,5.88073,0.42336,18.483,0.42336,0,0,442.007,0,1.02816,0,0,1.38572,0.357558,1.028160,1,0,25.9727,0,0,0,25.9727,0
59.3112,2.08946,0,0,1.5453,0.118038,0.36288,3.6288,60.0693,0.481882,0,0,0.869746,0.314808,0,0.66528,12.849,1,0.444964,0.36288,0,22.8137,5.73988,16.9918,0.84672,12.849,0.84672,3695.15,0,18.483,0,0.426116,1.76131,5.47968,1.3872,6.27991,0.42336,18.483,0.42336,0,0,442.007,0,1.02816,0,0,1.45428,0.426116,1.028160,1,0,23.2717,0,0,0,23.2717,0
58.9026,2.07748,0,0,2.1756,0.14381,0.36288,3.6288,60.2367,0.482094,0,0,0.943937,0.294414,0,0.66528,12.849,1,0.450059,0.36288,0,25.4635,5.57424,19.8021,0.84672,12.849,0.84672,3695.15,0,18.483,0,0.616922,1.76156,4.88292,1.33031,5.9311,0.42336,18.483,0.42336,0,0,442.007,0,1.02816,0,0,1.64508,0.616922,1.028160,1,0,25.7332,0,0,0,25.7332,0
59.3107,2.0728,0,0,2.98699,0.143245,0.36288,3.6288,60.9864,0.482305,0,0,1.52677,0.294728,0,0.66528,12.849,1,0.45216,0.36288,0,48.9196,5.57424,43.2561,0.84672,12.849,0.84672,3695.15,0,18.483,0,1.68714,1.76181,8.66471,1.33031,10.7834,0.42336,18.483,0.42336,0,0,442.007,0,1.02816,0,0,2.7153,1.68714,1.028160,1,0,54.0394,0,0,0,54.0394,0
58.8266,2.02437,0,0,2.03575,0.132558,0.36288,3.6288,61.308,0.41301,0,0,1.1151,0.26984,0.110661,0.66528,12.849,1,0.438558,0.36288,0,47.9571,5.01864,42.8628,0.84672,12.849,0.84672,3695.15,0,18.483,0,0.86756,1.76205,5.32715,1.16968,6.78708,0.42336,18.483,0.42336,0,0,442.007,0,1.02816,0,0,1.89572,0.86756,1.028160,1,0,49.7605,0,0,0,49.7605,0
57.9436,2.01891,0,0,1.67168,0.172861,0.36288,3.6288,61.308,0.482176,0,0,0.809533,0.196347,0.131011,0.66528,12.849,1,0.440974,0.36288,0,27.1258,3.70752,23.3402,0.84672,12.849,0.84672,3695.15,0,18.483,0,0.216518,1.69322,4.69526,0.867338,5.73767,0.42336,18.483,0.42336,0,0,442.007,0,0.959195,0,0,1.17571,0.216518,1.028160,1,0,29.2089,0,0,0,29.2089,0
56.8391,2.00856,0,0,1.4895,0.222632,0.36288,3.6288,60.7938,0.877001,0,0,0.552997,0.190218,0,0.66528,12.849,1,0.445398,0.36288,0,23.8735,3.76593,20.0251,0.84672,12.849,0.84672,3695.15,0,18.483,0,0.292723,1.69346,3.92355,0.941745,4.96799,0.42336,18.483,0.42336,0,0,442.007,0,0.564572,0,0,0.857295,0.292723,1.028160,1,0,24.9931,0,0,0,24.9931,0
56.2257,1.99523,0,0,1.96498,0.220233,0.36288,3.6288,61.308,0.413614,0,0,1.25836,0.1896,0.14092,0.66528,12.849,1,0.451041,0.36288,0,31.9411,3.76593,28.087,0.84672,12.849,0.84672,3695.15,0,18.483,0,1.15777,1.6937,6.97409,0.941745,8.88381,0.42336,18.483,0.42336,0,0,442.007,0,1.02816,0,0,2.18593,1.15777,1.028160,1,0,37.1118,0,0,0,37.1118,0
59.1232,1.8381,0,0,5.31744,0.218901,0.36288,3.6288,61.308,0.268974,0,0,2.92488,0.190218,2.46569,0.66528,12.849,1,0.420053,0.36288,0,95.4005,3.76593,91.5774,0.84672,12.849,0.84672,3695.15,0,18.483,0,2.92115,1.69393,12.1554,0.941745,15.8287,0.42336,18.483,0.42336,0,0,442.007,0,1.02816,0,0,3.94931,2.92115,1.028160,1,0,109.872,0,0,0,109.872,0
60.0787,1.87117,0,0,3.41978,0.230272,0.36288,3.6288,61.308,0.269156,0,0,2.22297,0.203003,1.75081,0.66528,12.849,1,0.406654,0.36288,0,65.2755,3.90926,61.3225,0.84672,12.849,0.84672,3695.15,0,18.483,0,1.61296,1.53858,11.0274,0.997525,13.1814,0.42336,18.483,0.42336,0,0,442.007,0,1.02816,0,0,2.64112,1.61296,1.028160,1,0,76.2547,0,0,0,76.2547,0
60.9061,1.8818,0,0,3.30446,0.232394,0.36288,3.6288,61.308,0.269337,0,0,1.88001,0.203003,1.40767,0.66528,12.849,1,0.40246,0.36288,0,44.2249,3.90926,40.276,0.84672,12.849,0.84672,3695.15,0,18.483,0,1.20911,1.53879,9.27729,0.997525,11.0277,0.42336,18.483,0.42336,0,0,442.007,0,1.02816,0,0,2.23727,1.20911,1.028160,1,0,52.7114,0,0,0,52.7114,0
61.3673,1.89087,0,0,2.949,0.234067,0.36288,3.6288,61.308,0.269518,0,0,1.95814,0.203003,1.48562,0.66528,12.849,1,0.398906,0.36288,0,56.6057,3.90926,52.6604,0.84672,12.849,0.84672,3695.15,0,18.483,0,1.32987,1.53901,9.73141,0.997525,11.6028,0.42336,18.483,0.42336,0,0,442.007,0,1.02816,0,0,2.35803,1.32987,1.028160,1,0,65.7488,0,0,0,65.7488,0
63.965,1.89597,0,0,5.08895,0.23238,0.36288,3.6288,61.308,0.2697,0,0,2.05696,0.235322,1.55194,0.66528,12.849,1,0.396976,0.36288,0,49.5548,4.90151,44.6192,0.84672,12.849,0.84672,3695.15,0,18.483,0,1.66454,1.53922,10.6053,1.30557,12.5035,0.42336,18.483,0.42336,0,0,442.007,0,1.02816,0,0,2.6927,1.66454,1.028160,1,0,58.6746,0,0,0,58.6746,0
67.4465,1.98285,0,0,6.07471,0.247443,0.36288,3.6288,61.308,0.311848,0,0,3.11089,0.246723,2.55232,0.66528,12.849,1,0.398307,0.36288,0,72.8819,4.43778,68.4087,0.84672,12.849,0.84672,3695.15,0,18.483,0,3.17356,1.53944,13.5276,1.27019,16.9705,0.42336,18.483,0.42336,0,0,442.007,0,1.02816,0,0,4.20172,3.17356,1.028160,1,0,87.9315,0,0,0,87.9315,0
69.9408,2.01735,0,0,5.13702,0.262525,0.36288,3.6288,61.308,0.312025,0,0,2.55199,0.251233,1.98873,0.66528,12.849,1,0.384319,0.36288,0,82.4688,3.96596,78.4814,0.84672,12.849,0.84672,3695.15,0,18.483,0,2.78175,1.58889,11.9182,1.20516,15.0837,0.42336,18.483,0.42336,0,0,442.007,0,1.02816,0,0,3.80991,2.78175,1.028160,1,0,95.5538,0,0,0,95.5538,0
72.29,2.04071,0,0,6.11067,0.267683,1.45307,3.6288,61.308,0.312203,0,0,2.4672,0.251233,1.90377,0.66528,12.849,1,0.374903,1.45307,0,116.944,3.96596,114.056,0.84672,12.849,0.84672,3695.15,0,18.483,0,2.68866,1.5891,10.8518,1.20516,13.9244,0.42336,18.483,0.42336,0,0,442.007,0,1.02816,0,0,3.71682,2.68866,1.028160,1,0,129.885,0,0,0,129.885,0
72.29,2.0617,0,0,4.323,0.272541,1.98875,3.6288,61.308,0.312381,0,0,1.98551,0.251233,1.42189,0.66528,12.849,1,0.366452,1.98875,0,72.239,3.96596,69.8954,0.84672,12.849,0.84672,3695.15,0,18.483,0,1.82293,1.58931,10.5401,1.20516,12.7472,0.42336,18.483,0.42336,0,0,442.007,0,1.02816,0,0,2.85109,1.82293,1.028160,1,0,84.0645,0,0,0,84.0645,0
72.29,2.2631,0,0,4.08859,0.289822,1.53567,3.6288,61.308,0.470198,0,0,1.90937,0.219956,1.21922,0.66528,12.849,1,0.402249,1.53567,0,64.5918,3.56663,62.1586,0.84672,12.849,0.84672,3695.15,0,18.483,0,1.68417,1.58952,9.77901,1.04337,12.0093,0.42336,18.483,0.42336,0,0,442.007,0,1.02816,0,0,2.71233,1.68417,1.028160,1,0,75.3871,0,0,0,75.3871,0
72.29,2.2634,0,0,5.29057,0.345353,2.68182,3.6288,61.308,0.470396,0,0,3.3274,0.189286,2.66772,0.66528,12.849,1,0.402302,2.68182,0,127.891,3.04175,127.129,0.84672,12.849,0.84672,3695.15,0,18.483,0,3.6427,1.76555,13.736,0.794619,18.3497,0.42336,18.483,0.42336,0,0,442.007,0,1.02816,0,0,4.67086,3.6427,1.028160,1,0,148.146,0,0,0,148.146,0
72.29,2.2637,0,0,4.68543,0.345353,2.07638,3.6288,61.308,0.470595,0,0,2.48933,0.189286,1.82945,0.66528,12.849,1,0.402355,2.07638,0,79.3022,3.04175,77.9345,0.84672,12.849,0.84672,3695.15,0,18.483,0,2.08112,1.76579,12.443,0.794619,15.4953,0.42336,18.483,0.42336,0,0,442.007,0,1.02816,0,0,3.10928,2.08112,1.028160,1,0,95.2592,0,0,0,95.2592,0
72.29,2.264,0,0,7.5658,0.340158,4.96164,3.6288,61.308,0.470794,0,0,4.30759,0.200351,3.63645,0.66528,12.849,1,0.402408,4.96164,0,126.022,3.30382,127.278,0.84672,12.849,0.84672,3695.15,0,18.483,0,5.11471,1.76602,15.4196,0.87661,21.4238,0.42336,18.483,0.42336,0,0,442.007,0,1.02816,0,0,6.14287,5.11471,1.028160,1,0,152.338,0,0,0,152.338,0
72.29,1.97728,0,0,6.88846,0.328555,4.58262,3.6288,61.308,0.259325,0,0,4.57231,0.219439,4.09354,0.66528,12.849,1,0.351447,4.58262,0,112.754,3.84985,113.135,0.84672,12.849,0.84672,3695.15,0,18.483,0,6.53542,1.76625,16.5827,1.03484,23.8495,0.42336,18.483,0.42336,0,0,442.007,0,1.02816,0,0,7.56358,6.53542,1.028160,1,0,141.078,0,0,0,141.078,0
72.29,1.97755,0,0,3.6905,0.336855,1.3761,3.6288,61.308,0.259496,0,0,2.34301,0.16798,1.91554,0.66528,12.849,1,0.351494,1.3761,0,71.9917,3.19484,69.8214,0.84672,12.849,0.84672,3695.15,0,18.483,0,2.54538,1.52586,8.45208,0.754352,11.769,0.42336,18.483,0.42336,0,0,442.007,0,1.02816,0,0,3.57354,2.54538,1.028160,1,0,83.5059,0,0,0,83.5059,0
72.29,1.97781,0,0,5.16032,0.336855,2.84566,3.6288,61.308,0.259667,0,0,2.49944,0.16798,2.07179,0.66528,12.849,1,0.35154,2.84566,0,113.359,3.19484,112.658,0.84672,12.849,0.84672,3695.15,0,18.483,0,2.74502,1.52606,11.0628,0.754352,14.5796,0.42336,18.483,0.42336,0,0,442.007,0,1.02816,0,0,3.77318,2.74502,1.028160,1,0,129.309,0,0,0,129.309,0
72.29,1.97807,0,0,5.17619,0.333772,2.86435,3.6288,61.308,0.259837,0,0,2.22279,0.184638,1.77831,0.66528,12.849,1,0.351587,2.86435,0,88.9825,3.56507,87.9302,0.84672,12.849,0.84672,3695.15,0,18.483,0,2.83126,1.52626,9.71784,0.85527,13.2201,0.42336,18.483,0.42336,0,0,442.007,0,1.02816,0,0,3.85942,2.83126,1.028160,1,0,102.929,0,0,0,102.929,0
72.29,1.97833,0,0,5.57004,0.326065,3.26565,3.6288,61.308,0.260008,0,0,2.86254,0.226285,2.37625,0.66528,12.849,1,0.351633,3.26565,0,92.5284,4.49064,90.9517,0.84672,12.849,0.84672,3695.15,0,18.483,0,3.26333,1.52646,11.5233,1.10756,15.2055,0.42336,18.483,0.42336,0,0,442.007,0,1.02816,0,0,4.29149,3.26333,1.028160,1,0,108.533,0,0,0,108.533,0
72.29,2.05089,0,0,5.93705,0.295152,3.59101,3.6288,61.308,0.311994,0,0,2.38663,0.184122,1.89051,0.66528,12.849,1,0.36453,3.59101,0,88.8166,4.20144,87.8417,0.84672,12.849,0.84672,3695.15,0,18.483,0,2.66641,1.52666,10.0102,0.96038,13.2429,0.42336,18.483,0.42336,0,0,442.007,0,1.02816,0,0,3.69457,2.66641,1.028160,1,0,102.975,0,0,0,102.975,0
72.29,2.05116,0,0,5.31563,0.282787,2.98169,3.6288,61.308,0.312172,0,0,2.38342,0.167257,1.90399,0.66528,12.849,1,0.364578,2.98169,0,108.899,4.08576,107.431,0.84672,12.849,0.84672,3695.15,0,18.483,0,3.11446,1.58632,12.053,0.901506,15.8522,0.42336,18.483,0.42336,0,0,442.007,0,1.02816,0,0,4.14262,3.11446,1.028160,1,0,125.187,0,0,0,125.187,0
72.29,2.05143,0,0,5.91069,0.282787,3.57648,3.6288,61.308,0.312349,0,0,2.84655,0.167257,2.36695,0.66528,12.849,1,0.364626,3.57648,0,123.228,4.08576,122.354,0.84672,12.849,0.84672,3695.15,0,18.483,0,2.8161,1.58653,12.8822,0.901506,16.3833,0.42336,18.483,0.42336,0,0,442.007,0,1.02816,0,0,3.84426,2.8161,1.028160,1,0,141.104,0,0,0,141.104,0
72.29,2.0517,0,0,4.92451,0.282787,2.59003,3.6288,61.308,0.312527,0,0,2.44526,0.167257,1.96547,0.66528,12.849,1,0.364674,2.59003,0,92.0704,4.08576,90.21,0.84672,12.849,0.84672,3695.15,0,18.483,0,2.8207,1.58674,9.6666,0.901506,13.1725,0.42336,18.483,0.42336,0,0,442.007,0,1.02816,0,0,3.84886,2.8207,1.028160,1,0,105.348,0,0,0,105.348,0
72.29,2.02369,0,0,3.92584,0.248301,1.65385,3.6288,61.308,0.292569,0,0,1.57569,0.200967,1.08216,0.66528,12.849,1,0.359696,1.65385,0,72.2088,4.88105,68.6219,0.84672,12.849,0.84672,3695.15,0,18.483,0,1.97353,1.58695,6.92565,1.03778,9.44835,0.42336,18.483,0.42336,0,0,442.007,0,1.02816,0,0,3.00169,1.97353,1.028160,1,0,79.1524,0,0,0,79.1524,0
72.29,2.02396,0,0,3.81299,0.200149,1.58888,3.6288,61.308,0.292744,0,0,1.33625,0.234764,0.808738,0.66528,12.849,1,0.359744,1.58888,0,68.9567,4.69215,65.4937,0.84672,12.849,0.84672,3695.15,0,18.483,0,2.02591,1.56401,6.54255,1.09304,9.03943,0.42336,18.483,0.42336,0,0,442.007,0,1.02816,0,0,3.05407,2.02591,1.028160,1,0,75.3419,0,0,0,75.3419,0
72.29,2.02423,0,0,3.43771,0.178155,1.23533,3.6288,61.308,0.292919,0,0,1.49839,0.227972,0.977501,0.66528,12.849,1,0.359791,1.23533,0,58.4371,4.33083,54.9818,0.84672,12.849,0.84672,3695.15,0,18.483,0,1.70001,1.56421,6.24334,1.05146,8.4561,0.42336,18.483,0.42336,0,0,442.007,0,1.02816,0,0,2.72817,1.70001,1.028160,1,0,64.4154,0,0,0,64.4154,0
72.29,2.0245,0,0,3.28667,0.178155,1.08402,3.6288,61.308,0.293094,0,0,1.31013,0.227972,0.78906,0.66528,12.849,1,0.359839,1.08402,0,50.7209,4.33083,47.1143,0.84672,12.849,0.84672,3695.15,0,18.483,0,1.45696,1.56442,5.83228,1.05146,7.8022,0.42336,18.483,0.42336,0,0,442.007,0,1.02816,0,0,2.48512,1.45696,1.028160,1,0,55.7056,0,0,0,55.7056,0
72.29,2.12081,0,0,2.96225,0.190568,0.650868,3.6288,61.308,0.364712,0,0,1.26393,0.19736,0.701855,0.66528,12.849,1,0.376959,0.650868,0,48.8759,4.07959,45.0702,0.84672,12.849,0.84672,3695.15,0,18.483,0,1.38092,1.56463,5.63732,0.978984,7.60389,0.42336,18.483,0.42336,0,0,442.007,0,1.02816,0,0,2.40908,1.38092,1.028160,1,0,53.3759,0,0,0,53.3759,0
72.29,2.12109,0,0,3.11501,0.125572,0.868339,3.6288,61.308,0.364897,0,0,1.13686,0.264682,0.507281,0.66528,12.849,1,0.377008,0.868339,0,48.4348,5.15015,43.776,0.84672,12.849,0.84672,3695.15,0,18.483,0,1.33484,1.64583,5.63608,1.26561,7.35114,0.42336,18.483,0.42336,0,0,442.007,0,1.02816,0,0,2.363,1.33484,1.028160,1,0,51.6344,0,0,0,51.6344,0
72.29,2.12138,0,0,2.80076,0.125572,0.553813,3.6288,61.308,0.365081,0,0,1.06362,0.264682,0.433855,0.66528,12.849,1,0.377058,0.553813,0,44.6609,5.15015,39.6875,0.84672,12.849,0.84672,3695.15,0,18.483,0,1.15594,1.64605,5.23035,1.26561,6.76673,0.42336,18.483,0.42336,0,0,442.007,0,1.02816,0,0,2.1841,1.15594,1.028160,1,0,46.888,0,0,0,46.888,0
72.29,2.12166,0,0,2.71907,0.125572,0.47184,3.6288,61.308,0.365266,0,0,0.978376,0.264682,0.348428,0.66528,12.849,1,0.377108,0.47184,0,41.7512,5.15015,36.6958,0.84672,12.849,0.84672,3695.15,0,18.483,0,0.928031,1.64627,4.804,1.26561,6.11269,0.42336,18.483,0.42336,0,0,442.007,0,1.02816,0,0,1.95619,0.928031,1.028160,1,0,43.1569,0,0,0,43.1569,0
72.1057,2.12194,0,0,2.40449,0.103978,0.36288,3.6288,61.308,0.36545,0,0,0.918311,0.278847,0.274013,0.66528,12.849,1,0.377158,0.36288,0,37.1141,5.31079,31.789,0.84672,12.849,0.84672,3695.15,0,18.483,0,0.817577,1.64649,4.6913,1.30666,5.8487,0.42336,18.483,0.42336,0,0,442.007,0,1.02816,0,0,1.84574,0.817577,1.028160,1,0,37.9117,0,0,0,37.9117,0
71.713,2.10159,0,0,2.15516,0.0833879,0.36288,3.6288,61.308,0.404927,0,0,0.679477,0.255349,0.0192008,0.66528,12.849,1,0.374496,0.36288,0,31.1796,5.05759,26.1104,0.84672,12.849,0.84672,3695.15,0,18.483,0,0.69241,1.6467,3.65566,1.2942,4.70058,0.42336,18.483,0.42336,0,0,442.007,0,1.02816,0,0,1.72057,0.69241,1.028160,1,0,30.8302,0,0,0,30.8302,0
71.1558,2.09838,0,0,1.99051,0.0864515,0.36288,3.6288,61.2272,0.405117,0,0,0.562686,0.238395,0,0.66528,12.849,1,0.375973,0.36288,0,30.6633,4.87063,25.7795,0.84672,12.849,0.84672,3695.15,0,18.483,0,0.540095,1.67217,3.53003,1.26733,4.47497,0.42336,18.483,0.42336,0,0,442.007,0,1.02816,0,0,1.56826,0.540095,1.028160,1,0,30.2545,0,0,0,30.2545,0
70.426,2.09368,0,0,1.81287,0.0860843,0.36288,3.6288,61.1377,0.405307,0,0,0.554126,0.238273,0,0.66528,12.849,1,0.378067,0.36288,0,29.9503,4.87063,25.0645,0.84672,12.849,0.84672,3695.15,0,18.483,0,0.563924,1.6724,3.40507,1.26733,4.37406,0.42336,18.483,0.42336,0,0,442.007,0,1.02816,0,0,1.59208,0.563924,1.028160,1,0,29.4385,0,0,0,29.4385,0
69.5241,2.08734,0,0,1.63388,0.0856035,0.36288,3.6288,61.0101,0.405497,0,0,0.516016,0.238138,0,0.66528,12.849,1,0.380829,0.36288,0,27.7596,4.87063,22.871,0.84672,12.849,0.84672,3695.15,0,18.483,0,0.361195,1.67262,3.24206,1.26733,4.00854,0.42336,18.483,0.42336,0,0,442.007,0,1.02816,0,0,1.38936,0.361195,1.028160,1,0,26.8796,0,0,0,26.8796,0
68.5642,2.12784,0,0,1.5931,0.0622528,0.36288,3.6288,60.7733,0.440724,0,0,0.491712,0.287747,0,0.66528,12.849,1,0.393254,0.36288,0,26.3949,5.42824,20.9362,0.84672,12.849,0.84672,3695.15,0,18.483,0,0.324691,1.67284,3.10778,1.46541,3.6399,0.42336,18.483,0.42336,0,0,442.007,0,1.02816,0,0,1.35285,0.324691,1.028160,1,0,24.5761,0,0,0,24.5761,0
67.7743,2.11891,0,0,1.74572,0.0538911,0.36288,3.6288,60.5173,0.440918,0,0,0.481756,0.296845,0,0.66528,12.849,1,0.397085,0.36288,0,26.1987,5.3402,20.8243,0.84672,12.849,0.84672,3695.15,0,18.483,0,0.352443,1.71332,2.98165,1.41964,3.62777,0.42336,18.483,0.42336,0,0,442.007,0,1.02816,0,0,1.3806,0.352443,1.028160,1,0,24.4521,0,0,0,24.4521,0
66.8808,2.11147,0,0,1.63442,0.0535587,0.36288,3.6288,60.2444,0.441113,0,0,0.464565,0.296363,0,0.66528,12.849,1,0.400303,0.36288,0,24.5754,5.3402,19.1978,0.84672,12.849,0.84672,3695.15,0,18.483,0,0.362258,1.71355,3.08402,1.41964,3.74019,0.42336,18.483,0.42336,0,0,442.007,0,1.02816,0,0,1.39042,0.362258,1.028160,1,0,22.938,0,0,0,22.938,0
65.807,2.10287,0,0,1.44513,0.0531827,0.36288,3.6288,59.9354,0.450526,0,0,0.437334,0.295849,0,0.66528,12.849,1,0.403998,0.36288,0,23.2148,5.3402,17.8335,0.84672,12.849,0.84672,3695.15,0,18.483,0,0.227405,1.71378,2.89321,1.41964,3.41475,0.42336,18.483,0.42336,0,0,442.007,0,1.01894,0,0,1.24635,0.227405,1.028160,1,0,21.2482,0,0,0,21.2482,0
64.4746,2.23199,0,0,1.30591,0.0434104,0.36288,3.6288,59.4536,0.61443,0,0,0.433014,0.300402,0,0.66528,12.849,1,0.435802,0.36288,0,22.0062,5.48974,16.4435,0.84672,12.849,0.84672,3695.15,0,18.483,0,0.227405,1.714,2.8868,1.44952,3.37868,0.42336,18.483,0.42336,0,0,442.007,0,0.981763,0,0,1.20917,0.227405,1.028160,1,0,19.8222,0,0,0,19.8222,0
62.7478,2.2175,0,0,0.911969,0.0584377,0.36288,3.6288,58.5972,0.881445,0,0,0.316511,0.291471,0,0.66528,12.849,1,0.441921,0.36288,0,15.9227,5.58147,10.2622,0.84672,12.849,0.84672,3695.15,0,18.483,0,0.227405,1.85064,2.19754,1.54006,2.73553,0.42336,18.483,0.42336,0,0,442.007,0,0.71496,0,0,0.942365,0.227405,1.028160,1,0,12.9978,0,0,0,12.9978,0
60.9241,2.19801,0,0,0.801196,0.063958,0.36288,3.6288,57.6015,0.981163,0,0,0.271932,0.286425,0,0.66528,12.849,1,0.450092,0.36288,0,13.3224,5.53444,7.70079,0.84672,12.849,0.84672,3695.15,0,18.483,0,0.227405,1.85089,2.04885,1.54269,2.58444,0.42336,18.483,0.42336,0,0,442.007,0,0.615453,0,0,0.842858,0.227405,1.028160,1,0,10.2852,0,0,0,10.2852,0
59.2806,2.17661,0,0,0.958954,0.0630039,0.36288,3.6288,56.7232,0.885877,0,0,0.292129,0.284591,0,0.66528,12.849,1,0.45905,0.36288,0,13.788,5.53444,8.15736,0.84672,12.849,0.84672,3695.15,0,18.483,0,0.204422,1.85113,2.24732,1.54269,2.76018,0.42336,18.483,0.42336,0,0,442.007,0,0.710951,0,0,0.915373,0.204422,1.028160,1,0,10.9175,0,0,0,10.9175,0
58.3159,2.15659,0,0,1.63973,0.0849815,0.36288,3.6288,56.0854,0.735225,0,0,0.375211,0.277765,0,0.66528,12.849,1,0.467438,0.36288,0,22.9139,5.38602,17.4233,0.84672,12.849,0.84672,3695.15,0,18.483,0,0.204422,1.85138,2.48762,1.52449,3.01893,0.42336,18.483,0.42336,0,0,442.007,0,0.861814,0,0,1.06624,0.204422,1.028160,1,0,20.4422,0,0,0,20.4422,0
57.6639,2.07917,0,0,1.90019,0.110105,0.36288,3.6288,55.5177,0.750084,0,0,0.435461,0.253051,0,0.66528,12.849,1,0.458113,0.36288,0,30.782,5.35752,25.3292,0.84672,12.849,0.84672,3695.15,0,18.483,0,0.204422,1.85162,2.89779,1.49355,3.46028,0.42336,18.483,0.42336,0,0,442.007,0,0.770316,0,0,0.974739,0.204422,1.028160,1,0,28.7895,0,0,0,28.7895,0
57.2756,2.07126,0,0,2.17922,0.133408,0.36288,3.6288,55.3223,0.492442,0,0,0.537832,0.240783,0,0.66528,12.849,1,0.46153,0.36288,0,26.1922,5.18018,20.9134,0.84672,12.849,0.84672,3695.15,0,18.483,0,0.245834,1.77364,3.92312,1.47852,4.46408,0.42336,18.483,0.42336,0,0,442.007,0,1.02816,0,0,1.27399,0.245834,1.028160,1,0,25.3775,0,0,0,25.3775,0
56.3579,2.0666,0,0,1.64472,0.132901,0.36288,3.6288,54.9907,0.516083,0,0,0.42496,0.240474,0,0.66528,12.849,1,0.463615,0.36288,0,38.7399,5.18018,33.459,0.84672,12.849,0.84672,3695.15,0,18.483,0,0.216518,1.77388,3.0443,1.47852,3.55617,0.42336,18.483,0.42336,0,0,442.007,0,1.00472,0,0,1.22124,0.216518,1.028160,1,0,37.0152,0,0,0,37.0152,0
54.905,2.05504,0,0,1.09676,0.131703,0.36288,3.6288,54.102,0.972114,0,0,0.323383,0.239951,0,0.66528,12.849,1,0.468528,0.36288,0,24.3018,5.18018,19.016,0.84672,12.849,0.84672,3695.15,0,18.483,0,0.216518,1.77411,2.05457,1.47852,2.56669,0.42336,18.483,0.42336,0,0,442.007,0,0.548891,0,0,0.765409,0.216518,1.028160,1,0,21.5827,0,0,0,21.5827,0
53.8601,1.98347,0,0,1.47387,0.172468,0.36288,3.6288,53.5145,0.819049,0,0,0.465915,0.234417,0,0.66528,12.849,1,0.464176,0.36288,0,26.6005,4.75909,21.7401,0.84672,12.849,0.84672,3695.15,0,18.483,0,0.216518,1.77435,2.93088,1.36807,3.55367,0.42336,18.483,0.42336,0,0,442.007,0,0.632166,0,0,0.848685,0.216518,1.028160,1,0,25.2938,0,0,0,25.2938,0
53.0495,1.96985,0,0,1.68721,0.165091,0.36288,3.6288,53.5258,0.423247,0,0,0.641689,0.207142,0,0.66528,12.849,1,0.469932,0.36288,0,33.5984,4.15559,29.3357,0.84672,12.849,0.84672,3695.15,0,18.483,0,0.237951,1.70503,3.87633,1.06445,4.75486,0.42336,18.483,0.42336,0,0,442.007,0,1.02816,0,0,1.26611,0.237951,1.028160,1,0,34.0906,0,0,0,34.0906,0
51.6843,1.9591,0,0,1.12055,0.163731,0.36288,3.6288,53.5149,0.42344,0,0,0.619671,0.207161,0,0.66528,12.849,1,0.474509,0.36288,0,20.6791,4.15559,16.4118,0.84672,12.849,0.84672,3695.15,0,18.483,0,0.276731,1.70525,2.8871,1.06445,3.80464,0.42336,18.483,0.42336,0,0,442.007,0,1.02816,0,0,1.30489,0.276731,1.028160,1,0,20.2165,0,0,0,20.2165,0
50.816,1.94033,0,0,1.64082,0.205928,0.36288,3.6288,53.0378,0.743148,0,0,0.489621,0.223533,0,0.66528,12.849,1,0.482376,0.36288,0,40.3455,4.44553,35.7805,0.84672,12.849,0.84672,3695.15,0,18.483,0,0.292723,1.70548,5.3075,1.13214,6.17356,0.42336,18.483,0.42336,0,0,442.007,0,0.708644,0,0,1.00137,0.292723,1.028160,1,0,41.954,0,0,0,41.954,0
51.9156,1.78294,0,0,3.46708,0.221705,0.36288,3.6288,53.1573,0.277977,0,0,0.626667,0.229214,0,0.66528,12.849,1,0.450822,0.36288,0,79.568,4.56152,74.9186,0.84672,12.849,0.84672,3695.15,0,18.483,0,0.721716,1.7057,4.19681,1.15922,5.46502,0.42336,18.483,0.42336,0,0,442.007,0,1.02816,0,0,1.74988,0.721716,1.028160,1,0,80.3836,0,0,0,80.3836,0
52.5685,1.7977,0,0,3.046,0.232481,0.36288,3.6288,53.4487,0.27815,0,0,0.778985,0.20943,0,0.66528,12.849,1,0.444926,0.36288,0,63.147,4.63783,58.4271,0.84672,12.849,0.84672,3695.15,0,18.483,0,0.425437,1.54926,6.289,1.1479,7.11579,0.42336,18.483,0.42336,0,0,442.007,0,1.02816,0,0,1.4536,0.425437,1.028160,1,0,65.5429,0,0,0,65.5429,0
53.7353,1.80638,0,0,3.57153,0.235434,0.36288,3.6288,53.7545,0.278323,0,0,0.79076,0.206576,0,0.66528,12.849,1,0.441522,0.36288,0,62.751,4.65055,58.0218,0.84672,12.849,0.84672,3695.15,0,18.483,0,1.05988,1.54946,10.7917,1.14601,12.255,0.42336,18.483,0.42336,0,0,442.007,0,1.02816,0,0,2.08804,1.05988,1.028160,1,0,70.2768,0,0,0,70.2768,0
53.8449,1.82139,0,0,2.5321,0.238262,0.36288,3.6288,53.2347,0.611188,0,0,0.298445,0.20708,0,0.66528,12.849,1,0.435524,0.36288,0,52.7782,4.65055,48.055,0.84672,12.849,0.84672,3695.15,0,18.483,0,0.412474,1.54967,5.69369,1.14601,6.50982,0.42336,18.483,0.42336,0,0,442.007,0,0.695468,0,0,1.10794,0.412474,1.028160,1,0,54.5648,0,0,0,54.5648,0
54.0161,1.823,0,0,2.588,0.230951,0.36288,3.6288,52.5481,0.778246,0,0,0.331141,0.239492,0,0.66528,12.849,1,0.435021,0.36288,0,47.1303,4.78001,42.2782,0.84672,12.849,0.84672,3695.15,0,18.483,0,0.412474,1.54987,4.41863,1.2459,5.13508,0.42336,18.483,0.42336,0,0,442.007,0,0.528583,0,0,0.941057,0.412474,1.028160,1,0,47.4133,0,0,0,47.4133,0
54.2957,1.82512,0,0,2.7102,0.242558,0.36288,3.6288,51.9362,0.77812,0,0,0.40427,0.238106,0,0.66528,12.849,1,0.434149,0.36288,0,57.8058,5.00688,52.7277,0.84672,12.849,0.84672,3695.15,0,18.483,0,0.412474,1.55008,5.1312,1.29884,5.79491,0.42336,18.483,0.42336,0,0,442.007,0,0.528709,0,0,0.941183,0.412474,1.028160,1,0,58.5226,0,0,0,58.5226,0
54.1909,1.88611,0,0,2.40646,0.262287,0.36288,3.6288,51.9949,0.576912,0,0,0.854928,0.219279,0,0.66528,12.849,1,0.446345,0.36288,0,45.3933,5.24034,40.0695,0.84672,12.849,0.84672,3695.15,0,18.483,0,0.412474,1.55008,4.8162,1.31615,5.4626,0.42336,18.483,0.42336,0,0,442.007,0,0.772347,0,0,1.18482,0.412474,1.028160,1,0,45.5321,0,0,0,45.5321,0
54.3534,1.88501,0,0,2.67242,0.262009,0.36288,3.6288,52.1868,0.577504,0,0,0.98877,0.219383,0,0.66528,12.849,1,0.446948,0.36288,0,34.9491,5.24034,29.6247,0.84672,12.849,0.84672,3695.15,0,18.483,0,0.503194,1.59986,4.51148,1.31615,5.29838,0.42336,18.483,0.42336,0,0,442.007,0,0.771924,0,0,1.27512,0.503194,1.028160,1,0,34.9231,0,0,0,34.9231,0
60.0294,1.88731,0,0,8.18862,0.26244,0.36288,3.6288,52.9628,0.321436,0,0,1.31721,0.219722,0,0.66528,12.849,1,0.446156,0.36288,0,72.4459,5.24034,67.1223,0.84672,12.849,0.84672,3695.15,0,18.483,0,0.70848,1.60006,12.5453,1.31615,13.5377,0.42336,18.483,0.42336,0,0,442.007,0,1.02816,0,0,1.73664,0.70848,1.028160,1,0,80.6599,0,0,0,80.6599,0
70.8062,1.95515,0,0,13.3762,0.281374,0.36288,3.6288,55.1118,0.321605,0,0,2.68671,0.216115,0,0.66528,12.849,1,0.41849,0.36288,0,197.499,4.95261,192.491,0.84672,12.849,0.84672,3695.15,0,18.483,0,2.84659,1.60026,11.2372,1.23869,14.4454,0.42336,18.483,0.42336,0,0,442.007,0,1.02816,0,0,3.87475,2.84659,1.028160,1,0,206.936,0,0,0,206.936,0
72.29,2.26431,0,0,4.55715,0.350865,0.45814,3.6288,56.051,0.480498,0,0,1.54294,0.123259,0,0.66528,12.849,1,0.410898,0.45814,0,69.2046,3.56385,65.688,0.84672,12.849,0.84672,3695.15,0,18.483,0,1.4925,1.60046,9.42546,0.749361,11.7691,0.42336,18.483,0.42336,0,0,442.007,0,1.02816,0,0,2.52066,1.4925,1.028160,1,0,77.457,0,0,0,77.457,0
72.29,2.27894,0,0,4.44724,0.345362,1.82294,3.6288,56.8781,0.480687,0,0,1.47573,0.167918,0,0.66528,12.849,1,0.405064,1.82294,0,64.0095,3.5949,61.8325,0.84672,12.849,0.84672,3695.15,0,18.483,0,1.36111,1.77769,8.45649,1.0428,10.5525,0.42336,18.483,0.42336,0,0,442.007,0,1.02816,0,0,2.38927,1.36111,1.028160,1,0,72.385,0,0,0,72.385,0
72.29,2.27923,0,0,5.65197,0.37146,3.00128,3.6288,57.8286,0.480876,0,0,1.58808,0.156789,0,0.66528,12.849,1,0.405115,3.00128,0,77.3616,3.77895,76.1788,0.84672,12.849,0.84672,3695.15,0,18.483,0,1.90419,1.77791,9.57113,1.00214,12.2511,0.42336,18.483,0.42336,0,0,442.007,0,1.02816,0,0,2.93235,1.90419,1.028160,1,0,88.4299,0,0,0,88.4299,0
72.29,2.27951,0,0,4.50028,0.37146,1.84931,3.6288,58.4427,0.481065,0,0,1.25292,0.157758,0,0.66528,12.849,1,0.405166,1.84931,0,78.2067,3.77895,75.8719,0.84672,12.849,0.84672,3695.15,0,18.483,0,1.33077,1.77813,8.0555,1.00214,10.1623,0.42336,18.483,0.42336,0,0,442.007,0,1.02816,0,0,2.35893,1.33077,1.028160,1,0,86.0341,0,0,0,86.0341,0
72.29,1.99082,0,0,4.44374,0.322787,2.13014,3.6288,60.2543,0.268138,0,0,2.20315,0.12337,0,0.66528,12.849,1,0.353853,2.13014,0,71.7811,3.25857,70.2988,0.84672,12.849,0.84672,3695.15,0,18.483,0,1.49612,1.77836,8.60786,0.840237,11.0421,0.42336,18.483,0.42336,0,0,442.007,0,1.02816,0,0,2.52428,1.49612,1.028160,1,0,81.3409,0,0,0,81.3409,0
72.29,1.99107,0,0,6.80119,0.322787,4.48734,3.6288,61.308,0.2683,0,0,2.83849,0.124809,1.39168,0.66528,12.849,1,0.353897,4.48734,0,80.3807,3.25857,81.2556,0.84672,12.849,0.84672,3695.15,0,18.483,0,2.30481,1.5363,9.53294,0.840237,12.5338,0.42336,18.483,0.42336,0,0,442.007,0,1.02816,0,0,3.33297,2.30481,1.028160,1,0,95.181,0,0,0,95.181,0
72.29,1.99132,0,0,5.53092,0.322787,3.21682,3.6288,61.308,0.268462,0,0,1.89768,0.125646,1.50357,0.66528,12.849,1,0.353941,3.21682,0,71.8246,3.25857,71.4289,0.84672,12.849,0.84672,3695.15,0,18.483,0,1.09626,1.53649,6.67374,0.840237,8.46626,0.42336,18.483,0.42336,0,0,442.007,0,1.02816,0,0,2.12442,1.09626,1.028160,1,0,81.3987,0,0,0,81.3987,0
72.29,1.99157,0,0,3.8806,0.322787,1.56624,3.6288,61.308,0.268625,0,0,1.43789,0.125646,1.04362,0.66528,12.849,1,0.353986,1.56624,0,69.9364,3.25857,67.8901,0.84672,12.849,0.84672,3695.15,0,18.483,0,0.810285,1.53668,6.02707,0.840237,7.5338,0.42336,18.483,0.42336,0,0,442.007,0,1.02816,0,0,1.83845,0.810285,1.028160,1,0,76.4675,0,0,0,76.4675,0
72.29,1.99181,0,0,3.97126,0.277549,1.70189,3.6288,61.308,0.283095,0,0,1.18787,0.1344,0.770375,0.66528,12.849,1,0.35403,1.70189,0,61.317,3.38383,59.2811,0.84672,12.849,0.84672,3695.15,0,18.483,0,0.558835,1.53688,6.64184,0.930663,7.80688,0.42336,18.483,0.42336,0,0,442.007,0,1.01385,0,0,1.57269,0.558835,1.028160,1,0,67.8583,0,0,0,67.8583,0
72.29,2.06485,0,0,4.4491,0.263446,2.1208,3.6288,61.308,0.321118,0,0,1.10407,0.151494,0.631459,0.66528,12.849,1,0.367011,2.1208,0,68.8572,3.63037,66.9806,0.84672,12.849,0.84672,3695.15,0,18.483,0,0.575821,1.53707,5.19683,1.0204,6.28932,0.42336,18.483,0.42336,0,0,442.007,0,1.02816,0,0,1.60398,0.575821,1.028160,1,0,73.9014,0,0,0,73.9014,0
72.29,2.06511,0,0,4.26828,0.263446,1.93973,3.6288,61.308,0.321287,0,0,1.44647,0.151494,0.973685,0.66528,12.849,1,0.367057,1.93973,0,80.5067,3.63037,78.4489,0.84672,12.849,0.84672,3695.15,0,18.483,0,0.745986,1.59712,7.26408,1.0204,8.58678,0.42336,18.483,0.42336,0,0,442.007,0,1.02816,0,0,1.77415,0.745986,1.028160,1,0,88.0094,0,0,0,88.0094,0
72.29,2.06537,0,0,3.9473,0.263446,1.61848,3.6288,61.308,0.321456,0,0,1.43021,0.151494,0.957255,0.66528,12.849,1,0.367103,1.61848,0,77.7488,3.63037,75.3698,0.84672,12.849,0.84672,3695.15,0,18.483,0,0.64603,1.59732,7.10042,1.0204,8.32337,0.42336,18.483,0.42336,0,0,442.007,0,1.02816,0,0,1.67419,0.64603,1.028160,1,0,84.6504,0,0,0,84.6504,0
72.29,2.06562,0,0,3.55008,0.243461,1.241,3.6288,61.308,0.392386,0,0,1.05293,0.149341,0.511203,0.66528,12.849,1,0.367149,1.241,0,59.5791,3.63014,56.8228,0.84672,12.849,0.84672,3695.15,0,18.483,0,0.528595,1.59752,4.75648,1.02264,5.85996,0.42336,18.483,0.42336,0,0,442.007,0,0.957398,0,0,1.48599,0.528595,1.028160,1,0,63.194,0,0,0,63.194,0
72.29,2.03741,0,0,3.1354,0.242171,0.855814,3.6288,61.308,0.305177,0,0,0.826727,0.168376,0.353174,0.66528,12.849,1,0.362134,0.855814,0,57.2106,3.96354,53.7408,0.84672,12.849,0.84672,3695.15,0,18.483,0,0.528595,1.59772,4.62369,1.06222,5.68778,0.42336,18.483,0.42336,0,0,442.007,0,1.02451,0,0,1.5531,0.528595,1.028160,1,0,59.7817,0,0,0,59.7817,0
72.29,2.03767,0,0,2.85581,0.157903,0.660245,3.6288,61.308,0.43528,0,0,0.691105,0.207614,0.0482109,0.66528,12.849,1,0.36218,0.660245,0,51.9186,4.3095,47.9072,0.84672,12.849,0.84672,3695.15,0,18.483,0,0.528595,1.57461,4.26892,1.08287,5.28925,0.42336,18.483,0.42336,0,0,442.007,0,0.894568,0,0,1.42316,0.528595,1.028160,1,0,53.2447,0,0,0,53.2447,0
72.29,2.03792,0,0,2.78405,0.143858,0.602271,3.6288,61.308,0.301855,0,0,0.754894,0.214154,0.238886,0.66528,12.849,1,0.362225,0.602271,0,50.3096,4.36716,46.1825,0.84672,12.849,0.84672,3695.15,0,18.483,0,0.523498,1.5748,4.83844,1.08632,5.85043,0.42336,18.483,0.42336,0,0,442.007,0,1.02816,0,0,1.55166,0.523498,1.028160,1,0,52.2718,0,0,0,52.2718,0
72.29,2.03818,0,0,2.60306,0.143858,0.421025,3.6288,61.308,0.348669,0,0,0.742435,0.214154,0.179613,0.66528,12.849,1,0.36227,0.421025,0,45.8768,4.36716,41.5684,0.84672,12.849,0.84672,3695.15,0,18.483,0,0.402797,1.575,4.34286,1.08632,5.23434,0.42336,18.483,0.42336,0,0,442.007,0,0.981513,0,0,1.38431,0.402797,1.028160,1,0,46.9824,0,0,0,46.9824,0
71.9812,2.13513,0,0,2.36888,0.179643,0.36288,3.6288,61.0831,0.63848,0,0,0.639436,0.22581,0,0.66528,12.849,1,0.379503,0.36288,0,33.6675,5.10678,28.5441,0.84672,12.849,0.84672,3695.15,0,18.483,0,0.402797,1.5752,3.42268,1.10395,4.29672,0.42336,18.483,0.42336,0,0,442.007,0,0.763793,0,0,1.16659,0.402797,1.028160,1,0,32.8408,0,0,0,32.8408,0
71.3771,2.13263,0,0,2.04453,0.153168,0.36288,3.6288,60.6812,0.67001,0,0,0.478227,0.210154,0,0.66528,12.849,1,0.380685,0.36288,0,27.1773,4.72563,22.4339,0.84672,12.849,0.84672,3695.15,0,18.483,0,0.402797,1.65694,3.03574,1.09891,3.99657,0.42336,18.483,0.42336,0,0,442.007,0,0.732439,0,0,1.13524,0.402797,1.028160,1,0,26.4304,0,0,0,26.4304,0
70.6485,2.12743,0,0,1.89152,0.129789,0.36288,3.6288,60.3861,0.566367,0,0,0.486162,0.214954,0,0.66528,12.849,1,0.382972,0.36288,0,24.6207,4.88817,19.7125,0.84672,12.849,0.84672,3695.15,0,18.483,0,0.30119,1.65715,2.9954,1.06882,3.88492,0.42336,18.483,0.42336,0,0,442.007,0,0.836257,0,0,1.13745,0.30119,1.028160,1,0,23.5974,0,0,0,23.5974,0
69.8681,2.12103,0,0,1.83259,0.129067,0.36288,3.6288,60.073,0.607937,0,0,0.509435,0.214551,0,0.66528,12.849,1,0.385756,0.36288,0,23.3616,4.88817,18.4506,0.84672,12.849,0.84672,3695.15,0,18.483,0,0.30119,1.65736,3.10941,1.06882,3.99913,0.42336,18.483,0.42336,0,0,442.007,0,0.794863,0,0,1.09605,0.30119,1.028160,1,0,22.4497,0,0,0,22.4497,0
68.831,2.11404,0,0,1.55379,0.114013,0.36288,3.6288,59.7255,0.621263,0,0,0.506244,0.232505,0,0.66528,12.849,1,0.38878,0.36288,0,23.7222,5.07639,18.6199,0.84672,12.849,0.84672,3695.15,0,18.483,0,0.30119,1.65756,2.89761,1.14286,3.7135,0.42336,18.483,0.42336,0,0,442.007,0,0.781713,0,0,1.0829,0.30119,1.028160,1,0,22.3334,0,0,0,22.3334,0
67.6444,2.08564,0,0,1.36443,0.102476,0.36288,3.6288,59.3163,0.674464,0,0,0.51099,0.245745,0,0.66528,12.849,1,0.389336,0.36288,0,24.8695,5.21755,19.6255,0.84672,12.849,0.84672,3695.15,0,18.483,0,0.30119,1.65777,3.00482,1.19839,3.76539,0.42336,18.483,0.42336,0,0,442.007,0,0.768243,0,0,1.06943,0.30119,1.028160,1,0,23.3908,0,0,0,23.3908,0
66.3594,2.07452,0,0,1.25388,0.101528,0.36288,3.6288,58.9332,0.63427,0,0,0.496304,0.245103,0,0.66528,12.849,1,0.394053,0.36288,0,24.4768,5.21755,19.228,0.84672,12.849,0.84672,3695.15,0,18.483,0,0.261274,1.6834,3.02999,1.19839,3.77627,0.42336,18.483,0.42336,0,0,442.007,0,0.808618,0,0,1.06989,0.261274,1.028160,1,0,23.0043,0,0,0,23.0043,0
64.9752,2.06213,0,0,1.14133,0.100502,0.36288,3.6288,58.3755,0.777339,0,0,0.464194,0.244502,0,0.66528,12.849,1,0.399286,0.36288,0,23.4976,5.21755,18.2436,0.84672,12.849,0.84672,3695.15,0,18.483,0,0.261274,1.68361,2.8464,1.19839,3.59289,0.42336,18.483,0.42336,0,0,442.007,0,0.665729,0,0,0.927003,0.261274,1.028160,1,0,21.8365,0,0,0,21.8365,0
63.5211,2.0484,0,0,1.04899,0.0917748,0.36288,3.6288,57.7537,0.800986,0,0,0.449335,0.270199,0,0.66528,12.849,1,0.405075,0.36288,0,20.7708,5.51505,15.2136,0.84672,12.849,0.84672,3695.15,0,18.483,0,0.261274,1.68382,2.70235,1.31205,3.33539,0.42336,18.483,0.42336,0,0,442.007,0,0.642263,0,0,0.903537,0.261274,1.028160,1,0,18.549,0,0,0,18.549,0
62.104,2.08097,0,0,1.10048,0.0737883,0.36288,3.6288,57.2053,0.845518,0,0,0.605376,0.308196,0,0.66528,12.849,1,0.420936,0.36288,0,22.7521,5.58968,17.1044,0.84672,12.849,0.84672,3695.15,0,18.483,0,0.261274,1.68403,2.61439,1.4301,3.1296,0.42336,18.483,0.42336,0,0,442.007,0,0.633182,0,0,0.894456,0.261274,1.028160,1,0,20.234,0,0,0,20.234,0
60.6759,2.06566,0,0,1.07345,0.0729383,0.36288,3.6288,56.6901,0.765904,0,0,0.557767,0.307103,0,0.66528,12.849,1,0.427374,0.36288,0,22.723,5.58968,17.0689,0.84672,12.849,0.84672,3695.15,0,18.483,0,0.261274,1.72477,2.80153,1.4301,3.35747,0.42336,18.483,0.42336,0,0,442.007,0,0.712981,0,0,0.974255,0.261274,1.028160,1,0,20.4263,0,0,0,20.4263,0
59.1957,2.04974,0,0,1.0045,0.0720818,0.36288,3.6288,56.1263,0.77403,0,0,0.516291,0.306076,0,0.66528,12.849,1,0.434062,0.36288,0,20.5131,5.58968,14.8522,0.84672,12.849,0.84672,3695.15,0,18.483,0,0.227405,1.72499,2.50034,1.4301,3.02263,0.42336,18.483,0.42336,0,0,442.007,0,0.705041,0,0,0.932446,0.227405,1.028160,1,0,17.8749,0,0,0,17.8749,0
57.6513,2.03269,0,0,0.92219,0.0710988,0.36288,3.6288,55.4812,0.850791,0,0,0.510621,0.304952,0,0.66528,12.849,1,0.441214,0.36288,0,18.7514,5.58968,13.0834,0.84672,12.849,0.84672,3695.15,0,18.483,0,0.227405,1.7252,2.44542,1.4301,2.96793,0.42336,18.483,0.42336,0,0,442.007,0,0.628465,0,0,0.85587,0.227405,1.028160,1,0,16.0513,0,0,0,16.0513,0
55.8098,2.14879,0,0,0.752216,0.0819955,0.36288,3.6288,54.7001,0.990791,0,0,0.517873,0.308129,0,0.66528,12.849,1,0.47891,0.36288,0,14.2004,5.43653,8.6478,0.84672,12.849,0.84672,3695.15,0,18.483,0,0.227405,1.72542,2.90075,1.45958,3.394,0.42336,18.483,0.42336,0,0,442.007,0,0.616023,0,0,0.843428,0.227405,1.028160,1,0,12.0418,0,0,0,12.0418,0
53.7529,2.12438,0,0,0.521504,0.0911841,0.36288,3.6288,53.5935,1.23153,0,0,0.429811,0.304851,0,0.66528,12.849,1,0.489092,0.36288,0,11.698,5.27058,6.30125,0.84672,12.849,0.84672,3695.15,0,18.483,0,0.227405,1.86296,2.31221,1.45045,2.95212,0.42336,18.483,0.42336,0,0,442.007,0,0.375481,0,0,0.602886,0.227405,1.028160,1,0,9.25337,0,0,0,9.25337,0
51.7618,2.09581,0,0,0.556901,0.0893155,0.36288,3.6288,52.568,1.15874,0,0,0.43576,0.302531,0,0.66528,12.849,1,0.500978,0.36288,0,11.6957,5.27058,6.28703,0.84672,12.849,0.84672,3695.15,0,18.483,0,0.204422,1.86319,2.79258,1.45045,3.40974,0.42336,18.483,0.42336,0,0,442.007,0,0.448476,0,0,0.652898,0.204422,1.028160,1,0,9.69677,0,0,0,9.69677,0
49.8727,2.06679,0,0,0.628065,0.0875067,0.36288,3.6288,51.5403,1.17803,0,0,0.450345,0.300061,0,0.66528,12.849,1,0.513047,0.36288,0,11.1874,5.27058,5.76667,0.84672,12.849,0.84672,3695.15,0,18.483,0,0.204422,1.86342,3.10408,1.45045,3.72147,0.42336,18.483,0.42336,0,0,442.007,0,0.429392,0,0,0.633814,0.204422,1.028160,1,0,9.48814,0,0,0,9.48814,0
48.0402,2.03794,0,0,0.659095,0.090746,0.36288,3.6288,50.538,1.18268,0,0,0.465522,0.285084,0,0.66528,12.849,1,0.525048,0.36288,0,13.469,4.98922,8.31759,0.84672,12.849,0.84672,3695.15,0,18.483,0,0.204422,1.86366,2.71958,1.38644,3.40122,0.42336,18.483,0.42336,0,0,442.007,0,0.424936,0,0,0.629358,0.204422,1.028160,1,0,11.7188,0,0,0,11.7188,0
46.4341,1.94735,0,0,0.794906,0.0907496,0.36288,3.6288,50.5034,0.579365,0,0,0.810816,0.266151,0,0.66528,12.849,1,0.520845,0.36288,0,16.1044,4.58818,11.3582,0.84672,12.849,0.84672,3695.15,0,18.483,0,0.204422,1.86389,3.91702,1.30615,4.67918,0.42336,18.483,0.42336,0,0,442.007,0,0.951096,0,0,1.15552,0.204422,1.028160,1,0,16.0374,0,0,0,16.0374,0
44.7409,1.92136,0,0,0.680175,0.0891599,0.36288,3.6288,49.582,1.10314,0,0,0.447834,0.266075,0,0.66528,12.849,1,0.531669,0.36288,0,16.0885,4.58818,11.3316,0.84672,12.849,0.84672,3695.15,0,18.483,0,0.216518,1.78538,2.91523,1.30615,3.61098,0.42336,18.483,0.42336,0,0,442.007,0,0.427514,0,0,0.644033,0.216518,1.028160,1,0,14.9425,0,0,0,14.9425,0
43.0922,1.89274,0,0,0.709639,0.10267,0.36288,3.6288,48.6399,1.12305,0,0,0.431127,0.250117,0,0.66528,12.849,1,0.543571,0.36288,0,15.4642,4.38056,10.903,0.84672,12.849,0.84672,3695.15,0,18.483,0,0.216518,1.7856,2.93366,1.24125,3.69453,0.42336,18.483,0.42336,0,0,442.007,0,0.407798,0,0,0.624317,0.216518,1.028160,1,0,14.5975,0,0,0,14.5975,0
42.7342,1.86361,0,0,2.05866,0.190173,0.36288,3.6288,48.7053,0.785447,0,0,1.01591,0.165087,0,0.66528,12.849,1,0.555681,0.36288,0,46.6098,3.13478,43.2822,0.84672,12.849,0.84672,3695.15,0,18.483,0,0.216518,1.78583,7.70518,0.851866,8.85566,0.42336,18.483,0.42336,0,0,442.007,0,0.745589,0,0,0.962107,0.216518,1.028160,1,0,52.1379,0,0,0,52.1379,0
43.026,1.80932,0,0,2.62002,0.155998,0.36288,3.6288,49.2091,0.432616,0,0,1.12035,0.183919,0,0.66528,12.849,1,0.544011,0.36288,0,70.7123,4.08408,66.4471,0.84672,12.849,0.84672,3695.15,0,18.483,0,0.7701,1.78605,7.61117,0.977909,9.18942,0.42336,18.483,0.42336,0,0,442.007,0,1.02816,0,0,1.79826,0.7701,1.028160,1,0,75.6366,0,0,0,75.6366,0
43.2548,1.81475,0,0,2.56292,0.156525,0.36288,3.6288,49.581,0.432799,0,0,0.989349,0.184687,0,0.66528,12.849,1,0.541944,0.36288,0,69.7766,4.08408,65.5135,0.84672,12.849,0.84672,3695.15,0,18.483,0,0.7492,1.71626,9.63974,0.977909,11.1273,0.42336,18.483,0.42336,0,0,442.007,0,1.02816,0,0,1.77736,0.7492,1.028160,1,0,76.6408,0,0,0,76.6408,0
43.6231,1.81903,0,0,2.70714,0.156938,0.36288,3.6288,50.8413,0.432982,0,0,1.87859,0.185253,0,0.66528,12.849,1,0.54035,0.36288,0,78.3821,4.08408,74.1205,0.84672,12.849,0.84672,3695.15,0,18.483,0,1.42265,1.71647,8.54826,0.977909,10.7095,0.42336,18.483,0.42336,0,0,442.007,0,1.02816,0,0,2.45081,1.42265,1.028160,1,0,84.83,0,0,0,84.83,0
43.5244,1.82573,0,0,2.2595,0.169537,0.36288,3.6288,51.6926,0.433164,0,0,1.47589,0.191463,0,0.66528,12.849,1,0.537762,0.36288,0,69.0281,3.72867,65.1245,0.84672,12.849,0.84672,3695.15,0,18.483,0,1.02536,1.71669,11.1589,0.902313,12.9986,0.42336,18.483,0.42336,0,0,442.007,0,1.02816,0,0,2.05352,1.02536,1.028160,1,0,78.1232,0,0,0,78.1232,0
44.5745,1.68685,0,0,3.32126,0.221493,0.36288,3.6288,54.035,0.286544,0,0,2.80638,0.177416,0,0.66528,12.849,1,0.49798,0.36288,0,114.434,4.07124,110.228,0.84672,12.849,0.84672,3695.15,0,18.483,0,1.60503,1.7169,16.2651,1.06002,18.527,0.42336,18.483,0.42336,0,0,442.007,0,1.02816,0,0,2.63319,1.60503,1.028160,1,0,128.755,0,0,0,128.755,0
45.3442,1.70386,0,0,3.07533,0.238837,0.36288,3.6288,55.9488,0.286708,0,0,2.3726,0.172116,0,0.66528,12.849,1,0.491153,0.36288,0,81.7551,4.39782,77.229,0.84672,12.849,0.84672,3695.15,0,18.483,0,1.34264,1.55942,11.217,1.16343,12.9556,0.42336,18.483,0.42336,0,0,442.007,0,1.02816,0,0,2.3708,1.34264,1.028160,1,0,90.1846,0,0,0,90.1846,0
48.0481,1.7161,0,0,5.00781,0.224966,0.36288,3.6288,58.2141,0.286873,0,0,2.71146,0.159322,0,0.66528,12.849,1,0.486283,0.36288,0,126.186,3.86187,122.201,0.84672,12.849,0.84672,3695.15,0,18.483,0,1.39997,1.55961,16.4629,1.09647,18.326,0.42336,18.483,0.42336,0,0,442.007,0,1.02816,0,0,2.42813,1.39997,1.028160,1,0,140.527,0,0,0,140.527,0
49.2051,1.75671,0,0,3.48691,0.210377,0.36288,3.6288,60.0406,0.287037,0,0,2.29435,0.18076,0,0.66528,12.849,1,0.469778,0.36288,0,135.718,3.33542,132.276,0.84672,12.849,0.84672,3695.15,0,18.483,0,1.31897,1.55981,12.2129,0.75358,14.3381,0.42336,18.483,0.42336,0,0,442.007,0,1.02816,0,0,2.34713,1.31897,1.028160,1,0,146.614,0,0,0,146.614,0
51.8039,1.77339,0,0,4.95788,0.222756,0.36288,3.6288,61.308,0.287202,0,0,2.07554,0.174993,0.345969,0.66528,12.849,1,0.463087,0.36288,0,157.321,3.22848,153.993,0.84672,12.849,0.84672,3695.15,0,18.483,0,1.65457,1.56,13.6581,0.804485,16.0682,0.42336,18.483,0.42336,0,0,442.007,0,1.02816,0,0,2.68273,1.65457,1.028160,1,0,170.407,0,0,0,170.407,0
52.897,1.86557,0,0,3.58107,0.259515,0.36288,3.6288,61.308,0.329899,0,0,1.39089,0.177963,0.883031,0.66528,12.849,1,0.462721,0.36288,0,98.3128,3.35171,94.8613,0.84672,12.849,0.84672,3695.15,0,18.483,0,1.15709,1.5602,6.28087,1.04407,7.95409,0.42336,18.483,0.42336,0,0,442.007,0,1.02816,0,0,2.18525,1.15709,1.028160,1,0,103.698,0,0,0,103.698,0
58.2959,1.88044,0,0,7.90465,0.262459,0.36288,3.6288,61.308,0.330059,0,0,1.79408,0.177963,1.28606,0.66528,12.849,1,0.45677,0.36288,0,106.724,3.35171,103.278,0.84672,12.849,0.84672,3695.15,0,18.483,0,1.89932,1.61029,10.6245,1.04407,13.0901,0.42336,18.483,0.42336,0,0,442.007,0,1.02816,0,0,2.92748,1.89932,1.028160,1,0,117.654,0,0,0,117.654,0
67.3378,1.94776,0,0,11.5821,0.22953,0.36288,3.6288,61.308,0.330219,0,0,2.19859,0.157052,1.71132,0.66528,12.849,1,0.429306,0.36288,0,188.755,3.11393,185.575,0.84672,12.849,0.84672,3695.15,0,18.483,0,2.58816,1.61048,14.404,1.02332,17.5793,0.42336,18.483,0.42336,0,0,442.007,0,1.02816,0,0,3.61632,2.58816,1.028160,1,0,204.866,0,0,0,204.866,0
72.0835,2.04394,0,0,7.39169,0.239212,0.36288,3.6288,61.308,0.330379,0,0,2.26487,0.153567,1.78093,0.66528,12.849,1,0.390012,0.36288,0,211.186,3.0743,208.084,0.84672,12.849,0.84672,3695.15,0,18.483,0,2.04598,1.61067,14.4514,1.01986,17.0881,0.42336,18.483,0.42336,0,0,442.007,0,1.02816,0,0,3.07414,2.04598,1.028160,1,0,226.953,0,0,0,226.953,0
72.29,2.29147,0,0,4.8857,0.281326,2.10639,3.6288,61.308,0.490294,0,0,1.38722,0.177008,0.71992,0.66528,12.849,1,0.408457,2.10639,0,122.533,3.67847,120.553,0.84672,12.849,0.84672,3695.15,0,18.483,0,3.57474,1.61086,8.37743,1.00172,12.5613,0.42336,18.483,0.42336,0,0,442.007,0,1.02816,0,0,4.6029,3.57474,1.028160,1,0,133.834,0,0,0,133.834,0
72.29,2.29372,0,0,3.81326,0.287303,1.23224,3.6288,61.308,0.490473,0,0,1.19938,0.180915,0.527992,0.66528,12.849,1,0.407691,1.23224,0,101.511,3.77916,98.5567,0.84672,12.849,0.84672,3695.15,0,18.483,0,1.52709,1.78923,6.54404,0.998694,8.86166,0.42336,18.483,0.42336,0,0,442.007,0,1.02816,0,0,2.55525,1.52709,1.028160,1,0,107.946,0,0,0,107.946,0
72.29,2.29399,0,0,3.84641,0.287303,1.26511,3.6288,61.308,0.516727,0,0,1.06315,0.180915,0.36551,0.66528,12.849,1,0.40774,1.26511,0,70.4635,3.77916,67.5417,0.84672,12.849,0.84672,3695.15,0,18.483,0,0.608429,1.78944,5.76164,0.998694,7.16082,0.42336,18.483,0.42336,0,0,442.007,0,1.00208,0,0,1.61051,0.608429,1.028160,1,0,75.0681,0,0,0,75.0681,0
72.29,2.29426,0,0,6.48858,0.272326,3.92199,3.6288,61.308,0.490831,0,0,1.48918,0.194399,0.803952,0.66528,12.849,1,0.407788,3.92199,0,136.37,3.69509,136.189,0.84672,12.849,0.84672,3695.15,0,18.483,0,1.37081,1.78965,8.81712,1.00247,10.9751,0.42336,18.483,0.42336,0,0,442.007,0,1.02816,0,0,2.39897,1.37081,1.028160,1,0,147.968,0,0,0,147.968,0
72.29,2.00369,0,0,4.86715,0.328779,2.53468,3.6288,61.308,0.276517,0,0,1.27149,0.191776,0.803196,0.66528,12.849,1,0.35614,2.53468,0,70.9887,3.64826,69.5189,0.84672,12.849,0.84672,3695.15,0,18.483,0,2.77302,1.78986,7.33648,0.852759,11.0466,0.42336,18.483,0.42336,0,0,442.007,0,1.02816,0,0,3.80118,2.77302,1.028160,1,0,81.3687,0,0,0,81.3687,0
72.29,2.00392,0,0,4.78398,0.339096,2.44096,3.6288,61.308,0.276671,0,0,1.54068,0.182661,1.08135,0.66528,12.849,1,0.356182,2.44096,0,76.1599,3.69537,74.5493,0.84672,12.849,0.84672,3695.15,0,18.483,0,3.72302,1.54623,8.74066,0.804509,13.2054,0.42336,18.483,0.42336,0,0,442.007,0,1.02816,0,0,4.75118,3.72302,1.028160,1,0,88.836,0,0,0,88.836,0
72.29,2.00416,0,0,6.57949,0.339096,4.23624,3.6288,61.308,0.276825,0,0,1.69407,0.182661,1.23459,0.66528,12.849,1,0.356224,4.23624,0,115.915,3.69537,116.1,0.84672,12.849,0.84672,3695.15,0,18.483,0,3.76255,1.54641,10.4809,0.804509,14.9854,0.42336,18.483,0.42336,0,0,442.007,0,1.02816,0,0,4.79071,3.76255,1.028160,1,0,132.32,0,0,0,132.32,0
72.29,2.00439,0,0,7.20394,0.337555,4.86199,3.6288,61.308,0.276979,0,0,1.51677,0.19099,1.0488,0.66528,12.849,1,0.356266,4.86199,0,108.786,3.88049,109.411,0.84672,12.849,0.84672,3695.15,0,18.483,0,4.17491,1.54659,11.0683,0.854967,15.9348,0.42336,18.483,0.42336,0,0,442.007,0,1.02816,0,0,5.20307,4.17491,1.028160,1,0,126.395,0,0,0,126.395,0
72.29,2.00463,0,0,6.15702,0.327948,3.82444,3.6288,61.308,0.277133,0,0,2.03087,0.229904,1.52383,0.66528,12.849,1,0.356308,3.82444,0,105.08,4.78373,103.764,0.84672,12.849,0.84672,3695.15,0,18.483,0,4.22738,1.54678,13.1624,1.10746,17.8291,0.42336,18.483,0.42336,0,0,442.007,0,1.02816,0,0,5.25554,4.22738,1.028160,1,0,123.117,0,0,0,123.117,0
72.29,2.07812,0,0,4.47969,0.327471,2.0741,3.6288,61.308,0.32979,0,0,0.822891,0.215155,0.277945,0.66528,12.849,1,0.36937,2.0741,0,94.2598,4.50712,91.4574,0.84672,12.849,0.84672,3695.15,0,18.483,0,2.01798,1.54696,7.09811,1.04045,9.62259,0.42336,18.483,0.42336,0,0,442.007,0,1.02816,0,0,3.04614,2.01798,1.028160,1,0,101.358,0,0,0,101.358,0
72.29,2.07837,0,0,6.19548,0.327471,3.78965,3.6288,61.308,0.329951,0,0,1.65372,0.215155,1.10862,0.66528,12.849,1,0.369414,3.78965,0,132.156,4.50712,131.069,0.84672,12.849,0.84672,3695.15,0,18.483,0,3.62216,1.60738,12.5972,1.04045,16.7863,0.42336,18.483,0.42336,0,0,442.007,0,1.02816,0,0,4.65032,3.62216,1.028160,1,0,148.964,0,0,0,148.964,0
72.29,2.07861,0,0,5.05601,0.287253,2.69014,3.6288,61.308,0.330111,0,0,0.847748,0.223258,0.294379,0.66528,12.849,1,0.369457,2.69014,0,99.6788,4.5946,97.4049,0.84672,12.849,0.84672,3695.15,0,18.483,0,2.2235,1.60757,7.97196,1.00829,10.7947,0.42336,18.483,0.42336,0,0,442.007,0,1.02816,0,0,3.25166,2.2235,1.028160,1,0,108.494,0,0,0,108.494,0
72.29,2.07886,0,0,4.37343,0.25218,2.04239,3.6288,61.308,0.330271,0,0,0.790586,0.206101,0.254214,0.66528,12.849,1,0.369501,2.04239,0,88.4883,3.93232,86.2289,0.84672,12.849,0.84672,3695.15,0,18.483,0,1.70796,1.60776,7.50292,0.934498,9.88414,0.42336,18.483,0.42336,0,0,442.007,0,1.02816,0,0,2.73612,1.70796,1.028160,1,0,96.3672,0,0,0,96.3672,0
72.29,2.05045,0,0,4.68439,0.228665,2.40528,3.6288,61.308,0.31003,0,0,1.06425,0.201846,0.552374,0.66528,12.849,1,0.364451,2.40528,0,86.2324,3.60706,84.6661,0.84672,12.849,0.84672,3695.15,0,18.483,0,1.59252,1.60795,7.68347,1.06578,9.81817,0.42336,18.483,0.42336,0,0,442.007,0,1.02816,0,0,2.62068,1.59252,1.028160,1,0,95.0367,0,0,0,95.0367,0
72.29,2.05069,0,0,3.90856,0.228665,1.62921,3.6288,61.308,0.310187,0,0,0.964595,0.201846,0.452562,0.66528,12.849,1,0.364494,1.62921,0,69.7343,3.60706,67.392,0.84672,12.849,0.84672,3695.15,0,18.483,0,1.22894,1.58468,6.10648,1.06578,7.85433,0.42336,18.483,0.42336,0,0,442.007,0,1.02816,0,0,2.2571,1.22894,1.028160,1,0,75.6989,0,0,0,75.6989,0
72.29,2.05093,0,0,3.4655,0.228665,1.1859,3.6288,61.308,0.310345,0,0,0.876157,0.201846,0.363966,0.66528,12.849,1,0.364537,1.1859,0,60.4221,3.60706,57.6364,0.84672,12.849,0.84672,3695.15,0,18.483,0,0.942693,1.58487,5.28064,1.06578,6.74242,0.42336,18.483,0.42336,0,0,442.007,0,1.02816,0,0,1.97085,0.942693,1.028160,1,0,64.7428,0,0,0,64.7428,0
72.29,2.05117,0,0,3.14008,0.224344,0.864562,3.6288,61.308,0.310503,0,0,0.785557,0.196157,0.278897,0.66528,12.849,1,0.36458,0.864562,0,53.2356,3.4891,50.2465,0.84672,12.849,0.84672,3695.15,0,18.483,0,0.763698,1.58506,4.82998,1.03586,6.14287,0.42336,18.483,0.42336,0,0,442.007,0,1.02816,0,0,1.79186,0.763698,1.028160,1,0,56.6683,0,0,0,56.6683,0
72.29,2.14873,0,0,3.19615,0.210759,0.836666,3.6288,61.308,0.383045,0,0,0.943177,0.204593,0.35554,0.66528,12.849,1,0.38192,0.836666,0,54.6747,3.84672,51.2827,0.84672,12.849,0.84672,3695.15,0,18.483,0,0.769729,1.58524,4.92268,0.982788,6.29487,0.42336,18.483,0.42336,0,0,442.007,0,1.02816,0,0,1.79789,0.769729,1.028160,1,0,57.9331,0,0,0,57.9331,0
72.29,2.14898,0,0,2.96852,0.191461,0.628082,3.6288,61.308,0.383211,0,0,0.773954,0.206027,0.184716,0.66528,12.849,1,0.381965,0.628082,0,49.6912,3.81729,46.1201,0.84672,12.849,0.84672,3695.15,0,18.483,0,0.759655,1.66749,4.73799,1.03082,6.13432,0.42336,18.483,0.42336,0,0,442.007,0,1.02816,0,0,1.78781,0.759655,1.028160,1,0,52.4391,0,0,0,52.4391,0
72.29,2.14923,0,0,2.71171,0.160783,0.401691,3.6288,61.308,0.383378,0,0,0.767405,0.209676,0.174351,0.66528,12.849,1,0.38201,0.401691,0,44.4124,3.93099,40.5011,0.84672,12.849,0.84672,3695.15,0,18.483,0,0.759214,1.66769,4.52578,0.995297,5.95739,0.42336,18.483,0.42336,0,0,442.007,0,1.02816,0,0,1.78737,0.759214,1.028160,1,0,46.6328,0,0,0,46.6328,0
72.2748,2.14949,0,0,2.65792,0.160783,0.36288,3.6288,61.308,0.383544,0,0,0.829993,0.209676,0.236773,0.66528,12.849,1,0.382055,0.36288,0,42.5454,3.93099,38.5953,0.84672,12.849,0.84672,3695.15,0,18.483,0,0.725475,1.66789,4.87667,0.995297,6.27473,0.42336,18.483,0.42336,0,0,442.007,0,1.02816,0,0,1.75363,0.725475,1.028160,1,0,45.1068,0,0,0,45.1068,0
72.0127,2.1496,0,0,2.38437,0.133976,0.36288,3.6288,61.308,0.38371,0,0,0.769064,0.200758,0.184595,0.66528,12.849,1,0.382156,0.36288,0,42.1209,4.10257,37.9991,0.84672,12.849,0.84672,3695.15,0,18.483,0,0.684996,1.66808,4.23244,0.998686,5.58684,0.42336,18.483,0.42336,0,0,442.007,0,1.02816,0,0,1.71316,0.684996,1.028160,1,0,43.7705,0,0,0,43.7705,0
71.4455,2.12826,0,0,2.02206,0.0980625,0.36288,3.6288,61.308,0.423684,0,0,0.779129,0.188868,0.166577,0.66528,12.849,1,0.379739,0.36288,0,43.2198,4.33136,38.8716,0.84672,12.849,0.84672,3695.15,0,18.483,0,0.747567,1.66828,4.07935,1.0032,5.49199,0.42336,18.483,0.42336,0,0,442.007,0,1.02816,0,0,1.77573,0.747567,1.028160,1,0,44.5301,0,0,0,44.5301,0
70.6969,2.1234,0,0,1.83531,0.0976396,0.36288,3.6288,61.308,0.423855,0,0,0.730927,0.188868,0.118204,0.66528,12.849,1,0.381879,0.36288,0,38.5125,4.33136,34.1622,0.84672,12.849,0.84672,3695.15,0,18.483,0,0.547301,1.69406,3.94622,1.0032,5.18438,0.42336,18.483,0.42336,0,0,442.007,0,1.02816,0,0,1.57546,0.547301,1.028160,1,0,39.4648,0,0,0,39.4648,0
69.8943,2.11682,0,0,1.74124,0.0641616,0.36288,3.6288,61.3039,0.424026,0,0,0.685627,0.265652,0,0.66528,12.849,1,0.384727,0.36288,0,34.6418,5.31941,29.3006,0.84672,12.849,0.84672,3695.15,0,18.483,0,0.55347,1.69426,3.73989,1.36386,4.62376,0.42336,18.483,0.42336,0,0,442.007,0,1.02816,0,0,1.58163,0.55347,1.028160,1,0,33.9243,0,0,0,33.9243,0
68.9023,2.10963,0,0,1.54425,0.0637661,0.36288,3.6288,61.2585,0.424197,0,0,0.644371,0.265645,0,0.66528,12.849,1,0.387823,0.36288,0,32.4955,5.31941,27.1511,0.84672,12.849,0.84672,3695.15,0,18.483,0,0.532475,1.69446,3.59812,1.36386,4.46119,0.42336,18.483,0.42336,0,0,442.007,0,1.02816,0,0,1.56063,0.532475,1.028160,1,0,31.6123,0,0,0,31.6123,0
67.8491,2.14954,0,0,1.52653,0.0673337,0.36288,3.6288,61.1349,0.459862,0,0,0.649477,0.313163,0,0.66528,12.849,1,0.400849,0.36288,0,33.6069,6.1194,27.4496,0.84672,12.849,0.84672,3695.15,0,18.483,0,0.411083,1.69466,2.99265,1.53563,3.56277,0.42336,18.483,0.42336,0,0,442.007,0,1.02816,0,0,1.43924,0.411083,1.028160,1,0,31.0123,0,0,0,31.0123,0
66.7014,2.13941,0,0,1.42138,0.0667814,0.36288,3.6288,60.9254,0.460037,0,0,0.563466,0.312918,0,0.66528,12.849,1,0.405153,0.36288,0,28.4557,6.1194,22.294,0.84672,12.849,0.84672,3695.15,0,18.483,0,0.52761,1.73565,3.02025,1.53563,3.74788,0.42336,18.483,0.42336,0,0,442.007,0,1.02816,0,0,1.55577,0.52761,1.028160,1,0,26.0419,0,0,0,26.0419,0
65.4584,2.1281,0,0,1.31416,0.0661795,0.36288,3.6288,60.6753,0.460213,0,0,0.522533,0.312503,0,0.66528,12.849,1,0.409945,0.36288,0,27.2866,6.1194,21.1201,0.84672,12.849,0.84672,3695.15,0,18.483,0,0.338273,1.73585,2.62609,1.53563,3.16459,0.42336,18.483,0.42336,0,0,442.007,0,1.02816,0,0,1.36643,0.338273,1.028160,1,0,24.2847,0,0,0,24.2847,0
64.2625,2.11551,0,0,1.34336,0.0608809,0.36288,3.6288,60.4806,0.460389,0,0,0.580293,0.314588,0,0.66528,12.849,1,0.415258,0.36288,0,25.9523,6.19417,19.7058,0.84672,12.849,0.84672,3695.15,0,18.483,0,0.522668,1.73605,3.24826,1.55057,3.95641,0.42336,18.483,0.42336,0,0,442.007,0,1.02816,0,0,1.55083,0.522668,1.028160,1,0,23.6622,0,0,0,23.6622,0
63.1646,2.24354,0,0,1.56889,0.0603822,0.36288,3.6288,60.1119,0.588737,0,0,0.545696,0.325663,0,0.66528,12.849,1,0.448587,0.36288,0,25.6737,6.45797,19.13,0.84672,12.849,0.84672,3695.15,0,18.483,0,0.338714,1.73626,3.56289,1.51344,4.12442,0.42336,18.483,0.42336,0,0,442.007,0,1.02816,0,0,1.36687,0.338714,1.028160,1,0,23.2544,0,0,0,23.2544,0
62.2737,2.2311,0,0,1.75994,0.0568657,0.36288,3.6288,59.712,0.588927,0,0,0.544221,0.355154,0,0.66528,12.849,1,0.453852,0.36288,0,27.7477,6.72598,20.9307,0.84672,12.849,0.84672,3695.15,0,18.483,0,0.317088,1.87465,3.05109,1.48455,3.75827,0.42336,18.483,0.42336,0,0,442.007,0,1.02816,0,0,1.34525,0.317088,1.028160,1,0,24.689,0,0,0,24.689,0
61.0828,2.22083,0,0,1.4493,0.0564527,0.36288,3.6288,59.1984,0.633027,0,0,0.473674,0.35425,0,0.66528,12.849,1,0.458226,0.36288,0,34.4472,6.72598,27.6258,0.84672,12.849,0.84672,3695.15,0,18.483,0,0.204422,1.87487,2.72203,1.48455,3.31677,0.42336,18.483,0.42336,0,0,442.007,0,0.984252,0,0,1.18867,0.204422,1.028160,1,0,30.9426,0,0,0,30.9426,0
60.0606,2.20669,0,0,1.60328,0.0559007,0.36288,3.6288,58.9067,0.589309,0,0,0.650674,0.353088,0,0.66528,12.849,1,0.464185,0.36288,0,29.5337,6.72598,22.7064,0.84672,12.849,0.84672,3695.15,0,18.483,0,0.527904,1.87509,3.25288,1.48455,4.17132,0.42336,18.483,0.42336,0,0,442.007,0,1.02816,0,0,1.55606,0.527904,1.028160,1,0,26.8777,0,0,0,26.8777,0
58.9128,2.19429,0,0,1.45387,0.0445143,0.36288,3.6288,58.4884,0.5895,0,0,0.534331,0.363125,0,0.66528,12.849,1,0.469432,0.36288,0,28.9405,6.64937,22.1845,0.84672,12.849,0.84672,3695.15,0,18.483,0,0.351104,1.87531,3.45135,1.47303,4.20473,0.42336,18.483,0.42336,0,0,442.007,0,1.02816,0,0,1.37926,0.351104,1.028160,1,0,26.3893,0,0,0,26.3893,0
57.7114,2.11347,0,0,1.30994,0.0349648,0.36288,3.6288,58.2135,0.511848,0,0,0.612185,0.375265,0,0.66528,12.849,1,0.460952,0.36288,0,22.9308,6.34739,16.4854,0.84672,12.849,0.84672,3695.15,0,18.483,0,0.214212,1.87553,3.09704,1.4063,3.78048,0.42336,18.483,0.42336,0,0,442.007,0,1.02816,0,0,1.24237,0.214212,1.028160,1,0,20.2658,0,0,0,20.2658,0
56.7618,2.09855,0,0,1.59056,0.0787403,0.36288,3.6288,57.9813,0.51203,0,0,0.620636,0.340772,0,0.66528,12.849,1,0.467226,0.36288,0,20.8172,6.07131,14.6416,0.84672,12.849,0.84672,3695.15,0,18.483,0,0.234913,1.79652,2.29132,1.31148,3.01127,0.42336,18.483,0.42336,0,0,442.007,0,1.02816,0,0,1.26307,0.234913,1.028160,1,0,17.6528,0,0,0,17.6528,0
56.6794,2.08652,0,0,2.445,0.0780093,0.36288,3.6288,58.1771,0.512212,0,0,1.04828,0.340262,0,0.66528,12.849,1,0.472319,0.36288,0,38.6273,6.07131,32.4465,0.84672,12.849,0.84672,3695.15,0,18.483,0,1.17349,1.79673,4.42968,1.31148,6.08842,0.42336,18.483,0.42336,0,0,442.007,0,1.02816,0,0,2.20165,1.17349,1.028160,1,0,38.535,0,0,0,38.535,0
56.1889,2.08568,0,0,2.03602,0.0779458,0.36288,3.6288,58.1569,0.512393,0,0,0.832905,0.340692,0,0.66528,12.849,1,0.472817,0.36288,0,57.3181,6.07131,51.1369,0.84672,12.849,0.84672,3695.15,0,18.483,0,0.710692,1.79694,3.11869,1.31148,4.31484,0.42336,18.483,0.42336,0,0,442.007,0,1.02816,0,0,1.73885,0.710692,1.028160,1,0,55.4517,0,0,0,55.4517,0
55.2167,2.02575,0,0,1.58784,0.171426,0.36288,3.6288,57.4592,0.921779,0,0,0.467567,0.243482,0,0.66528,12.849,1,0.463238,0.36288,0,26.5481,4.42351,22.0243,0.84672,12.849,0.84672,3695.15,0,18.483,0,0.216518,1.79715,3.25824,1.12325,4.14866,0.42336,18.483,0.42336,0,0,442.007,0,0.548067,0,0,0.764586,0.216518,1.028160,1,0,26.1729,0,0,0,26.1729,0
53.7922,2.0133,0,0,1.13819,0.186543,0.36288,3.6288,56.3106,1.21926,0,0,0.300999,0.230395,0,0.66528,12.849,1,0.468497,0.36288,0,18.0973,4.18677,13.8049,0.84672,12.849,0.84672,3695.15,0,18.483,0,0.216518,1.72692,2.81392,1.114,3.64335,0.42336,18.483,0.42336,0,0,442.007,0,0.250758,0,0,0.467276,0.216518,1.028160,1,0,17.4482,0,0,0,17.4482,0
52.9643,1.99442,0,0,1.71327,0.183879,0.36288,3.6288,56.3688,0.442033,0,0,0.728902,0.22868,0,0.66528,12.849,1,0.476394,0.36288,0,28.2203,4.18677,23.92,0.84672,12.849,0.84672,3695.15,0,18.483,0,0.322393,1.72712,5.70581,1.114,6.64132,0.42336,18.483,0.42336,0,0,442.007,0,1.02816,0,0,1.35055,0.322393,1.028160,1,0,30.5614,0,0,0,30.5614,0
54.5835,1.98324,0,0,4.14774,0.182332,0.36288,3.6288,57.3308,0.442206,0,0,1.63298,0.228767,0,0.66528,12.849,1,0.481129,0.36288,0,73.9556,4.18677,69.6505,0.84672,12.849,0.84672,3695.15,0,18.483,0,1.09695,1.72732,8.63179,1.114,10.3421,0.42336,18.483,0.42336,0,0,442.007,0,1.02816,0,0,2.12511,1.09695,1.028160,1,0,79.9926,0,0,0,79.9926,0
55.037,1.85455,0,0,2.90132,0.230485,0.36288,3.6288,57.9352,0.294669,0,0,1.08977,0.190663,0,0.66528,12.849,1,0.436561,0.36288,0,60.4091,4.09699,56.2384,0.84672,12.849,0.84672,3695.15,0,18.483,0,0.388759,1.72753,6.27943,0.987337,7.40838,0.42336,18.483,0.42336,0,0,442.007,0,1.02816,0,0,1.41692,0.388759,1.028160,1,0,63.6468,0,0,0,63.6468,0
54.3263,1.86035,0,0,1.72656,0.213967,0.36288,3.6288,58.1796,0.465127,0,0,0.911434,0.201877,0,0.66528,12.849,1,0.43432,0.36288,0,49.1036,4.601,44.4312,0.84672,12.849,0.84672,3695.15,0,18.483,0,0.292723,1.56905,5.78178,1.05418,6.58938,0.42336,18.483,0.42336,0,0,442.007,0,0.857857,0,0,1.15058,0.292723,1.028160,1,0,51.0206,0,0,0,51.0206,0
53.3846,1.85179,0,0,1.48855,0.215581,0.36288,3.6288,57.9963,0.683547,0,0,0.705033,0.20487,0,0.66528,12.849,1,0.437975,0.36288,0,33.5543,4.48317,28.996,0.84672,12.849,0.84672,3695.15,0,18.483,0,0.412474,1.56924,4.66253,1.05473,5.58952,0.42336,18.483,0.42336,0,0,442.007,0,0.639593,0,0,1.05207,0.412474,1.028160,1,0,34.5856,0,0,0,34.5856,0
54.4193,1.84013,0,0,3.47311,0.235451,0.36288,3.6288,58.6062,0.295137,0,0,1.11091,0.205838,0,0.66528,12.849,1,0.442896,0.36288,0,47.8387,3.61122,44.1475,0.84672,12.849,0.84672,3695.15,0,18.483,0,1.06721,1.56942,7.82352,1.01332,9.44684,0.42336,18.483,0.42336,0,0,442.007,0,1.02816,0,0,2.09537,1.06721,1.028160,1,0,53.5943,0,0,0,53.5943,0
56.5167,1.85338,0,0,4.5596,0.245917,0.36288,3.6288,59.6843,0.295292,0,0,1.54771,0.17427,0,0.66528,12.849,1,0.437604,0.36288,0,74.4102,3.28132,71.0541,0.84672,12.849,0.84672,3695.15,0,18.483,0,1.66175,1.56961,11.4147,0.926437,13.7197,0.42336,18.483,0.42336,0,0,442.007,0,1.02816,0,0,2.68991,1.66175,1.028160,1,0,84.7738,0,0,0,84.7738,0
61.9572,1.93794,0,0,7.99088,0.249531,0.36288,3.6288,61.308,0.338242,0,0,4.14272,0.204481,1.97634,0.66528,12.849,1,0.440588,0.36288,0,157.553,3.77695,153.698,0.84672,12.849,0.84672,3695.15,0,18.483,0,4.60936,1.56979,15.3706,1.07618,20.4735,0.42336,18.483,0.42336,0,0,442.007,0,1.02816,0,0,5.63752,4.60936,1.028160,1,0,176.148,0,0,0,176.148,0
66.521,2.00082,0,0,7.18989,0.262454,0.36288,3.6288,61.308,0.338393,0,0,5.06007,0.206602,4.51507,0.66528,12.849,1,0.414939,0.36288,0,169.423,3.77695,165.594,0.84672,12.849,0.84672,3695.15,0,18.483,0,5.38146,1.62019,20.0463,1.07618,25.9717,0.42336,18.483,0.42336,0,0,442.007,0,1.02816,0,0,6.40962,5.38146,1.028160,1,0,196.08,0,0,0,196.08,0
69.9913,2.04823,0,0,6.15377,0.272316,0.36288,3.6288,61.308,0.338544,0,0,3.98709,0.206602,3.44195,0.66528,12.849,1,0.395631,0.36288,0,173.766,3.77695,169.956,0.84672,12.849,0.84672,3695.15,0,18.483,0,4.5864,1.62037,16.4593,1.07618,21.5899,0.42336,18.483,0.42336,0,0,442.007,0,1.02816,0,0,5.61456,4.5864,1.028160,1,0,194.988,0,0,0,194.988,0
72.29,2.08151,0,0,10.7245,0.278243,6.06604,3.6288,61.308,0.338695,0,0,5.22482,0.212141,4.67398,0.66528,12.849,1,0.382123,6.06604,0,232.108,3.90043,233.891,0.84672,12.849,0.84672,3695.15,0,18.483,0,6.08253,1.62055,23.8341,1.08599,30.4512,0.42336,18.483,0.42336,0,0,442.007,0,1.02816,0,0,7.11069,6.08253,1.028160,1,0,269.016,0,0,0,269.016,0
72.29,2.30747,0,0,8.28844,0.285117,5.69585,3.6288,61.308,0.499577,0,0,4.10934,0.184757,3.42501,0.66528,12.849,1,0.410136,5.69585,0,269.093,3.56109,270.817,0.84672,12.849,0.84672,3695.15,0,18.483,0,3.85022,1.62073,17.0557,0.933858,21.5928,0.42336,18.483,0.42336,0,0,442.007,0,1.02816,0,0,4.87838,3.85022,1.028160,1,0,295.835,0,0,0,295.835,0
72.29,2.30773,0,0,8.93514,0.289729,6.33769,3.6288,61.308,0.499747,0,0,4.98824,0.160508,4.32799,0.66528,12.849,1,0.410181,6.33769,0,233.672,3.129,236.471,0.84672,12.849,0.84672,3695.15,0,18.483,0,3.96536,1.80017,20.5781,0.849475,25.4942,0.42336,18.483,0.42336,0,0,442.007,0,1.02816,0,0,4.99352,3.96536,1.028160,1,0,266.293,0,0,0,266.293,0
72.29,2.30798,0,0,6.92919,0.290127,4.33108,3.6288,61.308,0.499916,0,0,4.38597,0.173183,3.71287,0.66528,12.849,1,0.410227,4.33108,0,172.189,3.48949,172.621,0.84672,12.849,0.84672,3695.15,0,18.483,0,3.8708,1.80037,16.3127,0.952182,21.0317,0.42336,18.483,0.42336,0,0,442.007,0,1.02816,0,0,4.89896,3.8708,1.028160,1,0,197.365,0,0,0,197.365,0
72.29,2.30824,0,0,8.36404,0.328876,5.72692,3.6288,61.308,0.500085,0,0,3.6608,0.171772,2.98895,0.66528,12.849,1,0.410272,5.72692,0,201.707,3.8179,203.206,0.84672,12.849,0.84672,3695.15,0,18.483,0,2.93327,1.80057,16.1496,0.994482,19.889,0.42336,18.483,0.42336,0,0,442.007,0,1.02816,0,0,3.96143,2.93327,1.028160,1,0,226.084,0,0,0,226.084,0
72.29,2.01588,0,0,7.65406,0.309726,5.32845,3.6288,61.308,0.284456,0,0,4.49871,0.149369,4.06489,0.66528,12.849,1,0.358307,5.32845,0,170.607,3.25976,172.318,0.84672,12.849,0.84672,3695.15,0,18.483,0,4.04431,1.80077,16.482,0.850306,21.4768,0.42336,18.483,0.42336,0,0,442.007,0,1.02816,0,0,5.07247,4.04431,1.028160,1,0,197.859,0,0,0,197.859,0
72.29,2.0161,0,0,5.14744,0.302066,2.82927,3.6288,61.308,0.284601,0,0,4.01741,0.140407,3.5924,0.66528,12.849,1,0.358347,2.82927,0,146.395,3.0365,145.83,0.84672,12.849,0.84672,3695.15,0,18.483,0,4.78363,1.55564,15.6473,0.792635,21.1939,0.42336,18.483,0.42336,0,0,442.007,0,1.02816,0,0,5.81179,4.78363,1.028160,1,0,170.616,0,0,0,170.616,0
72.29,2.01632,0,0,7.5149,0.302066,5.19651,3.6288,61.308,0.284746,0,0,4.92879,0.140407,4.50364,0.66528,12.849,1,0.358386,5.19651,0,210.927,3.0365,212.729,0.84672,12.849,0.84672,3695.15,0,18.483,0,5.28414,1.55581,20.1264,0.792635,26.1737,0.42336,18.483,0.42336,0,0,442.007,0,1.02816,0,0,6.3123,5.28414,1.028160,1,0,243.406,0,0,0,243.406,0
72.29,2.01655,0,0,7.33482,0.301322,5.01695,3.6288,61.308,0.284891,0,0,4.7232,0.136441,4.30187,0.66528,12.849,1,0.358426,5.01695,0,212.062,3.11265,213.608,0.84672,12.849,0.84672,3695.15,0,18.483,0,5.16387,1.55598,22.3362,0.830231,28.2258,0.42336,18.483,0.42336,0,0,442.007,0,1.02816,0,0,6.19203,5.16387,1.028160,1,0,246.135,0,0,0,246.135,0
72.29,2.01677,0,0,9.82896,0.310226,7.50196,3.6288,61.308,0.285036,0,0,6.51692,0.162205,6.06968,0.66528,12.849,1,0.358466,7.50196,0,306.188,3.87657,309.455,0.84672,12.849,0.84672,3695.15,0,18.483,0,6.13786,1.55615,26.2435,0.952171,32.9853,0.42336,18.483,0.42336,0,0,442.007,0,1.02816,0,0,7.16602,6.13786,1.028160,1,0,348.51,0,0,0,348.51,0
72.29,2.09069,0,0,7.05229,0.347717,4.61388,3.6288,61.308,0.338003,0,0,5.15826,0.177674,4.64258,0.66528,12.849,1,0.371604,4.61388,0,171.473,4.27823,171.437,0.84672,12.849,0.84672,3695.15,0,18.483,0,3.52989,1.55633,28.7696,0.912102,32.9437,0.42336,18.483,0.42336,0,0,442.007,0,1.02816,0,0,4.55805,3.52989,1.028160,1,0,209.023,0,0,0,209.023,0
72.29,2.09092,0,0,5.07762,0.344826,2.64187,3.6288,61.308,0.338154,0,0,3.81758,0.169774,3.30966,0.66528,12.849,1,0.371645,2.64187,0,180.073,4.06239,178.281,0.84672,12.849,0.84672,3695.15,0,18.483,0,3.98212,1.61711,18.6214,0.881909,23.3387,0.42336,18.483,0.42336,0,0,442.007,0,1.02816,0,0,5.01028,3.98212,1.028160,1,0,204.929,0,0,0,204.929,0
72.29,2.09115,0,0,4.35334,0.300051,1.96214,3.6288,61.308,0.338305,0,0,2.91028,0.151975,2.42,0.66528,12.849,1,0.371686,1.96214,0,130.688,3.14961,129.129,0.84672,12.849,0.84672,3695.15,0,18.483,0,2.8051,1.61728,15.2781,0.807676,18.8928,0.42336,18.483,0.42336,0,0,442.007,0,1.02816,0,0,3.83326,2.8051,1.028160,1,0,150.441,0,0,0,150.441,0
72.29,2.09138,0,0,3.70903,0.263481,1.35417,3.6288,61.308,0.338457,0,0,2.65449,0.191444,2.12459,0.66528,12.849,1,0.371728,1.35417,0,116.241,3.65925,113.564,0.84672,12.849,0.84672,3695.15,0,18.483,0,3.8618,1.61746,11.4684,0.950249,15.9974,0.42336,18.483,0.42336,0,0,442.007,0,1.02816,0,0,4.88996,3.8618,1.028160,1,0,131.686,0,0,0,131.686,0
72.29,2.06279,0,0,3.9752,0.255071,1.65735,3.6288,61.308,0.318083,0,0,2.02189,0.20567,1.49814,0.66528,12.849,1,0.366645,1.65735,0,104.282,4.21218,101.361,0.84672,12.849,0.84672,3695.15,0,18.483,0,3.08964,1.61764,12.1842,0.994754,15.8967,0.42336,18.483,0.42336,0,0,442.007,0,1.02816,0,0,4.1178,3.08964,1.028160,1,0,118.756,0,0,0,118.756,0
72.29,2.06302,0,0,3.62227,0.255071,1.30418,3.6288,61.308,0.318232,0,0,1.84325,0.20567,1.31935,0.66528,12.849,1,0.366685,1.30418,0,100.311,4.21218,97.0366,0.84672,12.849,0.84672,3695.15,0,18.483,0,2.3462,1.59422,10.0907,0.994754,13.0364,0.42336,18.483,0.42336,0,0,442.007,0,1.02816,0,0,3.37436,2.3462,1.028160,1,0,111.392,0,0,0,111.392,0
72.29,2.06324,0,0,3.39446,0.255071,1.07614,3.6288,61.308,0.318381,0,0,1.71393,0.20567,1.18987,0.66528,12.849,1,0.366726,1.07614,0,90.6284,4.21218,87.1257,0.84672,12.849,0.84672,3695.15,0,18.483,0,1.88571,1.5944,9.17283,0.994754,11.6582,0.42336,18.483,0.42336,0,0,442.007,0,1.02816,0,0,2.91387,1.88571,1.028160,1,0,99.9737,0,0,0,99.9737,0
72.29,2.06347,0,0,3.08997,0.231578,0.794917,3.6288,61.308,0.31853,0,0,1.57783,0.222233,1.03706,0.66528,12.849,1,0.366766,0.794917,0,82.7263,4.49011,78.6643,0.84672,12.849,0.84672,3695.15,0,18.483,0,1.76142,1.59457,7.95053,1.02442,10.2821,0.42336,18.483,0.42336,0,0,442.007,0,1.02816,0,0,2.78958,1.76142,1.028160,1,0,89.9835,0,0,0,89.9835,0
72.29,2.1616,0,0,2.88875,0.198203,0.52895,3.6288,61.308,0.391497,0,0,1.48723,0.234781,0.860951,0.66528,12.849,1,0.384207,0.52895,0,65.1564,4.27664,61.0245,0.84672,12.849,0.84672,3695.15,0,18.483,0,1.91123,1.59475,8.06458,1.00357,10.567,0.42336,18.483,0.42336,0,0,442.007,0,1.02816,0,0,2.93939,1.91123,1.028160,1,0,72.4524,0,0,0,72.4524,0
72.29,2.16183,0,0,2.88885,0.173999,0.553019,3.6288,61.308,0.391654,0,0,1.39222,0.236927,0.763643,0.66528,12.849,1,0.38425,0.553019,0,59.129,4.33577,54.962,0.84672,12.849,0.84672,3695.15,0,18.483,0,1.15469,1.67748,6.76452,1.06053,8.53616,0.42336,18.483,0.42336,0,0,442.007,0,1.02816,0,0,2.18285,1.15469,1.028160,1,0,64.2618,0,0,0,64.2618,0
72.0891,2.16207,0,0,2.48295,0.158922,0.36288,3.6288,61.308,0.391811,0,0,1.18047,0.237844,0.550811,0.66528,12.849,1,0.384292,0.36288,0,59.7401,4.48184,55.2368,0.84672,12.849,0.84672,3695.15,0,18.483,0,1.12702,1.67767,6.60874,1.11553,8.2979,0.42336,18.483,0.42336,0,0,442.007,0,1.02816,0,0,2.15518,1.12702,1.028160,1,0,64.0855,0,0,0,64.0855,0
71.7074,2.16049,0,0,2.26275,0.121046,0.36288,3.6288,61.308,0.391968,0,0,1.00531,0.240136,0.373204,0.66528,12.849,1,0.385081,0.36288,0,56.8297,4.84701,51.9605,0.84672,12.849,0.84672,3695.15,0,18.483,0,0.758134,1.67785,6.10973,1.25303,7.29269,0.42336,18.483,0.42336,0,0,442.007,0,1.02816,0,0,1.78629,0.758134,1.028160,1,0,59.6264,0,0,0,59.6264,0
71.1807,2.15725,0,0,2.11489,0.121407,0.36288,3.6288,61.308,0.392125,0,0,1.14045,0.232848,0.515472,0.66528,12.849,1,0.386551,0.36288,0,50.2156,4.76739,45.4245,0.84672,12.849,0.84672,3695.15,0,18.483,0,1.19738,1.67804,6.54929,1.21173,8.21299,0.42336,18.483,0.42336,0,0,442.007,0,1.02816,0,0,2.22554,1.19738,1.028160,1,0,54.153,0,0,0,54.153,0
70.4343,2.13337,0,0,1.87244,0.122694,0.36288,3.6288,61.308,0.432326,0,0,1.33556,0.21463,0.688607,0.66528,12.849,1,0.385099,0.36288,0,48.1447,4.56834,43.5541,0.84672,12.849,0.84672,3695.15,0,18.483,0,2.08602,1.67822,6.78974,1.10846,9.44552,0.42336,18.483,0.42336,0,0,442.007,0,1.02816,0,0,3.11418,2.08602,1.028160,1,0,53.6882,0,0,0,53.6882,0
69.5225,2.12672,0,0,1.69986,0.121993,0.36288,3.6288,61.308,0.432487,0,0,1.26168,0.21463,0.614564,0.66528,12.849,1,0.387967,0.36288,0,46.7139,4.56834,42.1205,0.84672,12.849,0.84672,3695.15,0,18.483,0,1.78051,1.70414,6.38219,1.10846,8.75838,0.42336,18.483,0.42336,0,0,442.007,0,1.02816,0,0,2.80867,1.78051,1.028160,1,0,51.4934,0,0,0,51.4934,0
68.4859,2.1184,0,0,1.55647,0.111816,0.36288,3.6288,61.308,0.432649,0,0,1.20082,0.236569,0.531605,0.66528,12.849,1,0.391518,0.36288,0,41.1959,4.85064,36.3166,0.84672,12.849,0.84672,3695.15,0,18.483,0,1.66528,1.70433,6.19804,1.21151,8.35615,0.42336,18.483,0.42336,0,0,442.007,0,1.02816,0,0,2.69344,1.66528,1.028160,1,0,45.2043,0,0,0,45.2043,0
67.3959,2.10872,0,0,1.46944,0.0878037,0.36288,3.6288,61.308,0.43281,0,0,1.12063,0.291414,0.39641,0.66528,12.849,1,0.395627,0.36288,0,36.6403,5.55639,31.0512,0.84672,12.849,0.84672,3695.15,0,18.483,0,1.61818,1.70452,5.91227,1.46912,7.76585,0.42336,18.483,0.42336,0,0,442.007,0,1.02816,0,0,2.64634,1.61818,1.028160,1,0,39.2135,0,0,0,39.2135,0
66.1473,2.14727,0,0,1.35933,0.0978111,0.36288,3.6288,61.308,0.468675,0,0,1.22328,0.295642,0.45896,0.66528,12.849,1,0.409375,0.36288,0,35.7003,5.63226,30.0216,0.84672,12.849,0.84672,3695.15,0,18.483,0,1.46585,1.70471,5.05096,1.43854,6.78298,0.42336,18.483,0.42336,0,0,442.007,0,1.02816,0,0,2.49401,1.46585,1.028160,1,0,37.2635,0,0,0,37.2635,0
64.8327,2.13472,0,0,1.28163,0.0986236,0.36288,3.6288,61.308,0.468841,0,0,1.1946,0.296347,0.429413,0.66528,12.849,1,0.414665,0.36288,0,33.73,5.6449,28.0333,0.84672,12.849,0.84672,3695.15,0,18.483,0,1.43992,1.74593,5.01979,1.43344,6.77219,0.42336,18.483,0.42336,0,0,442.007,0,1.02816,0,0,2.46808,1.43992,1.028160,1,0,35.2349,0,0,0,35.2349,0
63.3843,2.12113,0,0,1.1332,0.0975918,0.36288,3.6288,61.308,0.469007,0,0,1.12457,0.296347,0.35922,0.66528,12.849,1,0.42038,0.36288,0,31.8626,5.6449,26.1602,0.84672,12.849,0.84672,3695.15,0,18.483,0,1.18422,1.74612,4.70921,1.43344,6.2061,0.42336,18.483,0.42336,0,0,442.007,0,1.02816,0,0,2.21238,1.18422,1.028160,1,0,32.7255,0,0,0,32.7255,0
61.8525,2.10569,0,0,1.02403,0.0873151,0.36288,3.6288,61.308,0.469172,0,0,1.11346,0.301527,0.342764,0.66528,12.849,1,0.426856,0.36288,0,30.2038,5.79446,24.3454,0.84672,12.849,0.84672,3695.15,0,18.483,0,1.11819,1.74631,4.69875,1.46332,6.09993,0.42336,18.483,0.42336,0,0,442.007,0,1.02816,0,0,2.14635,1.11819,1.028160,1,0,30.7881,0,0,0,30.7881,0
59.9484,2.22831,0,0,0.764078,0.0769979,0.36288,3.6288,61.308,0.598266,0,0,1.09625,0.312661,0.185325,0.66528,12.849,1,0.4629,0.36288,0,26.4321,5.97416,20.3579,0.84672,12.849,0.84672,3695.15,0,18.483,0,1.29303,1.7465,4.79758,1.45281,6.38431,0.42336,18.483,0.42336,0,0,442.007,0,1.02816,0,0,2.32119,1.29303,1.028160,1,0,26.9276,0,0,0,26.9276,0
58.0428,2.20501,0,0,0.729873,0.067552,0.36288,3.6288,61.308,0.598446,0,0,1.11928,0.333298,0.187534,0.66528,12.849,1,0.472609,0.36288,0,22.5251,6.11625,16.2991,0.84672,12.849,0.84672,3695.15,0,18.483,0,1.58835,1.88569,5.54932,1.54718,7.47618,0.42336,18.483,0.42336,0,0,442.007,0,1.02816,0,0,2.61651,1.58835,1.028160,1,0,23.9628,0,0,0,23.9628,0
56.5193,2.18068,0,0,1.09547,0.075375,0.36288,3.6288,61.308,0.598626,0,0,1.33273,0.331152,0.402951,0.66528,12.849,1,0.482739,0.36288,0,33.2619,6.05688,27.0852,0.84672,12.849,0.84672,3695.15,0,18.483,0,2.10538,1.8859,5.89731,1.5399,8.34869,0.42336,18.483,0.42336,0,0,442.007,0,1.02816,0,0,3.13354,2.10538,1.028160,1,0,35.8368,0,0,0,35.8368,0
55.4506,2.1605,0,0,1.54253,0.0879281,0.36288,3.6288,61.308,0.598806,0,0,1.71059,0.322052,0.789733,0.66528,12.849,1,0.491164,0.36288,0,43.4155,6.06121,37.226,0.84672,12.849,0.84672,3695.15,0,18.483,0,2.25406,1.88611,6.49302,1.51963,9.11357,0.42336,18.483,0.42336,0,0,442.007,0,1.02816,0,0,3.28222,2.25406,1.028160,1,0,47.1293,0,0,0,47.1293,0
53.831,2.14599,0,0,0.962556,0.0732232,0.36288,3.6288,61.308,0.598986,0,0,1.23712,0.322802,0.31533,0.66528,12.849,1,0.497268,0.36288,0,38.0602,6.10741,31.8183,0.84672,12.849,0.84672,3695.15,0,18.483,0,1.81674,1.88632,4.82048,1.53452,6.98902,0.42336,18.483,0.42336,0,0,442.007,0,1.02816,0,0,2.8449,1.81674,1.028160,1,0,39.1227,0,0,0,39.1227,0
52.1108,2.05838,0,0,0.755024,0.0540204,0.36288,3.6288,61.308,0.520868,0,0,0.926726,0.32342,0.0824387,0.66528,12.849,1,0.491318,0.36288,0,18.3604,5.53155,12.7004,0.84672,12.849,0.84672,3695.15,0,18.483,0,0.705594,1.88653,7.16119,1.57628,8.17703,0.42336,18.483,0.42336,0,0,442.007,0,1.02816,0,0,1.73375,0.705594,1.028160,1,0,20.9599,0,0,0,20.9599,0
50.6226,2.03391,0,0,0.995121,0.0864835,0.36288,3.6288,61.308,0.521039,0,0,0.974298,0.295817,0.157442,0.66528,12.849,1,0.501503,0.36288,0,18.5684,5.31069,13.1191,0.84672,12.849,0.84672,3695.15,0,18.483,0,0.828023,1.80704,5.7598,1.50042,6.89444,0.42336,18.483,0.42336,0,0,442.007,0,1.02816,0,0,1.85618,0.828023,1.028160,1,0,20.171,0,0,0,20.171,0
49.5828,2.01193,0,0,1.42011,0.0851522,0.36288,3.6288,61.308,0.521211,0,0,1.60353,0.295817,0.786505,0.66528,12.849,1,0.510666,0.36288,0,34.3456,5.31069,28.8872,0.84672,12.849,0.84672,3695.15,0,18.483,0,2.10577,1.80724,10.7978,1.50042,13.2103,0.42336,18.483,0.42336,0,0,442.007,0,1.02816,0,0,3.13393,2.10577,1.028160,1,0,42.884,0,0,0,42.884,0
48.3166,1.99614,0,0,1.19175,0.0988775,0.36288,3.6288,61.308,0.521382,0,0,1.22443,0.290145,0.412907,0.66528,12.849,1,0.517286,0.36288,0,45.9776,5.29768,40.5255,0.84672,12.849,0.84672,3695.15,0,18.483,0,1.34534,1.80744,7.11835,1.50626,8.76487,0.42336,18.483,0.42336,0,0,442.007,0,1.02816,0,0,2.3735,1.34534,1.028160,1,0,49.7033,0,0,0,49.7033,0
47.8322,1.92526,0,0,1.9765,0.172734,0.36288,3.6288,61.308,0.450251,0,0,1.03289,0.206797,0.375838,0.66528,12.849,1,0.51199,0.36288,0,32.857,4.53633,28.1715,0.84672,12.849,0.84672,3695.15,0,18.483,0,0.825725,1.80764,7.94642,1.1498,9.42999,0.42336,18.483,0.42336,0,0,442.007,0,1.02816,0,0,1.85388,0.825725,1.028160,1,0,37.9774,0,0,0,37.9774,0
48.737,1.91783,0,0,3.35267,0.167232,0.36288,3.6288,61.308,0.450415,0,0,1.97163,0.187069,1.33415,0.66528,12.849,1,0.51518,0.36288,0,47.9604,4.263,43.5451,0.84672,12.849,0.84672,3695.15,0,18.483,0,1.96391,1.73698,14.0083,0.993205,16.716,0.42336,18.483,0.42336,0,0,442.007,0,1.02816,0,0,2.99207,1.96391,1.028160,1,0,61.5952,0,0,0,61.5952,0
48.427,1.93224,0,0,2.15404,0.168886,0.36288,3.6288,61.308,0.450578,0,0,1.47005,0.187069,0.8324,0.66528,12.849,1,0.509415,0.36288,0,32.9862,4.263,28.5767,0.84672,12.849,0.84672,3695.15,0,18.483,0,1.56709,1.73717,13.8213,0.993205,16.1324,0.42336,18.483,0.42336,0,0,442.007,0,1.02816,0,0,2.59525,1.56709,1.028160,1,0,45.5415,0,0,0,45.5415,0
50.1243,1.92763,0,0,4.21626,0.228486,0.36288,3.6288,61.308,0.450742,0,0,1.6857,0.211213,1.02374,0.66528,12.849,1,0.511451,0.36288,0,83.2285,4.66893,78.411,0.84672,12.849,0.84672,3695.15,0,18.483,0,1.71685,1.73736,17.5054,1.08797,19.8717,0.42336,18.483,0.42336,0,0,442.007,0,1.02816,0,0,2.74501,1.71685,1.028160,1,0,99.3064,0,0,0,99.3064,0
53.9381,1.80668,0,0,6.21689,0.233508,0.36288,3.6288,61.308,0.302338,0,0,2.40885,0.213871,1.89264,0.66528,12.849,1,0.46313,0.36288,0,112.902,4.39448,108.407,0.84672,12.849,0.84672,3695.15,0,18.483,0,3.65706,1.73755,15.4259,1.05718,19.7634,0.42336,18.483,0.42336,0,0,442.007,0,1.02816,0,0,4.68522,3.65706,1.028160,1,0,130.063,0,0,0,130.063,0
57.8473,1.8574,0,0,6.37354,0.244058,0.36288,3.6288,61.308,0.302485,0,0,2.44808,0.217416,1.92818,0.66528,12.849,1,0.442465,0.36288,0,94.1504,4.02854,90.0423,0.84672,12.849,0.84672,3695.15,0,18.483,0,3.00102,1.57815,13.2196,1.01611,16.7827,0.42336,18.483,0.42336,0,0,442.007,0,1.02816,0,0,4.02918,3.00102,1.028160,1,0,108.753,0,0,0,108.753,0
61.6196,1.9049,0,0,6.2938,0.253744,0.36288,3.6288,61.308,0.302633,0,0,3.47236,0.217416,2.95232,0.66528,12.849,1,0.423116,0.36288,0,138.015,4.02854,133.927,0.84672,12.849,0.84672,3695.15,0,18.483,0,2.98216,1.57833,14.041,1.01611,17.5854,0.42336,18.483,0.42336,0,0,442.007,0,1.02816,0,0,4.01032,2.98216,1.028160,1,0,154.464,0,0,0,154.464,0
62.6121,1.94699,0,0,3.57741,0.275042,0.36288,3.6288,61.308,0.30278,0,0,1.62575,0.164461,1.15851,0.66528,12.849,1,0.40599,0.36288,0,60.8492,3.45103,57.355,0.84672,12.849,0.84672,3695.15,0,18.483,0,1.57651,1.5785,11.048,0.859528,13.3434,0.42336,18.483,0.42336,0,0,442.007,0,1.02816,0,0,2.60467,1.57651,1.028160,1,0,71.857,0,0,0,71.857,0
62.6391,1.95767,0,0,2.62485,0.277296,0.36288,3.6288,61.308,0.302927,0,0,1.26176,0.164461,0.794372,0.66528,12.849,1,0.401745,0.36288,0,47.5722,3.45103,44.0823,0.84672,12.849,0.84672,3695.15,0,18.483,0,0.924765,1.57868,11.0062,0.859528,12.6501,0.42336,18.483,0.42336,0,0,442.007,0,1.02816,0,0,1.95293,0.924765,1.028160,1,0,57.5267,0,0,0,57.5267,0
64.6158,2.0195,0,0,4.60801,0.248845,0.36288,3.6288,61.308,0.346114,0,0,1.63036,0.231148,1.0531,0.66528,12.849,1,0.414256,0.36288,0,78.0995,4.23686,73.8113,0.84672,12.849,0.84672,3695.15,0,18.483,0,3.50816,1.57885,12.7824,1.25472,16.6147,0.42336,18.483,0.42336,0,0,442.007,0,1.02816,0,0,4.53632,3.50816,1.028160,1,0,91.4792,0,0,0,91.4792,0
67.1727,2.04053,0,0,5.21317,0.252872,0.36288,3.6288,61.308,0.346256,0,0,1.54672,0.231148,0.969311,0.66528,12.849,1,0.405763,0.36288,0,107.989,4.23686,103.709,0.84672,12.849,0.84672,3695.15,0,18.483,0,3.35118,1.62952,11.9451,1.25472,15.6711,0.42336,18.483,0.42336,0,0,442.007,0,1.02816,0,0,4.37934,3.35118,1.028160,1,0,120.349,0,0,0,120.349,0
68.7919,2.06642,0,0,4.3065,0.258082,0.36288,3.6288,61.308,0.346398,0,0,1.38054,0.231148,0.802996,0.66528,12.849,1,0.395272,0.36288,0,84.8992,4.23686,80.63,0.84672,12.849,0.84672,3695.15,0,18.483,0,2.82273,1.62969,11.7396,1.25472,14.9373,0.42336,18.483,0.42336,0,0,442.007,0,1.02816,0,0,3.85089,2.82273,1.028160,1,0,96.3703,0,0,0,96.3703,0
69.5318,2.08223,0,0,3.45148,0.266403,0.36288,3.6288,61.308,0.34654,0,0,1.0431,0.214327,0.482231,0.66528,12.849,1,0.38892,0.36288,0,63.5679,4.03638,59.5055,0.84672,12.849,0.84672,3695.15,0,18.483,0,1.77438,1.62986,9.33224,1.17736,11.5591,0.42336,18.483,0.42336,0,0,442.007,0,1.02816,0,0,2.80254,1.77438,1.028160,1,0,71.5469,0,0,0,71.5469,0
71.1735,2.29319,0,0,4.56579,0.268067,0.36288,3.6288,61.308,0.508335,0,0,1.53303,0.179437,0.845258,0.66528,12.849,1,0.423766,0.36288,0,107.265,3.32964,103.874,0.84672,12.849,0.84672,3695.15,0,18.483,0,3.52191,1.63003,12.6358,0.986133,16.8016,0.42336,18.483,0.42336,0,0,442.007,0,1.02816,0,0,4.55007,3.52191,1.028160,1,0,121.521,0,0,0,121.521,0
72.29,2.30998,0,0,4.11552,0.266459,0.422554,3.6288,61.308,0.508494,0,0,1.3034,0.17009,0.624821,0.66528,12.849,1,0.417023,0.422554,0,131.706,3.00006,128.712,0.84672,12.849,0.84672,3695.15,0,18.483,0,3.25731,1.81049,12.4111,0.920063,16.5588,0.42336,18.483,0.42336,0,0,442.007,0,1.02816,0,0,4.28547,3.25731,1.028160,1,0,145.896,0,0,0,145.896,0
72.29,2.32118,0,0,4.25043,0.268736,1.66052,3.6288,61.308,0.508652,0,0,1.5013,0.17009,0.822553,0.66528,12.849,1,0.412572,1.66052,0,68.0778,3.00006,66.3257,0.84672,12.849,0.84672,3695.15,0,18.483,0,3.75652,1.81068,11.9739,0.920063,16.621,0.42336,18.483,0.42336,0,0,442.007,0,1.02816,0,0,4.78468,3.75652,1.028160,1,0,83.7693,0,0,0,83.7693,0
72.29,2.32142,0,0,3.62147,0.290424,1.00963,3.6288,61.308,0.508811,0,0,1.42937,0.158785,0.761771,0.66528,12.849,1,0.412615,1.00963,0,61.9592,3.06571,59.4905,0.84672,12.849,0.84672,3695.15,0,18.483,0,3.48874,1.81086,10.5184,0.891313,14.9267,0.42336,18.483,0.42336,0,0,442.007,0,1.02816,0,0,4.5169,3.48874,1.028160,1,0,75.1789,0,0,0,75.1789,0
72.29,2.02737,0,0,3.32897,0.292578,1.00902,3.6288,61.308,0.291941,0,0,0.688103,0.13113,0.265032,0.66528,12.849,1,0.36035,1.00902,0,52.4288,2.89021,50.1873,0.84672,12.849,0.84672,3695.15,0,18.483,0,1.09652,1.81105,9.09778,0.769591,11.2358,0.42336,18.483,0.42336,0,0,442.007,0,1.02816,0,0,2.12468,1.09652,1.028160,1,0,61.6881,0,0,0,61.6881,0
72.29,2.02758,0,0,4.95036,0.272505,2.65027,3.6288,61.308,0.292078,0,0,1.06839,0.121693,0.654617,0.66528,12.849,1,0.360388,2.65027,0,68.1468,2.69294,67.7437,0.84672,12.849,0.84672,3695.15,0,18.483,0,2.43066,1.56451,15.5546,0.707049,18.8427,0.42336,18.483,0.42336,0,0,442.007,0,1.02816,0,0,3.45882,2.43066,1.028160,1,0,87.2411,0,0,0,87.2411,0
72.29,2.02779,0,0,4.76642,0.272505,2.46612,3.6288,61.308,0.292214,0,0,1.10167,0.121693,0.687762,0.66528,12.849,1,0.360425,2.46612,0,100.945,2.69294,100.357,0.84672,12.849,0.84672,3695.15,0,18.483,0,1.34269,1.56467,11.8544,0.707049,14.0547,0.42336,18.483,0.42336,0,0,442.007,0,1.02816,0,0,2.37085,1.34269,1.028160,1,0,115.1,0,0,0,115.1,0
72.29,2.028,0,0,3.38231,0.272505,1.0818,3.6288,61.308,0.292351,0,0,1.85935,0.121693,1.44531,0.66528,12.849,1,0.360462,1.0818,0,82.0619,2.69294,80.0903,0.84672,12.849,0.84672,3695.15,0,18.483,0,1.27182,1.56483,8.61823,0.707049,10.7478,0.42336,18.483,0.42336,0,0,442.007,0,1.02816,0,0,2.29998,1.27182,1.028160,1,0,92.2834,0,0,0,92.2834,0
72.29,2.02821,0,0,5.1969,0.257097,2.91159,3.6288,61.308,0.292487,0,0,2.67081,0.126561,2.25177,0.66528,12.849,1,0.360499,2.91159,0,115.199,2.78008,114.97,0.84672,12.849,0.84672,3695.15,0,18.483,0,2.13625,1.56499,12.5383,0.726437,15.5131,0.42336,18.483,0.42336,0,0,442.007,0,1.02816,0,0,3.16441,2.13625,1.028160,1,0,132.735,0,0,0,132.735,0
72.29,2.10254,0,0,5.31898,0.287866,2.92858,3.6288,61.308,0.345744,0,0,4.23363,0.133932,3.75395,0.66528,12.849,1,0.37371,2.92858,0,115.735,2.98231,115.307,0.84672,12.849,0.84672,3695.15,0,18.483,0,3.62986,1.56516,16.3204,0.790108,20.7254,0.42336,18.483,0.42336,0,0,442.007,0,1.02816,0,0,4.65802,3.62986,1.028160,1,0,139.786,0,0,0,139.786,0
72.29,2.10275,0,0,3.87442,0.287866,1.4838,3.6288,61.308,0.345886,0,0,3.4806,0.133932,3.00078,0.66528,12.849,1,0.373748,1.4838,0,77.7816,2.98231,75.9093,0.84672,12.849,0.84672,3695.15,0,18.483,0,2.86316,1.62627,11.395,0.790108,15.0944,0.42336,18.483,0.42336,0,0,442.007,0,1.02816,0,0,3.89132,2.86316,1.028160,1,0,94.0045,0,0,0,94.0045,0
72.29,2.10297,0,0,3.41496,0.287866,1.02412,3.6288,61.308,0.346029,0,0,3.05835,0.133932,2.57839,0.66528,12.849,1,0.373787,1.02412,0,63.1907,2.98231,60.8587,0.84672,12.849,0.84672,3695.15,0,18.483,0,2.40549,1.62644,9.56223,0.790108,12.8041,0.42336,18.483,0.42336,0,0,442.007,0,1.02816,0,0,3.43365,2.40549,1.028160,1,0,76.2412,0,0,0,76.2412,0
72.29,2.10319,0,0,3.43481,0.267293,1.06433,3.6288,61.308,0.346171,0,0,3.08775,0.136613,2.60497,0.66528,12.849,1,0.373826,1.06433,0,70.892,2.81809,68.7644,0.84672,12.849,0.84672,3695.15,0,18.483,0,3.52561,1.6266,9.41311,0.854618,13.7107,0.42336,18.483,0.42336,0,0,442.007,0,1.02816,0,0,4.55377,3.52561,1.028160,1,0,85.0801,0,0,0,85.0801,0
72.29,2.07442,0,0,3.14356,0.297721,0.771424,3.6288,61.308,0.325672,0,0,1.92153,0.168191,1.42766,0.66528,12.849,1,0.368712,0.771424,0,60.6839,2.97012,58.1165,0.84672,12.849,0.84672,3695.15,0,18.483,0,1.94017,1.62677,8.36827,0.943682,10.9915,0.42336,18.483,0.42336,0,0,442.007,0,1.02816,0,0,2.96833,1.94017,1.028160,1,0,70.5357,0,0,0,70.5357,0
72.29,2.07463,0,0,2.86637,0.223437,0.568305,3.6288,61.308,0.325812,0,0,1.54112,0.211267,1.00404,0.66528,12.849,1,0.36875,0.568305,0,53.8202,3.35233,50.6674,0.84672,12.849,0.84672,3695.15,0,18.483,0,1.86576,1.60321,7.6013,0.970545,10.0997,0.42336,18.483,0.42336,0,0,442.007,0,1.02816,0,0,2.89392,1.86576,1.028160,1,0,61.7712,0,0,0,61.7712,0
72.29,2.07484,0,0,2.79547,0.223437,0.497191,3.6288,61.308,0.325952,0,0,1.72268,0.211267,1.18546,0.66528,12.849,1,0.368788,0.497191,0,52.1325,3.35233,48.9085,0.84672,12.849,0.84672,3695.15,0,18.483,0,2.23538,1.60337,8.99744,0.970545,11.8656,0.42336,18.483,0.42336,0,0,442.007,0,1.02816,0,0,3.26354,2.23538,1.028160,1,0,61.9596,0,0,0,61.9596,0
72.29,2.07506,0,0,2.74834,0.223437,0.449845,3.6288,61.308,0.326092,0,0,1.71833,0.211267,1.18097,0.66528,12.849,1,0.368826,0.449845,0,50.4369,3.35233,47.1655,0.84672,12.849,0.84672,3695.15,0,18.483,0,1.80115,1.60354,7.71725,0.970545,10.1514,0.42336,18.483,0.42336,0,0,442.007,0,1.02816,0,0,2.82931,1.80115,1.028160,1,0,58.4979,0,0,0,58.4979,0
72.1454,2.17372,0,0,2.60927,0.21726,0.36288,3.6288,61.308,0.399458,0,0,1.55675,0.211095,0.946194,0.66528,12.849,1,0.386362,0.36288,0,51.2057,3.52387,47.6584,0.84672,12.849,0.84672,3695.15,0,18.483,0,1.71977,1.6037,7.46237,1.06733,9.71851,0.42336,18.483,0.42336,0,0,442.007,0,1.02816,0,0,2.74793,1.71977,1.028160,1,0,58.3231,0,0,0,58.3231,0
71.7486,2.17263,0,0,2.33275,0.194057,0.36288,3.6288,61.308,0.399605,0,0,1.23091,0.221418,0.609883,0.66528,12.849,1,0.386942,0.36288,0,49.9891,4.067,45.898,0.84672,12.849,0.84672,3695.15,0,18.483,0,1.61125,1.68689,7.07063,1.16714,9.20163,0.42336,18.483,0.42336,0,0,442.007,0,1.02816,0,0,2.63941,1.61125,1.028160,1,0,55.7095,0,0,0,55.7095,0
71.1546,2.16922,0,0,2.09324,0.155108,0.36288,3.6288,61.308,0.399753,0,0,1.19608,0.223361,0.572965,0.66528,12.849,1,0.388471,0.36288,0,43.728,4.13185,39.5705,0.84672,12.849,0.84672,3695.15,0,18.483,0,1.62295,1.68706,6.60856,1.12618,8.7924,0.42336,18.483,0.42336,0,0,442.007,0,1.02816,0,0,2.65111,1.62295,1.028160,1,0,48.9359,0,0,0,48.9359,0
70.5404,2.16395,0,0,2.06701,0.154406,0.36288,3.6288,61.308,0.399901,0,0,1.29914,0.223361,0.675875,0.66528,12.849,1,0.390763,0.36288,0,42.2871,4.13185,38.1274,0.84672,12.849,0.84672,3695.15,0,18.483,0,1.56729,1.68724,7.2455,1.12618,9.37385,0.42336,18.483,0.42336,0,0,442.007,0,1.02816,0,0,2.59545,1.56729,1.028160,1,0,48.1771,0,0,0,48.1771,0
69.9232,2.15843,0,0,2.05395,0.149798,0.36288,3.6288,61.308,0.400048,0,0,1.15822,0.219046,0.539124,0.66528,12.849,1,0.39316,0.36288,0,39.0289,4.06066,34.9379,0.84672,12.849,0.84672,3695.15,0,18.483,0,1.41394,1.68741,6.08214,1.11613,8.06735,0.42336,18.483,0.42336,0,0,442.007,0,1.02816,0,0,2.4421,1.41394,1.028160,1,0,43.5444,0,0,0,43.5444,0
69.6674,2.13353,0,0,2.36644,0.125906,0.36288,3.6288,61.308,0.440463,0,0,0.929465,0.193158,0.295844,0.66528,12.849,1,0.392054,0.36288,0,34.0105,3.63352,30.3478,0.84672,12.849,0.84672,3695.15,0,18.483,0,1.01777,1.68759,4.43009,1.05586,6.07958,0.42336,18.483,0.42336,0,0,442.007,0,1.02816,0,0,2.04593,1.01777,1.028160,1,0,36.7232,0,0,0,36.7232,0
69.1803,2.13133,0,0,2.13278,0.125657,0.36288,3.6288,61.308,0.440614,0,0,0.865529,0.193158,0.231757,0.66528,12.849,1,0.393088,0.36288,0,31.5226,3.63352,27.8589,0.84672,12.849,0.84672,3695.15,0,18.483,0,0.757261,1.71364,4.218,1.05586,5.63304,0.42336,18.483,0.42336,0,0,442.007,0,1.02816,0,0,1.78542,0.757261,1.028160,1,0,33.7237,0,0,0,33.7237,0
68.628,2.1269,0,0,2.03945,0.101943,0.36288,3.6288,61.308,0.440766,0,0,0.818268,0.248004,0.129499,0.66528,12.849,1,0.395034,0.36288,0,28.4194,4.33928,24.0479,0.84672,12.849,0.84672,3695.15,0,18.483,0,0.734676,1.71382,4.00755,1.31347,5.14257,0.42336,18.483,0.42336,0,0,442.007,0,1.02816,0,0,1.76284,0.734676,1.028160,1,0,29.32,0,0,0,29.32,0
67.869,2.1218,0,0,1.81786,0.0922497,0.36288,3.6288,61.308,0.440918,0,0,0.767042,0.269942,0.0561821,0.66528,12.849,1,0.397257,0.36288,0,25.8193,4.62157,21.1634,0.84672,12.849,0.84672,3695.15,0,18.483,0,0.700142,1.71399,3.87667,1.41652,4.87429,0.42336,18.483,0.42336,0,0,442.007,0,1.02816,0,0,1.7283,0.700142,1.028160,1,0,26.0939,0,0,0,26.0939,0
67.2465,2.16395,0,0,1.99495,0.0906113,0.36288,3.6288,61.2352,0.476971,0,0,0.699512,0.29536,0,0.66528,12.849,1,0.409681,0.36288,0,27.7057,5.41223,22.2467,0.84672,12.849,0.84672,3695.15,0,18.483,0,0.737856,1.71417,3.70109,1.52293,4.63019,0.42336,18.483,0.42336,0,0,442.007,0,1.02816,0,0,1.76602,0.737856,1.028160,1,0,26.8769,0,0,0,26.8769,0
66.6385,2.15787,0,0,2.00256,0.0897338,0.36288,3.6288,61.1181,0.477127,0,0,0.665435,0.305386,0,0.66528,12.849,1,0.412311,0.36288,0,27.553,5.72849,21.7751,0.84672,12.849,0.84672,3695.15,0,18.483,0,0.767534,1.7556,3.82746,1.56549,4.78511,0.42336,18.483,0.42336,0,0,442.007,0,1.02816,0,0,1.79569,0.767534,1.028160,1,0,26.5602,0,0,0,26.5602,0
65.8051,2.15185,0,0,1.77063,0.0893034,0.36288,3.6288,60.9621,0.477282,0,0,0.626435,0.30516,0,0.66528,12.849,1,0.414912,0.36288,0,26.0277,5.72849,20.2472,0.84672,12.849,0.84672,3695.15,0,18.483,0,0.581489,1.75578,3.59065,1.56549,4.36243,0.42336,18.483,0.42336,0,0,442.007,0,1.02816,0,0,1.60965,0.581489,1.028160,1,0,24.6097,0,0,0,24.6097,0
64.8195,2.14339,0,0,1.60005,0.0793921,0.36288,3.6288,60.7949,0.477438,0,0,0.620252,0.310028,0,0.66528,12.849,1,0.418515,0.36288,0,24.6726,5.87803,18.7389,0.84672,12.849,0.84672,3695.15,0,18.483,0,0.53346,1.75596,3.58269,1.59537,4.27674,0.42336,18.483,0.42336,0,0,442.007,0,1.02816,0,0,1.56162,0.53346,1.028160,1,0,23.0156,0,0,0,23.0156,0
63.4793,2.27562,0,0,1.3725,0.0742563,0.36288,3.6288,60.485,0.607233,0,0,0.60526,0.307895,0,0.66528,12.849,1,0.45109,0.36288,0,24.1702,6.21507,17.8669,0.84672,12.849,0.84672,3695.15,0,18.483,0,0.547033,1.75615,3.50467,1.5252,4.28265,0.42336,18.483,0.42336,0,0,442.007,0,1.02816,0,0,1.57519,0.547033,1.028160,1,0,22.1496,0,0,0,22.1496,0
62.2309,2.2603,0,0,1.44139,0.0665309,0.36288,3.6288,60.1226,0.607402,0,0,0.561424,0.316458,0,0.66528,12.849,1,0.457513,0.36288,0,25.0822,6.92496,18.0626,0.84672,12.849,0.84672,3695.15,0,18.483,0,0.612377,1.89609,3.66853,1.57899,4.598,0.42336,18.483,0.42336,0,0,442.007,0,1.02816,0,0,1.64054,0.612377,1.028160,1,0,22.6606,0,0,0,22.6606,0
60.9198,2.24565,0,0,1.36329,0.0658556,0.36288,3.6288,59.7156,0.607571,0,0,0.51636,0.31573,0,0.66528,12.849,1,0.463666,0.36288,0,22.5415,6.92496,15.5158,0.84672,12.849,0.84672,3695.15,0,18.483,0,0.509924,1.89629,3.6269,1.57899,4.45412,0.42336,18.483,0.42336,0,0,442.007,0,1.02816,0,0,1.53808,0.509924,1.028160,1,0,19.9699,0,0,0,19.9699,0
60.1447,2.22981,0,0,1.88265,0.0651463,0.36288,3.6288,59.3648,0.60774,0,0,0.571858,0.314911,0,0.66528,12.849,1,0.470304,0.36288,0,24.179,6.92496,17.1466,0.84672,12.849,0.84672,3695.15,0,18.483,0,0.717345,1.89648,4.04317,1.57899,5.078,0.42336,18.483,0.42336,0,0,442.007,0,1.02816,0,0,1.7455,0.717345,1.028160,1,0,22.2246,0,0,0,22.2246,0
60.2122,2.22032,0,0,2.74098,0.0902049,0.36288,3.6288,59.2112,0.607909,0,0,0.761201,0.306926,0,0.66528,12.849,1,0.474338,0.36288,0,40.3475,6.78504,33.451,0.84672,12.849,0.84672,3695.15,0,18.483,0,0.935608,1.89668,4.49626,1.55663,5.77192,0.42336,18.483,0.42336,0,0,442.007,0,1.02816,0,0,1.96377,0.935608,1.028160,1,0,39.2229,0,0,0,39.2229,0
59.7238,2.15363,0,0,2.1171,0.0890618,0.36288,3.6288,59.3424,0.529351,0,0,0.972138,0.31155,0,0.66528,12.849,1,0.459574,0.36288,0,52.4064,6.65626,45.6534,0.84672,12.849,0.84672,3695.15,0,18.483,0,1.40137,1.89687,3.52256,1.40502,5.41579,0.42336,18.483,0.42336,0,0,442.007,0,1.02816,0,0,2.42953,1.40137,1.028160,1,0,51.0692,0,0,0,51.0692,0
59.47,2.14784,0,0,2.3456,0.0886466,0.36288,3.6288,59.821,0.529512,0,0,1.31986,0.311812,0,0.66528,12.849,1,0.462087,0.36288,0,52.2013,6.65626,45.4459,0.84672,12.849,0.84672,3695.15,0,18.483,0,1.86815,1.81693,4.38512,1.40502,6.66518,0.42336,18.483,0.42336,0,0,442.007,0,1.02816,0,0,2.89631,1.86815,1.028160,1,0,52.111,0,0,0,52.111,0
58.6735,2.14491,0,0,1.7997,0.0884309,0.36288,3.6288,59.89,0.529673,0,0,0.911442,0.312767,0,0.66528,12.849,1,0.463426,0.36288,0,39.2347,6.65626,32.4779,0.84672,12.849,0.84672,3695.15,0,18.483,0,1.3418,1.81712,4.32006,1.40502,6.07396,0.42336,18.483,0.42336,0,0,442.007,0,1.02816,0,0,2.36996,1.3418,1.028160,1,0,38.5518,0,0,0,38.5518,0
58.2723,2.13513,0,0,2.21445,0.11764,0.36288,3.6288,59.9455,0.529834,0,0,0.874195,0.288868,0,0.66528,12.849,1,0.467576,0.36288,0,34.2145,6.38214,27.7276,0.84672,12.849,0.84672,3695.15,0,18.483,0,1.29933,1.81731,4.98463,1.20258,6.89869,0.42336,18.483,0.42336,0,0,442.007,0,1.02816,0,0,2.32749,1.29933,1.028160,1,0,34.6263,0,0,0,34.6263,0
59.1524,2.07522,0,0,3.45266,0.134404,0.36288,3.6288,60.5287,0.458305,0,0,1.32545,0.283925,0,0.66528,12.849,1,0.457584,0.36288,0,47.6476,6.04702,41.5059,0.84672,12.849,0.84672,3695.15,0,18.483,0,2.12222,1.8175,8.29702,1.24413,10.9926,0.42336,18.483,0.42336,0,0,442.007,0,1.02816,0,0,3.15038,2.12222,1.028160,1,0,52.4985,0,0,0,52.4985,0
58.78,2.08629,0,0,2.26581,0.189113,0.36288,3.6288,60.9799,0.458458,0,0,1.16299,0.253364,0,0.66528,12.849,1,0.45318,0.36288,0,65.5183,5.28833,60.1397,0.84672,12.849,0.84672,3695.15,0,18.483,0,1.56087,1.74644,7.54778,1.21752,9.63757,0.42336,18.483,0.42336,0,0,442.007,0,1.02816,0,0,2.58903,1.56087,1.028160,1,0,69.7773,0,0,0,69.7773,0
57.9167,2.08193,0,0,1.76994,0.188434,0.36288,3.6288,61.308,0.458612,0,0,1.13086,0.25409,0.0900064,0.66528,12.849,1,0.4551,0.36288,0,76.7755,5.28833,71.3949,0.84672,12.849,0.84672,3695.15,0,18.483,0,1.41603,1.74662,5.78881,1.21752,7.73393,0.42336,18.483,0.42336,0,0,442.007,0,1.02816,0,0,2.44419,1.41603,1.028160,1,0,79.2189,0,0,0,79.2189,0
57.664,2.07141,0,0,2.3638,0.182162,0.36288,3.6288,61.308,0.458766,0,0,1.34801,0.252633,0.636614,0.66528,12.849,1,0.459549,0.36288,0,52.0363,5.24032,46.6993,0.84672,12.849,0.84672,3695.15,0,18.483,0,1.87352,1.7468,7.59159,1.22825,9.98366,0.42336,18.483,0.42336,0,0,442.007,0,1.02816,0,0,2.90168,1.87352,1.028160,1,0,57.3196,0,0,0,57.3196,0
63.6058,1.91267,0,0,8.39745,0.180058,0.36288,3.6288,61.308,0.309547,0,0,2.06584,0.226886,1.52941,0.66528,12.849,1,0.426191,0.36288,0,127.399,4.70997,122.625,0.84672,12.849,0.84672,3695.15,0,18.483,0,2.94323,1.74698,14.6982,1.15524,18.2332,0.42336,18.483,0.42336,0,0,442.007,0,1.02816,0,0,3.97139,2.94323,1.028160,1,0,142.388,0,0,0,142.388,0
65.5638,1.97791,0,0,4.53114,0.232428,0.36288,3.6288,61.308,0.309685,0,0,1.61584,0.301039,1.00511,0.66528,12.849,1,0.399558,0.36288,0,82.8844,4.54219,78.3055,0.84672,12.849,0.84672,3695.15,0,18.483,0,1.81174,1.5867,7.35678,1.06972,9.6855,0.42336,18.483,0.42336,0,0,442.007,0,1.02816,0,0,2.8399,1.81174,1.028160,1,0,88.9961,0,0,0,88.9961,0
68.03,1.99781,0,0,5.10033,0.273358,0.36288,3.6288,61.308,0.309824,0,0,1.64785,0.192601,1.14542,0.66528,12.849,1,0.391525,0.36288,0,110.602,4.08293,106.491,0.84672,12.849,0.84672,3695.15,0,18.483,0,2.03196,1.58687,8.61389,0.9778,11.2549,0.42336,18.483,0.42336,0,0,442.007,0,1.02816,0,0,3.06012,2.03196,1.028160,1,0,118.891,0,0,0,118.891,0
71.5002,2.02171,0,0,6.13348,0.278748,0.36288,3.6288,61.308,0.309962,0,0,2.83356,0.192601,2.33099,0.66528,12.849,1,0.381846,0.36288,0,122.095,4.08293,117.993,0.84672,12.849,0.84672,3695.15,0,18.483,0,3.56206,1.58703,13.3079,0.9778,17.4792,0.42336,18.483,0.42336,0,0,442.007,0,1.02816,0,0,4.59022,3.56206,1.028160,1,0,137.804,0,0,0,137.804,0
72.29,2.05335,0,0,9.6749,0.286333,6.5454,3.6288,61.308,0.3101,0,0,4.49259,0.192601,3.98989,0.66528,12.849,1,0.368999,6.5454,0,183.868,4.08293,185.961,0.84672,12.849,0.84672,3695.15,0,18.483,0,6.17185,1.58719,20.9014,0.9778,27.6826,0.42336,18.483,0.42336,0,0,442.007,0,1.02816,0,0,7.20001,6.17185,1.028160,1,0,217.634,0,0,0,217.634,0
72.29,2.12496,0,0,6.50718,0.265715,4.11651,3.6288,61.308,0.35351,0,0,1.58674,0.212358,1.02088,0.66528,12.849,1,0.377696,4.11651,0,112.518,4.47717,111.779,0.84672,12.849,0.84672,3695.15,0,18.483,0,2.48526,1.58736,11.983,0.904464,15.1512,0.42336,18.483,0.42336,0,0,442.007,0,1.02816,0,0,3.51342,2.48526,1.028160,1,0,127.952,0,0,0,127.952,0
72.29,2.12517,0,0,16.675,0.264307,14.2856,3.6288,61.308,0.353644,0,0,4.64662,0.243772,4.0492,0.66528,12.849,1,0.377732,14.2856,0,288.499,4.9644,297.443,0.84672,12.849,0.84672,3695.15,0,18.483,0,7.00456,1.63829,27.9573,1.0585,35.5417,0.42336,18.483,0.42336,0,0,442.007,0,1.02816,0,0,8.03272,7.00456,1.028160,1,0,337.033,0,0,0,337.033,0
72.29,2.12537,0,0,14.8668,0.264307,12.4771,3.6288,61.308,0.353777,0,0,6.62087,0.243772,6.02332,0.66528,12.849,1,0.377768,12.4771,0,375.066,4.9644,382.201,0.84672,12.849,0.84672,3695.15,0,18.483,0,7.79069,1.63845,29.2264,1.0585,37.597,0.42336,18.483,0.42336,0,0,442.007,0,1.02816,0,0,8.81885,7.79069,1.028160,1,0,425.821,0,0,0,425.821,0
72.29,2.12558,0,0,8.64864,0.270771,6.25229,3.6288,61.308,0.35391,0,0,3.35292,0.232869,2.76615,0.66528,12.849,1,0.377805,6.25229,0,189.712,4.86717,190.719,0.84672,12.849,0.84672,3695.15,0,18.483,0,4.16338,1.63861,18.1953,1.02965,22.9677,0.42336,18.483,0.42336,0,0,442.007,0,1.02816,0,0,5.19154,4.16338,1.028160,1,0,216.453,0,0,0,216.453,0
72.29,2.33312,0,0,10.7429,0.257409,8.15236,3.6288,61.308,0.516561,0,0,3.68241,0.189915,2.97594,0.66528,12.849,1,0.414695,8.15236,0,202.158,4.17102,205.724,0.84672,12.849,0.84672,3695.15,0,18.483,0,4.78521,1.63877,23.2821,1.01857,28.6875,0.42336,18.483,0.42336,0,0,442.007,0,1.02816,0,0,5.81337,4.78521,1.028160,1,0,237.388,0,0,0,237.388,0
72.29,2.33335,0,0,10.1831,0.187883,7.66187,3.6288,61.308,0.516709,0,0,4.73654,0.219869,3.99997,0.66528,12.849,1,0.414735,7.66187,0,216.736,4.02066,219.963,0.84672,12.849,0.84672,3695.15,0,18.483,0,6.16588,1.82018,22.9455,1.23459,29.697,0.42336,18.483,0.42336,0,0,442.007,0,1.02816,0,0,7.19404,6.16588,1.028160,1,0,253.66,0,0,0,253.66,0
72.29,2.33357,0,0,10.9659,0.226718,8.4056,3.6288,61.308,0.516858,0,0,5.40599,0.224824,4.66431,0.66528,12.849,1,0.414775,8.4056,0,211.703,3.94146,215.753,0.84672,12.849,0.84672,3695.15,0,18.483,0,6.31912,1.82036,25.3723,1.2137,32.2981,0.42336,18.483,0.42336,0,0,442.007,0,1.02816,0,0,7.34728,6.31912,1.028160,1,0,252.715,0,0,0,252.715,0
72.29,2.3338,0,0,10.3006,0.278498,7.68831,3.6288,61.308,0.517007,0,0,3.92664,0.231432,3.1782,0.66528,12.849,1,0.414815,7.68831,0,246.352,3.83586,249.79,0.84672,12.849,0.84672,3695.15,0,18.483,0,4.41859,1.82053,19.3162,1.18584,24.3695,0.42336,18.483,0.42336,0,0,442.007,0,1.02816,0,0,5.44675,4.41859,1.028160,1,0,277.338,0,0,0,277.338,0
72.29,2.03817,0,0,7.32741,0.287262,5.00198,3.6288,61.308,0.298971,0,0,2.08006,0.240111,1.54098,0.66528,12.849,1,0.362269,5.00198,0,157.639,3.95308,158.325,0.84672,12.849,0.84672,3695.15,0,18.483,0,3.66278,1.82071,13.3497,1.25468,17.5785,0.42336,18.483,0.42336,0,0,442.007,0,1.02816,0,0,4.69094,3.66278,1.028160,1,0,177.445,0,0,0,177.445,0
72.29,2.03837,0,0,6.6982,0.314878,4.34496,3.6288,61.308,0.299099,0,0,4.10215,0.194053,3.609,0.66528,12.849,1,0.362304,4.34496,0,235.583,3.16848,236.398,0.84672,12.849,0.84672,3695.15,0,18.483,0,5.14093,1.57284,18.0521,1.07021,23.6956,0.42336,18.483,0.42336,0,0,442.007,0,1.02816,0,0,6.16909,5.14093,1.028160,1,0,263.702,0,0,0,263.702,0
72.29,2.03856,0,0,6.43956,0.314878,4.08611,3.6288,61.308,0.299227,0,0,1.87815,0.194053,1.38487,0.66528,12.849,1,0.362339,4.08611,0,183.684,3.16848,184.239,0.84672,12.849,0.84672,3695.15,0,18.483,0,3.66253,1.57299,13.6846,1.07021,17.8499,0.42336,18.483,0.42336,0,0,442.007,0,1.02816,0,0,4.69069,3.66253,1.028160,1,0,203.474,0,0,0,203.474,0
72.29,2.03876,0,0,9.64544,0.314878,7.2918,3.6288,61.308,0.299355,0,0,5.35256,0.194053,4.85915,0.66528,12.849,1,0.362374,7.2918,0,198.135,3.16848,201.896,0.84672,12.849,0.84672,3695.15,0,18.483,0,8.40827,1.57314,20.6113,1.07021,29.5225,0.42336,18.483,0.42336,0,0,442.007,0,1.02816,0,0,9.43643,8.40827,1.028160,1,0,236.278,0,0,0,236.278,0
72.29,2.03896,0,0,11.2694,0.315943,8.91451,3.6288,61.308,0.299483,0,0,4.47876,0.148634,4.03064,0.66528,12.849,1,0.362409,8.91451,0,189.656,2.9601,195.248,0.84672,12.849,0.84672,3695.15,0,18.483,0,6.14257,1.5733,21.4908,0.995107,28.2116,0.42336,18.483,0.42336,0,0,442.007,0,1.02816,0,0,7.17073,6.14257,1.028160,1,0,227.49,0,0,0,227.49,0
72.29,2.11366,0,0,9.80268,0.350981,7.33805,3.6288,61.308,0.353013,0,0,5.64706,0.144573,5.14948,0.66528,12.849,1,0.375687,7.33805,0,218.784,2.43504,223.311,0.84672,12.849,0.84672,3695.15,0,18.483,0,7.19608,1.57345,25.0531,0.933361,32.8892,0.42336,18.483,0.42336,0,0,442.007,0,1.02816,0,0,8.22424,7.19608,1.028160,1,0,261.35,0,0,0,261.35,0
72.29,2.11386,0,0,6.96135,0.315467,4.53202,3.6288,61.308,0.353146,0,0,3.90319,0.136594,3.41345,0.66528,12.849,1,0.375723,4.53202,0,143.272,2.79216,144.636,0.84672,12.849,0.84672,3695.15,0,18.483,0,5.71182,1.63487,16.3177,1.00271,22.6617,0.42336,18.483,0.42336,0,0,442.007,0,1.02816,0,0,6.73998,5.71182,1.028160,1,0,170.711,0,0,0,170.711,0
72.29,2.11407,0,0,5.4991,0.315467,3.06957,3.6288,61.308,0.353279,0,0,3.39809,0.136594,2.90822,0.66528,12.849,1,0.375759,3.06957,0,117.99,2.79216,117.892,0.84672,12.849,0.84672,3695.15,0,18.483,0,5.02718,1.63503,13.6855,1.00271,19.345,0.42336,18.483,0.42336,0,0,442.007,0,1.02816,0,0,6.05534,5.02718,1.028160,1,0,140.145,0,0,0,140.145,0
72.29,2.11427,0,0,5.13006,0.315467,2.70032,3.6288,61.308,0.353412,0,0,4.20705,0.136594,3.71704,0.66528,12.849,1,0.375795,2.70032,0,118.384,2.79216,117.916,0.84672,12.849,0.84672,3695.15,0,18.483,0,5.08667,1.63519,17.3081,1.00271,23.0272,0.42336,18.483,0.42336,0,0,442.007,0,1.02816,0,0,6.11483,5.08667,1.028160,1,0,144.66,0,0,0,144.66,0
72.29,2.08533,0,0,5.12274,0.280099,2.75731,3.6288,61.308,0.332796,0,0,3.03302,0.157337,2.54289,0.66528,12.849,1,0.370652,2.75731,0,131.224,2.7711,130.84,0.84672,12.849,0.84672,3695.15,0,18.483,0,5.49256,1.63534,11.8644,1.01835,17.9739,0.42336,18.483,0.42336,0,0,442.007,0,1.02816,0,0,6.52072,5.49256,1.028160,1,0,151.357,0,0,0,151.357,0
72.29,2.08553,0,0,4.89694,0.263859,2.54755,3.6288,61.308,0.332927,0,0,2.66851,0.163759,2.17182,0.66528,12.849,1,0.370687,2.54755,0,122.507,2.83616,121.848,0.84672,12.849,0.84672,3695.15,0,18.483,0,5.45026,1.61164,10.5283,1.03429,16.5559,0.42336,18.483,0.42336,0,0,442.007,0,1.02816,0,0,6.47842,5.45026,1.028160,1,0,140.576,0,0,0,140.576,0
72.29,2.08573,0,0,4.4792,0.24181,2.15166,3.6288,61.308,0.333058,0,0,2.53796,0.168754,2.03614,0.66528,12.849,1,0.370723,2.15166,0,112.082,2.93638,110.926,0.84672,12.849,0.84672,3695.15,0,18.483,0,4.50517,1.6118,10.1223,1.06985,15.1694,0.42336,18.483,0.42336,0,0,442.007,0,1.02816,0,0,5.53333,4.50517,1.028160,1,0,128.132,0,0,0,128.132,0
72.29,2.08593,0,0,4.35434,0.209521,2.05888,3.6288,61.308,0.33319,0,0,2.53111,0.175847,2.02207,0.66528,12.849,1,0.370759,2.05888,0,105.29,3.73475,103.243,0.84672,12.849,0.84672,3695.15,0,18.483,0,4.97908,1.61195,9.92917,1.12391,15.3963,0.42336,18.483,0.42336,0,0,442.007,0,1.02816,0,0,6.00724,4.97908,1.028160,1,0,120.661,0,0,0,120.661,0
72.29,2.18509,0,0,4.25629,0.219501,1.85169,3.6288,61.308,0.40693,0,0,2.36196,0.159993,1.79504,0.66528,12.849,1,0.388384,1.85169,0,97.9577,4.20746,95.2136,0.84672,12.849,0.84672,3695.15,0,18.483,0,4.71166,1.61211,9.12928,0.996858,14.4562,0.42336,18.483,0.42336,0,0,442.007,0,1.02816,0,0,5.73982,4.71166,1.028160,1,0,111.465,0,0,0,111.465,0
72.29,2.18531,0,0,4.31715,0.13625,1.99559,3.6288,61.308,0.407068,0,0,2.12872,0.189053,1.5326,0.66528,12.849,1,0.388421,1.99559,0,89.0896,3.87506,86.8217,0.84672,12.849,0.84672,3695.15,0,18.483,0,4.37238,1.69572,9.01714,0.937002,14.1482,0.42336,18.483,0.42336,0,0,442.007,0,1.02816,0,0,5.40054,4.37238,1.028160,1,0,102.503,0,0,0,102.503,0
72.29,2.18552,0,0,3.98917,0.120413,1.68324,3.6288,61.308,0.407206,0,0,2.10944,0.194685,1.50755,0.66528,12.849,1,0.388459,1.68324,0,81.1495,3.95062,78.4936,0.84672,12.849,0.84672,3695.15,0,18.483,0,4.02561,1.69588,8.59775,0.952206,13.367,0.42336,18.483,0.42336,0,0,442.007,0,1.02816,0,0,5.05377,4.02561,1.028160,1,0,93.3682,0,0,0,93.3682,0
72.29,2.18573,0,0,3.7416,0.120413,1.43546,3.6288,61.308,0.407344,0,0,2.03738,0.194685,1.43535,0.66528,12.849,1,0.388496,1.43546,0,75.1715,3.95062,72.2678,0.84672,12.849,0.84672,3695.15,0,18.483,0,3.76556,1.69604,8.3757,0.952206,12.8851,0.42336,18.483,0.42336,0,0,442.007,0,1.02816,0,0,4.79372,3.76556,1.028160,1,0,86.5882,0,0,0,86.5882,0
72.29,2.18594,0,0,3.57771,0.120685,1.27109,3.6288,61.308,0.407483,0,0,1.90319,0.205876,1.28983,0.66528,12.849,1,0.388534,1.27109,0,71.3102,4.10868,68.0841,0.84672,12.849,0.84672,3695.15,0,18.483,0,3.60413,1.69621,8.26736,0.999392,12.5683,0.42336,18.483,0.42336,0,0,442.007,0,1.02816,0,0,4.63229,3.60413,1.028160,1,0,81.9423,0,0,0,81.9423,0
72.29,2.16657,0,0,4.55058,0.109262,2.27475,3.6288,61.308,0.448097,0,0,2.15467,0.220618,1.48595,0.66528,12.849,1,0.385091,2.27475,0,75.1844,4.67156,72.4025,0.84672,12.849,0.84672,3695.15,0,18.483,0,3.97851,1.69637,11.5394,1.16022,16.0541,0.42336,18.483,0.42336,0,0,442.007,0,1.02816,0,0,5.00667,3.97851,1.028160,1,0,89.9426,0,0,0,89.9426,0
72.29,2.16678,0,0,4.20066,0.109329,1.92456,3.6288,61.308,0.448239,0,0,2.13224,0.220618,1.46338,0.66528,12.849,1,0.385128,1.92456,0,68.7459,4.67156,65.6138,0.84672,12.849,0.84672,3695.15,0,18.483,0,3.87362,1.72255,10.587,1.16022,15.023,0.42336,18.483,0.42336,0,0,442.007,0,1.02816,0,0,4.90178,3.87362,1.028160,1,0,82.1001,0,0,0,82.1001,0
72.29,2.16698,0,0,3.92626,0.109262,1.65001,3.6288,61.308,0.448382,0,0,2.14508,0.220618,1.47608,0.66528,12.849,1,0.385165,1.65001,0,63.9153,4.67156,60.5086,0.84672,12.849,0.84672,3695.15,0,18.483,0,4.09245,1.72271,10.2338,1.16022,14.8888,0.42336,18.483,0.42336,0,0,442.007,0,1.02816,0,0,5.12061,4.09245,1.028160,1,0,76.8734,0,0,0,76.8734,0
72.29,2.16719,0,0,3.82089,0.105742,1.54796,3.6288,61.308,0.448524,0,0,2.02996,0.248044,1.33339,0.66528,12.849,1,0.385202,1.54796,0,59.8147,5.01685,55.9606,0.84672,12.849,0.84672,3695.15,0,18.483,0,3.87813,1.72288,9.84977,1.24307,14.2077,0.42336,18.483,0.42336,0,0,442.007,0,1.02816,0,0,4.90629,3.87813,1.028160,1,0,71.5017,0,0,0,71.5017,0
72.29,2.21799,0,0,3.89723,0.0907513,1.58849,3.6288,61.308,0.484753,0,0,1.98741,0.273085,1.22957,0.66528,12.849,1,0.39423,1.58849,0,65.4211,5.65149,60.9639,0.84672,12.849,0.84672,3695.15,0,18.483,0,3.86773,1.72304,9.49968,1.32515,13.7653,0.42336,18.483,0.42336,0,0,442.007,0,1.02816,0,0,4.89589,3.86773,1.028160,1,0,75.9588,0,0,0,75.9588,0
72.29,2.2182,0,0,4.00805,0.081488,1.70837,3.6288,61.308,0.484899,0,0,1.97325,0.276439,1.21191,0.66528,12.849,1,0.394268,1.70837,0,66.5565,5.93323,61.9374,0.84672,12.849,0.84672,3695.15,0,18.483,0,3.88142,1.76468,8.83319,1.34011,13.1392,0.42336,18.483,0.42336,0,0,442.007,0,1.02816,0,0,4.90958,3.88142,1.028160,1,0,76.2885,0,0,0,76.2885,0
72.29,2.21841,0,0,3.67679,0.081488,1.37689,3.6288,61.308,0.485045,0,0,1.88269,0.276439,1.12121,0.66528,12.849,1,0.394306,1.37689,0,62.5564,5.93323,57.6057,0.84672,12.849,0.84672,3695.15,0,18.483,0,3.69973,1.76485,8.23236,1.34011,12.3568,0.42336,18.483,0.42336,0,0,442.007,0,1.02816,0,0,4.72789,3.69973,1.028160,1,0,71.0838,0,0,0,71.0838,0
72.29,2.21863,0,0,3.3192,0.0775342,1.02304,3.6288,61.308,0.48519,0,0,1.79372,0.285981,1.02254,0.66528,12.849,1,0.394344,1.02304,0,58.1113,5.90478,52.8353,0.84672,12.849,0.84672,3695.15,0,18.483,0,3.96631,1.76502,9.18683,1.39886,13.5193,0.42336,18.483,0.42336,0,0,442.007,0,1.02816,0,0,4.99447,3.96631,1.028160,1,0,67.3771,0,0,0,67.3771,0
72.29,2.36703,0,0,4.13969,0.0906418,1.68202,3.6288,61.308,0.615642,0,0,2.41402,0.298119,1.50026,0.66528,12.849,1,0.420721,1.68202,0,53.5333,5.56606,49.2285,0.84672,12.849,0.84672,3695.15,0,18.483,0,4.86129,1.76519,14.6562,1.4786,19.8041,0.42336,18.483,0.42336,0,0,442.007,0,1.02816,0,0,5.88945,4.86129,1.028160,1,0,70.5328,0,0,0,70.5328,0
72.29,2.36725,0,0,3.02069,0.0913712,0.562065,3.6288,61.308,0.6158,0,0,1.41094,0.300337,0.494801,0.66528,12.849,1,0.420762,0.562065,0,37.7063,6.0543,31.7933,0.84672,12.849,0.84672,3695.15,0,18.483,0,2.5964,1.90584,7.16152,1.4942,10.1696,0.42336,18.483,0.42336,0,0,442.007,0,1.02816,0,0,3.62456,2.5964,1.028160,1,0,42.4577,0,0,0,42.4577,0
72.29,2.36748,0,0,3.31505,0.0913712,0.856193,3.6288,61.308,0.615958,0,0,1.74228,0.300337,0.825987,0.66528,12.849,1,0.420802,0.856193,0,48.493,6.0543,42.8741,0.84672,12.849,0.84672,3695.15,0,18.483,0,3.47497,1.90602,7.81237,1.4942,11.6992,0.42336,18.483,0.42336,0,0,442.007,0,1.02816,0,0,4.50313,3.47497,1.028160,1,0,55.3993,0,0,0,55.3993,0
72.1312,2.36771,0,0,2.66317,0.0913712,0.36288,3.6288,61.308,0.616117,0,0,1.26017,0.300337,0.343716,0.66528,12.849,1,0.420843,0.36288,0,47.3856,6.0543,41.2734,0.84672,12.849,0.84672,3695.15,0,18.483,0,2.09815,1.90621,6.27157,1.4942,8.78173,0.42336,18.483,0.42336,0,0,442.007,0,1.02816,0,0,3.12631,2.09815,1.028160,1,0,50.3988,0,0,0,50.3988,0
72.29,2.36636,0,0,3.31669,0.0912611,0.700269,3.6288,61.308,0.616275,0,0,2.15387,0.300337,1.23725,0.66528,12.849,1,0.421529,0.700269,0,43.2777,6.0543,37.5021,0.84672,12.849,0.84672,3695.15,0,18.483,0,4.88566,1.90639,9.69719,1.4942,14.995,0.42336,18.483,0.42336,0,0,442.007,0,1.02816,0,0,5.91382,4.88566,1.028160,1,0,53.7344,0,0,0,53.7344,0
72.29,2.29591,0,0,3.62078,0.144502,1.18037,3.6288,61.308,0.537305,0,0,1.90826,0.319349,1.0516,0.66528,12.849,1,0.408081,1.18037,0,37.613,5.61165,32.7737,0.84672,12.849,0.84672,3695.15,0,18.483,0,2.37768,1.90657,10.1002,1.323,13.0614,0.42336,18.483,0.42336,0,0,442.007,0,1.02816,0,0,3.40584,2.37768,1.028160,1,0,46.8867,0,0,0,46.8867,0
72.29,2.29613,0,0,4.34855,0.196407,1.85601,3.6288,61.308,0.537456,0,0,2.85972,0.314407,2.00786,0.66528,12.849,1,0.40812,1.85601,0,36.7912,5.28076,32.9583,0.84672,12.849,0.84672,3695.15,0,18.483,0,3.52547,1.82621,14.6336,1.26523,18.72,0.42336,18.483,0.42336,0,0,442.007,0,1.02816,0,0,4.55363,3.52547,1.028160,1,0,53.6862,0,0,0,53.6862,0
72.29,2.29635,0,0,4.13943,0.196407,1.64667,3.6288,61.308,0.537607,0,0,2.78251,0.314407,1.9305,0.66528,12.849,1,0.40816,1.64667,0,46.833,5.28076,42.7908,0.84672,12.849,0.84672,3695.15,0,18.483,0,3.24193,1.82639,14.4878,1.26523,18.2909,0.42336,18.483,0.42336,0,0,442.007,0,1.02816,0,0,4.27009,3.24193,1.028160,1,0,63.0122,0,0,0,63.0122,0
72.29,2.29658,0,0,4.65305,0.196407,2.16006,3.6288,61.308,0.537757,0,0,3.65402,0.314407,2.80186,0.66528,12.849,1,0.408199,2.16006,0,92.864,5.28076,89.3351,0.84672,12.849,0.84672,3695.15,0,18.483,0,4.20442,1.82656,19.2423,1.26523,24.0081,0.42336,18.483,0.42336,0,0,442.007,0,1.02816,0,0,5.23258,4.20442,1.028160,1,0,116.145,0,0,0,116.145,0
72.29,2.23746,0,0,3.62792,0.232007,1.15845,3.6288,61.308,0.465854,0,0,2.43824,0.290037,1.68235,0.66528,12.849,1,0.397692,1.15845,0,105.764,4.74045,101.784,0.84672,12.849,0.84672,3695.15,0,18.483,0,2.30461,1.82674,15.5575,1.14404,18.5448,0.42336,18.483,0.42336,0,0,442.007,0,1.02816,0,0,3.33277,2.30461,1.028160,1,0,122.011,0,0,0,122.011,0
72.29,2.23768,0,0,4.01304,0.279474,1.49588,3.6288,61.308,0.465998,0,0,2.38837,0.257543,1.66483,0.66528,12.849,1,0.397731,1.49588,0,57.8118,4.02003,54.8899,0.84672,12.849,0.84672,3695.15,0,18.483,0,3.02699,1.75531,17.6992,0.982446,21.4991,0.42336,18.483,0.42336,0,0,442.007,0,1.02816,0,0,4.05515,3.02699,1.028160,1,0,78.0538,0,0,0,78.0538,0
72.29,2.2379,0,0,2.90893,0.279474,0.391563,3.6288,61.308,0.466141,0,0,1.66197,0.257543,0.938289,0.66528,12.849,1,0.397769,0.391563,0,49.7489,4.02003,45.7227,0.84672,12.849,0.84672,3695.15,0,18.483,0,1.56902,1.75548,14.4938,0.982446,16.8358,0.42336,18.483,0.42336,0,0,442.007,0,1.02816,0,0,2.59718,1.56902,1.028160,1,0,63.4968,0,0,0,63.4968,0
72.29,2.23811,0,0,4.24736,0.279474,1.72978,3.6288,61.308,0.466285,0,0,1.70433,0.257543,0.980498,0.66528,12.849,1,0.397807,1.72978,0,65.6486,4.02003,62.9606,0.84672,12.849,0.84672,3695.15,0,18.483,0,1.06624,1.75565,14.3158,0.982446,16.1552,0.42336,18.483,0.42336,0,0,442.007,0,1.02816,0,0,2.0944,1.06624,1.028160,1,0,80.0963,0,0,0,80.0963,0
72.29,2.06976,0,0,4.736,0.308116,2.35813,3.6288,61.308,0.316303,0,0,2.6879,0.288242,2.08335,0.66528,12.849,1,0.367883,2.35813,0,74.1654,4.71317,71.4425,0.84672,12.849,0.84672,3695.15,0,18.483,0,2.86617,1.75582,21.684,1.20001,25.106,0.42336,18.483,0.42336,0,0,442.007,0,1.02816,0,0,3.89433,2.86617,1.028160,1,0,98.6318,0,0,0,98.6318,0
72.29,2.06995,0,0,6.23136,0.282163,3.87924,3.6288,61.308,0.316432,0,0,2.18566,0.246975,1.62225,0.66528,12.849,1,0.367919,3.87924,0,132.798,4.0509,132.258,0.84672,12.849,0.84672,3695.15,0,18.483,0,0.767992,1.59472,16.5154,1.14577,17.7323,0.42336,18.483,0.42336,0,0,442.007,0,1.02816,0,0,1.79615,0.767992,1.028160,1,0,151.613,0,0,0,151.613,0
72.29,2.07015,0,0,4.8814,0.282163,2.52908,3.6288,61.308,0.316562,0,0,2.05057,0.246975,1.48704,0.66528,12.849,1,0.367954,2.52908,0,116.619,4.0509,114.729,0.84672,12.849,0.84672,3695.15,0,18.483,0,1.67913,1.59487,17.8794,1.14577,20.0077,0.42336,18.483,0.42336,0,0,442.007,0,1.02816,0,0,2.70729,1.67913,1.028160,1,0,136.224,0,0,0,136.224,0
72.29,2.07035,0,0,5.0117,0.282163,2.65918,3.6288,61.308,0.316691,0,0,2.40999,0.246975,1.84632,0.66528,12.849,1,0.36799,2.65918,0,109.2,4.0509,107.44,0.84672,12.849,0.84672,3695.15,0,18.483,0,3.69841,1.59502,28.6515,1.14577,32.7992,0.42336,18.483,0.42336,0,0,442.007,0,1.02816,0,0,4.72657,3.69841,1.028160,1,0,142.086,0,0,0,142.086,0
72.29,2.07055,0,0,5.42871,0.282163,3.076,3.6288,61.308,0.316821,0,0,2.12499,0.246975,1.56119,0.66528,12.849,1,0.368025,3.076,0,107.68,4.0509,106.337,0.84672,12.849,0.84672,3695.15,0,18.483,0,2.48658,1.59518,21.386,1.14577,24.322,0.42336,18.483,0.42336,0,0,442.007,0,1.02816,0,0,3.51474,2.48658,1.028160,1,0,132.221,0,0,0,132.221,0
72.29,2.13562,0,0,4.01104,0.303541,1.57188,3.6288,61.308,0.36044,0,0,2.40141,0.197103,1.84387,0.66528,12.849,1,0.37959,1.57188,0,89.4059,3.10373,87.4944,0.84672,12.849,0.84672,3695.15,0,18.483,0,2.5508,1.59533,15.9518,0.900982,19.1969,0.42336,18.483,0.42336,0,0,442.007,0,1.02816,0,0,3.57896,2.5508,1.028160,1,0,108.535,0,0,0,108.535,0
72.29,2.13581,0,0,2.89595,0.312093,0.448045,3.6288,61.308,0.360564,0,0,2.17251,0.177155,1.63479,0.66528,12.849,1,0.379624,0.448045,0,84.5537,2.72486,81.8973,0.84672,12.849,0.84672,3695.15,0,18.483,0,2.44696,1.64651,12.7133,0.803069,16.0037,0.42336,18.483,0.42336,0,0,442.007,0,1.02816,0,0,3.47512,2.44696,1.028160,1,0,99.5358,0,0,0,99.5358,0
71.9637,2.136,0,0,2.48464,0.312093,0.36288,3.6288,61.308,0.360688,0,0,1.91598,0.177155,1.37814,0.66528,12.849,1,0.379658,0.36288,0,48.1283,2.72486,45.3867,0.84672,12.849,0.84672,3695.15,0,18.483,0,2.00859,1.64666,10.7012,0.803069,13.5533,0.42336,18.483,0.42336,0,0,442.007,0,1.02816,0,0,3.03675,2.00859,1.028160,1,0,60.3182,0,0,0,60.3182,0
71.4122,2.13327,0,0,2.26639,0.321733,0.36288,3.6288,61.308,0.360812,0,0,1.7481,0.172201,1.21508,0.66528,12.849,1,0.380891,0.36288,0,43.4369,2.79847,40.6204,0.84672,12.849,0.84672,3695.15,0,18.483,0,1.71802,1.6468,9.58807,0.786805,12.1661,0.42336,18.483,0.42336,0,0,442.007,0,1.02816,0,0,2.74618,1.71802,1.028160,1,0,54.0016,0,0,0,54.0016,0
70.9133,2.33608,0,0,2.55754,0.357436,0.36288,3.6288,61.308,0.524265,0,0,1.53563,0.164811,0.846555,0.66528,12.849,1,0.420324,0.36288,0,47.9627,3.27038,44.6349,0.84672,12.849,0.84672,3695.15,0,18.483,0,1.86852,1.64695,9.32083,0.849875,11.9864,0.42336,18.483,0.42336,0,0,442.007,0,1.02816,0,0,2.89668,1.86852,1.028160,1,0,57.4679,0,0,0,57.4679,0
71.3001,2.33129,0,0,3.42173,0.340832,0.36288,3.6288,61.308,0.524404,0,0,1.52578,0.172099,0.829278,0.66528,12.849,1,0.422413,0.36288,0,74.8034,3.06306,71.6808,0.84672,12.849,0.84672,3695.15,0,18.483,0,2.27036,1.82926,7.66238,0.737072,11.0249,0.42336,18.483,0.42336,0,0,442.007,0,1.02816,0,0,3.29852,2.27036,1.028160,1,0,83.535,0,0,0,83.535,0
71.4036,2.33538,0,0,3.12816,0.326363,0.36288,3.6288,61.308,0.524543,0,0,1.6337,0.19431,0.91485,0.66528,12.849,1,0.420859,0.36288,0,70.67,3.84519,66.7668,0.84672,12.849,0.84672,3695.15,0,18.483,0,2.41949,1.82942,8.87,0.998092,12.1208,0.42336,18.483,0.42336,0,0,442.007,0,1.02816,0,0,3.44765,2.41949,1.028160,1,0,79.8025,0,0,0,79.8025,0
71.9416,2.33662,0,0,3.53608,0.298556,0.36288,3.6288,61.308,0.524682,0,0,1.54081,0.199427,0.816697,0.66528,12.849,1,0.420472,0.36288,0,74.7602,4.14596,70.5566,0.84672,12.849,0.84672,3695.15,0,18.483,0,2.58122,1.82959,10.1216,1.06802,13.4644,0.42336,18.483,0.42336,0,0,442.007,0,1.02816,0,0,3.60938,2.58122,1.028160,1,0,84.8377,0,0,0,84.8377,0
72.29,2.04529,0,0,3.40076,0.28428,0.722815,3.6288,61.308,0.305554,0,0,2.02757,0.219394,1.50262,0.66528,12.849,1,0.365294,0.722815,0,84.1778,3.97006,80.5653,0.84672,12.849,0.84672,3695.15,0,18.483,0,3.06876,1.82975,13.7155,0.915995,17.698,0.42336,18.483,0.42336,0,0,442.007,0,1.02816,0,0,4.09692,3.06876,1.028160,1,0,99.7659,0,0,0,99.7659,0
72.29,2.04846,0,0,3.74977,0.346598,1.35471,3.6288,61.308,0.305673,0,0,2.09053,0.206109,1.57875,0.66528,12.849,1,0.364099,1.35471,0,85.8116,4.3513,82.4509,0.84672,12.849,0.84672,3695.15,0,18.483,0,2.6959,1.58064,9.53099,1.0303,12.7772,0.42336,18.483,0.42336,0,0,442.007,0,1.02816,0,0,3.72406,2.6959,1.028160,1,0,96.8069,0,0,0,96.8069,0
72.277,2.04865,0,0,2.73734,0.338806,0.36288,3.6288,61.308,0.305793,0,0,1.23062,0.222707,0.702121,0.66528,12.849,1,0.364131,0.36288,0,60.8357,4.74442,56.09,0.84672,12.849,0.84672,3695.15,0,18.483,0,1.10269,1.58078,4.88855,1.15329,6.41873,0.42336,18.483,0.42336,0,0,442.007,0,1.02816,0,0,2.13085,1.10269,1.028160,1,0,63.2109,0,0,0,63.2109,0
72.29,2.04872,0,0,3.11352,0.338773,0.713037,3.6288,61.308,0.305912,0,0,1.53996,0.222707,1.01134,0.66528,12.849,1,0.36421,0.713037,0,45.7294,4.74442,41.3338,0.84672,12.849,0.84672,3695.15,0,18.483,0,2.15113,1.58093,5.80575,1.15329,8.38451,0.42336,18.483,0.42336,0,0,442.007,0,1.02816,0,0,3.17929,2.15113,1.028160,1,0,50.7297,0,0,0,50.7297,0
72.29,2.04901,0,0,5.50348,0.338806,3.11566,3.6288,61.308,0.306031,0,0,2.37864,0.222707,1.84991,0.66528,12.849,1,0.364197,3.11566,0,64.7574,4.74442,62.7644,0.84672,12.849,0.84672,3695.15,0,18.483,0,5.30734,1.58107,14.9524,1.15329,20.6875,0.42336,18.483,0.42336,0,0,442.007,0,1.02816,0,0,6.3355,5.30734,1.028160,1,0,85.3019,0,0,0,85.3019,0
72.29,2.12407,0,0,5.97689,0.304422,3.5484,3.6288,61.308,0.359816,0,0,1.87759,0.210858,1.30692,0.66528,12.849,1,0.377537,3.5484,0,122.242,4.89247,120.521,0.84672,12.849,0.84672,3695.15,0,18.483,0,3.80664,1.58121,11.4115,1.18473,15.6146,0.42336,18.483,0.42336,0,0,442.007,0,1.02816,0,0,4.8348,3.80664,1.028160,1,0,137.442,0,0,0,137.442,0
72.29,2.12426,0,0,5.16655,0.298692,2.7436,3.6288,61.308,0.35994,0,0,1.59709,0.208884,1.02826,0.66528,12.849,1,0.377571,2.7436,0,109.464,4.91715,106.913,0.84672,12.849,0.84672,3695.15,0,18.483,0,2.63067,1.64292,10.2963,1.18997,13.3799,0.42336,18.483,0.42336,0,0,442.007,0,1.02816,0,0,3.65883,2.63067,1.028160,1,0,121.322,0,0,0,121.322,0
72.29,2.12445,0,0,3.98949,0.298692,1.56634,3.6288,61.308,0.360064,0,0,1.13573,0.208884,0.56678,0.66528,12.849,1,0.377605,1.56634,0,90.0685,4.91715,86.3401,0.84672,12.849,0.84672,3695.15,0,18.483,0,1.89146,1.64307,10.0672,1.18997,12.4117,0.42336,18.483,0.42336,0,0,442.007,0,1.02816,0,0,2.91962,1.89146,1.028160,1,0,99.3186,0,0,0,99.3186,0
72.29,2.12464,0,0,3.47321,0.295482,1.05309,3.6288,61.308,0.360188,0,0,1.03105,0.212777,0.458081,0.66528,12.849,1,0.377639,1.05309,0,80.7045,5.02068,76.3593,0.84672,12.849,0.84672,3695.15,0,18.483,0,1.65848,1.64322,11.0109,1.19751,13.1151,0.42336,18.483,0.42336,0,0,442.007,0,1.02816,0,0,2.68664,1.65848,1.028160,1,0,89.9325,0,0,0,89.9325,0
72.29,2.09554,0,0,3.13179,0.277735,0.758513,3.6288,61.308,0.339462,0,0,0.882274,0.218725,0.324087,0.66528,12.849,1,0.372467,0.758513,0,63.4955,5.25906,58.6225,0.84672,12.849,0.84672,3695.15,0,18.483,0,1.52506,1.64337,9.01454,1.23775,10.9452,0.42336,18.483,0.42336,0,0,442.007,0,1.02816,0,0,2.55322,1.52506,1.028160,1,0,69.8918,0,0,0,69.8918,0
72.29,2.09573,0,0,2.96118,0.256452,0.608994,3.6288,61.308,0.339585,0,0,0.775639,0.217699,0.218355,0.66528,12.849,1,0.372501,0.608994,0,58.3769,5.13637,53.4771,0.84672,12.849,0.84672,3695.15,0,18.483,0,1.39653,1.61954,7.81842,1.25025,9.58423,0.42336,18.483,0.42336,0,0,442.007,0,1.02816,0,0,2.42469,1.39653,1.028160,1,0,63.2796,0,0,0,63.2796,0
72.29,2.09592,0,0,2.67361,0.201468,0.376225,3.6288,61.308,0.339707,0,0,0.845562,0.200721,0.305134,0.66528,12.849,1,0.372534,0.376225,0,52.9541,4.23308,48.7247,0.84672,12.849,0.84672,3695.15,0,18.483,0,1.09492,1.61968,7.38469,1.14631,8.95299,0.42336,18.483,0.42336,0,0,442.007,0,1.02816,0,0,2.12308,1.09492,1.028160,1,0,57.9829,0,0,0,57.9829,0
72.1408,2.09611,0,0,2.51128,0.201468,0.36288,3.6288,61.308,0.339829,0,0,0.796522,0.200721,0.255971,0.66528,12.849,1,0.372567,0.36288,0,45.1273,4.23308,40.8846,0.84672,12.849,0.84672,3695.15,0,18.483,0,0.951134,1.61983,6.73618,1.14631,8.16083,0.42336,18.483,0.42336,0,0,442.007,0,1.02816,0,0,1.97929,0.951134,1.028160,1,0,49.3014,0,0,0,49.3014,0
71.8149,2.19436,0,0,2.42593,0.194589,0.36288,3.6288,61.308,0.413919,0,0,0.753106,0.208203,0.130984,0.66528,12.849,1,0.390838,0.36288,0,41.5109,4.31742,37.1655,0.84672,12.849,0.84672,3695.15,0,18.483,0,0.83795,1.61997,6.8275,1.1625,8.12292,0.42336,18.483,0.42336,0,0,442.007,0,1.02816,0,0,1.86611,0.83795,1.028160,1,0,45.4194,0,0,0,45.4194,0
71.3531,2.19155,0,0,2.24691,0.154302,0.36288,3.6288,61.308,0.414048,0,0,0.71013,0.253092,0.0429901,0.66528,12.849,1,0.392108,0.36288,0,34.6433,4.82349,29.7906,0.84672,12.849,0.84672,3695.15,0,18.483,0,0.816661,1.70398,6.48562,1.25966,7.74659,0.42336,18.483,0.42336,0,0,442.007,0,1.02816,0,0,1.84482,0.816661,1.028160,1,0,37.5802,0,0,0,37.5802,0
70.6342,2.18745,0,0,1.98524,0.153759,0.36288,3.6288,61.3041,0.414177,0,0,0.663371,0.253092,0,0.66528,12.849,1,0.393907,0.36288,0,31.8762,4.82349,27.0216,0.84672,12.849,0.84672,3695.15,0,18.483,0,0.662662,1.70413,5.78213,1.25966,6.88926,0.42336,18.483,0.42336,0,0,442.007,0,1.02816,0,0,1.69082,0.662662,1.028160,1,0,33.9109,0,0,0,33.9109,0
69.838,2.18087,0,0,1.90039,0.152914,0.36288,3.6288,61.2565,0.414306,0,0,0.619822,0.253086,0,0.66528,12.849,1,0.396719,0.36288,0,29.9649,4.82349,25.1076,0.84672,12.849,0.84672,3695.15,0,18.483,0,0.513838,1.70428,5.34859,1.25966,6.30705,0.42336,18.483,0.42336,0,0,442.007,0,1.02816,0,0,1.542,0.513838,1.028160,1,0,31.4146,0,0,0,31.4146,0
68.8409,2.17345,0,0,1.69125,0.151979,0.36288,3.6288,61.1578,0.414435,0,0,0.568679,0.253009,0,0.66528,12.849,1,0.399878,0.36288,0,27.0219,4.82349,22.1615,0.84672,12.849,0.84672,3695.15,0,18.483,0,0.377421,1.70443,5.15426,1.25966,5.97645,0.42336,18.483,0.42336,0,0,442.007,0,1.02816,0,0,1.40558,0.377421,1.028160,1,0,28.1379,0,0,0,28.1379,0
67.6221,2.14456,0,0,1.4095,0.120883,0.36288,3.6288,61.1181,0.455236,0,0,0.630685,0.215098,0,0.66528,12.849,1,0.400277,0.36288,0,28.2486,4.55196,23.6592,0.84672,12.849,0.84672,3695.15,0,18.483,0,0.317071,1.70459,3.83887,1.06789,4.79264,0.42336,18.483,0.42336,0,0,442.007,0,1.02816,0,0,1.34523,0.317071,1.028160,1,0,28.4518,0,0,0,28.4518,0
66.2275,2.13273,0,0,1.22391,0.122896,0.36288,3.6288,60.9462,0.580303,0,0,0.611624,0.203251,0,0.66528,12.849,1,0.405243,0.36288,0,28.054,4.44423,23.5674,0.84672,12.849,0.84672,3695.15,0,18.483,0,0.30119,1.73088,3.46675,1.01997,4.47885,0.42336,18.483,0.42336,0,0,442.007,0,0.903226,0,0,1.20442,0.30119,1.028160,1,0,28.0462,0,0,0,28.0462,0
64.754,2.11879,0,0,1.12067,0.112465,0.36288,3.6288,60.7135,0.589923,0,0,0.582107,0.224918,0,0.66528,12.849,1,0.411073,0.36288,0,24.7402,4.72653,19.9655,0.84672,12.849,0.84672,3695.15,0,18.483,0,0.261274,1.73103,3.36671,1.12301,4.236,0.42336,18.483,0.42336,0,0,442.007,0,0.893739,0,0,1.15501,0.261274,1.028160,1,0,24.2015,0,0,0,24.2015,0
63.2569,2.10361,0,0,1.058,0.0887066,0.36288,3.6288,60.3672,0.610239,0,0,0.543239,0.279225,0,0.66528,12.849,1,0.417414,0.36288,0,22.0044,5.43228,16.5176,0.84672,12.849,0.84672,3695.15,0,18.483,0,0.261274,1.73119,3.21143,1.38062,3.82326,0.42336,18.483,0.42336,0,0,442.007,0,0.873556,0,0,1.13483,0.261274,1.028160,1,0,20.3409,0,0,0,20.3409,0
61.6828,2.1364,0,0,1.0088,0.0835577,0.36288,3.6288,59.9641,0.659843,0,0,0.536727,0.280024,0,0.66528,12.849,1,0.433955,0.36288,0,21.8865,5.43219,16.3832,0.84672,12.849,0.84672,3695.15,0,18.483,0,0.261274,1.73134,3.0166,1.38929,3.61993,0.42336,18.483,0.42336,0,0,442.007,0,0.860345,0,0,1.12162,0.261274,1.028160,1,0,20.0032,0,0,0,20.0032,0
60.2035,2.11869,0,0,1.0794,0.0771161,0.36288,3.6288,59.5913,0.642725,0,0,0.551084,0.281185,0,0.66528,12.849,1,0.441338,0.36288,0,22.1299,5.43207,16.6194,0.84672,12.849,0.84672,3695.15,0,18.483,0,0.261274,1.77316,2.99955,1.40084,3.63315,0.42336,18.483,0.42336,0,0,442.007,0,0.877599,0,0,1.13887,0.261274,1.028160,1,0,20.2525,0,0,0,20.2525,0
58.6017,2.10148,0,0,0.938658,0.0761651,0.36288,3.6288,59.0896,0.739032,0,0,0.517895,0.280516,0,0.66528,12.849,1,0.448511,0.36288,0,20.9373,5.43207,15.4196,0.84672,12.849,0.84672,3695.15,0,18.483,0,0.261274,1.77332,2.91902,1.40084,3.55277,0.42336,18.483,0.42336,0,0,442.007,0,0.781428,0,0,1.0427,0.261274,1.028160,1,0,18.9724,0,0,0,18.9724,0
56.946,2.08219,0,0,0.864363,0.0750006,0.36288,3.6288,58.5585,0.758928,0,0,0.507432,0.279617,0,0.66528,12.849,1,0.456541,0.36288,0,19.7467,5.43207,14.221,0.84672,12.849,0.84672,3695.15,0,18.483,0,0.227405,1.77348,2.88946,1.40084,3.4895,0.42336,18.483,0.42336,0,0,442.007,0,0.761668,0,0,0.989073,0.227405,1.028160,1,0,17.7105,0,0,0,17.7105,0
55.0436,2.19917,0,0,0.717613,0.0578713,0.36288,3.6288,57.8836,0.896015,0,0,0.504675,0.283533,0,0.66528,12.849,1,0.49621,0.36288,0,18.7262,5.72636,12.8666,0.84672,12.849,0.84672,3695.15,0,18.483,0,0.227405,1.77364,2.75181,1.38657,3.36628,0.42336,18.483,0.42336,0,0,442.007,0,0.755646,0,0,0.983051,0.227405,1.028160,1,0,16.2328,0,0,0,16.2328,0
53.197,2.17272,0,0,0.741571,0.0526016,0.36288,3.6288,57.2028,0.84923,0,0,0.464682,0.296225,0,0.66528,12.849,1,0.507184,0.36288,0,17.196,6.11919,10.9325,0.84672,12.849,0.84672,3695.15,0,18.483,0,0.227405,1.91495,2.85373,1.54028,3.45581,0.42336,18.483,0.42336,0,0,442.007,0,0.802578,0,0,1.02998,0.227405,1.028160,1,0,14.3883,0,0,0,14.3883,0
51.2954,2.14589,0,0,0.658783,0.0516264,0.36288,3.6288,56.4171,0.906929,0,0,0.416117,0.294922,0,0.66528,12.849,1,0.51831,0.36288,0,15.3696,6.11919,9.09499,0.84672,12.849,0.84672,3695.15,0,18.483,0,0.227405,1.91512,2.78693,1.54028,3.38918,0.42336,18.483,0.42336,0,0,442.007,0,0.745027,0,0,0.972432,0.227405,1.028160,1,0,12.4842,0,0,0,12.4842,0
49.4805,2.11699,0,0,0.715573,0.0506222,0.36288,3.6288,55.6679,0.876871,0,0,0.421051,0.293418,0,0.66528,12.849,1,0.530286,0.36288,0,14.6892,6.11919,8.40261,0.84672,12.849,0.84672,3695.15,0,18.483,0,0.204422,1.91529,2.96016,1.54028,3.5396,0.42336,18.483,0.42336,0,0,442.007,0,0.775233,0,0,0.979655,0.204422,1.028160,1,0,11.9422,0,0,0,11.9422,0
48.0726,2.08814,0,0,1.10525,0.0621142,0.36288,3.6288,55.2031,0.68236,0,0,0.506453,0.28888,0,0.66528,12.849,1,0.542244,0.36288,0,23.7256,6.03013,17.5161,0.84672,12.849,0.84672,3695.15,0,18.483,0,0.204422,1.91547,3.12832,1.52935,3.71885,0.42336,18.483,0.42336,0,0,442.007,0,0.969892,0,0,1.17431,0.204422,1.028160,1,0,21.235,0,0,0,21.235,0
47.2071,2.00188,0,0,1.60637,0.107112,0.36288,3.6288,55.0909,0.544736,0,0,0.69427,0.261678,0,0.66528,12.849,1,0.535068,0.36288,0,31.794,5.60337,26.0184,0.84672,12.849,0.84672,3695.15,0,18.483,0,0.262043,1.91564,5.10818,1.40295,5.88292,0.42336,18.483,0.42336,0,0,442.007,0,1.02816,0,0,1.2902,0.262043,1.028160,1,0,31.9013,0,0,0,31.9013,0
46.5833,1.98768,0,0,1.8446,0.117824,0.36288,3.6288,55.0662,0.544876,0,0,0.772788,0.252612,0,0.66528,12.849,1,0.541013,0.36288,0,30.4855,5.48016,24.8273,0.84672,12.849,0.84672,3695.15,0,18.483,0,0.391867,1.83488,5.67413,1.35821,6.54267,0.42336,18.483,0.42336,0,0,442.007,0,1.02816,0,0,1.42003,0.391867,1.028160,1,0,31.3699,0,0,0,31.3699,0
45.6429,1.97729,0,0,1.51676,0.117015,0.36288,3.6288,55.3488,0.545017,0,0,1.08011,0.252571,0,0.66528,12.849,1,0.545393,0.36288,0,29.5945,5.48016,23.9318,0.84672,12.849,0.84672,3695.15,0,18.483,0,1.39454,1.83505,6.40641,1.35821,8.27779,0.42336,18.483,0.42336,0,0,442.007,0,1.02816,0,0,2.4227,1.39454,1.028160,1,0,32.2096,0,0,0,32.2096,0
44.4615,1.96122,0,0,1.25855,0.115796,0.36288,3.6288,55.1315,0.545158,0,0,0.580934,0.253041,0,0.66528,12.849,1,0.552106,0.36288,0,28.3556,5.48016,22.6862,0.84672,12.849,0.84672,3695.15,0,18.483,0,0.226066,1.83521,4.77111,1.35821,5.47418,0.42336,18.483,0.42336,0,0,442.007,0,1.02816,0,0,1.25423,0.226066,1.028160,1,0,28.1604,0,0,0,28.1604,0
44.702,1.89028,0,0,2.64211,0.148534,0.36288,3.6288,55.2616,0.472904,0,0,0.832862,0.229873,0,0.66528,12.849,1,0.546276,0.36288,0,43.8235,4.80456,38.8355,0.84672,12.849,0.84672,3695.15,0,18.483,0,0.766783,1.83537,7.32706,1.19565,8.73356,0.42336,18.483,0.42336,0,0,442.007,0,1.02816,0,0,1.79494,0.766783,1.028160,1,0,47.5691,0,0,0,47.5691,0
47.0953,1.89466,0,0,4.83263,0.181721,0.36288,3.6288,56.7897,0.473038,0,0,2.22521,0.224039,0,0.66528,12.849,1,0.544597,0.36288,0,114.267,3.84226,110.243,0.84672,12.849,0.84672,3695.15,0,18.483,0,1.94896,1.76359,13.7271,1.01641,16.4233,0.42336,18.483,0.42336,0,0,442.007,0,1.02816,0,0,2.97712,1.94896,1.028160,1,0,126.667,0,0,0,126.667,0
51.2939,1.93536,0,0,6.68346,0.186644,0.36288,3.6288,58.2816,0.473173,0,0,2.19129,0.226289,0,0.66528,12.849,1,0.528025,0.36288,0,112.999,3.84226,108.992,0.84672,12.849,0.84672,3695.15,0,18.483,0,2.92443,1.76375,15.2821,1.01641,18.9539,0.42336,18.483,0.42336,0,0,442.007,0,1.02816,0,0,3.95259,2.92443,1.028160,1,0,127.946,0,0,0,127.946,0
53.7906,2.00097,0,0,5.06521,0.204611,0.36288,3.6288,58.8504,0.473307,0,0,1.26235,0.220185,0,0.66528,12.849,1,0.501238,0.36288,0,114.884,3.74325,111.003,0.84672,12.849,0.84672,3695.15,0,18.483,0,1.43537,1.76391,12.6018,0.983921,14.8171,0.42336,18.483,0.42336,0,0,442.007,0,1.02816,0,0,2.46353,1.43537,1.028160,1,0,125.82,0,0,0,125.82,0
57.184,1.88359,0,0,5.90747,0.267607,0.36288,3.6288,60.1102,0.32261,0,0,1.75338,0.171007,0,0.66528,12.849,1,0.449935,0.36288,0,105.241,3.14916,102.005,0.84672,12.849,0.84672,3695.15,0,18.483,0,2.2182,1.76407,13.3386,0.788994,16.5319,0.42336,18.483,0.42336,0,0,442.007,0,1.02816,0,0,3.24636,2.2182,1.028160,1,0,118.537,0,0,0,118.537,0
59.6403,1.92583,0,0,4.99052,0.245575,0.36288,3.6288,61.308,0.322731,0,0,2.6118,0.226358,0.864885,0.66528,12.849,1,0.432725,0.36288,0,74.4742,4.51815,69.8862,0.84672,12.849,0.84672,3695.15,0,18.483,0,1.79779,1.6022,11.501,1.16033,13.7407,0.42336,18.483,0.42336,0,0,442.007,0,1.02816,0,0,2.82595,1.79779,1.028160,1,0,84.4918,0,0,0,84.4918,0
60.1953,1.95449,0,0,3.12394,0.251503,0.36288,3.6288,61.308,0.322852,0,0,1.86119,0.228085,1.31025,0.66528,12.849,1,0.421079,0.36288,0,63.7544,4.51815,59.178,0.84672,12.849,0.84672,3695.15,0,18.483,0,1.11504,1.60234,7.96461,1.16033,9.52166,0.42336,18.483,0.42336,0,0,442.007,0,1.02816,0,0,2.1432,1.11504,1.028160,1,0,70.0099,0,0,0,70.0099,0
62.505,1.96089,0,0,4.88043,0.247015,0.36288,3.6288,61.308,0.322973,0,0,2.32093,0.230291,1.76766,0.66528,12.849,1,0.418563,0.36288,0,66.2057,4.19937,61.9507,0.84672,12.849,0.84672,3695.15,0,18.483,0,1.96638,1.60248,13.5085,1.12094,15.9564,0.42336,18.483,0.42336,0,0,442.007,0,1.02816,0,0,2.99454,1.96638,1.028160,1,0,79.6747,0,0,0,79.6747,0
65.9367,1.98619,0,0,6.02681,0.245972,0.36288,3.6288,61.308,0.323094,0,0,2.85708,0.240086,2.2939,0.66528,12.849,1,0.408297,0.36288,0,96.425,4.33656,92.043,0.84672,12.849,0.84672,3695.15,0,18.483,0,2.50868,1.60263,15.4854,1.10866,18.488,0.42336,18.483,0.42336,0,0,442.007,0,1.02816,0,0,3.53684,2.50868,1.028160,1,0,112.825,0,0,0,112.825,0
72.29,2.02132,0,0,10.1071,0.239932,1.49253,3.6288,61.308,0.323094,0,0,3.38367,0.233617,2.82696,0.66528,12.849,1,0.393892,1.49253,0,132.54,4.56893,129.07,0.84672,12.849,0.84672,3695.15,0,18.483,0,5.35618,1.60277,19.9905,1.1834,25.7661,0.42336,18.483,0.42336,0,0,442.007,0,1.02816,0,0,6.38434,5.35618,1.028160,1,0,157.663,0,0,0,157.663,0
72.29,2.14556,0,0,11.0611,0.241591,8.67395,3.6288,61.308,0.366907,0,0,4.33844,0.227908,3.74362,0.66528,12.849,1,0.381358,8.67395,0,340.814,4.67292,344.434,0.84672,12.849,0.84672,3695.15,0,18.483,0,6.29472,1.60277,25.6171,1.23442,32.2801,0.42336,18.483,0.42336,0,0,442.007,0,1.02816,0,0,7.32288,6.29472,1.028160,1,0,380.458,0,0,0,380.458,0
72.29,2.14574,0,0,10.6157,0.241591,8.22838,3.6288,61.308,0.367022,0,0,4.72605,0.227908,4.13112,0.66528,12.849,1,0.381389,8.22838,0,378.589,4.67292,381.763,0.84672,12.849,0.84672,3695.15,0,18.483,0,5.29544,1.65418,24.1776,1.23442,29.8928,0.42336,18.483,0.42336,0,0,442.007,0,1.02816,0,0,6.3236,5.29544,1.028160,1,0,415.787,0,0,0,415.787,0
72.29,2.14592,0,0,6.7547,0.254519,4.35426,3.6288,61.308,0.367138,0,0,2.411,0.206101,1.83776,0.66528,12.849,1,0.381421,4.35426,0,187.135,4.47846,186.63,0.84672,12.849,0.84672,3695.15,0,18.483,0,3.03947,1.65431,17.1573,1.17673,20.6744,0.42336,18.483,0.42336,0,0,442.007,0,1.02816,0,0,4.06763,3.03947,1.028160,1,0,209.142,0,0,0,209.142,0
72.29,2.1461,0,0,8.26304,0.290959,5.82598,3.6288,61.308,0.367253,0,0,3.24511,0.153028,2.72482,0.66528,12.849,1,0.381452,5.82598,0,177.048,3.89418,178.599,0.84672,12.849,0.84672,3695.15,0,18.483,0,3.55571,1.65445,20.7618,1.0222,24.9498,0.42336,18.483,0.42336,0,0,442.007,0,1.02816,0,0,4.58387,3.55571,1.028160,1,0,206.273,0,0,0,206.273,0
72.29,2.35562,0,0,8.72977,0.315687,6.05847,3.6288,61.308,0.531453,0,0,4.26267,0.161687,3.56953,0.66528,12.849,1,0.418693,6.05847,0,265.156,3.3054,267.491,0.84672,12.849,0.84672,3695.15,0,18.483,0,5.45134,1.65459,23.2758,0.960465,29.4213,0.42336,18.483,0.42336,0,0,442.007,0,1.02816,0,0,6.4795,5.45134,1.028160,1,0,300.482,0,0,0,300.482,0
72.29,2.35581,0,0,6.8675,0.315687,4.19601,3.6288,61.308,0.531582,0,0,3.54914,0.161687,2.85587,0.66528,12.849,1,0.418728,4.19601,0,191.209,3.3054,191.681,0.84672,12.849,0.84672,3695.15,0,18.483,0,4.69718,1.83773,18.7906,0.960465,24.3651,0.42336,18.483,0.42336,0,0,442.007,0,1.02816,0,0,5.72534,4.69718,1.028160,1,0,218.902,0,0,0,218.902,0
72.29,2.35601,0,0,6.32518,0.315325,3.65385,3.6288,61.308,0.531711,0,0,3.70414,0.138696,3.03373,0.66528,12.849,1,0.418762,3.65385,0,175.925,2.87782,176.282,0.84672,12.849,0.84672,3695.15,0,18.483,0,5.52639,1.83788,19.164,0.828764,25.6995,0.42336,18.483,0.42336,0,0,442.007,0,1.02816,0,0,6.55455,5.52639,1.028160,1,0,205.016,0,0,0,205.016,0
72.29,2.3562,0,0,5.67171,0.28778,3.02773,3.6288,61.308,0.53184,0,0,3.43868,0.159491,2.74735,0.66528,12.849,1,0.418797,3.02773,0,161.216,3.11756,160.708,0.84672,12.849,0.84672,3695.15,0,18.483,0,4.67284,1.83803,17.3332,0.844321,22.9998,0.42336,18.483,0.42336,0,0,442.007,0,1.02816,0,0,5.701,4.67284,1.028160,1,0,186.455,0,0,0,186.455,0
72.29,2.05771,0,0,6.98466,0.310159,4.61679,3.6288,61.308,0.311693,0,0,6.54631,0.135062,6.09956,0.66528,12.849,1,0.365742,4.61679,0,309.398,3.12858,310.521,0.84672,12.849,0.84672,3695.15,0,18.483,0,6.53177,1.83819,24.9091,0.849475,32.4296,0.42336,18.483,0.42336,0,0,442.007,0,1.02816,0,0,7.55993,6.53177,1.028160,1,0,349.05,0,0,0,349.05,0
72.29,2.05788,0,0,6.71509,0.310159,4.34706,3.6288,61.308,0.311804,0,0,2.99716,0.135062,2.5503,0.66528,12.849,1,0.365772,4.34706,0,241.237,3.12858,242.089,0.84672,12.849,0.84672,3695.15,0,18.483,0,4.72007,1.58792,18.8826,0.849475,24.3411,0.42336,18.483,0.42336,0,0,442.007,0,1.02816,0,0,5.74823,4.72007,1.028160,1,0,268.981,0,0,0,268.981,0
72.29,2.05805,0,0,10.0582,0.310159,7.68996,3.6288,61.308,0.311915,0,0,8.54194,0.135062,8.09496,0.66528,12.849,1,0.365803,7.68996,0,260.215,3.12858,264.411,0.84672,12.849,0.84672,3695.15,0,18.483,0,10.5357,1.58805,28.4408,0.849475,39.7151,0.42336,18.483,0.42336,0,0,442.007,0,1.02816,0,0,11.5639,10.5357,1.028160,1,0,312.221,0,0,0,312.221,0
72.29,2.05822,0,0,11.7513,0.311224,9.38182,3.6288,61.308,0.312026,0,0,7.1473,0.0896432,6.74563,0.66528,12.849,1,0.365833,9.38182,0,249.08,2.9202,255.176,0.84672,12.849,0.84672,3695.15,0,18.483,0,7.75928,1.58818,29.6541,0.774377,38.2272,0.42336,18.483,0.42336,0,0,442.007,0,1.02816,0,0,8.78744,7.75928,1.028160,1,0,300.149,0,0,0,300.149,0
72.29,2.05839,0,0,9.14423,0.31469,6.77115,3.6288,61.308,0.312137,0,0,4.52974,0.123233,4.09438,0.66528,12.849,1,0.365863,6.77115,0,233.467,2.85316,237.02,0.84672,12.849,0.84672,3695.15,0,18.483,0,5.45005,1.58831,25.3274,0.758013,31.6077,0.42336,18.483,0.42336,0,0,442.007,0,1.02816,0,0,6.47821,5.45005,1.028160,1,0,272.722,0,0,0,272.722,0
72.29,2.13378,0,0,10.0225,0.315757,7.57295,3.6288,61.308,0.366158,0,0,15.5677,0.150294,15.0513,0.66528,12.849,1,0.379262,7.57295,0,264.529,2.88887,268.834,0.84672,12.849,0.84672,3695.15,0,18.483,0,13.0652,1.58844,36.1843,0.773996,50.064,0.42336,18.483,0.42336,0,0,442.007,0,1.02816,0,0,14.0934,13.0652,1.028160,1,0,333.949,0,0,0,333.949,0
72.29,2.13395,0,0,7.81523,0.315757,5.36552,3.6288,61.308,0.366273,0,0,6.67645,0.150294,6.15988,0.66528,12.849,1,0.379294,5.36552,0,224.172,2.88887,226.269,0.84672,12.849,0.84672,3695.15,0,18.483,0,6.94875,1.65043,25.8904,0.773996,33.7156,0.42336,18.483,0.42336,0,0,442.007,0,1.02816,0,0,7.97691,6.94875,1.028160,1,0,266.145,0,0,0,266.145,0
72.29,2.13413,0,0,9.1381,0.265229,6.73874,3.6288,61.308,0.366388,0,0,6.93346,0.17378,6.39329,0.66528,12.849,1,0.379325,6.73874,0,207.998,3.13194,211.226,0.84672,12.849,0.84672,3695.15,0,18.483,0,7.36793,1.65057,28.4965,0.844907,36.6701,0.42336,18.483,0.42336,0,0,442.007,0,1.02816,0,0,8.39609,7.36793,1.028160,1,0,254.289,0,0,0,254.289,0
72.29,2.1343,0,0,6.95114,0.249421,4.56741,3.6288,61.308,0.366504,0,0,3.5503,0.166852,3.01694,0.66528,12.849,1,0.379357,4.56741,0,184.303,3.23952,185.252,0.84672,12.849,0.84672,3695.15,0,18.483,0,4.56618,1.6507,20.6725,0.914521,25.9749,0.42336,18.483,0.42336,0,0,442.007,0,1.02816,0,0,5.59434,4.56618,1.028160,1,0,214.244,0,0,0,214.244,0
72.29,2.10506,0,0,6.0822,0.215924,3.76121,3.6288,61.308,0.345674,0,0,2.20783,0.19175,1.67041,0.66528,12.849,1,0.374159,3.76121,0,151.514,4.15296,150.748,0.84672,12.849,0.84672,3695.15,0,18.483,0,3.15468,1.65084,14.8321,0.974404,18.6632,0.42336,18.483,0.42336,0,0,442.007,0,1.02816,0,0,4.18284,3.15468,1.028160,1,0,171.081,0,0,0,171.081,0
72.29,2.10524,0,0,5.68965,0.215924,3.36849,3.6288,61.308,0.345788,0,0,2.14566,0.19175,1.60812,0.66528,12.849,1,0.37419,3.36849,0,143.317,4.15296,142.158,0.84672,12.849,0.84672,3695.15,0,18.483,0,3.01776,1.62689,14.3122,0.974404,17.9825,0.42336,18.483,0.42336,0,0,442.007,0,1.02816,0,0,4.04592,3.01776,1.028160,1,0,161.749,0,0,0,161.749,0
72.29,2.10541,0,0,5.68978,0.21154,3.37283,3.6288,61.308,0.345901,0,0,2.40386,0.216765,1.84119,0.66528,12.849,1,0.374221,3.37283,0,141.826,4.3317,140.493,0.84672,12.849,0.84672,3695.15,0,18.483,0,3.14542,1.62703,14.9963,1.15743,18.6113,0.42336,18.483,0.42336,0,0,442.007,0,1.02816,0,0,4.17358,3.14542,1.028160,1,0,160.945,0,0,0,160.945,0
72.29,2.10559,0,0,5.22568,0.147883,2.97221,3.6288,61.308,0.346015,0,0,2.05774,0.204015,1.50771,0.66528,12.849,1,0.374252,2.97221,0,123.198,4.50314,121.293,0.84672,12.849,0.84672,3695.15,0,18.483,0,2.83679,1.62716,14.1186,1.13751,17.4451,0.42336,18.483,0.42336,0,0,442.007,0,1.02816,0,0,3.86495,2.83679,1.028160,1,0,140.245,0,0,0,140.245,0
72.29,2.20565,0,0,5.83529,0.119763,3.50988,3.6288,61.308,0.42043,0,0,1.93223,0.248968,1.26283,0.66528,12.849,1,0.392038,3.50988,0,121.578,5.3067,119.389,0.84672,12.849,0.84672,3695.15,0,18.483,0,2.51451,1.6273,11.9753,1.20157,14.9155,0.42336,18.483,0.42336,0,0,442.007,0,1.02816,0,0,3.54267,2.51451,1.028160,1,0,135.567,0,0,0,135.567,0
72.29,2.20583,0,0,5.26894,0.119763,2.94334,3.6288,61.308,0.42055,0,0,1.69058,0.248968,1.02106,0.66528,12.849,1,0.39207,2.94334,0,114.553,5.3067,111.798,0.84672,12.849,0.84672,3695.15,0,18.483,0,2.17502,1.71167,11.5604,1.20157,14.2455,0.42336,18.483,0.42336,0,0,442.007,0,1.02816,0,0,3.20318,2.17502,1.028160,1,0,127.065,0,0,0,127.065,0
72.29,2.20602,0,0,4.87948,0.119763,2.5537,3.6288,61.308,0.42067,0,0,1.72622,0.248968,1.05658,0.66528,12.849,1,0.392103,2.5537,0,104.875,5.3067,101.73,0.84672,12.849,0.84672,3695.15,0,18.483,0,2.22013,1.71181,11.2404,1.20157,13.9708,0.42336,18.483,0.42336,0,0,442.007,0,1.02816,0,0,3.24829,2.22013,1.028160,1,0,116.757,0,0,0,116.757,0
72.29,2.2062,0,0,4.45146,0.108654,2.13661,3.6288,61.308,0.42079,0,0,1.65354,0.253119,0.979632,0.66528,12.849,1,0.392135,2.13661,0,90.3364,5.33875,86.7421,0.84672,12.849,0.84672,3695.15,0,18.483,0,2.17115,1.71195,11.0565,1.21109,13.7285,0.42336,18.483,0.42336,0,0,442.007,0,1.02816,0,0,3.19931,2.17115,1.028160,1,0,101.45,0,0,0,101.45,0
72.29,2.20638,0,0,4.23843,0.084627,1.94742,3.6288,61.308,0.42091,0,0,1.67186,0.287041,0.963906,0.66528,12.849,1,0.392167,1.94742,0,92.2476,5.16374,88.6391,0.84672,12.849,0.84672,3695.15,0,18.483,0,1.95625,1.71209,9.61736,1.27032,12.0154,0.42336,18.483,0.42336,0,0,442.007,0,1.02816,0,0,2.98441,1.95625,1.028160,1,0,101.618,0,0,0,101.618,0
72.29,2.1868,0,0,4.09016,0.101679,1.80168,3.6288,61.308,0.461884,0,0,1.61756,0.290648,0.865032,0.66528,12.849,1,0.388687,1.80168,0,83.7665,5.0168,80.1627,0.84672,12.849,0.84672,3695.15,0,18.483,0,1.79455,1.71224,8.6095,1.27116,10.8451,0.42336,18.483,0.42336,0,0,442.007,0,1.02816,0,0,2.82271,1.79455,1.028160,1,0,91.8729,0,0,0,91.8729,0
72.29,2.18698,0,0,3.78893,0.101679,1.50027,3.6288,61.308,0.462007,0,0,1.42754,0.290648,0.67488,0.66528,12.849,1,0.388719,1.50027,0,78.6689,5.0168,74.7637,0.84672,12.849,0.84672,3695.15,0,18.483,0,1.66134,1.73863,8.11849,1.27116,10.2473,0.42336,18.483,0.42336,0,0,442.007,0,1.02816,0,0,2.6895,1.66134,1.028160,1,0,85.6859,0,0,0,85.6859,0
72.29,2.18716,0,0,3.60543,0.101679,1.31659,3.6288,61.308,0.46213,0,0,1.3682,0.290648,0.615418,0.66528,12.849,1,0.388752,1.31659,0,74.5088,5.0168,70.4198,0.84672,12.849,0.84672,3695.15,0,18.483,0,1.4877,1.73878,7.74965,1.27116,9.70496,0.42336,18.483,0.42336,0,0,442.007,0,1.02816,0,0,2.51586,1.4877,1.028160,1,0,80.7402,0,0,0,80.7402,0
72.29,2.18734,0,0,3.46994,0.0820573,1.20054,3.6288,61.308,0.462254,0,0,1.3977,0.324157,0.611291,0.66528,12.849,1,0.388784,1.20054,0,65.4755,5.65814,60.6291,0.84672,12.849,0.84672,3695.15,0,18.483,0,0.943695,1.73892,6.97516,1.4442,8.21358,0.42336,18.483,0.42336,0,0,442.007,0,1.02816,0,0,1.97186,0.943695,1.028160,1,0,69.454,0,0,0,69.454,0
72.29,2.23858,0,0,3.90838,0.0712542,1.59855,3.6288,61.308,0.498799,0,0,1.64143,0.315259,0.827369,0.66528,12.849,1,0.39789,1.59855,0,78.3451,5.74413,73.8016,0.84672,12.849,0.84672,3695.15,0,18.483,0,1.33275,1.73906,7.04635,1.44793,8.67025,0.42336,18.483,0.42336,0,0,442.007,0,1.02816,0,0,2.36091,1.33275,1.028160,1,0,83.2992,0,0,0,83.2992,0
72.29,2.23876,0,0,3.63918,0.0712542,1.32916,3.6288,61.308,0.498925,0,0,1.42404,0.315259,0.609861,0.66528,12.849,1,0.397923,1.32916,0,66.3362,5.74413,61.5233,0.84672,12.849,0.84672,3695.15,0,18.483,0,1.52391,1.78106,7.11132,1.44793,8.96838,0.42336,18.483,0.42336,0,0,442.007,0,1.02816,0,0,2.55207,1.52391,1.028160,1,0,71.1015,0,0,0,71.1015,0
72.29,2.23895,0,0,3.36465,0.0712542,1.05445,3.6288,61.308,0.499052,0,0,1.3206,0.315259,0.506288,0.66528,12.849,1,0.397956,1.05445,0,63.6114,5.74413,58.5238,0.84672,12.849,0.84672,3695.15,0,18.483,0,1.21333,1.78121,6.18322,1.44793,7.72984,0.42336,18.483,0.42336,0,0,442.007,0,1.02816,0,0,2.24149,1.21333,1.028160,1,0,66.7599,0,0,0,66.7599,0
72.29,2.23913,0,0,3.4394,0.0663534,1.13392,3.6288,61.308,0.499178,0,0,1.46659,0.317849,0.649561,0.66528,12.849,1,0.397989,1.13392,0,60.5006,5.8189,55.4177,0.84672,12.849,0.84672,3695.15,0,18.483,0,1.5158,1.78136,7.64827,1.46286,9.48256,0.42336,18.483,0.42336,0,0,442.007,0,1.02816,0,0,2.54396,1.5158,1.028160,1,0,65.5498,0,0,0,65.5498,0
72.29,2.38887,0,0,3.80541,0.0447183,1.37182,3.6288,61.308,0.630813,0,0,1.3045,0.316367,0.357322,0.66528,12.849,1,0.424604,1.37182,0,56.4097,5.58727,51.7696,0.84672,12.849,0.84672,3695.15,0,18.483,0,1.26215,1.7815,7.02183,1.48105,8.58443,0.42336,18.483,0.42336,0,0,442.007,0,1.02816,0,0,2.29031,1.26215,1.028160,1,0,60.7114,0,0,0,60.7114,0
72.29,2.38907,0,0,4.14882,0.0430204,1.71673,3.6288,61.308,0.63095,0,0,1.45785,0.308408,0.518495,0.66528,12.849,1,0.424639,1.71673,0,62.5709,5.51281,58.3502,0.84672,12.849,0.84672,3695.15,0,18.483,0,1.64418,1.92343,6.31975,1.48194,8.40541,0.42336,18.483,0.42336,0,0,442.007,0,1.02816,0,0,2.67234,1.64418,1.028160,1,0,67.2741,0,0,0,67.2741,0
72.29,2.38927,0,0,3.32877,0.0430204,0.896479,3.6288,61.308,0.631087,0,0,1.14635,0.308408,0.206851,0.66528,12.849,1,0.424674,0.896479,0,73.5964,5.51281,68.5554,0.84672,12.849,0.84672,3695.15,0,18.483,0,1.11554,1.92359,5.24981,1.48194,6.807,0.42336,18.483,0.42336,0,0,442.007,0,1.02816,0,0,2.1437,1.11554,1.028160,1,0,75.5692,0,0,0,75.5692,0
72.29,2.38947,0,0,3.94233,0.0430204,1.50984,3.6288,61.308,0.631224,0,0,1.74986,0.308408,0.810226,0.66528,12.849,1,0.424709,1.50984,0,63.1712,5.51281,58.7435,0.84672,12.849,0.84672,3695.15,0,18.483,0,2.19663,1.92375,7.0993,1.48194,9.73774,0.42336,18.483,0.42336,0,0,442.007,0,1.02816,0,0,3.22479,2.19663,1.028160,1,0,69.2915,0,0,0,69.2915,0
72.29,2.38966,0,0,4.23457,0.028206,1.8167,3.6288,61.308,0.631362,0,0,1.74241,0.318806,0.792244,0.66528,12.849,1,0.424745,1.8167,0,104.137,5.81883,99.7102,0.84672,12.849,0.84672,3695.15,0,18.483,0,2.02491,1.92391,11.74,1.62732,14.0615,0.42336,18.483,0.42336,0,0,442.007,0,1.02816,0,0,3.05307,2.02491,1.028160,1,0,114.564,0,0,0,114.564,0
72.29,2.31694,0,0,5.13577,0.0237549,2.79507,3.6288,61.308,0.551646,0,0,2.13547,0.290407,1.29342,0.66528,12.849,1,0.411819,2.79507,0,90.5878,5.0779,87.8932,0.84672,12.849,0.84672,3695.15,0,18.483,0,2.2884,1.92407,17.5649,1.35859,20.4188,0.42336,18.483,0.42336,0,0,442.007,0,1.02816,0,0,3.31656,2.2884,1.028160,1,0,109.605,0,0,0,109.605,0
72.29,2.31714,0,0,5.82841,0.0935241,3.41776,3.6288,61.308,0.551776,0,0,2.05983,0.242101,1.26595,0.66528,12.849,1,0.411853,3.41776,0,76.4199,4.6914,74.7344,0.84672,12.849,0.84672,3695.15,0,18.483,0,2.074,1.84294,13.2457,1.22584,15.9368,0.42336,18.483,0.42336,0,0,442.007,0,1.02816,0,0,3.10216,2.074,1.028160,1,0,91.9372,0,0,0,91.9372,0
72.29,2.31733,0,0,7.71042,0.0935241,5.29957,3.6288,61.308,0.551907,0,0,2.67974,0.242101,1.88573,0.66528,12.849,1,0.411887,5.29957,0,111.243,4.6914,111.44,0.84672,12.849,0.84672,3695.15,0,18.483,0,3.2647,1.84309,19.0153,1.22584,22.8973,0.42336,18.483,0.42336,0,0,442.007,0,1.02816,0,0,4.29286,3.2647,1.028160,1,0,136.223,0,0,0,136.223,0
72.29,2.31752,0,0,9.74298,0.107427,7.31804,3.6288,61.308,0.552038,0,0,3.57191,0.239537,2.78034,0.66528,12.849,1,0.411921,7.31804,0,213.475,4.67604,215.705,0.84672,12.849,0.84672,3695.15,0,18.483,0,4.74724,1.84325,22.0781,1.20385,27.4648,0.42336,18.483,0.42336,0,0,442.007,0,1.02816,0,0,5.7754,4.74724,1.028160,1,0,245.951,0,0,0,245.951,0
72.29,2.25784,0,0,6.0543,0.190844,3.60562,3.6288,61.308,0.479458,0,0,2.15273,0.224148,1.44913,0.66528,12.849,1,0.401314,3.60562,0,138.361,4.58388,136.981,0.84672,12.849,0.84672,3695.15,0,18.483,0,2.86463,1.8434,16.8922,1.07194,20.5283,0.42336,18.483,0.42336,0,0,442.007,0,1.02816,0,0,3.89279,2.86463,1.028160,1,0,158.959,0,0,0,158.959,0
72.29,2.25803,0,0,7.74408,0.190844,5.29521,3.6288,61.308,0.479583,0,0,2.50088,0.224148,1.79715,0.66528,12.849,1,0.401347,5.29521,0,151.16,4.58388,151.47,0.84672,12.849,0.84672,3695.15,0,18.483,0,3.56302,1.77129,15.6523,1.07194,19.9147,0.42336,18.483,0.42336,0,0,442.007,0,1.02816,0,0,4.59118,3.56302,1.028160,1,0,173.182,0,0,0,173.182,0
72.29,2.25821,0,0,7.59197,0.190844,5.14291,3.6288,61.308,0.479707,0,0,2.28708,0.224148,1.58322,0.66528,12.849,1,0.40138,5.14291,0,170.749,4.58388,170.907,0.84672,12.849,0.84672,3695.15,0,18.483,0,3.51569,1.77144,14.3858,1.07194,18.601,0.42336,18.483,0.42336,0,0,442.007,0,1.02816,0,0,4.54385,3.51569,1.028160,1,0,191.091,0,0,0,191.091,0
72.29,2.2584,0,0,6.15638,0.190844,3.70714,3.6288,61.308,0.479832,0,0,1.86894,0.224148,1.16496,0.66528,12.849,1,0.401413,3.70714,0,192.676,4.58388,191.398,0.84672,12.849,0.84672,3695.15,0,18.483,0,2.85108,1.77159,11.212,1.07194,14.7627,0.42336,18.483,0.42336,0,0,442.007,0,1.02816,0,0,3.87924,2.85108,1.028160,1,0,207.326,0,0,0,207.326,0
72.29,2.08849,0,0,6.15045,0.241789,3.82018,3.6288,61.308,0.328471,0,0,1.69665,0.174357,1.19383,0.66528,12.849,1,0.371213,3.82018,0,154.349,3.98414,153.814,0.84672,12.849,0.84672,3695.15,0,18.483,0,4.18033,1.77173,14.7023,0.948817,19.7056,0.42336,18.483,0.42336,0,0,442.007,0,1.02816,0,0,5.20849,4.18033,1.028160,1,0,174.714,0,0,0,174.714,0
72.29,2.08866,0,0,6.11046,0.247417,3.77438,3.6288,61.308,0.328584,0,0,1.53066,0.172324,1.02976,0.66528,12.849,1,0.371244,3.77438,0,180.803,3.88122,180.325,0.84672,12.849,0.84672,3695.15,0,18.483,0,5.67452,1.60915,14.1356,0.909874,20.5094,0.42336,18.483,0.42336,0,0,442.007,0,1.02816,0,0,6.70268,5.67452,1.028160,1,0,201.864,0,0,0,201.864,0
72.29,2.08883,0,0,15.4997,0.247417,13.1635,3.6288,61.308,0.328696,0,0,7.03536,0.172324,6.53434,0.66528,12.849,1,0.371274,13.1635,0,337.562,3.88122,346.473,0.84672,12.849,0.84672,3695.15,0,18.483,0,8.65141,1.60928,29.4272,0.909874,38.7781,0.42336,18.483,0.42336,0,0,442.007,0,1.02816,0,0,9.67957,8.65141,1.028160,1,0,391.786,0,0,0,391.786,0
72.29,2.08901,0,0,13.3809,0.233299,11.0585,3.6288,61.308,0.328808,0,0,10.5088,0.212154,9.96787,0.66528,12.849,1,0.371305,11.0585,0,496.803,3.94513,503.546,0.84672,12.849,0.84672,3695.15,0,18.483,0,5.7265,1.60942,35.6315,1.00629,41.9612,0.42336,18.483,0.42336,0,0,442.007,0,1.02816,0,0,6.75466,5.7265,1.028160,1,0,555.475,0,0,0,555.475,0
72.29,2.08918,0,0,8.05868,0.2366,5.7329,3.6288,61.308,0.32892,0,0,5.11745,0.18526,4.60327,0.66528,12.849,1,0.371336,5.7329,0,187.76,3.69165,189.429,0.84672,12.849,0.84672,3695.15,0,18.483,0,2.28822,1.60955,15.67,0.988059,18.5797,0.42336,18.483,0.42336,0,0,442.007,0,1.02816,0,0,3.31638,2.28822,1.028160,1,0,212.612,0,0,0,212.612,0
72.29,2.1548,0,0,2.98136,0.253384,0.573177,3.6288,61.308,0.372913,0,0,1.09265,0.236279,0.483457,0.66528,12.849,1,0.383,0.573177,0,60.1149,4.67807,55.627,0.84672,12.849,0.84672,3695.15,0,18.483,0,0.932023,1.60968,7.02753,1.43094,8.1383,0.42336,18.483,0.42336,0,0,442.007,0,1.02816,0,0,1.96018,0.932023,1.028160,1,0,64.2487,0,0,0,64.2487,0
72.29,2.15496,0,0,3.56423,0.253384,1.15588,3.6288,61.308,0.373019,0,0,1.24533,0.236279,0.636036,0.66528,12.849,1,0.383029,1.15588,0,110.658,4.67807,106.753,0.84672,12.849,0.84672,3695.15,0,18.483,0,0.965511,1.6613,7.38383,1.43094,8.5797,0.42336,18.483,0.42336,0,0,442.007,0,1.02816,0,0,1.99367,0.965511,1.028160,1,0,115.968,0,0,0,115.968,0
72.29,2.15513,0,0,7.50285,0.253384,5.09434,3.6288,61.308,0.373126,0,0,3.17155,0.236279,2.56215,0.66528,12.849,1,0.383058,5.09434,0,140.662,4.67807,140.695,0.84672,12.849,0.84672,3695.15,0,18.483,0,3.17775,1.66142,14.031,1.43094,17.4392,0.42336,18.483,0.42336,0,0,442.007,0,1.02816,0,0,4.20591,3.17775,1.028160,1,0,160.696,0,0,0,160.696,0
72.29,2.15529,0,0,7.37891,0.257659,4.96595,3.6288,61.308,0.373232,0,0,2.15832,0.231016,1.55407,0.66528,12.849,1,0.383087,4.96595,0,258.034,4.39033,258.226,0.84672,12.849,0.84672,3695.15,0,18.483,0,1.87453,1.66155,10.9628,1.35349,13.1454,0.42336,18.483,0.42336,0,0,442.007,0,1.02816,0,0,2.90269,1.87453,1.028160,1,0,272.926,0,0,0,272.926,0
72.29,2.36569,0,0,4.73163,0.265001,2.10093,3.6288,61.308,0.538126,0,0,1.80984,0.227228,1.04448,0.66528,12.849,1,0.420484,2.10093,0,99.6823,4.09931,97.2634,0.84672,12.849,0.84672,3695.15,0,18.483,0,1.74169,1.66168,6.77799,1.0535,9.12787,0.42336,18.483,0.42336,0,0,442.007,0,1.02816,0,0,2.76985,1.74169,1.028160,1,0,107.436,0,0,0,107.436,0
72.29,2.36587,0,0,4.91054,0.265001,2.27967,3.6288,61.308,0.538245,0,0,1.74378,0.227228,0.978304,0.66528,12.849,1,0.420516,2.27967,0,178.01,4.09931,175.77,0.84672,12.849,0.84672,3695.15,0,18.483,0,1.68495,1.84559,6.82379,1.0535,9.30083,0.42336,18.483,0.42336,0,0,442.007,0,1.02816,0,0,2.71311,1.68495,1.028160,1,0,186.049,0,0,0,186.049,0
72.29,2.36605,0,0,3.37795,0.275905,0.735986,3.6288,61.308,0.538364,0,0,0.907416,0.221462,0.14759,0.66528,12.849,1,0.420548,0.735986,0,98.3491,4.08071,94.5839,0.84672,12.849,0.84672,3695.15,0,18.483,0,0.951368,1.84573,5.6849,1.0189,7.4631,0.42336,18.483,0.42336,0,0,442.007,0,1.02816,0,0,1.97953,0.951368,1.028160,1,0,102.195,0,0,0,102.195,0
72.29,2.36624,0,0,3.62615,0.303165,0.956748,3.6288,61.308,0.538483,0,0,0.959628,0.207046,0.214098,0.66528,12.849,1,0.42058,0.956748,0,80.428,4.03421,76.93,0.84672,12.849,0.84672,3695.15,0,18.483,0,1.37798,1.84587,5.61727,0.932426,7.90869,0.42336,18.483,0.42336,0,0,442.007,0,1.02816,0,0,2.40614,1.37798,1.028160,1,0,85.0528,0,0,0,85.0528,0
72.29,2.06646,0,0,4.72714,0.309518,2.35117,3.6288,61.308,0.31739,0,0,1.76386,0.214507,1.23196,0.66528,12.849,1,0.367297,2.35117,0,109.998,3.82641,108.155,0.84672,12.849,0.84672,3695.15,0,18.483,0,1.95589,1.84601,9.15481,0.863984,12.0927,0.42336,18.483,0.42336,0,0,442.007,0,1.02816,0,0,2.98405,1.95589,1.028160,1,0,121.48,0,0,0,121.48,0
72.29,2.06661,0,0,3.88787,0.309518,1.51174,3.6288,61.308,0.317492,0,0,1.71052,0.214507,1.17852,0.66528,12.849,1,0.367325,1.51174,0,96.1209,3.82641,93.4389,0.84672,12.849,0.84672,3695.15,0,18.483,0,1.57054,1.59467,7.38562,0.863984,9.68685,0.42336,18.483,0.42336,0,0,442.007,0,1.02816,0,0,2.5987,1.57054,1.028160,1,0,104.304,0,0,0,104.304,0
72.29,2.06677,0,0,5.99112,0.309518,3.61483,3.6288,61.308,0.317594,0,0,2.44753,0.214507,1.91543,0.66528,12.849,1,0.367353,3.61483,0,175.212,3.82641,174.633,0.84672,12.849,0.84672,3695.15,0,18.483,0,3.17376,1.59479,10.3323,0.863984,14.2368,0.42336,18.483,0.42336,0,0,442.007,0,1.02816,0,0,4.20192,3.17376,1.028160,1,0,190.786,0,0,0,190.786,0
72.29,2.06693,0,0,6.521,0.304738,4.14933,3.6288,61.308,0.317697,0,0,2.43979,0.174418,1.94767,0.66528,12.849,1,0.367381,4.14933,0,196.522,3.19882,197.105,0.84672,12.849,0.84672,3695.15,0,18.483,0,3.27831,1.59491,11.9955,0.756499,16.1122,0.42336,18.483,0.42336,0,0,442.007,0,1.02816,0,0,4.30647,3.27831,1.028160,1,0,215.165,0,0,0,215.165,0
72.29,2.06709,0,0,6.75753,0.320982,4.36947,3.6288,61.308,0.317799,0,0,2.04352,0.191976,1.53375,0.66528,12.849,1,0.367409,4.36947,0,215.196,3.41638,215.781,0.84672,12.849,0.84672,3695.15,0,18.483,0,3.86637,1.59503,10.855,0.771916,15.5445,0.42336,18.483,0.42336,0,0,442.007,0,1.02816,0,0,4.89453,3.86637,1.028160,1,0,232.86,0,0,0,232.86,0
72.29,2.14278,0,0,7.10792,0.333165,4.63198,3.6288,61.308,0.372039,0,0,1.5248,0.205145,0.94762,0.66528,12.849,1,0.380862,4.63198,0,182.46,3.57956,183.132,0.84672,12.849,0.84672,3695.15,0,18.483,0,2.62837,1.59516,9.10596,0.783479,12.546,0.42336,18.483,0.42336,0,0,442.007,0,1.02816,0,0,3.65653,2.62837,1.028160,1,0,196.626,0,0,0,196.626,0
72.29,2.14294,0,0,5.85028,0.316618,3.39073,3.6288,61.308,0.372146,0,0,1.23364,0.209941,0.65155,0.66528,12.849,1,0.380891,3.39073,0,153.592,3.58458,153.017,0.84672,12.849,0.84672,3695.15,0,18.483,0,2.07707,1.65739,8.41121,0.790011,11.3557,0.42336,18.483,0.42336,0,0,442.007,0,1.02816,0,0,3.10523,2.07707,1.028160,1,0,165.024,0,0,0,165.024,0
72.29,2.1431,0,0,5.31047,0.217338,2.95003,3.6288,61.308,0.372252,0,0,1.15796,0.238716,0.54699,0.66528,12.849,1,0.38092,2.95003,0,150.464,3.61473,149.418,0.84672,12.849,0.84672,3695.15,0,18.483,0,1.75157,1.65752,8.2569,0.829206,10.8368,0.42336,18.483,0.42336,0,0,442.007,0,1.02816,0,0,2.77973,1.75157,1.028160,1,0,160.802,0,0,0,160.802,0
72.29,2.14326,0,0,4.55179,0.237228,2.17129,3.6288,61.308,0.372359,0,0,1.06145,0.231405,0.457687,0.66528,12.849,1,0.380949,2.17129,0,114.522,3.77475,112.538,0.84672,12.849,0.84672,3695.15,0,18.483,0,1.41292,1.65764,6.93904,0.869713,9.13989,0.42336,18.483,0.42336,0,0,442.007,0,1.02816,0,0,2.44108,1.41292,1.028160,1,0,122.136,0,0,0,122.136,0
72.29,2.11389,0,0,4.06137,0.244818,1.70267,3.6288,61.308,0.351432,0,0,0.887976,0.232744,0.303799,0.66528,12.849,1,0.375727,1.70267,0,98.058,4.34778,95.0371,0.84672,12.849,0.84672,3695.15,0,18.483,0,1.14309,1.65777,6.49023,0.981309,8.30978,0.42336,18.483,0.42336,0,0,442.007,0,1.02816,0,0,2.17125,1.14309,1.028160,1,0,103.651,0,0,0,103.651,0
72.29,2.11405,0,0,3.89103,0.188639,1.58835,3.6288,61.308,0.351537,0,0,0.852941,0.258903,0.2425,0.66528,12.849,1,0.375756,1.58835,0,89.062,4.57842,85.6962,0.84672,12.849,0.84672,3695.15,0,18.483,0,1.35333,1.63371,5.83763,0.99508,7.82959,0.42336,18.483,0.42336,0,0,442.007,0,1.02816,0,0,2.38149,1.35333,1.028160,1,0,93.7682,0,0,0,93.7682,0
72.29,2.11421,0,0,3.58551,0.188639,1.28266,3.6288,61.308,0.351642,0,0,0.877772,0.258903,0.267227,0.66528,12.849,1,0.375784,1.28266,0,81.4095,4.57842,77.738,0.84672,12.849,0.84672,3695.15,0,18.483,0,1.24038,1.63384,5.10604,0.99508,6.98517,0.42336,18.483,0.42336,0,0,442.007,0,1.02816,0,0,2.26854,1.24038,1.028160,1,0,84.9904,0,0,0,84.9904,0
72.29,2.11437,0,0,3.9701,0.188639,1.66709,3.6288,61.308,0.351747,0,0,0.751663,0.258903,0.141012,0.66528,12.849,1,0.375813,1.66709,0,85.3157,4.57842,82.0285,0.84672,12.849,0.84672,3695.15,0,18.483,0,1.12329,1.63396,4.81086,0.99508,6.57302,0.42336,18.483,0.42336,0,0,442.007,0,1.02816,0,0,2.15145,1.12329,1.028160,1,0,88.7426,0,0,0,88.7426,0
72.29,2.21484,0,0,3.29552,0.147274,0.93341,3.6288,61.308,0.426463,0,0,0.761944,0.256969,0.0785125,0.66528,12.849,1,0.39367,0.93341,0,73.2266,4.94844,68.8179,0.84672,12.849,0.84672,3695.15,0,18.483,0,0.829388,1.63408,4.95917,1.07787,6.34477,0.42336,18.483,0.42336,0,0,442.007,0,1.02816,0,0,1.85755,0.829388,1.028160,1,0,75.2412,0,0,0,75.2412,0
72.29,2.215,0,0,3.07714,0.141468,0.720672,3.6288,61.308,0.426574,0,0,0.733277,0.259176,0.047527,0.66528,12.849,1,0.3937,0.720672,0,66.5142,4.90077,61.9404,0.84672,12.849,0.84672,3695.15,0,18.483,0,0.773021,1.7188,4.87966,1.09026,6.28122,0.42336,18.483,0.42336,0,0,442.007,0,1.02816,0,0,1.80118,0.773021,1.028160,1,0,68.2691,0,0,0,68.2691,0
72.29,2.21517,0,0,2.9731,0.141468,0.61646,3.6288,61.308,0.426684,0,0,0.747982,0.259176,0.0621215,0.66528,12.849,1,0.39373,0.61646,0,63.4154,4.90077,58.7374,0.84672,12.849,0.84672,3695.15,0,18.483,0,0.969244,1.71893,4.66739,1.09026,6.2653,0.42336,18.483,0.42336,0,0,442.007,0,1.02816,0,0,1.9974,0.969244,1.028160,1,0,65.0648,0,0,0,65.0648,0
72.2746,2.21534,0,0,2.72886,0.166054,0.36288,3.6288,61.308,0.426795,0,0,0.701162,0.252592,0.0217748,0.66528,12.849,1,0.39376,0.36288,0,59.6275,4.4777,55.1189,0.84672,12.849,0.84672,3695.15,0,18.483,0,0.880036,1.71906,4.25644,1.10658,5.74895,0.42336,18.483,0.42336,0,0,442.007,0,1.02816,0,0,1.9082,0.880036,1.028160,1,0,60.8896,0,0,0,60.8896,0
71.7042,2.21537,0,0,2.13818,0.130261,0.36288,3.6288,61.1816,0.426906,0,0,0.577586,0.277113,0,0.66528,12.849,1,0.393849,0.36288,0,48.0924,4.92588,43.1356,0.84672,12.849,0.84672,3695.15,0,18.483,0,0.567069,1.71919,3.73996,1.16983,4.85639,0.42336,18.483,0.42336,0,0,442.007,0,1.02816,0,0,1.59523,0.567069,1.028160,1,0,47.9919,0,0,0,47.9919,0
70.7297,2.19042,0,0,1.69371,0.114997,0.36288,3.6288,60.9255,0.468039,0,0,0.501981,0.289982,0,0.66528,12.849,1,0.392512,0.36288,0,39.6398,5.33284,34.2773,0.84672,12.849,0.84672,3695.15,0,18.483,0,0.320907,1.71932,3.27975,1.1957,4.12428,0.42336,18.483,0.42336,0,0,442.007,0,1.02816,0,0,1.34907,0.320907,1.028160,1,0,38.4016,0,0,0,38.4016,0
69.6763,2.18145,0,0,1.60509,0.114143,0.36288,3.6288,60.622,0.500449,0,0,0.486462,0.289512,0,0.66528,12.849,1,0.39629,0.36288,0,38.803,5.33284,33.4368,0.84672,12.849,0.84672,3695.15,0,18.483,0,0.261274,1.74582,3.07401,1.1957,3.88539,0.42336,18.483,0.42336,0,0,442.007,0,0.995864,0,0,1.25714,0.261274,1.028160,1,0,37.3222,0,0,0,37.3222,0
68.5743,2.17154,0,0,1.52686,0.094458,0.36288,3.6288,60.2546,0.512927,0,0,0.465402,0.31991,0,0.66528,12.849,1,0.400453,0.36288,0,37.1228,5.76719,31.318,0.84672,12.849,0.84672,3695.15,0,18.483,0,0.261274,1.74595,2.92829,1.3427,3.5928,0.42336,18.483,0.42336,0,0,442.007,0,0.9835,0,0,1.24477,0.261274,1.028160,1,0,34.9108,0,0,0,34.9108,0
67.3588,2.16093,0,0,1.39933,0.0909535,0.36288,3.6288,59.8612,0.515745,0,0,0.439981,0.317631,0,0.66528,12.849,1,0.404901,0.36288,0,34.324,6.06328,28.2186,0.84672,12.849,0.84672,3695.15,0,18.483,0,0.261274,1.74608,2.81361,1.39871,3.42225,0.42336,18.483,0.42336,0,0,442.007,0,0.980796,0,0,1.24207,0.261274,1.028160,1,0,31.6409,0,0,0,31.6409,0
66.0355,2.19909,0,0,1.31597,0.0772887,0.36288,3.6288,59.3574,0.63788,0,0,0.460738,0.32663,0,0.66528,12.849,1,0.419486,0.36288,0,36.1806,5.73163,30.3924,0.84672,12.849,0.84672,3695.15,0,18.483,0,0.261274,1.74621,2.47618,1.45455,3.02911,0.42336,18.483,0.42336,0,0,442.007,0,0.895346,0,0,1.15662,0.261274,1.028160,1,0,33.4215,0,0,0,33.4215,0
64.6361,2.18535,0,0,1.22532,0.0764825,0.36288,3.6288,58.8872,0.544357,0,0,0.399721,0.32558,0,0.66528,12.849,1,0.425219,0.36288,0,30.6346,5.73163,24.8406,0.84672,12.849,0.84672,3695.15,0,18.483,0,0.261274,1.78837,2.49903,1.45455,3.09412,0.42336,18.483,0.42336,0,0,442.007,0,0.988986,0,0,1.25026,0.261274,1.028160,1,0,27.9347,0,0,0,27.9347,0
63.1601,2.1704,0,0,1.13289,0.0756299,0.36288,3.6288,58.2705,0.662755,0,0,0.370685,0.3246,0,0.66528,12.849,1,0.431453,0.36288,0,29.3759,5.73163,23.5757,0.84672,12.849,0.84672,3695.15,0,18.483,0,0.227405,1.78851,2.17288,1.45455,2.73424,0.42336,18.483,0.42336,0,0,442.007,0,0.870705,0,0,1.09811,0.227405,1.028160,1,0,26.3099,0,0,0,26.3099,0
61.731,2.15413,0,0,1.15806,0.0701694,0.36288,3.6288,57.8416,0.514713,0,0,0.41166,0.325855,0,0.66528,12.849,1,0.438225,0.36288,0,27.9394,5.80641,22.0577,0.84672,12.849,0.84672,3695.15,0,18.483,0,0.227405,1.78864,2.68767,1.46949,3.23423,0.42336,18.483,0.42336,0,0,442.007,0,1.01886,0,0,1.24627,0.227405,1.028160,1,0,25.2919,0,0,0,25.2919,0
60.2379,2.28066,0,0,1.21078,0.0603611,0.36288,3.6288,56.9669,0.986694,0,0,0.429993,0.318007,0,0.66528,12.849,1,0.474708,0.36288,0,29.6238,5.28312,24.2288,0.84672,12.849,0.84672,3695.15,0,18.483,0,0.227405,1.78878,2.35103,1.43191,2.93531,0.42336,18.483,0.42336,0,0,442.007,0,0.679044,0,0,0.906448,0.227405,1.028160,1,0,27.1642,0,0,0,27.1642,0
58.6773,2.26196,0,0,1.13929,0.0750682,0.36288,3.6288,56.1279,0.96217,0,0,0.415226,0.292081,0,0.66528,12.849,1,0.482485,0.36288,0,27.9811,5.05112,22.8104,0.84672,12.849,0.84672,3695.15,0,18.483,0,0.227405,1.93127,2.21582,1.43888,2.93562,0.42336,18.483,0.42336,0,0,442.007,0,0.703693,0,0,0.931098,0.227405,1.028160,1,0,25.746,0,0,0,25.746,0
57.0697,2.24173,0,0,1.06662,0.0695639,0.36288,3.6288,55.6011,0.642401,0,0,0.408594,0.292994,0,0.66528,12.849,1,0.490888,0.36288,0,28.1989,5.12589,22.945,0.84672,12.849,0.84672,3695.15,0,18.483,0,0.204422,1.93142,2.10687,1.45382,2.78889,0.42336,18.483,0.42336,0,0,442.007,0,1.02359,0,0,1.22801,0.204422,1.028160,1,0,25.7339,0,0,0,25.7339,0
55.4423,2.22013,0,0,1.02406,0.0684808,0.36288,3.6288,55.0472,0.664595,0,0,0.402711,0.291985,0,0.66528,12.849,1,0.499852,0.36288,0,26.595,5.12589,21.3322,0.84672,12.849,0.84672,3695.15,0,18.483,0,0.204422,1.93157,2.07674,1.45382,2.7589,0.42336,18.483,0.42336,0,0,442.007,0,1.00152,0,0,1.20595,0.204422,1.028160,1,0,24.0911,0,0,0,24.0911,0
53.9185,2.19744,0,0,1.0947,0.0581792,0.36288,3.6288,54.6267,0.638084,0,0,0.500523,0.282948,0,0.66528,12.849,1,0.509266,0.36288,0,26.3841,5.3049,20.9329,0.84672,12.849,0.84672,3695.15,0,18.483,0,0.488791,1.93171,2.41612,1.38428,3.45234,0.42336,18.483,0.42336,0,0,442.007,0,1.02816,0,0,1.51695,0.488791,1.028160,1,0,24.3852,0,0,0,24.3852,0
52.4416,2.10903,0,0,1.04024,0.0452063,0.36288,3.6288,54.3163,0.558035,0,0,0.519204,0.27156,0,0.66528,12.849,1,0.502591,0.36288,0,25.9048,5.54358,20.2215,0.84672,12.849,0.84672,3695.15,0,18.483,0,0.442178,1.93186,2.48184,1.29156,3.56432,0.42336,18.483,0.42336,0,0,442.007,0,1.02816,0,0,1.47034,0.442178,1.028160,1,0,23.7858,0,0,0,23.7858,0
50.9585,2.08758,0,0,1.0119,0.0445284,0.36288,3.6288,53.9675,0.558155,0,0,0.480324,0.271003,0,0.66528,12.849,1,0.51149,0.36288,0,23.6633,5.54358,17.9711,0.84672,12.849,0.84672,3695.15,0,18.483,0,0.316354,1.8504,2.43866,1.29156,3.31385,0.42336,18.483,0.42336,0,0,442.007,0,1.02816,0,0,1.34451,0.316354,1.028160,1,0,21.285,0,0,0,21.285,0
50.407,2.06526,0,0,2.03423,0.157612,0.36288,3.6288,54.2702,0.558276,0,0,1.03018,0.169174,0,0.66528,12.849,1,0.520748,0.36288,0,64.3392,4.09017,60.0912,0.84672,12.849,0.84672,3695.15,0,18.483,0,0.90434,1.85054,6.14453,0.837276,8.06213,0.42336,18.483,0.42336,0,0,442.007,0,1.02816,0,0,1.9325,0.90434,1.028160,1,0,68.1533,0,0,0,68.1533,0
51.0366,2.05685,0,0,3.20603,0.156702,0.36288,3.6288,54.467,0.558396,0,0,0.924713,0.169513,0,0.66528,12.849,1,0.524302,0.36288,0,72.8266,4.09017,68.5751,0.84672,12.849,0.84672,3695.15,0,18.483,0,1.23302,1.85068,3.99153,0.837276,6.23796,0.42336,18.483,0.42336,0,0,442.007,0,1.02816,0,0,2.26118,1.23302,1.028160,1,0,74.813,0,0,0,74.813,0
50.448,2.01339,0,0,1.94845,0.160781,0.36288,3.6288,54.5013,0.485514,0,0,0.695774,0.17602,0,0.66528,12.849,1,0.506892,0.36288,0,44.965,4.25087,40.5701,0.84672,12.849,0.84672,3695.15,0,18.483,0,1.0381,1.85082,5.23944,1.17184,6.95653,0.42336,18.483,0.42336,0,0,442.007,0,1.02816,0,0,2.06626,1.0381,1.028160,1,0,47.5266,0,0,0,47.5266,0
50.5053,2.00465,0,0,2.63015,0.205311,0.36288,3.6288,54.7008,0.48563,0,0,0.825538,0.140388,0,0.66528,12.849,1,0.510579,0.36288,0,47.2747,3.64655,43.4805,0.84672,12.849,0.84672,3695.15,0,18.483,0,1.01565,1.77841,6.40856,0.963046,8.23958,0.42336,18.483,0.42336,0,0,442.007,0,1.02816,0,0,2.04381,1.01565,1.028160,1,0,51.72,0,0,0,51.72,0
51.4052,2.00567,0,0,3.47389,0.205434,0.36288,3.6288,55.1143,0.485745,0,0,1.03982,0.140573,0,0.66528,12.849,1,0.510261,0.36288,0,51.7796,3.64655,47.9857,0.84672,12.849,0.84672,3695.15,0,18.483,0,1.44944,1.77854,7.71287,0.963046,9.9778,0.42336,18.483,0.42336,0,0,442.007,0,1.02816,0,0,2.4776,1.44944,1.028160,1,0,57.9635,0,0,0,57.9635,0
52.0459,2.01936,0,0,3.23029,0.207379,0.36288,3.6288,56.0631,0.48586,0,0,1.57563,0.140956,0,0.66528,12.849,1,0.504749,0.36288,0,92.3443,3.64655,88.5559,0.84672,12.849,0.84672,3695.15,0,18.483,0,1.42378,1.77868,9.94326,0.963046,12.1827,0.42336,18.483,0.42336,0,0,442.007,0,1.02816,0,0,2.45194,1.42378,1.028160,1,0,100.739,0,0,0,100.739,0
51.8443,1.87616,0,0,2.22603,0.188526,0.36288,3.6288,56.7587,0.333885,0,0,1.19286,0.163423,0,0.66528,12.849,1,0.463184,0.36288,0,45.3008,3.1349,42.0656,0.84672,12.849,0.84672,3695.15,0,18.483,0,1.45917,1.77881,5.66198,0.710597,8.18937,0.42336,18.483,0.42336,0,0,442.007,0,1.02816,0,0,2.48733,1.45917,1.028160,1,0,50.255,0,0,0,50.255,0
51.8995,1.87357,0,0,2.53395,0.242315,0.36288,3.6288,57.4679,0.333989,0,0,1.21573,0.172454,0,0.66528,12.849,1,0.464342,0.36288,0,38.3762,4.04299,34.2317,0.84672,12.849,0.84672,3695.15,0,18.483,0,1.94456,1.61557,6.73403,0.929173,9.36499,0.42336,18.483,0.42336,0,0,442.007,0,1.02816,0,0,2.97272,1.94456,1.028160,1,0,43.5967,0,0,0,43.5967,0
52.8842,1.87446,0,0,3.45942,0.237361,0.36288,3.6288,58.3125,0.334092,0,0,1.34507,0.166405,0,0.66528,12.849,1,0.46407,0.36288,0,52.4307,4.06045,48.2691,0.84672,12.849,0.84672,3695.15,0,18.483,0,1.80917,1.61569,9.32887,1.02,11.7337,0.42336,18.483,0.42336,0,0,442.007,0,1.02816,0,0,2.83733,1.80917,1.028160,1,0,60.0028,0,0,0,60.0028,0
54.8485,1.88784,0,0,4.45482,0.239784,0.36288,3.6288,59.2787,0.334196,0,0,1.46773,0.167316,0,0.66528,12.849,1,0.458678,0.36288,0,89.7895,4.06045,85.6332,0.84672,12.849,0.84672,3695.15,0,18.483,0,1.77452,1.61582,11.5051,1.02,13.8755,0.42336,18.483,0.42336,0,0,442.007,0,1.02816,0,0,2.80268,1.77452,1.028160,1,0,99.5087,0,0,0,99.5087,0
56.8509,1.91348,0,0,4.5313,0.252617,0.36288,3.6288,60.5419,0.3343,0,0,1.77803,0.180592,0,0.66528,12.849,1,0.448258,0.36288,0,112.084,4.17932,107.82,0.84672,12.849,0.84672,3695.15,0,18.483,0,1.82246,1.61594,10.3388,0.992755,12.7844,0.42336,18.483,0.42336,0,0,442.007,0,1.02816,0,0,2.85062,1.82246,1.028160,1,0,120.604,0,0,0,120.604,0
61.5577,1.99917,0,0,7.34696,0.278104,0.36288,3.6288,61.308,0.378457,0,0,2.53451,0.212887,1.17702,0.66528,12.849,1,0.451836,0.36288,0,159.856,4.47646,155.291,0.84672,12.849,0.84672,3695.15,0,18.483,0,3.16009,1.61606,13.4922,0.924655,17.3437,0.42336,18.483,0.42336,0,0,442.007,0,1.02816,0,0,4.18825,3.16009,1.028160,1,0,173.812,0,0,0,173.812,0
67.0344,2.05514,0,0,8.18536,0.290585,0.36288,3.6288,61.308,0.378555,0,0,3.07971,0.213923,2.48723,0.66528,12.849,1,0.428971,0.36288,0,211.168,4.47646,206.625,0.84672,12.849,0.84672,3695.15,0,18.483,0,4.17852,1.66787,15.3281,0.924655,20.2498,0.42336,18.483,0.42336,0,0,442.007,0,1.02816,0,0,5.20668,4.17852,1.028160,1,0,229.362,0,0,0,229.362,0
70.1257,2.11353,0,0,5.88426,0.316555,0.36288,3.6288,61.308,0.378653,0,0,2.3099,0.210353,1.72089,0.66528,12.849,1,0.405115,0.36288,0,154.473,4.51445,149.916,0.84672,12.849,0.84672,3695.15,0,18.483,0,2.88375,1.66799,11.9445,0.99088,15.5054,0.42336,18.483,0.42336,0,0,442.007,0,1.02816,0,0,3.91191,2.88375,1.028160,1,0,167.142,0,0,0,167.142,0
72.29,2.14377,0,0,8.19289,0.314434,3.57042,3.6288,61.308,0.37875,0,0,2.31681,0.225252,1.7128,0.66528,12.849,1,0.392799,3.57042,0,119.235,4.66299,117.749,0.84672,12.849,0.84672,3695.15,0,18.483,0,3.0584,1.6681,10.9547,1.16787,14.5134,0.42336,18.483,0.42336,0,0,442.007,0,1.02816,0,0,4.08656,3.0584,1.028160,1,0,133.975,0,0,0,133.975,0
72.29,2.37499,0,0,8.07036,0.295649,5.39972,3.6288,61.308,0.544282,0,0,3.63983,0.195412,2.90014,0.66528,12.849,1,0.422137,5.39972,0,220.968,3.62949,222.316,0.84672,12.849,0.84672,3695.15,0,18.483,0,5.06923,1.66822,18.1183,0.899371,23.9564,0.42336,18.483,0.42336,0,0,442.007,0,1.02816,0,0,6.09739,5.06923,1.028160,1,0,249.173,0,0,0,249.173,0
72.29,2.37516,0,0,14.9962,0.300774,12.3203,3.6288,61.308,0.544392,0,0,5.39212,0.173079,4.67465,0.66528,12.849,1,0.422167,12.3203,0,324.199,3.28954,332.807,0.84672,12.849,0.84672,3695.15,0,18.483,0,8.30264,1.85285,36.8795,0.819208,46.2158,0.42336,18.483,0.42336,0,0,442.007,0,1.02816,0,0,9.3308,8.30264,1.028160,1,0,383.698,0,0,0,383.698,0
72.29,2.37532,0,0,5.8743,0.300774,3.1982,3.6288,61.308,0.544501,0,0,2.51655,0.173079,1.79897,0.66528,12.849,1,0.422196,3.1982,0,266.947,3.28954,266.433,0.84672,12.849,0.84672,3695.15,0,18.483,0,3.83243,1.85298,15.2882,0.819208,20.1544,0.42336,18.483,0.42336,0,0,442.007,0,1.02816,0,0,4.86059,3.83243,1.028160,1,0,288.386,0,0,0,288.386,0
72.29,2.37549,0,0,4.67056,0.309451,1.98562,3.6288,61.308,0.54461,0,0,2.34453,0.237372,1.56255,0.66528,12.849,1,0.422225,1.98562,0,166.17,4.05977,163.673,0.84672,12.849,0.84672,3695.15,0,18.483,0,3.54757,1.8531,13.5832,0.952341,18.0315,0.42336,18.483,0.42336,0,0,442.007,0,1.02816,0,0,4.57573,3.54757,1.028160,1,0,183.267,0,0,0,183.267,0
72.29,2.07453,0,0,4.81481,0.325977,2.41431,3.6288,61.308,0.322643,0,0,2.69645,0.220384,2.15342,0.66528,12.849,1,0.368731,2.41431,0,156.044,3.56778,154.521,0.84672,12.849,0.84672,3695.15,0,18.483,0,3.55925,1.85323,15.0309,0.91381,19.5296,0.42336,18.483,0.42336,0,0,442.007,0,1.02816,0,0,4.58741,3.55925,1.028160,1,0,176.204,0,0,0,176.204,0
72.29,2.07467,0,0,5.10937,0.327646,2.70705,3.6288,61.308,0.322737,0,0,2.41455,0.209516,1.8823,0.66528,12.849,1,0.368757,2.70705,0,152.582,3.38951,151.531,0.84672,12.849,0.84672,3695.15,0,18.483,0,4.08466,1.6009,16.7394,0.890747,21.5342,0.42336,18.483,0.42336,0,0,442.007,0,1.02816,0,0,5.11282,4.08466,1.028160,1,0,174.948,0,0,0,174.948,0
72.29,2.07481,0,0,6.80779,0.327646,4.40533,3.6288,61.308,0.322831,0,0,2.86502,0.209516,2.33268,0.66528,12.849,1,0.368782,4.40533,0,213.896,3.38951,214.543,0.84672,12.849,0.84672,3695.15,0,18.483,0,4.41351,1.60101,19.0724,0.890747,24.1961,0.42336,18.483,0.42336,0,0,442.007,0,1.02816,0,0,5.44167,4.41351,1.028160,1,0,241.072,0,0,0,241.072,0
72.29,2.07496,0,0,7.55622,0.327109,5.15415,3.6288,61.308,0.322925,0,0,3.01461,0.208045,2.48364,0.66528,12.849,1,0.368808,5.15415,0,254.609,3.55081,255.843,0.84672,12.849,0.84672,3695.15,0,18.483,0,4.58462,1.60112,25.3287,0.951111,30.5633,0.42336,18.483,0.42336,0,0,442.007,0,1.02816,0,0,5.61278,4.58462,1.028160,1,0,288.89,0,0,0,288.89,0
72.29,2.0751,0,0,8.51671,0.338795,6.10281,3.6288,61.308,0.323019,0,0,3.66527,0.201858,3.14039,0.66528,12.849,1,0.368834,6.10281,0,273.288,4.14055,274.882,0.84672,12.849,0.84672,3695.15,0,18.483,0,4.61179,1.60123,21.1931,1.03847,26.3676,0.42336,18.483,0.42336,0,0,442.007,0,1.02816,0,0,5.63995,4.61179,1.028160,1,0,304.39,0,0,0,304.39,0
72.29,2.15107,0,0,7.8141,0.365537,5.29749,3.6288,61.308,0.37746,0,0,2.68114,0.171456,2.13222,0.66528,12.849,1,0.382337,5.29749,0,168.794,4.2083,169.501,0.84672,12.849,0.84672,3695.15,0,18.483,0,3.78736,1.60134,18.1861,0.99595,22.5788,0.42336,18.483,0.42336,0,0,442.007,0,1.02816,0,0,4.81552,3.78736,1.028160,1,0,194.212,0,0,0,194.212,0
72.29,2.15122,0,0,9.46547,0.365537,6.94871,3.6288,61.308,0.377558,0,0,4.39634,0.171456,3.84733,0.66528,12.849,1,0.382363,6.94871,0,189.61,4.2083,191.968,0.84672,12.849,0.84672,3695.15,0,18.483,0,6.92412,1.66381,26.762,0.99595,34.354,0.42336,18.483,0.42336,0,0,442.007,0,1.02816,0,0,7.95228,6.92412,1.028160,1,0,230.169,0,0,0,230.169,0
72.29,2.15137,0,0,6.56182,0.31197,4.09848,3.6288,61.308,0.377655,0,0,2.60018,0.200002,2.02252,0.66528,12.849,1,0.38239,4.09848,0,222.922,4.55731,222.081,0.84672,12.849,0.84672,3695.15,0,18.483,0,3.53336,1.66393,15.3039,1.06465,19.4365,0.42336,18.483,0.42336,0,0,442.007,0,1.02816,0,0,4.56152,3.53336,1.028160,1,0,243.54,0,0,0,243.54,0
72.29,2.15152,0,0,5.77914,0.252513,3.37511,3.6288,61.308,0.377753,0,0,2.12916,0.246503,1.5049,0.66528,12.849,1,0.382416,3.37511,0,151.729,4.45603,150.265,0.84672,12.849,0.84672,3695.15,0,18.483,0,3.03057,1.66404,13.642,1.19086,17.1458,0.42336,18.483,0.42336,0,0,442.007,0,1.02816,0,0,4.05873,3.03057,1.028160,1,0,168.916,0,0,0,168.916,0
72.29,2.12201,0,0,4.38077,0.245598,2.01316,3.6288,61.308,0.356737,0,0,1.68032,0.215391,1.10819,0.66528,12.849,1,0.377172,2.01316,0,114.38,4.07012,111.946,0.84672,12.849,0.84672,3695.15,0,18.483,0,2.19641,1.66416,10.1857,1.06314,12.9831,0.42336,18.483,0.42336,0,0,442.007,0,1.02816,0,0,3.22457,2.19641,1.028160,1,0,126.037,0,0,0,126.037,0
72.29,2.12216,0,0,4.13051,0.245598,1.76275,3.6288,61.308,0.356833,0,0,1.52698,0.215391,0.954757,0.66528,12.849,1,0.377198,1.76275,0,100.33,4.07012,97.6457,0.84672,12.849,0.84672,3695.15,0,18.483,0,1.66112,1.63999,9.36213,1.06314,11.6001,0.42336,18.483,0.42336,0,0,442.007,0,1.02816,0,0,2.68928,1.66112,1.028160,1,0,110.201,0,0,0,110.201,0
72.29,2.12231,0,0,3.7856,0.235608,1.42768,3.6288,61.308,0.35693,0,0,1.42535,0.221798,0.846622,0.66528,12.849,1,0.377224,1.42768,0,91.6764,4.21011,88.5168,0.84672,12.849,0.84672,3695.15,0,18.483,0,1.58396,1.64011,7.96764,1.08277,10.1089,0.42336,18.483,0.42336,0,0,442.007,0,1.02816,0,0,2.61212,1.58396,1.028160,1,0,99.4723,0,0,0,99.4723,0
72.29,2.12246,0,0,3.54174,0.214526,1.20476,3.6288,61.308,0.357026,0,0,1.36434,0.244297,0.763019,0.66528,12.849,1,0.377251,1.20476,0,80.2509,4.19778,76.8806,0.84672,12.849,0.84672,3695.15,0,18.483,0,1.61517,1.64022,8.23081,1.02522,10.461,0.42336,18.483,0.42336,0,0,442.007,0,1.02816,0,0,2.64333,1.61517,1.028160,1,0,88.1046,0,0,0,88.1046,0
72.29,2.22329,0,0,3.90976,0.233292,1.45318,3.6288,61.308,0.432018,0,0,1.22883,0.227851,0.568964,0.66528,12.849,1,0.395174,1.45318,0,102.495,4.46658,99.086,0.84672,12.849,0.84672,3695.15,0,18.483,0,1.41444,1.64034,8.30442,1.0091,10.3501,0.42336,18.483,0.42336,0,0,442.007,0,1.02816,0,0,2.4426,1.41444,1.028160,1,0,110.005,0,0,0,110.005,0
72.29,2.22345,0,0,3.30204,0.195441,0.883153,3.6288,61.308,0.43212,0,0,1.13699,0.237015,0.467854,0.66528,12.849,1,0.395201,0.883153,0,77.6088,5.13743,72.9593,0.84672,12.849,0.84672,3695.15,0,18.483,0,1.3167,1.72536,7.17431,1.10331,9.11306,0.42336,18.483,0.42336,0,0,442.007,0,1.02816,0,0,2.34486,1.3167,1.028160,1,0,82.5402,0,0,0,82.5402,0
72.29,2.2236,0,0,3.10075,0.149772,0.727373,3.6288,61.308,0.432221,0,0,1.05224,0.251051,0.368967,0.66528,12.849,1,0.395229,0.727373,0,62.188,5.37611,57.1441,0.84672,12.849,0.84672,3695.15,0,18.483,0,1.05541,1.72548,6.92643,1.20473,8.5026,0.42336,18.483,0.42336,0,0,442.007,0,1.02816,0,0,2.08357,1.05541,1.028160,1,0,66.0156,0,0,0,66.0156,0
72.29,2.22376,0,0,3.0532,0.149772,0.679673,3.6288,61.308,0.432323,0,0,1.05384,0.251051,0.370464,0.66528,12.849,1,0.395256,0.679673,0,58.4779,5.37611,53.3862,0.84672,12.849,0.84672,3695.15,0,18.483,0,1.09722,1.7256,6.62809,1.20473,8.24619,0.42336,18.483,0.42336,0,0,442.007,0,1.02816,0,0,2.12538,1.09722,1.028160,1,0,62.0028,0,0,0,62.0028,0
72.1998,2.22391,0,0,2.63194,0.135375,0.36288,3.6288,61.308,0.432424,0,0,0.961079,0.271965,0.25669,0.66528,12.849,1,0.395284,0.36288,0,54.7013,5.39816,49.2708,0.84672,12.849,0.84672,3695.15,0,18.483,0,0.996106,1.72572,5.65907,1.27404,7.10685,0.42336,18.483,0.42336,0,0,442.007,0,1.02816,0,0,2.02427,0.996106,1.028160,1,0,56.6343,0,0,0,56.6343,0
71.8448,2.20332,0,0,2.32731,0.116098,0.36288,3.6288,61.308,0.473704,0,0,0.836499,0.29985,0.0629455,0.66528,12.849,1,0.392112,0.36288,0,50.1956,5.42756,44.7388,0.84672,12.849,0.84672,3695.15,0,18.483,0,0.645451,1.72584,4.66741,1.36647,5.67224,0.42336,18.483,0.42336,0,0,442.007,0,1.02816,0,0,1.67361,0.645451,1.028160,1,0,50.474,0,0,0,50.474,0
71.3232,2.20018,0,0,2.15723,0.115785,0.36288,3.6288,61.308,0.473808,0,0,0.789489,0.29985,0.0158308,0.66528,12.849,1,0.393488,0.36288,0,45.5787,5.42756,40.1205,0.84672,12.849,0.84672,3695.15,0,18.483,0,0.521459,1.75243,4.60922,1.36647,5.51664,0.42336,18.483,0.42336,0,0,442.007,0,1.02816,0,0,1.54962,0.521459,1.028160,1,0,45.653,0,0,0,45.653,0
70.7464,2.19546,0,0,2.09685,0.115326,0.36288,3.6288,61.2804,0.473913,0,0,0.746194,0.29985,0,0.66528,12.849,1,0.395515,0.36288,0,40.9697,5.42756,35.5095,0.84672,12.849,0.84672,3695.15,0,18.483,0,0.380419,1.75255,4.54262,1.36647,5.30912,0.42336,18.483,0.42336,0,0,442.007,0,1.02816,0,0,1.40858,0.380419,1.028160,1,0,40.8186,0,0,0,40.8186,0
70.1026,2.19016,0,0,2.00356,0.0942941,0.36288,3.6288,61.2036,0.474017,0,0,0.714701,0.317564,0,0.66528,12.849,1,0.397778,0.36288,0,37.6969,5.57942,32.0826,0.84672,12.849,0.84672,3695.15,0,18.483,0,0.286079,1.75267,4.43697,1.45643,5.01929,0.42336,18.483,0.42336,0,0,442.007,0,1.02816,0,0,1.31424,0.286079,1.028160,1,0,37.1019,0,0,0,37.1019,0
69.504,2.23513,0,0,2.08096,0.0815605,0.36288,3.6288,60.9889,0.536474,0,0,0.662481,0.340657,0,0.66528,12.849,1,0.409673,0.36288,0,40.9298,5.52793,35.355,0.84672,12.849,0.84672,3695.15,0,18.483,0,0.261274,1.75279,3.84183,1.49441,4.36148,0.42336,18.483,0.42336,0,0,442.007,0,1.00252,0,0,1.26379,0.261274,1.028160,1,0,39.7165,0,0,0,39.7165,0
68.823,2.22935,0,0,1.99242,0.0811838,0.36288,3.6288,60.7852,0.51111,0,0,0.647594,0.340194,0,0.66528,12.849,1,0.412134,0.36288,0,38.3008,5.52793,32.7236,0.84672,12.849,0.84672,3695.15,0,18.483,0,0.261274,1.7951,3.94852,1.49441,4.51048,0.42336,18.483,0.42336,0,0,442.007,0,1.02799,0,0,1.28926,0.261274,1.028160,1,0,37.2341,0,0,0,37.2341,0
67.894,2.22267,0,0,1.73735,0.0807553,0.36288,3.6288,60.459,0.597073,0,0,0.610686,0.339755,0,0.66528,12.849,1,0.414965,0.36288,0,36.287,5.52793,30.707,0.84672,12.849,0.84672,3695.15,0,18.483,0,0.227405,1.79522,3.77287,1.49441,4.30108,0.42336,18.483,0.42336,0,0,442.007,0,0.942132,0,0,1.16954,0.227405,1.028160,1,0,35.0081,0,0,0,35.0081,0
66.8446,2.21335,0,0,1.60224,0.0754328,0.36288,3.6288,60.0688,0.648847,0,0,0.600194,0.341628,0,0.66528,12.849,1,0.418879,0.36288,0,34.2337,5.60271,28.575,0.84672,12.849,0.84672,3695.15,0,18.483,0,0.227405,1.79535,3.73854,1.50935,4.25193,0.42336,18.483,0.42336,0,0,442.007,0,0.890464,0,0,1.11787,0.227405,1.028160,1,0,32.8269,0,0,0,32.8269,0
65.4342,2.34969,0,0,1.35599,0.0538113,0.36288,3.6288,59.1496,1.10674,0,0,0.542907,0.355376,0,0.66528,12.849,1,0.451662,0.36288,0,31.0001,5.71987,25.1914,0.84672,12.849,0.84672,3695.15,0,18.483,0,0.227405,1.79547,3.12253,1.4966,3.6488,0.42336,18.483,0.42336,0,0,442.007,0,0.565216,0,0,0.792621,0.227405,1.028160,1,0,28.8402,0,0,0,28.8402,0
63.9779,2.3338,0,0,1.30656,0.0662102,0.36288,3.6288,57.9261,1.35963,0,0,0.473252,0.337098,0,0.66528,12.849,1,0.458277,0.36288,0,26.3089,5.54594,20.6676,0.84672,12.849,0.84672,3695.15,0,18.483,0,0.227405,1.93848,2.94456,1.48996,3.62048,0.42336,18.483,0.42336,0,0,442.007,0,0.312444,0,0,0.539849,0.227405,1.028160,1,0,24.288,0,0,0,24.288,0
62.4538,2.31689,0,0,1.22036,0.0646987,0.36288,3.6288,57.0458,1.02221,0,0,0.471538,0.329563,0,0.66528,12.849,1,0.465312,0.36288,0,25.8336,5.64039,20.0908,0.84672,12.849,0.84672,3695.15,0,18.483,0,0.204422,1.93862,2.99551,1.51813,3.62042,0.42336,18.483,0.42336,0,0,442.007,0,0.649979,0,0,0.854401,0.204422,1.028160,1,0,23.7112,0,0,0,23.7112,0
60.8907,2.29861,0,0,1.16226,0.0639001,0.36288,3.6288,56.1302,1.0452,0,0,0.457195,0.327689,0,0.66528,12.849,1,0.472906,0.36288,0,25.1289,5.64039,19.3785,0.84672,12.849,0.84672,3695.15,0,18.483,0,0.204422,1.93875,2.88026,1.51813,3.5053,0.42336,18.483,0.42336,0,0,442.007,0,0.627108,0,0,0.831531,0.204422,1.028160,1,0,22.8838,0,0,0,22.8838,0
59.3842,2.27922,0,0,1.19032,0.0546804,0.36288,3.6288,55.6713,0.796852,0,0,0.653014,0.315014,0,0.66528,12.849,1,0.480955,0.36288,0,23.4141,5.59842,17.6976,0.84672,12.849,0.84672,3695.15,0,18.483,0,0.204422,1.93889,3.23257,1.49852,3.87735,0.42336,18.483,0.42336,0,0,442.007,0,0.875569,0,0,1.07999,0.204422,1.028160,1,0,21.5749,0,0,0,21.5749,0
57.9962,2.19095,0,0,1.19902,0.0332203,0.36288,3.6288,54.4773,1.26576,0,0,0.359132,0.287336,0,0.66528,12.849,1,0.474057,0.36288,0,22.4144,5.49349,16.8097,0.84672,12.849,0.84672,3695.15,0,18.483,0,0.204422,1.93902,2.21942,1.4495,2.91336,0.42336,18.483,0.42336,0,0,442.007,0,0.326301,0,0,0.530723,0.204422,1.028160,1,0,19.7231,0,0,0,19.7231,0
56.4182,2.17314,0,0,0.990827,0.0327768,0.36288,3.6288,53.1719,1.33679,0,0,0.316391,0.285088,0,0.66528,12.849,1,0.481457,0.36288,0,20.6951,5.49349,15.0831,0.84672,12.849,0.84672,3695.15,0,18.483,0,0.216518,1.85724,2.05537,1.4495,2.67963,0.42336,18.483,0.42336,0,0,442.007,0,0.255387,0,0,0.471906,0.216518,1.028160,1,0,17.7627,0,0,0,17.7627,0
55.6268,2.15217,0,0,1.8418,0.118175,0.36288,3.6288,52.2343,1.21922,0,0,0.492219,0.210539,0,0.66528,12.849,1,0.490149,0.36288,0,36.54,4.45535,31.9574,0.84672,12.849,0.84672,3695.15,0,18.483,0,0.216518,1.85737,3.56861,1.12501,4.51748,0.42336,18.483,0.42336,0,0,442.007,0,0.373066,0,0,0.589584,0.216518,1.028160,1,0,36.4749,0,0,0,36.4749,0
56.6396,2.14145,0,0,3.66852,0.15134,0.36288,3.6288,51.8117,0.991812,0,0,0.749644,0.180439,0,0.66528,12.849,1,0.494644,0.36288,0,73.2352,4.04009,69.0634,0.84672,12.849,0.84672,3695.15,0,18.483,0,0.216518,1.8575,5.09857,0.995216,6.17737,0.42336,18.483,0.42336,0,0,442.007,0,0.600584,0,0,0.817102,0.216518,1.028160,1,0,75.2408,0,0,0,75.2408,0
54.8572,2.0998,0,0,0.865953,0.185723,0.36288,3.6288,51.3422,0.789648,0,0,0.510602,0.190462,0,0.66528,12.849,1,0.476351,0.36288,0,23.9933,4.63452,19.2453,0.84672,12.849,0.84672,3695.15,0,18.483,0,0.216518,1.85763,3.11434,1.12797,4.06051,0.42336,18.483,0.42336,0,0,442.007,0,0.729587,0,0,0.946106,0.216518,1.028160,1,0,23.3058,0,0,0,23.3058,0
53.7781,2.07592,0,0,1.60891,0.249193,0.36288,3.6288,51.0648,0.662849,0,0,0.569667,0.184195,0,0.66528,12.849,1,0.486236,0.36288,0,24.4815,4.53493,19.8232,0.84672,12.849,0.84672,3695.15,0,18.483,0,0.216518,1.78494,3.86232,1.10015,4.76364,0.42336,18.483,0.42336,0,0,442.007,0,0.856492,0,0,1.07301,0.216518,1.028160,1,0,24.5869,0,0,0,24.5869,0
53.5072,2.06103,0,0,2.44181,0.288795,0.36288,3.6288,51.2837,0.502994,0,0,0.911123,0.189246,0,0.66528,12.849,1,0.492435,0.36288,0,32.3443,4.60856,27.6062,0.84672,12.849,0.84672,3695.15,0,18.483,0,0.292723,1.78507,4.10631,1.10414,5.07996,0.42336,18.483,0.42336,0,0,442.007,0,1.01645,0,0,1.30918,0.292723,1.028160,1,0,32.6861,0,0,0,32.6861,0
53.7679,2.05734,0,0,2.96892,0.288,0.36288,3.6288,51.7198,0.491392,0,0,1.11706,0.189582,0,0.66528,12.849,1,0.494042,0.36288,0,78.7581,4.60856,74.0184,0.84672,12.849,0.84672,3695.15,0,18.483,0,1.00868,1.78519,8.49205,1.10414,10.1818,0.42336,18.483,0.42336,0,0,442.007,0,1.02816,0,0,2.03684,1.00868,1.028160,1,0,84.2002,0,0,0,84.2002,0
53.9285,1.90595,0,0,2.7086,0.279161,0.36288,3.6288,51.9391,0.338854,0,0,0.73899,0.180775,0,0.66528,12.849,1,0.455467,0.36288,0,57.6888,4.4222,53.1741,0.84672,12.849,0.84672,3695.15,0,18.483,0,0.619402,1.78532,6.3912,1.08826,7.70766,0.42336,18.483,0.42336,0,0,442.007,0,1.02816,0,0,1.64756,0.619402,1.028160,1,0,60.8817,0,0,0,60.8817,0
54.0899,1.90817,0,0,2.70488,0.272401,0.36288,3.6288,52.1594,0.338949,0,0,0.733164,0.173974,0,0.66528,12.849,1,0.454641,0.36288,0,82.5039,4.28243,78.1297,0.84672,12.849,0.84672,3695.15,0,18.483,0,1.04955,1.62146,6.55027,1.07635,8.14494,0.42336,18.483,0.42336,0,0,442.007,0,1.02816,0,0,2.07771,1.04955,1.028160,1,0,86.2746,0,0,0,86.2746,0
54.1791,1.9104,0,0,2.63528,0.272848,0.36288,3.6288,52.3874,0.339044,0,0,0.741355,0.174283,0,0.66528,12.849,1,0.453813,0.36288,0,73.1883,4.28243,68.815,0.84672,12.849,0.84672,3695.15,0,18.483,0,0.69069,1.62158,5.67055,1.07635,6.90647,0.42336,18.483,0.42336,0,0,442.007,0,1.02816,0,0,1.71885,0.69069,1.028160,1,0,75.7214,0,0,0,75.7214,0
54.3533,1.91169,0,0,2.72193,0.273094,0.36288,3.6288,52.5756,0.339139,0,0,0.701948,0.174603,0,0.66528,12.849,1,0.453372,0.36288,0,89.4145,4.28243,85.0416,0.84672,12.849,0.84672,3695.15,0,18.483,0,0.542583,1.62169,5.82744,1.07635,6.91536,0.42336,18.483,0.42336,0,0,442.007,0,1.02816,0,0,1.57074,0.542583,1.028160,1,0,91.9569,0,0,0,91.9569,0
55.4077,1.91407,0,0,3.61168,0.280393,0.36288,3.6288,53.0029,0.339234,0,0,0.893964,0.12743,0,0.66528,12.849,1,0.452481,0.36288,0,75.6216,3.51466,72.0173,0.84672,12.849,0.84672,3695.15,0,18.483,0,0.64984,1.6218,7.09051,0.675524,8.68663,0.42336,18.483,0.42336,0,0,442.007,0,1.02816,0,0,1.678,0.64984,1.028160,1,0,80.704,0,0,0,80.704,0
59.294,1.988,0,0,6.47585,0.238683,0.36288,3.6288,53.7852,0.383542,0,0,1.33378,0.16796,0,0.66528,12.849,1,0.461015,0.36288,0,107.414,3.85172,103.464,0.84672,12.849,0.84672,3695.15,0,18.483,0,0.801446,1.62192,7.37156,0.794972,8.99995,0.42336,18.483,0.42336,0,0,442.007,0,1.02816,0,0,1.82961,0.801446,1.028160,1,0,112.464,0,0,0,112.464,0
62.1344,2.03633,0,0,5.48759,0.247961,0.36288,3.6288,54.389,0.383631,0,0,1.1564,0.169011,0,0.66528,12.849,1,0.441273,0.36288,0,90.7736,3.85172,86.8435,0.84672,12.849,0.84672,3695.15,0,18.483,0,0.570534,1.6739,6.6725,0.794972,8.12196,0.42336,18.483,0.42336,0,0,442.007,0,1.02816,0,0,1.59869,0.570534,1.028160,1,0,94.9654,0,0,0,94.9654,0
64.5148,2.06916,0,0,5.06668,0.2542,0.36288,3.6288,54.9466,0.38372,0,0,1.11106,0.169698,0,0.66528,12.849,1,0.42789,0.36288,0,83.3242,3.85172,79.4074,0.84672,12.849,0.84672,3695.15,0,18.483,0,0.5097,1.67401,6.51197,0.794972,7.9007,0.42336,18.483,0.42336,0,0,442.007,0,1.02816,0,0,1.53786,0.5097,1.028160,1,0,87.3081,0,0,0,87.3081,0
67.066,2.09521,0,0,5.31293,0.303619,0.36288,3.6288,55.51,0.383809,0,0,1.12198,0.174832,0,0.66528,12.849,1,0.417289,0.36288,0,86.6091,4.12124,82.4334,0.84672,12.849,0.84672,3695.15,0,18.483,0,0.525787,1.67411,6.78594,0.945774,8.04007,0.42336,18.483,0.42336,0,0,442.007,0,1.02816,0,0,1.55395,0.525787,1.028160,1,0,90.4735,0,0,0,90.4735,0
72.29,2.32867,0,0,8.37253,0.338949,0.480953,3.6288,56.9424,0.549926,0,0,2.19229,0.209895,0,0.66528,12.849,1,0.446144,0.480953,0,104.295,4.1335,100.196,0.84672,12.849,0.84672,3695.15,0,18.483,0,2.28811,1.67422,10.9362,1.07929,13.8193,0.42336,18.483,0.42336,0,0,442.007,0,1.02816,0,0,3.31627,2.28811,1.028160,1,0,114.016,0,0,0,114.016,0
72.29,2.38367,0,0,6.57232,0.348613,3.84004,3.6288,57.8057,0.550026,0,0,1.63352,0.220222,0,0.66528,12.849,1,0.423679,3.84004,0,86.1106,3.94307,85.5838,0.84672,12.849,0.84672,3695.15,0,18.483,0,1.97434,1.8595,8.94119,1.01581,11.7592,0.42336,18.483,0.42336,0,0,442.007,0,1.02816,0,0,3.0025,1.97434,1.028160,1,0,97.3431,0,0,0,97.3431,0
72.29,2.38382,0,0,4.73526,0.348613,2.00283,3.6288,57.978,0.550125,0,0,0.943855,0.221458,0,0.66528,12.849,1,0.423706,2.00283,0,62.0176,3.94307,59.6536,0.84672,12.849,0.84672,3695.15,0,18.483,0,0.941527,1.85961,7.30296,1.01581,9.08829,0.42336,18.483,0.42336,0,0,442.007,0,1.02816,0,0,1.96969,0.941527,1.028160,1,0,68.7419,0,0,0,68.7419,0
72.29,2.38397,0,0,4.51392,0.290274,1.83968,3.6288,58.308,0.550225,0,0,1.11831,0.238085,0,0.66528,12.849,1,0.423733,1.83968,0,83.775,4.05121,81.1397,0.84672,12.849,0.84672,3695.15,0,18.483,0,1.36863,1.85973,7.7881,1.13107,9.88539,0.42336,18.483,0.42336,0,0,442.007,0,1.02816,0,0,2.39679,1.36863,1.028160,1,0,91.0251,0,0,0,91.0251,0
72.29,2.08192,0,0,5.59067,0.324318,3.18443,3.6288,58.9344,0.327457,0,0,1.20261,0.248696,0,0.66528,12.849,1,0.370045,3.18443,0,127.825,3.99136,126.648,0.84672,12.849,0.84672,3695.15,0,18.483,0,1.80091,1.85985,9.54167,1.05328,12.1492,0.42336,18.483,0.42336,0,0,442.007,0,1.02816,0,0,2.82907,1.80091,1.028160,1,0,138.798,0,0,0,138.798,0
72.29,2.08205,0,0,5.80797,0.337936,3.38799,3.6288,59.912,0.327543,0,0,1.5589,0.253757,0,0.66528,12.849,1,0.370069,3.38799,0,126.013,3.96743,125.063,0.84672,12.849,0.84672,3695.15,0,18.483,0,2.69889,1.6066,11.941,1.02217,15.2243,0.42336,18.483,0.42336,0,0,442.007,0,1.02816,0,0,3.72705,2.69889,1.028160,1,0,140.287,0,0,0,140.287,0
72.29,2.08218,0,0,6.24778,0.337936,3.82767,3.6288,61.308,0.327628,0,0,2.10921,0.255349,0.130259,0.66528,12.849,1,0.370092,3.82767,0,123.432,3.96743,122.922,0.84672,12.849,0.84672,3695.15,0,18.483,0,3.46944,1.6067,14.2951,1.02217,18.349,0.42336,18.483,0.42336,0,0,442.007,0,1.02816,0,0,4.4976,3.46944,1.028160,1,0,141.401,0,0,0,141.401,0
72.29,2.08231,0,0,5.69054,0.326608,3.28162,3.6288,61.308,0.327714,0,0,1.75157,0.251607,1.17225,0.66528,12.849,1,0.370115,3.28162,0,141.058,3.88023,140.089,0.84672,12.849,0.84672,3695.15,0,18.483,0,2.81836,1.6068,12.2067,1.00964,15.6222,0.42336,18.483,0.42336,0,0,442.007,0,1.02816,0,0,3.84652,2.81836,1.028160,1,0,156.883,0,0,0,156.883,0
72.29,2.08244,0,0,6.36824,0.261722,4.02408,3.6288,61.308,0.327799,0,0,3.07028,0.237447,2.50504,0.66528,12.849,1,0.370139,4.02408,0,129.88,3.83862,129.695,0.84672,12.849,0.84672,3695.15,0,18.483,0,4.26348,1.60691,17.2129,1.04217,22.0411,0.42336,18.483,0.42336,0,0,442.007,0,1.02816,0,0,5.29164,4.26348,1.028160,1,0,154.241,0,0,0,154.241,0
72.29,2.15867,0,0,8.13274,0.284052,5.69002,3.6288,61.308,0.382424,0,0,3.53896,0.251599,2.90494,0.66528,12.849,1,0.383687,5.69002,0,183.202,4.5876,183.92,0.84672,12.849,0.84672,3695.15,0,18.483,0,3.2117,1.60701,18.4723,1.14485,22.1462,0.42336,18.483,0.42336,0,0,442.007,0,1.02816,0,0,4.23986,3.2117,1.028160,1,0,208.972,0,0,0,208.972,0
72.29,2.1588,0,0,5.76569,0.295019,3.31187,3.6288,61.308,0.382513,0,0,2.10429,0.221079,1.5007,0.66528,12.849,1,0.383711,3.31187,0,127.703,4.24641,126.384,0.84672,12.849,0.84672,3695.15,0,18.483,0,1.98081,1.66969,10.4426,1.01997,13.0731,0.42336,18.483,0.42336,0,0,442.007,0,1.02816,0,0,3.00897,1.98081,1.028160,1,0,140.958,0,0,0,140.958,0
72.29,2.15894,0,0,5.94389,0.295019,3.48993,3.6288,61.308,0.382602,0,0,1.88116,0.221079,1.27748,0.66528,12.849,1,0.383735,3.48993,0,132.252,4.24641,131.112,0.84672,12.849,0.84672,3695.15,0,18.483,0,1.66577,1.66979,11.1028,1.01997,13.4184,0.42336,18.483,0.42336,0,0,442.007,0,1.02816,0,0,2.69393,1.66577,1.028160,1,0,145.808,0,0,0,145.808,0
72.29,2.15908,0,0,4.86229,0.286091,2.41712,3.6288,61.308,0.382691,0,0,1.7409,0.225837,1.13237,0.66528,12.849,1,0.38376,2.41712,0,106.73,4.30458,104.459,0.84672,12.849,0.84672,3695.15,0,18.483,0,1.66321,1.6699,9.00651,1.03142,11.3082,0.42336,18.483,0.42336,0,0,442.007,0,1.02816,0,0,2.69137,1.66321,1.028160,1,0,116.899,0,0,0,116.899,0
72.29,2.12945,0,0,4.79663,0.212206,2.45497,3.6288,61.308,0.361592,0,0,2.17628,0.225921,1.58876,0.66528,12.849,1,0.378494,2.45497,0,92.5819,4.10098,90.5574,0.84672,12.849,0.84672,3695.15,0,18.483,0,1.61099,1.67,10.581,1.04961,12.8124,0.42336,18.483,0.42336,0,0,442.007,0,1.02816,0,0,2.63915,1.61099,1.028160,1,0,104.959,0,0,0,104.959,0
72.29,2.12959,0,0,5.249,0.212206,2.9072,3.6288,61.308,0.36168,0,0,1.7185,0.225921,1.1309,0.66528,12.849,1,0.378518,2.9072,0,114.865,4.10098,113.293,0.84672,12.849,0.84672,3695.15,0,18.483,0,1.33809,1.64574,7.72459,1.04961,9.65882,0.42336,18.483,0.42336,0,0,442.007,0,1.02816,0,0,2.36625,1.33809,1.028160,1,0,124.083,0,0,0,124.083,0
72.29,2.12972,0,0,4.09819,0.212206,1.75626,3.6288,61.308,0.361768,0,0,1.27239,0.225921,0.684698,0.66528,12.849,1,0.378542,1.75626,0,92.194,4.10098,89.4707,0.84672,12.849,0.84672,3695.15,0,18.483,0,1.186,1.64585,7.03633,1.04961,8.81857,0.42336,18.483,0.42336,0,0,442.007,0,1.02816,0,0,2.21416,1.186,1.028160,1,0,98.974,0,0,0,98.974,0
72.29,2.12986,0,0,3.79131,0.212206,1.44925,3.6288,61.308,0.361855,0,0,1.0204,0.225921,0.432625,0.66528,12.849,1,0.378566,1.44925,0,65.2804,4.10098,62.2501,0.84672,12.849,0.84672,3695.15,0,18.483,0,0.677177,1.64595,5.93061,1.04961,7.20413,0.42336,18.483,0.42336,0,0,442.007,0,1.02816,0,0,1.70534,0.677177,1.028160,1,0,69.8868,0,0,0,69.8868,0
72.29,2.23103,0,0,3.44834,0.206412,1.0109,3.6288,61.308,0.437099,0,0,1.17576,0.227099,0.511559,0.66528,12.849,1,0.396549,1.0109,0,58.8764,4.4512,55.0396,0.84672,12.849,0.84672,3695.15,0,18.483,0,0.688962,1.64605,5.8915,1.01005,7.21646,0.42336,18.483,0.42336,0,0,442.007,0,1.02816,0,0,1.71712,0.688962,1.028160,1,0,62.7676,0,0,0,62.7676,0
72.29,2.23117,0,0,3.19769,0.185676,0.780842,3.6288,61.308,0.437192,0,0,0.9861,0.214096,0.334812,0.66528,12.849,1,0.396574,0.780842,0,53.3879,4.30713,49.465,0.84672,12.849,0.84672,3695.15,0,18.483,0,0.707875,1.73137,5.69151,0.98328,7.14747,0.42336,18.483,0.42336,0,0,442.007,0,1.02816,0,0,1.73604,0.707875,1.028160,1,0,56.9473,0,0,0,56.9473,0
72.29,2.23131,0,0,2.86938,0.147153,0.490912,3.6288,61.308,0.437284,0,0,0.958176,0.216039,0.304853,0.66528,12.849,1,0.396599,0.490912,0,46.701,4.37199,42.4233,0.84672,12.849,0.84672,3695.15,0,18.483,0,0.715582,1.73148,5.31965,0.942316,6.82439,0.42336,18.483,0.42336,0,0,442.007,0,1.02816,0,0,1.74374,0.715582,1.028160,1,0,49.5526,0,0,0,49.5526,0
72.29,2.23145,0,0,2.83341,0.147153,0.454803,3.6288,61.308,0.437377,0,0,1.04076,0.216039,0.387341,0.66528,12.849,1,0.396624,0.454803,0,45.1621,4.37199,40.8483,0.84672,12.849,0.84672,3695.15,0,18.483,0,0.67894,1.73158,5.83234,0.942316,7.30055,0.42336,18.483,0.42336,0,0,442.007,0,1.02816,0,0,1.7071,0.67894,1.028160,1,0,48.5362,0,0,0,48.5362,0
72.29,2.23159,0,0,2.99291,0.147264,0.614055,3.6288,61.308,0.437469,0,0,0.972406,0.201316,0.333621,0.66528,12.849,1,0.396649,0.614055,0,48.4559,4.30602,44.3673,0.84672,12.849,0.84672,3695.15,0,18.483,0,0.684132,1.73169,5.33097,0.951495,6.7953,0.42336,18.483,0.42336,0,0,442.007,0,1.02816,0,0,1.71229,0.684132,1.028160,1,0,51.4962,0,0,0,51.4962,0
72.29,2.21175,0,0,3.51638,0.116846,1.18778,3.6288,61.308,0.478882,0,0,0.976562,0.219087,0.278593,0.66528,12.849,1,0.393121,1.18778,0,59.5302,5.04105,55.2838,0.84672,12.849,0.84672,3695.15,0,18.483,0,0.862056,1.7318,5.8632,1.16766,7.28939,0.42336,18.483,0.42336,0,0,442.007,0,1.02816,0,0,1.89022,0.862056,1.028160,1,0,62.8518,0,0,0,62.8518,0
72.29,2.21189,0,0,3.25388,0.116846,0.925152,3.6288,61.308,0.478977,0,0,0.977037,0.219087,0.278973,0.66528,12.849,1,0.393146,0.925152,0,54.2885,5.04105,49.7794,0.84672,12.849,0.84672,3695.15,0,18.483,0,0.908263,1.75847,5.76495,1.16766,7.26402,0.42336,18.483,0.42336,0,0,442.007,0,1.02816,0,0,1.93642,0.908263,1.028160,1,0,57.3224,0,0,0,57.3224,0
72.29,2.21203,0,0,3.07676,0.116846,0.747892,3.6288,61.308,0.479072,0,0,0.95796,0.219087,0.259801,0.66528,12.849,1,0.393171,0.747892,0,52.0667,5.04105,47.3804,0.84672,12.849,0.84672,3695.15,0,18.483,0,0.90885,1.75858,5.71266,1.16766,7.21243,0.42336,18.483,0.42336,0,0,442.007,0,1.02816,0,0,1.93701,0.90885,1.028160,1,0,54.8526,0,0,0,54.8526,0
72.29,2.21217,0,0,3.00766,0.116846,0.67865,3.6288,61.308,0.479167,0,0,0.910345,0.219087,0.212091,0.66528,12.849,1,0.393196,0.67865,0,48.784,5.04105,44.0284,0.84672,12.849,0.84672,3695.15,0,18.483,0,0.893462,1.75869,5.71681,1.16766,7.2013,0.42336,18.483,0.42336,0,0,442.007,0,1.02816,0,0,1.92162,0.893462,1.028160,1,0,51.4418,0,0,0,51.4418,0
72.29,2.26394,0,0,3.35546,0.0920804,0.999448,3.6288,61.308,0.516097,0,0,0.819893,0.272593,0.0312028,0.66528,12.849,1,0.402398,0.999448,0,47.9038,5.37567,43.1252,0.84672,12.849,0.84672,3695.15,0,18.483,0,0.923089,1.7588,5.11833,1.42924,6.37097,0.42336,18.483,0.42336,0,0,442.007,0,1.02816,0,0,1.95125,0.923089,1.028160,1,0,49.5273,0,0,0,49.5273,0
72.29,2.26408,0,0,3.00784,0.0879529,0.655811,3.6288,61.2692,0.516195,0,0,0.758938,0.281511,0,0.66528,12.849,1,0.402423,0.655811,0,45.7086,5.43144,40.5306,0.84672,12.849,0.84672,3695.15,0,18.483,0,0.750427,1.80124,4.90202,1.47284,5.98084,0.42336,18.483,0.42336,0,0,442.007,0,1.02816,0,0,1.77859,0.750427,1.028160,1,0,46.5114,0,0,0,46.5114,0
72.29,2.26422,0,0,2.76974,0.0879529,0.417567,3.6288,61.2151,0.516292,0,0,0.743593,0.281442,0,0.66528,12.849,1,0.402448,0.417567,0,43.1099,5.43144,37.6936,0.84672,12.849,0.84672,3695.15,0,18.483,0,0.658964,1.80135,4.8524,1.47284,5.83987,0.42336,18.483,0.42336,0,0,442.007,0,1.02816,0,0,1.68712,0.658964,1.028160,1,0,43.5334,0,0,0,43.5334,0
71.8924,2.26437,0,0,2.29951,0.0698579,0.36288,3.6288,61.152,0.516389,0,0,0.739549,0.286297,0,0.66528,12.849,1,0.402474,0.36288,0,40.8819,5.72573,35.1166,0.84672,12.849,0.84672,3695.15,0,18.483,0,0.648691,1.80147,4.62122,1.45857,5.61281,0.42336,18.483,0.42336,0,0,442.007,0,1.02816,0,0,1.67685,0.648691,1.028160,1,0,40.7294,0,0,0,40.7294,0
71.4082,2.41171,0,0,2.37047,0.0801024,0.36288,3.6288,60.8575,0.649474,0,0,0.649441,0.294382,0,0.66528,12.849,1,0.431034,0.36288,0,35.5012,5.68506,29.748,0.84672,12.849,0.84672,3695.15,0,18.483,0,0.530738,1.80158,4.60142,1.4488,5.48494,0.42336,18.483,0.42336,0,0,442.007,0,1.02816,0,0,1.5589,0.530738,1.028160,1,0,35.233,0,0,0,35.233,0
71.3967,2.40691,0,0,2.82459,0.066236,0.36288,3.6288,60.5034,0.64958,0,0,0.619313,0.32391,0,0.66528,12.849,1,0.433093,0.36288,0,32.3126,6.03446,26.2079,0.84672,12.849,0.84672,3695.15,0,18.483,0,0.591244,1.94507,4.07874,1.58948,5.02556,0.42336,18.483,0.42336,0,0,442.007,0,1.02816,0,0,1.6194,0.591244,1.028160,1,0,31.2335,0,0,0,31.2335,0
71.0394,2.40694,0,0,2.47871,0.0662302,0.36288,3.6288,60.128,0.649686,0,0,0.597479,0.323183,0,0.66528,12.849,1,0.433169,0.36288,0,41.0752,6.03446,34.9704,0.84672,12.849,0.84672,3695.15,0,18.483,0,0.519117,1.94519,3.91674,1.58948,4.79156,0.42336,18.483,0.42336,0,0,442.007,0,1.02816,0,0,1.54728,0.519117,1.028160,1,0,39.762,0,0,0,39.762,0
70.7386,2.40341,0,0,2.53151,0.0660494,0.36288,3.6288,59.8411,0.649792,0,0,0.685371,0.322412,0,0.66528,12.849,1,0.434708,0.36288,0,35.5811,6.03446,29.4748,0.84672,12.849,0.84672,3695.15,0,18.483,0,0.606804,1.94531,4.06747,1.58948,5.0301,0.42336,18.483,0.42336,0,0,442.007,0,1.02816,0,0,1.63496,0.606804,1.028160,1,0,34.5049,0,0,0,34.5049,0
70.3832,2.40044,0,0,2.47109,0.0631564,0.36288,3.6288,59.5395,0.649898,0,0,0.676522,0.328252,0,0.66528,12.849,1,0.436017,0.36288,0,37.0805,5.99498,31.0123,0.84672,12.849,0.84672,3695.15,0,18.483,0,0.998698,1.94543,5.22147,1.59879,6.56682,0.42336,18.483,0.42336,0,0,442.007,0,1.02816,0,0,2.02686,0.998698,1.028160,1,0,37.5792,0,0,0,37.5792,0
69.4157,2.32374,0,0,1.76575,0.0465843,0.36288,3.6288,59.1222,0.56926,0,0,0.518054,0.36612,0,0.66528,12.849,1,0.424217,0.36288,0,28.4372,5.7581,22.6177,0.84672,12.849,0.84672,3695.15,0,18.483,0,0.558973,1.94556,5.79174,1.65461,6.64166,0.42336,18.483,0.42336,0,0,442.007,0,1.02816,0,0,1.58713,0.558973,1.028160,1,0,29.2594,0,0,0,29.2594,0
68.6283,2.31395,0,0,2.00388,0.114478,0.36288,3.6288,58.735,0.569361,0,0,0.499701,0.317505,0,0.66528,12.849,1,0.428318,0.36288,0,23.9898,5.37159,18.5528,0.84672,12.849,0.84672,3695.15,0,18.483,0,0.456365,1.86349,4.36754,1.52186,5.16554,0.42336,18.483,0.42336,0,0,442.007,0,1.02816,0,0,1.48452,0.456365,1.028160,1,0,23.7183,0,0,0,23.7183,0
68.4967,2.30587,0,0,2.65095,0.113779,0.36288,3.6288,58.4989,0.569462,0,0,0.650086,0.316717,0,0.66528,12.849,1,0.431719,0.36288,0,34.9221,5.37159,29.4817,0.84672,12.849,0.84672,3695.15,0,18.483,0,1.0262,1.86361,6.26996,1.52186,7.63791,0.42336,18.483,0.42336,0,0,442.007,0,1.02816,0,0,2.05436,1.0262,1.028160,1,0,37.1196,0,0,0,37.1196,0
69.1655,2.30463,0,0,3.44992,0.113662,0.36288,3.6288,58.533,0.569563,0,0,0.919884,0.316236,0,0.66528,12.849,1,0.432315,0.36288,0,68.3795,5.37159,62.9384,0.84672,12.849,0.84672,3695.15,0,18.483,0,1.85033,1.86373,7.44573,1.52186,9.63793,0.42336,18.483,0.42336,0,0,442.007,0,1.02816,0,0,2.87849,1.85033,1.028160,1,0,72.5764,0,0,0,72.5764,0
69.3076,2.25207,0,0,2.95086,0.193802,0.36288,3.6288,58.8816,0.496148,0,0,1.09031,0.245573,0,0.66528,12.849,1,0.418372,0.36288,0,59.1941,4.22049,54.9181,0.84672,12.849,0.84672,3695.15,0,18.483,0,2.15073,1.86384,9.1483,1.13264,12.0302,0.42336,18.483,0.42336,0,0,442.007,0,1.02816,0,0,3.17889,2.15073,1.028160,1,0,66.9484,0,0,0,66.9484,0
68.3979,2.25365,0,0,1.93268,0.22587,0.36288,3.6288,58.8826,0.496244,0,0,0.714973,0.217767,0,0.66528,12.849,1,0.417807,0.36288,0,42.687,3.76005,38.8721,0.84672,12.849,0.84672,3695.15,0,18.483,0,0.913067,1.7909,7.78855,0.976958,9.51556,0.42336,18.483,0.42336,0,0,442.007,0,1.02816,0,0,1.94123,0.913067,1.028160,1,0,48.3876,0,0,0,48.3876,0
68.3881,2.2445,0,0,2.82195,0.224274,0.36288,3.6288,58.9016,0.49634,0,0,0.733187,0.217768,0,0.66528,12.849,1,0.421645,0.36288,0,56.3301,3.76005,52.5113,0.84672,12.849,0.84672,3695.15,0,18.483,0,0.537253,1.79101,7.69287,0.976958,9.04418,0.42336,18.483,0.42336,0,0,442.007,0,1.02816,0,0,1.56541,0.537253,1.028160,1,0,61.5555,0,0,0,61.5555,0
68.3007,2.24454,0,0,2.77716,0.257163,0.36288,3.6288,59.3238,0.496436,0,0,1.17449,0.255857,0,0.66528,12.849,1,0.421713,0.36288,0,52.8548,4.58652,48.2094,0.84672,12.849,0.84672,3695.15,0,18.483,0,2.14707,1.79113,11.4406,1.21003,14.1687,0.42336,18.483,0.42336,0,0,442.007,0,1.02816,0,0,3.17523,2.14707,1.028160,1,0,62.3782,0,0,0,62.3782,0
69.8517,2.0748,0,0,4.26164,0.272949,0.36288,3.6288,59.7802,0.343382,0,0,1.04468,0.244946,0,0.66528,12.849,1,0.39032,0.36288,0,74.2579,4.51762,69.7128,0.84672,12.849,0.84672,3695.15,0,18.483,0,2.08305,1.79124,11.4349,1.1593,14.1499,0.42336,18.483,0.42336,0,0,442.007,0,1.02816,0,0,3.11121,2.08305,1.028160,1,0,83.8627,0,0,0,83.8627,0
69.7124,2.08952,0,0,2.6035,0.290406,0.36288,3.6288,59.9337,0.343469,0,0,0.71858,0.221638,0,0.66528,12.849,1,0.384361,0.36288,0,42.1771,4.24211,37.9135,0.84672,12.849,0.84672,3695.15,0,18.483,0,1.57677,1.62684,9.10526,1.03986,11.269,0.42336,18.483,0.42336,0,0,442.007,0,1.02816,0,0,2.60493,1.57677,1.028160,1,0,49.1825,0,0,0,49.1825,0
70.8445,2.08836,0,0,3.87346,0.290093,0.36288,3.6288,60.3464,0.343555,0,0,0.97816,0.221856,0,0.66528,12.849,1,0.384915,0.36288,0,79.0724,4.24211,74.8083,0.84672,12.849,0.84672,3695.15,0,18.483,0,2.5845,1.62694,9.10259,1.03986,12.2742,0.42336,18.483,0.42336,0,0,442.007,0,1.02816,0,0,3.61266,2.5845,1.028160,1,0,87.0824,0,0,0,87.0824,0
70.2536,2.09889,0,0,2.16346,0.292635,0.36288,3.6288,60.3612,0.343642,0,0,0.5809,0.222439,0,0.66528,12.849,1,0.380674,0.36288,0,53.0521,4.24211,48.7922,0.84672,12.849,0.84672,3695.15,0,18.483,0,1.34528,1.62704,7.94085,1.03986,9.87332,0.42336,18.483,0.42336,0,0,442.007,0,1.02816,0,0,2.37344,1.34528,1.028160,1,0,58.6655,0,0,0,58.6655,0
69.157,2.09363,0,0,1.65673,0.296771,0.36288,3.6288,60.1589,0.343728,0,0,0.369116,0.227762,0,0.66528,12.849,1,0.382913,0.36288,0,34.9562,4.35639,30.5798,0.84672,12.849,0.84672,3695.15,0,18.483,0,0.604541,1.62714,9.06639,1.07551,10.2226,0.42336,18.483,0.42336,0,0,442.007,0,1.02816,0,0,1.6327,0.604541,1.028160,1,0,40.8024,0,0,0,40.8024,0
72.29,2.14884,0,0,7.48319,0.255254,1.94615,3.6288,61.1136,0.388173,0,0,1.59198,0.249097,0,0.66528,12.849,1,0.399242,1.94615,0,135.198,5.11297,131.632,0.84672,12.849,0.84672,3695.15,0,18.483,0,3.11284,1.62725,15.2349,1.39511,18.5799,0.42336,18.483,0.42336,0,0,442.007,0,1.02816,0,0,4.141,3.11284,1.028160,1,0,150.212,0,0,0,150.212,0
72.29,2.17839,0,0,7.03988,0.25704,4.60445,3.6288,61.308,0.388254,0,0,1.52272,0.25346,0.68658,0.66528,12.849,1,0.387193,4.60445,0,189.758,5.10437,188.871,0.84672,12.849,0.84672,3695.15,0,18.483,0,2.98685,1.67939,15.55,1.42763,18.7886,0.42336,18.483,0.42336,0,0,442.007,0,1.02816,0,0,4.01501,2.98685,1.028160,1,0,208.346,0,0,0,208.346,0
72.29,2.17852,0,0,8.76727,0.25704,6.33171,3.6288,61.308,0.388334,0,0,2.11873,0.253772,1.47662,0.66528,12.849,1,0.387215,6.33171,0,197.76,5.10437,198.6,0.84672,12.849,0.84672,3695.15,0,18.483,0,4.0234,1.67949,18.4233,1.42763,22.6986,0.42336,18.483,0.42336,0,0,442.007,0,1.02816,0,0,5.05156,4.0234,1.028160,1,0,222.775,0,0,0,222.775,0
72.29,2.17864,0,0,14.2398,0.25704,11.8041,3.6288,61.308,0.388414,0,0,3.27226,0.253772,2.63008,0.66528,12.849,1,0.387237,11.8041,0,251.008,5.10437,257.32,0.84672,12.849,0.84672,3695.15,0,18.483,0,5.55977,1.67958,24.9602,1.42763,30.7719,0.42336,18.483,0.42336,0,0,442.007,0,1.02816,0,0,6.58793,5.55977,1.028160,1,0,290.722,0,0,0,290.722,0
72.29,2.39128,0,0,15.8588,0.256979,13.2105,3.6288,61.308,0.555063,0,0,3.90935,0.205616,3.14867,0.66528,12.849,1,0.425031,13.2105,0,257.436,4.02844,266.193,0.84672,12.849,0.84672,3695.15,0,18.483,0,6.21631,1.67968,29.0287,1.14638,35.7783,0.42336,18.483,0.42336,0,0,442.007,0,1.02816,0,0,7.24447,6.21631,1.028160,1,0,305.12,0,0,0,305.12,0
72.29,2.39141,0,0,12.9644,0.277558,10.2954,3.6288,61.308,0.555153,0,0,3.34035,0.178012,2.60719,0.66528,12.849,1,0.425056,10.2954,0,390.976,3.27715,397.57,0.84672,12.849,0.84672,3695.15,0,18.483,0,5.60968,1.86555,30.0174,1.03141,36.4613,0.42336,18.483,0.42336,0,0,442.007,0,1.02816,0,0,6.63784,5.60968,1.028160,1,0,436.638,0,0,0,436.638,0
72.29,2.39155,0,0,6.45172,0.277558,3.78261,3.6288,61.308,0.555243,0,0,1.84226,0.178012,1.10901,0.66528,12.849,1,0.42508,3.78261,0,194.707,3.27715,194.787,0.84672,12.849,0.84672,3695.15,0,18.483,0,3.0228,1.86566,14.742,1.03141,18.599,0.42336,18.483,0.42336,0,0,442.007,0,1.02816,0,0,4.05096,3.0228,1.028160,1,0,214.495,0,0,0,214.495,0
72.29,2.39168,0,0,5.47616,0.290574,2.7939,3.6288,61.308,0.555333,0,0,2.21763,0.274451,1.38784,0.66528,12.849,1,0.425104,2.7939,0,166.784,4.43248,164.72,0.84672,12.849,0.84672,3695.15,0,18.483,0,3.33327,1.86576,15.3286,1.23111,19.2965,0.42336,18.483,0.42336,0,0,442.007,0,1.02816,0,0,4.36143,3.33327,1.028160,1,0,185.405,0,0,0,185.405,0
72.29,2.08864,0,0,6.6417,0.31833,4.23473,3.6288,61.308,0.331835,0,0,5.04255,0.189107,4.52161,0.66528,12.849,1,0.37124,4.23473,0,221.744,3.36217,222.245,0.84672,12.849,0.84672,3695.15,0,18.483,0,5.77839,1.86587,23.1192,0.822402,29.941,0.42336,18.483,0.42336,0,0,442.007,0,1.02816,0,0,6.80655,5.77839,1.028160,1,0,256.708,0,0,0,256.708,0
72.29,2.08876,0,0,8.84701,0.325572,6.43268,3.6288,61.308,0.331912,0,0,5.55681,0.156266,5.06863,0.66528,12.849,1,0.371261,6.43268,0,265.047,3.12071,267.987,0.84672,12.849,0.84672,3695.15,0,18.483,0,5.77074,1.61179,26.4857,0.69811,33.1702,0.42336,18.483,0.42336,0,0,442.007,0,1.02816,0,0,6.7989,5.77074,1.028160,1,0,306.226,0,0,0,306.226,0
72.29,2.08888,0,0,10.4484,0.325572,8.0339,3.6288,61.308,0.33199,0,0,6.50282,0.156266,6.01456,0.66528,12.849,1,0.371282,8.0339,0,337.382,3.12071,341.924,0.84672,12.849,0.84672,3695.15,0,18.483,0,8.70463,1.61188,31.2896,0.69811,40.908,0.42336,18.483,0.42336,0,0,442.007,0,1.02816,0,0,9.73279,8.70463,1.028160,1,0,388.846,0,0,0,388.846,0
72.29,2.089,0,0,7.61668,0.261959,5.26572,3.6288,61.308,0.332067,0,0,4.3278,0.133238,3.8625,0.66528,12.849,1,0.371304,5.26572,0,263.412,2.76805,265.538,0.84672,12.849,0.84672,3695.15,0,18.483,0,5.21855,1.61197,24.1076,0.671743,30.2664,0.42336,18.483,0.42336,0,0,442.007,0,1.02816,0,0,6.24671,5.21855,1.028160,1,0,299.667,0,0,0,299.667,0
72.29,2.08912,0,0,11.5518,0.282205,9.18044,3.6288,61.308,0.332144,0,0,4.85343,0.199184,4.3221,0.66528,12.849,1,0.371325,9.18044,0,265.577,3.54176,270.845,0.84672,12.849,0.84672,3695.15,0,18.483,0,6.46142,1.61206,29.7457,0.912704,36.9065,0.42336,18.483,0.42336,0,0,442.007,0,1.02816,0,0,7.48958,6.46142,1.028160,1,0,312.073,0,0,0,312.073,0
72.29,2.16557,0,0,8.06535,0.273402,5.62638,3.6288,61.308,0.386935,0,0,4.65127,0.151151,4.11318,0.66528,12.849,1,0.384914,5.62638,0,207.3,2.98504,209.556,0.84672,12.849,0.84672,3695.15,0,18.483,0,4.35763,1.61216,18.8856,0.758238,24.0971,0.42336,18.483,0.42336,0,0,442.007,0,1.02816,0,0,5.38579,4.35763,1.028160,1,0,237.766,0,0,0,237.766,0
72.29,2.16569,0,0,6.09815,0.273402,3.65905,3.6288,61.308,0.387015,0,0,3.6885,0.151151,3.15034,0.66528,12.849,1,0.384936,3.65905,0,174.483,2.98504,174.772,0.84672,12.849,0.84672,3695.15,0,18.483,0,3.73773,1.67502,15.2976,0.758238,19.9521,0.42336,18.483,0.42336,0,0,442.007,0,1.02816,0,0,4.76589,3.73773,1.028160,1,0,197.875,0,0,0,197.875,0
72.29,2.16582,0,0,5.69173,0.273402,3.25251,3.6288,61.308,0.387095,0,0,4.48121,0.151151,3.94297,0.66528,12.849,1,0.384958,3.25251,0,170.447,2.98504,170.33,0.84672,12.849,0.84672,3695.15,0,18.483,0,3.69496,1.67512,19.1652,0.758238,23.777,0.42336,18.483,0.42336,0,0,442.007,0,1.02816,0,0,4.72312,3.69496,1.028160,1,0,198.05,0,0,0,198.05,0
72.29,2.16594,0,0,5.34744,0.246079,2.93542,3.6288,61.308,0.387176,0,0,3.90874,0.173506,3.34806,0.66528,12.849,1,0.384979,2.93542,0,137.989,2.93367,137.605,0.84672,12.849,0.84672,3695.15,0,18.483,0,3.58956,1.67521,15.4856,0.753277,19.9971,0.42336,18.483,0.42336,0,0,442.007,0,1.02816,0,0,4.61772,3.58956,1.028160,1,0,160.95,0,0,0,160.95,0
72.29,2.13621,0,0,5.79594,0.189853,3.46988,3.6288,61.308,0.366001,0,0,1.94739,0.207864,1.37352,0.66528,12.849,1,0.379695,3.46988,0,147.413,3.84957,146.654,0.84672,12.849,0.84672,3695.15,0,18.483,0,2.51219,1.67531,11.6041,0.950292,14.8413,0.42336,18.483,0.42336,0,0,442.007,0,1.02816,0,0,3.54035,2.51219,1.028160,1,0,162.869,0,0,0,162.869,0
72.29,2.13633,0,0,4.18812,0.174886,1.8769,3.6288,61.308,0.36608,0,0,2.05537,0.205702,1.48359,0.66528,12.849,1,0.379717,1.8769,0,117.51,3.76204,115.245,0.84672,12.849,0.84672,3695.15,0,18.483,0,2.44334,1.65096,9.73659,0.954597,12.8763,0.42336,18.483,0.42336,0,0,442.007,0,1.02816,0,0,3.4715,2.44334,1.028160,1,0,129.605,0,0,0,129.605,0
72.29,2.13645,0,0,5.52536,0.174886,3.21402,3.6288,61.308,0.366159,0,0,2.33308,0.205702,1.76122,0.66528,12.849,1,0.379738,3.21402,0,122.141,3.76204,121.213,0.84672,12.849,0.84672,3695.15,0,18.483,0,3.13545,1.65106,15.1534,0.954597,18.9853,0.42336,18.483,0.42336,0,0,442.007,0,1.02816,0,0,4.16361,3.13545,1.028160,1,0,141.96,0,0,0,141.96,0
72.29,2.13657,0,0,4.2755,0.159554,1.97938,3.6288,61.308,0.366238,0,0,2.24737,0.195755,1.68537,0.66528,12.849,1,0.37976,1.97938,0,120.347,3.75806,118.189,0.84672,12.849,0.84672,3695.15,0,18.483,0,2.8835,1.65115,11.1923,0.993201,14.7337,0.42336,18.483,0.42336,0,0,442.007,0,1.02816,0,0,3.91166,2.8835,1.028160,1,0,134.608,0,0,0,134.608,0
72.29,2.23805,0,0,4.05984,0.116801,1.70499,3.6288,61.308,0.44171,0,0,1.8582,0.18596,1.23053,0.66528,12.849,1,0.397797,1.70499,0,94.2512,4.27769,91.2807,0.84672,12.849,0.84672,3695.15,0,18.483,0,2.26204,1.65124,9.95345,1.03677,12.83,0.42336,18.483,0.42336,0,0,442.007,0,1.02816,0,0,3.2902,2.26204,1.028160,1,0,105.341,0,0,0,105.341,0
72.29,2.23818,0,0,4.0319,0.110906,1.68281,3.6288,61.308,0.441794,0,0,1.51585,0.206056,0.868004,0.66528,12.849,1,0.397819,1.68281,0,80.9732,4.98383,77.2744,0.84672,12.849,0.84672,3695.15,0,18.483,0,1.88238,1.73681,9.21836,0.966171,11.8714,0.42336,18.483,0.42336,0,0,442.007,0,1.02816,0,0,2.91054,1.88238,1.028160,1,0,90.0138,0,0,0,90.0138,0
72.29,2.23831,0,0,3.85205,0.110906,1.50284,3.6288,61.308,0.441877,0,0,1.52179,0.206056,0.873856,0.66528,12.849,1,0.397842,1.50284,0,77.3677,4.98383,73.4889,0.84672,12.849,0.84672,3695.15,0,18.483,0,2.14131,1.73691,8.77919,0.966171,11.6912,0.42336,18.483,0.42336,0,0,442.007,0,1.02816,0,0,3.16947,2.14131,1.028160,1,0,86.054,0,0,0,86.054,0
72.29,2.23843,0,0,3.56318,0.145326,1.17942,3.6288,61.308,0.441961,0,0,1.43583,0.196838,0.797031,0.66528,12.849,1,0.397865,1.17942,0,71.9824,4.39152,68.3725,0.84672,12.849,0.84672,3695.15,0,18.483,0,2.03131,1.73701,7.98492,0.989021,10.7642,0.42336,18.483,0.42336,0,0,442.007,0,1.02816,0,0,3.05947,2.03131,1.028160,1,0,79.9337,0,0,0,79.9337,0
72.29,2.23856,0,0,3.336,0.0751698,1.02227,3.6288,61.308,0.442044,0,0,1.4703,0.231095,0.797165,0.66528,12.849,1,0.397887,1.02227,0,68.0867,4.66055,64.0505,0.84672,12.849,0.84672,3695.15,0,18.483,0,1.96229,1.73711,8.01887,1.06604,10.6522,0.42336,18.483,0.42336,0,0,442.007,0,1.02816,0,0,2.99045,1.96229,1.028160,1,0,75.4999,0,0,0,75.4999,0
72.29,2.21864,0,0,3.07107,0.120844,0.73159,3.6288,61.308,0.483576,0,0,1.61654,0.262299,0.87066,0.66528,12.849,1,0.394346,0.73159,0,67.9493,4.92838,63.3581,0.84672,12.849,0.84672,3695.15,0,18.483,0,1.54355,1.73721,7.48414,1.1283,9.63661,0.42336,18.483,0.42336,0,0,442.007,0,1.02816,0,0,2.57171,1.54355,1.028160,1,0,73.8654,0,0,0,73.8654,0
72.29,2.21876,0,0,2.92797,0.120844,0.588368,3.6288,61.308,0.483662,0,0,1.55951,0.262299,0.81355,0.66528,12.849,1,0.394368,0.588368,0,66.1582,4.92838,61.4238,0.84672,12.849,0.84672,3695.15,0,18.483,0,1.46623,1.76394,7.08731,1.1283,9.18919,0.42336,18.483,0.42336,0,0,442.007,0,1.02816,0,0,2.49439,1.46623,1.028160,1,0,71.4266,0,0,0,71.4266,0
72.29,2.21889,0,0,2.76597,0.0960792,0.450998,3.6288,61.308,0.483748,0,0,1.48491,0.301359,0.699806,0.66528,12.849,1,0.394391,0.450998,0,62.3878,5.58722,56.8572,0.84672,12.849,0.84672,3695.15,0,18.483,0,1.45703,1.76404,6.88781,1.33064,8.77825,0.42336,18.483,0.42336,0,0,442.007,0,1.02816,0,0,2.48519,1.45703,1.028160,1,0,66.3352,0,0,0,66.3352,0
72.1762,2.21901,0,0,2.56921,0.101152,0.36288,3.6288,61.308,0.483834,0,0,1.47166,0.290198,0.697628,0.66528,12.849,1,0.394413,0.36288,0,61.9617,5.7141,56.216,0.84672,12.849,0.84672,3695.15,0,18.483,0,1.47688,1.76414,6.7303,1.32199,8.64933,0.42336,18.483,0.42336,0,0,442.007,0,1.02816,0,0,2.50504,1.47688,1.028160,1,0,65.563,0,0,0,65.563,0
71.7371,2.26985,0,0,2.28003,0.0863655,0.36288,3.6288,61.308,0.520868,0,0,1.20164,0.31443,0.366344,0.66528,12.849,1,0.404085,0.36288,0,47.32,5.9127,41.3661,0.84672,12.849,0.84672,3695.15,0,18.483,0,0.830148,1.76424,5.53159,1.44874,6.67724,0.42336,18.483,0.42336,0,0,442.007,0,1.02816,0,0,1.85831,0.830148,1.028160,1,0,48.4097,0,0,0,48.4097,0
71.3471,2.26578,0,0,2.31891,0.0802177,0.36288,3.6288,61.308,0.520956,0,0,1.1756,0.324123,0.330523,0.66528,12.849,1,0.405829,0.36288,0,60.094,5.99214,54.0589,0.84672,12.849,0.84672,3695.15,0,18.483,0,0.952119,1.8068,5.99981,1.49944,7.25929,0.42336,18.483,0.42336,0,0,442.007,0,1.02816,0,0,1.98028,0.952119,1.028160,1,0,61.6487,0,0,0,61.6487,0
70.8048,2.26215,0,0,2.16271,0.0799794,0.36288,3.6288,61.308,0.521044,0,0,1.04127,0.324123,0.1961,0.66528,12.849,1,0.407394,0.36288,0,47.5394,5.99214,41.5028,0.84672,12.849,0.84672,3695.15,0,18.483,0,0.926614,1.80691,5.47646,1.49944,6.71054,0.42336,18.483,0.42336,0,0,442.007,0,1.02816,0,0,1.95477,0.926614,1.028160,1,0,48.4094,0,0,0,48.4094,0
70.0725,2.257,0,0,1.96721,0.0796479,0.36288,3.6288,61.308,0.521132,0,0,0.978083,0.324123,0.132828,0.66528,12.849,1,0.40958,0.36288,0,43.7143,5.99214,37.6754,0.84672,12.849,0.84672,3695.15,0,18.483,0,0.620689,1.80701,5.01214,1.49944,5.9404,0.42336,18.483,0.42336,0,0,442.007,0,1.02816,0,0,1.64885,0.620689,1.028160,1,0,43.7486,0,0,0,43.7486,0
69.3259,2.40018,0,0,2.08122,0.0647468,0.36288,3.6288,61.308,0.654615,0,0,1.25203,0.326637,0.270779,0.66528,12.849,1,0.440114,0.36288,0,42.895,6.08403,36.7337,0.84672,12.849,0.84672,3695.15,0,18.483,0,1.19208,1.80711,6.89612,1.48447,8.41084,0.42336,18.483,0.42336,0,0,442.007,0,1.02816,0,0,2.22024,1.19208,1.028160,1,0,45.4154,0,0,0,45.4154,0
68.5663,2.39236,0,0,2.05764,0.0619828,0.36288,3.6288,61.308,0.65471,0,0,1.20656,0.314793,0.237056,0.66528,12.849,1,0.443404,0.36288,0,45.859,5.79033,39.9881,0.84672,12.849,0.84672,3695.15,0,18.483,0,1.09521,1.95102,6.41192,1.34245,8.1157,0.42336,18.483,0.42336,0,0,442.007,0,1.02816,0,0,2.12337,1.09521,1.028160,1,0,48.3409,0,0,0,48.3409,0
67.6478,2.38427,0,0,1.89026,0.0616173,0.36288,3.6288,61.2449,0.654806,0,0,0.906474,0.314793,0,0.66528,12.849,1,0.446801,0.36288,0,39.1414,5.79033,33.2672,0.84672,12.849,0.84672,3695.15,0,18.483,0,0.753529,1.95114,4.27692,1.34245,5.63913,0.42336,18.483,0.42336,0,0,442.007,0,1.02816,0,0,1.78169,0.753529,1.028160,1,0,38.9063,0,0,0,38.9063,0
66.0826,2.37429,0,0,1.2962,0.124301,0.36288,3.6288,61.0578,0.654901,0,0,0.762497,0.294645,0,0.66528,12.849,1,0.450972,0.36288,0,26.9428,5.57396,21.2808,0.84672,12.849,0.84672,3695.15,0,18.483,0,0.578923,1.95125,3.25954,1.28489,4.50482,0.42336,18.483,0.42336,0,0,442.007,0,1.02816,0,0,1.60708,0.578923,1.028160,1,0,25.7856,0,0,0,25.7856,0
64.4482,2.35676,0,0,1.22939,0.144066,0.36288,3.6288,60.897,0.654997,0,0,0.779052,0.284921,0,0.66528,12.849,1,0.458245,0.36288,0,28.9407,5.56752,23.2778,0.84672,12.849,0.84672,3695.15,0,18.483,0,0.601387,1.95136,3.25316,1.26083,4.54507,0.42336,18.483,0.42336,0,0,442.007,0,1.02816,0,0,1.62955,0.601387,1.028160,1,0,27.8229,0,0,0,27.8229,0
63.8356,2.26649,0,0,2.18163,0.164943,0.36288,3.6288,61.308,0.574104,0,0,1.33758,0.286981,0.0654511,0.66528,12.849,1,0.451869,0.36288,0,70.1168,5.30786,64.72,0.84672,12.849,0.84672,3695.15,0,18.483,0,1.64284,1.95147,6.29206,1.17851,8.70787,0.42336,18.483,0.42336,0,0,442.007,0,1.02816,0,0,2.671,1.64284,1.028160,1,0,73.4933,0,0,0,73.4933,0
63.4661,2.25953,0,0,2.41708,0.164128,0.36288,3.6288,61.308,0.574195,0,0,1.81602,0.287729,0.954101,0.66528,12.849,1,0.454804,0.36288,0,69.8432,5.30786,64.4434,0.84672,12.849,0.84672,3695.15,0,18.483,0,2.15603,1.86914,7.83294,1.17851,10.6796,0.42336,18.483,0.42336,0,0,442.007,0,1.02816,0,0,3.18419,2.15603,1.028160,1,0,76.0771,0,0,0,76.0771,0
62.5388,2.25533,0,0,1.85454,0.163637,0.36288,3.6288,61.308,0.574285,0,0,1.25405,0.287729,0.392038,0.66528,12.849,1,0.456603,0.36288,0,52.4939,5.30786,47.0923,0.84672,12.849,0.84672,3695.15,0,18.483,0,1.57737,1.86925,7.71676,1.17851,9.98488,0.42336,18.483,0.42336,0,0,442.007,0,1.02816,0,0,2.60553,1.57737,1.028160,1,0,57.4692,0,0,0,57.4692,0
62.0201,2.24446,0,0,2.28195,0.193327,0.36288,3.6288,61.308,0.574376,0,0,1.20283,0.263474,0.364976,0.66528,12.849,1,0.46114,0.36288,0,45.7772,5.03373,40.6452,0.84672,12.849,0.84672,3695.15,0,18.483,0,1.53068,1.86935,8.90378,0.976061,11.3278,0.42336,18.483,0.42336,0,0,442.007,0,1.02816,0,0,2.55884,1.53068,1.028160,1,0,52.338,0,0,0,52.338,0
63.6022,2.18052,0,0,4.2674,0.141863,0.36288,3.6288,61.308,0.500731,0,0,2.22572,0.285134,1.43985,0.66528,12.849,1,0.451749,0.36288,0,63.0169,5.31079,57.6172,0.84672,12.849,0.84672,3695.15,0,18.483,0,2.63099,1.86946,17.5611,1.12901,20.9326,0.42336,18.483,0.42336,0,0,442.007,0,1.02816,0,0,3.65915,2.63099,1.028160,1,0,79.9897,0,0,0,79.9897,0
64.6496,2.199,0,0,3.81134,0.202038,0.36288,3.6288,61.308,0.500817,0,0,2.41923,0.216429,1.70198,0.66528,12.849,1,0.444245,0.36288,0,90.25,4.21281,85.9558,0.84672,12.849,0.84672,3695.15,0,18.483,0,2.1747,1.79629,12.2091,1.11262,15.0675,0.42336,18.483,0.42336,0,0,442.007,0,1.02816,0,0,3.20286,2.1747,1.028160,1,0,102.725,0,0,0,102.725,0
66.0588,2.21095,0,0,4.22811,0.245127,0.36288,3.6288,61.308,0.500904,0,0,1.86,0.173684,1.18541,0.66528,12.849,1,0.439423,0.36288,0,104.641,3.614,100.95,0.84672,12.849,0.84672,3695.15,0,18.483,0,2.96521,1.79639,14.7753,1.05763,18.4792,0.42336,18.483,0.42336,0,0,442.007,0,1.02816,0,0,3.99337,2.96521,1.028160,1,0,120.615,0,0,0,120.615,0
68.8774,2.22658,0,0,5.65596,0.247909,0.36288,3.6288,61.308,0.500991,0,0,2.49235,0.173684,1.81768,0.66528,12.849,1,0.433089,0.36288,0,145.691,3.614,142.007,0.84672,12.849,0.84672,3695.15,0,18.483,0,3.89883,1.79649,19.3067,1.05763,23.9444,0.42336,18.483,0.42336,0,0,442.007,0,1.02816,0,0,4.92699,3.89883,1.028160,1,0,167.769,0,0,0,167.769,0
72.195,2.08648,0,0,6.01366,0.246675,0.36288,3.6288,61.308,0.347471,0,0,3.57272,0.177393,3.04785,0.66528,12.849,1,0.389231,0.36288,0,136.758,3.63691,133.095,0.84672,12.849,0.84672,3695.15,0,18.483,0,4.41126,1.79659,18.346,0.961374,23.5925,0.42336,18.483,0.42336,0,0,442.007,0,1.02816,0,0,5.43942,4.41126,1.028160,1,0,159.735,0,0,0,159.735,0
72.29,2.11702,0,0,7.82166,0.235613,5.37403,3.6288,61.308,0.347549,0,0,1.46273,0.186667,0.928519,0.66528,12.849,1,0.376779,5.37403,0,151.735,3.69422,153.038,0.84672,12.849,0.84672,3695.15,0,18.483,0,2.06812,1.63169,10.6758,0.720743,13.6549,0.42336,18.483,0.42336,0,0,442.007,0,1.02816,0,0,3.09628,2.06812,1.028160,1,0,167.621,0,0,0,167.621,0
72.29,2.11798,0,0,5.82003,0.235783,3.46627,3.6288,61.308,0.347627,0,0,0.96957,0.186667,0.435276,0.66528,12.849,1,0.376455,3.46627,0,113.879,3.69422,113.274,0.84672,12.849,0.84672,3695.15,0,18.483,0,1.62421,1.63178,10.0219,0.720743,12.5571,0.42336,18.483,0.42336,0,0,442.007,0,1.02816,0,0,2.65237,1.62421,1.028160,1,0,126.267,0,0,0,126.267,0
72.29,2.1181,0,0,5.16772,0.235783,2.81384,3.6288,61.308,0.347705,0,0,1.09388,0.186667,0.559505,0.66528,12.849,1,0.376476,2.81384,0,131.357,3.69422,130.1,0.84672,12.849,0.84672,3695.15,0,18.483,0,1.95914,1.63187,10.6434,0.720743,13.5136,0.42336,18.483,0.42336,0,0,442.007,0,1.02816,0,0,2.9873,1.95914,1.028160,1,0,144.173,0,0,0,144.173,0
72.29,2.11822,0,0,7.06889,0.301346,4.64932,3.6288,61.308,0.347783,0,0,2.34604,0.251099,1.74715,0.66528,12.849,1,0.376497,4.64932,0,148.08,4.31119,148.042,0.84672,12.849,0.84672,3695.15,0,18.483,0,2.75421,1.63196,11.9998,0.925742,15.4602,0.42336,18.483,0.42336,0,0,442.007,0,1.02816,0,0,3.78237,2.75421,1.028160,1,0,165.249,0,0,0,165.249,0
72.29,2.1847,0,0,5.19937,0.297256,2.71742,3.6288,61.308,0.39235,0,0,1.50882,0.211531,0.904939,0.66528,12.849,1,0.388313,2.71742,0,111.654,3.96865,110.014,0.84672,12.849,0.84672,3695.15,0,18.483,0,1.56938,1.63206,9.55083,0.95986,11.7924,0.42336,18.483,0.42336,0,0,442.007,0,1.02816,0,0,2.59754,1.56938,1.028160,1,0,122.712,0,0,0,122.712,0
72.29,2.18481,0,0,6.39704,0.296574,3.91566,3.6288,61.308,0.392422,0,0,1.7169,0.204936,1.11954,0.66528,12.849,1,0.388333,3.91566,0,139.272,3.91156,138.887,0.84672,12.849,0.84672,3695.15,0,18.483,0,2.22544,1.68435,9.87958,0.965546,12.8238,0.42336,18.483,0.42336,0,0,442.007,0,1.02816,0,0,3.2536,2.22544,1.028160,1,0,152.831,0,0,0,152.831,0
72.29,2.18492,0,0,3.74853,0.296574,1.26704,3.6288,61.308,0.392494,0,0,1.17738,0.204936,0.579952,0.66528,12.849,1,0.388352,1.26704,0,76.4398,3.91156,73.4069,0.84672,12.849,0.84672,3695.15,0,18.483,0,1.16188,1.68443,7.4679,0.965546,9.34866,0.42336,18.483,0.42336,0,0,442.007,0,1.02816,0,0,2.19004,1.16188,1.028160,1,0,83.3356,0,0,0,83.3356,0
72.2008,2.18503,0,0,2.7716,0.312863,0.36288,3.6288,61.308,0.392565,0,0,0.99074,0.205265,0.39291,0.66528,12.849,1,0.388372,0.36288,0,55.5896,3.86695,51.6971,0.84672,12.849,0.84672,3695.15,0,18.483,0,0.884719,1.68452,6.23142,0.995953,7.8047,0.42336,18.483,0.42336,0,0,442.007,0,1.02816,0,0,1.91288,0.884719,1.028160,1,0,59.8948,0,0,0,59.8948,0
72.2623,2.39737,0,0,3.15602,0.334346,0.36288,3.6288,61.308,0.559692,0,0,1.31552,0.207632,0.548193,0.66528,12.849,1,0.426641,0.36288,0,77.2051,4.0554,73.086,0.84672,12.849,0.84672,3695.15,0,18.483,0,1.34238,1.6846,8.16998,1.11032,10.0866,0.42336,18.483,0.42336,0,0,442.007,0,1.02816,0,0,2.37054,1.34238,1.028160,1,0,83.7208,0,0,0,83.7208,0
72.29,2.39811,0,0,3.80052,0.309154,1.0655,3.6288,61.308,0.559772,0,0,1.63794,0.209692,0.868472,0.66528,12.849,1,0.42641,1.0655,0,96.2116,4.45536,92.3953,0.84672,12.849,0.84672,3695.15,0,18.483,0,2.03479,1.87101,11.0936,1.16144,13.8379,0.42336,18.483,0.42336,0,0,442.007,0,1.02816,0,0,3.06295,2.03479,1.028160,1,0,107.102,0,0,0,107.102,0
72.29,2.39851,0,0,4.47021,0.309219,1.76248,3.6288,61.308,0.559852,0,0,1.72297,0.209692,0.953427,0.66528,12.849,1,0.426317,1.76248,0,115.375,4.45536,112.256,0.84672,12.849,0.84672,3695.15,0,18.483,0,1.97827,1.8711,11.5441,1.16144,14.232,0.42336,18.483,0.42336,0,0,442.007,0,1.02816,0,0,3.00643,1.97827,1.028160,1,0,127.441,0,0,0,127.441,0
72.29,2.39863,0,0,4.72384,0.298711,2.0265,3.6288,61.308,0.559932,0,0,1.74086,0.202705,0.978219,0.66528,12.849,1,0.426339,2.0265,0,122.709,4.21605,120.093,0.84672,12.849,0.84672,3695.15,0,18.483,0,2.27624,1.87119,12.6281,1.08442,15.6911,0.42336,18.483,0.42336,0,0,442.007,0,1.02816,0,0,3.3044,2.27624,1.028160,1,0,136.762,0,0,0,136.762,0
72.29,2.0947,0,0,5.62587,0.296932,3.23424,3.6288,61.308,0.335777,0,0,1.93233,0.218079,1.37847,0.66528,12.849,1,0.372316,3.23424,0,133.417,4.1706,132.108,0.84672,12.849,0.84672,3695.15,0,18.483,0,2.9823,1.87129,13.2773,1.04184,17.0891,0.42336,18.483,0.42336,0,0,442.007,0,1.02816,0,0,4.01046,2.9823,1.028160,1,0,150.576,0,0,0,150.576,0
72.29,2.0948,0,0,7.22987,0.326478,4.80859,3.6288,61.308,0.335846,0,0,2.08821,0.217807,1.53456,0.66528,12.849,1,0.372335,4.80859,0,172.276,4.2903,172.422,0.84672,12.849,0.84672,3695.15,0,18.483,0,3.28653,1.61646,14.6375,1.08988,18.4506,0.42336,18.483,0.42336,0,0,442.007,0,1.02816,0,0,4.31469,3.28653,1.028160,1,0,192.407,0,0,0,192.407,0
72.29,2.09491,0,0,7.50056,0.326478,5.07917,3.6288,61.308,0.335914,0,0,1.92777,0.217807,1.37404,0.66528,12.849,1,0.372354,5.07917,0,181.132,4.2903,181.549,0.84672,12.849,0.84672,3695.15,0,18.483,0,3.46639,1.61654,16.5304,1.08988,20.5235,0.42336,18.483,0.42336,0,0,442.007,0,1.02816,0,0,4.49455,3.46639,1.028160,1,0,203.446,0,0,0,203.446,0
72.29,2.09501,0,0,6.89636,0.258508,4.54284,3.6288,61.308,0.335983,0,0,1.68343,0.181709,1.16574,0.66528,12.849,1,0.372373,4.54284,0,181.01,3.76713,181.413,0.84672,12.849,0.84672,3695.15,0,18.483,0,3.24125,1.61662,15.5292,1.01472,19.3723,0.42336,18.483,0.42336,0,0,442.007,0,1.02816,0,0,4.26941,3.24125,1.028160,1,0,201.951,0,0,0,201.951,0
72.29,2.09512,0,0,5.91979,0.323121,3.50155,3.6288,61.308,0.336052,0,0,1.41592,0.188761,0.89111,0.66528,12.849,1,0.372391,3.50155,0,153.358,4.32873,152.159,0.84672,12.849,0.84672,3695.15,0,18.483,0,2.32371,1.61671,11.6696,1.08944,14.5206,0.42336,18.483,0.42336,0,0,442.007,0,1.02816,0,0,3.35187,2.32371,1.028160,1,0,167.57,0,0,0,167.57,0
72.29,2.17178,0,0,9.3757,0.25428,6.94964,3.6288,61.308,0.390991,0,0,2.89425,0.175912,2.32735,0.66528,12.849,1,0.386017,6.94964,0,239.158,4.59952,241.122,0.84672,12.849,0.84672,3695.15,0,18.483,0,4.20968,1.61679,17.0404,1.06898,21.7979,0.42336,18.483,0.42336,0,0,442.007,0,1.02816,0,0,5.23784,4.20968,1.028160,1,0,265.247,0,0,0,265.247,0
72.29,2.17189,0,0,5.74234,0.25428,3.31617,3.6288,61.308,0.391062,0,0,1.93437,0.175912,1.36739,0.66528,12.849,1,0.386037,3.31617,0,137.9,4.59952,136.231,0.84672,12.849,0.84672,3695.15,0,18.483,0,2.70166,1.67983,11.819,1.06898,15.1315,0.42336,18.483,0.42336,0,0,442.007,0,1.02816,0,0,3.72982,2.70166,1.028160,1,0,152.73,0,0,0,152.73,0
72.29,2.172,0,0,4.84169,0.25428,2.41541,3.6288,61.308,0.391134,0,0,1.69331,0.175912,1.12626,0.66528,12.849,1,0.386056,2.41541,0,105.231,4.59952,102.661,0.84672,12.849,0.84672,3695.15,0,18.483,0,2.49962,1.67991,10.7686,1.06898,13.8791,0.42336,18.483,0.42336,0,0,442.007,0,1.02816,0,0,3.52778,2.49962,1.028160,1,0,117.666,0,0,0,117.666,0
72.29,2.17211,0,0,4.32888,0.25428,1.90249,3.6288,61.308,0.391206,0,0,1.54513,0.175912,0.978008,0.66528,12.849,1,0.386076,1.90249,0,89.4378,4.59952,86.3547,0.84672,12.849,0.84672,3695.15,0,18.483,0,2.24878,1.68,9.81746,1.06898,12.6772,0.42336,18.483,0.42336,0,0,442.007,0,1.02816,0,0,3.27694,2.24878,1.028160,1,0,100.01,0,0,0,100.01,0
72.29,2.14228,0,0,4.17982,0.182279,1.85527,3.6288,61.308,0.369962,0,0,1.15951,0.184023,0.60552,0.66528,12.849,1,0.380774,1.85527,0,92.683,4.17512,89.9824,0.84672,12.849,0.84672,3695.15,0,18.483,0,1.3461,1.68008,8.06388,1.06146,10.0286,0.42336,18.483,0.42336,0,0,442.007,0,1.02816,0,0,2.37426,1.3461,1.028160,1,0,100.617,0,0,0,100.617,0
72.29,2.14239,0,0,3.55467,0.144614,1.26767,3.6288,61.308,0.370032,0,0,0.864458,0.205954,0.288472,0.66528,12.849,1,0.380793,1.26767,0,89.0965,4.4687,85.5147,0.84672,12.849,0.84672,3695.15,0,18.483,0,1.05711,1.65565,6.74274,1.0695,8.38601,0.42336,18.483,0.42336,0,0,442.007,0,1.02816,0,0,2.08527,1.05711,1.028160,1,0,94.1892,0,0,0,94.1892,0
72.29,2.14249,0,0,3.32823,0.144614,1.04112,3.6288,61.308,0.370103,0,0,0.867162,0.205954,0.291106,0.66528,12.849,1,0.380812,1.04112,0,81.9893,4.4687,78.1809,0.84672,12.849,0.84672,3695.15,0,18.483,0,0.996745,1.65574,6.38444,1.0695,7.96742,0.42336,18.483,0.42336,0,0,442.007,0,1.02816,0,0,2.0249,0.996745,1.028160,1,0,86.4394,0,0,0,86.4394,0
72.29,2.1426,0,0,3.1858,0.144614,0.898586,3.6288,61.308,0.370173,0,0,1.07647,0.205954,0.500339,0.66528,12.849,1,0.380831,0.898586,0,78.1436,4.4687,74.1927,0.84672,12.849,0.84672,3695.15,0,18.483,0,1.42976,1.65582,7.65504,1.0695,9.67113,0.42336,18.483,0.42336,0,0,442.007,0,1.02816,0,0,2.45792,1.42976,1.028160,1,0,84.3641,0,0,0,84.3641,0
72.29,2.24435,0,0,2.84388,0.159486,0.440042,3.6288,61.308,0.445849,0,0,0.853805,0.166751,0.241205,0.66528,12.849,1,0.398917,0.440042,0,66.3667,4.1125,62.2953,0.84672,12.849,0.84672,3695.15,0,18.483,0,0.953217,1.6559,6.26205,0.919714,7.95145,0.42336,18.483,0.42336,0,0,442.007,0,1.02816,0,0,1.98138,0.953217,1.028160,1,0,70.488,0,0,0,70.488,0
72.0582,2.24447,0,0,2.45623,0.0806954,0.36288,3.6288,61.308,0.445923,0,0,0.696038,0.243997,0.00611813,0.66528,12.849,1,0.398937,0.36288,0,53.7869,4.98025,48.7706,0.84672,12.849,0.84672,3695.15,0,18.483,0,0.507868,1.7417,5.0731,1.2088,6.11387,0.42336,18.483,0.42336,0,0,442.007,0,1.02816,0,0,1.53603,0.507868,1.028160,1,0,54.8906,0,0,0,54.8906,0
71.7272,2.2424,0,0,2.35487,0.0805535,0.36288,3.6288,61.2971,0.445997,0,0,0.679052,0.243997,0,0.66528,12.849,1,0.399852,0.36288,0,49.7683,4.98025,44.7511,0.84672,12.849,0.84672,3695.15,0,18.483,0,0.505604,1.74179,4.90174,1.2088,5.94034,0.42336,18.483,0.42336,0,0,442.007,0,1.02816,0,0,1.53376,0.505604,1.028160,1,0,50.6914,0,0,0,50.6914,0
71.2944,2.23938,0,0,2.24982,0.0803508,0.36288,3.6288,61.2887,0.446072,0,0,0.681705,0.24398,0,0.66528,12.849,1,0.401156,0.36288,0,47.5532,4.98025,42.5346,0.84672,12.849,0.84672,3695.15,0,18.483,0,0.642047,1.74188,4.66824,1.2088,5.84337,0.42336,18.483,0.42336,0,0,442.007,0,1.02816,0,0,1.67021,0.642047,1.028160,1,0,48.378,0,0,0,48.378,0
70.6631,2.23537,0,0,2.08113,0.114245,0.36288,3.6288,61.251,0.446146,0,0,0.643205,0.234751,0,0.66528,12.849,1,0.402868,0.36288,0,44.2424,4.38795,39.8145,0.84672,12.849,0.84672,3695.15,0,18.483,0,0.584099,1.74197,4.24589,1.23165,5.34031,0.42336,18.483,0.42336,0,0,442.007,0,1.02816,0,0,1.61226,0.584099,1.028160,1,0,45.1548,0,0,0,45.1548,0
70.3021,2.20943,0,0,2.288,0.0766712,0.36288,3.6288,61.1891,0.487784,0,0,0.727229,0.301375,0,0.66528,12.849,1,0.401751,0.36288,0,55.9651,5.53455,50.3917,0.84672,12.849,0.84672,3695.15,0,18.483,0,0.762255,1.74206,4.48069,1.38818,5.59682,0.42336,18.483,0.42336,0,0,442.007,0,1.02816,0,0,1.79042,0.762255,1.028160,1,0,55.9885,0,0,0,55.9885,0
69.7677,2.20606,0,0,2.11099,0.0764585,0.36288,3.6288,61.1074,0.487861,0,0,0.707469,0.301257,0,0.66528,12.849,1,0.403199,0.36288,0,50.5705,5.53455,44.9957,0.84672,12.849,0.84672,3695.15,0,18.483,0,0.66706,1.76885,4.21912,1.38818,5.26686,0.42336,18.483,0.42336,0,0,442.007,0,1.02816,0,0,1.69522,0.66706,1.028160,1,0,50.2625,0,0,0,50.2625,0
69.1024,2.20098,0,0,1.9747,0.0761438,0.36288,3.6288,60.9673,0.487937,0,0,0.648933,0.301101,0,0.66528,12.849,1,0.40535,0.36288,0,46.1183,5.53455,40.5413,0.84672,12.849,0.84672,3695.15,0,18.483,0,0.476159,1.76894,4.11136,1.38818,4.96829,0.42336,18.483,0.42336,0,0,442.007,0,1.02816,0,0,1.50432,0.476159,1.028160,1,0,45.5096,0,0,0,45.5096,0
68.3832,2.19454,0,0,1.914,0.0757519,0.36288,3.6288,60.8034,0.488014,0,0,0.624879,0.300834,0,0.66528,12.849,1,0.408056,0.36288,0,41.1107,5.53455,35.5309,0.84672,12.849,0.84672,3695.15,0,18.483,0,0.391159,1.76903,4.06847,1.38818,4.84049,0.42336,18.483,0.42336,0,0,442.007,0,1.02816,0,0,1.41932,0.391159,1.028160,1,0,40.3714,0,0,0,40.3714,0
67.7088,2.23852,0,0,1.97943,0.052447,0.36288,3.6288,60.7034,0.52514,0,0,0.756667,0.331469,0,0.66528,12.849,1,0.420612,0.36288,0,46.5589,5.8815,40.6197,0.84672,12.849,0.84672,3695.15,0,18.483,0,0.447155,1.76912,4.10343,1.50262,4.81709,0.42336,18.483,0.42336,0,0,442.007,0,1.02816,0,0,1.47531,0.447155,1.028160,1,0,45.4367,0,0,0,45.4367,0
66.8721,2.23165,0,0,1.81049,0.0526397,0.36288,3.6288,60.5095,0.525219,0,0,0.670213,0.338965,0,0.66528,12.849,1,0.423498,0.36288,0,39.3868,6.00883,33.3174,0.84672,12.849,0.84672,3695.15,0,18.483,0,0.543698,1.81179,4.00377,1.50974,4.84951,0.42336,18.483,0.42336,0,0,442.007,0,1.02816,0,0,1.57186,0.543698,1.028160,1,0,38.1669,0,0,0,38.1669,0
65.9264,2.22297,0,0,1.69247,0.0522935,0.36288,3.6288,60.2657,0.525297,0,0,0.620093,0.338548,0,0.66528,12.849,1,0.427127,0.36288,0,37.451,6.00883,31.3779,0.84672,12.849,0.84672,3695.15,0,18.483,0,0.408447,1.81188,3.51315,1.50974,4.22374,0.42336,18.483,0.42336,0,0,442.007,0,1.02816,0,0,1.43661,0.408447,1.028160,1,0,35.6017,0,0,0,35.6017,0
64.9684,2.21295,0,0,1.66972,0.0519022,0.36288,3.6288,60.0732,0.525375,0,0,0.670873,0.338024,0,0.66528,12.849,1,0.431302,0.36288,0,34.7509,6.00883,28.6737,0.84672,12.849,0.84672,3695.15,0,18.483,0,0.505276,1.81197,3.97297,1.50974,4.78048,0.42336,18.483,0.42336,0,0,442.007,0,1.02816,0,0,1.53344,0.505276,1.028160,1,0,33.4542,0,0,0,33.4542,0
64.0367,2.3497,0,0,1.81613,0.035277,0.36288,3.6288,59.7876,0.659213,0,0,0.695365,0.321743,0,0.66528,12.849,1,0.464708,0.36288,0,35.9835,6.26513,29.6166,0.84672,12.849,0.84672,3695.15,0,18.483,0,0.629001,1.81206,4.75985,1.57416,5.62675,0.42336,18.483,0.42336,0,0,442.007,0,1.02816,0,0,1.65716,0.629001,1.028160,1,0,35.2433,0,0,0,35.2433,0
63.016,2.33875,0,0,1.71883,0.0378725,0.36288,3.6288,59.4739,0.659298,0,0,0.675523,0.329924,0,0.66528,12.849,1,0.469271,0.36288,0,40.142,6.34536,33.6902,0.84672,12.849,0.84672,3695.15,0,18.483,0,0.641416,1.95636,3.75684,1.54897,4.80564,0.42336,18.483,0.42336,0,0,442.007,0,1.02816,0,0,1.66958,0.641416,1.028160,1,0,38.4958,0,0,0,38.4958,0
61.7032,2.32649,0,0,1.41408,0.0375596,0.36288,3.6288,58.8627,0.773889,0,0,0.491973,0.329264,0,0.66528,12.849,1,0.474372,0.36288,0,36.7763,6.34536,30.3195,0.84672,12.849,0.84672,3695.15,0,18.483,0,0.227405,1.95645,3.077,1.54897,3.71189,0.42336,18.483,0.42336,0,0,442.007,0,0.913654,0,0,1.14106,0.227405,1.028160,1,0,34.0314,0,0,0,34.0314,0
60.755,2.31028,0,0,1.76218,0.0371571,0.36288,3.6288,58.7275,0.659468,0,0,0.852236,0.327977,0,0.66528,12.849,1,0.48109,0.36288,0,35.8481,6.34536,29.3845,0.84672,12.849,0.84672,3695.15,0,18.483,0,1.22678,1.95655,4.79913,1.54897,6.43349,0.42336,18.483,0.42336,0,0,442.007,0,1.02816,0,0,2.25494,1.22678,1.028160,1,0,35.818,0,0,0,35.818,0
59.5317,2.29832,0,0,1.48284,0.0449689,0.36288,3.6288,58.4029,0.659553,0,0,0.61514,0.280216,0,0.66528,12.849,1,0.486068,0.36288,0,24.9102,5.05145,19.7355,0.84672,12.849,0.84672,3695.15,0,18.483,0,0.544182,1.95665,4.88908,1.04529,6.34463,0.42336,18.483,0.42336,0,0,442.007,0,1.02816,0,0,1.57234,0.544182,1.028160,1,0,26.0801,0,0,0,26.0801,0
58.4561,2.21283,0,0,1.5212,0.0210579,0.36288,3.6288,58.0903,0.578431,0,0,0.530814,0.264905,0,0.66528,12.849,1,0.477606,0.36288,0,19.2368,5.77757,13.3445,0.84672,12.849,0.84672,3695.15,0,18.483,0,0.214877,1.95675,4.2714,1.27128,5.17174,0.42336,18.483,0.42336,0,0,442.007,0,1.02816,0,0,1.24304,0.214877,1.028160,1,0,18.5162,0,0,0,18.5162,0
57.8442,2.19899,0,0,1.96689,0.0169786,0.36288,3.6288,57.9262,0.578512,0,0,0.676257,0.261922,0,0.66528,12.849,1,0.483352,0.36288,0,27.8109,5.89858,21.7918,0.84672,12.849,0.84672,3695.15,0,18.483,0,0.625139,1.87419,6.20262,1.30895,7.393,0.42336,18.483,0.42336,0,0,442.007,0,1.02816,0,0,1.6533,0.625139,1.028160,1,0,29.1848,0,0,0,29.1848,0
57.8331,2.19102,0,0,2.5597,0.0168778,0.36288,3.6288,58.0428,0.578593,0,0,0.956906,0.261644,0,0.66528,12.849,1,0.486693,0.36288,0,54.4546,5.89858,48.4322,0.84672,12.849,0.84672,3695.15,0,18.483,0,1.28837,1.87428,7.36567,1.30895,9.21937,0.42336,18.483,0.42336,0,0,442.007,0,1.02816,0,0,2.31653,1.28837,1.028160,1,0,57.6515,0,0,0,57.6515,0
57.3492,2.19098,0,0,2.1665,0.0965768,0.36288,3.6288,57.839,0.578674,0,0,0.608945,0.234071,0,0.66528,12.849,1,0.486778,0.36288,0,38.7715,5.83356,32.814,0.84672,12.849,0.84672,3695.15,0,18.483,0,0.436251,1.87438,4.37226,1.33814,5.34475,0.42336,18.483,0.42336,0,0,442.007,0,1.02816,0,0,1.46441,0.436251,1.028160,1,0,38.1588,0,0,0,38.1588,0
56.7378,2.12818,0,0,2.00547,0.125733,0.36288,3.6288,57.6922,0.504821,0,0,0.569145,0.211156,0,0.66528,12.849,1,0.476815,0.36288,0,26.9745,4.90734,21.9532,0.84672,12.849,0.84672,3695.15,0,18.483,0,0.273292,1.87447,3.78152,1.21243,4.71686,0.42336,18.483,0.42336,0,0,442.007,0,1.02816,0,0,1.30145,0.273292,1.028160,1,0,26.6701,0,0,0,26.6701,0
56.6535,2.12021,0,0,2.5491,0.150379,0.36288,3.6288,57.7498,0.504898,0,0,0.746621,0.184159,0,0.66528,12.849,1,0.480149,0.36288,0,43.451,3.48222,39.8515,0.84672,12.849,0.84672,3695.15,0,18.483,0,0.468659,1.80109,4.94115,0.834015,6.37688,0.42336,18.483,0.42336,0,0,442.007,0,1.02816,0,0,1.49682,0.468659,1.028160,1,0,46.2284,0,0,0,46.2284,0
57.4502,2.1192,0,0,3.42904,0.150254,0.36288,3.6288,58.1709,0.504975,0,0,1.11029,0.184227,0,0.66528,12.849,1,0.480634,0.36288,0,105.742,3.48222,102.142,0.84672,12.849,0.84672,3695.15,0,18.483,0,1.62691,1.80118,10.1971,0.834015,12.7912,0.42336,18.483,0.42336,0,0,442.007,0,1.02816,0,0,2.65507,1.62691,1.028160,1,0,114.934,0,0,0,114.934,0
58.9492,2.12982,0,0,4.14319,0.151437,0.36288,3.6288,58.5676,0.505053,0,0,1.08649,0.184729,0,0.66528,12.849,1,0.476345,0.36288,0,65.4124,3.48222,61.8167,0.84672,12.849,0.84672,3695.15,0,18.483,0,1.26861,1.80127,10.7111,0.834015,12.947,0.42336,18.483,0.42336,0,0,442.007,0,1.02816,0,0,2.29677,1.26861,1.028160,1,0,74.7637,0,0,0,74.7637,0
61.0242,1.98736,0,0,4.59012,0.164934,0.36288,3.6288,59.2566,0.351116,0,0,1.22799,0.187835,0,0.66528,12.849,1,0.433179,0.36288,0,56.8089,3.52189,53.2167,0.84672,12.849,0.84672,3695.15,0,18.483,0,1.48749,1.80136,9.76,0.854304,12.1946,0.42336,18.483,0.42336,0,0,442.007,0,1.02816,0,0,2.51565,1.48749,1.028160,1,0,65.4112,0,0,0,65.4112,0
61.413,2.01119,0,0,2.99995,0.237029,0.36288,3.6288,60.3507,0.351186,0,0,1.64979,0.204536,0,0.66528,12.849,1,0.423468,0.36288,0,77.9971,3.75994,74.1765,0.84672,12.849,0.84672,3695.15,0,18.483,0,3.53046,1.63601,10.3375,0.976034,14.5279,0.42336,18.483,0.42336,0,0,442.007,0,1.02816,0,0,4.55862,3.53046,1.028160,1,0,88.7045,0,0,0,88.7045,0
60.7817,2.01562,0,0,1.98494,0.237793,0.36288,3.6288,60.7459,0.351255,0,0,0.952413,0.205969,0,0.66528,12.849,1,0.421714,0.36288,0,43.1823,3.75994,39.3635,0.84672,12.849,0.84672,3695.15,0,18.483,0,1.22222,1.63609,8.64328,0.976034,10.5256,0.42336,18.483,0.42336,0,0,442.007,0,1.02816,0,0,2.25038,1.22222,1.028160,1,0,49.8891,0,0,0,49.8891,0
60.857,2.00867,0,0,2.70876,0.261872,0.36288,3.6288,61.308,0.351325,0,0,1.23817,0.233057,0.0916439,0.66528,12.849,1,0.424625,0.36288,0,50.0664,4.33137,45.6733,0.84672,12.849,0.84672,3695.15,0,18.483,0,1.99643,1.63617,12.6236,1.15429,15.1019,0.42336,18.483,0.42336,0,0,442.007,0,1.02816,0,0,3.02459,1.99643,1.028160,1,0,60.8668,0,0,0,60.8668,0
60.6228,2.00962,0,0,2.41051,0.272171,0.36288,3.6288,61.308,0.351394,0,0,1.1838,0.244554,0.587852,0.66528,12.849,1,0.4243,0.36288,0,76.7016,4.55994,72.0802,0.84672,12.849,0.84672,3695.15,0,18.483,0,1.67664,1.63626,12.2361,1.22559,14.3234,0.42336,18.483,0.42336,0,0,442.007,0,1.02816,0,0,2.7048,1.67664,1.028160,1,0,86.9915,0,0,0,86.9915,0
64.4134,2.00699,0,0,6.39373,0.23327,0.36288,3.6288,61.308,0.351394,0,0,1.85127,0.228923,1.27095,0.66528,12.849,1,0.42538,0.36288,0,90.2215,4.14392,86.0151,0.84672,12.849,0.84672,3695.15,0,18.483,0,3.02128,1.63634,12.9302,1.15307,16.4347,0.42336,18.483,0.42336,0,0,442.007,0,1.02816,0,0,4.04944,3.02128,1.028160,1,0,103.721,0,0,0,103.721,0
66.3358,2.11231,0,0,4.6223,0.224798,0.36288,3.6288,61.308,0.396069,0,0,1.12635,0.22267,0.507615,0.66528,12.849,1,0.421358,0.36288,0,64.5297,3.97751,60.4937,0.84672,12.849,0.84672,3695.15,0,18.483,0,1.82246,1.63634,15.7155,1.12406,18.0502,0.42336,18.483,0.42336,0,0,442.007,0,1.02816,0,0,2.85062,1.82246,1.028160,1,0,79.0515,0,0,0,79.0515,0
72.0313,2.13263,0,0,8.42606,0.235035,0.36288,3.6288,61.308,0.396132,0,0,3.56516,0.195692,2.97333,0.66528,12.849,1,0.413083,0.36288,0,110.014,3.79948,106.164,0.84672,12.849,0.84672,3695.15,0,18.483,0,4.22512,1.68876,13.1948,1.08157,18.0271,0.42336,18.483,0.42336,0,0,442.007,0,1.02816,0,0,5.25328,4.22512,1.028160,1,0,127.165,0,0,0,127.165,0
72.29,2.18823,0,0,6.74289,0.255079,4.04085,3.6288,61.308,0.396195,0,0,1.88482,0.159721,1.32891,0.66528,12.849,1,0.390339,4.04085,0,117.921,3.56213,118.01,0.84672,12.849,0.84672,3695.15,0,18.483,0,2.3792,1.68883,11.6046,1.02491,14.6478,0.42336,18.483,0.42336,0,0,442.007,0,1.02816,0,0,3.40736,2.3792,1.028160,1,0,133.986,0,0,0,133.986,0
72.29,2.1907,0,0,7.70723,0.259317,5.2572,3.6288,61.308,0.396258,0,0,2.52977,0.167841,1.96568,0.66528,12.849,1,0.389381,5.2572,0,108.867,3.68134,110.054,0.84672,12.849,0.84672,3695.15,0,18.483,0,3.74794,1.6889,13.9175,1.06515,18.2892,0.42336,18.483,0.42336,0,0,442.007,0,1.02816,0,0,4.7761,3.74794,1.028160,1,0,130.309,0,0,0,130.309,0
72.29,2.40449,0,0,6.13699,0.268657,3.46385,3.6288,61.308,0.563809,0,0,1.759,0.18814,1.00705,0.66528,12.849,1,0.427379,3.46385,0,80.593,3.97939,79.65,0.84672,12.849,0.84672,3695.15,0,18.483,0,3.71961,1.68898,10.6729,1.16574,14.9158,0.42336,18.483,0.42336,0,0,442.007,0,1.02816,0,0,4.74777,3.71961,1.028160,1,0,95.5729,0,0,0,95.5729,0
72.29,2.40459,0,0,4.70599,0.268657,2.03274,3.6288,61.308,0.563879,0,0,1.76612,0.18814,1.0141,0.66528,12.849,1,0.427398,2.03274,0,56.7052,3.97939,54.3311,0.84672,12.849,0.84672,3695.15,0,18.483,0,1.90123,1.87586,7.51697,1.16574,10.1283,0.42336,18.483,0.42336,0,0,442.007,0,1.02816,0,0,2.92939,1.90123,1.028160,1,0,65.4736,0,0,0,65.4736,0
72.29,2.4047,0,0,6.5918,0.268657,3.91845,3.6288,61.308,0.56395,0,0,1.73477,0.18814,0.982676,0.66528,12.849,1,0.427417,3.91845,0,81.4533,3.97939,80.965,0.84672,12.849,0.84672,3695.15,0,18.483,0,1.87402,1.87594,15.7773,1.16574,18.3616,0.42336,18.483,0.42336,0,0,442.007,0,1.02816,0,0,2.90218,1.87402,1.028160,1,0,100.309,0,0,0,100.309,0
72.29,2.40481,0,0,6.04785,0.273485,3.36956,3.6288,61.308,0.56402,0,0,2.52024,0.180433,1.77578,0.66528,12.849,1,0.427436,3.36956,0,140.812,3.85002,139.904,0.84672,12.849,0.84672,3695.15,0,18.483,0,2.71404,1.87602,12.9481,1.07355,16.4646,0.42336,18.483,0.42336,0,0,442.007,0,1.02816,0,0,3.7422,2.71404,1.028160,1,0,158.144,0,0,0,158.144,0
72.29,2.10007,0,0,4.12761,0.285792,1.74175,3.6288,61.308,0.339279,0,0,1.94925,0.188595,1.42138,0.66528,12.849,1,0.373272,1.74175,0,68.6431,3.75701,66.2545,0.84672,12.849,0.84672,3695.15,0,18.483,0,1.36253,1.8761,11.2575,0.95427,13.5419,0.42336,18.483,0.42336,0,0,442.007,0,1.02816,0,0,2.39069,1.36253,1.028160,1,0,81.2178,0,0,0,81.2178,0
72.29,2.10017,0,0,4.26538,0.285792,1.87942,3.6288,61.308,0.339339,0,0,1.74488,0.188595,1.21695,0.66528,12.849,1,0.373289,1.87942,0,106.066,3.75701,103.815,0.84672,12.849,0.84672,3695.15,0,18.483,0,2.12339,1.62061,11.4263,0.95427,14.216,0.42336,18.483,0.42336,0,0,442.007,0,1.02816,0,0,3.15155,2.12339,1.028160,1,0,119.248,0,0,0,119.248,0
72.29,2.10026,0,0,3.66371,0.310249,1.2532,3.6288,61.308,0.339399,0,0,1.35315,0.156112,0.857633,0.66528,12.849,1,0.373305,1.2532,0,69.2195,3.38454,66.7149,0.84672,12.849,0.84672,3695.15,0,18.483,0,1.14434,1.62068,8.38365,0.850752,10.2979,0.42336,18.483,0.42336,0,0,442.007,0,1.02816,0,0,2.1725,1.14434,1.028160,1,0,77.8704,0,0,0,77.8704,0
72.29,2.10035,0,0,4.0182,0.339774,1.57808,3.6288,61.308,0.33946,0,0,1.33159,0.129461,0.862668,0.66528,12.849,1,0.373322,1.57808,0,69.3612,3.25815,67.3078,0.84672,12.849,0.84672,3695.15,0,18.483,0,1.24955,1.62075,8.06993,0.813646,10.1266,0.42336,18.483,0.42336,0,0,442.007,0,1.02816,0,0,2.27771,1.24955,1.028160,1,0,78.2971,0,0,0,78.2971,0
72.29,2.10044,0,0,4.55924,0.302496,2.1563,3.6288,61.308,0.33952,0,0,2.57478,0.150114,2.08515,0.66528,12.849,1,0.373338,2.1563,0,88.5444,3.72283,86.6046,0.84672,12.849,0.84672,3695.15,0,18.483,0,2.84007,1.62083,10.598,0.837501,14.2214,0.42336,18.483,0.42336,0,0,442.007,0,1.02816,0,0,3.86823,2.84007,1.028160,1,0,102.911,0,0,0,102.911,0
72.29,2.17729,0,0,5.40756,0.297567,2.93271,3.6288,61.308,0.39459,0,0,4.21492,0.146615,3.67372,0.66528,12.849,1,0.386996,2.93271,0,103.41,3.64602,102.31,0.84672,12.849,0.84672,3695.15,0,18.483,0,3.49876,1.6209,11.2776,0.799428,15.5978,0.42336,18.483,0.42336,0,0,442.007,0,1.02816,0,0,4.52692,3.49876,1.028160,1,0,121.582,0,0,0,121.582,0
72.29,2.17738,0,0,3.8965,0.297567,1.42155,3.6288,61.308,0.394652,0,0,2.23598,0.146615,1.69471,0.66528,12.849,1,0.387013,1.42155,0,66.1418,3.64602,63.5303,0.84672,12.849,0.84672,3695.15,0,18.483,0,1.98005,1.68409,8.8395,0.799428,11.7042,0.42336,18.483,0.42336,0,0,442.007,0,1.02816,0,0,3.00821,1.98005,1.028160,1,0,76.9292,0,0,0,76.9292,0
72.29,2.17748,0,0,3.60405,0.297567,1.129,3.6288,61.308,0.394715,0,0,2.52784,0.146615,1.98651,0.66528,12.849,1,0.38703,1.129,0,75.9162,3.64602,73.0122,0.84672,12.849,0.84672,3695.15,0,18.483,0,2.0746,1.68416,9.16168,0.799428,12.121,0.42336,18.483,0.42336,0,0,442.007,0,1.02816,0,0,3.10276,2.0746,1.028160,1,0,87.1197,0,0,0,87.1197,0
72.29,2.17757,0,0,3.17579,0.235478,0.762736,3.6288,61.308,0.394778,0,0,1.78677,0.182771,1.20922,0.66528,12.849,1,0.387047,0.762736,0,62.796,3.99243,59.1793,0.84672,12.849,0.84672,3695.15,0,18.483,0,1.33376,1.68423,7.24194,0.90276,9.35717,0.42336,18.483,0.42336,0,0,442.007,0,1.02816,0,0,2.36192,1.33376,1.028160,1,0,69.7457,0,0,0,69.7457,0
72.2124,2.14766,0,0,2.66873,0.235783,0.36288,3.6288,61.308,0.373472,0,0,1.35096,0.18491,0.792577,0.66528,12.849,1,0.38173,0.36288,0,46.0621,3.94684,42.0964,0.84672,12.849,0.84672,3695.15,0,18.483,0,1.0202,1.68431,6.95402,0.920145,8.73839,0.42336,18.483,0.42336,0,0,442.007,0,1.02816,0,0,2.04836,1.0202,1.028160,1,0,51.6274,0,0,0,51.6274,0
72.2177,2.14705,0,0,2.75086,0.235644,0.36288,3.6288,61.308,0.373533,0,0,1.42569,0.18491,0.867243,0.66528,12.849,1,0.382032,0.36288,0,44.3665,3.94684,40.4005,0.84672,12.849,0.84672,3695.15,0,18.483,0,1.00344,1.65981,5.99656,0.920145,7.73966,0.42336,18.483,0.42336,0,0,442.007,0,1.02816,0,0,2.0316,1.00344,1.028160,1,0,49.0074,0,0,0,49.0074,0
72.29,2.1472,0,0,3.78013,0.22044,1.34019,3.6288,61.308,0.373595,0,0,1.56785,0.18848,1.00577,0.66528,12.849,1,0.38203,1.34019,0,57.8455,4.0552,54.7484,0.84672,12.849,0.84672,3695.15,0,18.483,0,1.25058,1.65988,5.98978,0.900085,8.00015,0.42336,18.483,0.42336,0,0,442.007,0,1.02816,0,0,2.27874,1.25058,1.028160,1,0,63.7544,0,0,0,63.7544,0
72.0535,2.14794,0,0,2.45602,0.181667,0.36288,3.6288,61.308,0.373657,0,0,1.32435,0.199533,0.751158,0.66528,12.849,1,0.38178,0.36288,0,42.8341,4.36081,38.4544,0.84672,12.849,0.84672,3695.15,0,18.483,0,0.903614,1.65996,5.36877,0.87137,7.06098,0.42336,18.483,0.42336,0,0,442.007,0,1.02816,0,0,1.93177,0.903614,1.028160,1,0,46.2665,0,0,0,46.2665,0
72.0671,2.2477,0,0,2.80023,0.176085,0.36288,3.6288,61.308,0.449512,0,0,1.35748,0.208804,0.699167,0.66528,12.849,1,0.400823,0.36288,0,45.4211,4.46605,40.9171,0.84672,12.849,0.84672,3695.15,0,18.483,0,0.817595,1.66003,5.24858,1.00456,6.72165,0.42336,18.483,0.42336,0,0,442.007,0,1.02816,0,0,1.84575,0.817595,1.028160,1,0,48.3379,0,0,0,48.3379,0
71.8257,2.24793,0,0,2.50615,0.136713,0.36288,3.6288,61.308,0.449577,0,0,1.07569,0.196781,0.42933,0.66528,12.849,1,0.400788,0.36288,0,40.3298,4.11883,36.173,0.84672,12.849,0.84672,3695.15,0,18.483,0,0.798379,1.74603,4.8176,0.981965,6.38004,0.42336,18.483,0.42336,0,0,442.007,0,1.02816,0,0,1.82654,0.798379,1.028160,1,0,42.9824,0,0,0,42.9824,0
71.4514,2.24574,0,0,2.35558,0.121294,0.36288,3.6288,61.308,0.449642,0,0,1.12026,0.200351,0.470269,0.66528,12.849,1,0.401743,0.36288,0,37.148,4.2272,32.882,0.84672,12.849,0.84672,3695.15,0,18.483,0,0.802941,1.74611,4.89626,0.961905,6.48341,0.42336,18.483,0.42336,0,0,442.007,0,1.02816,0,0,1.8311,0.802941,1.028160,1,0,39.8356,0,0,0,39.8356,0
70.9888,2.24227,0,0,2.26354,0.120948,0.36288,3.6288,61.308,0.449707,0,0,1.14121,0.200351,0.491156,0.66528,12.849,1,0.403224,0.36288,0,35.0201,4.2272,30.7525,0.84672,12.849,0.84672,3695.15,0,18.483,0,0.711789,1.74619,4.88225,0.961905,6.37832,0.42336,18.483,0.42336,0,0,442.007,0,1.02816,0,0,1.73995,0.711789,1.028160,1,0,37.622,0,0,0,37.622,0
70.1937,2.23793,0,0,1.93482,0.129209,0.36288,3.6288,61.308,0.449772,0,0,1.01808,0.239741,0.328564,0.66528,12.849,1,0.405065,0.36288,0,31.614,4.54552,27.0263,0.84672,12.849,0.84672,3695.15,0,18.483,0,0.532621,1.74626,3.94552,1.00725,5.21715,0.42336,18.483,0.42336,0,0,442.007,0,1.02816,0,0,1.56078,0.532621,1.028160,1,0,32.572,0,0,0,32.572,0
69.3122,2.21031,0,0,1.8216,0.129861,0.36288,3.6288,61.308,0.491504,0,0,0.956448,0.246306,0.218638,0.66528,12.849,1,0.404599,0.36288,0,29.4518,4.59858,24.8115,0.84672,12.849,0.84672,3695.15,0,18.483,0,0.523636,1.74634,3.88708,1.01481,5.14226,0.42336,18.483,0.42336,0,0,442.007,0,1.02816,0,0,1.5518,0.523636,1.028160,1,0,30.1724,0,0,0,30.1724,0
68.2741,2.20177,0,0,1.62287,0.0963471,0.36288,3.6288,61.308,0.491571,0,0,0.92759,0.299372,0.136647,0.66528,12.849,1,0.408161,0.36288,0,27.9443,5.42648,22.4725,0.84672,12.849,0.84672,3695.15,0,18.483,0,0.370267,1.77319,3.78022,1.2972,4.62649,0.42336,18.483,0.42336,0,0,442.007,0,1.02816,0,0,1.39843,0.370267,1.028160,1,0,27.2356,0,0,0,27.2356,0
67.1456,2.19149,0,0,1.52206,0.0961694,0.36288,3.6288,61.308,0.491638,0,0,0.878792,0.291334,0.0958203,0.66528,12.849,1,0.412433,0.36288,0,25.5836,5.83328,19.7007,0.84672,12.849,0.84672,3695.15,0,18.483,0,0.438903,1.77327,3.70262,1.44809,4.46671,0.42336,18.483,0.42336,0,0,442.007,0,1.02816,0,0,1.46706,0.438903,1.028160,1,0,24.2633,0,0,0,24.2633,0
65.9921,2.18006,0,0,1.48421,0.09477,0.36288,3.6288,61.308,0.491705,0,0,0.817474,0.302886,0.0228824,0.66528,12.849,1,0.417177,0.36288,0,23.3716,5.90383,17.4135,0.84672,12.849,0.84672,3695.15,0,18.483,0,0.334524,1.77335,3.54171,1.44843,4.20116,0.42336,18.483,0.42336,0,0,442.007,0,1.02816,0,0,1.36268,0.334524,1.028160,1,0,21.6375,0,0,0,21.6375,0
64.9895,2.2187,0,0,1.67219,0.0931801,0.36288,3.6288,61.308,0.528912,0,0,0.972415,0.31829,0.125212,0.66528,12.849,1,0.431992,0.36288,0,28.5894,5.99791,22.5224,0.84672,12.849,0.84672,3695.15,0,18.483,0,0.375486,1.77343,3.74425,1.44888,4.44429,0.42336,18.483,0.42336,0,0,442.007,0,1.02816,0,0,1.40365,0.375486,1.028160,1,0,27.0919,0,0,0,27.0919,0
63.8657,2.20783,0,0,1.53933,0.0924357,0.36288,3.6288,61.2851,0.528981,0,0,0.824386,0.31829,0,0.66528,12.849,1,0.436508,0.36288,0,23.4831,5.99791,17.4115,0.84672,12.849,0.84672,3695.15,0,18.483,0,0.460616,1.81619,3.62034,1.44888,4.44827,0.42336,18.483,0.42336,0,0,442.007,0,1.02816,0,0,1.48878,0.460616,1.028160,1,0,21.8598,0,0,0,21.8598,0
62.6253,2.19536,0,0,1.4095,0.0916012,0.36288,3.6288,61.2014,0.529049,0,0,0.763543,0.318244,0,0.66528,12.849,1,0.441681,0.36288,0,22.3205,5.99791,16.2438,0.84672,12.849,0.84672,3695.15,0,18.483,0,0.24446,1.81627,3.18224,1.44888,3.79409,0.42336,18.483,0.42336,0,0,442.007,0,1.02816,0,0,1.27262,0.24446,1.028160,1,0,20.0379,0,0,0,20.0379,0
61.4889,2.18124,0,0,1.48922,0.0815978,0.36288,3.6288,61.2255,0.529118,0,0,0.876545,0.323252,0,0.66528,12.849,1,0.447531,0.36288,0,21.8912,6.14747,15.6591,0.84672,12.849,0.84672,3695.15,0,18.483,0,0.498986,1.81635,4.2097,1.47876,5.04628,0.42336,18.483,0.42336,0,0,442.007,0,1.02816,0,0,1.52715,0.498986,1.028160,1,0,20.7053,0,0,0,20.7053,0
59.8482,2.31277,0,0,1.13205,0.0970566,0.36288,3.6288,60.9381,0.663268,0,0,0.713163,0.337289,0,0.66528,12.849,1,0.483287,0.36288,0,20.7636,6.23837,14.4049,0.84672,12.849,0.84672,3695.15,0,18.483,0,0.27705,1.81643,2.98964,1.50995,3.57316,0.42336,18.483,0.42336,0,0,442.007,0,1.02816,0,0,1.30521,0.27705,1.028160,1,0,17.978,0,0,0,17.978,0
58.1129,2.29166,0,0,1.01494,0.0956878,0.36288,3.6288,60.5495,0.698455,0,0,0.646462,0.336676,0,0.66528,12.849,1,0.492004,0.36288,0,18.5359,6.23837,12.1684,0.84672,12.849,0.84672,3695.15,0,18.483,0,0.227405,1.96106,2.91536,1.50995,3.59387,0.42336,18.483,0.42336,0,0,442.007,0,0.993047,0,0,1.22045,0.227405,1.028160,1,0,15.7623,0,0,0,15.7623,0
56.6022,2.26849,0,0,1.21478,0.0940975,0.36288,3.6288,60.2447,0.663417,0,0,0.694466,0.335846,0,0.66528,12.849,1,0.501572,0.36288,0,19.1835,6.23837,12.8064,0.84672,12.849,0.84672,3695.15,0,18.483,0,0.297294,1.96114,3.19778,1.50995,3.94627,0.42336,18.483,0.42336,0,0,442.007,0,1.02816,0,0,1.32545,0.297294,1.028160,1,0,16.7527,0,0,0,16.7527,0
55.9539,2.24757,0,0,2.07715,0.115033,0.36288,3.6288,60.1433,0.663491,0,0,0.891994,0.329869,0,0.66528,12.849,1,0.510211,0.36288,0,31.8805,6.08994,25.6432,0.84672,12.849,0.84672,3695.15,0,18.483,0,0.515756,1.96123,3.53969,1.49175,4.52492,0.42336,18.483,0.42336,0,0,442.007,0,1.02816,0,0,1.54392,0.515756,1.028160,1,0,30.1681,0,0,0,30.1681,0
55.4102,2.23843,0,0,2.15686,0.0992321,0.36288,3.6288,60.3956,0.663566,0,0,1.23225,0.316447,0,0.66528,12.849,1,0.514023,0.36288,0,26.8947,5.57055,21.173,0.84672,12.849,0.84672,3695.15,0,18.483,0,0.585766,1.96132,4.50007,1.37592,5.67123,0.42336,18.483,0.42336,0,0,442.007,0,1.02816,0,0,1.61393,0.585766,1.028160,1,0,26.8442,0,0,0,26.8442,0
54.4259,2.16261,0,0,1.63639,0.0951466,0.36288,3.6288,61.308,0.582241,0,0,1.86358,0.315118,0.0537734,0.66528,12.849,1,0.501486,0.36288,0,24.7787,5.27961,19.3605,0.84672,12.849,0.84672,3695.15,0,18.483,0,1.81894,1.9614,5.47644,1.33395,7.92283,0.42336,18.483,0.42336,0,0,442.007,0,1.02816,0,0,2.8471,1.81894,1.028160,1,0,27.3371,0,0,0,27.3371,0
53.178,2.14867,0,0,1.35782,0.0942099,0.36288,3.6288,61.308,0.582312,0,0,1.00233,0.316946,0.103069,0.66528,12.849,1,0.507264,0.36288,0,23.7417,5.27961,18.3177,0.84672,12.849,0.84672,3695.15,0,18.483,0,0.445764,1.87863,4.07846,1.33395,5.06891,0.42336,18.483,0.42336,0,0,442.007,0,1.02816,0,0,1.47392,0.445764,1.028160,1,0,23.4897,0,0,0,23.4897,0
52.4946,2.1305,0,0,1.95293,0.142911,0.36288,3.6288,61.308,0.582383,0,0,1.23288,0.271462,0.37904,0.66528,12.849,1,0.514777,0.36288,0,27.7089,4.65672,22.9003,0.84672,12.849,0.84672,3695.15,0,18.483,0,0.632724,1.87872,4.48791,1.13925,5.8601,0.42336,18.483,0.42336,0,0,442.007,0,1.02816,0,0,1.66088,0.632724,1.028160,1,0,29.1394,0,0,0,29.1394,0
53.8979,2.12036,0,0,4.0933,0.206758,0.36288,3.6288,61.308,0.582454,0,0,2.16736,0.21561,1.3693,0.66528,12.849,1,0.518996,0.36288,0,76.7029,3.86973,72.677,0.84672,12.849,0.84672,3695.15,0,18.483,0,1.22411,1.8788,12.109,0.898944,14.313,0.42336,18.483,0.42336,0,0,442.007,0,1.02816,0,0,2.25227,1.22411,1.028160,1,0,88.3594,0,0,0,88.3594,0
52.866,2.08598,0,0,1.62356,0.206683,0.36288,3.6288,61.308,0.508417,0,0,1.24153,0.227592,0.505524,0.66528,12.849,1,0.497287,0.36288,0,44.5855,3.97856,40.4725,0.84672,12.849,0.84672,3695.15,0,18.483,0,0.909395,1.87888,8.72467,0.947152,10.5658,0.42336,18.483,0.42336,0,0,442.007,0,1.02816,0,0,1.93755,0.909395,1.028160,1,0,51.5439,0,0,0,51.5439,0
51.976,2.07121,0,0,1.74868,0.204517,0.36288,3.6288,61.308,0.614437,0,0,0.920125,0.227592,0.0780961,0.66528,12.849,1,0.503404,0.36288,0,46.6338,3.97856,42.5147,0.84672,12.849,0.84672,3695.15,0,18.483,0,0.216518,1.80532,7.96902,0.947152,9.0437,0.42336,18.483,0.42336,0,0,442.007,0,0.922208,0,0,1.13873,0.216518,1.028160,1,0,51.6365,0,0,0,51.6365,0
53.6943,2.05818,0,0,4.34196,0.202649,0.36288,3.6288,61.308,0.508553,0,0,2.44046,0.227592,1.70432,0.66528,12.849,1,0.508804,0.36288,0,77.0018,3.97856,72.8773,0.84672,12.849,0.84672,3695.15,0,18.483,0,2.11976,1.8054,12.1906,0.947152,15.1686,0.42336,18.483,0.42336,0,0,442.007,0,1.02816,0,0,3.14792,2.11976,1.028160,1,0,89.7502,0,0,0,89.7502,0
57.0851,2.08335,0,0,6.04326,0.206255,0.36288,3.6288,61.308,0.508621,0,0,3.38444,0.227592,2.64823,0.66528,12.849,1,0.498544,0.36288,0,116.22,3.97856,112.106,0.84672,12.849,0.84672,3695.15,0,18.483,0,4.6058,1.80548,16.5106,0.947152,21.9747,0.42336,18.483,0.42336,0,0,442.007,0,1.02816,0,0,5.63396,4.6058,1.028160,1,0,136.729,0,0,0,136.729,0
58.5844,1.96965,0,0,4.06835,0.236447,0.36288,3.6288,61.308,0.354317,0,0,3.71765,0.21643,3.14691,0.66528,12.849,1,0.443338,0.36288,0,80.4246,4.72269,75.6214,0.84672,12.849,0.84672,3695.15,0,18.483,0,3.24976,1.80556,15.9773,1.13463,19.898,0.42336,18.483,0.42336,0,0,442.007,0,1.02816,0,0,4.27792,3.24976,1.028160,1,0,98.6663,0,0,0,98.6663,0
61.46,1.98776,0,0,5.46614,0.239934,0.36288,3.6288,61.308,0.354378,0,0,3.48875,0.21643,2.91794,0.66528,12.849,1,0.435965,0.36288,0,76.7379,4.72269,71.9421,0.84672,12.849,0.84672,3695.15,0,18.483,0,2.59946,1.63981,17.2706,1.13463,20.3752,0.42336,18.483,0.42336,0,0,442.007,0,1.02816,0,0,3.62762,2.59946,1.028160,1,0,95.2353,0,0,0,95.2353,0
65.0394,2.02079,0,0,6.19803,0.235011,0.36288,3.6288,61.308,0.354439,0,0,7.64681,0.207129,7.08525,0.66528,12.849,1,0.422473,0.36288,0,143.465,4.40112,139.004,0.84672,12.849,0.84672,3695.15,0,18.483,0,4.7725,1.63988,23.1432,1.09445,28.4611,0.42336,18.483,0.42336,0,0,442.007,0,1.02816,0,0,5.80066,4.7725,1.028160,1,0,174.55,0,0,0,174.55,0
68.1202,2.05915,0,0,5.72935,0.226482,0.36288,3.6288,61.308,0.3545,0,0,7.59948,0.194728,7.05026,0.66528,12.849,1,0.4068,0.36288,0,75.797,3.97236,71.7807,0.84672,12.849,0.84672,3695.15,0,18.483,0,4.68418,1.63995,20.529,1.04089,25.8122,0.42336,18.483,0.42336,0,0,442.007,0,1.02816,0,0,5.71234,4.68418,1.028160,1,0,104.643,0,0,0,104.643,0
70.2563,2.08997,0,0,4.84272,0.253772,0.36288,3.6288,61.308,0.354561,0,0,2.47128,0.194898,1.92182,0.66528,12.849,1,0.394215,0.36288,0,99.413,3.80597,95.5757,0.84672,12.849,0.84672,3695.15,0,18.483,0,2.94862,1.64002,10.5094,1.01877,14.0793,0.42336,18.483,0.42336,0,0,442.007,0,1.02816,0,0,3.97678,2.94862,1.028160,1,0,111.577,0,0,0,111.577,0
72.29,2.17638,0,0,8.53243,0.28383,4.03851,3.6288,61.308,0.39933,0,0,2.76661,0.195413,2.17187,0.66528,12.849,1,0.398033,4.03851,0,163.657,3.70566,163.592,0.84672,12.849,0.84672,3695.15,0,18.483,0,4.14457,1.6401,14.1392,1.02627,18.8976,0.42336,18.483,0.42336,0,0,442.007,0,1.02816,0,0,5.17273,4.14457,1.028160,1,0,184.661,0,0,0,184.661,0
72.29,2.19551,0,0,7.6772,0.288279,5.19341,3.6288,61.308,0.399384,0,0,3.37922,0.195413,2.78442,0.66528,12.849,1,0.390236,5.19341,0,175.987,3.70566,177.085,0.84672,12.849,0.84672,3695.15,0,18.483,0,4.85309,1.69262,18.4402,1.02627,23.9596,0.42336,18.483,0.42336,0,0,442.007,0,1.02816,0,0,5.88125,4.85309,1.028160,1,0,203.829,0,0,0,203.829,0
72.29,2.1956,0,0,6.57082,0.288279,4.08695,3.6288,61.308,0.399438,0,0,2.66264,0.195413,2.06779,0.66528,12.849,1,0.390251,4.08695,0,180.496,3.70566,180.487,0.84672,12.849,0.84672,3695.15,0,18.483,0,4.12345,1.69269,15.1406,1.02627,19.9304,0.42336,18.483,0.42336,0,0,442.007,0,1.02816,0,0,5.15161,4.12345,1.028160,1,0,202.485,0,0,0,202.485,0
72.29,2.19568,0,0,11.1612,0.281674,8.68389,3.6288,61.308,0.399492,0,0,3.41614,0.192575,2.82407,0.66528,12.849,1,0.390265,8.68389,0,224.487,3.58746,229.193,0.84672,12.849,0.84672,3695.15,0,18.483,0,5.38645,1.69275,20.5483,1.00182,26.6256,0.42336,18.483,0.42336,0,0,442.007,0,1.02816,0,0,6.41461,5.38645,1.028160,1,0,258.643,0,0,0,258.643,0
72.29,2.40993,0,0,7.02302,0.242048,4.37104,3.6288,61.308,0.567414,0,0,2.37446,0.175548,1.6315,0.66528,12.849,1,0.428347,4.37104,0,222.728,2.87826,223.792,0.84672,12.849,0.84672,3695.15,0,18.483,0,3.69996,1.69281,12.3028,0.855127,16.8405,0.42336,18.483,0.42336,0,0,442.007,0,1.02816,0,0,4.72812,3.69996,1.028160,1,0,242.264,0,0,0,242.264,0
72.29,2.41002,0,0,6.78999,0.242048,4.13792,3.6288,61.308,0.567474,0,0,2.58316,0.175548,1.84014,0.66528,12.849,1,0.428363,4.13792,0,205.502,2.87826,206.333,0.84672,12.849,0.84672,3695.15,0,18.483,0,4.39656,1.8801,13.293,0.855127,18.7145,0.42336,18.483,0.42336,0,0,442.007,0,1.02816,0,0,5.42472,4.39656,1.028160,1,0,226.888,0,0,0,226.888,0
72.29,2.41011,0,0,6.27669,0.264816,3.60176,3.6288,61.308,0.567535,0,0,2.07863,0.194659,1.31643,0.66528,12.849,1,0.42838,3.60176,0,161.144,3.63241,160.685,0.84672,12.849,0.84672,3695.15,0,18.483,0,3.51575,1.88017,11.9759,1.04069,16.3311,0.42336,18.483,0.42336,0,0,442.007,0,1.02816,0,0,4.54391,3.51575,1.028160,1,0,178.332,0,0,0,178.332,0
72.29,2.41021,0,0,8.9742,0.292891,6.2711,3.6288,61.308,0.567595,0,0,2.88276,0.186173,2.12899,0.66528,12.849,1,0.428396,6.2711,0,194.624,3.58081,196.886,0.84672,12.849,0.84672,3695.15,0,18.483,0,4.95779,1.88025,19.2938,0.986956,25.1449,0.42336,18.483,0.42336,0,0,442.007,0,1.02816,0,0,5.98595,4.95779,1.028160,1,0,224.16,0,0,0,224.16,0
72.29,2.10478,0,0,6.95936,0.363059,4.49152,3.6288,61.308,0.342341,0,0,2.74272,0.182339,2.21804,0.66528,12.849,1,0.374108,4.49152,0,128.842,3.66271,129.297,0.84672,12.849,0.84672,3695.15,0,18.483,0,5.53235,1.88032,16.9217,0.907891,23.4265,0.42336,18.483,0.42336,0,0,442.007,0,1.02816,0,0,6.56051,5.53235,1.028160,1,0,154.941,0,0,0,154.941,0
72.29,2.10486,0,0,4.88021,0.363059,2.41229,3.6288,61.308,0.342393,0,0,2.167,0.182339,1.64227,0.66528,12.849,1,0.374122,2.41229,0,130.255,3.66271,128.63,0.84672,12.849,0.84672,3695.15,0,18.483,0,4.17904,1.62424,14.3323,0.907891,19.2277,0.42336,18.483,0.42336,0,0,442.007,0,1.02816,0,0,5.2072,4.17904,1.028160,1,0,149.5,0,0,0,149.5,0
72.29,2.10494,0,0,4.37797,0.317747,1.95528,3.6288,61.308,0.342445,0,0,1.44025,0.158274,0.939535,0.66528,12.849,1,0.374136,1.95528,0,109.371,3.31393,107.638,0.84672,12.849,0.84672,3695.15,0,18.483,0,2.97672,1.6243,12.6535,0.857789,16.3967,0.42336,18.483,0.42336,0,0,442.007,0,1.02816,0,0,4.00488,2.97672,1.028160,1,0,124.975,0,0,0,124.975,0
72.29,2.10502,0,0,4.62259,0.283762,2.23381,3.6288,61.308,0.342497,0,0,1.89853,0.140225,1.41581,0.66528,12.849,1,0.374151,2.23381,0,115.099,3.05235,113.906,0.84672,12.849,0.84672,3695.15,0,18.483,0,4.21278,1.62436,13.2797,0.820213,18.2966,0.42336,18.483,0.42336,0,0,442.007,0,1.02816,0,0,5.24094,4.21278,1.028160,1,0,133.618,0,0,0,133.618,0
72.29,2.1051,0,0,6.49515,0.320776,4.06927,3.6288,61.308,0.342549,0,0,2.32558,0.182247,1.80078,0.66528,12.849,1,0.374165,4.06927,0,165.917,3.56055,166.051,0.84672,12.849,0.84672,3695.15,0,18.483,0,5.77171,1.62443,15.707,0.825841,22.2773,0.42336,18.483,0.42336,0,0,442.007,0,1.02816,0,0,6.79987,5.77171,1.028160,1,0,190.129,0,0,0,190.129,0
72.29,2.18209,0,0,6.548,0.335581,4.03032,3.6288,61.308,0.397732,0,0,3.01368,0.199055,2.41689,0.66528,12.849,1,0.387851,4.03032,0,168.229,3.76383,168.107,0.84672,12.849,0.84672,3695.15,0,18.483,0,8.10216,1.62449,18.6646,0.828092,27.5632,0.42336,18.483,0.42336,0,0,442.007,0,1.02816,0,0,9.13032,8.10216,1.028160,1,0,198.087,0,0,0,198.087,0
72.29,2.18218,0,0,5.69027,0.335581,3.17251,3.6288,61.308,0.397786,0,0,2.4496,0.199055,1.85275,0.66528,12.849,1,0.387865,3.17251,0,139.23,3.76383,138.251,0.84672,12.849,0.84672,3695.15,0,18.483,0,6.15268,1.6878,14.7353,0.828092,21.7477,0.42336,18.483,0.42336,0,0,442.007,0,1.02816,0,0,7.18084,6.15268,1.028160,1,0,161.851,0,0,0,161.851,0
72.29,2.18226,0,0,4.57356,0.305403,2.0859,3.6288,61.308,0.39784,0,0,1.76875,0.195725,1.17518,0.66528,12.849,1,0.38788,2.0859,0,111.643,3.96153,109.38,0.84672,12.849,0.84672,3695.15,0,18.483,0,4.58354,1.68787,9.87949,0.840948,15.31,0.42336,18.483,0.42336,0,0,442.007,0,1.02816,0,0,5.6117,4.58354,1.028160,1,0,125.865,0,0,0,125.865,0
72.29,2.18234,0,0,4.45741,0.26969,2.00538,3.6288,61.308,0.397894,0,0,1.78103,0.202873,1.18027,0.66528,12.849,1,0.387895,2.00538,0,111.525,4.19485,108.948,0.84672,12.849,0.84672,3695.15,0,18.483,0,4.08385,1.68793,10.8032,0.914412,15.6606,0.42336,18.483,0.42336,0,0,442.007,0,1.02816,0,0,5.11201,4.08385,1.028160,1,0,125.789,0,0,0,125.789,0
72.29,2.15235,0,0,4.69504,0.252251,2.29045,3.6288,61.308,0.376532,0,0,1.97595,0.215734,1.38368,0.66528,12.849,1,0.382563,2.29045,0,110.334,4.30826,107.933,0.84672,12.849,0.84672,3695.15,0,18.483,0,4.20599,1.688,12.0712,0.999509,16.9657,0.42336,18.483,0.42336,0,0,442.007,0,1.02816,0,0,5.23415,4.20599,1.028160,1,0,126.283,0,0,0,126.283,0
72.29,2.15243,0,0,4.40869,0.252251,2.00401,3.6288,61.308,0.376585,0,0,1.81835,0.215734,1.22603,0.66528,12.849,1,0.382578,2.00401,0,98.7733,4.30826,96.0865,0.84672,12.849,0.84672,3695.15,0,18.483,0,3.34674,1.66343,11.1437,0.999509,15.1544,0.42336,18.483,0.42336,0,0,442.007,0,1.02816,0,0,4.3749,3.34674,1.028160,1,0,112.467,0,0,0,112.467,0
72.29,2.15251,0,0,4.02977,0.232271,1.64499,3.6288,61.308,0.376639,0,0,1.68815,0.228547,1.08297,0.66528,12.849,1,0.382592,1.64499,0,90.1748,4.58825,86.849,0.84672,12.849,0.84672,3695.15,0,18.483,0,3.20468,1.6635,9.518,1.03877,13.3474,0.42336,18.483,0.42336,0,0,442.007,0,1.02816,0,0,4.23284,3.20468,1.028160,1,0,101.279,0,0,0,101.279,0
72.29,2.15259,0,0,3.79922,0.227655,1.41898,3.6288,61.308,0.376692,0,0,1.62606,0.241983,1.00738,0.66528,12.849,1,0.382607,1.41898,0,78.6007,4.29387,75.3432,0.84672,12.849,0.84672,3695.15,0,18.483,0,3.36112,1.66356,10.038,0.932371,14.1303,0.42336,18.483,0.42336,0,0,442.007,0,1.02816,0,0,4.38928,3.36112,1.028160,1,0,90.4808,0,0,0,90.4808,0
72.29,2.25479,0,0,3.76808,0.1608,1.35249,3.6288,61.308,0.452702,0,0,1.31933,0.253103,0.613524,0.66528,12.849,1,0.400772,1.35249,0,94.9354,4.4792,91.4079,0.84672,12.849,0.84672,3695.15,0,18.483,0,2.65453,1.66362,7.89333,1.05431,11.1572,0.42336,18.483,0.42336,0,0,442.007,0,1.02816,0,0,3.68269,2.65453,1.028160,1,0,103.179,0,0,0,103.179,0
72.29,2.25487,0,0,3.16805,0.1608,0.752372,3.6288,61.308,0.452758,0,0,1.29453,0.253103,0.588671,0.66528,12.849,1,0.400787,0.752372,0,55.5219,4.4792,51.3943,0.84672,12.849,0.84672,3695.15,0,18.483,0,2.4988,1.7498,7.0064,1.05431,10.2007,0.42336,18.483,0.42336,0,0,442.007,0,1.02816,0,0,3.52696,2.4988,1.028160,1,0,62.1837,0,0,0,62.1837,0
72.29,2.25496,0,0,3.23508,0.1608,0.819316,3.6288,61.308,0.452814,0,0,1.35771,0.253103,0.65179,0.66528,12.849,1,0.400802,0.819316,0,55.2129,4.4792,51.1522,0.84672,12.849,0.84672,3695.15,0,18.483,0,1.75787,1.74987,6.49512,1.05431,8.94855,0.42336,18.483,0.42336,0,0,442.007,0,1.02816,0,0,2.78603,1.75787,1.028160,1,0,60.7525,0,0,0,60.7525,0
72.2522,2.25504,0,0,2.7409,0.1608,0.36288,3.6288,61.308,0.45287,0,0,1.04544,0.253103,0.339467,0.66528,12.849,1,0.400817,0.36288,0,56.2257,4.4792,51.7085,0.84672,12.849,0.84672,3695.15,0,18.483,0,1.46343,1.74993,6.0602,1.05431,8.21925,0.42336,18.483,0.42336,0,0,442.007,0,1.02816,0,0,2.49159,1.46343,1.028160,1,0,60.2672,0,0,0,60.2672,0
72.1007,2.25477,0,0,2.57736,0.111135,0.36288,3.6288,61.308,0.452926,0,0,1.02204,0.268298,0.300818,0.66528,12.849,1,0.400979,0.36288,0,50.2976,5.21088,45.0486,0.84672,12.849,0.84672,3695.15,0,18.483,0,1.28156,1.75,4.90831,1.24236,6.69752,0.42336,18.483,0.42336,0,0,442.007,0,1.02816,0,0,2.30972,1.28156,1.028160,1,0,52.0469,0,0,0,52.0469,0
71.8503,2.23324,0,0,2.44608,0.100427,0.36288,3.6288,61.308,0.494737,0,0,1.0334,0.289598,0.24906,0.66528,12.849,1,0.397984,0.36288,0,45.6674,5.31678,40.3155,0.84672,12.849,0.84672,3695.15,0,18.483,0,1.29495,1.75007,4.57328,1.29526,6.32305,0.42336,18.483,0.42336,0,0,442.007,0,1.02816,0,0,2.32311,1.29495,1.028160,1,0,46.8876,0,0,0,46.8876,0
71.4677,2.23097,0,0,2.31152,0.100236,0.36288,3.6288,61.308,0.494795,0,0,0.92156,0.289598,0.137167,0.66528,12.849,1,0.398965,0.36288,0,41.4121,5.31678,36.0593,0.84672,12.849,0.84672,3695.15,0,18.483,0,1.21057,1.77697,4.42275,1.29526,6.11503,0.42336,18.483,0.42336,0,0,442.007,0,1.02816,0,0,2.23873,1.21057,1.028160,1,0,42.3115,0,0,0,42.3115,0
70.9306,2.22744,0,0,2.15318,0.0999441,0.36288,3.6288,61.308,0.494853,0,0,0.846971,0.289598,0.0625197,0.66528,12.849,1,0.400465,0.36288,0,39.5808,5.31678,34.2264,0.84672,12.849,0.84672,3695.15,0,18.483,0,1.09017,1.77703,4.12922,1.29526,5.70117,0.42336,18.483,0.42336,0,0,442.007,0,1.02816,0,0,2.11833,1.09017,1.028160,1,0,39.9901,0,0,0,39.9901,0
70.22,2.22239,0,0,1.96947,0.0947915,0.36288,3.6288,61.308,0.49491,0,0,0.801585,0.303775,0.00289958,0.66528,12.849,1,0.402584,0.36288,0,35.01,5.55372,29.4165,0.84672,12.849,0.84672,3695.15,0,18.483,0,0.799727,1.7771,3.6164,1.36203,4.8312,0.42336,18.483,0.42336,0,0,442.007,0,1.02816,0,0,1.82789,0.799727,1.028160,1,0,34.2506,0,0,0,34.2506,0
69.4605,2.26732,0,0,1.95319,0.0824829,0.36288,3.6288,61.2931,0.532186,0,0,0.856475,0.339216,0,0.66528,12.849,1,0.414878,0.36288,0,38.6308,6.14607,32.4328,0.84672,12.849,0.84672,3695.15,0,18.483,0,0.829621,1.77717,3.18933,1.52897,4.26714,0.42336,18.483,0.42336,0,0,442.007,0,1.02816,0,0,1.85778,0.829621,1.028160,1,0,36.6999,0,0,0,36.6999,0
68.5746,2.25978,0,0,1.81867,0.082,0.36288,3.6288,61.1647,0.532246,0,0,0.743057,0.339184,0,0.66528,12.849,1,0.41802,0.36288,0,32.7097,6.14607,26.5085,0.84672,12.849,0.84672,3695.15,0,18.483,0,0.980018,1.82001,3.21874,1.52897,4.48979,0.42336,18.483,0.42336,0,0,442.007,0,1.02816,0,0,2.00818,0.980018,1.028160,1,0,30.9983,0,0,0,30.9983,0
67.5609,2.25082,0,0,1.68146,0.0814367,0.36288,3.6288,60.9826,0.532305,0,0,0.689075,0.338909,0,0.66528,12.849,1,0.421743,0.36288,0,31.3658,6.14607,25.1609,0.84672,12.849,0.84672,3695.15,0,18.483,0,0.735635,1.82007,2.79866,1.52897,3.8254,0.42336,18.483,0.42336,0,0,442.007,0,1.02816,0,0,1.7638,0.735635,1.028160,1,0,28.9863,0,0,0,28.9863,0
66.6004,2.24037,0,0,1.71882,0.0760672,0.36288,3.6288,60.8743,0.532364,0,0,0.765253,0.341103,0,0.66528,12.849,1,0.426082,0.36288,0,29.832,6.22085,23.548,0.84672,12.849,0.84672,3695.15,0,18.483,0,0.97365,1.82014,3.46173,1.54391,4.71161,0.42336,18.483,0.42336,0,0,442.007,0,1.02816,0,0,2.00181,0.97365,1.028160,1,0,28.2596,0,0,0,28.2596,0
65.457,2.37921,0,0,1.68515,0.0864781,0.36288,3.6288,60.4477,0.66528,0,0,0.590844,0.352213,0,0.66528,12.849,1,0.459013,0.36288,0,25.7148,6.21285,19.4058,0.84672,12.849,0.84672,3695.15,0,18.483,0,0.576694,1.82021,2.78578,1.51279,3.6699,0.42336,18.483,0.42336,0,0,442.007,0,1.02816,0,0,1.60485,0.576694,1.028160,1,0,23.0757,0,0,0,23.0757,0
64.4897,2.36608,0,0,1.84837,0.0867339,0.36288,3.6288,60.0939,0.66528,0,0,0.66509,0.353576,0,0.66528,12.849,1,0.464454,0.36288,0,29.9445,6.22398,23.619,0.84672,12.849,0.84672,3695.15,0,18.483,0,0.847429,1.96397,2.59586,1.51009,3.89717,0.42336,18.483,0.42336,0,0,442.007,0,1.02816,0,0,1.87559,0.847429,1.028160,1,0,27.5161,0,0,0,27.5161,0
63.1515,2.35473,0,0,1.46555,0.0860625,0.36288,3.6288,59.5751,0.66528,0,0,0.499202,0.35278,0,0.66528,12.849,1,0.46916,0.36288,0,32.8803,6.22398,26.55,0.84672,12.849,0.84672,3695.15,0,18.483,0,0.380488,1.964,2.08429,1.51009,2.91868,0.42336,18.483,0.42336,0,0,442.007,0,1.02816,0,0,1.40865,0.380488,1.028160,1,0,29.4687,0,0,0,29.4687,0
62.1462,2.33862,0,0,1.78133,0.0851337,0.36288,3.6288,59.3608,0.66528,0,0,0.802582,0.351614,0,0.66528,12.849,1,0.475823,0.36288,0,28.6615,6.22398,22.3245,0.84672,12.849,0.84672,3695.15,0,18.483,0,1.30731,1.96402,3.00318,1.51009,4.76442,0.42336,18.483,0.42336,0,0,442.007,0,1.02816,0,0,2.33547,1.30731,1.028160,1,0,27.089,0,0,0,27.089,0
60.9082,2.32623,0,0,1.51705,0.0659636,0.36288,3.6288,58.8824,0.66528,0,0,0.549797,0.362834,0,0.66528,12.849,1,0.480958,0.36288,0,24.3699,6.02622,18.2256,0.84672,12.849,0.84672,3695.15,0,18.483,0,0.706691,1.96405,2.35832,1.59888,3.43018,0.42336,18.483,0.42336,0,0,442.007,0,1.02816,0,0,1.73485,0.706691,1.028160,1,0,21.6558,0,0,0,21.6558,0
59.623,2.24008,0,0,1.45344,0.13564,0.36288,3.6288,58.5525,0.585537,0,0,0.562091,0.306524,0,0.66528,12.849,1,0.47256,0.36288,0,19.5077,4.28775,15.1102,0.84672,12.849,0.84672,3695.15,0,18.483,0,0.693386,1.96407,1.87642,1.26058,3.27329,0.42336,18.483,0.42336,0,0,442.007,0,1.02816,0,0,1.72155,0.693386,1.028160,1,0,18.3835,0,0,0,18.3835,0
58.5039,2.22388,0,0,1.65438,0.186812,0.36288,3.6288,58.4924,0.585598,0,0,0.812817,0.287269,0,0.66528,12.849,1,0.479255,0.36288,0,19.2157,3.76561,15.3337,0.84672,12.849,0.84672,3695.15,0,18.483,0,1.30723,1.88248,2.6184,1.16386,4.64425,0.42336,18.483,0.42336,0,0,442.007,0,1.02816,0,0,2.33539,1.30723,1.028160,1,0,19.978,0,0,0,19.978,0
57.3216,2.2094,0,0,1.57481,0.184805,0.36288,3.6288,58.4105,0.585659,0,0,0.79088,0.287158,0,0.66528,12.849,1,0.485244,0.36288,0,24.4604,3.76561,20.5724,0.84672,12.849,0.84672,3695.15,0,18.483,0,1.16183,1.88255,2.59231,1.16386,4.47283,0.42336,18.483,0.42336,0,0,442.007,0,1.02816,0,0,2.18999,1.16183,1.028160,1,0,25.0452,0,0,0,25.0452,0
56.161,2.19371,0,0,1.58002,0.183956,0.36288,3.6288,58.5195,0.585721,0,0,0.980372,0.285648,0,0.66528,12.849,1,0.491734,0.36288,0,36.991,4.15626,32.7059,0.84672,12.849,0.84672,3695.15,0,18.483,0,1.51133,1.88262,3.2151,1.22223,5.38682,0.42336,18.483,0.42336,0,0,442.007,0,1.02816,0,0,2.53949,1.51133,1.028160,1,0,38.0927,0,0,0,38.0927,0
54.308,2.12163,0,0,0.847215,0.215738,0.36288,3.6288,58.4352,0.511524,0,0,0.61267,0.185455,0,0.66528,12.849,1,0.485403,0.36288,0,17.8766,4.71922,13.0348,0.84672,12.849,0.84672,3695.15,0,18.483,0,0.459181,1.88269,2.67793,1.24075,3.77906,0.42336,18.483,0.42336,0,0,442.007,0,1.02816,0,0,1.48734,0.459181,1.028160,1,0,16.8139,0,0,0,16.8139,0
52.8526,2.09609,0,0,1.30042,0.296839,0.36288,3.6288,58.5682,0.511583,0,0,0.841498,0.196871,0,0.66528,12.849,1,0.495925,0.36288,0,24.9013,4.86646,19.9018,0.84672,12.849,0.84672,3695.15,0,18.483,0,0.720757,1.80897,2.8896,1.24874,4.17058,0.42336,18.483,0.42336,0,0,442.007,0,1.02816,0,0,1.74892,0.720757,1.028160,1,0,24.0724,0,0,0,24.0724,0
52.4186,2.07527,0,0,2.31052,0.30644,0.36288,3.6288,59.0599,0.511641,0,0,1.20223,0.19896,0,0.66528,12.849,1,0.504518,0.36288,0,36.473,4.89101,31.4403,0.84672,12.849,0.84672,3695.15,0,18.483,0,1.20804,1.80904,3.89904,1.25007,5.66604,0.42336,18.483,0.42336,0,0,442.007,0,1.02816,0,0,2.2362,1.20804,1.028160,1,0,37.1064,0,0,0,37.1064,0
52.3032,2.06897,0,0,2.62154,0.305074,0.36288,3.6288,59.5944,0.5117,0,0,1.24583,0.19959,0,0.66528,12.849,1,0.507152,0.36288,0,71.6743,4.89101,66.6391,0.84672,12.849,0.84672,3695.15,0,18.483,0,2.05093,1.80911,6.59193,1.25007,9.20189,0.42336,18.483,0.42336,0,0,442.007,0,1.02816,0,0,3.07909,2.05093,1.028160,1,0,75.8409,0,0,0,75.8409,0
52.1022,1.91165,0,0,2.34187,0.268345,0.36288,3.6288,59.5877,0.357078,0,0,0.54304,0.192648,0,0.66528,12.849,1,0.469622,0.36288,0,39.8267,3.89636,35.8236,0.84672,12.849,0.84672,3695.15,0,18.483,0,1.25883,1.80917,3.44885,1.13757,5.37929,0.42336,18.483,0.42336,0,0,442.007,0,1.02816,0,0,2.28699,1.25883,1.028160,1,0,41.2029,0,0,0,41.2029,0
52.3621,1.90896,0,0,2.76091,0.229138,0.36288,3.6288,59.6067,0.357131,0,0,0.583413,0.207268,0,0.66528,12.849,1,0.470772,0.36288,0,42.5371,3.96442,38.4648,0.84672,12.849,0.84672,3695.15,0,18.483,0,2.82689,1.64308,4.07985,1.01933,7.53049,0.42336,18.483,0.42336,0,0,442.007,0,1.02816,0,0,3.85505,2.82689,1.028160,1,0,45.9953,0,0,0,45.9953,0
53.3351,1.9126,0,0,3.48643,0.237998,0.36288,3.6288,59.6238,0.357183,0,0,0.560286,0.186042,0,0.66528,12.849,1,0.469327,0.36288,0,54.9592,3.97456,50.8782,0.84672,12.849,0.84672,3695.15,0,18.483,0,2.34875,1.64314,3.90011,1.08249,6.80952,0.42336,18.483,0.42336,0,0,442.007,0,1.02816,0,0,3.37691,2.34875,1.028160,1,0,57.6877,0,0,0,57.6877,0
55.0267,1.92582,0,0,4.22077,0.240387,0.36288,3.6288,59.6858,0.357236,0,0,0.605331,0.186062,0,0.66528,12.849,1,0.463951,0.36288,0,66.866,3.97456,62.7904,0.84672,12.849,0.84672,3695.15,0,18.483,0,1.03579,1.64321,3.18632,1.08249,4.78283,0.42336,18.483,0.42336,0,0,442.007,0,1.02816,0,0,2.06395,1.03579,1.028160,1,0,67.5732,0,0,0,67.5732,0
57.2172,1.94806,0,0,4.74576,0.244332,0.36288,3.6288,61.1016,0.357288,0,0,1.99358,0.220551,0,0.66528,12.849,1,0.45488,0.36288,0,92.8712,4.30585,88.4733,0.84672,12.849,0.84672,3695.15,0,18.483,0,3.09349,1.64327,6.37791,1.16064,9.95403,0.42336,18.483,0.42336,0,0,442.007,0,1.02816,0,0,4.12165,3.09349,1.028160,1,0,98.4274,0,0,0,98.4274,0
65.9911,2.03746,0,0,11.4236,0.249423,0.36288,3.6288,61.308,0.402137,0,0,4.93089,0.268846,4.05347,0.66528,12.849,1,0.457542,0.36288,0,299.998,4.74758,295.156,0.84672,12.849,0.84672,3695.15,0,18.483,0,4.579,1.64333,17.4558,1.26485,22.4133,0.42336,18.483,0.42336,0,0,442.007,0,1.02816,0,0,5.60716,4.579,1.028160,1,0,321.623,0,0,0,321.623,0
70.0131,2.13811,0,0,6.79222,0.269188,0.36288,3.6288,61.308,0.402182,0,0,3.41325,0.269197,2.74187,0.66528,12.849,1,0.416307,0.36288,0,251.455,4.74758,246.654,0.84672,12.849,0.84672,3695.15,0,18.483,0,3.16728,1.69595,12.7807,1.26485,16.3791,0.42336,18.483,0.42336,0,0,442.007,0,1.02816,0,0,4.19544,3.16728,1.028160,1,0,265.775,0,0,0,265.775,0
71.5461,2.17846,0,0,4.34637,0.272068,0.36288,3.6288,61.308,0.402227,0,0,1.98259,0.255521,1.32485,0.66528,12.849,1,0.399798,0.36288,0,118.4,4.63241,113.731,0.84672,12.849,0.84672,3695.15,0,18.483,0,2.10504,1.696,7.05439,1.19423,9.6612,0.42336,18.483,0.42336,0,0,442.007,0,1.02816,0,0,3.1332,2.10504,1.028160,1,0,124.717,0,0,0,124.717,0
72.29,2.19306,0,0,3.99176,0.281418,0.773346,3.6288,61.308,0.402273,0,0,1.82298,0.190491,1.23022,0.66528,12.849,1,0.393853,0.773346,0,93.0286,4.05269,89.3554,0.84672,12.849,0.84672,3695.15,0,18.483,0,2.14212,1.69606,6.61116,0.962449,9.48688,0.42336,18.483,0.42336,0,0,442.007,0,1.02816,0,0,3.17028,2.14212,1.028160,1,0,100.073,0,0,0,100.073,0
72.29,2.41461,0,0,6.40635,0.313815,3.67793,3.6288,61.308,0.570512,0,0,3.5061,0.283423,2.65217,0.66528,12.849,1,0.429179,3.67793,0,160.944,4.30091,159.892,0.84672,12.849,0.84672,3695.15,0,18.483,0,3.42487,1.69611,11.6524,1.19655,15.5768,0.42336,18.483,0.42336,0,0,442.007,0,1.02816,0,0,4.45303,3.42487,1.028160,1,0,178.121,0,0,0,178.121,0
72.29,2.41469,0,0,5.82548,0.319208,3.09158,3.6288,61.308,0.570563,0,0,2.5961,0.276273,1.74927,0.66528,12.849,1,0.429192,3.09158,0,125.33,4.27804,123.714,0.84672,12.849,0.84672,3695.15,0,18.483,0,1.35743,1.88375,7.47563,1.17556,9.54126,0.42336,18.483,0.42336,0,0,442.007,0,1.02816,0,0,2.38559,1.35743,1.028160,1,0,135.005,0,0,0,135.005,0
72.29,2.41476,0,0,6.8886,0.351566,4.12227,3.6288,61.308,0.570613,0,0,4.36434,0.233376,3.56035,0.66528,12.849,1,0.429206,4.12227,0,150.288,4.14088,149.84,0.84672,12.849,0.84672,3695.15,0,18.483,0,1.87235,1.88381,11.4323,1.04961,14.1388,0.42336,18.483,0.42336,0,0,442.007,0,1.02816,0,0,2.90051,1.87235,1.028160,1,0,167.539,0,0,0,167.539,0
72.29,2.41484,0,0,7.7334,0.351566,4.967,3.6288,61.308,0.570664,0,0,4.11934,0.233376,3.3153,0.66528,12.849,1,0.42922,4.967,0,181.993,4.14088,182.39,0.84672,12.849,0.84672,3695.15,0,18.483,0,6.2631,1.88387,25.3171,1.04961,32.4145,0.42336,18.483,0.42336,0,0,442.007,0,1.02816,0,0,7.29126,6.2631,1.028160,1,0,218.12,0,0,0,218.12,0
72.29,2.10881,0,0,5.42893,0.319799,3.00032,3.6288,61.308,0.344968,0,0,1.78654,0.181841,1.25974,0.66528,12.849,1,0.374825,3.00032,0,113.538,2.6607,113.503,0.84672,12.849,0.84672,3695.15,0,18.483,0,1.60753,1.88393,9.3433,0.828527,12.0062,0.42336,18.483,0.42336,0,0,442.007,0,1.02816,0,0,2.63569,1.60753,1.028160,1,0,126.769,0,0,0,126.769,0
72.29,2.10888,0,0,6.84435,0.319799,4.41567,3.6288,61.308,0.345012,0,0,2.55577,0.181841,2.02892,0.66528,12.849,1,0.374837,4.41567,0,150.629,2.6607,152.009,0.84672,12.849,0.84672,3695.15,0,18.483,0,2.25679,1.62735,13.4288,0.828527,16.4844,0.42336,18.483,0.42336,0,0,442.007,0,1.02816,0,0,3.28495,2.25679,1.028160,1,0,170.522,0,0,0,170.522,0
72.29,2.10894,0,0,9.68622,0.320426,7.25685,3.6288,61.308,0.345055,0,0,4.12801,0.18949,3.59347,0.66528,12.849,1,0.374849,7.25685,0,205.657,2.87726,209.662,0.84672,12.849,0.84672,3695.15,0,18.483,0,5.06728,1.62741,23.8062,0.861876,29.639,0.42336,18.483,0.42336,0,0,442.007,0,1.02816,0,0,6.09544,5.06728,1.028160,1,0,242.894,0,0,0,242.894,0
72.29,2.10901,0,0,6.46511,0.324184,4.03192,3.6288,61.308,0.345099,0,0,2.33004,0.235385,1.74956,0.66528,12.849,1,0.374861,4.03192,0,164.716,4.17658,164.197,0.84672,12.849,0.84672,3695.15,0,18.483,0,2.50413,1.62746,14.1926,1.06197,17.2622,0.42336,18.483,0.42336,0,0,442.007,0,1.02816,0,0,3.53229,2.50413,1.028160,1,0,183.209,0,0,0,183.209,0
72.29,2.10908,0,0,7.21739,0.309577,4.79873,3.6288,61.308,0.345142,0,0,2.36604,0.214827,1.80607,0.66528,12.849,1,0.374873,4.79873,0,129.695,4.04014,130.079,0.84672,12.849,0.84672,3695.15,0,18.483,0,2.63028,1.62751,11.3539,0.998379,14.6133,0.42336,18.483,0.42336,0,0,442.007,0,1.02816,0,0,3.65844,2.63028,1.028160,1,0,146.498,0,0,0,146.498,0
72.29,2.18621,0,0,6.26193,0.298622,3.7771,3.6288,61.308,0.400421,0,0,2.3608,0.199409,1.76097,0.66528,12.849,1,0.388582,3.7771,0,145.443,3.93782,144.894,0.84672,12.849,0.84672,3695.15,0,18.483,0,2.73103,1.62756,10.3713,0.950684,13.7792,0.42336,18.483,0.42336,0,0,442.007,0,1.02816,0,0,3.75919,2.73103,1.028160,1,0,160.434,0,0,0,160.434,0
72.29,2.18628,0,0,4.97743,0.298622,2.49253,3.6288,61.308,0.400466,0,0,2.0174,0.199409,1.41752,0.66528,12.849,1,0.388594,2.49253,0,100.926,3.93782,99.0925,0.84672,12.849,0.84672,3695.15,0,18.483,0,2.37184,1.69099,8.8255,0.950684,11.9376,0.42336,18.483,0.42336,0,0,442.007,0,1.02816,0,0,3.4,2.37184,1.028160,1,0,112.448,0,0,0,112.448,0
72.29,2.18635,0,0,4.17904,0.296777,1.69591,3.6288,61.308,0.400511,0,0,1.7312,0.160113,1.17057,0.66528,12.849,1,0.388607,1.69591,0,79.4284,3.30252,77.4332,0.84672,12.849,0.84672,3695.15,0,18.483,0,2.03736,1.69104,7.67845,0.953436,10.4534,0.42336,18.483,0.42336,0,0,442.007,0,1.02816,0,0,3.06552,2.03736,1.028160,1,0,89.0572,0,0,0,89.0572,0
72.29,2.18642,0,0,3.9483,0.26215,1.49973,3.6288,61.308,0.400557,0,0,1.60634,0.189856,1.01593,0.66528,12.849,1,0.388619,1.49973,0,73.7614,3.78294,71.0896,0.84672,12.849,0.84672,3695.15,0,18.483,0,1.87699,1.69109,6.9069,1.08305,9.39193,0.42336,18.483,0.42336,0,0,442.007,0,1.02816,0,0,2.90515,1.87699,1.028160,1,0,81.4974,0,0,0,81.4974,0
72.29,2.15635,0,0,4.12999,0.241424,1.73221,3.6288,61.308,0.379147,0,0,1.57391,0.234437,0.960331,0.66528,12.849,1,0.383275,1.73221,0,80.549,4.72742,77.1705,0.84672,12.849,0.84672,3695.15,0,18.483,0,1.73844,1.69115,7.01136,1.15484,9.28611,0.42336,18.483,0.42336,0,0,442.007,0,1.02816,0,0,2.7666,1.73844,1.028160,1,0,87.4169,0,0,0,87.4169,0
72.29,2.15642,0,0,3.68429,0.241424,1.28644,3.6288,61.308,0.379191,0,0,1.39754,0.234437,0.783909,0.66528,12.849,1,0.383287,1.28644,0,69.1813,4.72742,65.3571,0.84672,12.849,0.84672,3695.15,0,18.483,0,1.38365,1.66653,6.08863,1.15484,7.98398,0.42336,18.483,0.42336,0,0,442.007,0,1.02816,0,0,2.41181,1.38365,1.028160,1,0,74.125,0,0,0,74.125,0
72.29,2.15649,0,0,3.39484,0.224141,1.01421,3.6288,61.308,0.379236,0,0,1.28072,0.211682,0.689798,0.66528,12.849,1,0.383299,1.01421,0,64.5278,4.25558,60.9032,0.84672,12.849,0.84672,3695.15,0,18.483,0,1.23702,1.66658,5.48318,1.03517,7.35162,0.42336,18.483,0.42336,0,0,442.007,0,1.02816,0,0,2.26518,1.23702,1.028160,1,0,68.9446,0,0,0,68.9446,0
72.29,2.15656,0,0,3.22784,0.211178,0.860109,3.6288,61.308,0.379281,0,0,1.22424,0.194615,0.65034,0.66528,12.849,1,0.383312,0.860109,0,59.6049,3.9017,56.18,0.84672,12.849,0.84672,3695.15,0,18.483,0,1.44243,1.66664,5.4803,0.945413,7.64395,0.42336,18.483,0.42336,0,0,442.007,0,1.02816,0,0,2.47059,1.44243,1.028160,1,0,64.4743,0,0,0,64.4743,0
72.29,2.25893,0,0,3.37199,0.141552,0.971512,3.6288,61.308,0.455421,0,0,1.33415,0.252483,0.626242,0.66528,12.849,1,0.401507,0.971512,0,63.5417,4.58696,59.5247,0.84672,12.849,0.84672,3695.15,0,18.483,0,1.42742,1.66669,5.41479,1.15347,7.35543,0.42336,18.483,0.42336,0,0,442.007,0,1.02816,0,0,2.45558,1.42742,1.028160,1,0,67.5064,0,0,0,67.5064,0
72.29,2.259,0,0,3.04029,0.129948,0.651338,3.6288,61.308,0.455468,0,0,1.16515,0.262127,0.447552,0.66528,12.849,1,0.40152,0.651338,0,60.0095,4.70117,55.5581,0.84672,12.849,0.84672,3695.15,0,18.483,0,1.13007,1.75302,4.72219,1.18815,6.41712,0.42336,18.483,0.42336,0,0,442.007,0,1.02816,0,0,2.15823,1.13007,1.028160,1,0,62.4228,0,0,0,62.4228,0
72.29,2.25907,0,0,2.98216,0.129948,0.593137,3.6288,61.308,0.455515,0,0,1.07856,0.262127,0.360914,0.66528,12.849,1,0.401533,0.593137,0,56.3483,4.70117,51.8387,0.84672,12.849,0.84672,3695.15,0,18.483,0,0.910639,1.75307,4.35821,1.18815,5.83376,0.42336,18.483,0.42336,0,0,442.007,0,1.02816,0,0,1.9388,0.910639,1.028160,1,0,58.0334,0,0,0,58.0334,0
72.1476,2.25914,0,0,2.60233,0.12275,0.36288,3.6288,61.308,0.455562,0,0,1.00246,0.266849,0.280053,0.66528,12.849,1,0.401546,0.36288,0,50.3638,4.75471,45.5704,0.84672,12.849,0.84672,3695.15,0,18.483,0,0.782629,1.75313,4.21527,1.20183,5.54919,0.42336,18.483,0.42336,0,0,442.007,0,1.02816,0,0,1.81079,0.782629,1.028160,1,0,51.3996,0,0,0,51.3996,0
72.2281,2.25787,0,0,2.79308,0.0918292,0.36288,3.6288,61.308,0.45561,0,0,1.13161,0.308741,0.367257,0.66528,12.849,1,0.402111,0.36288,0,51.272,5.34854,45.8842,0.84672,12.849,0.84672,3695.15,0,18.483,0,1.15716,1.75318,5.31659,1.2926,6.93432,0.42336,18.483,0.42336,0,0,442.007,0,1.02816,0,0,2.18532,1.15716,1.028160,1,0,53.1858,0,0,0,53.1858,0
72.29,2.23847,0,0,2.85704,0.101157,0.455474,3.6288,61.308,0.497487,0,0,1.24013,0.318912,0.423735,0.66528,12.849,1,0.398213,0.455474,0,51.831,5.55292,46.3353,0.84672,12.849,0.84672,3695.15,0,18.483,0,1.42761,1.75324,6.01203,1.29911,7.89377,0.42336,18.483,0.42336,0,0,442.007,0,1.02816,0,0,2.45577,1.42761,1.028160,1,0,54.6529,0,0,0,54.6529,0
72.2454,2.23912,0,0,2.65861,0.101204,0.36288,3.6288,61.308,0.497535,0,0,1.15506,0.318912,0.338618,0.66528,12.849,1,0.397987,0.36288,0,47.1599,5.55292,41.5719,0.84672,12.849,0.84672,3695.15,0,18.483,0,1.19816,1.78018,5.88937,1.29911,7.56859,0.42336,18.483,0.42336,0,0,442.007,0,1.02816,0,0,2.22632,1.19816,1.028160,1,0,49.4791,0,0,0,49.4791,0
72.1309,2.23878,0,0,2.58829,0.10117,0.36288,3.6288,61.308,0.497584,0,0,1.0997,0.318912,0.283204,0.66528,12.849,1,0.398171,0.36288,0,42.2,5.55292,36.6118,0.84672,12.849,0.84672,3695.15,0,18.483,0,1.03111,1.78023,5.82832,1.29911,7.34055,0.42336,18.483,0.42336,0,0,442.007,0,1.02816,0,0,2.05927,1.03111,1.028160,1,0,44.2355,0,0,0,44.2355,0
71.9348,2.23777,0,0,2.4831,0.0785656,0.36288,3.6288,61.308,0.497632,0,0,1.08468,0.326571,0.260479,0.66528,12.849,1,0.398625,0.36288,0,40.0562,5.5476,34.4729,0.84672,12.849,0.84672,3695.15,0,18.483,0,0.964025,1.78029,5.81967,1.34631,7.21768,0.42336,18.483,0.42336,0,0,442.007,0,1.02816,0,0,1.99219,0.964025,1.028160,1,0,41.9511,0,0,0,41.9511,0
71.6995,2.28818,0,0,2.48961,0.0738032,0.36288,3.6288,61.308,0.534965,0,0,1.28642,0.286004,0.465449,0.66528,12.849,1,0.408715,0.36288,0,41.7875,5.08516,36.6565,0.84672,12.849,0.84672,3695.15,0,18.483,0,0.948007,1.78035,5.99943,1.18062,7.54716,0.42336,18.483,0.42336,0,0,442.007,0,1.02816,0,0,1.97617,0.948007,1.028160,1,0,44.6691,0,0,0,44.6691,0
71.3602,2.28598,0,0,2.37106,0.0615116,0.36288,3.6288,61.308,0.535015,0,0,1.17725,0.327835,0.314402,0.66528,12.849,1,0.409662,0.36288,0,39.9212,5.84567,34.0288,0.84672,12.849,0.84672,3695.15,0,18.483,0,1.15567,1.82325,5.04215,1.40788,6.61319,0.42336,18.483,0.42336,0,0,442.007,0,1.02816,0,0,2.18383,1.15567,1.028160,1,0,40.9564,0,0,0,40.9564,0
71.2921,2.28275,0,0,2.63889,0.0613525,0.36288,3.6288,61.308,0.535064,0,0,1.32228,0.327835,0.459384,0.66528,12.849,1,0.411028,0.36288,0,42.0243,5.84567,36.1305,0.84672,12.849,0.84672,3695.15,0,18.483,0,1.23733,1.8233,5.53697,1.40788,7.18972,0.42336,18.483,0.42336,0,0,442.007,0,1.02816,0,0,2.26549,1.23733,1.028160,1,0,43.7796,0,0,0,43.7796,0
70.9804,2.28216,0,0,2.3947,0.0613206,0.36288,3.6288,61.308,0.535114,0,0,1.15751,0.327835,0.294561,0.66528,12.849,1,0.411314,0.36288,0,46.3923,5.84567,40.4982,0.84672,12.849,0.84672,3695.15,0,18.483,0,0.898223,1.82336,5.41276,1.40788,6.72647,0.42336,18.483,0.42336,0,0,442.007,0,1.02816,0,0,1.92638,0.898223,1.028160,1,0,47.5192,0,0,0,47.5192,0
70.3794,2.43139,0,0,2.24867,0.0554215,0.36288,3.6288,61.308,0.66528,0,0,1.18379,0.320811,0.197702,0.66528,12.849,1,0.440134,0.36288,0,34.7538,5.59134,29.0852,0.84672,12.849,0.84672,3695.15,0,18.483,0,1.02559,1.82342,5.40207,1.45867,6.79242,0.42336,18.483,0.42336,0,0,442.007,0,1.02816,0,0,2.05375,1.02559,1.028160,1,0,36.0753,0,0,0,36.0753,0
70.0068,2.42513,0,0,2.46155,0.0461145,0.36288,3.6288,61.308,0.66528,0,0,1.4065,0.321627,0.41959,0.66528,12.849,1,0.442749,0.36288,0,37.746,5.5943,32.0718,0.84672,12.849,0.84672,3695.15,0,18.483,0,1.40635,1.96512,5.41945,1.4999,7.29102,0.42336,18.483,0.42336,0,0,442.007,0,1.02816,0,0,2.43451,1.40635,1.028160,1,0,39.7824,0,0,0,39.7824,0
69.1518,2.42123,0,0,1.975,0.0459822,0.36288,3.6288,61.308,0.66528,0,0,1.10596,0.321627,0.119056,0.66528,12.849,1,0.444391,0.36288,0,44.3975,5.5943,38.7217,0.84672,12.849,0.84672,3695.15,0,18.483,0,0.924757,1.96514,4.50188,1.4999,5.89188,0.42336,18.483,0.42336,0,0,442.007,0,1.02816,0,0,1.95292,0.924757,1.028160,1,0,44.7326,0,0,0,44.7326,0
68.6701,2.41209,0,0,2.33903,0.0456786,0.36288,3.6288,61.308,0.66528,0,0,1.68821,0.321627,0.701306,0.66528,12.849,1,0.448187,0.36288,0,38.1075,5.5943,32.4279,0.84672,12.849,0.84672,3695.15,0,18.483,0,1.9096,1.96516,6.08795,1.4999,8.46282,0.42336,18.483,0.42336,0,0,442.007,0,1.02816,0,0,2.93776,1.9096,1.028160,1,0,41.592,0,0,0,41.592,0
67.9767,2.4069,0,0,2.09926,0.0229135,0.36288,3.6288,61.308,0.66528,0,0,1.38312,0.326059,0.391778,0.66528,12.849,1,0.45036,0.36288,0,37.9631,5.59704,32.2786,0.84672,12.849,0.84672,3695.15,0,18.483,0,1.50151,1.96519,7.62407,1.48146,9.6093,0.42336,18.483,0.42336,0,0,442.007,0,1.02816,0,0,2.52967,1.50151,1.028160,1,0,42.2797,0,0,0,42.2797,0
67.5401,2.3261,0,0,2.31265,0.0603086,0.36288,3.6288,61.308,0.588321,0,0,1.42119,0.283664,0.5492,0.66528,12.849,1,0.439681,0.36288,0,33.2715,5.2142,27.9805,0.84672,12.849,0.84672,3695.15,0,18.483,0,1.33572,1.96521,6.7722,1.32411,8.74902,0.42336,18.483,0.42336,0,0,442.007,0,1.02816,0,0,2.36388,1.33572,1.028160,1,0,37.2787,0,0,0,37.2787,0
67.8551,2.32144,0,0,3.05944,0.060102,0.36288,3.6288,61.308,0.588372,0,0,1.8489,0.283664,0.976864,0.66528,12.849,1,0.441637,0.36288,0,48.4338,5.2142,43.1408,0.84672,12.849,0.84672,3695.15,0,18.483,0,2.24306,1.88573,9.72207,1.32411,12.5267,0.42336,18.483,0.42336,0,0,442.007,0,1.02816,0,0,3.27122,2.24306,1.028160,1,0,56.6444,0,0,0,56.6444,0
69.0885,2.32494,0,0,3.98149,0.060251,0.36288,3.6288,61.308,0.588424,0,0,2.61622,0.283664,1.74413,0.66528,12.849,1,0.440249,0.36288,0,94.8344,5.2142,89.5428,0.84672,12.849,0.84672,3695.15,0,18.483,0,3.55534,1.88579,11.5452,1.32411,15.6622,0.42336,18.483,0.42336,0,0,442.007,0,1.02816,0,0,4.5835,3.55534,1.028160,1,0,106.949,0,0,0,106.949,0
69.6089,2.3382,0,0,3.36993,0.14844,0.36288,3.6288,61.308,0.588475,0,0,1.66487,0.255308,0.821085,0.66528,12.849,1,0.434855,0.36288,0,67.5215,5.14917,62.3004,0.84672,12.849,0.84672,3695.15,0,18.483,0,1.86933,1.88585,6.85316,1.3533,9.25504,0.42336,18.483,0.42336,0,0,442.007,0,1.02816,0,0,2.89749,1.86933,1.028160,1,0,72.3765,0,0,0,72.3765,0
70.3777,2.28319,0,0,3.59702,0.182141,0.36288,3.6288,61.308,0.514143,0,0,1.70585,0.158998,1.03271,0.66528,12.849,1,0.421451,0.36288,0,59.015,3.77559,55.1808,0.84672,12.849,0.84672,3695.15,0,18.483,0,3.05934,1.88591,14.7449,0.851893,18.8382,0.42336,18.483,0.42336,0,0,442.007,0,1.02816,0,0,4.0875,3.05934,1.028160,1,0,75.0518,0,0,0,75.0518,0
70.8213,2.29103,0,0,3.28074,0.183226,0.36288,3.6288,61.308,0.514191,0,0,1.67436,0.158998,1.00117,0.66528,12.849,1,0.418278,0.36288,0,80.3226,3.77559,76.4916,0.84672,12.849,0.84672,3695.15,0,18.483,0,2.51994,1.81204,14.5657,0.851893,18.0458,0.42336,18.483,0.42336,0,0,442.007,0,1.02816,0,0,3.5481,2.51994,1.028160,1,0,95.5386,0,0,0,95.5386,0
72.29,2.29554,0,0,4.41141,0.183852,0.463352,3.6288,61.308,0.51424,0,0,3.07149,0.158998,2.39825,0.66528,12.849,1,0.416475,0.463352,0,93.6818,3.77559,89.9531,0.84672,12.849,0.84672,3695.15,0,18.483,0,3.26357,1.8121,16.3768,0.851893,20.6006,0.42336,18.483,0.42336,0,0,442.007,0,1.02816,0,0,4.29173,3.26357,1.028160,1,0,112.952,0,0,0,112.952,0
72.29,2.31,0,0,5.81171,0.266047,3.23566,3.6288,61.308,0.514289,0,0,2.69371,0.186924,1.9925,0.66528,12.849,1,0.410586,3.23566,0,114.42,4.46103,112.784,0.84672,12.849,0.84672,3695.15,0,18.483,0,3.75215,1.81216,17.7406,1.11441,22.1905,0.42336,18.483,0.42336,0,0,442.007,0,1.02816,0,0,4.78031,3.75215,1.028160,1,0,136.967,0,0,0,136.967,0
72.29,2.1361,0,0,6.94952,0.267767,4.54566,3.6288,61.308,0.359399,0,0,3.86357,0.212602,3.29157,0.66528,12.849,1,0.379676,4.54566,0,116.674,4.35918,116.48,0.84672,12.849,0.84672,3695.15,0,18.483,0,6.62741,1.81222,22.1384,1.19392,29.3841,0.42336,18.483,0.42336,0,0,442.007,0,1.02816,0,0,7.65557,6.62741,1.028160,1,0,149.156,0,0,0,149.156,0
72.29,2.13617,0,0,12.888,0.268454,10.4834,3.6288,61.308,0.359444,0,0,8.37286,0.222873,7.79054,0.66528,12.849,1,0.379688,10.4834,0,195.998,4.31844,201.783,0.84672,12.849,0.84672,3695.15,0,18.483,0,7.7606,1.64583,31.2559,1.22573,39.4366,0.42336,18.483,0.42336,0,0,442.007,0,1.02816,0,0,8.78876,7.7606,1.028160,1,0,249.01,0,0,0,249.01,0
72.29,2.13624,0,0,17.3034,0.259573,14.9076,3.6288,61.308,0.359488,0,0,31.1507,0.257959,30.5333,0.66528,12.849,1,0.3797,14.9076,0,456.735,4.44789,466.815,0.84672,12.849,0.84672,3695.15,0,18.483,0,9.59092,1.64589,60.8285,1.32562,70.7397,0.42336,18.483,0.42336,0,0,442.007,0,1.02816,0,0,10.6191,9.59092,1.028160,1,0,568.088,0,0,0,568.088,0
72.29,2.1363,0,0,10.9924,0.245912,8.6102,3.6288,61.308,0.359531,0,0,18.469,0.21626,17.8932,0.66528,12.849,1,0.379712,8.6102,0,235.094,3.79578,239.528,0.84672,12.849,0.84672,3695.15,0,18.483,0,4.96671,1.64594,37.3904,1.10502,42.898,0.42336,18.483,0.42336,0,0,442.007,0,1.02816,0,0,5.99487,4.96671,1.028160,1,0,300.319,0,0,0,300.319,0
72.29,2.13637,0,0,9.24229,0.268103,6.83782,3.6288,61.308,0.359575,0,0,6.92343,0.221078,6.34278,0.66528,12.849,1,0.379724,6.83782,0,236.037,4.10097,238.394,0.84672,12.849,0.84672,3695.15,0,18.483,0,8.79595,1.64599,33.4235,1.22201,42.6434,0.42336,18.483,0.42336,0,0,442.007,0,1.02816,0,0,9.82411,8.79595,1.028160,1,0,287.38,0,0,0,287.38,0
72.29,2.20336,0,0,9.50867,0.271284,7.03402,3.6288,61.308,0.404489,0,0,5.15558,0.254024,4.49707,0.66528,12.849,1,0.391631,7.03402,0,253.797,5.01028,255.429,0.84672,12.849,0.84672,3695.15,0,18.483,0,5.42794,1.64604,24.6974,1.47855,30.2929,0.42336,18.483,0.42336,0,0,442.007,0,1.02816,0,0,6.4561,5.42794,1.028160,1,0,290.219,0,0,0,290.219,0
72.29,2.20342,0,0,11.8417,0.271284,9.36702,3.6288,61.308,0.404525,0,0,7.17346,0.254024,6.51491,0.66528,12.849,1,0.391641,9.36702,0,264.5,5.01028,268.465,0.84672,12.849,0.84672,3695.15,0,18.483,0,7.09465,1.69874,29.2613,1.47855,36.5761,0.42336,18.483,0.42336,0,0,442.007,0,1.02816,0,0,8.12281,7.09465,1.028160,1,0,311.556,0,0,0,311.556,0
72.29,2.20348,0,0,19.2333,0.271284,16.7586,3.6288,61.308,0.404562,0,0,11.0792,0.254024,10.4206,0.66528,12.849,1,0.391651,16.7586,0,335.716,5.01028,347.072,0.84672,12.849,0.84672,3695.15,0,18.483,0,9.56526,1.69878,39.6434,1.47855,49.4289,0.42336,18.483,0.42336,0,0,442.007,0,1.02816,0,0,10.5934,9.56526,1.028160,1,0,406.922,0,0,0,406.922,0
72.29,2.20353,0,0,13.7201,0.256035,11.2606,3.6288,61.308,0.404598,0,0,11.5269,0.267647,10.8546,0.66528,12.849,1,0.391661,11.2606,0,517.415,4.72278,523.561,0.84672,12.849,0.84672,3695.15,0,18.483,0,9.97082,1.69883,40.5321,1.29113,50.9107,0.42336,18.483,0.42336,0,0,442.007,0,1.02816,0,0,10.999,9.97082,1.028160,1,0,585.326,0,0,0,585.326,0
72.29,2.41852,0,0,6.79571,0.29514,4.08204,3.6288,61.308,0.573101,0,0,4.45204,0.18945,3.68949,0.66528,12.849,1,0.429874,4.08204,0,206.027,4.37421,205.305,0.84672,12.849,0.84672,3695.15,0,18.483,0,5.558,1.69887,17.0269,1.25259,23.0312,0.42336,18.483,0.42336,0,0,442.007,0,1.02816,0,0,6.58616,5.558,1.028160,1,0,232.026,0,0,0,232.026,0
72.29,2.41858,0,0,7.44077,0.330346,4.69184,3.6288,61.308,0.573142,0,0,5.12427,0.22474,4.32639,0.66528,12.849,1,0.429885,4.69184,0,161.737,4.74951,161.25,0.84672,12.849,0.84672,3695.15,0,18.483,0,5.59735,1.88681,18.9963,1.38363,25.0968,0.42336,18.483,0.42336,0,0,442.007,0,1.02816,0,0,6.62551,5.59735,1.028160,1,0,190.673,0,0,0,190.673,0
72.29,2.41864,0,0,10.3122,0.344316,7.54922,3.6288,61.308,0.573183,0,0,9.29457,0.242219,8.47916,0.66528,12.849,1,0.429896,7.54922,0,280.308,4.87704,282.551,0.84672,12.849,0.84672,3695.15,0,18.483,0,7.50393,1.88685,32.6975,1.42815,40.6601,0.42336,18.483,0.42336,0,0,442.007,0,1.02816,0,0,8.53209,7.50393,1.028160,1,0,331.69,0,0,0,331.69,0
72.29,2.41871,0,0,9.94697,0.344316,7.18395,3.6288,61.308,0.573224,0,0,6.57501,0.242219,5.75957,0.66528,12.849,1,0.429907,7.18395,0,315.996,4.87704,317.873,0.84672,12.849,0.84672,3695.15,0,18.483,0,7.50799,1.8869,25.8625,1.42815,33.8293,0.42336,18.483,0.42336,0,0,442.007,0,1.02816,0,0,8.53615,7.50799,1.028160,1,0,357.462,0,0,0,357.462,0
72.29,2.11217,0,0,6.61929,0.325945,4.18117,3.6288,61.308,0.347158,0,0,3.40836,0.181331,2.87987,0.66528,12.849,1,0.375423,4.18117,0,138.605,4.13283,138.278,0.84672,12.849,0.84672,3695.15,0,18.483,0,5.637,1.88695,18.54,1.03273,25.0312,0.42336,18.483,0.42336,0,0,442.007,0,1.02816,0,0,6.66516,5.637,1.028160,1,0,166.189,0,0,0,166.189,0
72.29,2.11223,0,0,4.85521,0.322884,2.4201,3.6288,61.308,0.347193,0,0,2.51516,0.171183,1.99679,0.66528,12.849,1,0.375432,2.4201,0,92.5335,4.00879,90.5694,0.84672,12.849,0.84672,3695.15,0,18.483,0,4.0268,1.62995,12.3605,0.966823,17.0504,0.42336,18.483,0.42336,0,0,442.007,0,1.02816,0,0,5.05496,4.0268,1.028160,1,0,109.617,0,0,0,109.617,0
72.29,2.11228,0,0,6.06621,0.322884,3.63105,3.6288,61.308,0.347228,0,0,3.30379,0.171183,2.78538,0.66528,12.849,1,0.375442,3.63105,0,122.665,4.00879,121.911,0.84672,12.849,0.84672,3695.15,0,18.483,0,5.46426,1.62999,14.0606,0.966823,20.1881,0.42336,18.483,0.42336,0,0,442.007,0,1.02816,0,0,6.49242,5.46426,1.028160,1,0,144.885,0,0,0,144.885,0
72.29,2.11234,0,0,8.15581,0.319469,5.72401,3.6288,61.308,0.347263,0,0,4.13507,0.142547,3.64526,0.66528,12.849,1,0.375452,5.72401,0,191.288,3.56052,193.076,0.84672,12.849,0.84672,3695.15,0,18.483,0,8.29734,1.63003,21.2712,0.890048,30.3086,0.42336,18.483,0.42336,0,0,442.007,0,1.02816,0,0,9.3255,8.29734,1.028160,1,0,227.03,0,0,0,227.03,0
72.29,2.11239,0,0,8.07685,0.304598,5.65986,3.6288,61.308,0.347298,0,0,3.70146,0.128162,3.226,0.66528,12.849,1,0.375461,5.65986,0,205.763,3.28824,207.759,0.84672,12.849,0.84672,3695.15,0,18.483,0,7.0907,1.63007,21.9384,0.778223,29.881,0.42336,18.483,0.42336,0,0,442.007,0,1.02816,0,0,8.11886,7.0907,1.028160,1,0,240.866,0,0,0,240.866,0
72.29,2.18963,0,0,7.17025,0.286592,4.69403,3.6288,61.308,0.402654,0,0,3.42313,0.124254,2.89623,0.66528,12.849,1,0.38919,4.69403,0,142.996,3.16428,144.137,0.84672,12.849,0.84672,3695.15,0,18.483,0,5.43826,1.63012,24.5362,0.670071,30.9345,0.42336,18.483,0.42336,0,0,442.007,0,1.02816,0,0,6.46642,5.43826,1.028160,1,0,177.968,0,0,0,177.968,0
72.29,2.18968,0,0,6.44751,0.286592,3.97124,3.6288,61.308,0.402691,0,0,3.07995,0.124254,2.55301,0.66528,12.849,1,0.3892,3.97124,0,119.236,3.16428,119.654,0.84672,12.849,0.84672,3695.15,0,18.483,0,4.79121,1.69363,20.2211,0.670071,26.0359,0.42336,18.483,0.42336,0,0,442.007,0,1.02816,0,0,5.81937,4.79121,1.028160,1,0,148.243,0,0,0,148.243,0
72.29,2.18974,0,0,6.55906,0.260876,4.10844,3.6288,61.308,0.402727,0,0,3.14925,0.127605,2.61891,0.66528,12.849,1,0.389209,4.10844,0,138.728,2.959,139.488,0.84672,12.849,0.84672,3695.15,0,18.483,0,6.17967,1.69367,21.6667,0.750708,28.7893,0.42336,18.483,0.42336,0,0,442.007,0,1.02816,0,0,7.20783,6.17967,1.028160,1,0,170.897,0,0,0,170.897,0
72.29,2.18979,0,0,6.5079,0.24978,4.06832,3.6288,61.308,0.402764,0,0,2.37706,0.134346,1.83995,0.66528,12.849,1,0.389219,4.06832,0,131.762,2.98965,132.451,0.84672,12.849,0.84672,3695.15,0,18.483,0,3.95933,1.69372,20.716,0.802921,25.5661,0.42336,18.483,0.42336,0,0,442.007,0,1.02816,0,0,4.98749,3.95933,1.028160,1,0,159.857,0,0,0,159.857,0
72.29,2.15967,0,0,6.38971,0.213203,4.01684,3.6288,61.308,0.381312,0,0,3.25414,0.182138,2.69069,0.66528,12.849,1,0.383865,4.01684,0,111.454,3.82945,111.258,0.84672,12.849,0.84672,3695.15,0,18.483,0,3.66855,1.69376,16.9586,0.937309,21.3836,0.42336,18.483,0.42336,0,0,442.007,0,1.02816,0,0,4.69671,3.66855,1.028160,1,0,135.332,0,0,0,135.332,0
72.29,2.15972,0,0,5.67693,0.210469,3.30674,3.6288,61.308,0.381348,0,0,2.8315,0.192758,2.2574,0.66528,12.849,1,0.383875,3.30674,0,98.7371,4.13488,97.525,0.84672,12.849,0.84672,3695.15,0,18.483,0,3.5807,1.66909,15.7564,0.934102,20.0721,0.42336,18.483,0.42336,0,0,442.007,0,1.02816,0,0,4.60886,3.5807,1.028160,1,0,119.855,0,0,0,119.855,0
72.29,2.15978,0,0,5.26092,0.182224,2.91892,3.6288,61.308,0.381384,0,0,2.50076,0.202119,1.91726,0.66528,12.849,1,0.383884,2.91892,0,90.9636,4.21827,89.2804,0.84672,12.849,0.84672,3695.15,0,18.483,0,3.5066,1.66914,14.3458,0.939925,18.5816,0.42336,18.483,0.42336,0,0,442.007,0,1.02816,0,0,4.53476,3.5066,1.028160,1,0,109.779,0,0,0,109.779,0
72.29,2.15983,0,0,4.89504,0.182224,2.55298,3.6288,61.308,0.381419,0,0,2.49505,0.202119,1.91151,0.66528,12.849,1,0.383894,2.55298,0,83.166,4.21827,81.1169,0.84672,12.849,0.84672,3695.15,0,18.483,0,3.52368,1.66918,13.6332,0.939925,17.8862,0.42336,18.483,0.42336,0,0,442.007,0,1.02816,0,0,4.55184,3.52368,1.028160,1,0,100.915,0,0,0,100.915,0
72.29,2.26235,0,0,4.70623,0.15632,2.28756,3.6288,61.308,0.457667,0,0,2.42317,0.197773,1.76773,0.66528,12.849,1,0.402115,2.28756,0,80.9974,4.26544,78.6174,0.84672,12.849,0.84672,3695.15,0,18.483,0,3.0888,1.66922,12.8553,0.932647,16.6807,0.42336,18.483,0.42336,0,0,442.007,0,1.02816,0,0,4.11696,3.0888,1.028160,1,0,97.0658,0,0,0,97.0658,0
72.29,2.26241,0,0,5.6089,0.145958,3.20053,3.6288,61.308,0.457704,0,0,3.00709,0.196034,2.35335,0.66528,12.849,1,0.402125,3.20053,0,97.6985,4.28432,96.2126,0.84672,12.849,0.84672,3695.15,0,18.483,0,3.01118,1.75567,17.526,0.929736,21.3631,0.42336,18.483,0.42336,0,0,442.007,0,1.02816,0,0,4.03934,3.01118,1.028160,1,0,119.929,0,0,0,119.929,0
72.29,2.26246,0,0,5.48822,0.145958,3.0798,3.6288,61.308,0.457742,0,0,2.54971,0.196034,1.89593,0.66528,12.849,1,0.402136,3.0798,0,81.5244,4.28432,79.9178,0.84672,12.849,0.84672,3695.15,0,18.483,0,2.83521,1.75571,11.6113,0.929736,15.2725,0.42336,18.483,0.42336,0,0,442.007,0,1.02816,0,0,3.86337,2.83521,1.028160,1,0,97.0862,0,0,0,97.0862,0
72.29,2.26252,0,0,4.46576,0.145958,2.05728,3.6288,61.308,0.45778,0,0,2.27158,0.196034,1.61776,0.66528,12.849,1,0.402146,2.05728,0,66.217,4.28432,63.5878,0.84672,12.849,0.84672,3695.15,0,18.483,0,2.53621,1.75576,10.5929,0.929736,13.9551,0.42336,18.483,0.42336,0,0,442.007,0,1.02816,0,0,3.56437,2.53621,1.028160,1,0,79.1607,0,0,0,79.1607,0
72.29,2.26258,0,0,3.96986,0.154515,1.55276,3.6288,61.308,0.457818,0,0,1.92135,0.20767,1.25586,0.66528,12.849,1,0.402156,1.55276,0,61.6419,4.53375,58.2588,0.84672,12.849,0.84672,3695.15,0,18.483,0,2.05211,1.7558,9.36757,0.997983,12.1775,0.42336,18.483,0.42336,0,0,442.007,0,1.02816,0,0,3.08027,2.05211,1.028160,1,0,71.6921,0,0,0,71.6921,0
72.29,2.24237,0,0,3.68169,0.0992648,1.34006,3.6288,61.308,0.499748,0,0,1.6788,0.248089,0.930958,0.66528,12.849,1,0.398564,1.34006,0,60.5706,5.05866,56.4535,0.84672,12.849,0.84672,3695.15,0,18.483,0,1.7022,1.75585,9.57882,1.14611,11.8908,0.42336,18.483,0.42336,0,0,442.007,0,1.02816,0,0,2.73036,1.7022,1.028160,1,0,69.2752,0,0,0,69.2752,0
72.29,2.24243,0,0,3.41407,0.0882215,1.08342,3.6288,61.308,0.499787,0,0,1.65885,0.25224,0.906818,0.66528,12.849,1,0.398575,1.08342,0,55.3942,5.09071,50.9884,0.84672,12.849,0.84672,3695.15,0,18.483,0,1.59107,1.78281,9.03623,1.15563,11.2545,0.42336,18.483,0.42336,0,0,442.007,0,1.02816,0,0,2.61923,1.59107,1.028160,1,0,63.1497,0,0,0,63.1497,0
72.29,2.24249,0,0,3.17552,0.088155,0.84488,3.6288,61.308,0.499826,0,0,1.66637,0.25224,0.914305,0.66528,12.849,1,0.398585,0.84488,0,51.233,5.09071,46.5885,0.84672,12.849,0.84672,3695.15,0,18.483,0,1.72397,1.78286,8.55014,1.15563,10.9013,0.42336,18.483,0.42336,0,0,442.007,0,1.02816,0,0,2.75213,1.72397,1.028160,1,0,58.4042,0,0,0,58.4042,0
72.29,2.24254,0,0,3.072,0.0855158,0.743946,3.6288,61.308,0.499865,0,0,1.596,0.272809,0.823324,0.66528,12.849,1,0.398595,0.743946,0,47.8597,5.34969,42.8554,0.84672,12.849,0.84672,3695.15,0,18.483,0,1.62951,1.78291,8.24774,1.21776,10.4424,0.42336,18.483,0.42336,0,0,442.007,0,1.02816,0,0,2.65767,1.62951,1.028160,1,0,54.1211,0,0,0,54.1211,0
72.29,2.29494,0,0,2.79365,0.0769748,0.421737,3.6288,61.308,0.537243,0,0,1.1568,0.311188,0.30837,0.66528,12.849,1,0.407908,0.421737,0,46.0615,5.95413,40.1212,0.84672,12.849,0.84672,3695.15,0,18.483,0,0.375494,1.78295,5.71071,1.3791,6.49005,0.42336,18.483,0.42336,0,0,442.007,0,1.02816,0,0,1.40365,0.375494,1.028160,1,0,46.9196,0,0,0,46.9196,0
72.2028,2.295,0,0,2.64768,0.0769748,0.36288,3.6288,61.308,0.537283,0,0,1.03491,0.311188,0.186437,0.66528,12.849,1,0.407918,0.36288,0,40.699,5.95413,34.6998,0.84672,12.849,0.84672,3695.15,0,18.483,0,0.512317,1.8259,5.96473,1.3791,6.92385,0.42336,18.483,0.42336,0,0,442.007,0,1.02816,0,0,1.54048,0.512317,1.028160,1,0,41.8101,0,0,0,41.8101,0
71.9439,2.29422,0,0,2.4751,0.0769239,0.36288,3.6288,61.308,0.537323,0,0,0.957511,0.311188,0.109,0.66528,12.849,1,0.408272,0.36288,0,38.699,5.95413,32.6995,0.84672,12.849,0.84672,3695.15,0,18.483,0,0.379763,1.82595,5.23384,1.3791,6.06044,0.42336,18.483,0.42336,0,0,442.007,0,1.02816,0,0,1.40792,0.379763,1.028160,1,0,38.8689,0,0,0,38.8689,0
71.6543,2.29178,0,0,2.44183,0.0767727,0.36288,3.6288,61.308,0.537363,0,0,1.03596,0.311188,0.187411,0.66528,12.849,1,0.409306,0.36288,0,35.9089,5.95413,29.9083,0.84672,12.849,0.84672,3695.15,0,18.483,0,0.474647,1.826,5.91888,1.3791,6.84042,0.42336,18.483,0.42336,0,0,442.007,0,1.02816,0,0,1.50281,0.474647,1.028160,1,0,36.9362,0,0,0,36.9362,0
71.1956,2.44191,0,0,2.42366,0.077559,0.36288,3.6288,61.2423,0.66528,0,0,0.90078,0.301246,0,0.66528,12.849,1,0.437881,0.36288,0,31.3591,5.97783,25.3062,0.84672,12.849,0.84672,3695.15,0,18.483,0,0.257627,1.82604,6.28193,1.39846,6.96714,0.42336,18.483,0.42336,0,0,442.007,0,1.02816,0,0,1.28579,0.257627,1.028160,1,0,32.2734,0,0,0,32.2734,0
70.712,2.43719,0,0,2.39887,0.0824566,0.36288,3.6288,61.0446,0.718943,0,0,0.822632,0.301347,0,0.66528,12.849,1,0.439851,0.36288,0,29.0686,5.93723,23.0544,0.84672,12.849,0.84672,3695.15,0,18.483,0,0.227405,1.96606,4.63742,1.39378,5.43711,0.42336,18.483,0.42336,0,0,442.007,0,0.974497,0,0,1.2019,0.227405,1.028160,1,0,28.4915,0,0,0,28.4915,0
69.8102,2.43217,0,0,1.97542,0.0821515,0.36288,3.6288,60.6008,0.858851,0,0,0.715997,0.30097,0,0.66528,12.849,1,0.441947,0.36288,0,36.0869,5.93723,30.0706,0.84672,12.849,0.84672,3695.15,0,18.483,0,0.227405,1.96608,4.13728,1.39378,4.93699,0.42336,18.483,0.42336,0,0,442.007,0,0.834589,0,0,1.06199,0.227405,1.028160,1,0,35.0076,0,0,0,35.0076,0
69.1284,2.42262,0,0,2.18533,0.0815826,0.36288,3.6288,60.6189,0.66528,0,0,0.983552,0.300125,0,0.66528,12.849,1,0.445899,0.36288,0,30.9396,5.93723,24.9193,0.84672,12.849,0.84672,3695.15,0,18.483,0,0.362085,1.9661,4.94415,1.39378,5.87856,0.42336,18.483,0.42336,0,0,442.007,0,1.02816,0,0,1.39025,0.362085,1.028160,1,0,30.7979,0,0,0,30.7979,0
68.6074,2.4153,0,0,2.34059,0.0834655,0.36288,3.6288,60.7215,0.66528,0,0,1.0718,0.303983,0,0.66528,12.849,1,0.448936,0.36288,0,50.2377,5.90582,44.2458,0.84672,12.849,0.84672,3695.15,0,18.483,0,0.471329,1.96611,6.10915,1.40727,7.13932,0.42336,18.483,0.42336,0,0,442.007,0,1.02816,0,0,1.49949,0.471329,1.028160,1,0,51.3852,0,0,0,51.3852,0
70.1061,2.33614,0,0,4.28666,0.0888864,0.36288,3.6288,61.308,0.590586,0,0,2.48249,0.313748,0.99161,0.66528,12.849,1,0.437519,0.36288,0,64.9491,5.82729,59.0472,0.84672,12.849,0.84672,3695.15,0,18.483,0,1.91548,1.96613,9.98387,1.44102,12.4245,0.42336,18.483,0.42336,0,0,442.007,0,1.02816,0,0,2.94364,1.91548,1.028160,1,0,72.4633,0,0,0,72.4633,0
70.5366,2.35196,0,0,3.23525,0.0899263,0.36288,3.6288,61.308,0.590627,0,0,1.96152,0.314916,1.05598,0.66528,12.849,1,0.431066,0.36288,0,96.0647,5.82729,90.1692,0.84672,12.849,0.84672,3695.15,0,18.483,0,1.79356,1.88837,7.74732,1.44102,9.98822,0.42336,18.483,0.42336,0,0,442.007,0,1.02816,0,0,2.82172,1.79356,1.028160,1,0,101.213,0,0,0,101.213,0
69.8844,2.35646,0,0,2.1574,0.0902249,0.36288,3.6288,61.308,0.590668,0,0,1.49265,0.314916,0.587062,0.66528,12.849,1,0.429255,0.36288,0,60.2619,5.82729,54.3683,0.84672,12.849,0.84672,3695.15,0,18.483,0,0.74031,1.88842,5.22862,1.44102,6.41632,0.42336,18.483,0.42336,0,0,442.007,0,1.02816,0,0,1.76847,0.74031,1.028160,1,0,61.3716,0,0,0,61.3716,0
71.2569,2.34978,0,0,4.23403,0.148929,0.36288,3.6288,61.308,0.590709,0,0,2.22528,0.317995,1.31657,0.66528,12.849,1,0.432032,0.36288,0,70.5219,5.45834,64.9944,0.84672,12.849,0.84672,3695.15,0,18.483,0,1.6199,1.88846,8.18668,1.3656,10.3294,0.42336,18.483,0.42336,0,0,442.007,0,1.02816,0,0,2.64806,1.6199,1.028160,1,0,76.6405,0,0,0,76.6405,0
72.29,2.30287,0,0,4.64825,0.208873,1.1034,3.6288,61.308,0.516265,0,0,1.85268,0.25133,1.08509,0.66528,12.849,1,0.415251,1.1034,0,73.8765,4.28144,70.2832,0.84672,12.849,0.84672,3695.15,0,18.483,0,2.03601,1.88851,12.1471,1.09334,14.9782,0.42336,18.483,0.42336,0,0,442.007,0,1.02816,0,0,3.06417,2.03601,1.028160,1,0,86.3465,0,0,0,86.3465,0
72.29,2.31302,0,0,2.90607,0.210633,0.382419,3.6288,61.308,0.516304,0,0,2.75149,0.23742,1.99777,0.66528,12.849,1,0.411122,0.382419,0,106.643,4.13375,102.48,0.84672,12.849,0.84672,3695.15,0,18.483,0,2.92726,1.81454,11.1958,1.06355,14.874,0.42336,18.483,0.42336,0,0,442.007,0,1.02816,0,0,3.95542,2.92726,1.028160,1,0,119.352,0,0,0,119.352,0
72.0729,2.31308,0,0,2.66947,0.210633,0.36288,3.6288,61.308,0.516343,0,0,1.41083,0.23742,0.657062,0.66528,12.849,1,0.411132,0.36288,0,80.786,4.13375,76.604,0.84672,12.849,0.84672,3695.15,0,18.483,0,0.715003,1.81458,6.54445,1.06355,8.01049,0.42336,18.483,0.42336,0,0,442.007,0,1.02816,0,0,1.74316,0.715003,1.028160,1,0,85.2715,0,0,0,85.2715,0
72.29,2.31103,0,0,3.71484,0.232855,0.953831,3.6288,61.308,0.516383,0,0,2.53687,0.263187,1.7573,0.66528,12.849,1,0.412006,0.953831,0,121.001,4.68473,116.859,0.84672,12.849,0.84672,3695.15,0,18.483,0,2.08732,1.81463,10.8137,1.21893,13.4967,0.42336,18.483,0.42336,0,0,442.007,0,1.02816,0,0,3.11548,2.08732,1.028160,1,0,132.113,0,0,0,132.113,0
72.29,2.13899,0,0,4.43211,0.267091,2.02603,3.6288,61.308,0.361274,0,0,2.73011,0.262257,2.10658,0.66528,12.849,1,0.380189,2.02603,0,93.318,4.82154,90.1424,0.84672,12.849,0.84672,3695.15,0,18.483,0,2.63941,1.81468,12.6357,1.23208,15.8577,0.42336,18.483,0.42336,0,0,442.007,0,1.02816,0,0,3.66757,2.63941,1.028160,1,0,108.107,0,0,0,108.107,0
72.29,2.13904,0,0,6.3215,0.270511,3.91195,3.6288,61.308,0.361309,0,0,3.53468,0.24359,2.92978,0.66528,12.849,1,0.380198,3.91195,0,118.837,4.53022,117.839,0.84672,12.849,0.84672,3695.15,0,18.483,0,2.44352,1.64806,16.5421,1.17332,19.4603,0.42336,18.483,0.42336,0,0,442.007,0,1.02816,0,0,3.47168,2.44352,1.028160,1,0,140.229,0,0,0,140.229,0
72.29,2.1391,0,0,8.14035,0.270511,5.73074,3.6288,61.308,0.361345,0,0,3.85706,0.24359,3.25213,0.66528,12.849,1,0.380208,5.73074,0,203.513,4.53022,204.334,0.84672,12.849,0.84672,3695.15,0,18.483,0,2.40112,1.6481,20.4012,1.17332,23.2771,0.42336,18.483,0.42336,0,0,442.007,0,1.02816,0,0,3.42928,2.40112,1.028160,1,0,230.863,0,0,0,230.863,0
72.29,2.13915,0,0,6.36736,0.270511,3.9577,3.6288,61.308,0.36138,0,0,3.80848,0.24359,3.20351,0.66528,12.849,1,0.380218,3.9577,0,160.368,4.53022,159.415,0.84672,12.849,0.84672,3695.15,0,18.483,0,1.79918,1.64814,16.4868,1.17332,18.7609,0.42336,18.483,0.42336,0,0,442.007,0,1.02816,0,0,2.82734,1.79918,1.028160,1,0,181.38,0,0,0,181.38,0
72.29,2.1392,0,0,4.96235,0.281956,2.54119,3.6288,61.308,0.361416,0,0,3.24994,0.225841,2.66269,0.66528,12.849,1,0.380227,2.54119,0,119.394,4.23423,117.321,0.84672,12.849,0.84672,3695.15,0,18.483,0,2.07155,1.64818,11.3689,1.09924,13.9894,0.42336,18.483,0.42336,0,0,442.007,0,1.02816,0,0,3.09971,2.07155,1.028160,1,0,133.973,0,0,0,133.973,0
72.29,2.20627,0,0,11.3049,0.281266,8.81738,3.6288,61.308,0.40638,0,0,6.60094,0.240366,5.9542,0.66528,12.849,1,0.392148,8.81738,0,268.786,4.83294,272.378,0.84672,12.849,0.84672,3695.15,0,18.483,0,3.37601,1.64823,22.5601,1.27444,26.3099,0.42336,18.483,0.42336,0,0,442.007,0,1.02816,0,0,4.40417,3.37601,1.028160,1,0,304.642,0,0,0,304.642,0
72.29,2.20631,0,0,13.0178,0.281266,10.5302,3.6288,61.308,0.406407,0,0,11.9882,0.240366,11.3414,0.66528,12.849,1,0.392156,10.5302,0,408.072,4.83294,413.378,0.84672,12.849,0.84672,3695.15,0,18.483,0,5.72085,1.70098,27.8529,1.27444,34.0002,0.42336,18.483,0.42336,0,0,442.007,0,1.02816,0,0,6.74901,5.72085,1.028160,1,0,458.719,0,0,0,458.719,0
72.29,2.20636,0,0,7.1082,0.281266,4.62057,3.6288,61.308,0.406435,0,0,8.09195,0.240366,7.44515,0.66528,12.849,1,0.392163,4.62057,0,278.205,4.83294,277.6,0.84672,12.849,0.84672,3695.15,0,18.483,0,3.04493,1.70101,18.1145,1.27444,21.586,0.42336,18.483,0.42336,0,0,442.007,0,1.02816,0,0,4.07309,3.04493,1.028160,1,0,306.631,0,0,0,306.631,0
72.29,2.2064,0,0,7.71419,0.320049,5.18774,3.6288,61.308,0.406463,0,0,4.74084,0.174946,4.15943,0.66528,12.849,1,0.392171,5.18774,0,155.93,4.24956,156.476,0.84672,12.849,0.84672,3695.15,0,18.483,0,1.81191,1.70105,18.2587,1.10136,20.6703,0.42336,18.483,0.42336,0,0,442.007,0,1.02816,0,0,2.84007,1.81191,1.028160,1,0,181.305,0,0,0,181.305,0
72.29,2.42165,0,0,13.5464,0.312861,10.8119,3.6288,61.308,0.575174,0,0,17.0052,0.193635,16.2364,0.66528,12.849,1,0.43043,10.8119,0,259.439,4.33773,265.483,0.84672,12.849,0.84672,3695.15,0,18.483,0,6.55092,1.70108,41.2318,1.09421,48.3896,0.42336,18.483,0.42336,0,0,442.007,0,1.02816,0,0,7.57908,6.55092,1.028160,1,0,330.109,0,0,0,330.109,0
72.29,2.4217,0,0,10.6544,0.3074,7.92532,3.6288,61.308,0.575205,0,0,12.4825,0.205472,11.7018,0.66528,12.849,1,0.430439,7.92532,0,233.224,4.41189,236.307,0.84672,12.849,0.84672,3695.15,0,18.483,0,6.62982,1.88925,33.0627,1.10289,40.4789,0.42336,18.483,0.42336,0,0,442.007,0,1.02816,0,0,7.65798,6.62982,1.028160,1,0,288.487,0,0,0,288.487,0
72.29,2.42175,0,0,14.3579,0.282971,11.6531,3.6288,61.308,0.575236,0,0,21.9975,0.239287,21.183,0.66528,12.849,1,0.430447,11.6531,0,524.825,4.47706,531.57,0.84672,12.849,0.84672,3695.15,0,18.483,0,9.82714,1.88928,45.8933,1.16022,56.4495,0.42336,18.483,0.42336,0,0,442.007,0,1.02816,0,0,10.8553,9.82714,1.028160,1,0,609.203,0,0,0,609.203,0
72.29,2.42179,0,0,7.85065,0.325141,5.10372,3.6288,61.308,0.575267,0,0,8.59792,0.168567,7.85409,0.66528,12.849,1,0.430455,5.10372,0,307.342,3.30505,308.71,0.84672,12.849,0.84672,3695.15,0,18.483,0,3.62278,1.88932,25.2821,0.935244,29.859,0.42336,18.483,0.42336,0,0,442.007,0,1.02816,0,0,4.65094,3.62278,1.028160,1,0,346.423,0,0,0,346.423,0
72.29,2.11486,0,0,7.69332,0.330461,5.248,3.6288,61.308,0.348904,0,0,9.69584,0.202114,9.14483,0.66528,12.849,1,0.3759,5.248,0,290.053,3.34254,291.582,0.84672,12.849,0.84672,3695.15,0,18.483,0,5.58405,1.88936,27.0975,0.936323,33.6346,0.42336,18.483,0.42336,0,0,442.007,0,1.02816,0,0,6.61221,5.58405,1.028160,1,0,334.362,0,0,0,334.362,0
72.29,2.1149,0,0,6.84504,0.332312,4.39783,3.6288,61.308,0.348931,0,0,7.10535,0.209623,6.54679,0.66528,12.849,1,0.375907,4.39783,0,292.758,3.24922,293.53,0.84672,12.849,0.84672,3695.15,0,18.483,0,4.37632,1.63202,18.8496,0.898028,23.9599,0.42336,18.483,0.42336,0,0,442.007,0,1.02816,0,0,5.40448,4.37632,1.028160,1,0,324.037,0,0,0,324.037,0
72.29,2.11494,0,0,9.74912,0.332312,7.30187,3.6288,61.308,0.348957,0,0,9.7929,0.209623,9.23432,0.66528,12.849,1,0.375914,7.30187,0,248.391,3.24922,252.068,0.84672,12.849,0.84672,3695.15,0,18.483,0,8.34817,1.63205,25.4766,0.898028,34.5588,0.42336,18.483,0.42336,0,0,442.007,0,1.02816,0,0,9.37633,8.34817,1.028160,1,0,295.861,0,0,0,295.861,0
72.29,2.11498,0,0,12.9159,0.332578,10.4684,3.6288,61.308,0.348984,0,0,15.4516,0.198268,14.9044,0.66528,12.849,1,0.375921,10.4684,0,269.715,3.19713,276.61,0.84672,12.849,0.84672,3695.15,0,18.483,0,9.22821,1.63208,32.8502,0.879254,42.8313,0.42336,18.483,0.42336,0,0,442.007,0,1.02816,0,0,10.2564,9.22821,1.028160,1,0,334.346,0,0,0,334.346,0
72.29,2.11502,0,0,8.17197,0.325684,5.73127,3.6288,61.308,0.34901,0,0,6.02156,0.153389,5.51916,0.66528,12.849,1,0.375929,5.73127,0,211.633,2.9796,214.009,0.84672,12.849,0.84672,3695.15,0,18.483,0,4.17105,1.63211,20.2455,0.804978,25.2437,0.42336,18.483,0.42336,0,0,442.007,0,1.02816,0,0,5.19921,4.17105,1.028160,1,0,244.772,0,0,0,244.772,0
72.29,2.19234,0,0,8.24342,0.304456,5.74663,3.6288,61.308,0.404426,0,0,9.12928,0.211513,8.51334,0.66528,12.849,1,0.389672,5.74663,0,193.229,3.2172,195.369,0.84672,12.849,0.84672,3695.15,0,18.483,0,6.07818,1.63214,17.8851,0.900908,24.6946,0.42336,18.483,0.42336,0,0,442.007,0,1.02816,0,0,7.10634,6.07818,1.028160,1,0,228.577,0,0,0,228.577,0
72.29,2.19238,0,0,7.16351,0.304456,4.66667,3.6288,61.308,0.404454,0,0,7.42046,0.211513,6.8045,0.66528,12.849,1,0.389679,4.66667,0,159.919,3.2172,160.979,0.84672,12.849,0.84672,3695.15,0,18.483,0,4.56078,1.69573,14.1199,0.900908,19.4755,0.42336,18.483,0.42336,0,0,442.007,0,1.02816,0,0,5.58894,4.56078,1.028160,1,0,187.259,0,0,0,187.259,0
72.29,2.19242,0,0,5.75769,0.274278,3.29099,3.6288,61.308,0.404481,0,0,5.35805,0.208183,4.74539,0.66528,12.849,1,0.389687,3.29099,0,128.233,3.4149,127.72,0.84672,12.849,0.84672,3695.15,0,18.483,0,3.33948,1.69576,9.46685,0.913764,13.5883,0.42336,18.483,0.42336,0,0,442.007,0,1.02816,0,0,4.36764,3.33948,1.028160,1,0,146.053,0,0,0,146.053,0
72.29,2.19247,0,0,4.94929,0.251644,2.50518,3.6288,61.308,0.404509,0,0,4.52326,0.205686,3.91307,0.66528,12.849,1,0.389694,2.50518,0,121.415,3.56317,119.968,0.84672,12.849,0.84672,3695.15,0,18.483,0,2.2606,1.69579,7.99701,0.923405,11.03,0.42336,18.483,0.42336,0,0,442.007,0,1.02816,0,0,3.28876,2.2606,1.028160,1,0,134.911,0,0,0,134.911,0
72.29,2.16229,0,0,4.44653,0.170343,2.1139,3.6288,61.308,0.383022,0,0,3.23645,0.235262,2.61817,0.66528,12.849,1,0.384331,2.1139,0,84.3972,4.10833,82.0185,0.84672,12.849,0.84672,3695.15,0,18.483,0,1.42054,1.69583,6.3604,1.12724,8.34952,0.42336,18.483,0.42336,0,0,442.007,0,1.02816,0,0,2.4487,1.42054,1.028160,1,0,92.9862,0,0,0,92.9862,0
72.29,2.16233,0,0,4.18697,0.170343,1.8543,3.6288,61.308,0.383049,0,0,3.11562,0.235262,2.49731,0.66528,12.849,1,0.384338,1.8543,0,82.7643,4.10833,80.1259,0.84672,12.849,0.84672,3695.15,0,18.483,0,1.43738,1.67112,6.92963,1.12724,8.9109,0.42336,18.483,0.42336,0,0,442.007,0,1.02816,0,0,2.46554,1.43738,1.028160,1,0,91.5341,0,0,0,91.5341,0
72.29,2.16237,0,0,3.33945,0.170343,1.00673,3.6288,61.308,0.383076,0,0,2.33389,0.235262,1.71555,0.66528,12.849,1,0.384345,1.00673,0,67.5112,4.10833,64.0253,0.84672,12.849,0.84672,3695.15,0,18.483,0,0.706925,1.67115,6.05443,1.12724,7.30527,0.42336,18.483,0.42336,0,0,442.007,0,1.02816,0,0,1.73508,0.706925,1.028160,1,0,73.0461,0,0,0,73.0461,0
72.29,2.16241,0,0,3.39331,0.170343,1.06055,3.6288,61.308,0.383104,0,0,2.26778,0.235262,1.64942,0.66528,12.849,1,0.384353,1.06055,0,62.4292,4.10833,58.997,0.84672,12.849,0.84672,3695.15,0,18.483,0,0.655024,1.67118,6.10419,1.12724,7.30316,0.42336,18.483,0.42336,0,0,442.007,0,1.02816,0,0,1.68318,0.655024,1.028160,1,0,67.9496,0,0,0,67.9496,0
72.29,2.26504,0,0,3.26472,0.119615,0.880067,3.6288,61.308,0.459433,0,0,2.03003,0.261189,1.30941,0.66528,12.849,1,0.402593,0.880067,0,67.1758,4.16686,63.4864,0.84672,12.849,0.84672,3695.15,0,18.483,0,0.630798,1.67122,5.4412,1.06755,6.67567,0.42336,18.483,0.42336,0,0,442.007,0,1.02816,0,0,1.65896,0.630798,1.028160,1,0,71.4715,0,0,0,71.4715,0
72.29,2.26508,0,0,3.3153,0.122338,0.92788,3.6288,61.308,0.491421,0,0,2.00067,0.260531,1.24872,0.66528,12.849,1,0.402601,0.92788,0,71.1072,4.2756,67.3569,0.84672,12.849,0.84672,3695.15,0,18.483,0,0.402797,1.75776,5.49643,1.0586,6.59838,0.42336,18.483,0.42336,0,0,442.007,0,0.996201,0,0,1.399,0.402797,1.028160,1,0,75.204,0,0,0,75.204,0
72.29,2.26512,0,0,3.13891,0.122338,0.75145,3.6288,61.308,0.45949,0,0,2.02402,0.260531,1.304,0.66528,12.849,1,0.402609,0.75145,0,60.2895,4.2756,56.3627,0.84672,12.849,0.84672,3695.15,0,18.483,0,0.538583,1.75779,4.99478,1.0586,6.23254,0.42336,18.483,0.42336,0,0,442.007,0,1.02816,0,0,1.56674,0.538583,1.028160,1,0,63.8993,0,0,0,63.8993,0
72.29,2.26517,0,0,3.01129,0.122338,0.623785,3.6288,61.308,0.459518,0,0,1.90985,0.260531,1.18981,0.66528,12.849,1,0.402616,0.623785,0,56.3814,4.2756,52.3269,0.84672,12.849,0.84672,3695.15,0,18.483,0,0.475727,1.75782,4.66693,1.0586,5.84188,0.42336,18.483,0.42336,0,0,442.007,0,1.02816,0,0,1.50389,0.475727,1.028160,1,0,59.3586,0,0,0,59.3586,0
72.29,2.26521,0,0,2.83302,0.0905248,0.477286,3.6288,61.308,0.459547,0,0,1.80801,0.30311,1.04535,0.66528,12.849,1,0.402624,0.477286,0,56.8047,4.62888,52.2505,0.84672,12.849,0.84672,3695.15,0,18.483,0,0.717345,1.75786,4.96518,1.21727,6.22311,0.42336,18.483,0.42336,0,0,442.007,0,1.02816,0,0,1.7455,0.717345,1.028160,1,0,59.519,0,0,0,59.519,0
72.29,2.24497,0,0,2.67861,0.0702358,0.363406,3.6288,61.308,0.501516,0,0,1.90869,0.327031,1.08014,0.66528,12.849,1,0.399026,0.363406,0,61.2775,5.42346,55.8184,0.84672,12.849,0.84672,3695.15,0,18.483,0,1.40033,1.75789,6.06998,1.34055,7.88765,0.42336,18.483,0.42336,0,0,442.007,0,1.02816,0,0,2.42849,1.40033,1.028160,1,0,64.7862,0,0,0,64.7862,0
72.1606,2.24501,0,0,2.54877,0.0702358,0.36288,3.6288,61.308,0.501546,0,0,1.77555,0.327031,0.946969,0.66528,12.849,1,0.399033,0.36288,0,55.5465,5.42346,50.0869,0.84672,12.849,0.84672,3695.15,0,18.483,0,1.31231,1.78488,5.77972,1.34055,7.53636,0.42336,18.483,0.42336,0,0,442.007,0,1.02816,0,0,2.34047,1.31231,1.028160,1,0,58.5702,0,0,0,58.5702,0
71.8364,2.24384,0,0,2.35259,0.0701668,0.36288,3.6288,61.308,0.501575,0,0,1.5878,0.327031,0.759192,0.66528,12.849,1,0.39954,0.36288,0,52.5633,5.42346,47.1031,0.84672,12.849,0.84672,3695.15,0,18.483,0,1.19579,1.78491,5.40619,1.34055,7.04635,0.42336,18.483,0.42336,0,0,442.007,0,1.02816,0,0,2.22395,1.19579,1.028160,1,0,54.9087,0,0,0,54.9087,0
71.4112,2.24082,0,0,2.24858,0.069994,0.36288,3.6288,61.308,0.501605,0,0,1.55403,0.327031,0.725398,0.66528,12.849,1,0.400803,0.36288,0,49.2839,5.42346,43.8226,0.84672,12.849,0.84672,3695.15,0,18.483,0,1.02102,1.78495,5.15112,1.34055,6.61654,0.42336,18.483,0.42336,0,0,442.007,0,1.02816,0,0,2.04918,1.02102,1.028160,1,0,51.1645,0,0,0,51.1645,0
70.4774,2.28902,0,0,1.78659,0.0685285,0.36288,3.6288,61.308,0.539015,0,0,1.36831,0.307355,0.521938,0.66528,12.849,1,0.411862,0.36288,0,41.1668,5.85717,35.2607,0.84672,12.849,0.84672,3695.15,0,18.483,0,0.595227,1.78498,3.71697,1.35061,4.74657,0.42336,18.483,0.42336,0,0,442.007,0,1.02816,0,0,1.62339,0.595227,1.028160,1,0,40.5292,0,0,0,40.5292,0
69.3439,2.27985,0,0,1.57706,0.0678346,0.36288,3.6288,61.308,0.539046,0,0,1.26107,0.304075,0.417947,0.66528,12.849,1,0.415648,0.36288,0,38.3422,5.92945,32.36,0.84672,12.849,0.84672,3695.15,0,18.483,0,0.556295,1.82797,3.31094,1.35229,4.34292,0.42336,18.483,0.42336,0,0,442.007,0,1.02816,0,0,1.58446,0.556295,1.028160,1,0,37.1209,0,0,0,37.1209,0
68.075,2.26848,0,0,1.42635,0.0638406,0.36288,3.6288,61.308,0.539076,0,0,1.20433,0.317094,0.34816,0.66528,12.849,1,0.420336,0.36288,0,35.7164,5.84938,29.8095,0.84672,12.849,0.84672,3695.15,0,18.483,0,0.634617,1.82801,4.13215,1.43293,5.16184,0.42336,18.483,0.42336,0,0,442.007,0,1.02816,0,0,1.66278,0.634617,1.028160,1,0,35.3195,0,0,0,35.3195,0
67.4039,2.25544,0,0,2.01696,0.0697895,0.36288,3.6288,61.308,0.539106,0,0,1.78372,0.328408,0.916206,0.66528,12.849,1,0.425709,0.36288,0,38.1103,5.56815,32.4794,0.84672,12.849,0.84672,3695.15,0,18.483,0,1.05781,1.82804,5.93602,1.50561,7.31626,0.42336,18.483,0.42336,0,0,442.007,0,1.02816,0,0,2.08597,1.05781,1.028160,1,0,40.7118,0,0,0,40.7118,0
66.6717,2.39859,0,0,2.10995,0.0807038,0.36288,3.6288,61.308,0.66528,0,0,1.78229,0.317237,0.799776,0.66528,12.849,1,0.457237,0.36288,0,48.2141,5.54832,42.5715,0.84672,12.849,0.84672,3695.15,0,18.483,0,1.11248,1.82808,7.11789,1.46334,8.59511,0.42336,18.483,0.42336,0,0,442.007,0,1.02816,0,0,2.14064,1.11248,1.028160,1,0,51.9663,0,0,0,51.9663,0
65.537,2.39031,0,0,1.70279,0.0842455,0.36288,3.6288,61.308,0.66528,0,0,1.6079,0.308387,0.634228,0.66528,12.849,1,0.460662,0.36288,0,34.4323,5.69635,28.6382,0.84672,12.849,0.84672,3695.15,0,18.483,0,1.39545,1.96679,4.50301,1.44184,6.42341,0.42336,18.483,0.42336,0,0,442.007,0,1.02816,0,0,2.42361,1.39545,1.028160,1,0,35.6958,0,0,0,35.6958,0
64.2077,2.3772,0,0,1.49426,0.0834879,0.36288,3.6288,61.308,0.66528,0,0,1.55121,0.308387,0.577541,0.66528,12.849,1,0.466066,0.36288,0,43.7696,5.69635,37.97,0.84672,12.849,0.84672,3695.15,0,18.483,0,1.28749,1.9668,4.32415,1.44184,6.1366,0.42336,18.483,0.42336,0,0,442.007,0,1.02816,0,0,2.31565,1.28749,1.028160,1,0,44.6842,0,0,0,44.6842,0
62.9269,2.36143,0,0,1.5261,0.0826004,0.36288,3.6288,61.308,0.66528,0,0,1.77937,0.308387,0.805706,0.66528,12.849,1,0.47256,0.36288,0,37.9153,5.69635,32.1092,0.84672,12.849,0.84672,3695.15,0,18.483,0,1.41875,1.96682,4.49056,1.44184,6.43429,0.42336,18.483,0.42336,0,0,442.007,0,1.02816,0,0,2.44691,1.41875,1.028160,1,0,39.3492,0,0,0,39.3492,0
61.7628,2.34582,0,0,1.62944,0.084811,0.36288,3.6288,61.308,0.66528,0,0,1.70988,0.301754,0.742848,0.66528,12.849,1,0.478991,0.36288,0,38.2015,5.66908,32.4163,0.84672,12.849,0.84672,3695.15,0,18.483,0,1.94059,1.96683,5.38275,1.43084,7.85934,0.42336,18.483,0.42336,0,0,442.007,0,1.02816,0,0,2.96875,1.94059,1.028160,1,0,41.0185,0,0,0,41.0185,0
60.6796,2.26013,0,0,1.64202,0.102225,0.36288,3.6288,61.308,0.592328,0,0,1.61963,0.261956,0.765345,0.66528,12.849,1,0.470192,0.36288,0,28.1083,5.50546,22.4955,0.84672,12.849,0.84672,3695.15,0,18.483,0,2.15024,1.96684,3.49281,1.36481,6.24507,0.42336,18.483,0.42336,0,0,442.007,0,1.02816,0,0,3.1784,2.15024,1.028160,1,0,29.5059,0,0,0,29.5059,0
59.4176,2.24667,0,0,1.44884,0.101312,0.36288,3.6288,61.308,0.592359,0,0,0.939954,0.261956,0.0856395,0.66528,12.849,1,0.475736,0.36288,0,28.7913,5.50546,23.173,0.84672,12.849,0.84672,3695.15,0,18.483,0,0.967308,1.8904,2.68284,1.36481,4.17574,0.42336,18.483,0.42336,0,0,442.007,0,1.02816,0,0,1.99547,0.967308,1.028160,1,0,27.4344,0,0,0,27.4344,0
57.9213,2.23058,0,0,1.19726,0.100141,0.36288,3.6288,61.2817,0.59239,0,0,0.828092,0.261956,0,0.66528,12.849,1,0.482361,0.36288,0,26.5829,5.50546,20.958,0.84672,12.849,0.84672,3695.15,0,18.483,0,0.746168,1.89044,2.48452,1.36481,3.75631,0.42336,18.483,0.42336,0,0,442.007,0,1.02816,0,0,1.77433,0.746168,1.028160,1,0,24.7143,0,0,0,24.7143,0
57.3871,2.21091,0,0,2.22553,0.185883,0.36288,3.6288,61.308,0.592421,0,0,1.28829,0.186119,0.483499,0.66528,12.849,1,0.490458,0.36288,0,46.9364,4.46732,42.3415,0.84672,12.849,0.84672,3695.15,0,18.483,0,1.18865,1.89047,4.31373,1.04032,6.35253,0.42336,18.483,0.42336,0,0,442.007,0,1.02816,0,0,2.21681,1.18865,1.028160,1,0,49.1775,0,0,0,49.1775,0
56.6905,2.14682,0,0,2.03028,0.217199,0.36288,3.6288,61.308,0.517888,0,0,1.1564,0.162346,0.47617,0.66528,12.849,1,0.480674,0.36288,0,47.1802,4.42743,42.635,0.84672,12.849,0.84672,3695.15,0,18.483,0,0.595754,1.89051,5.51788,0.996481,7.00767,0.42336,18.483,0.42336,0,0,442.007,0,1.02816,0,0,1.62391,0.595754,1.028160,1,0,50.1188,0,0,0,50.1188,0
55.2392,2.13758,0,0,1.2639,0.214758,0.36288,3.6288,61.0271,0.644883,0,0,0.52893,0.164954,0,0.66528,12.849,1,0.484487,0.36288,0,17.9238,4.57758,13.2246,0.84672,12.849,0.84672,3695.15,0,18.483,0,0.216518,1.81644,3.37585,1.03086,4.37795,0.42336,18.483,0.42336,0,0,442.007,0,0.901195,0,0,1.11771,0.216518,1.028160,1,0,17.6025,0,0,0,17.6025,0
54.9084,2.11782,0,0,2.36157,0.21168,0.36288,3.6288,61.308,0.517948,0,0,1.44312,0.164661,0.479607,0.66528,12.849,1,0.492619,0.36288,0,35.7095,4.57758,31.0021,0.84672,12.849,0.84672,3695.15,0,18.483,0,2.39557,1.81648,7.44753,1.03086,10.6287,0.42336,18.483,0.42336,0,0,442.007,0,1.02816,0,0,3.42373,2.39557,1.028160,1,0,42.1105,0,0,0,42.1105,0
56.5462,2.11325,0,0,4.33478,0.220789,0.36288,3.6288,61.308,0.517977,0,0,2.6131,0.157122,1.938,0.66528,12.849,1,0.494518,0.36288,0,68.6568,4.46875,64.0564,0.84672,12.849,0.84672,3695.15,0,18.483,0,2.34382,1.81651,9.74706,1.00004,12.9074,0.42336,18.483,0.42336,0,0,442.007,0,1.02816,0,0,3.37198,2.34382,1.028160,1,0,78.9018,0,0,0,78.9018,0
56.4851,1.97492,0,0,2.53782,0.261161,0.36288,3.6288,61.308,0.3627,0,0,1.52868,0.164019,1.00197,0.66528,12.849,1,0.448761,0.36288,0,36.4722,3.90158,32.4847,0.84672,12.849,0.84672,3695.15,0,18.483,0,1.63355,1.81655,7.17185,0.870443,9.7515,0.42336,18.483,0.42336,0,0,442.007,0,1.02816,0,0,2.66171,1.63355,1.028160,1,0,43.2382,0,0,0,43.2382,0
56.93,1.9742,0,0,3.06644,0.284498,0.36288,3.6288,61.308,0.362727,0,0,1.54911,0.210592,0.97579,0.66528,12.849,1,0.449082,0.36288,0,75.1222,3.84563,71.1904,0.84672,12.849,0.84672,3695.15,0,18.483,0,2.41344,1.64975,8.54245,0.957558,11.6481,0.42336,18.483,0.42336,0,0,442.007,0,1.02816,0,0,3.4416,2.41344,1.028160,1,0,83.8143,0,0,0,83.8143,0
57.2646,1.97975,0,0,2.96305,0.285751,0.36288,3.6288,61.308,0.362753,0,0,1.31012,0.210592,0.736772,0.66528,12.849,1,0.446827,0.36288,0,50.895,3.84563,46.9655,0.84672,12.849,0.84672,3695.15,0,18.483,0,1.88716,1.64978,7.18692,0.957558,9.76631,0.42336,18.483,0.42336,0,0,442.007,0,1.02816,0,0,2.91532,1.88716,1.028160,1,0,57.4685,0,0,0,57.4685,0
57.2755,1.98391,0,0,2.64432,0.286693,0.36288,3.6288,61.308,0.36278,0,0,1.36458,0.210592,0.791203,0.66528,12.849,1,0.445148,0.36288,0,65.1431,3.84563,61.2152,0.84672,12.849,0.84672,3695.15,0,18.483,0,2.04454,1.64981,7.53866,0.957558,10.2754,0.42336,18.483,0.42336,0,0,442.007,0,1.02816,0,0,3.0727,2.04454,1.028160,1,0,72.2819,0,0,0,72.2819,0
59.2075,1.98408,0,0,4.56323,0.284237,0.36288,3.6288,61.308,0.362807,0,0,1.43343,0.242912,0.827709,0.66528,12.849,1,0.445102,0.36288,0,57.0285,4.83788,52.1084,0.84672,12.849,0.84672,3695.15,0,18.483,0,2.48062,1.64984,8.21569,1.2656,11.0806,0.42336,18.483,0.42336,0,0,442.007,0,1.02816,0,0,3.50878,2.48062,1.028160,1,0,64.0167,0,0,0,64.0167,0
62.0166,2.07016,0,0,5.47099,0.228889,0.36288,3.6288,61.308,0.407807,0,0,2.08371,0.223651,1.45225,0.66528,12.849,1,0.449258,0.36288,0,92.5586,3.49191,88.9803,0.84672,12.849,0.84672,3695.15,0,18.483,0,2.29484,1.64988,10.3534,0.998298,13.2998,0.42336,18.483,0.42336,0,0,442.007,0,1.02816,0,0,3.323,2.29484,1.028160,1,0,103.732,0,0,0,103.732,0
65.0161,2.10315,0,0,5.72065,0.25508,0.36288,3.6288,61.308,0.407826,0,0,1.95862,0.244983,1.30581,0.66528,12.849,1,0.435745,0.36288,0,93.4209,3.94905,89.3989,0.84672,12.849,0.84672,3695.15,0,18.483,0,2.22631,1.70267,9.84804,1.1409,12.6361,0.42336,18.483,0.42336,0,0,442.007,0,1.02816,0,0,3.25447,2.22631,1.028160,1,0,103.341,0,0,0,103.341,0
67.7839,2.13626,0,0,5.5283,0.261376,0.36288,3.6288,61.308,0.407845,0,0,2.13495,0.244983,1.48213,0.66528,12.849,1,0.422184,0.36288,0,90.1757,3.94905,86.1673,0.84672,12.849,0.84672,3695.15,0,18.483,0,2.35191,1.7027,11.249,1.1409,14.1627,0.42336,18.483,0.42336,0,0,442.007,0,1.02816,0,0,3.38007,2.35191,1.028160,1,0,101.812,0,0,0,101.812,0
70.3054,2.16503,0,0,5.31662,0.267186,0.36288,3.6288,61.308,0.407863,0,0,2.09577,0.244983,1.44292,0.66528,12.849,1,0.4104,0.36288,0,79.6418,3.94905,75.6452,0.84672,12.849,0.84672,3695.15,0,18.483,0,2.45429,1.70272,10.7051,1.1409,13.7212,0.42336,18.483,0.42336,0,0,442.007,0,1.02816,0,0,3.48245,2.45429,1.028160,1,0,90.8094,0,0,0,90.8094,0
72.29,2.40349,0,0,6.81369,0.214708,2.2109,3.6288,61.308,0.57673,0,0,1.77505,0.273415,0.924909,0.66528,12.849,1,0.439261,2.2109,0,119.195,4.12166,116.845,0.84672,12.849,0.84672,3695.15,0,18.483,0,2.35011,1.70274,13.7157,1.28212,16.4865,0.42336,18.483,0.42336,0,0,442.007,0,1.02816,0,0,3.37827,2.35011,1.028160,1,0,134.256,0,0,0,134.256,0
72.29,2.42403,0,0,7.44044,0.223463,4.79294,3.6288,61.308,0.576751,0,0,1.91656,0.264463,1.07535,0.66528,12.849,1,0.430854,4.79294,0,145.51,4.09385,145.778,0.84672,12.849,0.84672,3695.15,0,18.483,0,2.94111,1.89108,13.4011,1.19,17.0433,0.42336,18.483,0.42336,0,0,442.007,0,1.02816,0,0,3.96927,2.94111,1.028160,1,0,163.897,0,0,0,163.897,0
72.29,2.42407,0,0,6.82813,0.223463,4.1806,3.6288,61.308,0.576772,0,0,2.30152,0.264463,1.46029,0.66528,12.849,1,0.430859,4.1806,0,132.586,4.09385,132.242,0.84672,12.849,0.84672,3695.15,0,18.483,0,3.04453,1.89111,14.6545,1.19,18.4001,0.42336,18.483,0.42336,0,0,442.007,0,1.02816,0,0,4.07269,3.04453,1.028160,1,0,152.102,0,0,0,152.102,0
72.29,2.4241,0,0,6.29189,0.248266,3.61953,3.6288,61.308,0.576793,0,0,2.62796,0.260635,1.79053,0.66528,12.849,1,0.430865,3.61953,0,121.044,4.11419,120.118,0.84672,12.849,0.84672,3695.15,0,18.483,0,3.04683,1.89113,14.0517,1.19552,17.7941,0.42336,18.483,0.42336,0,0,442.007,0,1.02816,0,0,4.07499,3.04683,1.028160,1,0,139.703,0,0,0,139.703,0
72.29,2.11686,0,0,5.23092,0.312724,2.80134,3.6288,61.308,0.350206,0,0,2.0609,0.231025,1.47967,0.66528,12.849,1,0.376255,2.80134,0,111.411,4.24361,109.593,0.84672,12.849,0.84672,3695.15,0,18.483,0,1.97787,1.89116,13.0067,1.13355,15.7421,0.42336,18.483,0.42336,0,0,442.007,0,1.02816,0,0,3.00603,1.97787,1.028160,1,0,126.814,0,0,0,126.814,0
72.29,2.11688,0,0,4.24652,0.286646,1.84299,3.6288,61.308,0.350224,0,0,1.87724,0.228009,1.29901,0.66528,12.849,1,0.37626,1.84299,0,101.61,4.16736,98.9092,0.84672,12.849,0.84672,3695.15,0,18.483,0,1.82486,1.63356,12.4346,1.00889,14.8841,0.42336,18.483,0.42336,0,0,442.007,0,1.02816,0,0,2.85302,1.82486,1.028160,1,0,115.092,0,0,0,115.092,0
72.29,2.11691,0,0,4.64149,0.277267,2.24732,3.6288,61.308,0.350242,0,0,1.9648,0.216396,1.39816,0.66528,12.849,1,0.376265,2.24732,0,111.644,3.99515,109.52,0.84672,12.849,0.84672,3695.15,0,18.483,0,1.50792,1.63358,12.3213,0.901673,14.5612,0.42336,18.483,0.42336,0,0,442.007,0,1.02816,0,0,2.53608,1.50792,1.028160,1,0,125.48,0,0,0,125.48,0
72.29,2.11694,0,0,4.1848,0.276996,1.79087,3.6288,61.308,0.35026,0,0,1.88423,0.185049,1.34892,0.66528,12.849,1,0.37627,1.79087,0,99.6356,3.7318,97.3184,0.84672,12.849,0.84672,3695.15,0,18.483,0,1.61765,1.6336,12.3485,0.774594,14.8252,0.42336,18.483,0.42336,0,0,442.007,0,1.02816,0,0,2.64581,1.61765,1.028160,1,0,113.493,0,0,0,113.493,0
72.29,2.11697,0,0,5.2292,0.283589,2.82864,3.6288,61.308,0.350278,0,0,2.06368,0.181444,1.53196,0.66528,12.849,1,0.376275,2.82864,0,117.325,3.74246,116.035,0.84672,12.849,0.84672,3695.15,0,18.483,0,1.73496,1.63363,13.6105,0.786184,16.1929,0.42336,18.483,0.42336,0,0,442.007,0,1.02816,0,0,2.76312,1.73496,1.028160,1,0,133.76,0,0,0,133.76,0
72.29,2.19434,0,0,6.11497,0.323147,3.59748,3.6288,61.308,0.405737,0,0,3.16168,0.159812,2.59613,0.66528,12.849,1,0.390028,3.59748,0,193.453,3.80635,192.854,0.84672,12.849,0.84672,3695.15,0,18.483,0,3.82951,1.63365,17.0867,0.855724,21.6942,0.42336,18.483,0.42336,0,0,442.007,0,1.02816,0,0,4.85767,3.82951,1.028160,1,0,217.144,0,0,0,217.144,0
72.29,2.19437,0,0,4.03949,0.323147,1.52197,3.6288,61.308,0.405755,0,0,2.38963,0.159812,1.82407,0.66528,12.849,1,0.390033,1.52197,0,138.851,3.80635,136.176,0.84672,12.849,0.84672,3695.15,0,18.483,0,2.32005,1.69728,11.36,0.855724,14.5216,0.42336,18.483,0.42336,0,0,442.007,0,1.02816,0,0,3.34821,2.32005,1.028160,1,0,152.522,0,0,0,152.522,0
72.29,2.1944,0,0,4.45729,0.323147,1.93974,3.6288,61.308,0.405774,0,0,2.48158,0.159812,1.91599,0.66528,12.849,1,0.390038,1.93974,0,104.955,3.80635,102.699,0.84672,12.849,0.84672,3695.15,0,18.483,0,2.53998,1.6973,13.3827,0.855724,16.7642,0.42336,18.483,0.42336,0,0,442.007,0,1.02816,0,0,3.56814,2.53998,1.028160,1,0,121.379,0,0,0,121.379,0
72.29,2.19443,0,0,3.92803,0.332653,1.40095,3.6288,61.308,0.405793,0,0,2.557,0.208195,1.94301,0.66528,12.849,1,0.390043,1.40095,0,100.297,4.82993,96.4776,0.84672,12.849,0.84672,3695.15,0,18.483,0,2.66687,1.69732,13.5898,0.943546,17.0104,0.42336,18.483,0.42336,0,0,442.007,0,1.02816,0,0,3.69503,2.66687,1.028160,1,0,115.431,0,0,0,115.431,0
72.29,2.16421,0,0,3.87276,0.311651,1.39689,3.6288,61.308,0.384278,0,0,2.08018,0.186958,1.50895,0.66528,12.849,1,0.384673,1.39689,0,104.13,3.90327,101.239,0.84672,12.849,0.84672,3695.15,0,18.483,0,2.98208,1.69735,9.79353,0.984523,13.4884,0.42336,18.483,0.42336,0,0,442.007,0,1.02816,0,0,4.01024,2.98208,1.028160,1,0,116.236,0,0,0,116.236,0
72.29,2.16424,0,0,3.34792,0.271235,0.912445,3.6288,61.308,0.384296,0,0,1.7846,0.197456,1.20285,0.66528,12.849,1,0.384678,0.912445,0,93.6498,3.94089,90.2367,0.84672,12.849,0.84672,3695.15,0,18.483,0,3.17796,1.67261,8.81479,0.993547,12.6718,0.42336,18.483,0.42336,0,0,442.007,0,1.02816,0,0,4.20612,3.17796,1.028160,1,0,104.111,0,0,0,104.111,0
72.29,2.16427,0,0,3.16819,0.26182,0.742102,3.6288,61.308,0.384315,0,0,1.66765,0.200576,1.08276,0.66528,12.849,1,0.384683,0.742102,0,87.8887,3.96868,84.2774,0.84672,12.849,0.84672,3695.15,0,18.483,0,3.05586,1.67263,8.16696,0.995488,11.9,0.42336,18.483,0.42336,0,0,442.007,0,1.02816,0,0,4.08402,3.05586,1.028160,1,0,97.2601,0,0,0,97.2601,0
72.29,2.1643,0,0,2.93125,0.26182,0.505131,3.6288,61.308,0.384333,0,0,1.81363,0.200576,1.22872,0.66528,12.849,1,0.384688,0.505131,0,79.9451,3.96868,76.0968,0.84672,12.849,0.84672,3695.15,0,18.483,0,3.4348,1.67265,8.4297,0.995488,12.5417,0.42336,18.483,0.42336,0,0,442.007,0,1.02816,0,0,4.46296,3.4348,1.028160,1,0,89.8672,0,0,0,89.8672,0
72.1678,2.267,0,0,2.74838,0.240738,0.36288,3.6288,61.308,0.46072,0,0,1.8832,0.18643,1.23605,0.66528,12.849,1,0.402941,0.36288,0,70.7823,3.79705,66.9452,0.84672,12.849,0.84672,3695.15,0,18.483,0,3.80735,1.67267,9.05619,0.932806,13.6034,0.42336,18.483,0.42336,0,0,442.007,0,1.02816,0,0,4.83551,3.80735,1.028160,1,0,81.7847,0,0,0,81.7847,0
71.8705,2.26587,0,0,2.5439,0.212431,0.36288,3.6288,61.308,0.460739,0,0,1.43146,0.167567,0.803151,0.66528,12.849,1,0.403423,0.36288,0,59.3393,3.56822,55.7305,0.84672,12.849,0.84672,3695.15,0,18.483,0,3.18736,1.75928,8.06259,0.849231,12.16,0.42336,18.483,0.42336,0,0,442.007,0,1.02816,0,0,4.21552,3.18736,1.028160,1,0,68.6936,0,0,0,68.6936,0
71.4065,2.26306,0,0,2.37388,0.211951,0.36288,3.6288,61.308,0.460759,0,0,1.37567,0.167567,0.747344,0.66528,12.849,1,0.40459,0.36288,0,53.3635,3.56822,49.7536,0.84672,12.849,0.84672,3695.15,0,18.483,0,2.61346,1.7593,7.00834,0.849231,10.5319,0.42336,18.483,0.42336,0,0,442.007,0,1.02816,0,0,3.64162,2.61346,1.028160,1,0,61.0328,0,0,0,61.0328,0
70.8811,2.25863,0,0,2.23413,0.138023,0.36288,3.6288,61.308,0.460778,0,0,1.29692,0.272534,0.563604,0.66528,12.849,1,0.406423,0.36288,0,51.5811,4.99433,46.5432,0.84672,12.849,0.84672,3695.15,0,18.483,0,2.29726,1.75932,6.31146,1.23111,9.13694,0.42336,18.483,0.42336,0,0,442.007,0,1.02816,0,0,3.32542,2.29726,1.028160,1,0,56.2437,0,0,0,56.2437,0
70.2407,2.25357,0,0,2.11535,0.139275,0.36288,3.6288,61.308,0.460797,0,0,1.18213,0.267701,0.453635,0.66528,12.849,1,0.408517,0.36288,0,46.8535,4.91207,41.8958,0.84672,12.849,0.84672,3695.15,0,18.483,0,2.01628,1.75934,5.82704,1.19347,8.40919,0.42336,18.483,0.42336,0,0,442.007,0,1.02816,0,0,3.04444,2.01628,1.028160,1,0,50.7586,0,0,0,50.7586,0
69.759,2.22719,0,0,2.25772,0.149372,0.36288,3.6288,61.308,0.502793,0,0,0.874368,0.2387,0.132875,0.66528,12.849,1,0.407416,0.36288,0,42.8604,4.4185,38.3973,0.84672,12.849,0.84672,3695.15,0,18.483,0,1.31934,1.75937,4.87197,0.967665,6.98301,0.42336,18.483,0.42336,0,0,442.007,0,1.02816,0,0,2.3475,1.31934,1.028160,1,0,45.5132,0,0,0,45.5132,0
69.192,2.22249,0,0,2.14844,0.130049,0.36288,3.6288,61.308,0.502813,0,0,0.853502,0.269789,0.0809003,0.66528,12.849,1,0.409363,0.36288,0,40.6354,4.85285,35.7361,0.84672,12.849,0.84672,3695.15,0,18.483,0,1.23257,1.78637,4.68233,1.11466,6.5866,0.42336,18.483,0.42336,0,0,442.007,0,1.02816,0,0,2.26073,1.23257,1.028160,1,0,42.4036,0,0,0,42.4036,0
68.3525,2.21688,0,0,1.8562,0.115966,0.36288,3.6288,61.308,0.502833,0,0,0.803848,0.286408,0.0146081,0.66528,12.849,1,0.411677,0.36288,0,37.5627,5.5176,31.9963,0.84672,12.849,0.84672,3695.15,0,18.483,0,1.15576,1.78639,4.72228,1.35065,6.31378,0.42336,18.483,0.42336,0,0,442.007,0,1.02816,0,0,2.18392,1.15576,1.028160,1,0,38.3247,0,0,0,38.3247,0
67.499,2.20846,0,0,1.83332,0.115409,0.36288,3.6288,61.308,0.502853,0,0,0.792677,0.283728,0.00609612,0.66528,12.849,1,0.41515,0.36288,0,34.8725,5.6532,29.167,0.84672,12.849,0.84672,3695.15,0,18.483,0,1.25661,1.78641,4.68377,1.40095,6.32585,0.42336,18.483,0.42336,0,0,442.007,0,1.02816,0,0,2.28477,1.25661,1.028160,1,0,35.499,0,0,0,35.499,0
66.5472,2.25108,0,0,1.76106,0.098937,0.36288,3.6288,61.1455,0.540284,0,0,0.691122,0.31337,0,0.66528,12.849,1,0.428512,0.36288,0,31.8342,5.97375,25.7948,0.84672,12.849,0.84672,3695.15,0,18.483,0,1.13003,1.78644,4.14015,1.49688,5.55973,0.42336,18.483,0.42336,0,0,442.007,0,1.02816,0,0,2.15819,1.13003,1.028160,1,0,31.3545,0,0,0,31.3545,0
65.6074,2.24095,0,0,1.75597,0.0919618,0.36288,3.6288,60.9449,0.540305,0,0,0.664597,0.324892,0,0.66528,12.849,1,0.432685,0.36288,0,30.1274,6.10197,23.9556,0.84672,12.849,0.84672,3695.15,0,18.483,0,1.15211,1.82945,4.04899,1.53525,5.4953,0.42336,18.483,0.42336,0,0,442.007,0,1.02816,0,0,2.18027,1.15211,1.028160,1,0,29.4509,0,0,0,29.4509,0
64.4495,2.23075,0,0,1.52703,0.0912761,0.36288,3.6288,60.7046,0.540325,0,0,0.624577,0.32448,0,0.66528,12.849,1,0.436886,0.36288,0,28.5038,6.10197,22.3278,0.84672,12.849,0.84672,3695.15,0,18.483,0,0.968052,1.82947,3.94028,1.53525,5.20256,0.42336,18.483,0.42336,0,0,442.007,0,1.02816,0,0,1.99621,0.968052,1.028160,1,0,27.5304,0,0,0,27.5304,0
63.1844,2.2179,0,0,1.40616,0.0904314,0.36288,3.6288,60.4523,0.540346,0,0,0.611958,0.323986,0,0.66528,12.849,1,0.442173,0.36288,0,26.8831,6.10197,20.7018,0.84672,12.849,0.84672,3695.15,0,18.483,0,0.865374,1.8295,3.90039,1.53525,5.06001,0.42336,18.483,0.42336,0,0,442.007,0,1.02816,0,0,1.89353,0.865374,1.028160,1,0,25.7618,0,0,0,25.7618,0
61.6843,2.35066,0,0,1.28312,0.0696996,0.36288,3.6288,60.0423,0.66528,0,0,0.586351,0.331065,0,0.66528,12.849,1,0.478024,0.36288,0,25.3106,6.50555,18.6899,0.84672,12.849,0.84672,3695.15,0,18.483,0,0.934684,1.82952,3.93131,1.55835,5.13717,0.42336,18.483,0.42336,0,0,442.007,0,1.02816,0,0,1.96284,0.934684,1.028160,1,0,23.8271,0,0,0,23.8271,0
60.4675,2.33189,0,0,1.55066,0.0727206,0.36288,3.6288,59.5929,0.66528,0,0,0.542968,0.32706,0,0.66528,12.849,1,0.485739,0.36288,0,24.3219,6.60692,17.5922,0.84672,12.849,0.84672,3695.15,0,18.483,0,1.24063,1.96731,4.02636,1.56264,5.67166,0.42336,18.483,0.42336,0,0,442.007,0,1.02816,0,0,2.26879,1.24063,1.028160,1,0,23.2638,0,0,0,23.2638,0
59.0772,2.31622,0,0,1.36077,0.0719904,0.36288,3.6288,59.1253,0.66528,0,0,0.523826,0.326124,0,0.66528,12.849,1,0.492184,0.36288,0,30.9177,6.60692,24.1815,0.84672,12.849,0.84672,3695.15,0,18.483,0,1.13956,1.96732,3.86644,1.56264,5.41068,0.42336,18.483,0.42336,0,0,442.007,0,1.02816,0,0,2.16772,1.13956,1.028160,1,0,29.5922,0,0,0,29.5922,0
57.7352,2.2978,0,0,1.38975,0.0710507,0.36288,3.6288,58.7358,0.66528,0,0,0.600879,0.325149,0,0.66528,12.849,1,0.49976,0.36288,0,26.7823,6.60692,20.0385,0.84672,12.849,0.84672,3695.15,0,18.483,0,1.26242,1.96733,4.01519,1.56264,5.68229,0.42336,18.483,0.42336,0,0,442.007,0,1.02816,0,0,2.29058,1.26242,1.028160,1,0,25.7208,0,0,0,25.7208,0
56.4238,2.27947,0,0,1.40225,0.0712553,0.36288,3.6288,58.3584,0.66528,0,0,0.605424,0.317555,0,0.66528,12.849,1,0.507296,0.36288,0,27.175,6.42207,20.6085,0.84672,12.849,0.84672,3695.15,0,18.483,0,1.82205,1.96733,5.13569,1.49068,7.43439,0.42336,18.483,0.42336,0,0,442.007,0,1.02816,0,0,2.85021,1.82205,1.028160,1,0,28.0429,0,0,0,28.0429,0
55.5369,2.19202,0,0,1.81437,0.146436,0.36288,3.6288,58.4345,0.593549,0,0,0.949372,0.279652,0,0.66528,12.849,1,0.499174,0.36288,0,46.8069,5.03674,41.6339,0.84672,12.849,0.84672,3695.15,0,18.483,0,3.85198,1.96734,7.50298,1.26086,12.0614,0.42336,18.483,0.42336,0,0,442.007,0,1.02816,0,0,4.88014,3.85198,1.028160,1,0,53.6953,0,0,0,53.6953,0
54.4157,2.17962,0,0,1.56645,0.14515,0.36288,3.6288,58.9357,0.593571,0,0,1.37451,0.279789,0,0.66528,12.849,1,0.504277,0.36288,0,40.5128,5.03674,35.3346,0.84672,12.849,0.84672,3695.15,0,18.483,0,7.37813,1.89183,8.5504,1.26086,16.5595,0.42336,18.483,0.42336,0,0,442.007,0,1.02816,0,0,8.40629,7.37813,1.028160,1,0,51.8941,0,0,0,51.8941,0
53.1051,2.16357,0,0,1.35938,0.143524,0.36288,3.6288,58.822,0.593592,0,0,0.760596,0.280692,0,0.66528,12.849,1,0.510878,0.36288,0,41.5988,5.03674,36.4141,0.84672,12.849,0.84672,3695.15,0,18.483,0,3.86883,1.89185,6.34208,1.26086,10.8419,0.42336,18.483,0.42336,0,0,442.007,0,1.02816,0,0,4.89699,3.86883,1.028160,1,0,47.256,0,0,0,47.256,0
51.7786,2.14426,0,0,1.32233,0.141624,0.36288,3.6288,58.6515,0.593613,0,0,0.70365,0.280487,0,0.66528,12.849,1,0.518814,0.36288,0,37.9998,5.03674,32.8071,0.84672,12.849,0.84672,3695.15,0,18.483,0,3.44976,1.89188,6.2318,1.26086,10.3126,0.42336,18.483,0.42336,0,0,442.007,0,1.02816,0,0,4.47792,3.44976,1.028160,1,0,43.1197,0,0,0,43.1197,0
50.7013,2.06923,0,0,1.58902,0.234227,0.36288,3.6288,58.686,0.519016,0,0,0.764171,0.210657,0,0.66528,12.849,1,0.513485,0.36288,0,38.5663,3.70661,34.7091,0.84672,12.849,0.84672,3695.15,0,18.483,0,2.54556,1.8919,5.98429,0.943162,9.47859,0.42336,18.483,0.42336,0,0,442.007,0,1.02816,0,0,3.57372,2.54556,1.028160,1,0,44.1877,0,0,0,44.1877,0
49.0254,2.05281,0,0,0.984217,0.244398,0.36288,3.6288,58.2785,0.519036,0,0,0.344818,0.233311,0,0.66528,12.849,1,0.520235,0.36288,0,20.9015,3.83313,16.9111,0.84672,12.849,0.84672,3695.15,0,18.483,0,0.411273,1.81777,3.98453,1.08901,5.12456,0.42336,18.483,0.42336,0,0,442.007,0,1.02816,0,0,1.43943,0.411273,1.028160,1,0,22.0356,0,0,0,22.0356,0
47.5449,2.02638,0,0,1.1488,0.240087,0.36288,3.6288,58.2029,0.519056,0,0,0.67618,0.2327,0,0.66528,12.849,1,0.531092,0.36288,0,24.3292,3.83313,20.3279,0.84672,12.849,0.84672,3695.15,0,18.483,0,2.30092,1.81779,6.32627,1.08901,9.35597,0.42336,18.483,0.42336,0,0,442.007,0,1.02816,0,0,3.32908,2.30092,1.028160,1,0,29.6838,0,0,0,29.6838,0
48.0096,2.0021,0,0,3.0659,0.236251,0.36288,3.6288,59.1072,0.519076,0,0,1.65592,0.232587,0,0.66528,12.849,1,0.541068,0.36288,0,71.5002,3.83313,67.4889,0.84672,12.849,0.84672,3695.15,0,18.483,0,5.20046,1.81782,11.9438,1.08901,17.873,0.42336,18.483,0.42336,0,0,442.007,0,1.02816,0,0,6.22862,5.20046,1.028160,1,0,85.362,0,0,0,85.362,0
47.3841,1.85849,0,0,1.85992,0.263982,0.36288,3.6288,59.3791,0.36368,0,0,0.841977,0.206391,0,0.66528,12.849,1,0.497395,0.36288,0,41.8391,3.71191,37.9927,0.84672,12.849,0.84672,3695.15,0,18.483,0,1.40058,1.81784,7.22024,1.00952,9.42914,0.42336,18.483,0.42336,0,0,442.007,0,1.02816,0,0,2.42874,1.40058,1.028160,1,0,47.4218,0,0,0,47.4218,0
46.3763,1.84888,0,0,1.43679,0.232852,0.36288,3.6288,59.3738,0.363698,0,0,0.577419,0.218976,0,0.66528,12.849,1,0.501354,0.36288,0,40.0913,4.55154,35.4013,0.84672,12.849,0.84672,3695.15,0,18.483,0,1.26471,1.65091,8.20117,1.13446,9.98233,0.42336,18.483,0.42336,0,0,442.007,0,1.02816,0,0,2.29287,1.26471,1.028160,1,0,45.3836,0,0,0,45.3836,0
47.2534,1.83305,0,0,3.30335,0.230274,0.36288,3.6288,60.7528,0.363716,0,0,1.96168,0.218968,0,0.66528,12.849,1,0.507863,0.36288,0,116.019,4.55154,111.322,0.84672,12.849,0.84672,3695.15,0,18.483,0,6.13618,1.65093,14.644,1.13446,21.2967,0.42336,18.483,0.42336,0,0,442.007,0,1.02816,0,0,7.16434,6.13618,1.028160,1,0,132.619,0,0,0,132.619,0
47.8195,1.84689,0,0,3.00537,0.229567,0.36288,3.6288,61.1008,0.363734,0,0,0.931107,0.219424,0,0.66528,12.849,1,0.502201,0.36288,0,83.7089,4.47564,79.0939,0.84672,12.849,0.84672,3695.15,0,18.483,0,2.98909,1.65095,10.5993,1.12188,14.1175,0.42336,18.483,0.42336,0,0,442.007,0,1.02816,0,0,4.01725,2.98909,1.028160,1,0,93.2114,0,0,0,93.2114,0
48.2876,1.85567,0,0,2.89988,0.213181,0.36288,3.6288,61.308,0.363752,0,0,0.999768,0.211028,0.217778,0.66528,12.849,1,0.498616,0.36288,0,59.9715,4.02024,55.8156,0.84672,12.849,0.84672,3695.15,0,18.483,0,2.72495,1.65098,8.84313,1.0464,12.1727,0.42336,18.483,0.42336,0,0,442.007,0,1.02816,0,0,3.75311,2.72495,1.028160,1,0,68.206,0,0,0,68.206,0
48.4397,1.86282,0,0,2.63907,0.261335,0.36288,3.6288,61.308,0.363752,0,0,0.874396,0.195673,0.314971,0.66528,12.849,1,0.495684,0.36288,0,53.194,3.58923,49.4719,0.84672,12.849,0.84672,3695.15,0,18.483,0,1.44413,1.651,6.26829,0.969296,8.39412,0.42336,18.483,0.42336,0,0,442.007,0,1.02816,0,0,2.47229,1.44413,1.028160,1,0,58.181,0,0,0,58.181,0
47.9108,1.92358,0,0,2.02719,0.269624,0.36288,3.6288,61.308,0.408774,0,0,0.607728,0.193067,0.00588641,0.66528,12.849,1,0.510244,0.36288,0,45.1412,3.51739,41.4765,0.84672,12.849,0.84672,3695.15,0,18.483,0,0.557444,1.651,5.48638,0.956444,6.73838,0.42336,18.483,0.42336,0,0,442.007,0,1.02816,0,0,1.5856,0.557444,1.028160,1,0,48.2207,0,0,0,48.2207,0
48.8512,1.91529,0,0,3.48665,0.268076,0.36288,3.6288,61.308,0.408784,0,0,1.00789,0.193067,0.406037,0.66528,12.849,1,0.513653,0.36288,0,98.0018,3.51739,94.3336,0.84672,12.849,0.84672,3695.15,0,18.483,0,0.90898,1.70382,6.23214,0.956444,7.88849,0.42336,18.483,0.42336,0,0,442.007,0,1.02816,0,0,1.93714,0.90898,1.028160,1,0,102.628,0,0,0,102.628,0
49.1557,1.92999,0,0,2.86819,0.270829,0.36288,3.6288,61.308,0.408794,0,0,1.18852,0.193067,0.586657,0.66528,12.849,1,0.507632,0.36288,0,74.7299,3.51739,71.0678,0.84672,12.849,0.84672,3695.15,0,18.483,0,1.50636,1.70383,6.91917,0.956444,9.17292,0.42336,18.483,0.42336,0,0,442.007,0,1.02816,0,0,2.53452,1.50636,1.028160,1,0,80.8274,0,0,0,80.8274,0
51.3632,1.93469,0,0,4.7998,0.294697,0.36288,3.6288,61.308,0.408805,0,0,1.47378,0.186429,0.878543,0.66528,12.849,1,0.505716,0.36288,0,102.756,3.74118,98.8715,0.84672,12.849,0.84672,3695.15,0,18.483,0,1.08662,1.70384,7.0147,0.979624,8.82554,0.42336,18.483,0.42336,0,0,442.007,0,1.02816,0,0,2.11478,1.08662,1.028160,1,0,108.576,0,0,0,108.576,0
52.2477,2.15954,0,0,3.72982,0.322879,0.36288,3.6288,61.308,0.577772,0,0,0.800343,0.183357,0.039214,0.66528,12.849,1,0.540229,0.36288,0,61.8331,3.95367,57.7021,0.84672,12.849,0.84672,3695.15,0,18.483,0,0.539343,1.70386,5.17407,1.0295,6.38777,0.42336,18.483,0.42336,0,0,442.007,0,1.02816,0,0,1.5675,0.539343,1.028160,1,0,64.1291,0,0,0,64.1291,0
52.2092,2.17349,0,0,2.80971,0.311868,0.36288,3.6288,60.7016,0.939264,0,0,0.521048,0.188137,0,0.66528,12.849,1,0.534515,0.36288,0,48.9385,3.98457,44.7823,0.84672,12.849,0.84672,3695.15,0,18.483,0,0.503194,1.89231,4.80339,1.06243,6.13646,0.42336,18.483,0.42336,0,0,442.007,0,0.66668,0,0,1.16987,0.503194,1.028160,1,0,50.9188,0,0,0,50.9188,0
52.132,2.17291,0,0,2.73542,0.276787,0.36288,3.6288,60.1513,0.929555,0,0,0.578533,0.199322,0,0.66528,12.849,1,0.534766,0.36288,0,75.939,4.06182,71.7053,0.84672,12.849,0.84672,3695.15,0,18.483,0,0.608429,1.89232,4.52796,1.14476,5.88396,0.42336,18.483,0.42336,0,0,442.007,0,0.6764,0,0,1.28483,0.608429,1.028160,1,0,77.5893,0,0,0,77.5893,0
52.8457,2.17172,0,0,3.52717,0.278931,0.36288,3.6288,60.3945,0.685287,0,0,1.13953,0.211054,0,0.66528,12.849,1,0.535264,0.36288,0,76.6895,4.33947,72.1777,0.84672,12.849,0.84672,3695.15,0,18.483,0,0.608429,1.89234,5.11539,1.20738,6.40877,0.42336,18.483,0.42336,0,0,442.007,0,0.920678,0,0,1.52911,0.608429,1.028160,1,0,78.5864,0,0,0,78.5864,0
54.1422,1.90611,0,0,3.84928,0.283764,0.36288,3.6288,61.1198,0.351068,0,0,1.24986,0.173437,0,0.66528,12.849,1,0.463456,0.36288,0,87.4074,4.24883,83.058,0.84672,12.849,0.84672,3695.15,0,18.483,0,1.37602,1.89235,7.10372,1.06849,9.3036,0.42336,18.483,0.42336,0,0,442.007,0,1.02816,0,0,2.40418,1.37602,1.028160,1,0,92.3616,0,0,0,92.3616,0
55.0855,1.92327,0,0,3.51697,0.287541,0.36288,3.6288,61.308,0.351077,0,0,1.0315,0.174237,0.318038,0.66528,12.849,1,0.45643,0.36288,0,79.2521,4.24883,74.9098,0.84672,12.849,0.84672,3695.15,0,18.483,0,0.849467,1.63458,6.04279,1.06849,7.45835,0.42336,18.483,0.42336,0,0,442.007,0,1.02816,0,0,1.87763,0.849467,1.028160,1,0,82.6861,0,0,0,82.6861,0
56.3075,1.93543,0,0,3.81063,0.290289,0.36288,3.6288,61.308,0.351087,0,0,1.04416,0.174445,0.51863,0.66528,12.849,1,0.451451,0.36288,0,86.559,4.24883,82.2216,0.84672,12.849,0.84672,3695.15,0,18.483,0,0.79806,1.63459,6.03857,1.06849,7.40273,0.42336,18.483,0.42336,0,0,442.007,0,1.02816,0,0,1.82622,0.79806,1.028160,1,0,90.1429,0,0,0,90.1429,0
56.9459,1.9508,0,0,3.25639,0.304315,0.36288,3.6288,61.308,0.351097,0,0,1.01074,0.190436,0.469209,0.66528,12.849,1,0.445159,0.36288,0,72.6071,3.7863,68.7385,0.84672,12.849,0.84672,3695.15,0,18.483,0,0.600765,1.63461,5.31018,1.06774,6.47781,0.42336,18.483,0.42336,0,0,442.007,0,1.02816,0,0,1.62893,0.600765,1.028160,1,0,75.6855,0,0,0,75.6855,0
56.9008,1.95866,0,0,2.57105,0.294634,0.36288,3.6288,61.308,0.351106,0,0,0.724671,0.169496,0.20407,0.66528,12.849,1,0.441943,0.36288,0,55.1248,4.05867,50.987,0.84672,12.849,0.84672,3695.15,0,18.483,0,0.631126,1.63462,4.39138,0.962014,5.6951,0.42336,18.483,0.42336,0,0,442.007,0,1.02816,0,0,1.65929,0.631126,1.028160,1,0,56.8862,0,0,0,56.8862,0
56.7847,2.02967,0,0,2.57102,0.294503,0.36288,3.6288,61.308,0.406589,0,0,0.68999,0.169496,0.113906,0.66528,12.849,1,0.458328,0.36288,0,67.1097,4.05867,62.9556,0.84672,12.849,0.84672,3695.15,0,18.483,0,0.559492,1.63463,4.12191,0.962014,5.35402,0.42336,18.483,0.42336,0,0,442.007,0,1.02816,0,0,1.58765,0.559492,1.028160,1,0,68.4235,0,0,0,68.4235,0
56.2573,2.02821,0,0,2.15786,0.294166,0.36288,3.6288,61.2883,0.406599,0,0,0.556442,0.169496,0,0.66528,12.849,1,0.458934,0.36288,0,45.8559,4.05867,41.7011,0.84672,12.849,0.84672,3695.15,0,18.483,0,0.730512,1.69829,3.32342,0.962014,4.79021,0.42336,18.483,0.42336,0,0,442.007,0,1.02816,0,0,1.75867,0.730512,1.028160,1,0,46.4913,0,0,0,46.4913,0
55.826,2.02149,0,0,2.23157,0.278579,0.36288,3.6288,61.2292,0.406609,0,0,0.481573,0.134093,0,0.66528,12.849,1,0.461701,0.36288,0,49.9499,3.35721,46.4939,0.84672,12.849,0.84672,3695.15,0,18.483,0,0.700635,1.6983,2.74637,0.86372,4.28159,0.42336,18.483,0.42336,0,0,442.007,0,1.02816,0,0,1.72879,0.700635,1.028160,1,0,50.7755,0,0,0,50.7755,0
55.272,2.01593,0,0,2.06211,0.237239,0.36288,3.6288,61.2444,0.406619,0,0,0.566076,0.144261,0,0.66528,12.849,1,0.463989,0.36288,0,44.6711,3.75117,40.8189,0.84672,12.849,0.84672,3695.15,0,18.483,0,0.537607,1.69831,2.74935,1.00157,3.98371,0.42336,18.483,0.42336,0,0,442.007,0,1.02816,0,0,1.56577,0.537607,1.028160,1,0,44.8026,0,0,0,44.8026,0
54.5855,1.98102,0,0,1.8946,0.237254,0.36288,3.6288,61.1403,0.485402,0,0,0.561444,0.180157,0,0.66528,12.849,1,0.460525,0.36288,0,40.9032,4.37726,36.4283,0.84672,12.849,0.84672,3695.15,0,18.483,0,0.528595,1.69832,2.75911,1.11003,3.876,0.42336,18.483,0.42336,0,0,442.007,0,0.927841,0,0,1.45644,0.528595,1.028160,1,0,40.3043,0,0,0,40.3043,0
53.8318,1.97206,0,0,1.74449,0.163196,0.36288,3.6288,60.8143,0.601707,0,0,0.494948,0.219234,0,0.66528,12.849,1,0.464208,0.36288,0,37.3939,4.72322,32.5694,0.84672,12.849,0.84672,3695.15,0,18.483,0,0.528595,1.67356,2.57159,1.13069,3.64306,0.42336,18.483,0.42336,0,0,442.007,0,0.811547,0,0,1.34014,0.528595,1.028160,1,0,36.2124,0,0,0,36.2124,0
53.0463,1.96206,0,0,1.70135,0.161955,0.36288,3.6288,60.7637,0.385103,0,0,0.553256,0.218782,0,0.66528,12.849,1,0.468319,0.36288,0,36.2212,4.72322,31.3926,0.84672,12.849,0.84672,3695.15,0,18.483,0,0.483149,1.67357,3.0439,1.13069,4.06993,0.42336,18.483,0.42336,0,0,442.007,0,1.02816,0,0,1.51131,0.483149,1.028160,1,0,35.4625,0,0,0,35.4625,0
52.1546,1.95144,0,0,1.58327,0.160671,0.36288,3.6288,60.5827,0.516484,0,0,0.546322,0.210847,0,0.66528,12.849,1,0.472682,0.36288,0,31.9452,4.50775,27.3276,0.84672,12.849,0.84672,3695.15,0,18.483,0,0.402797,1.67358,2.54877,1.07204,3.55311,0.42336,18.483,0.42336,0,0,442.007,0,0.896789,0,0,1.29959,0.402797,1.028160,1,0,30.8807,0,0,0,30.8807,0
50.9545,2.03113,0,0,1.35322,0.159224,0.36288,3.6288,60.157,0.718702,0,0,0.484046,0.190966,0,0.66528,12.849,1,0.500397,0.36288,0,23.9941,3.9691,19.8874,0.84672,12.849,0.84672,3695.15,0,18.483,0,0.402797,1.6736,2.2369,0.925416,3.38787,0.42336,18.483,0.42336,0,0,442.007,0,0.77099,0,0,1.17379,0.402797,1.028160,1,0,23.2753,0,0,0,23.2753,0
49.5901,2.01335,0,0,1.16899,0.157249,0.36288,3.6288,59.5646,0.823628,0,0,0.421628,0.19045,0,0.66528,12.849,1,0.507698,0.36288,0,21.643,3.9691,17.5291,0.84672,12.849,0.84672,3695.15,0,18.483,0,0.402797,1.76024,2.03859,0.925416,3.27621,0.42336,18.483,0.42336,0,0,442.007,0,0.666075,0,0,1.06887,0.402797,1.028160,1,0,20.8053,0,0,0,20.8053,0
48.1174,1.99249,0,0,1.03773,0.155002,0.36288,3.6288,58.9412,0.796267,0,0,0.362643,0.189732,0,0.66528,12.849,1,0.516262,0.36288,0,20.4809,3.9691,16.3584,0.84672,12.849,0.84672,3695.15,0,18.483,0,0.30119,1.76025,2.01585,0.925416,3.15187,0.42336,18.483,0.42336,0,0,442.007,0,0.693446,0,0,0.994637,0.30119,1.028160,1,0,19.5102,0,0,0,19.5102,0
46.5941,1.96917,0,0,0.953692,0.144924,0.36288,3.6288,58.2901,0.805436,0,0,0.352972,0.198706,0,0.66528,12.849,1,0.525835,0.36288,0,18.7657,4.16474,14.438,0.84672,12.849,0.84672,3695.15,0,18.483,0,0.30119,1.76026,1.95902,0.978801,3.04167,0.42336,18.483,0.42336,0,0,442.007,0,0.684288,0,0,0.985478,0.30119,1.028160,1,0,17.4797,0,0,0,17.4797,0
45.1805,1.94411,0,0,0.991112,0.0977247,0.36288,3.6288,57.0252,1.32299,0,0,0.303015,0.244848,0,0.66528,12.849,1,0.536117,0.36288,0,19.4264,5.31741,13.9358,0.84672,12.849,0.84672,3695.15,0,18.483,0,0.30119,1.76027,1.3865,1.15848,2.28949,0.42336,18.483,0.42336,0,0,442.007,0,0.166747,0,0,0.467937,0.30119,1.028160,1,0,16.2253,0,0,0,16.2253,0
43.7427,1.90278,0,0,0.924048,0.0961938,0.36288,3.6288,55.6897,1.38385,0,0,0.291154,0.242852,0,0.66528,12.849,1,0.541136,0.36288,0,19.1694,5.31741,13.6737,0.84672,12.849,0.84672,3695.15,0,18.483,0,0.30119,1.76029,1.41675,1.15848,2.31975,0.42336,18.483,0.42336,0,0,442.007,0,0.147891,0,0,0.449081,0.30119,1.028160,1,0,15.9935,0,0,0,15.9935,0
42.2448,1.87752,0,0,0.83706,0.0946366,0.36288,3.6288,54.3609,1.36626,0,0,0.27822,0.240745,0,0.66528,12.849,1,0.551503,0.36288,0,18.8387,5.31741,13.3327,0.84672,12.849,0.84672,3695.15,0,18.483,0,0.261274,1.78729,1.33841,1.15848,2.22849,0.42336,18.483,0.42336,0,0,442.007,0,0.165489,0,0,0.426762,0.261274,1.028160,1,0,15.5612,0,0,0,15.5612,0
40.7044,1.85015,0,0,0.762143,0.0894352,0.36288,3.6288,52.9679,1.40704,0,0,0.263117,0.249136,0,0.66528,12.849,1,0.562735,0.36288,0,16.5835,5.45856,10.9251,0.84672,12.849,0.84672,3695.15,0,18.483,0,0.261274,1.7873,1.29903,1.21,2.1376,0.42336,18.483,0.42336,0,0,442.007,0,0.124727,0,0,0.386001,0.261274,1.028160,1,0,13.0627,0,0,0,13.0627,0
39.1882,1.82082,0,0,0.734676,0.0672161,0.36288,3.6288,51.5585,1.39506,0,0,0.290743,0.305089,0,0.66528,12.849,1,0.574772,0.36288,0,14.3005,6.07116,8.01744,0.84672,12.849,0.84672,3695.15,0,18.483,0,0.261274,1.78731,1.28391,1.46955,1.86295,0.42336,18.483,0.42336,0,0,442.007,0,0.136713,0,0,0.397987,0.261274,1.028160,1,0,9.88039,0,0,0,9.88039,0
37.6874,1.83249,0,0,0.760925,0.066379,0.36288,3.6288,50.2034,1.37506,0,0,0.318848,0.298872,0,0.66528,12.849,1,0.600837,0.36288,0,18.7695,5.89544,12.6361,0.84672,12.849,0.84672,3695.15,0,18.483,0,0.261274,1.78733,1.45185,1.43236,2.06809,0.42336,18.483,0.42336,0,0,442.007,0,0.194154,0,0,0.455427,0.261274,1.028160,1,0,14.7042,0,0,0,14.7042,0
36.1683,1.80065,0,0,0.709664,0.0652289,0.36288,3.6288,48.8092,1.38094,0,0,0.282415,0.295594,0,0.66528,12.849,1,0.613906,0.36288,0,14.8483,5.89544,8.70181,0.84672,12.849,0.84672,3695.15,0,18.483,0,0.261274,1.83035,1.32519,1.43236,1.98446,0.42336,18.483,0.42336,0,0,442.007,0,0.188287,0,0,0.449561,0.261274,1.028160,1,0,10.6863,0,0,0,10.6863,0
34.6199,1.76697,0,0,0.645512,0.0640648,0.36288,3.6288,47.3649,1.41744,0,0,0.265276,0.292222,0,0.66528,12.849,1,0.627727,0.36288,0,13.6535,5.89544,7.49325,0.84672,12.849,0.84672,3695.15,0,18.483,0,0.227405,1.83036,1.21283,1.43236,1.83824,0.42336,18.483,0.42336,0,0,442.007,0,0.151801,0,0,0.379206,0.227405,1.028160,1,0,9.33149,0,0,0,9.33149,0
33.1561,1.73104,0,0,0.688989,0.0588039,0.36288,3.6288,46.0792,1.31258,0,0,0.310295,0.283391,0,0.66528,12.849,1,0.642469,0.36288,0,13.3586,5.93934,7.13963,0.84672,12.849,0.84672,3695.15,0,18.483,0,0.227405,1.83037,1.71724,1.45821,2.31681,0.42336,18.483,0.42336,0,0,442.007,0,0.256669,0,0,0.484074,0.227405,1.028160,1,0,9.45644,0,0,0,9.45644,0
31.3458,1.80873,0,0,0.430272,0.0690269,0.36288,3.6288,44.4113,1.6358,0,0,0.227743,0.259793,0,0.66528,12.849,1,0.700938,0.36288,0,9.89064,5.44583,4.10676,0.84672,12.849,0.84672,3695.15,0,18.483,0,0.227405,1.83039,1.28428,1.432,1.91007,0.42336,18.483,0.42336,0,0,442.007,0,0.0576366,0,0,0.285041,0.227405,1.028160,1,0,6.01683,0,0,0,6.01683,0
29.5727,1.75938,0,0,0.416664,0.0674763,0.36288,3.6288,42.7316,1.64349,0,0,0.219502,0.25578,0,0.66528,12.849,1,0.721189,0.36288,0,9.80312,5.44583,3.99898,0.84672,12.849,0.84672,3695.15,0,18.483,0,0.227405,1.96762,1.29762,1.432,2.06064,0.42336,18.483,0.42336,0,0,442.007,0,0.0499461,0,0,0.277351,0.227405,1.028160,1,0,6.05962,0,0,0,6.05962,0
27.9523,1.70819,0,0,0.516596,0.0659102,0.36288,3.6288,41.126,1.5888,0,0,0.234976,0.251739,0,0.66528,12.849,1,0.742189,0.36288,0,9.59982,5.44583,3.77468,0.84672,12.849,0.84672,3695.15,0,18.483,0,0.204422,1.96762,1.90331,1.432,2.64335,0.42336,18.483,0.42336,0,0,442.007,0,0.104636,0,0,0.309058,0.204422,1.028160,1,0,6.41804,0,0,0,6.41804,0
26.2556,1.65874,0,0,0.39097,0.0660529,0.36288,3.6288,39.4681,1.61981,0,0,0.209827,0.247911,0,0.66528,12.849,1,0.76248,0.36288,0,9.08963,5.45692,3.2331,0.84672,12.849,0.84672,3695.15,0,18.483,0,0.204422,1.96763,1.25917,1.42983,2.00139,0.42336,18.483,0.42336,0,0,442.007,0,0.0736301,0,0,0.278052,0.204422,1.028160,1,0,5.23449,0,0,0,5.23449,0
24.5277,1.60397,0,0,0.306468,0.0674952,0.36288,3.6288,38.0951,1.49446,0,0,0.362045,0.240566,0,0.66528,12.0745,1,0.784951,0.36288,0,7.87709,5.23651,3.20544,0.84672,12.0745,0.84672,3694.94,0,18.483,0,0.204422,1.96763,1.23055,1.34366,2.05894,0.42336,18.483,0.42336,0,0,442.007,0,0.198982,0,0,0.403404,0.204422,1.028160,1,0,5.26438,0,0,0,5.26438,0
22.8521,1.5187,0,0,0.270719,0.0648288,0.36288,3.6288,36.5,1.57374,0,0,0.215431,0.23685,0,0.66528,11.3381,1,0.74762,0.36288,0,8.08289,5.18868,3.20544,0.84672,11.3381,0.84672,3694.98,0,18.483,0,0.204422,1.96763,0.927193,1.33147,1.76778,0.42336,18.483,0.42336,0,0,442.007,0,0.0486778,0,0,0.2531,0.204422,1.028160,1,0,4.97322,0,0,0,4.97322,0
21.1698,1.47974,0,0,0.22371,0.0632976,0.36288,3.6288,34.8426,1.6139,0,0,0.189791,0.233233,0,0.66528,10.6131,1,0.73418,0.36288,0,7.46289,5.18868,3.20544,0.84672,10.6131,0.84672,3694.4,0,18.483,0,0.216518,1.89265,0.858652,1.33147,1.63635,0.42336,18.483,0.42336,0,0,442.007,0,0.00853287,0,0,0.225051,0.216518,1.028160,1,0,4.84179,0,0,0,4.84179,0
19.6682,1.43647,0,0,0.415843,0.118128,0.36288,3.6288,33.4115,1.55778,0,0,0.295263,0.168647,0,0.66528,12.849,1,0.720148,0.36288,0,13.1772,4.15053,5.68397,0.84672,12.849,0.84672,3695.15,0,18.483,0,0.216518,1.89266,1.49084,1.00698,2.59304,0.42336,18.483,0.42336,0,0,442.007,0,0.0646566,0,0,0.281175,0.216518,1.028160,1,0,8.27701,0,0,0,8.27701,0
18.703,1.32187,0,0,0.866635,0.147057,0.36288,3.6288,32.3733,1.34913,0,0,0.47465,0.163648,0,0.66528,12.849,1,0.84672,0.36288,0,24.422,3.78405,20.1541,0.84672,12.849,0.84672,3695.15,0,18.483,0,0.216518,1.89268,2.50802,0.914043,3.70317,0.42336,18.483,0.42336,0,0,442.007,0,0.273326,0,0,0.489844,0.216518,1.028160,1,0,23.8573,0,0,0,23.8573,0
17.6097,1.24533,0,0,0.672236,0.157328,0.36288,3.6288,31.1483,1.32625,0,0,0.291277,0.190054,0,0.66528,12.849,1,0.84672,0.36288,0,16.6528,3.84909,12.3199,0.84672,12.849,0.84672,3695.15,0,18.483,0,0.216518,1.89269,2.06398,0.963182,3.21001,0.42336,18.483,0.42336,0,0,442.007,0,0.221566,0,0,0.438084,0.216518,1.028160,1,0,15.5299,0,0,0,15.5299,0
16.6685,1.20806,0,0,0.784649,0.154895,0.36288,3.6288,30.7808,0.751155,0,0,0.571188,0.187524,0,0.66528,12.849,1,0.84672,0.36288,0,19.3838,3.84909,15.0509,0.84672,12.849,0.84672,3695.15,0,18.483,0,0.216518,1.81852,3.27702,0.963182,4.34888,0.42336,18.483,0.42336,0,0,442.007,0,0.796669,0,0,1.01319,0.216518,1.028160,1,0,19.3998,0,0,0,19.3998,0
17.0728,1.17412,0,0,2.09406,0.152801,0.36288,3.6288,31.4732,0.519675,0,0,1.3988,0.186765,0,0.66528,12.849,1,0.84672,0.36288,0,56.9666,3.84909,52.6337,0.84672,12.849,0.84672,3695.15,0,18.483,0,0.867499,1.81853,6.18692,0.963182,7.90977,0.42336,18.483,0.42336,0,0,442.007,0,1.02816,0,0,1.89566,0.867499,1.028160,1,0,60.5435,0,0,0,60.5435,0
16.568,1.18893,0,0,1.22587,0.178876,0.36288,3.6288,30.8329,1.17807,0,0,0.70384,0.166018,0,0.66528,12.849,1,0.84672,0.36288,0,31.7494,3.57868,27.6869,0.84672,12.849,0.84672,3695.15,0,18.483,0,0.292723,1.81854,3.2117,0.890013,4.43296,0.42336,18.483,0.42336,0,0,442.007,0,0.369774,0,0,0.662497,0.292723,1.028160,1,0,32.1198,0,0,0,32.1198,0
16.1654,1.06276,0,0,1.21008,0.187059,0.36288,3.6288,30.6253,0.617173,0,0,0.59783,0.188289,0,0.66528,12.849,1,0.824205,0.36288,0,24.4885,4.50293,19.5243,0.84672,12.849,0.84672,3695.15,0,18.483,0,0.292723,1.81856,3.4026,1.24146,4.27242,0.42336,18.483,0.42336,0,0,442.007,0,0.775207,0,0,1.06793,0.292723,1.028160,1,0,23.7967,0,0,0,23.7967,0
16.1833,1.04573,0,0,1.61247,0.185911,0.36288,3.6288,30.9115,0.364229,0,0,0.8383,0.187857,0,0.66528,12.849,1,0.831198,0.36288,0,42.2217,4.50293,37.2504,0.84672,12.849,0.84672,3695.15,0,18.483,0,0.449807,1.65155,4.74948,1.24146,5.60938,0.42336,18.483,0.42336,0,0,442.007,0,1.02816,0,0,1.47797,0.449807,1.028160,1,0,42.8598,0,0,0,42.8598,0
15.9497,1.04651,0,0,1.36173,0.18598,0.36288,3.6288,30.522,0.804507,0,0,0.603402,0.188453,0,0.66528,12.849,1,0.83089,0.36288,0,29.0559,4.50293,24.085,0.84672,12.849,0.84672,3695.15,0,18.483,0,0.412474,1.65156,4.67339,1.24146,5.49597,0.42336,18.483,0.42336,0,0,442.007,0,0.587892,0,0,1.00037,0.412474,1.028160,1,0,29.5809,0,0,0,29.5809,0
15.7639,1.0365,0,0,1.39265,0.179076,0.36288,3.6288,30.3679,0.668385,0,0,0.686739,0.172387,0,0.66528,12.849,1,0.835001,0.36288,0,29.517,4.08163,24.9632,0.84672,12.849,0.84672,3695.15,0,18.483,0,0.412474,1.65157,4.89849,1.12901,5.83353,0.42336,18.483,0.42336,0,0,442.007,0,0.724023,0,0,1.1365,0.412474,1.028160,1,0,30.7968,0,0,0,30.7968,0
17.4186,1.02847,0,0,3.20212,0.156043,0.36288,3.6288,30.7477,0.364258,0,0,0.917438,0.173421,0,0.66528,12.849,1,0.838301,0.36288,0,70.8572,4.39296,65.9888,0.84672,12.849,0.84672,3695.15,0,18.483,0,0.843445,1.65159,5.66222,1.18469,6.97255,0.42336,18.483,0.42336,0,0,442.007,0,1.02816,0,0,1.87161,0.843445,1.028160,1,0,72.9613,0,0,0,72.9613,0
18.7122,1.13226,0,0,2.94596,0.157246,0.36288,3.6288,30.8664,0.409288,0,0,0.717975,0.18998,0,0.66528,12.849,1,0.835222,0.36288,0,80.9004,4.93878,75.4893,0.84672,12.849,0.84672,3695.15,0,18.483,0,0.692876,1.6516,4.45246,1.31941,5.47752,0.42336,18.483,0.42336,0,0,442.007,0,1.02816,0,0,1.72104,0.692876,1.028160,1,0,80.9668,0,0,0,80.9668,0
19.786,1.1849,0,0,2.78362,0.161994,0.36288,3.6288,30.8401,0.477718,0,0,0.619371,0.167971,0,0.66528,12.849,1,0.813633,0.36288,0,60.8888,4.11859,56.3194,0.84672,12.849,0.84672,3695.15,0,18.483,0,0.503194,1.70443,3.22418,1.12147,4.31034,0.42336,18.483,0.42336,0,0,442.007,0,0.959731,0,0,1.46292,0.503194,1.028160,1,0,60.6297,0,0,0,60.6297,0
20.1099,1.22658,0,0,2.08273,0.169365,0.36288,3.6288,30.9924,0.444758,0,0,0.735148,0.138118,0,0.66528,12.849,1,0.796542,0.36288,0,51.3908,3.67206,47.2851,0.84672,12.849,0.84672,3695.15,0,18.483,0,0.503194,1.70443,2.78585,1.17402,3.81945,0.42336,18.483,0.42336,0,0,442.007,0,0.992693,0,0,1.49589,0.503194,1.028160,1,0,51.1045,0,0,0,51.1045,0
21.0033,1.23882,0,0,2.67191,0.176816,0.36288,3.6288,31.1871,0.409292,0,0,0.74396,0.13991,0,0.66528,12.849,1,0.791527,0.36288,0,59.5134,3.76203,55.3227,0.84672,12.849,0.84672,3695.15,0,18.483,0,0.578569,1.70443,4.24977,1.1248,5.40797,0.42336,18.483,0.42336,0,0,442.007,0,1.02816,0,0,1.60673,0.578569,1.028160,1,0,60.7306,0,0,0,60.7306,0
20.9405,1.39963,0,0,1.89566,0.195932,0.36288,3.6288,31.1534,0.578307,0,0,0.688753,0.144118,0,0.66528,12.849,1,0.84672,0.36288,0,44.2414,3.98695,39.7706,0.84672,12.849,0.84672,3695.15,0,18.483,0,0.580012,1.70443,3.74586,1.00174,5.02857,0.42336,18.483,0.42336,0,0,442.007,0,1.02816,0,0,1.60817,0.580012,1.028160,1,0,44.7992,0,0,0,44.7992,0
25.1504,1.39767,0,0,6.16623,0.195764,0.36288,3.6288,31.0642,0.578309,0,0,0.633169,0.144065,0,0.66528,12.849,1,0.84672,0.36288,0,94.6538,3.98695,90.183,0.84672,12.849,0.84672,3695.15,0,18.483,0,0.87969,1.89294,5.12593,1.00174,6.89682,0.42336,18.483,0.42336,0,0,442.007,0,1.02816,0,0,1.90785,0.87969,1.028160,1,0,97.0798,0,0,0,97.0798,0
25.8238,1.5487,0,0,2.79252,0.207606,0.36288,3.6288,30.3393,0.990084,0,0,0.40907,0.143923,0,0.66528,12.849,1,0.791207,0.36288,0,49.4407,3.98695,45.0254,0.84672,12.849,0.84672,3695.15,0,18.483,0,0.608429,1.89294,3.14419,1.00174,4.64382,0.42336,18.483,0.42336,0,0,442.007,0,0.616386,0,0,1.22482,0.608429,1.028160,1,0,49.6692,0,0,0,49.6692,0
26.5004,1.57143,0,0,2.79554,0.184631,0.36288,3.6288,29.6897,0.988297,0,0,0.492075,0.15335,0,0.66528,12.849,1,0.781887,0.36288,0,51.3946,3.84225,47.1334,0.84672,12.849,0.84672,3695.15,0,18.483,0,0.608429,1.89294,3.89318,0.931366,5.46318,0.42336,18.483,0.42336,0,0,442.007,0,0.618175,0,0,1.2266,0.608429,1.028160,1,0,52.5965,0,0,0,52.5965,0
29.4661,1.39172,0,0,4.90885,0.188536,0.36288,3.6288,30.2425,0.351494,0,0,1.05541,0.151131,0,0.66528,12.849,1,0.67479,0.36288,0,92.1853,3.69915,88.1743,0.84672,12.849,0.84672,3695.15,0,18.483,0,0.865659,1.89294,5.81528,0.901886,7.672,0.42336,18.483,0.42336,0,0,442.007,0,1.02816,0,0,1.89382,0.865659,1.028160,1,0,95.8463,0,0,0,95.8463,0
31.7764,1.47199,0,0,4.34151,0.196395,0.36288,3.6288,30.567,0.397114,0,0,0.873634,0.152066,0,0.66528,12.849,1,0.641875,0.36288,0,68.847,3.69915,64.8688,0.84672,12.849,0.84672,3695.15,0,18.483,0,0.608429,1.63509,5.53582,0.901886,6.87745,0.42336,18.483,0.42336,0,0,442.007,0,0.982541,0,0,1.59097,0.608429,1.028160,1,0,71.7463,0,0,0,71.7463,0
33.43,1.52929,0,0,3.76108,0.215256,0.36288,3.6288,31.0453,0.351496,0,0,0.96482,0.134971,0,0.66528,12.849,1,0.618378,0.36288,0,71.5535,3.73092,67.567,0.84672,12.849,0.84672,3695.15,0,18.483,0,0.809931,1.63509,5.41404,0.844945,7.01411,0.42336,18.483,0.42336,0,0,442.007,0,1.02816,0,0,1.83809,0.809931,1.028160,1,0,74.5812,0,0,0,74.5812,0
34.6971,1.56779,0,0,3.41972,0.221928,0.36288,3.6288,31.6043,0.351498,0,0,1.04322,0.132731,0,0.66528,12.849,1,0.602588,0.36288,0,60.3722,3.73622,56.3963,0.84672,12.849,0.84672,3695.15,0,18.483,0,1.1438,1.63509,6.61488,0.835455,8.55831,0.42336,18.483,0.42336,0,0,442.007,0,1.02816,0,0,2.17196,1.1438,1.028160,1,0,64.9546,0,0,0,64.9546,0
35.9861,1.59599,0,0,3.44822,0.20037,0.36288,3.6288,31.4886,0.708063,0,0,0.724844,0.132453,0,0.66528,12.849,1,0.591025,0.36288,0,45.9256,3.26831,42.4291,0.84672,12.849,0.84672,3695.15,0,18.483,0,0.558835,1.63509,4.1276,0.750102,5.57142,0.42336,18.483,0.42336,0,0,442.007,0,0.671596,0,0,1.23043,0.558835,1.028160,1,0,48.0005,0,0,0,48.0005,0
37.5486,1.68291,0,0,3.80753,0.199277,0.36288,3.6288,31.8041,0.406989,0,0,0.854539,0.132102,0,0.66528,12.849,1,0.60089,0.36288,0,56.9226,3.19032,53.4942,0.84672,12.849,0.84672,3695.15,0,18.483,0,0.622858,1.63509,3.4857,0.735877,5.00777,0.42336,18.483,0.42336,0,0,442.007,0,1.02816,0,0,1.65102,0.622858,1.028160,1,0,58.502,0,0,0,58.502,0
37.7286,1.71615,0,0,2.46205,0.203009,0.36288,3.6288,31.3141,0.928026,0,0,0.570631,0.13256,0,0.66528,12.849,1,0.58726,0.36288,0,36.7358,3.19032,33.3211,0.84672,12.849,0.84672,3695.15,0,18.483,0,0.528595,1.69876,2.29367,0.735877,3.78515,0.42336,18.483,0.42336,0,0,442.007,0,0.507125,0,0,1.03572,0.528595,1.028160,1,0,37.1063,0,0,0,37.1063,0
37.4017,1.71988,0,0,1.95931,0.203439,0.36288,3.6288,30.5352,1.10961,0,0,0.462507,0.131849,0,0.66528,12.849,1,0.58573,0.36288,0,26.5663,3.19032,23.1531,0.84672,12.849,0.84672,3695.15,0,18.483,0,0.528595,1.69876,2.1645,0.735877,3.65598,0.42336,18.483,0.42336,0,0,442.007,0,0.325547,0,0,0.854142,0.528595,1.028160,1,0,26.8091,0,0,0,26.8091,0
37.3675,1.71309,0,0,2.22327,0.181484,0.36288,3.6288,29.9286,0.972844,0,0,0.492348,0.126059,0,0.66528,12.849,1,0.588516,0.36288,0,37.4386,3.28462,33.9283,0.84672,12.849,0.84672,3695.15,0,18.483,0,0.528595,1.69877,2.52912,0.837078,3.9194,0.42336,18.483,0.42336,0,0,442.007,0,0.462309,0,0,0.990904,0.528595,1.028160,1,0,37.8477,0,0,0,37.8477,0
37.4944,1.68878,0,0,2.3465,0.167897,0.36288,3.6288,29.2749,0.95945,0,0,0.446549,0.140865,0,0.66528,12.849,1,0.580695,0.36288,0,39.1104,3.87033,35.0223,0.84672,12.849,0.84672,3695.15,0,18.483,0,0.528595,1.69877,2.55682,0.964743,3.81944,0.42336,18.483,0.42336,0,0,442.007,0,0.454153,0,0,0.982748,0.528595,1.028160,1,0,38.8417,0,0,0,38.8417,0
37.4954,1.69139,0,0,2.17339,0.118207,0.36288,3.6288,28.4841,1.03308,0,0,0.406916,0.164546,0,0.66528,12.849,1,0.579624,0.36288,0,35.8893,4.15863,31.5139,0.84672,12.849,0.84672,3695.15,0,18.483,0,0.528595,1.67399,2.41224,0.981957,3.63287,0.42336,18.483,0.42336,0,0,442.007,0,0.380523,0,0,0.909118,0.528595,1.028160,1,0,35.1468,0,0,0,35.1468,0
37.4465,1.69141,0,0,2.12361,0.118208,0.36288,3.6288,27.9992,0.778583,0,0,0.456692,0.163083,0,0.66528,12.849,1,0.579617,0.36288,0,34.8435,4.15863,30.4681,0.84672,12.849,0.84672,3695.15,0,18.483,0,0.402797,1.67399,2.87165,0.981957,3.96648,0.42336,18.483,0.42336,0,0,442.007,0,0.635023,0,0,1.03782,0.402797,1.028160,1,0,34.4346,0,0,0,34.4346,0
37.3541,1.69041,0,0,2.07646,0.115579,0.36288,3.6288,27.4145,0.879102,0,0,0.456077,0.161665,0,0.66528,12.849,1,0.580029,0.36288,0,33.7672,4.18564,29.3644,0.84672,12.849,0.84672,3695.15,0,18.483,0,0.402797,1.67399,2.39773,0.984507,3.49001,0.42336,18.483,0.42336,0,0,442.007,0,0.534505,0,0,0.937302,0.402797,1.028160,1,0,32.8544,0,0,0,32.8544,0
36.7617,1.7686,0,0,1.63919,0.100099,0.36288,3.6288,26.9441,0.7126,0,0,0.399689,0.157511,0,0.66528,12.849,1,0.608362,0.36288,0,27.2583,4.34774,22.6651,0.84672,12.849,0.84672,3695.15,0,18.483,0,0.402797,1.67399,1.95775,0.999808,3.03474,0.42336,18.483,0.42336,0,0,442.007,0,0.777436,0,0,1.18023,0.402797,1.028160,1,0,25.6999,0,0,0,25.6999,0
36.163,1.7557,0,0,1.61932,0.0994,0.36288,3.6288,26.4842,0.73421,0,0,0.431009,0.156681,0,0.66528,12.849,1,0.613655,0.36288,0,26.4457,4.34774,21.8472,0.84672,12.849,0.84672,3695.15,0,18.483,0,0.402797,1.76064,2.12128,0.999808,3.28492,0.42336,18.483,0.42336,0,0,442.007,0,0.755827,0,0,1.15862,0.402797,1.028160,1,0,25.1321,0,0,0,25.1321,0
35.4762,1.74243,0,0,1.51718,0.0986932,0.36288,3.6288,26.0628,0.66993,0,0,0.404435,0.155869,0,0.66528,12.849,1,0.619099,0.36288,0,24.6746,4.34774,20.0707,0.84672,12.849,0.84672,3695.15,0,18.483,0,0.30119,1.76064,1.89676,0.999808,2.95878,0.42336,18.483,0.42336,0,0,442.007,0,0.820109,0,0,1.1213,0.30119,1.028160,1,0,23.0295,0,0,0,23.0295,0
34.7257,1.72691,0,0,1.42339,0.0840855,0.36288,3.6288,25.5405,0.738126,0,0,0.383238,0.167395,0,0.66528,12.849,1,0.625464,0.36288,0,23.0063,4.73723,18.0065,0.84672,12.849,0.84672,3695.15,0,18.483,0,0.30119,1.76064,1.86107,1.0551,2.86781,0.42336,18.483,0.42336,0,0,442.007,0,0.751913,0,0,1.0531,0.30119,1.028160,1,0,20.8743,0,0,0,20.8743,0
34.2879,1.70959,0,0,1.70576,0.0710958,0.36288,3.6288,25.4378,0.461881,0,0,0.533021,0.17389,0,0.66528,12.849,1,0.632571,0.36288,0,32.0048,4.86459,26.8705,0.84672,12.849,0.84672,3695.15,0,18.483,0,0.816877,1.76065,2.55261,1.14588,3.98426,0.42336,18.483,0.42336,0,0,442.007,0,1.02816,0,0,1.84504,0.816877,1.028160,1,0,30.8548,0,0,0,30.8548,0
33.7908,1.68408,0,0,1.62425,0.0743561,0.36288,3.6288,25.3093,0.503888,0,0,0.545212,0.169856,0,0.66528,12.849,1,0.631088,0.36288,0,33.3451,4.72353,28.3534,0.84672,12.849,0.84672,3695.15,0,18.483,0,0.940559,1.76065,2.67019,1.13797,4.23343,0.42336,18.483,0.42336,0,0,442.007,0,1.02816,0,0,1.96872,0.940559,1.028160,1,0,32.5868,0,0,0,32.5868,0
33.1602,1.67233,0,0,1.47846,0.0739038,0.36288,3.6288,25.1457,0.50389,0,0,0.509937,0.169606,0,0.66528,12.849,1,0.635906,0.36288,0,32.0113,4.72353,27.0147,0.84672,12.849,0.84672,3695.15,0,18.483,0,0.677609,1.78765,2.5084,1.13797,3.83569,0.42336,18.483,0.42336,0,0,442.007,0,1.02816,0,0,1.70577,0.677609,1.028160,1,0,30.8504,0,0,0,30.8504,0
32.4359,1.65717,0,0,1.35949,0.0636932,0.36288,3.6288,24.9356,0.503891,0,0,0.486859,0.193018,0,0.66528,12.849,1,0.642125,0.36288,0,28.3789,5.14698,22.9527,0.84672,12.849,0.84672,3695.15,0,18.483,0,0.669099,1.78765,2.41363,1.29254,3.57784,0.42336,18.483,0.42336,0,0,442.007,0,1.02816,0,0,1.69726,0.669099,1.028160,1,0,26.5306,0,0,0,26.5306,0
31.7204,1.63939,0,0,1.33544,0.0487094,0.36288,3.6288,24.6825,0.503893,0,0,0.47641,0.225651,0,0.66528,12.849,1,0.649419,0.36288,0,24.9215,5.87705,18.7579,0.84672,12.849,0.84672,3695.15,0,18.483,0,0.581463,1.78765,2.2375,1.52781,3.07881,0.42336,18.483,0.42336,0,0,442.007,0,1.02816,0,0,1.60962,0.581463,1.028160,1,0,21.8367,0,0,0,21.8367,0
31.1925,1.65926,0,0,1.5403,0.0460561,0.36288,3.6288,24.5894,0.541331,0,0,0.675224,0.227031,0,0.66528,12.849,1,0.672117,0.36288,0,32.4211,6.09767,26.0142,0.84672,12.849,0.84672,3695.15,0,18.483,0,0.86927,1.78765,2.51961,1.56671,3.60981,0.42336,18.483,0.42336,0,0,442.007,0,1.02816,0,0,1.89743,0.86927,1.028160,1,0,29.624,0,0,0,29.624,0
30.5564,1.64542,0,0,1.41792,0.0457489,0.36288,3.6288,24.3937,0.541332,0,0,0.572434,0.226787,0,0.66528,12.849,1,0.677792,0.36288,0,26.6303,6.09767,20.2177,0.84672,12.849,0.84672,3695.15,0,18.483,0,0.984312,1.83067,2.43621,1.56671,3.68448,0.42336,18.483,0.42336,0,0,442.007,0,1.02816,0,0,2.01247,0.984312,1.028160,1,0,23.9022,0,0,0,23.9022,0
29.818,1.62844,0,0,1.29832,0.0453676,0.36288,3.6288,24.1563,0.541334,0,0,0.530194,0.226273,0,0.66528,12.849,1,0.68476,0.36288,0,25.312,6.09767,18.8925,0.84672,12.849,0.84672,3695.15,0,18.483,0,0.692159,1.83067,2.1414,1.56671,3.09752,0.42336,18.483,0.42336,0,0,442.007,0,1.02816,0,0,1.72032,0.692159,1.028160,1,0,21.99,0,0,0,21.99,0
29.18,1.60828,0,0,1.37176,0.0385853,0.36288,3.6288,23.9942,0.541335,0,0,0.608653,0.229343,0,0.66528,12.849,1,0.693029,0.36288,0,24.8251,6.24721,18.2478,0.84672,12.849,0.84672,3695.15,0,18.483,0,1.03624,1.83067,2.8328,1.59659,4.10312,0.42336,18.483,0.42336,0,0,442.007,0,1.02816,0,0,2.0644,1.03624,1.028160,1,0,22.3509,0,0,0,22.3509,0
27.9982,1.69668,0,0,0.914008,0.036252,0.36288,3.6288,23.6582,0.66528,0,0,0.559819,0.230564,0,0.66528,12.849,1,0.747108,0.36288,0,19.953,6.24655,13.3222,0.84672,12.849,0.84672,3695.15,0,18.483,0,0.826554,1.83068,2.20507,1.56318,3.29912,0.42336,18.483,0.42336,0,0,442.007,0,1.02816,0,0,1.85471,0.826554,1.028160,1,0,16.6213,0,0,0,16.6213,0
26.9124,1.66039,0,0,0.973166,0.0356717,0.36288,3.6288,23.3185,0.66528,0,0,0.555242,0.229661,0,0.66528,12.849,1,0.761991,0.36288,0,18.6388,6.24655,11.9931,0.84672,12.849,0.84672,3695.15,0,18.483,0,0.797904,1.96772,2.32404,1.56318,3.52648,0.42336,18.483,0.42336,0,0,442.007,0,1.02816,0,0,1.82606,0.797904,1.028160,1,0,15.5196,0,0,0,15.5196,0
26.343,1.62576,0,0,1.46068,0.0414632,0.36288,3.6288,23.0871,0.66528,0,0,0.661134,0.227233,0,0.66528,12.849,1,0.776196,0.36288,0,27.5234,6.18719,20.9229,0.84672,12.849,0.84672,3695.15,0,18.483,0,1.15873,1.96772,2.46976,1.5559,4.04031,0.42336,18.483,0.42336,0,0,442.007,0,1.02816,0,0,2.18689,1.15873,1.028160,1,0,24.9632,0,0,0,24.9632,0
26.3791,1.60707,0,0,2.05678,0.0507511,0.36288,3.6288,23.0502,0.66528,0,0,0.848578,0.220208,0,0.66528,12.849,1,0.783861,0.36288,0,35.925,6.19152,29.3125,0.84672,12.849,0.84672,3695.15,0,18.483,0,1.26251,1.96772,2.71927,1.53563,4.41387,0.42336,18.483,0.42336,0,0,442.007,0,1.02816,0,0,2.29067,1.26251,1.028160,1,0,33.7264,0,0,0,33.7264,0
25.3329,1.60827,0,0,0.978342,0.0534177,0.36288,3.6288,23.1359,0.66528,0,0,0.953777,0.202842,0,0.66528,12.849,1,0.783371,0.36288,0,21.0244,5.79594,14.808,0.84672,12.849,0.84672,3695.15,0,18.483,0,1.7016,1.96772,2.14251,1.34913,4.4627,0.42336,18.483,0.42336,0,0,442.007,0,1.02816,0,0,2.72976,1.7016,1.028160,1,0,19.2707,0,0,0,19.2707,0
24.1638,1.52501,0,0,0.774265,0.0554661,0.36288,3.6288,22.8931,0.594454,0,0,0.5486,0.196921,0,0.66528,12.849,1,0.773493,0.36288,0,13.4302,5.59188,7.4277,0.84672,12.849,0.84672,3695.15,0,18.483,0,0.604394,1.96772,1.60433,1.27515,2.90129,0.42336,18.483,0.42336,0,0,442.007,0,1.02816,0,0,1.63255,0.604394,1.028160,1,0,10.329,0,0,0,10.329,0
22.9009,1.48527,0,0,0.639809,0.0545395,0.36288,3.6288,22.5856,0.594456,0,0,0.483311,0.196358,0,0.66528,12.849,1,0.789788,0.36288,0,12.4,5.59188,6.38125,0.84672,12.849,0.84672,3695.15,0,18.483,0,0.423455,1.89288,1.48573,1.27515,2.52692,0.42336,18.483,0.42336,0,0,442.007,0,1.02816,0,0,1.45162,0.423455,1.028160,1,0,8.90817,0,0,0,8.90817,0
22.1758,1.44043,0,0,1.18933,0.111152,0.36288,3.6288,22.6005,0.594457,0,0,0.751904,0.142588,0,0.66528,12.849,1,0.80818,0.36288,0,21.8942,4.55373,16.8952,0.84672,12.849,0.84672,3695.15,0,18.483,0,0.785471,1.89288,2.57958,0.950661,4.30728,0.42336,18.483,0.42336,0,0,442.007,0,1.02816,0,0,1.81363,0.785471,1.028160,1,0,21.2024,0,0,0,21.2024,0
22.4378,1.41372,0,0,2.17218,0.133516,0.36288,3.6288,22.9115,0.594459,0,0,1.03595,0.130421,0,0.66528,12.849,1,0.819133,0.36288,0,38.341,4.23252,33.6522,0.84672,12.849,0.84672,3695.15,0,18.483,0,1.17371,1.89288,3.93289,0.921208,6.07828,0.42336,18.483,0.42336,0,0,442.007,0,1.02816,0,0,2.20187,1.17371,1.028160,1,0,39.7305,0,0,0,39.7305,0
21.6587,1.38669,0,0,1.10598,0.135569,0.36288,3.6288,22.7752,0.519804,0,0,0.537001,0.153572,0,0.66528,12.849,1,0.794085,0.36288,0,18.0666,4.46765,13.1677,0.84672,12.849,0.84672,3695.15,0,18.483,0,1.35854,1.89289,4.31671,1.17207,6.39606,0.42336,18.483,0.42336,0,0,442.007,0,1.02816,0,0,2.3867,1.35854,1.028160,1,0,19.5638,0,0,0,19.5638,0
22.9032,1.35822,0,0,3.09982,0.13415,0.36288,3.6288,23.7099,0.519805,0,0,1.60782,0.153325,0,0.66528,12.849,1,0.805761,0.36288,0,55.96,4.46765,51.0495,0.84672,12.849,0.84672,3695.15,0,18.483,0,3.81586,1.8187,8.96143,1.17207,13.4239,0.42336,18.483,0.42336,0,0,442.007,0,1.02816,0,0,4.84402,3.81586,1.028160,1,0,64.4734,0,0,0,64.4734,0
22.9693,1.40331,0,0,1.99538,0.163121,0.36288,3.6288,24.0284,0.519807,0,0,0.971119,0.132803,0,0.66528,12.849,1,0.787272,0.36288,0,34.8595,4.03235,30.4027,0.84672,12.849,0.84672,3695.15,0,18.483,0,0.682871,1.8187,5.32959,1.04876,6.7824,0.42336,18.483,0.42336,0,0,442.007,0,1.02816,0,0,1.71103,0.682871,1.028160,1,0,37.1851,0,0,0,37.1851,0
23.2325,1.40564,0,0,2.17661,0.144869,0.36288,3.6288,24.4061,0.519808,0,0,1.03854,0.141024,0,0.66528,12.849,1,0.786314,0.36288,0,38.5113,4.19364,33.8943,0.84672,12.849,0.84672,3695.15,0,18.483,0,1.72105,1.8187,6.54819,0.928715,9.15922,0.42336,18.483,0.42336,0,0,442.007,0,1.02816,0,0,2.74921,1.72105,1.028160,1,0,43.0535,0,0,0,43.0535,0
24.3724,1.30834,0,0,2.97951,0.168454,0.36288,3.6288,25.709,0.364321,0,0,1.80385,0.136559,0,0.66528,12.849,1,0.723589,0.36288,0,66.216,3.95692,61.8984,0.84672,12.849,0.84672,3695.15,0,18.483,0,2.36625,1.8187,7.6686,0.911233,10.9423,0.42336,18.483,0.42336,0,0,442.007,0,1.02816,0,0,3.39441,2.36625,1.028160,1,0,72.8407,0,0,0,72.8407,0
25.3728,1.34444,0,0,2.87905,0.17127,0.36288,3.6288,26.7317,0.364322,0,0,1.52556,0.138623,0,0.66528,12.849,1,0.708784,0.36288,0,44.8621,3.95692,40.5592,0.84672,12.849,0.84672,3695.15,0,18.483,0,1.8472,1.65167,6.45166,0.911233,9.0393,0.42336,18.483,0.42336,0,0,442.007,0,1.02816,0,0,2.87536,1.8472,1.028160,1,0,49.5985,0,0,0,49.5985,0
26.0306,1.37494,0,0,2.56935,0.173753,0.36288,3.6288,27.8161,0.364324,0,0,1.58897,0.140243,0,0.66528,12.849,1,0.696279,0.36288,0,57.4211,3.95692,53.1308,0.84672,12.849,0.84672,3695.15,0,18.483,0,2.00242,1.65167,6.76744,0.911233,9.5103,0.42336,18.483,0.42336,0,0,442.007,0,1.02816,0,0,3.03058,2.00242,1.028160,1,0,62.6411,0,0,0,62.6411,0
28.5335,1.39441,0,0,4.4338,0.173657,0.36288,3.6288,28.9549,0.364325,0,0,1.66915,0.165984,0,0.66528,12.849,1,0.688295,0.36288,0,50.2685,4.94918,44.9939,0.84672,12.849,0.84672,3695.15,0,18.483,0,2.43252,1.65168,7.37528,1.21927,10.2402,0.42336,18.483,0.42336,0,0,442.007,0,1.02816,0,0,3.46068,2.43252,1.028160,1,0,55.2341,0,0,0,55.2341,0
33.4174,1.46458,0,0,6.88367,0.172269,0.36288,3.6288,30.9754,0.364326,0,0,2.54412,0.159317,0,0.66528,12.849,1,0.65952,0.36288,0,104.159,4.38831,99.4736,0.84672,12.849,0.84672,3695.15,0,18.483,0,4.75655,1.65168,13.6153,1.10986,18.9136,0.42336,18.483,0.42336,0,0,442.007,0,1.02816,0,0,5.78471,4.75655,1.028160,1,0,118.387,0,0,0,118.387,0
36.6993,1.63557,0,0,5.45814,0.177785,0.36288,3.6288,32.7146,0.40935,0,0,2.30168,0.153071,0,0.66528,12.849,1,0.628875,0.36288,0,102.482,3.84363,98.3729,0.84672,12.849,0.84672,3695.15,0,18.483,0,3.22253,1.65168,12.6969,0.989293,16.5818,0.42336,18.483,0.42336,0,0,442.007,0,1.02816,0,0,4.25069,3.22253,1.028160,1,0,114.955,0,0,0,114.955,0
37.9958,1.70953,0,0,3.55394,0.185002,0.36288,3.6288,33.8191,0.409342,0,0,1.66984,0.156009,0,0.66528,12.849,1,0.598535,0.36288,0,55.4534,3.84363,51.3741,0.84672,12.849,0.84672,3695.15,0,18.483,0,2.49876,1.7045,10.0504,0.989293,13.2644,0.42336,18.483,0.42336,0,0,442.007,0,1.02816,0,0,3.52692,2.49876,1.028160,1,0,64.6385,0,0,0,64.6385,0
38.7876,1.73682,0,0,3.11423,0.222812,0.36288,3.6288,34.8969,0.409335,0,0,1.6458,0.158658,0,0.66528,12.849,1,0.587338,0.36288,0,55.9421,3.7098,52.0078,0.84672,12.849,0.84672,3695.15,0,18.483,0,2.5585,1.70449,9.41553,1.08051,12.598,0.42336,18.483,0.42336,0,0,442.007,0,1.02816,0,0,3.58666,2.5585,1.028160,1,0,64.6059,0,0,0,64.6059,0
41.0128,1.75298,0,0,4.56837,0.227227,0.36288,3.6288,36.2008,0.409328,0,0,1.87646,0.16329,0,0.66528,12.849,1,0.580704,0.36288,0,78.2559,3.58236,74.4558,0.84672,12.849,0.84672,3695.15,0,18.483,0,3.06406,1.70449,10.2899,1.07404,13.9844,0.42336,18.483,0.42336,0,0,442.007,0,1.02816,0,0,4.09222,3.06406,1.028160,1,0,88.4401,0,0,0,88.4401,0
41.6445,1.97176,0,0,3.20173,0.235431,0.36288,3.6288,36.6357,0.578337,0,0,1.18618,0.172901,0,0.66528,12.849,1,0.617737,0.36288,0,51.0511,3.26802,47.5282,0.84672,12.849,0.84672,3695.15,0,18.483,0,1.35518,1.70448,5.81928,0.956448,7.92249,0.42336,18.483,0.42336,0,0,442.007,0,1.02816,0,0,2.38334,1.35518,1.028160,1,0,55.4507,0,0,0,55.4507,0
42.6357,1.98479,0,0,3.59543,0.256557,0.36288,3.6288,37.035,0.578329,0,0,1.14874,0.171104,0,0.66528,12.849,1,0.612387,0.36288,0,54.872,3.67269,50.9498,0.84672,12.849,0.84672,3695.15,0,18.483,0,1.88738,1.89297,6.22742,1.07309,8.93469,0.42336,18.483,0.42336,0,0,442.007,0,1.02816,0,0,2.91554,1.88738,1.028160,1,0,59.8845,0,0,0,59.8845,0
44.5227,2.00479,0,0,4.5142,0.259539,0.36288,3.6288,37.3755,0.578321,0,0,1.0906,0.171767,0,0.66528,12.849,1,0.604177,0.36288,0,75.5406,3.67269,71.6266,0.84672,12.849,0.84672,3695.15,0,18.483,0,2.07522,1.89297,6.89316,1.07309,9.78827,0.42336,18.483,0.42336,0,0,442.007,0,1.02816,0,0,3.10338,2.07522,1.028160,1,0,81.4148,0,0,0,81.4148,0
46.1442,2.04143,0,0,4.28916,0.263366,0.36288,3.6288,37.9073,0.578313,0,0,1.28255,0.17246,0,0.66528,12.849,1,0.589144,0.36288,0,66.0304,3.63049,62.1737,0.84672,12.849,0.84672,3695.15,0,18.483,0,2.06807,1.89296,7.0683,1.04524,9.98409,0.42336,18.483,0.42336,0,0,442.007,0,1.02816,0,0,3.09623,2.06807,1.028160,1,0,72.1578,0,0,0,72.1578,0
47.4647,1.80891,0,0,3.74921,0.256907,0.36288,3.6288,38.9334,0.351486,0,0,1.55171,0.174111,0,0.66528,12.849,1,0.503697,0.36288,0,56.1056,3.37733,52.5874,0.84672,12.849,0.84672,3695.15,0,18.483,0,1.75359,1.89295,7.3459,0.87814,10.1143,0.42336,18.483,0.42336,0,0,442.007,0,1.02816,0,0,2.78175,1.75359,1.028160,1,0,62.7017,0,0,0,62.7017,0
48.795,1.82948,0,0,3.78335,0.260686,0.36288,3.6288,40.3377,0.351479,0,0,1.93163,0.175824,0,0.66528,12.849,1,0.495253,0.36288,0,74.4831,3.37733,70.9734,0.84672,12.849,0.84672,3695.15,0,18.483,0,2.28717,1.63508,9.23409,0.87814,12.2782,0.42336,18.483,0.42336,0,0,442.007,0,1.02816,0,0,3.31533,2.28717,1.028160,1,0,83.2516,0,0,0,83.2516,0
51.5214,1.84952,0,0,5.20328,0.264492,0.36288,3.6288,41.932,0.351472,0,0,2.12392,0.178188,0,0.66528,12.849,1,0.487028,0.36288,0,113.363,3.37733,109.861,0.84672,12.849,0.84672,3695.15,0,18.483,0,2.31475,1.63507,11.073,0.87814,14.1447,0.42336,18.483,0.42336,0,0,442.007,0,1.02816,0,0,3.34291,2.31475,1.028160,1,0,124.006,0,0,0,124.006,0
54.696,1.88859,0,0,5.69708,0.270952,0.36288,3.6288,43.294,0.351465,0,0,1.90161,0.188124,0,0.66528,12.849,1,0.471,0.36288,0,106.39,3.56244,102.72,0.84672,12.849,0.84672,3695.15,0,18.483,0,2.6025,1.63506,11.6934,0.928599,15.0023,0.42336,18.483,0.42336,0,0,442.007,0,1.02816,0,0,3.63066,2.6025,1.028160,1,0,117.722,0,0,0,117.722,0
55.7519,1.93097,0,0,3.61275,0.263083,0.36288,3.6288,43.8685,0.351458,0,0,1.10887,0.182892,0,0.66528,12.849,1,0.453616,0.36288,0,74.1908,4.07996,70.0201,0.84672,12.849,0.84672,3695.15,0,18.483,0,1.3209,1.63505,8.16731,1.02773,10.0955,0.42336,18.483,0.42336,0,0,442.007,0,1.02816,0,0,2.34906,1.3209,1.028160,1,0,80.1157,0,0,0,80.1157,0
57.101,2.01541,0,0,3.98971,0.262299,0.36288,3.6288,44.3385,0.406938,0,0,1.04024,0.163297,0,0.66528,12.849,1,0.464487,0.36288,0,123.688,3.84268,119.743,0.84672,12.849,0.84672,3695.15,0,18.483,0,1.32305,1.63505,7.37666,0.946282,9.38847,0.42336,18.483,0.42336,0,0,442.007,0,1.02816,0,0,2.35121,1.32305,1.028160,1,0,129.132,0,0,0,129.132,0
58.6775,2.03268,0,0,4.23789,0.265826,0.36288,3.6288,45.1345,0.406931,0,0,1.36691,0.164023,0,0.66528,12.849,1,0.457399,0.36288,0,88.8866,3.84268,84.9494,0.84672,12.849,0.84672,3695.15,0,18.483,0,1.94961,1.6987,7.42046,0.946282,10.1225,0.42336,18.483,0.42336,0,0,442.007,0,1.02816,0,0,2.97777,1.94961,1.028160,1,0,95.0719,0,0,0,95.0719,0
59.6629,2.05221,0,0,3.62014,0.219671,0.36288,3.6288,45.4749,0.406923,0,0,0.935798,0.188422,0,0.66528,12.849,1,0.449385,0.36288,0,59.1794,4.07333,55.0196,0.84672,12.849,0.84672,3695.15,0,18.483,0,1.58051,1.69869,6.54664,0.960054,8.86579,0.42336,18.483,0.42336,0,0,442.007,0,1.02816,0,0,2.60867,1.58051,1.028160,1,0,63.8854,0,0,0,63.8854,0
60.3811,2.06406,0,0,3.33503,0.189825,0.36288,3.6288,45.7175,0.406916,0,0,0.84275,0.193235,0,0.66528,12.849,1,0.444517,0.36288,0,62.0386,4.3238,57.6331,0.84672,12.849,0.84672,3695.15,0,18.483,0,1.08944,1.69868,5.96489,1.02527,7.72775,0.42336,18.483,0.42336,0,0,442.007,0,1.02816,0,0,2.1176,1.08944,1.028160,1,0,65.3609,0,0,0,65.3609,0
61.4381,2.04398,0,0,3.66313,0.199338,0.36288,3.6288,45.9593,0.385359,0,0,0.803131,0.176007,0,0.66528,12.849,1,0.434955,0.36288,0,73.4625,4.42712,68.9633,0.84672,12.849,0.84672,3695.15,0,18.483,0,0.719375,1.69868,6.72258,1.09846,8.04216,0.42336,18.483,0.42336,0,0,442.007,0,1.02816,0,0,1.74753,0.719375,1.028160,1,0,77.0054,0,0,0,77.0054,0
62.3174,2.05605,0,0,3.49935,0.201096,0.36288,3.6288,46.1709,0.385351,0,0,0.773375,0.176402,0,0.66528,12.849,1,0.429997,0.36288,0,68.027,4.42712,63.5328,0.84672,12.849,0.84672,3695.15,0,18.483,0,0.712653,1.67389,6.06223,1.09846,7.35031,0.42336,18.483,0.42336,0,0,442.007,0,1.02816,0,0,1.74081,0.712653,1.028160,1,0,70.8831,0,0,0,70.8831,0
62.8029,2.06588,0,0,3.04147,0.127189,0.36288,3.6288,46.2736,0.385344,0,0,0.700731,0.212707,0,0.66528,12.849,1,0.425957,0.36288,0,62.481,4.29744,58.1205,0.84672,12.849,0.84672,3695.15,0,18.483,0,1.0279,1.67388,5.48882,1.02681,7.16378,0.42336,18.483,0.42336,0,0,442.007,0,1.02816,0,0,2.05606,1.0279,1.028160,1,0,65.2843,0,0,0,65.2843,0
62.7948,2.07123,0,0,2.55369,0.127696,0.36288,3.6288,46.3316,0.385337,0,0,0.656236,0.212909,0,0.66528,12.849,1,0.423758,0.36288,0,37.8059,4.29744,33.4476,0.84672,12.849,0.84672,3695.15,0,18.483,0,0.909731,1.67387,4.9026,1.02681,6.45939,0.42336,18.483,0.42336,0,0,442.007,0,1.02816,0,0,1.93789,0.909731,1.028160,1,0,39.9069,0,0,0,39.9069,0
63.1456,2.16938,0,0,3.02052,0.137484,0.36288,3.6288,46.4998,0.46175,0,0,0.834209,0.204246,0,0.66528,12.849,1,0.443896,0.36288,0,52.4507,4.44398,47.9257,0.84672,12.849,0.84672,3695.15,0,18.483,0,0.839549,1.67386,5.52418,1.0345,7.00309,0.42336,18.483,0.42336,0,0,442.007,0,1.02816,0,0,1.86771,0.839549,1.028160,1,0,54.9288,0,0,0,54.9288,0
63.1793,2.17339,0,0,2.65743,0.0874275,0.36288,3.6288,46.5456,0.461743,0,0,0.710813,0.203245,0,0.66528,12.849,1,0.442246,0.36288,0,45.2974,4.41116,40.8069,0.84672,12.849,0.84672,3695.15,0,18.483,0,0.839929,1.76049,5.083,0.982663,6.70076,0.42336,18.483,0.42336,0,0,442.007,0,1.02816,0,0,1.86809,0.839929,1.028160,1,0,47.5077,0,0,0,47.5077,0
63.1346,2.17376,0,0,2.57942,0.0874515,0.36288,3.6288,46.6354,0.461735,0,0,0.754877,0.203331,0,0.66528,12.849,1,0.442086,0.36288,0,43.1755,4.41116,38.6851,0.84672,12.849,0.84672,3695.15,0,18.483,0,0.818519,1.76048,5.40727,0.982663,7.00361,0.42336,18.483,0.42336,0,0,442.007,0,1.02816,0,0,1.84668,0.818519,1.028160,1,0,45.6887,0,0,0,45.6887,0
62.9582,2.17324,0,0,2.44709,0.0874197,0.36288,3.6288,46.7038,0.461728,0,0,0.733545,0.2035,0,0.66528,12.849,1,0.442292,0.36288,0,40.5518,4.41116,36.0612,0.84672,12.849,0.84672,3695.15,0,18.483,0,0.739921,1.76048,4.99932,0.982663,6.51705,0.42336,18.483,0.42336,0,0,442.007,0,1.02816,0,0,1.76808,0.739921,1.028160,1,0,42.5782,0,0,0,42.5782,0
62.449,2.17121,0,0,2.11912,0.0941702,0.36288,3.6288,46.6914,0.46172,0,0,0.668028,0.218694,0,0.66528,12.849,1,0.443118,0.36288,0,33.3268,4.7128,28.5338,0.84672,12.849,0.84672,3695.15,0,18.483,0,0.575718,1.76047,3.68617,1.0835,4.93885,0.42336,18.483,0.42336,0,0,442.007,0,1.02816,0,0,1.60388,0.575718,1.028160,1,0,33.4726,0,0,0,33.4726,0
61.7544,2.14594,0,0,1.91074,0.0965177,0.36288,3.6288,46.598,0.503713,0,0,0.635023,0.224696,0,0.66528,12.849,1,0.441531,0.36288,0,30.7673,4.83347,25.8552,0.84672,12.849,0.84672,3695.15,0,18.483,0,0.551042,1.76046,3.1066,1.12384,4.29426,0.42336,18.483,0.42336,0,0,442.007,0,1.02816,0,0,1.5792,0.551042,1.028160,1,0,30.1494,0,0,0,30.1494,0
60.8969,2.13789,0,0,1.73924,0.095968,0.36288,3.6288,46.4637,0.503705,0,0,0.593932,0.224502,0,0.66528,12.849,1,0.444823,0.36288,0,29.5365,4.83347,24.6211,0.84672,12.849,0.84672,3695.15,0,18.483,0,0.340105,1.78744,2.91837,1.12384,3.92207,0.42336,18.483,0.42336,0,0,442.007,0,1.02816,0,0,1.36826,0.340105,1.028160,1,0,28.5432,0,0,0,28.5432,0
59.9233,2.1278,0,0,1.59927,0.0822438,0.36288,3.6288,46.2733,0.503698,0,0,0.567047,0.253734,0,0.66528,12.849,1,0.448957,0.36288,0,26.1851,5.25691,20.8421,0.84672,12.849,0.84672,3695.15,0,18.483,0,0.333288,1.78743,2.80809,1.27841,3.65041,0.42336,18.483,0.42336,0,0,442.007,0,1.02816,0,0,1.36145,0.333288,1.028160,1,0,24.4925,0,0,0,24.4925,0
58.8976,2.11611,0,0,1.51675,0.0634388,0.36288,3.6288,45.9249,0.560178,0,0,0.497088,0.285366,0,0.66528,12.849,1,0.453745,0.36288,0,23.1192,5.75435,17.274,0.84672,12.849,0.84672,3695.15,0,18.483,0,0.261274,1.78742,2.59852,1.47367,3.17355,0.42336,18.483,0.42336,0,0,442.007,0,0.971672,0,0,1.23295,0.261274,1.028160,1,0,20.4475,0,0,0,20.4475,0
57.7265,2.15261,0,0,1.40504,0.0606949,0.36288,3.6288,45.3077,0.778852,0,0,0.428134,0.266504,0,0.66528,12.849,1,0.46961,0.36288,0,20.978,5.58642,15.2849,0.84672,12.849,0.84672,3695.15,0,18.483,0,0.261274,1.78741,2.41312,1.44659,3.01521,0.42336,18.483,0.42336,0,0,442.007,0,0.790422,0,0,1.0517,0.261274,1.028160,1,0,18.3001,0,0,0,18.3001,0
56.4298,2.13754,0,0,1.26381,0.0600079,0.36288,3.6288,44.6318,0.812436,0,0,0.401585,0.264979,0,0.66528,12.849,1,0.475783,0.36288,0,19.7707,5.58642,14.0714,0.84672,12.849,0.84672,3695.15,0,18.483,0,0.261274,1.83042,2.46348,1.44659,3.10858,0.42336,18.483,0.42336,0,0,442.007,0,0.756829,0,0,1.0181,0.261274,1.028160,1,0,17.18,0,0,0,17.18,0
55.0375,2.12039,0,0,1.15013,0.0592473,0.36288,3.6288,43.879,0.874748,0,0,0.385257,0.263308,0,0.66528,12.849,1,0.48281,0.36288,0,18.5698,5.58642,12.8634,0.84672,12.849,0.84672,3695.15,0,18.483,0,0.227405,1.83041,2.29022,1.44659,2.90144,0.42336,18.483,0.42336,0,0,442.007,0,0.694509,0,0,0.921914,0.227405,1.028160,1,0,15.7649,0,0,0,15.7649,0
53.5234,2.1014,0,0,0.995207,0.0450023,0.36288,3.6288,43.1102,0.884849,0,0,0.383643,0.267633,0,0.66528,12.849,1,0.490591,0.36288,0,17.7176,5.82824,11.7617,0.84672,12.849,0.84672,3695.15,0,18.483,0,0.227405,1.8304,2.32079,1.47664,2.90195,0.42336,18.483,0.42336,0,0,442.007,0,0.6844,0,0,0.911805,0.227405,1.028160,1,0,14.6636,0,0,0,14.6636,0
52.3967,2.21896,0,0,1.50282,0.0476235,0.36288,3.6288,42.4379,0.85739,0,0,0.446056,0.260991,0,0.66528,12.849,1,0.532691,0.36288,0,20.3398,6.18666,13.9833,0.84672,12.849,0.84672,3695.15,0,18.483,0,0.227405,1.83039,2.53303,1.55451,3.03632,0.42336,18.483,0.42336,0,0,442.007,0,0.83605,0,0,1.06345,0.227405,1.028160,1,0,17.0196,0,0,0,17.0196,0
51.0366,2.20147,0,0,1.25054,0.0462745,0.36288,3.6288,41.4453,1.07852,0,0,0.3462,0.260268,0,0.66528,12.849,1,0.539856,0.36288,0,23.9274,6.2663,17.4842,0.84672,12.849,0.84672,3695.15,0,18.483,0,0.227405,1.96761,2.08418,1.58973,2.68946,0.42336,18.483,0.42336,0,0,442.007,0,0.614917,0,0,0.842322,0.227405,1.028160,1,0,20.1736,0,0,0,20.1736,0
49.9295,2.17972,0,0,1.48105,0.0456254,0.36288,3.6288,41.0507,0.66528,0,0,0.528463,0.257792,0,0.66528,12.849,1,0.548767,0.36288,0,20.5375,6.2663,14.0854,0.84672,12.849,0.84672,3695.15,0,18.483,0,0.238948,1.96761,2.81843,1.58973,3.43526,0.42336,18.483,0.42336,0,0,442.007,0,1.02816,0,0,1.26711,0.238948,1.028160,1,0,17.5206,0,0,0,17.5206,0
48.5943,2.16148,0,0,1.23742,0.0482142,0.36288,3.6288,40.3011,0.898163,0,0,0.387825,0.239185,0,0.66528,12.849,1,0.556241,0.36288,0,18.7416,5.71176,12.8365,0.84672,12.849,0.84672,3695.15,0,18.483,0,0.204422,1.9676,2.92003,1.37386,3.71819,0.42336,18.483,0.42336,0,0,442.007,0,0.795277,0,0,0.9997,0.204422,1.028160,1,0,16.5547,0,0,0,16.5547,0
48.0639,2.13881,0,0,2.03422,0.0629428,0.36288,3.6288,40.1098,0.66528,0,0,0.707423,0.233502,0,0.66528,12.849,1,0.56553,0.36288,0,34.0382,5.71728,28.1183,0.84672,12.849,0.84672,3695.15,0,18.483,0,1.00094,1.9676,4.44167,1.35928,6.05093,0.42336,18.483,0.42336,0,0,442.007,0,1.02816,0,0,2.0291,1.00094,1.028160,1,0,34.1692,0,0,0,34.1692,0
48.7598,2.06461,0,0,3.1944,0.0710199,0.36288,3.6288,40.4643,0.594141,0,0,1.19622,0.247575,0,0.66528,12.849,1,0.551936,0.36288,0,36.2742,6.27595,29.8092,0.84672,12.849,0.84672,3695.15,0,18.483,0,3.00547,1.9676,6.44811,1.56421,9.85696,0.42336,18.483,0.42336,0,0,442.007,0,1.02816,0,0,4.03363,3.00547,1.028160,1,0,39.6661,0,0,0,39.6661,0
48.66,2.07629,0,0,2.4109,0.0715588,0.36288,3.6288,40.5669,0.594133,0,0,0.945164,0.248435,0,0.66528,12.849,1,0.547137,0.36288,0,53.6518,6.27595,47.1916,0.84672,12.849,0.84672,3695.15,0,18.483,0,2.83846,1.89252,5.00354,1.56421,8.17031,0.42336,18.483,0.42336,0,0,442.007,0,1.02816,0,0,3.86662,2.83846,1.028160,1,0,55.3619,0,0,0,55.3619,0
47.7587,2.07462,0,0,1.6077,0.0714815,0.36288,3.6288,40.4433,0.594125,0,0,0.719254,0.248684,0,0.66528,12.849,1,0.547817,0.36288,0,33.6562,6.27595,27.1953,0.84672,12.849,0.84672,3695.15,0,18.483,0,1.39522,1.89251,3.37686,1.56421,5.10037,0.42336,18.483,0.42336,0,0,442.007,0,1.02816,0,0,2.42338,1.39522,1.028160,1,0,32.2957,0,0,0,32.2957,0
47.4616,2.05938,0,0,2.24361,0.118417,0.36288,3.6288,40.6572,0.594117,0,0,1.03969,0.23168,0,0.66528,12.849,1,0.554057,0.36288,0,41.5913,5.61405,35.7861,0.84672,12.849,0.84672,3695.15,0,18.483,0,1.9002,1.8925,5.06128,1.41772,7.43626,0.42336,18.483,0.42336,0,0,442.007,0,1.02816,0,0,2.92836,1.9002,1.028160,1,0,43.2224,0,0,0,43.2224,0
48.4871,2.00121,0,0,3.55051,0.160948,0.36288,3.6288,41.1323,0.519468,0,0,1.12484,0.130311,0,0.66528,12.849,1,0.541777,0.36288,0,51.5673,3.56559,47.8228,0.84672,12.849,0.84672,3695.15,0,18.483,0,2.32418,1.89249,6.24565,0.897784,9.56453,0.42336,18.483,0.42336,0,0,442.007,0,1.02816,0,0,3.35234,2.32418,1.028160,1,0,57.3874,0,0,0,57.3874,0
50.9293,2.01818,0,0,4.98603,0.162759,0.36288,3.6288,42.0009,0.51946,0,0,1.51898,0.130914,0,0.66528,12.849,1,0.534813,0.36288,0,80.2284,3.56559,76.4909,0.84672,12.849,0.84672,3695.15,0,18.483,0,3.58455,1.8183,10.2114,0.897784,14.7165,0.42336,18.483,0.42336,0,0,442.007,0,1.02816,0,0,4.61271,3.58455,1.028160,1,0,91.2074,0,0,0,91.2074,0
52.8394,2.05688,0,0,4.49696,0.167049,0.36288,3.6288,42.7511,0.519452,0,0,1.40173,0.132018,0,0.66528,12.849,1,0.518933,0.36288,0,97.4704,3.56559,93.7488,0.84672,12.849,0.84672,3695.15,0,18.483,0,3.08375,1.81829,9.67706,0.897784,13.6813,0.42336,18.483,0.42336,0,0,442.007,0,1.02816,0,0,4.11191,3.08375,1.028160,1,0,107.43,0,0,0,107.43,0
57.517,2.08559,0,0,7.32538,0.199384,0.36288,3.6288,45.1607,0.519444,0,0,3.07235,0.143336,0,0.66528,12.849,1,0.507154,0.36288,0,121.08,3.85935,117.076,0.84672,12.849,0.84672,3695.15,0,18.483,0,4.10401,1.81828,11.5089,1.01029,16.4209,0.42336,18.483,0.42336,0,0,442.007,0,1.02816,0,0,5.13217,4.10401,1.028160,1,0,133.497,0,0,0,133.497,0
65.3515,1.98871,0,0,10.4138,0.227712,0.36288,3.6288,48.318,0.363985,0,0,3.71458,0.193261,0,0.66528,12.849,1,0.444268,0.36288,0,134.514,4.36146,130.071,0.84672,12.849,0.84672,3695.15,0,18.483,0,8.00486,1.81827,18.39,1.07253,27.1406,0.42336,18.483,0.42336,0,0,442.007,0,1.02816,0,0,9.03302,8.00486,1.028160,1,0,157.211,0,0,0,157.211,0
72.29,2.07649,0,0,11.8887,0.239903,2.63379,3.6288,51.0439,0.363978,0,0,3.29409,0.204285,0,0.66528,12.849,1,0.408266,2.63379,0,139.09,4.37986,136.936,0.84672,12.849,0.84672,3695.15,0,18.483,0,5.24515,1.65127,15.5129,1.0579,21.3514,0.42336,18.483,0.42336,0,0,442.007,0,1.02816,0,0,6.27331,5.24515,1.028160,1,0,158.287,0,0,0,158.287,0
72.29,2.14314,0,0,14.8579,0.253235,12.4616,3.6288,57.5937,0.363971,0,0,7.12276,0.208913,0,0.66528,12.849,1,0.380927,12.4616,0,173.868,4.37986,181.569,0.84672,12.849,0.84672,3695.15,0,18.483,0,4.96685,1.65127,15.8881,1.0579,21.4483,0.42336,18.483,0.42336,0,0,442.007,0,1.02816,0,0,5.99501,4.96685,1.028160,1,0,203.017,0,0,0,203.017,0
72.29,2.14313,0,0,13.2333,0.253235,10.8369,3.6288,61.308,0.363964,0,0,8.76087,0.218979,4.46367,0.66528,12.849,1,0.380925,10.8369,0,154.985,4.37986,161.061,0.84672,12.849,0.84672,3695.15,0,18.483,0,7.12334,1.65126,19.1633,1.0579,26.88,0.42336,18.483,0.42336,0,0,442.007,0,1.02816,0,0,8.1515,7.12334,1.028160,1,0,192.405,0,0,0,192.405,0
72.29,2.14312,0,0,7.28275,0.239759,4.89988,3.6288,61.308,0.363957,0,0,2.41581,0.22047,1.83139,0.66528,12.849,1,0.380923,4.89988,0,153.265,4.5372,153.247,0.84672,12.849,0.84672,3695.15,0,18.483,0,3.26192,1.65125,12.4076,1.10399,16.2167,0.42336,18.483,0.42336,0,0,442.007,0,1.02816,0,0,4.29008,3.26192,1.028160,1,0,171.295,0,0,0,171.295,0
72.29,2.21024,0,0,7.05961,0.252593,4.59677,3.6288,61.308,0.40896,0,0,4.42255,0.269626,3.74396,0.66528,12.849,1,0.392853,4.59677,0,218.065,5.31846,216.95,0.84672,12.849,0.84672,3695.15,0,18.483,0,4.0068,1.65124,19.2566,1.57731,23.3373,0.42336,18.483,0.42336,0,0,442.007,0,1.02816,0,0,5.03496,4.0068,1.028160,1,0,244.032,0,0,0,244.032,0
72.29,2.21022,0,0,9.49056,0.252593,7.02775,3.6288,61.308,0.408944,0,0,6.0318,0.269626,5.35323,0.66528,12.849,1,0.392849,7.02775,0,230.597,5.31846,231.914,0.84672,12.849,0.84672,3695.15,0,18.483,0,5.07267,1.70404,21.3581,1.57731,26.5575,0.42336,18.483,0.42336,0,0,442.007,0,1.02816,0,0,6.10083,5.07267,1.028160,1,0,263.824,0,0,0,263.824,0
72.29,2.21019,0,0,10.3938,0.234916,7.94873,3.6288,61.308,0.408928,0,0,6.52116,0.262329,5.8499,0.66528,12.849,1,0.392845,7.94873,0,361.756,5.27076,364.041,0.84672,12.849,0.84672,3695.15,0,18.483,0,5.40875,1.70402,26.5757,1.49505,32.1934,0.42336,18.483,0.42336,0,0,442.007,0,1.02816,0,0,6.43691,5.40875,1.028160,1,0,402.084,0,0,0,402.084,0
72.29,2.21017,0,0,6.22055,0.267686,3.7427,3.6288,61.308,0.408912,0,0,5.72973,0.282469,5.03835,0.66528,12.849,1,0.39284,3.7427,0,376.622,4.52155,375.45,0.84672,12.849,0.84672,3695.15,0,18.483,0,5.3406,1.704,20.2007,1.27528,25.97,0.42336,18.483,0.42336,0,0,442.007,0,1.02816,0,0,6.36876,5.3406,1.028160,1,0,406.459,0,0,0,406.459,0
72.29,2.42571,0,0,13.3604,0.259184,10.6755,3.6288,61.308,0.577863,0,0,7.14744,0.149459,6.42012,0.66528,12.849,1,0.431152,10.6755,0,244.198,2.50383,251.938,0.84672,12.849,0.84672,3695.15,0,18.483,0,4.9885,1.70398,27.3509,0.886861,33.1565,0.42336,18.483,0.42336,0,0,442.007,0,1.02816,0,0,6.01666,4.9885,1.028160,1,0,291.515,0,0,0,291.515,0
72.29,2.42569,0,0,6.2369,0.259184,3.55203,3.6288,61.308,0.577845,0,0,4.14534,0.149459,3.41804,0.66528,12.849,1,0.431147,3.55203,0,447.129,2.50383,447.746,0.84672,12.849,0.84672,3695.15,0,18.483,0,2.60868,1.89242,16.1829,0.886861,19.7971,0.42336,18.483,0.42336,0,0,442.007,0,1.02816,0,0,3.63684,2.60868,1.028160,1,0,470.961,0,0,0,470.961,0
72.29,2.42566,0,0,4.40364,0.261353,1.71662,3.6288,61.308,0.577827,0,0,3.0315,0.165532,2.28814,0.66528,12.849,1,0.431143,1.71662,0,201.478,2.69638,200.067,0.84672,12.849,0.84672,3695.15,0,18.483,0,1.92138,1.8924,11.0665,0.920145,13.9601,0.42336,18.483,0.42336,0,0,442.007,0,1.02816,0,0,2.94954,1.92138,1.028160,1,0,216.315,0,0,0,216.315,0
72.29,2.42563,0,0,4.12182,0.27892,1.41726,3.6288,61.308,0.57781,0,0,5.1298,0.245506,4.30649,0.66528,12.849,1,0.431138,1.41726,0,197.314,3.58288,194.718,0.84672,12.849,0.84672,3695.15,0,18.483,0,2.90392,1.89237,14.7024,1.04091,18.4578,0.42336,18.483,0.42336,0,0,442.007,0,1.02816,0,0,3.93208,2.90392,1.028160,1,0,217.482,0,0,0,217.482,0
72.29,2.11815,0,0,7.82825,0.322901,5.38721,3.6288,61.308,0.351046,0,0,4.44215,0.167209,3.9239,0.66528,12.849,1,0.376484,5.38721,0,195.419,2.42907,198,0.84672,12.849,0.84672,3695.15,0,18.483,0,4.56379,1.89235,13.1302,0.764759,18.8216,0.42336,18.483,0.42336,0,0,442.007,0,1.02816,0,0,5.59195,4.56379,1.028160,1,0,220.746,0,0,0,220.746,0
72.29,2.11812,0,0,5.91014,0.322901,3.46912,3.6288,61.308,0.351031,0,0,3.27381,0.167209,2.75557,0.66528,12.849,1,0.37648,3.46912,0,214.649,2.42907,215.312,0.84672,12.849,0.84672,3695.15,0,18.483,0,3.56206,1.63456,9.9341,0.764759,14.366,0.42336,18.483,0.42336,0,0,442.007,0,1.02816,0,0,4.59022,3.56206,1.028160,1,0,232.434,0,0,0,232.434,0
72.29,2.1181,0,0,5.99024,0.322901,3.54924,3.6288,61.308,0.351015,0,0,2.42489,0.167209,1.90666,0.66528,12.849,1,0.376476,3.54924,0,239.585,2.42907,240.329,0.84672,12.849,0.84672,3695.15,0,18.483,0,2.24591,1.63454,8.01905,0.764759,11.1347,0.42336,18.483,0.42336,0,0,442.007,0,1.02816,0,0,3.27407,2.24591,1.028160,1,0,253.371,0,0,0,253.371,0
72.29,2.11807,0,0,4.15568,0.257517,1.78009,3.6288,61.308,0.351,0,0,1.67209,0.203843,1.11725,0.66528,12.849,1,0.376472,1.78009,0,149.239,2.94306,147.699,0.84672,12.849,0.84672,3695.15,0,18.483,0,1.27538,1.63452,5.29032,0.93642,7.26379,0.42336,18.483,0.42336,0,0,442.007,0,1.02816,0,0,2.30354,1.27538,1.028160,1,0,156.08,0,0,0,156.08,0
72.29,2.11805,0,0,5.28774,0.284781,2.88491,3.6288,61.308,0.350985,0,0,2.97874,0.154084,2.47368,0.66528,12.849,1,0.376468,2.88491,0,144.526,2.77152,144.263,0.84672,12.849,0.84672,3695.15,0,18.483,0,2.63273,1.6345,9.19173,0.790236,12.6687,0.42336,18.483,0.42336,0,0,442.007,0,1.02816,0,0,3.66089,2.63273,1.028160,1,0,159.405,0,0,0,159.405,0
72.29,2.19542,0,0,4.72267,0.34349,2.18376,3.6288,61.308,0.406437,0,0,1.65482,0.109964,1.13842,0.66528,12.849,1,0.390219,2.18376,0,130.806,2.30118,130.299,0.84672,12.849,0.84672,3695.15,0,18.483,0,2.09667,1.63448,8.94396,0.59269,12.0824,0.42336,18.483,0.42336,0,0,442.007,0,1.02816,0,0,3.12483,2.09667,1.028160,1,0,143.519,0,0,0,143.519,0
72.29,2.19539,0,0,4.2633,0.334562,1.73334,3.6288,61.308,0.406421,0,0,1.81295,0.114721,1.29181,0.66528,12.849,1,0.390214,1.73334,0,142.529,2.35935,141.513,0.84672,12.849,0.84672,3695.15,0,18.483,0,2.19201,1.69811,9.35893,0.60414,12.6449,0.42336,18.483,0.42336,0,0,442.007,0,1.02816,0,0,3.22017,2.19201,1.028160,1,0,155.449,0,0,0,155.449,0
72.29,2.19537,0,0,4.11938,0.280994,1.64302,3.6288,61.308,0.406405,0,0,1.92404,0.143267,1.37437,0.66528,12.849,1,0.39021,1.64302,0,116.129,2.70837,114.674,0.84672,12.849,0.84672,3695.15,0,18.483,0,2.33161,1.69809,9.52595,0.672842,12.8828,0.42336,18.483,0.42336,0,0,442.007,0,1.02816,0,0,3.35977,2.33161,1.028160,1,0,128.931,0,0,0,128.931,0
72.29,2.19534,0,0,3.49343,0.272322,1.02576,3.6288,61.308,0.406389,0,0,1.44021,0.165646,0.868175,0.66528,12.849,1,0.390206,1.02576,0,85.701,3.12549,83.2111,0.84672,12.849,0.84672,3695.15,0,18.483,0,1.5148,1.69807,6.7229,0.749881,9.18589,0.42336,18.483,0.42336,0,0,442.007,0,1.02816,0,0,2.54296,1.5148,1.028160,1,0,93.2652,0,0,0,93.2652,0
72.29,2.16506,0,0,3.36666,0.250642,0.950959,3.6288,61.308,0.384831,0,0,1.60868,0.221593,1.00226,0.66528,12.849,1,0.384823,0.950959,0,78.135,4.16829,74.5328,0.84672,12.849,0.84672,3695.15,0,18.483,0,1.26298,1.69805,5.46538,0.942479,7.48393,0.42336,18.483,0.42336,0,0,442.007,0,1.02816,0,0,2.29114,1.26298,1.028160,1,0,83.019,0,0,0,83.019,0
72.29,2.16504,0,0,2.93106,0.250642,0.51538,3.6288,61.308,0.384815,0,0,1.54521,0.221593,0.938803,0.66528,12.849,1,0.384819,0.51538,0,69.4008,4.16829,65.3631,0.84672,12.849,0.84672,3695.15,0,18.483,0,1.01267,1.67326,5.11253,0.942479,6.85598,0.42336,18.483,0.42336,0,0,442.007,0,1.02816,0,0,2.04083,1.01267,1.028160,1,0,73.1579,0,0,0,73.1579,0
72.1378,2.16501,0,0,2.62631,0.250642,0.36288,3.6288,61.308,0.3848,0,0,1.36537,0.221593,0.758978,0.66528,12.849,1,0.384815,0.36288,0,59.5648,4.16829,55.3746,0.84672,12.849,0.84672,3695.15,0,18.483,0,0.761625,1.67324,4.4539,0.942479,5.94629,0.42336,18.483,0.42336,0,0,442.007,0,1.02816,0,0,1.78978,0.761625,1.028160,1,0,62.0799,0,0,0,62.0799,0
71.8109,2.16361,0,0,2.42838,0.228773,0.36288,3.6288,61.308,0.384784,0,0,1.27043,0.193149,0.692492,0.66528,12.849,1,0.385377,0.36288,0,56.5749,3.57849,52.9739,0.84672,12.849,0.84672,3695.15,0,18.483,0,0.670939,1.67323,4.01501,0.792887,5.56628,0.42336,18.483,0.42336,0,0,442.007,0,1.02816,0,0,1.6991,0.670939,1.028160,1,0,59.2327,0,0,0,59.2327,0
71.5411,2.2631,0,0,2.5392,0.182995,0.36288,3.6288,61.308,0.461159,0,0,1.30237,0.255909,0.5853,0.66528,12.849,1,0.404932,0.36288,0,63.7699,4.97706,58.7508,0.84672,12.849,0.84672,3695.15,0,18.483,0,0.626374,1.67321,4.1367,1.14659,5.28969,0.42336,18.483,0.42336,0,0,442.007,0,1.02816,0,0,1.65453,0.626374,1.028160,1,0,64.6258,0,0,0,64.6258,0
71.0627,2.26048,0,0,2.3215,0.176531,0.36288,3.6288,61.308,0.461142,0,0,1.22596,0.268265,0.496557,0.66528,12.849,1,0.40599,0.36288,0,60.799,5.24948,55.5064,0.84672,12.849,0.84672,3695.15,0,18.483,0,0.493266,1.75979,3.81115,1.21551,4.8487,0.42336,18.483,0.42336,0,0,442.007,0,1.02816,0,0,1.52143,0.493266,1.028160,1,0,60.8517,0,0,0,60.8517,0
70.5452,2.25583,0,0,2.27712,0.175887,0.36288,3.6288,61.308,0.525321,0,0,1.13482,0.268265,0.341235,0.66528,12.849,1,0.407882,0.36288,0,57.0891,5.24948,51.7946,0.84672,12.849,0.84672,3695.15,0,18.483,0,0.402797,1.75978,3.51739,1.21551,4.46445,0.42336,18.483,0.42336,0,0,442.007,0,0.963965,0,0,1.36676,0.402797,1.028160,1,0,56.6003,0,0,0,56.6003,0
69.7506,2.25076,0,0,1.9871,0.168087,0.36288,3.6288,61.308,0.513969,0,0,1.0548,0.272987,0.267842,0.66528,12.849,1,0.409949,0.36288,0,51.026,5.30302,45.6759,0.84672,12.849,0.84672,3695.15,0,18.483,0,0.30119,1.75976,3.40202,1.22919,4.23377,0.42336,18.483,0.42336,0,0,442.007,0,0.975301,0,0,1.27649,0.30119,1.028160,1,0,50.1775,0,0,0,50.1775,0
69.0243,2.24287,0,0,2.01076,0.131288,0.36288,3.6288,61.308,0.461093,0,0,0.926752,0.253239,0.212421,0.66528,12.849,1,0.413168,0.36288,0,47.2506,4.82483,42.3755,0.84672,12.849,0.84672,3695.15,0,18.483,0,0.432605,1.75974,3.67047,1.16994,4.69287,0.42336,18.483,0.42336,0,0,442.007,0,1.02816,0,0,1.46076,0.432605,1.028160,1,0,47.2808,0,0,0,47.2808,0
68.2971,2.21554,0,0,1.98667,0.13546,0.36288,3.6288,61.308,0.503059,0,0,0.850444,0.21718,0.130205,0.66528,12.849,1,0.412426,0.36288,0,47.7376,4.2252,43.4629,0.84672,12.849,0.84672,3695.15,0,18.483,0,0.664718,1.75972,3.89755,1.06393,5.25805,0.42336,18.483,0.42336,0,0,442.007,0,1.02816,0,0,1.69288,0.664718,1.028160,1,0,48.8512,0,0,0,48.8512,0
67.4071,2.20817,0,0,1.81568,0.134694,0.36288,3.6288,61.308,0.503042,0,0,0.795286,0.21718,0.0750641,0.66528,12.849,1,0.415432,0.36288,0,44.9015,4.2252,40.6237,0.84672,12.849,0.84672,3695.15,0,18.483,0,0.418591,1.78668,3.70883,1.06393,4.85017,0.42336,18.483,0.42336,0,0,442.007,0,1.02816,0,0,1.44675,0.418591,1.028160,1,0,45.549,0,0,0,45.549,0
66.3993,2.19901,0,0,1.66955,0.11542,0.36288,3.6288,61.2976,0.503025,0,0,0.753641,0.261056,0,0.66528,12.849,1,0.419172,0.36288,0,40.202,4.7898,35.3559,0.84672,12.849,0.84672,3695.15,0,18.483,0,0.419567,1.78666,3.53134,1.27002,4.46755,0.42336,18.483,0.42336,0,0,442.007,0,1.02816,0,0,1.44773,0.419567,1.028160,1,0,39.8235,0,0,0,39.8235,0
65.3594,2.18845,0,0,1.61171,0.100247,0.36288,3.6288,61.235,0.503008,0,0,0.734486,0.294,0,0.66528,12.849,1,0.423489,0.36288,0,38.99,5.2629,33.6665,0.84672,12.849,0.84672,3695.15,0,18.483,0,0.346032,1.78664,3.39465,1.41543,4.11189,0.42336,18.483,0.42336,0,0,442.007,0,1.02816,0,0,1.37419,0.346032,1.028160,1,0,37.7784,0,0,0,37.7784,0
64.3663,2.22813,0,0,1.69365,0.0957657,0.36288,3.6288,61.2686,0.540406,0,0,0.868216,0.294219,0,0.66528,12.849,1,0.438029,0.36288,0,40.3204,5.5608,34.6844,0.84672,12.849,0.84672,3695.15,0,18.483,0,0.317745,1.78662,3.16713,1.36046,3.91103,0.42336,18.483,0.42336,0,0,442.007,0,1.02816,0,0,1.3459,0.317745,1.028160,1,0,38.5955,0,0,0,38.5955,0
63.2747,2.21703,0,0,1.58327,0.095004,0.36288,3.6288,61.1779,0.599728,0,0,0.803287,0.294281,0,0.66528,12.849,1,0.442569,0.36288,0,38.3388,5.5608,32.6983,0.84672,12.849,0.84672,3695.15,0,18.483,0,0.261274,1.82959,2.77905,1.36046,3.50945,0.42336,18.483,0.42336,0,0,442.007,0,0.96882,0,0,1.23009,0.261274,1.028160,1,0,36.2078,0,0,0,36.2078,0
62.1751,2.20455,0,0,1.56199,0.0941668,0.36288,3.6288,61.2125,0.540371,0,0,0.869072,0.294112,0,0.66528,12.849,1,0.447671,0.36288,0,35.5747,5.5608,29.9291,0.84672,12.849,0.84672,3695.15,0,18.483,0,0.284835,1.82957,3.14279,1.36046,3.89673,0.42336,18.483,0.42336,0,0,442.007,0,1.02816,0,0,1.31299,0.284835,1.028160,1,0,33.8258,0,0,0,33.8258,0
61.229,2.19169,0,0,1.68545,0.0769556,0.36288,3.6288,61.308,0.540353,0,0,0.91813,0.274826,0.00744704,0.66528,12.849,1,0.452931,0.36288,0,36.6673,5.80238,30.7749,0.84672,12.849,0.84672,3695.15,0,18.483,0,0.421874,1.82955,3.87685,1.43025,4.69803,0.42336,18.483,0.42336,0,0,442.007,0,1.02816,0,0,1.45003,0.421874,1.028160,1,0,35.4803,0,0,0,35.4803,0
59.7157,2.32599,0,0,1.28158,0.106033,0.36288,3.6288,61.2671,0.66528,0,0,0.878083,0.253748,0,0.66528,12.849,1,0.488113,0.36288,0,30.8221,5.3654,25.3314,0.84672,12.849,0.84672,3695.15,0,18.483,0,0.311472,1.82953,3.19081,1.3859,3.94592,0.42336,18.483,0.42336,0,0,442.007,0,1.02816,0,0,1.33963,0.311472,1.028160,1,0,29.2774,0,0,0,29.2774,0
58.089,2.30618,0,0,1.15887,0.116425,0.36288,3.6288,61.2218,0.66528,0,0,0.869711,0.249733,0,0.66528,12.849,1,0.496221,0.36288,0,28.8686,5.19382,23.5414,0.84672,12.849,0.84672,3695.15,0,18.483,0,0.295255,1.9673,3.31079,1.36536,4.20798,0.42336,18.483,0.42336,0,0,442.007,0,1.02816,0,0,1.32341,0.295255,1.028160,1,0,27.7494,0,0,0,27.7494,0
56.7642,2.28415,0,0,1.43681,0.114609,0.36288,3.6288,61.2378,0.66528,0,0,0.931012,0.249662,0,0.66528,12.849,1,0.505242,0.36288,0,28.2697,5.19382,22.9335,0.84672,12.849,0.84672,3695.15,0,18.483,0,0.446558,1.96729,4.85616,1.36536,5.90466,0.42336,18.483,0.42336,0,0,442.007,0,1.02816,0,0,1.47472,0.446558,1.028160,1,0,28.8382,0,0,0,28.8382,0
55.1078,2.26559,0,0,1.08739,0.115335,0.36288,3.6288,61.1542,0.66528,0,0,0.831375,0.249728,0,0.66528,12.849,1,0.512834,0.36288,0,26.7671,5.20492,21.4122,0.84672,12.849,0.84672,3695.15,0,18.483,0,0.298616,1.96728,3.21267,1.36318,4.11539,0.42336,18.483,0.42336,0,0,442.007,0,1.02816,0,0,1.32678,0.298616,1.028160,1,0,25.5276,0,0,0,25.5276,0
53.463,2.2416,0,0,1.10594,0.146245,0.36288,3.6288,61.308,0.66528,0,0,1.0526,0.204452,0.0290623,0.66528,12.849,1,0.522655,0.36288,0,31.8814,4.7507,26.971,0.84672,12.849,0.84672,3695.15,0,18.483,0,1.15741,1.96727,4.64333,1.2258,6.54222,0.42336,18.483,0.42336,0,0,442.007,0,1.02816,0,0,2.18557,1.15741,1.028160,1,0,33.5422,0,0,0,33.5422,0
51.8553,2.14922,0,0,1.07419,0.169779,0.36288,3.6288,61.308,0.593322,0,0,1.21791,0.144076,0.480514,0.66528,12.849,1,0.516532,0.36288,0,54.0915,4.05625,49.8816,0.84672,12.849,0.84672,3695.15,0,18.483,0,1.91912,1.96727,6.57529,1.06002,9.40166,0.42336,18.483,0.42336,0,0,442.007,0,1.02816,0,0,2.94728,1.91912,1.028160,1,0,59.7638,0,0,0,59.7638,0
50.212,2.12485,0,0,1.01142,0.166994,0.36288,3.6288,61.308,0.593304,0,0,1.21028,0.144076,0.472902,0.66528,12.849,1,0.526508,0.36288,0,39.1398,4.05625,34.9199,0.84672,12.849,0.84672,3695.15,0,18.483,0,1.51283,1.89156,5.78033,1.06002,8.12471,0.42336,18.483,0.42336,0,0,442.007,0,1.02816,0,0,2.54099,1.51283,1.028160,1,0,43.5175,0,0,0,43.5175,0
49.0424,2.09896,0,0,1.52798,0.235718,0.36288,3.6288,61.308,0.593286,0,0,1.35797,0.103907,0.660782,0.66528,12.849,1,0.537113,0.36288,0,65.1986,3.2017,61.8226,0.84672,12.849,0.84672,3695.15,0,18.483,0,1.98535,1.89154,7.89333,0.835875,10.9343,0.42336,18.483,0.42336,0,0,442.007,0,1.02816,0,0,3.01351,1.98535,1.028160,1,0,73.4178,0,0,0,73.4178,0
48.6044,2.07988,0,0,2.26238,0.257652,0.36288,3.6288,61.308,0.593268,0,0,1.60752,0.148952,0.865296,0.66528,12.849,1,0.544922,0.36288,0,55.7226,3.04353,52.497,0.84672,12.849,0.84672,3695.15,0,18.483,0,1.73487,1.89152,8.87242,0.733144,11.7657,0.42336,18.483,0.42336,0,0,442.007,0,1.02816,0,0,2.76303,1.73487,1.028160,1,0,65.1279,0,0,0,65.1279,0
47.2285,2.01903,0,0,1.21089,0.20486,0.36288,3.6288,61.308,0.518649,0,0,0.801965,0.230216,0.0530991,0.66528,12.849,1,0.533749,0.36288,0,26.8649,5.14214,21.5519,0.84672,12.849,0.84672,3695.15,0,18.483,0,0.767621,1.8915,5.73952,1.11414,7.2845,0.42336,18.483,0.42336,0,0,442.007,0,1.02816,0,0,1.79578,0.767621,1.028160,1,0,28.8895,0,0,0,28.8895,0
46.3308,1.99621,0,0,1.74218,0.280765,0.36288,3.6288,61.308,0.518632,0,0,1.30578,0.241946,0.545202,0.66528,12.849,1,0.543091,0.36288,0,42.0595,5.28938,36.5899,0.84672,12.849,0.84672,3695.15,0,18.483,0,1.16691,1.81734,5.75307,1.12213,7.61519,0.42336,18.483,0.42336,0,0,442.007,0,1.02816,0,0,2.19507,1.16691,1.028160,1,0,44.7503,0,0,0,44.7503,0
47.1506,1.98089,0,0,3.44151,0.277991,0.36288,3.6288,61.308,0.518615,0,0,1.76294,0.241946,1.00238,0.66528,12.849,1,0.549362,0.36288,0,73.5557,5.28938,68.0798,0.84672,12.849,0.84672,3695.15,0,18.483,0,2.26509,1.81732,11.7715,1.12213,14.7318,0.42336,18.483,0.42336,0,0,442.007,0,1.02816,0,0,3.29325,2.26509,1.028160,1,0,83.814,0,0,0,83.814,0
