0volume,0demand,0up_spill,0ww_inflow,0catch_inflow,0evap,0ds_spill,0treat_cap,1volume,1demand,1up_spill,1ww_inflow,1catch_inflow,1evap,1ds_spill,1treat_cap,2volume,2s_area,2demand,2up_spill,2ww_inflow,2catch_inflow,2evap,2ds_spill,2treat_cap,2valloc_0,2talloc_0,2valloc_1,2talloc_1,3volume,3demand,3up_spill,3ww_inflow,3catch_inflow,3evap,3ds_spill,3treat_cap,3valloc_0,3talloc_0,3valloc_1,3talloc_1,3valloc_2,3talloc_2,4demand,4up_spill,4ww_inflow,4catch_inflow,4ds_spill,4treat_cap,11volume,11s_area,11demand,11up_spill,11ww_inflow,11catch_inflow,11evap,11ds_spill,11treat_cap
72.29,1.73757,0,0,9.93548,0.242145,7.95576,3.6288,61.308,0,0,0,2.39456,0.179227,2.21533,0.66528,12.849,1,0.30884,7.95576,0,91.5451,3.67721,95.5148,0.84672,12.849,0.84672,3695.15,0,18.483,0.42336,3.9807,0,6.70876,0.7562,9.5099,0.42336,18.483,0.42336,0,0,442.007,0,1.12031,0,0,5.101,3.9807,1.028160,1,0,107.24,0,0,0,107.24,0
72.29,1.738,0,0,8.0212,0.242145,6.04106,3.6288,61.308,0.0923751,0,0,1.75354,0.179227,1.48194,0.66528,12.849,1,0.308916,6.04106,0,94.8041,3.67721,96.8591,0.84672,12.849,0.84672,3695.15,0,18.483,0.42336,2.5901,1.32838,5.54609,0.7562,8.28502,0.42336,18.483,0.42336,0,0,442.007,0,1.02816,0,0,3.61826,2.5901,1.028160,1,0,106.626,0,0,0,106.626,0
72.29,1.73843,0,0,5.52862,0.258241,3.53195,3.6288,61.308,0.0926041,0,0,1.64236,0.181403,1.36835,0.66528,12.849,1,0.308993,3.53195,0,73.4478,3.58952,73.0812,0.84672,12.849,0.84672,3695.15,0,18.483,0.42336,2.37688,1.32866,4.98397,0.799936,7.46621,0.42336,18.483,0.42336,0,0,442.007,0,1.02816,0,0,3.40504,2.37688,1.028160,1,0,81.9158,0,0,0,81.9158,0
72.29,1.73886,0,0,5.49913,0.298481,3.46179,3.6288,61.308,0.0928333,0,0,1.61708,0.186844,1.3374,0.66528,12.849,1,0.309069,3.46179,0,106.209,3.37029,105.991,0.84672,12.849,0.84672,3695.15,0,18.483,0.42336,2.33705,1.32893,5.89193,0.909277,8.22527,0.42336,18.483,0.42336,0,0,442.007,0,1.02816,0,0,3.36521,2.33705,1.028160,1,0,115.554,0,0,0,115.554,0
72.29,1.94399,0,0,14.109,0.281674,11.8833,3.6288,61.308,0.224894,0,0,3.11703,0.147222,2.74491,0.66528,12.849,1,0.34553,11.8833,0,325.37,3.21597,333.692,0.84672,12.849,0.84672,3695.15,0,18.483,0.42336,6.44804,1.3292,15.0094,0.858057,21.5052,0.42336,18.483,0.42336,0,0,442.007,0,1.02816,0,0,7.4762,6.44804,1.028160,1,0,357.942,0,0,0,357.942,0
72.29,1.94447,0,0,18.7787,0.26907,16.5652,3.6288,61.308,0.22515,0,0,3.35721,0.117505,3.01455,0.66528,12.849,1,0.345614,16.5652,0,397.114,3.10023,410.234,0.84672,12.849,0.84672,3695.15,0,18.483,0.42336,8.84525,1.4765,18.7198,0.819642,27.7985,0.42336,18.483,0.42336,0,0,442.007,0,1.02816,0,0,9.87341,8.84525,1.028160,1,0,441.047,0,0,0,441.047,0
72.29,1.94494,0,0,7.50289,0.26907,5.28888,3.6288,61.308,0.225407,0,0,1.62753,0.117505,1.28462,0.66528,12.849,1,0.345698,5.28888,0,239.128,3.10023,240.971,0.84672,12.849,0.84672,3695.15,0,18.483,0.42336,4.29706,1.47681,7.95934,0.819642,12.4902,0.42336,18.483,0.42336,0,0,442.007,0,1.02816,0,0,5.32522,4.29706,1.028160,1,0,254.746,0,0,0,254.746,0
72.29,1.94541,0,0,6.17453,0.279916,3.94921,3.6288,61.308,0.225663,0,0,1.70821,0.197872,1.28468,0.66528,12.849,1,0.345782,3.94921,0,179.485,4.063,179.025,0.84672,12.849,0.84672,3695.15,0,18.483,0.42336,4.29512,1.47711,7.52077,0.98606,11.8836,0.42336,18.483,0.42336,0,0,442.007,0,1.02816,0,0,5.32328,4.29512,1.028160,1,0,192.193,0,0,0,192.193,0
72.29,1.65405,0,0,8.8922,0.32264,6.91551,3.6288,61.308,0.0488546,0,0,4.65647,0.202286,4.40533,0.66528,12.849,1,0.293995,6.91551,0,237.767,3.75502,240.633,0.84672,12.849,0.84672,3695.15,0,18.483,0.422905,7.31151,1.47741,15.0565,0.96104,22.4615,0.42336,18.483,0.42336,0,0,442.007,0,1.02816,0,0,8.33967,7.31151,1.028160,1,0,267.5,0,0,0,267.5,0
72.29,1.65439,0,0,10.203,0.343464,8.20513,3.6288,61.308,0.0490749,0,0,5.7198,0.210303,5.46042,0.66528,12.849,1,0.294055,8.20513,0,291.708,3.70566,295.913,0.84672,12.849,0.84672,3695.15,0,18.483,0.422991,8.15918,1.27642,17.3197,1.03048,25.3018,0.42336,18.483,0.42336,0,0,442.007,0,1.02816,0,0,9.18734,8.15918,1.028160,1,0,326.676,0,0,0,326.676,0
72.29,1.65472,0,0,12.1632,0.343464,10.165,3.6288,61.308,0.049295,0,0,7.69522,0.210303,7.43562,0.66528,12.849,1,0.294115,10.165,0,326.277,3.70566,332.443,0.84672,12.849,0.84672,3695.15,0,18.483,0.423078,8.89695,1.27668,21.8092,1.03048,30.5292,0.42336,18.483,0.42336,0,0,442.007,0,1.02816,0,0,9.92511,8.89695,1.028160,1,0,370.408,0,0,0,370.408,0
72.29,1.65506,0,0,14.112,0.332135,12.1248,3.6288,61.308,0.0495153,0,0,9.34453,0.204287,9.09073,0.66528,12.849,1,0.294175,12.1248,0,396.193,3.61846,404.405,0.84672,12.849,0.84672,3695.15,0,18.483,0.423164,13.522,1.27694,26.1902,1.01796,39.548,0.42336,18.483,0.42336,0,0,442.007,0,1.02816,0,0,14.5502,13.522,1.028160,1,0,453.044,0,0,0,453.044,0
72.29,1.6554,0,0,10.7574,0.287424,8.81458,3.6288,61.308,0.0497358,0,0,6.3307,0.195827,6.08514,0.66528,12.849,1,0.294235,8.81458,0,306.133,3.51684,311.137,0.84672,12.849,0.84672,3695.15,0,18.483,0.423251,8.03485,1.2772,19.5559,1.02094,27.4237,0.42336,18.483,0.42336,0,0,442.007,0,1.02816,0,0,9.06301,8.03485,1.028160,1,0,344.646,0,0,0,344.646,0
72.29,1.72935,0,0,13.0668,0.31718,11.0203,3.6288,61.308,0.0933171,0,0,13.515,0.228058,13.1937,0.66528,12.849,1,0.307379,11.0203,0,329.654,4.24211,336.125,0.84672,12.849,0.84672,3695.15,0,18.483,0.42336,11.1082,1.27746,23.3108,1.06056,34.2125,0.42336,18.483,0.42336,0,0,442.007,0,1.02816,0,0,12.1363,11.1082,1.028160,1,0,383.531,0,0,0,383.531,0
72.29,1.72978,0,0,10.5363,0.31718,8.48935,3.6288,61.308,0.0935465,0,0,4.89297,0.228058,4.57137,0.66528,12.849,1,0.307455,8.48935,0,258.78,4.24211,262.72,0.84672,12.849,0.84672,3695.15,0,18.483,0.42336,5.13997,1.32747,16.2857,1.06056,21.2692,0.42336,18.483,0.42336,0,0,442.007,0,1.02816,0,0,6.16813,5.13997,1.028160,1,0,288.56,0,0,0,288.56,0
72.29,1.73021,0,0,12.0942,0.260765,10.1032,3.6288,61.308,0.0937758,0,0,6.14618,0.251242,5.80117,0.66528,12.849,1,0.307531,10.1032,0,257.362,4.4374,262.721,0.84672,12.849,0.84672,3695.15,0,18.483,0.42336,6.35714,1.32775,18.7975,1.14513,24.9139,0.42336,18.483,0.42336,0,0,442.007,0,1.02816,0,0,7.3853,6.35714,1.028160,1,0,293.436,0,0,0,293.436,0
72.29,1.73063,0,0,9.38157,0.260878,7.39006,3.6288,61.308,0.0940053,0,0,3.58465,0.224277,3.26637,0.66528,12.849,1,0.307607,7.39006,0,222.064,4.00653,225.139,0.84672,12.849,0.84672,3695.15,0,18.483,0.42336,4.14171,1.32802,14.3255,1.1626,18.2092,0.42336,18.483,0.42336,0,0,442.007,0,1.02816,0,0,5.16987,4.14171,1.028160,1,0,246.615,0,0,0,246.615,0
72.29,1.70225,0,0,8.26995,0.256703,6.311,3.6288,61.308,0.0773802,0,0,2.50967,0.210364,2.22193,0.66528,12.849,1,0.302562,6.311,0,175.649,4.34266,177.314,0.84672,12.849,0.84672,3695.15,0,18.483,0.42336,3.98221,1.32829,10.7657,1.14893,14.5039,0.42336,18.483,0.42336,0,0,442.007,0,1.02816,0,0,5.01037,3.98221,1.028160,1,0,194.04,0,0,0,194.04,0
72.29,1.70267,0,0,7.46859,0.192071,5.57385,3.6288,61.308,0.0776063,0,0,2.27755,0.241437,1.9585,0.66528,12.849,1,0.302637,5.57385,0,153.592,4.6458,154.218,0.84672,12.849,0.84672,3695.15,0,18.483,0.42336,3.37044,1.30918,10.2597,1.16119,13.3548,0.42336,18.483,0.42336,0,0,442.007,0,1.02816,0,0,4.3986,3.37044,1.028160,1,0,169.531,0,0,0,169.531,0
72.29,1.70309,0,0,6.64174,0.163981,4.77467,3.6288,61.308,0.0778324,0,0,2.16059,0.254516,1.82824,0.66528,12.849,1,0.302712,4.77467,0,141.376,4.76112,141.087,0.84672,12.849,0.84672,3695.15,0,18.483,0.42336,3.11732,1.30945,9.21784,1.16807,12.0532,0.42336,18.483,0.42336,0,0,442.007,0,1.02816,0,0,4.14548,3.11732,1.028160,1,0,154.969,0,0,0,154.969,0
72.29,1.70351,0,0,6.2768,0.163981,4.4093,3.6288,61.308,0.0780587,0,0,2.05151,0.254516,1.71893,0.66528,12.849,1,0.302787,4.4093,0,134.137,4.76112,133.482,0.84672,12.849,0.84672,3695.15,0,18.483,0.42336,2.92762,1.30971,8.72381,1.16807,11.3697,0.42336,18.483,0.42336,0,0,442.007,0,1.02816,0,0,3.95578,2.92762,1.028160,1,0,146.571,0,0,0,146.571,0
72.29,1.80182,0,0,5.92104,0.163081,3.95615,3.6288,61.308,0.138105,0,0,2.04147,0.247977,1.65539,0.66528,12.849,1,0.320259,3.95615,0,108.461,4.58197,107.515,0.84672,12.849,0.84672,3695.15,0,18.483,0.42336,3.21782,1.30998,8.63749,1.08364,11.6583,0.42336,18.483,0.42336,0,0,442.007,0,1.02816,0,0,4.24598,3.21782,1.028160,1,0,120.829,0,0,0,120.829,0
72.29,1.80226,0,0,5.58636,0.161881,3.62222,3.6288,61.308,0.138344,0,0,1.84405,0.239257,1.46645,0.66528,12.849,1,0.320338,3.62222,0,79.6323,4.34311,78.591,0.84672,12.849,0.84672,3695.15,0,18.483,0.42336,2.77354,1.37807,7.29613,0.971062,10.0533,0.42336,18.483,0.42336,0,0,442.007,0,1.02816,0,0,3.8017,2.77354,1.028160,1,0,90.1108,0,0,0,90.1108,0
72.29,1.8027,0,0,4.80823,0.161881,2.84365,3.6288,61.308,0.138583,0,0,1.24169,0.239257,0.863849,0.66528,12.849,1,0.320417,2.84365,0,81.0311,4.34311,79.2112,0.84672,12.849,0.84672,3695.15,0,18.483,0.42336,1.81172,1.37835,6.44112,0.971062,8.23677,0.42336,18.483,0.42336,0,0,442.007,0,1.02816,0,0,2.83988,1.81172,1.028160,1,0,88.3118,0,0,0,88.3118,0
72.29,1.80314,0,0,4.46902,0.131728,2.53415,3.6288,61.308,0.138821,0,0,1.22977,0.241091,0.849862,0.66528,12.849,1,0.320495,2.53415,0,80.841,4.63525,78.4194,0.84672,12.849,0.84672,3695.15,0,18.483,0.42336,1.6814,1.37864,6.21225,1.08106,7.76786,0.42336,18.483,0.42336,0,0,442.007,0,1.02816,0,0,2.70956,1.6814,1.028160,1,0,87.0371,0,0,0,87.0371,0
72.29,1.80359,0,0,4.05059,0.106675,2.14033,3.6288,61.308,0.13906,0,0,1.08493,0.241241,0.704633,0.66528,12.849,1,0.320574,2.14033,0,74.6729,4.9076,71.5851,0.84672,12.849,0.84672,3695.15,0,18.483,0.42336,1.38594,1.37892,5.76704,1.16747,6.94108,0.42336,18.483,0.42336,0,0,442.007,0,1.02816,0,0,2.4141,1.38594,1.028160,1,0,79.2308,0,0,0,79.2308,0
72.29,1.78465,0,0,3.62268,0.0920478,1.74598,3.6288,61.308,0.172211,0,0,0.934597,0.233891,0.528496,0.66528,12.849,1,0.317208,1.74598,0,74.2919,5.22701,70.4937,0.84672,12.849,0.84672,3695.15,0,18.483,0.42336,2.18133,1.3792,4.91943,1.1909,6.8657,0.42336,18.483,0.42336,0,0,442.007,0,1.02816,0,0,3.20949,2.18133,1.028160,1,0,77.8879,0,0,0,77.8879,0
72.29,1.78509,0,0,3.24232,0.0920478,1.36519,3.6288,61.308,0.172456,0,0,0.823072,0.233891,0.416725,0.66528,12.849,1,0.317286,1.36519,0,79.2832,5.22701,75.1041,0.84672,12.849,0.84672,3695.15,0,18.483,0.42336,1.88314,1.40063,4.74125,1.1909,6.41077,0.42336,18.483,0.42336,0,0,442.007,0,1.02816,0,0,2.9113,1.88314,1.028160,1,0,81.9316,0,0,0,81.9316,0
72.29,1.78553,0,0,3.00547,0.0920478,1.12789,3.6288,61.308,0.172702,0,0,0.827755,0.233891,0.421163,0.66528,12.849,1,0.317364,1.12789,0,68.7658,5.22701,64.3493,0.84672,12.849,0.84672,3695.15,0,18.483,0.42336,1.90463,1.40092,4.59505,1.1909,6.28634,0.42336,18.483,0.42336,0,0,442.007,0,1.02816,0,0,2.93279,1.90463,1.028160,1,0,71.0568,0,0,0,71.0568,0
72.29,1.78597,0,0,2.93491,0.0788602,1.07008,3.6288,61.308,0.172948,0,0,0.772114,0.25623,0.342936,0.66528,12.849,1,0.317442,1.07008,0,65.3089,5.65249,60.409,0.84672,12.849,0.84672,3695.15,0,18.483,0.42336,1.7383,1.40121,4.45293,1.31748,5.85159,0.42336,18.483,0.42336,0,0,442.007,0,1.02816,0,0,2.76646,1.7383,1.028160,1,0,66.6036,0,0,0,66.6036,0
72.29,1.83649,0,0,2.75769,0.0547301,0.866471,3.6288,61.308,0.202549,0,0,0.717225,0.298527,0.216148,0.66528,12.849,1,0.326422,0.866471,0,62.5558,6.15139,56.9444,0.84672,12.849,0.84672,3695.15,0,18.483,0.42336,1.36628,1.40149,3.82755,1.56422,4.60774,0.42336,18.483,0.42336,0,0,442.007,0,1.02816,0,0,2.39444,1.36628,1.028160,1,0,61.7683,0,0,0,61.7683,0
72.29,1.83694,0,0,2.55696,0.0582656,0.661761,3.6288,61.308,0.202801,0,0,0.605082,0.293106,0.109174,0.66528,12.849,1,0.326502,0.661761,0,57.6575,5.92547,52.0673,0.84672,12.849,0.84672,3695.15,0,18.483,0.42336,1.34325,1.43551,3.79245,1.53634,4.61152,0.42336,18.483,0.42336,0,0,442.007,0,1.02816,0,0,2.37141,1.34325,1.028160,1,0,56.788,0,0,0,56.788,0
72.29,1.83739,0,0,2.39273,0.0582656,0.497074,3.6288,61.308,0.203053,0,0,0.560085,0.293106,0.0639257,0.66528,12.849,1,0.326582,0.497074,0,52.0501,5.92547,46.2952,0.84672,12.849,0.84672,3695.15,0,18.483,0.42336,1.24147,1.43581,3.38473,1.53634,4.10231,0.42336,18.483,0.42336,0,0,442.007,0,1.02816,0,0,2.26963,1.24147,1.028160,1,0,50.4614,0,0,0,50.4614,0
72.2277,1.83784,0,0,2.19663,0.0582656,0.36288,3.6288,61.308,0.203305,0,0,0.553929,0.293106,0.0575177,0.66528,12.849,1,0.326662,0.36288,0,47.58,5.92547,41.6908,0.84672,12.849,0.84672,3695.15,0,18.483,0.42336,1.05506,1.4361,3.31039,1.53634,3.84185,0.42336,18.483,0.42336,0,0,442.007,0,1.02816,0,0,2.08322,1.05506,1.028160,1,0,45.5902,0,0,0,45.5902,0
72.2203,1.98481,0,0,2.38168,0.0413305,0.36288,3.6288,61.308,0.309603,0,0,0.616667,0.282871,0.0241929,0.66528,12.849,1,0.353089,0.36288,0,46.5441,6.01116,40.5427,0.84672,12.849,0.84672,3695.15,0,18.483,0.42336,1.69971,1.43639,4.55926,1.56974,5.70227,0.42336,18.483,0.42336,0,0,442.007,0,1.02816,0,0,2.72787,1.69971,1.028160,1,0,46.2692,0,0,0,46.2692,0
71.3251,1.98526,0,0,1.48705,0.0341578,0.36288,3.6288,61.1379,0.309877,0,0,0.418679,0.278951,0,0.66528,12.849,1,0.353205,0.36288,0,36.3646,5.73016,30.6441,0.84672,12.849,0.84672,3695.15,0,18.483,0.42336,1.40708,1.55102,2.95397,1.52416,3.96455,0.42336,18.483,0.42336,0,0,442.007,0,1.02816,0,0,2.43524,1.40708,1.028160,1,0,34.6087,0,0,0,34.6087,0
70.4644,1.98198,0,0,1.51811,0.0339257,0.36288,3.6288,60.95,0.310151,0,0,0.400968,0.27865,0,0.66528,12.849,1,0.357048,0.36288,0,33.55,5.73016,27.8257,0.84672,12.849,0.84672,3695.15,0,18.483,0.42336,1.30795,1.55133,3.02836,1.52416,3.94012,0.42336,18.483,0.42336,0,0,442.007,0,1.02816,0,0,2.33611,1.30795,1.028160,1,0,31.7658,0,0,0,31.7658,0
70.3464,1.97877,0,0,2.26239,0.0387224,0.36288,3.6288,60.837,0.310425,0,0,0.474705,0.277249,0,0.66528,12.849,1,0.360823,0.36288,0,43.188,5.70048,37.4896,0.84672,12.849,0.84672,3695.15,0,18.483,0.42336,1.78622,1.55165,3.31899,1.52052,4.71297,0.42336,18.483,0.42336,0,0,442.007,0,1.02816,0,0,2.81438,1.78622,1.028160,1,0,42.2025,0,0,0,42.2025,0
71.1701,1.97874,0,0,3.22682,0.061503,0.36288,3.6288,60.872,0.310699,0,0,0.613476,0.267839,0,0.66528,12.849,1,0.361422,0.36288,0,63.3515,5.63694,57.716,0.84672,12.849,0.84672,3695.15,0,18.483,0.42336,1.9202,1.55197,3.63396,1.49713,5.18563,0.42336,18.483,0.42336,0,0,442.007,0,1.02816,0,0,2.94836,1.9202,1.028160,1,0,62.9017,0,0,0,62.9017,0
70.3109,1.91132,0,0,1.54801,0.132982,0.36288,3.6288,61.0014,0.246541,0,0,0.552249,0.176308,0,0.66528,12.849,1,0.345068,0.36288,0,26.0208,4.07684,21.9618,0.84672,12.849,0.84672,3695.15,0,18.483,0.42336,1.44145,1.55229,3.90243,1.0946,5.3782,0.42336,18.483,0.42336,0,0,442.007,0,1.02816,0,0,2.46961,1.44145,1.028160,1,0,27.34,0,0,0,27.34,0
69.9353,1.90822,0,0,2.02762,0.132108,0.36288,3.6288,61.2672,0.246802,0,0,0.689089,0.176453,0,0.66528,12.849,1,0.348718,0.36288,0,62.4553,4.07684,58.3926,0.84672,12.849,0.84672,3695.15,0,18.483,0.42336,1.82635,1.48702,4.61222,1.0946,6.40763,0.42336,18.483,0.42336,0,0,442.007,0,1.02816,0,0,2.85451,1.82635,1.028160,1,0,64.8002,0,0,0,64.8002,0
69.0259,1.9071,0,0,1.49222,0.131726,0.36288,3.6288,61.308,0.247064,0,0,0.557227,0.17675,0.0926338,0.66528,12.849,1,0.350386,0.36288,0,31.7195,4.07684,27.6552,0.84672,12.849,0.84672,3695.15,0,18.483,0.42336,1.64252,1.48732,3.55949,1.0946,5.17137,0.42336,18.483,0.42336,0,0,442.007,0,1.02816,0,0,2.67068,1.64252,1.028160,1,0,32.9192,0,0,0,32.9192,0
68.0154,1.90367,0,0,1.38689,0.1308,0.36288,3.6288,61.308,0.247325,0,0,0.562471,0.176796,0.13835,0.66528,12.849,1,0.354364,0.36288,0,23.4644,4.07684,19.3961,0.84672,12.849,0.84672,3695.15,0,18.483,0.42336,1.68097,1.48763,3.37427,1.0946,5.0249,0.42336,18.483,0.42336,0,0,442.007,0,1.02816,0,0,2.70913,1.68097,1.028160,1,0,24.5594,0,0,0,24.5594,0
66.8052,1.84143,0,0,1.19119,0.197114,0.36288,3.6288,61.308,0.188889,0,0,0.57771,0.159445,0.229376,0.66528,12.849,1,0.347871,0.36288,0,23.6546,3.66426,20.0053,0.84672,12.849,0.84672,3695.15,0,18.483,0.42336,1.18691,1.48793,2.97208,0.934491,4.28908,0.42336,18.483,0.42336,0,0,442.007,0,1.02816,0,0,2.21507,1.18691,1.028160,1,0,24.5238,0,0,0,24.5238,0
66.4487,1.8366,0,0,2.06061,0.217574,0.36288,3.6288,61.308,0.189138,0,0,0.573249,0.16332,0.220791,0.66528,12.849,1,0.353242,0.36288,0,51.0499,3.73705,47.3225,0.84672,12.849,0.84672,3695.15,0,18.483,0.42336,0.621613,1.42991,3.80372,0.9008,4.53108,0.42336,18.483,0.42336,0,0,442.007,0,1.02816,0,0,1.64977,0.621613,1.028160,1,0,52.0743,0,0,0,52.0743,0
68.2082,1.83546,0,0,4.17476,0.21696,0.36288,3.6288,61.308,0.189388,0,0,1.2481,0.16332,0.895396,0.66528,12.849,1,0.354917,0.36288,0,80.8673,3.73705,77.1382,0.84672,12.849,0.84672,3695.15,0,18.483,0.42336,2.60519,1.4302,7.99392,0.9008,10.7051,0.42336,18.483,0.42336,0,0,442.007,0,1.02816,0,0,3.63335,2.60519,1.028160,1,0,88.7387,0,0,0,88.7387,0
68.5544,1.84361,0,0,2.77265,0.219991,0.36288,3.6288,61.308,0.189637,0,0,1.20527,0.16332,0.852314,0.66528,12.849,1,0.347298,0.36288,0,49.7721,3.73705,46.0506,0.84672,12.849,0.84672,3695.15,0,18.483,0.42336,2.71644,1.43049,5.95387,0.9008,8.77664,0.42336,18.483,0.42336,0,0,442.007,0,1.02816,0,0,3.7446,2.71644,1.028160,1,0,55.6796,0,0,0,55.6796,0
68.8545,1.6797,0,0,2.59737,0.254676,0.36288,3.6288,61.308,0.0675378,0,0,0.683853,0.180078,0.436237,0.66528,12.849,1,0.314822,0.36288,0,84.9867,3.83858,81.1962,0.84672,12.849,0.84672,3695.15,0,18.483,0.42336,1.10156,1.43078,7.23462,0.943426,8.40017,0.42336,18.483,0.42336,0,0,442.007,0,1.02816,0,0,2.12972,1.10156,1.028160,1,0,90.0326,0,0,0,90.0326,0
69.3397,1.68127,0,0,2.76102,0.231639,0.36288,3.6288,61.308,0.0677622,0,0,0.449531,0.185756,0.196013,0.66528,12.849,1,0.313744,0.36288,0,76.36,3.48348,72.9256,0.84672,12.849,0.84672,3695.15,0,18.483,0.42336,0.874783,1.29965,5.82612,0.907837,6.66935,0.42336,18.483,0.42336,0,0,442.007,0,1.02816,0,0,1.90294,0.874783,1.028160,1,0,79.791,0,0,0,79.791,0
72.29,1.68354,0,0,5.49413,0.232515,0.627797,3.6288,61.308,0.0679867,0,0,0.715934,0.185756,0.462191,0.66528,12.849,1,0.311969,0.627797,0,114.166,3.48348,110.998,0.84672,12.849,0.84672,3695.15,0,18.483,0.42336,2.27347,1.29991,8.76018,0.907837,11.0024,0.42336,18.483,0.42336,0,0,442.007,0,1.02816,0,0,3.30163,2.27347,1.028160,1,0,122.462,0,0,0,122.462,0
72.29,1.69477,0,0,3.28428,0.237839,1.35167,3.6288,61.308,0.0682113,0,0,0.773988,0.185756,0.520021,0.66528,12.849,1,0.301233,1.35167,0,130.747,3.48348,128.314,0.84672,12.849,0.84672,3695.15,0,18.483,0.42336,2.71173,1.30018,7.41692,0.907837,10.0976,0.42336,18.483,0.42336,0,0,442.007,0,1.02816,0,0,3.73989,2.71173,1.028160,1,0,138.932,0,0,0,138.932,0
72.29,1.69519,0,0,4.41805,0.267424,2.45543,3.6288,61.308,0.0684359,0,0,1.00203,0.218802,0.714795,0.66528,12.849,1,0.301308,2.45543,0,117.395,3.88053,115.669,0.84672,12.849,0.84672,3695.15,0,18.483,0.42336,3.48379,1.30045,9.05973,0.987884,12.4327,0.42336,18.483,0.42336,0,0,442.007,0,1.02816,0,0,4.51195,3.48379,1.028160,1,0,128.816,0,0,0,128.816,0
72.29,1.75999,0,0,2.59369,0.279302,0.554401,3.6288,61.308,0.104123,0,0,0.55265,0.158093,0.290435,0.66528,12.849,1,0.312825,0.554401,0,55.3986,3.43696,52.2032,0.84672,12.849,0.84672,3695.15,0,18.483,0.42336,1.11758,1.30071,7.37873,0.892315,8.48135,0.42336,18.483,0.42336,0,0,442.007,0,1.02816,0,0,2.14574,1.11758,1.028160,1,0,60.9749,0,0,0,60.9749,0
72.29,1.76041,0,0,3.27409,0.281556,1.23213,3.6288,61.308,0.104347,0,0,0.605591,0.145993,0.35525,0.66528,12.849,1,0.3129,1.23213,0,78.4796,3.31338,76.0855,0.84672,12.849,0.84672,3695.15,0,18.483,0.42336,0.607625,1.34258,7.80754,0.866185,8.4682,0.42336,18.483,0.42336,0,0,442.007,0,1.02816,0,0,1.63579,0.607625,1.028160,1,0,84.9089,0,0,0,84.9089,0
72.29,1.76083,0,0,3.05754,0.281556,1.01515,3.6288,61.308,0.104572,0,0,0.904573,0.145993,0.654008,0.66528,12.849,1,0.312975,1.01515,0,74.2713,3.31338,71.6601,0.84672,12.849,0.84672,3695.15,0,18.483,0.42336,1.24287,1.34285,8.81219,0.866185,10.1084,0.42336,18.483,0.42336,0,0,442.007,0,1.02816,0,0,2.27103,1.24287,1.028160,1,0,82.4224,0,0,0,82.4224,0
72.29,1.76125,0,0,4.399,0.286776,2.35097,3.6288,61.308,0.104797,0,0,1.29518,0.143517,1.04687,0.66528,12.849,1,0.313049,2.35097,0,95.6621,3.35019,94.3498,0.84672,12.849,0.84672,3695.15,0,18.483,0.42336,1.49158,1.34312,10.7605,0.858053,12.3138,0.42336,18.483,0.42336,0,0,442.007,0,1.02816,0,0,2.51974,1.49158,1.028160,1,0,107.71,0,0,0,107.71,0
72.29,1.96857,0,0,4.73225,0.329249,2.43443,3.6288,61.308,0.23826,0,0,1.92321,0.13824,1.54671,0.66528,12.849,1,0.349898,2.43443,0,132.814,3.83754,131.061,0.84672,12.849,0.84672,3695.15,0,18.483,0.42336,3.76774,1.34338,10.5242,0.906901,14.3051,0.42336,18.483,0.42336,0,0,442.007,0,1.02816,0,0,4.7959,3.76774,1.028160,1,0,146.913,0,0,0,146.913,0
72.29,1.96903,0,0,5.01068,0.344123,2.69753,3.6288,61.308,0.238512,0,0,0.993738,0.151017,0.604209,0.66528,12.849,1,0.34998,2.69753,0,89.8508,4.19286,88.0055,0.84672,12.849,0.84672,3695.15,0,18.483,0.42336,1.56811,1.49225,8.8071,1.03709,10.407,0.42336,18.483,0.42336,0,0,442.007,0,1.02816,0,0,2.59627,1.56811,1.028160,1,0,99.0167,0,0,0,99.0167,0
71.8921,1.96949,0,0,2.27259,0.338093,0.36288,3.6288,61.308,0.353321,0,0,0.62394,0.153077,0.117542,0.66528,12.849,1,0.350062,0.36288,0,44.2846,4.18037,40.117,0.84672,12.849,0.84672,3695.15,0,18.483,0.42336,0.608429,1.49255,5.24632,1.02872,5.89522,0.42336,18.483,0.42336,0,0,442.007,0,0.913602,0,0,1.52203,0.608429,1.028160,1,0,46.1298,0,0,0,46.1298,0
71.9083,1.96831,0,0,2.64838,0.301005,0.36288,3.6288,61.308,0.239015,0,0,0.635214,0.165436,0.230763,0.66528,12.849,1,0.351788,0.36288,0,47.5701,4.1054,43.4758,0.84672,12.849,0.84672,3695.15,0,18.483,0.42336,0.658688,1.49285,6.55341,0.978506,7.30308,0.42336,18.483,0.42336,0,0,442.007,0,1.02816,0,0,1.68685,0.658688,1.028160,1,0,51.0097,0,0,0,51.0097,0
72.29,1.67375,0,0,3.16549,0.327388,0.782659,3.6288,61.308,0.0603177,0,0,1.11873,0.177223,0.881193,0.66528,12.849,1,0.299075,0.782659,0,63.1514,4.2174,59.4176,0.84672,12.849,0.84672,3695.15,0,18.483,0.42336,0.873435,1.49314,7.90821,1.02768,8.82375,0.42336,18.483,0.42336,0,0,442.007,0,1.02816,0,0,1.90159,0.873435,1.028160,1,0,69.1225,0,0,0,69.1225,0
72.29,1.67549,0,0,5.35918,0.363569,3.32011,3.6288,61.308,0.0605339,0,0,1.3813,0.192939,1.12783,0.66528,12.849,1,0.297806,3.32011,0,99.7695,4.36674,98.4251,0.84672,12.849,0.84672,3695.15,0,18.483,0.42336,1.56152,1.29,10.1068,1.09325,11.4417,0.42336,18.483,0.42336,0,0,442.007,0,1.02816,0,0,2.58968,1.56152,1.028160,1,0,110.995,0,0,0,110.995,0
72.29,1.6759,0,0,5.12877,0.363569,3.08931,3.6288,61.308,0.0607502,0,0,1.25021,0.192939,0.996519,0.66528,12.849,1,0.297878,3.08931,0,74.7161,4.36674,73.1408,0.84672,12.849,0.84672,3695.15,0,18.483,0.42336,1.14016,1.29026,9.04098,1.09325,9.9548,0.42336,18.483,0.42336,0,0,442.007,0,1.02816,0,0,2.16832,1.14016,1.028160,1,0,84.0921,0,0,0,84.0921,0
72.29,1.6763,0,0,4.35313,0.379656,2.29717,3.6288,61.308,0.0609665,0,0,1.30461,0.17376,1.06989,0.66528,12.849,1,0.29795,2.29717,0,78.414,4.39322,76.0201,0.84672,12.849,0.84672,3695.15,0,18.483,0.42336,1.37628,1.29052,9.15036,1.0458,10.348,0.42336,18.483,0.42336,0,0,442.007,0,1.02816,0,0,2.40444,1.37628,1.028160,1,0,87.4379,0,0,0,87.4379,0
72.29,1.67671,0,0,3.70851,0.386091,1.64572,3.6288,61.308,0.061183,0,0,1.36608,0.166089,1.13881,0.66528,12.849,1,0.298022,1.64572,0,61.8363,4.40381,58.7802,0.84672,12.849,0.84672,3695.15,0,18.483,0.42336,1.79552,1.29077,10.283,1.02681,11.9191,0.42336,18.483,0.42336,0,0,442.007,0,1.02816,0,0,2.82368,1.79552,1.028160,1,0,71.8381,0,0,0,71.8381,0
72.29,1.75152,0,0,5.12506,0.366082,3.00745,3.6288,61.308,0.105221,0,0,1.29929,0.157236,1.03684,0.66528,12.849,1,0.31132,3.00745,0,91.8743,3.96921,90.6012,0.84672,12.849,0.84672,3695.15,0,18.483,0.42336,1.81537,1.29103,10.5182,0.930578,12.2707,0.42336,18.483,0.42336,0,0,442.007,0,1.02816,0,0,2.84353,1.81537,1.028160,1,0,103.909,0,0,0,103.909,0
72.29,1.75194,0,0,4.35447,0.366082,2.23644,3.6288,61.308,0.105446,0,0,1.01923,0.157236,0.756553,0.66528,12.849,1,0.311394,2.23644,0,83.3008,3.96921,81.2567,0.84672,12.849,0.84672,3695.15,0,18.483,0.42336,1.19867,1.34156,9.55908,0.930578,10.7454,0.42336,18.483,0.42336,0,0,442.007,0,1.02816,0,0,2.22683,1.19867,1.028160,1,0,92.7586,0,0,0,92.7586,0
72.29,1.75236,0,0,3.17202,0.319007,1.10065,3.6288,61.308,0.105671,0,0,0.810881,0.172837,0.532373,0.66528,12.849,1,0.311469,1.10065,0,59.8617,4.10819,56.5427,0.84672,12.849,0.84672,3695.15,0,18.483,0.42336,0.839678,1.34183,6.53163,0.940282,7.3495,0.42336,18.483,0.42336,0,0,442.007,0,1.02816,0,0,1.86784,0.839678,1.028160,1,0,64.4246,0,0,0,64.4246,0
72.29,1.75278,0,0,2.60301,0.300177,0.550049,3.6288,61.308,0.184693,0,0,0.613007,0.179077,0.249237,0.66528,12.849,1,0.311544,0.550049,0,45.1671,4.16378,41.2418,0.84672,12.849,0.84672,3695.15,0,18.483,0.42336,0.528595,1.3421,5.24728,0.944163,5.75045,0.42336,18.483,0.42336,0,0,442.007,0,0.949363,0,0,1.47796,0.528595,1.028160,1,0,47.2415,0,0,0,47.2415,0
72.29,1.72408,0,0,3.10528,0.262431,1.11876,3.6288,61.308,0.0890884,0,0,0.855153,0.149457,0.616608,0.66528,12.849,1,0.306443,1.11876,0,57.7238,3.9643,54.5718,0.84672,12.849,0.84672,3695.15,0,18.483,0.42336,1.10947,1.34236,6.02974,0.960271,7.09794,0.42336,18.483,0.42336,0,0,442.007,0,1.02816,0,0,2.13763,1.10947,1.028160,1,0,62.2863,0,0,0,62.2863,0
72.29,1.7245,0,0,2.66035,0.269601,0.666254,3.6288,61.308,0.0893104,0,0,0.844076,0.16171,0.593056,0.66528,12.849,1,0.306516,0.666254,0,48.1344,4.20453,44.2896,0.84672,12.849,0.84672,3695.15,0,18.483,0.42336,0.736776,1.32304,5.41671,1.00702,6.04615,0.42336,18.483,0.42336,0,0,442.007,0,1.02816,0,0,1.76494,0.736776,1.028160,1,0,50.9288,0,0,0,50.9288,0
72.29,1.72491,0,0,2.39287,0.227328,0.440635,3.6288,61.308,0.0895325,0,0,0.700091,0.194845,0.415713,0.66528,12.849,1,0.30659,0.440635,0,43.1803,4.5306,38.7837,0.84672,12.849,0.84672,3695.15,0,18.483,0.42336,0.610692,1.32331,4.96142,1.03051,5.44156,0.42336,18.483,0.42336,0,0,442.007,0,1.02816,0,0,1.63885,0.610692,1.028160,1,0,44.641,0,0,0,44.641,0
72.29,1.72533,0,0,2.30596,0.185194,0.395436,3.6288,61.308,0.0897547,0,0,0.732344,0.214464,0.428125,0.66528,12.849,1,0.306663,0.395436,0,41.3541,4.70358,36.7393,0.84672,12.849,0.84672,3695.15,0,18.483,0.42336,0.679372,1.32357,5.2683,1.04083,5.80705,0.42336,18.483,0.42336,0,0,442.007,0,1.02816,0,0,1.70753,0.679372,1.028160,1,0,42.9744,0,0,0,42.9744,0
72.0638,1.82466,0,0,2.15515,0.193778,0.36288,3.6288,61.308,0.150429,0,0,0.678836,0.211572,0.316835,0.66528,12.849,1,0.324319,0.36288,0,38.5526,4.48407,34.1071,0.84672,12.849,0.84672,3695.15,0,18.483,0.42336,0.616464,1.32383,5.02757,1.05909,5.48542,0.42336,18.483,0.42336,0,0,442.007,0,1.02816,0,0,1.64462,0.616464,1.028160,1,0,39.9094,0,0,0,39.9094,0
71.6841,1.82423,0,0,1.97669,0.16928,0.36288,3.6288,61.308,0.150663,0,0,0.611942,0.215052,0.246226,0.66528,12.849,1,0.32526,0.36288,0,35.8669,4.26038,31.6441,0.84672,12.849,0.84672,3695.15,0,18.483,0.42336,0.596203,1.39263,4.02572,1.04456,4.54664,0.42336,18.483,0.42336,0,0,442.007,0,1.02816,0,0,1.62436,0.596203,1.028160,1,0,36.437,0,0,0,36.437,0
71.2285,1.8232,0,0,1.89164,0.161216,0.36288,3.6288,61.308,0.150898,0,0,0.643421,0.216837,0.275686,0.66528,12.849,1,0.326799,0.36288,0,33.6993,4.31455,29.4208,0.84672,12.849,0.84672,3695.15,0,18.483,0.42336,0.587088,1.39291,4.19398,1.03453,4.71608,0.42336,18.483,0.42336,0,0,442.007,0,1.02816,0,0,1.61525,0.587088,1.028160,1,0,34.4126,0,0,0,34.4126,0
70.6902,1.82186,0,0,1.80713,0.160656,0.36288,3.6288,61.308,0.151132,0,0,0.646128,0.216837,0.278158,0.66528,12.849,1,0.328648,0.36288,0,31.6623,4.31455,27.382,0.84672,12.849,0.84672,3695.15,0,18.483,0.42336,0.515938,1.39319,4.03281,1.03453,4.48405,0.42336,18.483,0.42336,0,0,442.007,0,1.02816,0,0,1.5441,0.515938,1.028160,1,0,32.1442,0,0,0,32.1442,0
70.0367,1.82018,0,0,1.68948,0.159994,0.36288,3.6288,61.308,0.151367,0,0,0.601483,0.216837,0.233279,0.66528,12.849,1,0.330844,0.36288,0,29.5504,4.31455,25.2678,0.84672,12.849,0.84672,3695.15,0,18.483,0.42336,0.43327,1.39346,3.82007,1.03453,4.18892,0.42336,18.483,0.42336,0,0,442.007,0,1.02816,0,0,1.46143,0.43327,1.028160,1,0,29.69,0,0,0,29.69,0
69.6249,1.79851,0,0,1.8596,0.109985,0.36288,3.6288,61.308,0.18486,0,0,0.655707,0.228438,0.242409,0.66528,12.849,1,0.329957,0.36288,0,30.3903,4.94623,25.477,0.84672,12.849,0.84672,3695.15,0,18.483,0.42336,0.623056,1.39374,4.54879,1.13275,5.00947,0.42336,18.483,0.42336,0,0,442.007,0,1.02816,0,0,1.65122,0.623056,1.028160,1,0,30.7289,0,0,0,30.7289,0
69.0477,1.79729,0,0,1.69268,0.109636,0.36288,3.6288,61.308,0.185101,0,0,0.613281,0.228438,0.199742,0.66528,12.849,1,0.331684,0.36288,0,29.1745,4.94623,24.2595,0.84672,12.849,0.84672,3695.15,0,18.483,0.42336,0.402503,1.41539,4.27317,1.13275,4.53496,0.42336,18.483,0.42336,0,0,442.007,0,1.02816,0,0,1.43066,0.402503,1.028160,1,0,28.9942,0,0,0,28.9942,0
68.3507,1.79538,0,0,1.55647,0.095217,0.36288,3.6288,61.308,0.185342,0,0,0.585531,0.261345,0.138844,0.66528,12.849,1,0.334101,0.36288,0,25.8643,5.36969,20.5234,0.84672,12.849,0.84672,3695.15,0,18.483,0.42336,0.395384,1.41567,4.11172,1.28732,4.2121,0.42336,18.483,0.42336,0,0,442.007,0,1.02816,0,0,1.42354,0.395384,1.028160,1,0,24.8743,0,0,0,24.8743,0
67.5815,1.79294,0,0,1.46282,0.0762298,0.36288,3.6288,61.308,0.185583,0,0,0.546226,0.305222,0.0554209,0.66528,12.849,1,0.337049,0.36288,0,22.9604,5.93428,17.0519,0.84672,12.849,0.84672,3695.15,0,18.483,0.42336,0.369006,1.41595,3.95828,1.49341,3.82647,0.42336,18.483,0.42336,0,0,442.007,0,1.02816,0,0,1.39717,0.369006,1.028160,1,0,20.9338,0,0,0,20.9338,0
66.8812,1.84023,0,0,1.58069,0.0778624,0.36288,3.6288,61.308,0.215489,0,0,0.60157,0.317195,0.0688859,0.66528,12.849,1,0.349875,0.36288,0,24.4286,6.06641,18.3752,0.84672,12.849,0.84672,3695.15,0,18.483,0.42336,0.409648,1.41624,4.00463,1.5032,3.90395,0.42336,18.483,0.42336,0,0,442.007,0,1.02816,0,0,1.43781,0.409648,1.028160,1,0,22.3481,0,0,0,22.3481,0
66.3204,1.83759,0,0,1.71861,0.0789932,0.36288,3.6288,61.308,0.215736,0,0,0.649616,0.326174,0.107705,0.66528,12.849,1,0.353032,0.36288,0,25.0349,6.16549,18.8793,0.84672,12.849,0.84672,3695.15,0,18.483,0.42336,0.491858,1.45061,4.34595,1.51055,4.35451,0.42336,18.483,0.42336,0,0,442.007,0,1.02816,0,0,1.52002,0.491858,1.028160,1,0,23.3415,0,0,0,23.3415,0
65.5419,1.83552,0,0,1.4986,0.0786426,0.36288,3.6288,61.308,0.215984,0,0,0.612592,0.326174,0.0704343,0.66528,12.849,1,0.355617,0.36288,0,23.7188,6.16549,17.5606,0.84672,12.849,0.84672,3695.15,0,18.483,0.42336,0.350689,1.45089,4.15263,1.51055,4.0203,0.42336,18.483,0.42336,0,0,442.007,0,1.02816,0,0,1.37885,0.350689,1.028160,1,0,21.6513,0,0,0,21.6513,0
64.6552,1.83243,0,0,1.38206,0.0735057,0.36288,3.6288,61.308,0.216231,0,0,0.602063,0.328764,0.0570674,0.66528,12.849,1,0.359234,0.36288,0,22.3765,6.24027,16.1399,0.84672,12.849,0.84672,3695.15,0,18.483,0.42336,0.289768,1.45118,4.11485,1.52549,3.90695,0.42336,18.483,0.42336,0,0,442.007,0,1.02816,0,0,1.31793,0.289768,1.028160,1,0,20.1039,0,0,0,20.1039,0
63.4957,1.97447,0,0,1.23526,0.0573906,0.36288,3.6288,61.2765,0.323637,0,0,0.624506,0.332371,0,0.66528,12.849,1,0.39239,0.36288,0,22.8508,6.41872,16.4026,0.84672,12.849,0.84672,3695.15,0,18.483,0.42336,0.311947,1.45147,4.41532,1.48815,4.26723,0.42336,18.483,0.42336,0,0,442.007,0,1.02816,0,0,1.34011,0.311947,1.028160,1,0,20.6698,0,0,0,20.6698,0
63.347,1.96898,0,0,2.20612,0.022935,0.36288,3.6288,61.308,0.323906,0,0,0.804272,0.352932,0.0959321,0.66528,12.849,1,0.398442,0.36288,0,33.9046,6.40153,27.4675,0.84672,12.849,0.84672,3695.15,0,18.483,0.42336,0.516033,1.56729,7.51417,1.55821,7.61592,0.42336,18.483,0.42336,0,0,442.007,0,1.02816,0,0,1.54419,0.516033,1.028160,1,0,35.1793,0,0,0,35.1793,0
62.7018,1.96866,0,0,1.71871,0.0323977,0.36288,3.6288,61.2146,0.324175,0,0,0.581596,0.350857,0,0.66528,12.849,1,0.399313,0.36288,0,25.8867,6.34216,19.5081,0.84672,12.849,0.84672,3695.15,0,18.483,0.42336,0.210038,1.5676,4.63678,1.55093,4.44013,0.42336,18.483,0.42336,0,0,442.007,0,1.02816,0,0,1.2382,0.210038,1.028160,1,0,23.9482,0,0,0,23.9482,0
61.5597,1.96571,0,0,1.28374,0.0972739,0.36288,3.6288,61.0399,0.368153,0,0,0.520001,0.326519,0,0.66528,12.849,1,0.402818,0.36288,0,18.7927,6.18087,12.5719,0.84672,12.849,0.84672,3695.15,0,18.483,0.42336,0.204422,1.56791,3.98027,1.48461,3.84463,0.42336,18.483,0.42336,0,0,442.007,0,0.98445,0,0,1.18887,0.204422,1.028160,1,0,16.4165,0,0,0,16.4165,0
60.3283,1.95999,0,0,1.19473,0.103208,0.36288,3.6288,60.8478,0.392087,0,0,0.522996,0.323034,0,0.66528,12.849,1,0.409097,0.36288,0,21.9211,6.17873,15.6962,0.84672,12.849,0.84672,3695.15,0,18.483,0.42336,0.204422,1.56822,3.57063,1.47659,3.44332,0.42336,18.483,0.42336,0,0,442.007,0,0.960785,0,0,1.16521,0.204422,1.028160,1,0,19.1395,0,0,0,19.1395,0
60.3305,1.88331,0,0,2.30529,0.0568753,0.36288,3.6288,61.0219,0.259876,0,0,0.772639,0.33859,0,0.66528,12.849,1,0.401115,0.36288,0,30.7535,6.023,24.6922,0.84672,12.849,0.84672,3695.15,0,18.483,0.42336,0.703408,1.56853,7.42088,1.43431,7.83515,0.42336,18.483,0.42336,0,0,442.007,0,1.02816,0,0,1.73157,0.703408,1.028160,1,0,32.5274,0,0,0,32.5274,0
60.5841,1.88376,0,0,2.63878,0.138622,0.36288,3.6288,61.308,0.260132,0,0,1.04193,0.285137,0.210604,0.66528,12.849,1,0.401198,0.36288,0,30.8352,4.578,26.2189,0.84672,12.849,0.84672,3695.15,0,18.483,0.42336,1.15123,1.50258,9.86878,1.08664,11.0126,0.42336,18.483,0.42336,0,0,442.007,0,1.02816,0,0,2.17939,1.15123,1.028160,1,0,37.4421,0,0,0,37.4421,0
60.8335,1.88559,0,0,2.64524,0.147343,0.36288,3.6288,61.308,0.260389,0,0,1.16557,0.288672,0.61651,0.66528,12.849,1,0.399907,0.36288,0,35.1645,4.62682,30.5006,0.84672,12.849,0.84672,3695.15,0,18.483,0.42336,1.19014,1.50287,10.8049,1.1146,11.96,0.42336,18.483,0.42336,0,0,442.007,0,1.02816,0,0,2.2183,1.19014,1.028160,1,0,43.0771,0,0,0,43.0771,0
61.276,1.88739,0,0,2.84047,0.147649,0.36288,3.6288,61.308,0.260645,0,0,1.22576,0.288672,0.67644,0.66528,12.849,1,0.398647,0.36288,0,51.6575,4.62682,46.9949,0.84672,12.849,0.84672,3695.15,0,18.483,0.42336,1.35195,1.50317,11.8348,1.1146,13.152,0.42336,18.483,0.42336,0,0,442.007,0,1.02816,0,0,2.38011,1.35195,1.028160,1,0,60.8233,0,0,0,60.8233,0
62.3326,1.83235,0,0,3.44497,0.193145,0.36288,3.6288,61.308,0.201592,0,0,1.90492,0.263663,1.43967,0.66528,12.849,1,0.384226,0.36288,0,98.2858,4.20427,94.0602,0.84672,12.849,0.84672,3695.15,0,18.483,0.42336,2.15034,1.50347,18.2152,1.03147,20.4142,0.42336,18.483,0.42336,0,0,442.007,0,1.02816,0,0,3.1785,2.15034,1.028160,1,0,115.914,0,0,0,115.914,0
64.5432,1.83818,0,0,4.66693,0.255296,0.36288,3.6288,61.308,0.201837,0,0,2.2668,0.230318,1.83464,0.66528,12.849,1,0.378916,0.36288,0,92.4938,3.64088,88.8369,0.84672,12.849,0.84672,3695.15,0,18.483,0.42336,2.69175,1.44483,17.0837,0.920634,19.8763,0.42336,18.483,0.42336,0,0,442.007,0,1.02816,0,0,3.71991,2.69175,1.028160,1,0,110.548,0,0,0,110.548,0
65.5975,1.84944,0,0,3.52659,0.259928,0.36288,3.6288,61.308,0.202081,0,0,2.23299,0.230318,1.80059,0.66528,12.849,1,0.36818,0.36288,0,89.9087,3.64088,86.2625,0.84672,12.849,0.84672,3695.15,0,18.483,0.42336,1.63368,1.44512,15.8873,0.920634,17.6221,0.42336,18.483,0.42336,0,0,442.007,0,1.02816,0,0,2.66184,1.63368,1.028160,1,0,105.685,0,0,0,105.685,0
67.8322,1.85483,0,0,4.71448,0.262138,0.36288,3.6288,61.308,0.202326,0,0,1.98346,0.230318,1.55081,0.66528,12.849,1,0.363317,0.36288,0,83.1591,3.64088,79.5178,0.84672,12.849,0.84672,3695.15,0,18.483,0.42336,2.18941,1.4454,17.1329,0.920634,19.4238,0.42336,18.483,0.42336,0,0,442.007,0,1.02816,0,0,3.21757,2.18941,1.028160,1,0,100.492,0,0,0,100.492,0
68.9841,1.69805,0,0,3.49536,0.282526,0.36288,3.6288,61.308,0.0789482,0,0,1.32977,0.221869,1.02895,0.66528,12.849,1,0.32165,0.36288,0,84.8057,3.69141,81.1555,0.84672,12.849,0.84672,3695.15,0,18.483,0.42336,1.07255,1.44569,13.803,0.92245,14.9754,0.42336,18.483,0.42336,0,0,442.007,0,1.02816,0,0,2.10071,1.07255,1.028160,1,0,97.1599,0,0,0,97.1599,0
70.3975,1.70299,0,0,3.78257,0.303236,0.36288,3.6288,61.308,0.0791685,0,0,1.77444,0.230415,1.46486,0.66528,12.849,1,0.317199,0.36288,0,89.6297,4.68773,84.9877,0.84672,12.849,0.84672,3695.15,0,18.483,0.42336,0.934407,1.31318,11.307,1.16076,11.9705,0.42336,18.483,0.42336,0,0,442.007,0,1.02816,0,0,1.96257,0.934407,1.028160,1,0,98.423,0,0,0,98.423,0
72.29,1.70878,0,0,5.91284,0.306572,2.00501,3.6288,61.308,0.079389,0,0,4.14529,0.230415,3.83549,0.66528,12.849,1,0.311888,2.00501,0,107.332,4.68773,104.338,0.84672,12.849,0.84672,3695.15,0,18.483,0.42336,2.35401,1.31344,25.681,1.16076,27.7643,0.42336,18.483,0.42336,0,0,442.007,0,1.02816,0,0,3.38217,2.35401,1.028160,1,0,135.937,0,0,0,135.937,0
72.29,1.71613,0,0,4.77682,0.311038,2.74966,3.6288,61.308,0.0796094,0,0,1.76129,0.230415,1.45127,0.66528,12.849,1,0.305029,2.74966,0,90.3269,4.68773,88.0838,0.84672,12.849,0.84672,3695.15,0,18.483,0.42336,1.60212,1.3137,14.0336,1.16076,15.3653,0.42336,18.483,0.42336,0,0,442.007,0,1.02816,0,0,2.63028,1.60212,1.028160,1,0,104.9,0,0,0,104.9,0
72.29,1.71654,0,0,4.82378,0.309262,2.79798,3.6288,61.308,0.0798299,0,0,1.03746,0.237432,0.720195,0.66528,12.849,1,0.305102,2.79798,0,86.1538,4.71362,83.933,0.84672,12.849,0.84672,3695.15,0,18.483,0.42336,0.479822,1.31397,15.067,1.18074,15.2566,0.42336,18.483,0.42336,0,0,442.007,0,1.02816,0,0,1.50798,0.479822,1.028160,1,0,99.9099,0,0,0,99.9099,0
72.29,1.782,0,0,3.24153,0.289132,1.1704,3.6288,61.308,0.11588,0,0,1.10956,0.22506,0.768617,0.66528,12.849,1,0.316737,1.1704,0,47.9453,3.82398,44.9749,0.84672,12.849,0.84672,3695.15,0,18.483,0.42336,0.471174,1.31423,7.56715,1.05146,7.87773,0.42336,18.483,0.42336,0,0,442.007,0,1.02816,0,0,1.49933,0.471174,1.028160,1,0,53.6213,0,0,0,53.6213,0
72.29,1.78241,0,0,2.79653,0.285344,0.72878,3.6288,61.308,0.116101,0,0,0.870269,0.20327,0.550898,0.66528,12.849,1,0.31681,0.72878,0,44.4808,3.40599,41.4868,0.84672,12.849,0.84672,3695.15,0,18.483,0.42336,0.663172,1.35653,7.36222,0.951798,8.00676,0.42336,18.483,0.42336,0,0,442.007,0,1.02816,0,0,1.69133,0.663172,1.028160,1,0,50.0444,0,0,0,50.0444,0
72.29,1.78282,0,0,6.45341,0.285344,4.38524,3.6288,61.308,0.116321,0,0,2.46163,0.20327,2.14204,0.66528,12.849,1,0.316883,4.38524,0,126.435,3.40599,127.098,0.84672,12.849,0.84672,3695.15,0,18.483,0.42336,2.50508,1.35679,15.6801,0.951798,18.1668,0.42336,18.483,0.42336,0,0,442.007,0,1.02816,0,0,3.53324,2.50508,1.028160,1,0,147.406,0,0,0,147.406,0
72.29,1.78324,0,0,6.17497,0.305314,4.08642,3.6288,61.308,0.116541,0,0,2.32755,0.212894,1.99811,0.66528,12.849,1,0.316957,4.08642,0,128.86,3.5889,129.041,0.84672,12.849,0.84672,3695.15,0,18.483,0.42336,3.43964,1.35705,14.2091,0.998733,17.5837,0.42336,18.483,0.42336,0,0,442.007,0,1.02816,0,0,4.4678,3.43964,1.028160,1,0,148.623,0,0,0,148.623,0
72.29,1.99268,0,0,7.89992,0.349489,5.55775,3.6288,61.308,0.25138,0,0,2.05873,0.227534,1.57982,0.66528,12.849,1,0.354184,5.55775,0,189.789,4.09388,190.899,0.84672,12.849,0.84672,3695.15,0,18.483,0.42336,4.6936,1.35731,16.1564,1.07997,20.7039,0.42336,18.483,0.42336,0,0,442.007,0,1.02816,0,0,5.72176,4.6936,1.028160,1,0,213.182,0,0,0,213.182,0
72.29,1.99314,0,0,4.77663,0.335116,2.44838,3.6288,61.308,0.251626,0,0,1.35136,0.203983,0.895747,0.66528,12.849,1,0.354265,2.44838,0,66.7352,4.21313,64.6162,0.84672,12.849,0.84672,3695.15,0,18.483,0.42336,2.55545,1.50771,8.64605,0.989728,11.2961,0.42336,18.483,0.42336,0,0,442.007,0,1.02816,0,0,3.58361,2.55545,1.028160,1,0,76.808,0,0,0,76.808,0
72.29,1.99359,0,0,3.50601,0.326781,1.18564,3.6288,61.308,0.251873,0,0,0.753138,0.206373,0.294892,0.66528,12.849,1,0.354345,1.18564,0,49.8248,4.22857,46.4275,0.84672,12.849,0.84672,3695.15,0,18.483,0.42336,1.25809,1.508,7.21284,1.00619,8.54938,0.42336,18.483,0.42336,0,0,442.007,0,1.02816,0,0,2.28625,1.25809,1.028160,1,0,55.2718,0,0,0,55.2718,0
72.29,1.99404,0,0,3.39763,0.276776,1.12681,3.6288,61.308,0.252119,0,0,0.892005,0.220715,0.419171,0.66528,12.849,1,0.354426,1.12681,0,73.8078,4.32127,70.2589,0.84672,12.849,0.84672,3695.15,0,18.483,0.42336,1.91494,1.50829,7.7493,1.10498,9.6442,0.42336,18.483,0.42336,0,0,442.007,0,1.02816,0,0,2.9431,1.91494,1.028160,1,0,80.3223,0,0,0,80.3223,0
72.29,1.69612,0,0,4.25356,0.293018,2.26443,3.6288,61.308,0.0715672,0,0,2.53035,0.201513,2.25727,0.66528,12.849,1,0.301472,2.26443,0,83.4615,4.21214,81.2124,0.84672,12.849,0.84672,3695.15,0,18.483,0.42336,2.2116,1.50858,10.9539,1.04484,13.2059,0.42336,18.483,0.42336,0,0,442.007,0,1.02816,0,0,3.23976,2.2116,1.028160,1,0,96.6755,0,0,0,96.6755,0
72.29,1.69651,0,0,5.75528,0.333622,3.72514,3.6288,61.308,0.071779,0,0,3.68447,0.153508,3.45918,0.66528,12.849,1,0.301542,3.72514,0,104.753,3.93928,104.237,0.84672,12.849,0.84672,3695.15,0,18.483,0.42336,3.70643,1.30333,17.2901,0.894496,20.982,0.42336,18.483,0.42336,0,0,442.007,0,1.02816,0,0,4.73459,3.70643,1.028160,1,0,128.679,0,0,0,128.679,0
72.29,1.69691,0,0,4.54411,0.333622,2.51358,3.6288,61.308,0.0719908,0,0,2.04827,0.153508,1.82277,0.66528,12.849,1,0.301612,2.51358,0,87.162,3.93928,85.4347,0.84672,12.849,0.84672,3695.15,0,18.483,0.42336,2.09541,1.30359,10.4777,0.894496,12.5589,0.42336,18.483,0.42336,0,0,442.007,0,1.02816,0,0,3.12357,2.09541,1.028160,1,0,99.8164,0,0,0,99.8164,0
72.29,1.6973,0,0,3.97891,0.333622,1.94798,3.6288,61.308,0.0722027,0,0,2.28105,0.153508,2.05534,0.66528,12.849,1,0.301683,1.94798,0,80.1602,3.93928,77.8672,0.84672,12.849,0.84672,3695.15,0,18.483,0.42336,1.9638,1.30384,9.28532,0.894496,11.2351,0.42336,18.483,0.42336,0,0,442.007,0,1.02816,0,0,2.99196,1.9638,1.028160,1,0,91.1577,0,0,0,91.1577,0
72.29,1.6977,0,0,7.23496,0.332256,5.20501,3.6288,61.308,0.0724146,0,0,3.42954,0.142054,3.21507,0.66528,12.849,1,0.301753,5.20501,0,171.023,3.75998,172.166,0.84672,12.849,0.84672,3695.15,0,18.483,0.42336,4.4694,1.30409,17.4397,0.863786,21.926,0.42336,18.483,0.42336,0,0,442.007,0,1.02816,0,0,5.49756,4.4694,1.028160,1,0,197.307,0,0,0,197.307,0
72.29,1.77327,0,0,4.4473,0.314237,2.35979,3.6288,61.308,0.116899,0,0,2.48198,0.185816,2.17926,0.66528,12.849,1,0.315186,2.35979,0,100.942,4.5312,98.4554,0.84672,12.849,0.84672,3695.15,0,18.483,0.42336,2.54843,1.30434,13.6949,0.96347,16.1609,0.42336,18.483,0.42336,0,0,442.007,0,1.02816,0,0,3.57659,2.54843,1.028160,1,0,116.796,0,0,0,116.796,0
72.29,1.77369,0,0,4.0196,0.311803,1.93412,3.6288,61.308,0.11712,0,0,2.76918,0.197882,2.45418,0.66528,12.849,1,0.315259,1.93412,0,103.798,4.73445,100.683,0.84672,12.849,0.84672,3695.15,0,18.483,0.42336,2.52358,1.35539,10.9558,0.992879,13.4185,0.42336,18.483,0.42336,0,0,442.007,0,1.02816,0,0,3.55174,2.52358,1.028160,1,0,116.555,0,0,0,116.555,0
72.29,1.7741,0,0,4.85705,0.302173,2.78078,3.6288,61.308,0.11734,0,0,2.11347,0.209561,1.78657,0.66528,12.849,1,0.315332,2.78078,0,108.302,5.04504,105.723,0.84672,12.849,0.84672,3695.15,0,18.483,0.42336,2.46737,1.35565,14.781,1.0155,17.1651,0.42336,18.483,0.42336,0,0,442.007,0,1.02816,0,0,3.49553,2.46737,1.028160,1,0,124.675,0,0,0,124.675,0
72.29,1.77451,0,0,3.523,0.240432,1.50806,3.6288,61.308,0.117561,0,0,1.48306,0.189538,1.17597,0.66528,12.849,1,0.315405,1.50806,0,77.6053,4.21386,74.5841,0.84672,12.849,0.84672,3695.15,0,18.483,0.42336,1.56153,1.35591,8.60587,0.865044,10.2349,0.42336,18.483,0.42336,0,0,442.007,0,1.02816,0,0,2.58969,1.56153,1.028160,1,0,85.995,0,0,0,85.995,0
72.29,1.7455,0,0,3.01476,0.20726,1.06199,3.6288,61.308,0.100574,0,0,1.09163,0.212807,0.778249,0.66528,12.849,1,0.31025,1.06199,0,65.3396,3.82356,62.2678,0.84672,12.849,0.84672,3695.15,0,18.483,0.42336,0.864337,1.35617,6.44413,0.983909,7.25737,0.42336,18.483,0.42336,0,0,442.007,0,1.02816,0,0,1.8925,0.864337,1.028160,1,0,70.3034,0,0,0,70.3034,0
72.29,1.74591,0,0,2.61865,0.182382,0.690357,3.6288,61.308,0.100791,0,0,0.986049,0.230259,0.654998,0.66528,12.849,1,0.310322,0.690357,0,52.8979,3.53084,49.7471,0.84672,12.849,0.84672,3695.15,0,18.483,0.42336,0.749123,1.33664,6.31469,1.07306,6.90404,0.42336,18.483,0.42336,0,0,442.007,0,1.02816,0,0,1.77728,0.749123,1.028160,1,0,57.3061,0,0,0,57.3061,0
72.29,1.74631,0,0,2.45428,0.182382,0.525584,3.6288,61.308,0.101008,0,0,0.843808,0.230259,0.512541,0.66528,12.849,1,0.310394,0.525584,0,50.0702,3.53084,46.7545,0.84672,12.849,0.84672,3695.15,0,18.483,0.42336,0.416785,1.3369,5.97772,1.07306,6.23499,0.42336,18.483,0.42336,0,0,442.007,0,1.02816,0,0,1.44494,0.416785,1.028160,1,0,53.5021,0,0,0,53.5021,0
72.29,1.74672,0,0,2.90537,0.158054,1.0006,3.6288,61.308,0.101226,0,0,0.838408,0.242128,0.495054,0.66528,12.849,1,0.310466,1.0006,0,52.9675,4.46654,49.1911,0.84672,12.849,0.84672,3695.15,0,18.483,0.42336,0.49026,1.33716,7.8713,1.10995,8.16541,0.42336,18.483,0.42336,0,0,442.007,0,1.02816,0,0,1.51842,0.49026,1.028160,1,0,57.8516,0,0,0,57.8516,0
72.2218,1.84705,0,0,2.25723,0.115539,0.36288,3.6288,61.308,0.162516,0,0,0.809723,0.255564,0.391644,0.66528,12.849,1,0.3283,0.36288,0,38.536,5.14945,33.4211,0.84672,12.849,0.84672,3695.15,0,18.483,0.42336,0.476582,1.33742,5.88775,1.17552,6.10286,0.42336,18.483,0.42336,0,0,442.007,0,1.02816,0,0,1.50474,0.476582,1.028160,1,0,39.9156,0,0,0,39.9156,0
72.29,1.84722,0,0,2.51738,0.129714,0.472199,3.6288,61.308,0.162745,0,0,0.829017,0.233644,0.432627,0.66528,12.849,1,0.328639,0.472199,0,44.4426,4.20094,40.3852,0.84672,12.849,0.84672,3695.15,0,18.483,0.42336,0.555016,1.40692,5.48789,1.04803,5.97843,0.42336,18.483,0.42336,0,0,442.007,0,1.02816,0,0,1.58318,0.555016,1.028160,1,0,46.7963,0,0,0,46.7963,0
72.1898,1.8479,0,0,2.24035,0.129781,0.36288,3.6288,61.308,0.162975,0,0,0.760622,0.233644,0.364003,0.66528,12.849,1,0.328451,0.36288,0,40.0778,4.20094,35.9112,0.84672,12.849,0.84672,3695.15,0,18.483,0.42336,0.414971,1.40719,5.2885,1.04803,5.63926,0.42336,18.483,0.42336,0,0,442.007,0,1.02816,0,0,1.44313,0.414971,1.028160,1,0,41.9145,0,0,0,41.9145,0
72.0156,1.84794,0,0,2.11595,0.079331,0.36288,3.6288,61.308,0.163204,0,0,0.730477,0.266696,0.300577,0.66528,12.849,1,0.328914,0.36288,0,35.7216,4.57579,31.1798,0.84672,12.849,0.84672,3695.15,0,18.483,0.42336,0.360539,1.40746,5.03678,1.14381,5.23761,0.42336,18.483,0.42336,0,0,442.007,0,1.02816,0,0,1.3887,0.360539,1.028160,1,0,36.718,0,0,0,36.718,0
71.7158,1.84769,0,0,1.99001,0.079226,0.36288,3.6288,61.308,0.205044,0,0,0.696168,0.266696,0.224428,0.66528,12.849,1,0.329665,0.36288,0,35.2054,4.57579,30.6628,0.84672,12.849,0.84672,3695.15,0,18.483,0.42336,0.30119,1.40773,5.18689,1.14381,5.32864,0.42336,18.483,0.42336,0,0,442.007,0,0.98655,0,0,1.28774,0.30119,1.028160,1,0,36.2159,0,0,0,36.2159,0
70.9524,1.82719,0,0,1.51471,0.0880318,0.36288,3.6288,61.0928,0.491834,0,0,0.555816,0.279165,0,0.66528,12.849,1,0.32737,0.36288,0,26.9027,5.27851,21.6597,0.84672,12.849,0.84672,3695.15,0,18.483,0.42336,0.30119,1.408,2.6531,1.24151,2.69743,0.42336,18.483,0.42336,0,0,442.007,0,0.733588,0,0,1.03478,0.30119,1.028160,1,0,24.3571,0,0,0,24.3571,0
70.0092,1.82463,0,0,1.33328,0.0890086,0.36288,3.6288,60.7766,0.547548,0,0,0.512215,0.28086,0,0.66528,12.849,1,0.330428,0.36288,0,25.3338,5.39563,19.9706,0.84672,12.849,0.84672,3695.15,0,18.483,0.42336,0.261274,1.42986,2.28885,1.25779,2.29884,0.42336,18.483,0.42336,0,0,442.007,0,0.67811,0,0,0.939384,0.261274,1.028160,1,0,22.2694,0,0,0,22.2694,0
68.9492,1.82129,0,0,1.21256,0.0883651,0.36288,3.6288,60.4359,0.559941,0,0,0.499471,0.280298,0,0.66528,12.849,1,0.334267,0.36288,0,24.838,5.39563,19.471,0.84672,12.849,0.84672,3695.15,0,18.483,0.42336,0.261274,1.43014,2.19313,1.25779,2.20339,0.42336,18.483,0.42336,0,0,442.007,0,0.665954,0,0,0.927227,0.261274,1.028160,1,0,21.6744,0,0,0,21.6744,0
67.7819,1.81738,0,0,1.10059,0.0876419,0.36288,3.6288,59.96,0.664756,0,0,0.468583,0.279692,0,0.66528,12.849,1,0.338676,0.36288,0,22.1328,5.39563,16.7614,0.84672,12.849,0.84672,3695.15,0,18.483,0.42336,0.261274,1.43041,2.12154,1.25779,2.13208,0.42336,18.483,0.42336,0,0,442.007,0,0.561375,0,0,0.822649,0.261274,1.028160,1,0,18.8935,0,0,0,18.8935,0
66.5602,1.86351,0,0,1.06516,0.0604337,0.36288,3.6288,59.3808,0.677126,0,0,0.435113,0.33713,0,0.66528,12.849,1,0.353254,0.36288,0,20.5222,6.15837,14.3734,0.84672,12.849,0.84672,3695.15,0,18.483,0.42336,0.261274,1.43069,1.98863,1.54115,1.71609,0.42336,18.483,0.42336,0,0,442.007,0,0.579208,0,0,0.840482,0.261274,1.028160,1,0,16.0895,0,0,0,16.0895,0
65.3449,1.8585,0,0,1.07357,0.0674722,0.36288,3.6288,58.8116,0.673402,0,0,0.416291,0.31218,0,0.66528,12.849,1,0.35877,0.36288,0,19.133,5.85795,13.2792,0.84672,12.849,0.84672,3695.15,0,18.483,0.42336,0.261274,1.4654,1.9028,1.43809,1.76803,0.42336,18.483,0.42336,0,0,442.007,0,0.583174,0,0,0.844448,0.261274,1.028160,1,0,15.0472,0,0,0,15.0472,0
64.0276,1.85335,0,0,0.965658,0.0668218,0.36288,3.6288,58.2242,0.666758,0,0,0.390477,0.311043,0,0.66528,12.849,1,0.36443,0.36288,0,18.032,5.85795,12.1725,0.84672,12.849,0.84672,3695.15,0,18.483,0.42336,0.227405,1.46568,1.94254,1.43809,1.77418,0.42336,18.483,0.42336,0,0,442.007,0,0.59006,0,0,0.817465,0.227405,1.028160,1,0,13.9467,0,0,0,13.9467,0
62.6298,1.84753,0,0,0.8788,0.0661167,0.36288,3.6288,57.5447,0.744225,0,0,0.374603,0.309869,0,0.66528,12.849,1,0.37076,0.36288,0,16.9366,5.85795,11.0707,0.84672,12.849,0.84672,3695.15,0,18.483,0.42336,0.227405,1.46597,1.8059,1.43809,1.63782,0.42336,18.483,0.42336,0,0,442.007,0,0.512836,0,0,0.740241,0.227405,1.028160,1,0,12.7085,0,0,0,12.7085,0
60.9889,1.9875,0,0,0.760424,0.0509559,0.36288,3.6288,56.7415,0.86082,0,0,0.373031,0.31541,0,0.66528,12.849,1,0.407752,0.36288,0,16.1594,6.09977,10.0148,0.84672,12.849,0.84672,3695.15,0,18.483,0.42336,0.227405,1.46625,1.83,1.46814,1.63216,0.42336,18.483,0.42336,0,0,442.007,0,0.504732,0,0,0.732136,0.227405,1.028160,1,0,11.6469,0,0,0,11.6469,0
59.4054,1.97889,0,0,0.855619,0.0973385,0.36288,3.6288,55.9693,0.865162,0,0,0.3783,0.285337,0,0.66528,12.849,1,0.416908,0.36288,0,19.0833,5.29788,13.7313,0.84672,12.849,0.84672,3695.15,0,18.483,0.42336,0.227405,1.58323,1.31215,1.44697,1.25245,0.42336,18.483,0.42336,0,0,442.007,0,0.500653,0,0,0.728058,0.227405,1.028160,1,0,14.9838,0,0,0,14.9838,0
57.7755,1.9702,0,0,0.799105,0.0959552,0.36288,3.6288,55.161,0.885115,0,0,0.360636,0.283903,0,0.66528,12.849,1,0.426141,0.36288,0,18.5674,5.29788,13.2063,0.84672,12.849,0.84672,3695.15,0,18.483,0.42336,0.204422,1.58354,1.30105,1.44697,1.21867,0.42336,18.483,0.42336,0,0,442.007,0,0.480963,0,0,0.685385,0.204422,1.028160,1,0,14.425,0,0,0,14.425,0
56.3507,1.96081,0,0,0.993332,0.0944509,0.36288,3.6288,54.4545,0.807377,0,0,0.383287,0.282401,0,0.66528,12.849,1,0.436075,0.36288,0,18.9979,5.29788,13.6268,0.84672,12.849,0.84672,3695.15,0,18.483,0.42336,0.204422,1.58384,1.92314,1.44697,1.84108,0.42336,18.483,0.42336,0,0,442.007,0,0.558965,0,0,0.763387,0.204422,1.028160,1,0,15.4679,0,0,0,15.4679,0
54.7431,1.95227,0,0,0.800703,0.093136,0.36288,3.6288,53.6525,0.874333,0,0,0.353494,0.281089,0,0.66528,12.849,1,0.445155,0.36288,0,17.5277,5.29788,12.1476,0.84672,12.849,0.84672,3695.15,0,18.483,0.42336,0.204422,1.58415,1.30771,1.44697,1.22594,0.42336,18.483,0.42336,0,0,442.007,0,0.492273,0,0,0.696695,0.204422,1.028160,1,0,13.3735,0,0,0,13.3735,0
52.9854,1.87241,0,0,0.623467,0.145921,0.36288,3.6288,52.647,1.03361,0,0,0.287138,0.259065,0,0.66528,12.849,1,0.439482,0.36288,0,14.2351,5.06126,9.09723,0.84672,12.849,0.84672,3695.15,0,18.483,0.42336,0.204422,1.58445,1.15302,1.37018,1.14835,0.42336,18.483,0.42336,0,0,442.007,0,0.267494,0,0,0.471917,0.204422,1.028160,1,0,10.2456,0,0,0,10.2456,0
51.0971,1.8611,0,0,0.494402,0.158719,0.36288,3.6288,51.8884,0.889673,0,0,0.379812,0.248763,0,0.66528,12.849,1,0.451318,0.36288,0,11.2205,4.93553,6.19654,0.84672,12.849,0.84672,3695.15,0,18.483,0.42336,0.216518,1.51782,1.29034,1.34555,1.25577,0.42336,18.483,0.42336,0,0,442.007,0,0.41168,0,0,0.628199,0.216518,1.028160,1,0,7.45231,0,0,0,7.45231,0
49.1594,1.84819,0,0,0.429043,0.155647,0.36288,3.6288,50.6991,1.15217,0,0,0.210172,0.247249,0,0.66528,12.849,1,0.464752,0.36288,0,11.5214,4.93553,6.48396,0.84672,12.849,0.84672,3695.15,0,18.483,0.42336,0.216518,1.51811,0.957105,1.34555,0.922825,0.42336,18.483,0.42336,0,0,442.007,0,0.149437,0,0,0.365956,0.216518,1.028160,1,0,7.40678,0,0,0,7.40678,0
47.2273,1.83409,0,0,0.417349,0.152489,0.36288,3.6288,49.465,1.18374,0,0,0.194434,0.244876,0,0.66528,12.849,1,0.479384,0.36288,0,10.5245,4.93553,5.47244,0.84672,12.849,0.84672,3695.15,0,18.483,0.42336,0.216518,1.5184,0.940447,1.34555,0.90646,0.42336,18.483,0.42336,0,0,442.007,0,0.11812,0,0,0.334638,0.216518,1.028160,1,0,6.3789,0,0,0,6.3789,0
45.5358,1.7635,0,0,0.693716,0.25883,0.36288,3.6288,48.6571,0.97534,0,0,0.321364,0.15389,0,0.66528,12.849,1,0.47979,0.36288,0,19.4407,3.60376,15.72,0.84672,12.849,0.84672,3695.15,0,18.483,0.42336,0.216518,1.5187,1.60552,0.90505,2.01232,0.42336,18.483,0.42336,0,0,442.007,0,0.266857,0,0,0.483375,0.216518,1.028160,1,0,17.7323,0,0,0,17.7323,0
43.8167,1.75,0,0,0.648329,0.254556,0.36288,3.6288,47.7376,0.971832,0,0,0.227708,0.17542,0,0.66528,12.849,1,0.493804,0.36288,0,13.5947,3.90789,9.55588,0.84672,12.849,0.84672,3695.15,0,18.483,0.42336,0.216518,1.45945,1.08861,0.939517,1.40171,0.42336,18.483,0.42336,0,0,442.007,0,0.270605,0,0,0.487123,0.216518,1.028160,1,0,10.9576,0,0,0,10.9576,0
42.9431,1.73542,0,0,1.47442,0.249649,0.36288,3.6288,46.9886,0.898536,0,0,0.323631,0.174083,0,0.66528,12.849,1,0.508901,0.36288,0,26.5545,3.90789,22.5006,0.84672,12.849,0.84672,3695.15,0,18.483,0.42336,0.292723,1.45973,1.88879,0.939517,2.27837,0.42336,18.483,0.42336,0,0,442.007,0,0.34414,0,0,0.636863,0.292723,1.028160,1,0,24.779,0,0,0,24.779,0
42.9439,1.72784,0,0,2.33863,0.247155,0.36288,3.6288,47.0487,0.444381,0,0,0.677543,0.172994,0,0.66528,12.849,1,0.516987,0.36288,0,36.1298,3.90789,32.0678,0.84672,12.849,0.84672,3695.15,0,18.483,0.42336,0.292723,1.46001,3.04118,0.939517,3.43105,0.42336,18.483,0.42336,0,0,442.007,0,0.798535,0,0,1.09126,0.292723,1.028160,1,0,35.4989,0,0,0,35.4989,0
42.2629,1.57355,0,0,1.50255,0.247158,0.36288,3.6288,46.9163,0.464476,0,0,0.50517,0.173082,0,0.66528,12.849,1,0.470813,0.36288,0,24.8496,3.90789,20.8338,0.84672,12.849,0.84672,3695.15,0,18.483,0.42336,0.292723,1.4603,3.00056,0.939517,3.3907,0.42336,18.483,0.42336,0,0,442.007,0,0.653809,0,0,0.946532,0.292723,1.028160,1,0,24.2245,0,0,0,24.2245,0
41.2175,1.5681,0,0,1.13232,0.246726,0.36288,3.6288,46.7184,0.298067,0,0,0.294605,0.194492,0,0.66528,12.849,1,0.476742,0.36288,0,28.7242,3.69452,24.9158,0.84672,12.849,0.84672,3695.15,0,18.483,0.42336,0.292723,1.32644,2.11558,1.04986,2.26153,0.42336,18.483,0.42336,0,0,442.007,0,0.820434,0,0,1.11316,0.292723,1.028160,1,0,27.1774,0,0,0,27.1774,0
40.4436,1.55924,0,0,1.37196,0.223748,0.36288,3.6288,46.6577,0.175902,0,0,0.306372,0.191117,0,0.66528,12.849,1,0.486073,0.36288,0,35.5523,3.9841,31.445,0.84672,12.849,0.84672,3695.15,0,18.483,0.42336,0.412474,1.32669,2.62459,1.10177,2.83862,0.42336,18.483,0.42336,0,0,442.007,0,0.942814,0,0,1.35529,0.412474,1.028160,1,0,34.2836,0,0,0,34.2836,0
39.8784,1.55254,0,0,1.57372,0.223513,0.36288,3.6288,46.1481,0.587226,0,0,0.263786,0.186186,0,0.66528,12.849,1,0.493246,0.36288,0,41.2897,3.98664,37.1727,0.84672,12.849,0.84672,3695.15,0,18.483,0.42336,0.412474,1.32695,2.18234,1.11756,2.38084,0.42336,18.483,0.42336,0,0,442.007,0,0.531706,0,0,0.944179,0.412474,1.028160,1,0,39.5535,0,0,0,39.5535,0
39.7126,1.54762,0,0,1.96676,0.22201,0.36288,3.6288,45.9039,0.62932,0,0,0.570383,0.185312,0,0.66528,12.849,1,0.49865,0.36288,0,51.6138,3.98664,47.4914,0.84672,12.849,0.84672,3695.15,0,18.483,0.42336,0.412474,1.32721,2.23513,1.11756,2.43389,0.42336,18.483,0.42336,0,0,442.007,0,0.489828,0,0,0.902301,0.412474,1.028160,1,0,49.9253,0,0,0,49.9253,0
41.7773,1.60487,0,0,4.24544,0.213003,0.36288,3.6288,46.7015,0.127394,0,0,1.09803,0.173038,0,0.66528,12.849,1,0.519254,0.36288,0,98.0929,3.71664,94.2198,0.84672,12.849,0.84672,3695.15,0,18.483,0.42336,0.823677,1.32746,5.08179,1.08584,5.72372,0.42336,18.483,0.42336,0,0,442.007,0,1.02816,0,0,1.85184,0.823677,1.028160,1,0,99.9436,0,0,0,99.9436,0
43.6126,1.62485,0,0,4.03468,0.211675,0.36288,3.6288,47.15,0.12761,0,0,0.741537,0.16536,0,0.66528,12.849,1,0.499739,0.36288,0,88.3829,3.51414,84.7319,0.84672,12.849,0.84672,3695.15,0,18.483,0.42336,0.644077,1.37018,4.34447,1.06205,4.87331,0.42336,18.483,0.42336,0,0,442.007,0,1.02816,0,0,1.67224,0.644077,1.028160,1,0,89.6052,0,0,0,89.6052,0
44.7301,1.64146,0,0,3.33809,0.216223,0.36288,3.6288,47.4114,0.217612,0,0,0.645006,0.165991,0,0.66528,12.849,1,0.483603,0.36288,0,72.4645,3.51414,68.8297,0.84672,12.849,0.84672,3695.15,0,18.483,0.42336,0.503194,1.37043,3.39939,1.06205,3.7876,0.42336,18.483,0.42336,0,0,442.007,0,0.938373,0,0,1.44157,0.503194,1.028160,1,0,72.6173,0,0,0,72.6173,0
46.0447,1.65122,0,0,3.5991,0.270361,0.36288,3.6288,47.931,0.128766,0,0,0.816067,0.167695,0,0.66528,12.849,1,0.474323,0.36288,0,66.5876,3.70944,62.7667,0.84672,12.849,0.84672,3695.15,0,18.483,0.42336,0.503194,1.37069,3.6192,1.13292,3.9368,0.42336,18.483,0.42336,0,0,442.007,0,1.02743,0,0,1.53063,0.503194,1.028160,1,0,66.7035,0,0,0,66.7035,0
47.7168,1.85659,0,0,4.16979,0.278251,0.36288,3.6288,48.2218,0.264226,0,0,0.720574,0.165588,0,0.66528,12.849,1,0.51809,0.36288,0,76.0303,3.6018,72.2733,0.84672,12.849,0.84672,3695.15,0,18.483,0.42336,0.516421,1.37094,3.22368,0.976965,3.71072,0.42336,18.483,0.42336,0,0,442.007,0,1.02816,0,0,1.54458,0.516421,1.028160,1,0,75.984,0,0,0,75.984,0
50.6744,1.8713,0,0,5.47069,0.278872,0.36288,3.6288,48.7828,0.264466,0,0,1.00845,0.183026,0,0.66528,12.849,1,0.503897,0.36288,0,80.6941,4.22352,76.3296,0.84672,12.849,0.84672,3695.15,0,18.483,0.42336,0.921387,1.52285,4.89382,1.05771,5.85699,0.42336,18.483,0.42336,0,0,442.007,0,1.02816,0,0,1.94955,0.921387,1.028160,1,0,82.1866,0,0,0,82.1866,0
52.0701,1.89518,0,0,3.9416,0.287865,0.36288,3.6288,48.5592,0.622369,0,0,0.582688,0.18388,0,0.66528,12.849,1,0.480541,0.36288,0,58.1159,4.22352,53.7747,0.84672,12.849,0.84672,3695.15,0,18.483,0.42336,0.608429,1.52313,3.9972,1.05771,4.6477,0.42336,18.483,0.42336,0,0,442.007,0,0.670499,0,0,1.27893,0.608429,1.028160,1,0,58.4224,0,0,0,58.4224,0
53.3155,1.90593,0,0,3.75736,0.243214,0.36288,3.6288,48.7055,0.345291,0,0,0.690383,0.198813,0,0.66528,12.849,1,0.470314,0.36288,0,78.5036,4.33167,74.0645,0.84672,12.849,0.84672,3695.15,0,18.483,0.42336,0.608429,1.52342,4.26273,1.17296,4.79826,0.42336,18.483,0.42336,0,0,442.007,0,0.947817,0,0,1.55625,0.608429,1.028160,1,0,78.8627,0,0,0,78.8627,0
55.787,1.6292,0,0,4.71681,0.253143,0.36288,3.6288,50.1778,0.0838672,0,0,1.75272,0.196493,0,0.66528,12.849,1,0.392635,0.36288,0,106.682,4.25838,102.393,0.84672,12.849,0.84672,3695.15,0,18.483,0.42336,0.608429,1.5237,6.63323,1.13162,7.21038,0.42336,18.483,0.42336,0,0,442.007,0,1.02687,0,0,1.6353,0.608429,1.028160,1,0,109.604,0,0,0,109.604,0
60.1757,1.6437,0,0,6.6966,0.301338,0.36288,3.6288,53.3946,0.0827868,0,0,3.48284,0.183333,0,0.66528,12.849,1,0.378582,0.36288,0,128.736,3.81864,124.902,0.84672,12.849,0.84672,3695.15,0,18.483,0.42336,1.79285,1.31639,9.0974,0.883574,10.8997,0.42336,18.483,0.42336,0,0,442.007,0,1.02816,0,0,2.82101,1.79285,1.028160,1,0,135.801,0,0,0,135.801,0
64.5006,1.66683,0,0,6.6691,0.314516,0.36288,3.6288,57.3423,0.0829938,0,0,4.21889,0.18816,0,0.66528,12.849,1,0.35591,0.36288,0,148.526,3.81864,144.714,0.84672,12.849,0.84672,3695.15,0,18.483,0.42336,2.94195,1.31663,11.3263,0.883574,14.278,0.42336,18.483,0.42336,0,0,442.007,0,1.02816,0,0,3.97011,2.94195,1.028160,1,0,158.992,0,0,0,158.992,0
69.3575,1.68711,0,0,7.2328,0.325934,0.36288,3.6288,61.308,0.0832009,0,0,4.47471,0.193214,0.232582,0.66528,12.849,1,0.336085,0.36288,0,157.411,3.81864,153.619,0.84672,12.849,0.84672,3695.15,0,18.483,0.42336,2.26444,1.31688,13.9192,0.883574,16.1936,0.42336,18.483,0.42336,0,0,442.007,0,1.02816,0,0,3.2926,2.26444,1.028160,1,0,170.046,0,0,0,170.046,0
72.29,1.70735,0,0,7.8173,0.326467,2.85095,3.6288,61.308,0.0834081,0,0,5.04007,0.215846,4.74082,0.66528,12.849,1,0.3163,2.85095,0,132.94,4.32394,131.151,0.84672,12.849,0.84672,3695.15,0,18.483,0.42336,2.59603,1.31712,12.722,0.955804,15.256,0.42336,18.483,0.42336,0,0,442.007,0,1.02816,0,0,3.62419,2.59603,1.028160,1,0,151.148,0,0,0,151.148,0
72.29,1.79456,0,0,9.15944,0.299722,7.06515,3.6288,61.308,0.12833,0,0,5.24346,0.213018,4.90211,0.66528,12.849,1,0.31897,7.06515,0,226.805,4.82084,228.731,0.84672,12.849,0.84672,3695.15,0,18.483,0.42336,3.02658,1.31737,13.1775,0.980595,16.1175,0.42336,18.483,0.42336,0,0,442.007,0,1.02816,0,0,4.05474,3.02658,1.028160,1,0,249.75,0,0,0,249.75,0
72.29,1.79497,0,0,8.77884,0.292725,6.69115,3.6288,61.308,0.128545,0,0,4.01759,0.202467,3.68658,0.66528,12.849,1,0.319042,6.69115,0,182.729,4.75009,184.351,0.84672,12.849,0.84672,3695.15,0,18.483,0.42336,2.43695,1.36892,11.4159,0.951988,13.8464,0.42336,18.483,0.42336,0,0,442.007,0,1.02816,0,0,3.46511,2.43695,1.028160,1,0,201.884,0,0,0,201.884,0
72.29,1.79537,0,0,5.76422,0.292725,3.67613,3.6288,61.308,0.128761,0,0,3.00983,0.202467,2.6786,0.66528,12.849,1,0.319113,3.67613,0,117.518,4.75009,116.125,0.84672,12.849,0.84672,3695.15,0,18.483,0.42336,1.69483,1.36917,8.67637,0.951988,10.365,0.42336,18.483,0.42336,0,0,442.007,0,1.02816,0,0,2.72299,1.69483,1.028160,1,0,129.168,0,0,0,129.168,0
72.29,1.79577,0,0,4.97028,0.292725,2.88179,3.6288,61.308,0.128977,0,0,2.76326,0.202467,2.43182,0.66528,12.849,1,0.319184,2.88179,0,100.643,4.75009,98.4556,0.84672,12.849,0.84672,3695.15,0,18.483,0.42336,1.70867,1.36943,7.84287,0.951988,9.54563,0.42336,18.483,0.42336,0,0,442.007,0,1.02816,0,0,2.73683,1.70867,1.028160,1,0,110.433,0,0,0,110.433,0
72.29,1.76646,0,0,4.60585,0.269029,2.57036,3.6288,61.308,0.111813,0,0,2.15761,0.199984,1.84581,0.66528,12.849,1,0.313975,2.57036,0,95.2422,4.48611,93.0125,0.84672,12.849,0.84672,3695.15,0,18.483,0.42336,1.3045,1.36968,6.95365,0.999947,8.20453,0.42336,18.483,0.42336,0,0,442.007,0,1.02816,0,0,2.33266,1.3045,1.028160,1,0,103.063,0,0,0,103.063,0
72.29,1.76686,0,0,4.29735,0.193498,2.337,3.6288,61.308,0.112025,0,0,1.48786,0.211235,1.1646,0.66528,12.849,1,0.314046,2.337,0,95.4478,4.26384,93.2069,0.84672,12.849,0.84672,3695.15,0,18.483,0.42336,1.33981,1.34995,5.51867,1.07295,6.71213,0.42336,18.483,0.42336,0,0,442.007,0,1.02816,0,0,2.36797,1.33981,1.028160,1,0,101.084,0,0,0,101.084,0
72.29,1.76725,0,0,4.0733,0.193498,2.11255,3.6288,61.308,0.112238,0,0,1.46058,0.211235,1.13711,0.66528,12.849,1,0.314116,2.11255,0,89.2987,4.26384,86.8333,0.84672,12.849,0.84672,3695.15,0,18.483,0.42336,1.22911,1.35021,5.20764,1.07295,6.29064,0.42336,18.483,0.42336,0,0,442.007,0,1.02816,0,0,2.25727,1.22911,1.028160,1,0,94.2611,0,0,0,94.2611,0
72.29,1.76765,0,0,3.81942,0.193498,1.85827,3.6288,61.308,0.11245,0,0,1.75316,0.211235,1.42947,0.66528,12.849,1,0.314186,1.85827,0,82.7064,4.26384,79.9866,0.84672,12.849,0.84672,3695.15,0,18.483,0.42336,1.63718,1.35046,5.9444,1.07295,7.43572,0.42336,18.483,0.42336,0,0,442.007,0,1.02816,0,0,2.66534,1.63718,1.028160,1,0,88.8518,0,0,0,88.8518,0
72.29,1.86897,0,0,3.56347,0.215215,1.47929,3.6288,61.308,0.174342,0,0,1.53951,0.164671,1.2005,0.66528,12.849,1,0.332195,1.47929,0,75.0652,3.82116,72.3911,0.84672,12.849,0.84672,3695.15,0,18.483,0.42336,1.33675,1.35071,5.41474,0.908718,6.77012,0.42336,18.483,0.42336,0,0,442.007,0,1.02816,0,0,2.36491,1.33675,1.028160,1,0,80.3617,0,0,0,80.3617,0
72.29,1.86939,0,0,2.86107,0.184199,0.807483,3.6288,61.308,0.174566,0,0,1.10125,0.195318,0.731362,0.66528,12.849,1,0.332269,0.807483,0,51.0635,4.42464,47.1141,0.84672,12.849,0.84672,3695.15,0,18.483,0.42336,0.868078,1.42089,3.67527,1.08056,4.46031,0.42336,18.483,0.42336,0,0,442.007,0,1.02816,0,0,1.89624,0.868078,1.028160,1,0,52.3058,0,0,0,52.3058,0
72.29,1.8698,0,0,2.66369,0.105018,0.688867,3.6288,61.308,0.17479,0,0,0.97467,0.223479,0.576401,0.66528,12.849,1,0.332343,0.688867,0,49.764,4.80249,45.318,0.84672,12.849,0.84672,3695.15,0,18.483,0.42336,0.742444,1.42115,3.42941,1.15658,4.01306,0.42336,18.483,0.42336,0,0,442.007,0,1.02816,0,0,1.7706,0.742444,1.028160,1,0,49.9075,0,0,0,49.9075,0
72.29,1.87022,0,0,2.42253,0.105018,0.447292,3.6288,61.308,0.175015,0,0,0.787095,0.223479,0.388602,0.66528,12.849,1,0.332417,0.447292,0,45.2997,4.80249,40.6121,0.84672,12.849,0.84672,3695.15,0,18.483,0.42336,0.470439,1.42142,3.06601,1.15658,3.37793,0.42336,18.483,0.42336,0,0,442.007,0,1.02816,0,0,1.4986,0.470439,1.028160,1,0,44.3786,0,0,0,44.3786,0
72.29,1.87063,0,0,2.36167,0.110838,0.380196,3.6288,61.308,0.175239,0,0,0.643585,0.236001,0.232345,0.66528,12.849,1,0.332491,0.380196,0,41.0636,5.02107,36.0902,0.84672,12.849,0.84672,3695.15,0,18.483,0.42336,0.394572,1.42168,2.94055,1.19982,3.13363,0.42336,18.483,0.42336,0,0,442.007,0,1.02816,0,0,1.42273,0.394572,1.028160,1,0,39.4562,0,0,0,39.4562,0
72.29,1.85107,0,0,2.8314,0.0996828,0.880643,3.6288,61.308,0.209395,0,0,0.866281,0.258431,0.398455,0.66528,12.849,1,0.329014,0.880643,0,47.8418,5.31015,43.0832,0.84672,12.849,0.84672,3695.15,0,18.483,0.42336,0.84742,1.42195,4.36212,1.27666,4.93147,0.42336,18.483,0.42336,0,0,442.007,0,1.02816,0,0,1.87558,0.84742,1.028160,1,0,48.4132,0,0,0,48.4132,0
72.29,1.85148,0,0,2.88374,0.101679,0.930576,3.6288,61.308,0.209626,0,0,0.926338,0.23305,0.483662,0.66528,12.849,1,0.329087,0.930576,0,51.2337,4.84722,46.988,0.84672,12.849,0.84672,3695.15,0,18.483,0.42336,0.946607,1.44402,5.09109,1.18687,5.87149,0.42336,18.483,0.42336,0,0,442.007,0,1.02816,0,0,1.97477,0.946607,1.028160,1,0,53.3431,0,0,0,53.3431,0
72.29,1.8519,0,0,2.62262,0.101679,0.669046,3.6288,61.308,0.209856,0,0,0.903286,0.23305,0.46038,0.66528,12.849,1,0.32916,0.669046,0,50.231,4.84722,45.7236,0.84672,12.849,0.84672,3695.15,0,18.483,0.42336,0.921033,1.44429,4.87818,1.18687,5.63327,0.42336,18.483,0.42336,0,0,442.007,0,1.02816,0,0,1.94919,0.921033,1.028160,1,0,51.8173,0,0,0,51.8173,0
72.29,1.85231,0,0,2.38041,0.101679,0.42642,3.6288,61.308,0.210087,0,0,0.847429,0.23305,0.404291,0.66528,12.849,1,0.329234,0.42642,0,44.76,4.84722,40.0099,0.84672,12.849,0.84672,3695.15,0,18.483,0.42336,0.701205,1.44456,4.71899,1.18687,5.25452,0.42336,18.483,0.42336,0,0,442.007,0,1.02816,0,0,1.72937,0.701205,1.028160,1,0,45.6687,0,0,0,45.6687,0
72.1247,1.90435,0,0,2.17226,0.0703547,0.36288,3.6288,61.308,0.240581,0,0,0.755352,0.306808,0.207963,0.66528,12.849,1,0.338484,0.36288,0,38.5828,5.78763,32.8195,0.84672,12.849,0.84672,3695.15,0,18.483,0.42336,0.618823,1.44483,3.98105,1.51381,4.10754,0.42336,18.483,0.42336,0,0,442.007,0,1.02816,0,0,1.64698,0.618823,1.028160,1,0,37.135,0,0,0,37.135,0
71.8775,1.90411,0,0,2.09504,0.0752608,0.36288,3.6288,61.308,0.240818,0,0,0.817258,0.299244,0.277195,0.66528,12.849,1,0.339217,0.36288,0,41.8694,5.66853,36.2245,0.84672,12.849,0.84672,3695.15,0,18.483,0.42336,0.566248,1.47987,3.02565,1.4295,3.21891,0.42336,18.483,0.42336,0,0,442.007,0,1.02816,0,0,1.59441,0.566248,1.028160,1,0,39.7206,0,0,0,39.7206,0
71.4867,1.90354,0,0,1.95073,0.0751194,0.36288,3.6288,61.308,0.241055,0,0,0.709016,0.299244,0.168717,0.66528,12.849,1,0.340282,0.36288,0,35.4516,5.66853,29.8057,0.84672,12.849,0.84672,3695.15,0,18.483,0.42336,0.695339,1.48015,3.05355,1.4295,3.37617,0.42336,18.483,0.42336,0,0,442.007,0,1.02816,0,0,1.7235,0.695339,1.028160,1,0,33.3506,0,0,0,33.3506,0
70.9501,1.90239,0,0,1.80359,0.074896,0.36288,3.6288,61.308,0.241291,0,0,0.65753,0.299244,0.116994,0.66528,12.849,1,0.341935,0.36288,0,33.9949,5.66853,28.3473,0.84672,12.849,0.84672,3695.15,0,18.483,0.42336,0.485611,1.48043,2.65503,1.4295,2.7682,0.42336,18.483,0.42336,0,0,442.007,0,1.02816,0,0,1.51377,0.485611,1.028160,1,0,31.2325,0,0,0,31.2325,0
70.3096,2.05149,0,0,1.84365,0.0697382,0.36288,3.6288,61.308,0.350843,0,0,0.730192,0.301834,0.077515,0.66528,12.849,1,0.371524,0.36288,0,32.3325,5.7433,26.5806,0.84672,12.849,0.84672,3695.15,0,18.483,0.42336,0.689869,1.4807,3.28406,1.44444,3.58682,0.42336,18.483,0.42336,0,0,442.007,0,1.02816,0,0,1.71803,0.689869,1.028160,1,0,30.2449,0,0,0,30.2449,0
69.6499,2.04908,0,0,1.80941,0.0571563,0.36288,3.6288,61.2463,0.3511,0,0,0.630668,0.341275,0,0.66528,12.849,1,0.374467,0.36288,0,25.9935,5.96541,20.0165,0.84672,12.849,0.84672,3695.15,0,18.483,0.42336,0.377888,1.59883,2.87964,1.51448,2.91852,0.42336,18.483,0.42336,0,0,442.007,0,1.02816,0,0,1.40605,0.377888,1.028160,1,0,22.935,0,0,0,22.935,0
68.9663,2.04654,0,0,1.7822,0.0564422,0.36288,3.6288,61.1748,0.351358,0,0,0.606576,0.326743,0,0.66528,12.849,1,0.377545,0.36288,0,25.2955,5.95717,19.3237,0.84672,12.849,0.84672,3695.15,0,18.483,0.42336,0.370025,1.59913,2.18862,1.53218,2.20224,0.42336,18.483,0.42336,0,0,442.007,0,1.02816,0,0,1.39819,0.370025,1.028160,1,0,21.5259,0,0,0,21.5259,0
68.0674,2.04383,0,0,1.56395,0.0561435,0.36288,3.6288,61.0817,0.351615,0,0,0.585188,0.326595,0,0.66528,12.849,1,0.380783,0.36288,0,32.1551,5.95717,26.18,0.84672,12.849,0.84672,3695.15,0,18.483,0.42336,0.307739,1.59943,2.10169,1.53218,2.05331,0.42336,18.483,0.42336,0,0,442.007,0,1.02816,0,0,1.3359,0.307739,1.028160,1,0,28.2333,0,0,0,28.2333,0
67.206,2.04005,0,0,1.59728,0.0557506,0.36288,3.6288,61.0747,0.351872,0,0,0.671259,0.326403,0,0.66528,12.849,1,0.385097,0.36288,0,27.8543,5.95717,21.8749,0.84672,12.849,0.84672,3695.15,0,18.483,0.42336,0.383469,1.59972,2.18256,1.53218,2.21021,0.42336,18.483,0.42336,0,0,442.007,0,1.02816,0,0,1.41163,0.383469,1.028160,1,0,24.0851,0,0,0,24.0851,0
66.5779,1.96337,0,0,1.75101,0.0527866,0.36288,3.6288,61.2205,0.285718,0,0,0.776434,0.344923,0,0.66528,12.849,1,0.375374,0.36288,0,34.204,5.9045,28.287,0.84672,12.849,0.84672,3695.15,0,18.483,0.42336,0.89214,1.60002,3.26675,1.59385,3.7417,0.42336,18.483,0.42336,0,0,442.007,0,1.02816,0,0,1.9203,0.89214,1.028160,1,0,32.0287,0,0,0,32.0287,0
66.0144,1.96084,0,0,1.83937,0.0791986,0.36288,3.6288,61.308,0.285963,0,0,0.768528,0.338465,0.0566214,0.66528,12.849,1,0.378426,0.36288,0,30.2155,5.69934,24.5007,0.84672,12.849,0.84672,3695.15,0,18.483,0.42336,0.687865,1.53272,3.47018,1.58321,3.6842,0.42336,18.483,0.42336,0,0,442.007,0,1.02816,0,0,1.71602,0.687865,1.028160,1,0,28.2415,0,0,0,28.2415,0
66.0004,1.95856,0,0,2.42426,0.116814,0.36288,3.6288,61.308,0.286208,0,0,0.807978,0.311049,0.210721,0.66528,12.849,1,0.381214,0.36288,0,30.5576,5.47848,25.0608,0.84672,12.849,0.84672,3695.15,0,18.483,0.42336,0.809032,1.53301,2.79106,1.50735,3.20239,0.42336,18.483,0.42336,0,0,442.007,0,1.02816,0,0,1.83719,0.809032,1.028160,1,0,28.4739,0,0,0,28.4739,0
67.0214,1.95893,0,0,3.45964,0.116801,0.36288,3.6288,61.308,0.286454,0,0,1.32979,0.311049,0.732288,0.66528,12.849,1,0.381366,0.36288,0,56.5218,5.47848,51.0249,0.84672,12.849,0.84672,3695.15,0,18.483,0.42336,2.07378,1.53329,5.23236,1.50735,6.90873,0.42336,18.483,0.42336,0,0,442.007,0,1.02816,0,0,3.10194,2.07378,1.028160,1,0,58.6659,0,0,0,58.6659,0
67.2943,1.90432,0,0,2.67593,0.135877,0.36288,3.6288,61.308,0.226202,0,0,1.04466,0.305994,0.512466,0.66528,12.849,1,0.365086,0.36288,0,74.722,5.37507,69.3447,0.84672,12.849,0.84672,3695.15,0,18.483,0.42336,1.30132,1.53358,3.61272,1.4492,4.57506,0.42336,18.483,0.42336,0,0,442.007,0,1.02816,0,0,2.32948,1.30132,1.028160,1,0,74.4323,0,0,0,74.4323,0
66.1673,1.90598,0,0,1.38709,0.245157,0.36288,3.6288,61.308,0.226437,0,0,0.910181,0.275662,0.408082,0.66528,12.849,1,0.363924,0.36288,0,44.0586,4.75461,39.3029,0.84672,12.849,0.84672,3695.15,0,18.483,0.42336,0.567233,1.47374,2.77161,1.10031,3.28892,0.42336,18.483,0.42336,0,0,442.007,0,1.02816,0,0,1.59539,0.567233,1.028160,1,0,42.9999,0,0,0,42.9999,0
67.157,1.90121,0,0,3.48157,0.227853,0.36288,3.6288,61.308,0.226671,0,0,1.37673,0.269705,0.880356,0.66528,12.849,1,0.369196,0.36288,0,42.2997,4.61061,37.6828,0.84672,12.849,0.84672,3695.15,0,18.483,0.42336,1.29266,1.47402,5.7985,1.13251,7.00932,0.42336,18.483,0.42336,0,0,442.007,0,1.02816,0,0,2.32082,1.29266,1.028160,1,0,45.5725,0,0,0,45.5725,0
71.8306,1.9062,0,0,7.18228,0.239603,0.36288,3.6288,61.308,0.226905,0,0,2.21322,0.228483,1.75783,0.66528,12.849,1,0.36471,0.36288,0,116.275,3.71744,112.556,0.84672,12.849,0.84672,3695.15,0,18.483,0.42336,2.45688,1.47429,13.0384,0.995977,15.5502,0.42336,18.483,0.42336,0,0,442.007,0,1.02816,0,0,3.48504,2.45688,1.028160,1,0,129.864,0,0,0,129.864,0
72.29,1.75461,0,0,3.83734,0.261004,1.36228,3.6288,61.308,0.101049,0,0,1.50314,0.215171,1.18692,0.66528,12.849,1,0.313863,1.36228,0,70.289,3.43696,67.9004,0.84672,12.849,0.84672,3695.15,0,18.483,0.42336,1.28541,1.47457,6.4622,0.924193,7.87463,0.42336,18.483,0.42336,0,0,442.007,0,1.02816,0,0,2.31357,1.28541,1.028160,1,0,76.962,0,0,0,76.962,0
72.29,1.75669,0,0,4.49226,0.299283,2.43628,3.6288,61.308,0.101259,0,0,1.88989,0.222159,1.56647,0.66528,12.849,1,0.312239,2.43628,0,68.5758,4.38115,66.3187,0.84672,12.849,0.84672,3695.15,0,18.483,0.42336,2.15525,1.3394,9.06045,1.12997,11.0018,0.42336,18.483,0.42336,0,0,442.007,0,1.02816,0,0,3.18341,2.15525,1.028160,1,0,78.8869,0,0,0,78.8869,0
72.29,1.75709,0,0,3.7318,0.305511,1.6692,3.6288,61.308,0.10147,0,0,0.826057,0.223323,0.501263,0.66528,12.849,1,0.312309,1.6692,0,56.7562,4.53852,53.5746,0.84672,12.849,0.84672,3695.15,0,18.483,0.42336,1.48198,1.33965,4.80748,1.16427,6.04147,0.42336,18.483,0.42336,0,0,442.007,0,1.02816,0,0,2.51014,1.48198,1.028160,1,0,60.1173,0,0,0,60.1173,0
72.29,1.75748,0,0,3.76849,0.303735,1.70727,3.6288,61.308,0.103202,0,0,0.486578,0.23034,0.153036,0.66528,12.849,1,0.31238,1.70727,0,54.1333,4.56441,50.9638,0.84672,12.849,0.84672,3695.15,0,18.483,0.42336,0.412474,1.3399,5.16147,1.18425,5.30623,0.42336,18.483,0.42336,0,0,442.007,0,1.02664,0,0,1.43911,0.412474,1.028160,1,0,56.4231,0,0,0,56.4231,0
72.29,1.75788,0,0,3.27605,0.293077,1.22509,3.6288,61.308,0.24059,0,0,0.538798,0.272443,0.0257653,0.66528,12.849,1,0.31245,1.22509,0,57.7871,4.71975,53.98,0.84672,12.849,0.84672,3695.15,0,18.483,0.42336,0.412474,1.34015,2.95925,1.30411,2.9844,0.42336,18.483,0.42336,0,0,442.007,0,0.889462,0,0,1.30194,0.412474,1.028160,1,0,56.9901,0,0,0,56.9901,0
72.29,1.82461,0,0,5.02855,0.285,2.91894,3.6288,61.308,0.138646,0,0,1.16047,0.249344,0.772483,0.66528,12.849,1,0.324311,2.91894,0,122.521,4.31897,120.797,0.84672,12.849,0.84672,3695.15,0,18.483,0.42336,1.24231,1.3404,8.06083,1.18008,9.0401,0.42336,18.483,0.42336,0,0,442.007,0,1.02816,0,0,2.27047,1.24231,1.028160,1,0,130.609,0,0,0,130.609,0
72.29,1.82501,0,0,6.26429,0.26798,4.17131,3.6288,61.308,0.138856,0,0,1.30439,0.19852,0.967014,0.66528,12.849,1,0.324381,4.17131,0,138.523,3.42006,138.949,0.84672,12.849,0.84672,3695.15,0,18.483,0.42336,1.77218,1.38352,8.59395,0.909874,10.4164,0.42336,18.483,0.42336,0,0,442.007,0,1.02816,0,0,2.80034,1.77218,1.028160,1,0,150.333,0,0,0,150.333,0
72.29,1.8254,0,0,7.9774,0.26798,5.88402,3.6288,61.308,0.139066,0,0,1.47384,0.19852,1.13625,0.66528,12.849,1,0.324451,5.88402,0,157.943,3.42006,160.082,0.84672,12.849,0.84672,3695.15,0,18.483,0.42336,2.05413,1.38377,10.043,0.909874,12.1476,0.42336,18.483,0.42336,0,0,442.007,0,1.02816,0,0,3.08229,2.05413,1.028160,1,0,173.366,0,0,0,173.366,0
72.29,1.82579,0,0,5.78651,0.26798,3.69274,3.6288,61.308,0.139276,0,0,1.29951,0.19852,0.961712,0.66528,12.849,1,0.324521,3.69274,0,80.1472,3.42006,80.0954,0.84672,12.849,0.84672,3695.15,0,18.483,0.42336,1.60296,1.38402,6.47236,0.909874,8.12611,0.42336,18.483,0.42336,0,0,442.007,0,1.02816,0,0,2.63112,1.60296,1.028160,1,0,89.1832,0,0,0,89.1832,0
72.29,2.03937,0,0,6.72105,0.26798,4.4137,3.6288,61.308,0.276777,0,0,1.54243,0.19852,1.06713,0.66528,12.849,1,0.362482,4.4137,0,94.6875,3.42006,95.3186,0.84672,12.849,0.84672,3695.15,0,18.483,0.42336,2.10798,1.38427,9.82584,0.909874,11.9849,0.42336,18.483,0.42336,0,0,442.007,0,1.02816,0,0,3.13614,2.10798,1.028160,1,0,108.371,0,0,0,108.371,0
72.29,2.0398,0,0,5.8704,0.325309,3.50529,3.6288,61.308,0.277012,0,0,0.88306,0.156459,0.449589,0.66528,12.849,1,0.362559,3.50529,0,85.6008,3.08837,85.6552,0.84672,12.849,0.84672,3695.15,0,18.483,0.42336,1.19031,1.53764,5.08635,0.77454,6.6164,0.42336,18.483,0.42336,0,0,442.007,0,1.02816,0,0,2.21847,1.19031,1.028160,1,0,92.7212,0,0,0,92.7212,0
72.29,2.04023,0,0,4.91419,0.317517,2.55644,3.6288,61.308,0.277247,0,0,1.0024,0.173057,0.552092,0.66528,12.849,1,0.362636,2.55644,0,78.1816,3.48149,76.894,0.84672,12.849,0.84672,3695.15,0,18.483,0.42336,1.34968,1.53792,5.78108,0.897528,7.34778,0.42336,18.483,0.42336,0,0,442.007,0,1.02816,0,0,2.37784,1.34968,1.028160,1,0,84.7938,0,0,0,84.7938,0
72.29,2.04067,0,0,5.81061,0.292478,3.47746,3.6288,61.308,0.277482,0,0,0.951221,0.178666,0.495073,0.66528,12.849,1,0.362713,3.47746,0,80.4635,4.35702,79.2212,0.84672,12.849,0.84672,3695.15,0,18.483,0.42336,1.4809,1.53819,6.55516,1.20693,7.94397,0.42336,18.483,0.42336,0,0,442.007,0,1.02816,0,0,2.50906,1.4809,1.028160,1,0,87.6602,0,0,0,87.6602,0
72.29,1.73681,0,0,5.54311,0.259412,3.54689,3.6288,61.308,0.0933388,0,0,1.15285,0.194031,0.865482,0.66528,12.849,1,0.308705,3.54689,0,93.3733,3.79974,92.8118,0.84672,12.849,0.84672,3695.15,0,18.483,0.42336,1.90826,1.53847,8.53494,0.902593,10.6557,0.42336,18.483,0.42336,0,0,442.007,0,1.02816,0,0,2.93642,1.90826,1.028160,1,0,104.333,0,0,0,104.333,0
72.29,1.73719,0,0,4.43629,0.327743,2.37136,3.6288,61.308,0.0935408,0,0,0.909818,0.133434,0.682843,0.66528,12.849,1,0.308772,2.37136,0,98.1133,3.84531,96.3305,0.84672,12.849,0.84672,3695.15,0,18.483,0.42336,1.30864,1.32914,7.51222,0.864364,8.86227,0.42336,18.483,0.42336,0,0,442.007,0,1.02816,0,0,2.3368,1.30864,1.028160,1,0,105.876,0,0,0,105.876,0
72.29,1.73757,0,0,4.85077,0.309562,2.80364,3.6288,61.308,0.0937427,0,0,0.86826,0.172163,0.602354,0.66528,12.849,1,0.308839,2.80364,0,104.688,4.76259,102.421,0.84672,12.849,0.84672,3695.15,0,18.483,0.42336,1.20002,1.32938,7.51507,1.15134,8.46977,0.42336,18.483,0.42336,0,0,442.007,0,1.02816,0,0,2.22818,1.20002,1.028160,1,0,111.493,0,0,0,111.493,0
72.29,1.73794,0,0,4.62262,0.309562,2.57511,3.6288,61.308,0.0939448,0,0,0.924221,0.172163,0.658113,0.66528,12.849,1,0.308906,2.57511,0,112.381,4.76259,109.885,0.84672,12.849,0.84672,3695.15,0,18.483,0.42336,1.36316,1.32962,7.82637,1.15134,8.94445,0.42336,18.483,0.42336,0,0,442.007,0,1.02816,0,0,2.39132,1.36316,1.028160,1,0,119.488,0,0,0,119.488,0
72.29,1.73832,0,0,14.6321,0.309562,12.5843,3.6288,61.308,0.0941468,0,0,2.56209,0.172163,2.29578,0.66528,12.849,1,0.308973,12.5843,0,187.86,4.76259,195.372,0.84672,12.849,0.84672,3695.15,0,18.483,0.42336,4.22874,1.32986,20.1409,1.15134,24.1248,0.42336,18.483,0.42336,0,0,442.007,0,1.02816,0,0,5.2569,4.22874,1.028160,1,0,221.793,0,0,0,221.793,0
72.29,1.81536,0,0,11.2684,0.31382,9.13921,3.6288,61.308,0.139495,0,0,2.75803,0.178247,2.44028,0.66528,12.849,1,0.322667,9.13921,0,192.062,4.67991,196.199,0.84672,12.849,0.84672,3695.15,0,18.483,0.42336,4.17014,1.33009,19.2286,1.13969,23.1658,0.42336,18.483,0.42336,0,0,442.007,0,1.02816,0,0,5.1983,4.17014,1.028160,1,0,221.805,0,0,0,221.805,0
72.29,1.81575,0,0,6.88071,0.317014,4.74794,3.6288,61.308,0.139706,0,0,1.88006,0.182811,1.55754,0.66528,12.849,1,0.322736,4.74794,0,132.625,4.6179,132.432,0.84672,12.849,0.84672,3695.15,0,18.483,0.42336,3.85972,1.38213,13.1546,1.13096,16.8421,0.42336,18.483,0.42336,0,0,442.007,0,1.02816,0,0,4.88788,3.85972,1.028160,1,0,150.832,0,0,0,150.832,0
72.29,1.81614,0,0,4.91462,0.317014,2.78146,3.6288,61.308,0.139916,0,0,1.42616,0.182811,1.10344,0.66528,12.849,1,0.322806,2.78146,0,91.9521,4.6179,89.7928,0.84672,12.849,0.84672,3695.15,0,18.483,0.42336,2.09167,1.38238,9.97877,1.13096,11.8985,0.42336,18.483,0.42336,0,0,442.007,0,1.02816,0,0,3.11983,2.09167,1.028160,1,0,102.795,0,0,0,102.795,0
72.29,1.81654,0,0,4.21369,0.28392,2.11323,3.6288,61.308,0.140126,0,0,1.1565,0.192402,0.82397,0.66528,12.849,1,0.322876,2.11323,0,77.9458,4.62795,75.1082,0.84672,12.849,0.84672,3695.15,0,18.483,0.42336,1.72195,1.38263,7.97498,1.14402,9.51218,0.42336,18.483,0.42336,0,0,442.007,0,1.02816,0,0,2.75011,1.72195,1.028160,1,0,85.4443,0,0,0,85.4443,0
72.29,1.78693,0,0,3.90863,0.294316,1.82738,3.6288,61.308,0.12279,0,0,1.02398,0.202291,0.698897,0.66528,12.849,1,0.317614,1.82738,0,73.2637,4.79365,69.9799,0.84672,12.849,0.84672,3695.15,0,18.483,0.42336,1.41888,1.38288,6.8677,1.16258,8.08352,0.42336,18.483,0.42336,0,0,442.007,0,1.02816,0,0,2.44704,1.41888,1.028160,1,0,78.7623,0,0,0,78.7623,0
72.29,1.78732,0,0,3.67476,0.229553,1.65788,3.6288,61.308,0.122997,0,0,0.922164,0.217169,0.581998,0.66528,12.849,1,0.317682,1.65788,0,71.1167,4.33923,68.1177,0.84672,12.849,0.84672,3695.15,0,18.483,0.42336,0.91571,1.36295,5.21211,1.23247,5.83495,0.42336,18.483,0.42336,0,0,442.007,0,1.02816,0,0,1.94387,0.91571,1.028160,1,0,74.5346,0,0,0,74.5346,0
72.29,1.78771,0,0,3.27818,0.229553,1.26092,3.6288,61.308,0.123205,0,0,0.818839,0.217169,0.478465,0.66528,12.849,1,0.317751,1.26092,0,61.0813,4.33923,57.6852,0.84672,12.849,0.84672,3695.15,0,18.483,0.42336,0.666438,1.3632,4.52615,1.23247,4.89996,0.42336,18.483,0.42336,0,0,442.007,0,1.02816,0,0,1.6946,0.666438,1.028160,1,0,63.0636,0,0,0,63.0636,0
72.29,1.78809,0,0,3.02063,0.212269,1.02027,3.6288,61.308,0.123412,0,0,0.750393,0.194414,0.432567,0.66528,12.849,1,0.31782,1.02027,0,56.972,3.86739,53.807,0.84672,12.849,0.84672,3695.15,0,18.483,0.42336,0.563423,1.36344,4.07606,1.11279,4.46677,0.42336,18.483,0.42336,0,0,442.007,0,1.02816,0,0,1.59158,0.563423,1.028160,1,0,58.7064,0,0,0,58.7064,0
72.29,1.89037,0,0,2.87204,0.199307,0.782362,3.6288,61.308,0.185891,0,0,0.717293,0.177347,0.354055,0.66528,12.849,1,0.335999,0.782362,0,52.626,3.51351,49.5588,0.84672,12.849,0.84672,3695.15,0,18.483,0.42336,0.707728,1.36369,4.07393,1.02304,4.69895,0.42336,18.483,0.42336,0,0,442.007,0,1.02816,0,0,1.73589,0.707728,1.028160,1,0,54.6118,0,0,0,54.6118,0
72.29,1.89078,0,0,2.94309,0.144082,0.908236,3.6288,61.308,0.18611,0,0,0.819409,0.231184,0.402115,0.66528,12.849,1,0.336071,0.908236,0,53.2474,4.78206,49.0375,0.84672,12.849,0.84672,3695.15,0,18.483,0.42336,0.698311,1.43454,4.32118,1.09335,4.93731,0.42336,18.483,0.42336,0,0,442.007,0,1.02816,0,0,1.72647,0.698311,1.028160,1,0,54.3769,0,0,0,54.3769,0
72.29,1.89118,0,0,2.81454,0.134877,0.78848,3.6288,61.308,0.186328,0,0,0.739169,0.240157,0.312684,0.66528,12.849,1,0.336143,0.78848,0,49.6443,4.99349,45.1032,0.84672,12.849,0.84672,3695.15,0,18.483,0.42336,0.557194,1.43479,4.08798,1.10506,4.55154,0.42336,18.483,0.42336,0,0,442.007,0,1.02816,0,0,1.58535,0.557194,1.028160,1,0,49.9674,0,0,0,49.9674,0
72.29,1.89159,0,0,2.71936,0.134877,0.692897,3.6288,61.308,0.186547,0,0,0.754004,0.240157,0.3273,0.66528,12.849,1,0.336215,0.692897,0,47.3323,4.99349,42.6955,0.84672,12.849,0.84672,3695.15,0,18.483,0.42336,0.729864,1.43505,3.91017,1.10506,4.54666,0.42336,18.483,0.42336,0,0,442.007,0,1.02816,0,0,1.75802,0.729864,1.028160,1,0,47.5695,0,0,0,47.5695,0
72.29,1.89199,0,0,2.49596,0.159463,0.444501,3.6288,61.308,0.186766,0,0,0.706787,0.233573,0.286447,0.66528,12.849,1,0.336288,0.444501,0,44.5045,4.57041,40.0423,0.84672,12.849,0.84672,3695.15,0,18.483,0.42336,0.65137,1.43531,3.56587,1.12139,4.10781,0.42336,18.483,0.42336,0,0,442.007,0,1.02816,0,0,1.67953,0.65137,1.028160,1,0,44.4365,0,0,0,44.4365,0
72.29,1.87223,0,0,2.43591,0.124033,0.439646,3.6288,61.308,0.221241,0,0,0.680124,0.225982,0.2329,0.66528,12.849,1,0.332775,0.439646,0,42.4212,4.65481,37.8732,0.84672,12.849,0.84672,3695.15,0,18.483,0.42336,0.634185,1.43557,3.59264,1.11777,4.12127,0.42336,18.483,0.42336,0,0,442.007,0,1.02816,0,0,1.66234,0.634185,1.028160,1,0,42.2274,0,0,0,42.2274,0
72.2505,1.87263,0,0,2.30551,0.109526,0.36288,3.6288,61.308,0.221466,0,0,0.653262,0.215,0.216796,0.66528,12.849,1,0.332846,0.36288,0,41.7218,4.78894,36.9629,0.84672,12.849,0.84672,3695.15,0,18.483,0.42336,0.629139,1.45784,3.55025,1.09349,4.12039,0.42336,18.483,0.42336,0,0,442.007,0,1.02816,0,0,1.6573,0.629139,1.028160,1,0,41.3001,0,0,0,41.3001,0
72.0123,1.87288,0,0,2.10708,0.109493,0.36288,3.6288,61.308,0.221691,0,0,0.610898,0.215,0.174207,0.66528,12.849,1,0.333073,0.36288,0,39.2431,4.78894,34.484,0.84672,12.849,0.84672,3695.15,0,18.483,0.42336,0.388187,1.45811,3.37835,1.09349,3.70779,0.42336,18.483,0.42336,0,0,442.007,0,1.02816,0,0,1.41635,0.388187,1.028160,1,0,38.366,0,0,0,38.366,0
71.6243,1.87235,0,0,1.93751,0.0902957,0.36288,3.6288,61.308,0.221917,0,0,0.578912,0.258876,0.098119,0.66528,12.849,1,0.334079,0.36288,0,35.1358,5.35355,29.811,0.84672,12.849,0.84672,3695.15,0,18.483,0.42336,0.389128,1.45837,3.21667,1.29958,3.34123,0.42336,18.483,0.42336,0,0,442.007,0,1.02816,0,0,1.41729,0.389128,1.028160,1,0,33.2504,0,0,0,33.2504,0
71.0917,1.92326,0,0,1.82955,0.0759575,0.36288,3.6288,61.3006,0.252694,0,0,0.541168,0.295875,0,0.66528,12.849,1,0.345023,0.36288,0,31.54,5.82136,25.7365,0.84672,12.849,0.84672,3695.15,0,18.483,0.42336,0.343881,1.45863,3.09956,1.45717,3.02154,0.42336,18.483,0.42336,0,0,442.007,0,1.02816,0,0,1.37204,0.343881,1.028160,1,0,28.758,0,0,0,28.758,0
70.79,1.92149,0,0,2.05904,0.0764596,0.36288,3.6288,61.308,0.252925,0,0,0.692036,0.320412,0.111298,0.66528,12.849,1,0.347286,0.36288,0,40.4044,6.08759,34.3324,0.84672,12.849,0.84672,3695.15,0,18.483,0.42336,0.571139,1.494,3.4114,1.47529,3.5779,0.42336,18.483,0.42336,0,0,442.007,0,1.02816,0,0,1.5993,0.571139,1.028160,1,0,38.0216,0,0,0,38.0216,0
70.3474,1.92064,0,0,1.91722,0.0762829,0.36288,3.6288,61.308,0.253155,0,0,0.600399,0.320427,0.0268161,0.66528,12.849,1,0.348614,0.36288,0,34.2115,6.08759,28.1381,0.84672,12.849,0.84672,3695.15,0,18.483,0.42336,0.700609,1.49427,3.44287,1.47529,3.7391,0.42336,18.483,0.42336,0,0,442.007,0,1.02816,0,0,1.72877,0.700609,1.028160,1,0,31.9041,0,0,0,31.9041,0
69.7618,1.9192,0,0,1.77258,0.0760238,0.36288,3.6288,61.291,0.253386,0,0,0.556777,0.320427,0,0.66528,12.849,1,0.350543,0.36288,0,32.8059,6.08759,26.7307,0.84672,12.849,0.84672,3695.15,0,18.483,0.42336,0.490234,1.49454,2.99354,1.47529,3.07967,0.42336,18.483,0.42336,0,0,442.007,0,1.02816,0,0,1.51839,0.490234,1.028160,1,0,29.8103,0,0,0,29.8103,0
69.071,2.06904,0,0,1.81197,0.0708741,0.36288,3.6288,61.2223,0.363973,0,0,0.618322,0.322982,0,0.66528,12.849,1,0.381083,0.36288,0,31.2016,6.16236,25.0211,0.84672,12.849,0.84672,3695.15,0,18.483,0.42336,0.695105,1.49481,3.70278,1.49023,3.97911,0.42336,18.483,0.42336,0,0,442.007,0,1.02816,0,0,1.72327,0.695105,1.028160,1,0,29.0002,0,0,0,29.0002,0
68.7732,2.06626,0,0,2.19803,0.0667155,0.36288,3.6288,61.2958,0.364224,0,0,0.755357,0.317663,0,0.66528,12.849,1,0.384378,0.36288,0,37.3838,6.32787,31.0344,0.84672,12.849,0.84672,3695.15,0,18.483,0.42336,0.764182,1.61405,3.96812,1.52918,4.39381,0.42336,18.483,0.42336,0,0,442.007,0,1.02816,0,0,1.79234,0.764182,1.028160,1,0,35.4283,0,0,0,35.4283,0
68.0138,2.06529,0,0,1.73539,0.0666407,0.36288,3.6288,61.1828,0.364475,0,0,0.574405,0.32292,0,0.66528,12.849,1,0.385862,0.36288,0,44.0272,6.37728,37.6269,0.84672,12.849,0.84672,3695.15,0,18.483,0.42336,0.305113,1.61434,2.87729,1.53539,2.838,0.42336,18.483,0.42336,0,0,442.007,0,1.02816,0,0,1.33327,0.305113,1.028160,1,0,40.4649,0,0,0,40.4649,0
67.5778,2.06211,0,0,2.05526,0.0662462,0.36288,3.6288,61.308,0.364726,0,0,0.876795,0.322689,0.0641906,0.66528,12.849,1,0.389568,0.36288,0,37.7895,6.37728,31.3856,0.84672,12.849,0.84672,3695.15,0,18.483,0.42336,0.977495,1.61463,3.89097,1.53539,4.52436,0.42336,18.483,0.42336,0,0,442.007,0,1.02816,0,0,2.00566,0.977495,1.028160,1,0,35.9741,0,0,0,35.9741,0
66.802,2.06043,0,0,1.71717,0.0696892,0.36288,3.6288,61.2842,0.364977,0,0,0.64346,0.302261,0,0.66528,12.849,1,0.391763,0.36288,0,34.4852,5.82274,28.6335,0.84672,12.849,0.84672,3695.15,0,18.483,0.42336,0.55423,1.61493,4.0312,1.31952,4.45747,0.42336,18.483,0.42336,0,0,442.007,0,1.02816,0,0,1.58239,0.55423,1.028160,1,0,33.091,0,0,0,33.091,0
66.6153,1.98345,0,0,2.26124,0.101567,0.36288,3.6288,61.308,0.298186,0,0,1.17442,0.257907,0.594545,0.66528,12.849,1,0.381507,0.36288,0,37.8505,4.72606,33.1058,0.84672,12.849,0.84672,3695.15,0,18.483,0.42336,1.84706,1.61522,8.45637,1.07017,10.4251,0.42336,18.483,0.42336,0,0,442.007,0,1.02816,0,0,2.87522,1.84706,1.028160,1,0,44.1254,0,0,0,44.1254,0
66.0312,1.98298,0,0,1.89975,0.13795,0.36288,3.6288,61.308,0.298425,0,0,1.00431,0.235631,0.470257,0.66528,12.849,1,0.382484,0.36288,0,45.1816,4.24967,40.9123,0.84672,12.849,0.84672,3695.15,0,18.483,0.42336,1.86125,1.54727,7.91726,1.12145,9.78097,0.42336,18.483,0.42336,0,0,442.007,0,1.02816,0,0,2.88941,1.86125,1.028160,1,0,51.1635,0,0,0,51.1635,0
65.2205,1.98057,0,0,1.66997,0.137311,0.36288,3.6288,61.308,0.298665,0,0,0.859792,0.235631,0.325496,0.66528,12.849,1,0.385398,0.36288,0,41.4729,4.24967,37.2007,0.84672,12.849,0.84672,3695.15,0,18.483,0.42336,1.28803,1.54755,6.6242,1.12145,7.91497,0.42336,18.483,0.42336,0,0,442.007,0,1.02816,0,0,2.31619,1.28803,1.028160,1,0,45.4411,0,0,0,45.4411,0
64.5166,1.97698,0,0,1.78977,0.153719,0.36288,3.6288,61.308,0.298904,0,0,1.40688,0.2325,0.875473,0.66528,12.849,1,0.389483,0.36288,0,72.8307,4.08209,68.722,0.84672,12.849,0.84672,3695.15,0,18.483,0.42336,3.26804,1.54782,9.15892,1.07993,12.4715,0.42336,18.483,0.42336,0,0,442.007,0,1.02816,0,0,4.2962,3.26804,1.028160,1,0,82.069,0,0,0,82.069,0
66.4498,1.91375,0,0,4.40559,0.195845,0.36288,3.6288,61.308,0.238074,0,0,1.73585,0.224673,1.2731,0.66528,12.849,1,0.381139,0.36288,0,127.791,3.66313,124.109,0.84672,12.849,0.84672,3695.15,0,18.483,0.42336,3.23371,1.5481,13.9535,0.976142,17.3358,0.42336,18.483,0.42336,0,0,442.007,0,1.02816,0,0,4.26187,3.23371,1.028160,1,0,142.718,0,0,0,142.718,0
68.2738,1.92345,0,0,4.28832,0.17796,0.36288,3.6288,61.308,0.238302,0,0,1.55169,0.300947,1.01244,0.66528,12.849,1,0.371927,0.36288,0,111.294,4.73928,106.545,0.84672,12.849,0.84672,3695.15,0,18.483,0.42336,1.71601,1.48769,10.5737,1.25494,12.0991,0.42336,18.483,0.42336,0,0,442.007,0,1.02816,0,0,2.74417,1.71601,1.028160,1,0,119.657,0,0,0,119.657,0
69.6409,1.93223,0,0,3.93084,0.268606,0.36288,3.6288,61.308,0.238531,0,0,1.81588,0.200485,1.37686,0.66528,12.849,1,0.363642,0.36288,0,87.4377,3.6456,83.7913,0.84672,12.849,0.84672,3695.15,0,18.483,0.42336,2.33156,1.48796,10.9577,0.914602,13.4392,0.42336,18.483,0.42336,0,0,442.007,0,1.02816,0,0,3.35972,2.33156,1.028160,1,0,98.6074,0,0,0,98.6074,0
71.1595,1.93867,0,0,4.09167,0.27148,0.36288,3.6288,61.308,0.238759,0,0,1.40379,0.200485,0.964548,0.66528,12.849,1,0.357692,0.36288,0,86.3387,3.6456,82.6982,0.84672,12.849,0.84672,3695.15,0,18.483,0.42336,4.60921,1.48823,12.9388,0.914602,17.6983,0.42336,18.483,0.42336,0,0,442.007,0,1.02816,0,0,5.63737,4.60921,1.028160,1,0,101.361,0,0,0,101.361,0
72.29,1.77202,0,0,5.11263,0.274672,1.93548,3.6288,61.308,0.111707,0,0,1.67969,0.200485,1.36749,0.66528,12.849,1,0.319967,1.93548,0,121.653,3.6456,119.623,0.84672,12.849,0.84672,3695.15,0,18.483,0.42336,2.299,1.4885,19.0637,0.914602,21.5133,0.42336,18.483,0.42336,0,0,442.007,0,1.02816,0,0,3.32716,2.299,1.028160,1,0,142.504,0,0,0,142.504,0
72.29,1.77665,0,0,5.36484,0.284982,3.30321,3.6288,61.308,0.111913,0,0,2.45243,0.203309,2.13721,0.66528,12.849,1,0.315787,3.30321,0,111.054,4.25333,109.788,0.84672,12.849,0.84672,3695.15,0,18.483,0.42336,2.46237,1.35204,13.8028,1.155,16.0389,0.42336,18.483,0.42336,0,0,442.007,0,1.02816,0,0,3.49053,2.46237,1.028160,1,0,127.964,0,0,0,127.964,0
72.29,1.77704,0,0,4.84921,0.288156,2.78401,3.6288,61.308,0.112118,0,0,4.1025,0.204438,3.78594,0.66528,12.849,1,0.315855,2.78401,0,84.2727,4.49642,82.2445,0.84672,12.849,0.84672,3695.15,0,18.483,0.42336,4.71164,1.35228,18.6049,1.25116,22.9943,0.42336,18.483,0.42336,0,0,442.007,0,1.02816,0,0,5.7398,4.71164,1.028160,1,0,109.025,0,0,0,109.025,0
72.29,1.77743,0,0,8.88046,0.288156,6.81488,3.6288,61.308,0.112324,0,0,3.08712,0.204438,2.77036,0.66528,12.849,1,0.315924,6.81488,0,230.724,4.49642,232.727,0.84672,12.849,0.84672,3695.15,0,18.483,0.42336,5.23496,1.35253,20.0594,1.25116,24.9724,0.42336,18.483,0.42336,0,0,442.007,0,1.02816,0,0,6.26312,5.23496,1.028160,1,0,260.47,0,0,0,260.47,0
72.29,1.77781,0,0,9.54806,0.288156,7.4821,3.6288,61.308,0.11253,0,0,4.36274,0.204438,4.04577,0.66528,12.849,1,0.315992,7.4821,0,238.543,4.49642,241.213,0.84672,12.849,0.84672,3695.15,0,18.483,0.42336,5.22349,1.35277,21.8579,1.25116,26.7596,0.42336,18.483,0.42336,0,0,442.007,0,1.02816,0,0,6.25165,5.22349,1.028160,1,0,272.019,0,0,0,272.019,0
72.29,1.84516,0,0,4.80528,0.295512,2.66461,3.6288,61.308,0.149622,0,0,2.02434,0.147602,1.72711,0.66528,12.849,1,0.327963,2.66461,0,150.822,3.60893,149.55,0.84672,12.849,0.84672,3695.15,0,18.483,0.42336,2.67238,1.35301,14.3456,1.00407,16.9436,0.42336,18.483,0.42336,0,0,442.007,0,1.02816,0,0,3.70054,2.67238,1.028160,1,0,168.221,0,0,0,168.221,0
72.29,1.84554,0,0,3.07442,0.287013,0.941868,3.6288,61.308,0.149827,0,0,0.924955,0.111421,0.663708,0.66528,12.849,1,0.328031,0.941868,0,67.2686,2.5452,65.3373,0.84672,12.849,0.84672,3695.15,0,18.483,0.42336,0.981409,1.39654,10.9773,0.699523,12.2324,0.42336,18.483,0.42336,0,0,442.007,0,1.02816,0,0,2.00957,0.981409,1.028160,1,0,78.2333,0,0,0,78.2333,0
72.29,1.84592,0,0,5.27897,0.287013,3.14603,3.6288,61.308,0.150032,0,0,2.27019,0.111421,2.00874,0.66528,12.849,1,0.328099,3.14603,0,140.497,2.5452,140.769,0.84672,12.849,0.84672,3695.15,0,18.483,0.42336,3.33015,1.39678,20.5602,0.699523,24.1642,0.42336,18.483,0.42336,0,0,442.007,0,1.02816,0,0,4.35831,3.33015,1.028160,1,0,166.942,0,0,0,166.942,0
72.29,1.84631,0,0,6.0789,0.326953,3.90564,3.6288,61.308,0.150236,0,0,2.06741,0.130668,1.7865,0.66528,12.849,1,0.328167,3.90564,0,165.621,2.91102,166.287,0.84672,12.849,0.84672,3695.15,0,18.483,0.42336,4.33769,1.39702,20.2317,0.793392,24.7496,0.42336,18.483,0.42336,0,0,442.007,0,1.02816,0,0,5.36585,4.33769,1.028160,1,0,192.824,0,0,0,192.824,0
72.29,2.06187,0,0,6.23411,0.356908,3.81533,3.6288,61.308,0.28902,0,0,2.22086,0.145104,1.78674,0.66528,12.849,1,0.366483,3.81533,0,255.524,3.18538,255.787,0.84672,12.849,0.84672,3695.15,0,18.483,0.42336,5.1497,1.39726,21.3228,0.863794,26.5826,0.42336,18.483,0.42336,0,0,442.007,0,1.02816,0,0,6.17786,5.1497,1.028160,1,0,284.157,0,0,0,284.157,0
72.29,2.0623,0,0,9.79877,0.355138,7.38134,3.6288,61.308,0.289248,0,0,2.52228,0.118381,2.11465,0.66528,12.849,1,0.366557,7.38134,0,277.568,3.78083,280.802,0.84672,12.849,0.84672,3695.15,0,18.483,0.42336,6.45042,1.55206,24.817,0.869686,31.5265,0.42336,18.483,0.42336,0,0,442.007,0,1.02816,0,0,7.47858,6.45042,1.028160,1,0,314.443,0,0,0,314.443,0
72.29,2.06272,0,0,5.40832,0.354843,2.99076,3.6288,61.308,0.289477,0,0,1.66599,0.113927,1.26259,0.66528,12.849,1,0.366632,2.99076,0,154.663,3.88007,153.407,0.84672,12.849,0.84672,3695.15,0,18.483,0.42336,2.86795,1.55233,13.3641,0.870668,16.4904,0.42336,18.483,0.42336,0,0,442.007,0,1.02816,0,0,3.89611,2.86795,1.028160,1,0,171.16,0,0,0,171.16,0
72.29,2.06314,0,0,4.2546,0.354843,1.83662,3.6288,61.308,0.289706,0,0,1.38713,0.113927,0.983492,0.66528,12.849,1,0.366707,1.83662,0,111.53,3.88007,109.12,0.84672,12.849,0.84672,3695.15,0,18.483,0.42336,2.41447,1.5526,10.7889,0.870668,13.462,0.42336,18.483,0.42336,0,0,442.007,0,1.02816,0,0,3.44263,2.41447,1.028160,1,0,123.566,0,0,0,123.566,0
72.29,1.75642,0,0,3.91855,0.354482,1.80764,3.6288,61.308,0.103832,0,0,1.4477,0.0909362,1.25293,0.66528,12.849,1,0.312191,1.80764,0,102.617,3.45249,100.66,0.84672,12.849,0.84672,3695.15,0,18.483,0.42336,2.91308,1.55287,11.0032,0.738966,14.3068,0.42336,18.483,0.42336,0,0,442.007,0,1.02816,0,0,3.94124,2.91308,1.028160,1,0,116.22,0,0,0,116.22,0
72.29,1.75679,0,0,5.11615,0.337771,3.02159,3.6288,61.308,0.104029,0,0,2.68151,0.119792,2.45769,0.66528,12.849,1,0.312257,3.02159,0,115.408,3.75199,114.365,0.84672,12.849,0.84672,3695.15,0,18.483,0.42336,3.30947,1.34157,17.6956,0.91277,21.0105,0.42336,18.483,0.42336,0,0,442.007,0,1.02816,0,0,4.33763,3.30947,1.028160,1,0,137.833,0,0,0,137.833,0
72.29,1.75716,0,0,4.33789,0.339755,2.24098,3.6288,61.308,0.104226,0,0,2.60721,0.122058,2.38092,0.66528,12.849,1,0.312322,2.24098,0,103.486,3.7884,101.626,0.84672,12.849,0.84672,3695.15,0,18.483,0.42336,2.72789,1.34181,14.3652,0.946962,17.0646,0.42336,18.483,0.42336,0,0,442.007,0,1.02816,0,0,3.75605,2.72789,1.028160,1,0,121.071,0,0,0,121.071,0
72.29,1.75753,0,0,5.87041,0.339755,3.77313,3.6288,61.308,0.104423,0,0,3.63282,0.122058,3.40634,0.66528,12.849,1,0.312387,3.77313,0,162.513,3.7884,162.186,0.84672,12.849,0.84672,3695.15,0,18.483,0.42336,4.51623,1.34204,18.053,0.946962,22.541,0.42336,18.483,0.42336,0,0,442.007,0,1.02816,0,0,5.54439,4.51623,1.028160,1,0,188.133,0,0,0,188.133,0
72.29,1.7579,0,0,7.32784,0.335658,5.23429,3.6288,61.308,0.10462,0,0,3.9839,0.0876951,3.79158,0.66528,12.849,1,0.312453,5.23429,0,212.916,3.25047,214.587,0.84672,12.849,0.84672,3695.15,0,18.483,0.42336,5.4956,1.34227,23.9937,0.854832,29.5534,0.42336,18.483,0.42336,0,0,442.007,0,1.02816,0,0,6.52376,5.4956,1.028160,1,0,247.932,0,0,0,247.932,0
72.29,1.83564,0,0,5.71101,0.306244,3.56912,3.6288,61.308,0.150384,0,0,2.92552,0.138722,2.63642,0.66528,12.849,1,0.326271,3.56912,0,188.592,3.91533,187.92,0.84672,12.849,0.84672,3695.15,0,18.483,0.42336,4.30093,1.34251,14.9361,1.02951,19.1266,0.42336,18.483,0.42336,0,0,442.007,0,1.02816,0,0,5.32909,4.30093,1.028160,1,0,209.683,0,0,0,209.683,0
72.29,1.83602,0,0,3.97595,0.267936,1.87199,3.6288,61.308,0.150589,0,0,2.44646,0.214395,2.08148,0.66528,12.849,1,0.326339,1.87199,0,113.181,4.92135,109.806,0.84672,12.849,0.84672,3695.15,0,18.483,0.42336,2.83962,1.39502,12.003,1.28289,14.5314,0.42336,18.483,0.42336,0,0,442.007,0,1.02816,0,0,3.86778,2.83962,1.028160,1,0,126.419,0,0,0,126.419,0
72.29,1.83641,0,0,4.04235,0.25008,1.95587,3.6288,61.308,0.150794,0,0,2.53289,0.22391,2.15818,0.66528,12.849,1,0.326407,1.95587,0,103.494,5.03769,100.086,0.84672,12.849,0.84672,3695.15,0,18.483,0.42336,2.65566,1.39527,10.653,1.30579,12.9748,0.42336,18.483,0.42336,0,0,442.007,0,1.02816,0,0,3.68382,2.65566,1.028160,1,0,115.219,0,0,0,115.219,0
72.29,1.83679,0,0,3.86268,0.233725,1.79217,3.6288,61.308,0.150999,0,0,2.56257,0.246548,2.16503,0.66528,12.849,1,0.326475,1.79217,0,95.618,5.2773,91.8064,0.84672,12.849,0.84672,3695.15,0,18.483,0.42336,2.62727,1.39551,10.7959,1.41852,12.9768,0.42336,18.483,0.42336,0,0,442.007,0,1.02816,0,0,3.65543,2.62727,1.028160,1,0,106.948,0,0,0,106.948,0
72.29,1.80689,0,0,3.48299,0.20162,1.47448,3.6288,61.308,0.133494,0,0,1.99443,0.270354,1.59058,0.66528,12.849,1,0.321162,1.47448,0,79.5217,5.47296,75.2021,0.84672,12.849,0.84672,3695.15,0,18.483,0.42336,2.13286,1.39575,9.00452,1.50907,10.6007,0.42336,18.483,0.42336,0,0,442.007,0,1.02816,0,0,3.16102,2.13286,1.028160,1,0,87.3933,0,0,0,87.3933,0
72.29,1.80727,0,0,3.0134,0.173454,1.03267,3.6288,61.308,0.133696,0,0,0.964276,0.240564,0.590016,0.66528,12.849,1,0.321229,1.03267,0,66.8088,3.7675,63.7527,0.84672,12.849,0.84672,3695.15,0,18.483,0.42336,1.38778,1.37563,6.83942,1.21453,7.96494,0.42336,18.483,0.42336,0,0,442.007,0,1.02816,0,0,2.41594,1.38778,1.028160,1,0,72.3077,0,0,0,72.3077,0
72.29,1.80765,0,0,2.6777,0.173454,0.696599,3.6288,61.308,0.133898,0,0,1.04585,0.240564,0.671384,0.66528,12.849,1,0.321296,0.696599,0,62.054,3.7675,58.6618,0.84672,12.849,0.84672,3695.15,0,18.483,0.42336,1.54928,1.37587,7.01706,1.21453,8.30432,0.42336,18.483,0.42336,0,0,442.007,0,1.02816,0,0,2.57744,1.54928,1.028160,1,0,67.6375,0,0,0,67.6375,0
72.29,1.80802,0,0,2.79669,0.173454,0.815212,3.6288,61.308,0.1341,0,0,0.895864,0.240564,0.5212,0.66528,12.849,1,0.321363,0.815212,0,61.5426,3.7675,58.269,0.84672,12.849,0.84672,3695.15,0,18.483,0.42336,1.11186,1.37611,8.23366,1.21453,9.08374,0.42336,18.483,0.42336,0,0,442.007,0,1.02816,0,0,2.14002,1.11186,1.028160,1,0,67.8739,0,0,0,67.8739,0
72.29,1.91124,0,0,2.73302,0.136961,0.684822,3.6288,61.308,0.197151,0,0,0.873608,0.258367,0.41809,0.66528,12.849,1,0.339708,0.684822,0,61.1878,5.17105,56.3618,0.84672,12.849,0.84672,3695.15,0,18.483,0.42336,1.20755,1.37635,7.43861,1.26987,8.32928,0.42336,18.483,0.42336,0,0,442.007,0,1.02816,0,0,2.23571,1.20755,1.028160,1,0,65.1092,0,0,0,65.1092,0
72.1421,1.91163,0,0,2.25218,0.125613,0.36288,3.6288,61.308,0.197364,0,0,0.898577,0.199924,0.501289,0.66528,12.849,1,0.339778,0.36288,0,50.5861,3.97938,46.6298,0.84672,12.849,0.84672,3695.15,0,18.483,0.42336,1.20922,1.44784,6.80262,1.05461,7.98171,0.42336,18.483,0.42336,0,0,442.007,0,1.02816,0,0,2.23738,1.20922,1.028160,1,0,55.1128,0,0,0,55.1128,0
71.895,1.91144,0,0,2.15059,0.123368,0.36288,3.6288,61.308,0.197577,0,0,0.726641,0.17536,0.353704,0.66528,12.849,1,0.34044,0.36288,0,51.0814,3.40914,47.6947,0.84672,12.849,0.84672,3695.15,0,18.483,0.42336,0.878904,1.44809,6.36647,0.964813,7.30529,0.42336,18.483,0.42336,0,0,442.007,0,1.02816,0,0,1.90706,0.878904,1.028160,1,0,55.3537,0,0,0,55.3537,0
71.505,1.91084,0,0,2.00687,0.123136,0.36288,3.6288,61.308,0.19779,0,0,0.698354,0.17536,0.325203,0.66528,12.849,1,0.341503,0.36288,0,45.9372,3.40914,42.5494,0.84672,12.849,0.84672,3695.15,0,18.483,0.42336,0.619289,1.44834,5.53407,0.964813,6.21353,0.42336,18.483,0.42336,0,0,442.007,0,1.02816,0,0,1.64745,0.619289,1.028160,1,0,49.0881,0,0,0,49.0881,0
71.0716,1.90965,0,0,1.88872,0.0495381,0.36288,3.6288,61.308,0.198003,0,0,0.658377,0.280327,0.180046,0.66528,12.849,1,0.343153,0.36288,0,44.4029,4.83525,39.5873,0.84672,12.849,0.84672,3695.15,0,18.483,0.42336,0.476237,1.4486,4.98382,1.34669,5.1386,0.42336,18.483,0.42336,0,0,442.007,0,1.02816,0,0,1.5044,0.476237,1.028160,1,0,44.906,0,0,0,44.906,0
70.3335,1.88797,0,0,1.57229,0.0595821,0.36288,3.6288,61.308,0.304812,0,0,0.584797,0.27637,0.00361451,0.66528,12.849,1,0.341326,0.36288,0,36.4165,4.91036,31.5277,0.84672,12.849,0.84672,3695.15,0,18.483,0.42336,0.30119,1.44885,4.18929,1.30094,4.21502,0.42336,18.483,0.42336,0,0,442.007,0,0.956137,0,0,1.25733,0.30119,1.028160,1,0,35.7463,0,0,0,35.7463,0
69.2412,1.88534,0,0,1.22867,0.0727788,0.36288,3.6288,61.0696,0.502153,0,0,0.534862,0.271093,0,0.66528,12.849,1,0.344426,0.36288,0,28.4439,5.01049,23.4519,0.84672,12.849,0.84672,3695.15,0,18.483,0.42336,0.30119,1.47132,3.6125,1.23994,3.72171,0.42336,18.483,0.42336,0,0,442.007,0,0.759015,0,0,1.06021,0.30119,1.028160,1,0,27.1736,0,0,0,27.1736,0
68.1482,1.88114,0,0,1.22319,0.0721665,0.36288,3.6288,60.8758,0.437694,0,0,0.514594,0.270685,0,0.66528,12.849,1,0.349081,0.36288,0,26.839,5.01049,21.8423,0.84672,12.849,0.84672,3695.15,0,18.483,0.42336,0.261274,1.47157,3.82513,1.23994,3.89468,0.42336,18.483,0.42336,0,0,442.007,0,0.823694,0,0,1.08497,0.261274,1.028160,1,0,25.7369,0,0,0,25.7369,0
67.0146,1.87682,0,0,1.16382,0.0576526,0.36288,3.6288,60.6319,0.452705,0,0,0.502349,0.293606,0,0.66528,12.849,1,0.353865,0.36288,0,25.2974,5.33625,19.9702,0.84672,12.849,0.84672,3695.15,0,18.483,0.42336,0.261274,1.47183,3.71839,1.35019,3.67795,0.42336,18.483,0.42336,0,0,442.007,0,0.808903,0,0,1.07018,0.261274,1.028160,1,0,23.6481,0,0,0,23.6481,0
65.6955,1.92417,0,0,1.00708,0.0391655,0.36288,3.6288,60.228,0.557725,0,0,0.472661,0.318772,0,0.66528,12.849,1,0.368929,0.36288,0,23.6009,6.04179,17.553,0.84672,12.849,0.84672,3695.15,0,18.483,0.42336,0.261274,1.47209,3.71371,1.59778,3.42594,0.42336,18.483,0.42336,0,0,442.007,0,0.734936,0,0,0.996209,0.261274,1.028160,1,0,20.9789,0,0,0,20.9789,0
64.4173,1.91837,0,0,1.04575,0.0426784,0.36288,3.6288,59.627,0.737377,0,0,0.486532,0.350231,0,0.66528,12.849,1,0.375202,0.36288,0,27.9123,5.51229,22.3877,0.84672,12.849,0.84672,3695.15,0,18.483,0.42336,0.261274,1.50777,3.21815,1.53805,3.02579,0.42336,18.483,0.42336,0,0,442.007,0,0.555509,0,0,0.816782,0.261274,1.028160,1,0,25.4135,0,0,0,25.4135,0
63.0515,1.91255,0,0,0.951877,0.0422427,0.36288,3.6288,58.9594,0.719976,0,0,0.40129,0.348891,0,0.66528,12.849,1,0.381488,0.36288,0,22.4819,5.51229,16.951,0.84672,12.849,0.84672,3695.15,0,18.483,0.42336,0.261274,1.50804,2.9904,1.53805,2.7983,0.42336,18.483,0.42336,0,0,442.007,0,0.573134,0,0,0.834408,0.261274,1.028160,1,0,19.7493,0,0,0,19.7493,0
61.6065,1.90608,0,0,0.865728,0.0417771,0.36288,3.6288,58.1693,0.816373,0,0,0.373717,0.347402,0,0.66528,12.849,1,0.388433,0.36288,0,20.9582,5.51229,15.4204,0.84672,12.849,0.84672,3695.15,0,18.483,0.42336,0.227405,1.5083,2.66503,1.53805,2.43932,0.42336,18.483,0.42336,0,0,442.007,0,0.476963,0,0,0.704367,0.227405,1.028160,1,0,17.8597,0,0,0,17.8597,0
60.1028,2.04915,0,0,0.942762,0.0344228,0.36288,3.6288,57.5219,0.744696,0,0,0.441123,0.343877,0,0.66528,12.849,1,0.427383,0.36288,0,21.0573,5.62042,15.3724,0.84672,12.849,0.84672,3695.15,0,18.483,0.42336,0.227405,1.50856,3.76816,1.56396,3.51681,0.42336,18.483,0.42336,0,0,442.007,0,0.660234,0,0,0.887639,0.227405,1.028160,1,0,18.8892,0,0,0,18.8892,0
58.4984,2.04076,0,0,0.839195,0.039936,0.36288,3.6288,56.7129,0.857874,0,0,0.389117,0.34026,0,0.66528,12.849,1,0.436281,0.36288,0,18.545,5.64593,12.8257,0.84672,12.849,0.84672,3695.15,0,18.483,0.42336,0.227405,1.62889,2.98827,1.54531,2.87589,0.42336,18.483,0.42336,0,0,442.007,0,0.547301,0,0,0.774706,0.227405,1.028160,1,0,15.7015,0,0,0,15.7015,0
56.7553,2.03136,0,0,0.701508,0.0503884,0.36288,3.6288,55.7347,0.967985,0,0,0.328384,0.338598,0,0.66528,12.849,1,0.446182,0.36288,0,17.0178,5.55691,11.3776,0.84672,12.849,0.84672,3695.15,0,18.483,0.42336,0.227405,1.62917,1.9578,1.50542,1.8856,0.42336,18.483,0.42336,0,0,442.007,0,0.437435,0,0,0.664839,0.227405,1.028160,1,0,13.2632,0,0,0,13.2632,0
55.0693,2.0206,0,0,0.747032,0.0495362,0.36288,3.6288,55.0115,0.79066,0,0,0.403927,0.336442,0,0.66528,12.849,1,0.45745,0.36288,0,21.6558,5.55691,16.0043,0.84672,12.849,0.84672,3695.15,0,18.483,0.42336,0.204422,1.62946,2.18678,1.50542,2.09189,0.42336,18.483,0.42336,0,0,442.007,0,0.615004,0,0,0.819426,0.204422,1.028160,1,0,18.0962,0,0,0,18.0962,0
53.2627,2.00965,0,0,0.614579,0.0487119,0.36288,3.6288,53.9205,1.05029,0,0,0.294173,0.334847,0,0.66528,12.849,1,0.468901,0.36288,0,19.84,5.55691,14.1771,0.84672,12.849,0.84672,3695.15,0,18.483,0.42336,0.204422,1.62974,1.79107,1.50542,1.69646,0.42336,18.483,0.42336,0,0,442.007,0,0.355614,0,0,0.560036,0.204422,1.028160,1,0,15.8736,0,0,0,15.8736,0
51.7971,1.9259,0,0,0.885038,0.0618265,0.36288,3.6288,53.7187,0.418441,0,0,0.528877,0.312208,0,0.66528,12.849,1,0.464602,0.36288,0,22.6625,5.42435,17.1364,0.84672,12.849,0.84672,3695.15,0,18.483,0.42336,0.204422,1.63002,3.03806,1.44308,3.00606,0.42336,18.483,0.42336,0,0,442.007,0,0.920056,0,0,1.12448,0.204422,1.028160,1,0,20.1425,0,0,0,20.1425,0
50.5987,1.91576,0,0,1.17559,0.0953708,0.36288,3.6288,53.2165,0.682125,0,0,0.44115,0.261236,0,0.66528,12.849,1,0.475232,0.36288,0,28.4752,5.09292,23.2699,0.84672,12.849,0.84672,3695.15,0,18.483,0.42336,0.204422,1.56144,3.16498,1.28724,3.22024,0.42336,18.483,0.42336,0,0,442.007,0,0.656605,0,0,0.861028,0.204422,1.028160,1,0,26.4902,0,0,0,26.4902,0
49.2118,1.90718,0,0,0.977348,0.0941847,0.36288,3.6288,53.2686,0.310803,0,0,0.623081,0.260192,0,0.66528,12.849,1,0.484307,0.36288,0,26.304,5.09292,21.0897,0.84672,12.849,0.84672,3695.15,0,18.483,0.42336,0.489335,1.56171,3.58851,1.28724,3.92896,0.42336,18.483,0.42336,0,0,442.007,0,1.02816,0,0,1.5175,0.489335,1.028160,1,0,25.0187,0,0,0,25.0187,0
47.688,1.89674,0,0,0.828706,0.0928093,0.36288,3.6288,52.5929,0.75368,0,0,0.338279,0.260301,0,0.66528,12.849,1,0.495232,0.36288,0,26.2671,5.09292,21.0418,0.84672,12.849,0.84672,3695.15,0,18.483,0.42336,0.216518,1.56198,2.65426,1.28724,2.72216,0.42336,18.483,0.42336,0,0,442.007,0,0.585516,0,0,0.802034,0.216518,1.028160,1,0,23.764,0,0,0,23.764,0
46.3493,1.82736,0,0,0.974177,0.122672,0.36288,3.6288,52.0343,0.672,0,0,0.343686,0.230291,0,0.66528,12.849,1,0.492362,0.36288,0,26.4587,4.67766,21.6516,0.84672,12.849,0.84672,3695.15,0,18.483,0.42336,0.216518,1.56226,2.77187,1.15745,2.96984,0.42336,18.483,0.42336,0,0,442.007,0,0.605802,0,0,0.822321,0.216518,1.028160,1,0,24.6214,0,0,0,24.6214,0
45.6659,1.8166,0,0,1.60548,0.10943,0.36288,3.6288,52.2974,0.249865,0,0,0.688289,0.175334,0,0.66528,12.849,1,0.5036,0.36288,0,29.6929,4.11294,25.4393,0.84672,12.849,0.84672,3695.15,0,18.483,0.42336,0.269654,1.50128,4.11166,0.870264,4.58897,0.42336,18.483,0.42336,0,0,442.007,0,1.02816,0,0,1.29781,0.269654,1.028160,1,0,30.0282,0,0,0,30.0282,0
45.2328,1.81109,0,0,1.9225,0.181594,0.36288,3.6288,52.2325,0.410229,0,0,0.512685,0.167375,0,0.66528,12.849,1,0.509587,0.36288,0,35.2178,4.30542,30.7656,0.84672,12.849,0.84672,3695.15,0,18.483,0.42336,0.216518,1.50155,3.86582,1.02116,4.13936,0.42336,18.483,0.42336,0,0,442.007,0,0.868018,0,0,1.08454,0.216518,1.028160,1,0,34.905,0,0,0,34.905,0
44.5153,1.80766,0,0,1.63371,0.180714,0.36288,3.6288,52.3903,0.25031,0,0,0.57537,0.167287,0,0.66528,12.849,1,0.513492,0.36288,0,28.7889,4.30542,24.3329,0.84672,12.849,0.84672,3695.15,0,18.483,0.42336,0.301415,1.50181,4.29682,1.02116,4.65552,0.42336,18.483,0.42336,0,0,442.007,0,1.02816,0,0,1.32958,0.301415,1.028160,1,0,28.9884,0,0,0,28.9884,0
47.3639,1.64119,0,0,5.03194,0.179255,0.36288,3.6288,53.942,0.122092,0,0,1.8413,0.1675,0,0.66528,12.849,1,0.473717,0.36288,0,99.7417,4.30542,95.3255,0.84672,12.849,0.84672,3695.15,0,18.483,0.42336,3.22396,1.50207,10.2173,1.02116,13.4988,0.42336,18.483,0.42336,0,0,442.007,0,1.02816,0,0,4.25212,3.22396,1.028160,1,0,108.824,0,0,0,108.824,0
48.9755,1.66395,0,0,3.84007,0.201629,0.36288,3.6288,55.0417,0.122292,0,0,1.37261,0.150562,0,0.66528,12.849,1,0.4514,0.36288,0,70.2268,3.88176,66.2565,0.84672,12.849,0.84672,3695.15,0,18.483,0.42336,1.38137,1.36436,7.39447,0.934514,8.78233,0.42336,18.483,0.42336,0,0,442.007,0,1.02816,0,0,2.40953,1.38137,1.028160,1,0,75.0388,0,0,0,75.0388,0
49.7734,1.67606,0,0,3.05471,0.217857,0.36288,3.6288,55.565,0.122492,0,0,0.783069,0.137304,0,0.66528,12.849,1,0.439725,0.36288,0,57.7835,3.56401,54.1426,0.84672,12.849,0.84672,3695.15,0,18.483,0.42336,1.23653,1.36459,5.8293,0.869527,7.13754,0.42336,18.483,0.42336,0,0,442.007,0,1.02816,0,0,2.26469,1.23653,1.028160,1,0,61.2801,0,0,0,61.2801,0
51.7793,1.68202,0,0,4.27054,0.219727,0.36288,3.6288,56.3418,0.122693,0,0,1.03727,0.137777,0,0.66528,12.849,1,0.434213,0.36288,0,65.6603,3.56401,62.0249,0.84672,12.849,0.84672,3695.15,0,18.483,0.42336,1.83851,1.36483,9.2729,0.869527,11.1834,0.42336,18.483,0.42336,0,0,442.007,0,1.02816,0,0,2.86667,1.83851,1.028160,1,0,73.2083,0,0,0,73.2083,0
52.4255,1.69585,0,0,2.93368,0.228764,0.36288,3.6288,57.0526,0.122893,0,0,0.971015,0.13729,0,0.66528,12.849,1,0.420824,0.36288,0,73.2657,3.61488,69.5929,0.84672,12.849,0.84672,3695.15,0,18.483,0.42336,1.46179,1.36507,5.53218,0.861554,7.07413,0.42336,18.483,0.42336,0,0,442.007,0,1.02816,0,0,2.48995,1.46179,1.028160,1,0,76.667,0,0,0,76.667,0
52.995,1.70001,0,0,2.88436,0.251991,0.36288,3.6288,57.6699,0.122893,0,0,0.896858,0.156711,0,0.66528,12.849,1,0.416658,0.36288,0,63.4043,4.20243,59.1481,0.84672,12.849,0.84672,3695.15,0,18.483,0.42336,1.25388,1.36531,5.80715,0.935069,7.06791,0.42336,18.483,0.42336,0,0,442.007,0,1.02816,0,0,2.28204,1.25388,1.028160,1,0,66.216,0,0,0,66.216,0
57.5653,1.64656,0,0,6.79719,0.217413,0.36288,3.6288,58.591,0.160315,0,0,1.28522,0.20376,0,0.66528,12.849,1,0.399221,0.36288,0,93.8243,4.2105,89.5775,0.84672,12.849,0.84672,3695.15,0,18.483,0,1.93178,1.36531,10.6088,0.99815,12.9077,0.42336,18.483,0.42336,0,0,442.007,0,1.02816,0,0,2.95994,1.93178,1.028160,1,0,102.485,0,0,0,102.485,0
64.7354,1.6969,0,0,9.45752,0.227598,0.36288,3.6288,59.7261,0.160514,0,0,1.50057,0.204975,0,0.66528,12.849,1,0.37876,0.36288,0,127.671,4.2105,123.444,0.84672,12.849,0.84672,3695.15,0,18.483,0,2.69732,1.40921,11.1857,0.99815,14.2941,0.42336,18.483,0.42336,0,0,442.007,0,1.02816,0,0,3.72548,2.69732,1.028160,1,0,137.738,0,0,0,137.738,0
67.6772,1.76613,0,0,5.31312,0.242347,0.36288,3.6288,60.3921,0.160713,0,0,1.03323,0.206471,0,0.66528,12.849,1,0.350549,0.36288,0,66.1992,4.2105,62.001,0.84672,12.849,0.84672,3695.15,0,18.483,0,1.42404,1.40945,8.15037,0.99815,9.98572,0.42336,18.483,0.42336,0,0,442.007,0,1.02816,0,0,2.4522,1.42404,1.028160,1,0,71.9867,0,0,0,71.9867,0
69.325,1.79182,0,0,4.07417,0.271664,0.36288,3.6288,60.9231,0.160912,0,0,0.899675,0.20784,0,0.66528,12.849,1,0.340191,0.36288,0,51.2264,4.14359,47.1055,0.84672,12.849,0.84672,3695.15,0,18.483,0,1.17474,1.40969,7.00704,1.04376,8.5477,0.42336,18.483,0.42336,0,0,442.007,0,1.02816,0,0,2.2029,1.17474,1.028160,1,0,55.6532,0,0,0,55.6532,0
71.2901,1.98183,0,0,4.62112,0.311331,0.36288,3.6288,61.2727,0.300945,0,0,0.870964,0.220347,0,0.66528,12.849,1,0.367321,0.36288,0,62.7131,4.64373,58.0649,0.84672,12.849,0.84672,3695.15,0,18.483,0,1.35578,1.40992,9.62626,1.39379,10.9982,0.42336,18.483,0.42336,0,0,442.007,0,1.02816,0,0,2.38394,1.35578,1.028160,1,0,69.0631,0,0,0,69.0631,0
72.29,1.99932,0,0,4.01644,0.331904,0.685316,3.6288,61.308,0.301167,0,0,0.951091,0.227087,0.387575,0.66528,12.849,1,0.360348,0.685316,0,91.6298,4.49535,87.4594,0.84672,12.849,0.84672,3695.15,0,18.483,0,1.56554,1.56612,9.46123,1.27737,11.3155,0.42336,18.483,0.42336,0,0,442.007,0,1.02816,0,0,2.5937,1.56554,1.028160,1,0,99.1625,0,0,0,99.1625,0
72.29,2.00813,0,0,4.1229,0.344966,1.76981,3.6288,61.308,0.30139,0,0,1.25839,0.220522,0.736478,0.66528,12.849,1,0.35693,1.76981,0,65.2673,4.47332,62.2068,0.84672,12.849,0.84672,3695.15,0,18.483,0,2.04014,1.56638,8.96875,1.25993,11.3153,0.42336,18.483,0.42336,0,0,442.007,0,1.02816,0,0,3.0683,2.04014,1.028160,1,0,74.2586,0,0,0,74.2586,0
72.29,2.00847,0,0,5.83636,0.344966,3.48293,3.6288,61.308,0.301613,0,0,1.45371,0.220522,0.931571,0.66528,12.849,1,0.35699,3.48293,0,64.1319,4.47332,62.7845,0.84672,12.849,0.84672,3695.15,0,18.483,0,2.78109,1.56664,12.3008,1.25993,15.3886,0.42336,18.483,0.42336,0,0,442.007,0,1.02816,0,0,3.80925,2.78109,1.028160,1,0,79.1046,0,0,0,79.1046,0
72.29,1.75418,0,0,4.92341,0.296209,2.87302,3.6288,61.308,0.114052,0,0,1.19649,0.212473,0.869968,0.66528,12.849,1,0.311792,2.87302,0,69.3999,4.16994,67.7912,0.84672,12.849,0.84672,3695.15,0,18.483,0,1.2074,1.5669,12.1216,1.02049,13.8754,0.42336,18.483,0.42336,0,0,442.007,0,1.02816,0,0,2.23556,1.2074,1.028160,1,0,82.5366,0,0,0,82.5366,0
72.29,1.75447,0,0,4.9301,0.276706,2.89892,3.6288,61.308,0.114244,0,0,1.44164,0.209253,1.11815,0.66528,12.849,1,0.311844,2.89892,0,88.471,4.04859,87.0095,0.84672,12.849,0.84672,3695.15,0,18.483,0,1.49887,1.35369,12.7196,0.924709,14.6475,0.42336,18.483,0.42336,0,0,442.007,0,1.02816,0,0,2.52703,1.49887,1.028160,1,0,102.775,0,0,0,102.775,0
72.29,1.75477,0,0,5.67435,0.276706,3.64288,3.6288,61.308,0.114435,0,0,1.50899,0.209253,1.18531,0.66528,12.849,1,0.311896,3.64288,0,68.974,4.04859,68.2564,0.84672,12.849,0.84672,3695.15,0,18.483,0,1.18338,1.35391,11.5384,0.924709,13.151,0.42336,18.483,0.42336,0,0,442.007,0,1.02816,0,0,2.21154,1.18338,1.028160,1,0,82.5926,0,0,0,82.5926,0
72.29,1.75506,0,0,4.86378,0.289576,2.81914,3.6288,61.308,0.114627,0,0,1.43084,0.19391,1.12231,0.66528,12.849,1,0.311948,2.81914,0,70.6139,4.06977,69.0513,0.84672,12.849,0.84672,3695.15,0,18.483,0,1.25052,1.35414,11.9461,0.886749,13.664,0.42336,18.483,0.42336,0,0,442.007,0,1.02816,0,0,2.27868,1.25052,1.028160,1,0,83.8376,0,0,0,83.8376,0
72.29,1.75535,0,0,4.08015,0.301852,2.02295,3.6288,61.308,0.114818,0,0,1.45562,0.192306,1.14849,0.66528,12.849,1,0.312001,2.02295,0,63.5515,4.28945,60.973,0.84672,12.849,0.84672,3695.15,0,18.483,0,1.7983,1.35437,10.4987,0.903885,12.7475,0.42336,18.483,0.42336,0,0,442.007,0,1.02816,0,0,2.82646,1.7983,1.028160,1,0,74.869,0,0,0,74.869,0
72.29,1.81979,0,0,4.43007,0.308411,2.30186,3.6288,61.308,0.160987,0,0,1.48532,0.217062,1.10727,0.66528,12.849,1,0.323455,2.30186,0,59.7057,4.79892,56.8852,0.84672,12.849,0.84672,3695.15,0,18.483,0,1.63217,1.35459,8.99122,1.0179,10.9601,0.42336,18.483,0.42336,0,0,442.007,0,1.02816,0,0,2.66033,1.63217,1.028160,1,0,68.9525,0,0,0,68.9525,0
72.29,1.8201,0,0,3.70591,0.308411,1.5774,3.6288,61.308,0.161186,0,0,1.24877,0.217062,0.870526,0.66528,12.849,1,0.323509,1.5774,0,52.0431,4.79892,48.4981,0.84672,12.849,0.84672,3695.15,0,18.483,0,1.35229,1.40757,8.4691,1.0179,10.2111,0.42336,18.483,0.42336,0,0,442.007,0,1.02816,0,0,2.38045,1.35229,1.028160,1,0,59.5797,0,0,0,59.5797,0
72.29,1.8204,0,0,3.89169,0.231433,1.83985,3.6288,61.308,0.161386,0,0,1.24728,0.193292,0.892601,0.66528,12.849,1,0.323563,1.83985,0,58.4788,3.5343,56.4608,0.84672,12.849,0.84672,3695.15,0,18.483,0,1.2167,1.40781,8.21906,0.87238,9.97119,0.42336,18.483,0.42336,0,0,442.007,0,1.02816,0,0,2.24486,1.2167,1.028160,1,0,67.3246,0,0,0,67.3246,0
72.29,1.82071,0,0,3.11228,0.231433,1.06014,3.6288,61.308,0.161585,0,0,1.0584,0.193292,0.703523,0.66528,12.849,1,0.323617,1.06014,0,47.0739,3.5343,44.2761,0.84672,12.849,0.84672,3695.15,0,18.483,0,1.00438,1.40805,7.34193,0.87238,8.88198,0.42336,18.483,0.42336,0,0,442.007,0,1.02816,0,0,2.03254,1.00438,1.028160,1,0,53.8616,0,0,0,53.8616,0
72.29,1.79592,0,0,2.73093,0.259078,0.675936,3.6288,61.308,0.356338,0,0,0.713206,0.206002,0.150866,0.66528,12.849,1,0.319211,0.675936,0,37.0471,3.93162,33.4722,0.84672,12.849,0.84672,3695.15,0,18.483,0,0.528595,1.40828,4.73483,0.889497,5.78221,0.42336,18.483,0.42336,0,0,442.007,0,0.815737,0,0,1.34433,0.528595,1.028160,1,0,39.4053,0,0,0,39.4053,0
71.979,1.79622,0,0,2.10713,0.259078,0.36288,3.6288,61.1055,0.57301,0,0,0.576546,0.206002,0,0.66528,12.849,1,0.319264,0.36288,0,28.1726,3.93162,24.2846,0.84672,12.849,0.84672,3695.15,0,18.483,0,0.528595,1.38797,4.00144,0.889497,5.02851,0.42336,18.483,0.42336,0,0,442.007,0,0.599262,0,0,1.12786,0.528595,1.028160,1,0,29.3131,0,0,0,29.3131,0
71.4655,1.79417,0,0,1.90202,0.258467,0.36288,3.6288,61.0776,0.400501,0,0,0.578354,0.205738,0,0.66528,12.849,1,0.320279,0.36288,0,25.8535,3.93162,21.9645,0.84672,12.849,0.84672,3695.15,0,18.483,0,0.402797,1.3882,5.09353,0.889497,5.99503,0.42336,18.483,0.42336,0,0,442.007,0,0.771967,0,0,1.17476,0.402797,1.028160,1,0,27.9595,0,0,0,27.9595,0
71.9942,1.79057,0,0,2.93968,0.257457,0.36288,3.6288,61.308,0.216286,0,0,0.70642,0.205702,0.0540811,0.66528,12.849,1,0.321933,0.36288,0,32.5073,3.93162,28.6166,0.84672,12.849,0.84672,3695.15,0,18.483,0,0.402797,1.38844,4.59467,0.889497,5.49641,0.42336,18.483,0.42336,0,0,442.007,0,0.956379,0,0,1.35918,0.402797,1.028160,1,0,34.1671,0,0,0,34.1671,0
71.6335,1.88004,0,0,2.09714,0.214952,0.36288,3.6288,61.2151,0.450637,0,0,0.570846,0.213144,0,0.66528,12.849,1,0.335535,0.36288,0,28.304,4.08972,24.2417,0.84672,12.849,0.84672,3695.15,0,18.483,0,0.402797,1.38867,3.81786,0.893161,4.71616,0.42336,18.483,0.42336,0,0,442.007,0,0.785635,0,0,1.18843,0.402797,1.028160,1,0,28.9578,0,0,0,28.9578,0
71.2701,1.87748,0,0,2.08523,0.208299,0.36288,3.6288,61.0682,0.492161,0,0,0.557461,0.212128,0,0.66528,12.849,1,0.336767,0.36288,0,26.2685,4.01867,22.2759,0.84672,12.849,0.84672,3695.15,0,18.483,0,0.402797,1.46079,3.84408,0.931013,4.77666,0.42336,18.483,0.42336,0,0,442.007,0,0.744319,0,0,1.14712,0.402797,1.028160,1,0,27.0526,0,0,0,27.0526,0
70.8028,1.87489,0,0,1.97825,0.207722,0.36288,3.6288,60.9584,0.439604,0,0,0.541717,0.211931,0,0.66528,12.849,1,0.338017,0.36288,0,24.6723,4.01867,20.6785,0.84672,12.849,0.84672,3695.15,0,18.483,0,0.30119,1.46104,3.5541,0.931013,4.38531,0.42336,18.483,0.42336,0,0,442.007,0,0.797083,0,0,1.09827,0.30119,1.028160,1,0,25.0638,0,0,0,25.0638,0
70.219,1.87143,0,0,1.84766,0.197156,0.36288,3.6288,60.7463,0.50125,0,0,0.509267,0.220184,0,0.66528,12.849,1,0.33962,0.36288,0,22.939,4.21341,18.7489,0.84672,12.849,0.84672,3695.15,0,18.483,0,0.30119,1.46128,3.44679,0.95866,4.2506,0.42336,18.483,0.42336,0,0,442.007,0,0.735644,0,0,1.03683,0.30119,1.028160,1,0,22.9995,0,0,0,22.9995,0
69.5273,1.86698,0,0,1.68051,0.142385,0.36288,3.6288,60.4608,0.508758,0,0,0.482612,0.259281,0,0.66528,12.849,1,0.34163,0.36288,0,21.655,5.0568,16.6194,0.84672,12.849,0.84672,3695.15,0,18.483,0,0.30119,1.46153,3.14439,1.11774,3.78937,0.42336,18.483,0.42336,0,0,442.007,0,0.728343,0,0,1.02953,0.30119,1.028160,1,0,20.4088,0,0,0,20.4088,0
68.5933,1.84491,0,0,1.42734,0.153541,0.36288,3.6288,60.0592,0.621641,0,0,0.451483,0.231509,0,0.66528,12.849,1,0.340949,0.36288,0,20.627,4.2441,16.4048,0.84672,12.849,0.84672,3695.15,0,18.483,0,0.30119,1.46177,2.74178,1.10072,3.40403,0.42336,18.483,0.42336,0,0,442.007,0,0.650549,0,0,0.951739,0.30119,1.028160,1,0,19.8088,0,0,0,19.8088,0
67.5386,1.83745,0,0,1.29808,0.152429,0.36288,3.6288,59.6742,0.594267,0,0,0.440249,0.230918,0,0.66528,12.849,1,0.344194,0.36288,0,20.2232,4.2441,15.9978,0.84672,12.849,0.84672,3695.15,0,18.483,0,0.261274,1.48443,2.62713,1.10072,3.27212,0.42336,18.483,0.42336,0,0,442.007,0,0.678136,0,0,0.93941,0.261274,1.028160,1,0,19.2699,0,0,0,19.2699,0
66.374,1.8288,0,0,1.1782,0.151174,0.36288,3.6288,59.1565,0.700433,0,0,0.413024,0.230351,0,0.66528,12.849,1,0.347923,0.36288,0,18.0205,4.2441,13.7914,0.84672,12.849,0.84672,3695.15,0,18.483,0,0.261274,1.48468,2.5414,1.10072,3.18663,0.42336,18.483,0.42336,0,0,442.007,0,0.572184,0,0,0.833458,0.261274,1.028160,1,0,16.978,0,0,0,16.978,0
65.1919,1.81899,0,0,1.11782,0.117963,0.36288,3.6288,58.5412,0.697389,0,0,0.387424,0.305328,0,0.66528,12.849,1,0.35213,0.36288,0,16.2093,5.23215,10.9879,0.84672,12.849,0.84672,3695.15,0,18.483,0,0.261274,1.48493,2.40851,1.46137,2.69334,0.42336,18.483,0.42336,0,0,442.007,0,0.575441,0,0,0.836715,0.261274,1.028160,1,0,13.6813,0,0,0,13.6813,0
64.0147,1.85099,0,0,1.15139,0.114738,0.36288,3.6288,57.9934,0.71511,0,0,0.477732,0.310353,0,0.66528,12.849,1,0.364822,0.36288,0,16.2334,5.87907,10.3523,0.84672,12.849,0.84672,3695.15,0,18.483,0,0.261274,1.48518,2.54426,1.46245,2.82827,0.42336,18.483,0.42336,0,0,442.007,0,0.589041,0,0,0.850314,0.261274,1.028160,1,0,13.1806,0,0,0,13.1806,0
62.8667,1.84032,0,0,1.16847,0.113306,0.36288,3.6288,57.5262,0.615952,0,0,0.458977,0.310294,0,0.66528,12.849,1,0.369388,0.36288,0,21.3649,5.98689,15.3715,0.84672,12.849,0.84672,3695.15,0,18.483,0,0.261274,1.52118,2.83435,1.46262,3.15418,0.42336,18.483,0.42336,0,0,442.007,0,0.688418,0,0,0.949692,0.261274,1.028160,1,0,18.5257,0,0,0,18.5257,0
61.656,1.82965,0,0,1.0941,0.112253,0.36288,3.6288,57.0437,0.599919,0,0,0.426832,0.309358,0,0.66528,12.849,1,0.373953,0.36288,0,17.1539,5.98689,11.1559,0.84672,12.849,0.84672,3695.15,0,18.483,0,0.227405,1.52143,2.55494,1.46262,2.84115,0.42336,18.483,0.42336,0,0,442.007,0,0.70467,0,0,0.932075,0.227405,1.028160,1,0,13.997,0,0,0,13.997,0
60.36,1.81808,0,0,0.99614,0.111142,0.36288,3.6288,56.397,0.743553,0,0,0.405219,0.308391,0,0.66528,12.849,1,0.378885,0.36288,0,15.6336,5.98689,9.63067,0.84672,12.849,0.84672,3695.15,0,18.483,0,0.227405,1.52169,2.38321,1.46262,2.66967,0.42336,18.483,0.42336,0,0,442.007,0,0.561254,0,0,0.788659,0.227405,1.028160,1,0,12.3003,0,0,0,12.3003,0
59.1508,1.9259,0,0,1.17806,0.0985069,0.36288,3.6288,55.9708,0.589585,0,0,0.490831,0.32743,0,0.66528,12.849,1,0.40997,0.36288,0,17.3089,6.58716,10.6746,0.84672,12.849,0.84672,3695.15,0,18.483,0,0.227405,1.52194,3.60164,1.46259,3.88839,0.42336,18.483,0.42336,0,0,442.007,0,0.827798,0,0,1.0552,0.227405,1.028160,1,0,14.563,0,0,0,14.563,0
58.0101,1.91286,0,0,1.23785,0.102854,0.36288,3.6288,55.4009,0.714481,0,0,0.486473,0.341879,0,0.66528,12.849,1,0.415519,0.36288,0,19.5583,7.03857,12.4671,0.84672,12.849,0.84672,3695.15,0,18.483,0,0.227405,1.64333,3.27334,1.39282,3.75125,0.42336,18.483,0.42336,0,0,442.007,0,0.70314,0,0,0.930545,0.227405,1.028160,1,0,16.2183,0,0,0,16.2183,0
56.6646,1.90024,0,0,1.01935,0.101723,0.36288,3.6288,54.6837,0.800038,0,0,0.423411,0.340604,0,0.66528,12.849,1,0.420895,0.36288,0,24.2805,7.03857,17.1839,0.84672,12.849,0.84672,3695.15,0,18.483,0,0.204422,1.6436,2.92034,1.39282,3.37554,0.42336,18.483,0.42336,0,0,442.007,0,0.61782,0,0,0.822243,0.204422,1.028160,1,0,20.5594,0,0,0,20.5594,0
55.4441,1.88486,0,0,1.12767,0.100389,0.36288,3.6288,54.3802,0.546139,0,0,0.581629,0.339,0,0.66528,12.849,1,0.427402,0.36288,0,20.817,7.03857,13.714,0.84672,12.849,0.84672,3695.15,0,18.483,0,0.204422,1.64388,3.48985,1.39282,3.94533,0.42336,18.483,0.42336,0,0,442.007,0,0.871957,0,0,1.07638,0.204422,1.028160,1,0,17.6593,0,0,0,17.6593,0
54.1845,1.87052,0,0,1.08104,0.107221,0.36288,3.6288,53.9072,0.61802,0,0,0.470532,0.325528,0,0.66528,12.849,1,0.433486,0.36288,0,22.5853,6.68002,15.8347,0.84672,12.849,0.84672,3695.15,0,18.483,0,0.204422,1.64415,3.98761,1.31329,4.5229,0.42336,18.483,0.42336,0,0,442.007,0,0.800315,0,0,1.00474,0.204422,1.028160,1,0,20.3576,0,0,0,20.3576,0
53.148,1.79865,0,0,1.27087,0.14592,0.36288,3.6288,53.6501,0.530935,0,0,0.567832,0.293995,0,0.66528,12.849,1,0.426522,0.36288,0,28.6672,5.82267,22.7809,0.84672,12.849,0.84672,3695.15,0,18.483,0,0.204422,1.64443,4.12643,1.33976,4.63552,0.42336,18.483,0.42336,0,0,442.007,0,0.819383,0,0,1.02381,0.204422,1.028160,1,0,27.4164,0,0,0,27.4164,0
52.0261,1.78619,0,0,1.17164,0.144388,0.36288,3.6288,53.1651,0.627636,0,0,0.43612,0.293424,0,0.66528,12.849,1,0.431828,0.36288,0,29.2474,5.82267,23.3558,0.84672,12.849,0.84672,3695.15,0,18.483,0,0.216518,1.57523,3.49536,1.33976,3.94735,0.42336,18.483,0.42336,0,0,442.007,0,0.722909,0,0,0.939427,0.216518,1.028160,1,0,27.3032,0,0,0,27.3032,0
50.7246,1.77232,0,0,1.01713,0.183474,0.36288,3.6288,52.575,0.726834,0,0,0.39893,0.262254,0,0.66528,12.849,1,0.437712,0.36288,0,20.8032,5.31862,15.4098,0.84672,12.849,0.84672,3695.15,0,18.483,0,0.216518,1.5755,5.09925,1.20898,5.68228,0.42336,18.483,0.42336,0,0,442.007,0,0.623938,0,0,0.840456,0.216518,1.028160,1,0,21.092,0,0,0,21.092,0
50.6423,1.75568,0,0,2.15499,0.118741,0.36288,3.6288,52.4024,0.41418,0,0,0.54478,0.303195,0,0.66528,12.849,1,0.44473,0.36288,0,22.4775,6.22503,16.1706,0.84672,12.849,0.84672,3695.15,0,18.483,0,0.216518,1.57576,8.55824,1.21434,9.13617,0.42336,18.483,0.42336,0,0,442.007,0,0.936818,0,0,1.15334,0.216518,1.028160,1,0,25.3068,0,0,0,25.3068,0
53.4925,1.70955,0,0,5.10125,0.178583,0.36288,3.6288,52.7487,0.260895,0,0,0.835039,0.22787,0,0.66528,12.849,1,0.433749,0.36288,0,51.8129,4.58955,47.1525,0.84672,12.849,0.84672,3695.15,0,18.483,0,1.21104,1.57602,10.8041,1.18987,12.4013,0.42336,18.483,0.42336,0,0,442.007,0,1.02816,0,0,2.2392,1.21104,1.028160,1,0,59.5538,0,0,0,59.5538,0
55.146,1.74539,0,0,3.95232,0.190609,0.36288,3.6288,53.5286,0.261111,0,0,1.26166,0.2206,0,0.66528,12.849,1,0.419245,0.36288,0,72.2546,4.19055,68.0077,0.84672,12.849,0.84672,3695.15,0,18.483,0,1.67634,1.5145,9.97885,1.2595,11.9102,0.42336,18.483,0.42336,0,0,442.007,0,1.02816,0,0,2.7045,1.67634,1.028160,1,0,79.9179,0,0,0,79.9179,0
56.8226,1.76523,0,0,4.00307,0.198324,0.36288,3.6288,54.0653,0.261328,0,0,1.02151,0.22344,0,0.66528,12.849,1,0.411298,0.36288,0,55.1769,4.07208,51.0564,0.84672,12.849,0.84672,3695.15,0,18.483,0,1.96747,1.51476,12.3739,1.2343,14.6219,0.42336,18.483,0.42336,0,0,442.007,0,1.02816,0,0,2.99563,1.96747,1.028160,1,0,65.6783,0,0,0,65.6783,0
59.4899,1.7846,0,0,5.04386,0.229117,0.36288,3.6288,55.2781,0.261544,0,0,1.7074,0.233127,0,0.66528,12.849,1,0.403543,0.36288,0,102.965,3.36126,99.5635,0.84672,12.849,0.84672,3695.15,0,18.483,0,2.26247,1.51501,12.389,1.08311,15.0834,0.42336,18.483,0.42336,0,0,442.007,0,1.02816,0,0,3.29063,2.26247,1.028160,1,0,114.647,0,0,0,114.647,0
63.3997,1.67721,0,0,6.19567,0.245743,0.36288,3.6288,56.2394,0.132192,0,0,1.31136,0.217812,0,0.66528,12.849,1,0.362254,0.36288,0,107.19,3.93114,103.26,0.84672,12.849,0.84672,3695.15,0,18.483,0,2.50546,1.51527,13.1203,1.10617,16.0348,0.42336,18.483,0.42336,0,0,442.007,0,1.02816,0,0,3.53362,2.50546,1.028160,1,0,119.295,0,0,0,119.295,0
62.9534,1.71395,0,0,1.89916,0.268677,0.36288,3.6288,57.3369,0.132387,0,0,1.42599,0.196125,0,0.66528,12.849,1,0.347361,0.36288,0,103.818,4.69098,99.1428,0.84672,12.849,0.84672,3695.15,0,18.483,0,1.40475,1.37634,7.49701,1.13691,9.14119,0.42336,18.483,0.42336,0,0,442.007,0,1.02816,0,0,2.43291,1.40475,1.028160,1,0,108.284,0,0,0,108.284,0
63.2325,1.71023,0,0,2.61997,0.267701,0.36288,3.6288,58.6726,0.132582,0,0,1.66585,0.19753,0,0.66528,12.849,1,0.349064,0.36288,0,92.7625,4.69098,88.0853,0.84672,12.849,0.84672,3695.15,0,18.483,0,2.34931,1.37657,8.36145,1.13691,10.9504,0.42336,18.483,0.42336,0,0,442.007,0,1.02816,0,0,3.37747,2.34931,1.028160,1,0,99.0357,0,0,0,99.0357,0
64.5821,1.71303,0,0,3.6938,0.268311,0.36288,3.6288,60.0109,0.132777,0,0,1.67031,0.199241,0,0.66528,12.849,1,0.348092,0.36288,0,111.553,4.69098,106.877,0.84672,12.849,0.84672,3695.15,0,18.483,0,2.30659,1.3768,8.85246,1.13691,11.3989,0.42336,18.483,0.42336,0,0,442.007,0,1.02816,0,0,3.33475,2.30659,1.028160,1,0,118.276,0,0,0,118.276,0
66.1081,1.72526,0,0,3.89701,0.282907,0.36288,3.6288,61.308,0.132971,0,0,2.19002,0.190741,0.569245,0.66528,12.849,1,0.343251,0.36288,0,111.507,3.9796,107.547,0.84672,12.849,0.84672,3695.15,0,18.483,0,1.93378,1.37703,10.3109,1.0841,12.5376,0.42336,18.483,0.42336,0,0,442.007,0,1.02816,0,0,2.96194,1.93378,1.028160,1,0,120.654,0,0,0,120.654,0
66.4236,1.79312,0,0,2.77221,0.300695,0.36288,3.6288,61.308,0.170714,0,0,0.725649,0.171402,0.383533,0.66528,12.849,1,0.348518,0.36288,0,90.3286,3.55383,86.7891,0.84672,12.849,0.84672,3695.15,0,18.483,0,1.2207,1.37726,4.72328,0.914819,6.40642,0.42336,18.483,0.42336,0,0,442.007,0,1.02816,0,0,2.24886,1.2207,1.028160,1,0,93.5791,0,0,0,93.5791,0
70.1463,1.79616,0,0,6.18318,0.30145,0.36288,3.6288,61.308,0.170907,0,0,0.960647,0.171402,0.618338,0.66528,12.849,1,0.347449,0.36288,0,99.7289,3.55383,96.1905,0.84672,12.849,0.84672,3695.15,0,18.483,0,2.11172,1.42154,7.47009,0.914819,10.0885,0.42336,18.483,0.42336,0,0,442.007,0,1.02816,0,0,3.13988,2.11172,1.028160,1,0,106.897,0,0,0,106.897,0
72.29,1.82753,0,0,9.09906,0.266719,4.86107,3.6288,61.308,0.1711,0,0,1.20465,0.153976,0.879573,0.66528,12.849,1,0.334757,4.86107,0,159.037,3.35568,160.208,0.84672,12.849,0.84672,3695.15,0,18.483,0,2.74695,1.42177,10.7468,0.897528,14.018,0.42336,18.483,0.42336,0,0,442.007,0,1.02816,0,0,3.77511,2.74695,1.028160,1,0,175.106,0,0,0,175.106,0
72.29,1.84472,0,0,6.47784,0.253384,4.37974,3.6288,61.308,0.171293,0,0,1.17611,0.147006,0.857812,0.66528,12.849,1,0.327885,4.37974,0,207.748,3.27642,208.523,0.84672,12.849,0.84672,3695.15,0,18.483,0,2.42916,1.422,10.8054,0.890611,13.766,0.42336,18.483,0.42336,0,0,442.007,0,1.02816,0,0,3.45732,2.42916,1.028160,1,0,223.147,0,0,0,223.147,0
72.29,2.02497,0,0,5.97261,0.266404,3.68123,3.6288,61.308,0.31254,0,0,1.67078,0.166033,1.1922,0.66528,12.849,1,0.359924,3.68123,0,163.997,3.59811,163.72,0.84672,12.849,0.84672,3695.15,0,18.483,0,3.83565,1.42223,14.1533,0.989518,18.4216,0.42336,18.483,0.42336,0,0,442.007,0,1.02816,0,0,4.86381,3.83565,1.028160,1,0,183.334,0,0,0,183.334,0
72.29,2.0253,0,0,7.03266,0.304676,4.70268,3.6288,61.308,0.312756,0,0,1.64748,0.181,1.15373,0.66528,12.849,1,0.359982,4.70268,0,205.652,3.76131,206.233,0.84672,12.849,0.84672,3695.15,0,18.483,0,3.40184,1.57978,13.5041,1.11691,17.3689,0.42336,18.483,0.42336,0,0,442.007,0,1.02816,0,0,4.43,3.40184,1.028160,1,0,224.756,0,0,0,224.756,0
72.29,2.02563,0,0,4.72066,0.304676,2.39036,3.6288,61.308,0.312972,0,0,1.06978,0.181,0.575807,0.66528,12.849,1,0.36004,2.39036,0,134.876,3.76131,133.145,0.84672,12.849,0.84672,3695.15,0,18.483,0,1.92992,1.58003,8.29155,1.11691,10.6846,0.42336,18.483,0.42336,0,0,442.007,0,1.02816,0,0,2.95808,1.92992,1.028160,1,0,144.406,0,0,0,144.406,0
72.29,2.02595,0,0,5.25859,0.304676,2.92796,3.6288,61.308,0.313188,0,0,0.975974,0.181,0.481786,0.66528,12.849,1,0.360098,2.92796,0,114.591,3.76131,113.397,0.84672,12.849,0.84672,3695.15,0,18.483,0,1.59216,1.58029,6.45615,1.11691,8.51169,0.42336,18.483,0.42336,0,0,442.007,0,1.02816,0,0,2.62032,1.59216,1.028160,1,0,122.391,0,0,0,122.391,0
72.29,1.76944,0,0,6.1215,0.331441,4.02062,3.6288,61.308,0.123988,0,0,2.35516,0.210766,2.02041,0.66528,12.849,1,0.314504,4.02062,0,200.015,3.93623,199.785,0.84672,12.849,0.84672,3695.15,0,18.483,0,3.27503,1.58054,11.9643,1.116,15.7039,0.42336,18.483,0.42336,0,0,442.007,0,1.02816,0,0,4.30319,3.27503,1.028160,1,0,217.509,0,0,0,217.509,0
72.29,1.76972,0,0,7.09327,0.346636,4.97691,3.6288,61.308,0.124173,0,0,3.27702,0.244603,2.90825,0.66528,12.849,1,0.314554,4.97691,0,233.902,4.22037,234.344,0.84672,12.849,0.84672,3695.15,0,18.483,0,4.57584,1.36546,16.5181,1.14789,21.3115,0.42336,18.483,0.42336,0,0,442.007,0,1.02816,0,0,5.604,4.57584,1.028160,1,0,258.564,0,0,0,258.564,0
72.29,1.77001,0,0,6.10058,0.346636,3.98394,3.6288,61.308,0.124359,0,0,2.48866,0.244603,2.1197,0.66528,12.849,1,0.314605,3.98394,0,243.213,4.22037,242.662,0.84672,12.849,0.84672,3695.15,0,18.483,0,3.67253,1.36568,13.8383,1.14789,17.7287,0.42336,18.483,0.42336,0,0,442.007,0,1.02816,0,0,4.70069,3.67253,1.028160,1,0,262.511,0,0,0,262.511,0
72.29,1.77029,0,0,5.53548,0.341862,3.42333,3.6288,61.308,0.124545,0,0,1.98456,0.224157,1.63586,0.66528,12.849,1,0.314656,3.42333,0,176.821,4.23345,175.696,0.84672,12.849,0.84672,3695.15,0,18.483,0,3.01738,1.3659,11.3622,1.08768,14.6578,0.42336,18.483,0.42336,0,0,442.007,0,1.02816,0,0,4.04554,3.01738,1.028160,1,0,191.99,0,0,0,191.99,0
72.29,1.77058,0,0,6.71873,0.316716,4.63144,3.6288,61.308,0.124731,0,0,3.0568,0.206592,2.72547,0.66528,12.849,1,0.314707,4.63144,0,198.685,4.08437,198.917,0.84672,12.849,0.84672,3695.15,0,18.483,0,4.58767,1.36612,14.486,1.01406,19.4257,0.42336,18.483,0.42336,0,0,442.007,0,1.02816,0,0,5.61583,4.58767,1.028160,1,0,221.068,0,0,0,221.068,0
72.29,1.83557,0,0,5.30715,0.31417,3.15742,3.6288,61.308,0.171293,0,0,3.58868,0.222265,3.19513,0.66528,12.849,1,0.326258,3.15742,0,204.163,3.71545,203.279,0.84672,12.849,0.84672,3695.15,0,18.483,0,5.60212,1.36634,12.487,0.995821,18.4597,0.42336,18.483,0.42336,0,0,442.007,0,1.02816,0,0,6.63028,5.60212,1.028160,1,0,224.934,0,0,0,224.934,0
72.29,1.83586,0,0,5.34155,0.325019,3.18067,3.6288,61.308,0.171486,0,0,3.30216,0.224132,2.90654,0.66528,12.849,1,0.326311,3.18067,0,194.492,3.80814,193.538,0.84672,12.849,0.84672,3695.15,0,18.483,0,4.87502,1.41977,11.474,1.00828,16.7605,0.42336,18.483,0.42336,0,0,442.007,0,1.02816,0,0,5.90318,4.87502,1.028160,1,0,213.205,0,0,0,213.205,0
72.29,1.83616,0,0,7.51081,0.325019,5.34964,3.6288,61.308,0.17168,0,0,5.05813,0.224132,4.66232,0.66528,12.849,1,0.326363,5.34964,0,200.35,3.80814,201.566,0.84672,12.849,0.84672,3695.15,0,18.483,0,9.40349,1.42,20.7106,1.00828,30.5258,0.42336,18.483,0.42336,0,0,442.007,0,1.02816,0,0,10.4317,9.40349,1.028160,1,0,236.754,0,0,0,236.754,0
72.29,1.83645,0,0,5.50186,0.298235,3.36717,3.6288,61.308,0.171873,0,0,4.19088,0.238405,3.78061,0.66528,12.849,1,0.326416,3.36717,0,246.448,3.98265,245.506,0.84672,12.849,0.84672,3695.15,0,18.483,0,6.14676,1.42023,13.1298,1.04264,19.6541,0.42336,18.483,0.42336,0,0,442.007,0,1.02816,0,0,7.17492,6.14676,1.028160,1,0,268.941,0,0,0,268.941,0
72.29,1.81144,0,0,4.34003,0.259488,2.2691,3.6288,61.308,0.154043,0,0,1.72708,0.211013,1.36202,0.66528,12.849,1,0.321969,2.2691,0,174.036,4.05099,171.933,0.84672,12.849,0.84672,3695.15,0,18.483,0,3.46032,1.42046,9.1247,1.02721,12.9783,0.42336,18.483,0.42336,0,0,442.007,0,1.02816,0,0,4.48848,3.46032,1.028160,1,0,186.273,0,0,0,186.273,0
72.29,1.81173,0,0,3.81771,0.258982,1.747,3.6288,61.308,0.154234,0,0,1.63519,0.203276,1.27768,0.66528,12.849,1,0.322021,1.747,0,136.922,4.0236,134.323,0.84672,12.849,0.84672,3695.15,0,18.483,0,3.47531,1.39996,9.42434,1.01701,13.2826,0.42336,18.483,0.42336,0,0,442.007,0,1.02816,0,0,4.50347,3.47531,1.028160,1,0,148.883,0,0,0,148.883,0
72.29,1.81202,0,0,4.61586,0.258982,2.54486,3.6288,61.308,0.154425,0,0,1.8847,0.203276,1.527,0.66528,12.849,1,0.322073,2.54486,0,164.902,4.0236,163.101,0.84672,12.849,0.84672,3695.15,0,18.483,0,4.08593,1.40019,11.8992,1.01701,16.3683,0.42336,18.483,0.42336,0,0,442.007,0,1.02816,0,0,5.11409,4.08593,1.028160,1,0,180.997,0,0,0,180.997,0
72.29,1.81231,0,0,3.43968,0.22065,1.40672,3.6288,61.308,0.154615,0,0,1.66958,0.178409,1.33656,0.66528,12.849,1,0.322125,1.40672,0,130.539,4.01363,127.61,0.84672,12.849,0.84672,3695.15,0,18.483,0,3.55526,1.40042,9.06517,1.11352,12.9073,0.42336,18.483,0.42336,0,0,442.007,0,1.02816,0,0,4.58342,3.55526,1.028160,1,0,141.854,0,0,0,141.854,0
72.29,1.89859,0,0,3.40701,0.187798,1.32062,3.6288,61.308,0.218763,0,0,1.51926,0.190135,1.11036,0.66528,12.849,1,0.33746,1.32062,0,120.877,4.02786,117.832,0.84672,12.849,0.84672,3695.15,0,18.483,0,3.37835,1.40064,8.33069,1.07082,12.0389,0.42336,18.483,0.42336,0,0,442.007,0,1.02816,0,0,4.40651,3.37835,1.028160,1,0,130.982,0,0,0,130.982,0
72.29,1.8989,0,0,3.36354,0.164438,1.30021,3.6288,61.308,0.218965,0,0,1.3211,0.219033,0.883102,0.66528,12.849,1,0.337514,1.30021,0,107.23,4.05216,104.141,0.84672,12.849,0.84672,3695.15,0,18.483,0,3.21462,1.47338,7.65573,0.962422,11.3813,0.42336,18.483,0.42336,0,0,442.007,0,1.02816,0,0,4.24278,3.21462,1.028160,1,0,116.405,0,0,0,116.405,0
72.29,1.8992,0,0,3.00376,0.164438,0.940117,3.6288,61.308,0.219166,0,0,1.22933,0.219033,0.791126,0.66528,12.849,1,0.337569,0.940117,0,92.9474,4.05216,89.4978,0.84672,12.849,0.84672,3695.15,0,18.483,0,2.92181,1.47362,7.45174,0.962422,10.8847,0.42336,18.483,0.42336,0,0,442.007,0,1.02816,0,0,3.94997,2.92181,1.028160,1,0,101.174,0,0,0,101.174,0
72.29,1.89951,0,0,2.72699,0.166552,0.660931,3.6288,61.308,0.219367,0,0,1.15315,0.211697,0.722082,0.66528,12.849,1,0.337623,0.660931,0,94.2667,3.88656,90.7035,0.84672,12.849,0.84672,3695.15,0,18.483,0,2.67623,1.47385,7.10346,0.963279,10.2903,0.42336,18.483,0.42336,0,0,442.007,0,1.02816,0,0,3.70439,2.67623,1.028160,1,0,101.716,0,0,0,101.716,0
72.29,1.89981,0,0,2.71997,0.136754,0.683398,3.6288,61.308,0.219568,0,0,1.21392,0.217094,0.777258,0.66528,12.849,1,0.337678,0.683398,0,84.5286,3.62626,81.248,0.84672,12.849,0.84672,3695.15,0,18.483,0,2.48041,1.47409,7.25017,1.10475,10.0999,0.42336,18.483,0.42336,0,0,442.007,0,1.02816,0,0,3.50857,2.48041,1.028160,1,0,92.1252,0,0,0,92.1252,0
72.29,1.8831,0,0,3.53619,0.11319,1.53989,3.6288,61.308,0.25495,0,0,1.73734,0.245245,1.23714,0.66528,12.849,1,0.334707,1.53989,0,83.1997,5.05564,79.3493,0.84672,12.849,0.84672,3695.15,0,18.483,0,2.35615,1.47433,10.1109,1.15541,12.7859,0.42336,18.483,0.42336,0,0,442.007,0,1.02816,0,0,3.38431,2.35615,1.028160,1,0,93.3724,0,0,0,93.3724,0
72.29,1.88341,0,0,3.34542,0.11319,1.34882,3.6288,61.308,0.255157,0,0,1.69632,0.245245,1.19591,0.66528,12.849,1,0.334761,1.34882,0,80.6985,5.05564,76.6569,0.84672,12.849,0.84672,3695.15,0,18.483,0,2.13147,1.49718,9.23538,1.15541,11.7086,0.42336,18.483,0.42336,0,0,442.007,0,1.02816,0,0,3.15963,2.13147,1.028160,1,0,89.5614,0,0,0,89.5614,0
72.29,1.88371,0,0,3.18452,0.103621,1.19719,3.6288,61.308,0.255364,0,0,1.6377,0.26079,1.12155,0.66528,12.849,1,0.334815,1.19719,0,77.4636,5.27282,73.0532,0.84672,12.849,0.84672,3695.15,0,18.483,0,2.09798,1.49742,8.89635,1.22891,11.2628,0.42336,18.483,0.42336,0,0,442.007,0,1.02816,0,0,3.12614,2.09798,1.028160,1,0,85.4376,0,0,0,85.4376,0
72.29,1.88401,0,0,3.00452,0.089555,1.03095,3.6288,61.308,0.255571,0,0,1.57996,0.280718,1.04367,0.66528,12.849,1,0.334869,1.03095,0,73.3769,5.83404,68.239,0.84672,12.849,0.84672,3695.15,0,18.483,0,2.18803,1.49766,8.8242,1.36726,11.1426,0.42336,18.483,0.42336,0,0,442.007,0,1.02816,0,0,3.21619,2.18803,1.028160,1,0,80.4253,0,0,0,80.4253,0
72.29,1.92829,0,0,2.77199,0.0824225,0.761271,3.6288,61.308,0.287152,0,0,1.34484,0.292193,0.765497,0.66528,12.849,1,0.34274,0.761271,0,63.04,5.65949,57.7991,0.84672,12.849,0.84672,3695.15,0,18.483,0,1.72853,1.4979,7.11115,1.42144,8.91614,0.42336,18.483,0.42336,0,0,442.007,0,1.02816,0,0,2.75669,1.72853,1.028160,1,0,67.4807,0,0,0,67.4807,0
72.29,1.92861,0,0,2.85471,0.0779924,0.84811,3.6288,61.308,0.287364,0,0,1.32792,0.299812,0.74074,0.66528,12.849,1,0.342795,0.84811,0,79.3765,5.58673,74.2951,0.84672,12.849,0.84672,3695.15,0,18.483,0,2.11615,1.53419,7.44932,1.45037,9.6493,0.42336,18.483,0.42336,0,0,442.007,0,1.02816,0,0,3.14431,2.11615,1.028160,1,0,84.6852,0,0,0,84.6852,0
72.29,1.92892,0,0,2.66244,0.0779924,0.655533,3.6288,61.308,0.287576,0,0,1.17618,0.299812,0.588792,0.66528,12.849,1,0.34285,0.655533,0,62.7929,5.58673,57.5189,0.84672,12.849,0.84672,3695.15,0,18.483,0,2.07564,1.53444,6.79959,1.45037,8.9593,0.42336,18.483,0.42336,0,0,442.007,0,1.02816,0,0,3.1038,2.07564,1.028160,1,0,67.067,0,0,0,67.067,0
72.29,1.92923,0,0,2.42174,0.0779924,0.414519,3.6288,61.308,0.287789,0,0,1.10481,0.299812,0.517205,0.66528,12.849,1,0.342906,0.414519,0,57.7407,5.58673,52.2256,0.84672,12.849,0.84672,3695.15,0,18.483,0,1.58992,1.53469,6.22287,1.45037,7.89711,0.42336,18.483,0.42336,0,0,442.007,0,1.02816,0,0,2.61808,1.58992,1.028160,1,0,60.6399,0,0,0,60.6399,0
72.29,2.05841,0,0,2.74843,0.0705984,0.619423,3.6288,61.308,0.401317,0,0,1.35321,0.321377,0.630512,0.66528,12.849,1,0.365866,0.619423,0,60.9595,5.78942,55.4237,0.84672,12.849,0.84672,3695.15,0,18.483,0,2.20587,1.53494,8.07379,1.44992,10.3647,0.42336,18.483,0.42336,0,0,442.007,0,1.02816,0,0,3.23403,2.20587,1.028160,1,0,66.4188,0,0,0,66.4188,0
72.29,2.05874,0,0,2.6903,0.0954316,0.536128,3.6288,61.308,0.401548,0,0,1.32898,0.34698,0.580451,0.66528,12.849,1,0.365925,0.536128,0,57.3555,5.7176,51.8081,0.84672,12.849,0.84672,3695.15,0,18.483,0,1.13551,1.65735,5.7041,1.34251,7.15445,0.42336,18.483,0.42336,0,0,442.007,0,1.02816,0,0,2.16367,1.13551,1.028160,1,0,59.543,0,0,0,59.543,0
72.29,2.05907,0,0,2.52306,0.100809,0.363183,3.6288,61.308,0.401778,0,0,1.30921,0.330598,0.576834,0.66528,12.849,1,0.365984,0.363183,0,53.0849,5.84157,47.2406,0.84672,12.849,0.84672,3695.15,0,18.483,0,2.01806,1.65762,6.44112,1.39054,8.72626,0.42336,18.483,0.42336,0,0,442.007,0,1.02816,0,0,3.04622,2.01806,1.028160,1,0,56.5437,0,0,0,56.5437,0
72.1404,2.0594,0,0,2.37354,0.100809,0.36288,3.6288,61.308,0.402009,0,0,1.26017,0.330598,0.527562,0.66528,12.849,1,0.366043,0.36288,0,54.582,5.84157,48.7373,0.84672,12.849,0.84672,3695.15,0,18.483,0,2.43602,1.65788,5.95718,1.39054,8.66055,0.42336,18.483,0.42336,0,0,442.007,0,1.02816,0,0,3.46418,2.43602,1.028160,1,0,57.9254,0,0,0,57.9254,0
71.9295,2.05844,0,0,2.3111,0.100694,0.36288,3.6288,61.308,0.40224,0,0,1.26068,0.330598,0.527841,0.66528,12.849,1,0.366631,0.36288,0,51.1184,5.84157,45.2731,0.84672,12.849,0.84672,3695.15,0,18.483,0,2.38721,1.65815,5.95797,1.39054,8.6128,0.42336,18.483,0.42336,0,0,442.007,0,1.02816,0,0,3.41537,2.38721,1.028160,1,0,54.4137,0,0,0,54.4137,0
71.6071,1.99419,0,0,2.22135,0.186738,0.36288,3.6288,61.308,0.333637,0,0,1.10893,0.292989,0.482301,0.66528,12.849,1,0.356229,0.36288,0,53.9665,6.09882,47.8743,0.84672,12.849,0.84672,3695.15,0,18.483,0,1.87528,1.65842,4.75907,1.21695,7.07581,0.42336,18.483,0.42336,0,0,442.007,0,1.02816,0,0,2.90344,1.87528,1.028160,1,0,55.4324,0,0,0,55.4324,0
72.1829,1.99179,0,0,3.11681,0.18628,0.36288,3.6288,61.308,0.333857,0,0,1.90452,0.292989,1.27767,0.66528,12.849,1,0.357402,0.36288,0,51.5613,6.09882,45.4679,0.84672,12.849,0.84672,3695.15,0,18.483,0,3.42227,1.58862,6.09484,1.21695,9.88878,0.42336,18.483,0.42336,0,0,442.007,0,1.02816,0,0,4.45043,3.42227,1.028160,1,0,56.6344,0,0,0,56.6344,0
72.29,1.99696,0,0,2.97792,0.187098,0.686793,3.6288,61.308,0.334076,0,0,1.51979,0.292989,0.892728,0.66528,12.849,1,0.355471,0.686793,0,62.8242,6.09882,57.0567,0.84672,12.849,0.84672,3695.15,0,18.483,0,2.72937,1.58888,5.30295,1.21695,8.40424,0.42336,18.483,0.42336,0,0,442.007,0,1.02816,0,0,3.75753,2.72937,1.028160,1,0,66.3537,0,0,0,66.3537,0
72.29,1.99818,0,0,2.59385,0.18725,0.408419,3.6288,61.308,0.334296,0,0,1.48667,0.292989,0.859383,0.66528,12.849,1,0.355161,0.408419,0,60.5107,6.09882,54.4651,0.84672,12.849,0.84672,3695.15,0,18.483,0,2.67495,1.58913,5.06777,1.21695,8.1149,0.42336,18.483,0.42336,0,0,442.007,0,1.02816,0,0,3.70311,2.67495,1.028160,1,0,63.4394,0,0,0,63.4394,0
71.9261,1.94688,0,0,2.20866,0.262784,0.36288,3.6288,61.308,0.27182,0,0,1.2952,0.213702,0.809675,0.66528,12.849,1,0.346042,0.36288,0,71.6848,4.29069,67.4109,0.84672,12.849,0.84672,3695.15,0,18.483,0,1.8804,1.58939,4.52165,1.01797,6.97348,0.42336,18.483,0.42336,0,0,442.007,0,1.02816,0,0,2.90856,1.8804,1.028160,1,0,75.1941,0,0,0,75.1941,0
72.29,1.94422,0,0,3.62029,0.261938,1.05026,3.6288,61.308,0.27203,0,0,1.49626,0.191214,1.03301,0.66528,12.849,1,0.347318,1.05026,0,75.702,3.52264,72.8822,0.84672,12.849,0.84672,3695.15,0,18.483,0,1.49145,1.52734,5.45376,1.0213,7.45125,0.42336,18.483,0.42336,0,0,442.007,0,1.02816,0,0,2.51961,1.49145,1.028160,1,0,81.3665,0,0,0,81.3665,0
72.29,1.9475,0,0,3.48491,0.262664,1.27474,3.6288,61.308,0.27224,0,0,1.16974,0.191214,0.70629,0.66528,12.849,1,0.346154,1.27474,0,72.7056,3.52264,70.1115,0.84672,12.849,0.84672,3695.15,0,18.483,0,1.33184,1.52759,7.81397,1.0213,9.6521,0.42336,18.483,0.42336,0,0,442.007,0,1.02816,0,0,2.36,1.33184,1.028160,1,0,80.4699,0,0,0,80.4699,0
72.29,1.94782,0,0,3.25379,0.262664,1.04331,3.6288,61.308,0.272449,0,0,2.28028,0.191214,1.81661,0.66528,12.849,1,0.34621,1.04331,0,86.686,3.52264,83.8604,0.84672,12.849,0.84672,3695.15,0,18.483,0,2.19465,1.52783,7.37751,1.0213,10.0787,0.42336,18.483,0.42336,0,0,442.007,0,1.02816,0,0,3.22281,2.19465,1.028160,1,0,95.7557,0,0,0,95.7557,0
72.29,1.80142,0,0,2.95969,0.273417,0.884859,3.6288,61.308,0.141996,0,0,1.2368,0.197681,0.89712,0.66528,12.849,1,0.320188,0.884859,0,61.446,3.87719,58.1335,0.84672,12.849,0.84672,3695.15,0,18.483,0,1.72788,1.52808,8.70857,1.06913,10.8954,0.42336,18.483,0.42336,0,0,442.007,0,1.02816,0,0,2.75604,1.72788,1.028160,1,0,69.926,0,0,0,69.926,0
71.4002,1.80171,0,0,1.57512,0.3003,0.36288,3.6288,61.308,0.142185,0,0,0.545388,0.213848,0.189354,0.66528,12.849,1,0.32024,0.36288,0,44.3565,4.76354,39.6356,0.84672,12.849,0.84672,3695.15,0,18.483,0,1.87828,1.38796,6.21605,1.18869,8.29359,0.42336,18.483,0.42336,0,0,442.007,0,1.02816,0,0,2.90644,1.87828,1.028160,1,0,48.1185,0,0,0,48.1185,0
71.3045,1.79523,0,0,2.36067,0.298273,0.36288,3.6288,61.308,0.142374,0,0,0.851774,0.213848,0.495552,0.66528,12.849,1,0.323066,0.36288,0,71.2502,4.76354,66.5265,0.84672,12.849,0.84672,3695.15,0,18.483,0,4.24136,1.38819,9.50435,1.18869,13.9452,0.42336,18.483,0.42336,0,0,442.007,0,1.02816,0,0,5.26952,4.24136,1.028160,1,0,80.9672,0,0,0,80.9672,0
72.29,1.79479,0,0,5.93508,0.298054,2.85676,3.6288,61.308,0.142563,0,0,2.35487,0.213848,1.99845,0.66528,12.849,1,0.323419,2.85676,0,187.733,4.76354,185.503,0.84672,12.849,0.84672,3695.15,0,18.483,0,3.39943,1.38841,19.0269,1.18869,22.6261,0.42336,18.483,0.42336,0,0,442.007,0,1.02816,0,0,4.42759,3.39943,1.028160,1,0,210.128,0,0,0,210.128,0
72.29,1.80258,0,0,10.9729,0.283915,8.88645,3.6288,61.308,0.142753,0,0,5.30849,0.201447,4.96429,0.66528,12.849,1,0.320395,8.88645,0,322.631,4.33478,326.863,0.84672,12.849,0.84672,3695.15,0,18.483,0,3.84932,1.38864,21.3138,1.13513,25.4166,0.42336,18.483,0.42336,0,0,442.007,0,1.02816,0,0,4.87748,3.84932,1.028160,1,0,357.244,0,0,0,357.244,0
72.29,1.85935,0,0,7.16,0.328628,4.97203,3.6288,61.308,0.180805,0,0,3.00883,0.193991,2.63403,0.66528,12.849,1,0.330485,4.97203,0,152.836,3.74551,153.732,0.84672,12.849,0.84672,3695.15,0,18.483,0,2.98984,1.38886,13.2561,0.968364,16.6664,0.42336,18.483,0.42336,0,0,442.007,0,1.02816,0,0,4.018,2.98984,1.028160,1,0,173.032,0,0,0,173.032,0
72.29,1.85963,0,0,7.53313,0.344131,5.32936,3.6288,61.308,0.180992,0,0,1.96214,0.190336,1.59081,0.66528,12.849,1,0.330536,5.32936,0,117.065,3.72687,118.337,0.84672,12.849,0.84672,3695.15,0,18.483,0,2.24235,1.43351,10.6268,0.979158,13.3235,0.42336,18.483,0.42336,0,0,442.007,0,1.02816,0,0,3.27051,2.24235,1.028160,1,0,133.251,0,0,0,133.251,0
72.29,1.85992,0,0,6.15812,0.325885,3.97231,3.6288,61.308,0.181179,0,0,1.58262,0.19545,1.20599,0.66528,12.849,1,0.330587,3.97231,0,92.9992,3.91807,92.7229,0.84672,12.849,0.84672,3695.15,0,18.483,0,1.74582,1.43373,9.49882,1.02833,11.65,0.42336,18.483,0.42336,0,0,442.007,0,1.02816,0,0,2.77398,1.74582,1.028160,1,0,105.579,0,0,0,105.579,0
72.29,1.86021,0,0,5.41151,0.301557,3.24974,3.6288,61.308,0.181367,0,0,1.53077,0.202269,1.14714,0.66528,12.849,1,0.330638,3.24974,0,74.7809,4.17302,73.527,0.84672,12.849,0.84672,3695.15,0,18.483,0,1.46608,1.43395,7.95459,1.0939,9.76072,0.42336,18.483,0.42336,0,0,442.007,0,1.02816,0,0,2.49424,1.46608,1.028160,1,0,84.4349,0,0,0,84.4349,0
72.29,2.04197,0,0,5.39388,0.320164,3.03175,3.6288,61.308,0.323791,0,0,1.82402,0.203637,1.2966,0.66528,12.849,1,0.362944,3.03175,0,83.0632,4.17049,81.5615,0.84672,12.849,0.84672,3695.15,0,18.483,0,1.81524,1.43418,9.07433,1.12618,11.1976,0.42336,18.483,0.42336,0,0,442.007,0,1.02816,0,0,2.8434,1.81524,1.028160,1,0,94.0557,0,0,0,94.0557,0
72.29,2.04228,0,0,5.98039,0.344975,3.59313,3.6288,61.308,0.324,0,0,1.80337,0.205461,1.27391,0.66528,12.849,1,0.363,3.59313,0,105.848,4.16714,104.911,0.84672,12.849,0.84672,3695.15,0,18.483,0,2.06918,1.59304,11.1474,1.16921,13.6404,0.42336,18.483,0.42336,0,0,442.007,0,1.02816,0,0,3.09734,2.06918,1.028160,1,0,119.825,0,0,0,119.825,0
72.29,2.0426,0,0,7.02706,0.349939,4.63452,3.6288,61.308,0.32421,0,0,1.92731,0.196089,1.40701,0.66528,12.849,1,0.363057,4.63452,0,118.543,3.85241,118.962,0.84672,12.849,0.84672,3695.15,0,18.483,0,2.44354,1.59328,9.61105,1.06387,12.584,0.42336,18.483,0.42336,0,0,442.007,0,1.02816,0,0,3.4717,2.44354,1.028160,1,0,132.953,0,0,0,132.953,0
72.29,2.04292,0,0,5.98866,0.356557,3.58919,3.6288,61.308,0.324419,0,0,2.28951,0.183593,1.78149,0.66528,12.849,1,0.363113,3.58919,0,131.866,3.43277,131.66,0.84672,12.849,0.84672,3695.15,0,18.483,0,3.28834,1.59353,11.3332,0.923405,15.2916,0.42336,18.483,0.42336,0,0,442.007,0,1.02816,0,0,4.3165,3.28834,1.028160,1,0,148.733,0,0,0,148.733,0
72.29,1.78424,0,0,5.91309,0.356139,3.77271,3.6288,61.308,0.133627,0,0,2.89754,0.183395,2.58052,0.66528,12.849,1,0.317135,3.77271,0,122.432,3.68818,122.2,0.84672,12.849,0.84672,3695.15,0,18.483,0,4.05218,1.59378,15.1118,0.925303,19.8324,0.42336,18.483,0.42336,0,0,442.007,0,1.02816,0,0,5.08034,4.05218,1.028160,1,0,144.613,0,0,0,144.613,0
72.29,1.78452,0,0,7.1596,0.355581,5.0195,3.6288,61.308,0.133807,0,0,3.10554,0.183132,2.7886,0.66528,12.849,1,0.317184,5.0195,0,103.233,4.02875,103.907,0.84672,12.849,0.84672,3695.15,0,18.483,0,4.43515,1.37688,16.3947,0.927834,21.2789,0.42336,18.483,0.42336,0,0,442.007,0,1.02816,0,0,5.46331,4.43515,1.028160,1,0,127.974,0,0,0,127.974,0
72.29,1.78479,0,0,5.79585,0.355581,3.65548,3.6288,61.308,0.133987,0,0,2.19488,0.183132,1.87776,0.66528,12.849,1,0.317233,3.65548,0,103.498,4.02875,102.807,0.84672,12.849,0.84672,3695.15,0,18.483,0,2.46984,1.3771,11.2485,0.927834,14.1676,0.42336,18.483,0.42336,0,0,442.007,0,1.02816,0,0,3.498,2.46984,1.028160,1,0,118.853,0,0,0,118.853,0
72.29,1.78507,0,0,4.03144,0.355581,1.89079,3.6288,61.308,0.134167,0,0,1.56808,0.183132,1.25078,0.66528,12.849,1,0.317283,1.89079,0,95.9688,4.02875,93.5136,0.84672,12.849,0.84672,3695.15,0,18.483,0,2.0709,1.37731,10.8138,0.927834,13.3342,0.42336,18.483,0.42336,0,0,442.007,0,1.02816,0,0,3.09906,2.0709,1.028160,1,0,108.099,0,0,0,108.099,0
72.29,1.78535,0,0,4.48095,0.287612,2.408,3.6288,61.308,0.134348,0,0,1.38892,0.147034,1.10754,0.66528,12.849,1,0.317332,2.408,0,87.2035,3.50557,85.7886,0.84672,12.849,0.84672,3695.15,0,18.483,0,1.78465,1.37752,10.2203,0.852681,12.5298,0.42336,18.483,0.42336,0,0,442.007,0,1.02816,0,0,2.81281,1.78465,1.028160,1,0,99.4259,0,0,0,99.4259,0
72.29,1.85087,0,0,7.00527,0.321601,4.8328,3.6288,61.308,0.18129,0,0,2.97337,0.134564,2.65752,0.66528,12.849,1,0.328977,4.8328,0,128.478,3.79187,129.19,0.84672,12.849,0.84672,3695.15,0,18.483,0,4.37677,1.37774,13.5204,0.892893,18.382,0.42336,18.483,0.42336,0,0,442.007,0,1.02816,0,0,5.40493,4.37677,1.028160,1,0,150.229,0,0,0,150.229,0
72.29,1.85115,0,0,5.26693,0.321601,3.09417,3.6288,61.308,0.181478,0,0,1.83075,0.134564,1.51471,0.66528,12.849,1,0.329028,3.09417,0,79.9597,3.79187,78.933,0.84672,12.849,0.84672,3695.15,0,18.483,0,2.88755,1.43161,10.9971,0.892893,14.4233,0.42336,18.483,0.42336,0,0,442.007,0,1.02816,0,0,3.91571,2.88755,1.028160,1,0,94.8711,0,0,0,94.8711,0
72.29,1.85144,0,0,4.96879,0.321601,2.79576,3.6288,61.308,0.181665,0,0,1.98619,0.134564,1.66996,0.66528,12.849,1,0.329079,2.79576,0,92.2761,3.79187,90.9509,0.84672,12.849,0.84672,3695.15,0,18.483,0,2.91171,1.43183,11.0614,0.892893,14.512,0.42336,18.483,0.42336,0,0,442.007,0,1.02816,0,0,3.93987,2.91171,1.028160,1,0,107.133,0,0,0,107.133,0
72.29,1.85173,0,0,4.43712,0.268033,2.31736,3.6288,61.308,0.181852,0,0,1.8712,0.16311,1.52624,0.66528,12.849,1,0.32913,2.31736,0,85.1792,4.14088,83.0265,0.84672,12.849,0.84672,3695.15,0,18.483,0,2.84064,1.43205,11.413,0.961595,14.7241,0.42336,18.483,0.42336,0,0,442.007,0,1.02816,0,0,3.8688,2.84064,1.028160,1,0,99.2769,0,0,0,99.2769,0
72.29,1.82649,0,0,5.12651,0.239885,3.06014,3.6288,61.308,0.163867,0,0,1.78029,0.188805,1.42762,0.66528,12.849,1,0.324644,3.06014,0,91.7562,4.30608,90.1856,0.84672,12.849,0.84672,3695.15,0,18.483,0,3.16923,1.43227,13.2978,1.00887,16.8905,0.42336,18.483,0.42336,0,0,442.007,0,1.02816,0,0,4.19739,3.16923,1.028160,1,0,108.504,0,0,0,108.504,0
72.29,1.82677,0,0,4.18561,0.232198,2.12664,3.6288,61.308,0.164052,0,0,1.25747,0.197181,0.896242,0.66528,12.849,1,0.324695,2.12664,0,67.1198,4.34889,64.5729,0.84672,12.849,0.84672,3695.15,0,18.483,0,2.04825,1.4116,7.02268,1.0232,9.45932,0.42336,18.483,0.42336,0,0,442.007,0,1.02816,0,0,3.07641,2.04825,1.028160,1,0,74.9285,0,0,0,74.9285,0
72.29,1.82705,0,0,3.57239,0.232198,1.51314,3.6288,61.308,0.164236,0,0,1.18793,0.197181,0.826514,0.66528,12.849,1,0.324745,1.51314,0,58.858,4.34889,55.6975,0.84672,12.849,0.84672,3695.15,0,18.483,0,1.725,1.41182,5.97328,1.0232,8.0869,0.42336,18.483,0.42336,0,0,442.007,0,1.02816,0,0,2.75316,1.725,1.028160,1,0,64.6109,0,0,0,64.6109,0
72.29,1.82734,0,0,3.17809,0.232198,1.11856,3.6288,61.308,0.164421,0,0,1.06294,0.197181,0.701343,0.66528,12.849,1,0.324795,1.11856,0,50.4682,4.34889,46.9131,0.84672,12.849,0.84672,3695.15,0,18.483,0,1.3806,1.41203,5.10744,1.0232,6.87688,0.42336,18.483,0.42336,0,0,442.007,0,1.02816,0,0,2.40876,1.3806,1.028160,1,0,54.4913,0,0,0,54.4913,0
72.29,1.91432,0,0,3.10508,0.214713,0.976047,3.6288,61.308,0.229093,0,0,0.9727,0.19175,0.551856,0.66528,12.849,1,0.340255,0.976047,0,47.5284,4.3565,43.8077,0.84672,12.849,0.84672,3695.15,0,18.483,0,1.1316,1.41225,5.06332,1.01514,6.59204,0.42336,18.483,0.42336,0,0,442.007,0,1.02816,0,0,2.15976,1.1316,1.028160,1,0,50.9516,0,0,0,50.9516,0
72.29,1.91461,0,0,3.29227,0.200607,1.17705,3.6288,61.308,0.229288,0,0,1.06081,0.162372,0.66915,0.66528,12.849,1,0.340308,1.17705,0,49.3384,4.49526,45.6799,0.84672,12.849,0.84672,3695.15,0,18.483,0,1.22456,1.48558,5.98183,1.01513,7.67684,0.42336,18.483,0.42336,0,0,442.007,0,1.02816,0,0,2.25272,1.22456,1.028160,1,0,54.0259,0,0,0,54.0259,0
72.29,1.91491,0,0,3.25581,0.0897543,1.25115,3.6288,61.308,0.229483,0,0,1.01647,0.201798,0.58519,0.66528,12.849,1,0.340361,1.25115,0,50.5583,5.02425,46.4449,0.84672,12.849,0.84672,3695.15,0,18.483,0,1.27346,1.48581,6.17471,1.12156,7.81242,0.42336,18.483,0.42336,0,0,442.007,0,1.02816,0,0,2.30162,1.27346,1.028160,1,0,54.8425,0,0,0,54.8425,0
72.29,1.91521,0,0,2.89157,0.0897543,0.886613,3.6288,61.308,0.229678,0,0,0.828576,0.201798,0.397101,0.66528,12.849,1,0.340414,0.886613,0,45.2152,5.02425,40.7371,0.84672,12.849,0.84672,3695.15,0,18.483,0,0.928999,1.48604,5.29555,1.12156,6.58904,0.42336,18.483,0.42336,0,0,442.007,0,1.02816,0,0,1.95716,0.928999,1.028160,1,0,47.7233,0,0,0,47.7233,0
72.29,1.9155,0,0,2.78481,0.0897543,0.779551,3.6288,61.308,0.229873,0,0,0.666999,0.201798,0.235329,0.66528,12.849,1,0.340466,0.779551,0,41.6668,5.02425,37.0817,0.84672,12.849,0.84672,3695.15,0,18.483,0,0.782775,1.48627,5.09109,1.12156,6.23858,0.42336,18.483,0.42336,0,0,442.007,0,1.02816,0,0,1.81094,0.782775,1.028160,1,0,43.5556,0,0,0,43.5556,0
71.9144,1.89864,0,0,2.00508,0.119201,0.36288,3.6288,61.308,0.265539,0,0,0.515668,0.211144,0.0389857,0.66528,12.849,1,0.337469,0.36288,0,26.7142,4.51731,22.2223,0.84672,12.849,0.84672,3695.15,0,18.483,0,0.322367,1.4865,3.15417,1.08615,3.87689,0.42336,18.483,0.42336,0,0,442.007,0,1.02816,0,0,1.35053,0.322367,1.028160,1,0,26.1382,0,0,0,26.1382,0
71.353,1.89594,0,0,1.81631,0.118861,0.36288,3.6288,61.308,0.271753,0,0,0.492759,0.211144,0.00986268,0.66528,12.849,1,0.33875,0.36288,0,26.2532,4.51731,21.7601,0.84672,12.849,0.84672,3695.15,0,18.483,0,0.261274,1.50953,2.97976,1.08615,3.66441,0.42336,18.483,0.42336,0,0,442.007,0,1.02215,0,0,1.28342,0.261274,1.028160,1,0,25.4343,0,0,0,25.4343,0
70.6385,1.89172,0,0,1.65377,0.113627,0.36288,3.6288,61.1573,0.394564,0,0,0.466011,0.222113,0,0.66528,12.849,1,0.340655,0.36288,0,23.1106,4.65846,18.4744,0.84672,12.849,0.84672,3695.15,0,18.483,0,0.261274,1.50977,2.89209,1.13768,3.52545,0.42336,18.483,0.42336,0,0,442.007,0,0.899536,0,0,1.16081,0.261274,1.028160,1,0,21.9998,0,0,0,21.9998,0
69.8747,1.88619,0,0,1.57006,0.0848029,0.36288,3.6288,60.9274,0.378841,0,0,0.436533,0.287653,0,0.66528,12.849,1,0.343095,0.36288,0,20.8442,5.50536,15.3586,0.84672,12.849,0.84672,3695.15,0,18.483,0,0.261274,1.51,2.75783,1.44681,3.08229,0.42336,18.483,0.42336,0,0,442.007,0,0.91546,0,0,1.17673,0.261274,1.028160,1,0,18.4409,0,0,0,18.4409,0
69.0496,1.92405,0,0,1.54456,0.0826805,0.36288,3.6288,60.581,0.513187,0,0,0.470143,0.303316,0,0.66528,12.849,1,0.353806,0.36288,0,19.1519,5.74476,13.4163,0.84672,12.849,0.84672,3695.15,0,18.483,0,0.261274,1.51023,2.61151,1.46072,2.92229,0.42336,18.483,0.42336,0,0,442.007,0,0.812946,0,0,1.07422,0.261274,1.028160,1,0,16.3386,0,0,0,16.3386,0
68.3596,1.91726,0,0,1.67107,0.0809425,0.36288,3.6288,60.3439,0.426906,0,0,0.504502,0.314684,0,0.66528,12.849,1,0.35677,0.36288,0,26.1202,5.92431,20.202,0.84672,12.849,0.84672,3695.15,0,18.483,0,0.261274,1.54682,2.84556,1.47116,3.18249,0.42336,18.483,0.42336,0,0,442.007,0,0.899433,0,0,1.16071,0.261274,1.028160,1,0,23.3845,0,0,0,23.3845,0
67.5632,1.91153,0,0,1.5585,0.080508,0.36288,3.6288,60.0684,0.40819,0,0,0.446857,0.31421,0,0.66528,12.849,1,0.359295,0.36288,0,20.6634,5.92431,14.7427,0.84672,12.849,0.84672,3695.15,0,18.483,0,0.227405,1.54706,2.59734,1.47116,2.90064,0.42336,18.483,0.42336,0,0,442.007,0,0.918354,0,0,1.14576,0.227405,1.028160,1,0,17.6433,0,0,0,17.6433,0
66.6332,1.90477,0,0,1.41762,0.0800066,0.36288,3.6288,59.5868,0.587702,0,0,0.419738,0.31366,0,0.66528,12.849,1,0.362244,0.36288,0,19.0007,5.92431,13.077,0.84672,12.849,0.84672,3695.15,0,18.483,0,0.227405,1.5473,2.37712,1.47116,2.68067,0.42336,18.483,0.42336,0,0,442.007,0,0.739048,0,0,0.966453,0.227405,1.028160,1,0,15.7577,0,0,0,15.7577,0
65.6602,2.02335,0,0,1.48598,0.0727787,0.36288,3.6288,59.3483,0.418355,0,0,0.48823,0.308374,0,0.66528,12.849,1,0.390166,0.36288,0,18.6475,6.04427,12.5759,0.84672,12.849,0.84672,3695.15,0,18.483,0,0.227405,1.54754,3.32255,1.4948,3.60269,0.42336,18.483,0.42336,0,0,442.007,0,1.02285,0,0,1.25025,0.227405,1.028160,1,0,16.1786,0,0,0,16.1786,0
63.9856,2.01412,0,0,0.784771,0.0823125,0.36288,3.6288,58.5454,0.825349,0,0,0.316934,0.294453,0,0.66528,12.849,1,0.394141,0.36288,0,12.6673,6.00705,6.62897,0.84672,12.849,0.84672,3695.15,0,18.483,0,0.227405,1.67094,2.22899,1.45529,2.67205,0.42336,18.483,0.42336,0,0,442.007,0,0.616075,0,0,0.84348,0.227405,1.028160,1,0,9.30101,0,0,0,9.30101,0
62.3121,1.99754,0,0,0.768131,0.0812113,0.36288,3.6288,57.6988,0.849981,0,0,0.296326,0.292939,0,0.66528,12.849,1,0.401128,0.36288,0,11.5594,6.00705,5.51407,0.84672,12.849,0.84672,3695.15,0,18.483,0,0.204422,1.6712,2.23722,1.45529,2.65755,0.42336,18.483,0.42336,0,0,442.007,0,0.591667,0,0,0.79609,0.204422,1.028160,1,0,8.17162,0,0,0,8.17162,0
61.0047,1.98037,0,0,1.11599,0.0801107,0.36288,3.6288,57.0392,0.708716,0,0,0.340489,0.291344,0,0.66528,12.849,1,0.40836,0.36288,0,13.1653,6.00705,7.11276,0.84672,12.849,0.84672,3695.15,0,18.483,0,0.204422,1.67146,2.48043,1.45529,2.90103,0.42336,18.483,0.42336,0,0,442.007,0,0.733156,0,0,0.937578,0.204422,1.028160,1,0,10.0138,0,0,0,10.0138,0
60.1764,1.96657,0,0,1.60848,0.107328,0.36288,3.6288,56.5788,0.63016,0,0,0.450687,0.280976,0,0.66528,12.849,1,0.414206,0.36288,0,21.4798,5.87564,15.5529,0.84672,12.849,0.84672,3695.15,0,18.483,0,0.204422,1.67172,2.76148,1.42877,3.20885,0.42336,18.483,0.42336,0,0,442.007,0,0.811935,0,0,1.01636,0.204422,1.028160,1,0,18.7617,0,0,0,18.7617,0
59.6671,1.898,0,0,1.8661,0.114512,0.36288,3.6288,56.3687,0.372203,0,0,0.450505,0.288355,0,0.66528,12.849,1,0.405266,0.36288,0,27.1476,5.35081,21.7544,0.84672,12.849,0.84672,3695.15,0,18.483,0,0.204422,1.67198,3.33872,1.35756,3.85756,0.42336,18.483,0.42336,0,0,442.007,0,1.00072,0,0,1.20514,0.204422,1.028160,1,0,25.6119,0,0,0,25.6119,0
59.1828,1.89277,0,0,1.88843,0.117126,0.36288,3.6288,56.4202,0.344976,0,0,0.686559,0.290082,0,0.66528,12.849,1,0.407597,0.36288,0,24.1055,5.23152,18.8293,0.84672,12.849,0.84672,3695.15,0,18.483,0,0.999346,1.6016,4.07792,1.34612,5.33274,0.42336,18.483,0.42336,0,0,442.007,0,1.02816,0,0,2.02751,0.999346,1.028160,1,0,24.162,0,0,0,24.162,0
58.4703,1.88774,0,0,1.65466,0.116581,0.36288,3.6288,56.2092,0.345189,0,0,0.424369,0.29018,0,0.66528,12.849,1,0.409842,0.36288,0,24.4747,5.23152,19.1962,0.84672,12.849,0.84672,3695.15,0,18.483,0,0.439042,1.60185,3.21486,1.34612,3.90963,0.42336,18.483,0.42336,0,0,442.007,0,1.02816,0,0,1.4672,0.439042,1.028160,1,0,23.1058,0,0,0,23.1058,0
57.4575,1.8801,0,0,1.34603,0.115781,0.36288,3.6288,55.8243,0.444476,0,0,0.349287,0.28978,0,0.66528,12.849,1,0.413158,0.36288,0,22.4748,5.23152,17.193,0.84672,12.849,0.84672,3695.15,0,18.483,0,0.216518,1.6021,2.90478,1.34612,3.37727,0.42336,18.483,0.42336,0,0,442.007,0,0.929085,0,0,1.1456,0.216518,1.028160,1,0,20.5703,0,0,0,20.5703,0
56.8098,1.82062,0,0,1.70949,0.173739,0.36288,3.6288,55.7169,0.282407,0,0,0.44319,0.268169,0,0.66528,12.849,1,0.407139,0.36288,0,27.8087,4.73261,23.0318,0.84672,12.849,0.84672,3695.15,0,18.483,0,0.45665,1.60235,3.17549,1.18659,4.0479,0.42336,18.483,0.42336,0,0,442.007,0,1.02816,0,0,1.48481,0.45665,1.028160,1,0,27.0797,0,0,0,27.0797,0
55.7293,1.81361,0,0,1.30668,0.210687,0.36288,3.6288,55.5807,0.282611,0,0,0.420674,0.274283,0,0.66528,12.849,1,0.410194,0.36288,0,22.2223,4.55185,17.6231,0.84672,12.849,0.84672,3695.15,0,18.483,0,0.456019,1.53978,2.89809,1.12531,3.76858,0.42336,18.483,0.42336,0,0,442.007,0,1.02816,0,0,1.48418,0.456019,1.028160,1,0,21.3917,0,0,0,21.3917,0
55.3943,1.80147,0,0,2.03785,0.208441,0.36288,3.6288,55.6475,0.282814,0,0,0.623748,0.274039,0,0.66528,12.849,1,0.41535,0.36288,0,37.8732,4.55185,33.2689,0.84672,12.849,0.84672,3695.15,0,18.483,0,1.07406,1.54002,6.11791,1.12531,7.60668,0.42336,18.483,0.42336,0,0,442.007,0,1.02816,0,0,2.10222,1.07406,1.028160,1,0,40.8755,0,0,0,40.8755,0
56.6423,1.79784,0,0,3.6588,0.250141,0.36288,3.6288,56.1368,0.283017,0,0,1.03238,0.260144,0,0.66528,12.849,1,0.417018,0.36288,0,51.514,4.12291,47.337,0.84672,12.849,0.84672,3695.15,0,18.483,0,1.44491,1.54026,8.75633,1.06301,10.6785,0.42336,18.483,0.42336,0,0,442.007,0,1.02816,0,0,2.47307,1.44491,1.028160,1,0,58.0154,0,0,0,58.0154,0
59.0351,1.67604,0,0,4.69266,0.260897,0.36288,3.6288,56.7701,0.151497,0,0,1.03993,0.255122,0,0.66528,12.849,1,0.380201,0.36288,0,53.4684,4.11998,49.3311,0.84672,12.849,0.84672,3695.15,0,18.483,0,2.33028,1.5405,6.53899,1.05995,9.34982,0.42336,18.483,0.42336,0,0,442.007,0,1.02816,0,0,3.35844,2.33028,1.028160,1,0,58.6809,0,0,0,58.6809,0
60.4141,1.70085,0,0,3.71272,0.270008,0.36288,3.6288,57.04,0.15168,0,0,0.656665,0.23501,0,0.66528,12.849,1,0.370191,0.36288,0,74.6208,4.53128,70.0822,0.84672,12.849,0.84672,3695.15,0,18.483,0,2.26822,1.39923,6.87328,1.1039,9.43684,0.42336,18.483,0.42336,0,0,442.007,0,1.02816,0,0,3.29638,2.26822,1.028160,1,0,79.5191,0,0,0,79.5191,0
61.468,1.71469,0,0,3.40508,0.273568,0.36288,3.6288,57.1936,0.151863,0,0,0.540805,0.235423,0,0.66528,12.849,1,0.364684,0.36288,0,74.0387,4.53128,69.5057,0.84672,12.849,0.84672,3695.15,0,18.483,0,1.59256,1.39945,5.4327,1.1039,7.32082,0.42336,18.483,0.42336,0,0,442.007,0,1.02816,0,0,2.62072,1.59256,1.028160,1,0,76.8265,0,0,0,76.8265,0
63.9161,1.72506,0,0,4.80686,0.270819,0.36288,3.6288,57.8239,0.152046,0,0,1.00599,0.22363,0,0.66528,12.849,1,0.360598,0.36288,0,104.318,4.09652,100.224,0.84672,12.849,0.84672,3695.15,0,18.483,0,2.18481,1.39967,9.22327,1.00607,11.8017,0.42336,18.483,0.42336,0,0,442.007,0,1.02816,0,0,3.21297,2.18481,1.028160,1,0,112.026,0,0,0,112.026,0
66.9722,1.74793,0,0,5.43281,0.265981,0.36288,3.6288,58.5777,0.152229,0,0,1.14043,0.234374,0,0.66528,12.849,1,0.351384,0.36288,0,118.813,4.43309,114.391,0.84672,12.849,0.84672,3695.15,0,18.483,0,1.71839,1.39989,8.4084,1.08611,10.4406,0.42336,18.483,0.42336,0,0,442.007,0,1.02816,0,0,2.74655,1.71839,1.028160,1,0,124.832,0,0,0,124.832,0
72.29,1.83044,0,0,7.93726,0.25327,0.535708,3.6288,59.6331,0.190582,0,0,1.4595,0.213563,0,0.66528,12.849,1,0.35118,0.535708,0,93.4848,3.90976,89.7596,0.84672,12.849,0.84672,3695.15,0,18.483,0,2.54236,1.4001,10.2489,1.08193,13.1095,0.42336,18.483,0.42336,0,0,442.007,0,1.02816,0,0,3.57052,2.54236,1.028160,1,0,102.869,0,0,0,102.869,0
72.29,1.87466,0,0,5.68773,0.257918,3.55515,3.6288,60.0688,0.190763,0,0,0.82696,0.20044,0,0.66528,12.849,1,0.333207,3.55515,0,56.373,3.50165,56.0933,0.84672,12.849,0.84672,3695.15,0,18.483,0,1.38043,1.4451,5.51164,1.03423,7.30294,0.42336,18.483,0.42336,0,0,442.007,0,1.02816,0,0,2.40859,1.38043,1.028160,1,0,63.3962,0,0,0,63.3962,0
72.29,1.87494,0,0,4.17847,0.257918,2.04561,3.6288,60.3661,0.190945,0,0,0.689265,0.200998,0,0.66528,12.849,1,0.333256,2.04561,0,51.3161,3.50165,49.5268,0.84672,12.849,0.84672,3695.15,0,18.483,0,0.990576,1.44532,4.46995,1.03423,5.87161,0.42336,18.483,0.42336,0,0,442.007,0,1.02816,0,0,2.01874,0.990576,1.028160,1,0,55.3984,0,0,0,55.3984,0
72.29,1.87522,0,0,5.25721,0.257918,3.12407,3.6288,61.308,0.191126,0,0,1.39298,0.201379,0.0586122,0.66528,12.849,1,0.333306,3.12407,0,89.6999,3.50165,88.989,0.84672,12.849,0.84672,3695.15,0,18.483,0,1.80428,1.44553,12.6231,1.03423,14.8387,0.42336,18.483,0.42336,0,0,442.007,0,1.02816,0,0,2.83244,1.80428,1.028160,1,0,103.886,0,0,0,103.886,0
72.29,2.05843,0,0,6.32297,0.293289,3.97125,3.6288,61.308,0.334691,0,0,1.22448,0.253703,0.636084,0.66528,12.849,1,0.36587,3.97125,0,85.9829,4.21615,85.3721,0.84672,12.849,0.84672,3695.15,0,18.483,0,2.60243,1.44575,8.34356,1.27784,11.1139,0.42336,18.483,0.42336,0,0,442.007,0,1.02816,0,0,3.63059,2.60243,1.028160,1,0,97.1221,0,0,0,97.1221,0
72.29,2.05874,0,0,3.9443,0.302341,1.58322,3.6288,61.308,0.334893,0,0,0.817741,0.219045,0.263804,0.66528,12.849,1,0.365925,1.58322,0,82.4942,4.62471,79.0868,0.84672,12.849,0.84672,3695.15,0,18.483,0,1.49048,1.60588,6.79406,1.36108,8.52934,0.42336,18.483,0.42336,0,0,442.007,0,1.02816,0,0,2.51864,1.49048,1.028160,1,0,87.8799,0,0,0,87.8799,0
72.29,2.05904,0,0,4.04885,0.312866,1.67694,3.6288,61.308,0.335096,0,0,1.08197,0.212429,0.534445,0.66528,12.849,1,0.365979,1.67694,0,58.7596,4.60268,55.4679,0.84672,12.849,0.84672,3695.15,0,18.483,0,1.95134,1.60612,6.44039,1.34365,8.6542,0.42336,18.483,0.42336,0,0,442.007,0,1.02816,0,0,2.9795,1.95134,1.028160,1,0,64.6565,0,0,0,64.6565,0
72.29,2.05935,0,0,5.73153,0.312866,3.35932,3.6288,61.308,0.335299,0,0,1.2499,0.212429,0.702169,0.66528,12.849,1,0.366034,3.35932,0,57.7373,4.60268,56.1279,0.84672,12.849,0.84672,3695.15,0,18.483,0,2.67083,1.60636,8.83302,1.34365,11.7666,0.42336,18.483,0.42336,0,0,442.007,0,1.02816,0,0,3.69899,2.67083,1.028160,1,0,68.5967,0,0,0,68.5967,0
72.29,1.79858,0,0,5.54691,0.320473,3.42785,3.6288,61.308,0.142965,0,0,1.0755,0.20565,0.726884,0.66528,12.849,1,0.319684,3.42785,0,69.169,4.41004,67.8671,0.84672,12.849,0.84672,3695.15,0,18.483,0,1.89518,1.6066,7.76105,1.23168,10.0311,0.42336,18.483,0.42336,0,0,442.007,0,1.02816,0,0,2.92334,1.89518,1.028160,1,0,78.6251,0,0,0,78.6251,0
72.29,1.79885,0,0,3.30868,0.326505,1.18333,3.6288,61.308,0.143139,0,0,1.17102,0.216366,0.811518,0.66528,12.849,1,0.319732,1.18333,0,61.9696,4.58367,58.2495,0.84672,12.849,0.84672,3695.15,0,18.483,0,1.46719,1.38795,6.69621,1.15675,8.3946,0.42336,18.483,0.42336,0,0,442.007,0,1.02816,0,0,2.49535,1.46719,1.028160,1,0,67.4557,0,0,0,67.4557,0
72.29,1.79912,0,0,2.50411,0.321311,0.383688,3.6288,61.308,0.192267,0,0,0.70721,0.227431,0.287511,0.66528,12.849,1,0.319779,0.383688,0,43.0768,4.84575,38.295,0.84672,12.849,0.84672,3695.15,0,18.483,0,0.558835,1.38816,3.48373,1.23874,4.19198,0.42336,18.483,0.42336,0,0,442.007,0,0.979206,0,0,1.53804,0.558835,1.028160,1,0,42.7744,0,0,0,42.7744,0
72.29,1.79938,0,0,3.50229,0.321311,1.3816,3.6288,61.308,0.143488,0,0,1.08264,0.227431,0.711716,0.66528,12.849,1,0.319827,1.3816,0,34.605,4.84575,30.821,0.84672,12.849,0.84672,3695.15,0,18.483,0,1.67279,1.38836,6.97862,1.23874,8.80104,0.42336,18.483,0.42336,0,0,442.007,0,1.02816,0,0,2.70095,1.67279,1.028160,1,0,40.3338,0,0,0,40.3338,0
72.29,1.79965,0,0,4.82456,0.321311,2.7036,3.6288,61.308,0.143662,0,0,1.36831,0.227431,0.997215,0.66528,12.849,1,0.319874,2.7036,0,50.9396,4.84575,48.4776,0.84672,12.849,0.84672,3695.15,0,18.483,0,3.80269,1.38857,8.69944,1.23874,12.652,0.42336,18.483,0.42336,0,0,442.007,0,1.02816,0,0,4.83085,3.80269,1.028160,1,0,62.1268,0,0,0,62.1268,0
72.29,1.86568,0,0,6.6813,0.303671,4.51195,3.6288,61.308,0.190973,0,0,2.07416,0.209366,1.67382,0.66528,12.849,1,0.331611,4.51195,0,88.7657,4.34994,88.5961,0.84672,12.849,0.84672,3695.15,0,18.483,0,4.42052,1.38878,11.6581,1.01741,16.45,0.42336,18.483,0.42336,0,0,442.007,0,1.02816,0,0,5.44868,4.42052,1.028160,1,0,106.72,0,0,0,106.72,0
72.29,1.86596,0,0,4.56646,0.300731,2.39976,3.6288,61.308,0.191154,0,0,1.45109,0.206355,1.05358,0.66528,12.849,1,0.33166,2.39976,0,70.8121,4.26731,68.6129,0.84672,12.849,0.84672,3695.15,0,18.483,0,2.59301,1.44307,7.25898,0.980517,10.3145,0.42336,18.483,0.42336,0,0,442.007,0,1.02816,0,0,3.62117,2.59301,1.028160,1,0,79.9811,0,0,0,79.9811,0
72.29,1.86624,0,0,3.43106,0.300731,1.26409,3.6288,61.308,0.191336,0,0,1.13167,0.206355,0.733976,0.66528,12.849,1,0.33171,1.26409,0,45.5509,4.26731,42.216,0.84672,12.849,0.84672,3695.15,0,18.483,0,1.72681,1.44328,6.55357,0.980517,8.74314,0.42336,18.483,0.42336,0,0,442.007,0,1.02816,0,0,2.75497,1.72681,1.028160,1,0,51.6931,0,0,0,51.6931,0
72.29,1.86652,0,0,3.06473,0.26774,0.930473,3.6288,61.308,0.191517,0,0,1.00376,0.196168,0.616075,0.66528,12.849,1,0.331759,0.930473,0,47.1504,3.72533,44.0238,0.84672,12.849,0.84672,3695.15,0,18.483,0,1.47973,1.4435,6.21087,0.91815,8.21595,0.42336,18.483,0.42336,0,0,442.007,0,1.02816,0,0,2.50789,1.47973,1.028160,1,0,52.8558,0,0,0,52.8558,0
72.29,1.84106,0,0,3.87805,0.226726,1.81026,3.6288,61.308,0.17338,0,0,1.04175,0.167967,0.700404,0.66528,12.849,1,0.327235,1.81026,0,56.1336,3.55556,54.0611,0.84672,12.849,0.84672,3695.15,0,18.483,0,1.7462,1.44371,6.37819,0.955559,8.61254,0.42336,18.483,0.42336,0,0,442.007,0,1.02816,0,0,2.77436,1.7462,1.028160,1,0,63.3741,0,0,0,63.3741,0
72.29,1.84134,0,0,3.1178,0.241145,1.03532,3.6288,61.308,0.173559,0,0,0.89475,0.179282,0.541909,0.66528,12.849,1,0.327284,1.03532,0,42.4583,4.26286,38.9034,0.84672,12.849,0.84672,3695.15,0,18.483,0,1.18401,1.42286,5.32875,1.08544,6.85017,0.42336,18.483,0.42336,0,0,442.007,0,1.02816,0,0,2.21217,1.18401,1.028160,1,0,46.2955,0,0,0,46.2955,0
72.29,1.84161,0,0,2.78199,0.21987,0.720502,3.6288,61.308,0.173738,0,0,0.750479,0.209366,0.367376,0.66528,12.849,1,0.327333,0.720502,0,37.726,4.57899,33.5401,0.84672,12.849,0.84672,3695.15,0,18.483,0,1.01979,1.42307,4.83833,1.11034,6.17085,0.42336,18.483,0.42336,0,0,442.007,0,1.02816,0,0,2.04795,1.01979,1.028160,1,0,40.0784,0,0,0,40.0784,0
72.29,1.84189,0,0,2.61821,0.163691,0.612627,3.6288,61.308,0.173916,0,0,0.746349,0.235524,0.336908,0.66528,12.849,1,0.327381,0.612627,0,35.1817,4.80963,30.6574,0.84672,12.849,0.84672,3695.15,0,18.483,0,0.988606,1.42329,4.815,1.12411,6.10278,0.42336,18.483,0.42336,0,0,442.007,0,1.02816,0,0,2.01677,0.988606,1.028160,1,0,37.097,0,0,0,37.097,0
72.29,1.92955,0,0,2.57489,0.161012,0.484333,3.6288,61.308,0.239096,0,0,0.757158,0.234296,0.283766,0.66528,12.849,1,0.342962,0.484333,0,33.4349,4.73777,28.8385,0.84672,12.849,0.84672,3695.15,0,18.483,0,1.04402,1.4235,5.20492,1.09509,6.57734,0.42336,18.483,0.42336,0,0,442.007,0,1.02816,0,0,2.07218,1.04402,1.028160,1,0,35.6996,0,0,0,35.6996,0
72.29,1.92983,0,0,2.50783,0.144939,0.433056,3.6288,61.308,0.239284,0,0,0.741364,0.226928,0.275152,0.66528,12.849,1,0.343013,0.433056,0,28.1365,4.30658,23.92,0.84672,12.849,0.84672,3695.15,0,18.483,0,0.839722,1.4974,3.84782,0.920987,5.26395,0.42336,18.483,0.42336,0,0,442.007,0,1.02816,0,0,1.86788,0.839722,1.028160,1,0,29.4591,0,0,0,29.4591,0
72.0255,1.93012,0,0,2.17344,0.144939,0.36288,3.6288,61.308,0.239473,0,0,0.680556,0.226928,0.214155,0.66528,12.849,1,0.343064,0.36288,0,26.4035,4.30658,22.1167,0.84672,12.849,0.84672,3695.15,0,18.483,0,0.866195,1.49763,3.89452,0.920987,5.33736,0.42336,18.483,0.42336,0,0,442.007,0,1.02816,0,0,1.89435,0.866195,1.028160,1,0,27.6682,0,0,0,27.6682,0
71.5603,1.92827,0,0,1.97058,0.144648,0.36288,3.6288,61.308,0.239661,0,0,0.591929,0.226928,0.12534,0.66528,12.849,1,0.343994,0.36288,0,24.3135,4.30658,20.0258,0.84672,12.849,0.84672,3695.15,0,18.483,0,0.661798,1.49785,3.68253,0.920987,4.92119,0.42336,18.483,0.42336,0,0,442.007,0,1.02816,0,0,1.68996,0.661798,1.028160,1,0,25.0723,0,0,0,25.0723,0
71.005,1.92476,0,0,1.84815,0.115793,0.36288,3.6288,61.308,0.23985,0,0,0.548815,0.256562,0.0524037,0.66528,12.849,1,0.3456,0.36288,0,23.2721,4.89347,18.3959,0.84672,12.849,0.84672,3695.15,0,18.483,0,0.547137,1.49807,3.53208,1.08114,4.49614,0.42336,18.483,0.42336,0,0,442.007,0,1.02816,0,0,1.5753,0.547137,1.028160,1,0,22.9445,0,0,0,22.9445,0
70.3848,1.90327,0,0,1.75588,0.10989,0.36288,3.6288,61.308,0.27579,0,0,0.683421,0.258172,0.149458,0.66528,12.849,1,0.344415,0.36288,0,25.9419,4.95753,21.0029,0.84672,12.849,0.84672,3695.15,0,18.483,0,0.54661,1.49829,4.31134,1.05127,5.30498,0.42336,18.483,0.42336,0,0,442.007,0,1.02816,0,0,1.57477,0.54661,1.028160,1,0,26.4573,0,0,0,26.4573,0
69.7124,1.89844,0,0,1.69817,0.10925,0.36288,3.6288,61.308,0.275984,0,0,0.671924,0.257618,0.138322,0.66528,12.849,1,0.346566,0.36288,0,24.914,4.9519,19.9785,0.84672,12.849,0.84672,3695.15,0,18.483,0,0.555716,1.52149,4.56954,1.04184,5.60491,0.42336,18.483,0.42336,0,0,442.007,0,1.02816,0,0,1.58388,0.555716,1.028160,1,0,25.7217,0,0,0,25.7217,0
68.9246,1.89309,0,0,1.54869,0.0805416,0.36288,3.6288,61.308,0.276178,0,0,0.654221,0.304251,0.0737909,0.66528,12.849,1,0.348924,0.36288,0,23.6924,5.60341,18.103,0.84672,12.849,0.84672,3695.15,0,18.483,0,0.426168,1.52172,4.40415,1.26234,5.0897,0.42336,18.483,0.42336,0,0,442.007,0,1.02816,0,0,1.45433,0.426168,1.028160,1,0,23.2665,0,0,0,23.2665,0
67.9981,1.88669,0,0,1.39915,0.0760907,0.36288,3.6288,61.308,0.276373,0,0,0.618339,0.302645,0.0393208,0.66528,12.849,1,0.351719,0.36288,0,21.7025,6.1866,15.527,0.84672,12.849,0.84672,3695.15,0,18.483,0,0.465644,1.52195,4.35601,1.47512,4.86848,0.42336,18.483,0.42336,0,0,442.007,0,1.02816,0,0,1.4938,0.465644,1.028160,1,0,20.4348,0,0,0,20.4348,0
67.0622,1.92282,0,0,1.41558,0.0657725,0.36288,3.6288,61.2878,0.308448,0,0,0.594699,0.30649,0,0.66528,12.849,1,0.363338,0.36288,0,20.1023,6.12963,13.9723,0.84672,12.849,0.84672,3695.15,0,18.483,0,0.371658,1.52217,3.99323,1.45539,4.43167,0.42336,18.483,0.42336,0,0,442.007,0,1.02816,0,0,1.39982,0.371658,1.028160,1,0,18.4039,0,0,0,18.4039,0
66.3491,1.91468,0,0,1.6168,0.0523595,0.36288,3.6288,61.308,0.308647,0,0,0.734875,0.311577,0.0944114,0.66528,12.849,1,0.366849,0.36288,0,25.3059,6.05367,19.2482,0.84672,12.849,0.84672,3695.15,0,18.483,0,0.427533,1.55903,3.99672,1.42907,4.55422,0.42336,18.483,0.42336,0,0,442.007,0,1.02816,0,0,1.45569,0.427533,1.028160,1,0,23.8969,0,0,0,23.8969,0
65.5141,1.90843,0,0,1.48835,0.0520645,0.36288,3.6288,61.308,0.308846,0,0,0.623004,0.311617,0.00254148,0.66528,12.849,1,0.369582,0.36288,0,20.7859,6.05367,14.7255,0.84672,12.849,0.84672,3695.15,0,18.483,0,0.515791,1.55927,3.86446,1.42907,4.51044,0.42336,18.483,0.42336,0,0,442.007,0,1.02816,0,0,1.54395,0.515791,1.028160,1,0,19.2385,0,0,0,19.2385,0
64.5613,1.90094,0,0,1.36281,0.051719,0.36288,3.6288,61.2644,0.309045,0,0,0.577039,0.311617,0,0.66528,12.849,1,0.372824,0.36288,0,19.757,6.05367,13.6934,0.84672,12.849,0.84672,3695.15,0,18.483,0,0.291661,1.5595,3.39681,1.42907,3.8189,0.42336,18.483,0.42336,0,0,442.007,0,1.02816,0,0,1.31982,0.291661,1.028160,1,0,17.5123,0,0,0,17.5123,0
63.5777,2.01856,0,0,1.43991,0.042098,0.36288,3.6288,61.1857,0.424389,0,0,0.662434,0.316709,0,0.66528,12.849,1,0.401735,0.36288,0,19.3769,6.20322,13.1349,0.84672,12.849,0.84672,3695.15,0,18.483,0,0.55563,1.55973,4.49355,1.45895,5.14996,0.42336,18.483,0.42336,0,0,442.007,0,1.02816,0,0,1.58379,0.55563,1.028160,1,0,18.2848,0,0,0,18.2848,0
62.4379,2.00871,0,0,1.2731,0.0412844,0.36288,3.6288,60.8535,0.53772,0,0,0.519986,0.314448,0,0.66528,12.849,1,0.405959,0.36288,0,14.1254,6.15174,7.93063,0.84672,12.849,0.84672,3695.15,0,18.483,0,0.227405,1.6841,3.49157,1.46097,3.94211,0.42336,18.483,0.42336,0,0,442.007,0,0.915045,0,0,1.14245,0.227405,1.028160,1,0,11.8727,0,0,0,11.8727,0
61.1544,1.99697,0,0,1.1172,0.0409021,0.36288,3.6288,60.4756,0.565844,0,0,0.501653,0.313787,0,0.66528,12.849,1,0.410954,0.36288,0,17.9558,6.15174,11.756,0.84672,12.849,0.84672,3695.15,0,18.483,0,0.204422,1.68435,3.35288,1.46097,3.78069,0.42336,18.483,0.42336,0,0,442.007,0,0.887138,0,0,1.09156,0.204422,1.028160,1,0,15.5367,0,0,0,15.5367,0
59.9087,1.98336,0,0,1.14101,0.0404715,0.36288,3.6288,60.2338,0.504172,0,0,0.57545,0.313035,0,0.66528,12.849,1,0.41672,0.36288,0,15.5542,6.15174,9.34867,0.84672,12.849,0.84672,3695.15,0,18.483,0,0.204422,1.6846,3.48192,1.46097,3.90998,0.42336,18.483,0.42336,0,0,442.007,0,0.949026,0,0,1.15345,0.204422,1.028160,1,0,13.2586,0,0,0,13.2586,0
58.6861,1.96978,0,0,1.15126,0.0411833,0.36288,3.6288,60.0826,0.425254,0,0,0.5798,0.305706,0,0.66528,12.849,1,0.422472,0.36288,0,15.7823,5.96689,9.75586,0.84672,12.849,0.84672,3695.15,0,18.483,0,0.407074,1.68485,4.45357,1.38901,5.15648,0.42336,18.483,0.42336,0,0,442.007,0,1.02816,0,0,1.43523,0.407074,1.028160,1,0,14.9123,0,0,0,14.9123,0
57.44,1.8964,0,0,1.11569,0.102483,0.36288,3.6288,59.7778,0.482685,0,0,0.440462,0.262626,0,0.66528,12.849,1,0.415206,0.36288,0,16.1692,5.45692,10.6599,0.84672,12.849,0.84672,3695.15,0,18.483,0,0.204422,1.6851,3.41197,1.2036,4.09789,0.42336,18.483,0.42336,0,0,442.007,0,0.901005,0,0,1.10543,0.204422,1.028160,1,0,14.7578,0,0,0,14.7578,0
56.2227,1.88247,0,0,1.17971,0.151689,0.36288,3.6288,59.4777,0.562465,0,0,0.505173,0.242813,0,0.66528,12.849,1,0.421097,0.36288,0,18.4473,4.69032,13.6987,0.84672,12.849,0.84672,3695.15,0,18.483,0,0.216518,1.61416,3.78031,1.00941,4.60158,0.42336,18.483,0.42336,0,0,442.007,0,0.821431,0,0,1.03795,0.216518,1.028160,1,0,18.3003,0,0,0,18.3003,0
55.0513,1.86847,0,0,1.23015,0.170174,0.36288,3.6288,59.6754,0.355942,0,0,0.789184,0.235541,0,0.66528,12.849,1,0.427015,0.36288,0,18.8195,4.41871,14.3366,0.84672,12.849,0.84672,3695.15,0,18.483,0,0.497215,1.6144,5.22358,0.947885,6.38731,0.42336,18.483,0.42336,0,0,442.007,0,1.02816,0,0,1.52537,0.497215,1.028160,1,0,20.7239,0,0,0,20.7239,0
53.8847,1.85463,0,0,1.21909,0.168197,0.36288,3.6288,60.0034,0.356148,0,0,0.919996,0.235839,0,0.66528,12.849,1,0.43287,0.36288,0,18.4196,4.41871,13.9309,0.84672,12.849,0.84672,3695.15,0,18.483,0,0.744535,1.61464,5.28365,0.947885,6.69494,0.42336,18.483,0.42336,0,0,442.007,0,1.02816,0,0,1.77269,0.744535,1.028160,1,0,20.6258,0,0,0,20.6258,0
52.9518,1.79291,0,0,1.40256,0.179625,0.36288,3.6288,60.3187,0.292653,0,0,0.811158,0.203169,0,0.66528,12.849,1,0.427525,0.36288,0,23.3075,4.1923,19.0506,0.84672,12.849,0.84672,3695.15,0,18.483,0,0.771725,1.61488,5.152,0.96064,6.57796,0.42336,18.483,0.42336,0,0,442.007,0,1.02816,0,0,1.79988,0.771725,1.028160,1,0,25.6285,0,0,0,25.6285,0
52.7549,1.78163,0,0,2.1411,0.193522,0.36288,3.6288,60.7827,0.29285,0,0,0.959446,0.202604,0,0.66528,12.849,1,0.432321,0.36288,0,50.5574,4.02942,46.4585,0.84672,12.849,0.84672,3695.15,0,18.483,0,1.56829,1.55182,6.94207,1.06615,8.99603,0.42336,18.483,0.42336,0,0,442.007,0,1.02816,0,0,2.59645,1.56829,1.028160,1,0,55.4546,0,0,0,55.4546,0
53.2631,1.77943,0,0,2.8902,0.239755,0.36288,3.6288,61.308,0.293046,0,0,1.13838,0.16605,0.154003,0.66528,12.849,1,0.433398,0.36288,0,53.1546,3.4251,49.659,0.84672,12.849,0.84672,3695.15,0,18.483,0,1.54008,1.55205,8.49096,0.857355,10.7257,0.42336,18.483,0.42336,0,0,442.007,0,1.02816,0,0,2.56824,1.54008,1.028160,1,0,60.5387,0,0,0,60.5387,0
54.6905,1.78604,0,0,3.81739,0.241007,0.36288,3.6288,61.308,0.293243,0,0,1.43383,0.166603,0.973988,0.66528,12.849,1,0.430859,0.36288,0,58.2192,3.4251,54.7261,0.84672,12.849,0.84672,3695.15,0,18.483,0,2.08514,1.55228,10.2191,0.857355,12.9992,0.42336,18.483,0.42336,0,0,442.007,0,1.02816,0,0,3.1133,2.08514,1.028160,1,0,68.6993,0,0,0,68.6993,0
55.9649,1.6679,0,0,3.54968,0.244524,0.36288,3.6288,61.308,0.16069,0,0,2.17273,0.166603,1.84543,0.66528,12.849,1,0.391857,0.36288,0,103.828,3.4251,100.374,0.84672,12.849,0.84672,3695.15,0,18.483,0,2.05288,1.55251,13.1744,0.857355,15.9225,0.42336,18.483,0.42336,0,0,442.007,0,1.02816,0,0,3.08104,2.05288,1.028160,1,0,118.142,0,0,0,118.142,0
58.1159,1.6821,0,0,4.44779,0.251814,0.36288,3.6288,61.308,0.160867,0,0,3.12377,0.226108,2.7368,0.66528,12.849,1,0.386194,0.36288,0,136.398,4.86318,131.511,0.84672,12.849,0.84672,3695.15,0,18.483,0,3.25484,1.41014,14.0478,1.29882,17.4139,0.42336,18.483,0.42336,0,0,442.007,0,1.02816,0,0,4.283,3.25484,1.028160,1,0,151.662,0,0,0,151.662,0
60.2251,1.705,0,0,4.43428,0.257202,0.36288,3.6288,61.308,0.161044,0,0,1.5945,0.226108,1.20735,0.66528,12.849,1,0.376964,0.36288,0,107.054,4.86318,102.177,0.84672,12.849,0.84672,3695.15,0,18.483,0,2.07862,1.41035,8.60579,1.29882,10.7959,0.42336,18.483,0.42336,0,0,442.007,0,1.02816,0,0,3.10678,2.07862,1.028160,1,0,114.18,0,0,0,114.18,0
62.3457,1.72644,0,0,4.47244,0.262485,0.36288,3.6288,61.308,0.161221,0,0,2.45267,0.226108,2.06534,0.66528,12.849,1,0.368334,0.36288,0,128.399,4.86318,123.53,0.84672,12.849,0.84672,3695.15,0,18.483,0,3.66562,1.41056,15.8091,1.29882,19.5865,0.42336,18.483,0.42336,0,0,442.007,0,1.02816,0,0,4.69378,3.66562,1.028160,1,0,145.182,0,0,0,145.182,0
62.7692,1.74703,0,0,2.79308,0.259731,0.36288,3.6288,61.308,0.161398,0,0,1.03865,0.200361,0.676891,0.66528,12.849,1,0.36005,0.36288,0,74.4509,4.3945,70.0592,0.84672,12.849,0.84672,3695.15,0,18.483,0,1.28739,1.41077,6.81033,1.16403,8.34445,0.42336,18.483,0.42336,0,0,442.007,0,1.02816,0,0,2.31555,1.28739,1.028160,1,0,79.0806,0,0,0,79.0806,0
65.1355,1.8061,0,0,4.78283,0.247482,0.36288,3.6288,61.308,0.200042,0,0,1.03742,0.182404,0.654976,0.66528,12.849,1,0.369713,0.36288,0,119.557,3.29596,116.254,0.84672,12.849,0.84672,3695.15,0,18.483,0,1.2371,1.41098,7.75276,0.789363,9.61147,0.42336,18.483,0.42336,0,0,442.007,0,1.02816,0,0,2.26526,1.2371,1.028160,1,0,126.521,0,0,0,126.521,0
67.893,1.82847,0,0,5.19861,0.249818,0.36288,3.6288,61.308,0.200217,0,0,0.957407,0.194685,0.562505,0.66528,12.849,1,0.360695,0.36288,0,81.6886,2.94074,78.7501,0.84672,12.849,0.84672,3695.15,0,18.483,0,1.56689,1.45632,5.90326,0.643145,8.28333,0.42336,18.483,0.42336,0,0,442.007,0,1.02816,0,0,2.59505,1.56689,1.028160,1,0,87.5959,0,0,0,87.5959,0
71.0563,1.85318,0,0,5.63475,0.255344,0.36288,3.6288,61.308,0.200392,0,0,1.12107,0.194685,0.725989,0.66528,12.849,1,0.350721,0.36288,0,90.212,2.94074,87.2834,0.84672,12.849,0.84672,3695.15,0,18.483,0,2.04296,1.45653,8.27521,0.643145,11.1316,0.42336,18.483,0.42336,0,0,442.007,0,1.02816,0,0,3.07112,2.04296,1.028160,1,0,99.1409,0,0,0,99.1409,0
72.29,1.87987,0,0,7.76987,0.332181,4.32412,3.6288,61.308,0.200568,0,0,1.21293,0.165083,0.847275,0.66528,12.849,1,0.339934,4.32412,0,93.9229,3.18167,94.7254,0.84672,12.849,0.84672,3695.15,0,18.483,0,2.22251,1.45673,11.1954,0.789282,14.0853,0.42336,18.483,0.42336,0,0,442.007,0,1.02816,0,0,3.25067,2.22251,1.028160,1,0,109.658,0,0,0,109.658,0
72.29,2.07436,0,0,7.5654,0.353514,5.13753,3.6288,61.308,0.345236,0,0,1.09226,0.157921,0.589103,0.66528,12.849,1,0.368701,5.13753,0,140.269,3.25468,141.783,0.84672,12.849,0.84672,3695.15,0,18.483,0,2.26405,1.45694,12.7809,0.800728,15.7012,0.42336,18.483,0.42336,0,0,442.007,0,1.02816,0,0,3.29221,2.26405,1.028160,1,0,158.073,0,0,0,158.073,0
72.29,2.07465,0,0,6.26911,0.391513,3.80294,3.6288,61.308,0.345433,0,0,0.789083,0.144547,0.299103,0.66528,12.849,1,0.368754,3.80294,0,93.674,3.45188,93.6563,0.84672,12.849,0.84672,3695.15,0,18.483,0,1.71294,1.61831,6.70022,0.72327,9.30819,0.42336,18.483,0.42336,0,0,442.007,0,1.02816,0,0,2.7411,1.71294,1.028160,1,0,103.264,0,0,0,103.264,0
72.29,2.07495,0,0,5.24792,0.383721,2.78925,3.6288,61.308,0.345629,0,0,0.895709,0.161146,0.388934,0.66528,12.849,1,0.368807,2.78925,0,85.5567,3.845,84.1322,0.84672,12.849,0.84672,3695.15,0,18.483,0,1.90985,1.61854,7.61547,0.846257,10.2976,0.42336,18.483,0.42336,0,0,442.007,0,1.02816,0,0,2.93801,1.90985,1.028160,1,0,94.8187,0,0,0,94.8187,0
72.29,2.07525,0,0,6.20524,0.358682,3.77131,3.6288,61.308,0.345825,0,0,0.849977,0.166754,0.337398,0.66528,12.849,1,0.368859,3.77131,0,88.0554,4.72053,86.7373,0.84672,12.849,0.84672,3695.15,0,18.483,0,2.07199,1.61877,8.63508,1.15566,11.1702,0.42336,18.483,0.42336,0,0,442.007,0,1.02816,0,0,3.10015,2.07199,1.028160,1,0,98.2449,0,0,0,98.2449,0
72.29,1.81246,0,0,5.69752,0.32608,3.55898,3.6288,61.308,0.151999,0,0,0.975758,0.184506,0.639253,0.66528,12.849,1,0.32215,3.55898,0,94.5052,4.29768,93.4443,0.84672,12.849,0.84672,3695.15,0,18.483,0,2.50322,1.619,9.41155,0.904006,12.6298,0.42336,18.483,0.42336,0,0,442.007,0,1.02816,0,0,3.53138,2.50322,1.028160,1,0,106.713,0,0,0,106.713,0
72.29,1.81271,0,0,5.14023,0.328723,2.99879,3.6288,61.308,0.152168,0,0,0.937354,0.183152,0.602034,0.66528,12.849,1,0.322196,2.99879,0,84.9044,4.97259,82.6084,0.84672,12.849,0.84672,3695.15,0,18.483,0,2.00471,1.39866,9.10155,1.15656,11.3484,0.42336,18.483,0.42336,0,0,442.007,0,1.02816,0,0,3.03287,2.00471,1.028160,1,0,94.5588,0,0,0,94.5588,0
72.29,1.81297,0,0,4.87712,0.328384,2.73577,3.6288,61.308,0.152337,0,0,0.962479,0.143969,0.666173,0.66528,12.849,1,0.322242,2.73577,0,80.1101,4.64342,77.8802,0.84672,12.849,0.84672,3695.15,0,18.483,0,2.32948,1.39886,9.27167,0.997716,12.0023,0.42336,18.483,0.42336,0,0,442.007,0,1.02816,0,0,3.35764,2.32948,1.028160,1,0,90.5487,0,0,0,90.5487,0
72.29,1.81323,0,0,5.33965,0.328384,3.19803,3.6288,61.308,0.152505,0,0,0.84424,0.143969,0.547766,0.66528,12.849,1,0.322288,3.19803,0,88.6559,4.64342,86.8882,0.84672,12.849,0.84672,3695.15,0,18.483,0,1.68575,1.39906,8.62142,0.997716,10.7085,0.42336,18.483,0.42336,0,0,442.007,0,1.02816,0,0,2.71391,1.68575,1.028160,1,0,98.1445,0,0,0,98.1445,0
72.29,1.81349,0,0,4.72385,0.328384,2.58197,3.6288,61.308,0.152674,0,0,0.806561,0.143969,0.509918,0.66528,12.849,1,0.322334,2.58197,0,77.4117,4.64342,75.0279,0.84672,12.849,0.84672,3695.15,0,18.483,0,1.43447,1.39926,7.81194,0.997716,9.64796,0.42336,18.483,0.42336,0,0,442.007,0,1.02816,0,0,2.46263,1.43447,1.028160,1,0,85.1858,0,0,0,85.1858,0
72.29,1.88002,0,0,5.2002,0.343353,2.97683,3.6288,61.308,0.200342,0,0,0.847195,0.170871,0.475982,0.66528,12.849,1,0.33416,2.97683,0,86.0881,4.61861,84.1122,0.84672,12.849,0.84672,3695.15,0,18.483,0,1.50168,1.39946,6.17427,1.09717,7.97825,0.42336,18.483,0.42336,0,0,442.007,0,1.02816,0,0,2.52984,1.50168,1.028160,1,0,92.5664,0,0,0,92.5664,0
72.29,1.88029,0,0,4.24436,0.342638,2.02143,3.6288,61.308,0.200517,0,0,0.706674,0.172677,0.33348,0.66528,12.849,1,0.334207,2.02143,0,58.5458,4.8677,55.3654,0.84672,12.849,0.84672,3695.15,0,18.483,0,0.931029,1.45416,5.26798,1.13737,6.5158,0.42336,18.483,0.42336,0,0,442.007,0,1.02816,0,0,1.95919,0.931029,1.028160,1,0,62.2147,0,0,0,62.2147,0
72.29,1.88056,0,0,3.62638,0.331641,1.41418,3.6288,61.308,0.200693,0,0,0.610282,0.169281,0.240308,0.66528,12.849,1,0.334255,1.41418,0,55.344,4.68703,51.7369,0.84672,12.849,0.84672,3695.15,0,18.483,0,0.753011,1.45437,5.00851,1.11658,6.09931,0.42336,18.483,0.42336,0,0,442.007,0,1.02816,0,0,1.78117,0.753011,1.028160,1,0,58.0765,0,0,0,58.0765,0
72.29,1.88083,0,0,3.86823,0.26566,1.72174,3.6288,61.308,0.200869,0,0,0.612457,0.148907,0.262681,0.66528,12.849,1,0.334303,1.72174,0,59.9657,3.60308,57.75,0.84672,12.849,0.84672,3695.15,0,18.483,0,0.646013,1.45457,4.89434,0.991847,6.00308,0.42336,18.483,0.42336,0,0,442.007,0,1.02816,0,0,1.67417,0.646013,1.028160,1,0,64.0158,0,0,0,64.0158,0
72.29,1.85517,0,0,3.39608,0.253523,1.28739,3.6288,61.308,0.286724,0,0,0.529486,0.145378,0.0973841,0.66528,12.849,1,0.329742,1.28739,0,52.237,3.72454,49.4701,0.84672,12.849,0.84672,3695.15,0,18.483,0,0.528595,1.45478,4.36184,1.04238,5.30283,0.42336,18.483,0.42336,0,0,442.007,0,0.924022,0,0,1.45262,0.528595,1.028160,1,0,54.8703,0,0,0,54.8703,0
72.29,1.85544,0,0,3.54184,0.26979,1.41661,3.6288,61.308,0.332378,0,0,0.515665,0.156952,0.0263352,0.66528,12.849,1,0.32979,1.41661,0,53.6618,4.10918,50.6395,0.84672,12.849,0.84672,3695.15,0,18.483,0,0.528595,1.43376,4.14247,1.13243,4.97241,0.42336,18.483,0.42336,0,0,442.007,0,0.878541,0,0,1.40714,0.528595,1.028160,1,0,55.6382,0,0,0,55.6382,0
72.29,1.8557,0,0,3.24851,0.171477,1.22133,3.6288,61.2271,0.319781,0,0,0.441592,0.202729,0,0.66528,12.849,1,0.329837,1.22133,0,48.9896,4.51279,45.3683,0.84672,12.849,0.84672,3695.15,0,18.483,0,0.402797,1.43397,3.86069,1.15653,4.54093,0.42336,18.483,0.42336,0,0,442.007,0,0.891311,0,0,1.29411,0.402797,1.028160,1,0,49.9092,0,0,0,49.9092,0
72.29,1.85597,0,0,3.16024,0.171477,1.13279,3.6288,61.308,0.183105,0,0,0.48709,0.202626,0.0204417,0.66528,12.849,1,0.329884,1.13279,0,47.3464,4.51279,43.6365,0.84672,12.849,0.84672,3695.15,0,18.483,0,0.408007,1.43417,4.47626,1.15653,5.16192,0.42336,18.483,0.42336,0,0,442.007,0,1.02816,0,0,1.43617,0.408007,1.028160,1,0,48.8189,0,0,0,48.8189,0
72.29,1.94428,0,0,3.0576,0.171477,0.941839,3.6288,61.1768,0.417523,0,0,0.489025,0.202729,0,0.66528,12.849,1,0.345582,0.941839,0,44.8876,4.51279,40.971,0.84672,12.849,0.84672,3695.15,0,18.483,0,0.402797,1.43438,3.92792,1.15653,4.60857,0.42336,18.483,0.42336,0,0,442.007,0,0.859412,0,0,1.26221,0.402797,1.028160,1,0,45.5796,0,0,0,45.5796,0
72.29,1.94456,0,0,2.86179,0.185936,0.731294,3.6288,61.0005,0.392805,0,0,0.449533,0.233034,0,0.66528,12.849,1,0.345631,0.731294,0,39.8916,4.27119,36.006,0.84672,12.849,0.84672,3695.15,0,18.483,0,0.402797,1.50884,3.32853,1.15341,4.08676,0.42336,18.483,0.42336,0,0,442.007,0,0.884313,0,0,1.28711,0.402797,1.028160,1,0,40.0928,0,0,0,40.0928,0
72.29,1.94484,0,0,2.64763,0.163103,0.53969,3.6288,60.9305,0.288875,0,0,0.456994,0.238119,0,0.66528,12.849,1,0.345681,0.53969,0,36.139,4.43373,31.8993,0.84672,12.849,0.84672,3695.15,0,18.483,0,0.30119,1.50906,3.2843,1.12332,3.97122,0.42336,18.483,0.42336,0,0,442.007,0,0.988425,0,0,1.28962,0.30119,1.028160,1,0,35.8705,0,0,0,35.8705,0
72.29,1.94512,0,0,2.56516,0.163103,0.456943,3.6288,60.8353,0.33599,0,0,0.478868,0.238013,0,0.66528,12.849,1,0.34573,0.456943,0,34.2911,4.43373,29.9686,0.84672,12.849,0.84672,3695.15,0,18.483,0,0.30119,1.50927,3.40927,1.12332,4.09641,0.42336,18.483,0.42336,0,0,442.007,0,0.941492,0,0,1.24268,0.30119,1.028160,1,0,34.065,0,0,0,34.065,0
72.2209,1.9454,0,0,2.40227,0.163103,0.36288,3.6288,60.5903,0.448916,0,0,0.441764,0.23787,0,0.66528,12.849,1,0.34578,0.36288,0,32.1405,4.43373,27.7239,0.84672,12.849,0.84672,3695.15,0,18.483,0,0.30119,1.50949,3.08904,1.12332,3.7764,0.42336,18.483,0.42336,0,0,442.007,0,0.828749,0,0,1.12994,0.30119,1.028160,1,0,31.5003,0,0,0,31.5003,0
71.7185,1.92769,0,0,1.92352,0.135314,0.36288,3.6288,60.4463,0.405056,0,0,0.463001,0.201991,0,0.66528,12.849,1,0.34296,0.36288,0,30.4911,4.65326,25.8577,0.84672,12.849,0.84672,3695.15,0,18.483,0,0.30119,1.5097,3.25695,1.06962,3.99822,0.42336,18.483,0.42336,0,0,442.007,0,0.908816,0,0,1.21001,0.30119,1.028160,1,0,29.856,0,0,0,29.856,0
70.9179,1.92389,0,0,1.60987,0.123759,0.36288,3.6288,60.4201,0.314308,0,0,0.475726,0.187616,0,0.66528,12.849,1,0.344682,0.36288,0,29.7583,4.74107,25.0355,0.84672,12.849,0.84672,3695.15,0,18.483,0,0.261274,1.53307,3.24534,1.04814,3.99154,0.42336,18.483,0.42336,0,0,442.007,0,0.999752,0,0,1.26103,0.261274,1.028160,1,0,29.027,0,0,0,29.027,0
69.9653,1.91758,0,0,1.45091,0.123003,0.36288,3.6288,60.2004,0.47507,0,0,0.443008,0.187584,0,0.66528,12.849,1,0.34743,0.36288,0,27.5814,4.74107,22.8558,0.84672,12.849,0.84672,3695.15,0,18.483,0,0.261274,1.53329,3.08998,1.04814,3.83639,0.42336,18.483,0.42336,0,0,442.007,0,0.839177,0,0,1.10045,0.261274,1.028160,1,0,26.6922,0,0,0,26.6922,0
68.9812,1.90989,0,0,1.38742,0.0987236,0.36288,3.6288,59.8883,0.48916,0,0,0.418816,0.241784,0,0.66528,12.849,1,0.350747,0.36288,0,24.8662,5.44682,19.4315,0.84672,12.849,0.84672,3695.15,0,18.483,0,0.261274,1.53351,2.93579,1.30576,3.42482,0.42336,18.483,0.42336,0,0,442.007,0,0.825276,0,0,1.08655,0.261274,1.028160,1,0,22.8563,0,0,0,22.8563,0
67.8887,1.94615,0,0,1.3047,0.0882536,0.36288,3.6288,59.4954,0.536833,0,0,0.411625,0.267732,0,0.66528,12.849,1,0.362506,0.36288,0,23.6808,5.72008,17.9611,0.84672,12.849,0.84672,3695.15,0,18.483,0,0.261274,1.53373,2.945,1.42959,3.31042,0.42336,18.483,0.42336,0,0,442.007,0,0.809914,0,0,1.07119,0.261274,1.028160,1,0,21.2715,0,0,0,21.2715,0
66.9671,1.9367,0,0,1.46438,0.0864171,0.36288,3.6288,59.1789,0.484399,0,0,0.446683,0.278751,0,0.66528,12.849,1,0.36655,0.36288,0,24.8797,5.69751,19.1785,0.84672,12.849,0.84672,3695.15,0,18.483,0,0.261274,1.57086,2.99135,1.48156,3.34192,0.42336,18.483,0.42336,0,0,442.007,0,0.86254,0,0,1.12381,0.261274,1.028160,1,0,22.5204,0,0,0,22.5204,0
65.9608,1.92859,0,0,1.37102,0.085792,0.36288,3.6288,58.8887,0.44274,0,0,0.430742,0.278187,0,0.66528,12.849,1,0.37004,0.36288,0,23.3382,5.69751,17.6335,0.84672,12.849,0.84672,3695.15,0,18.483,0,0.227405,1.57108,3.09406,1.48156,3.41099,0.42336,18.483,0.42336,0,0,442.007,0,0.904392,0,0,1.1318,0.227405,1.028160,1,0,21.0445,0,0,0,21.0445,0
64.8055,1.91953,0,0,1.21224,0.0851094,0.36288,3.6288,58.4563,0.560177,0,0,0.405494,0.277669,0,0.66528,12.849,1,0.37392,0.36288,0,22.046,5.69751,16.3374,0.84672,12.849,0.84672,3695.15,0,18.483,0,0.227405,1.57131,2.90264,1.48156,3.2198,0.42336,18.483,0.42336,0,0,442.007,0,0.787147,0,0,1.01455,0.227405,1.028160,1,0,19.5572,0,0,0,19.5572,0
63.4267,2.03633,0,0,1.09544,0.0750792,0.36288,3.6288,57.8692,0.706651,0,0,0.401489,0.281985,0,0.66528,12.849,1,0.403744,0.36288,0,20.8983,5.84706,15.0103,0.84672,12.849,0.84672,3695.15,0,18.483,0,0.227405,1.57153,2.8962,1.51144,3.18369,0.42336,18.483,0.42336,0,0,442.007,0,0.756881,0,0,0.984286,0.227405,1.028160,1,0,18.194,0,0,0,18.194,0
61.9356,2.0223,0,0,0.976415,0.0823429,0.36288,3.6288,57.0608,0.841092,0,0,0.330864,0.29813,0,0.66528,12.849,1,0.409678,0.36288,0,15.8492,5.82749,9.97493,0.84672,12.849,0.84672,3695.15,0,18.483,0,0.227405,1.69683,2.88921,1.5034,3.31005,0.42336,18.483,0.42336,0,0,442.007,0,0.62265,0,0,0.850055,0.227405,1.028160,1,0,13.285,0,0,0,13.285,0
60.5583,2.00661,0,0,1.07589,0.0836824,0.36288,3.6288,56.4637,0.675041,0,0,0.370272,0.292341,0,0.66528,12.849,1,0.416287,0.36288,0,17.0464,5.80083,11.1921,0.84672,12.849,0.84672,3695.15,0,18.483,0,0.204422,1.69708,2.77499,1.5024,3.17408,0.42336,18.483,0.42336,0,0,442.007,0,0.78891,0,0,0.993332,0.204422,1.028160,1,0,14.3662,0,0,0,14.3662,0
58.9842,1.99168,0,0,0.863222,0.0827334,0.36288,3.6288,55.5919,0.87175,0,0,0.291156,0.291207,0,0.66528,12.849,1,0.422587,0.36288,0,20.0502,5.80083,14.1896,0.84672,12.849,0.84672,3695.15,0,18.483,0,0.204422,1.69732,2.30514,1.5024,2.70448,0.42336,18.483,0.42336,0,0,442.007,0,0.59241,0,0,0.796833,0.204422,1.028160,1,0,16.8941,0,0,0,16.8941,0
57.5881,1.97401,0,0,1.02233,0.0815186,0.36288,3.6288,55.2767,0.470113,0,0,0.444442,0.289551,0,0.66528,12.849,1,0.430013,0.36288,0,17.2097,5.80083,11.3417,0.84672,12.849,0.84672,3695.15,0,18.483,0,0.204422,1.69756,3.11726,1.5024,3.51684,0.42336,18.483,0.42336,0,0,442.007,0,0.994257,0,0,1.19868,0.204422,1.028160,1,0,14.8586,0,0,0,14.8586,0
55.9996,1.89809,0,0,0.756777,0.0843146,0.36288,3.6288,54.4382,0.804761,0,0,0.286216,0.319993,0,0.66528,12.849,1,0.423499,0.36288,0,15.0308,5.87373,9.09649,0.84672,12.849,0.84672,3695.15,0,18.483,0,0.204422,1.6978,2.2982,1.49759,2.70284,0.42336,18.483,0.42336,0,0,442.007,0,0.589351,0,0,0.793773,0.204422,1.028160,1,0,11.7993,0,0,0,11.7993,0
54.348,1.87957,0,0,0.702812,0.111946,0.36288,3.6288,53.4149,0.964472,0,0,0.262812,0.321578,0,0.66528,12.849,1,0.431264,0.36288,0,10.4528,5.76276,4.6217,0.84672,12.849,0.84672,3695.15,0,18.483,0,0.216518,1.62632,1.62389,1.43708,2.02964,0.42336,18.483,0.42336,0,0,442.007,0,0.429839,0,0,0.646358,0.216518,1.028160,1,0,6.65134,0,0,0,6.65134,0
52.9076,1.85957,0,0,0.926303,0.144293,0.36288,3.6288,52.4792,0.919031,0,0,0.276302,0.293017,0,0.66528,12.849,1,0.43964,0.36288,0,10.5712,5.5419,4.95255,0.84672,12.849,0.84672,3695.15,0,18.483,0,0.216518,1.62655,1.30609,1.36123,1.78794,0.42336,18.483,0.42336,0,0,442.007,0,0.47548,0,0,0.691998,0.216518,1.028160,1,0,6.74049,0,0,0,6.74049,0
51.8829,1.8415,0,0,1.32189,0.142191,0.36288,3.6288,52.2002,0.442876,0,0,0.454745,0.290831,0,0.66528,12.849,1,0.447221,0.36288,0,19.5534,5.5419,13.9272,0.84672,12.849,0.84672,3695.15,0,18.483,0,0.216518,1.62678,2.44853,1.36123,2.93061,0.42336,18.483,0.42336,0,0,442.007,0,0.951834,0,0,1.16835,0.216518,1.028160,1,0,16.8578,0,0,0,16.8578,0
50.7821,1.7811,0,0,1.19389,0.150693,0.36288,3.6288,51.8224,0.495087,0,0,0.402547,0.285329,0,0.66528,12.849,1,0.441096,0.36288,0,30.5646,5.34003,25.1464,0.84672,12.849,0.84672,3695.15,0,18.483,0,0.216518,1.62702,2.03071,1.31952,2.55472,0.42336,18.483,0.42336,0,0,442.007,0,0.835644,0,0,1.05216,0.216518,1.028160,1,0,27.7011,0,0,0,27.7011,0
49.5721,1.76694,0,0,1.12801,0.20827,0.36288,3.6288,51.6408,0.310874,0,0,0.384805,0.255448,0,0.66528,12.849,1,0.447073,0.36288,0,30.2597,4.12881,26.0467,0.84672,12.849,0.84672,3695.15,0,18.483,0,0.216518,1.56347,2.19135,1.06931,2.90202,0.42336,18.483,0.42336,0,0,442.007,0,1.02005,0,0,1.23657,0.216518,1.028160,1,0,28.9487,0,0,0,28.9487,0
48.2015,1.75088,0,0,0.948802,0.205626,0.36288,3.6288,51.1493,0.569564,0,0,0.33314,0.255073,0,0.66528,12.849,1,0.453825,0.36288,0,21.0906,4.12881,16.8708,0.84672,12.849,0.84672,3695.15,0,18.483,0,0.292723,1.56369,2.63059,1.06931,3.41769,0.42336,18.483,0.42336,0,0,442.007,0,0.761547,0,0,1.05427,0.292723,1.028160,1,0,20.2885,0,0,0,20.2885,0
47.1621,1.73206,0,0,1.26468,0.209161,0.36288,3.6288,51.0569,0.303141,0,0,0.462498,0.2518,0,0.66528,12.849,1,0.461712,0.36288,0,37.115,4.05732,32.9589,0.84672,12.849,0.84672,3695.15,0,18.483,0,0.40894,1.56392,3.75017,1.05893,4.6641,0.42336,18.483,0.42336,0,0,442.007,0,1.02816,0,0,1.4371,0.40894,1.028160,1,0,37.623,0,0,0,37.623,0
47.8568,1.58805,0,0,2.89135,0.245689,0.36288,3.6288,51.555,0.169588,0,0,0.905764,0.238069,0,0.66528,12.849,1,0.432655,0.36288,0,47.0524,3.62838,43.3542,0.84672,12.849,0.84672,3695.15,0,18.483,0,0.868726,1.56414,6.10343,0.996629,7.53967,0.42336,18.483,0.42336,0,0,442.007,0,1.02816,0,0,1.89689,0.868726,1.028160,1,0,50.8939,0,0,0,50.8939,0
48.7875,1.59754,0,0,3.14649,0.255375,0.36288,3.6288,51.7815,0.169759,0,0,0.637758,0.241498,0,0.66528,12.849,1,0.428921,0.36288,0,62.2889,4.63431,57.5885,0.84672,12.849,0.84672,3695.15,0,18.483,0,0.830408,1.42069,6.0439,1.12339,7.17162,0.42336,18.483,0.42336,0,0,442.007,0,1.02816,0,0,1.85857,0.830408,1.028160,1,0,64.7601,0,0,0,64.7601,0
50.3356,1.60992,0,0,3.78022,0.259287,0.36288,3.6288,51.8541,0.169931,0,0,0.484917,0.242352,0,0.66528,12.849,1,0.423999,0.36288,0,57.8062,4.80196,52.9431,0.84672,12.849,0.84672,3695.15,0,18.483,0,0.629009,1.4209,4.41762,1.14452,5.32301,0.42336,18.483,0.42336,0,0,442.007,0,1.02816,0,0,1.65717,0.629009,1.028160,1,0,58.2661,0,0,0,58.2661,0
51.0835,1.62975,0,0,3.00412,0.263607,0.36288,3.6288,51.9119,0.170102,0,0,0.47036,0.242494,0,0.66528,12.849,1,0.416021,0.36288,0,58.553,4.80196,53.6979,0.84672,12.849,0.84672,3695.15,0,18.483,0,0.640907,1.4211,5.58603,1.14452,6.50352,0.42336,18.483,0.42336,0,0,442.007,0,1.02816,0,0,1.66907,0.640907,1.028160,1,0,60.2014,0,0,0,60.2014,0
51.0265,1.63919,0,0,2.19964,0.254579,0.36288,3.6288,51.3088,0.649681,0,0,0.248942,0.202346,0,0.66528,12.849,1,0.412305,0.36288,0,37.3271,4.02084,33.2569,0.84672,12.849,0.84672,3695.15,0,18.483,0,0.412474,1.4213,2.92732,0.919877,3.84122,0.42336,18.483,0.42336,0,0,442.007,0,0.548752,0,0,0.961226,0.412474,1.028160,1,0,37.0981,0,0,0,37.0981,0
51.5446,1.69006,0,0,2.82506,0.253994,0.36288,3.6288,50.8294,0.598698,0,0,0.320079,0.200802,0,0.66528,12.849,1,0.425576,0.36288,0,47.3501,3.9814,43.306,0.84672,12.849,0.84672,3695.15,0,18.483,0,0.412474,1.42151,4.1175,0.930105,5.02138,0.42336,18.483,0.42336,0,0,442.007,0,0.63866,0,0,1.05113,0.412474,1.028160,1,0,48.3273,0,0,0,48.3273,0
54.6535,1.69678,0,0,5.42931,0.260742,0.36288,3.6288,51.3166,0.209369,0,0,0.917162,0.220564,0,0.66528,12.849,1,0.422973,0.36288,0,72.0636,4.34542,67.658,0.84672,12.849,0.84672,3695.15,0,18.483,0,0.620715,1.46718,6.30587,1.06355,7.33021,0.42336,18.483,0.42336,0,0,442.007,0,1.02816,0,0,1.64887,0.620715,1.028160,1,0,74.9883,0,0,0,74.9883,0
56.8407,1.73431,0,0,4.55357,0.269177,0.36288,3.6288,51.9865,0.209539,0,0,1.10089,0.221439,0,0.66528,12.849,1,0.407736,0.36288,0,72.9125,4.34542,68.5222,0.84672,12.849,0.84672,3695.15,0,18.483,0,1.07201,1.46738,5.5757,1.06355,7.05154,0.42336,18.483,0.42336,0,0,442.007,0,1.02816,0,0,2.10017,1.07201,1.028160,1,0,75.5738,0,0,0,75.5738,0
58.1037,1.75922,0,0,3.6602,0.27511,0.36288,3.6288,52.5132,0.209709,0,0,0.959031,0.222641,0,0.66528,12.849,1,0.397676,0.36288,0,42.1635,4.34542,37.7833,0.84672,12.849,0.84672,3695.15,0,18.483,0,0.852094,1.46758,4.46846,1.06355,5.72459,0.42336,18.483,0.42336,0,0,442.007,0,1.02816,0,0,1.88025,0.852094,1.028160,1,0,43.5079,0,0,0,43.5079,0
58.5326,1.94611,0,0,3.05385,0.316004,0.36288,3.6288,52.2856,0.682141,0,0,0.653122,0.19864,0,0.66528,12.849,1,0.43036,0.36288,0,47.791,4.25729,43.4662,0.84672,12.849,0.84672,3695.15,0,18.483,0,0.503194,1.46778,5.56447,0.993823,6.54162,0.42336,18.483,0.42336,0,0,442.007,0,0.701464,0,0,1.20466,0.503194,1.028160,1,0,50.0078,0,0,0,50.0078,0
59.3857,1.95138,0,0,3.42584,0.258421,0.36288,3.6288,52.4629,0.387569,0,0,0.751818,0.186905,0,0.66528,12.849,1,0.428365,0.36288,0,55.8296,3.76953,51.9946,0.84672,12.849,0.84672,3695.15,0,18.483,0,0.503194,1.63034,4.42615,0.977668,5.58201,0.42336,18.483,0.42336,0,0,442.007,0,0.996227,0,0,1.49942,0.503194,1.028160,1,0,57.5766,0,0,0,57.5766,0
60.648,1.96148,0,0,3.85554,0.268942,0.36288,3.6288,52.6974,0.355826,0,0,0.778575,0.188221,0,0.66528,12.849,1,0.424395,0.36288,0,61.756,3.96816,57.7263,0.84672,12.849,0.84672,3695.15,0,18.483,0,0.828153,1.63056,4.88211,1.05741,6.28341,0.42336,18.483,0.42336,0,0,442.007,0,1.02816,0,0,1.85631,0.828153,1.028160,1,0,64.0097,0,0,0,64.0097,0
63.2841,1.97595,0,0,5.24712,0.272098,0.36288,3.6288,52.9125,0.356016,0,0,0.75962,0.188575,0,0.66528,12.849,1,0.418629,0.36288,0,89.3195,3.96816,85.2955,0.84672,12.849,0.84672,3695.15,0,18.483,0,1.08652,1.63078,5.59818,1.05741,7.25807,0.42336,18.483,0.42336,0,0,442.007,0,1.02816,0,0,2.11468,1.08652,1.028160,1,0,92.5536,0,0,0,92.5536,0
65.1741,1.75056,0,0,4.28146,0.278068,0.36288,3.6288,53.3637,0.160746,0,0,0.800876,0.188901,0,0.66528,12.849,1,0.355428,0.36288,0,69.1041,3.96816,65.1434,0.84672,12.849,0.84672,3695.15,0,18.483,0,0.750142,1.63101,5.09316,1.05741,6.4169,0.42336,18.483,0.42336,0,0,442.007,0,1.02816,0,0,1.7783,0.750142,1.028160,1,0,71.5603,0,0,0,71.5603,0
68.6073,1.76778,0,0,5.8775,0.313655,0.36288,3.6288,54.0281,0.160909,0,0,0.994982,0.16968,0,0.66528,12.849,1,0.348516,0.36288,0,103.715,4.04009,99.6888,0.84672,12.849,0.84672,3695.15,0,18.483,0,1.04881,1.40902,10.0827,1.0391,11.5014,0.42336,18.483,0.42336,0,0,442.007,0,1.02816,0,0,2.07697,1.04881,1.028160,1,0,111.19,0,0,0,111.19,0
71.7618,1.79722,0,0,5.63693,0.322292,0.36288,3.6288,54.8604,0.161073,0,0,1.16395,0.170535,0,0.66528,12.849,1,0.336589,0.36288,0,102.818,4.04009,98.8039,0.84672,12.849,0.84672,3695.15,0,18.483,0,1.0247,1.40922,7.81047,1.0391,9.20529,0.42336,18.483,0.42336,0,0,442.007,0,1.02816,0,0,2.05286,1.0247,1.028160,1,0,108.009,0,0,0,108.009,0
72.29,1.82258,0,0,9.70367,0.328187,7.02471,3.6288,56.3429,0.161236,0,0,1.79873,0.154994,0,0.66528,12.849,1,0.326335,7.02471,0,214.92,3.77112,217.847,0.84672,12.849,0.84672,3695.15,0,18.483,0,2.94517,1.40941,18.4214,0.993031,21.783,0.42336,18.483,0.42336,0,0,442.007,0,1.02816,0,0,3.97333,2.94517,1.028160,1,0,239.63,0,0,0,239.63,0
72.29,1.82689,0,0,8.70566,0.326776,6.552,3.6288,57.4838,0.161399,0,0,1.43656,0.134319,0,0.66528,12.849,1,0.324716,6.552,0,205.315,3.4125,208.13,0.84672,12.849,0.84672,3695.15,0,18.483,0,2.3912,1.40961,11.939,0.931611,14.8082,0.42336,18.483,0.42336,0,0,442.007,0,1.02816,0,0,3.41936,2.3912,1.028160,1,0,222.938,0,0,0,222.938,0
72.29,1.8939,0,0,8.82498,0.358622,6.57246,3.6288,58.5879,0.209412,0,0,1.45085,0.137305,0,0.66528,12.849,1,0.336627,6.57246,0,251.633,3.23892,254.63,0.84672,12.849,0.84672,3695.15,0,18.483,0,2.05356,1.4098,16.5226,0.900342,19.0856,0.42336,18.483,0.42336,0,0,442.007,0,1.02816,0,0,3.08172,2.05356,1.028160,1,0,273.716,0,0,0,273.716,0
72.29,1.89416,0,0,8.59481,0.352911,6.34774,3.6288,59.6276,0.209582,0,0,1.3825,0.133253,0,0.66528,12.849,1,0.336673,6.34774,0,173.614,3.40633,176.219,0.84672,12.849,0.84672,3695.15,0,18.483,0,2.03191,1.46489,10.9109,0.934685,13.4731,0.42336,18.483,0.42336,0,0,442.007,0,1.02816,0,0,3.06007,2.03191,1.028160,1,0,189.692,0,0,0,189.692,0
72.29,1.89442,0,0,6.03116,0.341073,3.79566,3.6288,60.2814,0.209753,0,0,0.995103,0.131513,0,0.66528,12.849,1,0.336719,3.79566,0,141.946,3.52537,141.879,0.84672,12.849,0.84672,3695.15,0,18.483,0,1.583,1.4651,8.26978,0.957803,10.3601,0.42336,18.483,0.42336,0,0,442.007,0,1.02816,0,0,2.61116,1.583,1.028160,1,0,152.239,0,0,0,152.239,0
72.29,1.89468,0,0,5.33302,0.341073,3.09727,3.6288,61.0055,0.209923,0,0,1.06612,0.132062,0,0.66528,12.849,1,0.336766,3.09727,0,122.756,3.52537,121.991,0.84672,12.849,0.84672,3695.15,0,18.483,0,1.42205,1.4653,8.09689,0.957803,10.0264,0.42336,18.483,0.42336,0,0,442.007,0,1.02816,0,0,2.45021,1.42205,1.028160,1,0,132.018,0,0,0,132.018,0
72.29,1.86883,0,0,4.89854,0.329048,2.70067,3.6288,61.308,0.191498,0,0,1.01987,0.146229,0.379691,0.66528,12.849,1,0.33217,2.70067,0,122.232,3.4926,121.108,0.84672,12.849,0.84672,3695.15,0,18.483,0,1.25387,1.4655,9.76329,0.982357,11.5003,0.42336,18.483,0.42336,0,0,442.007,0,1.02816,0,0,2.28203,1.25387,1.028160,1,0,132.988,0,0,0,132.988,0
72.29,1.86908,0,0,4.58171,0.293753,2.41888,3.6288,61.308,0.191666,0,0,0.751766,0.175783,0.384317,0.66528,12.849,1,0.332215,2.41888,0,102.34,3.59436,100.832,0.84672,12.849,0.84672,3695.15,0,18.483,0,1.0497,1.44432,6.97404,1.06795,8.4001,0.42336,18.483,0.42336,0,0,442.007,0,1.02816,0,0,2.07786,1.0497,1.028160,1,0,109.617,0,0,0,109.617,0
72.29,1.86934,0,0,4.16462,0.293753,2.00152,3.6288,61.308,0.191833,0,0,0.629338,0.175783,0.261721,0.66528,12.849,1,0.332261,2.00152,0,94.4171,3.59436,92.492,0.84672,12.849,0.84672,3695.15,0,18.483,0,0.736577,1.44452,6.29122,1.06795,7.40437,0.42336,18.483,0.42336,0,0,442.007,0,1.02816,0,0,1.76474,0.736577,1.028160,1,0,100.158,0,0,0,100.158,0
72.29,1.8696,0,0,4.07976,0.259386,1.95077,3.6288,61.308,0.192001,0,0,0.606696,0.185853,0.228842,0.66528,12.849,1,0.332307,1.95077,0,91.1848,3.71658,89.0867,0.84672,12.849,0.84672,3695.15,0,18.483,0,0.706864,1.44471,6.25552,1.00769,7.39942,0.42336,18.483,0.42336,0,0,442.007,0,1.02816,0,0,1.73502,0.706864,1.028160,1,0,96.715,0,0,0,96.715,0
72.29,1.95855,0,0,3.86812,0.206108,1.70346,3.6288,61.308,0.258146,0,0,0.586672,0.198348,0.130177,0.66528,12.849,1,0.348118,1.70346,0,84.2314,4.09584,81.4909,0.84672,12.849,0.84672,3695.15,0,18.483,0,0.667872,1.44491,5.52731,0.937479,6.70262,0.42336,18.483,0.42336,0,0,442.007,0,1.02816,0,0,1.69603,0.667872,1.028160,1,0,88.3237,0,0,0,88.3237,0
72.29,1.95882,0,0,3.11622,0.223911,0.933489,3.6288,61.2572,0.378047,0,0,0.527698,0.200472,0,0.66528,12.849,1,0.348166,0.933489,0,56.0275,4.37398,52.2388,0.84672,12.849,0.84672,3695.15,0,18.483,0,0.402797,1.51991,4.51509,0.957748,5.48005,0.42336,18.483,0.42336,0,0,442.007,0,0.908436,0,0,1.31123,0.402797,1.028160,1,0,57.7189,0,0,0,57.7189,0
72.29,1.95909,0,0,3.07604,0.168361,0.948586,3.6288,61.308,0.2585,0,0,0.603418,0.211383,0.0827142,0.66528,12.849,1,0.348214,0.948586,0,55.3272,4.62492,51.3026,0.84672,12.849,0.84672,3695.15,0,18.483,0,0.605085,1.52012,5.1292,0.993757,6.26065,0.42336,18.483,0.42336,0,0,442.007,0,1.02816,0,0,1.63325,0.605085,1.028160,1,0,57.646,0,0,0,57.646,0
72.29,1.95936,0,0,2.73695,0.120853,0.656739,3.6288,61.308,0.258677,0,0,0.494764,0.228347,0.00773989,0.66528,12.849,1,0.348262,0.656739,0,51.3165,4.85163,46.7733,0.84672,12.849,0.84672,3695.15,0,18.483,0,0.359018,1.52033,4.39108,1.03937,5.23106,0.42336,18.483,0.42336,0,0,442.007,0,1.02816,0,0,1.38718,0.359018,1.028160,1,0,52.0122,0,0,0,52.0122,0
72.29,1.95963,0,0,2.55734,0.120853,0.476861,3.6288,61.0877,0.386907,0,0,0.394912,0.228347,0,0.66528,12.849,1,0.34831,0.476861,0,47.2578,4.85163,42.5347,0.84672,12.849,0.84672,3695.15,0,18.483,0,0.30119,1.52054,4.05965,1.03937,4.84201,0.42336,18.483,0.42336,0,0,442.007,0,0.900107,0,0,1.2013,0.30119,1.028160,1,0,47.3767,0,0,0,47.3767,0
72.0136,1.94235,0,0,2.14389,0.115088,0.36288,3.6288,60.7092,0.543562,0,0,0.415489,0.250389,0,0.66528,12.849,1,0.345237,0.36288,0,41.7791,5.06229,36.7344,0.84672,12.849,0.84672,3695.15,0,18.483,0,0.30119,1.52075,3.37072,1.17714,4.01552,0.42336,18.483,0.42336,0,0,442.007,0,0.779916,0,0,1.08111,0.30119,1.028160,1,0,40.7499,0,0,0,40.7499,0
71.3953,1.94036,0,0,1.79552,0.110533,0.36288,3.6288,60.2143,0.676592,0,0,0.448193,0.266519,0,0.66528,12.849,1,0.346208,0.36288,0,40.244,5.22029,35.0404,0.84672,12.849,0.84672,3695.15,0,18.483,0,0.30119,1.54428,2.93096,1.28048,3.49596,0.42336,18.483,0.42336,0,0,442.007,0,0.647067,0,0,0.948257,0.30119,1.028160,1,0,38.5363,0,0,0,38.5363,0
70.6369,1.93555,0,0,1.65004,0.110013,0.36288,3.6288,59.7474,0.63646,0,0,0.435312,0.265682,0,0.66528,12.849,1,0.34834,0.36288,0,39.6084,5.22029,34.4027,0.84672,12.849,0.84672,3695.15,0,18.483,0,0.261274,1.54449,2.95551,1.28048,3.4808,0.42336,18.483,0.42336,0,0,442.007,0,0.687381,0,0,0.948655,0.261274,1.028160,1,0,37.8835,0,0,0,37.8835,0
69.7371,1.92949,0,0,1.50193,0.109376,0.36288,3.6288,59.1263,0.763356,0,0,0.407148,0.264892,0,0.66528,12.849,1,0.350979,0.36288,0,38.024,5.22029,32.8157,0.84672,12.849,0.84672,3695.15,0,18.483,0,0.261274,1.5447,2.77644,1.28048,3.30194,0.42336,18.483,0.42336,0,0,442.007,0,0.560667,0,0,0.82194,0.261274,1.028160,1,0,36.1176,0,0,0,36.1176,0
68.6786,1.967,0,0,1.36636,0.0950111,0.36288,3.6288,58.3924,0.821911,0,0,0.382317,0.294327,0,0.66528,12.849,1,0.362418,0.36288,0,33.1502,5.63547,27.5152,0.84672,12.849,0.84672,3695.15,0,18.483,0,0.261274,1.54491,2.58613,1.41755,2.97478,0.42336,18.483,0.42336,0,0,442.007,0,0.534652,0,0,0.795925,0.261274,1.028160,1,0,30.49,0,0,0,30.49,0
67.6648,1.95791,0,0,1.38506,0.0780697,0.36288,3.6288,57.6646,0.850376,0,0,0.446775,0.324258,0,0.66528,12.849,1,0.366304,0.36288,0,35.7063,6.15048,29.5524,0.84672,12.849,0.84672,3695.15,0,18.483,0,0.261274,1.58231,2.34011,1.51865,2.66504,0.42336,18.483,0.42336,0,0,442.007,0,0.506373,0,0,0.767647,0.261274,1.028160,1,0,32.2174,0,0,0,32.2174,0
66.5881,1.94903,0,0,1.3127,0.0774522,0.36288,3.6288,56.9658,0.775749,0,0,0.3997,0.322738,0,0.66528,12.849,1,0.370106,0.36288,0,31.5495,6.15048,25.3918,0.84672,12.849,0.84672,3695.15,0,18.483,0,0.261274,1.58253,2.44418,1.51865,2.76933,0.42336,18.483,0.42336,0,0,442.007,0,0.581187,0,0,0.84246,0.261274,1.028160,1,0,28.1611,0,0,0,28.1611,0
65.4362,1.93938,0,0,1.22714,0.0767965,0.36288,3.6288,56.1997,0.814565,0,0,0.369812,0.321279,0,0.66528,12.849,1,0.374227,0.36288,0,29.9989,6.15048,23.8371,0.84672,12.849,0.84672,3695.15,0,18.483,0,0.227405,1.58274,2.14467,1.51865,2.43617,0.42336,18.483,0.42336,0,0,442.007,0,0.542557,0,0,0.769962,0.227405,1.028160,1,0,26.2733,0,0,0,26.2733,0
64.1503,2.05759,0,0,1.21065,0.0760949,0.36288,3.6288,55.4005,0.879701,0,0,0.400103,0.319679,0,0.66528,12.849,1,0.404028,0.36288,0,27.8359,6.15048,21.6443,0.84672,12.849,0.84672,3695.15,0,18.483,0,0.227405,1.58296,2.42539,1.51865,2.7171,0.42336,18.483,0.42336,0,0,442.007,0,0.594467,0,0,0.821871,0.227405,1.028160,1,0,24.3614,0,0,0,24.3614,0
62.9574,2.04461,0,0,1.2508,0.0361519,0.36288,3.6288,54.5,0.969846,0,0,0.40086,0.3315,0,0.66528,12.849,1,0.409525,0.36288,0,26.2997,6.4276,19.8255,0.84672,12.849,0.84672,3695.15,0,18.483,0,0.227405,1.70916,2.59789,1.5862,2.94826,0.42336,18.483,0.42336,0,0,442.007,0,0.504524,0,0,0.731929,0.227405,1.028160,1,0,22.7737,0,0,0,22.7737,0
61.9254,2.03225,0,0,1.39614,0.033041,0.36288,3.6288,53.7942,0.865556,0,0,0.487737,0.327964,0,0.66528,12.849,1,0.414763,0.36288,0,31.391,6.32909,25.0101,0.84672,12.849,0.84672,3695.15,0,18.483,0,0.227405,1.7094,2.62301,1.57139,2.98843,0.42336,18.483,0.42336,0,0,442.007,0,0.609016,0,0,0.836421,0.227405,1.028160,1,0,27.9985,0,0,0,27.9985,0
60.6114,2.02134,0,0,1.10298,0.0327626,0.36288,3.6288,52.7438,1.07997,0,0,0.35603,0.326419,0,0.66528,12.849,1,0.419411,0.36288,0,32.3946,6.32909,26.0089,0.84672,12.849,0.84672,3695.15,0,18.483,0,0.204422,1.70963,2.0784,1.57139,2.42106,0.42336,18.483,0.42336,0,0,442.007,0,0.394803,0,0,0.599225,0.204422,1.028160,1,0,28.43,0,0,0,28.43,0
59.5752,2.007,0,0,1.36607,0.032408,0.36288,3.6288,52.4018,0.610628,0,0,0.592318,0.323694,0,0.66528,12.849,1,0.425463,0.36288,0,28.7089,6.32909,22.3172,0.84672,12.849,0.84672,3695.15,0,18.483,0,0.204422,1.70987,3.1232,1.57139,3.46611,0.42336,18.483,0.42336,0,0,442.007,0,0.86435,0,0,1.06877,0.204422,1.028160,1,0,25.7833,0,0,0,25.7833,0
58.6126,1.93456,0,0,1.34566,0.0108346,0.36288,3.6288,51.6893,0.788854,0,0,0.394811,0.318518,0,0.66528,12.849,1,0.417241,0.36288,0,27.5352,6.00084,21.48,0.84672,12.849,0.84672,3695.15,0,18.483,0,0.204422,1.7101,3.27665,1.41189,3.77929,0.42336,18.483,0.42336,0,0,442.007,0,0.615349,0,0,0.819772,0.204422,1.028160,1,0,25.2593,0,0,0,25.2593,0
57.8945,1.92394,0,0,1.62842,0.059636,0.36288,3.6288,51.0641,0.713439,0,0,0.368603,0.28032,0,0.66528,12.849,1,0.421764,0.36288,0,27.7948,4.83564,22.9003,0.84672,12.849,0.84672,3695.15,0,18.483,0,0.204422,1.63809,3.54225,1.13011,4.25466,0.42336,18.483,0.42336,0,0,442.007,0,0.690958,0,0,0.89538,0.204422,1.028160,1,0,27.1549,0,0,0,27.1549,0
57.3582,1.91593,0,0,1.85355,0.111075,0.36288,3.6288,50.9294,0.406454,0,0,0.533025,0.26126,0,0.66528,12.849,1,0.425217,0.36288,0,27.3788,4.31351,23.0029,0.84672,12.849,0.84672,3695.15,0,18.483,0,0.216518,1.63832,4.94289,1.03339,5.76434,0.42336,18.483,0.42336,0,0,442.007,0,0.998136,0,0,1.21465,0.216518,1.028160,1,0,28.7673,0,0,0,28.7673,0
56.7393,1.90992,0,0,1.76442,0.110494,0.36288,3.6288,50.7048,0.48229,0,0,0.518636,0.260974,0,0.66528,12.849,1,0.427847,0.36288,0,34.8517,4.31351,30.4732,0.84672,12.849,0.84672,3695.15,0,18.483,0,0.216518,1.63854,4.89367,1.03339,5.71534,0.42336,18.483,0.42336,0,0,442.007,0,0.922493,0,0,1.13901,0.216518,1.028160,1,0,36.1886,0,0,0,36.1886,0
56.3963,1.85369,0,0,1.98334,0.109823,0.36288,3.6288,50.8132,0.312173,0,0,0.681069,0.260497,0,0.66528,12.849,1,0.419781,0.36288,0,69.1068,4.31351,64.7364,0.84672,12.849,0.84672,3695.15,0,18.483,0,0.367615,1.63877,6.49965,1.03339,7.47264,0.42336,18.483,0.42336,0,0,442.007,0,1.02816,0,0,1.39577,0.367615,1.028160,1,0,72.209,0,0,0,72.209,0
55.5906,1.84994,0,0,1.60667,0.19948,0.36288,3.6288,50.0888,0.882127,0,0,0.355334,0.197564,0,0.66528,12.849,1,0.421481,0.36288,0,29.4436,4.15476,25.2302,0.84672,12.849,0.84672,3695.15,0,18.483,0,0.216518,1.57475,4.40478,0.977427,5.21862,0.42336,18.483,0.42336,0,0,442.007,0,0.458391,0,0,0.674909,0.216518,1.028160,1,0,30.4488,0,0,0,30.4488,0
54.4928,1.84067,0,0,1.337,0.231269,0.36288,3.6288,49.0816,1.0633,0,0,0.248705,0.192622,0,0.66528,12.849,1,0.425446,0.36288,0,23.9211,4.1937,19.6649,0.84672,12.849,0.84672,3695.15,0,18.483,0,0.216518,1.57497,3.67756,1.02703,4.44202,0.42336,18.483,0.42336,0,0,442.007,0,0.277398,0,0,0.493917,0.216518,1.028160,1,0,24.1069,0,0,0,24.1069,0
54.0861,1.82765,0,0,2.01253,0.228734,0.36288,3.6288,49.1801,0.312726,0,0,0.602273,0.191033,0,0.66528,12.849,1,0.430947,0.36288,0,37.3022,4.1937,33.0404,0.84672,12.849,0.84672,3695.15,0,18.483,0,0.399384,1.57518,7.45699,1.02703,8.40453,0.42336,18.483,0.42336,0,0,442.007,0,1.02816,0,0,1.42754,0.399384,1.028160,1,0,41.4449,0,0,0,41.4449,0
56.6821,1.68561,0,0,4.87228,0.227795,0.36288,3.6288,50.16,0.178205,0,0,1.34927,0.191188,0,0.66528,12.849,1,0.400444,0.36288,0,97.7561,4.1937,93.5248,0.84672,12.849,0.84672,3695.15,0,18.483,0,1.2181,1.5754,11.281,1.02703,13.0475,0.42336,18.483,0.42336,0,0,442.007,0,1.02816,0,0,2.24626,1.2181,1.028160,1,0,106.572,0,0,0,106.572,0
56.4849,1.71465,0,0,2.1347,0.2543,0.36288,3.6288,50.134,0.472609,0,0,0.626203,0.179599,0,0.66528,12.849,1,0.388686,0.36288,0,80.1005,3.6852,76.3895,0.84672,12.849,0.84672,3695.15,0,18.483,0,0.292723,1.43091,4.05982,0.929165,4.85429,0.42336,18.483,0.42336,0,0,442.007,0,0.733921,0,0,1.02664,0.292723,1.028160,1,0,81.2438,0,0,0,81.2438,0
55.7494,1.71276,0,0,1.57422,0.234089,0.36288,3.6288,49.9617,0.502925,0,0,0.525213,0.194585,0,0.66528,12.849,1,0.389613,0.36288,0,36.8746,3.78651,33.0613,0.84672,12.849,0.84672,3695.15,0,18.483,0,0.292723,1.43111,3.0855,0.976333,3.833,0.42336,18.483,0.42336,0,0,442.007,0,0.703771,0,0,0.996494,0.292723,1.028160,1,0,36.8943,0,0,0,36.8943,0
56.5056,1.70497,0,0,3.05636,0.232385,0.36288,3.6288,50.2278,0.290409,0,0,0.7508,0.194311,0,0.66528,12.849,1,0.392957,0.36288,0,42.5986,3.78651,38.782,0.84672,12.849,0.84672,3695.15,0,18.483,0,0.412474,1.43131,4.41734,0.976333,5.28479,0.42336,18.483,0.42336,0,0,442.007,0,0.916453,0,0,1.32893,0.412474,1.028160,1,0,44.0668,0,0,0,44.0668,0
60.2156,1.71345,0,0,6.03161,0.245201,0.36288,3.6288,51.9247,0.178868,0,0,2.08137,0.205636,0,0.66528,12.849,1,0.389628,0.36288,0,149.13,4.01016,145.093,0.84672,12.849,0.84672,3695.15,0,18.483,0,1.68609,1.4315,9.53986,1.00916,11.6483,0.42336,18.483,0.42336,0,0,442.007,0,1.02816,0,0,2.71425,1.68609,1.028160,1,0,156.741,0,0,0,156.741,0
62.0159,1.75196,0,0,4.19604,0.280898,0.36288,3.6288,52.8151,0.178868,0,0,1.2989,0.229578,0,0.66528,12.849,1,0.373838,0.36288,0,154.385,4.6144,149.759,0.84672,12.849,0.84672,3695.15,0,18.483,0,0.88312,1.4317,7.55372,1.12694,8.74159,0.42336,18.483,0.42336,0,0,442.007,0,1.02816,0,0,1.91128,0.88312,1.028160,1,0,158.501,0,0,0,158.501,0
63.3686,1.82522,0,0,3.82094,0.280131,0.36288,3.6288,52.9265,0.328148,0,0,0.654308,0.214745,0,0.66528,12.849,1,0.378165,0.36288,0,71.1885,4.7272,66.446,0.84672,12.849,0.84672,3695.15,0,18.483,0,0.412474,1.4317,3.48016,1.21622,4.10811,0.42336,18.483,0.42336,0,0,442.007,0,0.918078,0,0,1.33055,0.412474,1.028160,1,0,70.5541,0,0,0,70.5541,0
66.067,1.83864,0,0,5.18314,0.283249,0.36288,3.6288,53.9041,0.21823,0,0,1.41077,0.214937,0,0.66528,12.849,1,0.372813,0.36288,0,73.7165,4.7272,68.9793,0.84672,12.849,0.84672,3695.15,0,18.483,0,2.69543,1.47769,9.28527,1.21622,12.2422,0.42336,18.483,0.42336,0,0,442.007,0,1.02816,0,0,3.72359,2.69543,1.028160,1,0,81.2215,0,0,0,81.2215,0
68.5811,1.86407,0,0,5.00921,0.268221,0.36288,3.6288,54.7778,0.218394,0,0,1.31115,0.219044,0,0.66528,12.849,1,0.362532,0.36288,0,96.4656,4.48976,91.9762,0.84672,12.849,0.84672,3695.15,0,18.483,0,0.869158,1.47789,7.66905,1.25668,8.75942,0.42336,18.483,0.42336,0,0,442.007,0,1.02816,0,0,1.89732,0.869158,1.028160,1,0,100.736,0,0,0,100.736,0
69.6557,1.88656,0,0,3.58896,0.264922,0.36288,3.6288,55.9727,0.218559,0,0,1.63471,0.221298,0,0.66528,12.849,1,0.353456,0.36288,0,77.7607,4.39478,73.3753,0.84672,12.849,0.84672,3695.15,0,18.483,0,0.638107,1.47808,5.61687,1.27287,6.46019,0.42336,18.483,0.42336,0,0,442.007,0,1.02816,0,0,1.66627,0.638107,1.028160,1,0,79.8355,0,0,0,79.8355,0
72.29,2.08091,0,0,5.76216,0.326824,0.72008,3.6288,57.3443,0.36533,0,0,1.92026,0.183299,0,0.66528,12.849,1,0.383854,0.72008,0,92.6587,4.3261,88.6689,0.84672,12.849,0.84672,3695.15,0,18.483,0,1.4857,1.47828,10.0488,1.03458,11.9782,0.42336,18.483,0.42336,0,0,442.007,0,1.02816,0,0,2.51386,1.4857,1.028160,1,0,100.647,0,0,0,100.647,0
72.29,2.10498,0,0,5.86886,0.343639,3.42023,3.6288,58.7151,0.365514,0,0,1.91458,0.178261,0,0.66528,12.849,1,0.374145,3.42023,0,94.1509,4.31466,92.8824,0.84672,12.849,0.84672,3695.15,0,18.483,0,1.78008,1.64198,10.664,0.994863,13.0912,0.42336,18.483,0.42336,0,0,442.007,0,1.02816,0,0,2.80824,1.78008,1.028160,1,0,105.974,0,0,0,105.974,0
72.29,2.10526,0,0,6.90298,0.343639,4.45408,3.6288,60.1836,0.365697,0,0,2.01399,0.179846,0,0.66528,12.849,1,0.374194,4.45408,0,112.903,4.31466,112.668,0.84672,12.849,0.84672,3695.15,0,18.483,0,1.72825,1.6422,11.0971,0.994863,13.4727,0.42336,18.483,0.42336,0,0,442.007,0,1.02816,0,0,2.75641,1.72825,1.028160,1,0,126.141,0,0,0,126.141,0
72.29,2.10554,0,0,7.29484,0.333131,4.85617,3.6288,61.308,0.365881,0,0,2.0349,0.174605,0.369998,0.66528,12.849,1,0.374244,4.85617,0,120.081,4.07535,120.488,0.84672,12.849,0.84672,3695.15,0,18.483,0,2.00143,1.64242,12.139,0.917839,14.865,0.42336,18.483,0.42336,0,0,442.007,0,1.02816,0,0,3.02959,2.00143,1.028160,1,0,135.723,0,0,0,135.723,0
72.29,1.83889,0,0,7.69306,0.314759,5.53941,3.6288,61.308,0.169213,0,0,2.25997,0.154936,1.93582,0.66528,12.849,1,0.326849,5.53941,0,149.456,3.54395,151.125,0.84672,12.849,0.84672,3695.15,0,18.483,0,2.50037,1.64263,17.4595,0.802739,20.7998,0.42336,18.483,0.42336,0,0,442.007,0,1.02816,0,0,3.52853,2.50037,1.028160,1,0,173.861,0,0,0,173.861,0
72.29,1.83913,0,0,6.96686,0.315687,4.81204,3.6288,61.308,0.169371,0,0,2.06112,0.148854,1.7429,0.66528,12.849,1,0.326892,4.81204,0,132.42,3.47792,133.427,0.84672,12.849,0.84672,3695.15,0,18.483,0,2.44897,1.41906,16.5756,0.796656,19.647,0.42336,18.483,0.42336,0,0,442.007,0,1.02816,0,0,3.47713,2.44897,1.028160,1,0,154.817,0,0,0,154.817,0
72.29,1.83938,0,0,8.11115,0.315687,5.95608,3.6288,61.308,0.169529,0,0,2.10366,0.148854,1.78528,0.66528,12.849,1,0.326935,5.95608,0,148.74,3.47792,150.891,0.84672,12.849,0.84672,3695.15,0,18.483,0,2.90953,1.41925,20.1258,0.796656,23.658,0.42336,18.483,0.42336,0,0,442.007,0,1.02816,0,0,3.93769,2.90953,1.028160,1,0,176.335,0,0,0,176.335,0
72.29,1.83962,0,0,9.21352,0.315004,7.0589,3.6288,61.308,0.169687,0,0,2.23681,0.143127,1.924,0.66528,12.849,1,0.326978,7.0589,0,176.716,3.38826,180.059,0.84672,12.849,0.84672,3695.15,0,18.483,0,3.00447,1.41943,20.1601,0.781301,23.8027,0.42336,18.483,0.42336,0,0,442.007,0,1.02816,0,0,4.03263,3.00447,1.028160,1,0,205.786,0,0,0,205.786,0
72.29,1.83986,0,0,9.07678,0.310323,6.92659,3.6288,61.308,0.169845,0,0,2.26486,0.157719,1.9373,0.66528,12.849,1,0.327022,6.92659,0,186.366,3.55408,189.411,0.84672,12.849,0.84672,3695.15,0,18.483,0,2.93937,1.41962,24.1572,0.831582,27.6846,0.42336,18.483,0.42336,0,0,442.007,0,1.02816,0,0,3.96753,2.93937,1.028160,1,0,219.033,0,0,0,219.033,0
72.29,1.90734,0,0,6.85768,0.303314,4.64703,3.6288,61.308,0.218192,0,0,2.73359,0.16543,2.34997,0.66528,12.849,1,0.339015,4.64703,0,182.086,3.26875,183.126,0.84672,12.849,0.84672,3695.15,0,18.483,0,4.44257,1.41981,16.5727,0.754597,21.6805,0.42336,18.483,0.42336,0,0,442.007,0,1.02816,0,0,5.47073,4.44257,1.028160,1,0,207.156,0,0,0,207.156,0
72.29,1.90759,0,0,5.95934,0.303314,3.74843,3.6288,61.308,0.218356,0,0,2.22196,0.16543,1.83817,0.66528,12.849,1,0.33906,3.74843,0,150.697,3.26875,150.838,0.84672,12.849,0.84672,3695.15,0,18.483,0,3.27451,1.47529,13.0838,0.754597,17.079,0.42336,18.483,0.42336,0,0,442.007,0,1.02816,0,0,4.30267,3.27451,1.028160,1,0,169.755,0,0,0,169.755,0
72.29,1.90784,0,0,4.78981,0.273136,2.60883,3.6288,61.308,0.218521,0,0,1.60438,0.1621,1.22376,0.66528,12.849,1,0.339104,2.60883,0,120.838,3.46646,119.641,0.84672,12.849,0.84672,3695.15,0,18.483,0,2.33428,1.47548,8.77211,0.767452,11.8144,0.42336,18.483,0.42336,0,0,442.007,0,1.02816,0,0,3.36244,2.33428,1.028160,1,0,132.68,0,0,0,132.68,0
72.29,1.90809,0,0,4.27748,0.243675,2.12571,3.6288,61.308,0.218685,0,0,1.37123,0.16891,0.983633,0.66528,12.849,1,0.339149,2.12571,0,113.098,3.73941,111.146,0.84672,12.849,0.84672,3695.15,0,18.483,0,1.77634,1.47568,7.90422,0.80924,10.347,0.42336,18.483,0.42336,0,0,442.007,0,1.02816,0,0,2.8045,1.77634,1.028160,1,0,122.476,0,0,0,122.476,0
72.29,1.88204,0,0,4.37365,0.202716,2.28889,3.6288,61.308,0.200124,0,0,1.31271,0.224753,0.887833,0.66528,12.849,1,0.334519,2.28889,0,97.2881,4.48749,94.755,0.84672,12.849,0.84672,3695.15,0,18.483,0,2.44894,1.47587,8.45389,1.00212,11.3766,0.42336,18.483,0.42336,0,0,442.007,0,1.02816,0,0,3.4771,2.44894,1.028160,1,0,107.019,0,0,0,107.019,0
72.29,1.88229,0,0,4.12827,0.202716,2.04326,3.6288,61.308,0.200286,0,0,1.20009,0.224753,0.775048,0.66528,12.849,1,0.334563,2.04326,0,89.6339,4.48749,86.8552,0.84672,12.849,0.84672,3695.15,0,18.483,0,1.83304,1.45453,7.49408,1.00212,9.77953,0.42336,18.483,0.42336,0,0,442.007,0,1.02816,0,0,2.8612,1.83304,1.028160,1,0,97.4097,0,0,0,97.4097,0
72.29,1.88254,0,0,3.82007,0.202716,1.73482,3.6288,61.308,0.200448,0,0,1.12621,0.224753,0.701006,0.66528,12.849,1,0.334607,1.73482,0,82.2571,4.48749,79.1698,0.84672,12.849,0.84672,3695.15,0,18.483,0,1.62543,1.45472,6.58437,1.00212,8.66241,0.42336,18.483,0.42336,0,0,442.007,0,1.02816,0,0,2.65359,1.62543,1.028160,1,0,88.5333,0,0,0,88.5333,0
72.29,1.88279,0,0,3.50699,0.172195,1.45201,3.6288,61.308,0.20061,0,0,1.04246,0.248816,0.593033,0.66528,12.849,1,0.334651,1.45201,0,72.7047,4.76132,69.0608,0.84672,12.849,0.84672,3695.15,0,18.483,0,1.53859,1.45492,6.16754,1.0126,8.14845,0.42336,18.483,0.42336,0,0,442.007,0,1.02816,0,0,2.56675,1.53859,1.028160,1,0,77.8023,0,0,0,77.8023,0
72.29,1.97236,0,0,3.31476,0.132984,1.20942,3.6288,61.308,0.267214,0,0,0.875059,0.233183,0.374662,0.66528,12.849,1,0.350572,1.20942,0,64.8233,4.63713,61.045,0.84672,12.849,0.84672,3695.15,0,18.483,0,1.14759,1.45511,6.08674,1.03537,7.65407,0.42336,18.483,0.42336,0,0,442.007,0,1.02816,0,0,2.17575,1.14759,1.028160,1,0,69.0738,0,0,0,69.0738,0
72.29,1.97262,0,0,3.17877,0.11493,1.09122,3.6288,61.308,0.267385,0,0,0.794517,0.226055,0.301077,0.66528,12.849,1,0.350619,1.09122,0,60.5023,4.70274,56.5402,0.84672,12.849,0.84672,3695.15,0,18.483,0,0.939289,1.53063,5.81109,1.07553,7.20548,0.42336,18.483,0.42336,0,0,442.007,0,1.02816,0,0,1.96745,0.939289,1.028160,1,0,64.0467,0,0,0,64.0467,0
72.29,1.97288,0,0,3.04377,0.11493,0.955957,3.6288,61.308,0.267556,0,0,0.807728,0.226055,0.314117,0.66528,12.849,1,0.350665,0.955957,0,57.7248,4.70274,53.6273,0.84672,12.849,0.84672,3695.15,0,18.483,0,1.17767,1.53083,5.53275,1.07553,7.16572,0.42336,18.483,0.42336,0,0,442.007,0,1.02816,0,0,2.20583,1.17767,1.028160,1,0,61.1072,0,0,0,61.1072,0
72.29,1.97314,0,0,2.80371,0.144433,0.686139,3.6288,61.308,0.267727,0,0,0.756933,0.218154,0.271052,0.66528,12.849,1,0.350711,0.686139,0,53.9619,4.19505,50.1023,0.84672,12.849,0.84672,3695.15,0,18.483,0,1.06878,1.53103,5.06633,1.09512,6.57102,0.42336,18.483,0.42336,0,0,442.007,0,1.02816,0,0,2.09694,1.06878,1.028160,1,0,56.9444,0,0,0,56.9444,0
72.29,1.9734,0,0,2.80821,0.0922556,0.742549,3.6288,61.308,0.267898,0,0,0.734244,0.245293,0.221053,0.66528,12.849,1,0.350757,0.742549,0,47.4645,4.58523,43.2711,0.84672,12.849,0.84672,3695.15,0,18.483,0,0.989928,1.53123,4.42495,1.21989,5.72622,0.42336,18.483,0.42336,0,0,442.007,0,1.02816,0,0,2.01809,0.989928,1.028160,1,0,49.2184,0,0,0,49.2184,0
72.29,1.95599,0,0,2.90365,0.0939019,0.853766,3.6288,61.308,0.304611,0,0,0.687234,0.254179,0.128444,0.66528,12.849,1,0.347662,0.853766,0,41.764,4.99391,37.2762,0.84672,12.849,0.84672,3695.15,0,18.483,0,0.729613,1.53144,3.70749,1.31525,4.65329,0.42336,18.483,0.42336,0,0,442.007,0,1.02816,0,0,1.75777,0.729613,1.028160,1,0,42.058,0,0,0,42.058,0
72.29,1.95624,0,0,2.7072,0.0939019,0.657051,3.6288,61.308,0.304787,0,0,0.660329,0.254179,0.101363,0.66528,12.849,1,0.347708,0.657051,0,41.2118,4.99391,36.5272,0.84672,12.849,0.84672,3695.15,0,18.483,0,0.658774,1.55512,3.78839,1.31525,4.68703,0.42336,18.483,0.42336,0,0,442.007,0,1.02816,0,0,1.68693,0.658774,1.028160,1,0,41.3156,0,0,0,41.3156,0
72.29,1.9565,0,0,2.45233,0.0939019,0.401931,3.6288,61.308,0.304963,0,0,0.63099,0.254179,0.0718479,0.66528,12.849,1,0.347753,0.401931,0,40.5006,4.99391,35.5609,0.84672,12.849,0.84672,3695.15,0,18.483,0,0.57494,1.55533,3.5789,1.31525,4.39392,0.42336,18.483,0.42336,0,0,442.007,0,1.02816,0,0,1.6031,0.57494,1.028160,1,0,40.0266,0,0,0,40.0266,0
72.1141,1.95676,0,0,2.23288,0.0891417,0.36288,3.6288,61.308,0.305139,0,0,0.59675,0.265148,0.0264634,0.66528,12.849,1,0.347799,0.36288,0,35.6524,5.13506,30.5325,0.84672,12.849,0.84672,3695.15,0,18.483,0,0.421822,1.55553,3.47361,1.36678,4.08419,0.42336,18.483,0.42336,0,0,442.007,0,1.02816,0,0,1.44998,0.421822,1.028160,1,0,34.6431,0,0,0,34.6431,0
71.7372,2.00122,0,0,2.05708,0.0698665,0.36288,3.6288,61.1833,0.337899,0,0,0.535893,0.322741,0,0.66528,12.849,1,0.356568,0.36288,0,31.5271,5.96841,25.565,0.84672,12.849,0.84672,3695.15,0,18.483,0,0.312742,1.55574,3.23206,1.5425,3.55803,0.42336,18.483,0.42336,0,0,442.007,0,1.02816,0,0,1.3409,0.312742,1.028160,1,0,29.123,0,0,0,29.123,0
71.3129,1.9983,0,0,2.00656,0.0696664,0.36288,3.6288,61.0164,0.338079,0,0,0.49375,0.322487,0,0.66528,12.849,1,0.35792,0.36288,0,31.4868,5.96841,25.5233,0.84672,12.849,0.84672,3695.15,0,18.483,0,0.432371,1.59339,3.46339,1.5425,3.94664,0.42336,18.483,0.42336,0,0,442.007,0,1.02816,0,0,1.46053,0.432371,1.028160,1,0,29.4699,0,0,0,29.4699,0
70.7633,1.99496,0,0,1.87768,0.0694412,0.36288,3.6288,60.8131,0.338259,0,0,0.457035,0.322146,0,0.66528,12.849,1,0.359446,0.36288,0,28.4246,5.96841,22.4596,0.84672,12.849,0.84672,3695.15,0,18.483,0,0.369688,1.5936,3.09104,1.5425,3.51182,0.42336,18.483,0.42336,0,0,442.007,0,1.02816,0,0,1.39785,0.369688,1.028160,1,0,25.9714,0,0,0,25.9714,0
70.0646,1.9905,0,0,1.7238,0.0691495,0.36288,3.6288,60.6049,0.338439,0,0,0.452015,0.321731,0,0.66528,12.849,1,0.361429,0.36288,0,25.9835,5.96841,20.0165,0.84672,12.849,0.84672,3695.15,0,18.483,0,0.254871,1.59381,3.02316,1.5425,3.32934,0.42336,18.483,0.42336,0,0,442.007,0,1.02816,0,0,1.28303,0.254871,1.028160,1,0,23.3459,0,0,0,23.3459,0
69.4695,2.11724,0,0,1.94274,0.0577706,0.36288,3.6288,60.3145,0.456294,0,0,0.483662,0.317785,0,0.66528,12.849,1,0.388276,0.36288,0,25.5239,5.82407,19.6745,0.84672,12.849,0.84672,3695.15,0,18.483,0,0.453635,1.59402,3.6779,1.5059,4.21965,0.42336,18.483,0.42336,0,0,442.007,0,1.02816,0,0,1.48179,0.453635,1.028160,1,0,23.8941,0,0,0,23.8941,0
68.8259,2.11193,0,0,1.88893,0.0576817,0.36288,3.6288,59.9962,0.45649,0,0,0.448221,0.310059,0,0.66528,12.849,1,0.39062,0.36288,0,25.6641,5.58495,20.0514,0.84672,12.849,0.84672,3695.15,0,18.483,0,0.325529,1.72109,2.50395,1.4523,3.09827,0.42336,18.483,0.42336,0,0,442.007,0,1.02816,0,0,1.35369,0.325529,1.028160,1,0,23.1497,0,0,0,23.1497,0
67.855,2.10608,0,0,1.5555,0.0573938,0.36288,3.6288,59.5837,0.493146,0,0,0.39012,0.309431,0,0.66528,12.849,1,0.393181,0.36288,0,31.8604,5.58495,26.2452,0.84672,12.849,0.84672,3695.15,0,18.483,0,0.204422,1.72132,2.23392,1.4523,2.70735,0.42336,18.483,0.42336,0,0,442.007,0,0.991699,0,0,1.19612,0.204422,1.028160,1,0,28.9525,0,0,0,28.9525,0
67.059,2.09697,0,0,1.72079,0.0569596,0.36288,3.6288,59.3541,0.456881,0,0,0.535903,0.308617,0,0.66528,12.849,1,0.397082,0.36288,0,27.3159,5.58495,21.6967,0.84672,12.849,0.84672,3695.15,0,18.483,0,0.537659,1.72154,2.66957,1.4523,3.47647,0.42336,18.483,0.42336,0,0,442.007,0,1.02816,0,0,1.56582,0.537659,1.028160,1,0,25.1732,0,0,0,25.1732,0
66.0832,2.08942,0,0,1.53455,0.0580792,0.36288,3.6288,58.9698,0.457077,0,0,0.368961,0.296167,0,0.66528,12.849,1,0.400348,0.36288,0,25.4264,5.39046,19.9985,0.84672,12.849,0.84672,3695.15,0,18.483,0,0.324061,1.72177,2.57958,1.3832,3.24221,0.42336,18.483,0.42336,0,0,442.007,0,1.02816,0,0,1.35222,0.324061,1.028160,1,0,23.2407,0,0,0,23.2407,0
64.8911,2.01645,0,0,1.24856,0.0612918,0.36288,3.6288,58.6466,0.386874,0,0,0.329156,0.265519,0,0.66528,12.849,1,0.392072,0.36288,0,20.66,4.90423,15.7265,0.84672,12.849,0.84672,3695.15,0,18.483,0,0.204422,1.722,1.82333,1.21046,2.53929,0.42336,18.483,0.42336,0,0,442.007,0,1.02709,0,0,1.23151,0.204422,1.028160,1,0,18.2658,0,0,0,18.2658,0
63.6031,2.00487,0,0,1.1404,0.06071,0.36288,3.6288,58.0374,0.593038,0,0,0.248837,0.264968,0,0.66528,12.849,1,0.396982,0.36288,0,23.2564,4.90423,18.318,0.84672,12.849,0.84672,3695.15,0,18.483,0,0.216518,1.64948,1.50326,1.21046,2.15879,0.42336,18.483,0.42336,0,0,442.007,0,0.821111,0,0,1.03763,0.216518,1.028160,1,0,20.4768,0,0,0,20.4768,0
62.1833,1.992,0,0,1.01031,0.0752329,0.36288,3.6288,57.4068,0.621244,0,0,0.244171,0.253584,0,0.66528,12.849,1,0.402421,0.36288,0,24.7082,4.73622,19.9325,0.84672,12.849,0.84672,3695.15,0,18.483,0,0.216518,1.64969,1.53821,1.16687,2.23755,0.42336,18.483,0.42336,0,0,442.007,0,0.793092,0,0,1.00961,0.216518,1.028160,1,0,22.17,0,0,0,22.17,0
60.7154,1.97736,0,0,1.07295,0.200611,0.36288,3.6288,56.8711,0.599157,0,0,0.235509,0.172044,0,0.66528,12.849,1,0.408585,0.36288,0,27.9771,4.83468,23.0967,0.84672,12.849,0.84672,3695.15,0,18.483,0,0.216518,1.64991,1.87097,0.971916,2.76549,0.42336,18.483,0.42336,0,0,442.007,0,0.815365,0,0,1.03188,0.216518,1.028160,1,0,25.8622,0,0,0,25.8622,0
59.0982,1.91106,0,0,0.800496,0.143768,0.36288,3.6288,56.5645,0.480132,0,0,0.363581,0.190064,0,0.66528,12.849,1,0.404431,0.36288,0,26.3758,4.84638,21.4878,0.84672,12.849,0.84672,3695.15,0,18.483,0,0.216518,1.65013,2.51295,1.10329,3.27631,0.42336,18.483,0.42336,0,0,442.007,0,0.869486,0,0,1.086,0.216518,1.028160,1,0,24.7641,0,0,0,24.7641,0
58.2738,1.89367,0,0,1.62789,0.195688,0.36288,3.6288,56.3745,0.417705,0,0,0.413446,0.185704,0,0.66528,12.849,1,0.411718,0.36288,0,30.0114,4.61894,25.3436,0.84672,12.849,0.84672,3695.15,0,18.483,0,0.216518,1.58566,2.60061,1.07338,3.3294,0.42336,18.483,0.42336,0,0,442.007,0,0.932092,0,0,1.14861,0.216518,1.028160,1,0,28.673,0,0,0,28.673,0
58.2585,1.88468,0,0,2.47065,0.238374,0.36288,3.6288,56.5228,0.321815,0,0,0.661258,0.191156,0,0.66528,12.849,1,0.415561,0.36288,0,39.6503,4.69255,34.905,0.84672,12.849,0.84672,3695.15,0,18.483,0,0.373257,1.58587,2.76489,1.07738,3.64664,0.42336,18.483,0.42336,0,0,442.007,0,1.02816,0,0,1.40142,0.373257,1.028160,1,0,38.5517,0,0,0,38.5517,0
58.7765,1.88476,0,0,3.00396,0.238338,0.36288,3.6288,56.8202,0.321993,0,0,0.810708,0.19134,0,0.66528,12.849,1,0.415686,0.36288,0,96.5494,4.69255,91.804,0.84672,12.849,0.84672,3695.15,0,18.483,0,1.1522,1.58608,5.71793,1.07738,7.37882,0.42336,18.483,0.42336,0,0,442.007,0,1.02816,0,0,2.18036,1.1522,1.028160,1,0,99.1829,0,0,0,99.1829,0
58.7876,1.74843,0,0,2.36063,0.238185,0.36288,3.6288,56.8395,0.186535,0,0,0.398737,0.192832,0,0.66528,12.849,1,0.382221,0.36288,0,64.821,4.10924,60.6924,0.84672,12.849,0.84672,3695.15,0,18.483,0,0.500913,1.58629,3.44204,0.86705,4.66219,0.42336,18.483,0.42336,0,0,442.007,0,1.02816,0,0,1.52907,0.500913,1.028160,1,0,65.3546,0,0,0,65.3546,0
58.6598,1.74878,0,0,2.22105,0.237195,0.36288,3.6288,56.7617,0.186696,0,0,0.302543,0.193698,0,0.66528,12.849,1,0.382224,0.36288,0,55.0772,3.67175,51.3861,0.84672,12.849,0.84672,3695.15,0,18.483,0,0.320371,1.44079,2.7201,0.709304,3.77196,0.42336,18.483,0.42336,0,0,442.007,0,1.02816,0,0,1.34853,0.320371,1.028160,1,0,55.1581,0,0,0,55.1581,0
58.6368,1.74769,0,0,2.32442,0.236902,0.36288,3.6288,56.856,0.186856,0,0,0.474727,0.1936,0,0.66528,12.849,1,0.382818,0.36288,0,63.394,3.67175,59.7023,0.84672,12.849,0.84672,3695.15,0,18.483,0,1.00545,1.44098,3.6925,0.709304,5.42964,0.42336,18.483,0.42336,0,0,442.007,0,1.02816,0,0,2.03361,1.00545,1.028160,1,0,65.132,0,0,0,65.132,0
58.5807,1.74768,0,0,2.29136,0.236849,0.36288,3.6288,56.9012,0.187016,0,0,0.425951,0.193718,0,0.66528,12.849,1,0.382966,0.36288,0,71.1791,3.67175,67.4873,0.84672,12.849,0.84672,3695.15,0,18.483,0,0.668053,1.44117,3.28166,0.709304,4.68159,0.42336,18.483,0.42336,0,0,442.007,0,1.02816,0,0,1.69621,0.668053,1.028160,1,0,72.1688,0,0,0,72.1688,0
62.1935,1.74733,0,0,5.98442,0.261466,0.36288,3.6288,58.209,0.187177,0,0,1.68088,0.185828,0,0.66528,12.849,1,0.383256,0.36288,0,109.572,4.34566,105.206,0.84672,12.849,0.84672,3695.15,0,18.483,0,2.38929,1.44136,7.75647,0.901537,10.6856,0.42336,18.483,0.42336,0,0,442.007,0,1.02816,0,0,3.41745,2.38929,1.028160,1,0,115.892,0,0,0,115.892,0
63.5837,1.83954,0,0,3.85037,0.257769,0.36288,3.6288,59.2087,0.226637,0,0,1.41408,0.187799,0,0.66528,12.849,1,0.380043,0.36288,0,107.976,4.06019,103.898,0.84672,12.849,0.84672,3695.15,0,18.483,0,1.73329,1.44155,7.09456,0.89141,9.378,0.42336,18.483,0.42336,0,0,442.007,0,1.02816,0,0,2.76145,1.73329,1.028160,1,0,113.276,0,0,0,113.276,0
64.7035,1.85335,0,0,3.58748,0.251467,0.36288,3.6288,59.7019,0.226796,0,0,0.891795,0.171823,0,0.66528,12.849,1,0.374524,0.36288,0,101.933,3.87649,98.0449,0.84672,12.849,0.84672,3695.15,0,18.483,0,1.51796,1.48785,5.83911,0.759026,8.0859,0.42336,18.483,0.42336,0,0,442.007,0,1.02816,0,0,2.54612,1.51796,1.028160,1,0,106.131,0,0,0,106.131,0
65.2314,1.86423,0,0,3.00879,0.253755,0.36288,3.6288,60.0637,0.226954,0,0,0.761201,0.172366,0,0.66528,12.849,1,0.370204,0.36288,0,84.6694,3.87649,80.7856,0.84672,12.849,0.84672,3695.15,0,18.483,0,1.15877,1.48804,5.28019,0.759026,7.16798,0.42336,18.483,0.42336,0,0,442.007,0,1.02816,0,0,2.18693,1.15877,1.028160,1,0,87.9536,0,0,0,87.9536,0
65.6207,1.8694,0,0,2.87639,0.254833,0.36288,3.6288,60.4346,0.227113,0,0,0.770757,0.172764,0,0.66528,12.849,1,0.368227,0.36288,0,80.3831,3.87649,76.5013,0.84672,12.849,0.84672,3695.15,0,18.483,0,1.19478,1.48823,5.39762,0.759026,7.3216,0.42336,18.483,0.42336,0,0,442.007,0,1.02816,0,0,2.22294,1.19478,1.028160,1,0,83.8229,0,0,0,83.8229,0
66.5645,2.05596,0,0,3.6606,0.297921,0.36288,3.6288,60.946,0.374884,0,0,1.06611,0.179811,0,0.66528,12.849,1,0.402571,0.36288,0,96.3619,4.29653,92.0257,0.84672,12.849,0.84672,3695.15,0,18.483,0,1.15431,1.48842,6.18388,1.01809,7.80853,0.42336,18.483,0.42336,0,0,442.007,0,1.02816,0,0,2.18247,1.15431,1.028160,1,0,99.8342,0,0,0,99.8342,0
67.8611,2.06568,0,0,4.02653,0.301401,0.36288,3.6288,61.308,0.375061,0,0,1.19731,0.18142,0.278862,0.66528,12.849,1,0.39874,0.36288,0,104.41,4.37021,100.004,0.84672,12.849,0.84672,3695.15,0,18.483,0,1.49798,1.65324,6.8551,1.06893,8.93739,0.42336,18.483,0.42336,0,0,442.007,0,1.02816,0,0,2.52614,1.49798,1.028160,1,0,109.22,0,0,0,109.22,0
69.2714,2.07865,0,0,4.15636,0.3045,0.36288,3.6288,61.308,0.375238,0,0,1.22344,0.181836,0.666367,0.66528,12.849,1,0.393578,0.36288,0,108.121,4.37021,103.72,0.84672,12.849,0.84672,3695.15,0,18.483,0,1.36312,1.65345,6.71492,1.06893,8.66257,0.42336,18.483,0.42336,0,0,442.007,0,1.02816,0,0,2.39128,1.36312,1.028160,1,0,113.049,0,0,0,113.049,0
71.0887,2.09237,0,0,4.56535,0.292796,0.36288,3.6288,61.308,0.375416,0,0,1.25547,0.176076,0.703978,0.66528,12.849,1,0.388109,0.36288,0,120.105,4.07739,116.002,0.84672,12.849,0.84672,3695.15,0,18.483,0,1.669,1.65366,7.58799,0.969672,9.94098,0.42336,18.483,0.42336,0,0,442.007,0,1.02816,0,0,2.69716,1.669,1.028160,1,0,126.647,0,0,0,126.647,0
71.1456,1.84205,0,0,2.56961,0.307745,0.36288,3.6288,61.308,0.177396,0,0,0.783501,0.200676,0.405429,0.66528,12.849,1,0.332943,0.36288,0,79.2547,3.95209,75.3326,0.84672,12.849,0.84672,3695.15,0,18.483,0,0.843601,1.65387,7.12359,1.07779,8.54327,0.42336,18.483,0.42336,0,0,442.007,0,1.02816,0,0,1.87176,0.843601,1.028160,1,0,84.2813,0,0,0,84.2813,0
71.8148,1.84273,0,0,3.19456,0.319749,0.36288,3.6288,61.308,0.177548,0,0,1.26438,0.204775,0.882054,0.66528,12.849,1,0.3328,0.36288,0,73.561,3.93466,69.6565,0.84672,12.849,0.84672,3695.15,0,18.483,0,1.22837,1.42876,8.69063,1.14359,10.2042,0.42336,18.483,0.42336,0,0,442.007,0,1.02816,0,0,2.25653,1.22837,1.028160,1,0,80.7427,0,0,0,80.7427,0
72.29,1.84823,0,0,3.77092,0.321387,1.12613,3.6288,61.308,0.177701,0,0,1.44925,0.204775,1.06677,0.66528,12.849,1,0.330682,1.12613,0,77.3306,3.93466,74.1914,0.84672,12.849,0.84672,3695.15,0,18.483,0,1.53992,1.42894,7.73185,1.14359,9.55712,0.42336,18.483,0.42336,0,0,442.007,0,1.02816,0,0,2.56808,1.53992,1.028160,1,0,84.8153,0,0,0,84.8153,0
72.29,1.85216,0,0,3.23719,0.325767,1.05926,3.6288,61.308,0.177853,0,0,1.22681,0.20094,0.848018,0.66528,12.849,1,0.329208,1.05926,0,63.8625,3.93996,60.6526,0.84672,12.849,0.84672,3695.15,0,18.483,0,1.35214,1.42912,8.08428,1.1341,9.73143,0.42336,18.483,0.42336,0,0,442.007,0,1.02816,0,0,2.3803,1.35214,1.028160,1,0,71.232,0,0,0,71.232,0
72.29,1.85239,0,0,3.19571,0.330442,1.01287,3.6288,61.308,0.178006,0,0,1.39806,0.17515,1.0449,0.66528,12.849,1,0.329249,1.01287,0,67.2154,3.96717,63.9319,0.84672,12.849,0.84672,3695.15,0,18.483,0,1.53806,1.4293,7.22408,1.07728,9.11416,0.42336,18.483,0.42336,0,0,442.007,0,1.02816,0,0,2.56622,1.53806,1.028160,1,0,74.0909,0,0,0,74.0909,0
72.29,1.92032,0,0,4.49089,0.293868,2.2767,3.6288,61.308,0.226675,0,0,1.82725,0.16821,1.43236,0.66528,12.849,1,0.341322,2.2767,0,79.5692,3.95577,77.5488,0.84672,12.849,0.84672,3695.15,0,18.483,0,1.60761,1.42948,8.98421,1.07757,10.9437,0.42336,18.483,0.42336,0,0,442.007,0,1.02816,0,0,2.63577,1.60761,1.028160,1,0,89.9249,0,0,0,89.9249,0
72.29,1.92056,0,0,4.0317,0.293868,1.81727,3.6288,61.308,0.226834,0,0,2.14241,0.16821,1.74736,0.66528,12.849,1,0.341366,1.81727,0,79.31,3.95577,76.8301,0.84672,12.849,0.84672,3695.15,0,18.483,0,2.04361,1.48533,10.2081,1.07757,12.6594,0.42336,18.483,0.42336,0,0,442.007,0,1.02816,0,0,3.07177,2.04361,1.028160,1,0,91.237,0,0,0,91.237,0
72.29,1.92081,0,0,4.1642,0.293868,1.94952,3.6288,61.308,0.226993,0,0,1.45504,0.16821,1.05983,0.66528,12.849,1,0.341409,1.94952,0,70.2499,3.95577,67.9022,0.84672,12.849,0.84672,3695.15,0,18.483,0,1.29742,1.48552,6.78901,1.07757,8.49437,0.42336,18.483,0.42336,0,0,442.007,0,1.02816,0,0,2.32558,1.29742,1.028160,1,0,77.4564,0,0,0,77.4564,0
72.29,1.92105,0,0,3.40205,0.239012,1.24199,3.6288,61.308,0.227151,0,0,1.34355,0.227414,0.888981,0.66528,12.849,1,0.341452,1.24199,0,60.7832,4.72023,56.9635,0.84672,12.849,0.84672,3695.15,0,18.483,0,1.22529,1.4857,8.15622,1.29143,9.57579,0.42336,18.483,0.42336,0,0,442.007,0,1.02816,0,0,2.25345,1.22529,1.028160,1,0,67.4283,0,0,0,67.4283,0
72.29,1.89481,0,0,2.88103,0.205361,0.780861,3.6288,61.308,0.208457,0,0,1.07247,0.125875,0.738134,0.66528,12.849,1,0.336788,0.780861,0,59.7093,3.88511,56.2683,0.84672,12.849,0.84672,3695.15,0,18.483,0,1.41173,1.48589,5.92148,1.14181,7.67729,0.42336,18.483,0.42336,0,0,442.007,0,1.02816,0,0,2.43989,1.41173,1.028160,1,0,64.6837,0,0,0,64.6837,0
72.0794,1.89505,0,0,2.29245,0.245106,0.36288,3.6288,61.308,0.208613,0,0,0.965624,0.15505,0.60196,0.66528,12.849,1,0.336831,0.36288,0,46.0616,4.27728,41.8103,0.84672,12.849,0.84672,3695.15,0,18.483,0,0.940127,1.4644,5.02662,1.18725,6.2439,0.42336,18.483,0.42336,0,0,442.007,0,1.02816,0,0,1.96829,0.940127,1.028160,1,0,48.6562,0,0,0,48.6562,0
71.7504,1.89362,0,0,2.08803,0.160581,0.36288,3.6288,61.308,0.20877,0,0,0.807227,0.194288,0.404168,0.66528,12.849,1,0.33756,0.36288,0,41.8008,4.62324,37.2029,0.84672,12.849,0.84672,3695.15,0,18.483,0,0.775431,1.46459,4.64096,1.20791,5.67306,0.42336,18.483,0.42336,0,0,442.007,0,1.02816,0,0,1.80359,0.775431,1.028160,1,0,43.2802,0,0,0,43.2802,0
71.3856,1.89123,0,0,2.03556,0.146192,0.36288,3.6288,61.308,0.208926,0,0,0.881721,0.200828,0.471966,0.66528,12.849,1,0.33868,0.36288,0,40.5056,4.6809,35.8489,0.84672,12.849,0.84672,3695.15,0,18.483,0,0.938278,1.46477,5.26013,1.21135,6.45182,0.42336,18.483,0.42336,0,0,442.007,0,1.02816,0,0,1.96644,0.938278,1.028160,1,0,42.7727,0,0,0,42.7727,0
70.7393,1.97812,0,0,1.84042,0.14574,0.36288,3.6288,61.308,0.275974,0,0,0.735255,0.195046,0.264235,0.66528,12.849,1,0.356051,0.36288,0,38.0786,4.32198,33.7634,0.84672,12.849,0.84672,3695.15,0,18.483,0,0.804514,1.46496,4.41784,1.14382,5.54349,0.42336,18.483,0.42336,0,0,442.007,0,1.02816,0,0,1.83267,0.804514,1.028160,1,0,39.5711,0,0,0,39.5711,0
69.9748,1.97287,0,0,1.70313,0.131823,0.36288,3.6288,61.308,0.276139,0,0,0.710096,0.193833,0.240123,0.66528,12.849,1,0.35835,0.36288,0,36.0358,4.1476,31.8927,0.84672,12.849,0.84672,3695.15,0,18.483,0,0.86235,1.54098,4.0171,1.07561,5.34482,0.42336,18.483,0.42336,0,0,442.007,0,1.02816,0,0,1.89051,0.86235,1.028160,1,0,37.4777,0,0,0,37.4777,0
69.1837,1.96653,0,0,1.66933,0.131049,0.36288,3.6288,61.308,0.276304,0,0,0.76801,0.193833,0.297872,0.66528,12.849,1,0.3611,0.36288,0,34.521,4.1476,30.3752,0.84672,12.849,0.84672,3695.15,0,18.483,0,0.826675,1.54117,4.32855,1.07561,5.62078,0.42336,18.483,0.42336,0,0,442.007,0,1.02816,0,0,1.85484,0.826675,1.028160,1,0,36.2939,0,0,0,36.2939,0
68.2888,1.95985,0,0,1.55806,0.130248,0.36288,3.6288,61.308,0.276469,0,0,0.701862,0.193833,0.231559,0.66528,12.849,1,0.363988,0.36288,0,32.2707,4.1476,28.122,0.84672,12.849,0.84672,3695.15,0,18.483,0,0.693559,1.54137,3.83299,1.07561,4.9923,0.42336,18.483,0.42336,0,0,442.007,0,1.02816,0,0,1.72172,0.693559,1.028160,1,0,33.3459,0,0,0,33.3459,0
67.3295,1.95212,0,0,1.45288,0.0971509,0.36288,3.6288,61.308,0.276634,0,0,0.733277,0.232464,0.224179,0.66528,12.849,1,0.367305,0.36288,0,29.2313,4.91908,24.3078,0.84672,12.849,0.84672,3695.15,0,18.483,0,0.738642,1.54156,3.70824,1.20044,4.78801,0.42336,18.483,0.42336,0,0,442.007,0,1.02816,0,0,1.7668,0.738642,1.028160,1,0,29.32,0,0,0,29.32,0
66.315,1.92625,0,0,1.35806,0.0834806,0.36288,3.6288,61.308,0.313587,0,0,0.874549,0.270108,0.290854,0.66528,12.849,1,0.367601,0.36288,0,25.2019,5.48457,19.7126,0.84672,12.849,0.84672,3695.15,0,18.483,0,0.770697,1.54176,3.52388,1.31898,4.51736,0.42336,18.483,0.42336,0,0,442.007,0,1.02816,0,0,1.79886,0.770697,1.028160,1,0,24.5208,0,0,0,24.5208,0
65.2238,1.91718,0,0,1.2717,0.0828128,0.36288,3.6288,61.308,0.313757,0,0,0.831419,0.270108,0.247554,0.66528,12.849,1,0.371467,0.36288,0,25.1691,5.48457,19.6759,0.84672,12.849,0.84672,3695.15,0,18.483,0,0.662118,1.5656,3.62137,1.31898,4.53011,0.42336,18.483,0.42336,0,0,442.007,0,1.02816,0,0,1.69028,0.662118,1.028160,1,0,24.4536,0,0,0,24.4536,0
64.0282,1.90718,0,0,1.15656,0.0820946,0.36288,3.6288,61.308,0.313927,0,0,0.810726,0.270108,0.226691,0.66528,12.849,1,0.375712,0.36288,0,24.6764,5.48457,19.179,0.84672,12.849,0.84672,3695.15,0,18.483,0,0.640215,1.56579,3.46994,1.31898,4.35697,0.42336,18.483,0.42336,0,0,442.007,0,1.02816,0,0,1.66838,0.640215,1.028160,1,0,23.7626,0,0,0,23.7626,0
62.7378,1.89594,0,0,1.04974,0.0813077,0.36288,3.6288,61.308,0.314097,0,0,0.760596,0.270108,0.176392,0.66528,12.849,1,0.380471,0.36288,0,21.9886,5.48457,16.4865,0.84672,12.849,0.84672,3695.15,0,18.483,0,0.452079,1.56599,3.35668,1.31898,4.05578,0.42336,18.483,0.42336,0,0,442.007,0,1.02816,0,0,1.48024,0.452079,1.028160,1,0,20.7186,0,0,0,20.7186,0
61.2608,1.9274,0,0,0.874308,0.0610299,0.36288,3.6288,61.2357,0.369602,0,0,0.62052,0.323228,0,0.66528,12.849,1,0.394741,0.36288,0,17.451,6.13722,11.2819,0.84672,12.849,0.84672,3695.15,0,18.483,0,0.261274,1.56619,2.73601,1.52194,3.04154,0.42336,18.483,0.42336,0,0,442.007,0,1.00563,0,0,1.2669,0.261274,1.028160,1,0,14.3234,0,0,0,14.3234,0
59.9192,1.91229,0,0,0.984614,0.0510811,0.36288,3.6288,61.308,0.347243,0,0,0.81362,0.3295,0.064566,0.66528,12.849,1,0.401089,0.36288,0,22.66,6.1699,16.4519,0.84672,12.849,0.84672,3695.15,0,18.483,0,0.538644,1.60408,3.15357,1.54813,3.74816,0.42336,18.483,0.42336,0,0,442.007,0,1.02816,0,0,1.5668,0.538644,1.028160,1,0,20.2647,0,0,0,20.2647,0
58.5039,1.89815,0,0,0.896227,0.0504901,0.36288,3.6288,61.302,0.347417,0,0,0.671069,0.32965,0,0.66528,12.849,1,0.407037,0.36288,0,18.2515,6.1699,12.0374,0.84672,12.849,0.84672,3695.15,0,18.483,0,0.572461,1.60429,2.93037,1.54813,3.55899,0.42336,18.483,0.42336,0,0,442.007,0,1.02816,0,0,1.60062,0.572461,1.028160,1,0,15.5964,0,0,0,15.5964,0
57.0236,1.88275,0,0,0.815115,0.0498062,0.36288,3.6288,61.2497,0.347591,0,0,0.624966,0.329638,0,0.66528,12.849,1,0.413502,0.36288,0,17.0144,6.1699,10.7939,0.84672,12.849,0.84672,3695.15,0,18.483,0,0.322989,1.60449,2.61154,1.54813,2.99088,0.42336,18.483,0.42336,0,0,442.007,0,1.02816,0,0,1.35115,0.322989,1.028160,1,0,13.7848,0,0,0,13.7848,0
55.4655,1.99072,0,0,0.852664,0.0570847,0.36288,3.6288,61.1378,0.466227,0,0,0.713146,0.358904,0,0.66528,12.849,1,0.448566,0.36288,0,18.0505,6.25599,11.7088,0.84672,12.849,0.84672,3695.15,0,18.483,0,0.350274,1.60469,2.94557,1.51061,3.38993,0.42336,18.483,0.42336,0,0,442.007,0,1.02816,0,0,1.37843,0.350274,1.028160,1,0,15.0988,0,0,0,15.0988,0
53.8396,1.97134,0,0,0.791735,0.0834324,0.36288,3.6288,60.7778,0.647838,0,0,0.65651,0.36867,0,0.66528,12.849,1,0.456675,0.36288,0,18.7662,6.36488,12.3075,0.84672,12.849,0.84672,3695.15,0,18.483,0,0.227405,1.73261,2.68709,1.49197,3.15513,0.42336,18.483,0.42336,0,0,442.007,0,0.846737,0,0,1.07414,0.227405,1.028160,1,0,15.4626,0,0,0,15.4626,0
52.1898,1.95033,0,0,0.741234,0.0778958,0.36288,3.6288,60.5868,0.466605,0,0,0.64603,0.370411,0,0.66528,12.849,1,0.465452,0.36288,0,18.9122,6.43965,12.37,0.84672,12.849,0.84672,3695.15,0,18.483,0,0.388506,1.73283,2.55497,1.50691,3.16939,0.42336,18.483,0.42336,0,0,442.007,0,1.02816,0,0,1.41667,0.388506,1.028160,1,0,15.5393,0,0,0,15.5393,0
50.5338,1.92815,0,0,0.711659,0.0765898,0.36288,3.6288,60.3867,0.466794,0,0,0.636733,0.369963,0,0.66528,12.849,1,0.474706,0.36288,0,17.8364,6.43965,11.2849,0.84672,12.849,0.84672,3695.15,0,18.483,0,0.363044,1.73304,2.51841,1.50691,3.10759,0.42336,18.483,0.42336,0,0,442.007,0,1.02816,0,0,1.3912,0.363044,1.028160,1,0,14.3925,0,0,0,14.3925,0
48.8965,1.90498,0,0,0.715003,0.0844467,0.36288,3.6288,60.1747,0.466983,0,0,0.617392,0.362481,0,0.66528,12.849,1,0.48437,0.36288,0,17.1723,6.2229,10.8279,0.84672,12.849,0.84672,3695.15,0,18.483,0,0.291505,1.73326,2.66115,1.4279,3.25801,0.42336,18.483,0.42336,0,0,442.007,0,1.02816,0,0,1.31966,0.291505,1.028160,1,0,14.0859,0,0,0,14.0859,0
47.3922,1.82372,0,0,0.819348,0.137044,0.36288,3.6288,60.1094,0.465753,0,0,0.720464,0.319977,0,0.66528,12.849,1,0.479235,0.36288,0,13.8782,4.9224,8.83942,0.84672,12.849,0.84672,3695.15,0,18.483,0,0.204422,1.73348,3.33107,0.953836,4.31514,0.42336,18.483,0.42336,0,0,442.007,0,0.957632,0,0,1.16205,0.204422,1.028160,1,0,13.1546,0,0,0,13.1546,0
45.7666,1.80161,0,0,0.673721,0.134816,0.36288,3.6288,60.4012,0.395405,0,0,1.007,0.319844,0,0.66528,12.849,1,0.488454,0.36288,0,13.4726,4.9224,8.42464,0.84672,12.849,0.84672,3695.15,0,18.483,0,0.954409,1.66047,3.761,0.953836,5.42204,0.42336,18.483,0.42336,0,0,442.007,0,1.02816,0,0,1.98257,0.954409,1.028160,1,0,13.8467,0,0,0,13.8467,0
44.0536,1.77672,0,0,0.55903,0.132408,0.36288,3.6288,60.0084,0.613892,0,0,0.541605,0.320438,0,0.66528,12.849,1,0.498816,0.36288,0,12.9087,4.9224,7.85034,0.84672,12.849,0.84672,3695.15,0,18.483,0,0.216518,1.66068,2.80092,0.953836,3.72428,0.42336,18.483,0.42336,0,0,442.007,0,0.809853,0,0,1.02637,0.216518,1.028160,1,0,11.5746,0,0,0,11.5746,0
42.5704,1.74931,0,0,0.804045,0.175076,0.36288,3.6288,59.9162,0.483868,0,0,0.666195,0.274528,0,0.66528,12.849,1,0.510215,0.36288,0,15.0656,4.29951,10.6187,0.84672,12.849,0.84672,3695.15,0,18.483,0,0.216518,1.66089,3.0821,0.759142,4.20037,0.42336,18.483,0.42336,0,0,442.007,0,0.940058,0,0,1.15658,0.216518,1.028160,1,0,14.8191,0,0,0,14.8191,0
41.3068,1.68001,0,0,0.979569,0.200301,0.36288,3.6288,60.1957,0.330423,0,0,0.814258,0.204339,0,0.66528,12.849,1,0.507075,0.36288,0,27.5947,3.82134,23.6292,0.84672,12.849,0.84672,3695.15,0,18.483,0,0.317235,1.6611,4.80067,0.842263,5.93674,0.42336,18.483,0.42336,0,0,442.007,0,1.02816,0,0,1.34539,0.317235,1.028160,1,0,29.5659,0,0,0,29.5659,0
40.7565,1.65871,0,0,1.65637,0.185121,0.36288,3.6288,60.9938,0.330595,0,0,1.3294,0.20073,0,0.66528,12.849,1,0.515961,0.36288,0,34.8227,3.96228,30.7074,0.84672,12.849,0.84672,3695.15,0,18.483,0,1.31235,1.59619,6.407,0.979349,8.33619,0.42336,18.483,0.42336,0,0,442.007,0,1.02816,0,0,2.34051,1.31235,1.028160,1,0,39.0436,0,0,0,39.0436,0
39.6604,1.64931,0,0,1.10008,0.183922,0.36288,3.6288,61.308,0.330767,0,0,1.28376,0.201749,0.437039,0.66528,12.849,1,0.519966,0.36288,0,21.4328,3.96228,17.3134,0.84672,12.849,0.84672,3695.15,0,18.483,0,1.38402,1.59639,4.77195,0.979349,6.77302,0.42336,18.483,0.42336,0,0,442.007,0,1.02816,0,0,2.41218,1.38402,1.028160,1,0,24.5235,0,0,0,24.5235,0
39.058,1.62994,0,0,1.61082,0.220435,0.36288,3.6288,61.308,0.330938,0,0,1.01434,0.219397,0.464006,0.66528,12.849,1,0.52806,0.36288,0,41.8161,4.25223,37.3987,0.84672,12.849,0.84672,3695.15,0,18.483,0,0.822939,1.5966,8.77263,1.04704,10.1451,0.42336,18.483,0.42336,0,0,442.007,0,1.02816,0,0,1.8511,0.822939,1.028160,1,0,48.0079,0,0,0,48.0079,0
39.9803,1.49719,0,0,2.99887,0.216546,0.36288,3.6288,61.308,0.194576,0,0,1.55465,0.19088,1.16919,0.66528,12.849,1,0.492533,0.36288,0,85.1861,4.04079,81.0156,0.84672,12.849,0.84672,3695.15,0,18.483,0,1.85178,1.5968,7.47559,1.0202,9.90396,0.42336,18.483,0.42336,0,0,442.007,0,1.02816,0,0,2.87994,1.85178,1.028160,1,0,92.0888,0,0,0,92.0888,0
39.6602,1.51291,0,0,1.75062,0.194871,0.36288,3.6288,61.308,0.194731,0,0,1.97127,0.143658,1.63288,0.66528,12.849,1,0.486224,0.36288,0,72.6571,3.60423,68.9296,0.84672,12.849,0.84672,3695.15,0,18.483,0,1.54806,1.45033,10.17,0.94832,12.22,0.42336,18.483,0.42336,0,0,442.007,0,1.02816,0,0,2.57622,1.54806,1.028160,1,0,82.7825,0,0,0,82.7825,0
39.2927,1.50776,0,0,1.69874,0.195588,0.36288,3.6288,61.308,0.194886,0,0,1.87758,0.167763,1.51493,0.66528,12.849,1,0.488478,0.36288,0,64.1152,3.96554,60.0241,0.84672,12.849,0.84672,3695.15,0,18.483,0,1.48168,1.45052,8.81909,1.09082,10.6605,0.42336,18.483,0.42336,0,0,442.007,0,1.02816,0,0,2.50984,1.48168,1.028160,1,0,72.1995,0,0,0,72.1995,0
39.6822,1.50175,0,0,2.47111,0.217029,0.36288,3.6288,61.308,0.195041,0,0,2.0208,0.195057,1.6307,0.66528,12.849,1,0.491082,0.36288,0,82.4919,4.45261,77.9111,0.84672,12.849,0.84672,3695.15,0,18.483,0,1.8157,1.4507,11.5258,1.21104,13.5811,0.42336,18.483,0.42336,0,0,442.007,0,1.02816,0,0,2.84386,1.8157,1.028160,1,0,93.1229,0,0,0,93.1229,0
42.0344,1.50851,0,0,4.44499,0.221378,0.36288,3.6288,61.308,0.195195,0,0,3.02163,0.179022,2.64742,0.66528,12.849,1,0.488451,0.36288,0,109.724,4.02786,105.57,0.84672,12.849,0.84672,3695.15,0,18.483,0,2.59605,1.45088,17.334,1.10513,20.2758,0.42336,18.483,0.42336,0,0,442.007,0,1.02816,0,0,3.62421,2.59605,1.028160,1,0,128.493,0,0,0,128.493,0
42.0613,1.59535,0,0,2.23211,0.246961,0.36288,3.6288,61.308,0.234909,0,0,0.781782,0.191402,0.355471,0.66528,12.849,1,0.487663,0.36288,0,49.3615,3.34089,45.8959,0.84672,12.849,0.84672,3695.15,0,18.483,0,0.515964,1.45107,6.60044,0.712755,7.85472,0.42336,18.483,0.42336,0,0,442.007,0,1.02816,0,0,1.54412,0.515964,1.028160,1,0,54.106,0,0,0,54.106,0
43.8608,1.59598,0,0,4.00539,0.247038,0.36288,3.6288,61.308,0.235062,0,0,1.38886,0.191402,0.962399,0.66528,12.849,1,0.487543,0.36288,0,101.583,3.34089,98.1175,0.84672,12.849,0.84672,3695.15,0,18.483,0,0.931081,1.49766,7.46833,0.712755,9.18432,0.42336,18.483,0.42336,0,0,442.007,0,1.02816,0,0,1.95924,0.931081,1.028160,1,0,108.264,0,0,0,108.264,0
45.6676,1.62462,0,0,4.04645,0.252225,0.36288,3.6288,61.308,0.235215,0,0,1.79169,0.191402,1.36507,0.66528,12.849,1,0.475932,0.36288,0,84.3454,3.34089,80.8915,0.84672,12.849,0.84672,3695.15,0,18.483,0,1.70619,1.49784,8.59991,0.712755,11.0912,0.42336,18.483,0.42336,0,0,442.007,0,1.02816,0,0,2.73435,1.70619,1.028160,1,0,93.3477,0,0,0,93.3477,0
48.8898,1.65205,0,0,5.515,0.277838,0.36288,3.6288,61.308,0.235368,0,0,2.77208,0.179018,2.3577,0.66528,12.849,1,0.464821,0.36288,0,167.859,3.52494,164.232,0.84672,12.849,0.84672,3695.15,0,18.483,0,3.04989,1.49803,10.1625,0.672097,14.0384,0.42336,18.483,0.42336,0,0,442.007,0,1.02816,0,0,4.07805,3.04989,1.028160,1,0,180.628,0,0,0,180.628,0
50.9307,1.86339,0,0,4.56608,0.298906,0.36288,3.6288,61.308,0.384102,0,0,1.87134,0.202858,1.28438,0.66528,12.849,1,0.489727,0.36288,0,92.6787,4.03584,88.516,0.84672,12.849,0.84672,3695.15,0,18.483,0,1.24697,1.49821,7.17292,1.02755,8.89054,0.42336,18.483,0.42336,0,0,442.007,0,1.02816,0,0,2.27513,1.24697,1.028160,1,0,98.6909,0,0,0,98.6909,0
52.9803,1.89324,0,0,4.61319,0.307436,0.36288,3.6288,61.308,0.384273,0,0,1.38505,0.224453,0.776326,0.66528,12.849,1,0.477635,0.36288,0,97.5378,4.3638,93.0593,0.84672,12.849,0.84672,3695.15,0,18.483,0,1.03609,1.6641,7.69529,1.30634,9.08914,0.42336,18.483,0.42336,0,0,442.007,0,1.02816,0,0,2.06425,1.03609,1.028160,1,0,102.925,0,0,0,102.925,0
54.5816,1.92179,0,0,4.20555,0.31963,0.36288,3.6288,61.308,0.384444,0,0,1.59424,0.211957,0.997843,0.66528,12.849,1,0.46608,0.36288,0,100.907,3.94416,96.8592,0.84672,12.849,0.84672,3695.15,0,18.483,0,1.42541,1.6643,6.30763,1.16588,8.23147,0.42336,18.483,0.42336,0,0,442.007,0,1.02816,0,0,2.45357,1.42541,1.028160,1,0,106.089,0,0,0,106.089,0
56.0018,1.94321,0,0,4.05543,0.329143,0.36288,3.6288,61.308,0.384615,0,0,1.63237,0.202585,1.04517,0.66528,12.849,1,0.457448,0.36288,0,113.148,3.62943,109.424,0.84672,12.849,0.84672,3695.15,0,18.483,0,1.45048,1.66451,7.33511,1.06053,9.38957,0.42336,18.483,0.42336,0,0,442.007,0,1.02816,0,0,2.47864,1.45048,1.028160,1,0,119.858,0,0,0,119.858,0
57.9905,1.71294,0,0,4.38751,0.322953,0.36288,3.6288,61.308,0.185291,0,0,1.7998,0.197302,1.41721,0.66528,12.849,1,0.393015,0.36288,0,121.508,3.31929,118.158,0.84672,12.849,0.84672,3695.15,0,18.483,0,2.18951,1.66471,8.6469,1.04521,11.4559,0.42336,18.483,0.42336,0,0,442.007,0,1.02816,0,0,3.21767,2.18951,1.028160,1,0,131.031,0,0,0,131.031,0
60.3696,1.73449,0,0,4.79748,0.321,0.36288,3.6288,61.308,0.185437,0,0,1.4755,0.19334,1.09673,0.66528,12.849,1,0.384312,0.36288,0,118.113,3.08668,115.005,0.84672,12.849,0.84672,3695.15,0,18.483,0,1.98719,1.43811,6.87733,1.03372,9.26892,0.42336,18.483,0.42336,0,0,442.007,0,1.02816,0,0,3.01535,1.98719,1.028160,1,0,125.371,0,0,0,125.371,0
63.7462,1.75901,0,0,5.82312,0.32463,0.36288,3.6288,61.308,0.185584,0,0,2.44374,0.199228,2.05893,0.66528,12.849,1,0.374386,0.36288,0,153.027,3.25512,149.761,0.84672,12.849,0.84672,3695.15,0,18.483,0,2.66424,1.43829,11.3478,1.05779,14.3925,0.42336,18.483,0.42336,0,0,442.007,0,1.02816,0,0,3.6924,2.66424,1.028160,1,0,166.212,0,0,0,166.212,0
66.1898,1.79165,0,0,4.90851,0.310375,0.36288,3.6288,61.308,0.185731,0,0,1.53501,0.234555,1.11472,0.66528,12.849,1,0.361134,0.36288,0,84.0923,4.26573,79.8283,0.84672,12.849,0.84672,3695.15,0,18.483,0,1.82985,1.43846,7.41168,1.20225,9.47773,0.42336,18.483,0.42336,0,0,442.007,0,1.02816,0,0,2.85801,1.82985,1.028160,1,0,90.4207,0,0,0,90.4207,0
67.8892,1.81394,0,0,4.19019,0.313974,0.36288,3.6288,61.308,0.185878,0,0,1.29845,0.225659,0.886917,0.66528,12.849,1,0.352128,0.36288,0,104.407,4.2255,100.192,0.84672,12.849,0.84672,3695.15,0,18.483,0,1.53865,1.43864,5.40257,1.18491,7.19495,0.42336,18.483,0.42336,0,0,442.007,0,1.02816,0,0,2.56681,1.53865,1.028160,1,0,108.274,0,0,0,108.274,0
70.1567,1.89569,0,0,4.82871,0.302682,0.36288,3.6288,61.308,0.234858,0,0,1.23135,0.172286,0.824203,0.66528,12.849,1,0.358786,0.36288,0,109.102,3.98412,105.122,0.84672,12.849,0.84672,3695.15,0,18.483,0,1.38508,1.43881,5.81793,1.08086,7.56097,0.42336,18.483,0.42336,0,0,442.007,0,1.02816,0,0,2.41324,1.38508,1.028160,1,0,113.507,0,0,0,113.507,0
72.29,1.91547,0,0,4.86264,0.30807,0.505794,3.6288,61.308,0.235011,0,0,1.36337,0.172286,0.956069,0.66528,12.849,1,0.350812,0.505794,0,109.691,3.98412,105.862,0.84672,12.849,0.84672,3695.15,0,18.483,0,1.83662,1.49501,6.25673,1.08086,8.50751,0.42336,18.483,0.42336,0,0,442.007,0,1.02816,0,0,2.86478,1.83662,1.028160,1,0,115.325,0,0,0,115.325,0
72.29,1.93331,0,0,3.58712,0.313138,1.34067,3.6288,61.308,0.235164,0,0,1.01164,0.172286,0.60419,0.66528,12.849,1,0.343631,1.34067,0,78.7597,3.98412,75.7726,0.84672,12.849,0.84672,3695.15,0,18.483,0,0.849001,1.4952,4.43299,1.08086,5.69633,0.42336,18.483,0.42336,0,0,442.007,0,1.02816,0,0,1.87716,0.849001,1.028160,1,0,82.0731,0,0,0,82.0731,0
72.29,1.93354,0,0,3.16926,0.280961,0.954758,3.6288,61.308,0.235317,0,0,0.845605,0.185743,0.424545,0.66528,12.849,1,0.343673,0.954758,0,69.0466,4.09632,65.5613,0.84672,12.849,0.84672,3695.15,0,18.483,0,0.67189,1.49538,3.83121,1.09497,4.90351,0.42336,18.483,0.42336,0,0,442.007,0,1.02816,0,0,1.70005,0.67189,1.028160,1,0,70.8894,0,0,0,70.8894,0
72.29,1.90713,0,0,3.30821,0.243616,1.15747,3.6288,61.308,0.216494,0,0,0.846634,0.202324,0.427816,0.66528,12.849,1,0.338977,1.15747,0,75.3805,4.37288,71.8262,0.84672,12.849,0.84672,3695.15,0,18.483,0,0.900012,1.49556,4.51365,1.09638,5.81284,0.42336,18.483,0.42336,0,0,442.007,0,1.02816,0,0,1.92817,0.900012,1.028160,1,0,78.0668,0,0,0,78.0668,0
72.29,1.90736,0,0,2.9205,0.231495,0.78165,3.6288,61.308,0.216645,0,0,0.823167,0.205075,0.401447,0.66528,12.849,1,0.339018,0.78165,0,69.4164,4.37808,65.4809,0.84672,12.849,0.84672,3695.15,0,18.483,0,0.771664,1.47392,4.03453,1.09835,5.18175,0.42336,18.483,0.42336,0,0,442.007,0,1.02816,0,0,1.79982,0.771664,1.028160,1,0,71.0641,0,0,0,71.0641,0
72.29,1.90759,0,0,2.59814,0.231495,0.45906,3.6288,61.308,0.216795,0,0,0.736586,0.205075,0.314715,0.66528,12.849,1,0.339059,0.45906,0,59.521,4.37808,55.263,0.84672,12.849,0.84672,3695.15,0,18.483,0,0.546515,1.4741,3.4497,1.09835,4.37196,0.42336,18.483,0.42336,0,0,442.007,0,1.02816,0,0,1.57467,0.546515,1.028160,1,0,59.9496,0,0,0,59.9496,0
72.1828,1.90782,0,0,2.38203,0.218532,0.36288,3.6288,61.308,0.216946,0,0,0.666455,0.188009,0.2615,0.66528,12.849,1,0.3391,0.36288,0,54.6116,4.0242,50.6112,0.84672,12.849,0.84672,3695.15,0,18.483,0,0.432302,1.47427,3.22379,1.0086,4.12177,0.42336,18.483,0.42336,0,0,442.007,0,1.02816,0,0,1.46046,0.432302,1.028160,1,0,54.9945,0,0,0,54.9945,0
71.948,1.99766,0,0,2.32266,0.196897,0.36288,3.6288,61.308,0.284422,0,0,0.6696,0.182779,0.202399,0.66528,12.849,1,0.355597,0.36288,0,53.6057,3.54759,50.0654,0.84672,12.849,0.84672,3695.15,0,18.483,0,0.434618,1.47445,3.06955,0.949745,4.02888,0.42336,18.483,0.42336,0,0,442.007,0,1.02816,0,0,1.46278,0.434618,1.028160,1,0,54.2966,0,0,0,54.2966,0
71.7007,1.99593,0,0,2.24934,0.137832,0.36288,3.6288,61.308,0.284581,0,0,0.691554,0.218642,0.188332,0.66528,12.849,1,0.356449,0.36288,0,50.0356,3.92049,46.1216,0.84672,12.849,0.84672,3695.15,0,18.483,0,0.49305,1.55096,3.03503,0.960628,4.11842,0.42336,18.483,0.42336,0,0,442.007,0,1.02816,0,0,1.52121,0.49305,1.028160,1,0,50.4283,0,0,0,50.4283,0
71.3895,1.99409,0,0,2.18333,0.137572,0.36288,3.6288,61.308,0.284739,0,0,0.734417,0.218642,0.231036,0.66528,12.849,1,0.357347,0.36288,0,47.6914,3.92049,43.7765,0.84672,12.849,0.84672,3695.15,0,18.483,0,0.475597,1.55115,3.22864,0.960628,4.29476,0.42336,18.483,0.42336,0,0,442.007,0,1.02816,0,0,1.50376,0.475597,1.028160,1,0,48.3023,0,0,0,48.3023,0
70.969,1.99169,0,0,2.07132,0.137246,0.36288,3.6288,61.308,0.284898,0,0,0.713673,0.218642,0.210132,0.66528,12.849,1,0.358473,0.36288,0,44.7934,3.92049,40.8773,0.84672,12.849,0.84672,3695.15,0,18.483,0,0.411584,1.55134,2.98506,0.960628,3.98735,0.42336,18.483,0.42336,0,0,442.007,0,1.02816,0,0,1.43974,0.411584,1.028160,1,0,45.0748,0,0,0,45.0748,0
70.3984,1.98834,0,0,1.90843,0.127823,0.36288,3.6288,61.308,0.285057,0,0,0.658411,0.224187,0.149167,0.66528,12.849,1,0.35999,0.36288,0,40.7385,4.11465,36.6267,0.84672,12.849,0.84672,3695.15,0,18.483,0,0.350136,1.55152,2.89145,0.99881,3.7943,0.42336,18.483,0.42336,0,0,442.007,0,1.02816,0,0,1.3783,0.350136,1.028160,1,0,40.5702,0,0,0,40.5702,0
69.6853,1.96589,0,0,1.6893,0.0736059,0.36288,3.6288,61.2891,0.322242,0,0,0.560813,0.257457,0,0.66528,12.849,1,0.358811,0.36288,0,33.1503,5.27961,27.8748,0.84672,12.849,0.84672,3695.15,0,18.483,0,0.525813,1.55171,2.82169,1.2279,3.67131,0.42336,18.483,0.42336,0,0,442.007,0,1.02816,0,0,1.55397,0.525813,1.028160,1,0,31.5461,0,0,0,31.5461,0
68.8712,1.95995,0,0,1.58189,0.0732019,0.36288,3.6288,61.2424,0.322405,0,0,0.533145,0.257426,0,0.66528,12.849,1,0.361387,0.36288,0,33.107,5.27961,27.8289,0.84672,12.849,0.84672,3695.15,0,18.483,0,0.432035,1.57569,2.89975,1.2279,3.67958,0.42336,18.483,0.42336,0,0,442.007,0,1.02816,0,0,1.46019,0.432035,1.028160,1,0,31.5085,0,0,0,31.5085,0
67.9212,1.95303,0,0,1.43865,0.0727406,0.36288,3.6288,61.1824,0.322568,0,0,0.51988,0.25735,0,0.66528,12.849,1,0.364368,0.36288,0,32.4592,5.27961,27.1781,0.84672,12.849,0.84672,3695.15,0,18.483,0,0.413104,1.57588,2.77848,1.2279,3.53956,0.42336,18.483,0.42336,0,0,442.007,0,1.02816,0,0,1.44126,0.413104,1.028160,1,0,30.7176,0,0,0,30.7176,0
66.8471,1.94476,0,0,1.30579,0.0722023,0.36288,3.6288,61.0794,0.333428,0,0,0.487729,0.257253,0,0.66528,12.849,1,0.3679,0.36288,0,28.9236,5.27961,23.639,0.84672,12.849,0.84672,3695.15,0,18.483,0,0.261274,1.57608,2.6878,1.2279,3.29725,0.42336,18.483,0.42336,0,0,442.007,0,1.01746,0,0,1.27874,0.261274,1.028160,1,0,26.9362,0,0,0,26.9362,0
65.7524,1.98034,0,0,1.29735,0.048838,0.36288,3.6288,60.895,0.37649,0,0,0.502718,0.310634,0,0.66528,12.849,1,0.38065,0.36288,0,28.7342,6.04514,22.6713,0.84672,12.849,0.84672,3695.15,0,18.483,0,0.261274,1.57627,2.44159,1.45114,2.828,0.42336,18.483,0.42336,0,0,442.007,0,1.00758,0,0,1.26885,0.261274,1.028160,1,0,25.4993,0,0,0,25.4993,0
64.6107,1.97011,0,0,1.24334,0.052059,0.36288,3.6288,60.6765,0.356077,0,0,0.438591,0.301033,0,0.66528,12.849,1,0.384989,0.36288,0,27.3348,5.95612,21.3566,0.84672,12.849,0.84672,3695.15,0,18.483,0,0.263537,1.61439,2.47556,1.39617,2.95732,0.42336,18.483,0.42336,0,0,442.007,0,1.02816,0,0,1.2917,0.263537,1.028160,1,0,24.3139,0,0,0,24.3139,0
63.4005,1.95918,0,0,1.16348,0.0515845,0.36288,3.6288,60.4063,0.375563,0,0,0.405978,0.300616,0,0.66528,12.849,1,0.389618,0.36288,0,24.6765,5.95612,18.6937,0.84672,12.849,0.84672,3695.15,0,18.483,0,0.227405,1.61459,2.20941,1.39617,2.65524,0.42336,18.483,0.42336,0,0,442.007,0,1.00884,0,0,1.23625,0.227405,1.028160,1,0,21.3489,0,0,0,21.3489,0
62.1074,1.94728,0,0,1.06813,0.0510815,0.36288,3.6288,60.0305,0.477259,0,0,0.401519,0.3001,0,0.66528,12.849,1,0.394643,0.36288,0,22.5574,5.95612,16.5695,0.84672,12.849,0.84672,3695.15,0,18.483,0,0.227405,1.61478,2.16089,1.39617,2.60691,0.42336,18.483,0.42336,0,0,442.007,0,0.907312,0,0,1.13472,0.227405,1.028160,1,0,19.1764,0,0,0,19.1764,0
60.8211,2.06337,0,0,1.18216,0.0422548,0.36288,3.6288,59.7211,0.4758,0,0,0.46469,0.298217,0,0.66528,12.849,1,0.426877,0.36288,0,23.0952,6.25293,16.7782,0.84672,12.849,0.84672,3695.15,0,18.483,0,0.352296,1.61498,2.93554,1.47003,3.43279,0.42336,18.483,0.42336,0,0,442.007,0,1.02816,0,0,1.38046,0.352296,1.028160,1,0,20.211,0,0,0,20.211,0
59.2091,2.04909,0,0,0.853347,0.0533629,0.36288,3.6288,59.0359,0.742189,0,0,0.37311,0.316168,0,0.66528,12.849,1,0.432888,0.36288,0,19.9871,6.49971,13.4174,0.84672,12.849,0.84672,3695.15,0,18.483,0,0.227405,1.7437,1.79512,1.52563,2.24059,0.42336,18.483,0.42336,0,0,442.007,0,0.761953,0,0,0.989358,0.227405,1.028160,1,0,15.658,0,0,0,15.658,0
57.5282,2.03054,0,0,0.765089,0.0525785,0.36288,3.6288,58.2757,0.783618,0,0,0.338218,0.314785,0,0.66528,12.849,1,0.440649,0.36288,0,17.8429,6.49971,11.2654,0.84672,12.849,0.84672,3695.15,0,18.483,0,0.204422,1.74392,1.75051,1.52563,2.17321,0.42336,18.483,0.42336,0,0,442.007,0,0.720706,0,0,0.925128,0.204422,1.028160,1,0,13.4386,0,0,0,13.4386,0
56.0188,2.01046,0,0,0.915728,0.0517268,0.36288,3.6288,57.6216,0.704208,0,0,0.363338,0.31325,0,0.66528,12.849,1,0.449038,0.36288,0,18.466,6.49971,11.8801,0.84672,12.849,0.84672,3695.15,0,18.483,0,0.204422,1.74413,1.92009,1.52563,2.34301,0.42336,18.483,0.42336,0,0,442.007,0,0.800297,0,0,1.00472,0.204422,1.028160,1,0,14.2232,0,0,0,14.2232,0
55.1568,1.99178,0,0,1.56579,0.0731511,0.36288,3.6288,57.2428,0.538814,0,0,0.466668,0.306691,0,0.66528,12.849,1,0.456853,0.36288,0,30.6884,6.35128,24.2432,0.84672,12.849,0.84672,3695.15,0,18.483,0,0.204422,1.74434,2.12539,1.50743,2.56672,0.42336,18.483,0.42336,0,0,442.007,0,0.965874,0,0,1.1703,0.204422,1.028160,1,0,26.8099,0,0,0,26.8099,0
53.9133,1.92047,0,0,1.08162,0.0417774,0.36288,3.6288,57.079,0.404304,0,0,0.58934,0.348758,0,0.66528,12.849,1,0.447382,0.36288,0,21.1085,6.49964,14.5243,0.84672,12.849,0.84672,3695.15,0,18.483,0,0.2139,1.74455,2.74611,1.62733,3.07723,0.42336,18.483,0.42336,0,0,442.007,0,1.02816,0,0,1.24206,0.2139,1.028160,1,0,17.6016,0,0,0,17.6016,0
52.8752,1.90479,0,0,1.31334,0.0837977,0.36288,3.6288,56.9572,0.404478,0,0,0.597473,0.314806,0,0.66528,12.849,1,0.453963,0.36288,0,19.1629,6.22356,12.8483,0.84672,12.849,0.84672,3695.15,0,18.483,0,0.234602,1.67106,2.0317,1.53251,2.40485,0.42336,18.483,0.42336,0,0,442.007,0,1.02816,0,0,1.26276,0.234602,1.028160,1,0,15.2531,0,0,0,15.2531,0
52.5569,1.89137,0,0,2.01883,0.0829144,0.36288,3.6288,57.2472,0.404651,0,0,1.00916,0.314557,0,0.66528,12.849,1,0.459615,0.36288,0,35.558,6.22356,29.2377,0.84672,12.849,0.84672,3695.15,0,18.483,0,1.17294,1.67126,3.92775,1.53251,5.23945,0.42336,18.483,0.42336,0,0,442.007,0,1.02816,0,0,2.2011,1.17294,1.028160,1,0,34.4772,0,0,0,34.4772,0
51.9051,1.88735,0,0,1.68115,0.0826435,0.36288,3.6288,57.329,0.404824,0,0,0.801827,0.31515,0,0.66528,12.849,1,0.461415,0.36288,0,52.7636,6.22356,46.4415,0.84672,12.849,0.84672,3695.15,0,18.483,0,0.710268,1.67146,2.7653,1.53251,3.61453,0.42336,18.483,0.42336,0,0,442.007,0,1.02816,0,0,1.73843,0.710268,1.028160,1,0,50.056,0,0,0,50.056,0
51.9994,1.83023,0,0,2.46259,0.175177,0.36288,3.6288,57.6527,0.339058,0,0,0.916963,0.254243,0,0.66528,12.849,1,0.45307,0.36288,0,87.8823,4.85123,82.9409,0.84672,12.849,0.84672,3695.15,0,18.483,0,1.04106,1.67167,3.82665,1.21592,5.32345,0.42336,18.483,0.42336,0,0,442.007,0,1.02816,0,0,2.06922,1.04106,1.028160,1,0,88.2643,0,0,0,88.2643,0
53.0943,1.83171,0,0,3.45576,0.166317,0.36288,3.6288,58.3209,0.339224,0,0,1.24544,0.237961,0,0.66528,12.849,1,0.452612,0.36288,0,89.7684,3.89025,85.7884,0.84672,12.849,0.84672,3695.15,0,18.483,0,1.75164,1.60634,6.02072,0.947831,8.43087,0.42336,18.483,0.42336,0,0,442.007,0,1.02816,0,0,2.7798,1.75164,1.028160,1,0,94.2193,0,0,0,94.2193,0
54.7226,1.84624,0,0,4.00563,0.168203,0.36288,3.6288,59.0186,0.33939,0,0,1.27602,0.238991,0,0.66528,12.849,1,0.446797,0.36288,0,49.7177,3.89025,45.7435,0.84672,12.849,0.84672,3695.15,0,18.483,0,1.7623,1.60653,6.15054,0.947831,8.57154,0.42336,18.483,0.42336,0,0,442.007,0,1.02816,0,0,2.79046,1.7623,1.028160,1,0,54.315,0,0,0,54.315,0
55.5618,1.86708,0,0,3.28386,0.214734,0.36288,3.6288,59.4718,0.339555,0,0,1.0268,0.234027,0,0.66528,12.849,1,0.438396,0.36288,0,75.7884,3.97294,71.7399,0.84672,12.849,0.84672,3695.15,0,18.483,0,0.968129,1.60673,3.74732,1.03373,5.28845,0.42336,18.483,0.42336,0,0,442.007,0,1.02816,0,0,1.99629,0.968129,1.028160,1,0,77.0283,0,0,0,77.0283,0
56.2488,1.73623,0,0,3.00466,0.218456,0.36288,3.6288,59.9835,0.202322,0,0,0.949978,0.235985,0,0.66528,12.849,1,0.401513,0.36288,0,75.7951,4.17878,71.5777,0.84672,12.849,0.84672,3695.15,0,18.483,0,0.939997,1.60692,3.55006,1.15183,4.94515,0.42336,18.483,0.42336,0,0,442.007,0,1.02816,0,0,1.96816,0.939997,1.028160,1,0,76.5228,0,0,0,76.5228,0
56.1776,1.74412,0,0,2.27712,0.241413,0.36288,3.6288,61.1291,0.202471,0,0,1.56639,0.218309,0,0.66528,12.849,1,0.398411,0.36288,0,76.0668,4.36642,71.6649,0.84672,12.849,0.84672,3695.15,0,18.483,0,1.03491,1.45952,5.10478,1.10232,6.49689,0.42336,18.483,0.42336,0,0,442.007,0,1.02816,0,0,2.06307,1.03491,1.028160,1,0,78.1617,0,0,0,78.1617,0
56.2837,1.74354,0,0,2.45382,0.241242,0.36288,3.6288,61.308,0.20262,0,0,1.15911,0.219903,0.557674,0.66528,12.849,1,0.398784,0.36288,0,77.7611,4.36642,73.3588,0.84672,12.849,0.84672,3695.15,0,18.483,0,1.45457,1.4597,5.87542,1.10232,7.68737,0.42336,18.483,0.42336,0,0,442.007,0,1.02816,0,0,2.48273,1.45457,1.028160,1,0,81.6038,0,0,0,81.6038,0
55.9683,1.74493,0,0,2.03386,0.241497,0.36288,3.6288,61.0881,0.466729,0,0,0.466964,0.220152,0,0.66528,12.849,1,0.398349,0.36288,0,64.8394,4.36642,60.4375,0.84672,12.849,0.84672,3695.15,0,18.483,0,0.412474,1.45987,4.07674,1.10232,4.84677,0.42336,18.483,0.42336,0,0,442.007,0,0.764199,0,0,1.17667,0.412474,1.028160,1,0,65.2843,0,0,0,65.2843,0
55.1189,1.74163,0,0,1.48505,0.229905,0.36288,3.6288,60.8409,0.528464,0,0,0.550205,0.268898,0,0.66528,12.849,1,0.399837,0.36288,0,55.249,4.54765,50.6644,0.84672,12.849,0.84672,3695.15,0,18.483,0,0.412474,1.46005,2.3747,1.24217,3.00505,0.42336,18.483,0.42336,0,0,442.007,0,0.702613,0,0,1.11509,0.412474,1.028160,1,0,53.6694,0,0,0,53.6694,0
56.2016,1.78652,0,0,3.48923,0.257134,0.36288,3.6288,61.1985,0.242875,0,0,0.829943,0.22946,0,0.66528,12.849,1,0.416464,0.36288,0,99.6589,4.35524,95.2501,0.84672,12.849,0.84672,3695.15,0,18.483,0,0.459912,1.46023,3.79325,1.04989,4.66349,0.42336,18.483,0.42336,0,0,442.007,0,1.02816,0,0,1.48807,0.459912,1.028160,1,0,99.9136,0,0,0,99.9136,0
64.6154,1.79929,0,0,10.8193,0.243373,0.36288,3.6288,61.308,0.243022,0,0,2.04726,0.204874,1.48989,0.66528,12.849,1,0.41136,0.36288,0,120.786,3.68002,117.058,0.84672,12.849,0.84672,3695.15,0,18.483,0,1.89147,1.50711,7.93142,0.937503,10.3925,0.42336,18.483,0.42336,0,0,442.007,0,1.02816,0,0,2.91963,1.89147,1.028160,1,0,128.94,0,0,0,128.94,0
69.8086,1.88747,0,0,7.70213,0.25854,0.36288,3.6288,61.308,0.243169,0,0,1.45026,0.201915,1.00517,0.66528,12.849,1,0.375331,0.36288,0,172.212,3.57283,168.626,0.84672,12.849,0.84672,3695.15,0,18.483,0,1.34121,1.50728,5.11678,0.924112,7.04116,0.42336,18.483,0.42336,0,0,442.007,0,1.02816,0,0,2.36937,1.34121,1.028160,1,0,176.673,0,0,0,176.673,0
72.29,1.93469,0,0,6.05731,0.269358,1.37188,3.6288,61.308,0.243315,0,0,2.37289,0.201915,1.92766,0.66528,12.849,1,0.3561,1.37188,0,110.082,3.57283,107.525,0.84672,12.849,0.84672,3695.15,0,18.483,0,2.64418,1.50746,6.63393,0.924112,9.86145,0.42336,18.483,0.42336,0,0,442.007,0,1.02816,0,0,3.67234,2.64418,1.028160,1,0,119.314,0,0,0,119.314,0
72.29,2.14647,0,0,5.39677,0.29672,2.95358,3.6288,61.308,0.392978,0,0,1.48713,0.204539,0.889608,0.66528,12.849,1,0.381518,2.95358,0,102.574,3.50313,101.643,0.84672,12.849,0.84672,3695.15,0,18.483,0,1.26483,1.50763,5.24026,0.932088,7.08063,0.42336,18.483,0.42336,0,0,442.007,0,1.02816,0,0,2.29299,1.26483,1.028160,1,0,109.613,0,0,0,109.613,0
72.29,2.14671,0,0,4.44729,0.326311,1.97427,3.6288,61.308,0.393142,0,0,2.123,0.208037,1.52182,0.66528,12.849,1,0.381562,1.97427,0,93.4667,3.41019,91.6492,0.84672,12.849,0.84672,3695.15,0,18.483,0,1.87654,1.67456,7.89533,0.942723,10.5037,0.42336,18.483,0.42336,0,0,442.007,0,1.02816,0,0,2.9047,1.87654,1.028160,1,0,103.675,0,0,0,103.675,0
72.29,2.14696,0,0,6.54315,0.33354,4.06265,3.6288,61.308,0.393306,0,0,1.50284,0.204269,0.905267,0.66528,12.849,1,0.381606,4.06265,0,146.689,3.43208,146.938,0.84672,12.849,0.84672,3695.15,0,18.483,0,2.35058,1.67475,8.12393,0.93314,11.2161,0.42336,18.483,0.42336,0,0,442.007,0,1.02816,0,0,3.37874,2.35058,1.028160,1,0,159.059,0,0,0,159.059,0
72.29,2.14721,0,0,7.90202,0.392151,5.36266,3.6288,61.308,0.39347,0,0,1.61806,0.202233,1.02235,0.66528,12.849,1,0.38165,5.36266,0,127.589,3.50678,129.063,0.84672,12.849,0.84672,3695.15,0,18.483,0,3.8247,1.67495,8.61831,0.906474,13.2115,0.42336,18.483,0.42336,0,0,442.007,0,1.02816,0,0,4.85286,3.8247,1.028160,1,0,143.297,0,0,0,143.297,0
72.29,1.87525,0,0,8.09967,0.363703,5.86071,3.6288,61.308,0.19289,0,0,1.6428,0.232885,1.21703,0.66528,12.849,1,0.333312,5.86071,0,168.691,3.69738,170.521,0.84672,12.849,0.84672,3695.15,0,18.483,0,2.13558,1.67514,9.99847,1.00531,12.8039,0.42336,18.483,0.42336,0,0,442.007,0,1.02816,0,0,3.16374,2.13558,1.028160,1,0,184.542,0,0,0,184.542,0
72.29,1.87547,0,0,6.3921,0.298692,4.21794,3.6288,61.308,0.19303,0,0,2.00245,0.237179,1.57224,0.66528,12.849,1,0.333351,4.21794,0,138.157,4.05216,137.989,0.84672,12.849,0.84672,3695.15,0,18.483,0,2.28057,1.44712,11.5208,1.08227,14.1663,0.42336,18.483,0.42336,0,0,442.007,0,1.02816,0,0,3.30873,2.28057,1.028160,1,0,153.728,0,0,0,153.728,0
72.29,1.87569,0,0,7.29406,0.298692,5.11968,3.6288,61.308,0.193171,0,0,3.04067,0.237179,2.61032,0.66528,12.849,1,0.333389,5.11968,0,119.276,4.05216,120.01,0.84672,12.849,0.84672,3695.15,0,18.483,0,3.5387,1.44729,15.6065,1.08227,19.5102,0.42336,18.483,0.42336,0,0,442.007,0,1.02816,0,0,4.56686,3.5387,1.028160,1,0,142.131,0,0,0,142.131,0
72.29,1.8759,0,0,6.72935,0.298692,4.55476,3.6288,61.308,0.193312,0,0,2.85358,0.237179,2.42309,0.66528,12.849,1,0.333427,4.55476,0,144.171,4.05216,144.341,0.84672,12.849,0.84672,3695.15,0,18.483,0,3.08716,1.44745,14.2022,1.08227,17.6545,0.42336,18.483,0.42336,0,0,442.007,0,1.02816,0,0,4.11532,3.08716,1.028160,1,0,164.418,0,0,0,164.418,0
72.29,1.87612,0,0,7.21267,0.230723,5.10583,3.6288,61.308,0.193453,0,0,4.14138,0.201081,3.74684,0.66528,12.849,1,0.333466,5.10583,0,131.553,3.52899,132.796,0.84672,12.849,0.84672,3695.15,0,18.483,0,4.34887,1.44762,17.1906,1.00712,21.98,0.42336,18.483,0.42336,0,0,442.007,0,1.02816,0,0,5.37703,4.34887,1.028160,1,0,158.523,0,0,0,158.523,0
72.29,1.94489,0,0,5.88903,0.192613,3.75153,3.6288,61.308,0.242732,0,0,2.02018,0.185094,1.59235,0.66528,12.849,1,0.34569,3.75153,0,153.408,4.59563,152.219,0.84672,12.849,0.84672,3695.15,0,18.483,0,1.94174,1.44779,7.10217,1.20769,9.284,0.42336,18.483,0.42336,0,0,442.007,0,1.02816,0,0,2.9699,1.94174,1.028160,1,0,163.095,0,0,0,163.095,0
72.29,1.94512,0,0,6.6875,0.244579,4.4978,3.6288,61.308,0.242879,0,0,2.56306,0.209333,2.11084,0.66528,12.849,1,0.34573,4.4978,0,160.82,4.9624,160.009,0.84672,12.849,0.84672,3695.15,0,18.483,0,2.67674,1.50433,10.3068,1.26165,13.2263,0.42336,18.483,0.42336,0,0,442.007,0,1.02816,0,0,3.7049,2.67674,1.028160,1,0,175.347,0,0,0,175.347,0
72.29,1.94534,0,0,8.39479,0.244579,6.20487,3.6288,61.308,0.243026,0,0,2.13672,0.209333,1.68436,0.66528,12.849,1,0.34577,6.20487,0,139.523,4.9624,140.42,0.84672,12.849,0.84672,3695.15,0,18.483,0,2.70014,1.50451,10.9954,1.26165,13.9384,0.42336,18.483,0.42336,0,0,442.007,0,1.02816,0,0,3.7283,2.70014,1.028160,1,0,156.042,0,0,0,156.042,0
72.29,1.94557,0,0,8.50375,0.244579,6.3136,3.6288,61.308,0.243172,0,0,1.71075,0.209333,1.25824,0.66528,12.849,1,0.34581,6.3136,0,108.332,4.9624,109.337,0.84672,12.849,0.84672,3695.15,0,18.483,0,1.79213,1.50468,11.5104,1.26165,13.5456,0.42336,18.483,0.42336,0,0,442.007,0,1.02816,0,0,2.82029,1.79213,1.028160,1,0,124.141,0,0,0,124.141,0
72.29,1.91897,0,0,5.85033,0.195176,3.73618,3.6288,61.308,0.224226,0,0,1.17634,0.231198,0.720912,0.66528,12.849,1,0.341083,3.73618,0,104.385,4.73262,103.047,0.84672,12.849,0.84672,3695.15,0,18.483,0,1.17339,1.50486,8.29431,1.3274,9.64516,0.42336,18.483,0.42336,0,0,442.007,0,1.02816,0,0,2.20155,1.17339,1.028160,1,0,113.414,0,0,0,113.414,0
72.29,1.91919,0,0,4.92849,0.200414,2.80888,3.6288,61.308,0.22437,0,0,0.899821,0.226623,0.448829,0.66528,12.849,1,0.341122,2.80888,0,87.4549,4.47783,85.4449,0.84672,12.849,0.84672,3695.15,0,18.483,0,0.75244,1.48307,5.44533,1.32164,6.35921,0.42336,18.483,0.42336,0,0,442.007,0,1.02816,0,0,1.7806,0.75244,1.028160,1,0,92.2529,0,0,0,92.2529,0
72.29,1.91942,0,0,4.4657,0.196093,2.35019,3.6288,61.308,0.224515,0,0,0.806769,0.220934,0.36132,0.66528,12.849,1,0.341162,2.35019,0,77.0541,4.35987,74.7033,0.84672,12.849,0.84672,3695.15,0,18.483,0,0.590734,1.48324,4.98061,1.29172,5.76286,0.42336,18.483,0.42336,0,0,442.007,0,1.02816,0,0,1.61889,0.590734,1.028160,1,0,80.8275,0,0,0,80.8275,0
72.29,1.91964,0,0,4.0933,0.170168,2.0035,3.6288,61.308,0.224659,0,0,0.762471,0.186801,0.351011,0.66528,12.849,1,0.341201,2.0035,0,74.1891,3.65211,72.1993,0.84672,12.849,0.84672,3695.15,0,18.483,0,0.511929,1.48342,4.53503,1.11221,5.41817,0.42336,18.483,0.42336,0,0,442.007,0,1.02816,0,0,1.54009,0.511929,1.028160,1,0,77.9685,0,0,0,77.9685,0
72.29,2.01093,0,0,4.15779,0.164077,1.98278,3.6288,61.308,0.292546,0,0,0.822787,0.207698,0.322543,0.66528,12.849,1,0.357428,1.98278,0,66.1643,4.01781,63.7718,0.84672,12.849,0.84672,3695.15,0,18.483,0,0.900651,1.48359,4.97069,1.16673,6.1882,0.42336,18.483,0.42336,0,0,442.007,0,1.02816,0,0,1.92881,0.900651,1.028160,1,0,70.2825,0,0,0,70.2825,0
72.29,2.01116,0,0,3.88763,0.155287,1.72118,3.6288,61.308,0.292698,0,0,0.686007,0.275395,0.117914,0.66528,12.849,1,0.357469,1.72118,0,60.2571,4.93536,56.6854,0.84672,12.849,0.84672,3695.15,0,18.483,0,0.598458,1.56056,4.08342,1.35142,4.89102,0.42336,18.483,0.42336,0,0,442.007,0,1.02816,0,0,1.62662,0.598458,1.028160,1,0,61.6944,0,0,0,61.6944,0
72.29,2.0114,0,0,3.63386,0.106178,1.51629,3.6288,61.308,0.292851,0,0,0.663483,0.272482,0.0981499,0.66528,12.849,1,0.35751,1.51629,0,58.1209,5.05925,54.2205,0.84672,12.849,0.84672,3695.15,0,18.483,0,0.428414,1.56074,3.92992,1.34449,4.57458,0.42336,18.483,0.42336,0,0,442.007,0,1.02816,0,0,1.45657,0.428414,1.028160,1,0,58.8932,0,0,0,58.8932,0
72.29,2.01163,0,0,3.37728,0.0971884,1.26846,3.6288,61.308,0.293003,0,0,0.624041,0.270065,0.0609729,0.66528,12.849,1,0.357552,1.26846,0,54.4602,5.07948,50.2916,0.84672,12.849,0.84672,3695.15,0,18.483,0,0.347224,1.56092,3.61177,1.33729,4.18263,0.42336,18.483,0.42336,0,0,442.007,0,1.02816,0,0,1.37538,0.347224,1.028160,1,0,54.5352,0,0,0,54.5352,0
72.29,2.01186,0,0,3.22817,0.0971884,1.11912,3.6288,61.308,0.293156,0,0,0.624128,0.270065,0.0609067,0.66528,12.849,1,0.357593,1.11912,0,46.0979,5.07948,41.78,0.84672,12.849,0.84672,3695.15,0,18.483,0,0.488644,1.5611,3.33958,1.33729,4.05204,0.42336,18.483,0.42336,0,0,442.007,0,1.02816,0,0,1.5168,0.488644,1.028160,1,0,45.8929,0,0,0,45.8929,0
71.9067,1.99407,0,0,2.06023,0.0865698,0.36288,3.6288,61.109,0.485339,0,0,0.56055,0.274237,0,0.66528,12.849,1,0.354431,0.36288,0,35.4711,5.29714,30.1824,0.84672,12.849,0.84672,3695.15,0,18.483,0,0.30119,1.56128,1.73195,1.29349,2.30093,0.42336,18.483,0.42336,0,0,442.007,0,0.873383,0,0,1.17457,0.30119,1.028160,1,0,32.4833,0,0,0,32.4833,0
71.3956,1.99109,0,0,1.92923,0.086318,0.36288,3.6288,60.8515,0.51647,0,0,0.532894,0.273892,0,0.66528,12.849,1,0.355788,0.36288,0,35.4246,5.29714,30.1346,0.84672,12.849,0.84672,3695.15,0,18.483,0,0.261274,1.5854,1.77987,1.29349,2.33306,0.42336,18.483,0.42336,0,0,442.007,0,0.842409,0,0,1.10368,0.261274,1.028160,1,0,32.4676,0,0,0,32.4676,0
70.7143,1.98701,0,0,1.75453,0.0859823,0.36288,3.6288,60.5668,0.530918,0,0,0.519635,0.273446,0,0.66528,12.849,1,0.357599,0.36288,0,34.7313,5.29714,29.4395,0.84672,12.849,0.84672,3695.15,0,18.483,0,0.261274,1.58559,1.70543,1.29349,2.2588,0.42336,18.483,0.42336,0,0,442.007,0,0.828118,0,0,1.08939,0.261274,1.028160,1,0,31.6983,0,0,0,31.6983,0
69.877,1.98141,0,0,1.59249,0.0855347,0.36288,3.6288,60.1274,0.653935,0,0,0.4875,0.272952,0,0.66528,12.849,1,0.360029,0.36288,0,30.9484,5.29714,25.6541,0.84672,12.849,0.84672,3695.15,0,18.483,0,0.261274,1.58577,1.64978,1.29349,2.20333,0.42336,18.483,0.42336,0,0,442.007,0,0.705257,0,0,0.966531,0.261274,1.028160,1,0,27.8574,0,0,0,27.8574,0
69.0006,2.02046,0,0,1.56466,0.0576954,0.36288,3.6288,59.7115,0.654278,0,0,0.555937,0.317532,0,0.66528,12.849,1,0.371522,0.36288,0,31.1716,5.74135,25.4216,0.84672,12.849,0.84672,3695.15,0,18.483,0,0.261274,1.58595,1.58478,1.53081,1.9012,0.42336,18.483,0.42336,0,0,442.007,0,0.738288,0,0,0.999562,0.261274,1.028160,1,0,27.3228,0,0,0,27.3228,0
68.0279,2.01277,0,0,1.4643,0.0613439,0.36288,3.6288,59.2546,0.655674,0,0,0.492401,0.2936,0,0.66528,12.849,1,0.37481,0.36288,0,28.9074,5.33347,23.562,0.84672,12.849,0.84672,3695.15,0,18.483,0,0.261274,1.6243,1.58039,1.43831,2.02766,0.42336,18.483,0.42336,0,0,442.007,0,0.737052,0,0,0.998326,0.261274,1.028160,1,0,25.5896,0,0,0,25.5896,0
66.9703,2.00406,0,0,1.37025,0.0608795,0.36288,3.6288,58.7529,0.664804,0,0,0.455787,0.292743,0,0.66528,12.849,1,0.378523,0.36288,0,26.096,5.33347,20.7469,0.84672,12.849,0.84672,3695.15,0,18.483,0,0.227405,1.62449,1.41048,1.43831,1.82407,0.42336,18.483,0.42336,0,0,442.007,0,0.728084,0,0,0.955489,0.227405,1.028160,1,0,22.5709,0,0,0,22.5709,0
65.8107,1.99436,0,0,1.25795,0.0603747,0.36288,3.6288,58.1684,0.743441,0,0,0.45078,0.291802,0,0.66528,12.849,1,0.38264,0.36288,0,23.8549,5.33347,18.5016,0.84672,12.849,0.84672,3695.15,0,18.483,0,0.227405,1.62468,1.37951,1.43831,1.79329,0.42336,18.483,0.42336,0,0,442.007,0,0.649607,0,0,0.877012,0.227405,1.028160,1,0,20.2949,0,0,0,20.2949,0
64.7738,2.11592,0,0,1.4903,0.0484182,0.36288,3.6288,57.8739,0.556486,0,0,0.542839,0.28084,0,0.66528,12.849,1,0.413115,0.36288,0,24.5353,5.59411,18.8909,0.84672,12.849,0.84672,3695.15,0,18.483,0,0.227405,1.62487,2.06313,1.51095,2.40445,0.42336,18.483,0.42336,0,0,442.007,0,0.956673,0,0,1.18408,0.227405,1.028160,1,0,21.2954,0,0,0,21.2954,0
63.592,2.10529,0,0,1.34975,0.0633267,0.36288,3.6288,57.5098,0.572515,0,0,0.502033,0.293681,0,0.66528,12.849,1,0.417621,0.36288,0,22.4121,5.93397,16.4234,0.84672,12.849,0.84672,3695.15,0,18.483,0,0.227405,1.75437,1.64602,1.61187,2.01593,0.42336,18.483,0.42336,0,0,442.007,0,0.940818,0,0,1.16822,0.227405,1.028160,1,0,18.4393,0,0,0,18.4393,0
62.258,2.09285,0,0,1.18445,0.0627245,0.36288,3.6288,57.0994,0.601755,0,0,0.484335,0.29299,0,0.66528,12.849,1,0.422869,0.36288,0,28.4897,5.93397,22.4957,0.84672,12.849,0.84672,3695.15,0,18.483,0,0.204422,1.75457,1.58063,1.61187,1.92775,0.42336,18.483,0.42336,0,0,442.007,0,0.911753,0,0,1.11618,0.204422,1.028160,1,0,24.4235,0,0,0,24.4235,0
60.9644,2.0784,0,0,1.20969,0.0620448,0.36288,3.6288,56.8241,0.538668,0,0,0.555578,0.292211,0,0.66528,12.849,1,0.428946,0.36288,0,24.6791,5.93397,18.6791,0.84672,12.849,0.84672,3695.15,0,18.483,0,0.204422,1.75478,1.64145,1.61187,1.98878,0.42336,18.483,0.42336,0,0,442.007,0,0.975015,0,0,1.17944,0.204422,1.028160,1,0,20.6679,0,0,0,20.6679,0
59.6955,2.06397,0,0,1.22056,0.0625451,0.36288,3.6288,56.6132,0.485698,0,0,0.559782,0.284989,0,0.66528,12.849,1,0.435008,0.36288,0,25.0409,5.74913,19.2196,0.84672,12.849,0.84672,3695.15,0,18.483,0,0.439439,1.75498,2.09954,1.53992,2.75404,0.42336,18.483,0.42336,0,0,442.007,0,1.02816,0,0,1.4676,0.439439,1.028160,1,0,21.9737,0,0,0,21.9737,0
58.8955,1.98689,0,0,1.57973,0.0300428,0.36288,3.6288,56.5248,0.413026,0,0,0.609651,0.284931,0,0.66528,12.849,1,0.427663,0.36288,0,29.704,5.86374,23.7755,0.84672,12.849,0.84672,3695.15,0,18.483,0,0.55995,1.75518,3.89705,1.53595,4.67624,0.42336,18.483,0.42336,0,0,442.007,0,1.02816,0,0,1.58811,0.55995,1.028160,1,0,28.4517,0,0,0,28.4517,0
58.3809,1.97787,0,0,1.90172,0.0755554,0.36288,3.6288,56.4641,0.413192,0,0,0.604888,0.252472,0,0.66528,12.849,1,0.431506,0.36288,0,27.6548,5.7456,21.8406,0.84672,12.849,0.84672,3695.15,0,18.483,0,0.552882,1.68123,3.02177,1.49661,3.75927,0.42336,18.483,0.42336,0,0,442.007,0,1.02816,0,0,1.58104,0.552882,1.028160,1,0,25.5999,0,0,0,25.5999,0
58.9305,1.97207,0,0,2.95974,0.0751796,0.36288,3.6288,56.8012,0.413359,0,0,1.00291,0.252372,0,0.66528,12.849,1,0.434031,0.36288,0,44.955,5.7456,39.1382,0.84672,12.849,0.84672,3695.15,0,18.483,0,1.69554,1.68143,5.3902,1.49661,7.27056,0.42336,18.483,0.42336,0,0,442.007,0,1.02816,0,0,2.7237,1.69554,1.028160,1,0,46.4088,0,0,0,46.4088,0
59.2357,1.97874,0,0,2.72246,0.075581,0.36288,3.6288,57.0572,0.413525,0,0,0.922398,0.252927,0,0.66528,12.849,1,0.431438,0.36288,0,81.4519,5.7456,75.6377,0.84672,12.849,0.84672,3695.15,0,18.483,0,1.4462,1.68162,4.55598,1.49661,6.18719,0.42336,18.483,0.42336,0,0,442.007,0,1.02816,0,0,2.47436,1.4462,1.028160,1,0,81.8249,0,0,0,81.8249,0
59.8793,1.9313,0,0,3.08952,0.151717,0.36288,3.6288,57.3695,0.347352,0,0,0.878377,0.218679,0,0.66528,12.849,1,0.418924,0.36288,0,54.5679,4.88262,49.6292,0.84672,12.849,0.84672,3695.15,0,18.483,0,1.28263,1.68182,3.74949,1.28063,5.43331,0.42336,18.483,0.42336,0,0,442.007,0,1.02816,0,0,2.31079,1.28263,1.028160,1,0,55.0625,0,0,0,55.0625,0
61.4927,1.93873,0,0,4.08766,0.172681,0.36288,3.6288,58.167,0.347511,0,0,1.31838,0.173418,0,0.66528,12.849,1,0.416016,0.36288,0,77.4176,3.3977,73.9668,0.84672,12.849,0.84672,3695.15,0,18.483,0,2.37418,1.61608,6.95917,0.819425,10.13,0.42336,18.483,0.42336,0,0,442.007,0,1.02816,0,0,3.40234,2.37418,1.028160,1,0,84.0968,0,0,0,84.0968,0
62.8445,1.95659,0,0,3.84631,0.175104,0.36288,3.6288,59.7945,0.34767,0,0,2.14949,0.174314,0,0.66528,12.849,1,0.408833,0.36288,0,90.4686,3.3977,87.0249,0.84672,12.849,0.84672,3695.15,0,18.483,0,4.10203,1.61627,11.082,0.819425,15.9809,0.42336,18.483,0.42336,0,0,442.007,0,1.02816,0,0,5.13019,4.10203,1.028160,1,0,103.006,0,0,0,103.006,0
66.5993,1.97113,0,0,6.26588,0.177061,0.36288,3.6288,60.8349,0.347829,0,0,1.5644,0.176144,0,0.66528,12.849,1,0.403011,0.36288,0,101.733,3.3977,98.2947,0.84672,12.849,0.84672,3695.15,0,18.483,0,4.26751,1.61646,10.296,0.819425,15.3606,0.42336,18.483,0.42336,0,0,442.007,0,1.02816,0,0,5.29567,4.26751,1.028160,1,0,113.655,0,0,0,113.655,0
68.9537,1.85774,0,0,4.78797,0.212894,0.36288,3.6288,61.308,0.209759,0,0,1.32378,0.181303,0.459641,0.66528,12.849,1,0.358413,0.36288,0,96.5573,3.97372,92.588,0.84672,12.849,0.84672,3695.15,0,18.483,0,3.09779,1.61664,8.19684,0.961269,11.95,0.42336,18.483,0.42336,0,0,442.007,0,1.02816,0,0,4.12595,3.09779,1.028160,1,0,104.998,0,0,0,104.998,0
69.6011,1.87847,0,0,3.16036,0.271628,0.36288,3.6288,61.308,0.209902,0,0,1.21425,0.227362,0.776985,0.66528,12.849,1,0.350039,0.36288,0,79.1144,4.36863,74.7586,0.84672,12.849,0.84672,3695.15,0,18.483,0,3.32084,1.46834,8.54412,1.07208,12.2612,0.42336,18.483,0.42336,0,0,442.007,0,1.02816,0,0,4.349,3.32084,1.028160,1,0,87.7968,0,0,0,87.7968,0
72.0582,1.88416,0,0,4.97712,0.272997,0.36288,3.6288,61.308,0.210045,0,0,2.60618,0.227362,2.16877,0.66528,12.849,1,0.347834,0.36288,0,106.35,4.36863,101.997,0.84672,12.849,0.84672,3695.15,0,18.483,0,6.80154,1.46851,9.41518,1.07208,16.6131,0.42336,18.483,0.42336,0,0,442.007,0,1.02816,0,0,7.8297,6.80154,1.028160,1,0,120.779,0,0,0,120.779,0
72.29,1.90454,0,0,4.79006,0.259684,2.39401,3.6288,61.308,0.210188,0,0,0.967257,0.219951,0.537118,0.66528,12.849,1,0.339607,2.39401,0,69.2417,3.98913,67.3069,0.84672,12.849,0.84672,3695.15,0,18.483,0,2.8306,1.46868,6.38632,1.00918,9.67643,0.42336,18.483,0.42336,0,0,442.007,0,1.02816,0,0,3.85876,2.8306,1.028160,1,0,77.5205,0,0,0,77.5205,0
72.29,1.90661,0,0,4.87467,0.252725,2.71533,3.6288,61.308,0.210331,0,0,2.01333,0.216987,1.58601,0.66528,12.849,1,0.338886,2.71533,0,58.6044,3.83733,57.1435,0.84672,12.849,0.84672,3695.15,0,18.483,0,3.52394,1.46885,7.49373,0.984022,11.5025,0.42336,18.483,0.42336,0,0,442.007,0,1.02816,0,0,4.5521,3.52394,1.028160,1,0,70.232,0,0,0,70.232,0
72.29,1.96657,0,0,3.90128,0.308236,1.62648,3.6288,61.308,0.250522,0,0,1.31875,0.256162,0.812065,0.66528,12.849,1,0.349543,1.62648,0,57.7505,4.80933,54.2181,0.84672,12.849,0.84672,3695.15,0,18.483,0,2.28739,1.46902,6.20584,1.25667,8.70558,0.42336,18.483,0.42336,0,0,442.007,0,1.02816,0,0,3.31555,2.28739,1.028160,1,0,63.7358,0,0,0,63.7358,0
72.0805,1.96678,0,0,2.45061,0.330441,0.36288,3.6288,61.308,0.250662,0,0,0.824161,0.271832,0.301667,0.66528,12.849,1,0.349581,0.36288,0,43.5545,5.19813,38.3697,0.84672,12.849,0.84672,3695.15,0,18.483,0,1.5762,1.51617,4.70177,1.36574,6.42841,0.42336,18.483,0.42336,0,0,442.007,0,1.02816,0,0,2.60436,1.5762,1.028160,1,0,45.0997,0,0,0,45.0997,0
71.3686,1.96527,0,0,1.94616,0.329915,0.36288,3.6288,61.308,0.250802,0,0,0.678318,0.271832,0.155683,0.66528,12.849,1,0.350327,0.36288,0,39.1249,5.19813,33.9393,0.84672,12.849,0.84672,3695.15,0,18.483,0,1.19389,1.51634,3.98044,1.36574,5.32494,0.42336,18.483,0.42336,0,0,442.007,0,1.02816,0,0,2.22205,1.19389,1.028160,1,0,39.4199,0,0,0,39.4199,0
71.0884,1.95957,0,0,2.34699,0.304725,0.36288,3.6288,61.308,0.250943,0,0,0.949856,0.262103,0.43681,0.66528,12.849,1,0.352795,0.36288,0,41.1457,5.13453,36.0212,0.84672,12.849,0.84672,3695.15,0,18.483,0,1.61574,1.51651,4.94327,1.25606,6.81946,0.42336,18.483,0.42336,0,0,442.007,0,1.02816,0,0,2.6439,1.61574,1.028160,1,0,43.2775,0,0,0,43.2775,0
70.227,2.14835,0,0,1.94635,0.296574,0.36288,3.6288,61.308,0.401495,0,0,1.23509,0.243064,0.590529,0.66528,12.849,1,0.388307,0.36288,0,44.3115,4.55931,39.7268,0.84672,12.849,0.84672,3695.15,0,18.483,0,1.73944,1.51667,4.65759,1.12928,6.78443,0.42336,18.483,0.42336,0,0,442.007,0,1.02816,0,0,2.7676,1.73944,1.028160,1,0,47.1018,0,0,0,47.1018,0
68.5913,2.14055,0,0,1.18729,0.319499,0.36288,3.6288,61.308,0.401652,0,0,0.955115,0.213709,0.339754,0.66528,12.849,1,0.391644,0.36288,0,31.8604,3.24051,28.5912,0.84672,12.849,0.84672,3695.15,0,18.483,0,1.54378,1.6846,4.12949,1.01796,6.33991,0.42336,18.483,0.42336,0,0,442.007,0,1.02816,0,0,2.57194,1.54378,1.028160,1,0,35.2708,0,0,0,35.2708,0
69.8756,2.12515,0,0,4.08779,0.31547,0.36288,3.6288,61.308,0.401809,0,0,1.23638,0.213709,0.620858,0.66528,12.849,1,0.398098,0.36288,0,71.3902,3.24051,68.1144,0.84672,12.849,0.84672,3695.15,0,18.483,0,2.98302,1.68478,6.76302,1.01796,10.4129,0.42336,18.483,0.42336,0,0,442.007,0,1.02816,0,0,4.01118,2.98302,1.028160,1,0,79.1482,0,0,0,79.1482,0
69.1201,2.13771,0,0,2.06372,0.318633,0.36288,3.6288,61.308,0.401966,0,0,0.705741,0.213709,0.0900663,0.66528,12.849,1,0.39309,0.36288,0,43.6205,3.24051,40.3498,0.84672,12.849,0.84672,3695.15,0,18.483,0,1.43197,1.68497,4.05372,1.01796,6.15269,0.42336,18.483,0.42336,0,0,442.007,0,1.02816,0,0,2.46013,1.43197,1.028160,1,0,46.5925,0,0,0,46.5925,0
68.9418,1.86065,0,0,2.34919,0.30397,0.36288,3.6288,61.308,0.20018,0,0,0.791692,0.188065,0.403448,0.66528,12.849,1,0.345883,0.36288,0,47.3429,2.99448,44.3654,0.84672,12.849,0.84672,3695.15,0,18.483,0,1.16135,1.68515,4.03266,0.847414,6.03175,0.42336,18.483,0.42336,0,0,442.007,0,1.02816,0,0,2.18951,1.16135,1.028160,1,0,50.8006,0,0,0,50.8006,0
71.0167,1.85935,0,0,4.63092,0.33378,0.36288,3.6288,61.308,0.200314,0,0,1.53596,0.129812,1.20583,0.66528,12.849,1,0.346536,0.36288,0,90.1722,2.64555,87.543,0.84672,12.849,0.84672,3695.15,0,18.483,0,2.16539,1.45576,6.01867,0.644632,8.99519,0.42336,18.483,0.42336,0,0,442.007,0,1.02816,0,0,3.19355,2.16539,1.028160,1,0,97.744,0,0,0,97.744,0
72.29,1.87669,0,0,3.93861,0.311975,0.476655,3.6288,61.308,0.200449,0,0,1.09516,0.176073,0.718641,0.66528,12.849,1,0.339548,0.476655,0,62.8506,2.76717,60.2205,0.84672,12.849,0.84672,3695.15,0,18.483,0,1.19718,1.45592,4.61173,0.786522,6.47831,0.42336,18.483,0.42336,0,0,442.007,0,1.02816,0,0,2.22534,1.19718,1.028160,1,0,67.4174,0,0,0,67.4174,0
72.29,1.88707,0,0,4.00326,0.315019,1.80117,3.6288,61.308,0.200584,0,0,1.05328,0.176073,0.67662,0.66528,12.849,1,0.335412,1.80117,0,54.4546,2.76717,53.1532,0.84672,12.849,0.84672,3695.15,0,18.483,0,1.11759,1.45608,4.1243,0.786522,5.91144,0.42336,18.483,0.42336,0,0,442.007,0,1.02816,0,0,2.14575,1.11759,1.028160,1,0,59.7413,0,0,0,59.7413,0
72.29,1.88728,0,0,4.25797,0.315019,2.05568,3.6288,61.308,0.200719,0,0,1.0926,0.176073,0.715806,0.66528,12.849,1,0.335449,2.05568,0,57.4628,2.76717,56.4159,0.84672,12.849,0.84672,3695.15,0,18.483,0,1.27778,1.45624,4.42058,0.786522,6.36807,0.42336,18.483,0.42336,0,0,442.007,0,1.02816,0,0,2.30594,1.27778,1.028160,1,0,63.4998,0,0,0,63.4998,0
72.29,1.95645,0,0,4.76006,0.285689,2.51792,3.6288,61.308,0.250284,0,0,1.37892,0.142201,0.986433,0.66528,12.849,1,0.347744,2.51792,0,80.1973,2.82576,79.5418,0.84672,12.849,0.84672,3695.15,0,18.483,0,2.3897,1.4564,5.31772,0.677601,8.48622,0.42336,18.483,0.42336,0,0,442.007,0,1.02816,0,0,3.41786,2.3897,1.028160,1,0,89.0144,0,0,0,89.0144,0
72.29,1.95666,0,0,5.48179,0.273093,3.25203,3.6288,61.308,0.250424,0,0,1.56106,0.178203,1.13243,0.66528,12.849,1,0.347782,3.25203,0,108.666,3.7611,107.809,0.84672,12.849,0.84672,3695.15,0,18.483,0,2.96698,1.51327,6.39884,0.911741,9.96736,0.42336,18.483,0.42336,0,0,442.007,0,1.02816,0,0,3.99514,2.96698,1.028160,1,0,118.909,0,0,0,118.909,0
72.29,1.95688,0,0,3.46499,0.27001,1.2381,3.6288,61.308,0.250564,0,0,1.34484,0.194862,0.899416,0.66528,12.849,1,0.34782,1.2381,0,98.8459,4.13133,95.6049,0.84672,12.849,0.84672,3695.15,0,18.483,0,2.97435,1.51344,5.40493,1.01266,8.88007,0.42336,18.483,0.42336,0,0,442.007,0,1.02816,0,0,4.00251,2.97435,1.028160,1,0,105.384,0,0,0,105.384,0
72.29,1.95709,0,0,3.28722,0.27001,1.06011,3.6288,61.308,0.250705,0,0,1.60558,0.194862,1.16001,0.66528,12.849,1,0.347859,1.06011,0,71.3923,4.13133,67.9732,0.84672,12.849,0.84672,3695.15,0,18.483,0,3.27452,1.51361,4.64966,1.01266,8.42512,0.42336,18.483,0.42336,0,0,442.007,0,1.02816,0,0,4.30268,3.27452,1.028160,1,0,77.5584,0,0,0,77.5584,0
72.29,1.93033,0,0,3.14661,0.230472,0.985807,3.6288,61.308,0.231639,0,0,1.14889,0.230565,0.686684,0.66528,12.849,1,0.343102,0.985807,0,66.8893,5.08329,62.4487,0.84672,12.849,0.84672,3695.15,0,18.483,0,2.51994,1.51377,5.98813,1.12413,8.89771,0.42336,18.483,0.42336,0,0,442.007,0,1.02816,0,0,3.5481,2.51994,1.028160,1,0,72.0331,0,0,0,72.0331,0
72.29,1.93054,0,0,2.83412,0.143085,0.76049,3.6288,61.308,0.231777,0,0,0.855049,0.239514,0.383758,0.66528,12.849,1,0.343139,0.76049,0,60.7526,4.8488,56.3211,0.84672,12.849,0.84672,3695.15,0,18.483,0,1.73053,1.49185,4.15256,1.0986,6.27634,0.42336,18.483,0.42336,0,0,442.007,0,1.02816,0,0,2.75869,1.73053,1.028160,1,0,62.9812,0,0,0,62.9812,0
72.29,1.93076,0,0,2.63014,0.143085,0.556297,3.6288,61.308,0.231915,0,0,0.825431,0.239514,0.354001,0.66528,12.849,1,0.343177,0.556297,0,52.0021,4.8488,47.3664,0.84672,12.849,0.84672,3695.15,0,18.483,0,1.51679,1.49202,3.80598,1.0986,5.71618,0.42336,18.483,0.42336,0,0,442.007,0,1.02816,0,0,2.54495,1.51679,1.028160,1,0,53.4366,0,0,0,53.4366,0
72.29,1.93097,0,0,2.5372,0.143085,0.463144,3.6288,61.308,0.232054,0,0,0.764986,0.239514,0.293418,0.66528,12.849,1,0.343215,0.463144,0,48.0152,4.8488,43.2863,0.84672,12.849,0.84672,3695.15,0,18.483,0,1.31421,1.49218,3.78224,1.0986,5.49003,0.42336,18.483,0.42336,0,0,442.007,0,1.02816,0,0,2.34237,1.31421,1.028160,1,0,49.0697,0,0,0,49.0697,0
71.9138,2.02279,0,0,2.16943,0.159934,0.36288,3.6288,61.308,0.300333,0,0,0.717092,0.194424,0.222334,0.66528,12.849,1,0.359535,0.36288,0,44.0078,4.56689,39.4443,0.84672,12.849,0.84672,3695.15,0,18.483,0,1.21669,1.49234,3.51907,0.996613,5.2315,0.42336,18.483,0.42336,0,0,442.007,0,1.02816,0,0,2.24485,1.21669,1.028160,1,0,44.8981,0,0,0,44.8981,0
71.2965,2.01982,0,0,1.88128,0.115881,0.36288,3.6288,61.308,0.300479,0,0,0.588688,0.281018,0.00719119,0.66528,12.849,1,0.360885,0.36288,0,35.9659,5.8065,30.1614,0.84672,12.849,0.84672,3695.15,0,18.483,0,0.842158,1.56976,2.98282,1.23024,4.1645,0.42336,18.483,0.42336,0,0,442.007,0,1.02816,0,0,1.87032,0.842158,1.028160,1,0,34.3331,0,0,0,34.3331,0
70.6114,2.01474,0,0,1.8078,0.115337,0.36288,3.6288,61.2961,0.300625,0,0,0.569792,0.281018,0,0.66528,12.849,1,0.363095,0.36288,0,34.1948,5.8065,28.3881,0.84672,12.849,0.84672,3695.15,0,18.483,0,0.807149,1.56993,2.61547,1.23024,3.76231,0.42336,18.483,0.42336,0,0,442.007,0,1.02816,0,0,1.83531,0.807149,1.028160,1,0,32.1504,0,0,0,32.1504,0
69.8645,2.00901,0,0,1.73979,0.114733,0.36288,3.6288,61.2604,0.300771,0,0,0.546024,0.280997,0,0.66528,12.849,1,0.365576,0.36288,0,32.103,5.8065,26.2938,0.84672,12.849,0.84672,3695.15,0,18.483,0,0.923841,1.57011,2.20342,1.23024,3.46713,0.42336,18.483,0.42336,0,0,442.007,0,1.02816,0,0,1.952,0.923841,1.028160,1,0,29.761,0,0,0,29.761,0
69.1132,2.00266,0,0,1.70164,0.0874728,0.36288,3.6288,61.1678,0.300917,0,0,0.529817,0.32152,0,0.66528,12.849,1,0.368314,0.36288,0,30.2481,5.99949,24.2432,0.84672,12.849,0.84672,3695.15,0,18.483,0,0.856647,1.57028,2.08946,1.32612,3.19027,0.42336,18.483,0.42336,0,0,442.007,0,1.02816,0,0,1.88481,0.856647,1.028160,1,0,27.4335,0,0,0,27.4335,0
67.9661,1.97828,0,0,1.28711,0.0930731,0.36288,3.6288,60.9604,0.404147,0,0,0.485681,0.288926,0,0.66528,12.849,1,0.367786,0.36288,0,23.2658,5.24907,18.0118,0.84672,12.849,0.84672,3695.15,0,18.483,0,0.30119,1.57045,2.76232,1.20777,3.42619,0.42336,18.483,0.42336,0,0,442.007,0,0.962548,0,0,1.26374,0.30119,1.028160,1,0,21.438,0,0,0,21.438,0
66.7124,1.96813,0,0,1.17066,0.0932519,0.36288,3.6288,60.6774,0.467715,0,0,0.467903,0.283153,0,0.66528,12.849,1,0.372076,0.36288,0,21.6251,5.124,16.4919,0.84672,12.849,0.84672,3695.15,0,18.483,0,0.261274,1.59471,2.76254,1.18804,3.43047,0.42336,18.483,0.42336,0,0,442.007,0,0.89913,0,0,1.1604,0.261274,1.028160,1,0,19.9223,0,0,0,19.9223,0
65.4366,1.95675,0,0,1.10971,0.0659236,0.36288,3.6288,60.3384,0.459501,0,0,0.445955,0.32552,0,0.66528,12.849,1,0.376875,0.36288,0,20.3208,5.89508,14.4118,0.84672,12.849,0.84672,3695.15,0,18.483,0,0.261274,1.59488,2.69677,1.41805,3.13487,0.42336,18.483,0.42336,0,0,442.007,0,0.907494,0,0,1.16877,0.261274,1.028160,1,0,17.5466,0,0,0,17.5466,0
64.0746,1.94484,0,0,1.01844,0.0727313,0.36288,3.6288,59.993,0.475074,0,0,0.43951,0.309765,0,0.66528,12.849,1,0.381886,0.36288,0,20.326,5.90971,14.3973,0.84672,12.849,0.84672,3695.15,0,18.483,0,0.261274,1.59506,2.59858,1.38174,3.07317,0.42336,18.483,0.42336,0,0,442.007,0,0.892071,0,0,1.15334,0.261274,1.028160,1,0,17.4705,0,0,0,17.4705,0
62.5815,1.97685,0,0,0.91565,0.0690559,0.36288,3.6288,59.4598,0.629422,0,0,0.404782,0.308568,0,0.66528,12.849,1,0.396421,0.36288,0,17.784,5.63841,12.112,0.84672,12.849,0.84672,3695.15,0,18.483,0,0.261274,1.59523,2.33328,1.38767,2.80211,0.42336,18.483,0.42336,0,0,442.007,0,0.771284,0,0,1.03256,0.261274,1.028160,1,0,14.9141,0,0,0,14.9141,0
61.0165,1.96169,0,0,0.824005,0.0644245,0.36288,3.6288,58.8551,0.677424,0,0,0.379497,0.306833,0,0.66528,12.849,1,0.402768,0.36288,0,15.8407,5.27667,10.5241,0.84672,12.849,0.84672,3695.15,0,18.483,0,0.261274,1.6338,2.24999,1.39557,2.74949,0.42336,18.483,0.42336,0,0,442.007,0,0.723436,0,0,0.984709,0.261274,1.028160,1,0,13.2736,0,0,0,13.2736,0
59.3985,1.94526,0,0,0.753788,0.0635987,0.36288,3.6288,58.2439,0.66219,0,0,0.356683,0.305646,0,0.66528,12.849,1,0.409638,0.36288,0,14.8937,5.27667,9.57029,0.84672,12.849,0.84672,3695.15,0,18.483,0,0.227405,1.63398,2.29019,1.39557,2.756,0.42336,18.483,0.42336,0,0,442.007,0,0.738824,0,0,0.966228,0.227405,1.028160,1,0,12.3263,0,0,0,12.3263,0
57.7278,1.92766,0,0,0.682517,0.0626764,0.36288,3.6288,57.5194,0.760839,0,0,0.340794,0.304446,0,0.66528,12.849,1,0.416989,0.36288,0,14.027,5.27667,8.69618,0.84672,12.849,0.84672,3695.15,0,18.483,0,0.227405,1.63416,2.12937,1.39557,2.59537,0.42336,18.483,0.42336,0,0,442.007,0,0.640328,0,0,0.867732,0.227405,1.028160,1,0,11.2915,0,0,0,11.2915,0
55.8769,2.03628,0,0,0.596884,0.0486308,0.36288,3.6288,56.6517,0.895491,0,0,0.338377,0.310608,0,0.66528,12.849,1,0.453232,0.36288,0,13.3567,5.501,7.7654,0.84672,12.849,0.84672,3695.15,0,18.483,0,0.227405,1.63434,2.15215,1.44039,2.5735,0.42336,18.483,0.42336,0,0,442.007,0,0.626478,0,0,0.853883,0.227405,1.028160,1,0,10.3389,0,0,0,10.3389,0
54.1505,2.01304,0,0,0.725674,0.0762071,0.36288,3.6288,55.888,0.820127,0,0,0.356686,0.300266,0,0.66528,12.849,1,0.462902,0.36288,0,14.9238,4.66043,10.1633,0.84672,12.849,0.84672,3695.15,0,18.483,0,0.227405,1.76459,2.44608,1.41665,3.02142,0.42336,18.483,0.42336,0,0,442.007,0,0.702009,0,0,0.929413,0.227405,1.028160,1,0,13.1848,0,0,0,13.1848,0
52.5495,1.99046,0,0,0.827263,0.0748972,0.36288,3.6288,55.2356,0.719682,0,0,0.366051,0.298772,0,0.66528,12.849,1,0.472303,0.36288,0,15.1185,4.66043,10.3487,0.84672,12.849,0.84672,3695.15,0,18.483,0,0.204422,1.76478,3.45372,1.41665,4.00627,0.42336,18.483,0.42336,0,0,442.007,0,0.802621,0,0,1.00704,0.204422,1.028160,1,0,14.355,0,0,0,14.355,0
50.9631,1.9687,0,0,0.818882,0.0736826,0.36288,3.6288,54.5607,0.749838,0,0,0.372474,0.297496,0,0.66528,12.849,1,0.481371,0.36288,0,13.987,4.66043,9.20812,0.84672,12.849,0.84672,3695.15,0,18.483,0,0.204422,1.76497,2.74234,1.41665,3.29509,0.42336,18.483,0.42336,0,0,442.007,0,0.772632,0,0,0.977054,0.204422,1.028160,1,0,12.5032,0,0,0,12.5032,0
49.1939,1.94628,0,0,0.622862,0.0828716,0.36288,3.6288,53.7574,0.827688,0,0,0.320774,0.296371,0,0.66528,12.849,1,0.490704,0.36288,0,13.5603,4.71593,8.71656,0.84672,12.849,0.84672,3695.15,0,18.483,0,0.204422,1.76517,2.32642,1.40578,2.89023,0.42336,18.483,0.42336,0,0,442.007,0,0.69495,0,0,0.899372,0.204422,1.028160,1,0,11.6068,0,0,0,11.6068,0
47.5234,1.86162,0,0,0.685314,0.131376,0.36288,3.6288,52.805,0.94143,0,0,0.231133,0.242191,0,0.66528,12.849,1,0.486237,0.36288,0,12.6553,3.73925,8.79266,0.84672,12.849,0.84672,3695.15,0,18.483,0,0.204422,1.76536,2.37667,1.14435,3.2021,0.42336,18.483,0.42336,0,0,442.007,0,0.508106,0,0,0.712529,0.204422,1.028160,1,0,11.9948,0,0,0,11.9948,0
45.905,1.8367,0,0,0.739619,0.158441,0.36288,3.6288,52.2563,0.635513,0,0,0.303428,0.216615,0,0.66528,12.849,1,0.496593,0.36288,0,14.2701,3.25658,10.8798,0.84672,12.849,0.84672,3695.15,0,18.483,0,0.216518,1.69097,3.41001,1.03133,4.28618,0.42336,18.483,0.42336,0,0,442.007,0,0.814182,0,0,1.0307,0.216518,1.028160,1,0,15.166,0,0,0,15.166,0
44.3079,1.81153,0,0,0.732983,0.155628,0.36288,3.6288,51.9258,0.468558,0,0,0.353731,0.215663,0,0.66528,12.849,1,0.507054,0.36288,0,13.9669,3.25658,10.5662,0.84672,12.849,0.84672,3695.15,0,18.483,0,0.216518,1.69116,3.44923,1.03133,4.32559,0.42336,18.483,0.42336,0,0,442.007,0,0.981297,0,0,1.19782,0.216518,1.028160,1,0,14.8917,0,0,0,14.8917,0
42.6524,1.78562,0,0,0.645849,0.152853,0.36288,3.6288,51.4713,0.552654,0,0,0.313237,0.215089,0,0.66528,12.849,1,0.517816,0.36288,0,11.982,3.25658,8.57053,0.84672,12.849,0.84672,3695.15,0,18.483,0,0.216518,1.69135,3.00771,1.03133,3.88425,0.42336,18.483,0.42336,0,0,442.007,0,0.897359,0,0,1.11388,0.216518,1.028160,1,0,12.4548,0,0,0,12.4548,0
41.5952,1.71215,0,0,1.17391,0.156109,0.36288,3.6288,51.351,0.355291,0,0,0.434805,0.199751,0,0.66528,12.849,1,0.515784,0.36288,0,19.8145,3.54307,16.1185,0.84672,12.849,0.84672,3695.15,0,18.483,0,0.380506,1.69153,4.58878,0.984817,5.676,0.42336,18.483,0.42336,0,0,442.007,0,1.02816,0,0,1.40867,0.380506,1.028160,1,0,21.7945,0,0,0,21.7945,0
41.625,1.6941,0,0,2.27761,0.190861,0.36288,3.6288,51.0105,0.58823,0,0,0.408107,0.160357,0,0.66528,12.849,1,0.523319,0.36288,0,28.9191,4.28853,24.4701,0.84672,12.849,0.84672,3695.15,0,18.483,0,0.216518,1.62541,3.93657,0.905752,4.87274,0.42336,18.483,0.42336,0,0,442.007,0,0.795372,0,0,1.01189,0.216518,1.028160,1,0,29.3429,0,0,0,29.3429,0
41.243,1.69481,0,0,1.89533,0.219628,0.36288,3.6288,50.2041,0.935943,0,0,0.285643,0.156109,0,0.66528,12.849,1,0.523163,0.36288,0,23.4953,4.32747,19.0075,0.84672,12.849,0.84672,3695.15,0,18.483,0,0.292723,1.62559,3.28664,0.955357,4.24959,0.42336,18.483,0.42336,0,0,442.007,0,0.447811,0,0,0.740534,0.292723,1.028160,1,0,23.2571,0,0,0,23.2571,0
41.8261,1.68828,0,0,2.85296,0.218644,0.36288,3.6288,50.385,0.355746,0,0,0.691726,0.155085,0,0.66528,12.849,1,0.525974,0.36288,0,36.6378,4.32747,32.1473,0.84672,12.849,0.84672,3695.15,0,18.483,0,1.11218,1.62577,6.66433,0.955357,8.44693,0.42336,18.483,0.42336,0,0,442.007,0,1.02816,0,0,2.14034,1.11218,1.028160,1,0,40.5942,0,0,0,40.5942,0
46.5792,1.57076,0,0,6.90684,0.220146,0.36288,3.6288,51.5625,0.216874,0,0,1.54968,0.155315,0,0.66528,12.849,1,0.482539,0.36288,0,96.0163,4.32747,91.5692,0.84672,12.849,0.84672,3695.15,0,18.483,0,2.33968,1.62595,10.0818,0.955357,13.0921,0.42336,18.483,0.42336,0,0,442.007,0,1.02816,0,0,3.36784,2.33968,1.028160,1,0,104.661,0,0,0,104.661,0
45.7923,1.64273,0,0,1.45433,0.235547,0.36288,3.6288,51.6081,0.217011,0,0,0.418225,0.155652,0,0.66528,12.849,1,0.453151,0.36288,0,24.8386,3.63416,21.1142,0.84672,12.849,0.84672,3695.15,0,18.483,0,0.410996,1.47678,3.23696,1.03078,4.09395,0.42336,18.483,0.42336,0,0,442.007,0,1.02816,0,0,1.43916,0.410996,1.028160,1,0,25.2081,0,0,0,25.2081,0
46.6957,1.63163,0,0,3.13138,0.233493,0.36288,3.6288,51.9762,0.217148,0,0,0.740957,0.155709,0,0.66528,12.849,1,0.457824,0.36288,0,54.6604,3.63416,50.9313,0.84672,12.849,0.84672,3695.15,0,18.483,0,1.51788,1.47694,5.06566,1.03078,7.0297,0.42336,18.483,0.42336,0,0,442.007,0,1.02816,0,0,2.54604,1.51788,1.028160,1,0,57.961,0,0,0,57.961,0
47.3152,1.64474,0,0,2.86611,0.23899,0.36288,3.6288,52.349,0.217285,0,0,0.791483,0.201426,0,0.66528,12.849,1,0.452573,0.36288,0,54.3539,4.35676,49.9074,0.84672,12.849,0.84672,3695.15,0,18.483,0,0.912963,1.4771,5.79822,1.31579,6.8725,0.42336,18.483,0.42336,0,0,442.007,0,1.02816,0,0,1.94112,0.912963,1.028160,1,0,56.7799,0,0,0,56.7799,0
49.002,1.65361,0,0,3.92174,0.218448,0.36288,3.6288,53.0833,0.217422,0,0,1.15229,0.200529,0,0.66528,12.849,1,0.449058,0.36288,0,69.5323,3.67529,65.7708,0.84672,12.849,0.84672,3695.15,0,18.483,0,1.91455,1.47727,6.59401,1.06086,8.92496,0.42336,18.483,0.42336,0,0,442.007,0,1.02816,0,0,2.94271,1.91455,1.028160,1,0,74.6958,0,0,0,74.6958,0
53.7338,1.72932,0,0,7.04697,0.222976,0.36288,3.6288,55.8722,0.257835,0,0,3.22693,0.180169,0,0.66528,12.849,1,0.45345,0.36288,0,118.945,3.79037,115.064,0.84672,12.849,0.84672,3695.15,0,18.483,0,4.02624,1.47743,18.1654,1.00815,22.6609,0.42336,18.483,0.42336,0,0,442.007,0,1.02816,0,0,5.0544,4.02624,1.028160,1,0,137.725,0,0,0,137.725,0
58.3258,1.79101,0,0,7.00276,0.256895,0.36288,3.6288,58.8063,0.257969,0,0,3.39165,0.199564,0,0.66528,12.849,1,0.428271,0.36288,0,176.089,4.5024,171.521,0.84672,12.849,0.84672,3695.15,0,18.483,0,3.75595,1.52485,20.6811,1.09346,24.8685,0.42336,18.483,0.42336,0,0,442.007,0,1.02816,0,0,4.78411,3.75595,1.028160,1,0,196.39,0,0,0,196.39,0
63.5501,1.84469,0,0,7.70081,0.268896,0.36288,3.6288,61.308,0.258103,0,0,3.06901,0.203398,0.105848,0.66528,12.849,1,0.406379,0.36288,0,157.703,4.5024,153.157,0.84672,12.849,0.84672,3695.15,0,18.483,0,3.42786,1.52501,16.8953,1.09346,20.7547,0.42336,18.483,0.42336,0,0,442.007,0,1.02816,0,0,4.45602,3.42786,1.028160,1,0,174.018,0,0,0,174.018,0
68.5141,1.89945,0,0,7.50773,0.281493,0.36288,3.6288,61.308,0.258237,0,0,3.85284,0.206666,3.38793,0.66528,12.849,1,0.384043,0.36288,0,185.412,4.5024,180.888,0.84672,12.849,0.84672,3695.15,0,18.483,0,4.69729,1.52516,20.7176,1.09346,25.8466,0.42336,18.483,0.42336,0,0,442.007,0,1.02816,0,0,5.72545,4.69729,1.028160,1,0,210.123,0,0,0,210.123,0
70.3348,2.13604,0,0,4.63713,0.317481,0.36288,3.6288,61.308,0.40964,0,0,2.50282,0.194875,1.8983,0.66528,12.849,1,0.400588,0.36288,0,102.474,4.45319,97.983,0.84672,12.849,0.84672,3695.15,0,18.483,0,2.25792,1.52532,12.2786,1.2062,14.8556,0.42336,18.483,0.42336,0,0,442.007,0,1.02816,0,0,3.28608,2.25792,1.028160,1,0,114.737,0,0,0,114.737,0
72.1381,2.15375,0,0,4.6076,0.287673,0.36288,3.6288,61.308,0.409789,0,0,4.52789,0.174112,3.94399,0.66528,12.849,1,0.393455,0.36288,0,110.937,3.62618,107.28,0.84672,12.849,0.84672,3695.15,0,18.483,0,2.9774,1.69419,15.5201,0.955466,19.2363,0.42336,18.483,0.42336,0,0,442.007,0,1.02816,0,0,4.00556,2.9774,1.028160,1,0,130.46,0,0,0,130.46,0
72.29,2.1707,0,0,4.71299,0.313332,2.07704,3.6288,61.308,0.409939,0,0,2.98181,0.162807,2.40906,0.66528,12.849,1,0.386638,2.07704,0,139.734,3.69183,137.732,0.84672,12.849,0.84672,3695.15,0,18.483,0,2.05205,1.69437,11.4938,0.926716,14.3135,0.42336,18.483,0.42336,0,0,442.007,0,1.02816,0,0,3.08021,2.05205,1.028160,1,0,154.455,0,0,0,154.455,0
72.29,2.17231,0,0,8.52762,0.368,5.98731,3.6288,61.308,0.410089,0,0,3.36673,0.182024,2.77462,0.66528,12.849,1,0.386112,5.98731,0,149.82,3.68502,151.736,0.84672,12.849,0.84672,3695.15,0,18.483,0,4.02176,1.69455,15.0767,0.939773,19.8532,0.42336,18.483,0.42336,0,0,442.007,0,1.02816,0,0,5.04992,4.02176,1.028160,1,0,174.364,0,0,0,174.364,0
72.29,1.89715,0,0,4.54522,0.37,2.27807,3.6288,61.308,0.20715,0,0,2.92646,0.192511,2.5268,0.66528,12.849,1,0.337205,2.27807,0,159.519,3.64828,157.812,0.84672,12.849,0.84672,3695.15,0,18.483,0,1.9937,1.69472,13.4081,0.966229,16.1303,0.42336,18.483,0.42336,0,0,442.007,0,1.02816,0,0,3.02186,1.9937,1.028160,1,0,176.469,0,0,0,176.469,0
72.29,1.89735,0,0,8.32818,0.321064,6.10977,3.6288,61.308,0.207278,0,0,3.08477,0.173138,2.70435,0.66528,12.849,1,0.33724,6.10977,0,256.581,3.65432,258.699,0.84672,12.849,0.84672,3695.15,0,18.483,0,3.93378,1.46402,17.544,1.00163,21.9402,0.42336,18.483,0.42336,0,0,442.007,0,1.02816,0,0,4.96194,3.93378,1.028160,1,0,283.344,0,0,0,283.344,0
72.29,1.89755,0,0,7.25846,0.321064,5.03985,3.6288,61.308,0.207407,0,0,2.5096,0.173138,2.12906,0.66528,12.849,1,0.337275,5.03985,0,175.091,3.65432,176.14,0.84672,12.849,0.84672,3695.15,0,18.483,0,2.51334,1.46417,13.5108,1.00163,16.4867,0.42336,18.483,0.42336,0,0,442.007,0,1.02816,0,0,3.5415,2.51334,1.028160,1,0,194.755,0,0,0,194.755,0
72.29,1.89775,0,0,7.09344,0.321064,4.87463,3.6288,61.308,0.207535,0,0,2.24186,0.173138,1.86119,0.66528,12.849,1,0.33731,4.87463,0,182.537,3.65432,183.42,0.84672,12.849,0.84672,3695.15,0,18.483,0,2.25173,1.46432,13.6506,1.00163,16.365,0.42336,18.483,0.42336,0,0,442.007,0,1.02816,0,0,3.27989,2.25173,1.028160,1,0,201.646,0,0,0,201.646,0
72.29,1.89794,0,0,7.04532,0.275752,4.87162,3.6288,61.308,0.207664,0,0,2.04206,0.149072,1.68532,0.66528,12.849,1,0.337345,4.87162,0,196.857,3.30553,198.086,0.84672,12.849,0.84672,3695.15,0,18.483,0,2.3353,1.46448,14.0321,0.951526,16.8804,0.42336,18.483,0.42336,0,0,442.007,0,1.02816,0,0,3.36346,2.3353,1.028160,1,0,216.652,0,0,0,216.652,0
72.29,1.9675,0,0,6.2943,0.293271,4.03353,3.6288,61.308,0.257502,0,0,1.92684,0.15706,1.51228,0.66528,12.849,1,0.349707,4.03353,0,147.124,3.25664,147.551,0.84672,12.849,0.84672,3695.15,0,18.483,0,1.56241,1.46463,12.2947,0.893631,14.4281,0.42336,18.483,0.42336,0,0,442.007,0,1.02816,0,0,2.59057,1.56241,1.028160,1,0,163.491,0,0,0,163.491,0
72.29,1.9677,0,0,4.30619,0.311715,2.02678,3.6288,61.308,0.257636,0,0,1.71914,0.179136,1.28237,0.66528,12.849,1,0.349744,2.02678,0,118.328,3.60087,116.404,0.84672,12.849,0.84672,3695.15,0,18.483,0,1.31463,1.52182,12.2155,0.956145,14.0958,0.42336,18.483,0.42336,0,0,442.007,0,1.02816,0,0,2.34279,1.31463,1.028160,1,0,131.783,0,0,0,131.783,0
72.29,1.96791,0,0,3.87484,0.311715,1.59522,3.6288,61.308,0.25777,0,0,2.19199,0.179136,1.75508,0.66528,12.849,1,0.34978,1.59522,0,83.9117,3.60087,81.5563,0.84672,12.849,0.84672,3695.15,0,18.483,0,1.72413,1.52198,9.727,0.956145,12.017,0.42336,18.483,0.42336,0,0,442.007,0,1.02816,0,0,2.75229,1.72413,1.028160,1,0,95.3283,0,0,0,95.3283,0
72.29,1.96811,0,0,3.59542,0.317088,1.31023,3.6288,61.308,0.257904,0,0,2.32642,0.171382,1.89713,0.66528,12.849,1,0.349817,1.31023,0,76.1806,3.38444,73.7566,0.84672,12.849,0.84672,3695.15,0,18.483,0,1.76027,1.52213,13.0517,0.914381,15.4197,0.42336,18.483,0.42336,0,0,442.007,0,1.02816,0,0,2.78843,1.76027,1.028160,1,0,91.0734,0,0,0,91.0734,0
72.29,1.94119,0,0,3.29651,0.272036,1.08328,3.6288,61.308,0.238723,0,0,2.09182,0.200317,1.65278,0.66528,12.849,1,0.345031,1.08328,0,81.5348,3.94752,78.3255,0.84672,12.849,0.84672,3695.15,0,18.483,0,1.80739,1.52229,9.78463,1.02892,12.0854,0.42336,18.483,0.42336,0,0,442.007,0,1.02816,0,0,2.83555,1.80739,1.028160,1,0,92.0637,0,0,0,92.0637,0
72.29,1.94139,0,0,2.98425,0.254351,0.788508,3.6288,61.308,0.238855,0,0,1.44689,0.218589,0.989446,0.66528,12.849,1,0.345067,0.788508,0,85.8514,4.41126,81.8835,0.84672,12.849,0.84672,3695.15,0,18.483,0,1.3136,1.50024,8.46573,1.13196,10.1476,0.42336,18.483,0.42336,0,0,442.007,0,1.02816,0,0,2.34176,1.3136,1.028160,1,0,93.0206,0,0,0,93.0206,0
72.29,1.94159,0,0,2.64597,0.254351,0.450032,3.6288,61.308,0.238987,0,0,1.31423,0.218589,0.856655,0.66528,12.849,1,0.345103,0.450032,0,74.3861,4.41126,70.0797,0.84672,12.849,0.84672,3695.15,0,18.483,0,1.01662,1.5004,7.32084,1.13196,8.7059,0.42336,18.483,0.42336,0,0,442.007,0,1.02816,0,0,2.04478,1.01662,1.028160,1,0,79.6423,0,0,0,79.6423,0
72.1328,1.94179,0,0,2.39751,0.25003,0.36288,3.6288,61.308,0.239119,0,0,1.17834,0.2129,0.726322,0.66528,12.849,1,0.345139,0.36288,0,65.5379,4.2933,61.2623,0.84672,12.849,0.84672,3695.15,0,18.483,0,0.830909,1.50055,6.69609,1.10205,7.9255,0.42336,18.483,0.42336,0,0,442.007,0,1.02816,0,0,1.85907,0.830909,1.028160,1,0,69.9141,0,0,0,69.9141,0
71.7109,2.03278,0,0,2.19758,0.223837,0.36288,3.6288,61.308,0.307774,0,0,1.11364,0.178767,0.627095,0.66528,12.849,1,0.362098,0.36288,0,63.1005,3.58554,59.5158,0.84672,12.849,0.84672,3695.15,0,18.483,0,0.740431,1.50071,6.09704,0.922536,7.41565,0.42336,18.483,0.42336,0,0,442.007,0,1.02816,0,0,1.76859,0.740431,1.028160,1,0,67.5585,0,0,0,67.5585,0
71.5237,2.02937,0,0,2.40708,0.201973,0.36288,3.6288,61.308,0.307913,0,0,1.22026,0.228548,0.683801,0.66528,12.849,1,0.363619,0.36288,0,69.9339,4.81752,65.1156,0.84672,12.849,0.84672,3695.15,0,18.483,0,0.972726,1.57855,7.55482,1.01458,9.09152,0.42336,18.483,0.42336,0,0,442.007,0,1.02816,0,0,2.00089,0.972726,1.028160,1,0,74.891,0,0,0,74.891,0
71.2374,2.02797,0,0,2.27216,0.167632,0.36288,3.6288,61.308,0.308052,0,0,1.13976,0.239075,0.592636,0.66528,12.849,1,0.364318,0.36288,0,59.2054,4.99653,54.2075,0.84672,12.849,0.84672,3695.15,0,18.483,0,0.79018,1.57872,7.33614,1.09064,8.6144,0.42336,18.483,0.42336,0,0,442.007,0,1.02816,0,0,1.81834,0.79018,1.028160,1,0,63.4145,0,0,0,63.4145,0
70.9227,2.0257,0,0,2.2411,0.167266,0.36288,3.6288,61.308,0.308191,0,0,1.14312,0.239075,0.595849,0.66528,12.849,1,0.365373,0.36288,0,56.024,4.99653,51.025,0.84672,12.849,0.84672,3695.15,0,18.483,0,0.867292,1.57888,6.98423,1.09064,8.33977,0.42336,18.483,0.42336,0,0,442.007,0,1.02816,0,0,1.89545,0.867292,1.028160,1,0,59.9606,0,0,0,59.9606,0
70.3655,2.02317,0,0,2.0103,0.181461,0.36288,3.6288,61.308,0.30833,0,0,1.09001,0.235125,0.546559,0.66528,12.849,1,0.366536,0.36288,0,52.9088,4.74269,48.1624,0.84672,12.849,0.84672,3695.15,0,18.483,0,0.877902,1.57905,6.43274,1.10043,7.78926,0.42336,18.483,0.42336,0,0,442.007,0,1.02816,0,0,1.90606,0.877902,1.028160,1,0,56.4982,0,0,0,56.4982,0
70.1838,2.00041,0,0,2.32613,0.144483,0.36288,3.6288,61.308,0.34615,0,0,1.42725,0.250727,0.830373,0.66528,12.849,1,0.365282,0.36288,0,59.0547,4.83802,54.2142,0.84672,12.849,0.84672,3695.15,0,18.483,0,1.38522,1.57921,6.80193,1.17644,8.58991,0.42336,18.483,0.42336,0,0,442.007,0,1.02816,0,0,2.41338,1.38522,1.028160,1,0,63.6345,0,0,0,63.6345,0
70.0553,1.99902,0,0,2.35546,0.122078,0.36288,3.6288,61.308,0.346294,0,0,1.56436,0.259074,0.95899,0.66528,12.849,1,0.365973,0.36288,0,60.1334,5.01155,55.1188,0.84672,12.849,0.84672,3695.15,0,18.483,0,1.50827,1.60359,6.56899,1.20163,8.47922,0.42336,18.483,0.42336,0,0,442.007,0,1.02816,0,0,2.53643,1.50827,1.028160,1,0,64.557,0,0,0,64.557,0
69.8181,1.9981,0,0,2.24572,0.121957,0.36288,3.6288,61.308,0.346437,0,0,1.5092,0.259074,0.90369,0.66528,12.849,1,0.366476,0.36288,0,58.5482,5.01155,53.533,0.84672,12.849,0.84672,3695.15,0,18.483,0,1.432,1.60376,6.22061,1.20163,8.05474,0.42336,18.483,0.42336,0,0,442.007,0,1.02816,0,0,2.46016,1.432,1.028160,1,0,62.4915,0,0,0,62.4915,0
69.483,1.99621,0,0,2.12147,0.0974276,0.36288,3.6288,61.308,0.34658,0,0,1.43702,0.298135,0.792307,0.66528,12.849,1,0.367373,0.36288,0,55.2113,5.67037,49.5365,0.84672,12.849,0.84672,3695.15,0,18.483,0,1.42291,1.60393,6.04545,1.40397,7.66832,0.42336,18.483,0.42336,0,0,442.007,0,1.02816,0,0,2.45107,1.42291,1.028160,1,0,57.9971,0,0,0,57.9971,0
69.055,2.03996,0,0,2.07039,0.0955886,0.36288,3.6288,61.308,0.380319,0,0,1.39366,0.296194,0.717145,0.66528,12.849,1,0.377236,0.36288,0,54.5227,5.83836,48.67,0.84672,12.849,0.84672,3695.15,0,18.483,0,1.36877,1.60409,5.87252,1.43396,7.41142,0.42336,18.483,0.42336,0,0,442.007,0,1.02816,0,0,2.39693,1.36877,1.028160,1,0,56.7986,0,0,0,56.7986,0
68.7503,2.03625,0,0,2.17338,0.0789564,0.36288,3.6288,61.308,0.380466,0,0,1.31242,0.319244,0.612707,0.66528,12.849,1,0.378884,0.36288,0,50.7183,5.94111,44.7612,0.84672,12.849,0.84672,3695.15,0,18.483,0,1.15588,1.64287,5.63979,1.53055,6.90798,0.42336,18.483,0.42336,0,0,442.007,0,1.02816,0,0,2.18404,1.15588,1.028160,1,0,52.2818,0,0,0,52.2818,0
68.2632,2.03365,0,0,1.98823,0.0787692,0.36288,3.6288,61.308,0.380613,0,0,1.23352,0.319244,0.533668,0.66528,12.849,1,0.380077,0.36288,0,47.6865,5.94111,41.7282,0.84672,12.849,0.84672,3695.15,0,18.483,0,1.11485,1.64304,5.74053,1.53055,6.96787,0.42336,18.483,0.42336,0,0,442.007,0,1.02816,0,0,2.14301,1.11485,1.028160,1,0,49.2297,0,0,0,49.2297,0
67.5928,2.02933,0,0,1.80022,0.0784701,0.36288,3.6288,61.308,0.380759,0,0,1.17857,0.319244,0.478571,0.66528,12.849,1,0.381975,0.36288,0,44.9115,5.94111,38.9513,0.84672,12.849,0.84672,3695.15,0,18.483,0,0.896391,1.64321,5.33745,1.53055,6.3465,0.42336,18.483,0.42336,0,0,442.007,0,1.02816,0,0,1.92455,0.896391,1.028160,1,0,45.7764,0,0,0,45.7764,0
66.582,2.15835,0,0,1.57435,0.0638783,0.36288,3.6288,61.308,0.502221,0,0,1.17021,0.327014,0.340976,0.66528,12.849,1,0.41029,0.36288,0,42.7655,6.16544,36.5526,0.84672,12.849,0.84672,3695.15,0,18.483,0,0.865668,1.64338,5.39454,1.57537,6.32822,0.42336,18.483,0.42336,0,0,442.007,0,1.02816,0,0,1.89383,0.865668,1.028160,1,0,43.2218,0,0,0,43.2218,0
65.0115,2.14825,0,0,1.00534,0.0646849,0.36288,3.6288,61.308,0.50238,0,0,1.01565,0.312617,0.200652,0.66528,12.849,1,0.414569,0.36288,0,30.3681,5.5725,24.7439,0.84672,12.849,0.84672,3695.15,0,18.483,0,0.862116,1.77434,4.39116,1.44167,5.58594,0.42336,18.483,0.42336,0,0,442.007,0,1.02816,0,0,1.89028,0.862116,1.028160,1,0,30.5305,0,0,0,30.5305,0
63.4383,2.13199,0,0,0.984312,0.0627156,0.36288,3.6288,61.308,0.50254,0,0,0.964397,0.312334,0.149523,0.66528,12.849,1,0.421371,0.36288,0,26.6132,5.49066,21.064,0.84672,12.849,0.84672,3695.15,0,18.483,0,0.803408,1.77452,4.38568,1.44409,5.51952,0.42336,18.483,0.42336,0,0,442.007,0,1.02816,0,0,1.83157,0.803408,1.028160,1,0,26.7331,0,0,0,26.7331,0
62.3604,2.11515,0,0,1.46687,0.0666715,0.36288,3.6288,61.308,0.502699,0,0,1.14175,0.311262,0.327789,0.66528,12.849,1,0.42841,0.36288,0,34.2582,5.46097,28.7317,0.84672,12.849,0.84672,3695.15,0,18.483,0,1.17839,1.77471,4.80656,1.44045,6.31921,0.42336,18.483,0.42336,0,0,442.007,0,1.02816,0,0,2.20655,1.17839,1.028160,1,0,35.3787,0,0,0,35.3787,0
61.8989,2.10336,0,0,2.09218,0.0874988,0.36288,3.6288,61.308,0.502859,0,0,1.47551,0.302023,0.670632,0.66528,12.849,1,0.433384,0.36288,0,50.253,5.39743,44.7851,0.84672,12.849,0.84672,3695.15,0,18.483,0,1.28342,1.77489,5.26273,1.41706,6.90398,0.42336,18.483,0.42336,0,0,442.007,0,1.02816,0,0,2.31158,1.28342,1.028160,1,0,52.3597,0,0,0,52.3597,0
61.2191,2.03432,0,0,1.80936,0.0919178,0.36288,3.6288,61.308,0.429346,0,0,1.56591,0.278306,0.858261,0.66528,12.849,1,0.422285,0.36288,0,52.418,4.86091,47.4977,0.84672,12.849,0.84672,3695.15,0,18.483,0,1.59396,1.77508,4.12026,1.26019,6.22911,0.42336,18.483,0.42336,0,0,442.007,0,1.02816,0,0,2.62212,1.59396,1.028160,1,0,54.5851,0,0,0,54.5851,0
60.8082,2.02697,0,0,2.08065,0.10171,0.36288,3.6288,61.308,0.429498,0,0,1.58025,0.263322,0.887427,0.66528,12.849,1,0.425431,0.36288,0,58.7983,4.34395,54.3918,0.84672,12.849,0.84672,3695.15,0,18.483,0,1.62147,1.70027,7.46401,1.14408,9.64167,0.42336,18.483,0.42336,0,0,442.007,0,1.02816,0,0,2.64963,1.62147,1.028160,1,0,64.9209,0,0,0,64.9209,0
60.3818,2.02255,0,0,2.06036,0.101364,0.36288,3.6288,61.308,0.42965,0,0,1.67671,0.263322,0.983741,0.66528,12.849,1,0.427372,0.36288,0,63.5171,4.34395,59.1087,0.84672,12.849,0.84672,3695.15,0,18.483,0,1.74836,1.70045,5.3153,1.14408,7.62003,0.42336,18.483,0.42336,0,0,442.007,0,1.02816,0,0,2.77652,1.74836,1.028160,1,0,67.7125,0,0,0,67.7125,0
59.5379,2.01792,0,0,1.63788,0.101005,0.36288,3.6288,61.308,0.429802,0,0,1.48151,0.263322,0.788386,0.66528,12.849,1,0.429404,0.36288,0,48.0978,4.34395,43.6874,0.84672,12.849,0.84672,3695.15,0,18.483,0,1.41275,1.70063,5.54664,1.14408,7.51594,0.42336,18.483,0.42336,0,0,442.007,0,1.02816,0,0,2.44091,1.41275,1.028160,1,0,51.9917,0,0,0,51.9917,0
60.1559,1.95652,0,0,3.11011,0.172687,0.36288,3.6288,61.308,0.362866,0,0,1.8674,0.190837,1.31369,0.66528,12.849,1,0.422241,0.36288,0,77.2033,3.62476,73.5192,0.84672,12.849,0.84672,3695.15,0,18.483,0,1.31407,1.7008,9.59286,0.890079,11.7177,0.42336,18.483,0.42336,0,0,442.007,0,1.02816,0,0,2.34223,1.31407,1.028160,1,0,86.5505,0,0,0,86.5505,0
62.2669,1.96368,0,0,4.66397,0.226408,0.36288,3.6288,61.308,0.363011,0,0,2.43263,0.224748,1.84487,0.66528,12.849,1,0.419432,0.36288,0,90.993,4.41346,86.523,0.84672,12.849,0.84672,3695.15,0,18.483,0,3.10217,1.63431,10.7277,0.954325,14.5098,0.42336,18.483,0.42336,0,0,442.007,0,1.02816,0,0,4.13033,3.10217,1.028160,1,0,102.878,0,0,0,102.878,0
62.4646,1.98695,0,0,2.77798,0.230444,0.36288,3.6288,61.308,0.363156,0,0,1.1686,0.224748,0.580699,0.66528,12.849,1,0.410015,0.36288,0,56.5822,4.41346,52.1216,0.84672,12.849,0.84672,3695.15,0,18.483,0,0.887466,1.63448,5.80789,0.954325,7.37552,0.42336,18.483,0.42336,0,0,442.007,0,1.02816,0,0,1.91563,0.887466,1.028160,1,0,60.0779,0,0,0,60.0779,0
64.9256,1.98927,0,0,5.04922,0.236048,0.36288,3.6288,61.308,0.363301,0,0,1.84423,0.23119,1.24974,0.66528,12.849,1,0.409193,0.36288,0,103.96,4.55121,99.3624,0.84672,12.849,0.84672,3695.15,0,18.483,0,1.39687,1.63465,9.88821,0.99317,11.9266,0.42336,18.483,0.42336,0,0,442.007,0,1.02816,0,0,2.42503,1.39687,1.028160,1,0,112.539,0,0,0,112.539,0
66.9088,1.86324,0,0,4.48207,0.272826,0.36288,3.6288,61.308,0.223664,0,0,2.42082,0.26984,1.92732,0.66528,12.849,1,0.368741,0.36288,0,93.9427,5.37768,88.5592,0.84672,12.849,0.84672,3695.15,0,18.483,0,3.03788,1.63482,11.2735,1.22624,14.7199,0.42336,18.483,0.42336,0,0,442.007,0,1.02816,0,0,4.06604,3.03788,1.028160,1,0,105.206,0,0,0,105.206,0
66.8644,1.88158,0,0,2.48642,0.286313,0.36288,3.6288,61.308,0.223794,0,0,1.4407,0.200234,1.01667,0.66528,12.849,1,0.361335,0.36288,0,63.4033,3.97017,59.4347,0.84672,12.849,0.84672,3695.15,0,18.483,0,1.64031,1.48483,8.24279,0.985113,10.3828,0.42336,18.483,0.42336,0,0,442.007,0,1.02816,0,0,2.66847,1.64031,1.028160,1,0,70.8342,0,0,0,70.8342,0
66.3873,1.88138,0,0,2.05491,0.287735,0.36288,3.6288,61.308,0.223925,0,0,1.48382,0.188632,1.07126,0.66528,12.849,1,0.361536,0.36288,0,74.6103,3.73559,70.876,0.84672,12.849,0.84672,3695.15,0,18.483,0,1.34302,1.48499,8.33667,0.944924,10.2198,0.42336,18.483,0.42336,0,0,442.007,0,1.02816,0,0,2.37118,1.34302,1.028160,1,0,82.1671,0,0,0,82.1671,0
66.7544,1.87727,0,0,2.90498,0.297762,0.36288,3.6288,61.308,0.224055,0,0,1.85977,0.243665,1.39205,0.66528,12.849,1,0.363339,0.36288,0,58.3189,4.57996,53.7385,0.84672,12.849,0.84672,3695.15,0,18.483,0,2.07482,1.48514,9.01535,1.25999,11.3153,0.42336,18.483,0.42336,0,0,442.007,0,1.02816,0,0,3.10298,2.07482,1.028160,1,0,66.4458,0,0,0,66.4458,0
66.9399,1.88079,0,0,2.76419,0.334963,0.36288,3.6288,61.308,0.224186,0,0,1.91705,0.233297,1.45957,0.66528,12.849,1,0.362017,0.36288,0,101.478,4.48079,96.9977,0.84672,12.849,0.84672,3695.15,0,18.483,0,2.39653,1.4853,13.6882,1.14191,16.4281,0.42336,18.483,0.42336,0,0,442.007,0,1.02816,0,0,3.42469,2.39653,1.028160,1,0,114.885,0,0,0,114.885,0
72.29,1.88245,0,0,9.58669,0.295598,2.05858,3.6288,61.308,0.224186,0,0,3.56236,0.215335,3.12284,0.66528,12.849,1,0.361333,2.05858,0,140.242,4.16448,137.775,0.84672,12.849,0.84672,3695.15,0,18.483,0,3.45801,1.48545,21.6577,1.07408,25.5271,0.42336,18.483,0.42336,0,0,442.007,0,1.02816,0,0,4.48617,3.45801,1.028160,1,0,166.425,0,0,0,166.425,0
72.29,1.98855,0,0,7.581,0.285484,5.30697,3.6288,61.308,0.264812,0,0,2.62921,0.216189,2.14821,0.66528,12.849,1,0.353449,5.30697,0,109.668,4.60026,110.022,0.84672,12.849,0.84672,3695.15,0,18.483,0,2.44217,1.48545,10.5017,1.09077,13.3385,0.42336,18.483,0.42336,0,0,442.007,0,1.02816,0,0,3.47033,2.44217,1.028160,1,0,125.508,0,0,0,125.508,0
72.29,1.98874,0,0,6.24362,0.285484,3.96939,3.6288,61.308,0.264939,0,0,2.03468,0.216189,1.55355,0.66528,12.849,1,0.353484,3.96939,0,88.2541,4.60026,87.2698,0.84672,12.849,0.84672,3695.15,0,18.483,0,1.63108,1.53312,8.95778,1.09077,11.0312,0.42336,18.483,0.42336,0,0,442.007,0,1.02816,0,0,2.65924,1.63108,1.028160,1,0,99.8545,0,0,0,99.8545,0
72.29,1.98894,0,0,8.00513,0.325555,5.69064,3.6288,61.308,0.265067,0,0,2.02084,0.205479,1.55029,0.66528,12.849,1,0.353519,5.69064,0,116.535,4.7142,117.158,0.84672,12.849,0.84672,3695.15,0,18.483,0,1.85474,1.53327,12.7561,1.28945,14.8547,0.42336,18.483,0.42336,0,0,442.007,0,1.02816,0,0,2.8829,1.85474,1.028160,1,0,133.563,0,0,0,133.563,0
72.29,1.98913,0,0,5.55907,0.332233,3.2377,3.6288,61.308,0.265194,0,0,1.8309,0.203694,1.36201,0.66528,12.849,1,0.353553,3.2377,0,80.6976,4.73319,78.8486,0.84672,12.849,0.84672,3695.15,0,18.483,0,1.37919,1.53342,7.75025,1.32256,9.34031,0.42336,18.483,0.42336,0,0,442.007,0,1.02816,0,0,2.40735,1.37919,1.028160,1,0,89.5509,0,0,0,89.5509,0
72.29,2.18336,0,0,11.7136,0.298402,9.23183,3.6288,61.308,0.417407,0,0,4.1466,0.156957,3.57223,0.66528,12.849,1,0.388076,9.23183,0,200.131,4.29208,204.683,0.84672,12.849,0.84672,3695.15,0,18.483,0,4.75142,1.53357,21.8519,1.07401,27.0628,0.42336,18.483,0.42336,0,0,442.007,0,1.02816,0,0,5.77958,4.75142,1.028160,1,0,235.318,0,0,0,235.318,0
72.29,2.18358,0,0,9.19132,0.34031,6.66743,3.6288,61.308,0.41755,0,0,3.5596,0.209394,2.93266,0.66528,12.849,1,0.388115,6.66743,0,156.768,4.67468,158.372,0.84672,12.849,0.84672,3695.15,0,18.483,0,3.88368,1.70335,18.2923,1.20755,22.6717,0.42336,18.483,0.42336,0,0,442.007,0,1.02816,0,0,4.91184,3.88368,1.028160,1,0,183.977,0,0,0,183.977,0
72.29,2.18379,0,0,10.1226,0.347295,7.59154,3.6288,61.308,0.417692,0,0,4.36238,0.218133,3.72655,0.66528,12.849,1,0.388153,7.59154,0,165.104,4.73844,167.569,0.84672,12.849,0.84672,3695.15,0,18.483,0,4.84586,1.70352,20.6437,1.2298,25.9633,0.42336,18.483,0.42336,0,0,442.007,0,1.02816,0,0,5.87402,4.84586,1.028160,1,0,197.259,0,0,0,197.259,0
72.29,2.18401,0,0,7.65262,0.347295,5.12132,3.6288,61.308,0.417835,0,0,3.34326,0.218133,2.70729,0.66528,12.849,1,0.388191,5.12132,0,122.863,4.73844,122.857,0.84672,12.849,0.84672,3695.15,0,18.483,0,3.69078,1.70368,16.0887,1.2298,20.2534,0.42336,18.483,0.42336,0,0,442.007,0,1.02816,0,0,4.71894,3.69078,1.028160,1,0,145.818,0,0,0,145.818,0
72.29,1.90736,0,0,7.78084,0.32863,5.54485,3.6288,61.308,0.213796,0,0,2.52584,0.196891,2.11516,0.66528,12.849,1,0.339019,5.54485,0,109.99,4.0258,111.17,0.84672,12.849,0.84672,3695.15,0,18.483,0,2.91445,1.70385,15.5265,1.00274,19.1421,0.42336,18.483,0.42336,0,0,442.007,0,1.02816,0,0,3.94261,2.91445,1.028160,1,0,132.427,0,0,0,132.427,0
72.29,1.90755,0,0,6.33079,0.32863,4.09461,3.6288,61.308,0.213918,0,0,2.27035,0.196891,1.85954,0.66528,12.849,1,0.339052,4.09461,0,95.3934,4.0258,95.1231,0.84672,12.849,0.84672,3695.15,0,18.483,0,2.17584,1.4719,11.9922,1.00274,14.6372,0.42336,18.483,0.42336,0,0,442.007,0,1.02816,0,0,3.204,2.17584,1.028160,1,0,111.62,0,0,0,111.62,0
72.29,1.90774,0,0,8.56742,0.32863,6.33105,3.6288,61.308,0.21404,0,0,3.16348,0.196891,2.75255,0.66528,12.849,1,0.339086,6.33105,0,149.803,4.0258,151.769,0.84672,12.849,0.84672,3695.15,0,18.483,0,3.70132,1.47204,15.0709,1.00274,19.2415,0.42336,18.483,0.42336,0,0,442.007,0,1.02816,0,0,4.72948,3.70132,1.028160,1,0,173.763,0,0,0,173.763,0
72.29,1.90792,0,0,10.6945,0.324533,8.46205,3.6288,61.308,0.214163,0,0,3.46917,0.162529,3.09248,0.66528,12.849,1,0.339119,8.46205,0,196.261,3.48787,200.896,0.84672,12.849,0.84672,3695.15,0,18.483,0,4.53693,1.47219,20.0302,0.910612,25.1287,0.42336,18.483,0.42336,0,0,442.007,0,1.02816,0,0,5.56509,4.53693,1.028160,1,0,229.117,0,0,0,229.117,0
72.29,1.90811,0,0,10.2369,0.298532,8.03029,3.6288,61.308,0.214285,0,0,3.09417,0.197048,2.68283,0.66528,12.849,1,0.339152,8.03029,0,172.837,3.92274,176.606,0.84672,12.849,0.84672,3695.15,0,18.483,0,4.11277,1.47233,15.4513,0.879265,20.1571,0.42336,18.483,0.42336,0,0,442.007,0,1.02816,0,0,5.14093,4.11277,1.028160,1,0,199.445,0,0,0,199.445,0
72.29,1.97803,0,0,6.97499,0.279544,4.71742,3.6288,61.308,0.264383,0,0,2.78096,0.227233,2.28934,0.66528,12.849,1,0.351579,4.71742,0,143.192,4.31613,143.241,0.84672,12.849,0.84672,3695.15,0,18.483,0,3.248,1.47248,11.9251,0.867272,15.7783,0.42336,18.483,0.42336,0,0,442.007,0,1.02816,0,0,4.27616,3.248,1.028160,1,0,161.309,0,0,0,161.309,0
72.29,1.97822,0,0,5.80369,0.279544,3.54592,3.6288,61.308,0.26451,0,0,2.40383,0.227233,1.91209,0.66528,12.849,1,0.351614,3.54592,0,99.3462,4.31613,98.2244,0.84672,12.849,0.84672,3695.15,0,18.483,0,2.85568,1.52996,10.5126,0.867272,14.031,0.42336,18.483,0.42336,0,0,442.007,0,1.02816,0,0,3.88384,2.85568,1.028160,1,0,114.167,0,0,0,114.167,0
72.29,1.97842,0,0,4.93907,0.269648,2.69101,3.6288,61.308,0.264637,0,0,2.07939,0.180113,1.63464,0.66528,12.849,1,0.351648,2.69101,0,78.7208,3.52865,77.5315,0.84672,12.849,0.84672,3695.15,0,18.483,0,2.45359,1.53011,9.12902,0.899639,12.2131,0.42336,18.483,0.42336,0,0,442.007,0,1.02816,0,0,3.48175,2.45359,1.028160,1,0,91.3792,0,0,0,91.3792,0
72.29,1.97861,0,0,4.75727,0.233859,2.5448,3.6288,61.308,0.264765,0,0,1.81321,0.205423,1.34302,0.66528,12.849,1,0.351683,2.5448,0,71.8381,3.80593,70.2253,0.84672,12.849,0.84672,3695.15,0,18.483,0,2.22771,1.53026,7.53719,0.984247,10.3109,0.42336,18.483,0.42336,0,0,442.007,0,1.02816,0,0,3.25587,2.22771,1.028160,1,0,81.8793,0,0,0,81.8793,0
72.29,1.95153,0,0,4.57577,0.190097,2.43414,3.6288,61.308,0.245475,0,0,1.18235,0.21936,0.717515,0.66528,12.849,1,0.34687,2.43414,0,73.1177,3.86211,71.3429,0.84672,12.849,0.84672,3695.15,0,18.483,0,1.59453,1.53041,5.94991,1.01755,8.0573,0.42336,18.483,0.42336,0,0,442.007,0,1.02816,0,0,2.62269,1.59453,1.028160,1,0,80.1177,0,0,0,80.1177,0
72.29,1.95172,0,0,3.71467,0.190097,1.57285,3.6288,61.308,0.2456,0,0,1.04757,0.21936,0.582605,0.66528,12.849,1,0.346904,1.57285,0,62.2558,3.86211,59.6196,0.84672,12.849,0.84672,3695.15,0,18.483,0,1.36649,1.50824,5.11493,1.01755,6.97211,0.42336,18.483,0.42336,0,0,442.007,0,1.02816,0,0,2.39465,1.36649,1.028160,1,0,67.1743,0,0,0,67.1743,0
72.29,1.95192,0,0,3.31335,0.190097,1.17134,3.6288,61.308,0.245726,0,0,0.889479,0.21936,0.424394,0.66528,12.849,1,0.346938,1.17134,0,59.3775,3.86211,56.3398,0.84672,12.849,0.84672,3695.15,0,18.483,0,0.754428,1.50839,4.80947,1.01755,6.05474,0.42336,18.483,0.42336,0,0,442.007,0,1.02816,0,0,1.78259,0.754428,1.028160,1,0,62.819,0,0,0,62.819,0
72.29,1.95211,0,0,4.03534,0.176977,1.90625,3.6288,61.308,0.245851,0,0,1.00457,0.225418,0.533303,0.66528,12.849,1,0.346973,1.90625,0,66.8381,3.94092,64.4564,0.84672,12.849,0.84672,3695.15,0,18.483,0,0.72741,1.50853,5.54715,1.03466,6.74843,0.42336,18.483,0.42336,0,0,442.007,0,1.02816,0,0,1.75557,0.72741,1.028160,1,0,71.7382,0,0,0,71.7382,0
72.29,2.04491,0,0,3.92374,0.13137,1.74746,3.6288,61.308,0.314864,0,0,1.038,0.248997,0.474141,0.66528,12.849,1,0.363468,1.74746,0,51.3594,4.36095,48.3824,0.84672,12.849,0.84672,3695.15,0,18.483,0,1.35843,1.50868,4.71159,1.03892,6.53979,0.42336,18.483,0.42336,0,0,442.007,0,1.02816,0,0,2.38659,1.35843,1.028160,1,0,55.3963,0,0,0,55.3963,0
72.29,2.04511,0,0,3.60926,0.13689,1.42726,3.6288,61.308,0.314996,0,0,1.01671,0.246868,0.454848,0.66528,12.849,1,0.363504,1.42726,0,48.633,4.35215,45.3446,0.84672,12.849,0.84672,3695.15,0,18.483,0,0.770532,1.58693,4.49501,1.02252,5.82995,0.42336,18.483,0.42336,0,0,442.007,0,1.02816,0,0,1.79869,0.770532,1.028160,1,0,51.6294,0,0,0,51.6294,0
72.29,2.04532,0,0,3.25226,0.13689,1.07005,3.6288,61.308,0.315128,0,0,0.906189,0.246868,0.344193,0.66528,12.849,1,0.363539,1.07005,0,43.5958,4.35215,39.9502,0.84672,12.849,0.84672,3695.15,0,18.483,0,0.523601,1.58709,4.22814,1.02252,5.31631,0.42336,18.483,0.42336,0,0,442.007,0,1.02816,0,0,1.55176,0.523601,1.028160,1,0,45.6107,0,0,0,45.6107,0
72.29,2.04552,0,0,2.91493,0.12911,0.740301,3.6288,61.308,0.315261,0,0,0.895882,0.25226,0.328361,0.66528,12.849,1,0.363575,0.740301,0,37.8328,4.43876,33.7708,0.84672,12.849,0.84672,3695.15,0,18.483,0,0.655983,1.58724,4.12963,1.04396,5.32891,0.42336,18.483,0.42336,0,0,442.007,0,1.02816,0,0,1.68414,0.655983,1.028160,1,0,39.4281,0,0,0,39.4281,0
72.29,2.04572,0,0,2.81418,0.0893925,0.679066,3.6288,61.308,0.315393,0,0,0.752095,0.261315,0.175387,0.66528,12.849,1,0.363611,0.679066,0,35.4928,5.05327,30.755,0.84672,12.849,0.84672,3695.15,0,18.483,0,0.592073,1.5874,3.42391,1.20378,4.39961,0.42336,18.483,0.42336,0,0,442.007,0,1.02816,0,0,1.62023,0.592073,1.028160,1,0,35.3299,0,0,0,35.3299,0
72.29,2.0276,0,0,2.64773,0.0946137,0.525517,3.6288,61.308,0.353405,0,0,0.640475,0.243842,0.0432272,0.66528,12.849,1,0.36039,0.525517,0,34.6193,5.12442,29.66,0.84672,12.849,0.84672,3695.15,0,18.483,0,0.495167,1.58756,3.25712,1.22719,4.11264,0.42336,18.483,0.42336,0,0,442.007,0,1.02816,0,0,1.52333,0.495167,1.028160,1,0,33.8158,0,0,0,33.8158,0
72.2156,2.0278,0,0,2.41094,0.0946137,0.36288,3.6288,61.308,0.353542,0,0,0.633978,0.243842,0.0365945,0.66528,12.849,1,0.360426,0.36288,0,34.3517,5.12442,29.2297,0.84672,12.849,0.84672,3695.15,0,18.483,0,0.497344,1.61206,3.13479,1.22719,4.017,0.42336,18.483,0.42336,0,0,442.007,0,1.02816,0,0,1.5255,0.497344,1.028160,1,0,33.2833,0,0,0,33.2833,0
71.9122,2.02737,0,0,2.18133,0.0945603,0.36288,3.6288,61.2988,0.353678,0,0,0.588355,0.243842,0,0.66528,12.849,1,0.36072,0.36288,0,30.8481,5.12442,25.7258,0.84672,12.849,0.84672,3695.15,0,18.483,0,0.308111,1.61222,3.00656,1.22719,3.69969,0.42336,18.483,0.42336,0,0,442.007,0,1.02816,0,0,1.33627,0.308111,1.028160,1,0,29.4255,0,0,0,29.4255,0
71.5436,2.02498,0,0,2.086,0.0667581,0.36288,3.6288,61.1601,0.374507,0,0,0.541824,0.306093,0,0.66528,12.849,1,0.361816,0.36288,0,30.9214,5.89265,25.0299,0.84672,12.849,0.84672,3695.15,0,18.483,0,0.261274,1.61237,2.79579,1.50961,3.15983,0.42336,18.483,0.42336,0,0,442.007,0,1.00747,0,0,1.26874,0.261274,1.028160,1,0,28.1897,0,0,0,28.1897,0
70.9107,2.06921,0,0,1.86639,0.0672027,0.36288,3.6288,60.3525,0.920837,0,0,0.408785,0.295529,0,0.66528,12.849,1,0.371623,0.36288,0,25.9113,5.56175,20.3408,0.84672,12.849,0.84672,3695.15,0,18.483,0,0.261274,1.61253,2.32584,1.40079,2.79886,0.42336,18.483,0.42336,0,0,442.007,0,0.495046,0,0,0.75632,0.261274,1.028160,1,0,23.1396,0,0,0,23.1396,0
70.1636,2.0638,0,0,1.74651,0.0668782,0.36288,3.6288,59.4834,0.953437,0,0,0.378388,0.294019,0,0.66528,12.849,1,0.37396,0.36288,0,23.3913,5.56175,17.8185,0.84672,12.849,0.84672,3695.15,0,18.483,0,0.261274,1.6515,2.07578,1.40079,2.58777,0.42336,18.483,0.42336,0,0,442.007,0,0.462586,0,0,0.723859,0.261274,1.028160,1,0,20.4063,0,0,0,20.4063,0
69.2803,2.05729,0,0,1.60339,0.0664951,0.36288,3.6288,58.5861,0.979155,0,0,0.374233,0.292394,0,0.66528,12.849,1,0.37675,0.36288,0,21.3824,5.56175,15.8068,0.84672,12.849,0.84672,3695.15,0,18.483,0,0.227405,1.65166,2.0302,1.40079,2.50849,0.42336,18.483,0.42336,0,0,442.007,0,0.437007,0,0,0.664412,0.227405,1.028160,1,0,18.3153,0,0,0,18.3153,0
68.7431,2.04943,0,0,1.92633,0.051224,0.36288,3.6288,58.0225,0.743323,0,0,0.455702,0.276002,0,0.66528,12.849,1,0.380095,0.36288,0,22.3924,5.76996,16.6052,0.84672,12.849,0.84672,3695.15,0,18.483,0,0.227405,1.65183,3.0314,1.4596,3.45103,0.42336,18.483,0.42336,0,0,442.007,0,0.672978,0,0,0.900383,0.227405,1.028160,1,0,20.0562,0,0,0,20.0562,0
67.5508,2.18121,0,0,1.41065,0.0588913,0.36288,3.6288,56.9378,1.11518,0,0,0.326754,0.296213,0,0.66528,12.849,1,0.407697,0.36288,0,16.7997,5.75109,11.0038,0.84672,12.849,0.84672,3695.15,0,18.483,0,0.227405,1.65199,1.90314,1.48613,2.29641,0.42336,18.483,0.42336,0,0,442.007,0,0.423206,0,0,0.650611,0.227405,1.028160,1,0,13.3002,0,0,0,13.3002,0
66.4519,2.16944,0,0,1.49596,0.0625451,0.36288,3.6288,55.9809,1.02467,0,0,0.376468,0.308695,0,0.66528,12.849,1,0.412654,0.36288,0,18.8914,5.73342,13.1083,0.84672,12.849,0.84672,3695.15,0,18.483,0,0.227405,1.78362,1.96569,1.48955,2.48717,0.42336,18.483,0.42336,0,0,442.007,0,0.513873,0,0,0.741277,0.227405,1.028160,1,0,15.5954,0,0,0,15.5954,0
65.0505,2.15834,0,0,1.18186,0.0620042,0.36288,3.6288,54.7369,1.21206,0,0,0.274806,0.306774,0,0.66528,12.849,1,0.417332,0.36288,0,19.4953,5.73342,13.7074,0.84672,12.849,0.84672,3695.15,0,18.483,0,0.204422,1.7838,1.55756,1.48955,2.05623,0.42336,18.483,0.42336,0,0,442.007,0,0.326639,0,0,0.531061,0.204422,1.028160,1,0,15.7637,0,0,0,15.7637,0
63.9463,2.14375,0,0,1.46376,0.0613143,0.36288,3.6288,54.0937,0.79607,0,0,0.457186,0.304278,0,0.66528,12.849,1,0.423442,0.36288,0,17.2773,5.73342,11.4833,0.84672,12.849,0.84672,3695.15,0,18.483,0,0.204422,1.78398,2.34055,1.48955,2.8394,0.42336,18.483,0.42336,0,0,442.007,0,0.742776,0,0,0.947198,0.204422,1.028160,1,0,14.3227,0,0,0,14.3227,0
63.2828,2.132,0,0,1.87923,0.0478469,0.36288,3.6288,53.7289,0.510838,0,0,0.420714,0.274752,0,0.66528,12.849,1,0.428391,0.36288,0,16.5115,5.27895,11.167,0.84672,12.849,0.84672,3695.15,0,18.483,0,0.300689,1.78415,2.67513,1.29741,3.46256,0.42336,18.483,0.42336,0,0,442.007,0,1.02816,0,0,1.32885,0.300689,1.028160,1,0,14.6296,0,0,0,14.6296,0
62.0002,2.06005,0,0,1.16519,0.0249354,0.36288,3.6288,53.2359,0.476583,0,0,0.250754,0.267131,0,0.66528,12.849,1,0.418274,0.36288,0,27.1307,5.5356,21.5397,0.84672,12.849,0.84672,3695.15,0,18.483,0,0.204422,1.78433,1.47649,1.37701,2.08823,0.42336,18.483,0.42336,0,0,442.007,0,0.988511,0,0,1.19293,0.204422,1.028160,1,0,23.628,0,0,0,23.628,0
60.5218,2.04623,0,0,0.95542,0.0246749,0.36288,3.6288,52.3396,0.859255,0,0,0.22898,0.266083,0,0.66528,12.849,1,0.424064,0.36288,0,15.7393,5.5356,10.1425,0.84672,12.849,0.84672,3695.15,0,18.483,0,0.216518,1.70912,1.05512,1.37701,1.60375,0.42336,18.483,0.42336,0,0,442.007,0,0.605984,0,0,0.822502,0.216518,1.028160,1,0,11.7463,0,0,0,11.7463,0
60.3851,2.02979,0,0,2.35067,0.0946579,0.36288,3.6288,51.9968,0.437223,0,0,0.364218,0.269751,0,0.66528,12.849,1,0.430932,0.36288,0,20.9555,5.0724,15.8151,0.84672,12.849,0.84672,3695.15,0,18.483,0,0.820912,1.70929,2.74441,1.27745,3.99717,0.42336,18.483,0.42336,0,0,442.007,0,1.02816,0,0,1.84907,0.820912,1.028160,1,0,19.8123,0,0,0,19.8123,0
59.9598,2.02843,0,0,2.09805,0.132071,0.36288,3.6288,51.6867,0.437367,0,0,0.409389,0.282111,0,0.66528,12.849,1,0.431617,0.36288,0,35.2632,4.87588,30.3186,0.84672,12.849,0.84672,3695.15,0,18.483,0,0.391669,1.70946,2.05654,1.20807,2.94961,0.42336,18.483,0.42336,0,0,442.007,0,1.02816,0,0,1.41983,0.391669,1.028160,1,0,33.2682,0,0,0,33.2682,0
58.8255,1.97144,0,0,1.32081,0.120822,0.36288,3.6288,51.5908,0.370077,0,0,0.484243,0.2101,0,0.66528,12.849,1,0.422468,0.36288,0,17.1574,4.59533,12.5025,0.84672,12.849,0.84672,3695.15,0,18.483,0,0.530047,1.70963,2.78627,1.00185,4.0241,0.42336,18.483,0.42336,0,0,442.007,0,1.02816,0,0,1.55821,0.530047,1.028160,1,0,16.5266,0,0,0,16.5266,0
58.1508,1.95868,0,0,1.88704,0.240117,0.36288,3.6288,51.4447,0.370214,0,0,0.420708,0.196555,0,0.66528,12.849,1,0.427825,0.36288,0,26.3462,4.73161,21.5497,0.84672,12.849,0.84672,3695.15,0,18.483,0,0.456797,1.64278,2.96571,1.17546,3.88982,0.42336,18.483,0.42336,0,0,442.007,0,1.02816,0,0,1.48496,0.456797,1.028160,1,0,25.4395,0,0,0,25.4395,0
57.1586,1.951,0,0,1.56016,0.23855,0.36288,3.6288,51.2405,0.370352,0,0,0.362504,0.196323,0,0.66528,12.849,1,0.431093,0.36288,0,21.1291,4.73161,16.3293,0.84672,12.849,0.84672,3695.15,0,18.483,0,0.583805,1.64294,2.87672,1.17546,3.92801,0.42336,18.483,0.42336,0,0,442.007,0,1.02816,0,0,1.61196,0.583805,1.028160,1,0,20.2573,0,0,0,20.2573,0
58.5871,1.93941,0,0,3.9671,0.236246,0.36288,3.6288,51.8346,0.37049,0,0,1.16059,0.195998,0,0.66528,12.849,1,0.43597,0.36288,0,58.949,4.73161,54.1443,0.84672,12.849,0.84672,3695.15,0,18.483,0,3.87696,1.64311,6.7229,1.17546,11.0675,0.42336,18.483,0.42336,0,0,442.007,0,1.02816,0,0,4.90512,3.87696,1.028160,1,0,65.2118,0,0,0,65.2118,0
62.2786,1.80914,0,0,6.10263,0.239109,0.36288,3.6288,52.81,0.230124,0,0,1.4061,0.200645,0,0.66528,12.849,1,0.396771,0.36288,0,81.9971,3.93857,78.0246,0.84672,12.849,0.84672,3695.15,0,18.483,0,3.48822,1.64327,7.12134,1.0525,11.2003,0.42336,18.483,0.42336,0,0,442.007,0,1.02816,0,0,4.51638,3.48822,1.028160,1,0,89.2249,0,0,0,89.2249,0
65.2596,1.84748,0,0,5.43828,0.246909,0.36288,3.6288,53.1916,0.230249,0,0,0.815556,0.203717,0,0.66528,12.849,1,0.381162,0.36288,0,49.9176,3.62134,46.278,0.84672,12.849,0.84672,3695.15,0,18.483,0,2.22683,1.4925,4.74726,1.00331,7.46327,0.42336,18.483,0.42336,0,0,442.007,0,1.02816,0,0,3.25499,2.22683,1.028160,1,0,53.7412,0,0,0,53.7412,0
67.5745,1.87635,0,0,4.80704,0.252953,0.36288,3.6288,53.5931,0.230373,0,0,0.836231,0.20434,0,0.66528,12.849,1,0.369435,0.36288,0,57.8487,3.62134,54.2208,0.84672,12.849,0.84672,3695.15,0,18.483,0,2.2589,1.49264,4.90791,1.00331,7.65614,0.42336,18.483,0.42336,0,0,442.007,0,1.02816,0,0,3.28706,2.2589,1.028160,1,0,61.8769,0,0,0,61.8769,0
72.29,1.89762,0,0,7.95682,0.255383,1.08831,3.6288,53.9943,0.230497,0,0,0.862281,0.230607,0,0.66528,12.849,1,0.360824,1.08831,0,52.2869,4.44822,48.5662,0.84672,12.849,0.84672,3695.15,0,18.483,0,2.81382,1.49279,5.3197,1.26001,8.3663,0.42336,18.483,0.42336,0,0,442.007,0,1.02816,0,0,3.84198,2.81382,1.028160,1,0,56.9325,0,0,0,56.9325,0
72.29,1.93785,0,0,7.74602,0.265454,5.54271,3.6288,55.0185,0.230621,0,0,1.49686,0.242013,0,0.66528,12.849,1,0.344438,5.54271,0,92.8254,4.7079,93.3158,0.84672,12.849,0.84672,3695.15,0,18.483,0,3.88272,1.49294,7.00733,1.32802,11.055,0.42336,18.483,0.42336,0,0,442.007,0,1.02816,0,0,4.91088,3.88272,1.028160,1,0,104.371,0,0,0,104.371,0
72.29,1.99875,0,0,3.85979,0.269289,1.59175,3.6288,56.4382,0.271448,0,0,1.9359,0.244772,0,0.66528,12.849,1,0.355263,1.59175,0,66.4094,4.53022,63.1156,0.84672,12.849,0.84672,3695.15,0,18.483,0,2.70607,1.49309,8.14424,1.24135,11.102,0.42336,18.483,0.42336,0,0,442.007,0,1.02816,0,0,3.73423,2.70607,1.028160,1,0,74.2177,0,0,0,74.2177,0
72.29,1.99894,0,0,3.2124,0.269289,0.944176,3.6288,57.4751,0.271569,0,0,1.55552,0.24706,0,0.66528,12.849,1,0.355296,0.944176,0,69.7761,4.53022,65.8348,0.84672,12.849,0.84672,3695.15,0,18.483,0,2.09461,1.54099,7.755,1.24135,10.1493,0.42336,18.483,0.42336,0,0,442.007,0,1.02816,0,0,3.12277,2.09461,1.028160,1,0,75.984,0,0,0,75.984,0
72.29,1.99912,0,0,4.11306,0.269289,1.84465,3.6288,58.5315,0.27169,0,0,1.57689,0.248731,0,0.66528,12.849,1,0.355329,1.84465,0,104.16,4.53022,101.119,0.84672,12.849,0.84672,3695.15,0,18.483,0,2.22944,1.54113,7.66524,1.24135,10.1945,0.42336,18.483,0.42336,0,0,442.007,0,1.02816,0,0,3.2576,2.22944,1.028160,1,0,111.314,0,0,0,111.314,0
72.29,1.99931,0,0,2.67132,0.271009,0.401005,3.6288,59.1271,0.271811,0,0,1.11227,0.244925,0,0.66528,12.849,1,0.355362,0.401005,0,58.7697,4.4634,54.352,0.84672,12.849,0.84672,3695.15,0,18.483,0,1.09173,1.54127,6.37504,1.21557,7.79248,0.42336,18.483,0.42336,0,0,442.007,0,1.02816,0,0,2.11989,1.09173,1.028160,1,0,62.1444,0,0,0,62.1444,0
72.29,2.19452,0,0,4.1151,0.358893,1.56169,3.6288,60.3557,0.424795,0,0,1.83929,0.185824,0,0.66528,12.849,1,0.39006,1.56169,0,73.151,4.02528,70.2973,0.84672,12.849,0.84672,3695.15,0,18.483,0,2.28465,1.54142,7.5523,0.96286,10.4155,0.42336,18.483,0.42336,0,0,442.007,0,1.02816,0,0,3.31281,2.28465,1.028160,1,0,80.7129,0,0,0,80.7129,0
72.29,2.19473,0,0,3.19979,0.37182,0.633243,3.6288,61.1013,0.42493,0,0,1.35329,0.182775,0,0.66528,12.849,1,0.390096,0.633243,0,53.9654,4.01909,50.1894,0.84672,12.849,0.84672,3695.15,0,18.483,0,1.63461,1.71205,7.8414,0.946527,10.2415,0.42336,18.483,0.42336,0,0,442.007,0,1.02816,0,0,2.66277,1.63461,1.028160,1,0,60.431,0,0,0,60.431,0
72.1937,2.19493,0,0,2.79164,0.330149,0.36288,3.6288,61.308,0.425065,0,0,1.12373,0.195577,0.296412,0.66528,12.849,1,0.390132,0.36288,0,57.4279,4.09634,53.3043,0.84672,12.849,0.84672,3695.15,0,18.483,0,1.37848,1.71221,7.60804,1.02885,9.66987,0.42336,18.483,0.42336,0,0,442.007,0,1.02816,0,0,2.40664,1.37848,1.028160,1,0,63.2706,0,0,0,63.2706,0
72.1744,2.19425,0,0,2.8511,0.313252,0.36288,3.6288,61.308,0.4252,0,0,1.57948,0.200614,0.953664,0.66528,12.849,1,0.390531,0.36288,0,76.5167,4.12724,72.3618,0.84672,12.849,0.84672,3695.15,0,18.483,0,1.29247,1.71237,6.72646,1.06178,8.66952,0.42336,18.483,0.42336,0,0,442.007,0,1.02816,0,0,2.32063,1.29247,1.028160,1,0,81.985,0,0,0,81.985,0
72.29,1.91614,0,0,3.52669,0.309255,1.18569,3.6288,61.308,0.220115,0,0,1.51711,0.108168,1.18882,0.66528,12.849,1,0.341124,1.18569,0,69.876,2.66231,68.0583,0.84672,12.849,0.84672,3695.15,0,18.483,0,1.13239,1.71253,5.98636,0.719159,8.11213,0.42336,18.483,0.42336,0,0,442.007,0,1.02816,0,0,2.16055,1.13239,1.028160,1,0,77.3592,0,0,0,77.3592,0
72.29,1.91724,0,0,3.01254,0.308868,0.786433,3.6288,61.308,0.220231,0,0,1.37212,0.0927603,1.05913,0.66528,12.849,1,0.340775,0.786433,0,70.8195,2.41815,68.847,0.84672,12.849,0.84672,3695.15,0,18.483,0,1.28335,1.47939,5.05859,0.662055,7.15927,0.42336,18.483,0.42336,0,0,442.007,0,1.02816,0,0,2.31151,1.28335,1.028160,1,0,77.0654,0,0,0,77.0654,0
72.29,1.91742,0,0,5.55564,0.308868,3.32935,3.6288,61.308,0.220347,0,0,2.22518,0.0927603,1.91207,0.66528,12.849,1,0.340807,3.32935,0,136.568,2.41815,137.139,0.84672,12.849,0.84672,3695.15,0,18.483,0,2.95419,1.47952,10.3546,0.662055,14.1263,0.42336,18.483,0.42336,0,0,442.007,0,1.02816,0,0,3.98235,2.95419,1.028160,1,0,153.177,0,0,0,153.177,0
72.29,1.9176,0,0,5.30343,0.286844,3.09899,3.6288,61.308,0.220463,0,0,2.44884,0.103436,2.12494,0.66528,12.849,1,0.340839,3.09899,0,167.848,3.064,167.542,0.84672,12.849,0.84672,3695.15,0,18.483,0,3.55563,1.47966,15.9058,0.769956,20.1711,0.42336,18.483,0.42336,0,0,442.007,0,1.02816,0,0,4.58379,3.55563,1.028160,1,0,189.838,0,0,0,189.838,0
72.29,1.91778,0,0,4.60566,0.275261,2.41263,3.6288,61.308,0.220579,0,0,2.05657,0.126343,1.70965,0.66528,12.849,1,0.34087,2.41263,0,127.729,3.48957,126.312,0.84672,12.849,0.84672,3695.15,0,18.483,0,2.14722,1.4798,8.6889,0.893895,11.422,0.42336,18.483,0.42336,0,0,442.007,0,1.02816,0,0,3.17538,2.14722,1.028160,1,0,139.443,0,0,0,139.443,0
72.29,1.98803,0,0,4.26017,0.274711,1.99742,3.6288,61.308,0.270923,0,0,1.64986,0.15136,1.22758,0.66528,12.849,1,0.353358,1.99742,0,121.033,3.50007,119.177,0.84672,12.849,0.84672,3695.15,0,18.483,0,1.91079,1.47994,8.91631,0.961742,11.3453,0.42336,18.483,0.42336,0,0,442.007,0,1.02816,0,0,2.93895,1.91079,1.028160,1,0,131.749,0,0,0,131.749,0
72.29,1.98822,0,0,4.49924,0.274711,2.23631,3.6288,61.308,0.271044,0,0,2.40232,0.15136,1.97991,0.66528,12.849,1,0.353391,2.23631,0,139.395,3.50007,137.778,0.84672,12.849,0.84672,3695.15,0,18.483,0,2.67924,1.5377,10.6179,0.961742,13.8731,0.42336,18.483,0.42336,0,0,442.007,0,1.02816,0,0,3.7074,2.67924,1.028160,1,0,153.631,0,0,0,153.631,0
72.29,1.9884,0,0,3.84097,0.274711,1.57786,3.6288,61.308,0.271165,0,0,1.91744,0.15136,1.49492,0.66528,12.849,1,0.353424,1.57786,0,108.339,3.50007,106.063,0.84672,12.849,0.84672,3695.15,0,18.483,0,2.02975,1.53785,7.68537,0.961742,10.2912,0.42336,18.483,0.42336,0,0,442.007,0,1.02816,0,0,3.05791,2.02975,1.028160,1,0,117.849,0,0,0,117.849,0
72.29,1.98859,0,0,3.14566,0.233712,0.923359,3.6288,61.308,0.271285,0,0,1.45098,0.158071,1.02163,0.66528,12.849,1,0.353457,0.923359,0,90.8366,3.71265,87.6939,0.84672,12.849,0.84672,3695.15,0,18.483,0,1.38842,1.53799,5.58372,0.975979,7.53415,0.42336,18.483,0.42336,0,0,442.007,0,1.02816,0,0,2.41658,1.38842,1.028160,1,0,96.2497,0,0,0,96.2497,0
72.29,1.96136,0,0,3.13081,0.198964,0.97048,3.6288,61.308,0.251891,0,0,1.6744,0.221647,1.20086,0.66528,12.849,1,0.348617,0.97048,0,76.3301,3.60423,73.3477,0.84672,12.849,0.84672,3695.15,0,18.483,0,1.70758,1.53813,5.69771,0.971415,7.97201,0.42336,18.483,0.42336,0,0,442.007,0,1.02816,0,0,2.73574,1.70758,1.028160,1,0,82.5206,0,0,0,82.5206,0
72.2527,1.96155,0,0,2.48613,0.198964,0.36288,3.6288,61.308,0.25201,0,0,1.36289,0.221647,0.889234,0.66528,12.849,1,0.34865,0.36288,0,64.2643,3.60423,60.6743,0.84672,12.849,0.84672,3695.15,0,18.483,0,1.27575,1.51583,4.71418,0.971415,6.53435,0.42336,18.483,0.42336,0,0,442.007,0,1.02816,0,0,2.30391,1.27575,1.028160,1,0,68.0979,0,0,0,68.0979,0
71.9297,1.96142,0,0,2.20018,0.198908,0.36288,3.6288,61.308,0.252129,0,0,1.2065,0.221647,0.732722,0.66528,12.849,1,0.348808,0.36288,0,60.5557,3.60423,56.9655,0.84672,12.849,0.84672,3695.15,0,18.483,0,0.80841,1.51598,4.48977,0.971415,5.84274,0.42336,18.483,0.42336,0,0,442.007,0,1.02816,0,0,1.83657,0.80841,1.028160,1,0,63.541,0,0,0,63.541,0
72.0036,1.95894,0,0,2.59416,0.19842,0.36288,3.6288,61.308,0.252248,0,0,1.36641,0.221647,0.892513,0.66528,12.849,1,0.349931,0.36288,0,68.4404,3.60423,64.8491,0.84672,12.849,0.84672,3695.15,0,18.483,0,0.876684,1.51612,5.27026,0.971415,6.69165,0.42336,18.483,0.42336,0,0,442.007,0,1.02816,0,0,1.90484,0.876684,1.028160,1,0,72.4333,0,0,0,72.4333,0
71.5454,2.0527,0,0,2.09161,0.134237,0.36288,3.6288,61.308,0.321599,0,0,1.09352,0.239643,0.532279,0.66528,12.849,1,0.366303,0.36288,0,45.9318,4.07942,41.849,0.84672,12.849,0.84672,3695.15,0,18.483,0,0.646168,1.51626,4.09236,1.15533,5.09945,0.42336,18.483,0.42336,0,0,442.007,0,1.02816,0,0,1.67433,0.646168,1.028160,1,0,47.4807,0,0,0,47.4807,0
70.8524,2.04891,0,0,1.84232,0.123482,0.36288,3.6288,61.308,0.321725,0,0,1.01952,0.234876,0.462919,0.66528,12.849,1,0.367969,0.36288,0,37.592,4.20052,33.3864,0.84672,12.849,0.84672,3695.15,0,18.483,0,0.62951,1.59489,3.82538,1.15291,4.89687,0.42336,18.483,0.42336,0,0,442.007,0,1.02816,0,0,1.65767,0.62951,1.028160,1,0,38.7462,0,0,0,38.7462,0
70.1295,2.04302,0,0,1.80579,0.122829,0.36288,3.6288,61.308,0.32185,0,0,1.10269,0.234876,0.545962,0.66528,12.849,1,0.370499,0.36288,0,36.012,4.20052,31.8038,0.84672,12.849,0.84672,3695.15,0,18.483,0,0.598216,1.59504,4.12196,1.15291,5.16231,0.42336,18.483,0.42336,0,0,442.007,0,1.02816,0,0,1.62638,0.598216,1.028160,1,0,37.5121,0,0,0,37.5121,0
69.2931,2.03677,0,0,1.68541,0.122148,0.36288,3.6288,61.308,0.321976,0,0,1.00771,0.234876,0.450857,0.66528,12.849,1,0.373173,0.36288,0,33.6646,4.20052,29.4538,0.84672,12.849,0.84672,3695.15,0,18.483,0,0.481481,1.59519,3.65005,1.15291,4.57381,0.42336,18.483,0.42336,0,0,442.007,0,1.02816,0,0,1.50964,0.481481,1.028160,1,0,34.4785,0,0,0,34.4785,0
68.568,2.02939,0,0,1.77125,0.104102,0.36288,3.6288,61.308,0.322101,0,0,0.955411,0.264645,0.368665,0.66528,12.849,1,0.37631,0.36288,0,34.2277,4.77759,29.4367,0.84672,12.849,0.84672,3695.15,0,18.483,0,0.688409,1.59533,3.8458,1.2152,4.91435,0.42336,18.483,0.42336,0,0,442.007,0,1.02816,0,0,1.71657,0.688409,1.028160,1,0,34.7197,0,0,0,34.7197,0
68.0473,2.0048,0,0,1.95014,0.103162,0.36288,3.6288,61.308,0.360296,0,0,0.910941,0.284692,0.265953,0.66528,12.849,1,0.375681,0.36288,0,37.4605,5.09261,32.3551,0.84672,12.849,0.84672,3695.15,0,18.483,0,0.88357,1.59548,4.19628,1.23374,5.44159,0.42336,18.483,0.42336,0,0,442.007,0,1.02816,0,0,1.91173,0.88357,1.028160,1,0,38.0627,0,0,0,38.0627,0
67.3843,2.00019,0,0,1.80278,0.102743,0.36288,3.6288,61.308,0.360425,0,0,0.880675,0.284692,0.235558,0.66528,12.849,1,0.377685,0.36288,0,37.2343,5.09261,32.1268,0.84672,12.849,0.84672,3695.15,0,18.483,0,0.851239,1.6201,4.25504,1.23374,5.49263,0.42336,18.483,0.42336,0,0,442.007,0,1.02816,0,0,1.8794,0.851239,1.028160,1,0,37.855,0,0,0,37.855,0
66.5616,1.99419,0,0,1.63663,0.102209,0.36288,3.6288,61.308,0.360554,0,0,0.831963,0.284692,0.186717,0.66528,12.849,1,0.380257,0.36288,0,36.1275,5.09261,31.0175,0.84672,12.849,0.84672,3695.15,0,18.483,0,0.66687,1.62025,3.99967,1.23374,5.05305,0.42336,18.483,0.42336,0,0,442.007,0,1.02816,0,0,1.69503,0.66687,1.028160,1,0,36.2572,0,0,0,36.2572,0
65.6183,1.98658,0,0,1.49858,0.0924382,0.36288,3.6288,61.308,0.360683,0,0,0.791821,0.30663,0.124508,0.66528,12.849,1,0.383488,0.36288,0,31.86,5.37491,26.4645,0.84672,12.849,0.84672,3695.15,0,18.483,0,0.597318,1.6204,3.88426,1.33679,4.76519,0.42336,18.483,0.42336,0,0,442.007,0,1.02816,0,0,1.62548,0.597318,1.028160,1,0,31.3542,0,0,0,31.3542,0
64.5208,2.02382,0,0,1.38059,0.0913842,0.36288,3.6288,61.308,0.394752,0,0,0.8255,0.313722,0.117026,0.66528,12.849,1,0.396293,0.36288,0,30.5086,5.70045,24.7748,0.84672,12.849,0.84672,3695.15,0,18.483,0,0.484367,1.62055,3.40902,1.41812,4.09582,0.42336,18.483,0.42336,0,0,442.007,0,1.02816,0,0,1.51253,0.484367,1.028160,1,0,28.9876,0,0,0,28.9876,0
63.3253,2.01295,0,0,1.2709,0.0905826,0.36288,3.6288,61.2992,0.394885,0,0,0.69984,0.313722,0,0.66528,12.849,1,0.400868,0.36288,0,25.0594,5.70045,19.3209,0.84672,12.849,0.84672,3695.15,0,18.483,0,0.576098,1.6597,3.29621,1.41812,4.11389,0.42336,18.483,0.42336,0,0,442.007,0,1.02816,0,0,1.60426,0.576098,1.028160,1,0,23.4348,0,0,0,23.4348,0
62.0356,2.00079,0,0,1.1637,0.0897095,0.36288,3.6288,61.2387,0.395017,0,0,0.648199,0.313704,0,0.66528,12.849,1,0.405969,0.36288,0,23.8188,5.70045,18.0753,0.84672,12.849,0.84672,3695.15,0,18.483,0,0.343189,1.65986,2.89733,1.41812,3.48225,0.42336,18.483,0.42336,0,0,442.007,0,1.02816,0,0,1.37135,0.343189,1.028160,1,0,21.5576,0,0,0,21.5576,0
60.8352,1.9873,0,0,1.22952,0.0797283,0.36288,3.6288,61.2689,0.395149,0,0,0.744111,0.318762,0,0.66528,12.849,1,0.411615,0.36288,0,23.3607,5.85,17.462,0.84672,12.849,0.84672,3695.15,0,18.483,0,0.617466,1.66001,3.83279,1.448,4.66227,0.42336,18.483,0.42336,0,0,442.007,0,1.02816,0,0,1.64563,0.617466,1.028160,1,0,22.1243,0,0,0,22.1243,0
59.4872,2.10627,0,0,1.21495,0.0938146,0.36288,3.6288,61.1103,0.517834,0,0,0.646837,0.287606,0,0.66528,12.849,1,0.444865,0.36288,0,20.7665,5.82523,14.8593,0.84672,12.849,0.84672,3695.15,0,18.483,0,0.594035,1.66016,3.65236,1.52528,4.38128,0.42336,18.483,0.42336,0,0,442.007,0,1.02816,0,0,1.62219,0.594035,1.028160,1,0,19.2406,0,0,0,19.2406,0
58.2494,2.09036,0,0,1.31687,0.101476,0.36288,3.6288,61.0241,0.517978,0,0,0.727097,0.295356,0,0.66528,12.849,1,0.45151,0.36288,0,24.6564,5.87454,18.6932,0.84672,12.849,0.84672,3695.15,0,18.483,0,0.992779,1.79244,3.81783,1.57421,5.02883,0.42336,18.483,0.42336,0,0,442.007,0,1.02816,0,0,2.02094,0.992779,1.028160,1,0,23.7221,0,0,0,23.7221,0
56.7688,2.07534,0,0,1.05793,0.100269,0.36288,3.6288,60.7367,0.518122,0,0,0.525898,0.295195,0,0.66528,12.849,1,0.457791,0.36288,0,24.0934,5.87454,18.124,0.84672,12.849,0.84672,3695.15,0,18.483,0,0.374872,1.79261,3.06484,1.57421,3.65811,0.42336,18.483,0.42336,0,0,442.007,0,1.02816,0,0,1.40303,0.374872,1.028160,1,0,21.7821,0,0,0,21.7821,0
55.5679,2.05677,0,0,1.31753,0.0988247,0.36288,3.6288,60.8226,0.518266,0,0,0.898852,0.294657,0,0.66528,12.849,1,0.465528,0.36288,0,22.0045,5.87454,16.0273,0.84672,12.849,0.84672,3695.15,0,18.483,0,1.62587,1.79277,4.73884,1.57421,6.58327,0.42336,18.483,0.42336,0,0,442.007,0,1.02816,0,0,2.65403,1.62587,1.028160,1,0,22.6106,0,0,0,22.6106,0
54.403,2.04128,0,0,1.34552,0.106272,0.36288,3.6288,60.8412,0.518409,0,0,0.799318,0.262329,0,0.66528,12.849,1,0.472005,0.36288,0,22.9818,5.14869,17.724,0.84672,12.849,0.84672,3695.15,0,18.483,0,1.03829,1.79294,5.07991,1.26584,6.6453,0.42336,18.483,0.42336,0,0,442.007,0,1.02816,0,0,2.06645,1.03829,1.028160,1,0,24.3693,0,0,0,24.3693,0
53.3661,1.96401,0,0,1.40111,0.11109,0.36288,3.6288,61.0853,0.444134,0,0,0.965667,0.277369,0,0.66528,12.849,1,0.463865,0.36288,0,35.1681,5.92189,29.1452,0.84672,12.849,0.84672,3695.15,0,18.483,0,1.56987,1.79311,5.01553,1.50227,6.87624,0.42336,18.483,0.42336,0,0,442.007,0,1.02816,0,0,2.59803,1.56987,1.028160,1,0,36.0214,0,0,0,36.0214,0
53.5913,1.95035,0,0,2.64834,0.109926,0.36288,3.6288,61.308,0.444271,0,0,1.6551,0.277798,0.710361,0.66528,12.849,1,0.469587,0.36288,0,41.9263,5.92189,35.8977,0.84672,12.849,0.84672,3695.15,0,18.483,0,3.87916,1.71752,8.59752,1.50227,12.6919,0.42336,18.483,0.42336,0,0,442.007,0,1.02816,0,0,4.90732,3.87916,1.028160,1,0,49.3,0,0,0,49.3,0
52.3522,1.95357,0,0,1.18752,0.110179,0.36288,3.6288,61.308,0.444408,0,0,0.939012,0.27819,0.216414,0.66528,12.849,1,0.468386,0.36288,0,31.8788,5.92189,25.8514,0.84672,12.849,0.84672,3695.15,0,18.483,0,1.48031,1.71768,4.4207,1.50227,6.11643,0.42336,18.483,0.42336,0,0,442.007,0,1.02816,0,0,2.50847,1.48031,1.028160,1,0,32.1843,0,0,0,32.1843,0
51.4088,1.93684,0,0,1.48728,0.130986,0.36288,3.6288,61.308,0.444545,0,0,1.18822,0.27559,0.46809,0.66528,12.849,1,0.475365,0.36288,0,30.414,5.74143,24.5601,0.84672,12.849,0.84672,3695.15,0,18.483,0,1.5931,1.71784,5.40833,1.47511,7.24417,0.42336,18.483,0.42336,0,0,442.007,0,1.02816,0,0,2.62126,1.5931,1.028160,1,0,32.2724,0,0,0,32.2724,0
50.3661,1.8741,0,0,1.36424,0.16989,0.36288,3.6288,61.308,0.376917,0,0,0.80996,0.232766,0.200278,0.66528,12.849,1,0.468409,0.36288,0,42.6424,4.55064,37.9862,0.84672,12.849,0.84672,3695.15,0,18.483,0,1.19626,1.718,5.49066,1.07899,7.32594,0.42336,18.483,0.42336,0,0,442.007,0,1.02816,0,0,2.22442,1.19626,1.028160,1,0,45.5124,0,0,0,45.5124,0
49.2076,1.8597,0,0,1.22609,0.16205,0.36288,3.6288,61.0097,0.564717,0,0,0.488271,0.221882,0,0.66528,12.849,1,0.474431,0.36288,0,42.6284,4.43205,38.0848,0.84672,12.849,0.84672,3695.15,0,18.483,0,0.216518,1.65082,4.85499,1.0366,5.68573,0.42336,18.483,0.42336,0,0,442.007,0,0.840491,0,0,1.05701,0.216518,1.028160,1,0,43.7705,0,0,0,43.7705,0
49.3553,1.84323,0,0,2.51392,0.160068,0.36288,3.6288,61.308,0.377178,0,0,1.0781,0.221464,0.181129,0.66528,12.849,1,0.4813,0.36288,0,65.8473,4.43205,61.2968,0.84672,12.849,0.84672,3695.15,0,18.483,0,1.58542,1.65097,6.94158,1.0366,9.14138,0.42336,18.483,0.42336,0,0,442.007,0,1.02816,0,0,2.61358,1.58542,1.028160,1,0,70.6193,0,0,0,70.6193,0
52.0069,1.84555,0,0,5.02031,0.160323,0.36288,3.6288,61.308,0.377309,0,0,2.07475,0.221882,1.47556,0.66528,12.849,1,0.480464,0.36288,0,121.382,4.43205,116.832,0.84672,12.849,0.84672,3695.15,0,18.483,0,4.63895,1.65113,11.1679,1.0366,16.4214,0.42336,18.483,0.42336,0,0,442.007,0,1.02816,0,0,5.66711,4.63895,1.028160,1,0,134.729,0,0,0,134.729,0
52.604,1.74119,0,0,2.9236,0.222387,0.36288,3.6288,61.308,0.236252,0,0,0.959591,0.222851,0.500488,0.66528,12.849,1,0.430184,0.36288,0,64.3144,4.21965,60.0275,0.84672,12.849,0.84672,3695.15,0,18.483,0,2.06162,1.65128,7.253,1.03471,9.93119,0.42336,18.483,0.42336,0,0,442.007,0,1.02816,0,0,3.08978,2.06162,1.028160,1,0,70.4592,0,0,0,70.4592,0
53.3052,1.74881,0,0,3.05952,0.246615,0.36288,3.6288,61.308,0.236369,0,0,0.843117,0.215482,0.391266,0.66528,12.849,1,0.427163,0.36288,0,61.691,4.27528,57.3514,0.84672,12.849,0.84672,3695.15,0,18.483,0,1.44494,1.49976,7.86059,1.10754,9.69775,0.42336,18.483,0.42336,0,0,442.007,0,1.02816,0,0,2.4731,1.44494,1.028160,1,0,67.4404,0,0,0,67.4404,0
55.271,1.75761,0,0,4.33459,0.248395,0.36288,3.6288,61.308,0.236487,0,0,1.60417,0.215482,1.1522,0.66528,12.849,1,0.423664,0.36288,0,126.826,4.27528,122.49,0.84672,12.849,0.84672,3695.15,0,18.483,0,1.98727,1.4999,9.28869,1.10754,11.6683,0.42336,18.483,0.42336,0,0,442.007,0,1.02816,0,0,3.01543,1.98727,1.028160,1,0,135.31,0,0,0,135.31,0
56.9233,1.78122,0,0,4.04241,0.245979,0.36288,3.6288,61.308,0.236605,0,0,1.85958,0.218423,1.40455,0.66528,12.849,1,0.414086,0.36288,0,137.188,3.85025,133.286,0.84672,12.849,0.84672,3695.15,0,18.483,0,3.61552,1.50004,10.491,1.05501,14.5516,0.42336,18.483,0.42336,0,0,442.007,0,1.02816,0,0,4.64368,3.61552,1.028160,1,0,149.242,0,0,0,149.242,0
58.7094,1.80029,0,0,4.18966,0.2404,0.36288,3.6288,61.308,0.236722,0,0,1.29065,0.227909,0.82602,0.66528,12.849,1,0.406371,0.36288,0,102.314,3.69755,98.573,0.84672,12.849,0.84672,3695.15,0,18.483,0,2.99708,1.50018,9.97471,1.02957,13.4424,0.42336,18.483,0.42336,0,0,442.007,0,1.02816,0,0,4.02524,2.99708,1.028160,1,0,112.841,0,0,0,112.841,0
59.7463,1.87714,0,0,3.51919,0.242243,0.36288,3.6288,61.308,0.27774,0,0,2.35729,0.268258,1.8113,0.66528,12.849,1,0.410826,0.36288,0,89.1985,4.73831,84.4122,0.84672,12.849,0.84672,3695.15,0,18.483,0,4.50846,1.50032,11.1961,1.31467,15.8902,0.42336,18.483,0.42336,0,0,442.007,0,1.02816,0,0,5.53662,4.50846,1.028160,1,0,102.114,0,0,0,102.114,0
60.8451,1.88871,0,0,3.59878,0.24839,0.36288,3.6288,61.308,0.277854,0,0,2.17651,0.267703,1.63095,0.66528,12.849,1,0.406184,0.36288,0,85.9671,4.74569,81.1781,0.84672,12.849,0.84672,3695.15,0,18.483,0,3.89661,1.54845,10.5738,1.34824,14.6706,0.42336,18.483,0.42336,0,0,442.007,0,1.02816,0,0,4.92477,3.89661,1.028160,1,0,97.4797,0,0,0,97.4797,0
62.2813,1.90068,0,0,3.95056,0.250847,0.36288,3.6288,61.308,0.277968,0,0,1.93725,0.267703,1.39158,0.66528,12.849,1,0.401377,0.36288,0,109.594,4.74569,104.81,0.84672,12.849,0.84672,3695.15,0,18.483,0,3.36213,1.54858,11.1661,1.34824,14.7285,0.42336,18.483,0.42336,0,0,442.007,0,1.02816,0,0,4.39029,3.36213,1.028160,1,0,120.93,0,0,0,120.93,0
63.7076,1.91586,0,0,3.95522,0.250126,0.36288,3.6288,61.308,0.278082,0,0,2.01034,0.265294,1.46696,0.66528,12.849,1,0.395254,0.36288,0,93.3327,4.60332,88.697,0.84672,12.849,0.84672,3695.15,0,18.483,0,3.59307,1.54872,10.7987,1.31907,14.6214,0.42336,18.483,0.42336,0,0,442.007,0,1.02816,0,0,4.62123,3.59307,1.028160,1,0,104.785,0,0,0,104.785,0
63.4753,2.11879,0,0,2.49498,0.245584,0.36288,3.6288,61.308,0.431796,0,0,1.6999,0.259247,1.00886,0.66528,12.849,1,0.427333,0.36288,0,53.5996,4.21331,49.3219,0.84672,12.849,0.84672,3695.15,0,18.483,0,2.05122,1.54885,6.86547,1.16423,9.30132,0.42336,18.483,0.42336,0,0,442.007,0,1.02816,0,0,3.07938,2.05122,1.028160,1,0,59.632,0,0,0,59.632,0
64.162,2.11642,0,0,3.41708,0.251139,0.36288,3.6288,61.308,0.431924,0,0,2.16196,0.262609,1.46743,0.66528,12.849,1,0.428417,0.36288,0,77.7542,4.39898,73.2897,0.84672,12.849,0.84672,3695.15,0,18.483,0,2.04409,1.7203,14.6003,1.17228,17.1924,0.42336,18.483,0.42336,0,0,442.007,0,1.02816,0,0,3.07225,2.04409,1.028160,1,0,91.9495,0,0,0,91.9495,0
64.846,2.12412,0,0,3.42322,0.252223,0.36288,3.6288,61.308,0.432051,0,0,2.36713,0.223427,1.71165,0.66528,12.849,1,0.425374,0.36288,0,107.959,4.0698,103.826,0.84672,12.849,0.84672,3695.15,0,18.483,0,2.51279,1.72045,9.20462,1.01344,12.4244,0.42336,18.483,0.42336,0,0,442.007,0,1.02816,0,0,3.54095,2.51279,1.028160,1,0,117.962,0,0,0,117.962,0
65.3189,2.13168,0,0,3.22094,0.25349,0.36288,3.6288,61.308,0.432179,0,0,1.74203,0.207753,1.1021,0.66528,12.849,1,0.422385,0.36288,0,90.3286,3.93813,86.331,0.84672,12.849,0.84672,3695.15,0,18.483,0,2.33664,1.7206,8.13948,0.949896,11.2468,0.42336,18.483,0.42336,0,0,442.007,0,1.02816,0,0,3.3648,2.33664,1.028160,1,0,98.6799,0,0,0,98.6799,0
67.1791,1.86604,0,0,4.39404,0.304842,0.36288,3.6288,61.308,0.226102,0,0,2.54769,0.191662,2.12992,0.66528,12.849,1,0.367073,0.36288,0,121.734,3.92073,117.809,0.84672,12.849,0.84672,3695.15,0,18.483,0,3.50491,1.72075,14.7381,0.936602,19.0272,0.42336,18.483,0.42336,0,0,442.007,0,1.02816,0,0,4.53307,3.50491,1.028160,1,0,138.966,0,0,0,138.966,0
70.5697,1.88311,0,0,5.9664,0.32984,0.36288,3.6288,61.308,0.226211,0,0,2.42675,0.185226,2.01531,0.66528,12.849,1,0.360172,0.36288,0,93.9038,3.91377,89.9928,0.84672,12.849,0.84672,3695.15,0,18.483,0,2.7427,1.48648,13.1943,0.931285,16.4922,0.42336,18.483,0.42336,0,0,442.007,0,1.02816,0,0,3.77086,2.7427,1.028160,1,0,108.5,0,0,0,108.5,0
72.29,1.9125,0,0,4.83001,0.338668,0.858554,3.6288,61.308,0.226321,0,0,1.71514,0.185226,1.3036,0.66528,12.849,1,0.348219,0.858554,0,94.1449,3.91377,90.7415,0.84672,12.849,0.84672,3695.15,0,18.483,0,1.3862,1.48661,9.05282,0.931285,10.9943,0.42336,18.483,0.42336,0,0,442.007,0,1.02816,0,0,2.41436,1.3862,1.028160,1,0,103.039,0,0,0,103.039,0
72.29,1.92676,0,0,3.3596,0.343147,1.08969,3.6288,61.308,0.22643,0,0,1.22534,0.185226,0.813686,0.66528,12.849,1,0.342468,1.08969,0,87.2977,3.91377,84.1312,0.84672,12.849,0.84672,3695.15,0,18.483,0,1.11085,1.48674,8.70273,0.931285,10.369,0.42336,18.483,0.42336,0,0,442.007,0,1.02816,0,0,2.13901,1.11085,1.028160,1,0,95.3139,0,0,0,95.3139,0
72.29,1.92693,0,0,3.4665,0.273062,1.2665,3.6288,61.308,0.22654,0,0,1.09858,0.148063,0.723973,0.66528,12.849,1,0.342498,1.2665,0,76.5876,3.79827,73.7133,0.84672,12.849,0.84672,3695.15,0,18.483,0,0.971041,1.48687,8.62039,0.877146,10.2012,0.42336,18.483,0.42336,0,0,442.007,0,1.02816,0,0,1.9992,0.971041,1.028160,1,0,84.6384,0,0,0,84.6384,0
72.29,1.99751,0,0,3.75073,0.266018,1.4872,3.6288,61.308,0.277117,0,0,1.4324,0.152177,1.00311,0.66528,12.849,1,0.355043,1.4872,0,90.6293,4.36023,87.4012,0.84672,12.849,0.84672,3695.15,0,18.483,0,1.51082,1.487,9.64034,0.916551,11.7216,0.42336,18.483,0.42336,0,0,442.007,0,1.02816,0,0,2.53898,1.51082,1.028160,1,0,100.126,0,0,0,100.126,0
72.29,1.99769,0,0,5.15433,0.2732,2.88344,3.6288,61.308,0.277231,0,0,2.16924,0.161772,1.73023,0.66528,12.849,1,0.355074,2.88344,0,127.512,4.08272,125.957,0.84672,12.849,0.84672,3695.15,0,18.483,0,2.77373,1.54503,14.3703,0.916096,17.773,0.42336,18.483,0.42336,0,0,442.007,0,1.02816,0,0,3.80189,2.77373,1.028160,1,0,145.461,0,0,0,145.461,0
72.29,1.99786,0,0,5.19048,0.2732,2.91942,3.6288,61.308,0.277345,0,0,2.40181,0.161772,1.96269,0.66528,12.849,1,0.355105,2.91942,0,128.199,4.08272,126.68,0.84672,12.849,0.84672,3695.15,0,18.483,0,3.48516,1.54517,15.454,0.916096,19.5683,0.42336,18.483,0.42336,0,0,442.007,0,1.02816,0,0,4.51332,3.48516,1.028160,1,0,148.211,0,0,0,148.211,0
72.29,1.99804,0,0,3.82898,0.2732,1.55774,3.6288,61.308,0.277459,0,0,1.78216,0.161772,1.34293,0.66528,12.849,1,0.355136,1.55774,0,92.0514,4.08272,89.1713,0.84672,12.849,0.84672,3695.15,0,18.483,0,1.92918,1.5453,10.9495,0.916096,13.5079,0.42336,18.483,0.42336,0,0,442.007,0,1.02816,0,0,2.95734,1.92918,1.028160,1,0,104.022,0,0,0,104.022,0
72.29,1.97067,0,0,2.5844,0.219921,0.393806,3.6288,61.308,0.257965,0,0,1.36268,0.163919,0.9408,0.66528,12.849,1,0.350272,0.393806,0,61.2384,3.59344,57.6885,0.84672,12.849,0.84672,3695.15,0,18.483,0,1.03617,1.54544,6.98967,0.996144,8.57514,0.42336,18.483,0.42336,0,0,442.007,0,1.02816,0,0,2.06433,1.03617,1.028160,1,0,67.2044,0,0,0,67.2044,0
72.0245,1.97084,0,0,2.28789,0.219644,0.36288,3.6288,61.308,0.258077,0,0,1.1792,0.190952,0.730176,0.66528,12.849,1,0.350302,0.36288,0,53.8147,3.89963,49.9276,0.84672,12.849,0.84672,3695.15,0,18.483,0,0.8795,1.52303,6.31384,1.02245,7.69391,0.42336,18.483,0.42336,0,0,442.007,0,1.02816,0,0,1.90766,0.8795,1.028160,1,0,58.3517,0,0,0,58.3517,0
71.6628,1.96882,0,0,2.11907,0.14912,0.36288,3.6288,61.308,0.258189,0,0,1.07454,0.22365,0.5927,0.66528,12.849,1,0.351233,0.36288,0,49.3823,4.18792,45.206,0.84672,12.849,0.84672,3695.15,0,18.483,0,0.736551,1.52316,5.95693,1.03967,7.17698,0.42336,18.483,0.42336,0,0,442.007,0,1.02816,0,0,1.76471,0.736551,1.028160,1,0,52.9757,0,0,0,52.9757,0
71.2558,1.96598,0,0,2.07056,0.148709,0.36288,3.6288,61.308,0.258302,0,0,1.20598,0.22365,0.724028,0.66528,12.849,1,0.352497,0.36288,0,47.9436,4.18792,43.7661,0.84672,12.849,0.84672,3695.15,0,18.483,0,0.986351,1.52329,7.09128,1.03967,8.56126,0.42336,18.483,0.42336,0,0,442.007,0,1.02816,0,0,2.01451,0.986351,1.028160,1,0,53.0514,0,0,0,53.0514,0
70.6239,2.05585,0,0,1.9606,0.173756,0.36288,3.6288,61.308,0.327973,0,0,1.18311,0.190832,0.664305,0.66528,12.849,1,0.370716,0.36288,0,45.3682,4.11395,41.2464,0.84672,12.849,0.84672,3695.15,0,18.483,0,0.817266,1.52343,5.96993,1.03071,7.27991,0.42336,18.483,0.42336,0,0,442.007,0,1.02816,0,0,1.84543,0.817266,1.028160,1,0,49.1906,0,0,0,49.1906,0
70.026,2.05043,0,0,1.89796,0.0825055,0.36288,3.6288,61.308,0.328092,0,0,1.08277,0.205643,0.549039,0.66528,12.849,1,0.373046,0.36288,0,45.2144,4.58745,40.6168,0.84672,12.849,0.84672,3695.15,0,18.483,0,0.734832,1.60242,5.81213,1.13041,7.01897,0.42336,18.483,0.42336,0,0,442.007,0,1.02816,0,0,1.76299,0.734832,1.028160,1,0,48.1848,0,0,0,48.1848,0
69.2214,2.04524,0,0,1.68562,0.0821264,0.36288,3.6288,61.308,0.32821,0,0,0.882611,0.205643,0.348757,0.66528,12.849,1,0.375279,0.36288,0,40.4361,4.58745,35.8362,0.84672,12.849,0.84672,3695.15,0,18.483,0,0.470992,1.60256,4.98474,1.13041,5.92788,0.42336,18.483,0.42336,0,0,442.007,0,1.02816,0,0,1.49915,0.470992,1.028160,1,0,42.1129,0,0,0,42.1129,0
68.3622,2.0381,0,0,1.6234,0.0816162,0.36288,3.6288,61.308,0.328328,0,0,0.71051,0.205643,0.176539,0.66528,12.849,1,0.378315,0.36288,0,37.2628,4.58745,32.6599,0.84672,12.849,0.84672,3695.15,0,18.483,0,0.358992,1.6027,4.79228,1.13041,5.62356,0.42336,18.483,0.42336,0,0,442.007,0,1.02816,0,0,1.38715,0.358992,1.028160,1,0,38.46,0,0,0,38.46,0
67.5493,2.03032,0,0,1.66057,0.0802283,0.36288,3.6288,61.308,0.328447,0,0,0.756432,0.275585,0.1524,0.66528,12.849,1,0.381609,0.36288,0,35.1416,5.61365,29.5092,0.84672,12.849,0.84672,3695.15,0,18.483,0,0.410573,1.60284,4.48576,1.33244,5.16673,0.42336,18.483,0.42336,0,0,442.007,0,1.02816,0,0,1.43873,0.410573,1.028160,1,0,34.8283,0,0,0,34.8283,0
66.9311,2.00473,0,0,1.82233,0.0729192,0.36288,3.6288,61.308,0.366813,0,0,1.00378,0.259005,0.37796,0.66528,12.849,1,0.381333,0.36288,0,37.072,4.91662,32.1369,0.84672,12.849,0.84672,3695.15,0,18.483,0,0.575381,1.60298,4.72027,1.16938,5.72925,0.42336,18.483,0.42336,0,0,442.007,0,1.02816,0,0,1.60354,0.575381,1.028160,1,0,38.2441,0,0,0,38.2441,0
66.1563,1.99906,0,0,1.6597,0.0725644,0.36288,3.6288,61.308,0.366935,0,0,0.988511,0.259005,0.362571,0.66528,12.849,1,0.383766,0.36288,0,36.2101,4.91662,31.2726,0.84672,12.849,0.84672,3695.15,0,18.483,0,0.599737,1.6277,4.55317,1.16938,5.61123,0.42336,18.483,0.42336,0,0,442.007,0,1.02816,0,0,1.6279,0.599737,1.028160,1,0,37.2464,0,0,0,37.2464,0
65.2253,1.99179,0,0,1.49581,0.0721197,0.36288,3.6288,61.308,0.367057,0,0,0.920514,0.259005,0.294453,0.66528,12.849,1,0.38685,0.36288,0,33.5613,4.91662,28.6207,0.84672,12.849,0.84672,3695.15,0,18.483,0,0.392437,1.62784,4.3352,1.16938,5.1861,0.42336,18.483,0.42336,0,0,442.007,0,1.02816,0,0,1.4206,0.392437,1.028160,1,0,34.1013,0,0,0,34.1013,0
64.2609,1.98287,0,0,1.43035,0.04906,0.36288,3.6288,61.308,0.367178,0,0,0.870247,0.31385,0.189218,0.66528,12.849,1,0.390614,0.36288,0,30.2573,5.62238,24.6072,0.84672,12.849,0.84672,3695.15,0,18.483,0,0.374484,1.62799,4.11889,1.42699,4.69437,0.42336,18.483,0.42336,0,0,442.007,0,1.02816,0,0,1.40264,0.374484,1.028160,1,0,29.4908,0,0,0,29.4908,0
63.1272,2.01949,0,0,1.29332,0.0446298,0.36288,3.6288,61.308,0.401399,0,0,0.881626,0.310966,0.169261,0.66528,12.849,1,0.403798,0.36288,0,30.3797,5.80505,24.5337,0.84672,12.849,0.84672,3695.15,0,18.483,0,0.335051,1.62813,3.44276,1.39242,4.01352,0.42336,18.483,0.42336,0,0,442.007,0,1.02816,0,0,1.36321,0.335051,1.028160,1,0,28.7165,0,0,0,28.7165,0
61.909,2.00785,0,0,1.19753,0.0450285,0.36288,3.6288,61.308,0.401524,0,0,0.768243,0.306828,0.0598904,0.66528,12.849,1,0.40868,0.36288,0,26.2367,5.78844,20.4024,0.84672,12.849,0.84672,3695.15,0,18.483,0,0.435534,1.66745,3.44476,1.36948,4.17826,0.42336,18.483,0.42336,0,0,442.007,0,1.02816,0,0,1.46369,0.435534,1.028160,1,0,24.6406,0,0,0,24.6406,0
60.626,1.995,0,0,1.11947,0.0445812,0.36288,3.6288,61.308,0.401649,0,0,0.710804,0.306828,0.0023269,0.66528,12.849,1,0.414056,0.36288,0,24.9473,5.78844,19.1077,0.84672,12.849,0.84672,3695.15,0,18.483,0,0.309589,1.6676,3.02265,1.36948,3.63036,0.42336,18.483,0.42336,0,0,442.007,0,1.02816,0,0,1.33775,0.309589,1.028160,1,0,22.7404,0,0,0,22.7404,0
59.3423,1.98109,0,0,1.10442,0.0441101,0.36288,3.6288,61.308,0.401774,0,0,0.769003,0.306828,0.060401,0.66528,12.849,1,0.419869,0.36288,0,23.1485,5.78844,17.3031,0.84672,12.849,0.84672,3695.15,0,18.483,0,0.399747,1.66774,3.41828,1.36948,4.11628,0.42336,18.483,0.42336,0,0,442.007,0,1.02816,0,0,1.42791,0.399747,1.028160,1,0,21.4798,0,0,0,21.4798,0
57.9825,2.09812,0,0,1.13806,0.0369127,0.36288,3.6288,61.2248,0.525021,0,0,0.727631,0.28583,0,0.66528,12.849,1,0.454291,0.36288,0,21.7472,6.03015,15.6257,0.84672,12.849,0.84672,3695.15,0,18.483,0,0.3726,1.66789,3.6618,1.4537,4.2486,0.42336,18.483,0.42336,0,0,442.007,0,1.02816,0,0,1.40076,0.3726,1.028160,1,0,19.8743,0,0,0,19.8743,0
56.7083,2.08143,0,0,1.21858,0.0484552,0.36288,3.6288,61.1884,0.525156,0,0,0.760899,0.272134,0,0.66528,12.849,1,0.461248,0.36288,0,22.5618,6.02228,16.4412,0.84672,12.849,0.84672,3695.15,0,18.483,0,0.515437,1.80077,2.86097,1.47993,3.69725,0.42336,18.483,0.42336,0,0,442.007,0,1.02816,0,0,1.5436,0.515437,1.028160,1,0,20.1384,0,0,0,20.1384,0
55.1984,2.06533,0,0,0.966203,0.0478531,0.36288,3.6288,60.8889,0.598551,0,0,0.571116,0.272071,0,0.66528,12.849,1,0.467965,0.36288,0,24.7738,6.02228,18.6465,0.84672,12.849,0.84672,3695.15,0,18.483,0,0.204422,1.80093,2.29714,1.47993,2.82256,0.42336,18.483,0.42336,0,0,442.007,0,0.954901,0,0,1.15932,0.204422,1.028160,1,0,21.469,0,0,0,21.469,0
53.9172,2.0456,0,0,1.17437,0.0471397,0.36288,3.6288,61.0101,0.525428,0,0,0.918209,0.271556,0,0.66528,12.849,1,0.476172,0.36288,0,21.5952,6.02228,15.4597,0.84672,12.849,0.84672,3695.15,0,18.483,0,0.89392,1.80109,3.30988,1.47993,4.52496,0.42336,18.483,0.42336,0,0,442.007,0,1.02816,0,0,1.92208,0.89392,1.028160,1,0,19.9846,0,0,0,19.9846,0
52.4681,2.02833,0,0,0.998654,0.0564893,0.36288,3.6288,60.9297,0.525563,0,0,0.688763,0.243566,0,0.66528,12.849,1,0.483371,0.36288,0,20.4783,5.2984,15.0594,0.84672,12.849,0.84672,3695.15,0,18.483,0,0.468115,1.80124,3.31413,1.24666,4.33683,0.42336,18.483,0.42336,0,0,442.007,0,1.02816,0,0,1.49628,0.468115,1.028160,1,0,19.3962,0,0,0,19.3962,0
51.2374,1.94685,0,0,1.17113,0.0921027,0.36288,3.6288,61.308,0.450936,0,0,1.27527,0.218782,0.227298,0.66528,12.849,1,0.476767,0.36288,0,23.3798,4.83693,18.429,0.84672,12.849,0.84672,3695.15,0,18.483,0,2.06193,1.8014,4.32999,1.3581,6.83522,0.42336,18.483,0.42336,0,0,442.007,0,1.02816,0,0,3.09009,2.06193,1.028160,1,0,25.4915,0,0,0,25.4915,0
49.8871,1.92969,0,0,1.03314,0.0909346,0.36288,3.6288,61.308,0.451065,0,0,0.717984,0.219306,0.0476124,0.66528,12.849,1,0.483916,0.36288,0,24.2179,4.83693,19.26,0.84672,12.849,0.84672,3695.15,0,18.483,0,0.842884,1.72546,3.24715,1.3581,4.45739,0.42336,18.483,0.42336,0,0,442.007,0,1.02816,0,0,1.87104,0.842884,1.028160,1,0,23.765,0,0,0,23.765,0
48.401,1.91024,0,0,0.876666,0.0896529,0.36288,3.6288,61.292,0.451195,0,0,0.654483,0.219306,0,0.66528,12.849,1,0.492005,0.36288,0,22.3779,4.83693,17.4118,0.84672,12.849,0.84672,3695.15,0,18.483,0,0.672866,1.72561,3.0898,1.3581,4.13018,0.42336,18.483,0.42336,0,0,442.007,0,1.02816,0,0,1.70103,0.672866,1.028160,1,0,21.542,0,0,0,21.542,0
47.8361,1.88804,0,0,1.86918,0.183123,0.36288,3.6288,61.308,0.451324,0,0,1.19726,0.128326,0.601594,0.66528,12.849,1,0.501219,0.36288,0,49.2607,3.59115,45.5312,0.84672,12.849,0.84672,3695.15,0,18.483,0,1.25533,1.72576,6.84617,0.968713,8.85855,0.42336,18.483,0.42336,0,0,442.007,0,1.02816,0,0,2.28349,1.25533,1.028160,1,0,54.9914,0,0,0,54.9914,0
49.7812,1.83093,0,0,4.32197,0.18309,0.36288,3.6288,61.308,0.383376,0,0,1.92813,0.244472,1.30028,0.66528,12.849,1,0.491798,0.36288,0,66.7471,4.19195,62.4262,0.84672,12.849,0.84672,3695.15,0,18.483,0,1.83955,1.72591,9.33837,1.03305,11.8708,0.42336,18.483,0.42336,0,0,442.007,0,1.02816,0,0,2.86771,1.83955,1.028160,1,0,75.5973,0,0,0,75.5973,0
49.5752,1.85985,0,0,2.19775,0.181002,0.36288,3.6288,61.308,0.3835,0,0,1.15679,0.296989,0.476303,0.66528,12.849,1,0.480047,0.36288,0,33.5343,4.51532,28.9018,0.84672,12.849,0.84672,3695.15,0,18.483,0,1.32619,1.65841,4.20186,1.08474,6.10171,0.42336,18.483,0.42336,0,0,442.007,0,1.02816,0,0,2.35435,1.32619,1.028160,1,0,35.4798,0,0,0,35.4798,0
48.7109,1.85704,0,0,1.53623,0.180607,0.36288,3.6288,61.308,0.383623,0,0,0.793325,0.296989,0.112712,0.66528,12.849,1,0.481311,0.36288,0,19.117,4.51532,14.4832,0.84672,12.849,0.84672,3695.15,0,18.483,0,0.609362,1.65855,3.95636,1.08474,5.13953,0.42336,18.483,0.42336,0,0,442.007,0,1.02816,0,0,1.63752,0.609362,1.028160,1,0,19.7354,0,0,0,19.7354,0
48.5367,1.84452,0,0,2.21217,0.178934,0.36288,3.6288,61.308,0.383746,0,0,1.28715,0.296989,0.606417,0.66528,12.849,1,0.48655,0.36288,0,34.4224,4.51532,29.7834,0.84672,12.849,0.84672,3695.15,0,18.483,0,1.57918,1.6587,6.24262,1.08474,8.39576,0.42336,18.483,0.42336,0,0,442.007,0,1.02816,0,0,2.60734,1.57918,1.028160,1,0,38.7856,0,0,0,38.7856,0
48.7942,1.70337,0,0,2.54523,0.221457,0.36288,3.6288,61.308,0.242036,0,0,1.31957,0.254845,0.822689,0.66528,12.849,1,0.450928,0.36288,0,38.4409,3.97376,34.3791,0.84672,12.849,0.84672,3695.15,0,18.483,0,1.60044,1.65884,5.9729,1.05354,8.17864,0.42336,18.483,0.42336,0,0,442.007,0,1.02816,0,0,2.6286,1.60044,1.028160,1,0,43.3804,0,0,0,43.3804,0
48.7492,1.70705,0,0,2.24267,0.217793,0.36288,3.6288,61.308,0.242147,0,0,0.969402,0.221261,0.505994,0.66528,12.849,1,0.449518,0.36288,0,32.5294,3.91892,28.5239,0.84672,12.849,0.84672,3695.15,0,18.483,0,1.4039,1.50663,5.23288,1.10884,7.03457,0.42336,18.483,0.42336,0,0,442.007,0,1.02816,0,0,2.43206,1.4039,1.028160,1,0,36.0644,0,0,0,36.0644,0
48.2763,1.70658,0,0,1.8143,0.217687,0.36288,3.6288,61.308,0.242258,0,0,0.77798,0.221261,0.314461,0.66528,12.849,1,0.44981,0.36288,0,22.0602,3.91892,18.0543,0.84672,12.849,0.84672,3695.15,0,18.483,0,1.01773,1.50676,6.05404,1.10884,7.46969,0.42336,18.483,0.42336,0,0,442.007,0,1.02816,0,0,2.04589,1.01773,1.028160,1,0,25.8385,0,0,0,25.8385,0
47.4004,1.70022,0,0,1.39963,0.212463,0.36288,3.6288,61.308,0.242369,0,0,0.919711,0.235745,0.441596,0.66528,12.849,1,0.452522,0.36288,0,27.5562,4.41589,23.0506,0.84672,12.849,0.84672,3695.15,0,18.483,0,1.55847,1.50689,11.401,1.2239,13.2424,0.42336,18.483,0.42336,0,0,442.007,0,1.02816,0,0,2.58663,1.55847,1.028160,1,0,36.7346,0,0,0,36.7346,0
47.3079,1.68809,0,0,2.16353,0.205012,0.36288,3.6288,61.308,0.24248,0,0,1.02845,0.255057,0.530916,0.66528,12.849,1,0.457596,0.36288,0,41.7242,5.07853,36.551,0.84672,12.849,0.84672,3695.15,0,18.483,0,1.39152,1.50702,6.66917,1.37731,8.19041,0.42336,18.483,0.42336,0,0,442.007,0,1.02816,0,0,2.41968,1.39152,1.028160,1,0,45.2723,0,0,0,45.2723,0
50.7986,1.73977,0,0,5.77271,0.179427,0.36288,3.6288,61.308,0.283677,0,0,2.81351,0.175526,2.35431,0.66528,12.849,1,0.472527,0.36288,0,104.791,2.95292,101.729,0.84672,12.849,0.84672,3695.15,0,18.483,0,3.81943,1.50715,13.6802,0.861566,18.1452,0.42336,18.483,0.42336,0,0,442.007,0,1.02816,0,0,4.84759,3.81943,1.028160,1,0,122.228,0,0,0,122.228,0
53.0547,1.78888,0,0,4.59414,0.186288,0.36288,3.6288,61.308,0.283784,0,0,2.09293,0.175526,1.63362,0.66528,12.849,1,0.452481,0.36288,0,76.534,2.95292,73.4915,0.84672,12.849,0.84672,3695.15,0,18.483,0,2.99073,1.55549,10.2362,0.861566,13.9208,0.42336,18.483,0.42336,0,0,442.007,0,1.02816,0,0,4.01889,2.99073,1.028160,1,0,89.0459,0,0,0,89.0459,0
54.7342,1.81853,0,0,4.08163,0.220671,0.36288,3.6288,61.308,0.283892,0,0,1.96445,0.17905,1.50151,0.66528,12.849,1,0.44042,0.36288,0,61.3481,3.15506,58.1155,0.84672,12.849,0.84672,3695.15,0,18.483,0,2.48391,1.55562,9.11736,0.974668,12.1822,0.42336,18.483,0.42336,0,0,442.007,0,1.02816,0,0,3.51207,2.48391,1.028160,1,0,71.7992,0,0,0,71.7992,0
57.1131,1.83964,0,0,4.8376,0.256189,0.36288,3.6288,61.308,0.283999,0,0,2.47381,0.170765,2.01905,0.66528,12.849,1,0.43186,0.36288,0,68.2396,2.93695,65.2337,0.84672,12.849,0.84672,3695.15,0,18.483,0,3.14318,1.55574,10.0901,0.76302,14.026,0.42336,18.483,0.42336,0,0,442.007,0,1.02816,0,0,4.17134,3.14318,1.028160,1,0,81.2787,0,0,0,81.2787,0
60.6677,2.05033,0,0,6.23836,0.270545,0.36288,3.6288,61.308,0.438401,0,0,2.41065,0.153289,1.81896,0.66528,12.849,1,0.461272,0.36288,0,87.6174,2.93605,84.5829,0.84672,12.849,0.84672,3695.15,0,18.483,0,3.29058,1.55587,11.7289,0.749885,15.8254,0.42336,18.483,0.42336,0,0,442.007,0,1.02816,0,0,4.31874,3.29058,1.028160,1,0,102.227,0,0,0,102.227,0
64.6281,2.09396,0,0,6.70351,0.286261,0.36288,3.6288,61.308,0.43852,0,0,3.23234,0.140182,2.65363,0.66528,12.849,1,0.443486,0.36288,0,113.598,2.93538,110.582,0.84672,12.849,0.84672,3695.15,0,18.483,0,3.95257,1.72808,14.2925,0.740034,19.2332,0.42336,18.483,0.42336,0,0,442.007,0,1.02816,0,0,4.98073,3.95257,1.028160,1,0,132.469,0,0,0,132.469,0
67.507,2.13877,0,0,5.65905,0.278479,0.36288,3.6288,61.308,0.43864,0,0,2.75593,0.176027,2.14126,0.66528,12.849,1,0.425217,0.36288,0,143.718,3.77641,139.879,0.84672,12.849,0.84672,3695.15,0,18.483,0,2.94026,1.72823,15.41,0.996361,19.0822,0.42336,18.483,0.42336,0,0,442.007,0,1.02816,0,0,3.96842,2.94026,1.028160,1,0,161.102,0,0,0,161.102,0
69.6402,2.16914,0,0,4.94957,0.284371,0.36288,3.6288,61.308,0.43876,0,0,2.05991,0.158719,1.46243,0.66528,12.849,1,0.412866,0.36288,0,92.1802,3.31895,88.8112,0.84672,12.849,0.84672,3695.15,0,18.483,0,2.49863,1.72837,10.2273,0.812497,13.6418,0.42336,18.483,0.42336,0,0,442.007,0,1.02816,0,0,3.52679,2.49863,1.028160,1,0,103.915,0,0,0,103.915,0
71.8859,1.91292,0,0,4.82443,0.302979,0.36288,3.6288,61.308,0.231747,0,0,2.50307,0.172229,2.09909,0.66528,12.849,1,0.352944,0.36288,0,116.097,3.30784,112.799,0.84672,12.849,0.84672,3695.15,0,18.483,0,2.5715,1.72851,11.2969,0.865409,14.7315,0.42336,18.483,0.42336,0,0,442.007,0,1.02816,0,0,3.59966,2.5715,1.028160,1,0,129.63,0,0,0,129.63,0
72.29,1.9318,0,0,5.54251,0.318801,2.88777,3.6288,61.308,0.23185,0,0,2.90374,0.182361,2.48953,0.66528,12.849,1,0.345294,2.88777,0,100.005,3.29952,99.2475,0.84672,12.849,0.84672,3695.15,0,18.483,0,2.41332,1.49317,13.8651,0.905092,16.8665,0.42336,18.483,0.42336,0,0,442.007,0,1.02816,0,0,3.44148,2.41332,1.028160,1,0,118.604,0,0,0,118.604,0
72.29,1.93525,0,0,3.93088,0.319782,1.67585,3.6288,61.308,0.231953,0,0,2.25234,0.182361,1.83803,0.66528,12.849,1,0.343975,1.67585,0,91.3283,3.29952,89.3606,0.84672,12.849,0.84672,3695.15,0,18.483,0,2.33349,1.49329,10.9351,0.905092,13.8568,0.42336,18.483,0.42336,0,0,442.007,0,1.02816,0,0,3.36165,2.33349,1.028160,1,0,105.055,0,0,0,105.055,0
72.29,1.9354,0,0,5.28327,0.308453,3.03942,3.6288,61.308,0.232056,0,0,2.40619,0.176344,1.99779,0.66528,12.849,1,0.344003,3.03942,0,105.295,3.21233,104.778,0.84672,12.849,0.84672,3695.15,0,18.483,0,1.95185,1.49341,12.0537,0.892567,14.6064,0.42336,18.483,0.42336,0,0,442.007,0,1.02816,0,0,2.98001,1.95185,1.028160,1,0,121.382,0,0,0,121.382,0
72.29,1.93556,0,0,4.1728,0.287891,1.94935,3.6288,61.308,0.232159,0,0,3.678,0.208887,3.23696,0.66528,12.849,1,0.344031,1.94935,0,94.7773,4.18855,92.1941,0.84672,12.849,0.84672,3695.15,0,18.483,0,3.519,1.49354,12.908,1.1355,16.785,0.42336,18.483,0.42336,0,0,442.007,0,1.02816,0,0,4.54716,3.519,1.028160,1,0,112.216,0,0,0,112.216,0
72.29,2.00645,0,0,4.63444,0.292013,2.33598,3.6288,61.308,0.282955,0,0,5.11284,0.195199,4.63469,0.66528,12.849,1,0.356631,2.33598,0,97.9906,3.78903,96.1809,0.84672,12.849,0.84672,3695.15,0,18.483,0,3.93483,1.49366,9.98758,1.13207,14.284,0.42336,18.483,0.42336,0,0,442.007,0,1.02816,0,0,4.96299,3.93483,1.028160,1,0,115.1,0,0,0,115.1,0
72.29,2.00661,0,0,4.75743,0.292013,2.4588,3.6288,61.308,0.283062,0,0,5.49622,0.195199,5.01796,0.66528,12.849,1,0.35666,2.4588,0,92.2242,3.78903,90.5373,0.84672,12.849,0.84672,3695.15,0,18.483,0,3.7287,1.55195,10.0213,1.13207,14.1699,0.42336,18.483,0.42336,0,0,442.007,0,1.02816,0,0,4.75686,3.7287,1.028160,1,0,109.725,0,0,0,109.725,0
72.29,2.00677,0,0,4.27094,0.292013,1.97215,3.6288,61.308,0.283169,0,0,6.44426,0.195199,5.96589,0.66528,12.849,1,0.356689,1.97215,0,91.9218,3.78903,89.7483,0.84672,12.849,0.84672,3695.15,0,18.483,0,4.5156,1.55207,11.3863,1.13207,16.3219,0.42336,18.483,0.42336,0,0,442.007,0,1.02816,0,0,5.54376,4.5156,1.028160,1,0,112.036,0,0,0,112.036,0
72.29,2.00694,0,0,4.41127,0.292013,2.11232,3.6288,61.308,0.283276,0,0,4.37664,0.195199,3.89817,0.66528,12.849,1,0.356718,2.11232,0,81.4225,3.78903,79.3891,0.84672,12.849,0.84672,3695.15,0,18.483,0,3.16888,1.5522,7.57267,1.13207,11.1617,0.42336,18.483,0.42336,0,0,442.007,0,1.02816,0,0,4.19704,3.16888,1.028160,1,0,94.4489,0,0,0,94.4489,0
72.29,1.97944,0,0,4.02314,0.234326,1.80937,3.6288,61.308,0.263688,0,0,3.24997,0.202682,2.7836,0.66528,12.849,1,0.35183,1.80937,0,89.1916,3.94779,86.7013,0.84672,12.849,0.84672,3695.15,0,18.483,0,3.55009,1.55233,10.5572,1.13324,14.5264,0.42336,18.483,0.42336,0,0,442.007,0,1.02816,0,0,4.57825,3.55009,1.028160,1,0,104.011,0,0,0,104.011,0
72.29,1.9796,0,0,3.48771,0.224711,1.2834,3.6288,61.308,0.263794,0,0,2.82596,0.203929,2.35824,0.66528,12.849,1,0.351859,1.2834,0,74.1917,3.97425,71.149,0.84672,12.849,0.84672,3695.15,0,18.483,0,3.03162,1.5298,8.84753,1.13343,12.2755,0.42336,18.483,0.42336,0,0,442.007,0,1.02816,0,0,4.05978,3.03162,1.028160,1,0,85.7827,0,0,0,85.7827,0
72.29,1.97976,0,0,3.07809,0.224711,0.873612,3.6288,61.308,0.263899,0,0,2.64433,0.203929,2.1765,0.66528,12.849,1,0.351888,0.873612,0,64.6687,3.97425,61.2161,0.84672,12.849,0.84672,3695.15,0,18.483,0,2.52393,1.52993,7.81816,1.13343,10.7386,0.42336,18.483,0.42336,0,0,442.007,0,1.02816,0,0,3.55209,2.52393,1.028160,1,0,74.1312,0,0,0,74.1312,0
72.29,1.97992,0,0,2.77358,0.224711,0.568943,3.6288,61.308,0.264005,0,0,2.34349,0.203929,1.87555,0.66528,12.849,1,0.351917,0.568943,0,56.4501,3.97425,52.6929,0.84672,12.849,0.84672,3695.15,0,18.483,0,2.16392,1.53005,7.06026,1.13343,9.62081,0.42336,18.483,0.42336,0,0,442.007,0,1.02816,0,0,3.19208,2.16392,1.028160,1,0,64.1893,0,0,0,64.1893,0
72.29,2.07402,0,0,2.80128,0.19306,0.534202,3.6288,61.308,0.333977,0,0,2.41359,0.194205,1.88541,0.66528,12.849,1,0.368641,0.534202,0,57.5483,3.63066,54.0832,0.84672,12.849,0.84672,3695.15,0,18.483,0,2.24503,1.53018,7.11651,1.04587,9.84584,0.42336,18.483,0.42336,0,0,442.007,0,1.02816,0,0,3.27319,2.24503,1.028160,1,0,65.8144,0,0,0,65.8144,0
72.29,2.07419,0,0,2.73011,0.174797,0.481128,3.6288,61.308,0.334089,0,0,1.84461,0.220449,1.29008,0.66528,12.849,1,0.368671,0.481128,0,53.9539,3.86676,50.1996,0.84672,12.849,0.84672,3695.15,0,18.483,0,2.37711,1.60952,7.39999,1.21127,10.1754,0.42336,18.483,0.42336,0,0,442.007,0,1.02816,0,0,3.40527,2.37711,1.028160,1,0,61.665,0,0,0,61.665,0
72.1663,2.07435,0,0,2.44979,0.136275,0.36288,3.6288,61.308,0.3342,0,0,1.79241,0.222391,1.23582,0.66528,12.849,1,0.368701,0.36288,0,47.1961,3.93162,43.2586,0.84672,12.849,0.84672,3695.15,0,18.483,0,2.39222,1.60965,6.91641,1.1703,9.74797,0.42336,18.483,0.42336,0,0,442.007,0,1.02816,0,0,3.42038,2.39222,1.028160,1,0,54.2424,0,0,0,54.2424,0
72.0129,2.07345,0,0,2.41909,0.136147,0.36288,3.6288,61.308,0.334311,0,0,1.94685,0.222391,1.39015,0.66528,12.849,1,0.369172,0.36288,0,45.6409,3.93162,41.703,0.84672,12.849,0.84672,3695.15,0,18.483,0,2.32038,1.60978,7.58298,1.1703,10.3428,0.42336,18.483,0.42336,0,0,442.007,0,1.02816,0,0,3.34854,2.32038,1.028160,1,0,53.436,0,0,0,53.436,0
71.7573,2.07228,0,0,2.31352,0.133942,0.36288,3.6288,61.308,0.334422,0,0,1.76333,0.230533,1.19837,0.66528,12.849,1,0.36975,0.36288,0,43.0745,4.09719,38.9705,0.84672,12.849,0.84672,3695.15,0,18.483,0,2.13263,1.60991,6.57072,1.19324,9.12002,0.42336,18.483,0.42336,0,0,442.007,0,1.02816,0,0,3.16079,2.13263,1.028160,1,0,49.2889,0,0,0,49.2889,0
71.7641,2.05167,0,0,2.54283,0.121432,0.36288,3.6288,61.308,0.372949,0,0,1.50711,0.279384,0.854776,0.66528,12.849,1,0.367377,0.36288,0,42.6771,5.09061,37.582,0.84672,12.849,0.84672,3695.15,0,18.483,0,1.497,1.61004,6.06785,1.33088,7.84402,0.42336,18.483,0.42336,0,0,442.007,0,1.02816,0,0,2.52516,1.497,1.028160,1,0,46.2808,0,0,0,46.2808,0
71.6091,2.0519,0,0,2.38113,0.121438,0.36288,3.6288,61.308,0.373064,0,0,1.43275,0.279384,0.780306,0.66528,12.849,1,0.367382,0.36288,0,42.6214,5.09061,37.5263,0.84672,12.849,0.84672,3695.15,0,18.483,0,1.34459,1.63486,6.23566,1.33088,7.88424,0.42336,18.483,0.42336,0,0,442.007,0,1.02816,0,0,2.37275,1.34459,1.028160,1,0,46.1908,0,0,0,46.1908,0
71.2397,2.05072,0,0,2.16552,0.121295,0.36288,3.6288,61.308,0.373178,0,0,1.39711,0.279384,0.744543,0.66528,12.849,1,0.367966,0.36288,0,41.7869,5.09061,36.6912,0.84672,12.849,0.84672,3695.15,0,18.483,0,1.31387,1.635,5.97495,1.33088,7.59294,0.42336,18.483,0.42336,0,0,442.007,0,1.02816,0,0,2.34203,1.31387,1.028160,1,0,45.0287,0,0,0,45.0287,0
70.6737,2.04766,0,0,1.96554,0.120953,0.36288,3.6288,61.308,0.373293,0,0,1.31071,0.279384,0.658028,0.66528,12.849,1,0.369321,0.36288,0,37.2357,5.09061,32.1387,0.84672,12.849,0.84672,3695.15,0,18.483,0,1.04976,1.63513,5.77994,1.33088,7.13395,0.42336,18.483,0.42336,0,0,442.007,0,1.02816,0,0,2.07792,1.04976,1.028160,1,0,39.9306,0,0,0,39.9306,0
69.9587,2.0905,0,0,1.83124,0.092893,0.36288,3.6288,61.308,0.407656,0,0,1.14378,0.339212,0.396913,0.66528,12.849,1,0.380068,0.36288,0,33.0604,6.14067,26.9026,0.84672,12.849,0.84672,3695.15,0,18.483,0,0.925854,1.63526,4.99535,1.59143,5.96503,0.42336,18.483,0.42336,0,0,442.007,0,1.02816,0,0,1.95401,0.925854,1.028160,1,0,33.2645,0,0,0,33.2645,0
69.528,2.08413,0,0,2.10368,0.0873811,0.36288,3.6288,61.308,0.407773,0,0,1.48287,0.338648,0.736445,0.66528,12.849,1,0.382783,0.36288,0,43.1533,6.21863,36.9147,0.84672,12.849,0.84672,3695.15,0,18.483,0,1.33277,1.67475,5.6277,1.58288,7.05234,0.42336,18.483,0.42336,0,0,442.007,0,1.02816,0,0,2.36093,1.33277,1.028160,1,0,44.7035,0,0,0,44.7035,0
68.9125,2.08031,0,0,1.91482,0.0870904,0.36288,3.6288,61.308,0.40789,0,0,1.22307,0.338648,0.476531,0.66528,12.849,1,0.384449,0.36288,0,34.7579,6.21863,28.5177,0.84672,12.849,0.84672,3695.15,0,18.483,0,1.38377,1.67489,5.2294,1.58288,6.70518,0.42336,18.483,0.42336,0,0,442.007,0,1.02816,0,0,2.41193,1.38377,1.028160,1,0,35.6994,0,0,0,35.6994,0
68.1298,2.07473,0,0,1.74151,0.086675,0.36288,3.6288,61.308,0.408007,0,0,1.13903,0.338648,0.392373,0.66528,12.849,1,0.386841,0.36288,0,32.4022,6.21863,26.1597,0.84672,12.849,0.84672,3695.15,0,18.483,0,1.00781,1.67502,4.66042,1.58288,5.76038,0.42336,18.483,0.42336,0,0,442.007,0,1.02816,0,0,2.03597,1.00781,1.028160,1,0,32.3124,0,0,0,32.3124,0
67.1729,2.20555,0,0,1.70452,0.0928964,0.36288,3.6288,61.308,0.531783,0,0,1.25926,0.328586,0.398894,0.66528,12.849,1,0.415958,0.36288,0,31.255,6.13656,25.0654,0.84672,12.849,0.84672,3695.15,0,18.483,0,1.41089,1.67516,5.63604,1.53912,7.18297,0.42336,18.483,0.42336,0,0,442.007,0,1.02816,0,0,2.43905,1.41089,1.028160,1,0,32.6473,0,0,0,32.6473,0
65.6728,2.19588,0,0,1.18407,0.125434,0.36288,3.6288,61.308,0.53191,0,0,0.981469,0.294365,0.155194,0.66528,12.849,1,0.420033,0.36288,0,27.5952,5.66969,21.8684,0.84672,12.849,0.84672,3695.15,0,18.483,0,0.925707,1.80861,3.87478,1.37742,5.23168,0.42336,18.483,0.42336,0,0,442.007,0,1.02816,0,0,1.95387,0.925707,1.028160,1,0,27.2552,0,0,0,27.2552,0
64.1647,2.18022,0,0,1.15896,0.123949,0.36288,3.6288,61.308,0.532038,0,0,0.917646,0.294365,0.0912429,0.66528,12.849,1,0.426563,0.36288,0,25.1815,5.66969,19.4482,0.84672,12.849,0.84672,3695.15,0,18.483,0,0.815927,1.80876,3.88906,1.37742,5.13633,0.42336,18.483,0.42336,0,0,442.007,0,1.02816,0,0,1.84409,0.815927,1.028160,1,0,24.6757,0,0,0,24.6757,0
63.1992,2.16397,0,0,1.68379,0.122456,0.36288,3.6288,61.308,0.532165,0,0,1.05442,0.294365,0.227887,0.66528,12.849,1,0.433335,0.36288,0,28.6801,5.66969,22.94,0.84672,12.849,0.84672,3695.15,0,18.483,0,1.14371,1.80891,4.31189,1.37742,5.88709,0.42336,18.483,0.42336,0,0,442.007,0,1.02816,0,0,2.17187,1.14371,1.028160,1,0,29.055,0,0,0,29.055,0
62.9598,2.15335,0,0,2.42688,0.150091,0.36288,3.6288,61.308,0.532293,0,0,1.39567,0.284987,0.578391,0.66528,12.849,1,0.437796,0.36288,0,46.7929,5.53827,41.1797,0.84672,12.849,0.84672,3695.15,0,18.483,0,1.32613,1.80906,4.80044,1.3509,6.58472,0.42336,18.483,0.42336,0,0,442.007,0,1.02816,0,0,2.35429,1.32613,1.028160,1,0,48.3428,0,0,0,48.3428,0
62.6053,2.08519,0,0,2.24975,0.156128,0.36288,3.6288,61.308,0.457334,0,0,1.62155,0.219076,0.945137,0.66528,12.849,1,0.425551,0.36288,0,60.0682,4.59638,55.4092,0.84672,12.849,0.84672,3695.15,0,18.483,0,1.20684,1.8092,5.20847,1.13707,7.08744,0.42336,18.483,0.42336,0,0,442.007,0,1.02816,0,0,2.235,1.20684,1.028160,1,0,63.4417,0,0,0,63.4417,0
61.7312,2.08145,0,0,1.72587,0.155677,0.36288,3.6288,61.308,0.457455,0,0,1.36242,0.219076,0.685893,0.66528,12.849,1,0.427192,0.36288,0,33.1733,4.59638,28.5126,0.84672,12.849,0.84672,3695.15,0,18.483,0,1.14411,1.73292,4.10014,1.13707,5.8401,0.42336,18.483,0.42336,0,0,442.007,0,1.02816,0,0,2.17227,1.14411,1.028160,1,0,35.0386,0,0,0,35.0386,0
60.7148,2.07183,0,0,1.57284,0.154562,0.36288,3.6288,61.308,0.457577,0,0,1.35851,0.219076,0.681858,0.66528,12.849,1,0.43124,0.36288,0,23.8459,4.59638,19.1811,0.84672,12.849,0.84672,3695.15,0,18.483,0,1.14653,1.73306,3.81916,1.13707,5.56168,0.42336,18.483,0.42336,0,0,442.007,0,1.02816,0,0,2.17469,1.14653,1.028160,1,0,25.4247,0,0,0,25.4247,0
59.6825,2.06039,0,0,1.60453,0.213521,0.36288,3.6288,61.308,0.457698,0,0,1.4427,0.180476,0.804524,0.66528,12.849,1,0.436037,0.36288,0,19.7569,3.72271,15.961,0.84672,12.849,0.84672,3695.15,0,18.483,0,0.911494,1.73321,3.72597,0.939599,5.43107,0.42336,18.483,0.42336,0,0,442.007,0,1.02816,0,0,1.93965,0.911494,1.028160,1,0,22.1966,0,0,0,22.1966,0
60.6434,1.99558,0,0,3.55328,0.233927,0.36288,3.6288,61.308,0.38945,0,0,2.20718,0.170505,1.64723,0.66528,12.849,1,0.429626,0.36288,0,86.6025,3.67827,82.8575,0.84672,12.849,0.84672,3695.15,0,18.483,0,2.99711,1.73335,11.9675,0.884369,15.8136,0.42336,18.483,0.42336,0,0,442.007,0,1.02816,0,0,4.02527,2.99711,1.028160,1,0,100.318,0,0,0,100.318,0
62.0685,2.00669,0,0,4.01369,0.219064,0.36288,3.6288,61.308,0.389566,0,0,2.37991,0.184739,1.8056,0.66528,12.849,1,0.425172,0.36288,0,133.07,4.13637,128.871,0.84672,12.849,0.84672,3695.15,0,18.483,0,3.01727,1.66554,10.9573,0.954026,14.6861,0.42336,18.483,0.42336,0,0,442.007,0,1.02816,0,0,4.04543,3.01727,1.028160,1,0,145.363,0,0,0,145.363,0
62.026,2.02267,0,0,2.5647,0.221663,0.36288,3.6288,61.308,0.389682,0,0,1.50163,0.184739,0.927212,0.66528,12.849,1,0.41872,0.36288,0,68.9123,4.13637,64.7201,0.84672,12.849,0.84672,3695.15,0,18.483,0,1.71412,1.66568,5.37836,0.954026,7.80413,0.42336,18.483,0.42336,0,0,442.007,0,1.02816,0,0,2.74228,1.71412,1.028160,1,0,73.4514,0,0,0,73.4514,0
62.4826,2.02237,0,0,3.06261,0.22067,0.36288,3.6288,61.308,0.389798,0,0,1.88787,0.196944,1.30112,0.66528,12.849,1,0.418945,0.36288,0,84.0596,4.12884,79.8747,0.84672,12.849,0.84672,3695.15,0,18.483,0,2.60892,1.66582,6.19217,0.972936,9.49396,0.42336,18.483,0.42336,0,0,442.007,0,1.02816,0,0,3.63708,2.60892,1.028160,1,0,90.6698,0,0,0,90.6698,0
64.9427,1.87481,0,0,4.92585,0.228094,0.36288,3.6288,61.308,0.247473,0,0,2.45302,0.24574,1.9598,0.66528,12.849,1,0.385539,0.36288,0,128.301,3.94956,124.329,0.84672,12.849,0.84672,3695.15,0,18.483,0,3.19555,1.66595,8.7086,1.02371,12.5464,0.42336,18.483,0.42336,0,0,442.007,0,1.02816,0,0,4.22371,3.19555,1.028160,1,0,138.835,0,0,0,138.835,0
69.0078,1.89899,0,0,6.59058,0.263578,0.36288,3.6288,61.308,0.247577,0,0,4.09036,0.184648,3.65813,0.66528,12.849,1,0.375718,0.36288,0,212.578,3.61431,208.951,0.84672,12.849,0.84672,3695.15,0,18.483,0,3.24657,1.51307,13.196,0.866973,17.0887,0.42336,18.483,0.42336,0,0,442.007,0,1.02816,0,0,4.27473,3.24657,1.028160,1,0,229.697,0,0,0,229.697,0
71.8592,1.93627,0,0,5.42271,0.272188,0.36288,3.6288,61.308,0.247681,0,0,4.13825,0.184648,3.70592,0.66528,12.849,1,0.360526,0.36288,0,173.859,3.61431,170.247,0.84672,12.849,0.84672,3695.15,0,18.483,0,3.09034,1.5132,13.2,0.866973,16.9366,0.42336,18.483,0.42336,0,0,442.007,0,1.02816,0,0,4.1185,3.09034,1.028160,1,0,190.89,0,0,0,190.89,0
72.29,1.96072,0,0,4.85776,0.278228,2.18803,3.6288,61.308,0.247786,0,0,2.79099,0.184648,2.35855,0.66528,12.849,1,0.350593,2.18803,0,144.185,3.61431,142.408,0.84672,12.849,0.84672,3695.15,0,18.483,0,2.73227,1.51332,12.7741,0.866973,16.1527,0.42336,18.483,0.42336,0,0,442.007,0,1.02816,0,0,3.76043,2.73227,1.028160,1,0,160.92,0,0,0,160.92,0
72.29,1.96444,0,0,4.254,0.275171,2.01439,3.6288,61.308,0.24789,0,0,1.43954,0.169948,1.0217,0.66528,12.849,1,0.349164,2.01439,0,136.871,3.31596,135.22,0.84672,12.849,0.84672,3695.15,0,18.483,0,1.86178,1.51345,8.92944,0.771,11.5337,0.42336,18.483,0.42336,0,0,442.007,0,1.02816,0,0,2.88994,1.86178,1.028160,1,0,147.775,0,0,0,147.775,0
71.948,2.02614,0,0,2.34108,0.29407,0.36288,3.6288,61.308,0.289255,0,0,0.747621,0.158325,0.300041,0.66528,12.849,1,0.360131,0.36288,0,82.2301,3.38231,78.8505,0.84672,12.849,0.84672,3695.15,0,18.483,0,1.01621,1.51357,5.03421,0.847496,6.71649,0.42336,18.483,0.42336,0,0,442.007,0,1.02816,0,0,2.04437,1.01621,1.028160,1,0,85.8671,0,0,0,85.8671,0
72.1271,2.02339,0,0,2.86415,0.298793,0.36288,3.6288,61.308,0.289356,0,0,0.865642,0.14797,0.428316,0.66528,12.849,1,0.361351,0.36288,0,82.2606,3.3054,78.9567,0.84672,12.849,0.84672,3695.15,0,18.483,0,1.18709,1.5621,3.99364,0.836814,5.90602,0.42336,18.483,0.42336,0,0,442.007,0,1.02816,0,0,2.21525,1.18709,1.028160,1,0,85.291,0,0,0,85.291,0
72.29,2.02506,0,0,5.91704,0.2992,3.42986,3.6288,61.308,0.289456,0,0,1.57077,0.14797,1.13334,0.66528,12.849,1,0.360753,3.42986,0,93.75,3.3054,93.5138,0.84672,12.849,0.84672,3695.15,0,18.483,0,2.1159,1.56222,4.2298,0.836814,7.07111,0.42336,18.483,0.42336,0,0,442.007,0,1.02816,0,0,3.14406,2.1159,1.028160,1,0,101.718,0,0,0,101.718,0
72.29,2.0266,0,0,7.12765,0.290698,4.81035,3.6288,61.308,0.289557,0,0,1.59548,0.144485,1.16144,0.66528,12.849,1,0.360213,4.81035,0,114.731,3.26577,115.916,0.84672,12.849,0.84672,3695.15,0,18.483,0,1.98789,1.56234,6.21687,0.833356,8.93375,0.42336,18.483,0.42336,0,0,442.007,0,1.02816,0,0,3.01605,1.98789,1.028160,1,0,126.011,0,0,0,126.011,0
72.29,2.22444,0,0,12.2419,0.268979,9.74851,3.6288,61.308,0.444604,0,0,2.22992,0.140837,1.64448,0.66528,12.849,1,0.395378,9.74851,0,184.286,3.43155,190.208,0.84672,12.849,0.84672,3695.15,0,18.483,0,4.02308,1.56246,10.1127,0.885091,14.8131,0.42336,18.483,0.42336,0,0,442.007,0,1.02816,0,0,5.05124,4.02308,1.028160,1,0,206.665,0,0,0,206.665,0
72.29,2.22461,0,0,8.12765,0.311003,5.59203,3.6288,61.308,0.444716,0,0,1.77135,0.163856,1.16277,0.66528,12.849,1,0.395408,5.59203,0,163.864,3.96963,165.091,0.84672,12.849,0.84672,3695.15,0,18.483,0,2.75891,1.73539,7.09361,0.98174,10.6062,0.42336,18.483,0.42336,0,0,442.007,0,1.02816,0,0,3.78707,2.75891,1.028160,1,0,176.86,0,0,0,176.86,0
72.29,2.22478,0,0,9.58185,0.311003,7.04606,3.6288,61.308,0.444829,0,0,2.01653,0.163856,1.40785,0.66528,12.849,1,0.395438,7.04606,0,194.652,3.96963,197.333,0.84672,12.849,0.84672,3695.15,0,18.483,0,3.71434,1.73553,9.26493,0.98174,13.7331,0.42336,18.483,0.42336,0,0,442.007,0,1.02816,0,0,4.7425,3.71434,1.028160,1,0,212.474,0,0,0,212.474,0
72.29,2.22495,0,0,13.3419,0.298016,10.8189,3.6288,61.308,0.444941,0,0,3.43011,0.191519,2.79365,0.66528,12.849,1,0.395468,10.8189,0,224.878,4.62483,230.676,0.84672,12.849,0.84672,3695.15,0,18.483,0,6.37557,1.73566,16.6175,1.18672,23.542,0.42336,18.483,0.42336,0,0,442.007,0,1.02816,0,0,7.40373,6.37557,1.028160,1,0,257.012,0,0,0,257.012,0
72.29,1.94307,0,0,10.1274,0.283433,7.90087,3.6288,61.308,0.237049,0,0,2.15677,0.191879,1.72784,0.66528,12.849,1,0.345366,7.90087,0,192.986,4.37944,196.163,0.84672,12.849,0.84672,3695.15,0,18.483,0,4.19328,1.73579,12.764,1.06623,17.6269,0.42336,18.483,0.42336,0,0,442.007,0,1.02816,0,0,5.22144,4.19328,1.028160,1,0,215.517,0,0,0,215.517,0
72.29,1.94322,0,0,7.78585,0.30323,5.5394,3.6288,61.308,0.237145,0,0,1.31265,0.223621,0.851883,0.66528,12.849,1,0.345393,5.5394,0,159.173,4.61136,159.756,0.84672,12.849,0.84672,3695.15,0,18.483,0,2.58293,1.49945,10.2749,1.11211,13.2452,0.42336,18.483,0.42336,0,0,442.007,0,1.02816,0,0,3.61109,2.58293,1.028160,1,0,173.853,0,0,0,173.853,0
72.29,1.94337,0,0,9.83172,0.309984,7.57836,3.6288,61.308,0.237242,0,0,1.9873,0.222584,1.52748,0.66528,12.849,1,0.345419,7.57836,0,153.674,4.63754,156.269,0.84672,12.849,0.84672,3695.15,0,18.483,0,3.96897,1.49957,15.8158,1.10982,20.1745,0.42336,18.483,0.42336,0,0,442.007,0,1.02816,0,0,4.99713,3.96897,1.028160,1,0,177.971,0,0,0,177.971,0
72.29,1.94352,0,0,7.91355,0.309984,5.66005,3.6288,61.308,0.237338,0,0,1.49296,0.222584,1.03304,0.66528,12.849,1,0.345445,5.66005,0,149.005,4.63754,149.682,0.84672,12.849,0.84672,3695.15,0,18.483,0,2.92245,1.49968,11.6393,1.10982,14.9516,0.42336,18.483,0.42336,0,0,442.007,0,1.02816,0,0,3.95061,2.92245,1.028160,1,0,165.666,0,0,0,165.666,0
72.29,1.94366,0,0,7.63629,0.316062,5.37656,3.6288,61.308,0.237435,0,0,1.20826,0.206727,0.764099,0.66528,12.849,1,0.345472,5.37656,0,131.584,4.60721,132.008,0.84672,12.849,0.84672,3695.15,0,18.483,0,2.44947,1.4998,10.2287,1.07333,13.1047,0.42336,18.483,0.42336,0,0,442.007,0,1.02816,0,0,3.47763,2.44947,1.028160,1,0,145.876,0,0,0,145.876,0
72.29,2.01484,0,0,8.77712,0.292989,6.46929,3.6288,61.308,0.288436,0,0,2.69979,0.227571,2.18379,0.66528,12.849,1,0.358122,6.46929,0,150.308,4.86749,151.552,0.84672,12.849,0.84672,3695.15,0,18.483,0,6.11012,1.49991,10.2327,1.0126,16.8301,0.42336,18.483,0.42336,0,0,442.007,0,1.02816,0,0,7.13828,6.11012,1.028160,1,0,170.566,0,0,0,170.566,0
72.29,2.01499,0,0,7.63724,0.292989,5.32926,3.6288,61.308,0.288536,0,0,2.48458,0.227571,1.96847,0.66528,12.849,1,0.358149,5.32926,0,112.476,4.86749,112.579,0.84672,12.849,0.84672,3695.15,0,18.483,0,5.75052,1.55843,10.3046,1.0126,16.6009,0.42336,18.483,0.42336,0,0,442.007,0,1.02816,0,0,6.77868,5.75052,1.028160,1,0,131.149,0,0,0,131.149,0
72.29,2.01514,0,0,8.47463,0.292989,6.1665,3.6288,61.308,0.288637,0,0,2.53034,0.227571,2.01414,0.66528,12.849,1,0.358176,6.1665,0,185.153,4.86749,186.093,0.84672,12.849,0.84672,3695.15,0,18.483,0,5.9184,1.55855,11.4697,1.0126,17.934,0.42336,18.483,0.42336,0,0,442.007,0,1.02816,0,0,6.94656,5.9184,1.028160,1,0,206.042,0,0,0,206.042,0
72.29,2.0153,0,0,8.63801,0.292989,6.32973,3.6288,61.308,0.288737,0,0,2.47343,0.227571,1.95713,0.66528,12.849,1,0.358204,6.32973,0,175.374,4.86749,176.478,0.84672,12.849,0.84672,3695.15,0,18.483,0,5.89792,1.55867,11.4093,1.0126,17.8533,0.42336,18.483,0.42336,0,0,442.007,0,1.02816,0,0,6.92608,5.89792,1.028160,1,0,196.288,0,0,0,196.288,0
72.29,1.98767,0,0,6.52247,0.243865,4.29094,3.6288,61.308,0.269061,0,0,1.54877,0.226766,1.05295,0.66528,12.849,1,0.353294,4.29094,0,139.761,4.98225,138.716,0.84672,12.849,0.84672,3695.15,0,18.483,0,4.66464,1.55879,8.81263,1.05422,13.9818,0.42336,18.483,0.42336,0,0,442.007,0,1.02816,0,0,5.6928,4.66464,1.028160,1,0,153.751,0,0,0,153.751,0
72.29,1.98782,0,0,5.08842,0.240748,2.85985,3.6288,61.308,0.269159,0,0,1.13716,0.210255,0.657748,0.66528,12.849,1,0.35332,2.85985,0,119.65,4.64488,117.512,0.84672,12.849,0.84672,3695.15,0,18.483,0,3.5368,1.53617,6.52977,1.00761,10.5951,0.42336,18.483,0.42336,0,0,442.007,0,1.02816,0,0,4.56496,3.5368,1.028160,1,0,128.765,0,0,0,128.765,0
72.29,1.98797,0,0,4.83698,0.240748,2.60826,3.6288,61.308,0.269258,0,0,1.03978,0.210255,0.560268,0.66528,12.849,1,0.353347,2.60826,0,107.753,4.64488,105.363,0.84672,12.849,0.84672,3695.15,0,18.483,0,2.7372,1.53628,5.88914,1.00761,9.15502,0.42336,18.483,0.42336,0,0,442.007,0,1.02816,0,0,3.76536,2.7372,1.028160,1,0,115.078,0,0,0,115.078,0
72.29,1.98813,0,0,4.44974,0.240748,2.22086,3.6288,61.308,0.269357,0,0,0.973728,0.210255,0.494116,0.66528,12.849,1,0.353374,2.22086,0,98.9228,4.64488,96.1454,0.84672,12.849,0.84672,3695.15,0,18.483,0,2.54801,1.5364,5.04427,1.00761,8.12107,0.42336,18.483,0.42336,0,0,442.007,0,1.02816,0,0,3.57617,2.54801,1.028160,1,0,104.761,0,0,0,104.761,0
72.29,2.0826,0,0,4.01614,0.189334,1.74421,3.6288,61.308,0.339612,0,0,0.869495,0.23583,0.294053,0.66528,12.849,1,0.370166,1.74421,0,83.3121,5.04166,79.6444,0.84672,12.849,0.84672,3695.15,0,18.483,0,2.0833,1.53652,4.52102,1.02163,7.11921,0.42336,18.483,0.42336,0,0,442.007,0,1.02816,0,0,3.11146,2.0833,1.028160,1,0,87.0577,0,0,0,87.0577,0
72.29,2.08275,0,0,3.64704,0.155326,1.40896,3.6288,61.308,0.339716,0,0,0.738409,0.228674,0.170019,0.66528,12.849,1,0.370194,1.40896,0,63.2248,5.06803,59.1955,0.84672,12.849,0.84672,3695.15,0,18.483,0,1.45423,1.61617,3.69154,0.986413,5.77554,0.42336,18.483,0.42336,0,0,442.007,0,1.02816,0,0,2.48239,1.45423,1.028160,1,0,65.141,0,0,0,65.141,0
72.29,2.08291,0,0,3.59112,0.155326,1.35288,3.6288,61.308,0.339821,0,0,0.739541,0.228674,0.171046,0.66528,12.849,1,0.370222,1.35288,0,59.4527,5.06803,55.3673,0.84672,12.849,0.84672,3695.15,0,18.483,0,1.50404,1.6163,3.53258,0.986413,5.6665,0.42336,18.483,0.42336,0,0,442.007,0,1.02816,0,0,2.5322,1.50404,1.028160,1,0,61.2049,0,0,0,61.2049,0
72.29,2.08307,0,0,3.21069,0.16516,0.962461,3.6288,61.308,0.339925,0,0,0.711314,0.22604,0.145349,0.66528,12.849,1,0.37025,0.962461,0,56.3625,4.89881,52.0559,0.84672,12.849,0.84672,3695.15,0,18.483,0,1.61691,1.61642,3.26446,0.992941,5.50485,0.42336,18.483,0.42336,0,0,442.007,0,1.02816,0,0,2.64507,1.61691,1.028160,1,0,57.7061,0,0,0,57.7061,0
72.29,2.08323,0,0,3.07177,0.167526,0.821014,3.6288,61.308,0.340029,0,0,0.69666,0.227758,0.128873,0.66528,12.849,1,0.370278,0.821014,0,52.3324,4.53984,48.2433,0.84672,12.849,0.84672,3695.15,0,18.483,0,1.59358,1.61654,3.08678,1.02831,5.2686,0.42336,18.483,0.42336,0,0,442.007,0,1.02816,0,0,2.62174,1.59358,1.028160,1,0,53.6408,0,0,0,53.6408,0
72.289,2.06473,0,0,2.55315,0.126503,0.36288,3.6288,61.308,0.378707,0,0,0.727911,0.282834,0.0663707,0.66528,12.849,1,0.36699,0.36288,0,42.4124,5.4705,36.9378,0.84672,12.849,0.84672,3695.15,0,18.483,0,0.906379,1.61667,2.82813,1.29613,4.05505,0.42336,18.483,0.42336,0,0,442.007,0,1.02816,0,0,1.93454,0.906379,1.028160,1,0,41.0592,0,0,0,41.0592,0
72.1502,2.06488,0,0,2.41543,0.126502,0.36288,3.6288,61.308,0.378814,0,0,0.690803,0.282834,0.0291547,0.66528,12.849,1,0.367021,0.36288,0,42.5495,5.4705,37.0749,0.84672,12.849,0.84672,3695.15,0,18.483,0,0.759171,1.64158,3.01023,1.29613,4.11485,0.42336,18.483,0.42336,0,0,442.007,0,1.02816,0,0,1.78733,0.759171,1.028160,1,0,41.2189,0,0,0,41.2189,0
71.797,2.06384,0,0,2.19988,0.126369,0.36288,3.6288,61.308,0.378922,0,0,0.68027,0.282834,0.0185152,0.66528,12.849,1,0.367542,0.36288,0,41.56,5.4705,36.0848,0.84672,12.849,0.84672,3695.15,0,18.483,0,0.786335,1.6417,2.90368,1.29613,4.03559,0.42336,18.483,0.42336,0,0,442.007,0,1.02816,0,0,1.8145,0.786335,1.028160,1,0,40.1389,0,0,0,40.1389,0
71.2298,2.06092,0,0,1.98266,0.12603,0.36288,3.6288,61.2796,0.379029,0,0,0.633493,0.282834,0,0.66528,12.849,1,0.368829,0.36288,0,38.52,5.4705,33.0435,0.84672,12.849,0.84672,3695.15,0,18.483,0,0.555293,1.64183,2.76466,1.29613,3.66566,0.42336,18.483,0.42336,0,0,442.007,0,1.02816,0,0,1.58345,0.555293,1.028160,1,0,36.7092,0,0,0,36.7092,0
70.3114,2.10409,0,0,1.65612,0.107538,0.36288,3.6288,60.7908,0.650053,0,0,0.476122,0.314933,0,0.66528,12.849,1,0.379553,0.36288,0,31.0382,5.9392,25.0823,0.84672,12.849,0.84672,3695.15,0,18.483,0,0.261274,1.64196,2.14478,1.43412,2.61389,0.42336,18.483,0.42336,0,0,442.007,0,0.791631,0,0,1.0529,0.261274,1.028160,1,0,27.6962,0,0,0,27.6962,0
69.4553,2.09589,0,0,1.69529,0.092674,0.36288,3.6288,60.1813,0.79566,0,0,0.512803,0.326613,0,0.66528,12.849,1,0.383011,0.36288,0,35.6956,6.11016,29.5653,0.84672,12.849,0.84672,3695.15,0,18.483,0,0.261274,1.6816,2.0783,1.48681,2.53436,0.42336,18.483,0.42336,0,0,442.007,0,0.646134,0,0,0.907407,0.261274,1.028160,1,0,32.0996,0,0,0,32.0996,0
68.4728,2.08811,0,0,1.5606,0.0920628,0.36288,3.6288,59.55,0.740733,0,0,0.434744,0.325351,0,0.66528,12.849,1,0.386294,0.36288,0,29.32,6.11016,23.1864,0.84672,12.849,0.84672,3695.15,0,18.483,0,0.261274,1.68172,2.00951,1.48681,2.4657,0.42336,18.483,0.42336,0,0,442.007,0,0.701171,0,0,0.962444,0.261274,1.028160,1,0,25.6521,0,0,0,25.6521,0
67.3686,2.079,0,0,1.42897,0.0913614,0.36288,3.6288,58.7819,0.846701,0,0,0.402662,0.324043,0,0.66528,12.849,1,0.390127,0.36288,0,27.8685,6.11016,21.7311,0.84672,12.849,0.84672,3695.15,0,18.483,0,0.227405,1.68185,1.76634,1.48681,2.1888,0.42336,18.483,0.42336,0,0,442.007,0,0.595313,0,0,0.822718,0.227405,1.028160,1,0,23.9199,0,0,0,23.9199,0
66.0702,2.20666,0,0,1.3623,0.0911575,0.36288,3.6288,58.037,0.854616,0,0,0.430494,0.320743,0,0.66528,12.849,1,0.42087,0.36288,0,25.3924,6.12546,19.2089,0.84672,12.849,0.84672,3695.15,0,18.483,0,0.227405,1.68198,2.13151,1.48053,2.56037,0.42336,18.483,0.42336,0,0,442.007,0,0.711668,0,0,0.939073,0.227405,1.028160,1,0,21.7693,0,0,0,21.7693,0
64.0053,2.19315,0,0,0.617579,0.126385,0.36288,3.6288,56.8851,1.12934,0,0,0.268645,0.291247,0,0.66528,12.849,1,0.426513,0.36288,0,14.1666,5.69384,8.40911,0.84672,12.849,0.84672,3695.15,0,18.483,0,0.227405,1.81597,1.37681,1.33827,2.08191,0.42336,18.483,0.42336,0,0,442.007,0,0.437063,0,0,0.664468,0.227405,1.028160,1,0,10.491,0,0,0,10.491,0
62.2648,2.17079,0,0,0.926951,0.133848,0.36288,3.6288,55.9198,0.998158,0,0,0.319876,0.286996,0,0.66528,12.849,1,0.435783,0.36288,0,20.9193,5.63447,15.212,0.84672,12.849,0.84672,3695.15,0,18.483,0,0.227405,1.8161,1.46315,1.33098,2.17567,0.42336,18.483,0.42336,0,0,442.007,0,0.568365,0,0,0.79577,0.227405,1.028160,1,0,17.3876,0,0,0,17.3876,0
60.9096,2.15119,0,0,1.30524,0.14638,0.36288,3.6288,55.1164,0.937547,0,0,0.410573,0.276403,0,0.66528,12.849,1,0.443921,0.36288,0,27.3051,5.6388,21.5852,0.84672,12.849,0.84672,3695.15,0,18.483,0,0.204422,1.81624,1.61097,1.31072,2.32092,0.42336,18.483,0.42336,0,0,442.007,0,0.629096,0,0,0.833518,0.204422,1.028160,1,0,23.9062,0,0,0,23.9062,0
59.551,2.13545,0,0,1.27773,0.138003,0.36288,3.6288,54.5452,0.72743,0,0,0.428492,0.272257,0,0.66528,12.849,1,0.450478,0.36288,0,25.123,5.75337,19.282,0.84672,12.849,0.84672,3695.15,0,18.483,0,0.204422,1.81638,1.55597,1.30917,2.2676,0.42336,18.483,0.42336,0,0,442.007,0,0.839333,0,0,1.04376,0.204422,1.028160,1,0,21.5496,0,0,0,21.5496,0
57.8448,2.05453,0,0,0.91082,0.199603,0.36288,3.6288,53.5162,0.992811,0,0,0.19821,0.234421,0,0.66528,12.849,1,0.443296,0.36288,0,17.4741,5.26791,12.1257,0.84672,12.849,0.84672,3695.15,0,18.483,0,0.204422,1.81652,1.07031,1.2699,1.82135,0.42336,18.483,0.42336,0,0,442.007,0,0.498681,0,0,0.703103,0.204422,1.028160,1,0,13.9471,0,0,0,13.9471,0
55.9415,2.03401,0,0,0.736197,0.242607,0.36288,3.6288,52.2282,1.2035,0,0,0.120799,0.205297,0,0.66528,12.849,1,0.451812,0.36288,0,16.0154,3.9982,11.9282,0.84672,12.849,0.84672,3695.15,0,18.483,0,0.204422,1.73992,1.07918,0.920036,2.10348,0.42336,18.483,0.42336,0,0,442.007,0,0.288107,0,0,0.492529,0.204422,1.028160,1,0,14.0317,0,0,0,14.0317,0
54.1187,2.01013,0,0,0.801636,0.251403,0.36288,3.6288,51.3207,0.912765,0,0,0.20543,0.200163,0,0.66528,12.849,1,0.4617,0.36288,0,17.1539,3.90915,13.146,0.84672,12.849,0.84672,3695.15,0,18.483,0,0.216518,1.74005,1.51064,0.909114,2.5581,0.42336,18.483,0.42336,0,0,442.007,0,0.578955,0,0,0.795474,0.216518,1.028160,1,0,15.7041,0,0,0,15.7041,0
52.2992,1.98627,0,0,0.776494,0.246843,0.36288,3.6288,50.417,0.910648,0,0,0.205694,0.198701,0,0.66528,12.849,1,0.471585,0.36288,0,16.4543,3.90915,12.4364,0.84672,12.849,0.84672,3695.15,0,18.483,0,0.216518,1.74018,1.38314,0.909114,2.43073,0.42336,18.483,0.42336,0,0,442.007,0,0.581185,0,0,0.797704,0.216518,1.028160,1,0,14.8672,0,0,0,14.8672,0
50.5891,1.91073,0,0,0.823643,0.260146,0.36288,3.6288,49.3743,0.999738,0,0,0.171074,0.214057,0,0.66528,12.849,1,0.469433,0.36288,0,15.6419,3.90267,11.6327,0.84672,12.849,0.84672,3695.15,0,18.483,0,0.216518,1.74032,1.30105,0.944082,2.3138,0.42336,18.483,0.42336,0,0,442.007,0,0.423565,0,0,0.640083,0.216518,1.028160,1,0,13.9465,0,0,0,13.9465,0
48.8094,1.88698,0,0,0.74914,0.278938,0.36288,3.6288,48.0755,1.18897,0,0,0.124559,0.23446,0,0.66528,12.849,1,0.479269,0.36288,0,12.4531,3.89403,8.44267,0.84672,12.849,0.84672,3695.15,0,18.483,0,0.216518,1.67223,1.30067,0.990706,2.19871,0.42336,18.483,0.42336,0,0,442.007,0,0.234444,0,0,0.450962,0.216518,1.028160,1,0,10.6414,0,0,0,10.6414,0
47.3,1.86117,0,0,0.988278,0.273701,0.36288,3.6288,47.6368,0.490182,0,0,0.283438,0.231951,0,0.66528,12.849,1,0.489949,0.36288,0,16.6615,3.89403,12.6404,0.84672,12.849,0.84672,3695.15,0,18.483,0,0.216518,1.67236,2.31193,0.990706,3.2101,0.42336,18.483,0.42336,0,0,442.007,0,0.933338,0,0,1.14986,0.216518,1.028160,1,0,15.8505,0,0,0,15.8505,0
47.5039,1.83837,0,0,2.67442,0.269232,0.36288,3.6288,47.669,0.395469,0,0,0.658804,0.231103,0,0.66528,12.849,1,0.499393,0.36288,0,49.7635,3.89403,45.733,0.84672,12.849,0.84672,3695.15,0,18.483,0,1.04926,1.67249,4.02949,0.990706,5.76053,0.42336,18.483,0.42336,0,0,442.007,0,1.02816,0,0,2.07742,1.04926,1.028160,1,0,51.4935,0,0,0,51.4935,0
46.6222,1.70297,0,0,1.48818,0.303973,0.36288,3.6288,47.3094,0.534097,0,0,0.370828,0.196373,0,0.66528,12.849,1,0.460623,0.36288,0,26.3857,3.42403,22.8639,0.84672,12.849,0.84672,3695.15,0,18.483,0,0.292723,1.67261,2.3932,0.828682,3.52986,0.42336,18.483,0.42336,0,0,442.007,0,0.746631,0,0,1.03935,0.292723,1.028160,1,0,26.3938,0,0,0,26.3938,0
46.267,1.69039,0,0,1.94475,0.246749,0.36288,3.6288,47.1561,0.252665,0,0,0.289129,0.189674,0,0.66528,12.849,1,0.465868,0.36288,0,34.5541,3.93277,30.5184,0.84672,12.849,0.84672,3695.15,0,18.483,0,0.46129,1.51912,2.39854,1.0104,3.36854,0.42336,18.483,0.42336,0,0,442.007,0,1.02816,0,0,1.48945,0.46129,1.028160,1,0,33.8869,0,0,0,33.8869,0
45.5296,1.68532,0,0,1.55664,0.245777,0.36288,3.6288,46.911,0.310227,0,0,0.25454,0.18943,0,0.66528,12.849,1,0.468037,0.36288,0,25.0362,3.93277,20.9983,0.84672,12.849,0.84672,3695.15,0,18.483,0,0.292723,1.51923,2.141,1.0104,2.94255,0.42336,18.483,0.42336,0,0,442.007,0,0.970695,0,0,1.26342,0.292723,1.028160,1,0,23.9408,0,0,0,23.9408,0
44.6031,1.6745,0,0,1.35324,0.242433,0.36288,3.6288,46.6844,0.297503,0,0,0.264253,0.193387,0,0.66528,12.849,1,0.472563,0.36288,0,24.9971,4.09844,20.789,0.84672,12.849,0.84672,3695.15,0,18.483,0,0.412474,1.51935,4.85841,1.04876,5.74148,0.42336,18.483,0.42336,0,0,442.007,0,0.983517,0,0,1.39599,0.412474,1.028160,1,0,26.5304,0,0,0,26.5304,0
44.0139,1.66056,0,0,1.66632,0.232024,0.36288,3.6288,46.4572,0.282939,0,0,0.274786,0.21904,0,0.66528,12.849,1,0.478366,0.36288,0,38.6821,5.0924,33.4742,0.84672,12.849,0.84672,3695.15,0,18.483,0,0.412474,1.51946,4.01014,1.27887,4.6632,0.42336,18.483,0.42336,0,0,442.007,0,0.998179,0,0,1.41065,0.412474,1.028160,1,0,38.1374,0,0,0,38.1374,0
44.1634,1.70331,0,0,2.47543,0.259759,0.36288,3.6288,47.0012,0.294481,0,0,0.987833,0.149316,0,0.66528,12.849,1,0.497246,0.36288,0,76.827,3.49175,73.2009,0.84672,12.849,0.84672,3695.15,0,18.483,0,0.746608,1.51958,7.51535,0.892493,8.88904,0.42336,18.483,0.42336,0,0,442.007,0,1.02816,0,0,1.77477,0.746608,1.028160,1,0,82.0899,0,0,0,82.0899,0
44.2269,1.70583,0,0,2.40409,0.271936,0.36288,3.6288,47.6272,0.294575,0,0,1.04279,0.122196,0,0.66528,12.849,1,0.496297,0.36288,0,51.3835,2.85149,48.3986,0.84672,12.849,0.84672,3695.15,0,18.483,0,0.568953,1.5683,7.06277,0.737942,8.46208,0.42336,18.483,0.42336,0,0,442.007,0,1.02816,0,0,1.59711,0.568953,1.028160,1,0,56.8606,0,0,0,56.8606,0
43.7817,1.70696,0,0,1.89677,0.272133,0.36288,3.6288,47.9998,0.428346,0,0,0.923763,0.122839,0,0.66528,12.849,1,0.495916,0.36288,0,32.7352,2.85149,29.7507,0.84672,12.849,0.84672,3695.15,0,18.483,0,0.503194,1.56841,6.01054,0.737942,7.3442,0.42336,18.483,0.42336,0,0,442.007,0,0.894482,0,0,1.39768,0.503194,1.028160,1,0,37.0949,0,0,0,37.0949,0
43.3457,1.69992,0,0,1.92233,0.295474,0.36288,3.6288,48.3229,0.449625,0,0,0.885358,0.112644,0,0.66528,12.849,1,0.49889,0.36288,0,36.3677,3.16795,33.0638,0.84672,12.849,0.84672,3695.15,0,18.483,0,0.503194,1.56852,6.14477,0.750444,7.46604,0.42336,18.483,0.42336,0,0,442.007,0,0.873297,0,0,1.37649,0.503194,1.028160,1,0,40.5298,0,0,0,40.5298,0
43.4281,1.85806,0,0,2.61051,0.307224,0.36288,3.6288,48.8294,0.450414,0,0,1.06347,0.106607,0,0.66528,12.849,1,0.550786,0.36288,0,45.7746,3.55394,42.0328,0.84672,12.849,0.84672,3695.15,0,18.483,0,0.693775,1.56863,7.57624,0.855724,8.98293,0.42336,18.483,0.42336,0,0,442.007,0,1.02816,0,0,1.72193,0.693775,1.028160,1,0,51.0157,0,0,0,51.0157,0
45.067,1.85967,0,0,4.15271,0.291166,0.36288,3.6288,49.823,0.450519,0,0,1.54242,0.0982256,0,0.66528,12.849,1,0.550219,0.36288,0,81.9107,3.50721,78.2161,0.84672,12.849,0.84672,3695.15,0,18.483,0,1.14991,1.74224,11.4925,0.827331,13.5573,0.42336,18.483,0.42336,0,0,442.007,0,1.02816,0,0,2.17807,1.14991,1.028160,1,0,91.7734,0,0,0,91.7734,0
45.8255,1.88859,0,0,3.30657,0.296647,0.36288,3.6288,50.4903,0.450624,0,0,1.21692,0.0990333,0,0.66528,12.849,1,0.538453,0.36288,0,82.8049,3.50721,79.1221,0.84672,12.849,0.84672,3695.15,0,18.483,0,0.723989,1.74236,9.67257,0.827331,11.3116,0.42336,18.483,0.42336,0,0,442.007,0,1.02816,0,0,1.75215,0.723989,1.028160,1,0,90.4337,0,0,0,90.4337,0
46.7571,1.90163,0,0,3.49529,0.299184,0.36288,3.6288,51.5458,0.450729,0,0,1.60585,0.0995757,0,0.66528,12.849,1,0.533198,0.36288,0,80.1204,3.50721,76.4429,0.84672,12.849,0.84672,3695.15,0,18.483,0,1.17825,1.74249,10.9244,0.827331,13.0178,0.42336,18.483,0.42336,0,0,442.007,0,1.02816,0,0,2.20641,1.17825,1.028160,1,0,89.4607,0,0,0,89.4607,0
48.1973,1.67425,0,0,3.73874,0.261361,0.36288,3.6288,52.3084,0.242013,0,0,1.19432,0.189781,0,0.66528,12.849,1,0.460089,0.36288,0,87.0788,3.98669,82.9949,0.84672,12.849,0.84672,3695.15,0,18.483,0,0.684089,1.74261,10.1379,1.1106,11.454,0.42336,18.483,0.42336,0,0,442.007,0,1.02816,0,0,1.71225,0.684089,1.028160,1,0,94.4489,0,0,0,94.4489,0
51.6772,1.69469,0,0,5.80101,0.263637,0.36288,3.6288,54.716,0.242103,0,0,2.85169,0.201964,0,0.66528,12.849,1,0.451789,0.36288,0,161.006,4.25004,156.667,0.84672,12.849,0.84672,3695.15,0,18.483,0,1.89937,1.50534,19.5246,1.07959,21.8497,0.42336,18.483,0.42336,0,0,442.007,0,1.02816,0,0,2.92753,1.89937,1.028160,1,0,178.516,0,0,0,178.516,0
54.4764,1.74099,0,0,5.18427,0.28116,0.36288,3.6288,57.6015,0.242193,0,0,3.30174,0.174079,0,0.66528,12.849,1,0.432881,0.36288,0,206.756,3.71238,202.974,0.84672,12.849,0.84672,3695.15,0,18.483,0,1.74131,1.50544,16.5829,0.921721,18.908,0.42336,18.483,0.42336,0,0,442.007,0,1.02816,0,0,2.76947,1.74131,1.028160,1,0,221.882,0,0,0,221.882,0
57.9078,1.77556,0,0,5.85915,0.289337,0.36288,3.6288,60.506,0.242283,0,0,3.32421,0.177392,0,0.66528,12.849,1,0.418789,0.36288,0,162.126,3.71238,158.358,0.84672,12.849,0.84672,3695.15,0,18.483,0,2.99632,1.50555,19.2307,0.921721,22.8109,0.42336,18.483,0.42336,0,0,442.007,0,1.02816,0,0,4.02448,2.99632,1.028160,1,0,181.169,0,0,0,181.169,0
66.2837,1.81495,0,0,10.8531,0.299361,0.36288,3.6288,61.308,0.242373,0,0,6.13333,0.180727,4.90823,0.66528,12.849,1,0.402715,0.36288,0,176.39,3.71238,172.638,0.84672,12.849,0.84672,3695.15,0,18.483,0,3.8635,1.50566,27.4784,0.921721,31.9258,0.42336,18.483,0.42336,0,0,442.007,0,1.02816,0,0,4.89166,3.8635,1.028160,1,0,209.472,0,0,0,209.472,0
70.0887,1.96874,0,0,6.41369,0.277094,0.36288,3.6288,61.308,0.293567,0,0,6.18875,0.202788,5.6924,0.66528,12.849,1,0.381638,0.36288,0,124.016,4.25618,119.741,0.84672,12.849,0.84672,3695.15,0,18.483,0,3.47691,1.50576,18.4034,1.12032,22.2657,0.42336,18.483,0.42336,0,0,442.007,0,1.02816,0,0,4.50507,3.47691,1.028160,1,0,147.699,0,0,0,147.699,0
71.9819,2.0038,0,0,4.53743,0.277519,0.36288,3.6288,61.308,0.29366,0,0,2.66566,0.219558,2.15245,0.66528,12.849,1,0.367347,0.36288,0,140.71,4.40758,136.298,0.84672,12.849,0.84672,3695.15,0,18.483,0,1.55014,1.56451,10.7683,1.17533,12.7076,0.42336,18.483,0.42336,0,0,442.007,0,1.02816,0,0,2.5783,1.55014,1.028160,1,0,151.158,0,0,0,151.158,0
72.29,2.02036,0,0,3.95029,0.281573,1.34026,3.6288,61.308,0.293754,0,0,2.01141,0.219558,1.4981,0.66528,12.849,1,0.36064,1.34026,0,96.457,4.40758,93.029,0.84672,12.849,0.84672,3695.15,0,18.483,0,0.994706,1.56462,7.19755,1.17533,8.58155,0.42336,18.483,0.42336,0,0,442.007,0,1.02816,0,0,2.02287,0.994706,1.028160,1,0,103.109,0,0,0,103.109,0
72.29,2.02312,0,0,3.68062,0.232153,1.42535,3.6288,61.308,0.293848,0,0,1.77641,0.252433,1.23013,0.66528,12.849,1,0.359594,1.42535,0,103.645,5.05541,99.6549,0.84672,12.849,0.84672,3695.15,0,18.483,0,0.69889,1.56473,6.48086,1.29482,7.44966,0.42336,18.483,0.42336,0,0,442.007,0,1.02816,0,0,1.72705,0.69889,1.028160,1,0,108.335,0,0,0,108.335,0
72.29,1.99537,0,0,3.18804,0.21197,0.980694,3.6288,61.308,0.274088,0,0,1.57689,0.222572,1.08023,0.66528,12.849,1,0.354663,0.980694,0,80.3252,4.06897,76.8823,0.84672,12.849,0.84672,3695.15,0,18.483,0,0.754488,1.56484,5.73973,1.1696,6.88946,0.42336,18.483,0.42336,0,0,442.007,0,1.02816,0,0,1.78265,0.754488,1.028160,1,0,84.852,0,0,0,84.852,0
72.29,1.99552,0,0,2.92072,0.203094,0.722108,3.6288,61.308,0.27418,0,0,1.54996,0.196067,1.07971,0.66528,12.849,1,0.354688,0.722108,0,74.247,3.24817,71.3662,0.84672,12.849,0.84672,3695.15,0,18.483,0,0.925543,1.54212,5.69299,1.06075,7.0999,0.42336,18.483,0.42336,0,0,442.007,0,1.02816,0,0,1.9537,0.925543,1.028160,1,0,79.5458,0,0,0,79.5458,0
72.29,1.99566,0,0,3.17586,0.203094,0.977105,3.6288,61.308,0.274272,0,0,1.336,0.196067,0.865664,0.66528,12.849,1,0.354713,0.977105,0,76.604,3.24817,73.9782,0.84672,12.849,0.84672,3695.15,0,18.483,0,0.641857,1.54223,6.97623,1.06075,8.09957,0.42336,18.483,0.42336,0,0,442.007,0,1.02816,0,0,1.67002,0.641857,1.028160,1,0,82.9434,0,0,0,82.9434,0
72.29,1.9958,0,0,2.86558,0.160519,0.709259,3.6288,61.308,0.274365,0,0,1.30782,0.216837,0.816618,0.66528,12.849,1,0.354738,0.709259,0,69.4695,4.88565,64.9384,0.84672,12.849,0.84672,3695.15,0,18.483,0,0.713742,1.54234,5.87154,1.12531,7.00231,0.42336,18.483,0.42336,0,0,442.007,0,1.02816,0,0,1.7419,0.713742,1.028160,1,0,72.7573,0,0,0,72.7573,0
72.1991,2.09062,0,0,2.46094,0.0983025,0.36288,3.6288,61.308,0.344883,0,0,1.19899,0.2417,0.612406,0.66528,12.849,1,0.371592,0.36288,0,45.6524,5.21783,40.4258,0.84672,12.849,0.84672,3695.15,0,18.483,0,0.523878,1.54245,5.22989,1.28381,6.0124,0.42336,18.483,0.42336,0,0,442.007,0,1.02816,0,0,1.55204,0.523878,1.028160,1,0,47.0507,0,0,0,47.0507,0
71.7798,2.08997,0,0,2.15805,0.124537,0.36288,3.6288,61.308,0.344981,0,0,0.919486,0.268067,0.306438,0.66528,12.849,1,0.371945,0.36288,0,44.3925,5.12243,39.261,0.84672,12.849,0.84672,3695.15,0,18.483,0,0.417407,1.6224,4.35354,1.34745,5.0459,0.42336,18.483,0.42336,0,0,442.007,0,1.02816,0,0,1.44557,0.417407,1.028160,1,0,44.6133,0,0,0,44.6133,0
71.132,2.08643,0,0,1.92565,0.12414,0.36288,3.6288,61.308,0.450425,0,0,0.858047,0.268067,0.139554,0.66528,12.849,1,0.373484,0.36288,0,40.9312,5.12243,35.7982,0.84672,12.849,0.84672,3695.15,0,18.483,0,0.402797,1.62252,3.91853,1.34745,4.5964,0.42336,18.483,0.42336,0,0,442.007,0,0.922813,0,0,1.32561,0.402797,1.028160,1,0,40.5341,0,0,0,40.5341,0
70.4536,2.08082,0,0,1.88885,0.123528,0.36288,3.6288,61.308,0.483675,0,0,0.794267,0.268067,0.0425249,0.66528,12.849,1,0.375872,0.36288,0,38.4337,5.12243,33.2983,0.84672,12.849,0.84672,3695.15,0,18.483,0,0.30119,1.62263,3.61648,1.34745,4.19285,0.42336,18.483,0.42336,0,0,442.007,0,0.889661,0,0,1.19085,0.30119,1.028160,1,0,37.5337,0,0,0,37.5337,0
69.5483,2.07486,0,0,1.64826,0.115788,0.36288,3.6288,61.2111,0.562413,0,0,0.738262,0.272789,0,0.66528,12.849,1,0.378404,0.36288,0,34.3518,5.17597,29.1603,0.84672,12.849,0.84672,3695.15,0,18.483,0,0.30119,1.62275,3.49786,1.36113,4.06067,0.42336,18.483,0.42336,0,0,442.007,0,0.81102,0,0,1.11221,0.30119,1.028160,1,0,33.2209,0,0,0,33.2209,0
68.8283,2.04822,0,0,1.79764,0.106529,0.36288,3.6288,61.308,0.384091,0,0,0.908306,0.20921,0.218064,0.66528,12.849,1,0.378407,0.36288,0,42.2313,4.46561,37.7502,0.84672,12.849,0.84672,3695.15,0,18.483,0,0.975007,1.62286,4.89613,1.12971,6.36429,0.42336,18.483,0.42336,0,0,442.007,0,1.02816,0,0,2.00317,0.975007,1.028160,1,0,44.3325,0,0,0,44.3325,0
67.9831,2.04173,0,0,1.67095,0.111543,0.36288,3.6288,61.308,0.384191,0,0,0.905887,0.194042,0.327653,0.66528,12.849,1,0.381154,0.36288,0,43.0001,4.29366,38.6881,0.84672,12.849,0.84672,3695.15,0,18.483,0,1.03308,1.64786,4.90688,1.07746,6.51036,0.42336,18.483,0.42336,0,0,442.007,0,1.02816,0,0,2.06124,1.03308,1.028160,1,0,45.5261,0,0,0,45.5261,0
67.0015,2.03396,0,0,1.52141,0.106204,0.36288,3.6288,61.308,0.384291,0,0,0.856699,0.205011,0.267397,0.66528,12.849,1,0.384425,0.36288,0,37.8529,4.43481,33.3965,0.84672,12.849,0.84672,3695.15,0,18.483,0,0.836188,1.64798,4.76251,1.12898,6.11769,0.42336,18.483,0.42336,0,0,442.007,0,1.02816,0,0,1.86435,0.836188,1.028160,1,0,39.7816,0,0,0,39.7816,0
65.9803,2.02475,0,0,1.44443,0.077971,0.36288,3.6288,61.308,0.384392,0,0,0.802535,0.270825,0.147318,0.66528,12.849,1,0.38829,0.36288,0,34.1404,5.28171,28.8333,0.84672,12.849,0.84672,3695.15,0,18.483,0,0.861728,1.6481,4.54141,1.43812,5.61312,0.42336,18.483,0.42336,0,0,442.007,0,1.02816,0,0,1.88989,0.861728,1.028160,1,0,34.5938,0,0,0,34.5938,0
64.8824,2.06198,0,0,1.40857,0.0816803,0.36288,3.6288,61.308,0.419011,0,0,0.729778,0.287027,0.0237404,0.66528,12.849,1,0.40155,0.36288,0,32.9587,5.49276,27.4273,0.84672,12.849,0.84672,3695.15,0,18.483,0,0.846236,1.64821,4.0578,1.47879,5.07346,0.42336,18.483,0.42336,0,0,442.007,0,1.02816,0,0,1.8744,0.846236,1.028160,1,0,32.5245,0,0,0,32.5245,0
63.7527,2.05095,0,0,1.3709,0.0867,0.36288,3.6288,61.2118,0.419113,0,0,0.631587,0.308628,0,0.66528,12.849,1,0.406161,0.36288,0,31.608,5.77416,25.7905,0.84672,12.849,0.84672,3695.15,0,18.483,0,0.698872,1.688,3.50696,1.53302,4.3608,0.42336,18.483,0.42336,0,0,442.007,0,1.02816,0,0,1.72703,0.698872,1.028160,1,0,30.1513,0,0,0,30.1513,0
62.518,2.03933,0,0,1.2534,0.0859126,0.36288,3.6288,61.0943,0.419216,0,0,0.6101,0.30844,0,0.66528,12.849,1,0.411016,0.36288,0,29.6832,5.77416,23.8609,0.84672,12.849,0.84672,3695.15,0,18.483,0,0.563095,1.68812,3.3414,1.53302,4.05959,0.42336,18.483,0.42336,0,0,442.007,0,1.02816,0,0,1.59125,0.563095,1.028160,1,0,27.9205,0,0,0,27.9205,0
61.1345,2.02629,0,0,1.07557,0.0698662,0.36288,3.6288,60.968,0.419318,0,0,0.607604,0.314565,0,0.66528,12.849,1,0.416453,0.36288,0,28.3138,6.03347,22.2268,0.84672,12.849,0.84672,3695.15,0,18.483,0,0.547517,1.68824,3.3202,1.5483,4.00765,0.42336,18.483,0.42336,0,0,442.007,0,1.02816,0,0,1.57568,0.547517,1.028160,1,0,26.2344,0,0,0,26.2344,0
59.479,2.14556,0,0,0.931565,0.0786494,0.36288,3.6288,60.6943,0.544051,0,0,0.573394,0.303048,0,0.66528,12.849,1,0.450945,0.36288,0,26.2691,5.89659,20.2845,0.84672,12.849,0.84672,3695.15,0,18.483,0,0.504835,1.68835,3.192,1.42961,3.95558,0.42336,18.483,0.42336,0,0,442.007,0,1.02816,0,0,1.533,0.504835,1.028160,1,0,24.2401,0,0,0,24.2401,0
57.9938,2.12566,0,0,1.1044,0.101095,0.36288,3.6288,60.3673,0.544163,0,0,0.543854,0.326707,0,0.66528,12.849,1,0.459198,0.36288,0,27.6387,6.14838,21.394,0.84672,12.849,0.84672,3695.15,0,18.483,0,0.642963,1.82284,3.40284,1.61581,4.25283,0.42336,18.483,0.42336,0,0,442.007,0,1.02816,0,0,1.67112,0.642963,1.028160,1,0,25.6468,0,0,0,25.6468,0
56.6361,2.10719,0,0,1.21203,0.0996522,0.36288,3.6288,60.1686,0.544274,0,0,0.671574,0.326029,0,0.66528,12.849,1,0.466866,0.36288,0,35.5455,6.14838,29.2931,0.84672,12.849,0.84672,3695.15,0,18.483,0,1.04807,1.82297,3.7121,1.61581,4.96732,0.42336,18.483,0.42336,0,0,442.007,0,1.02816,0,0,2.07623,1.04807,1.028160,1,0,34.2604,0,0,0,34.2604,0
55.0588,2.08977,0,0,0.973693,0.098333,0.36288,3.6288,59.7843,0.544386,0,0,0.485746,0.325617,0,0.66528,12.849,1,0.474106,0.36288,0,34.7337,6.14838,28.4741,0.84672,12.849,0.84672,3695.15,0,18.483,0,0.413251,1.8231,2.97997,1.61581,3.60051,0.42336,18.483,0.42336,0,0,442.007,0,1.02816,0,0,1.44141,0.413251,1.028160,1,0,32.0746,0,0,0,32.0746,0
53.7429,2.06881,0,0,1.21262,0.0968004,0.36288,3.6288,59.7452,0.544497,0,0,0.830226,0.32482,0,0.66528,12.849,1,0.482796,0.36288,0,31.7226,6.14838,25.4543,0.84672,12.849,0.84672,3695.15,0,18.483,0,1.69846,1.82322,4.60768,1.61581,6.51355,0.42336,18.483,0.42336,0,0,442.007,0,1.02816,0,0,2.72662,1.69846,1.028160,1,0,31.9679,0,0,0,31.9679,0
52.2729,1.98818,0,0,1.01828,0.13728,0.36288,3.6288,59.5918,0.468936,0,0,0.572774,0.257211,0,0.66528,12.849,1,0.475339,0.36288,0,26.1032,4.91931,21.0714,0.84672,12.849,0.84672,3695.15,0,18.483,0,0.84361,1.82335,3.70258,1.397,4.97254,0.42336,18.483,0.42336,0,0,442.007,0,1.02816,0,0,1.87177,0.84361,1.028160,1,0,26.0439,0,0,0,26.0439,0
50.7483,1.96794,0,0,0.956465,0.150191,0.36288,3.6288,59.7011,0.469042,0,0,0.817788,0.239522,0,0.66528,12.849,1,0.483731,0.36288,0,21.6458,4.68646,16.8385,0.84672,12.849,0.84672,3695.15,0,18.483,0,2.11187,1.74646,4.0058,1.41021,6.45391,0.42336,18.483,0.42336,0,0,442.007,0,1.02816,0,0,3.14003,2.11187,1.028160,1,0,23.2924,0,0,0,23.2924,0
49.1354,1.94616,0,0,0.843947,0.147827,0.36288,3.6288,59.4668,0.469148,0,0,0.474612,0.23969,0,0.66528,12.849,1,0.492751,0.36288,0,22.1718,4.68646,17.3555,0.84672,12.849,0.84672,3695.15,0,18.483,0,0.943203,1.74658,3.07684,1.41021,4.35641,0.42336,18.483,0.42336,0,0,442.007,0,1.02816,0,0,1.97136,0.943203,1.028160,1,0,21.7119,0,0,0,21.7119,0
47.4024,1.92222,0,0,0.697395,0.14532,0.36288,3.6288,59.1764,0.469255,0,0,0.418125,0.239331,0,0.66528,12.849,1,0.502663,0.36288,0,20.4712,4.68646,15.6449,0.84672,12.849,0.84672,3695.15,0,18.483,0,0.724732,1.7467,2.84939,1.41021,3.91062,0.42336,18.483,0.42336,0,0,442.007,0,1.02816,0,0,1.75289,0.724732,1.028160,1,0,19.5556,0,0,0,19.5556,0
46.0753,1.84641,0,0,1.09099,0.208744,0.36288,3.6288,59.1038,0.40046,0,0,0.518372,0.190509,0,0.66528,12.849,1,0.500492,0.36288,0,26.1742,4.05166,21.9849,0.84672,12.849,0.84672,3695.15,0,18.483,0,0.701438,1.74683,3.2967,1.09464,4.65032,0.42336,18.483,0.42336,0,0,442.007,0,1.02816,0,0,1.7296,0.701438,1.028160,1,0,26.6352,0,0,0,26.6352,0
44.489,1.82562,0,0,0.808963,0.206776,0.36288,3.6288,58.3392,0.853453,0,0,0.315427,0.226507,0,0.66528,12.849,1,0.509108,0.36288,0,23.7157,4.64478,18.9247,0.84672,12.849,0.84672,3695.15,0,18.483,0,0.216518,1.67848,2.74254,0.987146,3.65039,0.42336,18.483,0.42336,0,0,442.007,0,0.575269,0,0,0.791787,0.216518,1.028160,1,0,22.5751,0,0,0,22.5751,0
43.0675,1.79977,0,0,0.944257,0.20312,0.36288,3.6288,58.3317,0.400663,0,0,0.618548,0.225397,0,0.66528,12.849,1,0.519796,0.36288,0,27.6049,4.64478,22.8032,0.84672,12.849,0.84672,3695.15,0,18.483,0,0.803036,1.6786,4.3544,0.987146,5.84888,0.42336,18.483,0.42336,0,0,442.007,0,1.02816,0,0,1.8312,0.803036,1.028160,1,0,28.6521,0,0,0,28.6521,0
43.2491,1.77568,0,0,2.51999,0.199844,0.36288,3.6288,59.2204,0.400764,0,0,1.51478,0.225386,0,0.66528,12.849,1,0.529766,0.36288,0,81.1286,4.64478,76.317,0.84672,12.849,0.84672,3695.15,0,18.483,0,2.39801,1.67872,8.22094,0.987146,11.3105,0.42336,18.483,0.42336,0,0,442.007,0,1.02816,0,0,3.42617,2.39801,1.028160,1,0,87.6275,0,0,0,87.6275,0
42.4716,1.64497,0,0,1.46593,0.235622,0.36288,3.6288,59.6905,0.257324,0,0,0.922579,0.19515,0,0.66528,12.849,1,0.48871,0.36288,0,45.2304,4.16925,40.9353,0.84672,12.849,0.84672,3695.15,0,18.483,0,0.544985,1.67884,4.95579,0.822309,6.3573,0.42336,18.483,0.42336,0,0,442.007,0,1.02816,0,0,1.57315,0.544985,1.028160,1,0,47.2926,0,0,0,47.2926,0
41.9135,1.63253,0,0,1.67265,0.235256,0.36288,3.6288,60.4336,0.257416,0,0,1.20963,0.209091,0,0.66528,12.849,1,0.493894,0.36288,0,104.29,4.44223,99.7167,0.84672,12.849,0.84672,3695.15,0,18.483,0,1.40804,1.52476,6.36479,1.12846,8.16914,0.42336,18.483,0.42336,0,0,442.007,0,1.02816,0,0,2.4362,1.40804,1.028160,1,0,107.886,0,0,0,107.886,0
42.2876,1.62347,0,0,2.59412,0.233732,0.36288,3.6288,61.308,0.257507,0,0,1.53128,0.210083,0.189288,0.66528,12.849,1,0.497692,0.36288,0,90.015,4.44223,85.4379,0.84672,12.849,0.84672,3695.15,0,18.483,0,2.46714,1.52487,7.43988,1.12846,10.3034,0.42336,18.483,0.42336,0,0,442.007,0,1.02816,0,0,3.4953,2.46714,1.028160,1,0,95.9306,0,0,0,95.9306,0
43.2393,1.62976,0,0,3.17915,0.234754,0.36288,3.6288,61.308,0.257598,0,0,1.46278,0.211251,0.993929,0.66528,12.849,1,0.495198,0.36288,0,114.049,4.44223,109.474,0.84672,12.849,0.84672,3695.15,0,18.483,0,2.32934,1.52498,7.64873,1.12846,10.3746,0.42336,18.483,0.42336,0,0,442.007,0,1.02816,0,0,3.3575,2.32934,1.028160,1,0,120.843,0,0,0,120.843,0
45.4544,1.64528,0,0,4.47377,0.250544,0.36288,3.6288,61.308,0.257689,0,0,2.09186,0.198249,1.63592,0.66528,12.849,1,0.488913,0.36288,0,118.924,3.58308,115.214,0.84672,12.849,0.84672,3695.15,0,18.483,0,2.01444,1.52508,9.28964,1.06917,11.76,0.42336,18.483,0.42336,0,0,442.007,0,1.02816,0,0,3.0426,2.01444,1.028160,1,0,128.61,0,0,0,128.61,0
46.5946,1.67968,0,0,3.4348,0.252037,0.36288,3.6288,61.308,0.257689,0,0,2.66071,0.162123,2.2409,0.66528,12.849,1,0.474809,0.36288,0,124.347,3.07747,121.157,0.84672,12.849,0.84672,3695.15,0,18.483,0,2.56748,1.52519,12.9803,0.912405,16.1606,0.42336,18.483,0.42336,0,0,442.007,0,1.02816,0,0,3.59564,2.56748,1.028160,1,0,139.559,0,0,0,139.559,0
46.186,1.74989,0,0,1.94542,0.241196,0.36288,3.6288,61.308,0.299358,0,0,2.30341,0.13947,1.86458,0.66528,12.849,1,0.482552,0.36288,0,68.4695,2.82975,65.5201,0.84672,12.849,0.84672,3695.15,0,18.483,0,2.07189,1.52519,9.0345,0.784375,11.8472,0.42336,18.483,0.42336,0,0,442.007,0,1.02816,0,0,3.10005,2.07189,1.028160,1,0,79.2319,0,0,0,79.2319,0
45.7023,1.7438,0,0,1.86304,0.240104,0.36288,3.6288,61.308,0.299445,0,0,1.99682,0.13947,1.5579,0.66528,12.849,1,0.485127,0.36288,0,50.3926,2.82975,47.4406,0.84672,12.849,0.84672,3695.15,0,18.483,0,1.58355,1.57408,8.20705,0.784375,10.5803,0.42336,18.483,0.42336,0,0,442.007,0,1.02816,0,0,2.61171,1.58355,1.028160,1,0,59.5788,0,0,0,59.5788,0
45.7,1.73649,0,0,2.35218,0.255141,0.36288,3.6288,61.308,0.299532,0,0,2.32858,0.129563,1.89948,0.66528,12.849,1,0.488206,0.36288,0,84.2011,2.97699,81.0988,0.84672,12.849,0.84672,3695.15,0,18.483,0,2.03793,1.57419,9.94084,0.751849,12.8011,0.42336,18.483,0.42336,0,0,442.007,0,1.02816,0,0,3.06609,2.03793,1.028160,1,0,95.7994,0,0,0,95.7994,0
45.8279,1.73657,0,0,2.47883,0.251418,0.36288,3.6288,61.308,0.299619,0,0,2.19687,0.157484,1.73976,0.66528,12.849,1,0.488252,0.36288,0,75.4361,3.05439,72.2563,0.84672,12.849,0.84672,3695.15,0,18.483,0,1.67413,1.57429,9.67248,0.934335,11.9866,0.42336,18.483,0.42336,0,0,442.007,0,1.02816,0,0,2.70229,1.67413,1.028160,1,0,85.9827,0,0,0,85.9827,0
47.2035,1.90824,0,0,3.88133,0.234673,0.36288,3.6288,61.308,0.455835,0,0,2.68151,0.158243,2.06743,0.66528,12.849,1,0.535022,0.36288,0,108.409,3.17373,105.063,0.84672,12.849,0.84672,3695.15,0,18.483,0,1.94984,1.57439,15.5853,0.904277,18.2052,0.42336,18.483,0.42336,0,0,442.007,0,1.02816,0,0,2.978,1.94984,1.028160,1,0,125.335,0,0,0,125.335,0
48.8014,1.93122,0,0,4.13027,0.238281,0.36288,3.6288,61.308,0.455933,0,0,2.65358,0.158243,2.0394,0.66528,12.849,1,0.525685,0.36288,0,95.0789,3.17373,91.7423,0.84672,12.849,0.84672,3695.15,0,18.483,0,1.95972,1.74863,10.7684,0.904277,13.5725,0.42336,18.483,0.42336,0,0,442.007,0,1.02816,0,0,2.98788,1.95972,1.028160,1,0,107.354,0,0,0,107.354,0
50.0319,1.9569,0,0,3.79276,0.242472,0.36288,3.6288,61.308,0.45603,0,0,2.56036,0.158243,1.94609,0.66528,12.849,1,0.515237,0.36288,0,93.7138,3.17373,90.3877,0.84672,12.849,0.84672,3695.15,0,18.483,0,1.8088,1.74874,9.97713,0.904277,12.6304,0.42336,18.483,0.42336,0,0,442.007,0,1.02816,0,0,2.83696,1.8088,1.028160,1,0,104.964,0,0,0,104.964,0
51.1716,1.97604,0,0,3.71477,0.236148,0.36288,3.6288,61.308,0.456127,0,0,2.6869,0.185575,2.0452,0.66528,12.849,1,0.507478,0.36288,0,95.1938,3.99494,91.0543,0.84672,12.849,0.84672,3695.15,0,18.483,0,1.90666,1.74886,10.1968,1.18167,12.6706,0.42336,18.483,0.42336,0,0,442.007,0,1.02816,0,0,2.93482,1.90666,1.028160,1,0,105.77,0,0,0,105.77,0
52.9749,1.7406,0,0,4.17849,0.27169,0.36288,3.6288,61.308,0.246643,0,0,2.50803,0.19409,2.06729,0.66528,12.849,1,0.437059,0.36288,0,145.568,3.44726,142.047,0.84672,12.849,0.84672,3695.15,0,18.483,0,2.07954,1.74897,10.4484,1.01885,13.2581,0.42336,18.483,0.42336,0,0,442.007,0,1.02816,0,0,3.1077,2.07954,1.028160,1,0,157.372,0,0,0,157.372,0
55.1678,1.76351,0,0,4.59614,0.276808,0.36288,3.6288,61.308,0.246727,0,0,2.34343,0.19409,1.90261,0.66528,12.849,1,0.427738,0.36288,0,148.287,3.44726,144.774,0.84672,12.849,0.84672,3695.15,0,18.483,0,2.27988,1.51082,9.774,1.01885,12.5459,0.42336,18.483,0.42336,0,0,442.007,0,1.02816,0,0,3.30804,2.27988,1.028160,1,0,159.223,0,0,0,159.223,0
58.0427,1.79007,0,0,5.31089,0.283031,0.36288,3.6288,61.308,0.24681,0,0,3.5642,0.19409,3.1233,0.66528,12.849,1,0.416922,0.36288,0,185.23,3.44726,181.728,0.84672,12.849,0.84672,3695.15,0,18.483,0,2.67601,1.51092,14.8008,1.01885,17.9689,0.42336,18.483,0.42336,0,0,442.007,0,1.02816,0,0,3.70417,2.67601,1.028160,1,0,202.82,0,0,0,202.82,0
60.1562,1.8229,0,0,4.56446,0.265225,0.36288,3.6288,61.308,0.246894,0,0,2.57245,0.235305,2.09025,0.66528,12.849,1,0.403537,0.36288,0,104.084,4.6263,99.4174,0.84672,12.849,0.84672,3695.15,0,18.483,0,1.96993,1.51102,10.0156,1.18739,12.3091,0.42336,18.483,0.42336,0,0,442.007,0,1.02816,0,0,2.99809,1.96993,1.028160,1,0,113.817,0,0,0,113.817,0
63.9821,1.84575,0,0,6.30018,0.265674,0.36288,3.6288,61.308,0.246978,0,0,4.35038,0.210832,3.89257,0.66528,12.849,1,0.394241,0.36288,0,212.929,4.6827,208.215,0.84672,12.849,0.84672,3695.15,0,18.483,0,3.91302,1.51112,16.115,1.17606,20.3631,0.42336,18.483,0.42336,0,0,442.007,0,1.02816,0,0,4.94118,3.91302,1.028160,1,0,232.471,0,0,0,232.471,0
67.8185,1.95332,0,0,6.4248,0.272148,0.36288,3.6288,61.308,0.298349,0,0,3.56045,0.201042,3.06106,0.66528,12.849,1,0.392268,0.36288,0,162.867,4.70526,158.132,0.84672,12.849,0.84672,3695.15,0,18.483,0,3.47553,1.51122,14.8831,1.17152,18.6983,0.42336,18.483,0.42336,0,0,442.007,0,1.02816,0,0,4.50369,3.47553,1.028160,1,0,179.891,0,0,0,179.891,0
69.4031,1.99046,0,0,4.21851,0.280603,0.36288,3.6288,61.308,0.298436,0,0,2.66736,0.201042,2.16788,0.66528,12.849,1,0.377115,0.36288,0,104.744,4.70526,100.024,0.84672,12.849,0.84672,3695.15,0,18.483,0,2.51098,1.57017,11.3117,1.17152,14.2213,0.42336,18.483,0.42336,0,0,442.007,0,1.02816,0,0,3.53914,2.51098,1.028160,1,0,116.413,0,0,0,116.413,0
70.3885,2.00505,0,0,3.63747,0.284096,0.36288,3.6288,61.308,0.298524,0,0,2.44884,0.201042,1.94928,0.66528,12.849,1,0.371207,0.36288,0,89.7031,4.70526,84.9895,0.84672,12.849,0.84672,3695.15,0,18.483,0,2.52898,1.57027,10.2249,1.17152,13.1526,0.42336,18.483,0.42336,0,0,442.007,0,1.02816,0,0,3.55714,2.52898,1.028160,1,0,100.091,0,0,0,100.091,0
70.929,2.01396,0,0,3.18514,0.267869,0.36288,3.6288,61.308,0.298611,0,0,2.05287,0.19532,1.55894,0.66528,12.849,1,0.367635,0.36288,0,77.9052,4.13417,73.7662,0.84672,12.849,0.84672,3695.15,0,18.483,0,2.06601,1.57037,8.40629,1.12566,10.917,0.42336,18.483,0.42336,0,0,442.007,0,1.02816,0,0,3.09417,2.06601,1.028160,1,0,86.2422,0,0,0,86.2422,0
71.073,1.991,0,0,2.74223,0.244349,0.36288,3.6288,61.308,0.278772,0,0,1.94527,0.18769,1.47881,0.66528,12.849,1,0.360676,0.36288,0,71.4355,3.3727,68.065,0.84672,12.849,0.84672,3695.15,0,18.483,0,2.14385,1.57048,6.48838,1.0645,9.13821,0.42336,18.483,0.42336,0,0,442.007,0,1.02816,0,0,3.17201,2.14385,1.028160,1,0,78.682,0,0,0,78.682,0
71.3372,1.99237,0,0,2.86408,0.244619,0.36288,3.6288,61.308,0.278858,0,0,1.66629,0.18769,1.19975,0.66528,12.849,1,0.360192,0.36288,0,70.8471,3.3727,67.4771,0.84672,12.849,0.84672,3695.15,0,18.483,0,1.60553,1.54767,7.61329,1.0645,9.70199,0.42336,18.483,0.42336,0,0,442.007,0,1.02816,0,0,2.63369,1.60553,1.028160,1,0,78.3789,0,0,0,78.3789,0
71.5695,1.99476,0,0,2.79888,0.208885,0.36288,3.6288,61.308,0.278944,0,0,1.6249,0.205493,1.14046,0.66528,12.849,1,0.359289,0.36288,0,70.4385,4.77626,65.6658,0.84672,12.849,0.84672,3695.15,0,18.483,0,1.72329,1.54777,6.87822,1.11983,9.02944,0.42336,18.483,0.42336,0,0,442.007,0,1.02816,0,0,2.75145,1.72329,1.028160,1,0,75.8357,0,0,0,75.8357,0
71.3618,1.99687,0,0,2.29846,0.146433,0.36288,3.6288,61.308,0.27903,0,0,1.54721,0.226005,1.04217,0.66528,12.849,1,0.358501,0.36288,0,44.0777,5.30853,38.7735,0.84672,12.849,0.84672,3695.15,0,18.483,0,1.48953,1.54787,6.01972,1.25582,7.8013,0.42336,18.483,0.42336,0,0,442.007,0,1.02816,0,0,2.51769,1.48953,1.028160,1,0,47.617,0,0,0,47.617,0
71.0155,2.08988,0,0,2.25395,0.147539,0.36288,3.6288,61.308,0.349794,0,0,1.34173,0.241191,0.750747,0.66528,12.849,1,0.376292,0.36288,0,65.0497,4.70998,60.3263,0.84672,12.849,0.84672,3695.15,0,18.483,0,1.32316,1.54797,5.72854,1.1925,7.40717,0.42336,18.483,0.42336,0,0,442.007,0,1.02816,0,0,2.35132,1.32316,1.028160,1,0,68.4842,0,0,0,68.4842,0
70.558,2.08691,0,0,2.13951,0.147149,0.36288,3.6288,61.308,0.349884,0,0,1.22455,0.241191,0.633472,0.66528,12.849,1,0.37759,0.36288,0,58.9493,4.70998,54.2246,0.84672,12.849,0.84672,3695.15,0,18.483,0,1.06917,1.6282,5.37684,1.1925,6.88173,0.42336,18.483,0.42336,0,0,442.007,0,1.02816,0,0,2.09733,1.06917,1.028160,1,0,61.7398,0,0,0,61.7398,0
69.9407,2.08291,0,0,1.93952,0.111116,0.36288,3.6288,61.308,0.349974,0,0,1.16898,0.264799,0.55421,0.66528,12.849,1,0.37931,0.36288,0,51.9774,4.97774,46.9832,0.84672,12.849,0.84672,3695.15,0,18.483,0,1.00064,1.62831,5.23714,1.26091,6.60519,0.42336,18.483,0.42336,0,0,442.007,0,1.02816,0,0,2.0288,1.00064,1.028160,1,0,54.1426,0,0,0,54.1426,0
69.2367,2.07741,0,0,1.83278,0.0964485,0.36288,3.6288,61.308,0.350065,0,0,1.11668,0.274243,0.492369,0.66528,12.849,1,0.381647,0.36288,0,50.3065,5.08483,45.2029,0.84672,12.849,0.84672,3695.15,0,18.483,0,0.863257,1.62842,5.2226,1.28827,6.42601,0.42336,18.483,0.42336,0,0,442.007,0,1.02816,0,0,1.89142,0.863257,1.028160,1,0,52.1213,0,0,0,52.1213,0
68.475,2.07103,0,0,1.75876,0.0865872,0.36288,3.6288,61.308,0.350155,0,0,0.823867,0.302128,0.171584,0.66528,12.849,1,0.384344,0.36288,0,41.4538,5.57023,35.8621,0.84672,12.849,0.84672,3695.15,0,18.483,0,0.583477,1.62853,4.46689,1.40392,5.27497,0.42336,18.483,0.42336,0,0,442.007,0,1.02816,0,0,1.61164,0.583477,1.028160,1,0,41.3086,0,0,0,41.3086,0
67.5939,2.04553,0,0,1.60976,0.0823623,0.36288,3.6288,61.2821,0.389104,0,0,0.676443,0.313282,0,0.66528,12.849,1,0.383834,0.36288,0,34.2175,5.7644,28.4322,0.84672,12.849,0.84672,3695.15,0,18.483,0,0.367451,1.62863,3.62098,1.45018,4.16688,0.42336,18.483,0.42336,0,0,442.007,0,1.02816,0,0,1.39561,0.367451,1.028160,1,0,32.599,0,0,0,32.599,0
66.5986,2.03733,0,0,1.4867,0.0817953,0.36288,3.6288,61.2252,0.389197,0,0,0.645564,0.313231,0,0.66528,12.849,1,0.387278,0.36288,0,31.0166,5.7644,25.2279,0.84672,12.849,0.84672,3695.15,0,18.483,0,0.29001,1.65371,3.60611,1.45018,4.09965,0.42336,18.483,0.42336,0,0,442.007,0,1.02816,0,0,1.31817,0.29001,1.028160,1,0,29.3275,0,0,0,29.3275,0
65.5656,2.02786,0,0,1.43888,0.0811548,0.36288,3.6288,61.0129,0.507434,0,0,0.608225,0.313118,0,0.66528,12.849,1,0.391239,0.36288,0,28.0475,5.7644,22.2548,0.84672,12.849,0.84672,3695.15,0,18.483,0,0.261274,1.65382,3.51939,1.45018,3.9843,0.42336,18.483,0.42336,0,0,442.007,0,0.910017,0,0,1.17129,0.261274,1.028160,1,0,26.2391,0,0,0,26.2391,0
64.4153,2.01782,0,0,1.29781,0.0674759,0.36288,3.6288,60.6264,0.609219,0,0,0.547107,0.324389,0,0.66528,12.849,1,0.395436,0.36288,0,24.4742,5.95236,18.4893,0.84672,12.849,0.84672,3695.15,0,18.483,0,0.261274,1.65393,3.24559,1.49782,3.66297,0.42336,18.483,0.42336,0,0,442.007,0,0.808324,0,0,1.0696,0.261274,1.028160,1,0,22.1522,0,0,0,22.1522,0
63.1595,2.0532,0,0,1.21198,0.0517048,0.36288,3.6288,60.3049,0.581313,0,0,0.597103,0.337269,0,0.66528,12.849,1,0.409554,0.36288,0,27.0113,6.2894,20.6752,0.84672,12.849,0.84672,3695.15,0,18.483,0,0.261274,1.65404,3.02792,1.53821,3.40502,0.42336,18.483,0.42336,0,0,442.007,0,0.870964,0,0,1.13224,0.261274,1.028160,1,0,24.0803,0,0,0,24.0803,0
61.8338,2.04006,0,0,1.1285,0.0511809,0.36288,3.6288,59.9966,0.489738,0,0,0.518028,0.336581,0,0.66528,12.849,1,0.415024,0.36288,0,22.8712,6.2894,16.5297,0.84672,12.849,0.84672,3695.15,0,18.483,0,0.261274,1.69395,3.05584,1.53821,3.47285,0.42336,18.483,0.42336,0,0,442.007,0,0.962634,0,0,1.22391,0.261274,1.028160,1,0,20.0025,0,0,0,20.0025,0
60.4379,2.02579,0,0,1.04337,0.0506277,0.36288,3.6288,59.5362,0.604901,0,0,0.480397,0.335921,0,0.66528,12.849,1,0.420957,0.36288,0,21.9313,6.2894,15.5839,0.84672,12.849,0.84672,3695.15,0,18.483,0,0.227405,1.69406,2.65703,1.53821,3.04029,0.42336,18.483,0.42336,0,0,442.007,0,0.847567,0,0,1.07497,0.227405,1.028160,1,0,18.6242,0,0,0,18.6242,0
59.0857,2.01031,0,0,1.06655,0.0455852,0.36288,3.6288,59.2722,0.459956,0,0,0.533494,0.337496,0,0.66528,12.849,1,0.427388,0.36288,0,20.859,6.36417,14.4304,0.84672,12.849,0.84672,3695.15,0,18.483,0,0.227405,1.69417,3.28654,1.55315,3.65496,0.42336,18.483,0.42336,0,0,442.007,0,0.992606,0,0,1.22001,0.227405,1.028160,1,0,18.0853,0,0,0,18.0853,0
57.2616,2.12808,0,0,0.705154,0.0382957,0.36288,3.6288,58.492,0.872538,0,0,0.420968,0.328592,0,0.66528,12.849,1,0.46278,0.36288,0,16.8378,6.27813,10.4598,0.84672,12.849,0.84672,3695.15,0,18.483,0,0.227405,1.69429,2.43803,1.45285,2.90687,0.42336,18.483,0.42336,0,0,442.007,0,0.705188,0,0,0.932593,0.227405,1.028160,1,0,13.3666,0,0,0,13.3666,0
55.3227,2.10498,0,0,0.569795,0.0408491,0.36288,3.6288,57.546,0.984158,0,0,0.361112,0.323024,0,0.66528,12.849,1,0.47234,0.36288,0,14.2526,6.18901,7.95416,0.84672,12.849,0.84672,3695.15,0,18.483,0,0.227405,1.82923,2.11449,1.42119,2.74994,0.42336,18.483,0.42336,0,0,442.007,0,0.593672,0,0,0.821076,0.227405,1.028160,1,0,10.7041,0,0,0,10.7041,0
53.5223,2.07935,0,0,0.681973,0.0400713,0.36288,3.6288,56.7222,0.890638,0,0,0.387929,0.321058,0,0.66528,12.849,1,0.48294,0.36288,0,14.7506,6.18901,8.44148,0.84672,12.849,0.84672,3695.15,0,18.483,0,0.204422,1.82935,2.31935,1.42119,2.93193,0.42336,18.483,0.42336,0,0,442.007,0,0.687295,0,0,0.891717,0.204422,1.028160,1,0,11.3734,0,0,0,11.3734,0
52.2101,2.0545,0,0,1.16613,0.06099,0.36288,3.6288,56.1625,0.743793,0,0,0.498259,0.314137,0,0.66528,12.849,1,0.493219,0.36288,0,24.5136,6.04059,18.3427,0.84672,12.849,0.84672,3695.15,0,18.483,0,0.204422,1.82947,2.56732,1.40299,3.19823,0.42336,18.483,0.42336,0,0,442.007,0,0.834244,0,0,1.03867,0.204422,1.028160,1,0,21.5409,0,0,0,21.5409,0
51.82,2.03574,0,0,2.05372,0.0451922,0.36288,3.6288,56.3515,0.54998,0,0,1.0131,0.274162,0,0.66528,12.849,1,0.500999,0.36288,0,37.0956,5.88243,31.075,0.84672,12.849,0.84672,3695.15,0,18.483,0,1.4105,1.82959,5.8523,1.38369,7.70869,0.42336,18.483,0.42336,0,0,442.007,0,1.02816,0,0,2.43866,1.4105,1.028160,1,0,38.7837,0,0,0,38.7837,0
50.47,1.9682,0,0,1.01932,0.0382374,0.36288,3.6288,56.2772,0.474147,0,0,0.651543,0.251652,0,0.66528,12.849,1,0.488024,0.36288,0,51.3896,5.60784,45.6566,0.84672,12.849,0.84672,3695.15,0,18.483,0,0.816454,1.82971,3.87679,1.37739,5.14557,0.42336,18.483,0.42336,0,0,442.007,0,1.02816,0,0,1.84461,0.816454,1.028160,1,0,50.8022,0,0,0,50.8022,0
49.0665,1.94869,0,0,0.945708,0.0377018,0.36288,3.6288,56.2129,0.474246,0,0,0.661402,0.25153,0,0.66528,12.849,1,0.49611,0.36288,0,30.5237,5.60784,24.7827,0.84672,12.849,0.84672,3695.15,0,18.483,0,0.389768,1.75254,2.92966,1.37739,3.69457,0.42336,18.483,0.42336,0,0,442.007,0,1.02816,0,0,1.41793,0.389768,1.028160,1,0,28.4772,0,0,0,28.4772,0
49.1648,1.92769,0,0,2.5024,0.113507,0.36288,3.6288,56.666,0.474344,0,0,1.18742,0.2599,0,0.66528,12.849,1,0.504804,0.36288,0,45.4971,5.05039,40.3048,0.84672,12.849,0.84672,3695.15,0,18.483,0,2.57772,1.75265,8.55846,1.25369,11.6351,0.42336,18.483,0.42336,0,0,442.007,0,1.02816,0,0,3.60588,2.57772,1.028160,1,0,51.9399,0,0,0,51.9399,0
48.469,1.92932,0,0,1.73417,0.137752,0.36288,3.6288,56.8094,0.474443,0,0,0.877205,0.259423,0,0.66528,12.849,1,0.504221,0.36288,0,69.3408,4.79484,64.4046,0.84672,12.849,0.84672,3695.15,0,18.483,0,0.867395,1.75277,4.84434,1.17596,6.28854,0.42336,18.483,0.42336,0,0,442.007,0,1.02816,0,0,1.89556,0.867395,1.028160,1,0,70.6931,0,0,0,70.6931,0
47.4789,1.86917,0,0,1.40463,0.162678,0.36288,3.6288,56.7232,0.405403,0,0,0.506567,0.187369,0,0.66528,12.849,1,0.495511,0.36288,0,44.3314,3.87513,40.3236,0.84672,12.849,0.84672,3695.15,0,18.483,0,0.407243,1.75288,3.29853,0.98106,4.47759,0.42336,18.483,0.42336,0,0,442.007,0,1.02816,0,0,1.4354,0.407243,1.028160,1,0,44.8012,0,0,0,44.8012,0
47.86,1.85411,0,0,2.75901,0.160929,0.36288,3.6288,57.0129,0.405497,0,0,0.882474,0.187263,0,0.66528,12.849,1,0.501769,0.36288,0,64.9006,3.87513,60.8865,0.84672,12.849,0.84672,3695.15,0,18.483,0,0.728257,1.68429,5.65313,0.98106,7.08461,0.42336,18.483,0.42336,0,0,442.007,0,1.02816,0,0,1.75642,0.728257,1.028160,1,0,67.9712,0,0,0,67.9712,0
48.7177,1.86012,0,0,3.24233,0.161602,0.36288,3.6288,57.8764,0.405591,0,0,1.45669,0.187617,0,0.66528,12.849,1,0.499387,0.36288,0,70.2592,3.87513,66.2475,0.84672,12.849,0.84672,3695.15,0,18.483,0,2.25318,1.6844,6.87053,0.98106,9.82705,0.42336,18.483,0.42336,0,0,442.007,0,1.02816,0,0,3.28134,2.25318,1.028160,1,0,76.0746,0,0,0,76.0746,0
48.6396,1.87329,0,0,2.33842,0.180362,0.36288,3.6288,58.2407,0.405685,0,0,0.965439,0.195418,0,0.66528,12.849,1,0.494068,0.36288,0,62.8346,3.99111,58.7123,0.84672,12.849,0.84672,3695.15,0,18.483,0,1.26173,1.68451,6.99023,1.00814,8.92833,0.42336,18.483,0.42336,0,0,442.007,0,1.02816,0,0,2.28989,1.26173,1.028160,1,0,67.6406,0,0,0,67.6406,0
50.312,1.73123,0,0,3.97537,0.208894,0.36288,3.6288,58.9235,0.261744,0,0,1.14345,0.198911,0,0.66528,12.849,1,0.457336,0.36288,0,74.2591,3.81765,70.347,0.84672,12.849,0.84672,3695.15,0,18.483,0,1.36079,1.68462,6.21169,1.00152,8.25559,0.42336,18.483,0.42336,0,0,442.007,0,1.02816,0,0,2.38895,1.36079,1.028160,1,0,78.6026,0,0,0,78.6026,0
50.5487,1.75419,0,0,2.56406,0.21022,0.36288,3.6288,59.423,0.261829,0,0,0.958833,0.197463,0,0.66528,12.849,1,0.447997,0.36288,0,79.3722,3.74042,75.5467,0.84672,12.849,0.84672,3695.15,0,18.483,0,1.60578,1.53,5.58234,0.98913,7.72899,0.42336,18.483,0.42336,0,0,442.007,0,1.02816,0,0,2.63394,1.60578,1.028160,1,0,83.2757,0,0,0,83.2757,0
50.7582,1.75747,0,0,2.54054,0.210745,0.36288,3.6288,59.786,0.261914,0,0,0.82296,0.198096,0,0.66528,12.849,1,0.446731,0.36288,0,63.5588,3.74042,59.7345,0.84672,12.849,0.84672,3695.15,0,18.483,0,1.11201,1.5301,6.43563,0.98913,8.08862,0.42336,18.483,0.42336,0,0,442.007,0,1.02816,0,0,2.14017,1.11201,1.028160,1,0,67.8231,0,0,0,67.8231,0
51.2112,1.76036,0,0,2.77752,0.201222,0.36288,3.6288,60.2807,0.261998,0,0,0.961865,0.205188,0,0.66528,12.849,1,0.44562,0.36288,0,82.8308,3.29027,79.4578,0.84672,12.849,0.84672,3695.15,0,18.483,0,1.99331,1.5302,6.25317,0.923758,8.85293,0.42336,18.483,0.42336,0,0,442.007,0,1.02816,0,0,3.02147,1.99331,1.028160,1,0,88.3107,0,0,0,88.3107,0
58.1947,1.76644,0,0,9.33727,0.224492,0.36288,3.6288,61.308,0.262083,0,0,2.02443,0.202506,0.532514,0.66528,12.849,1,0.443204,0.36288,0,133.573,3.84162,129.651,0.84672,12.849,0.84672,3695.15,0,18.483,0,3.65657,1.5303,17.0871,0.971655,21.3023,0.42336,18.483,0.42336,0,0,442.007,0,1.02816,0,0,4.68473,3.65657,1.028160,1,0,151.486,0,0,0,151.486,0
62.5542,1.90885,0,0,6.9043,0.273101,0.36288,3.6288,61.308,0.303888,0,0,1.41871,0.190764,0.924062,0.66528,12.849,1,0.42146,0.36288,0,180.412,4.09374,176.26,0.84672,12.849,0.84672,3695.15,0,18.483,0,2.62977,1.5304,10.9467,1.00831,14.0986,0.42336,18.483,0.42336,0,0,442.007,0,1.02816,0,0,3.65793,2.62977,1.028160,1,0,191.282,0,0,0,191.282,0
65.3806,1.95668,0,0,5.42993,0.283943,0.36288,3.6288,61.308,0.303968,0,0,2.32126,0.190764,1.82652,0.66528,12.849,1,0.401915,0.36288,0,115.323,4.09374,111.19,0.84672,12.849,0.84672,3695.15,0,18.483,0,4.6414,1.57945,14.1922,1.00831,19.4047,0.42336,18.483,0.42336,0,0,442.007,0,1.02816,0,0,5.66956,4.6414,1.028160,1,0,132.422,0,0,0,132.422,0
67.6264,1.98545,0,0,4.87085,0.276701,0.36288,3.6288,61.308,0.304048,0,0,1.58363,0.194412,1.08517,0.66528,12.849,1,0.390192,0.36288,0,104.255,4.34466,99.8835,0.84672,12.849,0.84672,3695.15,0,18.483,0,2.89942,1.57955,11.1092,0.936257,14.6519,0.42336,18.483,0.42336,0,0,442.007,0,1.02816,0,0,3.92758,2.89942,1.028160,1,0,115.621,0,0,0,115.621,0
71.057,2.00716,0,0,6.1186,0.317917,0.36288,3.6288,61.308,0.304129,0,0,1.94095,0.200587,1.43623,0.66528,12.849,1,0.38136,0.36288,0,134.041,4.52308,129.499,0.84672,12.849,0.84672,3695.15,0,18.483,0,3.81161,1.57964,13.2159,0.946609,17.6606,0.42336,18.483,0.42336,0,0,442.007,0,1.02816,0,0,4.83977,3.81161,1.028160,1,0,148.596,0,0,0,148.596,0
72.29,2.23727,0,0,5.45595,0.32667,1.65906,3.6288,61.308,0.460867,0,0,2.46325,0.194626,1.80775,0.66528,12.849,1,0.404557,1.65906,0,118.563,3.71658,116.101,0.84672,12.849,0.84672,3695.15,0,18.483,0,4.77162,1.57974,15.864,1.12308,21.0923,0.42336,18.483,0.42336,0,0,442.007,0,1.02816,0,0,5.79978,4.77162,1.028160,1,0,139.001,0,0,0,139.001,0
72.29,2.24914,0,0,6.64801,0.329755,4.06912,3.6288,61.308,0.460957,0,0,2.56726,0.194626,1.91168,0.66528,12.849,1,0.399768,4.06912,0,135.225,3.71658,135.177,0.84672,12.849,0.84672,3695.15,0,18.483,0,7.97092,1.75456,21.9958,1.12308,30.5982,0.42336,18.483,0.42336,0,0,442.007,0,1.02816,0,0,8.99908,7.97092,1.028160,1,0,167.687,0,0,0,167.687,0
72.29,2.24928,0,0,4.54859,0.329755,1.96956,3.6288,61.308,0.461047,0,0,1.9714,0.194626,1.31572,0.66528,12.849,1,0.399792,1.96956,0,137.5,3.71658,135.354,0.84672,12.849,0.84672,3695.15,0,18.483,0,2.60671,1.75466,13.4989,1.12308,16.7372,0.42336,18.483,0.42336,0,0,442.007,0,1.02816,0,0,3.63487,2.60671,1.028160,1,0,153.406,0,0,0,153.406,0
72.29,2.24941,0,0,3.55894,0.323836,0.985688,3.6288,61.308,0.461137,0,0,1.40247,0.176445,0.764889,0.66528,12.849,1,0.399816,0.985688,0,88.3267,3.36964,85.5429,0.84672,12.849,0.84672,3695.15,0,18.483,0,1.4923,1.75477,8.70229,0.993791,10.9556,0.42336,18.483,0.42336,0,0,442.007,0,1.02816,0,0,2.52046,1.4923,1.028160,1,0,97.2634,0,0,0,97.2634,0
72.29,1.9644,0,0,8.42651,0.303068,6.15903,3.6288,61.308,0.250939,0,0,1.84154,0.235769,1.35483,0.66528,12.849,1,0.349158,6.15903,0,159.256,3.5202,161.546,0.84672,12.849,0.84672,3695.15,0,18.483,0,4.25877,1.75488,23.9549,1.08729,28.8813,0.42336,18.483,0.42336,0,0,442.007,0,1.02816,0,0,5.28693,4.25877,1.028160,1,0,191.782,0,0,0,191.782,0
72.29,1.96452,0,0,7.60994,0.314448,5.33097,3.6288,61.308,0.251016,0,0,3.06709,0.194604,2.62147,0.66528,12.849,1,0.349179,5.33097,0,219.756,2.84813,221.889,0.84672,12.849,0.84672,3695.15,0,18.483,0,5.03465,1.51592,23.069,0.889959,28.7296,0.42336,18.483,0.42336,0,0,442.007,0,1.02816,0,0,6.06281,5.03465,1.028160,1,0,253.241,0,0,0,253.241,0
72.29,1.96464,0,0,8.44785,0.314448,6.16876,3.6288,61.308,0.251093,0,0,2.25454,0.194604,1.80884,0.66528,12.849,1,0.3492,6.16876,0,167.234,2.84813,170.206,0.84672,12.849,0.84672,3695.15,0,18.483,0,6.31181,1.51601,24.1343,0.889959,31.0721,0.42336,18.483,0.42336,0,0,442.007,0,1.02816,0,0,7.33997,6.31181,1.028160,1,0,203.087,0,0,0,203.087,0
72.29,1.96476,0,0,15.456,0.314448,13.1768,3.6288,61.308,0.251171,0,0,4.88195,0.194604,4.43618,0.66528,12.849,1,0.349221,13.1768,0,182.565,2.84813,192.544,0.84672,12.849,0.84672,3695.15,0,18.483,0,8.809,1.5161,35.3967,0.889959,44.8318,0.42336,18.483,0.42336,0,0,442.007,0,1.02816,0,0,9.83716,8.809,1.028160,1,0,241.812,0,0,0,241.812,0
72.29,1.96488,0,0,8.21586,0.313293,5.93769,3.6288,61.308,0.251248,0,0,2.85604,0.174983,2.42981,0.66528,12.849,1,0.349242,5.93769,0,179.266,3.37099,181.484,0.84672,12.849,0.84672,3695.15,0,18.483,0,5.81016,1.51619,22.7245,0.909451,29.1414,0.42336,18.483,0.42336,0,0,442.007,0,1.02816,0,0,6.83832,5.81016,1.028160,1,0,213.055,0,0,0,213.055,0
72.29,2.03679,0,0,8.81764,0.311495,6.46935,3.6288,61.308,0.302785,0,0,4.25494,0.200009,3.75215,0.66528,12.849,1,0.362025,6.46935,0,186.83,3.94548,188.992,0.84672,12.849,0.84672,3695.15,0,18.483,0,8.70765,1.51628,32.2126,0.989782,41.4467,0.42336,18.483,0.42336,0,0,442.007,0,1.02816,0,0,9.73581,8.70765,1.028160,1,0,234.191,0,0,0,234.191,0
72.29,2.03692,0,0,7.66126,0.311495,5.31285,3.6288,61.308,0.302865,0,0,2.21503,0.200009,1.71215,0.66528,12.849,1,0.362047,5.31285,0,157.003,3.94548,158.008,0.84672,12.849,0.84672,3695.15,0,18.483,0,5.79946,1.57542,20.6015,0.989782,26.9866,0.42336,18.483,0.42336,0,0,442.007,0,1.02816,0,0,6.82762,5.79946,1.028160,1,0,186.707,0,0,0,186.707,0
72.29,2.03704,0,0,6.19109,0.261855,3.89219,3.6288,61.308,0.302946,0,0,1.88605,0.214396,1.36871,0.66528,12.849,1,0.362068,3.89219,0,135.059,3.96055,134.628,0.84672,12.849,0.84672,3695.15,0,18.483,0,4.63794,1.57551,17.8966,1.00938,23.1007,0.42336,18.483,0.42336,0,0,442.007,0,1.02816,0,0,5.6661,4.63794,1.028160,1,0,159.098,0,0,0,159.098,0
72.29,2.03716,0,0,5.93199,0.210421,3.68441,3.6288,61.308,0.303026,0,0,1.93476,0.221919,1.40981,0.66528,12.849,1,0.36209,3.68441,0,131.671,4.0928,130.901,0.84672,12.849,0.84672,3695.15,0,18.483,0,4.14032,1.57561,18.1856,1.03011,22.8715,0.42336,18.483,0.42336,0,0,442.007,0,1.02816,0,0,5.16848,4.14032,1.028160,1,0,155.182,0,0,0,155.182,0
72.29,2.00921,0,0,4.99915,0.219214,2.77073,3.6288,61.308,0.283115,0,0,1.66819,0.205847,1.17922,0.66528,12.849,1,0.357121,2.77073,0,112.983,4.48847,110.908,0.84672,12.849,0.84672,3695.15,0,18.483,0,2.88722,1.5757,13.9184,1.02351,17.3578,0.42336,18.483,0.42336,0,0,442.007,0,1.02816,0,0,3.91538,2.88722,1.028160,1,0,129.445,0,0,0,129.445,0
72.29,2.00933,0,0,4.7739,0.14899,2.61558,3.6288,61.308,0.283194,0,0,1.54143,0.238545,1.01969,0.66528,12.849,1,0.357143,2.61558,0,101.665,4.77676,99.1468,0.84672,12.849,0.84672,3695.15,0,18.483,0,3.09651,1.55281,12.8813,1.04073,16.4899,0.42336,18.483,0.42336,0,0,442.007,0,1.02816,0,0,4.12467,3.09651,1.028160,1,0,116.656,0,0,0,116.656,0
72.29,2.00945,0,0,4.39626,0.14899,2.23782,3.6288,61.308,0.283273,0,0,1.66249,0.238545,1.14067,0.66528,12.849,1,0.357164,2.23782,0,93.3725,4.77676,90.4764,0.84672,12.849,0.84672,3695.15,0,18.483,0,3.0268,1.5529,10.986,1.04073,14.525,0.42336,18.483,0.42336,0,0,442.007,0,1.02816,0,0,4.05496,3.0268,1.028160,1,0,106.142,0,0,0,106.142,0
72.29,2.00957,0,0,4.78323,0.14899,2.62466,3.6288,61.308,0.283353,0,0,1.41604,0.238545,0.894147,0.66528,12.849,1,0.357186,2.62466,0,96.3014,4.77676,93.7922,0.84672,12.849,0.84672,3695.15,0,18.483,0,2.95042,1.553,10.4404,1.04073,13.9031,0.42336,18.483,0.42336,0,0,442.007,0,1.02816,0,0,3.97858,2.95042,1.028160,1,0,108.589,0,0,0,108.589,0
72.29,2.10503,0,0,4.23088,0.118779,2.00707,3.6288,61.308,0.354343,0,0,1.30543,0.231461,0.71963,0.66528,12.849,1,0.374152,2.00707,0,76.6325,4.98917,73.2762,0.84672,12.849,0.84672,3695.15,0,18.483,0,2.08202,1.55309,11.1173,1.00023,13.7522,0.42336,18.483,0.42336,0,0,442.007,0,1.02816,0,0,3.11018,2.08202,1.028160,1,0,87.7481,0,0,0,87.7481,0
72.29,2.10515,0,0,4.11534,0.113744,1.89645,3.6288,61.308,0.354427,0,0,1.30732,0.230281,0.722611,0.66528,12.849,1,0.374175,1.89645,0,70.1317,5.02457,66.6295,0.84672,12.849,0.84672,3695.15,0,18.483,0,2.11149,1.63358,10.798,0.993477,13.5496,0.42336,18.483,0.42336,0,0,442.007,0,1.02816,0,0,3.13965,2.11149,1.028160,1,0,80.9017,0,0,0,80.9017,0
72.29,2.10528,0,0,3.67938,0.123578,1.45052,3.6288,61.308,0.35451,0,0,1.25741,0.227647,0.675257,0.66528,12.849,1,0.374198,1.45052,0,66.4857,4.85533,62.7067,0.84672,12.849,0.84672,3695.15,0,18.483,0,2.2514,1.63368,9.97859,1.00001,12.8637,0.42336,18.483,0.42336,0,0,442.007,0,1.02816,0,0,3.27956,2.2514,1.028160,1,0,76.2456,0,0,0,76.2456,0
72.29,2.10541,0,0,3.52018,0.125945,1.28883,3.6288,61.308,0.354594,0,0,1.23149,0.229365,0.647527,0.66528,12.849,1,0.37422,1.28883,0,61.7316,4.49637,58.1498,0.84672,12.849,0.84672,3695.15,0,18.483,0,2.2225,1.63378,9.4354,1.03537,12.2563,0.42336,18.483,0.42336,0,0,442.007,0,1.02816,0,0,3.25066,2.2225,1.028160,1,0,71.0537,0,0,0,71.0537,0
72.29,2.10553,0,0,3.86735,0.0797725,1.68204,3.6288,61.308,0.354677,0,0,1.18831,0.269765,0.563869,0.66528,12.849,1,0.374243,1.68204,0,66.6664,5.1553,62.8189,0.84672,12.849,0.84672,3695.15,0,18.483,0,2.11158,1.63388,9.16272,1.23059,11.6776,0.42336,18.483,0.42336,0,0,442.007,0,1.02816,0,0,3.13974,2.11158,1.028160,1,0,75.0604,0,0,0,75.0604,0
72.29,2.0868,0,0,3.93739,0.0868044,1.76378,3.6288,61.308,0.393747,0,0,1.13155,0.284499,0.453309,0.66528,12.849,1,0.370913,1.76378,0,67.5976,5.5293,63.4612,0.84672,12.849,0.84672,3695.15,0,18.483,0,2.00345,1.63398,8.49683,1.34131,10.793,0.42336,18.483,0.42336,0,0,442.007,0,1.02816,0,0,3.03161,2.00345,1.028160,1,0,74.7075,0,0,0,74.7075,0
72.29,2.08693,0,0,3.66393,0.0868044,1.4902,3.6288,61.308,0.393832,0,0,1.05392,0.284499,0.375584,0.66528,12.849,1,0.370936,1.4902,0,61.5051,5.5293,57.095,0.84672,12.849,0.84672,3695.15,0,18.483,0,1.72019,1.65913,8.32343,1.34131,10.3614,0.42336,18.483,0.42336,0,0,442.007,0,1.02816,0,0,2.74835,1.72019,1.028160,1,0,67.832,0,0,0,67.832,0
72.29,2.08705,0,0,3.56702,0.0868044,1.39317,3.6288,61.308,0.393918,0,0,1.00341,0.284499,0.324989,0.66528,12.849,1,0.370958,1.39317,0,55.0366,5.5293,50.5295,0.84672,12.849,0.84672,3695.15,0,18.483,0,1.51398,1.65923,8.23729,1.34131,10.0692,0.42336,18.483,0.42336,0,0,442.007,0,1.02816,0,0,2.54214,1.51398,1.028160,1,0,60.9237,0,0,0,60.9237,0
72.29,2.08718,0,0,3.37577,0.0610119,1.22758,3.6288,61.308,0.394004,0,0,0.955333,0.310308,0.251021,0.66528,12.849,1,0.37098,1.22758,0,50.1258,5.7506,45.2318,0.84672,12.849,0.84672,3695.15,0,18.483,0,1.32036,1.65933,7.79069,1.4645,9.30587,0.42336,18.483,0.42336,0,0,442.007,0,1.02816,0,0,2.34852,1.32036,1.028160,1,0,54.7887,0,0,0,54.7887,0
72.29,2.13602,0,0,3.60967,0.0516285,1.42202,3.6288,61.308,0.428843,0,0,1.20047,0.340775,0.430849,0.66528,12.849,1,0.379661,1.42202,0,56.8697,6.01534,51.8967,0.84672,12.849,0.84672,3695.15,0,18.483,0,1.63198,1.65943,6.98257,1.57397,8.70002,0.42336,18.483,0.42336,0,0,442.007,0,1.02816,0,0,2.66014,1.63198,1.028160,1,0,61.0276,0,0,0,61.0276,0
72.29,2.13615,0,0,3.36105,0.0516285,1.17327,3.6288,61.308,0.428931,0,0,1.0415,0.340775,0.271794,0.66528,12.849,1,0.379684,1.17327,0,48.1528,6.01534,42.931,0.84672,12.849,0.84672,3695.15,0,18.483,0,1.84736,1.69946,7.04704,1.57397,9.0199,0.42336,18.483,0.42336,0,0,442.007,0,1.02816,0,0,2.87552,1.84736,1.028160,1,0,52.2227,0,0,0,52.2227,0
72.29,2.13628,0,0,3.10748,0.0516285,0.919574,3.6288,61.308,0.429019,0,0,0.96584,0.340775,0.196046,0.66528,12.849,1,0.379707,0.919574,0,46.1744,6.01534,40.6989,0.84672,12.849,0.84672,3695.15,0,18.483,0,1.49742,1.69957,6.12736,1.57397,7.75037,0.42336,18.483,0.42336,0,0,442.007,0,1.02816,0,0,2.52558,1.49742,1.028160,1,0,48.6453,0,0,0,48.6453,0
72.29,2.13641,0,0,3.17652,0.0467276,0.993388,3.6288,61.308,0.429107,0,0,1.07259,0.343365,0.300115,0.66528,12.849,1,0.37973,0.993388,0,43.9164,6.09012,38.44,0.84672,12.849,0.84672,3695.15,0,18.483,0,1.8382,1.69967,7.57892,1.58891,9.52789,0.42336,18.483,0.42336,0,0,442.007,0,1.02816,0,0,2.86636,1.8382,1.028160,1,0,48.268,0,0,0,48.268,0
72.29,2.27923,0,0,2.86635,0.0472819,0.539847,3.6288,61.308,0.554667,0,0,0.937224,0.333129,0.049428,0.66528,12.849,1,0.405115,0.539847,0,34.1563,5.8156,28.4754,0.84672,12.849,0.84672,3695.15,0,18.483,0,1.30717,1.69977,6.58723,1.53402,8.06016,0.42336,18.483,0.42336,0,0,442.007,0,1.02816,0,0,2.33533,1.30717,1.028160,1,0,36.585,0,0,0,36.585,0
72.29,2.27936,0,0,2.8974,0.0422752,0.57576,3.6288,61.308,0.554763,0,0,1.00028,0.339843,0.105673,0.66528,12.849,1,0.40514,0.57576,0,34.3889,5.79369,28.7659,0.84672,12.849,0.84672,3695.15,0,18.483,0,1.48093,1.83514,5.31905,1.52359,7.11153,0.42336,18.483,0.42336,0,0,442.007,0,1.02816,0,0,2.50909,1.48093,1.028160,1,0,35.9831,0,0,0,35.9831,0
71.93,2.2795,0,0,2.32469,0.0422752,0.36288,3.6288,61.1998,0.554859,0,0,0.786542,0.339843,0,0.66528,12.849,1,0.405164,0.36288,0,40.4489,5.79369,34.6129,0.84672,12.849,0.84672,3695.15,0,18.483,0,0.98458,1.83526,4.41848,1.52359,5.71472,0.42336,18.483,0.42336,0,0,442.007,0,1.02816,0,0,2.01274,0.98458,1.028160,1,0,40.3276,0,0,0,40.3276,0
72.002,2.27619,0,0,2.75316,0.0421597,0.36288,3.6288,61.308,0.554954,0,0,1.20062,0.33961,0.1979,0.66528,12.849,1,0.406601,0.36288,0,34.7183,5.79369,28.8809,0.84672,12.849,0.84672,3695.15,0,18.483,0,1.99964,1.83537,5.975,1.52359,8.28641,0.42336,18.483,0.42336,0,0,442.007,0,1.02816,0,0,3.0278,1.99964,1.028160,1,0,37.3652,0,0,0,37.3652,0
71.7061,2.27702,0,0,2.39481,0.0507645,0.36288,3.6288,61.2923,0.55505,0,0,0.841311,0.301913,0,0.66528,12.849,1,0.406342,0.36288,0,31.1515,4.95844,26.1496,0.84672,12.849,0.84672,3695.15,0,18.483,0,0.836971,1.83548,7.19106,1.2961,8.56741,0.42336,18.483,0.42336,0,0,442.007,0,1.02816,0,0,1.86513,0.836971,1.028160,1,0,34.717,0,0,0,34.717,0
71.7046,2.20492,0,0,2.62837,0.0620667,0.36288,3.6288,61.308,0.478965,0,0,0.95383,0.251316,0.207898,0.66528,12.849,1,0.395099,0.36288,0,38.9244,3.84479,35.0474,0.84672,12.849,0.84672,3695.15,0,18.483,0,0.309787,1.83559,8.81392,0.992771,9.96653,0.42336,18.483,0.42336,0,0,442.007,0,1.02816,0,0,1.33795,0.309787,1.028160,1,0,45.2218,0,0,0,45.2218,0
72.0167,2.20504,0,0,2.94208,0.062066,0.36288,3.6288,61.308,0.479056,0,0,1.05396,0.25134,0.323562,0.66528,12.849,1,0.395129,0.36288,0,35.8998,3.84479,32.0228,0.84672,12.849,0.84672,3695.15,0,18.483,0,0.761832,1.75816,9.77072,0.992771,11.2979,0.42336,18.483,0.42336,0,0,442.007,0,1.02816,0,0,1.78999,0.761832,1.028160,1,0,43.6443,0,0,0,43.6443,0
72.29,2.20808,0,0,5.71236,0.0622137,3.16877,3.6288,61.308,0.479148,0,0,2.90141,0.25134,2.17092,0.66528,12.849,1,0.39396,3.16877,0,62.8769,3.84479,61.8069,0.84672,12.849,0.84672,3695.15,0,18.483,0,5.23004,1.75826,13.8552,0.992771,19.8507,0.42336,18.483,0.42336,0,0,442.007,0,1.02816,0,0,6.2582,5.23004,1.028160,1,0,83.8286,0,0,0,83.8286,0
72.29,2.21075,0,0,8.23208,0.210471,5.81086,3.6288,61.308,0.479238,0,0,2.65854,0.138566,2.04073,0.66528,12.849,1,0.392944,5.81086,0,98.7863,2.40047,101.804,0.84672,12.849,0.84672,3695.15,0,18.483,0,4.06084,1.75837,13.4329,0.628558,18.6235,0.42336,18.483,0.42336,0,0,442.007,0,1.02816,0,0,5.089,4.06084,1.028160,1,0,122.468,0,0,0,122.468,0
72.29,2.15377,0,0,3.0095,0.206919,0.648811,3.6288,61.308,0.40997,0,0,1.36648,0.218677,0.737829,0.66528,12.849,1,0.382817,0.648811,0,60.756,4.41304,56.609,0.84672,12.849,0.84672,3695.15,0,18.483,0,1.17706,1.75847,6.9837,0.948902,8.97034,0.42336,18.483,0.42336,0,0,442.007,0,1.02816,0,0,2.20522,1.17706,1.028160,1,0,66.3172,0,0,0,66.3172,0
72.29,2.1539,0,0,2.89013,0.236196,0.500034,3.6288,61.308,0.410057,0,0,1.05934,0.19018,0.459104,0.66528,12.849,1,0.38284,0.500034,0,59.1394,4.01383,55.2428,0.84672,12.849,0.84672,3695.15,0,18.483,0,1.71304,1.68965,8.38823,0.912238,10.8787,0.42336,18.483,0.42336,0,0,442.007,0,1.02816,0,0,2.7412,1.71304,1.028160,1,0,66.5806,0,0,0,66.5806,0
72.29,2.15403,0,0,4.47613,0.236196,2.0859,3.6288,61.308,0.410144,0,0,1.55323,0.19018,0.952906,0.66528,12.849,1,0.382863,2.0859,0,97.2017,4.01383,94.8909,0.84672,12.849,0.84672,3695.15,0,18.483,0,2.54517,1.68975,10.9512,0.912238,14.2739,0.42336,18.483,0.42336,0,0,442.007,0,1.02816,0,0,3.57333,2.54517,1.028160,1,0,110.118,0,0,0,110.118,0
72.29,2.15416,0,0,4.04871,0.238649,1.6559,3.6288,61.308,0.410231,0,0,1.7891,0.18481,1.19406,0.66528,12.849,1,0.382886,1.6559,0,85.8972,4.01637,83.1538,0.84672,12.849,0.84672,3695.15,0,18.483,0,2.63355,1.68986,11.982,0.928028,15.3774,0.42336,18.483,0.42336,0,0,442.007,0,1.02816,0,0,3.66171,2.63355,1.028160,1,0,99.7253,0,0,0,99.7253,0
72.29,1.99205,0,0,5.12116,0.265656,2.86346,3.6288,61.308,0.265827,0,0,2.09361,0.181008,1.64678,0.66528,12.849,1,0.354072,2.86346,0,98.4053,4.32603,96.5886,0.84672,12.849,0.84672,3695.15,0,18.483,0,3.0213,1.68996,13.8762,1.13141,17.456,0.42336,18.483,0.42336,0,0,442.007,0,1.02816,0,0,4.04946,3.0213,1.028160,1,0,115.691,0,0,0,115.691,0
72.29,1.99217,0,0,4.98432,0.270572,2.72158,3.6288,61.308,0.265905,0,0,2.56801,0.192376,2.10973,0.66528,12.849,1,0.354093,2.72158,0,107.164,4.44381,105.087,0.84672,12.849,0.84672,3695.15,0,18.483,0,3.41142,1.53485,13.9071,1.17487,17.6785,0.42336,18.483,0.42336,0,0,442.007,0,1.02816,0,0,4.43958,3.41142,1.028160,1,0,124.876,0,0,0,124.876,0
72.29,1.99229,0,0,5.13567,0.266476,2.8769,3.6288,61.308,0.265984,0,0,2.36031,0.189276,1.90505,0.66528,12.849,1,0.354115,2.8769,0,88.5323,4.33662,86.7185,0.84672,12.849,0.84672,3695.15,0,18.483,0,3.34897,1.53494,11.4293,1.16147,15.1517,0.42336,18.483,0.42336,0,0,442.007,0,1.02816,0,0,4.37713,3.34897,1.028160,1,0,103.775,0,0,0,103.775,0
72.29,1.99241,0,0,8.23532,0.235502,6.00741,3.6288,61.308,0.266062,0,0,2.7136,0.186574,2.26096,0.66528,12.849,1,0.354136,6.00741,0,158.051,3.64901,160.055,0.84672,12.849,0.84672,3695.15,0,18.483,0,3.35386,1.53503,16.005,0.971326,19.9226,0.42336,18.483,0.42336,0,0,442.007,0,1.02816,0,0,4.38202,3.35386,1.028160,1,0,182.238,0,0,0,182.238,0
72.29,1.99253,0,0,6.02917,0.240661,3.79598,3.6288,61.308,0.26614,0,0,3.08942,0.20269,2.62059,0.66528,12.849,1,0.354157,3.79598,0,124.647,3.63771,124.451,0.84672,12.849,0.84672,3695.15,0,18.483,0,4.02477,1.53512,13.1755,0.861973,17.8734,0.42336,18.483,0.42336,0,0,442.007,0,1.02816,0,0,5.05293,4.02477,1.028160,1,0,144.945,0,0,0,144.945,0
72.29,2.05507,0,0,7.77334,0.303367,5.4149,3.6288,61.308,0.308069,0,0,4.29892,0.180092,3.81076,0.66528,12.849,1,0.365274,5.4149,0,161.993,3.43135,163.611,0.84672,12.849,0.84672,3695.15,0,18.483,0,5.83282,1.53522,18.9275,0.87982,25.4157,0.42336,18.483,0.42336,0,0,442.007,0,1.02816,0,0,6.86098,5.83282,1.028160,1,0,192.838,0,0,0,192.838,0
72.29,2.05519,0,0,7.33707,0.295669,4.98622,3.6288,61.308,0.308143,0,0,4.06797,0.165382,3.59445,0.66528,12.849,1,0.365294,4.98622,0,145.024,3.09677,146.548,0.84672,12.849,0.84672,3695.15,0,18.483,0,5.70711,1.58441,17.2528,0.782093,23.7622,0.42336,18.483,0.42336,0,0,442.007,0,1.02816,0,0,6.73527,5.70711,1.028160,1,0,173.905,0,0,0,173.905,0
72.29,2.0553,0,0,6.03514,0.295669,3.68417,3.6288,61.308,0.308216,0,0,3.78374,0.165382,3.31014,0.66528,12.849,1,0.365314,3.68417,0,109.902,3.09677,110.124,0.84672,12.849,0.84672,3695.15,0,18.483,0,5.36544,1.5845,14.4566,0.782093,20.6245,0.42336,18.483,0.42336,0,0,442.007,0,1.02816,0,0,6.3936,5.36544,1.028160,1,0,134.058,0,0,0,134.058,0
72.29,2.05541,0,0,10.7984,0.295669,8.44728,3.6288,61.308,0.30829,0,0,5.68102,0.165382,5.20734,0.66528,12.849,1,0.365334,8.44728,0,158.91,3.09677,163.896,0.84672,12.849,0.84672,3695.15,0,18.483,0,8.00211,1.58459,21.8754,0.782093,30.68,0.42336,18.483,0.42336,0,0,442.007,0,1.02816,0,0,9.03027,8.00211,1.028160,1,0,199.783,0,0,0,199.783,0
72.29,2.25602,0,0,6.48959,0.335898,3.89767,3.6288,61.308,0.465511,0,0,2.98664,0.157008,2.36412,0.66528,12.849,1,0.40099,3.89767,0,106.345,2.99714,106.845,0.84672,12.849,0.84672,3695.15,0,18.483,0,3.69141,1.58467,12.585,0.799187,17.0619,0.42336,18.483,0.42336,0,0,442.007,0,1.02816,0,0,4.71957,3.69141,1.028160,1,0,126.271,0,0,0,126.271,0
72.29,2.25614,0,0,4.01441,0.340005,1.41826,3.6288,61.308,0.465593,0,0,2.78535,0.161146,2.15862,0.66528,12.849,1,0.401012,1.41826,0,80.8998,3.11157,78.8055,0.84672,12.849,0.84672,3695.15,0,18.483,0,3.15044,1.76003,9.93013,0.843032,13.9976,0.42336,18.483,0.42336,0,0,442.007,0,1.02816,0,0,4.1786,3.15044,1.028160,1,0,94.9616,0,0,0,94.9616,0
72.29,2.25627,0,0,4.55966,0.317894,1.9855,3.6288,61.308,0.465676,0,0,2.86457,0.180711,2.21818,0.66528,12.849,1,0.401034,1.9855,0,82.3435,4.21514,79.7129,0.84672,12.849,0.84672,3695.15,0,18.483,0,3.47715,1.76013,11.2356,1.22911,15.2438,0.42336,18.483,0.42336,0,0,442.007,0,1.02816,0,0,4.50531,3.47715,1.028160,1,0,97.1748,0,0,0,97.1748,0
72.29,2.25639,0,0,4.44891,0.282217,1.9103,3.6288,61.308,0.465758,0,0,3.0119,0.190624,2.35552,0.66528,12.849,1,0.401057,1.9103,0,88.6827,3.78479,86.4071,0.84672,12.849,0.84672,3695.15,0,18.483,0,4.05808,1.76022,12.9012,0.980812,17.7387,0.42336,18.483,0.42336,0,0,442.007,0,1.02816,0,0,5.08624,4.05808,1.028160,1,0,106.501,0,0,0,106.501,0
72.29,1.97049,0,0,5.24919,0.327268,2.95143,3.6288,61.308,0.254901,0,0,2.59081,0.183595,2.15231,0.66528,12.849,1,0.350239,2.95143,0,114.839,3.36538,114.074,0.84672,12.849,0.84672,3695.15,0,18.483,0,3.20185,1.76032,8.76217,0.956498,12.7678,0.42336,18.483,0.42336,0,0,442.007,0,1.02816,0,0,4.23001,3.20185,1.028160,1,0,128.995,0,0,0,128.995,0
72.29,1.9706,0,0,5.97078,0.335695,3.66449,3.6288,61.308,0.254972,0,0,2.91189,0.181996,2.47492,0.66528,12.849,1,0.350259,3.66449,0,144.433,3.31097,144.436,0.84672,12.849,0.84672,3695.15,0,18.483,0,5.29843,1.52061,10.2095,0.9609,16.0677,0.42336,18.483,0.42336,0,0,442.007,0,1.02816,0,0,6.32659,5.29843,1.028160,1,0,162.979,0,0,0,162.979,0
72.29,1.97071,0,0,6.19373,0.335695,3.88733,3.6288,61.308,0.255043,0,0,3.35832,0.181996,2.92129,0.66528,12.849,1,0.350278,3.88733,0,155.867,3.31097,156.093,0.84672,12.849,0.84672,3695.15,0,18.483,0,4.24615,1.5207,13.1989,0.9609,18.0048,0.42336,18.483,0.42336,0,0,442.007,0,1.02816,0,0,5.27431,4.24615,1.028160,1,0,177.02,0,0,0,177.02,0
72.29,1.97082,0,0,6.4416,0.319015,4.15177,3.6288,61.308,0.255114,0,0,3.33813,0.205547,2.87747,0.66528,12.849,1,0.350297,4.15177,0,116.892,3.9847,116.709,0.84672,12.849,0.84672,3695.15,0,18.483,0,4.49633,1.52078,10.843,1.05721,15.8029,0.42336,18.483,0.42336,0,0,442.007,0,1.02816,0,0,5.52449,4.49633,1.028160,1,0,135.389,0,0,0,135.389,0
72.29,1.97092,0,0,5.12519,0.307596,2.84667,3.6288,61.308,0.255185,0,0,1.83057,0.221108,1.35427,0.66528,12.849,1,0.350317,2.84667,0,113.052,4.27437,111.274,0.84672,12.849,0.84672,3695.15,0,18.483,0,2.9873,1.52086,7.79458,1.07576,11.227,0.42336,18.483,0.42336,0,0,442.007,0,1.02816,0,0,4.01546,2.9873,1.028160,1,0,123.855,0,0,0,123.855,0
72.29,2.04305,0,0,5.05592,0.309052,2.70382,3.6288,61.308,0.306873,0,0,2.48738,0.218305,1.9622,0.66528,12.849,1,0.363137,2.70382,0,119.458,3.98685,117.812,0.84672,12.849,0.84672,3695.15,0,18.483,0,3.74802,1.52095,12.1718,1.00418,16.4366,0.42336,18.483,0.42336,0,0,442.007,0,1.02816,0,0,4.77618,3.74802,1.028160,1,0,136.211,0,0,0,136.211,0
72.29,2.04316,0,0,4.03191,0.309052,1.67969,3.6288,61.308,0.306947,0,0,1.39971,0.218305,0.874463,0.66528,12.849,1,0.363157,1.67969,0,102.417,3.98685,99.7465,0.84672,12.849,0.84672,3695.15,0,18.483,0,2.48813,1.58026,8.34298,1.00418,11.4072,0.42336,18.483,0.42336,0,0,442.007,0,1.02816,0,0,3.51629,2.48813,1.028160,1,0,112.028,0,0,0,112.028,0
72.29,2.04328,0,0,4.38483,0.309052,2.03251,3.6288,61.308,0.307021,0,0,1.97094,0.218305,1.44561,0.66528,12.849,1,0.363177,2.03251,0,124.18,3.98685,121.863,0.84672,12.849,0.84672,3695.15,0,18.483,0,3.25762,1.58034,9.0607,1.00418,12.8945,0.42336,18.483,0.42336,0,0,442.007,0,1.02816,0,0,4.28578,3.25762,1.028160,1,0,136.203,0,0,0,136.203,0
72.29,2.04339,0,0,4.83379,0.28442,2.50598,3.6288,61.308,0.307094,0,0,1.35253,0.231259,0.814178,0.66528,12.849,1,0.363197,2.50598,0,117.873,4.37772,115.638,0.84672,12.849,0.84672,3695.15,0,18.483,0,2.66626,1.58043,10.3426,1.04687,13.5424,0.42336,18.483,0.42336,0,0,442.007,0,1.02816,0,0,3.69442,2.66626,1.028160,1,0,129.995,0,0,0,129.995,0
72.29,2.01534,0,0,4.24407,0.204034,2.0247,3.6288,61.308,0.287116,0,0,1.45575,0.227233,0.941405,0.66528,12.849,1,0.358211,2.0247,0,102.729,4.54881,99.8464,0.84672,12.849,0.84672,3695.15,0,18.483,0,1.99752,1.58052,7.07649,1.14462,9.5099,0.42336,18.483,0.42336,0,0,442.007,0,1.02816,0,0,3.02568,1.99752,1.028160,1,0,110.298,0,0,0,110.298,0
72.29,2.01545,0,0,3.46388,0.204034,1.2444,3.6288,61.308,0.287188,0,0,1.26859,0.227233,0.754164,0.66528,12.849,1,0.358231,1.2444,0,88.7285,4.54881,85.0658,0.84672,12.849,0.84672,3695.15,0,18.483,0,1.63506,1.55755,6.48427,1.14462,8.53225,0.42336,18.483,0.42336,0,0,442.007,0,1.02816,0,0,2.66322,1.63506,1.028160,1,0,94.3522,0,0,0,94.3522,0
72.29,2.01556,0,0,3.2982,0.204034,1.07861,3.6288,61.308,0.287261,0,0,1.10627,0.227233,0.591771,0.66528,12.849,1,0.35825,1.07861,0,79.2081,4.54881,75.3796,0.84672,12.849,0.84672,3695.15,0,18.483,0,1.13816,1.55763,6.57975,1.14462,8.13092,0.42336,18.483,0.42336,0,0,442.007,0,1.02816,0,0,2.16632,1.13816,1.028160,1,0,84.1023,0,0,0,84.1023,0
72.29,2.01567,0,0,2.89678,0.169089,0.712016,3.6288,61.308,0.287334,0,0,0.933276,0.244465,0.401477,0.66528,12.849,1,0.35827,0.712016,0,73.3467,4.49323,69.2072,0.84672,12.849,0.84672,3695.15,0,18.483,0,1.25774,1.55772,5.59993,1.11392,7.30147,0.42336,18.483,0.42336,0,0,442.007,0,1.02816,0,0,2.2859,1.25774,1.028160,1,0,76.9101,0,0,0,76.9101,0
72.29,2.1114,0,0,2.63324,0.13616,0.385674,3.6288,61.308,0.358533,0,0,1.03738,0.249257,0.429589,0.66528,12.849,1,0.375286,0.385674,0,54.9231,4.34181,50.5917,0.84672,12.849,0.84672,3695.15,0,18.483,0,1.25295,1.55781,5.00917,1.09384,6.72608,0.42336,18.483,0.42336,0,0,442.007,0,1.02816,0,0,2.28111,1.25295,1.028160,1,0,57.7473,0,0,0,57.7473,0
72.2039,2.11152,0,0,2.52996,0.141626,0.36288,3.6288,61.308,0.358609,0,0,0.937207,0.241983,0.336614,0.66528,12.849,1,0.375307,0.36288,0,45.5509,4.31088,41.2276,0.84672,12.849,0.84672,3695.15,0,18.483,0,0.80892,1.63853,4.46677,1.10218,5.81203,0.42336,18.483,0.42336,0,0,442.007,0,1.02816,0,0,1.83708,0.80892,1.028160,1,0,47.3762,0,0,0,47.3762,0
71.869,2.11088,0,0,2.2516,0.11276,0.36288,3.6288,61.308,0.358686,0,0,0.889566,0.26087,0.27001,0.66528,12.849,1,0.37564,0.36288,0,40.2973,4.52508,35.7595,0.84672,12.849,0.84672,3695.15,0,18.483,0,0.731661,1.63862,4.34522,1.15691,5.55859,0.42336,18.483,0.42336,0,0,442.007,0,1.02816,0,0,1.75982,0.731661,1.028160,1,0,41.5881,0,0,0,41.5881,0
71.4389,2.10802,0,0,2.13175,0.0909479,0.36288,3.6288,61.308,0.358762,0,0,0.852509,0.275035,0.218711,0.66528,12.849,1,0.376879,0.36288,0,38.3972,4.68573,33.6975,0.84672,12.849,0.84672,3695.15,0,18.483,0,0.627731,1.63871,4.29727,1.19796,5.36575,0.42336,18.483,0.42336,0,0,442.007,0,1.02816,0,0,1.65589,0.627731,1.028160,1,0,39.2819,0,0,0,39.2819,0
70.8268,2.10429,0,0,1.93823,0.0832049,0.36288,3.6288,61.308,0.358839,0,0,0.90777,0.272958,0.275973,0.66528,12.849,1,0.378478,0.36288,0,41.6083,4.96023,36.6324,0.84672,12.849,0.84672,3695.15,0,18.483,0,0.654307,1.6388,4.22544,1.25103,5.26752,0.42336,18.483,0.42336,0,0,442.007,0,1.02816,0,0,1.68247,0.654307,1.028160,1,0,42.1759,0,0,0,42.1759,0
70.0674,2.08008,0,0,1.75653,0.0729354,0.36288,3.6288,61.308,0.398018,0,0,1.008,0.270188,0.339796,0.66528,12.849,1,0.377356,0.36288,0,46.5038,5.32623,41.1631,0.84672,12.849,0.84672,3695.15,0,18.483,0,0.730063,1.63889,4.05003,1.3218,5.09719,0.42336,18.483,0.42336,0,0,442.007,0,1.02816,0,0,1.75822,0.730063,1.028160,1,0,46.6,0,0,0,46.6,0
69.1964,2.0733,0,0,1.63768,0.0725104,0.36288,3.6288,61.308,0.398097,0,0,0.968553,0.270188,0.300267,0.66528,12.849,1,0.380203,0.36288,0,45.8886,5.32623,40.545,0.84672,12.849,0.84672,3695.15,0,18.483,0,0.659215,1.66411,4.1384,1.3218,5.13993,0.42336,18.483,0.42336,0,0,442.007,0,1.02816,0,0,1.68737,0.659215,1.028160,1,0,45.9852,0,0,0,45.9852,0
68.1796,2.06538,0,0,1.4835,0.072023,0.36288,3.6288,61.308,0.398176,0,0,0.925517,0.270188,0.257153,0.66528,12.849,1,0.383519,0.36288,0,45.0967,5.32623,39.7499,0.84672,12.849,0.84672,3695.15,0,18.483,0,0.575363,1.6642,3.90957,1.3218,4.82734,0.42336,18.483,0.42336,0,0,442.007,0,1.02816,0,0,1.60352,0.575363,1.028160,1,0,44.8344,0,0,0,44.8344,0
67.0447,2.05594,0,0,1.35074,0.0668422,0.36288,3.6288,61.308,0.398255,0,0,0.875284,0.281157,0.195872,0.66528,12.849,1,0.387459,0.36288,0,39.6985,5.46738,34.2065,0.84672,12.849,0.84672,3695.15,0,18.483,0,0.422202,1.6643,3.79455,1.37332,4.50772,0.42336,18.483,0.42336,0,0,442.007,0,1.02816,0,0,1.45036,0.422202,1.028160,1,0,38.9101,0,0,0,38.9101,0
66.04,2.09288,0,0,1.49245,0.041401,0.36288,3.6288,61.308,0.433191,0,0,0.972864,0.300942,0.238731,0.66528,12.849,1,0.401098,0.36288,0,39.8791,5.5838,34.2571,0.84672,12.849,0.84672,3695.15,0,18.483,0,0.484091,1.66439,3.23911,1.4317,3.95588,0.42336,18.483,0.42336,0,0,442.007,0,1.02816,0,0,1.51225,0.484091,1.028160,1,0,38.4517,0,0,0,38.4517,0
64.9504,2.08291,0,0,1.39729,0.0410723,0.36288,3.6288,61.308,0.433271,0,0,0.938148,0.300942,0.203935,0.66528,12.849,1,0.405259,0.36288,0,37.4086,5.5838,31.7824,0.84672,12.849,0.84672,3695.15,0,18.483,0,0.494839,1.70454,3.35033,1.4317,4.118,0.42336,18.483,0.42336,0,0,442.007,0,1.02816,0,0,1.523,0.494839,1.028160,1,0,36.1044,0,0,0,36.1044,0
63.7104,2.07184,0,0,1.23546,0.0407158,0.36288,3.6288,61.308,0.433352,0,0,0.883155,0.300942,0.148861,0.66528,12.849,1,0.409867,0.36288,0,35.3374,5.5838,29.7066,0.84672,12.849,0.84672,3695.15,0,18.483,0,0.337038,1.70463,3.14302,1.4317,3.75299,0.42336,18.483,0.42336,0,0,442.007,0,1.02816,0,0,1.3652,0.337038,1.028160,1,0,33.6085,0,0,0,33.6085,0
62.3739,2.05891,0,0,1.11643,0.0311456,0.36288,3.6288,61.308,0.433433,0,0,0.874428,0.306122,0.134874,0.66528,12.849,1,0.415238,0.36288,0,33.4976,5.73334,27.7119,0.84672,12.849,0.84672,3695.15,0,18.483,0,0.296309,1.70472,3.13607,1.46158,3.67552,0.42336,18.483,0.42336,0,0,442.007,0,1.02816,0,0,1.32447,0.296309,1.028160,1,0,31.5223,0,0,0,31.5223,0
60.7071,2.18113,0,0,0.892443,0.0152546,0.36288,3.6288,61.2926,0.559357,0,0,0.848111,0.304202,0,0.66528,12.849,1,0.449312,0.36288,0,28.9071,5.79837,23.0223,0.84672,12.849,0.84672,3695.15,0,18.483,0,0.418686,1.70482,3.2115,1.44329,3.89171,0.42336,18.483,0.42336,0,0,442.007,0,1.02816,0,0,1.44685,0.418686,1.028160,1,0,26.914,0,0,0,26.914,0
58.9661,2.16141,0,0,0.790672,0.00736731,0.36288,3.6288,61.1969,0.559445,0,0,0.768347,0.304549,0,0.66528,12.849,1,0.457475,0.36288,0,24.4979,5.76723,18.6361,0.84672,12.849,0.84672,3695.15,0,18.483,0,0.468003,1.84058,3.30677,1.47754,4.13781,0.42336,18.483,0.42336,0,0,442.007,0,1.02816,0,0,1.49616,0.468003,1.028160,1,0,22.7739,0,0,0,22.7739,0
57.2631,2.14002,0,0,0.807175,0.00724888,0.36288,3.6288,61.0688,0.559532,0,0,0.735843,0.304365,0,0.66528,12.849,1,0.466321,0.36288,0,22.6016,5.76723,16.731,0.84672,12.849,0.84672,3695.15,0,18.483,0,0.407108,1.84068,3.39003,1.47754,4.16029,0.42336,18.483,0.42336,0,0,442.007,0,1.02816,0,0,1.43527,0.407108,1.028160,1,0,20.8912,0,0,0,20.8912,0
55.9733,2.11828,0,0,1.2029,0.0116229,0.36288,3.6288,61.0773,0.55962,0,0,0.871154,0.303047,0,0.66528,12.849,1,0.47531,0.36288,0,29.0944,5.73754,23.2444,0.84672,12.849,0.84672,3695.15,0,18.483,0,0.700946,1.84079,3.71536,1.4739,4.7832,0.42336,18.483,0.42336,0,0,442.007,0,1.02816,0,0,1.72911,0.700946,1.028160,1,0,28.0276,0,0,0,28.0276,0
55.2393,2.10127,0,0,1.76259,0.0324212,0.36288,3.6288,61.308,0.559708,0,0,1.09935,0.272432,0.0365497,0.66528,12.849,1,0.482359,0.36288,0,43.7644,5.47956,38.1653,0.84672,12.849,0.84672,3695.15,0,18.483,0,0.798492,1.84089,4.62517,1.40421,5.86034,0.42336,18.483,0.42336,0,0,442.007,0,1.02816,0,0,1.82665,0.798492,1.028160,1,0,44.0622,0,0,0,44.0622,0
54.2596,2.0276,0,0,1.46712,0.0562683,0.36288,3.6288,61.308,0.483392,0,0,0.868044,0.201051,0.183601,0.66528,12.849,1,0.471633,0.36288,0,35.1538,4.46275,30.5823,0.84672,12.849,0.84672,3695.15,0,18.483,0,0.445746,1.84099,5.09987,1.10382,6.28279,0.42336,18.483,0.42336,0,0,442.007,0,1.02816,0,0,1.47391,0.445746,1.028160,1,0,37.0487,0,0,0,37.0487,0
53.5149,2.01455,0,0,1.69708,0.0644375,0.36288,3.6288,61.308,0.483476,0,0,1.55597,0.198905,0.873588,0.66528,12.849,1,0.477057,0.36288,0,40.5072,4.40338,35.9896,0.84672,12.849,0.84672,3695.15,0,18.483,0,1.41015,1.76332,7.37696,1.09653,9.4539,0.42336,18.483,0.42336,0,0,442.007,0,1.02816,0,0,2.43831,1.41015,1.028160,1,0,46.3171,0,0,0,46.3171,0
52.7185,2.00445,0,0,1.63495,0.0639519,0.36288,3.6288,61.308,0.483559,0,0,1.4289,0.198905,0.746436,0.66528,12.849,1,0.481272,0.36288,0,38.8498,4.40338,34.328,0.84672,12.849,0.84672,3695.15,0,18.483,0,1.34086,1.76342,6.32765,1.09653,8.33539,0.42336,18.483,0.42336,0,0,442.007,0,1.02816,0,0,2.36902,1.34086,1.028160,1,0,43.4098,0,0,0,43.4098,0
51.9072,1.99344,0,0,1.60846,0.0634326,0.36288,3.6288,61.308,0.483642,0,0,1.63354,0.198905,0.950991,0.66528,12.849,1,0.485858,0.36288,0,37.9512,4.40338,33.4248,0.84672,12.849,0.84672,3695.15,0,18.483,0,1.82179,1.76352,7.15878,1.09653,9.64754,0.42336,18.483,0.42336,0,0,442.007,0,1.02816,0,0,2.84995,1.82179,1.028160,1,0,44.0234,0,0,0,44.0234,0
51.5923,1.9308,0,0,2.09201,0.113258,0.36288,3.6288,61.308,0.414164,0,0,0.969192,0.184263,0.370765,0.66528,12.849,1,0.477947,0.36288,0,48.8695,4.35962,44.3948,0.84672,12.849,0.84672,3695.15,0,18.483,0,1.14351,1.76361,6.50693,1.01219,8.40187,0.42336,18.483,0.42336,0,0,442.007,0,1.02816,0,0,2.17167,1.14351,1.028160,1,0,53.1674,0,0,0,53.1674,0
52.03,1.92648,0,0,2.90206,0.174999,0.36288,3.6288,61.308,0.414244,0,0,1.09543,0.138334,0.542853,0.66528,12.849,1,0.479788,0.36288,0,45.3721,3.64728,41.6079,0.84672,12.849,0.84672,3695.15,0,18.483,0,1.02411,1.69458,7.46461,0.754543,9.42876,0.42336,18.483,0.42336,0,0,442.007,0,1.02816,0,0,2.05227,1.02411,1.028160,1,0,51.5795,0,0,0,51.5795,0
53.4286,1.93273,0,0,3.86999,0.175795,0.36288,3.6288,61.308,0.414324,0,0,1.22586,0.138334,0.673203,0.66528,12.849,1,0.477296,0.36288,0,55.0833,3.64728,51.3216,0.84672,12.849,0.84672,3695.15,0,18.483,0,1.46859,1.69467,8.76087,0.754543,11.1696,0.42336,18.483,0.42336,0,0,442.007,0,1.02816,0,0,2.49675,1.46859,1.028160,1,0,63.1644,0,0,0,63.1644,0
54.4926,1.95205,0,0,3.55731,0.17834,0.36288,3.6288,61.308,0.414403,0,0,2.03384,0.138334,1.4811,0.66528,12.849,1,0.469446,0.36288,0,97.0523,3.64728,93.2984,0.84672,12.849,0.84672,3695.15,0,18.483,0,1.44733,1.69477,11.7707,0.754543,14.1583,0.42336,18.483,0.42336,0,0,442.007,0,1.02816,0,0,2.47549,1.44733,1.028160,1,0,108.938,0,0,0,108.938,0
55.6856,1.81826,0,0,3.58132,0.207234,0.36288,3.6288,61.308,0.269574,0,0,2.04877,0.185816,1.59338,0.66528,12.849,1,0.428733,0.36288,0,78.6097,3.98988,74.554,0.84672,12.849,0.84672,3695.15,0,18.483,0,1.80795,1.69486,7.72454,0.964358,10.263,0.42336,18.483,0.42336,0,0,442.007,0,1.02816,0,0,2.83611,1.80795,1.028160,1,0,86.4104,0,0,0,86.4104,0
58.2899,1.83269,0,0,5.03011,0.23019,0.36288,3.6288,61.308,0.269646,0,0,3.63582,0.221427,3.14475,0.66528,12.849,1,0.422879,0.36288,0,80.0215,4.24683,75.7147,0.84672,12.849,0.84672,3695.15,0,18.483,0,3.97828,1.53929,14.6178,1.12172,19.0136,0.42336,18.483,0.42336,0,0,442.007,0,1.02816,0,0,5.00644,3.97828,1.028160,1,0,97.873,0,0,0,97.873,0
59.7104,1.86276,0,0,3.88227,0.23617,0.36288,3.6288,61.308,0.269717,0,0,1.40509,0.221427,0.913944,0.66528,12.849,1,0.410613,0.36288,0,64.7363,4.24683,60.4418,0.84672,12.849,0.84672,3695.15,0,18.483,0,2.31604,1.53937,6.56361,1.12172,9.2973,0.42336,18.483,0.42336,0,0,442.007,0,1.02816,0,0,3.3442,2.31604,1.028160,1,0,70.653,0,0,0,70.653,0
61.0434,1.87849,0,0,3.81062,0.236221,0.36288,3.6288,61.308,0.269789,0,0,1.21503,0.235461,0.709784,0.66528,12.849,1,0.404229,0.36288,0,63.5014,4.29861,59.1614,0.84672,12.849,0.84672,3695.15,0,18.483,0,1.26611,1.53946,7.83389,1.16168,9.47778,0.42336,18.483,0.42336,0,0,442.007,0,1.02816,0,0,2.29427,1.26611,1.028160,1,0,69.349,0,0,0,69.349,0
61.9955,1.89281,0,0,3.44248,0.234667,0.36288,3.6288,61.308,0.269861,0,0,0.813652,0.26307,0.280721,0.66528,12.849,1,0.398418,0.36288,0,74.4567,4.41042,70.0107,0.84672,12.849,0.84672,3695.15,0,18.483,0,0.765279,1.53954,4.84447,1.24363,5.90566,0.42336,18.483,0.42336,0,0,442.007,0,1.02816,0,0,1.79344,0.765279,1.028160,1,0,76.1971,0,0,0,76.1971,0
65.5392,1.96244,0,0,6.11316,0.244135,0.36288,3.6288,61.308,0.311904,0,0,1.63166,0.205807,1.11395,0.66528,12.849,1,0.406729,0.36288,0,100.471,3.87582,96.5514,0.84672,12.849,0.84672,3695.15,0,18.483,0,1.9183,1.53963,11.3735,1.08247,13.749,0.42336,18.483,0.42336,0,0,442.007,0,1.02816,0,0,2.94646,1.9183,1.028160,1,0,111.414,0,0,0,111.414,0
71.928,1.99882,0,0,8.99005,0.239596,0.36288,3.6288,61.308,0.311971,0,0,2.17538,0.196506,1.6669,0.66528,12.849,1,0.39187,0.36288,0,205.112,3.55425,201.529,0.84672,12.849,0.84672,3695.15,0,18.483,0,3.12506,1.58896,15.3821,1.0423,19.0538,0.42336,18.483,0.42336,0,0,442.007,0,1.02816,0,0,4.15322,3.12506,1.028160,1,0,222.249,0,0,0,222.249,0
72.29,2.05805,0,0,5.17902,0.251838,2.50713,3.6288,61.308,0.312038,0,0,2.30748,0.196506,1.79894,0.66528,12.849,1,0.367643,2.50713,0,116.502,3.55425,115.087,0.84672,12.849,0.84672,3695.15,0,18.483,0,3.35388,1.58904,13.7821,1.0423,17.6827,0.42336,18.483,0.42336,0,0,442.007,0,1.02816,0,0,4.38204,3.35388,1.028160,1,0,134.569,0,0,0,134.569,0
72.29,2.06128,0,0,4.72385,0.247671,2.4149,3.6288,61.308,0.312105,0,0,2.09823,0.197745,1.58838,0.66528,12.849,1,0.366377,2.4149,0,119.114,3.63789,117.524,0.84672,12.849,0.84672,3695.15,0,18.483,0,2.98846,1.58912,11.1669,1.01828,14.7262,0.42336,18.483,0.42336,0,0,442.007,0,1.02816,0,0,4.01662,2.98846,1.028160,1,0,133.839,0,0,0,133.839,0
72.29,2.26245,0,0,4.70335,0.25859,2.18231,3.6288,61.308,0.469767,0,0,1.65176,0.158718,1.02328,0.66528,12.849,1,0.402133,2.18231,0,92.8506,3.13196,91.4988,0.84672,12.849,0.84672,3695.15,0,18.483,0,1.79609,1.5892,9.68734,0.922322,12.1503,0.42336,18.483,0.42336,0,0,442.007,0,1.02816,0,0,2.82425,1.79609,1.028160,1,0,104.672,0,0,0,104.672,0
72.29,2.26256,0,0,3.32742,0.274623,0.790236,3.6288,61.308,0.469842,0,0,2.70259,0.14023,2.09252,0.66528,12.849,1,0.402153,0.790236,0,82.6511,2.72884,80.3103,0.84672,12.849,0.84672,3695.15,0,18.483,0,2.21916,1.76504,12.9551,0.941582,15.9977,0.42336,18.483,0.42336,0,0,442.007,0,1.02816,0,0,3.24732,2.21916,1.028160,1,0,98.4006,0,0,0,98.4006,0
72.29,2.26267,0,0,4.46259,0.274623,1.9253,3.6288,61.308,0.469917,0,0,1.96058,0.14023,1.35043,0.66528,12.849,1,0.402173,1.9253,0,131.503,2.72884,130.297,0.84672,12.849,0.84672,3695.15,0,18.483,0,3.15547,1.76513,13.501,0.941582,17.48,0.42336,18.483,0.42336,0,0,442.007,0,1.02816,0,0,4.18363,3.15547,1.028160,1,0,149.127,0,0,0,149.127,0
72.29,2.26279,0,0,4.05722,0.335385,1.45905,3.6288,61.308,0.469992,0,0,2.0483,0.127568,1.45074,0.66528,12.849,1,0.402193,1.45905,0,112.057,2.8443,110.27,0.84672,12.849,0.84672,3695.15,0,18.483,0,4.32811,1.76522,12.8774,0.895055,18.0757,0.42336,18.483,0.42336,0,0,442.007,0,1.02816,0,0,5.35627,4.32811,1.028160,1,0,129.796,0,0,0,129.796,0
72.29,1.97606,0,0,8.67136,0.342271,6.35303,3.6288,61.308,0.258531,0,0,4.0785,0.114786,3.70519,0.66528,12.849,1,0.35123,6.35303,0,142.682,3.01102,145.673,0.84672,12.849,0.84672,3695.15,0,18.483,0,5.36452,1.76531,17.3472,0.905671,23.5714,0.42336,18.483,0.42336,0,0,442.007,0,1.02816,0,0,6.39268,5.36452,1.028160,1,0,172.949,0,0,0,172.949,0
72.29,1.97616,0,0,6.35575,0.334869,4.04472,3.6288,61.308,0.258596,0,0,3.29105,0.0959579,2.9365,0.66528,12.849,1,0.351248,4.04472,0,102.392,3.11545,102.97,0.84672,12.849,0.84672,3695.15,0,18.483,0,3.71497,1.52491,13.7454,0.889361,18.0959,0.42336,18.483,0.42336,0,0,442.007,0,1.02816,0,0,4.74313,3.71497,1.028160,1,0,124.002,0,0,0,124.002,0
72.29,1.97626,0,0,4.9336,0.334869,2.62246,3.6288,61.308,0.25866,0,0,2.5619,0.0959579,2.20728,0.66528,12.849,1,0.351266,2.62246,0,107.895,3.11545,107.051,0.84672,12.849,0.84672,3695.15,0,18.483,0,2.64474,1.52499,11.1219,0.889361,14.4023,0.42336,18.483,0.42336,0,0,442.007,0,1.02816,0,0,3.6729,2.64474,1.028160,1,0,123.661,0,0,0,123.661,0
72.29,1.97636,0,0,3.98691,0.300885,1.70966,3.6288,61.308,0.258725,0,0,1.71526,0.077909,1.37863,0.66528,12.849,1,0.351283,1.70966,0,88.0615,2.85387,86.566,0.84672,12.849,0.84672,3695.15,0,18.483,0,1.86196,1.52507,9.82195,0.851785,12.3572,0.42336,18.483,0.42336,0,0,442.007,0,1.02816,0,0,2.89012,1.86196,1.028160,1,0,100.302,0,0,0,100.302,0
72.29,1.97646,0,0,5.00639,0.272836,2.75709,3.6288,61.308,0.25879,0,0,2.38554,0.0779748,2.04877,0.66528,12.849,1,0.351301,2.75709,0,95.9049,2.95521,95.3554,0.84672,12.849,0.84672,3695.15,0,18.483,0,3.27411,1.52514,10.7241,0.845877,14.6775,0.42336,18.483,0.42336,0,0,442.007,0,1.02816,0,0,4.30227,3.27411,1.028160,1,0,112.082,0,0,0,112.082,0
72.29,2.04878,0,0,5.40942,0.315994,3.04464,3.6288,61.308,0.310617,0,0,2.23878,0.138302,1.78986,0.66528,12.849,1,0.364155,3.04464,0,107.544,4.08051,106.144,0.84672,12.849,0.84672,3695.15,0,18.483,0,4.0287,1.52522,9.66384,0.956363,14.2614,0.42336,18.483,0.42336,0,0,442.007,0,1.02816,0,0,5.05686,4.0287,1.028160,1,0,122.195,0,0,0,122.195,0
72.29,2.04888,0,0,4.72681,0.315994,2.36193,3.6288,61.308,0.310684,0,0,2.84482,0.138302,2.39583,0.66528,12.849,1,0.364173,2.36193,0,68.9446,4.08051,66.8619,0.84672,12.849,0.84672,3695.15,0,18.483,0,3.75371,1.58469,9.37682,0.956363,13.7589,0.42336,18.483,0.42336,0,0,442.007,0,1.02816,0,0,4.78187,3.75371,1.028160,1,0,83.0165,0,0,0,83.0165,0
72.29,2.04898,0,0,4.15299,0.315994,1.78801,3.6288,61.308,0.310751,0,0,1.99485,0.138302,1.54579,0.66528,12.849,1,0.364191,1.78801,0,76.8709,4.08051,74.2143,0.84672,12.849,0.84672,3695.15,0,18.483,0,2.87495,1.58477,8.29336,0.956363,11.7967,0.42336,18.483,0.42336,0,0,442.007,0,1.02816,0,0,3.90311,2.87495,1.028160,1,0,87.5568,0,0,0,87.5568,0
72.29,2.04909,0,0,3.52331,0.280282,1.19394,3.6288,61.308,0.310818,0,0,1.56594,0.157333,1.09779,0.66528,12.849,1,0.36421,1.19394,0,71.5211,4.31319,68.0376,0.84672,12.849,0.84672,3695.15,0,18.483,0,2.27409,1.58485,8.07901,1.00216,10.9358,0.42336,18.483,0.42336,0,0,442.007,0,1.02816,0,0,3.30225,2.27409,1.028160,1,0,80.0712,0,0,0,80.0712,0
72.29,2.02095,0,0,3.134,0.293904,0.819145,3.6288,61.308,0.290777,0,0,1.04048,0.147564,0.60214,0.66528,12.849,1,0.359208,0.819145,0,48.1878,3.73597,44.9117,0.84672,12.849,0.84672,3695.15,0,18.483,0,1.12217,1.58493,5.2935,0.966466,7.03414,0.42336,18.483,0.42336,0,0,442.007,0,1.02816,0,0,2.15033,1.12217,1.028160,1,0,52.548,0,0,0,52.548,0
72.29,2.02105,0,0,2.79645,0.27263,0.50277,3.6288,61.308,0.290843,0,0,0.872709,0.177647,0.404219,0.66528,12.849,1,0.359226,0.50277,0,42.8169,4.0521,38.9083,0.84672,12.849,0.84672,3695.15,0,18.483,0,0.962539,1.56188,4.80635,0.991362,6.33942,0.42336,18.483,0.42336,0,0,442.007,0,1.02816,0,0,1.9907,0.962539,1.028160,1,0,45.652,0,0,0,45.652,0
72.29,2.02115,0,0,2.6318,0.216451,0.394204,3.6288,61.308,0.290909,0,0,0.867931,0.203806,0.373216,0.66528,12.849,1,0.359244,0.394204,0,39.9295,4.28274,35.6817,0.84672,12.849,0.84672,3695.15,0,18.483,0,0.932213,1.56196,4.78312,1.00513,6.27216,0.42336,18.483,0.42336,0,0,442.007,0,1.02816,0,0,1.96037,0.932213,1.028160,1,0,42.3271,0,0,0,42.3271,0
72.2257,2.02125,0,0,2.53627,0.216451,0.36288,3.6288,61.308,0.290976,0,0,0.867456,0.203806,0.372674,0.66528,12.849,1,0.359262,0.36288,0,38.1766,4.28274,33.8975,0.84672,12.849,0.84672,3695.15,0,18.483,0,1.00103,1.56204,5.25586,1.00513,6.8138,0.42336,18.483,0.42336,0,0,442.007,0,1.02816,0,0,2.02919,1.00103,1.028160,1,0,41.084,0,0,0,41.084,0
72.0823,2.11667,0,0,2.53922,0.203025,0.36288,3.6288,61.308,0.362365,0,0,0.878541,0.220462,0.295715,0.66528,12.849,1,0.376557,0.36288,0,37.3226,4.74246,32.5664,0.84672,12.849,0.84672,3695.15,0,18.483,0,0.73688,1.56212,4.53417,1.09279,5.74038,0.42336,18.483,0.42336,0,0,442.007,0,1.02816,0,0,1.76504,0.73688,1.028160,1,0,38.6025,0,0,0,38.6025,0
71.7215,2.1155,0,0,2.31034,0.192825,0.36288,3.6288,61.308,0.362434,0,0,0.720204,0.232953,0.124817,0.66528,12.849,1,0.377098,0.36288,0,34.6564,5.08725,29.555,0.84672,12.849,0.84672,3695.15,0,18.483,0,0.54356,1.64306,4.0541,1.15854,5.08219,0.42336,18.483,0.42336,0,0,442.007,0,1.02816,0,0,1.57172,0.54356,1.028160,1,0,34.762,0,0,0,34.762,0
71.3017,2.11239,0,0,2.24781,0.192296,0.36288,3.6288,61.308,0.362504,0,0,0.667138,0.232953,0.0716801,0.66528,12.849,1,0.378437,0.36288,0,32.2208,5.08725,27.118,0.84672,12.849,0.84672,3695.15,0,18.483,0,0.392826,1.64314,3.73385,1.15854,4.61129,0.42336,18.483,0.42336,0,0,442.007,0,1.02816,0,0,1.42099,0.392826,1.028160,1,0,31.801,0,0,0,31.801,0
70.6232,2.10872,0,0,1.97048,0.177393,0.36288,3.6288,61.308,0.367075,0,0,0.62151,0.242397,0.0120377,0.66528,12.849,1,0.380004,0.36288,0,28.7876,5.19435,23.5761,0.84672,12.849,0.84672,3695.15,0,18.483,0,0.30119,1.64322,3.62263,1.1859,4.38114,0.42336,18.483,0.42336,0,0,442.007,0,1.02366,0,0,1.32485,0.30119,1.028160,1,0,27.9693,0,0,0,27.9693,0
69.7579,2.10266,0,0,1.73722,0.137003,0.36288,3.6288,61.308,0.362644,0,0,0.649433,0.274715,0.0120734,0.66528,12.849,1,0.382552,0.36288,0,26.7533,5.4,21.3337,0.84672,12.849,0.84672,3695.15,0,18.483,0,0.322376,1.64331,3.38723,1.27616,4.07675,0.42336,18.483,0.42336,0,0,442.007,0,1.02816,0,0,1.35054,0.322376,1.028160,1,0,25.4225,0,0,0,25.4225,0
68.6173,2.07602,0,0,1.42463,0.126322,0.36288,3.6288,61.308,0.401924,0,0,0.75378,0.296491,0.0553645,0.66528,12.849,1,0.38239,0.36288,0,27.1241,5.24475,21.8598,0.84672,12.849,0.84672,3695.15,0,18.483,0,0.45049,1.64339,3.08705,1.33077,3.85016,0.42336,18.483,0.42336,0,0,442.007,0,1.02816,0,0,1.47865,0.45049,1.028160,1,0,25.7653,0,0,0,25.7653,0
67.3978,2.06548,0,0,1.33404,0.125207,0.36288,3.6288,61.308,0.401995,0,0,0.716576,0.296491,0.018089,0.66528,12.849,1,0.386774,0.36288,0,27.0886,5.24475,21.82,0.84672,12.849,0.84672,3695.15,0,18.483,0,0.361247,1.66867,3.17246,1.33077,3.87161,0.42336,18.483,0.42336,0,0,442.007,0,1.02816,0,0,1.38941,0.361247,1.028160,1,0,25.7097,0,0,0,25.7097,0
66.0702,2.05393,0,0,1.21325,0.124016,0.36288,3.6288,61.308,0.402067,0,0,0.69876,0.296491,0.000201572,0.66528,12.849,1,0.391571,0.36288,0,26.5585,5.24475,21.2851,0.84672,12.849,0.84672,3695.15,0,18.483,0,0.343241,1.66875,3.03977,1.33077,3.72099,0.42336,18.483,0.42336,0,0,442.007,0,1.02816,0,0,1.3714,0.343241,1.028160,1,0,25.0063,0,0,0,25.0063,0
64.6448,2.04102,0,0,1.1012,0.122718,0.36288,3.6288,61.1922,0.474827,0,0,0.655551,0.296491,0,0.66528,12.849,1,0.396928,0.36288,0,23.6657,5.24475,18.3869,0.84672,12.849,0.84672,3695.15,0,18.483,0,0.261274,1.66884,2.94058,1.33077,3.53992,0.42336,18.483,0.42336,0,0,442.007,0,0.955472,0,0,1.21675,0.261274,1.028160,1,0,21.9268,0,0,0,21.9268,0
63.2201,2.07405,0,0,1.1127,0.100437,0.36288,3.6288,61.0396,0.583904,0,0,0.762299,0.331026,0,0.66528,12.849,1,0.412244,0.36288,0,20.8782,5.64465,15.1842,0.84672,12.849,0.84672,3695.15,0,18.483,0,0.261274,1.66892,2.80263,1.4978,3.23503,0.42336,18.483,0.42336,0,0,442.007,0,0.881418,0,0,1.14269,0.261274,1.028160,1,0,18.4192,0,0,0,18.4192,0
61.8181,2.059,0,0,1.12088,0.101015,0.36288,3.6288,60.9769,0.465445,0,0,0.726477,0.323717,0,0.66528,12.849,1,0.418477,0.36288,0,26.9558,5.54662,21.3536,0.84672,12.849,0.84672,3695.15,0,18.483,0,0.261274,1.70917,3.09051,1.46553,3.59542,0.42336,18.483,0.42336,0,0,442.007,0,0.99995,0,0,1.26122,0.261274,1.028160,1,0,24.949,0,0,0,24.949,0
60.3611,2.04375,0,0,1.04954,0.0998607,0.36288,3.6288,60.8739,0.455039,0,0,0.675588,0.323589,0,0.66528,12.849,1,0.424797,0.36288,0,21.6433,5.54662,16.0347,0.84672,12.849,0.84672,3695.15,0,18.483,0,0.227405,1.70925,2.78586,1.46553,3.25698,0.42336,18.483,0.42336,0,0,442.007,0,1.01043,0,0,1.23784,0.227405,1.028160,1,0,19.2917,0,0,0,19.2917,0
58.8278,2.02739,0,0,0.955584,0.0986615,0.36288,3.6288,60.5463,0.645581,0,0,0.64139,0.323378,0,0.66528,12.849,1,0.431568,0.36288,0,19.7249,5.54662,14.1095,0.84672,12.849,0.84672,3695.15,0,18.483,0,0.227405,1.70934,2.59858,1.46553,3.0698,0.42336,18.483,0.42336,0,0,442.007,0,0.819962,0,0,1.04737,0.227405,1.028160,1,0,17.1793,0,0,0,17.1793,0
57.2379,2.14381,0,0,1.00698,0.090207,0.36288,3.6288,60.4133,0.56364,0,0,0.764873,0.334285,0,0.66528,12.849,1,0.468244,0.36288,0,17.8722,5.70094,12.0659,0.84672,12.849,0.84672,3695.15,0,18.483,0,0.349358,1.70943,3.74047,1.51682,4.28243,0.42336,18.483,0.42336,0,0,442.007,0,1.02816,0,0,1.37752,0.349358,1.028160,1,0,16.3483,0,0,0,16.3483,0
55.5369,2.12342,0,0,0.885133,0.0997862,0.36288,3.6288,60.1715,0.643959,0,0,0.739574,0.337409,0,0.66528,12.849,1,0.476673,0.36288,0,14.6341,5.55775,8.96254,0.84672,12.849,0.84672,3695.15,0,18.483,0,0.227405,1.84555,3.153,1.5155,3.71045,0.42336,18.483,0.42336,0,0,442.007,0,0.94792,0,0,1.17533,0.227405,1.028160,1,0,12.673,0,0,0,12.673,0
53.7041,2.10076,0,0,0.728905,0.098119,0.36288,3.6288,59.7204,0.757862,0,0,0.643709,0.336891,0,0.66528,12.849,1,0.486031,0.36288,0,18.1673,5.55775,12.4864,0.84672,12.849,0.84672,3695.15,0,18.483,0,0.204422,1.84564,2.81297,1.5155,3.34753,0.42336,18.483,0.42336,0,0,442.007,0,0.834097,0,0,1.03852,0.204422,1.028160,1,0,15.834,0,0,0,15.834,0
51.9759,2.07532,0,0,0.806345,0.0963224,0.36288,3.6288,59.7049,0.563879,0,0,0.88424,0.335923,0,0.66528,12.849,1,0.496532,0.36288,0,15.5761,5.55775,9.8847,0.84672,12.849,0.84672,3695.15,0,18.483,0,0.331361,1.84573,3.36154,1.5155,4.02314,0.42336,18.483,0.42336,0,0,442.007,0,1.02816,0,0,1.35952,0.331361,1.028160,1,0,13.9078,0,0,0,13.9078,0
50.2835,2.05031,0,0,0.811823,0.0910271,0.36288,3.6288,59.5413,0.563959,0,0,0.734158,0.333748,0,0.66528,12.849,1,0.506858,0.36288,0,16.9963,5.37679,11.4755,0.84672,12.849,0.84672,3695.15,0,18.483,0,0.265084,1.84583,4.28973,1.46723,4.93342,0.42336,18.483,0.42336,0,0,442.007,0,1.02816,0,0,1.29324,0.265084,1.028160,1,0,16.4089,0,0,0,16.4089,0
49.1668,1.963,0,0,1.27824,0.0690913,0.36288,3.6288,59.5548,0.487431,0,0,0.862402,0.361461,0,0.66528,12.849,1,0.501608,0.36288,0,23.094,5.52973,17.4256,0.84672,12.849,0.84672,3695.15,0,18.483,0,0.426799,1.84592,7.86214,1.66233,8.47253,0.42336,18.483,0.42336,0,0,442.007,0,1.02816,0,0,1.45496,0.426799,1.028160,1,0,25.8981,0,0,0,25.8981,0
48.2079,1.94613,0,0,1.46698,0.11686,0.36288,3.6288,59.5837,0.487507,0,0,0.83694,0.320547,0,0.66528,12.849,1,0.508592,0.36288,0,19.7948,5.19844,14.4506,0.84672,12.849,0.84672,3695.15,0,18.483,0,0.370017,1.76803,5.73057,1.54854,6.32008,0.42336,18.483,0.42336,0,0,442.007,0,1.02816,0,0,1.39818,0.370017,1.028160,1,0,20.7707,0,0,0,20.7707,0
48.0812,1.93128,0,0,2.28309,0.115653,0.36288,3.6288,60.1631,0.487583,0,0,1.38763,0.320606,0,0.66528,12.849,1,0.514749,0.36288,0,32.178,5.19844,26.8276,0.84672,12.849,0.84672,3695.15,0,18.483,0,1.38054,1.76812,10.222,1.54854,11.8221,0.42336,18.483,0.42336,0,0,442.007,0,1.02816,0,0,2.4087,1.38054,1.028160,1,0,38.6497,0,0,0,38.6497,0
47.7735,1.92937,0,0,2.10007,0.115493,0.36288,3.6288,60.6299,0.487659,0,0,1.27623,0.321793,0,0.66528,12.849,1,0.515596,0.36288,0,58.3022,5.19844,52.951,0.84672,12.849,0.84672,3695.15,0,18.483,0,1.16003,1.76821,8.64017,1.54854,10.0199,0.42336,18.483,0.42336,0,0,442.007,0,1.02816,0,0,2.18819,1.16003,1.028160,1,0,62.9709,0,0,0,62.9709,0
46.8186,1.87486,0,0,1.44475,0.161952,0.36288,3.6288,60.7712,0.417989,0,0,0.836603,0.277314,0,0.66528,12.849,1,0.504256,0.36288,0,31.717,5.02044,26.5552,0.84672,12.849,0.84672,3695.15,0,18.483,0,0.438091,1.7683,5.13009,1.32463,6.01185,0.42336,18.483,0.42336,0,0,442.007,0,1.02816,0,0,1.46625,0.438091,1.028160,1,0,32.567,0,0,0,32.567,0
45.968,1.85993,0,0,1.53109,0.158893,0.36288,3.6288,61.0788,0.418062,0,0,0.992952,0.267286,0,0.66528,12.849,1,0.510443,0.36288,0,38.9519,4.96744,33.8369,0.84672,12.849,0.84672,3695.15,0,18.483,0,0.668304,1.69907,9.5228,1.2269,10.6633,0.42336,18.483,0.42336,0,0,442.007,0,1.02816,0,0,1.69646,0.668304,1.028160,1,0,44.5002,0,0,0,44.5002,0
45.7778,1.84632,0,0,2.20205,0.182988,0.36288,3.6288,61.308,0.418134,0,0,1.29552,0.258131,0.390082,0.66528,12.849,1,0.516086,0.36288,0,58.44,4.68149,53.6053,0.84672,12.849,0.84672,3695.15,0,18.483,0,1.00774,1.69916,9.0701,1.18536,10.5916,0.42336,18.483,0.42336,0,0,442.007,0,1.02816,0,0,2.0359,1.00774,1.028160,1,0,64.587,0,0,0,64.587,0
47.9144,1.84331,0,0,4.54454,0.20175,0.36288,3.6288,61.308,0.418207,0,0,2.21765,0.251239,1.5482,0.66528,12.849,1,0.517385,0.36288,0,64.524,4.46701,59.9025,0.84672,12.849,0.84672,3695.15,0,18.483,0,1.84245,1.69924,15.2894,1.15422,17.6769,0.42336,18.483,0.42336,0,0,442.007,0,1.02816,0,0,2.87061,1.84245,1.028160,1,0,79.1276,0,0,0,79.1276,0
49.1794,1.73603,0,0,3.57483,0.210935,0.36288,3.6288,61.308,0.272989,0,0,1.52703,0.24572,1.00832,0.66528,12.849,1,0.465544,0.36288,0,61.6631,4.25259,57.3078,0.84672,12.849,0.84672,3695.15,0,18.483,0,1.75781,1.69933,9.53096,1.08893,11.8992,0.42336,18.483,0.42336,0,0,442.007,0,1.02816,0,0,2.78597,1.75781,1.028160,1,0,70.2153,0,0,0,70.2153,0
51.0705,1.75396,0,0,4.22773,0.21975,0.36288,3.6288,61.308,0.273055,0,0,2.47717,0.238363,1.96576,0.66528,12.849,1,0.458252,0.36288,0,73.2482,3.96669,69.1861,0.84672,12.849,0.84672,3695.15,0,18.483,0,3.89779,1.54334,15.996,1.00187,20.4353,0.42336,18.483,0.42336,0,0,442.007,0,1.02816,0,0,4.92595,3.89779,1.028160,1,0,91.5872,0,0,0,91.5872,0
53.0301,1.77969,0,0,4.32631,0.22419,0.36288,3.6288,61.308,0.27312,0,0,2.507,0.238363,1.99552,0.66528,12.849,1,0.447758,0.36288,0,81.5645,3.96669,77.513,0.84672,12.849,0.84672,3695.15,0,18.483,0,4.0783,1.54342,20.216,1.00187,24.8358,0.42336,18.483,0.42336,0,0,442.007,0,1.02816,0,0,5.10646,4.0783,1.028160,1,0,104.344,0,0,0,104.344,0
54.755,1.80514,0,0,4.12496,0.232034,0.36288,3.6288,61.308,0.273185,0,0,2.22282,0.223233,1.7264,0.66528,12.849,1,0.43738,0.36288,0,159.06,3.80169,155.184,0.84672,12.849,0.84672,3695.15,0,18.483,0,3.32783,1.5435,12.3083,0.957135,16.2225,0.42336,18.483,0.42336,0,0,442.007,0,1.02816,0,0,4.35599,3.32783,1.028160,1,0,173.132,0,0,0,173.132,0
56.1194,1.8266,0,0,3.78797,0.234097,0.36288,3.6288,61.308,0.273251,0,0,1.99091,0.202869,1.51479,0.66528,12.849,1,0.428637,0.36288,0,116.494,3.47244,112.956,0.84672,12.849,0.84672,3695.15,0,18.483,0,2.76547,1.54357,10.3817,0.95731,13.7335,0.42336,18.483,0.42336,0,0,442.007,0,1.02816,0,0,3.79363,2.76547,1.028160,1,0,128.204,0,0,0,128.204,0
61.1032,1.90074,0,0,7.48976,0.242322,0.36288,3.6288,61.308,0.315397,0,0,1.84961,0.24012,1.29409,0.66528,12.849,1,0.43519,0.36288,0,133.094,4.10015,128.922,0.84672,12.849,0.84672,3695.15,0,18.483,0,2.42763,1.54365,14.505,0.904332,17.572,0.42336,18.483,0.42336,0,0,442.007,0,1.02816,0,0,3.45579,2.42763,1.028160,1,0,147.788,0,0,0,147.788,0
66.7123,1.95804,0,0,8.18415,0.254079,0.36288,3.6288,61.308,0.315457,0,0,3.00639,0.24012,2.45082,0.66528,12.849,1,0.411744,0.36288,0,175.176,4.10015,171.027,0.84672,12.849,0.84672,3695.15,0,18.483,0,3.97616,1.5931,20.4085,0.904332,25.0734,0.42336,18.483,0.42336,0,0,442.007,0,1.02816,0,0,5.00432,3.97616,1.028160,1,0,198.551,0,0,0,198.551,0
71.7208,2.01558,0,0,7.65279,0.265896,0.36288,3.6288,61.308,0.315518,0,0,2.73597,0.24012,2.18033,0.66528,12.849,1,0.388206,0.36288,0,163.082,4.10015,158.956,0.84672,12.849,0.84672,3695.15,0,18.483,0,1.98153,1.59317,11.782,0.904332,14.4524,0.42336,18.483,0.42336,0,0,442.007,0,1.02816,0,0,3.00969,1.98153,1.028160,1,0,175.589,0,0,0,175.589,0
72.29,2.06168,0,0,6.86647,0.274907,3.96068,3.6288,61.308,0.315578,0,0,1.49936,0.203924,0.979858,0.66528,12.849,1,0.369355,3.96068,0,150.363,3.63279,150.321,0.84672,12.849,0.84672,3695.15,0,18.483,0,1.36459,1.59324,10.623,0.805704,12.7751,0.42336,18.483,0.42336,0,0,442.007,0,1.02816,0,0,2.39275,1.36459,1.028160,1,0,164.076,0,0,0,164.076,0
72.29,2.2683,0,0,13.5153,0.276772,10.9702,3.6288,61.308,0.473641,0,0,2.6456,0.160452,2.01151,0.66528,12.849,1,0.403173,10.9702,0,210.16,3.18087,217.546,0.84672,12.849,0.84672,3695.15,0,18.483,0,3.78634,1.59331,17.6826,0.798314,22.264,0.42336,18.483,0.42336,0,0,442.007,0,1.02816,0,0,4.8145,3.78634,1.028160,1,0,241.822,0,0,0,241.822,0
72.29,2.2684,0,0,13.6613,0.277277,11.1156,3.6288,61.308,0.473709,0,0,2.49554,0.127847,1.89399,0.66528,12.849,1,0.403191,11.1156,0,476.521,2.84193,484.392,0.84672,12.849,0.84672,3695.15,0,18.483,0,4.65013,1.76961,22.1966,0.792771,27.8236,0.42336,18.483,0.42336,0,0,442.007,0,1.02816,0,0,5.67829,4.65013,1.028160,1,0,514.109,0,0,0,514.109,0
72.29,2.2685,0,0,6.79853,0.277277,4.25275,3.6288,61.308,0.473777,0,0,1.37634,0.127847,0.774719,0.66528,12.849,1,0.403209,4.25275,0,237.306,2.84193,238.314,0.84672,12.849,0.84672,3695.15,0,18.483,0,2.43716,1.76969,10.901,0.792771,14.3151,0.42336,18.483,0.42336,0,0,442.007,0,1.02816,0,0,3.46532,2.43716,1.028160,1,0,253.404,0,0,0,253.404,0
72.29,2.26861,0,0,5.77053,0.290292,3.21164,3.6288,61.308,0.473844,0,0,1.65678,0.224287,0.958649,0.66528,12.849,1,0.403227,3.21164,0,203.274,3.99726,202.085,0.84672,12.849,0.84672,3695.15,0,18.483,0,2.70276,1.76977,11.3347,0.992472,14.8148,0.42336,18.483,0.42336,0,0,442.007,0,1.02816,0,0,3.73092,2.70276,1.028160,1,0,217.859,0,0,0,217.859,0
72.29,1.98113,0,0,5.17393,0.297778,2.89501,3.6288,61.308,0.261833,0,0,2.44132,0.170185,2.0093,0.66528,12.849,1,0.352132,2.89501,0,171.308,2.84613,171.005,0.84672,12.849,0.84672,3695.15,0,18.483,0,3.10246,1.76985,10.5469,0.858698,14.5605,0.42336,18.483,0.42336,0,0,442.007,0,1.02816,0,0,4.13062,3.10246,1.028160,1,0,187.574,0,0,0,187.574,0
72.29,1.98122,0,0,5.41354,0.289817,3.1425,3.6288,61.308,0.261891,0,0,1.72319,0.160776,1.30052,0.66528,12.849,1,0.352148,3.1425,0,153.031,2.54404,153.277,0.84672,12.849,0.84672,3695.15,0,18.483,0,2.08126,1.52883,6.67867,0.940604,9.34816,0.42336,18.483,0.42336,0,0,442.007,0,1.02816,0,0,3.10942,2.08126,1.028160,1,0,163.926,0,0,0,163.926,0
72.29,1.98131,0,0,7.93852,0.289817,5.66739,3.6288,61.308,0.26195,0,0,2.96961,0.160776,2.54689,0.66528,12.849,1,0.352164,5.66739,0,221.645,2.54404,224.416,0.84672,12.849,0.84672,3695.15,0,18.483,0,4.99014,1.5289,13.8425,0.940604,19.4209,0.42336,18.483,0.42336,0,0,442.007,0,1.02816,0,0,6.0183,4.99014,1.028160,1,0,246.383,0,0,0,246.383,0
72.29,1.9814,0,0,5.63947,0.294201,3.36386,3.6288,61.308,0.262008,0,0,1.77897,0.21432,1.30264,0.66528,12.849,1,0.352179,3.36386,0,181.895,4.05993,180.847,0.84672,12.849,0.84672,3695.15,0,18.483,0,2.73415,1.52897,8.29526,1.17405,11.3843,0.42336,18.483,0.42336,0,0,442.007,0,1.02816,0,0,3.76231,2.73415,1.028160,1,0,193.534,0,0,0,193.534,0
72.29,1.98149,0,0,5.16783,0.305678,2.88066,3.6288,61.308,0.262066,0,0,2.47693,0.213336,2.00153,0.66528,12.849,1,0.352195,2.88066,0,160.772,4.06473,159.236,0.84672,12.849,0.84672,3695.15,0,18.483,0,2.81595,1.52903,8.4138,1.18309,11.5757,0.42336,18.483,0.42336,0,0,442.007,0,1.02816,0,0,3.84411,2.81595,1.028160,1,0,172.813,0,0,0,172.813,0
72.29,2.05398,0,0,5.65542,0.329223,3.27221,3.6288,61.308,0.314018,0,0,1.86667,0.183367,1.36929,0.66528,12.849,1,0.36508,3.27221,0,116.942,3.74475,116.104,0.84672,12.849,0.84672,3695.15,0,18.483,0,3.19276,1.5291,9.95976,1.1872,13.4944,0.42336,18.483,0.42336,0,0,442.007,0,1.02816,0,0,4.22092,3.19276,1.028160,1,0,130.968,0,0,0,130.968,0
72.29,2.05408,0,0,5.74214,0.295238,3.39283,3.6288,61.308,0.314079,0,0,1.36729,0.165318,0.887892,0.66528,12.849,1,0.365097,3.39283,0,210.354,3.48316,209.898,0.84672,12.849,0.84672,3695.15,0,18.483,0,2.64016,1.58871,9.2213,1.14962,12.3005,0.42336,18.483,0.42336,0,0,442.007,0,1.02816,0,0,3.66832,2.64016,1.028160,1,0,223.087,0,0,0,223.087,0
72.29,2.05417,0,0,3.82166,0.295238,1.47225,3.6288,61.308,0.31414,0,0,1.09202,0.165318,0.612561,0.66528,12.849,1,0.365113,1.47225,0,130.303,3.48316,127.927,0.84672,12.849,0.84672,3695.15,0,18.483,0,1.6569,1.58879,6.20304,1.14962,8.2991,0.42336,18.483,0.42336,0,0,442.007,0,1.02816,0,0,2.68506,1.6569,1.028160,1,0,136.839,0,0,0,136.839,0
72.29,2.05426,0,0,4.33717,0.295238,1.98767,3.6288,61.308,0.3142,0,0,1.18299,0.165318,0.703471,0.66528,12.849,1,0.36513,1.98767,0,110.364,3.48316,108.503,0.84672,12.849,0.84672,3695.15,0,18.483,0,1.97779,1.58886,7.7455,1.14962,10.1625,0.42336,18.483,0.42336,0,0,442.007,0,1.02816,0,0,3.00595,1.97779,1.028160,1,0,119.369,0,0,0,119.369,0
72.29,2.02604,0,0,4.37286,0.254176,2.09264,3.6288,61.308,0.294102,0,0,1.04168,0.201078,0.546501,0.66528,12.849,1,0.360114,2.09264,0,103.153,4.47195,100.414,0.84672,12.849,0.84672,3695.15,0,18.483,0,1.7081,1.58893,7.46703,1.24132,9.52274,0.42336,18.483,0.42336,0,0,442.007,0,1.02816,0,0,2.73626,1.7081,1.028160,1,0,110.483,0,0,0,110.483,0
72.29,2.02613,0,0,3.9831,0.245484,1.71148,3.6288,61.308,0.294162,0,0,0.92289,0.197631,0.431098,0.66528,12.849,1,0.36013,1.71148,0,87.5042,4.43772,84.4178,0.84672,12.849,0.84672,3695.15,0,18.483,0,1.35034,1.56582,6.48911,1.23953,8.16573,0.42336,18.483,0.42336,0,0,442.007,0,1.02816,0,0,2.3785,1.35034,1.028160,1,0,93.0147,0,0,0,93.0147,0
72.29,2.02622,0,0,3.60908,0.241163,1.3417,3.6288,61.308,0.294221,0,0,0.82747,0.191942,0.341307,0.66528,12.849,1,0.360146,1.3417,0,77.0965,4.31976,73.7582,0.84672,12.849,0.84672,3695.15,0,18.483,0,1.13431,1.56589,5.93541,1.20961,7.426,0.42336,18.483,0.42336,0,0,442.007,0,1.02816,0,0,2.16247,1.13431,1.028160,1,0,81.5256,0,0,0,81.5256,0
72.29,2.02632,0,0,3.30814,0.215238,1.06658,3.6288,61.308,0.294281,0,0,0.782032,0.157809,0.329942,0.66528,12.849,1,0.360162,1.06658,0,74.2297,3.612,71.3241,0.84672,12.849,0.84672,3695.15,0,18.483,0,1.02907,1.56596,5.40435,1.0301,6.96928,0.42336,18.483,0.42336,0,0,442.007,0,1.02816,0,0,2.05723,1.02907,1.028160,1,0,78.6233,0,0,0,78.6233,0
72.29,2.12253,0,0,3.27534,0.218805,0.933999,3.6288,61.308,0.365842,0,0,0.822528,0.187036,0.26965,0.66528,12.849,1,0.377264,0.933999,0,70.3538,4.08113,66.8294,0.84672,12.849,0.84672,3695.15,0,18.483,0,1.25711,1.56603,5.75811,1.0408,7.54045,0.42336,18.483,0.42336,0,0,442.007,0,1.02816,0,0,2.28527,1.25711,1.028160,1,0,74.6395,0,0,0,74.6395,0
72.29,2.12263,0,0,2.95296,0.143639,0.686694,3.6288,61.308,0.365905,0,0,0.727972,0.250569,0.111498,0.66528,12.849,1,0.377281,0.686694,0,58.4136,5.12431,53.5987,0.84672,12.849,0.84672,3695.15,0,18.483,0,0.432743,1.64717,4.82921,1.23255,5.67657,0.42336,18.483,0.42336,0,0,442.007,0,1.02816,0,0,1.4609,0.432743,1.028160,1,0,59.3867,0,0,0,59.3867,0
72.29,2.12273,0,0,2.8251,0.143639,0.558735,3.6288,61.308,0.389892,0,0,0.695477,0.250569,0.0550155,0.66528,12.849,1,0.377298,0.558735,0,53.8079,5.12431,48.8651,0.84672,12.849,0.84672,3695.15,0,18.483,0,0.402797,1.64724,4.67036,1.23255,5.48785,0.42336,18.483,0.42336,0,0,442.007,0,1.00424,0,0,1.40703,0.402797,1.028160,1,0,54.4079,0,0,0,54.4079,0
72.29,2.12282,0,0,2.70511,0.143639,0.438646,3.6288,61.308,0.366031,0,0,0.70702,0.250569,0.0904198,0.66528,12.849,1,0.377315,0.438646,0,51.3382,5.12431,46.2752,0.84672,12.849,0.84672,3695.15,0,18.483,0,0.549348,1.64732,4.44672,1.23255,5.41084,0.42336,18.483,0.42336,0,0,442.007,0,1.02816,0,0,1.57751,0.549348,1.028160,1,0,51.7765,0,0,0,51.7765,0
72.1232,2.12292,0,0,2.48592,0.166963,0.36288,3.6288,61.308,0.366094,0,0,0.651048,0.236688,0.0482664,0.66528,12.849,1,0.377332,0.36288,0,47.8672,4.55674,43.296,0.84672,12.849,0.84672,3695.15,0,18.483,0,0.443984,1.64739,4.08209,1.22287,4.9506,0.42336,18.483,0.42336,0,0,442.007,0,1.02816,0,0,1.47214,0.443984,1.028160,1,0,48.2949,0,0,0,48.2949,0
71.8184,2.10253,0,0,2.29529,0.134637,0.36288,3.6288,61.2943,0.405464,0,0,0.591238,0.199489,0,0.66528,12.849,1,0.374573,0.36288,0,45.7349,4.11285,41.6103,0.84672,12.849,0.84672,3695.15,0,18.483,0,0.317615,1.64747,4.01114,1.05053,4.92568,0.42336,18.483,0.42336,0,0,442.007,0,1.02816,0,0,1.34578,0.317615,1.028160,1,0,46.536,0,0,0,46.536,0
71.298,2.09992,0,0,2.07672,0.134325,0.36288,3.6288,61.0875,0.556029,0,0,0.548696,0.199472,0,0.66528,12.849,1,0.375696,0.36288,0,41.0704,4.11285,36.9447,0.84672,12.849,0.84672,3695.15,0,18.483,0,0.30119,1.6728,3.84704,1.05053,4.77049,0.42336,18.483,0.42336,0,0,442.007,0,0.87766,0,0,1.17885,0.30119,1.028160,1,0,41.7152,0,0,0,41.7152,0
70.7128,2.09537,0,0,1.9785,0.105446,0.36288,3.6288,60.8313,0.510405,0,0,0.519165,0.264934,0,0.66528,12.849,1,0.377619,0.36288,0,37.2068,4.95975,32.2323,0.84672,12.849,0.84672,3695.15,0,18.483,0,0.261274,1.67288,3.64484,1.35967,4.21933,0.42336,18.483,0.42336,0,0,442.007,0,0.923348,0,0,1.18462,0.261274,1.028160,1,0,36.4516,0,0,0,36.4516,0
69.916,2.09019,0,0,1.75649,0.100271,0.36288,3.6288,60.4984,0.542878,0,0,0.485434,0.27544,0,0.66528,12.849,1,0.379801,0.36288,0,34.0295,5.1009,28.9117,0.84672,12.849,0.84672,3695.15,0,18.483,0,0.261274,1.67295,3.52467,1.41119,4.0477,0.42336,18.483,0.42336,0,0,442.007,0,0.890939,0,0,1.15221,0.261274,1.028160,1,0,32.9594,0,0,0,32.9594,0
68.7843,2.1316,0,0,1.45795,0.09508,0.36288,3.6288,59.5153,1.05395,0,0,0.35944,0.288647,0,0.66528,12.849,1,0.391742,0.36288,0,28.4952,5.67531,22.7911,0.84672,12.849,0.84672,3695.15,0,18.483,0,0.261274,1.67303,2.67386,1.42364,3.18453,0.42336,18.483,0.42336,0,0,442.007,0,0.414968,0,0,0.676242,0.261274,1.028160,1,0,25.9756,0,0,0,25.9756,0
67.8038,2.1209,0,0,1.58864,0.0853585,0.36288,3.6288,58.5439,1.10617,0,0,0.43333,0.298474,0,0.66528,12.849,1,0.396187,0.36288,0,35.6505,5.95822,29.659,0.84672,12.849,0.84672,3695.15,0,18.483,0,0.261274,1.71337,2.81667,1.4601,3.33121,0.42336,18.483,0.42336,0,0,442.007,0,0.362815,0,0,0.624089,0.261274,1.028160,1,0,32.9902,0,0,0,32.9902,0
66.6908,2.11144,0,0,1.44602,0.0847061,0.36288,3.6288,57.512,1.09277,0,0,0.357412,0.29662,0,0.66528,12.849,1,0.400124,0.36288,0,28.7149,5.95822,22.7194,0.84672,12.849,0.84672,3695.15,0,18.483,0,0.261274,1.71344,2.61732,1.4601,3.13194,0.42336,18.483,0.42336,0,0,442.007,0,0.376284,0,0,0.637558,0.261274,1.028160,1,0,25.8513,0,0,0,25.8513,0
65.4587,2.10046,0,0,1.31515,0.0839655,0.36288,3.6288,56.3918,1.15833,0,0,0.332855,0.294651,0,0.66528,12.849,1,0.404685,0.36288,0,26.7686,5.95822,20.7686,0.84672,12.849,0.84672,3695.15,0,18.483,0,0.227405,1.71352,2.33255,1.4601,2.81338,0.42336,18.483,0.42336,0,0,442.007,0,0.310785,0,0,0.53819,0.227405,1.028160,1,0,23.582,0,0,0,23.582,0
64.1366,2.22744,0,0,1.35823,0.0899643,0.36288,3.6288,55.2747,1.18777,0,0,0.365443,0.294828,0,0.66528,12.849,1,0.437228,0.36288,0,24.8174,6.06077,18.6823,0.84672,12.849,0.84672,3695.15,0,18.483,0,0.227405,1.7136,2.99385,1.48578,3.44907,0.42336,18.483,0.42336,0,0,442.007,0,0.407906,0,0,0.63531,0.227405,1.028160,1,0,22.1314,0,0,0,22.1314,0
62.6092,2.21278,0,0,1.15417,0.105883,0.36288,3.6288,53.951,1.30914,0,0,0.283871,0.298423,0,0.66528,12.849,1,0.443303,0.36288,0,20.6899,6.31712,14.2924,0.84672,12.849,0.84672,3695.15,0,18.483,0,0.227405,1.85004,2.07786,1.55,2.6053,0.42336,18.483,0.42336,0,0,442.007,0,0.286607,0,0,0.514012,0.227405,1.028160,1,0,16.8977,0,0,0,16.8977,0
61.1755,2.1953,0,0,1.22905,0.104575,0.36288,3.6288,52.8146,1.1897,0,0,0.349174,0.295827,0,0.66528,12.849,1,0.450531,0.36288,0,26.3287,6.31712,19.9239,0.84672,12.849,0.84672,3695.15,0,18.483,0,0.227405,1.85013,2.32089,1.55,2.84841,0.42336,18.483,0.42336,0,0,442.007,0,0.406125,0,0,0.63353,0.227405,1.028160,1,0,22.7723,0,0,0,22.7723,0
59.5421,2.17837,0,0,1.01113,0.103347,0.36288,3.6288,51.4084,1.36733,0,0,0.254297,0.293204,0,0.66528,12.849,1,0.457534,0.36288,0,24.1212,6.31712,17.7095,0.84672,12.849,0.84672,3695.15,0,18.483,0,0.204422,1.85021,1.9009,1.55,2.40553,0.42336,18.483,0.42336,0,0,442.007,0,0.228558,0,0,0.432981,0.204422,1.028160,1,0,20.115,0,0,0,20.115,0
58.179,2.15841,0,0,1.26005,0.101854,0.36288,3.6288,50.6143,0.944743,0,0,0.440518,0.289901,0,0.66528,12.849,1,0.465779,0.36288,0,23.5125,6.31712,17.0925,0.84672,12.849,0.84672,3695.15,0,18.483,0,0.204422,1.85029,2.96479,1.55,3.4695,0.42336,18.483,0.42336,0,0,442.007,0,0.651222,0,0,0.855644,0.204422,1.028160,1,0,20.562,0,0,0,20.562,0
56.5719,2.07588,0,0,0.956638,0.124954,0.36288,3.6288,50.5132,0.491084,0,0,0.639752,0.249763,0,0.66528,12.849,1,0.458465,0.36288,0,16.8245,4.63848,12.0904,0.84672,12.849,0.84672,3695.15,0,18.483,0,0.717794,1.85038,2.79961,1.21413,4.15365,0.42336,18.483,0.42336,0,0,442.007,0,1.02816,0,0,1.74595,0.717794,1.028160,1,0,16.2441,0,0,0,16.2441,0
54.8746,2.05554,0,0,0.844085,0.123,0.36288,3.6288,50.0073,0.62757,0,0,0.371286,0.249557,0,0.66528,12.849,1,0.466868,0.36288,0,17.2333,4.63848,12.4909,0.84672,12.849,0.84672,3695.15,0,18.483,0,0.204422,1.77229,2.15038,1.21413,2.91297,0.42336,18.483,0.42336,0,0,442.007,0,0.891743,0,0,1.09617,0.204422,1.028160,1,0,15.4038,0,0,0,15.4038,0
53.055,2.03321,0,0,0.697516,0.120936,0.36288,3.6288,49.3247,0.761221,0,0,0.327097,0.248527,0,0.66528,12.849,1,0.476082,0.36288,0,15.9114,4.63848,11.1597,0.84672,12.849,0.84672,3695.15,0,18.483,0,0.216518,1.77237,1.99142,1.21413,2.76618,0.42336,18.483,0.42336,0,0,442.007,0,0.75816,0,0,0.974678,0.216518,1.028160,1,0,13.9259,0,0,0,13.9259,0
51.7787,2.00827,0,0,1.29657,0.201767,0.36288,3.6288,49.1378,0.518212,0,0,0.508869,0.177499,0,0.66528,12.849,1,0.486369,0.36288,0,28.0944,3.60033,24.3706,0.84672,12.849,0.84672,3695.15,0,18.483,0,0.216518,1.77245,3.45759,0.889637,4.55693,0.42336,18.483,0.42336,0,0,442.007,0,1.00124,0,0,1.21776,0.216518,1.028160,1,0,28.9275,0,0,0,28.9275,0
51.2285,1.93874,0,0,2.00129,0.249899,0.36288,3.6288,49.3449,0.421446,0,0,0.829303,0.200841,0,0.66528,12.849,1,0.481103,0.36288,0,42.9824,4.35573,38.5085,0.84672,12.849,0.84672,3695.15,0,18.483,0,0.61122,1.77253,4.78193,0.967856,6.19783,0.42336,18.483,0.42336,0,0,442.007,0,1.02816,0,0,1.63938,0.61122,1.028160,1,0,44.7063,0,0,0,44.7063,0
49.6185,1.93101,0,0,0.945786,0.261884,0.36288,3.6288,49.3142,0.421511,0,0,0.630714,0.239821,0,0.66528,12.849,1,0.484331,0.36288,0,22.5801,5.23372,17.2249,0.84672,12.849,0.84672,3695.15,0,18.483,0,0.448286,1.70313,4.0571,1.12387,5.08466,0.42336,18.483,0.42336,0,0,442.007,0,1.02816,0,0,1.47645,0.448286,1.028160,1,0,22.3096,0,0,0,22.3096,0
48.3445,1.9076,0,0,1.26066,0.26414,0.36288,3.6288,49.5308,0.421576,0,0,0.875629,0.237535,0,0.66528,12.849,1,0.493986,0.36288,0,39.7367,5.16224,34.4434,0.84672,12.849,0.84672,3695.15,0,18.483,0,0.984407,1.70321,5.78382,1.11348,7.35796,0.42336,18.483,0.42336,0,0,442.007,0,1.02816,0,0,2.01257,0.984407,1.028160,1,0,41.8014,0,0,0,41.8014,0
48.6755,1.88843,0,0,2.88218,0.299937,0.36288,3.6288,50.5993,0.421642,0,0,1.71481,0.224585,0,0.66528,12.849,1,0.501907,0.36288,0,50.376,4.7333,45.5036,0.84672,12.849,0.84672,3695.15,0,18.483,0,1.62829,1.70329,9.41329,1.05119,11.6937,0.42336,18.483,0.42336,0,0,442.007,0,1.02816,0,0,2.65645,1.62829,1.028160,1,0,57.1973,0,0,0,57.1973,0
48.5621,1.75097,0,0,2.28921,0.28874,0.36288,3.6288,51.124,0.276073,0,0,1.01493,0.214152,0,0.66528,12.849,1,0.462209,0.36288,0,44.0087,4.50874,39.4006,0.84672,12.849,0.84672,3695.15,0,18.483,0,1.48756,1.70337,5.70027,1.06987,7.82133,0.42336,18.483,0.42336,0,0,442.007,0,1.02816,0,0,2.51572,1.48756,1.028160,1,0,47.222,0,0,0,47.222,0
48.3269,1.74945,0,0,2.13489,0.257733,0.36288,3.6288,51.3976,0.276132,0,0,0.733635,0.183919,0,0.66528,12.849,1,0.462885,0.36288,0,33.7014,3.94737,29.6541,0.84672,12.849,0.84672,3695.15,0,18.483,0,0.990075,1.547,5.21844,1.11659,6.63893,0.42336,18.483,0.42336,0,0,442.007,0,1.02816,0,0,2.01823,0.990075,1.028160,1,0,36.293,0,0,0,36.293,0
47.6458,1.7462,0,0,1.68502,0.257076,0.36288,3.6288,51.5239,0.276191,0,0,0.586821,0.184328,0,0.66528,12.849,1,0.464273,0.36288,0,23.4075,3.94737,19.3587,0.84672,12.849,0.84672,3695.15,0,18.483,0,0.644363,1.54707,5.39077,1.11659,6.46562,0.42336,18.483,0.42336,0,0,442.007,0,1.02816,0,0,1.67252,0.644363,1.028160,1,0,25.8243,0,0,0,25.8243,0
46.7254,1.73651,0,0,1.43146,0.252451,0.36288,3.6288,51.7487,0.27625,0,0,0.694585,0.193548,0,0.66528,12.849,1,0.468298,0.36288,0,26.0757,4.27869,21.6916,0.84672,12.849,0.84672,3695.15,0,18.483,0,0.973192,1.54714,9.95486,1.19329,11.2819,0.42336,18.483,0.42336,0,0,442.007,0,1.02816,0,0,2.00135,0.973192,1.028160,1,0,32.9735,0,0,0,32.9735,0
46.3589,1.72312,0,0,1.96266,0.243172,0.36288,3.6288,51.9874,0.276309,0,0,0.731477,0.216519,0,0.66528,12.849,1,0.473841,0.36288,0,40.31,5.10699,35.0921,0.84672,12.849,0.84672,3695.15,0,18.483,0,0.899528,1.54721,8.32333,1.38505,9.38501,0.42336,18.483,0.42336,0,0,442.007,0,1.02816,0,0,1.92769,0.899528,1.028160,1,0,44.4771,0,0,0,44.4771,0
46.5995,1.77156,0,0,2.64128,0.266262,0.36288,3.6288,52.3019,0.318547,0,0,0.798172,0.165133,0,0.66528,12.849,1,0.491012,0.36288,0,45.0818,3.4896,41.4641,0.84672,12.849,0.84672,3695.15,0,18.483,0,0.501042,1.54728,9.09886,0.865086,10.2821,0.42336,18.483,0.42336,0,0,442.007,0,1.02816,0,0,1.5292,0.501042,1.028160,1,0,51.7462,0,0,0,51.7462,0
47.1199,1.77533,0,0,2.92962,0.270997,0.36288,3.6288,52.4404,0.463614,0,0,0.759033,0.156896,0,0.66528,12.849,1,0.489516,0.36288,0,74.2911,3.22003,70.9445,0.84672,12.849,0.84672,3695.15,0,18.483,0,0.412474,1.59683,10.1687,0.778425,11.3996,0.42336,18.483,0.42336,0,0,442.007,0,0.883146,0,0,1.29562,0.412474,1.028160,1,0,82.344,0,0,0,82.344,0
48.9628,1.78332,0,0,4.26172,0.27256,0.36288,3.6288,53.4084,0.318655,0,0,1.44375,0.15707,0,0.66528,12.849,1,0.486289,0.36288,0,91.7905,3.22003,88.4471,0.84672,12.849,0.84672,3695.15,0,18.483,0,0.683485,1.5969,11.6382,0.778425,13.1401,0.42336,18.483,0.42336,0,0,442.007,0,1.02816,0,0,1.71164,0.683485,1.028160,1,0,101.587,0,0,0,101.587,0
51.8801,1.81061,0,0,5.36886,0.278095,0.36288,3.6288,54.8711,0.318709,0,0,1.93967,0.158292,0,0.66528,12.849,1,0.475146,0.36288,0,100.789,3.22003,97.4568,0.84672,12.849,0.84672,3695.15,0,18.483,0,1.28645,1.59696,14.5628,0.778425,16.6678,0.42336,18.483,0.42336,0,0,442.007,0,1.02816,0,0,2.31461,1.28645,1.028160,1,0,114.125,0,0,0,114.125,0
56.7114,2.03187,0,0,7.52516,0.299105,0.36288,3.6288,56.6532,0.477132,0,0,2.40692,0.147678,0,0.66528,12.849,1,0.503228,0.36288,0,167.439,3.54097,163.758,0.84672,12.849,0.84672,3695.15,0,18.483,0,3.25935,1.59703,19.0715,0.803352,23.1245,0.42336,18.483,0.42336,0,0,442.007,0,1.02816,0,0,4.28751,3.25935,1.028160,1,0,186.882,0,0,0,186.882,0
60.5107,2.09929,0,0,6.55002,0.288569,0.36288,3.6288,57.9896,0.477193,0,0,1.96898,0.155333,0,0.66528,12.849,1,0.475633,0.36288,0,150.715,3.62534,146.977,0.84672,12.849,0.84672,3695.15,0,18.483,0,2.82226,1.77372,17.4557,0.912483,21.1392,0.42336,18.483,0.42336,0,0,442.007,0,1.02816,0,0,3.85042,2.82226,1.028160,1,0,168.116,0,0,0,168.116,0
62,2.14736,0,0,4.2989,0.299322,0.36288,3.6288,58.7946,0.477253,0,0,1.43891,0.156685,0,0.66528,12.849,1,0.455976,0.36288,0,83.0511,3.62534,79.3327,0.84672,12.849,0.84672,3695.15,0,18.483,0,1.10182,1.77379,9.35626,0.912483,11.3194,0.42336,18.483,0.42336,0,0,442.007,0,1.02816,0,0,2.12998,1.10182,1.028160,1,0,90.6521,0,0,0,90.6521,0
62.6842,2.16519,0,0,3.51528,0.303037,0.36288,3.6288,59.0938,0.666901,0,0,1.12355,0.157499,0,0.66528,12.849,1,0.448718,0.36288,0,59.069,3.62534,55.3578,0.84672,12.849,0.84672,3695.15,0,18.483,0,0.608429,1.77386,7.04039,0.912483,8.5102,0.42336,18.483,0.42336,0,0,442.007,0,0.838573,0,0,1.447,0.608429,1.028160,1,0,63.868,0,0,0,63.868,0
63.5364,1.89777,0,0,3.41951,0.306628,0.36288,3.6288,59.7609,0.423557,0,0,1.25785,0.167164,0,0.66528,12.849,1,0.389004,0.36288,0,53.6598,3.52915,50.1046,0.84672,12.849,0.84672,3695.15,0,18.483,0,0.608429,1.77394,6.63707,0.935942,8.08349,0.42336,18.483,0.42336,0,0,442.007,0,0.869409,0,0,1.47784,0.608429,1.028160,1,0,58.1881,0,0,0,58.1881,0
64.795,1.90636,0,0,3.84979,0.321939,0.36288,3.6288,61.0908,0.264858,0,0,1.7595,0.164788,0,0.66528,12.849,1,0.385525,0.36288,0,69.3729,3.3705,65.9797,0.84672,12.849,0.84672,3695.15,0,18.483,0,0.901092,1.53235,7.69167,0.940468,9.18465,0.42336,18.483,0.42336,0,0,442.007,0,1.02816,0,0,1.92925,0.901092,1.028160,1,0,75.1644,0,0,0,75.1644,0
67.4828,1.91875,0,0,5.29461,0.325232,0.36288,3.6288,61.308,0.26491,0,0,1.93466,0.166187,1.28631,0.66528,12.849,1,0.380492,0.36288,0,105.583,3.3705,102.195,0.84672,12.849,0.84672,3695.15,0,18.483,0,0.917136,1.53241,9.22337,0.940468,10.7325,0.42336,18.483,0.42336,0,0,442.007,0,1.02816,0,0,1.9453,0.917136,1.028160,1,0,114.214,0,0,0,114.214,0
70.6422,1.94406,0,0,5.79709,0.33078,0.36288,3.6288,61.308,0.264961,0,0,1.73217,0.174745,1.29247,0.66528,12.849,1,0.370158,0.36288,0,99.0904,3.55561,95.5275,0.84672,12.849,0.84672,3695.15,0,18.483,0,1.08457,1.53247,9.74013,0.990927,11.3662,0.42336,18.483,0.42336,0,0,442.007,0,1.02816,0,0,2.11273,1.08457,1.028160,1,0,108.186,0,0,0,108.186,0
72.29,1.97211,0,0,5.5736,0.329876,1.62378,3.6288,61.308,0.265013,0,0,2.09477,0.224721,1.60503,0.66528,12.849,1,0.358704,1.62378,0,91.8484,4.66631,88.4471,0.84672,12.849,0.84672,3695.15,0,18.483,0,1.18576,1.53253,10.4985,1.29368,11.9231,0.42336,18.483,0.42336,0,0,442.007,0,1.02816,0,0,2.21392,1.18576,1.028160,1,0,101.975,0,0,0,101.975,0
72.29,2.05867,0,0,5.98736,0.318604,3.61009,3.6288,61.308,0.317078,0,0,2.4189,0.163026,1.93879,0.66528,12.849,1,0.365912,3.61009,0,102.114,3.15682,102.201,0.84672,12.849,0.84672,3695.15,0,18.483,0,1.65758,1.5326,11.8637,1.13503,13.9188,0.42336,18.483,0.42336,0,0,442.007,0,1.02816,0,0,2.68574,1.65758,1.028160,1,0,118.059,0,0,0,118.059,0
72.29,2.05875,0,0,4.56919,0.318604,2.19184,3.6288,61.308,0.317131,0,0,1.84516,0.163026,1.365,0.66528,12.849,1,0.365927,2.19184,0,66.0407,3.15682,64.7098,0.84672,12.849,0.84672,3695.15,0,18.483,0,0.993583,1.59234,8.2785,1.13503,9.72939,0.42336,18.483,0.42336,0,0,442.007,0,1.02816,0,0,2.02174,0.993583,1.028160,1,0,75.8042,0,0,0,75.8042,0
72.29,2.05883,0,0,4.0459,0.264693,1.72237,3.6288,61.308,0.317185,0,0,1.726,0.194836,1.21397,0.66528,12.849,1,0.365942,1.72237,0,67.7506,3.67353,65.4335,0.84672,12.849,0.84672,3695.15,0,18.483,0,0.857226,1.5924,8.37769,1.25503,9.57229,0.42336,18.483,0.42336,0,0,442.007,0,1.02816,0,0,1.88539,0.857226,1.028160,1,0,76.2198,0,0,0,76.2198,0
72.29,2.05891,0,0,5.19182,0.288116,2.84479,3.6288,61.308,0.317239,0,0,2.55677,0.198959,2.04058,0.66528,12.849,1,0.365956,2.84479,0,102.103,4.44594,100.136,0.84672,12.849,0.84672,3695.15,0,18.483,0,1.8857,1.59246,14.7614,1.50097,16.7386,0.42336,18.483,0.42336,0,0,442.007,0,1.02816,0,0,2.91386,1.8857,1.028160,1,0,118.915,0,0,0,118.915,0
72.29,2.03062,0,0,3.70629,0.229294,1.44638,3.6288,61.308,0.297089,0,0,1.51768,0.192859,1.02773,0.66528,12.849,1,0.360927,1.44638,0,67.1338,3.76129,64.458,0.84672,12.849,0.84672,3695.15,0,18.483,0,0.950504,1.59253,8.32264,1.21413,9.65154,0.42336,18.483,0.42336,0,0,442.007,0,1.02816,0,0,1.97866,0.950504,1.028160,1,0,75.1373,0,0,0,75.1373,0
72.29,2.0307,0,0,3.88887,0.227779,1.63039,3.6288,61.308,0.297142,0,0,1.45028,0.190689,0.962445,0.66528,12.849,1,0.360942,1.63039,0,72.91,4.00506,70.1744,0.84672,12.849,0.84672,3695.15,0,18.483,0,0.867758,1.56936,9.30727,1.27018,10.4742,0.42336,18.483,0.42336,0,0,442.007,0,1.02816,0,0,1.89592,0.867758,1.028160,1,0,81.6111,0,0,0,81.6111,0
72.29,2.03078,0,0,3.26722,0.1716,1.06483,3.6288,61.308,0.338486,0,0,1.12041,0.216848,0.565076,0.66528,12.849,1,0.360956,1.06483,0,60.66,4.2357,57.1281,0.84672,12.849,0.84672,3695.15,0,18.483,0,0.528595,1.56942,6.1273,1.28395,6.94136,0.42336,18.483,0.42336,0,0,442.007,0,0.986869,0,0,1.51546,0.528595,1.028160,1,0,64.6346,0,0,0,64.6346,0
72.29,2.03086,0,0,2.71224,0.1716,0.50978,3.6288,61.308,0.297248,0,0,1.00989,0.216848,0.49579,0.66528,12.849,1,0.36097,0.50978,0,48.9364,4.2357,44.8495,0.84672,12.849,0.84672,3695.15,0,18.483,0,0.464409,1.56948,5.0427,1.28395,5.79264,0.42336,18.483,0.42336,0,0,442.007,0,1.02816,0,0,1.49257,0.464409,1.028160,1,0,51.1379,0,0,0,51.1379,0
72.29,2.12729,0,0,2.71433,0.164163,0.422876,3.6288,61.308,0.368963,0,0,1.06208,0.212213,0.480905,0.66528,12.849,1,0.378109,0.422876,0,46.6445,4.11051,42.5788,0.84672,12.849,0.84672,3695.15,0,18.483,0,0.514763,1.56955,5.48295,1.21482,6.35244,0.42336,18.483,0.42336,0,0,442.007,0,1.02816,0,0,1.54292,0.514763,1.028160,1,0,49.4121,0,0,0,49.4121,0
72.29,2.12737,0,0,2.80816,0.145572,0.535221,3.6288,61.308,0.369019,0,0,1.05081,0.200625,0.48117,0.66528,12.849,1,0.378124,0.535221,0,47.2474,3.79754,43.607,0.84672,12.849,0.84672,3695.15,0,18.483,0,0.440942,1.65086,6.26247,1.042,7.31227,0.42336,18.483,0.42336,0,0,442.007,0,1.02816,0,0,1.4691,0.440942,1.028160,1,0,51.4004,0,0,0,51.4004,0
72.175,2.12746,0,0,2.52093,0.145572,0.36288,3.6288,61.308,0.42762,0,0,0.912695,0.200625,0.284451,0.66528,12.849,1,0.378139,0.36288,0,44.6672,3.79754,40.8544,0.84672,12.849,0.84672,3695.15,0,18.483,0,0.402797,1.65092,6.18617,1.042,7.19789,0.42336,18.483,0.42336,0,0,442.007,0,0.969615,0,0,1.37241,0.402797,1.028160,1,0,48.3368,0,0,0,48.3368,0
71.8527,2.12652,0,0,2.2983,0.131207,0.36288,3.6288,61.308,0.369131,0,0,0.880736,0.215442,0.296163,0.66528,12.849,1,0.378575,0.36288,0,41.3189,4.09098,37.2122,0.84672,12.849,0.84672,3695.15,0,18.483,0,0.32851,1.65099,6.00126,1.12208,6.85867,0.42336,18.483,0.42336,0,0,442.007,0,1.02816,0,0,1.35667,0.32851,1.028160,1,0,44.3671,0,0,0,44.3671,0
71.4564,2.12372,0,0,2.20221,0.111948,0.36288,3.6288,61.308,0.512905,0,0,0.780607,0.235197,0.0325043,0.66528,12.849,1,0.379772,0.36288,0,40.8009,4.48224,36.3018,0.84672,12.849,0.84672,3695.15,0,18.483,0,0.30119,1.65105,5.59729,1.22885,6.32069,0.42336,18.483,0.42336,0,0,442.007,0,0.884442,0,0,1.18563,0.30119,1.028160,1,0,42.655,0,0,0,42.655,0
71.1756,2.10124,0,0,2.2971,0.113758,0.36288,3.6288,61.308,0.408637,0,0,0.66795,0.25404,0.00527255,0.66528,12.849,1,0.377837,0.36288,0,38.7415,5.05271,33.6738,0.84672,12.849,0.84672,3695.15,0,18.483,0,0.382406,1.65112,4.85032,1.19973,5.68412,0.42336,18.483,0.42336,0,0,442.007,0,1.02816,0,0,1.41057,0.382406,1.028160,1,0,39.3632,0,0,0,39.3632,0
70.7114,2.0988,0,0,2.11099,0.113514,0.36288,3.6288,61.294,0.408695,0,0,0.648769,0.25404,0,0.66528,12.849,1,0.378887,0.36288,0,38.1296,5.05271,33.0609,0.84672,12.849,0.84672,3695.15,0,18.483,0,0.383003,1.6765,4.89096,1.19973,5.75074,0.42336,18.483,0.42336,0,0,442.007,0,1.02816,0,0,1.41116,0.383003,1.028160,1,0,38.8116,0,0,0,38.8116,0
70.0622,2.09469,0,0,1.92149,0.113111,0.36288,3.6288,61.1713,0.475505,0,0,0.606785,0.254017,0,0.66528,12.849,1,0.380626,0.36288,0,36.6043,5.05271,31.5339,0.84672,12.849,0.84672,3695.15,0,18.483,0,0.261274,1.67657,4.59459,1.19973,5.33271,0.42336,18.483,0.42336,0,0,442.007,0,0.961407,0,0,1.22268,0.261274,1.028160,1,0,36.8666,0,0,0,36.8666,0
69.2789,2.08883,0,0,1.76688,0.0985078,0.36288,3.6288,60.9823,0.481654,0,0,0.579323,0.286699,0,0.66528,12.849,1,0.383079,0.36288,0,32.4509,5.47615,26.9545,0.84672,12.849,0.84672,3695.15,0,18.483,0,0.261274,1.67664,4.42099,1.35429,5.00461,0.42336,18.483,0.42336,0,0,442.007,0,0.955316,0,0,1.21659,0.261274,1.028160,1,0,31.9591,0,0,0,31.9591,0
68.5219,2.13022,0,0,1.8211,0.0849833,0.36288,3.6288,60.6651,0.520092,0,0,0.539956,0.337078,0,0.66528,12.849,1,0.395087,0.36288,0,29.9009,6.11906,23.7496,0.84672,12.849,0.84672,3695.15,0,18.483,0,0.261274,1.67671,3.96722,1.54344,4.36175,0.42336,18.483,0.42336,0,0,442.007,0,0.95205,0,0,1.21332,0.261274,1.028160,1,0,28.1114,0,0,0,28.1114,0
67.7583,2.123,0,0,1.81102,0.0887161,0.36288,3.6288,60.3568,0.491173,0,0,0.52448,0.341593,0,0.66528,12.849,1,0.398098,0.36288,0,29.3615,6.17778,23.1485,0.84672,12.849,0.84672,3695.15,0,18.483,0,0.261274,1.71712,3.92093,1.53074,4.36858,0.42336,18.483,0.42336,0,0,442.007,0,0.981029,0,0,1.2423,0.261274,1.028160,1,0,27.5171,0,0,0,27.5171,0
66.7708,2.1156,0,0,1.57917,0.088187,0.36288,3.6288,59.9038,0.60661,0,0,0.494589,0.340924,0,0.66528,12.849,1,0.401182,0.36288,0,27.8178,6.17778,21.6017,0.84672,12.849,0.84672,3695.15,0,18.483,0,0.261274,1.71719,3.74651,1.53074,4.19424,0.42336,18.483,0.42336,0,0,442.007,0,0.86565,0,0,1.12692,0.261274,1.028160,1,0,25.7959,0,0,0,25.7959,0
65.6756,2.10584,0,0,1.45637,0.0828068,0.36288,3.6288,59.4248,0.622601,0,0,0.486091,0.342509,0,0.66528,12.849,1,0.405236,0.36288,0,26.2435,6.25255,19.9486,0.84672,12.849,0.84672,3695.15,0,18.483,0,0.227405,1.71726,3.71244,1.54568,4.11142,0.42336,18.483,0.42336,0,0,442.007,0,0.849718,0,0,1.07712,0.227405,1.028160,1,0,24.06,0,0,0,24.06,0
64.1948,2.23467,0,0,1.19102,0.0743344,0.36288,3.6288,58.8009,0.762688,0,0,0.479195,0.340437,0,0.66528,12.849,1,0.437198,0.36288,0,25.1548,6.43367,18.6469,0.84672,12.849,0.84672,3695.15,0,18.483,0,0.227405,1.71733,3.41091,1.50633,3.84932,0.42336,18.483,0.42336,0,0,442.007,0,0.836456,0,0,1.06386,0.227405,1.028160,1,0,22.4962,0,0,0,22.4962,0
62.6827,2.21823,0,0,1.15567,0.0865754,0.36288,3.6288,57.9995,0.881838,0,0,0.412393,0.331958,0,0.66528,12.849,1,0.443994,0.36288,0,24.5552,6.43241,18.0417,0.84672,12.849,0.84672,3695.15,0,18.483,0,0.227405,1.85406,2.38028,1.56432,2.89742,0.42336,18.483,0.42336,0,0,442.007,0,0.717371,0,0,0.944775,0.227405,1.028160,1,0,20.9391,0,0,0,20.9391,0
61.0696,2.20091,0,0,1.03614,0.0855171,0.36288,3.6288,57.0998,0.943263,0,0,0.373828,0.330249,0,0.66528,12.849,1,0.451152,0.36288,0,21.9208,6.43241,15.4001,0.84672,12.849,0.84672,3695.15,0,18.483,0,0.227405,1.85414,2.32113,1.56432,2.83835,0.42336,18.483,0.42336,0,0,442.007,0,0.656009,0,0,0.883414,0.227405,1.028160,1,0,18.2385,0,0,0,18.2385,0
59.6807,2.18179,0,0,1.24014,0.0843881,0.36288,3.6288,56.3287,0.844339,0,0,0.401592,0.328331,0,0.66528,12.849,1,0.459047,0.36288,0,22.6866,6.43241,16.158,0.84672,12.849,0.84672,3695.15,0,18.483,0,0.204422,1.85421,2.54598,1.56432,3.0403,0.42336,18.483,0.42336,0,0,442.007,0,0.754998,0,0,0.95942,0.204422,1.028160,1,0,19.1983,0,0,0,19.1983,0
59.1672,2.16479,0,0,2.12053,0.106353,0.36288,3.6288,55.8367,0.686274,0,0,0.515804,0.321492,0,0.66528,12.849,1,0.466071,0.36288,0,37.7022,6.28398,31.315,0.84672,12.849,0.84672,3695.15,0,18.483,0,0.204422,1.85429,2.81822,1.54612,3.33081,0.42336,18.483,0.42336,0,0,442.007,0,0.913127,0,0,1.11755,0.204422,1.028160,1,0,34.6458,0,0,0,34.6458,0
58.1792,2.09258,0,0,1.56995,0.102469,0.36288,3.6288,55.7441,0.494348,0,0,0.691295,0.289555,0,0.66528,12.849,1,0.454433,0.36288,0,25.353,5.24139,20.02,0.84672,12.849,0.84672,3695.15,0,18.483,0,0.486717,1.85436,3.75031,1.35886,4.73253,0.42336,18.483,0.42336,0,0,442.007,0,1.02816,0,0,1.51488,0.486717,1.028160,1,0,24.7525,0,0,0,24.7525,0
56.6989,2.08043,0,0,1.06498,0.101985,0.36288,3.6288,55.4833,0.541816,0,0,0.566657,0.285629,0,0.66528,12.849,1,0.459467,0.36288,0,22.421,5.03296,17.2914,0.84672,12.849,0.84672,3695.15,0,18.483,0,0.204422,1.7761,3.39298,1.32946,4.04404,0.42336,18.483,0.42336,0,0,442.007,0,0.980752,0,0,1.18517,0.204422,1.028160,1,0,21.3355,0,0,0,21.3355,0
55.6539,2.06167,0,0,1.53174,0.152201,0.36288,3.6288,55.4445,0.49447,0,0,0.697001,0.241332,0,0.66528,12.849,1,0.467212,0.36288,0,26.1676,4.41008,21.6532,0.84672,12.849,0.84672,3695.15,0,18.483,0,0.307351,1.77617,3.7336,1.13477,4.68236,0.42336,18.483,0.42336,0,0,442.007,0,1.02816,0,0,1.33551,0.307351,1.028160,1,0,26.3356,0,0,0,26.3356,0
56.7663,2.04807,0,0,3.74216,0.218835,0.36288,3.6288,56.1994,0.494531,0,0,1.43223,0.182873,0,0.66528,12.849,1,0.472844,0.36288,0,78.9158,3.57956,75.2263,0.84672,12.849,0.84672,3695.15,0,18.483,0,1.09903,1.77624,9.94464,0.875178,11.9447,0.42336,18.483,0.42336,0,0,442.007,0,1.02816,0,0,2.12719,1.09903,1.028160,1,0,87.171,0,0,0,87.171,0
56.0095,2.00942,0,0,1.85322,0.237711,0.36288,3.6288,56.2717,0.42453,0,0,0.694025,0.197118,0,0.66528,12.849,1,0.454831,0.36288,0,53.8139,3.9113,49.8106,0.84672,12.849,0.84672,3695.15,0,18.483,0,0.423325,1.77631,4.687,0.908004,5.97864,0.42336,18.483,0.42336,0,0,442.007,0,1.02816,0,0,1.45149,0.423325,1.028160,1,0,55.7893,0,0,0,55.7893,0
54.6725,1.99989,0,0,1.28346,0.257702,0.36288,3.6288,56.3544,0.424589,0,0,0.72226,0.215005,0,0.66528,12.849,1,0.458791,0.36288,0,39.944,4.35362,35.4945,0.84672,12.849,0.84672,3695.15,0,18.483,0,0.31758,1.70676,4.30972,0.951771,5.38229,0.42336,18.483,0.42336,0,0,442.007,0,1.02816,0,0,1.34574,0.31758,1.028160,1,0,40.8768,0,0,0,40.8768,0
53.5847,1.98258,0,0,1.51201,0.254276,0.36288,3.6288,55.9774,0.714389,0,0,0.552524,0.215121,0,0.66528,12.849,1,0.465942,0.36288,0,46.2529,4.35362,41.7963,0.84672,12.849,0.84672,3695.15,0,18.483,0,0.216518,1.70683,4.47921,0.951771,5.45078,0.42336,18.483,0.42336,0,0,442.007,0,0.738418,0,0,0.954936,0.216518,1.028160,1,0,47.2471,0,0,0,47.2471,0
55.4812,1.96811,0,0,4.47897,0.251489,0.36288,3.6288,57.1563,0.424705,0,0,1.81814,0.214592,0,0.66528,12.849,1,0.471929,0.36288,0,86.9441,4.35362,82.4814,0.84672,12.849,0.84672,3695.15,0,18.483,0,2.34835,1.7069,7.88947,0.951771,10.9929,0.42336,18.483,0.42336,0,0,442.007,0,1.02816,0,0,3.37651,2.34835,1.028160,1,0,93.4743,0,0,0,93.4743,0
56.4695,1.84321,0,0,3.45211,0.257772,0.36288,3.6288,58.0595,0.278822,0,0,1.39457,0.212548,0,0.66528,12.849,1,0.426871,0.36288,0,97.1721,4.26989,92.8382,0.84672,12.849,0.84672,3695.15,0,18.483,0,2.02586,1.70696,7.7292,0.94336,10.5187,0.42336,18.483,0.42336,0,0,442.007,0,1.02816,0,0,3.05402,2.02586,1.028160,1,0,103.357,0,0,0,103.357,0
57.1178,1.855,0,0,3.13514,0.268947,0.36288,3.6288,58.977,0.278874,0,0,1.38789,0.191474,0,0.66528,12.849,1,0.422084,0.36288,0,73.2022,3.7675,69.3755,0.84672,12.849,0.84672,3695.15,0,18.483,0,1.37847,1.55026,9.16037,0.892893,11.1962,0.42336,18.483,0.42336,0,0,442.007,0,1.02816,0,0,2.40663,1.37847,1.028160,1,0,80.5717,0,0,0,80.5717,0
57.7674,1.86261,0,0,3.14582,0.270673,0.36288,3.6288,59.6454,0.278927,0,0,1.13988,0.192608,0,0.66528,12.849,1,0.419007,0.36288,0,85.6855,3.7675,81.8618,0.84672,12.849,0.84672,3695.15,0,18.483,0,1.47271,1.55032,8.49985,0.892893,10.63,0.42336,18.483,0.42336,0,0,442.007,0,1.02816,0,0,2.50087,1.47271,1.028160,1,0,92.4918,0,0,0,92.4918,0
59.4063,1.87014,0,0,4.14429,0.272402,0.36288,3.6288,60.3212,0.278979,0,0,1.14829,0.193433,0,0.66528,12.849,1,0.415968,0.36288,0,80.5404,3.7675,76.7198,0.84672,12.849,0.84672,3695.15,0,18.483,0,1.43586,1.55038,6.51103,0.892893,8.60438,0.42336,18.483,0.42336,0,0,442.007,0,1.02816,0,0,2.46402,1.43586,1.028160,1,0,85.3241,0,0,0,85.3241,0
62.8624,1.88854,0,0,5.98062,0.273073,0.36288,3.6288,61.308,0.279032,0,0,2.43092,0.191188,0.973949,0.66528,12.849,1,0.408472,0.36288,0,146.49,3.66031,142.784,0.84672,12.849,0.84672,3695.15,0,18.483,0,2.6299,1.55045,15.9554,0.879502,19.2562,0.42336,18.483,0.42336,0,0,442.007,0,1.02816,0,0,3.65806,2.6299,1.028160,1,0,163.015,0,0,0,163.015,0
62.5402,1.92508,0,0,2.23582,0.270104,0.36288,3.6288,61.308,0.279032,0,0,1.28379,0.219602,0.785158,0.66528,12.849,1,0.393484,0.36288,0,66.581,4.37707,62.1733,0.84672,12.849,0.84672,3695.15,0,18.483,0,1.05555,1.55051,5.81459,1.18623,7.23441,0.42336,18.483,0.42336,0,0,442.007,0,1.02816,0,0,2.08371,1.05555,1.028160,1,0,70.1929,0,0,0,70.1929,0
63.6267,1.98207,0,0,3.70549,0.274024,0.36288,3.6288,61.308,0.321351,0,0,1.36013,0.237929,0.800846,0.66528,12.849,1,0.40722,0.36288,0,49.1455,4.92103,44.1802,0.84672,12.849,0.84672,3695.15,0,18.483,0,1.37032,1.55051,14.0554,1.34106,15.6352,0.42336,18.483,0.42336,0,0,442.007,0,1.02816,0,0,2.39848,1.37032,1.028160,1,0,60.6162,0,0,0,60.6162,0
71.0401,1.9935,0,0,10.0462,0.276463,0.36288,3.6288,61.308,0.321399,0,0,2.64981,0.237929,2.09048,0.66528,12.849,1,0.402575,0.36288,0,176.698,4.92103,171.737,0.84672,12.849,0.84672,3695.15,0,18.483,0,4.09693,1.60016,12.1814,1.34106,16.5374,0.42336,18.483,0.42336,0,0,442.007,0,1.02816,0,0,5.12509,4.09693,1.028160,1,0,190.365,0,0,0,190.365,0
72.29,2.06466,0,0,4.70464,0.302988,1.08708,3.6288,61.308,0.321446,0,0,2.01235,0.225648,1.46526,0.66528,12.849,1,0.373435,1.08708,0,103.086,4.24967,99.5504,0.84672,12.849,0.84672,3695.15,0,18.483,0,2.5778,1.60022,6.90587,1.16033,9.92355,0.42336,18.483,0.42336,0,0,442.007,0,1.02816,0,0,3.60596,2.5778,1.028160,1,0,110.939,0,0,0,110.939,0
72.29,2.07572,0,0,4.20597,0.279682,1.85057,3.6288,61.308,0.321493,0,0,1.65406,0.215901,1.11666,0.66528,12.849,1,0.368943,1.85057,0,82.3891,3.88637,79.9844,0.84672,12.849,0.84672,3695.15,0,18.483,0,2.13229,1.60027,6.60398,0.939319,9.39723,0.42336,18.483,0.42336,0,0,442.007,0,1.02816,0,0,3.16045,2.13229,1.028160,1,0,90.4983,0,0,0,90.4983,0
72.29,2.27826,0,0,6.20349,0.300064,3.62517,3.6288,61.308,0.480237,0,0,1.6799,0.205883,0.993782,0.66528,12.849,1,0.404944,3.62517,0,127.898,3.61333,127.505,0.84672,12.849,0.84672,3695.15,0,18.483,0,2.42751,1.60033,8.34823,0.753052,11.623,0.42336,18.483,0.42336,0,0,442.007,0,1.02816,0,0,3.45567,2.42751,1.028160,1,0,140.122,0,0,0,140.122,0
72.29,2.27834,0,0,5.92103,0.308173,3.33451,3.6288,61.308,0.48029,0,0,1.65096,0.221197,0.94947,0.66528,12.849,1,0.404958,3.33451,0,121.662,4.02223,120.569,0.84672,12.849,0.84672,3695.15,0,18.483,0,2.69283,1.77738,8.32153,1.00894,11.7828,0.42336,18.483,0.42336,0,0,442.007,0,1.02816,0,0,3.72099,2.69283,1.028160,1,0,133.301,0,0,0,133.301,0
72.29,2.27842,0,0,6.23227,0.308173,3.64567,3.6288,61.308,0.480343,0,0,1.58303,0.221197,0.88149,0.66528,12.849,1,0.404972,3.64567,0,129.262,4.02223,128.481,0.84672,12.849,0.84672,3695.15,0,18.483,0,3.03336,1.77744,8.57719,1.00894,12.3791,0.42336,18.483,0.42336,0,0,442.007,0,1.02816,0,0,4.06152,3.03336,1.028160,1,0,141.741,0,0,0,141.741,0
72.29,2.2785,0,0,6.52456,0.310277,3.93578,3.6288,61.308,0.480396,0,0,1.61636,0.206023,0.929944,0.66528,12.849,1,0.404986,3.93578,0,139.539,3.68579,139.384,0.84672,12.849,0.84672,3695.15,0,18.483,0,2.46634,1.77751,8.46426,0.933349,11.7748,0.42336,18.483,0.42336,0,0,442.007,0,1.02816,0,0,3.4945,2.46634,1.028160,1,0,152.089,0,0,0,152.089,0
72.29,1.98976,0,0,3.5078,0.315537,1.2025,3.6288,61.308,0.267447,0,0,1.50137,0.168087,1.06584,0.66528,12.849,1,0.353664,1.2025,0,104.677,2.84466,102.681,0.84672,12.849,0.84672,3695.15,0,18.483,0,1.87547,1.77757,10.1985,0.744381,13.1071,0.42336,18.483,0.42336,0,0,442.007,0,1.02816,0,0,2.90363,1.87547,1.028160,1,0,116.854,0,0,0,116.854,0
72.29,1.98983,0,0,4.76005,0.315537,2.45469,3.6288,61.308,0.267492,0,0,1.55038,0.168087,1.1148,0.66528,12.849,1,0.353676,2.45469,0,89.1536,2.84466,88.4099,0.84672,12.849,0.84672,3695.15,0,18.483,0,2.48998,1.53548,9.5453,0.744381,12.8264,0.42336,18.483,0.42336,0,0,442.007,0,1.02816,0,0,3.51814,2.48998,1.028160,1,0,102.351,0,0,0,102.351,0
72.29,1.9899,0,0,4.24444,0.315537,1.93901,3.6288,61.308,0.267538,0,0,1.30481,0.168087,0.869188,0.66528,12.849,1,0.353689,1.93901,0,87.6709,2.84466,86.4116,0.84672,12.849,0.84672,3695.15,0,18.483,0,1.15036,1.53553,9.93488,0.744381,11.8764,0.42336,18.483,0.42336,0,0,442.007,0,1.02816,0,0,2.17852,1.15036,1.028160,1,0,99.1572,0,0,0,99.1572,0
72.29,1.98997,0,0,3.95277,0.282924,1.67988,3.6288,61.308,0.267583,0,0,1.32512,0.17448,0.883054,0.66528,12.849,1,0.353701,1.67988,0,96.9978,3.21405,95.11,0.84672,12.849,0.84672,3695.15,0,18.483,0,2.15919,1.53559,8.30321,0.845636,11.1524,0.42336,18.483,0.42336,0,0,442.007,0,1.02816,0,0,3.18735,2.15919,1.028160,1,0,107.145,0,0,0,107.145,0
72.29,1.99004,0,0,4.70528,0.300498,2.41475,3.6288,61.308,0.267629,0,0,1.47521,0.16732,1.04026,0.66528,12.849,1,0.353714,2.41475,0,105.202,3.43398,103.829,0.84672,12.849,0.84672,3695.15,0,18.483,0,1.98264,1.53564,6.82057,0.803204,9.53565,0.42336,18.483,0.42336,0,0,442.007,0,1.02816,0,0,3.0108,1.98264,1.028160,1,0,114.405,0,0,0,114.405,0
72.29,2.06282,0,0,4.30863,0.301864,1.94395,3.6288,61.308,0.319792,0,0,1.21335,0.160026,0.733532,0.66528,12.849,1,0.366651,1.94395,0,100.933,3.32073,99.1899,0.84672,12.849,0.84672,3695.15,0,18.483,0,1.64195,1.5357,5.33142,0.763889,7.74519,0.42336,18.483,0.42336,0,0,442.007,0,1.02816,0,0,2.67011,1.64195,1.028160,1,0,107.669,0,0,0,107.669,0
72.29,2.06289,0,0,6.44343,0.305346,4.07519,3.6288,61.308,0.319839,0,0,1.37418,0.144561,0.909783,0.66528,12.849,1,0.366663,4.07519,0,139.228,2.88468,140.052,0.84672,12.849,0.84672,3695.15,0,18.483,0,2.5201,1.59555,14.2209,0.675935,17.6606,0.42336,18.483,0.42336,0,0,442.007,0,1.02816,0,0,3.54826,2.5201,1.028160,1,0,158.623,0,0,0,158.623,0
72.29,2.06296,0,0,4.39893,0.259196,2.07677,3.6288,61.308,0.319886,0,0,1.18805,0.165102,0.703064,0.66528,12.849,1,0.366676,2.07677,0,104.247,2.55901,103.398,0.84672,12.849,0.84672,3695.15,0,18.483,0,1.93801,1.5956,7.26624,0.669911,10.1299,0.42336,18.483,0.42336,0,0,442.007,0,1.02816,0,0,2.96617,1.93801,1.028160,1,0,114.231,0,0,0,114.231,0
72.29,2.06304,0,0,3.30364,0.24561,0.994996,3.6288,61.308,0.319933,0,0,0.948629,0.19258,0.436116,0.66528,12.849,1,0.366689,0.994996,0,67.0038,3.56939,64.0627,0.84672,12.849,0.84672,3695.15,0,18.483,0,1.23368,1.59566,5.30825,0.835351,7.30224,0.42336,18.483,0.42336,0,0,442.007,0,1.02816,0,0,2.26184,1.23368,1.028160,1,0,71.8011,0,0,0,71.8011,0
72.1954,2.03467,0,0,2.54521,0.242277,0.36288,3.6288,61.308,0.299736,0,0,0.918173,0.205788,0.412649,0.66528,12.849,1,0.361648,0.36288,0,53.0316,4.23161,48.8013,0.84672,12.849,0.84672,3695.15,0,18.483,0,1.20207,1.59572,5.94917,0.932697,7.81426,0.42336,18.483,0.42336,0,0,442.007,0,1.02816,0,0,2.23023,1.20207,1.028160,1,0,57.0282,0,0,0,57.0282,0
72.29,2.03394,0,0,2.96673,0.242103,0.596066,3.6288,61.308,0.299783,0,0,0.980389,0.205788,0.474819,0.66528,12.849,1,0.361991,0.596066,0,54.7629,4.23161,50.7654,0.84672,12.849,0.84672,3695.15,0,18.483,0,1.19797,1.57249,5.10106,0.932697,6.93883,0.42336,18.483,0.42336,0,0,442.007,0,1.02816,0,0,2.22613,1.19797,1.028160,1,0,58.179,0,0,0,58.179,0
72.29,2.03482,0,0,3.32289,0.219443,1.06863,3.6288,61.308,0.299829,0,0,1.00868,0.211143,0.497704,0.66528,12.849,1,0.361673,1.06863,0,65.771,4.39415,62.0839,0.84672,12.849,0.84672,3695.15,0,18.483,0,1.29777,1.57255,4.91759,0.902608,6.88531,0.42336,18.483,0.42336,0,0,442.007,0,1.02816,0,0,2.32593,1.29777,1.028160,1,0,69.4669,0,0,0,69.4669,0
72.0104,2.03489,0,0,2.3071,0.188909,0.36288,3.6288,61.308,0.299876,0,0,0.887216,0.219143,0.368196,0.66528,12.849,1,0.361686,0.36288,0,49.1626,4.595,44.5688,0.84672,12.849,0.84672,3695.15,0,18.483,0,1.02521,1.5726,4.52458,0.895552,6.22683,0.42336,18.483,0.42336,0,0,442.007,0,1.02816,0,0,2.05337,1.02521,1.028160,1,0,51.1639,0,0,0,51.1639,0
71.8893,2.12899,0,0,2.55851,0.187734,0.36288,3.6288,61.308,0.371726,0,0,0.994239,0.220812,0.401702,0.66528,12.849,1,0.379882,0.36288,0,54.5353,4.39675,50.1216,0.84672,12.849,0.84672,3695.15,0,18.483,0,0.967602,1.57266,4.57995,1.09852,6.0217,0.42336,18.483,0.42336,0,0,442.007,0,1.02816,0,0,1.99576,0.967602,1.028160,1,0,56.545,0,0,0,56.545,0
71.5401,2.12798,0,0,2.28982,0.148224,0.36288,3.6288,61.308,0.371775,0,0,0.787856,0.208789,0.207292,0.66528,12.849,1,0.380341,0.36288,0,48.4226,4.04953,44.3556,0.84672,12.849,0.84672,3695.15,0,18.483,0,0.946797,1.65412,4.20387,1.07592,5.72887,0.42336,18.483,0.42336,0,0,442.007,0,1.02816,0,0,1.97496,0.946797,1.028160,1,0,50.2918,0,0,0,50.2918,0
71.0718,2.12491,0,0,2.15224,0.132695,0.36288,3.6288,61.308,0.371824,0,0,0.820489,0.21236,0.236305,0.66528,12.849,1,0.381645,0.36288,0,44.6022,4.1579,40.4255,0.84672,12.849,0.84672,3695.15,0,18.483,0,0.951739,1.65418,4.27251,1.05586,5.82257,0.42336,18.483,0.42336,0,0,442.007,0,1.02816,0,0,1.9799,0.951739,1.028160,1,0,46.4844,0,0,0,46.4844,0
70.5242,2.12073,0,0,2.06816,0.13222,0.36288,3.6288,61.308,0.371873,0,0,0.835842,0.21236,0.25161,0.66528,12.849,1,0.383404,0.36288,0,42.0474,4.1579,37.869,0.84672,12.849,0.84672,3695.15,0,18.483,0,0.853191,1.65424,4.26029,1.05586,5.71186,0.42336,18.483,0.42336,0,0,442.007,0,1.02816,0,0,1.88135,0.853191,1.028160,1,0,43.8325,0,0,0,43.8325,0
70.0195,2.11577,0,0,2.0932,0.119211,0.36288,3.6288,61.308,0.371922,0,0,0.692021,0.24136,0.0787386,0.66528,12.849,1,0.385479,0.36288,0,38.534,4.8256,33.6858,0.84672,12.849,0.84672,3695.15,0,18.483,0,0.684176,1.65429,3.68155,1.11837,4.90165,0.42336,18.483,0.42336,0,0,442.007,0,1.02816,0,0,1.71234,0.684176,1.028160,1,0,38.6662,0,0,0,38.6662,0
69.3888,2.09226,0,0,1.94117,0.116681,0.36288,3.6288,61.308,0.411442,0,0,0.659768,0.246193,0.0021319,0.66528,12.849,1,0.383942,0.36288,0,37.7094,4.93689,32.7514,0.84672,12.849,0.84672,3695.15,0,18.483,0,0.702086,1.65435,3.64557,1.12878,4.87322,0.42336,18.483,0.42336,0,0,442.007,0,1.02816,0,0,1.73025,0.702086,1.028160,1,0,37.6268,0,0,0,37.6268,0
68.5903,2.08647,0,0,1.76694,0.116113,0.36288,3.6288,61.2674,0.411493,0,0,0.617084,0.246193,0,0.66528,12.849,1,0.38636,0.36288,0,36.2008,4.93689,31.2405,0.84672,12.849,0.84672,3695.15,0,18.483,0,0.47101,1.67978,3.42468,1.12878,4.44668,0.42336,18.483,0.42336,0,0,442.007,0,1.02816,0,0,1.49917,0.47101,1.028160,1,0,35.6871,0,0,0,35.6871,0
67.6717,2.07901,0,0,1.62474,0.101513,0.36288,3.6288,61.166,0.411543,0,0,0.589149,0.279029,0,0.66528,12.849,1,0.389461,0.36288,0,32.0931,5.36034,26.7062,0.84672,12.849,0.84672,3695.15,0,18.483,0,0.463527,1.67984,3.29526,1.28335,4.15527,0.42336,18.483,0.42336,0,0,442.007,0,1.02816,0,0,1.49169,0.463527,1.028160,1,0,30.8615,0,0,0,30.8615,0
66.8146,2.07027,0,0,1.65815,0.0821006,0.36288,3.6288,61.0428,0.411594,0,0,0.607279,0.318843,0,0.66528,12.849,1,0.393088,0.36288,0,27.7623,5.79404,21.9381,0.84672,12.849,0.84672,3695.15,0,18.483,0,0.356806,1.67989,3.08875,1.46253,3.66292,0.42336,18.483,0.42336,0,0,442.007,0,1.02816,0,0,1.38497,0.356806,1.028160,1,0,25.601,0,0,0,25.601,0
65.9961,2.1101,0,0,1.73571,0.0811363,0.36288,3.6288,60.9278,0.446827,0,0,0.645266,0.313474,0,0.66528,12.849,1,0.40579,0.36288,0,37.5072,5.6195,31.8448,0.84672,12.849,0.84672,3695.15,0,18.483,0,0.462534,1.67995,3.32369,1.42665,4.03952,0.42336,18.483,0.42336,0,0,442.007,0,1.02816,0,0,1.49069,0.462534,1.028160,1,0,35.8843,0,0,0,35.8843,0
65.0696,2.10185,0,0,1.61881,0.0806106,0.36288,3.6288,60.7392,0.446879,0,0,0.571543,0.313245,0,0.66528,12.849,1,0.409216,0.36288,0,29.6716,5.6195,24.0057,0.84672,12.849,0.84672,3695.15,0,18.483,0,0.443336,1.72044,3.03377,1.42665,3.7709,0.42336,18.483,0.42336,0,0,442.007,0,1.02816,0,0,1.4715,0.443336,1.028160,1,0,27.7766,0,0,0,27.7766,0
64.0068,2.09233,0,0,1.47246,0.0800155,0.36288,3.6288,60.5019,0.461273,0,0,0.536857,0.312871,0,0.66528,12.849,1,0.413164,0.36288,0,27.2841,5.6195,21.6143,0.84672,12.849,0.84672,3695.15,0,18.483,0,0.227405,1.7205,2.77654,1.42665,3.2978,0.42336,18.483,0.42336,0,0,442.007,0,1.01382,0,0,1.24122,0.227405,1.028160,1,0,24.9121,0,0,0,24.9121,0
63.1588,2.08118,0,0,1.66591,0.0699302,0.36288,3.6288,60.4014,0.446982,0,0,0.652688,0.306241,0,0.66528,12.849,1,0.417784,0.36288,0,28.0581,5.76099,22.2422,0.84672,12.849,0.84672,3695.15,0,18.483,0,0.65067,1.72056,4.07057,1.46353,4.97828,0.42336,18.483,0.42336,0,0,442.007,0,1.02816,0,0,1.67883,0.65067,1.028160,1,0,27.2205,0,0,0,27.2205,0
61.7279,2.21049,0,0,1.2471,0.104587,0.36288,3.6288,60.145,0.574042,0,0,0.58124,0.263533,0,0.66528,12.849,1,0.449702,0.36288,0,26.2945,4.64783,21.5599,0.84672,12.849,0.84672,3695.15,0,18.483,0,0.392757,1.72062,3.11552,1.2504,3.97851,0.42336,18.483,0.42336,0,0,442.007,0,1.02816,0,0,1.42092,0.392757,1.028160,1,0,25.5384,0,0,0,25.5384,0
60.5139,2.19371,0,0,1.4459,0.103367,0.36288,3.6288,59.9155,0.574098,0,0,0.607643,0.263103,0,0.66528,12.849,1,0.456632,0.36288,0,25.0888,4.64783,20.3473,0.84672,12.849,0.84672,3695.15,0,18.483,0,0.344779,1.85761,3.88721,1.2504,4.8392,0.42336,18.483,0.42336,0,0,442.007,0,1.02816,0,0,1.37294,0.344779,1.028160,1,0,25.1865,0,0,0,25.1865,0
58.928,2.17907,0,0,1.06523,0.109188,0.36288,3.6288,59.6042,0.574154,0,0,0.525751,0.262839,0,0.66528,12.849,1,0.462685,0.36288,0,24.3952,4.68112,19.6143,0.84672,12.849,0.84672,3695.15,0,18.483,0,0.289673,1.85767,2.65489,1.24388,3.55836,0.42336,18.483,0.42336,0,0,442.007,0,1.02816,0,0,1.31783,0.289673,1.028160,1,0,23.1726,0,0,0,23.1726,0
57.4121,2.15932,0,0,1.12289,0.116571,0.36288,3.6288,59.3166,0.574211,0,0,0.549001,0.262478,0,0.66528,12.849,1,0.470831,0.36288,0,22.0754,4.72552,17.2419,0.84672,12.849,0.84672,3695.15,0,18.483,0,0.221452,1.85774,2.71345,1.23518,3.55746,0.42336,18.483,0.42336,0,0,442.007,0,1.02816,0,0,1.24961,0.221452,1.028160,1,0,20.7994,0,0,0,20.7994,0
55.5703,2.13978,0,0,0.813076,0.152171,0.36288,3.6288,58.3568,1.08203,0,0,0.367966,0.245645,0,0.66528,12.849,1,0.47889,0.36288,0,22.6622,4.56603,17.9802,0.84672,12.849,0.84672,3695.15,0,18.483,0,0.204422,1.8578,2.32447,1.14781,3.23889,0.42336,18.483,0.42336,0,0,442.007,0,0.520394,0,0,0.724817,0.204422,1.028160,1,0,21.219,0,0,0,21.219,0
53.5707,2.05057,0,0,0.615829,0.201978,0.36288,3.6288,57.3149,1.16441,0,0,0.345555,0.223136,0,0.66528,12.849,1,0.474135,0.36288,0,19.2347,3.86642,15.257,0.84672,12.849,0.84672,3695.15,0,18.483,0,0.204422,1.85787,2.39754,0.955874,3.50396,0.42336,18.483,0.42336,0,0,442.007,0,0.360973,0,0,0.565396,0.204422,1.028160,1,0,18.761,0,0,0,18.761,0
51.7228,2.02341,0,0,0.736309,0.197945,0.36288,3.6288,56.6674,0.965204,0,0,0.539407,0.221638,0,0.66528,12.849,1,0.485318,0.36288,0,23.1782,3.86642,19.1893,0.84672,12.849,0.84672,3695.15,0,18.483,0,0.216518,1.77945,3.28463,0.955874,4.32472,0.42336,18.483,0.42336,0,0,442.007,0,0.560231,0,0,0.776749,0.216518,1.028160,1,0,23.5141,0,0,0,23.5141,0
49.8522,1.99715,0,0,0.683655,0.194218,0.36288,3.6288,55.9197,0.98369,0,0,0.456679,0.220707,0,0.66528,12.849,1,0.496134,0.36288,0,21.392,3.86642,17.3924,0.84672,12.849,0.84672,3695.15,0,18.483,0,0.216518,1.77951,2.6361,0.955874,3.67626,0.42336,18.483,0.42336,0,0,442.007,0,0.541798,0,0,0.758316,0.216518,1.028160,1,0,21.0686,0,0,0,21.0686,0
47.9583,1.96935,0,0,0.638026,0.199675,0.36288,3.6288,55.4197,0.796801,0,0,0.522149,0.22538,0,0.66528,12.849,1,0.507583,0.36288,0,20.0286,4.11859,15.7653,0.84672,12.849,0.84672,3695.15,0,18.483,0,0.216518,1.77958,3.03435,1.01031,4.02014,0.42336,18.483,0.42336,0,0,442.007,0,0.728741,0,0,0.945259,0.216518,1.028160,1,0,19.7854,0,0,0,19.7854,0
45.9687,1.88974,0,0,0.481242,0.218247,0.36288,3.6288,54.4465,1.01487,0,0,0.280695,0.238963,0,0.66528,12.849,1,0.5063,0.36288,0,14.949,4.74904,10.0566,0.84672,12.849,0.84672,3695.15,0,18.483,0,0.216518,1.77964,2.44502,1.14639,3.29479,0.42336,18.483,0.42336,0,0,442.007,0,0.440534,0,0,0.657052,0.216518,1.028160,1,0,13.3513,0,0,0,13.3513,0
44.1693,1.85803,0,0,0.641469,0.219904,0.36288,3.6288,53.8248,0.776341,0,0,0.389689,0.235118,0,0.66528,12.849,1,0.519349,0.36288,0,26.307,4.67756,21.473,0.84672,12.849,0.84672,3695.15,0,18.483,0,0.216518,1.70995,3.48559,1.13601,4.27605,0.42336,18.483,0.42336,0,0,442.007,0,0.679113,0,0,0.895631,0.216518,1.028160,1,0,25.749,0,0,0,25.749,0
43.192,1.82791,0,0,1.46655,0.253101,0.36288,3.6288,53.8016,0.566043,0,0,0.763175,0.220304,0,0.66528,12.849,1,0.531745,0.36288,0,33.3507,4.24862,28.9332,0.84672,12.849,0.84672,3695.15,0,18.483,0,0.292723,1.71001,5.67289,1.07371,6.6019,0.42336,18.483,0.42336,0,0,442.007,0,0.889462,0,0,1.18219,0.292723,1.028160,1,0,35.5351,0,0,0,35.5351,0
42.0812,1.81097,0,0,1.31333,0.250284,0.36288,3.6288,53.4415,0.622219,0,0,0.482403,0.220263,0,0.66528,12.849,1,0.538738,0.36288,0,33.3093,4.24862,28.8848,0.84672,12.849,0.84672,3695.15,0,18.483,0,0.292723,1.71007,3.58123,1.07371,4.51031,0.42336,18.483,0.42336,0,0,442.007,0,0.833337,0,0,1.12606,0.292723,1.028160,1,0,33.3951,0,0,0,33.3951,0
41.5078,1.65626,0,0,1.67171,0.22594,0.36288,3.6288,53.3365,0.425377,0,0,0.492518,0.17213,0,0.66528,12.849,1,0.50572,0.36288,0,45.2731,3.8954,41.2348,0.84672,12.849,0.84672,3695.15,0,18.483,0,0.292723,1.71013,4.57936,0.876999,5.70521,0.42336,18.483,0.42336,0,0,442.007,0,0.884019,0,0,1.17674,0.292723,1.028160,1,0,46.9401,0,0,0,46.9401,0
41.4419,1.64661,0,0,2.16797,0.224429,0.36288,3.6288,53.5318,0.345469,0,0,0.71276,0.171986,0,0.66528,12.849,1,0.509719,0.36288,0,82.9205,3.8954,78.8783,0.84672,12.849,0.84672,3695.15,0,18.483,0,0.292723,1.55312,6.06283,0.876999,7.03168,0.42336,18.483,0.42336,0,0,442.007,0,0.963973,0,0,1.2567,0.292723,1.028160,1,0,85.9099,0,0,0,85.9099,0
41.6737,1.64554,0,0,2.46445,0.224255,0.36288,3.6288,53.9312,0.281328,0,0,0.852932,0.172254,0,0.66528,12.849,1,0.510199,0.36288,0,77.4058,3.8954,73.363,0.84672,12.849,0.84672,3695.15,0,18.483,0,0.463804,1.55318,6.73217,0.876999,7.87215,0.42336,18.483,0.42336,0,0,442.007,0,1.02816,0,0,1.49196,0.463804,1.028160,1,0,81.2352,0,0,0,81.2352,0
42.4756,1.64955,0,0,3.01097,0.196546,0.36288,3.6288,54.6913,0.281374,0,0,1.25714,0.215613,0,0.66528,12.849,1,0.508597,0.36288,0,154.193,4.67532,149.372,0.84672,12.849,0.84672,3695.15,0,18.483,0,1.01565,1.55323,10.4764,1.19398,11.8513,0.42336,18.483,0.42336,0,0,442.007,0,1.02816,0,0,2.04381,1.01565,1.028160,1,0,161.223,0,0,0,161.223,0
42.5992,1.66309,0,0,2.38073,0.231232,0.36288,3.6288,55.54,0.28142,0,0,1.30952,0.179459,0,0.66528,12.849,1,0.503088,0.36288,0,80.3132,4.35573,75.8173,0.84672,12.849,0.84672,3695.15,0,18.483,0,0.704894,1.55329,7.60293,1.09282,8.76829,0.42336,18.483,0.42336,0,0,442.007,0,1.02816,0,0,1.73305,0.704894,1.028160,1,0,84.5856,0,0,0,84.5856,0
41.8149,1.71736,0,0,1.56425,0.268312,0.36288,3.6288,55.5391,0.590579,0,0,0.783259,0.193583,0,0.66528,12.849,1,0.517999,0.36288,0,42.6025,4.7251,37.7223,0.84672,12.849,0.84672,3695.15,0,18.483,0,0.412474,1.55334,3.0533,1.25436,3.76475,0.42336,18.483,0.42336,0,0,442.007,0,0.761391,0,0,1.17386,0.412474,1.028160,1,0,41.4871,0,0,0,41.4871,0
41.7785,1.70387,0,0,2.29629,0.265872,0.36288,3.6288,55.6482,0.528403,0,0,0.831064,0.193581,0,0.66528,12.849,1,0.523569,0.36288,0,46.3378,4.7251,41.452,0.84672,12.849,0.84672,3695.15,0,18.483,0,0.503194,1.60308,3.95674,1.25436,4.80864,0.42336,18.483,0.42336,0,0,442.007,0,0.823608,0,0,1.3268,0.503194,1.028160,1,0,46.2606,0,0,0,46.2606,0
41.7644,1.70328,0,0,2.31782,0.265759,0.36288,3.6288,55.9567,0.459885,0,0,0.962202,0.19372,0,0.66528,12.849,1,0.523845,0.36288,0,56.5243,4.7251,51.6383,0.84672,12.849,0.84672,3695.15,0,18.483,0,0.503194,1.60312,3.86247,1.25436,4.71442,0.42336,18.483,0.42336,0,0,442.007,0,0.892166,0,0,1.39536,0.503194,1.028160,1,0,56.3527,0,0,0,56.3527,0
44.146,1.70309,0,0,4.71604,0.268488,0.36288,3.6288,57.7334,0.323933,0,0,2.29464,0.194033,0,0.66528,12.849,1,0.523962,0.36288,0,76.6046,4.60943,71.8341,0.84672,12.849,0.84672,3695.15,0,18.483,0,3.32114,1.60317,13.4469,1.23677,17.1344,0.42336,18.483,0.42336,0,0,442.007,0,1.02816,0,0,4.3493,3.32114,1.028160,1,0,88.9685,0,0,0,88.9685,0
46.149,1.91351,0,0,4.5964,0.317069,0.36288,3.6288,58.332,0.482956,0,0,1.27386,0.192296,0,0.66528,12.849,1,0.55694,0.36288,0,71.2556,4.24778,66.8138,0.84672,12.849,0.84672,3695.15,0,18.483,0,1.82464,1.60322,6.84924,1.07458,9.20252,0.42336,18.483,0.42336,0,0,442.007,0,1.02816,0,0,2.8528,1.82464,1.028160,1,0,76.0163,0,0,0,76.0163,0
46.8934,1.94867,0,0,3.37372,0.317752,0.36288,3.6288,58.3636,0.483001,0,0,0.709956,0.195385,0,0.66528,12.849,1,0.542559,0.36288,0,53.1992,4.26322,48.7563,0.84672,12.849,0.84672,3695.15,0,18.483,0,0.791873,1.78058,5.71403,1.09105,7.19544,0.42336,18.483,0.42336,0,0,442.007,0,1.02816,0,0,1.82003,0.791873,1.028160,1,0,55.9518,0,0,0,55.9518,0
47.5579,1.96132,0,0,3.26945,0.280753,0.36288,3.6288,58.5119,0.483047,0,0,0.840857,0.2095,0,0.66528,12.849,1,0.537412,0.36288,0,78.8046,4.35592,74.2741,0.84672,12.849,0.84672,3695.15,0,18.483,0,1.31476,1.78064,6.13887,1.18984,8.04443,0.42336,18.483,0.42336,0,0,442.007,0,1.02816,0,0,2.34292,1.31476,1.028160,1,0,82.3185,0,0,0,82.3185,0
48.9383,1.97242,0,0,3.98955,0.273785,0.36288,3.6288,59.3203,0.483092,0,0,1.5017,0.210268,0,0.66528,12.849,1,0.532901,0.36288,0,74.3576,4.24459,69.943,0.84672,12.849,0.84672,3695.15,0,18.483,0,0.82404,1.78069,5.84664,1.14052,7.31086,0.42336,18.483,0.42336,0,0,442.007,0,1.02816,0,0,1.8522,0.82404,1.028160,1,0,77.2538,0,0,0,77.2538,0
51.594,1.74197,0,0,4.98344,0.22294,0.36288,3.6288,60.8142,0.269756,0,0,1.97853,0.214784,0,0.66528,12.849,1,0.457363,0.36288,0,72.9661,3.57662,69.295,0.84672,12.849,0.84672,3695.15,0,18.483,0,0.9619,1.78075,10.69,0.844612,12.588,0.42336,18.483,0.42336,0,0,442.007,0,1.02816,0,0,1.99006,0.9619,1.028160,1,0,81.883,0,0,0,81.883,0
53.8504,1.77774,0,0,4.62632,0.229285,0.36288,3.6288,61.308,0.269796,0,0,1.25151,0.216838,0.271119,0.66528,12.849,1,0.44273,0.36288,0,87.6096,3.57662,83.9531,0.84672,12.849,0.84672,3695.15,0,18.483,0,0.776053,1.53822,7.67794,0.844612,9.1476,0.42336,18.483,0.42336,0,0,442.007,0,1.02816,0,0,1.80421,0.776053,1.028160,1,0,93.3718,0,0,0,93.3718,0
55.1316,1.80639,0,0,3.71994,0.269439,0.36288,3.6288,61.308,0.393127,0,0,1.05925,0.16338,0.50274,0.66528,12.849,1,0.431015,0.36288,0,59.5293,2.95584,56.5054,0.84672,12.849,0.84672,3695.15,0,18.483,0,0.558835,1.53826,6.14747,0.672081,7.57249,0.42336,18.483,0.42336,0,0,442.007,0,0.904867,0,0,1.4637,0.558835,1.028160,1,0,64.5806,0,0,0,64.5806,0
56.9576,1.82202,0,0,4.29259,0.281708,0.36288,3.6288,61.308,0.269874,0,0,1.1687,0.175042,0.723782,0.66528,12.849,1,0.424641,0.36288,0,69.4227,3.44799,65.913,0.84672,12.849,0.84672,3695.15,0,18.483,0,0.57437,1.53831,6.76771,0.804904,8.07549,0.42336,18.483,0.42336,0,0,442.007,0,1.02816,0,0,1.60253,0.57437,1.028160,1,0,74.7123,0,0,0,74.7123,0
59.0594,1.84349,0,0,4.58758,0.279466,0.36288,3.6288,61.308,0.327896,0,0,0.954642,0.198163,0.428583,0.66528,12.849,1,0.415872,0.36288,0,99.1725,3.60081,95.5187,0.84672,12.849,0.84672,3695.15,0,18.483,0,0.558835,1.53836,7.68061,0.896817,8.88099,0.42336,18.483,0.42336,0,0,442.007,0,0.970177,0,0,1.52901,0.558835,1.028160,1,0,104.828,0,0,0,104.828,0
61.361,1.93535,0,0,4.88379,0.283892,0.36288,3.6288,61.308,0.322161,0,0,1.1766,0.197416,0.657018,0.66528,12.849,1,0.421056,0.36288,0,79.9433,3.4398,76.4454,0.84672,12.849,0.84672,3695.15,0,18.483,0,0.733165,1.5384,6.5611,0.873032,7.95964,0.42336,18.483,0.42336,0,0,442.007,0,1.02816,0,0,1.76132,0.733165,1.028160,1,0,85.062,0,0,0,85.062,0
63.2741,1.9609,0,0,4.5316,0.294766,0.36288,3.6288,61.308,0.322202,0,0,1.24877,0.189662,0.736901,0.66528,12.849,1,0.410613,0.36288,0,72.576,3.22336,69.3049,0.84672,12.849,0.84672,3695.15,0,18.483,0,0.756285,1.59835,8.80347,0.831267,10.3268,0.42336,18.483,0.42336,0,0,442.007,0,1.02816,0,0,1.78445,0.756285,1.028160,1,0,80.3686,0,0,0,80.3686,0
64.5826,1.98121,0,0,3.92242,0.269818,0.36288,3.6288,61.308,0.322243,0,0,1.1695,0.204893,0.642366,0.66528,12.849,1,0.402322,0.36288,0,66.9566,3.43864,63.4785,0.84672,12.849,0.84672,3695.15,0,18.483,0,0.642038,1.5984,6.32763,0.868521,7.69955,0.42336,18.483,0.42336,0,0,442.007,0,1.02816,0,0,1.6702,0.642038,1.028160,1,0,71.8205,0,0,0,71.8205,0
65.2503,1.99466,0,0,3.30909,0.283888,0.36288,3.6288,61.0556,0.736381,0,0,0.67754,0.193547,0,0.66528,12.849,1,0.396846,0.36288,0,55.1423,3.55025,51.5581,0.84672,12.849,0.84672,3695.15,0,18.483,0,0.528595,1.59845,4.00539,0.891472,5.24096,0.42336,18.483,0.42336,0,0,442.007,0,0.614062,0,0,1.14266,0.528595,1.028160,1,0,56.799,0,0,0,56.799,0
65.5615,1.97382,0,0,2.90853,0.260538,0.36288,3.6288,60.9192,0.544871,0,0,0.606178,0.197722,0,0.66528,12.849,1,0.388682,0.36288,0,47.028,3.87202,43.1301,0.84672,12.849,0.84672,3695.15,0,18.483,0,0.528595,1.5985,3.53895,0.932402,4.73364,0.42336,18.483,0.42336,0,0,442.007,0,0.785333,0,0,1.31393,0.528595,1.028160,1,0,47.8638,0,0,0,47.8638,0
65.7511,1.97693,0,0,2.73729,0.207877,0.36288,3.6288,60.7335,0.564939,0,0,0.602849,0.223645,0,0.66528,12.849,1,0.387445,0.36288,0,43.8566,4.10266,39.7293,0.84672,12.849,0.84672,3695.15,0,18.483,0,0.528595,1.57523,3.52187,0.946174,4.67952,0.42336,18.483,0.42336,0,0,442.007,0,0.765305,0,0,1.2939,0.528595,1.028160,1,0,44.4088,0,0,0,44.4088,0
65.8392,1.97883,0,0,2.63794,0.208192,0.36288,3.6288,60.7188,0.39376,0,0,0.602526,0.223382,0,0.66528,12.849,1,0.3867,0.36288,0,41.9313,4.10266,37.8048,0.84672,12.849,0.84672,3695.15,0,18.483,0,0.402797,1.57527,3.86987,0.946174,4.90177,0.42336,18.483,0.42336,0,0,442.007,0,0.936524,0,0,1.33932,0.402797,1.028160,1,0,42.7066,0,0,0,42.7066,0
65.9582,1.97974,0,0,2.66973,0.208116,0.36288,3.6288,60.6069,0.528256,0,0,0.636144,0.219883,0,0.66528,12.849,1,0.386362,0.36288,0,41.9238,3.99965,37.9007,0.84672,12.849,0.84672,3695.15,0,18.483,0,0.402797,1.57532,3.4172,0.950766,4.44455,0.42336,18.483,0.42336,0,0,442.007,0,0.802069,0,0,1.20487,0.402797,1.028160,1,0,42.3452,0,0,0,42.3452,0
65.6808,2.07493,0,0,2.3492,0.188768,0.36288,3.6288,60.3709,0.569983,0,0,0.568831,0.234802,0,0.66528,12.849,1,0.404207,0.36288,0,40.6023,4.5607,36.0003,0.84672,12.849,0.84672,3695.15,0,18.483,0,0.402797,1.57537,3.30223,1.1075,4.1729,0.42336,18.483,0.42336,0,0,442.007,0,0.832308,0,0,1.23511,0.402797,1.028160,1,0,40.1732,0,0,0,40.1732,0
65.202,2.07217,0,0,2.10798,0.15176,0.36288,3.6288,60.1227,0.564539,0,0,0.552732,0.236381,0,0.66528,12.849,1,0.405375,0.36288,0,35.5171,4.62557,30.849,0.84672,12.849,0.84672,3695.15,0,18.483,0,0.402797,1.65696,3.08646,1.06654,4.07968,0.42336,18.483,0.42336,0,0,442.007,0,0.837795,0,0,1.24059,0.402797,1.028160,1,0,34.9287,0,0,0,34.9287,0
64.7021,2.06733,0,0,2.08157,0.151179,0.36288,3.6288,59.998,0.489042,0,0,0.60036,0.236008,0,0.66528,12.849,1,0.407398,0.36288,0,34.3468,4.62557,29.6767,0.84672,12.849,0.84672,3695.15,0,18.483,0,0.30119,1.65701,3.38393,1.06654,4.27559,0.42336,18.483,0.42336,0,0,442.007,0,0.913334,0,0,1.21452,0.30119,1.028160,1,0,33.9523,0,0,0,33.9523,0
64.0733,2.06222,0,0,1.94679,0.150573,0.36288,3.6288,59.777,0.53917,0,0,0.553971,0.235821,0,0.66528,12.849,1,0.40953,0.36288,0,32.1289,4.62557,27.4567,0.84672,12.849,0.84672,3695.15,0,18.483,0,0.30119,1.65706,2.97123,1.06654,3.86294,0.42336,18.483,0.42336,0,0,442.007,0,0.863248,0,0,1.16444,0.30119,1.028160,1,0,31.3196,0,0,0,31.3196,0
63.1658,2.0557,0,0,1.64148,0.130395,0.36288,3.6288,59.3262,0.798507,0,0,0.59489,0.24715,0,0.66528,12.849,1,0.412242,0.36288,0,27.9518,4.77009,23.1323,0.84672,12.849,0.84672,3695.15,0,18.483,0,0.30119,1.65711,2.52194,1.11882,3.36142,0.42336,18.483,0.42336,0,0,442.007,0,0.603953,0,0,0.905144,0.30119,1.028160,1,0,26.4938,0,0,0,26.4938,0
62.0983,2.02778,0,0,1.44488,0.121728,0.36288,3.6288,58.7916,0.886817,0,0,0.60328,0.25109,0,0.66528,12.849,1,0.412486,0.36288,0,27.0449,4.8279,22.1674,0.84672,12.849,0.84672,3695.15,0,18.483,0,0.30119,1.65716,2.35517,1.13973,3.17379,0.42336,18.483,0.42336,0,0,442.007,0,0.555224,0,0,0.856414,0.30119,1.028160,1,0,25.3412,0,0,0,25.3412,0
60.9101,2.01635,0,0,1.31172,0.120669,0.36288,3.6288,58.1803,0.930959,0,0,0.569916,0.25023,0,0.66528,12.849,1,0.417212,0.36288,0,26.2411,4.8279,21.3589,0.84672,12.849,0.84672,3695.15,0,18.483,0,0.261274,1.68262,2.21382,1.13973,3.01798,0.42336,18.483,0.42336,0,0,442.007,0,0.511125,0,0,0.772399,0.261274,1.028160,1,0,24.3769,0,0,0,24.3769,0
59.6342,2.00331,0,0,1.20107,0.110792,0.36288,3.6288,57.4893,0.962694,0,0,0.542422,0.270752,0,0.66528,12.849,1,0.422599,0.36288,0,23.1414,5.1102,17.9715,0.84672,12.849,0.84672,3695.15,0,18.483,0,0.261274,1.68267,2.14996,1.24278,2.85113,0.42336,18.483,0.42336,0,0,442.007,0,0.479434,0,0,0.740707,0.261274,1.028160,1,0,20.8226,0,0,0,20.8226,0
58.4792,1.98891,0,0,1.2849,0.0880738,0.36288,3.6288,56.7951,0.939937,0,0,0.565542,0.319834,0,0.66528,12.849,1,0.428539,0.36288,0,21.9499,5.83179,16.0525,0.84672,12.849,0.84672,3695.15,0,18.483,0,0.261274,1.68272,2.21889,1.50579,2.6571,0.42336,18.483,0.42336,0,0,442.007,0,0.502235,0,0,0.763508,0.261274,1.028160,1,0,18.7096,0,0,0,18.7096,0
57.4535,2.02164,0,0,1.44608,0.0872041,0.36288,3.6288,56.237,0.905203,0,0,0.657478,0.310349,0,0.66528,12.849,1,0.444193,0.36288,0,23.7679,5.87139,17.8152,0.84672,12.849,0.84672,3695.15,0,18.483,0,0.261274,1.68277,2.64347,1.51927,3.06824,0.42336,18.483,0.42336,0,0,442.007,0,0.572253,0,0,0.833527,0.261274,1.028160,1,0,20.8835,0,0,0,20.8835,0
56.2737,2.00919,0,0,1.2786,0.0863361,0.36288,3.6288,55.5551,0.991605,0,0,0.618954,0.309222,0,0.66528,12.849,1,0.449338,0.36288,0,22.452,5.87139,16.4941,0.84672,12.849,0.84672,3695.15,0,18.483,0,0.261274,1.72332,2.47992,1.51927,2.94524,0.42336,18.483,0.42336,0,0,442.007,0,0.485896,0,0,0.74717,0.261274,1.028160,1,0,19.4394,0,0,0,19.4394,0
54.995,1.99449,0,0,1.15542,0.0767686,0.36288,3.6288,54.8751,0.980072,0,0,0.612839,0.312837,0,0.66528,12.849,1,0.455403,0.36288,0,21.2828,6.02094,15.1694,0.84672,12.849,0.84672,3695.15,0,18.483,0,0.227405,1.72337,2.47443,1.54915,2.87605,0.42336,18.483,0.42336,0,0,442.007,0,0.497474,0,0,0.724879,0.227405,1.028160,1,0,18.0454,0,0,0,18.0454,0
53.5272,1.9781,0,0,0.948836,0.0756311,0.36288,3.6288,54.1795,0.990294,0,0,0.599633,0.304904,0,0.66528,12.849,1,0.462163,0.36288,0,20.0219,6.05111,13.8715,0.84672,12.849,0.84672,3695.15,0,18.483,0,0.227405,1.72343,2.36767,1.44558,2.87292,0.42336,18.483,0.42336,0,0,442.007,0,0.487296,0,0,0.714701,0.227405,1.028160,1,0,16.7444,0,0,0,16.7444,0
51.9831,2.08948,0,0,0.97359,0.0653275,0.36288,3.6288,53.0782,1.31762,0,0,0.533142,0.31681,0,0.66528,12.849,1,0.501572,0.36288,0,19.8841,6.04926,13.6961,0.84672,12.849,0.84672,3695.15,0,18.483,0,0.227405,1.72348,2.04469,1.54235,2.45323,0.42336,18.483,0.42336,0,0,442.007,0,0.287236,0,0,0.514641,0.227405,1.028160,1,0,16.1494,0,0,0,16.1494,0
50.5542,2.06688,0,0,1.063,0.0622265,0.36288,3.6288,52.1957,1.22467,0,0,0.659092,0.316907,0,0.66528,12.849,1,0.510883,0.36288,0,25.1889,6.0585,18.9824,0.84672,12.849,0.84672,3695.15,0,18.483,0,0.227405,1.86068,2.28708,1.56343,2.81174,0.42336,18.483,0.42336,0,0,442.007,0,0.380233,0,0,0.607638,0.227405,1.028160,1,0,21.7941,0,0,0,21.7941,0
48.9593,2.0452,0,0,0.874532,0.0613055,0.36288,3.6288,50.967,1.39409,0,0,0.480006,0.314672,0,0.66528,12.849,1,0.519814,0.36288,0,23.077,6.0585,16.8616,0.84672,12.849,0.84672,3695.15,0,18.483,0,0.204422,1.86074,1.8732,1.56343,2.37494,0.42336,18.483,0.42336,0,0,442.007,0,0.210862,0,0,0.415284,0.204422,1.028160,1,0,19.2365,0,0,0,19.2365,0
47.6059,2.02008,0,0,1.08982,0.0602742,0.36288,3.6288,50.4982,0.988759,0,0,0.831514,0.311559,0,0.66528,12.849,1,0.530155,0.36288,0,22.4946,6.0585,16.2688,0.84672,12.849,0.84672,3695.15,0,18.483,0,0.204422,1.86079,2.92157,1.56343,3.42336,0.42336,18.483,0.42336,0,0,442.007,0,0.616239,0,0,0.820662,0.204422,1.028160,1,0,19.6922,0,0,0,19.6922,0
46.1438,1.99798,0,0,0.983526,0.0847103,0.36288,3.6288,49.5521,1.2957,0,0,0.61493,0.2653,0,0.66528,12.849,1,0.539261,0.36288,0,23.2276,4.83778,18.2134,0.84672,12.849,0.84672,3695.15,0,18.483,0,0.204422,1.86085,3.19885,1.18389,4.08023,0.42336,18.483,0.42336,0,0,442.007,0,0.309347,0,0,0.513769,0.204422,1.028160,1,0,22.2937,0,0,0,22.2937,0
45.0257,1.91302,0,0,1.25455,0.0968019,0.36288,3.6288,48.7492,1.23283,0,0,0.692919,0.263023,0,0.66528,12.849,1,0.532689,0.36288,0,25.4549,4.89268,20.3924,0.84672,12.849,0.84672,3695.15,0,18.483,0,0.204422,1.86091,3.61352,1.277,4.40186,0.42336,18.483,0.42336,0,0,442.007,0,0.295033,0,0,0.499455,0.204422,1.028160,1,0,24.7943,0,0,0,24.7943,0
43.7162,1.89405,0,0,1.04299,0.0955963,0.36288,3.6288,48.6024,0.864174,0,0,0.978696,0.261286,0,0.66528,12.849,1,0.540506,0.36288,0,23.5141,4.89268,18.4438,0.84672,12.849,0.84672,3695.15,0,18.483,0,0.216518,1.78235,4.0971,1.277,4.81897,0.42336,18.483,0.42336,0,0,442.007,0,0.663739,0,0,0.880257,0.216518,1.028160,1,0,23.2628,0,0,0,23.2628,0
42.2724,1.87111,0,0,0.884382,0.0941845,0.36288,3.6288,47.5935,1.27923,0,0,0.531342,0.260968,0,0.66528,12.849,1,0.549954,0.36288,0,23.4809,4.89268,18.4012,0.84672,12.849,0.84672,3695.15,0,18.483,0,0.216518,1.78241,3.03044,1.277,3.75236,0.42336,18.483,0.42336,0,0,442.007,0,0.248726,0,0,0.465244,0.216518,1.028160,1,0,22.1535,0,0,0,22.1535,0
40.9661,1.84486,0,0,1.00635,0.104854,0.36288,3.6288,46.668,1.21628,0,0,0.525842,0.235092,0,0.66528,12.849,1,0.560759,0.36288,0,22.3529,4.60917,17.5458,0.84672,12.849,0.84672,3695.15,0,18.483,0,0.216518,1.78246,3.10386,1.16527,3.93757,0.42336,18.483,0.42336,0,0,442.007,0,0.311726,0,0,0.528244,0.216518,1.028160,1,0,21.4834,0,0,0,21.4834,0
39.719,1.77319,0,0,1.06233,0.173411,0.36288,3.6288,45.95,0.94569,0,0,0.402363,0.174707,0,0.66528,12.849,1,0.55616,0.36288,0,18.81,4.49778,14.1189,0.84672,12.849,0.84672,3695.15,0,18.483,0,0.216518,1.78251,2.57421,1.12278,3.45046,0.42336,18.483,0.42336,0,0,442.007,0,0.512056,0,0,0.728574,0.216518,1.028160,1,0,17.5694,0,0,0,17.5694,0
38.3141,1.74944,0,0,0.878334,0.170863,0.36288,3.6288,45.2397,0.883411,0,0,0.346696,0.173552,0,0.66528,12.849,1,0.565939,0.36288,0,15.0854,4.49778,10.3846,0.84672,12.849,0.84672,3695.15,0,18.483,0,0.216518,1.7127,2.49697,1.12278,3.30341,0.42336,18.483,0.42336,0,0,442.007,0,0.574379,0,0,0.790897,0.216518,1.028160,1,0,13.688,0,0,0,13.688,0
38.2948,1.72165,0,0,2.23335,0.168109,0.36288,3.6288,45.7476,0.429674,0,0,1.10996,0.172409,0,0.66528,12.849,1,0.577372,0.36288,0,42.0867,4.49778,37.3745,0.84672,12.849,0.84672,3695.15,0,18.483,0,1.37844,1.71275,5.83546,1.12278,7.80387,0.42336,18.483,0.42336,0,0,442.007,0,1.02816,0,0,2.4066,1.37844,1.028160,1,0,45.1783,0,0,0,45.1783,0
38.6543,1.72131,0,0,2.62805,0.184406,0.36288,3.6288,46.5903,0.429718,0,0,1.43167,0.159274,0,0.66528,12.849,1,0.577549,0.36288,0,50.2142,4.28013,45.7194,0.84672,12.849,0.84672,3695.15,0,18.483,0,0.541754,1.7128,5.91214,1.06113,7.10557,0.42336,18.483,0.42336,0,0,442.007,0,1.02816,0,0,1.56991,0.541754,1.028160,1,0,52.825,0,0,0,52.825,0
39.1144,1.59842,0,0,2.59857,0.17715,0.36288,3.6288,47.3301,0.283318,0,0,1.20754,0.184347,0,0.66528,12.849,1,0.531326,0.36288,0,74.8504,3.41354,71.2684,0.84672,12.849,0.84672,3695.15,0,18.483,0,0.512714,1.71285,6.05552,0.868417,7.41267,0.42336,18.483,0.42336,0,0,442.007,0,1.02816,0,0,1.54087,0.512714,1.028160,1,0,78.6811,0,0,0,78.6811,0
39.2295,1.60693,0,0,2.32013,0.235243,0.36288,3.6288,47.9301,0.283358,0,0,1.04992,0.166619,0,0.66528,12.849,1,0.527872,0.36288,0,46.536,3.69789,42.6731,0.84672,12.849,0.84672,3695.15,0,18.483,0,0.415126,1.55559,5.3196,0.888818,6.40151,0.42336,18.483,0.42336,0,0,442.007,0,1.02816,0,0,1.44329,0.415126,1.028160,1,0,49.0746,0,0,0,49.0746,0
39.8957,1.60907,0,0,2.87378,0.235556,0.36288,3.6288,49.0276,0.283398,0,0,1.54833,0.167457,0,0.66528,12.849,1,0.527027,0.36288,0,83.4739,3.69789,79.6119,0.84672,12.849,0.84672,3695.15,0,18.483,0,0.550895,1.55564,6.84106,0.888818,8.05877,0.42336,18.483,0.42336,0,0,442.007,0,1.02816,0,0,1.57906,0.550895,1.028160,1,0,87.6706,0,0,0,87.6706,0
41.2756,1.62114,0,0,3.60121,0.237377,0.36288,3.6288,50.5207,0.283437,0,0,1.94561,0.168989,0,0.66528,12.849,1,0.522113,0.36288,0,86.3551,3.69789,82.4979,0.84672,12.849,0.84672,3695.15,0,18.483,0,0.919132,1.55569,8.44206,0.888818,10.0281,0.42336,18.483,0.42336,0,0,442.007,0,1.02816,0,0,1.94729,0.919132,1.028160,1,0,92.526,0,0,0,92.526,0
42.3714,1.64539,0,0,3.3152,0.21107,0.36288,3.6288,52.2002,0.283477,0,0,2.15304,0.190081,0,0.66528,12.849,1,0.512206,0.36288,0,138.625,3.69595,134.78,0.84672,12.849,0.84672,3695.15,0,18.483,0,1.12963,1.55573,10.6998,0.999078,12.3861,0.42336,18.483,0.42336,0,0,442.007,0,1.02816,0,0,2.15779,1.12963,1.028160,1,0,147.166,0,0,0,147.166,0
42.1988,1.71614,0,0,2.11937,0.212942,0.36288,3.6288,52.7138,0.422142,0,0,1.09497,0.159225,0,0.66528,12.849,1,0.520413,0.36288,0,59.6092,2.60148,56.8502,0.84672,12.849,0.84672,3695.15,0,18.483,0,0.412474,1.55578,6.78366,0.702322,8.04959,0.42336,18.483,0.42336,0,0,442.007,0,0.931945,0,0,1.34442,0.412474,1.028160,1,0,64.8998,0,0,0,64.8998,0
41.651,1.7132,0,0,1.74076,0.212515,0.36288,3.6288,52.8646,0.667639,0,0,0.978324,0.159884,0,0.66528,12.849,1,0.521648,0.36288,0,36.7712,2.60148,34.011,0.84672,12.849,0.84672,3695.15,0,18.483,0,0.503194,1.60559,5.59704,0.702322,7.0035,0.42336,18.483,0.42336,0,0,442.007,0,0.686483,0,0,1.18968,0.503194,1.028160,1,0,41.0145,0,0,0,41.0145,0
41.0151,1.7037,0,0,1.65358,0.222851,0.36288,3.6288,52.8816,0.748612,0,0,0.918588,0.153052,0,0.66528,12.849,1,0.525577,0.36288,0,34.2344,2.71191,31.3598,0.84672,12.849,0.84672,3695.15,0,18.483,0,0.503194,1.60563,5.29828,0.677927,6.72917,0.42336,18.483,0.42336,0,0,442.007,0,0.605543,0,0,1.10874,0.503194,1.028160,1,0,38.0889,0,0,0,38.0889,0
40.4566,1.69248,0,0,1.74952,0.252749,0.36288,3.6288,53.0015,0.568762,0,0,0.834909,0.146162,0,0.66528,12.849,1,0.53021,0.36288,0,32.3573,3.32262,28.8674,0.84672,12.849,0.84672,3695.15,0,18.483,0,0.503194,1.60567,5.6436,0.831461,6.921,0.42336,18.483,0.42336,0,0,442.007,0,0.785428,0,0,1.28862,0.503194,1.028160,1,0,35.7884,0,0,0,35.7884,0
39.5387,1.84656,0,0,1.5458,0.254193,0.36288,3.6288,52.6421,0.844958,0,0,0.614255,0.128702,0,0.66528,12.849,1,0.586468,0.36288,0,30.1829,2.88225,27.0771,0.84672,12.849,0.84672,3695.15,0,18.483,0,0.503194,1.60571,3.80393,0.804291,5.10854,0.42336,18.483,0.42336,0,0,442.007,0,0.668494,0,0,1.17169,0.503194,1.028160,1,0,32.1856,0,0,0,32.1856,0
38.6929,1.82809,0,0,1.59658,0.251455,0.36288,3.6288,52.3897,0.774468,0,0,0.650388,0.128332,0,0.66528,12.849,1,0.594078,0.36288,0,32.7892,2.88225,29.6758,0.84672,12.849,0.84672,3695.15,0,18.483,0,0.503194,1.78334,4.06041,0.804291,5.54265,0.42336,18.483,0.42336,0,0,442.007,0,0.739022,0,0,1.24222,0.503194,1.028160,1,0,35.2184,0,0,0,35.2184,0
37.8415,1.81063,0,0,1.56738,0.245263,0.36288,3.6288,52.0061,0.971005,0,0,0.725838,0.138494,0,0.66528,12.849,1,0.601269,0.36288,0,29.1246,3.14433,25.7419,0.84672,12.849,0.84672,3695.15,0,18.483,0,0.608429,1.78338,5.07346,0.886283,6.57899,0.42336,18.483,0.42336,0,0,442.007,0,0.542523,0,0,1.15095,0.608429,1.028160,1,0,32.3208,0,0,0,32.3208,0
37.7928,1.79263,0,0,2.33105,0.224222,0.36288,3.6288,52.1633,0.684636,0,0,0.989211,0.147319,0,0.66528,12.849,1,0.608685,0.36288,0,54.8341,3.98433,50.604,0.84672,12.849,0.84672,3695.15,0,18.483,0,0.608429,1.78343,8.15475,0.979946,9.56666,0.42336,18.483,0.42336,0,0,442.007,0,0.82893,0,0,1.43736,0.608429,1.028160,1,0,60.1706,0,0,0,60.1706,0
39.3587,1.56453,0,0,3.71877,0.225442,0.36288,3.6288,52.4277,0.536787,0,0,0.983612,0.182415,0,0.66528,12.849,1,0.531918,0.36288,0,78.5946,3.7862,74.6394,0.84672,12.849,0.84672,3695.15,0,18.483,0,0.608429,1.78347,5.03486,0.964785,6.46198,0.42336,18.483,0.42336,0,0,442.007,0,0.763111,0,0,1.37154,0.608429,1.028160,1,0,81.1014,0,0,0,81.1014,0
41.4532,1.59331,0,0,4.28021,0.229584,0.36288,3.6288,52.5665,0.708039,0,0,1.02959,0.182804,0,0.66528,12.849,1,0.520149,0.36288,0,61.2735,3.7862,57.33,0.84672,12.849,0.84672,3695.15,0,18.483,0,0.608429,1.54057,4.56729,0.964785,5.75149,0.42336,18.483,0.42336,0,0,442.007,0,0.591892,0,0,1.20032,0.608429,1.028160,1,0,63.0815,0,0,0,63.0815,0
42.8843,1.62984,0,0,3.66881,0.244909,0.36288,3.6288,52.7521,0.622051,0,0,0.976242,0.168537,0,0.66528,12.849,1,0.505194,0.36288,0,62.7301,3.80738,58.7804,0.84672,12.849,0.84672,3695.15,0,18.483,0,0.558835,1.5406,4.72871,0.926825,5.90132,0.42336,18.483,0.42336,0,0,442.007,0,0.677912,0,0,1.23675,0.558835,1.028160,1,0,64.6817,0,0,0,64.6817,0
43.4731,1.65364,0,0,2.86166,0.25634,0.36288,3.6288,53.2482,0.365701,0,0,1.01968,0.157919,0,0.66528,12.849,1,0.495464,0.36288,0,48.4256,3.82326,44.4697,0.84672,12.849,0.84672,3695.15,0,18.483,0,0.558835,1.54064,4.90342,0.898354,6.10454,0.42336,18.483,0.42336,0,0,442.007,0,0.934295,0,0,1.49313,0.558835,1.028160,1,0,50.5743,0,0,0,50.5743,0
45.5978,1.66319,0,0,4.39495,0.244225,0.36288,3.6288,53.6319,0.483678,0,0,1.04345,0.176054,0,0.66528,12.849,1,0.491577,0.36288,0,80.1138,3.99696,75.9881,0.84672,12.849,0.84672,3695.15,0,18.483,0,0.558835,1.54068,6.09811,0.982147,7.21548,0.42336,18.483,0.42336,0,0,442.007,0,0.81635,0,0,1.37519,0.558835,1.028160,1,0,83.2036,0,0,0,83.2036,0
47.3436,1.75832,0,0,4.10655,0.239534,0.36288,3.6288,54.0652,0.395184,0,0,1.01821,0.189764,0,0.66528,12.849,1,0.495478,0.36288,0,82.6148,4.12724,78.355,0.84672,12.849,0.84672,3695.15,0,18.483,0,0.558835,1.54072,5.22879,1.04499,6.28335,0.42336,18.483,0.42336,0,0,442.007,0,0.957165,0,0,1.516,0.558835,1.028160,1,0,84.6383,0,0,0,84.6383,0
49.4026,1.78518,0,0,4.45123,0.24422,0.36288,3.6288,54.0952,0.550946,0,0,0.77131,0.19036,0,0.66528,12.849,1,0.484496,0.36288,0,84.6953,4.12724,80.4465,0.84672,12.849,0.84672,3695.15,0,18.483,0,0.528595,1.60075,4.75288,1.04499,5.83724,0.42336,18.483,0.42336,0,0,442.007,0,0.801438,0,0,1.33003,0.528595,1.028160,1,0,86.2837,0,0,0,86.2837,0
50.5253,1.81535,0,0,3.52092,0.219958,0.36288,3.6288,53.7649,0.758936,0,0,0.656723,0.228067,0,0.66528,12.849,1,0.472151,0.36288,0,68.2059,4.63687,63.4597,0.84672,12.849,0.84672,3695.15,0,18.483,0,0.528595,1.60079,4.5254,1.18757,5.46722,0.42336,18.483,0.42336,0,0,442.007,0,0.593482,0,0,1.12208,0.528595,1.028160,1,0,68.927,0,0,0,68.927,0
51.1302,1.83119,0,0,2.99867,0.199636,0.36288,3.6288,53.3185,0.814033,0,0,0.598319,0.230637,0,0.66528,12.849,1,0.465687,0.36288,0,54.7236,4.63621,49.9846,0.84672,12.849,0.84672,3695.15,0,18.483,0,0.528595,1.60083,3.49861,1.23325,4.3948,0.42336,18.483,0.42336,0,0,442.007,0,0.538419,0,0,1.06701,0.528595,1.028160,1,0,54.3794,0,0,0,54.3794,0
51.4654,1.81422,0,0,2.73533,0.223114,0.36288,3.6288,53.2592,0.616715,0,0,0.737865,0.18053,0,0.66528,12.849,1,0.455911,0.36288,0,52.0156,3.86985,48.0527,0.84672,12.849,0.84672,3695.15,0,18.483,0,0.528595,1.60088,4.32099,1.09955,5.35092,0.42336,18.483,0.42336,0,0,442.007,0,0.715461,0,0,1.24406,0.528595,1.028160,1,0,53.4036,0,0,0,53.4036,0
51.5183,1.81876,0,0,2.44072,0.206186,0.36288,3.6288,52.96,0.709093,0,0,0.618885,0.208976,0,0.66528,12.849,1,0.454077,0.36288,0,46.218,4.18597,41.9408,0.84672,12.849,0.84672,3695.15,0,18.483,0,0.528595,1.57756,3.92332,1.12444,4.90504,0.42336,18.483,0.42336,0,0,442.007,0,0.623117,0,0,1.15171,0.528595,1.028160,1,0,46.8458,0,0,0,46.8458,0
51.4734,1.81951,0,0,2.29703,0.159509,0.36288,3.6288,52.7414,0.600867,0,0,0.615489,0.233227,0,0.66528,12.849,1,0.453799,0.36288,0,43.101,4.41662,38.5935,0.84672,12.849,0.84672,3695.15,0,18.483,0,0.402797,1.5776,3.90441,1.13821,4.74659,0.42336,18.483,0.42336,0,0,442.007,0,0.731376,0,0,1.13417,0.402797,1.028160,1,0,43.34,0,0,0,43.34,0
51.3458,1.81896,0,0,2.21365,0.159434,0.36288,3.6288,52.5626,0.561105,0,0,0.61516,0.232819,0,0.66528,12.849,1,0.454056,0.36288,0,41.2089,4.41662,36.7011,0.84672,12.849,0.84672,3695.15,0,18.483,0,0.402797,1.57764,4.29023,1.13821,5.13245,0.42336,18.483,0.42336,0,0,442.007,0,0.771172,0,0,1.17397,0.402797,1.028160,1,0,41.8336,0,0,0,41.8336,0
50.9256,1.9035,0,0,1.98717,0.140975,0.36288,3.6288,52.4085,0.574781,0,0,0.650732,0.230065,0,0.66528,12.849,1,0.476342,0.36288,0,36.3263,4.11332,32.0995,0.84672,12.849,0.84672,3695.15,0,18.483,0,0.402797,1.57768,3.78767,1.06881,4.69934,0.42336,18.483,0.42336,0,0,442.007,0,0.829561,0,0,1.23236,0.402797,1.028160,1,0,36.7988,0,0,0,36.7988,0
50.4051,1.89762,0,0,1.87733,0.137329,0.36288,3.6288,52.1183,0.672501,0,0,0.611666,0.229378,0,0.66528,12.849,1,0.478787,0.36288,0,32.6798,4.06276,28.5011,0.84672,12.849,0.84672,3695.15,0,18.483,0,0.402797,1.65939,3.58066,1.05725,4.5856,0.42336,18.483,0.42336,0,0,442.007,0,0.731877,0,0,1.13467,0.402797,1.028160,1,0,33.0867,0,0,0,33.0867,0
49.7468,1.89023,0,0,1.70184,0.106951,0.36288,3.6288,51.8432,0.607995,0,0,0.583917,0.251029,0,0.66528,12.849,1,0.481848,0.36288,0,28.8149,4.33052,24.3654,0.84672,12.849,0.84672,3695.15,0,18.483,0,0.30119,1.65943,3.48762,1.12566,4.32258,0.42336,18.483,0.42336,0,0,442.007,0,0.796418,0,0,1.09761,0.30119,1.028160,1,0,28.688,0,0,0,28.688,0
49.017,1.88074,0,0,1.60821,0.0944408,0.36288,3.6288,51.4593,0.682361,0,0,0.557791,0.259327,0,0.66528,12.849,1,0.485772,0.36288,0,27.8887,4.43761,23.3282,0.84672,12.849,0.84672,3695.15,0,18.483,0,0.30119,1.65947,3.47795,1.15302,4.28559,0.42336,18.483,0.42336,0,0,442.007,0,0.722088,0,0,1.02328,0.30119,1.028160,1,0,27.6138,0,0,0,27.6138,0
48.355,1.87003,0,0,1.6612,0.090239,0.36288,3.6288,51.5638,0.376324,0,0,0.702602,0.221726,0,0.66528,12.849,1,0.490197,0.36288,0,31.0116,4.22582,26.6585,0.84672,12.849,0.84672,3695.15,0,18.483,0,0.466992,1.65951,4.03994,1.03779,5.12866,0.42336,18.483,0.42336,0,0,442.007,0,1.02816,0,0,1.49515,0.466992,1.028160,1,0,31.7872,0,0,0,31.7872,0
47.6995,1.84349,0,0,1.63782,0.0870132,0.36288,3.6288,51.7315,0.415955,0,0,0.777937,0.194292,0,0.66528,12.849,1,0.489855,0.36288,0,32.5527,4.06696,28.3587,0.84672,12.849,0.84672,3695.15,0,18.483,0,0.634236,1.65955,4.16319,0.951363,5.50562,0.42336,18.483,0.42336,0,0,442.007,0,1.02816,0,0,1.6624,0.634236,1.028160,1,0,33.8643,0,0,0,33.8643,0
46.9239,1.83362,0,0,1.49968,0.0787806,0.36288,3.6288,51.8408,0.415991,0,0,0.740422,0.215109,0,0.66528,12.849,1,0.49393,0.36288,0,28.7074,4.34926,24.2271,0.84672,12.849,0.84672,3695.15,0,18.483,0,0.566032,1.68504,4.04307,1.05441,5.23974,0.42336,18.483,0.42336,0,0,442.007,0,1.02816,0,0,1.59419,0.566032,1.028160,1,0,29.4669,0,0,0,29.4669,0
46.0958,1.82173,0,0,1.41581,0.059242,0.36288,3.6288,51.849,0.416028,0,0,0.690967,0.266725,0,0.66528,12.849,1,0.498838,0.36288,0,25.5328,5.05501,20.3418,0.84672,12.849,0.84672,3695.15,0,18.483,0,0.538151,1.68508,3.85659,1.31202,4.76781,0.42336,18.483,0.42336,0,0,442.007,0,1.02816,0,0,1.56631,0.538151,1.028160,1,0,25.1096,0,0,0,25.1096,0
45.1396,1.80877,0,0,1.27349,0.0580941,0.36288,3.6288,51.8167,0.416064,0,0,0.651283,0.267539,0,0.66528,12.849,1,0.504186,0.36288,0,24.7605,5.13072,19.4885,0.84672,12.849,0.84672,3695.15,0,18.483,0,0.505345,1.68513,3.60182,1.33163,4.46066,0.42336,18.483,0.42336,0,0,442.007,0,1.02816,0,0,1.5335,0.505345,1.028160,1,0,23.9491,0,0,0,23.9491,0
44.1719,1.8353,0,0,1.28442,0.0538766,0.36288,3.6288,51.7274,0.451392,0,0,0.634323,0.272242,0,0.66528,12.849,1,0.522418,0.36288,0,23.8812,5.58495,18.1367,0.84672,12.849,0.84672,3695.15,0,18.483,0,0.451319,1.68517,2.92684,1.44926,3.61407,0.42336,18.483,0.42336,0,0,442.007,0,1.02816,0,0,1.47948,0.451319,1.028160,1,0,21.7508,0,0,0,21.7508,0
43.1393,1.81902,0,0,1.20252,0.0532894,0.36288,3.6288,51.6156,0.451429,0,0,0.611682,0.272045,0,0.66528,12.849,1,0.529126,0.36288,0,22.4015,5.58495,16.6503,0.84672,12.849,0.84672,3695.15,0,18.483,0,0.461843,1.72577,3.02733,1.44926,3.76569,0.42336,18.483,0.42336,0,0,442.007,0,1.02816,0,0,1.49,0.461843,1.028160,1,0,20.416,0,0,0,20.416,0
41.9858,1.80117,0,0,1.06326,0.0526627,0.36288,3.6288,51.4682,0.451467,0,0,0.57583,0.2718,0,0.66528,12.849,1,0.536477,0.36288,0,21.1613,5.58495,15.4027,0.84672,12.849,0.84672,3695.15,0,18.483,0,0.30748,1.72581,2.84002,1.44926,3.42405,0.42336,18.483,0.42336,0,0,442.007,0,1.02816,0,0,1.33564,0.30748,1.028160,1,0,18.8268,0,0,0,18.8268,0
40.7585,1.78063,0,0,0.96082,0.0446145,0.36288,3.6288,51.3105,0.451504,0,0,0.570145,0.276318,0,0.66528,12.849,1,0.544931,0.36288,0,20.0595,5.7345,14.1429,0.84672,12.849,0.84672,3695.15,0,18.483,0,0.267607,1.72585,2.83373,1.47914,3.34805,0.42336,18.483,0.42336,0,0,442.007,0,1.02816,0,0,1.29577,0.267607,1.028160,1,0,17.491,0,0,0,17.491,0
39.3356,1.87547,0,0,0.876934,0.0615063,0.36288,3.6288,51.0639,0.578937,0,0,0.596899,0.264585,0,0.66528,12.849,1,0.591236,0.36288,0,18.1636,5.71644,12.2188,0.84672,12.849,0.84672,3695.15,0,18.483,0,0.302236,1.7259,2.38661,1.34076,3.07398,0.42336,18.483,0.42336,0,0,442.007,0,1.02816,0,0,1.3304,0.302236,1.028160,1,0,15.2928,0,0,0,15.2928,0
37.9116,1.84649,0,0,0.855749,0.0703803,0.36288,3.6288,50.8064,0.578978,0,0,0.580427,0.258983,0,0.66528,12.849,1,0.603156,0.36288,0,17.1434,5.63986,11.2633,0.84672,12.849,0.84672,3695.15,0,18.483,0,0.23525,1.86328,2.21226,1.29713,3.01367,0.42336,18.483,0.42336,0,0,442.007,0,1.02816,0,0,1.26341,0.23525,1.028160,1,0,14.2769,0,0,0,14.2769,0
36.6951,1.81629,0,0,1.0319,0.0692253,0.36288,3.6288,50.5635,0.579019,0,0,0.594581,0.258441,0,0.66528,12.849,1,0.615576,0.36288,0,17.0567,5.63986,11.1642,0.84672,12.849,0.84672,3695.15,0,18.483,0,0.335189,1.86333,3.19234,1.29713,4.09373,0.42336,18.483,0.42336,0,0,442.007,0,1.02816,0,0,1.36335,0.335189,1.028160,1,0,15.2579,0,0,0,15.2579,0
35.3804,1.78949,0,0,0.905852,0.0682386,0.36288,3.6288,50.3225,0.579059,0,0,0.59604,0.25793,0,0.66528,12.849,1,0.626599,0.36288,0,16.0951,5.63986,10.1915,0.84672,12.849,0.84672,3695.15,0,18.483,0,0.291332,1.86338,2.34675,1.29713,3.20432,0.42336,18.483,0.42336,0,0,442.007,0,1.02816,0,0,1.31949,0.291332,1.028160,1,0,13.3959,0,0,0,13.3959,0
34.1006,1.75942,0,0,0.934053,0.0915039,0.36288,3.6288,50.0463,0.5791,0,0,0.516496,0.213628,0,0.66528,12.849,1,0.638964,0.36288,0,20.1458,5.15037,14.7193,0.84672,12.849,0.84672,3695.15,0,18.483,0,0.266449,1.86343,2.0017,1.17679,2.95478,0.42336,18.483,0.42336,0,0,442.007,0,1.02816,0,0,1.29461,0.266449,1.028160,1,0,17.6741,0,0,0,17.6741,0
33.1246,1.67624,0,0,1.18933,0.126257,0.36288,3.6288,50.1366,0.501806,0,0,0.74209,0.149995,0,0.66528,12.849,1,0.631601,0.36288,0,25.3479,4.28148,20.7977,0.84672,12.849,0.84672,3695.15,0,18.483,0,0.858565,1.86347,2.35395,1.01456,4.06143,0.42336,18.483,0.42336,0,0,442.007,0,1.02816,0,0,1.88673,0.858565,1.028160,1,0,24.8591,0,0,0,24.8591,0
32.3214,1.65296,0,0,1.33739,0.124745,0.36288,3.6288,50.5663,0.501845,0,0,1.08164,0.150106,0,0.66528,12.849,1,0.641181,0.36288,0,28.4758,4.28148,23.916,0.84672,12.849,0.84672,3695.15,0,18.483,0,1.54622,1.7848,3.09439,1.01456,5.41085,0.42336,18.483,0.42336,0,0,442.007,0,1.02816,0,0,2.57438,1.54622,1.028160,1,0,29.3269,0,0,0,29.3269,0
31.3889,1.63327,0,0,1.18723,0.123501,0.36288,3.6288,50.7561,0.501884,0,0,0.842383,0.150634,0,0.66528,12.849,1,0.649288,0.36288,0,24.8375,4.28148,20.2696,0.84672,12.849,0.84672,3695.15,0,18.483,0,1.05883,1.78485,2.37414,1.01456,4.20326,0.42336,18.483,0.42336,0,0,442.007,0,1.02816,0,0,2.08699,1.05883,1.028160,1,0,24.4729,0,0,0,24.4729,0
30.8328,1.60977,0,0,1.55129,0.134747,0.36288,3.6288,51.3618,0.501922,0,0,1.25652,0.148969,0,0.66528,12.849,1,0.658957,0.36288,0,34.222,4.30095,29.625,0.84672,12.849,0.84672,3695.15,0,18.483,0,2.32349,1.78489,3.75514,1.03936,6.82416,0.42336,18.483,0.42336,0,0,442.007,0,1.02816,0,0,3.35165,2.32349,1.028160,1,0,36.4491,0,0,0,36.4491,0
29.6916,1.55422,0,0,0.921214,0.145397,0.36288,3.6288,50.8688,0.79533,0,0,0.508941,0.206612,0,0.66528,12.849,1,0.647693,0.36288,0,31.482,4.09395,27.1032,0.84672,12.849,0.84672,3695.15,0,18.483,0,0.216518,1.78494,2.57298,1.08952,3.48491,0.42336,18.483,0.42336,0,0,442.007,0,0.66439,0,0,0.880908,0.216518,1.028160,1,0,30.5882,0,0,0,30.5882,0
29.6728,1.52472,0,0,2.01207,0.143199,0.36288,3.6288,51.1151,0.431597,0,0,0.88375,0.205786,0,0.66528,12.849,1,0.659823,0.36288,0,44.4251,4.09395,40.0342,0.84672,12.849,0.84672,3695.15,0,18.483,0,0.699736,1.71502,3.68111,1.08952,5.00634,0.42336,18.483,0.42336,0,0,442.007,0,1.02816,0,0,1.7279,0.699736,1.028160,1,0,45.0405,0,0,0,45.0405,0
31.9248,1.52427,0,0,4.28223,0.143162,0.36288,3.6288,52.3091,0.431634,0,0,1.83178,0.206198,0,0.66528,12.849,1,0.660043,0.36288,0,97.086,4.09395,92.6948,0.84672,12.849,0.84672,3695.15,0,18.483,0,3.10154,1.71506,5.97533,1.08952,9.70241,0.42336,18.483,0.42336,0,0,442.007,0,1.02816,0,0,4.1297,3.10154,1.028160,1,0,102.397,0,0,0,102.397,0
33.3942,1.58161,0,0,3.57995,0.165986,0.36288,3.6288,53.1455,0.431671,0,0,1.48503,0.216906,0,0.66528,12.849,1,0.636561,0.36288,0,51.381,3.84831,47.2591,0.84672,12.849,0.84672,3695.15,0,18.483,0,1.87673,1.71511,4.22912,1.00468,6.81627,0.42336,18.483,0.42336,0,0,442.007,0,1.02816,0,0,2.90489,1.87673,1.028160,1,0,54.0753,0,0,0,54.0753,0
34.454,1.49512,0,0,3.10821,0.190455,0.36288,3.6288,53.8613,0.285069,0,0,1.20042,0.199598,0,0.66528,12.849,1,0.575272,0.36288,0,70.1881,4.35918,65.6165,0.84672,12.849,0.84672,3695.15,0,18.483,0,1.61007,1.71515,5.85004,1.13358,8.04168,0.42336,18.483,0.42336,0,0,442.007,0,1.02816,0,0,2.63823,1.61007,1.028160,1,0,73.6582,0,0,0,73.6582,0
36.1393,1.51775,0,0,3.76181,0.195882,0.36288,3.6288,54.319,0.285102,0,0,0.933327,0.190537,0,0.66528,12.849,1,0.566019,0.36288,0,71.1564,4.63722,66.3161,0.84672,12.849,0.84672,3695.15,0,18.483,0,1.07635,1.55767,4.37581,1.21059,5.79923,0.42336,18.483,0.42336,0,0,442.007,0,1.02816,0,0,2.10451,1.07635,1.028160,1,0,72.1153,0,0,0,72.1153,0
39.4557,1.55227,0,0,5.42864,0.197047,0.36288,3.6288,55.8215,0.285135,0,0,1.97586,0.188152,0,0.66528,12.849,1,0.551895,0.36288,0,129.421,4.53003,124.702,0.84672,12.849,0.84672,3695.15,0,18.483,0,2.09619,1.55771,10.7232,1.1972,13.1799,0.42336,18.483,0.42336,0,0,442.007,0,1.02816,0,0,3.12435,2.09619,1.028160,1,0,137.882,0,0,0,137.882,0
41.7781,1.61536,0,0,4.48755,0.186984,0.36288,3.6288,57.6615,0.285168,0,0,2.29716,0.172065,0,0.66528,12.849,1,0.526052,0.36288,0,90.5472,3.88689,86.4971,0.84672,12.849,0.84672,3695.15,0,18.483,0,2.16753,1.55775,8.1992,1.11686,10.8076,0.42336,18.483,0.42336,0,0,442.007,0,1.02816,0,0,3.19569,2.16753,1.028160,1,0,97.3048,0,0,0,97.3048,0
43.343,1.65615,0,0,3.78521,0.201219,0.36288,3.6288,58.1824,0.285202,0,0,0.980692,0.174593,0,0.66528,12.849,1,0.509355,0.36288,0,70.5922,3.81282,66.6329,0.84672,12.849,0.84672,3695.15,0,18.483,0,0.989522,1.55779,5.59467,1.13291,7.00907,0.42336,18.483,0.42336,0,0,442.007,0,1.02816,0,0,2.01768,0.989522,1.028160,1,0,73.6419,0,0,0,73.6419,0
45.3206,1.73492,0,0,4.30335,0.227935,0.36288,3.6288,59.0713,0.327701,0,0,1.39291,0.176321,0,0.66528,12.849,1,0.514315,0.36288,0,80.0511,3.62764,76.272,0.84672,12.849,0.84672,3695.15,0,18.483,0,1.42288,1.55783,8.95355,1.17304,10.7612,0.42336,18.483,0.42336,0,0,442.007,0,1.02816,0,0,2.45104,1.42288,1.028160,1,0,87.0332,0,0,0,87.0332,0
49.1144,1.76731,0,0,6.15708,0.233117,0.36288,3.6288,59.7158,0.327729,0,0,1.14964,0.177332,0,0.66528,12.849,1,0.501056,0.36288,0,103.303,3.62764,99.5374,0.84672,12.849,0.84672,3695.15,0,18.483,0,1.14136,1.60769,9.98577,1.17304,11.5618,0.42336,18.483,0.42336,0,0,442.007,0,1.02816,0,0,2.16952,1.14136,1.028160,1,0,111.099,0,0,0,111.099,0
54.4035,1.82497,0,0,7.75328,0.27636,0.36288,3.6288,60.6293,0.327756,0,0,1.45034,0.209062,0,0.66528,12.849,1,0.477437,0.36288,0,190.464,3.96865,186.381,0.84672,12.849,0.84672,3695.15,0,18.483,0,1.68752,1.60772,11.266,1.26004,13.3012,0.42336,18.483,0.42336,0,0,442.007,0,1.02816,0,0,2.71568,1.68752,1.028160,1,0,199.682,0,0,0,199.682,0
64.2503,1.89683,0,0,12.4035,0.296942,0.36288,3.6288,61.308,0.327784,0,0,4.23086,0.190938,3.03349,0.66528,12.849,1,0.447992,0.36288,0,216.043,3.97698,211.981,0.84672,12.849,0.84672,3695.15,0,18.483,0,5.98811,1.60775,20.3523,1.22024,26.7279,0.42336,18.483,0.42336,0,0,442.007,0,1.02816,0,0,7.01627,5.98811,1.028160,1,0,241.743,0,0,0,241.743,0
69.4452,2.2054,0,0,8.09369,0.330493,0.36288,3.6288,61.308,0.487245,0,0,2.37507,0.172598,1.71522,0.66528,12.849,1,0.441044,0.36288,0,160.905,4.54812,156.279,0.84672,12.849,0.84672,3695.15,0,18.483,0,3.968,1.60779,18.9851,1.18815,23.3727,0.42336,18.483,0.42336,0,0,442.007,0,1.02816,0,0,4.99616,3.968,1.028160,1,0,181.367,0,0,0,181.367,0
72.29,2.26089,0,0,7.28888,0.345318,1.83791,3.6288,61.308,0.487275,0,0,1.99928,0.169405,1.3426,0.66528,12.849,1,0.418317,1.83791,0,159.876,4.64331,156.653,0.84672,12.849,0.84672,3695.15,0,18.483,0,2.4544,1.78564,15.0471,1.1828,18.1043,0.42336,18.483,0.42336,0,0,442.007,0,1.02816,0,0,3.48256,2.4544,1.028160,1,0,176.099,0,0,0,176.099,0
72.29,2.28894,0,0,5.67028,0.351874,3.02946,3.6288,61.308,0.487306,0,0,1.68393,0.162274,1.03435,0.66528,12.849,1,0.406841,3.02946,0,116.664,4.38855,114.898,0.84672,12.849,0.84672,3695.15,0,18.483,0,2.32461,1.78567,12.5135,1.13616,15.4876,0.42336,18.483,0.42336,0,0,442.007,0,1.02816,0,0,3.35277,2.32461,1.028160,1,0,131.42,0,0,0,131.42,0
72.29,2.28898,0,0,5.49143,0.342905,2.85954,3.6288,61.308,0.487337,0,0,1.63252,0.125025,1.02016,0.66528,12.849,1,0.40685,2.85954,0,105.153,2.99103,104.615,0.84672,12.849,0.84672,3695.15,0,18.483,0,1.95104,1.78571,11.9695,0.897318,14.8089,0.42336,18.483,0.42336,0,0,442.007,0,1.02816,0,0,2.9792,1.95104,1.028160,1,0,120.444,0,0,0,120.444,0
72.29,1.99888,0,0,8.34589,0.353465,5.99355,3.6288,61.308,0.273389,0,0,4.70343,0.184499,4.24555,0.66528,12.849,1,0.355286,5.99355,0,201.651,4.66998,202.619,0.84672,12.849,0.84672,3695.15,0,18.483,0,4.76532,1.78575,19.671,1.01201,25.2101,0.42336,18.483,0.42336,0,0,442.007,0,1.02816,0,0,5.79348,4.76532,1.028160,1,0,232.075,0,0,0,232.075,0
72.29,1.99892,0,0,9.37639,0.357822,7.01964,3.6288,61.308,0.273415,0,0,6.44478,0.188879,5.98249,0.66528,12.849,1,0.355293,7.01964,0,267.339,4.81876,269.184,0.84672,12.849,0.84672,3695.15,0,18.483,0,5.79549,1.54252,25.4297,0.990135,31.7776,0.42336,18.483,0.42336,0,0,442.007,0,1.02816,0,0,6.82365,5.79549,1.028160,1,0,306.944,0,0,0,306.944,0
72.29,1.99896,0,0,9.58746,0.323838,7.26466,3.6288,61.308,0.273442,0,0,6.49199,0.17083,6.04772,0.66528,12.849,1,0.355301,7.26466,0,272.819,4.55718,275.171,0.84672,12.849,0.84672,3695.15,0,18.483,0,7.55813,1.54255,25.8618,0.952559,34.0099,0.42336,18.483,0.42336,0,0,442.007,0,1.02816,0,0,8.58629,7.55813,1.028160,1,0,315.229,0,0,0,315.229,0
72.29,1.999,0,0,9.27711,0.307277,6.97083,3.6288,61.308,0.273468,0,0,4.10759,0.205059,3.62907,0.66528,12.849,1,0.355308,6.97083,0,207.958,4.97767,209.596,0.84672,12.849,0.84672,3695.15,0,18.483,0,5.19774,1.54258,23.6637,1.11013,29.2939,0.42336,18.483,0.42336,0,0,442.007,0,1.02816,0,0,6.2259,5.19774,1.028160,1,0,242.519,0,0,0,242.519,0
72.29,1.99904,0,0,9.81599,0.321535,7.49541,3.6288,61.308,0.273495,0,0,6.36862,0.216258,5.87887,0.66528,12.849,1,0.355315,7.49541,0,253.135,5.07957,255.195,0.84672,12.849,0.84672,3695.15,0,18.483,0,6.57737,1.54262,24.8724,1.10048,31.8919,0.42336,18.483,0.42336,0,0,442.007,0,1.02816,0,0,7.60553,6.57737,1.028160,1,0,292.966,0,0,0,292.966,0
72.29,2.07213,0,0,9.0231,0.338226,6.61274,3.6288,61.308,0.325873,0,0,8.22053,0.186935,7.70772,0.66528,12.849,1,0.368305,6.61274,0,226.282,4.64961,227.877,0.84672,12.849,0.84672,3695.15,0,18.483,0,7.92884,1.54265,25.8456,0.909168,34.4079,0.42336,18.483,0.42336,0,0,442.007,0,1.02816,0,0,8.957,7.92884,1.028160,1,0,269.993,0,0,0,269.993,0
72.29,2.07217,0,0,9.29863,0.338226,6.88823,3.6288,61.308,0.325901,0,0,6.66877,0.186935,6.15593,0.66528,12.849,1,0.368312,6.88823,0,252.616,4.64961,254.487,0.84672,12.849,0.84672,3695.15,0,18.483,0,6.36612,1.60275,23.7187,0.909168,30.7784,0.42336,18.483,0.42336,0,0,442.007,0,1.02816,0,0,7.39428,6.36612,1.028160,1,0,291.421,0,0,0,291.421,0
72.29,2.07221,0,0,6.98026,0.315788,4.59226,3.6288,61.308,0.325929,0,0,5.71031,0.183533,5.20084,0.66528,12.849,1,0.36832,4.59226,0,191.131,4.28903,191.066,0.84672,12.849,0.84672,3695.15,0,18.483,0,5.59388,1.60278,17.6456,0.909133,23.9332,0.42336,18.483,0.42336,0,0,442.007,0,1.02816,0,0,6.62204,5.59388,1.028160,1,0,220.2,0,0,0,220.2,0
72.29,2.07225,0,0,6.58143,0.237756,4.27142,3.6288,61.308,0.325956,0,0,4.97949,0.204748,4.44879,0.66528,12.849,1,0.368327,4.27142,0,173.013,4.18672,172.729,0.84672,12.849,0.84672,3695.15,0,18.483,0,4.99738,1.60281,14.9665,0.969987,20.5967,0.42336,18.483,0.42336,0,0,442.007,0,1.02816,0,0,6.02554,4.99738,1.028160,1,0,197.774,0,0,0,197.774,0
72.29,2.04373,0,0,6.69669,0.27385,4.37911,3.6288,61.308,0.305649,0,0,2.85148,0.213099,2.33273,0.66528,12.849,1,0.363258,4.37911,0,178.581,4.4878,178.109,0.84672,12.849,0.84672,3695.15,0,18.483,0,3.58322,1.60285,12.0324,1.0589,16.1596,0.42336,18.483,0.42336,0,0,442.007,0,1.02816,0,0,4.61138,3.58322,1.028160,1,0,196.601,0,0,0,196.601,0
72.29,2.04378,0,0,5.62888,0.27385,3.31126,3.6288,61.308,0.305676,0,0,2.73083,0.213099,2.21205,0.66528,12.849,1,0.363266,3.31126,0,121.471,4.4878,119.932,0.84672,12.849,0.84672,3695.15,0,18.483,0,3.37134,1.57949,11.1328,1.0589,15.0247,0.42336,18.483,0.42336,0,0,442.007,0,1.02816,0,0,4.3995,3.37134,1.028160,1,0,137.168,0,0,0,137.168,0
72.29,2.04382,0,0,5.58539,0.27385,3.26772,3.6288,61.308,0.305703,0,0,2.70275,0.213099,2.18395,0.66528,12.849,1,0.363273,3.26772,0,117.702,4.4878,116.119,0.84672,12.849,0.84672,3695.15,0,18.483,0,3.02304,1.57953,10.605,1.0589,14.1487,0.42336,18.483,0.42336,0,0,442.007,0,1.02816,0,0,4.0512,3.02304,1.028160,1,0,132.451,0,0,0,132.451,0
72.29,2.04386,0,0,5.17158,0.26486,2.86286,3.6288,61.308,0.30573,0,0,2.34452,0.210682,1.82811,0.66528,12.849,1,0.36328,2.86286,0,110.097,4.50804,108.088,0.84672,12.849,0.84672,3695.15,0,18.483,0,2.71998,1.57956,9.51299,1.0517,12.7608,0.42336,18.483,0.42336,0,0,442.007,0,1.02816,0,0,3.74814,2.71998,1.028160,1,0,122.677,0,0,0,122.677,0
72.29,2.14086,0,0,4.80343,0.182584,2.47999,3.6288,61.308,0.377876,0,0,2.42324,0.228265,1.8171,0.66528,12.849,1,0.380521,2.47999,0,101.573,4.92112,98.751,0.84672,12.849,0.84672,3695.15,0,18.483,0,3.10022,1.57959,11.1927,1.01564,14.8569,0.42336,18.483,0.42336,0,0,442.007,0,1.02816,0,0,4.12838,3.10022,1.028160,1,0,115.425,0,0,0,115.425,0
72.29,2.1409,0,0,4.54993,0.171248,2.23778,3.6288,61.308,0.377904,0,0,1.93863,0.2411,1.31963,0.66528,12.849,1,0.380529,2.23778,0,93.5004,5.03779,90.3198,0.84672,12.849,0.84672,3695.15,0,18.483,0,2.53028,1.66139,10.5112,1.0185,13.6843,0.42336,18.483,0.42336,0,0,442.007,0,1.02816,0,0,3.55844,2.53028,1.028160,1,0,105.324,0,0,0,105.324,0
72.29,2.14094,0,0,4.36761,0.171248,2.05541,3.6288,61.308,0.377933,0,0,1.88987,0.2411,1.27084,0.66528,12.849,1,0.380536,2.05541,0,88.7648,5.03779,85.4019,0.84672,12.849,0.84672,3695.15,0,18.483,0,2.43689,1.66142,9.47609,1.0185,12.5559,0.42336,18.483,0.42336,0,0,442.007,0,1.02816,0,0,3.46505,2.43689,1.028160,1,0,99.2286,0,0,0,99.2286,0
72.29,2.14099,0,0,4.20529,0.171248,1.89305,3.6288,61.308,0.377961,0,0,1.80746,0.2411,1.1884,0.66528,12.849,1,0.380544,1.89305,0,83.2879,5.03779,79.7626,0.84672,12.849,0.84672,3695.15,0,18.483,0,2.66718,1.66145,7.77997,1.0185,11.0901,0.42336,18.483,0.42336,0,0,442.007,0,1.02816,0,0,3.69534,2.66718,1.028160,1,0,92.0411,0,0,0,92.0411,0
72.29,2.14103,0,0,4.05751,0.137098,1.77938,3.6288,61.308,0.37799,0,0,1.51787,0.278276,0.8616,0.66528,12.849,1,0.380552,1.77938,0,79.1899,5.3343,75.2544,0.84672,12.849,0.84672,3695.15,0,18.483,0,2.05482,1.66149,7.4183,1.17948,9.95512,0.42336,18.483,0.42336,0,0,442.007,0,1.02816,0,0,3.08298,2.05482,1.028160,1,0,86.0712,0,0,0,86.0712,0
72.29,2.1219,0,0,3.75204,0.118665,1.51148,3.6288,61.308,0.41766,0,0,1.21708,0.287247,0.512175,0.66528,12.849,1,0.377151,1.51148,0,73.4746,5.53665,69.0722,0.84672,12.849,0.84672,3695.15,0,18.483,0,1.39315,1.66152,7.15055,1.29824,8.90698,0.42336,18.483,0.42336,0,0,442.007,0,1.02816,0,0,2.42131,1.39315,1.028160,1,0,78.4914,0,0,0,78.4914,0
72.29,2.12194,0,0,3.49146,0.118665,1.25085,3.6288,61.308,0.417689,0,0,1.13359,0.287247,0.428649,0.66528,12.849,1,0.377159,1.25085,0,66.8511,5.53665,62.1882,0.84672,12.849,0.84672,3695.15,0,18.483,0,1.1669,1.68703,7.00453,1.29824,8.56022,0.42336,18.483,0.42336,0,0,442.007,0,1.02816,0,0,2.19506,1.1669,1.028160,1,0,71.1771,0,0,0,71.1771,0
72.29,2.12198,0,0,3.39909,0.118665,1.15844,3.6288,61.308,0.417719,0,0,1.07925,0.287247,0.374283,0.66528,12.849,1,0.377167,1.15844,0,59.8213,5.53665,55.0659,0.84672,12.849,0.84672,3695.15,0,18.483,0,1.00221,1.68707,6.93187,1.29824,8.32291,0.42336,18.483,0.42336,0,0,442.007,0,1.02816,0,0,2.03037,1.00221,1.028160,1,0,63.7631,0,0,0,63.7631,0
72.29,2.12203,0,0,3.41969,0.0927069,1.20495,3.6288,61.308,0.417748,0,0,1.17353,0.309459,0.446321,0.66528,12.849,1,0.377174,1.20495,0,55.3153,5.72648,50.4166,0.84672,12.849,0.84672,3695.15,0,18.483,0,0.943764,1.6871,7.00972,1.41069,8.22989,0.42336,18.483,0.42336,0,0,442.007,0,1.02816,0,0,1.97192,0.943764,1.028160,1,0,59.0928,0,0,0,59.0928,0
72.29,2.17159,0,0,3.72989,0.0690583,1.48923,3.6288,61.308,0.45311,0,0,1.10452,0.304391,0.347019,0.66528,12.849,1,0.385985,1.48923,0,63.173,5.65814,58.6181,0.84672,12.849,0.84672,3695.15,0,18.483,0,1.10585,1.68713,5.9661,1.46227,7.29682,0.42336,18.483,0.42336,0,0,442.007,0,1.02816,0,0,2.13401,1.10585,1.028160,1,0,66.262,0,0,0,66.262,0
72.29,2.17164,0,0,3.53499,0.0690583,1.29429,3.6288,61.308,0.45314,0,0,0.98814,0.304391,0.230608,0.66528,12.849,1,0.385992,1.29429,0,55.8192,5.65814,51.0694,0.84672,12.849,0.84672,3695.15,0,18.483,0,1.31388,1.72777,6.23155,1.46227,7.81092,0.42336,18.483,0.42336,0,0,442.007,0,1.02816,0,0,2.34204,1.31388,1.028160,1,0,59.1109,0,0,0,59.1109,0
72.29,2.17168,0,0,3.30458,0.0690583,1.06384,3.6288,61.308,0.45317,0,0,0.91425,0.304391,0.156689,0.66528,12.849,1,0.386,1.06384,0,53.0759,5.65814,48.0956,0.84672,12.849,0.84672,3695.15,0,18.483,0,1.11233,1.7278,5.46786,1.46227,6.84572,0.42336,18.483,0.42336,0,0,442.007,0,1.02816,0,0,2.14049,1.11233,1.028160,1,0,55.098,0,0,0,55.098,0
72.29,2.17173,0,0,3.26018,0.0690583,1.0194,3.6288,61.308,0.4532,0,0,0.989159,0.304391,0.231568,0.66528,12.849,1,0.386008,1.0194,0,49.2492,5.65814,44.2245,0.84672,12.849,0.84672,3695.15,0,18.483,0,1.25661,1.72784,6.18354,1.46227,7.70571,0.42336,18.483,0.42336,0,0,442.007,0,1.02816,0,0,2.28477,1.25661,1.028160,1,0,52.1617,0,0,0,52.1617,0
72.29,2.31681,0,0,3.35088,0.0506161,0.983446,3.6288,61.308,0.580771,0,0,0.882204,0.298058,0.00337468,0.66528,12.849,1,0.411796,0.983446,0,44.3553,5.82453,39.1024,0.84672,12.849,0.84672,3695.15,0,18.483,0,0.918709,1.72787,5.76252,1.49826,6.91084,0.42336,18.483,0.42336,0,0,442.007,0,1.02816,0,0,1.94687,0.918709,1.028160,1,0,46.0166,0,0,0,46.0166,0
72.29,2.31686,0,0,3.50289,0.0498517,1.13618,3.6288,61.308,0.580804,0,0,0.881228,0.296459,0.00396484,0.66528,12.849,1,0.411805,1.13618,0,44.198,5.76009,39.1623,0.84672,12.849,0.84672,3695.15,0,18.483,0,0.837536,1.86541,3.85621,1.4799,5.07925,0.42336,18.483,0.42336,0,0,442.007,0,1.02816,0,0,1.8657,0.837536,1.028160,1,0,44.2455,0,0,0,44.2455,0
72.29,2.31691,0,0,2.81049,0.0498517,0.443728,3.6288,61.1236,0.580837,0,0,0.692928,0.296459,0,0.66528,12.849,1,0.411813,0.443728,0,51.9864,5.76009,46.2582,0.84672,12.849,0.84672,3695.15,0,18.483,0,0.468452,1.86545,3.20332,1.4799,4.05732,0.42336,18.483,0.42336,0,0,442.007,0,1.02816,0,0,1.49661,0.468452,1.028160,1,0,50.3155,0,0,0,50.3155,0
72.29,2.31696,0,0,3.32853,0.0498517,0.961727,3.6288,61.3044,0.580869,0,0,1.05774,0.296114,0,0.66528,12.849,1,0.411821,0.961727,0,44.6213,5.76009,39.4111,0.84672,12.849,0.84672,3695.15,0,18.483,0,1.22321,1.86549,4.33183,1.4799,5.94062,0.42336,18.483,0.42336,0,0,442.007,0,1.02816,0,0,2.25137,1.22321,1.028160,1,0,45.3517,0,0,0,45.3517,0
72.2073,2.317,0,0,2.63415,0.0370148,0.36288,3.6288,61.2522,0.580902,0,0,0.822165,0.293411,0,0.66528,12.849,1,0.41183,0.36288,0,42.8128,5.66959,37.0942,0.84672,12.849,0.84672,3695.15,0,18.483,0,0.79018,1.86552,5.12543,1.40467,6.37646,0.42336,18.483,0.42336,0,0,442.007,0,1.02816,0,0,1.81834,0.79018,1.028160,1,0,43.4707,0,0,0,43.4707,0
71.5697,2.24558,0,0,2.02116,0.0502829,0.36288,3.6288,61.3042,0.503514,0,0,0.830805,0.275344,0,0.66528,12.849,1,0.399591,0.36288,0,33.922,5.81424,28.0711,0.84672,12.849,0.84672,3695.15,0,18.483,0,0.511151,1.86556,5.27107,1.37361,6.27417,0.42336,18.483,0.42336,0,0,442.007,0,1.02816,0,0,1.53931,0.511151,1.028160,1,0,34.3452,0,0,0,34.3452,0
71.9287,2.23958,0,0,3.03131,0.0698633,0.36288,3.6288,61.308,0.503545,0,0,0.95618,0.261634,0.187192,0.66528,12.849,1,0.402076,0.36288,0,41.3121,5.70381,35.5691,0.84672,12.849,0.84672,3695.15,0,18.483,0,0.887181,1.78679,5.60656,1.33569,6.94485,0.42336,18.483,0.42336,0,0,442.007,0,1.02816,0,0,1.91534,0.887181,1.028160,1,0,42.7011,0,0,0,42.7011,0
72.29,2.24304,0,0,4.09279,0.0700546,1.41836,3.6288,61.308,0.503576,0,0,1.54515,0.26164,0.779935,0.66528,12.849,1,0.400686,1.41836,0,82.4387,5.70381,77.7526,0.84672,12.849,0.84672,3695.15,0,18.483,0,2.0861,1.78683,8.83155,1.33569,11.3688,0.42336,18.483,0.42336,0,0,442.007,0,1.02816,0,0,3.11426,2.0861,1.028160,1,0,89.9013,0,0,0,89.9013,0
72.29,2.24649,0,0,3.56333,0.12412,1.19272,3.6288,61.308,0.503607,0,0,1.10957,0.244626,0.361341,0.66528,12.849,1,0.399297,1.19272,0,77.3928,5.66479,72.5214,0.84672,12.849,0.84672,3695.15,0,18.483,0,1.15926,1.78687,5.62028,1.3532,7.21321,0.42336,18.483,0.42336,0,0,442.007,0,1.02816,0,0,2.18742,1.15926,1.028160,1,0,80.096,0,0,0,80.096,0
71.2533,2.1885,0,0,1.62975,0.115101,0.36288,3.6288,61.308,0.433161,0,0,0.910656,0.184852,0.292643,0.66528,12.849,1,0.38899,0.36288,0,29.1756,4.1185,25.031,0.84672,12.849,0.84672,3695.15,0,18.483,0,0.450325,1.7869,5.16122,0.980105,6.41834,0.42336,18.483,0.42336,0,0,442.007,0,1.02816,0,0,1.47849,0.450325,1.028160,1,0,31.742,0,0,0,31.742,0
70.7626,2.17896,0,0,2.26649,0.215265,0.36288,3.6288,61.308,0.43319,0,0,0.87372,0.166413,0.274117,0.66528,12.849,1,0.392929,0.36288,0,45.2714,3.98628,41.255,0.84672,12.849,0.84672,3695.15,0,18.483,0,0.406279,1.7169,6.14312,1.06285,7.20345,0.42336,18.483,0.42336,0,0,442.007,0,1.02816,0,0,1.43444,0.406279,1.028160,1,0,48.7326,0,0,0,48.7326,0
69.8146,2.1744,0,0,1.82272,0.233459,0.36288,3.6288,61.308,0.43322,0,0,0.66204,0.16437,0.0644501,0.66528,12.849,1,0.394825,0.36288,0,35.2741,4.00575,31.2364,0.84672,12.849,0.84672,3695.15,0,18.483,0,0.247527,1.71693,5.27925,1.08765,6.15606,0.42336,18.483,0.42336,0,0,442.007,0,1.02816,0,0,1.27569,0.247527,1.028160,1,0,37.4569,0,0,0,37.4569,0
70.4603,2.16542,0,0,3.40575,0.23176,0.36288,3.6288,61.308,0.43325,0,0,1.8063,0.16437,1.20868,0.66528,12.849,1,0.398534,0.36288,0,70.2762,4.00575,66.2348,0.84672,12.849,0.84672,3695.15,0,18.483,0,2.87942,1.71697,11.6466,1.08765,15.1554,0.42336,18.483,0.42336,0,0,442.007,0,1.02816,0,0,3.90758,2.87942,1.028160,1,0,82.5989,0,0,0,82.5989,0
72.29,2.00808,0,0,5.12194,0.24744,1.03673,3.6288,61.308,0.286483,0,0,2.57607,0.178231,2.11135,0.66528,12.849,1,0.36619,1.03673,0,124.858,4.12353,121.405,0.84672,12.849,0.84672,3695.15,0,18.483,0,2.84289,1.717,15.1309,0.988765,18.702,0.42336,18.483,0.42336,0,0,442.007,0,1.02816,0,0,3.87105,2.84289,1.028160,1,0,142.218,0,0,0,142.218,0
72.2188,2.02389,0,0,2.57754,0.261969,0.36288,3.6288,61.308,0.286509,0,0,0.92505,0.188627,0.449914,0.66528,12.849,1,0.359731,0.36288,0,67.7481,4.21186,63.5394,0.84672,12.849,0.84672,3695.15,0,18.483,0,0.831609,1.55935,9.59386,0.914602,11.0702,0.42336,18.483,0.42336,0,0,442.007,0,1.02816,0,0,1.85977,0.831609,1.028160,1,0,75.0595,0,0,0,75.0595,0
71.776,2.02333,0,0,2.20526,0.261828,0.36288,3.6288,61.308,0.286536,0,0,0.913455,0.188627,0.438292,0.66528,12.849,1,0.359986,0.36288,0,61.7403,4.21186,57.5313,0.84672,12.849,0.84672,3695.15,0,18.483,0,0.764675,1.55938,9.4926,0.914602,10.902,0.42336,18.483,0.42336,0,0,442.007,0,1.02816,0,0,1.79283,0.764675,1.028160,1,0,68.8717,0,0,0,68.8717,0
72.29,2.0196,0,0,3.30834,0.259545,0.515219,3.6288,61.308,0.286563,0,0,0.874644,0.204787,0.383295,0.66528,12.849,1,0.361539,0.515219,0,58.1278,4.70799,53.5735,0.84672,12.849,0.84672,3695.15,0,18.483,0,0.982238,1.55941,9.54107,1.06862,11.0141,0.42336,18.483,0.42336,0,0,442.007,0,1.02816,0,0,2.0104,0.982238,1.028160,1,0,64.9708,0,0,0,64.9708,0
72.29,2.02401,0,0,4.21196,0.264509,1.92344,3.6288,61.308,0.286589,0,0,1.12198,0.22156,0.613832,0.66528,12.849,1,0.359753,1.92344,0,80.0435,5.16132,76.4459,0.84672,12.849,0.84672,3695.15,0,18.483,0,1.45352,1.55944,11.9741,1.23004,13.757,0.42336,18.483,0.42336,0,0,442.007,0,1.02816,0,0,2.48168,1.45352,1.028160,1,0,90.8167,0,0,0,90.8167,0
72.29,2.08746,0,0,5.17056,0.299465,2.78364,3.6288,61.308,0.329127,0,0,0.790759,0.192923,0.268709,0.66528,12.849,1,0.37103,2.78364,0,69.0937,3.9123,67.594,0.84672,12.849,0.84672,3695.15,0,18.483,0,1.33703,1.55947,9.49761,0.966416,11.4277,0.42336,18.483,0.42336,0,0,442.007,0,1.02816,0,0,2.36519,1.33703,1.028160,1,0,79.2904,0,0,0,79.2904,0
72.29,2.08749,0,0,3.39286,0.299465,1.0059,3.6288,61.308,0.329148,0,0,0.6123,0.192923,0.0902291,0.66528,12.849,1,0.371036,1.0059,0,54.0935,3.9123,50.816,0.84672,12.849,0.84672,3695.15,0,18.483,0,0.848534,1.60938,6.12948,0.966416,7.62098,0.42336,18.483,0.42336,0,0,442.007,0,1.02816,0,0,1.87669,0.848534,1.028160,1,0,58.5273,0,0,0,58.5273,0
72.29,2.08752,0,0,2.87614,0.299465,0.489146,3.6288,61.308,0.329169,0,0,0.809562,0.192923,0.287471,0.66528,12.849,1,0.371042,0.489146,0,65.6538,3.9123,61.8596,0.84672,12.849,0.84672,3695.15,0,18.483,0,0.97969,1.6094,9.05588,0.966416,10.6786,0.42336,18.483,0.42336,0,0,442.007,0,1.02816,0,0,2.00785,0.97969,1.028160,1,0,72.8256,0,0,0,72.8256,0
72.29,2.08756,0,0,5.14163,0.327404,2.72667,3.6288,61.308,0.329189,0,0,1.2862,0.22788,0.729132,0.66528,12.849,1,0.371047,2.72667,0,114.628,4.16736,112.816,0.84672,12.849,0.84672,3695.15,0,18.483,0,2.2946,1.60943,15.5953,1.05544,18.4439,0.42336,18.483,0.42336,0,0,442.007,0,1.02816,0,0,3.32276,2.2946,1.028160,1,0,131.989,0,0,0,131.989,0
71.6938,2.29121,0,0,2.41685,0.358928,0.36288,3.6288,61.308,0.488808,0,0,0.811816,0.214346,0.108662,0.66528,12.849,1,0.407245,0.36288,0,50.6509,4.05265,46.5539,0.84672,12.849,0.84672,3695.15,0,18.483,0,0.81165,1.60945,8.14403,1.05095,9.51419,0.42336,18.483,0.42336,0,0,442.007,0,1.02816,0,0,1.83981,0.81165,1.028160,1,0,56.1767,0,0,0,56.1767,0
72.29,2.2855,0,0,5.82387,0.361513,2.5807,3.6288,61.308,0.488831,0,0,0.944991,0.198445,0.257715,0.66528,12.849,1,0.409607,2.5807,0,86.2608,3.93026,84.5016,0.84672,12.849,0.84672,3695.15,0,18.483,0,1.20567,1.78748,13.1967,1.02244,15.1674,0.42336,18.483,0.42336,0,0,442.007,0,1.02816,0,0,2.23383,1.20567,1.028160,1,0,99.9268,0,0,0,99.9268,0
72.2128,2.29128,0,0,2.94015,0.363156,0.36288,3.6288,60.9988,0.650146,0,0,0.53941,0.198445,0,0.66528,12.849,1,0.407257,0.36288,0,52.706,3.93026,48.7314,0.84672,12.849,0.84672,3695.15,0,18.483,0,0.503194,1.78751,7.91009,1.02244,9.17835,0.42336,18.483,0.42336,0,0,442.007,0,0.866869,0,0,1.37006,0.503194,1.028160,1,0,57.9097,0,0,0,57.9097,0
71.7395,2.29057,0,0,2.50687,0.326788,0.36288,3.6288,60.2259,1.00974,0,0,0.447184,0.210391,0,0.66528,12.849,1,0.407567,0.36288,0,38.6529,3.85529,34.7529,0.84672,12.849,0.84672,3695.15,0,18.483,0,0.608429,1.78754,7.53114,0.97223,8.95488,0.42336,18.483,0.42336,0,0,442.007,0,0.507298,0,0,1.11573,0.608429,1.028160,1,0,43.7078,0,0,0,43.7078,0
72.29,1.99627,0,0,5.35635,0.342086,2.46746,3.6288,61.1639,0.274706,0,0,1.40787,0.195118,0,0.66528,12.849,1,0.357545,2.46746,0,103.363,3.35521,102.118,0.84672,12.849,0.84672,3695.15,0,18.483,0,2.43869,1.78756,16.9671,0.928579,20.2648,0.42336,18.483,0.42336,0,0,442.007,0,1.02816,0,0,3.46685,2.43869,1.028160,1,0,122.382,0,0,0,122.382,0
72.29,2.00094,0,0,6.3091,0.35255,3.95562,3.6288,61.308,0.274726,0,0,1.82316,0.189729,1.21462,0.66528,12.849,1,0.355651,3.95562,0,123.571,3.16019,124.011,0.84672,12.849,0.84672,3695.15,0,18.483,0,2.01594,1.54408,21.0423,0.914466,23.6878,0.42336,18.483,0.42336,0,0,442.007,0,1.02816,0,0,3.0441,2.01594,1.028160,1,0,148.913,0,0,0,148.913,0
72.29,2.00097,0,0,6.8191,0.340039,4.4781,3.6288,61.308,0.274746,0,0,2.05353,0.207565,1.57122,0.66528,12.849,1,0.355656,4.4781,0,104.362,3.66549,104.819,0.84672,12.849,0.84672,3695.15,0,18.483,0,2.32251,1.54411,19.2323,0.986696,22.1122,0.42336,18.483,0.42336,0,0,442.007,0,1.02816,0,0,3.35067,2.32251,1.028160,1,0,128.502,0,0,0,128.502,0
72.29,2.001,0,0,5.86118,0.323358,3.53682,3.6288,61.308,0.274766,0,0,1.35445,0.231116,0.848568,0.66528,12.849,1,0.355662,3.53682,0,74.4517,4.33923,73.2937,0.84672,12.849,0.84672,3695.15,0,18.483,0,1.78357,1.54413,13.8727,1.083,16.1174,0.42336,18.483,0.42336,0,0,442.007,0,1.02816,0,0,2.81173,1.78357,1.028160,1,0,90.2597,0,0,0,90.2597,0
72.29,2.00103,0,0,5.44671,0.31607,3.12961,3.6288,61.308,0.274786,0,0,1.72689,0.21033,1.24177,0.66528,12.849,1,0.355667,3.12961,0,112.776,4.35813,111.192,0.84672,12.849,0.84672,3695.15,0,18.483,0,1.79618,1.54415,14.4462,1.07925,16.7073,0.42336,18.483,0.42336,0,0,442.007,0,1.02816,0,0,2.82434,1.79618,1.028160,1,0,129.141,0,0,0,129.141,0
72.29,2.07417,0,0,9.42944,0.299415,7.05585,3.6288,61.308,0.32721,0,0,3.6775,0.189296,3.16099,0.66528,12.849,1,0.368668,7.05585,0,185.831,4.377,188.141,0.84672,12.849,0.84672,3695.15,0,18.483,0,3.13629,1.54418,24.1834,1.03726,27.8266,0.42336,18.483,0.42336,0,0,442.007,0,1.02816,0,0,4.16445,3.13629,1.028160,1,0,219.129,0,0,0,219.129,0
72.29,2.0742,0,0,7.63953,0.30059,5.26474,3.6288,61.308,0.327231,0,0,1.81986,0.212493,1.28014,0.66528,12.849,1,0.368674,5.26474,0,154.393,4.35571,154.934,0.84672,12.849,0.84672,3695.15,0,18.483,0,1.68279,1.60433,15.0173,1.01282,17.2916,0.42336,18.483,0.42336,0,0,442.007,0,1.02816,0,0,2.71095,1.68279,1.028160,1,0,173.505,0,0,0,173.505,0
72.29,2.07424,0,0,4.88875,0.30059,2.51393,3.6288,61.308,0.327252,0,0,1.32333,0.212493,0.783583,0.66528,12.849,1,0.36868,2.51393,0,92.9327,4.35571,90.7222,0.84672,12.849,0.84672,3695.15,0,18.483,0,0.999518,1.60435,11.298,1.01282,12.8891,0.42336,18.483,0.42336,0,0,442.007,0,1.02816,0,0,2.02768,0.999518,1.028160,1,0,104.395,0,0,0,104.395,0
72.29,2.07427,0,0,4.18164,0.30059,1.80678,3.6288,61.308,0.327272,0,0,1.20211,0.212493,0.662343,0.66528,12.849,1,0.368685,1.80678,0,77.6183,4.35571,74.7007,0.84672,12.849,0.84672,3695.15,0,18.483,0,1.00532,1.60438,10.1614,1.01282,11.7583,0.42336,18.483,0.42336,0,0,442.007,0,1.02816,0,0,2.03348,1.00532,1.028160,1,0,87.1213,0,0,0,87.1213,0
72.29,2.04571,0,0,4.33321,0.200379,2.08712,3.6288,61.308,0.306939,0,0,1.03403,0.243953,0.483135,0.66528,12.849,1,0.36361,2.08712,0,79.9399,4.51059,77.1528,0.84672,12.849,0.84672,3695.15,0,18.483,0,1.04684,1.6044,8.99303,1.15755,10.4867,0.42336,18.483,0.42336,0,0,442.007,0,1.02816,0,0,2.075,1.04684,1.028160,1,0,88.1227,0,0,0,88.1227,0
72.29,2.04574,0,0,3.91331,0.191451,1.67611,3.6288,61.308,0.306959,0,0,1.01403,0.248711,0.458364,0.66528,12.849,1,0.363615,1.67611,0,73.6197,4.56876,70.3635,0.84672,12.849,0.84672,3695.15,0,18.483,0,1.0036,1.58102,8.73556,1.169,10.1512,0.42336,18.483,0.42336,0,0,442.007,0,1.02816,0,0,2.03176,1.0036,1.028160,1,0,80.973,0,0,0,80.973,0
72.29,2.04577,0,0,3.47735,0.191451,1.24013,3.6288,61.308,0.30698,0,0,1.09981,0.248711,0.544121,0.66528,12.849,1,0.363621,1.24013,0,68.3778,4.56876,64.6856,0.84672,12.849,0.84672,3695.15,0,18.483,0,1.13941,1.58105,8.96253,1.169,10.514,0.42336,18.483,0.42336,0,0,442.007,0,1.02816,0,0,2.16757,1.13941,1.028160,1,0,75.7437,0,0,0,75.7437,0
72.29,2.0458,0,0,3.63188,0.191451,1.39463,3.6288,61.308,0.307,0,0,0.942088,0.248711,0.386378,0.66528,12.849,1,0.363626,1.39463,0,67.8171,4.56876,64.2793,0.84672,12.849,0.84672,3695.15,0,18.483,0,0.771526,1.58107,10.5163,1.169,11.6999,0.42336,18.483,0.42336,0,0,442.007,0,1.02816,0,0,1.79969,0.771526,1.028160,1,0,76.3656,0,0,0,76.3656,0
72.29,2.14288,0,0,3.55399,0.160958,1.25015,3.6288,61.308,0.379207,0,0,0.879241,0.264375,0.235659,0.66528,12.849,1,0.380881,1.25015,0,61.0389,5.10099,56.8072,0.84672,12.849,0.84672,3695.15,0,18.483,0,0.933068,1.5811,8.3217,1.14204,9.69382,0.42336,18.483,0.42336,0,0,442.007,0,1.02816,0,0,1.96123,0.933068,1.028160,1,0,66.7367,0,0,0,66.7367,0
72.29,2.14292,0,0,3.23677,0.159377,0.934475,3.6288,61.308,0.379229,0,0,0.784547,0.265737,0.13958,0.66528,12.849,1,0.380887,0.934475,0,47.4723,4.68143,43.3445,0.84672,12.849,0.84672,3695.15,0,18.483,0,0.82963,1.66296,6.35878,1.08955,7.76182,0.42336,18.483,0.42336,0,0,442.007,0,1.02816,0,0,1.85779,0.82963,1.028160,1,0,51.2459,0,0,0,51.2459,0
72.29,2.14295,0,0,2.83741,0.14498,0.54948,3.6288,61.308,0.379251,0,0,0.730858,0.275181,0.0764263,0.66528,12.849,1,0.380893,0.54948,0,42.4137,4.78852,37.7937,0.84672,12.849,0.84672,3695.15,0,18.483,0,0.703935,1.66299,6.16936,1.11691,7.41936,0.42336,18.483,0.42336,0,0,442.007,0,1.02816,0,0,1.7321,0.703935,1.028160,1,0,45.2895,0,0,0,45.2895,0
72.29,2.14298,0,0,2.68447,0.10899,0.432493,3.6288,61.308,0.379272,0,0,0.702691,0.298789,0.0246299,0.66528,12.849,1,0.380899,0.432493,0,38.7717,5.05627,33.7671,0.84672,12.849,0.84672,3695.15,0,18.483,0,0.6203,1.66301,5.93499,1.18533,7.03297,0.42336,18.483,0.42336,0,0,442.007,0,1.02816,0,0,1.64846,0.6203,1.028160,1,0,40.8247,0,0,0,40.8247,0
72.137,2.14302,0,0,2.46121,0.108289,0.36288,3.6288,61.308,0.379294,0,0,0.721397,0.285185,0.0569182,0.66528,12.849,1,0.380905,0.36288,0,41.5885,5.05156,36.5189,0.84672,12.849,0.84672,3695.15,0,18.483,0,0.538695,1.66304,6.35381,1.16277,7.39277,0.42336,18.483,0.42336,0,0,442.007,0,1.02816,0,0,1.56686,0.538695,1.028160,1,0,43.9686,0,0,0,43.9686,0
71.7768,2.12249,0,0,2.2316,0.106415,0.36288,3.6288,61.308,0.418994,0,0,0.822001,0.251174,0.151833,0.66528,12.849,1,0.378057,0.36288,0,47.9021,5.03979,42.8472,0.84672,12.849,0.84672,3695.15,0,18.483,0,0.55614,1.66306,6.32724,1.1064,7.44005,0.42336,18.483,0.42336,0,0,442.007,0,1.02816,0,0,1.5843,0.55614,1.028160,1,0,50.4391,0,0,0,50.4391,0
71.218,2.11931,0,0,2.02952,0.106123,0.36288,3.6288,61.308,0.419016,0,0,0.801567,0.251174,0.131377,0.66528,12.849,1,0.379384,0.36288,0,46.9645,5.03979,41.9082,0.84672,12.849,0.84672,3695.15,0,18.483,0,0.535594,1.68859,6.06259,1.1064,7.18038,0.42336,18.483,0.42336,0,0,442.007,0,1.02816,0,0,1.56375,0.535594,1.028160,1,0,49.22,0,0,0,49.22,0
70.4773,2.1143,0,0,1.84208,0.105672,0.36288,3.6288,61.308,0.419038,0,0,0.752,0.251174,0.0817874,0.66528,12.849,1,0.381457,0.36288,0,41.8493,5.03979,36.7909,0.84672,12.849,0.84672,3695.15,0,18.483,0,0.359251,1.68861,5.86481,1.1064,6.80628,0.42336,18.483,0.42336,0,0,442.007,0,1.02816,0,0,1.38741,0.359251,1.028160,1,0,43.679,0,0,0,43.679,0
69.6823,2.10756,0,0,1.74766,0.0722059,0.36288,3.6288,61.2664,0.41906,0,0,0.705378,0.327958,0,0.66528,12.849,1,0.384238,0.36288,0,37.6432,6.02784,31.594,0.84672,12.849,0.84672,3695.15,0,18.483,0,0.364677,1.68864,5.55814,1.46705,6.1444,0.42336,18.483,0.42336,0,0,442.007,0,1.02816,0,0,1.39284,0.364677,1.028160,1,0,37.7384,0,0,0,37.7384,0
68.8947,2.14923,0,0,1.79239,0.0678144,0.36288,3.6288,61.308,0.454446,0,0,0.901403,0.329946,0.0753705,0.66528,12.849,1,0.396306,0.36288,0,37.3856,6.00777,31.3444,0.84672,12.849,0.84672,3695.15,0,18.483,0,0.478379,1.68866,5.49338,1.52404,6.13638,0.42336,18.483,0.42336,0,0,442.007,0,1.02816,0,0,1.50654,0.478379,1.028160,1,0,37.5562,0,0,0,37.5562,0
68.0104,2.14167,0,0,1.68693,0.0667467,0.36288,3.6288,61.308,0.454469,0,0,0.876174,0.330379,0.0913259,0.66528,12.849,1,0.399426,0.36288,0,34.0047,6.00442,27.9637,0.84672,12.849,0.84672,3695.15,0,18.483,0,0.585654,1.72933,4.38858,1.53354,5.17003,0.42336,18.483,0.42336,0,0,442.007,0,1.02816,0,0,1.61381,0.585654,1.028160,1,0,33.2251,0,0,0,33.2251,0
67.1101,2.13304,0,0,1.66193,0.066287,0.36288,3.6288,61.308,0.454492,0,0,0.837838,0.330379,0.0529674,0.66528,12.849,1,0.402988,0.36288,0,35.0494,6.00442,29.0048,0.84672,12.849,0.84672,3695.15,0,18.483,0,0.641019,1.72936,5.00596,1.53354,5.84279,0.42336,18.483,0.42336,0,0,442.007,0,1.02816,0,0,1.66918,0.641019,1.028160,1,0,34.9006,0,0,0,34.9006,0
66.0823,2.12408,0,0,1.52493,0.065819,0.36288,3.6288,61.2753,0.454515,0,0,0.752233,0.330379,0,0.66528,12.849,1,0.40668,0.36288,0,33.1862,6.00442,27.138,0.84672,12.849,0.84672,3695.15,0,18.483,0,0.463294,1.72938,4.70737,1.53354,5.36651,0.42336,18.483,0.42336,0,0,442.007,0,1.02816,0,0,1.49145,0.463294,1.028160,1,0,32.5045,0,0,0,32.5045,0
64.7186,2.25481,0,0,1.31364,0.0596594,0.36288,3.6288,61.1137,0.582191,0,0,0.749779,0.329178,0,0.66528,12.849,1,0.438425,0.36288,0,26.7262,6.02052,20.6301,0.84672,12.849,0.84672,3695.15,0,18.483,0,0.400524,1.72941,4.82774,1.55162,5.40605,0.42336,18.483,0.42336,0,0,442.007,0,1.02816,0,0,1.42868,0.400524,1.028160,1,0,26.0362,0,0,0,26.0362,0
63.3179,2.23967,0,0,1.26422,0.0623709,0.36288,3.6288,60.9792,0.582216,0,0,0.768969,0.321296,0,0.66528,12.849,1,0.444656,0.36288,0,22.2976,5.86751,16.3483,0.84672,12.849,0.84672,3695.15,0,18.483,0,0.352961,1.86706,5.36848,1.54087,6.04762,0.42336,18.483,0.42336,0,0,442.007,0,1.02816,0,0,1.38112,0.352961,1.028160,1,0,22.3959,0,0,0,22.3959,0
62.5489,2.22366,0,0,1.88402,0.066411,0.36288,3.6288,60.9874,0.582241,0,0,0.910388,0.319952,0,0.66528,12.849,1,0.451243,0.36288,0,28.7029,5.83782,22.7767,0.84672,12.849,0.84672,3695.15,0,18.483,0,0.635731,1.86709,5.88371,1.53723,6.84929,0.42336,18.483,0.42336,0,0,442.007,0,1.02816,0,0,1.66389,0.635731,1.028160,1,0,29.626,0,0,0,29.626,0
62.5711,2.21468,0,0,2.68715,0.0874395,0.36288,3.6288,61.2709,0.582265,0,0,1.17651,0.310748,0,0.66528,12.849,1,0.454946,0.36288,0,42.1042,5.77428,36.2378,0.84672,12.849,0.84672,3695.15,0,18.483,0,0.714943,1.86711,6.44201,1.51384,7.51023,0.42336,18.483,0.42336,0,0,442.007,0,1.02816,0,0,1.7431,0.714943,1.028160,1,0,43.7481,0,0,0,43.7481,0
61.9289,2.21497,0,0,2.01645,0.0808116,0.36288,3.6288,61.2894,0.58229,0,0,0.895743,0.294975,0,0.66528,12.849,1,0.454846,0.36288,0,46.4114,5.75506,40.5644,0.84672,12.849,0.84672,3695.15,0,18.483,0,0.503271,1.86714,4.53179,1.47648,5.42573,0.42336,18.483,0.42336,0,0,442.007,0,1.02816,0,0,1.53143,0.503271,1.028160,1,0,45.9901,0,0,0,45.9901,0
62.8852,2.14002,0,0,3.5697,0.110425,0.36288,3.6288,61.308,0.504828,0,0,0.957995,0.207978,0.226563,0.66528,12.849,1,0.444011,0.36288,0,49.5305,4.08207,45.3673,0.84672,12.849,0.84672,3695.15,0,18.483,0,0.556485,1.86717,6.61593,1.07319,7.9664,0.42336,18.483,0.42336,0,0,442.007,0,1.02816,0,0,1.58465,0.556485,1.028160,1,0,53.5603,0,0,0,53.5603,0
63.5006,2.15104,0,0,3.27693,0.147653,0.36288,3.6288,61.308,0.504851,0,0,1.25668,0.19378,0.558048,0.66528,12.849,1,0.439511,0.36288,0,43.8052,3.44536,40.2832,0.84672,12.849,0.84672,3695.15,0,18.483,0,0.828118,1.78833,7.85627,0.910445,9.56227,0.42336,18.483,0.42336,0,0,442.007,0,1.02816,0,0,1.85628,0.828118,1.028160,1,0,50.4036,0,0,0,50.4036,0
64.5162,2.15803,0,0,3.68489,0.148395,0.36288,3.6288,61.308,0.504875,0,0,1.83167,0.19378,1.13302,0.66528,12.849,1,0.436666,0.36288,0,49.2106,3.44536,45.6914,0.84672,12.849,0.84672,3695.15,0,18.483,0,1.50467,1.78835,10.3276,0.910445,12.7101,0.42336,18.483,0.42336,0,0,442.007,0,1.02816,0,0,2.53283,1.50467,1.028160,1,0,59.5346,0,0,0,59.5346,0
65.1055,2.16935,0,0,3.27113,0.14962,0.36288,3.6288,61.308,0.504898,0,0,1.42652,0.19378,0.727838,0.66528,12.849,1,0.432046,0.36288,0,42.9233,3.44536,39.4087,0.84672,12.849,0.84672,3695.15,0,18.483,0,1.02516,1.78838,7.92366,0.910445,9.82676,0.42336,18.483,0.42336,0,0,442.007,0,1.02816,0,0,2.05332,1.02516,1.028160,1,0,49.9633,0,0,0,49.9633,0
64.4028,2.11961,0,0,1.97047,0.190668,0.36288,3.6288,61.308,0.434385,0,0,1.03501,0.190937,0.409685,0.66528,12.849,1,0.41832,0.36288,0,43.0541,3.63414,39.3645,0.84672,12.849,0.84672,3695.15,0,18.483,0,1.02457,1.78841,5.98272,0.900353,7.89535,0.42336,18.483,0.42336,0,0,442.007,0,1.02816,0,0,2.05273,1.02457,1.028160,1,0,47.6695,0,0,0,47.6695,0
66.1103,2.11216,0,0,4.38823,0.205637,0.36288,3.6288,61.308,0.434407,0,0,1.00174,0.1898,0.377531,0.66528,12.849,1,0.421396,0.36288,0,63.1899,3.70965,59.4218,0.84672,12.849,0.84672,3695.15,0,18.483,0,1.39838,1.71834,9.21879,0.896317,11.4392,0.42336,18.483,0.42336,0,0,442.007,0,1.02816,0,0,2.42654,1.39838,1.028160,1,0,71.2385,0,0,0,71.2385,0
67.4112,2.1302,0,0,4.00238,0.208471,0.36288,3.6288,61.308,0.43443,0,0,0.983241,0.1898,0.359011,0.66528,12.849,1,0.414018,0.36288,0,86.0043,3.70965,82.2435,0.84672,12.849,0.84672,3695.15,0,18.483,0,1.07818,1.71836,9.10673,0.896317,11.007,0.42336,18.483,0.42336,0,0,442.007,0,1.02816,0,0,2.10634,1.07818,1.028160,1,0,93.6095,0,0,0,93.6095,0
70.0758,2.14353,0,0,5.38172,0.21063,0.36288,3.6288,61.308,0.434452,0,0,1.80371,0.1898,1.17946,0.66528,12.849,1,0.40857,0.36288,0,100.308,3.70965,96.5525,0.84672,12.849,0.84672,3695.15,0,18.483,0,1.51965,1.71839,10.2391,0.896317,12.5808,0.42336,18.483,0.42336,0,0,442.007,0,1.02816,0,0,2.54781,1.51965,1.028160,1,0,110.313,0,0,0,110.313,0
71.9234,2.00634,0,0,4.50371,0.286909,0.36288,3.6288,61.308,0.287558,0,0,1.47042,0.203003,0.979863,0.66528,12.849,1,0.367879,0.36288,0,112.422,3.98824,108.429,0.84672,12.849,0.84672,3695.15,0,18.483,0,1.28008,1.71842,8.48769,1.08649,10.3997,0.42336,18.483,0.42336,0,0,442.007,0,1.02816,0,0,2.30824,1.28008,1.028160,1,0,119.808,0,0,0,119.808,0
70.9711,2.02242,0,0,1.7146,0.281641,0.36288,3.6288,61.308,0.287578,0,0,0.868216,0.183373,0.397265,0.66528,12.849,1,0.361302,0.36288,0,40.0814,3.44578,36.6372,0.84672,12.849,0.84672,3695.15,0,18.483,0,0.458706,1.56062,4.83778,0.990026,5.86708,0.42336,18.483,0.42336,0,0,442.007,0,1.02816,0,0,1.48687,0.458706,1.028160,1,0,42.9015,0,0,0,42.9015,0
71.6433,2.01425,0,0,3.32895,0.2796,0.36288,3.6288,61.308,0.287598,0,0,1.24114,0.183373,0.770165,0.66528,12.849,1,0.364671,0.36288,0,46.3028,3.44578,42.8552,0.84672,12.849,0.84672,3695.15,0,18.483,0,0.954703,1.56064,6.92606,0.990026,8.45138,0.42336,18.483,0.42336,0,0,442.007,0,1.02816,0,0,1.98286,0.954703,1.028160,1,0,52.0768,0,0,0,52.0768,0
72.29,2.02008,0,0,6.56955,0.293607,3.60917,3.6288,61.308,0.287618,0,0,3.44063,0.195153,2.95786,0.66528,12.849,1,0.362295,3.60917,0,162.1,3.66943,161.678,0.84672,12.849,0.84672,3695.15,0,18.483,0,3.0217,1.56067,14.9577,1.02286,18.5172,0.42336,18.483,0.42336,0,0,442.007,0,1.02816,0,0,4.04986,3.0217,1.028160,1,0,183.153,0,0,0,183.153,0
72.29,2.02563,0,0,5.0975,0.326627,2.74524,3.6288,61.308,0.287639,0,0,2.36658,0.224603,1.85434,0.66528,12.849,1,0.36004,2.74524,0,196.558,4.22856,194.715,0.84672,12.849,0.84672,3695.15,0,18.483,0,2.03571,1.56069,13.3046,1.10493,15.796,0.42336,18.483,0.42336,0,0,442.007,0,1.02816,0,0,3.06387,2.03571,1.028160,1,0,212.365,0,0,0,212.365,0
72.29,2.08912,0,0,4.17201,0.266073,1.81683,3.6288,61.308,0.330203,0,0,2.62102,0.205268,2.08555,0.66528,12.849,1,0.371324,1.81683,0,108.227,3.56118,106.112,0.84672,12.849,0.84672,3695.15,0,18.483,0,3.20356,1.56072,9.44844,1.02157,13.1911,0.42336,18.483,0.42336,0,0,442.007,0,1.02816,0,0,4.23172,3.20356,1.028160,1,0,121.388,0,0,0,121.388,0
72.29,2.08914,0,0,4.37524,0.266073,2.02003,3.6288,61.308,0.330218,0,0,3.58201,0.205268,3.04652,0.66528,12.849,1,0.371328,2.02003,0,102.653,3.56118,100.74,0.84672,12.849,0.84672,3695.15,0,18.483,0,4.17085,1.61066,12.7564,1.02157,17.5164,0.42336,18.483,0.42336,0,0,442.007,0,1.02816,0,0,5.19901,4.17085,1.028160,1,0,121.303,0,0,0,121.303,0
72.29,2.08916,0,0,5.21561,0.266073,2.86038,3.6288,61.308,0.330232,0,0,2.83183,0.205268,2.29633,0.66528,12.849,1,0.371332,2.86038,0,53.75,3.56118,52.6778,0.84672,12.849,0.84672,3695.15,0,18.483,0,3.67304,1.61067,10.2878,1.02157,14.55,0.42336,18.483,0.42336,0,0,442.007,0,1.02816,0,0,4.7012,3.67304,1.028160,1,0,69.5241,0,0,0,69.5241,0
72.29,2.08918,0,0,7.16143,0.287027,4.78522,3.6288,61.308,0.330246,0,0,3.00358,0.231487,2.44185,0.66528,12.849,1,0.371336,4.78522,0,164.745,3.75248,165.406,0.84672,12.849,0.84672,3695.15,0,18.483,0,4.04697,1.61069,15.3462,1.08834,19.9155,0.42336,18.483,0.42336,0,0,442.007,0,1.02816,0,0,5.07513,4.04697,1.028160,1,0,187.764,0,0,0,187.764,0
72.29,2.29298,0,0,7.97239,0.270856,5.40855,3.6288,61.308,0.489981,0,0,3.6907,0.198683,3.00203,0.66528,12.849,1,0.40756,5.40855,0,186.326,3.06769,188.259,0.84672,12.849,0.84672,3695.15,0,18.483,0,5.31896,1.61071,13.5301,0.865719,19.594,0.42336,18.483,0.42336,0,0,442.007,0,1.02816,0,0,6.34712,5.31896,1.028160,1,0,210.855,0,0,0,210.855,0
72.29,2.293,0,0,9.31349,0.28241,6.73808,3.6288,61.308,0.489997,0,0,3.1433,0.193277,2.46003,0.66528,12.849,1,0.407564,6.73808,0,251.25,3.48579,254.095,0.84672,12.849,0.84672,3695.15,0,18.483,0,6.2025,1.78886,13.1526,0.961692,20.1823,0.42336,18.483,0.42336,0,0,442.007,0,1.02816,0,0,7.23066,6.2025,1.028160,1,0,276.737,0,0,0,276.737,0
72.29,2.29303,0,0,5.56257,0.289588,2.97996,3.6288,61.308,0.490013,0,0,2.1717,0.194685,1.487,0.66528,12.849,1,0.407568,2.97996,0,158.926,3.66083,157.837,0.84672,12.849,0.84672,3695.15,0,18.483,0,2.99968,1.78888,7.62575,1.00307,11.4112,0.42336,18.483,0.42336,0,0,442.007,0,1.02816,0,0,4.02784,2.99968,1.028160,1,0,170.736,0,0,0,170.736,0
72.29,2.29305,0,0,4.01981,0.289588,1.43717,3.6288,61.308,0.490029,0,0,1.64429,0.194685,0.959573,0.66528,12.849,1,0.407572,1.43717,0,102.059,3.66083,99.4279,0.84672,12.849,0.84672,3695.15,0,18.483,0,2.08553,1.7889,5.52582,1.00307,8.39719,0.42336,18.483,0.42336,0,0,442.007,0,1.02816,0,0,3.11369,2.08553,1.028160,1,0,108.785,0,0,0,108.785,0
72.29,2.00241,0,0,5.3905,0.314665,3.07342,3.6288,61.308,0.275688,0,0,2.90527,0.19081,2.43877,0.66528,12.849,1,0.355914,3.07342,0,130.26,3.68344,129.294,0.84672,12.849,0.84672,3695.15,0,18.483,0,4.21713,1.78892,9.98748,1.03252,14.961,0.42336,18.483,0.42336,0,0,442.007,0,1.02816,0,0,5.24529,4.21713,1.028160,1,0,146.694,0,0,0,146.694,0
72.29,2.00243,0,0,6.33939,0.333472,4.00349,3.6288,61.308,0.275701,0,0,3.55517,0.187904,3.09156,0.66528,12.849,1,0.355917,4.00349,0,182.169,3.70041,182.116,0.84672,12.849,0.84672,3695.15,0,18.483,0,4.6142,1.54525,12.2938,1.05461,17.3986,0.42336,18.483,0.42336,0,0,442.007,0,1.02816,0,0,5.64236,4.6142,1.028160,1,0,202.607,0,0,0,202.607,0
72.29,2.00245,0,0,6.88124,0.333472,4.54532,3.6288,61.308,0.275715,0,0,3.33095,0.187904,2.86733,0.66528,12.849,1,0.355921,4.54532,0,191.957,3.70041,192.446,0.84672,12.849,0.84672,3695.15,0,18.483,0,5.16462,1.54526,15.2196,1.05461,20.8749,0.42336,18.483,0.42336,0,0,442.007,0,1.02816,0,0,6.19278,5.16462,1.028160,1,0,216.188,0,0,0,216.188,0
72.29,2.00248,0,0,6.15875,0.265024,3.89125,3.6288,61.308,0.275729,0,0,2.85088,0.147657,2.42749,0.66528,12.849,1,0.355925,3.89125,0,183.601,3.18273,183.953,0.84672,12.849,0.84672,3695.15,0,18.483,0,4.50505,1.54528,13.51,0.979395,18.581,0.42336,18.483,0.42336,0,0,442.007,0,1.02816,0,0,5.53321,4.50505,1.028160,1,0,204.962,0,0,0,204.962,0
72.29,2.0025,0,0,5.45768,0.326319,3.12887,3.6288,61.308,0.275742,0,0,2.39082,0.160874,1.9542,0.66528,12.849,1,0.355928,3.12887,0,164.465,3.82853,163.409,0.84672,12.849,0.84672,3695.15,0,18.483,0,3.42762,1.5453,11.2338,1.05508,15.1516,0.42336,18.483,0.42336,0,0,442.007,0,1.02816,0,0,4.45578,3.42762,1.028160,1,0,180.515,0,0,0,180.515,0
72.29,2.07568,0,0,6.97923,0.303542,4.6,3.6288,61.308,0.328198,0,0,2.91806,0.172966,2.41689,0.66528,12.849,1,0.368937,4.6,0,227.242,4.36663,227.107,0.84672,12.849,0.84672,3695.15,0,18.483,0,5.19074,1.54531,19.3622,1.06053,25.0377,0.42336,18.483,0.42336,0,0,442.007,0,1.02816,0,0,6.2189,5.19074,1.028160,1,0,254.561,0,0,0,254.561,0
72.29,2.07571,0,0,5.95807,0.303542,3.57882,3.6288,61.308,0.328212,0,0,2.32908,0.172966,1.82791,0.66528,12.849,1,0.368941,3.57882,0,176.614,4.36663,175.457,0.84672,12.849,0.84672,3695.15,0,18.483,0,4.10121,1.6055,14.0142,1.06053,18.6603,0.42336,18.483,0.42336,0,0,442.007,0,1.02816,0,0,5.12937,4.10121,1.028160,1,0,195.945,0,0,0,195.945,0
72.29,2.07573,0,0,4.76857,0.26582,2.42702,3.6288,61.308,0.328226,0,0,1.63822,0.168804,1.14119,0.66528,12.849,1,0.368945,2.42702,0,148.33,4.61376,145.774,0.84672,12.849,0.84672,3695.15,0,18.483,0,2.67176,1.60552,9.78515,1.0766,12.9858,0.42336,18.483,0.42336,0,0,442.007,0,1.02816,0,0,3.69992,2.67176,1.028160,1,0,159.901,0,0,0,159.901,0
72.29,2.07575,0,0,4.11919,0.25073,1.79271,3.6288,61.308,0.32824,0,0,1.41057,0.167139,0.915187,0.66528,12.849,1,0.368949,1.79271,0,137.045,4.71261,133.756,0.84672,12.849,0.84672,3695.15,0,18.483,0,1.8747,1.60553,8.38823,1.08303,10.7854,0.42336,18.483,0.42336,0,0,442.007,0,1.02816,0,0,2.90286,1.8747,1.028160,1,0,145.457,0,0,0,145.457,0
72.29,2.04716,0,0,4.0942,0.199505,1.84754,3.6288,61.308,0.307886,0,0,1.11777,0.185011,0.624869,0.66528,12.849,1,0.363867,1.84754,0,104.405,4.72512,101.163,0.84672,12.849,0.84672,3695.15,0,18.483,0,1.07905,1.60555,8.4793,1.08822,10.0757,0.42336,18.483,0.42336,0,0,442.007,0,1.02816,0,0,2.10721,1.07905,1.028160,1,0,111.864,0,0,0,111.864,0
72.29,2.04718,0,0,4.03106,0.190967,1.79291,3.6288,61.308,0.3079,0,0,1.15938,0.18799,0.663495,0.66528,12.849,1,0.363871,1.79291,0,104.617,4.7272,101.319,0.84672,12.849,0.84672,3695.15,0,18.483,0,1.76844,1.58214,8.1076,1.08909,10.3691,0.42336,18.483,0.42336,0,0,442.007,0,1.02816,0,0,2.7966,1.76844,1.028160,1,0,112.352,0,0,0,112.352,0
72.29,2.0472,0,0,4.07182,0.168133,1.85648,3.6288,61.308,0.307914,0,0,1.17269,0.195008,0.669769,0.66528,12.849,1,0.363875,1.85648,0,102.681,4.84655,99.3273,0.84672,12.849,0.84672,3695.15,0,18.483,0,2.26426,1.58216,8.6089,1.1398,11.3155,0.42336,18.483,0.42336,0,0,442.007,0,1.02816,0,0,3.29242,2.26426,1.028160,1,0,111.313,0,0,0,111.313,0
72.29,2.04723,0,0,3.55533,0.111046,1.39706,3.6288,61.308,0.307927,0,0,1.06267,0.212552,0.542188,0.66528,12.849,1,0.363879,1.39706,0,87.3461,5.1449,83.2344,0.84672,12.849,0.84672,3695.15,0,18.483,0,1.97241,1.58218,7.36137,1.26656,9.64939,0.42336,18.483,0.42336,0,0,442.007,0,1.02816,0,0,3.00057,1.97241,1.028160,1,0,93.4259,0,0,0,93.4259,0
72.29,2.14436,0,0,3.23173,0.136901,0.950468,3.6288,61.308,0.380178,0,0,0.92289,0.2122,0.330513,0.66528,12.849,1,0.381144,0.950468,0,74.158,4.98663,69.7407,0.84672,12.849,0.84672,3695.15,0,18.483,0,1.37445,1.58219,6.61101,1.19794,8.36971,0.42336,18.483,0.42336,0,0,442.007,0,1.02816,0,0,2.40261,1.37445,1.028160,1,0,78.4409,0,0,0,78.4409,0
72.29,2.14438,0,0,3.11595,0.165193,0.806369,3.6288,61.308,0.380193,0,0,0.991233,0.193552,0.417488,0.66528,12.849,1,0.381148,0.806369,0,66.3949,4.65577,62.1644,0.84672,12.849,0.84672,3695.15,0,18.483,0,1.3308,1.66411,6.50534,1.06528,8.43497,0.42336,18.483,0.42336,0,0,442.007,0,1.02816,0,0,2.35896,1.3308,1.028160,1,0,71.0169,0,0,0,71.0169,0
72.29,2.14441,0,0,2.9863,0.0701778,0.771719,3.6288,61.308,0.380207,0,0,0.914034,0.227346,0.306481,0.66528,12.849,1,0.381152,0.771719,0,66.8071,5.1092,62.0884,0.84672,12.849,0.84672,3695.15,0,18.483,0,1.27499,1.66412,6.42058,1.1565,8.2032,0.42336,18.483,0.42336,0,0,442.007,0,1.02816,0,0,2.30315,1.27499,1.028160,1,0,70.5981,0,0,0,70.5981,0
72.29,2.14443,0,0,2.68703,0.0701778,0.472424,3.6288,61.308,0.380222,0,0,0.741312,0.227346,0.133744,0.66528,12.849,1,0.381156,0.472424,0,60.0159,5.1092,54.998,0.84672,12.849,0.84672,3695.15,0,18.483,0,0.914605,1.66414,5.57326,1.1565,6.99551,0.42336,18.483,0.42336,0,0,442.007,0,1.02816,0,0,1.94276,0.914605,1.028160,1,0,62.1273,0,0,0,62.1273,0
72.29,2.14445,0,0,2.58716,0.0732682,0.369442,3.6288,61.308,0.380237,0,0,0.631193,0.226224,0.0247319,0.66528,12.849,1,0.38116,0.369442,0,53.7271,5.08788,48.6275,0.84672,12.849,0.84672,3695.15,0,18.483,0,0.814959,1.66416,5.32373,1.1514,6.65145,0.42336,18.483,0.42336,0,0,442.007,0,1.02816,0,0,1.84312,0.814959,1.028160,1,0,55.3036,0,0,0,55.3036,0
72.109,2.12527,0,0,2.39895,0.0918105,0.36288,3.6288,61.308,0.419956,0,0,0.756596,0.219494,0.117147,0.66528,12.849,1,0.37775,0.36288,0,44.6934,4.95999,39.7186,0.84672,12.849,0.84672,3695.15,0,18.483,0,0.866506,1.66418,4.75849,1.1208,6.16837,0.42336,18.483,0.42336,0,0,442.007,0,1.02816,0,0,1.89467,0.866506,1.028160,1,0,46.0041,0,0,0,46.0041,0
71.7152,2.12368,0,0,2.18443,0.0916844,0.36288,3.6288,61.308,0.419971,0,0,0.748958,0.219494,0.109494,0.66528,12.849,1,0.378415,0.36288,0,44.3478,4.95999,39.3723,0.84672,12.849,0.84672,3695.15,0,18.483,0,0.86921,1.68971,4.5798,1.1208,6.01792,0.42336,18.483,0.42336,0,0,442.007,0,1.02816,0,0,1.89737,0.86921,1.028160,1,0,45.4997,0,0,0,45.4997,0
71.1171,2.12017,0,0,1.97639,0.0914101,0.36288,3.6288,61.308,0.419986,0,0,0.695053,0.219494,0.0555737,0.66528,12.849,1,0.379865,0.36288,0,39.8248,4.95999,34.8478,0.84672,12.849,0.84672,3695.15,0,18.483,0,0.633856,1.68973,4.39245,1.1208,5.59523,0.42336,18.483,0.42336,0,0,442.007,0,1.02816,0,0,1.66202,0.633856,1.028160,1,0,40.4986,0,0,0,40.4986,0
70.4597,2.11479,0,0,1.88295,0.0626884,0.36288,3.6288,61.2603,0.420001,0,0,0.657642,0.285308,0,0.66528,12.849,1,0.382087,0.36288,0,36.0782,5.80689,30.2521,0.84672,12.849,0.84672,3695.15,0,18.483,0,0.641969,1.68975,4.16157,1.42993,5.06335,0.42336,18.483,0.42336,0,0,442.007,0,1.02816,0,0,1.67013,0.641969,1.028160,1,0,35.3155,0,0,0,35.3155,0
69.6188,2.15801,0,0,1.74767,0.0676684,0.36288,3.6288,61.1297,0.455403,0,0,0.613094,0.288359,0,0.66528,12.849,1,0.393533,0.36288,0,32.5112,5.59382,26.8867,0.84672,12.849,0.84672,3695.15,0,18.483,0,0.473964,1.68976,3.54023,1.42546,4.2785,0.42336,18.483,0.42336,0,0,442.007,0,1.02816,0,0,1.50212,0.473964,1.028160,1,0,31.1652,0,0,0,31.1652,0
68.737,2.15004,0,0,1.7023,0.0712005,0.36288,3.6288,60.9934,0.455419,0,0,0.604099,0.284992,0,0.66528,12.849,1,0.396815,0.36288,0,30.584,5.45213,25.0979,0.84672,12.849,0.84672,3695.15,0,18.483,0,0.487227,1.73044,3.42919,1.40307,4.24379,0.42336,18.483,0.42336,0,0,442.007,0,1.02816,0,0,1.51539,0.487227,1.028160,1,0,29.3417,0,0,0,29.3417,0
67.6462,2.14153,0,0,1.48437,0.0707142,0.36288,3.6288,60.8228,0.455434,0,0,0.569676,0.284746,0,0.66528,12.849,1,0.400316,0.36288,0,28.9761,5.45213,23.4865,0.84672,12.849,0.84672,3695.15,0,18.483,0,0.346507,1.73046,3.27664,1.40307,3.95054,0.42336,18.483,0.42336,0,0,442.007,0,1.02816,0,0,1.37467,0.346507,1.028160,1,0,27.437,0,0,0,27.437,0
66.4561,2.1308,0,0,1.36892,0.0653841,0.36288,3.6288,60.6403,0.45545,0,0,0.559885,0.28702,0,0.66528,12.849,1,0.404732,0.36288,0,27.3363,5.5269,21.7675,0.84672,12.849,0.84672,3695.15,0,18.483,0,0.285725,1.73048,3.24683,1.41801,3.84503,0.42336,18.483,0.42336,0,0,442.007,0,1.02816,0,0,1.31388,0.285725,1.028160,1,0,25.6126,0,0,0,25.6126,0
64.9047,2.26031,0,0,1.14429,0.0724665,0.36288,3.6288,60.3328,0.583199,0,0,0.557919,0.282151,0,0.66528,12.849,1,0.437022,0.36288,0,24.9249,5.47364,19.3772,0.84672,12.849,0.84672,3695.15,0,18.483,0,0.339863,1.7305,2.93231,1.36793,3.63474,0.42336,18.483,0.42336,0,0,442.007,0,1.02816,0,0,1.36802,0.339863,1.028160,1,0,23.0119,0,0,0,23.0119,0
63.2635,2.24316,0,0,1.08466,0.119804,0.36288,3.6288,60.0203,0.583216,0,0,0.536718,0.266042,0,0.66528,12.849,1,0.444071,0.36288,0,22.4516,4.82034,17.55,0.84672,12.849,0.84672,3695.15,0,18.483,0,0.423256,1.86822,2.36153,1.33063,3.32238,0.42336,18.483,0.42336,0,0,442.007,0,1.02816,0,0,1.45142,0.423256,1.028160,1,0,20.8724,0,0,0,20.8724,0
61.6084,2.22439,0,0,1.05035,0.118224,0.36288,3.6288,59.6888,0.583232,0,0,0.517295,0.265513,0,0.66528,12.849,1,0.451781,0.36288,0,22.2531,4.82034,17.3439,0.84672,12.849,0.84672,3695.15,0,18.483,0,0.384109,1.86824,2.38606,1.33063,3.30778,0.42336,18.483,0.42336,0,0,442.007,0,1.02816,0,0,1.41227,0.384109,1.028160,1,0,20.6516,0,0,0,20.6516,0
60.2263,2.2048,0,0,1.30226,0.11663,0.36288,3.6288,59.3944,0.583249,0,0,0.553764,0.264952,0,0.66528,12.849,1,0.459831,0.36288,0,21.7917,4.82034,16.8744,0.84672,12.849,0.84672,3695.15,0,18.483,0,0.545547,1.86826,3.49982,1.33063,4.583,0.42336,18.483,0.42336,0,0,442.007,0,1.02816,0,0,1.57371,0.545547,1.028160,1,0,21.4574,0,0,0,21.4574,0
58.5436,2.18789,0,0,0.985573,0.117567,0.36288,3.6288,59.0411,0.583266,0,0,0.494497,0.264494,0,0.66528,12.849,1,0.466777,0.36288,0,20.6334,4.83144,15.698,0.84672,12.849,0.84672,3695.15,0,18.483,0,0.387668,1.86828,2.31534,1.32846,3.24283,0.42336,18.483,0.42336,0,0,442.007,0,1.02816,0,0,1.41583,0.387668,1.028160,1,0,18.9409,0,0,0,18.9409,0
57.4277,2.1005,0,0,1.51186,0.164393,0.36288,3.6288,59.1045,0.505749,0,0,0.794215,0.225107,0,0.66528,12.849,1,0.461013,0.36288,0,51.1934,4.03662,47.0586,0.84672,12.849,0.84672,3695.15,0,18.483,0,1.01365,1.8683,4.68981,1.09028,6.48148,0.42336,18.483,0.42336,0,0,442.007,0,1.02816,0,0,2.04181,1.01365,1.028160,1,0,53.5401,0,0,0,53.5401,0
56.0383,2.08639,0,0,1.22253,0.162614,0.36288,3.6288,59.1002,0.505765,0,0,0.726667,0.225198,0,0.66528,12.849,1,0.466814,0.36288,0,25.5568,4.03662,21.4162,0.84672,12.849,0.84672,3695.15,0,18.483,0,1.04503,1.7894,4.09802,1.09028,5.84216,0.42336,18.483,0.42336,0,0,442.007,0,1.02816,0,0,2.07319,1.04503,1.028160,1,0,27.2584,0,0,0,27.2584,0
54.6626,2.06831,0,0,1.23031,0.1748,0.36288,3.6288,59.153,0.505781,0,0,0.774222,0.215677,0,0.66528,12.849,1,0.474242,0.36288,0,20.0859,3.8182,16.1564,0.84672,12.849,0.84672,3695.15,0,18.483,0,0.97143,1.78942,3.97013,1.04092,5.69007,0.42336,18.483,0.42336,0,0,442.007,0,1.02816,0,0,1.99959,0.97143,1.028160,1,0,21.8464,0,0,0,21.8464,0
53.3802,2.04983,0,0,1.38786,0.257637,0.36288,3.6288,59.2617,0.505797,0,0,0.773178,0.158639,0,0.66528,12.849,1,0.481833,0.36288,0,20.6518,2.50772,18.0251,0.84672,12.849,0.84672,3695.15,0,18.483,0,0.927107,1.78944,4.22168,0.744707,6.19351,0.42336,18.483,0.42336,0,0,442.007,0,1.02816,0,0,1.95527,0.927107,1.028160,1,0,24.2186,0,0,0,24.2186,0
53.0116,1.97957,0,0,2.22018,0.246254,0.36288,3.6288,59.2384,0.435235,0,0,0.621087,0.209211,0,0.66528,12.849,1,0.476497,0.36288,0,45.5617,3.34891,42.0992,0.84672,12.849,0.84672,3695.15,0,18.483,0,0.561997,1.78946,5.27247,0.871832,6.7521,0.42336,18.483,0.42336,0,0,442.007,0,1.02816,0,0,1.59016,0.561997,1.028160,1,0,48.8513,0,0,0,48.8513,0
52.1106,1.97451,0,0,1.67569,0.23931,0.36288,3.6288,59.2434,0.43525,0,0,0.687346,0.247021,0,0.66528,12.849,1,0.478584,0.36288,0,33.618,3.97981,29.5225,0.84672,12.849,0.84672,3695.15,0,18.483,0,0.292283,1.71934,3.61275,0.967176,4.65719,0.42336,18.483,0.42336,0,0,442.007,0,1.02816,0,0,1.32044,0.292283,1.028160,1,0,34.1797,0,0,0,34.1797,0
51.945,1.96193,0,0,2.39629,0.2371,0.36288,3.6288,59.1427,0.499046,0,0,0.64532,0.247029,0,0.66528,12.849,1,0.483757,0.36288,0,41.6792,3.97981,37.5785,0.84672,12.849,0.84672,3695.15,0,18.483,0,0.216518,1.71935,4.13637,0.967176,5.10506,0.42336,18.483,0.42336,0,0,442.007,0,0.96438,0,0,1.1809,0.216518,1.028160,1,0,42.6836,0,0,0,42.6836,0
55.6669,1.95961,0,0,6.28107,0.236694,0.36288,3.6288,60.3907,0.435281,0,0,1.93013,0.24687,0,0.66528,12.849,1,0.484724,0.36288,0,92.622,3.97981,88.5203,0.84672,12.849,0.84672,3695.15,0,18.483,0,3.02893,1.71937,8.36654,0.967176,12.1477,0.42336,18.483,0.42336,0,0,442.007,0,1.02816,0,0,4.05709,3.02893,1.028160,1,0,100.668,0,0,0,100.668,0
57.0836,1.8588,0,0,3.88313,0.244731,0.36288,3.6288,61.0333,0.288297,0,0,1.16613,0.235143,0,0.66528,12.849,1,0.429048,0.36288,0,65.444,3.88139,61.4965,0.84672,12.849,0.84672,3695.15,0,18.483,0,1.77403,1.71939,4.62152,0.971446,7.1435,0.42336,18.483,0.42336,0,0,442.007,0,1.02816,0,0,2.80219,1.77403,1.028160,1,0,68.64,0,0,0,68.64,0
59.9464,1.87559,0,0,5.34669,0.245425,0.36288,3.6288,61.308,0.288311,0,0,1.13337,0.201709,0.368696,0.66528,12.849,1,0.422178,0.36288,0,64.0765,3.63531,60.3819,0.84672,12.849,0.84672,3695.15,0,18.483,0,2.44321,1.5615,4.96985,0.98212,7.99244,0.42336,18.483,0.42336,0,0,442.007,0,1.02816,0,0,3.47137,2.44321,1.028160,1,0,68.743,0,0,0,68.743,0
60.5602,1.9079,0,0,3.13697,0.252337,0.36288,3.6288,61.308,0.288324,0,0,0.755862,0.20206,0.265477,0.66528,12.849,1,0.408941,0.36288,0,53.5253,3.63531,49.8439,0.84672,12.849,0.84672,3695.15,0,18.483,0,1.76914,1.56151,4.30486,0.98212,6.65339,0.42336,18.483,0.42336,0,0,442.007,0,1.02816,0,0,2.7973,1.76914,1.028160,1,0,56.7628,0,0,0,56.7628,0
60.2947,1.91458,0,0,2.26564,0.253744,0.36288,3.6288,61.253,0.288338,0,0,0.435412,0.20206,0,0.66528,12.849,1,0.406214,0.36288,0,30.5256,3.63531,26.8469,0.84672,12.849,0.84672,3695.15,0,18.483,0,0.667829,1.56153,4.32602,0.98212,5.57326,0.42336,18.483,0.42336,0,0,442.007,0,1.02816,0,0,1.69599,0.667829,1.028160,1,0,32.4202,0,0,0,32.4202,0
61.4339,1.91173,0,0,3.7023,0.288482,0.36288,3.6288,61.308,0.288352,0,0,0.738316,0.239308,0.15567,0.66528,12.849,1,0.407395,0.36288,0,47.884,4.43531,43.4042,0.84672,12.849,0.84672,3695.15,0,18.483,0,1.56242,1.56155,5.05793,1.23168,6.95022,0.42336,18.483,0.42336,0,0,442.007,0,1.02816,0,0,2.59058,1.56242,1.028160,1,0,50.5101,0,0,0,50.5101,0
67.3291,1.92393,0,0,8.4631,0.281119,0.36288,3.6288,61.308,0.288352,0,0,1.83127,0.20294,1.33998,0.66528,12.849,1,0.402392,0.36288,0,141.526,4.12733,137.359,0.84672,12.849,0.84672,3695.15,0,18.483,0,1.97663,1.56156,12.9386,1.16326,15.3135,0.42336,18.483,0.42336,0,0,442.007,0,1.02816,0,0,3.00479,1.97663,1.028160,1,0,154.013,0,0,0,154.013,0
72.29,2.04468,0,0,8.45165,0.293055,1.15297,3.6288,61.308,0.330933,0,0,1.70605,0.196865,1.17825,0.66528,12.849,1,0.390205,1.15297,0,134.826,4.076,131.513,0.84672,12.849,0.84672,3695.15,0,18.483,0,2.2927,1.56156,12.3586,1.15185,15.061,0.42336,18.483,0.42336,0,0,442.007,0,1.02816,0,0,3.32086,2.2927,1.028160,1,0,147.752,0,0,0,147.752,0
72.29,2.09025,0,0,6.82062,0.304518,4.42586,3.6288,61.308,0.330941,0,0,1.39178,0.196865,0.863978,0.66528,12.849,1,0.371526,4.42586,0,106.75,4.076,106.728,0.84672,12.849,0.84672,3695.15,0,18.483,0,1.51295,1.61152,10.5939,1.15185,12.5666,0.42336,18.483,0.42336,0,0,442.007,0,1.02816,0,0,2.54111,1.51295,1.028160,1,0,120.159,0,0,0,120.159,0
72.29,2.09026,0,0,8.25126,0.33791,5.82309,3.6288,61.308,0.330948,0,0,1.21836,0.187939,0.699474,0.66528,12.849,1,0.371528,5.82309,0,129.11,4.17095,130.391,0.84672,12.849,0.84672,3695.15,0,18.483,0,1.46309,1.61153,13.8029,1.31742,15.5601,0.42336,18.483,0.42336,0,0,442.007,0,1.02816,0,0,2.49125,1.46309,1.028160,1,0,146.65,0,0,0,146.65,0
72.29,2.09027,0,0,6.53699,0.339182,4.10754,3.6288,61.308,0.330956,0,0,1.27286,0.183933,0.757973,0.66528,12.849,1,0.37153,4.10754,0,102.552,4.30887,101.979,0.84672,12.849,0.84672,3695.15,0,18.483,0,1.44903,1.61154,11.1561,1.32075,12.8959,0.42336,18.483,0.42336,0,0,442.007,0,1.02816,0,0,2.47719,1.44903,1.028160,1,0,115.633,0,0,0,115.633,0
72.29,2.29417,0,0,6.72883,0.323068,4.1116,3.6288,61.308,0.490767,0,0,1.51292,0.183352,0.838797,0.66528,12.849,1,0.407771,4.1116,0,109.415,4.44213,108.677,0.84672,12.849,0.84672,3695.15,0,18.483,0,1.56891,1.61155,16.2638,1.23689,18.2074,0.42336,18.483,0.42336,0,0,442.007,0,1.02816,0,0,2.59707,1.56891,1.028160,1,0,127.723,0,0,0,127.723,0
72.29,2.29418,0,0,7.90664,0.328032,5.28443,3.6288,61.308,0.490776,0,0,1.61691,0.173979,0.952152,0.66528,12.849,1,0.407773,5.28443,0,122.536,4.1274,123.285,0.84672,12.849,0.84672,3695.15,0,18.483,0,1.88282,1.78979,14.0219,1.13155,16.563,0.42336,18.483,0.42336,0,0,442.007,0,1.02816,0,0,2.91098,1.88282,1.028160,1,0,140.8,0,0,0,140.8,0
72.29,2.29419,0,0,6.73813,0.33465,4.10929,3.6288,61.308,0.490784,0,0,1.92076,0.161483,1.26849,0.66528,12.849,1,0.407775,4.10929,0,136.308,3.70776,136.302,0.84672,12.849,0.84672,3695.15,0,18.483,0,2.59114,1.7898,16.5345,0.991086,19.9244,0.42336,18.483,0.42336,0,0,442.007,0,1.02816,0,0,3.6193,2.59114,1.028160,1,0,157.495,0,0,0,157.495,0
72.29,2.2942,0,0,7.60419,0.330729,4.97926,3.6288,61.308,0.490793,0,0,2.58259,0.174799,1.917,0.66528,12.849,1,0.407777,4.97926,0,132.683,3.92754,133.327,0.84672,12.849,0.84672,3695.15,0,18.483,0,2.92041,1.78981,18.8857,1.02942,22.5665,0.42336,18.483,0.42336,0,0,442.007,0,1.02816,0,0,3.94857,2.92041,1.028160,1,0,157.81,0,0,0,157.81,0
72.29,2.00341,0,0,8.97532,0.325502,6.64641,3.6288,61.308,0.276337,0,0,3.16687,0.192553,2.69798,0.66528,12.849,1,0.356091,6.64641,0,171.385,4.22058,173.455,0.84672,12.849,0.84672,3695.15,0,18.483,0,3.92806,1.78982,19.4267,1.08053,24.064,0.42336,18.483,0.42336,0,0,442.007,0,1.02816,0,0,4.95622,3.92806,1.028160,1,0,200.217,0,0,0,200.217,0
72.29,2.00342,0,0,9.7422,0.325502,7.41328,3.6288,61.308,0.276345,0,0,2.96713,0.192553,2.49823,0.66528,12.849,1,0.356093,7.41328,0,180.593,4.22058,183.43,0.84672,12.849,0.84672,3695.15,0,18.483,0,4.41159,1.54602,24.0499,1.08053,28.927,0.42336,18.483,0.42336,0,0,442.007,0,1.02816,0,0,5.43975,4.41159,1.028160,1,0,214.855,0,0,0,214.855,0
72.29,2.00343,0,0,8.71932,0.257053,6.45883,3.6288,61.308,0.276352,0,0,2.53949,0.152306,2.11083,0.66528,12.849,1,0.356095,6.45883,0,172.732,3.7029,175.132,0.84672,12.849,0.84672,3695.15,0,18.483,0,3.83224,1.54603,21.3486,1.00532,25.7215,0.42336,18.483,0.42336,0,0,442.007,0,1.02816,0,0,4.8604,3.83224,1.028160,1,0,202.964,0,0,0,202.964,0
72.29,2.00344,0,0,7.41684,0.322145,5.09125,3.6288,61.308,0.276359,0,0,2.16715,0.163508,1.72728,0.66528,12.849,1,0.356097,5.09125,0,148.42,4.25901,148.896,0.84672,12.849,0.84672,3695.15,0,18.483,0,2.77662,1.54603,16.0402,1.0801,19.2828,0.42336,18.483,0.42336,0,0,442.007,0,1.02816,0,0,3.80478,2.77662,1.028160,1,0,169.906,0,0,0,169.906,0
72.29,2.00345,0,0,12.7221,0.259588,10.459,3.6288,61.308,0.276367,0,0,4.64711,0.172945,4.1978,0.66528,12.849,1,0.356099,10.459,0,257.238,4.64614,262.695,0.84672,12.849,0.84672,3695.15,0,18.483,0,5.3969,1.54604,25.0495,1.02097,30.9715,0.42336,18.483,0.42336,0,0,442.007,0,1.02816,0,0,6.42506,5.3969,1.028160,1,0,297.864,0,0,0,297.864,0
72.29,2.07667,0,0,7.92236,0.259588,5.58611,3.6288,61.308,0.328841,0,0,2.98588,0.172945,2.48409,0.66528,12.849,1,0.369112,5.58611,0,155.425,4.64614,155.996,0.84672,12.849,0.84672,3695.15,0,18.483,0,3.3662,1.54605,16.9061,1.02097,20.7973,0.42336,18.483,0.42336,0,0,442.007,0,1.02816,0,0,4.39436,3.3662,1.028160,1,0,179.277,0,0,0,179.277,0
72.29,2.07668,0,0,6.61254,0.259588,4.27627,3.6288,61.308,0.328849,0,0,2.55786,0.172945,2.05607,0.66528,12.849,1,0.369114,4.27627,0,112.115,4.64614,111.376,0.84672,12.849,0.84672,3695.15,0,18.483,0,3.1798,1.60626,14.9933,1.02097,18.7584,0.42336,18.483,0.42336,0,0,442.007,0,1.02816,0,0,4.20796,3.1798,1.028160,1,0,132.191,0,0,0,132.191,0
72.29,2.07669,0,0,5.84035,0.259588,3.50408,3.6288,61.308,0.328856,0,0,2.32613,0.172945,1.82433,0.66528,12.849,1,0.369116,3.50408,0,95.3346,4.64614,93.8234,0.84672,12.849,0.84672,3695.15,0,18.483,0,2.88347,1.60627,13.6002,1.02097,17.069,0.42336,18.483,0.42336,0,0,442.007,0,1.02816,0,0,3.91163,2.88347,1.028160,1,0,112.717,0,0,0,112.717,0
72.29,2.0767,0,0,5.47394,0.214725,3.18251,3.6288,61.308,0.328864,0,0,1.61463,0.189541,1.09622,0.66528,12.849,1,0.369118,3.18251,0,105.884,4.61623,104.081,0.84672,12.849,0.84672,3695.15,0,18.483,0,1.42046,1.60628,10.5926,1.04987,12.5694,0.42336,18.483,0.42336,0,0,442.007,0,1.02816,0,0,2.44862,1.42046,1.028160,1,0,117.747,0,0,0,117.747,0
72.29,2.04809,0,0,5.48954,0.205528,3.23592,3.6288,61.308,0.308493,0,0,1.45915,0.201155,0.949501,0.66528,12.849,1,0.364033,3.23592,0,113.962,4.79703,112.036,0.84672,12.849,0.84672,3695.15,0,18.483,0,1.91313,1.60629,9.69149,1.06423,12.1467,0.42336,18.483,0.42336,0,0,442.007,0,1.02816,0,0,2.94129,1.91313,1.028160,1,0,125.133,0,0,0,125.133,0
72.29,2.0481,0,0,5.47373,0.171276,3.25435,3.6288,61.308,0.308501,0,0,1.47984,0.211682,0.95966,0.66528,12.849,1,0.364035,3.25435,0,106.951,4.97604,104.865,0.84672,12.849,0.84672,3695.15,0,18.483,0,2.19881,1.58286,9.38563,1.14029,12.027,0.42336,18.483,0.42336,0,0,442.007,0,1.02816,0,0,3.22697,2.19881,1.028160,1,0,117.852,0,0,0,117.852,0
72.29,2.04812,0,0,4.69264,0.125607,2.51892,3.6288,61.308,0.308508,0,0,1.27677,0.225717,0.742542,0.66528,12.849,1,0.364037,2.51892,0,92.0238,5.21472,88.9639,0.84672,12.849,0.84672,3695.15,0,18.483,0,1.83567,1.58287,8.31954,1.2417,10.4964,0.42336,18.483,0.42336,0,0,442.007,0,1.02816,0,0,2.86383,1.83567,1.028160,1,0,100.203,0,0,0,100.203,0
72.29,2.04813,0,0,4.26287,0.134384,2.08036,3.6288,61.308,0.308516,0,0,1.05456,0.223238,0.52281,0.66528,12.849,1,0.364039,2.08036,0,81.2851,5.0987,77.9027,0.84672,12.849,0.84672,3695.15,0,18.483,0,1.36791,1.58288,7.80373,1.2069,9.54762,0.42336,18.483,0.42336,0,0,442.007,0,1.02816,0,0,2.39607,1.36791,1.028160,1,0,87.9732,0,0,0,87.9732,0
72.29,2.1453,0,0,4.14127,0.170809,1.82517,3.6288,61.308,0.380791,0,0,1.09262,0.181327,0.530505,0.66528,12.849,1,0.38131,1.82517,0,65.6493,4.51553,62.5776,0.84672,12.849,0.84672,3695.15,0,18.483,0,1.38999,1.58289,7.63474,1.03535,9.57227,0.42336,18.483,0.42336,0,0,442.007,0,1.02816,0,0,2.41815,1.38999,1.028160,1,0,72.6804,0,0,0,72.6804,0
72.29,2.14531,0,0,4.09541,0.0599554,1.89015,3.6288,61.308,0.380799,0,0,1.04695,0.220752,0.445401,0.66528,12.849,1,0.381312,1.89015,0,67.2728,5.04451,63.7371,0.84672,12.849,0.84672,3695.15,0,18.483,0,1.44249,1.66483,7.88098,1.14177,9.84653,0.42336,18.483,0.42336,0,0,442.007,0,1.02816,0,0,2.47065,1.44249,1.028160,1,0,74.029,0,0,0,74.029,0
72.29,2.14532,0,0,3.63725,0.0599554,1.43198,3.6288,61.308,0.380807,0,0,0.853433,0.220752,0.251874,0.66528,12.849,1,0.381314,1.43198,0,60.1628,5.04451,56.169,0.84672,12.849,0.84672,3695.15,0,18.483,0,1.07275,1.66484,6.75881,1.14177,8.35463,0.42336,18.483,0.42336,0,0,442.007,0,1.02816,0,0,2.10091,1.07275,1.028160,1,0,64.7755,0,0,0,64.7755,0
72.29,2.14533,0,0,3.50294,0.0599554,1.29765,3.6288,61.308,0.380815,0,0,0.68701,0.220752,0.0854426,0.66528,12.849,1,0.381316,1.29765,0,55.4418,5.04451,51.3137,0.84672,12.849,0.84672,3695.15,0,18.483,0,0.915788,1.66485,6.4978,1.14177,7.93666,0.42336,18.483,0.42336,0,0,442.007,0,1.02816,0,0,1.94395,0.915788,1.028160,1,0,59.3358,0,0,0,59.3358,0
72.29,2.14534,0,0,3.67978,0.0741567,1.46028,3.6288,61.308,0.380822,0,0,0.87137,0.282244,0.208303,0.66528,12.849,1,0.381318,1.46028,0,48.0298,5.27457,43.8341,0.84672,12.849,0.84672,3695.15,0,18.483,0,0.797049,1.66486,4.77588,1.27925,5.95854,0.42336,18.483,0.42336,0,0,442.007,0,1.02816,0,0,1.82521,0.797049,1.028160,1,0,50.001,0,0,0,50.001,0
72.29,2.12614,0,0,3.29736,0.0741567,1.09706,3.6288,61.308,0.420551,0,0,0.77277,0.282244,0.0699746,0.66528,12.849,1,0.377905,1.09706,0,66.4352,5.27457,61.8798,0.84672,12.849,0.84672,3695.15,0,18.483,0,0.736983,1.66487,5.47487,1.27925,6.59746,0.42336,18.483,0.42336,0,0,442.007,0,1.02816,0,0,1.76514,0.736983,1.028160,1,0,68.5472,0,0,0,68.5472,0
72.29,2.12615,0,0,2.93052,0.0741567,0.730215,3.6288,61.306,0.420559,0,0,0.700799,0.282244,0,0.66528,12.849,1,0.377908,0.730215,0,63.9481,5.27457,59.0258,0.84672,12.849,0.84672,3695.15,0,18.483,0,0.628275,1.6904,5.32125,1.27925,6.36067,0.42336,18.483,0.42336,0,0,442.007,0,1.02816,0,0,1.65643,0.628275,1.028160,1,0,65.3865,0,0,0,65.3865,0
72.29,2.12616,0,0,2.75479,0.0741567,0.554474,3.6288,61.2766,0.420567,0,0,0.67338,0.282241,0,0.66528,12.849,1,0.37791,0.554474,0,59.959,5.27457,54.861,0.84672,12.849,0.84672,3695.15,0,18.483,0,0.587019,1.69041,5.07025,1.27925,6.06843,0.42336,18.483,0.42336,0,0,442.007,0,1.02816,0,0,1.61518,0.587019,1.028160,1,0,60.9294,0,0,0,60.9294,0
72.29,2.12618,0,0,2.75119,0.0636839,0.561332,3.6288,61.1683,0.420575,0,0,0.615082,0.302759,0,0.66528,12.849,1,0.377912,0.561332,0,52.4732,5.58769,47.069,0.84672,12.849,0.84672,3695.15,0,18.483,0,0.516007,1.69042,4.11917,1.38711,4.93849,0.42336,18.483,0.42336,0,0,442.007,0,1.02816,0,0,1.54417,0.516007,1.028160,1,0,52.0074,0,0,0,52.0074,0
72.29,2.17581,0,0,2.79214,0.0642015,0.552126,3.6288,60.9846,0.455984,0,0,0.576637,0.30438,0,0.66528,12.849,1,0.386734,0.552126,0,46.2846,5.63251,40.8174,0.84672,12.849,0.84672,3695.15,0,18.483,0,0.508213,1.69043,3.63777,1.40369,4.43272,0.42336,18.483,0.42336,0,0,442.007,0,1.02816,0,0,1.53637,0.508213,1.028160,1,0,45.2502,0,0,0,45.2502,0
72.1152,2.17582,0,0,2.42811,0.0642015,0.36288,3.6288,60.7665,0.455992,0,0,0.541904,0.304026,0,0.66528,12.849,1,0.386736,0.36288,0,43.7901,5.63251,38.1337,0.84672,12.849,0.84672,3695.15,0,18.483,0,0.378501,1.73112,3.54008,1.40369,4.24602,0.42336,18.483,0.42336,0,0,442.007,0,1.02816,0,0,1.40666,0.378501,1.028160,1,0,42.3798,0,0,0,42.3798,0
71.7499,2.17424,0,0,2.23589,0.0641163,0.36288,3.6288,60.5378,0.456001,0,0,0.530959,0.303606,0,0.66528,12.849,1,0.387391,0.36288,0,41.3004,5.63251,35.6434,0.84672,12.849,0.84672,3695.15,0,18.483,0,0.306176,1.73113,3.50425,1.40369,4.13786,0.42336,18.483,0.42336,0,0,442.007,0,1.02816,0,0,1.33434,0.306176,1.028160,1,0,39.7812,0,0,0,39.7812,0
71.1908,2.1709,0,0,2.02359,0.0488211,0.36288,3.6288,60.3222,0.456009,0,0,0.542834,0.302404,0,0.66528,12.849,1,0.388766,0.36288,0,40.6466,5.81583,34.8049,0.84672,12.849,0.84672,3695.15,0,18.483,0,0.338256,1.73114,3.3494,1.3956,4.0232,0.42336,18.483,0.42336,0,0,442.007,0,1.02816,0,0,1.36642,0.338256,1.028160,1,0,38.8281,0,0,0,38.8281,0
71.1157,2.31039,0,0,2.67613,0.0780382,0.36288,3.6288,60.0879,0.583799,0,0,0.607474,0.258067,0,0.66528,12.849,1,0.416994,0.36288,0,46.3952,4.97816,41.3629,0.84672,12.849,0.84672,3695.15,0,18.483,0,0.579563,1.73115,3.28613,1.34354,4.25331,0.42336,18.483,0.42336,0,0,442.007,0,1.02816,0,0,1.60772,0.579563,1.028160,1,0,45.6162,0,0,0,45.6162,0
70.8645,2.30965,0,0,2.49938,0.0779933,0.36288,3.6288,59.8255,0.583808,0,0,0.579112,0.257682,0,0.66528,12.849,1,0.417303,0.36288,0,45.1409,4.97816,40.1083,0.84672,12.849,0.84672,3695.15,0,18.483,0,0.485326,1.86892,3.2583,1.34354,4.26901,0.42336,18.483,0.42336,0,0,442.007,0,1.02816,0,0,1.51349,0.485326,1.028160,1,0,44.3773,0,0,0,44.3773,0
71.2235,2.30717,0,0,3.10682,0.0778433,0.36288,3.6288,59.5999,0.583817,0,0,0.615489,0.257251,0,0.66528,12.849,1,0.41833,0.36288,0,46.1873,4.97816,41.1537,0.84672,12.849,0.84672,3695.15,0,18.483,0,0.657573,1.86893,4.81629,1.34354,5.99926,0.42336,18.483,0.42336,0,0,442.007,0,1.02816,0,0,1.68573,0.657573,1.028160,1,0,47.1529,0,0,0,47.1529,0
70.9761,2.31075,0,0,2.50433,0.0780577,0.36288,3.6288,59.3268,0.583826,0,0,0.567645,0.256881,0,0.66528,12.849,1,0.416869,0.36288,0,42.6132,4.97816,37.581,0.84672,12.849,0.84672,3695.15,0,18.483,0,0.510304,1.86894,3.27501,1.34354,4.31072,0.42336,18.483,0.42336,0,0,442.007,0,1.02816,0,0,1.53846,0.510304,1.028160,1,0,41.8917,0,0,0,41.8917,0
71.3826,2.3083,0,0,3.15541,0.0777317,0.36288,3.6288,59.2175,0.583834,0,0,0.717345,0.242818,0,0.66528,12.849,1,0.417879,0.36288,0,51.0905,4.34783,46.6877,0.84672,12.849,0.84672,3695.15,0,18.483,0,1.35652,1.86895,3.7695,1.17783,5.81715,0.42336,18.483,0.42336,0,0,442.007,0,1.02816,0,0,2.38468,1.35652,1.028160,1,0,52.5048,0,0,0,52.5048,0
71.7494,2.2418,0,0,3.04649,0.0750372,0.36288,3.6288,59.1912,0.506283,0,0,0.720274,0.240334,0,0.66528,12.849,1,0.403528,0.36288,0,51.4701,4.22982,47.1997,0.84672,12.849,0.84672,3695.15,0,18.483,0,1.12564,1.86896,3.16206,1.15275,5.00391,0.42336,18.483,0.42336,0,0,442.007,0,1.02816,0,0,2.1538,1.12564,1.028160,1,0,52.2036,0,0,0,52.2036,0
72.2757,2.24531,0,0,3.20979,0.0752475,0.36288,3.6288,59.4525,0.506291,0,0,1.0079,0.240294,0,0.66528,12.849,1,0.402094,0.36288,0,79.1122,4.22982,74.8431,0.84672,12.849,0.84672,3695.15,0,18.483,0,2.20272,1.79002,5.61744,1.15275,8.45743,0.42336,18.483,0.42336,0,0,442.007,0,1.02816,0,0,3.23088,2.20272,1.028160,1,0,83.3006,0,0,0,83.3006,0
72.29,2.25031,0,0,8.22087,0.1303,5.82597,3.6288,60.4906,0.5063,0,0,1.73504,0.190682,0,0.66528,12.849,1,0.400054,5.82597,0,153.551,3.66062,155.316,0.84672,12.849,0.84672,3695.15,0,18.483,0,4.16742,1.79003,9.75655,0.912677,14.8013,0.42336,18.483,0.42336,0,0,442.007,0,1.02816,0,0,5.19558,4.16742,1.028160,1,0,170.118,0,0,0,170.118,0
72.29,2.25045,0,0,6.74667,0.195711,4.3005,3.6288,61.308,0.506309,0,0,1.85638,0.161438,0.371197,0.66528,12.849,1,0.400001,4.3005,0,168.961,3.28958,169.572,0.84672,12.849,0.84672,3695.15,0,18.483,0,3.47639,1.79004,12.1398,0.726177,16.68,0.42336,18.483,0.42336,0,0,442.007,0,1.02816,0,0,4.50455,3.47639,1.028160,1,0,186.623,0,0,0,186.623,0
72.29,2.19233,0,0,7.20014,0.185563,4.82225,3.6288,61.308,0.435716,0,0,2.63299,0.211353,1.98592,0.66528,12.849,1,0.38967,4.82225,0,224.256,3.80677,224.882,0.84672,12.849,0.84672,3695.15,0,18.483,0,4.44794,1.79005,13.4218,0.904305,18.7555,0.42336,18.483,0.42336,0,0,442.007,0,1.02816,0,0,5.4761,4.44794,1.028160,1,0,245.624,0,0,0,245.624,0
72.29,2.19234,0,0,8.7708,0.185563,6.3929,3.6288,61.308,0.435724,0,0,2.08284,0.211353,1.43576,0.66528,12.849,1,0.389672,6.3929,0,285.181,3.80677,287.378,0.84672,12.849,0.84672,3695.15,0,18.483,0,3.36175,1.7199,12.0134,0.904305,16.1907,0.42336,18.483,0.42336,0,0,442.007,0,1.02816,0,0,4.38991,3.36175,1.028160,1,0,305.004,0,0,0,305.004,0
72.29,2.19235,0,0,6.28579,0.185563,3.90787,3.6288,61.308,0.435732,0,0,2.1444,0.211353,1.49732,0.66528,12.849,1,0.389674,3.90787,0,246.178,3.80677,245.889,0.84672,12.849,0.84672,3695.15,0,18.483,0,3.63595,1.71991,11.6016,0.904305,16.0532,0.42336,18.483,0.42336,0,0,442.007,0,1.02816,0,0,4.66411,3.63595,1.028160,1,0,263.44,0,0,0,263.44,0
72.29,2.19237,0,0,9.74177,0.197706,7.3517,3.6288,61.308,0.43574,0,0,3.40318,0.219425,2.74801,0.66528,12.849,1,0.389677,7.3517,0,228.398,3.90043,231.46,0.84672,12.849,0.84672,3695.15,0,18.483,0,5.81501,1.71992,15.536,0.972257,22.0987,0.42336,18.483,0.42336,0,0,442.007,0,1.02816,0,0,6.84317,5.81501,1.028160,1,0,256.307,0,0,0,256.307,0
72.29,2.02727,0,0,6.63808,0.203096,4.40771,3.6288,61.308,0.288704,0,0,4.63779,0.252907,4.09618,0.66528,12.849,1,0.360331,4.40771,0,189.621,4.40541,189.263,0.84672,12.849,0.84672,3695.15,0,18.483,0,5.64528,1.71993,14.491,1.24914,20.6071,0.42336,18.483,0.42336,0,0,442.007,0,1.02816,0,0,6.67344,5.64528,1.028160,1,0,213.966,0,0,0,213.966,0
72.29,2.02728,0,0,5.14695,0.177697,2.94198,3.6288,61.308,0.288711,0,0,3.20774,0.232968,2.68606,0.66528,12.849,1,0.360333,2.94198,0,157.837,3.97636,156.443,0.84672,12.849,0.84672,3695.15,0,18.483,0,3.80481,1.56198,13.8427,1.09039,18.1191,0.42336,18.483,0.42336,0,0,442.007,0,1.02816,0,0,4.83297,3.80481,1.028160,1,0,177.248,0,0,0,177.248,0
72.29,2.02729,0,0,7.13902,0.274597,4.83714,3.6288,61.308,0.288719,0,0,4.88932,0.211235,4.38936,0.66528,12.849,1,0.360335,4.83714,0,268.386,3.95,268.913,0.84672,12.849,0.84672,3695.15,0,18.483,0,5.55793,1.56199,15.1501,1.06034,21.2096,0.42336,18.483,0.42336,0,0,442.007,0,1.02816,0,0,6.58609,5.55793,1.028160,1,0,294.512,0,0,0,294.512,0
72.29,2.0273,0,0,17.6107,0.274597,15.3088,3.6288,61.308,0.288726,0,0,7.30959,0.211235,6.80963,0.66528,12.849,1,0.360337,15.3088,0,316.478,3.95,327.476,0.84672,12.849,0.84672,3695.15,0,18.483,0,8.43454,1.562,20.8813,1.06034,29.8175,0.42336,18.483,0.42336,0,0,442.007,0,1.02816,0,0,9.4627,8.43454,1.028160,1,0,364.104,0,0,0,364.104,0
72.29,2.02731,0,0,11.0234,0.274892,8.72117,3.6288,61.308,0.288733,0,0,3.46279,0.203939,2.97012,0.66528,12.849,1,0.360339,8.72117,0,206.254,3.47127,211.144,0.84672,12.849,0.84672,3695.15,0,18.483,0,4.56834,1.56201,13.3491,1.14321,18.3363,0.42336,18.483,0.42336,0,0,442.007,0,1.02816,0,0,5.5965,4.56834,1.028160,1,0,232.45,0,0,0,232.45,0
72.29,2.09083,0,0,7.42097,0.27501,5.05513,3.6288,61.308,0.33132,0,0,3.16354,0.201021,2.63119,0.66528,12.849,1,0.37163,5.05513,0,177.25,3.27978,178.654,0.84672,12.849,0.84672,3695.15,0,18.483,0,4.50531,1.56201,15.0236,1.17636,19.9145,0.42336,18.483,0.42336,0,0,442.007,0,1.02816,0,0,5.53347,4.50531,1.028160,1,0,201.2,0,0,0,201.2,0
72.29,2.09083,0,0,6.35156,0.27501,3.98571,3.6288,61.308,0.331321,0,0,2.49272,0.201021,1.96038,0.66528,12.849,1,0.37163,3.98571,0,181.794,3.27978,182.129,0.84672,12.849,0.84672,3695.15,0,18.483,0,3.81888,1.61198,12.3353,1.17636,16.5898,0.42336,18.483,0.42336,0,0,442.007,0,1.02816,0,0,4.84704,3.81888,1.028160,1,0,200.679,0,0,0,200.679,0
72.29,2.09084,0,0,11.0692,0.273411,8.70498,3.6288,61.308,0.331322,0,0,3.26659,0.206561,2.72871,0.66528,12.849,1,0.37163,8.70498,0,242.831,3.40326,247.761,0.84672,12.849,0.84672,3695.15,0,18.483,0,5.11037,1.61198,17.8624,1.18616,23.3986,0.42336,18.483,0.42336,0,0,442.007,0,1.02816,0,0,6.13853,5.11037,1.028160,1,0,273.888,0,0,0,273.888,0
72.29,2.09084,0,0,8.83699,0.268525,6.47763,3.6288,61.308,0.331323,0,0,3.66943,0.230053,3.10805,0.66528,12.849,1,0.371631,6.47763,0,294.638,4.13703,296.607,0.84672,12.849,0.84672,3695.15,0,18.483,0,5.05958,1.61198,16.1773,1.22055,21.6283,0.42336,18.483,0.42336,0,0,442.007,0,1.02816,0,0,6.08774,5.05958,1.028160,1,0,321.343,0,0,0,321.343,0
72.29,2.29478,0,0,5.79845,0.2803,3.22338,3.6288,61.308,0.491171,0,0,2.95329,0.205691,2.25643,0.66528,12.849,1,0.407879,3.22338,0,138.602,4.11925,137.298,0.84672,12.849,0.84672,3695.15,0,18.483,0,3.09639,1.61198,12.3623,1.15946,15.9112,0.42336,18.483,0.42336,0,0,442.007,0,1.02816,0,0,4.12455,3.09639,1.028160,1,0,155.466,0,0,0,155.466,0
72.29,2.29478,0,0,6.75149,0.2803,4.17642,3.6288,61.308,0.491172,0,0,3.59582,0.205691,2.89896,0.66528,12.849,1,0.407879,4.17642,0,214.663,4.11925,214.313,0.84672,12.849,0.84672,3695.15,0,18.483,0,4.82375,1.79026,18.2411,1.15946,23.6957,0.42336,18.483,0.42336,0,0,442.007,0,1.02816,0,0,5.85191,4.82375,1.028160,1,0,240.907,0,0,0,240.907,0
72.29,2.29478,0,0,5.726,0.283323,3.14789,3.6288,61.308,0.491173,0,0,2.94266,0.188182,2.26331,0.66528,12.849,1,0.40788,3.14789,0,157.052,3.8168,155.975,0.84672,12.849,0.84672,3695.15,0,18.483,0,3.07339,1.79027,13.5823,1.07273,17.3732,0.42336,18.483,0.42336,0,0,442.007,0,1.02816,0,0,4.10155,3.07339,1.028160,1,0,175.612,0,0,0,175.612,0
72.29,2.29478,0,0,4.81041,0.293109,2.22252,3.6288,61.308,0.491174,0,0,1.94578,0.17731,1.2773,0.66528,12.849,1,0.40788,2.22252,0,130.109,3.71742,128.206,0.84672,12.849,0.84672,3695.15,0,18.483,0,2.71845,1.79027,9.85973,0.978079,13.3904,0.42336,18.483,0.42336,0,0,442.007,0,1.02816,0,0,3.74661,2.71845,1.028160,1,0,142.874,0,0,0,142.874,0
72.29,2.0039,0,0,4.44487,0.311908,2.12905,3.6288,61.308,0.276659,0,0,1.41215,0.182961,0.952528,0.66528,12.849,1,0.356179,2.12905,0,130.668,4.0361,128.405,0.84672,12.849,0.84672,3695.15,0,18.483,0,2.20698,1.79027,9.0377,0.90406,12.1309,0.42336,18.483,0.42336,0,0,442.007,0,1.02816,0,0,3.23514,2.20698,1.028160,1,0,141.488,0,0,0,141.488,0
72.29,2.00391,0,0,4.18459,0.311908,1.86878,3.6288,61.308,0.27666,0,0,1.28539,0.182961,0.82577,0.66528,12.849,1,0.356179,1.86878,0,106.362,4.0361,103.838,0.84672,12.849,0.84672,3695.15,0,18.483,0,2.3305,1.5464,6.00714,0.90406,8.97998,0.42336,18.483,0.42336,0,0,442.007,0,1.02816,0,0,3.35866,2.3305,1.028160,1,0,113.644,0,0,0,113.644,0
72.29,2.00391,0,0,6.19408,0.28648,3.90369,3.6288,61.308,0.276661,0,0,2.13329,0.173633,1.683,0.66528,12.849,1,0.356179,3.90369,0,178.908,3.85455,178.601,0.84672,12.849,0.84672,3695.15,0,18.483,0,4.6302,1.5464,13.4702,0.885142,18.7617,0.42336,18.483,0.42336,0,0,442.007,0,1.02816,0,0,5.65836,4.6302,1.028160,1,0,199.045,0,0,0,199.045,0
72.29,2.00391,0,0,5.63934,0.337818,3.29761,3.6288,61.308,0.276662,0,0,2.18621,0.225964,1.68358,0.66528,12.849,1,0.356179,3.29761,0,139.438,4.33479,138.044,0.84672,12.849,0.84672,3695.15,0,18.483,0,3.49651,1.5464,10.1586,0.997091,14.2044,0.42336,18.483,0.42336,0,0,442.007,0,1.02816,0,0,4.52467,3.49651,1.028160,1,0,153.932,0,0,0,153.932,0
72.29,2.00391,0,0,6.79717,0.307359,4.4859,3.6288,61.308,0.276663,0,0,2.0274,0.19163,1.55911,0.66528,12.849,1,0.35618,4.4859,0,197.503,4.02948,197.604,0.84672,12.849,0.84672,3695.15,0,18.483,0,3.39617,1.5464,11.0723,0.897873,15.117,0.42336,18.483,0.42336,0,0,442.007,0,1.02816,0,0,4.42433,3.39617,1.028160,1,0,214.28,0,0,0,214.28,0
72.29,2.07713,0,0,5.9251,0.309834,3.53813,3.6288,61.308,0.329143,0,0,1.90546,0.189918,1.3864,0.66528,12.849,1,0.369194,3.53813,0,119.94,4.03673,119.072,0.84672,12.849,0.84672,3695.15,0,18.483,0,3.09661,1.5464,9.79361,0.889687,13.5469,0.42336,18.483,0.42336,0,0,442.007,0,1.02816,0,0,4.12477,3.09661,1.028160,1,0,134.005,0,0,0,134.005,0
72.29,2.07713,0,0,6.02547,0.314587,3.63375,3.6288,61.308,0.329144,0,0,2.09945,0.214109,1.5562,0.66528,12.849,1,0.369194,3.63375,0,124.729,4.54851,123.445,0.84672,12.849,0.84672,3695.15,0,18.483,0,3.48675,1.60662,12.2255,0.933598,16.3853,0.42336,18.483,0.42336,0,0,442.007,0,1.02816,0,0,4.51491,3.48675,1.028160,1,0,141.386,0,0,0,141.386,0
72.29,2.07713,0,0,5.53725,0.287934,3.17218,3.6288,61.308,0.329145,0,0,1.86127,0.236178,1.29595,0.66528,12.849,1,0.369195,3.17218,0,110.228,4.68891,108.342,0.84672,12.849,0.84672,3695.15,0,18.483,0,3.05332,1.60662,9.90187,0.929779,13.632,0.42336,18.483,0.42336,0,0,442.007,0,1.02816,0,0,4.08148,3.05332,1.028160,1,0,123.27,0,0,0,123.27,0
72.29,2.07713,0,0,4.77017,0.225221,2.46781,3.6288,61.308,0.329146,0,0,2.06536,0.213069,1.52314,0.66528,12.849,1,0.369195,2.46781,0,108.519,4.06808,106.55,0.84672,12.849,0.84672,3695.15,0,18.483,0,2.59216,1.60662,8.37942,0.923308,11.6549,0.42336,18.483,0.42336,0,0,442.007,0,1.02816,0,0,3.62032,2.59216,1.028160,1,0,119.728,0,0,0,119.728,0
72.29,2.04851,0,0,4.36915,0.252665,2.06798,3.6288,61.308,0.308764,0,0,1.74922,0.205526,1.23493,0.66528,12.849,1,0.364107,2.06798,0,106.043,4.45057,103.296,0.84672,12.849,0.84672,3695.15,0,18.483,0,2.20654,1.60662,7.39722,0.964591,10.2458,0.42336,18.483,0.42336,0,0,442.007,0,1.02816,0,0,3.2347,2.20654,1.028160,1,0,114.777,0,0,0,114.777,0
72.29,2.04851,0,0,3.9322,0.20559,1.6781,3.6288,61.308,0.308765,0,0,1.46834,0.221127,0.938449,0.66528,12.849,1,0.364107,1.6781,0,95.0244,4.58955,91.7489,0.84672,12.849,0.84672,3695.15,0,18.483,0,2.31165,1.58318,6.63794,0.974295,9.55848,0.42336,18.483,0.42336,0,0,442.007,0,1.02816,0,0,3.33981,2.31165,1.028160,1,0,102.246,0,0,0,102.246,0
72.29,2.04851,0,0,3.71411,0.20559,1.46001,3.6288,61.308,0.308766,0,0,1.47179,0.221127,0.941896,0.66528,12.849,1,0.364107,1.46001,0,88.3405,4.58955,84.8469,0.84672,12.849,0.84672,3695.15,0,18.483,0,2.16819,1.58319,6.27402,0.974295,9.0511,0.42336,18.483,0.42336,0,0,442.007,0,1.02816,0,0,3.19635,2.16819,1.028160,1,0,94.8399,0,0,0,94.8399,0
72.29,2.04851,0,0,3.51015,0.199071,1.26256,3.6288,61.308,0.308767,0,0,1.73007,0.22595,1.19536,0.66528,12.849,1,0.364108,1.26256,0,81.3084,4.58961,77.6173,0.84672,12.849,0.84672,3695.15,0,18.483,0,2.71564,1.58319,7.12822,0.980373,10.4467,0.42336,18.483,0.42336,0,0,442.007,0,1.02816,0,0,3.7438,2.71564,1.028160,1,0,89.2593,0,0,0,89.2593,0
72.29,2.14569,0,0,3.26318,0.159957,0.957535,3.6288,61.308,0.38105,0,0,1.64103,0.254886,1.00509,0.66528,12.849,1,0.38138,0.957535,0,67.1993,4.58997,63.1855,0.84672,12.849,0.84672,3695.15,0,18.483,0,2.8159,1.58319,6.11994,1.01684,9.50218,0.42336,18.483,0.42336,0,0,442.007,0,1.02816,0,0,3.84406,2.8159,1.028160,1,0,73.6928,0,0,0,73.6928,0
72.29,2.14569,0,0,3.33222,0.159957,1.02658,3.6288,61.308,0.381051,0,0,1.72111,0.254886,1.08517,0.66528,12.849,1,0.38138,1.02658,0,66.8261,4.58997,62.8813,0.84672,12.849,0.84672,3695.15,0,18.483,0,2.00836,1.66514,5.67343,1.01684,8.33008,0.42336,18.483,0.42336,0,0,442.007,0,1.02816,0,0,3.03652,2.00836,1.028160,1,0,72.2966,0,0,0,72.2966,0
72.29,2.14569,0,0,2.82321,0.159957,0.517557,3.6288,61.308,0.381052,0,0,1.32526,0.254886,0.689317,0.66528,12.849,1,0.381381,0.517557,0,68.0504,4.58997,63.5966,0.84672,12.849,0.84672,3695.15,0,18.483,0,1.68743,1.66514,5.29338,1.01684,7.6291,0.42336,18.483,0.42336,0,0,442.007,0,1.02816,0,0,2.71559,1.68743,1.028160,1,0,71.915,0,0,0,71.915,0
72.2654,2.14569,0,0,2.59113,0.107188,0.36288,3.6288,61.308,0.381053,0,0,1.18192,0.258094,0.54277,0.66528,12.849,1,0.381381,0.36288,0,66.3595,5.10121,61.2398,0.84672,12.849,0.84672,3695.15,0,18.483,0,1.30353,1.66514,4.92922,1.20934,6.68854,0.42336,18.483,0.42336,0,0,442.007,0,1.02816,0,0,2.33169,1.30353,1.028160,1,0,68.4711,0,0,0,68.4711,0
72.2586,2.14547,0,0,2.59731,0.0957294,0.36288,3.6288,61.308,0.381054,0,0,1.04695,0.257204,0.408694,0.66528,12.849,1,0.381472,0.36288,0,49.8688,4.889,44.9612,0.84672,12.849,0.84672,3695.15,0,18.483,0,0.958133,1.66514,6.25327,1.1153,7.76124,0.42336,18.483,0.42336,0,0,442.007,0,1.02816,0,0,1.98629,0.958133,1.028160,1,0,53.1311,0,0,0,53.1311,0
72.2512,2.1262,0,0,2.5755,0.0938181,0.36288,3.6288,61.308,0.420782,0,0,1.0301,0.257055,0.352258,0.66528,12.849,1,0.37808,0.36288,0,44.5632,4.85362,39.6944,0.84672,12.849,0.84672,3695.15,0,18.483,0,1.04787,1.66514,6.82456,1.09963,8.43794,0.42336,18.483,0.42336,0,0,442.007,0,1.02816,0,0,2.07603,1.04787,1.028160,1,0,48.4846,0,0,0,48.4846,0
72.1383,2.12614,0,0,2.45084,0.074684,0.36288,3.6288,61.308,0.420783,0,0,1.00549,0.288144,0.296561,0.66528,12.849,1,0.378108,0.36288,0,42.2499,5.28797,36.9467,0.84672,12.849,0.84672,3695.15,0,18.483,0,0.971179,1.69067,6.5588,1.24663,7.97402,0.42336,18.483,0.42336,0,0,442.007,0,1.02816,0,0,1.99934,0.971179,1.028160,1,0,45.2172,0,0,0,45.2172,0
71.707,2.12513,0,0,2.11747,0.0607999,0.36288,3.6288,61.308,0.420784,0,0,0.947004,0.304763,0.221458,0.66528,12.849,1,0.37852,0.36288,0,39.0551,5.95272,33.0868,0.84672,12.849,0.84672,3695.15,0,18.483,0,0.90326,1.69068,6.61478,1.48262,7.7261,0.42336,18.483,0.42336,0,0,442.007,0,1.02816,0,0,1.93142,0.90326,1.028160,1,0,41.0343,0,0,0,41.0343,0
71.0798,2.12127,0,0,1.9225,0.0654968,0.36288,3.6288,61.308,0.420786,0,0,0.795509,0.304131,0.0705929,0.66528,12.849,1,0.380105,0.36288,0,33.0232,6.08841,26.9176,0.84672,12.849,0.84672,3695.15,0,18.483,0,0.668183,1.69068,5.45075,1.52498,6.28463,0.42336,18.483,0.42336,0,0,442.007,0,1.02816,0,0,1.69634,0.668183,1.028160,1,0,33.2728,0,0,0,33.2728,0
70.418,2.16497,0,0,1.93746,0.0714088,0.36288,3.6288,61.308,0.456192,0,0,0.798063,0.306861,0.0350101,0.66528,12.849,1,0.391358,0.36288,0,38.1059,6.08853,31.9888,0.84672,12.849,0.84672,3695.15,0,18.483,0,0.536579,1.69068,4.76057,1.51441,5.47342,0.42336,18.483,0.42336,0,0,442.007,0,1.02816,0,0,1.56474,0.536579,1.028160,1,0,37.4973,0,0,0,37.4973,0
69.6089,2.15876,0,0,1.78352,0.0710469,0.36288,3.6288,61.2215,0.456194,0,0,0.676573,0.306861,0,0.66528,12.849,1,0.393904,0.36288,0,31.3,6.08853,25.1804,0.84672,12.849,0.84672,3695.15,0,18.483,0,0.631463,1.73137,4.60304,1.51441,5.45146,0.42336,18.483,0.42336,0,0,442.007,0,1.02816,0,0,1.65962,0.631463,1.028160,1,0,30.6319,0,0,0,30.6319,0
68.6574,2.15107,0,0,1.63309,0.0706044,0.36288,3.6288,61.0853,0.456195,0,0,0.626651,0.306693,0,0.66528,12.849,1,0.397062,0.36288,0,29.7505,6.08853,23.6277,0.84672,12.849,0.84672,3695.15,0,18.483,0,0.390519,1.73137,4.04603,1.51441,4.6535,0.42336,18.483,0.42336,0,0,442.007,0,1.02816,0,0,1.41868,0.390519,1.028160,1,0,28.2812,0,0,0,28.2812,0
67.8176,2.14185,0,0,1.72548,0.0605526,0.36288,3.6288,61.0369,0.456196,0,0,0.719392,0.311601,0,0.66528,12.849,1,0.400841,0.36288,0,29.1782,6.23808,22.9022,0.84672,12.849,0.84672,3695.15,0,18.483,0,0.674266,1.73137,5.35239,1.54429,6.21373,0.42336,18.483,0.42336,0,0,442.007,0,1.02816,0,0,1.70243,0.674266,1.028160,1,0,29.1159,0,0,0,29.1159,0
67.273,2.27607,0,0,2.12244,0.0281238,0.36288,3.6288,60.8856,0.583994,0,0,0.76483,0.332117,0,0.66528,12.849,1,0.431233,0.36288,0,36.4483,6.26367,30.1162,0.84672,12.849,0.84672,3695.15,0,18.483,0,0.62653,1.73137,4.77388,1.5246,5.60718,0.42336,18.483,0.42336,0,0,442.007,0,1.02816,0,0,1.65469,0.62653,1.028160,1,0,35.7234,0,0,0,35.7234,0
66.4001,2.27026,0,0,1.79312,0.0329004,0.36288,3.6288,60.533,0.583995,0,0,0.562098,0.330729,0,0.66528,12.849,1,0.433615,0.36288,0,29.3636,6.23399,23.0588,0.84672,12.849,0.84672,3695.15,0,18.483,0,0.321572,1.86915,3.01793,1.52096,3.68769,0.42336,18.483,0.42336,0,0,442.007,0,1.02816,0,0,1.34973,0.321572,1.028160,1,0,26.7465,0,0,0,26.7465,0
64.974,2.26082,0,0,1.29512,0.0974335,0.36288,3.6288,60.1241,0.583996,0,0,0.483118,0.308011,0,0.66528,12.849,1,0.437489,0.36288,0,20.4683,6.04515,14.3486,0.84672,12.849,0.84672,3695.15,0,18.483,0,0.225564,1.86915,2.47334,1.45902,3.10903,0.42336,18.483,0.42336,0,0,442.007,0,1.02816,0,0,1.25372,0.225564,1.028160,1,0,17.4576,0,0,0,17.4576,0
63.4434,2.24503,0,0,1.18762,0.110401,0.36288,3.6288,59.7346,0.583997,0,0,0.49552,0.300997,0,0.66528,12.849,1,0.443967,0.36288,0,23.3173,6.04086,17.1953,0.84672,12.849,0.84672,3695.15,0,18.483,0,0.231898,1.86915,2.27647,1.44298,2.93453,0.42336,18.483,0.42336,0,0,442.007,0,1.02816,0,0,1.26006,0.231898,1.028160,1,0,20.1299,0,0,0,20.1299,0
63.0892,2.22754,0,0,2.33846,0.102169,0.36288,3.6288,59.9637,0.583998,0,0,1.10561,0.292489,0,0.66528,12.849,1,0.451138,0.36288,0,50.9014,5.57743,45.2357,0.84672,12.849,0.84672,3695.15,0,18.483,0,1.45364,1.86915,3.48699,1.37729,5.43249,0.42336,18.483,0.42336,0,0,442.007,0,1.02816,0,0,2.4818,1.45364,1.028160,1,0,50.6682,0,0,0,50.6682,0
62.6168,2.15558,0,0,2.14517,0.0991332,0.36288,3.6288,60.1676,0.506432,0,0,1.00011,0.289808,0,0.66528,12.849,1,0.439014,0.36288,0,50.0268,5.39207,44.5586,0.84672,12.849,0.84672,3695.15,0,18.483,0,1.28306,1.86915,3.14334,1.35101,4.94454,0.42336,18.483,0.42336,0,0,442.007,0,1.02816,0,0,2.31122,1.28306,1.028160,1,0,49.5031,0,0,0,49.5031,0
62.205,2.1502,0,0,2.19999,0.0987512,0.36288,3.6288,60.3277,0.506433,0,0,0.956707,0.290185,0,0.66528,12.849,1,0.441222,0.36288,0,53.3992,5.39207,47.9288,0.84672,12.849,0.84672,3695.15,0,18.483,0,1.23723,1.7902,3.77451,1.35101,5.45093,0.42336,18.483,0.42336,0,0,442.007,0,1.02816,0,0,2.26539,1.23723,1.028160,1,0,53.3797,0,0,0,53.3797,0
62.19,2.14546,0,0,2.59179,0.0984182,0.36288,3.6288,60.8365,0.506434,0,0,1.30571,0.290481,0,0.66528,12.849,1,0.443165,0.36288,0,53.5319,5.39207,48.0595,0.84672,12.849,0.84672,3695.15,0,18.483,0,1.76043,1.7902,4.81719,1.35101,7.0168,0.42336,18.483,0.42336,0,0,442.007,0,1.02816,0,0,2.78859,1.76043,1.028160,1,0,55.0763,0,0,0,55.0763,0
63.4392,2.14529,0,0,3.89118,0.133791,0.36288,3.6288,61.308,0.506435,0,0,1.40816,0.259971,0.17025,0.66528,12.849,1,0.443236,0.36288,0,83.2607,4.89282,78.2875,0.84672,12.849,0.84672,3695.15,0,18.483,0,1.96506,1.7902,9.27704,1.24767,11.7846,0.42336,18.483,0.42336,0,0,442.007,0,1.02816,0,0,2.99322,1.96506,1.028160,1,0,90.2424,0,0,0,90.2424,0
63.6557,2.10375,0,0,2.8547,0.171577,0.36288,3.6288,61.308,0.43583,0,0,0.936386,0.218867,0.281689,0.66528,12.849,1,0.426095,0.36288,0,55.4501,4.23276,51.1542,0.84672,12.849,0.84672,3695.15,0,18.483,0,1.42125,1.7902,5.88274,1.14191,7.95229,0.42336,18.483,0.42336,0,0,442.007,0,1.02816,0,0,2.44941,1.42125,1.028160,1,0,59.3881,0,0,0,59.3881,0
64.0301,2.10612,0,0,3.01533,0.171879,0.36288,3.6288,61.308,0.435831,0,0,1.778,0.218867,1.1233,0.66528,12.849,1,0.425124,0.36288,0,62.2884,4.23276,57.9934,0.84672,12.849,0.84672,3695.15,0,18.483,0,2.34933,1.72003,5.21657,1.14191,8.14403,0.42336,18.483,0.42336,0,0,442.007,0,1.02816,0,0,3.37749,2.34933,1.028160,1,0,67.2608,0,0,0,67.2608,0
63.8867,2.11019,0,0,2.51671,0.187044,0.36288,3.6288,61.308,0.435832,0,0,1.39688,0.223479,0.73757,0.66528,12.849,1,0.423455,0.36288,0,54.8554,3.87735,50.9175,0.84672,12.849,0.84672,3695.15,0,18.483,0,1.80181,1.72004,6.80991,1.06631,9.26544,0.42336,18.483,0.42336,0,0,442.007,0,1.02816,0,0,2.82997,1.80181,1.028160,1,0,60.9205,0,0,0,60.9205,0
66.1372,2.10864,0,0,4.92835,0.206327,0.36288,3.6288,61.308,0.435833,0,0,2.29243,0.229627,1.62697,0.66528,12.849,1,0.424093,0.36288,0,102.278,3.40347,98.813,0.84672,12.849,0.84672,3695.15,0,18.483,0,3.53561,1.72004,9.11083,0.965519,13.401,0.42336,18.483,0.42336,0,0,442.007,0,1.02816,0,0,4.56377,3.53561,1.028160,1,0,113.841,0,0,0,113.841,0
66.7995,1.97192,0,0,3.26983,0.27276,0.36288,3.6288,61.308,0.288781,0,0,1.14235,0.171145,0.682429,0.66528,12.849,1,0.3831,0.36288,0,44.0074,3.62386,40.3633,0.84672,12.849,0.84672,3695.15,0,18.483,0,0.970358,1.72004,4.58667,0.865886,6.41118,0.42336,18.483,0.42336,0,0,442.007,0,1.02816,0,0,1.99852,0.970358,1.028160,1,0,47.4569,0,0,0,47.4569,0
68.8963,1.97822,0,0,4.714,0.2761,0.36288,3.6288,61.308,0.288782,0,0,1.69472,0.195249,1.21069,0.66528,12.849,1,0.380515,0.36288,0,65.0162,3.98517,61.0134,0.84672,12.849,0.84672,3695.15,0,18.483,0,1.53989,1.56207,6.49968,1.00839,8.59325,0.42336,18.483,0.42336,0,0,442.007,0,1.02816,0,0,2.56805,1.53989,1.028160,1,0,70.8173,0,0,0,70.8173,0
71.0536,1.99764,0,0,4.78743,0.269622,0.36288,3.6288,61.308,0.288783,0,0,1.66126,0.229242,1.14323,0.66528,12.849,1,0.372554,0.36288,0,64.7572,4.14258,60.605,0.84672,12.849,0.84672,3695.15,0,18.483,0,1.14825,1.56207,6.72338,1.06409,8.36961,0.42336,18.483,0.42336,0,0,442.007,0,1.02816,0,0,2.17641,1.14825,1.028160,1,0,70.1178,0,0,0,70.1178,0
72.29,2.01678,0,0,6.05731,0.254463,2.54967,3.6288,61.308,0.288784,0,0,2.13948,0.200592,1.6501,0.66528,12.849,1,0.364705,2.54967,0,87.1508,3.35254,85.9832,0.84672,12.849,0.84672,3695.15,0,18.483,0,2.43229,1.56207,10.3687,0.806112,13.5569,0.42336,18.483,0.42336,0,0,442.007,0,1.02816,0,0,3.46045,2.43229,1.028160,1,0,101.19,0,0,0,101.19,0
72.29,2.02739,0,0,8.18165,0.275909,5.87835,3.6288,61.308,0.288785,0,0,4.0813,0.224293,3.56822,0.66528,12.849,1,0.360354,5.87835,0,147.833,4.05365,149.297,0.84672,12.849,0.84672,3695.15,0,18.483,0,3.13938,1.56207,12.9927,0.972331,16.7218,0.42336,18.483,0.42336,0,0,442.007,0,1.02816,0,0,4.16754,3.13938,1.028160,1,0,169.587,0,0,0,169.587,0
72.29,2.0909,0,0,4.84486,0.276984,2.47697,3.6288,61.308,0.331367,0,0,1.80997,0.218846,1.25976,0.66528,12.849,1,0.371642,2.47697,0,104.918,4.33455,102.689,0.84672,12.849,0.84672,3695.15,0,18.483,0,1.50606,1.56208,8.0511,0.920482,10.1988,0.42336,18.483,0.42336,0,0,442.007,0,1.02816,0,0,2.53422,1.50606,1.028160,1,0,114.147,0,0,0,114.147,0
72.29,2.0909,0,0,4.51409,0.267084,2.15611,3.6288,61.308,0.331361,0,0,1.14146,0.201428,0.608676,0.66528,12.849,1,0.371641,2.15611,0,99.0464,4.15086,96.68,0.84672,12.849,0.84672,3695.15,0,18.483,0,1.30844,1.61204,6.62636,0.788098,8.75874,0.42336,18.483,0.42336,0,0,442.007,0,1.02816,0,0,2.3366,1.30844,1.028160,1,0,106.047,0,0,0,106.047,0
72.29,2.09089,0,0,3.7859,0.267084,1.42793,3.6288,61.308,0.331356,0,0,0.974307,0.201428,0.441523,0.66528,12.849,1,0.371639,1.42793,0,82.2718,4.15086,79.1772,0.84672,12.849,0.84672,3695.15,0,18.483,0,0.978808,1.61203,5.992,0.788098,7.79474,0.42336,18.483,0.42336,0,0,442.007,0,1.02816,0,0,2.00697,0.978808,1.028160,1,0,87.4135,0,0,0,87.4135,0
72.29,2.09088,0,0,3.37579,0.265066,1.01985,3.6288,61.308,0.33135,0,0,1.02692,0.199644,0.495921,0.66528,12.849,1,0.371638,1.01985,0,73.3842,4.0288,70.0036,0.84672,12.849,0.84672,3695.15,0,18.483,0,0.894612,1.61202,6.04035,0.796233,7.75075,0.42336,18.483,0.42336,0,0,442.007,0,1.02816,0,0,1.92277,0.894612,1.028160,1,0,78.2503,0,0,0,78.2503,0
71.7145,2.29481,0,0,2.35689,0.274667,0.36288,3.6288,61.308,0.491193,0,0,1.25208,0.191541,0.569349,0.66528,12.849,1,0.407885,0.36288,0,52.9705,3.75994,49.1656,0.84672,12.849,0.84672,3695.15,0,18.483,0,0.666887,1.61202,5.99298,1.03111,7.24078,0.42336,18.483,0.42336,0,0,442.007,0,1.02816,0,0,1.69505,0.666887,1.028160,1,0,56.9757,0,0,0,56.9757,0
71.7982,2.28925,0,0,3.00923,0.273468,0.36288,3.6288,61.308,0.491187,0,0,1.32921,0.191541,0.646484,0.66528,12.849,1,0.410161,0.36288,0,76.0112,3.75994,72.204,0.84672,12.849,0.84672,3695.15,0,18.483,0,0.867171,1.79029,6.6903,1.03111,8.31665,0.42336,18.483,0.42336,0,0,442.007,0,1.02816,0,0,1.89533,0.867171,1.028160,1,0,81.1671,0,0,0,81.1671,0
71.9797,2.29005,0,0,3.10808,0.273642,0.36288,3.6288,61.308,0.491181,0,0,1.40739,0.191541,0.724665,0.66528,12.849,1,0.409827,0.36288,0,82.5742,3.75994,78.7673,0.84672,12.849,0.84672,3695.15,0,18.483,0,0.981297,1.79028,7.14113,1.03111,8.88161,0.42336,18.483,0.42336,0,0,442.007,0,1.02816,0,0,2.00946,0.981297,1.028160,1,0,88.3736,0,0,0,88.3736,0
72.2129,2.29179,0,0,3.15878,0.270913,0.36288,3.6288,61.308,0.491175,0,0,1.37254,0.185581,0.695781,0.66528,12.849,1,0.409105,0.36288,0,75.4211,3.74901,71.6258,0.84672,12.849,0.84672,3695.15,0,18.483,0,0.729181,1.79028,7.98276,1.06332,9.4389,0.42336,18.483,0.42336,0,0,442.007,0,1.02816,0,0,1.75734,0.729181,1.028160,1,0,81.7605,0,0,0,81.7605,0
72.29,2.00325,0,0,5.24298,0.283896,2.8787,3.6288,61.308,0.276653,0,0,0.808497,0.207534,0.32431,0.66528,12.849,1,0.356442,2.8787,0,143.84,3.92145,142.44,0.84672,12.849,0.84672,3695.15,0,18.483,0,0.979309,1.79027,10.6438,1.1693,12.2441,0.42336,18.483,0.42336,0,0,442.007,0,1.02816,0,0,2.00747,0.979309,1.028160,1,0,155.009,0,0,0,155.009,0
72.29,2.00389,0,0,5.1318,0.302163,2.82575,3.6288,61.308,0.276648,0,0,2.00241,0.165977,1.55979,0.66528,12.849,1,0.356176,2.82575,0,201.156,3.1731,200.452,0.84672,12.849,0.84672,3695.15,0,18.483,0,2.00713,1.54639,14.421,0.926312,17.0482,0.42336,18.483,0.42336,0,0,442.007,0,1.02816,0,0,3.03529,2.00713,1.028160,1,0,219.06,0,0,0,219.06,0
72.29,2.00388,0,0,4.93371,0.302163,2.62767,3.6288,61.308,0.276643,0,0,0.916782,0.165977,0.474163,0.66528,12.849,1,0.356174,2.62767,0,156.84,3.1731,155.939,0.84672,12.849,0.84672,3695.15,0,18.483,0,1.27973,1.54638,10.932,0.926312,12.8318,0.42336,18.483,0.42336,0,0,442.007,0,1.02816,0,0,2.30789,1.27973,1.028160,1,0,169.245,0,0,0,169.245,0
72.29,2.00387,0,0,7.38993,0.302163,5.0839,3.6288,61.308,0.276637,0,0,2.61282,0.165977,2.17021,0.66528,12.849,1,0.356173,5.0839,0,169.18,3.1731,170.734,0.84672,12.849,0.84672,3695.15,0,18.483,0,3.61473,1.54638,16.4655,0.926312,20.7003,0.42336,18.483,0.42336,0,0,442.007,0,1.02816,0,0,4.64289,3.61473,1.028160,1,0,193.605,0,0,0,193.605,0
72.29,2.00386,0,0,6.3732,0.316985,4.05235,3.6288,61.308,0.276632,0,0,1.91339,0.177106,1.45965,0.66528,12.849,1,0.356171,4.05235,0,112.092,3.24352,112.545,0.84672,12.849,0.84672,3695.15,0,18.483,0,2.39661,1.54637,13.2786,0.925482,16.2961,0.42336,18.483,0.42336,0,0,442.007,0,1.02816,0,0,3.42477,2.39661,1.028160,1,0,130.3,0,0,0,130.3,0
72.29,2.07707,0,0,3.3725,0.317153,0.978279,3.6288,61.308,0.329104,0,0,1.14137,0.187565,0.624701,0.66528,12.849,1,0.369184,0.978279,0,104.344,3.56286,101.391,0.84672,12.849,0.84672,3695.15,0,18.483,0,1.50691,1.54637,8.47299,0.937607,10.5887,0.42336,18.483,0.42336,0,0,442.007,0,1.02816,0,0,2.53507,1.50691,1.028160,1,0,112.604,0,0,0,112.604,0
72.29,2.07706,0,0,3.41183,0.31407,1.0207,3.6288,61.308,0.329099,0,0,1.35311,0.204224,0.819788,0.66528,12.849,1,0.369182,1.0207,0,104.787,3.93309,101.505,0.84672,12.849,0.84672,3695.15,0,18.483,0,1.70015,1.60657,8.58159,1.03853,10.8498,0.42336,18.483,0.42336,0,0,442.007,0,1.02816,0,0,2.72831,1.70015,1.028160,1,0,113.175,0,0,0,113.175,0
72.29,2.07705,0,0,4.1506,0.31407,1.75948,3.6288,61.308,0.329093,0,0,1.65111,0.204224,1.1178,0.66528,12.849,1,0.369181,1.75948,0,97.9715,3.93309,95.4288,0.84672,12.849,0.84672,3695.15,0,18.483,0,2.14404,1.60656,7.83363,1.03853,10.5457,0.42336,18.483,0.42336,0,0,442.007,0,1.02816,0,0,3.1722,2.14404,1.028160,1,0,107.092,0,0,0,107.092,0
72.29,2.07705,0,0,4.07182,0.294844,1.69993,3.6288,61.308,0.329087,0,0,1.6833,0.209207,1.145,0.66528,12.849,1,0.369179,1.69993,0,101.549,4.09239,98.7877,0.84672,12.849,0.84672,3695.15,0,18.483,0,2.15203,1.60656,12.3642,1.02189,15.1009,0.42336,18.483,0.42336,0,0,442.007,0,1.02816,0,0,3.18019,2.15203,1.028160,1,0,115.034,0,0,0,115.034,0
72.29,2.04841,0,0,3.71799,0.26921,1.40037,3.6288,61.308,0.308701,0,0,2.1728,0.215852,1.64824,0.66528,12.849,1,0.364089,1.40037,0,84.659,4.30479,81.3905,0.84672,12.849,0.84672,3695.15,0,18.483,0,1.81322,1.60655,9.49778,0.999699,11.9179,0.42336,18.483,0.42336,0,0,442.007,0,1.02816,0,0,2.84138,1.81322,1.028160,1,0,94.9566,0,0,0,94.9566,0
72.29,2.0484,0,0,2.955,0.26921,0.637389,3.6288,61.308,0.308695,0,0,1.18801,0.215852,0.663462,0.66528,12.849,1,0.364088,0.637389,0,96.5278,4.30479,92.4963,0.84672,12.849,0.84672,3695.15,0,18.483,0,0.945363,1.58311,6.33983,0.999699,7.86861,0.42336,18.483,0.42336,0,0,442.007,0,1.02816,0,0,1.97352,0.945363,1.028160,1,0,101.028,0,0,0,101.028,0
72.2388,2.04839,0,0,2.62929,0.26921,0.36288,3.6288,61.308,0.30869,0,0,0.968147,0.215852,0.443605,0.66528,12.849,1,0.364086,0.36288,0,65.756,4.30479,61.45,0.84672,12.849,0.84672,3695.15,0,18.483,0,0.889626,1.5831,6.03569,0.999699,7.50872,0.42336,18.483,0.42336,0,0,442.007,0,1.02816,0,0,1.91779,0.889626,1.028160,1,0,69.4023,0,0,0,69.4023,0
71.9984,2.04795,0,0,2.43948,0.269106,0.36288,3.6288,61.308,0.308684,0,0,0.865028,0.215852,0.340492,0.66528,12.849,1,0.364265,0.36288,0,53.3428,4.30479,49.0367,0.84672,12.849,0.84672,3695.15,0,18.483,0,0.552519,1.5831,5.3362,0.999699,6.47212,0.42336,18.483,0.42336,0,0,442.007,0,1.02816,0,0,1.58068,0.552519,1.028160,1,0,55.8493,0,0,0,55.8493,0
71.8458,2.14292,0,0,2.54322,0.189934,0.36288,3.6288,61.308,0.380955,0,0,1.18205,0.25668,0.544412,0.66528,12.849,1,0.382431,0.36288,0,50.8027,4.79721,45.9859,0.84672,12.849,0.84672,3695.15,0,18.483,0,0.775682,1.58309,5.3474,1.08653,6.61964,0.42336,18.483,0.42336,0,0,442.007,0,1.02816,0,0,1.80384,0.775682,1.028160,1,0,53.15,0,0,0,53.15,0
71.5889,2.14153,0,0,2.42583,0.178334,0.36288,3.6288,61.308,0.38095,0,0,1.11544,0.260188,0.474303,0.66528,12.849,1,0.382995,0.36288,0,46.3712,4.85688,41.4942,0.84672,12.849,0.84672,3695.15,0,18.483,0,0.666498,1.66503,5.16946,1.11188,6.3891,0.42336,18.483,0.42336,0,0,442.007,0,1.02816,0,0,1.69466,0.666498,1.028160,1,0,48.3576,0,0,0,48.3576,0
71.2527,2.13919,0,0,2.34381,0.177986,0.36288,3.6288,61.308,0.380944,0,0,1.13782,0.260188,0.496686,0.66528,12.849,1,0.383949,0.36288,0,44.2118,4.85688,39.3339,0.84672,12.849,0.84672,3695.15,0,18.483,0,0.8511,1.66502,4.94459,1.11188,6.34883,0.42336,18.483,0.42336,0,0,442.007,0,1.02816,0,0,1.87926,0.8511,1.028160,1,0,46.1794,0,0,0,46.1794,0
70.703,2.13612,0,0,2.15126,0.201921,0.36288,3.6288,61.308,0.380938,0,0,1.06656,0.253604,0.432022,0.66528,12.849,1,0.385206,0.36288,0,41.5703,4.43381,37.1142,0.84672,12.849,0.84672,3695.15,0,18.483,0,0.767197,1.66501,4.50922,1.12821,5.81323,0.42336,18.483,0.42336,0,0,442.007,0,1.02816,0,0,1.79536,0.767197,1.028160,1,0,43.3594,0,0,0,43.3594,0
70.1558,2.13105,0,0,2.09561,0.148901,0.36288,3.6288,61.308,0.380933,0,0,0.913274,0.265512,0.266829,0.66528,12.849,1,0.38728,0.36288,0,38.1733,4.98345,33.1655,0.84672,12.849,0.84672,3695.15,0,18.483,0,0.510408,1.66501,4.88532,1.27742,5.78331,0.42336,18.483,0.42336,0,0,442.007,0,1.02816,0,0,1.53857,0.510408,1.028160,1,0,39.2156,0,0,0,39.2156,0
69.6038,2.10691,0,0,2.04138,0.123625,0.36288,3.6288,61.308,0.42065,0,0,0.822882,0.271329,0.130903,0.66528,12.849,1,0.385879,0.36288,0,37.721,5.271,32.427,0.84672,12.849,0.84672,3695.15,0,18.483,0,0.304301,1.665,5.16304,1.33449,5.79785,0.42336,18.483,0.42336,0,0,442.007,0,1.02816,0,0,1.33246,0.304301,1.028160,1,0,38.3558,0,0,0,38.3558,0
68.892,2.10175,0,0,1.87599,0.123098,0.36288,3.6288,61.308,0.420644,0,0,0.799243,0.271329,0.10727,0.66528,12.849,1,0.387988,0.36288,0,37.1253,5.271,31.8292,0.84672,12.849,0.84672,3695.15,0,18.483,0,0.304862,1.69052,5.20628,1.33449,5.86718,0.42336,18.483,0.42336,0,0,442.007,0,1.02816,0,0,1.33302,0.304862,1.028160,1,0,37.8036,0,0,0,37.8036,0
68.0193,2.09502,0,0,1.70759,0.12242,0.36288,3.6288,61.2291,0.555103,0,0,0.747533,0.271329,0,0.66528,12.849,1,0.390741,0.36288,0,35.6403,5.271,30.3414,0.84672,12.849,0.84672,3695.15,0,18.483,0,0.261274,1.69051,4.89083,1.33449,5.50813,0.42336,18.483,0.42336,0,0,442.007,0,0.893696,0,0,1.15497,0.261274,1.028160,1,0,35.8495,0,0,0,35.8495,0
67.0229,2.08665,0,0,1.56358,0.110398,0.36288,3.6288,60.9684,0.62833,0,0,0.659769,0.292104,0,0.66528,12.849,1,0.394172,0.36288,0,29.9477,5.57022,24.3462,0.84672,12.849,0.84672,3695.15,0,18.483,0,0.261274,1.69051,4.33876,1.40681,4.88373,0.42336,18.483,0.42336,0,0,442.007,0,0.820463,0,0,1.08174,0.261274,1.028160,1,0,29.2299,0,0,0,29.2299,0
66.1423,2.12537,0,0,1.70538,0.0977755,0.36288,3.6288,60.787,0.575822,0,0,0.699913,0.305502,0,0.66528,12.849,1,0.407456,0.36288,0,32.6893,5.82424,26.8204,0.84672,12.849,0.84672,3695.15,0,18.483,0,0.261274,1.6905,4.00124,1.40728,4.54573,0.42336,18.483,0.42336,0,0,442.007,0,0.908366,0,0,1.16964,0.261274,1.028160,1,0,31.3662,0,0,0,31.3662,0
65.1538,2.11639,0,0,1.58791,0.097095,0.36288,3.6288,60.608,0.481122,0,0,0.607221,0.305151,0,0.66528,12.849,1,0.411136,0.36288,0,27.6788,5.82424,21.8063,0.84672,12.849,0.84672,3695.15,0,18.483,0,0.261274,1.73117,4.03812,1.40728,4.62329,0.42336,18.483,0.42336,0,0,442.007,0,1.00306,0,0,1.26433,0.261274,1.028160,1,0,26.4296,0,0,0,26.4296,0
64.0566,2.10611,0,0,1.46813,0.0963311,0.36288,3.6288,60.2652,0.601125,0,0,0.563105,0.304804,0,0.66528,12.849,1,0.415346,0.36288,0,26.5416,5.82424,20.6649,0.84672,12.849,0.84672,3695.15,0,18.483,0,0.227405,1.73117,3.51112,1.40728,4.06242,0.42336,18.483,0.42336,0,0,442.007,0,0.883051,0,0,1.11046,0.227405,1.028160,1,0,24.7273,0,0,0,24.7273,0
63.0092,2.09445,0,0,1.50074,0.0908889,0.36288,3.6288,60.1278,0.456011,0,0,0.625355,0.306713,0,0.66528,12.849,1,0.420121,0.36288,0,25.2437,5.89902,19.2874,0.84672,12.849,0.84672,3695.15,0,18.483,0,0.232148,1.73116,4.34298,1.42222,4.88407,0.42336,18.483,0.42336,0,0,442.007,0,1.02816,0,0,1.26031,0.232148,1.028160,1,0,24.1715,0,0,0,24.1715,0
61.5193,2.22218,0,0,1.20237,0.107146,0.36288,3.6288,59.4417,0.911267,0,0,0.527492,0.302294,0,0.66528,12.849,1,0.453154,0.36288,0,21.2882,5.86356,15.3343,0.84672,12.849,0.84672,3695.15,0,18.483,0,0.227405,1.73115,3.40642,1.42874,3.93624,0.42336,18.483,0.42336,0,0,442.007,0,0.700678,0,0,0.928083,0.227405,1.028160,1,0,19.2706,0,0,0,19.2706,0
59.8474,2.20445,0,0,1.00857,0.113147,0.36288,3.6288,58.5744,1.02202,0,0,0.452403,0.297725,0,0.66528,12.849,1,0.460423,0.36288,0,18.3775,5.78287,12.497,0.84672,12.849,0.84672,3695.15,0,18.483,0,0.227405,1.8689,3.01247,1.41489,3.6939,0.42336,18.483,0.42336,0,0,442.007,0,0.589922,0,0,0.817327,0.227405,1.028160,1,0,16.1909,0,0,0,16.1909,0
58.2847,2.18385,0,0,1.09549,0.111522,0.36288,3.6288,57.7431,0.992953,0,0,0.45777,0.296073,0,0.66528,12.849,1,0.468864,0.36288,0,17.5638,5.78287,11.675,0.84672,12.849,0.84672,3695.15,0,18.483,0,0.204422,1.8689,3.1997,1.41489,3.85814,0.42336,18.483,0.42336,0,0,442.007,0,0.618978,0,0,0.823401,0.204422,1.028160,1,0,15.5331,0,0,0,15.5331,0
57.3265,2.1639,0,0,1.69206,0.123468,0.36288,3.6288,57.1731,0.829314,0,0,0.550618,0.291344,0,0.66528,12.849,1,0.477038,0.36288,0,28.3683,5.69382,22.5603,0.84672,12.849,0.84672,3695.15,0,18.483,0,0.204422,1.86889,3.38151,1.40396,4.05085,0.42336,18.483,0.42336,0,0,442.007,0,0.782611,0,0,0.987034,0.204422,1.028160,1,0,26.6112,0,0,0,26.6112,0
57.0383,2.15132,0,0,2.35657,0.130588,0.36288,3.6288,56.882,0.829212,0,0,0.793611,0.255486,0,0.66528,12.849,1,0.482192,0.36288,0,24.5506,5.05251,19.3787,0.84672,12.849,0.84672,3695.15,0,18.483,0,0.204422,1.86888,3.89973,1.32998,4.64306,0.42336,18.483,0.42336,0,0,442.007,0,0.782706,0,0,0.987129,0.204422,1.028160,1,0,24.0218,0,0,0,24.0218,0
56.3134,2.08196,0,0,1.84672,0.126748,0.36288,3.6288,57.3346,0.506196,0,0,1.19252,0.233682,0,0.66528,12.849,1,0.469002,0.36288,0,20.6717,4.59375,15.9718,0.84672,12.849,0.84672,3695.15,0,18.483,0,0.675527,1.86887,4.12272,1.28632,5.38081,0.42336,18.483,0.42336,0,0,442.007,0,1.02816,0,0,1.70369,0.675527,1.028160,1,0,21.3527,0,0,0,21.3527,0
55.3181,2.07249,0,0,1.5659,0.125844,0.36288,3.6288,56.8973,0.850416,0,0,0.647438,0.23437,0,0.66528,12.849,1,0.472879,0.36288,0,20.6427,4.59375,15.9389,0.84672,12.849,0.84672,3695.15,0,18.483,0,0.216518,1.78992,3.04937,1.28632,3.76949,0.42336,18.483,0.42336,0,0,442.007,0,0.683934,0,0,0.900452,0.216518,1.028160,1,0,19.7084,0,0,0,19.7084,0
54.5781,2.05924,0,0,1.84073,0.15859,0.36288,3.6288,56.5232,0.827652,0,0,0.657783,0.204228,0,0.66528,12.849,1,0.478309,0.36288,0,20.7934,4.17849,16.4995,0.84672,12.849,0.84672,3695.15,0,18.483,0,0.216518,1.78991,3.18451,1.15652,4.03443,0.42336,18.483,0.42336,0,0,442.007,0,0.706692,0,0,0.92321,0.216518,1.028160,1,0,20.5339,0,0,0,20.5339,0
56.5796,2.04918,0,0,4.65451,0.240925,0.36288,3.6288,57.3762,0.506177,0,0,1.50234,0.143185,0,0.66528,12.849,1,0.482427,0.36288,0,61.3507,3.32669,57.9044,0.84672,12.849,0.84672,3695.15,0,18.483,0,0.425857,1.78991,8.40386,0.86384,9.75578,0.42336,18.483,0.42336,0,0,442.007,0,1.02816,0,0,1.45402,0.425857,1.028160,1,0,67.6602,0,0,0,67.6602,0
55.5917,2.02233,0,0,1.63796,0.24071,0.36288,3.6288,57.5208,0.45859,0,0,0.825465,0.222212,0,0.66528,12.849,1,0.459263,0.36288,0,31.1849,4.44476,26.6437,0.84672,12.849,0.84672,3695.15,0,18.483,0,0.216518,1.7899,4.89457,1.05469,5.8463,0.42336,18.483,0.42336,0,0,442.007,0,1.00515,0,0,1.22166,0.216518,1.028160,1,0,32.49,0,0,0,32.49,0
55.3231,2.00959,0,0,2.34232,0.238359,0.36288,3.6288,57.4857,0.587669,0,0,0.77499,0.22242,0,0.66528,12.849,1,0.464481,0.36288,0,38.6627,4.44476,34.1163,0.84672,12.849,0.84672,3695.15,0,18.483,0,0.216518,1.71974,5.604,1.05469,6.48556,0.42336,18.483,0.42336,0,0,442.007,0,0.876061,0,0,1.09258,0.216518,1.028160,1,0,40.6019,0,0,0,40.6019,0
58.856,2.00608,0,0,6.13955,0.23772,0.36288,3.6288,59.1458,0.435564,0,0,2.31797,0.22237,0,0.66528,12.849,1,0.465918,0.36288,0,85.9167,4.44476,81.3689,0.84672,12.849,0.84672,3695.15,0,18.483,0,2.72538,1.71973,11.335,1.05469,14.7254,0.42336,18.483,0.42336,0,0,442.007,0,1.02816,0,0,3.75354,2.72538,1.028160,1,0,96.0943,0,0,0,96.0943,0
60.4304,2.05057,0,0,4.2465,0.258636,0.36288,3.6288,60.0556,0.435559,0,0,1.5747,0.229324,0,0.66528,12.849,1,0.447665,0.36288,0,64.6968,4.32193,60.29,0.84672,12.849,0.84672,3695.15,0,18.483,0,1.52822,1.71972,6.59612,1.01227,8.83179,0.42336,18.483,0.42336,0,0,442.007,0,1.02816,0,0,2.55638,1.52822,1.028160,1,0,69.1218,0,0,0,69.1218,0
65.9736,1.91345,0,0,8.10346,0.283981,0.36288,3.6288,61.308,0.288527,0,0,2.76496,0.17854,1.04548,0.66528,12.849,1,0.406847,0.36288,0,100.349,3.99499,96.3096,0.84672,12.849,0.84672,3695.15,0,18.483,0,1.11773,1.71972,9.42235,0.906672,11.3531,0.42336,18.483,0.42336,0,0,442.007,0,1.02816,0,0,2.14589,1.11773,1.028160,1,0,108.708,0,0,0,108.708,0
71.6578,1.96996,0,0,8.31237,0.295311,0.36288,3.6288,61.308,0.288522,0,0,3.81964,0.169281,3.36184,0.66528,12.849,1,0.383669,0.36288,0,130.555,3.99168,126.542,0.84672,12.849,0.84672,3695.15,0,18.483,0,1.65322,1.56177,11.6851,0.90675,13.9933,0.42336,18.483,0.42336,0,0,442.007,0,1.02816,0,0,2.68138,1.65322,1.028160,1,0,143.897,0,0,0,143.897,0
72.29,2.02159,0,0,6.35729,0.310006,3.3935,3.6288,61.308,0.288517,0,0,3.19233,0.185351,2.71847,0.66528,12.849,1,0.362492,3.3935,0,127.799,4.23255,126.598,0.84672,12.849,0.84672,3695.15,0,18.483,0,1.31316,1.56176,10.6958,1.00175,12.569,0.42336,18.483,0.42336,0,0,442.007,0,1.02816,0,0,2.34132,1.31316,1.028160,1,0,141.885,0,0,0,141.885,0
72.29,2.02697,0,0,7.99589,0.297088,5.67183,3.6288,61.308,0.288511,0,0,3.54289,0.236934,3.01745,0.66528,12.849,1,0.360279,5.67183,0,109.44,4.80028,109.952,0.84672,12.849,0.84672,3695.15,0,18.483,0,1.46245,1.56176,11.0588,1.36932,12.7137,0.42336,18.483,0.42336,0,0,442.007,0,1.02816,0,0,2.49061,1.46245,1.028160,1,0,125.683,0,0,0,125.683,0
72.29,2.02696,0,0,6.29528,0.304204,3.96411,3.6288,61.308,0.288506,0,0,3.04555,0.205725,2.55132,0.66528,12.849,1,0.360277,3.96411,0,114.241,4.22165,113.623,0.84672,12.849,0.84672,3695.15,0,18.483,0,1.41833,1.56175,11.1901,1.24267,12.9275,0.42336,18.483,0.42336,0,0,442.007,0,1.02816,0,0,2.44649,1.41833,1.028160,1,0,129.102,0,0,0,129.102,0
72.29,2.09045,0,0,3.36309,0.342444,0.930189,3.6288,61.308,0.331073,0,0,1.97305,0.114468,1.52751,0.66528,12.849,1,0.371562,0.930189,0,73.8839,2.93528,71.5073,0.84672,12.849,0.84672,3695.15,0,18.483,0,1.41831,1.56175,13.0925,0.663251,15.4093,0.42336,18.483,0.42336,0,0,442.007,0,1.02816,0,0,2.44647,1.41831,1.028160,1,0,88.4441,0,0,0,88.4441,0
72.29,2.09043,0,0,2.99738,0.342444,0.564502,3.6288,61.308,0.331061,0,0,1.96114,0.114468,1.51561,0.66528,12.849,1,0.371559,0.564502,0,65.0239,2.93528,62.2815,0.84672,12.849,0.84672,3695.15,0,18.483,0,1.44788,1.61169,11.0815,0.663251,13.4778,0.42336,18.483,0.42336,0,0,442.007,0,1.02816,0,0,2.47604,1.44788,1.028160,1,0,77.275,0,0,0,77.275,0
72.29,2.09042,0,0,2.87048,0.342444,0.437625,3.6288,61.308,0.331049,0,0,1.70011,0.114468,1.25459,0.66528,12.849,1,0.371556,0.437625,0,47.8564,2.93528,44.9871,0.84672,12.849,0.84672,3695.15,0,18.483,0,1.05783,1.61167,10.0665,0.663251,12.0727,0.42336,18.483,0.42336,0,0,442.007,0,1.02816,0,0,2.08599,1.05783,1.028160,1,0,58.3145,0,0,0,58.3145,0
72.29,2.0904,0,0,3.62412,0.363323,1.1704,3.6288,61.308,0.331037,0,0,1.98257,0.104561,1.54697,0.66528,12.849,1,0.371552,1.1704,0,79.9658,3.08251,77.6821,0.84672,12.849,0.84672,3695.15,0,18.483,0,1.42075,1.61166,12.1933,0.630724,14.595,0.42336,18.483,0.42336,0,0,442.007,0,1.02816,0,0,2.44891,1.42075,1.028160,1,0,93.8241,0,0,0,93.8241,0
71.2225,2.29427,0,0,1.93379,0.344114,0.36288,3.6288,61.308,0.490836,0,0,1.18957,0.151146,0.547591,0.66528,12.849,1,0.407789,0.36288,0,34.3428,3.27789,31.02,0.84672,12.849,0.84672,3695.15,0,18.483,0,0.633528,1.61164,4.52004,0.863576,5.90164,0.42336,18.483,0.42336,0,0,442.007,0,1.02816,0,0,1.66169,0.633528,1.028160,1,0,37.4692,0,0,0,37.4692,0
70.7324,2.2839,0,0,2.49796,0.341327,0.36288,3.6288,61.308,0.490822,0,0,1.17012,0.151146,0.528147,0.66528,12.849,1,0.41203,0.36288,0,50.3095,3.27789,46.9825,0.84672,12.849,0.84672,3695.15,0,18.483,0,0.758151,1.78987,4.98358,0.863576,6.66802,0.42336,18.483,0.42336,0,0,442.007,0,1.02816,0,0,1.78631,0.758151,1.028160,1,0,54.1786,0,0,0,54.1786,0
69.784,2.27905,0,0,2.03355,0.340047,0.36288,3.6288,61.308,0.534726,0,0,1.1957,0.151146,0.509826,0.66528,12.849,1,0.414005,0.36288,0,34.5913,3.27789,31.2623,0.84672,12.849,0.84672,3695.15,0,18.483,0,0.503194,1.78985,4.53877,0.863576,5.96824,0.42336,18.483,0.42336,0,0,442.007,0,0.984243,0,0,1.48744,0.503194,1.028160,1,0,37.7403,0,0,0,37.7403,0
70.2961,2.26956,0,0,3.45515,0.310567,0.36288,3.6288,61.308,0.490795,0,0,1.86395,0.177155,1.196,0.66528,12.849,1,0.417884,0.36288,0,73.5554,4.32717,69.1733,0.84672,12.849,0.84672,3695.15,0,18.483,0,0.995492,1.78984,10.7952,1.07104,12.5095,0.42336,18.483,0.42336,0,0,442.007,0,1.02816,0,0,2.02365,0.995492,1.028160,1,0,82.8787,0,0,0,82.8787,0
72.29,1.98635,0,0,6.19147,0.342569,1.86865,3.6288,61.308,0.276321,0,0,5.62979,0.183994,5.16947,0.66528,12.849,1,0.363073,1.86865,0,125.22,3.15746,123.568,0.84672,12.849,0.84672,3695.15,0,18.483,0,3.99559,1.78982,15.7087,0.935876,20.5583,0.42336,18.483,0.42336,0,0,442.007,0,1.02816,0,0,5.02375,3.99559,1.028160,1,0,149.295,0,0,0,149.295,0
72.29,2.00337,0,0,6.55762,0.347831,4.20642,3.6288,61.308,0.27631,0,0,5.72257,0.183994,5.26226,0.66528,12.849,1,0.356083,4.20642,0,129.677,3.15746,130.37,0.84672,12.849,0.84672,3695.15,0,18.483,0,3.44578,1.546,16.5065,0.935876,20.5624,0.42336,18.483,0.42336,0,0,442.007,0,1.02816,0,0,4.47394,3.44578,1.028160,1,0,156.194,0,0,0,156.194,0
72.29,2.00335,0,0,7.35091,0.33949,5.00807,3.6288,61.308,0.276298,0,0,7.04519,0.19577,6.57312,0.66528,12.849,1,0.35608,5.00807,0,126.811,3.49433,127.969,0.84672,12.849,0.84672,3695.15,0,18.483,0,4.00888,1.54598,17.5887,0.98403,22.1595,0.42336,18.483,0.42336,0,0,442.007,0,1.02816,0,0,5.03704,4.00888,1.028160,1,0,156.701,0,0,0,156.701,0
72.29,2.00333,0,0,6.34697,0.318639,4.025,3.6288,61.308,0.276286,0,0,4.63355,0.225209,4.13206,0.66528,12.849,1,0.356077,4.025,0,80.5689,4.3365,79.9013,0.84672,12.849,0.84672,3695.15,0,18.483,0,3.07699,1.54597,12.6339,1.10441,16.1525,0.42336,18.483,0.42336,0,0,442.007,0,1.02816,0,0,4.10515,3.07699,1.028160,1,0,100.186,0,0,0,100.186,0
72.29,2.00331,0,0,4.42604,0.323415,2.09931,3.6288,61.308,0.276275,0,0,3.57819,0.219923,3.08199,0.66528,12.849,1,0.356074,2.09931,0,91.457,4.1625,89.0377,0.84672,12.849,0.84672,3695.15,0,18.483,0,2.78374,1.54596,10.6192,1.08634,13.8625,0.42336,18.483,0.42336,0,0,442.007,0,1.02816,0,0,3.8119,2.78374,1.028160,1,0,105.982,0,0,0,105.982,0
72.29,2.07649,0,0,4.09397,0.326996,1.69048,3.6288,61.308,0.328726,0,0,3.84699,0.215959,3.30231,0.66528,12.849,1,0.369081,1.69048,0,86.6125,4.032,83.9019,0.84672,12.849,0.84672,3695.15,0,18.483,0,3.93497,1.54594,11.8757,1.07279,16.2838,0.42336,18.483,0.42336,0,0,442.007,0,1.02816,0,0,4.96313,3.93497,1.028160,1,0,103.488,0,0,0,103.488,0
72.29,2.07647,0,0,7.14293,0.326996,4.73946,3.6288,61.308,0.328714,0,0,6.71874,0.215959,6.17407,0.66528,12.849,1,0.369078,4.73946,0,140.29,4.032,140.629,0.84672,12.849,0.84672,3695.15,0,18.483,0,6.20585,1.60612,15.5441,1.07279,22.2832,0.42336,18.483,0.42336,0,0,442.007,0,1.02816,0,0,7.23401,6.20585,1.028160,1,0,169.086,0,0,0,169.086,0
72.29,2.07646,0,0,4.95235,0.303323,2.57257,3.6288,61.308,0.328702,0,0,5.3987,0.233122,4.83688,0.66528,12.849,1,0.369074,2.57257,0,94.1665,4.28565,92.0843,0.84672,12.849,0.84672,3695.15,0,18.483,0,4.3104,1.60611,13.2468,1.16024,18.003,0.42336,18.483,0.42336,0,0,442.007,0,1.02816,0,0,5.33856,4.3104,1.028160,1,0,114.924,0,0,0,114.924,0
72.29,2.07644,0,0,3.93699,0.243474,1.61708,3.6288,61.308,0.32869,0,0,3.40062,0.238142,2.83379,0.66528,12.849,1,0.369071,1.61708,0,85.0729,4.43771,81.8832,0.84672,12.849,0.84672,3695.15,0,18.483,0,2.77582,1.6061,8.41579,1.29223,11.5055,0.42336,18.483,0.42336,0,0,442.007,0,1.02816,0,0,3.80398,2.77582,1.028160,1,0,96.2225,0,0,0,96.2225,0
72.29,2.0478,0,0,3.36084,0.22447,1.08857,3.6288,61.308,0.308303,0,0,1.66923,0.167046,1.19388,0.66528,12.849,1,0.363981,1.08857,0,62.934,3.53155,60.1271,0.84672,12.849,0.84672,3695.15,0,18.483,0,1.15074,1.60608,6.07184,1.12545,7.7032,0.42336,18.483,0.42336,0,0,442.007,0,1.02816,0,0,2.1789,1.15074,1.028160,1,0,69.0241,0,0,0,69.0241,0
72.29,2.04778,0,0,2.90779,0.245192,0.614818,3.6288,61.308,0.308291,0,0,1.48803,0.191027,0.988715,0.66528,12.849,1,0.363978,0.614818,0,53.7087,3.82779,50.1318,0.84672,12.849,0.84672,3695.15,0,18.483,0,0.958124,1.58264,5.43551,1.15318,6.8231,0.42336,18.483,0.42336,0,0,442.007,0,1.02816,0,0,1.98628,0.958124,1.028160,1,0,57.9436,0,0,0,57.9436,0
72.29,2.04776,0,0,2.67743,0.160923,0.468745,3.6288,61.308,0.308279,0,0,1.31181,0.230265,0.773267,0.66528,12.849,1,0.363975,0.468745,0,49.1008,4.17375,45.0318,0.84672,12.849,0.84672,3695.15,0,18.483,0,0.799511,1.58262,5.06613,1.17383,6.27444,0.42336,18.483,0.42336,0,0,442.007,0,1.02816,0,0,1.82767,0.799511,1.028160,1,0,52.0795,0,0,0,52.0795,0
72.29,2.04775,0,0,2.61121,0.160923,0.402537,3.6288,61.308,0.308267,0,0,1.46635,0.230265,0.927823,0.66528,12.849,1,0.363971,0.402537,0,47.561,4.17375,43.4258,0.84672,12.849,0.84672,3695.15,0,18.483,0,1.03296,1.58261,5.9966,1.17383,7.43834,0.42336,18.483,0.42336,0,0,442.007,0,1.02816,0,0,2.06112,1.03296,1.028160,1,0,51.7919,0,0,0,51.7919,0
72.2008,2.14487,0,0,2.58435,0.165766,0.36288,3.6288,61.308,0.380509,0,0,1.38758,0.248885,0.758181,0.66528,12.849,1,0.381234,0.36288,0,48.0564,4.50594,43.5321,0.84672,12.849,0.84672,3695.15,0,18.483,0,0.721907,1.5826,5.21245,1.16859,6.34836,0.42336,18.483,0.42336,0,0,442.007,0,1.02816,0,0,1.75007,0.721907,1.028160,1,0,50.6386,0,0,0,50.6386,0
71.9199,2.14405,0,0,2.36044,0.134404,0.36288,3.6288,61.308,0.380497,0,0,1.09718,0.234689,0.48199,0.66528,12.849,1,0.381559,0.36288,0,43.8952,4.05688,39.8196,0.84672,12.849,0.84672,3695.15,0,18.483,0,0.709482,1.6645,4.84497,1.15974,6.05921,0.42336,18.483,0.42336,0,0,442.007,0,1.02816,0,0,1.73764,0.709482,1.028160,1,0,46.3608,0,0,0,46.3608,0
71.488,2.1415,0,0,2.18379,0.111348,0.36288,3.6288,61.308,0.380484,0,0,1.11538,0.240045,0.494852,0.66528,12.849,1,0.382593,0.36288,0,39.7661,4.21943,35.527,0.84672,12.849,0.84672,3695.15,0,18.483,0,0.712843,1.66448,4.78058,1.12965,6.02825,0.42336,18.483,0.42336,0,0,442.007,0,1.02816,0,0,1.741,0.712843,1.028160,1,0,42.0501,0,0,0,42.0501,0
70.9924,2.13756,0,0,2.11575,0.110982,0.36288,3.6288,61.308,0.380472,0,0,1.16877,0.240045,0.548251,0.66528,12.849,1,0.384197,0.36288,0,37.7325,4.21943,33.4918,0.84672,12.849,0.84672,3695.15,0,18.483,0,0.649495,1.66447,4.96251,1.12965,6.14682,0.42336,18.483,0.42336,0,0,442.007,0,1.02816,0,0,1.67765,0.649495,1.028160,1,0,40.1869,0,0,0,40.1869,0
70.1643,2.133,0,0,1.77485,0.106982,0.36288,3.6288,61.308,0.380459,0,0,0.971819,0.228733,0.362626,0.66528,12.849,1,0.386055,0.36288,0,34.5861,4.34884,30.2141,0.84672,12.849,0.84672,3695.15,0,18.483,0,0.445746,1.66445,4.00904,1.08365,5.03559,0.42336,18.483,0.42336,0,0,442.007,0,1.02816,0,0,1.47391,0.445746,1.028160,1,0,35.6123,0,0,0,35.6123,0
69.1711,2.10627,0,0,1.57954,0.103635,0.36288,3.6288,61.308,0.420157,0,0,0.85225,0.220249,0.211844,0.66528,12.849,1,0.385715,0.36288,0,31.3229,4.44591,26.8541,0.84672,12.849,0.84672,3695.15,0,18.483,0,0.390312,1.66444,3.81121,1.04915,4.81681,0.42336,18.483,0.42336,0,0,442.007,0,1.02816,0,0,1.41847,0.390312,1.028160,1,0,31.8828,0,0,0,31.8828,0
68.1253,2.09695,0,0,1.50286,0.0888286,0.36288,3.6288,61.308,0.420144,0,0,0.831972,0.243566,0.168262,0.66528,12.849,1,0.389523,0.36288,0,29.5238,4.77167,24.7255,0.84672,12.849,0.84672,3695.15,0,18.483,0,0.370984,1.68994,3.70484,1.1594,4.60637,0.42336,18.483,0.42336,0,0,442.007,0,1.02816,0,0,1.39914,0.370984,1.028160,1,0,29.5002,0,0,0,29.5002,0
66.9059,2.08695,0,0,1.30046,0.0699732,0.36288,3.6288,61.308,0.420131,0,0,0.782793,0.269296,0.0933654,0.66528,12.849,1,0.393616,0.36288,0,27.5435,5.4772,22.0356,0.84672,12.849,0.84672,3695.15,0,18.483,0,0.274268,1.68993,3.70018,1.40699,4.25739,0.42336,18.483,0.42336,0,0,442.007,0,1.02816,0,0,1.30243,0.274268,1.028160,1,0,26.3864,0,0,0,26.3864,0
65.6557,2.07502,0,0,1.25593,0.0683037,0.36288,3.6288,61.308,0.420119,0,0,0.750867,0.274233,0.056515,0.66528,12.849,1,0.398498,0.36288,0,24.8784,5.69403,19.1487,0.84672,12.849,0.84672,3695.15,0,18.483,0,0.305917,1.68991,3.51903,1.49218,4.02268,0.42336,18.483,0.42336,0,0,442.007,0,1.02816,0,0,1.33408,0.305917,1.028160,1,0,23.2279,0,0,0,23.2279,0
64.405,2.11061,0,0,1.28275,0.0599224,0.36288,3.6288,61.2169,0.520381,0,0,0.7573,0.327974,0,0.66528,12.849,1,0.413051,0.36288,0,27.7233,5.77458,21.8985,0.84672,12.849,0.84672,3695.15,0,18.483,0,0.261274,1.6899,3.04485,1.55068,3.44534,0.42336,18.483,0.42336,0,0,442.007,0,0.963274,0,0,1.22455,0.261274,1.028160,1,0,25.3438,0,0,0,25.3438,0
63.0798,2.09743,0,0,1.1944,0.0593236,0.36288,3.6288,61.0907,0.455482,0,0,0.656986,0.327785,0,0.66528,12.849,1,0.418444,0.36288,0,23.4741,5.77458,17.644,0.84672,12.849,0.84672,3695.15,0,18.483,0,0.29554,1.73055,3.07294,1.55068,3.54835,0.42336,18.483,0.42336,0,0,442.007,0,1.02816,0,0,1.3237,0.29554,1.028160,1,0,21.1923,0,0,0,21.1923,0
61.6794,2.08309,0,0,1.10429,0.0586891,0.36288,3.6288,60.7901,0.582295,0,0,0.609283,0.327523,0,0.66528,12.849,1,0.424313,0.36288,0,22.5095,5.77458,16.6735,0.84672,12.849,0.84672,3695.15,0,18.483,0,0.261274,1.73054,2.6719,1.55068,3.11303,0.42336,18.483,0.42336,0,0,442.007,0,0.901333,0,0,1.16261,0.261274,1.028160,1,0,19.7865,0,0,0,19.7865,0
60.3244,2.06749,0,0,1.12883,0.0535124,0.36288,3.6288,60.6818,0.455455,0,0,0.676631,0.329482,0,0.66528,12.849,1,0.430698,0.36288,0,21.4089,5.84935,15.4917,0.84672,12.849,0.84672,3695.15,0,18.483,0,0.291315,1.73052,3.30492,1.56562,3.76113,0.42336,18.483,0.42336,0,0,442.007,0,1.02816,0,0,1.31947,0.291315,1.028160,1,0,19.2528,0,0,0,19.2528,0
58.8495,2.18899,0,0,1.13359,0.0565582,0.36288,3.6288,60.1196,0.819426,0,0,0.613741,0.356499,0,0.66528,12.849,1,0.466251,0.36288,0,19.4305,6.25449,13.0726,0.84672,12.849,0.84672,3695.15,0,18.483,0,0.227405,1.73051,3.20395,1.5849,3.57696,0.42336,18.483,0.42336,0,0,442.007,0,0.791908,0,0,1.01931,0.227405,1.028160,1,0,16.6496,0,0,0,16.6496,0
57.5186,2.17037,0,0,1.26096,0.0586643,0.36288,3.6288,59.7344,0.72788,0,0,0.715831,0.373214,0,0.66528,12.849,1,0.473872,0.36288,0,23.4896,6.39975,16.9788,0.84672,12.849,0.84672,3695.15,0,18.483,0,0.227405,1.8682,3.21271,1.58323,3.72508,0.42336,18.483,0.42336,0,0,442.007,0,0.88344,0,0,1.11084,0.227405,1.028160,1,0,20.7039,0,0,0,20.7039,0
55.9409,2.15305,0,0,0.996201,0.0579093,0.36288,3.6288,58.8417,1.04288,0,0,0.522533,0.372298,0,0.66528,12.849,1,0.480966,0.36288,0,24.2405,6.39975,17.7226,0.84672,12.849,0.84672,3695.15,0,18.483,0,0.227405,1.86818,2.54566,1.58323,3.05801,0.42336,18.483,0.42336,0,0,442.007,0,0.568426,0,0,0.79583,0.227405,1.028160,1,0,20.7806,0,0,0,20.7806,0
54.623,2.13183,0,0,1.23381,0.0570144,0.36288,3.6288,58.7577,0.583131,0,0,0.86931,0.370176,0,0.66528,12.849,1,0.489656,0.36288,0,21.4825,6.39975,14.956,0.84672,12.849,0.84672,3695.15,0,18.483,0,0.391271,1.86816,3.82537,1.58323,4.50157,0.42336,18.483,0.42336,0,0,442.007,0,1.02816,0,0,1.41943,0.391271,1.028160,1,0,19.4575,0,0,0,19.4575,0
53.0899,2.1135,0,0,1.01262,0.0694147,0.36288,3.6288,58.2248,0.830212,0,0,0.653998,0.35675,0,0.66528,12.849,1,0.49716,0.36288,0,21.0407,5.89799,15.0085,0.84672,12.849,0.84672,3695.15,0,18.483,0,0.204422,1.86815,3.51188,1.42301,4.16144,0.42336,18.483,0.42336,0,0,442.007,0,0.781065,0,0,0.985487,0.204422,1.028160,1,0,19.1699,0,0,0,19.1699,0
51.7927,2.02765,0,0,1.19927,0.105903,0.36288,3.6288,57.9109,0.710484,0,0,0.745796,0.349203,0,0.66528,12.849,1,0.49074,0.36288,0,20.3889,5.92593,14.3351,0.84672,12.849,0.84672,3695.15,0,18.483,0,0.204422,1.86813,3.45285,1.48827,4.03713,0.42336,18.483,0.42336,0,0,442.007,0,0.823254,0,0,1.02768,0.204422,1.028160,1,0,18.3723,0,0,0,18.3723,0
50.8637,2.00896,0,0,1.58061,0.137798,0.36288,3.6288,57.7355,0.637912,0,0,0.784063,0.321486,0,0.66528,12.849,1,0.498393,0.36288,0,20.6198,5.70507,14.7792,0.84672,12.849,0.84672,3695.15,0,18.483,0,0.204422,1.7892,2.77713,1.41241,3.35834,0.42336,18.483,0.42336,0,0,442.007,0,0.895812,0,0,1.10023,0.204422,1.028160,1,0,18.1375,0,0,0,18.1375,0
50.6248,1.99521,0,0,2.25566,0.136469,0.36288,3.6288,58.1993,0.505551,0,0,1.29046,0.321122,0,0.66528,12.849,1,0.504022,0.36288,0,38.1402,5.70507,32.294,0.84672,12.849,0.84672,3695.15,0,18.483,0,0.829475,1.78919,5.2062,1.41241,6.41244,0.42336,18.483,0.42336,0,0,442.007,0,1.02816,0,0,1.85763,0.829475,1.028160,1,0,38.7065,0,0,0,38.7065,0
50.0123,1.99161,0,0,1.89293,0.150945,0.36288,3.6288,58.3627,0.505537,0,0,0.985383,0.316525,0,0.66528,12.849,1,0.505487,0.36288,0,51.0571,5.69206,45.2225,0.84672,12.849,0.84672,3695.15,0,18.483,0,0.378717,1.78917,3.43221,1.41825,4.18185,0.42336,18.483,0.42336,0,0,442.007,0,1.02816,0,0,1.40688,0.378717,1.028160,1,0,49.4043,0,0,0,49.4043,0
49.0556,1.9311,0,0,1.57082,0.23346,0.36288,3.6288,58.6194,0.434959,0,0,0.930986,0.239291,0,0.66528,12.849,1,0.496132,0.36288,0,46.8516,4.8342,41.8842,0.84672,12.849,0.84672,3695.15,0,18.483,0,0.44159,1.78915,3.85268,1.13941,4.94402,0.42336,18.483,0.42336,0,0,442.007,0,1.02816,0,0,1.46975,0.44159,1.028160,1,0,46.8282,0,0,0,46.8282,0
48.1046,1.91669,0,0,1.55962,0.231088,0.36288,3.6288,58.9261,0.434946,0,0,0.981383,0.239687,0,0.66528,12.849,1,0.502032,0.36288,0,29.0026,4.8342,24.0292,0.84672,12.849,0.84672,3695.15,0,18.483,0,0.571294,1.71901,3.79988,1.13941,4.95078,0.42336,18.483,0.42336,0,0,442.007,0,1.02816,0,0,1.59945,0.571294,1.028160,1,0,28.98,0,0,0,28.98,0
51.7633,1.90201,0,0,6.13191,0.208297,0.36288,3.6288,59.8603,0.434933,0,0,1.59095,0.22187,0,0.66528,12.849,1,0.508038,0.36288,0,72.8362,4.40596,68.2851,0.84672,12.849,0.84672,3695.15,0,18.483,0,1.40248,1.719,10.1673,1.16791,12.1209,0.42336,18.483,0.42336,0,0,442.007,0,1.02816,0,0,2.43064,1.40248,1.028160,1,0,80.406,0,0,0,80.406,0
