0st_vol,0capacity,0net_inf,0st_rof,0lt_rof,0rest_demand,0unrest_demand,0unfulf_demand,0wastewater,0treat_capacity,0agg_price,0res_price,0gross_rev,0drought_cost,0cont_contrib,0debt_serv,0infra_npv,1st_vol,1capacity,1net_inf,1st_rof,1lt_rof,1rest_demand,1unrest_demand,1unfulf_demand,1wastewater,1treat_capacity,1agg_price,1res_price,1gross_rev,1drought_cost,1cont_contrib,1debt_serv,1infra_npv
103.622,103.622,9.2909,0,0,2.46977,2.46977,0,0,4.89888,4.3624e+06,2.98533e+06,1.07741e+07,0,0,0,0,62.3362,61.308,5.13425,0,1,1.12031,1.12031,0,0,1.69344,9.06595e+06,3.9903e+06,1.01566e+07,0,0,0,0
103.622,103.622,9.66205,0,0,2.47089,2.47089,0,0.462835,4.89888,4.3624e+06,2.98533e+06,1.0779e+07,0,0,0,0,62.3362,61.308,5.92828,0,1,1.12081,1.12081,0,0.865549,1.69344,9.06595e+06,3.9903e+06,1.01612e+07,0,0,0,0
103.622,103.622,11.7683,0,0,2.472,2.472,0,0.463044,4.89888,4.3624e+06,2.98533e+06,1.07839e+07,0,0,0,0,62.3362,61.308,6.10488,0,1,1.12132,1.12132,0,0.865939,1.69344,9.06595e+06,3.9903e+06,1.01658e+07,0,0,0,0
103.622,103.622,8.89176,0,0,2.47312,2.47312,0,0.463253,4.89888,4.3624e+06,2.98533e+06,1.07887e+07,0,0,0,0,62.3362,61.308,5.78781,0,1,1.12182,1.12182,0,0.86633,1.69344,9.06595e+06,3.9903e+06,1.01704e+07,0,0,0,0
103.622,103.622,7.28793,0,0,2.71556,2.71556,0,0.463462,4.89888,4.3624e+06,2.98533e+06,1.18464e+07,0,0,0,0,62.3362,61.308,4.70585,0,1,1.25429,1.25429,0,0.86672,1.69344,9.06595e+06,3.9903e+06,1.13713e+07,0,0,0,0
103.622,103.622,6.66937,0,0,2.71679,2.71679,0,0.508896,4.89888,4.3624e+06,2.98533e+06,1.18517e+07,0,0,0,0,62.3362,61.308,3.251,0,1,1.25486,1.25486,0,0.969065,1.69344,9.06595e+06,3.9903e+06,1.13765e+07,0,0,0,0
103.622,103.622,5.40256,0,0,2.71801,2.71801,0,0.509126,4.89888,4.3624e+06,2.98533e+06,1.1857e+07,0,0,0,0,62.3362,61.308,4.31919,0,1,1.25542,1.25542,0,0.969502,1.69344,9.06595e+06,3.9903e+06,1.13816e+07,0,0,0,0
103.622,103.622,7.00727,0,0,2.71924,2.71924,0,0.509355,4.89888,4.3624e+06,2.98533e+06,1.18624e+07,0,0,0,0,62.3362,61.308,5.87738,0,1,1.25599,1.25599,0,0.969939,1.69344,9.06595e+06,3.9903e+06,1.13867e+07,0,0,0,0
103.622,103.622,5.70833,0,0,2.37563,2.37563,0,0.509585,4.89888,4.3624e+06,2.98533e+06,1.03634e+07,0,0,0,0,62.3362,61.308,4.24303,0,1,1.07914,1.07914,0,0.970376,1.69344,9.06595e+06,3.9903e+06,9.78343e+06,0,0,0,0
103.622,103.622,3.57065,0,0,2.3767,2.3767,0,0.445192,4.89888,4.3624e+06,2.98533e+06,1.03681e+07,0,0,0,0,62.3362,61.308,2.92833,0,1,1.07963,1.07963,0,0.833743,1.69344,9.06595e+06,3.9903e+06,9.78783e+06,0,0,0,0
103.622,103.622,5.33349,0,0,2.37777,2.37777,0,0.445393,4.89888,4.3624e+06,2.98533e+06,1.03728e+07,0,0,0,0,62.3362,61.308,4.23198,0,1,1.08011,1.08011,0,0.834119,1.69344,9.06595e+06,3.9903e+06,9.79224e+06,0,0,0,0
103.622,103.622,4.94451,0,0,2.37884,2.37884,0,0.445593,4.89888,4.3624e+06,2.98533e+06,1.03774e+07,0,0,0,0,62.3362,61.308,3.36623,0,1,1.0806,1.0806,0,0.834494,1.69344,9.06595e+06,3.9903e+06,9.79665e+06,0,0,0,0
103.622,103.622,3.77306,0,0,2.37991,2.37991,0,0.445794,4.89888,4.3624e+06,2.98533e+06,1.03821e+07,0,0,0,0,62.3362,61.308,2.85495,0,1,1.08108,1.08108,0,0.83487,1.69344,9.06595e+06,3.9903e+06,9.80106e+06,0,0,0,0
103.622,103.622,3.63939,0,0,2.46797,2.46797,0,0.445995,4.89888,4.3624e+06,2.98533e+06,1.07663e+07,0,0,0,0,62.3362,61.308,3.35137,0,1,1.12507,1.12507,0,0.835246,1.69344,9.06595e+06,3.9903e+06,1.01998e+07,0,0,0,0
103.622,103.622,3.35711,0,0,2.46908,2.46908,0,0.462498,4.89888,4.3624e+06,2.98533e+06,1.07711e+07,0,0,0,0,62.3362,61.308,3.07279,0,1,1.12558,1.12558,0,0.86923,1.69344,9.06595e+06,3.9903e+06,1.02044e+07,0,0,0,0
103.622,103.622,4.80962,0,0,2.4702,2.4702,0,0.462707,4.89888,4.3624e+06,2.98533e+06,1.0776e+07,0,0,0,0,62.3362,61.308,4.38744,0,1,1.12608,1.12608,0,0.869621,1.69344,9.06595e+06,3.9903e+06,1.0209e+07,0,0,0,0
103.622,103.622,4.81452,0,0,2.47131,2.47131,0,0.462915,4.89888,4.3624e+06,2.98533e+06,1.07808e+07,0,0,0,0,62.3362,61.308,4.96171,0,1,1.12659,1.12659,0,0.870012,1.69344,9.06595e+06,3.9903e+06,1.02136e+07,0,0,0,0
103.622,103.622,4.34789,0,0,2.43834,2.43834,0,0.463123,4.89888,4.3624e+06,2.98533e+06,1.0637e+07,0,0,0,0,62.3362,61.308,4.69661,0,1,1.11017,1.11017,0,0.870404,1.69344,9.06595e+06,3.9903e+06,1.00648e+07,0,0,0,0
103.622,103.622,3.39072,0,0,2.43944,2.43944,0,0.456945,4.89888,4.3624e+06,2.98533e+06,1.06418e+07,0,0,0,0,62.3362,61.308,4.07302,0,1,1.11067,1.11067,0,0.857719,1.69344,9.06595e+06,3.9903e+06,1.00693e+07,0,0,0,0
103.622,103.622,2.99006,0,0,2.44054,2.44054,0,0.457151,4.89888,4.3624e+06,2.98533e+06,1.06466e+07,0,0,0,0,62.3362,61.308,3.64878,0,1,1.11117,1.11117,0,0.858104,1.69344,9.06595e+06,3.9903e+06,1.00738e+07,0,0,0,0
103.523,103.622,2.68852,0,0,2.44163,2.44163,0,0.457356,4.89888,4.3624e+06,2.98533e+06,1.06514e+07,0,0,0,0,62.3362,61.308,3.26271,0,1,1.11167,1.11167,0,0.85849,1.69344,9.06595e+06,3.9903e+06,1.00783e+07,0,0,0,0
103.498,103.622,2.83181,0,0,2.55861,2.55861,0,0.457562,4.89888,4.3624e+06,2.98533e+06,1.11617e+07,0,0,0,0,62.3362,61.308,3.74442,0,1,1.1723,1.1723,0,0.858876,1.69344,9.06595e+06,3.9903e+06,1.0628e+07,0,0,0,0
103.573,103.622,2.93984,0,0,2.55976,2.55976,0,0.479483,4.89888,4.3624e+06,2.98533e+06,1.11667e+07,0,0,0,0,62.3362,61.308,4.01341,0,1,1.17283,1.17283,0,0.905718,1.69344,9.06595e+06,3.9903e+06,1.06328e+07,0,0,0,0
103.461,103.622,2.72968,0,0,2.56091,2.56091,0,0.479698,4.89888,4.3624e+06,2.98533e+06,1.11717e+07,0,0,0,0,62.3362,61.308,3.35361,0,1,1.17335,1.17335,0,0.906125,1.69344,9.06595e+06,3.9903e+06,1.06376e+07,0,0,0,0
103.126,103.622,2.46945,0,0,2.56206,2.56206,0,0.479914,4.89888,4.3624e+06,2.98533e+06,1.11767e+07,0,0,0,0,62.3362,61.308,2.93103,0,1,1.17388,1.17388,0,0.906532,1.69344,9.06595e+06,3.9903e+06,1.06423e+07,0,0,0,0
102.708,103.622,2.35392,0,0,2.56321,2.56321,0,0.480129,4.89888,4.3624e+06,2.98533e+06,1.11817e+07,0,0,0,0,62.3362,61.308,3.00177,0,1,1.17441,1.17441,0,0.906939,1.69344,9.06595e+06,3.9903e+06,1.06471e+07,0,0,0,0
102.97,103.622,2.97942,0,0,2.54139,2.54139,0,0.480345,4.89888,4.3624e+06,2.98533e+06,1.10866e+07,0,0,0,0,62.3362,61.308,2.98112,0,1,1.20806,1.20806,0,0.907347,1.69344,9.06595e+06,3.9903e+06,1.09522e+07,0,0,0,0
103.108,103.622,2.83541,0,0,2.54253,2.54253,0,0.476256,4.89888,4.3624e+06,2.98533e+06,1.10915e+07,0,0,0,0,62.3362,61.308,2.88545,0,1,1.2086,1.2086,0,0.933344,1.69344,9.06595e+06,3.9903e+06,1.09571e+07,0,0,0,0
103.086,103.622,2.64976,0,0,2.54367,2.54367,0,0.47647,4.89888,4.3624e+06,2.98533e+06,1.10965e+07,0,0,0,0,62.3362,61.308,2.67509,0,1,1.20914,1.20914,0,0.933763,1.69344,9.06595e+06,3.9903e+06,1.0962e+07,0,0,0,0
102.935,103.622,2.50221,0,0,2.54481,2.54481,0,0.476684,4.89888,4.3624e+06,2.98533e+06,1.11015e+07,0,0,0,0,62.3362,61.308,2.513,0,1,1.20968,1.20968,0,0.934183,1.69344,9.06595e+06,3.9903e+06,1.09669e+07,0,0,0,0
102.692,103.622,2.37724,0,0,2.60537,2.60537,0,0.476898,4.89888,4.3624e+06,2.98533e+06,1.13657e+07,0,0,0,0,62.3362,61.308,2.26161,0,1,1.2398,1.2398,0,0.934602,1.69344,9.06595e+06,3.9903e+06,1.124e+07,0,0,0,0
102.544,103.622,2.51672,0,0,2.60654,2.60654,0,0.488247,4.89888,4.3624e+06,2.98533e+06,1.13708e+07,0,0,0,0,62.3362,61.308,2.49347,0,1,1.24036,1.24036,0,0.957869,1.69344,9.06595e+06,3.9903e+06,1.1245e+07,0,0,0,0
102.252,103.622,2.32036,0,0,2.60771,2.60771,0,0.488466,4.89888,4.3624e+06,2.98533e+06,1.13759e+07,0,0,0,0,62.3362,61.308,2.37013,0,1,1.24091,1.24091,0,0.958298,1.69344,9.06595e+06,3.9903e+06,1.125e+07,0,0,0,0
101.778,103.622,2.11292,0,0,2.60888,2.60888,0,0.488685,4.89888,4.3624e+06,2.98533e+06,1.1381e+07,0,0,0,0,62.3362,61.308,2.07559,0,1,1.24147,1.24147,0,0.958728,1.69344,9.06595e+06,3.9903e+06,1.12551e+07,0,0,0,0
101.567,103.622,2.57478,0,0,2.78436,2.78436,0,0.488904,4.89888,4.3624e+06,2.98533e+06,1.21465e+07,0,0,0,0,62.1549,61.308,2.51229,0,1,1.34896,1.34896,0,0.959158,1.69344,9.06595e+06,3.9903e+06,1.22296e+07,0,0,0,0
101.667,103.622,2.86269,0,0,2.78561,2.78561,0,0.521789,4.89888,4.3624e+06,2.98533e+06,1.21519e+07,0,0,0,0,62.2961,61.308,1.85226,0,1,1.34956,1.34956,0,1.0422,1.69344,9.06595e+06,3.9903e+06,1.22351e+07,0,0,0,0
101.601,103.622,2.69697,0,0,2.78686,2.78686,0,0.522023,4.89888,4.3624e+06,2.98533e+06,1.21574e+07,0,0,0,0,62.3362,61.308,2.47541,0,1,1.35017,1.35017,0,1.04267,1.69344,9.06595e+06,3.9903e+06,1.22405e+07,0,0,0,0
101.421,103.622,2.57326,0,0,2.78811,2.78811,0,0.522257,4.89888,4.3624e+06,2.98533e+06,1.21628e+07,0,0,0,0,62.3362,61.308,2.40636,0,1,1.35077,1.35077,0,1.04314,1.69344,9.06595e+06,3.9903e+06,1.2246e+07,0,0,0,0
101.233,103.622,2.56221,0,0,2.78936,2.78936,0,0.522491,4.89888,4.3624e+06,2.98533e+06,1.21683e+07,0,0,0,0,62.3362,61.308,2.37555,0,1,1.35138,1.35138,0,1.04361,1.69344,9.06595e+06,3.9903e+06,1.22515e+07,0,0,0,0
101.193,103.622,2.53199,0,0,2.70546,2.70546,0,0.522725,4.89888,4.3624e+06,2.98533e+06,1.18023e+07,0,0,0,0,62.3362,61.308,3.05855,0,1,1.28693,1.28693,0,1.04407,1.69344,9.06595e+06,3.9903e+06,1.16673e+07,0,0,0,0
100.728,103.622,2.08497,0,0,2.70667,2.70667,0,0.507003,4.89888,4.3624e+06,2.98533e+06,1.18076e+07,0,0,0,0,62.3362,61.308,2.43547,0,1,1.28751,1.28751,0,0.994283,1.69344,9.06595e+06,3.9903e+06,1.16725e+07,0,0,0,0
101.391,103.622,3.3749,0,0,2.70788,2.70788,0,0.50723,4.89888,4.3624e+06,2.98533e+06,1.18129e+07,0,0,0,0,62.3362,61.308,3.31985,0,1,1.28808,1.28808,0,0.994729,1.69344,9.06595e+06,3.9903e+06,1.16777e+07,0,0,0,0
103.622,103.622,7.55058,0,0,2.70909,2.70909,0,0.507457,4.89888,4.3624e+06,2.98533e+06,1.18182e+07,0,0,0,0,62.3362,61.308,4.8929,0,1,1.28866,1.28866,0,0.995174,1.69344,9.06595e+06,3.9903e+06,1.16829e+07,0,0,0,0
103.622,103.622,5.07124,0,0,2.64029,2.64029,0,0.507684,4.89888,4.3624e+06,2.98533e+06,1.1518e+07,0,0,0,0,62.3362,61.308,4.11204,0,1,1.22992,1.22992,0,0.995619,1.69344,9.06595e+06,3.9903e+06,1.11504e+07,0,0,0,0
103.622,103.622,9.13214,0,0,2.64147,2.64147,0,0.494791,4.89888,4.3624e+06,2.98533e+06,1.15232e+07,0,0,0,0,62.3362,61.308,8.88518,0,1,1.23047,1.23047,0,0.950236,1.69344,9.06595e+06,3.9903e+06,1.11554e+07,0,0,0,0
103.622,103.622,5.00395,0,0,2.64266,2.64266,0,0.495012,4.89888,4.3624e+06,2.98533e+06,1.15283e+07,0,0,0,0,62.3362,61.308,4.7521,0,1,1.23102,1.23102,0,0.950661,1.69344,9.06595e+06,3.9903e+06,1.11604e+07,0,0,0,0
103.622,103.622,5.01196,0,0,2.64384,2.64384,0,0.495234,4.89888,4.3624e+06,2.98533e+06,1.15335e+07,0,0,0,0,62.3362,61.308,5.1482,0,1,1.23157,1.23157,0,0.951086,1.69344,9.06595e+06,3.9903e+06,1.11654e+07,0,0,0,0
103.622,103.622,6.79795,0,0,2.44582,2.44582,0,0.495455,4.89888,4.3624e+06,2.98533e+06,1.06696e+07,0,0,0,0,62.3362,61.308,6.78251,0,1,1.10836,1.10836,0,0.951512,1.69344,9.06595e+06,3.9903e+06,1.00483e+07,0,0,0,0
103.622,103.622,7.25314,0,0,2.44691,2.44691,0,0.458347,4.89888,4.3624e+06,2.98533e+06,1.06744e+07,0,0,0,0,62.3362,61.308,7.19409,0,1,1.10885,1.10885,0,0.856318,1.69344,9.06595e+06,3.9903e+06,1.00528e+07,0,0,0,0
103.622,103.622,7.67028,0,0,2.44801,2.44801,0,0.458551,4.89888,4.3624e+06,2.98533e+06,1.06792e+07,0,0,0,0,62.3362,61.308,7.37062,0,1,1.10935,1.10935,0,0.856701,1.69344,9.06595e+06,3.9903e+06,1.00573e+07,0,0,0,0
103.622,103.622,11.86,0,0,2.4491,2.4491,0,0.458756,4.89888,4.3624e+06,2.98533e+06,1.0684e+07,0,0,0,0,62.3362,61.308,8.89383,0,1,1.10985,1.10985,0,0.857084,1.69344,9.06595e+06,3.9903e+06,1.00618e+07,0,0,0,0
103.622,103.622,12.0268,0,0,2.45019,2.45019,0,0.458961,4.89888,4.3624e+06,2.98533e+06,1.06887e+07,0,0,0,0,62.3362,61.308,8.4807,0,1,1.11034,1.11034,0,0.857467,1.69344,9.06595e+06,3.9903e+06,1.00663e+07,0,0,0,0
103.622,103.622,5.61706,0,0,2.52806,2.52806,0,0.459167,4.89888,4.3624e+06,2.98533e+06,1.10284e+07,0,0,0,0,62.3362,61.308,4.80056,0,1,1.14674,1.14674,0,0.85785,1.69344,9.06595e+06,3.9903e+06,1.03963e+07,0,0,0,0
103.622,103.622,4.75815,0,0,2.52915,2.52915,0,0.473758,4.89888,4.3624e+06,2.98533e+06,1.10332e+07,0,0,0,0,62.3362,61.308,4.85135,0,1,1.14724,1.14724,0,0.885975,1.69344,9.06595e+06,3.9903e+06,1.04008e+07,0,0,0,0
103.622,103.622,16.8493,0,0,2.53025,2.53025,0,0.473963,4.89888,4.3624e+06,2.98533e+06,1.10379e+07,0,0,0,0,62.3362,61.308,16.2559,0,1,1.14774,1.14774,0,0.886358,1.69344,9.06595e+06,3.9903e+06,1.04053e+07,0,0,0,0
103.622,103.622,20.8042,0,0,2.53134,2.53134,0,0.474168,4.89888,4.3624e+06,2.98533e+06,1.10427e+07,0,0,0,0,62.3362,61.308,26.6915,0,1,1.14823,1.14823,0,0.886742,1.69344,9.06595e+06,3.9903e+06,1.04098e+07,0,0,0,0
103.622,103.622,16.3415,0,0,2.77944,2.77944,0,0.474373,4.89888,4.3624e+06,2.98533e+06,1.2125e+07,0,0,0,0,62.3362,61.308,20.6321,0,1,1.2838,1.2838,0,0.887125,1.69344,9.06595e+06,3.9903e+06,1.16388e+07,0,0,0,0
103.622,103.622,25.0635,0,0,2.78065,2.78065,0,0.520868,4.89888,4.3624e+06,2.98533e+06,1.21303e+07,0,0,0,0,62.3362,61.308,22.6407,0,1,1.28435,1.28435,0,0.991861,1.69344,9.06595e+06,3.9903e+06,1.16439e+07,0,0,0,0
103.622,103.622,10.5067,0,0,2.78185,2.78185,0,0.521093,4.89888,4.3624e+06,2.98533e+06,1.21355e+07,0,0,0,0,62.3362,61.308,11.6973,0,1,1.28491,1.28491,0,0.99229,1.69344,9.06595e+06,3.9903e+06,1.16489e+07,0,0,0,0
103.622,103.622,8.65584,0,0,2.78305,2.78305,0,0.521318,4.89888,4.3624e+06,2.98533e+06,1.21408e+07,0,0,0,0,62.3362,61.308,11.9211,0,1,1.28546,1.28546,0,0.99272,1.69344,9.06595e+06,3.9903e+06,1.16539e+07,0,0,0,0
103.622,103.622,10.8747,0,0,2.43133,2.43133,0,0.521544,4.89888,4.3624e+06,2.98533e+06,1.06064e+07,0,0,0,0,62.3362,61.308,16.9933,0,1,1.10444,1.10444,0,0.993149,1.69344,9.06595e+06,3.9903e+06,1.00128e+07,0,0,0,0
103.622,103.622,12.9353,0,0,2.43238,2.43238,0,0.455632,4.89888,4.3624e+06,2.98533e+06,1.0611e+07,0,0,0,0,62.3362,61.308,14.2277,0,1,1.10492,1.10492,0,0.853294,1.69344,9.06595e+06,3.9903e+06,1.00172e+07,0,0,0,0
103.622,103.622,11.9082,0,0,2.43343,2.43343,0,0.455829,4.89888,4.3624e+06,2.98533e+06,1.06156e+07,0,0,0,0,62.3362,61.308,8.96158,0,1,1.1054,1.1054,0,0.853663,1.69344,9.06595e+06,3.9903e+06,1.00215e+07,0,0,0,0
103.622,103.622,17.4331,0,0,2.43449,2.43449,0,0.456025,4.89888,4.3624e+06,2.98533e+06,1.06202e+07,0,0,0,0,62.3362,61.308,20.3835,0,1,1.10588,1.10588,0,0.854031,1.69344,9.06595e+06,3.9903e+06,1.00258e+07,0,0,0,0
103.622,103.622,19.933,0,0,2.43554,2.43554,0,0.456223,4.89888,4.3624e+06,2.98533e+06,1.06248e+07,0,0,0,0,62.3362,61.308,16.1048,0,1,1.10635,1.10635,0,0.8544,1.69344,9.06595e+06,3.9903e+06,1.00302e+07,0,0,0,0
103.622,103.622,12.2619,0,0,2.52562,2.52562,0,0.45642,4.89888,4.3624e+06,2.98533e+06,1.10177e+07,0,0,0,0,62.3362,61.308,20.625,0,1,1.15135,1.15135,0,0.854769,1.69344,9.06595e+06,3.9903e+06,1.04381e+07,0,0,0,0
103.622,103.622,10.4299,0,0,2.52671,2.52671,0,0.4733,4.89888,4.3624e+06,2.98533e+06,1.10225e+07,0,0,0,0,62.3362,61.308,16.6844,0,1,1.15185,1.15185,0,0.889532,1.69344,9.06595e+06,3.9903e+06,1.04426e+07,0,0,0,0
103.622,103.622,10.4115,0,0,2.5278,2.5278,0,0.473505,4.89888,4.3624e+06,2.98533e+06,1.10273e+07,0,0,0,0,62.3362,61.308,11.0367,0,1,1.15234,1.15234,0,0.889916,1.69344,9.06595e+06,3.9903e+06,1.04471e+07,0,0,0,0
103.622,103.622,9.52036,0,0,2.52889,2.52889,0,0.473709,4.89888,4.3624e+06,2.98533e+06,1.1032e+07,0,0,0,0,62.3362,61.308,10.3769,0,1,1.15284,1.15284,0,0.8903,1.69344,9.06595e+06,3.9903e+06,1.04516e+07,0,0,0,0
103.622,103.622,8.07394,0,0,2.49511,2.49511,0,0.473914,4.89888,4.3624e+06,2.98533e+06,1.08847e+07,0,0,0,0,62.3362,61.308,8.97826,0,1,1.13602,1.13602,0,0.890684,1.69344,9.06595e+06,3.9903e+06,1.02991e+07,0,0,0,0
103.622,103.622,7.69104,0,0,2.49619,2.49619,0,0.467584,4.89888,4.3624e+06,2.98533e+06,1.08894e+07,0,0,0,0,62.3362,61.308,8.75643,0,1,1.13651,1.13651,0,0.877688,1.69344,9.06595e+06,3.9903e+06,1.03035e+07,0,0,0,0
103.622,103.622,7.34207,0,0,2.49726,2.49726,0,0.467785,4.89888,4.3624e+06,2.98533e+06,1.08941e+07,0,0,0,0,62.3362,61.308,8.82899,0,1,1.137,1.137,0,0.878066,1.69344,9.06595e+06,3.9903e+06,1.0308e+07,0,0,0,0
103.622,103.622,7.12864,0,0,2.49834,2.49834,0,0.467987,4.89888,4.3624e+06,2.98533e+06,1.08988e+07,0,0,0,0,62.3362,61.308,8.75236,0,1,1.13749,1.13749,0,0.878445,1.69344,9.06595e+06,3.9903e+06,1.03124e+07,0,0,0,0
103.622,103.622,6.67797,0,0,2.61798,2.61798,0,0.468189,4.89888,4.3624e+06,2.98533e+06,1.14207e+07,0,0,0,0,62.3362,61.308,7.56905,0,1,1.1995,1.1995,0,0.878824,1.69344,9.06595e+06,3.9903e+06,1.08747e+07,0,0,0,0
103.622,103.622,6.3234,0,0,2.61911,2.61911,0,0.49061,4.89888,4.3624e+06,2.98533e+06,1.14256e+07,0,0,0,0,62.3362,61.308,5.93386,0,1,1.20002,1.20002,0,0.926737,1.69344,9.06595e+06,3.9903e+06,1.08793e+07,0,0,0,0
103.622,103.622,5.9367,0,0,2.62024,2.62024,0,0.490822,4.89888,4.3624e+06,2.98533e+06,1.14305e+07,0,0,0,0,62.3362,61.308,6.02184,0,1,1.20054,1.20054,0,0.927137,1.69344,9.06595e+06,3.9903e+06,1.0884e+07,0,0,0,0
103.622,103.622,5.42487,0,0,2.62137,2.62137,0,0.491033,4.89888,4.3624e+06,2.98533e+06,1.14355e+07,0,0,0,0,62.3362,61.308,6.06182,0,1,1.20106,1.20106,0,0.927536,1.69344,9.06595e+06,3.9903e+06,1.08887e+07,0,0,0,0
103.622,103.622,5.09842,0,0,2.6225,2.6225,0,0.491245,4.89888,4.3624e+06,2.98533e+06,1.14404e+07,0,0,0,0,62.3362,61.308,6.10766,0,1,1.20157,1.20157,0,0.927936,1.69344,9.06595e+06,3.9903e+06,1.08934e+07,0,0,0,0
103.622,103.622,4.25202,0,0,2.60013,2.60013,0,0.491456,4.89888,4.3624e+06,2.98533e+06,1.13428e+07,0,0,0,0,62.3362,61.308,4.88013,0,1,1.23598,1.23598,0,0.928336,1.69344,9.06595e+06,3.9903e+06,1.12053e+07,0,0,0,0
103.622,103.622,3.92509,0,0,2.60125,2.60125,0,0.487265,4.89888,4.3624e+06,2.98533e+06,1.13477e+07,0,0,0,0,62.3362,61.308,4.66076,0,1,1.23651,1.23651,0,0.954918,1.69344,9.06595e+06,3.9903e+06,1.12102e+07,0,0,0,0
103.622,103.622,3.67935,0,0,2.60237,2.60237,0,0.487474,4.89888,4.3624e+06,2.98533e+06,1.13526e+07,0,0,0,0,62.3362,61.308,4.18065,0,1,1.23704,1.23704,0,0.955329,1.69344,9.06595e+06,3.9903e+06,1.1215e+07,0,0,0,0
103.622,103.622,3.55741,0,0,2.60349,2.60349,0,0.487684,4.89888,4.3624e+06,2.98533e+06,1.13575e+07,0,0,0,0,62.3362,61.308,3.97123,0,1,1.23758,1.23758,0,0.955741,1.69344,9.06595e+06,3.9903e+06,1.12198e+07,0,0,0,0
103.622,103.622,3.56826,0,0,2.6654,2.6654,0,0.487894,4.89888,4.3624e+06,2.98533e+06,1.16275e+07,0,0,0,0,62.3362,61.308,4.0538,0,1,1.26836,1.26836,0,0.956152,1.69344,9.06595e+06,3.9903e+06,1.14989e+07,0,0,0,0
103.622,103.622,3.2749,0,0,2.66655,2.66655,0,0.499496,4.89888,4.3624e+06,2.98533e+06,1.16325e+07,0,0,0,0,62.3362,61.308,4.04597,0,1,1.26891,1.26891,0,0.979938,1.69344,9.06595e+06,3.9903e+06,1.15039e+07,0,0,0,0
103.622,103.622,2.99016,0,0,2.66769,2.66769,0,0.499711,4.89888,4.3624e+06,2.98533e+06,1.16375e+07,0,0,0,0,62.3362,61.308,3.72618,0,1,1.26946,1.26946,0,0.98036,1.69344,9.06595e+06,3.9903e+06,1.15088e+07,0,0,0,0
103.538,103.622,2.636,0,0,2.66884,2.66884,0,0.499926,4.89888,4.3624e+06,2.98533e+06,1.16426e+07,0,0,0,0,62.3362,61.308,3.69289,0,1,1.27,1.27,0,0.980782,1.69344,9.06595e+06,3.9903e+06,1.15138e+07,0,0,0,0
103.065,103.622,2.38791,0,0,2.84831,2.84831,0,0.500141,4.89888,4.3624e+06,2.98533e+06,1.24255e+07,0,0,0,0,62.3362,61.308,3.58921,0,1,1.37994,1.37994,0,0.981204,1.69344,9.06595e+06,3.9903e+06,1.25104e+07,0,0,0,0
102.869,103.622,2.62423,0,0,2.84953,2.84953,0,0.533773,4.89888,4.3624e+06,2.98533e+06,1.24308e+07,0,0,0,0,62.3362,61.308,3.37708,0,1,1.38053,1.38053,0,1.06614,1.69344,9.06595e+06,3.9903e+06,1.25158e+07,0,0,0,0
102.82,103.622,2.83107,0,0,2.85076,2.85076,0,0.534002,4.89888,4.3624e+06,2.98533e+06,1.24361e+07,0,0,0,0,62.3362,61.308,4.16018,0,1,1.38112,1.38112,0,1.0666,1.69344,9.06595e+06,3.9903e+06,1.25212e+07,0,0,0,0
102.339,103.622,2.34271,0,0,2.85198,2.85198,0,0.534232,4.89888,4.3624e+06,2.98533e+06,1.24415e+07,0,0,0,0,62.3362,61.308,2.89113,0,1,1.38172,1.38172,0,1.06706,1.69344,9.06595e+06,3.9903e+06,1.25266e+07,0,0,0,0
102.353,103.622,2.94321,0,0,2.85321,2.85321,0,0.534462,4.89888,4.3624e+06,2.98533e+06,1.24468e+07,0,0,0,0,62.3362,61.308,5.5237,0,1,1.38231,1.38231,0,1.06752,1.69344,9.06595e+06,3.9903e+06,1.2532e+07,0,0,0,0
102.12,103.622,2.74685,0,0,2.76734,2.76734,0,0.534691,4.89888,4.3624e+06,2.98533e+06,1.20723e+07,0,0,0,0,62.3362,61.308,5.44071,0,1,1.31637,1.31637,0,1.06797,1.69344,9.06595e+06,3.9903e+06,1.19341e+07,0,0,0,0
102.868,103.622,3.76723,0,0,2.76853,2.76853,0,0.5186,4.89888,4.3624e+06,2.98533e+06,1.20774e+07,0,0,0,0,62.3362,61.308,6.56804,0,1,1.31693,1.31693,0,1.01703,1.69344,9.06595e+06,3.9903e+06,1.19393e+07,0,0,0,0
103.622,103.622,5.43682,0,0,2.76972,2.76972,0,0.518823,4.89888,4.3624e+06,2.98533e+06,1.20826e+07,0,0,0,0,62.3362,61.308,10.793,0,1,1.3175,1.3175,0,1.01746,1.69344,9.06595e+06,3.9903e+06,1.19444e+07,0,0,0,0
103.622,103.622,4.58356,0,0,2.77091,2.77091,0,0.519046,4.89888,4.3624e+06,2.98533e+06,1.20878e+07,0,0,0,0,62.3362,61.308,7.84084,0,1,1.31807,1.31807,0,1.0179,1.69344,9.06595e+06,3.9903e+06,1.19495e+07,0,0,0,0
103.622,103.622,6.67381,0,0,2.70049,2.70049,0,0.519269,4.89888,4.3624e+06,2.98533e+06,1.17806e+07,0,0,0,0,62.3362,61.308,8.70275,0,1,1.25796,1.25796,0,1.01834,1.69344,9.06595e+06,3.9903e+06,1.14046e+07,0,0,0,0
103.622,103.622,5.94438,0,0,2.70165,2.70165,0,0.506072,4.89888,4.3624e+06,2.98533e+06,1.17857e+07,0,0,0,0,62.3362,61.308,5.02181,0,1,1.2585,1.2585,0,0.971901,1.69344,9.06595e+06,3.9903e+06,1.14095e+07,0,0,0,0
103.622,103.622,4.03658,0,0,2.70281,2.70281,0,0.506289,4.89888,4.3624e+06,2.98533e+06,1.17907e+07,0,0,0,0,62.3362,61.308,4.3286,0,1,1.25904,1.25904,0,0.972319,1.69344,9.06595e+06,3.9903e+06,1.14144e+07,0,0,0,0
103.622,103.622,6.00268,0,0,2.70397,2.70397,0,0.506507,4.89888,4.3624e+06,2.98533e+06,1.17958e+07,0,0,0,0,62.3362,61.308,6.32671,0,1,1.25958,1.25958,0,0.972736,1.69344,9.06595e+06,3.9903e+06,1.14193e+07,0,0,0,0
103.622,103.622,7.0005,0,0,2.5014,2.5014,0,0.506724,4.89888,4.3624e+06,2.98533e+06,1.09121e+07,0,0,0,0,62.3362,61.308,6.59777,0,1,1.13355,1.13355,0,0.973154,1.69344,9.06595e+06,3.9903e+06,1.02767e+07,0,0,0,0
103.622,103.622,12.3163,0,0,2.50248,2.50248,0,0.468763,4.89888,4.3624e+06,2.98533e+06,1.09168e+07,0,0,0,0,62.3362,61.308,12.7435,0,1,1.13403,1.13403,0,0.875779,1.69344,9.06595e+06,3.9903e+06,1.02811e+07,0,0,0,0
103.622,103.622,9.009,0,0,2.50355,2.50355,0,0.468964,4.89888,4.3624e+06,2.98533e+06,1.09215e+07,0,0,0,0,62.3362,61.308,8.4837,0,1,1.13452,1.13452,0,0.876155,1.69344,9.06595e+06,3.9903e+06,1.02855e+07,0,0,0,0
103.622,103.622,9.89192,0,0,2.50462,2.50462,0,0.469165,4.89888,4.3624e+06,2.98533e+06,1.09262e+07,0,0,0,0,62.3362,61.308,8.74496,0,1,1.13501,1.13501,0,0.876531,1.69344,9.06595e+06,3.9903e+06,1.02899e+07,0,0,0,0
103.622,103.622,8.50112,0,0,2.5057,2.5057,0,0.469367,4.89888,4.3624e+06,2.98533e+06,1.09309e+07,0,0,0,0,62.3362,61.308,7.62738,0,1,1.13549,1.13549,0,0.876907,1.69344,9.06595e+06,3.9903e+06,1.02943e+07,0,0,0,0
103.622,103.622,4.67086,0,0,2.58528,2.58528,0,0.469568,4.89888,4.3624e+06,2.98533e+06,1.1278e+07,0,0,0,0,62.3362,61.308,5.15829,0,1,1.1727,1.1727,0,0.877283,1.69344,9.06595e+06,3.9903e+06,1.06316e+07,0,0,0,1.01307e+08
103.622,103.622,5.36457,0,0,2.58635,2.58635,0,0.484481,4.89888,4.3624e+06,2.98533e+06,1.12827e+07,0,0,0,0,62.3362,61.308,5.87221,0,1,1.17319,1.17319,0,0.906028,1.69344,9.06595e+06,3.9903e+06,1.06361e+07,0,0,0,1.01307e+08
103.622,103.622,6.85713,0,0,2.58742,2.58742,0,0.484682,4.89888,4.3624e+06,2.98533e+06,1.12874e+07,0,0,0,0,62.3362,61.308,7.37121,0,1,1.17367,1.17367,0,0.906404,1.69344,9.06595e+06,3.9903e+06,1.06405e+07,0,0,0,1.01307e+08
103.622,103.622,11.9272,0,0,2.58849,2.58849,0,0.484883,4.89888,4.3624e+06,2.98533e+06,1.1292e+07,0,0,0,0,62.3362,61.308,11.7497,0,1,1.17416,1.17416,0,0.90678,1.69344,9.06595e+06,3.9903e+06,1.06449e+07,0,0,0,1.01307e+08
103.622,103.622,10.6204,0,0,2.84215,2.84215,0,0.485084,4.89888,4.3624e+06,2.98533e+06,1.23986e+07,0,0,0,0,62.3362,61.308,8.6412,0,1,1.31276,1.31276,0,0.907155,1.69344,9.06595e+06,3.9903e+06,1.19014e+07,0,0,0,1.01307e+08
103.622,103.622,7.0935,0,0,2.84332,2.84332,0,0.532618,4.89888,4.3624e+06,2.98533e+06,1.24037e+07,0,0,0,0,62.3362,61.308,9.8476,0,1,1.3133,1.3133,0,1.01424,1.69344,9.06595e+06,3.9903e+06,1.19063e+07,0,0,0,1.01307e+08
103.622,103.622,8.86275,0,0,2.8445,2.8445,0,0.532839,4.89888,4.3624e+06,2.98533e+06,1.24089e+07,0,0,0,0,62.3362,61.308,11.1092,0,1,1.31385,1.31385,0,1.01466,1.69344,9.06595e+06,3.9903e+06,1.19113e+07,0,0,0,1.01307e+08
103.622,103.622,8.05648,0,0,2.84568,2.84568,0,0.53306,4.89888,4.3624e+06,2.98533e+06,1.2414e+07,0,0,0,0,62.3362,61.308,9.90852,0,1,1.31439,1.31439,0,1.01508,1.69344,9.06595e+06,3.9903e+06,1.19162e+07,0,0,0,1.01307e+08
103.622,103.622,7.83737,0,0,2.486,2.486,0,0.53328,4.89888,4.3624e+06,2.98533e+06,1.08449e+07,0,0,0,0,62.3362,61.308,9.53397,0,1,1.12928,1.12928,0,1.0155,1.69344,9.06595e+06,3.9903e+06,1.0238e+07,0,0,0,1.01307e+08
103.622,103.622,11.8215,0,0,2.48703,2.48703,0,0.465877,4.89888,4.3624e+06,2.98533e+06,1.08494e+07,0,0,0,0,62.3362,61.308,12.7462,0,1,1.12975,1.12975,0,0.87248,1.69344,9.06595e+06,3.9903e+06,1.02422e+07,0,0,0,1.01307e+08
103.622,103.622,10.4354,0,0,2.48806,2.48806,0,0.466069,4.89888,4.3624e+06,2.98533e+06,1.08539e+07,0,0,0,0,62.3362,61.308,9.69202,0,1,1.13021,1.13021,0,0.872841,1.69344,9.06595e+06,3.9903e+06,1.02465e+07,0,0,0,1.01307e+08
103.622,103.622,10.8944,0,0,2.48909,2.48909,0,0.466262,4.89888,4.3624e+06,2.98533e+06,1.08584e+07,0,0,0,0,62.3362,61.308,9.78222,0,1,1.13068,1.13068,0,0.873203,1.69344,9.06595e+06,3.9903e+06,1.02507e+07,0,0,0,1.01307e+08
103.622,103.622,10.0852,0,0,2.49012,2.49012,0,0.466455,4.89888,4.3624e+06,2.98533e+06,1.08629e+07,0,0,0,0,62.3362,61.308,9.10475,0,1,1.13115,1.13115,0,0.873564,1.69344,9.06595e+06,3.9903e+06,1.02549e+07,0,0,0,1.01307e+08
103.622,103.622,9.25956,0,0,2.58217,2.58217,0,0.466648,4.89888,4.3624e+06,2.98533e+06,1.12645e+07,0,0,0,0,62.3362,61.308,15.117,0,1,1.17713,1.17713,0,0.873925,1.69344,9.06595e+06,3.9903e+06,1.06718e+07,0,0,0,1.01307e+08
103.622,103.622,10.2035,0,0,2.58324,2.58324,0,0.483899,4.89888,4.3624e+06,2.98533e+06,1.12691e+07,0,0,0,0,62.3362,61.308,18.0594,0,1,1.17762,1.17762,0,0.90945,1.69344,9.06595e+06,3.9903e+06,1.06762e+07,0,0,0,1.01307e+08
103.622,103.622,8.44736,0,0,2.58431,2.58431,0,0.484099,4.89888,4.3624e+06,2.98533e+06,1.12738e+07,0,0,0,0,62.3362,61.308,13.7685,0,1,1.1781,1.1781,0,0.909826,1.69344,9.06595e+06,3.9903e+06,1.06806e+07,0,0,0,1.01307e+08
103.622,103.622,7.05135,0,0,2.58538,2.58538,0,0.484299,4.89888,4.3624e+06,2.98533e+06,1.12784e+07,0,0,0,0,62.3362,61.308,12.8395,0,1,1.17859,1.17859,0,0.910203,1.69344,9.06595e+06,3.9903e+06,1.0685e+07,0,0,0,1.01307e+08
103.622,103.622,6.39417,0,0,2.5508,2.5508,0,0.484499,4.89888,4.3624e+06,2.98533e+06,1.11276e+07,0,0,0,0,62.3362,61.308,10.4768,0,1,1.16137,1.16137,0,0.910579,1.69344,9.06595e+06,3.9903e+06,1.05289e+07,0,0,0,1.01307e+08
103.622,103.622,5.87358,0,0,2.55185,2.55185,0,0.478019,4.89888,4.3624e+06,2.98533e+06,1.11322e+07,0,0,0,0,62.3362,61.308,8.7913,0,1,1.16185,1.16185,0,0.897276,1.69344,9.06595e+06,3.9903e+06,1.05333e+07,0,0,0,1.01307e+08
103.622,103.622,5.55218,0,0,2.55291,2.55291,0,0.478217,4.89888,4.3624e+06,2.98533e+06,1.11368e+07,0,0,0,0,62.3362,61.308,8.25559,0,1,1.16233,1.16233,0,0.897647,1.69344,9.06595e+06,3.9903e+06,1.05376e+07,0,0,0,1.01307e+08
103.622,103.622,5.16531,0,0,2.55396,2.55396,0,0.478414,4.89888,4.3624e+06,2.98533e+06,1.11414e+07,0,0,0,0,62.3362,61.308,8.16025,0,1,1.16281,1.16281,0,0.898018,1.69344,9.06595e+06,3.9903e+06,1.0542e+07,0,0,0,1.01307e+08
103.622,103.622,4.9667,0,0,2.67622,2.67622,0,0.478612,4.89888,4.3624e+06,2.98533e+06,1.16747e+07,0,0,0,0,62.3362,61.308,7.7406,0,1,1.22619,1.22619,0,0.898389,1.69344,9.06595e+06,3.9903e+06,1.11165e+07,0,0,0,1.01307e+08
103.622,103.622,4.54041,0,0,2.67732,2.67732,0,0.501523,4.89888,4.3624e+06,2.98533e+06,1.16795e+07,0,0,0,0,62.3362,61.308,6.64539,0,1,1.22669,1.22669,0,0.947351,1.69344,9.06595e+06,3.9903e+06,1.11211e+07,0,0,0,1.01307e+08
103.622,103.622,3.74077,0,0,2.67843,2.67843,0,0.50173,4.89888,4.3624e+06,2.98533e+06,1.16844e+07,0,0,0,0,62.3362,61.308,6.40045,0,1,1.2272,1.2272,0,0.947743,1.69344,9.06595e+06,3.9903e+06,1.11257e+07,0,0,0,1.01307e+08
103.622,103.622,3.78796,0,0,2.67953,2.67953,0,0.501937,4.89888,4.3624e+06,2.98533e+06,1.16892e+07,0,0,0,0,62.3362,61.308,5.44606,0,1,1.22771,1.22771,0,0.948134,1.69344,9.06595e+06,3.9903e+06,1.11303e+07,0,0,0,1.01307e+08
103.622,103.622,3.26716,0,0,2.68064,2.68064,0,0.502145,4.89888,4.3624e+06,2.98533e+06,1.1694e+07,0,0,0,0,62.3362,61.308,4.67395,0,1,1.22821,1.22821,0,0.948526,1.69344,9.06595e+06,3.9903e+06,1.11349e+07,0,0,0,1.01307e+08
103.622,103.622,4.57223,0,0,2.65773,2.65773,0,0.502352,4.89888,4.3624e+06,2.98533e+06,1.15941e+07,0,0,0,0,62.3362,61.308,4.20535,0,1,1.26336,1.26336,0,0.948917,1.69344,9.06595e+06,3.9903e+06,1.14535e+07,0,0,0,1.01307e+08
103.622,103.622,4.71861,0,0,2.65882,2.65882,0,0.498058,4.89888,4.3624e+06,2.98533e+06,1.15989e+07,0,0,0,0,62.3362,61.308,4.38017,0,1,1.26388,1.26388,0,0.976071,1.69344,9.06595e+06,3.9903e+06,1.14583e+07,0,0,0,1.01307e+08
103.622,103.622,4.56747,0,0,2.65992,2.65992,0,0.498264,4.89888,4.3624e+06,2.98533e+06,1.16036e+07,0,0,0,0,62.3362,61.308,4.29336,0,1,1.2644,1.2644,0,0.976474,1.69344,9.06595e+06,3.9903e+06,1.1463e+07,0,0,0,1.01307e+08
103.622,103.622,4.18192,0,0,2.66102,2.66102,0,0.498469,4.89888,4.3624e+06,2.98533e+06,1.16084e+07,0,0,0,0,62.3362,61.308,4.22329,0,1,1.26492,1.26492,0,0.976876,1.69344,9.06595e+06,3.9903e+06,1.14677e+07,0,0,0,1.01307e+08
103.622,103.622,3.97766,0,0,2.72425,2.72425,0,0.498675,4.89888,4.3624e+06,2.98533e+06,1.18842e+07,0,0,0,0,62.3362,61.308,4.00365,0,1,1.29637,1.29637,0,0.977279,1.69344,9.06595e+06,3.9903e+06,1.17528e+07,0,0,0,1.01307e+08
103.622,103.622,3.83347,0,0,2.72537,2.72537,0,0.510524,4.89888,4.3624e+06,2.98533e+06,1.18891e+07,0,0,0,0,62.3362,61.308,3.73597,0,1,1.2969,1.2969,0,1.00157,1.69344,9.06595e+06,3.9903e+06,1.17576e+07,0,0,0,1.01307e+08
103.622,103.622,3.47461,0,0,2.72649,2.72649,0,0.510734,4.89888,4.3624e+06,2.98533e+06,1.1894e+07,0,0,0,0,62.3362,61.308,3.59241,0,1,1.29744,1.29744,0,1.00199,1.69344,9.06595e+06,3.9903e+06,1.17625e+07,0,0,0,1.01307e+08
103.622,103.622,3.17015,0,0,2.72762,2.72762,0,0.510945,4.89888,4.3624e+06,2.98533e+06,1.18989e+07,0,0,0,0,62.3362,61.308,3.29365,0,1,1.29797,1.29797,0,1.0024,1.69344,9.06595e+06,3.9903e+06,1.17673e+07,0,0,0,1.01307e+08
103.541,103.622,2.77907,0,0,2.91098,2.91098,0,0.511155,4.89888,4.3624e+06,2.98533e+06,1.26989e+07,0,0,0,0,62.3362,61.308,3.26245,0,1,1.4103,1.4103,0,1.00281,1.69344,9.06595e+06,3.9903e+06,1.27857e+07,0,0,0,1.01307e+08
103.245,103.622,2.48111,0,0,2.91218,2.91218,0,0.545518,4.89888,4.3624e+06,2.98533e+06,1.27041e+07,0,0,0,0,62.1198,61.308,2.49586,0,1,1.41088,1.41088,0,1.0896,1.69344,9.06595e+06,3.9903e+06,1.2791e+07,0,0,0,1.01307e+08
103.174,103.622,2.74351,0,0,2.91338,2.91338,0,0.545743,4.89888,4.3624e+06,2.98533e+06,1.27093e+07,0,0,0,0,62.0148,61.308,3.09726,0,1,1.41146,1.41146,0,1.09005,1.69344,9.06595e+06,3.9903e+06,1.27963e+07,0,0,0,1.01307e+08
102.607,103.622,2.22899,0,0,2.91458,2.91458,0,0.545968,4.89888,4.3624e+06,2.98533e+06,1.27146e+07,0,0,0,0,61.7472,61.308,2.1673,0,1,1.41205,1.41205,0,1.0905,1.69344,9.06595e+06,3.9903e+06,1.28015e+07,0,0,0,1.01307e+08
102.538,103.622,2.74988,0,0,2.91578,2.91578,0,0.546192,4.89888,4.3624e+06,2.98533e+06,1.27198e+07,0,0,0,0,61.7802,61.308,4.02235,0,1,1.41263,1.41263,0,1.09095,1.69344,9.06595e+06,3.9903e+06,1.28068e+07,0,0,0,1.01307e+08
103.005,103.622,3.33082,0,0,2.82798,2.82798,0,0.546417,4.89888,4.3624e+06,2.98533e+06,1.23368e+07,0,0,0,0,62.0387,61.308,4.11194,0,1,1.34521,1.34521,0,1.0914,1.69344,9.06595e+06,3.9903e+06,1.21956e+07,0,0,0,1.01307e+08
101.914,103.622,1.71078,0,0,2.82915,2.82915,0,0.529964,4.89888,4.3624e+06,2.98533e+06,1.23419e+07,0,0,0,0,61.9669,61.308,2.42179,0,1,1.34577,1.34577,0,1.03931,1.69344,9.06595e+06,3.9903e+06,1.22007e+07,0,0,0,1.01307e+08
100.87,103.622,1.67764,0,0,2.83031,2.83031,0,0.530182,4.89888,4.3624e+06,2.98533e+06,1.23469e+07,0,0,0,0,61.9386,61.308,2.183,0,1,1.34632,1.34632,0,1.03974,1.69344,9.06595e+06,3.9903e+06,1.22057e+07,0,0,0,1.01307e+08
102.401,103.622,4.58858,0,0,2.83148,2.83148,0,0.5304,4.89888,4.3624e+06,2.98533e+06,1.2352e+07,0,0,0,0,62.3362,61.308,5.28067,0,1,1.34688,1.34688,0,1.04017,1.69344,9.06595e+06,3.9903e+06,1.22107e+07,0,0,0,1.01307e+08
102.103,103.622,2.68235,0,0,2.75947,2.75947,0,0.530619,4.89888,4.3624e+06,2.98533e+06,1.20379e+07,0,0,0,0,62.3362,61.308,2.6611,0,1,1.28543,1.28543,0,1.0406,1.69344,9.06595e+06,3.9903e+06,1.16537e+07,0,0,0,1.01307e+08
100.194,103.622,0.941782,0,0,2.7606,2.7606,0,0.517124,4.89888,4.3624e+06,2.98533e+06,1.20428e+07,0,0,0,0,62.3362,61.308,2.00398,0,1,1.28596,1.28596,0,0.993126,1.69344,9.06595e+06,3.9903e+06,1.16585e+07,0,0,0,1.01307e+08
99.0517,103.622,1.71326,0,0,2.76174,2.76174,0,0.517337,4.89888,4.3624e+06,2.98533e+06,1.20478e+07,0,0,0,0,62.3362,61.308,2.64286,0,1,1.28649,1.28649,0,0.993535,1.69344,9.06595e+06,3.9903e+06,1.16633e+07,0,0,0,1.01307e+08
100.778,103.622,4.99271,0,0,2.76287,2.76287,0,0.51755,4.89888,4.3624e+06,2.98533e+06,1.20528e+07,0,0,0,0,62.3362,61.308,4.3194,0,1,1.28702,1.28702,0,0.993944,1.69344,9.06595e+06,3.9903e+06,1.16681e+07,0,0,0,1.01307e+08
100.528,103.622,2.60949,0,0,2.55585,2.55585,0,0.517763,4.89888,4.3624e+06,2.98533e+06,1.11496e+07,0,0,0,0,62.265,61.308,3.10851,0,1,1.15822,1.15822,0,0.994353,1.69344,9.06595e+06,3.9903e+06,1.05004e+07,0,0,0,1.01307e+08
100.002,103.622,2.25225,0,0,2.5569,2.5569,0,0.478966,4.89888,4.3624e+06,2.98533e+06,1.11542e+07,0,0,0,0,62.1839,61.308,1.53354,0,1,1.1587,1.1587,0,0.894841,1.69344,9.06595e+06,3.9903e+06,1.05047e+07,0,0,0,1.01307e+08
100.812,103.622,3.88395,0,0,2.55795,2.55795,0,0.479163,4.89888,4.3624e+06,2.98533e+06,1.11588e+07,0,0,0,0,62.3362,61.308,3.77768,0,1,1.15917,1.15917,0,0.895209,1.69344,9.06595e+06,3.9903e+06,1.0509e+07,0,0,0,1.01307e+08
102.074,103.622,4.3388,0,0,2.559,2.559,0,0.47936,4.89888,4.3624e+06,2.98533e+06,1.11634e+07,0,0,0,0,62.3362,61.308,3.239,0,1,1.15965,1.15965,0,0.895577,1.69344,9.06595e+06,3.9903e+06,1.05133e+07,0,0,0,1.01307e+08
103.622,103.622,4.72261,0,0,2.56005,2.56005,0,0.479557,4.89888,4.3624e+06,2.98533e+06,1.1168e+07,0,0,0,0,62.3291,61.308,2.21495,0,1,1.16013,1.16013,0,0.895945,1.69344,9.06595e+06,3.9903e+06,1.05176e+07,0,0,0,1.01307e+08
103.622,103.622,3.92565,0,0,2.64131,2.64131,0,0.479754,4.89888,4.3624e+06,2.98533e+06,1.15225e+07,0,0,0,0,62.3362,61.308,4.60965,0,1,1.19812,1.19812,0,0.896313,1.69344,9.06595e+06,3.9903e+06,1.08621e+07,0,0,0,1.01307e+08
103.622,103.622,4.51074,0,0,2.64236,2.64236,0,0.494982,4.89888,4.3624e+06,2.98533e+06,1.1527e+07,0,0,0,0,62.3362,61.308,4.81725,0,1,1.19859,1.19859,0,0.925666,1.69344,9.06595e+06,3.9903e+06,1.08664e+07,0,0,0,1.01307e+08
103.622,103.622,3.43389,0,0,2.64341,2.64341,0,0.495178,4.89888,4.3624e+06,2.98533e+06,1.15316e+07,0,0,0,0,62.3362,61.308,4.14688,0,1,1.19907,1.19907,0,0.926033,1.69344,9.06595e+06,3.9903e+06,1.08707e+07,0,0,0,1.01307e+08
103.354,103.622,2.79852,0,0,2.64445,2.64445,0,0.495374,4.89888,4.3624e+06,2.98533e+06,1.15362e+07,0,0,0,0,62.3362,61.308,3.62554,0,1,1.19954,1.19954,0,0.9264,1.69344,9.06595e+06,3.9903e+06,1.0875e+07,0,0,0,1.01307e+08
102.75,103.622,2.73496,0,0,2.90354,2.90354,0,0.495571,4.89888,4.3624e+06,2.98533e+06,1.26664e+07,0,0,0,0,62.3362,61.308,3.56273,0,1,1.34112,1.34112,0,0.926767,1.69344,9.06595e+06,3.9903e+06,1.21585e+07,0,0,0,1.01307e+08
101.923,103.622,2.43489,0,0,2.90469,2.90469,0,0.544123,4.89888,4.3624e+06,2.98533e+06,1.26714e+07,0,0,0,0,62.3362,61.308,3.29776,0,1,1.34165,1.34165,0,1.03615,1.69344,9.06595e+06,3.9903e+06,1.21633e+07,0,0,0,1.01307e+08
101.009,103.622,2.33347,0,0,2.90584,2.90584,0,0.544339,4.89888,4.3624e+06,2.98533e+06,1.26764e+07,0,0,0,0,62.3362,61.308,3.46498,0,1,1.34218,1.34218,0,1.03656,1.69344,9.06595e+06,3.9903e+06,1.21681e+07,0,0,0,1.01307e+08
100.552,103.622,3.03038,0,0,2.90699,2.90699,0,0.544555,4.89888,4.3624e+06,2.98533e+06,1.26815e+07,0,0,0,0,62.3362,61.308,4.16159,0,1,1.34271,1.34271,0,1.03697,1.69344,9.06595e+06,3.9903e+06,1.2173e+07,0,0,0,1.01307e+08
100.973,103.622,3.62095,0,0,2.53952,2.53952,0,0.54477,4.89888,4.3624e+06,2.98533e+06,1.10784e+07,0,0,0,0,62.3362,61.308,4.2139,0,1,1.15359,1.15359,0,1.03738,1.69344,9.06595e+06,3.9903e+06,1.04584e+07,0,0,0,1.01307e+08
102.581,103.622,4.6841,0,0,2.54052,2.54052,0,0.475906,4.89888,4.3624e+06,2.98533e+06,1.10828e+07,0,0,0,0,62.3362,61.308,5.02775,0,1,1.15405,1.15405,0,0.891263,1.69344,9.06595e+06,3.9903e+06,1.04625e+07,0,0,0,1.01307e+08
103.622,103.622,6.56382,0,0,2.54153,2.54153,0,0.476094,4.89888,4.3624e+06,2.98533e+06,1.10872e+07,0,0,0,0,62.3362,61.308,8.31521,0,1,1.1545,1.1545,0,0.891616,1.69344,9.06595e+06,3.9903e+06,1.04667e+07,0,0,0,1.01307e+08
103.622,103.622,4.51071,0,0,2.54254,2.54254,0,0.476283,4.89888,4.3624e+06,2.98533e+06,1.10916e+07,0,0,0,0,62.3362,61.308,4.93963,0,1,1.15496,1.15496,0,0.891969,1.69344,9.06595e+06,3.9903e+06,1.04708e+07,0,0,0,1.01307e+08
103.622,103.622,5.82453,0,0,2.54354,2.54354,0,0.476471,4.89888,4.3624e+06,2.98533e+06,1.1096e+07,0,0,0,0,62.3362,61.308,6.76273,0,1,1.15542,1.15542,0,0.892322,1.69344,9.06595e+06,3.9903e+06,1.0475e+07,0,0,0,1.01307e+08
103.622,103.622,6.83484,0,0,2.63752,2.63752,0,0.47666,4.89888,4.3624e+06,2.98533e+06,1.15059e+07,0,0,0,0,62.3362,61.308,9.96083,0,1,1.20236,1.20236,0,0.892675,1.69344,9.06595e+06,3.9903e+06,1.09006e+07,0,0,0,1.01307e+08
103.622,103.622,4.25181,0,0,2.63857,2.63857,0,0.494272,4.89888,4.3624e+06,2.98533e+06,1.15105e+07,0,0,0,0,62.3362,61.308,7.81526,0,1,1.20284,1.20284,0,0.928945,1.69344,9.06595e+06,3.9903e+06,1.09049e+07,0,0,0,1.01307e+08
103.622,103.622,3.43658,0,0,2.63961,2.63961,0,0.494467,4.89888,4.3624e+06,2.98533e+06,1.1515e+07,0,0,0,0,62.3362,61.308,6.52643,0,1,1.20331,1.20331,0,0.929313,1.69344,9.06595e+06,3.9903e+06,1.09092e+07,0,0,0,1.01307e+08
103.622,103.622,3.65723,0,0,2.64065,2.64065,0,0.494663,4.89888,4.3624e+06,2.98533e+06,1.15196e+07,0,0,0,0,62.3362,61.308,7.41023,0,1,1.20379,1.20379,0,0.929681,1.69344,9.06595e+06,3.9903e+06,1.09135e+07,0,0,0,1.01307e+08
103.622,103.622,3.91034,0,0,2.60529,2.60529,0,0.494859,4.89888,4.3624e+06,2.98533e+06,1.13653e+07,0,0,0,0,62.3362,61.308,7.47496,0,1,1.18618,1.18618,0,0.930049,1.69344,9.06595e+06,3.9903e+06,1.07539e+07,0,0,0,1.01307e+08
103.509,103.622,2.73705,0,0,2.60632,2.60632,0,0.488231,4.89888,4.3624e+06,2.98533e+06,1.13698e+07,0,0,0,0,62.3362,61.308,3.71883,0,1,1.18665,1.18665,0,0.916445,1.69344,9.06595e+06,3.9903e+06,1.07581e+07,0,0,0,1.01307e+08
103.202,103.622,2.46516,0,0,2.60735,2.60735,0,0.488424,4.89888,4.3624e+06,2.98533e+06,1.13743e+07,0,0,0,0,62.3362,61.308,3.26949,0,1,1.18712,1.18712,0,0.916807,1.69344,9.06595e+06,3.9903e+06,1.07624e+07,0,0,0,1.01307e+08
102.862,103.622,2.395,0,0,2.60838,2.60838,0,0.488618,4.89888,4.3624e+06,2.98533e+06,1.13788e+07,0,0,0,0,62.3362,61.308,3.4129,0,1,1.18759,1.18759,0,0.91717,1.69344,9.06595e+06,3.9903e+06,1.07666e+07,0,0,0,1.01307e+08
102.267,103.622,2.22866,0,0,2.7332,2.7332,0,0.488811,4.89888,4.3624e+06,2.98533e+06,1.19233e+07,0,0,0,0,62.3362,61.308,3.18617,0,1,1.25229,1.25229,0,0.917532,1.69344,9.06595e+06,3.9903e+06,1.13532e+07,0,0,0,1.01307e+08
101.619,103.622,2.12421,0,0,2.73428,2.73428,0,0.512201,4.89888,4.3624e+06,2.98533e+06,1.1928e+07,0,0,0,0,62.3362,61.308,2.81053,0,1,1.25279,1.25279,0,0.967521,1.69344,9.06595e+06,3.9903e+06,1.13577e+07,0,0,0,1.01307e+08
100.881,103.622,2.00917,0,0,2.73536,2.73536,0,0.512403,4.89888,4.3624e+06,2.98533e+06,1.19327e+07,0,0,0,0,62.3362,61.308,2.53069,0,1,1.25328,1.25328,0,0.967904,1.69344,9.06595e+06,3.9903e+06,1.13622e+07,0,0,0,1.01307e+08
100.02,103.622,1.83031,0,0,2.73644,2.73644,0,0.512606,4.89888,4.3624e+06,2.98533e+06,1.19374e+07,0,0,0,0,62.3362,61.308,2.43469,0,1,1.25378,1.25378,0,0.968286,1.69344,9.06595e+06,3.9903e+06,1.13667e+07,0,0,0,1.01307e+08
99.091,103.622,1.74063,0,0,2.73752,2.73752,0,0.512808,4.89888,4.3624e+06,2.98533e+06,1.19421e+07,0,0,0,0,62.2461,61.308,2.29283,0,1,1.25427,1.25427,0,0.968669,1.69344,9.06595e+06,3.9903e+06,1.13712e+07,0,0,0,1.01307e+08
97.795,103.622,1.32041,0,0,2.71407,2.71407,0,0.513011,4.89888,4.3624e+06,2.98533e+06,1.18399e+07,0,0,0,0,62.3016,61.308,2.07304,0,1,1.29014,1.29014,0,0.969051,1.69344,9.06595e+06,3.9903e+06,1.16964e+07,0,0,0,1.01307e+08
96.3155,103.622,1.11117,0,0,2.71514,2.71514,0,0.508617,4.89888,4.3624e+06,2.98533e+06,1.18445e+07,0,0,0,0,62.1192,61.308,2.03399,0,1,1.29065,1.29065,0,0.996763,1.69344,9.06595e+06,3.9903e+06,1.1701e+07,0,0,0,1.01307e+08
94.7647,103.622,1.02202,0,0,2.71622,2.71622,0,0.508818,4.89888,4.3624e+06,2.98533e+06,1.18492e+07,0,0,0,0,62.1199,61.308,1.80103,0,1,1.29116,1.29116,0,0.997157,1.69344,9.06595e+06,3.9903e+06,1.17056e+07,0,0,0,1.01307e+08
93.1724,103.622,0.941773,0,0,2.71729,2.71729,0,0.509019,4.89888,4.3624e+06,2.98533e+06,1.18539e+07,0,0,0,0,62.1017,61.308,1.76356,0,1,1.29167,1.29167,0,0.997551,1.69344,9.06595e+06,3.9903e+06,1.17102e+07,0,0,0,1.01307e+08
91.5134,103.622,0.902207,0,0,2.7818,2.7818,0,0.50922,4.89888,4.3624e+06,2.98533e+06,1.21353e+07,0,0,0,0,62.008,61.308,1.76355,0,1,1.32376,1.32376,0,0.997945,1.69344,9.06595e+06,3.9903e+06,1.20011e+07,0,0,0,1.01307e+08
89.8136,103.622,0.85793,0,0,2.7829,2.7829,0,0.52131,4.89888,4.3624e+06,2.98533e+06,1.21401e+07,0,0,0,0,61.7521,61.308,1.79809,0,1,1.32428,1.32428,0,1.02273,1.69344,9.06595e+06,3.9903e+06,1.20058e+07,0,0,0,1.01307e+08
88.0622,103.622,0.783437,0,0,2.784,2.784,0,0.521515,4.89888,4.3624e+06,2.98533e+06,1.21449e+07,0,0,0,0,61.7676,61.308,1.59112,0,1,1.3248,1.3248,0,1.02314,1.69344,9.06595e+06,3.9903e+06,1.20106e+07,0,0,0,1.01307e+08
86.4427,103.622,0.945262,0,0,2.7851,2.7851,0,0.521721,4.89888,4.3624e+06,2.98533e+06,1.21497e+07,0,0,0,0,61.9535,61.308,2.17768,0,1,1.32532,1.32532,0,1.02354,1.69344,9.06595e+06,3.9903e+06,1.20153e+07,0,0,0,1.01307e+08
84.7068,103.622,0.943635,0,0,2.97227,2.97227,0,0.521927,4.89888,4.3624e+06,2.98533e+06,1.29662e+07,0,0,0,0,62.0425,61.308,2.23061,0,1,1.44,1.44,0,1.02394,1.69344,9.06595e+06,3.9903e+06,1.30549e+07,0,0,0,1.01307e+08
82.8456,103.622,0.830129,0,0,2.97344,2.97344,0,0.557004,4.89888,4.3624e+06,2.98533e+06,1.29714e+07,0,0,0,0,61.9447,61.308,1.8906,0,1,1.44056,1.44056,0,1.11254,1.69344,9.06595e+06,3.9903e+06,1.30601e+07,0,0,0,1.01307e+08
81.0402,103.622,0.877947,0.01,0,2.97462,2.97462,0,0.557224,4.89888,4.3624e+06,2.98533e+06,1.29765e+07,0,0,0,0,61.7548,61.308,2.15374,0,1,1.44113,1.44113,0,1.11298,1.69344,9.06595e+06,3.9903e+06,1.30652e+07,0,0,0,1.01307e+08
79.1098,103.622,0.715241,0.01,0,2.97579,2.97579,0,0.557443,4.89888,4.3624e+06,2.98533e+06,1.29816e+07,0,0,0,0,61.5322,61.308,1.61724,0,1,1.4417,1.4417,0,1.11342,1.69344,9.06595e+06,3.9903e+06,1.30704e+07,0,0,0,1.01307e+08
77.3125,103.622,0.873222,0.01,0,2.97696,2.97696,0,0.557663,4.89888,4.3624e+06,2.98533e+06,1.29867e+07,0,0,0,0,61.6306,61.308,2.65477,0,1,1.44227,1.44227,0,1.11386,1.69344,9.06595e+06,3.9903e+06,1.30755e+07,0,0,0,1.01307e+08
75.7264,103.622,1.05449,0.01,0,2.88727,2.88727,0,0.557883,4.89888,4.3624e+06,2.98533e+06,1.25954e+07,0,0,0,0,62.3063,61.308,4.09092,0,1,1.37342,1.37342,0,1.1143,1.69344,9.06595e+06,3.9903e+06,1.24513e+07,0,0,0,1.01307e+08
74.2224,103.622,1.07782,0.01,0,2.88841,2.88841,0,0.541074,4.89888,4.3624e+06,2.98533e+06,1.26004e+07,0,0,0,0,62.3362,61.308,2.52325,0,1,1.37396,1.37396,0,1.0611,1.69344,9.06595e+06,3.9903e+06,1.24562e+07,0,0,0,1.01307e+08
72.7107,103.622,1.04723,0.01,0,2.88955,2.88955,0,0.541288,4.89888,4.3624e+06,2.98533e+06,1.26053e+07,0,0,0,0,62.3362,61.308,2.31596,0,1,1.3745,1.3745,0,1.06152,1.69344,9.06595e+06,3.9903e+06,1.24611e+07,0,0,0,1.01307e+08
71.9446,103.622,2.22861,0.01,0,2.89068,2.89068,0,0.541501,4.89888,4.3624e+06,2.98533e+06,1.26103e+07,0,0,0,0,62.3362,61.308,3.85798,0,1,1.37504,1.37504,0,1.06194,1.69344,9.06595e+06,3.9903e+06,1.2466e+07,0,0,0,1.01307e+08
72.1011,103.622,2.93936,0.02,0,2.81712,2.81712,0,0.541714,4.89888,4.3624e+06,2.98533e+06,1.22894e+07,0,0,0,0,62.3362,61.308,4.07648,0,1,1.31229,1.31229,0,1.06236,1.69344,9.06595e+06,3.9903e+06,1.18972e+07,0,0,0,1.01307e+08
71.0604,103.622,1.60686,0.02,0,2.81823,2.81823,0,0.527928,4.89888,4.3624e+06,2.98533e+06,1.22942e+07,0,0,0,0,62.3362,61.308,2.70415,0,1,1.31281,1.31281,0,1.01388,1.69344,9.06595e+06,3.9903e+06,1.19018e+07,0,0,0,1.01307e+08
70.584,103.622,2.27089,0.02,0,2.81934,2.81934,0,0.528136,4.89888,4.3624e+06,2.98533e+06,1.22991e+07,0,0,0,0,62.3362,61.308,3.42266,0,1,1.31332,1.31332,0,1.01427,1.69344,9.06595e+06,3.9903e+06,1.19065e+07,0,0,0,1.01307e+08
71.9198,103.622,4.34249,0.02,0,2.82045,2.82045,0,0.528344,4.89888,4.3624e+06,2.98533e+06,1.23039e+07,0,0,0,0,62.3362,61.308,4.82436,0,1,1.31384,1.31384,0,1.01467,1.69344,9.06595e+06,3.9903e+06,1.19112e+07,0,0,0,1.01307e+08
73.1685,103.622,4.2293,0.02,0,2.60906,2.60906,0,0.528552,4.89888,4.3624e+06,2.98533e+06,1.13818e+07,0,0,0,0,62.3362,61.308,5.35002,0,1,1.18234,1.18234,0,1.01507,1.69344,9.06595e+06,3.9903e+06,1.0719e+07,0,0,0,1.01307e+08
74.1336,103.622,3.81644,0.01,0,2.61009,2.61009,0,0.488938,4.89888,4.3624e+06,2.98533e+06,1.13863e+07,0,0,0,0,62.3362,61.308,7.29938,0,1,1.1828,1.1828,0,0.913472,1.69344,9.06595e+06,3.9903e+06,1.07232e+07,0,0,0,1.01307e+08
74.8906,103.622,3.66289,0.01,0,2.61112,2.61112,0,0.489131,4.89888,4.3624e+06,2.98533e+06,1.13907e+07,0,0,0,0,62.3362,61.308,7.34673,0,1,1.18327,1.18327,0,0.913832,1.69344,9.06595e+06,3.9903e+06,1.07274e+07,0,0,0,1.01307e+08
76.8834,103.622,4.89893,0.01,0,2.61214,2.61214,0,0.489323,4.89888,4.3624e+06,2.98533e+06,1.13952e+07,0,0,0,0,62.3362,61.308,9.4756,0,1,1.18373,1.18373,0,0.914191,1.69344,9.06595e+06,3.9903e+06,1.07317e+07,0,0,0,1.01307e+08
78.6155,103.622,5.04895,0.01,0,2.61317,2.61317,0,0.489516,4.89888,4.3624e+06,2.98533e+06,1.13997e+07,0,0,0,0,62.3362,61.308,10.2292,0,1,1.1842,1.1842,0,0.914551,1.69344,9.06595e+06,3.9903e+06,1.07359e+07,0,0,0,1.01307e+08
87.2131,103.622,12.3633,0.01,0,2.69607,2.69607,0,0.489708,4.89888,4.3624e+06,2.98533e+06,1.17613e+07,0,0,0,0,62.3362,61.308,11.5578,0,1,1.22296,1.22296,0,0.914911,1.69344,9.06595e+06,3.9903e+06,1.10873e+07,0,0,0,1.01307e+08
90.7817,103.622,7.14465,0,0,2.69709,2.69709,0,0.505243,4.89888,4.3624e+06,2.98533e+06,1.17658e+07,0,0,0,0,62.3362,61.308,7.00827,0,1,1.22342,1.22342,0,0.944855,1.69344,9.06595e+06,3.9903e+06,1.10915e+07,0,0,0,1.01307e+08
92.6025,103.622,4.91557,0,0,2.69811,2.69811,0,0.505435,4.89888,4.3624e+06,2.98533e+06,1.17702e+07,0,0,0,0,62.3362,61.308,5.79104,0,1,1.22388,1.22388,0,0.945214,1.69344,9.06595e+06,3.9903e+06,1.10957e+07,0,0,0,1.01307e+08
94.7687,103.622,5.43865,0,0,2.69914,2.69914,0,0.505626,4.89888,4.3624e+06,2.98533e+06,1.17747e+07,0,0,0,0,62.3362,61.308,6.83206,0,1,1.22435,1.22435,0,0.945572,1.69344,9.06595e+06,3.9903e+06,1.10999e+07,0,0,0,1.01307e+08
98.3951,103.622,7.37706,0,0,2.96353,2.96353,0,0.505818,4.89888,4.3624e+06,2.98533e+06,1.29281e+07,0,0,0,0,62.3362,61.308,7.27853,0,1,1.36882,1.36882,0,0.94593,1.69344,9.06595e+06,3.9903e+06,1.24097e+07,0,0,0,1.01307e+08
103.198,103.622,9.01502,0,0,2.96465,2.96465,0,0.555365,4.89888,4.3624e+06,2.98533e+06,1.2933e+07,0,0,0,0,62.3362,61.308,9.21612,0,1,1.36934,1.36934,0,1.05755,1.69344,9.06595e+06,3.9903e+06,1.24144e+07,0,0,0,1.01307e+08
103.622,103.622,5.67237,0,0,2.96577,2.96577,0,0.555575,4.89888,4.3624e+06,2.98533e+06,1.29379e+07,0,0,0,0,62.3362,61.308,5.753,0,1,1.36986,1.36986,0,1.05795,1.69344,9.06595e+06,3.9903e+06,1.24191e+07,0,0,0,1.01307e+08
103.622,103.622,6.20827,0,0,2.9669,2.9669,0,0.555786,4.89888,4.3624e+06,2.98533e+06,1.29428e+07,0,0,0,0,62.3362,61.308,4.96741,0,1,1.37038,1.37038,0,1.05835,1.69344,9.06595e+06,3.9903e+06,1.24238e+07,0,0,0,1.01307e+08
103.622,103.622,4.30464,0,0,2.5918,2.5918,0,0.555996,4.89888,4.3624e+06,2.98533e+06,1.13065e+07,0,0,0,0,62.3362,61.308,4.43442,0,1,1.17734,1.17734,0,1.05875,1.69344,9.06595e+06,3.9903e+06,1.06737e+07,0,0,0,1.01307e+08
103.622,103.622,7.43287,0,0,2.59279,2.59279,0,0.485704,4.89888,4.3624e+06,2.98533e+06,1.13108e+07,0,0,0,0,62.3362,61.308,6.07224,0,1,1.17779,1.17779,0,0.909613,1.69344,9.06595e+06,3.9903e+06,1.06777e+07,0,0,0,1.01307e+08
103.622,103.622,6.04253,0,0,2.59377,2.59377,0,0.485888,4.89888,4.3624e+06,2.98533e+06,1.1315e+07,0,0,0,0,62.3362,61.308,3.94438,0,1,1.17823,1.17823,0,0.909957,1.69344,9.06595e+06,3.9903e+06,1.06818e+07,0,0,0,1.01307e+08
103.622,103.622,4.39174,0,0,2.59475,2.59475,0,0.486072,4.89888,4.3624e+06,2.98533e+06,1.13193e+07,0,0,0,0,62.3362,61.308,3.24257,0,1,1.17868,1.17868,0,0.910301,1.69344,9.06595e+06,3.9903e+06,1.06858e+07,0,0,0,1.01307e+08
103.622,103.622,4.40273,0,0,2.59573,2.59573,0,0.486256,4.89888,4.3624e+06,2.98533e+06,1.13236e+07,0,0,0,0,62.3362,61.308,2.59443,0,1,1.17912,1.17912,0,0.910646,1.69344,9.06595e+06,3.9903e+06,1.06899e+07,0,0,0,1.01307e+08
103.622,103.622,4.91158,0,0,2.69159,2.69159,0,0.48644,4.89888,4.3624e+06,2.98533e+06,1.17418e+07,0,0,0,0,62.3362,61.308,3.97788,0,1,1.22701,1.22701,0,0.910991,1.69344,9.06595e+06,3.9903e+06,1.1124e+07,0,0,0,1.01307e+08
103.622,103.622,5.10865,0,0,2.69261,2.69261,0,0.504404,4.89888,4.3624e+06,2.98533e+06,1.17462e+07,0,0,0,0,62.3362,61.308,4.12534,0,1,1.22748,1.22748,0,0.947989,1.69344,9.06595e+06,3.9903e+06,1.11282e+07,0,0,0,1.01307e+08
103.622,103.622,4.38695,0,0,2.69363,2.69363,0,0.504595,4.89888,4.3624e+06,2.98533e+06,1.17507e+07,0,0,0,0,62.3362,61.308,4.54945,0,1,1.22794,1.22794,0,0.948347,1.69344,9.06595e+06,3.9903e+06,1.11324e+07,0,0,0,1.01307e+08
103.622,103.622,4.72435,0,0,2.69465,2.69465,0,0.504786,4.89888,4.3624e+06,2.98533e+06,1.17551e+07,0,0,0,0,62.3362,61.308,4.22741,0,1,1.2284,1.2284,0,0.948706,1.69344,9.06595e+06,3.9903e+06,1.11367e+07,0,0,0,1.01307e+08
103.622,103.622,3.75281,0,0,2.65851,2.65851,0,0.504977,4.89888,4.3624e+06,2.98533e+06,1.15975e+07,0,0,0,0,62.3362,61.308,3.26862,0,1,1.21042,1.21042,0,0.949065,1.69344,9.06595e+06,3.9903e+06,1.09736e+07,0,0,0,1.01307e+08
103.622,103.622,3.83488,0,0,2.65952,2.65952,0,0.498205,4.89888,4.3624e+06,2.98533e+06,1.16019e+07,0,0,0,0,62.3362,61.308,3.90755,0,1,1.21087,1.21087,0,0.935167,1.69344,9.06595e+06,3.9903e+06,1.09777e+07,0,0,0,1.01307e+08
103.622,103.622,3.58871,0,0,2.66052,2.66052,0,0.498394,4.89888,4.3624e+06,2.98533e+06,1.16063e+07,0,0,0,0,62.3362,61.308,3.83639,0,1,1.21133,1.21133,0,0.93552,1.69344,9.06595e+06,3.9903e+06,1.09819e+07,0,0,0,1.01307e+08
103.622,103.622,3.48127,0,0,2.66153,2.66153,0,0.498582,4.89888,4.3624e+06,2.98533e+06,1.16107e+07,0,0,0,0,62.3362,61.308,4.69286,0,1,1.21179,1.21179,0,0.935874,1.69344,9.06595e+06,3.9903e+06,1.0986e+07,0,0,0,1.01307e+08
103.622,103.622,3.1788,0,0,2.78884,2.78884,0,0.498771,4.89888,4.3624e+06,2.98533e+06,1.2166e+07,0,0,0,0,62.3362,61.308,3.86847,0,1,1.27779,1.27779,0,0.936228,1.69344,9.06595e+06,3.9903e+06,1.15844e+07,0,0,0,1.01307e+08
103.622,103.622,3.06509,0,0,2.78989,2.78989,0,0.522628,4.89888,4.3624e+06,2.98533e+06,1.21706e+07,0,0,0,0,62.3362,61.308,3.7055,0,1,1.27827,1.27827,0,0.987218,1.69344,9.06595e+06,3.9903e+06,1.15887e+07,0,0,0,1.01307e+08
103.594,103.622,2.86292,0,0,2.79095,2.79095,0,0.522826,4.89888,4.3624e+06,2.98533e+06,1.21752e+07,0,0,0,0,62.3362,61.308,3.75163,0,1,1.27875,1.27875,0,0.987591,1.69344,9.06595e+06,3.9903e+06,1.15931e+07,0,0,0,1.01307e+08
103.487,103.622,2.78283,0,0,2.792,2.792,0,0.523023,4.89888,4.3624e+06,2.98533e+06,1.21798e+07,0,0,0,0,62.3362,61.308,3.72014,0,1,1.27924,1.27924,0,0.987964,1.69344,9.06595e+06,3.9903e+06,1.15975e+07,0,0,0,1.01307e+08
103.226,103.622,2.60045,0,0,2.79306,2.79306,0,0.523221,4.89888,4.3624e+06,2.98533e+06,1.21844e+07,0,0,0,0,62.3362,61.308,3.39993,0,1,1.27972,1.27972,0,0.988338,1.69344,9.06595e+06,3.9903e+06,1.16019e+07,0,0,0,1.01307e+08
103.438,103.622,3.03814,0,0,2.76908,2.76908,0,0.523419,4.89888,4.3624e+06,2.98533e+06,1.20799e+07,0,0,0,0,62.3362,61.308,3.48494,0,1,1.31629,1.31629,0,0.988711,1.69344,9.06595e+06,3.9903e+06,1.19334e+07,0,0,0,1.01307e+08
103.622,103.622,3.25729,0,0,2.77013,2.77013,0,0.518927,4.89888,4.3624e+06,2.98533e+06,1.20844e+07,0,0,0,0,62.3362,61.308,3.38665,0,1,1.31679,1.31679,0,1.01697,1.69344,9.06595e+06,3.9903e+06,1.1938e+07,0,0,0,1.01307e+08
103.622,103.622,2.98394,0,0,2.77118,2.77118,0,0.519122,4.89888,4.3624e+06,2.98533e+06,1.2089e+07,0,0,0,0,62.3362,61.308,3.32684,0,1,1.31729,1.31729,0,1.01735,1.69344,9.06595e+06,3.9903e+06,1.19425e+07,0,0,0,1.01307e+08
103.524,103.622,2.71833,0,0,2.77222,2.77222,0,0.519318,4.89888,4.3624e+06,2.98533e+06,1.20935e+07,0,0,0,0,62.3362,61.308,3.01807,0,1,1.31778,1.31778,0,1.01774,1.69344,9.06595e+06,3.9903e+06,1.1947e+07,0,0,0,1.01307e+08
103.298,103.622,2.58113,0,0,2.83799,2.83799,0,0.519514,4.89888,4.3624e+06,2.98533e+06,1.23804e+07,0,0,0,0,62.3362,61.308,2.8494,0,1,1.35049,1.35049,0,1.01812,1.69344,9.06595e+06,3.9903e+06,1.22435e+07,0,0,0,1.01307e+08
103.389,103.622,2.91861,0,0,2.83906,2.83906,0,0.53184,4.89888,4.3624e+06,2.98533e+06,1.23851e+07,0,0,0,0,62.3362,61.308,2.61211,0,1,1.351,1.351,0,1.04339,1.69344,9.06595e+06,3.9903e+06,1.22481e+07,0,0,0,1.01307e+08
103.272,103.622,2.68016,0,0,2.84013,2.84013,0,0.53204,4.89888,4.3624e+06,2.98533e+06,1.23898e+07,0,0,0,0,62.3362,61.308,2.54897,0,1,1.35151,1.35151,0,1.04379,1.69344,9.06595e+06,3.9903e+06,1.22528e+07,0,0,0,1.01307e+08
102.955,103.622,2.452,0,0,2.8412,2.8412,0,0.532241,4.89888,4.3624e+06,2.98533e+06,1.23945e+07,0,0,0,0,62.3362,61.308,2.2419,0,1,1.35202,1.35202,0,1.04418,1.69344,9.06595e+06,3.9903e+06,1.22574e+07,0,0,0,1.01307e+08
102.611,103.622,2.62281,0,0,3.0321,3.0321,0,0.532442,4.89888,4.3624e+06,2.98533e+06,1.32272e+07,0,0,0,0,62.3362,61.308,2.64777,0,1,1.46898,1.46898,0,1.04457,1.69344,9.06595e+06,3.9903e+06,1.33177e+07,0,0,0,1.01307e+08
102.675,103.622,3.07113,0,0,3.03324,3.03324,0,0.568216,4.89888,4.3624e+06,2.98533e+06,1.32322e+07,0,0,0,0,62.3362,61.308,2.53384,0,1,1.46953,1.46953,0,1.13493,1.69344,9.06595e+06,3.9903e+06,1.33227e+07,0,0,0,1.01307e+08
102.974,103.622,3.28198,0,0,3.03439,3.03439,0,0.56843,4.89888,4.3624e+06,2.98533e+06,1.32372e+07,0,0,0,0,62.3362,61.308,2.75061,0,1,1.47009,1.47009,0,1.13536,1.69344,9.06595e+06,3.9903e+06,1.33278e+07,0,0,0,1.01307e+08
102.91,103.622,2.9547,0,0,3.03553,3.03553,0,0.568644,4.89888,4.3624e+06,2.98533e+06,1.32422e+07,0,0,0,0,62.3362,61.308,2.63714,0,1,1.47064,1.47064,0,1.13579,1.69344,9.06595e+06,3.9903e+06,1.33328e+07,0,0,0,1.01307e+08
102.9,103.622,2.99147,0,0,3.03668,3.03668,0,0.568859,4.89888,4.3624e+06,2.98533e+06,1.32472e+07,0,0,0,0,62.3362,61.308,2.87189,0,1,1.4712,1.4712,0,1.13622,1.69344,9.06595e+06,3.9903e+06,1.33378e+07,0,0,0,1.01307e+08
103.358,103.622,3.471,0,0,2.94513,2.94513,0,0.569073,4.89888,4.3624e+06,2.98533e+06,1.28478e+07,0,0,0,0,62.3362,61.308,3.61224,0,1,1.40094,1.40094,0,1.13665,1.69344,9.06595e+06,3.9903e+06,1.27008e+07,0,0,0,1.01307e+08
103.622,103.622,3.89739,0,0,2.94624,2.94624,0,0.551918,4.89888,4.3624e+06,2.98533e+06,1.28527e+07,0,0,0,0,62.3362,61.308,4.0326,0,1,1.40147,1.40147,0,1.08237,1.69344,9.06595e+06,3.9903e+06,1.27056e+07,0,0,0,1.01307e+08
103.622,103.622,3.59927,0,0,2.94735,2.94735,0,0.552126,4.89888,4.3624e+06,2.98533e+06,1.28575e+07,0,0,0,0,62.3362,61.308,3.4912,0,1,1.402,1.402,0,1.08277,1.69344,9.06595e+06,3.9903e+06,1.27104e+07,0,0,0,1.01307e+08
103.622,103.622,3.18297,0,0,2.94846,2.94846,0,0.552334,4.89888,4.3624e+06,2.98533e+06,1.28624e+07,0,0,0,0,62.3362,61.308,3.14493,0,1,1.40252,1.40252,0,1.08318,1.69344,9.06595e+06,3.9903e+06,1.27152e+07,0,0,0,1.01307e+08
103.622,103.622,6.49459,0,0,2.87338,2.87338,0,0.552542,4.89888,4.3624e+06,2.98533e+06,1.25348e+07,0,0,0,0,62.2524,61.308,4.30917,0,1,1.3385,1.3385,0,1.08359,1.69344,9.06595e+06,3.9903e+06,1.21348e+07,0,0,0,1.01307e+08
102.872,103.622,2.19682,0,0,2.87446,2.87446,0,0.538471,4.89888,4.3624e+06,2.98533e+06,1.25395e+07,0,0,0,0,62.2293,61.308,1.70969,0,1,1.339,1.339,0,1.03412,1.69344,9.06595e+06,3.9903e+06,1.21393e+07,0,0,0,1.01307e+08
101.79,103.622,1.83794,0,0,2.87554,2.87554,0,0.538674,4.89888,4.3624e+06,2.98533e+06,1.25443e+07,0,0,0,0,62.1904,61.308,1.73306,0,1,1.33951,1.33951,0,1.03451,1.69344,9.06595e+06,3.9903e+06,1.21439e+07,0,0,0,1.01307e+08
103.183,103.622,4.65861,0,0,2.87663,2.87663,0,0.538877,4.89888,4.3624e+06,2.98533e+06,1.2549e+07,0,0,0,0,62.3362,61.308,5.34861,0,1,1.34001,1.34001,0,1.0349,1.69344,9.06595e+06,3.9903e+06,1.21485e+07,0,0,0,1.01307e+08
103.622,103.622,5.42337,0,0,2.66098,2.66098,0,0.53908,4.89888,4.3624e+06,2.98533e+06,1.16083e+07,0,0,0,0,62.3362,61.308,4.45408,0,1,1.20586,1.20586,0,1.03529,1.69344,9.06595e+06,3.9903e+06,1.09323e+07,0,0,0,1.01307e+08
103.622,103.622,5.44247,0,0,2.66199,2.66199,0,0.498668,4.89888,4.3624e+06,2.98533e+06,1.16126e+07,0,0,0,0,62.3362,61.308,4.16618,0,1,1.20632,1.20632,0,0.931651,1.69344,9.06595e+06,3.9903e+06,1.09364e+07,0,0,0,1.01307e+08
103.622,103.622,4.93173,0,0,2.66299,2.66299,0,0.498856,4.89888,4.3624e+06,2.98533e+06,1.1617e+07,0,0,0,0,62.3362,61.308,3.20947,0,1,1.20677,1.20677,0,0.932001,1.69344,9.06595e+06,3.9903e+06,1.09405e+07,0,0,0,1.01307e+08
103.622,103.622,6.37587,0,0,2.66399,2.66399,0,0.499044,4.89888,4.3624e+06,2.98533e+06,1.16214e+07,0,0,0,0,62.3362,61.308,4.31451,0,1,1.20723,1.20723,0,0.932352,1.69344,9.06595e+06,3.9903e+06,1.09447e+07,0,0,0,1.01307e+08
103.622,103.622,5.72469,0,0,2.66499,2.66499,0,0.499232,4.89888,4.3624e+06,2.98533e+06,1.16258e+07,0,0,0,0,62.3362,61.308,3.86799,0,1,1.20768,1.20768,0,0.932703,1.69344,9.06595e+06,3.9903e+06,1.09488e+07,0,0,0,1.01307e+08
103.622,103.622,9.06834,0,0,2.74949,2.74949,0,0.499419,4.89888,4.3624e+06,2.98533e+06,1.19944e+07,0,0,0,0,62.3362,61.308,5.44323,0,1,1.24719,1.24719,0,0.933054,1.69344,9.06595e+06,3.9903e+06,1.13069e+07,0,0,0,1.01307e+08
103.622,103.622,5.42433,0,0,2.75048,2.75048,0,0.515254,4.89888,4.3624e+06,2.98533e+06,1.19987e+07,0,0,0,0,62.3362,61.308,5.17873,0,1,1.24764,1.24764,0,0.963576,1.69344,9.06595e+06,3.9903e+06,1.1311e+07,0,0,0,1.01307e+08
103.622,103.622,5.75525,0,0,2.75148,2.75148,0,0.51544,4.89888,4.3624e+06,2.98533e+06,1.2003e+07,0,0,0,0,62.3362,61.308,5.5094,0,1,1.24809,1.24809,0,0.963925,1.69344,9.06595e+06,3.9903e+06,1.13151e+07,0,0,0,1.01307e+08
103.622,103.622,4.42941,0,0,2.75247,2.75247,0,0.515627,4.89888,4.3624e+06,2.98533e+06,1.20074e+07,0,0,0,0,62.3362,61.308,4.33943,0,1,1.24854,1.24854,0,0.964274,1.69344,9.06595e+06,3.9903e+06,1.13192e+07,0,0,0,1.01307e+08
103.622,103.622,4.00245,0,0,3.02204,3.02204,0,0.515814,4.89888,4.3624e+06,2.98533e+06,1.31833e+07,0,0,0,0,62.3362,61.308,4.04216,0,1,1.39585,1.39585,0,0.964623,1.69344,9.06595e+06,3.9903e+06,1.26547e+07,0,0,0,1.01307e+08
103.346,103.622,3.17123,0,0,3.02313,3.02313,0,0.56633,4.89888,4.3624e+06,2.98533e+06,1.31881e+07,0,0,0,0,62.3362,61.308,3.94875,0,1,1.39635,1.39635,0,1.07843,1.69344,9.06595e+06,3.9903e+06,1.26593e+07,0,0,0,1.01307e+08
103.622,103.622,4.38174,0,0,3.02423,3.02423,0,0.566535,4.89888,4.3624e+06,2.98533e+06,1.31929e+07,0,0,0,0,62.3362,61.308,5.07871,0,1,1.39686,1.39686,0,1.07882,1.69344,9.06595e+06,3.9903e+06,1.26639e+07,0,0,0,1.01307e+08
103.622,103.622,5.24789,0,0,3.02532,3.02532,0,0.56674,4.89888,4.3624e+06,2.98533e+06,1.31977e+07,0,0,0,0,62.3362,61.308,4.2983,0,1,1.39737,1.39737,0,1.07921,1.69344,9.06595e+06,3.9903e+06,1.26684e+07,0,0,0,1.01307e+08
103.622,103.622,4.27929,0,0,2.6428,2.6428,0,0.566945,4.89888,4.3624e+06,2.98533e+06,1.15289e+07,0,0,0,0,62.3362,61.308,3.68489,0,1,1.2005,1.2005,0,1.0796,1.69344,9.06595e+06,3.9903e+06,1.08837e+07,0,0,0,1.01307e+08
103.622,103.622,5.01076,0,0,2.64375,2.64375,0,0.49526,4.89888,4.3624e+06,2.98533e+06,1.15331e+07,0,0,0,0,62.3362,61.308,3.98654,0,1,1.20094,1.20094,0,0.92751,1.69344,9.06595e+06,3.9903e+06,1.08877e+07,0,0,0,1.01307e+08
103.622,103.622,4.85636,0,0,2.64471,2.64471,0,0.49544,4.89888,4.3624e+06,2.98533e+06,1.15373e+07,0,0,0,0,62.3362,61.308,3.74389,0,1,1.20137,1.20137,0,0.927845,1.69344,9.06595e+06,3.9903e+06,1.08916e+07,0,0,0,1.01307e+08
103.622,103.622,3.6148,0,0,2.64567,2.64567,0,0.495619,4.89888,4.3624e+06,2.98533e+06,1.15415e+07,0,0,0,0,62.3362,61.308,3.55526,0,1,1.20181,1.20181,0,0.928181,1.69344,9.06595e+06,3.9903e+06,1.08955e+07,0,0,0,1.01307e+08
103.622,103.622,4.57635,0,0,2.64663,2.64663,0,0.495798,4.89888,4.3624e+06,2.98533e+06,1.15456e+07,0,0,0,0,62.3362,61.308,5.1861,0,1,1.20224,1.20224,0,0.928517,1.69344,9.06595e+06,3.9903e+06,1.08995e+07,0,0,0,1.01307e+08
103.622,103.622,4.51855,0,0,2.74432,2.74432,0,0.495978,4.89888,4.3624e+06,2.98533e+06,1.19718e+07,0,0,0,0,62.3362,61.308,4.82147,0,1,1.25105,1.25105,0,0.928852,1.69344,9.06595e+06,3.9903e+06,1.13419e+07,0,0,0,1.01307e+08
103.622,103.622,6.32658,0,0,2.74531,2.74531,0,0.514285,4.89888,4.3624e+06,2.98533e+06,1.19761e+07,0,0,0,0,62.3362,61.308,6.0355,0,1,1.2515,1.2515,0,0.96656,1.69344,9.06595e+06,3.9903e+06,1.1346e+07,0,0,0,1.01307e+08
103.622,103.622,4.7062,0,0,2.7463,2.7463,0,0.514471,4.89888,4.3624e+06,2.98533e+06,1.19805e+07,0,0,0,0,62.3362,61.308,5.76105,0,1,1.25195,1.25195,0,0.966909,1.69344,9.06595e+06,3.9903e+06,1.13501e+07,0,0,0,1.01307e+08
103.622,103.622,3.94235,0,0,2.7473,2.7473,0,0.514657,4.89888,4.3624e+06,2.98533e+06,1.19848e+07,0,0,0,0,62.3362,61.308,4.4027,0,1,1.25241,1.25241,0,0.967259,1.69344,9.06595e+06,3.9903e+06,1.13542e+07,0,0,0,1.01307e+08
103.622,103.622,3.53314,0,0,2.71041,2.71041,0,0.514843,4.89888,4.3624e+06,2.98533e+06,1.18239e+07,0,0,0,0,62.3362,61.308,5.79794,0,1,1.23404,1.23404,0,0.967608,1.69344,9.06595e+06,3.9903e+06,1.11878e+07,0,0,0,1.01307e+08
103.622,103.622,4.09457,0,0,2.71139,2.71139,0,0.507931,4.89888,4.3624e+06,2.98533e+06,1.18282e+07,0,0,0,0,62.3362,61.308,7.81615,0,1,1.23449,1.23449,0,0.953422,1.69344,9.06595e+06,3.9903e+06,1.11918e+07,0,0,0,1.01307e+08
103.622,103.622,3.27968,0,0,2.71237,2.71237,0,0.508115,4.89888,4.3624e+06,2.98533e+06,1.18324e+07,0,0,0,0,62.3362,61.308,3.64866,0,1,1.23494,1.23494,0,0.953767,1.69344,9.06595e+06,3.9903e+06,1.11959e+07,0,0,0,1.01307e+08
103.507,103.622,2.88451,0,0,2.71335,2.71335,0,0.508298,4.89888,4.3624e+06,2.98533e+06,1.18367e+07,0,0,0,0,62.3362,61.308,3.47751,0,1,1.23538,1.23538,0,0.954111,1.69344,9.06595e+06,3.9903e+06,1.11999e+07,0,0,0,1.01307e+08
103.622,103.622,3.4311,0,0,2.84309,2.84309,0,0.508482,4.89888,4.3624e+06,2.98533e+06,1.24027e+07,0,0,0,0,62.3362,61.308,3.64147,0,1,1.30264,1.30264,0,0.954456,1.69344,9.06595e+06,3.9903e+06,1.18097e+07,0,0,0,1.01307e+08
103.602,103.622,3.10021,0,0,2.84412,2.84412,0,0.532795,4.89888,4.3624e+06,2.98533e+06,1.24072e+07,0,0,0,0,62.3362,61.308,4.47949,0,1,1.30311,1.30311,0,1.00642,1.69344,9.06595e+06,3.9903e+06,1.1814e+07,0,0,0,1.01307e+08
103.537,103.622,3.00411,0,0,2.84514,2.84514,0,0.532987,4.89888,4.3624e+06,2.98533e+06,1.24116e+07,0,0,0,0,62.3362,61.308,4.45208,0,1,1.30358,1.30358,0,1.00679,1.69344,9.06595e+06,3.9903e+06,1.18182e+07,0,0,0,1.01307e+08
103.243,103.622,2.75731,0,0,2.84617,2.84617,0,0.53318,4.89888,4.3624e+06,2.98533e+06,1.24161e+07,0,0,0,0,62.3362,61.308,3.6984,0,1,1.30406,1.30406,0,1.00715,1.69344,9.06595e+06,3.9903e+06,1.18225e+07,0,0,0,1.01307e+08
102.689,103.622,2.45058,0,0,2.8472,2.8472,0,0.533372,4.89888,4.3624e+06,2.98533e+06,1.24206e+07,0,0,0,0,62.3362,61.308,3.28392,0,1,1.30453,1.30453,0,1.00751,1.69344,9.06595e+06,3.9903e+06,1.18268e+07,0,0,0,1.01307e+08
102.267,103.622,2.51111,0,0,2.82272,2.82272,0,0.533565,4.89888,4.3624e+06,2.98533e+06,1.23138e+07,0,0,0,0,62.3362,61.308,3.1488,0,1,1.34179,1.34179,0,1.00788,1.69344,9.06595e+06,3.9903e+06,1.21646e+07,0,0,0,1.01307e+08
102.065,103.622,2.68156,0,0,2.82373,2.82373,0,0.528977,4.89888,4.3624e+06,2.98533e+06,1.23183e+07,0,0,0,0,62.3362,61.308,2.90375,0,1,1.34227,1.34227,0,1.03666,1.69344,9.06595e+06,3.9903e+06,1.2169e+07,0,0,0,1.01307e+08
101.707,103.622,2.49482,0,0,2.82475,2.82475,0,0.529168,4.89888,4.3624e+06,2.98533e+06,1.23227e+07,0,0,0,0,62.3362,61.308,2.98882,0,1,1.34275,1.34275,0,1.03704,1.69344,9.06595e+06,3.9903e+06,1.21733e+07,0,0,0,1.01307e+08
101.201,103.622,2.3295,0,0,2.82577,2.82577,0,0.529359,4.89888,4.3624e+06,2.98533e+06,1.23271e+07,0,0,0,0,62.3362,61.308,2.95926,0,1,1.34324,1.34324,0,1.03741,1.69344,9.06595e+06,3.9903e+06,1.21777e+07,0,0,0,1.01307e+08
100.609,103.622,2.2778,0,0,2.89276,2.89276,0,0.52955,4.89888,4.3624e+06,2.98533e+06,1.26194e+07,0,0,0,0,62.1916,61.308,2.79727,0,1,1.37656,1.37656,0,1.03779,1.69344,9.06595e+06,3.9903e+06,1.24798e+07,0,0,0,1.01307e+08
99.7454,103.622,1.91547,0,0,2.89381,2.89381,0,0.542104,4.89888,4.3624e+06,2.98533e+06,1.26239e+07,0,0,0,0,62.0175,61.308,1.64298,0,1,1.37705,1.37705,0,1.06353,1.69344,9.06595e+06,3.9903e+06,1.24843e+07,0,0,0,1.01307e+08
98.8451,103.622,1.8839,0,0,2.89485,2.89485,0,0.542299,4.89888,4.3624e+06,2.98533e+06,1.26285e+07,0,0,0,0,61.7845,61.308,1.70594,0,1,1.37755,1.37755,0,1.06391,1.69344,9.06595e+06,3.9903e+06,1.24888e+07,0,0,0,1.01307e+08
97.8449,103.622,1.75263,0,0,2.89589,2.89589,0,0.542495,4.89888,4.3624e+06,2.98533e+06,1.2633e+07,0,0,0,0,61.4193,61.308,1.61831,0,1,1.37805,1.37805,0,1.0643,1.69344,9.06595e+06,3.9903e+06,1.24933e+07,0,0,0,1.01307e+08
96.5634,103.622,1.61599,0,0,3.09041,3.09041,0,0.54269,4.89888,4.3624e+06,2.98533e+06,1.34816e+07,0,0,0,0,61.0908,61.308,1.51561,0,1,1.49723,1.49723,0,1.06468,1.69344,9.06595e+06,3.9903e+06,1.35738e+07,0,0,0,1.01307e+08
95.6618,103.622,2.02042,0,0,3.09153,3.09153,0,0.579143,4.89888,4.3624e+06,2.98533e+06,1.34865e+07,0,0,0,0,60.777,61.308,1.76958,0,1,1.49777,1.49777,0,1.15676,1.69344,9.06595e+06,3.9903e+06,1.35787e+07,0,0,0,1.01307e+08
94.8801,103.622,2.10078,0,0,3.09264,3.09264,0,0.579352,4.89888,4.3624e+06,2.98533e+06,1.34913e+07,0,0,0,0,60.3053,61.308,1.68014,0,1,1.49831,1.49831,0,1.15718,1.69344,9.06595e+06,3.9903e+06,1.35836e+07,0,0,0,1.01307e+08
93.7743,103.622,1.78559,0,0,3.09375,3.09375,0,0.579561,4.89888,4.3624e+06,2.98533e+06,1.34962e+07,0,0,0,0,59.905,61.308,1.47891,0,1,1.49885,1.49885,0,1.15759,1.69344,9.06595e+06,3.9903e+06,1.35885e+07,0,0,0,1.01307e+08
92.8372,103.622,1.95113,0,0,3.09487,3.09487,0,0.57977,4.89888,4.3624e+06,2.98533e+06,1.35011e+07,0,0,0,0,59.6446,61.308,1.96013,0,1,1.49939,1.49939,0,1.15801,1.69344,9.06595e+06,3.9903e+06,1.35934e+07,0,0,0,1.01307e+08
91.8371,103.622,1.80203,0.01,0,3.00152,3.00152,0,0.579978,4.89888,4.3624e+06,2.98533e+06,1.30938e+07,0,0,0,0,59.363,61.308,1.98806,0,1,1.42776,1.42776,0,1.15843,1.69344,9.06595e+06,3.9903e+06,1.2944e+07,0,0,0,1.01307e+08
90.7002,103.622,1.61551,0.01,0,3.0026,3.0026,0,0.562485,4.89888,4.3624e+06,2.98533e+06,1.30985e+07,0,0,0,0,59.1533,61.308,2.69862,0,1,1.42828,1.42828,0,1.10309,1.69344,9.06595e+06,3.9903e+06,1.29487e+07,0,0,0,1.01307e+08
89.8207,103.622,1.86774,0.01,0,3.00368,3.00368,0,0.562688,4.89888,4.3624e+06,2.98533e+06,1.31033e+07,0,0,0,0,58.9841,61.308,2.74214,0,1,1.42879,1.42879,0,1.10349,1.69344,9.06595e+06,3.9903e+06,1.29534e+07,0,0,0,1.01307e+08
89.8476,103.622,2.93932,0.01,0,3.00477,3.00477,0,0.56289,4.89888,4.3624e+06,2.98533e+06,1.3108e+07,0,0,0,0,59.1655,61.308,4.75227,0,1,1.42931,1.42931,0,1.10388,1.69344,9.06595e+06,3.9903e+06,1.2958e+07,0,0,0,1.01307e+08
89.5058,103.622,2.53651,0.01,0,2.9282,2.9282,0,0.563093,4.89888,4.3624e+06,2.98533e+06,1.2774e+07,0,0,0,0,59.2352,61.308,3.75745,0,1,1.36403,1.36403,0,1.10428,1.69344,9.06595e+06,3.9903e+06,1.23663e+07,0,0,0,1.01307e+08
90.8219,103.622,4.69502,0.01,0,2.92925,2.92925,0,0.548744,4.89888,4.3624e+06,2.98533e+06,1.27786e+07,0,0,0,0,59.8164,61.308,5.1255,0,1,1.36453,1.36453,0,1.05385,1.69344,9.06595e+06,3.9903e+06,1.23707e+07,0,0,0,1.01307e+08
94.9342,103.622,7.77344,0.01,0,2.93031,2.93031,0,0.548942,4.89888,4.3624e+06,2.98533e+06,1.27832e+07,0,0,0,0,61.6604,61.308,9.54687,0,1,1.36502,1.36502,0,1.05423,1.69344,9.06595e+06,3.9903e+06,1.23752e+07,0,0,0,1.01307e+08
96.0858,103.622,4.2947,0,0,2.93136,2.93136,0,0.54914,4.89888,4.3624e+06,2.98533e+06,1.27878e+07,0,0,0,0,62.3362,61.308,5.09973,0,1,1.36551,1.36551,0,1.05461,1.69344,9.06595e+06,3.9903e+06,1.23796e+07,0,0,0,1.01307e+08
97.4596,103.622,4.29245,0,0,2.71157,2.71157,0,0.549337,4.89888,4.3624e+06,2.98533e+06,1.1829e+07,0,0,0,0,62.3362,61.308,5.5943,0,1,1.22879,1.22879,0,1.05499,1.69344,9.06595e+06,3.9903e+06,1.11401e+07,0,0,0,1.01307e+08
100.19,103.622,6.15994,0,0,2.71255,2.71255,0,0.508149,4.89888,4.3624e+06,2.98533e+06,1.18332e+07,0,0,0,0,62.3362,61.308,7.04426,0,1,1.22923,1.22923,0,0.949362,1.69344,9.06595e+06,3.9903e+06,1.11441e+07,0,0,0,1.01307e+08
102.152,103.622,5.44654,0,0,2.71352,2.71352,0,0.508331,4.89888,4.3624e+06,2.98533e+06,1.18375e+07,0,0,0,0,62.3362,61.308,5.82659,0,1,1.22967,1.22967,0,0.949704,1.69344,9.06595e+06,3.9903e+06,1.11482e+07,0,0,0,1.01307e+08
103.583,103.622,4.62425,0,0,2.7145,2.7145,0,0.508514,4.89888,4.3624e+06,2.98533e+06,1.18417e+07,0,0,0,0,62.3362,61.308,5.04154,0,1,1.23012,1.23012,0,0.950045,1.69344,9.06595e+06,3.9903e+06,1.11522e+07,0,0,0,1.01307e+08
103.622,103.622,11.8546,0,0,2.71548,2.71548,0,0.508697,4.89888,4.3624e+06,2.98533e+06,1.1846e+07,0,0,0,0,62.3362,61.308,10.3958,0,1,1.23056,1.23056,0,0.950387,1.69344,9.06595e+06,3.9903e+06,1.11562e+07,0,0,0,1.01307e+08
103.622,103.622,16.6973,0,0,2.71548,2.71548,0,0.50888,4.89888,4.3624e+06,2.98533e+06,1.1846e+07,0,0,0,0,62.3362,61.308,14.3257,0,1,1.23056,1.23056,0,0.950729,1.69344,9.06595e+06,3.9903e+06,1.11562e+07,0,0,0,1.01307e+08
103.622,103.622,9.13065,0,0,2.80152,2.80152,0,0.50888,5.32224,4.3624e+06,2.98533e+06,1.22214e+07,0,0,0,0,62.3362,61.308,6.54925,0,1,1.27079,1.27079,0,0.950729,1.69344,9.06595e+06,3.9903e+06,1.15209e+07,0,0,0,1.01307e+08
103.622,103.622,15.9383,0,0,2.80249,2.80249,0,0.525006,5.32224,4.3624e+06,2.98533e+06,1.22256e+07,0,0,0,0,62.3362,61.308,13.4101,0,1,1.27123,1.27123,0,0.981813,1.69344,9.06595e+06,3.9903e+06,1.15249e+07,0,0,0,1.01307e+08
103.622,103.622,16.9264,0,0,2.80346,2.80346,0,0.525187,5.32224,4.3624e+06,2.98533e+06,1.22298e+07,0,0,0,0,62.3362,61.308,9.41491,0,1,1.27167,1.27167,0,0.982153,1.69344,9.06595e+06,3.9903e+06,1.15289e+07,0,0,0,1.01307e+08
103.622,103.622,16.149,0,0,2.80443,2.80443,0,0.525369,5.32224,4.3624e+06,2.98533e+06,1.2234e+07,0,0,0,0,62.3362,61.308,8.2973,0,1,1.27211,1.27211,0,0.982492,1.69344,9.06595e+06,3.9903e+06,1.15329e+07,0,0,0,1.01307e+08
103.622,103.622,8.88482,0,0,3.07903,3.07903,0,0.52555,5.32224,4.3624e+06,2.98533e+06,1.3432e+07,0,0,0,0,62.3362,61.308,6.58965,0,1,1.42217,1.42217,0,0.982832,1.69344,9.06595e+06,3.9903e+06,1.28934e+07,0,0,0,1.01307e+08
103.622,103.622,8.28317,0,0,3.0801,3.0801,0,0.577011,5.32224,4.3624e+06,2.98533e+06,1.34366e+07,0,0,0,0,62.3362,61.308,8.06687,0,1,1.42267,1.42267,0,1.09877,1.69344,9.06595e+06,3.9903e+06,1.28978e+07,0,0,0,1.01307e+08
103.622,103.622,6.77323,0,0,3.08116,3.08116,0,0.57721,5.32224,4.3624e+06,2.98533e+06,1.34413e+07,0,0,0,0,62.3362,61.308,6.63066,0,1,1.42316,1.42316,0,1.09915,1.69344,9.06595e+06,3.9903e+06,1.29023e+07,0,0,0,1.01307e+08
103.622,103.622,9.13587,0,0,3.08223,3.08223,0,0.57741,5.32224,4.3624e+06,2.98533e+06,1.34459e+07,0,0,0,0,62.3362,61.308,6.36785,0,1,1.42365,1.42365,0,1.09953,1.69344,9.06595e+06,3.9903e+06,1.29067e+07,0,0,0,1.01307e+08
103.622,103.622,10.4916,0,0,2.69246,2.69246,0,0.577609,5.32224,4.3624e+06,2.98533e+06,1.17456e+07,0,0,0,0,62.3362,61.308,11.8317,0,1,1.22307,1.22307,0,1.09991,1.69344,9.06595e+06,3.9903e+06,1.10882e+07,0,0,0,1.01307e+08
103.622,103.622,5.9641,0,0,2.69339,2.69339,0,0.504568,5.32224,4.3624e+06,2.98533e+06,1.17497e+07,0,0,0,0,62.3362,61.308,5.78451,0,1,1.22349,1.22349,0,0.94494,1.69344,9.06595e+06,3.9903e+06,1.10921e+07,0,0,0,1.01307e+08
103.622,103.622,8.20991,0,0,2.69432,2.69432,0,0.504742,5.32224,4.3624e+06,2.98533e+06,1.17537e+07,0,0,0,0,62.3362,61.308,6.55728,0,1,1.22391,1.22391,0,0.945267,1.69344,9.06595e+06,3.9903e+06,1.10959e+07,0,0,0,1.01307e+08
103.622,103.622,7.15968,0,0,2.69526,2.69526,0,0.504916,5.32224,4.3624e+06,2.98533e+06,1.17578e+07,0,0,0,0,62.3362,61.308,6.07038,0,1,1.22433,1.22433,0,0.945593,1.69344,9.06595e+06,3.9903e+06,1.10997e+07,0,0,0,1.01307e+08
103.622,103.622,11.7573,0,0,2.69619,2.69619,0,0.505091,5.32224,4.3624e+06,2.98533e+06,1.17618e+07,0,0,0,0,62.3362,61.308,8.03544,0,1,1.22476,1.22476,0,0.94592,1.69344,9.06595e+06,3.9903e+06,1.11036e+07,0,0,0,1.01307e+08
103.622,103.622,6.95563,0,0,2.79566,2.79566,0,0.505265,5.32224,4.3624e+06,2.98533e+06,1.21958e+07,0,0,0,0,62.3362,61.308,6.69304,0,1,1.27445,1.27445,0,0.946246,1.69344,9.06595e+06,3.9903e+06,1.15541e+07,0,0,0,1.01307e+08
103.622,103.622,7.55679,0,0,2.79663,2.79663,0,0.523907,5.32224,4.3624e+06,2.98533e+06,1.22e+07,0,0,0,0,62.3362,61.308,8.55157,0,1,1.27489,1.27489,0,0.984643,1.69344,9.06595e+06,3.9903e+06,1.15581e+07,0,0,0,1.01307e+08
103.622,103.622,6.19516,0,0,2.79759,2.79759,0,0.524088,5.32224,4.3624e+06,2.98533e+06,1.22042e+07,0,0,0,0,62.3362,61.308,7.31505,0,1,1.27533,1.27533,0,0.984983,1.69344,9.06595e+06,3.9903e+06,1.15621e+07,0,0,0,1.01307e+08
103.622,103.622,5.48908,0,0,2.79856,2.79856,0,0.524269,5.32224,4.3624e+06,2.98533e+06,1.22084e+07,0,0,0,0,62.3362,61.308,5.67543,0,1,1.27577,1.27577,0,0.985323,1.69344,9.06595e+06,3.9903e+06,1.15661e+07,0,0,0,1.01307e+08
103.622,103.622,5.49266,0,0,2.76094,2.76094,0,0.52445,5.32224,4.3624e+06,2.98533e+06,1.20443e+07,0,0,0,0,62.3362,61.308,4.94614,0,1,1.25705,1.25705,0,0.985663,1.69344,9.06595e+06,3.9903e+06,1.13964e+07,0,0,0,1.01307e+08
103.622,103.622,4.92668,0,0,2.76189,2.76189,0,0.5174,5.32224,4.3624e+06,2.98533e+06,1.20485e+07,0,0,0,0,62.3362,61.308,5.44894,0,1,1.25748,1.25748,0,0.971197,1.69344,9.06595e+06,3.9903e+06,1.14003e+07,0,0,0,1.01307e+08
103.622,103.622,4.46692,0,0,2.76285,2.76285,0,0.517579,5.32224,4.3624e+06,2.98533e+06,1.20526e+07,0,0,0,0,62.3362,61.308,4.76873,0,1,1.25792,1.25792,0,0.971532,1.69344,9.06595e+06,3.9903e+06,1.14042e+07,0,0,0,1.01307e+08
103.622,103.622,5.26769,0,0,2.7638,2.7638,0,0.517757,5.32224,4.3624e+06,2.98533e+06,1.20568e+07,0,0,0,0,62.3362,61.308,4.61249,0,1,1.25835,1.25835,0,0.971867,1.69344,9.06595e+06,3.9903e+06,1.14082e+07,0,0,0,1.01307e+08
103.622,103.622,4.16274,0,0,2.8959,2.8959,0,0.517936,5.32224,4.3624e+06,2.98533e+06,1.26331e+07,0,0,0,0,62.3362,61.308,4.07535,0,1,1.32684,1.32684,0,0.972202,1.69344,9.06595e+06,3.9903e+06,1.20291e+07,0,0,0,1.01307e+08
103.622,103.622,3.75428,0,0,2.8969,2.8969,0,0.542692,5.32224,4.3624e+06,2.98533e+06,1.26374e+07,0,0,0,0,62.3362,61.308,3.51953,0,1,1.3273,1.3273,0,1.02512,1.69344,9.06595e+06,3.9903e+06,1.20332e+07,0,0,0,1.01307e+08
103.622,103.622,3.68369,0,0,2.8979,2.8979,0,0.542879,5.32224,4.3624e+06,2.98533e+06,1.26418e+07,0,0,0,0,62.3362,61.308,3.59755,0,1,1.32776,1.32776,0,1.02547,1.69344,9.06595e+06,3.9903e+06,1.20374e+07,0,0,0,1.01307e+08
103.622,103.622,3.32113,0,0,2.8989,2.8989,0,0.543067,5.32224,4.3624e+06,2.98533e+06,1.26462e+07,0,0,0,0,62.3362,61.308,3.52347,0,1,1.32821,1.32821,0,1.02582,1.69344,9.06595e+06,3.9903e+06,1.20415e+07,0,0,0,1.01307e+08
103.622,103.622,3.24687,0,0,2.8999,2.8999,0,0.543254,5.32224,4.3624e+06,2.98533e+06,1.26505e+07,0,0,0,0,62.3362,61.308,3.59135,0,1,1.32867,1.32867,0,1.02618,1.69344,9.06595e+06,3.9903e+06,1.20457e+07,0,0,0,1.01307e+08
103.622,103.622,3.25204,0,0,2.87492,2.87492,0,0.543441,5.32224,4.3624e+06,2.98533e+06,1.25415e+07,0,0,0,0,62.3362,61.308,3.79095,0,1,1.3666,1.3666,0,1.02653,1.69344,9.06595e+06,3.9903e+06,1.23895e+07,0,0,0,1.01307e+08
103.622,103.622,3.07401,0,0,2.87591,2.87591,0,0.538759,5.32224,4.3624e+06,2.98533e+06,1.25459e+07,0,0,0,0,62.3362,61.308,3.69084,0,1,1.36707,1.36707,0,1.05583,1.69344,9.06595e+06,3.9903e+06,1.23938e+07,0,0,0,1.01307e+08
103.59,103.622,2.84748,0,0,2.8769,2.8769,0,0.538945,5.32224,4.3624e+06,2.98533e+06,1.25502e+07,0,0,0,0,62.3362,61.308,3.72561,0,1,1.36754,1.36754,0,1.0562,1.69344,9.06595e+06,3.9903e+06,1.23981e+07,0,0,0,1.01307e+08
103.39,103.622,2.66084,0,0,2.87789,2.87789,0,0.539131,5.32224,4.3624e+06,2.98533e+06,1.25545e+07,0,0,0,0,62.3362,61.308,3.74405,0,1,1.36801,1.36801,0,1.05656,1.69344,9.06595e+06,3.9903e+06,1.24023e+07,0,0,0,1.01307e+08
103.355,103.622,2.84419,0,0,2.94607,2.94607,0,0.539316,5.32224,4.3624e+06,2.98533e+06,1.28519e+07,0,0,0,0,62.3362,61.308,3.40585,0,1,1.40192,1.40192,0,1.05693,1.69344,9.06595e+06,3.9903e+06,1.27098e+07,0,0,0,1.01307e+08
103.311,103.622,2.82834,0,0,2.94708,2.94708,0,0.552093,5.32224,4.3624e+06,2.98533e+06,1.28563e+07,0,0,0,0,62.3362,61.308,3.39877,0,1,1.40241,1.40241,0,1.08313,1.69344,9.06595e+06,3.9903e+06,1.27141e+07,0,0,0,1.01307e+08
102.951,103.622,2.49814,0,0,2.9481,2.9481,0,0.552283,5.32224,4.3624e+06,2.98533e+06,1.28608e+07,0,0,0,0,62.3362,61.308,3.14275,0,1,1.40289,1.40289,0,1.0835,1.69344,9.06595e+06,3.9903e+06,1.27185e+07,0,0,0,1.01307e+08
102.428,103.622,2.32128,0,0,2.94911,2.94911,0,0.552473,5.32224,4.3624e+06,2.98533e+06,1.28652e+07,0,0,0,0,62.3362,61.308,3.01864,0,1,1.40337,1.40337,0,1.08387,1.69344,9.06595e+06,3.9903e+06,1.27229e+07,0,0,0,1.01307e+08
101.55,103.622,2.05321,0,0,3.14715,3.14715,0,0.552664,5.32224,4.3624e+06,2.98533e+06,1.37291e+07,0,0,0,0,62.3362,61.308,3.0749,1,1,1.52472,1.52472,0,1.08425,1.69344,9.06595e+06,3.9903e+06,1.38231e+07,0,0,0,1.01307e+08
100.617,103.622,1.97114,0,0,3.14824,3.14824,0,0.589777,5.32224,4.3624e+06,2.98533e+06,1.37339e+07,0,0,0,0,62.3362,61.308,3.03363,1,1,1.52525,1.52525,0,1.178,1.69344,9.06595e+06,3.9903e+06,1.38278e+07,0,0,0,1.01307e+08
99.6037,103.622,1.86845,0,0,3.14932,3.14932,0,0.58998,5.32224,4.3624e+06,2.98533e+06,1.37386e+07,0,0,0,0,62.3362,61.308,2.82492,1,1,1.52577,1.52577,0,1.1784,1.69344,9.06595e+06,3.9903e+06,1.38326e+07,0,0,0,1.01307e+08
99.1883,103.622,2.48959,0,0,3.1504,3.1504,0,0.590183,5.32224,4.3624e+06,2.98533e+06,1.37433e+07,0,0,0,0,62.3362,61.308,3.1787,1,1,1.5263,1.5263,0,1.17881,1.69344,9.06595e+06,3.9903e+06,1.38373e+07,0,0,0,1.01307e+08
99.1754,103.622,2.97825,0,0,3.15149,3.15149,0,0.590386,5.32224,4.3624e+06,2.98533e+06,1.3748e+07,0,0,0,0,62.3362,61.308,3.47669,1,1,1.52682,1.52682,0,1.17922,1.69344,9.06595e+06,3.9903e+06,1.38421e+07,0,0,0,1.01307e+08
99.0011,103.622,2.71589,0,0,3.05638,3.05638,0,0.590589,5.32224,4.3624e+06,2.98533e+06,1.33332e+07,0,0,0,0,62.3362,61.308,3.97534,0,1,1.45386,1.45386,0,1.17962,1.69344,9.06595e+06,3.9903e+06,1.31806e+07,0,0,0,1.01307e+08
97.5582,103.622,1.29849,0,0,3.05743,3.05743,0,0.572766,5.32224,4.3624e+06,2.98533e+06,1.33377e+07,0,0,0,0,62.3362,61.308,2.22501,0,1,1.45436,1.45436,0,1.12325,1.69344,9.06595e+06,3.9903e+06,1.31851e+07,0,0,0,1.01307e+08
96.2656,103.622,1.43064,0,0,3.05849,3.05849,0,0.572963,5.32224,4.3624e+06,2.98533e+06,1.33423e+07,0,0,0,0,62.3362,61.308,2.29271,0,1,1.45486,1.45486,0,1.12364,1.69344,9.06595e+06,3.9903e+06,1.31897e+07,0,0,0,1.01307e+08
97.0574,103.622,3.89056,0.01,0,3.05954,3.05954,0,0.57316,5.32224,4.3624e+06,2.98533e+06,1.33469e+07,0,0,0,0,62.3362,61.308,5.17175,0,1,1.45536,1.45536,0,1.12402,1.69344,9.06595e+06,3.9903e+06,1.31942e+07,0,0,0,1.01307e+08
96.0267,103.622,1.90363,0,0,2.98153,2.98153,0,0.573357,5.32224,4.3624e+06,2.98533e+06,1.30066e+07,0,0,0,0,62.3362,61.308,2.65055,0,1,1.38888,1.38888,0,1.12441,1.69344,9.06595e+06,3.9903e+06,1.25915e+07,0,0,0,1.01307e+08
95.5634,103.622,2.60975,0,0,2.98255,2.98255,0,0.558738,5.32224,4.3624e+06,2.98533e+06,1.30111e+07,0,0,0,0,62.3362,61.308,3.21332,0,1,1.38935,1.38935,0,1.07305,1.69344,9.06595e+06,3.9903e+06,1.25958e+07,0,0,0,1.01307e+08
96.1941,103.622,3.85085,0,0,2.98358,2.98358,0,0.55893,5.32224,4.3624e+06,2.98533e+06,1.30156e+07,0,0,0,0,62.3362,61.308,5.99527,0,1,1.38983,1.38983,0,1.07341,1.69344,9.06595e+06,3.9903e+06,1.26001e+07,0,0,0,1.01307e+08
95.585,103.622,2.58741,0,0,2.9846,2.9846,0,0.559122,5.32224,4.3624e+06,2.98533e+06,1.302e+07,0,0,0,0,62.3362,61.308,4.47963,0,1,1.39031,1.39031,0,1.07378,1.69344,9.06595e+06,3.9903e+06,1.26045e+07,0,0,0,1.01307e+08
97.0425,103.622,4.84882,0,0,2.76078,2.76078,0,0.559314,5.32224,4.3624e+06,2.98533e+06,1.20436e+07,0,0,0,0,62.3362,61.308,4.27543,0,1,1.25109,1.25109,0,1.07415,1.69344,9.06595e+06,3.9903e+06,1.13423e+07,0,0,0,1.01307e+08
97.3933,103.622,3.37599,0,0,2.76172,2.76172,0,0.517369,5.32224,4.3624e+06,2.98533e+06,1.20477e+07,0,0,0,0,62.3362,61.308,2.97203,0,1,1.25152,1.25152,0,0.966589,1.69344,9.06595e+06,3.9903e+06,1.13462e+07,0,0,0,1.01307e+08
97.351,103.622,3.11387,0,0,2.76267,2.76267,0,0.517547,5.32224,4.3624e+06,2.98533e+06,1.20519e+07,0,0,0,0,62.3362,61.308,3.68688,0,1,1.25195,1.25195,0,0.966921,1.69344,9.06595e+06,3.9903e+06,1.13501e+07,0,0,0,1.01307e+08
97.2341,103.622,2.95678,0,0,2.76362,2.76362,0,0.517725,5.32224,4.3624e+06,2.98533e+06,1.2056e+07,0,0,0,0,62.3362,61.308,3.55616,0,1,1.25238,1.25238,0,0.967253,1.69344,9.06595e+06,3.9903e+06,1.1354e+07,0,0,0,1.01307e+08
98.1698,103.622,4.21134,0,0,2.76457,2.76457,0,0.517903,5.32224,4.3624e+06,2.98533e+06,1.20602e+07,0,0,0,0,62.3362,61.308,3.94065,0,1,1.25281,1.25281,0,0.967586,1.69344,9.06595e+06,3.9903e+06,1.13579e+07,0,0,0,1.01307e+08
102.091,103.622,7.70528,0,0,2.85213,2.85213,0,0.518081,5.32224,4.3624e+06,2.98533e+06,1.24421e+07,0,0,0,0,62.3362,61.308,7.26753,0,1,1.29375,1.29375,0,0.967918,1.69344,9.06595e+06,3.9903e+06,1.1729e+07,0,0,0,1.01307e+08
103.622,103.622,10.1319,0,0,2.85307,2.85307,0,0.534489,5.32224,4.3624e+06,2.98533e+06,1.24462e+07,0,0,0,0,62.3362,61.308,10.5526,0,1,1.29417,1.29417,0,0.999548,1.69344,9.06595e+06,3.9903e+06,1.17329e+07,0,0,0,1.01307e+08
103.622,103.622,10.8021,0,0,2.85401,2.85401,0,0.534665,5.32224,4.3624e+06,2.98533e+06,1.24503e+07,0,0,0,0,62.3362,61.308,10.1069,0,1,1.2946,1.2946,0,0.999878,1.69344,9.06595e+06,3.9903e+06,1.17368e+07,0,0,0,1.01307e+08
103.622,103.622,8.6238,0,0,2.85495,2.85495,0,0.534842,5.32224,4.3624e+06,2.98533e+06,1.24544e+07,0,0,0,0,62.3362,61.308,9.34502,0,1,1.29503,1.29503,0,1.00021,1.69344,9.06595e+06,3.9903e+06,1.17406e+07,0,0,0,1.01307e+08
103.622,103.622,14.6141,0,0,3.13445,3.13445,0,0.535018,5.32224,4.3624e+06,2.98533e+06,1.36737e+07,0,0,0,0,62.3362,61.308,13.6538,0,1,1.44777,1.44777,0,1.00054,1.69344,9.06595e+06,3.9903e+06,1.31254e+07,0,0,0,1.01307e+08
103.622,103.622,10.088,0,0,3.13548,3.13548,0,0.587396,5.32224,4.3624e+06,2.98533e+06,1.36782e+07,0,0,0,0,62.3362,61.308,8.885,0,1,1.44825,1.44825,0,1.11855,1.69344,9.06595e+06,3.9903e+06,1.31297e+07,0,0,0,1.01307e+08
103.622,103.622,7.2348,0,0,3.13652,3.13652,0,0.587589,5.32224,4.3624e+06,2.98533e+06,1.36827e+07,0,0,0,0,62.3362,61.308,6.81091,0,1,1.44872,1.44872,0,1.11892,1.69344,9.06595e+06,3.9903e+06,1.31341e+07,0,0,0,1.01307e+08
103.622,103.622,6.38764,0,0,3.13755,3.13755,0,0.587783,5.32224,4.3624e+06,2.98533e+06,1.36872e+07,0,0,0,0,62.3362,61.308,7.37022,0,1,1.4492,1.4492,0,1.11928,1.69344,9.06595e+06,3.9903e+06,1.31384e+07,0,0,0,1.01307e+08
103.622,103.622,6.33704,0,0,2.74075,2.74075,0,0.587977,5.32224,4.3624e+06,2.98533e+06,1.19562e+07,0,0,0,0,62.3362,61.308,6.9043,0,1,1.245,1.245,0,1.11965,1.69344,9.06595e+06,3.9903e+06,1.12871e+07,0,0,0,1.01307e+08
103.622,103.622,5.59913,0,0,2.74165,2.74165,0,0.513616,5.32224,4.3624e+06,2.98533e+06,1.19602e+07,0,0,0,0,62.3362,61.308,5.16681,0,1,1.24541,1.24541,0,0.961885,1.69344,9.06595e+06,3.9903e+06,1.12908e+07,0,0,0,1.01307e+08
103.622,103.622,4.87904,0,0,2.74255,2.74255,0,0.513785,5.32224,4.3624e+06,2.98533e+06,1.19641e+07,0,0,0,0,62.3362,61.308,5.03296,0,1,1.24582,1.24582,0,0.962202,1.69344,9.06595e+06,3.9903e+06,1.12945e+07,0,0,0,1.01307e+08
103.622,103.622,8.28461,0,0,2.74346,2.74346,0,0.513954,5.32224,4.3624e+06,2.98533e+06,1.19681e+07,0,0,0,0,62.3362,61.308,8.3687,0,1,1.24623,1.24623,0,0.962519,1.69344,9.06595e+06,3.9903e+06,1.12982e+07,0,0,0,1.01307e+08
103.622,103.622,8.29563,0,0,2.74436,2.74436,0,0.514124,5.32224,4.3624e+06,2.98533e+06,1.1972e+07,0,0,0,0,62.3362,61.308,7.37973,0,1,1.24664,1.24664,0,0.962836,1.69344,9.06595e+06,3.9903e+06,1.1302e+07,0,0,0,1.01307e+08
103.622,103.622,9.03407,0,0,2.84557,2.84557,0,0.514293,5.32224,4.3624e+06,2.98533e+06,1.24135e+07,0,0,0,0,62.3362,61.308,7.84462,0,1,1.2972,1.2972,0,0.963153,1.69344,9.06595e+06,3.9903e+06,1.17604e+07,0,0,0,1.01307e+08
103.622,103.622,8.41863,0,0,2.84651,2.84651,0,0.53326,5.32224,4.3624e+06,2.98533e+06,1.24176e+07,0,0,0,0,62.3362,61.308,7.53068,0,1,1.29763,1.29763,0,1.00222,1.69344,9.06595e+06,3.9903e+06,1.17643e+07,0,0,0,1.01307e+08
103.622,103.622,7.15003,0,0,2.84744,2.84744,0,0.533435,5.32224,4.3624e+06,2.98533e+06,1.24217e+07,0,0,0,0,62.3362,61.308,6.03475,0,1,1.29806,1.29806,0,1.00255,1.69344,9.06595e+06,3.9903e+06,1.17681e+07,0,0,0,1.01307e+08
103.622,103.622,5.76237,0,0,2.84838,2.84838,0,0.533611,5.32224,4.3624e+06,2.98533e+06,1.24258e+07,0,0,0,0,62.3362,61.308,4.39711,0,1,1.29849,1.29849,0,1.00288,1.69344,9.06595e+06,3.9903e+06,1.1772e+07,0,0,0,1.01307e+08
103.622,103.622,5.9905,0,0,2.81005,2.81005,0,0.533786,5.32224,4.3624e+06,2.98533e+06,1.22585e+07,0,0,0,0,62.3362,61.308,5.41811,0,1,1.27941,1.27941,0,1.00321,1.69344,9.06595e+06,3.9903e+06,1.1599e+07,0,0,0,1.01307e+08
103.622,103.622,5.47402,0,0,2.81097,2.81097,0,0.526603,5.32224,4.3624e+06,2.98533e+06,1.22626e+07,0,0,0,0,62.3362,61.308,4.92398,0,1,1.27983,1.27983,0,0.98847,1.69344,9.06595e+06,3.9903e+06,1.16029e+07,0,0,0,1.01307e+08
103.622,103.622,5.13902,0,0,2.8119,2.8119,0,0.526776,5.32224,4.3624e+06,2.98533e+06,1.22666e+07,0,0,0,0,62.3362,61.308,4.20862,0,1,1.28025,1.28025,0,0.988795,1.69344,9.06595e+06,3.9903e+06,1.16067e+07,0,0,0,1.01307e+08
103.622,103.622,4.69376,0,0,2.81282,2.81282,0,0.526949,5.32224,4.3624e+06,2.98533e+06,1.22706e+07,0,0,0,0,62.3362,61.308,4.03543,0,1,1.28067,1.28067,0,0.989121,1.69344,9.06595e+06,3.9903e+06,1.16105e+07,0,0,0,1.01307e+08
103.622,103.622,4.28008,0,0,2.94722,2.94722,0,0.527122,5.32224,4.3624e+06,2.98533e+06,1.2857e+07,0,0,0,0,62.3362,61.308,3.81983,0,1,1.35035,1.35035,0,0.989446,1.69344,9.06595e+06,3.9903e+06,1.22422e+07,0,0,0,1.01307e+08
103.622,103.622,3.95024,0,0,2.94819,2.94819,0,0.552309,5.32224,4.3624e+06,2.98533e+06,1.28612e+07,0,0,0,0,62.3362,61.308,3.44237,0,1,1.3508,1.3508,0,1.04328,1.69344,9.06595e+06,3.9903e+06,1.22463e+07,0,0,0,1.01307e+08
103.622,103.622,3.78056,0,0,2.94916,2.94916,0,0.552491,5.32224,4.3624e+06,2.98533e+06,1.28654e+07,0,0,0,0,62.3362,61.308,3.40671,0,1,1.35124,1.35124,0,1.04363,1.69344,9.06595e+06,3.9903e+06,1.22503e+07,0,0,0,1.01307e+08
103.622,103.622,3.61125,0,0,2.95013,2.95013,0,0.552672,5.32224,4.3624e+06,2.98533e+06,1.28696e+07,0,0,0,0,62.3362,61.308,3.59904,0,1,1.35169,1.35169,0,1.04397,1.69344,9.06595e+06,3.9903e+06,1.22543e+07,0,0,0,1.01307e+08
103.622,103.622,3.33825,0,0,2.9511,2.9511,0,0.552854,5.32224,4.3624e+06,2.98533e+06,1.28739e+07,0,0,0,0,62.3362,61.308,3.53773,0,1,1.35213,1.35213,0,1.04431,1.69344,9.06595e+06,3.9903e+06,1.22584e+07,0,0,0,1.01307e+08
103.622,103.622,3.18398,0,0,2.92563,2.92563,0,0.553036,5.32224,4.3624e+06,2.98533e+06,1.27628e+07,0,0,0,0,62.3362,61.308,3.81654,0,1,1.39071,1.39071,0,1.04466,1.69344,9.06595e+06,3.9903e+06,1.26081e+07,0,0,0,1.01307e+08
103.622,103.622,3.03829,0,0,2.92659,2.92659,0,0.548263,5.32224,4.3624e+06,2.98533e+06,1.2767e+07,0,0,0,0,62.3362,61.308,3.73981,0,1,1.39116,1.39116,0,1.07446,1.69344,9.06595e+06,3.9903e+06,1.26122e+07,0,0,0,1.01307e+08
103.622,103.622,2.87808,0,0,2.92755,2.92755,0,0.548443,5.32224,4.3624e+06,2.98533e+06,1.27711e+07,0,0,0,0,62.3362,61.308,3.72807,0,1,1.39162,1.39162,0,1.07481,1.69344,9.06595e+06,3.9903e+06,1.26164e+07,0,0,0,1.01307e+08
103.432,103.622,2.65305,0,0,2.92851,2.92851,0,0.548623,5.32224,4.3624e+06,2.98533e+06,1.27753e+07,0,0,0,0,62.3362,61.308,3.60504,0,1,1.39208,1.39208,0,1.07517,1.69344,9.06595e+06,3.9903e+06,1.26205e+07,0,0,0,1.01307e+08
103.05,103.622,2.42848,0,0,2.99784,2.99784,0,0.548803,5.32224,4.3624e+06,2.98533e+06,1.30778e+07,0,0,0,0,62.3362,61.308,3.33062,0,1,1.42656,1.42656,0,1.07552,1.69344,9.06595e+06,3.9903e+06,1.29331e+07,0,0,0,1.01307e+08
102.722,103.622,2.53356,0,0,2.99883,2.99883,0,0.561796,5.32224,4.3624e+06,2.98533e+06,1.30821e+07,0,0,0,0,62.3362,61.308,3.70285,0,1,1.42703,1.42703,0,1.10216,1.69344,9.06595e+06,3.9903e+06,1.29374e+07,0,0,0,1.01307e+08
102.249,103.622,2.33138,0,0,2.99981,2.99981,0,0.56198,5.32224,4.3624e+06,2.98533e+06,1.30864e+07,0,0,0,0,62.3362,61.308,3.50384,0,1,1.4275,1.4275,0,1.10252,1.69344,9.06595e+06,3.9903e+06,1.29416e+07,0,0,0,1.01307e+08
101.596,103.622,2.12299,0,0,3.0008,3.0008,0,0.562165,5.32224,4.3624e+06,2.98533e+06,1.30907e+07,0,0,0,0,62.3362,61.308,3.08214,0,1,1.42797,1.42797,0,1.10289,1.69344,9.06595e+06,3.9903e+06,1.29459e+07,0,0,0,1.01307e+08
100.954,103.622,2.29286,0,0,3.20226,3.20226,0,0.562349,5.32224,4.3624e+06,2.98533e+06,1.39695e+07,0,0,0,0,62.3362,61.308,3.73982,1,1,1.55142,1.55142,0,1.10325,1.69344,9.06595e+06,3.9903e+06,1.40651e+07,0,0,0,1.01307e+08
100.422,103.622,2.37992,0,0,3.20331,3.20331,0,0.600103,5.32224,4.3624e+06,2.98533e+06,1.39741e+07,0,0,0,0,62.3362,61.308,3.72304,1,1,1.55193,1.55193,0,1.19863,1.69344,9.06595e+06,3.9903e+06,1.40697e+07,0,0,0,1.01307e+08
99.4631,103.622,1.93486,0,0,3.20436,3.20436,0,0.6003,5.32224,4.3624e+06,2.98533e+06,1.39787e+07,0,0,0,0,62.3362,61.308,2.79555,1,1,1.55244,1.55244,0,1.19902,1.69344,9.06595e+06,3.9903e+06,1.40743e+07,0,0,0,1.01307e+08
98.8699,103.622,2.31972,0,0,3.20541,3.20541,0,0.600497,5.32224,4.3624e+06,2.98533e+06,1.39833e+07,0,0,0,0,62.3362,61.308,4.58184,1,1,1.55295,1.55295,0,1.19941,1.69344,9.06595e+06,3.9903e+06,1.40789e+07,0,0,0,1.01307e+08
97.8866,103.622,1.90911,0,0,3.20646,3.20646,0,0.600694,5.32224,4.3624e+06,2.98533e+06,1.39879e+07,0,0,0,0,62.3362,61.308,3.29327,1,1,1.55346,1.55346,0,1.19981,1.69344,9.06595e+06,3.9903e+06,1.40836e+07,0,0,0,1.01307e+08
97.4862,103.622,2.482,0,0,3.10965,3.10965,0,0.600891,5.32224,4.3624e+06,2.98533e+06,1.35655e+07,0,0,0,0,62.3362,61.308,3.31753,0,1,1.4792,1.4792,0,1.2002,1.69344,9.06595e+06,3.9903e+06,1.34103e+07,0,0,0,1.01307e+08
96.9482,103.622,2.33724,0,0,3.11067,3.11067,0,0.582749,5.32224,4.3624e+06,2.98533e+06,1.357e+07,0,0,0,0,62.3362,61.308,5.2679,0,1,1.47968,1.47968,0,1.14283,1.69344,9.06595e+06,3.9903e+06,1.34147e+07,0,0,0,1.01307e+08
96.1788,103.622,2.06516,0.01,0,3.11169,3.11169,0,0.58294,5.32224,4.3624e+06,2.98533e+06,1.35744e+07,0,0,0,0,62.3362,61.308,3.20217,0,1,1.48017,1.48017,0,1.1432,1.69344,9.06595e+06,3.9903e+06,1.34191e+07,0,0,0,1.01307e+08
95.1092,103.622,1.73515,0.01,0,3.11271,3.11271,0,0.583131,5.32224,4.3624e+06,2.98533e+06,1.35789e+07,0,0,0,0,62.3362,61.308,2.83676,0,1,1.48065,1.48065,0,1.14358,1.69344,9.06595e+06,3.9903e+06,1.34235e+07,0,0,0,1.01307e+08
93.8576,103.622,1.5653,0.01,0,3.0333,3.0333,0,0.583322,5.32224,4.3624e+06,2.98533e+06,1.32325e+07,0,0,0,0,62.3362,61.308,2.05458,0,1,1.41299,1.41299,0,1.14395,1.69344,9.06595e+06,3.9903e+06,1.28101e+07,0,0,0,1.01307e+08
92.327,103.622,1.37676,0,0,3.03429,3.03429,0,0.56844,5.32224,4.3624e+06,2.98533e+06,1.32368e+07,0,0,0,0,62.3362,61.308,3.25765,0,1,1.41346,1.41346,0,1.09168,1.69344,9.06595e+06,3.9903e+06,1.28143e+07,0,0,0,1.01307e+08
92.6258,103.622,3.5665,0.01,0,3.03529,3.03529,0,0.568626,5.32224,4.3624e+06,2.98533e+06,1.32411e+07,0,0,0,0,62.3362,61.308,6.71278,0,1,1.41392,1.41392,0,1.09204,1.69344,9.06595e+06,3.9903e+06,1.28185e+07,0,0,0,1.01307e+08
91.6664,103.622,2.07366,0.01,0,3.03628,3.03628,0,0.568813,5.32224,4.3624e+06,2.98533e+06,1.32455e+07,0,0,0,0,62.3362,61.308,3.47452,0,1,1.41438,1.41438,0,1.09239,1.69344,9.06595e+06,3.9903e+06,1.28227e+07,0,0,0,1.01307e+08
90.809,103.622,1.97127,0.01,0,2.80854,2.80854,0,0.568999,5.32224,4.3624e+06,2.98533e+06,1.2252e+07,0,0,0,0,62.3362,61.308,3.01468,0,1,1.27273,1.27273,0,1.09275,1.69344,9.06595e+06,3.9903e+06,1.15385e+07,0,0,0,1.01307e+08
89.6004,103.622,1.59692,0.01,0,2.80946,2.80946,0,0.52632,5.32224,4.3624e+06,2.98533e+06,1.2256e+07,0,0,0,0,62.3362,61.308,2.99004,0,1,1.27315,1.27315,0,0.98331,1.69344,9.06595e+06,3.9903e+06,1.15423e+07,0,0,0,1.01307e+08
88.9022,103.622,2.20581,0.01,0,2.81038,2.81038,0,0.526492,5.32224,4.3624e+06,2.98533e+06,1.226e+07,0,0,0,0,62.3362,61.308,3.85367,0,1,1.27356,1.27356,0,0.983633,1.69344,9.06595e+06,3.9903e+06,1.15461e+07,0,0,0,1.01307e+08
87.6637,103.622,1.59611,0.01,0,2.8113,2.8113,0,0.526664,5.32224,4.3624e+06,2.98533e+06,1.2264e+07,0,0,0,0,62.3362,61.308,3.45207,0,1,1.27398,1.27398,0,0.983955,1.69344,9.06595e+06,3.9903e+06,1.15498e+07,0,0,0,1.01307e+08
86.1459,103.622,1.23777,0.01,0,2.81222,2.81222,0,0.526837,5.32224,4.3624e+06,2.98533e+06,1.2268e+07,0,0,0,0,62.1853,61.308,2.84933,0,1,1.2744,1.2744,0,0.984277,1.69344,9.06595e+06,3.9903e+06,1.15536e+07,0,0,0,1.01307e+08
87.9621,103.622,4.84117,0.01,0,2.90124,2.90124,0,0.52701,5.32224,4.3624e+06,2.98533e+06,1.26564e+07,0,0,0,0,62.2588,61.308,2.04536,0,1,1.31602,1.31602,0,0.9846,1.69344,9.06595e+06,3.9903e+06,1.1931e+07,0,0,0,1.01307e+08
88.5462,103.622,3.47856,0,0,2.90215,2.90215,0,0.543692,5.32224,4.3624e+06,2.98533e+06,1.26603e+07,0,0,0,0,62.3362,61.308,2.31708,0,1,1.31644,1.31644,0,1.01676,1.69344,9.06595e+06,3.9903e+06,1.19347e+07,0,0,0,1.01307e+08
96.7386,103.622,11.9983,0,0,2.90306,2.90306,0,0.543863,5.32224,4.3624e+06,2.98533e+06,1.26643e+07,0,0,0,0,62.3362,61.308,6.16192,0,1,1.31685,1.31685,0,1.01708,1.69344,9.06595e+06,3.9903e+06,1.19385e+07,0,0,0,1.01307e+08
100.275,103.622,6.83862,0,0,2.90397,2.90397,0,0.544034,5.32224,4.3624e+06,2.98533e+06,1.26683e+07,0,0,0,0,62.3362,61.308,3.88715,0,1,1.31726,1.31726,0,1.0174,1.69344,9.06595e+06,3.9903e+06,1.19422e+07,0,0,0,1.01307e+08
103.525,103.622,6.84171,0,0,3.18822,3.18822,0,0.544205,5.32224,4.3624e+06,2.98533e+06,1.39083e+07,0,0,0,0,62.3362,61.308,4.54285,0,1,1.47261,1.47261,0,1.01772,1.69344,9.06595e+06,3.9903e+06,1.33506e+07,0,0,0,1.01307e+08
103.622,103.622,4.18134,0,0,3.18922,3.18922,0,0.597473,5.32224,4.3624e+06,2.98533e+06,1.39127e+07,0,0,0,0,62.3362,61.308,2.4694,0,1,1.47307,1.47307,0,1.13774,1.69344,9.06595e+06,3.9903e+06,1.33548e+07,0,0,0,1.01307e+08
103.622,103.622,4.82448,0,0,3.19022,3.19022,0,0.597661,5.32224,4.3624e+06,2.98533e+06,1.3917e+07,0,0,0,0,62.3362,61.308,2.78847,0,1,1.47353,1.47353,0,1.13809,1.69344,9.06595e+06,3.9903e+06,1.3359e+07,0,0,0,1.01307e+08
103.622,103.622,5.64183,0,0,3.19123,3.19123,0,0.597848,5.32224,4.3624e+06,2.98533e+06,1.39214e+07,0,0,0,0,62.3362,61.308,2.91026,0,1,1.474,1.474,0,1.13845,1.69344,9.06595e+06,3.9903e+06,1.33632e+07,0,0,0,1.01307e+08
103.622,103.622,4.87197,0,0,2.78759,2.78759,0,0.598036,5.32224,4.3624e+06,2.98533e+06,1.21606e+07,0,0,0,0,62.3362,61.308,3.37709,0,1,1.26628,1.26628,0,1.13881,1.69344,9.06595e+06,3.9903e+06,1.148e+07,0,0,0,1.01307e+08
103.622,103.622,4.58258,0,0,2.78847,2.78847,0,0.522395,5.32224,4.3624e+06,2.98533e+06,1.21644e+07,0,0,0,0,62.3362,61.308,3.47369,0,1,1.26667,1.26667,0,0.978326,1.69344,9.06595e+06,3.9903e+06,1.14836e+07,0,0,0,1.01307e+08
103.622,103.622,6.28218,0,0,2.78934,2.78934,0,0.522559,5.32224,4.3624e+06,2.98533e+06,1.21682e+07,0,0,0,0,62.3362,61.308,3.61137,0,1,1.26707,1.26707,0,0.978633,1.69344,9.06595e+06,3.9903e+06,1.14872e+07,0,0,0,1.01307e+08
103.622,103.622,6.80689,0,0,2.79022,2.79022,0,0.522723,5.32224,4.3624e+06,2.98533e+06,1.2172e+07,0,0,0,0,62.3362,61.308,3.67212,0,1,1.26747,1.26747,0,0.97894,1.69344,9.06595e+06,3.9903e+06,1.14908e+07,0,0,0,1.01307e+08
103.622,103.622,6.5789,0,0,2.79109,2.79109,0,0.522887,5.32224,4.3624e+06,2.98533e+06,1.21759e+07,0,0,0,0,62.3362,61.308,4.03752,0,1,1.26787,1.26787,0,0.979247,1.69344,9.06595e+06,3.9903e+06,1.14944e+07,0,0,0,1.01307e+08
103.622,103.622,6.58992,0,0,2.89398,2.89398,0,0.523051,5.32224,4.3624e+06,2.98533e+06,1.26247e+07,0,0,0,0,62.3362,61.308,3.20857,0,1,1.31927,1.31927,0,0.979555,1.69344,9.06595e+06,3.9903e+06,1.19605e+07,0,0,0,1.01307e+08
103.622,103.622,6.3085,0,0,2.89489,2.89489,0,0.542332,5.32224,4.3624e+06,2.98533e+06,1.26287e+07,0,0,0,0,62.3362,61.308,5.18166,0,1,1.31969,1.31969,0,1.01927,1.69344,9.06595e+06,3.9903e+06,1.19642e+07,0,0,0,1.01307e+08
103.622,103.622,5.39917,0,0,2.8958,2.8958,0,0.542502,5.32224,4.3624e+06,2.98533e+06,1.26326e+07,0,0,0,0,62.3362,61.308,5.47138,0,1,1.3201,1.3201,0,1.01959,1.69344,9.06595e+06,3.9903e+06,1.1968e+07,0,0,0,1.01307e+08
103.622,103.622,4.01195,0,0,2.8967,2.8967,0,0.542672,5.32224,4.3624e+06,2.98533e+06,1.26366e+07,0,0,0,0,62.3362,61.308,3.98633,0,1,1.32052,1.32052,0,1.01991,1.69344,9.06595e+06,3.9903e+06,1.19717e+07,0,0,0,1.01307e+08
103.622,103.622,3.81745,0,0,2.85768,2.85768,0,0.542842,5.32224,4.3624e+06,2.98533e+06,1.24663e+07,0,0,0,0,62.3362,61.308,3.71536,0,1,1.30109,1.30109,0,1.02023,1.69344,9.06595e+06,3.9903e+06,1.17957e+07,0,0,0,1.01307e+08
103.622,103.622,4.23972,0,0,2.85857,2.85857,0,0.535528,5.32224,4.3624e+06,2.98533e+06,1.24702e+07,0,0,0,0,62.3362,61.308,3.61614,0,1,1.3015,1.3015,0,1.00522,1.69344,9.06595e+06,3.9903e+06,1.17993e+07,0,0,0,1.01307e+08
103.622,103.622,3.86731,0,0,2.85947,2.85947,0,0.535696,5.32224,4.3624e+06,2.98533e+06,1.24741e+07,0,0,0,0,62.3362,61.308,3.53412,0,1,1.30191,1.30191,0,1.00554,1.69344,9.06595e+06,3.9903e+06,1.1803e+07,0,0,0,1.01307e+08
103.622,103.622,3.7345,0,0,2.86036,2.86036,0,0.535864,5.32224,4.3624e+06,2.98533e+06,1.2478e+07,0,0,0,0,62.3362,61.308,3.46,0,1,1.30232,1.30232,0,1.00585,1.69344,9.06595e+06,3.9903e+06,1.18067e+07,0,0,0,1.01307e+08
103.622,103.622,3.43762,0,0,2.99699,2.99699,0,0.536032,5.32224,4.3624e+06,2.98533e+06,1.30741e+07,0,0,0,0,62.3362,61.308,3.34632,0,1,1.37316,1.37316,0,1.00617,1.69344,9.06595e+06,3.9903e+06,1.2449e+07,0,0,0,1.01307e+08
103.622,103.622,3.35295,0,0,2.99793,2.99793,0,0.561636,5.32224,4.3624e+06,2.98533e+06,1.30782e+07,0,0,0,0,62.3362,61.308,3.66627,0,1,1.37359,1.37359,0,1.0609,1.69344,9.06595e+06,3.9903e+06,1.24529e+07,0,0,0,1.01307e+08
103.604,103.622,2.99267,0,0,2.99887,2.99887,0,0.561812,5.32224,4.3624e+06,2.98533e+06,1.30823e+07,0,0,0,0,62.3362,61.308,3.43456,0,1,1.37402,1.37402,0,1.06123,1.69344,9.06595e+06,3.9903e+06,1.24568e+07,0,0,0,1.01307e+08
103.363,103.622,2.7412,0,0,2.99981,2.99981,0,0.561988,5.32224,4.3624e+06,2.98533e+06,1.30864e+07,0,0,0,0,62.3362,61.308,3.2547,0,1,1.37445,1.37445,0,1.06157,1.69344,9.06595e+06,3.9903e+06,1.24607e+07,0,0,0,1.01307e+08
103.039,103.622,2.61127,0,0,3.00075,3.00075,0,0.562164,5.32224,4.3624e+06,2.98533e+06,1.30905e+07,0,0,0,0,62.3362,61.308,2.8458,0,1,1.37488,1.37488,0,1.0619,1.69344,9.06595e+06,3.9903e+06,1.24646e+07,0,0,0,1.01307e+08
103.427,103.622,3.29736,0,0,2.9748,2.9748,0,0.56234,5.32224,4.3624e+06,2.98533e+06,1.29773e+07,0,0,0,0,62.3362,61.308,2.39632,0,1,1.41408,1.41408,0,1.06223,1.69344,9.06595e+06,3.9903e+06,1.282e+07,0,0,0,1.01307e+08
103.574,103.622,3.05907,0,0,2.97573,2.97573,0,0.557478,5.32224,4.3624e+06,2.98533e+06,1.29813e+07,0,0,0,0,62.2885,61.308,2.36925,0,1,1.41452,1.41452,0,1.09252,1.69344,9.06595e+06,3.9903e+06,1.2824e+07,0,0,0,1.01307e+08
103.476,103.622,2.79788,0,0,2.97667,2.97667,0,0.557653,5.32224,4.3624e+06,2.98533e+06,1.29854e+07,0,0,0,0,62.2823,61.308,2.11728,0,1,1.41497,1.41497,0,1.09286,1.69344,9.06595e+06,3.9903e+06,1.2828e+07,0,0,0,1.01307e+08
103.195,103.622,2.57723,0,0,2.9776,2.9776,0,0.557827,5.32224,4.3624e+06,2.98533e+06,1.29895e+07,0,0,0,0,61.9431,61.308,2.07146,0,1,1.41541,1.41541,0,1.0932,1.69344,9.06595e+06,3.9903e+06,1.2832e+07,0,0,0,1.01307e+08
102.629,103.622,2.25112,0,0,3.04804,3.04804,0,0.558002,5.32224,4.3624e+06,2.98533e+06,1.32968e+07,0,0,0,0,61.3456,61.308,1.50716,0,1,1.45045,1.45045,0,1.09355,1.69344,9.06595e+06,3.9903e+06,1.31497e+07,0,0,0,1.01307e+08
102.159,103.622,2.36068,0,0,3.049,3.049,0,0.571203,5.32224,4.3624e+06,2.98533e+06,1.33009e+07,0,0,0,0,60.8391,61.308,1.46175,0,1,1.4509,1.4509,0,1.12062,1.69344,9.06595e+06,3.9903e+06,1.31538e+07,0,0,0,1.01307e+08
101.504,103.622,2.13981,0,0,3.04995,3.04995,0,0.571382,5.32224,4.3624e+06,2.98533e+06,1.33051e+07,0,0,0,0,60.0902,61.308,1.36616,0,1,1.45136,1.45136,0,1.12097,1.69344,9.06595e+06,3.9903e+06,1.31579e+07,0,0,0,1.01307e+08
100.683,103.622,1.94564,0,0,3.0509,3.0509,0,0.571561,5.32224,4.3624e+06,2.98533e+06,1.33093e+07,0,0,0,0,59.446,61.308,1.19966,0,1,1.45181,1.45181,0,1.12132,1.69344,9.06595e+06,3.9903e+06,1.31621e+07,0,0,0,1.01307e+08
99.8365,103.622,2.0845,0,0,3.25568,3.25568,0,0.57174,5.32224,4.3624e+06,2.98533e+06,1.42026e+07,0,0,0,0,58.4207,61.308,1.401,1,1,1.5773,1.5773,0,1.12167,1.69344,9.06595e+06,3.9903e+06,1.42997e+07,0,0,0,1.01307e+08
98.729,103.622,1.76242,0,0,3.2567,3.2567,0,0.610114,5.32224,4.3624e+06,2.98533e+06,1.4207e+07,0,0,0,0,57.2396,61.308,0.918705,1,1,1.57779,1.57779,0,1.21862,1.69344,9.06595e+06,3.9903e+06,1.43042e+07,0,0,0,1.01307e+08
97.4381,103.622,1.58002,0,0,3.25772,3.25772,0,0.610305,5.32224,4.3624e+06,2.98533e+06,1.42115e+07,0,0,0,0,56.0751,61.308,0.881396,1,1,1.57829,1.57829,0,1.219,1.69344,9.06595e+06,3.9903e+06,1.43087e+07,0,0,0,1.01307e+08
96.1911,103.622,1.60315,0.01,0,3.25874,3.25874,0,0.610496,5.32224,4.3624e+06,2.98533e+06,1.42159e+07,0,0,0,0,55.0983,61.308,0.965269,1,1,1.57878,1.57878,0,1.21938,1.69344,9.06595e+06,3.9903e+06,1.43131e+07,0,0,0,1.01307e+08
94.9696,103.622,1.64677,0.01,0,3.25975,3.25975,0,0.610687,5.32224,4.3624e+06,2.98533e+06,1.42203e+07,0,0,0,0,54.4369,61.308,1.09922,1,1,1.57927,1.57927,0,1.21977,1.69344,9.06595e+06,3.9903e+06,1.43176e+07,0,0,0,1.01307e+08
93.9484,103.622,1.78348,0,0,3.16128,3.16128,0,0.610878,5.32224,4.3624e+06,2.98533e+06,1.37908e+07,0,0,0,0,54.3491,61.308,1.65758,0,1,1.50376,1.50376,0,1.22015,1.69344,9.06595e+06,3.9903e+06,1.3633e+07,0,0,0,1.01307e+08
93.1668,103.622,2.12076,0.01,0,3.16227,3.16227,0,0.592425,5.32224,4.3624e+06,2.98533e+06,1.37951e+07,0,0,0,0,54.6189,61.308,2.40232,0,1,1.50423,1.50423,0,1.1618,1.69344,9.06595e+06,3.9903e+06,1.36373e+07,0,0,0,1.01307e+08
92.2761,103.622,2.0218,0.02,0,3.16326,3.16326,0,0.59261,5.32224,4.3624e+06,2.98533e+06,1.37994e+07,0,0,0,0,54.9032,61.308,2.37804,0,1,1.5047,1.5047,0,1.16217,1.69344,9.06595e+06,3.9903e+06,1.36415e+07,0,0,0,1.01307e+08
91.6114,103.622,2.33625,0.02,0,3.16425,3.16425,0,0.592795,5.32224,4.3624e+06,2.98533e+06,1.38037e+07,0,0,0,0,55.4438,61.308,2.89354,0,1,1.50517,1.50517,0,1.16253,1.69344,9.06595e+06,3.9903e+06,1.36458e+07,0,0,0,1.01307e+08
90.7649,103.622,2.23751,0.02,0,3.08347,3.08347,0,0.59298,5.32224,4.3624e+06,2.98533e+06,1.34513e+07,0,0,0,0,55.7822,61.308,2.46722,0,1,1.43636,1.43636,0,1.16289,1.69344,9.06595e+06,3.9903e+06,1.3022e+07,0,0,0,1.01307e+08
89.3555,103.622,1.49275,0.02,0,3.08444,3.08444,0,0.577843,5.32224,4.3624e+06,2.98533e+06,1.34555e+07,0,0,0,0,55.3631,61.308,1.88019,0,1,1.43681,1.43681,0,1.10974,1.69344,9.06595e+06,3.9903e+06,1.30261e+07,0,0,0,1.01307e+08
88.1819,103.622,1.73246,0.01,0,3.0854,3.0854,0,0.578023,5.32224,4.3624e+06,2.98533e+06,1.34597e+07,0,0,0,0,55.283,61.308,1.37536,0,1,1.43726,1.43726,0,1.11008,1.69344,9.06595e+06,3.9903e+06,1.30302e+07,0,0,0,1.01307e+08
89.8333,103.622,4.78471,0.01,0,3.08636,3.08636,0,0.578204,5.32224,4.3624e+06,2.98533e+06,1.34639e+07,0,0,0,0,56.5058,61.308,4.72362,0,1,1.43771,1.43771,0,1.11043,1.69344,9.06595e+06,3.9903e+06,1.30342e+07,0,0,0,1.01307e+08
90.8924,103.622,4.08594,0.01,0,2.85482,2.85482,0,0.578384,5.32224,4.3624e+06,2.98533e+06,1.24538e+07,0,0,0,0,57.3205,61.308,3.9543,0,1,1.2937,1.2937,0,1.11078,1.69344,9.06595e+06,3.9903e+06,1.17286e+07,0,0,0,1.01307e+08
91.448,103.622,3.53051,0.01,0,2.85571,2.85571,0,0.534993,5.32224,4.3624e+06,2.98533e+06,1.24577e+07,0,0,0,0,57.4676,61.308,2.05421,0,1,1.29411,1.29411,0,0.999514,1.69344,9.06595e+06,3.9903e+06,1.17323e+07,0,0,0,1.01307e+08
92.1873,103.622,3.84929,0.01,0,2.8566,2.8566,0,0.53516,5.32224,4.3624e+06,2.98533e+06,1.24616e+07,0,0,0,0,57.8829,61.308,2.1151,0,1,1.29451,1.29451,0,0.999826,1.69344,9.06595e+06,3.9903e+06,1.1736e+07,0,0,0,1.01307e+08
94.3858,103.622,5.67662,0.01,0,2.85749,2.85749,0,0.535327,5.32224,4.3624e+06,2.98533e+06,1.24655e+07,0,0,0,0,59.8412,61.308,5.18111,0,1,1.29491,1.29491,0,1.00014,1.69344,9.06595e+06,3.9903e+06,1.17396e+07,0,0,0,1.01307e+08
96.9727,103.622,6.14037,0,0,2.85838,2.85838,0,0.535494,5.32224,4.3624e+06,2.98533e+06,1.24694e+07,0,0,0,0,60.8304,61.308,3.56754,0,1,1.29532,1.29532,0,1.00045,1.69344,9.06595e+06,3.9903e+06,1.17433e+07,0,0,0,1.01307e+08
99.8428,103.622,6.51257,0,0,2.94882,2.94882,0,0.535661,5.32224,4.3624e+06,2.98533e+06,1.28639e+07,0,0,0,0,62.3362,61.308,5.18386,0,1,1.33761,1.33761,0,1.00076,1.69344,9.06595e+06,3.9903e+06,1.21267e+07,0,0,0,1.01307e+08
103.622,103.622,16.1248,0,0,2.9497,2.9497,0,0.552609,5.32224,4.3624e+06,2.98533e+06,1.28678e+07,0,0,0,0,62.3362,61.308,8.25784,0,1,1.33801,1.33801,0,1.03343,1.69344,9.06595e+06,3.9903e+06,1.21303e+07,0,0,0,1.01307e+08
103.622,103.622,9.99903,0,0,2.95059,2.95059,0,0.552775,5.32224,4.3624e+06,2.98533e+06,1.28716e+07,0,0,0,0,62.3362,61.308,5.90185,0,1,1.33841,1.33841,0,1.03374,1.69344,9.06595e+06,3.9903e+06,1.21339e+07,0,0,0,1.01307e+08
103.622,103.622,6.17673,0,0,2.95147,2.95147,0,0.55294,5.32224,4.3624e+06,2.98533e+06,1.28755e+07,0,0,0,0,62.3362,61.308,3.83962,0,1,1.33881,1.33881,0,1.03405,1.69344,9.06595e+06,3.9903e+06,1.21376e+07,0,0,0,1.01307e+08
103.622,103.622,9.2253,0,0,3.24032,3.24032,0,0.553105,5.32224,4.3624e+06,2.98533e+06,1.41356e+07,0,0,0,0,62.3362,61.308,5.21129,0,1,1.49667,1.49667,0,1.03436,1.69344,9.06595e+06,3.9903e+06,1.35687e+07,0,0,0,1.01307e+08
103.622,103.622,18.5695,0,0,3.24129,3.24129,0,0.607235,5.32224,4.3624e+06,2.98533e+06,1.41398e+07,0,0,0,0,62.3362,61.308,15.2727,0,1,1.49712,1.49712,0,1.15633,1.69344,9.06595e+06,3.9903e+06,1.35728e+07,0,0,0,1.01307e+08
103.622,103.622,14.5989,0,0,3.24225,3.24225,0,0.607417,5.32224,4.3624e+06,2.98533e+06,1.4144e+07,0,0,0,0,62.3362,61.308,11.7726,0,1,1.49756,1.49756,0,1.15667,1.69344,9.06595e+06,3.9903e+06,1.35768e+07,0,0,0,1.01307e+08
103.622,103.622,17.5194,0,0,3.24322,3.24322,0,0.607598,5.32224,4.3624e+06,2.98533e+06,1.41482e+07,0,0,0,0,62.3362,61.308,17.2805,0,1,1.49801,1.49801,0,1.15702,1.69344,9.06595e+06,3.9903e+06,1.35809e+07,0,0,0,1.01307e+08
103.622,103.622,9.19238,0,0,2.83297,2.83297,0,0.60778,5.32224,4.3624e+06,2.98533e+06,1.23585e+07,0,0,0,0,62.3362,61.308,6.10839,0,1,1.28689,1.28689,0,1.15736,1.69344,9.06595e+06,3.9903e+06,1.16669e+07,0,0,0,1.01307e+08
103.622,103.622,5.95124,0,0,2.83382,2.83382,0,0.530899,5.32224,4.3624e+06,2.98533e+06,1.23622e+07,0,0,0,0,62.3362,61.308,4.40203,0,1,1.28728,1.28728,0,0.994252,1.69344,9.06595e+06,3.9903e+06,1.16704e+07,0,0,0,1.01307e+08
103.622,103.622,6.93528,0,0,2.83466,2.83466,0,0.531057,5.32224,4.3624e+06,2.98533e+06,1.23659e+07,0,0,0,0,62.3362,61.308,4.7295,0,1,1.28766,1.28766,0,0.994549,1.69344,9.06595e+06,3.9903e+06,1.16739e+07,0,0,0,1.01307e+08
103.622,103.622,7.82378,0,0,2.83551,2.83551,0,0.531216,5.32224,4.3624e+06,2.98533e+06,1.23696e+07,0,0,0,0,62.3362,61.308,4.93495,0,1,1.28804,1.28804,0,0.994846,1.69344,9.06595e+06,3.9903e+06,1.16773e+07,0,0,0,1.01307e+08
103.622,103.622,11.3771,0,0,2.83636,2.83636,0,0.531375,5.32224,4.3624e+06,2.98533e+06,1.23733e+07,0,0,0,0,62.3362,61.308,5.95998,0,1,1.28843,1.28843,0,0.995143,1.69344,9.06595e+06,3.9903e+06,1.16808e+07,0,0,0,1.01307e+08
103.622,103.622,9.39122,0,0,2.94087,2.94087,0,0.531533,5.32224,4.3624e+06,2.98533e+06,1.28292e+07,0,0,0,0,62.3362,61.308,6.80828,0,1,1.34065,1.34065,0,0.99544,1.69344,9.06595e+06,3.9903e+06,1.21543e+07,0,0,0,1.01307e+08
103.622,103.622,8.49556,0,0,2.94175,2.94175,0,0.551119,5.32224,4.3624e+06,2.98533e+06,1.28331e+07,0,0,0,0,62.3362,61.308,5.64902,0,1,1.34105,1.34105,0,1.03579,1.69344,9.06595e+06,3.9903e+06,1.21579e+07,0,0,0,1.01307e+08
103.622,103.622,7.34166,0,0,2.94263,2.94263,0,0.551283,5.32224,4.3624e+06,2.98533e+06,1.28369e+07,0,0,0,0,62.3362,61.308,4.60696,0,1,1.34145,1.34145,0,1.03609,1.69344,9.06595e+06,3.9903e+06,1.21615e+07,0,0,0,1.01307e+08
103.622,103.622,6.65375,0,0,2.9435,2.9435,0,0.551448,5.32224,4.3624e+06,2.98533e+06,1.28407e+07,0,0,0,0,62.3362,61.308,5.13452,0,1,1.34185,1.34185,0,1.0364,1.69344,9.06595e+06,3.9903e+06,1.21651e+07,0,0,0,1.01307e+08
103.622,103.622,5.65526,0,0,2.9038,2.9038,0,0.551613,5.32224,4.3624e+06,2.98533e+06,1.26675e+07,0,0,0,0,62.3362,61.308,4.23326,0,1,1.32209,1.32209,0,1.03671,1.69344,9.06595e+06,3.9903e+06,1.1986e+07,0,0,0,1.01307e+08
103.622,103.622,5.16885,0,0,2.90467,2.90467,0,0.544172,5.32224,4.3624e+06,2.98533e+06,1.26713e+07,0,0,0,0,62.3362,61.308,4.23955,0,1,1.32249,1.32249,0,1.02145,1.69344,9.06595e+06,3.9903e+06,1.19896e+07,0,0,0,1.01307e+08
103.622,103.622,4.88065,0,0,2.90554,2.90554,0,0.544335,5.32224,4.3624e+06,2.98533e+06,1.26751e+07,0,0,0,0,62.3362,61.308,4.03866,0,1,1.32288,1.32288,0,1.02175,1.69344,9.06595e+06,3.9903e+06,1.19932e+07,0,0,0,1.01307e+08
103.622,103.622,4.55106,0,0,2.9064,2.9064,0,0.544497,5.32224,4.3624e+06,2.98533e+06,1.26789e+07,0,0,0,0,62.3362,61.308,4.40296,0,1,1.32328,1.32328,0,1.02206,1.69344,9.06595e+06,3.9903e+06,1.19968e+07,0,0,0,1.01307e+08
103.622,103.622,4.43058,0,0,3.04518,3.04518,0,0.54466,5.32224,4.3624e+06,2.98533e+06,1.32843e+07,0,0,0,0,62.3362,61.308,4.62112,0,1,1.39524,1.39524,0,1.02236,1.69344,9.06595e+06,3.9903e+06,1.26492e+07,0,0,0,1.01307e+08
103.622,103.622,4.43362,0,0,3.04609,3.04609,0,0.570667,5.32224,4.3624e+06,2.98533e+06,1.32883e+07,0,0,0,0,62.3362,61.308,4.01158,0,1,1.39565,1.39565,0,1.07796,1.69344,9.06595e+06,3.9903e+06,1.26529e+07,0,0,0,1.01307e+08
103.622,103.622,4.04412,0,0,3.047,3.047,0,0.570837,5.32224,4.3624e+06,2.98533e+06,1.32922e+07,0,0,0,0,62.3362,61.308,3.25998,0,1,1.39607,1.39607,0,1.07828,1.69344,9.06595e+06,3.9903e+06,1.26567e+07,0,0,0,1.01307e+08
103.622,103.622,3.59194,0,0,3.04791,3.04791,0,0.571008,5.32224,4.3624e+06,2.98533e+06,1.32962e+07,0,0,0,0,62.3362,61.308,3.29107,0,1,1.39649,1.39649,0,1.0786,1.69344,9.06595e+06,3.9903e+06,1.26605e+07,0,0,0,1.01307e+08
103.622,103.622,3.34127,0,0,3.04882,3.04882,0,0.571178,5.32224,4.3624e+06,2.98533e+06,1.33002e+07,0,0,0,0,62.3362,61.308,3.32118,0,1,1.3969,1.3969,0,1.07893,1.69344,9.06595e+06,3.9903e+06,1.26643e+07,0,0,0,1.01307e+08
103.622,103.622,4.44968,0,0,3.02241,3.02241,0,0.571348,5.32224,4.3624e+06,2.98533e+06,1.3185e+07,0,0,0,0,62.3362,61.308,4.11418,0,1,1.43671,1.43671,0,1.07925,1.69344,9.06595e+06,3.9903e+06,1.30252e+07,0,0,0,1.01307e+08
103.622,103.622,4.44749,0,0,3.02331,3.02331,0,0.5664,5.32224,4.3624e+06,2.98533e+06,1.31889e+07,0,0,0,0,62.3362,61.308,4.07319,0,1,1.43714,1.43714,0,1.11,1.69344,9.06595e+06,3.9903e+06,1.3029e+07,0,0,0,1.01307e+08
103.622,103.622,4.14754,0,0,3.02421,3.02421,0,0.566569,5.32224,4.3624e+06,2.98533e+06,1.31928e+07,0,0,0,0,62.3362,61.308,3.76242,0,1,1.43757,1.43757,0,1.11033,1.69344,9.06595e+06,3.9903e+06,1.30329e+07,0,0,0,1.01307e+08
103.622,103.622,3.92733,0,0,3.02512,3.02512,0,0.566738,5.32224,4.3624e+06,2.98533e+06,1.31968e+07,0,0,0,0,62.3362,61.308,3.54396,0,1,1.438,1.438,0,1.11067,1.69344,9.06595e+06,3.9903e+06,1.30368e+07,0,0,0,1.01307e+08
103.622,103.622,3.59243,0,0,3.09664,3.09664,0,0.566907,5.32224,4.3624e+06,2.98533e+06,1.35088e+07,0,0,0,0,62.3362,61.308,2.85912,0,1,1.47357,1.47357,0,1.111,1.69344,9.06595e+06,3.9903e+06,1.33594e+07,0,0,0,1.01307e+08
103.622,103.622,3.87197,0,0,3.09756,3.09756,0,0.58031,5.32224,4.3624e+06,2.98533e+06,1.35128e+07,0,0,0,0,62.3362,61.308,2.93689,0,1,1.47401,1.47401,0,1.13848,1.69344,9.06595e+06,3.9903e+06,1.33633e+07,0,0,0,1.01307e+08
103.622,103.622,3.5554,0,0,3.09848,3.09848,0,0.580483,5.32224,4.3624e+06,2.98533e+06,1.35168e+07,0,0,0,0,62.3362,61.308,2.88315,0,1,1.47445,1.47445,0,1.13882,1.69344,9.06595e+06,3.9903e+06,1.33673e+07,0,0,0,1.01307e+08
103.622,103.622,3.25197,0,0,3.09941,3.09941,0,0.580656,5.32224,4.3624e+06,2.98533e+06,1.35208e+07,0,0,0,0,62.3362,61.308,2.5305,0,1,1.47489,1.47489,0,1.13916,1.69344,9.06595e+06,3.9903e+06,1.33713e+07,0,0,0,1.01307e+08
103.622,103.622,3.48564,0,0,3.30739,3.30739,0,0.580829,5.32224,4.3624e+06,2.98533e+06,1.44281e+07,0,0,0,0,62.3362,61.308,2.99214,1,1,1.60235,1.60235,0,1.1395,1.69344,9.06595e+06,3.9903e+06,1.45268e+07,0,0,0,1.01307e+08
103.622,103.622,3.86516,0,0,3.30837,3.30837,0,0.619805,5.32224,4.3624e+06,2.98533e+06,1.44324e+07,0,0,0,0,62.3362,61.308,2.90272,1,1,1.60283,1.60283,0,1.23798,1.69344,9.06595e+06,3.9903e+06,1.45312e+07,0,0,0,1.01307e+08
103.622,103.622,4.27274,0,0,3.30936,3.30936,0,0.619989,5.32224,4.3624e+06,2.98533e+06,1.44367e+07,0,0,0,0,62.3362,61.308,3.54434,1,1,1.60331,1.60331,0,1.23835,1.69344,9.06595e+06,3.9903e+06,1.45355e+07,0,0,0,1.01307e+08
103.622,103.622,3.45652,0,0,3.31034,3.31034,0,0.620174,5.32224,4.3624e+06,2.98533e+06,1.4441e+07,0,0,0,0,62.2525,61.308,2.66146,1,1,1.60378,1.60378,0,1.23871,1.69344,9.06595e+06,3.9903e+06,1.45398e+07,0,0,0,1.01307e+08
103.622,103.622,4.16892,0,0,3.31133,3.31133,0,0.620359,5.32224,4.3624e+06,2.98533e+06,1.44453e+07,0,0,0,0,62.3362,61.308,4.3704,1,1,1.60426,1.60426,0,1.23908,1.69344,9.06595e+06,3.9903e+06,1.45442e+07,0,0,0,1.01307e+08
103.622,103.622,4.37164,0,0,3.21125,3.21125,0,0.620543,5.32224,4.3624e+06,2.98533e+06,1.40088e+07,0,0,0,0,62.2571,61.308,3.63952,1,1,1.52753,1.52753,0,1.23945,1.69344,9.06595e+06,3.9903e+06,1.38485e+07,0,0,0,1.01307e+08
103.622,103.622,4.35851,0,0,3.21221,3.21221,0,0.601789,5.32224,4.3624e+06,2.98533e+06,1.40129e+07,0,0,0,0,62.1916,61.308,3.73569,1,1,1.52798,1.52798,0,1.18017,1.69344,9.06595e+06,3.9903e+06,1.38526e+07,0,0,0,1.01307e+08
103.622,103.622,4.99741,0,0,3.21317,3.21317,0,0.601968,5.32224,4.3624e+06,2.98533e+06,1.40171e+07,0,0,0,0,62.3362,61.308,5.13632,1,1,1.52844,1.52844,0,1.18052,1.69344,9.06595e+06,3.9903e+06,1.38567e+07,0,0,0,1.01307e+08
103.622,103.622,4.84694,0,0,3.21412,3.21412,0,0.602147,5.32224,4.3624e+06,2.98533e+06,1.40213e+07,0,0,0,0,62.3362,61.308,4.85559,1,1,1.52889,1.52889,0,1.18087,1.69344,9.06595e+06,3.9903e+06,1.38609e+07,0,0,0,1.01307e+08
103.622,103.622,4.67306,0,0,3.13203,3.13203,0,0.602326,5.32224,4.3624e+06,2.98533e+06,1.36631e+07,0,0,0,0,62.3362,61.308,5.24679,0,1,1.45898,1.45898,0,1.18122,1.69344,9.06595e+06,3.9903e+06,1.32271e+07,0,0,0,1.01307e+08
102.373,103.622,1.83356,0,0,3.13296,3.13296,0,0.586941,5.32224,4.3624e+06,2.98533e+06,1.36672e+07,0,0,0,0,62.3362,61.308,3.30356,0,1,1.45942,1.45942,0,1.12721,1.69344,9.06595e+06,3.9903e+06,1.3231e+07,0,0,0,1.01307e+08
103.445,103.622,4.2742,0.01,0,3.13389,3.13389,0,0.587116,5.32224,4.3624e+06,2.98533e+06,1.36713e+07,0,0,0,0,62.3362,61.308,4.85181,0,1,1.45985,1.45985,0,1.12754,1.69344,9.06595e+06,3.9903e+06,1.32349e+07,0,0,0,1.01307e+08
103.622,103.622,8.987,0.01,0,3.13482,3.13482,0,0.587291,5.32224,4.3624e+06,2.98533e+06,1.36753e+07,0,0,0,0,62.3362,61.308,7.41319,0,1,1.46028,1.46028,0,1.12788,1.69344,9.06595e+06,3.9903e+06,1.32389e+07,0,0,0,1.01307e+08
103.622,103.622,4.80758,0,0,2.8996,2.8996,0,0.587466,5.32224,4.3624e+06,2.98533e+06,1.26492e+07,0,0,0,0,62.3362,61.308,4.95093,0,1,1.31399,1.31399,0,1.12822,1.69344,9.06595e+06,3.9903e+06,1.19126e+07,0,0,0,1.01307e+08
103.622,103.622,5.57288,0,0,2.90046,2.90046,0,0.543384,5.32224,4.3624e+06,2.98533e+06,1.2653e+07,0,0,0,0,62.3362,61.308,4.28014,0,1,1.31439,1.31439,0,1.01519,1.69344,9.06595e+06,3.9903e+06,1.19162e+07,0,0,0,1.01307e+08
103.622,103.622,4.31527,0,0,2.90132,2.90132,0,0.543546,5.32224,4.3624e+06,2.98533e+06,1.26567e+07,0,0,0,0,62.3362,61.308,3.22409,0,1,1.31478,1.31478,0,1.01549,1.69344,9.06595e+06,3.9903e+06,1.19197e+07,0,0,0,1.01307e+08
103.622,103.622,4.8661,0,0,2.90218,2.90218,0,0.543707,5.32224,4.3624e+06,2.98533e+06,1.26605e+07,0,0,0,0,62.3362,61.308,5.87089,0,1,1.31517,1.31517,0,1.0158,1.69344,9.06595e+06,3.9903e+06,1.19232e+07,0,0,0,1.01307e+08
103.622,103.622,7.51407,0,0,2.90305,2.90305,0,0.543869,5.32224,4.3624e+06,2.98533e+06,1.26642e+07,0,0,0,0,62.3362,61.308,5.24293,0,1,1.31556,1.31556,0,1.0161,1.69344,9.06595e+06,3.9903e+06,1.19268e+07,0,0,0,1.01307e+08
103.622,103.622,12.9411,0,0,2.99486,2.99486,0,0.544031,5.32224,4.3624e+06,2.98533e+06,1.30648e+07,0,0,0,0,62.3362,61.308,7.63948,0,1,1.35849,1.35849,0,1.0164,1.69344,9.06595e+06,3.9903e+06,1.2316e+07,0,0,0,1.01307e+08
103.622,103.622,9.01938,0,0,2.99571,2.99571,0,0.561236,5.32224,4.3624e+06,2.98533e+06,1.30685e+07,0,0,0,0,62.3362,61.308,7.14404,0,1,1.35888,1.35888,0,1.04957,1.69344,9.06595e+06,3.9903e+06,1.23195e+07,0,0,0,1.01307e+08
103.622,103.622,8.45748,0,0,2.99656,2.99656,0,0.561396,5.32224,4.3624e+06,2.98533e+06,1.30722e+07,0,0,0,0,62.3362,61.308,6.15753,0,1,1.35926,1.35926,0,1.04987,1.69344,9.06595e+06,3.9903e+06,1.2323e+07,0,0,0,1.01307e+08
103.622,103.622,7.54891,0,0,2.99742,2.99742,0,0.561556,5.32224,4.3624e+06,2.98533e+06,1.30759e+07,0,0,0,0,62.3362,61.308,6.11371,0,1,1.35965,1.35965,0,1.05017,1.69344,9.06595e+06,3.9903e+06,1.23265e+07,0,0,0,1.01307e+08
103.622,103.622,7.69016,0,0,3.29072,3.29072,0,0.561716,5.32224,4.3624e+06,2.98533e+06,1.43554e+07,0,0,0,0,62.3362,61.308,6.61573,0,1,1.51995,1.51995,0,1.05047,1.69344,9.06595e+06,3.9903e+06,1.37798e+07,0,0,0,1.01307e+08
103.622,103.622,5.55995,0,0,3.29166,3.29166,0,0.616681,5.32224,4.3624e+06,2.98533e+06,1.43595e+07,0,0,0,0,62.3362,61.308,5.09625,0,1,1.52038,1.52038,0,1.17431,1.69344,9.06595e+06,3.9903e+06,1.37837e+07,0,0,0,1.01307e+08
103.622,103.622,5.86217,0,0,3.29259,3.29259,0,0.616856,5.32224,4.3624e+06,2.98533e+06,1.43636e+07,0,0,0,0,62.3362,61.308,5.82498,0,1,1.52082,1.52082,0,1.17465,1.69344,9.06595e+06,3.9903e+06,1.37876e+07,0,0,0,1.01307e+08
103.622,103.622,6.33452,0,0,3.29353,3.29353,0,0.617032,5.32224,4.3624e+06,2.98533e+06,1.43677e+07,0,0,0,0,62.3362,61.308,5.84142,0,1,1.52125,1.52125,0,1.17498,1.69344,9.06595e+06,3.9903e+06,1.37916e+07,0,0,0,1.01307e+08
103.622,103.622,6.7005,0,0,2.87688,2.87688,0,0.617208,5.32224,4.3624e+06,2.98533e+06,1.25501e+07,0,0,0,0,62.3362,61.308,5.67933,0,1,1.30683,1.30683,0,1.17532,1.69344,9.06595e+06,3.9903e+06,1.18477e+07,0,0,0,1.01307e+08
103.622,103.622,3.50991,0,0,2.87769,2.87769,0,0.539126,5.32224,4.3624e+06,2.98533e+06,1.25537e+07,0,0,0,0,62.3362,61.308,3.23931,0,1,1.30721,1.30721,0,1.00966,1.69344,9.06595e+06,3.9903e+06,1.18511e+07,0,0,0,1.01307e+08
103.622,103.622,5.61816,0,0,2.87851,2.87851,0,0.53928,5.32224,4.3624e+06,2.98533e+06,1.25572e+07,0,0,0,0,62.3362,61.308,4.97303,0,1,1.30758,1.30758,0,1.00995,1.69344,9.06595e+06,3.9903e+06,1.18545e+07,0,0,0,1.01307e+08
103.622,103.622,5.49822,0,0,2.87933,2.87933,0,0.539434,5.32224,4.3624e+06,2.98533e+06,1.25608e+07,0,0,0,0,62.3362,61.308,6.9536,0,1,1.30795,1.30795,0,1.01024,1.69344,9.06595e+06,3.9903e+06,1.18578e+07,0,0,0,1.01307e+08
103.622,103.622,6.14444,0,0,2.88015,2.88015,0,0.539587,5.32224,4.3624e+06,2.98533e+06,1.25644e+07,0,0,0,0,62.3362,61.308,5.71584,0,1,1.30832,1.30832,0,1.01052,1.69344,9.06595e+06,3.9903e+06,1.18612e+07,0,0,0,1.01307e+08
103.622,103.622,6.23526,0,0,2.98624,2.98624,0,0.539741,5.32224,4.3624e+06,2.98533e+06,1.30272e+07,0,0,0,0,62.3362,61.308,6.13201,0,1,1.36133,1.36133,0,1.01081,1.69344,9.06595e+06,3.9903e+06,1.23418e+07,0,0,0,1.01307e+08
103.622,103.622,6.41661,0,0,2.98709,2.98709,0,0.559621,5.32224,4.3624e+06,2.98533e+06,1.30309e+07,0,0,0,0,62.3362,61.308,5.85948,0,1,1.36172,1.36172,0,1.05176,1.69344,9.06595e+06,3.9903e+06,1.23453e+07,0,0,0,1.01307e+08
103.622,103.622,8.70029,0,0,2.98794,2.98794,0,0.55978,5.32224,4.3624e+06,2.98533e+06,1.30346e+07,0,0,0,0,62.3362,61.308,6.68942,0,1,1.36211,1.36211,0,1.05206,1.69344,9.06595e+06,3.9903e+06,1.23488e+07,0,0,0,1.01307e+08
103.622,103.622,7.06976,0,0,2.98879,2.98879,0,0.55994,5.32224,4.3624e+06,2.98533e+06,1.30383e+07,0,0,0,0,62.3362,61.308,6.49524,0,1,1.36249,1.36249,0,1.05236,1.69344,9.06595e+06,3.9903e+06,1.23523e+07,0,0,0,1.01307e+08
103.622,103.622,4.92279,0,0,2.94844,2.94844,0,0.560099,5.32224,4.3624e+06,2.98533e+06,1.28623e+07,0,0,0,0,62.3362,61.308,5.01424,0,1,1.34242,1.34242,0,1.05266,1.69344,9.06595e+06,3.9903e+06,1.21703e+07,0,0,0,1.01307e+08
103.622,103.622,3.69871,0,0,2.94927,2.94927,0,0.552537,5.32224,4.3624e+06,2.98533e+06,1.28659e+07,0,0,0,0,62.3362,61.308,3.53768,0,1,1.3428,1.3428,0,1.03715,1.69344,9.06595e+06,3.9903e+06,1.21737e+07,0,0,0,1.01307e+08
103.622,103.622,3.62236,0,0,2.95011,2.95011,0,0.552694,5.32224,4.3624e+06,2.98533e+06,1.28696e+07,0,0,0,0,62.3362,61.308,3.49321,0,1,1.34318,1.34318,0,1.03745,1.69344,9.06595e+06,3.9903e+06,1.21772e+07,0,0,0,1.01307e+08
103.622,103.622,3.12361,0,0,2.95095,2.95095,0,0.552851,5.32224,4.3624e+06,2.98533e+06,1.28732e+07,0,0,0,0,62.3362,61.308,3.30964,0,1,1.34356,1.34356,0,1.03774,1.69344,9.06595e+06,3.9903e+06,1.21807e+07,0,0,0,1.01307e+08
103.508,103.622,3.03683,0,0,3.09182,3.09182,0,0.553009,5.32224,4.3624e+06,2.98533e+06,1.34877e+07,0,0,0,0,62.3362,61.308,3.43613,0,1,1.41661,1.41661,0,1.03804,1.69344,9.06595e+06,3.9903e+06,1.28429e+07,0,0,0,1.01307e+08
103.054,103.622,2.59955,0,0,3.0927,3.0927,0,0.579406,5.32224,4.3624e+06,2.98533e+06,1.34916e+07,0,0,0,0,62.3362,61.308,2.594,0,1,1.41701,1.41701,0,1.09447,1.69344,9.06595e+06,3.9903e+06,1.28465e+07,0,0,0,1.01307e+08
102.486,103.622,2.45777,0,0,3.09358,3.09358,0,0.579571,5.32224,4.3624e+06,2.98533e+06,1.34954e+07,0,0,0,0,62.3362,61.308,2.63872,0,1,1.41741,1.41741,0,1.09478,1.69344,9.06595e+06,3.9903e+06,1.28502e+07,0,0,0,1.01307e+08
101.842,103.622,2.36744,0,0,3.09446,3.09446,0,0.579736,5.32224,4.3624e+06,2.98533e+06,1.34993e+07,0,0,0,0,62.3362,61.308,2.57742,0,1,1.41781,1.41781,0,1.09509,1.69344,9.06595e+06,3.9903e+06,1.28538e+07,0,0,0,1.01307e+08
101.079,103.622,2.21603,0,0,3.09534,3.09534,0,0.579901,5.32224,4.3624e+06,2.98533e+06,1.35031e+07,0,0,0,0,62.3362,61.308,2.4006,0,1,1.41822,1.41822,0,1.0954,1.69344,9.06595e+06,3.9903e+06,1.28575e+07,0,0,0,1.01307e+08
100.611,103.622,2.5286,0,0,3.06849,3.06849,0,0.580066,5.32224,4.3624e+06,2.98533e+06,1.3386e+07,0,0,0,0,62.3362,61.308,3.02488,0,1,1.45861,1.45861,0,1.09571,1.69344,9.06595e+06,3.9903e+06,1.32237e+07,0,0,0,1.01307e+08
100.126,103.622,2.54696,0,0,3.06936,3.06936,0,0.575034,5.32224,4.3624e+06,2.98533e+06,1.33898e+07,0,0,0,0,62.3362,61.308,3.19053,0,1,1.45903,1.45903,0,1.12692,1.69344,9.06595e+06,3.9903e+06,1.32275e+07,0,0,0,1.01307e+08
99.4484,103.622,2.33147,0,0,3.07023,3.07023,0,0.575198,5.32224,4.3624e+06,2.98533e+06,1.33936e+07,0,0,0,0,62.3362,61.308,3.03843,0,1,1.45944,1.45944,0,1.12724,1.69344,9.06595e+06,3.9903e+06,1.32312e+07,0,0,0,1.01307e+08
98.6122,103.622,2.13372,0,0,3.0711,3.0711,0,0.575361,5.32224,4.3624e+06,2.98533e+06,1.33974e+07,0,0,0,0,62.3362,61.308,2.79644,0,1,1.45986,1.45986,0,1.12757,1.69344,9.06595e+06,3.9903e+06,1.3235e+07,0,0,0,1.01307e+08
97.6375,103.622,1.96277,0,0,3.14367,3.14367,0,0.575525,5.32224,4.3624e+06,2.98533e+06,1.37139e+07,0,0,0,0,62.3362,61.308,2.70965,0,1,1.49595,1.49595,0,1.12789,1.69344,9.06595e+06,3.9903e+06,1.35623e+07,0,0,0,1.01307e+08
96.7067,103.622,2.02168,0,0,3.14456,3.14456,0,0.589124,5.32224,4.3624e+06,2.98533e+06,1.37178e+07,0,0,0,0,62.3362,61.308,3.15856,0,1,1.49638,1.49638,0,1.15577,1.69344,9.06595e+06,3.9903e+06,1.35661e+07,0,0,0,1.01307e+08
95.6387,103.622,1.82796,0,0,3.14546,3.14546,0,0.589291,5.32224,4.3624e+06,2.98533e+06,1.37217e+07,0,0,0,0,62.3362,61.308,2.95663,0,1,1.4968,1.4968,0,1.1561,1.69344,9.06595e+06,3.9903e+06,1.357e+07,0,0,0,1.01307e+08
94.4473,103.622,1.66155,0,0,3.14635,3.14635,0,0.589458,5.32224,4.3624e+06,2.98533e+06,1.37256e+07,0,0,0,0,62.3362,61.308,2.5945,0,1,1.49723,1.49723,0,1.15643,1.69344,9.06595e+06,3.9903e+06,1.35738e+07,0,0,0,1.01307e+08
93.2559,103.622,1.86079,0,0,3.35743,3.35743,0,0.589626,5.32224,4.3624e+06,2.98533e+06,1.46465e+07,0,0,0,0,62.3362,61.308,3.18538,1,1,1.6266,1.6266,0,1.15676,1.69344,9.06595e+06,3.9903e+06,1.47467e+07,0,0,0,1.01307e+08
91.5174,103.622,1.23935,0.02,0,3.35839,3.35839,0,0.629183,5.32224,4.3624e+06,2.98533e+06,1.46506e+07,0,0,0,0,62.3362,61.308,3.20845,1,1,1.62706,1.62706,0,1.25671,1.69344,9.06595e+06,3.9903e+06,1.47508e+07,0,0,0,1.01307e+08
89.7481,103.622,1.18702,0.02,0,3.35934,3.35934,0,0.629362,5.32224,4.3624e+06,2.98533e+06,1.46548e+07,0,0,0,0,62.3362,61.308,3.18851,1,1,1.62752,1.62752,0,1.25707,1.69344,9.06595e+06,3.9903e+06,1.4755e+07,0,0,0,1.01307e+08
88.4319,103.622,1.67601,0.02,0,3.3603,3.3603,0,0.629541,5.32224,4.3624e+06,2.98533e+06,1.46589e+07,0,0,0,0,62.3362,61.308,3.81112,1,1,1.62798,1.62798,0,1.25742,1.69344,9.06595e+06,3.9903e+06,1.47592e+07,0,0,0,1.01307e+08
87.6564,103.622,2.27142,0.02,0,3.36125,3.36125,0,0.629719,5.32224,4.3624e+06,2.98533e+06,1.46631e+07,0,0,0,0,62.3362,61.308,4.29571,1,1,1.62845,1.62845,0,1.25778,1.69344,9.06595e+06,3.9903e+06,1.47634e+07,0,0,0,1.01307e+08
86.5641,103.622,1.97354,0.02,0,3.25962,3.25962,0,0.629898,5.32224,4.3624e+06,2.98533e+06,1.42198e+07,0,0,0,0,62.3362,61.308,4.09322,1,1,1.55053,1.55053,0,1.25814,1.69344,9.06595e+06,3.9903e+06,1.40571e+07,0,0,0,1.01307e+08
85.1851,103.622,1.62345,0.02,0,3.26055,3.26055,0,0.610853,5.32224,4.3624e+06,2.98533e+06,1.42238e+07,0,0,0,0,62.3362,61.308,3.20079,1,1,1.55097,1.55097,0,1.19794,1.69344,9.06595e+06,3.9903e+06,1.40611e+07,0,0,0,1.01307e+08
84.0967,103.622,1.98658,0.02,0,3.26147,3.26147,0,0.611026,5.32224,4.3624e+06,2.98533e+06,1.42278e+07,0,0,0,0,62.3362,61.308,3.61534,1,1,1.55141,1.55141,0,1.19828,1.69344,9.06595e+06,3.9903e+06,1.40651e+07,0,0,0,1.01307e+08
85.5527,103.622,5.14474,0.02,0,3.2624,3.2624,0,0.6112,5.32224,4.3624e+06,2.98533e+06,1.42319e+07,0,0,0,0,62.3362,61.308,7.8195,1,1,1.55185,1.55185,0,1.19862,1.69344,9.06595e+06,3.9903e+06,1.4069e+07,0,0,0,1.01307e+08
85.1648,103.622,2.77851,0.02,0,3.17902,3.17902,0,0.611373,5.32224,4.3624e+06,2.98533e+06,1.38682e+07,0,0,0,0,62.3362,61.308,3.78816,0,1,1.48087,1.48087,0,1.19896,1.69344,9.06595e+06,3.9903e+06,1.34255e+07,0,0,0,1.01307e+08
85.5619,103.622,4.02521,0.02,0,3.17992,3.17992,0,0.595749,5.32224,4.3624e+06,2.98533e+06,1.38721e+07,0,0,0,0,62.3362,61.308,6.69502,0,1,1.48129,1.48129,0,1.14412,1.69344,9.06595e+06,3.9903e+06,1.34293e+07,0,0,0,1.01307e+08
85.1282,103.622,3.0255,0.02,0,3.18083,3.18083,0,0.595918,5.32224,4.3624e+06,2.98533e+06,1.3876e+07,0,0,0,0,62.3362,61.308,4.43015,0,1,1.48171,1.48171,0,1.14445,1.69344,9.06595e+06,3.9903e+06,1.34332e+07,0,0,0,1.01307e+08
85.6996,103.622,4.08853,0.02,0,3.18173,3.18173,0,0.596087,5.32224,4.3624e+06,2.98533e+06,1.388e+07,0,0,0,0,62.3362,61.308,3.96387,0,1,1.48214,1.48214,0,1.14477,1.69344,9.06595e+06,3.9903e+06,1.3437e+07,0,0,0,1.01307e+08
86.3341,103.622,4.3229,0.02,0,2.94294,2.94294,0,0.596256,5.32224,4.3624e+06,2.98533e+06,1.28383e+07,0,0,0,0,62.3362,61.308,7.25894,0,1,1.33364,1.33364,0,1.1451,1.69344,9.06595e+06,3.9903e+06,1.20907e+07,0,0,0,1.01307e+08
85.2917,103.622,1.95336,0.02,0,2.94378,2.94378,0,0.551508,5.32224,4.3624e+06,2.98533e+06,1.28419e+07,0,0,0,0,62.3362,61.308,5.0262,0,1,1.33402,1.33402,0,1.03037,1.69344,9.06595e+06,3.9903e+06,1.20941e+07,0,0,0,1.01307e+08
85.1531,103.622,3.02204,0.02,0,2.94461,2.94461,0,0.551664,5.32224,4.3624e+06,2.98533e+06,1.28456e+07,0,0,0,0,62.3362,61.308,7.45057,0,1,1.33439,1.33439,0,1.03066,1.69344,9.06595e+06,3.9903e+06,1.20976e+07,0,0,0,1.01307e+08
84.7272,103.622,2.69419,0.01,0,2.94545,2.94545,0,0.55182,5.32224,4.3624e+06,2.98533e+06,1.28492e+07,0,0,0,0,62.3362,61.308,5.25605,0,1,1.33477,1.33477,0,1.03095,1.69344,9.06595e+06,3.9903e+06,1.2101e+07,0,0,0,1.01307e+08
85.2903,103.622,3.97004,0.01,0,2.94628,2.94628,0,0.551977,5.32224,4.3624e+06,2.98533e+06,1.28529e+07,0,0,0,0,62.3362,61.308,10.231,0,1,1.33515,1.33515,0,1.03125,1.69344,9.06595e+06,3.9903e+06,1.21044e+07,0,0,0,1.01307e+08
85.9225,103.622,4.0484,0.01,0,3.03942,3.03942,0,0.552133,5.32224,4.3624e+06,2.98533e+06,1.32592e+07,0,0,0,0,62.3362,61.308,6.63866,0,1,1.3787,1.3787,0,1.03154,1.69344,9.06595e+06,3.9903e+06,1.24993e+07,0,0,0,1.01307e+08
89.4459,103.622,6.86318,0.01,0,3.04025,3.04025,0,0.569588,5.7456,4.3624e+06,2.98533e+06,1.32628e+07,0,0,0,0,62.3362,61.308,4.34687,0,1,1.37908,1.37908,0,1.06519,1.69344,9.06595e+06,3.9903e+06,1.25027e+07,0,0,0,1.01307e+08
93.3017,103.622,7.30768,0.01,0,3.04108,3.04108,0,0.569743,5.7456,4.3624e+06,2.98533e+06,1.32664e+07,0,0,0,0,62.3362,61.308,6.08841,0,1,1.37945,1.37945,0,1.06548,1.69344,9.06595e+06,3.9903e+06,1.25061e+07,0,0,0,1.01307e+08
98.9231,103.622,9.51133,0,0,3.0419,3.0419,0,0.569898,5.7456,4.3624e+06,2.98533e+06,1.327e+07,0,0,0,0,62.3362,61.308,9.08004,0,1,1.37983,1.37983,0,1.06577,1.69344,9.06595e+06,3.9903e+06,1.25095e+07,0,0,0,1.01307e+08
103.577,103.622,8.71676,0,0,3.33951,3.33951,0,0.570053,5.7456,4.3624e+06,2.98533e+06,1.45683e+07,0,0,0,0,62.3362,61.308,5.97384,1,1,1.54249,1.54249,0,1.06606,1.69344,9.06595e+06,3.9903e+06,1.39841e+07,0,0,0,1.01307e+08
103.622,103.622,7.15823,0,0,3.34042,3.34042,0,0.625824,5.7456,4.3624e+06,2.98533e+06,1.45722e+07,0,0,0,0,62.3362,61.308,4.76847,1,1,1.54291,1.54291,0,1.19173,1.69344,9.06595e+06,3.9903e+06,1.39879e+07,0,0,0,1.01307e+08
103.622,103.622,4.74256,0,0,3.34133,3.34133,0,0.625995,5.7456,4.3624e+06,2.98533e+06,1.45762e+07,0,0,0,0,62.3362,61.308,3.94776,1,1,1.54333,1.54333,0,1.19205,1.69344,9.06595e+06,3.9903e+06,1.39917e+07,0,0,0,1.01307e+08
103.622,103.622,5.26406,0,0,3.34224,3.34224,0,0.626165,5.7456,4.3624e+06,2.98533e+06,1.45802e+07,0,0,0,0,62.3362,61.308,4.17801,1,1,1.54375,1.54375,0,1.19237,1.69344,9.06595e+06,3.9903e+06,1.39955e+07,0,0,0,1.01307e+08
103.622,103.622,5.37491,0,0,2.91938,2.91938,0,0.626335,5.7456,4.3624e+06,2.98533e+06,1.27355e+07,0,0,0,0,62.3362,61.308,4.24957,0,1,1.32614,1.32614,0,1.1927,1.69344,9.06595e+06,3.9903e+06,1.20227e+07,0,0,0,1.01307e+08
103.622,103.622,8.1701,0,0,2.92017,2.92017,0,0.547092,5.7456,4.3624e+06,2.98533e+06,1.2739e+07,0,0,0,0,62.3362,61.308,6.3194,0,1,1.3265,1.3265,0,1.02458,1.69344,9.06595e+06,3.9903e+06,1.2026e+07,0,0,0,1.01307e+08
103.622,103.622,7.3021,0,0,2.92097,2.92097,0,0.547241,5.7456,4.3624e+06,2.98533e+06,1.27424e+07,0,0,0,0,62.3362,61.308,5.12663,0,1,1.32686,1.32686,0,1.02486,1.69344,9.06595e+06,3.9903e+06,1.20293e+07,0,0,0,1.01307e+08
103.622,103.622,8.07425,0,0,2.92176,2.92176,0,0.547389,5.7456,4.3624e+06,2.98533e+06,1.27459e+07,0,0,0,0,62.3362,61.308,5.06262,0,1,1.32722,1.32722,0,1.02514,1.69344,9.06595e+06,3.9903e+06,1.20326e+07,0,0,0,1.01307e+08
103.622,103.622,7.2707,0,0,2.92256,2.92256,0,0.547538,5.7456,4.3624e+06,2.98533e+06,1.27494e+07,0,0,0,0,62.3362,61.308,4.54671,0,1,1.32759,1.32759,0,1.02541,1.69344,9.06595e+06,3.9903e+06,1.20358e+07,0,0,0,1.01307e+08
103.622,103.622,7.88478,0,0,3.03016,3.03016,0,0.547687,5.7456,4.3624e+06,2.98533e+06,1.32188e+07,0,0,0,0,62.3362,61.308,6.75718,0,1,1.38135,1.38135,0,1.02569,1.69344,9.06595e+06,3.9903e+06,1.25233e+07,0,0,0,1.01307e+08
103.622,103.622,5.93353,0,0,3.03099,3.03099,0,0.567853,5.7456,4.3624e+06,2.98533e+06,1.32224e+07,0,0,0,0,62.3362,61.308,5.89917,0,1,1.38173,1.38173,0,1.06723,1.69344,9.06595e+06,3.9903e+06,1.25267e+07,0,0,0,1.01307e+08
103.622,103.622,7.00164,0,0,3.03181,3.03181,0,0.568007,5.7456,4.3624e+06,2.98533e+06,1.3226e+07,0,0,0,0,62.3362,61.308,7.44293,0,1,1.38211,1.38211,0,1.06752,1.69344,9.06595e+06,3.9903e+06,1.25301e+07,0,0,0,1.01307e+08
103.622,103.622,7.55724,0,0,3.03263,3.03263,0,0.568161,5.7456,4.3624e+06,2.98533e+06,1.32296e+07,0,0,0,0,62.3362,61.308,9.05213,0,1,1.38248,1.38248,0,1.06781,1.69344,9.06595e+06,3.9903e+06,1.25335e+07,0,0,0,1.01307e+08
103.622,103.622,5.85292,0,0,2.99165,2.99165,0,0.568315,5.7456,4.3624e+06,2.98533e+06,1.30508e+07,0,0,0,0,62.3362,61.308,6.15244,0,1,1.36209,1.36209,0,1.0681,1.69344,9.06595e+06,3.9903e+06,1.23486e+07,0,0,0,1.01307e+08
103.622,103.622,5.93088,0,0,2.99246,2.99246,0,0.560635,5.7456,4.3624e+06,2.98533e+06,1.30543e+07,0,0,0,0,62.3362,61.308,6.79073,0,1,1.36246,1.36246,0,1.05235,1.69344,9.06595e+06,3.9903e+06,1.2352e+07,0,0,0,1.01307e+08
103.622,103.622,4.68284,0,0,2.99327,2.99327,0,0.560787,5.7456,4.3624e+06,2.98533e+06,1.30579e+07,0,0,0,0,62.3362,61.308,5.25607,0,1,1.36283,1.36283,0,1.05264,1.69344,9.06595e+06,3.9903e+06,1.23554e+07,0,0,0,1.01307e+08
103.622,103.622,4.16159,0,0,2.99409,2.99409,0,0.560939,5.7456,4.3624e+06,2.98533e+06,1.30614e+07,0,0,0,0,62.3362,61.308,4.91441,0,1,1.3632,1.3632,0,1.05292,1.69344,9.06595e+06,3.9903e+06,1.23587e+07,0,0,0,1.01307e+08
103.622,103.622,4.72438,0,0,3.13697,3.13697,0,0.561092,5.7456,4.3624e+06,2.98533e+06,1.36847e+07,0,0,0,0,62.3362,61.308,4.70178,0,1,1.43729,1.43729,0,1.05321,1.69344,9.06595e+06,3.9903e+06,1.30304e+07,0,0,0,1.01307e+08
103.622,103.622,4.1182,0,0,3.13782,3.13782,0,0.587868,5.7456,4.3624e+06,2.98533e+06,1.36884e+07,0,0,0,0,62.3362,61.308,4.03735,0,1,1.43768,1.43768,0,1.11045,1.69344,9.06595e+06,3.9903e+06,1.3034e+07,0,0,0,1.01307e+08
103.622,103.622,3.58196,0,0,3.13867,3.13867,0,0.588027,5.7456,4.3624e+06,2.98533e+06,1.36921e+07,0,0,0,0,62.3362,61.308,3.93498,0,1,1.43807,1.43807,0,1.11075,1.69344,9.06595e+06,3.9903e+06,1.30375e+07,0,0,0,1.01307e+08
103.622,103.622,3.44509,0,0,3.13952,3.13952,0,0.588187,5.7456,4.3624e+06,2.98533e+06,1.36959e+07,0,0,0,0,62.3362,61.308,3.96655,0,1,1.43846,1.43846,0,1.11106,1.69344,9.06595e+06,3.9903e+06,1.3041e+07,0,0,0,1.01307e+08
103.622,103.622,3.29047,0,0,3.14038,3.14038,0,0.588347,5.7456,4.3624e+06,2.98533e+06,1.36996e+07,0,0,0,0,62.3362,61.308,3.83955,0,1,1.43885,1.43885,0,1.11136,1.69344,9.06595e+06,3.9903e+06,1.30446e+07,0,0,0,1.01307e+08
103.405,103.622,2.6975,0,0,3.11309,3.11309,0,0.588506,5.7456,4.3624e+06,2.98533e+06,1.35806e+07,0,0,0,0,62.3362,61.308,2.88229,0,1,1.47982,1.47982,0,1.11166,1.69344,9.06595e+06,3.9903e+06,1.3416e+07,0,0,0,1.01307e+08
102.819,103.622,2.24515,0,0,3.11394,3.11394,0,0.583394,5.7456,4.3624e+06,2.98533e+06,1.35842e+07,0,0,0,0,62.2237,61.308,2.09089,0,1,1.48022,1.48022,0,1.14331,1.69344,9.06595e+06,3.9903e+06,1.34196e+07,0,0,0,1.01307e+08
102.054,103.622,2.05701,0,0,3.11478,3.11478,0,0.583552,5.7456,4.3624e+06,2.98533e+06,1.35879e+07,0,0,0,0,62.1051,61.308,2.08699,0,1,1.48062,1.48062,0,1.14362,1.69344,9.06595e+06,3.9903e+06,1.34232e+07,0,0,0,1.01307e+08
101.118,103.622,1.86561,0,0,3.11563,3.11563,0,0.58371,5.7456,4.3624e+06,2.98533e+06,1.35916e+07,0,0,0,0,61.9333,61.308,1.85887,0,1,1.48102,1.48102,0,1.14393,1.69344,9.06595e+06,3.9903e+06,1.34269e+07,0,0,0,1.01307e+08
100.063,103.622,1.74361,0,0,3.18921,3.18921,0,0.583869,5.7456,4.3624e+06,2.98533e+06,1.39126e+07,0,0,0,0,61.5181,61.308,1.77628,0,1,1.51762,1.51762,0,1.14424,1.69344,9.06595e+06,3.9903e+06,1.37587e+07,0,0,0,1.01307e+08
98.9661,103.622,1.68115,0,0,3.19007,3.19007,0,0.597657,5.7456,4.3624e+06,2.98533e+06,1.39164e+07,0,0,0,0,61.1602,61.308,1.64349,0,1,1.51804,1.51804,0,1.17252,1.69344,9.06595e+06,3.9903e+06,1.37624e+07,0,0,0,1.01307e+08
97.7743,103.622,1.56389,0.01,0,3.19094,3.19094,0,0.597819,5.7456,4.3624e+06,2.98533e+06,1.39201e+07,0,0,0,0,60.62,61.308,1.67899,0,1,1.51845,1.51845,0,1.17283,1.69344,9.06595e+06,3.9903e+06,1.37662e+07,0,0,0,1.01307e+08
96.4868,103.622,1.44457,0.01,0,3.1918,3.1918,0,0.597981,5.7456,4.3624e+06,2.98533e+06,1.39239e+07,0,0,0,0,60.1808,61.308,1.49411,0,1,1.51886,1.51886,0,1.17315,1.69344,9.06595e+06,3.9903e+06,1.37699e+07,0,0,0,1.01307e+08
95.1034,103.622,1.48437,0.01,0,3.40589,3.40589,0,0.598144,5.7456,4.3624e+06,2.98533e+06,1.48579e+07,0,0,0,0,59.3839,61.308,1.68676,1,1,1.65007,1.65007,0,1.17347,1.69344,9.06595e+06,3.9903e+06,1.49595e+07,0,0,0,1.01307e+08
93.3217,103.622,1.04475,0.01,0,3.40682,3.40682,0,0.638264,5.7456,4.3624e+06,2.98533e+06,1.48619e+07,0,0,0,0,58.3423,61.308,1.3167,1,1,1.65052,1.65052,0,1.27485,1.69344,9.06595e+06,3.9903e+06,1.49635e+07,0,0,0,1.01307e+08
90.878,103.622,0.80039,0.01,0,3.40774,3.40774,0,0.638437,5.7456,4.3624e+06,2.98533e+06,1.48659e+07,0,0,0,0,57.3715,61.308,1.08936,1,1,1.65097,1.65097,0,1.27519,1.69344,9.06595e+06,3.9903e+06,1.49676e+07,0,0,0,1.01307e+08
88.8032,103.622,1.08004,0.02,0,3.40866,3.40866,0,0.63861,5.7456,4.3624e+06,2.98533e+06,1.48699e+07,0,0,0,0,56.548,61.308,1.22893,1,1,1.65142,1.65142,0,1.27554,1.69344,9.06595e+06,3.9903e+06,1.49717e+07,0,0,0,1.01307e+08
88.3726,103.622,1.55713,0.02,0,3.40959,3.40959,0,0.638783,5.7456,4.3624e+06,2.98533e+06,1.4874e+07,0,0,0,0,55.8212,61.308,1.44372,1,1,1.65186,1.65186,0,1.27588,1.69344,9.06595e+06,3.9903e+06,1.49757e+07,0,0,0,1.01307e+08
87.2304,103.622,1.54591,0.02,0,3.30645,3.30645,0,0.638956,5.7456,4.3624e+06,2.98533e+06,1.44241e+07,0,0,0,0,55.4057,61.308,1.44666,1,1,1.57281,1.57281,0,1.27623,1.69344,9.06595e+06,3.9903e+06,1.4259e+07,0,0,0,1.01307e+08
86.0123,103.622,1.43546,0.02,0,3.30735,3.30735,0,0.619629,5.7456,4.3624e+06,2.98533e+06,1.4428e+07,0,0,0,0,55.0571,61.308,2.53794,1,1,1.57324,1.57324,0,1.21515,1.69344,9.06595e+06,3.9903e+06,1.42629e+07,0,0,0,1.01307e+08
84.6203,103.622,1.22717,0.02,0,3.30824,3.30824,0,0.619797,5.7456,4.3624e+06,2.98533e+06,1.44319e+07,0,0,0,0,54.3925,61.308,1.41133,1,1,1.57366,1.57366,0,1.21548,1.69344,9.06595e+06,3.9903e+06,1.42668e+07,0,0,0,1.01307e+08
83.2808,103.622,1.27478,0.02,0,3.30914,3.30914,0,0.619965,5.7456,4.3624e+06,2.98533e+06,1.44358e+07,0,0,0,0,53.9453,61.308,1.36578,1,1,1.57409,1.57409,0,1.21581,1.69344,9.06595e+06,3.9903e+06,1.42706e+07,0,0,0,1.01307e+08
84.1612,103.622,3.68903,0.02,0,3.22453,3.22453,0,0.620133,5.7456,4.3624e+06,2.98533e+06,1.40667e+07,0,0,0,0,53.6502,61.308,2.37908,0,1,1.50207,1.50207,0,1.21614,1.69344,9.06595e+06,3.9903e+06,1.36177e+07,0,0,0,1.01307e+08
82.943,103.622,1.49069,0.02,0,3.2254,3.2254,0,0.604277,5.7456,4.3624e+06,2.98533e+06,1.40705e+07,0,0,0,0,52.7706,61.308,1.13863,0,1,1.50248,1.50248,0,1.1605,1.69344,9.06595e+06,3.9903e+06,1.36214e+07,0,0,0,1.01307e+08
81.462,103.622,1.20018,0.02,0,3.22628,3.22628,0,0.604441,5.7456,4.3624e+06,2.98533e+06,1.40743e+07,0,0,0,0,52.3573,61.308,0.965571,0,1,1.50289,1.50289,0,1.16082,1.69344,9.06595e+06,3.9903e+06,1.36251e+07,0,0,0,1.01307e+08
80.9551,103.622,2.2665,0.02,0,3.22715,3.22715,0,0.604604,5.7456,4.3624e+06,2.98533e+06,1.40781e+07,0,0,0,0,52.4135,61.308,2.86693,0,1,1.50329,1.50329,0,1.16113,1.69344,9.06595e+06,3.9903e+06,1.36288e+07,0,0,0,1.01307e+08
82.3028,103.622,4.11206,0.02,0,2.98492,2.98492,0,0.604768,5.7456,4.3624e+06,2.98533e+06,1.30214e+07,0,0,0,0,53.227,61.308,3.43418,0,1,1.35266,1.35266,0,1.16145,1.69344,9.06595e+06,3.9903e+06,1.22631e+07,0,0,0,1.01307e+08
82.8744,103.622,3.284,0.02,0,2.98573,2.98573,0,0.559374,5.7456,4.3624e+06,2.98533e+06,1.30249e+07,0,0,0,0,53.4408,61.308,2.71663,0,1,1.35303,1.35303,0,1.04506,1.69344,9.06595e+06,3.9903e+06,1.22665e+07,0,0,0,1.01307e+08
84.1356,103.622,4.00381,0.02,0,2.98653,2.98653,0,0.559525,5.7456,4.3624e+06,2.98533e+06,1.30285e+07,0,0,0,0,53.639,61.308,3.37694,0,1,1.35339,1.35339,0,1.04535,1.69344,9.06595e+06,3.9903e+06,1.22698e+07,0,0,0,1.01307e+08
86.3263,103.622,4.97331,0.02,0,2.98734,2.98734,0,0.559676,5.7456,4.3624e+06,2.98533e+06,1.3032e+07,0,0,0,0,53.7664,61.308,2.66144,0,1,1.35376,1.35376,0,1.04563,1.69344,9.06595e+06,3.9903e+06,1.22731e+07,0,0,0,1.01307e+08
89.6082,103.622,6.12989,0.01,0,2.98815,2.98815,0,0.559828,5.7456,4.3624e+06,2.98533e+06,1.30355e+07,0,0,0,0,54.4146,61.308,2.85222,0,1,1.35412,1.35412,0,1.04591,1.69344,9.06595e+06,3.9903e+06,1.22764e+07,0,0,0,1.01307e+08
91.6933,103.622,4.99859,0.01,0,2.98815,2.98815,0,0.55998,5.7456,4.3624e+06,2.98533e+06,1.30355e+07,0,0,0,0,55.7554,61.308,4.42175,0,1,1.35412,1.35412,0,1.0462,1.69344,9.06595e+06,3.9903e+06,1.22764e+07,0,0,0,1.01307e+08
90.052,103.622,1.17622,0.01,0,3.08257,3.08257,0,0.55998,5.7456,4.3624e+06,2.98533e+06,1.34474e+07,0,0,0,0,56.2251,61.308,2.54174,0,1,1.39828,1.39828,0,1.0462,1.69344,9.06595e+06,3.9903e+06,1.26767e+07,0,0,0,1.01307e+08
89.4998,103.622,2.33455,0.01,0,3.08337,3.08337,0,0.577674,5.7456,4.3624e+06,2.98533e+06,1.34509e+07,0,0,0,0,57.0627,61.308,3.5051,0,1,1.39864,1.39864,0,1.08031,1.69344,9.06595e+06,3.9903e+06,1.268e+07,0,0,0,1.01307e+08
89.7545,103.622,3.20482,0.01,0,3.08417,3.08417,0,0.577824,5.7456,4.3624e+06,2.98533e+06,1.34544e+07,0,0,0,0,57.7569,61.308,3.10714,0,1,1.399,1.399,0,1.08059,1.69344,9.06595e+06,3.9903e+06,1.26833e+07,0,0,0,1.01307e+08
89.5564,103.622,2.79487,0.01,0,3.08497,3.08497,0,0.577974,5.7456,4.3624e+06,2.98533e+06,1.34579e+07,0,0,0,0,58.3877,61.308,3.03685,0,1,1.39937,1.39937,0,1.08087,1.69344,9.06595e+06,3.9903e+06,1.26866e+07,0,0,0,1.01307e+08
88.2186,103.622,1.78995,0.01,0,3.38675,3.38675,0,0.578124,5.7456,4.3624e+06,2.98533e+06,1.47744e+07,0,0,0,0,58.7769,61.308,3.09621,1,1,1.56431,1.56431,0,1.08115,1.69344,9.06595e+06,3.9903e+06,1.41819e+07,0,0,0,1.01307e+08
87.0904,103.622,1.97984,0.01,0,3.38763,3.38763,0,0.634677,5.7456,4.3624e+06,2.98533e+06,1.47782e+07,0,0,0,0,59.1528,61.308,2.91302,1,1,1.56471,1.56471,0,1.20858,1.69344,9.06595e+06,3.9903e+06,1.41856e+07,0,0,0,1.01307e+08
86.012,103.622,1.99404,0.01,0,3.38851,3.38851,0,0.634842,5.7456,4.3624e+06,2.98533e+06,1.4782e+07,0,0,0,0,59.5107,61.308,2.84937,1,1,1.56512,1.56512,0,1.2089,1.69344,9.06595e+06,3.9903e+06,1.41893e+07,0,0,0,1.01307e+08
85.0397,103.622,2.10974,0.01,0,3.38939,3.38939,0,0.635007,5.7456,4.3624e+06,2.98533e+06,1.47859e+07,0,0,0,0,59.9556,61.308,2.68901,1,1,1.56552,1.56552,0,1.20921,1.69344,9.06595e+06,3.9903e+06,1.4193e+07,0,0,0,1.01307e+08
86.2812,103.622,4.22904,0.01,0,2.96053,2.96053,0,0.635171,5.7456,4.3624e+06,2.98533e+06,1.2915e+07,0,0,0,0,60.3811,61.308,3.8434,0,1,1.34483,1.34483,0,1.20952,1.69344,9.06595e+06,3.9903e+06,1.21922e+07,0,0,0,1.01307e+08
88.4983,103.622,5.35877,0.01,0,2.9613,2.9613,0,0.554803,5.7456,4.3624e+06,2.98533e+06,1.29184e+07,0,0,0,0,61.2264,61.308,3.97406,0,1,1.34518,1.34518,0,1.03902,1.69344,9.06595e+06,3.9903e+06,1.21954e+07,0,0,0,1.01307e+08
89.0689,103.622,3.57928,0.01,0,2.96206,2.96206,0,0.554947,5.7456,4.3624e+06,2.98533e+06,1.29217e+07,0,0,0,0,62.1079,61.308,3.2319,0,1,1.34553,1.34553,0,1.03929,1.69344,9.06595e+06,3.9903e+06,1.21985e+07,0,0,0,1.01307e+08
90.5454,103.622,4.68146,0.01,0,2.96283,2.96283,0,0.555091,5.7456,4.3624e+06,2.98533e+06,1.2925e+07,0,0,0,0,62.3362,61.308,5.77338,0,1,1.34588,1.34588,0,1.03956,1.69344,9.06595e+06,3.9903e+06,1.22017e+07,0,0,0,1.01307e+08
91.9906,103.622,4.57831,0.02,0,2.9636,2.9636,0,0.555234,5.7456,4.3624e+06,2.98533e+06,1.29284e+07,0,0,0,0,62.3362,61.308,4.22258,0,1,1.34623,1.34623,0,1.03983,1.69344,9.06595e+06,3.9903e+06,1.22048e+07,0,0,0,1.01307e+08
92.7457,103.622,3.90034,0.02,0,3.07268,3.07268,0,0.555378,5.7456,4.3624e+06,2.98533e+06,1.34042e+07,0,0,0,0,62.3362,61.308,3.78794,0,1,1.40074,1.40074,0,1.0401,1.69344,9.06595e+06,3.9903e+06,1.2699e+07,0,0,0,1.01307e+08
93.249,103.622,3.69563,0.01,0,3.07347,3.07347,0,0.57582,5.7456,4.3624e+06,2.98533e+06,1.34077e+07,0,0,0,0,62.3362,61.308,4.04206,0,1,1.4011,1.4011,0,1.08221,1.69344,9.06595e+06,3.9903e+06,1.27023e+07,0,0,0,1.01307e+08
93.4594,103.622,3.33917,0.01,0,3.07427,3.07427,0,0.575969,5.7456,4.3624e+06,2.98533e+06,1.34112e+07,0,0,0,0,62.251,61.308,4.74068,0,1,1.40146,1.40146,0,1.08249,1.69344,9.06595e+06,3.9903e+06,1.27056e+07,0,0,0,1.01307e+08
93.2044,103.622,2.74507,0,0,3.07507,3.07507,0,0.576118,5.7456,4.3624e+06,2.98533e+06,1.34147e+07,0,0,0,0,62.3362,61.308,2.30125,0,1,1.40182,1.40182,0,1.08277,1.69344,9.06595e+06,3.9903e+06,1.27089e+07,0,0,0,1.01307e+08
92.9976,103.622,2.71895,0.01,0,3.03347,3.03347,0,0.576267,5.7456,4.3624e+06,2.98533e+06,1.32332e+07,0,0,0,0,62.3362,61.308,3.11437,0,1,1.38113,1.38113,0,1.08305,1.69344,9.06595e+06,3.9903e+06,1.25213e+07,0,0,0,1.01307e+08
92.5582,103.622,2.46577,0.01,0,3.03425,3.03425,0,0.568472,5.7456,4.3624e+06,2.98533e+06,1.32366e+07,0,0,0,0,62.3362,61.308,3.02713,0,1,1.38149,1.38149,0,1.06706,1.69344,9.06595e+06,3.9903e+06,1.25245e+07,0,0,0,1.01307e+08
92.4123,103.622,2.79005,0.01,0,3.03504,3.03504,0,0.568619,5.7456,4.3624e+06,2.98533e+06,1.32401e+07,0,0,0,0,62.3362,61.308,2.71088,0,1,1.38185,1.38185,0,1.06734,1.69344,9.06595e+06,3.9903e+06,1.25278e+07,0,0,0,1.01307e+08
91.9295,103.622,2.35667,0.01,0,3.03583,3.03583,0,0.568767,5.7456,4.3624e+06,2.98533e+06,1.32435e+07,0,0,0,0,62.3362,61.308,2.74616,0,1,1.3822,1.3822,0,1.06761,1.69344,9.06595e+06,3.9903e+06,1.2531e+07,0,0,0,1.01307e+08
91.0542,103.622,1.98569,0,0,3.18066,3.18066,0,0.568914,5.7456,4.3624e+06,2.98533e+06,1.38753e+07,0,0,0,0,62.3179,61.308,2.53924,0,1,1.45731,1.45731,0,1.06789,1.69344,9.06595e+06,3.9903e+06,1.32119e+07,0,0,0,1.01307e+08
90.0171,103.622,1.80896,0,0,3.18148,3.18148,0,0.596056,5.7456,4.3624e+06,2.98533e+06,1.38789e+07,0,0,0,0,62.3362,61.308,2.23651,0,1,1.45769,1.45769,0,1.12592,1.69344,9.06595e+06,3.9903e+06,1.32153e+07,0,0,0,1.01307e+08
88.8643,103.622,1.62415,0,0,3.18231,3.18231,0,0.59621,5.7456,4.3624e+06,2.98533e+06,1.38825e+07,0,0,0,0,62.3362,61.308,2.21948,0,1,1.45807,1.45807,0,1.12621,1.69344,9.06595e+06,3.9903e+06,1.32188e+07,0,0,0,1.01307e+08
87.7089,103.622,1.6113,0,0,3.18313,3.18313,0,0.596364,5.7456,4.3624e+06,2.98533e+06,1.38861e+07,0,0,0,0,62.3362,61.308,2.25865,0,1,1.45844,1.45844,0,1.1265,1.69344,9.06595e+06,3.9903e+06,1.32222e+07,0,0,0,1.01307e+08
86.5306,103.622,1.56831,0,0,3.18395,3.18395,0,0.596519,5.7456,4.3624e+06,2.98533e+06,1.38897e+07,0,0,0,0,62.3362,61.308,2.20476,0,1,1.45882,1.45882,0,1.12679,1.69344,9.06595e+06,3.9903e+06,1.32256e+07,0,0,0,1.01307e+08
85.3537,103.622,1.54816,0,0,3.15625,3.15625,0,0.596673,5.7456,4.3624e+06,2.98533e+06,1.37688e+07,0,0,0,0,62.3362,61.308,2.31557,0,1,1.50033,1.50033,0,1.12708,1.69344,9.06595e+06,3.9903e+06,1.3602e+07,0,0,0,1.01307e+08
84.0764,103.622,1.41842,0.01,0,3.15707,3.15707,0,0.591482,5.7456,4.3624e+06,2.98533e+06,1.37724e+07,0,0,0,0,62.3237,61.308,2.05652,0,1,1.50072,1.50072,0,1.15916,1.69344,9.06595e+06,3.9903e+06,1.36055e+07,0,0,0,1.01307e+08
82.7344,103.622,1.30731,0.01,0,3.15789,3.15789,0,0.591635,5.7456,4.3624e+06,2.98533e+06,1.3776e+07,0,0,0,0,62.2471,61.308,2.01881,0,1,1.50111,1.50111,0,1.15946,1.69344,9.06595e+06,3.9903e+06,1.3609e+07,0,0,0,1.01307e+08
81.3625,103.622,1.22753,0.02,0,3.1587,3.1587,0,0.591788,5.7456,4.3624e+06,2.98533e+06,1.37795e+07,0,0,0,0,62.0826,61.308,1.94973,0,1,1.5015,1.5015,0,1.15976,1.69344,9.06595e+06,3.9903e+06,1.36125e+07,0,0,0,1.01307e+08
80.0652,103.622,1.32501,0.02,0,3.23326,3.23326,0,0.591941,5.7456,4.3624e+06,2.98533e+06,1.41048e+07,0,0,0,0,61.8415,61.308,1.92639,1,1,1.53859,1.53859,0,1.16006,1.69344,9.06595e+06,3.9903e+06,1.39488e+07,0,0,0,1.01307e+08
78.6932,103.622,1.22748,0.02,0,3.23409,3.23409,0,0.605912,5.7456,4.3624e+06,2.98533e+06,1.41084e+07,0,0,0,0,61.4891,61.308,1.86591,1,1,1.53898,1.53898,0,1.18871,1.69344,9.06595e+06,3.9903e+06,1.39524e+07,0,0,0,1.01307e+08
77.2471,103.622,1.1173,0.02,0,3.23493,3.23493,0,0.606069,5.7456,4.3624e+06,2.98533e+06,1.41121e+07,0,0,0,0,61.0933,61.308,1.7074,1,1,1.53938,1.53938,0,1.18902,1.69344,9.06595e+06,3.9903e+06,1.3956e+07,0,0,0,1.01307e+08
75.721,103.622,0.999224,0.02,0,3.23577,3.23577,0,0.606226,5.7456,4.3624e+06,2.98533e+06,1.41157e+07,0,0,0,0,60.7388,61.308,1.68483,1,1,1.53978,1.53978,0,1.18933,1.69344,9.06595e+06,3.9903e+06,1.39596e+07,0,0,0,1.01307e+08
74.0716,103.622,0.977514,0.02,0,3.45276,3.45276,0,0.606383,5.7456,4.3624e+06,2.98533e+06,1.50623e+07,0,0,0,0,60.2954,61.308,1.77629,1,1,1.67278,1.67278,0,1.18963,1.69344,9.06595e+06,3.9903e+06,1.51654e+07,0,0,0,1.01307e+08
72.4324,103.622,0.950157,0.02,0,3.45365,3.45365,0,0.647048,5.7456,4.3624e+06,2.98533e+06,1.50662e+07,0,0,0,0,59.834,61.308,1.74512,1,1,1.67321,1.67321,0,1.29239,1.69344,9.06595e+06,3.9903e+06,1.51693e+07,0,0,0,1.01307e+08
70.8758,103.622,1.00178,0.05,0,3.45455,3.45455,0,0.647215,5.7456,4.3624e+06,2.98533e+06,1.50701e+07,0,0,0,0,59.4153,61.308,1.7221,1,1,1.67365,1.67365,0,1.29272,1.69344,9.06595e+06,3.9903e+06,1.51732e+07,0,0,0,1.01307e+08
69.7505,103.622,1.44472,0.06,0,3.45544,3.45544,0,0.647382,5.7456,4.3624e+06,2.98533e+06,1.5074e+07,0,0,0,0,59.1015,61.308,2.05869,1,1,1.67408,1.67408,0,1.29306,1.69344,9.06595e+06,3.9903e+06,1.51771e+07,0,0,0,1.01307e+08
69.1375,103.622,1.95492,0.05,0,3.45633,3.45633,0,0.647549,5.7456,4.3624e+06,2.98533e+06,1.50779e+07,0,0,0,0,58.9087,61.308,2.2237,1,1,1.67451,1.67451,0,1.29339,1.69344,9.06595e+06,3.9903e+06,1.5181e+07,0,0,0,1.01307e+08
68.2761,103.622,1.6247,0.05,0,3.35174,3.35174,0,0.647717,5.7456,4.3624e+06,2.98533e+06,1.46216e+07,0,0,0,0,58.7026,61.308,2.22455,1,1,1.59435,1.59435,0,1.29373,1.69344,9.06595e+06,3.9903e+06,1.44543e+07,0,0,0,1.01307e+08
67.5443,103.622,1.76969,0.05,0,3.35261,3.35261,0,0.628116,5.7456,4.3624e+06,2.98533e+06,1.46254e+07,0,0,0,0,58.617,61.308,2.41501,1,1,1.59477,1.59477,0,1.2318,1.69344,9.06595e+06,3.9903e+06,1.44581e+07,0,0,0,1.01307e+08
66.8573,103.622,1.83553,0.06,0,3.35347,3.35347,0,0.628279,5.7456,4.3624e+06,2.98533e+06,1.46292e+07,0,0,0,0,58.5484,61.308,2.54421,1,1,1.59518,1.59518,0,1.23212,1.69344,9.06595e+06,3.9903e+06,1.44618e+07,0,0,0,1.01307e+08
66.3504,103.622,2.18867,0.05,0,3.35434,3.35434,0,0.628441,5.7456,4.3624e+06,2.98533e+06,1.4633e+07,0,0,0,0,58.8323,61.308,3.29919,1,1,1.59559,1.59559,0,1.23244,1.69344,9.06595e+06,3.9903e+06,1.44656e+07,0,0,0,1.01307e+08
66.5335,103.622,2.98402,0.04,0,3.26853,3.26853,0,0.628603,5.7456,4.3624e+06,2.98533e+06,1.42586e+07,0,0,0,0,59.3848,61.308,4.15512,0,1,1.52257,1.52257,0,1.23275,1.69344,9.06595e+06,3.9903e+06,1.38036e+07,0,0,0,1.01307e+08
65.983,103.622,2.00122,0.04,0,3.26938,3.26938,0,0.612523,5.7456,4.3624e+06,2.98533e+06,1.42623e+07,0,0,0,0,59.2483,61.308,1.81303,0,1,1.52296,1.52296,0,1.17634,1.69344,9.06595e+06,3.9903e+06,1.38071e+07,0,0,0,1.01307e+08
66.9317,103.622,3.80238,0.03,0,3.27022,3.27022,0,0.612681,5.7456,4.3624e+06,2.98533e+06,1.4266e+07,0,0,0,0,59.5491,61.308,2.92172,0,1,1.52336,1.52336,0,1.17664,1.69344,9.06595e+06,3.9903e+06,1.38107e+07,0,0,0,1.01307e+08
67.455,103.622,3.39842,0.03,0,3.27107,3.27107,0,0.61284,5.7456,4.3624e+06,2.98533e+06,1.42697e+07,0,0,0,0,59.9103,61.308,3.79773,0,1,1.52375,1.52375,0,1.17695,1.69344,9.06595e+06,3.9903e+06,1.38143e+07,0,0,0,1.01307e+08
69.5392,103.622,4.8655,0.03,0,3.0255,3.0255,0,0.612998,5.7456,4.3624e+06,2.98533e+06,1.31984e+07,0,0,0,0,60.7609,61.308,3.78638,0,1,1.37105,1.37105,0,1.17725,1.69344,9.06595e+06,3.9903e+06,1.24299e+07,0,0,0,1.01307e+08
71.4397,103.622,4.75858,0.03,0,3.02628,3.02628,0,0.566979,5.7456,4.3624e+06,2.98533e+06,1.32018e+07,0,0,0,0,61.799,61.308,4.54291,0,1,1.3714,1.3714,0,1.05927,1.69344,9.06595e+06,3.9903e+06,1.24331e+07,0,0,0,1.01307e+08
73.6411,103.622,5.29929,0.03,0,3.02706,3.02706,0,0.567125,5.7456,4.3624e+06,2.98533e+06,1.32052e+07,0,0,0,0,62.3362,61.308,4.17797,0,1,1.37176,1.37176,0,1.05955,1.69344,9.06595e+06,3.9903e+06,1.24363e+07,0,0,0,1.01307e+08
75.1266,103.622,4.64348,0.02,0,3.02784,3.02784,0,0.567271,5.7456,4.3624e+06,2.98533e+06,1.32087e+07,0,0,0,0,62.3362,61.308,3.37941,0,1,1.37211,1.37211,0,1.05982,1.69344,9.06595e+06,3.9903e+06,1.24395e+07,0,0,0,1.01307e+08
76.8171,103.622,4.70357,0.02,0,3.02862,3.02862,0,0.567418,5.7456,4.3624e+06,2.98533e+06,1.32121e+07,0,0,0,0,62.3362,61.308,3.68258,0,1,1.37247,1.37247,0,1.06009,1.69344,9.06595e+06,3.9903e+06,1.24427e+07,0,0,0,1.01307e+08
82.5126,103.622,9.49262,0.02,0,3.12429,3.12429,0,0.567564,5.7456,4.3624e+06,2.98533e+06,1.36294e+07,0,0,0,0,62.3362,61.308,7.13367,0,1,1.4172,1.4172,0,1.06037,1.69344,9.06595e+06,3.9903e+06,1.28483e+07,0,0,0,1.01307e+08
88.0108,103.622,9.31773,0.02,0,3.12506,3.12506,0,0.585491,5.7456,4.3624e+06,2.98533e+06,1.36328e+07,0,0,0,0,62.3362,61.308,6.19242,0,1,1.41755,1.41755,0,1.09493,1.69344,9.06595e+06,3.9903e+06,1.28514e+07,0,0,0,1.01307e+08
93.3111,103.622,9.24515,0.01,0,3.12583,3.12583,0,0.585636,5.7456,4.3624e+06,2.98533e+06,1.36361e+07,0,0,0,0,62.3362,61.308,6.43044,0,1,1.4179,1.4179,0,1.0952,1.69344,9.06595e+06,3.9903e+06,1.28546e+07,0,0,0,1.01307e+08
97.6956,103.622,8.24367,0,0,3.1266,3.1266,0,0.585781,5.7456,4.3624e+06,2.98533e+06,1.36395e+07,0,0,0,0,62.3362,61.308,6.47693,0,1,1.41825,1.41825,0,1.09547,1.69344,9.06595e+06,3.9903e+06,1.28578e+07,0,0,0,1.01307e+08
100.568,103.622,6.68385,0,0,3.43241,3.43241,0,0.585926,5.7456,4.3624e+06,2.98533e+06,1.49736e+07,0,0,0,0,62.3362,61.308,4.73968,1,1,1.5854,1.5854,0,1.09574,1.69344,9.06595e+06,3.9903e+06,1.43731e+07,0,0,0,1.01307e+08
103.503,103.622,6.8533,0,0,3.43326,3.43326,0,0.643234,5.7456,4.3624e+06,2.98533e+06,1.49773e+07,0,0,0,0,62.3362,61.308,4.21824,1,1,1.58579,1.58579,0,1.22488,1.69344,9.06595e+06,3.9903e+06,1.43767e+07,0,0,0,1.01307e+08
103.622,103.622,7.9105,0,0,3.43411,3.43411,0,0.643393,5.7456,4.3624e+06,2.98533e+06,1.49809e+07,0,0,0,0,62.3362,61.308,4.51447,1,1,1.58618,1.58618,0,1.22518,1.69344,9.06595e+06,3.9903e+06,1.43802e+07,0,0,0,1.01307e+08
103.622,103.622,7.07403,0,0,3.43496,3.43496,0,0.643552,5.7456,4.3624e+06,2.98533e+06,1.49846e+07,0,0,0,0,62.3362,61.308,5.61762,1,1,1.58657,1.58657,0,1.22548,1.69344,9.06595e+06,3.9903e+06,1.43838e+07,0,0,0,1.01307e+08
103.622,103.622,4.13523,0,0,3.00029,3.00029,0,0.643711,5.7456,4.3624e+06,2.98533e+06,1.30885e+07,0,0,0,0,62.3362,61.308,2.71848,0,1,1.3629,1.3629,0,1.22579,1.69344,9.06595e+06,3.9903e+06,1.2356e+07,0,0,0,1.01307e+08
103.622,103.622,4.40532,0,0,3.00103,3.00103,0,0.562255,5.7456,4.3624e+06,2.98533e+06,1.30917e+07,0,0,0,0,62.2904,61.308,4.71685,0,1,1.36323,1.36323,0,1.05298,1.69344,9.06595e+06,3.9903e+06,1.2359e+07,0,0,0,1.01307e+08
103.622,103.622,3.4099,0,0,3.00178,3.00178,0,0.562394,5.7456,4.3624e+06,2.98533e+06,1.30949e+07,0,0,0,0,62.3362,61.308,2.6324,0,1,1.36357,1.36357,0,1.05324,1.69344,9.06595e+06,3.9903e+06,1.23621e+07,0,0,0,1.01307e+08
103.622,103.622,3.77738,0,0,3.00252,3.00252,0,0.562533,5.7456,4.3624e+06,2.98533e+06,1.30982e+07,0,0,0,0,62.3362,61.308,3.41197,0,1,1.36391,1.36391,0,1.0535,1.69344,9.06595e+06,3.9903e+06,1.23651e+07,0,0,0,1.01307e+08
103.622,103.622,5.32468,0,0,3.00326,3.00326,0,0.562672,5.7456,4.3624e+06,2.98533e+06,1.31014e+07,0,0,0,0,62.3362,61.308,4.05493,0,1,1.36424,1.36424,0,1.05376,1.69344,9.06595e+06,3.9903e+06,1.23682e+07,0,0,0,1.01307e+08
103.622,103.622,4.59247,0,0,3.11376,3.11376,0,0.56281,5.7456,4.3624e+06,2.98533e+06,1.35835e+07,0,0,0,0,62.3362,61.308,5.65066,0,1,1.41946,1.41946,0,1.05402,1.69344,9.06595e+06,3.9903e+06,1.28688e+07,0,0,0,1.01307e+08
103.622,103.622,5.41824,0,0,3.11453,3.11453,0,0.583518,5.7456,4.3624e+06,2.98533e+06,1.35868e+07,0,0,0,0,62.3362,61.308,7.75062,0,1,1.41981,1.41981,0,1.09668,1.69344,9.06595e+06,3.9903e+06,1.2872e+07,0,0,0,1.01307e+08
103.622,103.622,3.83947,0,0,3.11529,3.11529,0,0.583662,5.7456,4.3624e+06,2.98533e+06,1.35902e+07,0,0,0,0,62.3362,61.308,4.45954,0,1,1.42016,1.42016,0,1.09695,1.69344,9.06595e+06,3.9903e+06,1.28751e+07,0,0,0,1.01307e+08
103.622,103.622,3.55319,0,0,3.11606,3.11606,0,0.583806,5.7456,4.3624e+06,2.98533e+06,1.35935e+07,0,0,0,0,62.3362,61.308,4.73786,0,1,1.42051,1.42051,0,1.09722,1.69344,9.06595e+06,3.9903e+06,1.28783e+07,0,0,0,1.01307e+08
103.622,103.622,5.05028,0,0,3.07387,3.07387,0,0.58395,5.7456,4.3624e+06,2.98533e+06,1.34095e+07,0,0,0,0,62.3362,61.308,7.24579,0,1,1.39953,1.39953,0,1.09749,1.69344,9.06595e+06,3.9903e+06,1.26881e+07,0,0,0,1.01307e+08
103.622,103.622,3.58142,0,0,3.07463,3.07463,0,0.576044,5.7456,4.3624e+06,2.98533e+06,1.34128e+07,0,0,0,0,62.3362,61.308,5.17154,0,1,1.39987,1.39987,0,1.08128,1.69344,9.06595e+06,3.9903e+06,1.26912e+07,0,0,0,1.01307e+08
103.581,103.622,3.10467,0,0,3.07539,3.07539,0,0.576186,5.7456,4.3624e+06,2.98533e+06,1.34161e+07,0,0,0,0,62.3362,61.308,4.7707,0,1,1.40022,1.40022,0,1.08154,1.69344,9.06595e+06,3.9903e+06,1.26943e+07,0,0,0,1.01307e+08
103.252,103.622,2.7575,0,0,3.07615,3.07615,0,0.576328,5.7456,4.3624e+06,2.98533e+06,1.34194e+07,0,0,0,0,62.3362,61.308,4.1915,0,1,1.40056,1.40056,0,1.08181,1.69344,9.06595e+06,3.9903e+06,1.26974e+07,0,0,0,1.01307e+08
103.024,103.622,2.97345,0,0,3.22287,3.22287,0,0.57647,5.7456,4.3624e+06,2.98533e+06,1.40594e+07,0,0,0,0,62.3362,61.308,4.83036,0,1,1.47665,1.47665,0,1.08208,1.69344,9.06595e+06,3.9903e+06,1.33872e+07,0,0,0,1.01307e+08
103.007,103.622,3.18594,0,0,3.22366,3.22366,0,0.603965,5.7456,4.3624e+06,2.98533e+06,1.40629e+07,0,0,0,0,62.3362,61.308,4.70321,0,1,1.47701,1.47701,0,1.14086,1.69344,9.06595e+06,3.9903e+06,1.33905e+07,0,0,0,1.01307e+08
102.74,103.622,2.91928,0,0,3.22446,3.22446,0,0.604114,5.7456,4.3624e+06,2.98533e+06,1.40664e+07,0,0,0,0,62.3362,61.308,3.9743,0,1,1.47738,1.47738,0,1.14114,1.69344,9.06595e+06,3.9903e+06,1.33938e+07,0,0,0,1.01307e+08
102.188,103.622,2.59319,0,0,3.22525,3.22525,0,0.604263,5.7456,4.3624e+06,2.98533e+06,1.40698e+07,0,0,0,0,62.3362,61.308,3.53336,0,1,1.47774,1.47774,0,1.14142,1.69344,9.06595e+06,3.9903e+06,1.33971e+07,0,0,0,1.01307e+08
101.465,103.622,2.3439,0,0,3.22605,3.22605,0,0.604412,5.7456,4.3624e+06,2.98533e+06,1.40733e+07,0,0,0,0,62.3362,61.308,3.38969,0,1,1.47811,1.47811,0,1.1417,1.69344,9.06595e+06,3.9903e+06,1.34004e+07,0,0,0,1.01307e+08
100.655,103.622,2.12292,0,0,3.19794,3.19794,0,0.604561,5.7456,4.3624e+06,2.98533e+06,1.39507e+07,0,0,0,0,62.3362,61.308,2.70937,0,1,1.52015,1.52015,0,1.14198,1.69344,9.06595e+06,3.9903e+06,1.37816e+07,0,0,0,1.01307e+08
99.7257,103.622,1.97567,0,0,3.19873,3.19873,0,0.599294,5.7456,4.3624e+06,2.98533e+06,1.39541e+07,0,0,0,0,62.3362,61.308,2.78047,0,1,1.52052,1.52052,0,1.17447,1.69344,9.06595e+06,3.9903e+06,1.3785e+07,0,0,0,1.01307e+08
98.6847,103.622,1.84372,0,0,3.19952,3.19952,0,0.599442,5.7456,4.3624e+06,2.98533e+06,1.39576e+07,0,0,0,0,62.3362,61.308,2.75141,0,1,1.5209,1.5209,0,1.17476,1.69344,9.06595e+06,3.9903e+06,1.37884e+07,0,0,0,1.01307e+08
97.6294,103.622,1.80376,0,0,3.2003,3.2003,0,0.599589,5.7456,4.3624e+06,2.98533e+06,1.3961e+07,0,0,0,0,62.3362,61.308,2.59872,0,1,1.52127,1.52127,0,1.17505,1.69344,9.06595e+06,3.9903e+06,1.37918e+07,0,0,0,1.01307e+08
96.7798,103.622,2.04743,0,0,3.2758,3.2758,0,0.599737,5.7456,4.3624e+06,2.98533e+06,1.42903e+07,0,0,0,0,62.3362,61.308,2.86648,1,1,1.55883,1.55883,0,1.17534,1.69344,9.06595e+06,3.9903e+06,1.41323e+07,0,0,0,1.01307e+08
95.8877,103.622,1.99353,0,0,3.27661,3.27661,0,0.613885,5.7456,4.3624e+06,2.98533e+06,1.42939e+07,0,0,0,0,62.3362,61.308,2.90942,1,1,1.55921,1.55921,0,1.20435,1.69344,9.06595e+06,3.9903e+06,1.41358e+07,0,0,0,1.01307e+08
94.8013,103.622,1.77574,0.01,0,3.27741,3.27741,0,0.614036,5.7456,4.3624e+06,2.98533e+06,1.42974e+07,0,0,0,0,62.3362,61.308,2.65158,1,1,1.5596,1.5596,0,1.20465,1.69344,9.06595e+06,3.9903e+06,1.41393e+07,0,0,0,1.01307e+08
93.5862,103.622,1.62011,0.01,0,3.27822,3.27822,0,0.614187,5.7456,4.3624e+06,2.98533e+06,1.43009e+07,0,0,0,0,62.3362,61.308,2.59064,1,1,1.55998,1.55998,0,1.20495,1.69344,9.06595e+06,3.9903e+06,1.41427e+07,0,0,0,1.01307e+08
92.2773,103.622,1.67457,0.01,0,3.49802,3.49802,0,0.614339,5.7456,4.3624e+06,2.98533e+06,1.52598e+07,0,0,0,0,62.2466,61.308,2.43738,1,1,1.69344,1.69471,0.00126835,1.20524,1.69344,9.06595e+06,3.9903e+06,1.53526e+07,0,0,0,1.01307e+08
91.449,103.622,2.15317,0.02,0,3.49888,3.49888,0,0.655529,5.7456,4.3624e+06,2.98533e+06,1.52635e+07,0,0,0,0,62.1727,61.308,2.4994,1,1,1.69344,1.69513,0.00168558,1.30835,1.69344,9.06595e+06,3.9903e+06,1.53526e+07,0,0,0,1.01307e+08
90.3971,103.622,1.94059,0.02,0,3.49974,3.49974,0,0.655691,5.7456,4.3624e+06,2.98533e+06,1.52673e+07,0,0,0,0,62.0678,61.308,2.39625,1,1,1.69344,1.69554,0.00210305,1.30835,1.69344,9.06595e+06,3.9903e+06,1.53526e+07,0,0,0,1.01307e+08
89.3951,103.622,1.96439,0.02,0,3.50061,3.50061,0,0.655852,5.7456,4.3624e+06,2.98533e+06,1.5271e+07,0,0,0,0,62.0883,61.308,2.60901,1,1,1.69344,1.69596,0.00252052,1.30835,1.69344,9.06595e+06,3.9903e+06,1.53526e+07,0,0,0,1.01307e+08
88.6641,103.622,2.28868,0.02,0,3.50147,3.50147,0,0.656014,5.7456,4.3624e+06,2.98533e+06,1.52748e+07,0,0,0,0,62.1679,61.308,3.13737,1,1,1.69344,1.69638,0.00293799,1.30835,1.69344,9.06595e+06,3.9903e+06,1.53526e+07,0,0,0,1.01307e+08
88.2916,103.622,2.7293,0.02,0,3.39547,3.39547,0,0.656175,5.7456,4.3624e+06,2.98533e+06,1.48124e+07,0,0,0,0,62.3362,61.308,3.91155,1,1,1.61516,1.61516,0,1.30835,1.69344,9.06595e+06,3.9903e+06,1.46429e+07,0,0,0,1.01307e+08
88.8519,103.622,3.72181,0.02,0,3.39631,3.39631,0,0.636311,5.7456,4.3624e+06,2.98533e+06,1.4816e+07,0,0,0,0,62.3362,61.308,6.2572,1,1,1.61555,1.61555,0,1.24787,1.69344,9.06595e+06,3.9903e+06,1.46465e+07,0,0,0,1.01307e+08
89.2595,103.622,3.5705,0.02,0,3.39714,3.39714,0,0.636468,5.7456,4.3624e+06,2.98533e+06,1.48197e+07,0,0,0,0,62.3362,61.308,5.17031,1,1,1.61595,1.61595,0,1.24818,1.69344,9.06595e+06,3.9903e+06,1.46501e+07,0,0,0,1.01307e+08
89.2626,103.622,3.15254,0.02,0,3.39798,3.39798,0,0.636624,5.7456,4.3624e+06,2.98533e+06,1.48233e+07,0,0,0,0,62.3362,61.308,5.08128,1,1,1.61635,1.61635,0,1.24848,1.69344,9.06595e+06,3.9903e+06,1.46537e+07,0,0,0,1.01307e+08
91.5215,103.622,6.13914,0.02,0,3.31101,3.31101,0,0.636781,5.7456,4.3624e+06,2.98533e+06,1.4444e+07,0,0,0,0,62.3362,61.308,6.43314,1,1,1.54236,1.54236,0,1.24879,1.69344,9.06595e+06,3.9903e+06,1.3983e+07,0,0,0,1.01307e+08
94.1704,103.622,6.43043,0.02,0,3.31183,3.31183,0,0.620484,5.7456,4.3624e+06,2.98533e+06,1.44475e+07,0,0,0,0,62.3362,61.308,6.28061,1,1,1.54274,1.54274,0,1.19163,1.69344,9.06595e+06,3.9903e+06,1.39864e+07,0,0,0,1.01307e+08
94.8235,103.622,3.97058,0.01,0,3.31264,3.31264,0,0.620637,5.7456,4.3624e+06,2.98533e+06,1.44511e+07,0,0,0,0,62.3362,61.308,4.15843,1,1,1.54312,1.54312,0,1.19192,1.69344,9.06595e+06,3.9903e+06,1.39898e+07,0,0,0,1.01307e+08
96.141,103.622,4.73393,0.01,0,3.31346,3.31346,0,0.620789,5.7456,4.3624e+06,2.98533e+06,1.44546e+07,0,0,0,0,62.3362,61.308,5.42333,1,1,1.5435,1.5435,0,1.19221,1.69344,9.06595e+06,3.9903e+06,1.39933e+07,0,0,0,1.01307e+08
100.011,103.622,7.46858,0.01,0,3.06467,3.06467,0,0.620942,5.7456,4.3624e+06,2.98533e+06,1.33693e+07,0,0,0,0,62.3362,61.308,6.9003,0,1,1.3888,1.3888,0,1.19251,1.69344,9.06595e+06,3.9903e+06,1.25908e+07,0,0,0,1.01307e+08
103.622,103.622,8.39712,0.01,0,3.06542,3.06542,0,0.574319,5.7456,4.3624e+06,2.98533e+06,1.33726e+07,0,0,0,0,62.3362,61.308,8.44465,0,1,1.38914,1.38914,0,1.07299,1.69344,9.06595e+06,3.9903e+06,1.25939e+07,0,0,0,1.01307e+08
103.622,103.622,13.6195,0,0,3.06618,3.06618,0,0.57446,5.7456,4.3624e+06,2.98533e+06,1.33759e+07,0,0,0,0,62.3362,61.308,10.1051,0,1,1.38948,1.38948,0,1.07325,1.69344,9.06595e+06,3.9903e+06,1.2597e+07,0,0,0,1.01307e+08
103.622,103.622,25.974,0,0,3.06693,3.06693,0,0.574602,5.7456,4.3624e+06,2.98533e+06,1.33792e+07,0,0,0,0,62.3362,61.308,35.8308,0,1,1.38983,1.38983,0,1.07352,1.69344,9.06595e+06,3.9903e+06,1.26001e+07,0,0,0,1.01307e+08
103.622,103.622,16.0111,0,0,3.06769,3.06769,0,0.574743,5.7456,4.3624e+06,2.98533e+06,1.33825e+07,0,0,0,0,62.3362,61.308,21.7942,0,1,1.39017,1.39017,0,1.07378,1.69344,9.06595e+06,3.9903e+06,1.26032e+07,0,0,0,1.01307e+08
103.622,103.622,6.44301,0,0,3.16455,3.16455,0,0.574884,5.7456,4.3624e+06,2.98533e+06,1.3805e+07,0,0,0,0,62.3362,61.308,5.75858,0,1,1.43546,1.43546,0,1.07404,1.69344,9.06595e+06,3.9903e+06,1.30138e+07,0,0,0,2.06132e+08
103.569,103.622,3.45185,0,0,3.16529,3.16529,0,0.593036,5.7456,4.3624e+06,2.98533e+06,1.38082e+07,0,0,0,0,62.3362,61.308,3.64086,0,1,1.4358,1.4358,0,1.10904,1.69344,9.06595e+06,3.9903e+06,1.30169e+07,0,0,0,2.06132e+08
103.035,103.622,2.83738,0,0,3.16603,3.16603,0,0.593175,5.7456,4.3624e+06,2.98533e+06,1.38115e+07,0,0,0,0,62.3362,61.308,3.14913,0,1,1.43613,1.43613,0,1.1093,1.69344,9.06595e+06,3.9903e+06,1.30199e+07,0,0,0,2.06132e+08
102.621,103.622,3.01506,0,0,3.16678,3.16678,0,0.593314,5.7456,4.3624e+06,2.98533e+06,1.38147e+07,0,0,0,0,62.3362,61.308,3.58351,0,1,1.43647,1.43647,0,1.10956,1.69344,9.06595e+06,3.9903e+06,1.3023e+07,0,0,0,2.06132e+08
101.58,103.622,2.46968,0.01,0,3.47647,3.47647,0,0.593454,5.7456,4.3624e+06,2.98533e+06,1.51658e+07,0,0,0,0,62.3121,61.308,2.70202,1,1,1.60575,1.60575,0,1.10982,1.69344,9.06595e+06,3.9903e+06,1.45576e+07,0,0,0,2.06132e+08
100.278,103.622,2.1012,0.01,0,3.47729,3.47729,0,0.651491,5.7456,4.3624e+06,2.98533e+06,1.51693e+07,0,0,0,0,62.3362,61.308,2.29296,1,1,1.60612,1.60612,0,1.2406,1.69344,9.06595e+06,3.9903e+06,1.4561e+07,0,0,0,2.06132e+08
99.4832,103.622,2.67917,0.01,0,3.47811,3.47811,0,0.651644,5.7456,4.3624e+06,2.98533e+06,1.51729e+07,0,0,0,0,62.3362,61.308,2.51948,1,1,1.6065,1.6065,0,1.24089,1.69344,9.06595e+06,3.9903e+06,1.45645e+07,0,0,0,2.06132e+08
98.7725,103.622,2.78589,0.01,0,3.47892,3.47892,0,0.651797,5.7456,4.3624e+06,2.98533e+06,1.51764e+07,0,0,0,0,62.2713,61.308,2.66997,1,1,1.60688,1.60688,0,1.24118,1.69344,9.06595e+06,3.9903e+06,1.45679e+07,0,0,0,2.06132e+08
98.0339,103.622,2.3697,0.01,0,3.03866,3.03866,0,0.65195,5.7456,4.3624e+06,2.98533e+06,1.32558e+07,0,0,0,0,62.3362,61.308,2.26563,0,1,1.38033,1.38033,0,1.24147,1.69344,9.06595e+06,3.9903e+06,1.2514e+07,0,0,0,2.06132e+08
98.026,103.622,3.17226,0.01,0,3.03937,3.03937,0,0.569445,5.7456,4.3624e+06,2.98533e+06,1.3259e+07,0,0,0,0,62.3362,61.308,2.52694,0,1,1.38065,1.38065,0,1.06644,1.69344,9.06595e+06,3.9903e+06,1.25169e+07,0,0,0,2.06132e+08
98.0958,103.622,3.20369,0.01,0,3.04009,3.04009,0,0.569578,5.7456,4.3624e+06,2.98533e+06,1.32621e+07,0,0,0,0,62.3362,61.308,2.5897,0,1,1.38097,1.38097,0,1.06669,1.69344,9.06595e+06,3.9903e+06,1.25198e+07,0,0,0,2.06132e+08
98.6218,103.622,3.7277,0.01,0,3.0408,3.0408,0,0.569712,5.7456,4.3624e+06,2.98533e+06,1.32652e+07,0,0,0,0,62.3362,61.308,2.89167,0,1,1.3813,1.3813,0,1.06694,1.69344,9.06595e+06,3.9903e+06,1.25228e+07,0,0,0,2.06132e+08
98.3681,103.622,2.92254,0.01,0,3.04151,3.04151,0,0.569846,5.7456,4.3624e+06,2.98533e+06,1.32683e+07,0,0,0,0,62.3362,61.308,2.39663,0,1,1.38162,1.38162,0,1.06719,1.69344,9.06595e+06,3.9903e+06,1.25257e+07,0,0,0,2.06132e+08
98.8933,103.622,3.95738,0.01,0,3.15338,3.15338,0,0.56998,5.7456,4.3624e+06,2.98533e+06,1.37563e+07,0,0,0,0,62.3362,61.308,2.81356,0,1,1.43753,1.43753,0,1.06744,1.69344,9.06595e+06,3.9903e+06,1.30326e+07,0,0,0,2.06132e+08
99.1894,103.622,3.61972,0.01,0,3.15412,3.15412,0,0.590944,5.7456,4.3624e+06,2.98533e+06,1.37595e+07,0,0,0,0,62.3362,61.308,2.84983,0,1,1.43786,1.43786,0,1.11063,1.69344,9.06595e+06,3.9903e+06,1.30356e+07,0,0,0,2.06132e+08
99.2669,103.622,3.50356,0.01,0,3.15486,3.15486,0,0.591083,5.7456,4.3624e+06,2.98533e+06,1.37628e+07,0,0,0,0,62.3362,61.308,3.54859,0,1,1.4382,1.4382,0,1.11089,1.69344,9.06595e+06,3.9903e+06,1.30387e+07,0,0,0,2.06132e+08
98.9069,103.622,2.86774,0,0,3.1556,3.1556,0,0.591221,5.7456,4.3624e+06,2.98533e+06,1.3766e+07,0,0,0,0,61.9641,61.308,2.47375,0,1,1.43854,1.43854,0,1.11115,1.69344,9.06595e+06,3.9903e+06,1.30417e+07,0,0,0,2.06132e+08
98.3526,103.622,2.49019,0,0,3.11284,3.11284,0,0.59136,5.7456,4.3624e+06,2.98533e+06,1.35795e+07,0,0,0,0,61.5104,61.308,1.76206,0,1,1.41727,1.41727,0,1.11142,1.69344,9.06595e+06,3.9903e+06,1.28489e+07,0,0,0,2.06132e+08
97.4307,103.622,2.07069,0,0,3.11357,3.11357,0,0.583347,5.7456,4.3624e+06,2.98533e+06,1.35826e+07,0,0,0,0,61.1311,61.308,1.61674,0,1,1.4176,1.4176,0,1.09498,1.69344,9.06595e+06,3.9903e+06,1.28519e+07,0,0,0,2.06132e+08
96.2801,103.622,1.83869,0,0,3.1143,3.1143,0,0.583483,5.7456,4.3624e+06,2.98533e+06,1.35858e+07,0,0,0,0,60.7387,61.308,1.60935,0,1,1.41793,1.41793,0,1.09524,1.69344,9.06595e+06,3.9903e+06,1.28549e+07,0,0,0,2.06132e+08
95.4035,103.622,2.0783,0,0,3.11503,3.11503,0,0.58362,5.7456,4.3624e+06,2.98533e+06,1.3589e+07,0,0,0,0,60.4252,61.308,1.6421,0,1,1.41827,1.41827,0,1.0955,1.69344,9.06595e+06,3.9903e+06,1.28579e+07,0,0,0,2.06132e+08
94.8041,103.622,2.46251,0,0,3.26357,3.26357,0,0.583757,5.7456,4.3624e+06,2.98533e+06,1.4237e+07,0,0,0,0,59.9056,61.308,1.73101,0,1,1.4953,1.4953,0,1.09575,1.69344,9.06595e+06,3.9903e+06,1.35563e+07,0,0,0,2.06132e+08
93.8162,103.622,1.98103,0,0,3.26433,3.26433,0,0.611592,5.7456,4.3624e+06,2.98533e+06,1.42403e+07,0,0,0,0,59.4196,61.308,1.50803,0,1,1.49565,1.49565,0,1.15527,1.69344,9.06595e+06,3.9903e+06,1.35595e+07,0,0,0,2.06132e+08
92.773,103.622,1.90443,0,0,3.2651,3.2651,0,0.611736,5.7456,4.3624e+06,2.98533e+06,1.42437e+07,0,0,0,0,58.9174,61.308,1.53031,0,1,1.496,1.496,0,1.15554,1.69344,9.06595e+06,3.9903e+06,1.35626e+07,0,0,0,2.06132e+08
91.669,103.622,1.81832,0.01,0,3.26586,3.26586,0,0.611879,5.7456,4.3624e+06,2.98533e+06,1.4247e+07,0,0,0,0,58.3347,61.308,1.49023,0,1,1.49635,1.49635,0,1.15581,1.69344,9.06595e+06,3.9903e+06,1.35658e+07,0,0,0,2.06132e+08
90.4084,103.622,1.61959,0.01,0,3.26663,3.26663,0,0.612023,5.7456,4.3624e+06,2.98533e+06,1.42503e+07,0,0,0,0,57.4861,61.308,1.34735,0,1,1.4967,1.4967,0,1.15608,1.69344,9.06595e+06,3.9903e+06,1.3569e+07,0,0,0,2.06132e+08
88.695,103.622,1.03506,0.01,0,3.23813,3.23813,0,0.612166,5.7456,4.3624e+06,2.98533e+06,1.4126e+07,0,0,0,0,56.4633,61.308,0.975244,1,1,1.53925,1.53925,0,1.15635,1.69344,9.06595e+06,3.9903e+06,1.39548e+07,0,0,0,2.06132e+08
86.9434,103.622,0.96043,0.01,0,3.23889,3.23889,0,0.606825,5.7456,4.3624e+06,2.98533e+06,1.41293e+07,0,0,0,0,55.432,61.308,1.00642,1,1,1.53961,1.53961,0,1.18923,1.69344,9.06595e+06,3.9903e+06,1.39581e+07,0,0,0,2.06132e+08
85.1643,103.622,0.904578,0.01,0,3.23965,3.23965,0,0.606968,5.7456,4.3624e+06,2.98533e+06,1.41326e+07,0,0,0,0,54.3969,61.308,0.990031,1,1,1.53998,1.53998,0,1.18951,1.69344,9.06595e+06,3.9903e+06,1.39613e+07,0,0,0,2.06132e+08
83.3951,103.622,0.885575,0.01,0,3.24041,3.24041,0,0.60711,5.7456,4.3624e+06,2.98533e+06,1.41359e+07,0,0,0,0,53.3455,61.308,0.978704,1,1,1.54034,1.54034,0,1.18979,1.69344,9.06595e+06,3.9903e+06,1.39646e+07,0,0,0,2.06132e+08
81.5739,103.622,0.846792,0.01,0,3.31681,3.31681,0,0.607252,5.7456,4.3624e+06,2.98533e+06,1.44692e+07,0,0,0,0,52.2229,61.308,0.976396,1,1,1.57835,1.57835,0,1.19006,1.69344,9.06595e+06,3.9903e+06,1.43092e+07,0,0,0,2.06132e+08
79.7585,103.622,0.820285,0.02,0,3.31759,3.31759,0,0.62157,5.7456,4.3624e+06,2.98533e+06,1.44726e+07,0,0,0,0,51.0727,61.308,0.996507,1,1,1.57871,1.57871,0,1.21943,1.69344,9.06595e+06,3.9903e+06,1.43126e+07,0,0,0,2.06132e+08
77.8942,103.622,0.737257,0.02,0,3.31836,3.31836,0,0.621716,5.7456,4.3624e+06,2.98533e+06,1.4476e+07,0,0,0,0,49.8647,61.308,0.930413,1,1,1.57908,1.57908,0,1.21972,1.69344,9.06595e+06,3.9903e+06,1.43159e+07,0,0,0,2.06132e+08
76.0063,103.622,0.675505,0.02,0,3.31914,3.31914,0,0.621861,5.7456,4.3624e+06,2.98533e+06,1.44794e+07,0,0,0,0,48.6522,61.308,0.882164,1,1,1.57945,1.57945,0,1.22,1.69344,9.06595e+06,3.9903e+06,1.43193e+07,0,0,0,2.06132e+08
73.9858,103.622,0.628591,0.02,0,3.54164,3.54164,0,0.622007,5.7456,4.3624e+06,2.98533e+06,1.545e+07,0,0,0,0,47.3184,61.308,0.892254,1,1,1.69344,1.71584,0.0224008,1.22029,1.69344,9.06595e+06,3.9903e+06,1.53526e+07,0,0,0,2.06132e+08
72.0204,103.622,0.662199,0.02,0,3.54247,3.54247,0,0.663703,5.7456,4.3624e+06,2.98533e+06,1.54537e+07,0,0,0,0,45.9565,61.308,0.892983,1,1,1.69344,1.71624,0.0228027,1.30835,1.69344,9.06595e+06,3.9903e+06,1.53526e+07,0,0,0,2.06132e+08
70.0687,103.622,0.627954,0.06,0,3.5433,3.5433,0,0.663859,5.7456,4.3624e+06,2.98533e+06,1.54573e+07,0,0,0,0,44.6458,61.308,0.831559,1,1,1.69344,1.71664,0.0232046,1.30835,1.69344,9.06595e+06,3.9903e+06,1.53526e+07,0,0,0,2.06132e+08
68.3544,103.622,0.833147,0.08,0,3.54413,3.54413,0,0.664014,5.7456,4.3624e+06,2.98533e+06,1.54609e+07,0,0,0,0,43.4471,61.308,0.935701,1,1,1.69344,1.71705,0.0236066,1.30835,1.69344,9.06595e+06,3.9903e+06,1.53526e+07,0,0,0,2.06132e+08
66.98,103.622,1.18958,0.07,0,3.54496,3.54496,0,0.66417,5.7456,4.3624e+06,2.98533e+06,1.54645e+07,0,0,0,0,42.4738,61.308,1.11934,1,1,1.69344,1.71745,0.0240087,1.30835,1.69344,9.06595e+06,3.9903e+06,1.53526e+07,0,0,0,2.06132e+08
65.7332,103.622,1.14391,0.08,0,3.4376,3.4376,0,0.664325,5.7456,4.3624e+06,2.98533e+06,1.49962e+07,0,0,0,0,41.5664,61.308,1.11889,1,1,1.6352,1.6352,0,1.30835,1.69344,9.06595e+06,3.9903e+06,1.48246e+07,0,0,0,2.06132e+08
64.4913,103.622,1.2058,0.08,0,3.43841,3.43841,0,0.644207,5.7456,4.3624e+06,2.98533e+06,1.49997e+07,0,0,0,0,40.8198,61.308,1.36987,1,1,1.63558,1.63558,0,1.26335,1.69344,9.06595e+06,3.9903e+06,1.48281e+07,0,0,0,2.06132e+08
63.2786,103.622,1.22652,0.07,0,3.43921,3.43921,0,0.644358,5.7456,4.3624e+06,2.98533e+06,1.50032e+07,0,0,0,0,40.1924,61.308,1.43575,1,1,1.63596,1.63596,0,1.26365,1.69344,9.06595e+06,3.9903e+06,1.48316e+07,0,0,0,2.06132e+08
62.1761,103.622,1.34218,0.06,0,3.44002,3.44002,0,0.644509,5.7456,4.3624e+06,2.98533e+06,1.50067e+07,0,0,0,0,39.7313,61.308,1.5307,1,1,1.63635,1.63635,0,1.26395,1.69344,9.06595e+06,3.9903e+06,1.4835e+07,0,0,0,2.06132e+08
61.092,103.622,1.33057,0.05,0,3.35194,3.35194,0,0.644659,5.7456,4.3624e+06,2.98533e+06,1.46225e+07,0,0,0,0,39.3849,61.308,1.73468,1,1,1.56142,1.56142,0,1.26424,1.69344,9.06595e+06,3.9903e+06,1.41558e+07,0,0,0,2.06132e+08
60.0839,103.622,1.39492,0.1,0,3.35272,3.35272,0,0.628153,5.7456,4.3624e+06,2.98533e+06,1.46259e+07,0,0,0,0,39.0706,61.308,1.53646,1,1,1.56179,1.56179,0,1.20636,1.69344,9.06595e+06,3.9903e+06,1.41591e+07,0,0,0,2.06132e+08
59.5568,103.622,1.88829,0.09,0,3.35351,3.35351,0,0.6283,5.7456,4.3624e+06,2.98533e+06,1.46293e+07,0,0,0,0,38.8742,61.308,1.91504,1,1,1.56215,1.56215,0,1.20664,1.69344,9.06595e+06,3.9903e+06,1.41624e+07,0,0,0,2.06132e+08
60.894,103.622,3.92379,0.08,0,3.35429,3.35429,0,0.628447,5.7456,4.3624e+06,2.98533e+06,1.46328e+07,0,0,0,0,39.2143,61.308,3.05174,1,1,1.56252,1.56252,0,1.20692,1.69344,9.06595e+06,3.9903e+06,1.41657e+07,0,0,0,2.06132e+08
61.8325,103.622,3.35581,0.08,0,3.1024,3.1024,0,0.628594,5.7456,4.3624e+06,2.98533e+06,1.35339e+07,0,0,0,0,39.546,61.308,2.49764,0,1,1.4059,1.4059,0,1.2072,1.69344,9.06595e+06,3.9903e+06,1.27458e+07,0,0,0,2.06132e+08
62.8394,103.622,3.66957,0.09,0,3.10313,3.10313,0,0.58139,5.7456,4.3624e+06,2.98533e+06,1.35371e+07,0,0,0,0,41.1955,61.308,4.67762,0,1,1.40623,1.40623,0,1.0862,1.69344,9.06595e+06,3.9903e+06,1.27488e+07,0,0,0,2.06132e+08
63.5759,103.622,3.36977,0.05,0,3.10385,3.10385,0,0.581526,5.7456,4.3624e+06,2.98533e+06,1.35402e+07,0,0,0,0,42.5947,61.308,4.04888,0,1,1.40656,1.40656,0,1.08645,1.69344,9.06595e+06,3.9903e+06,1.27518e+07,0,0,0,2.06132e+08
65.7349,103.622,4.92616,0.05,0,3.10458,3.10458,0,0.581662,5.7456,4.3624e+06,2.98533e+06,1.35434e+07,0,0,0,0,44.9121,61.308,6.22029,0,1,1.40689,1.40689,0,1.08671,1.69344,9.06595e+06,3.9903e+06,1.27548e+07,0,0,0,2.06132e+08
68.2825,103.622,5.6866,0.06,0,3.10531,3.10531,0,0.581798,5.7456,4.3624e+06,2.98533e+06,1.35466e+07,0,0,0,0,47.0306,61.308,5.96917,0,1,1.40721,1.40721,0,1.08696,1.69344,9.06595e+06,3.9903e+06,1.27577e+07,0,0,0,2.06132e+08
73.8114,103.622,8.96258,0.07,0,3.20331,3.20331,0,0.581934,5.7456,4.3624e+06,2.98533e+06,1.39741e+07,0,0,0,0,49.3507,61.308,8.33626,0,1,1.45305,1.45305,0,1.08721,1.69344,9.06595e+06,3.9903e+06,1.31732e+07,0,0,0,2.06132e+08
78.1558,103.622,8.08966,0.04,0,3.20403,3.20403,0,0.600301,5.7456,4.3624e+06,2.98533e+06,1.39772e+07,0,0,0,0,52.0697,61.308,9.52614,0,1,1.45337,1.45337,0,1.12262,1.69344,9.06595e+06,3.9903e+06,1.31762e+07,0,0,0,2.06132e+08
81.5369,103.622,7.154,0.04,0,3.20474,3.20474,0,0.600435,5.7456,4.3624e+06,2.98533e+06,1.39804e+07,0,0,0,0,54.2879,61.308,8.62304,0,1,1.45369,1.45369,0,1.12287,1.69344,9.06595e+06,3.9903e+06,1.31791e+07,0,0,0,2.06132e+08
89.0828,103.622,11.7265,0.04,0,3.20545,3.20545,0,0.600568,5.7456,4.3624e+06,2.98533e+06,1.39835e+07,0,0,0,0,57.0892,61.308,10.2419,0,1,1.45402,1.45402,0,1.12312,1.69344,9.06595e+06,3.9903e+06,1.3182e+07,0,0,0,2.06132e+08
93.7329,103.622,9.26458,0.03,0,3.51889,3.51889,0,0.600702,5.7456,4.3624e+06,2.98533e+06,1.53508e+07,0,0,0,0,59.6069,61.308,9.0839,1,1,1.62534,1.62534,0,1.12337,1.69344,9.06595e+06,3.9903e+06,1.47353e+07,0,0,0,2.06132e+08
103.622,103.622,16.66,0.01,0,3.51967,3.51967,0,0.65944,5.7456,4.3624e+06,2.98533e+06,1.53542e+07,0,0,0,0,62.3362,61.308,14.7,1,1,1.6257,1.6257,0,1.25574,1.69344,9.06595e+06,3.9903e+06,1.47385e+07,0,0,0,2.06132e+08
103.622,103.622,7.40689,0,0,3.52046,3.52046,0,0.659587,5.7456,4.3624e+06,2.98533e+06,1.53576e+07,0,0,0,0,62.3362,61.308,7.49742,1,1,1.62606,1.62606,0,1.25602,1.69344,9.06595e+06,3.9903e+06,1.47418e+07,0,0,0,2.06132e+08
103.622,103.622,5.45366,0,0,3.52124,3.52124,0,0.659734,5.7456,4.3624e+06,2.98533e+06,1.53611e+07,0,0,0,0,62.3362,61.308,6.47787,1,1,1.62643,1.62643,0,1.2563,1.69344,9.06595e+06,3.9903e+06,1.47451e+07,0,0,0,2.06132e+08
103.622,103.622,5.47969,0,0,3.07559,3.07559,0,0.659881,5.7456,4.3624e+06,2.98533e+06,1.34169e+07,0,0,0,0,62.3362,61.308,7.72278,0,1,1.3971,1.3971,0,1.25658,1.69344,9.06595e+06,3.9903e+06,1.26661e+07,0,0,0,2.06132e+08
103.622,103.622,3.47884,0,0,3.07627,3.07627,0,0.576365,5.7456,4.3624e+06,2.98533e+06,1.34199e+07,0,0,0,0,62.3362,61.308,3.58369,0,1,1.39741,1.39741,0,1.0794,1.69344,9.06595e+06,3.9903e+06,1.26689e+07,0,0,0,2.06132e+08
103.622,103.622,5.96812,0,0,3.07696,3.07696,0,0.576493,5.7456,4.3624e+06,2.98533e+06,1.34229e+07,0,0,0,0,62.3362,61.308,5.08584,0,1,1.39772,1.39772,0,1.07964,1.69344,9.06595e+06,3.9903e+06,1.26717e+07,0,0,0,2.06132e+08
103.622,103.622,5.17147,0,0,3.07764,3.07764,0,0.576622,5.7456,4.3624e+06,2.98533e+06,1.34259e+07,0,0,0,0,62.3362,61.308,6.46763,0,1,1.39803,1.39803,0,1.07988,1.69344,9.06595e+06,3.9903e+06,1.26745e+07,0,0,0,2.06132e+08
103.622,103.622,6.64483,0,0,3.07833,3.07833,0,0.57675,5.7456,4.3624e+06,2.98533e+06,1.34289e+07,0,0,0,0,62.3362,61.308,5.86627,0,1,1.39835,1.39835,0,1.08012,1.69344,9.06595e+06,3.9903e+06,1.26773e+07,0,0,0,2.06132e+08
103.622,103.622,8.50551,0,0,3.19151,3.19151,0,0.576879,5.7456,4.3624e+06,2.98533e+06,1.39227e+07,0,0,0,0,62.3362,61.308,6.10798,0,1,1.45491,1.45491,0,1.08036,1.69344,9.06595e+06,3.9903e+06,1.31901e+07,0,0,0,2.06132e+08
103.622,103.622,5.63756,0,0,3.19222,3.19222,0,0.59809,5.7456,4.3624e+06,2.98533e+06,1.39258e+07,0,0,0,0,62.3362,61.308,4.71621,0,1,1.45523,1.45523,0,1.12406,1.69344,9.06595e+06,3.9903e+06,1.31931e+07,0,0,0,2.06132e+08
103.622,103.622,4.87751,0,0,3.19293,3.19293,0,0.598223,5.7456,4.3624e+06,2.98533e+06,1.39289e+07,0,0,0,0,62.3362,61.308,4.59149,0,1,1.45556,1.45556,0,1.12431,1.69344,9.06595e+06,3.9903e+06,1.3196e+07,0,0,0,2.06132e+08
103.622,103.622,4.81816,0,0,3.19364,3.19364,0,0.598356,5.7456,4.3624e+06,2.98533e+06,1.3932e+07,0,0,0,0,62.3362,61.308,4.13732,0,1,1.45588,1.45588,0,1.12456,1.69344,9.06595e+06,3.9903e+06,1.31989e+07,0,0,0,2.06132e+08
103.622,103.622,4.66654,0,0,3.15033,3.15033,0,0.598489,5.7456,4.3624e+06,2.98533e+06,1.3743e+07,0,0,0,0,62.3362,61.308,4.2998,0,1,1.43434,1.43434,0,1.12481,1.69344,9.06595e+06,3.9903e+06,1.30036e+07,0,0,0,2.06132e+08
103.622,103.622,3.73441,0,0,3.15103,3.15103,0,0.590372,5.7456,4.3624e+06,2.98533e+06,1.3746e+07,0,0,0,0,62.3362,61.308,3.6818,0,1,1.43466,1.43466,0,1.10817,1.69344,9.06595e+06,3.9903e+06,1.30065e+07,0,0,0,2.06132e+08
103.622,103.622,3.28587,0,0,3.15173,3.15173,0,0.590503,5.7456,4.3624e+06,2.98533e+06,1.37491e+07,0,0,0,0,62.3362,61.308,3.33313,0,1,1.43498,1.43498,0,1.10842,1.69344,9.06595e+06,3.9903e+06,1.30094e+07,0,0,0,2.06132e+08
103.44,103.622,2.93984,0,0,3.15243,3.15243,0,0.590634,5.7456,4.3624e+06,2.98533e+06,1.37522e+07,0,0,0,0,62.3362,61.308,2.95631,0,1,1.4353,1.4353,0,1.10866,1.69344,9.06595e+06,3.9903e+06,1.30123e+07,0,0,0,2.06132e+08
103.014,103.622,2.74488,0,0,3.30271,3.30271,0,0.590766,5.7456,4.3624e+06,2.98533e+06,1.44077e+07,0,0,0,0,62.3362,61.308,2.701,0,1,1.51323,1.51323,0,1.10891,1.69344,9.06595e+06,3.9903e+06,1.37189e+07,0,0,0,2.06132e+08
102.57,103.622,2.69605,0,0,3.30344,3.30344,0,0.618928,5.7456,4.3624e+06,2.98533e+06,1.44109e+07,0,0,0,0,62.3362,61.308,2.40591,0,1,1.51357,1.51357,0,1.16912,1.69344,9.06595e+06,3.9903e+06,1.37219e+07,0,0,0,2.06132e+08
102.068,103.622,2.61472,0,0,3.30418,3.30418,0,0.619065,5.7456,4.3624e+06,2.98533e+06,1.44141e+07,0,0,0,0,62.3362,61.308,2.54128,0,1,1.5139,1.5139,0,1.16938,1.69344,9.06595e+06,3.9903e+06,1.3725e+07,0,0,0,2.06132e+08
101.344,103.622,2.38169,0,0,3.30491,3.30491,0,0.619203,5.7456,4.3624e+06,2.98533e+06,1.44173e+07,0,0,0,0,62.3362,61.308,2.43797,0,1,1.51424,1.51424,0,1.16964,1.69344,9.06595e+06,3.9903e+06,1.3728e+07,0,0,0,2.06132e+08
100.561,103.622,2.26931,0,0,3.30565,3.30565,0,0.619341,5.7456,4.3624e+06,2.98533e+06,1.44206e+07,0,0,0,0,62.3362,61.308,2.4816,0,1,1.51458,1.51458,0,1.1699,1.69344,9.06595e+06,3.9903e+06,1.37311e+07,0,0,0,2.06132e+08
100.087,103.622,2.49698,0,0,3.27677,3.27677,0,0.619478,5.7456,4.3624e+06,2.98533e+06,1.42946e+07,0,0,0,0,62.325,61.308,2.26192,1,1,1.55762,1.55762,0,1.17016,1.69344,9.06595e+06,3.9903e+06,1.41213e+07,0,0,0,2.06132e+08
99.4882,103.622,2.37246,0,0,3.2775,3.2775,0,0.614067,5.7456,4.3624e+06,2.98533e+06,1.42978e+07,0,0,0,0,62.2686,61.308,2.11956,1,1,1.55797,1.55797,0,1.20342,1.69344,9.06595e+06,3.9903e+06,1.41245e+07,0,0,0,2.06132e+08
98.71,103.622,2.18059,0,0,3.27823,3.27823,0,0.614203,5.7456,4.3624e+06,2.98533e+06,1.43009e+07,0,0,0,0,62.1199,61.308,2.11398,1,1,1.55831,1.55831,0,1.20369,1.69344,9.06595e+06,3.9903e+06,1.41276e+07,0,0,0,2.06132e+08
97.7606,103.622,1.98014,0.01,0,3.27896,3.27896,0,0.61434,5.7456,4.3624e+06,2.98533e+06,1.43041e+07,0,0,0,0,61.8209,61.308,1.89023,1,1,1.55866,1.55866,0,1.20395,1.69344,9.06595e+06,3.9903e+06,1.41307e+07,0,0,0,2.06132e+08
96.635,103.622,1.81666,0.01,0,3.35623,3.35623,0,0.614476,5.7456,4.3624e+06,2.98533e+06,1.46412e+07,0,0,0,0,61.3788,61.308,1.82292,1,1,1.5971,1.5971,0,1.20422,1.69344,9.06595e+06,3.9903e+06,1.44793e+07,0,0,0,2.06132e+08
95.2789,103.622,1.53861,0.01,0,3.35697,3.35697,0,0.628957,5.7456,4.3624e+06,2.98533e+06,1.46444e+07,0,0,0,0,60.7522,61.308,1.60009,1,1,1.59746,1.59746,0,1.23392,1.69344,9.06595e+06,3.9903e+06,1.44825e+07,0,0,0,2.06132e+08
93.8525,103.622,1.43333,0.01,0,3.35772,3.35772,0,0.629096,5.7456,4.3624e+06,2.98533e+06,1.46477e+07,0,0,0,0,60.1458,61.308,1.46895,1,1,1.59781,1.59781,0,1.2342,1.69344,9.06595e+06,3.9903e+06,1.44857e+07,0,0,0,2.06132e+08
92.4263,103.622,1.42289,0.01,0,3.35846,3.35846,0,0.629236,5.7456,4.3624e+06,2.98533e+06,1.4651e+07,0,0,0,0,59.633,61.308,1.57576,1,1,1.59817,1.59817,0,1.23447,1.69344,9.06595e+06,3.9903e+06,1.44889e+07,0,0,0,2.06132e+08
90.9279,103.622,1.5021,0.02,0,3.58356,3.58356,0,0.629376,5.7456,4.3624e+06,2.98533e+06,1.56329e+07,0,0,0,0,58.7304,61.308,1.63488,1,1,1.69344,1.73615,0.0427086,1.23474,1.69344,9.06595e+06,3.9903e+06,1.53526e+07,0,0,0,2.06132e+08
89.0395,103.622,1.05258,0.02,0,3.58435,3.58435,0,0.671559,5.7456,4.3624e+06,2.98533e+06,1.56364e+07,0,0,0,0,57.8066,61.308,1.11028,1,1,1.69344,1.73653,0.0430942,1.30835,1.69344,9.06595e+06,3.9903e+06,1.53526e+07,0,0,0,2.06132e+08
87.2636,103.622,1.16623,0.02,0,3.58515,3.58515,0,0.671708,5.7456,4.3624e+06,2.98533e+06,1.56399e+07,0,0,0,0,56.7031,61.308,1.37645,1,1,1.69344,1.73692,0.0434801,1.30835,1.69344,9.06595e+06,3.9903e+06,1.53526e+07,0,0,0,2.06132e+08
85.3238,103.622,0.950819,0.02,0,3.58595,3.58595,0,0.671857,5.7456,4.3624e+06,2.98533e+06,1.56433e+07,0,0,0,0,56.0218,61.308,0.969616,1,1,1.69344,1.73731,0.043866,1.30835,1.69344,9.06595e+06,3.9903e+06,1.53526e+07,0,0,0,2.06132e+08
83.6043,103.622,1.18696,0.02,0,3.58674,3.58674,0,0.672006,5.7456,4.3624e+06,2.98533e+06,1.56468e+07,0,0,0,0,55.3104,61.308,1.77055,1,1,1.69344,1.73769,0.0442519,1.30835,1.69344,9.06595e+06,3.9903e+06,1.53526e+07,0,0,0,2.06132e+08
82.3827,103.622,1.6815,0.02,0,3.47808,3.47808,0,0.672156,5.7456,4.3624e+06,2.98533e+06,1.51728e+07,0,0,0,0,54.9198,61.308,1.42369,1,1,1.65445,1.65445,0,1.30835,1.69344,9.06595e+06,3.9903e+06,1.49992e+07,0,0,0,2.06132e+08
81.0186,103.622,1.55418,0.05,0,3.47885,3.47885,0,0.651792,5.7456,4.3624e+06,2.98533e+06,1.51761e+07,0,0,0,0,54.4013,61.308,2.33574,1,1,1.65482,1.65482,0,1.27823,1.69344,9.06595e+06,3.9903e+06,1.50025e+07,0,0,0,2.06132e+08
79.4957,103.622,1.32044,0.04,0,3.47962,3.47962,0,0.651937,5.7456,4.3624e+06,2.98533e+06,1.51795e+07,0,0,0,0,53.5116,61.308,1.29796,1,1,1.65519,1.65519,0,1.27851,1.69344,9.06595e+06,3.9903e+06,1.50058e+07,0,0,0,2.06132e+08
78.0309,103.622,1.36459,0.03,0,3.4804,3.4804,0,0.652082,5.7456,4.3624e+06,2.98533e+06,1.51829e+07,0,0,0,0,52.9526,61.308,1.25537,1,1,1.65555,1.65555,0,1.2788,1.69344,9.06595e+06,3.9903e+06,1.50092e+07,0,0,0,2.06132e+08
77.1036,103.622,2.03127,0.03,0,3.39124,3.39124,0,0.652226,5.7456,4.3624e+06,2.98533e+06,1.4794e+07,0,0,0,0,52.4756,61.308,1.82451,1,1,1.57973,1.57973,0,1.27908,1.69344,9.06595e+06,3.9903e+06,1.43218e+07,0,0,0,2.06132e+08
76.5697,103.622,2.29642,0.03,0,3.392,3.392,0,0.635519,5.7456,4.3624e+06,2.98533e+06,1.47972e+07,0,0,0,0,52.2178,61.308,1.3592,1,1,1.58008,1.58008,0,1.2205,1.69344,9.06595e+06,3.9903e+06,1.4325e+07,0,0,0,2.06132e+08
78.1168,103.622,4.59112,0.03,0,3.39275,3.39275,0,0.63566,5.7456,4.3624e+06,2.98533e+06,1.48005e+07,0,0,0,0,52.5438,61.308,2.98099,1,1,1.58043,1.58043,0,1.22077,1.69344,9.06595e+06,3.9903e+06,1.43281e+07,0,0,0,2.06132e+08
78.2595,103.622,3.05705,0.03,0,3.3935,3.3935,0,0.635801,5.7456,4.3624e+06,2.98533e+06,1.48038e+07,0,0,0,0,52.8318,61.308,3.00224,1,1,1.58078,1.58078,0,1.22104,1.69344,9.06595e+06,3.9903e+06,1.43313e+07,0,0,0,2.06132e+08
79.2994,103.622,4.04887,0.02,0,3.13863,3.13863,0,0.635942,5.7456,4.3624e+06,2.98533e+06,1.3692e+07,0,0,0,0,52.8491,61.308,2.04653,0,1,1.42232,1.42232,0,1.22131,1.69344,9.06595e+06,3.9903e+06,1.28947e+07,0,0,0,2.06132e+08
78.2419,103.622,1.73214,0.02,0,3.13933,3.13933,0,0.588179,5.7456,4.3624e+06,2.98533e+06,1.3695e+07,0,0,0,0,52.705,61.308,1.72412,0,1,1.42263,1.42263,0,1.09888,1.69344,9.06595e+06,3.9903e+06,1.28975e+07,0,0,0,2.06132e+08
77.5123,103.622,2.07675,0.02,0,3.14002,3.14002,0,0.58831,5.7456,4.3624e+06,2.98533e+06,1.3698e+07,0,0,0,0,52.6346,61.308,1.98018,0,1,1.42295,1.42295,0,1.09913,1.69344,9.06595e+06,3.9903e+06,1.29004e+07,0,0,0,2.06132e+08
78.6201,103.622,3.92894,0.03,0,3.14072,3.14072,0,0.58844,5.7456,4.3624e+06,2.98533e+06,1.37011e+07,0,0,0,0,52.6781,61.308,2.25589,0,1,1.42326,1.42326,0,1.09937,1.69344,9.06595e+06,3.9903e+06,1.29032e+07,0,0,0,2.06132e+08
82.8118,103.622,7.06239,0.04,0,3.14142,3.14142,0,0.588571,5.7456,4.3624e+06,2.98533e+06,1.37041e+07,0,0,0,0,52.4459,61.308,2.80322,0,1,1.42358,1.42358,0,1.09961,1.69344,9.06595e+06,3.9903e+06,1.29061e+07,0,0,0,2.06132e+08
84.2551,103.622,4.40116,0.05,0,3.24052,3.24052,0,0.588701,6.16896,4.3624e+06,2.98533e+06,1.41365e+07,0,0,0,0,52.2161,61.308,1.41358,0,1,1.46992,1.46992,0,1.09986,1.69344,9.06595e+06,3.9903e+06,1.33263e+07,0,0,0,2.06132e+08
94.2125,103.622,13.5427,0.02,0,3.24121,3.24121,0,0.607274,6.16896,4.3624e+06,2.98533e+06,1.41394e+07,0,0,0,0,52.6605,61.308,2.93152,0,1,1.47023,1.47023,0,1.13566,1.69344,9.06595e+06,3.9903e+06,1.33291e+07,0,0,0,2.06132e+08
98.52,103.622,7.63156,0,0,3.24189,3.24189,0,0.607402,6.16896,4.3624e+06,2.98533e+06,1.41424e+07,0,0,0,0,53.0561,61.308,2.50647,0,1,1.47054,1.47054,0,1.1359,1.69344,9.06595e+06,3.9903e+06,1.33319e+07,0,0,0,2.06132e+08
100.36,103.622,5.06123,0,0,3.24257,3.24257,0,0.60753,6.16896,4.3624e+06,2.98533e+06,1.41454e+07,0,0,0,0,53.605,61.308,2.78002,0,1,1.47085,1.47085,0,1.13614,1.69344,9.06595e+06,3.9903e+06,1.33347e+07,0,0,0,2.06132e+08
103.622,103.622,15.2682,0.01,0,3.5596,3.5596,0,0.607658,6.16896,4.3624e+06,2.98533e+06,1.55284e+07,0,0,0,0,54.8429,61.308,4.87328,1,1,1.64414,1.64414,0,1.13638,1.69344,9.06595e+06,3.9903e+06,1.49057e+07,0,0,0,2.06132e+08
103.622,103.622,10.3846,0,0,3.56035,3.56035,0,0.667068,6.16896,4.3624e+06,2.98533e+06,1.55316e+07,0,0,0,0,55.8901,61.308,4.3882,1,1,1.64449,1.64449,0,1.27026,1.69344,9.06595e+06,3.9903e+06,1.49089e+07,0,0,0,2.06132e+08
103.622,103.622,6.93692,0,0,3.5611,3.5611,0,0.667209,6.16896,4.3624e+06,2.98533e+06,1.55349e+07,0,0,0,0,55.6566,61.308,2.57041,1,1,1.64483,1.64483,0,1.27053,1.69344,9.06595e+06,3.9903e+06,1.4912e+07,0,0,0,2.06132e+08
103.622,103.622,5.4605,0,0,3.56185,3.56185,0,0.667349,6.16896,4.3624e+06,2.98533e+06,1.55382e+07,0,0,0,0,55.559,61.308,1.9881,1,1,1.64518,1.64518,0,1.2708,1.69344,9.06595e+06,3.9903e+06,1.49151e+07,0,0,0,2.06132e+08
103.622,103.622,7.76736,0,0,3.11101,3.11101,0,0.66749,6.16896,4.3624e+06,2.98533e+06,1.35715e+07,0,0,0,0,57.3326,61.308,5.2654,0,1,1.41319,1.41319,0,1.27107,1.69344,9.06595e+06,3.9903e+06,1.28119e+07,0,0,0,2.06132e+08
103.622,103.622,12.6878,0,0,3.11167,3.11167,0,0.583004,6.16896,4.3624e+06,2.98533e+06,1.35743e+07,0,0,0,0,61.9693,61.308,11.0707,0,1,1.41349,1.41349,0,1.09183,1.69344,9.06595e+06,3.9903e+06,1.28146e+07,0,0,0,2.06132e+08
103.622,103.622,11.0216,0,0,3.11232,3.11232,0,0.583127,6.16896,4.3624e+06,2.98533e+06,1.35772e+07,0,0,0,0,62.3362,61.308,8.51684,0,1,1.41379,1.41379,0,1.09206,1.69344,9.06595e+06,3.9903e+06,1.28173e+07,0,0,0,2.06132e+08
103.622,103.622,11.1764,0,0,3.11298,3.11298,0,0.58325,6.16896,4.3624e+06,2.98533e+06,1.35801e+07,0,0,0,0,62.3362,61.308,8.08443,0,1,1.41409,1.41409,0,1.09229,1.69344,9.06595e+06,3.9903e+06,1.282e+07,0,0,0,2.06132e+08
103.622,103.622,10.7441,0,0,3.11364,3.11364,0,0.583373,6.16896,4.3624e+06,2.98533e+06,1.35829e+07,0,0,0,0,62.3362,61.308,7.62852,0,1,1.41438,1.41438,0,1.09252,1.69344,9.06595e+06,3.9903e+06,1.28227e+07,0,0,0,2.06132e+08
103.622,103.622,12.3199,0,0,3.22808,3.22808,0,0.583495,6.16896,4.3624e+06,2.98533e+06,1.40822e+07,0,0,0,0,62.3362,61.308,9.09636,0,1,1.47158,1.47158,0,1.09275,1.69344,9.06595e+06,3.9903e+06,1.33413e+07,0,0,0,2.06132e+08
103.622,103.622,10.0519,0,0,3.22876,3.22876,0,0.604942,6.16896,4.3624e+06,2.98533e+06,1.40851e+07,0,0,0,0,62.3362,61.308,7.23622,0,1,1.47189,1.47189,0,1.13694,1.69344,9.06595e+06,3.9903e+06,1.33441e+07,0,0,0,2.06132e+08
103.622,103.622,8.47935,0,0,3.22944,3.22944,0,0.60507,6.16896,4.3624e+06,2.98533e+06,1.40881e+07,0,0,0,0,62.3362,61.308,6.31645,0,1,1.4722,1.4722,0,1.13718,1.69344,9.06595e+06,3.9903e+06,1.33469e+07,0,0,0,2.06132e+08
103.622,103.622,7.89448,0,0,3.23012,3.23012,0,0.605197,6.16896,4.3624e+06,2.98533e+06,1.40911e+07,0,0,0,0,62.3362,61.308,6.00055,0,1,1.47251,1.47251,0,1.13742,1.69344,9.06595e+06,3.9903e+06,1.33497e+07,0,0,0,2.06132e+08
103.622,103.622,6.46498,0,0,3.18627,3.18627,0,0.605324,6.16896,4.3624e+06,2.98533e+06,1.38998e+07,0,0,0,0,62.2767,61.308,3.90641,0,1,1.4507,1.4507,0,1.13766,1.69344,9.06595e+06,3.9903e+06,1.3152e+07,0,0,0,2.06132e+08
103.622,103.622,5.62303,0,0,3.18694,3.18694,0,0.597107,6.16896,4.3624e+06,2.98533e+06,1.39027e+07,0,0,0,0,62.3362,61.308,2.582,0,1,1.45101,1.45101,0,1.12081,1.69344,9.06595e+06,3.9903e+06,1.31548e+07,0,0,0,2.06132e+08
103.622,103.622,5.01128,0,0,3.18761,3.18761,0,0.597233,6.16896,4.3624e+06,2.98533e+06,1.39056e+07,0,0,0,0,62.3362,61.308,2.45538,0,1,1.45131,1.45131,0,1.12105,1.69344,9.06595e+06,3.9903e+06,1.31575e+07,0,0,0,2.06132e+08
103.622,103.622,4.7453,0,0,3.18828,3.18828,0,0.597359,6.16896,4.3624e+06,2.98533e+06,1.39086e+07,0,0,0,0,62.3362,61.308,2.36536,0,1,1.45162,1.45162,0,1.12128,1.69344,9.06595e+06,3.9903e+06,1.31603e+07,0,0,0,2.06132e+08
103.622,103.622,4.44029,0,0,3.34023,3.34023,0,0.597484,6.16896,4.3624e+06,2.98533e+06,1.45714e+07,0,0,0,0,62.2575,61.308,2.55281,1,1,1.53042,1.53042,0,1.12152,1.69344,9.06595e+06,3.9903e+06,1.38747e+07,0,0,0,2.06132e+08
103.622,103.622,4.25224,0,0,3.34093,3.34093,0,0.625959,6.16896,4.3624e+06,2.98533e+06,1.45745e+07,0,0,0,0,62.1739,61.308,2.1101,1,1,1.53074,1.53074,0,1.1824,1.69344,9.06595e+06,3.9903e+06,1.38777e+07,0,0,0,2.06132e+08
103.622,103.622,3.89347,0,0,3.34163,3.34163,0,0.62609,6.16896,4.3624e+06,2.98533e+06,1.45775e+07,0,0,0,0,61.9071,61.308,1.95417,1,1,1.53107,1.53107,0,1.18265,1.69344,9.06595e+06,3.9903e+06,1.38806e+07,0,0,0,2.06132e+08
103.622,103.622,3.68582,0,0,3.34234,3.34234,0,0.626222,6.16896,4.3624e+06,2.98533e+06,1.45806e+07,0,0,0,0,61.542,61.308,1.75773,1,1,1.53139,1.53139,0,1.1829,1.69344,9.06595e+06,3.9903e+06,1.38835e+07,0,0,0,2.06132e+08
103.622,103.622,3.34842,0,0,3.34304,3.34304,0,0.626354,6.16896,4.3624e+06,2.98533e+06,1.45837e+07,0,0,0,0,61.3794,61.308,1.69211,1,1,1.53171,1.53171,0,1.18315,1.69344,9.06595e+06,3.9903e+06,1.38864e+07,0,0,0,2.06132e+08
103.254,103.622,2.79221,0,0,3.31379,3.31379,0,0.626486,6.16896,4.3624e+06,2.98533e+06,1.44561e+07,0,0,0,0,61.2399,61.308,2.03644,1,1,1.57522,1.57522,0,1.1834,1.69344,9.06595e+06,3.9903e+06,1.42809e+07,0,0,0,2.06132e+08
102.687,103.622,2.57625,0.01,0,3.31449,3.31449,0,0.621005,6.16896,4.3624e+06,2.98533e+06,1.44591e+07,0,0,0,0,61.1143,61.308,2.05009,1,1,1.57555,1.57555,0,1.21702,1.69344,9.06595e+06,3.9903e+06,1.42839e+07,0,0,0,2.06132e+08
102.02,103.622,2.45734,0.01,0,3.31519,3.31519,0,0.621136,6.16896,4.3624e+06,2.98533e+06,1.44622e+07,0,0,0,0,60.9612,61.308,1.99177,1,1,1.57588,1.57588,0,1.21727,1.69344,9.06595e+06,3.9903e+06,1.42869e+07,0,0,0,2.06132e+08
101.277,103.622,2.3318,0.01,0,3.31589,3.31589,0,0.621266,6.16896,4.3624e+06,2.98533e+06,1.44652e+07,0,0,0,0,60.7334,61.308,1.96915,1,1,1.57622,1.57622,0,1.21753,1.69344,9.06595e+06,3.9903e+06,1.42899e+07,0,0,0,2.06132e+08
100.379,103.622,2.21513,0.01,0,3.39399,3.39399,0,0.621397,6.16896,4.3624e+06,2.98533e+06,1.48059e+07,0,0,0,0,60.5129,61.308,2.00467,1,1,1.61507,1.61507,0,1.21778,1.69344,9.06595e+06,3.9903e+06,1.46422e+07,0,0,0,2.06132e+08
99.5054,103.622,2.20533,0.02,0,3.3947,3.3947,0,0.636033,6.16896,4.3624e+06,2.98533e+06,1.4809e+07,0,0,0,0,60.3404,61.308,2.09055,1,1,1.61541,1.61541,0,1.2478,1.69344,9.06595e+06,3.9903e+06,1.46452e+07,0,0,0,2.06132e+08
98.4212,103.622,1.97492,0.02,0,3.39541,3.39541,0,0.636167,6.16896,4.3624e+06,2.98533e+06,1.48121e+07,0,0,0,0,60.0837,61.308,1.95183,1,1,1.61575,1.61575,0,1.24807,1.69344,9.06595e+06,3.9903e+06,1.46483e+07,0,0,0,2.06132e+08
97.193,103.622,1.80577,0.02,0,3.39613,3.39613,0,0.6363,6.16896,4.3624e+06,2.98533e+06,1.48153e+07,0,0,0,0,59.7988,61.308,1.8503,1,1,1.61609,1.61609,0,1.24833,1.69344,9.06595e+06,3.9903e+06,1.46514e+07,0,0,0,2.06132e+08
95.6047,103.622,1.56013,0.02,0,3.6237,3.6237,0,0.636434,6.16896,4.3624e+06,2.98533e+06,1.5808e+07,0,0,0,0,59.4602,61.308,1.83641,1,1,1.69344,1.7556,0.0621569,1.24859,1.69344,9.06595e+06,3.9903e+06,1.53526e+07,0,0,0,2.06132e+08
94.302,103.622,1.86185,0.02,0,3.62446,3.62446,0,0.679081,6.16896,4.3624e+06,2.98533e+06,1.58113e+07,0,0,0,0,59.1948,61.308,1.93331,1,1,1.69344,1.75597,0.0625258,1.30835,1.69344,9.06595e+06,3.9903e+06,1.53526e+07,0,0,0,2.06132e+08
93.2086,103.622,2.0919,0.02,0,3.62522,3.62522,0,0.679224,6.16896,4.3624e+06,2.98533e+06,1.58147e+07,0,0,0,0,58.9661,61.308,2.40904,1,1,1.69344,1.75633,0.0628948,1.30835,1.69344,9.06595e+06,3.9903e+06,1.53526e+07,0,0,0,2.06132e+08
91.7546,103.622,1.6913,0.04,0,3.62599,3.62599,0,0.679367,6.16896,4.3624e+06,2.98533e+06,1.5818e+07,0,0,0,0,58.6271,61.308,1.73748,1,1,1.69344,1.7567,0.0632639,1.30835,1.69344,9.06595e+06,3.9903e+06,1.53526e+07,0,0,0,2.06132e+08
90.6571,103.622,2.06809,0.03,0,3.62675,3.62675,0,0.67951,6.16896,4.3624e+06,2.98533e+06,1.58213e+07,0,0,0,0,58.67,61.308,3.0239,1,1,1.69344,1.75707,0.063633,1.30835,1.69344,9.06595e+06,3.9903e+06,1.53526e+07,0,0,0,2.06132e+08
89.4651,103.622,1.8757,0.04,0,3.51683,3.51683,0,0.679652,6.16896,4.3624e+06,2.98533e+06,1.53418e+07,0,0,0,0,58.3273,61.308,1.80231,1,1,1.67288,1.67288,0,1.30835,1.69344,9.06595e+06,3.9903e+06,1.51663e+07,0,0,0,2.06132e+08
89.0921,103.622,2.68991,0.04,0,3.51757,3.51757,0,0.659054,6.16896,4.3624e+06,2.98533e+06,1.5345e+07,0,0,0,0,58.169,61.308,2.63698,1,1,1.67324,1.67324,0,1.29247,1.69344,9.06595e+06,3.9903e+06,1.51695e+07,0,0,0,2.06132e+08
87.8467,103.622,1.81239,0.03,0,3.51831,3.51831,0,0.659192,6.16896,4.3624e+06,2.98533e+06,1.53483e+07,0,0,0,0,57.5569,61.308,2.04171,1,1,1.67359,1.67359,0,1.29274,1.69344,9.06595e+06,3.9903e+06,1.51727e+07,0,0,0,2.06132e+08
86.3437,103.622,1.43557,0.03,0,3.51905,3.51905,0,0.659331,6.16896,4.3624e+06,2.98533e+06,1.53515e+07,0,0,0,0,57.1165,61.308,1.53187,1,1,1.67394,1.67394,0,1.29301,1.69344,9.06595e+06,3.9903e+06,1.51758e+07,0,0,0,2.06132e+08
85.288,103.622,1.96284,0.02,0,3.42886,3.42886,0,0.659469,6.16896,4.3624e+06,2.98533e+06,1.49581e+07,0,0,0,0,56.8538,61.308,1.84938,1,1,1.59726,1.59726,0,1.29328,1.69344,9.06595e+06,3.9903e+06,1.44806e+07,0,0,0,2.06132e+08
85.1914,103.622,2.98931,0.02,0,3.42958,3.42958,0,0.642569,6.16896,4.3624e+06,2.98533e+06,1.49612e+07,0,0,0,0,56.8277,61.308,2.11584,1,1,1.59759,1.59759,0,1.23404,1.69344,9.06595e+06,3.9903e+06,1.44837e+07,0,0,0,2.06132e+08
85.5616,103.622,3.50729,0.02,0,3.4303,3.4303,0,0.642704,6.16896,4.3624e+06,2.98533e+06,1.49643e+07,0,0,0,0,57.2699,61.308,3.79616,1,1,1.59793,1.59793,0,1.2343,1.69344,9.06595e+06,3.9903e+06,1.44867e+07,0,0,0,2.06132e+08
85.036,103.622,2.62414,0.02,0,3.43102,3.43102,0,0.642838,6.16896,4.3624e+06,2.98533e+06,1.49675e+07,0,0,0,0,57.3036,61.308,2.60743,1,1,1.59826,1.59826,0,1.23456,1.69344,9.06595e+06,3.9903e+06,1.44898e+07,0,0,0,2.06132e+08
89.5367,103.622,7.99389,0.02,0,3.17329,3.17329,0,0.642973,6.16896,4.3624e+06,2.98533e+06,1.38432e+07,0,0,0,0,57.8873,61.308,4.24767,0,1,1.43802,1.43802,0,1.23482,1.69344,9.06595e+06,3.9903e+06,1.30371e+07,0,0,0,2.06132e+08
89.2593,103.622,2.71471,0.02,0,3.17396,3.17396,0,0.594675,6.16896,4.3624e+06,2.98533e+06,1.38461e+07,0,0,0,0,57.8394,61.308,2.53265,0,1,1.43833,1.43833,0,1.11102,1.69344,9.06595e+06,3.9903e+06,1.30398e+07,0,0,0,2.06132e+08
91.6057,103.622,5.6991,0.02,0,3.17463,3.17463,0,0.5948,6.16896,4.3624e+06,2.98533e+06,1.3849e+07,0,0,0,0,58.9924,61.308,7.42461,0,1,1.43863,1.43863,0,1.11125,1.69344,9.06595e+06,3.9903e+06,1.30425e+07,0,0,0,2.06132e+08
93.9239,103.622,5.59331,0.02,0,3.17529,3.17529,0,0.594925,6.16896,4.3624e+06,2.98533e+06,1.38519e+07,0,0,0,0,59.4897,61.308,4.80825,0,1,1.43893,1.43893,0,1.11148,1.69344,9.06595e+06,3.9903e+06,1.30453e+07,0,0,0,2.06132e+08
96.3605,103.622,5.58707,0.01,0,3.17596,3.17596,0,0.59505,6.16896,4.3624e+06,2.98533e+06,1.38548e+07,0,0,0,0,59.6348,61.308,3.82387,0,1,1.43923,1.43923,0,1.11172,1.69344,9.06595e+06,3.9903e+06,1.3048e+07,0,0,0,2.06132e+08
99.1979,103.622,6.49618,0.02,0,3.27612,3.27612,0,0.595175,6.16896,4.3624e+06,2.98533e+06,1.42917e+07,0,0,0,0,60.6784,61.308,5.39478,0,1,1.48607,1.48607,0,1.11195,1.69344,9.06595e+06,3.9903e+06,1.34726e+07,0,0,0,2.06132e+08
102.635,103.622,7.43142,0.02,0,3.27677,3.27677,0,0.613944,6.16896,4.3624e+06,2.98533e+06,1.42946e+07,0,0,0,0,61.5587,61.308,5.00548,0,1,1.48637,1.48637,0,1.14814,1.69344,9.06595e+06,3.9903e+06,1.34753e+07,0,0,0,2.06132e+08
103.622,103.622,7.16102,0.02,0,3.27742,3.27742,0,0.614066,6.16896,4.3624e+06,2.98533e+06,1.42974e+07,0,0,0,0,62.2397,61.308,5.19319,0,1,1.48666,1.48666,0,1.14837,1.69344,9.06595e+06,3.9903e+06,1.3478e+07,0,0,0,2.06132e+08
103.622,103.622,7.34514,0,0,3.27807,3.27807,0,0.614189,6.16896,4.3624e+06,2.98533e+06,1.43003e+07,0,0,0,0,62.3362,61.308,6.87767,0,1,1.48696,1.48696,0,1.14859,1.69344,9.06595e+06,3.9903e+06,1.34807e+07,0,0,0,2.06132e+08
103.622,103.622,6.79237,0,0,3.59852,3.59852,0,0.614311,6.16896,4.3624e+06,2.98533e+06,1.56982e+07,0,0,0,0,62.3362,61.308,4.64117,1,1,1.66212,1.66212,0,1.14882,1.69344,9.06595e+06,3.9903e+06,1.50687e+07,0,0,0,2.06132e+08
103.622,103.622,23.5203,0,0,3.59924,3.59924,0,0.674363,6.16896,4.3624e+06,2.98533e+06,1.57013e+07,0,0,0,0,62.3362,61.308,13.5133,1,1,1.66245,1.66245,0,1.28416,1.69344,9.06595e+06,3.9903e+06,1.50717e+07,0,0,0,2.06132e+08
103.622,103.622,10.3123,0,0,3.59995,3.59995,0,0.674497,6.16896,4.3624e+06,2.98533e+06,1.57044e+07,0,0,0,0,62.3362,61.308,6.94929,1,1,1.66278,1.66278,0,1.28441,1.69344,9.06595e+06,3.9903e+06,1.50747e+07,0,0,0,2.06132e+08
103.622,103.622,7.62332,0,0,3.60067,3.60067,0,0.674631,6.16896,4.3624e+06,2.98533e+06,1.57076e+07,0,0,0,0,62.3362,61.308,6.02769,1,1,1.66311,1.66311,0,1.28467,1.69344,9.06595e+06,3.9903e+06,1.50777e+07,0,0,0,2.06132e+08
103.622,103.622,7.68917,0,0,3.14489,3.14489,0,0.674765,6.16896,4.3624e+06,2.98533e+06,1.37192e+07,0,0,0,0,62.3362,61.308,9.94655,0,1,1.42858,1.42858,0,1.28492,1.69344,9.06595e+06,3.9903e+06,1.29514e+07,0,0,0,2.06132e+08
103.622,103.622,6.66201,0,0,3.14551,3.14551,0,0.589352,6.16896,4.3624e+06,2.98533e+06,1.3722e+07,0,0,0,0,62.3362,61.308,7.06176,0,1,1.42886,1.42886,0,1.10372,1.69344,9.06595e+06,3.9903e+06,1.2954e+07,0,0,0,2.06132e+08
103.622,103.622,6.1058,0,0,3.14614,3.14614,0,0.589469,6.16896,4.3624e+06,2.98533e+06,1.37247e+07,0,0,0,0,62.3362,61.308,4.40933,0,1,1.42915,1.42915,0,1.10394,1.69344,9.06595e+06,3.9903e+06,1.29566e+07,0,0,0,2.06132e+08
103.622,103.622,8.88803,0,0,3.14676,3.14676,0,0.589586,6.16896,4.3624e+06,2.98533e+06,1.37274e+07,0,0,0,0,62.3362,61.308,10.0884,0,1,1.42943,1.42943,0,1.10416,1.69344,9.06595e+06,3.9903e+06,1.29592e+07,0,0,0,2.06132e+08
103.622,103.622,10.1338,0,0,3.14739,3.14739,0,0.589703,6.16896,4.3624e+06,2.98533e+06,1.37302e+07,0,0,0,0,62.3362,61.308,7.98444,0,1,1.42972,1.42972,0,1.10438,1.69344,9.06595e+06,3.9903e+06,1.29617e+07,0,0,0,2.06132e+08
103.622,103.622,6.71348,0,0,3.26303,3.26303,0,0.58982,6.16896,4.3624e+06,2.98533e+06,1.42347e+07,0,0,0,0,62.3362,61.308,5.09649,0,1,1.48751,1.48751,0,1.1046,1.69344,9.06595e+06,3.9903e+06,1.34857e+07,0,0,0,2.06132e+08
103.622,103.622,9.37884,0,0,3.26368,3.26368,0,0.611493,6.16896,4.3624e+06,2.98533e+06,1.42375e+07,0,0,0,0,62.3362,61.308,7.06179,0,1,1.48781,1.48781,0,1.14925,1.69344,9.06595e+06,3.9903e+06,1.34884e+07,0,0,0,2.06132e+08
103.622,103.622,8.18316,0,0,3.26433,3.26433,0,0.611614,6.16896,4.3624e+06,2.98533e+06,1.42403e+07,0,0,0,0,62.3362,61.308,8.92663,0,1,1.4881,1.4881,0,1.14948,1.69344,9.06595e+06,3.9903e+06,1.34911e+07,0,0,0,2.06132e+08
103.622,103.622,6.6079,0,0,3.26498,3.26498,0,0.611736,6.16896,4.3624e+06,2.98533e+06,1.42431e+07,0,0,0,0,62.3362,61.308,5.44808,0,1,1.4884,1.4884,0,1.14971,1.69344,9.06595e+06,3.9903e+06,1.34938e+07,0,0,0,2.06132e+08
103.622,103.622,5.82351,0,0,3.22062,3.22062,0,0.611857,6.16896,4.3624e+06,2.98533e+06,1.40496e+07,0,0,0,0,62.3362,61.308,5.32922,0,1,1.46634,1.46634,0,1.14994,1.69344,9.06595e+06,3.9903e+06,1.32938e+07,0,0,0,2.06132e+08
103.622,103.622,5.13151,0,0,3.22126,3.22126,0,0.603544,6.16896,4.3624e+06,2.98533e+06,1.40524e+07,0,0,0,0,62.3362,61.308,4.07887,0,1,1.46663,1.46663,0,1.13289,1.69344,9.06595e+06,3.9903e+06,1.32964e+07,0,0,0,2.06132e+08
103.622,103.622,4.27618,0,0,3.2219,3.2219,0,0.603664,6.16896,4.3624e+06,2.98533e+06,1.40552e+07,0,0,0,0,62.3362,61.308,3.39645,0,1,1.46692,1.46692,0,1.13312,1.69344,9.06595e+06,3.9903e+06,1.32991e+07,0,0,0,2.06132e+08
103.622,103.622,3.74594,0,0,3.22254,3.22254,0,0.603784,6.16896,4.3624e+06,2.98533e+06,1.4058e+07,0,0,0,0,62.3362,61.308,2.67018,0,1,1.46721,1.46721,0,1.13334,1.69344,9.06595e+06,3.9903e+06,1.33017e+07,0,0,0,2.06132e+08
103.622,103.622,3.35068,0,0,3.37608,3.37608,0,0.603904,6.16896,4.3624e+06,2.98533e+06,1.47278e+07,0,0,0,0,62.3092,61.308,2.47818,1,1,1.54685,1.54685,0,1.13357,1.69344,9.06595e+06,3.9903e+06,1.40236e+07,0,0,0,2.06132e+08
103.622,103.622,3.89549,0,0,3.37675,3.37675,0,0.632677,6.16896,4.3624e+06,2.98533e+06,1.47307e+07,0,0,0,0,62.3362,61.308,2.63949,1,1,1.54715,1.54715,0,1.19509,1.69344,9.06595e+06,3.9903e+06,1.40264e+07,0,0,0,2.06132e+08
103.622,103.622,3.69902,0,0,3.37742,3.37742,0,0.632802,6.16896,4.3624e+06,2.98533e+06,1.47336e+07,0,0,0,0,62.3362,61.308,2.64939,1,1,1.54746,1.54746,0,1.19533,1.69344,9.06595e+06,3.9903e+06,1.40292e+07,0,0,0,2.06132e+08
103.622,103.622,3.57349,0,0,3.37809,3.37809,0,0.632928,6.16896,4.3624e+06,2.98533e+06,1.47366e+07,0,0,0,0,62.3179,61.308,2.67673,1,1,1.54777,1.54777,0,1.19557,1.69344,9.06595e+06,3.9903e+06,1.4032e+07,0,0,0,2.06132e+08
103.622,103.622,3.46667,0,0,3.37876,3.37876,0,0.633054,6.16896,4.3624e+06,2.98533e+06,1.47395e+07,0,0,0,0,62.2567,61.308,2.57773,1,1,1.54808,1.54808,0,1.19581,1.69344,9.06595e+06,3.9903e+06,1.40348e+07,0,0,0,2.06132e+08
103.288,103.622,2.80571,0,0,3.34916,3.34916,0,0.633179,6.16896,4.3624e+06,2.98533e+06,1.46104e+07,0,0,0,0,62.1415,61.308,2.21123,1,1,1.59203,1.59203,0,1.19604,1.69344,9.06595e+06,3.9903e+06,1.44333e+07,0,0,0,2.06132e+08
102.762,103.622,2.57215,0.01,0,3.34983,3.34983,0,0.627633,6.16896,4.3624e+06,2.98533e+06,1.46133e+07,0,0,0,0,62.0346,61.308,2.17508,1,1,1.59235,1.59235,0,1.23001,1.69344,9.06595e+06,3.9903e+06,1.44362e+07,0,0,0,2.06132e+08
102.177,103.622,2.50402,0.01,0,3.35049,3.35049,0,0.627758,6.16896,4.3624e+06,2.98533e+06,1.46162e+07,0,0,0,0,61.8878,61.308,2.13421,1,1,1.59267,1.59267,0,1.23025,1.69344,9.06595e+06,3.9903e+06,1.4439e+07,0,0,0,2.06132e+08
101.432,103.622,2.2964,0.01,0,3.35116,3.35116,0,0.627882,6.16896,4.3624e+06,2.98533e+06,1.46191e+07,0,0,0,0,61.6377,61.308,1.99848,1,1,1.59298,1.59298,0,1.23049,1.69344,9.06595e+06,3.9903e+06,1.44419e+07,0,0,0,2.06132e+08
100.499,103.622,2.13045,0.02,0,3.43005,3.43005,0,0.628007,6.16896,4.3624e+06,2.98533e+06,1.49632e+07,0,0,0,0,61.2492,61.308,1.87673,1,1,1.63223,1.63223,0,1.23074,1.69344,9.06595e+06,3.9903e+06,1.47977e+07,0,0,0,2.06132e+08
99.9141,103.622,2.488,0.02,0,3.43073,3.43073,0,0.642791,6.16896,4.3624e+06,2.98533e+06,1.49662e+07,0,0,0,0,61.088,61.308,1.951,1,1,1.63255,1.63255,0,1.26106,1.69344,9.06595e+06,3.9903e+06,1.48007e+07,0,0,0,2.06132e+08
99.184,103.622,2.31428,0.02,0,3.43141,3.43141,0,0.642918,6.16896,4.3624e+06,2.98533e+06,1.49692e+07,0,0,0,0,60.7125,61.308,1.94893,1,1,1.63288,1.63288,0,1.26131,1.69344,9.06595e+06,3.9903e+06,1.48036e+07,0,0,0,2.06132e+08
98.307,103.622,2.13668,0.02,0,3.43209,3.43209,0,0.643046,6.16896,4.3624e+06,2.98533e+06,1.49721e+07,0,0,0,0,60.4051,61.308,1.74367,1,1,1.6332,1.6332,0,1.26156,1.69344,9.06595e+06,3.9903e+06,1.48065e+07,0,0,0,2.06132e+08
97.3302,103.622,2.20061,0.02,0,3.66203,3.66203,0,0.643173,6.16896,4.3624e+06,2.98533e+06,1.59752e+07,0,0,0,0,60.1024,61.308,1.96423,1,1,1.69344,1.77417,0.0807263,1.26181,1.69344,9.06595e+06,3.9903e+06,1.53526e+07,0,0,0,2.06132e+08
96.4524,103.622,2.29845,0.02,0,3.66276,3.66276,0,0.686264,6.16896,4.3624e+06,2.98533e+06,1.59784e+07,0,0,0,0,59.798,61.308,1.94181,1,1,1.69344,1.77452,0.0810784,1.30835,1.69344,9.06595e+06,3.9903e+06,1.53526e+07,0,0,0,2.06132e+08
95.8066,103.622,2.54464,0.02,0,3.66348,3.66348,0,0.6864,6.16896,4.3624e+06,2.98533e+06,1.59816e+07,0,0,0,0,59.5413,61.308,2.3444,1,1,1.69344,1.77487,0.0814304,1.30835,1.69344,9.06595e+06,3.9903e+06,1.53526e+07,0,0,0,2.06132e+08
94.7054,103.622,2.06715,0.02,0,3.66421,3.66421,0,0.686537,6.16896,4.3624e+06,2.98533e+06,1.59847e+07,0,0,0,0,59.1637,61.308,1.7604,1,1,1.69344,1.77522,0.0817824,1.30835,1.69344,9.06595e+06,3.9903e+06,1.53526e+07,0,0,0,2.06132e+08
94.0001,103.622,2.48054,0.02,0,3.66494,3.66494,0,0.686673,6.16896,4.3624e+06,2.98533e+06,1.59879e+07,0,0,0,0,59.1571,61.308,2.88806,1,1,1.69344,1.77557,0.0821344,1.30835,1.69344,9.06595e+06,3.9903e+06,1.53526e+07,0,0,0,2.06132e+08
93.1631,103.622,2.24097,0.02,0,3.55382,3.55382,0,0.686809,6.16896,4.3624e+06,2.98533e+06,1.55032e+07,0,0,0,0,58.7476,61.308,1.87497,1,1,1.69048,1.69048,0,1.30835,1.69344,9.06595e+06,3.9903e+06,1.53258e+07,0,0,0,2.06132e+08
94.0734,103.622,4.00815,0.05,0,3.55452,3.55452,0,0.665986,6.16896,4.3624e+06,2.98533e+06,1.55063e+07,0,0,0,0,58.546,61.308,2.54414,1,1,1.69081,1.69081,0,1.30606,1.69344,9.06595e+06,3.9903e+06,1.53288e+07,0,0,0,2.06132e+08
94.4562,103.622,3.4869,0.02,0,3.55523,3.55523,0,0.666118,6.16896,4.3624e+06,2.98533e+06,1.55093e+07,0,0,0,0,58.1795,61.308,2.0661,1,1,1.69115,1.69115,0,1.30632,1.69344,9.06595e+06,3.9903e+06,1.53319e+07,0,0,0,2.06132e+08
94.4741,103.622,3.13152,0.02,0,3.55593,3.55593,0,0.66625,6.16896,4.3624e+06,2.98533e+06,1.55124e+07,0,0,0,0,57.8017,61.308,2.03488,1,1,1.69148,1.69148,0,1.30658,1.69344,9.06595e+06,3.9903e+06,1.53349e+07,0,0,0,2.06132e+08
94.4649,103.622,3.22724,0.02,0,3.46476,3.46476,0,0.666382,6.16896,4.3624e+06,2.98533e+06,1.51147e+07,0,0,0,0,57.5759,61.308,2.04514,1,1,1.61398,1.61398,0,1.30684,1.69344,9.06595e+06,3.9903e+06,1.46323e+07,0,0,0,2.06132e+08
96.0576,103.622,4.91358,0.02,0,3.46545,3.46545,0,0.649296,6.16896,4.3624e+06,2.98533e+06,1.51177e+07,0,0,0,0,57.7014,61.308,2.79377,1,1,1.6143,1.6143,0,1.24696,1.69344,9.06595e+06,3.9903e+06,1.46352e+07,0,0,0,2.06132e+08
97.9027,103.622,5.19122,0.02,0,3.46614,3.46614,0,0.649425,6.16896,4.3624e+06,2.98533e+06,1.51207e+07,0,0,0,0,57.7692,61.308,2.71904,1,1,1.61462,1.61462,0,1.24721,1.69344,9.06595e+06,3.9903e+06,1.46381e+07,0,0,0,2.06132e+08
102.791,103.622,8.32729,0.02,0,3.46682,3.46682,0,0.649554,6.16896,4.3624e+06,2.98533e+06,1.51237e+07,0,0,0,0,58.142,61.308,3.67872,1,1,1.61494,1.61494,0,1.24746,1.69344,9.06595e+06,3.9903e+06,1.4641e+07,0,0,0,2.06132e+08
103.622,103.622,8.02172,0.02,0,3.20637,3.20637,0,0.649683,6.16896,4.3624e+06,2.98533e+06,1.39874e+07,0,0,0,0,58.7302,61.308,3.62756,0,1,1.45301,1.45301,0,1.2477,1.69344,9.06595e+06,3.9903e+06,1.31729e+07,0,0,0,2.06132e+08
103.622,103.622,8.39706,0.01,0,3.207,3.207,0,0.600873,6.16896,4.3624e+06,2.98533e+06,1.39902e+07,0,0,0,0,59.7477,61.308,4.95236,0,1,1.4533,1.4533,0,1.1226,1.69344,9.06595e+06,3.9903e+06,1.31756e+07,0,0,0,2.06132e+08
103.622,103.622,11.3254,0.01,0,3.20764,3.20764,0,0.600992,6.16896,4.3624e+06,2.98533e+06,1.3993e+07,0,0,0,0,61.4266,61.308,5.99087,0,1,1.45359,1.45359,0,1.12282,1.69344,9.06595e+06,3.9903e+06,1.31782e+07,0,0,0,2.06132e+08
103.622,103.622,11.6085,0.01,0,3.20827,3.20827,0,0.601111,6.16896,4.3624e+06,2.98533e+06,1.39958e+07,0,0,0,0,62.3362,61.308,8.70373,0,1,1.45388,1.45388,0,1.12304,1.69344,9.06595e+06,3.9903e+06,1.31808e+07,0,0,0,2.06132e+08
103.622,103.622,9.70093,0.01,0,3.20891,3.20891,0,0.60123,6.16896,4.3624e+06,2.98533e+06,1.39985e+07,0,0,0,0,62.3362,61.308,5.2127,0,1,1.45416,1.45416,0,1.12326,1.69344,9.06595e+06,3.9903e+06,1.31834e+07,0,0,0,2.06132e+08
103.622,103.622,7.71847,0.01,0,3.20891,3.20891,0,0.60135,6.16896,4.3624e+06,2.98533e+06,1.39985e+07,0,0,0,0,62.3362,61.308,5.43915,0,1,1.45416,1.45416,0,1.12349,1.69344,9.06595e+06,3.9903e+06,1.31834e+07,0,0,0,2.06132e+08
103.622,103.622,5.3523,0.01,0,3.31007,3.31007,0,0.60135,6.16896,4.3624e+06,2.98533e+06,1.44398e+07,0,0,0,0,62.3362,61.308,4.80488,0,1,1.50147,1.50147,0,1.12349,1.69344,9.06595e+06,3.9903e+06,1.36123e+07,0,0,0,2.06132e+08
103.622,103.622,4.95667,0.01,0,3.31069,3.31069,0,0.620307,6.16896,4.3624e+06,2.98533e+06,1.44425e+07,0,0,0,0,62.3362,61.308,4.62004,0,1,1.50175,1.50175,0,1.16004,1.69344,9.06595e+06,3.9903e+06,1.36148e+07,0,0,0,2.06132e+08
103.622,103.622,5.19277,0.01,0,3.31131,3.31131,0,0.620423,6.16896,4.3624e+06,2.98533e+06,1.44452e+07,0,0,0,0,62.3362,61.308,4.6673,0,1,1.50203,1.50203,0,1.16025,1.69344,9.06595e+06,3.9903e+06,1.36174e+07,0,0,0,2.06132e+08
103.622,103.622,5.30885,0.01,0,3.31193,3.31193,0,0.620539,6.16896,4.3624e+06,2.98533e+06,1.4448e+07,0,0,0,0,62.3362,61.308,4.83133,0,1,1.50231,1.50231,0,1.16047,1.69344,9.06595e+06,3.9903e+06,1.36199e+07,0,0,0,2.06132e+08
103.622,103.622,4.63802,0.01,0,3.63565,3.63565,0,0.620655,6.16896,4.3624e+06,2.98533e+06,1.58601e+07,0,0,0,0,62.3362,61.308,4.00182,1,1,1.67927,1.67927,0,1.16069,1.69344,9.06595e+06,3.9903e+06,1.52242e+07,0,0,0,2.06132e+08
103.622,103.622,4.76215,0,0,3.63633,3.63633,0,0.68132,6.16896,4.3624e+06,2.98533e+06,1.58631e+07,0,0,0,0,62.3362,61.308,3.66392,1,1,1.67958,1.67958,0,1.2974,1.69344,9.06595e+06,3.9903e+06,1.5227e+07,0,0,0,2.06132e+08
103.622,103.622,4.0748,0,0,3.63701,3.63701,0,0.681448,6.16896,4.3624e+06,2.98533e+06,1.58661e+07,0,0,0,0,62.3362,61.308,4.00777,1,1,1.6799,1.6799,0,1.29765,1.69344,9.06595e+06,3.9903e+06,1.52299e+07,0,0,0,2.06132e+08
103.622,103.622,4.7615,0,0,3.63769,3.63769,0,0.681576,6.16896,4.3624e+06,2.98533e+06,1.58691e+07,0,0,0,0,62.3362,61.308,4.07526,1,1,1.68021,1.68021,0,1.29789,1.69344,9.06595e+06,3.9903e+06,1.52327e+07,0,0,0,2.06132e+08
103.622,103.622,6.225,0,0,3.17718,3.17718,0,0.681703,6.16896,4.3624e+06,2.98533e+06,1.38601e+07,0,0,0,0,62.3362,61.308,3.87183,0,1,1.44325,1.44325,0,1.29813,1.69344,9.06595e+06,3.9903e+06,1.30845e+07,0,0,0,2.06132e+08
103.622,103.622,6.04941,0,0,3.17778,3.17778,0,0.595404,6.16896,4.3624e+06,2.98533e+06,1.38627e+07,0,0,0,0,62.3362,61.308,3.34574,0,1,1.44352,1.44352,0,1.11506,1.69344,9.06595e+06,3.9903e+06,1.30869e+07,0,0,0,2.06132e+08
103.622,103.622,7.69317,0,0,3.17837,3.17837,0,0.595516,6.16896,4.3624e+06,2.98533e+06,1.38653e+07,0,0,0,0,62.3362,61.308,4.69124,0,1,1.44379,1.44379,0,1.11526,1.69344,9.06595e+06,3.9903e+06,1.30893e+07,0,0,0,2.06132e+08
103.622,103.622,9.70634,0,0,3.17897,3.17897,0,0.595627,6.16896,4.3624e+06,2.98533e+06,1.38679e+07,0,0,0,0,62.3362,61.308,7.30637,0,1,1.44406,1.44406,0,1.11547,1.69344,9.06595e+06,3.9903e+06,1.30918e+07,0,0,0,2.06132e+08
103.622,103.622,5.57675,0,0,3.17956,3.17956,0,0.595739,6.16896,4.3624e+06,2.98533e+06,1.38705e+07,0,0,0,0,62.3362,61.308,3.84695,0,1,1.44433,1.44433,0,1.11568,1.69344,9.06595e+06,3.9903e+06,1.30942e+07,0,0,0,2.06132e+08
103.622,103.622,6.17954,0,0,3.29635,3.29635,0,0.59585,6.16896,4.3624e+06,2.98533e+06,1.438e+07,0,0,0,0,62.3362,61.308,5.22055,0,1,1.5027,1.5027,0,1.11589,1.69344,9.06595e+06,3.9903e+06,1.36234e+07,0,0,0,2.06132e+08
103.622,103.622,4.73037,0,0,3.29697,3.29697,0,0.617737,6.16896,4.3624e+06,2.98533e+06,1.43827e+07,0,0,0,0,62.3362,61.308,3.96699,0,1,1.50298,1.50298,0,1.16099,1.69344,9.06595e+06,3.9903e+06,1.3626e+07,0,0,0,2.06132e+08
103.622,103.622,3.8187,0,0,3.29759,3.29759,0,0.617852,6.16896,4.3624e+06,2.98533e+06,1.43854e+07,0,0,0,0,62.3362,61.308,3.20813,0,1,1.50327,1.50327,0,1.16121,1.69344,9.06595e+06,3.9903e+06,1.36285e+07,0,0,0,2.06132e+08
103.622,103.622,3.73167,0,0,3.29821,3.29821,0,0.617968,6.16896,4.3624e+06,2.98533e+06,1.43881e+07,0,0,0,0,62.3362,61.308,3.30394,0,1,1.50355,1.50355,0,1.16142,1.69344,9.06595e+06,3.9903e+06,1.36311e+07,0,0,0,2.06132e+08
103.622,103.622,4.07068,0,0,3.25336,3.25336,0,0.618084,6.16896,4.3624e+06,2.98533e+06,1.41924e+07,0,0,0,0,62.3362,61.308,4.04269,0,1,1.48125,1.48125,0,1.16164,1.69344,9.06595e+06,3.9903e+06,1.34289e+07,0,0,0,2.06132e+08
103.622,103.622,3.80882,0,0,3.25396,3.25396,0,0.609679,6.16896,4.3624e+06,2.98533e+06,1.41951e+07,0,0,0,0,62.3362,61.308,3.95885,0,1,1.48152,1.48152,0,1.14441,1.69344,9.06595e+06,3.9903e+06,1.34314e+07,0,0,0,2.06132e+08
103.622,103.622,3.70348,0,0,3.25457,3.25457,0,0.609793,6.16896,4.3624e+06,2.98533e+06,1.41977e+07,0,0,0,0,62.3362,61.308,4.83396,0,1,1.4818,1.4818,0,1.14462,1.69344,9.06595e+06,3.9903e+06,1.34339e+07,0,0,0,2.06132e+08
103.622,103.622,3.37647,0,0,3.25518,3.25518,0,0.609907,6.16896,4.3624e+06,2.98533e+06,1.42004e+07,0,0,0,0,62.3362,61.308,3.98699,0,1,1.48208,1.48208,0,1.14484,1.69344,9.06595e+06,3.9903e+06,1.34364e+07,0,0,0,2.06132e+08
103.622,103.622,3.43548,0,0,3.41024,3.41024,0,0.610021,6.16896,4.3624e+06,2.98533e+06,1.48768e+07,0,0,0,0,62.3362,61.308,3.82446,1,1,1.5625,1.5625,0,1.14505,1.69344,9.06595e+06,3.9903e+06,1.41655e+07,0,0,0,2.06132e+08
103.147,103.622,2.77919,0,0,3.41087,3.41087,0,0.639078,6.16896,4.3624e+06,2.98533e+06,1.48796e+07,0,0,0,0,62.3362,61.308,3.5877,1,1,1.56279,1.56279,0,1.20719,1.69344,9.06595e+06,3.9903e+06,1.41682e+07,0,0,0,2.06132e+08
102.576,103.622,2.61047,0.01,0,3.41151,3.41151,0,0.639198,6.16896,4.3624e+06,2.98533e+06,1.48824e+07,0,0,0,0,62.3362,61.308,3.28272,1,1,1.56308,1.56308,0,1.20741,1.69344,9.06595e+06,3.9903e+06,1.41708e+07,0,0,0,2.06132e+08
101.98,103.622,2.56194,0.01,0,3.41215,3.41215,0,0.639317,6.16896,4.3624e+06,2.98533e+06,1.48852e+07,0,0,0,0,62.3362,61.308,3.38929,1,1,1.56337,1.56337,0,1.20764,1.69344,9.06595e+06,3.9903e+06,1.41735e+07,0,0,0,2.06132e+08
100.894,103.622,2.0054,0.01,0,3.41279,3.41279,0,0.639437,6.16896,4.3624e+06,2.98533e+06,1.48879e+07,0,0,0,0,62.2752,61.308,2.76618,1,1,1.56367,1.56367,0,1.20786,1.69344,9.06595e+06,3.9903e+06,1.41761e+07,0,0,0,2.06132e+08
99.5468,103.622,1.68354,0.01,0,3.38285,3.38285,0,0.639556,6.16896,4.3624e+06,2.98533e+06,1.47574e+07,0,0,0,0,62.0893,61.308,2.18828,1,1,1.60805,1.60805,0,1.20809,1.69344,9.06595e+06,3.9903e+06,1.45785e+07,0,0,0,2.06132e+08
98.0824,103.622,1.54443,0.01,0,3.38349,3.38349,0,0.633947,6.16896,4.3624e+06,2.98533e+06,1.47601e+07,0,0,0,0,61.8873,61.308,2.15223,1,1,1.60835,1.60835,0,1.24238,1.69344,9.06595e+06,3.9903e+06,1.45812e+07,0,0,0,2.06132e+08
96.5123,103.622,1.40706,0.02,0,3.38412,3.38412,0,0.634065,6.16896,4.3624e+06,2.98533e+06,1.47629e+07,0,0,0,0,61.6464,61.308,1.9416,1,1,1.60865,1.60865,0,1.24261,1.69344,9.06595e+06,3.9903e+06,1.45839e+07,0,0,0,2.06132e+08
94.938,103.622,1.33909,0.02,0,3.38475,3.38475,0,0.634184,6.16896,4.3624e+06,2.98533e+06,1.47656e+07,0,0,0,0,61.2339,61.308,1.89638,1,1,1.60895,1.60895,0,1.24284,1.69344,9.06595e+06,3.9903e+06,1.45867e+07,0,0,0,2.06132e+08
93.2922,103.622,1.29556,0.02,0,3.46439,3.46439,0,0.634302,6.16896,4.3624e+06,2.98533e+06,1.51131e+07,0,0,0,0,60.7231,61.308,1.69387,1,1,1.64857,1.64857,0,1.24308,1.69344,9.06595e+06,3.9903e+06,1.49459e+07,0,0,0,2.06132e+08
91.5953,103.622,1.22138,0.02,0,3.46504,3.46504,0,0.649227,6.16896,4.3624e+06,2.98533e+06,1.51159e+07,0,0,0,0,60.1015,61.308,1.68633,1,1,1.64888,1.64888,0,1.27369,1.69344,9.06595e+06,3.9903e+06,1.49487e+07,0,0,0,2.06132e+08
89.7983,103.622,1.08923,0.02,0,3.46569,3.46569,0,0.649348,6.16896,4.3624e+06,2.98533e+06,1.51187e+07,0,0,0,0,59.4213,61.308,1.53148,1,1,1.64919,1.64919,0,1.27393,1.69344,9.06595e+06,3.9903e+06,1.49515e+07,0,0,0,2.06132e+08
87.9448,103.622,0.995193,0.03,0,3.46633,3.46633,0,0.64947,6.16896,4.3624e+06,2.98533e+06,1.51215e+07,0,0,0,0,58.5018,61.308,1.49405,1,1,1.6495,1.6495,0,1.27416,1.69344,9.06595e+06,3.9903e+06,1.49543e+07,0,0,0,2.06132e+08
85.8155,103.622,0.829198,0.02,0,3.69853,3.69853,0,0.649591,6.16896,4.3624e+06,2.98533e+06,1.61345e+07,0,0,0,0,57.5581,61.308,1.17863,1,1,1.69344,1.79185,0.0984088,1.2744,1.69344,9.06595e+06,3.9903e+06,1.53526e+07,0,0,0,2.06132e+08
83.8078,103.622,0.941558,0.05,0,3.69922,3.69922,0,0.693104,6.16896,4.3624e+06,2.98533e+06,1.61375e+07,0,0,0,0,56.3832,61.308,1.35005,1,1,1.69344,1.79218,0.0987435,1.30835,1.69344,9.06595e+06,3.9903e+06,1.53526e+07,0,0,0,2.06132e+08
81.6765,103.622,0.76924,0.05,0,3.69991,3.69991,0,0.693234,6.16896,4.3624e+06,2.98533e+06,1.61405e+07,0,0,0,0,55.6626,61.308,0.948196,1,1,1.69344,1.79252,0.0990784,1.30835,1.69344,9.06595e+06,3.9903e+06,1.53526e+07,0,0,0,2.06132e+08
79.7408,103.622,0.95007,0.08,0,3.7006,3.7006,0,0.693363,6.16896,4.3624e+06,2.98533e+06,1.61435e+07,0,0,0,0,54.7767,61.308,1.74401,1,1,1.69344,1.79285,0.0994132,1.30835,1.69344,9.06595e+06,3.9903e+06,1.53526e+07,0,0,0,2.06132e+08
77.5618,103.622,0.651453,0.08,0,3.70129,3.70129,0,0.693493,6.16896,4.3624e+06,2.98533e+06,1.61465e+07,0,0,0,0,53.7781,61.308,1.20056,1,1,1.69344,1.79319,0.0997482,1.30835,1.69344,9.06595e+06,3.9903e+06,1.53526e+07,0,0,0,2.06132e+08
75.4197,103.622,0.582455,0.09,0,3.58903,3.58903,0,0.693622,6.16896,4.3624e+06,2.98533e+06,1.56568e+07,0,0,0,0,52.7659,61.308,1.21453,1,1,1.69344,1.70723,0.0137889,1.30835,1.69344,9.06595e+06,3.9903e+06,1.53526e+07,0,0,0,2.06132e+08
73.3843,103.622,0.661704,0.07,0,3.5897,3.5897,0,0.672585,6.16896,4.3624e+06,2.98533e+06,1.56597e+07,0,0,0,0,52.1388,61.308,1.23382,1,1,1.69344,1.70755,0.0141078,1.30835,1.69344,9.06595e+06,3.9903e+06,1.53526e+07,0,0,0,2.06132e+08
71.7025,103.622,1.04879,0.06,0,3.59037,3.59037,0,0.67271,6.16896,4.3624e+06,2.98533e+06,1.56626e+07,0,0,0,0,51.7379,61.308,2.13257,1,1,1.69344,1.70787,0.0144267,1.30835,1.69344,9.06595e+06,3.9903e+06,1.53526e+07,0,0,0,2.06132e+08
69.9112,103.622,0.898526,0.1,0,3.59104,3.59104,0,0.672836,6.16896,4.3624e+06,2.98533e+06,1.56656e+07,0,0,0,0,50.8734,61.308,1.68699,1,1,1.69344,1.70819,0.0147457,1.30835,1.69344,9.06595e+06,3.9903e+06,1.53526e+07,0,0,0,2.06132e+08
68.6305,103.622,1.33704,0.1,0,3.49893,3.49893,0,0.672961,6.16896,4.3624e+06,2.98533e+06,1.52637e+07,0,0,0,0,50.109,61.308,1.21237,1,1,1.6299,1.6299,0,1.30835,1.69344,9.06595e+06,3.9903e+06,1.47766e+07,0,0,0,2.06132e+08
67.1757,103.622,1.1176,0.09,0,3.49958,3.49958,0,0.6557,6.16896,4.3624e+06,2.98533e+06,1.52666e+07,0,0,0,0,49.5801,61.308,1.24377,1,1,1.6302,1.6302,0,1.25926,1.69344,9.06595e+06,3.9903e+06,1.47793e+07,0,0,0,2.06132e+08
67.2725,103.622,2.8339,0.08,0,3.50024,3.50024,0,0.655822,6.16896,4.3624e+06,2.98533e+06,1.52694e+07,0,0,0,0,49.6646,61.308,3.8288,1,1,1.63051,1.63051,0,1.25949,1.69344,9.06595e+06,3.9903e+06,1.47821e+07,0,0,0,2.06132e+08
67.7916,103.622,3.30177,0.07,0,3.50089,3.50089,0,0.655945,6.16896,4.3624e+06,2.98533e+06,1.52723e+07,0,0,0,0,50.0212,61.308,3.0654,1,1,1.63081,1.63081,0,1.25973,1.69344,9.06595e+06,3.9903e+06,1.47848e+07,0,0,0,2.06132e+08
71.6636,103.622,6.63416,0.08,0,3.23784,3.23784,0,0.656067,6.16896,4.3624e+06,2.98533e+06,1.41247e+07,0,0,0,0,50.7436,61.308,3.42996,0,1,1.46727,1.46727,0,1.25996,1.69344,9.06595e+06,3.9903e+06,1.33022e+07,0,0,0,2.06132e+08
75.3019,103.622,6.52266,0.1,0,3.23844,3.23844,0,0.606771,6.16896,4.3624e+06,2.98533e+06,1.41274e+07,0,0,0,0,51.5824,61.308,3.65819,0,1,1.46755,1.46755,0,1.13362,1.69344,9.06595e+06,3.9903e+06,1.33047e+07,0,0,0,2.06132e+08
78.8804,103.622,6.63195,0.05,0,3.23905,3.23905,0,0.606884,6.16896,4.3624e+06,2.98533e+06,1.413e+07,0,0,0,0,52.2818,61.308,4.33475,0,1,1.46782,1.46782,0,1.13383,1.69344,9.06595e+06,3.9903e+06,1.33072e+07,0,0,0,2.06132e+08
80.0424,103.622,4.11779,0.06,0,3.23965,3.23965,0,0.606998,6.16896,4.3624e+06,2.98533e+06,1.41327e+07,0,0,0,0,52.4952,61.308,2.58727,0,1,1.4681,1.4681,0,1.13404,1.69344,9.06595e+06,3.9903e+06,1.33097e+07,0,0,0,2.06132e+08
81.6312,103.622,4.74269,0.07,0,3.24026,3.24026,0,0.607111,6.16896,4.3624e+06,2.98533e+06,1.41353e+07,0,0,0,0,52.9461,61.308,3.15008,0,1,1.46837,1.46837,0,1.13425,1.69344,9.06595e+06,3.9903e+06,1.33122e+07,0,0,0,2.06132e+08
85.1751,103.622,7.03607,0.07,0,3.34237,3.34237,0,0.607224,6.16896,4.3624e+06,2.98533e+06,1.45807e+07,0,0,0,0,54.7275,61.308,6.5183,0,1,1.51612,1.51612,0,1.13446,1.69344,9.06595e+06,3.9903e+06,1.37451e+07,0,0,0,2.06132e+08
88.1368,103.622,6.63844,0.04,0,3.34295,3.34295,0,0.62636,6.16896,4.3624e+06,2.98533e+06,1.45833e+07,0,0,0,0,56.02,61.308,5.04394,0,1,1.51639,1.51639,0,1.17136,1.69344,9.06595e+06,3.9903e+06,1.37475e+07,0,0,0,2.06132e+08
90.3159,103.622,5.65417,0.04,0,3.34354,3.34354,0,0.62647,6.16896,4.3624e+06,2.98533e+06,1.45859e+07,0,0,0,0,57.0783,61.308,4.97298,0,1,1.51665,1.51665,0,1.17156,1.69344,9.06595e+06,3.9903e+06,1.37499e+07,0,0,0,2.06132e+08
91.8909,103.622,5.01276,0.04,0,3.34413,3.34413,0,0.62658,6.16896,4.3624e+06,2.98533e+06,1.45884e+07,0,0,0,0,57.8909,61.308,4.30307,0,1,1.51692,1.51692,0,1.17177,1.69344,9.06595e+06,3.9903e+06,1.37523e+07,0,0,0,2.06132e+08
93.1124,103.622,4.852,0.04,0,3.67095,3.67095,0,0.62669,6.16896,4.3624e+06,2.98533e+06,1.60142e+07,0,0,0,0,58.9333,61.308,4.85503,1,1,1.69344,1.69558,0.00213703,1.17197,1.69344,9.06595e+06,3.9903e+06,1.53526e+07,0,0,0,2.06132e+08
94.8646,103.622,5.41082,0.03,0,3.6716,3.6716,0,0.687937,6.16896,4.3624e+06,2.98533e+06,1.6017e+07,0,0,0,0,60.5136,61.308,5.67516,1,1,1.69344,1.69588,0.00243517,1.30835,1.69344,9.06595e+06,3.9903e+06,1.53526e+07,0,0,0,2.06132e+08
96.771,103.622,5.81633,0.01,0,3.67225,3.67225,0,0.688058,6.16896,4.3624e+06,2.98533e+06,1.60198e+07,0,0,0,0,62.0018,61.308,5.51947,1,1,1.69344,1.69617,0.00273331,1.30835,1.69344,9.06595e+06,3.9903e+06,1.53526e+07,0,0,0,2.06132e+08
97.0907,103.622,3.98332,0.01,0,3.67289,3.67289,0,0.688179,6.16896,4.3624e+06,2.98533e+06,1.60226e+07,0,0,0,0,62.3362,61.308,3.53052,1,1,1.69344,1.69647,0.00303157,1.30835,1.69344,9.06595e+06,3.9903e+06,1.53526e+07,0,0,0,2.06132e+08
101.567,103.622,8.1084,0.01,0,3.20789,3.20789,0,0.6883,6.16896,4.3624e+06,2.98533e+06,1.39941e+07,0,0,0,0,62.3362,61.308,4.92509,0,1,1.4572,1.4572,0,1.30835,1.69344,9.06595e+06,3.9903e+06,1.32109e+07,0,0,0,2.06132e+08
103.622,103.622,7.51131,0.01,0,3.20846,3.20846,0,0.601159,6.16896,4.3624e+06,2.98533e+06,1.39966e+07,0,0,0,0,62.3362,61.308,5.65228,0,1,1.45746,1.45746,0,1.12583,1.69344,9.06595e+06,3.9903e+06,1.32132e+07,0,0,0,2.06132e+08
103.622,103.622,6.64746,0,0,3.20902,3.20902,0,0.601265,6.16896,4.3624e+06,2.98533e+06,1.3999e+07,0,0,0,0,62.3362,61.308,4.7838,0,1,1.45771,1.45771,0,1.12603,1.69344,9.06595e+06,3.9903e+06,1.32156e+07,0,0,0,2.06132e+08
103.622,103.622,6.93802,0,0,3.20959,3.20959,0,0.601371,6.16896,4.3624e+06,2.98533e+06,1.40015e+07,0,0,0,0,62.3362,61.308,5.24368,0,1,1.45797,1.45797,0,1.12623,1.69344,9.06595e+06,3.9903e+06,1.32179e+07,0,0,0,2.06132e+08
103.622,103.622,6.35198,0,0,3.21015,3.21015,0,0.601476,6.16896,4.3624e+06,2.98533e+06,1.4004e+07,0,0,0,0,62.3362,61.308,4.81007,0,1,1.45823,1.45823,0,1.12643,1.69344,9.06595e+06,3.9903e+06,1.32202e+07,0,0,0,2.06132e+08
103.622,103.622,4.3949,0,0,3.32803,3.32803,0,0.601582,6.16896,4.3624e+06,2.98533e+06,1.45182e+07,0,0,0,0,62.3362,61.308,3.68456,0,1,1.51714,1.51714,0,1.12663,1.69344,9.06595e+06,3.9903e+06,1.37543e+07,0,0,0,2.06132e+08
103.622,103.622,4.58229,0,0,3.32861,3.32861,0,0.623672,6.16896,4.3624e+06,2.98533e+06,1.45207e+07,0,0,0,0,62.3362,61.308,3.64345,0,1,1.51741,1.51741,0,1.17214,1.69344,9.06595e+06,3.9903e+06,1.37567e+07,0,0,0,2.06132e+08
103.622,103.622,3.88447,0,0,3.3292,3.3292,0,0.623782,6.16896,4.3624e+06,2.98533e+06,1.45233e+07,0,0,0,0,62.3362,61.308,3.21354,0,1,1.51767,1.51767,0,1.17235,1.69344,9.06595e+06,3.9903e+06,1.37592e+07,0,0,0,2.06132e+08
103.622,103.622,3.69977,0,0,3.32978,3.32978,0,0.623891,6.16896,4.3624e+06,2.98533e+06,1.45258e+07,0,0,0,0,62.3362,61.308,3.45705,0,1,1.51794,1.51794,0,1.17256,1.69344,9.06595e+06,3.9903e+06,1.37616e+07,0,0,0,2.06132e+08
103.258,103.622,2.94651,0,0,3.28447,3.28447,0,0.624001,6.16896,4.3624e+06,2.98533e+06,1.43281e+07,0,0,0,0,62.3362,61.308,3.24557,0,1,1.49541,1.49541,0,1.17276,1.69344,9.06595e+06,3.9903e+06,1.35573e+07,0,0,0,2.06132e+08
102.557,103.622,2.60812,0,0,3.28504,3.28504,0,0.615509,6.16896,4.3624e+06,2.98533e+06,1.43307e+07,0,0,0,0,62.3362,61.308,3.226,0,1,1.49567,1.49567,0,1.15535,1.69344,9.06595e+06,3.9903e+06,1.35597e+07,0,0,0,2.06132e+08
102.235,103.622,2.95419,0,0,3.28562,3.28562,0,0.615617,6.16896,4.3624e+06,2.98533e+06,1.43332e+07,0,0,0,0,62.3362,61.308,3.30415,0,1,1.49593,1.49593,0,1.15556,1.69344,9.06595e+06,3.9903e+06,1.35621e+07,0,0,0,2.06132e+08
102.252,103.622,3.29384,0,0,3.2862,3.2862,0,0.615725,6.16896,4.3624e+06,2.98533e+06,1.43357e+07,0,0,0,0,62.3362,61.308,3.4317,0,1,1.4962,1.4962,0,1.15576,1.69344,9.06595e+06,3.9903e+06,1.35645e+07,0,0,0,2.06132e+08
101.433,103.622,2.47432,0,0,3.44269,3.44269,0,0.615833,6.16896,4.3624e+06,2.98533e+06,1.50184e+07,0,0,0,0,62.3362,61.308,3.14586,1,1,1.57737,1.57737,0,1.15596,1.69344,9.06595e+06,3.9903e+06,1.43003e+07,0,0,0,2.06132e+08
100.487,103.622,2.27371,0.01,0,3.44329,3.44329,0,0.64516,6.16896,4.3624e+06,2.98533e+06,1.5021e+07,0,0,0,0,62.3362,61.308,3.01598,1,1,1.57764,1.57764,0,1.21867,1.69344,9.06595e+06,3.9903e+06,1.43028e+07,0,0,0,2.06132e+08
99.5279,103.622,2.25924,0.01,0,3.4439,3.4439,0,0.645273,6.16896,4.3624e+06,2.98533e+06,1.50237e+07,0,0,0,0,62.3362,61.308,3.07142,1,1,1.57792,1.57792,0,1.21889,1.69344,9.06595e+06,3.9903e+06,1.43054e+07,0,0,0,2.06132e+08
98.4529,103.622,2.10332,0.01,0,3.4445,3.4445,0,0.645387,6.16896,4.3624e+06,2.98533e+06,1.50263e+07,0,0,0,0,62.3362,61.308,2.90137,1,1,1.5782,1.5782,0,1.2191,1.69344,9.06595e+06,3.9903e+06,1.43079e+07,0,0,0,2.06132e+08
97.8674,103.622,2.60902,0.01,0,3.44511,3.44511,0,0.6455,6.16896,4.3624e+06,2.98533e+06,1.50289e+07,0,0,0,0,62.3362,61.308,2.83602,1,1,1.57848,1.57848,0,1.21932,1.69344,9.06595e+06,3.9903e+06,1.43104e+07,0,0,0,2.06132e+08
97.9775,103.622,3.32623,0.01,0,3.41485,3.41485,0,0.645613,6.16896,4.3624e+06,2.98533e+06,1.48969e+07,0,0,0,0,62.3362,61.308,3.15115,1,1,1.62326,1.62326,0,1.21953,1.69344,9.06595e+06,3.9903e+06,1.47164e+07,0,0,0,2.06132e+08
97.7774,103.622,3.01986,0.01,0,3.41545,3.41545,0,0.639943,6.16896,4.3624e+06,2.98533e+06,1.48996e+07,0,0,0,0,62.3362,61.308,2.83513,1,1,1.62354,1.62354,0,1.25413,1.69344,9.06595e+06,3.9903e+06,1.4719e+07,0,0,0,2.06132e+08
97.3721,103.622,2.78839,0.02,0,3.41605,3.41605,0,0.640056,6.16896,4.3624e+06,2.98533e+06,1.49022e+07,0,0,0,0,62.3362,61.308,2.86807,1,1,1.62383,1.62383,0,1.25435,1.69344,9.06595e+06,3.9903e+06,1.47216e+07,0,0,0,2.06132e+08
96.9179,103.622,2.70915,0.02,0,3.41665,3.41665,0,0.640168,6.16896,4.3624e+06,2.98533e+06,1.49048e+07,0,0,0,0,62.3362,61.308,2.68212,1,1,1.62411,1.62411,0,1.25457,1.69344,9.06595e+06,3.9903e+06,1.47241e+07,0,0,0,2.06132e+08
96.8287,103.622,3.12846,0.02,0,3.497,3.497,0,0.64028,6.16896,4.3624e+06,2.98533e+06,1.52553e+07,0,0,0,0,62.3362,61.308,2.97815,1,1,1.66409,1.66409,0,1.25479,1.69344,9.06595e+06,3.9903e+06,1.50866e+07,0,0,0,2.06132e+08
96.507,103.622,2.89096,0.02,0,3.49762,3.49762,0,0.655338,6.16896,4.3624e+06,2.98533e+06,1.5258e+07,0,0,0,0,62.3362,61.308,2.88085,1,1,1.66438,1.66438,0,1.28568,1.69344,9.06595e+06,3.9903e+06,1.50892e+07,0,0,0,2.06132e+08
95.9522,103.622,2.62867,0.02,0,3.49823,3.49823,0,0.655453,6.16896,4.3624e+06,2.98533e+06,1.52607e+07,0,0,0,0,62.2963,61.308,2.64119,1,1,1.66468,1.66468,0,1.2859,1.69344,9.06595e+06,3.9903e+06,1.50919e+07,0,0,0,2.06132e+08
95.1333,103.622,2.34057,0.02,0,3.49884,3.49884,0,0.655568,6.16896,4.3624e+06,2.98533e+06,1.52634e+07,0,0,0,0,62.2421,61.308,2.60699,1,1,1.66497,1.66497,0,1.28613,1.69344,9.06595e+06,3.9903e+06,1.50945e+07,0,0,0,2.06132e+08
94.0325,103.622,2.18851,0.02,0,3.73317,3.73317,0,0.655683,6.16896,4.3624e+06,2.98533e+06,1.62856e+07,0,0,0,0,62.0237,61.308,2.1896,1,1,1.69344,1.80863,0.115193,1.28636,1.69344,9.06595e+06,3.9903e+06,1.53526e+07,0,0,0,2.06132e+08
93.3561,103.622,2.6588,0.02,0,3.73383,3.73383,0,0.699597,6.16896,4.3624e+06,2.98533e+06,1.62884e+07,0,0,0,0,61.7878,61.308,2.48847,1,1,1.69344,1.80895,0.115511,1.30835,1.69344,9.06595e+06,3.9903e+06,1.53526e+07,0,0,0,2.06132e+08
92.2403,103.622,2.1633,0.02,0,3.73448,3.73448,0,0.699719,6.16896,4.3624e+06,2.98533e+06,1.62913e+07,0,0,0,0,61.429,61.308,1.75346,1,1,1.69344,1.80927,0.115828,1.30835,1.69344,9.06595e+06,3.9903e+06,1.53526e+07,0,0,0,2.06132e+08
91.5899,103.622,2.69604,0.04,0,3.73514,3.73514,0,0.699842,6.16896,4.3624e+06,2.98533e+06,1.62942e+07,0,0,0,0,61.528,61.308,3.1994,1,1,1.69344,1.80959,0.116146,1.30835,1.69344,9.06595e+06,3.9903e+06,1.53526e+07,0,0,0,2.06132e+08
90.7232,103.622,2.43916,0.04,0,3.73579,3.73579,0,0.699965,6.16896,4.3624e+06,2.98533e+06,1.6297e+07,0,0,0,0,61.4113,61.308,2.39185,1,1,1.69344,1.8099,0.116463,1.30835,1.69344,9.06595e+06,3.9903e+06,1.53526e+07,0,0,0,2.06132e+08
90.0219,103.622,2.44936,0.05,0,3.62245,3.62245,0,0.700088,6.16896,4.3624e+06,2.98533e+06,1.58026e+07,0,0,0,0,61.2733,61.308,2.39633,1,1,1.69344,1.72312,0.0296833,1.30835,1.69344,9.06595e+06,3.9903e+06,1.53526e+07,0,0,0,2.06132e+08
88.94,103.622,2.03195,0.04,0,3.62308,3.62308,0,0.678846,6.16896,4.3624e+06,2.98533e+06,1.58053e+07,0,0,0,0,60.9957,61.308,2.08872,1,1,1.69344,1.72343,0.0299856,1.30835,1.69344,9.06595e+06,3.9903e+06,1.53526e+07,0,0,0,2.06132e+08
88.4348,103.622,2.68717,0.03,0,3.62372,3.62372,0,0.678965,6.16896,4.3624e+06,2.98533e+06,1.58081e+07,0,0,0,0,60.9112,61.308,2.50377,1,1,1.69344,1.72373,0.0302879,1.30835,1.69344,9.06595e+06,3.9903e+06,1.53526e+07,0,0,0,2.06132e+08
88.9995,103.622,3.97645,0.03,0,3.62435,3.62435,0,0.679085,6.16896,4.3624e+06,2.98533e+06,1.58109e+07,0,0,0,0,61.0519,61.308,2.98176,1,1,1.69344,1.72403,0.0305904,1.30835,1.69344,9.06595e+06,3.9903e+06,1.53526e+07,0,0,0,2.06132e+08
90.5734,103.622,5.00214,0.02,0,3.53135,3.53135,0,0.679204,6.16896,4.3624e+06,2.98533e+06,1.54051e+07,0,0,0,0,61.4616,61.308,4.2463,1,1,1.645,1.645,0,1.30835,1.69344,9.06595e+06,3.9903e+06,1.49135e+07,0,0,0,2.06132e+08
90.7471,103.622,3.52328,0.03,0,3.53197,3.53197,0,0.661774,6.16896,4.3624e+06,2.98533e+06,1.54078e+07,0,0,0,0,61.4464,61.308,2.75143,1,1,1.64528,1.64528,0,1.27092,1.69344,9.06595e+06,3.9903e+06,1.49161e+07,0,0,0,2.06132e+08
92.3386,103.622,5.0088,0.02,0,3.53259,3.53259,0,0.66189,6.16896,4.3624e+06,2.98533e+06,1.54105e+07,0,0,0,0,61.4524,61.308,2.40321,1,1,1.64557,1.64557,0,1.27115,1.69344,9.06595e+06,3.9903e+06,1.49187e+07,0,0,0,2.06132e+08
93.8026,103.622,5.02807,0.02,0,3.5332,3.5332,0,0.662006,6.16896,4.3624e+06,2.98533e+06,1.54132e+07,0,0,0,0,61.9393,61.308,4.50642,1,1,1.64586,1.64586,0,1.27137,1.69344,9.06595e+06,3.9903e+06,1.49213e+07,0,0,0,2.06132e+08
95.6444,103.622,5.21718,0.02,0,3.26769,3.26769,0,0.662123,6.16896,4.3624e+06,2.98533e+06,1.4255e+07,0,0,0,0,61.8702,61.308,2.74162,0,1,1.4808,1.4808,0,1.27159,1.69344,9.06595e+06,3.9903e+06,1.34249e+07,0,0,0,2.06132e+08
97.6681,103.622,5.39243,0.02,0,3.26826,3.26826,0,0.612365,6.16896,4.3624e+06,2.98533e+06,1.42575e+07,0,0,0,0,61.4863,61.308,1.74748,0,1,1.48106,1.48106,0,1.14407,1.69344,9.06595e+06,3.9903e+06,1.34272e+07,0,0,0,2.06132e+08
99.9849,103.622,5.86303,0.02,0,3.26883,3.26883,0,0.612472,6.16896,4.3624e+06,2.98533e+06,1.426e+07,0,0,0,0,61.4022,61.308,1.80134,0,1,1.48132,1.48132,0,1.14427,1.69344,9.06595e+06,3.9903e+06,1.34296e+07,0,0,0,2.06132e+08
103.622,103.622,8.5699,0.01,0,3.26941,3.26941,0,0.612579,6.16896,4.3624e+06,2.98533e+06,1.42625e+07,0,0,0,0,62.3362,61.308,4.31886,0,1,1.48158,1.48158,0,1.14447,1.69344,9.06595e+06,3.9903e+06,1.34319e+07,0,0,0,2.06132e+08
103.622,103.622,9.32324,0,0,3.26998,3.26998,0,0.612687,6.16896,4.3624e+06,2.98533e+06,1.4265e+07,0,0,0,0,62.3362,61.308,3.13871,0,1,1.48184,1.48184,0,1.14467,1.69344,9.06595e+06,3.9903e+06,1.34343e+07,0,0,0,2.06132e+08
103.622,103.622,8.28066,0,0,3.37299,3.37299,0,0.612794,6.16896,4.3624e+06,2.98533e+06,1.47143e+07,0,0,0,0,62.3362,61.308,3.32363,1,1,1.53001,1.53001,0,1.14487,1.69344,9.06595e+06,3.9903e+06,1.3871e+07,0,0,0,2.06132e+08
103.622,103.622,6.38586,0,0,3.37354,3.37354,0,0.632098,6.16896,4.3624e+06,2.98533e+06,1.47167e+07,0,0,0,0,62.3362,61.308,2.59728,1,1,1.53026,1.53026,0,1.18209,1.69344,9.06595e+06,3.9903e+06,1.38733e+07,0,0,0,2.06132e+08
103.622,103.622,5.77567,0,0,3.3741,3.3741,0,0.632202,6.16896,4.3624e+06,2.98533e+06,1.47192e+07,0,0,0,0,62.3362,61.308,2.41656,1,1,1.53051,1.53051,0,1.18228,1.69344,9.06595e+06,3.9903e+06,1.38756e+07,0,0,0,2.06132e+08
103.622,103.622,6.50364,0,0,3.37465,3.37465,0,0.632306,6.16896,4.3624e+06,2.98533e+06,1.47216e+07,0,0,0,0,62.3362,61.308,2.65368,1,1,1.53077,1.53077,0,1.18248,1.69344,9.06595e+06,3.9903e+06,1.38779e+07,0,0,0,2.06132e+08
103.622,103.622,6.78825,0.01,0,3.70442,3.70442,0,0.63241,6.16896,4.3624e+06,2.98533e+06,1.61601e+07,0,0,0,0,62.3362,61.308,2.73541,1,1,1.69344,1.71103,0.017593,1.18267,1.69344,9.06595e+06,3.9903e+06,1.53526e+07,0,0,0,2.06132e+08
103.622,103.622,6.65173,0.01,0,3.70503,3.70503,0,0.694208,6.16896,4.3624e+06,2.98533e+06,1.61628e+07,0,0,0,0,62.3362,61.308,2.8672,1,1,1.69344,1.71131,0.0178743,1.30835,1.69344,9.06595e+06,3.9903e+06,1.53526e+07,0,0,0,2.06132e+08
103.622,103.622,6.55171,0.01,0,3.70564,3.70564,0,0.694322,6.16896,4.3624e+06,2.98533e+06,1.61655e+07,0,0,0,0,62.3362,61.308,2.747,1,1,1.69344,1.7116,0.0181558,1.30835,1.69344,9.06595e+06,3.9903e+06,1.53526e+07,0,0,0,2.06132e+08
103.622,103.622,6.07547,0,0,3.70625,3.70625,0,0.694436,6.16896,4.3624e+06,2.98533e+06,1.61681e+07,0,0,0,0,62.3362,61.308,2.89348,1,1,1.69344,1.71188,0.0184372,1.30835,1.69344,9.06595e+06,3.9903e+06,1.53526e+07,0,0,0,2.06132e+08
103.622,103.622,5.97357,0,0,3.23699,3.23699,0,0.69455,6.16896,4.3624e+06,2.98533e+06,1.4121e+07,0,0,0,0,62.3362,61.308,2.88543,0,1,1.47042,1.47042,0,1.30835,1.69344,9.06595e+06,3.9903e+06,1.33307e+07,0,0,0,2.06132e+08
103.622,103.622,5.06129,0,0,3.23752,3.23752,0,0.606611,6.16896,4.3624e+06,2.98533e+06,1.41234e+07,0,0,0,0,62.3362,61.308,2.61414,0,1,1.47066,1.47066,0,1.13604,1.69344,9.06595e+06,3.9903e+06,1.33329e+07,0,0,0,2.06132e+08
103.622,103.622,6.93094,0,0,3.23805,3.23805,0,0.606711,6.16896,4.3624e+06,2.98533e+06,1.41257e+07,0,0,0,0,62.3362,61.308,5.13327,0,1,1.4709,1.4709,0,1.13623,1.69344,9.06595e+06,3.9903e+06,1.33351e+07,0,0,0,2.06132e+08
103.622,103.622,5.36686,0.01,0,3.23858,3.23858,0,0.606811,6.16896,4.3624e+06,2.98533e+06,1.4128e+07,0,0,0,0,62.3362,61.308,3.05796,0,1,1.47114,1.47114,0,1.13642,1.69344,9.06595e+06,3.9903e+06,1.33373e+07,0,0,0,2.06132e+08
103.622,103.622,7.5468,0,0,3.23912,3.23912,0,0.606911,6.16896,4.3624e+06,2.98533e+06,1.41303e+07,0,0,0,0,62.3362,61.308,4.69005,0,1,1.47138,1.47138,0,1.1366,1.69344,9.06595e+06,3.9903e+06,1.33395e+07,0,0,0,2.06132e+08
103.622,103.622,8.35627,0,0,3.35802,3.35802,0,0.60701,6.16896,4.3624e+06,2.98533e+06,1.4649e+07,0,0,0,0,62.3362,61.308,4.5343,1,1,1.53081,1.53081,0,1.13679,1.69344,9.06595e+06,3.9903e+06,1.38783e+07,0,0,0,2.06132e+08
103.622,103.622,7.0473,0,0,3.35857,3.35857,0,0.629293,6.16896,4.3624e+06,2.98533e+06,1.46514e+07,0,0,0,0,62.3362,61.308,3.51059,1,1,1.53107,1.53107,0,1.18271,1.69344,9.06595e+06,3.9903e+06,1.38806e+07,0,0,0,2.06132e+08
103.622,103.622,6.61493,0,0,3.35912,3.35912,0,0.629396,6.16896,4.3624e+06,2.98533e+06,1.46538e+07,0,0,0,0,62.3362,61.308,3.03188,1,1,1.53132,1.53132,0,1.1829,1.69344,9.06595e+06,3.9903e+06,1.38828e+07,0,0,0,2.06132e+08
103.622,103.622,5.50326,0,0,3.35967,3.35967,0,0.6295,6.16896,4.3624e+06,2.98533e+06,1.46562e+07,0,0,0,0,62.3362,61.308,2.78119,1,1,1.53157,1.53157,0,1.1831,1.69344,9.06595e+06,3.9903e+06,1.38851e+07,0,0,0,2.06132e+08
103.622,103.622,4.6095,0,0,3.31391,3.31391,0,0.629603,6.16896,4.3624e+06,2.98533e+06,1.44566e+07,0,0,0,0,62.1921,61.308,2.48834,0,1,1.50882,1.50882,0,1.18329,1.69344,9.06595e+06,3.9903e+06,1.36789e+07,0,0,0,2.06132e+08
103.622,103.622,4.0554,0,0,3.31446,3.31446,0,0.621028,6.16896,4.3624e+06,2.98533e+06,1.4459e+07,0,0,0,0,62.1489,61.308,2.25285,0,1,1.50907,1.50907,0,1.16571,1.69344,9.06595e+06,3.9903e+06,1.36811e+07,0,0,0,2.06132e+08
103.622,103.622,3.62985,0,0,3.315,3.315,0,0.62113,6.16896,4.3624e+06,2.98533e+06,1.44614e+07,0,0,0,0,61.9515,61.308,1.99818,0,1,1.50931,1.50931,0,1.1659,1.69344,9.06595e+06,3.9903e+06,1.36834e+07,0,0,0,2.06132e+08
103.622,103.622,3.35332,0,0,3.31555,3.31555,0,0.621232,6.16896,4.3624e+06,2.98533e+06,1.44637e+07,0,0,0,0,61.7915,61.308,1.89236,0,1,1.50956,1.50956,0,1.1661,1.69344,9.06595e+06,3.9903e+06,1.36856e+07,0,0,0,2.06132e+08
103.506,103.622,3.19923,0,0,3.4734,3.4734,0,0.621334,6.16896,4.3624e+06,2.98533e+06,1.51523e+07,0,0,0,0,61.3136,61.308,1.87813,1,1,1.59144,1.59144,0,1.16629,1.69344,9.06595e+06,3.9903e+06,1.44279e+07,0,0,0,2.06132e+08
103.42,103.622,3.18521,0.01,0,3.47397,3.47397,0,0.650915,6.16896,4.3624e+06,2.98533e+06,1.51548e+07,0,0,0,0,60.7737,61.308,1.67403,1,1,1.5917,1.5917,0,1.22954,1.69344,9.06595e+06,3.9903e+06,1.44303e+07,0,0,0,2.06132e+08
102.982,103.622,2.80163,0.01,0,3.47454,3.47454,0,0.651022,6.16896,4.3624e+06,2.98533e+06,1.51573e+07,0,0,0,0,60.1429,61.308,1.56094,1,1,1.59196,1.59196,0,1.22975,1.69344,9.06595e+06,3.9903e+06,1.44326e+07,0,0,0,2.06132e+08
102.448,103.622,2.63267,0.01,0,3.47511,3.47511,0,0.651129,6.16896,4.3624e+06,2.98533e+06,1.51598e+07,0,0,0,0,59.4479,61.308,1.49211,1,1,1.59222,1.59222,0,1.22995,1.69344,9.06595e+06,3.9903e+06,1.4435e+07,0,0,0,2.06132e+08
101.668,103.622,2.37935,0.01,0,3.47568,3.47568,0,0.651236,6.16896,4.3624e+06,2.98533e+06,1.51623e+07,0,0,0,0,58.9491,61.308,1.47908,1,1,1.59248,1.59248,0,1.23015,1.69344,9.06595e+06,3.9903e+06,1.44374e+07,0,0,0,2.06132e+08
100.607,103.622,2.03571,0.02,0,3.44512,3.44512,0,0.651343,6.16896,4.3624e+06,2.98533e+06,1.5029e+07,0,0,0,0,58.5087,61.308,1.72708,1,1,1.63765,1.63765,0,1.23035,1.69344,9.06595e+06,3.9903e+06,1.48468e+07,0,0,0,2.06132e+08
99.501,103.622,1.97369,0.02,0,3.44568,3.44568,0,0.645615,6.16896,4.3624e+06,2.98533e+06,1.50314e+07,0,0,0,0,57.9251,61.308,1.69618,1,1,1.63792,1.63792,0,1.26525,1.69344,9.06595e+06,3.9903e+06,1.48493e+07,0,0,0,2.06132e+08
98.2525,103.622,1.77654,0.02,0,3.44625,3.44625,0,0.645721,6.16896,4.3624e+06,2.98533e+06,1.50339e+07,0,0,0,0,57.3255,61.308,1.56536,1,1,1.63818,1.63818,0,1.26545,1.69344,9.06595e+06,3.9903e+06,1.48517e+07,0,0,0,2.06132e+08
96.9223,103.622,1.6693,0.02,0,3.44682,3.44682,0,0.645827,6.16896,4.3624e+06,2.98533e+06,1.50364e+07,0,0,0,0,56.6099,61.308,1.58932,1,1,1.63845,1.63845,0,1.26566,1.69344,9.06595e+06,3.9903e+06,1.48541e+07,0,0,0,2.06132e+08
95.3803,103.622,1.44652,0.02,0,3.52784,3.52784,0,0.645933,6.16896,4.3624e+06,2.98533e+06,1.53898e+07,0,0,0,0,55.9168,61.308,1.48901,1,1,1.67877,1.67877,0,1.26587,1.69344,9.06595e+06,3.9903e+06,1.52196e+07,0,0,0,2.06132e+08
93.8173,103.622,1.43279,0.02,0,3.52842,3.52842,0,0.661117,6.16896,4.3624e+06,2.98533e+06,1.53924e+07,0,0,0,0,55.1947,61.308,1.51397,1,1,1.67904,1.67904,0,1.29701,1.69344,9.06595e+06,3.9903e+06,1.52221e+07,0,0,0,2.06132e+08
92.1965,103.622,1.32376,0.02,0,3.529,3.529,0,0.661225,6.16896,4.3624e+06,2.98533e+06,1.53949e+07,0,0,0,0,54.2814,61.308,1.46293,1,1,1.67932,1.67932,0,1.29723,1.69344,9.06595e+06,3.9903e+06,1.52246e+07,0,0,0,2.06132e+08
90.4945,103.622,1.20756,0.05,0,3.52957,3.52957,0,0.661334,6.16896,4.3624e+06,2.98533e+06,1.53974e+07,0,0,0,0,53.5613,61.308,1.28065,1,1,1.67959,1.67959,0,1.29744,1.69344,9.06595e+06,3.9903e+06,1.52271e+07,0,0,0,2.06132e+08
88.7411,103.622,1.30777,0.06,0,3.76592,3.76592,0,0.661442,6.16896,4.3624e+06,2.98533e+06,1.64284e+07,0,0,0,0,52.5468,61.308,1.53036,1,1,1.69344,1.8245,0.131058,1.29765,1.69344,9.06595e+06,3.9903e+06,1.53526e+07,0,0,0,2.06132e+08
86.808,103.622,1.05133,0.05,0,3.76654,3.76654,0,0.705733,6.16896,4.3624e+06,2.98533e+06,1.64311e+07,0,0,0,0,51.6287,61.308,1.09699,1,1,1.69344,1.8248,0.131357,1.30835,1.69344,9.06595e+06,3.9903e+06,1.53526e+07,0,0,0,2.06132e+08
84.965,103.622,1.13547,0.06,0,3.76715,3.76715,0,0.705849,6.16896,4.3624e+06,2.98533e+06,1.64338e+07,0,0,0,0,50.477,61.308,1.35129,1,1,1.69344,1.8251,0.131657,1.30835,1.69344,9.06595e+06,3.9903e+06,1.53526e+07,0,0,0,2.06132e+08
82.9779,103.622,0.94098,0.05,0,3.76777,3.76777,0,0.705965,6.16896,4.3624e+06,2.98533e+06,1.64365e+07,0,0,0,0,49.7928,61.308,0.940582,1,1,1.69344,1.8254,0.131957,1.30835,1.69344,9.06595e+06,3.9903e+06,1.53526e+07,0,0,0,2.06132e+08
81.2766,103.622,1.24991,0.05,0,3.76839,3.76839,0,0.706081,6.16896,4.3624e+06,2.98533e+06,1.64392e+07,0,0,0,0,49.3499,61.308,1.83655,1,1,1.69344,1.8257,0.132256,1.30835,1.69344,9.06595e+06,3.9903e+06,1.53526e+07,0,0,0,2.06132e+08
80.1371,103.622,1.8136,0.1,0,3.65401,3.65401,0,0.706197,6.16896,4.3624e+06,2.98533e+06,1.59403e+07,0,0,0,0,49.0448,61.308,1.85254,1,1,1.69344,1.73814,0.0446992,1.30835,1.69344,9.06595e+06,3.9903e+06,1.53526e+07,0,0,0,2.06132e+08
78.926,103.622,1.74553,0.09,0,3.65461,3.65461,0,0.684762,6.16896,4.3624e+06,2.98533e+06,1.59429e+07,0,0,0,0,48.3662,61.308,2.06742,1,1,1.69344,1.73842,0.0449844,1.30835,1.69344,9.06595e+06,3.9903e+06,1.53526e+07,0,0,0,2.06132e+08
77.1377,103.622,1.05799,0.08,0,3.65521,3.65521,0,0.684874,6.16896,4.3624e+06,2.98533e+06,1.59455e+07,0,0,0,0,47.6287,61.308,1.27116,1,1,1.69344,1.73871,0.0452697,1.30835,1.69344,9.06595e+06,3.9903e+06,1.53526e+07,0,0,0,2.06132e+08
75.6849,103.622,1.42605,0.08,0,3.65581,3.65581,0,0.684987,6.16896,4.3624e+06,2.98533e+06,1.59481e+07,0,0,0,0,47.3009,61.308,1.5569,1,1,1.69344,1.73899,0.045555,1.30835,1.69344,9.06595e+06,3.9903e+06,1.53526e+07,0,0,0,2.06132e+08
75.138,103.622,2.33676,0.07,0,3.56196,3.56196,0,0.685099,6.16896,4.3624e+06,2.98533e+06,1.55387e+07,0,0,0,0,46.8023,61.308,2.59969,1,1,1.65926,1.65926,0,1.30835,1.69344,9.06595e+06,3.9903e+06,1.50427e+07,0,0,0,2.06132e+08
74.2661,103.622,2.00832,0.07,0,3.56254,3.56254,0,0.667511,6.16896,4.3624e+06,2.98533e+06,1.55412e+07,0,0,0,0,46.4297,61.308,1.42956,1,1,1.65953,1.65953,0,1.28194,1.69344,9.06595e+06,3.9903e+06,1.50452e+07,0,0,0,2.06132e+08
75.2162,103.622,4.00854,0.07,0,3.56313,3.56313,0,0.66762,6.16896,4.3624e+06,2.98533e+06,1.55438e+07,0,0,0,0,46.5846,61.308,3.13713,1,1,1.6598,1.6598,0,1.28215,1.69344,9.06595e+06,3.9903e+06,1.50477e+07,0,0,0,2.06132e+08
74.9491,103.622,2.66703,0.06,0,3.56371,3.56371,0,0.66773,6.16896,4.3624e+06,2.98533e+06,1.55463e+07,0,0,0,0,46.6714,61.308,3.16994,1,1,1.66007,1.66007,0,1.28236,1.69344,9.06595e+06,3.9903e+06,1.50501e+07,0,0,0,2.06132e+08
74.5994,103.622,2.56731,0.06,0,3.29586,3.29586,0,0.66784,6.16896,4.3624e+06,2.98533e+06,1.43779e+07,0,0,0,0,46.5826,61.308,1.82792,0,1,1.49357,1.49357,0,1.28257,1.69344,9.06595e+06,3.9903e+06,1.35406e+07,0,0,0,2.06132e+08
75.5417,103.622,4.00167,0.06,0,3.2964,3.2964,0,0.617645,6.16896,4.3624e+06,2.98533e+06,1.43802e+07,0,0,0,0,47.0971,61.308,3.85805,0,1,1.49381,1.49381,0,1.15393,1.69344,9.06595e+06,3.9903e+06,1.35428e+07,0,0,0,2.06132e+08
78.4432,103.622,6.28934,0.07,0,3.29695,3.29695,0,0.617746,6.16896,4.3624e+06,2.98533e+06,1.43826e+07,0,0,0,0,48.2541,61.308,6.0701,0,1,1.49406,1.49406,0,1.15412,1.69344,9.06595e+06,3.9903e+06,1.35451e+07,0,0,0,2.06132e+08
78.8303,103.622,3.56549,0.08,0,3.29749,3.29749,0,0.617848,6.16896,4.3624e+06,2.98533e+06,1.43849e+07,0,0,0,0,48.3471,61.308,2.87536,0,1,1.4943,1.4943,0,1.15431,1.69344,9.06595e+06,3.9903e+06,1.35473e+07,0,0,0,2.06132e+08
79.8159,103.622,4.20922,0.08,0,3.29803,3.29803,0,0.617949,6.16896,4.3624e+06,2.98533e+06,1.43873e+07,0,0,0,0,48.5914,61.308,3.57699,0,1,1.49455,1.49455,0,1.1545,1.69344,9.06595e+06,3.9903e+06,1.35495e+07,0,0,0,2.06132e+08
78.3894,103.622,1.53564,0.08,0,3.40188,3.40188,0,0.61805,6.16896,4.3624e+06,2.98533e+06,1.48404e+07,0,0,0,0,48.9955,61.308,3.10909,1,1,1.54312,1.54312,0,1.15469,1.69344,9.06595e+06,3.9903e+06,1.39898e+07,0,0,0,2.06132e+08
76.8968,103.622,1.40001,0.09,0,3.4024,3.4024,0,0.637512,6.16896,4.3624e+06,2.98533e+06,1.48426e+07,0,0,0,0,49.4943,61.308,3.114,1,1,1.54335,1.54335,0,1.19221,1.69344,9.06595e+06,3.9903e+06,1.3992e+07,0,0,0,2.06132e+08
76.621,103.622,2.74872,0.09,0,3.40292,3.40292,0,0.63761,6.16896,4.3624e+06,2.98533e+06,1.48449e+07,0,0,0,0,50.4166,61.308,4.29774,1,1,1.54359,1.54359,0,1.19239,1.69344,9.06595e+06,3.9903e+06,1.39941e+07,0,0,0,2.06132e+08
77.2484,103.622,3.72166,0.08,0,3.40345,3.40345,0,0.637708,6.16896,4.3624e+06,2.98533e+06,1.48472e+07,0,0,0,0,51.1745,61.308,3.80696,1,1,1.54383,1.54383,0,1.19258,1.69344,9.06595e+06,3.9903e+06,1.39963e+07,0,0,0,2.06132e+08
78.285,103.622,4.75515,0.09,0,3.73598,3.73598,0,0.637806,6.16896,4.3624e+06,2.98533e+06,1.62978e+07,0,0,0,0,52.075,61.308,4.98053,1,1,1.69344,1.72561,0.0321722,1.19276,1.69344,9.06595e+06,3.9903e+06,1.53526e+07,0,0,0,2.06132e+08
79.4679,103.622,4.91676,0.08,0,3.73655,3.73655,0,0.700123,6.16896,4.3624e+06,2.98533e+06,1.63003e+07,0,0,0,0,52.7881,61.308,4.99014,1,1,1.69344,1.72588,0.0324366,1.30835,1.69344,9.06595e+06,3.9903e+06,1.53526e+07,0,0,0,2.06132e+08
80.7781,103.622,4.90509,0.08,0,3.73713,3.73713,0,0.70023,6.16896,4.3624e+06,2.98533e+06,1.63028e+07,0,0,0,0,53.4365,61.308,4.70543,1,1,1.69344,1.72614,0.032701,1.30835,1.69344,9.06595e+06,3.9903e+06,1.53526e+07,0,0,0,2.06132e+08
81.5087,103.622,4.33442,0.09,0,3.7377,3.7377,0,0.700338,6.16896,4.3624e+06,2.98533e+06,1.63053e+07,0,0,0,0,54.1601,61.308,4.83844,1,1,1.69344,1.72641,0.0329655,1.30835,1.69344,9.06595e+06,3.9903e+06,1.53526e+07,0,0,0,2.06132e+08
82.8284,103.622,4.89337,0.1,0,3.26442,3.26442,0,0.700445,6.16896,4.3624e+06,2.98533e+06,1.42407e+07,0,0,0,0,55.4054,61.308,5.98302,0,1,1.48288,1.48288,0,1.30835,1.69344,9.06595e+06,3.9903e+06,1.34437e+07,0,0,0,2.06132e+08
84.2372,103.622,5.16923,0.1,0,3.26492,3.26492,0,0.611753,6.16896,4.3624e+06,2.98533e+06,1.42429e+07,0,0,0,0,56.3747,61.308,5.015,0,1,1.48311,1.48311,0,1.14567,1.69344,9.06595e+06,3.9903e+06,1.34458e+07,0,0,0,2.06132e+08
86.527,103.622,6.07384,0.04,0,3.26542,3.26542,0,0.611846,6.16896,4.3624e+06,2.98533e+06,1.42451e+07,0,0,0,0,57.4932,61.308,5.62019,0,1,1.48333,1.48333,0,1.14585,1.69344,9.06595e+06,3.9903e+06,1.34478e+07,0,0,0,2.06132e+08
88.4313,103.622,5.65789,0.04,0,3.26592,3.26592,0,0.61194,6.16896,4.3624e+06,2.98533e+06,1.42473e+07,0,0,0,0,58.7761,61.308,6.44271,0,1,1.48356,1.48356,0,1.14602,1.69344,9.06595e+06,3.9903e+06,1.34499e+07,0,0,0,2.06132e+08
91.4142,103.622,6.61241,0.04,0,3.26642,3.26642,0,0.612034,6.16896,4.3624e+06,2.98533e+06,1.42494e+07,0,0,0,0,61.0328,61.308,7.13333,0,1,1.48379,1.48379,0,1.1462,1.69344,9.06595e+06,3.9903e+06,1.3452e+07,0,0,0,2.06132e+08
91.1311,103.622,2.95242,0.04,0,3.38629,3.38629,0,0.612128,6.16896,4.3624e+06,2.98533e+06,1.47723e+07,0,0,0,0,61.4748,61.308,3.45954,1,1,1.5437,1.5437,0,1.14638,1.69344,9.06595e+06,3.9903e+06,1.39951e+07,0,0,0,2.06132e+08
91.7689,103.622,4.01392,0.04,0,3.38681,3.38681,0,0.634591,6.16896,4.3624e+06,2.98533e+06,1.47746e+07,0,0,0,0,62.1668,61.308,4.15938,1,1,1.54394,1.54394,0,1.19266,1.69344,9.06595e+06,3.9903e+06,1.39973e+07,0,0,0,2.06132e+08
92.556,103.622,4.2171,0.03,0,3.38733,3.38733,0,0.634688,6.16896,4.3624e+06,2.98533e+06,1.47769e+07,0,0,0,0,62.3362,61.308,5.82699,1,1,1.54417,1.54417,0,1.19285,1.69344,9.06595e+06,3.9903e+06,1.39994e+07,0,0,0,2.06132e+08
92.2608,103.622,2.95339,0.03,0,3.38785,3.38785,0,0.634785,6.16896,4.3624e+06,2.98533e+06,1.47791e+07,0,0,0,0,62.3362,61.308,3.24848,1,1,1.54441,1.54441,0,1.19303,1.69344,9.06595e+06,3.9903e+06,1.40016e+07,0,0,0,2.06132e+08
92.0299,103.622,2.9314,0.02,0,3.34166,3.34166,0,0.634882,6.16896,4.3624e+06,2.98533e+06,1.45777e+07,0,0,0,0,62.3362,61.308,3.93784,0,1,1.52145,1.52145,0,1.19321,1.69344,9.06595e+06,3.9903e+06,1.37934e+07,0,0,0,2.06132e+08
91.5915,103.622,2.70419,0.01,0,3.34218,3.34218,0,0.626228,6.16896,4.3624e+06,2.98533e+06,1.45799e+07,0,0,0,0,62.3362,61.308,4.1503,0,1,1.52169,1.52169,0,1.17547,1.69344,9.06595e+06,3.9903e+06,1.37955e+07,0,0,0,2.06132e+08
91.3583,103.622,2.956,0.02,0,3.34269,3.34269,0,0.626324,6.16896,4.3624e+06,2.98533e+06,1.45821e+07,0,0,0,0,62.3362,61.308,3.55683,0,1,1.52192,1.52192,0,1.17565,1.69344,9.06595e+06,3.9903e+06,1.37976e+07,0,0,0,2.06132e+08
90.924,103.622,2.65327,0.02,0,3.3432,3.3432,0,0.62642,6.16896,4.3624e+06,2.98533e+06,1.45844e+07,0,0,0,0,62.3362,61.308,3.6393,0,1,1.52215,1.52215,0,1.17583,1.69344,9.06595e+06,3.9903e+06,1.37998e+07,0,0,0,2.06132e+08
90.1278,103.622,2.29172,0.02,0,3.50233,3.50233,0,0.626516,6.16896,4.3624e+06,2.98533e+06,1.52785e+07,0,0,0,0,62.3362,61.308,3.47022,1,1,1.60469,1.60469,0,1.17601,1.69344,9.06595e+06,3.9903e+06,1.45481e+07,0,0,0,2.06132e+08
89.2183,103.622,2.22083,0.03,0,3.50286,3.50286,0,0.656336,6.16896,4.3624e+06,2.98533e+06,1.52809e+07,0,0,0,0,62.3362,61.308,3.46589,1,1,1.60494,1.60494,0,1.23979,1.69344,9.06595e+06,3.9903e+06,1.45503e+07,0,0,0,2.06132e+08
88.2443,103.622,2.08631,0.02,0,3.5034,3.5034,0,0.656437,6.16896,4.3624e+06,2.98533e+06,1.52832e+07,0,0,0,0,62.3362,61.308,3.17878,1,1,1.60518,1.60518,0,1.23998,1.69344,9.06595e+06,3.9903e+06,1.45525e+07,0,0,0,2.06132e+08
87.1696,103.622,1.93831,0.02,0,3.50394,3.50394,0,0.656537,6.16896,4.3624e+06,2.98533e+06,1.52856e+07,0,0,0,0,62.3362,61.308,2.99779,1,1,1.60543,1.60543,0,1.24016,1.69344,9.06595e+06,3.9903e+06,1.45547e+07,0,0,0,2.06132e+08
86.051,103.622,1.84663,0.02,0,3.50447,3.50447,0,0.656638,6.16896,4.3624e+06,2.98533e+06,1.52879e+07,0,0,0,0,62.3362,61.308,3.0963,1,1,1.60568,1.60568,0,1.24035,1.69344,9.06595e+06,3.9903e+06,1.4557e+07,0,0,0,2.06132e+08
84.9982,103.622,1.88871,0.02,0,3.47362,3.47362,0,0.656738,6.16896,4.3624e+06,2.98533e+06,1.51533e+07,0,0,0,0,62.131,61.308,2.30518,1,1,1.65119,1.65119,0,1.24054,1.69344,9.06595e+06,3.9903e+06,1.49696e+07,0,0,0,2.06132e+08
83.8577,103.622,1.77022,0.02,0,3.47415,3.47415,0,0.650956,6.16896,4.3624e+06,2.98533e+06,1.51556e+07,0,0,0,0,61.8657,61.308,2.06731,1,1,1.65145,1.65145,0,1.27571,1.69344,9.06595e+06,3.9903e+06,1.49719e+07,0,0,0,2.06132e+08
82.689,103.622,1.71053,0.02,0,3.47468,3.47468,0,0.651055,6.16896,4.3624e+06,2.98533e+06,1.51579e+07,0,0,0,0,61.576,61.308,1.96351,1,1,1.6517,1.6517,0,1.27591,1.69344,9.06595e+06,3.9903e+06,1.49742e+07,0,0,0,2.06132e+08
81.6298,103.622,1.77856,0.04,0,3.47521,3.47521,0,0.651155,6.16896,4.3624e+06,2.98533e+06,1.51603e+07,0,0,0,0,61.3185,61.308,2.13658,1,1,1.65195,1.65195,0,1.2761,1.69344,9.06595e+06,3.9903e+06,1.49765e+07,0,0,0,2.06132e+08
80.3764,103.622,1.6246,0.04,0,3.55686,3.55686,0,0.651255,6.16896,4.3624e+06,2.98533e+06,1.55164e+07,0,0,0,0,60.9001,61.308,1.87038,1,1,1.69258,1.69258,0,1.2763,1.69344,9.06595e+06,3.9903e+06,1.53448e+07,0,0,0,2.06132e+08
79.0177,103.622,1.50194,0.05,0,3.5574,3.5574,0,0.666556,6.16896,4.3624e+06,2.98533e+06,1.55188e+07,0,0,0,0,60.3894,61.308,1.75941,1,1,1.69284,1.69284,0,1.30768,1.69344,9.06595e+06,3.9903e+06,1.53472e+07,0,0,0,2.06132e+08
77.6046,103.622,1.38706,0.05,0,3.55795,3.55795,0,0.666658,6.16896,4.3624e+06,2.98533e+06,1.55212e+07,0,0,0,0,59.6568,61.308,1.69948,1,1,1.69309,1.69309,0,1.30788,1.69344,9.06595e+06,3.9903e+06,1.53495e+07,0,0,0,2.06132e+08
76.1138,103.622,1.26612,0.06,0,3.55849,3.55849,0,0.66676,6.16896,4.3624e+06,2.98533e+06,1.55236e+07,0,0,0,0,59.1348,61.308,1.48887,1,1,1.69335,1.69335,0,1.30809,1.69344,9.06595e+06,3.9903e+06,1.53519e+07,0,0,0,2.06132e+08
74.6552,103.622,1.4607,0.06,0,3.79673,3.79673,0,0.666862,6.16896,4.3624e+06,2.98533e+06,1.65629e+07,0,0,0,0,58.3405,61.308,1.86041,1,1,1.69344,1.83943,0.145986,1.30829,1.69344,9.06595e+06,3.9903e+06,1.53526e+07,0,0,0,2.06132e+08
73.0711,103.622,1.22519,0.07,0,3.79731,3.79731,0,0.711507,6.16896,4.3624e+06,2.98533e+06,1.65654e+07,0,0,0,0,57.6257,61.308,1.30068,1,1,1.69344,1.83971,0.146267,1.30835,1.69344,9.06595e+06,3.9903e+06,1.53526e+07,0,0,0,2.06132e+08
71.5917,103.622,1.32426,0.08,0,3.79789,3.79789,0,0.711616,6.16896,4.3624e+06,2.98533e+06,1.65679e+07,0,0,0,0,56.6511,61.308,1.60214,1,1,1.69344,1.83999,0.146549,1.30835,1.69344,9.06595e+06,3.9903e+06,1.53526e+07,0,0,0,2.06132e+08
69.9462,103.622,1.09768,0.12,0,3.79847,3.79847,0,0.711725,6.16896,4.3624e+06,2.98533e+06,1.65705e+07,0,0,0,0,56.016,61.308,1.11681,1,1,1.69344,1.84027,0.14683,1.30835,1.69344,9.06595e+06,3.9903e+06,1.53526e+07,0,0,0,2.06132e+08
68.5704,103.622,1.37056,0.12,0,3.79905,3.79905,0,0.711834,6.16896,4.3624e+06,2.98533e+06,1.6573e+07,0,0,0,0,55.6431,61.308,2.12051,1,1,1.69344,1.84055,0.147112,1.30835,1.69344,9.06595e+06,3.9903e+06,1.53526e+07,0,0,0,2.06132e+08
66.7028,103.622,0.699116,0.12,0,3.6837,3.6837,0,0.711943,6.16896,4.3624e+06,2.98533e+06,1.60698e+07,0,0,0,0,54.9666,61.308,2.17157,1,1,1.69344,1.75226,0.0588225,1.30835,1.69344,9.06595e+06,3.9903e+06,1.53526e+07,0,0,0,2.06132e+08
64.7994,103.622,0.597041,0.13,0,3.68427,3.68427,0,0.690326,6.16896,4.3624e+06,2.98533e+06,1.60722e+07,0,0,0,0,53.9785,61.308,1.20711,1,1,1.69344,1.75253,0.0590905,1.30835,1.69344,9.06595e+06,3.9903e+06,1.53526e+07,0,0,0,2.06132e+08
62.957,103.622,0.617332,0.12,0,3.68483,3.68483,0,0.690432,6.16896,4.3624e+06,2.98533e+06,1.60747e+07,0,0,0,0,53.4099,61.308,1.16779,1,1,1.69344,1.7528,0.0593586,1.30835,1.69344,9.06595e+06,3.9903e+06,1.53526e+07,0,0,0,2.06132e+08
62.0848,103.622,1.78168,0.12,0,3.68539,3.68539,0,0.690537,6.16896,4.3624e+06,2.98533e+06,1.60772e+07,0,0,0,0,53.3898,61.308,2.07664,1,1,1.69344,1.75307,0.0596265,1.30835,1.69344,9.06595e+06,3.9903e+06,1.53526e+07,0,0,0,2.06132e+08
62.3589,103.622,2.93177,0.16,0,3.59074,3.59074,0,0.690643,6.16896,4.3624e+06,2.98533e+06,1.56642e+07,0,0,0,0,53.7378,61.308,3.05064,1,1,1.67266,1.67266,0,1.30835,1.69344,9.06595e+06,3.9903e+06,1.51643e+07,0,0,0,2.06132e+08
63.4083,103.622,3.80881,0.09,0,3.59129,3.59129,0,0.672905,6.16896,4.3624e+06,2.98533e+06,1.56666e+07,0,0,0,0,54.1169,61.308,3.74428,1,1,1.67292,1.67292,0,1.2923,1.69344,9.06595e+06,3.9903e+06,1.51666e+07,0,0,0,2.06132e+08
65.5614,103.622,5.1024,0.09,0,3.59184,3.59184,0,0.673008,6.16896,4.3624e+06,2.98533e+06,1.5669e+07,0,0,0,0,54.8934,61.308,4.74406,1,1,1.67318,1.67318,0,1.2925,1.69344,9.06595e+06,3.9903e+06,1.51689e+07,0,0,0,2.06132e+08
67.7692,103.622,5.26612,0.08,0,3.59239,3.59239,0,0.673111,6.16896,4.3624e+06,2.98533e+06,1.56714e+07,0,0,0,0,56.1417,61.308,5.69698,1,1,1.67343,1.67343,0,1.2927,1.69344,9.06595e+06,3.9903e+06,1.51712e+07,0,0,0,2.06132e+08
70.0309,103.622,5.24742,0.08,0,3.32235,3.32235,0,0.673213,6.16896,4.3624e+06,2.98533e+06,1.44934e+07,0,0,0,0,56.9556,61.308,4.48593,0,1,1.50557,1.50557,0,1.29289,1.69344,9.06595e+06,3.9903e+06,1.36494e+07,0,0,0,2.06132e+08
71.2566,103.622,4.07125,0.09,0,3.32286,3.32286,0,0.622608,6.16896,4.3624e+06,2.98533e+06,1.44956e+07,0,0,0,0,57.1991,61.308,2.86553,0,1,1.5058,1.5058,0,1.1632,1.69344,9.06595e+06,3.9903e+06,1.36515e+07,0,0,0,2.06132e+08
73.1111,103.622,4.87787,0.11,0,3.32336,3.32336,0,0.622703,6.16896,4.3624e+06,2.98533e+06,1.44978e+07,0,0,0,0,57.6218,61.308,2.95562,0,1,1.50603,1.50603,0,1.16338,1.69344,9.06595e+06,3.9903e+06,1.36536e+07,0,0,0,2.06132e+08
75.0396,103.622,4.94919,0.06,0,3.32387,3.32387,0,0.622798,6.16896,4.3624e+06,2.98533e+06,1.45001e+07,0,0,0,0,58.0214,61.308,2.9694,0,1,1.50626,1.50626,0,1.16356,1.69344,9.06595e+06,3.9903e+06,1.36557e+07,0,0,0,2.06132e+08
78.7743,103.622,7.29284,0.07,0,3.32438,3.32438,0,0.622894,6.16896,4.3624e+06,2.98533e+06,1.45023e+07,0,0,0,0,59.3359,61.308,4.90559,0,1,1.50649,1.50649,0,1.16374,1.69344,9.06595e+06,3.9903e+06,1.36578e+07,0,0,0,2.06132e+08
84.2816,103.622,8.997,0.07,0,3.42903,3.42903,0,0.622989,6.16896,4.3624e+06,2.98533e+06,1.49588e+07,0,0,0,0,59.849,61.308,4.3723,1,1,1.55543,1.55543,0,1.16392,1.69344,9.06595e+06,3.9903e+06,1.41015e+07,0,0,0,2.06132e+08
86.6103,103.622,5.62105,0.04,0,3.42951,3.42951,0,0.6426,6.16896,4.3624e+06,2.98533e+06,1.49609e+07,0,0,0,0,59.9297,61.308,2.88762,1,1,1.55565,1.55565,0,1.20173,1.69344,9.06595e+06,3.9903e+06,1.41035e+07,0,0,0,2.06132e+08
87.4527,103.622,4.04891,0.04,0,3.43,3.43,0,0.642691,6.16896,4.3624e+06,2.98533e+06,1.4963e+07,0,0,0,0,59.8615,61.308,2.47867,1,1,1.55587,1.55587,0,1.2019,1.69344,9.06595e+06,3.9903e+06,1.41055e+07,0,0,0,2.06132e+08
88.62,103.622,4.49274,0.04,0,3.43049,3.43049,0,0.642783,6.16896,4.3624e+06,2.98533e+06,1.49652e+07,0,0,0,0,59.8557,61.308,2.78013,1,1,1.5561,1.5561,0,1.20207,1.69344,9.06595e+06,3.9903e+06,1.41075e+07,0,0,0,2.06132e+08
90.5287,103.622,5.51914,0.03,0,3.76563,3.76563,0,0.642874,6.16896,4.3624e+06,2.98533e+06,1.64272e+07,0,0,0,0,59.7494,61.308,3.09912,1,1,1.69344,1.73931,0.0458669,1.20224,1.69344,9.06595e+06,3.9903e+06,1.53526e+07,0,0,0,2.06132e+08
92.6413,103.622,5.66136,0.03,0,3.76617,3.76617,0,0.705679,6.16896,4.3624e+06,2.98533e+06,1.64295e+07,0,0,0,0,59.56,61.308,3.02458,1,1,1.69344,1.73955,0.0461146,1.30835,1.69344,9.06595e+06,3.9903e+06,1.53526e+07,0,0,0,2.06132e+08
98.2985,103.622,9.58251,0.03,0,3.7667,3.7667,0,0.70578,6.16896,4.3624e+06,2.98533e+06,1.64319e+07,0,0,0,0,59.6121,61.308,4.44887,1,1,1.69344,1.7398,0.0463625,1.30835,1.69344,9.06595e+06,3.9903e+06,1.53526e+07,0,0,0,2.06132e+08
101.173,103.622,6.76147,0.01,0,3.76724,3.76724,0,0.70588,6.16896,4.3624e+06,2.98533e+06,1.64342e+07,0,0,0,0,59.4689,61.308,3.64926,1,1,1.69344,1.74005,0.0466103,1.30835,1.69344,9.06595e+06,3.9903e+06,1.53526e+07,0,0,0,2.06132e+08
103.622,103.622,9.76648,0.01,0,3.29019,3.29019,0,0.705981,6.16896,4.3624e+06,2.98533e+06,1.43531e+07,0,0,0,0,60.1043,61.308,5.38453,0,1,1.49458,1.49458,0,1.30835,1.69344,9.06595e+06,3.9903e+06,1.35498e+07,0,0,0,2.06132e+08
103.622,103.622,12.9262,0,0,3.29066,3.29066,0,0.616581,6.16896,4.3624e+06,2.98533e+06,1.43552e+07,0,0,0,0,61.1819,61.308,6.52253,0,1,1.4948,1.4948,0,1.15472,1.69344,9.06595e+06,3.9903e+06,1.35518e+07,0,0,0,2.06132e+08
103.622,103.622,14.1245,0,0,3.29112,3.29112,0,0.616669,6.16896,4.3624e+06,2.98533e+06,1.43572e+07,0,0,0,0,62.1477,61.308,6.87827,0,1,1.49501,1.49501,0,1.15488,1.69344,9.06595e+06,3.9903e+06,1.35537e+07,0,0,0,2.06132e+08
103.622,103.622,12.6738,0,0,3.29159,3.29159,0,0.616757,6.16896,4.3624e+06,2.98533e+06,1.43592e+07,0,0,0,0,62.3362,61.308,6.08414,0,1,1.49522,1.49522,0,1.15504,1.69344,9.06595e+06,3.9903e+06,1.35556e+07,0,0,0,2.06132e+08
103.622,103.622,10.705,0,0,3.29206,3.29206,0,0.616845,6.16896,4.3624e+06,2.98533e+06,1.43613e+07,0,0,0,0,62.3362,61.308,4.8616,0,1,1.49544,1.49544,0,1.15521,1.69344,9.06595e+06,3.9903e+06,1.35575e+07,0,0,0,2.06132e+08
103.622,103.622,11.6307,0,0,3.41283,3.41283,0,0.616932,6.16896,4.3624e+06,2.98533e+06,1.48881e+07,0,0,0,0,62.3362,61.308,7.28991,1,1,1.5558,1.5558,0,1.15537,1.69344,9.06595e+06,3.9903e+06,1.41048e+07,0,0,0,2.06132e+08
103.622,103.622,8.12733,0,0,3.41332,3.41332,0,0.639565,6.16896,4.3624e+06,2.98533e+06,1.48903e+07,0,0,0,0,62.3362,61.308,4.82653,1,1,1.55602,1.55602,0,1.20201,1.69344,9.06595e+06,3.9903e+06,1.41068e+07,0,0,0,2.06132e+08
103.622,103.622,7.17073,0,0,3.4138,3.4138,0,0.639656,6.16896,4.3624e+06,2.98533e+06,1.48924e+07,0,0,0,0,62.3362,61.308,4.68435,1,1,1.55625,1.55625,0,1.20218,1.69344,9.06595e+06,3.9903e+06,1.41088e+07,0,0,0,2.06132e+08
103.622,103.622,7.21653,0,0,3.41429,3.41429,0,0.639747,6.16896,4.3624e+06,2.98533e+06,1.48945e+07,0,0,0,0,62.3362,61.308,5.11019,1,1,1.55647,1.55647,0,1.20235,1.69344,9.06595e+06,3.9903e+06,1.41109e+07,0,0,0,2.06132e+08
103.622,103.622,6.74693,0,0,3.36771,3.36771,0,0.639838,6.16896,4.3624e+06,2.98533e+06,1.46913e+07,0,0,0,0,62.3362,61.308,5.25485,1,1,1.53331,1.53331,0,1.20253,1.69344,9.06595e+06,3.9903e+06,1.39009e+07,0,0,0,2.06132e+08
103.622,103.622,5.89892,0,0,3.36819,3.36819,0,0.631109,6.16896,4.3624e+06,2.98533e+06,1.46934e+07,0,0,0,0,62.3362,61.308,4.19046,1,1,1.53353,1.53353,0,1.18464,1.69344,9.06595e+06,3.9903e+06,1.39029e+07,0,0,0,2.06132e+08
103.622,103.622,5.17529,0,0,3.36867,3.36867,0,0.631199,6.16896,4.3624e+06,2.98533e+06,1.46955e+07,0,0,0,0,62.3362,61.308,3.91632,1,1,1.53375,1.53375,0,1.18481,1.69344,9.06595e+06,3.9903e+06,1.39049e+07,0,0,0,2.06132e+08
103.622,103.622,4.75725,0,0,3.36915,3.36915,0,0.631289,6.16896,4.3624e+06,2.98533e+06,1.46976e+07,0,0,0,0,62.3266,61.308,3.28397,1,1,1.53397,1.53397,0,1.18497,1.69344,9.06595e+06,3.9903e+06,1.39069e+07,0,0,0,2.06132e+08
103.622,103.622,4.4445,0,0,3.52948,3.52948,0,0.631379,6.16896,4.3624e+06,2.98533e+06,1.5397e+07,0,0,0,0,62.2111,61.308,3.24444,1,1,1.61713,1.61713,0,1.18514,1.69344,9.06595e+06,3.9903e+06,1.46608e+07,0,0,0,2.06132e+08
103.622,103.622,4.77567,0,0,3.52998,3.52998,0,0.661424,6.16896,4.3624e+06,2.98533e+06,1.53992e+07,0,0,0,0,62.1712,61.308,3.6841,1,1,1.61736,1.61736,0,1.2494,1.69344,9.06595e+06,3.9903e+06,1.46629e+07,0,0,0,2.06132e+08
103.622,103.622,4.49042,0,0,3.53048,3.53048,0,0.661518,6.16896,4.3624e+06,2.98533e+06,1.54014e+07,0,0,0,0,62.106,61.308,3.4526,1,1,1.61759,1.61759,0,1.24957,1.69344,9.06595e+06,3.9903e+06,1.4665e+07,0,0,0,2.06132e+08
103.622,103.622,4.16826,0,0,3.53098,3.53098,0,0.661612,6.16896,4.3624e+06,2.98533e+06,1.54036e+07,0,0,0,0,61.9808,61.308,3.1044,1,1,1.61782,1.61782,0,1.24975,1.69344,9.06595e+06,3.9903e+06,1.46671e+07,0,0,0,2.06132e+08
103.622,103.622,3.91889,0.01,0,3.53149,3.53149,0,0.661706,6.16896,4.3624e+06,2.98533e+06,1.54057e+07,0,0,0,0,61.8643,61.308,3.39592,1,1,1.61805,1.61805,0,1.24993,1.69344,9.06595e+06,3.9903e+06,1.46692e+07,0,0,0,2.06132e+08
103.622,103.622,4.39674,0.01,0,3.50035,3.50035,0,0.6618,6.16896,4.3624e+06,2.98533e+06,1.52699e+07,0,0,0,0,61.8852,61.308,3.6279,1,1,1.6639,1.6639,0,1.25011,1.69344,9.06595e+06,3.9903e+06,1.50849e+07,0,0,0,2.06132e+08
103.622,103.622,4.17494,0.01,0,3.50085,3.50085,0,0.655966,6.16896,4.3624e+06,2.98533e+06,1.52721e+07,0,0,0,0,61.8397,61.308,3.46462,1,1,1.66414,1.66414,0,1.28553,1.69344,9.06595e+06,3.9903e+06,1.5087e+07,0,0,0,2.06132e+08
103.622,103.622,3.86025,0.01,0,3.50135,3.50135,0,0.65606,6.16896,4.3624e+06,2.98533e+06,1.52743e+07,0,0,0,0,61.7006,61.308,3.24277,1,1,1.66438,1.66438,0,1.28571,1.69344,9.06595e+06,3.9903e+06,1.50892e+07,0,0,0,2.06132e+08
103.622,103.622,3.68596,0.01,0,3.50185,3.50185,0,0.656153,6.16896,4.3624e+06,2.98533e+06,1.52765e+07,0,0,0,0,61.5448,61.308,3.03317,1,1,1.66461,1.66461,0,1.2859,1.69344,9.06595e+06,3.9903e+06,1.50913e+07,0,0,0,2.06132e+08
103.622,103.622,3.62991,0.01,0,3.58408,3.58408,0,0.656246,6.16896,4.3624e+06,2.98533e+06,1.56352e+07,0,0,0,0,61.2907,61.308,2.70873,1,1,1.69344,1.70553,0.012092,1.28608,1.69344,9.06595e+06,3.9903e+06,1.53526e+07,0,0,0,2.06132e+08
103.622,103.622,4.27358,0.02,0,3.58459,3.58459,0,0.671657,6.16896,4.3624e+06,2.98533e+06,1.56374e+07,0,0,0,0,61.2255,61.308,3.57084,1,1,1.69344,1.70577,0.0123347,1.30835,1.69344,9.06595e+06,3.9903e+06,1.53526e+07,0,0,0,2.06132e+08
103.622,103.622,3.87536,0.02,0,3.5851,3.5851,0,0.671753,6.16896,4.3624e+06,2.98533e+06,1.56397e+07,0,0,0,0,60.9969,61.308,3.46437,1,1,1.69344,1.70602,0.0125773,1.30835,1.69344,9.06595e+06,3.9903e+06,1.53526e+07,0,0,0,2.06132e+08
103.622,103.622,3.5243,0.02,0,3.58561,3.58561,0,0.671849,6.16896,4.3624e+06,2.98533e+06,1.56419e+07,0,0,0,0,60.7159,61.308,2.99145,1,1,1.69344,1.70626,0.01282,1.30835,1.69344,9.06595e+06,3.9903e+06,1.53526e+07,0,0,0,2.06132e+08
103.622,103.622,3.74897,0.02,0,3.82563,3.82563,0,0.671944,6.16896,4.3624e+06,2.98533e+06,1.66889e+07,0,0,0,0,60.5335,61.308,3.56963,1,1,1.69344,1.85343,0.159985,1.30835,1.69344,9.06595e+06,3.9903e+06,1.53526e+07,0,0,0,2.06132e+08
103.622,103.622,3.71618,0.02,0,3.82617,3.82617,0,0.716922,6.16896,4.3624e+06,2.98533e+06,1.66913e+07,0,0,0,0,60.3996,61.308,3.27974,1,1,1.69344,1.85369,0.160249,1.30835,1.69344,9.06595e+06,3.9903e+06,1.53526e+07,0,0,0,2.06132e+08
103.261,103.622,2.98385,0.02,0,3.82671,3.82671,0,0.717024,6.16896,4.3624e+06,2.98533e+06,1.66937e+07,0,0,0,0,60.048,61.308,2.46283,1,1,1.69344,1.85395,0.160513,1.30835,1.69344,9.06595e+06,3.9903e+06,1.53526e+07,0,0,0,2.06132e+08
103.487,103.622,3.6159,0.03,0,3.82726,3.82726,0,0.717126,6.16896,4.3624e+06,2.98533e+06,1.6696e+07,0,0,0,0,60.0958,61.308,4.05031,1,1,1.69344,1.85422,0.160776,1.30835,1.69344,9.06595e+06,3.9903e+06,1.53526e+07,0,0,0,2.06132e+08
103.065,103.622,2.96127,0.04,0,3.8278,3.8278,0,0.717228,6.16896,4.3624e+06,2.98533e+06,1.66984e+07,0,0,0,0,59.8623,61.308,2.91909,1,1,1.69344,1.85448,0.16104,1.30835,1.69344,9.06595e+06,3.9903e+06,1.53526e+07,0,0,0,2.06132e+08
102.907,103.622,3.20505,0.04,0,3.71154,3.71154,0,0.71733,6.16896,4.3624e+06,2.98533e+06,1.61912e+07,0,0,0,0,59.7532,61.308,3.46162,1,1,1.69344,1.7655,0.0720638,1.30835,1.69344,9.06595e+06,3.9903e+06,1.53526e+07,0,0,0,2.06132e+08
103.075,103.622,3.49446,0.03,0,3.71207,3.71207,0,0.695543,6.16896,4.3624e+06,2.98533e+06,1.61935e+07,0,0,0,0,59.6714,61.308,3.40299,1,1,1.69344,1.76575,0.0723148,1.30835,1.69344,9.06595e+06,3.9903e+06,1.53526e+07,0,0,0,2.06132e+08
103.622,103.622,5.4973,0.03,0,3.7126,3.7126,0,0.695642,6.16896,4.3624e+06,2.98533e+06,1.61958e+07,0,0,0,0,60.1376,61.308,5.80859,1,1,1.69344,1.76601,0.072566,1.30835,1.69344,9.06595e+06,3.9903e+06,1.53526e+07,0,0,0,2.06132e+08
103.622,103.622,5.16778,0.02,0,3.71312,3.71312,0,0.695741,6.16896,4.3624e+06,2.98533e+06,1.61981e+07,0,0,0,0,60.4922,61.308,5.29236,1,1,1.69344,1.76626,0.072817,1.30835,1.69344,9.06595e+06,3.9903e+06,1.53526e+07,0,0,0,2.06132e+08
103.622,103.622,4.86687,0.02,0,3.61772,3.61772,0,0.695839,6.16896,4.3624e+06,2.98533e+06,1.57819e+07,0,0,0,0,60.7826,61.308,4.31006,1,1,1.68523,1.68523,0,1.30835,1.69344,9.06595e+06,3.9903e+06,1.52782e+07,0,0,0,2.06132e+08
103.622,103.622,5.76737,0.02,0,3.61823,3.61823,0,0.677961,6.16896,4.3624e+06,2.98533e+06,1.57842e+07,0,0,0,0,61.2352,61.308,4.45225,1,1,1.68547,1.68547,0,1.30201,1.69344,9.06595e+06,3.9903e+06,1.52804e+07,0,0,0,2.06132e+08
103.622,103.622,5.77822,0.02,0,3.61875,3.61875,0,0.678057,6.16896,4.3624e+06,2.98533e+06,1.57864e+07,0,0,0,0,61.5346,61.308,4.26324,1,1,1.68571,1.68571,0,1.30219,1.69344,9.06595e+06,3.9903e+06,1.52826e+07,0,0,0,2.06132e+08
103.622,103.622,6.01824,0.02,0,3.61926,3.61926,0,0.678153,6.16896,4.3624e+06,2.98533e+06,1.57887e+07,0,0,0,0,62.3362,61.308,6.47716,1,1,1.68595,1.68595,0,1.30238,1.69344,9.06595e+06,3.9903e+06,1.52847e+07,0,0,0,2.06132e+08
103.622,103.622,5.29681,0.02,0,3.34717,3.34717,0,0.67825,6.16896,4.3624e+06,2.98533e+06,1.46017e+07,0,0,0,0,62.3362,61.308,4.86625,0,1,1.51682,1.51682,0,1.30257,1.69344,9.06595e+06,3.9903e+06,1.37514e+07,0,0,0,2.06132e+08
103.622,103.622,5.76771,0.01,0,3.34764,3.34764,0,0.627259,6.16896,4.3624e+06,2.98533e+06,1.46037e+07,0,0,0,0,62.3362,61.308,4.78596,0,1,1.51703,1.51703,0,1.17189,1.69344,9.06595e+06,3.9903e+06,1.37534e+07,0,0,0,2.06132e+08
103.622,103.622,5.3356,0.02,0,3.34812,3.34812,0,0.627348,6.16896,4.3624e+06,2.98533e+06,1.46058e+07,0,0,0,0,62.3362,61.308,4.51989,0,1,1.51725,1.51725,0,1.17206,1.69344,9.06595e+06,3.9903e+06,1.37553e+07,0,0,0,2.06132e+08
103.622,103.622,7.80853,0.02,0,3.34859,3.34859,0,0.627437,6.16896,4.3624e+06,2.98533e+06,1.46079e+07,0,0,0,0,62.3362,61.308,4.87561,0,1,1.51746,1.51746,0,1.17223,1.69344,9.06595e+06,3.9903e+06,1.37573e+07,0,0,0,2.06132e+08
103.622,103.622,10.3898,0.02,0,3.34907,3.34907,0,0.627527,6.16896,4.3624e+06,2.98533e+06,1.461e+07,0,0,0,0,62.3362,61.308,5.49119,0,1,1.51768,1.51768,0,1.17239,1.69344,9.06595e+06,3.9903e+06,1.37592e+07,0,0,0,2.06132e+08
103.622,103.622,15.4572,0.02,0,3.45446,3.45446,0,0.627616,6.16896,4.3624e+06,2.98533e+06,1.50697e+07,0,0,0,0,62.3362,61.308,20.1649,1,1,1.56697,1.56697,0,1.17256,1.69344,9.06595e+06,3.9903e+06,1.4206e+07,0,0,0,2.06132e+08
103.622,103.622,15.0087,0.02,0,3.45491,3.45491,0,0.647365,6.16896,4.3624e+06,2.98533e+06,1.50717e+07,0,0,0,0,62.3362,61.308,20.3187,1,1,1.56717,1.56717,0,1.21064,1.69344,9.06595e+06,3.9903e+06,1.42079e+07,0,0,0,2.06132e+08
103.622,103.622,9.90795,0.02,0,3.45537,3.45537,0,0.647451,6.16896,4.3624e+06,2.98533e+06,1.50737e+07,0,0,0,0,62.3362,61.308,11.2138,1,1,1.56738,1.56738,0,1.2108,1.69344,9.06595e+06,3.9903e+06,1.42098e+07,0,0,0,2.06132e+08
103.622,103.622,8.96164,0.01,0,3.45583,3.45583,0,0.647536,6.16896,4.3624e+06,2.98533e+06,1.50757e+07,0,0,0,0,62.3362,61.308,9.10748,1,1,1.56759,1.56759,0,1.21096,1.69344,9.06595e+06,3.9903e+06,1.42117e+07,0,0,0,2.06132e+08
103.622,103.622,16.0722,0.01,0,3.7934,3.7934,0,0.647622,6.16896,4.3624e+06,2.98533e+06,1.65483e+07,0,0,0,0,62.3362,61.308,17.56,1,1,1.69344,1.75213,0.0586931,1.21112,1.69344,9.06595e+06,3.9903e+06,1.53526e+07,0,0,0,2.06132e+08
103.622,103.622,16.8977,0.01,0,3.7939,3.7939,0,0.710883,6.16896,4.3624e+06,2.98533e+06,1.65505e+07,0,0,0,0,62.3362,61.308,25.4323,1,1,1.69344,1.75236,0.0589244,1.30835,1.69344,9.06595e+06,3.9903e+06,1.53526e+07,0,0,0,2.06132e+08
103.622,103.622,24.494,0.01,0,3.7944,3.7944,0,0.710977,6.16896,4.3624e+06,2.98533e+06,1.65527e+07,0,0,0,0,62.3362,61.308,32.5817,1,1,1.69344,1.7526,0.0591558,1.30835,1.69344,9.06595e+06,3.9903e+06,1.53526e+07,0,0,0,2.06132e+08
103.622,103.622,15.5796,0.01,0,3.7949,3.7949,0,0.711071,6.16896,4.3624e+06,2.98533e+06,1.65549e+07,0,0,0,0,62.3362,61.308,24.2602,1,1,1.69344,1.75283,0.059387,1.30835,1.69344,9.06595e+06,3.9903e+06,1.53526e+07,0,0,0,2.06132e+08
103.622,103.622,10.7599,0.01,0,3.31431,3.31431,0,0.711165,6.16896,4.3624e+06,2.98533e+06,1.44583e+07,0,0,0,0,62.3362,61.308,12.794,0,1,1.50554,1.50554,0,1.30835,1.69344,9.06595e+06,3.9903e+06,1.36492e+07,0,0,0,2.06132e+08
103.622,103.622,7.80348,0.01,0,3.31475,3.31475,0,0.621102,6.16896,4.3624e+06,2.98533e+06,1.44603e+07,0,0,0,0,62.3362,61.308,13.045,0,1,1.50574,1.50574,0,1.16318,1.69344,9.06595e+06,3.9903e+06,1.3651e+07,0,0,0,2.06132e+08
103.622,103.622,7.92469,0.01,0,3.31519,3.31519,0,0.621184,6.16896,4.3624e+06,2.98533e+06,1.44622e+07,0,0,0,0,62.3362,61.308,12.314,0,1,1.50594,1.50594,0,1.16334,1.69344,9.06595e+06,3.9903e+06,1.36528e+07,0,0,0,2.06132e+08
103.622,103.622,7.13697,0.01,0,3.31562,3.31562,0,0.621266,6.16896,4.3624e+06,2.98533e+06,1.44641e+07,0,0,0,0,62.3362,61.308,11.5083,0,1,1.50614,1.50614,0,1.16349,1.69344,9.06595e+06,3.9903e+06,1.36546e+07,0,0,0,2.06132e+08
103.622,103.622,7.94564,0.01,0,3.31606,3.31606,0,0.621348,6.16896,4.3624e+06,2.98533e+06,1.4466e+07,0,0,0,0,62.3362,61.308,10.6002,0,1,1.50634,1.50634,0,1.16364,1.69344,9.06595e+06,3.9903e+06,1.36564e+07,0,0,0,2.06132e+08
103.622,103.622,5.98596,0.01,0,3.43768,3.43768,0,0.62143,6.16896,4.3624e+06,2.98533e+06,1.49965e+07,0,0,0,0,62.3362,61.308,7.75214,1,1,1.56713,1.56713,0,1.1638,1.69344,9.06595e+06,3.9903e+06,1.42075e+07,0,0,0,2.06132e+08
103.622,103.622,5.75113,0,0,3.43813,3.43813,0,0.644221,6.16896,4.3624e+06,2.98533e+06,1.49985e+07,0,0,0,0,62.3362,61.308,7.79573,1,1,1.56733,1.56733,0,1.21076,1.69344,9.06595e+06,3.9903e+06,1.42094e+07,0,0,0,2.06132e+08
103.622,103.622,7.00801,0,0,3.43858,3.43858,0,0.644306,6.16896,4.3624e+06,2.98533e+06,1.50005e+07,0,0,0,0,62.3362,61.308,9.93115,1,1,1.56754,1.56754,0,1.21092,1.69344,9.06595e+06,3.9903e+06,1.42113e+07,0,0,0,2.06132e+08
103.622,103.622,8.0702,0,0,3.43904,3.43904,0,0.644391,6.16896,4.3624e+06,2.98533e+06,1.50025e+07,0,0,0,0,62.3362,61.308,11.702,1,1,1.56775,1.56775,0,1.21108,1.69344,9.06595e+06,3.9903e+06,1.42131e+07,0,0,0,2.06132e+08
103.622,103.622,7.8501,0,0,3.39209,3.39209,0,0.644476,6.16896,4.3624e+06,2.98533e+06,1.47976e+07,0,0,0,0,62.3362,61.308,9.47068,1,1,1.54441,1.54441,0,1.21124,1.69344,9.06595e+06,3.9903e+06,1.40015e+07,0,0,0,2.06132e+08
103.622,103.622,6.21662,0,0,3.39253,3.39253,0,0.635677,6.16896,4.3624e+06,2.98533e+06,1.47996e+07,0,0,0,0,62.3362,61.308,7.79509,1,1,1.54461,1.54461,0,1.19321,1.69344,9.06595e+06,3.9903e+06,1.40034e+07,0,0,0,2.06132e+08
103.622,103.622,5.49758,0,0,3.39298,3.39298,0,0.635761,6.16896,4.3624e+06,2.98533e+06,1.48015e+07,0,0,0,0,62.3362,61.308,6.87482,1,1,1.54482,1.54482,0,1.19337,1.69344,9.06595e+06,3.9903e+06,1.40052e+07,0,0,0,2.06132e+08
103.622,103.622,5.05013,0,0,3.39343,3.39343,0,0.635845,6.16896,4.3624e+06,2.98533e+06,1.48035e+07,0,0,0,0,62.3362,61.308,6.32022,1,1,1.54502,1.54502,0,1.19353,1.69344,9.06595e+06,3.9903e+06,1.40071e+07,0,0,0,2.06132e+08
103.622,103.622,4.81734,0,0,3.55487,3.55487,0,0.635929,6.16896,4.3624e+06,2.98533e+06,1.55078e+07,0,0,0,0,62.3362,61.308,6.38651,1,1,1.62877,1.62877,0,1.19368,1.69344,9.06595e+06,3.9903e+06,1.47663e+07,0,0,0,2.06132e+08
103.622,103.622,5.04888,0,0,3.55534,3.55534,0,0.666183,6.16896,4.3624e+06,2.98533e+06,1.55098e+07,0,0,0,0,62.3362,61.308,6.3614,1,1,1.62898,1.62898,0,1.25839,1.69344,9.06595e+06,3.9903e+06,1.47683e+07,0,0,0,2.06132e+08
103.622,103.622,4.75545,0.01,0,3.55581,3.55581,0,0.666271,6.16896,4.3624e+06,2.98533e+06,1.55119e+07,0,0,0,0,62.3362,61.308,5.43647,1,1,1.6292,1.6292,0,1.25855,1.69344,9.06595e+06,3.9903e+06,1.47702e+07,0,0,0,2.06132e+08
103.622,103.622,4.56849,0.01,0,3.55628,3.55628,0,0.666359,6.16896,4.3624e+06,2.98533e+06,1.55139e+07,0,0,0,0,62.3362,61.308,5.04998,1,1,1.62941,1.62941,0,1.25872,1.69344,9.06595e+06,3.9903e+06,1.47722e+07,0,0,0,2.06132e+08
103.622,103.622,4.21936,0.01,0,3.55675,3.55675,0,0.666447,6.16896,4.3624e+06,2.98533e+06,1.5516e+07,0,0,0,0,62.3362,61.308,5.07004,1,1,1.62963,1.62963,0,1.25888,1.69344,9.06595e+06,3.9903e+06,1.47741e+07,0,0,0,2.06132e+08
103.544,103.622,3.34326,0.01,0,3.52536,3.52536,0,0.666535,6.16896,4.3624e+06,2.98533e+06,1.5379e+07,0,0,0,0,62.3362,61.308,5.0318,1,1,1.67579,1.67579,0,1.25905,1.69344,9.06595e+06,3.9903e+06,1.51926e+07,0,0,0,2.06132e+08
103.184,103.622,3.01539,0.02,0,3.52582,3.52582,0,0.660652,6.16896,4.3624e+06,2.98533e+06,1.5381e+07,0,0,0,0,62.3362,61.308,4.85902,1,1,1.67601,1.67601,0,1.29471,1.69344,9.06595e+06,3.9903e+06,1.51946e+07,0,0,0,2.06132e+08
102.663,103.622,2.82733,0.02,0,3.52629,3.52629,0,0.660739,6.16896,4.3624e+06,2.98533e+06,1.53831e+07,0,0,0,0,62.3362,61.308,4.36346,1,1,1.67623,1.67623,0,1.29489,1.69344,9.06595e+06,3.9903e+06,1.51966e+07,0,0,0,2.06132e+08
102.074,103.622,2.73269,0.02,0,3.52675,3.52675,0,0.660826,6.16896,4.3624e+06,2.98533e+06,1.53851e+07,0,0,0,0,62.3362,61.308,4.14785,1,1,1.67645,1.67645,0,1.29506,1.69344,9.06595e+06,3.9903e+06,1.51986e+07,0,0,0,2.06132e+08
101.284,103.622,2.55591,0.02,0,3.60954,3.60954,0,0.660913,6.16896,4.3624e+06,2.98533e+06,1.57462e+07,0,0,0,0,62.3362,61.308,3.62393,1,1,1.69344,1.71764,0.0242034,1.29523,1.69344,9.06595e+06,3.9903e+06,1.53526e+07,0,0,0,2.06132e+08
100.26,103.622,2.25657,0.02,0,3.61001,3.61001,0,0.676427,6.16896,4.3624e+06,2.98533e+06,1.57483e+07,0,0,0,0,62.3362,61.308,3.35857,1,1,1.69344,1.71787,0.0244299,1.30835,1.69344,9.06595e+06,3.9903e+06,1.53526e+07,0,0,0,2.06132e+08
99.1045,103.622,2.07825,0.02,0,3.61049,3.61049,0,0.676516,6.16896,4.3624e+06,2.98533e+06,1.57504e+07,0,0,0,0,62.3362,61.308,3.00648,1,1,1.69344,1.7181,0.0246564,1.30835,1.69344,9.06595e+06,3.9903e+06,1.53526e+07,0,0,0,2.06132e+08
98.0063,103.622,2.15821,0.02,0,3.61096,3.61096,0,0.676605,6.16896,4.3624e+06,2.98533e+06,1.57525e+07,0,0,0,0,62.3362,61.308,3.38603,1,1,1.69344,1.71832,0.0248829,1.30835,1.69344,9.06595e+06,3.9903e+06,1.53526e+07,0,0,0,2.06132e+08
96.842,103.622,2.25606,0.02,0,3.85263,3.85263,0,0.676695,6.16896,4.3624e+06,2.98533e+06,1.68067e+07,0,0,0,0,62.3362,61.308,3.55771,1,1,1.69344,1.86651,0.173069,1.30835,1.69344,9.06595e+06,3.9903e+06,1.53526e+07,0,0,0,2.06132e+08
94.9956,103.622,1.47218,0.03,0,3.85314,3.85314,0,0.721983,6.16896,4.3624e+06,2.98533e+06,1.68089e+07,0,0,0,0,62.2811,61.308,3.59705,1,1,1.69344,1.86676,0.173315,1.30835,1.69344,9.06595e+06,3.9903e+06,1.53526e+07,0,0,0,2.06132e+08
93.1978,103.622,1.49348,0.04,0,3.85365,3.85365,0,0.722079,6.16896,4.3624e+06,2.98533e+06,1.68112e+07,0,0,0,0,62.1864,61.308,3.44912,1,1,1.69344,1.867,0.173561,1.30835,1.69344,9.06595e+06,3.9903e+06,1.53526e+07,0,0,0,2.06132e+08
92.0015,103.622,2.1229,0.07,0,3.85416,3.85416,0,0.722174,6.16896,4.3624e+06,2.98533e+06,1.68134e+07,0,0,0,0,62.2583,61.308,4.13656,1,1,1.69344,1.86725,0.173807,1.30835,1.69344,9.06595e+06,3.9903e+06,1.53526e+07,0,0,0,2.06132e+08
91.5542,103.622,2.95648,0.08,0,3.85466,3.85466,0,0.722269,6.16896,4.3624e+06,2.98533e+06,1.68156e+07,0,0,0,0,62.3362,61.308,4.59372,1,1,1.69344,1.86749,0.174054,1.30835,1.69344,9.06595e+06,3.9903e+06,1.53526e+07,0,0,0,2.06132e+08
90.0524,103.622,1.73749,0.08,0,3.73755,3.73755,0,0.722364,6.16896,4.3624e+06,2.98533e+06,1.63047e+07,0,0,0,0,62.3362,61.308,4.36404,1,1,1.69344,1.77787,0.0844345,1.30835,1.69344,9.06595e+06,3.9903e+06,1.53526e+07,0,0,0,2.06132e+08
88.3824,103.622,1.53149,0.08,0,3.73804,3.73804,0,0.700416,6.16896,4.3624e+06,2.98533e+06,1.63068e+07,0,0,0,0,62.3362,61.308,4.35924,1,1,1.69344,1.77811,0.0846688,1.30835,1.69344,9.06595e+06,3.9903e+06,1.53526e+07,0,0,0,2.06132e+08
86.49,103.622,1.27603,0.07,0,3.73853,3.73853,0,0.700509,6.16896,4.3624e+06,2.98533e+06,1.6309e+07,0,0,0,0,62.189,61.308,3.69983,1,1,1.69344,1.77834,0.0849032,1.30835,1.69344,9.06595e+06,3.9903e+06,1.53526e+07,0,0,0,2.06132e+08
84.8991,103.622,1.59105,0.06,0,3.73902,3.73902,0,0.700601,6.16896,4.3624e+06,2.98533e+06,1.63111e+07,0,0,0,0,62.0493,61.308,3.85907,1,1,1.69344,1.77858,0.0851376,1.30835,1.69344,9.06595e+06,3.9903e+06,1.53526e+07,0,0,0,2.06132e+08
86.9875,103.622,5.67935,0.05,0,3.64292,3.64292,0,0.700693,6.16896,4.3624e+06,2.98533e+06,1.58919e+07,0,0,0,0,62.3362,61.308,8.01807,1,1,1.69344,1.69697,0.00352891,1.30835,1.69344,9.06595e+06,3.9903e+06,1.53526e+07,0,0,0,2.06132e+08
87.993,103.622,4.78888,0.04,0,3.6434,3.6434,0,0.682683,6.16896,4.3624e+06,2.98533e+06,1.58939e+07,0,0,0,0,62.3362,61.308,8.2446,1,1,1.69344,1.69719,0.00375255,1.30835,1.69344,9.06595e+06,3.9903e+06,1.53526e+07,0,0,0,2.06132e+08
90.1689,103.622,6.04722,0.03,0,3.64388,3.64388,0,0.682773,6.16896,4.3624e+06,2.98533e+06,1.5896e+07,0,0,0,0,62.3362,61.308,8.75312,1,1,1.69344,1.69742,0.00397619,1.30835,1.69344,9.06595e+06,3.9903e+06,1.53526e+07,0,0,0,2.06132e+08
93.297,103.622,7.13542,0.03,0,3.64436,3.64436,0,0.682863,6.16896,4.3624e+06,2.98533e+06,1.58981e+07,0,0,0,0,62.3362,61.308,10.0061,1,1,1.69344,1.69764,0.00419982,1.30835,1.69344,9.06595e+06,3.9903e+06,1.53526e+07,0,0,0,2.06132e+08
95.0071,103.622,5.27774,0.02,0,3.37034,3.37034,0,0.682952,6.16896,4.3624e+06,2.98533e+06,1.47028e+07,0,0,0,0,62.3362,61.308,7.30954,1,1,1.52732,1.52732,0,1.30835,1.69344,9.06595e+06,3.9903e+06,1.38466e+07,0,0,0,2.06132e+08
100.415,103.622,9.47629,0.02,0,3.37078,3.37078,0,0.631602,6.16896,4.3624e+06,2.98533e+06,1.47047e+07,0,0,0,0,62.3362,61.308,12.2902,1,1,1.52752,1.52752,0,1.18001,1.69344,9.06595e+06,3.9903e+06,1.38484e+07,0,0,0,2.06132e+08
103.622,103.622,14.2551,0.02,0,3.37123,3.37123,0,0.631685,6.16896,4.3624e+06,2.98533e+06,1.47066e+07,0,0,0,0,62.3362,61.308,12.0753,1,1,1.52772,1.52772,0,1.18016,1.69344,9.06595e+06,3.9903e+06,1.38502e+07,0,0,0,2.06132e+08
103.622,103.622,17.6094,0.01,0,3.37167,3.37167,0,0.631768,6.16896,4.3624e+06,2.98533e+06,1.47086e+07,0,0,0,0,62.3362,61.308,14.923,1,1,1.52792,1.52792,0,1.18032,1.69344,9.06595e+06,3.9903e+06,1.38521e+07,0,0,0,2.06132e+08
103.622,103.622,11.4846,0.02,0,3.37212,3.37212,0,0.631851,6.16896,4.3624e+06,2.98533e+06,1.47105e+07,0,0,0,0,62.3362,61.308,9.81713,1,1,1.52812,1.52812,0,1.18047,1.69344,9.06595e+06,3.9903e+06,1.38539e+07,0,0,0,2.06132e+08
103.622,103.622,6.75824,0.02,0,3.37212,3.37212,0,0.631934,6.16896,4.3624e+06,2.98533e+06,1.47105e+07,0,0,0,0,62.3362,61.308,6.81345,1,1,1.52812,1.52812,0,1.18063,1.69344,9.06595e+06,3.9903e+06,1.38539e+07,0,0,0,2.06132e+08
103.622,103.622,5.12724,0.02,0,3.47819,3.47819,0,0.631934,6.16896,4.3624e+06,2.98533e+06,1.51733e+07,0,0,0,0,62.3362,61.308,5.95582,1,1,1.57773,1.57773,0,1.18063,1.69344,9.06595e+06,3.9903e+06,1.43037e+07,0,0,0,3.10957e+08
103.622,103.622,4.22207,0.02,0,3.47862,3.47862,0,0.651813,6.16896,4.3624e+06,2.98533e+06,1.51751e+07,0,0,0,0,62.3362,61.308,4.57411,1,1,1.57792,1.57792,0,1.21896,1.69344,9.06595e+06,3.9903e+06,1.43054e+07,0,0,0,3.10957e+08
103.622,103.622,5.45783,0.02,0,3.47904,3.47904,0,0.651893,6.16896,4.3624e+06,2.98533e+06,1.5177e+07,0,0,0,0,62.3362,61.308,4.86369,1,1,1.57812,1.57812,0,1.2191,1.69344,9.06595e+06,3.9903e+06,1.43071e+07,0,0,0,3.10957e+08
103.622,103.622,3.63304,0.01,0,3.47946,3.47946,0,0.651972,6.16896,4.3624e+06,2.98533e+06,1.51788e+07,0,0,0,0,62.3362,61.308,4.18757,1,1,1.57831,1.57831,0,1.21925,1.69344,9.06595e+06,3.9903e+06,1.43089e+07,0,0,0,3.10957e+08
103.439,103.622,3.61559,0.01,0,3.81931,3.81931,0,0.652052,6.16896,4.3624e+06,2.98533e+06,1.66613e+07,0,0,0,0,62.3362,61.308,4.19046,1,1,1.69344,1.7641,0.0706598,1.2194,1.69344,9.06595e+06,3.9903e+06,1.53526e+07,0,0,0,3.10957e+08
103.622,103.622,5.16472,0.04,0,3.81977,3.81977,0,0.715738,6.16896,4.3624e+06,2.98533e+06,1.66634e+07,0,0,0,0,62.3362,61.308,4.92566,1,1,1.69344,1.76431,0.0708748,1.30835,1.69344,9.06595e+06,3.9903e+06,1.53526e+07,0,0,0,3.10957e+08
103.193,103.622,3.36337,0.01,0,3.82024,3.82024,0,0.715826,6.16896,4.3624e+06,2.98533e+06,1.66654e+07,0,0,0,0,62.3362,61.308,3.92652,1,1,1.69344,1.76453,0.0710896,1.30835,1.69344,9.06595e+06,3.9903e+06,1.53526e+07,0,0,0,3.10957e+08
103.622,103.622,4.52436,0.04,0,3.8207,3.8207,0,0.715913,6.16896,4.3624e+06,2.98533e+06,1.66674e+07,0,0,0,0,62.3362,61.308,4.61576,1,1,1.69344,1.76474,0.0713045,1.30835,1.69344,9.06595e+06,3.9903e+06,1.53526e+07,0,0,0,3.10957e+08
103.622,103.622,7.22303,0.01,0,3.33681,3.33681,0,0.716,6.16896,4.3624e+06,2.98533e+06,1.45565e+07,0,0,0,0,62.3362,61.308,6.5385,0,1,1.51576,1.51576,0,1.30835,1.69344,9.06595e+06,3.9903e+06,1.37418e+07,0,0,0,3.10957e+08
103.622,103.622,6.05948,0.01,0,3.33722,3.33722,0,0.625318,6.16896,4.3624e+06,2.98533e+06,1.45583e+07,0,0,0,0,62.3362,61.308,5.74348,0,1,1.51595,1.51595,0,1.17108,1.69344,9.06595e+06,3.9903e+06,1.37435e+07,0,0,0,3.10957e+08
103.622,103.622,6.2454,0.01,0,3.33762,3.33762,0,0.625395,6.16896,4.3624e+06,2.98533e+06,1.456e+07,0,0,0,0,62.3362,61.308,6.19614,0,1,1.51613,1.51613,0,1.17122,1.69344,9.06595e+06,3.9903e+06,1.37452e+07,0,0,0,3.10957e+08
103.622,103.622,8.28367,0.01,0,3.33803,3.33803,0,0.625471,6.16896,4.3624e+06,2.98533e+06,1.45618e+07,0,0,0,0,62.3362,61.308,6.80661,0,1,1.51632,1.51632,0,1.17136,1.69344,9.06595e+06,3.9903e+06,1.37469e+07,0,0,0,3.10957e+08
103.622,103.622,4.80749,0.01,0,3.33844,3.33844,0,0.625547,6.16896,4.3624e+06,2.98533e+06,1.45636e+07,0,0,0,0,62.3362,61.308,5.13295,0,1,1.5165,1.5165,0,1.17151,1.69344,9.06595e+06,3.9903e+06,1.37485e+07,0,0,0,3.10957e+08
103.622,103.622,4.70009,0.01,0,3.46084,3.46084,0,0.625623,6.16896,4.3624e+06,2.98533e+06,1.50976e+07,0,0,0,0,62.3362,61.308,4.82994,1,1,1.57769,1.57769,0,1.17165,1.69344,9.06595e+06,3.9903e+06,1.43032e+07,0,0,0,3.10957e+08
103.622,103.622,3.77447,0,0,3.46126,3.46126,0,0.648561,6.16896,4.3624e+06,2.98533e+06,1.50994e+07,0,0,0,0,62.3362,61.308,4.3408,1,1,1.57788,1.57788,0,1.21892,1.69344,9.06595e+06,3.9903e+06,1.4305e+07,0,0,0,3.10957e+08
103.622,103.622,3.67524,0,0,3.46168,3.46168,0,0.64864,6.16896,4.3624e+06,2.98533e+06,1.51012e+07,0,0,0,0,62.3362,61.308,4.64807,1,1,1.57807,1.57807,0,1.21907,1.69344,9.06595e+06,3.9903e+06,1.43067e+07,0,0,0,3.10957e+08
103.503,103.622,3.32965,0,0,3.4621,3.4621,0,0.648719,6.16896,4.3624e+06,2.98533e+06,1.51031e+07,0,0,0,0,62.3362,61.308,3.42116,1,1,1.57826,1.57826,0,1.21922,1.69344,9.06595e+06,3.9903e+06,1.43085e+07,0,0,0,3.10957e+08
102.905,103.622,2.7232,0.01,0,3.4148,3.4148,0,0.648798,6.16896,4.3624e+06,2.98533e+06,1.48967e+07,0,0,0,0,62.234,61.308,2.43022,1,1,1.55475,1.55475,0,1.21937,1.69344,9.06595e+06,3.9903e+06,1.40953e+07,0,0,0,3.10957e+08
102.273,103.622,2.66039,0.02,0,3.41522,3.41522,0,0.639934,6.16896,4.3624e+06,2.98533e+06,1.48985e+07,0,0,0,0,62.1703,61.308,2.61115,1,1,1.55494,1.55494,0,1.2012,1.69344,9.06595e+06,3.9903e+06,1.4097e+07,0,0,0,3.10957e+08
101.482,103.622,2.47072,0.01,0,3.41563,3.41563,0,0.640012,6.16896,4.3624e+06,2.98533e+06,1.49004e+07,0,0,0,0,62.0552,61.308,2.37821,1,1,1.55513,1.55513,0,1.20135,1.69344,9.06595e+06,3.9903e+06,1.40987e+07,0,0,0,3.10957e+08
100.747,103.622,2.51235,0.01,0,3.41605,3.41605,0,0.64009,6.16896,4.3624e+06,2.98533e+06,1.49022e+07,0,0,0,0,61.9574,61.308,2.30597,1,1,1.55532,1.55532,0,1.20149,1.69344,9.06595e+06,3.9903e+06,1.41004e+07,0,0,0,3.10957e+08
99.6666,103.622,2.25659,0.01,0,3.57853,3.57853,0,0.640167,6.16896,4.3624e+06,2.98533e+06,1.5611e+07,0,0,0,0,61.7976,61.308,2.27662,1,1,1.63961,1.63961,0,1.20164,1.69344,9.06595e+06,3.9903e+06,1.48646e+07,0,0,0,3.10957e+08
98.3975,103.622,1.98002,0.02,0,3.57897,3.57897,0,0.670617,6.16896,4.3624e+06,2.98533e+06,1.56129e+07,0,0,0,0,61.505,61.308,2.10971,1,1,1.63981,1.63981,0,1.26676,1.69344,9.06595e+06,3.9903e+06,1.48664e+07,0,0,0,3.10957e+08
97.0765,103.622,1.90112,0.02,0,3.5794,3.5794,0,0.670698,6.16896,4.3624e+06,2.98533e+06,1.56148e+07,0,0,0,0,61.2388,61.308,2.12893,1,1,1.64001,1.64001,0,1.26691,1.69344,9.06595e+06,3.9903e+06,1.48682e+07,0,0,0,3.10957e+08
95.6978,103.622,1.81495,0.02,0,3.57984,3.57984,0,0.67078,6.16896,4.3624e+06,2.98533e+06,1.56167e+07,0,0,0,0,60.9752,61.308,2.0628,1,1,1.64021,1.64021,0,1.26707,1.69344,9.06595e+06,3.9903e+06,1.487e+07,0,0,0,3.10957e+08
94.1121,103.622,1.55825,0.02,0,3.58027,3.58027,0,0.670862,6.16896,4.3624e+06,2.98533e+06,1.56186e+07,0,0,0,0,60.7051,61.308,2.15853,1,1,1.64041,1.64041,0,1.26722,1.69344,9.06595e+06,3.9903e+06,1.48718e+07,0,0,0,3.10957e+08
92.4964,103.622,1.42271,0.02,0,3.54864,3.54864,0,0.670943,6.16896,4.3624e+06,2.98533e+06,1.54806e+07,0,0,0,0,60.3278,61.308,2.19283,1,1,1.68686,1.68686,0,1.26738,1.69344,9.06595e+06,3.9903e+06,1.5293e+07,0,0,0,3.10957e+08
90.8603,103.622,1.35518,0.03,0,3.54907,3.54907,0,0.665015,6.16896,4.3624e+06,2.98533e+06,1.54825e+07,0,0,0,0,59.9079,61.308,2.13008,1,1,1.68706,1.68706,0,1.30326,1.69344,9.06595e+06,3.9903e+06,1.52948e+07,0,0,0,3.10957e+08
89.223,103.622,1.32757,0.04,0,3.5495,3.5495,0,0.665096,6.16896,4.3624e+06,2.98533e+06,1.54843e+07,0,0,0,0,59.4464,61.308,2.05969,1,1,1.68727,1.68727,0,1.30342,1.69344,9.06595e+06,3.9903e+06,1.52967e+07,0,0,0,3.10957e+08
87.5314,103.622,1.23482,0.04,0,3.54993,3.54993,0,0.665177,6.16896,4.3624e+06,2.98533e+06,1.54862e+07,0,0,0,0,58.9525,61.308,1.98636,1,1,1.68747,1.68747,0,1.30358,1.69344,9.06595e+06,3.9903e+06,1.52985e+07,0,0,0,3.10957e+08
85.8151,103.622,1.22691,0.05,0,3.63322,3.63322,0,0.665258,6.16896,4.3624e+06,2.98533e+06,1.58496e+07,0,0,0,0,58.3975,61.308,1.84181,1,1,1.69344,1.72892,0.0354759,1.30374,1.69344,9.06595e+06,3.9903e+06,1.53526e+07,0,0,0,3.10957e+08
83.9852,103.622,1.07999,0.05,0,3.63367,3.63367,0,0.680866,6.16896,4.3624e+06,2.98533e+06,1.58515e+07,0,0,0,0,57.8205,61.308,1.69561,1,1,1.69344,1.72913,0.0356862,1.30835,1.69344,9.06595e+06,3.9903e+06,1.53526e+07,0,0,0,3.10957e+08
82.1114,103.622,1.00087,0.06,0,3.63411,3.63411,0,0.680949,6.16896,4.3624e+06,2.98533e+06,1.58534e+07,0,0,0,0,57.2372,61.308,1.61966,1,1,1.69344,1.72934,0.0358966,1.30835,1.69344,9.06595e+06,3.9903e+06,1.53526e+07,0,0,0,3.10957e+08
80.138,103.622,0.84713,0.13,0,3.63455,3.63455,0,0.681032,6.16896,4.3624e+06,2.98533e+06,1.58554e+07,0,0,0,0,56.637,61.308,1.61004,1,1,1.69344,1.72955,0.036107,1.30835,1.69344,9.06595e+06,3.9903e+06,1.53526e+07,0,0,0,3.10957e+08
77.8329,103.622,0.621972,0.12,0,3.87776,3.87776,0,0.681115,6.16896,4.3624e+06,2.98533e+06,1.69163e+07,0,0,0,0,55.9387,61.308,1.55951,1,1,1.69344,1.87868,0.185242,1.30835,1.69344,9.06595e+06,3.9903e+06,1.53526e+07,0,0,0,3.10957e+08
75.5211,103.622,0.560803,0.14,0,3.87823,3.87823,0,0.726692,6.16896,4.3624e+06,2.98533e+06,1.69184e+07,0,0,0,0,55.3006,61.308,1.45956,1,1,1.69344,1.87891,0.185471,1.30835,1.69344,9.06595e+06,3.9903e+06,1.53526e+07,0,0,0,3.10957e+08
73.4405,103.622,0.749873,0.12,0,3.8787,3.8787,0,0.72678,6.16896,4.3624e+06,2.98533e+06,1.69204e+07,0,0,0,0,54.6948,61.308,1.64847,1,1,1.69344,1.87914,0.185699,1.30835,1.69344,9.06595e+06,3.9903e+06,1.53526e+07,0,0,0,3.10957e+08
71.6855,103.622,1.08333,0.11,0,3.87917,3.87917,0,0.726869,6.16896,4.3624e+06,2.98533e+06,1.69225e+07,0,0,0,0,54.2031,61.308,1.92057,1,1,1.69344,1.87937,0.185928,1.30835,1.69344,9.06595e+06,3.9903e+06,1.53526e+07,0,0,0,3.10957e+08
69.9961,103.622,1.11616,0.17,0,3.87965,3.87965,0,0.726957,6.16896,4.3624e+06,2.98533e+06,1.69246e+07,0,0,0,0,53.7235,61.308,1.92398,1,1,1.69344,1.8796,0.186156,1.30835,1.69344,9.06595e+06,3.9903e+06,1.53526e+07,0,0,0,3.10957e+08
68.2064,103.622,0.931333,0.16,0,3.76173,3.76173,0,0.727046,6.16896,4.3624e+06,2.98533e+06,1.64102e+07,0,0,0,0,53.3092,61.308,2.15847,1,1,1.69344,1.78938,0.0959383,1.30835,1.69344,9.06595e+06,3.9903e+06,1.53526e+07,0,0,0,3.10957e+08
66.6212,103.622,1.1261,0.15,0,3.76219,3.76219,0,0.704948,6.16896,4.3624e+06,2.98533e+06,1.64122e+07,0,0,0,0,53.1641,61.308,3.05495,1,1,1.69344,1.7896,0.096156,1.30835,1.69344,9.06595e+06,3.9903e+06,1.53526e+07,0,0,0,3.10957e+08
65.0109,103.622,1.03329,0.15,0,3.76265,3.76265,0,0.705034,6.16896,4.3624e+06,2.98533e+06,1.64142e+07,0,0,0,0,52.9047,61.308,2.88557,1,1,1.69344,1.78981,0.0963735,1.30835,1.69344,9.06595e+06,3.9903e+06,1.53526e+07,0,0,0,3.10957e+08
63.5387,103.622,1.1645,0.16,0,3.7631,3.7631,0,0.70512,6.16896,4.3624e+06,2.98533e+06,1.64162e+07,0,0,0,0,52.8746,61.308,3.83132,1,1,1.69344,1.79003,0.0965912,1.30835,1.69344,9.06595e+06,3.9903e+06,1.53526e+07,0,0,0,3.10957e+08
62.4435,103.622,1.51298,0.14,0,3.66634,3.66634,0,0.705206,6.16896,4.3624e+06,2.98533e+06,1.5994e+07,0,0,0,0,52.7437,61.308,2.84257,1,1,1.69344,1.70788,0.0144397,1.30835,1.69344,9.06595e+06,3.9903e+06,1.53526e+07,0,0,0,3.10957e+08
61.9434,103.622,2.23088,0.14,0,3.66679,3.66679,0,0.687072,6.16896,4.3624e+06,2.98533e+06,1.5996e+07,0,0,0,0,53.0897,61.308,4.5492,1,1,1.69344,1.70809,0.0146473,1.30835,1.69344,9.06595e+06,3.9903e+06,1.53526e+07,0,0,0,3.10957e+08
63.296,103.622,4.29863,0.17,0,3.66723,3.66723,0,0.687156,6.16896,4.3624e+06,2.98533e+06,1.59979e+07,0,0,0,0,54.3135,61.308,5.98961,1,1,1.69344,1.7083,0.0148551,1.30835,1.69344,9.06595e+06,3.9903e+06,1.53526e+07,0,0,0,3.10957e+08
64.7398,103.622,4.29484,0.14,0,3.66768,3.66768,0,0.687239,6.16896,4.3624e+06,2.98533e+06,1.59999e+07,0,0,0,0,55.0841,61.308,5.79683,1,1,1.69344,1.7085,0.0150628,1.30835,1.69344,9.06595e+06,3.9903e+06,1.53526e+07,0,0,0,3.10957e+08
67.2976,103.622,5.29512,0.14,0,3.39187,3.39187,0,0.687323,6.16896,4.3624e+06,2.98533e+06,1.47967e+07,0,0,0,0,55.8237,61.308,4.7939,1,1,1.53708,1.53708,0,1.30835,1.69344,9.06595e+06,3.9903e+06,1.39351e+07,0,0,0,3.10957e+08
69.3617,103.622,4.86534,0.15,0,3.39228,3.39228,0,0.635637,6.16896,4.3624e+06,2.98533e+06,1.47985e+07,0,0,0,0,56.5415,61.308,4.33361,1,1,1.53726,1.53726,0,1.18755,1.69344,9.06595e+06,3.9903e+06,1.39368e+07,0,0,0,3.10957e+08
70.5812,103.622,4.12367,0.15,0,3.3927,3.3927,0,0.635714,6.16896,4.3624e+06,2.98533e+06,1.48003e+07,0,0,0,0,57.062,61.308,5.30269,1,1,1.53745,1.53745,0,1.18769,1.69344,9.06595e+06,3.9903e+06,1.39384e+07,0,0,0,3.10957e+08
70.5049,103.622,2.69413,0.16,0,3.39311,3.39311,0,0.635791,6.16896,4.3624e+06,2.98533e+06,1.48021e+07,0,0,0,0,57.0726,61.308,2.85195,1,1,1.53764,1.53764,0,1.18783,1.69344,9.06595e+06,3.9903e+06,1.39401e+07,0,0,0,3.10957e+08
70.9022,103.622,3.37857,0.17,0,3.39352,3.39352,0,0.635868,6.16896,4.3624e+06,2.98533e+06,1.48039e+07,0,0,0,0,57.3385,61.308,4.05013,1,1,1.53782,1.53782,0,1.18798,1.69344,9.06595e+06,3.9903e+06,1.39418e+07,0,0,0,3.10957e+08
73.1757,103.622,5.42455,0.17,0,3.50024,3.50024,0,0.635946,6.16896,4.3624e+06,2.98533e+06,1.52694e+07,0,0,0,0,58.0945,61.308,6.40911,1,1,1.58773,1.58773,0,1.18812,1.69344,9.06595e+06,3.9903e+06,1.43943e+07,0,0,0,3.10957e+08
75.6142,103.622,5.69051,0.09,0,3.50063,3.50063,0,0.655944,6.16896,4.3624e+06,2.98533e+06,1.52711e+07,0,0,0,0,58.9303,61.308,5.99136,1,1,1.58791,1.58791,0,1.22668,1.69344,9.06595e+06,3.9903e+06,1.43959e+07,0,0,0,3.10957e+08
75.9003,103.622,3.32327,0.1,0,3.50102,3.50102,0,0.656018,6.16896,4.3624e+06,2.98533e+06,1.52728e+07,0,0,0,0,59.2867,61.308,4.45813,1,1,1.58809,1.58809,0,1.22682,1.69344,9.06595e+06,3.9903e+06,1.43975e+07,0,0,0,3.10957e+08
75.6223,103.622,2.75749,0.1,0,3.50141,3.50141,0,0.656091,6.16896,4.3624e+06,2.98533e+06,1.52745e+07,0,0,0,0,59.5667,61.308,4.31313,1,1,1.58826,1.58826,0,1.22696,1.69344,9.06595e+06,3.9903e+06,1.43991e+07,0,0,0,3.10957e+08
74.32,103.622,1.85851,0.1,0,3.84336,3.84336,0,0.656164,6.16896,4.3624e+06,2.98533e+06,1.67663e+07,0,0,0,0,59.8192,61.308,3.9025,1,1,1.69344,1.77521,0.0817686,1.22709,1.69344,9.06595e+06,3.9903e+06,1.53526e+07,0,0,0,3.10957e+08
76.8286,103.622,5.92501,0.09,0,3.84379,3.84379,0,0.720245,6.16896,4.3624e+06,2.98533e+06,1.67681e+07,0,0,0,0,60.3975,61.308,5.79269,1,1,1.69344,1.77541,0.0819671,1.30835,1.69344,9.06595e+06,3.9903e+06,1.53526e+07,0,0,0,3.10957e+08
76.6396,103.622,3.05156,0.09,0,3.84422,3.84422,0,0.720326,6.16896,4.3624e+06,2.98533e+06,1.677e+07,0,0,0,0,60.3599,61.308,3.49185,1,1,1.69344,1.77561,0.0821654,1.30835,1.69344,9.06595e+06,3.9903e+06,1.53526e+07,0,0,0,3.10957e+08
76.0866,103.622,2.59409,0.1,0,3.84465,3.84465,0,0.720406,6.16896,4.3624e+06,2.98533e+06,1.67719e+07,0,0,0,0,60.1703,61.308,2.85562,1,1,1.69344,1.7758,0.0823638,1.30835,1.69344,9.06595e+06,3.9903e+06,1.53526e+07,0,0,0,3.10957e+08
82.4575,103.622,10.1972,0.1,0,3.35769,3.35769,0,0.720487,6.16896,4.3624e+06,2.98533e+06,1.46476e+07,0,0,0,0,62.1986,61.308,9.2515,1,1,1.52525,1.52525,0,1.30835,1.69344,9.06595e+06,3.9903e+06,1.38278e+07,0,0,0,3.10957e+08
86.448,103.622,7.47421,0.1,0,3.35806,3.35806,0,0.629231,6.16896,4.3624e+06,2.98533e+06,1.46492e+07,0,0,0,0,62.3362,61.308,5.46784,1,1,1.52542,1.52542,0,1.17841,1.69344,9.06595e+06,3.9903e+06,1.38294e+07,0,0,0,3.10957e+08
91.3429,103.622,8.59653,0.04,0,3.35844,3.35844,0,0.629301,6.16896,4.3624e+06,2.98533e+06,1.46509e+07,0,0,0,0,62.3362,61.308,6.10737,1,1,1.52559,1.52559,0,1.17854,1.69344,9.06595e+06,3.9903e+06,1.38309e+07,0,0,0,3.10957e+08
99.6544,103.622,12.8473,0.05,0,3.35881,3.35881,0,0.629372,6.16896,4.3624e+06,2.98533e+06,1.46525e+07,0,0,0,0,62.3362,61.308,11.1277,1,1,1.52576,1.52576,0,1.17867,1.69344,9.06595e+06,3.9903e+06,1.38325e+07,0,0,0,3.10957e+08
103.622,103.622,12.038,0.01,0,3.35919,3.35919,0,0.629442,6.16896,4.3624e+06,2.98533e+06,1.46541e+07,0,0,0,0,62.3362,61.308,12.3638,1,1,1.52593,1.52593,0,1.1788,1.69344,9.06595e+06,3.9903e+06,1.3834e+07,0,0,0,3.10957e+08
103.622,103.622,7.77706,0,0,3.48232,3.48232,0,0.629512,6.16896,4.3624e+06,2.98533e+06,1.51913e+07,0,0,0,0,62.3362,61.308,7.44094,1,1,1.58748,1.58748,0,1.17893,1.69344,9.06595e+06,3.9903e+06,1.4392e+07,0,0,0,3.10957e+08
103.622,103.622,7.44501,0,0,3.48271,3.48271,0,0.652586,6.16896,4.3624e+06,2.98533e+06,1.5193e+07,0,0,0,0,62.3362,61.308,7.66897,1,1,1.58765,1.58765,0,1.22649,1.69344,9.06595e+06,3.9903e+06,1.43936e+07,0,0,0,3.10957e+08
103.622,103.622,6.73871,0,0,3.48309,3.48309,0,0.652659,6.16896,4.3624e+06,2.98533e+06,1.51946e+07,0,0,0,0,62.3362,61.308,7.4306,1,1,1.58783,1.58783,0,1.22662,1.69344,9.06595e+06,3.9903e+06,1.43952e+07,0,0,0,3.10957e+08
103.622,103.622,6.01114,0,0,3.48348,3.48348,0,0.652732,6.16896,4.3624e+06,2.98533e+06,1.51963e+07,0,0,0,0,62.3362,61.308,6.07603,1,1,1.58801,1.58801,0,1.22676,1.69344,9.06595e+06,3.9903e+06,1.43968e+07,0,0,0,3.10957e+08
103.622,103.622,5.60152,0,0,3.43586,3.43586,0,0.652805,6.16896,4.3624e+06,2.98533e+06,1.49886e+07,0,0,0,0,62.3362,61.308,5.3076,1,1,1.56434,1.56434,0,1.2269,1.69344,9.06595e+06,3.9903e+06,1.41822e+07,0,0,0,3.10957e+08
103.622,103.622,4.90484,0,0,3.43624,3.43624,0,0.64388,6.16896,4.3624e+06,2.98533e+06,1.49903e+07,0,0,0,0,62.3362,61.308,4.83645,1,1,1.56451,1.56451,0,1.20861,1.69344,9.06595e+06,3.9903e+06,1.41838e+07,0,0,0,3.10957e+08
103.622,103.622,4.37708,0,0,3.43662,3.43662,0,0.643951,6.16896,4.3624e+06,2.98533e+06,1.49919e+07,0,0,0,0,62.3362,61.308,4.2514,1,1,1.56469,1.56469,0,1.20874,1.69344,9.06595e+06,3.9903e+06,1.41854e+07,0,0,0,3.10957e+08
103.622,103.622,4.04592,0,0,3.43701,3.43701,0,0.644023,6.16896,4.3624e+06,2.98533e+06,1.49936e+07,0,0,0,0,62.3362,61.308,4.01105,1,1,1.56486,1.56486,0,1.20888,1.69344,9.06595e+06,3.9903e+06,1.4187e+07,0,0,0,3.10957e+08
103.622,103.622,3.98656,0,0,3.60045,3.60045,0,0.644095,6.16896,4.3624e+06,2.98533e+06,1.57066e+07,0,0,0,0,62.3362,61.308,4.62688,1,1,1.64965,1.64965,0,1.20901,1.69344,9.06595e+06,3.9903e+06,1.49557e+07,0,0,0,3.10957e+08
103.622,103.622,3.78164,0,0,3.60085,3.60085,0,0.674725,6.16896,4.3624e+06,2.98533e+06,1.57084e+07,0,0,0,0,62.3362,61.308,4.30116,1,1,1.64983,1.64983,0,1.27452,1.69344,9.06595e+06,3.9903e+06,1.49573e+07,0,0,0,3.10957e+08
103.622,103.622,3.54961,0.01,0,3.60126,3.60126,0,0.6748,6.16896,4.3624e+06,2.98533e+06,1.57101e+07,0,0,0,0,62.3362,61.308,3.81246,1,1,1.65002,1.65002,0,1.27466,1.69344,9.06595e+06,3.9903e+06,1.4959e+07,0,0,0,3.10957e+08
103.542,103.622,3.30341,0.01,0,3.60166,3.60166,0,0.674875,6.16896,4.3624e+06,2.98533e+06,1.57119e+07,0,0,0,0,62.3362,61.308,3.61114,1,1,1.6502,1.6502,0,1.2748,1.69344,9.06595e+06,3.9903e+06,1.49607e+07,0,0,0,3.10957e+08
103.363,103.622,3.12745,0.02,0,3.60206,3.60206,0,0.674951,6.16896,4.3624e+06,2.98533e+06,1.57136e+07,0,0,0,0,62.3162,61.308,3.06642,1,1,1.65039,1.65039,0,1.27495,1.69344,9.06595e+06,3.9903e+06,1.49623e+07,0,0,0,3.10957e+08
103.181,103.622,3.05922,0.02,0,3.5702,3.5702,0,0.675026,6.16896,4.3624e+06,2.98533e+06,1.55746e+07,0,0,0,0,62.0915,61.308,2.58335,1,1,1.69344,1.6971,0.00366338,1.27509,1.69344,9.06595e+06,3.9903e+06,1.53526e+07,0,0,0,3.10957e+08
102.762,103.622,2.81747,0.02,0,3.5706,3.5706,0,0.669055,6.16896,4.3624e+06,2.98533e+06,1.55764e+07,0,0,0,0,61.8502,61.308,2.60079,1,1,1.69344,1.69729,0.00385292,1.30835,1.69344,9.06595e+06,3.9903e+06,1.53526e+07,0,0,0,3.10957e+08
102.13,103.622,2.58379,0.02,0,3.57099,3.57099,0,0.66913,6.16896,4.3624e+06,2.98533e+06,1.55781e+07,0,0,0,0,61.5645,61.308,2.27832,1,1,1.69344,1.69748,0.00404235,1.30835,1.69344,9.06595e+06,3.9903e+06,1.53526e+07,0,0,0,3.10957e+08
101.394,103.622,2.43464,0.02,0,3.57139,3.57139,0,0.669204,6.16896,4.3624e+06,2.98533e+06,1.55798e+07,0,0,0,0,61.1937,61.308,2.24107,1,1,1.69344,1.69767,0.00423189,1.30835,1.69344,9.06595e+06,3.9903e+06,1.53526e+07,0,0,0,3.10957e+08
100.697,103.622,2.48998,0.02,0,3.65515,3.65515,0,0.669279,6.16896,4.3624e+06,2.98533e+06,1.59452e+07,0,0,0,0,60.7192,61.308,2.20002,1,1,1.69344,1.73935,0.0459096,1.30835,1.69344,9.06595e+06,3.9903e+06,1.53526e+07,0,0,0,3.10957e+08
99.8122,103.622,2.2831,0.02,0,3.65556,3.65556,0,0.684975,6.16896,4.3624e+06,2.98533e+06,1.5947e+07,0,0,0,0,60.2288,61.308,2.04911,1,1,1.69344,1.73954,0.0461038,1.30835,1.69344,9.06595e+06,3.9903e+06,1.53526e+07,0,0,0,3.10957e+08
98.6583,103.622,1.98187,0.02,0,3.65597,3.65597,0,0.685052,6.16896,4.3624e+06,2.98533e+06,1.59488e+07,0,0,0,0,59.7311,61.308,2.0318,1,1,1.69344,1.73974,0.046298,1.30835,1.69344,9.06595e+06,3.9903e+06,1.53526e+07,0,0,0,3.10957e+08
97.2688,103.622,1.73147,0.02,0,3.65638,3.65638,0,0.685128,6.16896,4.3624e+06,2.98533e+06,1.59506e+07,0,0,0,0,59.2188,61.308,1.96286,1,1,1.69344,1.73993,0.0464922,1.30835,1.69344,9.06595e+06,3.9903e+06,1.53526e+07,0,0,0,3.10957e+08
96.0275,103.622,2.03233,0.02,0,3.901,3.901,0,0.685205,6.16896,4.3624e+06,2.98533e+06,1.70177e+07,0,0,0,0,58.7457,61.308,1.99151,1,1,1.69344,1.88994,0.196504,1.30835,1.69344,9.06595e+06,3.9903e+06,1.53526e+07,0,0,0,3.10957e+08
95.106,103.622,2.35415,0.04,0,3.90144,3.90144,0,0.731048,6.16896,4.3624e+06,2.98533e+06,1.70196e+07,0,0,0,0,58.3149,61.308,2.23354,1,1,1.69344,1.89015,0.196715,1.30835,1.69344,9.06595e+06,3.9903e+06,1.53526e+07,0,0,0,3.10957e+08
94.5389,103.622,2.71093,0.03,0,3.90188,3.90188,0,0.73113,6.16896,4.3624e+06,2.98533e+06,1.70215e+07,0,0,0,0,57.9077,61.308,2.19817,1,1,1.69344,1.89037,0.196926,1.30835,1.69344,9.06595e+06,3.9903e+06,1.53526e+07,0,0,0,3.10957e+08
93.318,103.622,2.01999,0.04,0,3.90231,3.90231,0,0.731211,6.16896,4.3624e+06,2.98533e+06,1.70234e+07,0,0,0,0,57.43,61.308,2.05992,1,1,1.69344,1.89058,0.197137,1.30835,1.69344,9.06595e+06,3.9903e+06,1.53526e+07,0,0,0,3.10957e+08
92.5458,103.622,2.54043,0.04,0,3.90275,3.90275,0,0.731293,6.16896,4.3624e+06,2.98533e+06,1.70253e+07,0,0,0,0,57.153,61.308,3.04696,1,1,1.69344,1.89079,0.197348,1.30835,1.69344,9.06595e+06,3.9903e+06,1.53526e+07,0,0,0,3.10957e+08
92.7653,103.622,3.52947,0.08,0,3.78409,3.78409,0,0.731375,6.16896,4.3624e+06,2.98533e+06,1.65077e+07,0,0,0,0,57.1404,61.308,4.57744,1,1,1.69344,1.80001,0.106575,1.30835,1.69344,9.06595e+06,3.9903e+06,1.53526e+07,0,0,0,3.10957e+08
93.3911,103.622,3.91601,0.07,0,3.78451,3.78451,0,0.709139,6.16896,4.3624e+06,2.98533e+06,1.65096e+07,0,0,0,0,57.14,61.308,4.40773,1,1,1.69344,1.80022,0.106775,1.30835,1.69344,9.06595e+06,3.9903e+06,1.53526e+07,0,0,0,3.10957e+08
96.0165,103.622,6.13665,0.02,0,3.78494,3.78494,0,0.709218,6.16896,4.3624e+06,2.98533e+06,1.65114e+07,0,0,0,0,57.7409,61.308,7.53424,1,1,1.69344,1.80042,0.106976,1.30835,1.69344,9.06595e+06,3.9903e+06,1.53526e+07,0,0,0,3.10957e+08
98.1538,103.622,5.87633,0.02,0,3.78536,3.78536,0,0.709297,6.16896,4.3624e+06,2.98533e+06,1.65132e+07,0,0,0,0,58.2191,61.308,6.86156,1,1,1.69344,1.80062,0.107177,1.30835,1.69344,9.06595e+06,3.9903e+06,1.53526e+07,0,0,0,3.10957e+08
101.833,103.622,7.55785,0.02,0,3.68798,3.68798,0,0.709376,6.16896,4.3624e+06,2.98533e+06,1.60885e+07,0,0,0,0,58.8946,61.308,6.16896,1,1,1.69344,1.71796,0.0245229,1.30835,1.69344,9.06595e+06,3.9903e+06,1.53526e+07,0,0,0,3.10957e+08
102.865,103.622,4.65986,0.02,0,3.6884,3.6884,0,0.691128,6.16896,4.3624e+06,2.98533e+06,1.60903e+07,0,0,0,0,59.1305,61.308,4.63188,1,1,1.69344,1.71815,0.0247145,1.30835,1.69344,9.06595e+06,3.9903e+06,1.53526e+07,0,0,0,3.10957e+08
103.622,103.622,5.29224,0.02,0,3.68881,3.68881,0,0.691205,6.16896,4.3624e+06,2.98533e+06,1.60921e+07,0,0,0,0,59.4241,61.308,4.99389,1,1,1.69344,1.71835,0.0249062,1.30835,1.69344,9.06595e+06,3.9903e+06,1.53526e+07,0,0,0,3.10957e+08
103.622,103.622,6.22658,0.02,0,3.68922,3.68922,0,0.691283,6.16896,4.3624e+06,2.98533e+06,1.60938e+07,0,0,0,0,59.9652,61.308,5.97594,1,1,1.69344,1.71854,0.025098,1.30835,1.69344,9.06595e+06,3.9903e+06,1.53526e+07,0,0,0,3.10957e+08
103.622,103.622,5.22511,0.01,0,3.41176,3.41176,0,0.69136,6.16896,4.3624e+06,2.98533e+06,1.48835e+07,0,0,0,0,59.886,61.308,4.82478,1,1,1.54609,1.54609,0,1.30835,1.69344,9.06595e+06,3.9903e+06,1.40168e+07,0,0,0,3.10957e+08
103.622,103.622,5.01734,0.01,0,3.41214,3.41214,0,0.639364,6.16896,4.3624e+06,2.98533e+06,1.48851e+07,0,0,0,0,59.6854,61.308,5.6406,1,1,1.54626,1.54626,0,1.19451,1.69344,9.06595e+06,3.9903e+06,1.40183e+07,0,0,0,3.10957e+08
103.622,103.622,12.2939,0.01,0,3.41252,3.41252,0,0.639435,6.16896,4.3624e+06,2.98533e+06,1.48868e+07,0,0,0,0,61.5275,61.308,9.93596,1,1,1.54643,1.54643,0,1.19464,1.69344,9.06595e+06,3.9903e+06,1.40199e+07,0,0,0,3.10957e+08
103.622,103.622,11.3398,0.02,0,3.4129,3.4129,0,0.639506,6.16896,4.3624e+06,2.98533e+06,1.48884e+07,0,0,0,0,62.3362,61.308,9.01138,1,1,1.54661,1.54661,0,1.19477,1.69344,9.06595e+06,3.9903e+06,1.40215e+07,0,0,0,3.10957e+08
103.622,103.622,7.86155,0.02,0,3.41328,3.41328,0,0.639578,6.16896,4.3624e+06,2.98533e+06,1.48901e+07,0,0,0,0,62.3362,61.308,5.99749,1,1,1.54678,1.54678,0,1.19491,1.69344,9.06595e+06,3.9903e+06,1.4023e+07,0,0,0,3.10957e+08
103.622,103.622,5.47882,0.02,0,3.52058,3.52058,0,0.639649,6.16896,4.3624e+06,2.98533e+06,1.53582e+07,0,0,0,0,62.3362,61.308,4.42357,1,1,1.59696,1.59696,0,1.19504,1.69344,9.06595e+06,3.9903e+06,1.4478e+07,0,0,0,3.10957e+08
103.622,103.622,8.77396,0.02,0,3.52094,3.52094,0,0.659758,6.16896,4.3624e+06,2.98533e+06,1.53598e+07,0,0,0,0,62.3362,61.308,6.77549,1,1,1.59712,1.59712,0,1.23381,1.69344,9.06595e+06,3.9903e+06,1.44795e+07,0,0,0,3.10957e+08
103.622,103.622,4.88325,0.02,0,3.5213,3.5213,0,0.659825,6.16896,4.3624e+06,2.98533e+06,1.53613e+07,0,0,0,0,62.3362,61.308,3.84634,1,1,1.59729,1.59729,0,1.23394,1.69344,9.06595e+06,3.9903e+06,1.44809e+07,0,0,0,3.10957e+08
103.622,103.622,6.35838,0.01,0,3.52166,3.52166,0,0.659892,6.16896,4.3624e+06,2.98533e+06,1.53629e+07,0,0,0,0,62.3362,61.308,4.05702,1,1,1.59745,1.59745,0,1.23406,1.69344,9.06595e+06,3.9903e+06,1.44824e+07,0,0,0,3.10957e+08
103.622,103.622,6.93105,0.01,0,3.86555,3.86555,0,0.659959,6.16896,4.3624e+06,2.98533e+06,1.68631e+07,0,0,0,0,62.3362,61.308,5.42521,1,1,1.69344,1.78546,0.0920187,1.23419,1.69344,9.06595e+06,3.9903e+06,1.53526e+07,0,0,0,3.10957e+08
103.622,103.622,5.22481,0.01,0,3.86594,3.86594,0,0.724404,6.16896,4.3624e+06,2.98533e+06,1.68648e+07,0,0,0,0,62.3362,61.308,4.0294,1,1,1.69344,1.78564,0.0922007,1.30835,1.69344,9.06595e+06,3.9903e+06,1.53526e+07,0,0,0,3.10957e+08
103.622,103.622,5.11848,0.01,0,3.86634,3.86634,0,0.724478,6.16896,4.3624e+06,2.98533e+06,1.68665e+07,0,0,0,0,62.3362,61.308,3.64837,1,1,1.69344,1.78582,0.0923826,1.30835,1.69344,9.06595e+06,3.9903e+06,1.53526e+07,0,0,0,3.10957e+08
103.622,103.622,4.50792,0.01,0,3.86673,3.86673,0,0.724552,6.16896,4.3624e+06,2.98533e+06,1.68682e+07,0,0,0,0,62.3362,61.308,3.35523,1,1,1.69344,1.786,0.0925647,1.30835,1.69344,9.06595e+06,3.9903e+06,1.53526e+07,0,0,0,3.10957e+08
103.622,103.622,6.32242,0.01,0,3.37694,3.37694,0,0.724626,6.16896,4.3624e+06,2.98533e+06,1.47316e+07,0,0,0,0,62.3362,61.308,6.51805,1,1,1.53399,1.53399,0,1.30835,1.69344,9.06595e+06,3.9903e+06,1.39071e+07,0,0,0,3.10957e+08
103.622,103.622,5.48577,0.01,0,3.37729,3.37729,0,0.632839,6.16896,4.3624e+06,2.98533e+06,1.47331e+07,0,0,0,0,62.3362,61.308,6.26425,1,1,1.53415,1.53415,0,1.18516,1.69344,9.06595e+06,3.9903e+06,1.39085e+07,0,0,0,3.10957e+08
103.622,103.622,5.95256,0.01,0,3.37763,3.37763,0,0.632904,6.16896,4.3624e+06,2.98533e+06,1.47346e+07,0,0,0,0,62.3362,61.308,6.78744,1,1,1.53431,1.53431,0,1.18528,1.69344,9.06595e+06,3.9903e+06,1.39099e+07,0,0,0,3.10957e+08
103.622,103.622,7.52102,0.01,0,3.37798,3.37798,0,0.632968,6.16896,4.3624e+06,2.98533e+06,1.47361e+07,0,0,0,0,62.3362,61.308,7.3062,1,1,1.53446,1.53446,0,1.1854,1.69344,9.06595e+06,3.9903e+06,1.39114e+07,0,0,0,3.10957e+08
103.622,103.622,7.0386,0.01,0,3.37832,3.37832,0,0.633033,6.16896,4.3624e+06,2.98533e+06,1.47376e+07,0,0,0,0,62.3362,61.308,7.60352,1,1,1.53462,1.53462,0,1.18553,1.69344,9.06595e+06,3.9903e+06,1.39128e+07,0,0,0,3.10957e+08
103.622,103.622,7.4407,0.01,0,3.50211,3.50211,0,0.633097,6.16896,4.3624e+06,2.98533e+06,1.52776e+07,0,0,0,0,62.3362,61.308,10.0009,1,1,1.5965,1.5965,0,1.18565,1.69344,9.06595e+06,3.9903e+06,1.44738e+07,0,0,0,3.10957e+08
103.622,103.622,5.49442,0,0,3.50247,3.50247,0,0.656296,6.16896,4.3624e+06,2.98533e+06,1.52792e+07,0,0,0,0,62.3362,61.308,7.25548,1,1,1.59667,1.59667,0,1.23346,1.69344,9.06595e+06,3.9903e+06,1.44753e+07,0,0,0,3.10957e+08
103.622,103.622,4.81894,0,0,3.50283,3.50283,0,0.656363,6.16896,4.3624e+06,2.98533e+06,1.52807e+07,0,0,0,0,62.3362,61.308,6.2448,1,1,1.59683,1.59683,0,1.23358,1.69344,9.06595e+06,3.9903e+06,1.44768e+07,0,0,0,3.10957e+08
103.622,103.622,4.03649,0,0,3.50318,3.50318,0,0.65643,6.16896,4.3624e+06,2.98533e+06,1.52823e+07,0,0,0,0,62.3362,61.308,6.6676,1,1,1.59699,1.59699,0,1.23371,1.69344,9.06595e+06,3.9903e+06,1.44782e+07,0,0,0,3.10957e+08
103.622,103.622,3.8497,0,0,3.45525,3.45525,0,0.656497,6.16896,4.3624e+06,2.98533e+06,1.50732e+07,0,0,0,0,62.3362,61.308,4.31142,1,1,1.57317,1.57317,0,1.23383,1.69344,9.06595e+06,3.9903e+06,1.42623e+07,0,0,0,3.10957e+08
103.622,103.622,3.64437,0,0,3.45561,3.45561,0,0.647515,6.16896,4.3624e+06,2.98533e+06,1.50747e+07,0,0,0,0,62.3362,61.308,4.1544,1,1,1.57333,1.57333,0,1.21543,1.69344,9.06595e+06,3.9903e+06,1.42637e+07,0,0,0,3.10957e+08
103.541,103.622,3.40797,0,0,3.45596,3.45596,0,0.647581,6.16896,4.3624e+06,2.98533e+06,1.50763e+07,0,0,0,0,62.3362,61.308,4.75273,1,1,1.57349,1.57349,0,1.21555,1.69344,9.06595e+06,3.9903e+06,1.42652e+07,0,0,0,3.10957e+08
103.277,103.622,3.21583,0.01,0,3.45631,3.45631,0,0.647647,6.16896,4.3624e+06,2.98533e+06,1.50778e+07,0,0,0,0,62.3362,61.308,4.52047,1,1,1.57365,1.57365,0,1.21568,1.69344,9.06595e+06,3.9903e+06,1.42666e+07,0,0,0,3.10957e+08
102.74,103.622,2.94165,0.02,0,3.62064,3.62064,0,0.647713,6.16896,4.3624e+06,2.98533e+06,1.57947e+07,0,0,0,0,62.3362,61.308,3.44722,1,1,1.6589,1.6589,0,1.2158,1.69344,9.06595e+06,3.9903e+06,1.50395e+07,0,0,0,3.10957e+08
102.102,103.622,2.8016,0.02,0,3.62101,3.62101,0,0.678507,6.16896,4.3624e+06,2.98533e+06,1.57963e+07,0,0,0,0,62.3362,61.308,3.16521,1,1,1.65907,1.65907,0,1.28167,1.69344,9.06595e+06,3.9903e+06,1.5041e+07,0,0,0,3.10957e+08
101.369,103.622,2.68094,0.02,0,3.62137,3.62137,0,0.678576,6.16896,4.3624e+06,2.98533e+06,1.57979e+07,0,0,0,0,62.3362,61.308,3.44377,1,1,1.65924,1.65924,0,1.2818,1.69344,9.06595e+06,3.9903e+06,1.50426e+07,0,0,0,3.10957e+08
100.434,103.622,2.47148,0.02,0,3.62174,3.62174,0,0.678645,6.16896,4.3624e+06,2.98533e+06,1.57995e+07,0,0,0,0,62.3362,61.308,3.26,1,1,1.65941,1.65941,0,1.28193,1.69344,9.06595e+06,3.9903e+06,1.50441e+07,0,0,0,3.10957e+08
99.7369,103.622,2.61713,0.02,0,3.62211,3.62211,0,0.678715,6.16896,4.3624e+06,2.98533e+06,1.58011e+07,0,0,0,0,62.273,61.308,2.84266,1,1,1.65957,1.65957,0,1.28206,1.69344,9.06595e+06,3.9903e+06,1.50456e+07,0,0,0,3.10957e+08
99.25,103.622,2.784,0.02,0,3.59004,3.59004,0,0.678784,6.16896,4.3624e+06,2.98533e+06,1.56612e+07,0,0,0,0,61.9579,61.308,2.04522,1,1,1.69344,1.70653,0.0130939,1.28219,1.69344,9.06595e+06,3.9903e+06,1.53526e+07,0,0,0,3.10957e+08
98.5484,103.622,2.55412,0.02,0,3.5904,3.5904,0,0.672773,6.16896,4.3624e+06,2.98533e+06,1.56628e+07,0,0,0,0,61.6237,61.308,2.05802,1,1,1.69344,1.70671,0.0132677,1.30835,1.69344,9.06595e+06,3.9903e+06,1.53526e+07,0,0,0,3.10957e+08
97.6334,103.622,2.31425,0.02,0,3.59077,3.59077,0,0.672841,6.16896,4.3624e+06,2.98533e+06,1.56644e+07,0,0,0,0,61.233,61.308,1.83067,1,1,1.69344,1.70688,0.0134415,1.30835,1.69344,9.06595e+06,3.9903e+06,1.53526e+07,0,0,0,3.10957e+08
96.6639,103.622,2.20549,0.02,0,3.59113,3.59113,0,0.67291,6.16896,4.3624e+06,2.98533e+06,1.5666e+07,0,0,0,0,60.6753,61.308,1.78436,1,1,1.69344,1.70706,0.0136153,1.30835,1.69344,9.06595e+06,3.9903e+06,1.53526e+07,0,0,0,3.10957e+08
95.5481,103.622,2.05801,0.02,0,3.67532,3.67532,0,0.672978,6.16896,4.3624e+06,2.98533e+06,1.60332e+07,0,0,0,0,60.1874,61.308,1.71036,1,1,1.69344,1.74895,0.0555063,1.30835,1.69344,9.06595e+06,3.9903e+06,1.53526e+07,0,0,0,3.10957e+08
94.3015,103.622,1.88896,0.02,0,3.67569,3.67569,0,0.688754,6.16896,4.3624e+06,2.98533e+06,1.60348e+07,0,0,0,0,59.4721,61.308,1.70112,1,1,1.69344,1.74912,0.0556844,1.30835,1.69344,9.06595e+06,3.9903e+06,1.53526e+07,0,0,0,3.10957e+08
92.9295,103.622,1.72862,0.03,0,3.67607,3.67607,0,0.688825,6.16896,4.3624e+06,2.98533e+06,1.60365e+07,0,0,0,0,58.9106,61.308,1.48628,1,1,1.69344,1.7493,0.0558625,1.30835,1.69344,9.06595e+06,3.9903e+06,1.53526e+07,0,0,0,3.10957e+08
91.6726,103.622,1.84647,0.08,0,3.67644,3.67644,0,0.688895,6.16896,4.3624e+06,2.98533e+06,1.60381e+07,0,0,0,0,58.3354,61.308,1.76187,1,1,1.69344,1.74948,0.0560406,1.30835,1.69344,9.06595e+06,3.9903e+06,1.53526e+07,0,0,0,3.10957e+08
90.0456,103.622,1.59593,0.09,0,3.92237,3.92237,0,0.688965,6.16896,4.3624e+06,2.98533e+06,1.7111e+07,0,0,0,0,57.6075,61.308,1.62955,1,1,1.69344,1.9003,0.206857,1.30835,1.69344,9.06595e+06,3.9903e+06,1.53526e+07,0,0,0,3.10957e+08
88.1236,103.622,1.24172,0.09,0,3.92277,3.92277,0,0.735053,6.16896,4.3624e+06,2.98533e+06,1.71127e+07,0,0,0,0,56.7711,61.308,1.41923,1,1,1.69344,1.90049,0.20705,1.30835,1.69344,9.06595e+06,3.9903e+06,1.53526e+07,0,0,0,3.10957e+08
86.2096,103.622,1.21305,0.09,0,3.92317,3.92317,0,0.735128,6.16896,4.3624e+06,2.98533e+06,1.71144e+07,0,0,0,0,56.0853,61.308,1.33613,1,1,1.69344,1.90068,0.207244,1.30835,1.69344,9.06595e+06,3.9903e+06,1.53526e+07,0,0,0,3.10957e+08
84.8124,103.622,1.71478,0.08,0,3.92357,3.92357,0,0.735203,6.16896,4.3624e+06,2.98533e+06,1.71162e+07,0,0,0,0,55.3226,61.308,1.56333,1,1,1.69344,1.90088,0.207437,1.30835,1.69344,9.06595e+06,3.9903e+06,1.53526e+07,0,0,0,3.10957e+08
83.434,103.622,1.77892,0.09,0,3.92397,3.92397,0,0.735277,6.16896,4.3624e+06,2.98533e+06,1.71179e+07,0,0,0,0,54.1714,61.308,1.46437,1,1,1.69344,1.90107,0.207631,1.30835,1.69344,9.06595e+06,3.9903e+06,1.53526e+07,0,0,0,3.10957e+08
81.3463,103.622,0.92972,0.09,0,3.80463,3.80463,0,0.735352,6.16896,4.3624e+06,2.98533e+06,1.65973e+07,0,0,0,0,53.3433,61.308,0.899413,1,1,1.69344,1.80979,0.116346,1.30835,1.69344,9.06595e+06,3.9903e+06,1.53526e+07,0,0,0,3.10957e+08
79.1627,103.622,0.79867,0.12,0,3.80502,3.80502,0,0.712988,6.16896,4.3624e+06,2.98533e+06,1.6599e+07,0,0,0,0,52.163,61.308,1.47467,1,1,1.69344,1.80997,0.116531,1.30835,1.69344,9.06595e+06,3.9903e+06,1.53526e+07,0,0,0,3.10957e+08
76.921,103.622,0.676994,0.11,0,3.80541,3.80541,0,0.713061,6.16896,4.3624e+06,2.98533e+06,1.66007e+07,0,0,0,0,50.794,61.308,0.785814,1,1,1.69344,1.81015,0.116715,1.30835,1.69344,9.06595e+06,3.9903e+06,1.53526e+07,0,0,0,3.10957e+08
74.7955,103.622,0.779416,0.11,0,3.8058,3.8058,0,0.713134,6.16896,4.3624e+06,2.98533e+06,1.66024e+07,0,0,0,0,49.6488,61.308,0.803427,1,1,1.69344,1.81034,0.116899,1.30835,1.69344,9.06595e+06,3.9903e+06,1.53526e+07,0,0,0,3.10957e+08
73.0806,103.622,1.15391,0.1,0,3.70786,3.70786,0,0.713206,6.16896,4.3624e+06,2.98533e+06,1.61752e+07,0,0,0,0,48.652,61.308,1.06178,1,1,1.69344,1.72722,0.0337815,1.30835,1.69344,9.06595e+06,3.9903e+06,1.53526e+07,0,0,0,3.10957e+08
71.176,103.622,0.897151,0.08,0,3.70824,3.70824,0,0.694853,6.16896,4.3624e+06,2.98533e+06,1.61768e+07,0,0,0,0,48.0071,61.308,1.06227,1,1,1.69344,1.7274,0.0339572,1.30835,1.69344,9.06595e+06,3.9903e+06,1.53526e+07,0,0,0,3.10957e+08
70.5175,103.622,2.2819,0.12,0,3.70862,3.70862,0,0.694924,6.16896,4.3624e+06,2.98533e+06,1.61785e+07,0,0,0,0,47.9074,61.308,3.27152,1,1,1.69344,1.72757,0.034133,1.30835,1.69344,9.06595e+06,3.9903e+06,1.53526e+07,0,0,0,3.10957e+08
70.2083,103.622,2.66337,0.12,0,3.70899,3.70899,0,0.694995,6.16896,4.3624e+06,2.98533e+06,1.61801e+07,0,0,0,0,48.0508,61.308,2.63761,1,1,1.69344,1.72775,0.0343089,1.30835,1.69344,9.06595e+06,3.9903e+06,1.53526e+07,0,0,0,3.10957e+08
69.7553,103.622,2.32374,0.12,0,3.43001,3.43001,0,0.695065,6.16896,4.3624e+06,2.98533e+06,1.49631e+07,0,0,0,0,48.2178,61.308,2.60045,1,1,1.55436,1.55436,0,1.30835,1.69344,9.06595e+06,3.9903e+06,1.40918e+07,0,0,0,3.10957e+08
70.0177,103.622,3.14618,0.13,0,3.43036,3.43036,0,0.642784,6.16896,4.3624e+06,2.98533e+06,1.49646e+07,0,0,0,0,48.4432,61.308,2.82663,1,1,1.55452,1.55452,0,1.2009,1.69344,9.06595e+06,3.9903e+06,1.40932e+07,0,0,0,3.10957e+08
70.3951,103.622,3.3813,0.14,0,3.43071,3.43071,0,0.64285,6.16896,4.3624e+06,2.98533e+06,1.49661e+07,0,0,0,0,48.7741,61.308,2.86535,1,1,1.55468,1.55468,0,1.20102,1.69344,9.06595e+06,3.9903e+06,1.40946e+07,0,0,0,3.10957e+08
72.6302,103.622,5.54977,0.14,0,3.43106,3.43106,0,0.642915,6.16896,4.3624e+06,2.98533e+06,1.49676e+07,0,0,0,0,50.8503,61.308,7.09485,1,1,1.55484,1.55484,0,1.20114,1.69344,9.06595e+06,3.9903e+06,1.40961e+07,0,0,0,3.10957e+08
74.4261,103.622,5.17541,0.12,0,3.43141,3.43141,0,0.642981,6.16896,4.3624e+06,2.98533e+06,1.49692e+07,0,0,0,0,51.7779,61.308,4.40299,1,1,1.55499,1.55499,0,1.20127,1.69344,9.06595e+06,3.9903e+06,1.40975e+07,0,0,0,3.10957e+08
77.3814,103.622,6.41803,0.12,0,3.53925,3.53925,0,0.643046,6.16896,4.3624e+06,2.98533e+06,1.54396e+07,0,0,0,0,52.9071,61.308,5.20162,1,1,1.60543,1.60543,0,1.20139,1.69344,9.06595e+06,3.9903e+06,1.45547e+07,0,0,0,3.10957e+08
79.8103,103.622,5.85878,0.11,0,3.53957,3.53957,0,0.663255,6.16896,4.3624e+06,2.98533e+06,1.5441e+07,0,0,0,0,53.9589,61.308,4.87468,1,1,1.60558,1.60558,0,1.24035,1.69344,9.06595e+06,3.9903e+06,1.45561e+07,0,0,0,3.10957e+08
81.5785,103.622,5.1545,0.09,0,3.5399,3.5399,0,0.663316,6.16896,4.3624e+06,2.98533e+06,1.54425e+07,0,0,0,0,54.3809,61.308,3.57806,1,1,1.60572,1.60572,0,1.24047,1.69344,9.06595e+06,3.9903e+06,1.45574e+07,0,0,0,3.10957e+08
83.8943,103.622,5.91249,0.09,0,3.54023,3.54023,0,0.663377,6.16896,4.3624e+06,2.98533e+06,1.54439e+07,0,0,0,0,54.9525,61.308,3.83707,1,1,1.60587,1.60587,0,1.24058,1.69344,9.06595e+06,3.9903e+06,1.45588e+07,0,0,0,3.10957e+08
88.3932,103.622,8.73234,0.05,0,3.88589,3.88589,0,0.663439,6.16896,4.3624e+06,2.98533e+06,1.69518e+07,0,0,0,0,56.0867,61.308,5.17688,1,1,1.69344,1.79485,0.101415,1.2407,1.69344,9.06595e+06,3.9903e+06,1.53526e+07,0,0,0,3.10957e+08
92.9989,103.622,8.82358,0.05,0,3.88625,3.88625,0,0.728216,6.16896,4.3624e+06,2.98533e+06,1.69534e+07,0,0,0,0,56.9633,61.308,4.42554,1,1,1.69344,1.79502,0.10158,1.30835,1.69344,9.06595e+06,3.9903e+06,1.53526e+07,0,0,0,3.10957e+08
98.9115,103.622,10.4578,0.05,0,3.88661,3.88661,0,0.728284,6.16896,4.3624e+06,2.98533e+06,1.69549e+07,0,0,0,0,58.0807,61.308,5.343,1,1,1.69344,1.79519,0.101746,1.30835,1.69344,9.06595e+06,3.9903e+06,1.53526e+07,0,0,0,3.10957e+08
103.622,103.622,14.574,0.04,0,3.88697,3.88697,0,0.728351,6.16896,4.3624e+06,2.98533e+06,1.69565e+07,0,0,0,0,60.5646,61.308,8.61945,1,1,1.69344,1.79535,0.101912,1.30835,1.69344,9.06595e+06,3.9903e+06,1.53526e+07,0,0,0,3.10957e+08
103.622,103.622,5.39948,0.01,0,3.39459,3.39459,0,0.728418,6.16896,4.3624e+06,2.98533e+06,1.48085e+07,0,0,0,0,61.206,61.308,3.75818,1,1,1.54201,1.54201,0,1.30835,1.69344,9.06595e+06,3.9903e+06,1.39798e+07,0,0,0,3.10957e+08
103.097,103.622,3.11319,0.01,0,3.3949,3.3949,0,0.636145,6.16896,4.3624e+06,2.98533e+06,1.48099e+07,0,0,0,0,61.3249,61.308,2.45048,1,1,1.54215,1.54215,0,1.19135,1.69344,9.06595e+06,3.9903e+06,1.39811e+07,0,0,0,3.10957e+08
103.622,103.622,5.23659,0.03,0,3.39521,3.39521,0,0.636204,6.16896,4.3624e+06,2.98533e+06,1.48113e+07,0,0,0,0,62.1932,61.308,4.18059,1,1,1.54229,1.54229,0,1.19146,1.69344,9.06595e+06,3.9903e+06,1.39823e+07,0,0,0,3.10957e+08
103.622,103.622,9.39424,0.01,0,3.39553,3.39553,0,0.636263,6.16896,4.3624e+06,2.98533e+06,1.48126e+07,0,0,0,0,62.3362,61.308,6.54886,1,1,1.54243,1.54243,0,1.19157,1.69344,9.06595e+06,3.9903e+06,1.39836e+07,0,0,0,3.10957e+08
103.622,103.622,11.4022,0.01,0,3.39584,3.39584,0,0.636322,6.16896,4.3624e+06,2.98533e+06,1.4814e+07,0,0,0,0,62.3362,61.308,6.31841,1,1,1.54258,1.54258,0,1.19168,1.69344,9.06595e+06,3.9903e+06,1.39849e+07,0,0,0,3.10957e+08
103.622,103.622,8.73549,0.01,0,3.52024,3.52024,0,0.63638,6.16896,4.3624e+06,2.98533e+06,1.53567e+07,0,0,0,0,62.3362,61.308,5.24673,1,1,1.60477,1.60477,0,1.19179,1.69344,9.06595e+06,3.9903e+06,1.45487e+07,0,0,0,3.10957e+08
103.622,103.622,7.00865,0,0,3.52057,3.52057,0,0.659693,6.16896,4.3624e+06,2.98533e+06,1.53581e+07,0,0,0,0,62.3362,61.308,4.62503,1,1,1.60491,1.60491,0,1.23984,1.69344,9.06595e+06,3.9903e+06,1.45501e+07,0,0,0,3.10957e+08
103.622,103.622,6.12784,0,0,3.52089,3.52089,0,0.659754,6.16896,4.3624e+06,2.98533e+06,1.53595e+07,0,0,0,0,62.3362,61.308,4.30408,1,1,1.60506,1.60506,0,1.23996,1.69344,9.06595e+06,3.9903e+06,1.45514e+07,0,0,0,3.10957e+08
103.622,103.622,6.46361,0,0,3.52122,3.52122,0,0.659815,6.16896,4.3624e+06,2.98533e+06,1.5361e+07,0,0,0,0,62.3362,61.308,4.09373,1,1,1.60521,1.60521,0,1.24007,1.69344,9.06595e+06,3.9903e+06,1.45528e+07,0,0,0,3.10957e+08
103.622,103.622,4.93,0,0,3.47301,3.47301,0,0.659876,6.16896,4.3624e+06,2.98533e+06,1.51506e+07,0,0,0,0,62.3362,61.308,3.49318,1,1,1.58125,1.58125,0,1.24019,1.69344,9.06595e+06,3.9903e+06,1.43356e+07,0,0,0,3.10957e+08
103.622,103.622,4.45106,0,0,3.47333,3.47333,0,0.650841,6.16896,4.3624e+06,2.98533e+06,1.5152e+07,0,0,0,0,62.3362,61.308,3.36206,1,1,1.5814,1.5814,0,1.22168,1.69344,9.06595e+06,3.9903e+06,1.43369e+07,0,0,0,3.10957e+08
103.622,103.622,4.27264,0,0,3.47365,3.47365,0,0.650902,6.16896,4.3624e+06,2.98533e+06,1.51534e+07,0,0,0,0,62.3362,61.308,3.02934,1,1,1.58154,1.58154,0,1.22179,1.69344,9.06595e+06,3.9903e+06,1.43382e+07,0,0,0,3.10957e+08
103.622,103.622,3.80623,0,0,3.47397,3.47397,0,0.650962,6.16896,4.3624e+06,2.98533e+06,1.51548e+07,0,0,0,0,62.3362,61.308,2.93306,1,1,1.58169,1.58169,0,1.2219,1.69344,9.06595e+06,3.9903e+06,1.43395e+07,0,0,0,3.10957e+08
103.519,103.622,3.39539,0.01,0,3.6391,3.6391,0,0.651022,6.16896,4.3624e+06,2.98533e+06,1.58752e+07,0,0,0,0,62.3362,61.308,2.96043,1,1,1.66736,1.66736,0,1.22201,1.69344,9.06595e+06,3.9903e+06,1.51162e+07,0,0,0,3.10957e+08
103.224,103.622,3.10828,0.02,0,3.63944,3.63944,0,0.681967,6.16896,4.3624e+06,2.98533e+06,1.58767e+07,0,0,0,0,62.283,61.308,2.38978,1,1,1.66751,1.66751,0,1.2882,1.69344,9.06595e+06,3.9903e+06,1.51176e+07,0,0,0,3.10957e+08
102.773,103.622,2.92613,0.02,0,3.63977,3.63977,0,0.68203,6.16896,4.3624e+06,2.98533e+06,1.58781e+07,0,0,0,0,62.2011,61.308,2.24306,1,1,1.66767,1.66767,0,1.28832,1.69344,9.06595e+06,3.9903e+06,1.5119e+07,0,0,0,3.10957e+08
102.159,103.622,2.70175,0.02,0,3.64011,3.64011,0,0.682093,6.16896,4.3624e+06,2.98533e+06,1.58796e+07,0,0,0,0,62.0224,61.308,2.13393,1,1,1.66782,1.66782,0,1.28844,1.69344,9.06595e+06,3.9903e+06,1.51204e+07,0,0,0,3.10957e+08
101.593,103.622,2.78863,0.02,0,3.64044,3.64044,0,0.682156,6.16896,4.3624e+06,2.98533e+06,1.58811e+07,0,0,0,0,61.8875,61.308,2.38937,1,1,1.66797,1.66797,0,1.28856,1.69344,9.06595e+06,3.9903e+06,1.51218e+07,0,0,0,3.10957e+08
101.716,103.622,3.58406,0.02,0,3.60817,3.60817,0,0.682219,6.16896,4.3624e+06,2.98533e+06,1.57403e+07,0,0,0,0,61.8533,61.308,2.93001,1,1,1.69344,1.71515,0.0217144,1.28868,1.69344,9.06595e+06,3.9903e+06,1.53526e+07,0,0,0,3.10957e+08
101.482,103.622,3.1684,0.02,0,3.6085,3.6085,0,0.676171,6.16896,4.3624e+06,2.98533e+06,1.57417e+07,0,0,0,0,61.7574,61.308,2.63537,1,1,1.69344,1.71531,0.0218728,1.30835,1.69344,9.06595e+06,3.9903e+06,1.53526e+07,0,0,0,3.10957e+08
101.051,103.622,2.94653,0.02,0,3.60884,3.60884,0,0.676234,6.16896,4.3624e+06,2.98533e+06,1.57432e+07,0,0,0,0,61.6134,61.308,2.45555,1,1,1.69344,1.71547,0.0220311,1.30835,1.69344,9.06595e+06,3.9903e+06,1.53526e+07,0,0,0,3.10957e+08
100.555,103.622,2.85255,0.02,0,3.60917,3.60917,0,0.676296,6.16896,4.3624e+06,2.98533e+06,1.57446e+07,0,0,0,0,61.4251,61.308,2.26142,1,1,1.69344,1.71563,0.0221895,1.30835,1.69344,9.06595e+06,3.9903e+06,1.53526e+07,0,0,0,3.10957e+08
99.9387,103.622,2.76764,0.02,0,3.69374,3.69374,0,0.676359,6.16896,4.3624e+06,2.98533e+06,1.61136e+07,0,0,0,0,61.2663,61.308,2.28792,1,1,1.69344,1.75771,0.064274,1.30835,1.69344,9.06595e+06,3.9903e+06,1.53526e+07,0,0,0,3.10957e+08
99.2461,103.622,2.61783,0.03,0,3.69408,3.69408,0,0.692207,6.16896,4.3624e+06,2.98533e+06,1.61151e+07,0,0,0,0,61.0283,61.308,2.11038,1,1,1.69344,1.75788,0.0644363,1.30835,1.69344,9.06595e+06,3.9903e+06,1.53526e+07,0,0,0,3.10957e+08
98.5221,103.622,2.55425,0.03,0,3.69442,3.69442,0,0.692271,6.16896,4.3624e+06,2.98533e+06,1.61166e+07,0,0,0,0,60.7087,61.308,2.27631,1,1,1.69344,1.75804,0.0645985,1.30835,1.69344,9.06595e+06,3.9903e+06,1.53526e+07,0,0,0,3.10957e+08
98.0959,103.622,2.91876,0.04,0,3.69477,3.69477,0,0.692335,6.16896,4.3624e+06,2.98533e+06,1.6118e+07,0,0,0,0,60.5463,61.308,2.25043,1,1,1.69344,1.7582,0.0647609,1.30835,1.69344,9.06595e+06,3.9903e+06,1.53526e+07,0,0,0,3.10957e+08
96.7612,103.622,2.08803,0.04,0,3.94189,3.94189,0,0.692399,6.16896,4.3624e+06,2.98533e+06,1.71961e+07,0,0,0,0,60.1943,61.308,2.00079,1,1,1.69344,1.90975,0.216311,1.30835,1.69344,9.06595e+06,3.9903e+06,1.53526e+07,0,0,0,3.10957e+08
94.8631,103.622,1.45859,0.05,0,3.94225,3.94225,0,0.73871,6.16896,4.3624e+06,2.98533e+06,1.71977e+07,0,0,0,0,59.7707,61.308,1.84148,1,1,1.69344,1.90993,0.216487,1.30835,1.69344,9.06595e+06,3.9903e+06,1.53526e+07,0,0,0,3.10957e+08
92.966,103.622,1.42431,0.04,0,3.94261,3.94261,0,0.738778,6.16896,4.3624e+06,2.98533e+06,1.71993e+07,0,0,0,0,59.3132,61.308,1.73331,1,1,1.69344,1.9101,0.216663,1.30835,1.69344,9.06595e+06,3.9903e+06,1.53526e+07,0,0,0,3.10957e+08
91.6261,103.622,1.98479,0.06,0,3.94298,3.94298,0,0.738846,6.16896,4.3624e+06,2.98533e+06,1.72008e+07,0,0,0,0,58.9311,61.308,2.02703,1,1,1.69344,1.91028,0.21684,1.30835,1.69344,9.06595e+06,3.9903e+06,1.53526e+07,0,0,0,3.10957e+08
90.9102,103.622,2.70129,0.07,0,3.94334,3.94334,0,0.738914,6.16896,4.3624e+06,2.98533e+06,1.72024e+07,0,0,0,0,58.5074,61.308,2.27712,1,1,1.69344,1.91046,0.217016,1.30835,1.69344,9.06595e+06,3.9903e+06,1.53526e+07,0,0,0,3.10957e+08
90.0613,103.622,2.47355,0.08,0,3.82338,3.82338,0,0.738982,6.16896,4.3624e+06,2.98533e+06,1.66791e+07,0,0,0,0,58.0806,61.308,1.5088,1,1,1.69344,1.8187,0.125263,1.30835,1.69344,9.06595e+06,3.9903e+06,1.53526e+07,0,0,0,3.10957e+08
89.2967,103.622,2.63466,0.07,0,3.82373,3.82373,0,0.716501,6.16896,4.3624e+06,2.98533e+06,1.66806e+07,0,0,0,0,57.9267,61.308,2.26098,1,1,1.69344,1.81887,0.125431,1.30835,1.69344,9.06595e+06,3.9903e+06,1.53526e+07,0,0,0,3.10957e+08
88.5242,103.622,2.61393,0.06,0,3.82408,3.82408,0,0.716567,6.16896,4.3624e+06,2.98533e+06,1.66822e+07,0,0,0,0,57.8951,61.308,2.63029,1,1,1.69344,1.81904,0.125599,1.30835,1.69344,9.06595e+06,3.9903e+06,1.53526e+07,0,0,0,3.10957e+08
87.5006,103.622,2.29742,0.06,0,3.82444,3.82444,0,0.716634,6.16896,4.3624e+06,2.98533e+06,1.66837e+07,0,0,0,0,57.7652,61.308,2.4078,1,1,1.69344,1.81921,0.125767,1.30835,1.69344,9.06595e+06,3.9903e+06,1.53526e+07,0,0,0,3.10957e+08
86.1897,103.622,2.07479,0.06,0,3.72599,3.72599,0,0.7167,6.16896,4.3624e+06,2.98533e+06,1.62542e+07,0,0,0,0,57.3995,61.308,2.82499,1,1,1.69344,1.73567,0.0422253,1.30835,1.69344,9.06595e+06,3.9903e+06,1.53526e+07,0,0,0,3.10957e+08
84.2757,103.622,1.38723,0.04,0,3.72633,3.72633,0,0.69825,6.16896,4.3624e+06,2.98533e+06,1.62557e+07,0,0,0,0,57.0235,61.308,1.40402,1,1,1.69344,1.73583,0.0423855,1.30835,1.69344,9.06595e+06,3.9903e+06,1.53526e+07,0,0,0,3.10957e+08
83.592,103.622,2.75263,0.04,0,3.72667,3.72667,0,0.698314,6.16896,4.3624e+06,2.98533e+06,1.62572e+07,0,0,0,0,57.2025,61.308,3.06668,1,1,1.69344,1.73599,0.0425456,1.30835,1.69344,9.06595e+06,3.9903e+06,1.53526e+07,0,0,0,3.10957e+08
85.2345,103.622,5.468,0.04,0,3.72702,3.72702,0,0.698379,6.16896,4.3624e+06,2.98533e+06,1.62587e+07,0,0,0,0,58.3759,61.308,6.43327,1,1,1.69344,1.73615,0.0427059,1.30835,1.69344,9.06595e+06,3.9903e+06,1.53526e+07,0,0,0,3.10957e+08
85.1683,103.622,3.16696,0.04,0,3.44665,3.44665,0,0.698443,6.16896,4.3624e+06,2.98533e+06,1.50357e+07,0,0,0,0,58.7035,61.308,3.32251,1,1,1.5619,1.5619,0,1.30835,1.69344,9.06595e+06,3.9903e+06,1.41601e+07,0,0,0,3.10957e+08
85.485,103.622,3.58752,0.04,0,3.44697,3.44697,0,0.645902,6.16896,4.3624e+06,2.98533e+06,1.5037e+07,0,0,0,0,58.9201,61.308,2.89753,1,1,1.56204,1.56204,0,1.20672,1.69344,9.06595e+06,3.9903e+06,1.41614e+07,0,0,0,3.10957e+08
85.9743,103.622,3.9892,0.06,0,3.44729,3.44729,0,0.645962,6.16896,4.3624e+06,2.98533e+06,1.50384e+07,0,0,0,0,59.2185,61.308,3.15363,1,1,1.56219,1.56219,0,1.20684,1.69344,9.06595e+06,3.9903e+06,1.41627e+07,0,0,0,3.10957e+08
90.6656,103.622,8.9979,0.06,0,3.4476,3.4476,0,0.646021,6.16896,4.3624e+06,2.98533e+06,1.50398e+07,0,0,0,0,60.3047,61.308,6.33397,1,1,1.56233,1.56233,0,1.20695,1.69344,9.06595e+06,3.9903e+06,1.4164e+07,0,0,0,3.10957e+08
98.425,103.622,12.3065,0.07,0,3.44792,3.44792,0,0.646081,6.16896,4.3624e+06,2.98533e+06,1.50412e+07,0,0,0,0,62.0689,61.308,10.2835,1,1,1.56248,1.56248,0,1.20706,1.69344,9.06595e+06,3.9903e+06,1.41653e+07,0,0,0,3.10957e+08
102.642,103.622,8.02161,0.04,0,3.55625,3.55625,0,0.64614,6.16896,4.3624e+06,2.98533e+06,1.55138e+07,0,0,0,0,62.3362,61.308,4.63025,1,1,1.61314,1.61314,0,1.20717,1.69344,9.06595e+06,3.9903e+06,1.46246e+07,0,0,0,3.10957e+08
103.622,103.622,7.2474,0.04,0,3.55654,3.55654,0,0.66644,6.16896,4.3624e+06,2.98533e+06,1.5515e+07,0,0,0,0,62.3362,61.308,4.2511,1,1,1.61327,1.61327,0,1.24631,1.69344,9.06595e+06,3.9903e+06,1.46258e+07,0,0,0,3.10957e+08
103.622,103.622,7.35255,0.02,0,3.55684,3.55684,0,0.666496,6.16896,4.3624e+06,2.98533e+06,1.55163e+07,0,0,0,0,62.3362,61.308,4.3072,1,1,1.61341,1.61341,0,1.24641,1.69344,9.06595e+06,3.9903e+06,1.46271e+07,0,0,0,3.10957e+08
103.622,103.622,7.39253,0.02,0,3.55713,3.55713,0,0.666551,6.16896,4.3624e+06,2.98533e+06,1.55176e+07,0,0,0,0,62.3362,61.308,4.30593,1,1,1.61354,1.61354,0,1.24652,1.69344,9.06595e+06,3.9903e+06,1.46283e+07,0,0,0,3.10957e+08
103.622,103.622,7.60144,0.01,0,3.90441,3.90441,0,0.666606,6.16896,4.3624e+06,2.98533e+06,1.70326e+07,0,0,0,0,62.3362,61.308,4.87125,1,1,1.69344,1.80341,0.109967,1.24662,1.69344,9.06595e+06,3.9903e+06,1.53526e+07,0,0,0,3.10957e+08
103.622,103.622,7.54538,0.01,0,3.90473,3.90473,0,0.731686,6.16896,4.3624e+06,2.98533e+06,1.7034e+07,0,0,0,0,62.3362,61.308,4.6113,1,1,1.69344,1.80356,0.110116,1.30835,1.69344,9.06595e+06,3.9903e+06,1.53526e+07,0,0,0,3.10957e+08
103.622,103.622,7.66538,0.01,0,3.90506,3.90506,0,0.731747,6.16896,4.3624e+06,2.98533e+06,1.70354e+07,0,0,0,0,62.3362,61.308,4.34788,1,1,1.69344,1.80371,0.110266,1.30835,1.69344,9.06595e+06,3.9903e+06,1.53526e+07,0,0,0,3.10957e+08
103.622,103.622,6.71874,0.01,0,3.90538,3.90538,0,0.731808,6.16896,4.3624e+06,2.98533e+06,1.70368e+07,0,0,0,0,62.3362,61.308,4.47019,1,1,1.69344,1.80386,0.110416,1.30835,1.69344,9.06595e+06,3.9903e+06,1.53526e+07,0,0,0,3.10957e+08
103.622,103.622,6.74965,0.01,0,3.41063,3.41063,0,0.731868,6.16896,4.3624e+06,2.98533e+06,1.48785e+07,0,0,0,0,62.3362,61.308,5.31493,1,1,1.5493,1.5493,0,1.30835,1.69344,9.06595e+06,3.9903e+06,1.40458e+07,0,0,0,3.10957e+08
103.622,103.622,7.75169,0.01,0,3.41091,3.41091,0,0.639152,6.16896,4.3624e+06,2.98533e+06,1.48798e+07,0,0,0,0,62.3362,61.308,4.99065,1,1,1.54942,1.54942,0,1.19699,1.69344,9.06595e+06,3.9903e+06,1.4047e+07,0,0,0,3.10957e+08
103.622,103.622,6.28861,0.01,0,3.4112,3.4112,0,0.639205,6.16896,4.3624e+06,2.98533e+06,1.4881e+07,0,0,0,0,62.3362,61.308,3.30745,1,1,1.54955,1.54955,0,1.19709,1.69344,9.06595e+06,3.9903e+06,1.40482e+07,0,0,0,3.10957e+08
103.622,103.622,4.53027,0.01,0,3.41148,3.41148,0,0.639258,6.16896,4.3624e+06,2.98533e+06,1.48822e+07,0,0,0,0,62.3362,61.308,2.72591,1,1,1.54968,1.54968,0,1.19718,1.69344,9.06595e+06,3.9903e+06,1.40493e+07,0,0,0,3.10957e+08
103.622,103.622,4.73656,0.01,0,3.41176,3.41176,0,0.639311,6.16896,4.3624e+06,2.98533e+06,1.48835e+07,0,0,0,0,62.3362,61.308,2.34722,1,1,1.54981,1.54981,0,1.19728,1.69344,9.06595e+06,3.9903e+06,1.40505e+07,0,0,0,3.10957e+08
103.622,103.622,4.40587,0.01,0,3.53672,3.53672,0,0.639364,6.16896,4.3624e+06,2.98533e+06,1.54286e+07,0,0,0,0,62.2479,61.308,2.59681,1,1,1.61228,1.61228,0,1.19738,1.69344,9.06595e+06,3.9903e+06,1.46168e+07,0,0,0,3.10957e+08
103.622,103.622,3.73481,0.01,0,3.53701,3.53701,0,0.66278,6.16896,4.3624e+06,2.98533e+06,1.54298e+07,0,0,0,0,62.2951,61.308,2.29743,1,1,1.61241,1.61241,0,1.24564,1.69344,9.06595e+06,3.9903e+06,1.4618e+07,0,0,0,3.10957e+08
103.622,103.622,3.50461,0,0,3.5373,3.5373,0,0.662835,6.16896,4.3624e+06,2.98533e+06,1.54311e+07,0,0,0,0,62.1936,61.308,2.45961,1,1,1.61254,1.61254,0,1.24575,1.69344,9.06595e+06,3.9903e+06,1.46192e+07,0,0,0,3.10957e+08
103.622,103.622,3.52209,0,0,3.5376,3.5376,0,0.66289,6.16896,4.3624e+06,2.98533e+06,1.54324e+07,0,0,0,0,61.8294,61.308,2.24411,1,1,1.61268,1.61268,0,1.24585,1.69344,9.06595e+06,3.9903e+06,1.46205e+07,0,0,0,3.10957e+08
103.582,103.622,3.28622,0,0,3.48913,3.48913,0,0.662945,6.16896,4.3624e+06,2.98533e+06,1.5221e+07,0,0,0,0,61.291,61.308,1.99425,1,1,1.58859,1.58859,0,1.24595,1.69344,9.06595e+06,3.9903e+06,1.44021e+07,0,0,0,3.10957e+08
102.78,103.622,2.45752,0.02,0,3.48942,3.48942,0,0.653862,6.16896,4.3624e+06,2.98533e+06,1.52222e+07,0,0,0,0,60.6333,61.308,1.65514,1,1,1.58872,1.58872,0,1.22735,1.69344,9.06595e+06,3.9903e+06,1.44033e+07,0,0,0,3.10957e+08
101.773,103.622,2.25731,0.02,0,3.48971,3.48971,0,0.653917,6.16896,4.3624e+06,2.98533e+06,1.52235e+07,0,0,0,0,60.2197,61.308,1.6475,1,1,1.58886,1.58886,0,1.22745,1.69344,9.06595e+06,3.9903e+06,1.44045e+07,0,0,0,3.10957e+08
101.704,103.622,3.18873,0.02,0,3.49,3.49,0,0.653971,6.16896,4.3624e+06,2.98533e+06,1.52248e+07,0,0,0,0,59.7344,61.308,1.87202,1,1,1.58899,1.58899,0,1.22755,1.69344,9.06595e+06,3.9903e+06,1.44057e+07,0,0,0,3.10957e+08
100.845,103.622,2.44973,0.02,0,3.65585,3.65585,0,0.654025,6.16896,4.3624e+06,2.98533e+06,1.59483e+07,0,0,0,0,58.9733,61.308,1.60851,1,1,1.67503,1.67503,0,1.22765,1.69344,9.06595e+06,3.9903e+06,1.51858e+07,0,0,0,3.10957e+08
99.8341,103.622,2.25294,0.02,0,3.65616,3.65616,0,0.685107,6.16896,4.3624e+06,2.98533e+06,1.59496e+07,0,0,0,0,58.1406,61.308,1.49516,1,1,1.67517,1.67517,0,1.29413,1.69344,9.06595e+06,3.9903e+06,1.5187e+07,0,0,0,3.10957e+08
98.7304,103.622,2.13389,0.02,0,3.65646,3.65646,0,0.685164,6.16896,4.3624e+06,2.98533e+06,1.59509e+07,0,0,0,0,57.3446,61.308,1.43953,1,1,1.67531,1.67531,0,1.29424,1.69344,9.06595e+06,3.9903e+06,1.51883e+07,0,0,0,3.10957e+08
97.5219,103.622,1.99614,0.02,0,3.65676,3.65676,0,0.685221,6.16896,4.3624e+06,2.98533e+06,1.59523e+07,0,0,0,0,56.525,61.308,1.35684,1,1,1.67545,1.67545,0,1.29435,1.69344,9.06595e+06,3.9903e+06,1.51896e+07,0,0,0,3.10957e+08
96.2538,103.622,1.84992,0.02,0,3.65707,3.65707,0,0.685277,6.16896,4.3624e+06,2.98533e+06,1.59536e+07,0,0,0,0,55.5965,61.308,1.34737,1,1,1.67559,1.67559,0,1.29445,1.69344,9.06595e+06,3.9903e+06,1.51908e+07,0,0,0,3.10957e+08
94.7303,103.622,1.52244,0.02,0,3.62461,3.62461,0,0.685334,6.16896,4.3624e+06,2.98533e+06,1.5812e+07,0,0,0,0,54.5641,61.308,1.27574,1,1,1.69344,1.72297,0.0295298,1.29456,1.69344,9.06595e+06,3.9903e+06,1.53526e+07,0,0,0,3.10957e+08
93.1384,103.622,1.43547,0.02,0,3.62491,3.62491,0,0.679252,6.16896,4.3624e+06,2.98533e+06,1.58133e+07,0,0,0,0,53.5411,61.308,1.20369,1,1,1.69344,1.72311,0.0296726,1.30835,1.69344,9.06595e+06,3.9903e+06,1.53526e+07,0,0,0,3.10957e+08
91.4501,103.622,1.31344,0.04,0,3.62521,3.62521,0,0.679309,6.16896,4.3624e+06,2.98533e+06,1.58146e+07,0,0,0,0,52.4231,61.308,1.18303,1,1,1.69344,1.72326,0.0298155,1.30835,1.69344,9.06595e+06,3.9903e+06,1.53526e+07,0,0,0,3.10957e+08
89.676,103.622,1.19456,0.04,0,3.62551,3.62551,0,0.679365,6.16896,4.3624e+06,2.98533e+06,1.58159e+07,0,0,0,0,51.2519,61.308,1.07083,1,1,1.69344,1.7234,0.0299583,1.30835,1.69344,9.06595e+06,3.9903e+06,1.53526e+07,0,0,0,3.10957e+08
87.9051,103.622,1.19721,0.05,0,3.71043,3.71043,0,0.679421,6.16896,4.3624e+06,2.98533e+06,1.61864e+07,0,0,0,0,50.0161,61.308,1.02092,1,1,1.69344,1.76566,0.0722168,1.30835,1.69344,9.06595e+06,3.9903e+06,1.53526e+07,0,0,0,3.10957e+08
86.169,103.622,1.20214,0.06,0,3.71074,3.71074,0,0.695335,6.16896,4.3624e+06,2.98533e+06,1.61877e+07,0,0,0,0,48.7559,61.308,1.01394,1,1,1.69344,1.7658,0.0723632,1.30835,1.69344,9.06595e+06,3.9903e+06,1.53526e+07,0,0,0,3.10957e+08
84.3352,103.622,1.07365,0.06,0,3.71105,3.71105,0,0.695393,6.16896,4.3624e+06,2.98533e+06,1.61891e+07,0,0,0,0,47.4616,61.308,0.958371,1,1,1.69344,1.76595,0.0725096,1.30835,1.69344,9.06595e+06,3.9903e+06,1.53526e+07,0,0,0,3.10957e+08
82.4492,103.622,0.985049,0.07,0,3.71136,3.71136,0,0.695451,6.16896,4.3624e+06,2.98533e+06,1.61904e+07,0,0,0,0,46.182,61.308,0.898322,1,1,1.69344,1.7661,0.072656,1.30835,1.69344,9.06595e+06,3.9903e+06,1.53526e+07,0,0,0,3.10957e+08
80.3662,103.622,0.895125,0.11,0,3.95955,3.95955,0,0.695508,6.16896,4.3624e+06,2.98533e+06,1.72731e+07,0,0,0,0,44.9424,61.308,0.924004,1,1,1.69344,1.91831,0.224868,1.30835,1.69344,9.06595e+06,3.9903e+06,1.53526e+07,0,0,0,3.10957e+08
78.2491,103.622,0.831157,0.11,0,3.95988,3.95988,0,0.74202,6.16896,4.3624e+06,2.98533e+06,1.72746e+07,0,0,0,0,43.6619,61.308,0.946297,1,1,1.69344,1.91847,0.225027,1.30835,1.69344,9.06595e+06,3.9903e+06,1.53526e+07,0,0,0,3.10957e+08
76.1899,103.622,0.844352,0.11,0,3.96021,3.96021,0,0.742081,6.16896,4.3624e+06,2.98533e+06,1.7276e+07,0,0,0,0,42.519,61.308,0.907286,1,1,1.69344,1.91863,0.225186,1.30835,1.69344,9.06595e+06,3.9903e+06,1.53526e+07,0,0,0,3.10957e+08
74.5309,103.622,1.2231,0.1,0,3.96054,3.96054,0,0.742143,6.16896,4.3624e+06,2.98533e+06,1.72774e+07,0,0,0,0,41.4703,61.308,1.0868,1,1,1.69344,1.91879,0.225345,1.30835,1.69344,9.06595e+06,3.9903e+06,1.53526e+07,0,0,0,3.10957e+08
73.3584,103.622,1.72208,0.1,0,3.96086,3.96086,0,0.742204,6.16896,4.3624e+06,2.98533e+06,1.72789e+07,0,0,0,0,40.3823,61.308,1.22531,1,1,1.69344,1.91894,0.225504,1.30835,1.69344,9.06595e+06,3.9903e+06,1.53526e+07,0,0,0,3.10957e+08
72.2352,103.622,1.61826,0.11,0,3.84033,3.84033,0,0.742266,6.16896,4.3624e+06,2.98533e+06,1.67531e+07,0,0,0,0,39.5998,61.308,0.926562,1,1,1.69344,1.82677,0.133327,1.30835,1.69344,9.06595e+06,3.9903e+06,1.53526e+07,0,0,0,3.10957e+08
70.8989,103.622,1.38112,0.11,0,3.84065,3.84065,0,0.719678,6.16896,4.3624e+06,2.98533e+06,1.67544e+07,0,0,0,0,38.4684,61.308,1.50795,1,1,1.69344,1.82692,0.133478,1.30835,1.69344,9.06595e+06,3.9903e+06,1.53526e+07,0,0,0,3.10957e+08
69.412,103.622,1.18194,0.11,0,3.84097,3.84097,0,0.719738,6.16896,4.3624e+06,2.98533e+06,1.67558e+07,0,0,0,0,37.1216,61.308,0.838221,1,1,1.69344,1.82707,0.13363,1.30835,1.69344,9.06595e+06,3.9903e+06,1.53526e+07,0,0,0,3.10957e+08
67.9953,103.622,1.22728,0.11,0,3.84129,3.84129,0,0.719797,6.16896,4.3624e+06,2.98533e+06,1.67572e+07,0,0,0,0,36.1054,61.308,0.810914,1,1,1.69344,1.82722,0.133781,1.30835,1.69344,9.06595e+06,3.9903e+06,1.53526e+07,0,0,0,3.10957e+08
67.852,103.622,2.51865,0.11,0,3.74237,3.74237,0,0.719857,6.16896,4.3624e+06,2.98533e+06,1.63257e+07,0,0,0,0,35.5477,61.308,1.29638,1,1,1.69344,1.7433,0.0498553,1.30835,1.69344,9.06595e+06,3.9903e+06,1.53526e+07,0,0,0,3.10957e+08
68.1346,103.622,2.98589,0.11,0,3.74268,3.74268,0,0.701319,6.16896,4.3624e+06,2.98533e+06,1.6327e+07,0,0,0,0,35.2324,61.308,1.66407,1,1,1.69344,1.74344,0.0499998,1.30835,1.69344,9.06595e+06,3.9903e+06,1.53526e+07,0,0,0,3.10957e+08
71.1779,103.622,5.88531,0.09,0,3.74299,3.74299,0,0.701378,6.16896,4.3624e+06,2.98533e+06,1.63284e+07,0,0,0,0,35.1058,61.308,2.41602,1,1,1.69344,1.74358,0.0501442,1.30835,1.69344,9.06595e+06,3.9903e+06,1.53526e+07,0,0,0,3.10957e+08
73.6578,103.622,5.43833,0.09,0,3.7433,3.7433,0,0.701436,6.16896,4.3624e+06,2.98533e+06,1.63298e+07,0,0,0,0,34.8196,61.308,2.3432,1,1,1.69344,1.74373,0.0502886,1.30835,1.69344,9.06595e+06,3.9903e+06,1.53526e+07,0,0,0,3.10957e+08
75.6371,103.622,4.80293,0.06,0,3.46167,3.46167,0,0.701494,6.16896,4.3624e+06,2.98533e+06,1.51012e+07,0,0,0,0,34.9335,61.308,2.972,1,1,1.56871,1.56871,0,1.30835,1.69344,9.06595e+06,3.9903e+06,1.42218e+07,0,0,0,3.10957e+08
80.8518,103.622,8.17411,0.07,0,3.46196,3.46196,0,0.648717,6.16896,4.3624e+06,2.98533e+06,1.51024e+07,0,0,0,0,35.0175,61.308,3.47997,1,1,1.56884,1.56884,0,1.21198,1.69344,9.06595e+06,3.9903e+06,1.4223e+07,0,0,0,3.10957e+08
85.9072,103.622,8.2692,0.09,0,3.46224,3.46224,0,0.648771,6.16896,4.3624e+06,2.98533e+06,1.51037e+07,0,0,0,0,35.495,61.308,5.23176,1,1,1.56897,1.56897,0,1.21208,1.69344,9.06595e+06,3.9903e+06,1.42242e+07,0,0,0,3.10957e+08
88.1925,103.622,5.3341,0.06,0,3.46253,3.46253,0,0.648825,6.16896,4.3624e+06,2.98533e+06,1.51049e+07,0,0,0,0,35.2942,61.308,2.46873,1,1,1.5691,1.5691,0,1.21218,1.69344,9.06595e+06,3.9903e+06,1.42254e+07,0,0,0,3.10957e+08
89.6136,103.622,4.52238,0.07,0,3.46282,3.46282,0,0.648878,6.16896,4.3624e+06,2.98533e+06,1.51062e+07,0,0,0,0,35.2573,61.308,2.30532,1,1,1.56923,1.56923,0,1.21228,1.69344,9.06595e+06,3.9903e+06,1.42265e+07,0,0,0,3.10957e+08
89.962,103.622,3.68508,0.07,0,3.57158,3.57158,0,0.648932,6.16896,4.3624e+06,2.98533e+06,1.55806e+07,0,0,0,0,35.7763,61.308,3.66009,1,1,1.62009,1.62009,0,1.21238,1.69344,9.06595e+06,3.9903e+06,1.46877e+07,0,0,0,3.10957e+08
90.5791,103.622,3.97258,0.07,0,3.57184,3.57184,0,0.669313,6.16896,4.3624e+06,2.98533e+06,1.55818e+07,0,0,0,0,36.1878,61.308,3.39638,1,1,1.62021,1.62021,0,1.25168,1.69344,9.06595e+06,3.9903e+06,1.46888e+07,0,0,0,3.10957e+08
90.7989,103.622,3.51514,0.06,0,3.5721,3.5721,0,0.669363,6.16896,4.3624e+06,2.98533e+06,1.55829e+07,0,0,0,0,36.3594,61.308,2.74189,1,1,1.62033,1.62033,0,1.25178,1.69344,9.06595e+06,3.9903e+06,1.46898e+07,0,0,0,3.10957e+08
93.644,103.622,6.14535,0.05,0,3.57236,3.57236,0,0.669412,6.16896,4.3624e+06,2.98533e+06,1.55841e+07,0,0,0,0,36.6734,61.308,3.122,1,1,1.62045,1.62045,0,1.25187,1.69344,9.06595e+06,3.9903e+06,1.46909e+07,0,0,0,3.10957e+08
93.8881,103.622,3.86926,0.03,0,3.92109,3.92109,0,0.669461,6.16896,4.3624e+06,2.98533e+06,1.71054e+07,0,0,0,0,37.0722,61.308,3.40781,1,1,1.69344,1.81111,0.117673,1.25196,1.69344,9.06595e+06,3.9903e+06,1.53526e+07,0,0,0,3.10957e+08
94.2601,103.622,4.13701,0.03,0,3.92138,3.92138,0,0.734813,6.16896,4.3624e+06,2.98533e+06,1.71066e+07,0,0,0,0,37.486,61.308,3.34457,1,1,1.69344,1.81125,0.117807,1.30835,1.69344,9.06595e+06,3.9903e+06,1.53526e+07,0,0,0,3.10957e+08
94.8958,103.622,4.32764,0.03,0,3.92167,3.92167,0,0.734867,6.16896,4.3624e+06,2.98533e+06,1.71079e+07,0,0,0,0,37.6902,61.308,2.62662,1,1,1.69344,1.81138,0.11794,1.30835,1.69344,9.06595e+06,3.9903e+06,1.53526e+07,0,0,0,3.10957e+08
94.8072,103.622,3.64143,0.04,0,3.92196,3.92196,0,0.734921,6.16896,4.3624e+06,2.98533e+06,1.71091e+07,0,0,0,0,37.9868,61.308,2.91523,1,1,1.69344,1.81151,0.118073,1.30835,1.69344,9.06595e+06,3.9903e+06,1.53526e+07,0,0,0,3.10957e+08
98.926,103.622,7.74798,0.03,0,3.42508,3.42508,0,0.734975,6.16896,4.3624e+06,2.98533e+06,1.49416e+07,0,0,0,0,39.794,61.308,6.29308,1,1,1.55586,1.55586,0,1.30835,1.69344,9.06595e+06,3.9903e+06,1.41053e+07,0,0,0,3.10957e+08
101.578,103.622,6.37859,0.03,0,3.42533,3.42533,0,0.64186,6.16896,4.3624e+06,2.98533e+06,1.49427e+07,0,0,0,0,41.6074,61.308,5.30822,1,1,1.55597,1.55597,0,1.20206,1.69344,9.06595e+06,3.9903e+06,1.41064e+07,0,0,0,3.10957e+08
102.502,103.622,4.64764,0.03,0,3.42558,3.42558,0,0.641907,6.16896,4.3624e+06,2.98533e+06,1.49438e+07,0,0,0,0,42.8158,61.308,4.32594,1,1,1.55609,1.55609,0,1.20214,1.69344,9.06595e+06,3.9903e+06,1.41074e+07,0,0,0,3.10957e+08
103.553,103.622,4.65366,0.03,0,3.42583,3.42583,0,0.641954,6.16896,4.3624e+06,2.98533e+06,1.49449e+07,0,0,0,0,43.5962,61.308,3.44344,1,1,1.5562,1.5562,0,1.20223,1.69344,9.06595e+06,3.9903e+06,1.41085e+07,0,0,0,3.10957e+08
103.622,103.622,4.38174,0.02,0,3.42609,3.42609,0,0.642001,6.16896,4.3624e+06,2.98533e+06,1.49459e+07,0,0,0,0,44.6644,61.308,4.1061,1,1,1.55632,1.55632,0,1.20232,1.69344,9.06595e+06,3.9903e+06,1.41095e+07,0,0,0,3.10957e+08
103.622,103.622,5.54104,0.01,0,3.55153,3.55153,0,0.642048,6.16896,4.3624e+06,2.98533e+06,1.54932e+07,0,0,0,0,45.9536,61.308,4.83992,1,1,1.61903,1.61903,0,1.20241,1.69344,9.06595e+06,3.9903e+06,1.4678e+07,0,0,0,3.10957e+08
103.622,103.622,3.852,0,0,3.55179,3.55179,0,0.665556,6.16896,4.3624e+06,2.98533e+06,1.54943e+07,0,0,0,0,46.9134,61.308,4.071,1,1,1.61915,1.61915,0,1.25086,1.69344,9.06595e+06,3.9903e+06,1.46791e+07,0,0,0,3.10957e+08
103.429,103.622,3.30643,0,0,3.55205,3.55205,0,0.665605,6.16896,4.3624e+06,2.98533e+06,1.54955e+07,0,0,0,0,47.6405,61.308,3.52433,1,1,1.61927,1.61927,0,1.25095,1.69344,9.06595e+06,3.9903e+06,1.46802e+07,0,0,0,3.10957e+08
103.214,103.622,3.27191,0.01,0,3.55231,3.55231,0,0.665654,6.16896,4.3624e+06,2.98533e+06,1.54966e+07,0,0,0,0,48.3433,61.308,4.05687,1,1,1.61939,1.61939,0,1.25105,1.69344,9.06595e+06,3.9903e+06,1.46813e+07,0,0,0,3.10957e+08
102.861,103.622,3.02913,0.01,0,3.50361,3.50361,0,0.665703,6.16896,4.3624e+06,2.98533e+06,1.52841e+07,0,0,0,0,48.7682,61.308,3.30346,1,1,1.59519,1.59519,0,1.25114,1.69344,9.06595e+06,3.9903e+06,1.44619e+07,0,0,0,3.10957e+08
101.768,103.622,2.18451,0.02,0,3.50387,3.50387,0,0.656577,6.16896,4.3624e+06,2.98533e+06,1.52853e+07,0,0,0,0,48.869,61.308,2.68779,1,1,1.5953,1.5953,0,1.23244,1.69344,9.06595e+06,3.9903e+06,1.44629e+07,0,0,0,3.10957e+08
100.5,103.622,2.00315,0.01,0,3.50413,3.50413,0,0.656625,6.16896,4.3624e+06,2.98533e+06,1.52864e+07,0,0,0,0,48.9581,61.308,2.67734,1,1,1.59542,1.59542,0,1.23253,1.69344,9.06595e+06,3.9903e+06,1.4464e+07,0,0,0,3.10957e+08
100.055,103.622,2.82335,0.01,0,3.50438,3.50438,0,0.656673,6.16896,4.3624e+06,2.98533e+06,1.52875e+07,0,0,0,0,49.1845,61.308,3.0352,1,1,1.59554,1.59554,0,1.23262,1.69344,9.06595e+06,3.9903e+06,1.44651e+07,0,0,0,3.10957e+08
98.9447,103.622,2.21629,0.01,0,3.67089,3.67089,0,0.656721,6.16896,4.3624e+06,2.98533e+06,1.60139e+07,0,0,0,0,49.1667,61.308,2.55321,1,1,1.68192,1.68192,0,1.23271,1.69344,9.06595e+06,3.9903e+06,1.52482e+07,0,0,0,3.10957e+08
97.717,103.622,2.00713,0.02,0,3.67116,3.67116,0,0.687925,6.16896,4.3624e+06,2.98533e+06,1.60151e+07,0,0,0,0,48.9654,61.308,2.21646,1,1,1.68205,1.68205,0,1.29945,1.69344,9.06595e+06,3.9903e+06,1.52494e+07,0,0,0,3.10957e+08
96.4115,103.622,1.88996,0.02,0,3.67143,3.67143,0,0.687975,6.16896,4.3624e+06,2.98533e+06,1.60162e+07,0,0,0,0,48.7882,61.308,2.24751,1,1,1.68217,1.68217,0,1.29955,1.69344,9.06595e+06,3.9903e+06,1.52505e+07,0,0,0,3.10957e+08
95.0571,103.622,1.81678,0.02,0,3.6717,3.6717,0,0.688026,6.16896,4.3624e+06,2.98533e+06,1.60174e+07,0,0,0,0,48.624,61.308,2.18234,1,1,1.6823,1.6823,0,1.29965,1.69344,9.06595e+06,3.9903e+06,1.52516e+07,0,0,0,3.10957e+08
93.6186,103.622,1.70154,0.02,0,3.67197,3.67197,0,0.688077,6.16896,4.3624e+06,2.98533e+06,1.60186e+07,0,0,0,0,48.4117,61.308,2.03286,1,1,1.68242,1.68242,0,1.29974,1.69344,9.06595e+06,3.9903e+06,1.52527e+07,0,0,0,3.10957e+08
92.3157,103.622,1.82152,0.02,0,3.63935,3.63935,0,0.688127,6.16896,4.3624e+06,2.98533e+06,1.58763e+07,0,0,0,0,48.1653,61.308,2.13898,1,1,1.69344,1.72998,0.0365355,1.29984,1.69344,9.06595e+06,3.9903e+06,1.53526e+07,0,0,0,3.10957e+08
90.9801,103.622,1.76523,0.03,0,3.63962,3.63962,0,0.682014,6.16896,4.3624e+06,2.98533e+06,1.58775e+07,0,0,0,0,47.8864,61.308,2.10388,1,1,1.69344,1.7301,0.0366627,1.30835,1.69344,9.06595e+06,3.9903e+06,1.53526e+07,0,0,0,3.10957e+08
89.5244,103.622,1.58734,0.04,0,3.63989,3.63989,0,0.682064,6.16896,4.3624e+06,2.98533e+06,1.58786e+07,0,0,0,0,47.5421,61.308,1.93743,1,1,1.69344,1.73023,0.0367899,1.30835,1.69344,9.06595e+06,3.9903e+06,1.53526e+07,0,0,0,3.10957e+08
88.0035,103.622,1.49084,0.04,0,3.64015,3.64015,0,0.682115,6.16896,4.3624e+06,2.98533e+06,1.58798e+07,0,0,0,0,47.175,61.308,1.97296,1,1,1.69344,1.73036,0.0369171,1.30835,1.69344,9.06595e+06,3.9903e+06,1.53526e+07,0,0,0,3.10957e+08
86.4548,103.622,1.48465,0.04,0,3.72538,3.72538,0,0.682165,6.16896,4.3624e+06,2.98533e+06,1.62516e+07,0,0,0,0,46.8664,61.308,2.0116,1,1,1.69344,1.77277,0.0793296,1.30835,1.69344,9.06595e+06,3.9903e+06,1.53526e+07,0,0,0,3.10957e+08
84.8696,103.622,1.44576,0.04,0,3.72566,3.72566,0,0.698136,6.16896,4.3624e+06,2.98533e+06,1.62528e+07,0,0,0,0,46.4807,61.308,1.91912,1,1,1.69344,1.7729,0.07946,1.30835,1.69344,9.06595e+06,3.9903e+06,1.53526e+07,0,0,0,3.10957e+08
83.232,103.622,1.33619,0.05,0,3.72593,3.72593,0,0.698188,6.16896,4.3624e+06,2.98533e+06,1.6254e+07,0,0,0,0,45.9415,61.308,1.85536,1,1,1.69344,1.77303,0.0795903,1.30835,1.69344,9.06595e+06,3.9903e+06,1.53526e+07,0,0,0,3.10957e+08
81.5193,103.622,1.21883,0.05,0,3.7262,3.7262,0,0.698239,6.16896,4.3624e+06,2.98533e+06,1.62552e+07,0,0,0,0,45.4938,61.308,1.62239,1,1,1.69344,1.77316,0.0797206,1.30835,1.69344,9.06595e+06,3.9903e+06,1.53526e+07,0,0,0,3.10957e+08
79.8205,103.622,1.39429,0.09,0,3.97535,3.97535,0,0.69829,6.16896,4.3624e+06,2.98533e+06,1.73421e+07,0,0,0,0,45.1683,61.308,2.22594,1,1,1.69344,1.92596,0.232524,1.30835,1.69344,9.06595e+06,3.9903e+06,1.53526e+07,0,0,0,3.10957e+08
77.7595,103.622,0.971461,0.11,0,3.97564,3.97564,0,0.744981,6.16896,4.3624e+06,2.98533e+06,1.73433e+07,0,0,0,0,44.7718,61.308,2.03885,1,1,1.69344,1.92611,0.232665,1.30835,1.69344,9.06595e+06,3.9903e+06,1.53526e+07,0,0,0,3.10957e+08
75.6983,103.622,0.920295,0.09,0,3.97594,3.97594,0,0.745036,6.16896,4.3624e+06,2.98533e+06,1.73446e+07,0,0,0,0,44.3339,61.308,1.90214,1,1,1.69344,1.92625,0.232807,1.30835,1.69344,9.06595e+06,3.9903e+06,1.53526e+07,0,0,0,3.10957e+08
73.9701,103.622,1.22443,0.09,0,3.97623,3.97623,0,0.745091,6.16896,4.3624e+06,2.98533e+06,1.73459e+07,0,0,0,0,43.9492,61.308,2.14538,1,1,1.69344,1.92639,0.232949,1.30835,1.69344,9.06595e+06,3.9903e+06,1.53526e+07,0,0,0,3.10957e+08
72.7359,103.622,1.75568,0.09,0,3.97652,3.97652,0,0.745145,6.16896,4.3624e+06,2.98533e+06,1.73472e+07,0,0,0,0,43.7497,61.308,2.52428,1,1,1.69344,1.92653,0.23309,1.30835,1.69344,9.06595e+06,3.9903e+06,1.53526e+07,0,0,0,3.10957e+08
71.3208,103.622,1.44192,0.08,0,3.85548,3.85548,0,0.7452,6.16896,4.3624e+06,2.98533e+06,1.68191e+07,0,0,0,0,43.8513,61.308,3.85137,1,1,1.69344,1.83397,0.140531,1.30835,1.69344,9.06595e+06,3.9903e+06,1.53526e+07,0,0,0,3.10957e+08
69.6879,103.622,1.14753,0.11,0,3.85576,3.85576,0,0.722516,6.16896,4.3624e+06,2.98533e+06,1.68204e+07,0,0,0,0,43.4864,61.308,2.17708,1,1,1.69344,1.83411,0.140666,1.30835,1.69344,9.06595e+06,3.9903e+06,1.53526e+07,0,0,0,3.10957e+08
68.0694,103.622,1.11321,0.11,0,3.85604,3.85604,0,0.722569,6.16896,4.3624e+06,2.98533e+06,1.68216e+07,0,0,0,0,43.081,61.308,1.99668,1,1,1.69344,1.83424,0.140801,1.30835,1.69344,9.06595e+06,3.9903e+06,1.53526e+07,0,0,0,3.10957e+08
67.3574,103.622,2.33306,0.11,0,3.85633,3.85633,0,0.722623,6.16896,4.3624e+06,2.98533e+06,1.68228e+07,0,0,0,0,43.354,61.308,3.23212,1,1,1.69344,1.83438,0.140936,1.30835,1.69344,9.06595e+06,3.9903e+06,1.53526e+07,0,0,0,3.10957e+08
67.7276,103.622,3.3366,0.1,0,3.75698,3.75698,0,0.722676,6.16896,4.3624e+06,2.98533e+06,1.63895e+07,0,0,0,0,43.4596,61.308,3.14385,1,1,1.69344,1.7501,0.0566648,1.30835,1.69344,9.06595e+06,3.9903e+06,1.53526e+07,0,0,0,3.10957e+08
66.9007,103.622,2.04874,0.09,0,3.75726,3.75726,0,0.704059,6.16896,4.3624e+06,2.98533e+06,1.63907e+07,0,0,0,0,43.202,61.308,1.98831,1,1,1.69344,1.75023,0.0567934,1.30835,1.69344,9.06595e+06,3.9903e+06,1.53526e+07,0,0,0,3.10957e+08
66.8436,103.622,2.85225,0.09,0,3.75754,3.75754,0,0.704111,6.16896,4.3624e+06,2.98533e+06,1.63919e+07,0,0,0,0,43.0044,61.308,1.80991,1,1,1.69344,1.75036,0.056922,1.30835,1.69344,9.06595e+06,3.9903e+06,1.53526e+07,0,0,0,3.10957e+08
70.8136,103.622,7.28537,0.09,0,3.75781,3.75781,0,0.704162,6.16896,4.3624e+06,2.98533e+06,1.63931e+07,0,0,0,0,44.1384,61.308,5.92082,1,1,1.69344,1.75049,0.0570507,1.30835,1.69344,9.06595e+06,3.9903e+06,1.53526e+07,0,0,0,3.10957e+08
72.4094,103.622,4.58472,0.09,0,3.47506,3.47506,0,0.704214,6.16896,4.3624e+06,2.98533e+06,1.51596e+07,0,0,0,0,44.7314,61.308,3.96245,1,1,1.57478,1.57478,0,1.30835,1.69344,9.06595e+06,3.9903e+06,1.42768e+07,0,0,0,3.10957e+08
73.2059,103.622,3.89671,0.1,0,3.47532,3.47532,0,0.651227,6.16896,4.3624e+06,2.98533e+06,1.51607e+07,0,0,0,0,45.8731,61.308,4.73221,1,1,1.57489,1.57489,0,1.21667,1.69344,9.06595e+06,3.9903e+06,1.42779e+07,0,0,0,3.10957e+08
74.3782,103.622,4.31131,0.09,0,3.47557,3.47557,0,0.651274,6.16896,4.3624e+06,2.98533e+06,1.51618e+07,0,0,0,0,47.0388,61.308,4.59687,1,1,1.57501,1.57501,0,1.21676,1.69344,9.06595e+06,3.9903e+06,1.42789e+07,0,0,0,3.10957e+08
74.9844,103.622,3.74787,0.09,0,3.47583,3.47583,0,0.651322,6.16896,4.3624e+06,2.98533e+06,1.51629e+07,0,0,0,0,48.179,61.308,4.47544,1,1,1.57512,1.57512,0,1.21685,1.69344,9.06595e+06,3.9903e+06,1.428e+07,0,0,0,3.10957e+08
77.1771,103.622,5.33634,0.09,0,3.47608,3.47608,0,0.65137,6.16896,4.3624e+06,2.98533e+06,1.51641e+07,0,0,0,0,49.2241,61.308,4.71498,1,1,1.57524,1.57524,0,1.21694,1.69344,9.06595e+06,3.9903e+06,1.4281e+07,0,0,0,3.10957e+08
84.0549,103.622,10.7074,0.09,0,3.47608,3.47608,0,0.651418,6.16896,4.3624e+06,2.98533e+06,1.51641e+07,0,0,0,0,52.1862,61.308,7.71272,1,1,1.57524,1.57524,0,1.21703,1.69344,9.06595e+06,3.9903e+06,1.4281e+07,0,0,0,3.10957e+08
88.6828,103.622,8.50407,0.06,0,3.58523,3.58523,0,0.651418,6.16896,4.3624e+06,2.98533e+06,1.56402e+07,0,0,0,0,53.5832,61.308,6.12238,1,1,1.62628,1.62628,0,1.21703,1.69344,9.06595e+06,3.9903e+06,1.47438e+07,0,0,0,3.10957e+08
92.3235,103.622,7.44841,0.05,0,3.58546,3.58546,0,0.671871,6.16896,4.3624e+06,2.98533e+06,1.56412e+07,0,0,0,0,54.7228,61.308,5.61258,1,1,1.62639,1.62639,0,1.25647,1.69344,9.06595e+06,3.9903e+06,1.47448e+07,0,0,0,3.10957e+08
94.9071,103.622,6.36688,0.05,0,3.58569,3.58569,0,0.671914,6.16896,4.3624e+06,2.98533e+06,1.56422e+07,0,0,0,0,55.2223,61.308,4.16817,1,1,1.62649,1.62649,0,1.25655,1.69344,9.06595e+06,3.9903e+06,1.47457e+07,0,0,0,3.10957e+08
98.5662,103.622,7.71887,0.03,0,3.58592,3.58592,0,0.671958,6.16896,4.3624e+06,2.98533e+06,1.56432e+07,0,0,0,0,56.0814,61.308,5.15957,1,1,1.6266,1.6266,0,1.25663,1.69344,9.06595e+06,3.9903e+06,1.47467e+07,0,0,0,3.10957e+08
101.068,103.622,6.72806,0.03,0,3.93593,3.93593,0,0.672001,6.16896,4.3624e+06,2.98533e+06,1.71701e+07,0,0,0,0,57.4906,61.308,6.40461,1,1,1.69344,1.81797,0.124527,1.25671,1.69344,9.06595e+06,3.9903e+06,1.53526e+07,0,0,0,3.10957e+08
103.622,103.622,9.22052,0.03,0,3.93618,3.93618,0,0.737594,6.16896,4.3624e+06,2.98533e+06,1.71712e+07,0,0,0,0,59.2304,61.308,7.30115,1,1,1.69344,1.81808,0.124644,1.30835,1.69344,9.06595e+06,3.9903e+06,1.53526e+07,0,0,0,3.10957e+08
103.622,103.622,11.4887,0.01,0,3.93644,3.93644,0,0.737641,6.16896,4.3624e+06,2.98533e+06,1.71723e+07,0,0,0,0,61.7603,61.308,8.39306,1,1,1.69344,1.8182,0.124761,1.30835,1.69344,9.06595e+06,3.9903e+06,1.53526e+07,0,0,0,3.10957e+08
103.622,103.622,10.2498,0.01,0,3.93669,3.93669,0,0.737688,6.16896,4.3624e+06,2.98533e+06,1.71734e+07,0,0,0,0,62.3362,61.308,7.93016,1,1,1.69344,1.81832,0.124878,1.30835,1.69344,9.06595e+06,3.9903e+06,1.53526e+07,0,0,0,3.10957e+08
103.622,103.622,9.06625,0.01,0,3.43791,3.43791,0,0.737736,6.16896,4.3624e+06,2.98533e+06,1.49975e+07,0,0,0,0,62.3362,61.308,8.24369,1,1,1.56169,1.56169,0,1.30835,1.69344,9.06595e+06,3.9903e+06,1.41582e+07,0,0,0,3.10957e+08
103.622,103.622,6.96931,0.01,0,3.43813,3.43813,0,0.644265,6.16896,4.3624e+06,2.98533e+06,1.49985e+07,0,0,0,0,62.3362,61.308,5.87768,1,1,1.56179,1.56179,0,1.20656,1.69344,9.06595e+06,3.9903e+06,1.41591e+07,0,0,0,3.10957e+08
103.622,103.622,6.55739,0.01,0,3.43835,3.43835,0,0.644306,6.16896,4.3624e+06,2.98533e+06,1.49995e+07,0,0,0,0,62.3362,61.308,5.47816,1,1,1.56189,1.56189,0,1.20664,1.69344,9.06595e+06,3.9903e+06,1.416e+07,0,0,0,3.10957e+08
103.622,103.622,5.76538,0.01,0,3.43857,3.43857,0,0.644347,6.16896,4.3624e+06,2.98533e+06,1.50004e+07,0,0,0,0,62.3362,61.308,5.05867,1,1,1.56199,1.56199,0,1.20672,1.69344,9.06595e+06,3.9903e+06,1.41609e+07,0,0,0,3.10957e+08
103.622,103.622,9.6014,0.01,0,3.4388,3.4388,0,0.644389,6.16896,4.3624e+06,2.98533e+06,1.50014e+07,0,0,0,0,62.3362,61.308,6.6321,1,1,1.56209,1.56209,0,1.20679,1.69344,9.06595e+06,3.9903e+06,1.41618e+07,0,0,0,3.10957e+08
103.622,103.622,9.01673,0,0,3.56467,3.56467,0,0.64443,6.16896,4.3624e+06,2.98533e+06,1.55505e+07,0,0,0,0,62.3362,61.308,7.42697,1,1,1.62502,1.62502,0,1.20687,1.69344,9.06595e+06,3.9903e+06,1.47324e+07,0,0,0,3.10957e+08
103.622,103.622,6.69628,0,0,3.5649,3.5649,0,0.668019,6.16896,4.3624e+06,2.98533e+06,1.55515e+07,0,0,0,0,62.3362,61.308,5.36681,1,1,1.62512,1.62512,0,1.25549,1.69344,9.06595e+06,3.9903e+06,1.47333e+07,0,0,0,3.10957e+08
103.622,103.622,6.1888,0,0,3.56513,3.56513,0,0.668062,6.16896,4.3624e+06,2.98533e+06,1.55525e+07,0,0,0,0,62.3362,61.308,4.89843,1,1,1.62523,1.62523,0,1.25557,1.69344,9.06595e+06,3.9903e+06,1.47342e+07,0,0,0,3.10957e+08
103.622,103.622,6.33216,0,0,3.56536,3.56536,0,0.668105,6.16896,4.3624e+06,2.98533e+06,1.55535e+07,0,0,0,0,62.3362,61.308,6.15982,1,1,1.62533,1.62533,0,1.25565,1.69344,9.06595e+06,3.9903e+06,1.47352e+07,0,0,0,3.10957e+08
103.622,103.622,5.16404,0,0,3.51644,3.51644,0,0.668148,6.16896,4.3624e+06,2.98533e+06,1.53401e+07,0,0,0,0,62.3362,61.308,3.70238,1,1,1.60103,1.60103,0,1.25573,1.69344,9.06595e+06,3.9903e+06,1.45149e+07,0,0,0,3.10957e+08
103.622,103.622,4.36037,0,0,3.51667,3.51667,0,0.658982,6.16896,4.3624e+06,2.98533e+06,1.53411e+07,0,0,0,0,62.3362,61.308,3.35175,1,1,1.60113,1.60113,0,1.23695,1.69344,9.06595e+06,3.9903e+06,1.45158e+07,0,0,0,3.10957e+08
103.622,103.622,3.85275,0,0,3.5169,3.5169,0,0.659024,6.16896,4.3624e+06,2.98533e+06,1.53421e+07,0,0,0,0,62.3362,61.308,2.94492,1,1,1.60123,1.60123,0,1.23703,1.69344,9.06595e+06,3.9903e+06,1.45167e+07,0,0,0,3.10957e+08
103.622,103.622,3.66381,0.01,0,3.51712,3.51712,0,0.659066,6.16896,4.3624e+06,2.98533e+06,1.53431e+07,0,0,0,0,62.3362,61.308,2.72424,1,1,1.60134,1.60134,0,1.23711,1.69344,9.06595e+06,3.9903e+06,1.45177e+07,0,0,0,3.10957e+08
103.622,103.622,4.27961,0.01,0,3.6842,3.6842,0,0.659109,6.16896,4.3624e+06,2.98533e+06,1.6072e+07,0,0,0,0,62.3163,61.308,2.85922,1,1,1.68802,1.68802,0,1.23719,1.69344,9.06595e+06,3.9903e+06,1.53035e+07,0,0,0,3.10957e+08
103.622,103.622,4.12801,0.01,0,3.68444,3.68444,0,0.690419,6.16896,4.3624e+06,2.98533e+06,1.6073e+07,0,0,0,0,62.3138,61.308,3.09334,1,1,1.68813,1.68813,0,1.30417,1.69344,9.06595e+06,3.9903e+06,1.53045e+07,0,0,0,3.10957e+08
103.622,103.622,3.79285,0.01,0,3.68467,3.68467,0,0.690464,6.16896,4.3624e+06,2.98533e+06,1.6074e+07,0,0,0,0,62.2622,61.308,2.93928,1,1,1.68824,1.68824,0,1.30425,1.69344,9.06595e+06,3.9903e+06,1.53055e+07,0,0,0,3.10957e+08
103.622,103.622,3.60163,0.01,0,3.68491,3.68491,0,0.690508,6.16896,4.3624e+06,2.98533e+06,1.60751e+07,0,0,0,0,62.1907,61.308,2.97283,1,1,1.68835,1.68835,0,1.30433,1.69344,9.06595e+06,3.9903e+06,1.53065e+07,0,0,0,3.10957e+08
103.36,103.622,3.08474,0.02,0,3.68515,3.68515,0,0.690552,6.16896,4.3624e+06,2.98533e+06,1.60761e+07,0,0,0,0,61.8015,61.308,2.04238,1,1,1.68846,1.68846,0,1.30442,1.69344,9.06595e+06,3.9903e+06,1.53075e+07,0,0,0,3.10957e+08
102.942,103.622,2.87947,0.02,0,3.65238,3.65238,0,0.690597,6.16896,4.3624e+06,2.98533e+06,1.59331e+07,0,0,0,0,61.3809,61.308,1.79059,1,1,1.69344,1.73617,0.0427277,1.3045,1.69344,9.06595e+06,3.9903e+06,1.53526e+07,0,0,0,3.10957e+08
102.297,103.622,2.64162,0.02,0,3.65261,3.65261,0,0.684455,6.16896,4.3624e+06,2.98533e+06,1.59341e+07,0,0,0,0,60.8021,61.308,1.78671,1,1,1.69344,1.73628,0.0428391,1.30835,1.69344,9.06595e+06,3.9903e+06,1.53526e+07,0,0,0,3.10957e+08
101.435,103.622,2.39617,0.02,0,3.65285,3.65285,0,0.684499,6.16896,4.3624e+06,2.98533e+06,1.59352e+07,0,0,0,0,60.1576,61.308,1.59376,1,1,1.69344,1.73639,0.0429507,1.30835,1.69344,9.06595e+06,3.9903e+06,1.53526e+07,0,0,0,3.10957e+08
100.556,103.622,2.32664,0.02,0,3.65308,3.65308,0,0.684543,6.16896,4.3624e+06,2.98533e+06,1.59362e+07,0,0,0,0,59.4005,61.308,1.52155,1,1,1.69344,1.7365,0.0430623,1.30835,1.69344,9.06595e+06,3.9903e+06,1.53526e+07,0,0,0,3.10957e+08
99.7353,103.622,2.42422,0.03,0,3.73858,3.73858,0,0.684587,6.16896,4.3624e+06,2.98533e+06,1.63092e+07,0,0,0,0,58.5271,61.308,1.4624,1,1,1.69344,1.77905,0.0856089,1.30835,1.69344,9.06595e+06,3.9903e+06,1.53526e+07,0,0,0,3.10957e+08
98.6373,103.622,2.128,0.03,0,3.73882,3.73882,0,0.700609,6.16896,4.3624e+06,2.98533e+06,1.63102e+07,0,0,0,0,57.6145,61.308,1.34921,1,1,1.69344,1.77916,0.0857232,1.30835,1.69344,9.06595e+06,3.9903e+06,1.53526e+07,0,0,0,3.10957e+08
97.4014,103.622,1.96906,0.04,0,3.73906,3.73906,0,0.700654,6.16896,4.3624e+06,2.98533e+06,1.63113e+07,0,0,0,0,56.6901,61.308,1.29231,1,1,1.69344,1.77928,0.0858376,1.30835,1.69344,9.06595e+06,3.9903e+06,1.53526e+07,0,0,0,3.10957e+08
95.8991,103.622,1.65949,0.04,0,3.7393,3.7393,0,0.700699,6.16896,4.3624e+06,2.98533e+06,1.63123e+07,0,0,0,0,55.833,61.308,1.2847,1,1,1.69344,1.77939,0.0859519,1.30835,1.69344,9.06595e+06,3.9903e+06,1.53526e+07,0,0,0,3.10957e+08
94.4597,103.622,1.90692,0.05,0,3.98929,3.98929,0,0.700744,6.16896,4.3624e+06,2.98533e+06,1.74029e+07,0,0,0,0,54.9561,61.308,1.36244,1,1,1.69344,1.93271,0.239274,1.30835,1.69344,9.06595e+06,3.9903e+06,1.53526e+07,0,0,0,3.10957e+08
92.9276,103.622,1.78965,0.04,0,3.98954,3.98954,0,0.747592,6.16896,4.3624e+06,2.98533e+06,1.7404e+07,0,0,0,0,54.1888,61.308,1.28729,1,1,1.69344,1.93284,0.239398,1.30835,1.69344,9.06595e+06,3.9903e+06,1.53526e+07,0,0,0,3.10957e+08
91.8091,103.622,2.21882,0.06,0,3.9898,3.9898,0,0.74764,6.16896,4.3624e+06,2.98533e+06,1.74051e+07,0,0,0,0,53.3582,61.308,1.41461,1,1,1.69344,1.93296,0.239522,1.30835,1.69344,9.06595e+06,3.9903e+06,1.53526e+07,0,0,0,3.10957e+08
90.3205,103.622,1.78722,0.07,0,3.99005,3.99005,0,0.747688,6.16896,4.3624e+06,2.98533e+06,1.74062e+07,0,0,0,0,52.8045,61.308,1.29488,1,1,1.69344,1.93309,0.239647,1.30835,1.69344,9.06595e+06,3.9903e+06,1.53526e+07,0,0,0,3.10957e+08
90.0072,103.622,3.15759,0.08,0,3.99031,3.99031,0,0.747736,6.16896,4.3624e+06,2.98533e+06,1.74073e+07,0,0,0,0,52.4029,61.308,2.50813,1,1,1.69344,1.93321,0.239771,1.30835,1.69344,9.06595e+06,3.9903e+06,1.53526e+07,0,0,0,3.10957e+08
90.2674,103.622,3.72051,0.07,0,3.86881,3.86881,0,0.747784,6.16896,4.3624e+06,2.98533e+06,1.68773e+07,0,0,0,0,52.2013,61.308,3.32523,1,1,1.69344,1.84031,0.146874,1.30835,1.69344,9.06595e+06,3.9903e+06,1.53526e+07,0,0,0,3.10957e+08
90.3808,103.622,3.58524,0.06,0,3.86906,3.86906,0,0.725015,6.16896,4.3624e+06,2.98533e+06,1.68784e+07,0,0,0,0,51.8894,61.308,3.10953,1,1,1.69344,1.84043,0.146992,1.30835,1.69344,9.06595e+06,3.9903e+06,1.53526e+07,0,0,0,3.10957e+08
89.9663,103.622,3.03722,0.05,0,3.86931,3.86931,0,0.725062,6.16896,4.3624e+06,2.98533e+06,1.68795e+07,0,0,0,0,51.5051,61.308,2.70911,1,1,1.69344,1.84055,0.14711,1.30835,1.69344,9.06595e+06,3.9903e+06,1.53526e+07,0,0,0,3.10957e+08
90.4234,103.622,3.93912,0.06,0,3.86956,3.86956,0,0.725108,6.16896,4.3624e+06,2.98533e+06,1.68805e+07,0,0,0,0,51.4832,61.308,3.95178,1,1,1.69344,1.84067,0.147228,1.30835,1.69344,9.06595e+06,3.9903e+06,1.53526e+07,0,0,0,3.10957e+08
91.0547,103.622,4.2114,0.04,0,3.76984,3.76984,0,0.725155,6.16896,4.3624e+06,2.98533e+06,1.64455e+07,0,0,0,0,51.8901,61.308,5.0882,1,1,1.69344,1.75609,0.0626522,1.30835,1.69344,9.06595e+06,3.9903e+06,1.53526e+07,0,0,0,3.10957e+08
91.5073,103.622,3.8763,0.04,0,3.77008,3.77008,0,0.706468,6.16896,4.3624e+06,2.98533e+06,1.64466e+07,0,0,0,0,51.9366,61.308,3.01056,1,1,1.69344,1.7562,0.062765,1.30835,1.69344,9.06595e+06,3.9903e+06,1.53526e+07,0,0,0,3.10957e+08
92.3313,103.622,4.14085,0.04,0,3.77032,3.77032,0,0.706513,6.16896,4.3624e+06,2.98533e+06,1.64476e+07,0,0,0,0,51.9393,61.308,3.57573,1,1,1.69344,1.75632,0.0628777,1.30835,1.69344,9.06595e+06,3.9903e+06,1.53526e+07,0,0,0,3.10957e+08
92.8614,103.622,3.89527,0.04,0,3.77056,3.77056,0,0.706558,6.16896,4.3624e+06,2.98533e+06,1.64487e+07,0,0,0,0,52.1419,61.308,3.90687,1,1,1.69344,1.75643,0.0629906,1.30835,1.69344,9.06595e+06,3.9903e+06,1.53526e+07,0,0,0,3.10957e+08
92.6456,103.622,3.16045,0.04,0,3.48682,3.48682,0,0.706604,6.16896,4.3624e+06,2.98533e+06,1.52109e+07,0,0,0,0,52.4518,61.308,4.36774,1,1,1.5801,1.5801,0,1.30835,1.69344,9.06595e+06,3.9903e+06,1.43252e+07,0,0,0,3.10957e+08
93.8813,103.622,4.81494,0.05,0,3.48705,3.48705,0,0.65343,6.16896,4.3624e+06,2.98533e+06,1.52119e+07,0,0,0,0,53.9789,61.308,6.69213,1,1,1.58021,1.58021,0,1.22079,1.69344,9.06595e+06,3.9903e+06,1.43261e+07,0,0,0,3.10957e+08
95.4213,103.622,5.19779,0.04,0,3.48727,3.48727,0,0.653472,6.16896,4.3624e+06,2.98533e+06,1.52129e+07,0,0,0,0,54.8981,61.308,6.97546,1,1,1.58031,1.58031,0,1.22087,1.69344,9.06595e+06,3.9903e+06,1.4327e+07,0,0,0,3.10957e+08
96.1727,103.622,4.2546,0.04,0,3.48749,3.48749,0,0.653514,6.16896,4.3624e+06,2.98533e+06,1.52138e+07,0,0,0,0,54.7876,61.308,3.18362,1,1,1.58041,1.58041,0,1.22095,1.69344,9.06595e+06,3.9903e+06,1.43279e+07,0,0,0,3.10957e+08
95.574,103.622,2.69866,0.04,0,3.48772,3.48772,0,0.653556,6.16896,4.3624e+06,2.98533e+06,1.52148e+07,0,0,0,0,54.7026,61.308,2.71052,1,1,1.58051,1.58051,0,1.22102,1.69344,9.06595e+06,3.9903e+06,1.43288e+07,0,0,0,3.10957e+08
100.092,103.622,8.50903,0.04,0,3.59719,3.59719,0,0.653598,6.16896,4.3624e+06,2.98533e+06,1.56924e+07,0,0,0,0,54.9563,61.308,3.58491,1,1,1.63171,1.63171,0,1.2211,1.69344,9.06595e+06,3.9903e+06,1.4793e+07,0,0,0,3.10957e+08
101.764,103.622,5.38869,0.04,0,3.59739,3.59739,0,0.674114,6.16896,4.3624e+06,2.98533e+06,1.56932e+07,0,0,0,0,55.2237,61.308,3.55387,1,1,1.6318,1.6318,0,1.26066,1.69344,9.06595e+06,3.9903e+06,1.47938e+07,0,0,0,3.10957e+08
101.498,103.622,3.25329,0.03,0,3.59759,3.59759,0,0.674151,6.16896,4.3624e+06,2.98533e+06,1.56941e+07,0,0,0,0,55.6517,61.308,3.93875,1,1,1.63189,1.63189,0,1.26073,1.69344,9.06595e+06,3.9903e+06,1.47947e+07,0,0,0,3.10957e+08
103.622,103.622,9.01068,0.03,0,3.59779,3.59779,0,0.674188,6.16896,4.3624e+06,2.98533e+06,1.5695e+07,0,0,0,0,56.9158,61.308,6.93572,1,1,1.63198,1.63198,0,1.2608,1.69344,9.06595e+06,3.9903e+06,1.47955e+07,0,0,0,3.10957e+08
103.205,103.622,3.31727,0.01,0,3.94893,3.94893,0,0.674225,6.16896,4.3624e+06,2.98533e+06,1.72268e+07,0,0,0,0,56.7975,61.308,2.23695,1,1,1.69344,1.82397,0.130529,1.26087,1.69344,9.06595e+06,3.9903e+06,1.53526e+07,0,0,0,3.10957e+08
103.305,103.622,3.89073,0.04,0,3.94914,3.94914,0,0.740029,6.16896,4.3624e+06,2.98533e+06,1.72277e+07,0,0,0,0,56.8978,61.308,2.86928,1,1,1.69344,1.82407,0.130629,1.30835,1.69344,9.06595e+06,3.9903e+06,1.53526e+07,0,0,0,3.10957e+08
103.517,103.622,4.06101,0.04,0,3.94936,3.94936,0,0.740069,6.16896,4.3624e+06,2.98533e+06,1.72287e+07,0,0,0,0,57.1749,61.308,3.39478,1,1,1.69344,1.82417,0.13073,1.30835,1.69344,9.06595e+06,3.9903e+06,1.53526e+07,0,0,0,3.10957e+08
103.622,103.622,4.10375,0.04,0,3.94958,3.94958,0,0.74011,6.16896,4.3624e+06,2.98533e+06,1.72296e+07,0,0,0,0,57.4578,61.308,3.52512,1,1,1.69344,1.82427,0.13083,1.30835,1.69344,9.06595e+06,3.9903e+06,1.53526e+07,0,0,0,3.10957e+08
103.622,103.622,4.81743,0.01,0,3.44913,3.44913,0,0.740151,6.16896,4.3624e+06,2.98533e+06,1.50465e+07,0,0,0,0,58.2357,61.308,4.41861,1,1,1.56679,1.56679,0,1.30835,1.69344,9.06595e+06,3.9903e+06,1.42044e+07,0,0,0,3.10957e+08
103.622,103.622,5.09604,0.01,0,3.44933,3.44933,0,0.646368,6.16896,4.3624e+06,2.98533e+06,1.50473e+07,0,0,0,0,58.853,61.308,5.18113,1,1,1.56687,1.56687,0,1.2105,1.69344,9.06595e+06,3.9903e+06,1.42052e+07,0,0,0,3.10957e+08
103.622,103.622,4.26184,0.01,0,3.44952,3.44952,0,0.646404,6.16896,4.3624e+06,2.98533e+06,1.50482e+07,0,0,0,0,59.1953,61.308,3.6889,1,1,1.56696,1.56696,0,1.21057,1.69344,9.06595e+06,3.9903e+06,1.4206e+07,0,0,0,3.10957e+08
103.622,103.622,4.62096,0.01,0,3.44971,3.44971,0,0.646439,6.16896,4.3624e+06,2.98533e+06,1.5049e+07,0,0,0,0,59.5465,61.308,3.7996,1,1,1.56705,1.56705,0,1.21063,1.69344,9.06595e+06,3.9903e+06,1.42068e+07,0,0,0,3.10957e+08
103.622,103.622,3.67277,0.01,0,3.4499,3.4499,0,0.646475,6.16896,4.3624e+06,2.98533e+06,1.50498e+07,0,0,0,0,59.8117,61.308,3.57232,1,1,1.56713,1.56713,0,1.2107,1.69344,9.06595e+06,3.9903e+06,1.42075e+07,0,0,0,3.10957e+08
103.622,103.622,5.79121,0,0,3.57615,3.57615,0,0.646511,6.16896,4.3624e+06,2.98533e+06,1.56006e+07,0,0,0,0,60.5015,61.308,5.74416,1,1,1.63025,1.63025,0,1.21077,1.69344,9.06595e+06,3.9903e+06,1.47798e+07,0,0,0,3.10957e+08
103.622,103.622,5.11553,0,0,3.57634,3.57634,0,0.67017,6.16896,4.3624e+06,2.98533e+06,1.56014e+07,0,0,0,0,61.1558,61.308,5.30919,1,1,1.63034,1.63034,0,1.25953,1.69344,9.06595e+06,3.9903e+06,1.47806e+07,0,0,0,3.10957e+08
103.622,103.622,3.89391,0,0,3.57654,3.57654,0,0.670207,6.16896,4.3624e+06,2.98533e+06,1.56023e+07,0,0,0,0,61.4626,61.308,3.91159,1,1,1.63043,1.63043,0,1.2596,1.69344,9.06595e+06,3.9903e+06,1.47814e+07,0,0,0,3.10957e+08
103.622,103.622,3.77593,0,0,3.57674,3.57674,0,0.670244,6.16896,4.3624e+06,2.98533e+06,1.56032e+07,0,0,0,0,61.6843,61.308,3.7531,1,1,1.63052,1.63052,0,1.25967,1.69344,9.06595e+06,3.9903e+06,1.47822e+07,0,0,0,3.10957e+08
103.284,103.622,3.0789,0,0,3.52764,3.52764,0,0.670281,6.16896,4.3624e+06,2.98533e+06,1.5389e+07,0,0,0,0,61.8481,61.308,2.94026,1,1,1.60612,1.60612,0,1.25974,1.69344,9.06595e+06,3.9903e+06,1.4561e+07,0,0,0,3.10957e+08
102.639,103.622,2.72753,0.01,0,3.52783,3.52783,0,0.661079,6.16896,4.3624e+06,2.98533e+06,1.53898e+07,0,0,0,0,61.8618,61.308,2.66344,1,1,1.60621,1.60621,0,1.24089,1.69344,9.06595e+06,3.9903e+06,1.45619e+07,0,0,0,3.10957e+08
101.893,103.622,2.52753,0.01,0,3.52802,3.52802,0,0.661115,6.16896,4.3624e+06,2.98533e+06,1.53907e+07,0,0,0,0,61.7726,61.308,2.45294,1,1,1.6063,1.6063,0,1.24096,1.69344,9.06595e+06,3.9903e+06,1.45627e+07,0,0,0,3.10957e+08
101.104,103.622,2.49971,0.02,0,3.52822,3.52822,0,0.661152,6.16896,4.3624e+06,2.98533e+06,1.53915e+07,0,0,0,0,61.7715,61.308,2.78632,1,1,1.60639,1.60639,0,1.24103,1.69344,9.06595e+06,3.9903e+06,1.45635e+07,0,0,0,3.10957e+08
100.029,103.622,2.28299,0.02,0,3.69579,3.69579,0,0.661188,6.16896,4.3624e+06,2.98533e+06,1.61225e+07,0,0,0,0,61.6953,61.308,2.4499,1,1,1.69333,1.69333,0,1.2411,1.69344,9.06595e+06,3.9903e+06,1.53517e+07,0,0,0,3.10957e+08
99.0526,103.622,2.26767,0.02,0,3.696,3.696,0,0.692591,6.16896,4.3624e+06,2.98533e+06,1.61234e+07,0,0,0,0,61.5479,61.308,2.45484,1,1,1.69343,1.69343,0,1.30827,1.69344,9.06595e+06,3.9903e+06,1.53525e+07,0,0,0,3.10957e+08
97.8635,103.622,2.01065,0.02,0,3.6962,3.6962,0,0.69263,6.16896,4.3624e+06,2.98533e+06,1.61243e+07,0,0,0,0,61.2663,61.308,2.06184,1,1,1.69344,1.69352,8.04268e-05,1.30834,1.69344,9.06595e+06,3.9903e+06,1.53526e+07,0,0,0,3.10957e+08
96.6233,103.622,1.9316,0.02,0,3.6964,3.6964,0,0.692668,6.16896,4.3624e+06,2.98533e+06,1.61252e+07,0,0,0,0,60.8693,61.308,1.83644,1,1,1.69344,1.69361,0.000173887,1.30835,1.69344,9.06595e+06,3.9903e+06,1.53526e+07,0,0,0,3.10957e+08
95.6226,103.622,2.21512,0.02,0,3.69661,3.69661,0,0.692706,6.16896,4.3624e+06,2.98533e+06,1.61261e+07,0,0,0,0,60.5558,61.308,1.98322,1,1,1.69344,1.69371,0.000267347,1.30835,1.69344,9.06595e+06,3.9903e+06,1.53526e+07,0,0,0,3.10957e+08
94.6375,103.622,2.21865,0.02,0,3.6637,3.6637,0,0.692744,6.16896,4.3624e+06,2.98533e+06,1.59825e+07,0,0,0,0,60.2969,61.308,2.03431,1,1,1.69344,1.74155,0.0481107,1.30835,1.69344,9.06595e+06,3.9903e+06,1.53526e+07,0,0,0,3.10957e+08
93.4844,103.622,2.026,0.02,0,3.6639,3.6639,0,0.686578,6.16896,4.3624e+06,2.98533e+06,1.59834e+07,0,0,0,0,59.9157,61.308,1.9366,1,1,1.69344,1.74165,0.0482068,1.30835,1.69344,9.06595e+06,3.9903e+06,1.53526e+07,0,0,0,3.10957e+08
92.1955,103.622,1.85076,0.02,0,3.66411,3.66411,0,0.686616,6.16896,4.3624e+06,2.98533e+06,1.59843e+07,0,0,0,0,59.4811,61.308,1.77697,1,1,1.69344,1.74174,0.0483028,1.30835,1.69344,9.06595e+06,3.9903e+06,1.53526e+07,0,0,0,3.10957e+08
90.9165,103.622,1.7889,0.04,0,3.66431,3.66431,0,0.686653,6.16896,4.3624e+06,2.98533e+06,1.59852e+07,0,0,0,0,59.0159,61.308,1.73721,1,1,1.69344,1.74184,0.0483989,1.30835,1.69344,9.06595e+06,3.9903e+06,1.53526e+07,0,0,0,3.10957e+08
89.8431,103.622,2.04468,0.04,0,3.75003,3.75003,0,0.686691,6.16896,4.3624e+06,2.98533e+06,1.63591e+07,0,0,0,0,58.7615,61.308,1.95849,1,1,1.69344,1.7845,0.0910601,1.30835,1.69344,9.06595e+06,3.9903e+06,1.53526e+07,0,0,0,3.10957e+08
88.6623,103.622,1.90478,0.05,0,3.75024,3.75024,0,0.702756,6.16896,4.3624e+06,2.98533e+06,1.636e+07,0,0,0,0,58.3413,61.308,1.96516,1,1,1.69344,1.7846,0.0911586,1.30835,1.69344,9.06595e+06,3.9903e+06,1.53526e+07,0,0,0,3.10957e+08
87.3736,103.622,1.75679,0.05,0,3.75045,3.75045,0,0.702795,6.16896,4.3624e+06,2.98533e+06,1.63609e+07,0,0,0,0,57.949,61.308,1.75629,1,1,1.69344,1.7847,0.0912569,1.30835,1.69344,9.06595e+06,3.9903e+06,1.53526e+07,0,0,0,3.10957e+08
86.1433,103.622,1.81521,0.06,0,3.75065,3.75065,0,0.702834,6.16896,4.3624e+06,2.98533e+06,1.63618e+07,0,0,0,0,57.6184,61.308,1.9793,1,1,1.69344,1.7848,0.0913554,1.30835,1.69344,9.06595e+06,3.9903e+06,1.53526e+07,0,0,0,3.10957e+08
84.6436,103.622,1.68055,0.06,0,4.00136,4.00136,0,0.702872,6.16896,4.3624e+06,2.98533e+06,1.74555e+07,0,0,0,0,57.2462,61.308,1.94465,1,1,1.69344,1.93857,0.245126,1.30835,1.69344,9.06595e+06,3.9903e+06,1.53526e+07,0,0,0,3.10957e+08
82.971,103.622,1.46619,0.06,0,4.00158,4.00158,0,0.749855,6.16896,4.3624e+06,2.98533e+06,1.74565e+07,0,0,0,0,56.8372,61.308,1.78624,1,1,1.69344,1.93867,0.245233,1.30835,1.69344,9.06595e+06,3.9903e+06,1.53526e+07,0,0,0,3.10957e+08
81.4351,103.622,1.57866,0.06,0,4.0018,4.0018,0,0.749897,6.16896,4.3624e+06,2.98533e+06,1.74575e+07,0,0,0,0,56.4595,61.308,1.80212,1,1,1.69344,1.93878,0.245339,1.30835,1.69344,9.06595e+06,3.9903e+06,1.53526e+07,0,0,0,3.10957e+08
80.6461,103.622,2.36476,0.09,0,4.00203,4.00203,0,0.749938,6.16896,4.3624e+06,2.98533e+06,1.74584e+07,0,0,0,0,56.2059,61.308,2.16267,1,1,1.69344,1.93889,0.245446,1.30835,1.69344,9.06595e+06,3.9903e+06,1.53526e+07,0,0,0,3.10957e+08
81.1613,103.622,3.73685,0.11,0,4.00225,4.00225,0,0.74998,6.16896,4.3624e+06,2.98533e+06,1.74594e+07,0,0,0,0,56.1038,61.308,2.6535,1,1,1.69344,1.93899,0.245553,1.30835,1.69344,9.06595e+06,3.9903e+06,1.53526e+07,0,0,0,3.10957e+08
81.5175,103.622,3.63022,0.09,0,3.88035,3.88035,0,0.750021,6.16896,4.3624e+06,2.98533e+06,1.69276e+07,0,0,0,0,56.1039,61.308,2.9677,1,1,1.69344,1.8458,0.152362,1.30835,1.69344,9.06595e+06,3.9903e+06,1.53526e+07,0,0,0,3.10957e+08
82.3616,103.622,4.26572,0.09,0,3.88056,3.88056,0,0.727177,6.16896,4.3624e+06,2.98533e+06,1.69286e+07,0,0,0,0,56.3843,61.308,3.68755,1,1,1.69344,1.8459,0.152464,1.30835,1.69344,9.06595e+06,3.9903e+06,1.53526e+07,0,0,0,3.10957e+08
83.0778,103.622,4.20696,0.09,0,3.88078,3.88078,0,0.727217,6.16896,4.3624e+06,2.98533e+06,1.69295e+07,0,0,0,0,56.6585,61.308,3.66743,1,1,1.69344,1.84601,0.152565,1.30835,1.69344,9.06595e+06,3.9903e+06,1.53526e+07,0,0,0,3.10957e+08
84.3949,103.622,5.2774,0.04,0,3.88099,3.88099,0,0.727257,6.16896,4.3624e+06,2.98533e+06,1.69304e+07,0,0,0,0,57.3724,61.308,4.46729,1,1,1.69344,1.84611,0.152667,1.30835,1.69344,9.06595e+06,3.9903e+06,1.53526e+07,0,0,0,3.10957e+08
90.6802,103.622,10.4924,0.03,0,3.78094,3.78094,0,0.727297,6.16896,4.3624e+06,2.98533e+06,1.6494e+07,0,0,0,0,58.7651,61.308,6.06277,1,1,1.69344,1.76127,0.067825,1.30835,1.69344,9.06595e+06,3.9903e+06,1.53526e+07,0,0,0,3.10957e+08
93.0912,103.622,6.11286,0.03,0,3.78115,3.78115,0,0.708549,6.16896,4.3624e+06,2.98533e+06,1.64949e+07,0,0,0,0,59.1772,61.308,3.31311,1,1,1.69344,1.76136,0.0679222,1.30835,1.69344,9.06595e+06,3.9903e+06,1.53526e+07,0,0,0,3.10957e+08
95.1158,103.622,5.64072,0.03,0,3.78136,3.78136,0,0.708588,6.16896,4.3624e+06,2.98533e+06,1.64958e+07,0,0,0,0,59.531,61.308,3.37211,1,1,1.69344,1.76146,0.0680192,1.30835,1.69344,9.06595e+06,3.9903e+06,1.53526e+07,0,0,0,3.10957e+08
98.477,103.622,7.1411,0.02,0,3.78157,3.78157,0,0.708627,6.16896,4.3624e+06,2.98533e+06,1.64967e+07,0,0,0,0,60.2571,61.308,4.31577,1,1,1.69344,1.76156,0.0681164,1.30835,1.69344,9.06595e+06,3.9903e+06,1.53526e+07,0,0,0,3.10957e+08
98.5487,103.622,3.45952,0.02,0,3.49697,3.49697,0,0.708666,6.16896,4.3624e+06,2.98533e+06,1.52552e+07,0,0,0,0,60.5096,61.308,2.89516,1,1,1.5847,1.5847,0,1.30835,1.69344,9.06595e+06,3.9903e+06,1.43668e+07,0,0,0,3.10957e+08
98.7247,103.622,3.49246,0.02,0,3.49716,3.49716,0,0.655331,6.16896,4.3624e+06,2.98533e+06,1.5256e+07,0,0,0,0,60.7721,61.308,2.86013,1,1,1.58479,1.58479,0,1.22434,1.69344,9.06595e+06,3.9903e+06,1.43676e+07,0,0,0,3.10957e+08
103.622,103.622,9.35766,0.04,0,3.49735,3.49735,0,0.655367,6.16896,4.3624e+06,2.98533e+06,1.52568e+07,0,0,0,0,62.3362,61.308,6.39217,1,1,1.58488,1.58488,0,1.22441,1.69344,9.06595e+06,3.9903e+06,1.43684e+07,0,0,0,3.10957e+08
103.622,103.622,10.2366,0.02,0,3.49754,3.49754,0,0.655404,6.16896,4.3624e+06,2.98533e+06,1.52577e+07,0,0,0,0,62.3362,61.308,7.40987,1,1,1.58496,1.58496,0,1.22448,1.69344,9.06595e+06,3.9903e+06,1.43692e+07,0,0,0,3.10957e+08
103.622,103.622,5.65649,0.02,0,3.49774,3.49774,0,0.65544,6.16896,4.3624e+06,2.98533e+06,1.52585e+07,0,0,0,0,62.3362,61.308,3.76405,1,1,1.58505,1.58505,0,1.22454,1.69344,9.06595e+06,3.9903e+06,1.437e+07,0,0,0,3.10957e+08
103.622,103.622,3.7037,0.02,0,3.60749,3.60749,0,0.655476,6.16896,4.3624e+06,2.98533e+06,1.57373e+07,0,0,0,0,62.3362,61.308,3.12786,1,1,1.63638,1.63638,0,1.22461,1.69344,9.06595e+06,3.9903e+06,1.48354e+07,0,0,0,3.10957e+08
103.622,103.622,3.98532,0.02,0,3.60766,3.60766,0,0.676044,6.16896,4.3624e+06,2.98533e+06,1.5738e+07,0,0,0,0,62.3362,61.308,3.45478,1,1,1.63646,1.63646,0,1.26427,1.69344,9.06595e+06,3.9903e+06,1.48361e+07,0,0,0,3.10957e+08
103.622,103.622,11.962,0.01,0,3.60783,3.60783,0,0.676075,6.16896,4.3624e+06,2.98533e+06,1.57388e+07,0,0,0,0,62.3362,61.308,4.66727,1,1,1.63654,1.63654,0,1.26433,1.69344,9.06595e+06,3.9903e+06,1.48368e+07,0,0,0,3.10957e+08
103.622,103.622,19.3657,0.01,0,3.60799,3.60799,0,0.676107,6.16896,4.3624e+06,2.98533e+06,1.57395e+07,0,0,0,0,62.3362,61.308,10.0883,1,1,1.63661,1.63661,0,1.26439,1.69344,9.06595e+06,3.9903e+06,1.48374e+07,0,0,0,3.10957e+08
103.622,103.622,6.21868,0.01,0,3.96009,3.96009,0,0.676138,6.16896,4.3624e+06,2.98533e+06,1.72755e+07,0,0,0,0,62.3362,61.308,3.44487,1,1,1.69344,1.82913,0.135686,1.26445,1.69344,9.06595e+06,3.9903e+06,1.53526e+07,0,0,0,3.10957e+08
103.622,103.622,6.30161,0.01,0,3.96027,3.96027,0,0.742121,6.16896,4.3624e+06,2.98533e+06,1.72763e+07,0,0,0,0,62.3362,61.308,3.32807,1,1,1.69344,1.82921,0.13577,1.30835,1.69344,9.06595e+06,3.9903e+06,1.53526e+07,0,0,0,3.10957e+08
103.622,103.622,5.67258,0.01,0,3.96046,3.96046,0,0.742155,6.16896,4.3624e+06,2.98533e+06,1.72771e+07,0,0,0,0,62.3362,61.308,3.35974,1,1,1.69344,1.82929,0.135855,1.30835,1.69344,9.06595e+06,3.9903e+06,1.53526e+07,0,0,0,3.10957e+08
103.622,103.622,5.98331,0.01,0,3.96064,3.96064,0,0.74219,6.16896,4.3624e+06,2.98533e+06,1.72779e+07,0,0,0,0,62.3362,61.308,3.50577,1,1,1.69344,1.82938,0.135939,1.30835,1.69344,9.06595e+06,3.9903e+06,1.53526e+07,0,0,0,3.10957e+08
103.622,103.622,10.9949,0.01,0,3.45876,3.45876,0,0.742224,6.16896,4.3624e+06,2.98533e+06,1.50885e+07,0,0,0,0,62.3362,61.308,12.5436,1,1,1.57116,1.57116,0,1.30835,1.69344,9.06595e+06,3.9903e+06,1.42441e+07,0,0,0,3.10957e+08
103.622,103.622,7.96209,0.01,0,3.45892,3.45892,0,0.648172,6.16896,4.3624e+06,2.98533e+06,1.50892e+07,0,0,0,0,62.3362,61.308,9.93269,1,1,1.57123,1.57123,0,1.21388,1.69344,9.06595e+06,3.9903e+06,1.42447e+07,0,0,0,3.10957e+08
103.622,103.622,7.1065,0.01,0,3.45908,3.45908,0,0.648202,6.16896,4.3624e+06,2.98533e+06,1.50899e+07,0,0,0,0,62.3362,61.308,7.11004,1,1,1.5713,1.5713,0,1.21393,1.69344,9.06595e+06,3.9903e+06,1.42454e+07,0,0,0,3.10957e+08
103.622,103.622,7.49872,0.01,0,3.45924,3.45924,0,0.648232,6.16896,4.3624e+06,2.98533e+06,1.50906e+07,0,0,0,0,62.3362,61.308,9.33666,1,1,1.57138,1.57138,0,1.21399,1.69344,9.06595e+06,3.9903e+06,1.4246e+07,0,0,0,3.10957e+08
103.622,103.622,7.5689,0.01,0,3.4594,3.4594,0,0.648262,6.16896,4.3624e+06,2.98533e+06,1.50913e+07,0,0,0,0,62.3362,61.308,9.79951,1,1,1.57145,1.57145,0,1.21405,1.69344,9.06595e+06,3.9903e+06,1.42467e+07,0,0,0,3.10957e+08
103.622,103.622,5.14484,0.01,0,3.58597,3.58597,0,0.648292,6.16896,4.3624e+06,2.98533e+06,1.56434e+07,0,0,0,0,62.3362,61.308,6.04365,1,1,1.63473,1.63473,0,1.2141,1.69344,9.06595e+06,3.9903e+06,1.48204e+07,0,0,0,3.10957e+08
103.622,103.622,4.13522,0,0,3.58613,3.58613,0,0.67201,6.16896,4.3624e+06,2.98533e+06,1.56441e+07,0,0,0,0,62.3362,61.308,5.29826,1,1,1.6348,1.6348,0,1.26299,1.69344,9.06595e+06,3.9903e+06,1.4821e+07,0,0,0,3.10957e+08
103.622,103.622,4.02111,0,0,3.5863,3.5863,0,0.672041,6.16896,4.3624e+06,2.98533e+06,1.56449e+07,0,0,0,0,62.3362,61.308,5.27452,1,1,1.63488,1.63488,0,1.26305,1.69344,9.06595e+06,3.9903e+06,1.48217e+07,0,0,0,3.10957e+08
103.622,103.622,3.90665,0,0,3.58646,3.58646,0,0.672072,6.16896,4.3624e+06,2.98533e+06,1.56456e+07,0,0,0,0,62.3362,61.308,4.26913,1,1,1.63495,1.63495,0,1.26311,1.69344,9.06595e+06,3.9903e+06,1.48224e+07,0,0,0,3.10957e+08
103.622,103.622,3.7429,0,0,3.53719,3.53719,0,0.672103,6.16896,4.3624e+06,2.98533e+06,1.54307e+07,0,0,0,0,62.3362,61.308,3.12872,1,1,1.61048,1.61048,0,1.26317,1.69344,9.06595e+06,3.9903e+06,1.46005e+07,0,0,0,3.10957e+08
103.622,103.622,3.69064,0.01,0,3.53736,3.53736,0,0.66287,6.16896,4.3624e+06,2.98533e+06,1.54314e+07,0,0,0,0,62.3362,61.308,3.46423,1,1,1.61055,1.61055,0,1.24425,1.69344,9.06595e+06,3.9903e+06,1.46012e+07,0,0,0,3.10957e+08
103.622,103.622,3.53934,0.01,0,3.53752,3.53752,0,0.662901,6.16896,4.3624e+06,2.98533e+06,1.54321e+07,0,0,0,0,62.3362,61.308,3.2075,1,1,1.61063,1.61063,0,1.24431,1.69344,9.06595e+06,3.9903e+06,1.46019e+07,0,0,0,3.10957e+08
103.545,103.622,3.37089,0.01,0,3.53768,3.53768,0,0.662932,6.16896,4.3624e+06,2.98533e+06,1.54328e+07,0,0,0,0,62.3362,61.308,2.89765,1,1,1.6107,1.6107,0,1.24437,1.69344,9.06595e+06,3.9903e+06,1.46025e+07,0,0,0,3.10957e+08
103.257,103.622,3.23268,0.02,0,3.70567,3.70567,0,0.662962,6.16896,4.3624e+06,2.98533e+06,1.61656e+07,0,0,0,0,62.3362,61.308,2.82046,1,1,1.69344,1.69786,0.00442108,1.24443,1.69344,9.06595e+06,3.9903e+06,1.53526e+07,0,0,0,3.10957e+08
102.774,103.622,2.98819,0.02,0,3.70584,3.70584,0,0.694443,6.16896,4.3624e+06,2.98533e+06,1.61664e+07,0,0,0,0,62.3362,61.308,2.79257,1,1,1.69344,1.69794,0.0044994,1.30835,1.69344,9.06595e+06,3.9903e+06,1.53526e+07,0,0,0,3.10957e+08
102.245,103.622,2.94975,0.02,0,3.70601,3.70601,0,0.694475,6.16896,4.3624e+06,2.98533e+06,1.61671e+07,0,0,0,0,62.3362,61.308,2.83557,1,1,1.69344,1.69802,0.00457772,1.30835,1.69344,9.06595e+06,3.9903e+06,1.53526e+07,0,0,0,3.10957e+08
101.551,103.622,2.74077,0.02,0,3.70619,3.70619,0,0.694507,6.16896,4.3624e+06,2.98533e+06,1.61679e+07,0,0,0,0,62.3362,61.308,2.61726,1,1,1.69344,1.6981,0.00465616,1.30835,1.69344,9.06595e+06,3.9903e+06,1.53526e+07,0,0,0,3.10957e+08
100.751,103.622,2.56791,0.02,0,3.70636,3.70636,0,0.694539,6.16896,4.3624e+06,2.98533e+06,1.61686e+07,0,0,0,0,62.3151,61.308,2.41143,1,1,1.69344,1.69817,0.00473448,1.30835,1.69344,9.06595e+06,3.9903e+06,1.53526e+07,0,0,0,3.10957e+08
99.8261,103.622,2.36506,0.03,0,3.67333,3.67333,0,0.694571,6.16896,4.3624e+06,2.98533e+06,1.60245e+07,0,0,0,0,62.2489,61.308,2.36616,1,1,1.69344,1.74613,0.0526882,1.30835,1.69344,9.06595e+06,3.9903e+06,1.53526e+07,0,0,0,3.10957e+08
98.733,103.622,2.1709,0.03,0,3.6735,3.6735,0,0.688382,6.16896,4.3624e+06,2.98533e+06,1.60253e+07,0,0,0,0,62.1268,61.308,2.09277,1,1,1.69344,1.74621,0.0527688,1.30835,1.69344,9.06595e+06,3.9903e+06,1.53526e+07,0,0,0,3.10957e+08
97.5185,103.622,1.99936,0.02,0,3.67367,3.67367,0,0.688414,6.16896,4.3624e+06,2.98533e+06,1.6026e+07,0,0,0,0,61.859,61.308,2.05068,1,1,1.69344,1.74629,0.0528494,1.30835,1.69344,9.06595e+06,3.9903e+06,1.53526e+07,0,0,0,3.10957e+08
96.2293,103.622,1.88027,0.03,0,3.67384,3.67384,0,0.688446,6.16896,4.3624e+06,2.98533e+06,1.60268e+07,0,0,0,0,61.5207,61.308,1.93022,1,1,1.69344,1.74637,0.05293,1.30835,1.69344,9.06595e+06,3.9903e+06,1.53526e+07,0,0,0,3.10957e+08
95.0342,103.622,2.03606,0.03,0,3.75975,3.75975,0,0.688478,6.16896,4.3624e+06,2.98533e+06,1.64015e+07,0,0,0,0,61.3159,61.308,2.04697,1,1,1.69344,1.78913,0.095686,1.30835,1.69344,9.06595e+06,3.9903e+06,1.53526e+07,0,0,0,3.10957e+08
93.762,103.622,1.93965,0.04,0,3.75993,3.75993,0,0.704578,6.16896,4.3624e+06,2.98533e+06,1.64023e+07,0,0,0,0,61.0143,61.308,2.08272,1,1,1.69344,1.78921,0.0957685,1.30835,1.69344,9.06595e+06,3.9903e+06,1.53526e+07,0,0,0,3.10957e+08
92.3974,103.622,1.80471,0.05,0,3.7601,3.7601,0,0.70461,6.16896,4.3624e+06,2.98533e+06,1.64031e+07,0,0,0,0,60.6716,61.308,1.91164,1,1,1.69344,1.78929,0.0958511,1.30835,1.69344,9.06595e+06,3.9903e+06,1.53526e+07,0,0,0,3.10957e+08
91.0308,103.622,1.79762,0.08,0,3.76027,3.76027,0,0.704643,6.16896,4.3624e+06,2.98533e+06,1.64038e+07,0,0,0,0,60.3232,61.308,2.05019,1,1,1.69344,1.78937,0.0959336,1.30835,1.69344,9.06595e+06,3.9903e+06,1.53526e+07,0,0,0,3.10957e+08
89.1936,103.622,1.46009,0.08,0,4.01159,4.01159,0,0.704675,6.16896,4.3624e+06,2.98533e+06,1.75002e+07,0,0,0,0,59.8217,61.308,1.89101,1,1,1.69344,1.94352,0.250081,1.30835,1.69344,9.06595e+06,3.9903e+06,1.53526e+07,0,0,0,3.10957e+08
87.0806,103.622,1.12513,0.08,0,4.01178,4.01178,0,0.751772,6.16896,4.3624e+06,2.98533e+06,1.7501e+07,0,0,0,0,59.3023,61.308,1.64841,1,1,1.69344,1.94361,0.25017,1.30835,1.69344,9.06595e+06,3.9903e+06,1.53526e+07,0,0,0,3.10957e+08
85.1163,103.622,1.24686,0.07,0,4.01196,4.01196,0,0.751807,6.16896,4.3624e+06,2.98533e+06,1.75018e+07,0,0,0,0,58.963,61.308,1.69309,1,1,1.69344,1.9437,0.25026,1.30835,1.69344,9.06595e+06,3.9903e+06,1.53526e+07,0,0,0,3.10957e+08
83.8011,103.622,1.92875,0.07,0,4.01215,4.01215,0,0.751842,6.16896,4.3624e+06,2.98533e+06,1.75026e+07,0,0,0,0,58.5691,61.308,2.06571,1,1,1.69344,1.94379,0.25035,1.30835,1.69344,9.06595e+06,3.9903e+06,1.53526e+07,0,0,0,3.10957e+08
82.7827,103.622,2.20674,0.08,0,4.01233,4.01233,0,0.751876,6.16896,4.3624e+06,2.98533e+06,1.75034e+07,0,0,0,0,58.1259,61.308,1.85086,1,1,1.69344,1.94388,0.250439,1.30835,1.69344,9.06595e+06,3.9903e+06,1.53526e+07,0,0,0,3.10957e+08
80.9699,103.622,1.33413,0.1,0,3.89009,3.89009,0,0.751911,6.16896,4.3624e+06,2.98533e+06,1.69701e+07,0,0,0,0,57.9617,61.308,1.63011,1,1,1.69344,1.85044,0.156996,1.30835,1.69344,9.06595e+06,3.9903e+06,1.53526e+07,0,0,0,3.10957e+08
79.3342,103.622,1.52814,0.1,0,3.89027,3.89027,0,0.729003,6.16896,4.3624e+06,2.98533e+06,1.69709e+07,0,0,0,0,57.9088,61.308,2.29338,1,1,1.69344,1.85052,0.157082,1.30835,1.69344,9.06595e+06,3.9903e+06,1.53526e+07,0,0,0,3.10957e+08
77.5892,103.622,1.33231,0.09,0,3.89045,3.89045,0,0.729037,6.16896,4.3624e+06,2.98533e+06,1.69717e+07,0,0,0,0,57.8794,61.308,1.82467,1,1,1.69344,1.85061,0.157167,1.30835,1.69344,9.06595e+06,3.9903e+06,1.53526e+07,0,0,0,3.10957e+08
76.2136,103.622,1.78541,0.09,0,3.89063,3.89063,0,0.72907,6.16896,4.3624e+06,2.98533e+06,1.69725e+07,0,0,0,0,57.6619,61.308,2.83398,1,1,1.69344,1.85069,0.157252,1.30835,1.69344,9.06595e+06,3.9903e+06,1.53526e+07,0,0,0,3.10957e+08
74.4925,103.622,1.25944,0.09,0,3.7903,3.7903,0,0.729104,6.16896,4.3624e+06,2.98533e+06,1.65348e+07,0,0,0,0,56.7306,61.308,1.05328,1,1,1.69344,1.76562,0.0721837,1.30835,1.69344,9.06595e+06,3.9903e+06,1.53526e+07,0,0,0,3.10957e+08
72.6481,103.622,1.10236,0.09,0,3.79047,3.79047,0,0.710302,6.16896,4.3624e+06,2.98533e+06,1.65356e+07,0,0,0,0,56.3117,61.308,1.24841,1,1,1.69344,1.76571,0.0722651,1.30835,1.69344,9.06595e+06,3.9903e+06,1.53526e+07,0,0,0,3.10957e+08
72.7722,103.622,3.30898,0.07,0,3.79065,3.79065,0,0.710335,6.16896,4.3624e+06,2.98533e+06,1.65363e+07,0,0,0,0,56.6892,61.308,3.99346,1,1,1.69344,1.76579,0.0723465,1.30835,1.69344,9.06595e+06,3.9903e+06,1.53526e+07,0,0,0,3.10957e+08
72.358,103.622,2.6937,0.07,0,3.79082,3.79082,0,0.710368,6.16896,4.3624e+06,2.98533e+06,1.65371e+07,0,0,0,0,57.0957,61.308,2.36149,1,1,1.69344,1.76587,0.0724281,1.30835,1.69344,9.06595e+06,3.9903e+06,1.53526e+07,0,0,0,3.10957e+08
71.492,103.622,2.0851,0.11,0,3.50549,3.50549,0,0.7104,6.16896,4.3624e+06,2.98533e+06,1.52924e+07,0,0,0,0,57.1617,61.308,2.65253,1,1,1.58857,1.58857,0,1.30835,1.69344,9.06595e+06,3.9903e+06,1.44019e+07,0,0,0,3.10957e+08
71.1759,103.622,2.7053,0.11,0,3.50565,3.50565,0,0.656929,6.16896,4.3624e+06,2.98533e+06,1.52931e+07,0,0,0,0,56.6831,61.308,2.4269,1,1,1.58864,1.58864,0,1.22733,1.69344,9.06595e+06,3.9903e+06,1.44025e+07,0,0,0,3.10957e+08
71.1135,103.622,2.8749,0.11,0,3.50582,3.50582,0,0.65696,6.16896,4.3624e+06,2.98533e+06,1.52938e+07,0,0,0,0,56.3041,61.308,1.59646,1,1,1.58871,1.58871,0,1.22738,1.69344,9.06595e+06,3.9903e+06,1.44032e+07,0,0,0,3.10957e+08
71.9511,103.622,3.85718,0.14,0,3.50598,3.50598,0,0.65699,6.16896,4.3624e+06,2.98533e+06,1.52945e+07,0,0,0,0,56.685,61.308,2.4586,1,1,1.58879,1.58879,0,1.22744,1.69344,9.06595e+06,3.9903e+06,1.44039e+07,0,0,0,3.10957e+08
72.41,103.622,3.59973,0.15,0,3.50614,3.50614,0,0.65702,6.16896,4.3624e+06,2.98533e+06,1.52952e+07,0,0,0,0,57.4335,61.308,3.40915,1,1,1.58886,1.58886,0,1.2275,1.69344,9.06595e+06,3.9903e+06,1.44045e+07,0,0,0,3.10957e+08
73.6022,103.622,4.49792,0.16,0,3.61613,3.61613,0,0.657051,6.16896,4.3624e+06,2.98533e+06,1.5775e+07,0,0,0,0,58.5539,61.308,4.59659,1,1,1.6403,1.6403,0,1.22755,1.69344,9.06595e+06,3.9903e+06,1.48709e+07,0,0,0,3.10957e+08
74.2381,103.622,3.77598,0.1,0,3.61626,3.61626,0,0.677662,6.16896,4.3624e+06,2.98533e+06,1.57756e+07,0,0,0,0,59.3528,61.308,3.74763,1,1,1.64036,1.64036,0,1.2673,1.69344,9.06595e+06,3.9903e+06,1.48714e+07,0,0,0,3.10957e+08
75.4418,103.622,4.53384,0.09,0,3.61639,3.61639,0,0.677687,6.16896,4.3624e+06,2.98533e+06,1.57762e+07,0,0,0,0,60.382,61.308,4.3017,1,1,1.64042,1.64042,0,1.26734,1.69344,9.06595e+06,3.9903e+06,1.4872e+07,0,0,0,3.10957e+08
77.0884,103.622,4.93743,0.09,0,3.61653,3.61653,0,0.677712,6.16896,4.3624e+06,2.98533e+06,1.57767e+07,0,0,0,0,61.1498,61.308,3.70106,1,1,1.64048,1.64048,0,1.26739,1.69344,9.06595e+06,3.9903e+06,1.48725e+07,0,0,0,3.10957e+08
82.5473,103.622,9.75279,0.09,0,3.96942,3.96942,0,0.677737,6.16896,4.3624e+06,2.98533e+06,1.73162e+07,0,0,0,0,62.3284,61.308,5.98948,1,1,1.69344,1.83344,0.139997,1.26744,1.69344,9.06595e+06,3.9903e+06,1.53526e+07,0,0,0,3.10957e+08
85.1301,103.622,6.53141,0.09,0,3.96957,3.96957,0,0.74387,6.16896,4.3624e+06,2.98533e+06,1.73169e+07,0,0,0,0,62.3362,61.308,6.10213,1,1,1.69344,1.8335,0.140065,1.30835,1.69344,9.06595e+06,3.9903e+06,1.53526e+07,0,0,0,3.10957e+08
86.3101,103.622,4.89903,0.06,0,3.96972,3.96972,0,0.743898,6.16896,4.3624e+06,2.98533e+06,1.73175e+07,0,0,0,0,62.2013,61.308,3.37533,1,1,1.69344,1.83357,0.140133,1.30835,1.69344,9.06595e+06,3.9903e+06,1.53526e+07,0,0,0,3.10957e+08
86.7788,103.622,4.09084,0.05,0,3.96987,3.96987,0,0.743925,6.16896,4.3624e+06,2.98533e+06,1.73181e+07,0,0,0,0,62.3362,61.308,2.86499,1,1,1.69344,1.83364,0.1402,1.30835,1.69344,9.06595e+06,3.9903e+06,1.53526e+07,0,0,0,3.10957e+08
89.4593,103.622,7.04809,0.05,0,3.46679,3.46679,0,0.743953,6.16896,4.3624e+06,2.98533e+06,1.51235e+07,0,0,0,0,62.3362,61.308,10.6226,1,1,1.57481,1.57481,0,1.30835,1.69344,9.06595e+06,3.9903e+06,1.42771e+07,0,0,0,3.10957e+08
92.0632,103.622,6.80869,0.06,0,3.46692,3.46692,0,0.649676,6.16896,4.3624e+06,2.98533e+06,1.51241e+07,0,0,0,0,62.3362,61.308,7.03814,1,1,1.57486,1.57486,0,1.21669,1.69344,9.06595e+06,3.9903e+06,1.42776e+07,0,0,0,3.10957e+08
97.2594,103.622,9.70288,0.06,0,3.46704,3.46704,0,0.6497,6.16896,4.3624e+06,2.98533e+06,1.51246e+07,0,0,0,0,62.3362,61.308,14.8274,1,1,1.57492,1.57492,0,1.21674,1.69344,9.06595e+06,3.9903e+06,1.42782e+07,0,0,0,3.10957e+08
103.622,103.622,11.47,0.02,0,3.46717,3.46717,0,0.649724,6.16896,4.3624e+06,2.98533e+06,1.51252e+07,0,0,0,0,62.3362,61.308,14.4871,1,1,1.57498,1.57498,0,1.21678,1.69344,9.06595e+06,3.9903e+06,1.42787e+07,0,0,0,3.10957e+08
103.622,103.622,7.60459,0.01,0,3.4673,3.4673,0,0.649748,6.16896,4.3624e+06,2.98533e+06,1.51258e+07,0,0,0,0,62.3362,61.308,7.17666,1,1,1.57504,1.57504,0,1.21683,1.69344,9.06595e+06,3.9903e+06,1.42792e+07,0,0,0,3.10957e+08
103.622,103.622,11.5548,0,0,3.59412,3.59412,0,0.649772,6.16896,4.3624e+06,2.98533e+06,1.5679e+07,0,0,0,0,62.3362,61.308,12.5551,1,1,1.63845,1.63845,0,1.21687,1.69344,9.06595e+06,3.9903e+06,1.48541e+07,0,0,0,3.10957e+08
103.622,103.622,10.5245,0,0,3.59426,3.59426,0,0.673539,6.16896,4.3624e+06,2.98533e+06,1.56796e+07,0,0,0,0,62.3362,61.308,9.23637,1,1,1.63851,1.63851,0,1.26586,1.69344,9.06595e+06,3.9903e+06,1.48546e+07,0,0,0,3.10957e+08
103.622,103.622,7.64868,0,0,3.59439,3.59439,0,0.673564,6.16896,4.3624e+06,2.98533e+06,1.56802e+07,0,0,0,0,62.3362,61.308,8.82571,1,1,1.63857,1.63857,0,1.26591,1.69344,9.06595e+06,3.9903e+06,1.48552e+07,0,0,0,3.10957e+08
103.622,103.622,7.58327,0,0,3.59452,3.59452,0,0.673588,6.16896,4.3624e+06,2.98533e+06,1.56807e+07,0,0,0,0,62.3362,61.308,9.26884,1,1,1.63863,1.63863,0,1.26596,1.69344,9.06595e+06,3.9903e+06,1.48557e+07,0,0,0,3.10957e+08
103.622,103.622,6.71623,0,0,3.54511,3.54511,0,0.673613,6.16896,4.3624e+06,2.98533e+06,1.54652e+07,0,0,0,0,62.3362,61.308,4.54336,1,1,1.61408,1.61408,0,1.266,1.69344,9.06595e+06,3.9903e+06,1.46332e+07,0,0,0,3.10957e+08
103.622,103.622,6.67615,0,0,3.54524,3.54524,0,0.664354,6.16896,4.3624e+06,2.98533e+06,1.54658e+07,0,0,0,0,62.3362,61.308,5.16139,1,1,1.61414,1.61414,0,1.24704,1.69344,9.06595e+06,3.9903e+06,1.46337e+07,0,0,0,3.10957e+08
103.622,103.622,5.74527,0.01,0,3.54537,3.54537,0,0.664379,6.16896,4.3624e+06,2.98533e+06,1.54663e+07,0,0,0,0,62.3362,61.308,4.51805,1,1,1.6142,1.6142,0,1.24709,1.69344,9.06595e+06,3.9903e+06,1.46343e+07,0,0,0,3.10957e+08
103.622,103.622,5.33038,0.01,0,3.54551,3.54551,0,0.664403,6.16896,4.3624e+06,2.98533e+06,1.54669e+07,0,0,0,0,62.3362,61.308,4.11557,1,1,1.61426,1.61426,0,1.24713,1.69344,9.06595e+06,3.9903e+06,1.46348e+07,0,0,0,3.10957e+08
103.622,103.622,4.72366,0.01,0,3.71383,3.71383,0,0.664428,6.16896,4.3624e+06,2.98533e+06,1.62012e+07,0,0,0,0,62.3362,61.308,3.75568,1,1,1.69344,1.7016,0.00815912,1.24718,1.69344,9.06595e+06,3.9903e+06,1.53526e+07,0,0,0,3.10957e+08
103.622,103.622,4.35977,0.01,0,3.71397,3.71397,0,0.695972,6.16896,4.3624e+06,2.98533e+06,1.62018e+07,0,0,0,0,62.3362,61.308,3.30013,1,1,1.69344,1.70166,0.00822218,1.30835,1.69344,9.06595e+06,3.9903e+06,1.53526e+07,0,0,0,3.10957e+08
103.622,103.622,4.27946,0.01,0,3.71411,3.71411,0,0.695998,6.16896,4.3624e+06,2.98533e+06,1.62024e+07,0,0,0,0,62.3362,61.308,3.39635,1,1,1.69344,1.70173,0.00828524,1.30835,1.69344,9.06595e+06,3.9903e+06,1.53526e+07,0,0,0,3.10957e+08
103.622,103.622,3.85733,0.02,0,3.71424,3.71424,0,0.696024,6.16896,4.3624e+06,2.98533e+06,1.6203e+07,0,0,0,0,62.3362,61.308,3.35749,1,1,1.69344,1.70179,0.00834819,1.30835,1.69344,9.06595e+06,3.9903e+06,1.53526e+07,0,0,0,3.10957e+08
103.622,103.622,3.66467,0.02,0,3.71438,3.71438,0,0.696049,6.16896,4.3624e+06,2.98533e+06,1.62036e+07,0,0,0,0,62.3362,61.308,2.9666,1,1,1.69344,1.70185,0.00841125,1.30835,1.69344,9.06595e+06,3.9903e+06,1.53526e+07,0,0,0,3.10957e+08
103.614,103.622,3.45292,0.02,0,3.68125,3.68125,0,0.696075,6.16896,4.3624e+06,2.98533e+06,1.60591e+07,0,0,0,0,62.1653,61.308,2.49693,1,1,1.69344,1.74989,0.056453,1.30835,1.69344,9.06595e+06,3.9903e+06,1.53526e+07,0,0,0,3.10957e+08
103.45,103.622,3.23412,0.04,0,3.68139,3.68139,0,0.689866,6.16896,4.3624e+06,2.98533e+06,1.60597e+07,0,0,0,0,61.9716,61.308,2.39018,1,1,1.69344,1.74996,0.0565178,1.30835,1.69344,9.06595e+06,3.9903e+06,1.53526e+07,0,0,0,3.10957e+08
103.096,103.622,3.00961,0.02,0,3.68152,3.68152,0,0.689892,6.16896,4.3624e+06,2.98533e+06,1.60603e+07,0,0,0,0,61.7794,61.308,2.45678,1,1,1.69344,1.75002,0.0565826,1.30835,1.69344,9.06595e+06,3.9903e+06,1.53526e+07,0,0,0,3.10957e+08
102.562,103.622,2.80875,0.03,0,3.68166,3.68166,0,0.689918,6.16896,4.3624e+06,2.98533e+06,1.60609e+07,0,0,0,0,61.5764,61.308,2.43184,1,1,1.69344,1.75009,0.0566474,1.30835,1.69344,9.06595e+06,3.9903e+06,1.53526e+07,0,0,0,3.10957e+08
101.924,103.622,2.71658,0.03,0,3.76772,3.76772,0,0.689943,6.16896,4.3624e+06,2.98533e+06,1.64363e+07,0,0,0,0,61.1687,61.308,2.05761,1,1,1.69344,1.79292,0.0994782,1.30835,1.69344,9.06595e+06,3.9903e+06,1.53526e+07,0,0,0,3.10957e+08
101.192,103.622,2.60746,0.05,0,3.76786,3.76786,0,0.706071,6.16896,4.3624e+06,2.98533e+06,1.64369e+07,0,0,0,0,60.7495,61.308,2.07592,1,1,1.69344,1.79298,0.0995446,1.30835,1.69344,9.06595e+06,3.9903e+06,1.53526e+07,0,0,0,3.10957e+08
100.171,103.622,2.2966,0.05,0,3.768,3.768,0,0.706097,6.16896,4.3624e+06,2.98533e+06,1.64375e+07,0,0,0,0,60.3008,61.308,1.90221,1,1,1.69344,1.79305,0.099611,1.30835,1.69344,9.06595e+06,3.9903e+06,1.53526e+07,0,0,0,3.10957e+08
99.0097,103.622,2.13036,0.05,0,3.76814,3.76814,0,0.706123,6.16896,4.3624e+06,2.98533e+06,1.64381e+07,0,0,0,0,59.8417,61.308,1.83167,1,1,1.69344,1.79312,0.0996774,1.30835,1.69344,9.06595e+06,3.9903e+06,1.53526e+07,0,0,0,3.10957e+08
97.3725,103.622,1.79623,0.05,0,4.01995,4.01995,0,0.70615,6.16896,4.3624e+06,2.98533e+06,1.75366e+07,0,0,0,0,59.363,61.308,1.81884,1,1,1.69344,1.94757,0.254129,1.30835,1.69344,9.06595e+06,3.9903e+06,1.53526e+07,0,0,0,3.10957e+08
95.5587,103.622,1.59368,0.05,0,4.0201,4.0201,0,0.753338,6.16896,4.3624e+06,2.98533e+06,1.75373e+07,0,0,0,0,58.8056,61.308,1.6724,1,1,1.69344,1.94764,0.254201,1.30835,1.69344,9.06595e+06,3.9903e+06,1.53526e+07,0,0,0,3.10957e+08
93.8618,103.622,1.68298,0.04,0,4.02025,4.02025,0,0.753366,6.16896,4.3624e+06,2.98533e+06,1.75379e+07,0,0,0,0,58.2673,61.308,1.64963,1,1,1.69344,1.94771,0.254274,1.30835,1.69344,9.06595e+06,3.9903e+06,1.53526e+07,0,0,0,3.10957e+08
92.9277,103.622,2.47992,0.06,0,4.02039,4.02039,0,0.753394,6.16896,4.3624e+06,2.98533e+06,1.75386e+07,0,0,0,0,57.8114,61.308,1.97272,1,1,1.69344,1.94779,0.254346,1.30835,1.69344,9.06595e+06,3.9903e+06,1.53526e+07,0,0,0,3.10957e+08
92.7607,103.622,3.31259,0.08,0,4.02054,4.02054,0,0.753422,6.16896,4.3624e+06,2.98533e+06,1.75392e+07,0,0,0,0,57.5464,61.308,2.5191,1,1,1.69344,1.94786,0.254418,1.30835,1.69344,9.06595e+06,3.9903e+06,1.53526e+07,0,0,0,3.10957e+08
92.5379,103.622,3.22451,0.08,0,3.89802,3.89802,0,0.75345,6.16896,4.3624e+06,2.98533e+06,1.70047e+07,0,0,0,0,57.4195,61.308,3.77577,1,1,1.69344,1.85421,0.160767,1.30835,1.69344,9.06595e+06,3.9903e+06,1.53526e+07,0,0,0,3.10957e+08
93.5498,103.622,4.75031,0.08,0,3.89816,3.89816,0,0.730488,6.16896,4.3624e+06,2.98533e+06,1.70053e+07,0,0,0,0,57.8203,61.308,6.34024,1,1,1.69344,1.85428,0.160835,1.30835,1.69344,9.06595e+06,3.9903e+06,1.53526e+07,0,0,0,3.10957e+08
93.8677,103.622,4.08146,0.03,0,3.89831,3.89831,0,0.730515,6.16896,4.3624e+06,2.98533e+06,1.7006e+07,0,0,0,0,57.9081,61.308,4.81016,1,1,1.69344,1.85434,0.160904,1.30835,1.69344,9.06595e+06,3.9903e+06,1.53526e+07,0,0,0,3.10957e+08
93.8978,103.622,3.6834,0.03,0,3.89845,3.89845,0,0.730542,6.16896,4.3624e+06,2.98533e+06,1.70066e+07,0,0,0,0,57.782,61.308,3.73302,1,1,1.69344,1.85441,0.160973,1.30835,1.69344,9.06595e+06,3.9903e+06,1.53526e+07,0,0,0,3.10957e+08
95.3027,103.622,5.17003,0.03,0,3.79788,3.79788,0,0.730569,6.16896,4.3624e+06,2.98533e+06,1.65679e+07,0,0,0,0,58.465,61.308,5.80395,1,1,1.69344,1.76916,0.0757167,1.30835,1.69344,9.06595e+06,3.9903e+06,1.53526e+07,0,0,0,3.10957e+08
97.546,103.622,6.38262,0.02,0,3.79802,3.79802,0,0.711723,6.16896,4.3624e+06,2.98533e+06,1.65685e+07,0,0,0,0,59.4651,61.308,6.9309,1,1,1.69344,1.76922,0.0757823,1.30835,1.69344,9.06595e+06,3.9903e+06,1.53526e+07,0,0,0,3.10957e+08
98.5019,103.622,4.74218,0.02,0,3.79817,3.79817,0,0.71175,6.16896,4.3624e+06,2.98533e+06,1.65691e+07,0,0,0,0,59.8966,61.308,4.66876,1,1,1.69344,1.76929,0.0758478,1.30835,1.69344,9.06595e+06,3.9903e+06,1.53526e+07,0,0,0,3.10957e+08
98.9502,103.622,4.17808,0.02,0,3.79831,3.79831,0,0.711776,6.16896,4.3624e+06,2.98533e+06,1.65697e+07,0,0,0,0,60.1985,61.308,4.23713,1,1,1.69344,1.76935,0.0759133,1.30835,1.69344,9.06595e+06,3.9903e+06,1.53526e+07,0,0,0,3.10957e+08
102.981,103.622,8.00042,0.02,0,3.51238,3.51238,0,0.711802,6.16896,4.3624e+06,2.98533e+06,1.53224e+07,0,0,0,0,61.2137,61.308,6.58938,1,1,1.59169,1.59169,0,1.30835,1.69344,9.06595e+06,3.9903e+06,1.44302e+07,0,0,0,3.10957e+08
103.622,103.622,10.1993,0.03,0,3.51251,3.51251,0,0.65822,6.16896,4.3624e+06,2.98533e+06,1.5323e+07,0,0,0,0,62.3362,61.308,7.89941,1,1,1.59175,1.59175,0,1.22974,1.69344,9.06595e+06,3.9903e+06,1.44307e+07,0,0,0,3.10957e+08
103.622,103.622,7.07031,0.02,0,3.51264,3.51264,0,0.658244,6.16896,4.3624e+06,2.98533e+06,1.53235e+07,0,0,0,0,62.3362,61.308,4.93251,1,1,1.5918,1.5918,0,1.22978,1.69344,9.06595e+06,3.9903e+06,1.44312e+07,0,0,0,3.10957e+08
103.622,103.622,9.93272,0.02,0,3.51277,3.51277,0,0.658269,6.16896,4.3624e+06,2.98533e+06,1.53241e+07,0,0,0,0,62.3362,61.308,7.60508,1,1,1.59186,1.59186,0,1.22983,1.69344,9.06595e+06,3.9903e+06,1.44318e+07,0,0,0,3.10957e+08
103.622,103.622,10.894,0.02,0,3.5129,3.5129,0,0.658293,6.16896,4.3624e+06,2.98533e+06,1.53247e+07,0,0,0,0,62.3362,61.308,11.11,1,1,1.59192,1.59192,0,1.22987,1.69344,9.06595e+06,3.9903e+06,1.44323e+07,0,0,0,3.10957e+08
103.622,103.622,7.98619,0.02,0,3.62307,3.62307,0,0.658317,6.16896,4.3624e+06,2.98533e+06,1.58053e+07,0,0,0,0,62.3362,61.308,7.46475,1,1,1.64345,1.64345,0,1.22992,1.69344,9.06595e+06,3.9903e+06,1.48994e+07,0,0,0,3.10957e+08
103.622,103.622,10.3836,0.03,0,3.62317,3.62317,0,0.678963,6.16896,4.3624e+06,2.98533e+06,1.58057e+07,0,0,0,0,62.3362,61.308,9.75933,1,1,1.64349,1.64349,0,1.26973,1.69344,9.06595e+06,3.9903e+06,1.48998e+07,0,0,0,3.10957e+08
103.622,103.622,17.4704,0.03,0,3.62327,3.62327,0,0.678982,6.16896,4.3624e+06,2.98533e+06,1.58061e+07,0,0,0,0,62.3362,61.308,14.9777,1,1,1.64354,1.64354,0,1.26976,1.69344,9.06595e+06,3.9903e+06,1.49003e+07,0,0,0,3.10957e+08
103.622,103.622,18.1385,0.03,0,3.62337,3.62337,0,0.679001,6.16896,4.3624e+06,2.98533e+06,1.58066e+07,0,0,0,0,62.3362,61.308,10.9315,1,1,1.64359,1.64359,0,1.2698,1.69344,9.06595e+06,3.9903e+06,1.49007e+07,0,0,0,3.10957e+08
103.622,103.622,10.4546,0.03,0,3.9769,3.9769,0,0.67902,6.16896,4.3624e+06,2.98533e+06,1.73488e+07,0,0,0,0,62.3362,61.308,8.27262,1,1,1.69344,1.83689,0.143448,1.26983,1.69344,9.06595e+06,3.9903e+06,1.53526e+07,0,0,0,3.10957e+08
103.622,103.622,11.374,0.01,0,3.97701,3.97701,0,0.74527,6.16896,4.3624e+06,2.98533e+06,1.73493e+07,0,0,0,0,62.3362,61.308,10.527,1,1,1.69344,1.83694,0.1435,1.30835,1.69344,9.06595e+06,3.9903e+06,1.53526e+07,0,0,0,3.10957e+08
103.622,103.622,7.14844,0.01,0,3.97712,3.97712,0,0.745291,6.16896,4.3624e+06,2.98533e+06,1.73498e+07,0,0,0,0,62.3362,61.308,6.58218,1,1,1.69344,1.83699,0.143551,1.30835,1.69344,9.06595e+06,3.9903e+06,1.53526e+07,0,0,0,3.10957e+08
103.622,103.622,7.92359,0.01,0,3.97723,3.97723,0,0.745312,6.16896,4.3624e+06,2.98533e+06,1.73503e+07,0,0,0,0,62.3362,61.308,5.68646,1,1,1.69344,1.83704,0.143602,1.30835,1.69344,9.06595e+06,3.9903e+06,1.53526e+07,0,0,0,3.10957e+08
103.622,103.622,7.65008,0.01,0,3.47319,3.47319,0,0.745333,6.16896,4.3624e+06,2.98533e+06,1.51514e+07,0,0,0,0,62.3362,61.308,8.95542,1,1,1.57771,1.57771,0,1.30835,1.69344,9.06595e+06,3.9903e+06,1.43035e+07,0,0,0,3.10957e+08
103.622,103.622,7.26015,0.01,0,3.47329,3.47329,0,0.650875,6.16896,4.3624e+06,2.98533e+06,1.51519e+07,0,0,0,0,62.3362,61.308,9.23232,1,1,1.57776,1.57776,0,1.21894,1.69344,9.06595e+06,3.9903e+06,1.43039e+07,0,0,0,3.10957e+08
103.622,103.622,7.49955,0.01,0,3.47338,3.47338,0,0.650894,6.16896,4.3624e+06,2.98533e+06,1.51523e+07,0,0,0,0,62.3362,61.308,9.8686,1,1,1.5778,1.5778,0,1.21897,1.69344,9.06595e+06,3.9903e+06,1.43043e+07,0,0,0,3.10957e+08
103.622,103.622,9.90884,0.01,0,3.47348,3.47348,0,0.650912,6.16896,4.3624e+06,2.98533e+06,1.51527e+07,0,0,0,0,62.3362,61.308,10.8905,1,1,1.57785,1.57785,0,1.21901,1.69344,9.06595e+06,3.9903e+06,1.43047e+07,0,0,0,3.10957e+08
103.622,103.622,7.50654,0.01,0,3.47358,3.47358,0,0.65093,6.16896,4.3624e+06,2.98533e+06,1.51531e+07,0,0,0,0,62.3362,61.308,9.41978,1,1,1.57789,1.57789,0,1.21904,1.69344,9.06595e+06,3.9903e+06,1.43051e+07,0,0,0,3.10957e+08
103.622,103.622,7.36732,0.01,0,3.60059,3.60059,0,0.650948,6.16896,4.3624e+06,2.98533e+06,1.57072e+07,0,0,0,0,62.3362,61.308,9.29565,1,1,1.6414,1.6414,0,1.21908,1.69344,9.06595e+06,3.9903e+06,1.48808e+07,0,0,0,3.10957e+08
103.622,103.622,7.93702,0,0,3.60069,3.60069,0,0.674751,6.16896,4.3624e+06,2.98533e+06,1.57077e+07,0,0,0,0,62.3362,61.308,9.86755,1,1,1.64144,1.64144,0,1.26814,1.69344,9.06595e+06,3.9903e+06,1.48812e+07,0,0,0,3.10957e+08
103.622,103.622,5.66392,0,0,3.6008,3.6008,0,0.67477,6.16896,4.3624e+06,2.98533e+06,1.57081e+07,0,0,0,0,62.3362,61.308,7.99673,1,1,1.64149,1.64149,0,1.26818,1.69344,9.06595e+06,3.9903e+06,1.48817e+07,0,0,0,3.10957e+08
103.622,103.622,5.0423,0,0,3.6009,3.6009,0,0.674789,6.16896,4.3624e+06,2.98533e+06,1.57085e+07,0,0,0,0,62.3362,61.308,7.80729,1,1,1.64153,1.64153,0,1.26821,1.69344,9.06595e+06,3.9903e+06,1.48821e+07,0,0,0,3.10957e+08
103.622,103.622,5.12482,0,0,3.55137,3.55137,0,0.674808,6.16896,4.3624e+06,2.98533e+06,1.54925e+07,0,0,0,0,62.3362,61.308,8.53311,1,1,1.61693,1.61693,0,1.26825,1.69344,9.06595e+06,3.9903e+06,1.4659e+07,0,0,0,3.10957e+08
103.622,103.622,4.47531,0.01,0,3.55147,3.55147,0,0.665526,6.16896,4.3624e+06,2.98533e+06,1.54929e+07,0,0,0,0,62.3362,61.308,6.70832,1,1,1.61697,1.61697,0,1.24924,1.69344,9.06595e+06,3.9903e+06,1.46594e+07,0,0,0,3.10957e+08
103.622,103.622,4.00477,0.01,0,3.55156,3.55156,0,0.665545,6.16896,4.3624e+06,2.98533e+06,1.54933e+07,0,0,0,0,62.3362,61.308,6.22618,1,1,1.61702,1.61702,0,1.24927,1.69344,9.06595e+06,3.9903e+06,1.46598e+07,0,0,0,3.10957e+08
103.622,103.622,3.82225,0.01,0,3.55166,3.55166,0,0.665563,6.16896,4.3624e+06,2.98533e+06,1.54938e+07,0,0,0,0,62.3362,61.308,6.23608,1,1,1.61706,1.61706,0,1.24931,1.69344,9.06595e+06,3.9903e+06,1.46602e+07,0,0,0,3.10957e+08
103.622,103.622,3.94989,0.01,0,3.72025,3.72025,0,0.665582,6.16896,4.3624e+06,2.98533e+06,1.62292e+07,0,0,0,0,62.3362,61.308,6.91895,1,1,1.69344,1.70454,0.0110992,1.24934,1.69344,9.06595e+06,3.9903e+06,1.53526e+07,0,0,0,3.10957e+08
103.622,103.622,3.77164,0.02,0,3.72035,3.72035,0,0.697175,6.16896,4.3624e+06,2.98533e+06,1.62297e+07,0,0,0,0,62.3362,61.308,6.18215,1,1,1.69344,1.70459,0.0111469,1.30835,1.69344,9.06595e+06,3.9903e+06,1.53526e+07,0,0,0,3.10957e+08
103.536,103.622,3.51217,0.02,0,3.72046,3.72046,0,0.697194,6.16896,4.3624e+06,2.98533e+06,1.62301e+07,0,0,0,0,62.3362,61.308,5.53441,1,1,1.69344,1.70463,0.0111945,1.30835,1.69344,9.06595e+06,3.9903e+06,1.53526e+07,0,0,0,3.10957e+08
103.341,103.622,3.30381,0.02,0,3.72056,3.72056,0,0.697214,6.16896,4.3624e+06,2.98533e+06,1.62306e+07,0,0,0,0,62.3362,61.308,4.9801,1,1,1.69344,1.70468,0.0112422,1.30835,1.69344,9.06595e+06,3.9903e+06,1.53526e+07,0,0,0,3.10957e+08
103.439,103.622,3.62387,0.03,0,3.72066,3.72066,0,0.697233,6.16896,4.3624e+06,2.98533e+06,1.6231e+07,0,0,0,0,62.3362,61.308,5.00077,1,1,1.69344,1.70473,0.0112898,1.30835,1.69344,9.06595e+06,3.9903e+06,1.53526e+07,0,0,0,3.10957e+08
103.622,103.622,4.60067,0.03,0,3.68744,3.68744,0,0.697253,6.16896,4.3624e+06,2.98533e+06,1.60861e+07,0,0,0,0,62.3362,61.308,5.43942,1,1,1.69344,1.75284,0.0593968,1.30835,1.69344,9.06595e+06,3.9903e+06,1.53526e+07,0,0,0,3.10957e+08
103.622,103.622,4.29291,0.02,0,3.68755,3.68755,0,0.691027,6.16896,4.3624e+06,2.98533e+06,1.60866e+07,0,0,0,0,62.3362,61.308,5.61956,1,1,1.69344,1.75289,0.0594458,1.30835,1.69344,9.06595e+06,3.9903e+06,1.53526e+07,0,0,0,3.10957e+08
103.622,103.622,4.04362,0.02,0,3.68765,3.68765,0,0.691046,6.16896,4.3624e+06,2.98533e+06,1.6087e+07,0,0,0,0,62.3362,61.308,5.51318,1,1,1.69344,1.75293,0.0594949,1.30835,1.69344,9.06595e+06,3.9903e+06,1.53526e+07,0,0,0,3.10957e+08
103.622,103.622,3.93165,0.02,0,3.68775,3.68775,0,0.691066,6.16896,4.3624e+06,2.98533e+06,1.60874e+07,0,0,0,0,62.3362,61.308,5.16269,1,1,1.69344,1.75298,0.0595439,1.30835,1.69344,9.06595e+06,3.9903e+06,1.53526e+07,0,0,0,3.10957e+08
103.622,103.622,3.96075,0.02,0,3.77392,3.77392,0,0.691085,6.16896,4.3624e+06,2.98533e+06,1.64634e+07,0,0,0,0,62.3362,61.308,5.06605,1,1,1.69344,1.79587,0.102429,1.30835,1.69344,9.06595e+06,3.9903e+06,1.53526e+07,0,0,0,3.10957e+08
103.622,103.622,3.68584,0.02,0,3.77403,3.77403,0,0.707233,6.16896,4.3624e+06,2.98533e+06,1.64638e+07,0,0,0,0,62.3362,61.308,4.89415,1,1,1.69344,1.79592,0.102479,1.30835,1.69344,9.06595e+06,3.9903e+06,1.53526e+07,0,0,0,3.10957e+08
103.504,103.622,3.3498,0.02,0,3.77413,3.77413,0,0.707253,6.16896,4.3624e+06,2.98533e+06,1.64643e+07,0,0,0,0,62.3362,61.308,4.47986,1,1,1.69344,1.79597,0.10253,1.30835,1.69344,9.06595e+06,3.9903e+06,1.53526e+07,0,0,0,3.10957e+08
103.031,103.622,2.97148,0.05,0,3.77424,3.77424,0,0.707273,6.16896,4.3624e+06,2.98533e+06,1.64647e+07,0,0,0,0,62.3362,61.308,4.42084,1,1,1.69344,1.79602,0.10258,1.30835,1.69344,9.06595e+06,3.9903e+06,1.53526e+07,0,0,0,3.10957e+08
101.842,103.622,2.37563,0.07,0,4.02642,4.02642,0,0.707293,6.16896,4.3624e+06,2.98533e+06,1.75648e+07,0,0,0,0,62.3362,61.308,4.36603,1,1,1.69344,1.9507,0.257264,1.30835,1.69344,9.06595e+06,3.9903e+06,1.53526e+07,0,0,0,3.10957e+08
100.508,103.622,2.16461,0.07,0,4.02653,4.02653,0,0.754551,6.16896,4.3624e+06,2.98533e+06,1.75653e+07,0,0,0,0,62.3362,61.308,4.23624,1,1,1.69344,1.95076,0.257319,1.30835,1.69344,9.06595e+06,3.9903e+06,1.53526e+07,0,0,0,3.10957e+08
100.047,103.622,3.05308,0.07,0,4.02664,4.02664,0,0.754572,6.16896,4.3624e+06,2.98533e+06,1.75658e+07,0,0,0,0,62.3362,61.308,4.95334,1,1,1.69344,1.95081,0.257373,1.30835,1.69344,9.06595e+06,3.9903e+06,1.53526e+07,0,0,0,3.10957e+08
100.772,103.622,4.36509,0.08,0,4.02676,4.02676,0,0.754593,6.16896,4.3624e+06,2.98533e+06,1.75663e+07,0,0,0,0,62.3362,61.308,5.71318,1,1,1.69344,1.95087,0.257428,1.30835,1.69344,9.06595e+06,3.9903e+06,1.53526e+07,0,0,0,3.10957e+08
100.238,103.622,3.08785,0.08,0,4.02687,4.02687,0,0.754614,6.16896,4.3624e+06,2.98533e+06,1.75668e+07,0,0,0,0,62.3362,61.308,5.19935,1,1,1.69344,1.95092,0.257482,1.30835,1.69344,9.06595e+06,3.9903e+06,1.53526e+07,0,0,0,3.10957e+08
99.5932,103.622,2.94869,0.07,0,3.90411,3.90411,0,0.754635,6.16896,4.3624e+06,2.98533e+06,1.70313e+07,0,0,0,0,62.3362,61.308,7.35071,1,1,1.69344,1.85711,0.163667,1.30835,1.69344,9.06595e+06,3.9903e+06,1.53526e+07,0,0,0,3.10957e+08
98.7575,103.622,2.7284,0.06,0,3.90422,3.90422,0,0.731631,6.16896,4.3624e+06,2.98533e+06,1.70318e+07,0,0,0,0,62.3362,61.308,6.27572,1,1,1.69344,1.85716,0.163719,1.30835,1.69344,9.06595e+06,3.9903e+06,1.53526e+07,0,0,0,3.10957e+08
97.5755,103.622,2.415,0.06,0,3.90433,3.90433,0,0.731651,6.16896,4.3624e+06,2.98533e+06,1.70322e+07,0,0,0,0,62.3362,61.308,5.66293,1,1,1.69344,1.85721,0.16377,1.30835,1.69344,9.06595e+06,3.9903e+06,1.53526e+07,0,0,0,3.10957e+08
98.7711,103.622,4.85577,0.04,0,3.90444,3.90444,0,0.731672,6.16896,4.3624e+06,2.98533e+06,1.70327e+07,0,0,0,0,62.3362,61.308,7.75647,1,1,1.69344,1.85726,0.163822,1.30835,1.69344,9.06595e+06,3.9903e+06,1.53526e+07,0,0,0,3.10957e+08
103.622,103.622,10.994,0.04,0,3.80369,3.80369,0,0.731692,6.16896,4.3624e+06,2.98533e+06,1.65932e+07,0,0,0,0,62.3362,61.308,11.7028,1,1,1.69344,1.77186,0.0784194,1.30835,1.69344,9.06595e+06,3.9903e+06,1.53526e+07,0,0,0,3.10957e+08
103.622,103.622,6.33429,0.02,0,3.80379,3.80379,0,0.712811,6.16896,4.3624e+06,2.98533e+06,1.65937e+07,0,0,0,0,62.3362,61.308,5.27189,1,1,1.69344,1.77191,0.078469,1.30835,1.69344,9.06595e+06,3.9903e+06,1.53526e+07,0,0,0,3.10957e+08
103.622,103.622,4.32656,0.03,0,3.8039,3.8039,0,0.712831,6.16896,4.3624e+06,2.98533e+06,1.65941e+07,0,0,0,0,62.3362,61.308,4.42251,1,1,1.69344,1.77196,0.0785185,1.30835,1.69344,9.06595e+06,3.9903e+06,1.53526e+07,0,0,0,3.10957e+08
103.622,103.622,6.48877,0.03,0,3.804,3.804,0,0.712851,6.16896,4.3624e+06,2.98533e+06,1.65946e+07,0,0,0,0,62.3362,61.308,6.48786,1,1,1.69344,1.77201,0.0785681,1.30835,1.69344,9.06595e+06,3.9903e+06,1.53526e+07,0,0,0,3.10957e+08
103.622,103.622,5.08727,0.03,0,3.51762,3.51762,0,0.71287,6.16896,4.3624e+06,2.98533e+06,1.53453e+07,0,0,0,0,62.3362,61.308,5.03311,1,1,1.59406,1.59406,0,1.30835,1.69344,9.06595e+06,3.9903e+06,1.44517e+07,0,0,0,3.10957e+08
103.622,103.622,5.10846,0.03,0,3.51772,3.51772,0,0.659202,6.16896,4.3624e+06,2.98533e+06,1.53457e+07,0,0,0,0,62.3362,61.308,4.87383,1,1,1.5941,1.5941,0,1.23157,1.69344,9.06595e+06,3.9903e+06,1.44521e+07,0,0,0,3.10957e+08
103.622,103.622,4.9884,0.02,0,3.51781,3.51781,0,0.65922,6.16896,4.3624e+06,2.98533e+06,1.53461e+07,0,0,0,0,62.3362,61.308,4.29566,1,1,1.59415,1.59415,0,1.23161,1.69344,9.06595e+06,3.9903e+06,1.44525e+07,0,0,0,3.10957e+08
103.622,103.622,16.8666,0.03,0,3.51791,3.51791,0,0.659238,6.16896,4.3624e+06,2.98533e+06,1.53465e+07,0,0,0,0,62.3362,61.308,13.1462,1,1,1.59419,1.59419,0,1.23164,1.69344,9.06595e+06,3.9903e+06,1.44529e+07,0,0,0,3.10957e+08
103.622,103.622,12.5254,0.03,0,3.51801,3.51801,0,0.659257,6.16896,4.3624e+06,2.98533e+06,1.5347e+07,0,0,0,0,62.3362,61.308,10.5893,1,1,1.59424,1.59424,0,1.23167,1.69344,9.06595e+06,3.9903e+06,1.44533e+07,0,0,0,3.10957e+08
103.622,103.622,5.63663,0.03,0,3.6283,3.6283,0,0.659275,6.16896,4.3624e+06,2.98533e+06,1.58281e+07,0,0,0,0,62.3362,61.308,3.39694,1,1,1.64582,1.64582,0,1.23171,1.69344,9.06595e+06,3.9903e+06,1.4921e+07,0,0,0,3.10957e+08
103.622,103.622,3.7862,0.03,0,3.62837,3.62837,0,0.679944,6.16896,4.3624e+06,2.98533e+06,1.58284e+07,0,0,0,0,62.3362,61.308,2.69281,1,1,1.64586,1.64586,0,1.27156,1.69344,9.06595e+06,3.9903e+06,1.49213e+07,0,0,0,3.10957e+08
103.514,103.622,3.65243,0.03,0,3.62844,3.62844,0,0.679957,6.16896,4.3624e+06,2.98533e+06,1.58287e+07,0,0,0,0,62.3362,61.308,3.38371,1,1,1.64589,1.64589,0,1.27159,1.69344,9.06595e+06,3.9903e+06,1.49215e+07,0,0,0,3.10957e+08
103.622,103.622,6.62266,0.05,0,3.62851,3.62851,0,0.67997,6.16896,4.3624e+06,2.98533e+06,1.5829e+07,0,0,0,0,62.3362,61.308,5.55706,1,1,1.64592,1.64592,0,1.27161,1.69344,9.06595e+06,3.9903e+06,1.49218e+07,0,0,0,3.10957e+08
103.622,103.622,4.32092,0.03,0,3.9825,3.9825,0,0.679983,6.16896,4.3624e+06,2.98533e+06,1.73733e+07,0,0,0,0,62.3362,61.308,3.69052,1,1,1.69344,1.83948,0.146038,1.27164,1.69344,9.06595e+06,3.9903e+06,1.53526e+07,0,0,0,3.10957e+08
103.472,103.622,3.84295,0.01,0,3.98258,3.98258,0,0.746321,6.16896,4.3624e+06,2.98533e+06,1.73736e+07,0,0,0,0,62.3362,61.308,2.65759,1,1,1.69344,1.83951,0.146073,1.30835,1.69344,9.06595e+06,3.9903e+06,1.53526e+07,0,0,0,3.10957e+08
103.622,103.622,4.63875,0.04,0,3.98266,3.98266,0,0.746335,6.16896,4.3624e+06,2.98533e+06,1.73739e+07,0,0,0,0,62.3362,61.308,3.18197,1,1,1.69344,1.83955,0.146108,1.30835,1.69344,9.06595e+06,3.9903e+06,1.53526e+07,0,0,0,3.10957e+08
103.622,103.622,4.56216,0.01,0,3.98273,3.98273,0,0.74635,6.16896,4.3624e+06,2.98533e+06,1.73743e+07,0,0,0,0,62.3362,61.308,2.87098,1,1,1.69344,1.83958,0.146143,1.30835,1.69344,9.06595e+06,3.9903e+06,1.53526e+07,0,0,0,3.10957e+08
103.622,103.622,4.10343,0.01,0,3.47796,3.47796,0,0.746364,6.16896,4.3624e+06,2.98533e+06,1.51722e+07,0,0,0,0,62.3362,61.308,2.78686,1,1,1.57988,1.57988,0,1.30835,1.69344,9.06595e+06,3.9903e+06,1.43231e+07,0,0,0,3.10957e+08
103.622,103.622,4.29411,0.01,0,3.47803,3.47803,0,0.65177,6.16896,4.3624e+06,2.98533e+06,1.51725e+07,0,0,0,0,62.3362,61.308,2.89798,1,1,1.57991,1.57991,0,1.22062,1.69344,9.06595e+06,3.9903e+06,1.43234e+07,0,0,0,3.10957e+08
103.622,103.622,6.87566,0.01,0,3.47809,3.47809,0,0.651782,6.16896,4.3624e+06,2.98533e+06,1.51728e+07,0,0,0,0,62.3362,61.308,4.44487,1,1,1.57994,1.57994,0,1.22064,1.69344,9.06595e+06,3.9903e+06,1.43237e+07,0,0,0,3.10957e+08
103.622,103.622,6.63437,0.01,0,3.47816,3.47816,0,0.651794,6.16896,4.3624e+06,2.98533e+06,1.51731e+07,0,0,0,0,62.3362,61.308,6.19452,1,1,1.57997,1.57997,0,1.22066,1.69344,9.06595e+06,3.9903e+06,1.43239e+07,0,0,0,3.10957e+08
103.622,103.622,7.19437,0.01,0,3.47822,3.47822,0,0.651807,6.16896,4.3624e+06,2.98533e+06,1.51734e+07,0,0,0,0,62.3362,61.308,4.84861,1,1,1.58,1.58,0,1.22069,1.69344,9.06595e+06,3.9903e+06,1.43242e+07,0,0,0,3.10957e+08
103.622,103.622,5.5014,0.01,0,3.60538,3.60538,0,0.651819,6.16896,4.3624e+06,2.98533e+06,1.57281e+07,0,0,0,0,62.3362,61.308,2.6567,1,1,1.64358,1.64358,0,1.22071,1.69344,9.06595e+06,3.9903e+06,1.49006e+07,0,0,0,3.10957e+08
103.622,103.622,6.92605,0,0,3.60545,3.60545,0,0.675648,6.16896,4.3624e+06,2.98533e+06,1.57284e+07,0,0,0,0,62.3362,61.308,3.70468,1,1,1.64361,1.64361,0,1.26983,1.69344,9.06595e+06,3.9903e+06,1.49009e+07,0,0,0,3.10957e+08
103.622,103.622,8.32136,0,0,3.60552,3.60552,0,0.675661,6.16896,4.3624e+06,2.98533e+06,1.57287e+07,0,0,0,0,62.3362,61.308,4.79354,1,1,1.64364,1.64364,0,1.26985,1.69344,9.06595e+06,3.9903e+06,1.49012e+07,0,0,0,3.10957e+08
103.622,103.622,5.85566,0,0,3.60558,3.60558,0,0.675674,6.16896,4.3624e+06,2.98533e+06,1.5729e+07,0,0,0,0,62.3362,61.308,3.25361,1,1,1.64367,1.64367,0,1.26988,1.69344,9.06595e+06,3.9903e+06,1.49014e+07,0,0,0,3.10957e+08
103.622,103.622,4.54988,0,0,3.55596,3.55596,0,0.675687,6.16896,4.3624e+06,2.98533e+06,1.55125e+07,0,0,0,0,62.3362,61.308,3.05216,1,1,1.61902,1.61902,0,1.2699,1.69344,9.06595e+06,3.9903e+06,1.4678e+07,0,0,0,3.10957e+08
103.622,103.622,4.07433,0.01,0,3.55603,3.55603,0,0.666387,6.16896,4.3624e+06,2.98533e+06,1.55128e+07,0,0,0,0,62.3362,61.308,2.9727,1,1,1.61905,1.61905,0,1.25085,1.69344,9.06595e+06,3.9903e+06,1.46782e+07,0,0,0,3.10957e+08
103.622,103.622,3.91446,0.01,0,3.55609,3.55609,0,0.666399,6.16896,4.3624e+06,2.98533e+06,1.55131e+07,0,0,0,0,62.3362,61.308,2.67971,1,1,1.61908,1.61908,0,1.25088,1.69344,9.06595e+06,3.9903e+06,1.46785e+07,0,0,0,3.10957e+08
103.622,103.622,3.48729,0.01,0,3.55616,3.55616,0,0.666412,6.16896,4.3624e+06,2.98533e+06,1.55134e+07,0,0,0,0,62.3362,61.308,2.59515,1,1,1.61911,1.61911,0,1.2509,1.69344,9.06595e+06,3.9903e+06,1.46788e+07,0,0,0,3.10957e+08
103.522,103.622,3.51363,0.01,0,3.72493,3.72493,0,0.666425,6.16896,4.3624e+06,2.98533e+06,1.62496e+07,0,0,0,0,62.3362,61.308,2.94807,1,1,1.69344,1.70668,0.0132418,1.25093,1.69344,9.06595e+06,3.9903e+06,1.53526e+07,0,0,0,3.10957e+08
103.039,103.622,3.0056,0.02,0,3.725,3.725,0,0.698051,6.16896,4.3624e+06,2.98533e+06,1.62499e+07,0,0,0,0,62.2378,61.308,2.51346,1,1,1.69344,1.70671,0.0132743,1.30835,1.69344,9.06595e+06,3.9903e+06,1.53526e+07,0,0,0,3.10957e+08
102.429,103.622,2.76323,0.02,0,3.72507,3.72507,0,0.698064,6.16896,4.3624e+06,2.98533e+06,1.62502e+07,0,0,0,0,62.0558,61.308,2.21797,1,1,1.69344,1.70675,0.0133067,1.30835,1.69344,9.06595e+06,3.9903e+06,1.53526e+07,0,0,0,3.10957e+08
101.73,103.622,2.64886,0.02,0,3.72514,3.72514,0,0.698077,6.16896,4.3624e+06,2.98533e+06,1.62505e+07,0,0,0,0,61.8663,61.308,2.21533,1,1,1.69344,1.70678,0.0133391,1.30835,1.69344,9.06595e+06,3.9903e+06,1.53526e+07,0,0,0,3.10957e+08
100.829,103.622,2.41547,0.03,0,3.72521,3.72521,0,0.698091,6.16896,4.3624e+06,2.98533e+06,1.62508e+07,0,0,0,0,61.3302,61.308,2.20692,1,1,1.69344,1.70681,0.0133714,1.30835,1.69344,9.06595e+06,3.9903e+06,1.53526e+07,0,0,0,3.10957e+08
99.291,103.622,1.69144,0.03,0,3.69191,3.69191,0,0.698104,6.16896,4.3624e+06,2.98533e+06,1.61056e+07,0,0,0,0,60.5836,61.308,1.46019,1,1,1.69344,1.75496,0.0615215,1.30835,1.69344,9.06595e+06,3.9903e+06,1.53526e+07,0,0,0,3.10957e+08
97.7348,103.622,1.65451,0.04,0,3.69198,3.69198,0,0.691865,6.16896,4.3624e+06,2.98533e+06,1.61059e+07,0,0,0,0,59.8818,61.308,1.53686,1,1,1.69344,1.75499,0.0615548,1.30835,1.69344,9.06595e+06,3.9903e+06,1.53526e+07,0,0,0,3.10957e+08
96.1589,103.622,1.61214,0.04,0,3.69205,3.69205,0,0.691878,6.16896,4.3624e+06,2.98533e+06,1.61062e+07,0,0,0,0,59.0678,61.308,1.51293,1,1,1.69344,1.75503,0.0615881,1.30835,1.69344,9.06595e+06,3.9903e+06,1.53526e+07,0,0,0,3.10957e+08
94.508,103.622,1.48035,0.04,0,3.69212,3.69212,0,0.691891,6.16896,4.3624e+06,2.98533e+06,1.61065e+07,0,0,0,0,58.3033,61.308,1.41174,1,1,1.69344,1.75506,0.0616214,1.30835,1.69344,9.06595e+06,3.9903e+06,1.53526e+07,0,0,0,3.10957e+08
92.9698,103.622,1.61756,0.03,0,3.77836,3.77836,0,0.691904,6.16896,4.3624e+06,2.98533e+06,1.64827e+07,0,0,0,0,57.5624,61.308,1.54182,1,1,1.69344,1.79798,0.104541,1.30835,1.69344,9.06595e+06,3.9903e+06,1.53526e+07,0,0,0,3.10957e+08
91.3986,103.622,1.55699,0.09,0,3.77843,3.77843,0,0.708065,6.16896,4.3624e+06,2.98533e+06,1.6483e+07,0,0,0,0,56.7068,61.308,1.5176,1,1,1.69344,1.79802,0.104575,1.30835,1.69344,9.06595e+06,3.9903e+06,1.53526e+07,0,0,0,3.10957e+08
89.7283,103.622,1.42185,0.09,0,3.77851,3.77851,0,0.708079,6.16896,4.3624e+06,2.98533e+06,1.64833e+07,0,0,0,0,55.8591,61.308,1.39619,1,1,1.69344,1.79805,0.10461,1.30835,1.69344,9.06595e+06,3.9903e+06,1.53526e+07,0,0,0,3.10957e+08
87.9311,103.622,1.25349,0.09,0,3.77858,3.77858,0,0.708092,6.16896,4.3624e+06,2.98533e+06,1.64837e+07,0,0,0,0,54.941,61.308,1.38354,1,1,1.69344,1.79808,0.104644,1.30835,1.69344,9.06595e+06,3.9903e+06,1.53526e+07,0,0,0,3.10957e+08
85.7989,103.622,1.04129,0.09,0,4.03101,4.03101,0,0.708105,6.16896,4.3624e+06,2.98533e+06,1.75849e+07,0,0,0,0,53.8578,61.308,1.29251,1,1,1.69344,1.95293,0.259488,1.30835,1.69344,9.06595e+06,3.9903e+06,1.53526e+07,0,0,0,3.10957e+08
83.4778,103.622,0.786378,0.08,0,4.03109,4.03109,0,0.755411,6.16896,4.3624e+06,2.98533e+06,1.75852e+07,0,0,0,0,52.6811,61.308,1.06689,1,1,1.69344,1.95297,0.259525,1.30835,1.69344,9.06595e+06,3.9903e+06,1.53526e+07,0,0,0,3.10957e+08
81.2124,103.622,0.797999,0.07,0,4.03116,4.03116,0,0.755425,6.16896,4.3624e+06,2.98533e+06,1.75855e+07,0,0,0,0,51.6702,61.308,1.023,1,1,1.69344,1.953,0.259562,1.30835,1.69344,9.06595e+06,3.9903e+06,1.53526e+07,0,0,0,3.10957e+08
79.3125,103.622,1.14624,0.09,0,4.03124,4.03124,0,0.75544,6.16896,4.3624e+06,2.98533e+06,1.75859e+07,0,0,0,0,50.757,61.308,1.22664,1,1,1.69344,1.95304,0.259599,1.30835,1.69344,9.06595e+06,3.9903e+06,1.53526e+07,0,0,0,3.10957e+08
77.855,103.622,1.60682,0.1,0,4.03131,4.03131,0,0.755454,6.16896,4.3624e+06,2.98533e+06,1.75862e+07,0,0,0,0,49.7871,61.308,1.36577,1,1,1.69344,1.95308,0.259636,1.30835,1.69344,9.06595e+06,3.9903e+06,1.53526e+07,0,0,0,3.10957e+08
76.5752,103.622,1.75736,0.1,0,3.90839,3.90839,0,0.755468,6.16896,4.3624e+06,2.98533e+06,1.705e+07,0,0,0,0,49.2458,61.308,1.12255,1,1,1.69344,1.85914,0.165701,1.30835,1.69344,9.06595e+06,3.9903e+06,1.53526e+07,0,0,0,3.10957e+08
75.5542,103.622,2.06468,0.1,0,3.90846,3.90846,0,0.732432,6.16896,4.3624e+06,2.98533e+06,1.70503e+07,0,0,0,0,48.9832,61.308,1.90499,1,1,1.69344,1.85918,0.165736,1.30835,1.69344,9.06595e+06,3.9903e+06,1.53526e+07,0,0,0,3.10957e+08
74.4915,103.622,1.97137,0.09,0,3.90854,3.90854,0,0.732446,6.16896,4.3624e+06,2.98533e+06,1.70506e+07,0,0,0,0,48.6703,61.308,1.81775,1,1,1.69344,1.85921,0.165771,1.30835,1.69344,9.06595e+06,3.9903e+06,1.53526e+07,0,0,0,3.10957e+08
73.4257,103.622,1.959,0.09,0,3.90861,3.90861,0,0.73246,6.16896,4.3624e+06,2.98533e+06,1.70509e+07,0,0,0,0,48.4398,61.308,2.15261,1,1,1.69344,1.85925,0.165806,1.30835,1.69344,9.06595e+06,3.9903e+06,1.53526e+07,0,0,0,3.10957e+08
72.6309,103.622,2.27992,0.09,0,3.80771,3.80771,0,0.732474,6.16896,4.3624e+06,2.98533e+06,1.66108e+07,0,0,0,0,48.3361,61.308,2.26504,1,1,1.69344,1.77374,0.0802964,1.30835,1.69344,9.06595e+06,3.9903e+06,1.53526e+07,0,0,0,3.10957e+08
71.3343,103.622,1.70826,0.09,0,3.80779,3.80779,0,0.713566,6.16896,4.3624e+06,2.98533e+06,1.66111e+07,0,0,0,0,48.5922,61.308,3.29758,1,1,1.69344,1.77377,0.08033,1.30835,1.69344,9.06595e+06,3.9903e+06,1.53526e+07,0,0,0,3.10957e+08
69.6606,103.622,1.30624,0.1,0,3.80786,3.80786,0,0.713579,6.16896,4.3624e+06,2.98533e+06,1.66114e+07,0,0,0,0,48.476,61.308,2.26316,1,1,1.69344,1.7738,0.0803636,1.30835,1.69344,9.06595e+06,3.9903e+06,1.53526e+07,0,0,0,3.10957e+08
70.2102,103.622,3.86562,0.1,0,3.80793,3.80793,0,0.713593,6.16896,4.3624e+06,2.98533e+06,1.66117e+07,0,0,0,0,48.7151,61.308,3.68115,1,1,1.69344,1.77384,0.0803973,1.30835,1.69344,9.06595e+06,3.9903e+06,1.53526e+07,0,0,0,3.10957e+08
69.9295,103.622,2.64685,0.11,0,3.52122,3.52122,0,0.713606,6.16896,4.3624e+06,2.98533e+06,1.5361e+07,0,0,0,0,48.4517,61.308,2.23156,1,1,1.59569,1.59569,0,1.30835,1.69344,9.06595e+06,3.9903e+06,1.44665e+07,0,0,0,3.10957e+08
69.5333,103.622,2.51913,0.11,0,3.52128,3.52128,0,0.659876,6.16896,4.3624e+06,2.98533e+06,1.53612e+07,0,0,0,0,48.227,61.308,2.24261,1,1,1.59572,1.59572,0,1.23283,1.69344,9.06595e+06,3.9903e+06,1.44667e+07,0,0,0,3.10957e+08
69.2739,103.622,2.75097,0.12,0,3.52135,3.52135,0,0.659889,6.16896,4.3624e+06,2.98533e+06,1.53615e+07,0,0,0,0,48.1279,61.308,2.47113,1,1,1.59575,1.59575,0,1.23285,1.69344,9.06595e+06,3.9903e+06,1.4467e+07,0,0,0,3.10957e+08
69.8748,103.622,3.79443,0.15,0,3.52142,3.52142,0,0.659901,6.16896,4.3624e+06,2.98533e+06,1.53618e+07,0,0,0,0,48.3144,61.308,3.35452,1,1,1.59578,1.59578,0,1.23288,1.69344,9.06595e+06,3.9903e+06,1.44673e+07,0,0,0,3.10957e+08
70.7103,103.622,4.23138,0.16,0,3.52148,3.52148,0,0.659914,6.16896,4.3624e+06,2.98533e+06,1.53621e+07,0,0,0,0,48.8106,61.308,4.45951,1,1,1.59581,1.59581,0,1.2329,1.69344,9.06595e+06,3.9903e+06,1.44676e+07,0,0,0,3.10957e+08
80.9771,103.622,14.1389,0.16,0,3.52148,3.52148,0,0.659926,6.16896,4.3624e+06,2.98533e+06,1.53621e+07,0,0,0,0,51.8465,61.308,8.72243,1,1,1.59581,1.59581,0,1.23292,1.69344,9.06595e+06,3.9903e+06,1.44676e+07,0,0,0,3.10957e+08
84.656,103.622,7.13524,0.11,0,3.63186,3.63186,0,0.659926,6.16896,4.3624e+06,2.98533e+06,1.58436e+07,0,0,0,0,51.9966,61.308,6.57793,1,1,1.64744,1.64744,0,1.23292,1.69344,9.06595e+06,3.9903e+06,1.49356e+07,0,0,0,3.10957e+08
87.1637,103.622,5.97049,0.07,0,3.63189,3.63189,0,0.68061,6.16896,4.3624e+06,2.98533e+06,1.58438e+07,0,0,0,0,51.9467,61.308,5.74569,1,1,1.64745,1.64745,0,1.27281,1.69344,9.06595e+06,3.9903e+06,1.49357e+07,0,0,0,3.10957e+08
90.0121,103.622,6.39503,0.05,0,3.63193,3.63193,0,0.680617,6.16896,4.3624e+06,2.98533e+06,1.58439e+07,0,0,0,0,52.0144,61.308,6.47961,1,1,1.64747,1.64747,0,1.27282,1.69344,9.06595e+06,3.9903e+06,1.49359e+07,0,0,0,3.10957e+08
93.3181,103.622,6.97149,0.06,0,3.63197,3.63197,0,0.680624,6.16896,4.3624e+06,2.98533e+06,1.58441e+07,0,0,0,0,52.539,61.308,6.71556,1,1,1.64749,1.64749,0,1.27283,1.69344,9.06595e+06,3.9903e+06,1.4936e+07,0,0,0,3.10957e+08
95.2193,103.622,5.73562,0.04,0,3.98626,3.98626,0,0.68063,6.16896,4.3624e+06,2.98533e+06,1.73897e+07,0,0,0,0,53.0582,61.308,6.02735,1,1,1.69344,1.84121,0.147773,1.27285,1.69344,9.06595e+06,3.9903e+06,1.53526e+07,0,0,0,3.10957e+08
95.4679,103.622,4.00848,0.04,0,3.9863,3.9863,0,0.747025,6.16896,4.3624e+06,2.98533e+06,1.73898e+07,0,0,0,0,53.0704,61.308,4.17333,1,1,1.69344,1.84123,0.147792,1.30835,1.69344,9.06595e+06,3.9903e+06,1.53526e+07,0,0,0,3.10957e+08
95.2938,103.622,3.55794,0.04,0,3.98634,3.98634,0,0.747033,6.16896,4.3624e+06,2.98533e+06,1.739e+07,0,0,0,0,52.9233,61.308,3.70779,1,1,1.69344,1.84125,0.147811,1.30835,1.69344,9.06595e+06,3.9903e+06,1.53526e+07,0,0,0,3.10957e+08
97.241,103.622,6.04572,0.04,0,3.98638,3.98638,0,0.74704,6.16896,4.3624e+06,2.98533e+06,1.73902e+07,0,0,0,0,53.8622,61.308,7.17218,1,1,1.69344,1.84127,0.147829,1.30835,1.69344,9.06595e+06,3.9903e+06,1.53526e+07,0,0,0,3.10957e+08
100.789,103.622,7.69441,0.04,0,3.48112,3.48112,0,0.747048,6.16896,4.3624e+06,2.98533e+06,1.5186e+07,0,0,0,0,55.5971,61.308,9.10027,1,1,1.58131,1.58131,0,1.30835,1.69344,9.06595e+06,3.9903e+06,1.43361e+07,0,0,0,3.10957e+08
102.143,103.622,5.39275,0.03,0,3.48115,3.48115,0,0.652361,6.16896,4.3624e+06,2.98533e+06,1.51862e+07,0,0,0,0,56.5825,61.308,7.20059,1,1,1.58133,1.58133,0,1.22172,1.69344,9.06595e+06,3.9903e+06,1.43363e+07,0,0,0,3.10957e+08
103.622,103.622,7.06118,0.03,0,3.48119,3.48119,0,0.652368,6.16896,4.3624e+06,2.98533e+06,1.51863e+07,0,0,0,0,57.9251,61.308,8.5488,1,1,1.58135,1.58135,0,1.22174,1.69344,9.06595e+06,3.9903e+06,1.43364e+07,0,0,0,3.10957e+08
103.622,103.622,7.45265,0.01,0,3.48122,3.48122,0,0.652375,6.16896,4.3624e+06,2.98533e+06,1.51865e+07,0,0,0,0,60.2413,61.308,10.3072,1,1,1.58136,1.58136,0,1.22175,1.69344,9.06595e+06,3.9903e+06,1.43366e+07,0,0,0,3.10957e+08
103.622,103.622,7.37566,0.01,0,3.48126,3.48126,0,0.652381,6.16896,4.3624e+06,2.98533e+06,1.51866e+07,0,0,0,0,61.4428,61.308,5.94315,1,1,1.58138,1.58138,0,1.22176,1.69344,9.06595e+06,3.9903e+06,1.43367e+07,0,0,0,3.10957e+08
103.622,103.622,6.78013,0,0,3.60849,3.60849,0,0.652388,6.16896,4.3624e+06,2.98533e+06,1.57417e+07,0,0,0,0,62.3362,61.308,8.48038,1,1,1.645,1.645,0,1.22177,1.69344,9.06595e+06,3.9903e+06,1.49135e+07,0,0,0,3.10957e+08
103.622,103.622,5.62637,0,0,3.60853,3.60853,0,0.676232,6.16896,4.3624e+06,2.98533e+06,1.57418e+07,0,0,0,0,62.3362,61.308,8.85909,1,1,1.64501,1.64501,0,1.27092,1.69344,9.06595e+06,3.9903e+06,1.49136e+07,0,0,0,3.10957e+08
103.622,103.622,4.25315,0,0,3.60857,3.60857,0,0.676238,6.16896,4.3624e+06,2.98533e+06,1.5742e+07,0,0,0,0,62.3362,61.308,6.23165,1,1,1.64503,1.64503,0,1.27094,1.69344,9.06595e+06,3.9903e+06,1.49138e+07,0,0,0,3.10957e+08
103.622,103.622,4.84709,0,0,3.6086,3.6086,0,0.676245,6.16896,4.3624e+06,2.98533e+06,1.57422e+07,0,0,0,0,62.3362,61.308,4.3351,1,1,1.64505,1.64505,0,1.27095,1.69344,9.06595e+06,3.9903e+06,1.49139e+07,0,0,0,3.10957e+08
103.622,103.622,4.21369,0.01,0,3.5589,3.5589,0,0.676252,6.16896,4.3624e+06,2.98533e+06,1.55254e+07,0,0,0,0,62.3362,61.308,3.50603,1,1,1.62036,1.62036,0,1.27096,1.69344,9.06595e+06,3.9903e+06,1.46901e+07,0,0,0,3.10957e+08
103.622,103.622,3.70419,0.01,0,3.55894,3.55894,0,0.666938,6.16896,4.3624e+06,2.98533e+06,1.55255e+07,0,0,0,0,62.3362,61.308,3.15198,1,1,1.62038,1.62038,0,1.25189,1.69344,9.06595e+06,3.9903e+06,1.46903e+07,0,0,0,3.10957e+08
103.532,103.622,3.31696,0.01,0,3.55898,3.55898,0,0.666945,6.16896,4.3624e+06,2.98533e+06,1.55257e+07,0,0,0,0,62.3098,61.308,2.79605,1,1,1.62039,1.62039,0,1.2519,1.69344,9.06595e+06,3.9903e+06,1.46904e+07,0,0,0,3.10957e+08
103.452,103.622,3.26311,0.02,0,3.55901,3.55901,0,0.666952,6.16896,4.3624e+06,2.98533e+06,1.55258e+07,0,0,0,0,62.2503,61.308,2.64758,1,1,1.62041,1.62041,0,1.25192,1.69344,9.06595e+06,3.9903e+06,1.46906e+07,0,0,0,3.10957e+08
103.414,103.622,3.33883,0.02,0,3.72788,3.72788,0,0.666959,6.16896,4.3624e+06,2.98533e+06,1.62625e+07,0,0,0,0,62.0441,61.308,2.47478,1,1,1.69344,1.70803,0.014595,1.25193,1.69344,9.06595e+06,3.9903e+06,1.53526e+07,0,0,0,3.10957e+08
102.988,103.622,2.91221,0.02,0,3.72792,3.72792,0,0.698604,6.16896,4.3624e+06,2.98533e+06,1.62627e+07,0,0,0,0,61.742,61.308,2.14211,1,1,1.69344,1.70805,0.0146123,1.30835,1.69344,9.06595e+06,3.9903e+06,1.53526e+07,0,0,0,3.10957e+08
102.23,103.622,2.57134,0.02,0,3.72795,3.72795,0,0.698611,6.16896,4.3624e+06,2.98533e+06,1.62628e+07,0,0,0,0,61.3938,61.308,2.13644,1,1,1.69344,1.70807,0.0146297,1.30835,1.69344,9.06595e+06,3.9903e+06,1.53526e+07,0,0,0,3.10957e+08
101.277,103.622,2.34816,0.02,0,3.72799,3.72799,0,0.698619,6.16896,4.3624e+06,2.98533e+06,1.6263e+07,0,0,0,0,60.9937,61.308,1.95454,1,1,1.69344,1.70809,0.014647,1.30835,1.69344,9.06595e+06,3.9903e+06,1.53526e+07,0,0,0,3.10957e+08
100.123,103.622,2.13499,0.03,0,3.72803,3.72803,0,0.698626,6.16896,4.3624e+06,2.98533e+06,1.62632e+07,0,0,0,0,60.6119,61.308,2.27522,1,1,1.69344,1.7081,0.0146644,1.30835,1.69344,9.06595e+06,3.9903e+06,1.53526e+07,0,0,0,3.10957e+08
98.9221,103.622,2.03029,0.02,0,3.69468,3.69468,0,0.698633,6.16896,4.3624e+06,2.98533e+06,1.61177e+07,0,0,0,0,60.1948,61.308,2.19768,1,1,1.69344,1.75628,0.0628353,1.30835,1.69344,9.06595e+06,3.9903e+06,1.53526e+07,0,0,0,3.10957e+08
97.6259,103.622,1.90333,0.02,0,3.69471,3.69471,0,0.692383,6.16896,4.3624e+06,2.98533e+06,1.61178e+07,0,0,0,0,59.715,61.308,2.07249,1,1,1.69344,1.75629,0.0628531,1.30835,1.69344,9.06595e+06,3.9903e+06,1.53526e+07,0,0,0,3.10957e+08
96.2393,103.622,1.78606,0.03,0,3.69475,3.69475,0,0.69239,6.16896,4.3624e+06,2.98533e+06,1.6118e+07,0,0,0,0,59.2045,61.308,1.95237,1,1,1.69344,1.75631,0.0628709,1.30835,1.69344,9.06595e+06,3.9903e+06,1.53526e+07,0,0,0,3.10957e+08
94.837,103.622,1.74777,0.03,0,3.69479,3.69479,0,0.692397,6.16896,4.3624e+06,2.98533e+06,1.61181e+07,0,0,0,0,58.7492,61.308,1.95389,1,1,1.69344,1.75633,0.0628887,1.30835,1.69344,9.06595e+06,3.9903e+06,1.53526e+07,0,0,0,3.10957e+08
93.21,103.622,1.53037,0.04,0,3.78106,3.78106,0,0.692404,6.16896,4.3624e+06,2.98533e+06,1.64945e+07,0,0,0,0,58.1933,61.308,1.87609,1,1,1.69344,1.79926,0.105824,1.30835,1.69344,9.06595e+06,3.9903e+06,1.53526e+07,0,0,0,3.10957e+08
91.5178,103.622,1.42812,0.09,0,3.7811,3.7811,0,0.70857,6.16896,4.3624e+06,2.98533e+06,1.64946e+07,0,0,0,0,57.6059,61.308,1.71957,1,1,1.69344,1.79928,0.105842,1.30835,1.69344,9.06595e+06,3.9903e+06,1.53526e+07,0,0,0,3.10957e+08
89.8333,103.622,1.41231,0.07,0,3.78113,3.78113,0,0.708577,6.16896,4.3624e+06,2.98533e+06,1.64948e+07,0,0,0,0,57.0529,61.308,1.84134,1,1,1.69344,1.7993,0.10586,1.30835,1.69344,9.06595e+06,3.9903e+06,1.53526e+07,0,0,0,3.10957e+08
88.3173,103.622,1.56307,0.08,0,3.78117,3.78117,0,0.708584,6.16896,4.3624e+06,2.98533e+06,1.6495e+07,0,0,0,0,56.5481,61.308,2.04227,1,1,1.69344,1.79932,0.105879,1.30835,1.69344,9.06595e+06,3.9903e+06,1.53526e+07,0,0,0,3.10957e+08
86.781,103.622,1.68675,0.07,0,4.03374,4.03374,0,0.708592,6.16896,4.3624e+06,2.98533e+06,1.75968e+07,0,0,0,0,56.0509,61.308,2.14557,1,1,1.69344,1.95425,0.260812,1.30835,1.69344,9.06595e+06,3.9903e+06,1.53526e+07,0,0,0,3.10957e+08
85.0858,103.622,1.5232,0.06,0,4.03378,4.03378,0,0.755923,6.16896,4.3624e+06,2.98533e+06,1.7597e+07,0,0,0,0,55.5376,61.308,2.05455,1,1,1.69344,1.95427,0.260832,1.30835,1.69344,9.06595e+06,3.9903e+06,1.53526e+07,0,0,0,3.10957e+08
83.4493,103.622,1.53869,0.07,0,4.03382,4.03382,0,0.755931,6.16896,4.3624e+06,2.98533e+06,1.75971e+07,0,0,0,0,55.095,61.308,2.21385,1,1,1.69344,1.95429,0.260852,1.30835,1.69344,9.06595e+06,3.9903e+06,1.53526e+07,0,0,0,3.10957e+08
81.8545,103.622,1.57431,0.08,0,4.03386,4.03386,0,0.755939,6.16896,4.3624e+06,2.98533e+06,1.75973e+07,0,0,0,0,54.664,61.308,2.62606,1,1,1.69344,1.95431,0.260871,1.30835,1.69344,9.06595e+06,3.9903e+06,1.53526e+07,0,0,0,3.10957e+08
81.0503,103.622,2.36546,0.1,0,4.03391,4.03391,0,0.755946,6.16896,4.3624e+06,2.98533e+06,1.75975e+07,0,0,0,0,54.1621,61.308,2.58853,1,1,1.69344,1.95433,0.260891,1.30835,1.69344,9.06595e+06,3.9903e+06,1.53526e+07,0,0,0,3.10957e+08
80.2615,103.622,2.37409,0.09,0,3.91087,3.91087,0,0.755954,6.16896,4.3624e+06,2.98533e+06,1.70608e+07,0,0,0,0,53.7731,61.308,2.7933,1,1,1.69344,1.86032,0.166879,1.30835,1.69344,9.06595e+06,3.9903e+06,1.53526e+07,0,0,0,3.10957e+08
79.7719,103.622,2.74109,0.09,0,3.91091,3.91091,0,0.732896,6.16896,4.3624e+06,2.98533e+06,1.70609e+07,0,0,0,0,53.6061,61.308,3.52983,1,1,1.69344,1.86034,0.166898,1.30835,1.69344,9.06595e+06,3.9903e+06,1.53526e+07,0,0,0,3.10957e+08
79.1896,103.622,2.68227,0.09,0,3.91095,3.91095,0,0.732904,6.16896,4.3624e+06,2.98533e+06,1.70611e+07,0,0,0,0,53.4241,61.308,3.44013,1,1,1.69344,1.86036,0.166916,1.30835,1.69344,9.06595e+06,3.9903e+06,1.53526e+07,0,0,0,3.10957e+08
79.7274,103.622,3.89111,0.09,0,3.91098,3.91098,0,0.732911,6.16896,4.3624e+06,2.98533e+06,1.70613e+07,0,0,0,0,53.4343,61.308,3.64073,1,1,1.69344,1.86038,0.166935,1.30835,1.69344,9.06595e+06,3.9903e+06,1.53526e+07,0,0,0,3.10957e+08
83.0636,103.622,6.76942,0.09,0,3.80999,3.80999,0,0.732919,6.16896,4.3624e+06,2.98533e+06,1.66207e+07,0,0,0,0,53.7798,61.308,3.64763,1,1,1.69344,1.7748,0.0813577,1.30835,1.69344,9.06595e+06,3.9903e+06,1.53526e+07,0,0,0,3.10957e+08
87.3273,103.622,7.86868,0.04,0,3.81003,3.81003,0,0.713993,6.16896,4.3624e+06,2.98533e+06,1.66209e+07,0,0,0,0,54.6682,61.308,4.77405,1,1,1.69344,1.77482,0.0813757,1.30835,1.69344,9.06595e+06,3.9903e+06,1.53526e+07,0,0,0,3.10957e+08
90.8068,103.622,7.14921,0.04,0,3.81007,3.81007,0,0.714,6.16896,4.3624e+06,2.98533e+06,1.6621e+07,0,0,0,0,55.1627,61.308,4.0607,1,1,1.69344,1.77483,0.0813937,1.30835,1.69344,9.06595e+06,3.9903e+06,1.53526e+07,0,0,0,3.10957e+08
92.6016,103.622,5.35957,0.04,0,3.81011,3.81011,0,0.714007,6.16896,4.3624e+06,2.98533e+06,1.66212e+07,0,0,0,0,55.4106,61.308,3.15605,1,1,1.69344,1.77485,0.0814117,1.30835,1.69344,9.06595e+06,3.9903e+06,1.53526e+07,0,0,0,3.10957e+08
95.2506,103.622,5.93239,0.06,0,3.5232,3.5232,0,0.714014,6.16896,4.3624e+06,2.98533e+06,1.53696e+07,0,0,0,0,55.6865,61.308,3.86998,1,1,1.59659,1.59659,0,1.30835,1.69344,9.06595e+06,3.9903e+06,1.44746e+07,0,0,0,3.10957e+08
98.428,103.622,6.63437,0.04,0,3.52324,3.52324,0,0.660248,6.16896,4.3624e+06,2.98533e+06,1.53698e+07,0,0,0,0,56.0337,61.308,3.79275,1,1,1.59661,1.59661,0,1.23353,1.69344,9.06595e+06,3.9903e+06,1.44748e+07,0,0,0,3.10957e+08
103.079,103.622,8.31992,0.04,0,3.52327,3.52327,0,0.660254,6.16896,4.3624e+06,2.98533e+06,1.53699e+07,0,0,0,0,57.5644,61.308,7.16432,1,1,1.59662,1.59662,0,1.23354,1.69344,9.06595e+06,3.9903e+06,1.44749e+07,0,0,0,3.10957e+08
103.622,103.622,11.2318,0.04,0,3.52331,3.52331,0,0.660261,6.16896,4.3624e+06,2.98533e+06,1.53701e+07,0,0,0,0,59.5213,61.308,8.98021,1,1,1.59664,1.59664,0,1.23355,1.69344,9.06595e+06,3.9903e+06,1.4475e+07,0,0,0,3.10957e+08
103.622,103.622,7.06465,0.02,0,3.52334,3.52334,0,0.660268,6.16896,4.3624e+06,2.98533e+06,1.53702e+07,0,0,0,0,60.5516,61.308,8.08362,1,1,1.59665,1.59665,0,1.23356,1.69344,9.06595e+06,3.9903e+06,1.44752e+07,0,0,0,3.10957e+08
103.622,103.622,5.57934,0.02,0,3.63374,3.63374,0,0.660274,6.16896,4.3624e+06,2.98533e+06,1.58518e+07,0,0,0,0,61.8687,61.308,7.23801,1,1,1.64829,1.64829,0,1.23358,1.69344,9.06595e+06,3.9903e+06,1.49433e+07,0,0,0,3.10957e+08
103.622,103.622,5.66869,0.02,0,3.63374,3.63374,0,0.680963,6.16896,4.3624e+06,2.98533e+06,1.58518e+07,0,0,0,0,62.3362,61.308,6.76809,1,1,1.64829,1.64829,0,1.27347,1.69344,9.06595e+06,3.9903e+06,1.49433e+07,0,0,0,3.10957e+08
103.622,103.622,6.16215,0.01,0,3.63375,3.63375,0,0.680964,6.16896,4.3624e+06,2.98533e+06,1.58519e+07,0,0,0,0,62.3362,61.308,5.9241,1,1,1.64829,1.64829,0,1.27347,1.69344,9.06595e+06,3.9903e+06,1.49434e+07,0,0,0,3.10957e+08
103.622,103.622,4.99682,0.01,0,3.63375,3.63375,0,0.680965,6.16896,4.3624e+06,2.98533e+06,1.58519e+07,0,0,0,0,62.3362,61.308,5.45395,1,1,1.6483,1.6483,0,1.27347,1.69344,9.06595e+06,3.9903e+06,1.49434e+07,0,0,0,3.10957e+08
103.369,103.622,3.77821,0.01,0,3.98819,3.98819,0,0.680966,6.16896,4.3624e+06,2.98533e+06,1.73981e+07,0,0,0,0,62.3362,61.308,5.05924,1,1,1.69344,1.8421,0.148664,1.27347,1.69344,9.06595e+06,3.9903e+06,1.53526e+07,0,0,0,3.10957e+08
103.622,103.622,5.0813,0.04,0,3.98819,3.98819,0,0.747386,6.16896,4.3624e+06,2.98533e+06,1.73981e+07,0,0,0,0,62.3362,61.308,6.11408,1,1,1.69344,1.84211,0.148666,1.30835,1.69344,9.06595e+06,3.9903e+06,1.53526e+07,0,0,0,3.10957e+08
103.622,103.622,7.33725,0.01,0,3.9882,3.9882,0,0.747388,6.16896,4.3624e+06,2.98533e+06,1.73981e+07,0,0,0,0,62.3362,61.308,7.77078,1,1,1.69344,1.84211,0.148669,1.30835,1.69344,9.06595e+06,3.9903e+06,1.53526e+07,0,0,0,3.10957e+08
103.622,103.622,5.88727,0.01,0,3.9882,3.9882,0,0.747389,6.16896,4.3624e+06,2.98533e+06,1.73981e+07,0,0,0,0,62.3362,61.308,6.30062,1,1,1.69344,1.84211,0.148671,1.30835,1.69344,9.06595e+06,3.9903e+06,1.53526e+07,0,0,0,3.10957e+08
103.622,103.622,7.50466,0.01,0,3.48268,3.48268,0,0.74739,6.16896,4.3624e+06,2.98533e+06,1.51928e+07,0,0,0,0,62.3362,61.308,8.21448,1,1,1.58202,1.58202,0,1.30835,1.69344,9.06595e+06,3.9903e+06,1.43426e+07,0,0,0,3.10957e+08
103.622,103.622,9.6778,0.01,0,3.48268,3.48268,0,0.652654,6.16896,4.3624e+06,2.98533e+06,1.51929e+07,0,0,0,0,62.3362,61.308,9.13389,1,1,1.58203,1.58203,0,1.22227,1.69344,9.06595e+06,3.9903e+06,1.43426e+07,0,0,0,3.10957e+08
103.622,103.622,9.23253,0.01,0,3.48269,3.48269,0,0.652655,6.16896,4.3624e+06,2.98533e+06,1.51929e+07,0,0,0,0,62.3362,61.308,8.89803,1,1,1.58203,1.58203,0,1.22227,1.69344,9.06595e+06,3.9903e+06,1.43426e+07,0,0,0,3.10957e+08
103.622,103.622,15.3986,0.01,0,3.48269,3.48269,0,0.652656,6.16896,4.3624e+06,2.98533e+06,1.51929e+07,0,0,0,0,62.3362,61.308,11.6169,1,1,1.58203,1.58203,0,1.22228,1.69344,9.06595e+06,3.9903e+06,1.43426e+07,0,0,0,3.10957e+08
103.622,103.622,8.31438,0.01,0,3.4827,3.4827,0,0.652657,6.16896,4.3624e+06,2.98533e+06,1.51929e+07,0,0,0,0,62.3362,61.308,8.62618,1,1,1.58203,1.58203,0,1.22228,1.69344,9.06595e+06,3.9903e+06,1.43426e+07,0,0,0,3.10957e+08
103.622,103.622,10.0798,0,0,3.60995,3.60995,0,0.652658,6.16896,4.3624e+06,2.98533e+06,1.57481e+07,0,0,0,0,62.3362,61.308,10.0647,1,1,1.64566,1.64566,0,1.22228,1.69344,9.06595e+06,3.9903e+06,1.49195e+07,0,0,0,3.10957e+08
103.622,103.622,7.18614,0,0,3.60996,3.60996,0,0.676505,6.16896,4.3624e+06,2.98533e+06,1.57481e+07,0,0,0,0,62.3362,61.308,7.6508,1,1,1.64567,1.64567,0,1.27144,1.69344,9.06595e+06,3.9903e+06,1.49195e+07,0,0,0,3.10957e+08
103.622,103.622,5.96163,0,0,3.60996,3.60996,0,0.676506,6.16896,4.3624e+06,2.98533e+06,1.57481e+07,0,0,0,0,62.3362,61.308,7.14238,1,1,1.64567,1.64567,0,1.27144,1.69344,9.06595e+06,3.9903e+06,1.49195e+07,0,0,0,3.10957e+08
103.622,103.622,5.89859,0,0,3.60997,3.60997,0,0.676507,6.16896,4.3624e+06,2.98533e+06,1.57481e+07,0,0,0,0,62.3362,61.308,6.43392,1,1,1.64567,1.64567,0,1.27144,1.69344,9.06595e+06,3.9903e+06,1.49196e+07,0,0,0,3.10957e+08
103.622,103.622,5.42232,0.01,0,3.56022,3.56022,0,0.676508,6.16896,4.3624e+06,2.98533e+06,1.55311e+07,0,0,0,0,62.3362,61.308,5.52655,1,1,1.62096,1.62096,0,1.27144,1.69344,9.06595e+06,3.9903e+06,1.46955e+07,0,0,0,3.10957e+08
103.622,103.622,5.13364,0.01,0,3.56022,3.56022,0,0.667185,6.16896,4.3624e+06,2.98533e+06,1.55311e+07,0,0,0,0,62.3362,61.308,5.31749,1,1,1.62096,1.62096,0,1.25235,1.69344,9.06595e+06,3.9903e+06,1.46956e+07,0,0,0,3.10957e+08
103.622,103.622,4.86991,0.01,0,3.56023,3.56023,0,0.667186,6.16896,4.3624e+06,2.98533e+06,1.55311e+07,0,0,0,0,62.3362,61.308,6.31204,1,1,1.62096,1.62096,0,1.25235,1.69344,9.06595e+06,3.9903e+06,1.46956e+07,0,0,0,3.10957e+08
103.622,103.622,4.56368,0.01,0,3.56023,3.56023,0,0.667187,6.16896,4.3624e+06,2.98533e+06,1.55312e+07,0,0,0,0,62.3362,61.308,5.47359,1,1,1.62097,1.62097,0,1.25236,1.69344,9.06595e+06,3.9903e+06,1.46956e+07,0,0,0,3.10957e+08
103.622,103.622,4.4568,0.02,0,3.72913,3.72913,0,0.667188,6.16896,4.3624e+06,2.98533e+06,1.62679e+07,0,0,0,0,62.3362,61.308,4.51163,1,1,1.69344,1.70861,0.0151662,1.25236,1.69344,9.06595e+06,3.9903e+06,1.53526e+07,0,0,0,3.10957e+08
103.622,103.622,4.29942,0.02,0,3.72913,3.72913,0,0.698838,6.16896,4.3624e+06,2.98533e+06,1.6268e+07,0,0,0,0,62.3362,61.308,4.87158,1,1,1.69344,1.70861,0.0151686,1.30835,1.69344,9.06595e+06,3.9903e+06,1.53526e+07,0,0,0,3.10957e+08
103.622,103.622,3.95063,0.02,0,3.72914,3.72914,0,0.698839,6.16896,4.3624e+06,2.98533e+06,1.6268e+07,0,0,0,0,62.3362,61.308,4.62693,1,1,1.69344,1.70861,0.0151709,1.30835,1.69344,9.06595e+06,3.9903e+06,1.53526e+07,0,0,0,3.10957e+08
103.622,103.622,3.74983,0.02,0,3.72914,3.72914,0,0.69884,6.16896,4.3624e+06,2.98533e+06,1.6268e+07,0,0,0,0,62.3362,61.308,4.67773,1,1,1.69344,1.70861,0.0151733,1.30835,1.69344,9.06595e+06,3.9903e+06,1.53526e+07,0,0,0,3.10957e+08
103.596,103.622,3.45445,0.02,0,3.72915,3.72915,0,0.698841,6.16896,4.3624e+06,2.98533e+06,1.6268e+07,0,0,0,0,62.3362,61.308,3.58541,1,1,1.69344,1.70862,0.0151755,1.30835,1.69344,9.06595e+06,3.9903e+06,1.53526e+07,0,0,0,3.10957e+08
103.442,103.622,3.29834,0.04,0,3.69575,3.69575,0,0.698842,6.16896,4.3624e+06,2.98533e+06,1.61223e+07,0,0,0,0,62.3362,61.308,3.19677,1,1,1.69344,1.75679,0.0633455,1.30835,1.69344,9.06595e+06,3.9903e+06,1.53526e+07,0,0,0,3.10957e+08
103.031,103.622,3.02686,0.04,0,3.69576,3.69576,0,0.692584,6.16896,4.3624e+06,2.98533e+06,1.61224e+07,0,0,0,0,62.3362,61.308,3.21341,1,1,1.69344,1.75679,0.0633479,1.30835,1.69344,9.06595e+06,3.9903e+06,1.53526e+07,0,0,0,3.10957e+08
102.362,103.622,2.74265,0.04,0,3.69576,3.69576,0,0.692585,6.16896,4.3624e+06,2.98533e+06,1.61224e+07,0,0,0,0,62.3362,61.308,2.86481,1,1,1.69344,1.75679,0.0633503,1.30835,1.69344,9.06595e+06,3.9903e+06,1.53526e+07,0,0,0,3.10957e+08
101.793,103.622,2.81313,0.04,0,3.69577,3.69577,0,0.692586,6.16896,4.3624e+06,2.98533e+06,1.61224e+07,0,0,0,0,62.3084,61.308,2.98949,1,1,1.69344,1.75679,0.0633528,1.30835,1.69344,9.06595e+06,3.9903e+06,1.53526e+07,0,0,0,3.10957e+08
101.359,103.622,3.00606,0.05,0,3.78202,3.78202,0,0.692587,6.16896,4.3624e+06,2.98533e+06,1.64987e+07,0,0,0,0,62.3113,61.308,3.33699,1,1,1.69344,1.79972,0.106283,1.30835,1.69344,9.06595e+06,3.9903e+06,1.53526e+07,0,0,0,3.10957e+08
100.665,103.622,2.73575,0.05,0,3.78203,3.78203,0,0.708751,6.16896,4.3624e+06,2.98533e+06,1.64987e+07,0,0,0,0,62.2532,61.308,3.20077,1,1,1.69344,1.79973,0.106286,1.30835,1.69344,9.06595e+06,3.9903e+06,1.53526e+07,0,0,0,3.10957e+08
99.7652,103.622,2.49808,0.05,0,3.78203,3.78203,0,0.708752,6.16896,4.3624e+06,2.98533e+06,1.64987e+07,0,0,0,0,62.1577,61.308,2.94811,1,1,1.69344,1.79973,0.106288,1.30835,1.69344,9.06595e+06,3.9903e+06,1.53526e+07,0,0,0,3.10957e+08
98.6004,103.622,2.20297,0.06,0,3.78204,3.78204,0,0.708753,6.16896,4.3624e+06,2.98533e+06,1.64988e+07,0,0,0,0,62.0515,61.308,2.92182,1,1,1.69344,1.79973,0.106291,1.30835,1.69344,9.06595e+06,3.9903e+06,1.53526e+07,0,0,0,3.10957e+08
97.7697,103.622,2.7361,0.06,0,4.03463,4.03463,0,0.708754,6.16896,4.3624e+06,2.98533e+06,1.76007e+07,0,0,0,0,61.8787,61.308,2.77017,1,1,1.69344,1.95468,0.261243,1.30835,1.69344,9.06595e+06,3.9903e+06,1.53526e+07,0,0,0,3.10957e+08
97.2357,103.622,3.0696,0.06,0,4.03464,4.03464,0,0.75609,6.16896,4.3624e+06,2.98533e+06,1.76007e+07,0,0,0,0,61.8936,61.308,3.45639,1,1,1.69344,1.95469,0.261245,1.30835,1.69344,9.06595e+06,3.9903e+06,1.53526e+07,0,0,0,3.10957e+08
96.1488,103.622,2.47187,0.07,0,4.03464,4.03464,0,0.756091,6.16896,4.3624e+06,2.98533e+06,1.76007e+07,0,0,0,0,61.6331,61.308,2.49002,1,1,1.69344,1.95469,0.261248,1.30835,1.69344,9.06595e+06,3.9903e+06,1.53526e+07,0,0,0,3.10957e+08
95.5804,103.622,3.03565,0.07,0,4.03465,4.03465,0,0.756092,6.16896,4.3624e+06,2.98533e+06,1.76007e+07,0,0,0,0,61.8673,61.308,4.35186,1,1,1.69344,1.95469,0.261251,1.30835,1.69344,9.06595e+06,3.9903e+06,1.53526e+07,0,0,0,3.10957e+08
95.034,103.622,3.11091,0.06,0,4.03465,4.03465,0,0.756093,6.16896,4.3624e+06,2.98533e+06,1.76008e+07,0,0,0,0,61.899,61.308,4.30402,1,1,1.69344,1.95469,0.261253,1.30835,1.69344,9.06595e+06,3.9903e+06,1.53526e+07,0,0,0,3.10957e+08
94.5253,103.622,3.14461,0.05,0,3.91156,3.91156,0,0.756094,6.16896,4.3624e+06,2.98533e+06,1.70638e+07,0,0,0,0,62.0995,61.308,4.76649,1,1,1.69344,1.86065,0.167207,1.30835,1.69344,9.06595e+06,3.9903e+06,1.53526e+07,0,0,0,3.10957e+08
94.3366,103.622,3.61353,0.05,0,3.91156,3.91156,0,0.733026,6.16896,4.3624e+06,2.98533e+06,1.70638e+07,0,0,0,0,62.3362,61.308,6.57126,1,1,1.69344,1.86065,0.167209,1.30835,1.69344,9.06595e+06,3.9903e+06,1.53526e+07,0,0,0,3.10957e+08
94.0056,103.622,3.52528,0.03,0,3.91157,3.91157,0,0.733027,6.16896,4.3624e+06,2.98533e+06,1.70638e+07,0,0,0,0,62.3362,61.308,6.22208,1,1,1.69344,1.86065,0.167212,1.30835,1.69344,9.06595e+06,3.9903e+06,1.53526e+07,0,0,0,3.10957e+08
94.0468,103.622,4.06193,0.03,0,3.91157,3.91157,0,0.733028,6.16896,4.3624e+06,2.98533e+06,1.70638e+07,0,0,0,0,62.3362,61.308,6.86221,1,1,1.69344,1.86065,0.167214,1.30835,1.69344,9.06595e+06,3.9903e+06,1.53526e+07,0,0,0,3.10957e+08
94.9124,103.622,4.72845,0.03,0,3.81053,3.81053,0,0.733029,6.16896,4.3624e+06,2.98533e+06,1.66231e+07,0,0,0,0,62.3362,61.308,6.41621,1,1,1.69344,1.77505,0.0816084,1.30835,1.69344,9.06595e+06,3.9903e+06,1.53526e+07,0,0,0,3.10957e+08
96.4821,103.622,5.74163,0.03,0,3.81054,3.81054,0,0.714094,6.16896,4.3624e+06,2.98533e+06,1.66231e+07,0,0,0,0,62.3362,61.308,7.7787,1,1,1.69344,1.77505,0.0816109,1.30835,1.69344,9.06595e+06,3.9903e+06,1.53526e+07,0,0,0,3.10957e+08
97.4121,103.622,5.07385,0.03,0,3.81054,3.81054,0,0.714095,6.16896,4.3624e+06,2.98533e+06,1.66231e+07,0,0,0,0,62.3362,61.308,6.80271,1,1,1.69344,1.77505,0.0816133,1.30835,1.69344,9.06595e+06,3.9903e+06,1.53526e+07,0,0,0,3.10957e+08
98.6032,103.622,5.37093,0.03,0,3.81055,3.81055,0,0.714096,6.16896,4.3624e+06,2.98533e+06,1.66231e+07,0,0,0,0,62.3362,61.308,6.94412,1,1,1.69344,1.77506,0.0816156,1.30835,1.69344,9.06595e+06,3.9903e+06,1.53526e+07,0,0,0,3.10957e+08
101.509,103.622,7.38655,0.04,0,3.52357,3.52357,0,0.714097,6.16896,4.3624e+06,2.98533e+06,1.53712e+07,0,0,0,0,62.3362,61.308,9.58672,1,1,1.59676,1.59676,0,1.30835,1.69344,9.06595e+06,3.9903e+06,1.44761e+07,0,0,0,3.10957e+08
103.622,103.622,6.88421,0.06,0,3.52358,3.52358,0,0.660318,6.16896,4.3624e+06,2.98533e+06,1.53713e+07,0,0,0,0,62.3362,61.308,9.05186,1,1,1.59676,1.59676,0,1.23366,1.69344,9.06595e+06,3.9903e+06,1.44762e+07,0,0,0,3.10957e+08
103.622,103.622,6.57114,0.02,0,3.52358,3.52358,0,0.660319,6.16896,4.3624e+06,2.98533e+06,1.53713e+07,0,0,0,0,62.3362,61.308,8.39896,1,1,1.59676,1.59676,0,1.23366,1.69344,9.06595e+06,3.9903e+06,1.44762e+07,0,0,0,3.10957e+08
103.622,103.622,6.78046,0.02,0,3.52359,3.52359,0,0.66032,6.16896,4.3624e+06,2.98533e+06,1.53713e+07,0,0,0,0,62.3362,61.308,7.76793,1,1,1.59677,1.59677,0,1.23366,1.69344,9.06595e+06,3.9903e+06,1.44762e+07,0,0,0,3.10957e+08
103.622,103.622,4.8192,0.02,0,3.52359,3.52359,0,0.66032,6.16896,4.3624e+06,2.98533e+06,1.53713e+07,0,0,0,0,62.3362,61.308,5.14278,1,1,1.59677,1.59677,0,1.23366,1.69344,9.06595e+06,3.9903e+06,1.44762e+07,0,0,0,3.10957e+08
103.622,103.622,13.0736,0.02,0,3.63397,3.63397,0,0.660321,6.16896,4.3624e+06,2.98533e+06,1.58528e+07,0,0,0,0,62.3362,61.308,9.05843,1,1,1.64839,1.64839,0,1.23366,1.69344,9.06595e+06,3.9903e+06,1.49442e+07,0,0,0,3.10957e+08
103.622,103.622,15.1802,0.03,0,3.63394,3.63394,0,0.681005,6.16896,4.3624e+06,2.98533e+06,1.58527e+07,0,0,0,0,62.3362,61.308,14.1774,1,1,1.64838,1.64838,0,1.27355,1.69344,9.06595e+06,3.9903e+06,1.49441e+07,0,0,0,3.10957e+08
103.622,103.622,8.06686,0.03,0,3.63391,3.63391,0,0.681,6.16896,4.3624e+06,2.98533e+06,1.58526e+07,0,0,0,0,62.3362,61.308,7.77851,1,1,1.64837,1.64837,0,1.27354,1.69344,9.06595e+06,3.9903e+06,1.4944e+07,0,0,0,3.10957e+08
103.622,103.622,8.8486,0.03,0,3.63389,3.63389,0,0.680995,6.16896,4.3624e+06,2.98533e+06,1.58525e+07,0,0,0,0,62.3362,61.308,5.76414,1,1,1.64836,1.64836,0,1.27353,1.69344,9.06595e+06,3.9903e+06,1.49439e+07,0,0,0,3.10957e+08
103.622,103.622,9.35808,0.01,0,3.9883,3.9883,0,0.68099,6.16896,4.3624e+06,2.98533e+06,1.73985e+07,0,0,0,0,62.3362,61.308,7.95894,1,1,1.69344,1.84215,0.148714,1.27352,1.69344,9.06595e+06,3.9903e+06,1.53526e+07,0,0,0,3.10957e+08
103.622,103.622,7.94348,0.01,0,3.98827,3.98827,0,0.747407,6.16896,4.3624e+06,2.98533e+06,1.73984e+07,0,0,0,0,62.3362,61.308,6.62601,1,1,1.69344,1.84214,0.1487,1.30835,1.69344,9.06595e+06,3.9903e+06,1.53526e+07,0,0,0,3.10957e+08
103.622,103.622,8.54236,0.01,0,3.98824,3.98824,0,0.747401,6.16896,4.3624e+06,2.98533e+06,1.73983e+07,0,0,0,0,62.3362,61.308,8.08612,1,1,1.69344,1.84213,0.148687,1.30835,1.69344,9.06595e+06,3.9903e+06,1.53526e+07,0,0,0,3.10957e+08
103.622,103.622,11.888,0.01,0,3.98821,3.98821,0,0.747396,6.16896,4.3624e+06,2.98533e+06,1.73982e+07,0,0,0,0,62.3362,61.308,10.1422,1,1,1.69344,1.84211,0.148673,1.30835,1.69344,9.06595e+06,3.9903e+06,1.53526e+07,0,0,0,3.10957e+08
103.622,103.622,5.46586,0.01,0,3.48265,3.48265,0,0.74739,6.16896,4.3624e+06,2.98533e+06,1.51927e+07,0,0,0,0,62.216,61.308,3.07498,1,1,1.58201,1.58201,0,1.30835,1.69344,9.06595e+06,3.9903e+06,1.43424e+07,0,0,0,3.10957e+08
103.622,103.622,5.64303,0.01,0,3.48263,3.48263,0,0.652649,6.16896,4.3624e+06,2.98533e+06,1.51926e+07,0,0,0,0,62.3362,61.308,5.55084,1,1,1.582,1.582,0,1.22226,1.69344,9.06595e+06,3.9903e+06,1.43423e+07,0,0,0,3.10957e+08
103.622,103.622,4.99088,0.01,0,3.4826,3.4826,0,0.652644,6.16896,4.3624e+06,2.98533e+06,1.51925e+07,0,0,0,0,62.3362,61.308,4.20091,1,1,1.58199,1.58199,0,1.22225,1.69344,9.06595e+06,3.9903e+06,1.43422e+07,0,0,0,3.10957e+08
103.622,103.622,7.15267,0.01,0,3.48257,3.48257,0,0.652639,6.16896,4.3624e+06,2.98533e+06,1.51924e+07,0,0,0,0,62.3362,61.308,7.37606,1,1,1.58198,1.58198,0,1.22224,1.69344,9.06595e+06,3.9903e+06,1.43421e+07,0,0,0,3.10957e+08
103.622,103.622,5.62165,0.01,0,3.48255,3.48255,0,0.652634,6.16896,4.3624e+06,2.98533e+06,1.51923e+07,0,0,0,0,62.3362,61.308,8.34678,1,1,1.58196,1.58196,0,1.22223,1.69344,9.06595e+06,3.9903e+06,1.4342e+07,0,0,0,3.10957e+08
103.622,103.622,7.19252,0,0,3.60977,3.60977,0,0.65263,6.16896,4.3624e+06,2.98533e+06,1.57472e+07,0,0,0,0,62.3362,61.308,8.7325,1,1,1.64558,1.64558,0,1.22223,1.69344,9.06595e+06,3.9903e+06,1.49187e+07,0,0,0,3.10957e+08
103.622,103.622,4.75378,0,0,3.60974,3.60974,0,0.67647,6.16896,4.3624e+06,2.98533e+06,1.57471e+07,0,0,0,0,62.3362,61.308,6.12929,1,1,1.64557,1.64557,0,1.27137,1.69344,9.06595e+06,3.9903e+06,1.49186e+07,0,0,0,3.10957e+08
103.622,103.622,5.04427,0,0,3.60971,3.60971,0,0.676465,6.16896,4.3624e+06,2.98533e+06,1.5747e+07,0,0,0,0,62.3362,61.308,5.56489,1,1,1.64555,1.64555,0,1.27136,1.69344,9.06595e+06,3.9903e+06,1.49185e+07,0,0,0,3.10957e+08
103.622,103.622,3.99093,0,0,3.60969,3.60969,0,0.67646,6.16896,4.3624e+06,2.98533e+06,1.57469e+07,0,0,0,0,62.3362,61.308,5.0839,1,1,1.64554,1.64554,0,1.27135,1.69344,9.06595e+06,3.9903e+06,1.49184e+07,0,0,0,3.10957e+08
103.608,103.622,3.61454,0.01,0,3.55991,3.55991,0,0.676455,6.16896,4.3624e+06,2.98533e+06,1.55297e+07,0,0,0,0,62.3362,61.308,4.08915,1,1,1.62082,1.62082,0,1.27135,1.69344,9.06595e+06,3.9903e+06,1.46943e+07,0,0,0,3.10957e+08
103.366,103.622,3.33215,0.02,0,3.55988,3.55988,0,0.667127,6.16896,4.3624e+06,2.98533e+06,1.55296e+07,0,0,0,0,62.3362,61.308,3.8057,1,1,1.62081,1.62081,0,1.25224,1.69344,9.06595e+06,3.9903e+06,1.46942e+07,0,0,0,3.10957e+08
102.926,103.622,3.05169,0.02,0,3.55986,3.55986,0,0.667122,6.16896,4.3624e+06,2.98533e+06,1.55295e+07,0,0,0,0,62.3362,61.308,3.63409,1,1,1.62079,1.62079,0,1.25224,1.69344,9.06595e+06,3.9903e+06,1.4694e+07,0,0,0,3.10957e+08
102.45,103.622,2.97635,0.02,0,3.55983,3.55983,0,0.667117,6.16896,4.3624e+06,2.98533e+06,1.55294e+07,0,0,0,0,62.3362,61.308,3.52901,1,1,1.62078,1.62078,0,1.25223,1.69344,9.06595e+06,3.9903e+06,1.46939e+07,0,0,0,3.10957e+08
101.734,103.622,2.79485,0.02,0,3.72867,3.72867,0,0.667112,6.16896,4.3624e+06,2.98533e+06,1.62659e+07,0,0,0,0,62.3012,61.308,2.99286,1,1,1.69344,1.7084,0.0149579,1.25222,1.69344,9.06595e+06,3.9903e+06,1.53526e+07,0,0,0,3.10957e+08
100.939,103.622,2.65367,0.02,0,3.72864,3.72864,0,0.698753,6.16896,4.3624e+06,2.98533e+06,1.62658e+07,0,0,0,0,62.2013,61.308,2.76208,1,1,1.69344,1.70839,0.0149452,1.30835,1.69344,9.06595e+06,3.9903e+06,1.53526e+07,0,0,0,3.10957e+08
100.093,103.622,2.57362,0.02,0,3.72862,3.72862,0,0.698748,6.16896,4.3624e+06,2.98533e+06,1.62657e+07,0,0,0,0,62.1133,61.308,2.93158,1,1,1.69344,1.70837,0.0149326,1.30835,1.69344,9.06595e+06,3.9903e+06,1.53526e+07,0,0,0,3.10957e+08
99.0337,103.622,2.34536,0.03,0,3.72859,3.72859,0,0.698742,6.16896,4.3624e+06,2.98533e+06,1.62656e+07,0,0,0,0,61.9822,61.308,2.8186,1,1,1.69344,1.70836,0.01492,1.30835,1.69344,9.06595e+06,3.9903e+06,1.53526e+07,0,0,0,3.10957e+08
98.3852,103.622,2.73331,0.03,0,3.72856,3.72856,0,0.698737,6.16896,4.3624e+06,2.98533e+06,1.62655e+07,0,0,0,0,62.2668,61.308,3.46728,1,1,1.69344,1.70835,0.0149073,1.30835,1.69344,9.06595e+06,3.9903e+06,1.53526e+07,0,0,0,3.10957e+08
97.7392,103.622,2.7644,0.04,0,3.69514,3.69514,0,0.698732,6.16896,4.3624e+06,2.98533e+06,1.61197e+07,0,0,0,0,62.3362,61.308,3.62572,1,1,1.69344,1.75649,0.0630543,1.30835,1.69344,9.06595e+06,3.9903e+06,1.53526e+07,0,0,0,3.10957e+08
96.8358,103.622,2.52524,0.04,0,3.69511,3.69511,0,0.692469,6.16896,4.3624e+06,2.98533e+06,1.61195e+07,0,0,0,0,62.3362,61.308,3.31074,1,1,1.69344,1.75648,0.0630413,1.30835,1.69344,9.06595e+06,3.9903e+06,1.53526e+07,0,0,0,3.10957e+08
95.808,103.622,2.3589,0.04,0,3.69508,3.69508,0,0.692464,6.16896,4.3624e+06,2.98533e+06,1.61194e+07,0,0,0,0,62.3362,61.308,3.21305,1,1,1.69344,1.75647,0.0630283,1.30835,1.69344,9.06595e+06,3.9903e+06,1.53526e+07,0,0,0,3.10957e+08
94.7682,103.622,2.27515,0.03,0,3.69506,3.69506,0,0.692459,6.16896,4.3624e+06,2.98533e+06,1.61193e+07,0,0,0,0,62.3362,61.308,2.96814,1,1,1.69344,1.75646,0.0630152,1.30835,1.69344,9.06595e+06,3.9903e+06,1.53526e+07,0,0,0,3.10957e+08
93.753,103.622,2.32634,0.05,0,3.78126,3.78126,0,0.692453,6.16896,4.3624e+06,2.98533e+06,1.64954e+07,0,0,0,0,62.3362,61.308,2.77645,1,1,1.69344,1.79936,0.105922,1.30835,1.69344,9.06595e+06,3.9903e+06,1.53526e+07,0,0,0,3.10957e+08
92.6204,103.622,2.13523,0.05,0,3.78124,3.78124,0,0.708609,6.16896,4.3624e+06,2.98533e+06,1.64953e+07,0,0,0,0,62.3233,61.308,2.63126,1,1,1.69344,1.79935,0.105908,1.30835,1.69344,9.06595e+06,3.9903e+06,1.53526e+07,0,0,0,3.10957e+08
91.3392,103.622,1.94472,0.09,0,3.78121,3.78121,0,0.708603,6.16896,4.3624e+06,2.98533e+06,1.64951e+07,0,0,0,0,62.2524,61.308,2.31107,1,1,1.69344,1.79934,0.105895,1.30835,1.69344,9.06595e+06,3.9903e+06,1.53526e+07,0,0,0,3.10957e+08
90.3037,103.622,2.22585,0.1,0,3.78118,3.78118,0,0.708598,6.16896,4.3624e+06,2.98533e+06,1.6495e+07,0,0,0,0,62.3362,61.308,3.00303,1,1,1.69344,1.79932,0.105882,1.30835,1.69344,9.06595e+06,3.9903e+06,1.53526e+07,0,0,0,3.10957e+08
89.1288,103.622,2.21062,0.08,0,4.03368,4.03368,0,0.708593,6.16896,4.3624e+06,2.98533e+06,1.75965e+07,0,0,0,0,62.3362,61.308,2.75651,1,1,1.69344,1.95422,0.260781,1.30835,1.69344,9.06595e+06,3.9903e+06,1.53526e+07,0,0,0,3.10957e+08
87.8617,103.622,2.08883,0.08,0,4.03365,4.03365,0,0.755911,6.16896,4.3624e+06,2.98533e+06,1.75964e+07,0,0,0,0,62.3362,61.308,3.12338,1,1,1.69344,1.95421,0.260767,1.30835,1.69344,9.06595e+06,3.9903e+06,1.53526e+07,0,0,0,3.10957e+08
86.5456,103.622,2.0064,0.08,0,4.03362,4.03362,0,0.755906,6.16896,4.3624e+06,2.98533e+06,1.75963e+07,0,0,0,0,62.3362,61.308,3.07108,1,1,1.69344,1.95419,0.260752,1.30835,1.69344,9.06595e+06,3.9903e+06,1.53526e+07,0,0,0,3.10957e+08
85.2606,103.622,2.01234,0.08,0,4.03359,4.03359,0,0.7559,6.16896,4.3624e+06,2.98533e+06,1.75961e+07,0,0,0,0,62.3362,61.308,2.99165,1,1,1.69344,1.95418,0.260738,1.30835,1.69344,9.06595e+06,3.9903e+06,1.53526e+07,0,0,0,3.10957e+08
83.8892,103.622,2.00029,0.09,0,4.03356,4.03356,0,0.755894,6.16896,4.3624e+06,2.98533e+06,1.7596e+07,0,0,0,0,62.2991,61.308,2.89343,1,1,1.69344,1.95416,0.260723,1.30835,1.69344,9.06595e+06,3.9903e+06,1.53526e+07,0,0,0,3.10957e+08
82.7801,103.622,2.19324,0.09,0,3.91046,3.91046,0,0.755889,6.16896,4.3624e+06,2.98533e+06,1.7059e+07,0,0,0,0,62.1165,61.308,1.90491,1,1,1.69344,1.86013,0.166686,1.30835,1.69344,9.06595e+06,3.9903e+06,1.53526e+07,0,0,0,3.10957e+08
82.1225,103.622,2.62125,0.1,0,3.91043,3.91043,0,0.73282,6.16896,4.3624e+06,2.98533e+06,1.70589e+07,0,0,0,0,62.2439,61.308,3.19272,1,1,1.69344,1.86011,0.166672,1.30835,1.69344,9.06595e+06,3.9903e+06,1.53526e+07,0,0,0,3.10957e+08
81.18,103.622,2.34907,0.09,0,3.9104,3.9104,0,0.732815,6.16896,4.3624e+06,2.98533e+06,1.70587e+07,0,0,0,0,62.1673,61.308,2.4488,1,1,1.69344,1.8601,0.166659,1.30835,1.69344,9.06595e+06,3.9903e+06,1.53526e+07,0,0,0,3.10957e+08
83.7315,103.622,6.11709,0.09,0,3.91037,3.91037,0,0.73281,6.16896,4.3624e+06,2.98533e+06,1.70586e+07,0,0,0,0,62.3362,61.308,10.5522,1,1,1.69344,1.86008,0.166645,1.30835,1.69344,9.06595e+06,3.9903e+06,1.53526e+07,0,0,0,3.10957e+08
82.4203,103.622,1.90068,0.06,0,3.80933,3.80933,0,0.732804,6.16896,4.3624e+06,2.98533e+06,1.66178e+07,0,0,0,0,62.3362,61.308,2.34172,1,1,1.69344,1.77449,0.0810494,1.30835,1.69344,9.06595e+06,3.9903e+06,1.53526e+07,0,0,0,3.10957e+08
81.5221,103.622,2.40726,0.09,0,3.8093,3.8093,0,0.713869,6.16896,4.3624e+06,2.98533e+06,1.66177e+07,0,0,0,0,62.2084,61.308,1.9595,1,1,1.69344,1.77448,0.0810363,1.30835,1.69344,9.06595e+06,3.9903e+06,1.53526e+07,0,0,0,3.10957e+08
80.3333,103.622,2.10624,0.08,0,3.80928,3.80928,0,0.713863,6.16896,4.3624e+06,2.98533e+06,1.66176e+07,0,0,0,0,62.1679,61.308,2.32846,1,1,1.69344,1.77446,0.0810232,1.30835,1.69344,9.06595e+06,3.9903e+06,1.53526e+07,0,0,0,3.10957e+08
82.802,103.622,6.33008,0.08,0,3.80925,3.80925,0,0.713858,6.16896,4.3624e+06,2.98533e+06,1.66175e+07,0,0,0,0,62.3362,61.308,7.44838,1,1,1.69344,1.77445,0.0810101,1.30835,1.69344,9.06595e+06,3.9903e+06,1.53526e+07,0,0,0,3.10957e+08
82.389,103.622,2.90478,0.1,0,3.52234,3.52234,0,0.713853,6.16896,4.3624e+06,2.98533e+06,1.53659e+07,0,0,0,0,62.3362,61.308,4.16248,1,1,1.5962,1.5962,0,1.30835,1.69344,9.06595e+06,3.9903e+06,1.44711e+07,0,0,0,3.10957e+08
81.2525,103.622,2.06357,0.11,0,3.52231,3.52231,0,0.660087,6.16896,4.3624e+06,2.98533e+06,1.53657e+07,0,0,0,0,62.3362,61.308,3.50901,1,1,1.59619,1.59619,0,1.23322,1.69344,9.06595e+06,3.9903e+06,1.4471e+07,0,0,0,3.10957e+08
80.7213,103.622,2.62306,0.12,0,3.52229,3.52229,0,0.660082,6.16896,4.3624e+06,2.98533e+06,1.53656e+07,0,0,0,0,62.3362,61.308,3.34618,1,1,1.59618,1.59618,0,1.23322,1.69344,9.06595e+06,3.9903e+06,1.44709e+07,0,0,0,3.10957e+08
84.7561,103.622,7.34236,0.11,0,3.52226,3.52226,0,0.660077,6.16896,4.3624e+06,2.98533e+06,1.53655e+07,0,0,0,0,62.3362,61.308,5.61576,1,1,1.59617,1.59617,0,1.23321,1.69344,9.06595e+06,3.9903e+06,1.44708e+07,0,0,0,3.10957e+08
89.7258,103.622,8.87583,0.07,0,3.52224,3.52224,0,0.660072,6.16896,4.3624e+06,2.98533e+06,1.53654e+07,0,0,0,0,62.3362,61.308,6.56997,1,1,1.59615,1.59615,0,1.2332,1.69344,9.06595e+06,3.9903e+06,1.44707e+07,0,0,0,3.10957e+08
93.0677,103.622,7.33824,0.07,0,3.63254,3.63254,0,0.660067,6.16896,4.3624e+06,2.98533e+06,1.58466e+07,0,0,0,0,62.3362,61.308,5.41778,1,1,1.64774,1.64774,0,1.23319,1.69344,9.06595e+06,3.9903e+06,1.49384e+07,0,0,0,3.10957e+08
95.3361,103.622,6.34656,0.07,0,3.63248,3.63248,0,0.680737,6.16896,4.3624e+06,2.98533e+06,1.58463e+07,0,0,0,0,62.3362,61.308,9.36486,1,1,1.64772,1.64772,0,1.27305,1.69344,9.06595e+06,3.9903e+06,1.49381e+07,0,0,0,3.10957e+08
96.9499,103.622,5.51236,0.04,0,3.63242,3.63242,0,0.680726,6.16896,4.3624e+06,2.98533e+06,1.58461e+07,0,0,0,0,62.3362,61.308,6.01352,1,1,1.64769,1.64769,0,1.27303,1.69344,9.06595e+06,3.9903e+06,1.49379e+07,0,0,0,3.10957e+08
99.8906,103.622,7.16432,0.04,0,3.63236,3.63236,0,0.680715,6.16896,4.3624e+06,2.98533e+06,1.58458e+07,0,0,0,0,62.3362,61.308,7.85545,1,1,1.64766,1.64766,0,1.27301,1.69344,9.06595e+06,3.9903e+06,1.49376e+07,0,0,0,3.10957e+08
103.622,103.622,8.27655,0.04,0,3.98659,3.98659,0,0.680704,6.16896,4.3624e+06,2.98533e+06,1.73911e+07,0,0,0,0,62.3362,61.308,9.95505,1,1,1.69344,1.84136,0.147924,1.27299,1.69344,9.06595e+06,3.9903e+06,1.53526e+07,0,0,0,3.10957e+08
103.622,103.622,9.738,0.01,0,3.98652,3.98652,0,0.747086,6.16896,4.3624e+06,2.98533e+06,1.73908e+07,0,0,0,0,62.3362,61.308,10.1965,1,1,1.69344,1.84133,0.147895,1.30835,1.69344,9.06595e+06,3.9903e+06,1.53526e+07,0,0,0,3.10957e+08
103.622,103.622,8.60781,0.01,0,3.98646,3.98646,0,0.747074,6.16896,4.3624e+06,2.98533e+06,1.73905e+07,0,0,0,0,62.3362,61.308,8.82903,1,1,1.69344,1.84131,0.147865,1.30835,1.69344,9.06595e+06,3.9903e+06,1.53526e+07,0,0,0,3.10957e+08
103.622,103.622,6.27444,0.01,0,3.98639,3.98639,0,0.747062,6.16896,4.3624e+06,2.98533e+06,1.73902e+07,0,0,0,0,62.3362,61.308,6.4012,1,1,1.69344,1.84128,0.147835,1.30835,1.69344,9.06595e+06,3.9903e+06,1.53526e+07,0,0,0,3.10957e+08
103.622,103.622,6.07532,0.01,0,3.48104,3.48104,0,0.74705,6.16896,4.3624e+06,2.98533e+06,1.51857e+07,0,0,0,0,62.3362,61.308,12.3166,1,1,1.58128,1.58128,0,1.30835,1.69344,9.06595e+06,3.9903e+06,1.43358e+07,0,0,0,3.10957e+08
103.622,103.622,5.92907,0.01,0,3.48098,3.48098,0,0.652346,6.16896,4.3624e+06,2.98533e+06,1.51854e+07,0,0,0,0,62.3362,61.308,10.3234,1,1,1.58125,1.58125,0,1.2217,1.69344,9.06595e+06,3.9903e+06,1.43356e+07,0,0,0,3.10957e+08
103.622,103.622,7.26148,0.01,0,3.48093,3.48093,0,0.652336,6.16896,4.3624e+06,2.98533e+06,1.51852e+07,0,0,0,0,62.3362,61.308,11.8231,1,1,1.58123,1.58123,0,1.22168,1.69344,9.06595e+06,3.9903e+06,1.43353e+07,0,0,0,3.10957e+08
103.622,103.622,7.58027,0.01,0,3.48087,3.48087,0,0.652325,6.16896,4.3624e+06,2.98533e+06,1.51849e+07,0,0,0,0,62.3362,61.308,10.9454,1,1,1.5812,1.5812,0,1.22166,1.69344,9.06595e+06,3.9903e+06,1.43351e+07,0,0,0,3.10957e+08
103.622,103.622,7.38234,0.01,0,3.48081,3.48081,0,0.652315,6.16896,4.3624e+06,2.98533e+06,1.51847e+07,0,0,0,0,62.3362,61.308,11.1671,1,1,1.58118,1.58118,0,1.22164,1.69344,9.06595e+06,3.9903e+06,1.43349e+07,0,0,0,3.10957e+08
103.622,103.622,8.06584,0,0,3.60794,3.60794,0,0.652304,6.16896,4.3624e+06,2.98533e+06,1.57393e+07,0,0,0,0,62.3362,61.308,12.7314,1,1,1.64474,1.64474,0,1.22162,1.69344,9.06595e+06,3.9903e+06,1.49112e+07,0,0,0,3.10957e+08
103.622,103.622,7.38387,0,0,3.60788,3.60788,0,0.676127,6.16896,4.3624e+06,2.98533e+06,1.5739e+07,0,0,0,0,62.3362,61.308,10.346,1,1,1.64472,1.64472,0,1.27073,1.69344,9.06595e+06,3.9903e+06,1.49109e+07,0,0,0,3.10957e+08
103.622,103.622,6.46602,0,0,3.60782,3.60782,0,0.676116,6.16896,4.3624e+06,2.98533e+06,1.57387e+07,0,0,0,0,62.3362,61.308,8.34638,1,1,1.64469,1.64469,0,1.27071,1.69344,9.06595e+06,3.9903e+06,1.49107e+07,0,0,0,3.10957e+08
103.622,103.622,6.14925,0,0,3.60776,3.60776,0,0.676106,6.16896,4.3624e+06,2.98533e+06,1.57385e+07,0,0,0,0,62.3362,61.308,7.24878,1,1,1.64466,1.64466,0,1.27069,1.69344,9.06595e+06,3.9903e+06,1.49104e+07,0,0,0,3.10957e+08
103.622,103.622,5.61736,0.01,0,3.55798,3.55798,0,0.676095,6.16896,4.3624e+06,2.98533e+06,1.55213e+07,0,0,0,0,62.3362,61.308,6.30586,1,1,1.61994,1.61994,0,1.27067,1.69344,9.06595e+06,3.9903e+06,1.46863e+07,0,0,0,3.10957e+08
103.622,103.622,5.25798,0.01,0,3.55792,3.55792,0,0.666766,6.16896,4.3624e+06,2.98533e+06,1.55211e+07,0,0,0,0,62.3362,61.308,5.40612,1,1,1.61991,1.61991,0,1.25157,1.69344,9.06595e+06,3.9903e+06,1.46861e+07,0,0,0,3.10957e+08
103.622,103.622,4.78827,0.01,0,3.55787,3.55787,0,0.666755,6.16896,4.3624e+06,2.98533e+06,1.55208e+07,0,0,0,0,62.3362,61.308,5.18333,1,1,1.61989,1.61989,0,1.25155,1.69344,9.06595e+06,3.9903e+06,1.46858e+07,0,0,0,3.10957e+08
103.622,103.622,4.49781,0.01,0,3.55781,3.55781,0,0.666744,6.16896,4.3624e+06,2.98533e+06,1.55206e+07,0,0,0,0,62.3362,61.308,5.1539,1,1,1.61986,1.61986,0,1.25153,1.69344,9.06595e+06,3.9903e+06,1.46856e+07,0,0,0,3.10957e+08
103.622,103.622,4.27172,0.02,0,3.72652,3.72652,0,0.666733,6.16896,4.3624e+06,2.98533e+06,1.62566e+07,0,0,0,0,62.3362,61.308,4.50404,1,1,1.69344,1.70741,0.013973,1.25151,1.69344,9.06595e+06,3.9903e+06,1.53526e+07,0,0,0,3.10957e+08
103.622,103.622,3.90887,0.02,0,3.72646,3.72646,0,0.69835,6.16896,4.3624e+06,2.98533e+06,1.62563e+07,0,0,0,0,62.3362,61.308,3.88526,1,1,1.69344,1.70739,0.0139454,1.30835,1.69344,9.06595e+06,3.9903e+06,1.53526e+07,0,0,0,3.10957e+08
103.622,103.622,3.74353,0.02,0,3.7264,3.7264,0,0.698339,6.16896,4.3624e+06,2.98533e+06,1.6256e+07,0,0,0,0,62.3362,61.308,3.85029,1,1,1.69344,1.70736,0.0139179,1.30835,1.69344,9.06595e+06,3.9903e+06,1.53526e+07,0,0,0,3.10957e+08
103.591,103.622,3.57551,0.02,0,3.72634,3.72634,0,0.698327,6.16896,4.3624e+06,2.98533e+06,1.62558e+07,0,0,0,0,62.3362,61.308,4.08698,1,1,1.69344,1.70733,0.0138903,1.30835,1.69344,9.06595e+06,3.9903e+06,1.53526e+07,0,0,0,3.10957e+08
103.52,103.622,3.4998,0.03,0,3.72628,3.72628,0,0.698316,6.16896,4.3624e+06,2.98533e+06,1.62555e+07,0,0,0,0,62.3362,61.308,3.77897,1,1,1.69344,1.7073,0.0138628,1.30835,1.69344,9.06595e+06,3.9903e+06,1.53526e+07,0,0,0,3.10957e+08
103.489,103.622,3.46783,0.04,0,3.69285,3.69285,0,0.698305,6.16896,4.3624e+06,2.98533e+06,1.61097e+07,0,0,0,0,62.3362,61.308,3.60795,1,1,1.69344,1.75541,0.0619651,1.30835,1.69344,9.06595e+06,3.9903e+06,1.53526e+07,0,0,0,3.10957e+08
103.312,103.622,3.29204,0.04,0,3.69279,3.69279,0,0.692039,6.16896,4.3624e+06,2.98533e+06,1.61094e+07,0,0,0,0,62.3362,61.308,3.43883,1,1,1.69344,1.75538,0.0619368,1.30835,1.69344,9.06595e+06,3.9903e+06,1.53526e+07,0,0,0,3.10957e+08
102.916,103.622,3.04558,0.04,0,3.69273,3.69273,0,0.692028,6.16896,4.3624e+06,2.98533e+06,1.61092e+07,0,0,0,0,62.3236,61.308,3.20803,1,1,1.69344,1.75535,0.0619086,1.30835,1.69344,9.06595e+06,3.9903e+06,1.53526e+07,0,0,0,3.10957e+08
102.356,103.622,2.84046,0.04,0,3.69267,3.69267,0,0.692017,6.16896,4.3624e+06,2.98533e+06,1.61089e+07,0,0,0,0,62.2396,61.308,2.91337,1,1,1.69344,1.75532,0.0618802,1.30835,1.69344,9.06595e+06,3.9903e+06,1.53526e+07,0,0,0,3.10957e+08
101.687,103.622,2.7296,0.05,0,3.77879,3.77879,0,0.692006,6.16896,4.3624e+06,2.98533e+06,1.64846e+07,0,0,0,0,62.1057,61.308,2.66504,1,1,1.69344,1.79818,0.104743,1.30835,1.69344,9.06595e+06,3.9903e+06,1.53526e+07,0,0,0,3.10957e+08
100.861,103.622,2.54317,0.05,0,3.77873,3.77873,0,0.708145,6.16896,4.3624e+06,2.98533e+06,1.64843e+07,0,0,0,0,61.8609,61.308,2.70147,1,1,1.69344,1.79815,0.104714,1.30835,1.69344,9.06595e+06,3.9903e+06,1.53526e+07,0,0,0,3.10957e+08
99.8758,103.622,2.34571,0.05,0,3.77867,3.77867,0,0.708133,6.16896,4.3624e+06,2.98533e+06,1.6484e+07,0,0,0,0,61.5635,61.308,2.40847,1,1,1.69344,1.79813,0.104686,1.30835,1.69344,9.06595e+06,3.9903e+06,1.53526e+07,0,0,0,3.10957e+08
98.9538,103.622,2.4228,0.05,0,3.7786,3.7786,0,0.708122,6.16896,4.3624e+06,2.98533e+06,1.64838e+07,0,0,0,0,61.3388,61.308,2.71695,1,1,1.69344,1.7981,0.104657,1.30835,1.69344,9.06595e+06,3.9903e+06,1.53526e+07,0,0,0,3.10957e+08
97.8546,103.622,2.39706,0.06,0,4.0309,4.0309,0,0.70811,6.16896,4.3624e+06,2.98533e+06,1.75844e+07,0,0,0,0,61.087,61.308,2.58458,1,1,1.69344,1.95287,0.259433,1.30835,1.69344,9.06595e+06,3.9903e+06,1.53526e+07,0,0,0,3.10957e+08
96.8983,103.622,2.50444,0.06,0,4.03083,4.03083,0,0.75539,6.16896,4.3624e+06,2.98533e+06,1.75841e+07,0,0,0,0,60.9102,61.308,2.96198,1,1,1.69344,1.95284,0.259402,1.30835,1.69344,9.06595e+06,3.9903e+06,1.53526e+07,0,0,0,3.10957e+08
95.5115,103.622,2.04963,0.07,0,4.03077,4.03077,0,0.755378,6.16896,4.3624e+06,2.98533e+06,1.75838e+07,0,0,0,0,60.5623,61.308,2.36331,1,1,1.69344,1.95281,0.259371,1.30835,1.69344,9.06595e+06,3.9903e+06,1.53526e+07,0,0,0,3.10957e+08
94.4769,103.622,2.41368,0.07,0,4.0307,4.0307,0,0.755366,6.16896,4.3624e+06,2.98533e+06,1.75835e+07,0,0,0,0,60.5474,61.308,3.56912,1,1,1.69344,1.95278,0.259339,1.30835,1.69344,9.06595e+06,3.9903e+06,1.53526e+07,0,0,0,3.10957e+08
93.5295,103.622,2.55236,0.06,0,4.03064,4.03064,0,0.755353,6.16896,4.3624e+06,2.98533e+06,1.75832e+07,0,0,0,0,60.3217,61.308,2.86145,1,1,1.69344,1.95275,0.259308,1.30835,1.69344,9.06595e+06,3.9903e+06,1.53526e+07,0,0,0,3.10957e+08
93.5585,103.622,3.50958,0.05,0,3.90759,3.90759,0,0.755341,6.16896,4.3624e+06,2.98533e+06,1.70465e+07,0,0,0,0,60.2549,61.308,3.16544,1,1,1.69344,1.85876,0.165322,1.30835,1.69344,9.06595e+06,3.9903e+06,1.53526e+07,0,0,0,3.10957e+08
93.0571,103.622,2.99888,0.04,0,3.90753,3.90753,0,0.732283,6.16896,4.3624e+06,2.98533e+06,1.70462e+07,0,0,0,0,60.5509,61.308,5.27118,1,1,1.69344,1.85873,0.165292,1.30835,1.69344,9.06595e+06,3.9903e+06,1.53526e+07,0,0,0,3.10957e+08
92.1661,103.622,2.53495,0.07,0,3.90747,3.90747,0,0.732271,6.16896,4.3624e+06,2.98533e+06,1.70459e+07,0,0,0,0,60.2787,61.308,2.80381,1,1,1.69344,1.8587,0.165262,1.30835,1.69344,9.06595e+06,3.9903e+06,1.53526e+07,0,0,0,3.10957e+08
91.642,103.622,2.93313,0.07,0,3.9074,3.9074,0,0.732259,6.16896,4.3624e+06,2.98533e+06,1.70457e+07,0,0,0,0,60.0478,61.308,2.86842,1,1,1.69344,1.85867,0.165232,1.30835,1.69344,9.06595e+06,3.9903e+06,1.53526e+07,0,0,0,3.10957e+08
90.9621,103.622,2.96286,0.07,0,3.80641,3.80641,0,0.732248,6.16896,4.3624e+06,2.98533e+06,1.66051e+07,0,0,0,0,60.4259,61.308,4.91359,1,1,1.69344,1.77313,0.0796865,1.30835,1.69344,9.06595e+06,3.9903e+06,1.53526e+07,0,0,0,3.10957e+08
91.4217,103.622,4.13547,0.06,0,3.80634,3.80634,0,0.71332,6.16896,4.3624e+06,2.98533e+06,1.66048e+07,0,0,0,0,60.9788,61.308,4.82435,1,1,1.69344,1.7731,0.079658,1.30835,1.69344,9.06595e+06,3.9903e+06,1.53526e+07,0,0,0,3.10957e+08
92.1695,103.622,4.56976,0.06,0,3.80628,3.80628,0,0.713309,6.16896,4.3624e+06,2.98533e+06,1.66045e+07,0,0,0,0,61.3921,61.308,4.92906,1,1,1.69344,1.77307,0.0796294,1.30835,1.69344,9.06595e+06,3.9903e+06,1.53526e+07,0,0,0,3.10957e+08
