0st_vol,0capacity,0net_inf,0st_rof,0lt_rof,0rest_demand,0unrest_demand,0unfulf_demand,0wastewater,0treat_capacity,0agg_price,0res_price,0gross_rev,0drought_cost,0cont_contrib,0debt_serv,0infra_npv,1st_vol,1capacity,1net_inf,1st_rof,1lt_rof,1rest_demand,1unrest_demand,1unfulf_demand,1wastewater,1treat_capacity,1agg_price,1res_price,1gross_rev,1drought_cost,1cont_contrib,1debt_serv,1infra_npv
103.622,103.622,6.13475,0,0,2.46977,2.46977,0,0,4.89888,4.29004e+06,2.93582e+06,1.05954e+07,0,0,0,0,62.3362,61.308,3.10545,0,1,1.12031,1.12031,0,0,1.69344,8.91558e+06,3.92412e+06,9.98818e+06,0,0,0,0
103.622,103.622,7.58427,0,0,2.47085,2.47085,0,0.462835,4.89888,4.29004e+06,2.93582e+06,1.06001e+07,0,0,0,0,62.3362,61.308,4.7681,0,1,1.1208,1.1208,0,0.865549,1.69344,8.91558e+06,3.92412e+06,9.99256e+06,0,0,0,0
103.622,103.622,6.19949,0,0,2.47194,2.47194,0,0.463038,4.89888,4.29004e+06,2.93582e+06,1.06047e+07,0,0,0,0,62.3362,61.308,3.4136,0,1,1.12129,1.12129,0,0.865927,1.69344,8.91558e+06,3.92412e+06,9.99693e+06,0,0,0,0
103.622,103.622,4.38015,0,0,2.47302,2.47302,0,0.463241,4.89888,4.29004e+06,2.93582e+06,1.06093e+07,0,0,0,0,62.3362,61.308,3.20795,0,1,1.12178,1.12178,0,0.866306,1.69344,8.91558e+06,3.92412e+06,1.00013e+07,0,0,0,0
103.622,103.622,3.2507,0,0,2.71542,2.71542,0,0.463443,4.89888,4.29004e+06,2.93582e+06,1.16493e+07,0,0,0,0,62.3362,61.308,2.55827,0,1,1.25422,1.25422,0,0.866685,1.69344,8.91558e+06,3.92412e+06,1.11821e+07,0,0,0,0
103.622,103.622,3.7452,0,0,2.7166,2.7166,0,0.508869,4.89888,4.29004e+06,2.93582e+06,1.16543e+07,0,0,0,0,62.115,61.308,2.23492,0,1,1.25477,1.25477,0,0.969013,1.69344,8.91558e+06,3.92412e+06,1.1187e+07,0,0,0,0
103.622,103.622,3.07189,0,0,2.71779,2.71779,0,0.509092,4.89888,4.29004e+06,2.93582e+06,1.16594e+07,0,0,0,0,62.2984,61.308,1.99718,0,1,1.25532,1.25532,0,0.969437,1.69344,8.91558e+06,3.92412e+06,1.11919e+07,0,0,0,0
103.622,103.622,5.02068,0,0,2.71898,2.71898,0,0.509314,4.89888,4.29004e+06,2.93582e+06,1.16645e+07,0,0,0,0,62.1018,61.308,2.7658,0,1,1.25587,1.25587,0,0.969861,1.69344,8.91558e+06,3.92412e+06,1.11968e+07,0,0,0,0
103.622,103.622,3.88454,0,0,2.37537,2.37537,0,0.509537,4.89888,4.29004e+06,2.93582e+06,1.01904e+07,0,0,0,0,61.8443,61.308,2.16957,0,1,1.07902,1.07902,0,0.970285,1.69344,8.91558e+06,3.92412e+06,9.62013e+06,0,0,0,0
103.622,103.622,3.37249,0,0,2.37641,2.37641,0,0.445144,4.89888,4.29004e+06,2.93582e+06,1.01949e+07,0,0,0,0,62.0273,61.308,1.85559,0,1,1.0795,1.0795,0,0.833654,1.69344,8.91558e+06,3.92412e+06,9.62433e+06,0,0,0,0
103.622,103.622,3.52451,0,0,2.37745,2.37745,0,0.445339,4.89888,4.29004e+06,2.93582e+06,1.01994e+07,0,0,0,0,62.3362,61.308,2.04633,0,1,1.07997,1.07997,0,0.834018,1.69344,8.91558e+06,3.92412e+06,9.62854e+06,0,0,0,0
103.622,103.622,4.61992,0,0,2.37849,2.37849,0,0.445534,4.89888,4.29004e+06,2.93582e+06,1.02038e+07,0,0,0,0,62.3362,61.308,2.5715,0,1,1.08044,1.08044,0,0.834382,1.69344,8.91558e+06,3.92412e+06,9.63274e+06,0,0,0,0
103.622,103.622,6.9032,0,0,2.37952,2.37952,0,0.445728,4.89888,4.29004e+06,2.93582e+06,1.02083e+07,0,0,0,0,62.3362,61.308,4.04357,0,1,1.08091,1.08091,0,0.834747,1.69344,8.91558e+06,3.92412e+06,9.63695e+06,0,0,0,0
103.622,103.622,5.23149,0,0,2.46754,2.46754,0,0.445923,4.89888,4.29004e+06,2.93582e+06,1.05859e+07,0,0,0,0,62.3362,61.308,2.45802,0,1,1.12488,1.12488,0,0.835112,1.69344,8.91558e+06,3.92412e+06,1.00289e+07,0,0,0,0
103.622,103.622,4.52767,0,0,2.46862,2.46862,0,0.462418,4.89888,4.29004e+06,2.93582e+06,1.05905e+07,0,0,0,0,62.3362,61.308,2.59223,0,1,1.12537,1.12537,0,0.869079,1.69344,8.91558e+06,3.92412e+06,1.00333e+07,0,0,0,0
103.622,103.622,5.02556,0,0,2.4697,2.4697,0,0.46262,4.89888,4.29004e+06,2.93582e+06,1.05951e+07,0,0,0,0,62.3362,61.308,2.62669,0,1,1.12586,1.12586,0,0.869458,1.69344,8.91558e+06,3.92412e+06,1.00377e+07,0,0,0,0
103.622,103.622,4.1307,0,0,2.47078,2.47078,0,0.462822,4.89888,4.29004e+06,2.93582e+06,1.05997e+07,0,0,0,0,62.1993,61.308,2.4888,0,1,1.12635,1.12635,0,0.869838,1.69344,8.91558e+06,3.92412e+06,1.00421e+07,0,0,0,0
103.622,103.622,3.60915,0,0,2.43779,2.43779,0,0.463024,4.89888,4.29004e+06,2.93582e+06,1.04582e+07,0,0,0,0,62.1167,61.308,2.14063,0,1,1.10992,1.10992,0,0.870217,1.69344,8.91558e+06,3.92412e+06,9.89558e+06,0,0,0,0
103.622,103.622,3.2856,0,0,2.43885,2.43885,0,0.456841,4.89888,4.29004e+06,2.93582e+06,1.04628e+07,0,0,0,0,62.2221,61.308,1.94952,0,1,1.1104,1.1104,0,0.857524,1.69344,8.91558e+06,3.92412e+06,9.8999e+06,0,0,0,0
103.622,103.622,3.10207,0,0,2.43992,2.43992,0,0.457041,4.89888,4.29004e+06,2.93582e+06,1.04673e+07,0,0,0,0,62.2684,61.308,1.92579,0,1,1.11089,1.11089,0,0.857898,1.69344,8.91558e+06,3.92412e+06,9.90422e+06,0,0,0,0
103.622,103.622,3.01664,0,0,2.44098,2.44098,0,0.45724,4.89888,4.29004e+06,2.93582e+06,1.04719e+07,0,0,0,0,62.1804,61.308,1.97168,0,1,1.11137,1.11137,0,0.858272,1.69344,8.91558e+06,3.92412e+06,9.90853e+06,0,0,0,0
103.622,103.622,2.83558,0,0,2.55789,2.55789,0,0.45744,4.89888,4.29004e+06,2.93582e+06,1.09734e+07,0,0,0,0,62.2342,61.308,1.93334,0,1,1.17197,1.17197,0,0.858646,1.69344,8.91558e+06,3.92412e+06,1.04488e+07,0,0,0,0
103.28,103.622,2.30593,0,0,2.559,2.559,0,0.479348,4.89888,4.29004e+06,2.93582e+06,1.09782e+07,0,0,0,0,62.3362,61.308,1.87189,0,1,1.17248,1.17248,0,0.905464,1.69344,8.91558e+06,3.92412e+06,1.04534e+07,0,0,0,0
102.832,103.622,2.17776,0,0,2.56012,2.56012,0,0.479557,4.89888,4.29004e+06,2.93582e+06,1.0983e+07,0,0,0,0,62.2728,61.308,1.89769,0,1,1.17299,1.17299,0,0.905859,1.69344,8.91558e+06,3.92412e+06,1.04579e+07,0,0,0,0
102.312,103.622,2.09679,0,0,2.56123,2.56123,0,0.479766,4.89888,4.29004e+06,2.93582e+06,1.09878e+07,0,0,0,0,62.2253,61.308,1.84196,0,1,1.1735,1.1735,0,0.906254,1.69344,8.91558e+06,3.92412e+06,1.04625e+07,0,0,0,0
101.779,103.622,2.0673,0,0,2.56235,2.56235,0,0.479975,4.89888,4.29004e+06,2.93582e+06,1.09926e+07,0,0,0,0,62.3362,61.308,1.78209,0,1,1.17401,1.17401,0,0.906649,1.69344,8.91558e+06,3.92412e+06,1.0467e+07,0,0,0,0
101.743,103.622,2.55156,0,0,2.54051,2.54051,0,0.480185,4.89888,4.29004e+06,2.93582e+06,1.08989e+07,0,0,0,0,62.3362,61.308,2.1128,0,1,1.20764,1.20764,0,0.907044,1.69344,8.91558e+06,3.92412e+06,1.07668e+07,0,0,0,0
101.498,103.622,2.32909,0,0,2.54161,2.54161,0,0.476091,4.89888,4.29004e+06,2.93582e+06,1.09036e+07,0,0,0,0,62.2839,61.308,1.93476,0,1,1.20816,1.20816,0,0.933021,1.69344,8.91558e+06,3.92412e+06,1.07715e+07,0,0,0,0
101.09,103.622,2.13864,0,0,2.54272,2.54272,0,0.476299,4.89888,4.29004e+06,2.93582e+06,1.09084e+07,0,0,0,0,62.2623,61.308,1.85072,0,1,1.20869,1.20869,0,0.933427,1.69344,8.91558e+06,3.92412e+06,1.07762e+07,0,0,0,0
100.601,103.622,2.01556,0,0,2.54383,2.54383,0,0.476506,4.89888,4.29004e+06,2.93582e+06,1.09131e+07,0,0,0,0,62.1297,61.308,1.78812,0,1,1.20922,1.20922,0,0.933834,1.69344,8.91558e+06,3.92412e+06,1.07809e+07,0,0,0,0
99.8743,103.622,1.78395,0,0,2.60433,2.60433,0,0.476714,4.89888,4.29004e+06,2.93582e+06,1.11727e+07,0,0,0,0,62.073,61.308,1.62986,0,1,1.2393,1.2393,0,0.93424,1.69344,8.91558e+06,3.92412e+06,1.10491e+07,0,0,0,0
99.192,103.622,1.85291,0,0,2.60546,2.60546,0,0.488051,4.89888,4.29004e+06,2.93582e+06,1.11776e+07,0,0,0,0,62.0452,61.308,1.78956,0,1,1.23984,1.23984,0,0.957486,1.69344,8.91558e+06,3.92412e+06,1.10539e+07,0,0,0,0
98.403,103.622,1.71244,0,0,2.6066,2.6066,0,0.488264,4.89888,4.29004e+06,2.93582e+06,1.11824e+07,0,0,0,0,61.7629,61.308,1.71026,0,1,1.24038,1.24038,0,0.957903,1.69344,8.91558e+06,3.92412e+06,1.10587e+07,0,0,0,0
97.4806,103.622,1.55908,0,0,2.60773,2.60773,0,0.488476,4.89888,4.29004e+06,2.93582e+06,1.11873e+07,0,0,0,0,61.6181,61.308,1.4897,0,1,1.24092,1.24092,0,0.95832,1.69344,8.91558e+06,3.92412e+06,1.10635e+07,0,0,0,0
96.4304,103.622,1.59921,0,0,2.7831,2.7831,0,0.488689,4.89888,4.29004e+06,2.93582e+06,1.19396e+07,0,0,0,0,60.8502,61.308,1.7027,0,1,1.34835,1.34835,0,0.958737,1.69344,8.91558e+06,3.92412e+06,1.20213e+07,0,0,0,0
94.9307,103.622,1.06635,0,0,2.78431,2.78431,0,0.521553,4.89888,4.29004e+06,2.93582e+06,1.19448e+07,0,0,0,0,60.1023,61.308,0.976348,0,1,1.34893,1.34893,0,1.04173,1.69344,8.91558e+06,3.92412e+06,1.20265e+07,0,0,0,0
93.5291,103.622,1.17695,0,0,2.78552,2.78552,0,0.52178,4.89888,4.29004e+06,2.93582e+06,1.195e+07,0,0,0,0,59.1906,61.308,1.21047,0,1,1.34952,1.34952,0,1.04219,1.69344,8.91558e+06,3.92412e+06,1.20318e+07,0,0,0,0
91.9348,103.622,0.954163,0,0,2.78673,2.78673,0,0.522007,4.89888,4.29004e+06,2.93582e+06,1.19552e+07,0,0,0,0,58.6589,61.308,0.852377,0,1,1.35011,1.35011,0,1.04264,1.69344,8.91558e+06,3.92412e+06,1.2037e+07,0,0,0,0
90.5501,103.622,1.1983,0,0,2.78795,2.78795,0,0.522234,4.89888,4.29004e+06,2.93582e+06,1.19604e+07,0,0,0,0,58.356,61.308,1.55786,0,1,1.35069,1.35069,0,1.04309,1.69344,8.91558e+06,3.92412e+06,1.20422e+07,0,0,0,0
89.5898,103.622,1.57095,0,0,2.70406,2.70406,0,0.522461,4.89888,4.29004e+06,2.93582e+06,1.16005e+07,0,0,0,0,58.4888,61.308,1.73753,0,1,1.28626,1.28626,0,1.04355,1.69344,8.91558e+06,3.92412e+06,1.14678e+07,0,0,0,0
88.4497,103.622,1.39309,0,0,2.70523,2.70523,0,0.50674,4.89888,4.29004e+06,2.93582e+06,1.16056e+07,0,0,0,0,58.7448,61.308,2.80751,0,1,1.28682,1.28682,0,0.993768,1.69344,8.91558e+06,3.92412e+06,1.14728e+07,0,0,0,0
87.1616,103.622,1.20146,0,0,2.70641,2.70641,0,0.506961,4.89888,4.29004e+06,2.93582e+06,1.16106e+07,0,0,0,0,58.4717,61.308,1.60697,0,1,1.28738,1.28738,0,0.9942,1.69344,8.91558e+06,3.92412e+06,1.14778e+07,0,0,0,0
85.8537,103.622,1.1654,0,0,2.70758,2.70758,0,0.507181,4.89888,4.29004e+06,2.93582e+06,1.16157e+07,0,0,0,0,58.3958,61.308,1.47524,0,1,1.28794,1.28794,0,0.994632,1.69344,8.91558e+06,3.92412e+06,1.14828e+07,0,0,0,0
84.5653,103.622,1.28092,0,0,2.63879,2.63879,0,0.507401,4.89888,4.29004e+06,2.93582e+06,1.13205e+07,0,0,0,0,58.6869,61.308,1.91922,0,1,1.22922,1.22922,0,0.995064,1.69344,8.91558e+06,3.92412e+06,1.09592e+07,0,0,0,0
82.8986,103.622,0.83992,0,0,2.63993,2.63993,0,0.494509,4.89888,4.29004e+06,2.93582e+06,1.13254e+07,0,0,0,0,58.9736,61.308,2.10572,0,1,1.22975,1.22975,0,0.949694,1.69344,8.91558e+06,3.92412e+06,1.0964e+07,0,0,0,0
83.1843,103.622,3.05746,0,0,2.64108,2.64108,0,0.494723,4.89888,4.29004e+06,2.93582e+06,1.13303e+07,0,0,0,0,59.7298,61.308,3.27389,0,1,1.23029,1.23029,0,0.950106,1.69344,8.91558e+06,3.92412e+06,1.09687e+07,0,0,0,0
82.8076,103.622,2.47216,0,0,2.64223,2.64223,0,0.494938,4.89888,4.29004e+06,2.93582e+06,1.13353e+07,0,0,0,0,60.6115,61.308,3.41558,0,1,1.23082,1.23082,0,0.950519,1.69344,8.91558e+06,3.92412e+06,1.09735e+07,0,0,0,0
82.6236,103.622,2.42013,0,0,2.4443,2.4443,0,0.495153,4.89888,4.29004e+06,2.93582e+06,1.04861e+07,0,0,0,0,61.5281,61.308,3.0217,0,1,1.10767,1.10767,0,0.950932,1.69344,8.91558e+06,3.92412e+06,9.87552e+06,0,0,0,0
83.4195,103.622,3.63755,0,0,2.44536,2.44536,0,0.458061,4.89888,4.29004e+06,2.93582e+06,1.04907e+07,0,0,0,0,62.3362,61.308,5.21674,0,1,1.10815,1.10815,0,0.855785,1.69344,8.91558e+06,3.92412e+06,9.8798e+06,0,0,0,0
83.2184,103.622,2.45954,0,0,2.44642,2.44642,0,0.45826,4.89888,4.29004e+06,2.93582e+06,1.04952e+07,0,0,0,0,62.3362,61.308,2.60682,0,1,1.10863,1.10863,0,0.856156,1.69344,8.91558e+06,3.92412e+06,9.88409e+06,0,0,0,0
84.0946,103.622,3.78749,0,0,2.44748,2.44748,0,0.458459,4.89888,4.29004e+06,2.93582e+06,1.04998e+07,0,0,0,0,62.3362,61.308,3.97146,0,1,1.10911,1.10911,0,0.856528,1.69344,8.91558e+06,3.92412e+06,9.88838e+06,0,0,0,0
84.3434,103.622,3.22591,0,0,2.44854,2.44854,0,0.458658,4.89888,4.29004e+06,2.93582e+06,1.05043e+07,0,0,0,0,62.3362,61.308,3.30256,0,1,1.10959,1.10959,0,0.856899,1.69344,8.91558e+06,3.92412e+06,9.89266e+06,0,0,0,0
87.911,103.622,6.60537,0,0,2.52632,2.52632,0,0.458857,4.89888,4.29004e+06,2.93582e+06,1.0838e+07,0,0,0,0,62.3362,61.308,6.71777,0,1,1.14596,1.14596,0,0.857271,1.69344,8.91558e+06,3.92412e+06,1.02169e+07,0,0,0,0
90.8629,103.622,6.01738,0,0,2.52738,2.52738,0,0.473432,4.89888,4.29004e+06,2.93582e+06,1.08426e+07,0,0,0,0,62.3362,61.308,5.07524,0,1,1.14644,1.14644,0,0.885366,1.69344,8.91558e+06,3.92412e+06,1.02212e+07,0,0,0,0
92.6587,103.622,4.78834,0,0,2.52844,2.52844,0,0.473631,4.89888,4.29004e+06,2.93582e+06,1.08471e+07,0,0,0,0,62.3362,61.308,4.21521,0,1,1.14692,1.14692,0,0.885738,1.69344,8.91558e+06,3.92412e+06,1.02255e+07,0,0,0,0
94.2098,103.622,4.38908,0,0,2.5295,2.5295,0,0.47383,4.89888,4.29004e+06,2.93582e+06,1.08517e+07,0,0,0,0,62.3362,61.308,3.60061,0,1,1.1474,1.1474,0,0.88611,1.69344,8.91558e+06,3.92412e+06,1.02298e+07,0,0,0,0
96.1168,103.622,5.1756,0,0,2.77739,2.77739,0,0.474029,4.89888,4.29004e+06,2.93582e+06,1.19151e+07,0,0,0,0,62.3362,61.308,4.36005,0,1,1.28285,1.28285,0,0.886482,1.69344,8.91558e+06,3.92412e+06,1.14374e+07,0,0,0,0
101.216,103.622,8.79501,0,0,2.77856,2.77856,0,0.520483,4.89888,4.29004e+06,2.93582e+06,1.19201e+07,0,0,0,0,62.3362,61.308,7.13878,0,1,1.28339,1.28339,0,0.99113,1.69344,8.91558e+06,3.92412e+06,1.14422e+07,0,0,0,0
103.622,103.622,7.01953,0,0,2.77973,2.77973,0,0.520702,4.89888,4.29004e+06,2.93582e+06,1.19251e+07,0,0,0,0,62.3362,61.308,5.64025,0,1,1.28393,1.28393,0,0.991546,1.69344,8.91558e+06,3.92412e+06,1.1447e+07,0,0,0,0
103.622,103.622,6.17012,0,0,2.78089,2.78089,0,0.520921,4.89888,4.29004e+06,2.93582e+06,1.19301e+07,0,0,0,0,62.3362,61.308,5.14467,0,1,1.28447,1.28447,0,0.991962,1.69344,8.91558e+06,3.92412e+06,1.14518e+07,0,0,0,0
103.622,103.622,6.23483,0,0,2.42942,2.42942,0,0.521139,4.89888,4.29004e+06,2.93582e+06,1.04223e+07,0,0,0,0,62.3362,61.308,5.69752,0,1,1.10357,1.10357,0,0.992378,1.69344,8.91558e+06,3.92412e+06,9.83901e+06,0,0,0,0
103.622,103.622,6.26423,0,0,2.43044,2.43044,0,0.455272,4.89888,4.29004e+06,2.93582e+06,1.04267e+07,0,0,0,0,62.3362,61.308,5.23179,0,1,1.10404,1.10404,0,0.852621,1.69344,8.91558e+06,3.92412e+06,9.84314e+06,0,0,0,0
103.622,103.622,5.16355,0,0,2.43145,2.43145,0,0.455464,4.89888,4.29004e+06,2.93582e+06,1.0431e+07,0,0,0,0,62.3362,61.308,4.70519,0,1,1.1045,1.1045,0,0.852979,1.69344,8.91558e+06,3.92412e+06,9.84727e+06,0,0,0,0
103.622,103.622,7.99922,0,0,2.43247,2.43247,0,0.455655,4.89888,4.29004e+06,2.93582e+06,1.04354e+07,0,0,0,0,62.3362,61.308,7.33609,0,1,1.10496,1.10496,0,0.853337,1.69344,8.91558e+06,3.92412e+06,9.8514e+06,0,0,0,0
103.622,103.622,8.75033,0,0,2.43349,2.43349,0,0.455846,4.89888,4.29004e+06,2.93582e+06,1.04398e+07,0,0,0,0,62.3362,61.308,7.46004,0,1,1.10543,1.10543,0,0.853695,1.69344,8.91558e+06,3.92412e+06,9.85553e+06,0,0,0,0
103.622,103.622,8.11695,0,0,2.52347,2.52347,0,0.456037,4.89888,4.29004e+06,2.93582e+06,1.08258e+07,0,0,0,0,62.3362,61.308,5.31367,0,1,1.15037,1.15037,0,0.854053,1.69344,8.91558e+06,3.92412e+06,1.02562e+07,0,0,0,0
103.622,103.622,6.4277,0,0,2.52453,2.52453,0,0.472898,4.89888,4.29004e+06,2.93582e+06,1.08303e+07,0,0,0,0,62.3362,61.308,4.47175,0,1,1.15085,1.15085,0,0.888775,1.69344,8.91558e+06,3.92412e+06,1.02605e+07,0,0,0,0
103.622,103.622,5.97121,0,0,2.52558,2.52558,0,0.473096,4.89888,4.29004e+06,2.93582e+06,1.08349e+07,0,0,0,0,62.3362,61.308,4.05759,0,1,1.15133,1.15133,0,0.889147,1.69344,8.91558e+06,3.92412e+06,1.02648e+07,0,0,0,0
103.622,103.622,5.22488,0,0,2.52664,2.52664,0,0.473294,4.89888,4.29004e+06,2.93582e+06,1.08394e+07,0,0,0,0,62.3362,61.308,3.63315,0,1,1.15182,1.15182,0,0.88952,1.69344,8.91558e+06,3.92412e+06,1.02691e+07,0,0,0,0
103.622,103.622,5.48593,0,0,2.49286,2.49286,0,0.473493,4.89888,4.29004e+06,2.93582e+06,1.06945e+07,0,0,0,0,62.3362,61.308,4.08724,0,1,1.13499,1.13499,0,0.889893,1.69344,8.91558e+06,3.92412e+06,1.01191e+07,0,0,0,0
103.622,103.622,4.81027,0,0,2.49391,2.49391,0,0.467162,4.89888,4.29004e+06,2.93582e+06,1.0699e+07,0,0,0,0,62.3362,61.308,3.66348,0,1,1.13547,1.13547,0,0.876897,1.69344,8.91558e+06,3.92412e+06,1.01234e+07,0,0,0,0
103.622,103.622,4.25371,0,0,2.49495,2.49495,0,0.467358,4.89888,4.29004e+06,2.93582e+06,1.07035e+07,0,0,0,0,62.3362,61.308,3.24308,0,1,1.13595,1.13595,0,0.877264,1.69344,8.91558e+06,3.92412e+06,1.01276e+07,0,0,0,0
103.622,103.622,3.84977,0,0,2.496,2.496,0,0.467554,4.89888,4.29004e+06,2.93582e+06,1.07079e+07,0,0,0,0,62.3362,61.308,2.93415,0,1,1.13642,1.13642,0,0.877632,1.69344,8.91558e+06,3.92412e+06,1.01319e+07,0,0,0,0
103.622,103.622,3.69033,0,0,2.61549,2.61549,0,0.46775,4.89888,4.29004e+06,2.93582e+06,1.12206e+07,0,0,0,0,62.3362,61.308,2.89743,0,1,1.19836,1.19836,0,0.877999,1.69344,8.91558e+06,3.92412e+06,1.06841e+07,0,0,0,0
103.622,103.622,3.50263,0,0,2.61659,2.61659,0,0.490144,4.89888,4.29004e+06,2.93582e+06,1.12253e+07,0,0,0,0,62.3362,61.308,3.24442,0,1,1.19887,1.19887,0,0.925856,1.69344,8.91558e+06,3.92412e+06,1.06886e+07,0,0,0,0
103.622,103.622,3.24203,0,0,2.61768,2.61768,0,0.490349,4.89888,4.29004e+06,2.93582e+06,1.123e+07,0,0,0,0,62.3362,61.308,2.59895,0,1,1.19937,1.19937,0,0.926244,1.69344,8.91558e+06,3.92412e+06,1.06931e+07,0,0,0,0
103.622,103.622,2.94707,0,0,2.61878,2.61878,0,0.490554,4.89888,4.29004e+06,2.93582e+06,1.12347e+07,0,0,0,0,62.3362,61.308,2.26585,0,1,1.19987,1.19987,0,0.926632,1.69344,8.91558e+06,3.92412e+06,1.06975e+07,0,0,0,0
103.55,103.622,2.62863,0,0,2.61988,2.61988,0,0.490759,4.89888,4.29004e+06,2.93582e+06,1.12394e+07,0,0,0,0,62.3362,61.308,2.32091,0,1,1.20037,1.20037,0,0.927019,1.69344,8.91558e+06,3.92412e+06,1.0702e+07,0,0,0,0
103.379,103.622,2.51629,0,0,2.5975,2.5975,0,0.490965,4.89888,4.29004e+06,2.93582e+06,1.11434e+07,0,0,0,0,62.3362,61.308,2.27715,0,1,1.23473,1.23473,0,0.927407,1.69344,8.91558e+06,3.92412e+06,1.10083e+07,0,0,0,0
103.111,103.622,2.40109,0,0,2.59858,2.59858,0,0.486771,4.89888,4.29004e+06,2.93582e+06,1.1148e+07,0,0,0,0,62.3362,61.308,2.23327,0,1,1.23524,1.23524,0,0.953951,1.69344,8.91558e+06,3.92412e+06,1.10129e+07,0,0,0,0
102.751,103.622,2.27618,0,0,2.59967,2.59967,0,0.486975,4.89888,4.29004e+06,2.93582e+06,1.11527e+07,0,0,0,0,62.3362,61.308,2.23144,0,1,1.23576,1.23576,0,0.95435,1.69344,8.91558e+06,3.92412e+06,1.10175e+07,0,0,0,0
102.218,103.622,2.09815,0,0,2.60076,2.60076,0,0.487178,4.89888,4.29004e+06,2.93582e+06,1.11574e+07,0,0,0,0,62.2353,61.308,2.15698,0,1,1.23628,1.23628,0,0.954749,1.69344,8.91558e+06,3.92412e+06,1.10221e+07,0,0,0,0
101.399,103.622,1.8153,0,0,2.66257,2.66257,0,0.487382,4.89888,4.29004e+06,2.93582e+06,1.14225e+07,0,0,0,0,62.0078,61.308,1.76413,0,1,1.26702,1.26702,0,0.955148,1.69344,8.91558e+06,3.92412e+06,1.12962e+07,0,0,0,0
100.405,103.622,1.59946,0,0,2.66368,2.66368,0,0.498965,4.89888,4.29004e+06,2.93582e+06,1.14273e+07,0,0,0,0,61.5378,61.308,1.5039,0,1,1.26755,1.26755,0,0.978897,1.69344,8.91558e+06,3.92412e+06,1.13009e+07,0,0,0,0
99.2913,103.622,1.45662,0,0,2.66479,2.66479,0,0.499174,4.89888,4.29004e+06,2.93582e+06,1.14321e+07,0,0,0,0,61.3482,61.308,1.31322,0,1,1.26808,1.26808,0,0.979306,1.69344,8.91558e+06,3.92412e+06,1.13056e+07,0,0,0,0
98.3553,103.622,1.67991,0,0,2.66591,2.66591,0,0.499382,4.89888,4.29004e+06,2.93582e+06,1.14369e+07,0,0,0,0,61.1809,61.308,1.7163,0,1,1.26861,1.26861,0,0.979715,1.69344,8.91558e+06,3.92412e+06,1.13104e+07,0,0,0,0
97.1349,103.622,1.49278,0,0,2.84514,2.84514,0,0.499591,4.89888,4.29004e+06,2.93582e+06,1.22058e+07,0,0,0,0,60.624,61.308,1.57486,0,1,1.3784,1.3784,0,0.980125,1.69344,8.91558e+06,3.92412e+06,1.22893e+07,0,0,0,0
95.4184,103.622,0.930944,0,0,2.84633,2.84633,0,0.533179,4.89888,4.29004e+06,2.93582e+06,1.22109e+07,0,0,0,0,60.0285,61.308,1.20159,0,1,1.37898,1.37898,0,1.06495,1.69344,8.91558e+06,3.92412e+06,1.22944e+07,0,0,0,0
93.8608,103.622,1.09378,0,0,2.84752,2.84752,0,0.533402,4.89888,4.29004e+06,2.93582e+06,1.2216e+07,0,0,0,0,59.6133,61.308,1.30099,0,1,1.37955,1.37955,0,1.0654,1.69344,8.91558e+06,3.92412e+06,1.22995e+07,0,0,0,0
92.9354,103.622,1.79303,0,0,2.84871,2.84871,0,0.533625,4.89888,4.29004e+06,2.93582e+06,1.22211e+07,0,0,0,0,59.2492,61.308,1.55878,0,1,1.38013,1.38013,0,1.06584,1.69344,8.91558e+06,3.92412e+06,1.23047e+07,0,0,0,0
91.9685,103.622,1.7396,0,0,2.8499,2.8499,0,0.533848,4.89888,4.29004e+06,2.93582e+06,1.22262e+07,0,0,0,0,59.1072,61.308,1.51693,0,1,1.38071,1.38071,0,1.06629,1.69344,8.91558e+06,3.92412e+06,1.23098e+07,0,0,0,0
91.3423,103.622,2.22319,0,0,2.7641,2.7641,0,0.534071,4.89888,4.29004e+06,2.93582e+06,1.18581e+07,0,0,0,0,59.8681,61.308,4.90212,0,1,1.31482,1.31482,0,1.06673,1.69344,8.91558e+06,3.92412e+06,1.17224e+07,0,0,0,0
91.32,103.622,2.79399,0,0,2.76525,2.76525,0,0.517992,4.89888,4.29004e+06,2.93582e+06,1.1863e+07,0,0,0,0,60.5142,61.308,4.48427,0,1,1.31537,1.31537,0,1.01583,1.69344,8.91558e+06,3.92412e+06,1.17273e+07,0,0,0,0
91.8223,103.622,3.33324,0,0,2.7664,2.7664,0,0.518208,4.89888,4.29004e+06,2.93582e+06,1.1868e+07,0,0,0,0,61.8337,61.308,5.79373,0,1,1.31592,1.31592,0,1.01626,1.69344,8.91558e+06,3.92412e+06,1.17322e+07,0,0,0,0
91.0169,103.622,1.92697,0,0,2.76756,2.76756,0,0.518424,4.89888,4.29004e+06,2.93582e+06,1.18729e+07,0,0,0,0,62.3362,61.308,4.14536,0,1,1.31647,1.31647,0,1.01668,1.69344,8.91558e+06,3.92412e+06,1.17371e+07,0,0,0,0
91.0027,103.622,2.89307,0,0,2.69719,2.69719,0,0.51864,4.89888,4.29004e+06,2.93582e+06,1.15711e+07,0,0,0,0,62.3362,61.308,4.94539,0,1,1.25642,1.25642,0,1.01711,1.69344,8.91558e+06,3.92412e+06,1.12018e+07,0,0,0,0
90.9827,103.622,2.82231,0,0,2.69831,2.69831,0,0.505453,4.89888,4.29004e+06,2.93582e+06,1.15759e+07,0,0,0,0,62.3362,61.308,4.68043,0,1,1.25695,1.25695,0,0.970713,1.69344,8.91558e+06,3.92412e+06,1.12064e+07,0,0,0,0
91.3733,103.622,3.58176,0,0,2.69944,2.69944,0,0.505664,4.89888,4.29004e+06,2.93582e+06,1.15807e+07,0,0,0,0,62.3362,61.308,6.87628,0,1,1.25747,1.25747,0,0.971118,1.69344,8.91558e+06,3.92412e+06,1.12111e+07,0,0,0,0
91.2459,103.622,2.88483,0,0,2.70057,2.70057,0,0.505875,4.89888,4.29004e+06,2.93582e+06,1.15855e+07,0,0,0,0,62.3362,61.308,5.89603,0,1,1.258,1.258,0,0.971523,1.69344,8.91558e+06,3.92412e+06,1.12158e+07,0,0,0,0
94.0941,103.622,6.19133,0,0,2.49822,2.49822,0,0.506086,4.89888,4.29004e+06,2.93582e+06,1.07175e+07,0,0,0,0,62.3362,61.308,9.02214,0,1,1.13211,1.13211,0,0.971928,1.69344,8.91558e+06,3.92412e+06,1.00934e+07,0,0,0,0
102.292,103.622,12.8689,0,0,2.49926,2.49926,0,0.468167,4.89888,4.29004e+06,2.93582e+06,1.0722e+07,0,0,0,0,62.3362,61.308,18.6986,0,1,1.13258,1.13258,0,0.874666,1.69344,8.91558e+06,3.92412e+06,1.00976e+07,0,0,0,0
103.622,103.622,14.0551,0,0,2.50031,2.50031,0,0.468362,4.89888,4.29004e+06,2.93582e+06,1.07264e+07,0,0,0,0,62.3362,61.308,12.7002,0,1,1.13305,1.13305,0,0.87503,1.69344,8.91558e+06,3.92412e+06,1.01018e+07,0,0,0,0
103.622,103.622,12.3589,0,0,2.50135,2.50135,0,0.468557,4.89888,4.29004e+06,2.93582e+06,1.07309e+07,0,0,0,0,62.3362,61.308,16.2811,0,1,1.13352,1.13352,0,0.875395,1.69344,8.91558e+06,3.92412e+06,1.0106e+07,0,0,0,0
103.622,103.622,14.8875,0,0,2.50239,2.50239,0,0.468753,4.89888,4.29004e+06,2.93582e+06,1.07354e+07,0,0,0,0,62.3362,61.308,20.6359,0,1,1.13399,1.13399,0,0.87576,1.69344,8.91558e+06,3.92412e+06,1.01102e+07,0,0,0,0
103.622,103.622,5.04558,0,0,2.58183,2.58183,0,0.468948,4.89888,4.29004e+06,2.93582e+06,1.10762e+07,0,0,0,0,62.3362,61.308,8.4287,0,1,1.17114,1.17114,0,0.876124,1.69344,8.91558e+06,3.92412e+06,1.04414e+07,0,0,0,9.00336e+07
103.541,103.622,2.89318,0,0,2.58287,2.58287,0,0.483836,4.89888,4.29004e+06,2.93582e+06,1.10806e+07,0,0,0,0,62.3362,61.308,7.76332,0,1,1.17161,1.17161,0,0.904821,1.69344,8.91558e+06,3.92412e+06,1.04456e+07,0,0,0,9.00336e+07
102.738,103.622,2.08378,0,0,2.58391,2.58391,0,0.48403,4.89888,4.29004e+06,2.93582e+06,1.10851e+07,0,0,0,0,62.3362,61.308,5.25455,0,1,1.17208,1.17208,0,0.905185,1.69344,8.91558e+06,3.92412e+06,1.04498e+07,0,0,0,9.00336e+07
102.064,103.622,2.58311,0,0,2.58495,2.58495,0,0.484225,4.89888,4.29004e+06,2.93582e+06,1.10896e+07,0,0,0,0,62.3362,61.308,5.07246,0,1,1.17255,1.17255,0,0.90555,1.69344,8.91558e+06,3.92412e+06,1.0454e+07,0,0,0,9.00336e+07
101.844,103.622,3.36325,0,0,2.83823,2.83823,0,0.48442,4.89888,4.29004e+06,2.93582e+06,1.21761e+07,0,0,0,0,62.3362,61.308,7.32548,0,1,1.31095,1.31095,0,0.905914,1.69344,8.91558e+06,3.92412e+06,1.16879e+07,0,0,0,9.00336e+07
100.658,103.622,1.87355,0,0,2.83937,2.83937,0,0.531884,4.89888,4.29004e+06,2.93582e+06,1.2181e+07,0,0,0,0,62.3362,61.308,4.24431,0,1,1.31148,1.31148,0,1.01284,1.69344,8.91558e+06,3.92412e+06,1.16926e+07,0,0,0,9.00336e+07
99.5331,103.622,1.97101,0,0,2.84051,2.84051,0,0.532098,4.89888,4.29004e+06,2.93582e+06,1.21859e+07,0,0,0,0,62.3362,61.308,4.70809,0,1,1.312,1.312,0,1.01325,1.69344,8.91558e+06,3.92412e+06,1.16973e+07,0,0,0,9.00336e+07
98.7664,103.622,2.36919,0,0,2.84165,2.84165,0,0.532312,4.89888,4.29004e+06,2.93582e+06,1.21908e+07,0,0,0,0,62.3362,61.308,4.91493,0,1,1.31253,1.31253,0,1.01365,1.69344,8.91558e+06,3.92412e+06,1.1702e+07,0,0,0,9.00336e+07
98.6271,103.622,2.69569,0,0,2.48245,2.48245,0,0.532526,4.89888,4.29004e+06,2.93582e+06,1.06498e+07,0,0,0,0,62.3362,61.308,5.61743,0,1,1.12767,1.12767,0,1.01406,1.69344,8.91558e+06,3.92412e+06,1.00538e+07,0,0,0,9.00336e+07
99.3185,103.622,3.72116,0,0,2.48345,2.48345,0,0.465212,4.89888,4.29004e+06,2.93582e+06,1.06541e+07,0,0,0,0,62.3362,61.308,6.62147,0,1,1.12812,1.12812,0,0.871235,1.69344,8.91558e+06,3.92412e+06,1.00579e+07,0,0,0,9.00336e+07
102.282,103.622,6.12192,0,0,2.48445,2.48445,0,0.465399,4.89888,4.29004e+06,2.93582e+06,1.06584e+07,0,0,0,0,62.3362,61.308,14.7349,0,1,1.12857,1.12857,0,0.871586,1.69344,8.91558e+06,3.92412e+06,1.00619e+07,0,0,0,9.00336e+07
103.622,103.622,4.95145,0,0,2.48545,2.48545,0,0.465586,4.89888,4.29004e+06,2.93582e+06,1.06627e+07,0,0,0,0,62.3362,61.308,9.47805,0,1,1.12903,1.12903,0,0.871936,1.69344,8.91558e+06,3.92412e+06,1.00659e+07,0,0,0,9.00336e+07
103.622,103.622,3.3579,0,0,2.48645,2.48645,0,0.465773,4.89888,4.29004e+06,2.93582e+06,1.0667e+07,0,0,0,0,62.3362,61.308,6.32723,0,1,1.12948,1.12948,0,0.872287,1.69344,8.91558e+06,3.92412e+06,1.007e+07,0,0,0,9.00336e+07
103.622,103.622,3.17809,0,0,2.57833,2.57833,0,0.465961,4.89888,4.29004e+06,2.93582e+06,1.10612e+07,0,0,0,0,62.3362,61.308,5.74455,0,1,1.17538,1.17538,0,0.872638,1.69344,8.91558e+06,3.92412e+06,1.04792e+07,0,0,0,9.00336e+07
103.407,103.622,2.74364,0,0,2.57937,2.57937,0,0.48318,4.89888,4.29004e+06,2.93582e+06,1.10656e+07,0,0,0,0,62.3362,61.308,6.41578,0,1,1.17585,1.17585,0,0.908099,1.69344,8.91558e+06,3.92412e+06,1.04834e+07,0,0,0,9.00336e+07
103.387,103.622,2.94657,0,0,2.58041,2.58041,0,0.483374,4.89888,4.29004e+06,2.93582e+06,1.10701e+07,0,0,0,0,62.3362,61.308,6.02065,0,1,1.17633,1.17633,0,0.908464,1.69344,8.91558e+06,3.92412e+06,1.04876e+07,0,0,0,9.00336e+07
102.92,103.622,2.3777,0,0,2.58144,2.58144,0,0.483568,4.89888,4.29004e+06,2.93582e+06,1.10745e+07,0,0,0,0,62.3362,61.308,4.73254,0,1,1.1768,1.1768,0,0.908829,1.69344,8.91558e+06,3.92412e+06,1.04918e+07,0,0,0,9.00336e+07
102.61,103.622,2.478,0,0,2.54689,2.54689,0,0.483763,4.89888,4.29004e+06,2.93582e+06,1.09263e+07,0,0,0,0,62.3362,61.308,4.81143,0,1,1.15959,1.15959,0,0.909194,1.69344,8.91558e+06,3.92412e+06,1.03384e+07,0,0,0,9.00336e+07
102.03,103.622,2.1884,0,0,2.54791,2.54791,0,0.477287,4.89888,4.29004e+06,2.93582e+06,1.09306e+07,0,0,0,0,62.3362,61.308,4.52446,0,1,1.16006,1.16006,0,0.895901,1.69344,8.91558e+06,3.92412e+06,1.03426e+07,0,0,0,9.00336e+07
101.308,103.622,1.97075,0,0,2.54893,2.54893,0,0.477479,4.89888,4.29004e+06,2.93582e+06,1.0935e+07,0,0,0,0,62.3362,61.308,3.99706,0,1,1.16052,1.16052,0,0.896261,1.69344,8.91558e+06,3.92412e+06,1.03467e+07,0,0,0,9.00336e+07
100.571,103.622,1.91339,0,0,2.54996,2.54996,0,0.47767,4.89888,4.29004e+06,2.93582e+06,1.09394e+07,0,0,0,0,62.3362,61.308,4.17169,0,1,1.16099,1.16099,0,0.896621,1.69344,8.91558e+06,3.92412e+06,1.03509e+07,0,0,0,9.00336e+07
99.5994,103.622,1.76574,0,0,2.67199,2.67199,0,0.477862,4.89888,4.29004e+06,2.93582e+06,1.1463e+07,0,0,0,0,62.3362,61.308,3.89506,0,1,1.22425,1.22425,0,0.896981,1.69344,8.91558e+06,3.92412e+06,1.09149e+07,0,0,0,9.00336e+07
98.5918,103.622,1.73487,0,0,2.67306,2.67306,0,0.500731,4.89888,4.29004e+06,2.93582e+06,1.14676e+07,0,0,0,0,62.3362,61.308,3.98314,0,1,1.22474,1.22474,0,0.945856,1.69344,8.91558e+06,3.92412e+06,1.09193e+07,0,0,0,9.00336e+07
97.4768,103.622,1.55545,0,0,2.67414,2.67414,0,0.500932,4.89888,4.29004e+06,2.93582e+06,1.14722e+07,0,0,0,0,62.3362,61.308,3.54567,0,1,1.22523,1.22523,0,0.946235,1.69344,8.91558e+06,3.92412e+06,1.09237e+07,0,0,0,9.00336e+07
96.3048,103.622,1.4712,0,0,2.67521,2.67521,0,0.501133,4.89888,4.29004e+06,2.93582e+06,1.14768e+07,0,0,0,0,62.3362,61.308,3.61647,0,1,1.22572,1.22572,0,0.946615,1.69344,8.91558e+06,3.92412e+06,1.09281e+07,0,0,0,9.00336e+07
95.0916,103.622,1.4172,0,0,2.67628,2.67628,0,0.501334,4.89888,4.29004e+06,2.93582e+06,1.14814e+07,0,0,0,0,62.3362,61.308,3.54996,0,1,1.22622,1.22622,0,0.946995,1.69344,8.91558e+06,3.92412e+06,1.09324e+07,0,0,0,9.00336e+07
94.3068,103.622,1.79469,0,0,2.65338,2.65338,0,0.501535,4.89888,4.29004e+06,2.93582e+06,1.13831e+07,0,0,0,0,62.3362,61.308,2.51191,0,1,1.26129,1.26129,0,0.947375,1.69344,8.91558e+06,3.92412e+06,1.12451e+07,0,0,0,9.00336e+07
93.4567,103.622,1.71766,0,0,2.65444,2.65444,0,0.497243,4.89888,4.29004e+06,2.93582e+06,1.13877e+07,0,0,0,0,62.3362,61.308,2.40395,0,1,1.2618,1.2618,0,0.974473,1.69344,8.91558e+06,3.92412e+06,1.12496e+07,0,0,0,9.00336e+07
92.4641,103.622,1.55727,0,0,2.65551,2.65551,0,0.497442,4.89888,4.29004e+06,2.93582e+06,1.13922e+07,0,0,0,0,62.3362,61.308,2.14764,0,1,1.2623,1.2623,0,0.974864,1.69344,8.91558e+06,3.92412e+06,1.12542e+07,0,0,0,9.00336e+07
91.44,103.622,1.48319,0,0,2.65657,2.65657,0,0.497642,4.89888,4.29004e+06,2.93582e+06,1.13968e+07,0,0,0,0,62.3362,61.308,2.08724,0,1,1.26281,1.26281,0,0.975254,1.69344,8.91558e+06,3.92412e+06,1.12587e+07,0,0,0,9.00336e+07
90.2189,103.622,1.31969,0,0,2.71966,2.71966,0,0.497841,4.89888,4.29004e+06,2.93582e+06,1.16675e+07,0,0,0,0,62.3362,61.308,1.98283,0,1,1.29418,1.29418,0,0.975645,1.69344,8.91558e+06,3.92412e+06,1.15384e+07,0,0,0,9.00336e+07
89.1026,103.622,1.432,0,0,2.72075,2.72075,0,0.509664,4.89888,4.29004e+06,2.93582e+06,1.16721e+07,0,0,0,0,62.3362,61.308,2.3438,0,1,1.2947,1.2947,0,0.999886,1.69344,8.91558e+06,3.92412e+06,1.1543e+07,0,0,0,9.00336e+07
87.9293,103.622,1.36417,0,0,2.72184,2.72184,0,0.509868,4.89888,4.29004e+06,2.93582e+06,1.16768e+07,0,0,0,0,62.3362,61.308,2.4198,0,1,1.29522,1.29522,0,1.00029,1.69344,8.91558e+06,3.92412e+06,1.15477e+07,0,0,0,9.00336e+07
86.6879,103.622,1.26871,0,0,2.72293,2.72293,0,0.510073,4.89888,4.29004e+06,2.93582e+06,1.16815e+07,0,0,0,0,62.3362,61.308,2.21916,0,1,1.29574,1.29574,0,1.00069,1.69344,8.91558e+06,3.92412e+06,1.15523e+07,0,0,0,9.00336e+07
85.2922,103.622,1.26454,0,0,2.90595,2.90595,0,0.510277,4.89888,4.29004e+06,2.93582e+06,1.24666e+07,0,0,0,0,62.3104,61.308,2.37775,0,1,1.40786,1.40786,0,1.00109,1.69344,8.91558e+06,3.92412e+06,1.25519e+07,0,0,0,9.00336e+07
83.8157,103.622,1.13963,0,0,2.90711,2.90711,0,0.544574,4.89888,4.29004e+06,2.93582e+06,1.24716e+07,0,0,0,0,62.2233,61.308,2.02249,0,1,1.40843,1.40843,0,1.08771,1.69344,8.91558e+06,3.92412e+06,1.25569e+07,0,0,0,9.00336e+07
82.2421,103.622,1.02247,0,0,2.90827,2.90827,0,0.544792,4.89888,4.29004e+06,2.93582e+06,1.24766e+07,0,0,0,0,62.0743,61.308,1.88081,0,1,1.40899,1.40899,0,1.08815,1.69344,8.91558e+06,3.92412e+06,1.2562e+07,0,0,0,9.00336e+07
80.755,103.622,1.10071,0.01,0,2.90944,2.90944,0,0.54501,4.89888,4.29004e+06,2.93582e+06,1.24816e+07,0,0,0,0,61.9312,61.308,1.89714,0,1,1.40955,1.40955,0,1.08859,1.69344,8.91558e+06,3.92412e+06,1.2567e+07,0,0,0,9.00336e+07
79.7757,103.622,1.64819,0.01,0,2.9106,2.9106,0,0.545229,4.89888,4.29004e+06,2.93582e+06,1.24866e+07,0,0,0,0,61.8993,61.308,2.27631,0,1,1.41012,1.41012,0,1.08902,1.69344,8.91558e+06,3.92412e+06,1.2572e+07,0,0,0,9.00336e+07
79.8,103.622,2.74667,0.01,0,2.82293,2.82293,0,0.545447,4.89888,4.29004e+06,2.93582e+06,1.21105e+07,0,0,0,0,62.3362,61.308,3.13883,0,1,1.34281,1.34281,0,1.08946,1.69344,8.91558e+06,3.92412e+06,1.19719e+07,0,0,0,9.00336e+07
79.6874,103.622,2.67834,0.01,0,2.82406,2.82406,0,0.529016,4.89888,4.29004e+06,2.93582e+06,1.21153e+07,0,0,0,0,62.3362,61.308,5.40145,0,1,1.34335,1.34335,0,1.03745,1.69344,8.91558e+06,3.92412e+06,1.19767e+07,0,0,0,9.00336e+07
79.3131,103.622,2.34567,0.01,0,2.82519,2.82519,0,0.529228,4.89888,4.29004e+06,2.93582e+06,1.21202e+07,0,0,0,0,62.3362,61.308,3.29842,0,1,1.34388,1.34388,0,1.03787,1.69344,8.91558e+06,3.92412e+06,1.19815e+07,0,0,0,9.00336e+07
78.6,103.622,1.97595,0.01,0,2.82632,2.82632,0,0.52944,4.89888,4.29004e+06,2.93582e+06,1.2125e+07,0,0,0,0,62.3362,61.308,2.92359,0,1,1.34442,1.34442,0,1.03828,1.69344,8.91558e+06,3.92412e+06,1.19863e+07,0,0,0,9.00336e+07
79.5041,103.622,3.78552,0.01,0,2.75441,2.75441,0,0.529652,4.89888,4.29004e+06,2.93582e+06,1.18165e+07,0,0,0,0,62.3362,61.308,3.98327,0,1,1.28308,1.28308,0,1.0387,1.69344,8.91558e+06,3.92412e+06,1.14394e+07,0,0,0,9.00336e+07
82.2647,103.622,5.9966,0.01,0,2.75551,2.75551,0,0.516176,4.89888,4.29004e+06,2.93582e+06,1.18212e+07,0,0,0,0,62.3362,61.308,7.34683,0,1,1.28359,1.28359,0,0.991305,1.69344,8.91558e+06,3.92412e+06,1.1444e+07,0,0,0,9.00336e+07
83.6488,103.622,4.5649,0.01,0,2.75661,2.75661,0,0.516382,4.89888,4.29004e+06,2.93582e+06,1.1826e+07,0,0,0,0,62.3362,61.308,5.44364,0,1,1.2841,1.2841,0,0.991702,1.69344,8.91558e+06,3.92412e+06,1.14485e+07,0,0,0,9.00336e+07
86.4774,103.622,6.07488,0,0,2.75771,2.75771,0,0.516589,4.89888,4.29004e+06,2.93582e+06,1.18307e+07,0,0,0,0,62.3362,61.308,6.4767,0,1,1.28462,1.28462,0,0.992098,1.69344,8.91558e+06,3.92412e+06,1.14531e+07,0,0,0,9.00336e+07
88.1639,103.622,4.70989,0,0,2.55104,2.55104,0,0.516795,4.89888,4.29004e+06,2.93582e+06,1.09441e+07,0,0,0,0,62.3362,61.308,3.93501,0,1,1.15604,1.15604,0,0.992495,1.69344,8.91558e+06,3.92412e+06,1.03068e+07,0,0,0,9.00336e+07
92.328,103.622,7.40647,0,0,2.55206,2.55206,0,0.478066,4.89888,4.29004e+06,2.93582e+06,1.09485e+07,0,0,0,0,62.3362,61.308,6.12492,0,1,1.15651,1.15651,0,0.893159,1.69344,8.91558e+06,3.92412e+06,1.03109e+07,0,0,0,9.00336e+07
96.7446,103.622,8.03662,0,0,2.55308,2.55308,0,0.478257,4.89888,4.29004e+06,2.93582e+06,1.09528e+07,0,0,0,0,62.3362,61.308,7.18539,0,1,1.15697,1.15697,0,0.893516,1.69344,8.91558e+06,3.92412e+06,1.0315e+07,0,0,0,9.00336e+07
102.204,103.622,9.26771,0,0,2.5541,2.5541,0,0.478448,4.89888,4.29004e+06,2.93582e+06,1.09572e+07,0,0,0,0,62.3362,61.308,7.26116,0,1,1.15743,1.15743,0,0.893873,1.69344,8.91558e+06,3.92412e+06,1.03192e+07,0,0,0,9.00336e+07
103.622,103.622,8.11451,0,0,2.55512,2.55512,0,0.478639,4.89888,4.29004e+06,2.93582e+06,1.09616e+07,0,0,0,0,62.3362,61.308,7.0029,0,1,1.15789,1.15789,0,0.89423,1.69344,8.91558e+06,3.92412e+06,1.03233e+07,0,0,0,9.00336e+07
103.622,103.622,6.43971,0,0,2.6362,2.6362,0,0.47883,4.89888,4.29004e+06,2.93582e+06,1.13094e+07,0,0,0,0,62.3362,61.308,8.15084,0,1,1.1958,1.1958,0,0.894587,1.69344,8.91558e+06,3.92412e+06,1.06612e+07,0,0,0,9.00336e+07
103.622,103.622,4.80425,0,0,2.63721,2.63721,0,0.494023,4.89888,4.29004e+06,2.93582e+06,1.13138e+07,0,0,0,0,62.3362,61.308,5.95015,0,1,1.19626,1.19626,0,0.923873,1.69344,8.91558e+06,3.92412e+06,1.06653e+07,0,0,0,9.00336e+07
103.567,103.622,2.93058,0,0,2.63823,2.63823,0,0.494214,4.89888,4.29004e+06,2.93582e+06,1.13181e+07,0,0,0,0,62.3362,61.308,3.75824,0,1,1.19672,1.19672,0,0.924229,1.69344,8.91558e+06,3.92412e+06,1.06694e+07,0,0,0,9.00336e+07
102.96,103.622,2.33119,0,0,2.63925,2.63925,0,0.494404,4.89888,4.29004e+06,2.93582e+06,1.13225e+07,0,0,0,0,62.3362,61.308,3.328,0,1,1.19718,1.19718,0,0.924585,1.69344,8.91558e+06,3.92412e+06,1.06736e+07,0,0,0,9.00336e+07
102.819,103.622,3.61292,0,0,2.89779,2.89779,0,0.494595,4.89888,4.29004e+06,2.93582e+06,1.24316e+07,0,0,0,0,62.3362,61.308,5.45499,0,1,1.33846,1.33846,0,0.924941,1.69344,8.91558e+06,3.92412e+06,1.19331e+07,0,0,0,9.00336e+07
103.622,103.622,7.64158,0,0,2.8989,2.8989,0,0.543045,4.89888,4.29004e+06,2.93582e+06,1.24364e+07,0,0,0,0,62.3362,61.308,12.859,0,1,1.33897,1.33897,0,1.03409,1.69344,8.91558e+06,3.92412e+06,1.19377e+07,0,0,0,9.00336e+07
103.622,103.622,6.81129,0,0,2.90002,2.90002,0,0.543255,4.89888,4.29004e+06,2.93582e+06,1.24412e+07,0,0,0,0,62.3362,61.308,9.61651,0,1,1.33949,1.33949,0,1.03449,1.69344,8.91558e+06,3.92412e+06,1.19423e+07,0,0,0,9.00336e+07
103.622,103.622,4.50133,0,0,2.90114,2.90114,0,0.543464,4.89888,4.29004e+06,2.93582e+06,1.2446e+07,0,0,0,0,62.3362,61.308,5.36483,0,1,1.34001,1.34001,0,1.03489,1.69344,8.91558e+06,3.92412e+06,1.19469e+07,0,0,0,9.00336e+07
103.622,103.622,4.85783,0,0,2.53438,2.53438,0,0.543673,4.89888,4.29004e+06,2.93582e+06,1.08726e+07,0,0,0,0,62.3362,61.308,6.46341,0,1,1.15125,1.15125,0,1.03529,1.69344,8.91558e+06,3.92412e+06,1.02641e+07,0,0,0,9.00336e+07
103.622,103.622,9.18983,0,0,2.53535,2.53535,0,0.474942,4.89888,4.29004e+06,2.93582e+06,1.08768e+07,0,0,0,0,62.3362,61.308,18.0344,0,1,1.1517,1.1517,0,0.889458,1.69344,8.91558e+06,3.92412e+06,1.0268e+07,0,0,0,9.00336e+07
103.622,103.622,8.75952,0,0,2.53633,2.53633,0,0.475125,4.89888,4.29004e+06,2.93582e+06,1.0881e+07,0,0,0,0,62.3362,61.308,15.5835,0,1,1.15214,1.15214,0,0.8898,1.69344,8.91558e+06,3.92412e+06,1.0272e+07,0,0,0,9.00336e+07
103.622,103.622,9.06937,0,0,2.5373,2.5373,0,0.475308,4.89888,4.29004e+06,2.93582e+06,1.08851e+07,0,0,0,0,62.3362,61.308,15.2225,0,1,1.15258,1.15258,0,0.890143,1.69344,8.91558e+06,3.92412e+06,1.02759e+07,0,0,0,9.00336e+07
103.622,103.622,8.00813,0,0,2.53828,2.53828,0,0.475491,4.89888,4.29004e+06,2.93582e+06,1.08893e+07,0,0,0,0,62.3362,61.308,13.654,0,1,1.15303,1.15303,0,0.890486,1.69344,8.91558e+06,3.92412e+06,1.02799e+07,0,0,0,9.00336e+07
103.622,103.622,11.3552,0,0,2.63204,2.63204,0,0.475674,4.89888,4.29004e+06,2.93582e+06,1.12916e+07,0,0,0,0,62.3362,61.308,22.0659,0,1,1.19986,1.19986,0,0.890828,1.69344,8.91558e+06,3.92412e+06,1.06975e+07,0,0,0,9.00336e+07
103.622,103.622,8.2973,0,0,2.63305,2.63305,0,0.493244,4.89888,4.29004e+06,2.93582e+06,1.12959e+07,0,0,0,0,62.3362,61.308,19.9534,0,1,1.20032,1.20032,0,0.927013,1.69344,8.91558e+06,3.92412e+06,1.07016e+07,0,0,0,9.00336e+07
103.622,103.622,7.03977,0,0,2.63406,2.63406,0,0.493433,4.89888,4.29004e+06,2.93582e+06,1.13002e+07,0,0,0,0,62.3362,61.308,18.4937,0,1,1.20079,1.20079,0,0.92737,1.69344,8.91558e+06,3.92412e+06,1.07057e+07,0,0,0,9.00336e+07
103.622,103.622,6.36982,0,0,2.63508,2.63508,0,0.493623,4.89888,4.29004e+06,2.93582e+06,1.13046e+07,0,0,0,0,62.3362,61.308,17.0409,0,1,1.20125,1.20125,0,0.927727,1.69344,8.91558e+06,3.92412e+06,1.07098e+07,0,0,0,9.00336e+07
103.622,103.622,7.30431,0,0,2.59976,2.59976,0,0.493813,4.89888,4.29004e+06,2.93582e+06,1.11531e+07,0,0,0,0,62.3362,61.308,13.9453,0,1,1.18366,1.18366,0,0.928084,1.69344,8.91558e+06,3.92412e+06,1.0553e+07,0,0,0,9.00336e+07
103.622,103.622,5.00145,0,0,2.60076,2.60076,0,0.487194,4.89888,4.29004e+06,2.93582e+06,1.11574e+07,0,0,0,0,62.3362,61.308,6.59939,0,1,1.18412,1.18412,0,0.914498,1.69344,8.91558e+06,3.92412e+06,1.05571e+07,0,0,0,9.00336e+07
103.622,103.622,4.00591,0,0,2.60176,2.60176,0,0.487382,4.89888,4.29004e+06,2.93582e+06,1.11616e+07,0,0,0,0,62.3362,61.308,5.64998,0,1,1.18457,1.18457,0,0.91485,1.69344,8.91558e+06,3.92412e+06,1.05612e+07,0,0,0,9.00336e+07
103.622,103.622,3.53309,0,0,2.60276,2.60276,0,0.487569,4.89888,4.29004e+06,2.93582e+06,1.11659e+07,0,0,0,0,62.3362,61.308,5.03992,0,1,1.18503,1.18503,0,0.915202,1.69344,8.91558e+06,3.92412e+06,1.05652e+07,0,0,0,9.00336e+07
103.622,103.622,3.17819,0,0,2.72727,2.72727,0,0.487757,4.89888,4.29004e+06,2.93582e+06,1.17001e+07,0,0,0,0,62.3362,61.308,4.51068,0,1,1.24958,1.24958,0,0.915553,1.69344,8.91558e+06,3.92412e+06,1.11407e+07,0,0,0,9.00336e+07
103.622,103.622,3.06307,0,0,2.72832,2.72832,0,0.511091,4.89888,4.29004e+06,2.93582e+06,1.17046e+07,0,0,0,0,62.3362,61.308,3.63754,0,1,1.25006,1.25006,0,0.965424,1.69344,8.91558e+06,3.92412e+06,1.1145e+07,0,0,0,9.00336e+07
103.565,103.622,2.79936,0,0,2.72937,2.72937,0,0.511287,4.89888,4.29004e+06,2.93582e+06,1.17091e+07,0,0,0,0,62.3362,61.308,3.40775,0,1,1.25054,1.25054,0,0.965795,1.69344,8.91558e+06,3.92412e+06,1.11493e+07,0,0,0,9.00336e+07
103.347,103.622,2.59998,0,0,2.73042,2.73042,0,0.511483,4.89888,4.29004e+06,2.93582e+06,1.17136e+07,0,0,0,0,62.3362,61.308,3.42704,0,1,1.25102,1.25102,0,0.966166,1.69344,8.91558e+06,3.92412e+06,1.11536e+07,0,0,0,9.00336e+07
103.059,103.622,2.53067,0,0,2.73146,2.73146,0,0.51168,4.89888,4.29004e+06,2.93582e+06,1.17181e+07,0,0,0,0,62.3362,61.308,3.37642,0,1,1.2515,1.2515,0,0.966537,1.69344,8.91558e+06,3.92412e+06,1.11578e+07,0,0,0,9.00336e+07
102.299,103.622,1.93702,0,0,2.70804,2.70804,0,0.511877,4.89888,4.29004e+06,2.93582e+06,1.16176e+07,0,0,0,0,62.3362,61.308,2.523,0,1,1.28727,1.28727,0,0.966908,1.69344,8.91558e+06,3.92412e+06,1.14768e+07,0,0,0,9.00336e+07
101.325,103.622,1.69452,0,0,2.70908,2.70908,0,0.507487,4.89888,4.29004e+06,2.93582e+06,1.16221e+07,0,0,0,0,62.3362,61.308,2.19415,0,1,1.28777,1.28777,0,0.994548,1.69344,8.91558e+06,3.92412e+06,1.14812e+07,0,0,0,9.00336e+07
100.232,103.622,1.56757,0,0,2.71012,2.71012,0,0.507682,4.89888,4.29004e+06,2.93582e+06,1.16265e+07,0,0,0,0,62.3362,61.308,2.20472,0,1,1.28826,1.28826,0,0.99493,1.69344,8.91558e+06,3.92412e+06,1.14856e+07,0,0,0,9.00336e+07
99.0302,103.622,1.44091,0,0,2.71116,2.71116,0,0.507877,4.89888,4.29004e+06,2.93582e+06,1.1631e+07,0,0,0,0,62.3027,61.308,1.93928,0,1,1.28876,1.28876,0,0.995312,1.69344,8.91558e+06,3.92412e+06,1.149e+07,0,0,0,9.00336e+07
97.6871,103.622,1.30689,0,0,2.7755,2.7755,0,0.508072,4.89888,4.29004e+06,2.93582e+06,1.1907e+07,0,0,0,0,62.2224,61.308,1.84322,0,1,1.32076,1.32076,0,0.995694,1.69344,8.91558e+06,3.92412e+06,1.17753e+07,0,0,0,9.00336e+07
96.3123,103.622,1.24064,0,0,2.77656,2.77656,0,0.520128,4.89888,4.29004e+06,2.93582e+06,1.19116e+07,0,0,0,0,61.9966,61.308,1.74442,0,1,1.32126,1.32126,0,1.02042,1.69344,8.91558e+06,3.92412e+06,1.17798e+07,0,0,0,9.00336e+07
94.8062,103.622,1.09535,0,0,2.77763,2.77763,0,0.520328,4.89888,4.29004e+06,2.93582e+06,1.19161e+07,0,0,0,0,61.6813,61.308,1.61005,0,1,1.32177,1.32177,0,1.02081,1.69344,8.91558e+06,3.92412e+06,1.17844e+07,0,0,0,9.00336e+07
93.2351,103.622,1.01703,0,0,2.77869,2.77869,0,0.520528,4.89888,4.29004e+06,2.93582e+06,1.19207e+07,0,0,0,0,61.3496,61.308,1.54287,0,1,1.32228,1.32228,0,1.0212,1.69344,8.91558e+06,3.92412e+06,1.17889e+07,0,0,0,9.00336e+07
91.3914,103.622,0.864548,0,0,2.96541,2.96541,0,0.520727,4.89888,4.29004e+06,2.93582e+06,1.27217e+07,0,0,0,0,60.7553,61.308,1.53381,0,1,1.43667,1.43667,0,1.02159,1.69344,8.91558e+06,3.92412e+06,1.28088e+07,0,0,0,9.00336e+07
89.4973,103.622,0.778075,0,0,2.96655,2.96655,0,0.555718,4.89888,4.29004e+06,2.93582e+06,1.27266e+07,0,0,0,0,60.2668,61.308,1.30282,0,1,1.43722,1.43722,0,1.10997,1.69344,8.91558e+06,3.92412e+06,1.28137e+07,0,0,0,9.00336e+07
87.6909,103.622,0.866948,0,0,2.96768,2.96768,0,0.555931,4.89888,4.29004e+06,2.93582e+06,1.27315e+07,0,0,0,0,59.5424,61.308,1.57341,0,1,1.43777,1.43777,0,1.1104,1.69344,8.91558e+06,3.92412e+06,1.28186e+07,0,0,0,9.00336e+07
85.743,103.622,0.699392,0,0,2.96882,2.96882,0,0.556144,4.89888,4.29004e+06,2.93582e+06,1.27364e+07,0,0,0,0,59.1368,61.308,1.13368,0,1,1.43832,1.43832,0,1.11082,1.69344,8.91558e+06,3.92412e+06,1.28235e+07,0,0,0,9.00336e+07
83.9481,103.622,0.859892,0,0,2.96996,2.96996,0,0.556357,4.89888,4.29004e+06,2.93582e+06,1.27413e+07,0,0,0,0,58.7382,61.308,1.98025,0,1,1.43887,1.43887,0,1.11125,1.69344,8.91558e+06,3.92412e+06,1.28284e+07,0,0,0,9.00336e+07
82.1355,103.622,0.75871,0,0,2.88045,2.88045,0,0.55657,4.89888,4.29004e+06,2.93582e+06,1.23572e+07,0,0,0,0,58.227,61.308,1.37141,0,1,1.37017,1.37017,0,1.11167,1.69344,8.91558e+06,3.92412e+06,1.22159e+07,0,0,0,9.00336e+07
80.3902,103.622,0.839157,0.01,0,2.88155,2.88155,0,0.539796,4.89888,4.29004e+06,2.93582e+06,1.2362e+07,0,0,0,0,57.8496,61.308,1.41389,0,1,1.37069,1.37069,0,1.05859,1.69344,8.91558e+06,3.92412e+06,1.22205e+07,0,0,0,9.00336e+07
78.9201,103.622,1.11935,0.01,0,2.88265,2.88265,0,0.540002,4.89888,4.29004e+06,2.93582e+06,1.23667e+07,0,0,0,0,57.5646,61.308,1.58332,0,1,1.37122,1.37122,0,1.059,1.69344,8.91558e+06,3.92412e+06,1.22252e+07,0,0,0,9.00336e+07
77.8299,103.622,1.60052,0.01,0,2.88376,2.88376,0,0.540209,4.89888,4.29004e+06,2.93582e+06,1.23714e+07,0,0,0,0,57.5147,61.308,2.60076,0,1,1.37174,1.37174,0,1.0594,1.69344,8.91558e+06,3.92412e+06,1.22299e+07,0,0,0,9.00336e+07
76.6455,103.622,1.43679,0.02,0,2.81034,2.81034,0,0.540416,4.89888,4.29004e+06,2.93582e+06,1.20565e+07,0,0,0,0,57.412,61.308,1.98627,0,1,1.30913,1.30913,0,1.05981,1.69344,8.91558e+06,3.92412e+06,1.16717e+07,0,0,0,9.00336e+07
75.5168,103.622,1.48893,0.01,0,2.81142,2.81142,0,0.526658,4.89888,4.29004e+06,2.93582e+06,1.20611e+07,0,0,0,0,57.2943,61.308,1.81754,0,1,1.30963,1.30963,0,1.01144,1.69344,8.91558e+06,3.92412e+06,1.16761e+07,0,0,0,9.00336e+07
74.3333,103.622,1.46716,0.01,0,2.81249,2.81249,0,0.526859,4.89888,4.29004e+06,2.93582e+06,1.20657e+07,0,0,0,0,57.2647,61.308,1.74466,0,1,1.31014,1.31014,0,1.01182,1.69344,8.91558e+06,3.92412e+06,1.16806e+07,0,0,0,9.00336e+07
73.6132,103.622,1.99053,0.01,0,2.81357,2.81357,0,0.527061,4.89888,4.29004e+06,2.93582e+06,1.20703e+07,0,0,0,0,57.4128,61.308,2.29009,0,1,1.31064,1.31064,0,1.01221,1.69344,8.91558e+06,3.92412e+06,1.16851e+07,0,0,0,9.00336e+07
75.0884,103.622,4.20789,0.01,0,2.60267,2.60267,0,0.527263,4.89888,4.29004e+06,2.93582e+06,1.11656e+07,0,0,0,0,58.4357,61.308,3.71176,0,1,1.17944,1.17944,0,1.0126,1.69344,8.91558e+06,3.92412e+06,1.05154e+07,0,0,0,9.00336e+07
78.0729,103.622,5.71746,0.01,0,2.60367,2.60367,0,0.487741,4.89888,4.29004e+06,2.93582e+06,1.11698e+07,0,0,0,0,59.2479,61.308,6.02052,0,1,1.17989,1.17989,0,0.911235,1.69344,8.91558e+06,3.92412e+06,1.05194e+07,0,0,0,9.00336e+07
79.0989,103.622,3.67663,0.01,0,2.60466,2.60466,0,0.487927,4.89888,4.29004e+06,2.93582e+06,1.11741e+07,0,0,0,0,59.6507,61.308,4.09428,0,1,1.18034,1.18034,0,0.911583,1.69344,8.91558e+06,3.92412e+06,1.05234e+07,0,0,0,9.00336e+07
79.3324,103.622,2.85337,0.01,0,2.60566,2.60566,0,0.488114,4.89888,4.29004e+06,2.93582e+06,1.11784e+07,0,0,0,0,59.7713,61.308,2.77676,0,1,1.18079,1.18079,0,0.911932,1.69344,8.91558e+06,3.92412e+06,1.05275e+07,0,0,0,9.00336e+07
81.2159,103.622,4.6216,0.01,0,2.60666,2.60666,0,0.488301,4.89888,4.29004e+06,2.93582e+06,1.11827e+07,0,0,0,0,60.216,61.308,4.41053,0,1,1.18125,1.18125,0,0.912281,1.69344,8.91558e+06,3.92412e+06,1.05315e+07,0,0,0,9.00336e+07
82.8782,103.622,4.6042,0.01,0,2.68932,2.68932,0,0.488488,4.89888,4.29004e+06,2.93582e+06,1.15373e+07,0,0,0,0,60.6528,61.308,3.43876,0,1,1.21989,1.21989,0,0.91263,1.69344,8.91558e+06,3.92412e+06,1.08761e+07,0,0,0,9.00336e+07
87.4816,103.622,7.92723,0.01,0,2.69031,2.69031,0,0.503979,4.89888,4.29004e+06,2.93582e+06,1.15416e+07,0,0,0,0,61.6142,61.308,4.29288,0,1,1.22034,1.22034,0,0.94249,1.69344,8.91558e+06,3.92412e+06,1.08801e+07,0,0,0,9.00336e+07
90.2171,103.622,5.66408,0,0,2.6913,2.6913,0,0.504164,4.89888,4.29004e+06,2.93582e+06,1.15458e+07,0,0,0,0,62.3362,61.308,3.54258,0,1,1.22079,1.22079,0,0.942838,1.69344,8.91558e+06,3.92412e+06,1.08841e+07,0,0,0,9.00336e+07
93.0131,103.622,5.78129,0,0,2.6923,2.6923,0,0.50435,4.89888,4.29004e+06,2.93582e+06,1.15501e+07,0,0,0,0,62.3362,61.308,4.18795,0,1,1.22124,1.22124,0,0.943186,1.69344,8.91558e+06,3.92412e+06,1.08881e+07,0,0,0,9.00336e+07
97.7655,103.622,8.1979,0,0,2.95599,2.95599,0,0.504536,4.89888,4.29004e+06,2.93582e+06,1.26813e+07,0,0,0,0,62.3362,61.308,4.49518,0,1,1.36534,1.36534,0,0.943533,1.69344,8.91558e+06,3.92412e+06,1.21728e+07,0,0,0,9.00336e+07
103.351,103.622,9.37848,0,0,2.95707,2.95707,0,0.553952,4.89888,4.29004e+06,2.93582e+06,1.2686e+07,0,0,0,0,62.3362,61.308,5.90299,0,1,1.36584,1.36584,0,1.05486,1.69344,8.91558e+06,3.92412e+06,1.21773e+07,0,0,0,9.00336e+07
103.622,103.622,7.87686,0,0,2.95816,2.95816,0,0.554156,4.89888,4.29004e+06,2.93582e+06,1.26907e+07,0,0,0,0,62.3362,61.308,4.34958,0,1,1.36635,1.36635,0,1.05525,1.69344,8.91558e+06,3.92412e+06,1.21818e+07,0,0,0,9.00336e+07
103.622,103.622,6.51427,0,0,2.95925,2.95925,0,0.55436,4.89888,4.29004e+06,2.93582e+06,1.26953e+07,0,0,0,0,62.3362,61.308,3.98639,0,1,1.36685,1.36685,0,1.05564,1.69344,8.91558e+06,3.92412e+06,1.21863e+07,0,0,0,9.00336e+07
103.622,103.622,7.53878,0,0,2.5851,2.5851,0,0.554564,4.89888,4.29004e+06,2.93582e+06,1.10902e+07,0,0,0,0,62.3362,61.308,4.09857,0,1,1.1743,1.1743,0,1.05603,1.69344,8.91558e+06,3.92412e+06,1.04695e+07,0,0,0,9.00336e+07
103.622,103.622,8.94919,0,0,2.58605,2.58605,0,0.484448,4.89888,4.29004e+06,2.93582e+06,1.10943e+07,0,0,0,0,62.3362,61.308,6.99258,0,1,1.17473,1.17473,0,0.90726,1.69344,8.91558e+06,3.92412e+06,1.04734e+07,0,0,0,9.00336e+07
103.622,103.622,6.49995,0,0,2.58701,2.58701,0,0.484626,4.89888,4.29004e+06,2.93582e+06,1.10984e+07,0,0,0,0,62.3362,61.308,5.80118,0,1,1.17516,1.17516,0,0.907595,1.69344,8.91558e+06,3.92412e+06,1.04772e+07,0,0,0,9.00336e+07
103.622,103.622,6.51948,0,0,2.58796,2.58796,0,0.484805,4.89888,4.29004e+06,2.93582e+06,1.11025e+07,0,0,0,0,62.3362,61.308,4.6665,0,1,1.17559,1.17559,0,0.907929,1.69344,8.91558e+06,3.92412e+06,1.04811e+07,0,0,0,9.00336e+07
103.622,103.622,6.13053,0,0,2.58891,2.58891,0,0.484983,4.89888,4.29004e+06,2.93582e+06,1.11065e+07,0,0,0,0,62.3362,61.308,5.56251,0,1,1.17603,1.17603,0,0.908263,1.69344,8.91558e+06,3.92412e+06,1.0485e+07,0,0,0,9.00336e+07
103.622,103.622,6.8484,0,0,2.68449,2.68449,0,0.485162,4.89888,4.29004e+06,2.93582e+06,1.15166e+07,0,0,0,0,62.3362,61.308,7.04888,0,1,1.22377,1.22377,0,0.908597,1.69344,8.91558e+06,3.92412e+06,1.09107e+07,0,0,0,9.00336e+07
103.622,103.622,6.19671,0,0,2.68548,2.68548,0,0.503074,4.89888,4.29004e+06,2.93582e+06,1.15208e+07,0,0,0,0,62.3362,61.308,5.49827,0,1,1.22423,1.22423,0,0.945488,1.69344,8.91558e+06,3.92412e+06,1.09147e+07,0,0,0,9.00336e+07
103.622,103.622,4.33765,0,0,2.68647,2.68647,0,0.503259,4.89888,4.29004e+06,2.93582e+06,1.15251e+07,0,0,0,0,62.3362,61.308,4.17042,0,1,1.22468,1.22468,0,0.945836,1.69344,8.91558e+06,3.92412e+06,1.09187e+07,0,0,0,9.00336e+07
103.622,103.622,3.24605,0,0,2.68746,2.68746,0,0.503444,4.89888,4.29004e+06,2.93582e+06,1.15293e+07,0,0,0,0,62.3362,61.308,2.88151,0,1,1.22513,1.22513,0,0.946184,1.69344,8.91558e+06,3.92412e+06,1.09227e+07,0,0,0,9.00336e+07
103.622,103.622,3.17553,0,0,2.65139,2.65139,0,0.503629,4.89888,4.29004e+06,2.93582e+06,1.13746e+07,0,0,0,0,62.3362,61.308,2.86533,0,1,1.20717,1.20717,0,0.946533,1.69344,8.91558e+06,3.92412e+06,1.07627e+07,0,0,0,9.00336e+07
103.622,103.622,3.061,0,0,2.65237,2.65237,0,0.496871,4.89888,4.29004e+06,2.93582e+06,1.13788e+07,0,0,0,0,62.3362,61.308,2.90401,0,1,1.20762,1.20762,0,0.932662,1.69344,8.91558e+06,3.92412e+06,1.07666e+07,0,0,0,9.00336e+07
103.622,103.622,3.9141,0,0,2.65334,2.65334,0,0.497054,4.89888,4.29004e+06,2.93582e+06,1.1383e+07,0,0,0,0,62.3362,61.308,3.117,0,1,1.20806,1.20806,0,0.933005,1.69344,8.91558e+06,3.92412e+06,1.07706e+07,0,0,0,9.00336e+07
103.622,103.622,3.57123,0,0,2.65432,2.65432,0,0.497237,4.89888,4.29004e+06,2.93582e+06,1.13871e+07,0,0,0,0,62.3362,61.308,3.02838,0,1,1.20851,1.20851,0,0.933348,1.69344,8.91558e+06,3.92412e+06,1.07745e+07,0,0,0,9.00336e+07
103.434,103.622,2.69892,0,0,2.78125,2.78125,0,0.497419,4.89888,4.29004e+06,2.93582e+06,1.19317e+07,0,0,0,0,62.3362,61.308,2.6249,0,1,1.27431,1.27431,0,0.933691,1.69344,8.91558e+06,3.92412e+06,1.13612e+07,0,0,0,9.00336e+07
103.548,103.622,2.99218,0,0,2.78228,2.78228,0,0.521207,4.89888,4.29004e+06,2.93582e+06,1.19361e+07,0,0,0,0,62.3362,61.308,3.02742,0,1,1.27478,1.27478,0,0.984533,1.69344,8.91558e+06,3.92412e+06,1.13654e+07,0,0,0,9.00336e+07
103.433,103.622,2.73647,0,0,2.7833,2.7833,0,0.521399,4.89888,4.29004e+06,2.93582e+06,1.19405e+07,0,0,0,0,62.3362,61.308,2.85827,0,1,1.27525,1.27525,0,0.984895,1.69344,8.91558e+06,3.92412e+06,1.13696e+07,0,0,0,9.00336e+07
103.166,103.622,2.56772,0,0,2.78432,2.78432,0,0.52159,4.89888,4.29004e+06,2.93582e+06,1.19449e+07,0,0,0,0,62.3362,61.308,2.63946,0,1,1.27572,1.27572,0,0.985257,1.69344,8.91558e+06,3.92412e+06,1.13738e+07,0,0,0,9.00336e+07
102.708,103.622,2.35445,0,0,2.78535,2.78535,0,0.521782,4.89888,4.29004e+06,2.93582e+06,1.19493e+07,0,0,0,0,62.3362,61.308,2.39016,0,1,1.27619,1.27619,0,0.985619,1.69344,8.91558e+06,3.92412e+06,1.13779e+07,0,0,0,9.00336e+07
102.774,103.622,2.80952,0,0,2.76141,2.76141,0,0.521974,4.89888,4.29004e+06,2.93582e+06,1.18466e+07,0,0,0,0,62.3362,61.308,2.61039,0,1,1.31265,1.31265,0,0.985982,1.69344,8.91558e+06,3.92412e+06,1.1703e+07,0,0,0,9.00336e+07
103.141,103.622,3.12017,0,0,2.76243,2.76243,0,0.517489,4.89888,4.29004e+06,2.93582e+06,1.18509e+07,0,0,0,0,62.3362,61.308,2.6596,0,1,1.31313,1.31313,0,1.01415,1.69344,8.91558e+06,3.92412e+06,1.17073e+07,0,0,0,9.00336e+07
103.262,103.622,2.87355,0,0,2.76344,2.76344,0,0.517679,4.89888,4.29004e+06,2.93582e+06,1.18553e+07,0,0,0,0,62.3362,61.308,2.67275,0,1,1.31361,1.31361,0,1.01452,1.69344,8.91558e+06,3.92412e+06,1.17116e+07,0,0,0,9.00336e+07
103.159,103.622,2.63542,0,0,2.76446,2.76446,0,0.517869,4.89888,4.29004e+06,2.93582e+06,1.18596e+07,0,0,0,0,62.3362,61.308,2.35033,0,1,1.31409,1.31409,0,1.0149,1.69344,8.91558e+06,3.92412e+06,1.17159e+07,0,0,0,9.00336e+07
102.803,103.622,2.4016,0,0,2.83001,2.83001,0,0.518059,4.89888,4.29004e+06,2.93582e+06,1.21409e+07,0,0,0,0,62.327,61.308,2.20287,0,1,1.3467,1.3467,0,1.01527,1.69344,8.91558e+06,3.92412e+06,1.20066e+07,0,0,0,9.00336e+07
102.449,103.622,2.37243,0,0,2.83105,2.83105,0,0.530344,4.89888,4.29004e+06,2.93582e+06,1.21453e+07,0,0,0,0,62.3017,61.308,1.88724,0,1,1.34719,1.34719,0,1.04046,1.69344,8.91558e+06,3.92412e+06,1.2011e+07,0,0,0,9.00336e+07
102.043,103.622,2.32712,0,0,2.83209,2.83209,0,0.530539,4.89888,4.29004e+06,2.93582e+06,1.21498e+07,0,0,0,0,62.2283,61.308,1.95373,0,1,1.34769,1.34769,0,1.04084,1.69344,8.91558e+06,3.92412e+06,1.20154e+07,0,0,0,9.00336e+07
101.504,103.622,2.16896,0,0,2.83313,2.83313,0,0.530734,4.89888,4.29004e+06,2.93582e+06,1.21543e+07,0,0,0,0,62.0823,61.308,1.85229,0,1,1.34818,1.34818,0,1.04122,1.69344,8.91558e+06,3.92412e+06,1.20198e+07,0,0,0,9.00336e+07
100.645,103.622,1.99698,0,0,3.02345,3.02345,0,0.530929,4.89888,4.29004e+06,2.93582e+06,1.29707e+07,0,0,0,0,61.8449,61.308,1.737,0,1,1.46479,1.46479,0,1.0416,1.69344,8.91558e+06,3.92412e+06,1.30595e+07,0,0,0,9.00336e+07
100.306,103.622,2.54101,0,0,3.02456,3.02456,0,0.566595,4.89888,4.29004e+06,2.93582e+06,1.29755e+07,0,0,0,0,61.6933,61.308,1.92778,0,1,1.46533,1.46533,0,1.1317,1.69344,8.91558e+06,3.92412e+06,1.30643e+07,0,0,0,9.00336e+07
99.814,103.622,2.39526,0,0,3.02567,3.02567,0,0.566803,4.89888,4.29004e+06,2.93582e+06,1.29803e+07,0,0,0,0,61.5422,61.308,1.85273,0,1,1.46587,1.46587,0,1.13211,1.69344,8.91558e+06,3.92412e+06,1.30691e+07,0,0,0,9.00336e+07
99.1902,103.622,2.25248,0,0,3.02678,3.02678,0,0.567011,4.89888,4.29004e+06,2.93582e+06,1.2985e+07,0,0,0,0,61.3781,61.308,2.23016,0,1,1.4664,1.4664,0,1.13253,1.69344,8.91558e+06,3.92412e+06,1.30738e+07,0,0,0,9.00336e+07
98.488,103.622,2.16314,0,0,3.02789,3.02789,0,0.567219,4.89888,4.29004e+06,2.93582e+06,1.29898e+07,0,0,0,0,61.2049,61.308,2.1923,0,1,1.46694,1.46694,0,1.13294,1.69344,8.91558e+06,3.92412e+06,1.30786e+07,0,0,0,9.00336e+07
97.8779,103.622,2.11136,0,0,2.93658,2.93658,0,0.567427,4.89888,4.29004e+06,2.93582e+06,1.25981e+07,0,0,0,0,61.0536,61.308,2.06108,0,1,1.39687,1.39687,0,1.13336,1.69344,8.91558e+06,3.92412e+06,1.24539e+07,0,0,0,9.00336e+07
97.1024,103.622,1.90402,0,0,2.93766,2.93766,0,0.550316,4.89888,4.29004e+06,2.93582e+06,1.26027e+07,0,0,0,0,60.8871,61.308,1.86447,0,1,1.39738,1.39738,0,1.07922,1.69344,8.91558e+06,3.92412e+06,1.24585e+07,0,0,0,9.00336e+07
96.429,103.622,2.09915,0,0,2.93874,2.93874,0,0.550517,4.89888,4.29004e+06,2.93582e+06,1.26073e+07,0,0,0,0,60.9568,61.308,2.37066,0,1,1.3979,1.3979,0,1.07962,1.69344,8.91558e+06,3.92412e+06,1.24631e+07,0,0,0,9.00336e+07
95.6326,103.622,1.99837,0,0,2.93981,2.93981,0,0.550719,4.89888,4.29004e+06,2.93582e+06,1.26119e+07,0,0,0,0,61.0807,61.308,2.44991,0,1,1.39841,1.39841,0,1.08002,1.69344,8.91558e+06,3.92412e+06,1.24676e+07,0,0,0,9.00336e+07
95.1087,103.622,2.26577,0,0,2.86492,2.86492,0,0.550921,4.89888,4.29004e+06,2.93582e+06,1.22906e+07,0,0,0,0,61.3684,61.308,2.76857,0,1,1.33456,1.33456,0,1.08041,1.69344,8.91558e+06,3.92412e+06,1.18984e+07,0,0,0,9.00336e+07
95.9087,103.622,3.88201,0,0,2.86597,2.86597,0,0.536886,4.89888,4.29004e+06,2.93582e+06,1.22951e+07,0,0,0,0,62.3019,61.308,5.14139,0,1,1.33505,1.33505,0,1.03108,1.69344,8.91558e+06,3.92412e+06,1.19027e+07,0,0,0,9.00336e+07
97.0213,103.622,4.22422,0,0,2.86702,2.86702,0,0.537083,4.89888,4.29004e+06,2.93582e+06,1.22996e+07,0,0,0,0,62.3362,61.308,7.4521,0,1,1.33554,1.33554,0,1.03146,1.69344,8.91558e+06,3.92412e+06,1.19071e+07,0,0,0,9.00336e+07
97.6323,103.622,3.76618,0,0,2.86807,2.86807,0,0.53728,4.89888,4.29004e+06,2.93582e+06,1.23042e+07,0,0,0,0,62.3362,61.308,7.00948,0,1,1.33603,1.33603,0,1.03183,1.69344,8.91558e+06,3.92412e+06,1.19114e+07,0,0,0,9.00336e+07
101.368,103.622,6.99268,0,0,2.65304,2.65304,0,0.537477,4.89888,4.29004e+06,2.93582e+06,1.13817e+07,0,0,0,0,62.3362,61.308,9.18616,0,1,1.20227,1.20227,0,1.03221,1.69344,8.91558e+06,3.92412e+06,1.07189e+07,0,0,0,9.00336e+07
103.622,103.622,6.32656,0,0,2.65402,2.65402,0,0.49718,4.89888,4.29004e+06,2.93582e+06,1.13858e+07,0,0,0,0,62.3362,61.308,5.7268,0,1,1.20271,1.20271,0,0.928871,1.69344,8.91558e+06,3.92412e+06,1.07228e+07,0,0,0,9.00336e+07
103.622,103.622,6.43036,0,0,2.65499,2.65499,0,0.497363,4.89888,4.29004e+06,2.93582e+06,1.139e+07,0,0,0,0,62.3362,61.308,5.59089,0,1,1.20315,1.20315,0,0.929211,1.69344,8.91558e+06,3.92412e+06,1.07268e+07,0,0,0,9.00336e+07
103.622,103.622,8.11099,0,0,2.65596,2.65596,0,0.497545,4.89888,4.29004e+06,2.93582e+06,1.13942e+07,0,0,0,0,62.3362,61.308,10.7486,0,1,1.20359,1.20359,0,0.929551,1.69344,8.91558e+06,3.92412e+06,1.07307e+07,0,0,0,9.00336e+07
103.622,103.622,10.9063,0,0,2.65693,2.65693,0,0.497727,4.89888,4.29004e+06,2.93582e+06,1.13984e+07,0,0,0,0,62.3362,61.308,13.351,0,1,1.20403,1.20403,0,0.929892,1.69344,8.91558e+06,3.92412e+06,1.07346e+07,0,0,0,9.00336e+07
103.622,103.622,6.76303,0,0,2.74114,2.74114,0,0.497909,4.89888,4.29004e+06,2.93582e+06,1.17596e+07,0,0,0,0,62.3362,61.308,6.05186,0,1,1.2434,1.2434,0,0.930232,1.69344,8.91558e+06,3.92412e+06,1.10857e+07,0,0,0,9.00336e+07
103.622,103.622,5.2687,0,0,2.74211,2.74211,0,0.51369,4.89888,4.29004e+06,2.93582e+06,1.17638e+07,0,0,0,0,62.3362,61.308,4.53129,0,1,1.24384,1.24384,0,0.960653,1.69344,8.91558e+06,3.92412e+06,1.10896e+07,0,0,0,9.00336e+07
103.622,103.622,5.2769,0,0,2.74308,2.74308,0,0.513871,4.89888,4.29004e+06,2.93582e+06,1.17679e+07,0,0,0,0,62.3362,61.308,4.23542,0,1,1.24428,1.24428,0,0.960991,1.69344,8.91558e+06,3.92412e+06,1.10935e+07,0,0,0,9.00336e+07
103.622,103.622,5.22932,0,0,2.74404,2.74404,0,0.514053,4.89888,4.29004e+06,2.93582e+06,1.17721e+07,0,0,0,0,62.3362,61.308,4.4304,0,1,1.24472,1.24472,0,0.96133,1.69344,8.91558e+06,3.92412e+06,1.10974e+07,0,0,0,9.00336e+07
103.622,103.622,5.00085,0,0,3.01275,3.01275,0,0.514234,4.89888,4.29004e+06,2.93582e+06,1.29248e+07,0,0,0,0,62.3362,61.308,4.69711,0,1,1.39156,1.39156,0,0.961669,1.69344,8.91558e+06,3.92412e+06,1.24066e+07,0,0,0,9.00336e+07
103.622,103.622,4.25778,0,0,3.01381,3.01381,0,0.56459,4.89888,4.29004e+06,2.93582e+06,1.29294e+07,0,0,0,0,62.3362,61.308,3.51292,0,1,1.39205,1.39205,0,1.07512,1.69344,8.91558e+06,3.92412e+06,1.24109e+07,0,0,0,9.00336e+07
103.622,103.622,4.64769,0,0,3.01488,3.01488,0,0.564789,4.89888,4.29004e+06,2.93582e+06,1.29339e+07,0,0,0,0,62.3362,61.308,3.39068,0,1,1.39254,1.39254,0,1.0755,1.69344,8.91558e+06,3.92412e+06,1.24153e+07,0,0,0,9.00336e+07
103.622,103.622,4.55479,0,0,3.01594,3.01594,0,0.564988,4.89888,4.29004e+06,2.93582e+06,1.29385e+07,0,0,0,0,62.3362,61.308,3.99374,0,1,1.39303,1.39303,0,1.07588,1.69344,8.91558e+06,3.92412e+06,1.24197e+07,0,0,0,9.00336e+07
103.622,103.622,5.76392,0,0,2.63458,2.63458,0,0.565187,4.89888,4.29004e+06,2.93582e+06,1.13024e+07,0,0,0,0,62.3362,61.308,5.17552,0,1,1.19677,1.19677,0,1.07626,1.69344,8.91558e+06,3.92412e+06,1.06699e+07,0,0,0,9.00336e+07
103.622,103.622,8.07394,0,0,2.6355,2.6355,0,0.49372,4.89888,4.29004e+06,2.93582e+06,1.13064e+07,0,0,0,0,62.3362,61.308,4.53775,0,1,1.19719,1.19719,0,0.924624,1.69344,8.91558e+06,3.92412e+06,1.06737e+07,0,0,0,9.00336e+07
103.622,103.622,7.06641,0,0,2.63643,2.63643,0,0.493893,4.89888,4.29004e+06,2.93582e+06,1.13104e+07,0,0,0,0,62.3362,61.308,3.76578,0,1,1.19761,1.19761,0,0.924949,1.69344,8.91558e+06,3.92412e+06,1.06774e+07,0,0,0,9.00336e+07
103.622,103.622,7.33378,0,0,2.63736,2.63736,0,0.494067,4.89888,4.29004e+06,2.93582e+06,1.13144e+07,0,0,0,0,62.3362,61.308,4.17103,0,1,1.19803,1.19803,0,0.925275,1.69344,8.91558e+06,3.92412e+06,1.06812e+07,0,0,0,9.00336e+07
103.622,103.622,6.93285,0,0,2.63829,2.63829,0,0.494241,4.89888,4.29004e+06,2.93582e+06,1.13184e+07,0,0,0,0,62.3362,61.308,3.7475,0,1,1.19846,1.19846,0,0.925601,1.69344,8.91558e+06,3.92412e+06,1.06849e+07,0,0,0,9.00336e+07
103.622,103.622,6.57816,0,0,2.73565,2.73565,0,0.494415,4.89888,4.29004e+06,2.93582e+06,1.1736e+07,0,0,0,0,62.3362,61.308,4.78449,0,1,1.24709,1.24709,0,0.925927,1.69344,8.91558e+06,3.92412e+06,1.11186e+07,0,0,0,9.00336e+07
103.622,103.622,9.68895,0,0,2.73661,2.73661,0,0.51266,4.89888,4.29004e+06,2.93582e+06,1.17402e+07,0,0,0,0,62.3362,61.308,6.21562,0,1,1.24753,1.24753,0,0.963505,1.69344,8.91558e+06,3.92412e+06,1.11225e+07,0,0,0,9.00336e+07
103.622,103.622,8.43118,0,0,2.73757,2.73757,0,0.512841,4.89888,4.29004e+06,2.93582e+06,1.17443e+07,0,0,0,0,62.3362,61.308,4.51355,0,1,1.24797,1.24797,0,0.963845,1.69344,8.91558e+06,3.92412e+06,1.11264e+07,0,0,0,9.00336e+07
103.622,103.622,6.28588,0,0,2.73854,2.73854,0,0.513021,4.89888,4.29004e+06,2.93582e+06,1.17484e+07,0,0,0,0,62.3362,61.308,3.86879,0,1,1.24841,1.24841,0,0.964184,1.69344,8.91558e+06,3.92412e+06,1.11303e+07,0,0,0,9.00336e+07
103.622,103.622,6.592,0,0,2.70174,2.70174,0,0.513202,4.89888,4.29004e+06,2.93582e+06,1.15906e+07,0,0,0,0,62.3362,61.308,4.25776,0,1,1.2301,1.2301,0,0.964523,1.69344,8.91558e+06,3.92412e+06,1.0967e+07,0,0,0,9.00336e+07
103.622,103.622,5.83631,0,0,2.70269,2.70269,0,0.506307,4.89888,4.29004e+06,2.93582e+06,1.15947e+07,0,0,0,0,62.3362,61.308,3.514,0,1,1.23053,1.23053,0,0.950373,1.69344,8.91558e+06,3.92412e+06,1.09709e+07,0,0,0,9.00336e+07
103.622,103.622,5.46288,0,0,2.70364,2.70364,0,0.506485,4.89888,4.29004e+06,2.93582e+06,1.15987e+07,0,0,0,0,62.3362,61.308,3.32222,0,1,1.23096,1.23096,0,0.950707,1.69344,8.91558e+06,3.92412e+06,1.09747e+07,0,0,0,9.00336e+07
103.622,103.622,5.02938,0,0,2.70459,2.70459,0,0.506663,4.89888,4.29004e+06,2.93582e+06,1.16028e+07,0,0,0,0,62.3362,61.308,3.34365,0,1,1.2314,1.2314,0,0.951042,1.69344,8.91558e+06,3.92412e+06,1.09786e+07,0,0,0,9.00336e+07
103.622,103.622,4.91666,0,0,2.83389,2.83389,0,0.506841,4.89888,4.29004e+06,2.93582e+06,1.21575e+07,0,0,0,0,62.3362,61.308,4.12825,0,1,1.29843,1.29843,0,0.951376,1.69344,8.91558e+06,3.92412e+06,1.15762e+07,0,0,0,9.00336e+07
103.622,103.622,3.94388,0,0,2.83488,2.83488,0,0.53107,4.89888,4.29004e+06,2.93582e+06,1.21618e+07,0,0,0,0,62.3362,61.308,2.77614,0,1,1.29888,1.29888,0,1.00316,1.69344,8.91558e+06,3.92412e+06,1.15803e+07,0,0,0,9.00336e+07
103.622,103.622,3.46495,0,0,2.83588,2.83588,0,0.531257,4.89888,4.29004e+06,2.93582e+06,1.2166e+07,0,0,0,0,62.3362,61.308,2.57445,0,1,1.29934,1.29934,0,1.00352,1.69344,8.91558e+06,3.92412e+06,1.15844e+07,0,0,0,9.00336e+07
103.622,103.622,3.36419,0,0,2.83688,2.83688,0,0.531444,4.89888,4.29004e+06,2.93582e+06,1.21703e+07,0,0,0,0,62.3362,61.308,2.56265,0,1,1.2998,1.2998,0,1.00387,1.69344,8.91558e+06,3.92412e+06,1.15884e+07,0,0,0,9.00336e+07
103.622,103.622,3.14592,0,0,2.83787,2.83787,0,0.531631,4.89888,4.29004e+06,2.93582e+06,1.21746e+07,0,0,0,0,62.3362,61.308,2.34363,0,1,1.30025,1.30025,0,1.00422,1.69344,8.91558e+06,3.92412e+06,1.15925e+07,0,0,0,9.00336e+07
103.622,103.622,2.85089,0,0,2.81344,2.81344,0,0.531817,4.89888,4.29004e+06,2.93582e+06,1.20698e+07,0,0,0,0,62.3362,61.308,2.31748,0,1,1.33738,1.33738,0,1.00458,1.69344,8.91558e+06,3.92412e+06,1.19235e+07,0,0,0,9.00336e+07
103.32,103.622,2.48831,0,0,2.81443,2.81443,0,0.527239,4.89888,4.29004e+06,2.93582e+06,1.2074e+07,0,0,0,0,62.3362,61.308,2.25602,0,1,1.33785,1.33785,0,1.03326,1.69344,8.91558e+06,3.92412e+06,1.19277e+07,0,0,0,9.00336e+07
102.827,103.622,2.28293,0,0,2.81542,2.81542,0,0.527425,4.89888,4.29004e+06,2.93582e+06,1.20783e+07,0,0,0,0,62.3362,61.308,1.97747,0,1,1.33832,1.33832,0,1.03362,1.69344,8.91558e+06,3.92412e+06,1.19319e+07,0,0,0,9.00336e+07
102.192,103.622,2.10119,0,0,2.81641,2.81641,0,0.52761,4.89888,4.29004e+06,2.93582e+06,1.20825e+07,0,0,0,0,62.3078,61.308,1.94832,0,1,1.33879,1.33879,0,1.03398,1.69344,8.91558e+06,3.92412e+06,1.19361e+07,0,0,0,9.00336e+07
101.401,103.622,1.96973,0,0,2.88315,2.88315,0,0.527795,4.89888,4.29004e+06,2.93582e+06,1.23688e+07,0,0,0,0,62.18,61.308,1.88039,0,1,1.37198,1.37198,0,1.03435,1.69344,8.91558e+06,3.92412e+06,1.2232e+07,0,0,0,9.00336e+07
100.606,103.622,1.92151,0,0,2.88416,2.88416,0,0.540302,4.89888,4.29004e+06,2.93582e+06,1.23732e+07,0,0,0,0,62.02,61.308,1.82774,0,1,1.37247,1.37247,0,1.05999,1.69344,8.91558e+06,3.92412e+06,1.22363e+07,0,0,0,9.00336e+07
99.614,103.622,1.71685,0,0,2.88518,2.88518,0,0.540492,4.89888,4.29004e+06,2.93582e+06,1.23775e+07,0,0,0,0,61.764,61.308,1.72912,0,1,1.37295,1.37295,0,1.06037,1.69344,8.91558e+06,3.92412e+06,1.22406e+07,0,0,0,9.00336e+07
98.495,103.622,1.57539,0,0,2.88619,2.88619,0,0.540682,4.89888,4.29004e+06,2.93582e+06,1.23819e+07,0,0,0,0,61.4804,61.308,1.61448,0,1,1.37343,1.37343,0,1.06074,1.69344,8.91558e+06,3.92412e+06,1.22449e+07,0,0,0,9.00336e+07
97.0357,103.622,1.37154,0,0,3.08002,3.08002,0,0.540872,4.89888,4.29004e+06,2.93582e+06,1.32134e+07,0,0,0,0,60.9633,61.308,1.60133,0,1,1.4922,1.4922,0,1.06111,1.69344,8.91558e+06,3.92412e+06,1.33038e+07,0,0,0,9.00336e+07
95.5635,103.622,1.33185,0,0,3.08111,3.08111,0,0.577197,4.89888,4.29004e+06,2.93582e+06,1.32181e+07,0,0,0,0,60.5716,61.308,1.42841,0,1,1.49272,1.49272,0,1.15287,1.69344,8.91558e+06,3.92412e+06,1.33085e+07,0,0,0,9.00336e+07
94.2732,103.622,1.51905,0,0,3.08219,3.08219,0,0.577399,4.89888,4.29004e+06,2.93582e+06,1.32227e+07,0,0,0,0,59.8445,61.308,1.69111,0,1,1.49325,1.49325,0,1.15328,1.69344,8.91558e+06,3.92412e+06,1.33132e+07,0,0,0,9.00336e+07
92.7491,103.622,1.25656,0,0,3.08327,3.08327,0,0.577602,4.89888,4.29004e+06,2.93582e+06,1.32274e+07,0,0,0,0,59.3791,61.308,1.17591,0,1,1.49377,1.49377,0,1.15368,1.69344,8.91558e+06,3.92412e+06,1.33178e+07,0,0,0,9.00336e+07
91.5099,103.622,1.56785,0.01,0,3.08435,3.08435,0,0.577804,4.89888,4.29004e+06,2.93582e+06,1.3232e+07,0,0,0,0,59.1544,61.308,2.24409,0,1,1.49429,1.49429,0,1.15409,1.69344,8.91558e+06,3.92412e+06,1.33225e+07,0,0,0,9.00336e+07
90.1604,103.622,1.33268,0.01,0,2.99129,2.99129,0,0.578007,4.89888,4.29004e+06,2.93582e+06,1.28328e+07,0,0,0,0,58.8382,61.308,1.63141,0,1,1.4229,1.4229,0,1.15449,1.69344,8.91558e+06,3.92412e+06,1.26859e+07,0,0,0,9.00336e+07
88.967,103.622,1.44434,0.01,0,2.99234,2.99234,0,0.560568,4.89888,4.29004e+06,2.93582e+06,1.28373e+07,0,0,0,0,58.4568,61.308,1.91213,0,1,1.42339,1.42339,0,1.09933,1.69344,8.91558e+06,3.92412e+06,1.26904e+07,0,0,0,9.00336e+07
87.7481,103.622,1.51556,0.01,0,2.99339,2.99339,0,0.560764,4.89888,4.29004e+06,2.93582e+06,1.28418e+07,0,0,0,0,58.2394,61.308,2.32845,0,1,1.42389,1.42389,0,1.09971,1.69344,8.91558e+06,3.92412e+06,1.26948e+07,0,0,0,9.00336e+07
86.5331,103.622,1.53652,0.01,0,2.99444,2.99444,0,0.560961,4.89888,4.29004e+06,2.93582e+06,1.28463e+07,0,0,0,0,58.0762,61.308,2.4186,0,1,1.42439,1.42439,0,1.1001,1.69344,8.91558e+06,3.92412e+06,1.26993e+07,0,0,0,9.00336e+07
85.4905,103.622,1.6798,0.01,0,2.91811,2.91811,0,0.561158,4.89888,4.29004e+06,2.93582e+06,1.25188e+07,0,0,0,0,58.0061,61.308,2.58352,0,1,1.35933,1.35933,0,1.10049,1.69344,8.91558e+06,3.92412e+06,1.21192e+07,0,0,0,9.00336e+07
84.3195,103.622,1.56716,0.01,0,2.91913,2.91913,0,0.546853,4.89888,4.29004e+06,2.93582e+06,1.25232e+07,0,0,0,0,57.7339,61.308,1.95145,0,1,1.35981,1.35981,0,1.05022,1.69344,8.91558e+06,3.92412e+06,1.21235e+07,0,0,0,9.00336e+07
82.8932,103.622,1.26576,0.01,0,2.92015,2.92015,0,0.547045,4.89888,4.29004e+06,2.93582e+06,1.25276e+07,0,0,0,0,57.4798,61.308,1.38864,0,1,1.36029,1.36029,0,1.05059,1.69344,8.91558e+06,3.92412e+06,1.21277e+07,0,0,0,9.00336e+07
82.4375,103.622,2.40716,0.02,0,2.92117,2.92117,0,0.547236,4.89888,4.29004e+06,2.93582e+06,1.2532e+07,0,0,0,0,57.7495,61.308,4.1522,0,1,1.36076,1.36076,0,1.05096,1.69344,8.91558e+06,3.92412e+06,1.2132e+07,0,0,0,9.00336e+07
83.8747,103.622,4.30912,0.02,0,2.70212,2.70212,0,0.547428,4.89888,4.29004e+06,2.93582e+06,1.15922e+07,0,0,0,0,58.8329,61.308,4.77212,0,1,1.22451,1.22451,0,1.05132,1.69344,8.91558e+06,3.92412e+06,1.09172e+07,0,0,0,9.00336e+07
83.8365,103.622,2.6622,0.01,0,2.70307,2.70307,0,0.506378,4.89888,4.29004e+06,2.93582e+06,1.15963e+07,0,0,0,0,59.0705,61.308,2.56598,0,1,1.22494,1.22494,0,0.946054,1.69344,8.91558e+06,3.92412e+06,1.0921e+07,0,0,0,9.00336e+07
84.4446,103.622,3.43802,0.01,0,2.70402,2.70402,0,0.506555,4.89888,4.29004e+06,2.93582e+06,1.16003e+07,0,0,0,0,59.712,61.308,4.76251,0,1,1.22536,1.22536,0,0.946385,1.69344,8.91558e+06,3.92412e+06,1.09248e+07,0,0,0,9.00336e+07
83.917,103.622,2.16914,0.01,0,2.70496,2.70496,0,0.506733,4.89888,4.29004e+06,2.93582e+06,1.16044e+07,0,0,0,0,59.8555,61.308,2.81372,0,1,1.22579,1.22579,0,0.946717,1.69344,8.91558e+06,3.92412e+06,1.09287e+07,0,0,0,9.00336e+07
83.1961,103.622,1.91798,0,0,2.70591,2.70591,0,0.50691,4.89888,4.29004e+06,2.93582e+06,1.16085e+07,0,0,0,0,59.9437,61.308,2.10944,0,1,1.22622,1.22622,0,0.947048,1.69344,8.91558e+06,3.92412e+06,1.09325e+07,0,0,0,9.00336e+07
82.3369,103.622,1.82516,0,0,2.70591,2.70591,0,0.507088,4.89888,4.29004e+06,2.93582e+06,1.16085e+07,0,0,0,0,60.4714,61.308,2.97282,0,1,1.22622,1.22622,0,0.94738,1.69344,8.91558e+06,3.92412e+06,1.09325e+07,0,0,0,9.00336e+07
83.6113,103.622,4.42573,0.01,0,2.79163,2.79163,0,0.507088,5.32224,4.29004e+06,2.93582e+06,1.19762e+07,0,0,0,0,61.9102,61.308,6.57082,0,1,1.2663,1.2663,0,0.94738,1.69344,8.91558e+06,3.92412e+06,1.12898e+07,0,0,0,9.00336e+07
84.1314,103.622,3.49405,0,0,2.79257,2.79257,0,0.523151,5.32224,4.29004e+06,2.93582e+06,1.19802e+07,0,0,0,0,62.3362,61.308,5.26157,0,1,1.26673,1.26673,0,0.978346,1.69344,8.91558e+06,3.92412e+06,1.12936e+07,0,0,0,9.00336e+07
84.023,103.622,2.70127,0,0,2.79351,2.79351,0,0.523328,5.32224,4.29004e+06,2.93582e+06,1.19843e+07,0,0,0,0,62.3362,61.308,4.65996,0,1,1.26716,1.26716,0,0.978675,1.69344,8.91558e+06,3.92412e+06,1.12974e+07,0,0,0,9.00336e+07
83.8745,103.622,2.68393,0,0,2.79445,2.79445,0,0.523504,5.32224,4.29004e+06,2.93582e+06,1.19883e+07,0,0,0,0,62.3362,61.308,4.47871,0,1,1.26758,1.26758,0,0.979005,1.69344,8.91558e+06,3.92412e+06,1.13012e+07,0,0,0,9.00336e+07
83.4456,103.622,2.61041,0,0,3.06805,3.06805,0,0.52368,5.32224,4.29004e+06,2.93582e+06,1.31621e+07,0,0,0,0,62.3362,61.308,4.55574,0,1,1.4171,1.4171,0,0.979334,1.69344,8.91558e+06,3.92412e+06,1.26343e+07,0,0,0,9.00336e+07
83.1443,103.622,2.7942,0,0,3.06908,3.06908,0,0.574952,5.32224,4.29004e+06,2.93582e+06,1.31665e+07,0,0,0,0,62.3362,61.308,4.98895,0,1,1.41758,1.41758,0,1.09485,1.69344,8.91558e+06,3.92412e+06,1.26385e+07,0,0,0,9.00336e+07
82.5965,103.622,2.50824,0,0,3.07011,3.07011,0,0.575146,5.32224,4.29004e+06,2.93582e+06,1.31709e+07,0,0,0,0,62.3362,61.308,4.54952,0,1,1.41805,1.41805,0,1.09522,1.69344,8.91558e+06,3.92412e+06,1.26428e+07,0,0,0,9.00336e+07
83.4334,103.622,4.38134,0.01,0,3.07115,3.07115,0,0.575339,5.32224,4.29004e+06,2.93582e+06,1.31753e+07,0,0,0,0,62.3362,61.308,6.32864,0,1,1.41853,1.41853,0,1.09559,1.69344,8.91558e+06,3.92412e+06,1.2647e+07,0,0,0,9.00336e+07
84.1203,103.622,3.4899,0,0,2.68276,2.68276,0,0.575533,5.32224,4.29004e+06,2.93582e+06,1.15092e+07,0,0,0,0,62.3362,61.308,3.85349,0,1,1.21866,1.21866,0,1.09596,1.69344,8.91558e+06,3.92412e+06,1.0865e+07,0,0,0,9.00336e+07
84.7086,103.622,3.3459,0,0,2.68366,2.68366,0,0.502749,5.32224,4.29004e+06,2.93582e+06,1.1513e+07,0,0,0,0,62.3362,61.308,3.98376,0,1,1.21907,1.21907,0,0.941534,1.69344,8.91558e+06,3.92412e+06,1.08687e+07,0,0,0,9.00336e+07
86.7106,103.622,5.0544,0,0,2.68457,2.68457,0,0.502918,5.32224,4.29004e+06,2.93582e+06,1.15169e+07,0,0,0,0,62.3362,61.308,4.92738,0,1,1.21948,1.21948,0,0.941851,1.69344,8.91558e+06,3.92412e+06,1.08723e+07,0,0,0,9.00336e+07
88.8279,103.622,5.36976,0,0,2.68547,2.68547,0,0.503087,5.32224,4.29004e+06,2.93582e+06,1.15208e+07,0,0,0,0,62.3362,61.308,5.71378,0,1,1.21989,1.21989,0,0.942168,1.69344,8.91558e+06,3.92412e+06,1.0876e+07,0,0,0,9.00336e+07
90.4156,103.622,4.67935,0.01,0,2.68637,2.68637,0,0.503257,5.32224,4.29004e+06,2.93582e+06,1.15246e+07,0,0,0,0,62.3362,61.308,4.5603,0,1,1.2203,1.2203,0,0.942485,1.69344,8.91558e+06,3.92412e+06,1.08797e+07,0,0,0,9.00336e+07
91.1179,103.622,3.65484,0.01,0,2.78546,2.78546,0,0.503426,5.32224,4.29004e+06,2.93582e+06,1.19497e+07,0,0,0,0,62.3362,61.308,3.84663,0,1,1.2698,1.2698,0,0.942802,1.69344,8.91558e+06,3.92412e+06,1.1321e+07,0,0,0,9.00336e+07
91.2277,103.622,2.94796,0.01,0,2.7864,2.7864,0,0.521995,5.32224,4.29004e+06,2.93582e+06,1.19538e+07,0,0,0,0,62.3362,61.308,3.21303,0,1,1.27023,1.27023,0,0.98105,1.69344,8.91558e+06,3.92412e+06,1.13248e+07,0,0,0,9.00336e+07
91.3926,103.622,3.12129,0.01,0,2.78733,2.78733,0,0.522171,5.32224,4.29004e+06,2.93582e+06,1.19578e+07,0,0,0,0,62.3362,61.308,3.63926,0,1,1.27066,1.27066,0,0.98138,1.69344,8.91558e+06,3.92412e+06,1.13286e+07,0,0,0,9.00336e+07
91.8527,103.622,3.51181,0.01,0,2.78827,2.78827,0,0.522346,5.32224,4.29004e+06,2.93582e+06,1.19618e+07,0,0,0,0,62.3362,61.308,4.84847,0,1,1.27108,1.27108,0,0.981709,1.69344,8.91558e+06,3.92412e+06,1.13325e+07,0,0,0,9.00336e+07
92.1929,103.622,3.17606,0.01,0,2.75076,2.75076,0,0.522522,5.32224,4.29004e+06,2.93582e+06,1.18009e+07,0,0,0,0,62.3362,61.308,3.02079,0,1,1.25242,1.25242,0,0.982039,1.69344,8.91558e+06,3.92412e+06,1.1166e+07,0,0,0,9.00336e+07
92.0671,103.622,2.62922,0,0,2.75169,2.75169,0,0.515493,5.32224,4.29004e+06,2.93582e+06,1.18049e+07,0,0,0,0,62.3362,61.308,2.90032,0,1,1.25284,1.25284,0,0.967617,1.69344,8.91558e+06,3.92412e+06,1.11698e+07,0,0,0,9.00336e+07
91.859,103.622,2.52994,0,0,2.75261,2.75261,0,0.515667,5.32224,4.29004e+06,2.93582e+06,1.18088e+07,0,0,0,0,62.3362,61.308,2.87267,0,1,1.25326,1.25326,0,0.967942,1.69344,8.91558e+06,3.92412e+06,1.11735e+07,0,0,0,9.00336e+07
91.6452,103.622,2.45887,0,0,2.75354,2.75354,0,0.51584,5.32224,4.29004e+06,2.93582e+06,1.18128e+07,0,0,0,0,62.3362,61.308,2.94791,0,1,1.25368,1.25368,0,0.968268,1.69344,8.91558e+06,3.92412e+06,1.11773e+07,0,0,0,9.00336e+07
91.2414,103.622,2.309,0,0,2.88513,2.88513,0,0.516013,5.32224,4.29004e+06,2.93582e+06,1.23773e+07,0,0,0,0,62.3362,61.308,2.75791,0,1,1.3219,1.3219,0,0.968593,1.69344,8.91558e+06,3.92412e+06,1.17855e+07,0,0,0,9.00336e+07
90.6545,103.622,2.10411,0,0,2.88609,2.88609,0,0.540673,5.32224,4.29004e+06,2.93582e+06,1.23815e+07,0,0,0,0,62.3362,61.308,2.8774,0,1,1.32235,1.32235,0,1.0213,1.69344,8.91558e+06,3.92412e+06,1.17895e+07,0,0,0,9.00336e+07
89.8922,103.622,1.89967,0,0,2.88706,2.88706,0,0.540854,5.32224,4.29004e+06,2.93582e+06,1.23856e+07,0,0,0,0,62.3362,61.308,2.66894,0,1,1.32279,1.32279,0,1.02165,1.69344,8.91558e+06,3.92412e+06,1.17935e+07,0,0,0,9.00336e+07
89.0914,103.622,1.83188,0,0,2.88803,2.88803,0,0.541036,5.32224,4.29004e+06,2.93582e+06,1.23898e+07,0,0,0,0,62.3362,61.308,2.40932,0,1,1.32324,1.32324,0,1.02199,1.69344,8.91558e+06,3.92412e+06,1.17974e+07,0,0,0,9.00336e+07
88.1334,103.622,1.62365,0,0,2.889,2.889,0,0.541217,5.32224,4.29004e+06,2.93582e+06,1.23939e+07,0,0,0,0,62.0794,61.308,2.146,0,1,1.32368,1.32368,0,1.02233,1.69344,8.91558e+06,3.92412e+06,1.18014e+07,0,0,0,9.00336e+07
87.182,103.622,1.54876,0,0,2.86409,2.86409,0,0.541399,5.32224,4.29004e+06,2.93582e+06,1.22871e+07,0,0,0,0,61.9416,61.308,1.70347,0,1,1.36145,1.36145,0,1.02268,1.69344,8.91558e+06,3.92412e+06,1.21381e+07,0,0,0,9.00336e+07
86.1884,103.622,1.48164,0,0,2.86505,2.86505,0,0.53673,5.32224,4.29004e+06,2.93582e+06,1.22912e+07,0,0,0,0,61.6681,61.308,1.69519,0,1,1.36191,1.36191,0,1.05186,1.69344,8.91558e+06,3.92412e+06,1.21422e+07,0,0,0,9.00336e+07
85.0674,103.622,1.31351,0,0,2.86601,2.86601,0,0.53691,5.32224,4.29004e+06,2.93582e+06,1.22953e+07,0,0,0,0,61.398,61.308,1.55621,0,1,1.36237,1.36237,0,1.05221,1.69344,8.91558e+06,3.92412e+06,1.21463e+07,0,0,0,9.00336e+07
83.9217,103.622,1.26887,0,0,2.86697,2.86697,0,0.53709,5.32224,4.29004e+06,2.93582e+06,1.22994e+07,0,0,0,0,61.085,61.308,1.61944,0,1,1.36282,1.36282,0,1.05256,1.69344,8.91558e+06,3.92412e+06,1.21504e+07,0,0,0,9.00336e+07
82.8703,103.622,1.41119,0,0,2.93487,2.93487,0,0.537271,5.32224,4.29004e+06,2.93582e+06,1.25907e+07,0,0,0,0,60.7985,61.308,1.64762,0,1,1.39659,1.39659,0,1.05292,1.69344,8.91558e+06,3.92412e+06,1.24514e+07,0,0,0,9.00336e+07
81.7344,103.622,1.2914,0.01,0,2.93585,2.93585,0,0.549994,5.32224,4.29004e+06,2.93582e+06,1.25949e+07,0,0,0,0,60.2846,61.308,1.57073,0,1,1.39706,1.39706,0,1.07901,1.69344,8.91558e+06,3.92412e+06,1.24556e+07,0,0,0,9.00336e+07
80.5205,103.622,1.18081,0.01,0,2.93683,2.93683,0,0.550178,5.32224,4.29004e+06,2.93582e+06,1.25991e+07,0,0,0,0,59.9086,61.308,1.38089,0,1,1.39753,1.39753,0,1.07937,1.69344,8.91558e+06,3.92412e+06,1.24598e+07,0,0,0,9.00336e+07
79.389,103.622,1.26878,0.01,0,2.93782,2.93782,0,0.550363,5.32224,4.29004e+06,2.93582e+06,1.26034e+07,0,0,0,0,59.4775,61.308,1.6313,0,1,1.398,1.398,0,1.07973,1.69344,8.91558e+06,3.92412e+06,1.2464e+07,0,0,0,9.00336e+07
78.1034,103.622,1.21367,0.01,0,3.13507,3.13507,0,0.550547,5.32224,4.29004e+06,2.93582e+06,1.34496e+07,0,0,0,0,58.699,61.308,1.46166,0,1,1.51887,1.51887,0,1.08009,1.69344,8.91558e+06,3.92412e+06,1.35416e+07,0,0,0,9.00336e+07
76.737,103.622,1.0951,0.01,0,3.13613,3.13613,0,0.587513,5.32224,4.29004e+06,2.93582e+06,1.34541e+07,0,0,0,0,57.7799,61.308,1.21749,0,1,1.51938,1.51938,0,1.17348,1.69344,8.91558e+06,3.92412e+06,1.35461e+07,0,0,0,9.00336e+07
75.2295,103.622,0.930716,0.01,0,3.13718,3.13718,0,0.58771,5.32224,4.29004e+06,2.93582e+06,1.34586e+07,0,0,0,0,57.0026,61.308,1.06948,0,1,1.51989,1.51989,0,1.17387,1.69344,8.91558e+06,3.92412e+06,1.35507e+07,0,0,0,9.00336e+07
73.829,103.622,1.02349,0.02,0,3.13823,3.13823,0,0.587907,5.32224,4.29004e+06,2.93582e+06,1.34631e+07,0,0,0,0,56.3775,61.308,1.42682,0,1,1.5204,1.5204,0,1.17427,1.69344,8.91558e+06,3.92412e+06,1.35552e+07,0,0,0,9.00336e+07
72.4482,103.622,1.03657,0.02,0,3.13928,3.13928,0,0.588104,5.32224,4.29004e+06,2.93582e+06,1.34676e+07,0,0,0,0,55.5937,61.308,1.32082,0,1,1.52091,1.52091,0,1.17466,1.69344,8.91558e+06,3.92412e+06,1.35598e+07,0,0,0,9.00336e+07
71.3616,103.622,1.2943,0.03,0,3.04452,3.04452,0,0.588301,5.32224,4.29004e+06,2.93582e+06,1.30611e+07,0,0,0,0,55.3328,61.308,1.24938,0,1,1.44821,1.44821,0,1.17505,1.69344,8.91558e+06,3.92412e+06,1.29117e+07,0,0,0,9.00336e+07
70.3248,103.622,1.38863,0.02,0,3.04554,3.04554,0,0.570542,5.32224,4.29004e+06,2.93582e+06,1.30655e+07,0,0,0,0,55.4518,61.308,1.88002,0,1,1.4487,1.4487,0,1.11889,1.69344,8.91558e+06,3.92412e+06,1.2916e+07,0,0,0,9.00336e+07
69.2982,103.622,1.37843,0.02,0,3.04656,3.04656,0,0.570733,5.32224,4.29004e+06,2.93582e+06,1.30699e+07,0,0,0,0,55.6789,61.308,2.18754,0,1,1.44918,1.44918,0,1.11926,1.69344,8.91558e+06,3.92412e+06,1.29203e+07,0,0,0,9.00336e+07
68.159,103.622,1.21098,0.02,0,3.04758,3.04758,0,0.570925,5.32224,4.29004e+06,2.93582e+06,1.30742e+07,0,0,0,0,55.8206,61.308,1.99587,0,1,1.44967,1.44967,0,1.11964,1.69344,8.91558e+06,3.92412e+06,1.29247e+07,0,0,0,9.00336e+07
67.745,103.622,2.14278,0.02,0,2.96984,2.96984,0,0.571116,5.32224,4.29004e+06,2.93582e+06,1.27408e+07,0,0,0,0,56.3739,61.308,3.37748,0,1,1.38343,1.38343,0,1.12001,1.69344,8.91558e+06,3.92412e+06,1.23341e+07,0,0,0,9.00336e+07
68.0946,103.622,3.05662,0.02,0,2.97084,2.97084,0,0.556549,5.32224,4.29004e+06,2.93582e+06,1.2745e+07,0,0,0,0,57.4548,61.308,4.51705,0,1,1.3839,1.3839,0,1.06884,1.69344,8.91558e+06,3.92412e+06,1.23382e+07,0,0,0,9.00336e+07
68.9526,103.622,3.58833,0.02,0,2.97183,2.97183,0,0.556735,5.32224,4.29004e+06,2.93582e+06,1.27493e+07,0,0,0,0,58.4592,61.308,4.675,0,1,1.38436,1.38436,0,1.0692,1.69344,8.91558e+06,3.92412e+06,1.23424e+07,0,0,0,9.00336e+07
70.6328,103.622,4.50034,0.02,0,2.97283,2.97283,0,0.556921,5.32224,4.29004e+06,2.93582e+06,1.27536e+07,0,0,0,0,59.8704,61.308,5.65834,0,1,1.38482,1.38482,0,1.06956,1.69344,8.91558e+06,3.92412e+06,1.23465e+07,0,0,0,9.00336e+07
73.8514,103.622,6.03809,0.02,0,2.74986,2.74986,0,0.557108,5.32224,4.29004e+06,2.93582e+06,1.1797e+07,0,0,0,0,61.6158,61.308,5.46628,0,1,1.24614,1.24614,0,1.06991,1.69344,8.91558e+06,3.92412e+06,1.11101e+07,0,0,0,9.00336e+07
77.8861,103.622,7.09719,0.01,0,2.75078,2.75078,0,0.515324,5.32224,4.29004e+06,2.93582e+06,1.1801e+07,0,0,0,0,62.3362,61.308,6.3252,0,1,1.24656,1.24656,0,0.962767,1.69344,8.91558e+06,3.92412e+06,1.11138e+07,0,0,0,9.00336e+07
82.2454,103.622,7.62157,0.01,0,2.7517,2.7517,0,0.515496,5.32224,4.29004e+06,2.93582e+06,1.18049e+07,0,0,0,0,62.3362,61.308,7.35609,0,1,1.24697,1.24697,0,0.963089,1.69344,8.91558e+06,3.92412e+06,1.11175e+07,0,0,0,9.00336e+07
85.7754,103.622,6.6152,0.01,0,2.75262,2.75262,0,0.515669,5.32224,4.29004e+06,2.93582e+06,1.18089e+07,0,0,0,0,62.3362,61.308,5.60744,0,1,1.24739,1.24739,0,0.963412,1.69344,8.91558e+06,3.92412e+06,1.11212e+07,0,0,0,9.00336e+07
90.7604,103.622,8.37444,0,0,2.75354,2.75354,0,0.515841,5.32224,4.29004e+06,2.93582e+06,1.18128e+07,0,0,0,0,62.3362,61.308,7.76274,0,1,1.24781,1.24781,0,0.963734,1.69344,8.91558e+06,3.92412e+06,1.11249e+07,0,0,0,9.00336e+07
92.8997,103.622,5.30901,0,0,2.84073,2.84073,0,0.516014,5.32224,4.29004e+06,2.93582e+06,1.21868e+07,0,0,0,0,62.3362,61.308,4.52638,0,1,1.28857,1.28857,0,0.964056,1.69344,8.91558e+06,3.92412e+06,1.14884e+07,0,0,0,9.00336e+07
94.2247,103.622,4.37071,0,0,2.84164,2.84164,0,0.532352,5.32224,4.29004e+06,2.93582e+06,1.21908e+07,0,0,0,0,62.3362,61.308,3.91368,0,1,1.28899,1.28899,0,0.995552,1.69344,8.91558e+06,3.92412e+06,1.14921e+07,0,0,0,9.00336e+07
95.7668,103.622,4.66632,0,0,2.84255,2.84255,0,0.532523,5.32224,4.29004e+06,2.93582e+06,1.21947e+07,0,0,0,0,62.3362,61.308,4.42178,0,1,1.2894,1.2894,0,0.995872,1.69344,8.91558e+06,3.92412e+06,1.14958e+07,0,0,0,9.00336e+07
97.6477,103.622,5.00461,0,0,2.84346,2.84346,0,0.532694,5.32224,4.29004e+06,2.93582e+06,1.21986e+07,0,0,0,0,62.3362,61.308,4.08929,0,1,1.28982,1.28982,0,0.996192,1.69344,8.91558e+06,3.92412e+06,1.14995e+07,0,0,0,9.00336e+07
99.7343,103.622,5.42224,0,0,3.12181,3.12181,0,0.532865,5.32224,4.29004e+06,2.93582e+06,1.33927e+07,0,0,0,0,62.3362,61.308,4.41669,0,1,1.44193,1.44193,0,0.996511,1.69344,8.91558e+06,3.92412e+06,1.28557e+07,0,0,0,9.00336e+07
101.556,103.622,5.44671,0,0,3.12281,3.12281,0,0.585027,5.32224,4.29004e+06,2.93582e+06,1.3397e+07,0,0,0,0,62.3362,61.308,6.86445,0,1,1.4424,1.4424,0,1.11404,1.69344,8.91558e+06,3.92412e+06,1.28598e+07,0,0,0,9.00336e+07
103.622,103.622,7.20727,0,0,3.12382,3.12382,0,0.585215,5.32224,4.29004e+06,2.93582e+06,1.34013e+07,0,0,0,0,62.3362,61.308,7.21032,0,1,1.44286,1.44286,0,1.1144,1.69344,8.91558e+06,3.92412e+06,1.28639e+07,0,0,0,9.00336e+07
103.622,103.622,6.5528,0,0,3.12482,3.12482,0,0.585403,5.32224,4.29004e+06,2.93582e+06,1.34056e+07,0,0,0,0,62.3362,61.308,8.73551,0,1,1.44332,1.44332,0,1.11475,1.69344,8.91558e+06,3.92412e+06,1.28681e+07,0,0,0,9.00336e+07
103.622,103.622,8.94654,0,0,2.7296,2.7296,0,0.585591,5.32224,4.29004e+06,2.93582e+06,1.17101e+07,0,0,0,0,62.3362,61.308,5.00901,0,1,1.23994,1.23994,0,1.11511,1.69344,8.91558e+06,3.92412e+06,1.10548e+07,0,0,0,9.00336e+07
103.622,103.622,4.29247,0,0,2.73048,2.73048,0,0.511528,5.32224,4.29004e+06,2.93582e+06,1.17139e+07,0,0,0,0,62.3362,61.308,4.12783,0,1,1.24033,1.24033,0,0.957974,1.69344,8.91558e+06,3.92412e+06,1.10583e+07,0,0,0,9.00336e+07
103.622,103.622,5.8922,0,0,2.73136,2.73136,0,0.511692,5.32224,4.29004e+06,2.93582e+06,1.17176e+07,0,0,0,0,62.3362,61.308,4.29054,0,1,1.24073,1.24073,0,0.958282,1.69344,8.91558e+06,3.92412e+06,1.10618e+07,0,0,0,9.00336e+07
103.622,103.622,6.38632,0,0,2.73223,2.73223,0,0.511856,5.32224,4.29004e+06,2.93582e+06,1.17214e+07,0,0,0,0,62.3362,61.308,4.36472,0,1,1.24113,1.24113,0,0.958589,1.69344,8.91558e+06,3.92412e+06,1.10654e+07,0,0,0,9.00336e+07
103.622,103.622,5.95134,0,0,2.73311,2.73311,0,0.51202,5.32224,4.29004e+06,2.93582e+06,1.17252e+07,0,0,0,0,62.3362,61.308,4.69818,0,1,1.24153,1.24153,0,0.958897,1.69344,8.91558e+06,3.92412e+06,1.10689e+07,0,0,0,9.00336e+07
103.622,103.622,5.2876,0,0,2.83388,2.83388,0,0.512184,5.32224,4.29004e+06,2.93582e+06,1.21575e+07,0,0,0,0,62.3362,61.308,4.9057,0,1,1.29188,1.29188,0,0.959204,1.69344,8.91558e+06,3.92412e+06,1.15178e+07,0,0,0,9.00336e+07
103.622,103.622,4.84134,0,0,2.83479,2.83479,0,0.531069,5.32224,4.29004e+06,2.93582e+06,1.21614e+07,0,0,0,0,62.3362,61.308,4.36506,0,1,1.29229,1.29229,0,0.998103,1.69344,8.91558e+06,3.92412e+06,1.15215e+07,0,0,0,9.00336e+07
103.622,103.622,4.30674,0,0,2.8357,2.8357,0,0.531239,5.32224,4.29004e+06,2.93582e+06,1.21653e+07,0,0,0,0,62.3362,61.308,4.55078,0,1,1.2927,1.2927,0,0.998423,1.69344,8.91558e+06,3.92412e+06,1.15252e+07,0,0,0,9.00336e+07
103.622,103.622,4.21274,0,0,2.83661,2.83661,0,0.531409,5.32224,4.29004e+06,2.93582e+06,1.21692e+07,0,0,0,0,62.3362,61.308,4.11644,0,1,1.29312,1.29312,0,0.998743,1.69344,8.91558e+06,3.92412e+06,1.15289e+07,0,0,0,9.00336e+07
103.622,103.622,3.95822,0,0,2.79841,2.79841,0,0.53158,5.32224,4.29004e+06,2.93582e+06,1.20053e+07,0,0,0,0,62.3362,61.308,4.21602,0,1,1.27411,1.27411,0,0.999063,1.69344,8.91558e+06,3.92412e+06,1.13594e+07,0,0,0,9.00336e+07
103.622,103.622,3.41006,0,0,2.7993,2.7993,0,0.524421,5.32224,4.29004e+06,2.93582e+06,1.20091e+07,0,0,0,0,62.3362,61.308,3.71072,0,1,1.27452,1.27452,0,0.984376,1.69344,8.91558e+06,3.92412e+06,1.13631e+07,0,0,0,9.00336e+07
103.622,103.622,3.35385,0,0,2.8002,2.8002,0,0.524589,5.32224,4.29004e+06,2.93582e+06,1.2013e+07,0,0,0,0,62.3362,61.308,4.04788,0,1,1.27492,1.27492,0,0.984691,1.69344,8.91558e+06,3.92412e+06,1.13667e+07,0,0,0,9.00336e+07
103.622,103.622,3.12339,0,0,2.8011,2.8011,0,0.524758,5.32224,4.29004e+06,2.93582e+06,1.20168e+07,0,0,0,0,62.3362,61.308,3.71794,0,1,1.27533,1.27533,0,0.985007,1.69344,8.91558e+06,3.92412e+06,1.13703e+07,0,0,0,9.00336e+07
103.622,103.622,3.02468,0,0,2.93491,2.93491,0,0.524926,5.32224,4.29004e+06,2.93582e+06,1.25909e+07,0,0,0,0,62.3362,61.308,3.47408,0,1,1.34472,1.34472,0,0.985322,1.69344,8.91558e+06,3.92412e+06,1.19889e+07,0,0,0,9.00336e+07
103.315,103.622,2.55187,0,0,2.93585,2.93585,0,0.550003,5.32224,4.29004e+06,2.93582e+06,1.25949e+07,0,0,0,0,62.3362,61.308,3.35196,0,1,1.34515,1.34515,0,1.03893,1.69344,8.91558e+06,3.92412e+06,1.19928e+07,0,0,0,9.00336e+07
102.92,103.622,2.45261,0,0,2.93679,2.93679,0,0.550179,5.32224,4.29004e+06,2.93582e+06,1.2599e+07,0,0,0,0,62.3362,61.308,3.38893,0,1,1.34558,1.34558,0,1.03926,1.69344,8.91558e+06,3.92412e+06,1.19966e+07,0,0,0,9.00336e+07
102.432,103.622,2.34205,0,0,2.93773,2.93773,0,0.550355,5.32224,4.29004e+06,2.93582e+06,1.2603e+07,0,0,0,0,62.3362,61.308,3.28923,0,1,1.34601,1.34601,0,1.03959,1.69344,8.91558e+06,3.92412e+06,1.20004e+07,0,0,0,9.00336e+07
101.902,103.622,2.28946,0,0,2.93867,2.93867,0,0.550531,5.32224,4.29004e+06,2.93582e+06,1.2607e+07,0,0,0,0,62.3362,61.308,3.21228,0,1,1.34644,1.34644,0,1.03993,1.69344,8.91558e+06,3.92412e+06,1.20043e+07,0,0,0,9.00336e+07
101.828,103.622,2.76672,0,0,2.91329,2.91329,0,0.550708,5.32224,4.29004e+06,2.93582e+06,1.24981e+07,0,0,0,0,62.3362,61.308,3.83749,0,1,1.38484,1.38484,0,1.04026,1.69344,8.91558e+06,3.92412e+06,1.23467e+07,0,0,0,9.00336e+07
101.536,103.622,2.53973,0,0,2.91422,2.91422,0,0.54595,5.32224,4.29004e+06,2.93582e+06,1.25021e+07,0,0,0,0,62.3362,61.308,3.82825,0,1,1.38528,1.38528,0,1.06993,1.69344,8.91558e+06,3.92412e+06,1.23506e+07,0,0,0,9.00336e+07
101.035,103.622,2.30806,0,0,2.91515,2.91515,0,0.546125,5.32224,4.29004e+06,2.93582e+06,1.25061e+07,0,0,0,0,62.3362,61.308,3.41917,0,1,1.38573,1.38573,0,1.07027,1.69344,8.91558e+06,3.92412e+06,1.23546e+07,0,0,0,9.00336e+07
100.471,103.622,2.19302,0,0,2.91609,2.91609,0,0.5463,5.32224,4.29004e+06,2.93582e+06,1.25101e+07,0,0,0,0,62.3362,61.308,3.36708,0,1,1.38617,1.38617,0,1.07061,1.69344,8.91558e+06,3.92412e+06,1.23585e+07,0,0,0,9.00336e+07
100.183,103.622,2.5218,0,0,2.9851,2.9851,0,0.546475,5.32224,4.29004e+06,2.93582e+06,1.28062e+07,0,0,0,0,62.3362,61.308,3.32528,0,1,1.4205,1.4205,0,1.07095,1.69344,8.91558e+06,3.92412e+06,1.26646e+07,0,0,0,9.00336e+07
99.956,103.622,2.59236,0,0,2.98605,2.98605,0,0.559407,5.32224,4.29004e+06,2.93582e+06,1.28103e+07,0,0,0,0,62.3362,61.308,3.36849,0,1,1.42095,1.42095,0,1.09748,1.69344,8.91558e+06,3.92412e+06,1.26686e+07,0,0,0,9.00336e+07
99.466,103.622,2.30932,0,0,2.98701,2.98701,0,0.559586,5.32224,4.29004e+06,2.93582e+06,1.28144e+07,0,0,0,0,62.3362,61.308,3.0687,0,1,1.42141,1.42141,0,1.09783,1.69344,8.91558e+06,3.92412e+06,1.26727e+07,0,0,0,9.00336e+07
98.795,103.622,2.109,0,0,2.98796,2.98796,0,0.559765,5.32224,4.29004e+06,2.93582e+06,1.28185e+07,0,0,0,0,62.3362,61.308,2.99767,0,1,1.42186,1.42186,0,1.09818,1.69344,8.91558e+06,3.92412e+06,1.26767e+07,0,0,0,9.00336e+07
97.8908,103.622,2.0103,0,0,3.18854,3.18854,0,0.559944,5.32224,4.29004e+06,2.93582e+06,1.3679e+07,0,0,0,0,62.3362,61.308,2.95598,1,1,1.54477,1.54477,0,1.09853,1.69344,8.91558e+06,3.92412e+06,1.37725e+07,0,0,0,9.00336e+07
97.4709,103.622,2.4798,0,0,3.18956,3.18956,0,0.597532,5.32224,4.29004e+06,2.93582e+06,1.36833e+07,0,0,0,0,62.3362,61.308,2.99976,1,1,1.54526,1.54526,0,1.19349,1.69344,8.91558e+06,3.92412e+06,1.37769e+07,0,0,0,9.00336e+07
97.1975,103.622,2.67035,0,0,3.19058,3.19058,0,0.597723,5.32224,4.29004e+06,2.93582e+06,1.36877e+07,0,0,0,0,62.3362,61.308,3.69482,1,1,1.54576,1.54576,0,1.19387,1.69344,8.91558e+06,3.92412e+06,1.37813e+07,0,0,0,9.00336e+07
96.5116,103.622,2.20764,0,0,3.1916,3.1916,0,0.597914,5.32224,4.29004e+06,2.93582e+06,1.36921e+07,0,0,0,0,62.3362,61.308,2.57915,1,1,1.54625,1.54625,0,1.19425,1.69344,8.91558e+06,3.92412e+06,1.37857e+07,0,0,0,9.00336e+07
96.3067,103.622,2.77363,0,0,3.19262,3.19262,0,0.598105,5.32224,4.29004e+06,2.93582e+06,1.36965e+07,0,0,0,0,62.3362,61.308,4.8831,1,1,1.54675,1.54675,0,1.19463,1.69344,8.91558e+06,3.92412e+06,1.37902e+07,0,0,0,9.00336e+07
95.2129,103.622,1.62524,0,0,3.0962,3.0962,0,0.598296,5.32224,4.29004e+06,2.93582e+06,1.32828e+07,0,0,0,0,62.3362,61.308,2.59968,0,1,1.4728,1.4728,0,1.19502,1.69344,8.91558e+06,3.92412e+06,1.31308e+07,0,0,0,9.00336e+07
94.545,103.622,2.05078,0,0,3.09719,3.09719,0,0.580227,5.32224,4.29004e+06,2.93582e+06,1.32871e+07,0,0,0,0,62.3362,61.308,2.76746,0,1,1.47327,1.47327,0,1.13788,1.69344,8.91558e+06,3.92412e+06,1.3135e+07,0,0,0,9.00336e+07
94.6838,103.622,3.00483,0,0,3.09818,3.09818,0,0.580412,5.32224,4.29004e+06,2.93582e+06,1.32913e+07,0,0,0,0,62.3362,61.308,4.63589,0,1,1.47374,1.47374,0,1.13825,1.69344,8.91558e+06,3.92412e+06,1.31392e+07,0,0,0,9.00336e+07
94.3739,103.622,2.5469,0.01,0,3.09917,3.09917,0,0.580598,5.32224,4.29004e+06,2.93582e+06,1.32956e+07,0,0,0,0,62.3362,61.308,3.51978,0,1,1.47421,1.47421,0,1.13861,1.69344,8.91558e+06,3.92412e+06,1.31434e+07,0,0,0,9.00336e+07
93.6253,103.622,1.99394,0,0,3.02007,3.02007,0,0.580784,5.32224,4.29004e+06,2.93582e+06,1.29562e+07,0,0,0,0,62.1971,61.308,2.26143,0,1,1.40683,1.40683,0,1.13897,1.69344,8.91558e+06,3.92412e+06,1.25427e+07,0,0,0,9.00336e+07
92.9001,103.622,2.10066,0,0,3.02104,3.02104,0,0.565961,5.32224,4.29004e+06,2.93582e+06,1.29604e+07,0,0,0,0,61.7614,61.308,1.79223,0,1,1.40728,1.40728,0,1.08692,1.69344,8.91558e+06,3.92412e+06,1.25467e+07,0,0,0,9.00336e+07
91.9295,103.622,1.86173,0.01,0,3.022,3.022,0,0.566142,5.32224,4.29004e+06,2.93582e+06,1.29645e+07,0,0,0,0,61.6286,61.308,1.27525,0,1,1.40773,1.40773,0,1.08726,1.69344,8.91558e+06,3.92412e+06,1.25507e+07,0,0,0,9.00336e+07
91.495,103.622,2.51967,0.01,0,3.02297,3.02297,0,0.566323,5.32224,4.29004e+06,2.93582e+06,1.29687e+07,0,0,0,0,62.0946,61.308,3.12292,0,1,1.40818,1.40818,0,1.08761,1.69344,8.91558e+06,3.92412e+06,1.25547e+07,0,0,0,9.00336e+07
96.0806,103.622,7.831,0.01,0,2.79619,2.79619,0,0.566504,5.32224,4.29004e+06,2.93582e+06,1.19958e+07,0,0,0,0,62.3362,61.308,6.47548,0,1,1.26714,1.26714,0,1.08796,1.69344,8.91558e+06,3.92412e+06,1.12973e+07,0,0,0,9.00336e+07
99.3656,103.622,6.39522,0,0,2.79709,2.79709,0,0.524007,5.32224,4.29004e+06,2.93582e+06,1.19996e+07,0,0,0,0,62.3362,61.308,5.65703,0,1,1.26754,1.26754,0,0.97899,1.69344,8.91558e+06,3.92412e+06,1.13009e+07,0,0,0,9.00336e+07
100.654,103.622,4.25332,0,0,2.79798,2.79798,0,0.524174,5.32224,4.29004e+06,2.93582e+06,1.20035e+07,0,0,0,0,62.3362,61.308,3.00003,0,1,1.26795,1.26795,0,0.979302,1.69344,8.91558e+06,3.92412e+06,1.13045e+07,0,0,0,9.00336e+07
103.298,103.622,5.79541,0,0,2.79887,2.79887,0,0.524342,5.32224,4.29004e+06,2.93582e+06,1.20073e+07,0,0,0,0,62.3362,61.308,3.96918,0,1,1.26835,1.26835,0,0.979615,1.69344,8.91558e+06,3.92412e+06,1.13081e+07,0,0,0,9.00336e+07
103.622,103.622,5.30949,0,0,2.79977,2.79977,0,0.524509,5.32224,4.29004e+06,2.93582e+06,1.20111e+07,0,0,0,0,62.3362,61.308,3.6646,0,1,1.26876,1.26876,0,0.979928,1.69344,8.91558e+06,3.92412e+06,1.13117e+07,0,0,0,9.00336e+07
103.622,103.622,5.8006,0,0,2.88837,2.88837,0,0.524676,5.32224,4.29004e+06,2.93582e+06,1.23912e+07,0,0,0,0,62.3362,61.308,3.10448,0,1,1.31019,1.31019,0,0.980241,1.69344,8.91558e+06,3.92412e+06,1.16811e+07,0,0,0,9.00336e+07
103.622,103.622,3.38925,0,0,2.88926,2.88926,0,0.541281,5.32224,4.29004e+06,2.93582e+06,1.2395e+07,0,0,0,0,62.3362,61.308,2.7354,0,1,1.31059,1.31059,0,1.01225,1.69344,8.91558e+06,3.92412e+06,1.16847e+07,0,0,0,9.00336e+07
103.622,103.622,9.33436,0,0,2.89014,2.89014,0,0.541447,5.32224,4.29004e+06,2.93582e+06,1.23988e+07,0,0,0,0,62.3362,61.308,6.02824,0,1,1.31099,1.31099,0,1.01256,1.69344,8.91558e+06,3.92412e+06,1.16882e+07,0,0,0,9.00336e+07
103.622,103.622,8.48304,0,0,2.89103,2.89103,0,0.541612,5.32224,4.29004e+06,2.93582e+06,1.24026e+07,0,0,0,0,62.3362,61.308,7.86253,0,1,1.31139,1.31139,0,1.01287,1.69344,8.91558e+06,3.92412e+06,1.16918e+07,0,0,0,9.00336e+07
103.622,103.622,5.23988,0,0,3.17398,3.17398,0,0.541778,5.32224,4.29004e+06,2.93582e+06,1.36165e+07,0,0,0,0,62.3362,61.308,5.52004,0,1,1.46603,1.46603,0,1.01318,1.69344,8.91558e+06,3.92412e+06,1.30705e+07,0,0,0,9.00336e+07
103.622,103.622,5.40533,0,0,3.17495,3.17495,0,0.594804,5.32224,4.29004e+06,2.93582e+06,1.36207e+07,0,0,0,0,62.3362,61.308,5.56506,0,1,1.46648,1.46648,0,1.13265,1.69344,8.91558e+06,3.92412e+06,1.30745e+07,0,0,0,9.00336e+07
103.622,103.622,6.24503,0,0,3.17592,3.17592,0,0.594986,5.32224,4.29004e+06,2.93582e+06,1.36248e+07,0,0,0,0,62.3362,61.308,4.49498,0,1,1.46693,1.46693,0,1.133,1.69344,8.91558e+06,3.92412e+06,1.30785e+07,0,0,0,9.00336e+07
103.622,103.622,5.29735,0,0,3.17689,3.17689,0,0.595168,5.32224,4.29004e+06,2.93582e+06,1.3629e+07,0,0,0,0,62.3362,61.308,4.04641,0,1,1.46738,1.46738,0,1.13335,1.69344,8.91558e+06,3.92412e+06,1.30825e+07,0,0,0,9.00336e+07
103.622,103.622,5.68497,0,0,2.77505,2.77505,0,0.59535,5.32224,4.29004e+06,2.93582e+06,1.19051e+07,0,0,0,0,62.3362,61.308,4.9477,0,1,1.26058,1.26058,0,1.13369,1.69344,8.91558e+06,3.92412e+06,1.12388e+07,0,0,0,9.00336e+07
103.622,103.622,4.52812,0,0,2.7759,2.7759,0,0.520045,5.32224,4.29004e+06,2.93582e+06,1.19087e+07,0,0,0,0,62.2867,61.308,3.45867,0,1,1.26097,1.26097,0,0.973925,1.69344,8.91558e+06,3.92412e+06,1.12423e+07,0,0,0,9.00336e+07
103.622,103.622,3.68466,0,0,2.77675,2.77675,0,0.520204,5.32224,4.29004e+06,2.93582e+06,1.19124e+07,0,0,0,0,62.2689,61.308,2.36782,0,1,1.26135,1.26135,0,0.974223,1.69344,8.91558e+06,3.92412e+06,1.12457e+07,0,0,0,9.00336e+07
103.622,103.622,3.48906,0,0,2.7776,2.7776,0,0.520363,5.32224,4.29004e+06,2.93582e+06,1.1916e+07,0,0,0,0,62.3362,61.308,2.49098,0,1,1.26174,1.26174,0,0.974521,1.69344,8.91558e+06,3.92412e+06,1.12491e+07,0,0,0,9.00336e+07
103.622,103.622,6.24017,0,0,2.77845,2.77845,0,0.520522,5.32224,4.29004e+06,2.93582e+06,1.19197e+07,0,0,0,0,62.3362,61.308,4.44236,0,1,1.26212,1.26212,0,0.974819,1.69344,8.91558e+06,3.92412e+06,1.12526e+07,0,0,0,9.00336e+07
103.622,103.622,4.63051,0,0,2.88085,2.88085,0,0.520681,5.32224,4.29004e+06,2.93582e+06,1.2359e+07,0,0,0,0,62.3362,61.308,3.20464,0,1,1.31329,1.31329,0,0.975117,1.69344,8.91558e+06,3.92412e+06,1.17087e+07,0,0,0,9.00336e+07
103.622,103.622,5.45758,0,0,2.88173,2.88173,0,0.539871,5.32224,4.29004e+06,2.93582e+06,1.23627e+07,0,0,0,0,62.3362,61.308,4.1266,0,1,1.31369,1.31369,0,1.01464,1.69344,8.91558e+06,3.92412e+06,1.17123e+07,0,0,0,9.00336e+07
103.622,103.622,3.86802,0,0,2.88261,2.88261,0,0.540036,5.32224,4.29004e+06,2.93582e+06,1.23665e+07,0,0,0,0,62.3362,61.308,2.48025,0,1,1.31409,1.31409,0,1.01496,1.69344,8.91558e+06,3.92412e+06,1.17159e+07,0,0,0,9.00336e+07
103.622,103.622,3.58918,0,0,2.88349,2.88349,0,0.540201,5.32224,4.29004e+06,2.93582e+06,1.23703e+07,0,0,0,0,62.3362,61.308,2.60617,0,1,1.31449,1.31449,0,1.01527,1.69344,8.91558e+06,3.92412e+06,1.17195e+07,0,0,0,9.00336e+07
103.622,103.622,3.28104,0,0,2.84462,2.84462,0,0.540366,5.32224,4.29004e+06,2.93582e+06,1.22035e+07,0,0,0,0,62.1102,61.308,2.4487,0,1,1.29515,1.29515,0,1.01558,1.69344,8.91558e+06,3.92412e+06,1.1547e+07,0,0,0,9.00336e+07
103.043,103.622,2.42148,0,0,2.84548,2.84548,0,0.533081,5.32224,4.29004e+06,2.93582e+06,1.22073e+07,0,0,0,0,62.2133,61.308,1.94131,0,1,1.29554,1.29554,0,1.00063,1.69344,8.91558e+06,3.92412e+06,1.15505e+07,0,0,0,9.00336e+07
102.27,103.622,2.25732,0,0,2.84635,2.84635,0,0.533244,5.32224,4.29004e+06,2.93582e+06,1.2211e+07,0,0,0,0,62.3362,61.308,1.99857,0,1,1.29594,1.29594,0,1.00094,1.69344,8.91558e+06,3.92412e+06,1.1554e+07,0,0,0,9.00336e+07
102.514,103.622,3.288,0,0,2.84722,2.84722,0,0.533407,5.32224,4.29004e+06,2.93582e+06,1.22147e+07,0,0,0,0,62.3353,61.308,2.35177,0,1,1.29633,1.29633,0,1.00124,1.69344,8.91558e+06,3.92412e+06,1.15576e+07,0,0,0,9.00336e+07
101.834,103.622,2.35592,0,0,2.9832,2.9832,0,0.53357,5.32224,4.29004e+06,2.93582e+06,1.2798e+07,0,0,0,0,62.2622,61.308,2.08309,0,1,1.36684,1.36684,0,1.00155,1.69344,8.91558e+06,3.92412e+06,1.21862e+07,0,0,0,9.00336e+07
101.267,103.622,2.40396,0,0,2.98411,2.98411,0,0.559051,5.32224,4.29004e+06,2.93582e+06,1.2802e+07,0,0,0,0,62.2412,61.308,1.96293,0,1,1.36726,1.36726,0,1.05602,1.69344,8.91558e+06,3.92412e+06,1.21899e+07,0,0,0,9.00336e+07
100.447,103.622,2.117,0,0,2.98502,2.98502,0,0.559222,5.32224,4.29004e+06,2.93582e+06,1.28059e+07,0,0,0,0,62.1149,61.308,1.83058,0,1,1.36767,1.36767,0,1.05634,1.69344,8.91558e+06,3.92412e+06,1.21936e+07,0,0,0,9.00336e+07
99.5722,103.622,1.9881,0,0,2.98593,2.98593,0,0.559393,5.32224,4.29004e+06,2.93582e+06,1.28098e+07,0,0,0,0,61.8444,61.308,1.74965,0,1,1.36809,1.36809,0,1.05666,1.69344,8.91558e+06,3.92412e+06,1.21973e+07,0,0,0,9.00336e+07
98.6138,103.622,1.90624,0,0,2.98684,2.98684,0,0.559564,5.32224,4.29004e+06,2.93582e+06,1.28137e+07,0,0,0,0,61.5175,61.308,1.63006,0,1,1.36851,1.36851,0,1.05699,1.69344,8.91558e+06,3.92412e+06,1.22011e+07,0,0,0,9.00336e+07
97.6799,103.622,1.76503,0,0,2.961,2.961,0,0.559734,5.32224,4.29004e+06,2.93582e+06,1.27028e+07,0,0,0,0,61.0957,61.308,1.6172,0,1,1.40752,1.40752,0,1.05731,1.69344,8.91558e+06,3.92412e+06,1.25488e+07,0,0,0,9.00336e+07
96.6707,103.622,1.68627,0,0,2.9619,2.9619,0,0.554891,5.32224,4.29004e+06,2.93582e+06,1.27067e+07,0,0,0,0,60.6624,61.308,1.5074,0,1,1.40795,1.40795,0,1.08745,1.69344,8.91558e+06,3.92412e+06,1.25527e+07,0,0,0,9.00336e+07
95.5397,103.622,1.54828,0,0,2.9628,2.9628,0,0.55506,5.32224,4.29004e+06,2.93582e+06,1.27106e+07,0,0,0,0,60.0918,61.308,1.51506,0,1,1.40838,1.40838,0,1.08778,1.69344,8.91558e+06,3.92412e+06,1.25565e+07,0,0,0,9.00336e+07
94.2872,103.622,1.40262,0,0,2.96371,2.96371,0,0.555229,5.32224,4.29004e+06,2.93582e+06,1.27144e+07,0,0,0,0,59.4651,61.308,1.35105,0,1,1.40881,1.40881,0,1.08811,1.69344,8.91558e+06,3.92412e+06,1.25603e+07,0,0,0,9.00336e+07
93.0373,103.622,1.40819,0,0,3.0338,3.0338,0,0.555399,5.32224,4.29004e+06,2.93582e+06,1.30151e+07,0,0,0,0,58.7589,61.308,1.34011,0,1,1.44367,1.44367,0,1.08844,1.69344,8.91558e+06,3.92412e+06,1.28712e+07,0,0,0,9.00336e+07
91.7087,103.622,1.30227,0,0,3.03472,3.03472,0,0.568534,5.32224,4.29004e+06,2.93582e+06,1.30191e+07,0,0,0,0,58.0136,61.308,1.30613,0,1,1.44411,1.44411,0,1.11538,1.69344,8.91558e+06,3.92412e+06,1.28751e+07,0,0,0,9.00336e+07
90.298,103.622,1.19585,0.01,0,3.03565,3.03565,0,0.568707,5.32224,4.29004e+06,2.93582e+06,1.30231e+07,0,0,0,0,57.2459,61.308,1.22421,0,1,1.44455,1.44455,0,1.11572,1.69344,8.91558e+06,3.92412e+06,1.2879e+07,0,0,0,9.00336e+07
88.7715,103.622,1.0442,0.01,0,3.03658,3.03658,0,0.568881,5.32224,4.29004e+06,2.93582e+06,1.3027e+07,0,0,0,0,56.4424,61.308,1.21479,0,1,1.44499,1.44499,0,1.11606,1.69344,8.91558e+06,3.92412e+06,1.2883e+07,0,0,0,9.00336e+07
87.032,103.622,0.940696,0.01,0,3.24036,3.24036,0,0.569054,5.32224,4.29004e+06,2.93582e+06,1.39013e+07,0,0,0,0,55.4796,61.308,1.15876,1,1,1.56988,1.56988,0,1.1164,1.69344,8.91558e+06,3.92412e+06,1.39964e+07,0,0,0,9.00336e+07
85.4971,103.622,1.0993,0.01,0,3.24135,3.24135,0,0.607244,5.32224,4.29004e+06,2.93582e+06,1.39055e+07,0,0,0,0,54.4413,61.308,1.13499,1,1,1.57036,1.57036,0,1.21289,1.69344,8.91558e+06,3.92412e+06,1.40007e+07,0,0,0,9.00336e+07
83.8132,103.622,0.937508,0.01,0,3.24234,3.24234,0,0.607429,5.32224,4.29004e+06,2.93582e+06,1.39098e+07,0,0,0,0,53.5472,61.308,0.997371,1,1,1.57084,1.57084,0,1.21326,1.69344,8.91558e+06,3.92412e+06,1.40049e+07,0,0,0,9.00336e+07
82.238,103.622,1.02215,0.01,0,3.24333,3.24333,0,0.607615,5.32224,4.29004e+06,2.93582e+06,1.3914e+07,0,0,0,0,52.7245,61.308,1.329,1,1,1.57132,1.57132,0,1.21363,1.69344,8.91558e+06,3.92412e+06,1.40092e+07,0,0,0,9.00336e+07
80.6217,103.622,0.966589,0.03,0,3.24432,3.24432,0,0.6078,5.32224,4.29004e+06,2.93582e+06,1.39183e+07,0,0,0,0,51.6659,61.308,1.1656,1,1,1.57179,1.57179,0,1.214,1.69344,8.91558e+06,3.92412e+06,1.40135e+07,0,0,0,9.00336e+07
78.8707,103.622,0.694937,0.02,0,3.14629,3.14629,0,0.607985,5.32224,4.29004e+06,2.93582e+06,1.34977e+07,0,0,0,0,50.7323,61.308,0.962101,0,1,1.49662,1.49662,0,1.21437,1.69344,8.91558e+06,3.92412e+06,1.33433e+07,0,0,0,9.00336e+07
77.3381,103.622,0.898336,0.02,0,3.14725,3.14725,0,0.589614,5.32224,4.29004e+06,2.93582e+06,1.35018e+07,0,0,0,0,50.318,61.308,1.10514,0,1,1.49708,1.49708,0,1.15629,1.69344,8.91558e+06,3.92412e+06,1.33474e+07,0,0,0,9.00336e+07
76.1269,103.622,1.2813,0.02,0,3.14821,3.14821,0,0.589794,5.32224,4.29004e+06,2.93582e+06,1.35059e+07,0,0,0,0,49.819,61.308,1.8112,0,1,1.49754,1.49754,0,1.15664,1.69344,8.91558e+06,3.92412e+06,1.33514e+07,0,0,0,9.00336e+07
74.7579,103.622,1.09742,0.02,0,3.14916,3.14916,0,0.589974,5.32224,4.29004e+06,2.93582e+06,1.35101e+07,0,0,0,0,49.1217,61.308,1.31885,0,1,1.49799,1.49799,0,1.157,1.69344,8.91558e+06,3.92412e+06,1.33555e+07,0,0,0,9.00336e+07
73.2988,103.622,0.962401,0.02,0,3.06875,3.06875,0,0.590153,5.32224,4.29004e+06,2.93582e+06,1.31651e+07,0,0,0,0,48.6449,61.308,1.19198,0,1,1.42951,1.42951,0,1.15735,1.69344,8.91558e+06,3.92412e+06,1.27449e+07,0,0,0,9.00336e+07
71.9135,103.622,1.06746,0.02,0,3.06968,3.06968,0,0.575084,5.32224,4.29004e+06,2.93582e+06,1.31691e+07,0,0,0,0,48.4304,61.308,1.44508,0,1,1.42994,1.42994,0,1.10444,1.69344,8.91558e+06,3.92412e+06,1.27488e+07,0,0,0,9.00336e+07
70.8823,103.622,1.44223,0.02,0,3.07062,3.07062,0,0.575259,5.32224,4.29004e+06,2.93582e+06,1.31731e+07,0,0,0,0,48.3586,61.308,1.8965,0,1,1.43038,1.43038,0,1.10477,1.69344,8.91558e+06,3.92412e+06,1.27526e+07,0,0,0,9.00336e+07
71.3478,103.622,3.06582,0.02,0,3.07155,3.07155,0,0.575434,5.32224,4.29004e+06,2.93582e+06,1.31771e+07,0,0,0,0,48.8793,61.308,3.05968,0,1,1.43081,1.43081,0,1.10511,1.69344,8.91558e+06,3.92412e+06,1.27565e+07,0,0,0,9.00336e+07
71.5448,103.622,2.64026,0.02,0,2.8411,2.8411,0,0.575609,5.32224,4.29004e+06,2.93582e+06,1.21884e+07,0,0,0,0,49.1621,61.308,2.4922,0,1,1.28748,1.28748,0,1.10545,1.69344,8.91558e+06,3.92412e+06,1.14787e+07,0,0,0,9.00336e+07
72.0938,103.622,3.29692,0.02,0,2.84196,2.84196,0,0.532421,5.32224,4.29004e+06,2.93582e+06,1.21921e+07,0,0,0,0,50.3507,61.308,4.26753,0,1,1.28788,1.28788,0,0.99471,1.69344,8.91558e+06,3.92412e+06,1.14822e+07,0,0,0,9.00336e+07
72.5386,103.622,3.07445,0.02,0,2.84283,2.84283,0,0.532583,5.32224,4.29004e+06,2.93582e+06,1.21958e+07,0,0,0,0,51.2862,61.308,3.61273,0,1,1.28827,1.28827,0,0.995013,1.69344,8.91558e+06,3.92412e+06,1.14857e+07,0,0,0,9.00336e+07
72.6886,103.622,2.85018,0.02,0,2.84369,2.84369,0,0.532745,5.32224,4.29004e+06,2.93582e+06,1.21996e+07,0,0,0,0,52.2771,61.308,3.7907,0,1,1.28866,1.28866,0,0.995316,1.69344,8.91558e+06,3.92412e+06,1.14892e+07,0,0,0,9.00336e+07
74.5557,103.622,4.56365,0.02,0,2.84456,2.84456,0,0.532908,5.32224,4.29004e+06,2.93582e+06,1.22033e+07,0,0,0,0,53.3083,61.308,4.19763,0,1,1.28905,1.28905,0,0.995619,1.69344,8.91558e+06,3.92412e+06,1.14927e+07,0,0,0,9.00336e+07
76.1297,103.622,4.47286,0.01,0,2.93454,2.93454,0,0.53307,5.32224,4.29004e+06,2.93582e+06,1.25893e+07,0,0,0,0,54.6942,61.308,4.75943,0,1,1.33113,1.33113,0,0.995922,1.69344,8.91558e+06,3.92412e+06,1.18678e+07,0,0,0,9.00336e+07
77.625,103.622,4.47187,0.01,0,2.93539,2.93539,0,0.549932,5.32224,4.29004e+06,2.93582e+06,1.2593e+07,0,0,0,0,56.1495,61.308,4.93253,0,1,1.33151,1.33151,0,1.02843,1.69344,8.91558e+06,3.92412e+06,1.18712e+07,0,0,0,9.00336e+07
80.9093,103.622,6.42529,0.01,0,2.93625,2.93625,0,0.550092,5.32224,4.29004e+06,2.93582e+06,1.25966e+07,0,0,0,0,58.1145,61.308,6.17528,0,1,1.3319,1.3319,0,1.02873,1.69344,8.91558e+06,3.92412e+06,1.18747e+07,0,0,0,9.00336e+07
81.813,103.622,3.80088,0.01,0,2.9371,2.9371,0,0.550253,5.32224,4.29004e+06,2.93582e+06,1.26003e+07,0,0,0,0,59.3001,61.308,4.18791,0,1,1.33229,1.33229,0,1.02903,1.69344,8.91558e+06,3.92412e+06,1.18781e+07,0,0,0,9.00336e+07
83.677,103.622,5.03807,0.01,0,3.22452,3.22452,0,0.550413,5.32224,4.29004e+06,2.93582e+06,1.38333e+07,0,0,0,0,60.6748,61.308,4.90594,0,1,1.48937,1.48937,0,1.02933,1.69344,8.91558e+06,3.92412e+06,1.32786e+07,0,0,0,9.00336e+07
88.5051,103.622,8.35507,0.01,0,3.22546,3.22546,0,0.604275,5.32224,4.29004e+06,2.93582e+06,1.38374e+07,0,0,0,0,62.3362,61.308,8.63705,0,1,1.48981,1.48981,0,1.15069,1.69344,8.91558e+06,3.92412e+06,1.32825e+07,0,0,0,9.00336e+07
91.7053,103.622,6.88913,0.01,0,3.2264,3.2264,0,0.604451,5.32224,4.29004e+06,2.93582e+06,1.38414e+07,0,0,0,0,62.3362,61.308,6.05407,0,1,1.49024,1.49024,0,1.15103,1.69344,8.91558e+06,3.92412e+06,1.32864e+07,0,0,0,9.00336e+07
93.2294,103.622,4.88,0.01,0,3.22734,3.22734,0,0.604628,5.32224,4.29004e+06,2.93582e+06,1.38454e+07,0,0,0,0,62.3362,61.308,3.6491,0,1,1.49068,1.49068,0,1.15136,1.69344,8.91558e+06,3.92412e+06,1.32902e+07,0,0,0,9.00336e+07
94.6507,103.622,4.40281,0.01,0,2.81908,2.81908,0,0.604804,5.32224,4.29004e+06,2.93582e+06,1.2094e+07,0,0,0,0,62.3362,61.308,3.23897,0,1,1.28058,1.28058,0,1.1517,1.69344,8.91558e+06,3.92412e+06,1.14171e+07,0,0,0,9.00336e+07
95.2598,103.622,3.5941,0,0,2.8199,2.8199,0,0.528295,5.32224,4.29004e+06,2.93582e+06,1.20975e+07,0,0,0,0,62.3362,61.308,3.74537,0,1,1.28095,1.28095,0,0.989375,1.69344,8.91558e+06,3.92412e+06,1.14204e+07,0,0,0,9.00336e+07
96.6021,103.622,4.42917,0,0,2.82072,2.82072,0,0.528449,5.32224,4.29004e+06,2.93582e+06,1.2101e+07,0,0,0,0,62.3362,61.308,4.02371,0,1,1.28133,1.28133,0,0.989664,1.69344,8.91558e+06,3.92412e+06,1.14238e+07,0,0,0,9.00336e+07
98.1449,103.622,4.78295,0,0,2.82154,2.82154,0,0.528603,5.32224,4.29004e+06,2.93582e+06,1.21045e+07,0,0,0,0,62.3362,61.308,4.69713,0,1,1.2817,1.2817,0,0.989952,1.69344,8.91558e+06,3.92412e+06,1.14271e+07,0,0,0,9.00336e+07
100.105,103.622,5.20622,0,0,2.82236,2.82236,0,0.528757,5.32224,4.29004e+06,2.93582e+06,1.21081e+07,0,0,0,0,62.3362,61.308,3.56302,0,1,1.28207,1.28207,0,0.99024,1.69344,8.91558e+06,3.92412e+06,1.14304e+07,0,0,0,9.00336e+07
102.264,103.622,5.35304,0,0,2.92634,2.92634,0,0.528911,5.32224,4.29004e+06,2.93582e+06,1.25541e+07,0,0,0,0,62.3362,61.308,3.42248,0,1,1.33402,1.33402,0,0.990529,1.69344,8.91558e+06,3.92412e+06,1.18936e+07,0,0,0,9.00336e+07
103.622,103.622,6.901,0,0,2.92719,2.92719,0,0.548395,5.32224,4.29004e+06,2.93582e+06,1.25578e+07,0,0,0,0,62.3362,61.308,5.00967,0,1,1.33441,1.33441,0,1.03067,1.69344,8.91558e+06,3.92412e+06,1.18971e+07,0,0,0,9.00336e+07
103.622,103.622,5.02913,0,0,2.92804,2.92804,0,0.548555,5.32224,4.29004e+06,2.93582e+06,1.25614e+07,0,0,0,0,62.3362,61.308,3.56384,0,1,1.3348,1.3348,0,1.03097,1.69344,8.91558e+06,3.92412e+06,1.19005e+07,0,0,0,9.00336e+07
103.622,103.622,4.24323,0,0,2.92889,2.92889,0,0.548715,5.32224,4.29004e+06,2.93582e+06,1.25651e+07,0,0,0,0,62.3362,61.308,2.98041,0,1,1.33519,1.33519,0,1.03127,1.69344,8.91558e+06,3.92412e+06,1.1904e+07,0,0,0,9.00336e+07
103.622,103.622,3.50156,0,0,2.88937,2.88937,0,0.548875,5.32224,4.29004e+06,2.93582e+06,1.23955e+07,0,0,0,0,62.3362,61.308,2.87985,0,1,1.31552,1.31552,0,1.03157,1.69344,8.91558e+06,3.92412e+06,1.17286e+07,0,0,0,9.00336e+07
103.533,103.622,2.87672,0,0,2.89021,2.89021,0,0.541467,5.32224,4.29004e+06,2.93582e+06,1.23991e+07,0,0,0,0,62.3362,61.308,3.05487,0,1,1.3159,1.3159,0,1.01637,1.69344,8.91558e+06,3.92412e+06,1.17321e+07,0,0,0,9.00336e+07
103.52,103.622,2.91744,0,0,2.89105,2.89105,0,0.541625,5.32224,4.29004e+06,2.93582e+06,1.24027e+07,0,0,0,0,62.3362,61.308,3.09637,0,1,1.31629,1.31629,0,1.01667,1.69344,8.91558e+06,3.92412e+06,1.17355e+07,0,0,0,9.00336e+07
103.622,103.622,3.92931,0,0,2.89189,2.89189,0,0.541782,5.32224,4.29004e+06,2.93582e+06,1.24063e+07,0,0,0,0,62.3362,61.308,3.4488,0,1,1.31667,1.31667,0,1.01696,1.69344,8.91558e+06,3.92412e+06,1.17389e+07,0,0,0,9.00336e+07
103.317,103.622,2.64712,0,0,3.02995,3.02995,0,0.54194,5.32224,4.29004e+06,2.93582e+06,1.29986e+07,0,0,0,0,62.3362,61.308,2.92665,0,1,1.38826,1.38826,0,1.01726,1.69344,8.91558e+06,3.92412e+06,1.23772e+07,0,0,0,9.00336e+07
103.114,103.622,2.73934,0,0,3.03083,3.03083,0,0.567813,5.32224,4.29004e+06,2.93582e+06,1.30024e+07,0,0,0,0,62.3362,61.308,3.07183,0,1,1.38866,1.38866,0,1.07257,1.69344,8.91558e+06,3.92412e+06,1.23808e+07,0,0,0,9.00336e+07
102.595,103.622,2.38708,0,0,3.03172,3.03172,0,0.567978,5.32224,4.29004e+06,2.93582e+06,1.30062e+07,0,0,0,0,62.3362,61.308,2.72043,0,1,1.38907,1.38907,0,1.07288,1.69344,8.91558e+06,3.92412e+06,1.23844e+07,0,0,0,9.00336e+07
101.832,103.622,2.13143,0,0,3.0326,3.0326,0,0.568144,5.32224,4.29004e+06,2.93582e+06,1.301e+07,0,0,0,0,62.3362,61.308,2.54013,0,1,1.38947,1.38947,0,1.07319,1.69344,8.91558e+06,3.92412e+06,1.2388e+07,0,0,0,9.00336e+07
100.921,103.622,1.95245,0,0,3.03348,3.03348,0,0.568309,5.32224,4.29004e+06,2.93582e+06,1.30138e+07,0,0,0,0,62.3362,61.308,2.40563,0,1,1.38988,1.38988,0,1.07351,1.69344,8.91558e+06,3.92412e+06,1.23916e+07,0,0,0,9.00336e+07
100.584,103.622,2.59897,0,0,3.00718,3.00718,0,0.568474,5.32224,4.29004e+06,2.93582e+06,1.2901e+07,0,0,0,0,62.3362,61.308,2.80187,0,1,1.42947,1.42947,0,1.07382,1.69344,8.91558e+06,3.92412e+06,1.27446e+07,0,0,0,9.00336e+07
100.314,103.622,2.67812,0,0,3.00806,3.00806,0,0.563546,5.32224,4.29004e+06,2.93582e+06,1.29047e+07,0,0,0,0,62.3362,61.308,2.80129,0,1,1.42989,1.42989,0,1.10441,1.69344,8.91558e+06,3.92412e+06,1.27483e+07,0,0,0,9.00336e+07
99.88,103.622,2.48914,0,0,3.00893,3.00893,0,0.56371,5.32224,4.29004e+06,2.93582e+06,1.29085e+07,0,0,0,0,62.3362,61.308,2.76137,0,1,1.4303,1.4303,0,1.10473,1.69344,8.91558e+06,3.92412e+06,1.2752e+07,0,0,0,9.00336e+07
99.5084,103.622,2.55781,0,0,3.00981,3.00981,0,0.563874,5.32224,4.29004e+06,2.93582e+06,1.29122e+07,0,0,0,0,62.3362,61.308,3.14572,0,1,1.43072,1.43072,0,1.10505,1.69344,8.91558e+06,3.92412e+06,1.27557e+07,0,0,0,9.00336e+07
99.134,103.622,2.58103,0,0,3.08095,3.08095,0,0.564038,5.32224,4.29004e+06,2.93582e+06,1.32174e+07,0,0,0,0,62.3362,61.308,3.1605,0,1,1.46611,1.46611,0,1.10537,1.69344,8.91558e+06,3.92412e+06,1.30712e+07,0,0,0,9.00336e+07
98.8124,103.622,2.60805,0,0,3.08184,3.08184,0,0.577369,5.32224,4.29004e+06,2.93582e+06,1.32212e+07,0,0,0,0,62.3362,61.308,3.07261,0,1,1.46653,1.46653,0,1.13271,1.69344,8.91558e+06,3.92412e+06,1.3075e+07,0,0,0,9.00336e+07
98.2384,103.622,2.34324,0,0,3.08274,3.08274,0,0.577537,5.32224,4.29004e+06,2.93582e+06,1.32251e+07,0,0,0,0,62.3362,61.308,2.86858,0,1,1.46696,1.46696,0,1.13304,1.69344,8.91558e+06,3.92412e+06,1.30788e+07,0,0,0,9.00336e+07
97.4891,103.622,2.1465,0,0,3.08363,3.08363,0,0.577705,5.32224,4.29004e+06,2.93582e+06,1.32289e+07,0,0,0,0,62.3362,61.308,2.71878,0,1,1.46739,1.46739,0,1.13337,1.69344,8.91558e+06,3.92412e+06,1.30826e+07,0,0,0,9.00336e+07
96.3494,103.622,1.8623,0,0,3.29053,3.29053,0,0.577873,5.32224,4.29004e+06,2.93582e+06,1.41165e+07,0,0,0,0,62.3362,61.308,2.69834,1,1,1.59418,1.59418,0,1.1337,1.69344,8.91558e+06,3.92412e+06,1.42131e+07,0,0,0,9.00336e+07
95.5753,103.622,2.27036,0,0,3.29149,3.29149,0,0.616645,5.32224,4.29004e+06,2.93582e+06,1.41206e+07,0,0,0,0,62.3362,61.308,2.78693,1,1,1.59465,1.59465,0,1.23167,1.69344,8.91558e+06,3.92412e+06,1.42172e+07,0,0,0,9.00336e+07
95.0367,103.622,2.53694,0,0,3.29244,3.29244,0,0.616824,5.32224,4.29004e+06,2.93582e+06,1.41247e+07,0,0,0,0,62.3362,61.308,3.47492,1,1,1.59511,1.59511,0,1.23202,1.69344,8.91558e+06,3.92412e+06,1.42213e+07,0,0,0,9.00336e+07
94.0594,103.622,2.03567,0,0,3.2934,3.2934,0,0.617004,5.32224,4.29004e+06,2.93582e+06,1.41288e+07,0,0,0,0,62.2801,61.308,2.50484,1,1,1.59557,1.59557,0,1.23238,1.69344,8.91558e+06,3.92412e+06,1.42255e+07,0,0,0,9.00336e+07
93.4923,103.622,2.53632,0,0,3.29435,3.29435,0,0.617183,5.32224,4.29004e+06,2.93582e+06,1.41329e+07,0,0,0,0,62.3362,61.308,4.36832,1,1,1.59604,1.59604,0,1.23274,1.69344,8.91558e+06,3.92412e+06,1.42296e+07,0,0,0,9.00336e+07
93.3159,103.622,3.14361,0,0,3.19477,3.19477,0,0.617362,5.32224,4.29004e+06,2.93582e+06,1.37057e+07,0,0,0,0,62.3362,61.308,4.46401,0,1,1.51969,1.51969,0,1.2331,1.69344,8.91558e+06,3.92412e+06,1.35489e+07,0,0,0,9.00336e+07
93.6333,103.622,3.60957,0,0,3.19569,3.19569,0,0.598699,5.32224,4.29004e+06,2.93582e+06,1.37097e+07,0,0,0,0,62.3362,61.308,4.68313,0,1,1.52013,1.52013,0,1.17411,1.69344,8.91558e+06,3.92412e+06,1.35528e+07,0,0,0,9.00336e+07
94.8885,103.622,4.85609,0.01,0,3.19662,3.19662,0,0.598873,5.32224,4.29004e+06,2.93582e+06,1.37136e+07,0,0,0,0,62.3362,61.308,6.34192,0,1,1.52057,1.52057,0,1.17445,1.69344,8.91558e+06,3.92412e+06,1.35568e+07,0,0,0,9.00336e+07
97.2914,103.622,6.37808,0.01,0,3.19755,3.19755,0,0.599047,5.32224,4.29004e+06,2.93582e+06,1.37176e+07,0,0,0,0,62.3362,61.308,8.91624,0,1,1.52101,1.52101,0,1.17479,1.69344,8.91558e+06,3.92412e+06,1.35607e+07,0,0,0,9.00336e+07
98.7628,103.622,5.21283,0.01,0,3.11585,3.11585,0,0.599221,5.32224,4.29004e+06,2.93582e+06,1.33671e+07,0,0,0,0,62.3362,61.308,6.728,0,1,1.45145,1.45145,0,1.17513,1.69344,8.91558e+06,3.92412e+06,1.29405e+07,0,0,0,9.00336e+07
99.4273,103.622,4.71718,0,0,3.11676,3.11676,0,0.583911,5.32224,4.29004e+06,2.93582e+06,1.3371e+07,0,0,0,0,62.3362,61.308,6.58311,0,1,1.45187,1.45187,0,1.12139,1.69344,8.91558e+06,3.92412e+06,1.29443e+07,0,0,0,9.00336e+07
99.918,103.622,4.12529,0,0,3.11766,3.11766,0,0.58408,5.32224,4.29004e+06,2.93582e+06,1.33749e+07,0,0,0,0,62.3362,61.308,4.03947,0,1,1.45229,1.45229,0,1.12171,1.69344,8.91558e+06,3.92412e+06,1.2948e+07,0,0,0,9.00336e+07
100.749,103.622,4.25904,0,0,3.11857,3.11857,0,0.58425,5.32224,4.29004e+06,2.93582e+06,1.33788e+07,0,0,0,0,62.3362,61.308,4.63457,0,1,1.45271,1.45271,0,1.12204,1.69344,8.91558e+06,3.92412e+06,1.29518e+07,0,0,0,9.00336e+07
101.475,103.622,4.09249,0,0,2.88454,2.88454,0,0.584419,5.32224,4.29004e+06,2.93582e+06,1.23748e+07,0,0,0,0,62.3362,61.308,5.14259,0,1,1.30717,1.30717,0,1.12237,1.69344,8.91558e+06,3.92412e+06,1.16542e+07,0,0,0,9.00336e+07
103.622,103.622,7.8101,0,0,2.88538,2.88538,0,0.540563,5.32224,4.29004e+06,2.93582e+06,1.23784e+07,0,0,0,0,62.3362,61.308,8.52903,0,1,1.30755,1.30755,0,1.00992,1.69344,8.91558e+06,3.92412e+06,1.16576e+07,0,0,0,9.00336e+07
103.622,103.622,8.55125,0,0,2.88621,2.88621,0,0.540719,5.32224,4.29004e+06,2.93582e+06,1.2382e+07,0,0,0,0,62.3362,61.308,12.2979,0,1,1.30793,1.30793,0,1.01021,1.69344,8.91558e+06,3.92412e+06,1.1661e+07,0,0,0,9.00336e+07
103.622,103.622,23.6043,0,0,2.88705,2.88705,0,0.540876,5.32224,4.29004e+06,2.93582e+06,1.23856e+07,0,0,0,0,62.3362,61.308,38.0537,0,1,1.30831,1.30831,0,1.01051,1.69344,8.91558e+06,3.92412e+06,1.16643e+07,0,0,0,9.00336e+07
103.622,103.622,15.8354,0,0,2.88789,2.88789,0,0.541033,5.32224,4.29004e+06,2.93582e+06,1.23892e+07,0,0,0,0,62.3362,61.308,32.9027,0,1,1.30869,1.30869,0,1.0108,1.69344,8.91558e+06,3.92412e+06,1.16677e+07,0,0,0,9.00336e+07
103.622,103.622,10.7905,0,0,2.9792,2.9792,0,0.54119,5.32224,4.29004e+06,2.93582e+06,1.27809e+07,0,0,0,0,62.3362,61.308,18.3063,0,1,1.35138,1.35138,0,1.01109,1.69344,8.91558e+06,3.92412e+06,1.20484e+07,0,0,0,9.00336e+07
103.622,103.622,5.98515,0,0,2.98003,2.98003,0,0.558302,5.32224,4.29004e+06,2.93582e+06,1.27844e+07,0,0,0,0,62.3362,61.308,7.1719,0,1,1.35176,1.35176,0,1.04408,1.69344,8.91558e+06,3.92412e+06,1.20517e+07,0,0,0,9.00336e+07
103.622,103.622,5.49277,0,0,2.98085,2.98085,0,0.558457,5.32224,4.29004e+06,2.93582e+06,1.2788e+07,0,0,0,0,62.3362,61.308,6.77608,0,1,1.35214,1.35214,0,1.04437,1.69344,8.91558e+06,3.92412e+06,1.20551e+07,0,0,0,9.00336e+07
103.622,103.622,5.5678,0,0,2.98168,2.98168,0,0.558612,5.32224,4.29004e+06,2.93582e+06,1.27916e+07,0,0,0,0,62.3362,61.308,4.99879,0,1,1.35251,1.35251,0,1.04466,1.69344,8.91558e+06,3.92412e+06,1.20584e+07,0,0,0,9.00336e+07
103.622,103.622,5.26434,0,0,3.27342,3.27342,0,0.558767,5.32224,4.29004e+06,2.93582e+06,1.40431e+07,0,0,0,0,62.3362,61.308,5.30518,0,1,1.51196,1.51196,0,1.04495,1.69344,8.91558e+06,3.92412e+06,1.348e+07,0,0,0,9.00336e+07
103.622,103.622,6.39855,0,0,3.27433,3.27433,0,0.613439,5.32224,4.29004e+06,2.93582e+06,1.4047e+07,0,0,0,0,62.3362,61.308,7.52725,0,1,1.51238,1.51238,0,1.16814,1.69344,8.91558e+06,3.92412e+06,1.34837e+07,0,0,0,9.00336e+07
103.622,103.622,5.37708,0,0,3.27524,3.27524,0,0.613609,5.32224,4.29004e+06,2.93582e+06,1.40509e+07,0,0,0,0,62.2947,61.308,5.25166,0,1,1.5128,1.5128,0,1.16846,1.69344,8.91558e+06,3.92412e+06,1.34875e+07,0,0,0,9.00336e+07
103.622,103.622,3.63728,0,0,3.27615,3.27615,0,0.61378,5.32224,4.29004e+06,2.93582e+06,1.40548e+07,0,0,0,0,62.1652,61.308,3.13546,0,1,1.51322,1.51322,0,1.16879,1.69344,8.91558e+06,3.92412e+06,1.34912e+07,0,0,0,9.00336e+07
103.622,103.622,3.35688,0,0,2.86167,2.86167,0,0.61395,5.32224,4.29004e+06,2.93582e+06,1.22767e+07,0,0,0,0,62.3362,61.308,2.61986,0,1,1.29993,1.29993,0,1.16911,1.69344,8.91558e+06,3.92412e+06,1.15896e+07,0,0,0,9.00336e+07
103.622,103.622,3.50598,0,0,2.86247,2.86247,0,0.536277,5.32224,4.29004e+06,2.93582e+06,1.22801e+07,0,0,0,0,62.3362,61.308,4.97903,0,1,1.30029,1.30029,0,1.00432,1.69344,8.91558e+06,3.92412e+06,1.15928e+07,0,0,0,9.00336e+07
103.622,103.622,3.85353,0,0,2.86326,2.86326,0,0.536426,5.32224,4.29004e+06,2.93582e+06,1.22835e+07,0,0,0,0,62.3362,61.308,4.63322,0,1,1.30065,1.30065,0,1.0046,1.69344,8.91558e+06,3.92412e+06,1.15961e+07,0,0,0,9.00336e+07
103.622,103.622,3.38844,0,0,2.86406,2.86406,0,0.536575,5.32224,4.29004e+06,2.93582e+06,1.22869e+07,0,0,0,0,62.3362,61.308,4.63565,0,1,1.30101,1.30101,0,1.00488,1.69344,8.91558e+06,3.92412e+06,1.15993e+07,0,0,0,9.00336e+07
103.166,103.622,2.70982,0,0,2.86485,2.86485,0,0.536724,5.32224,4.29004e+06,2.93582e+06,1.22903e+07,0,0,0,0,62.3362,61.308,5.33681,0,1,1.30137,1.30137,0,1.00516,1.69344,8.91558e+06,3.92412e+06,1.16025e+07,0,0,0,9.00336e+07
103.622,103.622,4.21955,0,0,2.97035,2.97035,0,0.536873,5.32224,4.29004e+06,2.93582e+06,1.27429e+07,0,0,0,0,62.3362,61.308,7.83985,0,1,1.35409,1.35409,0,1.00544,1.69344,8.91558e+06,3.92412e+06,1.20725e+07,0,0,0,9.00336e+07
103.622,103.622,3.43739,0,0,2.97118,2.97118,0,0.556644,5.32224,4.29004e+06,2.93582e+06,1.27465e+07,0,0,0,0,62.3362,61.308,7.03988,0,1,1.35447,1.35447,0,1.04617,1.69344,8.91558e+06,3.92412e+06,1.20759e+07,0,0,0,9.00336e+07
103.622,103.622,3.64949,0,0,2.972,2.972,0,0.556799,5.32224,4.29004e+06,2.93582e+06,1.275e+07,0,0,0,0,62.3362,61.308,7.03007,0,1,1.35484,1.35484,0,1.04646,1.69344,8.91558e+06,3.92412e+06,1.20792e+07,0,0,0,9.00336e+07
103.329,103.622,2.92244,0,0,2.97283,2.97283,0,0.556953,5.32224,4.29004e+06,2.93582e+06,1.27536e+07,0,0,0,0,62.3362,61.308,6.44978,0,1,1.35522,1.35522,0,1.04675,1.69344,8.91558e+06,3.92412e+06,1.20826e+07,0,0,0,9.00336e+07
103.065,103.622,2.82034,0,0,2.93267,2.93267,0,0.557108,5.32224,4.29004e+06,2.93582e+06,1.25813e+07,0,0,0,0,62.3362,61.308,5.39584,0,1,1.33524,1.33524,0,1.04704,1.69344,8.91558e+06,3.92412e+06,1.19044e+07,0,0,0,9.00336e+07
102.4,103.622,2.30131,0,0,2.93348,2.93348,0,0.549582,5.32224,4.29004e+06,2.93582e+06,1.25848e+07,0,0,0,0,62.3362,61.308,3.51332,0,1,1.33561,1.33561,0,1.0316,1.69344,8.91558e+06,3.92412e+06,1.19077e+07,0,0,0,9.00336e+07
101.375,103.622,1.93657,0,0,2.9343,2.9343,0,0.549735,5.32224,4.29004e+06,2.93582e+06,1.25883e+07,0,0,0,0,62.3362,61.308,3.26877,0,1,1.33598,1.33598,0,1.03189,1.69344,8.91558e+06,3.92412e+06,1.1911e+07,0,0,0,9.00336e+07
100.409,103.622,1.95175,0,0,2.93511,2.93511,0,0.549887,5.32224,4.29004e+06,2.93582e+06,1.25918e+07,0,0,0,0,62.3362,61.308,3.31643,0,1,1.33635,1.33635,0,1.03218,1.69344,8.91558e+06,3.92412e+06,1.19143e+07,0,0,0,9.00336e+07
99.9947,103.622,2.6028,0,0,3.0752,3.0752,0,0.55004,5.32224,4.29004e+06,2.93582e+06,1.31927e+07,0,0,0,0,62.3362,61.308,3.69274,0,1,1.40899,1.40899,0,1.03246,1.69344,8.91558e+06,3.92412e+06,1.2562e+07,0,0,0,9.00336e+07
98.9197,103.622,1.8304,0,0,3.07605,3.07605,0,0.576292,5.32224,4.29004e+06,2.93582e+06,1.31964e+07,0,0,0,0,62.3362,61.308,2.43202,0,1,1.40938,1.40938,0,1.08859,1.69344,8.91558e+06,3.92412e+06,1.25655e+07,0,0,0,9.00336e+07
97.807,103.622,1.78151,0,0,3.0769,3.0769,0,0.576452,5.32224,4.29004e+06,2.93582e+06,1.32001e+07,0,0,0,0,62.3252,61.308,2.42167,0,1,1.40977,1.40977,0,1.08889,1.69344,8.91558e+06,3.92412e+06,1.25689e+07,0,0,0,9.00336e+07
96.6094,103.622,1.66377,0,0,3.07776,3.07776,0,0.576612,5.32224,4.29004e+06,2.93582e+06,1.32037e+07,0,0,0,0,62.3362,61.308,2.21482,0,1,1.41016,1.41016,0,1.08919,1.69344,8.91558e+06,3.92412e+06,1.25724e+07,0,0,0,9.00336e+07
95.3915,103.622,1.57275,0,0,3.07861,3.07861,0,0.576772,5.32224,4.29004e+06,2.93582e+06,1.32074e+07,0,0,0,0,61.7704,61.308,2.22212,0,1,1.41055,1.41055,0,1.08949,1.69344,8.91558e+06,3.92412e+06,1.25759e+07,0,0,0,9.00336e+07
93.8385,103.622,1.11325,0,0,3.05188,3.05188,0,0.576932,5.32224,4.29004e+06,2.93582e+06,1.30927e+07,0,0,0,0,60.8621,61.308,1.28167,0,1,1.45072,1.45072,0,1.08979,1.69344,8.91558e+06,3.92412e+06,1.2934e+07,0,0,0,9.00336e+07
92.1009,103.622,0.884095,0,0,3.05273,3.05273,0,0.571923,5.32224,4.29004e+06,2.93582e+06,1.30963e+07,0,0,0,0,59.7667,61.308,0.91215,0,1,1.45112,1.45112,0,1.12083,1.69344,8.91558e+06,3.92412e+06,1.29376e+07,0,0,0,9.00336e+07
90.312,103.622,0.807542,0,0,3.05358,3.05358,0,0.572082,5.32224,4.29004e+06,2.93582e+06,1.31e+07,0,0,0,0,58.6317,61.308,0.839205,0,1,1.45153,1.45153,0,1.12114,1.69344,8.91558e+06,3.92412e+06,1.29412e+07,0,0,0,9.00336e+07
88.494,103.622,0.740699,0.01,0,3.05442,3.05442,0,0.57224,5.32224,4.29004e+06,2.93582e+06,1.31036e+07,0,0,0,0,57.429,61.308,0.802136,0,1,1.45193,1.45193,0,1.12145,1.69344,8.91558e+06,3.92412e+06,1.29448e+07,0,0,0,9.00336e+07
86.6314,103.622,0.688195,0.01,0,3.12657,3.12657,0,0.572399,5.32224,4.29004e+06,2.93582e+06,1.34131e+07,0,0,0,0,56.1334,61.308,0.746115,0,1,1.48782,1.48782,0,1.12176,1.69344,8.91558e+06,3.92412e+06,1.32648e+07,0,0,0,9.00336e+07
84.8101,103.622,0.713126,0.01,0,3.12744,3.12744,0,0.58592,5.32224,4.29004e+06,2.93582e+06,1.34169e+07,0,0,0,0,54.997,61.308,0.847123,0,1,1.48823,1.48823,0,1.14949,1.69344,8.91558e+06,3.92412e+06,1.32685e+07,0,0,0,9.00336e+07
82.9714,103.622,0.664087,0.01,0,3.12831,3.12831,0,0.586082,5.32224,4.29004e+06,2.93582e+06,1.34206e+07,0,0,0,0,53.7507,61.308,0.829582,0,1,1.48864,1.48864,0,1.14981,1.69344,8.91558e+06,3.92412e+06,1.32721e+07,0,0,0,9.00336e+07
81.1157,103.622,0.612553,0.01,0,3.12917,3.12917,0,0.586245,5.32224,4.29004e+06,2.93582e+06,1.34243e+07,0,0,0,0,52.5379,61.308,0.7458,0,1,1.48906,1.48906,0,1.15013,1.69344,8.91558e+06,3.92412e+06,1.32758e+07,0,0,0,9.00336e+07
79.1757,103.622,0.632858,0.02,0,3.33908,3.33908,0,0.586407,5.32224,4.29004e+06,2.93582e+06,1.43248e+07,0,0,0,0,51.1778,61.308,0.838511,1,1,1.61771,1.61771,0,1.15045,1.69344,8.91558e+06,3.92412e+06,1.44228e+07,0,0,0,9.00336e+07
77.3357,103.622,0.743051,0.03,0,3.34001,3.34001,0,0.625744,5.32224,4.29004e+06,2.93582e+06,1.43288e+07,0,0,0,0,49.803,61.308,0.790995,1,1,1.61816,1.61816,0,1.24984,1.69344,8.91558e+06,3.92412e+06,1.44268e+07,0,0,0,9.00336e+07
75.4817,103.622,0.684249,0.03,0,3.34093,3.34093,0,0.625918,5.32224,4.29004e+06,2.93582e+06,1.43328e+07,0,0,0,0,48.3857,61.308,0.744469,1,1,1.6186,1.6186,0,1.25019,1.69344,8.91558e+06,3.92412e+06,1.44308e+07,0,0,0,9.00336e+07
73.5961,103.622,0.603172,0.03,0,3.34186,3.34186,0,0.626091,5.32224,4.29004e+06,2.93582e+06,1.43367e+07,0,0,0,0,46.8972,61.308,0.669455,1,1,1.61905,1.61905,0,1.25053,1.69344,8.91558e+06,3.92412e+06,1.44348e+07,0,0,0,9.00336e+07
71.116,103.622,0.535957,0.03,0,3.34279,3.34279,0,0.626265,5.32224,4.29004e+06,2.93582e+06,1.43407e+07,0,0,0,0,45.5883,61.308,0.607141,1,1,1.6195,1.6195,0,1.25088,1.69344,8.91558e+06,3.92412e+06,1.44388e+07,0,0,0,9.00336e+07
70.1608,103.622,0.911172,0.05,0,3.24169,3.24169,0,0.626438,5.32224,4.29004e+06,2.93582e+06,1.3907e+07,0,0,0,0,44.6305,61.308,1.0045,1,1,1.54201,1.54201,0,1.25123,1.69344,8.91558e+06,3.92412e+06,1.37479e+07,0,0,0,9.00336e+07
68.7793,103.622,1.05102,0.04,0,3.24259,3.24259,0,0.607493,5.32224,4.29004e+06,2.93582e+06,1.39108e+07,0,0,0,0,43.8846,61.308,1.21738,1,1,1.54243,1.54243,0,1.19135,1.69344,8.91558e+06,3.92412e+06,1.37517e+07,0,0,0,9.00336e+07
67.7475,103.622,1.39771,0.04,0,3.24349,3.24349,0,0.607661,5.32224,4.29004e+06,2.93582e+06,1.39147e+07,0,0,0,0,43.6763,61.308,1.35044,1,1,1.54286,1.54286,0,1.19168,1.69344,8.91558e+06,3.92412e+06,1.37555e+07,0,0,0,9.00336e+07
67.1849,103.622,1.9989,0.04,0,3.24439,3.24439,0,0.607829,5.32224,4.29004e+06,2.93582e+06,1.39186e+07,0,0,0,0,43.6318,61.308,2.20807,1,1,1.54329,1.54329,0,1.19201,1.69344,8.91558e+06,3.92412e+06,1.37593e+07,0,0,0,9.00336e+07
66.6009,103.622,1.88024,0.03,0,3.16145,3.16145,0,0.607998,5.32224,4.29004e+06,2.93582e+06,1.35628e+07,0,0,0,0,43.7529,61.308,1.78394,0,1,1.47269,1.47269,0,1.19234,1.69344,8.91558e+06,3.92412e+06,1.31299e+07,0,0,0,9.00336e+07
68.6085,103.622,4.81084,0.03,0,3.16232,3.16232,0,0.592456,5.32224,4.29004e+06,2.93582e+06,1.35665e+07,0,0,0,0,44.2415,61.308,2.93553,0,1,1.4731,1.4731,0,1.1378,1.69344,8.91558e+06,3.92412e+06,1.31335e+07,0,0,0,9.00336e+07
68.6258,103.622,2.55039,0.03,0,3.1632,3.1632,0,0.59262,5.32224,4.29004e+06,2.93582e+06,1.35703e+07,0,0,0,0,43.9654,61.308,1.91451,0,1,1.4735,1.4735,0,1.13811,1.69344,8.91558e+06,3.92412e+06,1.31371e+07,0,0,0,9.00336e+07
68.2813,103.622,2.17277,0.02,0,3.16408,3.16408,0,0.592784,5.32224,4.29004e+06,2.93582e+06,1.3574e+07,0,0,0,0,43.8636,61.308,1.64117,0,1,1.47391,1.47391,0,1.13843,1.69344,8.91558e+06,3.92412e+06,1.31408e+07,0,0,0,9.00336e+07
68.7079,103.622,2.95384,0.03,0,2.92659,2.92659,0,0.592948,5.32224,4.29004e+06,2.93582e+06,1.25552e+07,0,0,0,0,44.1398,61.308,2.25183,0,1,1.32623,1.32623,0,1.13874,1.69344,8.91558e+06,3.92412e+06,1.18241e+07,0,0,0,9.00336e+07
69.5895,103.622,3.45319,0.02,0,2.9274,2.9274,0,0.548444,5.32224,4.29004e+06,2.93582e+06,1.25587e+07,0,0,0,0,45.4213,61.308,4.14956,0,1,1.3266,1.3266,0,1.02464,1.69344,8.91558e+06,3.92412e+06,1.18274e+07,0,0,0,9.00336e+07
70.7142,103.622,3.80885,0.02,0,2.92821,2.92821,0,0.548595,5.32224,4.29004e+06,2.93582e+06,1.25622e+07,0,0,0,0,46.4549,61.308,4.65192,0,1,1.32696,1.32696,0,1.02493,1.69344,8.91558e+06,3.92412e+06,1.18307e+07,0,0,0,9.00336e+07
70.9973,103.622,2.82108,0.02,0,2.92902,2.92902,0,0.548747,5.32224,4.29004e+06,2.93582e+06,1.25656e+07,0,0,0,0,46.5296,61.308,2.10049,0,1,1.32733,1.32733,0,1.02521,1.69344,8.91558e+06,3.92412e+06,1.18339e+07,0,0,0,9.00336e+07
70.949,103.622,2.40574,0.03,0,2.92983,2.92983,0,0.548899,5.32224,4.29004e+06,2.93582e+06,1.25691e+07,0,0,0,0,46.499,61.308,2.11618,0,1,1.3277,1.3277,0,1.0255,1.69344,8.91558e+06,3.92412e+06,1.18372e+07,0,0,0,9.00336e+07
71.5676,103.622,3.34015,0.04,0,3.02243,3.02243,0,0.549051,5.32224,4.29004e+06,2.93582e+06,1.29664e+07,0,0,0,0,46.6762,61.308,1.99218,0,1,1.371,1.371,0,1.02578,1.69344,8.91558e+06,3.92412e+06,1.22232e+07,0,0,0,9.00336e+07
78.1306,103.622,9.90801,0.05,0,3.02324,3.02324,0,0.566404,5.7456,4.29004e+06,2.93582e+06,1.29698e+07,0,0,0,0,48.0876,61.308,4.51716,0,1,1.37136,1.37136,0,1.05923,1.69344,8.91558e+06,3.92412e+06,1.22265e+07,0,0,0,9.00336e+07
81.2059,103.622,6.32751,0.02,0,3.02404,3.02404,0,0.566554,5.7456,4.29004e+06,2.93582e+06,1.29733e+07,0,0,0,0,48.8198,61.308,3.14037,0,1,1.37172,1.37172,0,1.05951,1.69344,8.91558e+06,3.92412e+06,1.22297e+07,0,0,0,9.00336e+07
83.3405,103.622,5.41535,0.02,0,3.02484,3.02484,0,0.566705,5.7456,4.29004e+06,2.93582e+06,1.29767e+07,0,0,0,0,50.4947,61.308,5.42727,0,1,1.37209,1.37209,0,1.05979,1.69344,8.91558e+06,3.92412e+06,1.2233e+07,0,0,0,9.00336e+07
84.716,103.622,4.71637,0.01,0,3.32076,3.32076,0,0.566855,5.7456,4.29004e+06,2.93582e+06,1.42462e+07,0,0,0,0,51.1137,61.308,3.48496,1,1,1.53382,1.53382,0,1.06008,1.69344,8.91558e+06,3.92412e+06,1.36749e+07,0,0,0,9.00336e+07
84.7794,103.622,3.08002,0.01,0,3.32164,3.32164,0,0.62231,5.7456,4.29004e+06,2.93582e+06,1.425e+07,0,0,0,0,51.4339,61.308,2.47059,1,1,1.53423,1.53423,0,1.18503,1.69344,8.91558e+06,3.92412e+06,1.36786e+07,0,0,0,9.00336e+07
86.7392,103.622,5.40546,0.01,0,3.32252,3.32252,0,0.622475,5.7456,4.29004e+06,2.93582e+06,1.42538e+07,0,0,0,0,52.1202,61.308,3.15065,1,1,1.53464,1.53464,0,1.18535,1.69344,8.91558e+06,3.92412e+06,1.36822e+07,0,0,0,9.00336e+07
88.6742,103.622,5.37898,0.01,0,3.3234,3.3234,0,0.62264,5.7456,4.29004e+06,2.93582e+06,1.42575e+07,0,0,0,0,52.9757,61.308,3.54977,1,1,1.53505,1.53505,0,1.18566,1.69344,8.91558e+06,3.92412e+06,1.36858e+07,0,0,0,9.00336e+07
90.5732,103.622,5.00127,0.01,0,2.90291,2.90291,0,0.622805,5.7456,4.29004e+06,2.93582e+06,1.24536e+07,0,0,0,0,53.652,61.308,3.04129,0,1,1.31866,1.31866,0,1.18598,1.69344,8.91558e+06,3.92412e+06,1.17566e+07,0,0,0,9.00336e+07
92.0456,103.622,4.7163,0.01,0,2.90368,2.90368,0,0.544005,5.7456,4.29004e+06,2.93582e+06,1.24569e+07,0,0,0,0,54.5158,61.308,3.38159,0,1,1.31901,1.31901,0,1.0188,1.69344,8.91558e+06,3.92412e+06,1.17597e+07,0,0,0,9.00336e+07
93.5758,103.622,4.8597,0.01,0,2.90445,2.90445,0,0.544149,5.7456,4.29004e+06,2.93582e+06,1.24602e+07,0,0,0,0,55.6794,61.308,3.93096,0,1,1.31936,1.31936,0,1.01907,1.69344,8.91558e+06,3.92412e+06,1.17629e+07,0,0,0,9.00336e+07
94.8306,103.622,4.57853,0,0,2.90522,2.90522,0,0.544294,5.7456,4.29004e+06,2.93582e+06,1.24635e+07,0,0,0,0,56.6465,61.308,3.57315,0,1,1.31971,1.31971,0,1.01934,1.69344,8.91558e+06,3.92412e+06,1.1766e+07,0,0,0,9.00336e+07
97.2884,103.622,5.90852,0,0,2.90599,2.90599,0,0.544438,5.7456,4.29004e+06,2.93582e+06,1.24668e+07,0,0,0,0,59.185,61.308,6.33055,0,1,1.32006,1.32006,0,1.01961,1.69344,8.91558e+06,3.92412e+06,1.17691e+07,0,0,0,9.00336e+07
100.197,103.622,6.48392,0,0,3.01297,3.01297,0,0.544582,5.7456,4.29004e+06,2.93582e+06,1.29258e+07,0,0,0,0,61.3945,61.308,6.8999,0,1,1.37352,1.37352,0,1.01988,1.69344,8.91558e+06,3.92412e+06,1.22457e+07,0,0,0,9.00336e+07
99.9739,103.622,3.01756,0,0,3.01377,3.01377,0,0.56463,5.7456,4.29004e+06,2.93582e+06,1.29292e+07,0,0,0,0,62.0021,61.308,2.53197,0,1,1.37388,1.37388,0,1.06118,1.69344,8.91558e+06,3.92412e+06,1.22489e+07,0,0,0,9.00336e+07
101.521,103.622,4.97623,0,0,3.01456,3.01456,0,0.56478,5.7456,4.29004e+06,2.93582e+06,1.29326e+07,0,0,0,0,62.3362,61.308,5.15658,0,1,1.37424,1.37424,0,1.06146,1.69344,8.91558e+06,3.92412e+06,1.22522e+07,0,0,0,9.00336e+07
102.199,103.622,4.02353,0,0,3.01536,3.01536,0,0.564929,5.7456,4.29004e+06,2.93582e+06,1.2936e+07,0,0,0,0,62.3362,61.308,4.21713,0,1,1.37461,1.37461,0,1.06174,1.69344,8.91558e+06,3.92412e+06,1.22554e+07,0,0,0,9.00336e+07
102.031,103.622,2.94961,0,0,2.97459,2.97459,0,0.565079,5.7456,4.29004e+06,2.93582e+06,1.27611e+07,0,0,0,0,61.9847,61.308,2.94219,0,1,1.35433,1.35433,0,1.06202,1.69344,8.91558e+06,3.92412e+06,1.20746e+07,0,0,0,9.00336e+07
101.313,103.622,2.27404,0,0,2.97538,2.97538,0,0.557439,5.7456,4.29004e+06,2.93582e+06,1.27645e+07,0,0,0,0,61.7858,61.308,1.95863,0,1,1.35468,1.35468,0,1.04635,1.69344,8.91558e+06,3.92412e+06,1.20778e+07,0,0,0,9.00336e+07
100.528,103.622,2.10771,0,0,2.97617,2.97617,0,0.557586,5.7456,4.29004e+06,2.93582e+06,1.27679e+07,0,0,0,0,61.7707,61.308,1.80147,0,1,1.35504,1.35504,0,1.04663,1.69344,8.91558e+06,3.92412e+06,1.2081e+07,0,0,0,9.00336e+07
99.708,103.622,2.09053,0,0,2.97696,2.97696,0,0.557734,5.7456,4.29004e+06,2.93582e+06,1.27713e+07,0,0,0,0,61.6554,61.308,2.04325,0,1,1.3554,1.3554,0,1.04691,1.69344,8.91558e+06,3.92412e+06,1.20842e+07,0,0,0,9.00336e+07
98.7878,103.622,2.04895,0,0,3.119,3.119,0,0.557882,5.7456,4.29004e+06,2.93582e+06,1.33807e+07,0,0,0,0,61.4465,61.308,1.85519,0,1,1.42906,1.42906,0,1.04718,1.69344,8.91558e+06,3.92412e+06,1.27409e+07,0,0,0,9.00336e+07
97.7645,103.622,1.91172,0,0,3.11983,3.11983,0,0.584501,5.7456,4.29004e+06,2.93582e+06,1.33842e+07,0,0,0,0,61.0746,61.308,1.67676,0,1,1.42944,1.42944,0,1.10409,1.69344,8.91558e+06,3.92412e+06,1.27443e+07,0,0,0,9.00336e+07
96.6238,103.622,1.7125,0,0,3.12065,3.12065,0,0.584656,5.7456,4.29004e+06,2.93582e+06,1.33877e+07,0,0,0,0,60.7541,61.308,1.65468,0,1,1.42982,1.42982,0,1.10438,1.69344,8.91558e+06,3.92412e+06,1.27477e+07,0,0,0,9.00336e+07
95.4778,103.622,1.7023,0,0,3.12148,3.12148,0,0.584811,5.7456,4.29004e+06,2.93582e+06,1.33913e+07,0,0,0,0,60.4452,61.308,1.68045,0,1,1.4302,1.4302,0,1.10468,1.69344,8.91558e+06,3.92412e+06,1.2751e+07,0,0,0,9.00336e+07
94.2532,103.622,1.58836,0,0,3.12231,3.12231,0,0.584966,5.7456,4.29004e+06,2.93582e+06,1.33948e+07,0,0,0,0,60.2268,61.308,1.60789,0,1,1.43058,1.43058,0,1.10497,1.69344,8.91558e+06,3.92412e+06,1.27544e+07,0,0,0,9.00336e+07
93.2234,103.622,1.73388,0,0,3.09516,3.09516,0,0.58512,5.7456,4.29004e+06,2.93582e+06,1.32784e+07,0,0,0,0,60.0657,61.308,1.74854,0,1,1.47129,1.47129,0,1.10526,1.69344,8.91558e+06,3.92412e+06,1.31174e+07,0,0,0,9.00336e+07
92.332,103.622,1.85531,0,0,3.09598,3.09598,0,0.580034,5.7456,4.29004e+06,2.93582e+06,1.32819e+07,0,0,0,0,59.9254,61.308,1.85225,0,1,1.47168,1.47168,0,1.13672,1.69344,8.91558e+06,3.92412e+06,1.31209e+07,0,0,0,9.00336e+07
91.3191,103.622,1.72279,0,0,3.0968,3.0968,0,0.580187,5.7456,4.29004e+06,2.93582e+06,1.32854e+07,0,0,0,0,59.5998,61.308,1.83569,0,1,1.47207,1.47207,0,1.13702,1.69344,8.91558e+06,3.92412e+06,1.31244e+07,0,0,0,9.00336e+07
90.184,103.622,1.57709,0,0,3.09762,3.09762,0,0.580341,5.7456,4.29004e+06,2.93582e+06,1.32889e+07,0,0,0,0,59.2846,61.308,1.6303,0,1,1.47246,1.47246,0,1.13732,1.69344,8.91558e+06,3.92412e+06,1.31279e+07,0,0,0,9.00336e+07
88.9451,103.622,1.48092,0.01,0,3.17075,3.17075,0,0.580494,5.7456,4.29004e+06,2.93582e+06,1.36027e+07,0,0,0,0,59.0474,61.308,1.66564,0,1,1.50884,1.50884,0,1.13763,1.69344,8.91558e+06,3.92412e+06,1.34522e+07,0,0,0,9.00336e+07
87.8044,103.622,1.56647,0.01,0,3.17159,3.17159,0,0.594199,5.7456,4.29004e+06,2.93582e+06,1.36063e+07,0,0,0,0,58.8766,61.308,1.97513,0,1,1.50924,1.50924,0,1.16573,1.69344,8.91558e+06,3.92412e+06,1.34558e+07,0,0,0,9.00336e+07
86.5543,103.622,1.43256,0.01,0,3.17243,3.17243,0,0.594356,5.7456,4.29004e+06,2.93582e+06,1.36099e+07,0,0,0,0,58.6944,61.308,1.87014,0,1,1.50964,1.50964,0,1.16604,1.69344,8.91558e+06,3.92412e+06,1.34593e+07,0,0,0,9.00336e+07
85.1471,103.622,1.23768,0.01,0,3.17327,3.17327,0,0.594514,5.7456,4.29004e+06,2.93582e+06,1.36135e+07,0,0,0,0,58.4819,61.308,1.85593,0,1,1.51004,1.51004,0,1.16635,1.69344,8.91558e+06,3.92412e+06,1.34629e+07,0,0,0,9.00336e+07
83.4867,103.622,1.09861,0.01,0,3.3861,3.3861,0,0.594671,5.7456,4.29004e+06,2.93582e+06,1.45265e+07,0,0,0,0,58.0649,61.308,1.77641,1,1,1.64048,1.64048,0,1.16666,1.69344,8.91558e+06,3.92412e+06,1.46259e+07,0,0,0,9.00336e+07
81.7632,103.622,1.02819,0.01,0,3.38699,3.38699,0,0.634554,5.7456,4.29004e+06,2.93582e+06,1.45303e+07,0,0,0,0,57.566,61.308,1.69232,1,1,1.64092,1.64092,0,1.26744,1.69344,8.91558e+06,3.92412e+06,1.46297e+07,0,0,0,9.00336e+07
80.192,103.622,1.18111,0.03,0,3.38789,3.38789,0,0.634722,5.7456,4.29004e+06,2.93582e+06,1.45342e+07,0,0,0,0,57.0695,61.308,1.66482,1,1,1.64135,1.64135,0,1.26777,1.69344,8.91558e+06,3.92412e+06,1.46336e+07,0,0,0,9.00336e+07
78.3811,103.622,0.880578,0.03,0,3.38878,3.38878,0,0.63489,5.7456,4.29004e+06,2.93582e+06,1.4538e+07,0,0,0,0,56.4459,61.308,1.54832,1,1,1.64179,1.64179,0,1.26811,1.69344,8.91558e+06,3.92412e+06,1.46375e+07,0,0,0,9.00336e+07
76.6339,103.622,0.91519,0.03,0,3.38968,3.38968,0,0.635058,5.7456,4.29004e+06,2.93582e+06,1.45419e+07,0,0,0,0,56.0379,61.308,1.51177,1,1,1.64222,1.64222,0,1.26844,1.69344,8.91558e+06,3.92412e+06,1.46413e+07,0,0,0,9.00336e+07
75.0156,103.622,0.983812,0.03,0,3.28713,3.28713,0,0.635226,5.7456,4.29004e+06,2.93582e+06,1.41019e+07,0,0,0,0,55.8983,61.308,2.22522,1,1,1.56362,1.56362,0,1.26878,1.69344,8.91558e+06,3.92412e+06,1.39406e+07,0,0,0,9.00336e+07
73.5748,103.622,1.19514,0.02,0,3.288,3.288,0,0.616008,5.7456,4.29004e+06,2.93582e+06,1.41056e+07,0,0,0,0,55.6895,61.308,1.83943,1,1,1.56403,1.56403,0,1.20805,1.69344,8.91558e+06,3.92412e+06,1.39443e+07,0,0,0,9.00336e+07
72.2854,103.622,1.36592,0.02,0,3.28887,3.28887,0,0.61617,5.7456,4.29004e+06,2.93582e+06,1.41094e+07,0,0,0,0,55.7289,61.308,2.56039,1,1,1.56445,1.56445,0,1.20837,1.69344,8.91558e+06,3.92412e+06,1.39479e+07,0,0,0,9.00336e+07
70.8983,103.622,1.19251,0.03,0,3.28974,3.28974,0,0.616333,5.7456,4.29004e+06,2.93582e+06,1.41131e+07,0,0,0,0,55.5929,61.308,2.05042,1,1,1.56486,1.56486,0,1.20869,1.69344,8.91558e+06,3.92412e+06,1.39516e+07,0,0,0,9.00336e+07
69.876,103.622,1.59696,0.03,0,3.2056,3.2056,0,0.616496,5.7456,4.29004e+06,2.93582e+06,1.37522e+07,0,0,0,0,55.5142,61.308,3.22244,0,1,1.49326,1.49326,0,1.20901,1.69344,8.91558e+06,3.92412e+06,1.33132e+07,0,0,0,9.00336e+07
68.7024,103.622,1.3189,0.03,0,3.20645,3.20645,0,0.60073,5.7456,4.29004e+06,2.93582e+06,1.37558e+07,0,0,0,0,55.0849,61.308,1.20804,0,1,1.49365,1.49365,0,1.15369,1.69344,8.91558e+06,3.92412e+06,1.33168e+07,0,0,0,9.00336e+07
67.9251,103.622,1.78623,0.02,0,3.2073,3.2073,0,0.600888,5.7456,4.29004e+06,2.93582e+06,1.37594e+07,0,0,0,0,55.017,61.308,3.00272,0,1,1.49404,1.49404,0,1.15399,1.69344,8.91558e+06,3.92412e+06,1.33203e+07,0,0,0,9.00336e+07
69.7707,103.622,4.68883,0.02,0,3.20814,3.20814,0,0.601047,5.7456,4.29004e+06,2.93582e+06,1.37631e+07,0,0,0,0,55.8007,61.308,5.75797,0,1,1.49444,1.49444,0,1.1543,1.69344,8.91558e+06,3.92412e+06,1.33238e+07,0,0,0,9.00336e+07
69.9837,103.622,2.7686,0.02,0,2.96732,2.96732,0,0.601206,5.7456,4.29004e+06,2.93582e+06,1.27299e+07,0,0,0,0,56.1122,61.308,2.75481,0,1,1.34468,1.34468,0,1.1546,1.69344,8.91558e+06,3.92412e+06,1.19886e+07,0,0,0,9.00336e+07
69.6486,103.622,2.21586,0.02,0,2.9681,2.9681,0,0.556075,5.7456,4.29004e+06,2.93582e+06,1.27333e+07,0,0,0,0,56.8147,61.308,4.31343,0,1,1.34504,1.34504,0,1.0389,1.69344,8.91558e+06,3.92412e+06,1.19918e+07,0,0,0,9.00336e+07
71.458,103.622,4.65419,0.02,0,2.96889,2.96889,0,0.556222,5.7456,4.29004e+06,2.93582e+06,1.27366e+07,0,0,0,0,57.4091,61.308,5.1663,0,1,1.34539,1.34539,0,1.03918,1.69344,8.91558e+06,3.92412e+06,1.1995e+07,0,0,0,9.00336e+07
73.5308,103.622,4.99289,0.02,0,2.96967,2.96967,0,0.556369,5.7456,4.29004e+06,2.93582e+06,1.274e+07,0,0,0,0,58.4694,61.308,5.62587,0,1,1.34575,1.34575,0,1.03945,1.69344,8.91558e+06,3.92412e+06,1.19981e+07,0,0,0,9.00336e+07
73.7928,103.622,3.06155,0.02,0,2.97045,2.97045,0,0.556516,5.7456,4.29004e+06,2.93582e+06,1.27434e+07,0,0,0,0,58.8079,61.308,3.63695,0,1,1.3461,1.3461,0,1.03973,1.69344,8.91558e+06,3.92412e+06,1.20013e+07,0,0,0,9.00336e+07
73.6084,103.622,2.50285,0.02,0,2.97045,2.97045,0,0.556663,5.7456,4.29004e+06,2.93582e+06,1.27434e+07,0,0,0,0,59.0073,61.308,2.97827,0,1,1.3461,1.3461,0,1.04,1.69344,8.91558e+06,3.92412e+06,1.20013e+07,0,0,0,9.00336e+07
73.7064,103.622,2.85222,0.01,0,3.0643,3.0643,0,0.556663,5.7456,4.29004e+06,2.93582e+06,1.3146e+07,0,0,0,0,59.2309,61.308,3.23963,0,1,1.38999,1.38999,0,1.04,1.69344,8.91558e+06,3.92412e+06,1.23926e+07,0,0,0,9.00336e+07
74.9653,103.622,4.18815,0.01,0,3.06507,3.06507,0,0.57425,5.7456,4.29004e+06,2.93582e+06,1.31493e+07,0,0,0,0,59.7869,61.308,3.49742,0,1,1.39034,1.39034,0,1.0739,1.69344,8.91558e+06,3.92412e+06,1.23957e+07,0,0,0,9.00336e+07
75.757,103.622,3.71655,0.01,0,3.06585,3.06585,0,0.574395,5.7456,4.29004e+06,2.93582e+06,1.31526e+07,0,0,0,0,60.619,61.308,4.69143,0,1,1.39069,1.39069,0,1.07418,1.69344,8.91558e+06,3.92412e+06,1.23988e+07,0,0,0,9.00336e+07
78.3501,103.622,5.77124,0.01,0,3.06663,3.06663,0,0.57454,5.7456,4.29004e+06,2.93582e+06,1.3156e+07,0,0,0,0,62.3362,61.308,7.15231,0,1,1.39104,1.39104,0,1.07445,1.69344,8.91558e+06,3.92412e+06,1.2402e+07,0,0,0,9.00336e+07
79.8931,103.622,5.06181,0.02,0,3.36659,3.36659,0,0.574686,5.7456,4.29004e+06,2.93582e+06,1.44428e+07,0,0,0,0,62.3362,61.308,6.36599,1,1,1.55499,1.55499,0,1.07472,1.69344,8.91558e+06,3.92412e+06,1.38637e+07,0,0,0,9.00336e+07
80.3972,103.622,3.86443,0.03,0,3.36744,3.36744,0,0.630899,5.7456,4.29004e+06,2.93582e+06,1.44465e+07,0,0,0,0,62.3362,61.308,3.63881,1,1,1.55539,1.55539,0,1.20139,1.69344,8.91558e+06,3.92412e+06,1.38672e+07,0,0,0,9.00336e+07
83.8861,103.622,7.13992,0.03,0,3.36829,3.36829,0,0.631059,5.7456,4.29004e+06,2.93582e+06,1.44501e+07,0,0,0,0,62.3362,61.308,7.31691,1,1,1.55578,1.55578,0,1.20169,1.69344,8.91558e+06,3.92412e+06,1.38707e+07,0,0,0,9.00336e+07
88.3724,103.622,8.37082,0.01,0,3.36915,3.36915,0,0.631218,5.7456,4.29004e+06,2.93582e+06,1.44538e+07,0,0,0,0,62.3362,61.308,11.5682,1,1,1.55617,1.55617,0,1.202,1.69344,8.91558e+06,3.92412e+06,1.38742e+07,0,0,0,9.00336e+07
93.6476,103.622,8.75158,0.01,0,2.94283,2.94283,0,0.631378,5.7456,4.29004e+06,2.93582e+06,1.26249e+07,0,0,0,0,62.3362,61.308,4.71176,0,1,1.33679,1.33679,0,1.2023,1.69344,8.91558e+06,3.92412e+06,1.19183e+07,0,0,0,9.00336e+07
98.5018,103.622,8.62606,0,0,2.94357,2.94357,0,0.551486,5.7456,4.29004e+06,2.93582e+06,1.26281e+07,0,0,0,0,62.3362,61.308,6.24542,0,1,1.33713,1.33713,0,1.03281,1.69344,8.91558e+06,3.92412e+06,1.19213e+07,0,0,0,9.00336e+07
102.493,103.622,7.883,0,0,2.94432,2.94432,0,0.551626,5.7456,4.29004e+06,2.93582e+06,1.26313e+07,0,0,0,0,62.3362,61.308,6.28976,0,1,1.33747,1.33747,0,1.03307,1.69344,8.91558e+06,3.92412e+06,1.19243e+07,0,0,0,9.00336e+07
103.622,103.622,8.69467,0,0,2.94506,2.94506,0,0.551765,5.7456,4.29004e+06,2.93582e+06,1.26344e+07,0,0,0,0,62.3362,61.308,8.20905,0,1,1.33781,1.33781,0,1.03333,1.69344,8.91558e+06,3.92412e+06,1.19274e+07,0,0,0,9.00336e+07
103.622,103.622,10.5632,0,0,2.94581,2.94581,0,0.551905,5.7456,4.29004e+06,2.93582e+06,1.26376e+07,0,0,0,0,62.3362,61.308,8.35086,0,1,1.33815,1.33815,0,1.03359,1.69344,8.91558e+06,3.92412e+06,1.19304e+07,0,0,0,9.00336e+07
103.622,103.622,10.2173,0,0,3.05421,3.05421,0,0.552044,5.7456,4.29004e+06,2.93582e+06,1.31027e+07,0,0,0,0,62.3362,61.308,11.1697,0,1,1.39232,1.39232,0,1.03385,1.69344,8.91558e+06,3.92412e+06,1.24133e+07,0,0,0,9.00336e+07
103.622,103.622,8.81654,0,0,3.05499,3.05499,0,0.57236,5.7456,4.29004e+06,2.93582e+06,1.3106e+07,0,0,0,0,62.3362,61.308,7.91191,0,1,1.39267,1.39267,0,1.07571,1.69344,8.91558e+06,3.92412e+06,1.24165e+07,0,0,0,9.00336e+07
103.622,103.622,6.88681,0,0,3.05576,3.05576,0,0.572504,5.7456,4.29004e+06,2.93582e+06,1.31093e+07,0,0,0,0,62.3362,61.308,5.29523,0,1,1.39302,1.39302,0,1.07598,1.69344,8.91558e+06,3.92412e+06,1.24196e+07,0,0,0,9.00336e+07
103.622,103.622,6.18101,0,0,3.05653,3.05653,0,0.572649,5.7456,4.29004e+06,2.93582e+06,1.31126e+07,0,0,0,0,62.3362,61.308,4.38902,0,1,1.39338,1.39338,0,1.07625,1.69344,8.91558e+06,3.92412e+06,1.24228e+07,0,0,0,9.00336e+07
103.622,103.622,3.71667,0,0,3.01517,3.01517,0,0.572794,5.7456,4.29004e+06,2.93582e+06,1.29352e+07,0,0,0,0,62.3362,61.308,3.42069,0,1,1.3728,1.3728,0,1.07652,1.69344,8.91558e+06,3.92412e+06,1.22393e+07,0,0,0,9.00336e+07
103.622,103.622,4.22371,0,0,3.01593,3.01593,0,0.565042,5.7456,4.29004e+06,2.93582e+06,1.29385e+07,0,0,0,0,62.3362,61.308,3.47136,0,1,1.37315,1.37315,0,1.06062,1.69344,8.91558e+06,3.92412e+06,1.22424e+07,0,0,0,9.00336e+07
103.622,103.622,4.71203,0,0,3.01669,3.01669,0,0.565185,5.7456,4.29004e+06,2.93582e+06,1.29417e+07,0,0,0,0,62.3362,61.308,3.61303,0,1,1.37349,1.37349,0,1.06089,1.69344,8.91558e+06,3.92412e+06,1.22455e+07,0,0,0,9.00336e+07
103.622,103.622,3.28559,0,0,3.01745,3.01745,0,0.565328,5.7456,4.29004e+06,2.93582e+06,1.2945e+07,0,0,0,0,62.3362,61.308,3.11006,0,1,1.37384,1.37384,0,1.06116,1.69344,8.91558e+06,3.92412e+06,1.22486e+07,0,0,0,9.00336e+07
103.622,103.622,3.40074,0,0,3.16139,3.16139,0,0.565471,5.7456,4.29004e+06,2.93582e+06,1.35625e+07,0,0,0,0,62.3362,61.308,3.29584,0,1,1.44848,1.44848,0,1.06143,1.69344,8.91558e+06,3.92412e+06,1.29141e+07,0,0,0,9.00336e+07
103.622,103.622,3.17787,0,0,3.16219,3.16219,0,0.592444,5.7456,4.29004e+06,2.93582e+06,1.35659e+07,0,0,0,0,62.3362,61.308,2.9079,0,1,1.44885,1.44885,0,1.1191,1.69344,8.91558e+06,3.92412e+06,1.29173e+07,0,0,0,9.00336e+07
103.569,103.622,3.02427,0,0,3.16299,3.16299,0,0.592594,5.7456,4.29004e+06,2.93582e+06,1.35694e+07,0,0,0,0,62.3362,61.308,2.54418,0,1,1.44921,1.44921,0,1.11938,1.69344,8.91558e+06,3.92412e+06,1.29206e+07,0,0,0,9.00336e+07
103.391,103.622,2.87733,0,0,3.16379,3.16379,0,0.592744,5.7456,4.29004e+06,2.93582e+06,1.35728e+07,0,0,0,0,62.2203,61.308,2.39658,0,1,1.44958,1.44958,0,1.11966,1.69344,8.91558e+06,3.92412e+06,1.29239e+07,0,0,0,9.00336e+07
103.046,103.622,2.68627,0,0,3.16459,3.16459,0,0.592894,5.7456,4.29004e+06,2.93582e+06,1.35762e+07,0,0,0,0,62.148,61.308,2.41348,0,1,1.44995,1.44995,0,1.11995,1.69344,8.91558e+06,3.92412e+06,1.29271e+07,0,0,0,9.00336e+07
102.576,103.622,2.51774,0,0,3.13703,3.13703,0,0.593043,5.7456,4.29004e+06,2.93582e+06,1.3458e+07,0,0,0,0,62.1495,61.308,2.3468,0,1,1.4912,1.4912,0,1.12023,1.69344,8.91558e+06,3.92412e+06,1.32949e+07,0,0,0,9.00336e+07
102,103.622,2.39118,0,0,3.13783,3.13783,0,0.58788,5.7456,4.29004e+06,2.93582e+06,1.34614e+07,0,0,0,0,62.0944,61.308,2.09704,0,1,1.49157,1.49157,0,1.1521,1.69344,8.91558e+06,3.92412e+06,1.32983e+07,0,0,0,9.00336e+07
101.363,103.622,2.30958,0,0,3.13862,3.13862,0,0.588029,5.7456,4.29004e+06,2.93582e+06,1.34648e+07,0,0,0,0,62.0127,61.308,1.99808,0,1,1.49195,1.49195,0,1.15239,1.69344,8.91558e+06,3.92412e+06,1.33016e+07,0,0,0,9.00336e+07
100.908,103.622,2.47537,0,0,3.13941,3.13941,0,0.588177,5.7456,4.29004e+06,2.93582e+06,1.34682e+07,0,0,0,0,62.0376,61.308,2.25479,0,1,1.49233,1.49233,0,1.15268,1.69344,8.91558e+06,3.92412e+06,1.3305e+07,0,0,0,9.00336e+07
100.118,103.622,2.12883,0,0,3.21349,3.21349,0,0.588326,5.7456,4.29004e+06,2.93582e+06,1.3786e+07,0,0,0,0,61.8415,61.308,2.09897,1,1,1.52918,1.52918,0,1.15297,1.69344,8.91558e+06,3.92412e+06,1.36335e+07,0,0,0,9.00336e+07
99.1472,103.622,1.93645,0,0,3.2143,3.2143,0,0.602208,5.7456,4.29004e+06,2.93582e+06,1.37895e+07,0,0,0,0,61.607,61.308,2.01329,1,1,1.52957,1.52957,0,1.18144,1.69344,8.91558e+06,3.92412e+06,1.3637e+07,0,0,0,9.00336e+07
98.0342,103.622,1.76812,0,0,3.21511,3.21511,0,0.60236,5.7456,4.29004e+06,2.93582e+06,1.3793e+07,0,0,0,0,61.349,61.308,1.8544,1,1,1.52995,1.52995,0,1.18174,1.69344,8.91558e+06,3.92412e+06,1.36404e+07,0,0,0,9.00336e+07
96.7406,103.622,1.55818,0,0,3.21592,3.21592,0,0.602512,5.7456,4.29004e+06,2.93582e+06,1.37965e+07,0,0,0,0,60.9455,61.308,1.83785,1,1,1.53034,1.53034,0,1.18204,1.69344,8.91558e+06,3.92412e+06,1.36439e+07,0,0,0,9.00336e+07
95.3117,103.622,1.52423,0,0,3.43157,3.43157,0,0.602664,5.7456,4.29004e+06,2.93582e+06,1.47216e+07,0,0,0,0,60.2392,61.308,1.66849,1,1,1.66251,1.66251,0,1.18234,1.69344,8.91558e+06,3.92412e+06,1.48223e+07,0,0,0,9.00336e+07
93.9387,103.622,1.55113,0.01,0,3.43243,3.43243,0,0.643076,5.7456,4.29004e+06,2.93582e+06,1.47253e+07,0,0,0,0,59.7932,61.308,1.51788,1,1,1.66293,1.66293,0,1.28446,1.69344,8.91558e+06,3.92412e+06,1.4826e+07,0,0,0,9.00336e+07
92.4978,103.622,1.46938,0.01,0,3.4333,3.4333,0,0.643238,5.7456,4.29004e+06,2.93582e+06,1.4729e+07,0,0,0,0,59.3503,61.308,2.11257,1,1,1.66335,1.66335,0,1.28478,1.69344,8.91558e+06,3.92412e+06,1.48298e+07,0,0,0,9.00336e+07
91.0075,103.622,1.39606,0.02,0,3.43417,3.43417,0,0.643401,5.7456,4.29004e+06,2.93582e+06,1.47327e+07,0,0,0,0,58.8889,61.308,2.09184,1,1,1.66377,1.66377,0,1.28511,1.69344,8.91558e+06,3.92412e+06,1.48335e+07,0,0,0,9.00336e+07
89.6253,103.622,1.44946,0.02,0,3.43503,3.43503,0,0.643563,5.7456,4.29004e+06,2.93582e+06,1.47364e+07,0,0,0,0,58.1702,61.308,1.90183,1,1,1.66419,1.66419,0,1.28543,1.69344,8.91558e+06,3.92412e+06,1.48372e+07,0,0,0,9.00336e+07
88.4303,103.622,1.54219,0.02,0,3.33107,3.33107,0,0.643725,5.7456,4.29004e+06,2.93582e+06,1.42904e+07,0,0,0,0,57.6874,61.308,1.44079,1,1,1.58452,1.58452,0,1.28575,1.69344,8.91558e+06,3.92412e+06,1.41269e+07,0,0,0,9.00336e+07
87.3914,103.622,1.75955,0.02,0,3.33191,3.33191,0,0.624242,5.7456,4.29004e+06,2.93582e+06,1.4294e+07,0,0,0,0,57.409,61.308,1.99167,1,1,1.58492,1.58492,0,1.2242,1.69344,8.91558e+06,3.92412e+06,1.41305e+07,0,0,0,9.00336e+07
86.2912,103.622,1.70612,0.02,0,3.33275,3.33275,0,0.624399,5.7456,4.29004e+06,2.93582e+06,1.42976e+07,0,0,0,0,57.1146,61.308,1.8888,1,1,1.58532,1.58532,0,1.22451,1.69344,8.91558e+06,3.92412e+06,1.4134e+07,0,0,0,9.00336e+07
85.3932,103.622,2.03087,0.02,0,3.33359,3.33359,0,0.624557,5.7456,4.29004e+06,2.93582e+06,1.43012e+07,0,0,0,0,56.7355,61.308,2.36579,1,1,1.58572,1.58572,0,1.22482,1.69344,8.91558e+06,3.92412e+06,1.41376e+07,0,0,0,9.00336e+07
83.9693,103.622,1.39152,0.02,0,3.24829,3.24829,0,0.624714,5.7456,4.29004e+06,2.93582e+06,1.39353e+07,0,0,0,0,56.3978,61.308,1.42921,0,1,1.51314,1.51314,0,1.22513,1.69344,8.91558e+06,3.92412e+06,1.34905e+07,0,0,0,9.00336e+07
83.6801,103.622,2.58001,0.02,0,3.24911,3.24911,0,0.60873,5.7456,4.29004e+06,2.93582e+06,1.39388e+07,0,0,0,0,56.2708,61.308,1.6715,0,1,1.51352,1.51352,0,1.16905,1.69344,8.91558e+06,3.92412e+06,1.34939e+07,0,0,0,9.00336e+07
84.7428,103.622,4.06013,0.02,0,3.24993,3.24993,0,0.608883,5.7456,4.29004e+06,2.93582e+06,1.39423e+07,0,0,0,0,56.7284,61.308,3.06732,0,1,1.51391,1.51391,0,1.16935,1.69344,8.91558e+06,3.92412e+06,1.34973e+07,0,0,0,9.00336e+07
84.4838,103.622,2.68749,0.02,0,3.25075,3.25075,0,0.609037,5.7456,4.29004e+06,2.93582e+06,1.39459e+07,0,0,0,0,56.9003,61.308,2.52423,0,1,1.51429,1.51429,0,1.16964,1.69344,8.91558e+06,3.92412e+06,1.35008e+07,0,0,0,9.00336e+07
84.5214,103.622,2.84956,0.01,0,3.00669,3.00669,0,0.60919,5.7456,4.29004e+06,2.93582e+06,1.28988e+07,0,0,0,0,57.3035,61.308,2.90517,0,1,1.36252,1.36252,0,1.16994,1.69344,8.91558e+06,3.92412e+06,1.21477e+07,0,0,0,9.00336e+07
86.0475,103.622,4.60945,0.01,0,3.00745,3.00745,0,0.563453,5.7456,4.29004e+06,2.93582e+06,1.29021e+07,0,0,0,0,58.3006,61.308,4.83405,0,1,1.36287,1.36287,0,1.05269,1.69344,8.91558e+06,3.92412e+06,1.21508e+07,0,0,0,9.00336e+07
89.0615,103.622,6.14723,0.01,0,3.0082,3.0082,0,0.563595,5.7456,4.29004e+06,2.93582e+06,1.29053e+07,0,0,0,0,60.1212,61.308,6.83733,0,1,1.36321,1.36321,0,1.05295,1.69344,8.91558e+06,3.92412e+06,1.21538e+07,0,0,0,9.00336e+07
90.0549,103.622,4.04217,0.01,0,3.00896,3.00896,0,0.563737,5.7456,4.29004e+06,2.93582e+06,1.29086e+07,0,0,0,0,60.4181,61.308,3.26513,0,1,1.36356,1.36356,0,1.05322,1.69344,8.91558e+06,3.92412e+06,1.21569e+07,0,0,0,9.00336e+07
91.601,103.622,4.77293,0.01,0,3.00972,3.00972,0,0.563879,5.7456,4.29004e+06,2.93582e+06,1.29118e+07,0,0,0,0,60.8307,61.308,3.71274,0,1,1.3639,1.3639,0,1.05348,1.69344,8.91558e+06,3.92412e+06,1.216e+07,0,0,0,9.00336e+07
95.3713,103.622,7.07499,0.01,0,3.10477,3.10477,0,0.564022,5.7456,4.29004e+06,2.93582e+06,1.33196e+07,0,0,0,0,62.0121,61.308,4.82261,0,1,1.40834,1.40834,0,1.05375,1.69344,8.91558e+06,3.92412e+06,1.25562e+07,0,0,0,9.00336e+07
98.8489,103.622,6.81102,0,0,3.10552,3.10552,0,0.581834,5.7456,4.29004e+06,2.93582e+06,1.33228e+07,0,0,0,0,62.3362,61.308,4.55009,0,1,1.40868,1.40868,0,1.08809,1.69344,8.91558e+06,3.92412e+06,1.25592e+07,0,0,0,9.00336e+07
100.852,103.622,5.22372,0,0,3.10627,3.10627,0,0.581974,5.7456,4.29004e+06,2.93582e+06,1.3326e+07,0,0,0,0,62.3362,61.308,3.44321,0,1,1.40902,1.40902,0,1.08835,1.69344,8.91558e+06,3.92412e+06,1.25623e+07,0,0,0,9.00336e+07
102.381,103.622,4.78353,0,0,3.10701,3.10701,0,0.582114,5.7456,4.29004e+06,2.93582e+06,1.33292e+07,0,0,0,0,62.3362,61.308,3.22645,0,1,1.40936,1.40936,0,1.08861,1.69344,8.91558e+06,3.92412e+06,1.25653e+07,0,0,0,9.00336e+07
103.622,103.622,7.57011,0,0,3.41089,3.41089,0,0.582255,5.7456,4.29004e+06,2.93582e+06,1.46329e+07,0,0,0,0,62.3362,61.308,6.11033,1,1,1.57545,1.57545,0,1.08887,1.69344,8.91558e+06,3.92412e+06,1.40461e+07,0,0,0,9.00336e+07
103.622,103.622,7.14918,0,0,3.41171,3.41171,0,0.6392,5.7456,4.29004e+06,2.93582e+06,1.46364e+07,0,0,0,0,62.3362,61.308,4.95535,1,1,1.57583,1.57583,0,1.2172,1.69344,8.91558e+06,3.92412e+06,1.40495e+07,0,0,0,9.00336e+07
103.622,103.622,6.88001,0,0,3.41253,3.41253,0,0.639355,5.7456,4.29004e+06,2.93582e+06,1.46399e+07,0,0,0,0,62.3362,61.308,5.75895,1,1,1.57621,1.57621,0,1.21749,1.69344,8.91558e+06,3.92412e+06,1.40529e+07,0,0,0,9.00336e+07
103.622,103.622,6.21772,0,0,3.41336,3.41336,0,0.639509,5.7456,4.29004e+06,2.93582e+06,1.46434e+07,0,0,0,0,62.3362,61.308,3.62102,1,1,1.57659,1.57659,0,1.21778,1.69344,8.91558e+06,3.92412e+06,1.40563e+07,0,0,0,9.00336e+07
103.622,103.622,6.09199,0,0,2.98141,2.98141,0,0.639663,5.7456,4.29004e+06,2.93582e+06,1.27904e+07,0,0,0,0,62.3362,61.308,4.13547,0,1,1.35432,1.35432,0,1.21808,1.69344,8.91558e+06,3.92412e+06,1.20746e+07,0,0,0,9.00336e+07
103.622,103.622,6.85453,0,0,2.98213,2.98213,0,0.558716,5.7456,4.29004e+06,2.93582e+06,1.27935e+07,0,0,0,0,62.3362,61.308,5.16639,0,1,1.35465,1.35465,0,1.04635,1.69344,8.91558e+06,3.92412e+06,1.20775e+07,0,0,0,9.00336e+07
103.622,103.622,6.54662,0,0,2.98285,2.98285,0,0.558851,5.7456,4.29004e+06,2.93582e+06,1.27965e+07,0,0,0,0,62.3362,61.308,5.41369,0,1,1.35497,1.35497,0,1.0466,1.69344,8.91558e+06,3.92412e+06,1.20804e+07,0,0,0,9.00336e+07
103.622,103.622,6.73207,0,0,2.98357,2.98357,0,0.558985,5.7456,4.29004e+06,2.93582e+06,1.27996e+07,0,0,0,0,62.3362,61.308,6.38549,0,1,1.3553,1.3553,0,1.04685,1.69344,8.91558e+06,3.92412e+06,1.20833e+07,0,0,0,9.00336e+07
103.622,103.622,8.54053,0,0,2.98428,2.98428,0,0.55912,5.7456,4.29004e+06,2.93582e+06,1.28027e+07,0,0,0,0,62.3362,61.308,8.49218,0,1,1.35563,1.35563,0,1.0471,1.69344,8.91558e+06,3.92412e+06,1.20862e+07,0,0,0,9.00336e+07
103.622,103.622,7.14185,0,0,3.09407,3.09407,0,0.559255,5.7456,4.29004e+06,2.93582e+06,1.32737e+07,0,0,0,0,62.3362,61.308,5.84243,0,1,1.41049,1.41049,0,1.04736,1.69344,8.91558e+06,3.92412e+06,1.25753e+07,0,0,0,9.00336e+07
103.622,103.622,6.35639,0,0,3.09481,3.09481,0,0.579829,5.7456,4.29004e+06,2.93582e+06,1.32769e+07,0,0,0,0,62.3362,61.308,5.25745,0,1,1.41083,1.41083,0,1.08974,1.69344,8.91558e+06,3.92412e+06,1.25784e+07,0,0,0,9.00336e+07
103.622,103.622,6.54618,0,0,3.09556,3.09556,0,0.579968,5.7456,4.29004e+06,2.93582e+06,1.32801e+07,0,0,0,0,62.3362,61.308,6.08399,0,1,1.41117,1.41117,0,1.09001,1.69344,8.91558e+06,3.92412e+06,1.25814e+07,0,0,0,9.00336e+07
103.622,103.622,6.3506,0,0,3.09631,3.09631,0,0.580108,5.7456,4.29004e+06,2.93582e+06,1.32833e+07,0,0,0,0,62.3362,61.308,3.87886,0,1,1.41151,1.41151,0,1.09027,1.69344,8.91558e+06,3.92412e+06,1.25844e+07,0,0,0,9.00336e+07
103.622,103.622,4.72225,0,0,3.05437,3.05437,0,0.580248,5.7456,4.29004e+06,2.93582e+06,1.31034e+07,0,0,0,0,62.3362,61.308,4.85815,0,1,1.39065,1.39065,0,1.09053,1.69344,8.91558e+06,3.92412e+06,1.23984e+07,0,0,0,9.00336e+07
103.622,103.622,4.4169,0,0,3.0551,3.0551,0,0.572388,5.7456,4.29004e+06,2.93582e+06,1.31065e+07,0,0,0,0,62.3362,61.308,4.5821,0,1,1.39098,1.39098,0,1.07441,1.69344,8.91558e+06,3.92412e+06,1.24014e+07,0,0,0,9.00336e+07
103.622,103.622,4.03995,0,0,3.05584,3.05584,0,0.572526,5.7456,4.29004e+06,2.93582e+06,1.31097e+07,0,0,0,0,62.3362,61.308,4.28802,0,1,1.39132,1.39132,0,1.07467,1.69344,8.91558e+06,3.92412e+06,1.24044e+07,0,0,0,9.00336e+07
103.622,103.622,3.69911,0,0,3.05657,3.05657,0,0.572664,5.7456,4.29004e+06,2.93582e+06,1.31128e+07,0,0,0,0,62.3362,61.308,3.60374,0,1,1.39165,1.39165,0,1.07493,1.69344,8.91558e+06,3.92412e+06,1.24074e+07,0,0,0,9.00336e+07
103.622,103.622,3.65922,0,0,3.20234,3.20234,0,0.572802,5.7456,4.29004e+06,2.93582e+06,1.37382e+07,0,0,0,0,62.3362,61.308,4.09166,0,1,1.46724,1.46724,0,1.07519,1.69344,8.91558e+06,3.92412e+06,1.30813e+07,0,0,0,9.00336e+07
103.622,103.622,3.38348,0,0,3.20311,3.20311,0,0.600118,5.7456,4.29004e+06,2.93582e+06,1.37415e+07,0,0,0,0,62.3362,61.308,3.47961,0,1,1.4676,1.4676,0,1.13359,1.69344,8.91558e+06,3.92412e+06,1.30845e+07,0,0,0,9.00336e+07
103.597,103.622,3.09615,0,0,3.20388,3.20388,0,0.600263,5.7456,4.29004e+06,2.93582e+06,1.37448e+07,0,0,0,0,62.3362,61.308,3.09584,0,1,1.46795,1.46795,0,1.13387,1.69344,8.91558e+06,3.92412e+06,1.30876e+07,0,0,0,9.00336e+07
103.242,103.622,2.7311,0,0,3.20465,3.20465,0,0.600407,5.7456,4.29004e+06,2.93582e+06,1.37481e+07,0,0,0,0,62.3362,61.308,2.82932,0,1,1.4683,1.4683,0,1.13414,1.69344,8.91558e+06,3.92412e+06,1.30908e+07,0,0,0,9.00336e+07
103.077,103.622,2.91214,0,0,3.20542,3.20542,0,0.600552,5.7456,4.29004e+06,2.93582e+06,1.37514e+07,0,0,0,0,62.3362,61.308,2.98204,0,1,1.46866,1.46866,0,1.13441,1.69344,8.91558e+06,3.92412e+06,1.30939e+07,0,0,0,9.00336e+07
103.592,103.622,3.63239,0,0,3.17748,3.17748,0,0.600696,5.7456,4.29004e+06,2.93582e+06,1.36315e+07,0,0,0,0,62.3362,61.308,3.09232,0,1,1.51042,1.51042,0,1.13468,1.69344,8.91558e+06,3.92412e+06,1.34663e+07,0,0,0,9.00336e+07
103.622,103.622,3.44502,0,0,3.17824,3.17824,0,0.595459,5.7456,4.29004e+06,2.93582e+06,1.36348e+07,0,0,0,0,62.3362,61.308,2.97749,0,1,1.51079,1.51079,0,1.16695,1.69344,8.91558e+06,3.92412e+06,1.34695e+07,0,0,0,9.00336e+07
103.622,103.622,3.26977,0,0,3.17901,3.17901,0,0.595603,5.7456,4.29004e+06,2.93582e+06,1.36381e+07,0,0,0,0,62.3362,61.308,2.81557,0,1,1.51115,1.51115,0,1.16723,1.69344,8.91558e+06,3.92412e+06,1.34728e+07,0,0,0,9.00336e+07
103.609,103.622,3.03297,0,0,3.17977,3.17977,0,0.595746,5.7456,4.29004e+06,2.93582e+06,1.36414e+07,0,0,0,0,62.3362,61.308,2.63088,0,1,1.51151,1.51151,0,1.16751,1.69344,8.91558e+06,3.92412e+06,1.3476e+07,0,0,0,9.00336e+07
103.622,103.622,3.07636,0,0,3.25476,3.25476,0,0.595889,5.7456,4.29004e+06,2.93582e+06,1.39631e+07,0,0,0,0,62.3362,61.308,2.51037,1,1,1.54882,1.54882,0,1.1678,1.69344,8.91558e+06,3.92412e+06,1.38086e+07,0,0,0,9.00336e+07
103.557,103.622,2.99361,0,0,3.25555,3.25555,0,0.609943,5.7456,4.29004e+06,2.93582e+06,1.39664e+07,0,0,0,0,62.2797,61.308,2.51568,1,1,1.54919,1.54919,0,1.19662,1.69344,8.91558e+06,3.92412e+06,1.3812e+07,0,0,0,9.00336e+07
103.321,103.622,2.78824,0.01,0,3.25633,3.25633,0,0.61009,5.7456,4.29004e+06,2.93582e+06,1.39698e+07,0,0,0,0,62.1636,61.308,2.38264,1,1,1.54957,1.54957,0,1.19691,1.69344,8.91558e+06,3.92412e+06,1.38153e+07,0,0,0,9.00336e+07
102.884,103.622,2.56874,0.01,0,3.25711,3.25711,0,0.610236,5.7456,4.29004e+06,2.93582e+06,1.39732e+07,0,0,0,0,62.0394,61.308,2.23949,1,1,1.54994,1.54994,0,1.19719,1.69344,8.91558e+06,3.92412e+06,1.38186e+07,0,0,0,9.00336e+07
102.799,103.622,3.13837,0.01,0,3.47548,3.47548,0,0.610383,5.7456,4.29004e+06,2.93582e+06,1.491e+07,0,0,0,0,61.8964,61.308,2.66235,1,1,1.68379,1.68379,0,1.19748,1.69344,8.91558e+06,3.92412e+06,1.50119e+07,0,0,0,9.00336e+07
102.57,103.622,2.92057,0.01,0,3.47631,3.47631,0,0.651305,5.7456,4.29004e+06,2.93582e+06,1.49135e+07,0,0,0,0,61.6248,61.308,2.24575,1,1,1.68419,1.68419,0,1.30089,1.69344,8.91558e+06,3.92412e+06,1.50156e+07,0,0,0,9.00336e+07
102.512,103.622,3.14352,0.01,0,3.47715,3.47715,0,0.651461,5.7456,4.29004e+06,2.93582e+06,1.49171e+07,0,0,0,0,61.52,61.308,2.76613,1,1,1.6846,1.6846,0,1.30121,1.69344,8.91558e+06,3.92412e+06,1.50192e+07,0,0,0,9.00336e+07
101.959,103.622,2.59951,0.01,0,3.47799,3.47799,0,0.651618,5.7456,4.29004e+06,2.93582e+06,1.49207e+07,0,0,0,0,61.1731,61.308,1.93039,1,1,1.685,1.685,0,1.30152,1.69344,8.91558e+06,3.92412e+06,1.50228e+07,0,0,0,9.00336e+07
102.079,103.622,3.38213,0.01,0,3.47882,3.47882,0,0.651775,5.7456,4.29004e+06,2.93582e+06,1.49243e+07,0,0,0,0,61.3514,61.308,3.8655,1,1,1.68541,1.68541,0,1.30183,1.69344,8.91558e+06,3.92412e+06,1.50264e+07,0,0,0,9.00336e+07
102.606,103.622,3.84647,0.01,0,3.37349,3.37349,0,0.651931,5.7456,4.29004e+06,2.93582e+06,1.44724e+07,0,0,0,0,61.599,61.308,3.64744,1,1,1.6047,1.6047,0,1.30215,1.69344,8.91558e+06,3.92412e+06,1.43068e+07,0,0,0,9.00336e+07
102.665,103.622,3.3978,0.02,0,3.3743,3.3743,0,0.632192,5.7456,4.29004e+06,2.93582e+06,1.44759e+07,0,0,0,0,62.3362,61.308,5.98025,1,1,1.60509,1.60509,0,1.23979,1.69344,8.91558e+06,3.92412e+06,1.43103e+07,0,0,0,9.00336e+07
102.337,103.622,2.93526,0.02,0,3.37511,3.37511,0,0.632344,5.7456,4.29004e+06,2.93582e+06,1.44794e+07,0,0,0,0,62.3362,61.308,3.43721,1,1,1.60547,1.60547,0,1.24009,1.69344,8.91558e+06,3.92412e+06,1.43137e+07,0,0,0,9.00336e+07
101.944,103.622,2.84746,0.02,0,3.37592,3.37592,0,0.632496,5.7456,4.29004e+06,2.93582e+06,1.44829e+07,0,0,0,0,62.2958,61.308,3.15249,1,1,1.60586,1.60586,0,1.24039,1.69344,8.91558e+06,3.92412e+06,1.43172e+07,0,0,0,9.00336e+07
101.416,103.622,2.8334,0.01,0,3.2895,3.2895,0,0.632648,5.7456,4.29004e+06,2.93582e+06,1.41121e+07,0,0,0,0,62.3362,61.308,3.98087,1,1,1.53234,1.53234,0,1.24069,1.69344,8.91558e+06,3.92412e+06,1.36617e+07,0,0,0,9.00336e+07
99.9887,103.622,1.79281,0.01,0,3.29029,3.29029,0,0.616453,5.7456,4.29004e+06,2.93582e+06,1.41155e+07,0,0,0,0,62.3362,61.308,3.54312,1,1,1.53271,1.53271,0,1.18389,1.69344,8.91558e+06,3.92412e+06,1.3665e+07,0,0,0,9.00336e+07
101.464,103.622,4.92998,0.01,0,3.29109,3.29109,0,0.616601,5.7456,4.29004e+06,2.93582e+06,1.41189e+07,0,0,0,0,62.3362,61.308,5.60903,1,1,1.53308,1.53308,0,1.18417,1.69344,8.91558e+06,3.92412e+06,1.36683e+07,0,0,0,9.00336e+07
103.622,103.622,8.1561,0.01,0,3.29188,3.29188,0,0.616749,5.7456,4.29004e+06,2.93582e+06,1.41223e+07,0,0,0,0,62.3362,61.308,7.86199,1,1,1.53344,1.53344,0,1.18445,1.69344,8.91558e+06,3.92412e+06,1.36716e+07,0,0,0,9.00336e+07
103.622,103.622,5.22533,0,0,3.04469,3.04469,0,0.616898,5.7456,4.29004e+06,2.93582e+06,1.30619e+07,0,0,0,0,62.3362,61.308,5.46714,0,1,1.37975,1.37975,0,1.18474,1.69344,8.91558e+06,3.92412e+06,1.23012e+07,0,0,0,9.00336e+07
103.622,103.622,5.75951,0,0,3.04542,3.04542,0,0.570575,5.7456,4.29004e+06,2.93582e+06,1.3065e+07,0,0,0,0,62.3362,61.308,7.33577,0,1,1.38008,1.38008,0,1.06599,1.69344,8.91558e+06,3.92412e+06,1.23042e+07,0,0,0,9.00336e+07
103.622,103.622,5.86355,0,0,3.04615,3.04615,0,0.570712,5.7456,4.29004e+06,2.93582e+06,1.30681e+07,0,0,0,0,62.3362,61.308,6.11106,0,1,1.38041,1.38041,0,1.06625,1.69344,8.91558e+06,3.92412e+06,1.23072e+07,0,0,0,9.00336e+07
103.622,103.622,5.14553,0,0,3.04689,3.04689,0,0.570849,5.7456,4.29004e+06,2.93582e+06,1.30713e+07,0,0,0,0,62.3362,61.308,4.85432,0,1,1.38074,1.38074,0,1.0665,1.69344,8.91558e+06,3.92412e+06,1.23101e+07,0,0,0,9.00336e+07
103.622,103.622,5.3908,0,0,3.04762,3.04762,0,0.570986,5.7456,4.29004e+06,2.93582e+06,1.30744e+07,0,0,0,0,62.3362,61.308,5.55348,0,1,1.38107,1.38107,0,1.06676,1.69344,8.91558e+06,3.92412e+06,1.23131e+07,0,0,0,9.00336e+07
103.622,103.622,8.54904,0,0,3.14383,3.14383,0,0.571123,5.7456,4.29004e+06,2.93582e+06,1.34871e+07,0,0,0,0,62.3362,61.308,8.98827,0,1,1.42606,1.42606,0,1.06702,1.69344,8.91558e+06,3.92412e+06,1.27142e+07,0,0,0,1.83425e+08
103.622,103.622,10.9086,0,0,3.14455,3.14455,0,0.589153,5.7456,4.29004e+06,2.93582e+06,1.34902e+07,0,0,0,0,62.3362,61.308,10.4674,0,1,1.42639,1.42639,0,1.10177,1.69344,8.91558e+06,3.92412e+06,1.27171e+07,0,0,0,1.83425e+08
103.622,103.622,7.95128,0,0,3.14527,3.14527,0,0.589288,5.7456,4.29004e+06,2.93582e+06,1.34933e+07,0,0,0,0,62.3362,61.308,10.8621,0,1,1.42672,1.42672,0,1.10203,1.69344,8.91558e+06,3.92412e+06,1.272e+07,0,0,0,1.83425e+08
103.622,103.622,9.79287,0,0,3.14599,3.14599,0,0.589423,5.7456,4.29004e+06,2.93582e+06,1.34964e+07,0,0,0,0,62.3362,61.308,10.1363,0,1,1.42704,1.42704,0,1.10228,1.69344,8.91558e+06,3.92412e+06,1.27229e+07,0,0,0,1.83425e+08
103.622,103.622,8.70876,0,0,3.45363,3.45363,0,0.589558,5.7456,4.29004e+06,2.93582e+06,1.48162e+07,0,0,0,0,62.3362,61.308,11.9373,1,1,1.5952,1.5952,0,1.10253,1.69344,8.91558e+06,3.92412e+06,1.42221e+07,0,0,0,1.83425e+08
103.622,103.622,9.39806,0,0,3.45443,3.45443,0,0.647211,5.7456,4.29004e+06,2.93582e+06,1.48196e+07,0,0,0,0,62.3362,61.308,10.8728,1,1,1.59556,1.59556,0,1.23245,1.69344,8.91558e+06,3.92412e+06,1.42254e+07,0,0,0,1.83425e+08
103.622,103.622,9.13242,0,0,3.45522,3.45522,0,0.647359,5.7456,4.29004e+06,2.93582e+06,1.4823e+07,0,0,0,0,62.3362,61.308,10.9232,1,1,1.59593,1.59593,0,1.23273,1.69344,8.91558e+06,3.92412e+06,1.42287e+07,0,0,0,1.83425e+08
103.622,103.622,11.9639,0,0,3.45601,3.45601,0,0.647508,5.7456,4.29004e+06,2.93582e+06,1.48264e+07,0,0,0,0,62.3362,61.308,11.3205,1,1,1.5963,1.5963,0,1.23302,1.69344,8.91558e+06,3.92412e+06,1.42319e+07,0,0,0,1.83425e+08
103.622,103.622,6.82656,0,0,3.01863,3.01863,0,0.647656,5.7456,4.29004e+06,2.93582e+06,1.29501e+07,0,0,0,0,62.3362,61.308,8.52959,0,1,1.37123,1.37123,0,1.2333,1.69344,8.91558e+06,3.92412e+06,1.22253e+07,0,0,0,1.83425e+08
103.622,103.622,4.76354,0,0,3.01932,3.01932,0,0.565691,5.7456,4.29004e+06,2.93582e+06,1.2953e+07,0,0,0,0,62.3362,61.308,6.93865,0,1,1.37154,1.37154,0,1.05941,1.69344,8.91558e+06,3.92412e+06,1.22281e+07,0,0,0,1.83425e+08
103.622,103.622,6.93287,0,0,3.02002,3.02002,0,0.565821,5.7456,4.29004e+06,2.93582e+06,1.2956e+07,0,0,0,0,62.3362,61.308,7.99477,0,1,1.37186,1.37186,0,1.05965,1.69344,8.91558e+06,3.92412e+06,1.22309e+07,0,0,0,1.83425e+08
103.622,103.622,5.89633,0,0,3.02071,3.02071,0,0.565951,5.7456,4.29004e+06,2.93582e+06,1.2959e+07,0,0,0,0,62.3362,61.308,7.29666,0,1,1.37217,1.37217,0,1.0599,1.69344,8.91558e+06,3.92412e+06,1.22337e+07,0,0,0,1.83425e+08
103.622,103.622,10.837,0,0,3.0214,3.0214,0,0.566081,5.7456,4.29004e+06,2.93582e+06,1.29619e+07,0,0,0,0,62.3362,61.308,10.7617,0,1,1.37249,1.37249,0,1.06014,1.69344,8.91558e+06,3.92412e+06,1.22365e+07,0,0,0,1.83425e+08
103.622,103.622,9.51291,0,0,3.13251,3.13251,0,0.56621,5.7456,4.29004e+06,2.93582e+06,1.34386e+07,0,0,0,0,62.3362,61.308,14.5259,0,1,1.42801,1.42801,0,1.06038,1.69344,8.91558e+06,3.92412e+06,1.27316e+07,0,0,0,1.83425e+08
103.622,103.622,7.56673,0,0,3.13323,3.13323,0,0.587033,5.7456,4.29004e+06,2.93582e+06,1.34417e+07,0,0,0,0,62.3362,61.308,6.46584,0,1,1.42834,1.42834,0,1.10328,1.69344,8.91558e+06,3.92412e+06,1.27345e+07,0,0,0,1.83425e+08
103.622,103.622,8.57081,0,0,3.13395,3.13395,0,0.587167,5.7456,4.29004e+06,2.93582e+06,1.34448e+07,0,0,0,0,62.3362,61.308,7.87524,0,1,1.42867,1.42867,0,1.10354,1.69344,8.91558e+06,3.92412e+06,1.27374e+07,0,0,0,1.83425e+08
103.622,103.622,6.70671,0,0,3.13467,3.13467,0,0.587302,5.7456,4.29004e+06,2.93582e+06,1.34479e+07,0,0,0,0,62.3362,61.308,5.17975,0,1,1.429,1.429,0,1.10379,1.69344,8.91558e+06,3.92412e+06,1.27403e+07,0,0,0,1.83425e+08
103.622,103.622,6.0664,0,0,3.09217,3.09217,0,0.587437,5.7456,4.29004e+06,2.93582e+06,1.32656e+07,0,0,0,0,62.3362,61.308,4.9715,0,1,1.40786,1.40786,0,1.10404,1.69344,8.91558e+06,3.92412e+06,1.25519e+07,0,0,0,1.83425e+08
103.622,103.622,5.60431,0,0,3.09288,3.09288,0,0.579473,5.7456,4.29004e+06,2.93582e+06,1.32686e+07,0,0,0,0,62.3362,61.308,4.75667,0,1,1.40818,1.40818,0,1.08771,1.69344,8.91558e+06,3.92412e+06,1.25548e+07,0,0,0,1.83425e+08
103.622,103.622,5.29837,0,0,3.09359,3.09359,0,0.579606,5.7456,4.29004e+06,2.93582e+06,1.32716e+07,0,0,0,0,62.3362,61.308,4.43821,0,1,1.4085,1.4085,0,1.08796,1.69344,8.91558e+06,3.92412e+06,1.25576e+07,0,0,0,1.83425e+08
103.622,103.622,4.93445,0,0,3.0943,3.0943,0,0.579739,5.7456,4.29004e+06,2.93582e+06,1.32747e+07,0,0,0,0,62.3362,61.308,4.4401,0,1,1.40883,1.40883,0,1.08821,1.69344,8.91558e+06,3.92412e+06,1.25605e+07,0,0,0,1.83425e+08
103.622,103.622,5.10408,0,0,3.24182,3.24182,0,0.579871,5.7456,4.29004e+06,2.93582e+06,1.39076e+07,0,0,0,0,62.3362,61.308,4.43375,0,1,1.48534,1.48534,0,1.08846,1.69344,8.91558e+06,3.92412e+06,1.32426e+07,0,0,0,1.83425e+08
103.622,103.622,4.97941,0,0,3.24257,3.24257,0,0.607518,5.7456,4.29004e+06,2.93582e+06,1.39108e+07,0,0,0,0,62.3362,61.308,3.87634,0,1,1.48568,1.48568,0,1.14757,1.69344,8.91558e+06,3.92412e+06,1.32457e+07,0,0,0,1.83425e+08
103.622,103.622,4.4701,0,0,3.24331,3.24331,0,0.607657,5.7456,4.29004e+06,2.93582e+06,1.39139e+07,0,0,0,0,62.3362,61.308,3.54918,0,1,1.48602,1.48602,0,1.14783,1.69344,8.91558e+06,3.92412e+06,1.32487e+07,0,0,0,1.83425e+08
103.622,103.622,4.17524,0,0,3.24405,3.24405,0,0.607796,5.7456,4.29004e+06,2.93582e+06,1.39171e+07,0,0,0,0,62.3362,61.308,3.33196,0,1,1.48636,1.48636,0,1.1481,1.69344,8.91558e+06,3.92412e+06,1.32517e+07,0,0,0,1.83425e+08
103.622,103.622,3.91988,0,0,3.24479,3.24479,0,0.607935,5.7456,4.29004e+06,2.93582e+06,1.39203e+07,0,0,0,0,62.3362,61.308,2.95207,0,1,1.4867,1.4867,0,1.14836,1.69344,8.91558e+06,3.92412e+06,1.32548e+07,0,0,0,1.83425e+08
103.622,103.622,3.3604,0,0,3.21647,3.21647,0,0.608074,5.7456,4.29004e+06,2.93582e+06,1.37988e+07,0,0,0,0,62.3362,61.308,2.44642,1,1,1.52896,1.52896,0,1.14862,1.69344,8.91558e+06,3.92412e+06,1.36316e+07,0,0,0,1.83425e+08
103.622,103.622,3.20232,0,0,3.21721,3.21721,0,0.602766,5.7456,4.29004e+06,2.93582e+06,1.3802e+07,0,0,0,0,62.3362,61.308,2.4,1,1,1.52931,1.52931,0,1.18127,1.69344,8.91558e+06,3.92412e+06,1.36347e+07,0,0,0,1.83425e+08
103.601,103.622,3.0299,0,0,3.21794,3.21794,0,0.602904,5.7456,4.29004e+06,2.93582e+06,1.38051e+07,0,0,0,0,62.3133,61.308,2.4162,1,1,1.52966,1.52966,0,1.18154,1.69344,8.91558e+06,3.92412e+06,1.36378e+07,0,0,0,1.83425e+08
103.348,103.622,2.78795,0.01,0,3.21868,3.21868,0,0.603042,5.7456,4.29004e+06,2.93582e+06,1.38083e+07,0,0,0,0,62.2729,61.308,2.31101,1,1,1.53001,1.53001,0,1.18181,1.69344,8.91558e+06,3.92412e+06,1.36409e+07,0,0,0,1.83425e+08
102.96,103.622,2.66265,0.01,0,3.29455,3.29455,0,0.60318,5.7456,4.29004e+06,2.93582e+06,1.41338e+07,0,0,0,0,61.9673,61.308,2.07005,1,1,1.56775,1.56775,0,1.18208,1.69344,8.91558e+06,3.92412e+06,1.39774e+07,0,0,0,1.83425e+08
102.371,103.622,2.43011,0.01,0,3.2953,3.2953,0,0.617399,5.7456,4.29004e+06,2.93582e+06,1.4137e+07,0,0,0,0,61.7375,61.308,1.77603,1,1,1.56811,1.56811,0,1.21125,1.69344,8.91558e+06,3.92412e+06,1.39806e+07,0,0,0,1.83425e+08
101.84,103.622,2.49701,0.01,0,3.29606,3.29606,0,0.61754,5.7456,4.29004e+06,2.93582e+06,1.41402e+07,0,0,0,0,61.5754,61.308,2.00026,1,1,1.56847,1.56847,0,1.21152,1.69344,8.91558e+06,3.92412e+06,1.39838e+07,0,0,0,1.83425e+08
101.418,103.622,2.60257,0.01,0,3.29681,3.29681,0,0.617681,5.7456,4.29004e+06,2.93582e+06,1.41435e+07,0,0,0,0,61.4597,61.308,2.10168,1,1,1.56883,1.56883,0,1.2118,1.69344,8.91558e+06,3.92412e+06,1.3987e+07,0,0,0,1.83425e+08
101.011,103.622,2.7648,0.01,0,3.5178,3.5178,0,0.617823,5.7456,4.29004e+06,2.93582e+06,1.50915e+07,0,0,0,0,61.0302,61.308,2.28461,1,1,1.69344,1.70429,0.010849,1.21208,1.69344,8.91558e+06,3.92412e+06,1.5098e+07,0,0,0,1.83425e+08
99.9758,103.622,2.05147,0.02,0,3.5186,3.5186,0,0.659235,5.7456,4.29004e+06,2.93582e+06,1.5095e+07,0,0,0,0,60.5346,61.308,1.51474,1,1,1.69344,1.70468,0.0112389,1.30835,1.69344,8.91558e+06,3.92412e+06,1.5098e+07,0,0,0,1.83425e+08
99.0722,103.622,2.21089,0.02,0,3.51941,3.51941,0,0.659386,5.7456,4.29004e+06,2.93582e+06,1.50984e+07,0,0,0,0,59.7802,61.308,1.8657,1,1,1.69344,1.70507,0.0116288,1.30835,1.69344,8.91558e+06,3.92412e+06,1.5098e+07,0,0,0,1.83425e+08
97.8305,103.622,1.83032,0.02,0,3.52021,3.52021,0,0.659537,5.7456,4.29004e+06,2.93582e+06,1.51019e+07,0,0,0,0,59.2353,61.308,1.30247,1,1,1.69344,1.70546,0.0120189,1.30835,1.69344,8.91558e+06,3.92412e+06,1.5098e+07,0,0,0,1.83425e+08
97.001,103.622,2.28015,0.02,0,3.52102,3.52102,0,0.659688,5.7456,4.29004e+06,2.93582e+06,1.51053e+07,0,0,0,0,58.778,61.308,2.46552,1,1,1.69344,1.70585,0.0124089,1.30835,1.69344,8.91558e+06,3.92412e+06,1.5098e+07,0,0,0,1.83425e+08
96.8139,103.622,2.7939,0.02,0,3.41437,3.41437,0,0.659839,5.7456,4.29004e+06,2.93582e+06,1.46478e+07,0,0,0,0,58.3889,61.308,1.50289,1,1,1.62414,1.62414,0,1.30835,1.69344,8.91558e+06,3.92412e+06,1.44802e+07,0,0,0,1.83425e+08
96.9316,103.622,3.18826,0.02,0,3.41515,3.41515,0,0.639852,5.7456,4.29004e+06,2.93582e+06,1.46511e+07,0,0,0,0,58.2467,61.308,2.08443,1,1,1.62452,1.62452,0,1.25481,1.69344,8.91558e+06,3.92412e+06,1.44835e+07,0,0,0,1.83425e+08
96.9054,103.622,3.07358,0.02,0,3.41593,3.41593,0,0.639999,5.7456,4.29004e+06,2.93582e+06,1.46545e+07,0,0,0,0,58.0845,61.308,1.98066,1,1,1.62489,1.62489,0,1.2551,1.69344,8.91558e+06,3.92412e+06,1.44868e+07,0,0,0,1.83425e+08
97.2276,103.622,3.59613,0.02,0,3.41671,3.41671,0,0.640145,5.7456,4.29004e+06,2.93582e+06,1.46578e+07,0,0,0,0,57.9578,61.308,2.49012,1,1,1.62526,1.62526,0,1.25539,1.69344,8.91558e+06,3.92412e+06,1.44901e+07,0,0,0,1.83425e+08
96.495,103.622,2.51192,0.02,0,3.32921,3.32921,0,0.640291,5.7456,4.29004e+06,2.93582e+06,1.42825e+07,0,0,0,0,57.5405,61.308,1.80007,1,1,1.55084,1.55084,0,1.25567,1.69344,8.91558e+06,3.92412e+06,1.38266e+07,0,0,0,1.83425e+08
95.2682,103.622,1.90682,0.02,0,3.32997,3.32997,0,0.623894,5.7456,4.29004e+06,2.93582e+06,1.42857e+07,0,0,0,0,57.2636,61.308,1.33908,1,1,1.55119,1.55119,0,1.19818,1.69344,8.91558e+06,3.92412e+06,1.38298e+07,0,0,0,1.83425e+08
97.2281,103.622,5.31813,0.02,0,3.33073,3.33073,0,0.624036,5.7456,4.29004e+06,2.93582e+06,1.4289e+07,0,0,0,0,58.0845,61.308,4.6173,1,1,1.55154,1.55154,0,1.19845,1.69344,8.91558e+06,3.92412e+06,1.38329e+07,0,0,0,1.83425e+08
98.1312,103.622,4.32283,0.01,0,3.33149,3.33149,0,0.624179,5.7456,4.29004e+06,2.93582e+06,1.42922e+07,0,0,0,0,58.5438,61.308,3.97083,1,1,1.5519,1.5519,0,1.19872,1.69344,8.91558e+06,3.92412e+06,1.38361e+07,0,0,0,1.83425e+08
100.7,103.622,5.74316,0.01,0,3.0813,3.0813,0,0.624322,5.7456,4.29004e+06,2.93582e+06,1.32189e+07,0,0,0,0,59.4707,61.308,4.38668,0,1,1.39634,1.39634,0,1.199,1.69344,8.91558e+06,3.92412e+06,1.24491e+07,0,0,0,1.83425e+08
103.622,103.622,6.77516,0.01,0,3.082,3.082,0,0.577435,5.7456,4.29004e+06,2.93582e+06,1.32219e+07,0,0,0,0,60.6794,61.308,5.09654,0,1,1.39665,1.39665,0,1.07881,1.69344,8.91558e+06,3.92412e+06,1.2452e+07,0,0,0,1.83425e+08
103.622,103.622,7.87045,0,0,3.08271,3.08271,0,0.577567,5.7456,4.29004e+06,2.93582e+06,1.32249e+07,0,0,0,0,61.9751,61.308,5.13407,0,1,1.39697,1.39697,0,1.07905,1.69344,8.91558e+06,3.92412e+06,1.24548e+07,0,0,0,1.83425e+08
103.622,103.622,6.85919,0,0,3.08341,3.08341,0,0.577699,5.7456,4.29004e+06,2.93582e+06,1.3228e+07,0,0,0,0,62.3362,61.308,4.94617,0,1,1.39729,1.39729,0,1.0793,1.69344,8.91558e+06,3.92412e+06,1.24577e+07,0,0,0,1.83425e+08
103.622,103.622,9.15453,0,0,3.08411,3.08411,0,0.577831,5.7456,4.29004e+06,2.93582e+06,1.3231e+07,0,0,0,0,62.3362,61.308,4.98261,0,1,1.39761,1.39761,0,1.07955,1.69344,8.91558e+06,3.92412e+06,1.24605e+07,0,0,0,1.83425e+08
103.622,103.622,11.6961,0,0,3.18144,3.18144,0,0.577963,5.7456,4.29004e+06,2.93582e+06,1.36485e+07,0,0,0,0,62.3362,61.308,8.82214,0,1,1.44312,1.44312,0,1.07979,1.69344,8.91558e+06,3.92412e+06,1.28663e+07,0,0,0,1.83425e+08
103.622,103.622,10.752,0,0,3.18213,3.18213,0,0.596201,5.7456,4.29004e+06,2.93582e+06,1.36515e+07,0,0,0,0,62.3362,61.308,8.22455,0,1,1.44344,1.44344,0,1.11496,1.69344,8.91558e+06,3.92412e+06,1.28691e+07,0,0,0,1.83425e+08
103.622,103.622,7.19051,0,0,3.18282,3.18282,0,0.596331,5.7456,4.29004e+06,2.93582e+06,1.36544e+07,0,0,0,0,62.3362,61.308,4.49524,0,1,1.44375,1.44375,0,1.1152,1.69344,8.91558e+06,3.92412e+06,1.28719e+07,0,0,0,1.83425e+08
103.622,103.622,6.50448,0,0,3.18351,3.18351,0,0.596461,5.7456,4.29004e+06,2.93582e+06,1.36574e+07,0,0,0,0,62.3362,61.308,3.61865,0,1,1.44406,1.44406,0,1.11544,1.69344,8.91558e+06,3.92412e+06,1.28747e+07,0,0,0,1.83425e+08
103.622,103.622,6.14835,0,0,3.49479,3.49479,0,0.596591,5.7456,4.29004e+06,2.93582e+06,1.49928e+07,0,0,0,0,62.3362,61.308,5.22847,1,1,1.61421,1.61421,0,1.11568,1.69344,8.91558e+06,3.92412e+06,1.43916e+07,0,0,0,1.83425e+08
103.622,103.622,5.35439,0,0,3.49555,3.49555,0,0.654923,5.7456,4.29004e+06,2.93582e+06,1.49961e+07,0,0,0,0,62.3362,61.308,8.2128,1,1,1.61456,1.61456,0,1.24714,1.69344,8.91558e+06,3.92412e+06,1.43947e+07,0,0,0,1.83425e+08
103.622,103.622,5.42726,0,0,3.49631,3.49631,0,0.655066,5.7456,4.29004e+06,2.93582e+06,1.49993e+07,0,0,0,0,62.3362,61.308,6.04102,1,1,1.61491,1.61491,0,1.24741,1.69344,8.91558e+06,3.92412e+06,1.43979e+07,0,0,0,1.83425e+08
103.622,103.622,9.27029,0,0,3.49707,3.49707,0,0.655208,5.7456,4.29004e+06,2.93582e+06,1.50026e+07,0,0,0,0,62.3362,61.308,9.06792,1,1,1.61526,1.61526,0,1.24768,1.69344,8.91558e+06,3.92412e+06,1.4401e+07,0,0,0,1.83425e+08
103.622,103.622,4.2886,0,0,3.05446,3.05446,0,0.655351,5.7456,4.29004e+06,2.93582e+06,1.31038e+07,0,0,0,0,62.3362,61.308,4.82216,0,1,1.3875,1.3875,0,1.24795,1.69344,8.91558e+06,3.92412e+06,1.23704e+07,0,0,0,1.83425e+08
103.622,103.622,4.51328,0,0,3.05512,3.05512,0,0.572405,5.7456,4.29004e+06,2.93582e+06,1.31066e+07,0,0,0,0,62.3362,61.308,4.17495,0,1,1.3878,1.3878,0,1.07198,1.69344,8.91558e+06,3.92412e+06,1.23731e+07,0,0,0,1.83425e+08
103.622,103.622,4.77363,0,0,3.05579,3.05579,0,0.57253,5.7456,4.29004e+06,2.93582e+06,1.31095e+07,0,0,0,0,62.3362,61.308,4.8352,0,1,1.38811,1.38811,0,1.07222,1.69344,8.91558e+06,3.92412e+06,1.23758e+07,0,0,0,1.83425e+08
103.622,103.622,3.98931,0,0,3.05645,3.05645,0,0.572654,5.7456,4.29004e+06,2.93582e+06,1.31123e+07,0,0,0,0,62.3362,61.308,3.45493,0,1,1.38841,1.38841,0,1.07245,1.69344,8.91558e+06,3.92412e+06,1.23785e+07,0,0,0,1.83425e+08
103.622,103.622,4.32311,0,0,3.05712,3.05712,0,0.572779,5.7456,4.29004e+06,2.93582e+06,1.31152e+07,0,0,0,0,62.3362,61.308,3.55169,0,1,1.38871,1.38871,0,1.07268,1.69344,8.91558e+06,3.92412e+06,1.23812e+07,0,0,0,1.83425e+08
103.622,103.622,5.4976,0,0,3.16951,3.16951,0,0.572903,5.7456,4.29004e+06,2.93582e+06,1.35973e+07,0,0,0,0,62.3362,61.308,5.29233,0,1,1.44488,1.44488,0,1.07292,1.69344,8.91558e+06,3.92412e+06,1.28819e+07,0,0,0,1.83425e+08
103.622,103.622,4.36637,0,0,3.17019,3.17019,0,0.593965,5.7456,4.29004e+06,2.93582e+06,1.36003e+07,0,0,0,0,62.3362,61.308,3.54508,0,1,1.44519,1.44519,0,1.11631,1.69344,8.91558e+06,3.92412e+06,1.28847e+07,0,0,0,1.83425e+08
103.622,103.622,4.78617,0,0,3.17088,3.17088,0,0.594094,5.7456,4.29004e+06,2.93582e+06,1.36032e+07,0,0,0,0,62.3362,61.308,4.53646,0,1,1.44551,1.44551,0,1.11655,1.69344,8.91558e+06,3.92412e+06,1.28875e+07,0,0,0,1.83425e+08
103.622,103.622,5.17754,0,0,3.17157,3.17157,0,0.594224,5.7456,4.29004e+06,2.93582e+06,1.36062e+07,0,0,0,0,62.3362,61.308,3.53192,0,1,1.44582,1.44582,0,1.1168,1.69344,8.91558e+06,3.92412e+06,1.28903e+07,0,0,0,1.83425e+08
103.622,103.622,4.44318,0,0,3.12854,3.12854,0,0.594353,5.7456,4.29004e+06,2.93582e+06,1.34216e+07,0,0,0,0,62.3362,61.308,3.69115,0,1,1.42442,1.42442,0,1.11704,1.69344,8.91558e+06,3.92412e+06,1.26995e+07,0,0,0,1.83425e+08
103.622,103.622,3.92918,0,0,3.12922,3.12922,0,0.586289,5.7456,4.29004e+06,2.93582e+06,1.34245e+07,0,0,0,0,62.3362,61.308,3.6024,0,1,1.42473,1.42473,0,1.1005,1.69344,8.91558e+06,3.92412e+06,1.27023e+07,0,0,0,1.83425e+08
103.622,103.622,3.46527,0,0,3.1299,3.1299,0,0.586416,5.7456,4.29004e+06,2.93582e+06,1.34274e+07,0,0,0,0,62.3362,61.308,3.22034,0,1,1.42504,1.42504,0,1.10074,1.69344,8.91558e+06,3.92412e+06,1.2705e+07,0,0,0,1.83425e+08
103.597,103.622,3.11687,0,0,3.13058,3.13058,0,0.586543,5.7456,4.29004e+06,2.93582e+06,1.34303e+07,0,0,0,0,62.3362,61.308,2.88089,0,1,1.42535,1.42535,0,1.10098,1.69344,8.91558e+06,3.92412e+06,1.27078e+07,0,0,0,1.83425e+08
103.35,103.622,2.95158,0,0,3.2798,3.2798,0,0.586671,5.7456,4.29004e+06,2.93582e+06,1.40705e+07,0,0,0,0,62.3362,61.308,2.89322,0,1,1.50273,1.50273,0,1.10122,1.69344,8.91558e+06,3.92412e+06,1.33978e+07,0,0,0,1.83425e+08
103.127,103.622,2.9562,0,0,3.28051,3.28051,0,0.614634,5.7456,4.29004e+06,2.93582e+06,1.40735e+07,0,0,0,0,62.3362,61.308,3.01736,0,1,1.50306,1.50306,0,1.16101,1.69344,8.91558e+06,3.92412e+06,1.34007e+07,0,0,0,1.83425e+08
102.685,103.622,2.71116,0,0,3.28122,3.28122,0,0.614768,5.7456,4.29004e+06,2.93582e+06,1.40766e+07,0,0,0,0,62.3362,61.308,2.73258,0,1,1.50339,1.50339,0,1.16127,1.69344,8.91558e+06,3.92412e+06,1.34036e+07,0,0,0,1.83425e+08
102.121,103.622,2.51579,0,0,3.28194,3.28194,0,0.614902,5.7456,4.29004e+06,2.93582e+06,1.40797e+07,0,0,0,0,62.3362,61.308,2.63117,0,1,1.50371,1.50371,0,1.16152,1.69344,8.91558e+06,3.92412e+06,1.34065e+07,0,0,0,1.83425e+08
101.439,103.622,2.38517,0,0,3.28265,3.28265,0,0.615035,5.7456,4.29004e+06,2.93582e+06,1.40827e+07,0,0,0,0,62.3362,61.308,2.46856,0,1,1.50404,1.50404,0,1.16177,1.69344,8.91558e+06,3.92412e+06,1.34094e+07,0,0,0,1.83425e+08
101.412,103.622,3.15075,0,0,3.25396,3.25396,0,0.615169,5.7456,4.29004e+06,2.93582e+06,1.39596e+07,0,0,0,0,62.3362,61.308,3.58077,1,1,1.54678,1.54678,0,1.16202,1.69344,8.91558e+06,3.92412e+06,1.37904e+07,0,0,0,1.83425e+08
101.145,103.622,2.89872,0.01,0,3.25466,3.25466,0,0.609792,5.7456,4.29004e+06,2.93582e+06,1.39626e+07,0,0,0,0,62.3362,61.308,3.57377,1,1,1.54711,1.54711,0,1.19504,1.69344,8.91558e+06,3.92412e+06,1.37934e+07,0,0,0,1.83425e+08
100.648,103.622,2.63699,0.01,0,3.25537,3.25537,0,0.609924,5.7456,4.29004e+06,2.93582e+06,1.39657e+07,0,0,0,0,62.3362,61.308,3.18446,1,1,1.54745,1.54745,0,1.1953,1.69344,8.91558e+06,3.92412e+06,1.37964e+07,0,0,0,1.83425e+08
100.079,103.622,2.50354,0.01,0,3.25608,3.25608,0,0.610056,5.7456,4.29004e+06,2.93582e+06,1.39687e+07,0,0,0,0,62.3362,61.308,3.14357,1,1,1.54779,1.54779,0,1.19556,1.69344,8.91558e+06,3.92412e+06,1.37994e+07,0,0,0,1.83425e+08
99.4767,103.622,2.49472,0.01,0,3.33279,3.33279,0,0.610189,5.7456,4.29004e+06,2.93582e+06,1.42978e+07,0,0,0,0,62.3252,61.308,2.99976,1,1,1.58595,1.58595,0,1.19582,1.69344,8.91558e+06,3.92412e+06,1.41397e+07,0,0,0,1.83425e+08
99.0229,103.622,2.6367,0.01,0,3.33352,3.33352,0,0.624565,5.7456,4.29004e+06,2.93582e+06,1.43009e+07,0,0,0,0,62.3176,61.308,3.04517,1,1,1.5863,1.5863,0,1.22531,1.69344,8.91558e+06,3.92412e+06,1.41428e+07,0,0,0,1.83425e+08
98.2792,103.622,2.32819,0.01,0,3.33424,3.33424,0,0.624701,5.7456,4.29004e+06,2.93582e+06,1.4304e+07,0,0,0,0,62.2584,61.308,2.80863,1,1,1.58664,1.58664,0,1.22557,1.69344,8.91558e+06,3.92412e+06,1.41458e+07,0,0,0,1.83425e+08
97.3879,103.622,2.16261,0.01,0,3.33496,3.33496,0,0.624836,5.7456,4.29004e+06,2.93582e+06,1.43071e+07,0,0,0,0,62.183,61.308,2.68908,1,1,1.58698,1.58698,0,1.22584,1.69344,8.91558e+06,3.92412e+06,1.41489e+07,0,0,0,1.83425e+08
96.138,103.622,1.91531,0.01,0,3.55846,3.55846,0,0.624972,5.7456,4.29004e+06,2.93582e+06,1.5266e+07,0,0,0,0,62.003,61.308,2.78395,1,1,1.69344,1.72399,0.030551,1.2261,1.69344,8.91558e+06,3.92412e+06,1.5098e+07,0,0,0,1.83425e+08
95.1712,103.622,2.19753,0.02,0,3.55924,3.55924,0,0.666856,5.7456,4.29004e+06,2.93582e+06,1.52693e+07,0,0,0,0,61.8454,61.308,3.31334,1,1,1.69344,1.72437,0.0309254,1.30835,1.69344,8.91558e+06,3.92412e+06,1.5098e+07,0,0,0,1.83425e+08
94.0277,103.622,1.98942,0.02,0,3.56001,3.56001,0,0.667001,5.7456,4.29004e+06,2.93582e+06,1.52726e+07,0,0,0,0,61.6126,61.308,3.07512,1,1,1.69344,1.72474,0.0312997,1.30835,1.69344,8.91558e+06,3.92412e+06,1.5098e+07,0,0,0,1.83425e+08
93.2193,103.622,2.33828,0.02,0,3.56078,3.56078,0,0.667146,5.7456,4.29004e+06,2.93582e+06,1.52759e+07,0,0,0,0,61.4346,61.308,3.33107,1,1,1.69344,1.72511,0.031674,1.30835,1.69344,8.91558e+06,3.92412e+06,1.5098e+07,0,0,0,1.83425e+08
93.7839,103.622,3.83123,0.03,0,3.56155,3.56155,0,0.66729,5.7456,4.29004e+06,2.93582e+06,1.52792e+07,0,0,0,0,61.486,61.308,3.97412,1,1,1.69344,1.72549,0.0320484,1.30835,1.69344,8.91558e+06,3.92412e+06,1.5098e+07,0,0,0,1.83425e+08
94.2075,103.622,3.63477,0.02,0,3.45364,3.45364,0,0.667435,5.7456,4.29004e+06,2.93582e+06,1.48163e+07,0,0,0,0,61.3863,61.308,3.16495,1,1,1.64282,1.64282,0,1.30835,1.69344,8.91558e+06,3.92412e+06,1.46467e+07,0,0,0,1.83425e+08
94.578,103.622,3.62699,0.02,0,3.45439,3.45439,0,0.647211,5.7456,4.29004e+06,2.93582e+06,1.48195e+07,0,0,0,0,61.5532,61.308,4.43467,1,1,1.64318,1.64318,0,1.26925,1.69344,8.91558e+06,3.92412e+06,1.46499e+07,0,0,0,1.83425e+08
95.0364,103.622,3.75686,0.02,0,3.45514,3.45514,0,0.647352,5.7456,4.29004e+06,2.93582e+06,1.48227e+07,0,0,0,0,61.7422,61.308,4.28441,1,1,1.64354,1.64354,0,1.26952,1.69344,8.91558e+06,3.92412e+06,1.46531e+07,0,0,0,1.83425e+08
95.64,103.622,3.86598,0.02,0,3.45588,3.45588,0,0.647492,5.7456,4.29004e+06,2.93582e+06,1.48259e+07,0,0,0,0,61.774,61.308,3.92568,1,1,1.64389,1.64389,0,1.2698,1.69344,8.91558e+06,3.92412e+06,1.46563e+07,0,0,0,1.83425e+08
95.1659,103.622,2.7463,0.02,0,3.36734,3.36734,0,0.647633,5.7456,4.29004e+06,2.93582e+06,1.4446e+07,0,0,0,0,61.8519,61.308,3.23181,1,1,1.5686,1.5686,0,1.27007,1.69344,8.91558e+06,3.92412e+06,1.3985e+07,0,0,0,1.83425e+08
95.2903,103.622,3.54497,0.02,0,3.36807,3.36807,0,0.63104,5.7456,4.29004e+06,2.93582e+06,1.44492e+07,0,0,0,0,62.2752,61.308,4.13402,1,1,1.56894,1.56894,0,1.2119,1.69344,8.91558e+06,3.92412e+06,1.3988e+07,0,0,0,1.83425e+08
94.4435,103.622,2.38355,0.02,0,3.3688,3.3688,0,0.631177,5.7456,4.29004e+06,2.93582e+06,1.44523e+07,0,0,0,0,62.3362,61.308,4.18545,1,1,1.56928,1.56928,0,1.21216,1.69344,8.91558e+06,3.92412e+06,1.3991e+07,0,0,0,1.83425e+08
94.4472,103.622,3.67787,0.02,0,3.36953,3.36953,0,0.631314,5.7456,4.29004e+06,2.93582e+06,1.44554e+07,0,0,0,0,62.3362,61.308,3.23731,1,1,1.56962,1.56962,0,1.21243,1.69344,8.91558e+06,3.92412e+06,1.39941e+07,0,0,0,1.83425e+08
97.4681,103.622,6.64102,0.01,0,3.11644,3.11644,0,0.63145,5.7456,4.29004e+06,2.93582e+06,1.33697e+07,0,0,0,0,62.3362,61.308,5.55466,0,1,1.41226,1.41226,0,1.21269,1.69344,8.91558e+06,3.92412e+06,1.25911e+07,0,0,0,1.83425e+08
96.691,103.622,2.58888,0.01,0,3.11712,3.11712,0,0.584022,5.7456,4.29004e+06,2.93582e+06,1.33726e+07,0,0,0,0,62.3362,61.308,3.84745,0,1,1.41257,1.41257,0,1.09111,1.69344,8.91558e+06,3.92412e+06,1.25939e+07,0,0,0,1.83425e+08
94.9035,103.622,1.33754,0.01,0,3.1178,3.1178,0,0.584148,5.7456,4.29004e+06,2.93582e+06,1.33755e+07,0,0,0,0,62.3362,61.308,2.28319,0,1,1.41288,1.41288,0,1.09135,1.69344,8.91558e+06,3.92412e+06,1.25966e+07,0,0,0,1.83425e+08
93.8412,103.622,2.05222,0.01,0,3.11847,3.11847,0,0.584275,5.7456,4.29004e+06,2.93582e+06,1.33784e+07,0,0,0,0,62.3362,61.308,3.03468,0,1,1.41318,1.41318,0,1.09159,1.69344,8.91558e+06,3.92412e+06,1.25993e+07,0,0,0,1.83425e+08
93.3806,103.622,2.98063,0.01,0,3.11915,3.11915,0,0.584402,5.7456,4.29004e+06,2.93582e+06,1.33813e+07,0,0,0,0,62.3362,61.308,4.43393,0,1,1.41349,1.41349,0,1.09182,1.69344,8.91558e+06,3.92412e+06,1.26021e+07,0,0,0,1.83425e+08
95.4133,103.622,5.56621,0.01,0,3.21754,3.21754,0,0.584528,6.16896,4.29004e+06,2.93582e+06,1.38034e+07,0,0,0,0,62.3362,61.308,5.05938,0,1,1.4595,1.4595,0,1.09206,1.69344,8.91558e+06,3.92412e+06,1.30123e+07,0,0,0,1.83425e+08
101.088,103.622,9.47968,0.01,0,3.2182,3.2182,0,0.602967,6.16896,4.29004e+06,2.93582e+06,1.38062e+07,0,0,0,0,62.3362,61.308,6.05205,0,1,1.4598,1.4598,0,1.12761,1.69344,8.91558e+06,3.92412e+06,1.3015e+07,0,0,0,1.83425e+08
103.622,103.622,9.60163,0.01,0,3.21886,3.21886,0,0.603091,6.16896,4.29004e+06,2.93582e+06,1.38091e+07,0,0,0,0,62.3362,61.308,6.69945,0,1,1.4601,1.4601,0,1.12784,1.69344,8.91558e+06,3.92412e+06,1.30176e+07,0,0,0,1.83425e+08
103.622,103.622,9.02129,0,0,3.21953,3.21953,0,0.603215,6.16896,4.29004e+06,2.93582e+06,1.38119e+07,0,0,0,0,62.3362,61.308,6.76889,0,1,1.4604,1.4604,0,1.12807,1.69344,8.91558e+06,3.92412e+06,1.30203e+07,0,0,0,1.83425e+08
103.622,103.622,9.11047,0,0,3.53428,3.53428,0,0.603339,6.16896,4.29004e+06,2.93582e+06,1.51622e+07,0,0,0,0,62.3362,61.308,4.77272,1,1,1.63245,1.63245,0,1.1283,1.69344,8.91558e+06,3.92412e+06,1.45542e+07,0,0,0,1.83425e+08
103.622,103.622,6.70555,0,0,3.53501,3.53501,0,0.662324,6.16896,4.29004e+06,2.93582e+06,1.51653e+07,0,0,0,0,62.3362,61.308,4.11204,1,1,1.63278,1.63278,0,1.26123,1.69344,8.91558e+06,3.92412e+06,1.45572e+07,0,0,0,1.83425e+08
103.622,103.622,4.59448,0,0,3.53573,3.53573,0,0.66246,6.16896,4.29004e+06,2.93582e+06,1.51685e+07,0,0,0,0,62.3362,61.308,3.54091,1,1,1.63312,1.63312,0,1.26149,1.69344,8.91558e+06,3.92412e+06,1.45602e+07,0,0,0,1.83425e+08
103.622,103.622,5.25606,0,0,3.53646,3.53646,0,0.662597,6.16896,4.29004e+06,2.93582e+06,1.51716e+07,0,0,0,0,62.3362,61.308,3.74299,1,1,1.63346,1.63346,0,1.26175,1.69344,8.91558e+06,3.92412e+06,1.45632e+07,0,0,0,1.83425e+08
103.622,103.622,6.03487,0,0,3.08883,3.08883,0,0.662733,6.16896,4.29004e+06,2.93582e+06,1.32512e+07,0,0,0,0,62.3362,61.308,4.4015,0,1,1.40312,1.40312,0,1.26201,1.69344,8.91558e+06,3.92412e+06,1.25096e+07,0,0,0,1.83425e+08
103.622,103.622,3.89676,0,0,3.08946,3.08946,0,0.578846,6.16896,4.29004e+06,2.93582e+06,1.32539e+07,0,0,0,0,62.3362,61.308,3.22255,0,1,1.4034,1.4034,0,1.08405,1.69344,8.91558e+06,3.92412e+06,1.25122e+07,0,0,0,1.83425e+08
103.622,103.622,6.7418,0,0,3.0901,3.0901,0,0.578965,6.16896,4.29004e+06,2.93582e+06,1.32567e+07,0,0,0,0,62.3362,61.308,4.56146,0,1,1.40369,1.40369,0,1.08427,1.69344,8.91558e+06,3.92412e+06,1.25147e+07,0,0,0,1.83425e+08
103.622,103.622,5.80707,0,0,3.09074,3.09074,0,0.579085,6.16896,4.29004e+06,2.93582e+06,1.32594e+07,0,0,0,0,62.3362,61.308,5.81533,0,1,1.40398,1.40398,0,1.08449,1.69344,8.91558e+06,3.92412e+06,1.25173e+07,0,0,0,1.83425e+08
103.622,103.622,7.47988,0,0,3.09137,3.09137,0,0.579204,6.16896,4.29004e+06,2.93582e+06,1.32621e+07,0,0,0,0,62.3362,61.308,5.28132,0,1,1.40427,1.40427,0,1.08472,1.69344,8.91558e+06,3.92412e+06,1.25199e+07,0,0,0,1.83425e+08
103.622,103.622,5.34788,0,0,3.20498,3.20498,0,0.579323,6.16896,4.29004e+06,2.93582e+06,1.37495e+07,0,0,0,0,62.3362,61.308,3.50094,0,1,1.46105,1.46105,0,1.08494,1.69344,8.91558e+06,3.92412e+06,1.30261e+07,0,0,0,1.83425e+08
103.622,103.622,4.94612,0,0,3.20564,3.20564,0,0.600614,6.16896,4.29004e+06,2.93582e+06,1.37523e+07,0,0,0,0,62.3362,61.308,3.90954,0,1,1.46135,1.46135,0,1.12881,1.69344,8.91558e+06,3.92412e+06,1.30288e+07,0,0,0,1.83425e+08
103.622,103.622,5.94701,0,0,3.2063,3.2063,0,0.600737,6.16896,4.29004e+06,2.93582e+06,1.37552e+07,0,0,0,0,62.3362,61.308,3.48322,0,1,1.46165,1.46165,0,1.12904,1.69344,8.91558e+06,3.92412e+06,1.30315e+07,0,0,0,1.83425e+08
103.622,103.622,4.26241,0,0,3.20696,3.20696,0,0.600861,6.16896,4.29004e+06,2.93582e+06,1.3758e+07,0,0,0,0,62.3362,61.308,2.5313,0,1,1.46195,1.46195,0,1.12927,1.69344,8.91558e+06,3.92412e+06,1.30342e+07,0,0,0,1.83425e+08
103.622,103.622,4.21014,0,0,3.16341,3.16341,0,0.600984,6.16896,4.29004e+06,2.93582e+06,1.35712e+07,0,0,0,0,62.3362,61.308,2.70865,0,1,1.44029,1.44029,0,1.1295,1.69344,8.91558e+06,3.92412e+06,1.28411e+07,0,0,0,1.83425e+08
103.622,103.622,4.04055,0,0,3.16406,3.16406,0,0.592823,6.16896,4.29004e+06,2.93582e+06,1.3574e+07,0,0,0,0,62.3362,61.308,2.89264,0,1,1.44059,1.44059,0,1.11277,1.69344,8.91558e+06,3.92412e+06,1.28437e+07,0,0,0,1.83425e+08
103.622,103.622,3.72799,0,0,3.16471,3.16471,0,0.592945,6.16896,4.29004e+06,2.93582e+06,1.35768e+07,0,0,0,0,62.3362,61.308,2.71248,0,1,1.44089,1.44089,0,1.113,1.69344,8.91558e+06,3.92412e+06,1.28463e+07,0,0,0,1.83425e+08
103.622,103.622,3.59287,0,0,3.16536,3.16536,0,0.593067,6.16896,4.29004e+06,2.93582e+06,1.35795e+07,0,0,0,0,62.3362,61.308,2.50289,0,1,1.44118,1.44118,0,1.11323,1.69344,8.91558e+06,3.92412e+06,1.2849e+07,0,0,0,1.83425e+08
103.564,103.622,3.22214,0,0,3.3162,3.3162,0,0.593189,6.16896,4.29004e+06,2.93582e+06,1.42266e+07,0,0,0,0,62.3362,61.308,2.51163,0,1,1.51941,1.51941,0,1.11346,1.69344,8.91558e+06,3.92412e+06,1.35465e+07,0,0,0,1.83425e+08
103.622,103.622,3.41735,0,0,3.31688,3.31688,0,0.621456,6.16896,4.29004e+06,2.93582e+06,1.42296e+07,0,0,0,0,62.3362,61.308,2.78181,0,1,1.51973,1.51973,0,1.1739,1.69344,8.91558e+06,3.92412e+06,1.35492e+07,0,0,0,1.83425e+08
103.622,103.622,3.2518,0,0,3.31756,3.31756,0,0.621584,6.16896,4.29004e+06,2.93582e+06,1.42325e+07,0,0,0,0,62.3362,61.308,2.56953,0,1,1.52004,1.52004,0,1.17414,1.69344,8.91558e+06,3.92412e+06,1.3552e+07,0,0,0,1.83425e+08
103.622,103.622,3.1557,0,0,3.31825,3.31825,0,0.621711,6.16896,4.29004e+06,2.93582e+06,1.42354e+07,0,0,0,0,62.3362,61.308,2.71821,0,1,1.52035,1.52035,0,1.17438,1.69344,8.91558e+06,3.92412e+06,1.35548e+07,0,0,0,1.83425e+08
103.361,103.622,2.87263,0,0,3.31893,3.31893,0,0.621839,6.16896,4.29004e+06,2.93582e+06,1.42383e+07,0,0,0,0,62.3362,61.308,2.60954,0,1,1.52066,1.52066,0,1.17462,1.69344,8.91558e+06,3.92412e+06,1.35576e+07,0,0,0,1.83425e+08
102.897,103.622,2.58637,0.01,0,3.28988,3.28988,0,0.621967,6.16896,4.29004e+06,2.93582e+06,1.41137e+07,0,0,0,0,62.3362,61.308,2.91385,1,1,1.56385,1.56385,0,1.17486,1.69344,8.91558e+06,3.92412e+06,1.39427e+07,0,0,0,1.83425e+08
102.265,103.622,2.38884,0.01,0,3.29055,3.29055,0,0.616523,6.16896,4.29004e+06,2.93582e+06,1.41166e+07,0,0,0,0,62.3362,61.308,2.58828,1,1,1.56417,1.56417,0,1.20823,1.69344,8.91558e+06,3.92412e+06,1.39455e+07,0,0,0,1.83425e+08
101.487,103.622,2.19768,0.01,0,3.29123,3.29123,0,0.61665,6.16896,4.29004e+06,2.93582e+06,1.41195e+07,0,0,0,0,62.3362,61.308,2.53983,1,1,1.5645,1.5645,0,1.20848,1.69344,8.91558e+06,3.92412e+06,1.39484e+07,0,0,0,1.83425e+08
100.608,103.622,2.05915,0.01,0,3.29191,3.29191,0,0.616777,6.16896,4.29004e+06,2.93582e+06,1.41224e+07,0,0,0,0,62.3362,61.308,2.44439,1,1,1.56482,1.56482,0,1.20873,1.69344,8.91558e+06,3.92412e+06,1.39513e+07,0,0,0,1.83425e+08
99.7463,103.622,2.12747,0.01,0,3.36943,3.36943,0,0.616903,6.16896,4.29004e+06,2.93582e+06,1.4455e+07,0,0,0,0,62.3362,61.308,2.51031,1,1,1.60338,1.60338,0,1.20898,1.69344,8.91558e+06,3.92412e+06,1.42951e+07,0,0,0,1.83425e+08
99.1839,103.622,2.4372,0.01,0,3.37012,3.37012,0,0.63143,6.16896,4.29004e+06,2.93582e+06,1.4458e+07,0,0,0,0,62.3362,61.308,2.76998,1,1,1.60371,1.60371,0,1.23877,1.69344,8.91558e+06,3.92412e+06,1.4298e+07,0,0,0,1.83425e+08
98.3775,103.622,2.17943,0.02,0,3.37081,3.37081,0,0.63156,6.16896,4.29004e+06,2.93582e+06,1.44609e+07,0,0,0,0,62.3362,61.308,2.58686,1,1,1.60404,1.60404,0,1.23903,1.69344,8.91558e+06,3.92412e+06,1.4301e+07,0,0,0,1.83425e+08
97.4029,103.622,1.99109,0.02,0,3.3715,3.3715,0,0.63169,6.16896,4.29004e+06,2.93582e+06,1.44639e+07,0,0,0,0,62.3362,61.308,2.45532,1,1,1.60437,1.60437,0,1.23928,1.69344,8.91558e+06,3.92412e+06,1.43039e+07,0,0,0,1.83425e+08
96.0342,103.622,1.71517,0.02,0,3.59741,3.59741,0,0.631819,6.16896,4.29004e+06,2.93582e+06,1.5433e+07,0,0,0,0,62.2944,61.308,2.43712,1,1,1.69344,1.74286,0.0494194,1.23954,1.69344,8.91558e+06,3.92412e+06,1.5098e+07,0,0,0,1.83425e+08
94.5808,103.622,1.63759,0.02,0,3.59815,3.59815,0,0.674154,6.16896,4.29004e+06,2.93582e+06,1.54362e+07,0,0,0,0,62.3334,61.308,2.62846,1,1,1.69344,1.74322,0.0497773,1.30835,1.69344,8.91558e+06,3.92412e+06,1.5098e+07,0,0,0,1.83425e+08
93.0698,103.622,1.55111,0.02,0,3.59889,3.59889,0,0.674293,6.16896,4.29004e+06,2.93582e+06,1.54394e+07,0,0,0,0,62.293,61.308,2.44673,1,1,1.69344,1.74358,0.0501353,1.30835,1.69344,8.91558e+06,3.92412e+06,1.5098e+07,0,0,0,1.83425e+08
92.0836,103.622,2.0788,0.03,0,3.59963,3.59963,0,0.674431,6.16896,4.29004e+06,2.93582e+06,1.54426e+07,0,0,0,0,62.3362,61.308,2.75179,1,1,1.69344,1.74393,0.0504934,1.30835,1.69344,8.91558e+06,3.92412e+06,1.5098e+07,0,0,0,1.83425e+08
91.9198,103.622,2.98824,0.03,0,3.60037,3.60037,0,0.67457,6.16896,4.29004e+06,2.93582e+06,1.54457e+07,0,0,0,0,62.3362,61.308,3.30318,1,1,1.69344,1.74429,0.0508515,1.30835,1.69344,8.91558e+06,3.92412e+06,1.5098e+07,0,0,0,1.83425e+08
91.7595,103.622,2.9564,0.04,0,3.49123,3.49123,0,0.674708,6.16896,4.29004e+06,2.93582e+06,1.49775e+07,0,0,0,0,62.3362,61.308,2.99475,1,1,1.66071,1.66071,0,1.30835,1.69344,8.91558e+06,3.92412e+06,1.48062e+07,0,0,0,1.83425e+08
91.3931,103.622,2.84934,0.03,0,3.49195,3.49195,0,0.654257,6.16896,4.29004e+06,2.93582e+06,1.49806e+07,0,0,0,0,62.3362,61.308,4.27838,1,1,1.66105,1.66105,0,1.28306,1.69344,8.91558e+06,3.92412e+06,1.48092e+07,0,0,0,1.83425e+08
91.0975,103.622,2.9575,0.03,0,3.49266,3.49266,0,0.654391,6.16896,4.29004e+06,2.93582e+06,1.49837e+07,0,0,0,0,62.3362,61.308,5.54089,1,1,1.66139,1.66139,0,1.28333,1.69344,8.91558e+06,3.92412e+06,1.48123e+07,0,0,0,1.83425e+08
90.5764,103.622,2.64453,0.03,0,3.49338,3.49338,0,0.654525,6.16896,4.29004e+06,2.93582e+06,1.49868e+07,0,0,0,0,62.3362,61.308,4.33363,1,1,1.66173,1.66173,0,1.28359,1.69344,8.91558e+06,3.92412e+06,1.48153e+07,0,0,0,1.83425e+08
91.306,103.622,4.07743,0.02,0,3.40384,3.40384,0,0.65466,6.16896,4.29004e+06,2.93582e+06,1.46026e+07,0,0,0,0,62.3362,61.308,6.44458,1,1,1.5856,1.5856,0,1.28385,1.69344,8.91558e+06,3.92412e+06,1.41365e+07,0,0,0,1.83425e+08
92.6097,103.622,4.69801,0.02,0,3.40454,3.40454,0,0.637879,6.16896,4.29004e+06,2.93582e+06,1.46056e+07,0,0,0,0,62.3362,61.308,4.53387,1,1,1.58592,1.58592,0,1.22503,1.69344,8.91558e+06,3.92412e+06,1.41394e+07,0,0,0,1.83425e+08
95.8197,103.622,6.83832,0.02,0,3.40523,3.40523,0,0.63801,6.16896,4.29004e+06,2.93582e+06,1.46086e+07,0,0,0,0,62.3362,61.308,6.62164,1,1,1.58625,1.58625,0,1.22529,1.69344,8.91558e+06,3.92412e+06,1.41423e+07,0,0,0,1.83425e+08
98.2497,103.622,6.12285,0.02,0,3.40593,3.40593,0,0.638141,6.16896,4.29004e+06,2.93582e+06,1.46116e+07,0,0,0,0,62.3362,61.308,6.01532,1,1,1.58658,1.58658,0,1.22554,1.69344,8.91558e+06,3.92412e+06,1.41452e+07,0,0,0,1.83425e+08
100.083,103.622,5.2551,0.02,0,3.15007,3.15007,0,0.638272,6.16896,4.29004e+06,2.93582e+06,1.3514e+07,0,0,0,0,62.3362,61.308,4.81091,0,1,1.4275,1.4275,0,1.22579,1.69344,8.91558e+06,3.92412e+06,1.2727e+07,0,0,0,1.83425e+08
100.547,103.622,3.72371,0.02,0,3.15072,3.15072,0,0.590324,6.16896,4.29004e+06,2.93582e+06,1.35167e+07,0,0,0,0,62.3044,61.308,4.00988,0,1,1.4278,1.4278,0,1.10289,1.69344,8.91558e+06,3.92412e+06,1.27296e+07,0,0,0,1.83425e+08
101.069,103.622,3.93344,0.01,0,3.15137,3.15137,0,0.590445,6.16896,4.29004e+06,2.93582e+06,1.35195e+07,0,0,0,0,62.3362,61.308,3.91941,0,1,1.42809,1.42809,0,1.10311,1.69344,8.91558e+06,3.92412e+06,1.27322e+07,0,0,0,1.83425e+08
103.622,103.622,10.476,0.01,0,3.15201,3.15201,0,0.590566,6.16896,4.29004e+06,2.93582e+06,1.35223e+07,0,0,0,0,62.3362,61.308,9.61088,0,1,1.42838,1.42838,0,1.10334,1.69344,8.91558e+06,3.92412e+06,1.27349e+07,0,0,0,1.83425e+08
103.622,103.622,11.3364,0,0,3.15266,3.15266,0,0.590687,6.16896,4.29004e+06,2.93582e+06,1.3525e+07,0,0,0,0,62.3362,61.308,10.5465,0,1,1.42867,1.42867,0,1.10357,1.69344,8.91558e+06,3.92412e+06,1.27375e+07,0,0,0,1.83425e+08
103.622,103.622,8.05704,0,0,3.25207,3.25207,0,0.590809,6.16896,4.29004e+06,2.93582e+06,1.39515e+07,0,0,0,0,62.3362,61.308,6.42812,0,1,1.47516,1.47516,0,1.10379,1.69344,8.91558e+06,3.92412e+06,1.31519e+07,0,0,0,1.83425e+08
103.622,103.622,7.94605,0,0,3.2527,3.2527,0,0.609438,6.16896,4.29004e+06,2.93582e+06,1.39542e+07,0,0,0,0,62.3362,61.308,5.27876,0,1,1.47545,1.47545,0,1.13971,1.69344,8.91558e+06,3.92412e+06,1.31545e+07,0,0,0,1.83425e+08
103.622,103.622,5.85374,0,0,3.25333,3.25333,0,0.609556,6.16896,4.29004e+06,2.93582e+06,1.39569e+07,0,0,0,0,62.3362,61.308,5.2973,0,1,1.47574,1.47574,0,1.13993,1.69344,8.91558e+06,3.92412e+06,1.3157e+07,0,0,0,1.83425e+08
103.622,103.622,8.86545,0,0,3.25397,3.25397,0,0.609675,6.16896,4.29004e+06,2.93582e+06,1.39597e+07,0,0,0,0,62.3362,61.308,5.96569,0,1,1.47602,1.47602,0,1.14015,1.69344,8.91558e+06,3.92412e+06,1.31596e+07,0,0,0,1.83425e+08
103.622,103.622,13.5629,0,0,3.57204,3.57204,0,0.609793,6.16896,4.29004e+06,2.93582e+06,1.53242e+07,0,0,0,0,62.3362,61.308,7.66712,1,1,1.64989,1.64989,0,1.14037,1.69344,8.91558e+06,3.92412e+06,1.47097e+07,0,0,0,1.83425e+08
103.622,103.622,9.83799,0,0,3.57274,3.57274,0,0.669401,6.16896,4.29004e+06,2.93582e+06,1.53272e+07,0,0,0,0,62.3362,61.308,6.36564,1,1,1.65021,1.65021,0,1.27471,1.69344,8.91558e+06,3.92412e+06,1.47126e+07,0,0,0,1.83425e+08
103.622,103.622,6.31035,0,0,3.57343,3.57343,0,0.669531,6.16896,4.29004e+06,2.93582e+06,1.53302e+07,0,0,0,0,62.3362,61.308,3.82484,1,1,1.65053,1.65053,0,1.27495,1.69344,8.91558e+06,3.92412e+06,1.47155e+07,0,0,0,1.83425e+08
103.622,103.622,5.1002,0,0,3.57413,3.57413,0,0.669661,6.16896,4.29004e+06,2.93582e+06,1.53332e+07,0,0,0,0,62.3362,61.308,2.72514,1,1,1.65085,1.65085,0,1.2752,1.69344,8.91558e+06,3.92412e+06,1.47183e+07,0,0,0,1.83425e+08
103.622,103.622,6.40911,0,0,3.12169,3.12169,0,0.669791,6.16896,4.29004e+06,2.93582e+06,1.33922e+07,0,0,0,0,62.3362,61.308,2.97537,0,1,1.41804,1.41804,0,1.27545,1.69344,8.91558e+06,3.92412e+06,1.26427e+07,0,0,0,1.83425e+08
103.622,103.622,9.88205,0,0,3.1223,3.1223,0,0.585005,6.16896,4.29004e+06,2.93582e+06,1.33948e+07,0,0,0,0,62.3362,61.308,6.59194,0,1,1.41832,1.41832,0,1.09558,1.69344,8.91558e+06,3.92412e+06,1.26451e+07,0,0,0,1.83425e+08
103.622,103.622,8.93074,0,0,3.1229,3.1229,0,0.585118,6.16896,4.29004e+06,2.93582e+06,1.33974e+07,0,0,0,0,62.3362,61.308,4.52174,0,1,1.41859,1.41859,0,1.09579,1.69344,8.91558e+06,3.92412e+06,1.26476e+07,0,0,0,1.83425e+08
103.622,103.622,8.92133,0,0,3.12351,3.12351,0,0.585232,6.16896,4.29004e+06,2.93582e+06,1.34e+07,0,0,0,0,62.3362,61.308,4.24748,0,1,1.41887,1.41887,0,1.09601,1.69344,8.91558e+06,3.92412e+06,1.26501e+07,0,0,0,1.83425e+08
103.622,103.622,10.3176,0,0,3.12412,3.12412,0,0.585346,6.16896,4.29004e+06,2.93582e+06,1.34026e+07,0,0,0,0,62.3362,61.308,6.94026,0,1,1.41915,1.41915,0,1.09622,1.69344,8.91558e+06,3.92412e+06,1.26525e+07,0,0,0,1.83425e+08
103.622,103.622,11.3436,0,0,3.23889,3.23889,0,0.585459,6.16896,4.29004e+06,2.93582e+06,1.3895e+07,0,0,0,0,62.3362,61.308,5.50265,0,1,1.47651,1.47651,0,1.09643,1.69344,8.91558e+06,3.92412e+06,1.31639e+07,0,0,0,1.83425e+08
103.622,103.622,7.38989,0,0,3.23952,3.23952,0,0.606969,6.16896,4.29004e+06,2.93582e+06,1.38977e+07,0,0,0,0,62.3362,61.308,4.04253,0,1,1.4768,1.4768,0,1.14075,1.69344,8.91558e+06,3.92412e+06,1.31665e+07,0,0,0,1.83425e+08
103.622,103.622,6.13856,0,0,3.24015,3.24015,0,0.607087,6.16896,4.29004e+06,2.93582e+06,1.39004e+07,0,0,0,0,62.3362,61.308,3.75582,0,1,1.47708,1.47708,0,1.14097,1.69344,8.91558e+06,3.92412e+06,1.31691e+07,0,0,0,1.83425e+08
103.622,103.622,5.42061,0,0,3.24078,3.24078,0,0.607204,6.16896,4.29004e+06,2.93582e+06,1.39031e+07,0,0,0,0,62.3362,61.308,3.4716,0,1,1.47737,1.47737,0,1.14119,1.69344,8.91558e+06,3.92412e+06,1.31716e+07,0,0,0,1.83425e+08
103.622,103.622,5.77041,0,0,3.19674,3.19674,0,0.607322,6.16896,4.29004e+06,2.93582e+06,1.37141e+07,0,0,0,0,62.3362,61.308,3.22647,0,1,1.45547,1.45547,0,1.14142,1.69344,8.91558e+06,3.92412e+06,1.29763e+07,0,0,0,1.83425e+08
103.622,103.622,5.28617,0,0,3.19736,3.19736,0,0.599068,6.16896,4.29004e+06,2.93582e+06,1.37168e+07,0,0,0,0,62.3362,61.308,2.90318,0,1,1.45575,1.45575,0,1.12449,1.69344,8.91558e+06,3.92412e+06,1.29789e+07,0,0,0,1.83425e+08
103.622,103.622,5.09687,0,0,3.19798,3.19798,0,0.599185,6.16896,4.29004e+06,2.93582e+06,1.37195e+07,0,0,0,0,62.3362,61.308,2.67694,0,1,1.45603,1.45603,0,1.12471,1.69344,8.91558e+06,3.92412e+06,1.29814e+07,0,0,0,1.83425e+08
103.622,103.622,4.47053,0,0,3.1986,3.1986,0,0.599301,6.16896,4.29004e+06,2.93582e+06,1.37221e+07,0,0,0,0,62.3362,61.308,2.74647,0,1,1.45631,1.45631,0,1.12493,1.69344,8.91558e+06,3.92412e+06,1.29839e+07,0,0,0,1.83425e+08
103.622,103.622,4.54899,0,0,3.35098,3.35098,0,0.599417,6.16896,4.29004e+06,2.93582e+06,1.43758e+07,0,0,0,0,62.3362,61.308,3.1958,1,1,1.53535,1.53535,0,1.12515,1.69344,8.91558e+06,3.92412e+06,1.36885e+07,0,0,0,1.83425e+08
103.622,103.622,3.71898,0,0,3.35163,3.35163,0,0.627974,6.16896,4.29004e+06,2.93582e+06,1.43786e+07,0,0,0,0,62.313,61.308,2.16595,1,1,1.53565,1.53565,0,1.18621,1.69344,8.91558e+06,3.92412e+06,1.36912e+07,0,0,0,1.83425e+08
103.622,103.622,3.779,0,0,3.35228,3.35228,0,0.628095,6.16896,4.29004e+06,2.93582e+06,1.43814e+07,0,0,0,0,62.3225,61.308,2.50488,1,1,1.53594,1.53594,0,1.18644,1.69344,8.91558e+06,3.92412e+06,1.36938e+07,0,0,0,1.83425e+08
103.622,103.622,3.3312,0,0,3.35293,3.35293,0,0.628217,6.16896,4.29004e+06,2.93582e+06,1.43842e+07,0,0,0,0,62.184,61.308,2.10118,1,1,1.53624,1.53624,0,1.18667,1.69344,8.91558e+06,3.92412e+06,1.36965e+07,0,0,0,1.83425e+08
103.593,103.622,3.13791,0,0,3.35358,3.35358,0,0.628339,6.16896,4.29004e+06,2.93582e+06,1.4387e+07,0,0,0,0,61.7938,61.308,1.80867,1,1,1.53654,1.53654,0,1.1869,1.69344,8.91558e+06,3.92412e+06,1.36992e+07,0,0,0,1.83425e+08
102.857,103.622,2.31346,0.01,0,3.32419,3.32419,0,0.628461,6.16896,4.29004e+06,2.93582e+06,1.42609e+07,0,0,0,0,61.1984,61.308,1.65029,1,1,1.58016,1.58016,0,1.18713,1.69344,8.91558e+06,3.92412e+06,1.40881e+07,0,0,0,1.83425e+08
101.744,103.622,1.90352,0.01,0,3.32484,3.32484,0,0.622953,6.16896,4.29004e+06,2.93582e+06,1.42637e+07,0,0,0,0,60.6429,61.308,1.51172,1,1,1.58047,1.58047,0,1.22083,1.69344,8.91558e+06,3.92412e+06,1.40908e+07,0,0,0,1.83425e+08
100.493,103.622,1.74761,0.01,0,3.32548,3.32548,0,0.623074,6.16896,4.29004e+06,2.93582e+06,1.42665e+07,0,0,0,0,59.9429,61.308,1.52127,1,1,1.58078,1.58078,0,1.22107,1.69344,8.91558e+06,3.92412e+06,1.40935e+07,0,0,0,1.83425e+08
99.1062,103.622,1.58381,0.01,0,3.32613,3.32613,0,0.623195,6.16896,4.29004e+06,2.93582e+06,1.42692e+07,0,0,0,0,59.1685,61.308,1.35299,1,1,1.58108,1.58108,0,1.22131,1.69344,8.91558e+06,3.92412e+06,1.40963e+07,0,0,0,1.83425e+08
97.6365,103.622,1.51653,0.01,0,3.40441,3.40441,0,0.623316,6.16896,4.29004e+06,2.93582e+06,1.46051e+07,0,0,0,0,58.3073,61.308,1.29697,1,1,1.62003,1.62003,0,1.22154,1.69344,8.91558e+06,3.92412e+06,1.44435e+07,0,0,0,1.83425e+08
96.1287,103.622,1.42069,0.02,0,3.40507,3.40507,0,0.637987,6.16896,4.29004e+06,2.93582e+06,1.46079e+07,0,0,0,0,57.3566,61.308,1.3131,1,1,1.62035,1.62035,0,1.25164,1.69344,8.91558e+06,3.92412e+06,1.44463e+07,0,0,0,1.83425e+08
94.5579,103.622,1.32404,0.02,0,3.40573,3.40573,0,0.63811,6.16896,4.29004e+06,2.93582e+06,1.46107e+07,0,0,0,0,56.4679,61.308,1.20455,1,1,1.62066,1.62066,0,1.25188,1.69344,8.91558e+06,3.92412e+06,1.44491e+07,0,0,0,1.83425e+08
92.9904,103.622,1.31339,0.02,0,3.40639,3.40639,0,0.638234,6.16896,4.29004e+06,2.93582e+06,1.46136e+07,0,0,0,0,55.7043,61.308,1.29108,1,1,1.62097,1.62097,0,1.25212,1.69344,8.91558e+06,3.92412e+06,1.44519e+07,0,0,0,1.83425e+08
91.3978,103.622,1.42808,0.03,0,3.6346,3.6346,0,0.638358,6.16896,4.29004e+06,2.93582e+06,1.55926e+07,0,0,0,0,54.8556,61.308,1.40682,1,1,1.69344,1.76088,0.0674351,1.25237,1.69344,8.91558e+06,3.92412e+06,1.5098e+07,0,0,0,1.83425e+08
89.4401,103.622,1.00167,0.04,0,3.6353,3.6353,0,0.681123,6.16896,4.29004e+06,2.93582e+06,1.55956e+07,0,0,0,0,53.9122,61.308,1.30955,1,1,1.69344,1.76122,0.0677766,1.30835,1.69344,8.91558e+06,3.92412e+06,1.5098e+07,0,0,0,1.83425e+08
87.3837,103.622,0.863865,0.03,0,3.636,3.636,0,0.681255,6.16896,4.29004e+06,2.93582e+06,1.55986e+07,0,0,0,0,52.9806,61.308,1.22145,1,1,1.69344,1.76156,0.0681181,1.30835,1.69344,8.91558e+06,3.92412e+06,1.5098e+07,0,0,0,1.83425e+08
85.4411,103.622,0.9549,0.05,0,3.63671,3.63671,0,0.681387,6.16896,4.29004e+06,2.93582e+06,1.56016e+07,0,0,0,0,52.2544,61.308,1.25478,1,1,1.69344,1.7619,0.0684596,1.30835,1.69344,8.91558e+06,3.92412e+06,1.5098e+07,0,0,0,1.83425e+08
83.9795,103.622,1.47362,0.03,0,3.63741,3.63741,0,0.681519,6.16896,4.29004e+06,2.93582e+06,1.56047e+07,0,0,0,0,51.3735,61.308,1.52935,1,1,1.69344,1.76224,0.0688012,1.30835,1.69344,8.91558e+06,3.92412e+06,1.5098e+07,0,0,0,1.83425e+08
82.7457,103.622,1.59114,0.04,0,3.52712,3.52712,0,0.681652,6.16896,4.29004e+06,2.93582e+06,1.51315e+07,0,0,0,0,50.3369,61.308,1.31315,1,1,1.67778,1.67778,0,1.30835,1.69344,8.91558e+06,3.92412e+06,1.49584e+07,0,0,0,1.83425e+08
81.14,103.622,1.16044,0.06,0,3.5278,3.5278,0,0.660982,6.16896,4.29004e+06,2.93582e+06,1.51344e+07,0,0,0,0,49.6766,61.308,0.991285,1,1,1.6781,1.6781,0,1.29625,1.69344,8.91558e+06,3.92412e+06,1.49613e+07,0,0,0,1.83425e+08
80.094,103.622,1.84649,0.06,0,3.52848,3.52848,0,0.66111,6.16896,4.29004e+06,2.93582e+06,1.51374e+07,0,0,0,0,49.0081,61.308,1.70982,1,1,1.67843,1.67843,0,1.2965,1.69344,8.91558e+06,3.92412e+06,1.49642e+07,0,0,0,1.83425e+08
78.8108,103.622,1.57049,0.05,0,3.52917,3.52917,0,0.661238,6.16896,4.29004e+06,2.93582e+06,1.51403e+07,0,0,0,0,48.1027,61.308,1.3531,1,1,1.67875,1.67875,0,1.29675,1.69344,8.91558e+06,3.92412e+06,1.49671e+07,0,0,0,1.83425e+08
77.5604,103.622,1.56634,0.04,0,3.43867,3.43867,0,0.661366,6.16896,4.29004e+06,2.93582e+06,1.4752e+07,0,0,0,0,47.5027,61.308,1.15128,1,1,1.60182,1.60182,0,1.297,1.69344,8.91558e+06,3.92412e+06,1.42812e+07,0,0,0,1.83425e+08
76.5646,103.622,1.94371,0.04,0,3.43933,3.43933,0,0.644406,6.16896,4.29004e+06,2.93582e+06,1.47549e+07,0,0,0,0,46.9483,61.308,1.57143,1,1,1.60213,1.60213,0,1.23757,1.69344,8.91558e+06,3.92412e+06,1.4284e+07,0,0,0,1.83425e+08
76.2718,103.622,2.68887,0.03,0,3.44,3.44,0,0.644531,6.16896,4.29004e+06,2.93582e+06,1.47578e+07,0,0,0,0,46.6653,61.308,1.42845,1,1,1.60245,1.60245,0,1.23781,1.69344,8.91558e+06,3.92412e+06,1.42867e+07,0,0,0,1.83425e+08
79.6695,103.622,6.82582,0.03,0,3.44067,3.44067,0,0.644656,6.16896,4.29004e+06,2.93582e+06,1.47606e+07,0,0,0,0,47.3516,61.308,4.69118,1,1,1.60276,1.60276,0,1.23805,1.69344,8.91558e+06,3.92412e+06,1.42895e+07,0,0,0,1.83425e+08
81.309,103.622,4.67703,0.03,0,3.18216,3.18216,0,0.644781,6.16896,4.29004e+06,2.93582e+06,1.36516e+07,0,0,0,0,47.7267,61.308,3.19245,0,1,1.44204,1.44204,0,1.23829,1.69344,8.91558e+06,3.92412e+06,1.28567e+07,0,0,0,1.83425e+08
84.4754,103.622,6.29734,0.04,0,3.18278,3.18278,0,0.596337,6.16896,4.29004e+06,2.93582e+06,1.36543e+07,0,0,0,0,49.0806,61.308,4.97248,0,1,1.44232,1.44232,0,1.11412,1.69344,8.91558e+06,3.92412e+06,1.28592e+07,0,0,0,1.83425e+08
85.916,103.622,4.65547,0.02,0,3.18339,3.18339,0,0.596453,6.16896,4.29004e+06,2.93582e+06,1.36569e+07,0,0,0,0,49.9055,61.308,4.24665,0,1,1.4426,1.4426,0,1.11434,1.69344,8.91558e+06,3.92412e+06,1.28616e+07,0,0,0,1.83425e+08
87.0001,103.622,4.23614,0.02,0,3.18401,3.18401,0,0.596568,6.16896,4.29004e+06,2.93582e+06,1.36595e+07,0,0,0,0,50.4718,61.308,3.41775,0,1,1.44288,1.44288,0,1.11455,1.69344,8.91558e+06,3.92412e+06,1.28641e+07,0,0,0,1.83425e+08
89.5901,103.622,6.07043,0.02,0,3.18463,3.18463,0,0.596684,6.16896,4.29004e+06,2.93582e+06,1.36622e+07,0,0,0,0,52.0791,61.308,4.95027,0,1,1.44316,1.44316,0,1.11477,1.69344,8.91558e+06,3.92412e+06,1.28666e+07,0,0,0,1.83425e+08
90.6874,103.622,4.43112,0.02,0,3.18463,3.18463,0,0.596799,6.16896,4.29004e+06,2.93582e+06,1.36622e+07,0,0,0,0,53.4412,61.308,4.47047,0,1,1.44316,1.44316,0,1.11499,1.69344,8.91558e+06,3.92412e+06,1.28666e+07,0,0,0,1.83425e+08
92.0454,103.622,4.70609,0.02,0,3.28501,3.28501,0,0.596799,6.16896,4.29004e+06,2.93582e+06,1.40928e+07,0,0,0,0,54.1405,61.308,3.94038,0,1,1.4901,1.4901,0,1.11499,1.69344,8.91558e+06,3.92412e+06,1.32851e+07,0,0,0,1.83425e+08
92.9374,103.622,4.14802,0.02,0,3.28561,3.28561,0,0.615611,6.16896,4.29004e+06,2.93582e+06,1.40954e+07,0,0,0,0,54.5641,61.308,3.1812,0,1,1.49038,1.49038,0,1.15125,1.69344,8.91558e+06,3.92412e+06,1.32876e+07,0,0,0,1.83425e+08
96.8432,103.622,7.18595,0.02,0,3.28621,3.28621,0,0.615723,6.16896,4.29004e+06,2.93582e+06,1.4098e+07,0,0,0,0,55.1505,61.308,3.62203,0,1,1.49065,1.49065,0,1.15146,1.69344,8.91558e+06,3.92412e+06,1.329e+07,0,0,0,1.83425e+08
97.2548,103.622,3.65905,0.01,0,3.28681,3.28681,0,0.615836,6.16896,4.29004e+06,2.93582e+06,1.41006e+07,0,0,0,0,55.4889,61.308,3.53596,0,1,1.49092,1.49092,0,1.15168,1.69344,8.91558e+06,3.92412e+06,1.32924e+07,0,0,0,1.83425e+08
95.7566,103.622,1.95245,0.01,0,3.60806,3.60806,0,0.615949,6.16896,4.29004e+06,2.93582e+06,1.54787e+07,0,0,0,0,55.7141,61.308,2.38458,1,1,1.66653,1.66653,0,1.15189,1.69344,8.91558e+06,3.92412e+06,1.48581e+07,0,0,0,1.83425e+08
98.2872,103.622,6.2427,0.01,0,3.60872,3.60872,0,0.676151,6.16896,4.29004e+06,2.93582e+06,1.54816e+07,0,0,0,0,55.8865,61.308,3.43987,1,1,1.66683,1.66683,0,1.28756,1.69344,8.91558e+06,3.92412e+06,1.48608e+07,0,0,0,1.83425e+08
97.984,103.622,3.2115,0.01,0,3.60938,3.60938,0,0.676275,6.16896,4.29004e+06,2.93582e+06,1.54844e+07,0,0,0,0,55.2366,61.308,2.05183,1,1,1.66714,1.66714,0,1.28779,1.69344,8.91558e+06,3.92412e+06,1.48635e+07,0,0,0,1.83425e+08
97.2991,103.622,2.73235,0.01,0,3.61004,3.61004,0,0.676398,6.16896,4.29004e+06,2.93582e+06,1.54872e+07,0,0,0,0,55.005,61.308,1.68233,1,1,1.66744,1.66744,0,1.28803,1.69344,8.91558e+06,3.92412e+06,1.48662e+07,0,0,0,1.83425e+08
97.4322,103.622,3.34501,0.01,0,3.15302,3.15302,0,0.676522,6.16896,4.29004e+06,2.93582e+06,1.35266e+07,0,0,0,0,55.3574,61.308,2.49667,0,1,1.43228,1.43228,0,1.28827,1.69344,8.91558e+06,3.92412e+06,1.27696e+07,0,0,0,1.83425e+08
97.6993,103.622,3.47835,0.01,0,3.1536,3.1536,0,0.590877,6.16896,4.29004e+06,2.93582e+06,1.35291e+07,0,0,0,0,55.7162,61.308,2.55934,0,1,1.43254,1.43254,0,1.10658,1.69344,8.91558e+06,3.92412e+06,1.27719e+07,0,0,0,1.83425e+08
98.3755,103.622,3.96176,0.01,0,3.15418,3.15418,0,0.590985,6.16896,4.29004e+06,2.93582e+06,1.35316e+07,0,0,0,0,56.2255,61.308,3.22885,0,1,1.4328,1.4328,0,1.10678,1.69344,8.91558e+06,3.92412e+06,1.27743e+07,0,0,0,1.83425e+08
101.254,103.622,6.46485,0.01,0,3.15476,3.15476,0,0.591093,6.16896,4.29004e+06,2.93582e+06,1.3534e+07,0,0,0,0,57.2009,61.308,5.22965,0,1,1.43306,1.43306,0,1.10698,1.69344,8.91558e+06,3.92412e+06,1.27766e+07,0,0,0,1.83425e+08
103.622,103.622,7.35795,0.01,0,3.15533,3.15533,0,0.591201,6.16896,4.29004e+06,2.93582e+06,1.35365e+07,0,0,0,0,58.1187,61.308,4.09982,0,1,1.43333,1.43333,0,1.10718,1.69344,8.91558e+06,3.92412e+06,1.27789e+07,0,0,0,1.83425e+08
103.622,103.622,5.57653,0,0,3.27122,3.27122,0,0.591309,6.16896,4.29004e+06,2.93582e+06,1.40337e+07,0,0,0,0,58.7246,61.308,3.44719,0,1,1.49125,1.49125,0,1.10739,1.69344,8.91558e+06,3.92412e+06,1.32953e+07,0,0,0,1.83425e+08
103.622,103.622,4.78382,0,0,3.27182,3.27182,0,0.613027,6.16896,4.29004e+06,2.93582e+06,1.40362e+07,0,0,0,0,59.1586,61.308,2.98553,0,1,1.49152,1.49152,0,1.15214,1.69344,8.91558e+06,3.92412e+06,1.32978e+07,0,0,0,1.83425e+08
103.622,103.622,4.72561,0,0,3.27242,3.27242,0,0.613139,6.16896,4.29004e+06,2.93582e+06,1.40388e+07,0,0,0,0,59.5739,61.308,3.48054,0,1,1.49179,1.49179,0,1.15235,1.69344,8.91558e+06,3.92412e+06,1.33002e+07,0,0,0,1.83425e+08
103.622,103.622,4.9526,0,0,3.27302,3.27302,0,0.613251,6.16896,4.29004e+06,2.93582e+06,1.40414e+07,0,0,0,0,60.1214,61.308,3.44778,0,1,1.49206,1.49206,0,1.15256,1.69344,8.91558e+06,3.92412e+06,1.33026e+07,0,0,0,1.83425e+08
103.622,103.622,4.40394,0,0,3.2285,3.2285,0,0.613363,6.16896,4.29004e+06,2.93582e+06,1.38504e+07,0,0,0,0,60.5638,61.308,3.13703,0,1,1.46993,1.46993,0,1.15277,1.69344,8.91558e+06,3.92412e+06,1.31053e+07,0,0,0,1.83425e+08
103.622,103.622,3.47902,0,0,3.22909,3.22909,0,0.60502,6.16896,4.29004e+06,2.93582e+06,1.38529e+07,0,0,0,0,60.734,61.308,2.42065,0,1,1.4702,1.4702,0,1.13567,1.69344,8.91558e+06,3.92412e+06,1.31077e+07,0,0,0,1.83425e+08
103.532,103.622,3.08557,0,0,3.22968,3.22968,0,0.605131,6.16896,4.29004e+06,2.93582e+06,1.38555e+07,0,0,0,0,60.7933,61.308,2.27303,0,1,1.47046,1.47046,0,1.13587,1.69344,8.91558e+06,3.92412e+06,1.311e+07,0,0,0,1.83425e+08
103.622,103.622,3.50066,0,0,3.23027,3.23027,0,0.605241,6.16896,4.29004e+06,2.93582e+06,1.3858e+07,0,0,0,0,60.8545,61.308,2.20333,0,1,1.47073,1.47073,0,1.13608,1.69344,8.91558e+06,3.92412e+06,1.31124e+07,0,0,0,1.83425e+08
103.475,103.622,3.11301,0,0,3.38412,3.38412,0,0.605352,6.16896,4.29004e+06,2.93582e+06,1.4518e+07,0,0,0,0,60.6688,61.308,2.12017,1,1,1.55053,1.55053,0,1.13629,1.69344,8.91558e+06,3.92412e+06,1.38239e+07,0,0,0,1.83425e+08
103.121,103.622,2.75818,0,0,3.38474,3.38474,0,0.634184,6.16896,4.29004e+06,2.93582e+06,1.45207e+07,0,0,0,0,60.4781,61.308,1.96659,1,1,1.55082,1.55082,0,1.19794,1.69344,8.91558e+06,3.92412e+06,1.38264e+07,0,0,0,1.83425e+08
102.664,103.622,2.63577,0,0,3.38536,3.38536,0,0.6343,6.16896,4.29004e+06,2.93582e+06,1.45233e+07,0,0,0,0,60.3937,61.308,1.88815,1,1,1.5511,1.5511,0,1.19816,1.69344,8.91558e+06,3.92412e+06,1.3829e+07,0,0,0,1.83425e+08
102.11,103.622,2.52257,0.01,0,3.38598,3.38598,0,0.634416,6.16896,4.29004e+06,2.93582e+06,1.4526e+07,0,0,0,0,60.3529,61.308,2.04055,1,1,1.55138,1.55138,0,1.19838,1.69344,8.91558e+06,3.92412e+06,1.38315e+07,0,0,0,1.83425e+08
101.254,103.622,2.21209,0.01,0,3.3866,3.3866,0,0.634532,6.16896,4.29004e+06,2.93582e+06,1.45286e+07,0,0,0,0,60.2951,61.308,2.10245,1,1,1.55167,1.55167,0,1.1986,1.69344,8.91558e+06,3.92412e+06,1.3834e+07,0,0,0,1.83425e+08
100.256,103.622,2.00308,0.01,0,3.35688,3.35688,0,0.634648,6.16896,4.29004e+06,2.93582e+06,1.44011e+07,0,0,0,0,60.1289,61.308,2.12755,1,1,1.5957,1.5957,0,1.19882,1.69344,8.91558e+06,3.92412e+06,1.42266e+07,0,0,0,1.83425e+08
99.1865,103.622,1.9046,0.01,0,3.35749,3.35749,0,0.629079,6.16896,4.29004e+06,2.93582e+06,1.44038e+07,0,0,0,0,59.9319,61.308,2.05816,1,1,1.59599,1.59599,0,1.23284,1.69344,8.91558e+06,3.92412e+06,1.42292e+07,0,0,0,1.83425e+08
98.0184,103.622,1.7794,0.01,0,3.3581,3.3581,0,0.629194,6.16896,4.29004e+06,2.93582e+06,1.44064e+07,0,0,0,0,59.6483,61.308,1.92111,1,1,1.59628,1.59628,0,1.23306,1.69344,8.91558e+06,3.92412e+06,1.42318e+07,0,0,0,1.83425e+08
96.7985,103.622,1.70416,0.01,0,3.35872,3.35872,0,0.629309,6.16896,4.29004e+06,2.93582e+06,1.4409e+07,0,0,0,0,59.3376,61.308,1.83795,1,1,1.59658,1.59658,0,1.23329,1.69344,8.91558e+06,3.92412e+06,1.42344e+07,0,0,0,1.83425e+08
95.6365,103.622,1.78868,0.01,0,3.43773,3.43773,0,0.629424,6.16896,4.29004e+06,2.93582e+06,1.4748e+07,0,0,0,0,59.0544,61.308,2.0455,1,1,1.63589,1.63589,0,1.23351,1.69344,8.91558e+06,3.92412e+06,1.45849e+07,0,0,0,1.83425e+08
94.3287,103.622,1.62694,0.02,0,3.43836,3.43836,0,0.644231,6.16896,4.29004e+06,2.93582e+06,1.47507e+07,0,0,0,0,58.7305,61.308,1.96162,1,1,1.63619,1.63619,0,1.26389,1.69344,8.91558e+06,3.92412e+06,1.45876e+07,0,0,0,1.83425e+08
92.9084,103.622,1.48528,0.02,0,3.43899,3.43899,0,0.644349,6.16896,4.29004e+06,2.93582e+06,1.47534e+07,0,0,0,0,58.3696,61.308,1.80743,1,1,1.63649,1.63649,0,1.26412,1.69344,8.91558e+06,3.92412e+06,1.45902e+07,0,0,0,1.83425e+08
91.3453,103.622,1.30854,0.03,0,3.43962,3.43962,0,0.644466,6.16896,4.29004e+06,2.93582e+06,1.47561e+07,0,0,0,0,58.0164,61.308,1.79136,1,1,1.63679,1.63679,0,1.26435,1.69344,8.91558e+06,3.92412e+06,1.45929e+07,0,0,0,1.83425e+08
89.509,103.622,1.15537,0.03,0,3.67,3.67,0,0.644584,6.16896,4.29004e+06,2.93582e+06,1.57445e+07,0,0,0,0,57.5855,61.308,1.83481,1,1,1.69344,1.77803,0.0845902,1.26458,1.69344,8.91558e+06,3.92412e+06,1.5098e+07,0,0,0,1.83425e+08
87.5962,103.622,1.03905,0.03,0,3.67068,3.67068,0,0.687759,6.16896,4.29004e+06,2.93582e+06,1.57474e+07,0,0,0,0,57.0992,61.308,1.73725,1,1,1.69344,1.77836,0.084915,1.30835,1.69344,8.91558e+06,3.92412e+06,1.5098e+07,0,0,0,1.83425e+08
85.8188,103.622,1.15269,0.03,0,3.67135,3.67135,0,0.687884,6.16896,4.29004e+06,2.93582e+06,1.57502e+07,0,0,0,0,56.6259,61.308,1.78469,1,1,1.69344,1.77868,0.0852398,1.30835,1.69344,8.91558e+06,3.92412e+06,1.5098e+07,0,0,0,1.83425e+08
84.6494,103.622,1.79334,0.03,0,3.67202,3.67202,0,0.68801,6.16896,4.29004e+06,2.93582e+06,1.57531e+07,0,0,0,0,56.2679,61.308,2.17502,1,1,1.69344,1.779,0.0855647,1.30835,1.69344,8.91558e+06,3.92412e+06,1.5098e+07,0,0,0,1.83425e+08
83.8347,103.622,2.13387,0.04,0,3.67269,3.67269,0,0.688136,6.16896,4.29004e+06,2.93582e+06,1.5756e+07,0,0,0,0,55.9892,61.308,2.0924,1,1,1.69344,1.77933,0.0858897,1.30835,1.69344,8.91558e+06,3.92412e+06,1.5098e+07,0,0,0,1.83425e+08
82.8925,103.622,1.90444,0.03,0,3.56128,3.56128,0,0.688262,6.16896,4.29004e+06,2.93582e+06,1.5278e+07,0,0,0,0,55.667,61.308,2.30991,1,1,1.69344,1.69403,0.000587662,1.30835,1.69344,8.91558e+06,3.92412e+06,1.5098e+07,0,0,0,1.83425e+08
81.5396,103.622,1.47932,0.04,0,3.56193,3.56193,0,0.667384,6.16896,4.29004e+06,2.93582e+06,1.52808e+07,0,0,0,0,54.9775,61.308,2.10807,1,1,1.69344,1.69434,0.00089701,1.30835,1.69344,8.91558e+06,3.92412e+06,1.5098e+07,0,0,0,1.83425e+08
79.773,103.622,0.983973,0.05,0,3.56258,3.56258,0,0.667506,6.16896,4.29004e+06,2.93582e+06,1.52836e+07,0,0,0,0,54.4055,61.308,1.38807,1,1,1.69344,1.69465,0.00120636,1.30835,1.69344,8.91558e+06,3.92412e+06,1.5098e+07,0,0,0,1.83425e+08
78.831,103.622,1.8676,0.04,0,3.56323,3.56323,0,0.667628,6.16896,4.29004e+06,2.93582e+06,1.52864e+07,0,0,0,0,53.5728,61.308,2.07598,1,1,1.69344,1.69496,0.00151583,1.30835,1.69344,8.91558e+06,3.92412e+06,1.5098e+07,0,0,0,1.83425e+08
76.9712,103.622,0.850854,0.03,0,3.47182,3.47182,0,0.667749,6.16896,4.29004e+06,2.93582e+06,1.48942e+07,0,0,0,0,52.6094,61.308,1.16193,1,1,1.61727,1.61727,0,1.30835,1.69344,8.91558e+06,3.92412e+06,1.44189e+07,0,0,0,1.83425e+08
75.2747,103.622,1.08884,0.03,0,3.47245,3.47245,0,0.650619,6.16896,4.29004e+06,2.93582e+06,1.4897e+07,0,0,0,0,51.6627,61.308,0.978507,1,1,1.61756,1.61756,0,1.2495,1.69344,8.91558e+06,3.92412e+06,1.44215e+07,0,0,0,1.83425e+08
73.4744,103.622,0.944265,0.03,0,3.47309,3.47309,0,0.650737,6.16896,4.29004e+06,2.93582e+06,1.48997e+07,0,0,0,0,51.2252,61.308,1.16985,1,1,1.61786,1.61786,0,1.24973,1.69344,8.91558e+06,3.92412e+06,1.44241e+07,0,0,0,1.83425e+08
73.3508,103.622,2.86922,0.03,0,3.47372,3.47372,0,0.650856,6.16896,4.29004e+06,2.93582e+06,1.49024e+07,0,0,0,0,51.497,61.308,3.74196,1,1,1.61815,1.61815,0,1.24996,1.69344,8.91558e+06,3.92412e+06,1.44268e+07,0,0,0,1.83425e+08
73.9929,103.622,3.45003,0.03,0,3.21269,3.21269,0,0.650975,6.16896,4.29004e+06,2.93582e+06,1.37826e+07,0,0,0,0,51.4698,61.308,2.08165,0,1,1.45588,1.45588,0,1.25018,1.69344,8.91558e+06,3.92412e+06,1.298e+07,0,0,0,1.83425e+08
73.7544,103.622,2.52247,0.03,0,3.21328,3.21328,0,0.602059,6.16896,4.29004e+06,2.93582e+06,1.37851e+07,0,0,0,0,51.3272,61.308,2.03753,0,1,1.45615,1.45615,0,1.12481,1.69344,8.91558e+06,3.92412e+06,1.29824e+07,0,0,0,1.83425e+08
74.0886,103.622,3.26818,0.04,0,3.21387,3.21387,0,0.602169,6.16896,4.29004e+06,2.93582e+06,1.37876e+07,0,0,0,0,52.3018,61.308,5.28885,0,1,1.45641,1.45641,0,1.12502,1.69344,8.91558e+06,3.92412e+06,1.29848e+07,0,0,0,1.83425e+08
73.3732,103.622,1.97575,0.04,0,3.21445,3.21445,0,0.602279,6.16896,4.29004e+06,2.93582e+06,1.37901e+07,0,0,0,0,52.1461,61.308,2.2489,0,1,1.45668,1.45668,0,1.12522,1.69344,8.91558e+06,3.92412e+06,1.29871e+07,0,0,0,1.83425e+08
73.2631,103.622,2.68308,0.05,0,3.21504,3.21504,0,0.602389,6.16896,4.29004e+06,2.93582e+06,1.37927e+07,0,0,0,0,52.318,61.308,2.8893,0,1,1.45694,1.45694,0,1.12543,1.69344,8.91558e+06,3.92412e+06,1.29895e+07,0,0,0,1.83425e+08
76.0242,103.622,5.93356,0.05,0,3.31634,3.31634,0,0.602499,6.16896,4.29004e+06,2.93582e+06,1.42273e+07,0,0,0,0,53.1954,61.308,5.19591,0,1,1.50432,1.50432,0,1.12563,1.69344,8.91558e+06,3.92412e+06,1.34119e+07,0,0,0,1.83425e+08
78.5982,103.622,5.88648,0.04,0,3.31691,3.31691,0,0.621483,6.16896,4.29004e+06,2.93582e+06,1.42297e+07,0,0,0,0,53.9257,61.308,4.7173,0,1,1.50458,1.50458,0,1.16224,1.69344,8.91558e+06,3.92412e+06,1.34142e+07,0,0,0,1.83425e+08
81.4517,103.622,6.16818,0.05,0,3.31748,3.31748,0,0.62159,6.16896,4.29004e+06,2.93582e+06,1.42322e+07,0,0,0,0,54.7429,61.308,5.04849,0,1,1.50483,1.50483,0,1.16244,1.69344,8.91558e+06,3.92412e+06,1.34165e+07,0,0,0,1.83425e+08
84.46,103.622,6.43494,0.05,0,3.31805,3.31805,0,0.621697,6.16896,4.29004e+06,2.93582e+06,1.42346e+07,0,0,0,0,56.0333,61.308,7.26473,0,1,1.50509,1.50509,0,1.16263,1.69344,8.91558e+06,3.92412e+06,1.34188e+07,0,0,0,1.83425e+08
88.2214,103.622,7.50619,0.03,0,3.64232,3.64232,0,0.621803,6.16896,4.29004e+06,2.93582e+06,1.56257e+07,0,0,0,0,57.3645,61.308,6.38582,1,1,1.68235,1.68235,0,1.16283,1.69344,8.91558e+06,3.92412e+06,1.49991e+07,0,0,0,1.83425e+08
92.1332,103.622,7.97189,0.03,0,3.64294,3.64294,0,0.68257,6.16896,4.29004e+06,2.93582e+06,1.56284e+07,0,0,0,0,58.8629,61.308,6.59345,1,1,1.68264,1.68264,0,1.29978,1.69344,8.91558e+06,3.92412e+06,1.50017e+07,0,0,0,1.83425e+08
93.8247,103.622,5.49715,0.03,0,3.64357,3.64357,0,0.682687,6.16896,4.29004e+06,2.93582e+06,1.56311e+07,0,0,0,0,59.2309,61.308,4.31614,1,1,1.68293,1.68293,0,1.30001,1.69344,8.91558e+06,3.92412e+06,1.50043e+07,0,0,0,1.83425e+08
95.8119,103.622,5.78651,0.01,0,3.6442,3.6442,0,0.682805,6.16896,4.29004e+06,2.93582e+06,1.56338e+07,0,0,0,0,59.683,61.308,5.05201,1,1,1.68322,1.68322,0,1.30023,1.69344,8.91558e+06,3.92412e+06,1.50069e+07,0,0,0,1.83425e+08
99.5791,103.622,7.75962,0.01,0,3.18282,3.18282,0,0.682922,6.16896,4.29004e+06,2.93582e+06,1.36544e+07,0,0,0,0,62.3362,61.308,10.488,0,1,1.44581,1.44581,0,1.30045,1.69344,8.91558e+06,3.92412e+06,1.28902e+07,0,0,0,1.83425e+08
103.071,103.622,7.3534,0.01,0,3.18336,3.18336,0,0.59646,6.16896,4.29004e+06,2.93582e+06,1.36568e+07,0,0,0,0,62.3362,61.308,8.11996,0,1,1.44606,1.44606,0,1.11703,1.69344,8.91558e+06,3.92412e+06,1.28925e+07,0,0,0,1.83425e+08
103.622,103.622,5.3605,0.01,0,3.18391,3.18391,0,0.596563,6.16896,4.29004e+06,2.93582e+06,1.36591e+07,0,0,0,0,62.3362,61.308,6.43221,0,1,1.44631,1.44631,0,1.11723,1.69344,8.91558e+06,3.92412e+06,1.28947e+07,0,0,0,1.83425e+08
103.622,103.622,4.78036,0,0,3.18446,3.18446,0,0.596665,6.16896,4.29004e+06,2.93582e+06,1.36615e+07,0,0,0,0,62.3362,61.308,4.65739,0,1,1.44656,1.44656,0,1.11742,1.69344,8.91558e+06,3.92412e+06,1.28969e+07,0,0,0,1.83425e+08
103.622,103.622,6.6655,0,0,3.18501,3.18501,0,0.596768,6.16896,4.29004e+06,2.93582e+06,1.36638e+07,0,0,0,0,62.3362,61.308,6.88275,0,1,1.4468,1.4468,0,1.11761,1.69344,8.91558e+06,3.92412e+06,1.28991e+07,0,0,0,1.83425e+08
103.622,103.622,7.00954,0,0,3.30195,3.30195,0,0.59687,6.16896,4.29004e+06,2.93582e+06,1.41655e+07,0,0,0,0,62.3362,61.308,5.73839,0,1,1.50525,1.50525,0,1.1178,1.69344,8.91558e+06,3.92412e+06,1.34202e+07,0,0,0,1.83425e+08
103.622,103.622,6.06602,0,0,3.30251,3.30251,0,0.618785,6.16896,4.29004e+06,2.93582e+06,1.41679e+07,0,0,0,0,62.3362,61.308,5.56749,0,1,1.50551,1.50551,0,1.16296,1.69344,8.91558e+06,3.92412e+06,1.34225e+07,0,0,0,1.83425e+08
103.622,103.622,6.0054,0,0,3.30308,3.30308,0,0.618891,6.16896,4.29004e+06,2.93582e+06,1.41704e+07,0,0,0,0,62.3362,61.308,5.0269,0,1,1.50577,1.50577,0,1.16316,1.69344,8.91558e+06,3.92412e+06,1.34248e+07,0,0,0,1.83425e+08
103.622,103.622,6.17954,0,0,3.30365,3.30365,0,0.618998,6.16896,4.29004e+06,2.93582e+06,1.41728e+07,0,0,0,0,62.3362,61.308,5.22482,0,1,1.50603,1.50603,0,1.16336,1.69344,8.91558e+06,3.92412e+06,1.34271e+07,0,0,0,1.83425e+08
103.622,103.622,5.04065,0,0,3.25868,3.25868,0,0.619104,6.16896,4.29004e+06,2.93582e+06,1.39799e+07,0,0,0,0,62.3362,61.308,3.62231,0,1,1.48367,1.48367,0,1.16356,1.69344,8.91558e+06,3.92412e+06,1.32278e+07,0,0,0,1.83425e+08
103.622,103.622,4.77177,0,0,3.25924,3.25924,0,0.610676,6.16896,4.29004e+06,2.93582e+06,1.39823e+07,0,0,0,0,62.3362,61.308,3.49079,0,1,1.48392,1.48392,0,1.14628,1.69344,8.91558e+06,3.92412e+06,1.323e+07,0,0,0,1.83425e+08
103.622,103.622,4.47794,0,0,3.2598,3.2598,0,0.610781,6.16896,4.29004e+06,2.93582e+06,1.39847e+07,0,0,0,0,62.3362,61.308,3.99203,0,1,1.48418,1.48418,0,1.14648,1.69344,8.91558e+06,3.92412e+06,1.32323e+07,0,0,0,1.83425e+08
103.622,103.622,4.22977,0,0,3.26036,3.26036,0,0.610886,6.16896,4.29004e+06,2.93582e+06,1.39871e+07,0,0,0,0,62.3362,61.308,3.79671,0,1,1.48443,1.48443,0,1.14668,1.69344,8.91558e+06,3.92412e+06,1.32346e+07,0,0,0,1.83425e+08
103.622,103.622,3.91688,0,0,3.4156,3.4156,0,0.610991,6.16896,4.29004e+06,2.93582e+06,1.46531e+07,0,0,0,0,62.3362,61.308,3.64007,1,1,1.56496,1.56496,0,1.14687,1.69344,8.91558e+06,3.92412e+06,1.39525e+07,0,0,0,1.83425e+08
103.622,103.622,3.85971,0,0,3.41619,3.41619,0,0.640084,6.16896,4.29004e+06,2.93582e+06,1.46556e+07,0,0,0,0,62.3362,61.308,3.57604,1,1,1.56523,1.56523,0,1.20909,1.69344,8.91558e+06,3.92412e+06,1.39549e+07,0,0,0,1.83425e+08
103.622,103.622,3.41779,0,0,3.41678,3.41678,0,0.640194,6.16896,4.29004e+06,2.93582e+06,1.46581e+07,0,0,0,0,62.3362,61.308,3.00175,1,1,1.5655,1.5655,0,1.20929,1.69344,8.91558e+06,3.92412e+06,1.39573e+07,0,0,0,1.83425e+08
103.582,103.622,3.28308,0,0,3.41737,3.41737,0,0.640304,6.16896,4.29004e+06,2.93582e+06,1.46606e+07,0,0,0,0,62.3185,61.308,2.66853,1,1,1.56576,1.56576,0,1.2095,1.69344,8.91558e+06,3.92412e+06,1.39597e+07,0,0,0,1.83425e+08
103.622,103.622,3.46079,0.01,0,3.41795,3.41795,0,0.640414,6.16896,4.29004e+06,2.93582e+06,1.46632e+07,0,0,0,0,62.2579,61.308,2.61376,1,1,1.56603,1.56603,0,1.20971,1.69344,8.91558e+06,3.92412e+06,1.39621e+07,0,0,0,1.83425e+08
103.622,103.622,3.76153,0,0,3.38792,3.38792,0,0.640524,6.16896,4.29004e+06,2.93582e+06,1.45343e+07,0,0,0,0,62.2633,61.308,2.6109,1,1,1.61046,1.61046,0,1.20992,1.69344,8.91558e+06,3.92412e+06,1.43582e+07,0,0,0,1.83425e+08
103.622,103.622,3.5887,0,0,3.3885,3.3885,0,0.634896,6.16896,4.29004e+06,2.93582e+06,1.45368e+07,0,0,0,0,62.2325,61.308,2.56169,1,1,1.61073,1.61073,0,1.24424,1.69344,8.91558e+06,3.92412e+06,1.43606e+07,0,0,0,1.83425e+08
103.622,103.622,3.40114,0,0,3.38908,3.38908,0,0.635005,6.16896,4.29004e+06,2.93582e+06,1.45393e+07,0,0,0,0,62.1369,61.308,2.56263,1,1,1.61101,1.61101,0,1.24445,1.69344,8.91558e+06,3.92412e+06,1.43631e+07,0,0,0,1.83425e+08
103.551,103.622,3.12995,0,0,3.38967,3.38967,0,0.635114,6.16896,4.29004e+06,2.93582e+06,1.45418e+07,0,0,0,0,62.0315,61.308,2.4766,1,1,1.61129,1.61129,0,1.24467,1.69344,8.91558e+06,3.92412e+06,1.43656e+07,0,0,0,1.83425e+08
103.164,103.622,2.79079,0.02,0,3.46937,3.46937,0,0.635224,6.16896,4.29004e+06,2.93582e+06,1.48837e+07,0,0,0,0,61.7243,61.308,2.0197,1,1,1.65094,1.65094,0,1.24488,1.69344,8.91558e+06,3.92412e+06,1.47191e+07,0,0,0,1.83425e+08
102.72,103.622,2.7437,0.02,0,3.46997,3.46997,0,0.65016,6.16896,4.29004e+06,2.93582e+06,1.48863e+07,0,0,0,0,61.3668,61.308,2.0918,1,1,1.65123,1.65123,0,1.27552,1.69344,8.91558e+06,3.92412e+06,1.47217e+07,0,0,0,1.83425e+08
102.125,103.622,2.55459,0.02,0,3.47056,3.47056,0,0.650272,6.16896,4.29004e+06,2.93582e+06,1.48889e+07,0,0,0,0,60.9656,61.308,1.98335,1,1,1.65151,1.65151,0,1.27574,1.69344,8.91558e+06,3.92412e+06,1.47242e+07,0,0,0,1.83425e+08
101.351,103.622,2.35601,0.02,0,3.47116,3.47116,0,0.650383,6.16896,4.29004e+06,2.93582e+06,1.48914e+07,0,0,0,0,60.5589,61.308,1.85952,1,1,1.65179,1.65179,0,1.27596,1.69344,8.91558e+06,3.92412e+06,1.47267e+07,0,0,0,1.83425e+08
100.802,103.622,2.77874,0.03,0,3.70362,3.70362,0,0.650495,6.16896,4.29004e+06,2.93582e+06,1.58887e+07,0,0,0,0,60.2361,61.308,2.34015,1,1,1.69344,1.79431,0.100874,1.27618,1.69344,8.91558e+06,3.92412e+06,1.5098e+07,0,0,0,1.83425e+08
99.9035,103.622,2.3724,0.02,0,3.70425,3.70425,0,0.694058,6.16896,4.29004e+06,2.93582e+06,1.58914e+07,0,0,0,0,59.8474,61.308,2.03824,1,1,1.69344,1.79462,0.101182,1.30835,1.69344,8.91558e+06,3.92412e+06,1.5098e+07,0,0,0,1.83425e+08
99.0597,103.622,2.41283,0.03,0,3.70489,3.70489,0,0.694177,6.16896,4.29004e+06,2.93582e+06,1.58941e+07,0,0,0,0,59.4349,61.308,1.95434,1,1,1.69344,1.79493,0.10149,1.30835,1.69344,8.91558e+06,3.92412e+06,1.5098e+07,0,0,0,1.83425e+08
99.2741,103.622,3.50897,0.02,0,3.70552,3.70552,0,0.694296,6.16896,4.29004e+06,2.93582e+06,1.58969e+07,0,0,0,0,59.1266,61.308,2.34288,1,1,1.69344,1.79524,0.101798,1.30835,1.69344,8.91558e+06,3.92412e+06,1.5098e+07,0,0,0,1.83425e+08
100.69,103.622,4.78325,0.02,0,3.70616,3.70616,0,0.694415,6.16896,4.29004e+06,2.93582e+06,1.58996e+07,0,0,0,0,58.9919,61.308,2.77044,1,1,1.69344,1.79555,0.102106,1.30835,1.69344,8.91558e+06,3.92412e+06,1.5098e+07,0,0,0,1.83425e+08
101.73,103.622,4.39264,0.02,0,3.5937,3.5937,0,0.694534,6.16896,4.29004e+06,2.93582e+06,1.54171e+07,0,0,0,0,58.9978,61.308,3.42603,1,1,1.69344,1.70945,0.016008,1.30835,1.69344,8.91558e+06,3.92412e+06,1.5098e+07,0,0,0,1.83425e+08
103.383,103.622,5.13033,0.02,0,3.59431,3.59431,0,0.673459,6.16896,4.29004e+06,2.93582e+06,1.54198e+07,0,0,0,0,59.2813,61.308,4.24429,1,1,1.69344,1.70974,0.0163014,1.30835,1.69344,8.91558e+06,3.92412e+06,1.5098e+07,0,0,0,1.83425e+08
103.622,103.622,5.04678,0.02,0,3.59493,3.59493,0,0.673574,6.16896,4.29004e+06,2.93582e+06,1.54224e+07,0,0,0,0,59.5586,61.308,4.22092,1,1,1.69344,1.71003,0.0165946,1.30835,1.69344,8.91558e+06,3.92412e+06,1.5098e+07,0,0,0,1.83425e+08
103.622,103.622,6.00046,0.01,0,3.59555,3.59555,0,0.67369,6.16896,4.29004e+06,2.93582e+06,1.54251e+07,0,0,0,0,60.3548,61.308,5.42804,1,1,1.69344,1.71033,0.016888,1.30835,1.69344,8.91558e+06,3.92412e+06,1.5098e+07,0,0,0,1.83425e+08
102.836,103.622,2.64809,0.01,0,3.50327,3.50327,0,0.673805,6.16896,4.29004e+06,2.93582e+06,1.50292e+07,0,0,0,0,60.3654,61.308,2.36299,1,1,1.63192,1.63192,0,1.30835,1.69344,8.91558e+06,3.92412e+06,1.45495e+07,0,0,0,1.83425e+08
103.208,103.622,3.92168,0.02,0,3.50387,3.50387,0,0.656512,6.16896,4.29004e+06,2.93582e+06,1.50317e+07,0,0,0,0,61.2409,61.308,4.43382,1,1,1.6322,1.6322,0,1.26082,1.69344,8.91558e+06,3.92412e+06,1.4552e+07,0,0,0,1.83425e+08
102.27,103.622,2.54292,0.02,0,3.50447,3.50447,0,0.656625,6.16896,4.29004e+06,2.93582e+06,1.50343e+07,0,0,0,0,61.8271,61.308,3.91408,1,1,1.63248,1.63248,0,1.26103,1.69344,8.91558e+06,3.92412e+06,1.45545e+07,0,0,0,1.83425e+08
102.736,103.622,4.23825,0.02,0,3.50507,3.50507,0,0.656737,6.16896,4.29004e+06,2.93582e+06,1.50369e+07,0,0,0,0,62.3093,61.308,3.64965,1,1,1.63276,1.63276,0,1.26125,1.69344,8.91558e+06,3.92412e+06,1.4557e+07,0,0,0,1.83425e+08
103.622,103.622,6.13153,0.02,0,3.24165,3.24165,0,0.65685,6.16896,4.29004e+06,2.93582e+06,1.39068e+07,0,0,0,0,62.3362,61.308,4.41211,0,1,1.469,1.469,0,1.26147,1.69344,8.91558e+06,3.92412e+06,1.3097e+07,0,0,0,1.83425e+08
103.152,103.622,2.9342,0.01,0,3.24221,3.24221,0,0.607486,6.16896,4.29004e+06,2.93582e+06,1.39092e+07,0,0,0,0,62.3362,61.308,3.83261,0,1,1.46925,1.46925,0,1.13495,1.69344,8.91558e+06,3.92412e+06,1.30993e+07,0,0,0,1.83425e+08
103.444,103.622,3.82658,0.01,0,3.24277,3.24277,0,0.60759,6.16896,4.29004e+06,2.93582e+06,1.39116e+07,0,0,0,0,62.3362,61.308,4.68477,0,1,1.46951,1.46951,0,1.13515,1.69344,8.91558e+06,3.92412e+06,1.31015e+07,0,0,0,1.83425e+08
103.622,103.622,4.08398,0.01,0,3.24332,3.24332,0,0.607694,6.16896,4.29004e+06,2.93582e+06,1.3914e+07,0,0,0,0,62.3362,61.308,3.09549,0,1,1.46976,1.46976,0,1.13534,1.69344,8.91558e+06,3.92412e+06,1.31038e+07,0,0,0,1.83425e+08
103.622,103.622,6.40514,0,0,3.24388,3.24388,0,0.607798,6.16896,4.29004e+06,2.93582e+06,1.39164e+07,0,0,0,0,62.3362,61.308,6.71187,0,1,1.47001,1.47001,0,1.13554,1.69344,8.91558e+06,3.92412e+06,1.3106e+07,0,0,0,1.83425e+08
103.622,103.622,13.2121,0,0,3.34605,3.34605,0,0.607903,6.16896,4.29004e+06,2.93582e+06,1.43547e+07,0,0,0,0,62.3362,61.308,16.4406,0,1,1.51779,1.51779,0,1.13573,1.69344,8.91558e+06,3.92412e+06,1.3532e+07,0,0,0,1.83425e+08
103.622,103.622,10.4883,0,0,3.34659,3.34659,0,0.62705,6.16896,4.29004e+06,2.93582e+06,1.4357e+07,0,0,0,0,62.3362,61.308,14.9273,0,1,1.51804,1.51804,0,1.17265,1.69344,8.91558e+06,3.92412e+06,1.35342e+07,0,0,0,1.83425e+08
103.622,103.622,9.36558,0,0,3.34713,3.34713,0,0.627151,6.16896,4.29004e+06,2.93582e+06,1.43593e+07,0,0,0,0,62.3362,61.308,13.3125,0,1,1.51828,1.51828,0,1.17284,1.69344,8.91558e+06,3.92412e+06,1.35364e+07,0,0,0,1.83425e+08
103.622,103.622,6.19414,0,0,3.34767,3.34767,0,0.627252,6.16896,4.29004e+06,2.93582e+06,1.43616e+07,0,0,0,0,62.3362,61.308,7.2712,0,1,1.51853,1.51853,0,1.17302,1.69344,8.91558e+06,3.92412e+06,1.35385e+07,0,0,0,1.83425e+08
103.622,103.622,5.5456,0.01,0,3.67478,3.67478,0,0.627353,6.16896,4.29004e+06,2.93582e+06,1.5765e+07,0,0,0,0,62.3362,61.308,9.07129,1,1,1.69344,1.69734,0.00390418,1.17321,1.69344,8.91558e+06,3.92412e+06,1.5098e+07,0,0,0,1.83425e+08
103.622,103.622,9.66423,0,0,3.67537,3.67537,0,0.688654,6.16896,4.29004e+06,2.93582e+06,1.57675e+07,0,0,0,0,62.3362,61.308,14.2974,1,1,1.69344,1.69762,0.00417717,1.30835,1.69344,8.91558e+06,3.92412e+06,1.5098e+07,0,0,0,1.83425e+08
103.622,103.622,7.48677,0.01,0,3.67596,3.67596,0,0.688765,6.16896,4.29004e+06,2.93582e+06,1.577e+07,0,0,0,0,62.3362,61.308,13.1874,1,1,1.69344,1.69789,0.00445028,1.30835,1.69344,8.91558e+06,3.92412e+06,1.5098e+07,0,0,0,1.83425e+08
103.622,103.622,7.53744,0,0,3.67655,3.67655,0,0.688875,6.16896,4.29004e+06,2.93582e+06,1.57726e+07,0,0,0,0,62.3362,61.308,14.1427,1,1,1.69344,1.69816,0.00472327,1.30835,1.69344,8.91558e+06,3.92412e+06,1.5098e+07,0,0,0,1.83425e+08
103.622,103.622,8.03692,0,0,3.21104,3.21104,0,0.688986,6.16896,4.29004e+06,2.93582e+06,1.37755e+07,0,0,0,0,62.3362,61.308,15.8068,0,1,1.45863,1.45863,0,1.30835,1.69344,8.91558e+06,3.92412e+06,1.30046e+07,0,0,0,1.83425e+08
103.622,103.622,7.99766,0,0,3.21156,3.21156,0,0.60175,6.16896,4.29004e+06,2.93582e+06,1.37777e+07,0,0,0,0,62.3362,61.308,15.6502,0,1,1.45887,1.45887,0,1.12694,1.69344,8.91558e+06,3.92412e+06,1.30067e+07,0,0,0,1.83425e+08
103.622,103.622,9.53162,0,0,3.21208,3.21208,0,0.601846,6.16896,4.29004e+06,2.93582e+06,1.37799e+07,0,0,0,0,62.3362,61.308,19.034,0,1,1.4591,1.4591,0,1.12712,1.69344,8.91558e+06,3.92412e+06,1.30087e+07,0,0,0,1.83425e+08
103.622,103.622,11.1621,0,0,3.21259,3.21259,0,0.601943,6.16896,4.29004e+06,2.93582e+06,1.37822e+07,0,0,0,0,62.3362,61.308,25.1862,0,1,1.45934,1.45934,0,1.1273,1.69344,8.91558e+06,3.92412e+06,1.30108e+07,0,0,0,1.83425e+08
103.622,103.622,8.38173,0,0,3.21311,3.21311,0,0.60204,6.16896,4.29004e+06,2.93582e+06,1.37844e+07,0,0,0,0,62.3362,61.308,15.304,0,1,1.45957,1.45957,0,1.12748,1.69344,8.91558e+06,3.92412e+06,1.30129e+07,0,0,0,1.83425e+08
103.622,103.622,7.75316,0,0,3.33105,3.33105,0,0.602137,6.16896,4.29004e+06,2.93582e+06,1.42903e+07,0,0,0,0,62.3362,61.308,14.0373,0,1,1.51852,1.51852,0,1.12766,1.69344,8.91558e+06,3.92412e+06,1.35385e+07,0,0,0,1.83425e+08
103.622,103.622,8.87237,0,0,3.33158,3.33158,0,0.624238,6.16896,4.29004e+06,2.93582e+06,1.42926e+07,0,0,0,0,62.3362,61.308,14.2986,0,1,1.51876,1.51876,0,1.17321,1.69344,8.91558e+06,3.92412e+06,1.35406e+07,0,0,0,1.83425e+08
103.622,103.622,7.38793,0,0,3.33212,3.33212,0,0.624338,6.16896,4.29004e+06,2.93582e+06,1.42949e+07,0,0,0,0,62.3362,61.308,13.3954,0,1,1.51901,1.51901,0,1.1734,1.69344,8.91558e+06,3.92412e+06,1.35428e+07,0,0,0,1.83425e+08
103.622,103.622,6.32544,0,0,3.33265,3.33265,0,0.624439,6.16896,4.29004e+06,2.93582e+06,1.42972e+07,0,0,0,0,62.3362,61.308,12.0656,0,1,1.51925,1.51925,0,1.17358,1.69344,8.91558e+06,3.92412e+06,1.3545e+07,0,0,0,1.83425e+08
103.622,103.622,5.61566,0,0,3.28725,3.28725,0,0.624539,6.16896,4.29004e+06,2.93582e+06,1.41024e+07,0,0,0,0,62.3362,61.308,10.6328,0,1,1.49668,1.49668,0,1.17377,1.69344,8.91558e+06,3.92412e+06,1.33437e+07,0,0,0,1.83425e+08
103.622,103.622,5.06273,0,0,3.28778,3.28778,0,0.61603,6.16896,4.29004e+06,2.93582e+06,1.41047e+07,0,0,0,0,62.3362,61.308,9.62064,0,1,1.49692,1.49692,0,1.15633,1.69344,8.91558e+06,3.92412e+06,1.33459e+07,0,0,0,1.83425e+08
103.622,103.622,4.75474,0,0,3.2883,3.2883,0,0.616129,6.16896,4.29004e+06,2.93582e+06,1.4107e+07,0,0,0,0,62.3362,61.308,9.10466,0,1,1.49716,1.49716,0,1.15652,1.69344,8.91558e+06,3.92412e+06,1.3348e+07,0,0,0,1.83425e+08
103.622,103.622,4.47204,0,0,3.28883,3.28883,0,0.616228,6.16896,4.29004e+06,2.93582e+06,1.41092e+07,0,0,0,0,62.3362,61.308,8.64881,0,1,1.4974,1.4974,0,1.1567,1.69344,8.91558e+06,3.92412e+06,1.33502e+07,0,0,0,1.83425e+08
103.622,103.622,4.32126,0,0,3.4454,3.4454,0,0.616327,6.16896,4.29004e+06,2.93582e+06,1.47809e+07,0,0,0,0,62.3362,61.308,8.26783,1,1,1.57861,1.57861,0,1.15689,1.69344,8.91558e+06,3.92412e+06,1.40742e+07,0,0,0,1.83425e+08
103.622,103.622,3.62694,0,0,3.44595,3.44595,0,0.645668,6.16896,4.29004e+06,2.93582e+06,1.47833e+07,0,0,0,0,62.3362,61.308,7.45662,1,1,1.57886,1.57886,0,1.21963,1.69344,8.91558e+06,3.92412e+06,1.40765e+07,0,0,0,1.83425e+08
103.517,103.622,3.37409,0,0,3.44651,3.44651,0,0.645772,6.16896,4.29004e+06,2.93582e+06,1.47857e+07,0,0,0,0,62.3362,61.308,6.70801,1,1,1.57912,1.57912,0,1.21983,1.69344,8.91558e+06,3.92412e+06,1.40787e+07,0,0,0,1.83425e+08
103.371,103.622,3.30129,0.01,0,3.44706,3.44706,0,0.645875,6.16896,4.29004e+06,2.93582e+06,1.4788e+07,0,0,0,0,62.3362,61.308,6.80431,1,1,1.57937,1.57937,0,1.22003,1.69344,8.91558e+06,3.92412e+06,1.4081e+07,0,0,0,1.83425e+08
103.087,103.622,3.10126,0.01,0,3.44761,3.44761,0,0.645979,6.16896,4.29004e+06,2.93582e+06,1.47904e+07,0,0,0,0,62.3362,61.308,6.10795,1,1,1.57962,1.57962,0,1.22022,1.69344,8.91558e+06,3.92412e+06,1.40833e+07,0,0,0,1.83425e+08
103.093,103.622,3.29216,0.01,0,3.41728,3.41728,0,0.646083,6.16896,4.29004e+06,2.93582e+06,1.46603e+07,0,0,0,0,62.3362,61.308,4.00722,1,1,1.62442,1.62442,0,1.22042,1.69344,8.91558e+06,3.92412e+06,1.44826e+07,0,0,0,1.83425e+08
103.085,103.622,3.27916,0.02,0,3.41783,3.41783,0,0.640399,6.16896,4.29004e+06,2.93582e+06,1.46627e+07,0,0,0,0,62.3362,61.308,4.00677,1,1,1.62468,1.62468,0,1.25502,1.69344,8.91558e+06,3.92412e+06,1.44849e+07,0,0,0,1.83425e+08
102.955,103.622,3.12276,0.02,0,3.41838,3.41838,0,0.640502,6.16896,4.29004e+06,2.93582e+06,1.4665e+07,0,0,0,0,62.3362,61.308,3.93714,1,1,1.62494,1.62494,0,1.25523,1.69344,8.91558e+06,3.92412e+06,1.44873e+07,0,0,0,1.83425e+08
102.481,103.622,2.74594,0.02,0,3.41893,3.41893,0,0.640605,6.16896,4.29004e+06,2.93582e+06,1.46674e+07,0,0,0,0,62.3362,61.308,3.67942,1,1,1.6252,1.6252,0,1.25543,1.69344,8.91558e+06,3.92412e+06,1.44896e+07,0,0,0,1.83425e+08
101.685,103.622,2.39316,0.02,0,3.49928,3.49928,0,0.640708,6.16896,4.29004e+06,2.93582e+06,1.50121e+07,0,0,0,0,62.3362,61.308,2.97058,1,1,1.66518,1.66518,0,1.25563,1.69344,8.91558e+06,3.92412e+06,1.4846e+07,0,0,0,1.83425e+08
101.184,103.622,2.73751,0.02,0,3.49985,3.49985,0,0.655766,6.16896,4.29004e+06,2.93582e+06,1.50145e+07,0,0,0,0,62.3362,61.308,3.65945,1,1,1.66545,1.66545,0,1.28652,1.69344,8.91558e+06,3.92412e+06,1.48484e+07,0,0,0,1.83425e+08
100.477,103.622,2.47358,0.02,0,3.50041,3.50041,0,0.655871,6.16896,4.29004e+06,2.93582e+06,1.50169e+07,0,0,0,0,62.3362,61.308,3.46023,1,1,1.66571,1.66571,0,1.28672,1.69344,8.91558e+06,3.92412e+06,1.48508e+07,0,0,0,1.83425e+08
99.5855,103.622,2.25027,0.03,0,3.50097,3.50097,0,0.655977,6.16896,4.29004e+06,2.93582e+06,1.50193e+07,0,0,0,0,62.3362,61.308,3.02254,1,1,1.66598,1.66598,0,1.28693,1.69344,8.91558e+06,3.92412e+06,1.48532e+07,0,0,0,1.83425e+08
98.5617,103.622,2.27872,0.03,0,3.73539,3.73539,0,0.656082,6.16896,4.29004e+06,2.93582e+06,1.6025e+07,0,0,0,0,62.3362,61.308,3.20823,1,1,1.69344,1.80971,0.116266,1.28714,1.69344,8.91558e+06,3.92412e+06,1.5098e+07,0,0,0,1.83425e+08
97.3351,103.622,1.97737,0.03,0,3.73599,3.73599,0,0.700011,6.16896,4.29004e+06,2.93582e+06,1.60275e+07,0,0,0,0,62.2475,61.308,2.44579,1,1,1.69344,1.81,0.116556,1.30835,1.69344,8.91558e+06,3.92412e+06,1.5098e+07,0,0,0,1.83425e+08
96.291,103.622,2.19097,0.03,0,3.73659,3.73659,0,0.700124,6.16896,4.29004e+06,2.93582e+06,1.60301e+07,0,0,0,0,62.3362,61.308,3.03189,1,1,1.69344,1.81029,0.116847,1.30835,1.69344,8.91558e+06,3.92412e+06,1.5098e+07,0,0,0,1.83425e+08
94.8887,103.622,1.78592,0.03,0,3.73719,3.73719,0,0.700236,6.16896,4.29004e+06,2.93582e+06,1.60327e+07,0,0,0,0,62.1522,61.308,2.13685,1,1,1.69344,1.81058,0.117138,1.30835,1.69344,8.91558e+06,3.92412e+06,1.5098e+07,0,0,0,1.83425e+08
93.7796,103.622,2.10827,0.03,0,3.73779,3.73779,0,0.700349,6.16896,4.29004e+06,2.93582e+06,1.60353e+07,0,0,0,0,62.1166,61.308,3.79134,1,1,1.69344,1.81087,0.117428,1.30835,1.69344,8.91558e+06,3.92412e+06,1.5098e+07,0,0,0,1.83425e+08
91.93,103.622,1.18556,0.02,0,3.62432,3.62432,0,0.700461,6.16896,4.29004e+06,2.93582e+06,1.55485e+07,0,0,0,0,61.4701,61.308,1.63706,1,1,1.69344,1.72402,0.0305761,1.30835,1.69344,8.91558e+06,3.92412e+06,1.5098e+07,0,0,0,1.83425e+08
90.1738,103.622,1.27517,0.04,0,3.6249,3.6249,0,0.679198,6.16896,4.29004e+06,2.93582e+06,1.5551e+07,0,0,0,0,61.1479,61.308,1.54945,1,1,1.69344,1.72429,0.0308528,1.30835,1.69344,8.91558e+06,3.92412e+06,1.5098e+07,0,0,0,1.83425e+08
88.8026,103.622,1.70671,0.03,0,3.62549,3.62549,0,0.679307,6.16896,4.29004e+06,2.93582e+06,1.55535e+07,0,0,0,0,61.0079,61.308,2.09431,1,1,1.69344,1.72457,0.0311296,1.30835,1.69344,8.91558e+06,3.92412e+06,1.5098e+07,0,0,0,1.83425e+08
87.8956,103.622,2.27678,0.03,0,3.62607,3.62607,0,0.679416,6.16896,4.29004e+06,2.93582e+06,1.5556e+07,0,0,0,0,60.9091,61.308,2.94531,1,1,1.69344,1.72485,0.0314064,1.30835,1.69344,8.91558e+06,3.92412e+06,1.5098e+07,0,0,0,1.83425e+08
86.2286,103.622,1.2739,0.03,0,3.53297,3.53297,0,0.679525,6.16896,4.29004e+06,2.93582e+06,1.51566e+07,0,0,0,0,60.1145,61.308,1.50942,1,1,1.64575,1.64575,0,1.30835,1.69344,8.91558e+06,3.92412e+06,1.46728e+07,0,0,0,1.83425e+08
84.5527,103.622,1.3067,0.03,0,3.53353,3.53353,0,0.662078,6.16896,4.29004e+06,2.93582e+06,1.5159e+07,0,0,0,0,59.2435,61.308,1.0979,1,1,1.64601,1.64601,0,1.27151,1.69344,8.91558e+06,3.92412e+06,1.46752e+07,0,0,0,1.83425e+08
82.7358,103.622,1.12968,0.03,0,3.5341,3.5341,0,0.662184,6.16896,4.29004e+06,2.93582e+06,1.51614e+07,0,0,0,0,58.8274,61.308,1.30912,1,1,1.64628,1.64628,0,1.27171,1.69344,8.91558e+06,3.92412e+06,1.46775e+07,0,0,0,1.83425e+08
82.943,103.622,3.44255,0.05,0,3.53467,3.53467,0,0.66229,6.16896,4.29004e+06,2.93582e+06,1.51639e+07,0,0,0,0,59.2894,61.308,4.18753,1,1,1.64654,1.64654,0,1.27191,1.69344,8.91558e+06,3.92412e+06,1.46799e+07,0,0,0,1.83425e+08
83.5367,103.622,3.66567,0.02,0,3.26899,3.26899,0,0.662396,6.16896,4.29004e+06,2.93582e+06,1.40241e+07,0,0,0,0,59.8265,61.308,2.85851,0,1,1.48139,1.48139,0,1.27212,1.69344,8.91558e+06,3.92412e+06,1.32075e+07,0,0,0,1.83425e+08
83.4883,103.622,3.11483,0.02,0,3.26951,3.26951,0,0.612609,6.16896,4.29004e+06,2.93582e+06,1.40264e+07,0,0,0,0,60.2502,61.308,3.04985,0,1,1.48163,1.48163,0,1.14452,1.69344,8.91558e+06,3.92412e+06,1.32096e+07,0,0,0,1.83425e+08
83.6271,103.622,3.4058,0.02,0,3.27004,3.27004,0,0.612707,6.16896,4.29004e+06,2.93582e+06,1.40286e+07,0,0,0,0,60.8749,61.308,3.30881,0,1,1.48187,1.48187,0,1.14471,1.69344,8.91558e+06,3.92412e+06,1.32117e+07,0,0,0,1.83425e+08
83.5581,103.622,3.34612,0.02,0,3.27056,3.27056,0,0.612805,6.16896,4.29004e+06,2.93582e+06,1.40309e+07,0,0,0,0,60.7095,61.308,2.7204,0,1,1.4821,1.4821,0,1.14489,1.69344,8.91558e+06,3.92412e+06,1.32138e+07,0,0,0,1.83425e+08
83.16,103.622,2.77855,0.02,0,3.27109,3.27109,0,0.612904,6.16896,4.29004e+06,2.93582e+06,1.40331e+07,0,0,0,0,60.4326,61.308,1.36755,0,1,1.48234,1.48234,0,1.14507,1.69344,8.91558e+06,3.92412e+06,1.32159e+07,0,0,0,1.83425e+08
83.4799,103.622,3.46697,0.02,0,3.37408,3.37408,0,0.613002,6.16896,4.29004e+06,2.93582e+06,1.4475e+07,0,0,0,0,60.6474,61.308,2.89264,1,1,1.53051,1.53051,0,1.14526,1.69344,8.91558e+06,3.92412e+06,1.36454e+07,0,0,0,1.83425e+08
84.9576,103.622,4.74466,0.03,0,3.37459,3.37459,0,0.632303,6.16896,4.29004e+06,2.93582e+06,1.44771e+07,0,0,0,0,61.0179,61.308,3.55583,1,1,1.53074,1.53074,0,1.18247,1.69344,8.91558e+06,3.92412e+06,1.36474e+07,0,0,0,1.83425e+08
84.5974,103.622,2.68553,0.03,0,3.37509,3.37509,0,0.632398,6.16896,4.29004e+06,2.93582e+06,1.44793e+07,0,0,0,0,60.9762,61.308,2.37357,1,1,1.53097,1.53097,0,1.18265,1.69344,8.91558e+06,3.92412e+06,1.36495e+07,0,0,0,1.83425e+08
83.6803,103.622,2.07564,0.03,0,3.3756,3.3756,0,0.632493,6.16896,4.29004e+06,2.93582e+06,1.44815e+07,0,0,0,0,60.9092,61.308,2.11158,1,1,1.5312,1.5312,0,1.18282,1.69344,8.91558e+06,3.92412e+06,1.36515e+07,0,0,0,1.83425e+08
84.9735,103.622,5.0624,0.03,0,3.7054,3.7054,0,0.632587,6.16896,4.29004e+06,2.93582e+06,1.58963e+07,0,0,0,0,61.0253,61.308,3.30706,1,1,1.69344,1.71149,0.0180486,1.183,1.69344,8.91558e+06,3.92412e+06,1.5098e+07,0,0,0,1.83425e+08
85.6734,103.622,4.06257,0.03,0,3.70596,3.70596,0,0.694393,6.16896,4.29004e+06,2.93582e+06,1.58987e+07,0,0,0,0,60.9398,61.308,2.1871,1,1,1.69344,1.71175,0.0183051,1.30835,1.69344,8.91558e+06,3.92412e+06,1.5098e+07,0,0,0,1.83425e+08
86.3034,103.622,4.02648,0.03,0,3.70651,3.70651,0,0.694497,6.16896,4.29004e+06,2.93582e+06,1.59011e+07,0,0,0,0,60.94,61.308,2.69793,1,1,1.69344,1.712,0.0185617,1.30835,1.69344,8.91558e+06,3.92412e+06,1.5098e+07,0,0,0,1.83425e+08
86.5141,103.622,3.61449,0.04,0,3.70707,3.70707,0,0.694601,6.16896,4.29004e+06,2.93582e+06,1.59035e+07,0,0,0,0,60.9446,61.308,2.39597,1,1,1.69344,1.71226,0.0188182,1.30835,1.69344,8.91558e+06,3.92412e+06,1.5098e+07,0,0,0,1.83425e+08
88.2389,103.622,5.26433,0.04,0,3.23766,3.23766,0,0.694705,6.16896,4.29004e+06,2.93582e+06,1.38897e+07,0,0,0,0,61.8285,61.308,4.72125,0,1,1.47072,1.47072,0,1.30835,1.69344,8.91558e+06,3.92412e+06,1.31124e+07,0,0,0,1.83425e+08
89.9258,103.622,5.20236,0.04,0,3.23815,3.23815,0,0.606738,6.16896,4.29004e+06,2.93582e+06,1.38918e+07,0,0,0,0,62.3362,61.308,3.45987,0,1,1.47094,1.47094,0,1.13628,1.69344,8.91558e+06,3.92412e+06,1.31143e+07,0,0,0,1.83425e+08
91.0061,103.622,4.50584,0.04,0,3.23863,3.23863,0,0.606829,6.16896,4.29004e+06,2.93582e+06,1.38939e+07,0,0,0,0,62.3362,61.308,3.18522,0,1,1.47116,1.47116,0,1.13645,1.69344,8.91558e+06,3.92412e+06,1.31163e+07,0,0,0,1.83425e+08
92.6985,103.622,5.24431,0.04,0,3.23912,3.23912,0,0.606919,6.16896,4.29004e+06,2.93582e+06,1.3896e+07,0,0,0,0,62.3362,61.308,3.46302,0,1,1.47138,1.47138,0,1.13662,1.69344,8.91558e+06,3.92412e+06,1.31183e+07,0,0,0,1.83425e+08
94.8132,103.622,5.75267,0.04,0,3.2396,3.2396,0,0.60701,6.16896,4.29004e+06,2.93582e+06,1.3898e+07,0,0,0,0,62.1977,61.308,3.48576,0,1,1.4716,1.4716,0,1.13679,1.69344,8.91558e+06,3.92412e+06,1.31202e+07,0,0,0,1.83425e+08
95.3062,103.622,3.89339,0.01,0,3.35847,3.35847,0,0.607101,6.16896,4.29004e+06,2.93582e+06,1.4408e+07,0,0,0,0,62.3042,61.308,2.30351,1,1,1.53102,1.53102,0,1.13696,1.69344,8.91558e+06,3.92412e+06,1.36499e+07,0,0,0,1.83425e+08
95.266,103.622,3.34904,0.01,0,3.35898,3.35898,0,0.629378,6.16896,4.29004e+06,2.93582e+06,1.44102e+07,0,0,0,0,62.2726,61.308,2.54229,1,1,1.53125,1.53125,0,1.18287,1.69344,8.91558e+06,3.92412e+06,1.3652e+07,0,0,0,1.83425e+08
95.4708,103.622,3.60306,0.01,0,3.35948,3.35948,0,0.629472,6.16896,4.29004e+06,2.93582e+06,1.44123e+07,0,0,0,0,61.9708,61.308,2.36027,1,1,1.53148,1.53148,0,1.18304,1.69344,8.91558e+06,3.92412e+06,1.3654e+07,0,0,0,1.83425e+08
95.1008,103.622,2.90934,0.01,0,3.35998,3.35998,0,0.629566,6.16896,4.29004e+06,2.93582e+06,1.44145e+07,0,0,0,0,61.7282,61.308,1.84807,1,1,1.53171,1.53171,0,1.18322,1.69344,8.91558e+06,3.92412e+06,1.36561e+07,0,0,0,1.83425e+08
94.5029,103.622,2.63288,0.01,0,3.31417,3.31417,0,0.629661,6.16896,4.29004e+06,2.93582e+06,1.42179e+07,0,0,0,0,61.3274,61.308,1.96781,0,1,1.50893,1.50893,0,1.1834,1.69344,8.91558e+06,3.92412e+06,1.3453e+07,0,0,0,1.83425e+08
93.7788,103.622,2.40739,0,0,3.31467,3.31467,0,0.621075,6.16896,4.29004e+06,2.93582e+06,1.42201e+07,0,0,0,0,61.02,61.308,1.92619,0,1,1.50916,1.50916,0,1.1658,1.69344,8.91558e+06,3.92412e+06,1.3455e+07,0,0,0,1.83425e+08
92.9146,103.622,2.21937,0,0,3.31516,3.31516,0,0.621168,6.16896,4.29004e+06,2.93582e+06,1.42222e+07,0,0,0,0,60.5968,61.308,1.80494,0,1,1.50939,1.50939,0,1.16598,1.69344,8.91558e+06,3.92412e+06,1.34571e+07,0,0,0,1.83425e+08
91.9938,103.622,2.13847,0.02,0,3.31566,3.31566,0,0.621262,6.16896,4.29004e+06,2.93582e+06,1.42243e+07,0,0,0,0,60.1887,61.308,1.66526,0,1,1.50961,1.50961,0,1.16615,1.69344,8.91558e+06,3.92412e+06,1.34591e+07,0,0,0,1.83425e+08
90.7587,103.622,1.89725,0.02,0,3.47346,3.47346,0,0.621355,6.16896,4.29004e+06,2.93582e+06,1.49013e+07,0,0,0,0,59.7249,61.308,1.71533,1,1,1.59147,1.59147,0,1.16633,1.69344,8.91558e+06,3.92412e+06,1.41889e+07,0,0,0,1.83425e+08
89.5483,103.622,1.85095,0.02,0,3.47398,3.47398,0,0.650927,6.16896,4.29004e+06,2.93582e+06,1.49035e+07,0,0,0,0,59.2212,61.308,1.70158,1,1,1.59171,1.59171,0,1.22957,1.69344,8.91558e+06,3.92412e+06,1.4191e+07,0,0,0,1.83425e+08
88.1701,103.622,1.63528,0.02,0,3.4745,3.4745,0,0.651025,6.16896,4.29004e+06,2.93582e+06,1.49058e+07,0,0,0,0,58.6193,61.308,1.58605,1,1,1.59194,1.59194,0,1.22975,1.69344,8.91558e+06,3.92412e+06,1.41931e+07,0,0,0,1.83425e+08
86.7684,103.622,1.5452,0.02,0,3.47503,3.47503,0,0.651122,6.16896,4.29004e+06,2.93582e+06,1.4908e+07,0,0,0,0,58.0543,61.308,1.51443,1,1,1.59218,1.59218,0,1.22994,1.69344,8.91558e+06,3.92412e+06,1.41952e+07,0,0,0,1.83425e+08
85.404,103.622,1.57371,0.02,0,3.47555,3.47555,0,0.65122,6.16896,4.29004e+06,2.93582e+06,1.49102e+07,0,0,0,0,57.7034,61.308,1.58296,1,1,1.59242,1.59242,0,1.23012,1.69344,8.91558e+06,3.92412e+06,1.41974e+07,0,0,0,1.83425e+08
84.4216,103.622,1.92499,0.02,0,3.44493,3.44493,0,0.651317,6.16896,4.29004e+06,2.93582e+06,1.47789e+07,0,0,0,0,57.3428,61.308,2.2702,1,1,1.63756,1.63756,0,1.2303,1.69344,8.91558e+06,3.92412e+06,1.45998e+07,0,0,0,1.83425e+08
83.3267,103.622,1.77645,0.02,0,3.44545,3.44545,0,0.64558,6.16896,4.29004e+06,2.93582e+06,1.47811e+07,0,0,0,0,56.9683,61.308,2.16328,1,1,1.6378,1.6378,0,1.26518,1.69344,8.91558e+06,3.92412e+06,1.4602e+07,0,0,0,1.83425e+08
82.1508,103.622,1.66445,0.03,0,3.44596,3.44596,0,0.645677,6.16896,4.29004e+06,2.93582e+06,1.47833e+07,0,0,0,0,56.5515,61.308,1.93506,1,1,1.63805,1.63805,0,1.26537,1.69344,8.91558e+06,3.92412e+06,1.46042e+07,0,0,0,1.83425e+08
80.9503,103.622,1.60794,0.04,0,3.44648,3.44648,0,0.645774,6.16896,4.29004e+06,2.93582e+06,1.47856e+07,0,0,0,0,56.1178,61.308,1.83492,1,1,1.63829,1.63829,0,1.26556,1.69344,8.91558e+06,3.92412e+06,1.46064e+07,0,0,0,1.83425e+08
79.7331,103.622,1.61395,0.05,0,3.52744,3.52744,0,0.64587,6.16896,4.29004e+06,2.93582e+06,1.51329e+07,0,0,0,0,55.662,61.308,1.89084,1,1,1.67858,1.67858,0,1.26575,1.69344,8.91558e+06,3.92412e+06,1.49655e+07,0,0,0,1.83425e+08
78.4678,103.622,1.54774,0.06,0,3.52797,3.52797,0,0.661043,6.16896,4.29004e+06,2.93582e+06,1.51351e+07,0,0,0,0,55.1479,61.308,1.92249,1,1,1.67883,1.67883,0,1.29687,1.69344,8.91558e+06,3.92412e+06,1.49677e+07,0,0,0,1.83425e+08
77.1418,103.622,1.43878,0.06,0,3.5285,3.5285,0,0.661142,6.16896,4.29004e+06,2.93582e+06,1.51374e+07,0,0,0,0,54.6016,61.308,1.82606,1,1,1.67908,1.67908,0,1.29706,1.69344,8.91558e+06,3.92412e+06,1.497e+07,0,0,0,1.83425e+08
75.7407,103.622,1.32819,0.06,0,3.52903,3.52903,0,0.661241,6.16896,4.29004e+06,2.93582e+06,1.51397e+07,0,0,0,0,54.0517,61.308,1.7053,1,1,1.67933,1.67933,0,1.29726,1.69344,8.91558e+06,3.92412e+06,1.49722e+07,0,0,0,1.83425e+08
74.5175,103.622,1.67077,0.06,0,3.76528,3.76528,0,0.66134,6.16896,4.29004e+06,2.93582e+06,1.61532e+07,0,0,0,0,53.5845,61.308,2.19884,1,1,1.69344,1.82419,0.130748,1.29745,1.69344,8.91558e+06,3.92412e+06,1.5098e+07,0,0,0,1.83425e+08
73.442,103.622,1.75541,0.06,0,3.76584,3.76584,0,0.705613,6.16896,4.29004e+06,2.93582e+06,1.61556e+07,0,0,0,0,53.1252,61.308,2.19178,1,1,1.69344,1.82446,0.131021,1.30835,1.69344,8.91558e+06,3.92412e+06,1.5098e+07,0,0,0,1.83425e+08
72.206,103.622,1.5912,0.07,0,3.76641,3.76641,0,0.705719,6.16896,4.29004e+06,2.93582e+06,1.6158e+07,0,0,0,0,52.6488,61.308,2.09895,1,1,1.69344,1.82473,0.131294,1.30835,1.69344,8.91558e+06,3.92412e+06,1.5098e+07,0,0,0,1.83425e+08
71.0257,103.622,1.60894,0.1,0,3.76697,3.76697,0,0.705824,6.16896,4.29004e+06,2.93582e+06,1.61605e+07,0,0,0,0,52.2468,61.308,2.26298,1,1,1.69344,1.82501,0.131567,1.30835,1.69344,8.91558e+06,3.92412e+06,1.5098e+07,0,0,0,1.83425e+08
69.8838,103.622,1.66691,0.1,0,3.76753,3.76753,0,0.70593,6.16896,4.29004e+06,2.93582e+06,1.61629e+07,0,0,0,0,51.8566,61.308,2.68052,1,1,1.69344,1.82528,0.131841,1.30835,1.69344,8.91558e+06,3.92412e+06,1.5098e+07,0,0,0,1.83425e+08
69.1297,103.622,1.84048,0.1,0,3.65313,3.65313,0,0.706036,6.16896,4.29004e+06,2.93582e+06,1.56721e+07,0,0,0,0,51.2443,61.308,2.34833,1,1,1.69344,1.73772,0.0442782,1.30835,1.69344,8.91558e+06,3.92412e+06,1.5098e+07,0,0,0,1.83425e+08
68.6443,103.622,2.1598,0.11,0,3.65367,3.65367,0,0.684596,6.16896,4.29004e+06,2.93582e+06,1.56744e+07,0,0,0,0,50.7269,61.308,2.88314,1,1,1.69344,1.73798,0.0445382,1.30835,1.69344,8.91558e+06,3.92412e+06,1.5098e+07,0,0,0,1.83425e+08
68.1128,103.622,2.12461,0.1,0,3.65422,3.65422,0,0.684699,6.16896,4.29004e+06,2.93582e+06,1.56768e+07,0,0,0,0,50.2088,61.308,2.86672,1,1,1.69344,1.73824,0.0447982,1.30835,1.69344,8.91558e+06,3.92412e+06,1.5098e+07,0,0,0,1.83425e+08
67.8194,103.622,2.53374,0.09,0,3.65477,3.65477,0,0.684801,6.16896,4.29004e+06,2.93582e+06,1.56791e+07,0,0,0,0,49.8727,61.308,3.6078,1,1,1.69344,1.7385,0.0450583,1.30835,1.69344,8.91558e+06,3.92412e+06,1.5098e+07,0,0,0,1.83425e+08
68.5803,103.622,3.51721,0.09,0,3.56089,3.56089,0,0.684904,6.16896,4.29004e+06,2.93582e+06,1.52764e+07,0,0,0,0,49.5561,61.308,3.38049,1,1,1.65876,1.65876,0,1.30835,1.69344,8.91558e+06,3.92412e+06,1.47888e+07,0,0,0,1.83425e+08
70.5409,103.622,4.8403,0.08,0,3.56142,3.56142,0,0.667311,6.16896,4.29004e+06,2.93582e+06,1.52787e+07,0,0,0,0,49.4412,61.308,3.67481,1,1,1.65901,1.65901,0,1.28156,1.69344,8.91558e+06,3.92412e+06,1.4791e+07,0,0,0,1.83425e+08
73.86,103.622,6.32166,0.08,0,3.56195,3.56195,0,0.66741,6.16896,4.29004e+06,2.93582e+06,1.52809e+07,0,0,0,0,49.4905,61.308,4.48474,1,1,1.65925,1.65925,0,1.28175,1.69344,8.91558e+06,3.92412e+06,1.47932e+07,0,0,0,1.83425e+08
76.6963,103.622,6.15907,0.03,0,3.56249,3.56249,0,0.66751,6.16896,4.29004e+06,2.93582e+06,1.52832e+07,0,0,0,0,49.9506,61.308,4.85758,1,1,1.6595,1.6595,0,1.28194,1.69344,8.91558e+06,3.92412e+06,1.47954e+07,0,0,0,1.83425e+08
78.6351,103.622,5.07084,0.04,0,3.29468,3.29468,0,0.66761,6.16896,4.29004e+06,2.93582e+06,1.41343e+07,0,0,0,0,50.6536,61.308,5.48823,0,1,1.49303,1.49303,0,1.28213,1.69344,8.91558e+06,3.92412e+06,1.33113e+07,0,0,0,1.83425e+08
79.5296,103.622,3.9251,0.04,0,3.29518,3.29518,0,0.617424,6.16896,4.29004e+06,2.93582e+06,1.41365e+07,0,0,0,0,50.9391,61.308,3.66295,0,1,1.49326,1.49326,0,1.15352,1.69344,8.91558e+06,3.92412e+06,1.33133e+07,0,0,0,1.83425e+08
80.5668,103.622,4.2163,0.05,0,3.29567,3.29567,0,0.617516,6.16896,4.29004e+06,2.93582e+06,1.41386e+07,0,0,0,0,51.7551,61.308,5.58079,0,1,1.49348,1.49348,0,1.15369,1.69344,8.91558e+06,3.92412e+06,1.33153e+07,0,0,0,1.83425e+08
81.5338,103.622,4.15511,0.04,0,3.29616,3.29616,0,0.617608,6.16896,4.29004e+06,2.93582e+06,1.41407e+07,0,0,0,0,52.4192,61.308,4.74741,0,1,1.4937,1.4937,0,1.15386,1.69344,8.91558e+06,3.92412e+06,1.33172e+07,0,0,0,1.83425e+08
88.0608,103.622,10.2509,0.05,0,3.29666,3.29666,0,0.617701,6.16896,4.29004e+06,2.93582e+06,1.41428e+07,0,0,0,0,54.5971,61.308,8.51855,0,1,1.49393,1.49393,0,1.15404,1.69344,8.91558e+06,3.92412e+06,1.33192e+07,0,0,0,1.83425e+08
93.5701,103.622,9.58534,0.02,0,3.40042,3.40042,0,0.617793,6.16896,4.29004e+06,2.93582e+06,1.45879e+07,0,0,0,0,55.7547,61.308,6.62444,1,1,1.54245,1.54245,0,1.15421,1.69344,8.91558e+06,3.92412e+06,1.37519e+07,0,0,0,1.83425e+08
99.6443,103.622,10.2436,0.01,0,3.40089,3.40089,0,0.637238,6.16896,4.29004e+06,2.93582e+06,1.459e+07,0,0,0,0,57.4619,61.308,8.34775,1,1,1.54267,1.54267,0,1.1917,1.69344,8.91558e+06,3.92412e+06,1.37538e+07,0,0,0,1.83425e+08
103.622,103.622,20.4625,0.01,0,3.40137,3.40137,0,0.637327,6.16896,4.29004e+06,2.93582e+06,1.4592e+07,0,0,0,0,60.2739,61.308,10.899,1,1,1.54288,1.54288,0,1.19187,1.69344,8.91558e+06,3.92412e+06,1.37557e+07,0,0,0,1.83425e+08
103.622,103.622,17.8408,0,0,3.40184,3.40184,0,0.637416,6.16896,4.29004e+06,2.93582e+06,1.4594e+07,0,0,0,0,62.3362,61.308,9.67851,1,1,1.5431,1.5431,0,1.19203,1.69344,8.91558e+06,3.92412e+06,1.37576e+07,0,0,0,1.83425e+08
103.622,103.622,11.0719,0.01,0,3.73417,3.73417,0,0.637505,6.16896,4.29004e+06,2.93582e+06,1.60197e+07,0,0,0,0,62.3362,61.308,7.05539,1,1,1.69344,1.72477,0.031335,1.1922,1.69344,8.91558e+06,3.92412e+06,1.5098e+07,0,0,0,1.83425e+08
103.622,103.622,9.27872,0.01,0,3.73469,3.73469,0,0.699783,6.16896,4.29004e+06,2.93582e+06,1.6022e+07,0,0,0,0,62.3362,61.308,6.17556,1,1,1.69344,1.72502,0.0315753,1.30835,1.69344,8.91558e+06,3.92412e+06,1.5098e+07,0,0,0,1.83425e+08
103.622,103.622,6.61582,0.01,0,3.73521,3.73521,0,0.699881,6.16896,4.29004e+06,2.93582e+06,1.60242e+07,0,0,0,0,62.3362,61.308,4.2584,1,1,1.69344,1.72526,0.0318157,1.30835,1.69344,8.91558e+06,3.92412e+06,1.5098e+07,0,0,0,1.83425e+08
103.622,103.622,6.43197,0.01,0,3.73573,3.73573,0,0.699978,6.16896,4.29004e+06,2.93582e+06,1.60264e+07,0,0,0,0,62.3362,61.308,3.87519,1,1,1.69344,1.7255,0.0320562,1.30835,1.69344,8.91558e+06,3.92412e+06,1.5098e+07,0,0,0,1.83425e+08
103.622,103.622,4.93011,0,0,3.26266,3.26266,0,0.700076,6.16896,4.29004e+06,2.93582e+06,1.39969e+07,0,0,0,0,62.3362,61.308,3.24499,0,1,1.48208,1.48208,0,1.30835,1.69344,8.91558e+06,3.92412e+06,1.32136e+07,0,0,0,1.83425e+08
103.622,103.622,4.98682,0,0,3.26311,3.26311,0,0.611422,6.16896,4.29004e+06,2.93582e+06,1.39989e+07,0,0,0,0,62.3362,61.308,2.94321,0,1,1.48228,1.48228,0,1.14505,1.69344,8.91558e+06,3.92412e+06,1.32154e+07,0,0,0,1.83425e+08
103.622,103.622,7.98575,0,0,3.26357,3.26357,0,0.611507,6.16896,4.29004e+06,2.93582e+06,1.40008e+07,0,0,0,0,62.3362,61.308,4.51445,0,1,1.48249,1.48249,0,1.14521,1.69344,8.91558e+06,3.92412e+06,1.32173e+07,0,0,0,1.83425e+08
103.622,103.622,7.65579,0.01,0,3.26402,3.26402,0,0.611592,6.16896,4.29004e+06,2.93582e+06,1.40028e+07,0,0,0,0,62.3362,61.308,6.29248,0,1,1.4827,1.4827,0,1.14537,1.69344,8.91558e+06,3.92412e+06,1.32191e+07,0,0,0,1.83425e+08
103.622,103.622,8.57155,0.01,0,3.26448,3.26448,0,0.611678,6.16896,4.29004e+06,2.93582e+06,1.40047e+07,0,0,0,0,62.3362,61.308,5.20311,0,1,1.4829,1.4829,0,1.14553,1.69344,8.91558e+06,3.92412e+06,1.3221e+07,0,0,0,1.83425e+08
103.622,103.622,7.92726,0,0,3.38422,3.38422,0,0.611763,6.16896,4.29004e+06,2.93582e+06,1.45185e+07,0,0,0,0,62.3362,61.308,5.46758,1,1,1.54276,1.54276,0,1.14569,1.69344,8.91558e+06,3.92412e+06,1.37546e+07,0,0,0,1.83425e+08
103.622,103.622,8.79294,0,0,3.3847,3.3847,0,0.634204,6.16896,4.29004e+06,2.93582e+06,1.45205e+07,0,0,0,0,62.3362,61.308,5.65649,1,1,1.54298,1.54298,0,1.19194,1.69344,8.91558e+06,3.92412e+06,1.37565e+07,0,0,0,1.83425e+08
103.622,103.622,7.20831,0,0,3.38517,3.38517,0,0.634292,6.16896,4.29004e+06,2.93582e+06,1.45225e+07,0,0,0,0,62.3362,61.308,5.29174,1,1,1.54319,1.54319,0,1.1921,1.69344,8.91558e+06,3.92412e+06,1.37584e+07,0,0,0,1.83425e+08
103.622,103.622,5.73614,0,0,3.38564,3.38564,0,0.63438,6.16896,4.29004e+06,2.93582e+06,1.45245e+07,0,0,0,0,62.3362,61.308,3.65709,1,1,1.54341,1.54341,0,1.19227,1.69344,8.91558e+06,3.92412e+06,1.37604e+07,0,0,0,1.83425e+08
103.622,103.622,5.10952,0,0,3.33944,3.33944,0,0.634469,6.16896,4.29004e+06,2.93582e+06,1.43264e+07,0,0,0,0,62.3362,61.308,3.12811,0,1,1.52044,1.52044,0,1.19243,1.69344,8.91558e+06,3.92412e+06,1.35556e+07,0,0,0,1.83425e+08
103.622,103.622,4.83969,0,0,3.33991,3.33991,0,0.625811,6.16896,4.29004e+06,2.93582e+06,1.43283e+07,0,0,0,0,62.3362,61.308,2.94765,0,1,1.52065,1.52065,0,1.17469,1.69344,8.91558e+06,3.92412e+06,1.35575e+07,0,0,0,1.83425e+08
103.622,103.622,4.37848,0,0,3.34037,3.34037,0,0.625899,6.16896,4.29004e+06,2.93582e+06,1.43303e+07,0,0,0,0,62.3362,61.308,2.85606,0,1,1.52086,1.52086,0,1.17486,1.69344,8.91558e+06,3.92412e+06,1.35594e+07,0,0,0,1.83425e+08
103.622,103.622,4.20547,0,0,3.34084,3.34084,0,0.625986,6.16896,4.29004e+06,2.93582e+06,1.43323e+07,0,0,0,0,62.3362,61.308,2.57093,0,1,1.52108,1.52108,0,1.17502,1.69344,8.91558e+06,3.92412e+06,1.35613e+07,0,0,0,1.83425e+08
103.622,103.622,3.91648,0,0,3.4998,3.4998,0,0.626073,6.16896,4.29004e+06,2.93582e+06,1.50143e+07,0,0,0,0,62.3362,61.308,2.70519,1,1,1.60354,1.60354,0,1.17518,1.69344,8.91558e+06,3.92412e+06,1.42965e+07,0,0,0,1.83425e+08
103.622,103.622,4.33854,0,0,3.50029,3.50029,0,0.655863,6.16896,4.29004e+06,2.93582e+06,1.50164e+07,0,0,0,0,62.3362,61.308,2.90349,1,1,1.60376,1.60376,0,1.23889,1.69344,8.91558e+06,3.92412e+06,1.42985e+07,0,0,0,1.83425e+08
103.622,103.622,3.72883,0,0,3.50078,3.50078,0,0.655955,6.16896,4.29004e+06,2.93582e+06,1.50185e+07,0,0,0,0,62.3013,61.308,2.38205,1,1,1.60398,1.60398,0,1.23906,1.69344,8.91558e+06,3.92412e+06,1.43004e+07,0,0,0,1.83425e+08
103.622,103.622,3.46588,0,0,3.50127,3.50127,0,0.656046,6.16896,4.29004e+06,2.93582e+06,1.50206e+07,0,0,0,0,62.055,61.308,2.05295,1,1,1.60421,1.60421,0,1.23924,1.69344,8.91558e+06,3.92412e+06,1.43024e+07,0,0,0,1.83425e+08
103.52,103.622,3.23477,0.01,0,3.50175,3.50175,0,0.656137,6.16896,4.29004e+06,2.93582e+06,1.50227e+07,0,0,0,0,61.941,61.308,1.85165,1,1,1.60443,1.60443,0,1.23941,1.69344,8.91558e+06,3.92412e+06,1.43044e+07,0,0,0,1.83425e+08
103.622,103.622,3.48124,0.02,0,3.47087,3.47087,0,0.656229,6.16896,4.29004e+06,2.93582e+06,1.48902e+07,0,0,0,0,62.3362,61.308,2.91273,1,1,1.64989,1.64989,0,1.23958,1.69344,8.91558e+06,3.92412e+06,1.47097e+07,0,0,0,1.83425e+08
103.622,103.622,3.46897,0.01,0,3.47136,3.47136,0,0.650442,6.16896,4.29004e+06,2.93582e+06,1.48923e+07,0,0,0,0,62.3362,61.308,2.90199,1,1,1.65012,1.65012,0,1.2747,1.69344,8.91558e+06,3.92412e+06,1.47118e+07,0,0,0,1.83425e+08
103.622,103.622,3.30352,0.01,0,3.47184,3.47184,0,0.650532,6.16896,4.29004e+06,2.93582e+06,1.48943e+07,0,0,0,0,62.3362,61.308,2.8499,1,1,1.65035,1.65035,0,1.27488,1.69344,8.91558e+06,3.92412e+06,1.47138e+07,0,0,0,1.83425e+08
103.291,103.622,2.89836,0.01,0,3.47232,3.47232,0,0.650623,6.16896,4.29004e+06,2.93582e+06,1.48964e+07,0,0,0,0,62.3362,61.308,2.66498,1,1,1.65058,1.65058,0,1.27506,1.69344,8.91558e+06,3.92412e+06,1.47159e+07,0,0,0,1.83425e+08
102.616,103.622,2.53677,0.03,0,3.55386,3.55386,0,0.650713,6.16896,4.29004e+06,2.93582e+06,1.52462e+07,0,0,0,0,62.3362,61.308,2.41923,1,1,1.69115,1.69115,0,1.27524,1.69344,8.91558e+06,3.92412e+06,1.50776e+07,0,0,0,1.83425e+08
102.129,103.622,2.72929,0.03,0,3.55435,3.55435,0,0.665992,6.16896,4.29004e+06,2.93582e+06,1.52483e+07,0,0,0,0,62.3362,61.308,2.81127,1,1,1.69138,1.69138,0,1.30658,1.69344,8.91558e+06,3.92412e+06,1.50797e+07,0,0,0,1.83425e+08
101.455,103.622,2.50486,0.03,0,3.55484,3.55484,0,0.666085,6.16896,4.29004e+06,2.93582e+06,1.52504e+07,0,0,0,0,62.3362,61.308,2.71501,1,1,1.69162,1.69162,0,1.30676,1.69344,8.91558e+06,3.92412e+06,1.50818e+07,0,0,0,1.83425e+08
100.602,103.622,2.2921,0.03,0,3.55534,3.55534,0,0.666178,6.16896,4.29004e+06,2.93582e+06,1.52526e+07,0,0,0,0,62.3362,61.308,2.3967,1,1,1.69185,1.69185,0,1.30694,1.69344,8.91558e+06,3.92412e+06,1.50839e+07,0,0,0,1.83425e+08
99.59,103.622,2.31329,0.03,0,3.79331,3.79331,0,0.666271,6.16896,4.29004e+06,2.93582e+06,1.62735e+07,0,0,0,0,62.3362,61.308,2.79793,1,1,1.69344,1.83777,0.14433,1.30713,1.69344,8.91558e+06,3.92412e+06,1.5098e+07,0,0,0,1.83425e+08
97.971,103.622,1.65584,0.03,0,3.79384,3.79384,0,0.710867,6.16896,4.29004e+06,2.93582e+06,1.62757e+07,0,0,0,0,62.3362,61.308,2.6016,1,1,1.69344,1.83803,0.144586,1.30835,1.69344,8.91558e+06,3.92412e+06,1.5098e+07,0,0,0,1.83425e+08
96.9108,103.622,2.21897,0.03,0,3.79437,3.79437,0,0.710966,6.16896,4.29004e+06,2.93582e+06,1.6278e+07,0,0,0,0,62.3362,61.308,2.92616,1,1,1.69344,1.83828,0.144842,1.30835,1.69344,8.91558e+06,3.92412e+06,1.5098e+07,0,0,0,1.83425e+08
96.7274,103.622,3.18378,0.03,0,3.7949,3.7949,0,0.711065,6.16896,4.29004e+06,2.93582e+06,1.62803e+07,0,0,0,0,62.3362,61.308,3.51098,1,1,1.69344,1.83854,0.145098,1.30835,1.69344,8.91558e+06,3.92412e+06,1.5098e+07,0,0,0,1.83425e+08
96.0318,103.622,2.62982,0.04,0,3.79543,3.79543,0,0.711164,6.16896,4.29004e+06,2.93582e+06,1.62825e+07,0,0,0,0,62.3362,61.308,3.16941,1,1,1.69344,1.83879,0.145354,1.30835,1.69344,8.91558e+06,3.92412e+06,1.5098e+07,0,0,0,1.83425e+08
95.8919,103.622,3.21119,0.03,0,3.68013,3.68013,0,0.711263,6.16896,4.29004e+06,2.93582e+06,1.57879e+07,0,0,0,0,62.3362,61.308,2.57736,1,1,1.69344,1.75056,0.0571246,1.30835,1.69344,8.91558e+06,3.92412e+06,1.5098e+07,0,0,0,1.83425e+08
95.7009,103.622,3.20355,0.02,0,3.68065,3.68065,0,0.689657,6.16896,4.29004e+06,2.93582e+06,1.57901e+07,0,0,0,0,62.3362,61.308,3.93053,1,1,1.69344,1.75081,0.0573682,1.30835,1.69344,8.91558e+06,3.92412e+06,1.5098e+07,0,0,0,1.83425e+08
95.1851,103.622,2.81497,0.03,0,3.68116,3.68116,0,0.689753,6.16896,4.29004e+06,2.93582e+06,1.57923e+07,0,0,0,0,62.2669,61.308,2.38105,1,1,1.69344,1.75105,0.0576118,1.30835,1.69344,8.91558e+06,3.92412e+06,1.5098e+07,0,0,0,1.83425e+08
94.2501,103.622,2.36186,0.02,0,3.68167,3.68167,0,0.689849,6.16896,4.29004e+06,2.93582e+06,1.57945e+07,0,0,0,0,62.0277,61.308,2.10852,1,1,1.69344,1.7513,0.0578554,1.30835,1.69344,8.91558e+06,3.92412e+06,1.5098e+07,0,0,0,1.83425e+08
93.5733,103.622,2.5576,0.02,0,3.58706,3.58706,0,0.689945,6.16896,4.29004e+06,2.93582e+06,1.53887e+07,0,0,0,0,61.4813,61.308,1.84137,1,1,1.67095,1.67095,0,1.30835,1.69344,8.91558e+06,3.92412e+06,1.48975e+07,0,0,0,1.83425e+08
92.4565,103.622,2.13107,0.02,0,3.58756,3.58756,0,0.672216,6.16896,4.29004e+06,2.93582e+06,1.53908e+07,0,0,0,0,60.5674,61.308,1.2745,1,1,1.67118,1.67118,0,1.29098,1.69344,8.91558e+06,3.92412e+06,1.48996e+07,0,0,0,1.83425e+08
90.9777,103.622,1.72089,0.03,0,3.58806,3.58806,0,0.672309,6.16896,4.29004e+06,2.93582e+06,1.53929e+07,0,0,0,0,60.1212,61.308,1.06156,1,1,1.67142,1.67142,0,1.29116,1.69344,8.91558e+06,3.92412e+06,1.49016e+07,0,0,0,1.83425e+08
90.8075,103.622,3.27793,0.03,0,3.58856,3.58856,0,0.672403,6.16896,4.29004e+06,2.93582e+06,1.53951e+07,0,0,0,0,60.3915,61.308,3.11316,1,1,1.67165,1.67165,0,1.29134,1.69344,8.91558e+06,3.92412e+06,1.49037e+07,0,0,0,1.83425e+08
93.2845,103.622,6.0409,0.03,0,3.31876,3.31876,0,0.672496,6.16896,4.29004e+06,2.93582e+06,1.42376e+07,0,0,0,0,61.9224,61.308,4.45118,0,1,1.50395,1.50395,0,1.29152,1.69344,8.91558e+06,3.92412e+06,1.34086e+07,0,0,0,1.83425e+08
93.1024,103.622,3.08482,0.02,0,3.31922,3.31922,0,0.621936,6.16896,4.29004e+06,2.93582e+06,1.42396e+07,0,0,0,0,62.1352,61.308,3.05648,0,1,1.50416,1.50416,0,1.16195,1.69344,8.91558e+06,3.92412e+06,1.34104e+07,0,0,0,1.83425e+08
91.7894,103.622,1.79635,0.04,0,3.31969,3.31969,0,0.622023,6.16896,4.29004e+06,2.93582e+06,1.42416e+07,0,0,0,0,62.3362,61.308,2.20101,0,1,1.50436,1.50436,0,1.16211,1.69344,8.91558e+06,3.92412e+06,1.34123e+07,0,0,0,1.83425e+08
92.6857,103.622,4.11481,0.04,0,3.32015,3.32015,0,0.622109,6.16896,4.29004e+06,2.93582e+06,1.42436e+07,0,0,0,0,62.3362,61.308,3.73687,0,1,1.50457,1.50457,0,1.16227,1.69344,8.91558e+06,3.92412e+06,1.34142e+07,0,0,0,1.83425e+08
94.2712,103.622,5.06935,0.05,0,3.32061,3.32061,0,0.622196,6.16896,4.29004e+06,2.93582e+06,1.42456e+07,0,0,0,0,62.3362,61.308,4.45787,0,1,1.50478,1.50478,0,1.16243,1.69344,8.91558e+06,3.92412e+06,1.3416e+07,0,0,0,1.83425e+08
97.327,103.622,6.88336,0.01,0,3.42509,3.42509,0,0.622282,6.16896,4.29004e+06,2.93582e+06,1.46938e+07,0,0,0,0,62.3362,61.308,7.4513,1,1,1.55365,1.55365,0,1.1626,1.69344,8.91558e+06,3.92412e+06,1.38517e+07,0,0,0,1.83425e+08
103.622,103.622,14.4918,0.01,0,3.42553,3.42553,0,0.641862,6.16896,4.29004e+06,2.93582e+06,1.46957e+07,0,0,0,0,62.3362,61.308,11.2956,1,1,1.55385,1.55385,0,1.20035,1.69344,8.91558e+06,3.92412e+06,1.38534e+07,0,0,0,1.83425e+08
103.622,103.622,7.45013,0,0,3.42598,3.42598,0,0.641945,6.16896,4.29004e+06,2.93582e+06,1.46976e+07,0,0,0,0,62.3362,61.308,6.87318,1,1,1.55405,1.55405,0,1.2005,1.69344,8.91558e+06,3.92412e+06,1.38552e+07,0,0,0,1.83425e+08
103.622,103.622,5.01421,0.01,0,3.42642,3.42642,0,0.642028,6.16896,4.29004e+06,2.93582e+06,1.46995e+07,0,0,0,0,62.3362,61.308,4.93185,1,1,1.55425,1.55425,0,1.20066,1.69344,8.91558e+06,3.92412e+06,1.3857e+07,0,0,0,1.83425e+08
103.622,103.622,5.03111,0.01,0,3.76111,3.76111,0,0.642111,6.16896,4.29004e+06,2.93582e+06,1.61353e+07,0,0,0,0,62.3362,61.308,4.80635,1,1,1.69344,1.73722,0.0437786,1.20081,1.69344,8.91558e+06,3.92412e+06,1.5098e+07,0,0,0,1.83425e+08
103.622,103.622,6.85343,0.01,0,3.7616,3.7616,0,0.704832,6.16896,4.29004e+06,2.93582e+06,1.61374e+07,0,0,0,0,62.3362,61.308,5.07692,1,1,1.69344,1.73744,0.0440031,1.30835,1.69344,8.91558e+06,3.92412e+06,1.5098e+07,0,0,0,1.83425e+08
103.622,103.622,7.92054,0.01,0,3.76208,3.76208,0,0.704923,6.16896,4.29004e+06,2.93582e+06,1.61395e+07,0,0,0,0,62.3362,61.308,5.06592,1,1,1.69344,1.73767,0.0442274,1.30835,1.69344,8.91558e+06,3.92412e+06,1.5098e+07,0,0,0,1.83425e+08
103.622,103.622,7.2047,0.01,0,3.76257,3.76257,0,0.705014,6.16896,4.29004e+06,2.93582e+06,1.61416e+07,0,0,0,0,62.3362,61.308,6.45391,1,1,1.69344,1.73789,0.0444519,1.30835,1.69344,8.91558e+06,3.92412e+06,1.5098e+07,0,0,0,1.83425e+08
103.622,103.622,5.4003,0.01,0,3.28606,3.28606,0,0.705105,6.16896,4.29004e+06,2.93582e+06,1.40974e+07,0,0,0,0,62.3362,61.308,4.90809,0,1,1.49271,1.49271,0,1.30835,1.69344,8.91558e+06,3.92412e+06,1.33084e+07,0,0,0,1.83425e+08
103.622,103.622,3.50692,0.01,0,3.28649,3.28649,0,0.615808,6.16896,4.29004e+06,2.93582e+06,1.40992e+07,0,0,0,0,62.3362,61.308,4.2897,0,1,1.4929,1.4929,0,1.15327,1.69344,8.91558e+06,3.92412e+06,1.33101e+07,0,0,0,1.83425e+08
103.622,103.622,4.5851,0.01,0,3.28691,3.28691,0,0.615888,6.16896,4.29004e+06,2.93582e+06,1.4101e+07,0,0,0,0,62.3362,61.308,4.24753,0,1,1.4931,1.4931,0,1.15342,1.69344,8.91558e+06,3.92412e+06,1.33118e+07,0,0,0,1.83425e+08
103.622,103.622,4.02923,0.01,0,3.28734,3.28734,0,0.615967,6.16896,4.29004e+06,2.93582e+06,1.41028e+07,0,0,0,0,62.3362,61.308,4.00226,0,1,1.49329,1.49329,0,1.15357,1.69344,8.91558e+06,3.92412e+06,1.33135e+07,0,0,0,1.83425e+08
103.622,103.622,4.91622,0.01,0,3.28776,3.28776,0,0.616047,6.16896,4.29004e+06,2.93582e+06,1.41046e+07,0,0,0,0,62.3362,61.308,5.08162,0,1,1.49348,1.49348,0,1.15371,1.69344,8.91558e+06,3.92412e+06,1.33153e+07,0,0,0,1.83425e+08
103.622,103.622,4.96839,0.01,0,3.40833,3.40833,0,0.616126,6.16896,4.29004e+06,2.93582e+06,1.46219e+07,0,0,0,0,62.3362,61.308,4.09114,1,1,1.55375,1.55375,0,1.15386,1.69344,8.91558e+06,3.92412e+06,1.38526e+07,0,0,0,1.83425e+08
103.622,103.622,6.33248,0,0,3.40877,3.40877,0,0.638721,6.16896,4.29004e+06,2.93582e+06,1.46238e+07,0,0,0,0,62.3362,61.308,5.72348,1,1,1.55395,1.55395,0,1.20043,1.69344,8.91558e+06,3.92412e+06,1.38544e+07,0,0,0,1.83425e+08
103.622,103.622,4.53504,0,0,3.40921,3.40921,0,0.638803,6.16896,4.29004e+06,2.93582e+06,1.46257e+07,0,0,0,0,62.3362,61.308,3.9313,1,1,1.55415,1.55415,0,1.20058,1.69344,8.91558e+06,3.92412e+06,1.38562e+07,0,0,0,1.83425e+08
103.622,103.622,3.8656,0,0,3.40965,3.40965,0,0.638886,6.16896,4.29004e+06,2.93582e+06,1.46275e+07,0,0,0,0,62.3362,61.308,3.34165,1,1,1.55435,1.55435,0,1.20074,1.69344,8.91558e+06,3.92412e+06,1.38579e+07,0,0,0,1.83425e+08
103.622,103.622,3.52441,0,0,3.36309,3.36309,0,0.638968,6.16896,4.29004e+06,2.93582e+06,1.44278e+07,0,0,0,0,62.3362,61.308,3.35446,1,1,1.53121,1.53121,0,1.20089,1.69344,8.91558e+06,3.92412e+06,1.36516e+07,0,0,0,1.83425e+08
103.499,103.622,3.16401,0,0,3.36352,3.36352,0,0.630243,6.16896,4.29004e+06,2.93582e+06,1.44297e+07,0,0,0,0,62.3362,61.308,3.76402,1,1,1.5314,1.5314,0,1.18301,1.69344,8.91558e+06,3.92412e+06,1.36534e+07,0,0,0,1.83425e+08
103.433,103.622,3.21167,0.01,0,3.36396,3.36396,0,0.630324,6.16896,4.29004e+06,2.93582e+06,1.44315e+07,0,0,0,0,62.3362,61.308,3.15439,1,1,1.5316,1.5316,0,1.18316,1.69344,8.91558e+06,3.92412e+06,1.36551e+07,0,0,0,1.83425e+08
103.462,103.622,3.33685,0.01,0,3.36439,3.36439,0,0.630406,6.16896,4.29004e+06,2.93582e+06,1.44334e+07,0,0,0,0,62.3362,61.308,3.20961,1,1,1.5318,1.5318,0,1.18332,1.69344,8.91558e+06,3.92412e+06,1.36569e+07,0,0,0,1.83425e+08
102.898,103.622,2.6802,0.01,0,3.52444,3.52444,0,0.630487,6.16896,4.29004e+06,2.93582e+06,1.512e+07,0,0,0,0,62.3362,61.308,3.07712,1,1,1.61483,1.61483,0,1.18347,1.69344,8.91558e+06,3.92412e+06,1.43971e+07,0,0,0,1.83425e+08
102.378,103.622,2.74682,0.01,0,3.5249,3.5249,0,0.660481,6.16896,4.29004e+06,2.93582e+06,1.5122e+07,0,0,0,0,62.3362,61.308,3.01052,1,1,1.61503,1.61503,0,1.24761,1.69344,8.91558e+06,3.92412e+06,1.4399e+07,0,0,0,1.83425e+08
101.662,103.622,2.52068,0.01,0,3.52535,3.52535,0,0.660566,6.16896,4.29004e+06,2.93582e+06,1.51239e+07,0,0,0,0,62.3362,61.308,2.72913,1,1,1.61524,1.61524,0,1.24778,1.69344,8.91558e+06,3.92412e+06,1.44008e+07,0,0,0,1.83425e+08
100.839,103.622,2.34033,0.02,0,3.52581,3.52581,0,0.660651,6.16896,4.29004e+06,2.93582e+06,1.51259e+07,0,0,0,0,62.3362,61.308,2.62634,1,1,1.61545,1.61545,0,1.24794,1.69344,8.91558e+06,3.92412e+06,1.44027e+07,0,0,0,1.83425e+08
99.9123,103.622,2.22058,0.02,0,3.52626,3.52626,0,0.660736,6.16896,4.29004e+06,2.93582e+06,1.51278e+07,0,0,0,0,62.3362,61.308,2.4684,1,1,1.61566,1.61566,0,1.2481,1.69344,8.91558e+06,3.92412e+06,1.44045e+07,0,0,0,1.83425e+08
99.0576,103.622,2.32143,0.02,0,3.49513,3.49513,0,0.660822,6.16896,4.29004e+06,2.93582e+06,1.49943e+07,0,0,0,0,62.3362,61.308,2.98204,1,1,1.66142,1.66142,0,1.24826,1.69344,8.91558e+06,3.92412e+06,1.48125e+07,0,0,0,1.83425e+08
98.059,103.622,2.1634,0.02,0,3.49558,3.49558,0,0.654988,6.16896,4.29004e+06,2.93582e+06,1.49962e+07,0,0,0,0,62.3362,61.308,2.83412,1,1,1.66164,1.66164,0,1.28361,1.69344,8.91558e+06,3.92412e+06,1.48144e+07,0,0,0,1.83425e+08
96.9253,103.622,1.98735,0.02,0,3.49603,3.49603,0,0.655072,6.16896,4.29004e+06,2.93582e+06,1.49981e+07,0,0,0,0,62.3362,61.308,2.71067,1,1,1.66185,1.66185,0,1.28378,1.69344,8.91558e+06,3.92412e+06,1.48164e+07,0,0,0,1.83425e+08
95.733,103.622,1.87207,0.02,0,3.49649,3.49649,0,0.655157,6.16896,4.29004e+06,2.93582e+06,1.50001e+07,0,0,0,0,62.2825,61.308,2.61681,1,1,1.66206,1.66206,0,1.28395,1.69344,8.91558e+06,3.92412e+06,1.48183e+07,0,0,0,1.83425e+08
94.3996,103.622,1.74722,0.03,0,3.57855,3.57855,0,0.655241,6.16896,4.29004e+06,2.93582e+06,1.53521e+07,0,0,0,0,61.9109,61.308,2.27506,1,1,1.69344,1.7029,0.00945719,1.28411,1.69344,8.91558e+06,3.92412e+06,1.5098e+07,0,0,0,1.83425e+08
92.958,103.622,1.5945,0.03,0,3.57901,3.57901,0,0.67062,6.16896,4.29004e+06,2.93582e+06,1.53541e+07,0,0,0,0,61.4047,61.308,1.78728,1,1,1.69344,1.70312,0.00967689,1.30835,1.69344,8.91558e+06,3.92412e+06,1.5098e+07,0,0,0,1.83425e+08
91.4296,103.622,1.48072,0.05,0,3.57947,3.57947,0,0.670706,6.16896,4.29004e+06,2.93582e+06,1.53561e+07,0,0,0,0,60.7934,61.308,1.69722,1,1,1.69344,1.70334,0.0098966,1.30835,1.69344,8.91558e+06,3.92412e+06,1.5098e+07,0,0,0,1.83425e+08
89.8275,103.622,1.36923,0.06,0,3.57993,3.57993,0,0.670793,6.16896,4.29004e+06,2.93582e+06,1.53581e+07,0,0,0,0,60.1343,61.308,1.56889,1,1,1.69344,1.70356,0.0101164,1.30835,1.69344,8.91558e+06,3.92412e+06,1.5098e+07,0,0,0,1.83425e+08
88.0102,103.622,1.26251,0.06,0,3.81951,3.81951,0,0.670879,6.16896,4.29004e+06,2.93582e+06,1.63859e+07,0,0,0,0,59.5997,61.308,1.51552,1,1,1.69344,1.85046,0.157024,1.30835,1.69344,8.91558e+06,3.92412e+06,1.5098e+07,0,0,0,1.83425e+08
86.5205,103.622,1.58504,0.06,0,3.82001,3.82001,0,0.715777,6.16896,4.29004e+06,2.93582e+06,1.6388e+07,0,0,0,0,58.8542,61.308,1.6983,1,1,1.69344,1.8507,0.157263,1.30835,1.69344,8.91558e+06,3.92412e+06,1.5098e+07,0,0,0,1.83425e+08
84.78,103.622,1.30304,0.06,0,3.8205,3.8205,0,0.715869,6.16896,4.29004e+06,2.93582e+06,1.63901e+07,0,0,0,0,58.3898,61.308,1.35191,1,1,1.69344,1.85094,0.157501,1.30835,1.69344,8.91558e+06,3.92412e+06,1.5098e+07,0,0,0,1.83425e+08
83.2741,103.622,1.53155,0.06,0,3.82099,3.82099,0,0.715962,6.16896,4.29004e+06,2.93582e+06,1.63922e+07,0,0,0,0,57.9579,61.308,2.04514,1,1,1.69344,1.85118,0.15774,1.30835,1.69344,8.91558e+06,3.92412e+06,1.5098e+07,0,0,0,1.83425e+08
81.5739,103.622,1.31272,0.05,0,3.82149,3.82149,0,0.716054,6.16896,4.29004e+06,2.93582e+06,1.63943e+07,0,0,0,0,57.578,61.308,1.57008,1,1,1.69344,1.85142,0.157979,1.30835,1.69344,8.91558e+06,3.92412e+06,1.5098e+07,0,0,0,1.83425e+08
80.3524,103.622,1.85198,0.1,0,3.70537,3.70537,0,0.716146,6.16896,4.29004e+06,2.93582e+06,1.58962e+07,0,0,0,0,57.5448,61.308,2.41231,1,1,1.69344,1.76257,0.0691264,1.30835,1.69344,8.91558e+06,3.92412e+06,1.5098e+07,0,0,0,1.83425e+08
79.5491,103.622,2.30063,0.1,0,3.70584,3.70584,0,0.694385,6.16896,4.29004e+06,2.93582e+06,1.58982e+07,0,0,0,0,57.753,61.308,3.03622,1,1,1.69344,1.76279,0.0693538,1.30835,1.69344,8.91558e+06,3.92412e+06,1.5098e+07,0,0,0,1.83425e+08
78.4144,103.622,1.98293,0.08,0,3.70632,3.70632,0,0.694475,6.16896,4.29004e+06,2.93582e+06,1.59003e+07,0,0,0,0,58.4063,61.308,4.83458,1,1,1.69344,1.76302,0.0695811,1.30835,1.69344,8.91558e+06,3.92412e+06,1.5098e+07,0,0,0,1.83425e+08
77.0291,103.622,1.6342,0.07,0,3.7068,3.7068,0,0.694565,6.16896,4.29004e+06,2.93582e+06,1.59023e+07,0,0,0,0,58.3351,61.308,2.53441,1,1,1.69344,1.76325,0.0698084,1.30835,1.69344,8.91558e+06,3.92412e+06,1.5098e+07,0,0,0,1.83425e+08
75.7027,103.622,1.60359,0.07,0,3.61151,3.61151,0,0.694654,6.16896,4.29004e+06,2.93582e+06,1.54935e+07,0,0,0,0,58.2771,61.308,2.51504,1,1,1.68234,1.68234,0,1.30835,1.69344,8.91558e+06,3.92412e+06,1.4999e+07,0,0,0,1.83425e+08
74.3119,103.622,1.50157,0.07,0,3.61197,3.61197,0,0.676797,6.16896,4.29004e+06,2.93582e+06,1.54955e+07,0,0,0,0,58.1833,61.308,2.34654,1,1,1.68256,1.68256,0,1.29977,1.69344,8.91558e+06,3.92412e+06,1.5001e+07,0,0,0,1.83425e+08
74.0949,103.622,2.82027,0.06,0,3.61244,3.61244,0,0.676884,6.16896,4.29004e+06,2.93582e+06,1.54975e+07,0,0,0,0,58.4591,61.308,3.06004,1,1,1.68277,1.68277,0,1.29994,1.69344,8.91558e+06,3.92412e+06,1.50029e+07,0,0,0,1.83425e+08
75.1068,103.622,4.19189,0.06,0,3.61291,3.61291,0,0.676971,6.16896,4.29004e+06,2.93582e+06,1.54995e+07,0,0,0,0,59.7235,61.308,5.69042,1,1,1.68299,1.68299,0,1.30011,1.69344,8.91558e+06,3.92412e+06,1.50048e+07,0,0,0,1.83425e+08
74.8735,103.622,2.78666,0.06,0,3.34124,3.34124,0,0.677059,6.16896,4.29004e+06,2.93582e+06,1.43341e+07,0,0,0,0,60.4646,61.308,4.3217,0,1,1.51413,1.51413,0,1.30028,1.69344,8.91558e+06,3.92412e+06,1.34994e+07,0,0,0,1.83425e+08
76.8205,103.622,5.08419,0.05,0,3.34167,3.34167,0,0.626149,6.16896,4.29004e+06,2.93582e+06,1.43359e+07,0,0,0,0,60.456,61.308,3.21177,0,1,1.51433,1.51433,0,1.16982,1.69344,8.91558e+06,3.92412e+06,1.35011e+07,0,0,0,1.83425e+08
78.1692,103.622,4.75014,0.07,0,3.34211,3.34211,0,0.62623,6.16896,4.29004e+06,2.93582e+06,1.43378e+07,0,0,0,0,62.3362,61.308,10.4503,0,1,1.51452,1.51452,0,1.16997,1.69344,8.91558e+06,3.92412e+06,1.35029e+07,0,0,0,1.83425e+08
79.3321,103.622,4.36989,0.09,0,3.34254,3.34254,0,0.626311,6.16896,4.29004e+06,2.93582e+06,1.43396e+07,0,0,0,0,62.3362,61.308,5.99819,0,1,1.51472,1.51472,0,1.17012,1.69344,8.91558e+06,3.92412e+06,1.35046e+07,0,0,0,1.83425e+08
79.1429,103.622,2.80965,0.08,0,3.34297,3.34297,0,0.626391,6.16896,4.29004e+06,2.93582e+06,1.43415e+07,0,0,0,0,62.3362,61.308,4.24493,0,1,1.51491,1.51491,0,1.17027,1.69344,8.91558e+06,3.92412e+06,1.35064e+07,0,0,0,1.83425e+08
80.9508,103.622,5.09601,0.1,0,3.34297,3.34297,0,0.626472,6.16896,4.29004e+06,2.93582e+06,1.43415e+07,0,0,0,0,62.3362,61.308,5.03887,0,1,1.51491,1.51491,0,1.17042,1.69344,8.91558e+06,3.92412e+06,1.35064e+07,0,0,0,1.83425e+08
84.9251,103.622,7.48625,0.1,0,3.44812,3.44812,0,0.626472,6.16896,4.29004e+06,2.93582e+06,1.47926e+07,0,0,0,0,62.3362,61.308,6.92043,1,1,1.56409,1.56409,0,1.17042,1.69344,8.91558e+06,3.92412e+06,1.39448e+07,0,0,0,2.76816e+08
90.2015,103.622,9.21389,0.03,0,3.44853,3.44853,0,0.646177,6.16896,4.29004e+06,2.93582e+06,1.47943e+07,0,0,0,0,62.3362,61.308,9.43109,1,1,1.56428,1.56428,0,1.20842,1.69344,8.91558e+06,3.92412e+06,1.39464e+07,0,0,0,2.76816e+08
92.3247,103.622,5.64051,0.04,0,3.44894,3.44894,0,0.646255,6.16896,4.29004e+06,2.93582e+06,1.47961e+07,0,0,0,0,62.3362,61.308,5.55353,1,1,1.56446,1.56446,0,1.20856,1.69344,8.91558e+06,3.92412e+06,1.39481e+07,0,0,0,2.76816e+08
96.5808,103.622,7.94965,0.04,0,3.44935,3.44935,0,0.646332,6.16896,4.29004e+06,2.93582e+06,1.47979e+07,0,0,0,0,62.3362,61.308,6.24029,1,1,1.56465,1.56465,0,1.2087,1.69344,8.91558e+06,3.92412e+06,1.39498e+07,0,0,0,2.76816e+08
100.132,103.622,7.59434,0.02,0,3.78625,3.78625,0,0.646409,6.16896,4.29004e+06,2.93582e+06,1.62432e+07,0,0,0,0,62.3362,61.308,7.44248,1,1,1.69344,1.74883,0.0553885,1.20885,1.69344,8.91558e+06,3.92412e+06,1.5098e+07,0,0,0,2.76816e+08
102.425,103.622,6.52087,0.02,0,3.7867,3.7867,0,0.709542,6.16896,4.29004e+06,2.93582e+06,1.62451e+07,0,0,0,0,62.3362,61.308,6.83209,1,1,1.69344,1.74904,0.055597,1.30835,1.69344,8.91558e+06,3.92412e+06,1.5098e+07,0,0,0,2.76816e+08
103.622,103.622,5.37368,0.02,0,3.78715,3.78715,0,0.709627,6.16896,4.29004e+06,2.93582e+06,1.6247e+07,0,0,0,0,62.3362,61.308,5.43762,1,1,1.69344,1.74925,0.0558054,1.30835,1.69344,8.91558e+06,3.92412e+06,1.5098e+07,0,0,0,2.76816e+08
103.622,103.622,5.69011,0.01,0,3.7876,3.7876,0,0.709712,6.16896,4.29004e+06,2.93582e+06,1.6249e+07,0,0,0,0,62.3362,61.308,5.20749,1,1,1.69344,1.74945,0.0560139,1.30835,1.69344,8.91558e+06,3.92412e+06,1.5098e+07,0,0,0,2.76816e+08
103.622,103.622,7.99535,0,0,3.30789,3.30789,0,0.709796,6.16896,4.29004e+06,2.93582e+06,1.4191e+07,0,0,0,0,62.3362,61.308,12.0166,0,1,1.50263,1.50263,0,1.30835,1.69344,8.91558e+06,3.92412e+06,1.33968e+07,0,0,0,2.76816e+08
103.622,103.622,7.19816,0.01,0,3.30829,3.30829,0,0.619899,6.16896,4.29004e+06,2.93582e+06,1.41927e+07,0,0,0,0,62.3362,61.308,7.7913,0,1,1.5028,1.5028,0,1.16093,1.69344,8.91558e+06,3.92412e+06,1.33984e+07,0,0,0,2.76816e+08
103.622,103.622,10.2515,0.01,0,3.30868,3.30868,0,0.619973,6.16896,4.29004e+06,2.93582e+06,1.41944e+07,0,0,0,0,62.3362,61.308,16.1081,0,1,1.50298,1.50298,0,1.16107,1.69344,8.91558e+06,3.92412e+06,1.34e+07,0,0,0,2.76816e+08
103.622,103.622,12.1209,0.01,0,3.30907,3.30907,0,0.620047,6.16896,4.29004e+06,2.93582e+06,1.41961e+07,0,0,0,0,62.3362,61.308,15.4012,0,1,1.50316,1.50316,0,1.16121,1.69344,8.91558e+06,3.92412e+06,1.34016e+07,0,0,0,2.76816e+08
103.622,103.622,5.95857,0.01,0,3.30947,3.30947,0,0.62012,6.16896,4.29004e+06,2.93582e+06,1.41978e+07,0,0,0,0,62.3362,61.308,6.77302,0,1,1.50334,1.50334,0,1.16134,1.69344,8.91558e+06,3.92412e+06,1.34032e+07,0,0,0,2.76816e+08
103.622,103.622,4.87193,0,0,3.4308,3.4308,0,0.620194,6.16896,4.29004e+06,2.93582e+06,1.47183e+07,0,0,0,0,62.3362,61.308,6.27545,1,1,1.56399,1.56399,0,1.16148,1.69344,8.91558e+06,3.92412e+06,1.39439e+07,0,0,0,2.76816e+08
103.622,103.622,5.03937,0,0,3.43121,3.43121,0,0.642932,6.16896,4.29004e+06,2.93582e+06,1.472e+07,0,0,0,0,62.3362,61.308,8.42251,1,1,1.56418,1.56418,0,1.20834,1.69344,8.91558e+06,3.92412e+06,1.39456e+07,0,0,0,2.76816e+08
103.622,103.622,4.32528,0,0,3.43162,3.43162,0,0.643008,6.16896,4.29004e+06,2.93582e+06,1.47218e+07,0,0,0,0,62.3362,61.308,6.71721,1,1,1.56436,1.56436,0,1.20848,1.69344,8.91558e+06,3.92412e+06,1.39472e+07,0,0,0,2.76816e+08
103.622,103.622,4.47311,0,0,3.43202,3.43202,0,0.643085,6.16896,4.29004e+06,2.93582e+06,1.47235e+07,0,0,0,0,62.3362,61.308,6.15635,1,1,1.56455,1.56455,0,1.20863,1.69344,8.91558e+06,3.92412e+06,1.39489e+07,0,0,0,2.76816e+08
103.622,103.622,4.009,0,0,3.38513,3.38513,0,0.643161,6.16896,4.29004e+06,2.93582e+06,1.45223e+07,0,0,0,0,62.3362,61.308,4.84754,1,1,1.54124,1.54124,0,1.20877,1.69344,8.91558e+06,3.92412e+06,1.37411e+07,0,0,0,2.76816e+08
103.508,103.622,3.32634,0,0,3.38553,3.38553,0,0.634373,6.16896,4.29004e+06,2.93582e+06,1.45241e+07,0,0,0,0,62.3362,61.308,4.25998,1,1,1.54142,1.54142,0,1.19076,1.69344,8.91558e+06,3.92412e+06,1.37427e+07,0,0,0,2.76816e+08
103.069,103.622,2.93977,0.01,0,3.38593,3.38593,0,0.634448,6.16896,4.29004e+06,2.93582e+06,1.45258e+07,0,0,0,0,62.3362,61.308,3.77975,1,1,1.54161,1.54161,0,1.1909,1.69344,8.91558e+06,3.92412e+06,1.37443e+07,0,0,0,2.76816e+08
102.4,103.622,2.66098,0.01,0,3.38634,3.38634,0,0.634524,6.16896,4.29004e+06,2.93582e+06,1.45275e+07,0,0,0,0,62.3362,61.308,3.41693,1,1,1.54179,1.54179,0,1.19105,1.69344,8.91558e+06,3.92412e+06,1.3746e+07,0,0,0,2.76816e+08
101.967,103.622,2.99582,0.01,0,3.5474,3.5474,0,0.634599,6.16896,4.29004e+06,2.93582e+06,1.52185e+07,0,0,0,0,62.3362,61.308,3.71213,1,1,1.62534,1.62534,0,1.19119,1.69344,8.91558e+06,3.92412e+06,1.44909e+07,0,0,0,2.76816e+08
101.29,103.622,2.73034,0.01,0,3.54782,3.54782,0,0.664782,6.16896,4.29004e+06,2.93582e+06,1.52203e+07,0,0,0,0,62.3362,61.308,3.03563,1,1,1.62554,1.62554,0,1.25574,1.69344,8.91558e+06,3.92412e+06,1.44926e+07,0,0,0,2.76816e+08
100.361,103.622,2.43756,0.02,0,3.54824,3.54824,0,0.664861,6.16896,4.29004e+06,2.93582e+06,1.52221e+07,0,0,0,0,62.3362,61.308,2.66886,1,1,1.62573,1.62573,0,1.25589,1.69344,8.91558e+06,3.92412e+06,1.44943e+07,0,0,0,2.76816e+08
99.265,103.622,2.22327,0.02,0,3.54866,3.54866,0,0.66494,6.16896,4.29004e+06,2.93582e+06,1.52239e+07,0,0,0,0,62.3362,61.308,2.84601,1,1,1.62592,1.62592,0,1.25604,1.69344,8.91558e+06,3.92412e+06,1.44961e+07,0,0,0,2.76816e+08
98.5558,103.622,2.52919,0.02,0,3.54909,3.54909,0,0.66502,6.16896,4.29004e+06,2.93582e+06,1.52257e+07,0,0,0,0,62.3362,61.308,3.36964,1,1,1.62612,1.62612,0,1.25619,1.69344,8.91558e+06,3.92412e+06,1.44978e+07,0,0,0,2.76816e+08
97.8309,103.622,2.47316,0.02,0,3.51772,3.51772,0,0.665099,6.16896,4.29004e+06,2.93582e+06,1.50912e+07,0,0,0,0,62.2485,61.308,3.57979,1,1,1.67216,1.67216,0,1.25634,1.69344,8.91558e+06,3.92412e+06,1.49083e+07,0,0,0,2.76816e+08
96.9253,103.622,2.25806,0.02,0,3.51814,3.51814,0,0.65922,6.16896,4.29004e+06,2.93582e+06,1.5093e+07,0,0,0,0,62.108,61.308,3.26962,1,1,1.67236,1.67236,0,1.29191,1.69344,8.91558e+06,3.92412e+06,1.491e+07,0,0,0,2.76816e+08
95.958,103.622,2.13888,0.02,0,3.51856,3.51856,0,0.659299,6.16896,4.29004e+06,2.93582e+06,1.50948e+07,0,0,0,0,61.8557,61.308,3.25839,1,1,1.67256,1.67256,0,1.29206,1.69344,8.91558e+06,3.92412e+06,1.49118e+07,0,0,0,2.76816e+08
94.8657,103.622,1.98411,0.03,0,3.51898,3.51898,0,0.659377,6.16896,4.29004e+06,2.93582e+06,1.50966e+07,0,0,0,0,61.5627,61.308,3.06359,1,1,1.67275,1.67275,0,1.29222,1.69344,8.91558e+06,3.92412e+06,1.49136e+07,0,0,0,2.76816e+08
94.0974,103.622,2.35028,0.03,0,3.60153,3.60153,0,0.659456,6.16896,4.29004e+06,2.93582e+06,1.54507e+07,0,0,0,0,61.3645,61.308,3.17295,1,1,1.69344,1.71383,0.0203936,1.29237,1.69344,8.91558e+06,3.92412e+06,1.5098e+07,0,0,0,2.76816e+08
93.2304,103.622,2.23389,0.03,0,3.60196,3.60196,0,0.674927,6.16896,4.29004e+06,2.93582e+06,1.54526e+07,0,0,0,0,61.0862,61.308,3.32744,1,1,1.69344,1.71404,0.0205975,1.30835,1.69344,8.91558e+06,3.92412e+06,1.5098e+07,0,0,0,2.76816e+08
92.2465,103.622,2.08113,0.06,0,3.60239,3.60239,0,0.675007,6.16896,4.29004e+06,2.93582e+06,1.54544e+07,0,0,0,0,60.7575,61.308,3.04879,1,1,1.69344,1.71424,0.0208016,1.30835,1.69344,8.91558e+06,3.92412e+06,1.5098e+07,0,0,0,2.76816e+08
91.2511,103.622,2.06673,0.06,0,3.60282,3.60282,0,0.675087,6.16896,4.29004e+06,2.93582e+06,1.54562e+07,0,0,0,0,60.4811,61.308,3.26347,1,1,1.69344,1.71445,0.0210058,1.30835,1.69344,8.91558e+06,3.92412e+06,1.5098e+07,0,0,0,2.76816e+08
89.7035,103.622,1.58915,0.06,0,3.84389,3.84389,0,0.675168,6.16896,4.29004e+06,2.93582e+06,1.64905e+07,0,0,0,0,60.0254,61.308,2.53242,1,1,1.69344,1.86227,0.168834,1.30835,1.69344,8.91558e+06,3.92412e+06,1.5098e+07,0,0,0,2.76816e+08
88.2401,103.622,1.66098,0.06,0,3.84435,3.84435,0,0.720345,6.16896,4.29004e+06,2.93582e+06,1.64924e+07,0,0,0,0,59.6542,61.308,2.9479,1,1,1.69344,1.8625,0.169056,1.30835,1.69344,8.91558e+06,3.92412e+06,1.5098e+07,0,0,0,2.76816e+08
86.4953,103.622,1.33161,0.06,0,3.84481,3.84481,0,0.720431,6.16896,4.29004e+06,2.93582e+06,1.64944e+07,0,0,0,0,59.1214,61.308,2.12006,1,1,1.69344,1.86272,0.169277,1.30835,1.69344,8.91558e+06,3.92412e+06,1.5098e+07,0,0,0,2.76816e+08
85.0514,103.622,1.64868,0.06,0,3.84526,3.84526,0,0.720517,6.16896,4.29004e+06,2.93582e+06,1.64963e+07,0,0,0,0,58.8811,61.308,3.72866,1,1,1.69344,1.86294,0.169499,1.30835,1.69344,8.91558e+06,3.92412e+06,1.5098e+07,0,0,0,2.76816e+08
83.1253,103.622,1.13537,0.06,0,3.84572,3.84572,0,0.720602,6.16896,4.29004e+06,2.93582e+06,1.64983e+07,0,0,0,0,58.4706,61.308,2.31274,1,1,1.69344,1.86316,0.169721,1.30835,1.69344,8.91558e+06,3.92412e+06,1.5098e+07,0,0,0,2.76816e+08
81.1843,103.622,1.0368,0.05,0,3.72883,3.72883,0,0.720688,6.16896,4.29004e+06,2.93582e+06,1.59968e+07,0,0,0,0,58.1476,61.308,2.17236,1,1,1.69344,1.77373,0.0802872,1.30835,1.69344,8.91558e+06,3.92412e+06,1.5098e+07,0,0,0,2.76816e+08
79.5935,103.622,1.36319,0.08,0,3.72927,3.72927,0,0.698782,6.16896,4.29004e+06,2.93582e+06,1.59987e+07,0,0,0,0,57.8991,61.308,2.42852,1,1,1.69344,1.77394,0.0804983,1.30835,1.69344,8.91558e+06,3.92412e+06,1.5098e+07,0,0,0,2.76816e+08
78.47,103.622,1.95511,0.07,0,3.72972,3.72972,0,0.698866,6.16896,4.29004e+06,2.93582e+06,1.60006e+07,0,0,0,0,58.0727,61.308,3.98577,1,1,1.69344,1.77415,0.0807094,1.30835,1.69344,8.91558e+06,3.92412e+06,1.5098e+07,0,0,0,2.76816e+08
77.1186,103.622,1.68499,0.08,0,3.73016,3.73016,0,0.698949,6.16896,4.29004e+06,2.93582e+06,1.60025e+07,0,0,0,0,58.0145,61.308,3.05607,1,1,1.69344,1.77436,0.0809205,1.30835,1.69344,8.91558e+06,3.92412e+06,1.5098e+07,0,0,0,2.76816e+08
76.4201,103.622,2.54804,0.07,0,3.63423,3.63423,0,0.699032,6.16896,4.29004e+06,2.93582e+06,1.5591e+07,0,0,0,0,58.2375,61.308,3.6418,1,1,1.69292,1.69292,0,1.30835,1.69344,8.91558e+06,3.92412e+06,1.50934e+07,0,0,0,2.76816e+08
75.9232,103.622,2.76657,0.06,0,3.63467,3.63467,0,0.681055,6.16896,4.29004e+06,2.93582e+06,1.55929e+07,0,0,0,0,59.3296,61.308,5.31536,1,1,1.69313,1.69313,0,1.30795,1.69344,8.91558e+06,3.92412e+06,1.50952e+07,0,0,0,2.76816e+08
75.1439,103.622,2.5135,0.06,0,3.6351,3.6351,0,0.681136,6.16896,4.29004e+06,2.93582e+06,1.55947e+07,0,0,0,0,60.3786,61.308,5.00793,1,1,1.69333,1.69333,0,1.30811,1.69344,8.91558e+06,3.92412e+06,1.5097e+07,0,0,0,2.76816e+08
76.1049,103.622,4.52456,0.05,0,3.63553,3.63553,0,0.681217,6.16896,4.29004e+06,2.93582e+06,1.55966e+07,0,0,0,0,61.5765,61.308,6.51813,1,1,1.69344,1.69353,8.82946e-05,1.30826,1.69344,8.91558e+06,3.92412e+06,1.5098e+07,0,0,0,2.76816e+08
75.6593,103.622,2.66332,0.05,0,3.36213,3.36213,0,0.681298,6.16896,4.29004e+06,2.93582e+06,1.44237e+07,0,0,0,0,61.9189,61.308,3.77932,0,1,1.5236,1.5236,0,1.30835,1.69344,8.91558e+06,3.92412e+06,1.35838e+07,0,0,0,2.76816e+08
75.6102,103.622,3.24788,0.06,0,3.36253,3.36253,0,0.630064,6.16896,4.29004e+06,2.93582e+06,1.44254e+07,0,0,0,0,62.3362,61.308,5.22329,0,1,1.52378,1.52378,0,1.17713,1.69344,8.91558e+06,3.92412e+06,1.35854e+07,0,0,0,2.76816e+08
75.2306,103.622,2.82679,0.08,0,3.36293,3.36293,0,0.630139,6.16896,4.29004e+06,2.93582e+06,1.44271e+07,0,0,0,0,62.3362,61.308,3.8317,0,1,1.52396,1.52396,0,1.17727,1.69344,8.91558e+06,3.92412e+06,1.3587e+07,0,0,0,2.76816e+08
74.9275,103.622,2.95977,0.07,0,3.36333,3.36333,0,0.630214,6.16896,4.29004e+06,2.93582e+06,1.44288e+07,0,0,0,0,62.3362,61.308,4.07108,1,1,1.52414,1.52414,0,1.17741,1.69344,8.91558e+06,3.92412e+06,1.35886e+07,0,0,0,2.76816e+08
77.2399,103.622,5.88711,0.1,0,3.36373,3.36373,0,0.630289,6.16896,4.29004e+06,2.93582e+06,1.44306e+07,0,0,0,0,62.3362,61.308,8.39492,1,1,1.52433,1.52433,0,1.17755,1.69344,8.91558e+06,3.92412e+06,1.35903e+07,0,0,0,2.76816e+08
81.0995,103.622,7.64071,0.09,0,3.4695,3.4695,0,0.630364,6.16896,4.29004e+06,2.93582e+06,1.48843e+07,0,0,0,0,62.3362,61.308,7.12278,1,1,1.57379,1.57379,0,1.17769,1.69344,8.91558e+06,3.92412e+06,1.40313e+07,0,0,0,2.76816e+08
84.4175,103.622,7.02162,0.09,0,3.46988,3.46988,0,0.650185,6.16896,4.29004e+06,2.93582e+06,1.4886e+07,0,0,0,0,62.3362,61.308,6.18198,1,1,1.57396,1.57396,0,1.21591,1.69344,8.91558e+06,3.92412e+06,1.40328e+07,0,0,0,2.76816e+08
86.5258,103.622,5.63194,0.04,0,3.47026,3.47026,0,0.650256,6.16896,4.29004e+06,2.93582e+06,1.48876e+07,0,0,0,0,62.3362,61.308,5.18865,1,1,1.57414,1.57414,0,1.21604,1.69344,8.91558e+06,3.92412e+06,1.40343e+07,0,0,0,2.76816e+08
88.2083,103.622,5.23211,0.04,0,3.47064,3.47064,0,0.650327,6.16896,4.29004e+06,2.93582e+06,1.48892e+07,0,0,0,0,62.3362,61.308,5.24744,1,1,1.57431,1.57431,0,1.21618,1.69344,8.91558e+06,3.92412e+06,1.40359e+07,0,0,0,2.76816e+08
94.0807,103.622,10.1956,0.04,0,3.80958,3.80958,0,0.650399,6.16896,4.29004e+06,2.93582e+06,1.63433e+07,0,0,0,0,62.3362,61.308,12.2828,1,1,1.69344,1.75961,0.066166,1.21631,1.69344,8.91558e+06,3.92412e+06,1.5098e+07,0,0,0,2.76816e+08
99.6162,103.622,10.3691,0.02,0,3.81,3.81,0,0.713915,6.16896,4.29004e+06,2.93582e+06,1.6345e+07,0,0,0,0,62.3362,61.308,11.8751,1,1,1.69344,1.7598,0.0663584,1.30835,1.69344,8.91558e+06,3.92412e+06,1.5098e+07,0,0,0,2.76816e+08
102.124,103.622,6.77752,0.02,0,3.81041,3.81041,0,0.713993,6.16896,4.29004e+06,2.93582e+06,1.63468e+07,0,0,0,0,62.3362,61.308,5.91983,1,1,1.69344,1.75999,0.0665509,1.30835,1.69344,8.91558e+06,3.92412e+06,1.5098e+07,0,0,0,2.76816e+08
103.622,103.622,5.73021,0.02,0,3.81083,3.81083,0,0.714071,6.16896,4.29004e+06,2.93582e+06,1.63486e+07,0,0,0,0,62.3362,61.308,4.27337,1,1,1.69344,1.76018,0.0667435,1.30835,1.69344,8.91558e+06,3.92412e+06,1.5098e+07,0,0,0,2.76816e+08
103.622,103.622,6.48489,0,0,3.32815,3.32815,0,0.714149,6.16896,4.29004e+06,2.93582e+06,1.42779e+07,0,0,0,0,62.3362,61.308,8.6461,0,1,1.51183,1.51183,0,1.30835,1.69344,8.91558e+06,3.92412e+06,1.34788e+07,0,0,0,2.76816e+08
103.622,103.622,6.69355,0.01,0,3.32851,3.32851,0,0.623695,6.16896,4.29004e+06,2.93582e+06,1.42795e+07,0,0,0,0,62.3362,61.308,7.06242,0,1,1.51199,1.51199,0,1.16804,1.69344,8.91558e+06,3.92412e+06,1.34803e+07,0,0,0,2.76816e+08
103.622,103.622,5.38981,0.01,0,3.32887,3.32887,0,0.623763,6.16896,4.29004e+06,2.93582e+06,1.4281e+07,0,0,0,0,62.3362,61.308,4.99008,0,1,1.51216,1.51216,0,1.16817,1.69344,8.91558e+06,3.92412e+06,1.34818e+07,0,0,0,2.76816e+08
103.622,103.622,3.77961,0.01,0,3.32924,3.32924,0,0.623831,6.16896,4.29004e+06,2.93582e+06,1.42826e+07,0,0,0,0,62.3362,61.308,3.93712,0,1,1.51232,1.51232,0,1.16829,1.69344,8.91558e+06,3.92412e+06,1.34832e+07,0,0,0,2.76816e+08
103.622,103.622,6.12744,0,0,3.3296,3.3296,0,0.623899,6.16896,4.29004e+06,2.93582e+06,1.42841e+07,0,0,0,0,62.3362,61.308,5.20697,0,1,1.51249,1.51249,0,1.16842,1.69344,8.91558e+06,3.92412e+06,1.34847e+07,0,0,0,2.76816e+08
103.622,103.622,7.3917,0,0,3.45164,3.45164,0,0.623967,6.16896,4.29004e+06,2.93582e+06,1.48077e+07,0,0,0,0,62.3362,61.308,6.68126,1,1,1.57349,1.57349,0,1.16855,1.69344,8.91558e+06,3.92412e+06,1.40286e+07,0,0,0,2.76816e+08
103.622,103.622,5.53731,0,0,3.45201,3.45201,0,0.646837,6.16896,4.29004e+06,2.93582e+06,1.48093e+07,0,0,0,0,62.3362,61.308,4.59372,1,1,1.57366,1.57366,0,1.21568,1.69344,8.91558e+06,3.92412e+06,1.40301e+07,0,0,0,2.76816e+08
103.622,103.622,5.30256,0,0,3.45239,3.45239,0,0.646907,6.16896,4.29004e+06,2.93582e+06,1.48109e+07,0,0,0,0,62.3362,61.308,4.73201,1,1,1.57384,1.57384,0,1.21581,1.69344,8.91558e+06,3.92412e+06,1.40317e+07,0,0,0,2.76816e+08
103.622,103.622,5.15323,0,0,3.45277,3.45277,0,0.646978,6.16896,4.29004e+06,2.93582e+06,1.48125e+07,0,0,0,0,62.3362,61.308,4.43595,1,1,1.57401,1.57401,0,1.21595,1.69344,8.91558e+06,3.92412e+06,1.40332e+07,0,0,0,2.76816e+08
103.622,103.622,5.15343,0,0,3.40555,3.40555,0,0.647049,6.16896,4.29004e+06,2.93582e+06,1.461e+07,0,0,0,0,62.3362,61.308,4.66671,1,1,1.55054,1.55054,0,1.21608,1.69344,8.91558e+06,3.92412e+06,1.3824e+07,0,0,0,2.76816e+08
103.622,103.622,4.46625,0,0,3.40593,3.40593,0,0.638201,6.16896,4.29004e+06,2.93582e+06,1.46116e+07,0,0,0,0,62.3362,61.308,4.2745,1,1,1.55071,1.55071,0,1.19795,1.69344,8.91558e+06,3.92412e+06,1.38255e+07,0,0,0,2.76816e+08
103.622,103.622,3.96819,0,0,3.4063,3.4063,0,0.63827,6.16896,4.29004e+06,2.93582e+06,1.46132e+07,0,0,0,0,62.3362,61.308,3.74681,1,1,1.55088,1.55088,0,1.19808,1.69344,8.91558e+06,3.92412e+06,1.3827e+07,0,0,0,2.76816e+08
103.622,103.622,3.65247,0,0,3.40667,3.40667,0,0.63834,6.16896,4.29004e+06,2.93582e+06,1.46148e+07,0,0,0,0,62.3362,61.308,3.49345,1,1,1.55105,1.55105,0,1.19821,1.69344,8.91558e+06,3.92412e+06,1.38285e+07,0,0,0,2.76816e+08
103.622,103.622,3.81989,0,0,3.56866,3.56866,0,0.63841,6.16896,4.29004e+06,2.93582e+06,1.53097e+07,0,0,0,0,62.3362,61.308,3.83286,1,1,1.63509,1.63509,0,1.19834,1.69344,8.91558e+06,3.92412e+06,1.45777e+07,0,0,0,2.76816e+08
103.622,103.622,3.54981,0,0,3.56905,3.56905,0,0.668767,6.16896,4.29004e+06,2.93582e+06,1.53114e+07,0,0,0,0,62.3362,61.308,3.55402,1,1,1.63526,1.63526,0,1.26327,1.69344,8.91558e+06,3.92412e+06,1.45793e+07,0,0,0,2.76816e+08
103.461,103.622,3.25068,0.01,0,3.56944,3.56944,0,0.668841,6.16896,4.29004e+06,2.93582e+06,1.53131e+07,0,0,0,0,62.3362,61.308,3.54474,1,1,1.63544,1.63544,0,1.26341,1.69344,8.91558e+06,3.92412e+06,1.45809e+07,0,0,0,2.76816e+08
103.246,103.622,3.20798,0.02,0,3.56983,3.56983,0,0.668914,6.16896,4.29004e+06,2.93582e+06,1.53147e+07,0,0,0,0,62.3362,61.308,3.57979,1,1,1.63562,1.63562,0,1.26354,1.69344,8.91558e+06,3.92412e+06,1.45825e+07,0,0,0,2.76816e+08
102.706,103.622,2.78015,0.02,0,3.57022,3.57022,0,0.668987,6.16896,4.29004e+06,2.93582e+06,1.53164e+07,0,0,0,0,62.3362,61.308,2.88121,1,1,1.6358,1.6358,0,1.26368,1.69344,8.91558e+06,3.92412e+06,1.45841e+07,0,0,0,2.76816e+08
101.9,103.622,2.44324,0.02,0,3.53863,3.53863,0,0.66906,6.16896,4.29004e+06,2.93582e+06,1.51809e+07,0,0,0,0,62.3133,61.308,2.53716,1,1,1.6821,1.6821,0,1.26382,1.69344,8.91558e+06,3.92412e+06,1.49969e+07,0,0,0,2.76816e+08
100.901,103.622,2.22943,0.02,0,3.53902,3.53902,0,0.66314,6.16896,4.29004e+06,2.93582e+06,1.51826e+07,0,0,0,0,62.2521,61.308,2.41561,1,1,1.68228,1.68228,0,1.29959,1.69344,8.91558e+06,3.92412e+06,1.49985e+07,0,0,0,2.76816e+08
99.743,103.622,2.03529,0.02,0,3.53941,3.53941,0,0.663212,6.16896,4.29004e+06,2.93582e+06,1.51842e+07,0,0,0,0,62.1353,61.308,2.2187,1,1,1.68247,1.68247,0,1.29973,1.69344,8.91558e+06,3.92412e+06,1.50002e+07,0,0,0,2.76816e+08
98.5885,103.622,1.97715,0.03,0,3.53979,3.53979,0,0.663285,6.16896,4.29004e+06,2.93582e+06,1.51859e+07,0,0,0,0,61.5045,61.308,2.10996,1,1,1.68265,1.68265,0,1.29987,1.69344,8.91558e+06,3.92412e+06,1.50018e+07,0,0,0,2.76816e+08
97.4171,103.622,1.97754,0.03,0,3.6228,3.6228,0,0.663357,6.16896,4.29004e+06,2.93582e+06,1.5542e+07,0,0,0,0,60.6124,61.308,1.44918,1,1,1.69344,1.72396,0.030516,1.30002,1.69344,8.91558e+06,3.92412e+06,1.5098e+07,0,0,0,2.76816e+08
96.1095,103.622,1.81517,0.03,0,3.6232,3.6232,0,0.678913,6.16896,4.29004e+06,2.93582e+06,1.55437e+07,0,0,0,0,59.7293,61.308,1.35916,1,1,1.69344,1.72414,0.0307045,1.30835,1.69344,8.91558e+06,3.92412e+06,1.5098e+07,0,0,0,2.76816e+08
94.6059,103.622,1.58218,0.03,0,3.62359,3.62359,0,0.678987,6.16896,4.29004e+06,2.93582e+06,1.55454e+07,0,0,0,0,58.8171,61.308,1.34881,1,1,1.69344,1.72433,0.0308928,1.30835,1.69344,8.91558e+06,3.92412e+06,1.5098e+07,0,0,0,2.76816e+08
92.9274,103.622,1.38675,0.03,0,3.62399,3.62399,0,0.679061,6.16896,4.29004e+06,2.93582e+06,1.55471e+07,0,0,0,0,57.8031,61.308,1.2972,1,1,1.69344,1.72452,0.0310813,1.30835,1.69344,8.91558e+06,3.92412e+06,1.5098e+07,0,0,0,2.76816e+08
91.0831,103.622,1.31905,0.06,0,3.86644,3.86644,0,0.679136,6.16896,4.29004e+06,2.93582e+06,1.65872e+07,0,0,0,0,56.6488,61.308,1.14003,1,1,1.69344,1.8732,0.17976,1.30835,1.69344,8.91558e+06,3.92412e+06,1.5098e+07,0,0,0,2.76816e+08
89.1708,103.622,1.20409,0.06,0,3.86687,3.86687,0,0.724571,6.16896,4.29004e+06,2.93582e+06,1.6589e+07,0,0,0,0,55.4658,61.308,1.0264,1,1,1.69344,1.8734,0.179965,1.30835,1.69344,8.91558e+06,3.92412e+06,1.5098e+07,0,0,0,2.76816e+08
87.3776,103.622,1.2961,0.06,0,3.86729,3.86729,0,0.724651,6.16896,4.29004e+06,2.93582e+06,1.65908e+07,0,0,0,0,54.4229,61.308,1.03562,1,1,1.69344,1.87361,0.180169,1.30835,1.69344,8.91558e+06,3.92412e+06,1.5098e+07,0,0,0,2.76816e+08
86.2165,103.622,1.9617,0.06,0,3.86771,3.86771,0,0.72473,6.16896,4.29004e+06,2.93582e+06,1.65926e+07,0,0,0,0,53.5031,61.308,1.24292,1,1,1.69344,1.87381,0.180374,1.30835,1.69344,8.91558e+06,3.92412e+06,1.5098e+07,0,0,0,2.76816e+08
85.2769,103.622,2.15017,0.06,0,3.86813,3.86813,0,0.724809,6.16896,4.29004e+06,2.93582e+06,1.65945e+07,0,0,0,0,53.0322,61.308,1.33222,1,1,1.69344,1.87402,0.180579,1.30835,1.69344,8.91558e+06,3.92412e+06,1.5098e+07,0,0,0,2.76816e+08
83.2732,103.622,0.936466,0.05,0,3.75052,3.75052,0,0.724888,6.16896,4.29004e+06,2.93582e+06,1.60899e+07,0,0,0,0,52.1085,61.308,1.98676,1,1,1.69344,1.78405,0.0906063,1.30835,1.69344,8.91558e+06,3.92412e+06,1.5098e+07,0,0,0,2.76816e+08
81.164,103.622,0.777964,0.04,0,3.75093,3.75093,0,0.702848,6.16896,4.29004e+06,2.93582e+06,1.60917e+07,0,0,0,0,51.058,61.308,1.03839,1,1,1.69344,1.78424,0.0908012,1.30835,1.69344,8.91558e+06,3.92412e+06,1.5098e+07,0,0,0,2.76816e+08
79.3448,103.622,1.09038,0.07,0,3.75134,3.75134,0,0.702925,6.16896,4.29004e+06,2.93582e+06,1.60934e+07,0,0,0,0,50.4839,61.308,1.19727,1,1,1.69344,1.78444,0.0909961,1.30835,1.69344,8.91558e+06,3.92412e+06,1.5098e+07,0,0,0,2.76816e+08
78.9184,103.622,2.70657,0.07,0,3.75175,3.75175,0,0.703001,6.16896,4.29004e+06,2.93582e+06,1.60952e+07,0,0,0,0,50.3088,61.308,2.05653,1,1,1.69344,1.78463,0.091191,1.30835,1.69344,8.91558e+06,3.92412e+06,1.5098e+07,0,0,0,2.76816e+08
77.6965,103.622,1.74708,0.06,0,3.65523,3.65523,0,0.703078,6.16896,4.29004e+06,2.93582e+06,1.56811e+07,0,0,0,0,49.6479,61.308,1.81008,1,1,1.69344,1.70271,0.00926634,1.30835,1.69344,8.91558e+06,3.92412e+06,1.5098e+07,0,0,0,2.76816e+08
76.2107,103.622,1.45217,0.05,0,3.65563,3.65563,0,0.684991,6.16896,4.29004e+06,2.93582e+06,1.56828e+07,0,0,0,0,49.1501,61.308,1.30703,1,1,1.69344,1.70289,0.0094523,1.30835,1.69344,8.91558e+06,3.92412e+06,1.5098e+07,0,0,0,2.76816e+08
75.4055,103.622,2.23637,0.05,0,3.65603,3.65603,0,0.685066,6.16896,4.29004e+06,2.93582e+06,1.56845e+07,0,0,0,0,49.2039,61.308,3.59632,1,1,1.69344,1.70308,0.00963827,1.30835,1.69344,8.91558e+06,3.92412e+06,1.5098e+07,0,0,0,2.76816e+08
77.3636,103.622,5.27664,0.04,0,3.65643,3.65643,0,0.68514,6.16896,4.29004e+06,2.93582e+06,1.56862e+07,0,0,0,0,50.42,61.308,6.2837,1,1,1.69344,1.70326,0.00982436,1.30835,1.69344,8.91558e+06,3.92412e+06,1.5098e+07,0,0,0,2.76816e+08
77.8233,103.622,3.62699,0.04,0,3.38143,3.38143,0,0.685215,6.16896,4.29004e+06,2.93582e+06,1.45065e+07,0,0,0,0,51.2701,61.308,3.32319,1,1,1.53234,1.53234,0,1.30835,1.69344,8.91558e+06,3.92412e+06,1.36617e+07,0,0,0,2.76816e+08
78.6495,103.622,4.08167,0.05,0,3.3818,3.3818,0,0.63368,6.16896,4.29004e+06,2.93582e+06,1.45081e+07,0,0,0,0,52.441,61.308,4.30468,1,1,1.53251,1.53251,0,1.18389,1.69344,8.91558e+06,3.92412e+06,1.36632e+07,0,0,0,2.76816e+08
81.8331,103.622,6.47803,0.06,0,3.38217,3.38217,0,0.633749,6.16896,4.29004e+06,2.93582e+06,1.45096e+07,0,0,0,0,54.1776,61.308,5.84585,1,1,1.53268,1.53268,0,1.18402,1.69344,8.91558e+06,3.92412e+06,1.36647e+07,0,0,0,2.76816e+08
85.6283,103.622,7.20897,0.06,0,3.38254,3.38254,0,0.633818,6.16896,4.29004e+06,2.93582e+06,1.45112e+07,0,0,0,0,55.7817,61.308,5.56977,1,1,1.53285,1.53285,0,1.18415,1.69344,8.91558e+06,3.92412e+06,1.36662e+07,0,0,0,2.76816e+08
88.9547,103.622,6.81707,0.03,0,3.38291,3.38291,0,0.633887,6.16896,4.29004e+06,2.93582e+06,1.45128e+07,0,0,0,0,57.7304,61.308,5.43831,1,1,1.53301,1.53301,0,1.18428,1.69344,8.91558e+06,3.92412e+06,1.36677e+07,0,0,0,2.76816e+08
89.7044,103.622,4.1559,0.03,0,3.48925,3.48925,0,0.633957,6.16896,4.29004e+06,2.93582e+06,1.4969e+07,0,0,0,0,58.5614,61.308,3.76461,1,1,1.58275,1.58275,0,1.18441,1.69344,8.91558e+06,3.92412e+06,1.41111e+07,0,0,0,2.76816e+08
90.0183,103.622,3.80937,0.03,0,3.48959,3.48959,0,0.653885,6.16896,4.29004e+06,2.93582e+06,1.49705e+07,0,0,0,0,59.1457,61.308,3.15433,1,1,1.5829,1.5829,0,1.22283,1.69344,8.91558e+06,3.92412e+06,1.41125e+07,0,0,0,2.76816e+08
89.9386,103.622,3.20724,0.04,0,3.48994,3.48994,0,0.65395,6.16896,4.29004e+06,2.93582e+06,1.4972e+07,0,0,0,0,59.4686,61.308,2.74916,1,1,1.58306,1.58306,0,1.22295,1.69344,8.91558e+06,3.92412e+06,1.41139e+07,0,0,0,2.76816e+08
89.5085,103.622,2.80833,0.04,0,3.49029,3.49029,0,0.654015,6.16896,4.29004e+06,2.93582e+06,1.49735e+07,0,0,0,0,59.7774,61.308,2.45022,1,1,1.58322,1.58322,0,1.22307,1.69344,8.91558e+06,3.92412e+06,1.41153e+07,0,0,0,2.76816e+08
88.1242,103.622,2.10112,0.04,0,3.83111,3.83111,0,0.654081,6.16896,4.29004e+06,2.93582e+06,1.64356e+07,0,0,0,0,60.0719,61.308,2.76371,1,1,1.69344,1.76955,0.0761103,1.2232,1.69344,8.91558e+06,3.92412e+06,1.5098e+07,0,0,0,2.76816e+08
87.1169,103.622,2.51967,0.04,0,3.83149,3.83149,0,0.71795,6.16896,4.29004e+06,2.93582e+06,1.64373e+07,0,0,0,0,60.2759,61.308,2.95201,1,1,1.69344,1.76973,0.0762869,1.30835,1.69344,8.91558e+06,3.92412e+06,1.5098e+07,0,0,0,2.76816e+08
85.7284,103.622,2.04653,0.04,0,3.83187,3.83187,0,0.718021,6.16896,4.29004e+06,2.93582e+06,1.64389e+07,0,0,0,0,60.552,61.308,2.65594,1,1,1.69344,1.7699,0.0764635,1.30835,1.69344,8.91558e+06,3.92412e+06,1.5098e+07,0,0,0,2.76816e+08
85.6142,103.622,3.64659,0.04,0,3.83226,3.83226,0,0.718093,6.16896,4.29004e+06,2.93582e+06,1.64405e+07,0,0,0,0,61.3994,61.308,3.82539,1,1,1.69344,1.77008,0.0766401,1.30835,1.69344,8.91558e+06,3.92412e+06,1.5098e+07,0,0,0,2.76816e+08
86.9052,103.622,4.7767,0.04,0,3.34683,3.34683,0,0.718165,6.16896,4.29004e+06,2.93582e+06,1.4358e+07,0,0,0,0,62.3362,61.308,5.06428,0,1,1.52031,1.52031,0,1.30835,1.69344,8.91558e+06,3.92412e+06,1.35545e+07,0,0,0,2.76816e+08
87.9948,103.622,4.53666,0.04,0,3.34716,3.34716,0,0.627195,6.16896,4.29004e+06,2.93582e+06,1.43595e+07,0,0,0,0,62.3362,61.308,4.4502,0,1,1.52046,1.52046,0,1.17459,1.69344,8.91558e+06,3.92412e+06,1.35558e+07,0,0,0,2.76816e+08
89.6787,103.622,5.20356,0.04,0,3.34749,3.34749,0,0.627258,6.16896,4.29004e+06,2.93582e+06,1.43609e+07,0,0,0,0,62.3362,61.308,4.32721,0,1,1.52062,1.52062,0,1.17471,1.69344,8.91558e+06,3.92412e+06,1.35572e+07,0,0,0,2.76816e+08
90.729,103.622,4.49696,0.04,0,3.34783,3.34783,0,0.62732,6.16896,4.29004e+06,2.93582e+06,1.43623e+07,0,0,0,0,62.3362,61.308,3.83866,0,1,1.52077,1.52077,0,1.17483,1.69344,8.91558e+06,3.92412e+06,1.35585e+07,0,0,0,2.76816e+08
91.8597,103.622,4.63135,0.04,0,3.34816,3.34816,0,0.627383,6.16896,4.29004e+06,2.93582e+06,1.43638e+07,0,0,0,0,62.3362,61.308,4.9071,0,1,1.52092,1.52092,0,1.17494,1.69344,8.91558e+06,3.92412e+06,1.35599e+07,0,0,0,2.76816e+08
91.5537,103.622,3.07993,0.04,0,3.47084,3.47084,0,0.627446,6.16896,4.29004e+06,2.93582e+06,1.48901e+07,0,0,0,0,62.3362,61.308,3.88662,1,1,1.58225,1.58225,0,1.17506,1.69344,8.91558e+06,3.92412e+06,1.41067e+07,0,0,0,2.76816e+08
90.8204,103.622,2.60978,0.03,0,3.47119,3.47119,0,0.650436,6.16896,4.29004e+06,2.93582e+06,1.48916e+07,0,0,0,0,62.3362,61.308,3.38224,1,1,1.5824,1.5824,0,1.22244,1.69344,8.91558e+06,3.92412e+06,1.41081e+07,0,0,0,2.76816e+08
90.2788,103.622,2.73338,0.03,0,3.47154,3.47154,0,0.650501,6.16896,4.29004e+06,2.93582e+06,1.4893e+07,0,0,0,0,62.2821,61.308,3.27241,1,1,1.58256,1.58256,0,1.22257,1.69344,8.91558e+06,3.92412e+06,1.41095e+07,0,0,0,2.76816e+08
89.2883,103.622,2.20388,0.02,0,3.47188,3.47188,0,0.650566,6.16896,4.29004e+06,2.93582e+06,1.48945e+07,0,0,0,0,61.765,61.308,2.71147,1,1,1.58272,1.58272,0,1.22269,1.69344,8.91558e+06,3.92412e+06,1.41109e+07,0,0,0,2.76816e+08
88.1086,103.622,1.9081,0.02,0,3.42437,3.42437,0,0.650631,6.16896,4.29004e+06,2.93582e+06,1.46907e+07,0,0,0,0,61.4031,61.308,1.98126,1,1,1.55911,1.55911,0,1.22281,1.69344,8.91558e+06,3.92412e+06,1.39004e+07,0,0,0,2.76816e+08
86.8467,103.622,1.73044,0.02,0,3.42471,3.42471,0,0.641727,6.16896,4.29004e+06,2.93582e+06,1.46922e+07,0,0,0,0,61.0249,61.308,1.73178,1,1,1.55926,1.55926,0,1.20457,1.69344,8.91558e+06,3.92412e+06,1.39018e+07,0,0,0,2.76816e+08
85.5854,103.622,1.69427,0.02,0,3.42506,3.42506,0,0.641791,6.16896,4.29004e+06,2.93582e+06,1.46936e+07,0,0,0,0,60.6093,61.308,1.86405,1,1,1.55942,1.55942,0,1.20469,1.69344,8.91558e+06,3.92412e+06,1.39031e+07,0,0,0,2.76816e+08
84.2414,103.622,1.57328,0.02,0,3.4254,3.4254,0,0.641855,6.16896,4.29004e+06,2.93582e+06,1.46951e+07,0,0,0,0,60.1024,61.308,1.70566,1,1,1.55958,1.55958,0,1.20481,1.69344,8.91558e+06,3.92412e+06,1.39045e+07,0,0,0,2.76816e+08
82.8136,103.622,1.55343,0.03,0,3.58825,3.58825,0,0.641919,6.16896,4.29004e+06,2.93582e+06,1.53937e+07,0,0,0,0,59.4996,61.308,1.75287,1,1,1.64406,1.64406,0,1.20493,1.69344,8.91558e+06,3.92412e+06,1.46577e+07,0,0,0,2.76816e+08
81.2373,103.622,1.35653,0.03,0,3.5886,3.5886,0,0.672437,6.16896,4.29004e+06,2.93582e+06,1.53953e+07,0,0,0,0,58.7946,61.308,1.56265,1,1,1.64422,1.64422,0,1.2702,1.69344,8.91558e+06,3.92412e+06,1.46592e+07,0,0,0,2.76816e+08
79.6578,103.622,1.31138,0.03,0,3.58896,3.58896,0,0.672504,6.16896,4.29004e+06,2.93582e+06,1.53968e+07,0,0,0,0,57.9853,61.308,1.42999,1,1,1.64439,1.64439,0,1.27033,1.69344,8.91558e+06,3.92412e+06,1.46607e+07,0,0,0,2.76816e+08
77.9783,103.622,1.15852,0.04,0,3.58932,3.58932,0,0.672571,6.16896,4.29004e+06,2.93582e+06,1.53983e+07,0,0,0,0,57.4626,61.308,1.3327,1,1,1.64455,1.64455,0,1.27045,1.69344,8.91558e+06,3.92412e+06,1.46621e+07,0,0,0,2.76816e+08
76.4519,103.622,1.27276,0.04,0,3.58968,3.58968,0,0.672638,6.16896,4.29004e+06,2.93582e+06,1.53999e+07,0,0,0,0,57.3199,61.308,1.74292,1,1,1.64471,1.64471,0,1.27058,1.69344,8.91558e+06,3.92412e+06,1.46636e+07,0,0,0,2.76816e+08
75.0923,103.622,1.43933,0.04,0,3.55788,3.55788,0,0.672705,6.16896,4.29004e+06,2.93582e+06,1.52635e+07,0,0,0,0,57.2288,61.308,2.24478,1,1,1.69125,1.69125,0,1.27071,1.69344,8.91558e+06,3.92412e+06,1.50785e+07,0,0,0,2.76816e+08
73.6526,103.622,1.32539,0.05,0,3.55824,3.55824,0,0.666747,6.16896,4.29004e+06,2.93582e+06,1.5265e+07,0,0,0,0,57.0961,61.308,2.23861,1,1,1.69142,1.69142,0,1.30666,1.69344,8.91558e+06,3.92412e+06,1.508e+07,0,0,0,2.76816e+08
72.1387,103.622,1.20598,0.04,0,3.55859,3.55859,0,0.666813,6.16896,4.29004e+06,2.93582e+06,1.52665e+07,0,0,0,0,56.9117,61.308,2.00284,1,1,1.69159,1.69159,0,1.30679,1.69344,8.91558e+06,3.92412e+06,1.50815e+07,0,0,0,2.76816e+08
70.6323,103.622,1.14445,0.1,0,3.55895,3.55895,0,0.66688,6.16896,4.29004e+06,2.93582e+06,1.5268e+07,0,0,0,0,56.6509,61.308,1.96879,1,1,1.69175,1.69175,0,1.30692,1.69344,8.91558e+06,3.92412e+06,1.5083e+07,0,0,0,2.76816e+08
69.1207,103.622,1.15646,0.11,0,3.64237,3.64237,0,0.666946,6.16896,4.29004e+06,2.93582e+06,1.56259e+07,0,0,0,0,56.4793,61.308,2.2754,1,1,1.69344,1.73327,0.0398265,1.30705,1.69344,8.91558e+06,3.92412e+06,1.5098e+07,0,0,0,2.76816e+08
67.6286,103.622,1.1364,0.12,0,3.64273,3.64273,0,0.68258,6.16896,4.29004e+06,2.93582e+06,1.56275e+07,0,0,0,0,56.2944,61.308,2.30624,1,1,1.69344,1.73344,0.0399993,1.30835,1.69344,8.91558e+06,3.92412e+06,1.5098e+07,0,0,0,2.76816e+08
66.0517,103.622,1.00691,0.13,0,3.64309,3.64309,0,0.682648,6.16896,4.29004e+06,2.93582e+06,1.5629e+07,0,0,0,0,56.0635,61.308,2.13017,1,1,1.69344,1.73361,0.0401721,1.30835,1.69344,8.91558e+06,3.92412e+06,1.5098e+07,0,0,0,2.76816e+08
64.4518,103.622,0.937304,0.14,0,3.64346,3.64346,0,0.682716,6.16896,4.29004e+06,2.93582e+06,1.56306e+07,0,0,0,0,55.8184,61.308,2.04324,1,1,1.69344,1.73378,0.0403449,1.30835,1.69344,8.91558e+06,3.92412e+06,1.5098e+07,0,0,0,2.76816e+08
62.7422,103.622,0.897683,0.13,0,3.88718,3.88718,0,0.682784,6.16896,4.29004e+06,2.93582e+06,1.66762e+07,0,0,0,0,55.5866,61.308,2.1433,1,1,1.69344,1.88324,0.189804,1.30835,1.69344,8.91558e+06,3.92412e+06,1.5098e+07,0,0,0,2.76816e+08
61.0276,103.622,0.84575,0.13,0,3.88756,3.88756,0,0.728457,6.16896,4.29004e+06,2.93582e+06,1.66778e+07,0,0,0,0,55.2966,61.308,2.05513,1,1,1.69344,1.88343,0.189992,1.30835,1.69344,8.91558e+06,3.92412e+06,1.5098e+07,0,0,0,2.76816e+08
59.411,103.622,0.890814,0.18,0,3.88795,3.88795,0,0.728529,6.16896,4.29004e+06,2.93582e+06,1.66795e+07,0,0,0,0,55.0015,61.308,2.02839,1,1,1.69344,1.88362,0.19018,1.30835,1.69344,8.91558e+06,3.92412e+06,1.5098e+07,0,0,0,2.76816e+08
58.192,103.622,1.27624,0.16,0,3.88834,3.88834,0,0.728602,6.16896,4.29004e+06,2.93582e+06,1.66811e+07,0,0,0,0,54.8393,61.308,2.42449,1,1,1.69344,1.88381,0.190367,1.30835,1.69344,8.91558e+06,3.92412e+06,1.5098e+07,0,0,0,2.76816e+08
57.4861,103.622,1.80632,0.16,0,3.88873,3.88873,0,0.728675,6.16896,4.29004e+06,2.93582e+06,1.66828e+07,0,0,0,0,55.0277,61.308,2.94329,1,1,1.69344,1.884,0.190555,1.30835,1.69344,8.91558e+06,3.92412e+06,1.5098e+07,0,0,0,2.76816e+08
56.5271,103.622,1.48434,0.14,0,3.77045,3.77045,0,0.728747,6.16896,4.29004e+06,2.93582e+06,1.61754e+07,0,0,0,0,55.9001,61.308,4.7494,1,1,1.69344,1.79353,0.100087,1.30835,1.69344,8.91558e+06,3.92412e+06,1.5098e+07,0,0,0,2.76816e+08
55.4601,103.622,1.28547,0.14,0,3.77083,3.77083,0,0.706583,6.16896,4.29004e+06,2.93582e+06,1.6177e+07,0,0,0,0,55.9811,61.308,2.79895,1,1,1.69344,1.79371,0.100265,1.30835,1.69344,8.91558e+06,3.92412e+06,1.5098e+07,0,0,0,2.76816e+08
54.2688,103.622,1.11543,0.14,0,3.7712,3.7712,0,0.706653,6.16896,4.29004e+06,2.93582e+06,1.61786e+07,0,0,0,0,55.9718,61.308,2.54707,1,1,1.69344,1.79388,0.100444,1.30835,1.69344,8.91558e+06,3.92412e+06,1.5098e+07,0,0,0,2.76816e+08
54.0335,103.622,2.39767,0.15,0,3.77158,3.77158,0,0.706723,6.16896,4.29004e+06,2.93582e+06,1.61802e+07,0,0,0,0,56.8193,61.308,3.87097,1,1,1.69344,1.79406,0.100623,1.30835,1.69344,8.91558e+06,3.92412e+06,1.5098e+07,0,0,0,2.76816e+08
54.2669,103.622,2.81035,0.15,0,3.67452,3.67452,0,0.706794,6.16896,4.29004e+06,2.93582e+06,1.57638e+07,0,0,0,0,57.757,61.308,3.58103,1,1,1.69344,1.71169,0.0182488,1.30835,1.69344,8.91558e+06,3.92412e+06,1.5098e+07,0,0,0,2.76816e+08
55.5906,103.622,4.0063,0.13,0,3.67488,3.67488,0,0.688604,6.16896,4.29004e+06,2.93582e+06,1.57654e+07,0,0,0,0,59.7276,61.308,5.86119,1,1,1.69344,1.71186,0.0184193,1.30835,1.69344,8.91558e+06,3.92412e+06,1.5098e+07,0,0,0,2.76816e+08
55.588,103.622,2.70209,0.12,0,3.67525,3.67525,0,0.688673,6.16896,4.29004e+06,2.93582e+06,1.5767e+07,0,0,0,0,60.7708,61.308,4.35975,1,1,1.69344,1.71203,0.0185899,1.30835,1.69344,8.91558e+06,3.92412e+06,1.5098e+07,0,0,0,2.76816e+08
59.5972,103.622,7.17804,0.13,0,3.67561,3.67561,0,0.688742,6.16896,4.29004e+06,2.93582e+06,1.57685e+07,0,0,0,0,62.3362,61.308,5.39123,1,1,1.69344,1.7122,0.0187605,1.30835,1.69344,8.91558e+06,3.92412e+06,1.5098e+07,0,0,0,2.76816e+08
62.2206,103.622,5.66139,0.14,0,3.39914,3.39914,0,0.68881,6.16896,4.29004e+06,2.93582e+06,1.45824e+07,0,0,0,0,62.3362,61.308,7.02953,1,1,1.54037,1.54037,0,1.30835,1.69344,8.91558e+06,3.92412e+06,1.37333e+07,0,0,0,2.76816e+08
64.594,103.622,5.39879,0.09,0,3.39948,3.39948,0,0.636998,6.16896,4.29004e+06,2.93582e+06,1.45839e+07,0,0,0,0,62.3362,61.308,7.07987,1,1,1.54052,1.54052,0,1.19009,1.69344,8.91558e+06,3.92412e+06,1.37347e+07,0,0,0,2.76816e+08
68.6458,103.622,7.50909,0.09,0,3.39981,3.39981,0,0.637062,6.16896,4.29004e+06,2.93582e+06,1.45854e+07,0,0,0,0,62.3362,61.308,7.12217,1,1,1.54068,1.54068,0,1.19021,1.69344,8.91558e+06,3.92412e+06,1.3736e+07,0,0,0,2.76816e+08
72.1443,103.622,7.32296,0.11,0,3.40015,3.40015,0,0.637125,6.16896,4.29004e+06,2.93582e+06,1.45868e+07,0,0,0,0,62.3362,61.308,16.5533,1,1,1.54083,1.54083,0,1.19033,1.69344,8.91558e+06,3.92412e+06,1.37374e+07,0,0,0,2.76816e+08
75.1738,103.622,6.39658,0.12,0,3.40049,3.40049,0,0.637189,6.16896,4.29004e+06,2.93582e+06,1.45883e+07,0,0,0,0,62.3362,61.308,8.52676,1,1,1.54098,1.54098,0,1.19044,1.69344,8.91558e+06,3.92412e+06,1.37388e+07,0,0,0,2.76816e+08
80.3669,103.622,9.05677,0.07,0,3.50735,3.50735,0,0.637252,6.16896,4.29004e+06,2.93582e+06,1.50467e+07,0,0,0,0,62.3362,61.308,7.66765,1,1,1.59096,1.59096,0,1.19056,1.69344,8.91558e+06,3.92412e+06,1.41843e+07,0,0,0,2.76816e+08
85.6709,103.622,9.57013,0.07,0,3.50767,3.50767,0,0.657278,6.16896,4.29004e+06,2.93582e+06,1.50481e+07,0,0,0,0,62.3362,61.308,9.6073,1,1,1.5911,1.5911,0,1.22918,1.69344,8.91558e+06,3.92412e+06,1.41856e+07,0,0,0,2.76816e+08
88.3635,103.622,6.54349,0.04,0,3.50799,3.50799,0,0.657337,6.16896,4.29004e+06,2.93582e+06,1.50494e+07,0,0,0,0,62.3362,61.308,6.43183,1,1,1.59125,1.59125,0,1.22929,1.69344,8.91558e+06,3.92412e+06,1.41869e+07,0,0,0,2.76816e+08
94.1253,103.622,9.64382,0.04,0,3.5083,3.5083,0,0.657397,6.16896,4.29004e+06,2.93582e+06,1.50508e+07,0,0,0,0,62.3362,61.308,7.41922,1,1,1.59139,1.59139,0,1.2294,1.69344,8.91558e+06,3.92412e+06,1.41882e+07,0,0,0,2.76816e+08
96.3883,103.622,6.51974,0.01,0,3.85084,3.85084,0,0.657456,6.16896,4.29004e+06,2.93582e+06,1.65203e+07,0,0,0,0,62.3362,61.308,6.84015,1,1,1.69344,1.77867,0.0852261,1.22951,1.69344,8.91558e+06,3.92412e+06,1.5098e+07,0,0,0,2.76816e+08
98.4776,103.622,6.37835,0.01,0,3.85119,3.85119,0,0.721648,6.16896,4.29004e+06,2.93582e+06,1.65218e+07,0,0,0,0,62.3362,61.308,6.78251,1,1,1.69344,1.77883,0.085387,1.30835,1.69344,8.91558e+06,3.92412e+06,1.5098e+07,0,0,0,2.76816e+08
101.574,103.622,7.41165,0.01,0,3.85154,3.85154,0,0.721714,6.16896,4.29004e+06,2.93582e+06,1.65233e+07,0,0,0,0,62.3362,61.308,7.04658,1,1,1.69344,1.77899,0.0855479,1.30835,1.69344,8.91558e+06,3.92412e+06,1.5098e+07,0,0,0,2.76816e+08
103.249,103.622,6.01365,0.01,0,3.85189,3.85189,0,0.721779,6.16896,4.29004e+06,2.93582e+06,1.65248e+07,0,0,0,0,62.3362,61.308,5.90635,1,1,1.69344,1.77915,0.0857088,1.30835,1.69344,8.91558e+06,3.92412e+06,1.5098e+07,0,0,0,2.76816e+08
103.622,103.622,5.53125,0.01,0,3.36394,3.36394,0,0.721844,6.16896,4.29004e+06,2.93582e+06,1.44315e+07,0,0,0,0,62.3362,61.308,5.75741,1,1,1.52809,1.52809,0,1.30835,1.69344,8.91558e+06,3.92412e+06,1.36238e+07,0,0,0,2.76816e+08
103.622,103.622,3.98626,0,0,3.36425,3.36425,0,0.630403,6.16896,4.29004e+06,2.93582e+06,1.44328e+07,0,0,0,0,62.3362,61.308,5.02821,1,1,1.52823,1.52823,0,1.1806,1.69344,8.91558e+06,3.92412e+06,1.3625e+07,0,0,0,2.76816e+08
103.622,103.622,6.86089,0,0,3.36455,3.36455,0,0.63046,6.16896,4.29004e+06,2.93582e+06,1.44341e+07,0,0,0,0,62.3362,61.308,7.16387,1,1,1.52836,1.52836,0,1.18071,1.69344,8.91558e+06,3.92412e+06,1.36263e+07,0,0,0,2.76816e+08
103.622,103.622,5.93048,0,0,3.36485,3.36485,0,0.630517,6.16896,4.29004e+06,2.93582e+06,1.44354e+07,0,0,0,0,62.3362,61.308,9.07576,1,1,1.5285,1.5285,0,1.18081,1.69344,8.91558e+06,3.92412e+06,1.36275e+07,0,0,0,2.76816e+08
103.622,103.622,6.90093,0,0,3.36516,3.36516,0,0.630574,6.16896,4.29004e+06,2.93582e+06,1.44367e+07,0,0,0,0,62.3362,61.308,7.54948,1,1,1.52864,1.52864,0,1.18092,1.69344,8.91558e+06,3.92412e+06,1.36287e+07,0,0,0,2.76816e+08
103.622,103.622,5.67669,0,0,3.48843,3.48843,0,0.630631,6.16896,4.29004e+06,2.93582e+06,1.49655e+07,0,0,0,0,62.3362,61.308,6.01256,1,1,1.59026,1.59026,0,1.18103,1.69344,8.91558e+06,3.92412e+06,1.41781e+07,0,0,0,2.76816e+08
103.622,103.622,5.78498,0,0,3.48875,3.48875,0,0.653732,6.16896,4.29004e+06,2.93582e+06,1.49669e+07,0,0,0,0,62.3362,61.308,6.8154,1,1,1.59041,1.59041,0,1.22864,1.69344,8.91558e+06,3.92412e+06,1.41794e+07,0,0,0,2.76816e+08
103.622,103.622,8.49834,0,0,3.48906,3.48906,0,0.653791,6.16896,4.29004e+06,2.93582e+06,1.49682e+07,0,0,0,0,62.3362,61.308,8.52098,1,1,1.59055,1.59055,0,1.22875,1.69344,8.91558e+06,3.92412e+06,1.41807e+07,0,0,0,2.76816e+08
103.622,103.622,6.01142,0,0,3.48938,3.48938,0,0.65385,6.16896,4.29004e+06,2.93582e+06,1.49696e+07,0,0,0,0,62.3362,61.308,6.54277,1,1,1.5907,1.5907,0,1.22886,1.69344,8.91558e+06,3.92412e+06,1.4182e+07,0,0,0,2.76816e+08
103.622,103.622,5.04671,0,0,3.4416,3.4416,0,0.653909,6.16896,4.29004e+06,2.93582e+06,1.47646e+07,0,0,0,0,62.3362,61.308,5.78116,1,1,1.56695,1.56695,0,1.22897,1.69344,8.91558e+06,3.92412e+06,1.39703e+07,0,0,0,2.76816e+08
103.622,103.622,4.78892,0,0,3.44191,3.44191,0,0.644955,6.16896,4.29004e+06,2.93582e+06,1.47659e+07,0,0,0,0,62.3362,61.308,5.82408,1,1,1.56709,1.56709,0,1.21063,1.69344,8.91558e+06,3.92412e+06,1.39715e+07,0,0,0,2.76816e+08
103.622,103.622,4.38232,0,0,3.44222,3.44222,0,0.645013,6.16896,4.29004e+06,2.93582e+06,1.47673e+07,0,0,0,0,62.3362,61.308,5.85471,1,1,1.56723,1.56723,0,1.21074,1.69344,8.91558e+06,3.92412e+06,1.39728e+07,0,0,0,2.76816e+08
103.622,103.622,4.59573,0,0,3.44253,3.44253,0,0.645072,6.16896,4.29004e+06,2.93582e+06,1.47686e+07,0,0,0,0,62.3362,61.308,5.50325,1,1,1.56738,1.56738,0,1.21084,1.69344,8.91558e+06,3.92412e+06,1.39741e+07,0,0,0,2.76816e+08
103.622,103.622,4.26989,0,0,3.60616,3.60616,0,0.64513,6.16896,4.29004e+06,2.93582e+06,1.54706e+07,0,0,0,0,62.3362,61.308,4.67672,1,1,1.65227,1.65227,0,1.21095,1.69344,8.91558e+06,3.92412e+06,1.47309e+07,0,0,0,2.76816e+08
103.622,103.622,3.96277,0,0,3.60648,3.60648,0,0.675794,6.16896,4.29004e+06,2.93582e+06,1.5472e+07,0,0,0,0,62.3362,61.308,4.53305,1,1,1.65241,1.65241,0,1.27654,1.69344,8.91558e+06,3.92412e+06,1.47322e+07,0,0,0,2.76816e+08
103.622,103.622,3.82149,0,0,3.60681,3.60681,0,0.675855,6.16896,4.29004e+06,2.93582e+06,1.54734e+07,0,0,0,0,62.3362,61.308,4.89379,1,1,1.65256,1.65256,0,1.27666,1.69344,8.91558e+06,3.92412e+06,1.47336e+07,0,0,0,2.76816e+08
103.507,103.622,3.511,0,0,3.60714,3.60714,0,0.675916,6.16896,4.29004e+06,2.93582e+06,1.54748e+07,0,0,0,0,62.3362,61.308,4.64781,1,1,1.65271,1.65271,0,1.27677,1.69344,8.91558e+06,3.92412e+06,1.47349e+07,0,0,0,2.76816e+08
103.21,103.622,3.20647,0.01,0,3.60746,3.60746,0,0.675977,6.16896,4.29004e+06,2.93582e+06,1.54762e+07,0,0,0,0,62.3362,61.308,4.07947,1,1,1.65286,1.65286,0,1.27689,1.69344,8.91558e+06,3.92412e+06,1.47362e+07,0,0,0,2.76816e+08
102.636,103.622,2.71004,0.02,0,3.57548,3.57548,0,0.676038,6.16896,4.29004e+06,2.93582e+06,1.53389e+07,0,0,0,0,62.1862,61.308,2.2834,1,1,1.69344,1.69961,0.00617238,1.277,1.69344,8.91558e+06,3.92412e+06,1.5098e+07,0,0,0,2.76816e+08
101.957,103.622,2.58513,0.02,0,3.5758,3.5758,0,0.670044,6.16896,4.29004e+06,2.93582e+06,1.53403e+07,0,0,0,0,62.0092,61.308,2.21072,1,1,1.69344,1.69977,0.00632592,1.30835,1.69344,8.91558e+06,3.92412e+06,1.5098e+07,0,0,0,2.76816e+08
101.185,103.622,2.44716,0.02,0,3.57612,3.57612,0,0.670105,6.16896,4.29004e+06,2.93582e+06,1.53417e+07,0,0,0,0,61.7577,61.308,2.16958,1,1,1.69344,1.69992,0.00647958,1.30835,1.69344,8.91558e+06,3.92412e+06,1.5098e+07,0,0,0,2.76816e+08
100.265,103.622,2.28998,0.02,0,3.57645,3.57645,0,0.670165,6.16896,4.29004e+06,2.93582e+06,1.53431e+07,0,0,0,0,61.5115,61.308,2.17486,1,1,1.69344,1.70007,0.00663324,1.30835,1.69344,8.91558e+06,3.92412e+06,1.5098e+07,0,0,0,2.76816e+08
99.3837,103.622,2.36557,0.02,0,3.66024,3.66024,0,0.670226,6.16896,4.29004e+06,2.93582e+06,1.57026e+07,0,0,0,0,61.2299,61.308,2.40975,1,1,1.69344,1.74177,0.0483328,1.30835,1.69344,8.91558e+06,3.92412e+06,1.5098e+07,0,0,0,2.76816e+08
98.4291,103.622,2.28212,0.02,0,3.66057,3.66057,0,0.68593,6.16896,4.29004e+06,2.93582e+06,1.5704e+07,0,0,0,0,60.9243,61.308,2.45146,1,1,1.69344,1.74193,0.0484902,1.30835,1.69344,8.91558e+06,3.92412e+06,1.5098e+07,0,0,0,2.76816e+08
97.2557,103.622,2.03431,0.03,0,3.6609,3.6609,0,0.685992,6.16896,4.29004e+06,2.93582e+06,1.57054e+07,0,0,0,0,60.5804,61.308,2.22718,1,1,1.69344,1.74209,0.0486476,1.30835,1.69344,8.91558e+06,3.92412e+06,1.5098e+07,0,0,0,2.76816e+08
95.9367,103.622,1.85948,0.03,0,3.66124,3.66124,0,0.686054,6.16896,4.29004e+06,2.93582e+06,1.57069e+07,0,0,0,0,60.226,61.308,2.17312,1,1,1.69344,1.74225,0.0488051,1.30835,1.69344,8.91558e+06,3.92412e+06,1.5098e+07,0,0,0,2.76816e+08
94.2919,103.622,1.65782,0.03,0,3.90611,3.90611,0,0.686115,6.16896,4.29004e+06,2.93582e+06,1.67574e+07,0,0,0,0,59.7847,61.308,1.88714,1,1,1.69344,1.89242,0.198976,1.30835,1.69344,8.91558e+06,3.92412e+06,1.5098e+07,0,0,0,2.76816e+08
93.1079,103.622,2.13509,0.03,0,3.90646,3.90646,0,0.732004,6.16896,4.29004e+06,2.93582e+06,1.67589e+07,0,0,0,0,59.2067,61.308,2.05452,1,1,1.69344,1.89259,0.199147,1.30835,1.69344,8.91558e+06,3.92412e+06,1.5098e+07,0,0,0,2.76816e+08
91.5499,103.622,1.71052,0.05,0,3.90681,3.90681,0,0.732071,6.16896,4.29004e+06,2.93582e+06,1.67604e+07,0,0,0,0,58.6432,61.308,1.47955,1,1,1.69344,1.89276,0.199318,1.30835,1.69344,8.91558e+06,3.92412e+06,1.5098e+07,0,0,0,2.76816e+08
90.3659,103.622,2.12048,0.04,0,3.90717,3.90717,0,0.732137,6.16896,4.29004e+06,2.93582e+06,1.67619e+07,0,0,0,0,58.3555,61.308,2.58935,1,1,1.69344,1.89293,0.199489,1.30835,1.69344,8.91558e+06,3.92412e+06,1.5098e+07,0,0,0,2.76816e+08
88.8109,103.622,1.70412,0.04,0,3.90752,3.90752,0,0.732203,6.16896,4.29004e+06,2.93582e+06,1.67634e+07,0,0,0,0,57.8828,61.308,1.76442,1,1,1.69344,1.8931,0.19966,1.30835,1.69344,8.91558e+06,3.92412e+06,1.5098e+07,0,0,0,2.76816e+08
87.5126,103.622,1.83126,0.04,0,3.78864,3.78864,0,0.732269,6.16896,4.29004e+06,2.93582e+06,1.62534e+07,0,0,0,0,57.4603,61.308,1.98499,1,1,1.69344,1.80218,0.108737,1.30835,1.69344,8.91558e+06,3.92412e+06,1.5098e+07,0,0,0,2.76816e+08
86.2316,103.622,1.85457,0.04,0,3.78898,3.78898,0,0.709991,6.16896,4.29004e+06,2.93582e+06,1.62549e+07,0,0,0,0,57.1005,61.308,2.07545,1,1,1.69344,1.80234,0.1089,1.30835,1.69344,8.91558e+06,3.92412e+06,1.5098e+07,0,0,0,2.76816e+08
85.0943,103.622,2.01538,0.04,0,3.78932,3.78932,0,0.710055,6.16896,4.29004e+06,2.93582e+06,1.62564e+07,0,0,0,0,56.7729,61.308,2.21384,1,1,1.69344,1.8025,0.109063,1.30835,1.69344,8.91558e+06,3.92412e+06,1.5098e+07,0,0,0,2.76816e+08
84.1301,103.622,2.34119,0.03,0,3.78966,3.78966,0,0.710119,6.16896,4.29004e+06,2.93582e+06,1.62578e+07,0,0,0,0,56.5049,61.308,2.85698,1,1,1.69344,1.80267,0.109226,1.30835,1.69344,8.91558e+06,3.92412e+06,1.5098e+07,0,0,0,2.76816e+08
82.6341,103.622,1.60308,0.03,0,3.6921,3.6921,0,0.710183,6.16896,4.29004e+06,2.93582e+06,1.58393e+07,0,0,0,0,55.9428,61.308,1.45698,1,1,1.69344,1.71988,0.0264408,1.30835,1.69344,8.91558e+06,3.92412e+06,1.5098e+07,0,0,0,2.76816e+08
80.7966,103.622,1.17647,0.04,0,3.69244,3.69244,0,0.6919,6.16896,4.29004e+06,2.93582e+06,1.58407e+07,0,0,0,0,55.4967,61.308,1.5238,1,1,1.69344,1.72004,0.0265963,1.30835,1.69344,8.91558e+06,3.92412e+06,1.5098e+07,0,0,0,2.76816e+08
81.0913,103.622,3.56168,0.04,0,3.69277,3.69277,0,0.691962,6.16896,4.29004e+06,2.93582e+06,1.58421e+07,0,0,0,0,55.9199,61.308,4.87408,1,1,1.69344,1.72019,0.0267516,1.30835,1.69344,8.91558e+06,3.92412e+06,1.5098e+07,0,0,0,2.76816e+08
80.7965,103.622,2.9046,0.04,0,3.6931,3.6931,0,0.692025,6.16896,4.29004e+06,2.93582e+06,1.58436e+07,0,0,0,0,56.1792,61.308,2.65376,1,1,1.69344,1.72035,0.026907,1.30835,1.69344,8.91558e+06,3.92412e+06,1.5098e+07,0,0,0,2.76816e+08
80.7237,103.622,3.0889,0.04,0,3.41528,3.41528,0,0.692087,6.16896,4.29004e+06,2.93582e+06,1.46517e+07,0,0,0,0,56.5438,61.308,3.08444,1,1,1.54768,1.54768,0,1.30835,1.69344,8.91558e+06,3.92412e+06,1.37985e+07,0,0,0,2.76816e+08
81.3128,103.622,4.00515,0.05,0,3.41559,3.41559,0,0.640023,6.16896,4.29004e+06,2.93582e+06,1.4653e+07,0,0,0,0,57.1315,61.308,3.94765,1,1,1.54782,1.54782,0,1.19574,1.69344,8.91558e+06,3.92412e+06,1.37998e+07,0,0,0,2.76816e+08
83.1337,103.622,5.25653,0.05,0,3.4159,3.4159,0,0.640081,6.16896,4.29004e+06,2.93582e+06,1.46543e+07,0,0,0,0,57.9412,61.308,5.18861,1,1,1.54796,1.54796,0,1.19585,1.69344,8.91558e+06,3.92412e+06,1.3801e+07,0,0,0,2.76816e+08
86.7728,103.622,7.19559,0.02,0,3.4162,3.4162,0,0.640139,6.16896,4.29004e+06,2.93582e+06,1.46557e+07,0,0,0,0,58.7537,61.308,5.14673,1,1,1.5481,1.5481,0,1.19596,1.69344,8.91558e+06,3.92412e+06,1.38022e+07,0,0,0,2.76816e+08
90.6884,103.622,7.62148,0.03,0,3.41651,3.41651,0,0.640197,6.16896,4.29004e+06,2.93582e+06,1.4657e+07,0,0,0,0,60.0582,61.308,5.22811,1,1,1.54824,1.54824,0,1.19606,1.69344,8.91558e+06,3.92412e+06,1.38035e+07,0,0,0,2.76816e+08
92.4689,103.622,5.60575,0.03,0,3.52384,3.52384,0,0.640254,6.16896,4.29004e+06,2.93582e+06,1.51174e+07,0,0,0,0,61.2774,61.308,6.75182,1,1,1.59844,1.59844,0,1.19617,1.69344,8.91558e+06,3.92412e+06,1.4251e+07,0,0,0,2.76816e+08
95.8477,103.622,7.39932,0.04,0,3.52413,3.52413,0,0.660368,6.16896,4.29004e+06,2.93582e+06,1.51187e+07,0,0,0,0,62.3362,61.308,8.86281,1,1,1.59857,1.59857,0,1.23495,1.69344,8.91558e+06,3.92412e+06,1.42522e+07,0,0,0,2.76816e+08
103.622,103.622,14.2305,0.01,0,3.52442,3.52442,0,0.660422,6.16896,4.29004e+06,2.93582e+06,1.51199e+07,0,0,0,0,62.3362,61.308,10.5296,1,1,1.5987,1.5987,0,1.23506,1.69344,8.91558e+06,3.92412e+06,1.42533e+07,0,0,0,2.76816e+08
103.622,103.622,6.41803,0.01,0,3.5247,3.5247,0,0.660476,6.16896,4.29004e+06,2.93582e+06,1.51211e+07,0,0,0,0,62.3362,61.308,5.96305,1,1,1.59883,1.59883,0,1.23516,1.69344,8.91558e+06,3.92412e+06,1.42545e+07,0,0,0,2.76816e+08
103.622,103.622,6.67261,0.01,0,3.86881,3.86881,0,0.660529,6.16896,4.29004e+06,2.93582e+06,1.65974e+07,0,0,0,0,62.3362,61.308,5.47154,1,1,1.69344,1.78696,0.0935232,1.23526,1.69344,8.91558e+06,3.92412e+06,1.5098e+07,0,0,0,2.76816e+08
103.622,103.622,8.02677,0.01,0,3.86912,3.86912,0,0.725015,6.16896,4.29004e+06,2.93582e+06,1.65987e+07,0,0,0,0,62.3362,61.308,6.9275,1,1,1.69344,1.78711,0.0936684,1.30835,1.69344,8.91558e+06,3.92412e+06,1.5098e+07,0,0,0,2.76816e+08
103.622,103.622,6.51462,0,0,3.86944,3.86944,0,0.725073,6.16896,4.29004e+06,2.93582e+06,1.66001e+07,0,0,0,0,62.3362,61.308,6.07054,1,1,1.69344,1.78725,0.0938135,1.30835,1.69344,8.91558e+06,3.92412e+06,1.5098e+07,0,0,0,2.76816e+08
103.622,103.622,8.05479,0,0,3.86975,3.86975,0,0.725132,6.16896,4.29004e+06,2.93582e+06,1.66014e+07,0,0,0,0,62.3362,61.308,5.14059,1,1,1.69344,1.7874,0.0939587,1.30835,1.69344,8.91558e+06,3.92412e+06,1.5098e+07,0,0,0,2.76816e+08
103.622,103.622,11.7513,0,0,3.37951,3.37951,0,0.725191,6.16896,4.29004e+06,2.93582e+06,1.44982e+07,0,0,0,0,62.3362,61.308,11.8101,1,1,1.53516,1.53516,0,1.30835,1.69344,8.91558e+06,3.92412e+06,1.36868e+07,0,0,0,2.76816e+08
103.622,103.622,7.04997,0,0,3.37978,3.37978,0,0.63332,6.16896,4.29004e+06,2.93582e+06,1.44994e+07,0,0,0,0,62.3362,61.308,4.43708,1,1,1.53528,1.53528,0,1.18606,1.69344,8.91558e+06,3.92412e+06,1.36879e+07,0,0,0,2.76816e+08
103.622,103.622,9.96461,0.01,0,3.38006,3.38006,0,0.633372,6.16896,4.29004e+06,2.93582e+06,1.45006e+07,0,0,0,0,62.3362,61.308,8.97703,1,1,1.53541,1.53541,0,1.18616,1.69344,8.91558e+06,3.92412e+06,1.36891e+07,0,0,0,2.76816e+08
103.622,103.622,11.742,0.01,0,3.38033,3.38033,0,0.633423,6.16896,4.29004e+06,2.93582e+06,1.45018e+07,0,0,0,0,62.3362,61.308,8.36229,1,1,1.53553,1.53553,0,1.18626,1.69344,8.91558e+06,3.92412e+06,1.36902e+07,0,0,0,2.76816e+08
103.622,103.622,7.84275,0,0,3.38061,3.38061,0,0.633474,6.16896,4.29004e+06,2.93582e+06,1.4503e+07,0,0,0,0,62.3362,61.308,4.58405,1,1,1.53566,1.53566,0,1.18635,1.69344,8.91558e+06,3.92412e+06,1.36913e+07,0,0,0,2.76816e+08
103.622,103.622,8.30341,0,0,3.50441,3.50441,0,0.633526,6.16896,4.29004e+06,2.93582e+06,1.50341e+07,0,0,0,0,62.3362,61.308,6.12972,1,1,1.59755,1.59755,0,1.18645,1.69344,8.91558e+06,3.92412e+06,1.42431e+07,0,0,0,2.76816e+08
103.622,103.622,6.62512,0,0,3.5047,3.5047,0,0.656727,6.16896,4.29004e+06,2.93582e+06,1.50353e+07,0,0,0,0,62.3362,61.308,5.4602,1,1,1.59768,1.59768,0,1.23427,1.69344,8.91558e+06,3.92412e+06,1.42442e+07,0,0,0,2.76816e+08
103.622,103.622,6.43269,0,0,3.50498,3.50498,0,0.65678,6.16896,4.29004e+06,2.93582e+06,1.50365e+07,0,0,0,0,62.3362,61.308,5.84855,1,1,1.59781,1.59781,0,1.23437,1.69344,8.91558e+06,3.92412e+06,1.42454e+07,0,0,0,2.76816e+08
103.622,103.622,5.97419,0,0,3.50527,3.50527,0,0.656834,6.16896,4.29004e+06,2.93582e+06,1.50377e+07,0,0,0,0,62.3362,61.308,5.49281,1,1,1.59794,1.59794,0,1.23447,1.69344,8.91558e+06,3.92412e+06,1.42466e+07,0,0,0,2.76816e+08
103.622,103.622,4.46591,0,0,3.45724,3.45724,0,0.656887,6.16896,4.29004e+06,2.93582e+06,1.48317e+07,0,0,0,0,62.3362,61.308,4.06934,1,1,1.57407,1.57407,0,1.23457,1.69344,8.91558e+06,3.92412e+06,1.40338e+07,0,0,0,2.76816e+08
103.622,103.622,3.84018,0,0,3.45752,3.45752,0,0.647886,6.16896,4.29004e+06,2.93582e+06,1.48329e+07,0,0,0,0,62.3362,61.308,3.5066,1,1,1.5742,1.5742,0,1.21613,1.69344,8.91558e+06,3.92412e+06,1.40349e+07,0,0,0,2.76816e+08
103.55,103.622,3.56831,0,0,3.4578,3.4578,0,0.647939,6.16896,4.29004e+06,2.93582e+06,1.48341e+07,0,0,0,0,62.3362,61.308,3.01647,1,1,1.57433,1.57433,0,1.21623,1.69344,8.91558e+06,3.92412e+06,1.4036e+07,0,0,0,2.76816e+08
103.514,103.622,3.54932,0.01,0,3.45808,3.45808,0,0.647991,6.16896,4.29004e+06,2.93582e+06,1.48353e+07,0,0,0,0,62.3362,61.308,3.15897,1,1,1.57445,1.57445,0,1.21633,1.69344,8.91558e+06,3.92412e+06,1.40372e+07,0,0,0,2.76816e+08
103.141,103.622,3.23449,0.01,0,3.62241,3.62241,0,0.648044,6.16896,4.29004e+06,2.93582e+06,1.55403e+07,0,0,0,0,62.3104,61.308,2.8481,1,1,1.65971,1.65971,0,1.21642,1.69344,8.91558e+06,3.92412e+06,1.47973e+07,0,0,0,2.76816e+08
102.655,103.622,3.10569,0.01,0,3.62271,3.62271,0,0.67884,6.16896,4.29004e+06,2.93582e+06,1.55416e+07,0,0,0,0,62.2819,61.308,2.6268,1,1,1.65985,1.65985,0,1.28229,1.69344,8.91558e+06,3.92412e+06,1.47985e+07,0,0,0,2.76816e+08
102.053,103.622,2.91488,0.01,0,3.623,3.623,0,0.678895,6.16896,4.29004e+06,2.93582e+06,1.55428e+07,0,0,0,0,62.2609,61.308,2.84338,1,1,1.65998,1.65998,0,1.2824,1.69344,8.91558e+06,3.92412e+06,1.47997e+07,0,0,0,2.76816e+08
101.35,103.622,2.77168,0.02,0,3.62329,3.62329,0,0.67895,6.16896,4.29004e+06,2.93582e+06,1.55441e+07,0,0,0,0,62.177,61.308,2.68882,1,1,1.66012,1.66012,0,1.2825,1.69344,8.91558e+06,3.92412e+06,1.48009e+07,0,0,0,2.76816e+08
100.728,103.622,2.82693,0.02,0,3.62359,3.62359,0,0.679005,6.16896,4.29004e+06,2.93582e+06,1.55454e+07,0,0,0,0,62.0573,61.308,2.62424,1,1,1.66025,1.66025,0,1.28261,1.69344,8.91558e+06,3.92412e+06,1.48021e+07,0,0,0,2.76816e+08
101.004,103.622,3.73596,0.02,0,3.59143,3.59143,0,0.679061,6.16896,4.29004e+06,2.93582e+06,1.54074e+07,0,0,0,0,62.1211,61.308,2.76618,1,1,1.69344,1.70719,0.0137546,1.28271,1.69344,8.91558e+06,3.92412e+06,1.5098e+07,0,0,0,2.76816e+08
101.119,103.622,3.54318,0.02,0,3.59172,3.59172,0,0.673033,6.16896,4.29004e+06,2.93582e+06,1.54086e+07,0,0,0,0,62.1076,61.308,2.66225,1,1,1.69344,1.70733,0.0138932,1.30835,1.69344,8.91558e+06,3.92412e+06,1.5098e+07,0,0,0,2.76816e+08
101.08,103.622,3.35881,0.02,0,3.59201,3.59201,0,0.673088,6.16896,4.29004e+06,2.93582e+06,1.54099e+07,0,0,0,0,62.0061,61.308,2.51302,1,1,1.69344,1.70747,0.0140317,1.30835,1.69344,8.91558e+06,3.92412e+06,1.5098e+07,0,0,0,2.76816e+08
100.83,103.622,3.1176,0.02,0,3.5923,3.5923,0,0.673143,6.16896,4.29004e+06,2.93582e+06,1.54111e+07,0,0,0,0,61.8209,61.308,2.34493,1,1,1.69344,1.70761,0.0141704,1.30835,1.69344,8.91558e+06,3.92412e+06,1.5098e+07,0,0,0,2.76816e+08
100.447,103.622,2.97069,0.03,0,3.67644,3.67644,0,0.673197,6.16896,4.29004e+06,2.93582e+06,1.57721e+07,0,0,0,0,61.6996,61.308,2.20247,1,1,1.69344,1.74948,0.0560387,1.30835,1.69344,8.91558e+06,3.92412e+06,1.5098e+07,0,0,0,2.76816e+08
100.173,103.622,3.14925,0.03,0,3.67673,3.67673,0,0.688964,6.16896,4.29004e+06,2.93582e+06,1.57734e+07,0,0,0,0,61.6636,61.308,2.47923,1,1,1.69344,1.74962,0.0561807,1.30835,1.69344,8.91558e+06,3.92412e+06,1.5098e+07,0,0,0,2.76816e+08
99.7216,103.622,2.8952,0.03,0,3.67703,3.67703,0,0.68902,6.16896,4.29004e+06,2.93582e+06,1.57746e+07,0,0,0,0,61.5179,61.308,2.34992,1,1,1.69344,1.74976,0.0563228,1.30835,1.69344,8.91558e+06,3.92412e+06,1.5098e+07,0,0,0,2.76816e+08
99.0482,103.622,2.63654,0.03,0,3.67733,3.67733,0,0.689076,6.16896,4.29004e+06,2.93582e+06,1.57759e+07,0,0,0,0,61.3209,61.308,2.06366,1,1,1.69344,1.7499,0.0564648,1.30835,1.69344,8.91558e+06,3.92412e+06,1.5098e+07,0,0,0,2.76816e+08
98.3989,103.622,2.85111,0.03,0,3.92324,3.92324,0,0.689132,6.16896,4.29004e+06,2.93582e+06,1.68309e+07,0,0,0,0,61.2348,61.308,2.4976,1,1,1.69344,1.90072,0.207278,1.30835,1.69344,8.91558e+06,3.92412e+06,1.5098e+07,0,0,0,2.76816e+08
97.7068,103.622,2.77582,0.03,0,3.92356,3.92356,0,0.735216,6.16896,4.29004e+06,2.93582e+06,1.68323e+07,0,0,0,0,60.9686,61.308,2.43801,1,1,1.69344,1.90087,0.207433,1.30835,1.69344,8.91558e+06,3.92412e+06,1.5098e+07,0,0,0,2.76816e+08
96.549,103.622,2.26843,0.03,0,3.92388,3.92388,0,0.735275,6.16896,4.29004e+06,2.93582e+06,1.68336e+07,0,0,0,0,60.668,61.308,1.7206,1,1,1.69344,1.90103,0.207587,1.30835,1.69344,8.91558e+06,3.92412e+06,1.5098e+07,0,0,0,2.76816e+08
95.8825,103.622,2.78713,0.03,0,3.9242,3.9242,0,0.735335,6.16896,4.29004e+06,2.93582e+06,1.6835e+07,0,0,0,0,60.8632,61.308,3.12746,1,1,1.69344,1.90118,0.207741,1.30835,1.69344,8.91558e+06,3.92412e+06,1.5098e+07,0,0,0,2.76816e+08
94.7607,103.622,2.28154,0.03,0,3.92452,3.92452,0,0.735395,6.16896,4.29004e+06,2.93582e+06,1.68363e+07,0,0,0,0,60.7545,61.308,2.1849,1,1,1.69344,1.90134,0.207895,1.30835,1.69344,8.91558e+06,3.92412e+06,1.5098e+07,0,0,0,2.76816e+08
93.7036,103.622,2.31847,0.02,0,3.80508,3.80508,0,0.735455,6.16896,4.29004e+06,2.93582e+06,1.6324e+07,0,0,0,0,60.7899,61.308,2.5272,1,1,1.69344,1.81,0.116561,1.30835,1.69344,8.91558e+06,3.92412e+06,1.5098e+07,0,0,0,2.76816e+08
92.6976,103.622,2.36421,0.02,0,3.80539,3.80539,0,0.713073,6.16896,4.29004e+06,2.93582e+06,1.63253e+07,0,0,0,0,60.8214,61.308,2.55994,1,1,1.69344,1.81015,0.116708,1.30835,1.69344,8.91558e+06,3.92412e+06,1.5098e+07,0,0,0,2.76816e+08
91.3001,103.622,1.91878,0.04,0,3.8057,3.8057,0,0.713131,6.16896,4.29004e+06,2.93582e+06,1.63266e+07,0,0,0,0,60.6634,61.308,2.14555,1,1,1.69344,1.81029,0.116854,1.30835,1.69344,8.91558e+06,3.92412e+06,1.5098e+07,0,0,0,2.76816e+08
90.3769,103.622,2.39333,0.04,0,3.80601,3.80601,0,0.713189,6.16896,4.29004e+06,2.93582e+06,1.6328e+07,0,0,0,0,60.5127,61.308,2.22389,1,1,1.69344,1.81044,0.117001,1.30835,1.69344,8.91558e+06,3.92412e+06,1.5098e+07,0,0,0,2.76816e+08
92.7571,103.622,5.79946,0.04,0,3.70799,3.70799,0,0.713246,6.16896,4.29004e+06,2.93582e+06,1.59075e+07,0,0,0,0,60.8206,61.308,3.56636,1,1,1.69344,1.72728,0.0338432,1.30835,1.69344,8.91558e+06,3.92412e+06,1.5098e+07,0,0,0,2.76816e+08
92.5269,103.622,3.14712,0.04,0,3.70829,3.70829,0,0.694878,6.16896,4.29004e+06,2.93582e+06,1.59087e+07,0,0,0,0,60.7081,61.308,2.70993,1,1,1.69344,1.72742,0.0339834,1.30835,1.69344,8.91558e+06,3.92412e+06,1.5098e+07,0,0,0,2.76816e+08
93.589,103.622,4.60234,0.04,0,3.70859,3.70859,0,0.694934,6.16896,4.29004e+06,2.93582e+06,1.591e+07,0,0,0,0,61.078,61.308,3.81931,1,1,1.69344,1.72756,0.0341236,1.30835,1.69344,8.91558e+06,3.92412e+06,1.5098e+07,0,0,0,2.76816e+08
94.1408,103.622,4.09442,0.02,0,3.7089,3.7089,0,0.694991,6.16896,4.29004e+06,2.93582e+06,1.59113e+07,0,0,0,0,61.2888,61.308,3.53238,1,1,1.69344,1.7277,0.0342637,1.30835,1.69344,8.91558e+06,3.92412e+06,1.5098e+07,0,0,0,2.76816e+08
95.7405,103.622,5.28106,0.02,0,3.42985,3.42985,0,0.695047,6.16896,4.29004e+06,2.93582e+06,1.47142e+07,0,0,0,0,62.0951,61.308,4.70705,1,1,1.55429,1.55429,0,1.30835,1.69344,8.91558e+06,3.92412e+06,1.38574e+07,0,0,0,2.76816e+08
98.2996,103.622,6.59039,0.02,0,3.43013,3.43013,0,0.642754,6.16896,4.29004e+06,2.93582e+06,1.47154e+07,0,0,0,0,62.3362,61.308,5.57213,1,1,1.55441,1.55441,0,1.20084,1.69344,8.91558e+06,3.92412e+06,1.38585e+07,0,0,0,2.76816e+08
101.629,103.622,7.56939,0.02,0,3.43041,3.43041,0,0.642806,6.16896,4.29004e+06,2.93582e+06,1.47166e+07,0,0,0,0,62.3362,61.308,6.25554,1,1,1.55454,1.55454,0,1.20094,1.69344,8.91558e+06,3.92412e+06,1.38596e+07,0,0,0,2.76816e+08
103.622,103.622,6.83217,0.02,0,3.43069,3.43069,0,0.642858,6.16896,4.29004e+06,2.93582e+06,1.47178e+07,0,0,0,0,62.3362,61.308,5.40937,1,1,1.55467,1.55467,0,1.20104,1.69344,8.91558e+06,3.92412e+06,1.38608e+07,0,0,0,2.76816e+08
103.622,103.622,6.15758,0.01,0,3.43096,3.43096,0,0.642911,6.16896,4.29004e+06,2.93582e+06,1.4719e+07,0,0,0,0,62.3362,61.308,5.34762,1,1,1.55479,1.55479,0,1.20113,1.69344,8.91558e+06,3.92412e+06,1.38619e+07,0,0,0,2.76816e+08
103.622,103.622,5.39999,0.01,0,3.53872,3.53872,0,0.642963,6.16896,4.29004e+06,2.93582e+06,1.51813e+07,0,0,0,0,62.1561,61.308,2.85569,1,1,1.60519,1.60519,0,1.20123,1.69344,8.91558e+06,3.92412e+06,1.43112e+07,0,0,0,2.76816e+08
103.622,103.622,3.48507,0,0,3.53897,3.53897,0,0.663156,6.16896,4.29004e+06,2.93582e+06,1.51823e+07,0,0,0,0,62.0993,61.308,1.98699,1,1,1.6053,1.6053,0,1.24017,1.69344,8.91558e+06,3.92412e+06,1.43122e+07,0,0,0,2.76816e+08
103.622,103.622,5.0882,0.01,0,3.53923,3.53923,0,0.663203,6.16896,4.29004e+06,2.93582e+06,1.51834e+07,0,0,0,0,62.3362,61.308,3.56303,1,1,1.60542,1.60542,0,1.24026,1.69344,8.91558e+06,3.92412e+06,1.43132e+07,0,0,0,2.76816e+08
103.622,103.622,5.26854,0.01,0,3.53948,3.53948,0,0.663251,6.16896,4.29004e+06,2.93582e+06,1.51845e+07,0,0,0,0,62.3362,61.308,3.59698,1,1,1.60553,1.60553,0,1.24035,1.69344,8.91558e+06,3.92412e+06,1.43143e+07,0,0,0,2.76816e+08
103.622,103.622,5.49747,0.01,0,3.88499,3.88499,0,0.663299,6.16896,4.29004e+06,2.93582e+06,1.66668e+07,0,0,0,0,62.3362,61.308,3.58578,1,1,1.69344,1.79444,0.101,1.24044,1.69344,8.91558e+06,3.92412e+06,1.5098e+07,0,0,0,2.76816e+08
103.622,103.622,5.51088,0.01,0,3.88527,3.88527,0,0.728048,6.16896,4.29004e+06,2.93582e+06,1.6668e+07,0,0,0,0,62.3362,61.308,4.53887,1,1,1.69344,1.79457,0.101129,1.30835,1.69344,8.91558e+06,3.92412e+06,1.5098e+07,0,0,0,2.76816e+08
103.622,103.622,4.81086,0.01,0,3.88555,3.88555,0,0.728101,6.16896,4.29004e+06,2.93582e+06,1.66692e+07,0,0,0,0,62.3362,61.308,4.03068,1,1,1.69344,1.7947,0.101258,1.30835,1.69344,8.91558e+06,3.92412e+06,1.5098e+07,0,0,0,2.76816e+08
103.622,103.622,5.27322,0.01,0,3.88583,3.88583,0,0.728153,6.16896,4.29004e+06,2.93582e+06,1.66704e+07,0,0,0,0,62.3362,61.308,4.19289,1,1,1.69344,1.79483,0.101388,1.30835,1.69344,8.91558e+06,3.92412e+06,1.5098e+07,0,0,0,2.76816e+08
103.622,103.622,6.64795,0.01,0,3.39352,3.39352,0,0.728205,6.16896,4.29004e+06,2.93582e+06,1.45584e+07,0,0,0,0,62.3362,61.308,6.15895,1,1,1.54153,1.54153,0,1.30835,1.69344,8.91558e+06,3.92412e+06,1.37436e+07,0,0,0,2.76816e+08
103.622,103.622,6.63449,0.01,0,3.39377,3.39377,0,0.635947,6.16896,4.29004e+06,2.93582e+06,1.45594e+07,0,0,0,0,62.3362,61.308,6.16259,1,1,1.54164,1.54164,0,1.19098,1.69344,8.91558e+06,3.92412e+06,1.37446e+07,0,0,0,2.76816e+08
103.622,103.622,5.33176,0.01,0,3.39401,3.39401,0,0.635992,6.16896,4.29004e+06,2.93582e+06,1.45605e+07,0,0,0,0,62.3362,61.308,4.38556,1,1,1.54175,1.54175,0,1.19107,1.69344,8.91558e+06,3.92412e+06,1.37456e+07,0,0,0,2.76816e+08
103.622,103.622,3.79819,0.01,0,3.39426,3.39426,0,0.636038,6.16896,4.29004e+06,2.93582e+06,1.45615e+07,0,0,0,0,62.3362,61.308,3.39643,1,1,1.54186,1.54186,0,1.19115,1.69344,8.91558e+06,3.92412e+06,1.37466e+07,0,0,0,2.76816e+08
103.622,103.622,5.13246,0.01,0,3.3945,3.3945,0,0.636084,6.16896,4.29004e+06,2.93582e+06,1.45626e+07,0,0,0,0,62.3362,61.308,4.25362,1,1,1.54197,1.54197,0,1.19124,1.69344,8.91558e+06,3.92412e+06,1.37476e+07,0,0,0,2.76816e+08
103.622,103.622,6.26845,0,0,3.51878,3.51878,0,0.63613,6.16896,4.29004e+06,2.93582e+06,1.50957e+07,0,0,0,0,62.3362,61.308,9.73103,1,1,1.6041,1.6041,0,1.19133,1.69344,8.91558e+06,3.92412e+06,1.43015e+07,0,0,0,2.76816e+08
103.622,103.622,5.45399,0,0,3.51904,3.51904,0,0.65942,6.16896,4.29004e+06,2.93582e+06,1.50968e+07,0,0,0,0,62.3362,61.308,6.79079,1,1,1.60422,1.60422,0,1.23933,1.69344,8.91558e+06,3.92412e+06,1.43025e+07,0,0,0,2.76816e+08
103.622,103.622,4.21962,0,0,3.51929,3.51929,0,0.659468,6.16896,4.29004e+06,2.93582e+06,1.50979e+07,0,0,0,0,62.3362,61.308,4.52296,1,1,1.60433,1.60433,0,1.23942,1.69344,8.91558e+06,3.92412e+06,1.43036e+07,0,0,0,2.76816e+08
103.622,103.622,4.01153,0,0,3.51954,3.51954,0,0.659515,6.16896,4.29004e+06,2.93582e+06,1.5099e+07,0,0,0,0,62.3362,61.308,3.91116,1,1,1.60445,1.60445,0,1.23951,1.69344,8.91558e+06,3.92412e+06,1.43046e+07,0,0,0,2.76816e+08
103.622,103.622,3.78702,0,0,3.47129,3.47129,0,0.659563,6.16896,4.29004e+06,2.93582e+06,1.4892e+07,0,0,0,0,62.3362,61.308,3.93695,1,1,1.58047,1.58047,0,1.2396,1.69344,8.91558e+06,3.92412e+06,1.40908e+07,0,0,0,2.76816e+08
103.622,103.622,3.62374,0,0,3.47154,3.47154,0,0.650519,6.16896,4.29004e+06,2.93582e+06,1.4893e+07,0,0,0,0,62.3362,61.308,3.87247,1,1,1.58058,1.58058,0,1.22107,1.69344,8.91558e+06,3.92412e+06,1.40918e+07,0,0,0,2.76816e+08
103.408,103.622,3.25019,0,0,3.47179,3.47179,0,0.650566,6.16896,4.29004e+06,2.93582e+06,1.48941e+07,0,0,0,0,62.3362,61.308,4.04874,1,1,1.5807,1.5807,0,1.22116,1.69344,8.91558e+06,3.92412e+06,1.40928e+07,0,0,0,2.76816e+08
102.924,103.622,2.95348,0.01,0,3.47204,3.47204,0,0.650613,6.16896,4.29004e+06,2.93582e+06,1.48952e+07,0,0,0,0,62.3362,61.308,3.918,1,1,1.58081,1.58081,0,1.22125,1.69344,8.91558e+06,3.92412e+06,1.40938e+07,0,0,0,2.76816e+08
102.522,103.622,3.16778,0.01,0,3.637,3.637,0,0.65066,6.16896,4.29004e+06,2.93582e+06,1.56029e+07,0,0,0,0,62.3362,61.308,3.4754,1,1,1.6664,1.6664,0,1.22133,1.69344,8.91558e+06,3.92412e+06,1.48569e+07,0,0,0,2.76816e+08
101.807,103.622,2.71806,0.01,0,3.63726,3.63726,0,0.681574,6.16896,4.29004e+06,2.93582e+06,1.5604e+07,0,0,0,0,62.3293,61.308,3.23079,1,1,1.66652,1.66652,0,1.28746,1.69344,8.91558e+06,3.92412e+06,1.4858e+07,0,0,0,2.76816e+08
100.981,103.622,2.56993,0.01,0,3.63752,3.63752,0,0.681623,6.16896,4.29004e+06,2.93582e+06,1.56051e+07,0,0,0,0,62.2432,61.308,2.90056,1,1,1.66664,1.66664,0,1.28755,1.69344,8.91558e+06,3.92412e+06,1.4859e+07,0,0,0,2.76816e+08
99.9921,103.622,2.3367,0.02,0,3.63779,3.63779,0,0.681672,6.16896,4.29004e+06,2.93582e+06,1.56063e+07,0,0,0,0,62.096,61.308,2.79527,1,1,1.66676,1.66676,0,1.28764,1.69344,8.91558e+06,3.92412e+06,1.48601e+07,0,0,0,2.76816e+08
98.918,103.622,2.22011,0.02,0,3.63805,3.63805,0,0.681721,6.16896,4.29004e+06,2.93582e+06,1.56074e+07,0,0,0,0,61.9042,61.308,2.62413,1,1,1.66688,1.66688,0,1.28774,1.69344,8.91558e+06,3.92412e+06,1.48612e+07,0,0,0,2.76816e+08
98.2897,103.622,2.60402,0.02,0,3.60572,3.60572,0,0.68177,6.16896,4.29004e+06,2.93582e+06,1.54687e+07,0,0,0,0,62.0611,61.308,3.18775,1,1,1.69344,1.71399,0.0205513,1.28783,1.69344,8.91558e+06,3.92412e+06,1.5098e+07,0,0,0,2.76816e+08
97.5624,103.622,2.46994,0.02,0,3.60598,3.60598,0,0.675713,6.16896,4.29004e+06,2.93582e+06,1.54698e+07,0,0,0,0,62.1368,61.308,3.06903,1,1,1.69344,1.71411,0.0206747,1.30835,1.69344,8.91558e+06,3.92412e+06,1.5098e+07,0,0,0,2.76816e+08
96.7345,103.622,2.34459,0.02,0,3.60624,3.60624,0,0.675761,6.16896,4.29004e+06,2.93582e+06,1.54709e+07,0,0,0,0,62.1172,61.308,2.90084,1,1,1.69344,1.71424,0.0207982,1.30835,1.69344,8.91558e+06,3.92412e+06,1.5098e+07,0,0,0,2.76816e+08
95.7651,103.622,2.17468,0.03,0,3.6065,3.6065,0,0.67581,6.16896,4.29004e+06,2.93582e+06,1.54721e+07,0,0,0,0,62.007,61.308,2.70959,1,1,1.69344,1.71436,0.0209215,1.30835,1.69344,8.91558e+06,3.92412e+06,1.5098e+07,0,0,0,2.76816e+08
94.5323,103.622,1.90507,0.03,0,3.69094,3.69094,0,0.675859,6.16896,4.29004e+06,2.93582e+06,1.58343e+07,0,0,0,0,61.7367,61.308,2.2732,1,1,1.69344,1.75638,0.0629394,1.30835,1.69344,8.91558e+06,3.92412e+06,1.5098e+07,0,0,0,2.76816e+08
93.4413,103.622,2.0503,0.03,0,3.6912,3.6912,0,0.691682,6.16896,4.29004e+06,2.93582e+06,1.58354e+07,0,0,0,0,61.5977,61.308,2.61169,1,1,1.69344,1.75651,0.0630657,1.30835,1.69344,8.91558e+06,3.92412e+06,1.5098e+07,0,0,0,2.76816e+08
92.2035,103.622,1.85738,0.03,0,3.69147,3.69147,0,0.691732,6.16896,4.29004e+06,2.93582e+06,1.58366e+07,0,0,0,0,61.3084,61.308,2.49901,1,1,1.69344,1.75663,0.0631922,1.30835,1.69344,8.91558e+06,3.92412e+06,1.5098e+07,0,0,0,2.76816e+08
90.8346,103.622,1.68889,0.06,0,3.69174,3.69174,0,0.691781,6.16896,4.29004e+06,2.93582e+06,1.58377e+07,0,0,0,0,60.9711,61.308,2.17127,1,1,1.69344,1.75676,0.0633187,1.30835,1.69344,8.91558e+06,3.92412e+06,1.5098e+07,0,0,0,2.76816e+08
89.481,103.622,1.87448,0.06,0,3.93857,3.93857,0,0.691831,6.16896,4.29004e+06,2.93582e+06,1.68967e+07,0,0,0,0,60.763,61.308,2.70406,1,1,1.69344,1.90815,0.214706,1.30835,1.69344,8.91558e+06,3.92412e+06,1.5098e+07,0,0,0,2.76816e+08
88.114,103.622,1.79952,0.06,0,3.93886,3.93886,0,0.738089,6.16896,4.29004e+06,2.93582e+06,1.68979e+07,0,0,0,0,60.6397,61.308,2.62133,1,1,1.69344,1.90828,0.214843,1.30835,1.69344,8.91558e+06,3.92412e+06,1.5098e+07,0,0,0,2.76816e+08
86.7181,103.622,1.74918,0.06,0,3.93914,3.93914,0,0.738142,6.16896,4.29004e+06,2.93582e+06,1.68991e+07,0,0,0,0,60.4863,61.308,2.5429,1,1,1.69344,1.90842,0.21498,1.30835,1.69344,8.91558e+06,3.92412e+06,1.5098e+07,0,0,0,2.76816e+08
85.7179,103.622,2.17277,0.05,0,3.93942,3.93942,0,0.738195,6.16896,4.29004e+06,2.93582e+06,1.69003e+07,0,0,0,0,60.39,61.308,2.79831,1,1,1.69344,1.90856,0.215118,1.30835,1.69344,8.91558e+06,3.92412e+06,1.5098e+07,0,0,0,2.76816e+08
84.2639,103.622,1.64402,0.06,0,3.93971,3.93971,0,0.738248,6.16896,4.29004e+06,2.93582e+06,1.69015e+07,0,0,0,0,60.2015,61.308,2.51175,1,1,1.69344,1.90869,0.215255,1.30835,1.69344,8.91558e+06,3.92412e+06,1.5098e+07,0,0,0,2.76816e+08
82.4843,103.622,1.22955,0.05,0,3.81978,3.81978,0,0.738301,6.16896,4.29004e+06,2.93582e+06,1.6387e+07,0,0,0,0,59.9046,61.308,2.04873,1,1,1.69344,1.81699,0.12355,1.30835,1.69344,8.91558e+06,3.92412e+06,1.5098e+07,0,0,0,2.76816e+08
80.8971,103.622,1.43602,0.08,0,3.82005,3.82005,0,0.715826,6.16896,4.29004e+06,2.93582e+06,1.63882e+07,0,0,0,0,59.8586,61.308,2.71485,1,1,1.69344,1.81712,0.123681,1.30835,1.69344,8.91558e+06,3.92412e+06,1.5098e+07,0,0,0,2.76816e+08
79.2514,103.622,1.31579,0.08,0,3.82033,3.82033,0,0.715878,6.16896,4.29004e+06,2.93582e+06,1.63894e+07,0,0,0,0,59.6927,61.308,2.54912,1,1,1.69344,1.81725,0.123812,1.30835,1.69344,8.91558e+06,3.92412e+06,1.5098e+07,0,0,0,2.76816e+08
77.8227,103.622,1.55994,0.07,0,3.8206,3.8206,0,0.715929,6.16896,4.29004e+06,2.93582e+06,1.63906e+07,0,0,0,0,59.7739,61.308,3.5181,1,1,1.69344,1.81738,0.123942,1.30835,1.69344,8.91558e+06,3.92412e+06,1.5098e+07,0,0,0,2.76816e+08
77.0076,103.622,2.24889,0.07,0,3.72218,3.72218,0,0.715981,6.16896,4.29004e+06,2.93582e+06,1.59683e+07,0,0,0,0,59.9436,61.308,3.5406,1,1,1.69344,1.73389,0.0404496,1.30835,1.69344,8.91558e+06,3.92412e+06,1.5098e+07,0,0,0,2.76816e+08
77.512,103.622,3.75593,0.06,0,3.72244,3.72244,0,0.697536,6.16896,4.29004e+06,2.93582e+06,1.59694e+07,0,0,0,0,61.2427,61.308,5.90845,1,1,1.69344,1.73401,0.0405744,1.30835,1.69344,8.91558e+06,3.92412e+06,1.5098e+07,0,0,0,2.76816e+08
77.1885,103.622,2.81056,0.06,0,3.72271,3.72271,0,0.697586,6.16896,4.29004e+06,2.93582e+06,1.59706e+07,0,0,0,0,62.3362,61.308,6.39715,1,1,1.69344,1.73414,0.0406992,1.30835,1.69344,8.91558e+06,3.92412e+06,1.5098e+07,0,0,0,2.76816e+08
77.5569,103.622,3.766,0.04,0,3.72298,3.72298,0,0.697636,6.16896,4.29004e+06,2.93582e+06,1.59717e+07,0,0,0,0,62.3362,61.308,4.74137,1,1,1.69344,1.73426,0.040824,1.30835,1.69344,8.91558e+06,3.92412e+06,1.5098e+07,0,0,0,2.76816e+08
82.0573,103.622,8.08403,0.04,0,3.44284,3.44284,0,0.697686,6.16896,4.29004e+06,2.93582e+06,1.47699e+07,0,0,0,0,62.3362,61.308,8.93349,1,1,1.56018,1.56018,0,1.30835,1.69344,8.91558e+06,3.92412e+06,1.39099e+07,0,0,0,2.76816e+08
85.285,103.622,6.99398,0.05,0,3.44309,3.44309,0,0.645189,6.16896,4.29004e+06,2.93582e+06,1.4771e+07,0,0,0,0,62.3362,61.308,9.59021,1,1,1.56029,1.56029,0,1.20539,1.69344,8.91558e+06,3.92412e+06,1.39109e+07,0,0,0,2.76816e+08
87.6955,103.622,6.01784,0.04,0,3.44334,3.44334,0,0.645235,6.16896,4.29004e+06,2.93582e+06,1.47721e+07,0,0,0,0,62.3362,61.308,9.43487,1,1,1.5604,1.5604,0,1.20548,1.69344,8.91558e+06,3.92412e+06,1.39119e+07,0,0,0,2.76816e+08
92.3646,103.622,8.49458,0.03,0,3.44359,3.44359,0,0.645282,6.16896,4.29004e+06,2.93582e+06,1.47731e+07,0,0,0,0,62.3362,61.308,9.65058,1,1,1.56051,1.56051,0,1.20556,1.69344,8.91558e+06,3.92412e+06,1.39129e+07,0,0,0,2.76816e+08
96.129,103.622,7.72044,0.04,0,3.44383,3.44383,0,0.645328,6.16896,4.29004e+06,2.93582e+06,1.47742e+07,0,0,0,0,62.3362,61.308,9.55861,1,1,1.56062,1.56062,0,1.20565,1.69344,8.91558e+06,3.92412e+06,1.39139e+07,0,0,0,2.76816e+08
97.9306,103.622,5.55612,0.01,0,3.44383,3.44383,0,0.645375,6.16896,4.29004e+06,2.93582e+06,1.47742e+07,0,0,0,0,62.3362,61.308,8.62614,1,1,1.56062,1.56062,0,1.20574,1.69344,8.91558e+06,3.92412e+06,1.39139e+07,0,0,0,2.76816e+08
100.056,103.622,5.68399,0.02,0,3.55196,3.55196,0,0.645375,6.16896,4.29004e+06,2.93582e+06,1.52381e+07,0,0,0,0,62.3362,61.308,6.66905,1,1,1.61119,1.61119,0,1.20574,1.69344,8.91558e+06,3.92412e+06,1.43647e+07,0,0,0,2.76816e+08
103.622,103.622,8.16532,0.02,0,3.55218,3.55218,0,0.665637,6.16896,4.29004e+06,2.93582e+06,1.5239e+07,0,0,0,0,62.3362,61.308,7.14687,1,1,1.6113,1.6113,0,1.24481,1.69344,8.91558e+06,3.92412e+06,1.43656e+07,0,0,0,2.76816e+08
103.622,103.622,11.4899,0.01,0,3.55241,3.55241,0,0.665679,6.16896,4.29004e+06,2.93582e+06,1.524e+07,0,0,0,0,62.3362,61.308,16.5952,1,1,1.6114,1.6114,0,1.24489,1.69344,8.91558e+06,3.92412e+06,1.43665e+07,0,0,0,2.76816e+08
103.622,103.622,12.3752,0.01,0,3.55263,3.55263,0,0.665721,6.16896,4.29004e+06,2.93582e+06,1.52409e+07,0,0,0,0,62.3362,61.308,20.8415,1,1,1.6115,1.6115,0,1.24496,1.69344,8.91558e+06,3.92412e+06,1.43674e+07,0,0,0,2.76816e+08
103.622,103.622,5.65427,0.01,0,3.89939,3.89939,0,0.665763,6.16896,4.29004e+06,2.93582e+06,1.67286e+07,0,0,0,0,62.3362,61.308,8.18712,1,1,1.69344,1.80109,0.107649,1.24504,1.69344,8.91558e+06,3.92412e+06,1.5098e+07,0,0,0,2.76816e+08
103.622,103.622,5.96066,0.01,0,3.89964,3.89964,0,0.730746,6.16896,4.29004e+06,2.93582e+06,1.67296e+07,0,0,0,0,62.3362,61.308,9.03547,1,1,1.69344,1.8012,0.107763,1.30835,1.69344,8.91558e+06,3.92412e+06,1.5098e+07,0,0,0,2.76816e+08
103.622,103.622,6.27377,0.01,0,3.89988,3.89988,0,0.730792,6.16896,4.29004e+06,2.93582e+06,1.67307e+07,0,0,0,0,62.3362,61.308,9.44432,1,1,1.69344,1.80132,0.107876,1.30835,1.69344,8.91558e+06,3.92412e+06,1.5098e+07,0,0,0,2.76816e+08
103.622,103.622,7.38426,0.01,0,3.90013,3.90013,0,0.730838,6.16896,4.29004e+06,2.93582e+06,1.67317e+07,0,0,0,0,62.3362,61.308,9.25491,1,1,1.69344,1.80143,0.107989,1.30835,1.69344,8.91558e+06,3.92412e+06,1.5098e+07,0,0,0,2.76816e+08
103.622,103.622,6.55726,0.01,0,3.40598,3.40598,0,0.730884,6.16896,4.29004e+06,2.93582e+06,1.46118e+07,0,0,0,0,62.3362,61.308,5.02402,1,1,1.54718,1.54718,0,1.30835,1.69344,8.91558e+06,3.92412e+06,1.3794e+07,0,0,0,2.76816e+08
103.622,103.622,8.93664,0.01,0,3.40619,3.40619,0,0.63828,6.16896,4.29004e+06,2.93582e+06,1.46127e+07,0,0,0,0,62.3362,61.308,6.27479,1,1,1.54728,1.54728,0,1.19535,1.69344,8.91558e+06,3.92412e+06,1.37949e+07,0,0,0,2.76816e+08
103.622,103.622,13.7669,0.01,0,3.4064,3.4064,0,0.63832,6.16896,4.29004e+06,2.93582e+06,1.46136e+07,0,0,0,0,62.3362,61.308,12.0506,1,1,1.54738,1.54738,0,1.19543,1.69344,8.91558e+06,3.92412e+06,1.37958e+07,0,0,0,2.76816e+08
103.622,103.622,7.06017,0.01,0,3.40662,3.40662,0,0.63836,6.16896,4.29004e+06,2.93582e+06,1.46145e+07,0,0,0,0,62.3362,61.308,4.89859,1,1,1.54747,1.54747,0,1.1955,1.69344,8.91558e+06,3.92412e+06,1.37966e+07,0,0,0,2.76816e+08
103.622,103.622,8.43275,0.01,0,3.40683,3.40683,0,0.6384,6.16896,4.29004e+06,2.93582e+06,1.46155e+07,0,0,0,0,62.3362,61.308,6.53797,1,1,1.54757,1.54757,0,1.19558,1.69344,8.91558e+06,3.92412e+06,1.37975e+07,0,0,0,2.76816e+08
103.622,103.622,5.59995,0,0,3.53153,3.53153,0,0.638441,6.16896,4.29004e+06,2.93582e+06,1.51504e+07,0,0,0,0,62.3362,61.308,4.47969,1,1,1.60991,1.60991,0,1.19565,1.69344,8.91558e+06,3.92412e+06,1.43533e+07,0,0,0,2.76816e+08
103.622,103.622,4.2151,0,0,3.53176,3.53176,0,0.661809,6.16896,4.29004e+06,2.93582e+06,1.51514e+07,0,0,0,0,62.3362,61.308,3.44134,1,1,1.61002,1.61002,0,1.24382,1.69344,8.91558e+06,3.92412e+06,1.43542e+07,0,0,0,2.76816e+08
103.622,103.622,3.79684,0,0,3.53198,3.53198,0,0.661851,6.16896,4.29004e+06,2.93582e+06,1.51523e+07,0,0,0,0,62.3362,61.308,3.10101,1,1,1.61012,1.61012,0,1.2439,1.69344,8.91558e+06,3.92412e+06,1.43551e+07,0,0,0,2.76816e+08
103.622,103.622,4.38934,0,0,3.5322,3.5322,0,0.661893,6.16896,4.29004e+06,2.93582e+06,1.51533e+07,0,0,0,0,62.3362,61.308,3.163,1,1,1.61022,1.61022,0,1.24398,1.69344,8.91558e+06,3.92412e+06,1.4356e+07,0,0,0,2.76816e+08
103.622,103.622,4.03061,0,0,3.48374,3.48374,0,0.661934,6.16896,4.29004e+06,2.93582e+06,1.49454e+07,0,0,0,0,62.3362,61.308,3.29533,1,1,1.58614,1.58614,0,1.24405,1.69344,8.91558e+06,3.92412e+06,1.41413e+07,0,0,0,2.76816e+08
103.622,103.622,4.10513,0,0,3.48396,3.48396,0,0.652852,6.16896,4.29004e+06,2.93582e+06,1.49463e+07,0,0,0,0,62.3362,61.308,3.34841,1,1,1.58624,1.58624,0,1.22545,1.69344,8.91558e+06,3.92412e+06,1.41422e+07,0,0,0,2.76816e+08
103.622,103.622,5.55713,0,0,3.48418,3.48418,0,0.652894,6.16896,4.29004e+06,2.93582e+06,1.49473e+07,0,0,0,0,62.3362,61.308,3.72658,1,1,1.58634,1.58634,0,1.22553,1.69344,8.91558e+06,3.92412e+06,1.41431e+07,0,0,0,2.76816e+08
103.622,103.622,3.81251,0.01,0,3.4844,3.4844,0,0.652935,6.16896,4.29004e+06,2.93582e+06,1.49482e+07,0,0,0,0,62.3362,61.308,3.4265,1,1,1.58644,1.58644,0,1.2256,1.69344,8.91558e+06,3.92412e+06,1.4144e+07,0,0,0,2.76816e+08
103.622,103.622,4.34513,0.01,0,3.64991,3.64991,0,0.652976,6.16896,4.29004e+06,2.93582e+06,1.56583e+07,0,0,0,0,62.3362,61.308,4.22053,1,1,1.67231,1.67231,0,1.22568,1.69344,8.91558e+06,3.92412e+06,1.49097e+07,0,0,0,2.76816e+08
103.622,103.622,3.80065,0.01,0,3.65014,3.65014,0,0.683994,6.16896,4.29004e+06,2.93582e+06,1.56593e+07,0,0,0,0,62.3362,61.308,3.64633,1,1,1.67242,1.67242,0,1.29203,1.69344,8.91558e+06,3.92412e+06,1.49106e+07,0,0,0,2.76816e+08
103.586,103.622,3.32744,0.01,0,3.65037,3.65037,0,0.684037,6.16896,4.29004e+06,2.93582e+06,1.56603e+07,0,0,0,0,62.3362,61.308,3.57,1,1,1.67252,1.67252,0,1.29211,1.69344,8.91558e+06,3.92412e+06,1.49115e+07,0,0,0,2.76816e+08
103.269,103.622,3.02499,0.02,0,3.6506,3.6506,0,0.68408,6.16896,4.29004e+06,2.93582e+06,1.56612e+07,0,0,0,0,62.3362,61.308,3.15754,1,1,1.67263,1.67263,0,1.29219,1.69344,8.91558e+06,3.92412e+06,1.49125e+07,0,0,0,2.76816e+08
102.53,103.622,2.51492,0.02,0,3.65083,3.65083,0,0.684123,6.16896,4.29004e+06,2.93582e+06,1.56622e+07,0,0,0,0,62.3344,61.308,2.9702,1,1,1.67273,1.67273,0,1.29227,1.69344,8.91558e+06,3.92412e+06,1.49134e+07,0,0,0,2.76816e+08
101.616,103.622,2.29686,0.03,0,3.61836,3.61836,0,0.684166,6.16896,4.29004e+06,2.93582e+06,1.55229e+07,0,0,0,0,62.2475,61.308,2.85632,1,1,1.69344,1.72,0.0265588,1.29235,1.69344,8.91558e+06,3.92412e+06,1.5098e+07,0,0,0,2.76816e+08
100.522,103.622,2.09535,0.03,0,3.61859,3.61859,0,0.678081,6.16896,4.29004e+06,2.93582e+06,1.55239e+07,0,0,0,0,62.1155,61.308,2.61103,1,1,1.69344,1.72011,0.0266671,1.30835,1.69344,8.91558e+06,3.92412e+06,1.5098e+07,0,0,0,2.76816e+08
99.2907,103.622,1.92183,0.03,0,3.61882,3.61882,0,0.678124,6.16896,4.29004e+06,2.93582e+06,1.55249e+07,0,0,0,0,61.9247,61.308,2.49833,1,1,1.69344,1.72022,0.0267753,1.30835,1.69344,8.91558e+06,3.92412e+06,1.5098e+07,0,0,0,2.76816e+08
98.1718,103.622,1.98678,0.03,0,3.61905,3.61905,0,0.678166,6.16896,4.29004e+06,2.93582e+06,1.55259e+07,0,0,0,0,61.6826,61.308,2.57645,1,1,1.69344,1.72032,0.0268836,1.30835,1.69344,8.91558e+06,3.92412e+06,1.5098e+07,0,0,0,2.76816e+08
97.0169,103.622,1.99855,0.03,0,3.70374,3.70374,0,0.678209,6.16896,4.29004e+06,2.93582e+06,1.58892e+07,0,0,0,0,61.4536,61.308,2.68169,1,1,1.69344,1.76247,0.0690314,1.30835,1.69344,8.91558e+06,3.92412e+06,1.5098e+07,0,0,0,2.76816e+08
95.667,103.622,1.77774,0.04,0,3.70397,3.70397,0,0.694081,6.16896,4.29004e+06,2.93582e+06,1.58902e+07,0,0,0,0,61.1825,61.308,2.43641,1,1,1.69344,1.76258,0.0691423,1.30835,1.69344,8.91558e+06,3.92412e+06,1.5098e+07,0,0,0,2.76816e+08
94.1896,103.622,1.61936,0.05,0,3.70421,3.70421,0,0.694125,6.16896,4.29004e+06,2.93582e+06,1.58912e+07,0,0,0,0,60.9001,61.308,2.37731,1,1,1.69344,1.76269,0.0692532,1.30835,1.69344,8.91558e+06,3.92412e+06,1.5098e+07,0,0,0,2.76816e+08
92.4735,103.622,1.35213,0.06,0,3.70444,3.70444,0,0.694168,6.16896,4.29004e+06,2.93582e+06,1.58922e+07,0,0,0,0,60.6105,61.308,2.33887,1,1,1.69344,1.7628,0.0693642,1.30835,1.69344,8.91558e+06,3.92412e+06,1.5098e+07,0,0,0,2.76816e+08
91.18,103.622,1.93361,0.07,0,3.95209,3.95209,0,0.694212,6.16896,4.29004e+06,2.93582e+06,1.69546e+07,0,0,0,0,60.3439,61.308,2.53289,1,1,1.69344,1.91469,0.221255,1.30835,1.69344,8.91558e+06,3.92412e+06,1.5098e+07,0,0,0,2.76816e+08
90.0185,103.622,2.08215,0.07,0,3.95234,3.95234,0,0.740622,6.16896,4.29004e+06,2.93582e+06,1.69557e+07,0,0,0,0,60.2391,61.308,3.12013,1,1,1.69344,1.91481,0.221375,1.30835,1.69344,8.91558e+06,3.92412e+06,1.5098e+07,0,0,0,2.76816e+08
88.5473,103.622,1.72232,0.07,0,3.95259,3.95259,0,0.740669,6.16896,4.29004e+06,2.93582e+06,1.69568e+07,0,0,0,0,59.9002,61.308,2.17108,1,1,1.69344,1.91494,0.221495,1.30835,1.69344,8.91558e+06,3.92412e+06,1.5098e+07,0,0,0,2.76816e+08
87.4738,103.622,2.15324,0.07,0,3.95284,3.95284,0,0.740715,6.16896,4.29004e+06,2.93582e+06,1.69578e+07,0,0,0,0,60.0219,61.308,4.13729,1,1,1.69344,1.91506,0.221616,1.30835,1.69344,8.91558e+06,3.92412e+06,1.5098e+07,0,0,0,2.76816e+08
86.4995,103.622,2.2828,0.07,0,3.95309,3.95309,0,0.740762,6.16896,4.29004e+06,2.93582e+06,1.69589e+07,0,0,0,0,60.0429,61.308,4.35681,1,1,1.69344,1.91518,0.221736,1.30835,1.69344,8.91558e+06,3.92412e+06,1.5098e+07,0,0,0,2.76816e+08
85.4451,103.622,2.14359,0.08,0,3.83271,3.83271,0,0.740808,6.16896,4.29004e+06,2.93582e+06,1.64425e+07,0,0,0,0,60.5285,61.308,7.8742,1,1,1.69344,1.82314,0.129703,1.30835,1.69344,8.91558e+06,3.92412e+06,1.5098e+07,0,0,0,2.76816e+08
84.1644,103.622,1.85431,0.06,0,3.83296,3.83296,0,0.718251,6.16896,4.29004e+06,2.93582e+06,1.64435e+07,0,0,0,0,60.3691,61.308,4.54494,1,1,1.69344,1.82326,0.129818,1.30835,1.69344,8.91558e+06,3.92412e+06,1.5098e+07,0,0,0,2.76816e+08
82.8625,103.622,1.79843,0.05,0,3.8332,3.8332,0,0.718296,6.16896,4.29004e+06,2.93582e+06,1.64446e+07,0,0,0,0,60.1501,61.308,4.16454,1,1,1.69344,1.82337,0.129933,1.30835,1.69344,8.91558e+06,3.92412e+06,1.5098e+07,0,0,0,2.76816e+08
83.1842,103.622,3.72209,0.09,0,3.83344,3.83344,0,0.718341,6.16896,4.29004e+06,2.93582e+06,1.64456e+07,0,0,0,0,60.4985,61.308,5.82652,1,1,1.69344,1.82349,0.130048,1.30835,1.69344,8.91558e+06,3.92412e+06,1.5098e+07,0,0,0,2.76816e+08
84.477,103.622,4.59527,0.04,0,3.73465,3.73465,0,0.718386,6.16896,4.29004e+06,2.93582e+06,1.60218e+07,0,0,0,0,60.36,61.308,4.51319,1,1,1.69344,1.7397,0.0462585,1.30835,1.69344,8.91558e+06,3.92412e+06,1.5098e+07,0,0,0,2.76816e+08
85.5531,103.622,4.46544,0.04,0,3.73488,3.73488,0,0.699872,6.16896,4.29004e+06,2.93582e+06,1.60228e+07,0,0,0,0,60.8108,61.308,5.97154,1,1,1.69344,1.73981,0.046368,1.30835,1.69344,8.91558e+06,3.92412e+06,1.5098e+07,0,0,0,2.76816e+08
86.6562,103.622,4.5247,0.04,0,3.73512,3.73512,0,0.699917,6.16896,4.29004e+06,2.93582e+06,1.60238e+07,0,0,0,0,61.0048,61.308,6.21548,1,1,1.69344,1.73992,0.0464774,1.30835,1.69344,8.91558e+06,3.92412e+06,1.5098e+07,0,0,0,2.76816e+08
88.7657,103.622,5.72245,0.04,0,3.73535,3.73535,0,0.699961,6.16896,4.29004e+06,2.93582e+06,1.60248e+07,0,0,0,0,61.917,61.308,7.44847,1,1,1.69344,1.74003,0.0465868,1.30835,1.69344,8.91558e+06,3.92412e+06,1.5098e+07,0,0,0,2.76816e+08
89.0103,103.622,3.48383,0.05,0,3.45425,3.45425,0,0.700005,6.16896,4.29004e+06,2.93582e+06,1.48189e+07,0,0,0,0,62.3362,61.308,3.89787,1,1,1.56535,1.56535,0,1.30835,1.69344,8.91558e+06,3.92412e+06,1.3956e+07,0,0,0,2.76816e+08
88.6542,103.622,2.94966,0.04,0,3.45447,3.45447,0,0.647327,6.16896,4.29004e+06,2.93582e+06,1.48198e+07,0,0,0,0,62.3362,61.308,4.67726,1,1,1.56544,1.56544,0,1.20939,1.69344,8.91558e+06,3.92412e+06,1.39568e+07,0,0,0,2.76816e+08
88.1649,103.622,2.78228,0.05,0,3.45469,3.45469,0,0.647368,6.16896,4.29004e+06,2.93582e+06,1.48208e+07,0,0,0,0,62.3362,61.308,4.15797,1,1,1.56554,1.56554,0,1.20946,1.69344,8.91558e+06,3.92412e+06,1.39577e+07,0,0,0,2.76816e+08
88.7903,103.622,3.99211,0.05,0,3.4549,3.4549,0,0.647408,6.16896,4.29004e+06,2.93582e+06,1.48217e+07,0,0,0,0,62.3362,61.308,5.50732,1,1,1.56564,1.56564,0,1.20954,1.69344,8.91558e+06,3.92412e+06,1.39586e+07,0,0,0,2.76816e+08
91.1169,103.622,5.9761,0.06,0,3.45512,3.45512,0,0.647449,6.16896,4.29004e+06,2.93582e+06,1.48226e+07,0,0,0,0,62.3362,61.308,5.67994,1,1,1.56574,1.56574,0,1.20961,1.69344,8.91558e+06,3.92412e+06,1.39595e+07,0,0,0,2.76816e+08
95.7569,103.622,8.5622,0.06,0,3.56357,3.56357,0,0.64749,6.16896,4.29004e+06,2.93582e+06,1.52879e+07,0,0,0,0,62.3362,61.308,9.66215,1,1,1.61646,1.61646,0,1.20969,1.69344,8.91558e+06,3.92412e+06,1.44117e+07,0,0,0,2.76816e+08
96.7622,103.622,4.8331,0.03,0,3.56376,3.56376,0,0.667813,6.16896,4.29004e+06,2.93582e+06,1.52887e+07,0,0,0,0,62.3362,61.308,6.19043,1,1,1.61655,1.61655,0,1.24888,1.69344,8.91558e+06,3.92412e+06,1.44125e+07,0,0,0,2.76816e+08
99.8945,103.622,7.2452,0.03,0,3.56395,3.56395,0,0.667849,6.16896,4.29004e+06,2.93582e+06,1.52895e+07,0,0,0,0,62.3362,61.308,9.75412,1,1,1.61663,1.61663,0,1.24894,1.69344,8.91558e+06,3.92412e+06,1.44132e+07,0,0,0,2.76816e+08
100.555,103.622,4.58603,0.04,0,3.56415,3.56415,0,0.667885,6.16896,4.29004e+06,2.93582e+06,1.52903e+07,0,0,0,0,62.3362,61.308,6.08304,1,1,1.61672,1.61672,0,1.24901,1.69344,8.91558e+06,3.92412e+06,1.4414e+07,0,0,0,2.76816e+08
101.681,103.622,5.26887,0.02,0,3.912,3.912,0,0.667921,6.16896,4.29004e+06,2.93582e+06,1.67826e+07,0,0,0,0,62.3362,61.308,6.62299,1,1,1.69344,1.80691,0.113472,1.24908,1.69344,8.91558e+06,3.92412e+06,1.5098e+07,0,0,0,2.76816e+08
103.622,103.622,8.07899,0.02,0,3.91221,3.91221,0,0.733108,6.16896,4.29004e+06,2.93582e+06,1.67835e+07,0,0,0,0,62.3362,61.308,8.10905,1,1,1.69344,1.80701,0.113569,1.30835,1.69344,8.91558e+06,3.92412e+06,1.5098e+07,0,0,0,2.76816e+08
103.622,103.622,5.37141,0.01,0,3.91242,3.91242,0,0.733148,6.16896,4.29004e+06,2.93582e+06,1.67844e+07,0,0,0,0,62.3362,61.308,6.7332,1,1,1.69344,1.80711,0.113667,1.30835,1.69344,8.91558e+06,3.92412e+06,1.5098e+07,0,0,0,2.76816e+08
103.622,103.622,6.53002,0.01,0,3.91263,3.91263,0,0.733187,6.16896,4.29004e+06,2.93582e+06,1.67854e+07,0,0,0,0,62.3362,61.308,6.96256,1,1,1.69344,1.8072,0.113765,1.30835,1.69344,8.91558e+06,3.92412e+06,1.5098e+07,0,0,0,2.76816e+08
103.622,103.622,4.92893,0.01,0,3.41686,3.41686,0,0.733227,6.16896,4.29004e+06,2.93582e+06,1.46585e+07,0,0,0,0,62.3362,61.308,3.87687,1,1,1.55213,1.55213,0,1.30835,1.69344,8.91558e+06,3.92412e+06,1.38381e+07,0,0,0,2.76816e+08
103.622,103.622,5.172,0.01,0,3.41705,3.41705,0,0.64032,6.16896,4.29004e+06,2.93582e+06,1.46593e+07,0,0,0,0,62.3362,61.308,4.10768,1,1,1.55221,1.55221,0,1.19917,1.69344,8.91558e+06,3.92412e+06,1.38389e+07,0,0,0,2.76816e+08
103.622,103.622,4.02862,0.01,0,3.41723,3.41723,0,0.640355,6.16896,4.29004e+06,2.93582e+06,1.46601e+07,0,0,0,0,62.3362,61.308,3.16915,1,1,1.5523,1.5523,0,1.19924,1.69344,8.91558e+06,3.92412e+06,1.38396e+07,0,0,0,2.76816e+08
103.622,103.622,4.77276,0.01,0,3.41742,3.41742,0,0.64039,6.16896,4.29004e+06,2.93582e+06,1.46609e+07,0,0,0,0,62.3362,61.308,3.54878,1,1,1.55238,1.55238,0,1.1993,1.69344,8.91558e+06,3.92412e+06,1.38404e+07,0,0,0,2.76816e+08
103.622,103.622,6.82206,0.01,0,3.4176,3.4176,0,0.640424,6.16896,4.29004e+06,2.93582e+06,1.46617e+07,0,0,0,0,62.3362,61.308,8.04094,1,1,1.55246,1.55246,0,1.19937,1.69344,8.91558e+06,3.92412e+06,1.38411e+07,0,0,0,2.76816e+08
103.622,103.622,5.10515,0,0,3.54267,3.54267,0,0.640459,6.16896,4.29004e+06,2.93582e+06,1.51982e+07,0,0,0,0,62.3362,61.308,5.18098,1,1,1.61499,1.61499,0,1.19943,1.69344,8.91558e+06,3.92412e+06,1.43986e+07,0,0,0,2.76816e+08
103.622,103.622,4.84992,0,0,3.54286,3.54286,0,0.663896,6.16896,4.29004e+06,2.93582e+06,1.5199e+07,0,0,0,0,62.3362,61.308,5.48786,1,1,1.61508,1.61508,0,1.24774,1.69344,8.91558e+06,3.92412e+06,1.43993e+07,0,0,0,2.76816e+08
103.622,103.622,4.54993,0,0,3.54305,3.54305,0,0.663932,6.16896,4.29004e+06,2.93582e+06,1.51998e+07,0,0,0,0,62.3362,61.308,5.67185,1,1,1.61516,1.61516,0,1.24781,1.69344,8.91558e+06,3.92412e+06,1.44001e+07,0,0,0,2.76816e+08
103.622,103.622,3.87021,0,0,3.54324,3.54324,0,0.663967,6.16896,4.29004e+06,2.93582e+06,1.52007e+07,0,0,0,0,62.3362,61.308,5.44294,1,1,1.61525,1.61525,0,1.24788,1.69344,8.91558e+06,3.92412e+06,1.44009e+07,0,0,0,2.76816e+08
103.458,103.622,3.40598,0,0,3.4946,3.4946,0,0.664003,6.16896,4.29004e+06,2.93582e+06,1.4992e+07,0,0,0,0,62.3362,61.308,4.05104,1,1,1.59108,1.59108,0,1.24794,1.69344,8.91558e+06,3.92412e+06,1.41854e+07,0,0,0,2.76816e+08
102.964,103.622,3.02309,0.01,0,3.49478,3.49478,0,0.654887,6.16896,4.29004e+06,2.93582e+06,1.49928e+07,0,0,0,0,62.3362,61.308,3.88562,1,1,1.59117,1.59117,0,1.22927,1.69344,8.91558e+06,3.92412e+06,1.41862e+07,0,0,0,2.76816e+08
102.989,103.622,3.63383,0.01,0,3.49497,3.49497,0,0.654923,6.16896,4.29004e+06,2.93582e+06,1.49936e+07,0,0,0,0,62.3362,61.308,4.07803,1,1,1.59125,1.59125,0,1.22934,1.69344,8.91558e+06,3.92412e+06,1.4187e+07,0,0,0,2.76816e+08
102.573,103.622,3.11017,0.01,0,3.49516,3.49516,0,0.654958,6.16896,4.29004e+06,2.93582e+06,1.49944e+07,0,0,0,0,62.3362,61.308,3.83931,1,1,1.59134,1.59134,0,1.2294,1.69344,8.91558e+06,3.92412e+06,1.41877e+07,0,0,0,2.76816e+08
101.919,103.622,2.88548,0.02,0,3.66116,3.66116,0,0.654993,6.16896,4.29004e+06,2.93582e+06,1.57065e+07,0,0,0,0,62.3362,61.308,4.03275,1,1,1.67747,1.67747,0,1.22947,1.69344,8.91558e+06,3.92412e+06,1.49556e+07,0,0,0,2.76816e+08
101.091,103.622,2.63736,0.02,0,3.66136,3.66136,0,0.686101,6.16896,4.29004e+06,2.93582e+06,1.57074e+07,0,0,0,0,62.3362,61.308,3.75495,1,1,1.67756,1.67756,0,1.29601,1.69344,8.91558e+06,3.92412e+06,1.49564e+07,0,0,0,2.76816e+08
100.127,103.622,2.45069,0.02,0,3.66156,3.66156,0,0.686138,6.16896,4.29004e+06,2.93582e+06,1.57082e+07,0,0,0,0,62.3362,61.308,3.77764,1,1,1.67765,1.67765,0,1.29608,1.69344,8.91558e+06,3.92412e+06,1.49572e+07,0,0,0,2.76816e+08
99.1099,103.622,2.38672,0.02,0,3.66175,3.66175,0,0.686175,6.16896,4.29004e+06,2.93582e+06,1.57091e+07,0,0,0,0,62.3362,61.308,3.73035,1,1,1.67774,1.67774,0,1.29615,1.69344,8.91558e+06,3.92412e+06,1.4958e+07,0,0,0,2.76816e+08
98.9889,103.622,3.25516,0.02,0,3.66195,3.66195,0,0.686212,6.16896,4.29004e+06,2.93582e+06,1.57099e+07,0,0,0,0,62.3362,61.308,3.65523,1,1,1.67783,1.67783,0,1.29622,1.69344,8.91558e+06,3.92412e+06,1.49588e+07,0,0,0,2.76816e+08
99.1294,103.622,3.47668,0.03,0,3.62935,3.62935,0,0.68625,6.16896,4.29004e+06,2.93582e+06,1.55701e+07,0,0,0,0,62.3362,61.308,3.56456,1,1,1.69344,1.72522,0.0317814,1.29629,1.69344,8.91558e+06,3.92412e+06,1.5098e+07,0,0,0,2.76816e+08
99.128,103.622,3.31316,0.02,0,3.62955,3.62955,0,0.68014,6.16896,4.29004e+06,2.93582e+06,1.55709e+07,0,0,0,0,62.3362,61.308,3.49235,1,1,1.69344,1.72531,0.0318745,1.30835,1.69344,8.91558e+06,3.92412e+06,1.5098e+07,0,0,0,2.76816e+08
98.9733,103.622,3.13617,0.03,0,3.62974,3.62974,0,0.680177,6.16896,4.29004e+06,2.93582e+06,1.55717e+07,0,0,0,0,62.3362,61.308,3.504,1,1,1.69344,1.72541,0.0319677,1.30835,1.69344,8.91558e+06,3.92412e+06,1.5098e+07,0,0,0,2.76816e+08
98.5813,103.622,2.87877,0.03,0,3.62994,3.62994,0,0.680214,6.16896,4.29004e+06,2.93582e+06,1.55726e+07,0,0,0,0,62.3362,61.308,3.11899,1,1,1.69344,1.7255,0.0320609,1.30835,1.69344,8.91558e+06,3.92412e+06,1.5098e+07,0,0,0,2.76816e+08
97.9675,103.622,2.63847,0.03,0,3.71485,3.71485,0,0.68025,6.16896,4.29004e+06,2.93582e+06,1.59369e+07,0,0,0,0,62.3076,61.308,2.60803,1,1,1.69344,1.76776,0.07432,1.30835,1.69344,8.91558e+06,3.92412e+06,1.5098e+07,0,0,0,2.76816e+08
97.182,103.622,2.43622,0.03,0,3.71505,3.71505,0,0.696164,6.16896,4.29004e+06,2.93582e+06,1.59377e+07,0,0,0,0,62.2087,61.308,2.33813,1,1,1.69344,1.76786,0.0744155,1.30835,1.69344,8.91558e+06,3.92412e+06,1.5098e+07,0,0,0,2.76816e+08
96.4601,103.622,2.50718,0.04,0,3.71526,3.71526,0,0.696201,6.16896,4.29004e+06,2.93582e+06,1.59386e+07,0,0,0,0,62.2067,61.308,2.63174,1,1,1.69344,1.76795,0.074511,1.30835,1.69344,8.91558e+06,3.92412e+06,1.5098e+07,0,0,0,2.76816e+08
95.8517,103.622,2.61498,0.04,0,3.71546,3.71546,0,0.696239,6.16896,4.29004e+06,2.93582e+06,1.59395e+07,0,0,0,0,62.2588,61.308,2.76231,1,1,1.69344,1.76805,0.0746065,1.30835,1.69344,8.91558e+06,3.92412e+06,1.5098e+07,0,0,0,2.76816e+08
94.6211,103.622,2.07477,0.04,0,3.96381,3.96381,0,0.696276,6.16896,4.29004e+06,2.93582e+06,1.70049e+07,0,0,0,0,62.1155,61.308,2.23925,1,1,1.69344,1.92037,0.226932,1.30835,1.69344,8.91558e+06,3.92412e+06,1.5098e+07,0,0,0,2.76816e+08
93.3405,103.622,1.99478,0.04,0,3.96402,3.96402,0,0.742818,6.16896,4.29004e+06,2.93582e+06,1.70058e+07,0,0,0,0,61.9092,61.308,2.07124,1,1,1.69344,1.92048,0.227035,1.30835,1.69344,8.91558e+06,3.92412e+06,1.5098e+07,0,0,0,2.76816e+08
92.8973,103.622,2.83631,0.04,0,3.96424,3.96424,0,0.742858,6.16896,4.29004e+06,2.93582e+06,1.70068e+07,0,0,0,0,61.8191,61.308,2.41712,1,1,1.69344,1.92058,0.227139,1.30835,1.69344,8.91558e+06,3.92412e+06,1.5098e+07,0,0,0,2.76816e+08
93.5918,103.622,4.06602,0.07,0,3.96445,3.96445,0,0.742898,6.16896,4.29004e+06,2.93582e+06,1.70077e+07,0,0,0,0,62.0274,61.308,2.83398,1,1,1.69344,1.92068,0.227243,1.30835,1.69344,8.91558e+06,3.92412e+06,1.5098e+07,0,0,0,2.76816e+08
94.5629,103.622,4.36576,0.03,0,3.96467,3.96467,0,0.742938,6.16896,4.29004e+06,2.93582e+06,1.70086e+07,0,0,0,0,62.3362,61.308,3.55044,1,1,1.69344,1.92079,0.227346,1.30835,1.69344,8.91558e+06,3.92412e+06,1.5098e+07,0,0,0,2.76816e+08
95.9524,103.622,4.78562,0.04,0,3.84391,3.84391,0,0.742978,6.16896,4.29004e+06,2.93582e+06,1.64905e+07,0,0,0,0,62.3362,61.308,4.20971,1,1,1.69344,1.82847,0.135028,1.30835,1.69344,8.91558e+06,3.92412e+06,1.5098e+07,0,0,0,2.76816e+08
97.8742,103.622,5.46943,0.04,0,3.84411,3.84411,0,0.720348,6.16896,4.29004e+06,2.93582e+06,1.64914e+07,0,0,0,0,62.3362,61.308,5.85708,1,1,1.69344,1.82857,0.135127,1.30835,1.69344,8.91558e+06,3.92412e+06,1.5098e+07,0,0,0,2.76816e+08
99.5291,103.622,5.27888,0.03,0,3.84432,3.84432,0,0.720387,6.16896,4.29004e+06,2.93582e+06,1.64923e+07,0,0,0,0,62.3362,61.308,5.57573,1,1,1.69344,1.82867,0.135225,1.30835,1.69344,8.91558e+06,3.92412e+06,1.5098e+07,0,0,0,2.76816e+08
101.797,103.622,6.21577,0.03,0,3.84453,3.84453,0,0.720426,6.16896,4.29004e+06,2.93582e+06,1.64932e+07,0,0,0,0,62.3362,61.308,7.21952,1,1,1.69344,1.82876,0.135324,1.30835,1.69344,8.91558e+06,3.92412e+06,1.5098e+07,0,0,0,2.76816e+08
103.622,103.622,7.10256,0.02,0,3.74542,3.74542,0,0.720465,6.16896,4.29004e+06,2.93582e+06,1.6068e+07,0,0,0,0,62.3362,61.308,6.81764,1,1,1.69344,1.74472,0.0512771,1.30835,1.69344,8.91558e+06,3.92412e+06,1.5098e+07,0,0,0,2.76816e+08
103.622,103.622,6.22676,0.02,0,3.74562,3.74562,0,0.701891,6.16896,4.29004e+06,2.93582e+06,1.60689e+07,0,0,0,0,62.3362,61.308,4.85273,1,1,1.69344,1.74481,0.0513713,1.30835,1.69344,8.91558e+06,3.92412e+06,1.5098e+07,0,0,0,2.76816e+08
103.622,103.622,6.74145,0.02,0,3.74582,3.74582,0,0.701929,6.16896,4.29004e+06,2.93582e+06,1.60697e+07,0,0,0,0,62.3362,61.308,6.96579,1,1,1.69344,1.74491,0.0514656,1.30835,1.69344,8.91558e+06,3.92412e+06,1.5098e+07,0,0,0,2.76816e+08
103.622,103.622,6.63953,0.02,0,3.74603,3.74603,0,0.701967,6.16896,4.29004e+06,2.93582e+06,1.60706e+07,0,0,0,0,62.3362,61.308,5.6437,1,1,1.69344,1.745,0.0515598,1.30835,1.69344,8.91558e+06,3.92412e+06,1.5098e+07,0,0,0,2.76816e+08
103.622,103.622,6.62323,0.01,0,3.46409,3.46409,0,0.702005,6.16896,4.29004e+06,2.93582e+06,1.48611e+07,0,0,0,0,62.3362,61.308,5.89193,1,1,1.56981,1.56981,0,1.30835,1.69344,8.91558e+06,3.92412e+06,1.39957e+07,0,0,0,2.76816e+08
103.622,103.622,11.212,0.01,0,3.46428,3.46428,0,0.649171,6.16896,4.29004e+06,2.93582e+06,1.48619e+07,0,0,0,0,62.3362,61.308,10.2359,1,1,1.56989,1.56989,0,1.21283,1.69344,8.91558e+06,3.92412e+06,1.39965e+07,0,0,0,2.76816e+08
103.622,103.622,12.7249,0.01,0,3.46447,3.46447,0,0.649206,6.16896,4.29004e+06,2.93582e+06,1.48627e+07,0,0,0,0,62.3362,61.308,10.4495,1,1,1.56997,1.56997,0,1.2129,1.69344,8.91558e+06,3.92412e+06,1.39972e+07,0,0,0,2.76816e+08
103.622,103.622,9.47543,0.01,0,3.46466,3.46466,0,0.649241,6.16896,4.29004e+06,2.93582e+06,1.48635e+07,0,0,0,0,62.3362,61.308,4.52946,1,1,1.57006,1.57006,0,1.21296,1.69344,8.91558e+06,3.92412e+06,1.3998e+07,0,0,0,2.76816e+08
103.622,103.622,7.47827,0.01,0,3.46484,3.46484,0,0.649276,6.16896,4.29004e+06,2.93582e+06,1.48643e+07,0,0,0,0,62.3362,61.308,4.40769,1,1,1.57014,1.57014,0,1.21303,1.69344,8.91558e+06,3.92412e+06,1.39988e+07,0,0,0,2.76816e+08
103.622,103.622,5.31726,0.01,0,3.57356,3.57356,0,0.649311,6.16896,4.29004e+06,2.93582e+06,1.53307e+07,0,0,0,0,62.3362,61.308,3.43721,1,1,1.62099,1.62099,0,1.21309,1.69344,8.91558e+06,3.92412e+06,1.44521e+07,0,0,0,2.76816e+08
103.622,103.622,5.18,0.01,0,3.57372,3.57372,0,0.669686,6.16896,4.29004e+06,2.93582e+06,1.53314e+07,0,0,0,0,62.3362,61.308,3.66037,1,1,1.62107,1.62107,0,1.25238,1.69344,8.91558e+06,3.92412e+06,1.44528e+07,0,0,0,2.76816e+08
103.622,103.622,4.94827,0.01,0,3.57389,3.57389,0,0.669716,6.16896,4.29004e+06,2.93582e+06,1.53321e+07,0,0,0,0,62.3362,61.308,3.67794,1,1,1.62114,1.62114,0,1.25244,1.69344,8.91558e+06,3.92412e+06,1.44534e+07,0,0,0,2.76816e+08
103.622,103.622,7.04222,0.01,0,3.57405,3.57405,0,0.669746,6.16896,4.29004e+06,2.93582e+06,1.53328e+07,0,0,0,0,62.3362,61.308,3.14116,1,1,1.62121,1.62121,0,1.25249,1.69344,8.91558e+06,3.92412e+06,1.44541e+07,0,0,0,2.76816e+08
103.622,103.622,7.92304,0.01,0,3.92283,3.92283,0,0.669777,6.16896,4.29004e+06,2.93582e+06,1.68291e+07,0,0,0,0,62.3362,61.308,6.6764,1,1,1.69344,1.81192,0.118475,1.25255,1.69344,8.91558e+06,3.92412e+06,1.5098e+07,0,0,0,2.76816e+08
103.622,103.622,5.69639,0.01,0,3.92301,3.92301,0,0.735138,6.16896,4.29004e+06,2.93582e+06,1.68299e+07,0,0,0,0,62.2537,61.308,3.72288,1,1,1.69344,1.812,0.118557,1.30835,1.69344,8.91558e+06,3.92412e+06,1.5098e+07,0,0,0,2.76816e+08
103.622,103.622,4.71352,0.01,0,3.92318,3.92318,0,0.735171,6.16896,4.29004e+06,2.93582e+06,1.68306e+07,0,0,0,0,62.3362,61.308,3.11488,1,1,1.69344,1.81208,0.118639,1.30835,1.69344,8.91558e+06,3.92412e+06,1.5098e+07,0,0,0,2.76816e+08
103.622,103.622,5.70388,0.01,0,3.92336,3.92336,0,0.735205,6.16896,4.29004e+06,2.93582e+06,1.68314e+07,0,0,0,0,62.3362,61.308,4.17055,1,1,1.69344,1.81216,0.118721,1.30835,1.69344,8.91558e+06,3.92412e+06,1.5098e+07,0,0,0,2.76816e+08
103.622,103.622,7.61511,0.01,0,3.42621,3.42621,0,0.735238,6.16896,4.29004e+06,2.93582e+06,1.46986e+07,0,0,0,0,62.3362,61.308,12.7883,1,1,1.55637,1.55637,0,1.30835,1.69344,8.91558e+06,3.92412e+06,1.3876e+07,0,0,0,2.76816e+08
103.622,103.622,6.92685,0.01,0,3.42636,3.42636,0,0.642071,6.16896,4.29004e+06,2.93582e+06,1.46992e+07,0,0,0,0,62.3362,61.308,12.4266,1,1,1.55644,1.55644,0,1.20245,1.69344,8.91558e+06,3.92412e+06,1.38766e+07,0,0,0,2.76816e+08
103.622,103.622,10.1052,0.01,0,3.42652,3.42652,0,0.6421,6.16896,4.29004e+06,2.93582e+06,1.46999e+07,0,0,0,0,62.3362,61.308,14.5637,1,1,1.55651,1.55651,0,1.20251,1.69344,8.91558e+06,3.92412e+06,1.38772e+07,0,0,0,2.76816e+08
103.622,103.622,8.56367,0.01,0,3.42667,3.42667,0,0.642129,6.16896,4.29004e+06,2.93582e+06,1.47006e+07,0,0,0,0,62.3362,61.308,13.1841,1,1,1.55658,1.55658,0,1.20256,1.69344,8.91558e+06,3.92412e+06,1.38778e+07,0,0,0,2.76816e+08
103.622,103.622,12.4576,0.01,0,3.42682,3.42682,0,0.642158,6.16896,4.29004e+06,2.93582e+06,1.47012e+07,0,0,0,0,62.3362,61.308,21.7363,1,1,1.55665,1.55665,0,1.20261,1.69344,8.91558e+06,3.92412e+06,1.38785e+07,0,0,0,2.76816e+08
103.622,103.622,10.7222,0.01,0,3.55219,3.55219,0,0.642187,6.16896,4.29004e+06,2.93582e+06,1.52391e+07,0,0,0,0,62.3362,61.308,19.018,1,1,1.61933,1.61933,0,1.20267,1.69344,8.91558e+06,3.92412e+06,1.44373e+07,0,0,0,2.76816e+08
103.622,103.622,8.55643,0,0,3.55235,3.55235,0,0.665681,6.16896,4.29004e+06,2.93582e+06,1.52398e+07,0,0,0,0,62.3362,61.308,17.9978,1,1,1.61941,1.61941,0,1.2511,1.69344,8.91558e+06,3.92412e+06,1.44379e+07,0,0,0,2.76816e+08
103.622,103.622,6.82484,0,0,3.55252,3.55252,0,0.665711,6.16896,4.29004e+06,2.93582e+06,1.52404e+07,0,0,0,0,62.3362,61.308,12.1737,1,1,1.61948,1.61948,0,1.25115,1.69344,8.91558e+06,3.92412e+06,1.44386e+07,0,0,0,2.76816e+08
103.622,103.622,6.06084,0,0,3.55268,3.55268,0,0.665741,6.16896,4.29004e+06,2.93582e+06,1.52411e+07,0,0,0,0,62.3362,61.308,9.81666,1,1,1.61955,1.61955,0,1.25121,1.69344,8.91558e+06,3.92412e+06,1.44393e+07,0,0,0,2.76816e+08
103.622,103.622,6.17351,0,0,3.50387,3.50387,0,0.665771,6.16896,4.29004e+06,2.93582e+06,1.50318e+07,0,0,0,0,62.3362,61.308,7.80346,1,1,1.5953,1.5953,0,1.25127,1.69344,8.91558e+06,3.92412e+06,1.42231e+07,0,0,0,2.76816e+08
103.622,103.622,5.72435,0.01,0,3.50403,3.50403,0,0.656625,6.16896,4.29004e+06,2.93582e+06,1.50324e+07,0,0,0,0,62.3362,61.308,7.15695,1,1,1.59538,1.59538,0,1.23253,1.69344,8.91558e+06,3.92412e+06,1.42237e+07,0,0,0,2.76816e+08
103.622,103.622,5.22614,0.01,0,3.50419,3.50419,0,0.656655,6.16896,4.29004e+06,2.93582e+06,1.50331e+07,0,0,0,0,62.3362,61.308,6.71409,1,1,1.59545,1.59545,0,1.23259,1.69344,8.91558e+06,3.92412e+06,1.42244e+07,0,0,0,2.76816e+08
103.622,103.622,5.03646,0.01,0,3.50434,3.50434,0,0.656685,6.16896,4.29004e+06,2.93582e+06,1.50338e+07,0,0,0,0,62.3362,61.308,6.67621,1,1,1.59552,1.59552,0,1.23264,1.69344,8.91558e+06,3.92412e+06,1.4225e+07,0,0,0,2.76816e+08
103.622,103.622,4.79519,0.01,0,3.67075,3.67075,0,0.656714,6.16896,4.29004e+06,2.93582e+06,1.57477e+07,0,0,0,0,62.3362,61.308,6.34624,1,1,1.68186,1.68186,0,1.2327,1.69344,8.91558e+06,3.92412e+06,1.49947e+07,0,0,0,2.76816e+08
103.622,103.622,4.46266,0.01,0,3.67091,3.67091,0,0.687898,6.16896,4.29004e+06,2.93582e+06,1.57484e+07,0,0,0,0,62.3362,61.308,5.3273,1,1,1.68193,1.68193,0,1.2994,1.69344,8.91558e+06,3.92412e+06,1.49954e+07,0,0,0,2.76816e+08
103.622,103.622,4.13464,0.01,0,3.67108,3.67108,0,0.687929,6.16896,4.29004e+06,2.93582e+06,1.57491e+07,0,0,0,0,62.3362,61.308,4.84331,1,1,1.68201,1.68201,0,1.29946,1.69344,8.91558e+06,3.92412e+06,1.49961e+07,0,0,0,2.76816e+08
103.622,103.622,3.89744,0.02,0,3.67124,3.67124,0,0.68796,6.16896,4.29004e+06,2.93582e+06,1.57498e+07,0,0,0,0,62.3362,61.308,4.44285,1,1,1.68209,1.68209,0,1.29952,1.69344,8.91558e+06,3.92412e+06,1.49968e+07,0,0,0,2.76816e+08
103.622,103.622,3.71779,0.02,0,3.67141,3.67141,0,0.687991,6.16896,4.29004e+06,2.93582e+06,1.57505e+07,0,0,0,0,62.3362,61.308,3.38925,1,1,1.68216,1.68216,0,1.29958,1.69344,8.91558e+06,3.92412e+06,1.49975e+07,0,0,0,2.76816e+08
103.622,103.622,3.63131,0.02,0,3.63869,3.63869,0,0.688022,6.16896,4.29004e+06,2.93582e+06,1.56101e+07,0,0,0,0,62.3362,61.308,2.57544,1,1,1.69344,1.72966,0.0362224,1.29964,1.69344,8.91558e+06,3.92412e+06,1.5098e+07,0,0,0,2.76816e+08
103.622,103.622,3.36458,0.02,0,3.63886,3.63886,0,0.681891,6.16896,4.29004e+06,2.93582e+06,1.56109e+07,0,0,0,0,62.3362,61.308,2.54718,1,1,1.69344,1.72974,0.0363005,1.30835,1.69344,8.91558e+06,3.92412e+06,1.5098e+07,0,0,0,2.76816e+08
103.367,103.622,3.07618,0.02,0,3.63902,3.63902,0,0.681922,6.16896,4.29004e+06,2.93582e+06,1.56116e+07,0,0,0,0,62.3289,61.308,2.27428,1,1,1.69344,1.72982,0.0363787,1.30835,1.69344,8.91558e+06,3.92412e+06,1.5098e+07,0,0,0,2.76816e+08
102.982,103.622,2.91006,0.04,0,3.63919,3.63919,0,0.681952,6.16896,4.29004e+06,2.93582e+06,1.56123e+07,0,0,0,0,62.2414,61.308,2.22233,1,1,1.69344,1.7299,0.0364569,1.30835,1.69344,8.91558e+06,3.92412e+06,1.5098e+07,0,0,0,2.76816e+08
102.752,103.622,3.10714,0.04,0,3.72428,3.72428,0,0.681983,6.16896,4.29004e+06,2.93582e+06,1.59773e+07,0,0,0,0,62.0319,61.308,2.19841,1,1,1.69344,1.77225,0.0788079,1.30835,1.69344,8.91558e+06,3.92412e+06,1.5098e+07,0,0,0,2.76816e+08
102.336,103.622,2.8701,0.06,0,3.72445,3.72445,0,0.697931,6.16896,4.29004e+06,2.93582e+06,1.59781e+07,0,0,0,0,61.7722,61.308,2.19508,1,1,1.69344,1.77233,0.078888,1.30835,1.69344,8.91558e+06,3.92412e+06,1.5098e+07,0,0,0,2.76816e+08
101.901,103.622,2.87727,0.06,0,3.72462,3.72462,0,0.697963,6.16896,4.29004e+06,2.93582e+06,1.59788e+07,0,0,0,0,61.4754,61.308,2.1552,1,1,1.69344,1.77241,0.0789681,1.30835,1.69344,8.91558e+06,3.92412e+06,1.5098e+07,0,0,0,2.76816e+08
101.187,103.622,2.56509,0.06,0,3.72479,3.72479,0,0.697994,6.16896,4.29004e+06,2.93582e+06,1.59795e+07,0,0,0,0,60.7463,61.308,1.91423,1,1,1.69344,1.77249,0.0790482,1.30835,1.69344,8.91558e+06,3.92412e+06,1.5098e+07,0,0,0,2.76816e+08
99.7889,103.622,1.97674,0.06,0,3.97373,3.97373,0,0.698026,6.16896,4.29004e+06,2.93582e+06,1.70475e+07,0,0,0,0,59.6662,61.308,1.44616,1,1,1.69344,1.92518,0.231739,1.30835,1.69344,8.91558e+06,3.92412e+06,1.5098e+07,0,0,0,2.76816e+08
98.0556,103.622,1.59355,0.06,0,3.97391,3.97391,0,0.744677,6.16896,4.29004e+06,2.93582e+06,1.70483e+07,0,0,0,0,58.4993,61.308,1.08088,1,1,1.69344,1.92527,0.231826,1.30835,1.69344,8.91558e+06,3.92412e+06,1.5098e+07,0,0,0,2.76816e+08
96.4368,103.622,1.68538,0.05,0,3.97409,3.97409,0,0.744711,6.16896,4.29004e+06,2.93582e+06,1.7049e+07,0,0,0,0,57.4547,61.308,1.06742,1,1,1.69344,1.92535,0.231913,1.30835,1.69344,8.91558e+06,3.92412e+06,1.5098e+07,0,0,0,2.76816e+08
95.5862,103.622,2.48271,0.06,0,3.97427,3.97427,0,0.744745,6.16896,4.29004e+06,2.93582e+06,1.70498e+07,0,0,0,0,56.3647,61.308,1.27529,1,1,1.69344,1.92544,0.232,1.30835,1.69344,8.91558e+06,3.92412e+06,1.5098e+07,0,0,0,2.76816e+08
94.809,103.622,2.59305,0.05,0,3.97445,3.97445,0,0.744778,6.16896,4.29004e+06,2.93582e+06,1.70506e+07,0,0,0,0,55.1334,61.308,1.22513,1,1,1.69344,1.92553,0.232087,1.30835,1.69344,8.91558e+06,3.92412e+06,1.5098e+07,0,0,0,2.76816e+08
92.9045,103.622,1.35283,0.04,0,3.85336,3.85336,0,0.744812,6.16896,4.29004e+06,2.93582e+06,1.65311e+07,0,0,0,0,54.1078,61.308,0.907445,1,1,1.69344,1.83296,0.139524,1.30835,1.69344,8.91558e+06,3.92412e+06,1.5098e+07,0,0,0,2.76816e+08
90.8429,103.622,1.17309,0.08,0,3.85353,3.85353,0,0.72212,6.16896,4.29004e+06,2.93582e+06,1.65318e+07,0,0,0,0,53.0307,61.308,1.40265,1,1,1.69344,1.83305,0.139607,1.30835,1.69344,8.91558e+06,3.92412e+06,1.5098e+07,0,0,0,2.76816e+08
88.6714,103.622,1.00177,0.07,0,3.85371,3.85371,0,0.722152,6.16896,4.29004e+06,2.93582e+06,1.65326e+07,0,0,0,0,51.6006,61.308,0.777903,1,1,1.69344,1.83313,0.13969,1.30835,1.69344,8.91558e+06,3.92412e+06,1.5098e+07,0,0,0,2.76816e+08
86.5538,103.622,1.03574,0.07,0,3.85388,3.85388,0,0.722185,6.16896,4.29004e+06,2.93582e+06,1.65333e+07,0,0,0,0,50.2912,61.308,0.751247,1,1,1.69344,1.83321,0.139773,1.30835,1.69344,8.91558e+06,3.92412e+06,1.5098e+07,0,0,0,2.76816e+08
84.2844,103.622,0.861223,0.06,0,3.7545,3.7545,0,0.722217,6.16896,4.29004e+06,2.93582e+06,1.6107e+07,0,0,0,0,48.9285,61.308,0.807385,1,1,1.69344,1.74895,0.0555057,1.30835,1.69344,8.91558e+06,3.92412e+06,1.5098e+07,0,0,0,2.76816e+08
81.8996,103.622,0.695658,0.04,0,3.75467,3.75467,0,0.703593,6.16896,4.29004e+06,2.93582e+06,1.61077e+07,0,0,0,0,48.257,61.308,0.672524,1,1,1.69344,1.74902,0.0555847,1.30835,1.69344,8.91558e+06,3.92412e+06,1.5098e+07,0,0,0,2.76816e+08
80.0638,103.622,1.32943,0.08,0,3.75484,3.75484,0,0.703624,6.16896,4.29004e+06,2.93582e+06,1.61084e+07,0,0,0,0,48.0217,61.308,1.97234,1,1,1.69344,1.7491,0.0556638,1.30835,1.69344,8.91558e+06,3.92412e+06,1.5098e+07,0,0,0,2.76816e+08
79.1598,103.622,2.36607,0.08,0,3.75501,3.75501,0,0.703656,6.16896,4.29004e+06,2.93582e+06,1.61091e+07,0,0,0,0,47.8465,61.308,2.53285,1,1,1.69344,1.74918,0.0557428,1.30835,1.69344,8.91558e+06,3.92412e+06,1.5098e+07,0,0,0,2.76816e+08
77.6637,103.622,1.51124,0.09,0,3.47237,3.47237,0,0.703688,6.16896,4.29004e+06,2.93582e+06,1.48966e+07,0,0,0,0,47.2202,61.308,1.27231,1,1,1.57355,1.57355,0,1.30835,1.69344,8.91558e+06,3.92412e+06,1.40292e+07,0,0,0,2.76816e+08
76.361,103.622,1.64567,0.09,0,3.47252,3.47252,0,0.650722,6.16896,4.29004e+06,2.93582e+06,1.48973e+07,0,0,0,0,47.064,61.308,1.37975,1,1,1.57363,1.57363,0,1.21573,1.69344,8.91558e+06,3.92412e+06,1.40298e+07,0,0,0,2.76816e+08
77.3747,103.622,4.25041,0.11,0,3.47268,3.47268,0,0.650751,6.16896,4.29004e+06,2.93582e+06,1.4898e+07,0,0,0,0,47.7217,61.308,2.96904,1,1,1.5737,1.5737,0,1.21578,1.69344,8.91558e+06,3.92412e+06,1.40304e+07,0,0,0,2.76816e+08
79.3094,103.622,5.7749,0.12,0,3.47284,3.47284,0,0.65078,6.16896,4.29004e+06,2.93582e+06,1.48986e+07,0,0,0,0,48.8545,61.308,4.00175,1,1,1.57377,1.57377,0,1.21584,1.69344,8.91558e+06,3.92412e+06,1.40311e+07,0,0,0,2.76816e+08
79.7971,103.622,3.83061,0.13,0,3.47299,3.47299,0,0.65081,6.16896,4.29004e+06,2.93582e+06,1.48993e+07,0,0,0,0,48.9797,61.308,2.36791,1,1,1.57384,1.57384,0,1.21589,1.69344,8.91558e+06,3.92412e+06,1.40317e+07,0,0,0,2.76816e+08
79.8152,103.622,3.07602,0.12,0,3.58194,3.58194,0,0.650839,6.16896,4.29004e+06,2.93582e+06,1.53667e+07,0,0,0,0,48.7043,61.308,2.01835,1,1,1.62479,1.62479,0,1.21595,1.69344,8.91558e+06,3.92412e+06,1.4486e+07,0,0,0,2.76816e+08
79.2737,103.622,2.51781,0.12,0,3.58207,3.58207,0,0.671255,6.16896,4.29004e+06,2.93582e+06,1.53672e+07,0,0,0,0,48.6632,61.308,1.96007,1,1,1.62485,1.62485,0,1.25531,1.69344,8.91558e+06,3.92412e+06,1.44865e+07,0,0,0,2.76816e+08
79.9666,103.622,4.14814,0.12,0,3.5822,3.5822,0,0.67128,6.16896,4.29004e+06,2.93582e+06,1.53678e+07,0,0,0,0,49.3741,61.308,3.62363,1,1,1.62491,1.62491,0,1.25536,1.69344,8.91558e+06,3.92412e+06,1.4487e+07,0,0,0,2.76816e+08
80.249,103.622,3.4697,0.12,0,3.58233,3.58233,0,0.671304,6.16896,4.29004e+06,2.93582e+06,1.53683e+07,0,0,0,0,49.4556,61.308,3.03212,1,1,1.62497,1.62497,0,1.25541,1.69344,8.91558e+06,3.92412e+06,1.44876e+07,0,0,0,2.76816e+08
82.834,103.622,6.0969,0.12,0,3.93188,3.93188,0,0.671328,6.16896,4.29004e+06,2.93582e+06,1.6868e+07,0,0,0,0,49.6459,61.308,3.77381,1,1,1.69344,1.8161,0.122657,1.25545,1.69344,8.91558e+06,3.92412e+06,1.5098e+07,0,0,0,2.76816e+08
82.5922,103.622,3.14977,0.13,0,3.93203,3.93203,0,0.736835,6.16896,4.29004e+06,2.93582e+06,1.68686e+07,0,0,0,0,49.4802,61.308,2.63393,1,1,1.69344,1.81616,0.122723,1.30835,1.69344,8.91558e+06,3.92412e+06,1.5098e+07,0,0,0,2.76816e+08
81.9672,103.622,2.67862,0.12,0,3.93217,3.93217,0,0.736862,6.16896,4.29004e+06,2.93582e+06,1.68692e+07,0,0,0,0,49.185,61.308,2.15514,1,1,1.69344,1.81623,0.122789,1.30835,1.69344,8.91558e+06,3.92412e+06,1.5098e+07,0,0,0,2.76816e+08
81.7183,103.622,3.12334,0.11,0,3.93231,3.93231,0,0.736889,6.16896,4.29004e+06,2.93582e+06,1.68698e+07,0,0,0,0,49.2851,61.308,3.22617,1,1,1.69344,1.8163,0.122855,1.30835,1.69344,8.91558e+06,3.92412e+06,1.5098e+07,0,0,0,2.76816e+08
83.7352,103.622,5.47505,0.12,0,3.43399,3.43399,0,0.736915,6.16896,4.29004e+06,2.93582e+06,1.4732e+07,0,0,0,0,50.0197,61.308,5.42843,1,1,1.55991,1.55991,0,1.30835,1.69344,8.91558e+06,3.92412e+06,1.39075e+07,0,0,0,2.76816e+08
86.4232,103.622,6.30613,0.07,0,3.43412,3.43412,0,0.64353,6.16896,4.29004e+06,2.93582e+06,1.47325e+07,0,0,0,0,50.874,61.308,5.20226,1,1,1.55996,1.55996,0,1.20518,1.69344,8.91558e+06,3.92412e+06,1.3908e+07,0,0,0,2.76816e+08
89.7334,103.622,6.98465,0.08,0,3.43424,3.43424,0,0.643553,6.16896,4.29004e+06,2.93582e+06,1.4733e+07,0,0,0,0,52.0732,61.308,6.01963,1,1,1.56002,1.56002,0,1.20523,1.69344,8.91558e+06,3.92412e+06,1.39085e+07,0,0,0,2.76816e+08
92.1685,103.622,5.87224,0.06,0,3.43437,3.43437,0,0.643577,6.16896,4.29004e+06,2.93582e+06,1.47336e+07,0,0,0,0,52.5925,61.308,4.60684,1,1,1.56008,1.56008,0,1.20527,1.69344,8.91558e+06,3.92412e+06,1.3909e+07,0,0,0,2.76816e+08
94.315,103.622,5.64821,0.07,0,3.43449,3.43449,0,0.6436,6.16896,4.29004e+06,2.93582e+06,1.47341e+07,0,0,0,0,53.1414,61.308,4.14191,1,1,1.56013,1.56013,0,1.20532,1.69344,8.91558e+06,3.92412e+06,1.39095e+07,0,0,0,2.76816e+08
96.7009,103.622,5.91727,0.01,0,3.56011,3.56011,0,0.643623,6.16896,4.29004e+06,2.93582e+06,1.5273e+07,0,0,0,0,53.4912,61.308,3.44247,1,1,1.62294,1.62294,0,1.20536,1.69344,8.91558e+06,3.92412e+06,1.44695e+07,0,0,0,2.76816e+08
98.832,103.622,5.83246,0.01,0,3.56024,3.56024,0,0.667164,6.16896,4.29004e+06,2.93582e+06,1.52736e+07,0,0,0,0,54.1768,61.308,4.02888,1,1,1.623,1.623,0,1.25388,1.69344,8.91558e+06,3.92412e+06,1.447e+07,0,0,0,2.76816e+08
100.543,103.622,5.4236,0.01,0,3.56037,3.56037,0,0.667188,6.16896,4.29004e+06,2.93582e+06,1.52741e+07,0,0,0,0,54.8455,61.308,3.86595,1,1,1.62306,1.62306,0,1.25393,1.69344,8.91558e+06,3.92412e+06,1.44705e+07,0,0,0,2.76816e+08
101.634,103.622,4.61537,0.01,0,3.5605,3.5605,0,0.667213,6.16896,4.29004e+06,2.93582e+06,1.52747e+07,0,0,0,0,55.1365,61.308,3.02864,1,1,1.62312,1.62312,0,1.25397,1.69344,8.91558e+06,3.92412e+06,1.4471e+07,0,0,0,2.76816e+08
101.792,103.622,3.56494,0.02,0,3.51155,3.51155,0,0.667237,6.16896,4.29004e+06,2.93582e+06,1.50647e+07,0,0,0,0,55.1082,61.308,2.32081,1,1,1.5988,1.5988,0,1.25402,1.69344,8.91558e+06,3.92412e+06,1.42542e+07,0,0,0,2.76816e+08
101.748,103.622,3.3455,0.01,0,3.51168,3.51168,0,0.658064,6.16896,4.29004e+06,2.93582e+06,1.50653e+07,0,0,0,0,55.0937,61.308,2.27627,1,1,1.59886,1.59886,0,1.23523,1.69344,8.91558e+06,3.92412e+06,1.42548e+07,0,0,0,2.76816e+08
103.432,103.622,5.12742,0.01,0,3.51181,3.51181,0,0.658088,6.16896,4.29004e+06,2.93582e+06,1.50658e+07,0,0,0,0,55.2835,61.308,2.84471,1,1,1.59892,1.59892,0,1.23528,1.69344,8.91558e+06,3.92412e+06,1.42553e+07,0,0,0,2.76816e+08
103.328,103.622,3.22943,0.02,0,3.51193,3.51193,0,0.658112,6.16896,4.29004e+06,2.93582e+06,1.50663e+07,0,0,0,0,55.1333,61.308,2.26447,1,1,1.59897,1.59897,0,1.23532,1.69344,8.91558e+06,3.92412e+06,1.42558e+07,0,0,0,2.76816e+08
103.114,103.622,3.20695,0.02,0,3.67866,3.67866,0,0.658136,6.16896,4.29004e+06,2.93582e+06,1.57816e+07,0,0,0,0,54.9575,61.308,2.08997,1,1,1.68548,1.68548,0,1.23537,1.69344,8.91558e+06,3.92412e+06,1.50271e+07,0,0,0,2.76816e+08
102.701,103.622,2.94756,0.02,0,3.67879,3.67879,0,0.689381,6.16896,4.29004e+06,2.93582e+06,1.57822e+07,0,0,0,0,54.6454,61.308,1.97745,1,1,1.68555,1.68555,0,1.30221,1.69344,8.91558e+06,3.92412e+06,1.50276e+07,0,0,0,2.76816e+08
102.116,103.622,2.73174,0.02,0,3.67893,3.67893,0,0.689406,6.16896,4.29004e+06,2.93582e+06,1.57828e+07,0,0,0,0,54.3924,61.308,1.99078,1,1,1.68561,1.68561,0,1.30225,1.69344,8.91558e+06,3.92412e+06,1.50282e+07,0,0,0,2.76816e+08
101.461,103.622,2.65243,0.02,0,3.67906,3.67906,0,0.689431,6.16896,4.29004e+06,2.93582e+06,1.57833e+07,0,0,0,0,54.2154,61.308,1.97369,1,1,1.68567,1.68567,0,1.3023,1.69344,8.91558e+06,3.92412e+06,1.50287e+07,0,0,0,2.76816e+08
100.707,103.622,2.54219,0.02,0,3.6792,3.6792,0,0.689456,6.16896,4.29004e+06,2.93582e+06,1.57839e+07,0,0,0,0,54.0208,61.308,2.19234,1,1,1.68573,1.68573,0,1.30235,1.69344,8.91558e+06,3.92412e+06,1.50293e+07,0,0,0,2.76816e+08
99.8764,103.622,2.44646,0.03,0,3.64638,3.64638,0,0.689481,6.16896,4.29004e+06,2.93582e+06,1.56431e+07,0,0,0,0,53.8318,61.308,2.50601,1,1,1.69344,1.73331,0.0398749,1.30239,1.69344,8.91558e+06,3.92412e+06,1.5098e+07,0,0,0,2.76816e+08
98.8666,103.622,2.23019,0.03,0,3.64651,3.64651,0,0.683331,6.16896,4.29004e+06,2.93582e+06,1.56437e+07,0,0,0,0,53.5952,61.308,2.29518,1,1,1.69344,1.73338,0.0399377,1.30835,1.69344,8.91558e+06,3.92412e+06,1.5098e+07,0,0,0,2.76816e+08
97.797,103.622,2.1112,0.03,0,3.64664,3.64664,0,0.683356,6.16896,4.29004e+06,2.93582e+06,1.56442e+07,0,0,0,0,53.2555,61.308,2.27626,1,1,1.69344,1.73344,0.0400006,1.30835,1.69344,8.91558e+06,3.92412e+06,1.5098e+07,0,0,0,2.76816e+08
96.5303,103.622,1.8889,0.03,0,3.64677,3.64677,0,0.68338,6.16896,4.29004e+06,2.93582e+06,1.56448e+07,0,0,0,0,52.8814,61.308,2.2139,1,1,1.69344,1.7335,0.0400635,1.30835,1.69344,8.91558e+06,3.92412e+06,1.5098e+07,0,0,0,2.76816e+08
95.5208,103.622,2.18282,0.03,0,3.73202,3.73202,0,0.683405,6.16896,4.29004e+06,2.93582e+06,1.60105e+07,0,0,0,0,52.4695,61.308,2.43144,1,1,1.69344,1.77593,0.0824869,1.30835,1.69344,8.91558e+06,3.92412e+06,1.5098e+07,0,0,0,2.76816e+08
94.3012,103.622,1.95135,0.04,0,3.73215,3.73215,0,0.69938,6.16896,4.29004e+06,2.93582e+06,1.60111e+07,0,0,0,0,52.0245,61.308,2.26806,1,1,1.69344,1.77599,0.0825514,1.30835,1.69344,8.91558e+06,3.92412e+06,1.5098e+07,0,0,0,2.76816e+08
92.9398,103.622,1.78241,0.05,0,3.73229,3.73229,0,0.699405,6.16896,4.29004e+06,2.93582e+06,1.60117e+07,0,0,0,0,51.5664,61.308,2.14128,1,1,1.69344,1.77606,0.0826158,1.30835,1.69344,8.91558e+06,3.92412e+06,1.5098e+07,0,0,0,2.76816e+08
91.3729,103.622,1.53509,0.08,0,3.73242,3.73242,0,0.699431,6.16896,4.29004e+06,2.93582e+06,1.60123e+07,0,0,0,0,51.1014,61.308,2.12449,1,1,1.69344,1.77612,0.0826803,1.30835,1.69344,8.91558e+06,3.92412e+06,1.5098e+07,0,0,0,2.76816e+08
89.7622,103.622,1.64267,0.07,0,3.98184,3.98184,0,0.699456,6.16896,4.29004e+06,2.93582e+06,1.70823e+07,0,0,0,0,50.6473,61.308,2.1609,1,1,1.69344,1.92911,0.235667,1.30835,1.69344,8.91558e+06,3.92412e+06,1.5098e+07,0,0,0,2.76816e+08
88.4387,103.622,1.90294,0.07,0,3.98198,3.98198,0,0.746197,6.16896,4.29004e+06,2.93582e+06,1.70829e+07,0,0,0,0,50.2448,61.308,2.47366,1,1,1.69344,1.92918,0.235737,1.30835,1.69344,8.91558e+06,3.92412e+06,1.5098e+07,0,0,0,2.76816e+08
86.8351,103.622,1.61328,0.07,0,3.98213,3.98213,0,0.746224,6.16896,4.29004e+06,2.93582e+06,1.70835e+07,0,0,0,0,49.7736,61.308,2.17863,1,1,1.69344,1.92925,0.235807,1.30835,1.69344,8.91558e+06,3.92412e+06,1.5098e+07,0,0,0,2.76816e+08
85.4083,103.622,1.76324,0.07,0,3.98227,3.98227,0,0.746251,6.16896,4.29004e+06,2.93582e+06,1.70841e+07,0,0,0,0,49.4778,61.308,2.88216,1,1,1.69344,1.92932,0.235877,1.30835,1.69344,8.91558e+06,3.92412e+06,1.5098e+07,0,0,0,2.76816e+08
84.2037,103.622,2.02117,0.07,0,3.98242,3.98242,0,0.746278,6.16896,4.29004e+06,2.93582e+06,1.70847e+07,0,0,0,0,49.2837,61.308,3.54863,1,1,1.69344,1.92939,0.235947,1.30835,1.69344,8.91558e+06,3.92412e+06,1.5098e+07,0,0,0,2.76816e+08
83.3247,103.622,2.32935,0.08,0,3.86105,3.86105,0,0.746305,6.16896,4.29004e+06,2.93582e+06,1.65641e+07,0,0,0,0,49.4693,61.308,5.37019,1,1,1.69344,1.83662,0.143182,1.30835,1.69344,8.91558e+06,3.92412e+06,1.5098e+07,0,0,0,2.76816e+08
82.2355,103.622,2.10734,0.06,0,3.86119,3.86119,0,0.723561,6.16896,4.29004e+06,2.93582e+06,1.65647e+07,0,0,0,0,49.6318,61.308,5.29194,1,1,1.69344,1.83669,0.143249,1.30835,1.69344,8.91558e+06,3.92412e+06,1.5098e+07,0,0,0,2.76816e+08
81.0562,103.622,2.15763,0.09,0,3.86133,3.86133,0,0.723587,6.16896,4.29004e+06,2.93582e+06,1.65653e+07,0,0,0,0,49.8268,61.308,5.26013,1,1,1.69344,1.83676,0.143315,1.30835,1.69344,8.91558e+06,3.92412e+06,1.5098e+07,0,0,0,2.76816e+08
80.49,103.622,2.90298,0.09,0,3.86147,3.86147,0,0.723613,6.16896,4.29004e+06,2.93582e+06,1.65659e+07,0,0,0,0,50.1459,61.308,5.69968,1,1,1.69344,1.83682,0.143382,1.30835,1.69344,8.91558e+06,3.92412e+06,1.5098e+07,0,0,0,2.76816e+08
79.4202,103.622,2.31911,0.08,0,3.76185,3.76185,0,0.723639,6.16896,4.29004e+06,2.93582e+06,1.61385e+07,0,0,0,0,50.2271,61.308,4.36038,1,1,1.69344,1.75237,0.0589335,1.30835,1.69344,8.91558e+06,3.92412e+06,1.5098e+07,0,0,0,2.76816e+08
77.7736,103.622,1.60777,0.06,0,3.76199,3.76199,0,0.704972,6.16896,4.29004e+06,2.93582e+06,1.61391e+07,0,0,0,0,49.999,61.308,2.22333,1,1,1.69344,1.75244,0.058997,1.30835,1.69344,8.91558e+06,3.92412e+06,1.5098e+07,0,0,0,2.76816e+08
77.622,103.622,3.22613,0.06,0,3.76213,3.76213,0,0.704997,6.16896,4.29004e+06,2.93582e+06,1.61397e+07,0,0,0,0,50.2589,61.308,4.21206,1,1,1.69344,1.7525,0.0590605,1.30835,1.69344,8.91558e+06,3.92412e+06,1.5098e+07,0,0,0,2.76816e+08
80.5106,103.622,6.70388,0.07,0,3.76226,3.76226,0,0.705023,6.16896,4.29004e+06,2.93582e+06,1.61403e+07,0,0,0,0,51.7513,61.308,9.7022,1,1,1.69344,1.75256,0.0591242,1.30835,1.69344,8.91558e+06,3.92412e+06,1.5098e+07,0,0,0,2.76816e+08
80.9357,103.622,3.67987,0.07,0,3.47905,3.47905,0,0.705048,6.16896,4.29004e+06,2.93582e+06,1.49253e+07,0,0,0,0,52.6745,61.308,6.65057,1,1,1.57658,1.57658,0,1.30835,1.69344,8.91558e+06,3.92412e+06,1.40562e+07,0,0,0,2.76816e+08
79.7216,103.622,1.95548,0.08,0,3.47917,3.47917,0,0.651974,6.16896,4.29004e+06,2.93582e+06,1.49258e+07,0,0,0,0,52.7778,61.308,3.91835,1,1,1.57664,1.57664,0,1.21807,1.69344,8.91558e+06,3.92412e+06,1.40567e+07,0,0,0,2.76816e+08
78.5161,103.622,1.91943,0.09,0,3.4793,3.4793,0,0.651997,6.16896,4.29004e+06,2.93582e+06,1.49264e+07,0,0,0,0,52.8331,61.308,3.64147,1,1,1.5767,1.5767,0,1.21811,1.69344,8.91558e+06,3.92412e+06,1.40572e+07,0,0,0,2.76816e+08
77.9987,103.622,2.81517,0.09,0,3.47943,3.47943,0,0.652021,6.16896,4.29004e+06,2.93582e+06,1.49269e+07,0,0,0,0,53.6024,61.308,4.57018,1,1,1.57675,1.57675,0,1.21816,1.69344,8.91558e+06,3.92412e+06,1.40577e+07,0,0,0,2.76816e+08
78.4416,103.622,3.87096,0.1,0,3.47955,3.47955,0,0.652045,6.16896,4.29004e+06,2.93582e+06,1.49274e+07,0,0,0,0,54.6216,61.308,5.19852,1,1,1.57681,1.57681,0,1.2182,1.69344,8.91558e+06,3.92412e+06,1.40582e+07,0,0,0,2.76816e+08
81.8194,103.622,7.27164,0.12,0,3.58867,3.58867,0,0.652068,6.16896,4.29004e+06,2.93582e+06,1.53956e+07,0,0,0,0,56.1217,61.308,9.22997,1,1,1.62785,1.62785,0,1.21824,1.69344,8.91558e+06,3.92412e+06,1.45132e+07,0,0,0,2.76816e+08
83.5117,103.622,5.35621,0.12,0,3.58877,3.58877,0,0.672517,6.16896,4.29004e+06,2.93582e+06,1.5396e+07,0,0,0,0,57.5581,61.308,9.30942,1,1,1.62789,1.62789,0,1.25767,1.69344,8.91558e+06,3.92412e+06,1.45136e+07,0,0,0,2.76816e+08
87.647,103.622,8.10107,0.06,0,3.58887,3.58887,0,0.672535,6.16896,4.29004e+06,2.93582e+06,1.53964e+07,0,0,0,0,59.3626,61.308,10.4205,1,1,1.62794,1.62794,0,1.25771,1.69344,8.91558e+06,3.92412e+06,1.4514e+07,0,0,0,2.76816e+08
95.2669,103.622,12.2062,0.05,0,3.58897,3.58897,0,0.672554,6.16896,4.29004e+06,2.93582e+06,1.53968e+07,0,0,0,0,61.898,61.308,13.6153,1,1,1.62798,1.62798,0,1.25774,1.69344,8.91558e+06,3.92412e+06,1.45144e+07,0,0,0,2.76816e+08
98.6893,103.622,8.15359,0.02,0,3.93913,3.93913,0,0.672572,6.16896,4.29004e+06,2.93582e+06,1.68991e+07,0,0,0,0,62.3362,61.308,9.32138,1,1,1.69344,1.81945,0.126006,1.25778,1.69344,8.91558e+06,3.92412e+06,1.5098e+07,0,0,0,2.76816e+08
98.8103,103.622,4.32773,0.02,0,3.93924,3.93924,0,0.738194,6.16896,4.29004e+06,2.93582e+06,1.68995e+07,0,0,0,0,62.3362,61.308,4.18535,1,1,1.69344,1.8195,0.126056,1.30835,1.69344,8.91558e+06,3.92412e+06,1.5098e+07,0,0,0,2.76816e+08
101.701,103.622,7.41505,0.03,0,3.93935,3.93935,0,0.738214,6.16896,4.29004e+06,2.93582e+06,1.69e+07,0,0,0,0,62.3362,61.308,8.10851,1,1,1.69344,1.81955,0.126106,1.30835,1.69344,8.91558e+06,3.92412e+06,1.5098e+07,0,0,0,2.76816e+08
103.622,103.622,8.40569,0.03,0,3.93946,3.93946,0,0.738234,6.16896,4.29004e+06,2.93582e+06,1.69004e+07,0,0,0,0,62.3362,61.308,12.0846,1,1,1.69344,1.8196,0.126156,1.30835,1.69344,8.91558e+06,3.92412e+06,1.5098e+07,0,0,0,2.76816e+08
103.622,103.622,6.56924,0.01,0,3.4402,3.4402,0,0.738254,6.16896,4.29004e+06,2.93582e+06,1.47586e+07,0,0,0,0,62.3362,61.308,7.52191,1,1,1.56273,1.56273,0,1.30835,1.69344,8.91558e+06,3.92412e+06,1.39326e+07,0,0,0,2.76816e+08
103.622,103.622,8.171,0.01,0,3.44029,3.44029,0,0.644694,6.16896,4.29004e+06,2.93582e+06,1.4759e+07,0,0,0,0,62.3362,61.308,7.68188,1,1,1.56277,1.56277,0,1.20736,1.69344,8.91558e+06,3.92412e+06,1.3933e+07,0,0,0,2.76816e+08
103.622,103.622,4.59494,0.01,0,3.44039,3.44039,0,0.644711,6.16896,4.29004e+06,2.93582e+06,1.47594e+07,0,0,0,0,62.3362,61.308,5.93782,1,1,1.56281,1.56281,0,1.2074,1.69344,8.91558e+06,3.92412e+06,1.39334e+07,0,0,0,2.76816e+08
103.622,103.622,4.42875,0.01,0,3.44048,3.44048,0,0.644729,6.16896,4.29004e+06,2.93582e+06,1.47598e+07,0,0,0,0,62.3362,61.308,6.37044,1,1,1.56286,1.56286,0,1.20743,1.69344,8.91558e+06,3.92412e+06,1.39338e+07,0,0,0,2.76816e+08
103.622,103.622,4.01177,0,0,3.44058,3.44058,0,0.644747,6.16896,4.29004e+06,2.93582e+06,1.47602e+07,0,0,0,0,62.3362,61.308,4.93427,1,1,1.5629,1.5629,0,1.20746,1.69344,8.91558e+06,3.92412e+06,1.39342e+07,0,0,0,2.76816e+08
103.622,103.622,5.31298,0,0,3.56639,3.56639,0,0.644764,6.16896,4.29004e+06,2.93582e+06,1.53e+07,0,0,0,0,62.3362,61.308,6.49763,1,1,1.6258,1.6258,0,1.2075,1.69344,8.91558e+06,3.92412e+06,1.4495e+07,0,0,0,2.76816e+08
103.622,103.622,4.8615,0,0,3.56648,3.56648,0,0.668341,6.16896,4.29004e+06,2.93582e+06,1.53004e+07,0,0,0,0,62.3362,61.308,6.74918,1,1,1.62585,1.62585,0,1.25609,1.69344,8.91558e+06,3.92412e+06,1.44954e+07,0,0,0,2.76816e+08
103.622,103.622,4.58899,0,0,3.56658,3.56658,0,0.668359,6.16896,4.29004e+06,2.93582e+06,1.53008e+07,0,0,0,0,62.3362,61.308,6.36701,1,1,1.62589,1.62589,0,1.25613,1.69344,8.91558e+06,3.92412e+06,1.44958e+07,0,0,0,2.76816e+08
103.622,103.622,5.54514,0,0,3.56668,3.56668,0,0.668377,6.16896,4.29004e+06,2.93582e+06,1.53012e+07,0,0,0,0,62.3362,61.308,5.8325,1,1,1.62594,1.62594,0,1.25616,1.69344,8.91558e+06,3.92412e+06,1.44962e+07,0,0,0,2.76816e+08
103.295,103.622,3.1578,0,0,3.51762,3.51762,0,0.668396,6.16896,4.29004e+06,2.93582e+06,1.50907e+07,0,0,0,0,62.3362,61.308,3.38897,1,1,1.60156,1.60156,0,1.2562,1.69344,8.91558e+06,3.92412e+06,1.42789e+07,0,0,0,2.76816e+08
102.641,103.622,2.82665,0.01,0,3.51771,3.51771,0,0.659202,6.16896,4.29004e+06,2.93582e+06,1.50911e+07,0,0,0,0,62.3362,61.308,3.70928,1,1,1.60161,1.60161,0,1.23737,1.69344,8.91558e+06,3.92412e+06,1.42793e+07,0,0,0,2.76816e+08
101.846,103.622,2.6537,0.01,0,3.51781,3.51781,0,0.65922,6.16896,4.29004e+06,2.93582e+06,1.50916e+07,0,0,0,0,62.3362,61.308,3.0665,1,1,1.60165,1.60165,0,1.2374,1.69344,8.91558e+06,3.92412e+06,1.42797e+07,0,0,0,2.76816e+08
101.491,103.622,3.1537,0.01,0,3.51791,3.51791,0,0.659238,6.16896,4.29004e+06,2.93582e+06,1.5092e+07,0,0,0,0,62.3362,61.308,3.16416,1,1,1.6017,1.6017,0,1.23744,1.69344,8.91558e+06,3.92412e+06,1.428e+07,0,0,0,2.76816e+08
100.616,103.622,2.63572,0.01,0,3.68489,3.68489,0,0.659256,6.16896,4.29004e+06,2.93582e+06,1.58083e+07,0,0,0,0,62.3362,61.308,3.08635,1,1,1.68834,1.68834,0,1.23747,1.69344,8.91558e+06,3.92412e+06,1.50525e+07,0,0,0,2.76816e+08
99.662,103.622,2.48875,0.02,0,3.68499,3.68499,0,0.690548,6.16896,4.29004e+06,2.93582e+06,1.58088e+07,0,0,0,0,62.3027,61.308,2.96823,1,1,1.68838,1.68838,0,1.30441,1.69344,8.91558e+06,3.92412e+06,1.50529e+07,0,0,0,2.76816e+08
98.6092,103.622,2.35528,0.02,0,3.68509,3.68509,0,0.690567,6.16896,4.29004e+06,2.93582e+06,1.58092e+07,0,0,0,0,62.3012,61.308,3.00902,1,1,1.68843,1.68843,0,1.30445,1.69344,8.91558e+06,3.92412e+06,1.50533e+07,0,0,0,2.76816e+08
97.4933,103.622,2.26976,0.02,0,3.68519,3.68519,0,0.690586,6.16896,4.29004e+06,2.93582e+06,1.58096e+07,0,0,0,0,62.3164,61.308,2.92039,1,1,1.68848,1.68848,0,1.30448,1.69344,8.91558e+06,3.92412e+06,1.50538e+07,0,0,0,2.76816e+08
96.232,103.622,2.07414,0.02,0,3.68529,3.68529,0,0.690605,6.16896,4.29004e+06,2.93582e+06,1.58101e+07,0,0,0,0,62.244,61.308,2.75537,1,1,1.68852,1.68852,0,1.30452,1.69344,8.91558e+06,3.92412e+06,1.50542e+07,0,0,0,2.76816e+08
94.8333,103.622,1.86327,0.02,0,3.65238,3.65238,0,0.690623,6.16896,4.29004e+06,2.93582e+06,1.56689e+07,0,0,0,0,62.089,61.308,2.73365,1,1,1.69344,1.73617,0.0427309,1.30455,1.69344,8.91558e+06,3.92412e+06,1.5098e+07,0,0,0,2.76816e+08
93.3543,103.622,1.74743,0.02,0,3.65248,3.65248,0,0.684457,6.16896,4.29004e+06,2.93582e+06,1.56693e+07,0,0,0,0,61.8671,61.308,2.45004,1,1,1.69344,1.73622,0.0427785,1.30835,1.69344,8.91558e+06,3.92412e+06,1.5098e+07,0,0,0,2.76816e+08
91.8516,103.622,1.68792,0.03,0,3.65258,3.65258,0,0.684475,6.16896,4.29004e+06,2.93582e+06,1.56697e+07,0,0,0,0,61.618,61.308,2.3261,1,1,1.69344,1.73627,0.042826,1.30835,1.69344,8.91558e+06,3.92412e+06,1.5098e+07,0,0,0,2.76816e+08
90.4598,103.622,1.75387,0.06,0,3.65268,3.65268,0,0.684494,6.16896,4.29004e+06,2.93582e+06,1.56702e+07,0,0,0,0,61.471,61.308,2.52526,1,1,1.69344,1.73631,0.0428736,1.30835,1.69344,8.91558e+06,3.92412e+06,1.5098e+07,0,0,0,2.76816e+08
88.8475,103.622,1.55741,0.06,0,3.73803,3.73803,0,0.684513,6.16896,4.29004e+06,2.93582e+06,1.60363e+07,0,0,0,0,61.2374,61.308,2.27282,1,1,1.69344,1.77879,0.08535,1.30835,1.69344,8.91558e+06,3.92412e+06,1.5098e+07,0,0,0,2.76816e+08
87.126,103.622,1.38631,0.06,0,3.73814,3.73814,0,0.700507,6.16896,4.29004e+06,2.93582e+06,1.60368e+07,0,0,0,0,60.888,61.308,2.19456,1,1,1.69344,1.77884,0.0853988,1.30835,1.69344,8.91558e+06,3.92412e+06,1.5098e+07,0,0,0,2.76816e+08
85.3577,103.622,1.2886,0.06,0,3.73824,3.73824,0,0.700527,6.16896,4.29004e+06,2.93582e+06,1.60372e+07,0,0,0,0,60.4903,61.308,2.01309,1,1,1.69344,1.77889,0.0854474,1.30835,1.69344,8.91558e+06,3.92412e+06,1.5098e+07,0,0,0,2.76816e+08
83.6041,103.622,1.2856,0.06,0,3.73834,3.73834,0,0.700546,6.16896,4.29004e+06,2.93582e+06,1.60376e+07,0,0,0,0,60.1432,61.308,2.15756,1,1,1.69344,1.77894,0.0854961,1.30835,1.69344,8.91558e+06,3.92412e+06,1.5098e+07,0,0,0,2.76816e+08
81.6138,103.622,1.18343,0.06,0,3.98812,3.98812,0,0.700565,6.16896,4.29004e+06,2.93582e+06,1.71092e+07,0,0,0,0,59.7761,61.308,2.1531,1,1,1.69344,1.93215,0.238708,1.30835,1.69344,8.91558e+06,3.92412e+06,1.5098e+07,0,0,0,2.76816e+08
79.359,103.622,0.83831,0.08,0,3.98823,3.98823,0,0.747373,6.16896,4.29004e+06,2.93582e+06,1.71097e+07,0,0,0,0,59.2961,61.308,1.88498,1,1,1.69344,1.9322,0.238761,1.30835,1.69344,8.91558e+06,3.92412e+06,1.5098e+07,0,0,0,2.76816e+08
77.3962,103.622,1.10447,0.08,0,3.98834,3.98834,0,0.747394,6.16896,4.29004e+06,2.93582e+06,1.71101e+07,0,0,0,0,58.8723,61.308,2.1251,1,1,1.69344,1.93225,0.238814,1.30835,1.69344,8.91558e+06,3.92412e+06,1.5098e+07,0,0,0,2.76816e+08
75.8603,103.622,1.56847,0.08,0,3.98844,3.98844,0,0.747414,6.16896,4.29004e+06,2.93582e+06,1.71106e+07,0,0,0,0,58.6453,61.308,2.50822,1,1,1.69344,1.93231,0.238867,1.30835,1.69344,8.91558e+06,3.92412e+06,1.5098e+07,0,0,0,2.76816e+08
74.1362,103.622,1.30699,0.09,0,3.98855,3.98855,0,0.747434,6.16896,4.29004e+06,2.93582e+06,1.71111e+07,0,0,0,0,58.3429,61.308,2.25682,1,1,1.69344,1.93236,0.23892,1.30835,1.69344,8.91558e+06,3.92412e+06,1.5098e+07,0,0,0,2.76816e+08
72.2921,103.622,1.02937,0.08,0,3.86696,3.86696,0,0.747455,6.16896,4.29004e+06,2.93582e+06,1.65894e+07,0,0,0,0,58.2373,61.308,3.22034,1,1,1.69344,1.83944,0.145996,1.30835,1.69344,8.91558e+06,3.92412e+06,1.5098e+07,0,0,0,2.76816e+08
70.3464,103.622,0.851948,0.1,0,3.86707,3.86707,0,0.724669,6.16896,4.29004e+06,2.93582e+06,1.65899e+07,0,0,0,0,57.7443,61.308,1.68406,1,1,1.69344,1.83949,0.146046,1.30835,1.69344,8.91558e+06,3.92412e+06,1.5098e+07,0,0,0,2.76816e+08
68.7173,103.622,1.18075,0.11,0,3.86718,3.86718,0,0.724689,6.16896,4.29004e+06,2.93582e+06,1.65904e+07,0,0,0,0,57.4001,61.308,1.94422,1,1,1.69344,1.83954,0.146096,1.30835,1.69344,8.91558e+06,3.92412e+06,1.5098e+07,0,0,0,2.76816e+08
68.5469,103.622,2.94372,0.1,0,3.86728,3.86728,0,0.724709,6.16896,4.29004e+06,2.93582e+06,1.65908e+07,0,0,0,0,57.7005,61.308,3.35316,1,1,1.69344,1.83959,0.146147,1.30835,1.69344,8.91558e+06,3.92412e+06,1.5098e+07,0,0,0,2.76816e+08
67.1192,103.622,1.42778,0.09,0,3.76748,3.76748,0,0.724729,6.16896,4.29004e+06,2.93582e+06,1.61627e+07,0,0,0,0,57.5007,61.308,2.35835,1,1,1.69344,1.755,0.0615556,1.30835,1.69344,8.91558e+06,3.92412e+06,1.5098e+07,0,0,0,2.76816e+08
66.2219,103.622,2.01755,0.09,0,3.76759,3.76759,0,0.706026,6.16896,4.29004e+06,2.93582e+06,1.61631e+07,0,0,0,0,57.5309,61.308,2.77331,1,1,1.69344,1.75504,0.0616036,1.30835,1.69344,8.91558e+06,3.92412e+06,1.5098e+07,0,0,0,2.76816e+08
66.2247,103.622,2.98885,0.1,0,3.76769,3.76769,0,0.706046,6.16896,4.29004e+06,2.93582e+06,1.61636e+07,0,0,0,0,58.345,61.308,5.14828,1,1,1.69344,1.75509,0.0616517,1.30835,1.69344,8.91558e+06,3.92412e+06,1.5098e+07,0,0,0,2.76816e+08
65.24,103.622,1.98126,0.1,0,3.76779,3.76779,0,0.706065,6.16896,4.29004e+06,2.93582e+06,1.6164e+07,0,0,0,0,58.6098,61.308,3.94302,1,1,1.69344,1.75514,0.0616997,1.30835,1.69344,8.91558e+06,3.92412e+06,1.5098e+07,0,0,0,2.76816e+08
65.4763,103.622,3.20624,0.11,0,3.48413,3.48413,0,0.706084,6.16896,4.29004e+06,2.93582e+06,1.49471e+07,0,0,0,0,59.0164,61.308,3.67672,1,1,1.57888,1.57888,0,1.30835,1.69344,8.91558e+06,3.92412e+06,1.40767e+07,0,0,0,2.76816e+08
64.8039,103.622,2.21283,0.11,0,3.48423,3.48423,0,0.652926,6.16896,4.29004e+06,2.93582e+06,1.49475e+07,0,0,0,0,59.8361,61.308,4.73852,1,1,1.57893,1.57893,0,1.21985,1.69344,8.91558e+06,3.92412e+06,1.40771e+07,0,0,0,2.76816e+08
64.4269,103.622,2.6309,0.12,0,3.48432,3.48432,0,0.652944,6.16896,4.29004e+06,2.93582e+06,1.49479e+07,0,0,0,0,60.7734,61.308,6.16914,1,1,1.57897,1.57897,0,1.21988,1.69344,8.91558e+06,3.92412e+06,1.40775e+07,0,0,0,2.76816e+08
63.9583,103.622,2.43067,0.14,0,3.48442,3.48442,0,0.652962,6.16896,4.29004e+06,2.93582e+06,1.49483e+07,0,0,0,0,61.8048,61.308,5.6439,1,1,1.57901,1.57901,0,1.21991,1.69344,8.91558e+06,3.92412e+06,1.40778e+07,0,0,0,2.76816e+08
63.5384,103.622,2.50211,0.14,0,3.48451,3.48451,0,0.65298,6.16896,4.29004e+06,2.93582e+06,1.49487e+07,0,0,0,0,62.3362,61.308,5.07425,1,1,1.57906,1.57906,0,1.21995,1.69344,8.91558e+06,3.92412e+06,1.40782e+07,0,0,0,2.76816e+08
66.6337,103.622,6.20927,0.15,0,3.59375,3.59375,0,0.652998,6.16896,4.29004e+06,2.93582e+06,1.54174e+07,0,0,0,0,62.3362,61.308,4.09349,1,1,1.63015,1.63015,0,1.21998,1.69344,8.91558e+06,3.92412e+06,1.45338e+07,0,0,0,2.76816e+08
70.1108,103.622,6.69588,0.13,0,3.59382,3.59382,0,0.67347,6.16896,4.29004e+06,2.93582e+06,1.54176e+07,0,0,0,0,62.3362,61.308,4.14412,1,1,1.63018,1.63018,0,1.25946,1.69344,8.91558e+06,3.92412e+06,1.4534e+07,0,0,0,2.76816e+08
73.5044,103.622,6.75767,0.13,0,3.59389,3.59389,0,0.673482,6.16896,4.29004e+06,2.93582e+06,1.54179e+07,0,0,0,0,62.3362,61.308,4.27333,1,1,1.63021,1.63021,0,1.25948,1.69344,8.91558e+06,3.92412e+06,1.45343e+07,0,0,0,2.76816e+08
77.2119,103.622,7.12689,0.09,0,3.59395,3.59395,0,0.673495,6.16896,4.29004e+06,2.93582e+06,1.54182e+07,0,0,0,0,62.3362,61.308,4.38477,1,1,1.63024,1.63024,0,1.2595,1.69344,8.91558e+06,3.92412e+06,1.45346e+07,0,0,0,2.76816e+08
82.4707,103.622,9.24116,0.1,0,3.94457,3.94457,0,0.673507,6.16896,4.29004e+06,2.93582e+06,1.69224e+07,0,0,0,0,62.3362,61.308,5.22526,1,1,1.69344,1.82196,0.128519,1.25953,1.69344,8.91558e+06,3.92412e+06,1.5098e+07,0,0,0,2.76816e+08
85.2182,103.622,6.8752,0.1,0,3.94465,3.94465,0,0.739213,6.16896,4.29004e+06,2.93582e+06,1.69227e+07,0,0,0,0,62.3362,61.308,4.51993,1,1,1.69344,1.82199,0.128553,1.30835,1.69344,8.91558e+06,3.92412e+06,1.5098e+07,0,0,0,2.76816e+08
88.3831,103.622,7.2954,0.05,0,3.94472,3.94472,0,0.739227,6.16896,4.29004e+06,2.93582e+06,1.6923e+07,0,0,0,0,62.3362,61.308,5.14885,1,1,1.69344,1.82203,0.128587,1.30835,1.69344,8.91558e+06,3.92412e+06,1.5098e+07,0,0,0,2.76816e+08
92.1173,103.622,7.92151,0.05,0,3.94479,3.94479,0,0.739241,6.16896,4.29004e+06,2.93582e+06,1.69233e+07,0,0,0,0,62.3362,61.308,5.17013,1,1,1.69344,1.82206,0.12862,1.30835,1.69344,8.91558e+06,3.92412e+06,1.5098e+07,0,0,0,2.76816e+08
96.8217,103.622,8.60381,0.05,0,3.44483,3.44483,0,0.739254,6.16896,4.29004e+06,2.93582e+06,1.47785e+07,0,0,0,0,62.3362,61.308,5.30162,1,1,1.56483,1.56483,0,1.30835,1.69344,8.91558e+06,3.92412e+06,1.39514e+07,0,0,0,2.76816e+08
100.609,103.622,7.72462,0.02,0,3.44489,3.44489,0,0.645561,6.16896,4.29004e+06,2.93582e+06,1.47787e+07,0,0,0,0,62.3362,61.308,5.54121,1,1,1.56486,1.56486,0,1.20899,1.69344,8.91558e+06,3.92412e+06,1.39516e+07,0,0,0,2.76816e+08
103.622,103.622,8.21388,0.02,0,3.44496,3.44496,0,0.645573,6.16896,4.29004e+06,2.93582e+06,1.4779e+07,0,0,0,0,62.3362,61.308,5.09835,1,1,1.56489,1.56489,0,1.20901,1.69344,8.91558e+06,3.92412e+06,1.39519e+07,0,0,0,2.76816e+08
103.622,103.622,7.11036,0,0,3.44502,3.44502,0,0.645585,6.16896,4.29004e+06,2.93582e+06,1.47793e+07,0,0,0,0,62.3362,61.308,4.642,1,1,1.56492,1.56492,0,1.20903,1.69344,8.91558e+06,3.92412e+06,1.39522e+07,0,0,0,2.76816e+08
103.622,103.622,7.79994,0,0,3.44509,3.44509,0,0.645597,6.16896,4.29004e+06,2.93582e+06,1.47796e+07,0,0,0,0,62.3362,61.308,4.35345,1,1,1.56495,1.56495,0,1.20906,1.69344,8.91558e+06,3.92412e+06,1.39524e+07,0,0,0,2.76816e+08
103.622,103.622,4.45639,0,0,3.57103,3.57103,0,0.645609,6.16896,4.29004e+06,2.93582e+06,1.53199e+07,0,0,0,0,62.3362,61.308,3.43105,1,1,1.62792,1.62792,0,1.20908,1.69344,8.91558e+06,3.92412e+06,1.45138e+07,0,0,0,2.76816e+08
103.622,103.622,3.77698,0,0,3.5711,3.5711,0,0.669211,6.16896,4.29004e+06,2.93582e+06,1.53202e+07,0,0,0,0,62.3362,61.308,3.02279,1,1,1.62795,1.62795,0,1.25773,1.69344,8.91558e+06,3.92412e+06,1.45141e+07,0,0,0,2.76816e+08
103.568,103.622,3.5352,0,0,3.57116,3.57116,0,0.669223,6.16896,4.29004e+06,2.93582e+06,1.53204e+07,0,0,0,0,62.3362,61.308,3.15774,1,1,1.62798,1.62798,0,1.25775,1.69344,8.91558e+06,3.92412e+06,1.45144e+07,0,0,0,2.76816e+08
103.602,103.622,3.53327,0.01,0,3.57123,3.57123,0,0.669236,6.16896,4.29004e+06,2.93582e+06,1.53207e+07,0,0,0,0,62.3362,61.308,2.87723,1,1,1.62801,1.62801,0,1.25778,1.69344,8.91558e+06,3.92412e+06,1.45147e+07,0,0,0,2.76816e+08
103.348,103.622,3.20012,0,0,3.52207,3.52207,0,0.669248,6.16896,4.29004e+06,2.93582e+06,1.51098e+07,0,0,0,0,62.2529,61.308,2.44941,1,1,1.60359,1.60359,0,1.2578,1.69344,8.91558e+06,3.92412e+06,1.4297e+07,0,0,0,2.76816e+08
102.694,103.622,2.77378,0.01,0,3.52214,3.52214,0,0.660037,6.16896,4.29004e+06,2.93582e+06,1.51101e+07,0,0,0,0,61.9613,61.308,2.14446,1,1,1.60362,1.60362,0,1.23894,1.69344,8.91558e+06,3.92412e+06,1.42972e+07,0,0,0,2.76816e+08
101.937,103.622,2.55475,0.01,0,3.5222,3.5222,0,0.660049,6.16896,4.29004e+06,2.93582e+06,1.51104e+07,0,0,0,0,61.7522,61.308,1.94734,1,1,1.60365,1.60365,0,1.23896,1.69344,8.91558e+06,3.92412e+06,1.42975e+07,0,0,0,2.76816e+08
101.132,103.622,2.51999,0.01,0,3.52227,3.52227,0,0.660061,6.16896,4.29004e+06,2.93582e+06,1.51107e+07,0,0,0,0,61.5711,61.308,2.19021,1,1,1.60368,1.60368,0,1.23898,1.69344,8.91558e+06,3.92412e+06,1.42978e+07,0,0,0,2.76816e+08
100.246,103.622,2.49984,0.01,0,3.68942,3.68942,0,0.660073,6.16896,4.29004e+06,2.93582e+06,1.58278e+07,0,0,0,0,61.3193,61.308,2.02483,1,1,1.69042,1.69042,0,1.239,1.69344,8.91558e+06,3.92412e+06,1.5071e+07,0,0,0,2.76816e+08
99.3547,103.622,2.44173,0.01,0,3.68949,3.68949,0,0.691398,6.16896,4.29004e+06,2.93582e+06,1.58281e+07,0,0,0,0,60.9567,61.308,2.05853,1,1,1.69045,1.69045,0,1.30602,1.69344,8.91558e+06,3.92412e+06,1.50713e+07,0,0,0,2.76816e+08
98.1784,103.622,2.12057,0.01,0,3.68956,3.68956,0,0.691411,6.16896,4.29004e+06,2.93582e+06,1.58284e+07,0,0,0,0,60.5238,61.308,1.84926,1,1,1.69048,1.69048,0,1.30604,1.69344,8.91558e+06,3.92412e+06,1.50716e+07,0,0,0,2.76816e+08
96.8061,103.622,1.90175,0.02,0,3.68963,3.68963,0,0.691424,6.16896,4.29004e+06,2.93582e+06,1.58287e+07,0,0,0,0,60.0447,61.308,1.68163,1,1,1.69051,1.69051,0,1.30606,1.69344,8.91558e+06,3.92412e+06,1.50719e+07,0,0,0,2.76816e+08
95.4197,103.622,1.85591,0.02,0,3.6897,3.6897,0,0.691437,6.16896,4.29004e+06,2.93582e+06,1.5829e+07,0,0,0,0,59.547,61.308,1.72572,1,1,1.69054,1.69054,0,1.30609,1.69344,8.91558e+06,3.92412e+06,1.50722e+07,0,0,0,2.76816e+08
94.5191,103.622,2.30524,0.02,0,3.65672,3.65672,0,0.691449,6.16896,4.29004e+06,2.93582e+06,1.56875e+07,0,0,0,0,59.1045,61.308,1.80898,1,1,1.69344,1.73823,0.0447921,1.30611,1.69344,8.91558e+06,3.92412e+06,1.5098e+07,0,0,0,2.76816e+08
93.4825,103.622,2.13454,0.02,0,3.65679,3.65679,0,0.685269,6.16896,4.29004e+06,2.93582e+06,1.56878e+07,0,0,0,0,58.7386,61.308,1.79392,1,1,1.69344,1.73826,0.0448244,1.30835,1.69344,8.91558e+06,3.92412e+06,1.5098e+07,0,0,0,2.76816e+08
92.3375,103.622,2.00173,0.02,0,3.65686,3.65686,0,0.685282,6.16896,4.29004e+06,2.93582e+06,1.56881e+07,0,0,0,0,58.3232,61.308,1.84313,1,1,1.69344,1.7383,0.0448567,1.30835,1.69344,8.91558e+06,3.92412e+06,1.5098e+07,0,0,0,2.76816e+08
91.1676,103.622,1.94579,0.03,0,3.65692,3.65692,0,0.685295,6.16896,4.29004e+06,2.93582e+06,1.56884e+07,0,0,0,0,57.6711,61.308,1.75075,1,1,1.69344,1.73833,0.0448892,1.30835,1.69344,8.91558e+06,3.92412e+06,1.5098e+07,0,0,0,2.76816e+08
89.9225,103.622,1.89186,0.04,0,3.74234,3.74234,0,0.685308,6.16896,4.29004e+06,2.93582e+06,1.60548e+07,0,0,0,0,57.0271,61.308,1.59723,1,1,1.69344,1.78084,0.0873992,1.30835,1.69344,8.91558e+06,3.92412e+06,1.5098e+07,0,0,0,2.76816e+08
88.6174,103.622,1.80585,0.04,0,3.74241,3.74241,0,0.701314,6.16896,4.29004e+06,2.93582e+06,1.60551e+07,0,0,0,0,56.2673,61.308,1.52825,1,1,1.69344,1.78087,0.0874323,1.30835,1.69344,8.91558e+06,3.92412e+06,1.5098e+07,0,0,0,2.76816e+08
87.2304,103.622,1.68149,0.06,0,3.74248,3.74248,0,0.701327,6.16896,4.29004e+06,2.93582e+06,1.60554e+07,0,0,0,0,55.4246,61.308,1.44711,1,1,1.69344,1.78091,0.0874654,1.30835,1.69344,8.91558e+06,3.92412e+06,1.5098e+07,0,0,0,2.76816e+08
85.7438,103.622,1.54981,0.06,0,3.74255,3.74255,0,0.70134,6.16896,4.29004e+06,2.93582e+06,1.60557e+07,0,0,0,0,54.8737,61.308,1.36087,1,1,1.69344,1.78094,0.0874985,1.30835,1.69344,8.91558e+06,3.92412e+06,1.5098e+07,0,0,0,2.76816e+08
84.2767,103.622,1.73608,0.06,0,3.99257,3.99257,0,0.701353,6.16896,4.29004e+06,2.93582e+06,1.71283e+07,0,0,0,0,54.3495,61.308,1.74813,1,1,1.69344,1.93431,0.240866,1.30835,1.69344,8.91558e+06,3.92412e+06,1.5098e+07,0,0,0,2.76816e+08
82.3708,103.622,1.22186,0.05,0,3.99264,3.99264,0,0.748208,6.16896,4.29004e+06,2.93582e+06,1.71286e+07,0,0,0,0,53.6992,61.308,1.60667,1,1,1.69344,1.93434,0.240902,1.30835,1.69344,8.91558e+06,3.92412e+06,1.5098e+07,0,0,0,2.76816e+08
80.4786,103.622,1.19347,0.07,0,3.99272,3.99272,0,0.748222,6.16896,4.29004e+06,2.93582e+06,1.71289e+07,0,0,0,0,53.2108,61.308,1.51217,1,1,1.69344,1.93438,0.240938,1.30835,1.69344,8.91558e+06,3.92412e+06,1.5098e+07,0,0,0,2.76816e+08
79.081,103.622,1.67311,0.07,0,3.99279,3.99279,0,0.748236,6.16896,4.29004e+06,2.93582e+06,1.71293e+07,0,0,0,0,52.7906,61.308,1.76809,1,1,1.69344,1.93441,0.240974,1.30835,1.69344,8.91558e+06,3.92412e+06,1.5098e+07,0,0,0,2.76816e+08
78.335,103.622,2.38682,0.08,0,3.99287,3.99287,0,0.748249,6.16896,4.29004e+06,2.93582e+06,1.71296e+07,0,0,0,0,52.5469,61.308,2.04009,1,1,1.69344,1.93445,0.24101,1.30835,1.69344,8.91558e+06,3.92412e+06,1.5098e+07,0,0,0,2.76816e+08
77.2324,103.622,1.95662,0.08,0,3.87111,3.87111,0,0.748263,6.16896,4.29004e+06,2.93582e+06,1.66072e+07,0,0,0,0,52.2255,61.308,2.63229,1,1,1.69344,1.84141,0.147969,1.30835,1.69344,8.91558e+06,3.92412e+06,1.5098e+07,0,0,0,2.76816e+08
77.6192,103.622,3.56561,0.08,0,3.87118,3.87118,0,0.725446,6.16896,4.29004e+06,2.93582e+06,1.66075e+07,0,0,0,0,52.3684,61.308,4.85847,1,1,1.69344,1.84144,0.148003,1.30835,1.69344,8.91558e+06,3.92412e+06,1.5098e+07,0,0,0,2.76816e+08
76.2802,103.622,1.67259,0.07,0,3.87126,3.87126,0,0.72546,6.16896,4.29004e+06,2.93582e+06,1.66079e+07,0,0,0,0,52.0296,61.308,2.54601,1,1,1.69344,1.84148,0.148037,1.30835,1.69344,8.91558e+06,3.92412e+06,1.5098e+07,0,0,0,2.76816e+08
75.3015,103.622,2.05012,0.06,0,3.87133,3.87133,0,0.725473,6.16896,4.29004e+06,2.93582e+06,1.66082e+07,0,0,0,0,51.8615,61.308,2.79963,1,1,1.69344,1.84151,0.148072,1.30835,1.69344,8.91558e+06,3.92412e+06,1.5098e+07,0,0,0,2.76816e+08
78.3908,103.622,6.49327,0.06,0,3.77139,3.77139,0,0.725487,6.16896,4.29004e+06,2.93582e+06,1.61794e+07,0,0,0,0,52.3598,61.308,6.94514,1,1,1.69344,1.75682,0.0633765,1.30835,1.69344,8.91558e+06,3.92412e+06,1.5098e+07,0,0,0,2.76816e+08
81.3654,103.622,6.55919,0.04,0,3.77146,3.77146,0,0.706759,6.16896,4.29004e+06,2.93582e+06,1.61797e+07,0,0,0,0,53.0335,61.308,6.49803,1,1,1.69344,1.75685,0.0634092,1.30835,1.69344,8.91558e+06,3.92412e+06,1.5098e+07,0,0,0,2.76816e+08
85.2974,103.622,7.74634,0.04,0,3.77153,3.77153,0,0.706772,6.16896,4.29004e+06,2.93582e+06,1.618e+07,0,0,0,0,54.6896,61.308,9.09807,1,1,1.69344,1.75688,0.0634417,1.30835,1.69344,8.91558e+06,3.92412e+06,1.5098e+07,0,0,0,2.76816e+08
89.0752,103.622,7.74767,0.02,0,3.7716,3.7716,0,0.706785,6.16896,4.29004e+06,2.93582e+06,1.61803e+07,0,0,0,0,55.876,61.308,8.20069,1,1,1.69344,1.75691,0.0634744,1.30835,1.69344,8.91558e+06,3.92412e+06,1.5098e+07,0,0,0,2.76816e+08
92.96,103.622,7.61528,0.02,0,3.48762,3.48762,0,0.706798,6.16896,4.29004e+06,2.93582e+06,1.49621e+07,0,0,0,0,57.3042,61.308,7.70936,1,1,1.58047,1.58047,0,1.30835,1.69344,8.91558e+06,3.92412e+06,1.40908e+07,0,0,0,2.76816e+08
96.6572,103.622,7.81465,0.02,0,3.48769,3.48769,0,0.653581,6.16896,4.29004e+06,2.93582e+06,1.49623e+07,0,0,0,0,59.206,61.308,9.13267,1,1,1.5805,1.5805,0,1.22107,1.69344,8.91558e+06,3.92412e+06,1.40911e+07,0,0,0,2.76816e+08
103.211,103.622,11.3405,0.01,0,3.48775,3.48775,0,0.653593,6.16896,4.29004e+06,2.93582e+06,1.49626e+07,0,0,0,0,62.3362,61.308,18.4752,1,1,1.58053,1.58053,0,1.22109,1.69344,8.91558e+06,3.92412e+06,1.40913e+07,0,0,0,2.76816e+08
103.622,103.622,13.5114,0.01,0,3.48782,3.48782,0,0.653605,6.16896,4.29004e+06,2.93582e+06,1.49629e+07,0,0,0,0,62.3362,61.308,10.9991,1,1,1.58056,1.58056,0,1.22111,1.69344,8.91558e+06,3.92412e+06,1.40916e+07,0,0,0,2.76816e+08
103.622,103.622,10.3282,0.01,0,3.48788,3.48788,0,0.653617,6.16896,4.29004e+06,2.93582e+06,1.49632e+07,0,0,0,0,62.3362,61.308,8.98334,1,1,1.58059,1.58059,0,1.22114,1.69344,8.91558e+06,3.92412e+06,1.40918e+07,0,0,0,2.76816e+08
103.622,103.622,7.74497,0,0,3.48788,3.48788,0,0.653629,6.16896,4.29004e+06,2.93582e+06,1.49632e+07,0,0,0,0,62.3362,61.308,8.17418,1,1,1.58059,1.58059,0,1.22116,1.69344,8.91558e+06,3.92412e+06,1.40918e+07,0,0,0,2.76816e+08
103.622,103.622,12.8378,0.01,0,3.5972,3.5972,0,0.653629,6.16896,4.29004e+06,2.93582e+06,1.54321e+07,0,0,0,0,62.3362,61.308,15.7727,1,1,1.63171,1.63171,0,1.22116,1.69344,8.91558e+06,3.92412e+06,1.45477e+07,0,0,0,2.76816e+08
103.622,103.622,15.3005,0.01,0,3.59723,3.59723,0,0.674115,6.16896,4.29004e+06,2.93582e+06,1.54323e+07,0,0,0,0,62.3362,61.308,14.1547,1,1,1.63173,1.63173,0,1.26066,1.69344,8.91558e+06,3.92412e+06,1.45478e+07,0,0,0,2.76816e+08
103.622,103.622,17.4535,0.01,0,3.59727,3.59727,0,0.674122,6.16896,4.29004e+06,2.93582e+06,1.54324e+07,0,0,0,0,62.3362,61.308,12.9644,1,1,1.63175,1.63175,0,1.26068,1.69344,8.91558e+06,3.92412e+06,1.4548e+07,0,0,0,2.76816e+08
103.622,103.622,13.2551,0.01,0,3.59731,3.59731,0,0.674128,6.16896,4.29004e+06,2.93582e+06,1.54326e+07,0,0,0,0,62.3362,61.308,10.2826,1,1,1.63176,1.63176,0,1.26069,1.69344,8.91558e+06,3.92412e+06,1.45481e+07,0,0,0,2.76816e+08
103.622,103.622,21.0174,0.01,0,3.94822,3.94822,0,0.674135,6.16896,4.29004e+06,2.93582e+06,1.6938e+07,0,0,0,0,62.3362,61.308,14.7738,1,1,1.69344,1.82364,0.130202,1.2607,1.69344,8.91558e+06,3.92412e+06,1.5098e+07,0,0,0,2.76816e+08
103.622,103.622,8.76835,0.01,0,3.94826,3.94826,0,0.739896,6.16896,4.29004e+06,2.93582e+06,1.69382e+07,0,0,0,0,62.3362,61.308,7.71332,1,1,1.69344,1.82366,0.13022,1.30835,1.69344,8.91558e+06,3.92412e+06,1.5098e+07,0,0,0,2.76816e+08
103.622,103.622,7.18879,0.01,0,3.9483,3.9483,0,0.739903,6.16896,4.29004e+06,2.93582e+06,1.69384e+07,0,0,0,0,62.3362,61.308,7.82374,1,1,1.69344,1.82368,0.130238,1.30835,1.69344,8.91558e+06,3.92412e+06,1.5098e+07,0,0,0,2.76816e+08
103.622,103.622,8.43154,0.01,0,3.94834,3.94834,0,0.739911,6.16896,4.29004e+06,2.93582e+06,1.69385e+07,0,0,0,0,62.3362,61.308,11.9184,1,1,1.69344,1.8237,0.130256,1.30835,1.69344,8.91558e+06,3.92412e+06,1.5098e+07,0,0,0,2.76816e+08
103.622,103.622,8.09058,0.01,0,3.44789,3.44789,0,0.739918,6.16896,4.29004e+06,2.93582e+06,1.47916e+07,0,0,0,0,62.3362,61.308,7.6247,1,1,1.56622,1.56622,0,1.30835,1.69344,8.91558e+06,3.92412e+06,1.39638e+07,0,0,0,2.76816e+08
103.622,103.622,7.35478,0.01,0,3.44793,3.44793,0,0.646135,6.16896,4.29004e+06,2.93582e+06,1.47918e+07,0,0,0,0,62.3362,61.308,7.82644,1,1,1.56624,1.56624,0,1.21006,1.69344,8.91558e+06,3.92412e+06,1.39639e+07,0,0,0,2.76816e+08
103.622,103.622,10.7432,0.01,0,3.44796,3.44796,0,0.646142,6.16896,4.29004e+06,2.93582e+06,1.47919e+07,0,0,0,0,62.3362,61.308,8.95643,1,1,1.56625,1.56625,0,1.21008,1.69344,8.91558e+06,3.92412e+06,1.39641e+07,0,0,0,2.76816e+08
103.622,103.622,9.07884,0.01,0,3.448,3.448,0,0.646148,6.16896,4.29004e+06,2.93582e+06,1.47921e+07,0,0,0,0,62.3362,61.308,8.2013,1,1,1.56627,1.56627,0,1.21009,1.69344,8.91558e+06,3.92412e+06,1.39642e+07,0,0,0,2.76816e+08
103.622,103.622,9.51033,0.01,0,3.44803,3.44803,0,0.646154,6.16896,4.29004e+06,2.93582e+06,1.47922e+07,0,0,0,0,62.3362,61.308,14.3084,1,1,1.56628,1.56628,0,1.2101,1.69344,8.91558e+06,3.92412e+06,1.39643e+07,0,0,0,2.76816e+08
103.622,103.622,9.16262,0,0,3.57405,3.57405,0,0.646161,6.16896,4.29004e+06,2.93582e+06,1.53328e+07,0,0,0,0,62.3362,61.308,15.4948,1,1,1.6293,1.6293,0,1.21011,1.69344,8.91558e+06,3.92412e+06,1.45261e+07,0,0,0,2.76816e+08
103.622,103.622,6.71682,0,0,3.57408,3.57408,0,0.669777,6.16896,4.29004e+06,2.93582e+06,1.5333e+07,0,0,0,0,62.3362,61.308,14.5452,1,1,1.62931,1.62931,0,1.25879,1.69344,8.91558e+06,3.92412e+06,1.45263e+07,0,0,0,2.76816e+08
103.622,103.622,5.67456,0,0,3.57412,3.57412,0,0.669784,6.16896,4.29004e+06,2.93582e+06,1.53331e+07,0,0,0,0,62.3362,61.308,11.114,1,1,1.62933,1.62933,0,1.25881,1.69344,8.91558e+06,3.92412e+06,1.45264e+07,0,0,0,2.76816e+08
103.622,103.622,5.83078,0,0,3.57416,3.57416,0,0.66979,6.16896,4.29004e+06,2.93582e+06,1.53333e+07,0,0,0,0,62.3362,61.308,11.1957,1,1,1.62934,1.62934,0,1.25882,1.69344,8.91558e+06,3.92412e+06,1.45266e+07,0,0,0,2.76816e+08
103.622,103.622,5.3103,0.01,0,3.52493,3.52493,0,0.669797,6.16896,4.29004e+06,2.93582e+06,1.51221e+07,0,0,0,0,62.3362,61.308,7.40064,1,1,1.60489,1.60489,0,1.25883,1.69344,8.91558e+06,3.92412e+06,1.43086e+07,0,0,0,2.76816e+08
103.622,103.622,5.43481,0.01,0,3.52497,3.52497,0,0.660572,6.16896,4.29004e+06,2.93582e+06,1.51223e+07,0,0,0,0,62.3362,61.308,7.34972,1,1,1.60491,1.60491,0,1.23994,1.69344,8.91558e+06,3.92412e+06,1.43087e+07,0,0,0,2.76816e+08
103.622,103.622,5.30454,0.01,0,3.525,3.525,0,0.660578,6.16896,4.29004e+06,2.93582e+06,1.51224e+07,0,0,0,0,62.3362,61.308,7.40106,1,1,1.60492,1.60492,0,1.23995,1.69344,8.91558e+06,3.92412e+06,1.43088e+07,0,0,0,2.76816e+08
103.622,103.622,4.88699,0.01,0,3.52504,3.52504,0,0.660585,6.16896,4.29004e+06,2.93582e+06,1.51226e+07,0,0,0,0,62.3362,61.308,6.58886,1,1,1.60494,1.60494,0,1.23996,1.69344,8.91558e+06,3.92412e+06,1.4309e+07,0,0,0,2.76816e+08
103.622,103.622,4.29494,0.01,0,3.69229,3.69229,0,0.660592,6.16896,4.29004e+06,2.93582e+06,1.58401e+07,0,0,0,0,62.3362,61.308,5.15415,1,1,1.69173,1.69173,0,1.23998,1.69344,8.91558e+06,3.92412e+06,1.50828e+07,0,0,0,2.76816e+08
103.622,103.622,4.14441,0.02,0,3.69233,3.69233,0,0.691935,6.16896,4.29004e+06,2.93582e+06,1.58402e+07,0,0,0,0,62.3362,61.308,5.5417,1,1,1.69175,1.69175,0,1.30703,1.69344,8.91558e+06,3.92412e+06,1.50829e+07,0,0,0,2.76816e+08
103.622,103.622,3.80749,0.02,0,3.69236,3.69236,0,0.691942,6.16896,4.29004e+06,2.93582e+06,1.58404e+07,0,0,0,0,62.3362,61.308,5.25836,1,1,1.69176,1.69176,0,1.30704,1.69344,8.91558e+06,3.92412e+06,1.50831e+07,0,0,0,2.76816e+08
103.622,103.622,3.61293,0.02,0,3.6924,3.6924,0,0.691949,6.16896,4.29004e+06,2.93582e+06,1.58406e+07,0,0,0,0,62.3362,61.308,5.31112,1,1,1.69178,1.69178,0,1.30706,1.69344,8.91558e+06,3.92412e+06,1.50832e+07,0,0,0,2.76816e+08
103.181,103.622,2.98647,0.02,0,3.69244,3.69244,0,0.691956,6.16896,4.29004e+06,2.93582e+06,1.58407e+07,0,0,0,0,62.3362,61.308,3.9781,1,1,1.6918,1.6918,0,1.30707,1.69344,8.91558e+06,3.92412e+06,1.50834e+07,0,0,0,2.76816e+08
102.649,103.622,2.83765,0.04,0,3.6594,3.6594,0,0.691962,6.16896,4.29004e+06,2.93582e+06,1.5699e+07,0,0,0,0,62.3362,61.308,3.81003,1,1,1.69344,1.73951,0.0460668,1.30708,1.69344,8.91558e+06,3.92412e+06,1.5098e+07,0,0,0,2.76816e+08
102.002,103.622,2.69333,0.05,0,3.65944,3.65944,0,0.685772,6.16896,4.29004e+06,2.93582e+06,1.56991e+07,0,0,0,0,62.3362,61.308,3.62789,1,1,1.69344,1.73952,0.0460841,1.30835,1.69344,8.91558e+06,3.92412e+06,1.5098e+07,0,0,0,2.76816e+08
101.18,103.622,2.49155,0.04,0,3.65947,3.65947,0,0.685779,6.16896,4.29004e+06,2.93582e+06,1.56993e+07,0,0,0,0,62.3362,61.308,3.37885,1,1,1.69344,1.73954,0.0461014,1.30835,1.69344,8.91558e+06,3.92412e+06,1.5098e+07,0,0,0,2.76816e+08
100.191,103.622,2.26665,0.04,0,3.65951,3.65951,0,0.685785,6.16896,4.29004e+06,2.93582e+06,1.56995e+07,0,0,0,0,62.3362,61.308,2.97188,1,1,1.69344,1.73956,0.0461187,1.30835,1.69344,8.91558e+06,3.92412e+06,1.5098e+07,0,0,0,2.76816e+08
99.1188,103.622,2.25893,0.06,0,3.74495,3.74495,0,0.685792,6.16896,4.29004e+06,2.93582e+06,1.6066e+07,0,0,0,0,62.3362,61.308,3.10617,1,1,1.69344,1.78208,0.0886434,1.30835,1.69344,8.91558e+06,3.92412e+06,1.5098e+07,0,0,0,2.76816e+08
97.9279,103.622,2.08314,0.06,0,3.74499,3.74499,0,0.701804,6.16896,4.29004e+06,2.93582e+06,1.60662e+07,0,0,0,0,62.2632,61.308,2.96045,1,1,1.69344,1.7821,0.0886612,1.30835,1.69344,8.91558e+06,3.92412e+06,1.5098e+07,0,0,0,2.76816e+08
96.5869,103.622,1.89675,0.06,0,3.74503,3.74503,0,0.701811,6.16896,4.29004e+06,2.93582e+06,1.60663e+07,0,0,0,0,62.1343,61.308,2.58562,1,1,1.69344,1.78212,0.0886788,1.30835,1.69344,8.91558e+06,3.92412e+06,1.5098e+07,0,0,0,2.76816e+08
95.3756,103.622,2.06106,0.06,0,3.74507,3.74507,0,0.701818,6.16896,4.29004e+06,2.93582e+06,1.60665e+07,0,0,0,0,62.1436,61.308,3.20696,1,1,1.69344,1.78214,0.0886966,1.30835,1.69344,8.91558e+06,3.92412e+06,1.5098e+07,0,0,0,2.76816e+08
93.4001,103.622,1.36862,0.06,0,3.99522,3.99522,0,0.701825,6.16896,4.29004e+06,2.93582e+06,1.71397e+07,0,0,0,0,61.7716,61.308,2.16975,1,1,1.69344,1.93559,0.24215,1.30835,1.69344,8.91558e+06,3.92412e+06,1.5098e+07,0,0,0,2.76816e+08
91.5682,103.622,1.51451,0.05,0,3.99526,3.99526,0,0.748705,6.16896,4.29004e+06,2.93582e+06,1.71398e+07,0,0,0,0,61.5429,61.308,2.69109,1,1,1.69344,1.93561,0.242169,1.30835,1.69344,8.91558e+06,3.92412e+06,1.5098e+07,0,0,0,2.76816e+08
89.5115,103.622,1.2324,0.08,0,3.9953,3.9953,0,0.748712,6.16896,4.29004e+06,2.93582e+06,1.714e+07,0,0,0,0,61.1071,61.308,1.89008,1,1,1.69344,1.93563,0.242189,1.30835,1.69344,8.91558e+06,3.92412e+06,1.5098e+07,0,0,0,2.76816e+08
87.7419,103.622,1.53832,0.09,0,3.99534,3.99534,0,0.748719,6.16896,4.29004e+06,2.93582e+06,1.71402e+07,0,0,0,0,61.0571,61.308,3.47629,1,1,1.69344,1.93565,0.242208,1.30835,1.69344,8.91558e+06,3.92412e+06,1.5098e+07,0,0,0,2.76816e+08
85.8096,103.622,1.27754,0.08,0,3.99538,3.99538,0,0.748727,6.16896,4.29004e+06,2.93582e+06,1.71404e+07,0,0,0,0,61.2796,61.308,3.39131,1,1,1.69344,1.93567,0.242227,1.30835,1.69344,8.91558e+06,3.92412e+06,1.5098e+07,0,0,0,2.76816e+08
83.813,103.622,1.0786,0.08,0,3.87352,3.87352,0,0.748734,6.16896,4.29004e+06,2.93582e+06,1.66175e+07,0,0,0,0,61.4178,61.308,3.02765,1,1,1.69344,1.84255,0.149112,1.30835,1.69344,8.91558e+06,3.92412e+06,1.5098e+07,0,0,0,2.76816e+08
82.3558,103.622,1.72155,0.07,0,3.87355,3.87355,0,0.725897,6.16896,4.29004e+06,2.93582e+06,1.66177e+07,0,0,0,0,62.1853,61.308,4.11757,1,1,1.69344,1.84257,0.14913,1.30835,1.69344,8.91558e+06,3.92412e+06,1.5098e+07,0,0,0,2.76816e+08
82.6561,103.622,3.85139,0.1,0,3.87359,3.87359,0,0.725904,6.16896,4.29004e+06,2.93582e+06,1.66179e+07,0,0,0,0,62.3362,61.308,6.0575,1,1,1.69344,1.84259,0.149149,1.30835,1.69344,8.91558e+06,3.92412e+06,1.5098e+07,0,0,0,2.76816e+08
81.363,103.622,1.91701,0.09,0,3.87363,3.87363,0,0.725911,6.16896,4.29004e+06,2.93582e+06,1.6618e+07,0,0,0,0,62.3362,61.308,3.55514,1,1,1.69344,1.84261,0.149167,1.30835,1.69344,8.91558e+06,3.92412e+06,1.5098e+07,0,0,0,2.76816e+08
80.0377,103.622,1.78713,0.09,0,3.7736,3.7736,0,0.725918,6.16896,4.29004e+06,2.93582e+06,1.61889e+07,0,0,0,0,62.2751,61.308,2.45115,1,1,1.69344,1.75785,0.0644061,1.30835,1.69344,8.91558e+06,3.92412e+06,1.5098e+07,0,0,0,2.76816e+08
79.243,103.622,2.43474,0.09,0,3.77364,3.77364,0,0.707173,6.16896,4.29004e+06,2.93582e+06,1.61891e+07,0,0,0,0,62.3362,61.308,3.36347,1,1,1.69344,1.75786,0.0644236,1.30835,1.69344,8.91558e+06,3.92412e+06,1.5098e+07,0,0,0,2.76816e+08
81.0553,103.622,5.2541,0.08,0,3.77368,3.77368,0,0.70718,6.16896,4.29004e+06,2.93582e+06,1.61892e+07,0,0,0,0,62.3362,61.308,5.2236,1,1,1.69344,1.75788,0.064441,1.30835,1.69344,8.91558e+06,3.92412e+06,1.5098e+07,0,0,0,2.76816e+08
82.6029,103.622,4.9459,0.1,0,3.77372,3.77372,0,0.707187,6.16896,4.29004e+06,2.93582e+06,1.61894e+07,0,0,0,0,62.3362,61.308,4.9234,1,1,1.69344,1.7579,0.0644586,1.30835,1.69344,8.91558e+06,3.92412e+06,1.5098e+07,0,0,0,2.76816e+08
86.7277,103.622,7.68214,0.1,0,3.48955,3.48955,0,0.707194,6.16896,4.29004e+06,2.93582e+06,1.49703e+07,0,0,0,0,62.3362,61.308,6.47295,1,1,1.58134,1.58134,0,1.30835,1.69344,8.91558e+06,3.92412e+06,1.40986e+07,0,0,0,2.76816e+08
90.9892,103.622,7.78305,0.06,0,3.48958,3.48958,0,0.653941,6.16896,4.29004e+06,2.93582e+06,1.49705e+07,0,0,0,0,62.3362,61.308,6.68549,1,1,1.58135,1.58135,0,1.22174,1.69344,8.91558e+06,3.92412e+06,1.40987e+07,0,0,0,2.76816e+08
92.9003,103.622,5.41853,0.08,0,3.48962,3.48962,0,0.653947,6.16896,4.29004e+06,2.93582e+06,1.49706e+07,0,0,0,0,62.3362,61.308,3.46517,1,1,1.58137,1.58137,0,1.22175,1.69344,8.91558e+06,3.92412e+06,1.40988e+07,0,0,0,2.76816e+08
94.8534,103.622,5.56598,0.08,0,3.48965,3.48965,0,0.653954,6.16896,4.29004e+06,2.93582e+06,1.49708e+07,0,0,0,0,62.3362,61.308,3.53929,1,1,1.58139,1.58139,0,1.22177,1.69344,8.91558e+06,3.92412e+06,1.4099e+07,0,0,0,2.76816e+08
100.715,103.622,9.63106,0.03,0,3.48968,3.48968,0,0.65396,6.16896,4.29004e+06,2.93582e+06,1.49709e+07,0,0,0,0,62.3362,61.308,5.91828,1,1,1.5814,1.5814,0,1.22178,1.69344,8.91558e+06,3.92412e+06,1.40991e+07,0,0,0,2.76816e+08
103.622,103.622,8.509,0.05,0,3.59903,3.59903,0,0.653967,6.16896,4.29004e+06,2.93582e+06,1.544e+07,0,0,0,0,62.3362,61.308,4.91333,1,1,1.63254,1.63254,0,1.22179,1.69344,8.91558e+06,3.92412e+06,1.45551e+07,0,0,0,2.76816e+08
103.622,103.622,5.98132,0.01,0,3.59903,3.59903,0,0.674458,6.16896,4.29004e+06,2.93582e+06,1.544e+07,0,0,0,0,62.3362,61.308,4.615,1,1,1.63255,1.63255,0,1.2613,1.69344,8.91558e+06,3.92412e+06,1.45551e+07,0,0,0,2.76816e+08
103.622,103.622,6.14445,0.01,0,3.59904,3.59904,0,0.674459,6.16896,4.29004e+06,2.93582e+06,1.544e+07,0,0,0,0,62.3362,61.308,4.55422,1,1,1.63255,1.63255,0,1.26131,1.69344,8.91558e+06,3.92412e+06,1.45551e+07,0,0,0,2.76816e+08
103.622,103.622,17.271,0.01,0,3.59904,3.59904,0,0.674459,6.16896,4.29004e+06,2.93582e+06,1.544e+07,0,0,0,0,62.3362,61.308,10.2551,1,1,1.63255,1.63255,0,1.26131,1.69344,8.91558e+06,3.92412e+06,1.45551e+07,0,0,0,2.76816e+08
103.622,103.622,12.7566,0.01,0,3.95009,3.95009,0,0.67446,6.16896,4.29004e+06,2.93582e+06,1.69461e+07,0,0,0,0,62.3362,61.308,11.348,1,1,1.69344,1.82451,0.131066,1.26131,1.69344,8.91558e+06,3.92412e+06,1.5098e+07,0,0,0,2.76816e+08
103.622,103.622,18.544,0.01,0,3.95009,3.95009,0,0.740247,6.16896,4.29004e+06,2.93582e+06,1.69461e+07,0,0,0,0,62.3362,61.308,14.5604,1,1,1.69344,1.82451,0.131069,1.30835,1.69344,8.91558e+06,3.92412e+06,1.5098e+07,0,0,0,2.76816e+08
103.622,103.622,11.8654,0.01,0,3.9501,3.9501,0,0.740248,6.16896,4.29004e+06,2.93582e+06,1.69461e+07,0,0,0,0,62.3362,61.308,10.8487,1,1,1.69344,1.82451,0.131071,1.30835,1.69344,8.91558e+06,3.92412e+06,1.5098e+07,0,0,0,2.76816e+08
103.622,103.622,9.16039,0.01,0,3.9501,3.9501,0,0.740249,6.16896,4.29004e+06,2.93582e+06,1.69461e+07,0,0,0,0,62.3362,61.308,6.66271,1,1,1.69344,1.82451,0.131074,1.30835,1.69344,8.91558e+06,3.92412e+06,1.5098e+07,0,0,0,2.76816e+08
103.622,103.622,8.34833,0.01,0,3.44941,3.44941,0,0.74025,6.16896,4.29004e+06,2.93582e+06,1.47981e+07,0,0,0,0,62.3362,61.308,7.90061,1,1,1.56691,1.56691,0,1.30835,1.69344,8.91558e+06,3.92412e+06,1.39699e+07,0,0,0,2.76816e+08
103.622,103.622,6.43089,0.01,0,3.44941,3.44941,0,0.646419,6.16896,4.29004e+06,2.93582e+06,1.47981e+07,0,0,0,0,62.3362,61.308,6.18999,1,1,1.56691,1.56691,0,1.2106,1.69344,8.91558e+06,3.92412e+06,1.39699e+07,0,0,0,2.76816e+08
103.622,103.622,7.26787,0.01,0,3.44942,3.44942,0,0.64642,6.16896,4.29004e+06,2.93582e+06,1.47982e+07,0,0,0,0,62.3362,61.308,7.07117,1,1,1.56691,1.56691,0,1.2106,1.69344,8.91558e+06,3.92412e+06,1.397e+07,0,0,0,2.76816e+08
103.622,103.622,8.54011,0.01,0,3.44942,3.44942,0,0.646421,6.16896,4.29004e+06,2.93582e+06,1.47982e+07,0,0,0,0,62.3362,61.308,8.73404,1,1,1.56692,1.56692,0,1.2106,1.69344,8.91558e+06,3.92412e+06,1.397e+07,0,0,0,2.76816e+08
103.622,103.622,7.55525,0.01,0,3.44943,3.44943,0,0.646422,6.16896,4.29004e+06,2.93582e+06,1.47982e+07,0,0,0,0,62.3362,61.308,9.32398,1,1,1.56692,1.56692,0,1.2106,1.69344,8.91558e+06,3.92412e+06,1.397e+07,0,0,0,2.76816e+08
103.622,103.622,7.16497,0,0,3.57547,3.57547,0,0.646423,6.16896,4.29004e+06,2.93582e+06,1.53389e+07,0,0,0,0,62.3362,61.308,9.09422,1,1,1.62994,1.62994,0,1.2106,1.69344,8.91558e+06,3.92412e+06,1.45319e+07,0,0,0,2.76816e+08
103.622,103.622,8.37233,0,0,3.57547,3.57547,0,0.670042,6.16896,4.29004e+06,2.93582e+06,1.53389e+07,0,0,0,0,62.3362,61.308,10.3379,1,1,1.62994,1.62994,0,1.25929,1.69344,8.91558e+06,3.92412e+06,1.45319e+07,0,0,0,2.76816e+08
103.622,103.622,4.80048,0,0,3.57548,3.57548,0,0.670043,6.16896,4.29004e+06,2.93582e+06,1.53389e+07,0,0,0,0,62.3362,61.308,7.23789,1,1,1.62995,1.62995,0,1.25929,1.69344,8.91558e+06,3.92412e+06,1.45319e+07,0,0,0,2.76816e+08
103.622,103.622,4.48432,0,0,3.57548,3.57548,0,0.670044,6.16896,4.29004e+06,2.93582e+06,1.5339e+07,0,0,0,0,62.3362,61.308,5.57576,1,1,1.62995,1.62995,0,1.2593,1.69344,8.91558e+06,3.92412e+06,1.45319e+07,0,0,0,2.76816e+08
103.622,103.622,4.45628,0.01,0,3.52621,3.52621,0,0.670045,6.16896,4.29004e+06,2.93582e+06,1.51276e+07,0,0,0,0,62.3362,61.308,4.41711,1,1,1.60547,1.60547,0,1.2593,1.69344,8.91558e+06,3.92412e+06,1.43137e+07,0,0,0,2.76816e+08
103.622,103.622,4.03384,0.01,0,3.52621,3.52621,0,0.660811,6.16896,4.29004e+06,2.93582e+06,1.51276e+07,0,0,0,0,62.3362,61.308,3.99804,1,1,1.60548,1.60548,0,1.24039,1.69344,8.91558e+06,3.92412e+06,1.43138e+07,0,0,0,2.76816e+08
103.622,103.622,3.70613,0.01,0,3.52622,3.52622,0,0.660812,6.16896,4.29004e+06,2.93582e+06,1.51276e+07,0,0,0,0,62.3362,61.308,3.79552,1,1,1.60548,1.60548,0,1.24039,1.69344,8.91558e+06,3.92412e+06,1.43138e+07,0,0,0,2.76816e+08
103.622,103.622,3.75617,0.01,0,3.52622,3.52622,0,0.660813,6.16896,4.29004e+06,2.93582e+06,1.51276e+07,0,0,0,0,62.3362,61.308,4.6183,1,1,1.60548,1.60548,0,1.24039,1.69344,8.91558e+06,3.92412e+06,1.43138e+07,0,0,0,2.76816e+08
103.528,103.622,3.46893,0.01,0,3.6935,3.6935,0,0.660814,6.16896,4.29004e+06,2.93582e+06,1.58453e+07,0,0,0,0,62.3362,61.308,3.50815,1,1,1.69228,1.69228,0,1.24039,1.69344,8.91558e+06,3.92412e+06,1.50877e+07,0,0,0,2.76816e+08
103.222,103.622,3.21335,0.02,0,3.6935,3.6935,0,0.692162,6.16896,4.29004e+06,2.93582e+06,1.58453e+07,0,0,0,0,62.3362,61.308,3.13492,1,1,1.69229,1.69229,0,1.30746,1.69344,8.91558e+06,3.92412e+06,1.50877e+07,0,0,0,2.76816e+08
102.828,103.622,3.02754,0.03,0,3.69351,3.69351,0,0.692163,6.16896,4.29004e+06,2.93582e+06,1.58453e+07,0,0,0,0,62.2818,61.308,2.85352,1,1,1.69229,1.69229,0,1.30746,1.69344,8.91558e+06,3.92412e+06,1.50877e+07,0,0,0,2.76816e+08
102.256,103.622,2.81118,0.03,0,3.69351,3.69351,0,0.692164,6.16896,4.29004e+06,2.93582e+06,1.58453e+07,0,0,0,0,62.166,61.308,2.70819,1,1,1.69229,1.69229,0,1.30746,1.69344,8.91558e+06,3.92412e+06,1.50878e+07,0,0,0,2.76816e+08
101.301,103.622,2.40377,0.04,0,3.69352,3.69352,0,0.692164,6.16896,4.29004e+06,2.93582e+06,1.58454e+07,0,0,0,0,61.9632,61.308,2.30589,1,1,1.69229,1.69229,0,1.30746,1.69344,8.91558e+06,3.92412e+06,1.50878e+07,0,0,0,2.76816e+08
100.347,103.622,2.36799,0.04,0,3.66044,3.66044,0,0.692165,6.16896,4.29004e+06,2.93582e+06,1.57035e+07,0,0,0,0,61.7237,61.308,2.26028,1,1,1.69344,1.74,0.0465618,1.30746,1.69344,8.91558e+06,3.92412e+06,1.5098e+07,0,0,0,2.76816e+08
99.3181,103.622,2.2637,0.03,0,3.66045,3.66045,0,0.685967,6.16896,4.29004e+06,2.93582e+06,1.57035e+07,0,0,0,0,61.4532,61.308,2.25423,1,1,1.69344,1.74,0.0465642,1.30835,1.69344,8.91558e+06,3.92412e+06,1.5098e+07,0,0,0,2.76816e+08
98.0781,103.622,2.00439,0.04,0,3.66045,3.66045,0,0.685968,6.16896,4.29004e+06,2.93582e+06,1.57035e+07,0,0,0,0,61.1122,61.308,2.06257,1,1,1.69344,1.74001,0.0465664,1.30835,1.69344,8.91558e+06,3.92412e+06,1.5098e+07,0,0,0,2.76816e+08
96.681,103.622,1.78958,0.04,0,3.66046,3.66046,0,0.685969,6.16896,4.29004e+06,2.93582e+06,1.57035e+07,0,0,0,0,60.6579,61.308,1.82277,1,1,1.69344,1.74001,0.0465688,1.30835,1.69344,8.91558e+06,3.92412e+06,1.5098e+07,0,0,0,2.76816e+08
95.365,103.622,1.92768,0.06,0,3.74589,3.74589,0,0.68597,6.16896,4.29004e+06,2.93582e+06,1.607e+07,0,0,0,0,60.277,61.308,1.85155,1,1,1.69344,1.78253,0.0890892,1.30835,1.69344,8.91558e+06,3.92412e+06,1.5098e+07,0,0,0,2.76816e+08
93.9165,103.622,1.74245,0.06,0,3.7459,3.7459,0,0.70198,6.16896,4.29004e+06,2.93582e+06,1.60701e+07,0,0,0,0,59.6336,61.308,1.77687,1,1,1.69344,1.78253,0.0890916,1.30835,1.69344,8.91558e+06,3.92412e+06,1.5098e+07,0,0,0,2.76816e+08
92.3503,103.622,1.58526,0.06,0,3.7459,3.7459,0,0.701981,6.16896,4.29004e+06,2.93582e+06,1.60701e+07,0,0,0,0,59.1194,61.308,1.54181,1,1,1.69344,1.78253,0.089094,1.30835,1.69344,8.91558e+06,3.92412e+06,1.5098e+07,0,0,0,2.76816e+08
90.9365,103.622,1.74931,0.09,0,3.74591,3.74591,0,0.701982,6.16896,4.29004e+06,2.93582e+06,1.60701e+07,0,0,0,0,58.5198,61.308,1.90728,1,1,1.69344,1.78254,0.0890964,1.30835,1.69344,8.91558e+06,3.92412e+06,1.5098e+07,0,0,0,2.76816e+08
89.2181,103.622,1.56968,0.08,0,3.99608,3.99608,0,0.701983,6.16896,4.29004e+06,2.93582e+06,1.71434e+07,0,0,0,0,57.9308,61.308,1.48635,1,1,1.69344,1.93601,0.242568,1.30835,1.69344,8.91558e+06,3.92412e+06,1.5098e+07,0,0,0,2.76816e+08
87.692,103.622,1.76122,0.07,0,3.99609,3.99609,0,0.748866,6.16896,4.29004e+06,2.93582e+06,1.71434e+07,0,0,0,0,57.1772,61.308,1.85579,1,1,1.69344,1.93601,0.24257,1.30835,1.69344,8.91558e+06,3.92412e+06,1.5098e+07,0,0,0,2.76816e+08
85.8722,103.622,1.41925,0.08,0,3.99609,3.99609,0,0.748867,6.16896,4.29004e+06,2.93582e+06,1.71434e+07,0,0,0,0,56.5471,61.308,1.33614,1,1,1.69344,1.93601,0.242573,1.30835,1.69344,8.91558e+06,3.92412e+06,1.5098e+07,0,0,0,2.76816e+08
84.3711,103.622,1.74256,0.09,0,3.9961,3.9961,0,0.748868,6.16896,4.29004e+06,2.93582e+06,1.71434e+07,0,0,0,0,56.1569,61.308,2.34018,1,1,1.69344,1.93602,0.242576,1.30835,1.69344,8.91558e+06,3.92412e+06,1.5098e+07,0,0,0,2.76816e+08
82.7235,103.622,1.70172,0.08,0,3.99611,3.99611,0,0.748869,6.16896,4.29004e+06,2.93582e+06,1.71435e+07,0,0,0,0,55.6355,61.308,2.38358,1,1,1.69344,1.93602,0.242578,1.30835,1.69344,8.91558e+06,3.92412e+06,1.5098e+07,0,0,0,2.76816e+08
81.468,103.622,2.02718,0.1,0,3.87418,3.87418,0,0.74887,6.16896,4.29004e+06,2.93582e+06,1.66204e+07,0,0,0,0,55.1841,61.308,2.94173,1,1,1.69344,1.84287,0.14943,1.30835,1.69344,8.91558e+06,3.92412e+06,1.5098e+07,0,0,0,2.76816e+08
79.938,103.622,1.74682,0.1,0,3.87419,3.87419,0,0.726022,6.16896,4.29004e+06,2.93582e+06,1.66204e+07,0,0,0,0,54.9223,61.308,4.87242,1,1,1.69344,1.84287,0.149433,1.30835,1.69344,8.91558e+06,3.92412e+06,1.5098e+07,0,0,0,2.76816e+08
78.2033,103.622,1.45165,0.1,0,3.8742,3.8742,0,0.726023,6.16896,4.29004e+06,2.93582e+06,1.66205e+07,0,0,0,0,54.3543,61.308,2.53581,1,1,1.69344,1.84288,0.149435,1.30835,1.69344,8.91558e+06,3.92412e+06,1.5098e+07,0,0,0,2.76816e+08
76.7828,103.622,1.72415,0.09,0,3.8742,3.8742,0,0.726024,6.16896,4.29004e+06,2.93582e+06,1.66205e+07,0,0,0,0,53.8516,61.308,2.51938,1,1,1.69344,1.84288,0.149438,1.30835,1.69344,8.91558e+06,3.92412e+06,1.5098e+07,0,0,0,2.76816e+08
76.076,103.622,2.46613,0.09,0,3.77413,3.77413,0,0.726025,6.16896,4.29004e+06,2.93582e+06,1.61912e+07,0,0,0,0,53.5987,61.308,3.08954,1,1,1.69344,1.75809,0.0646494,1.30835,1.69344,8.91558e+06,3.92412e+06,1.5098e+07,0,0,0,2.76816e+08
75.9575,103.622,3.37646,0.08,0,3.77413,3.77413,0,0.707271,6.16896,4.29004e+06,2.93582e+06,1.61912e+07,0,0,0,0,53.5988,61.308,4.93954,1,1,1.69344,1.75809,0.0646518,1.30835,1.69344,8.91558e+06,3.92412e+06,1.5098e+07,0,0,0,2.76816e+08
76.3634,103.622,3.73592,0.08,0,3.77414,3.77414,0,0.707272,6.16896,4.29004e+06,2.93582e+06,1.61912e+07,0,0,0,0,53.586,61.308,4.50484,1,1,1.69344,1.75809,0.0646541,1.30835,1.69344,8.91558e+06,3.92412e+06,1.5098e+07,0,0,0,2.76816e+08
77.1688,103.622,4.06923,0.09,0,3.77414,3.77414,0,0.707273,6.16896,4.29004e+06,2.93582e+06,1.61912e+07,0,0,0,0,53.55,61.308,4.08866,1,1,1.69344,1.7581,0.0646565,1.30835,1.69344,8.91558e+06,3.92412e+06,1.5098e+07,0,0,0,2.76816e+08
78.6555,103.622,5.05273,0.09,0,3.48991,3.48991,0,0.707274,6.16896,4.29004e+06,2.93582e+06,1.49719e+07,0,0,0,0,53.9105,61.308,6.30493,1,1,1.5815,1.5815,0,1.30835,1.69344,8.91558e+06,3.92412e+06,1.41e+07,0,0,0,2.76816e+08
82.0506,103.622,7.5126,0.11,0,3.48991,3.48991,0,0.654009,6.16896,4.29004e+06,2.93582e+06,1.49719e+07,0,0,0,0,55.9968,61.308,13.0037,1,1,1.58151,1.58151,0,1.22187,1.69344,8.91558e+06,3.92412e+06,1.41e+07,0,0,0,2.76816e+08
86.9022,103.622,8.94263,0.13,0,3.48992,3.48992,0,0.65401,6.16896,4.29004e+06,2.93582e+06,1.49719e+07,0,0,0,0,56.6095,61.308,7.35375,1,1,1.58151,1.58151,0,1.22187,1.69344,8.91558e+06,3.92412e+06,1.41001e+07,0,0,0,2.76816e+08
89.6429,103.622,6.46876,0.07,0,3.48992,3.48992,0,0.654011,6.16896,4.29004e+06,2.93582e+06,1.49719e+07,0,0,0,0,56.9833,61.308,6.02564,1,1,1.58151,1.58151,0,1.22187,1.69344,8.91558e+06,3.92412e+06,1.41001e+07,0,0,0,2.76816e+08
89.9727,103.622,3.70812,0.06,0,3.48993,3.48993,0,0.654012,6.16896,4.29004e+06,2.93582e+06,1.49719e+07,0,0,0,0,56.9219,61.308,4.04631,1,1,1.58151,1.58151,0,1.22187,1.69344,8.91558e+06,3.92412e+06,1.41001e+07,0,0,0,2.76816e+08
89.5632,103.622,2.98038,0.06,0,3.59925,3.59925,0,0.654012,6.16896,4.29004e+06,2.93582e+06,1.54409e+07,0,0,0,0,57.1265,61.308,3.14174,1,1,1.63264,1.63264,0,1.22188,1.69344,8.91558e+06,3.92412e+06,1.4556e+07,0,0,0,2.76816e+08
88.9564,103.622,2.81368,0.07,0,3.59922,3.59922,0,0.674499,6.16896,4.29004e+06,2.93582e+06,1.54408e+07,0,0,0,0,57.6171,61.308,4.12283,1,1,1.63263,1.63263,0,1.26138,1.69344,8.91558e+06,3.92412e+06,1.45559e+07,0,0,0,2.76816e+08
87.9013,103.622,2.18685,0.07,0,3.59919,3.59919,0,0.674494,6.16896,4.29004e+06,2.93582e+06,1.54407e+07,0,0,0,0,57.9576,61.308,3.97805,1,1,1.63262,1.63262,0,1.26137,1.69344,8.91558e+06,3.92412e+06,1.45558e+07,0,0,0,2.76816e+08
86.3761,103.622,1.71912,0.08,0,3.59917,3.59917,0,0.674489,6.16896,4.29004e+06,2.93582e+06,1.54406e+07,0,0,0,0,57.8562,61.308,2.15469,1,1,1.63261,1.63261,0,1.26136,1.69344,8.91558e+06,3.92412e+06,1.45557e+07,0,0,0,2.76816e+08
85.2066,103.622,2.29153,0.08,0,3.95019,3.95019,0,0.674484,6.16896,4.29004e+06,2.93582e+06,1.69465e+07,0,0,0,0,57.7817,61.308,2.67384,1,1,1.69344,1.82455,0.131115,1.26135,1.69344,8.91558e+06,3.92412e+06,1.5098e+07,0,0,0,2.76816e+08
84.4616,103.622,2.71798,0.07,0,3.95017,3.95017,0,0.740266,6.16896,4.29004e+06,2.93582e+06,1.69464e+07,0,0,0,0,57.735,61.308,2.56533,1,1,1.69344,1.82454,0.131102,1.30835,1.69344,8.91558e+06,3.92412e+06,1.5098e+07,0,0,0,2.76816e+08
83.7682,103.622,2.73806,0.07,0,3.95014,3.95014,0,0.740261,6.16896,4.29004e+06,2.93582e+06,1.69463e+07,0,0,0,0,57.7166,61.308,2.48952,1,1,1.69344,1.82453,0.131088,1.30835,1.69344,8.91558e+06,3.92412e+06,1.5098e+07,0,0,0,2.76816e+08
83.1876,103.622,2.88761,0.06,0,3.95011,3.95011,0,0.740256,6.16896,4.29004e+06,2.93582e+06,1.69461e+07,0,0,0,0,57.7594,61.308,2.48911,1,1,1.69344,1.82452,0.131075,1.30835,1.69344,8.91558e+06,3.92412e+06,1.5098e+07,0,0,0,2.76816e+08
83.9951,103.622,4.06136,0.07,0,3.44938,3.44938,0,0.74025,6.16896,4.29004e+06,2.93582e+06,1.4798e+07,0,0,0,0,58.6534,61.308,4.23495,1,1,1.5669,1.5669,0,1.30835,1.69344,8.91558e+06,3.92412e+06,1.39698e+07,0,0,0,2.76816e+08
84.7932,103.622,4.13353,0.08,0,3.44936,3.44936,0,0.646414,6.16896,4.29004e+06,2.93582e+06,1.47979e+07,0,0,0,0,59.1075,61.308,3.97175,1,1,1.56689,1.56689,0,1.21059,1.69344,8.91558e+06,3.92412e+06,1.39697e+07,0,0,0,2.76816e+08
84.6868,103.622,3.09879,0.06,0,3.44933,3.44933,0,0.646409,6.16896,4.29004e+06,2.93582e+06,1.47978e+07,0,0,0,0,59.4173,61.308,3.11606,1,1,1.56688,1.56688,0,1.21058,1.69344,8.91558e+06,3.92412e+06,1.39696e+07,0,0,0,2.76816e+08
85.0982,103.622,3.65605,0.07,0,3.44931,3.44931,0,0.646405,6.16896,4.29004e+06,2.93582e+06,1.47977e+07,0,0,0,0,59.755,61.308,3.28303,1,1,1.56686,1.56686,0,1.21057,1.69344,8.91558e+06,3.92412e+06,1.39695e+07,0,0,0,2.76816e+08
85.9637,103.622,4.25646,0.07,0,3.44928,3.44928,0,0.6464,6.16896,4.29004e+06,2.93582e+06,1.47976e+07,0,0,0,0,60.1889,61.308,4.19634,1,1,1.56685,1.56685,0,1.21056,1.69344,8.91558e+06,3.92412e+06,1.39694e+07,0,0,0,2.76816e+08
87.4737,103.622,5.08189,0.06,0,3.57529,3.57529,0,0.646395,6.16896,4.29004e+06,2.93582e+06,1.53381e+07,0,0,0,0,60.9349,61.308,4.86451,1,1,1.62986,1.62986,0,1.21055,1.69344,8.91558e+06,3.92412e+06,1.45311e+07,0,0,0,2.76816e+08
87.8552,103.622,3.78569,0.04,0,3.57526,3.57526,0,0.670008,6.16896,4.29004e+06,2.93582e+06,1.5338e+07,0,0,0,0,61.109,61.308,3.36253,1,1,1.62985,1.62985,0,1.25923,1.69344,8.91558e+06,3.92412e+06,1.4531e+07,0,0,0,2.76816e+08
88.041,103.622,3.63544,0.04,0,3.57523,3.57523,0,0.670004,6.16896,4.29004e+06,2.93582e+06,1.53379e+07,0,0,0,0,61.3607,61.308,3.45532,1,1,1.62984,1.62984,0,1.25922,1.69344,8.91558e+06,3.92412e+06,1.45309e+07,0,0,0,2.76816e+08
87.7116,103.622,3.00406,0.04,0,3.57521,3.57521,0,0.669999,6.16896,4.29004e+06,2.93582e+06,1.53378e+07,0,0,0,0,61.1646,61.308,2.67764,1,1,1.62982,1.62982,0,1.25921,1.69344,8.91558e+06,3.92412e+06,1.45308e+07,0,0,0,2.76816e+08
86.7837,103.622,2.20763,0.03,0,3.52591,3.52591,0,0.669994,6.16896,4.29004e+06,2.93582e+06,1.51263e+07,0,0,0,0,60.8226,61.308,1.94024,1,1,1.60534,1.60534,0,1.2592,1.69344,8.91558e+06,3.92412e+06,1.43125e+07,0,0,0,2.76816e+08
85.7159,103.622,2.07168,0.03,0,3.52588,3.52588,0,0.660755,6.16896,4.29004e+06,2.93582e+06,1.51262e+07,0,0,0,0,60.6438,61.308,1.97995,1,1,1.60533,1.60533,0,1.24028,1.69344,8.91558e+06,3.92412e+06,1.43124e+07,0,0,0,2.76816e+08
85.716,103.622,3.14716,0.03,0,3.52586,3.52586,0,0.66075,6.16896,4.29004e+06,2.93582e+06,1.51261e+07,0,0,0,0,60.5801,61.308,2.35806,1,1,1.60531,1.60531,0,1.24027,1.69344,8.91558e+06,3.92412e+06,1.43123e+07,0,0,0,2.76816e+08
84.7029,103.622,2.03669,0.03,0,3.52583,3.52583,0,0.660745,6.16896,4.29004e+06,2.93582e+06,1.5126e+07,0,0,0,0,60.1699,61.308,2.0115,1,1,1.6053,1.6053,0,1.24027,1.69344,8.91558e+06,3.92412e+06,1.43122e+07,0,0,0,2.76816e+08
83.5289,103.622,1.92274,0.02,0,3.69306,3.69306,0,0.66074,6.16896,4.29004e+06,2.93582e+06,1.58434e+07,0,0,0,0,59.5224,61.308,1.68165,1,1,1.69208,1.69208,0,1.24026,1.69344,8.91558e+06,3.92412e+06,1.50859e+07,0,0,0,2.76816e+08
82.2341,103.622,1.72536,0.03,0,3.69303,3.69303,0,0.692079,6.16896,4.29004e+06,2.93582e+06,1.58433e+07,0,0,0,0,58.9365,61.308,1.67283,1,1,1.69207,1.69207,0,1.3073,1.69344,8.91558e+06,3.92412e+06,1.50858e+07,0,0,0,2.76816e+08
80.944,103.622,1.70984,0.07,0,3.693,3.693,0,0.692074,6.16896,4.29004e+06,2.93582e+06,1.58431e+07,0,0,0,0,58.3452,61.308,1.68946,1,1,1.69206,1.69206,0,1.30729,1.69344,8.91558e+06,3.92412e+06,1.50857e+07,0,0,0,2.76816e+08
79.5808,103.622,1.5942,0.08,0,3.69298,3.69298,0,0.692069,6.16896,4.29004e+06,2.93582e+06,1.5843e+07,0,0,0,0,57.524,61.308,1.60086,1,1,1.69204,1.69204,0,1.30728,1.69344,8.91558e+06,3.92412e+06,1.50856e+07,0,0,0,2.76816e+08
78.1805,103.622,1.47864,0.08,0,3.69295,3.69295,0,0.692064,6.16896,4.29004e+06,2.93582e+06,1.58429e+07,0,0,0,0,56.5692,61.308,1.37256,1,1,1.69203,1.69203,0,1.30727,1.69344,8.91558e+06,3.92412e+06,1.50855e+07,0,0,0,2.76816e+08
76.7885,103.622,1.42257,0.07,0,3.65985,3.65985,0,0.692059,6.16896,4.29004e+06,2.93582e+06,1.57009e+07,0,0,0,0,55.6189,61.308,1.26942,1,1,1.69344,1.73972,0.0462793,1.30726,1.69344,8.91558e+06,3.92412e+06,1.5098e+07,0,0,0,2.76816e+08
75.3227,103.622,1.32031,0.07,0,3.65982,3.65982,0,0.685856,6.16896,4.29004e+06,2.93582e+06,1.57008e+07,0,0,0,0,54.5445,61.308,1.25778,1,1,1.69344,1.73971,0.0462666,1.30835,1.69344,8.91558e+06,3.92412e+06,1.5098e+07,0,0,0,2.76816e+08
73.784,103.622,1.20829,0.08,0,3.6598,3.6598,0,0.685851,6.16896,4.29004e+06,2.93582e+06,1.57007e+07,0,0,0,0,53.4279,61.308,1.11776,1,1,1.69344,1.73969,0.046254,1.30835,1.69344,8.91558e+06,3.92412e+06,1.5098e+07,0,0,0,2.76816e+08
72.2458,103.622,1.15127,0.09,0,3.65977,3.65977,0,0.685846,6.16896,4.29004e+06,2.93582e+06,1.57006e+07,0,0,0,0,52.3961,61.308,1.12273,1,1,1.69344,1.73968,0.0462414,1.30835,1.69344,8.91558e+06,3.92412e+06,1.5098e+07,0,0,0,2.76816e+08
70.7165,103.622,1.18357,0.16,0,3.74515,3.74515,0,0.685841,6.16896,4.29004e+06,2.93582e+06,1.60669e+07,0,0,0,0,51.3658,61.308,1.22697,1,1,1.69344,1.78218,0.0887385,1.30835,1.69344,8.91558e+06,3.92412e+06,1.5098e+07,0,0,0,2.76816e+08
69.1546,103.622,1.09114,0.16,0,3.74513,3.74513,0,0.701842,6.16896,4.29004e+06,2.93582e+06,1.60668e+07,0,0,0,0,50.1993,61.308,1.16796,1,1,1.69344,1.78217,0.0887255,1.30835,1.69344,8.91558e+06,3.92412e+06,1.5098e+07,0,0,0,2.76816e+08
67.5452,103.622,0.993536,0.16,0,3.7451,3.7451,0,0.701837,6.16896,4.29004e+06,2.93582e+06,1.60666e+07,0,0,0,0,49.2474,61.308,1.02135,1,1,1.69344,1.78215,0.0887127,1.30835,1.69344,8.91558e+06,3.92412e+06,1.5098e+07,0,0,0,2.76816e+08
66.0985,103.622,1.14111,0.16,0,3.74507,3.74507,0,0.701832,6.16896,4.29004e+06,2.93582e+06,1.60665e+07,0,0,0,0,48.1708,61.308,1.33292,1,1,1.69344,1.78214,0.0886997,1.30835,1.69344,8.91558e+06,3.92412e+06,1.5098e+07,0,0,0,2.76816e+08
64.4814,103.622,1.03189,0.14,0,3.99516,3.99516,0,0.701826,6.16896,4.29004e+06,2.93582e+06,1.71394e+07,0,0,0,0,47.1122,61.308,1.04793,1,1,1.69344,1.93556,0.24212,1.30835,1.69344,8.91558e+06,3.92412e+06,1.5098e+07,0,0,0,2.76816e+08
63.0016,103.622,1.12565,0.13,0,3.99513,3.99513,0,0.748693,6.16896,4.29004e+06,2.93582e+06,1.71393e+07,0,0,0,0,45.9301,61.308,1.20586,1,1,1.69344,1.93555,0.242106,1.30835,1.69344,8.91558e+06,3.92412e+06,1.5098e+07,0,0,0,2.76816e+08
61.3651,103.622,0.911255,0.12,0,3.9951,3.9951,0,0.748688,6.16896,4.29004e+06,2.93582e+06,1.71392e+07,0,0,0,0,45.04,61.308,0.905482,1,1,1.69344,1.93553,0.242092,1.30835,1.69344,8.91558e+06,3.92412e+06,1.5098e+07,0,0,0,2.76816e+08
59.9501,103.622,1.10099,0.17,0,3.99507,3.99507,0,0.748682,6.16896,4.29004e+06,2.93582e+06,1.7139e+07,0,0,0,0,44.2473,61.308,1.4857,1,1,1.69344,1.93552,0.242078,1.30835,1.69344,8.91558e+06,3.92412e+06,1.5098e+07,0,0,0,2.76816e+08
58.6533,103.622,1.21171,0.17,0,3.99504,3.99504,0,0.748677,6.16896,4.29004e+06,2.93582e+06,1.71389e+07,0,0,0,0,43.53,61.308,1.35768,1,1,1.69344,1.9355,0.242064,1.30835,1.69344,8.91558e+06,3.92412e+06,1.5098e+07,0,0,0,2.76816e+08
57.7378,103.622,1.51285,0.17,0,3.87312,3.87312,0,0.748671,6.16896,4.29004e+06,2.93582e+06,1.66159e+07,0,0,0,0,42.8548,61.308,1.58927,1,1,1.69344,1.84237,0.148925,1.30835,1.69344,8.91558e+06,3.92412e+06,1.5098e+07,0,0,0,2.76816e+08
56.9758,103.622,1.6308,0.16,0,3.87309,3.87309,0,0.725823,6.16896,4.29004e+06,2.93582e+06,1.66157e+07,0,0,0,0,42.4907,61.308,1.5031,1,1,1.69344,1.84235,0.148912,1.30835,1.69344,8.91558e+06,3.92412e+06,1.5098e+07,0,0,0,2.76816e+08
56.7016,103.622,2.17984,0.16,0,3.87307,3.87307,0,0.725818,6.16896,4.29004e+06,2.93582e+06,1.66156e+07,0,0,0,0,42.2926,61.308,2.03475,1,1,1.69344,1.84234,0.148898,1.30835,1.69344,8.91558e+06,3.92412e+06,1.5098e+07,0,0,0,2.76816e+08
56.7761,103.622,2.62082,0.15,0,3.87304,3.87304,0,0.725813,6.16896,4.29004e+06,2.93582e+06,1.66155e+07,0,0,0,0,41.8708,61.308,2.69034,1,1,1.69344,1.84233,0.148885,1.30835,1.69344,8.91558e+06,3.92412e+06,1.5098e+07,0,0,0,2.76816e+08
56.0876,103.622,1.7321,0.17,0,3.77296,3.77296,0,0.725807,6.16896,4.29004e+06,2.93582e+06,1.61862e+07,0,0,0,0,40.7742,61.308,1.19279,1,1,1.69344,1.75755,0.0641071,1.30835,1.69344,8.91558e+06,3.92412e+06,1.5098e+07,0,0,0,2.76816e+08
55.1476,103.622,1.44014,0.18,0,3.77293,3.77293,0,0.707053,6.16896,4.29004e+06,2.93582e+06,1.6186e+07,0,0,0,0,40.2349,61.308,0.859571,1,1,1.69344,1.75753,0.0640944,1.30835,1.69344,8.91558e+06,3.92412e+06,1.5098e+07,0,0,0,2.76816e+08
54.861,103.622,2.24291,0.19,0,3.77291,3.77291,0,0.707048,6.16896,4.29004e+06,2.93582e+06,1.61859e+07,0,0,0,0,40.1138,61.308,2.34716,1,1,1.69344,1.75752,0.0640816,1.30835,1.69344,8.91558e+06,3.92412e+06,1.5098e+07,0,0,0,2.76816e+08
57.2238,103.622,5.19995,0.18,0,3.77288,3.77288,0,0.707043,6.16896,4.29004e+06,2.93582e+06,1.61858e+07,0,0,0,0,40.6937,61.308,4.1661,1,1,1.69344,1.75751,0.0640689,1.30835,1.69344,8.91558e+06,3.92412e+06,1.5098e+07,0,0,0,2.76816e+08
57.4256,103.622,2.62427,0.19,0,3.48871,3.48871,0,0.707037,6.16896,4.29004e+06,2.93582e+06,1.49667e+07,0,0,0,0,40.4357,61.308,1.62731,1,1,1.58096,1.58096,0,1.30835,1.69344,8.91558e+06,3.92412e+06,1.40952e+07,0,0,0,2.76816e+08
60.1362,103.622,5.46458,0.21,0,3.48869,3.48869,0,0.653785,6.16896,4.29004e+06,2.93582e+06,1.49666e+07,0,0,0,0,41.1192,61.308,5.18733,1,1,1.58095,1.58095,0,1.22145,1.69344,8.91558e+06,3.92412e+06,1.40951e+07,0,0,0,2.76816e+08
62.7614,103.622,5.36016,0.23,0,3.48866,3.48866,0,0.65378,6.16896,4.29004e+06,2.93582e+06,1.49665e+07,0,0,0,0,41.275,61.308,3.35592,1,1,1.58094,1.58094,0,1.22144,1.69344,8.91558e+06,3.92412e+06,1.4095e+07,0,0,0,2.76816e+08
65.4434,103.622,5.35798,0.16,0,3.48864,3.48864,0,0.653775,6.16896,4.29004e+06,2.93582e+06,1.49664e+07,0,0,0,0,41.1484,61.308,2.65068,1,1,1.58093,1.58093,0,1.22143,1.69344,8.91558e+06,3.92412e+06,1.40949e+07,0,0,0,2.76816e+08
68.7225,103.622,6.21875,0.17,0,3.48861,3.48861,0,0.653771,6.16896,4.29004e+06,2.93582e+06,1.49663e+07,0,0,0,0,41.7024,61.308,3.71868,1,1,1.58092,1.58092,0,1.22142,1.69344,8.91558e+06,3.92412e+06,1.40948e+07,0,0,0,2.76816e+08
70.8252,103.622,5.24862,0.16,0,3.59786,3.59786,0,0.653766,6.16896,4.29004e+06,2.93582e+06,1.5435e+07,0,0,0,0,42.122,61.308,3.58774,1,1,1.63201,1.63201,0,1.22142,1.69344,8.91558e+06,3.92412e+06,1.45504e+07,0,0,0,2.76816e+08
72.9664,103.622,5.29693,0.15,0,3.5978,3.5978,0,0.674239,6.16896,4.29004e+06,2.93582e+06,1.54347e+07,0,0,0,0,42.2295,61.308,2.96032,1,1,1.63199,1.63199,0,1.26089,1.69344,8.91558e+06,3.92412e+06,1.45501e+07,0,0,0,2.76816e+08
74.0887,103.622,4.23116,0.11,0,3.59774,3.59774,0,0.674228,6.16896,4.29004e+06,2.93582e+06,1.54345e+07,0,0,0,0,42.2535,61.308,2.647,1,1,1.63196,1.63196,0,1.26087,1.69344,8.91558e+06,3.92412e+06,1.45499e+07,0,0,0,2.76816e+08
74.4503,103.622,3.43826,0.12,0,3.59769,3.59769,0,0.674217,6.16896,4.29004e+06,2.93582e+06,1.54342e+07,0,0,0,0,42.0775,61.308,2.17731,1,1,1.63194,1.63194,0,1.26085,1.69344,8.91558e+06,3.92412e+06,1.45497e+07,0,0,0,2.76816e+08
76.8758,103.622,6.04014,0.12,0,3.94854,3.94854,0,0.674207,6.16896,4.29004e+06,2.93582e+06,1.69394e+07,0,0,0,0,41.9653,61.308,2.19411,1,1,1.69344,1.82379,0.130349,1.26083,1.69344,8.91558e+06,3.92412e+06,1.5098e+07,0,0,0,2.76816e+08
80.7045,103.622,7.62092,0.11,0,3.94847,3.94847,0,0.739956,6.16896,4.29004e+06,2.93582e+06,1.69391e+07,0,0,0,0,42.2157,61.308,3.98668,1,1,1.69344,1.82376,0.13032,1.30835,1.69344,8.91558e+06,3.92412e+06,1.5098e+07,0,0,0,2.76816e+08
83.0388,103.622,6.28543,0.11,0,3.94841,3.94841,0,0.739944,6.16896,4.29004e+06,2.93582e+06,1.69389e+07,0,0,0,0,41.5544,61.308,2.74437,1,1,1.69344,1.82373,0.130291,1.30835,1.69344,8.91558e+06,3.92412e+06,1.5098e+07,0,0,0,2.76816e+08
83.8448,103.622,4.44805,0.05,0,3.94835,3.94835,0,0.739932,6.16896,4.29004e+06,2.93582e+06,1.69386e+07,0,0,0,0,41.3715,61.308,1.59079,1,1,1.69344,1.8237,0.130262,1.30835,1.69344,8.91558e+06,3.92412e+06,1.5098e+07,0,0,0,2.76816e+08
86.2956,103.622,5.97278,0.05,0,3.44782,3.44782,0,0.739921,6.16896,4.29004e+06,2.93582e+06,1.47913e+07,0,0,0,0,41.0585,61.308,2.25021,1,1,1.56619,1.56619,0,1.30835,1.69344,8.91558e+06,3.92412e+06,1.39635e+07,0,0,0,2.76816e+08
86.9786,103.622,4.1337,0.05,0,3.44776,3.44776,0,0.646121,6.16896,4.29004e+06,2.93582e+06,1.4791e+07,0,0,0,0,40.9361,61.308,1.91138,1,1,1.56616,1.56616,0,1.21004,1.69344,8.91558e+06,3.92412e+06,1.39633e+07,0,0,0,2.76816e+08
88.0449,103.622,4.60093,0.05,0,3.44771,3.44771,0,0.646111,6.16896,4.29004e+06,2.93582e+06,1.47908e+07,0,0,0,0,41.4995,61.308,2.97414,1,1,1.56614,1.56614,0,1.21002,1.69344,8.91558e+06,3.92412e+06,1.3963e+07,0,0,0,2.76816e+08
89.3843,103.622,4.81188,0.05,0,3.44765,3.44765,0,0.6461,6.16896,4.29004e+06,2.93582e+06,1.47906e+07,0,0,0,0,41.8934,61.308,2.74248,1,1,1.56611,1.56611,0,1.21,1.69344,8.91558e+06,3.92412e+06,1.39628e+07,0,0,0,2.76816e+08
90.1294,103.622,4.2533,0.04,0,3.4476,3.4476,0,0.64609,6.16896,4.29004e+06,2.93582e+06,1.47903e+07,0,0,0,0,42.2386,61.308,2.94952,1,1,1.56609,1.56609,0,1.20998,1.69344,8.91558e+06,3.92412e+06,1.39626e+07,0,0,0,2.76816e+08
90.86,103.622,4.36256,0.04,0,3.57351,3.57351,0,0.64608,6.16896,4.29004e+06,2.93582e+06,1.53305e+07,0,0,0,0,42.3225,61.308,2.86063,1,1,1.62905,1.62905,0,1.20996,1.69344,8.91558e+06,3.92412e+06,1.45239e+07,0,0,0,2.76816e+08
91.5128,103.622,4.34738,0.03,0,3.57345,3.57345,0,0.669676,6.16896,4.29004e+06,2.93582e+06,1.53303e+07,0,0,0,0,42.2779,61.308,2.82642,1,1,1.62902,1.62902,0,1.2586,1.69344,8.91558e+06,3.92412e+06,1.45237e+07,0,0,0,2.76816e+08
93.171,103.622,5.63458,0.02,0,3.5734,3.5734,0,0.669665,6.16896,4.29004e+06,2.93582e+06,1.533e+07,0,0,0,0,42.3689,61.308,3.50255,1,1,1.629,1.629,0,1.25858,1.69344,8.91558e+06,3.92412e+06,1.45235e+07,0,0,0,2.76816e+08
93.5615,103.622,3.97935,0.02,0,3.57334,3.57334,0,0.669655,6.16896,4.29004e+06,2.93582e+06,1.53298e+07,0,0,0,0,42.3572,61.308,3.15542,1,1,1.62897,1.62897,0,1.25856,1.69344,8.91558e+06,3.92412e+06,1.45232e+07,0,0,0,2.76816e+08
93.9826,103.622,3.95267,0,0,3.52404,3.52404,0,0.669644,6.16896,4.29004e+06,2.93582e+06,1.51183e+07,0,0,0,0,42.428,61.308,3.38742,1,1,1.60449,1.60449,0,1.25854,1.69344,8.91558e+06,3.92412e+06,1.43049e+07,0,0,0,2.76816e+08
93.6807,103.622,3.12449,0.01,0,3.52398,3.52398,0,0.660404,6.16896,4.29004e+06,2.93582e+06,1.5118e+07,0,0,0,0,42.2941,61.308,2.62187,1,1,1.60446,1.60446,0,1.23963,1.69344,8.91558e+06,3.92412e+06,1.43047e+07,0,0,0,2.76816e+08
93.0603,103.622,2.78109,0.01,0,3.52392,3.52392,0,0.660394,6.16896,4.29004e+06,2.93582e+06,1.51178e+07,0,0,0,0,42.1372,61.308,2.45148,1,1,1.60443,1.60443,0,1.23961,1.69344,8.91558e+06,3.92412e+06,1.43045e+07,0,0,0,2.76816e+08
92.7618,103.622,3.15653,0.02,0,3.52387,3.52387,0,0.660383,6.16896,4.29004e+06,2.93582e+06,1.51175e+07,0,0,0,0,42.0075,61.308,2.34553,1,1,1.60441,1.60441,0,1.23959,1.69344,8.91558e+06,3.92412e+06,1.43042e+07,0,0,0,2.76816e+08
92.1502,103.622,2.80016,0.02,0,3.69097,3.69097,0,0.660373,6.16896,4.29004e+06,2.93582e+06,1.58344e+07,0,0,0,0,41.7571,61.308,2.37582,1,1,1.69113,1.69113,0,1.23957,1.69344,8.91558e+06,3.92412e+06,1.50774e+07,0,0,0,2.76816e+08
91.4058,103.622,2.61616,0.02,0,3.69091,3.69091,0,0.691688,6.16896,4.29004e+06,2.93582e+06,1.58342e+07,0,0,0,0,41.4679,61.308,2.2669,1,1,1.6911,1.6911,0,1.30656,1.69344,8.91558e+06,3.92412e+06,1.50771e+07,0,0,0,2.76816e+08
90.4958,103.622,2.38139,0.02,0,3.69086,3.69086,0,0.691677,6.16896,4.29004e+06,2.93582e+06,1.58339e+07,0,0,0,0,41.1331,61.308,2.18549,1,1,1.69107,1.69107,0,1.30654,1.69344,8.91558e+06,3.92412e+06,1.50769e+07,0,0,0,2.76816e+08
89.501,103.622,2.26423,0.03,0,3.6908,3.6908,0,0.691666,6.16896,4.29004e+06,2.93582e+06,1.58337e+07,0,0,0,0,40.7664,61.308,2.05017,1,1,1.69105,1.69105,0,1.30652,1.69344,8.91558e+06,3.92412e+06,1.50767e+07,0,0,0,2.76816e+08
88.3543,103.622,2.06942,0.03,0,3.69074,3.69074,0,0.691655,6.16896,4.29004e+06,2.93582e+06,1.58334e+07,0,0,0,0,40.4144,61.308,1.92486,1,1,1.69102,1.69102,0,1.3065,1.69344,8.91558e+06,3.92412e+06,1.50764e+07,0,0,0,2.76816e+08
87.0277,103.622,1.81797,0.03,0,3.65763,3.65763,0,0.691644,6.16896,4.29004e+06,2.93582e+06,1.56914e+07,0,0,0,0,39.9622,61.308,1.893,1,1,1.69344,1.73866,0.0452226,1.30648,1.69344,8.91558e+06,3.92412e+06,1.5098e+07,0,0,0,2.76816e+08
85.5807,103.622,1.65709,0.03,0,3.65757,3.65757,0,0.685439,6.16896,4.29004e+06,2.93582e+06,1.56911e+07,0,0,0,0,39.5225,61.308,1.70661,1,1,1.69344,1.73864,0.0451952,1.30835,1.69344,8.91558e+06,3.92412e+06,1.5098e+07,0,0,0,2.76816e+08
84.115,103.622,1.56637,0.03,0,3.65751,3.65751,0,0.685428,6.16896,4.29004e+06,2.93582e+06,1.56909e+07,0,0,0,0,38.9235,61.308,1.68038,1,1,1.69344,1.73861,0.0451676,1.30835,1.69344,8.91558e+06,3.92412e+06,1.5098e+07,0,0,0,2.76816e+08
82.5035,103.622,1.37629,0.03,0,3.65745,3.65745,0,0.685417,6.16896,4.29004e+06,2.93582e+06,1.56906e+07,0,0,0,0,38.1351,61.308,1.57223,1,1,1.69344,1.73858,0.0451402,1.30835,1.69344,8.91558e+06,3.92412e+06,1.5098e+07,0,0,0,2.76816e+08
80.8161,103.622,1.3044,0.07,0,3.74275,3.74275,0,0.685407,6.16896,4.29004e+06,2.93582e+06,1.60566e+07,0,0,0,0,37.4242,61.308,1.40438,1,1,1.69344,1.78104,0.0875953,1.30835,1.69344,8.91558e+06,3.92412e+06,1.5098e+07,0,0,0,2.76816e+08
79.1028,103.622,1.24103,0.07,0,3.74269,3.74269,0,0.701392,6.16896,4.29004e+06,2.93582e+06,1.60563e+07,0,0,0,0,36.5782,61.308,1.45907,1,1,1.69344,1.78101,0.0875672,1.30835,1.69344,8.91558e+06,3.92412e+06,1.5098e+07,0,0,0,2.76816e+08
77.3549,103.622,1.15479,0.09,0,3.74263,3.74263,0,0.70138,6.16896,4.29004e+06,2.93582e+06,1.60561e+07,0,0,0,0,35.8084,61.308,1.33761,1,1,1.69344,1.78098,0.087539,1.30835,1.69344,8.91558e+06,3.92412e+06,1.5098e+07,0,0,0,2.76816e+08
75.6294,103.622,1.14942,0.09,0,3.74257,3.74257,0,0.701369,6.16896,4.29004e+06,2.93582e+06,1.60558e+07,0,0,0,0,34.6981,61.308,1.43261,1,1,1.69344,1.78095,0.0875109,1.30835,1.69344,8.91558e+06,3.92412e+06,1.5098e+07,0,0,0,2.76816e+08
73.5123,103.622,0.826487,0.08,0,3.99246,3.99246,0,0.701358,6.16896,4.29004e+06,2.93582e+06,1.71278e+07,0,0,0,0,33.2893,61.308,0.979046,1,1,1.69344,1.93425,0.240813,1.30835,1.69344,8.91558e+06,3.92412e+06,1.5098e+07,0,0,0,2.76816e+08
71.2943,103.622,0.648864,0.08,0,3.9924,3.9924,0,0.748187,6.16896,4.29004e+06,2.93582e+06,1.71276e+07,0,0,0,0,31.9195,61.308,0.726501,1,1,1.69344,1.93422,0.240782,1.30835,1.69344,8.91558e+06,3.92412e+06,1.5098e+07,0,0,0,2.76816e+08
69.3686,103.622,0.900868,0.11,0,3.99234,3.99234,0,0.748175,6.16896,4.29004e+06,2.93582e+06,1.71273e+07,0,0,0,0,30.66,61.308,0.849112,1,1,1.69344,1.93419,0.240752,1.30835,1.69344,8.91558e+06,3.92412e+06,1.5098e+07,0,0,0,2.76816e+08
67.8074,103.622,1.27687,0.12,0,3.99227,3.99227,0,0.748164,6.16896,4.29004e+06,2.93582e+06,1.7127e+07,0,0,0,0,29.4729,61.308,0.982979,1,1,1.69344,1.93416,0.240721,1.30835,1.69344,8.91558e+06,3.92412e+06,1.5098e+07,0,0,0,2.76816e+08
65.8737,103.622,0.844031,0.12,0,3.99221,3.99221,0,0.748152,6.16896,4.29004e+06,2.93582e+06,1.71267e+07,0,0,0,0,28.2801,61.308,0.96468,1,1,1.69344,1.93413,0.240691,1.30835,1.69344,8.91558e+06,3.92412e+06,1.5098e+07,0,0,0,2.76816e+08
63.8367,103.622,0.626598,0.11,0,3.87034,3.87034,0,0.74814,6.16896,4.29004e+06,2.93582e+06,1.66039e+07,0,0,0,0,27.0024,61.308,0.942163,1,1,1.69344,1.84104,0.147602,1.30835,1.69344,8.91558e+06,3.92412e+06,1.5098e+07,0,0,0,2.76816e+08
61.7552,103.622,0.515903,0.12,0,3.87028,3.87028,0,0.725302,6.16896,4.29004e+06,2.93582e+06,1.66037e+07,0,0,0,0,25.68,61.308,0.790604,1,1,1.69344,1.84101,0.147573,1.30835,1.69344,8.91558e+06,3.92412e+06,1.5098e+07,0,0,0,2.76816e+08
59.8536,103.622,0.639793,0.15,0,3.87022,3.87022,0,0.72529,6.16896,4.29004e+06,2.93582e+06,1.66034e+07,0,0,0,0,24.8914,61.308,0.819972,1,1,1.69344,1.84098,0.147544,1.30835,1.69344,8.91558e+06,3.92412e+06,1.5098e+07,0,0,0,2.76816e+08
59.6082,103.622,2.41425,0.14,0,3.87016,3.87016,0,0.725279,6.16896,4.29004e+06,2.93582e+06,1.66031e+07,0,0,0,0,24.2682,61.308,1.69013,1,1,1.69344,1.84095,0.147515,1.30835,1.69344,8.91558e+06,3.92412e+06,1.5098e+07,0,0,0,2.76816e+08
58.7306,103.622,1.72744,0.14,0,3.77012,3.77012,0,0.725268,6.16896,4.29004e+06,2.93582e+06,1.6174e+07,0,0,0,0,24.1574,61.308,1.54233,1,1,1.69344,1.75622,0.0627849,1.30835,1.69344,8.91558e+06,3.92412e+06,1.5098e+07,0,0,0,2.76816e+08
57.6144,103.622,1.43062,0.13,0,3.77006,3.77006,0,0.706521,6.16896,4.29004e+06,2.93582e+06,1.61737e+07,0,0,0,0,23.8759,61.308,2.19948,1,1,1.69344,1.7562,0.0627571,1.30835,1.69344,8.91558e+06,3.92412e+06,1.5098e+07,0,0,0,2.76816e+08
56.4115,103.622,1.34803,0.15,0,3.77,3.77,0,0.70651,6.16896,4.29004e+06,2.93582e+06,1.61735e+07,0,0,0,0,23.6938,61.308,1.53904,1,1,1.69344,1.75617,0.0627294,1.30835,1.69344,8.91558e+06,3.92412e+06,1.5098e+07,0,0,0,2.76816e+08
