60,57,56,56,57,60,60,60,60,59,60,60,60,60,60,60,60,58,59,60,60,60,59,60,60,60,60,60,61,60,61,60,60,60,60,60,60,61,61,60,61,60,60,60,60,61,61,60,60,60
60,57,56,56,58,60,60,60,60,59,60,60,60,60,60,60,60,58,59,60,60,60,60,60,60,60,61,61,61,60,61,61,60,60,60,61,61,61,61,61,61,61,60,60,60,61,61,61,60,60
60,57,56,56,58,60,60,60,60,59,60,60,60,60,60,60,60,58,59,60,60,60,60,60,60,60,61,61,61,60,61,61,60,60,60,61,61,61,61,61,61,61,60,60,60,61,61,61,60,60
60,57,56,56,58,60,60,60,60,59,60,60,60,60,60,60,60,58,59,60,60,60,60,60,60,60,61,61,61,60,61,61,60,60,60,61,61,61,61,61,61,61,60,60,60,61,61,61,60,60
60,57,56,56,58,60,60,60,60,59,60,60,60,60,60,60,60,58,59,60,60,60,60,60,60,60,61,61,61,60,61,61,60,60,60,61,61,61,61,61,61,61,60,60,60,61,61,61,60,60
60,57,56,56,58,60,60,60,60,59,60,60,60,60,60,60,60,58,59,60,60,60,60,60,60,60,61,61,61,60,61,61,60,60,60,61,61,61,61,61,61,61,60,60,60,61,61,61,60,60
60,57,56,56,58,60,60,60,60,59,60,60,60,60,60,60,60,58,59,60,60,60,60,60,60,60,61,61,61,60,61,61,60,60,60,61,61,61,61,61,61,61,60,60,60,61,61,61,60,60
60,57,56,56,58,60,60,60,60,59,60,60,60,60,60,60,60,58,59,60,60,60,60,60,60,60,61,61,61,60,61,61,60,60,60,61,61,61,61,61,61,61,60,60,60,61,61,61,60,60
60,57,56,56,58,60,60,60,60,59,60,60,60,60,60,60,60,58,59,60,60,60,60,60,60,60,61,61,61,60,61,61,60,60,60,61,61,61,61,61,61,61,60,60,60,61,61,61,60,60
60,57,56,56,58,60,60,60,60,59,60,60,60,60,60,60,60,58,59,60,60,60,60,60,60,60,61,61,61,60,61,61,60,60,60,61,61,61,61,61,61,61,60,60,60,61,61,61,60,60
60,57,56,56,58,60,60,60,60,59,60,60,60,60,60,60,60,58,59,60,60,60,60,60,60,60,61,61,61,60,61,61,60,60,60,61,61,61,61,61,61,61,60,60,60,61,61,61,60,60
60,57,56,56,58,60,60,60,60,59,60,60,60,60,60,60,60,58,59,60,60,60,60,60,60,60,61,61,61,60,61,61,60,60,60,61,61,61,61,61,61,61,60,60,60,61,61,61,60,60
60,57,56,56,58,60,60,60,60,59,60,60,60,60,60,60,60,58,59,60,60,60,60,60,60,60,61,61,61,60,61,61,60,60,60,61,61,61,61,61,61,61,60,60,60,61,61,61,60,60
60,57,56,56,58,60,60,60,60,59,60,60,60,60,60,60,60,58,59,60,60,60,60,60,60,60,61,61,61,60,61,61,60,60,60,61,61,61,61,61,61,61,60,60,60,61,61,61,60,60
60,57,56,56,58,60,60,60,60,59,60,60,60,60,60,60,60,58,59,60,60,60,60,60,60,60,61,61,61,60,61,61,60,60,60,61,61,61,61,61,61,61,60,60,60,61,61,61,60,60
60,57,56,56,58,60,60,60,60,59,60,60,60,60,60,60,60,58,59,60,60,60,60,60,60,60,61,61,61,60,61,61,60,60,60,61,61,61,61,61,61,61,60,60,60,61,61,61,60,60
60,57,56,56,58,60,60,60,60,59,60,60,60,60,60,60,60,58,59,60,60,60,60,60,60,60,61,61,61,60,61,61,60,60,60,61,61,61,61,61,61,61,60,60,60,61,61,61,60,60
60,57,56,56,58,60,60,60,60,59,60,60,60,60,60,60,60,58,59,60,60,60,60,60,60,60,61,61,61,60,61,61,60,60,60,61,61,61,61,61,61,61,60,60,60,61,61,61,60,60
60,57,56,56,58,60,60,60,60,59,60,60,60,60,60,60,60,58,59,60,60,60,60,60,60,60,61,61,61,60,61,61,60,60,60,61,61,61,61,61,61,61,60,60,60,61,61,61,60,60
60,57,56,56,58,60,60,60,60,59,60,60,60,60,60,60,60,58,59,60,60,60,60,60,60,60,61,61,61,60,61,61,60,60,60,61,61,61,61,61,61,61,60,60,60,61,61,61,60,60
60,57,56,56,58,60,60,60,60,59,60,60,60,60,60,60,60,58,59,60,60,60,60,60,60,60,61,61,61,60,61,61,60,60,60,61,61,61,61,61,61,61,60,60,60,61,61,61,60,60
60,57,56,56,58,60,60,60,60,59,60,60,60,60,60,60,60,58,59,60,60,60,60,60,60,60,61,61,61,60,61,61,60,60,60,61,61,61,61,61,61,61,60,60,60,61,61,61,60,60
60,57,56,56,58,60,60,60,60,59,60,60,60,60,60,60,60,58,59,60,60,60,60,60,60,60,61,61,61,60,61,61,60,60,60,61,61,61,61,61,61,61,60,60,60,61,61,61,60,60
60,57,56,56,58,60,60,60,60,59,60,60,60,60,60,60,60,58,59,60,60,60,60,60,60,60,61,61,61,60,61,61,60,60,60,61,61,61,61,61,61,61,60,60,60,61,61,61,60,60
60,57,56,56,58,60,60,60,60,59,60,60,60,60,60,60,60,58,59,60,60,60,60,60,60,60,61,61,61,60,61,61,60,60,60,61,61,61,61,61,61,61,60,60,60,61,61,61,60,60
60,57,57,56,58,60,60,60,60,59,60,60,60,60,60,60,60,58,59,60,60,60,60,60,60,60,61,61,61,60,61,61,60,60,60,61,61,61,61,61,61,61,60,60,60,61,61,61,60,60
60,57,57,56,58,60,60,60,60,59,60,60,60,60,60,60,60,58,59,60,60,60,59,60,60,60,61,61,61,60,61,60,60,60,60,61,61,61,61,61,61,61,60,60,60,61,61,61,60,60
61,57,57,57,58,60,60,60,60,59,60,60,60,60,60,60,60,58,59,60,60,60,59,61,60,60,61,61,61,61,61,60,60,60,60,61,61,61,61,61,61,61,60,60,60,61,61,61,61,60
61,57,57,57,58,60,60,60,60,59,60,60,60,60,60,60,60,58,59,60,60,60,59,61,60,60,61,61,61,61,61,60,60,60,60,61,61,61,61,61,61,61,60,60,60,61,61,61,60,60
60,58,57,57,58,60,60,60,60,59,60,60,60,60,60,60,60,58,59,60,60,60,59,61,60,60,60,60,61,60,61,60,60,60,60,60,60,61,60,60,61,61,60,60,60,61,61,60,60,60
60,58,57,57,58,60,60,60,60,59,60,60,60,60,60,60,60,58,59,60,60,60,59,61,60,60,60,60,61,60,61,60,60,60,60,60,60,61,60,60,61,61,60,60,60,60,60,60,60,60
60,58,58,57,58,60,60,60,60,59,60,60,60,60,60,60,60,59,59,60,60,60,59,60,60,60,60,60,61,60,61,60,60,60,60,60,60,61,60,60,61,61,60,60,60,60,60,60,60,60
60,58,58,57,58,60,60,60,60,60,60,60,60,60,60,60,60,59,59,60,60,60,60,60,60,60,60,61,61,60,61,60,60,60,60,60,60,61,60,60,61,61,60,60,60,60,61,60,60,60
60,58,58,58,58,60,60,60,60,60,60,60,60,60,60,60,60,59,59,60,60,60,60,60,60,60,60,60,60,60,61,60,60,60,60,60,60,60,60,60,60,60,60,60,60,60,60,60,60,60
60,58,58,58,59,60,60,60,60,60,60,60,60,60,60,60,60,59,60,60,60,60,60,60,60,60,60,60,61,60,61,60,60,60,60,60,61,60,60,60,61,61,60,60,60,60,60,60,60,60
60,58,59,58,59,60,60,60,60,60,60,60,60,60,60,60,60,59,60,60,60,60,60,60,60,60,60,60,60,60,61,60,60,60,60,60,60,60,60,60,60,60,60,60,60,60,60,60,60,60
60,59,59,58,59,60,60,60,60,60,60,60,60,60,60,60,60,59,60,60,60,60,60,60,60,60,60,60,60,60,61,60,60,60,60,60,60,61,60,60,60,60,60,60,60,60,60,60,60,60
60,59,59,59,59,60,60,60,60,60,60,60,60,60,60,60,60,59,60,60,60,60,60,60,60,60,60,60,60,60,61,60,60,60,60,60,60,60,60,60,61,60,60,60,60,60,60,60,60,60
60,59,60,59,60,60,60,60,60,60,60,60,60,60,60,60,60,60,60,60,60,60,60,60,60,60,60,61,61,60,60,60,60,60,60,60,60,60,60,60,61,60,60,60,60,60,60,60,60,60
60,59,60,59,60,60,60,60,60,60,60,60,60,60,60,60,60,60,60,60,60,60,60,60,60,60,60,61,61,61,61,60,60,60,60,60,60,60,61,60,61,60,60,60,60,60,60,60,60,60
60,60,60,59,59,60,60,61,60,61,60,61,60,60,61,60,60,60,60,60,60,60,60,60,60,60,60,61,61,61,61,61,60,60,60,61,60,61,61,61,61,61,60,60,60,61,61,61,61,61
60,60,60,59,59,60,60,60,60,61,60,61,60,60,61,60,60,60,60,60,60,60,60,60,60,60,60,61,61,61,61,61,60,60,60,60,61,61,61,61,61,60,60,60,60,61,61,61,61,61
61,60,60,59,59,60,60,60,60,60,61,61,60,60,61,60,60,60,60,60,60,61,60,60,60,60,61,61,61,61,61,61,61,60,60,61,61,61,61,62,61,60,60,60,60,61,61,61,61,61
61,60,60,59,59,60,60,61,61,61,61,61,60,60,61,61,60,60,60,60,61,60,60,60,60,61,61,61,61,61,61,61,61,60,60,61,61,61,61,61,61,61,60,60,61,61,61,61,61,61
60,60,60,59,59,60,61,61,61,61,61,61,61,61,61,61,61,61,61,61,61,61,61,61,61,61,61,61,61,61,61,61,61,61,61,61,61,61,61,61,61,61,61,61,61,61,61,61,61,61
60,60,60,59,59,60,61,61,61,61,61,61,61,61,61,61,61,61,61,61,61,61,61,61,61,61,61,61,61,61,61,61,61,61,61,61,61,61,61,61,61,61,61,61,61,61,61,61,61,61
60,61,60,59,58,60,61,61,61,61,61,61,61,61,61,61,61,61,60,61,61,61,61,61,61,61,61,61,61,61,61,61,61,61,61,61,61,61,61,61,61,61,61,61,61,61,61,61,61,62
60,61,59,58,58,60,61,61,61,61,61,61,61,61,61,61,61,61,60,61,61,61,61,61,61,61,61,61,61,61,61,61,61,61,61,61,61,61,61,61,61,61,61,61,61,61,61,61,61,61
60,61,59,58,58,60,61,61,61,61,61,61,61,61,61,61,61,60,60,61,61,61,61,61,61,61,61,61,62,61,61,61,61,61,61,61,61,61,61,61,62,61,61,61,61,61,61,61,61,61
60,60,59,58,58,59,61,61,61,61,61,61,61,61,61,62,61,60,60,61,61,61,61,61,61,61,61,61,61,61,61,61,61,61,61,61,61,61,61,61,62,61,61,61,61,61,61,61,61,61
59,60,59,58,58,59,61,61,61,62,61,61,61,61,61,61,61,61,60,61,61,61,61,61,61,61,61,61,62,61,61,62,61,61,61,61,61,61,61,61,62,61,61,61,61,61,61,61,62,62
59,61,59,58,57,59,61,61,61,61,61,61,61,61,61,61,61,61,59,61,61,61,61,61,61,61,61,61,62,61,61,62,61,61,61,61,61,61,61,61,61,61,61,61,61,61,61,61,62,62
59,61,59,58,57,59,61,61,61,61,61,61,61,61,61,61,61,61,59,61,61,61,61,61,61,61,61,61,61,61,61,62,61,61,61,61,61,61,61,61,61,61,61,61,61,61,61,61,61,61
59,61,58,57,57,58,61,61,61,61,60,61,61,61,61,61,61,61,59,60,60,61,60,60,61,60,61,61,61,61,61,61,61,61,61,61,61,61,61,61,61,61,61,61,61,61,61,61,61,61
58,61,58,57,57,58,60,60,61,61,60,61,61,60,61,61,61,60,59,60,60,61,60,60,61,60,60,61,61,61,61,61,61,61,61,61,61,61,61,61,61,61,61,61,61,61,61,61,61,61
58,61,58,57,56,58,60,60,61,60,60,61,60,60,61,61,60,60,58,60,60,61,60,60,61,60,60,61,61,61,61,61,61,61,60,60,61,61,61,61,61,61,61,60,61,61,61,61,61,61
58,60,57,56,56,58,60,60,60,60,59,60,60,60,60,60,60,60,58,59,60,60,60,60,60,60,60,61,61,61,60,61,61,60,60,60,61,61,61,61,61,61,61,60,60,60,61,61,61,60
58,60,57,56,56,58,60,60,60,60,59,60,60,60,60,60,60,60,58,59,60,60,60,60,60,60,60,61,61,61,60,61,61,60,60,60,61,61,61,61,61,61,61,60,60,60,61,61,61,60
58,60,57,56,56,58,60,60,60,60,59,60,60,60,60,60,60,60,58,59,60,60,60,60,60,60,60,61,61,61,60,61,61,60,60,60,61,61,61,61,61,61,61,60,60,60,61,61,61,60
58,60,57,56,56,58,60,60,60,60,59,60,60,60,60,60,60,60,58,59,60,60,60,60,60,60,60,61,61,61,60,61,61,60,60,60,61,61,61,61,61,61,61,60,60,60,61,61,61,60
58,60,57,56,56,58,60,60,60,60,59,60,60,60,60,60,60,60,58,59,60,60,60,60,60,60,60,61,61,61,60,61,61,60,60,60,61,61,61,61,61,61,61,60,60,60,61,61,61,60
58,60,57,56,56,58,60,60,60,60,59,60,60,60,60,60,60,60,58,59,60,60,60,60,60,60,60,61,61,61,60,61,61,60,60,60,61,61,61,61,61,61,61,60,60,60,61,61,61,60
58,60,57,56,56,58,60,60,60,60,59,60,60,60,60,60,60,60,58,59,60,60,60,60,60,60,60,61,61,61,60,61,61,60,60,60,61,61,61,61,61,61,61,60,60,60,61,61,61,60
58,60,57,56,56,58,60,60,60,60,59,60,60,60,60,60,60,60,58,59,60,60,60,60,60,60,60,61,61,61,60,61,61,60,60,60,61,61,61,61,61,61,61,60,60,60,61,61,61,60
58,60,57,56,56,58,60,60,60,60,59,60,60,60,60,60,60,60,58,59,60,60,60,60,60,60,60,61,61,61,60,61,61,60,60,60,61,61,61,61,61,61,61,60,60,60,61,61,61,60
58,60,57,56,56,58,60,60,60,60,59,60,60,60,60,60,60,60,58,59,60,60,60,60,60,60,60,61,61,61,60,61,61,60,60,60,61,61,61,61,61,61,61,60,60,60,61,61,61,60
58,60,57,56,56,58,60,60,60,60,59,60,60,60,60,60,60,60,58,59,60,60,60,60,60,60,60,61,61,61,60,61,61,60,60,60,61,61,61,61,61,61,61,60,60,60,61,61,61,60
58,60,57,56,56,58,60,60,60,60,59,60,60,60,60,60,60,60,58,59,60,60,60,60,60,60,60,61,61,61,60,61,61,60,60,60,61,61,61,61,61,61,61,60,60,60,61,61,61,60
58,60,57,56,56,58,60,60,60,60,59,60,60,60,60,60,60,60,58,59,60,60,60,60,60,60,60,61,61,61,60,61,61,60,60,60,61,61,61,61,61,61,61,60,60,60,61,61,61,60
58,60,57,56,56,58,60,60,60,60,59,60,60,60,60,60,60,60,58,59,60,60,60,60,60,60,60,61,61,61,60,61,61,60,60,60,61,61,61,61,61,61,61,60,60,60,61,61,61,60
58,60,57,56,56,58,60,60,60,60,59,60,60,60,60,60,60,60,58,59,60,60,60,60,60,60,60,61,61,61,60,61,61,60,60,60,61,61,61,61,61,61,61,60,60,60,61,61,61,60
58,60,57,56,56,58,60,60,60,60,59,60,60,60,60,60,60,60,58,59,60,60,60,60,60,60,60,61,61,61,60,61,61,60,60,60,61,61,61,61,61,61,61,60,60,60,61,61,61,60
58,60,57,56,56,58,60,60,60,60,59,60,60,60,60,60,60,60,58,59,60,60,60,60,60,60,60,61,61,61,60,61,61,60,60,60,61,61,61,61,61,61,61,60,60,60,61,61,61,60
58,60,57,56,56,58,60,60,60,60,59,60,60,60,60,60,60,60,58,59,60,60,60,60,60,60,60,61,61,61,60,61,61,60,60,60,61,61,61,61,61,61,61,60,60,60,61,61,61,60
58,60,57,56,56,58,60,60,60,60,59,60,60,60,60,60,60,60,58,59,60,60,60,60,60,60,60,61,61,61,60,61,61,60,60,60,61,61,61,61,61,61,61,60,60,60,61,61,61,60
58,60,57,56,56,58,60,60,60,60,59,60,60,60,60,60,60,60,58,59,60,60,60,60,60,60,60,61,61,61,60,61,61,60,60,60,61,61,61,61,61,61,61,60,60,60,61,61,61,60
58,60,57,57,56,58,60,60,60,60,59,60,60,60,60,60,60,60,58,59,60,60,60,60,60,60,60,61,61,61,60,61,61,60,60,60,61,61,61,61,61,61,61,60,60,60,61,61,61,60
58,60,57,57,56,58,60,60,60,60,59,60,60,60,60,60,60,60,58,59,60,60,60,60,60,60,60,61,61,61,60,61,61,60,60,60,61,61,61,61,61,61,61,60,60,60,61,61,61,60
58,60,57,57,57,58,60,60,60,60,59,60,60,60,60,60,60,60,58,59,60,60,60,60,60,60,60,61,61,61,60,61,61,60,60,60,61,61,61,61,61,61,61,60,60,60,61,61,61,61
58,60,57,57,57,58,60,60,60,60,59,60,60,60,60,60,60,60,58,59,60,60,60,60,60,60,60,61,61,61,60,61,61,60,60,60,61,61,61,61,61,61,61,60,60,60,61,61,61,60
58,60,57,57,57,58,60,60,60,60,59,60,60,60,60,60,60,60,58,59,60,60,60,60,60,60,60,61,61,61,60,61,61,60,60,60,61,61,61,61,61,61,61,60,60,60,61,61,61,60
58,60,58,57,57,58,60,60,60,60,59,60,60,60,60,60,60,60,58,59,60,60,60,60,60,60,60,60,61,61,60,61,61,60,60,60,61,61,61,61,61,61,61,60,60,60,61,61,61,60
58,60,58,57,57,58,60,60,60,60,59,60,60,60,60,60,60,60,59,59,60,60,60,60,60,60,60,60,61,61,60,61,61,60,60,60,61,61,61,61,61,61,61,60,60,60,61,61,61,60
59,60,58,58,57,58,60,60,60,60,60,60,60,60,60,60,60,60,59,60,60,60,60,60,60,60,60,60,61,61,60,61,61,60,60,60,61,61,61,61,61,61,61,60,60,60,61,61,61,60
59,60,58,58,57,58,60,60,60,60,60,60,60,60,60,60,60,60,59,60,60,60,60,60,60,60,60,60,61,61,60,61,61,60,60,60,61,61,61,61,61,61,61,60,60,60,61,61,61,60
59,59,58,58,58,59,59,60,60,60,60,60,60,60,60,60,60,60,59,60,60,60,60,60,60,60,60,60,61,61,60,61,61,60,60,60,61,61,61,61,61,61,61,60,60,60,61,61,61,60
59,59,58,59,58,59,59,60,60,60,60,60,60,60,60,60,60,60,59,60,60,60,60,60,60,60,60,60,61,61,60,61,61,60,60,60,61,61,61,61,61,61,61,60,60,60,61,61,61,60
59,59,58,59,58,58,59,60,60,60,60,60,60,60,60,60,60,60,59,59,60,60,60,60,60,60,60,60,61,61,60,60,61,60,60,60,60,61,61,61,61,61,61,60,60,60,60,61,61,60
60,59,59,59,58,58,59,60,60,60,60,60,60,60,60,60,60,60,59,59,60,60,60,60,60,60,60,60,61,61,60,60,61,60,60,60,60,61,61,61,61,61,61,60,60,60,60,61,61,61
60,59,59,59,57,58,58,60,60,60,60,59,60,60,60,60,60,60,60,59,60,60,60,60,60,60,60,60,61,61,61,60,61,60,60,60,60,61,61,61,61,61,61,60,60,60,60,61,61,60
60,58,59,59,57,57,58,60,60,60,60,59,60,60,60,60,60,60,60,59,60,60,60,60,60,60,60,60,61,61,61,60,61,60,60,60,60,61,61,61,61,61,61,60,60,60,60,61,61,61
60,58,59,58,57,57,58,60,60,60,60,59,60,60,60,60,60,60,60,59,60,60,60,60,60,60,60,60,61,61,61,60,61,61,60,60,60,61,61,61,61,61,61,60,60,60,60,61,61,61
60,58,60,58,56,57,58,60,60,60,60,59,60,60,60,60,60,60,60,58,60,60,60,60,59,60,60,60,61,61,61,60,61,61,60,60,60,61,61,61,61,61,61,60,60,60,60,61,61,61
60,58,60,58,56,57,58,60,60,60,60,59,60,60,60,60,60,60,60,58,60,60,60,60,59,60,60,60,61,61,61,60,61,61,60,60,60,61,61,61,61,61,61,60,60,60,60,61,61,61
60,58,60,58,56,56,58,60,60,60,60,59,60,60,60,60,60,60,60,58,59,60,60,60,59,61,60,60,61,61,61,60,61,61,60,60,60,61,61,61,61,61,61,60,60,60,60,61,61,61
61,58,60,57,56,56,58,60,60,60,60,59,60,60,60,60,61,60,60,58,59,60,60,60,59,61,60,60,61,61,61,60,61,61,60,60,60,61,61,61,61,61,61,61,60,60,60,61,61,61
60,58,60,57,56,56,57,60,60,60,60,59,60,60,60,60,60,60,60,58,59,60,60,60,59,60,60,60,61,61,61,60,61,61,60,60,60,61,61,61,61,61,61,61,60,60,60,61,61,61
60,58,60,57,56,56,57,60,60,60,60,59,60,60,60,60,60,60,60,58,59,60,60,60,59,60,60,60,61,61,61,60,61,61,60,60,60,61,61,61,61,61,61,61,60,60,60,61,61,61
60,58,60,57,56,56,57,60,60,60,60,59,60,60,60,60,60,60,60,58,59,60,60,60,59,60,60,60,61,61,61,60,61,61,60,60,60,61,61,61,61,61,61,61,60,60,60,61,61,61
60,58,60,57,56,56,57,60,60,60,60,59,60,60,60,60,60,60,60,58,59,60,60,60,59,60,60,60,61,61,61,60,61,61,60,60,60,61,61,61,61,61,61,61,60,60,60,61,61,61
60,58,60,57,56,56,57,60,60,60,60,59,60,60,60,60,60,60,60,58,59,60,60,60,59,60,60,60,61,61,61,60,61,61,60,60,60,61,61,61,61,61,61,61,60,60,60,61,61,61
60,58,60,57,56,56,57,60,60,60,60,59,60,60,60,60,60,60,60,58,59,60,60,60,59,60,60,60,61,61,61,60,61,61,60,60,60,61,61,61,61,61,61,61,60,60,60,61,61,61
60,58,60,57,56,56,57,60,60,60,60,59,60,60,60,60,60,60,60,58,59,60,60,60,59,60,60,60,61,61,61,60,61,61,60,60,60,61,61,61,61,61,61,61,60,60,60,61,61,61
60,58,60,57,56,56,57,60,60,60,60,59,60,60,60,60,60,60,60,58,59,60,60,60,59,60,60,60,61,61,61,60,61,61,60,60,60,61,61,61,61,61,61,61,60,60,60,61,61,61
60,58,60,57,56,56,57,60,60,60,60,59,60,60,60,60,60,60,60,58,59,60,60,60,59,60,60,60,61,61,61,60,61,61,60,60,60,61,61,61,61,61,61,61,60,60,60,61,61,61
60,58,60,57,56,56,57,60,60,60,60,59,60,60,60,60,60,60,60,58,59,60,60,60,59,60,60,60,61,61,61,60,61,61,60,60,60,61,61,61,61,61,61,61,60,60,60,61,61,61
60,58,60,57,56,56,57,60,60,60,60,59,60,60,60,60,60,60,60,58,59,60,60,60,59,60,60,60,61,61,61,60,61,61,60,60,60,61,61,61,61,61,61,61,60,60,60,61,61,61
60,58,60,57,56,56,57,60,60,60,60,59,60,60,60,60,60,60,60,58,59,60,60,60,59,60,60,60,61,61,61,60,61,61,60,60,60,61,61,61,61,61,61,61,60,60,60,61,61,61
60,58,60,57,56,56,57,60,60,60,60,59,60,60,60,60,60,60,60,58,59,60,60,60,59,60,60,60,61,61,61,60,61,61,60,60,60,61,61,61,61,61,61,61,60,60,60,61,61,61
60,58,60,57,56,56,57,60,60,60,60,59,60,60,60,60,60,60,60,58,59,60,60,60,59,60,60,60,61,61,61,60,61,61,60,60,60,61,61,61,61,61,61,61,60,60,60,61,61,61
60,58,60,57,56,56,57,60,60,60,60,59,60,60,60,60,60,60,60,58,59,60,60,60,59,60,60,60,61,61,61,60,61,61,60,60,60,61,61,61,61,61,61,61,60,60,60,61,61,61
60,58,60,57,56,56,57,60,60,60,60,59,60,60,60,60,60,60,60,58,59,60,60,60,59,60,60,60,61,61,61,60,61,61,60,60,60,61,61,61,61,61,61,61,60,60,60,61,61,61
60,58,60,57,56,56,57,60,60,60,60,59,60,60,60,60,60,60,60,58,59,60,60,60,59,60,60,60,61,61,61,60,61,61,60,60,60,61,61,61,61,61,61,61,60,60,60,61,61,61
60,58,60,57,56,56,57,60,60,60,60,59,60,60,60,60,60,60,60,58,59,60,60,60,59,60,60,60,61,61,61,60,61,61,60,60,60,61,61,61,61,61,61,61,60,60,60,61,61,61
60,58,60,57,56,56,57,60,60,60,60,59,60,60,60,60,60,60,60,58,59,60,60,60,59,60,60,60,61,61,61,60,61,61,60,60,60,61,61,61,61,61,61,61,60,60,60,61,61,61
60,58,60,57,56,56,57,60,60,60,60,59,60,60,60,60,60,60,60,58,59,60,60,60,59,60,60,60,61,61,61,60,61,61,60,60,60,61,61,61,61,61,61,61,60,60,60,61,61,61
60,58,60,57,56,56,57,60,60,60,60,59,60,60,60,60,60,60,60,58,59,60,60,60,59,60,60,60,61,61,61,60,61,61,60,60,60,61,61,61,61,61,61,61,60,60,60,61,61,61
60,58,60,57,56,56,57,60,60,60,60,59,60,60,60,60,60,60,60,58,59,60,60,60,59,60,60,60,61,61,61,60,61,61,60,60,60,61,61,61,61,61,61,61,60,60,60,61,61,61
60,58,60,57,56,56,57,60,60,60,60,59,60,60,60,60,60,60,60,58,59,60,60,60,59,60,60,60,61,61,61,60,61,61,60,60,60,61,61,61,61,61,61,61,60,60,60,61,61,61
60,58,60,57,56,56,57,60,60,60,60,59,60,60,60,60,60,60,60,58,59,60,60,60,59,60,60,60,61,61,61,60,61,61,60,60,60,61,61,61,61,61,61,61,60,60,60,61,61,61
60,58,60,57,56,56,57,60,60,60,60,59,60,60,60,60,60,60,60,58,59,60,60,60,59,60,60,60,61,61,61,60,61,61,60,60,60,61,61,61,61,61,61,61,60,60,60,61,61,61
60,58,60,57,56,56,57,60,60,60,60,59,60,60,60,60,60,60,60,58,59,60,60,60,59,60,60,60,61,61,61,60,61,61,60,60,60,61,61,61,61,61,61,61,60,60,60,61,61,61
60,58,60,57,56,56,57,60,60,60,60,59,60,60,60,60,60,60,60,58,59,60,60,60,59,60,60,60,61,61,61,60,61,61,60,60,60,61,61,61,61,61,61,61,60,60,60,61,61,61
60,58,60,57,56,56,57,60,60,60,60,59,60,60,60,60,60,60,60,58,59,60,60,60,59,60,60,60,61,61,61,60,61,61,60,60,60,61,61,61,61,61,61,61,60,60,60,61,61,61
60,58,60,57,56,56,57,60,60,60,60,59,60,60,60,60,60,60,60,58,59,60,60,60,59,60,60,60,61,61,61,60,61,61,60,60,60,61,61,61,61,61,61,61,60,60,60,61,61,61
60,58,60,57,56,56,57,60,60,60,60,59,60,60,60,60,60,60,60,58,59,60,60,60,59,60,60,60,61,61,61,60,61,61,60,60,60,61,61,61,61,61,61,61,60,60,60,61,61,61
60,58,60,57,56,56,58,60,60,60,60,59,60,60,60,60,60,60,60,58,59,60,60,60,59,60,60,60,61,61,61,60,61,61,60,60,60,61,61,61,61,61,61,61,60,60,60,61,61,61
60,58,60,57,56,56,58,60,60,60,60,59,60,60,60,60,60,60,60,58,59,60,60,60,59,60,60,60,61,61,61,60,61,61,60,60,60,61,61,61,61,61,61,61,60,60,60,61,61,61
60,58,60,57,56,56,58,60,60,60,60,59,60,60,60,60,60,60,60,58,59,60,60,60,59,60,60,60,61,61,61,60,61,61,60,60,60,61,61,61,61,61,61,61,60,60,60,61,61,61
60,58,60,57,56,56,58,60,60,60,60,59,60,60,60,60,60,60,60,58,59,60,60,60,59,60,60,60,61,61,61,60,61,61,60,60,60,61,61,61,61,61,61,61,60,60,60,61,61,61
60,58,60,57,57,56,58,60,60,60,60,59,60,60,60,60,60,60,60,58,59,60,60,60,59,60,60,60,61,61,61,60,61,61,60,60,60,61,61,61,61,61,61,61,60,60,60,61,61,61
60,58,60,57,57,57,58,60,60,60,60,59,60,60,60,60,60,60,60,58,59,60,60,60,59,60,60,60,61,61,61,60,61,61,60,60,60,61,61,61,61,61,61,61,60,60,60,61,61,61
60,58,60,57,57,57,58,60,60,60,60,59,60,60,60,60,60,60,60,58,59,60,60,60,59,60,60,60,61,61,61,60,61,61,60,60,60,61,61,61,61,61,61,61,60,60,60,61,61,61
60,58,60,57,57,57,58,60,60,60,60,59,60,60,60,60,60,60,60,58,59,60,60,60,59,60,60,60,60,61,61,60,61,60,60,60,60,61,61,61,61,61,61,61,60,60,60,61,61,61
60,58,60,58,57,57,58,60,60,60,60,59,60,60,60,60,60,60,60,58,59,60,60,60,59,60,60,60,61,61,61,60,61,61,60,60,60,61,61,61,61,61,61,61,60,60,60,61,61,61
60,59,60,58,58,57,58,60,60,60,60,59,60,60,60,60,60,60,60,59,59,60,60,60,60,60,60,60,61,61,61,61,61,61,60,60,60,61,61,61,61,61,61,61,60,60,60,61,61,61
61,59,60,58,58,57,58,60,60,60,60,60,60,60,60,60,60,60,60,59,59,60,60,60,60,60,60,60,61,61,61,60,61,61,60,60,60,61,61,61,61,61,61,61,60,60,60,61,61,61
60,59,60,58,58,58,59,60,60,60,60,60,60,60,60,60,60,60,60,59,60,60,60,60,60,60,60,60,61,61,61,60,61,60,60,60,60,60,61,61,61,61,61,61,60,60,60,60,61,61
61,59,60,58,58,58,59,59,60,60,60,60,60,60,60,60,60,60,60,59,60,60,60,60,60,60,60,60,61,61,61,60,61,61,60,60,60,61,61,61,61,61,61,61,60,60,60,61,61,61
60,59,59,58,59,58,59,59,60,60,60,60,60,60,60,60,60,60,60,59,60,60,60,60,60,60,60,60,60,60,60,60,61,60,60,60,60,60,61,61,60,60,61,61,60,60,60,60,60,60
60,59,59,58,59,58,59,59,60,60,60,60,60,60,60,60,60,60,60,59,60,60,60,60,60,60,60,60,60,60,60,60,61,60,60,60,60,60,60,61,60,60,60,60,60,60,60,60,60,60
60,60,59,59,59,58,58,59,60,61,60,60,60,60,60,60,60,60,60,60,60,60,60,60,60,60,60,60,61,61,61,61,61,61,60,60,60,60,61,61,61,60,61,61,60,60,60,60,61,60
60,60,59,59,59,58,58,59,60,60,60,60,60,60,60,60,60,60,60,60,60,60,60,60,60,60,60,60,60,61,61,60,61,60,60,60,60,60,60,60,60,60,61,60,60,60,60,60,60,60
60,60,59,59,59,58,58,59,60,60,60,60,60,60,60,60,61,60,60,60,59,60,60,60,60,60,60,60,61,61,61,61,61,61,60,60,60,60,61,61,61,61,61,60,60,60,60,60,61,60
60,60,59,60,59,58,58,59,60,60,60,60,60,60,60,60,61,60,60,60,59,60,60,60,60,60,60,60,60,61,61,61,60,60,60,60,60,60,60,61,61,61,61,60,60,60,60,60,61,61
60,60,59,60,59,58,58,59,60,60,60,61,60,60,60,60,61,60,60,60,60,60,60,60,60,60,60,60,60,60,60,60,60,61,60,60,60,60,60,61,60,61,60,60,60,60,60,60,60,61
60,60,60,60,59,58,58,59,60,60,60,61,61,61,60,60,61,60,60,60,60,60,60,61,60,61,60,61,61,61,61,61,61,61,61,60,60,61,61,61,61,62,61,61,60,60,61,61,61,61
61,60,60,60,59,58,58,59,60,60,60,61,61,61,60,60,61,60,60,60,60,60,61,60,60,60,60,60,61,61,61,61,61,61,61,60,60,61,61,61,61,61,61,61,60,60,60,61,61,61
61,60,60,60,59,58,58,59,60,60,61,60,60,61,60,60,61,60,60,60,60,60,60,60,60,60,60,60,60,60,61,61,61,61,61,61,60,61,60,61,61,61,61,60,60,60,60,61,60,61
61,61,60,60,59,58,58,59,61,61,61,61,61,61,61,61,61,61,61,61,60,61,61,61,61,61,61,61,61,61,61,61,61,61,61,61,61,61,61,61,61,61,61,61,61,61,61,61,61,61
60,61,60,61,59,58,58,59,61,61,61,61,61,61,61,61,61,61,61,61,60,61,61,61,61,61,61,61,61,61,61,61,61,61,61,61,61,61,61,61,61,61,61,61,61,61,61,61,61,61
60,61,60,61,59,58,58,59,61,61,61,61,61,61,61,61,61,61,60,60,60,61,61,61,61,61,61,61,61,61,61,61,61,61,61,61,61,61,61,61,61,61,61,61,61,61,61,61,61,61
60,61,60,61,59,58,58,59,60,61,61,61,61,61,61,61,61,61,60,60,60,61,61,61,61,61,61,61,61,61,62,61,61,61,61,61,60,61,61,61,61,61,62,61,60,61,61,61,61,61
60,61,60,60,59,58,58,59,61,61,61,61,61,61,61,61,61,62,61,60,60,61,61,61,61,61,61,61,61,61,61,61,61,61,61,61,61,61,61,61,61,61,62,61,61,61,61,61,61,61
60,61,60,60,59,58,58,59,61,61,61,62,61,61,61,61,61,61,61,60,60,61,61,61,61,61,61,61,61,61,62,61,61,63,61,61,61,61,61,61,61,61,62,61,61,61,61,61,61,61
60,61,60,61,59,58,58,59,61,61,61,61,61,61,61,61,61,61,61,61,60,61,61,61,61,61,61,61,61,61,63,61,61,63,61,61,61,61,61,61,61,61,61,61,61,61,61,61,61,61
60,61,60,61,59,58,58,59,61,61,61,61,61,61,61,61,61,61,61,61,60,61,61,61,61,61,61,61,61,61,61,61,61,62,61,61,61,61,61,61,61,61,61,61,61,61,61,61,61,61
60,61,60,61,59,58,58,59,61,61,61,61,61,61,61,61,61,61,61,61,60,61,61,61,61,61,61,61,61,62,61,61,61,62,61,61,61,61,61,61,61,61,61,62,62,61,61,61,61,61
60,61,60,61,59,58,58,59,61,61,61,61,61,61,61,61,61,61,61,61,60,61,61,61,61,61,61,61,61,61,61,61,61,61,61,61,61,61,61,61,61,62,61,62,62,61,61,61,61,61
60,61,59,61,59,58,58,59,61,61,61,61,61,61,61,61,61,61,61,61,60,61,61,61,61,61,61,61,61,61,61,61,61,61,61,61,61,61,61,61,61,62,61,62,62,61,61,61,61,61
60,61,59,61,59,58,57,59,61,61,61,61,61,61,61,61,61,61,61,61,59,61,61,61,61,61,61,61,61,61,61,62,61,61,61,61,61,61,61,61,61,61,61,62,61,61,61,61,61,61
60,61,59,61,59,58,57,59,61,61,61,61,61,61,61,61,61,61,61,61,59,61,61,61,61,61,61,61,61,61,61,62,61,61,61,61,61,61,61,61,62,61,61,62,62,61,61,61,61,61
60,61,59,61,59,58,57,59,61,61,61,61,61,61,61,61,61,61,61,61,59,61,61,61,61,61,61,61,61,61,61,62,61,62,61,61,61,61,61,61,61,61,61,62,62,61,61,61,61,61
60,61,59,61,59,58,57,59,61,61,61,61,61,61,61,61,61,61,61,61,59,61,61,61,61,61,61,61,61,61,61,61,61,62,61,61,61,61,61,61,61,61,61,62,62,61,61,61,61,61
60,61,59,61,58,58,57,59,61,61,61,61,61,61,61,61,61,61,61,61,59,61,61,61,61,61,61,61,61,61,61,61,61,62,61,61,61,61,61,61,61,61,61,62,61,61,61,61,61,61
60,61,59,61,58,57,57,59,61,61,61,61,61,61,61,61,61,61,61,61,59,61,61,61,61,61,61,61,61,62,61,61,61,61,61,61,61,61,61,61,62,62,61,61,61,61,61,61,61,61
59,61,59,61,58,57,57,58,61,61,61,61,60,61,61,61,61,61,61,61,59,60,61,61,61,60,61,61,61,62,61,61,61,61,61,61,61,61,61,61,61,61,61,61,62,61,61,61,61,61
59,61,59,61,58,57,57,58,61,61,61,61,60,61,61,61,61,61,61,61,59,60,60,61,60,60,61,60,61,61,61,61,61,61,61,61,61,61,61,61,62,62,61,61,61,61,61,61,61,61
59,61,58,61,58,57,57,58,61,61,61,61,60,61,61,60,61,61,61,60,59,60,60,61,60,60,61,60,61,61,61,61,61,61,61,61,61,61,61,61,61,61,61,61,61,61,61,61,61,61
59,61,58,61,58,57,56,58,60,60,61,61,60,61,61,60,61,61,61,60,58,60,60,61,60,60,61,60,60,61,61,61,61,61,61,61,61,61,61,61,61,61,61,61,61,61,61,61,61,61
59,61,58,61,57,56,56,57,60,60,61,60,60,61,60,60,61,61,60,60,58,60,60,61,60,60,61,60,60,61,61,61,61,61,61,61,60,60,61,61,61,61,61,61,61,60,61,61,61,61
58,60,58,60,57,56,56,57,60,60,60,60,59,60,60,60,60,60,60,60,58,59,60,60,59,59,60,60,60,61,61,61,60,61,61,60,60,60,61,61,61,61,60,61,61,60,60,60,61,61
58,60,58,60,57,56,56,57,60,60,60,60,59,60,60,60,60,60,60,60,58,59,60,60,59,59,60,60,60,61,61,61,60,61,61,60,60,60,61,61,61,61,60,61,61,60,60,60,61,61
58,60,58,60,57,56,56,57,60,60,60,60,59,60,60,60,60,60,60,60,58,59,60,60,59,59,60,60,60,61,61,61,60,61,61,60,60,60,61,61,61,61,60,61,61,60,60,60,61,61
58,60,58,60,57,56,56,57,60,60,60,60,59,60,60,60,60,60,60,60,58,59,60,60,59,59,60,60,60,61,61,61,60,61,61,60,60,60,61,61,61,61,60,61,61,60,60,60,61,61
58,60,58,60,57,56,56,57,60,60,60,60,59,60,60,60,60,60,60,60,58,59,60,60,59,59,60,60,60,61,61,61,60,61,61,60,60,60,61,61,61,61,60,61,61,60,60,60,61,61
58,60,58,60,57,56,56,57,60,60,60,60,59,60,60,60,60,60,60,60,58,59,60,60,59,59,60,60,60,61,61,61,60,61,61,60,60,60,61,61,61,61,60,61,61,60,60,60,61,61
58,60,58,60,57,56,56,57,60,60,60,60,59,60,60,60,60,60,60,60,58,59,60,60,59,59,60,60,60,61,61,61,60,61,61,60,60,60,61,61,61,61,60,61,61,60,60,60,61,61
58,60,58,60,57,56,56,57,60,60,60,60,59,60,60,60,60,60,60,60,58,59,60,60,59,59,60,60,60,61,61,61,60,61,61,60,60,60,61,61,61,61,60,61,61,60,60,60,61,61
58,60,58,60,57,56,56,57,60,60,60,60,59,60,60,60,60,60,60,60,58,59,60,60,59,59,60,60,60,61,61,61,60,61,61,60,60,60,61,61,61,61,60,61,61,60,60,60,61,61
58,60,58,60,57,56,56,57,60,60,60,60,59,60,60,60,60,60,60,60,58,59,60,60,59,59,60,60,60,61,61,61,60,61,61,60,60,60,61,61,61,61,60,61,61,60,60,60,61,61
58,60,58,60,57,56,56,58,60,60,60,60,59,60,60,60,60,60,60,60,58,59,60,60,59,59,60,60,60,61,61,61,60,61,61,60,60,60,61,61,61,61,60,61,61,60,60,60,61,61
58,60,58,60,57,57,56,58,60,60,60,60,59,60,60,60,60,60,60,60,58,59,60,60,59,59,60,60,60,61,61,61,60,61,61,60,60,60,61,61,61,61,60,61,61,60,60,60,61,61
58,60,58,60,57,57,56,58,60,60,60,60,59,60,60,60,60,60,60,60,58,59,60,60,60,59,60,60,60,61,61,61,60,61,61,60,60,60,61,61,61,61,60,61,61,60,60,60,61,61
58,60,58,60,57,57,57,58,60,60,60,60,59,60,60,60,60,60,60,60,58,59,60,60,60,59,60,60,60,60,61,61,60,61,61,60,60,60,61,61,61,61,60,61,61,60,60,60,61,61
58,60,58,60,57,57,57,58,60,60,60,60,59,60,60,60,60,60,60,60,58,59,60,60,60,59,60,60,60,60,61,61,60,61,61,60,60,60,61,61,61,61,60,61,61,60,60,60,61,61
58,60,58,60,57,57,57,58,60,60,60,60,59,60,60,60,60,60,60,60,58,59,60,60,60,59,60,60,60,60,61,61,60,61,61,60,60,60,61,61,61,61,60,61,61,60,60,60,61,61
58,60,58,60,58,58,57,58,60,60,60,60,59,60,60,60,60,60,60,60,59,59,60,60,60,59,60,60,60,60,61,61,60,61,61,60,60,60,61,61,61,61,60,61,61,60,60,60,60,61
58,60,59,60,58,58,57,58,59,60,60,60,60,60,60,60,60,60,60,60,59,59,60,60,60,60,60,60,60,60,61,61,60,61,61,60,60,60,60,61,61,61,60,61,61,60,60,60,60,61
59,60,59,59,58,58,58,58,59,60,60,60,60,60,60,60,60,60,60,60,59,59,60,60,60,60,60,60,60,60,61,61,60,61,61,60,60,60,60,61,61,61,60,61,61,60,60,60,60,61
59,60,59,59,58,58,58,58,59,60,60,60,60,60,60,60,60,60,60,60,59,59,60,60,60,60,60,60,60,60,61,61,60,61,61,60,60,60,60,61,61,61,60,61,61,60,60,60,60,61
59,60,59,59,58,59,58,58,59,60,60,60,60,60,60,60,60,60,60,60,59,59,60,60,60,60,60,60,60,60,61,61,60,60,61,60,60,60,60,61,61,61,60,61,61,60,60,60,60,60
59,60,59,59,59,59,57,58,59,60,60,60,60,60,60,60,60,60,60,60,59,59,60,60,60,60,60,60,60,60,61,61,60,60,60,60,60,60,60,61,61,61,60,61,61,60,60,60,60,61
59,60,60,59,59,59,57,58,58,60,60,60,60,59,60,60,60,60,60,60,59,59,60,60,60,60,60,60,60,60,61,61,61,60,61,60,60,60,60,61,61,61,60,61,61,60,60,60,60,61
59,60,60,58,59,58,57,57,58,60,60,60,60,59,60,60,60,60,60,60,60,59,60,60,60,60,60,60,60,60,61,61,61,60,61,60,60,60,60,61,61,61,61,61,61,60,60,60,60,61
59,59,60,58,59,58,56,57,58,60,60,60,60,59,60,60,60,60,60,60,60,58,60,59,60,59,59,60,59,60,61,61,61,60,61,60,60,60,60,60,61,61,61,60,61,60,60,60,60,60
60,59,60,58,60,58,56,57,58,60,60,60,60,59,60,60,60,60,60,60,60,58,60,59,60,59,59,60,59,60,61,61,61,60,61,60,60,60,60,60,61,61,61,60,61,60,60,60,60,60
60,59,60,58,60,58,56,57,58,60,60,60,60,59,60,60,60,60,60,60,60,58,60,59,60,59,59,60,59,60,60,61,61,60,61,60,60,60,60,60,61,60,61,60,60,60,60,60,60,60
60,59,60,58,60,57,56,56,57,60,60,60,60,59,60,60,60,60,60,60,60,58,59,60,60,59,59,60,60,60,61,61,61,61,61,61,60,60,60,61,61,61,61,61,61,60,60,60,60,61
60,59,60,58,60,57,56,56,57,60,60,60,60,59,60,60,60,60,60,60,60,58,59,60,60,59,59,61,59,60,61,61,61,60,61,61,60,60,60,61,61,61,61,61,61,60,60,60,60,61
60,58,60,58,60,57,56,56,57,60,60,60,60,59,60,60,60,60,60,60,60,58,59,59,60,59,59,60,59,60,61,61,61,60,61,60,60,60,60,60,61,61,61,60,61,61,60,60,60,60
60,58,60,58,60,57,56,56,57,60,60,60,60,59,60,60,60,60,60,60,60,58,59,59,60,59,59,60,59,60,61,61,61,60,61,60,60,60,60,60,61,61,61,60,61,61,60,60,60,60
60,58,60,58,60,57,56,56,57,60,60,60,60,59,60,60,60,60,60,60,60,58,59,59,60,59,59,60,59,60,61,61,61,60,61,60,60,60,60,60,61,61,61,60,61,61,60,60,60,60
60,58,60,58,60,57,56,56,57,60,60,60,60,59,60,60,60,60,60,60,60,58,59,59,60,59,59,60,59,60,61,61,61,60,61,60,60,60,60,60,61,61,61,60,61,61,60,60,60,60
60,58,60,58,60,57,56,56,57,60,60,60,60,59,60,60,60,60,60,60,60,58,59,59,60,59,59,60,59,60,61,61,61,60,61,60,60,60,60,60,61,61,61,60,61,61,60,60,60,60
60,58,60,58,60,57,56,56,57,60,60,60,60,59,60,60,60,60,60,60,60,58,59,59,60,59,59,60,59,60,61,61,61,60,61,60,60,60,60,60,61,61,61,60,61,61,60,60,60,60
60,58,60,58,60,57,56,56,57,60,60,60,60,59,60,60,60,60,60,60,60,58,59,59,60,59,59,60,59,60,61,61,61,60,61,60,60,60,60,60,61,61,61,60,61,61,60,60,60,60
60,58,60,58,60,57,56,56,57,60,60,60,60,59,60,60,60,60,60,60,60,58,59,59,60,59,59,60,59,60,61,61,61,60,61,60,60,60,60,60,61,61,61,60,61,61,60,60,60,60
60,58,60,58,60,57,56,56,57,60,60,60,60,59,60,60,60,60,60,60,60,58,59,59,60,59,59,60,59,60,61,61,61,60,61,60,60,60,60,60,61,61,61,60,61,61,60,60,60,60
60,58,60,58,60,57,56,56,57,60,60,60,60,59,60,60,60,60,60,60,60,58,59,59,60,59,59,60,59,60,61,61,61,60,61,60,60,60,60,60,61,61,61,60,61,61,60,60,60,60
60,58,60,58,60,57,56,56,57,60,60,60,60,59,60,60,60,60,60,60,60,58,59,59,60,59,59,60,59,60,61,61,61,60,61,60,60,60,60,60,61,61,61,60,61,61,60,60,60,60
60,58,60,58,60,57,56,56,57,60,60,60,60,59,60,60,60,60,60,60,60,58,59,59,60,59,59,60,59,60,61,61,61,60,61,60,60,60,60,60,61,61,61,60,61,61,60,60,60,60
60,58,60,58,60,57,56,56,57,60,60,60,60,59,60,60,60,60,60,60,60,58,59,59,60,59,59,60,59,60,61,61,61,60,61,60,60,60,60,60,61,61,61,60,61,61,60,60,60,60
60,58,60,58,60,57,56,56,57,60,60,60,60,59,60,60,60,60,60,60,60,58,59,59,60,59,59,60,59,60,61,61,61,60,61,60,60,60,60,60,61,61,61,60,61,61,60,60,60,60
60,58,60,58,60,57,56,56,57,60,60,60,60,59,60,60,60,60,60,60,60,58,59,59,60,59,59,60,59,60,61,61,61,60,61,60,60,60,60,60,61,61,61,60,61,61,60,60,60,60
60,58,60,58,60,57,56,56,57,60,60,60,60,59,60,60,60,60,60,60,60,58,59,59,60,59,59,60,59,60,61,61,61,60,61,60,60,60,60,60,61,61,61,60,61,61,60,60,60,60
60,58,60,58,60,57,56,56,57,60,60,60,60,59,60,60,60,60,60,60,60,58,59,59,60,59,59,60,59,60,61,61,61,60,61,60,60,60,60,60,61,61,61,60,61,61,60,60,60,60
60,58,60,58,60,57,56,56,57,60,60,60,60,59,60,60,60,60,60,60,60,58,59,59,60,59,59,60,59,60,61,61,61,60,61,60,60,60,60,60,61,61,61,60,61,61,60,60,60,60
60,58,60,58,60,57,56,56,57,60,60,60,60,59,60,60,60,60,60,60,60,58,59,59,60,59,59,60,59,60,61,61,61,60,61,60,60,60,60,60,61,61,61,60,61,61,60,60,60,60
60,58,60,58,60,57,56,56,57,60,60,60,60,59,60,60,60,60,60,60,60,58,59,59,60,59,59,60,59,60,61,61,61,60,61,60,60,60,60,60,61,61,61,60,61,61,60,60,60,60
60,58,60,58,60,57,56,56,57,60,60,60,60,59,60,60,60,60,60,60,60,58,59,59,60,59,59,60,59,60,61,61,61,60,61,60,60,60,60,60,61,61,61,60,61,61,60,60,60,60
60,58,60,58,60,57,56,56,57,60,60,60,60,59,60,60,60,60,60,60,60,58,59,59,60,59,59,60,59,60,61,61,61,60,61,60,60,60,60,60,61,61,61,60,61,61,60,60,60,60
60,58,60,58,60,57,56,56,57,60,60,60,60,59,60,60,60,60,60,60,60,58,59,59,60,59,59,60,59,60,61,61,61,60,61,60,60,60,60,60,61,61,61,60,61,61,60,60,60,60
60,58,60,58,60,57,56,56,57,60,60,60,60,59,60,60,60,60,60,60,60,58,59,59,60,59,59,60,59,60,61,61,61,60,61,60,60,60,60,60,61,61,61,60,61,61,60,60,60,60
60,58,60,58,60,57,56,56,57,60,60,60,60,59,60,60,60,60,60,60,60,58,59,59,60,59,59,60,59,60,61,61,61,60,61,60,60,60,60,60,61,61,61,60,61,61,60,60,60,60
60,58,60,58,60,57,56,56,57,60,60,60,60,59,60,60,60,60,60,60,60,58,59,59,60,59,59,60,59,60,61,61,61,60,61,60,60,60,60,60,61,61,61,60,61,61,60,60,60,60
60,58,60,58,60,57,56,56,57,60,60,60,60,59,60,60,60,60,60,60,60,58,59,59,60,59,59,60,59,60,61,61,61,60,61,60,60,60,60,60,61,61,61,60,61,61,60,60,60,60
60,58,60,58,60,57,56,56,57,60,60,60,60,59,60,60,60,60,60,60,60,58,59,59,60,59,59,60,59,60,61,61,61,60,61,60,60,60,60,60,61,61,61,60,61,61,60,60,60,60
60,58,60,58,60,57,56,56,57,60,60,60,60,59,60,60,60,60,60,60,60,58,59,59,60,59,59,60,59,60,61,61,61,60,61,60,60,60,60,60,61,61,61,60,61,61,60,60,60,60
60,58,60,58,60,57,56,56,57,60,60,60,60,59,60,60,60,60,60,60,60,58,59,59,60,59,59,60,59,60,61,61,61,60,61,60,60,60,60,60,61,61,61,60,61,61,60,60,60,60
60,58,60,58,60,57,56,56,57,60,60,60,60,59,60,60,60,60,60,60,60,58,59,59,60,59,59,60,59,60,61,61,61,60,61,60,60,60,60,60,61,61,61,60,61,61,60,60,60,60
60,58,60,58,60,57,56,56,57,60,60,60,60,59,60,60,60,60,60,60,60,58,59,59,60,59,59,60,59,60,61,61,61,60,61,60,60,60,60,60,61,61,61,60,61,61,60,60,60,60
60,58,60,58,60,57,56,56,57,60,60,60,60,59,60,60,60,60,60,60,60,58,59,59,60,59,59,60,59,60,61,61,61,60,61,60,60,60,60,60,61,61,61,60,61,61,60,60,60,60
60,58,60,58,60,57,56,56,57,60,60,60,60,59,60,60,60,60,60,60,60,58,59,59,60,59,59,60,59,60,61,61,61,60,61,60,60,60,60,60,61,61,61,60,61,61,60,60,60,60
60,58,60,58,60,57,56,56,57,60,60,60,60,59,60,60,60,60,60,60,60,58,59,60,60,59,59,60,60,60,61,61,61,60,61,60,60,60,60,60,61,61,61,60,61,61,60,60,60,60
60,58,60,58,60,57,57,56,58,60,60,60,60,59,60,60,60,60,60,60,60,58,59,60,60,59,59,60,60,60,61,61,61,60,61,60,60,60,60,60,61,61,61,60,61,61,60,60,60,60
60,58,60,58,60,57,57,56,58,60,60,60,60,59,60,60,60,60,60,60,60,58,59,60,60,59,59,60,60,60,60,61,61,60,61,60,60,60,60,60,61,61,61,60,61,61,60,60,60,60
60,58,60,58,60,57,57,57,58,60,60,60,60,59,60,60,60,60,60,60,60,58,59,60,60,60,59,60,60,60,60,61,61,60,61,60,60,60,60,60,61,61,61,60,61,61,60,60,60,60
60,58,60,58,60,57,57,57,58,60,60,60,60,59,60,60,60,60,60,60,60,58,59,60,60,60,59,60,60,60,60,61,61,60,61,60,60,60,60,60,61,61,61,60,61,61,60,60,60,60
60,58,60,58,60,58,58,57,58,59,60,60,60,59,60,60,60,60,60,60,60,58,59,60,60,60,59,60,60,60,60,61,61,60,61,61,60,60,60,61,61,61,61,60,61,61,60,60,60,60
60,58,60,59,60,58,58,57,58,59,60,60,60,60,60,60,60,60,60,60,60,59,59,60,60,60,59,60,60,60,60,61,61,60,61,60,60,60,60,60,61,61,61,60,61,61,60,60,60,60
60,59,60,59,59,58,58,57,58,59,60,60,60,60,60,60,60,60,60,60,60,59,59,60,60,60,60,60,60,60,60,61,61,60,61,61,60,60,60,60,61,61,61,60,61,61,60,60,60,60
60,59,60,59,59,58,58,58,58,59,60,60,60,60,60,60,60,60,60,60,60,59,59,60,60,60,60,60,60,60,60,61,61,60,61,61,60,60,60,61,61,61,61,60,61,61,60,60,60,60
60,59,60,59,59,58,59,58,58,59,60,60,60,60,60,60,60,60,60,60,60,59,59,60,60,60,60,60,60,60,60,61,61,60,61,61,60,60,60,60,61,61,61,60,61,61,60,60,60,60
60,59,60,59,59,58,59,57,58,58,60,60,60,60,60,60,60,60,60,60,60,59,59,60,60,60,60,60,60,60,60,61,61,60,60,60,60,60,60,60,61,61,61,60,61,61,60,60,60,60
60,59,60,60,59,59,59,57,58,58,60,60,60,60,59,60,60,60,60,60,60,59,59,60,60,60,60,60,60,60,60,61,61,61,60,61,60,60,60,60,61,61,61,60,61,61,60,60,60,60
61,59,60,60,58,59,58,57,57,58,60,60,60,60,59,60,60,60,60,60,60,60,59,60,60,60,60,60,60,60,60,61,61,61,61,61,60,60,60,60,61,61,61,60,61,61,60,60,61,60
60,59,59,60,58,59,58,56,57,58,60,60,60,60,59,60,60,60,60,60,60,60,58,60,59,60,59,59,60,59,60,61,61,61,60,61,60,60,60,60,61,61,61,61,61,61,60,60,60,60
60,60,59,60,58,60,58,56,57,58,60,60,60,60,59,60,60,60,60,60,60,60,58,60,59,60,59,59,60,59,60,61,61,61,60,61,60,60,60,60,61,61,61,61,61,61,60,60,60,60
60,60,59,60,58,60,58,56,56,57,60,60,60,60,59,60,60,60,60,60,60,60,58,59,59,60,59,59,60,59,60,61,61,61,60,61,61,60,60,60,61,61,61,61,61,61,61,60,60,60
60,60,59,60,58,60,57,56,56,57,60,60,60,60,59,60,60,60,60,60,60,60,58,59,59,60,59,59,60,59,60,61,61,61,60,61,61,60,60,60,61,61,61,61,60,61,60,60,60,60
60,60,58,60,58,60,57,56,56,57,60,60,60,60,59,60,60,59,60,60,60,60,58,59,59,60,59,59,60,59,60,61,61,61,60,61,60,60,60,60,60,61,61,61,60,61,60,60,60,60
60,60,58,60,58,60,57,56,56,57,60,60,60,60,59,60,60,59,60,60,60,60,58,59,59,60,59,59,60,59,60,61,61,61,60,61,60,60,60,60,60,61,61,61,60,61,60,60,60,60
60,60,58,60,58,60,57,56,56,57,60,60,60,60,59,60,60,59,60,60,60,60,58,59,59,60,59,59,60,59,60,61,61,61,60,61,60,60,60,60,60,61,61,61,60,61,60,60,60,60
60,60,58,60,58,60,57,56,55,57,60,60,60,60,59,60,60,59,60,60,60,60,58,59,59,60,59,59,60,59,60,61,61,61,60,61,60,60,60,60,60,61,61,61,60,61,60,60,60,60
60,60,58,60,58,60,57,56,55,57,60,60,60,60,59,60,60,59,60,60,60,60,58,59,59,60,59,59,60,59,60,61,61,61,60,61,60,60,60,60,60,61,61,61,60,61,60,60,60,60
60,60,58,60,58,60,57,56,55,57,60,60,60,60,59,60,60,59,60,60,60,60,58,59,59,60,59,59,60,59,60,61,61,61,60,61,60,60,60,60,60,61,61,61,60,61,60,60,60,60
60,60,58,60,58,60,57,56,55,57,60,60,60,60,59,60,60,59,60,60,60,60,58,59,59,60,59,59,60,59,60,61,61,61,60,61,60,60,60,60,60,61,61,61,60,61,60,60,60,60
60,60,58,60,58,60,57,56,55,57,60,60,60,60,59,60,60,59,60,60,60,60,58,59,59,60,59,59,60,59,60,61,61,61,60,61,60,60,60,60,60,61,61,61,60,61,60,60,60,60
60,60,58,60,58,60,57,56,55,57,60,60,60,60,59,60,60,59,60,60,60,60,58,59,59,60,59,59,60,59,60,61,61,61,60,61,60,60,60,60,60,61,61,61,60,61,60,60,60,60
60,60,58,60,58,60,57,56,55,57,60,60,60,60,59,60,60,59,60,60,60,60,58,59,59,60,59,59,60,59,60,61,61,61,60,61,60,60,60,60,60,61,61,61,60,61,60,60,60,60
60,60,58,60,58,60,57,56,55,57,60,60,60,60,59,60,60,59,60,60,60,60,58,59,59,60,59,59,60,59,60,61,61,61,60,61,60,60,60,60,60,61,61,61,60,61,60,60,60,60
60,60,58,60,58,60,57,56,55,57,60,60,60,60,59,60,60,59,60,60,60,60,58,59,59,60,59,59,60,59,60,61,61,61,60,61,60,60,60,60,60,61,61,61,60,61,60,60,60,60
60,60,58,60,58,60,57,56,55,57,60,60,60,60,59,60,60,59,60,60,60,60,58,59,59,60,59,59,60,59,60,61,61,61,60,61,60,60,60,60,60,61,61,61,60,61,60,60,60,60
60,60,58,60,58,60,57,56,55,57,60,60,60,60,59,60,60,59,60,60,60,60,58,59,59,60,59,59,60,59,60,61,61,61,60,61,60,60,60,60,60,61,61,61,60,61,60,60,60,60
60,60,58,60,58,60,57,56,55,57,60,60,60,60,59,60,60,59,60,60,60,60,58,59,59,60,59,59,60,59,60,61,61,61,60,61,60,60,60,60,60,61,61,61,60,61,60,60,60,60
60,60,58,60,58,60,57,56,55,57,60,60,60,60,59,60,60,59,60,60,60,60,58,59,59,60,59,59,60,59,60,61,61,61,60,61,60,60,60,60,60,61,61,61,60,61,60,60,60,60
60,60,58,60,58,60,57,56,55,57,60,60,60,60,59,60,60,59,60,60,60,60,58,59,59,60,59,59,60,59,60,61,61,61,60,61,60,60,60,60,60,61,61,61,60,61,60,60,60,60
60,60,58,60,58,60,57,56,55,57,60,60,60,60,59,60,60,59,60,60,60,60,58,59,59,60,59,59,60,59,60,61,61,61,60,61,60,60,60,60,60,61,61,61,60,61,60,60,60,60
60,60,58,60,58,60,57,56,55,57,60,60,60,60,59,60,60,59,60,60,60,60,58,59,59,60,59,59,60,59,60,61,61,61,60,61,60,60,60,60,60,61,61,61,60,61,60,60,60,60
60,60,58,60,58,60,57,56,55,57,60,60,60,60,59,60,60,59,60,60,60,60,58,59,59,60,59,59,60,59,60,61,61,61,60,61,60,60,60,60,60,61,61,61,60,61,60,60,60,60
60,60,58,60,58,60,57,56,55,57,60,60,60,60,59,60,60,59,60,60,60,60,58,59,59,60,59,59,60,59,60,61,61,61,60,61,60,60,60,60,60,61,61,61,60,61,60,60,60,60
60,60,58,60,58,60,57,56,55,57,60,60,60,60,59,60,60,59,60,60,60,60,58,59,59,60,59,59,60,59,60,61,61,61,60,61,60,60,60,60,60,61,61,61,60,61,60,60,60,60
60,60,58,60,58,60,57,56,55,57,60,60,60,60,59,60,60,59,60,60,60,60,58,59,59,60,59,59,60,59,60,61,61,61,60,61,60,60,60,60,60,61,61,61,60,61,60,60,60,60
60,60,58,60,58,60,57,56,55,57,60,60,60,60,59,60,60,59,60,60,60,60,58,59,59,60,59,59,60,59,60,61,61,61,60,61,60,60,60,60,60,61,61,61,60,61,60,60,60,60
60,60,58,60,58,60,57,56,55,57,60,60,60,60,59,60,60,59,60,60,60,60,58,59,59,60,59,59,60,59,60,61,61,61,60,61,60,60,60,60,60,61,61,61,60,61,60,60,60,60
60,60,58,60,58,60,57,56,55,57,60,60,60,60,59,60,60,59,60,60,60,60,58,59,59,60,59,59,60,59,60,61,61,61,60,61,60,60,60,60,60,61,61,61,60,61,60,60,60,60
60,60,58,60,58,60,57,56,55,57,60,60,60,60,59,60,60,59,60,60,60,60,58,59,59,60,59,59,60,59,60,61,61,61,60,61,60,60,60,60,60,61,61,61,60,61,60,60,60,60
60,60,58,60,58,60,57,56,55,57,60,60,60,60,59,60,60,59,60,60,60,60,58,59,59,60,59,59,60,59,60,61,61,61,60,61,60,60,60,60,60,61,61,61,60,61,60,60,60,60
60,60,58,60,58,60,57,56,55,57,60,60,60,60,59,60,60,59,60,60,60,60,58,59,59,60,59,59,60,59,60,61,61,61,60,61,60,60,60,60,60,61,61,61,60,61,60,60,60,60
60,60,58,60,58,60,57,56,55,57,60,60,60,60,59,60,60,59,60,60,60,60,58,59,59,60,59,59,60,59,60,61,61,61,60,61,60,60,60,60,60,61,61,61,60,61,60,60,60,60
60,60,58,60,58,60,57,56,55,57,60,60,60,60,59,60,60,59,60,60,60,60,58,59,59,60,59,59,60,59,60,61,61,61,60,61,60,60,60,60,60,61,61,61,60,61,60,60,60,60
60,60,58,60,58,60,57,56,56,57,60,60,60,60,59,60,60,59,60,60,60,60,58,59,59,60,59,59,60,59,60,61,61,61,60,61,60,60,60,60,60,61,61,61,60,61,60,60,60,60
60,60,58,60,58,60,57,56,56,57,60,60,60,60,59,60,60,59,60,60,60,60,58,59,59,60,59,59,60,59,60,61,61,61,60,61,60,60,60,60,60,61,61,61,60,61,60,60,60,60
60,60,58,60,58,60,57,56,56,57,60,60,60,60,59,60,60,59,60,60,60,60,58,59,59,60,59,59,60,59,60,61,61,61,60,61,60,60,60,60,60,61,61,61,60,61,60,60,60,60
60,60,58,60,58,60,57,56,56,57,60,60,60,60,59,60,60,59,60,60,60,60,58,59,59,60,59,59,60,59,60,61,61,61,60,61,60,60,60,60,60,61,61,61,60,61,60,60,60,60
60,60,58,60,58,60,57,56,56,57,60,60,60,60,59,60,60,59,60,60,60,60,58,59,59,60,59,59,60,59,60,61,61,61,60,61,60,60,60,60,60,61,61,61,60,61,60,60,60,60
60,60,58,60,58,60,57,56,56,57,60,60,60,60,59,60,60,59,60,60,60,60,58,59,59,60,59,59,60,59,60,61,61,61,60,61,60,60,60,60,60,61,61,61,60,61,60,60,60,60
60,60,58,60,58,60,57,57,56,58,60,60,60,60,59,60,60,59,60,60,60,60,58,59,60,60,59,59,60,59,60,60,61,61,60,61,60,60,60,60,60,61,61,61,60,61,60,60,60,60
60,60,58,60,58,60,57,57,57,58,60,60,60,60,59,60,60,59,60,60,60,60,58,59,60,60,59,59,60,60,60,60,61,61,60,61,60,60,60,60,60,61,61,61,60,61,60,60,60,60
60,60,58,60,58,60,57,57,57,58,59,60,60,60,59,60,60,60,60,60,60,60,58,59,60,60,59,59,60,60,60,60,61,61,60,61,60,60,60,60,60,61,61,61,60,61,60,60,60,60
60,60,58,60,58,60,57,57,57,58,59,60,60,60,59,60,60,60,60,60,60,60,58,59,60,60,60,59,60,60,60,60,61,61,60,61,60,60,60,60,60,61,61,61,60,61,60,60,60,60
60,60,58,60,59,60,58,58,57,58,59,60,60,60,60,60,60,60,60,60,60,60,59,59,60,60,60,59,60,60,60,60,61,61,60,61,61,60,60,60,61,61,61,61,60,61,61,60,60,60
60,60,58,60,59,59,58,58,57,58,59,60,60,60,60,60,60,60,60,60,60,60,59,59,60,60,60,60,60,60,60,60,61,61,60,61,61,60,60,60,61,61,61,61,61,61,61,60,60,60
60,60,58,60,59,59,58,58,58,58,59,60,60,60,60,60,60,60,60,60,60,60,59,59,60,60,60,60,60,60,60,60,61,61,60,61,60,60,60,60,60,61,61,61,60,61,61,60,60,60
60,60,59,60,59,59,58,59,58,58,59,60,60,60,60,60,60,60,60,60,60,60,59,59,60,60,60,60,60,60,60,60,61,61,60,61,61,60,60,60,60,61,61,61,60,61,61,60,60,60
60,60,59,60,59,59,58,59,57,58,58,60,60,60,60,60,60,60,60,60,60,60,59,59,60,60,60,60,60,60,60,60,60,61,60,61,60,60,60,60,60,61,61,61,60,61,61,60,60,60
60,61,59,60,60,59,59,59,57,58,58,60,60,60,60,60,60,60,60,60,60,60,59,59,60,60,60,60,60,60,60,60,61,61,61,61,61,60,60,60,60,61,61,61,60,61,61,60,60,60
60,60,59,60,60,59,59,59,57,57,58,60,60,60,60,60,60,60,60,60,60,60,60,59,60,60,60,60,60,60,60,60,61,61,60,61,60,60,60,60,60,60,60,60,60,61,60,60,60,60
61,60,59,60,60,58,59,58,57,57,58,60,60,60,61,60,60,60,60,61,60,60,60,59,60,60,60,60,60,60,60,60,61,61,61,61,61,60,60,60,61,61,61,61,61,61,61,60,61,61
60,60,60,60,60,58,60,58,56,57,58,60,60,60,61,60,61,60,60,61,60,60,60,58,60,60,60,60,60,60,60,60,61,61,61,61,61,60,60,60,61,61,61,61,61,61,61,60,60,61
60,60,60,59,60,58,60,58,56,57,57,60,60,60,60,59,61,60,60,61,60,60,60,58,60,60,60,60,59,60,60,60,61,61,61,61,61,61,60,60,60,61,61,61,61,61,61,61,60,61
60,61,60,59,60,58,60,57,56,56,57,60,60,60,60,59,61,60,60,61,60,60,60,58,60,60,61,60,59,60,60,60,61,61,61,61,61,61,60,60,60,61,61,61,61,61,61,60,60,61
60,61,60,59,61,58,60,57,56,56,57,60,60,61,60,59,61,60,60,61,61,60,60,58,59,60,61,59,59,61,60,60,61,61,61,61,61,61,60,60,60,61,61,61,61,61,61,60,60,61
60,60,60,58,60,58,60,57,56,56,57,60,60,60,60,59,60,60,60,60,60,60,60,58,59,59,60,59,59,61,59,60,61,61,61,60,61,61,60,60,60,61,61,61,61,61,61,61,60,60
60,60,60,58,60,57,60,57,56,55,57,60,60,60,60,59,60,60,59,60,60,60,60,57,59,59,60,59,59,60,59,60,61,61,61,60,61,60,60,60,60,60,61,61,61,60,61,60,60,60
60,60,60,58,60,57,60,57,56,55,57,60,60,60,60,59,60,60,59,60,60,60,60,57,59,59,60,59,59,60,59,60,61,61,61,60,61,60,60,60,60,60,61,61,61,60,61,60,60,60
60,60,60,58,60,57,60,57,56,55,57,60,60,60,60,59,60,60,59,60,60,60,60,57,59,59,60,59,59,60,59,60,61,61,61,60,61,60,60,60,60,60,61,61,61,60,61,60,60,60
60,60,60,58,60,57,60,57,56,55,57,60,60,60,60,59,60,60,59,60,60,60,60,57,59,59,60,59,59,60,59,60,61,61,61,60,61,60,60,60,60,60,61,61,61,60,61,60,60,60
60,60,60,58,60,57,60,57,56,55,57,60,60,60,60,59,60,60,59,60,60,60,60,57,59,59,60,59,59,60,59,60,61,61,61,60,61,60,60,60,60,60,61,61,61,60,61,60,60,60
60,60,60,58,60,57,60,57,56,55,57,60,60,60,60,59,60,60,59,60,60,60,60,57,59,59,60,59,59,60,59,60,61,61,61,60,61,60,60,60,60,60,61,61,61,60,61,60,60,60
60,60,60,58,60,57,60,57,56,55,57,60,60,60,60,59,60,60,59,60,60,60,60,57,59,59,60,59,59,60,59,60,61,61,61,60,61,60,60,60,60,60,61,61,61,60,61,60,60,60
60,60,60,58,60,57,60,57,56,55,57,60,60,60,60,59,60,60,59,60,60,60,60,57,59,59,60,59,59,60,59,60,61,61,61,60,61,60,60,60,60,60,61,61,61,60,61,60,60,60
60,60,60,58,60,57,60,57,56,55,57,60,60,60,60,59,60,60,59,60,60,60,60,57,59,59,60,59,59,60,59,60,61,61,61,60,61,60,60,60,60,60,61,61,61,60,61,60,60,60
60,60,60,58,60,57,60,57,56,55,57,60,60,60,60,59,60,60,59,60,60,60,60,57,59,59,60,59,59,60,59,60,61,61,61,60,61,60,60,60,60,60,61,61,61,60,61,60,60,60
60,60,60,58,60,57,60,57,56,55,57,60,60,60,60,59,60,60,59,60,60,60,60,57,59,59,60,59,59,60,59,60,61,61,61,60,61,60,60,60,60,60,61,61,61,60,61,60,60,60
60,60,60,58,60,57,60,57,56,55,57,60,60,60,60,59,60,60,59,60,60,60,60,57,59,59,60,59,59,60,59,60,61,61,61,60,61,60,60,60,60,60,61,61,61,60,61,60,60,60
60,60,60,58,60,57,60,57,56,55,57,60,60,60,60,59,60,60,59,60,60,60,60,57,59,59,60,59,59,60,59,60,61,61,61,60,61,60,60,60,60,60,61,61,61,60,61,60,60,60
60,60,60,58,60,57,60,57,56,55,57,60,60,60,60,59,60,60,59,60,60,60,60,57,59,59,60,59,59,60,59,60,61,61,61,60,61,60,60,60,60,60,61,61,61,60,61,60,60,60
60,60,60,58,60,57,60,57,56,55,57,60,60,60,60,59,60,60,59,60,60,60,60,57,59,59,60,59,59,60,59,60,61,61,61,60,61,60,60,60,60,60,61,61,61,60,61,60,60,60
60,60,60,58,60,57,60,57,56,55,57,60,60,60,60,59,60,60,59,60,60,60,60,57,59,59,60,59,59,60,59,60,61,61,61,60,61,60,60,60,60,60,61,61,61,60,61,60,60,60
60,60,60,58,60,57,60,57,56,55,57,60,60,60,60,59,60,60,59,60,60,60,60,57,59,59,60,59,59,60,59,60,61,61,61,60,61,60,60,60,60,60,61,61,61,60,61,60,60,60
60,60,60,58,60,57,60,57,56,55,57,60,60,60,60,59,60,60,59,60,60,60,60,57,59,59,60,59,59,60,59,60,61,61,61,60,61,60,60,60,60,60,61,61,61,60,61,60,60,60
60,60,60,58,60,57,60,57,56,55,57,60,60,60,60,59,60,60,59,60,60,60,60,57,59,59,60,59,59,60,59,60,61,61,61,60,61,60,60,60,60,60,61,61,61,60,61,60,60,60
60,60,60,58,60,57,60,57,56,55,57,60,60,60,60,59,60,60,59,60,60,60,60,57,59,59,60,59,59,60,59,60,61,61,61,60,61,60,60,60,60,60,61,61,61,60,61,60,60,60
60,60,60,58,60,57,60,57,56,55,57,60,60,60,60,59,60,60,59,60,60,60,60,57,59,59,60,59,59,60,59,60,61,61,61,60,61,60,60,60,60,60,61,61,61,60,61,60,60,60
60,60,60,58,60,57,60,57,56,55,57,60,60,60,60,59,60,60,59,60,60,60,60,57,59,59,60,59,59,60,59,60,61,61,61,60,61,60,60,60,60,60,61,61,61,60,61,60,60,60
60,60,60,58,60,57,60,57,56,55,57,60,60,60,60,59,60,60,59,60,60,60,60,57,59,59,60,59,59,60,59,60,61,61,61,60,61,60,60,60,60,60,61,61,61,60,61,60,60,60
60,60,60,58,60,57,60,57,56,55,57,60,60,60,60,59,60,60,59,60,60,60,60,57,59,59,60,59,59,60,59,60,61,61,61,60,61,60,60,60,60,60,61,61,61,60,61,60,60,60
60,60,60,58,60,57,60,57,56,55,57,60,60,60,60,59,60,60,59,60,60,60,60,57,59,59,60,59,59,60,59,60,61,61,61,60,61,60,60,60,60,60,61,61,61,60,61,60,60,60
60,60,60,58,60,57,60,57,56,55,57,60,60,60,60,59,60,60,59,60,60,60,60,57,59,59,60,59,59,60,59,60,61,61,61,60,61,60,60,60,60,60,61,61,61,60,61,60,60,60
60,60,60,58,60,57,60,57,56,55,57,60,60,60,60,59,60,60,59,60,60,60,60,57,59,59,60,59,59,60,59,60,61,61,61,60,61,60,60,60,60,60,61,61,61,60,61,60,60,60
60,60,60,58,60,57,60,57,56,55,57,60,60,60,60,59,60,60,59,60,60,60,60,57,59,59,60,59,59,60,59,60,61,61,61,60,61,60,60,60,60,60,61,61,61,60,61,60,60,60
60,60,60,58,60,57,60,57,56,55,57,60,60,60,60,59,60,60,59,60,60,60,60,57,59,59,60,59,59,60,59,60,61,61,61,60,61,60,60,60,60,60,61,61,61,60,61,60,60,60
60,60,60,58,60,57,60,57,56,55,57,60,60,60,60,59,60,60,59,60,60,60,60,57,59,59,60,59,59,60,59,60,61,61,61,60,61,60,60,60,60,60,61,61,61,60,61,60,60,60
60,60,60,58,60,57,60,57,56,56,57,60,60,60,60,59,60,60,59,60,60,60,60,58,59,59,60,59,59,60,59,60,61,61,61,60,61,60,60,60,60,60,61,61,61,60,61,60,60,60
60,60,60,58,60,57,60,57,56,56,57,60,60,60,60,59,60,60,59,60,60,60,60,58,59,59,60,59,59,60,59,60,61,61,61,60,61,60,60,60,60,60,61,61,61,60,61,60,60,60
60,60,60,58,60,57,60,57,56,56,57,60,60,60,60,59,60,60,59,60,60,60,60,58,59,59,60,59,59,60,59,60,61,61,61,60,61,60,60,60,60,60,61,61,61,60,61,60,60,60
60,60,60,58,60,58,60,57,56,56,57,60,60,60,60,59,60,60,59,60,60,60,60,58,59,59,60,59,59,60,59,60,61,61,61,60,61,60,60,60,60,60,61,61,61,60,61,60,60,60
60,60,60,58,60,58,60,57,56,56,57,60,60,60,60,59,60,60,59,60,60,60,60,58,59,59,60,59,59,60,59,60,61,61,61,60,61,60,60,60,60,60,61,61,61,60,61,60,60,60
60,60,60,58,60,58,60,57,57,56,57,60,60,60,60,59,60,60,59,60,60,60,60,58,59,59,60,59,59,60,59,60,60,61,61,60,61,60,60,60,60,60,61,61,61,60,61,60,60,60
60,60,60,58,60,58,60,57,57,56,58,60,60,60,60,59,60,60,59,60,60,60,60,58,59,59,60,59,59,60,59,60,60,61,61,60,61,60,60,60,60,60,61,61,61,60,61,60,60,60
60,60,60,58,60,58,60,57,57,57,58,59,60,60,60,59,60,60,59,60,60,60,60,58,59,60,60,59,59,60,60,60,60,61,61,60,61,60,60,60,60,60,61,61,61,60,61,60,60,60
60,60,60,58,60,58,60,57,57,57,58,59,60,60,60,59,60,60,60,60,60,60,60,58,59,60,60,59,59,60,60,60,60,61,61,60,61,60,60,60,60,60,61,61,61,60,61,60,60,60
60,60,60,58,60,58,59,57,58,57,58,59,60,60,60,59,60,60,60,60,60,60,60,58,59,60,60,60,59,60,60,60,60,61,61,60,61,60,60,60,60,60,61,61,61,60,61,60,60,60
60,60,60,58,60,59,59,58,58,57,58,59,60,60,60,60,60,60,60,60,60,60,60,59,59,60,60,60,59,60,60,60,60,61,61,60,61,60,60,60,60,60,61,61,61,60,61,60,60,60
60,60,60,58,60,59,59,58,58,58,58,59,60,60,60,60,60,60,60,60,60,60,60,59,59,60,60,60,60,60,60,60,60,61,61,60,61,60,60,60,60,60,61,61,61,60,61,60,60,60
60,60,60,59,60,59,59,58,59,58,58,58,60,60,60,60,60,60,60,60,60,60,60,59,59,60,60,60,60,60,60,60,60,61,61,60,60,60,60,60,60,60,61,61,61,60,61,60,60,60
60,60,60,59,60,59,59,58,59,57,58,58,60,60,60,60,59,60,60,60,60,60,60,59,59,60,60,60,59,60,60,60,60,60,61,60,60,60,60,60,60,60,60,61,61,60,61,61,60,60
60,60,60,59,60,60,58,59,59,57,57,58,60,60,60,60,59,60,60,60,60,60,60,59,59,60,59,60,59,60,60,59,60,61,61,61,60,61,60,60,60,60,61,61,61,60,61,61,60,60
60,60,60,59,60,60,58,59,58,57,57,58,60,60,60,60,59,60,60,60,60,60,60,60,58,60,59,60,59,59,60,59,60,61,61,61,60,61,60,60,60,60,61,61,61,60,61,60,60,60
61,60,60,59,59,60,58,59,58,56,57,58,60,60,60,60,59,60,60,60,60,60,60,60,58,60,59,60,59,59,60,59,60,61,61,61,60,61,60,60,60,60,61,61,61,61,61,61,60,60
60,60,60,59,59,60,58,60,58,56,57,57,60,60,60,60,59,60,60,60,60,60,60,60,58,60,59,60,59,59,60,59,60,61,61,61,60,61,60,60,60,60,60,61,61,61,61,61,60,60
60,60,60,60,59,60,58,60,57,56,56,57,60,60,60,60,59,60,60,60,60,60,60,60,58,59,59,60,59,59,60,59,60,61,61,61,60,61,60,60,60,60,61,61,61,61,61,60,60,60
61,60,61,60,59,60,58,60,57,56,56,57,60,60,60,60,59,60,60,60,60,60,60,60,58,59,59,60,59,59,60,59,60,61,61,61,61,61,61,60,60,60,61,61,61,61,61,61,60,60
60,60,60,60,58,60,57,60,57,56,56,57,60,60,60,60,59,60,60,59,60,60,60,60,57,59,59,60,59,59,60,59,60,61,61,61,60,61,61,60,60,60,61,61,61,61,60,61,60,60
60,60,60,60,58,60,57,60,57,56,55,57,60,60,60,60,59,60,60,59,60,60,60,60,57,59,59,60,59,59,60,59,60,61,61,61,60,61,61,60,60,60,60,61,61,61,60,61,61,60
60,60,60,60,58,60,57,60,57,56,55,57,60,60,60,60,59,60,60,59,60,60,60,60,57,59,59,60,59,59,60,59,60,60,60,61,60,61,60,60,60,60,60,60,61,61,60,61,60,60
60,60,60,60,58,60,57,60,57,56,55,57,60,60,60,60,59,60,60,59,60,60,60,60,57,59,59,60,59,59,60,59,60,61,61,61,60,61,60,60,60,60,60,61,61,61,60,61,60,60
60,60,60,60,58,60,58,60,57,56,55,57,60,60,60,60,59,60,60,59,60,60,60,60,57,59,59,60,59,59,61,59,60,61,61,61,61,61,61,60,60,60,61,61,61,61,61,61,61,60
60,60,60,60,58,60,57,60,57,56,55,57,60,60,60,60,59,60,60,59,60,60,60,60,57,59,59,60,59,59,60,59,60,61,61,61,60,61,61,60,60,60,60,61,61,61,60,61,61,60
60,60,60,60,58,60,57,60,57,56,55,57,60,60,60,60,59,60,60,59,60,60,60,60,57,59,59,60,59,59,60,59,59,60,60,61,60,61,60,60,60,60,60,60,61,61,60,61,60,60
60,60,60,60,58,60,57,60,57,56,55,57,60,60,60,60,59,60,60,59,60,60,60,60,57,59,59,60,59,59,60,59,59,60,60,61,60,61,60,60,60,60,60,60,61,61,60,61,60,60
60,60,60,60,58,60,57,60,57,56,55,57,60,60,60,60,59,60,60,59,60,60,60,60,57,59,59,60,59,59,60,59,59,60,60,61,60,61,60,60,60,60,60,60,61,61,60,61,60,60
60,60,60,60,58,60,57,60,57,56,55,57,60,60,60,60,59,60,60,59,60,60,60,60,57,59,59,60,59,59,60,59,59,60,60,61,60,61,60,60,60,60,60,60,61,61,60,61,60,60
60,60,60,60,58,60,57,60,57,56,55,57,60,60,60,60,59,60,60,59,60,60,60,60,57,59,59,60,59,59,60,59,59,60,60,61,60,61,60,60,60,60,60,60,61,61,60,61,60,60
60,60,60,60,58,60,57,60,57,56,55,57,60,60,60,60,59,60,60,59,60,60,60,60,57,59,59,60,59,59,60,59,59,60,60,61,60,61,60,60,60,60,60,60,61,61,60,61,60,60
60,60,60,60,58,60,57,60,57,56,55,57,60,60,60,60,59,60,60,59,60,60,60,60,57,59,59,60,59,59,60,59,59,60,60,61,60,61,60,60,60,60,60,60,61,61,60,61,60,60
60,60,60,60,58,60,57,60,57,56,55,57,60,60,60,60,59,60,60,59,60,60,60,60,57,59,59,60,59,59,60,59,59,60,60,61,60,61,60,60,60,60,60,60,61,61,60,61,60,60
60,60,60,60,58,60,57,60,57,56,55,57,60,60,60,60,59,60,60,59,60,60,60,60,57,59,59,60,59,59,60,59,59,60,60,61,60,61,60,60,60,60,60,60,61,61,60,61,60,60
60,60,60,60,58,60,57,60,57,56,55,57,60,60,60,60,59,60,60,59,60,60,60,60,57,59,59,60,59,59,60,59,59,60,60,61,60,61,60,60,60,60,60,60,61,61,60,61,60,60
60,60,60,60,58,60,57,60,57,56,55,57,60,60,60,60,59,60,60,59,60,60,60,60,57,59,59,60,59,59,60,59,59,60,60,61,60,61,60,60,60,60,60,60,61,61,60,61,60,60
60,60,60,60,58,60,57,60,57,56,55,57,60,60,60,60,59,60,60,59,60,60,60,60,57,59,59,60,59,59,60,59,59,60,60,61,60,61,60,60,60,60,60,60,61,61,60,61,60,60
60,60,60,60,58,60,57,60,57,56,55,57,60,60,60,60,59,60,60,59,60,60,60,60,57,59,59,60,59,59,60,59,59,60,60,61,60,61,60,60,60,60,60,60,61,61,60,61,60,60
60,60,60,60,58,60,57,60,57,56,55,57,60,60,60,60,59,60,60,59,60,60,60,60,57,59,59,60,59,59,60,59,59,60,60,61,60,61,60,60,60,60,60,60,61,61,60,61,60,60
60,60,60,60,58,60,57,60,57,56,55,57,60,60,60,60,59,60,60,59,60,60,60,60,57,59,59,60,59,59,60,59,59,60,60,61,60,61,60,60,60,60,60,60,61,61,60,61,60,60
60,60,60,60,58,60,57,60,57,56,55,57,60,60,60,60,59,60,60,59,60,60,60,60,57,59,59,60,59,59,60,59,59,60,60,61,60,61,60,60,60,60,60,60,61,61,60,61,60,60
60,60,60,60,58,60,57,60,57,56,55,57,60,60,60,60,59,60,60,59,60,60,60,60,57,59,59,60,59,59,60,59,59,60,60,61,60,61,60,60,60,60,60,60,61,61,60,61,60,60
60,60,60,60,58,60,57,60,57,56,55,57,60,60,60,60,59,60,60,59,60,60,60,60,57,59,59,60,59,59,60,59,59,60,60,61,60,61,60,60,60,60,60,60,61,61,60,61,60,60
60,60,60,60,58,60,57,60,57,56,55,57,60,60,60,60,59,60,60,59,60,60,60,60,57,59,59,60,59,59,60,59,59,60,60,61,60,61,60,60,60,60,60,60,61,61,60,61,60,60
60,60,60,60,58,60,57,60,57,56,55,57,60,60,60,60,59,60,60,59,60,60,60,60,57,59,59,60,59,59,60,59,60,60,60,61,60,61,60,60,60,60,60,60,61,61,60,61,60,60
60,60,60,60,58,60,57,60,57,56,55,57,60,60,60,60,59,60,60,59,60,60,60,60,57,59,59,60,59,59,60,59,60,60,60,61,60,61,60,60,60,60,60,60,61,61,60,61,60,60
60,60,60,60,58,60,57,60,57,56,55,57,60,60,60,60,59,60,60,59,60,60,60,60,57,59,59,60,59,59,60,59,60,61,60,61,60,61,60,60,60,60,60,60,61,61,60,61,60,60
60,60,60,60,58,60,57,60,57,56,55,57,60,60,60,60,59,60,60,59,60,60,60,60,57,59,59,60,59,59,60,59,60,60,60,61,60,61,60,60,60,60,60,60,61,61,60,61,60,60
60,60,60,60,58,60,57,60,57,56,55,57,60,60,60,60,59,60,60,59,60,60,60,60,57,59,59,60,59,59,60,59,60,60,60,61,60,61,60,60,60,60,60,60,61,61,60,61,60,60
60,60,60,60,58,60,57,60,57,56,55,57,60,60,60,60,59,60,60,59,60,60,60,60,57,59,59,60,59,59,60,59,60,61,61,61,60,61,61,60,60,60,60,61,61,61,60,61,61,60
60,60,60,60,58,60,57,60,57,56,55,57,60,60,60,60,59,60,60,59,60,60,60,60,57,59,59,60,59,59,60,59,60,61,61,61,60,61,60,60,60,60,60,61,61,61,60,61,60,60
60,60,60,60,58,60,57,60,57,56,55,57,60,60,60,60,59,60,60,59,60,60,60,60,57,59,59,60,59,59,60,59,60,61,61,61,60,61,60,60,60,60,61,61,61,61,60,61,61,60
60,60,60,60,58,60,57,60,57,56,55,57,60,60,60,60,59,60,60,59,60,60,60,60,57,59,59,60,59,59,61,59,60,61,61,61,61,61,60,60,60,60,61,61,61,61,61,61,61,60
61,60,60,60,58,60,57,60,57,56,56,57,60,60,60,60,59,60,60,59,60,60,60,60,58,59,59,60,59,59,61,59,59,61,61,61,61,61,60,60,60,60,61,61,61,61,61,61,61,60
61,60,60,60,58,60,57,61,57,56,56,57,60,60,60,60,59,60,60,59,60,60,60,60,58,59,59,60,59,59,61,59,59,60,61,61,61,61,60,60,60,60,60,60,61,61,61,61,61,60
61,60,60,61,58,60,58,61,57,56,56,57,60,60,60,60,59,60,60,59,60,60,60,60,58,59,59,60,59,59,61,59,59,61,61,61,61,61,60,60,60,60,61,61,61,61,61,61,61,60
61,60,60,61,58,60,58,60,57,57,56,57,60,60,60,60,59,60,60,59,60,60,60,59,58,59,59,60,59,59,61,59,60,61,61,61,61,61,60,60,60,60,61,61,61,61,61,61,61,60
60,60,60,60,58,60,58,60,57,57,56,57,60,60,60,60,59,60,60,59,60,60,60,59,58,59,59,60,59,59,61,59,59,60,61,61,60,61,60,60,60,60,60,60,61,60,60,61,61,60
60,60,60,60,58,60,58,60,57,57,56,58,60,60,60,60,59,60,60,59,60,60,60,59,58,59,59,60,59,59,61,59,60,60,60,61,60,61,60,60,60,60,60,60,61,60,60,61,61,60
60,60,60,60,58,60,58,60,57,57,57,58,60,60,60,60,59,60,60,59,60,60,60,59,58,59,60,60,59,59,60,59,60,60,60,61,60,61,60,60,60,60,60,60,61,60,60,61,61,60
60,60,60,60,58,60,58,60,57,58,57,58,60,60,60,60,59,60,60,59,60,60,60,59,58,59,60,60,59,59,60,60,60,60,60,61,60,61,60,60,60,60,60,60,61,60,60,61,60,60
60,60,60,60,58,60,59,60,57,58,57,58,60,60,60,60,59,60,60,59,60,60,60,59,58,59,60,60,60,59,60,60,60,60,60,60,60,61,60,60,60,60,60,60,60,60,60,61,60,60
60,60,60,60,58,60,59,60,58,58,57,58,60,60,60,60,60,60,60,60,60,60,60,59,59,59,60,60,60,59,60,60,60,60,60,61,60,61,60,60,60,60,60,61,60,60,60,61,61,60
60,60,60,60,58,60,59,60,58,58,58,58,60,60,60,60,60,60,60,60,60,60,60,60,59,59,60,60,60,60,60,60,60,60,60,60,60,61,60,60,60,60,60,60,60,60,60,61,60,60
60,60,60,60,59,60,59,60,58,59,58,58,60,60,60,60,60,60,60,60,60,60,60,60,59,59,60,60,60,60,60,60,60,60,60,60,60,61,60,60,60,60,60,60,60,60,60,60,60,60
60,60,60,60,59,60,59,60,58,59,58,58,60,60,60,60,60,60,60,60,60,60,60,60,59,60,60,60,60,60,60,60,60,60,60,60,60,60,60,60,60,60,60,60,60,60,60,60,60,60
60,60,60,60,59,60,60,60,59,59,58,58,60,60,60,60,60,60,60,60,60,60,60,60,59,60,60,60,60,60,60,60,60,60,60,60,60,60,60,60,60,60,60,60,60,60,60,60,60,60
60,60,60,60,59,60,60,60,59,60,59,58,60,60,60,60,60,60,60,60,60,60,60,60,60,60,60,60,60,60,60,60,60,60,61,61,61,60,60,60,60,60,60,60,60,61,60,61,60,60
60,60,60,60,59,60,60,60,59,60,58,58,60,60,60,60,60,60,61,60,60,61,60,60,60,60,60,60,60,60,60,60,60,60,61,61,61,60,60,60,60,60,61,60,61,61,61,61,60,60
60,60,60,60,60,60,60,60,60,60,58,58,60,60,60,60,61,60,61,60,60,61,60,60,60,60,60,60,60,60,60,60,60,60,60,61,61,61,61,60,60,60,60,61,61,60,61,61,60,60
61,60,61,61,60,60,60,60,60,60,58,58,59,60,60,60,60,61,61,60,60,61,60,60,60,60,60,60,61,60,60,60,60,61,61,61,61,61,61,61,60,60,61,61,61,61,62,61,60,60
60,61,61,61,60,61,60,60,60,60,58,58,59,60,60,60,61,61,61,60,60,61,60,60,60,60,60,61,60,60,60,60,60,61,61,61,61,61,61,61,60,60,61,61,61,61,61,61,61,60
60,61,61,61,60,61,60,60,60,59,58,58,59,60,61,61,61,61,61,60,61,61,60,60,61,60,61,61,61,61,60,60,60,61,61,61,61,61,61,61,61,60,61,61,61,61,61,61,61,60
60,61,61,60,60,61,60,60,60,59,58,57,59,61,60,61,61,61,61,61,60,61,60,60,60,60,60,61,60,61,61,60,60,60,60,61,61,61,61,60,61,60,60,60,61,61,61,61,60,60
60,61,61,61,60,61,61,60,60,59,58,57,59,60,60,61,61,61,60,60,60,61,60,60,60,60,61,61,61,61,61,61,60,61,61,61,61,61,61,60,60,60,60,61,61,61,61,61,61,60
61,61,61,61,60,61,61,60,61,60,59,57,59,61,61,61,61,61,61,61,61,61,61,61,60,60,61,61,61,61,61,61,61,61,61,61,61,61,61,61,61,61,61,61,61,61,61,61,61,61
60,61,61,61,60,61,61,60,61,59,58,57,59,61,61,61,61,61,61,61,61,61,61,61,60,60,61,61,61,61,61,61,61,61,61,62,61,61,61,61,61,61,61,61,61,61,61,62,61,61
60,61,61,61,60,60,61,60,60,59,58,57,59,61,61,61,61,61,61,61,61,61,62,61,60,60,61,61,61,61,61,61,61,61,61,61,61,61,61,61,61,61,61,61,61,61,61,62,61,61
60,61,61,61,61,60,61,59,60,59,58,57,59,61,61,61,62,61,61,61,61,61,61,61,61,59,61,61,61,61,61,61,61,61,61,62,61,61,63,61,61,61,61,61,61,61,61,62,61,61
59,61,61,61,61,60,61,59,61,58,57,57,58,61,61,61,61,61,61,61,61,61,61,61,61,59,61,61,61,61,61,61,61,61,61,62,61,61,63,61,61,61,61,61,61,61,61,61,61,61
59,61,61,61,61,59,61,59,61,58,57,57,58,61,61,61,61,61,61,61,61,61,61,61,61,59,60,61,61,61,61,61,61,61,61,61,61,61,62,61,61,61,61,61,61,61,61,61,61,61
59,61,61,61,61,59,61,59,61,58,57,56,58,61,61,61,61,60,61,61,61,61,61,61,61,59,60,60,61,60,60,61,60,61,62,61,61,61,62,61,61,61,61,61,61,61,61,61,62,62
57,60,60,60,60,58,60,57,60,56,56,55,56,60,60,60,60,59,60,60,59,60,60,60,59,57,59,59,60,59,59,60,59,59,60,60,61,60,61,60,60,60,60,60,60,61,61,60,61,60
57,60,60,60,60,58,60,57,60,56,56,55,56,60,60,60,60,59,60,60,59,60,60,60,59,57,59,59,60,59,59,60,59,59,60,60,61,60,61,60,60,60,60,60,60,61,61,60,61,60
57,60,60,60,60,58,60,57,60,56,56,55,56,60,60,60,60,59,60,60,59,60,60,60,59,57,59,59,60,59,59,60,59,59,60,60,61,60,61,60,60,60,60,60,60,61,61,60,61,60
57,60,60,60,60,58,60,57,60,56,56,55,56,60,60,60,60,59,60,60,59,60,60,60,59,57,59,59,60,59,59,60,59,59,60,60,61,60,61,60,60,60,60,60,60,61,61,60,61,60
57,60,60,60,60,58,60,57,60,56,56,55,56,60,60,60,60,59,60,60,59,60,60,60,59,57,59,59,60,59,59,60,59,59,60,60,61,60,61,60,60,60,60,60,60,61,61,60,61,60
57,60,60,60,60,58,60,57,60,56,56,55,56,60,60,60,60,59,60,60,59,60,60,60,59,57,59,59,60,59,59,60,59,59,60,60,61,60,61,60,60,60,60,60,60,61,61,60,61,60
57,60,60,60,60,58,60,57,60,56,56,55,56,60,60,60,60,59,60,60,59,60,60,60,59,57,59,59,60,59,59,60,59,59,60,60,61,60,61,60,60,60,60,60,60,61,61,60,61,60
57,60,60,60,60,58,60,57,60,56,56,55,56,60,60,60,60,59,60,60,59,60,60,60,59,57,59,59,60,59,59,60,59,59,60,60,61,60,61,60,60,60,60,60,60,61,61,60,61,60
57,60,60,60,60,58,60,57,60,56,56,55,56,60,60,60,60,59,60,60,59,60,60,60,59,57,59,59,60,59,59,60,59,59,60,60,61,60,61,60,60,60,60,60,60,61,61,60,61,60
57,60,60,60,60,58,60,57,60,56,56,55,56,60,60,60,60,59,60,60,59,60,60,60,59,57,59,59,60,59,59,60,59,59,60,60,61,60,61,60,60,60,60,60,60,61,61,60,61,60
57,60,60,60,60,58,60,57,60,56,56,55,56,60,60,60,60,59,60,60,59,60,60,60,59,57,59,59,60,59,59,60,59,59,60,60,61,60,61,60,60,60,60,60,60,61,61,60,61,60
57,60,60,60,60,58,60,57,60,56,56,55,56,60,60,60,60,59,60,60,59,60,60,60,59,57,59,59,60,59,59,60,59,59,60,60,61,60,61,60,60,60,60,60,60,61,61,60,61,60
57,60,60,60,60,58,60,57,60,56,56,55,56,60,60,60,60,59,60,60,59,60,60,60,59,57,59,59,60,59,59,60,59,59,60,60,61,60,61,60,60,60,60,60,60,61,61,60,61,60
57,60,60,60,60,58,60,57,60,56,56,55,56,60,60,60,60,59,60,60,59,60,60,60,59,57,59,59,60,59,59,60,59,59,60,60,61,60,61,60,60,60,60,60,60,61,61,60,61,60
57,60,60,60,60,58,60,57,60,56,56,55,57,60,60,60,60,59,60,60,59,60,60,60,59,57,59,59,60,59,59,60,59,59,60,60,61,60,61,60,60,60,60,60,60,61,61,60,61,60
57,60,60,60,60,58,60,57,60,56,56,55,57,60,60,60,60,59,60,60,59,60,60,60,59,57,59,59,60,59,59,60,59,59,60,60,61,60,61,60,60,60,60,60,60,61,61,60,61,60
57,60,60,60,60,58,60,57,60,56,56,55,57,60,60,60,60,59,60,60,59,60,60,60,59,57,59,59,60,59,59,60,59,59,60,60,61,60,61,60,60,60,60,60,60,61,61,60,61,60
57,60,60,60,60,58,60,57,60,56,56,55,57,60,60,60,60,59,60,60,59,60,60,60,59,57,59,59,60,59,59,60,59,59,60,60,61,60,61,60,60,60,60,60,60,61,61,60,61,60
57,60,60,60,60,58,60,57,60,56,56,55,57,60,60,60,60,59,60,60,59,60,60,60,59,57,59,59,60,59,59,60,59,59,60,60,61,60,61,60,60,60,60,60,60,61,61,60,61,60
57,60,60,60,60,58,60,57,60,56,56,55,57,60,60,60,60,59,60,60,59,60,60,60,59,57,59,59,60,59,59,60,59,59,60,60,61,60,61,60,60,60,60,60,60,61,61,60,61,60
58,60,60,60,60,58,60,57,60,56,56,55,57,60,60,60,60,59,60,60,59,60,60,60,59,57,59,59,60,59,59,60,59,59,60,60,61,60,61,60,60,60,60,60,60,61,61,60,61,60
58,60,60,60,60,58,60,57,60,56,56,55,57,60,60,60,60,59,60,60,59,60,60,60,59,57,59,59,60,59,59,60,59,59,60,60,61,60,61,60,60,60,60,60,60,61,61,60,61,60
58,60,60,60,60,58,60,57,60,56,56,55,57,60,60,60,60,59,60,60,59,60,60,60,59,57,59,59,60,59,59,60,59,59,60,60,61,60,61,60,60,60,60,60,60,61,61,60,61,60
58,60,60,60,60,58,60,57,60,57,56,55,57,60,60,60,60,59,60,60,59,60,60,60,59,57,59,59,60,59,59,60,59,59,60,60,61,60,61,60,60,60,60,60,60,61,61,60,61,60
58,60,60,60,60,58,60,57,60,57,56,56,57,60,60,60,60,59,60,60,59,60,60,60,59,58,59,59,60,59,59,60,59,59,60,60,61,60,61,60,60,60,60,60,60,61,61,60,61,60
58,60,60,60,60,58,60,57,60,57,56,56,57,60,60,60,60,59,60,60,59,60,60,60,59,58,59,59,60,59,59,60,59,59,60,60,61,60,61,60,60,60,60,60,60,61,61,60,61,60
58,60,60,60,60,58,60,58,60,57,56,56,57,60,60,60,60,59,60,60,59,60,60,60,59,58,59,59,60,59,59,60,59,59,60,60,61,60,61,60,60,60,60,60,60,61,61,60,61,60
58,60,60,60,60,58,60,58,60,57,57,56,57,59,60,60,60,59,60,60,59,60,60,60,59,58,59,59,60,59,59,60,59,59,60,60,61,60,61,60,60,60,60,60,60,61,61,60,61,60
58,60,60,60,60,58,60,58,60,57,57,56,58,59,60,60,60,59,60,60,59,60,60,60,59,58,59,59,60,59,59,60,59,60,60,60,61,60,61,60,60,60,60,60,60,61,61,60,61,60
58,60,60,60,60,58,60,58,60,57,57,57,58,59,60,60,60,59,60,60,59,60,60,60,59,58,59,60,60,59,59,60,60,60,60,60,61,60,61,60,60,60,60,60,60,61,61,60,61,60
58,60,60,60,60,58,60,58,59,57,58,57,58,59,60,60,60,59,60,60,59,60,60,60,59,58,59,60,60,60,59,60,60,60,60,60,61,60,61,60,60,60,60,60,60,61,61,60,61,60
59,59,60,60,60,58,60,59,59,57,58,57,58,59,60,60,60,60,60,60,60,60,60,60,59,58,59,60,60,60,59,60,60,60,60,60,61,60,61,60,60,60,60,60,60,61,61,60,61,60
59,59,60,60,60,58,60,59,59,58,58,57,58,58,60,60,60,60,60,60,60,60,60,60,60,59,59,60,60,60,59,60,60,60,60,60,61,60,60,60,60,60,60,60,60,61,61,60,61,60
59,59,60,60,60,58,60,59,59,58,59,57,58,58,60,60,60,60,60,60,60,60,60,60,60,59,59,60,60,60,59,60,60,60,60,60,61,60,60,60,60,60,60,60,60,61,61,60,61,60
59,59,60,60,60,59,60,59,59,58,59,57,57,58,60,60,60,60,59,60,60,60,60,60,60,59,59,60,59,60,59,60,60,59,60,60,60,60,60,60,60,60,60,60,60,61,61,60,60,60
59,59,60,60,60,59,60,59,58,59,58,57,57,58,60,60,60,60,59,60,60,60,60,60,60,59,58,60,59,60,59,59,60,59,60,61,61,61,60,61,60,60,60,60,60,61,61,60,60,61
60,58,60,60,60,59,59,60,58,59,58,56,57,57,60,60,60,60,59,60,60,60,60,60,60,59,58,60,59,60,59,59,60,59,60,61,61,61,60,61,60,60,60,60,60,61,61,60,60,60
60,58,60,60,60,59,59,60,58,59,58,56,57,57,60,60,60,60,59,60,60,60,60,60,60,60,58,60,59,60,59,59,60,59,60,61,61,61,60,61,60,60,60,60,61,61,61,61,61,60
60,58,60,60,60,59,59,60,58,59,58,56,56,57,60,60,60,60,59,60,60,60,60,60,60,60,58,59,59,60,59,59,60,59,60,61,61,61,60,61,60,60,60,60,60,61,61,61,60,61
60,58,60,60,60,60,59,60,58,60,57,56,56,57,60,60,60,60,59,60,60,59,60,60,60,60,58,59,59,60,59,59,60,59,59,61,61,61,60,61,61,60,60,60,60,61,61,61,60,61
60,58,60,60,60,60,58,60,57,60,57,55,56,56,60,60,60,60,59,60,60,59,60,60,60,59,57,59,59,60,59,59,60,59,59,60,60,61,60,61,60,60,60,60,60,60,61,61,60,61
60,58,60,60,60,60,58,60,57,60,57,55,55,56,60,60,60,60,59,60,60,59,60,60,60,59,57,59,59,60,59,59,60,59,59,60,60,61,60,61,60,60,60,60,60,60,61,61,60,61
60,58,60,60,60,60,58,60,57,60,57,55,55,56,60,60,60,60,59,60,60,59,60,60,60,59,57,59,59,60,59,59,60,59,59,60,60,61,60,61,60,60,59,60,60,60,61,61,60,61
60,57,60,60,60,60,58,60,57,60,57,55,55,56,60,60,60,60,59,60,60,59,60,60,60,59,57,59,59,60,59,59,60,59,59,60,60,61,60,61,60,60,59,60,60,60,61,61,60,61
60,57,60,60,60,60,58,60,57,60,56,55,55,56,60,60,60,60,59,60,60,59,60,60,60,59,57,59,59,60,59,59,60,59,59,60,60,61,60,61,60,60,59,60,60,60,61,61,60,61
60,57,60,60,60,60,58,60,57,60,56,55,55,56,60,60,60,60,59,60,60,59,60,60,60,59,57,59,59,60,59,59,60,59,59,60,60,61,60,61,60,60,59,60,60,60,61,61,60,61
60,57,60,60,60,60,58,60,57,60,56,55,55,56,60,60,60,60,59,60,60,59,60,60,60,59,57,59,59,60,59,59,60,59,59,60,60,61,60,61,60,60,59,60,60,60,61,61,60,61
60,57,60,60,60,60,58,60,57,60,56,55,55,56,60,60,60,60,59,60,60,59,60,60,60,59,57,59,59,60,59,59,60,59,59,60,60,61,60,61,60,60,59,60,60,60,61,61,60,61
60,57,60,60,60,60,58,60,57,60,56,55,55,56,60,60,60,60,59,60,60,59,60,60,60,59,57,59,59,60,59,59,60,59,59,60,60,61,60,61,60,60,59,60,60,60,61,61,60,61
60,57,60,60,60,60,58,60,57,60,56,55,55,56,60,60,60,60,59,60,60,59,60,60,60,59,57,59,59,60,59,59,60,59,59,60,60,61,60,61,60,60,59,60,60,60,61,61,60,61
60,57,60,60,60,60,58,60,57,60,56,55,55,56,60,60,60,60,59,60,60,59,60,60,60,59,57,59,59,60,59,59,60,59,59,60,60,61,60,61,60,60,59,60,60,60,61,61,60,61
60,57,60,60,60,60,58,60,57,60,56,55,55,56,60,60,60,60,59,60,60,59,60,60,60,59,57,59,59,60,59,59,60,59,59,60,60,61,60,61,60,60,59,60,60,60,61,61,60,61
60,57,60,60,60,60,58,60,57,60,56,55,55,56,60,60,60,60,59,60,60,59,60,60,60,59,57,59,59,60,59,59,60,59,59,60,60,61,60,61,60,60,59,60,60,60,61,61,60,61
60,57,60,60,60,60,58,60,57,60,56,55,55,56,60,60,60,60,59,60,60,59,60,60,60,59,57,59,59,60,59,59,60,59,59,60,60,61,60,61,60,60,59,60,60,60,61,61,60,61
60,57,60,60,60,60,58,60,57,60,56,55,55,56,60,60,60,60,59,60,60,59,60,60,60,59,57,59,59,60,59,59,60,59,59,60,60,61,60,61,60,60,59,60,60,60,61,61,60,61
60,57,60,60,60,60,58,60,57,60,56,55,55,56,60,60,60,60,59,60,60,59,60,60,60,59,57,59,59,60,59,59,60,59,59,60,60,61,60,61,60,60,59,60,60,60,61,61,60,61
60,57,60,60,60,60,58,60,57,60,56,55,55,56,60,60,60,60,59,60,60,59,60,60,60,59,57,59,59,60,59,59,60,59,59,60,60,61,60,61,60,60,59,60,60,60,61,61,60,61
60,57,60,60,60,60,58,60,57,60,56,55,55,56,60,60,60,60,59,60,60,59,60,60,60,59,57,59,59,60,59,59,60,59,59,60,60,61,60,61,60,60,59,60,60,60,61,61,60,61
60,57,60,60,60,60,58,60,57,60,56,55,55,56,60,60,60,60,59,60,60,59,60,60,60,59,57,59,59,60,59,59,60,59,59,60,60,61,60,61,60,60,59,60,60,60,61,61,60,61
60,57,60,60,60,60,58,60,57,60,56,55,55,56,60,60,60,60,59,60,60,59,60,60,60,59,57,59,59,60,59,59,60,59,59,60,60,61,60,61,60,60,59,60,60,60,61,61,60,61
60,57,60,60,60,60,58,60,57,60,56,55,55,56,60,60,60,60,59,60,60,59,60,60,60,59,57,59,59,60,59,59,60,59,59,60,60,61,60,61,60,60,59,60,60,60,61,61,60,61
60,57,60,60,60,60,58,60,57,60,56,55,55,56,60,60,60,60,59,60,60,59,60,60,60,59,57,59,59,60,59,59,60,59,59,60,60,61,60,61,60,60,59,60,60,60,61,61,60,61
60,57,60,60,60,60,58,60,57,60,56,55,55,56,60,60,60,60,59,60,60,59,60,60,60,59,57,59,59,60,59,59,60,59,59,60,60,61,60,61,60,60,59,60,60,60,61,61,60,61
60,57,60,60,60,60,58,60,57,60,56,55,55,56,60,60,60,60,59,60,60,59,60,60,60,59,57,59,59,60,59,59,60,59,59,60,60,61,60,61,60,60,59,60,60,60,61,61,60,61
60,57,60,60,60,60,58,60,57,60,56,55,55,56,60,60,60,60,59,60,60,59,60,60,60,59,57,59,59,60,59,59,60,59,59,60,60,61,60,61,60,60,59,60,60,60,61,61,60,61
60,57,60,60,60,60,58,60,57,60,56,55,55,56,60,60,60,60,59,60,60,59,60,60,60,59,57,59,59,60,59,59,60,59,59,60,60,61,60,61,60,60,59,60,60,60,61,61,60,61
60,57,60,60,60,60,58,60,57,60,56,55,55,56,60,60,60,60,59,60,60,59,60,60,60,59,57,59,59,60,59,59,60,59,59,60,60,61,60,61,60,60,59,60,60,60,61,61,60,61
60,57,60,60,60,60,58,60,57,60,56,55,55,56,60,60,60,60,59,60,60,59,60,60,60,59,57,59,59,60,59,59,60,59,59,60,60,61,60,61,60,60,59,60,60,60,61,61,60,61
60,57,60,60,60,60,58,60,57,60,56,55,55,57,60,60,60,60,59,60,60,59,60,60,60,59,57,59,59,60,59,59,60,59,59,60,60,61,60,61,60,60,59,60,60,60,61,61,60,61
60,57,60,60,60,60,58,60,57,60,56,55,55,57,60,60,60,60,59,60,60,59,60,60,60,59,57,59,59,60,59,59,60,59,59,60,60,61,60,61,60,60,59,60,60,60,61,61,60,61
60,57,60,60,60,60,58,60,57,60,56,55,55,57,60,60,60,60,59,60,60,59,60,60,60,59,57,59,59,60,59,59,60,59,59,60,60,61,60,61,60,60,59,60,60,60,61,61,60,61
60,57,60,60,60,60,58,60,57,60,56,55,55,57,60,60,60,60,59,60,60,59,60,60,60,59,57,59,59,60,59,59,60,59,59,60,60,61,60,61,60,60,59,60,60,60,61,61,60,61
60,57,60,60,60,60,58,60,57,60,56,55,55,57,60,60,60,60,59,60,60,59,60,60,60,59,57,59,59,60,59,59,60,59,59,60,60,61,60,61,60,60,59,60,60,60,61,61,60,61
60,58,60,60,60,60,58,60,57,60,56,56,55,57,60,60,60,60,59,60,60,59,60,60,60,59,57,59,59,60,59,59,60,59,59,60,60,61,60,61,60,60,59,60,60,60,61,61,60,61
60,58,60,60,60,60,58,60,57,60,56,56,55,57,60,60,60,60,59,60,60,59,60,60,60,59,57,59,59,60,59,59,60,59,59,60,60,61,60,61,60,60,59,60,60,60,61,61,60,61
60,58,60,60,60,60,58,60,57,60,56,56,55,57,60,60,60,60,59,60,60,59,60,60,60,59,57,59,59,60,59,59,60,59,59,60,60,61,60,61,60,60,59,60,60,60,61,61,60,61
60,58,60,60,60,60,58,60,57,60,56,56,56,57,60,60,60,60,59,60,60,59,60,60,60,59,57,59,59,60,59,59,60,59,59,60,60,61,60,61,60,60,59,60,60,60,61,61,60,61
60,58,60,60,60,60,58,60,57,60,57,56,56,57,60,60,60,60,59,60,60,59,60,60,60,59,58,59,59,60,59,59,60,59,59,60,60,61,60,61,60,60,59,60,60,60,61,61,60,61
60,58,60,60,60,60,58,60,58,60,57,56,56,57,60,60,60,60,59,60,60,59,60,60,60,59,58,59,59,60,59,59,60,59,59,60,60,61,60,61,60,60,59,60,60,60,61,61,60,61
60,58,60,60,60,60,58,60,58,60,57,57,56,57,59,60,60,60,59,60,60,59,60,60,60,59,58,59,59,60,59,59,60,59,59,60,60,61,60,61,60,60,60,60,60,60,61,61,60,61
60,58,60,60,60,60,58,60,58,60,57,57,56,58,59,60,60,60,59,60,60,59,60,60,60,59,58,59,59,60,59,59,60,59,59,60,60,61,60,61,60,60,60,60,60,60,61,61,60,61
60,58,60,60,60,60,58,60,58,60,57,57,57,58,59,60,60,60,59,60,60,59,60,60,60,59,58,59,59,60,59,59,60,59,59,60,60,61,60,61,60,60,60,60,60,60,61,61,60,61
60,58,59,60,60,60,58,60,58,59,57,58,57,58,59,60,60,60,59,60,60,59,60,60,60,59,58,59,60,60,59,59,60,59,60,60,60,61,60,61,60,60,60,60,60,60,61,61,60,61
60,59,59,60,60,60,58,60,58,59,57,58,57,58,59,60,60,60,60,60,60,59,60,60,60,59,58,59,60,60,60,59,60,60,60,60,60,61,60,61,60,60,60,60,60,60,61,61,60,61
60,59,59,60,60,60,58,60,59,59,58,58,57,58,58,60,60,60,60,60,60,60,60,60,60,59,59,59,60,60,60,59,60,60,60,60,60,61,60,60,60,60,60,60,60,60,61,61,60,61
60,59,59,60,60,60,58,60,59,59,58,58,57,58,58,60,60,60,60,59,60,60,60,60,60,60,59,59,60,60,60,59,60,60,59,60,60,61,60,60,60,60,60,60,60,60,61,61,60,61
60,59,59,60,60,60,59,60,59,58,58,59,57,57,58,60,60,60,60,59,60,60,60,60,60,60,59,59,60,59,60,59,59,60,59,60,60,60,60,60,60,60,60,60,60,60,61,61,60,60
60,59,58,60,60,60,59,59,59,58,59,58,57,57,58,60,60,60,60,59,60,60,60,60,60,60,59,58,60,59,60,59,59,60,59,60,60,60,61,60,61,60,60,60,60,60,61,61,60,60
60,60,58,60,60,60,59,59,60,58,59,58,56,57,57,60,60,60,60,59,60,60,60,60,60,60,59,58,59,59,60,59,59,60,59,60,60,60,61,60,61,60,60,60,60,60,61,61,60,60
61,60,58,60,60,60,59,59,60,58,59,58,56,56,57,60,60,60,60,59,60,60,60,60,60,60,60,58,59,59,60,59,59,60,59,59,60,60,61,60,61,60,60,60,60,60,61,61,61,60
60,60,58,60,60,60,59,59,60,57,59,57,56,56,57,60,60,60,60,59,60,60,59,60,60,60,60,58,59,59,60,59,59,60,59,59,60,60,61,60,61,60,60,60,60,60,61,61,61,60
61,60,58,60,60,60,60,58,60,57,60,57,55,56,57,60,60,60,60,59,60,60,59,60,60,60,59,57,59,59,60,59,59,60,59,59,60,60,61,60,61,60,60,60,60,60,61,61,61,60
61,60,58,60,60,60,60,58,60,57,60,57,55,56,56,60,60,60,60,59,60,60,59,60,60,60,59,57,59,59,60,59,59,60,59,59,61,61,61,60,61,61,60,60,60,60,61,61,61,60
61,60,58,60,60,60,60,58,60,57,60,57,55,55,56,60,60,60,60,59,60,60,59,60,60,60,59,57,59,59,60,59,59,60,59,59,61,61,61,60,61,61,60,60,60,60,61,61,61,60
60,60,57,60,60,60,60,58,60,57,60,56,55,55,56,60,59,60,60,59,60,60,59,60,60,60,59,57,59,59,60,59,59,60,59,59,60,60,61,60,61,60,60,59,60,60,61,61,61,60
60,60,57,60,60,60,60,58,60,57,60,56,55,55,56,59,59,60,60,59,60,60,59,60,60,60,59,57,59,59,60,59,59,60,59,59,60,60,61,60,61,60,60,59,60,60,60,61,61,60
60,60,57,60,60,60,60,58,60,57,60,56,55,55,56,59,59,60,60,59,60,60,59,60,60,60,59,57,59,59,60,59,59,60,59,59,60,60,61,60,61,60,60,59,60,60,60,61,61,60
60,60,57,60,60,60,60,58,60,57,60,56,55,55,56,59,59,60,60,59,60,60,59,60,60,60,59,57,59,59,60,59,59,60,59,59,60,60,61,60,61,60,60,59,60,60,60,61,61,60
60,60,57,60,60,60,60,58,60,57,60,56,55,55,56,59,59,60,60,59,60,60,59,60,60,60,59,57,59,59,60,59,59,60,59,59,60,60,61,60,61,60,60,59,60,60,60,61,61,60
60,60,57,60,60,60,60,58,60,57,60,56,55,55,56,59,59,60,60,59,60,60,59,60,60,60,59,57,59,59,60,59,59,60,59,59,60,60,61,60,61,60,60,59,60,60,60,61,61,60
60,60,57,60,60,60,60,58,60,57,60,56,55,55,56,59,59,60,60,59,60,60,59,60,60,60,59,57,59,59,60,59,59,60,59,59,60,60,61,60,61,60,60,59,60,60,60,61,61,60
60,60,57,60,60,60,60,58,60,57,60,56,55,55,56,59,59,60,60,59,60,60,59,60,60,60,59,57,59,59,60,59,59,60,59,59,60,60,61,60,61,60,60,59,60,60,60,61,61,60
60,60,57,60,60,60,60,58,60,57,60,56,55,55,56,59,59,60,60,59,60,60,59,60,60,60,59,57,59,59,60,59,59,60,59,59,60,60,61,60,61,60,60,59,60,60,60,61,61,60
60,60,57,60,60,60,60,58,60,57,60,56,55,55,56,59,59,60,60,59,60,60,59,60,60,60,59,57,59,59,60,59,59,60,59,59,60,60,61,60,61,60,60,59,60,60,60,61,61,60
60,60,57,60,60,60,60,58,60,57,60,56,55,55,56,59,59,60,60,59,60,60,59,60,60,60,59,57,59,59,60,59,59,60,59,59,60,60,61,60,61,60,60,59,60,60,60,61,61,60
60,60,57,60,60,60,60,58,60,57,60,56,55,55,56,59,59,60,60,59,60,60,59,60,60,60,59,57,59,59,60,59,59,60,59,59,60,60,61,60,61,60,60,59,60,60,60,61,61,60
60,60,57,60,60,60,60,58,60,57,60,56,55,55,56,59,59,60,60,59,60,60,59,60,60,60,59,57,59,59,60,59,59,60,59,59,60,60,61,60,61,60,60,59,60,60,60,61,61,60
60,60,57,60,60,60,60,58,60,57,60,56,55,55,56,59,59,60,60,59,60,60,59,60,60,60,59,57,59,59,60,59,59,60,59,59,60,60,61,60,61,60,60,59,60,60,60,61,61,60
60,60,57,60,60,60,60,58,60,57,60,56,55,55,56,59,59,60,60,59,60,60,59,60,60,60,59,57,59,59,60,59,59,60,59,59,60,60,61,60,61,60,60,59,60,60,60,61,61,60
60,60,57,60,60,60,60,58,60,57,60,56,55,55,56,59,59,60,60,59,60,60,59,60,60,60,59,57,59,59,60,59,59,60,59,59,60,60,61,60,61,60,60,59,60,60,60,61,61,60
60,60,57,60,60,60,60,58,60,57,60,56,55,55,56,59,59,60,60,59,60,60,59,60,60,60,59,57,59,59,60,59,59,60,59,59,60,60,61,60,61,60,60,59,60,60,60,61,61,60
60,60,57,60,60,60,60,58,60,57,60,56,55,55,56,59,59,60,60,59,60,60,59,60,60,60,59,57,59,59,60,59,59,60,59,59,60,60,61,60,61,60,60,59,60,60,60,61,61,60
60,60,57,60,60,60,60,58,60,57,60,56,55,55,56,59,59,60,60,59,60,60,59,60,60,60,59,57,59,59,60,59,59,60,59,59,61,61,61,60,61,61,60,59,60,60,61,61,61,60
60,60,57,60,60,60,60,58,60,57,60,56,55,55,56,59,59,60,60,59,60,60,59,60,60,60,59,57,59,59,60,59,59,60,59,59,60,60,61,60,61,60,60,59,60,60,61,61,61,60
60,60,57,60,60,60,60,58,60,57,60,56,55,55,56,59,59,60,60,59,60,60,59,60,60,60,59,57,59,59,60,59,59,60,59,59,60,60,61,60,61,60,60,59,60,60,60,61,61,60
60,60,57,60,60,60,60,58,60,57,60,56,55,55,56,59,59,60,60,59,60,60,59,60,60,60,59,57,59,59,60,59,59,60,59,59,60,60,61,60,61,60,60,59,60,60,60,61,61,60
60,60,57,60,60,60,60,58,60,57,60,56,55,55,56,59,59,60,60,59,60,60,59,60,60,60,59,57,59,59,60,59,59,60,59,59,60,60,61,60,61,60,60,59,60,60,60,61,61,60
60,60,57,60,60,60,60,58,60,57,60,56,55,55,56,59,59,60,60,59,60,60,59,60,60,60,59,57,59,59,60,59,59,60,59,59,60,60,61,60,61,60,60,59,60,60,60,61,61,60
60,60,57,60,60,60,60,58,60,57,60,56,55,55,56,59,59,60,60,59,60,60,59,60,60,60,59,57,59,59,60,59,59,60,59,59,60,60,61,60,61,60,60,59,60,60,60,61,61,60
60,60,57,60,60,60,60,58,60,57,60,56,55,55,56,59,59,60,60,59,60,60,59,60,60,60,59,57,59,59,60,59,59,60,59,59,60,60,61,60,61,60,60,59,60,60,60,61,61,60
60,60,57,60,60,60,60,58,60,57,60,56,55,55,56,59,59,60,60,59,60,60,59,60,60,60,59,57,59,59,60,59,59,60,59,59,60,60,61,60,61,60,60,59,60,60,60,61,61,60
60,60,57,60,60,60,60,58,60,57,60,56,55,55,56,59,59,60,60,59,60,60,59,60,60,60,59,57,59,59,60,59,59,60,59,59,60,60,61,60,61,60,60,59,60,60,60,61,61,60
60,60,57,60,60,60,60,58,60,57,60,56,55,55,56,59,59,60,60,59,60,60,59,60,60,60,59,57,59,59,60,59,59,60,59,59,60,60,61,60,61,60,60,59,60,60,60,61,61,60
60,60,57,60,60,60,60,58,60,57,60,56,55,55,56,59,59,60,60,59,60,60,59,60,60,60,59,57,59,59,60,59,59,60,59,59,60,60,61,60,61,60,60,59,60,60,60,61,61,60
60,60,57,60,60,60,60,58,60,57,60,56,55,55,57,59,59,60,60,59,60,60,59,60,60,60,59,57,59,59,60,59,59,60,59,59,60,60,61,60,61,60,60,59,60,60,60,61,61,60
60,60,57,60,60,60,60,58,60,57,60,56,56,55,57,59,59,60,60,59,60,60,59,60,60,60,59,57,59,59,60,59,59,60,59,59,60,60,61,60,61,60,60,59,60,60,60,61,61,60
60,60,58,60,60,60,60,58,60,57,60,56,56,55,57,59,59,60,60,59,60,60,59,60,60,60,59,57,59,59,60,59,59,60,59,59,60,60,61,60,61,60,60,59,60,60,60,61,61,60
60,60,58,60,60,60,60,58,60,57,60,56,56,55,57,59,59,60,60,59,60,60,59,60,60,60,59,57,59,59,60,59,59,60,59,59,60,60,61,60,61,60,60,59,60,60,60,61,61,60
60,60,58,60,60,60,60,58,60,57,60,56,56,55,57,59,59,60,60,59,60,60,59,60,60,60,59,57,59,59,60,59,59,60,59,59,60,60,61,60,61,60,60,59,60,60,60,61,61,60
60,60,58,60,60,60,60,58,60,57,60,56,56,56,57,59,59,60,60,59,60,60,59,60,60,60,59,57,59,59,60,59,59,60,59,59,60,60,61,60,61,60,60,59,60,60,60,61,61,60
60,60,58,60,60,60,60,58,60,57,60,57,56,56,57,59,59,60,60,59,60,60,59,60,60,59,59,57,59,59,60,59,59,60,59,59,60,60,61,60,61,60,60,59,60,60,60,61,60,60
60,60,58,60,60,60,60,58,60,58,60,57,56,56,57,59,59,60,60,59,60,60,59,60,60,59,59,58,59,59,60,59,59,60,59,59,60,60,61,60,61,60,60,59,60,60,60,61,60,60
60,60,58,60,60,60,60,58,60,58,60,57,57,56,57,59,59,60,60,59,60,60,59,60,60,59,59,58,59,59,60,59,59,60,59,59,60,60,61,60,61,60,60,59,60,60,60,61,60,60
60,60,58,60,60,60,60,58,60,58,60,57,57,56,57,59,59,60,60,59,60,60,59,60,60,60,59,58,59,59,60,59,59,60,59,59,60,60,61,60,61,60,60,59,60,60,60,60,60,60
60,60,58,60,60,60,60,58,60,58,60,57,57,57,58,59,59,60,60,59,60,60,59,60,60,60,59,58,59,59,60,59,59,60,59,59,60,60,61,60,61,60,60,60,60,60,60,60,60,60
60,60,58,60,60,60,60,58,60,58,60,57,58,57,58,59,59,60,60,59,60,60,59,60,60,60,59,58,59,60,60,59,59,60,59,60,60,60,60,60,60,60,60,60,60,60,60,60,60,60
60,60,58,60,60,60,60,58,60,59,60,57,58,57,58,59,60,60,60,60,60,60,59,60,60,60,59,58,59,60,60,60,59,60,60,60,60,60,60,60,61,60,60,60,60,60,60,60,60,60
60,60,59,60,60,60,60,58,60,59,60,58,58,57,58,59,60,60,60,60,60,60,59,60,60,60,59,59,59,60,60,60,59,60,60,60,60,60,60,60,61,60,60,60,60,60,60,60,60,60
60,60,59,60,60,60,60,58,60,59,60,58,59,58,58,59,60,60,60,60,60,60,60,60,60,60,60,59,59,60,60,60,60,60,60,60,60,60,60,60,61,60,60,60,60,60,60,60,60,60
60,60,59,60,60,60,60,58,60,59,60,58,59,58,58,59,60,60,60,60,60,60,60,60,60,60,60,59,59,60,60,60,60,60,60,60,60,60,60,60,60,60,60,60,60,60,60,60,60,60
60,60,60,60,60,60,60,59,60,60,60,59,59,58,57,59,60,60,60,60,60,60,60,60,60,60,60,59,60,60,60,60,60,60,60,60,60,61,61,60,61,60,60,60,60,60,60,60,60,60
60,60,60,60,60,60,60,59,60,60,60,59,60,58,57,59,60,60,60,60,60,60,60,60,60,60,60,60,60,60,60,60,60,60,60,60,60,61,61,61,60,60,60,60,60,60,60,60,61,60
60,60,60,60,60,60,60,59,60,60,60,59,60,58,57,59,60,60,60,60,60,60,60,60,61,60,60,60,60,60,60,60,60,60,60,60,60,60,61,61,60,60,60,60,60,60,60,61,61,61
60,61,60,60,60,61,60,60,60,60,60,60,59,58,57,59,60,60,60,61,61,61,60,60,61,60,60,60,60,60,60,60,60,60,60,60,61,61,61,61,61,61,61,60,60,61,61,61,61,61
60,61,60,60,60,60,60,60,60,60,60,60,59,58,57,59,60,60,60,60,60,60,60,60,61,60,60,60,60,60,60,60,60,60,60,60,60,60,61,60,61,60,61,60,60,60,61,61,60,62
60,61,60,60,61,61,61,60,60,60,60,60,59,58,57,59,60,60,60,60,60,61,60,60,61,60,60,60,60,60,60,60,60,60,60,60,60,60,61,61,61,60,60,60,60,61,60,61,61,61
60,61,60,60,61,61,61,60,61,61,60,60,59,58,57,59,60,61,61,61,61,61,60,61,61,61,61,60,60,61,61,61,61,61,60,61,61,61,61,61,61,61,61,61,60,61,61,61,61,61
60,61,60,60,61,61,60,60,60,60,60,60,59,58,57,59,61,60,61,61,61,61,61,60,61,61,60,60,60,60,61,60,61,61,60,60,61,61,61,61,61,61,61,61,60,60,61,61,61,61
60,61,60,60,61,61,61,60,60,61,60,60,59,58,57,59,60,60,61,61,61,60,60,60,61,60,60,60,60,61,61,61,60,61,61,60,61,61,61,61,61,61,60,60,60,60,61,61,61,61
60,61,61,60,61,61,61,60,61,61,60,60,59,58,56,59,61,61,61,61,61,61,61,61,61,61,60,60,60,61,61,61,61,61,61,61,61,61,61,61,61,61,61,61,60,61,61,61,61,61
60,61,61,60,61,61,61,60,61,61,60,61,59,58,56,59,61,61,61,61,61,61,61,61,61,61,61,60,60,61,61,61,61,61,61,61,61,61,62,61,61,61,61,61,61,61,61,61,61,61
60,61,61,60,61,61,61,60,60,61,60,60,59,58,56,59,61,61,61,61,61,61,61,61,61,62,61,60,60,61,61,61,61,61,61,61,61,61,61,61,61,61,61,61,61,61,61,61,61,61
60,61,61,60,61,61,61,61,60,61,60,60,59,58,56,59,61,61,61,62,61,61,61,61,61,61,61,61,60,61,61,61,61,61,61,61,61,61,62,61,61,63,61,61,61,61,61,61,61,61
60,62,61,59,61,61,61,61,60,61,59,60,59,58,56,58,61,61,61,61,61,61,61,61,61,61,61,61,59,61,61,61,61,61,61,61,61,61,63,61,61,63,61,61,61,61,61,61,61,61
60,61,61,59,61,61,61,61,60,61,59,61,58,57,56,58,61,61,61,61,61,61,61,61,61,61,61,61,59,61,61,61,61,61,61,60,61,61,61,61,61,62,61,61,61,61,61,61,61,61
59,61,62,59,61,61,61,61,59,61,59,61,58,57,56,58,61,61,61,61,61,61,61,61,61,61,61,61,59,61,61,61,61,61,61,60,61,61,61,61,61,62,61,61,61,61,61,61,61,61
59,61,62,59,61,61,61,61,59,61,59,61,58,57,56,58,61,61,61,61,60,61,61,61,61,61,61,61,58,60,60,61,60,60,61,60,61,61,61,61,61,61,61,61,61,61,61,61,61,62
59,61,61,58,61,61,61,61,59,61,58,61,58,57,56,57,61,61,61,61,60,61,61,60,61,61,61,61,58,60,60,61,60,60,61,60,61,61,61,61,61,61,61,61,61,61,61,61,61,62
58,61,61,58,61,61,61,61,58,61,58,61,57,56,56,57,60,60,61,61,60,61,61,60,61,61,60,60,58,60,60,61,60,60,61,59,60,61,61,62,61,61,61,61,60,61,61,61,61,61
58,61,61,58,61,61,61,60,58,61,58,61,57,56,55,57,60,60,61,60,60,61,60,60,61,61,60,60,58,59,60,61,59,59,61,59,60,61,61,61,61,61,61,61,60,60,61,61,61,61
58,61,61,58,61,60,61,61,58,61,58,61,57,56,55,57,60,60,61,60,59,61,60,60,61,61,60,60,58,59,59,61,59,59,61,59,60,61,61,61,61,61,61,61,60,60,61,61,61,61
58,61,61,58,61,60,61,60,58,61,58,61,57,56,55,57,60,60,61,60,59,61,60,60,61,61,60,60,57,59,59,60,59,59,61,59,60,61,61,61,61,61,61,60,60,60,61,61,61,61
58,61,61,58,61,60,61,61,58,61,58,61,57,56,55,57,60,60,61,60,59,61,60,60,61,61,60,60,57,59,59,60,59,59,61,59,60,61,61,61,61,61,61,61,60,60,61,61,61,61
58,61,61,57,61,60,60,61,58,60,57,60,57,56,55,56,60,60,60,60,59,60,60,59,60,61,60,60,57,59,59,60,59,59,61,59,60,61,61,61,61,61,61,60,60,60,61,61,61,61
57,60,60,57,60,60,60,60,58,60,57,60,56,55,55,56,59,59,60,60,59,60,60,59,60,60,60,59,57,59,59,60,59,59,60,59,59,60,60,61,60,61,60,60,59,60,60,61,61,61
57,60,60,57,60,60,60,60,57,60,57,60,56,55,55,56,59,59,60,60,59,60,59,59,60,60,59,59,57,58,59,60,59,59,60,58,59,60,60,61,60,61,60,60,59,60,60,60,61,61
57,60,60,57,60,60,60,60,57,60,57,60,56,55,55,56,59,59,60,60,59,60,59,59,60,60,59,59,57,58,59,60,59,59,60,58,59,60,60,61,60,61,60,60,59,60,60,60,61,61
57,60,60,57,60,60,60,60,57,60,57,60,56,55,55,56,59,59,60,60,59,60,60,59,60,60,59,59,57,59,59,60,59,59,60,58,59,60,60,61,60,61,60,60,59,60,60,60,61,61
57,61,60,57,60,60,60,60,58,60,57,60,56,55,55,56,59,59,60,60,59,60,60,59,60,60,60,59,57,59,59,60,59,59,60,59,59,61,61,61,60,61,61,60,59,60,60,61,61,61
57,60,60,57,60,60,60,60,58,60,57,60,56,55,55,56,59,59,60,60,59,60,60,59,60,60,60,59,57,59,59,60,59,59,60,59,59,61,61,61,60,61,61,60,59,60,60,61,61,61
57,61,60,57,60,60,60,60,58,60,57,60,56,55,55,56,60,59,60,60,59,60,60,59,60,60,60,59,57,59,59,60,59,59,60,58,59,61,61,61,60,61,61,60,59,60,61,61,61,61
58,61,61,57,60,60,60,60,58,60,57,60,56,55,55,56,60,60,60,60,59,60,60,59,60,60,60,59,57,59,59,60,59,59,60,59,59,61,61,61,60,61,61,60,60,60,61,61,61,61
58,61,61,57,60,60,60,60,58,60,57,60,56,55,55,56,60,60,60,60,59,60,60,59,60,60,60,60,57,59,59,60,59,59,61,58,59,61,61,61,61,61,61,60,60,60,61,61,61,61
58,61,61,57,60,60,60,60,58,60,57,60,57,55,55,56,60,60,60,60,59,60,60,59,60,60,60,60,57,59,59,60,59,59,61,59,60,61,61,61,61,61,61,60,60,60,61,61,61,61
58,61,61,57,60,60,60,60,58,60,57,60,56,55,55,56,60,60,60,60,59,60,60,59,60,60,60,59,57,59,59,60,59,59,60,58,59,61,61,61,61,61,60,60,59,60,61,61,61,61
58,61,61,57,60,60,60,60,58,60,57,60,56,55,55,56,60,60,60,60,59,60,60,59,60,60,60,59,57,59,59,60,59,59,60,59,59,61,61,61,61,61,61,60,59,60,61,61,61,61
58,61,61,57,60,60,60,60,58,60,57,60,56,55,55,56,60,60,60,60,59,60,60,59,60,60,60,59,57,59,59,60,59,59,60,59,59,61,61,61,60,61,61,60,59,60,61,61,61,61
57,60,60,57,60,60,60,60,58,60,57,60,56,55,55,56,59,59,60,60,59,60,60,59,60,60,60,59,57,58,59,60,59,59,60,59,59,61,61,61,60,61,61,60,59,60,60,61,61,61
57,60,60,57,60,60,60,60,58,60,57,60,56,56,55,57,59,59,60,60,59,60,60,59,60,60,60,59,57,58,59,60,59,59,60,59,59,61,61,61,60,61,61,60,59,60,60,61,61,61
57,60,60,57,60,60,60,60,58,60,57,60,56,56,55,57,59,59,60,60,59,60,59,59,60,60,60,59,57,58,59,60,59,59,60,59,59,61,61,61,60,61,61,60,59,60,60,61,61,61
57,60,60,58,60,60,60,60,57,60,57,60,56,56,55,57,59,59,60,60,59,60,59,59,60,60,59,59,57,58,59,60,59,59,60,59,59,60,60,61,60,61,60,60,59,60,60,60,61,61
57,60,60,58,60,60,60,60,57,60,57,60,56,56,55,57,59,59,60,60,59,60,59,59,60,60,59,59,57,58,59,60,59,59,60,59,59,60,60,61,60,61,60,60,59,60,60,60,61,61
57,60,60,58,60,60,60,60,57,60,57,60,57,56,56,57,59,59,60,60,59,60,60,59,60,60,59,59,57,59,59,60,59,59,60,59,59,60,60,61,60,61,60,60,59,60,60,60,61,61
57,60,60,58,60,60,60,60,58,60,57,60,57,56,56,57,59,59,60,60,59,60,60,59,60,60,59,59,58,59,59,60,59,59,60,59,59,60,61,61,60,61,60,60,59,60,60,61,61,61
58,60,60,58,60,60,60,60,58,60,58,60,57,57,56,57,59,59,60,60,59,60,60,59,60,60,59,59,58,59,59,60,59,59,60,59,59,60,61,61,60,61,60,60,59,60,60,60,61,60
58,60,60,58,60,60,60,60,58,60,58,60,57,57,56,57,59,59,60,60,59,60,60,59,60,60,60,59,58,59,59,60,59,59,60,59,59,60,60,61,60,61,60,60,59,60,60,60,61,60
58,60,60,58,60,60,60,60,58,60,58,60,57,57,57,58,59,59,60,60,59,60,60,59,60,60,60,59,58,59,59,60,59,59,60,59,59,60,61,61,60,61,60,60,60,60,60,60,61,60
58,60,60,58,60,60,60,60,58,60,58,60,57,58,57,58,59,59,60,60,59,60,60,59,60,60,60,59,58,59,60,60,59,59,60,59,60,60,61,61,60,61,60,60,60,60,60,61,61,61
58,60,60,59,60,60,60,60,58,60,59,59,57,58,57,57,59,60,60,60,60,60,60,59,60,60,60,59,58,59,60,60,60,59,60,60,60,60,60,61,60,61,60,60,60,60,60,61,61,60
58,60,60,59,59,60,60,60,58,60,59,59,58,58,57,57,59,60,60,60,60,60,60,59,60,60,60,59,59,59,60,60,60,59,60,60,60,60,60,60,60,61,60,60,60,60,60,60,60,60
59,60,60,59,59,60,60,60,58,60,59,59,58,59,58,57,58,60,60,60,60,60,60,60,60,60,60,60,59,59,60,60,60,60,60,60,60,60,60,60,60,61,60,60,60,60,60,60,61,60
59,60,60,59,59,60,60,60,59,60,59,59,58,59,57,57,58,60,60,60,60,60,60,60,60,60,60,60,59,59,60,60,60,60,60,60,60,60,61,61,61,61,61,60,60,60,60,60,61,61
59,60,60,60,59,60,60,60,59,60,60,59,59,59,57,57,58,60,60,60,60,60,60,60,60,60,60,60,59,59,60,60,60,60,60,60,60,60,61,61,60,61,60,60,60,60,60,60,60,60
59,60,61,60,59,60,60,60,59,60,60,59,59,59,57,57,58,60,60,60,60,60,60,60,60,61,60,60,60,59,60,60,60,60,60,60,60,61,61,61,61,61,61,60,60,60,60,60,61,61
60,59,61,60,59,61,60,60,59,60,60,59,59,59,57,57,58,60,60,60,61,60,61,60,60,61,60,60,60,59,60,60,60,60,60,60,60,61,61,61,61,61,61,60,60,60,61,60,61,61
60,59,61,60,59,60,61,60,60,60,60,59,60,58,57,57,58,60,60,60,61,60,61,60,60,61,60,60,60,59,60,60,60,60,60,60,60,61,61,61,61,61,61,61,60,60,61,61,61,61
60,59,61,60,59,61,61,61,60,60,60,59,60,58,57,57,58,60,60,60,61,60,61,60,60,61,60,60,60,59,60,60,61,60,60,60,60,61,61,61,61,61,61,61,60,60,61,61,61,61
60,59,61,60,59,61,61,61,60,60,60,59,60,58,57,57,58,60,61,60,61,60,61,60,60,61,61,60,60,58,60,60,60,60,60,60,60,61,61,61,61,61,61,61,60,60,61,61,61,61
60,59,61,60,59,61,61,61,60,59,60,59,60,58,57,56,58,60,61,61,61,60,61,60,61,61,61,61,60,58,60,60,61,60,60,60,60,61,61,61,61,61,61,61,61,60,61,61,61,61
60,59,61,60,59,61,61,61,60,59,61,59,60,58,57,56,58,61,61,61,61,60,61,61,61,61,61,61,60,58,60,60,61,60,60,61,60,61,61,61,61,61,61,61,61,60,61,61,61,61
60,59,61,60,59,61,61,61,60,59,61,59,61,58,57,56,57,61,60,61,61,60,61,61,61,61,61,61,60,58,60,60,61,60,60,61,60,61,61,61,61,61,61,61,61,60,61,61,61,61
60,59,61,61,59,61,61,61,60,59,61,58,61,58,57,56,57,61,61,61,61,60,61,61,60,61,61,60,60,58,60,60,61,60,60,61,60,61,61,61,61,61,61,61,61,61,61,61,61,61
60,59,61,61,58,61,61,61,60,59,61,58,61,58,57,56,57,61,61,61,61,60,61,61,60,61,61,61,60,58,60,60,61,60,60,61,60,61,61,62,61,61,61,61,61,61,61,61,61,61
60,59,61,61,58,61,61,61,60,59,61,58,60,58,56,56,57,61,61,61,61,60,61,61,60,61,61,61,60,58,60,60,61,60,60,61,60,61,61,61,61,61,61,61,61,61,61,61,61,61
60,59,61,61,58,61,61,61,61,59,61,58,60,57,56,56,57,61,61,61,61,60,61,61,60,61,61,61,60,58,60,60,61,60,60,61,60,60,61,62,61,61,62,61,61,61,61,61,61,61
60,58,61,61,58,61,61,61,61,58,61,58,60,57,56,55,57,60,60,61,61,60,61,60,60,61,61,60,60,58,59,60,61,59,59,61,59,60,61,61,61,61,61,61,61,60,60,61,61,61
60,58,61,61,58,61,60,61,61,58,61,58,61,57,56,55,57,60,60,61,60,59,61,60,60,61,61,60,60,57,59,59,60,59,59,61,59,60,61,61,61,61,61,61,61,60,60,61,61,61
59,58,61,61,58,61,60,61,61,58,61,57,61,57,56,55,56,60,60,61,60,59,61,60,60,60,61,60,60,57,59,59,60,59,59,61,59,60,61,61,61,61,61,61,60,60,60,61,61,61
59,58,61,61,57,60,60,60,60,58,60,57,60,56,55,55,56,60,60,60,60,59,60,60,59,60,60,60,59,57,59,59,60,59,59,60,59,59,61,61,61,61,61,61,60,59,60,61,61,61
59,57,61,61,57,60,60,60,60,58,60,57,60,56,55,55,56,60,59,60,60,59,60,60,59,60,60,60,59,57,59,59,60,59,59,60,59,59,61,61,61,60,61,61,60,59,60,61,61,61
59,57,61,60,57,60,60,60,60,58,60,57,60,56,55,55,56,59,59,60,60,59,60,60,59,60,60,60,59,57,59,59,60,59,59,60,59,59,61,61,61,60,61,61,60,59,60,60,61,61
59,57,60,60,57,60,60,60,60,57,60,57,60,56,55,55,56,59,59,60,60,59,60,60,59,60,60,59,59,57,58,59,60,59,59,60,58,59,61,61,61,60,61,61,60,59,60,60,61,61
59,57,60,60,57,60,60,60,60,57,60,57,60,56,55,55,56,59,59,60,60,59,60,60,59,60,60,59,59,57,58,59,60,59,59,60,58,59,61,61,61,60,61,61,60,59,59,60,61,61
59,57,60,60,57,60,60,60,60,57,60,57,60,56,55,54,56,59,59,60,60,59,60,59,59,60,60,59,59,57,58,59,60,58,58,60,58,59,60,60,61,60,61,60,60,59,59,60,60,61
59,57,60,60,57,60,60,60,60,57,60,57,60,56,55,54,56,59,59,60,60,59,60,59,59,60,60,59,59,57,58,59,60,58,58,60,58,59,60,60,61,60,61,60,60,59,59,60,60,61
59,57,60,60,57,60,60,60,60,57,60,57,60,56,55,54,56,59,59,60,60,59,60,59,59,60,60,59,59,57,58,59,60,58,58,60,58,59,60,60,61,60,61,60,60,59,59,60,60,61
59,57,60,60,57,60,60,60,60,57,60,57,60,56,55,54,56,59,59,60,60,59,60,59,59,60,60,59,59,57,58,59,60,58,58,60,58,59,60,60,61,60,61,60,60,59,59,60,60,61
59,57,60,60,57,60,60,60,60,57,60,57,60,56,55,54,56,59,59,60,60,59,60,59,59,60,60,59,59,57,58,59,60,58,58,60,58,59,60,60,61,60,61,60,60,59,59,60,60,61
59,57,60,60,57,60,60,60,60,57,60,57,60,56,55,54,56,59,59,60,60,59,60,59,59,60,60,59,59,57,58,59,60,58,58,60,58,59,60,60,61,60,61,60,60,59,59,60,60,61
59,57,60,60,57,60,60,60,60,57,60,57,60,56,55,54,56,59,59,60,60,59,60,59,59,60,60,59,59,57,58,59,60,58,58,60,58,59,60,60,61,60,61,60,60,59,59,60,60,61
59,57,60,60,57,60,60,60,60,57,60,57,60,56,55,54,56,59,59,60,60,59,60,59,59,60,60,59,59,57,58,59,60,58,58,60,58,59,60,60,61,60,61,60,60,59,59,60,60,61
59,57,60,60,57,60,60,60,60,57,60,57,60,56,55,55,56,59,59,60,60,59,60,59,59,60,60,59,59,57,58,59,60,59,59,60,58,59,60,60,61,60,61,60,60,59,59,60,61,61
59,57,60,60,57,60,60,60,60,57,60,57,60,56,55,54,56,59,59,60,60,59,60,59,59,60,60,59,59,57,58,59,60,58,58,60,58,59,60,60,61,60,61,60,60,59,59,60,60,61
59,57,60,60,57,60,60,60,60,57,60,57,60,56,55,54,56,59,59,60,60,59,60,59,59,60,60,59,59,57,58,59,60,58,58,60,58,59,60,60,61,60,61,60,60,59,59,60,60,61
59,57,60,60,57,60,60,60,60,57,60,57,60,56,55,54,56,59,59,60,60,59,60,59,59,60,60,59,59,57,58,59,60,58,58,60,58,59,60,60,61,60,61,60,60,59,59,60,60,61
59,57,60,60,57,60,60,60,60,57,60,57,60,56,55,54,56,59,59,60,60,59,60,59,59,60,60,59,59,57,58,59,60,58,58,60,58,59,60,60,61,60,61,60,60,59,59,60,60,61
59,57,60,60,57,60,60,60,60,57,60,57,60,56,55,54,56,59,59,60,60,59,60,59,59,60,60,59,59,57,58,59,60,58,58,60,58,59,60,60,61,60,61,60,60,59,59,60,60,61
59,57,60,60,57,60,60,60,60,57,60,57,60,56,55,55,56,59,59,60,60,59,60,59,59,60,60,59,59,57,58,59,60,58,58,60,58,59,60,60,61,60,61,60,60,59,59,60,60,61
59,57,60,60,57,60,60,60,60,57,60,57,60,56,55,55,56,59,59,60,60,59,60,59,59,60,60,59,59,57,58,59,60,59,58,60,59,59,60,60,61,60,61,60,60,59,59,60,60,61
59,57,60,60,57,60,60,60,60,57,60,57,60,56,55,55,56,59,59,60,60,59,60,59,59,60,60,59,59,57,58,59,60,59,58,60,59,59,60,60,61,60,61,60,60,59,59,60,60,61
59,57,60,60,57,60,60,60,60,57,60,57,60,56,55,55,57,59,59,60,60,59,60,59,59,60,60,59,59,57,58,59,60,59,59,60,59,59,60,60,61,60,61,60,60,59,59,60,60,61
59,57,60,60,57,60,60,60,60,57,60,57,60,56,56,55,57,59,59,60,60,59,60,59,59,60,60,59,59,57,58,59,60,59,59,60,59,59,60,60,61,60,61,60,60,59,59,60,60,61
59,57,60,60,57,60,60,60,60,57,60,57,60,56,56,55,57,59,59,60,60,59,60,59,59,60,60,59,59,57,58,59,60,59,59,60,59,59,60,60,61,60,61,60,60,59,59,60,61,61
59,57,60,60,58,60,60,60,60,57,60,57,60,56,56,55,57,59,59,60,60,59,60,59,59,60,60,59,59,57,58,59,60,59,59,60,59,59,60,61,61,60,61,60,60,59,59,60,60,61
59,57,60,60,58,60,60,60,60,57,60,57,60,56,56,55,57,59,59,60,59,59,60,59,59,60,60,59,59,57,58,59,60,59,59,60,59,59,60,60,61,60,61,60,60,59,59,60,60,61
59,57,60,60,58,60,60,60,60,57,60,57,60,57,56,56,57,59,59,60,59,59,60,59,59,60,60,59,59,57,58,59,60,59,59,60,59,59,60,60,61,60,61,60,60,59,59,60,60,61
59,57,60,60,58,60,60,60,60,57,60,58,60,57,57,56,57,59,59,60,59,59,60,60,59,60,60,59,59,58,58,59,60,59,59,60,59,59,60,60,61,60,61,60,60,59,59,60,60,60
59,58,60,60,58,60,60,60,60,58,60,58,60,57,57,56,57,59,59,60,59,59,60,60,59,60,60,59,59,58,59,59,60,59,59,60,59,59,60,60,60,60,61,60,60,59,59,60,60,60
59,58,60,60,58,60,60,60,60,58,60,58,60,57,57,56,57,59,59,60,59,59,60,60,59,60,60,59,59,58,59,59,60,59,59,60,59,59,60,60,60,60,60,60,60,59,59,60,60,60
59,58,60,60,58,60,60,60,60,58,60,58,60,57,57,57,57,59,59,60,59,59,60,60,59,60,60,59,59,58,59,59,60,59,59,60,59,59,60,60,60,60,60,60,60,59,59,60,60,60
59,58,60,60,58,60,60,60,60,58,60,58,60,57,58,57,57,59,59,60,60,59,60,60,59,60,60,59,59,58,59,59,60,59,59,60,59,59,60,60,60,60,60,60,60,59,59,60,60,60
59,58,60,60,58,60,60,60,60,58,60,59,60,58,58,57,57,59,59,60,60,60,60,60,59,60,60,60,59,58,59,60,60,60,59,60,59,60,60,60,60,60,60,60,60,60,60,60,60,60
60,59,60,60,59,60,60,60,60,58,60,59,60,58,59,58,57,60,60,60,60,60,60,60,60,60,60,60,59,59,59,60,60,60,59,60,60,60,60,60,60,60,61,60,60,60,60,60,60,60
60,59,60,60,59,60,60,60,60,58,60,59,60,58,59,58,57,60,60,60,60,60,60,60,60,60,60,60,60,59,59,60,60,60,60,60,60,60,60,60,60,60,60,60,60,60,60,60,60,60
60,59,60,60,59,60,60,60,60,59,60,59,60,59,59,58,57,60,60,60,60,60,60,60,60,60,60,60,60,59,59,60,60,60,60,60,60,60,60,60,60,60,60,60,60,60,60,60,60,60
60,59,60,60,60,60,60,60,60,59,60,60,60,59,60,58,57,59,60,60,60,60,60,60,60,60,60,60,60,59,59,60,60,60,60,60,60,60,60,60,61,60,60,60,60,60,60,60,60,60
60,60,60,60,60,60,60,60,60,59,60,60,60,59,60,58,57,59,60,60,60,60,60,60,60,60,61,60,60,60,60,60,60,60,60,60,60,60,60,60,61,60,60,60,60,60,60,60,60,60
59,60,60,60,60,60,60,60,60,59,60,60,60,60,60,58,57,59,60,60,60,61,60,60,60,60,61,60,60,60,60,60,60,60,60,60,60,60,60,60,60,60,60,61,60,60,60,60,60,61
59,60,60,61,60,60,60,60,60,60,60,60,60,60,60,58,57,59,60,60,60,60,60,60,60,60,61,60,60,60,60,60,60,60,60,60,60,60,60,60,61,60,61,60,60,60,60,60,61,61
59,60,60,61,60,60,61,61,61,60,60,60,60,60,60,58,57,59,60,60,60,60,60,61,60,60,61,60,60,60,60,60,60,60,60,60,60,60,60,60,61,61,61,60,60,60,60,61,60,61
59,60,60,61,60,60,61,61,61,60,61,60,61,60,60,59,56,59,60,61,61,60,61,61,60,60,61,60,60,60,60,60,61,60,61,60,60,60,60,61,61,61,61,61,61,61,60,61,60,61
59,60,61,61,60,60,61,61,60,60,61,61,61,60,61,59,56,59,61,60,61,61,61,61,61,60,61,61,60,60,60,60,61,60,61,61,60,60,61,61,61,61,61,61,61,61,60,61,61,61
58,60,60,61,60,60,61,61,61,60,61,61,61,60,61,59,56,59,61,60,61,61,61,61,60,60,61,61,60,60,60,61,61,61,61,61,61,61,61,61,61,61,61,61,61,61,60,60,61,61
58,60,60,61,61,61,61,61,61,60,61,61,61,60,61,59,56,59,61,61,61,61,61,61,61,61,61,61,60,60,60,61,61,61,61,61,61,61,61,61,61,61,61,61,61,61,60,61,61,61
58,61,61,61,61,61,61,61,61,60,61,61,61,61,61,59,56,59,61,61,61,61,61,61,61,61,61,61,61,60,60,61,61,61,61,61,61,61,61,61,62,61,61,61,61,61,61,61,61,61
58,61,61,61,61,61,61,61,61,60,61,61,61,60,61,59,56,59,61,61,61,61,61,61,61,61,61,62,61,60,60,61,61,61,61,61,61,61,61,61,61,61,61,61,61,61,61,61,61,61
58,61,61,61,61,61,61,61,61,60,61,61,61,60,60,59,56,59,61,61,61,62,61,61,61,61,61,61,61,60,60,61,61,61,61,61,61,61,61,61,62,61,61,66,61,61,61,61,61,61
58,61,61,62,61,61,61,61,61,61,61,61,61,60,60,59,56,59,61,61,61,61,61,61,61,61,61,61,61,61,60,61,61,61,61,61,61,60,61,61,63,61,61,65,61,61,61,61,61,61
57,61,61,61,61,60,61,61,61,61,61,61,60,61,60,59,56,59,61,61,61,61,61,61,61,61,61,61,61,61,60,61,61,61,61,61,61,60,61,61,61,61,61,62,61,61,61,61,61,61
57,61,61,61,62,60,61,61,61,61,61,61,60,61,60,59,56,58,61,61,61,61,61,61,61,61,61,61,61,61,59,61,61,61,61,61,61,60,61,61,61,61,61,62,61,61,61,61,61,61
57,61,61,61,62,60,61,61,61,61,61,61,60,61,60,58,56,58,61,61,61,61,61,61,61,61,61,61,61,61,59,61,61,61,61,61,61,60,61,61,61,61,61,61,61,61,61,61,61,61
57,60,61,61,61,59,61,61,61,61,61,61,60,61,60,58,56,58,61,61,61,61,61,61,61,61,61,61,61,61,59,61,61,61,61,61,61,60,61,61,61,61,61,61,61,61,61,61,61,61
57,60,61,61,61,59,61,61,61,61,61,61,59,61,60,58,56,58,61,61,61,61,61,61,61,61,61,61,61,61,59,61,61,61,60,61,61,60,61,61,61,62,61,61,61,61,61,61,61,61
57,60,61,61,61,59,61,61,61,60,61,61,59,61,60,58,56,57,61,61,61,61,61,61,61,61,61,61,61,61,59,60,60,61,60,61,61,59,61,61,61,62,61,61,61,61,61,61,61,61
57,60,61,61,61,59,61,61,61,61,61,61,59,61,60,58,55,57,61,61,61,61,61,61,61,61,61,61,61,61,59,60,60,61,60,61,61,59,61,61,61,62,61,62,61,61,61,61,61,61
56,60,60,61,61,59,61,61,61,61,61,61,59,61,60,58,55,57,61,61,61,61,61,61,61,61,61,61,61,61,58,60,60,61,60,61,61,59,61,61,61,61,61,62,61,61,61,61,61,61
56,60,60,61,62,59,61,61,61,61,61,61,59,61,60,58,55,57,61,61,61,61,61,61,61,61,61,61,62,61,58,60,60,61,60,61,61,59,61,61,61,61,61,61,61,61,61,61,61,61
56,59,60,61,61,58,62,61,61,61,61,61,59,61,59,58,55,57,61,61,61,61,61,61,61,61,61,61,62,61,58,60,60,61,60,61,61,59,61,62,61,61,61,61,61,61,61,61,61,61
56,59,60,61,61,58,61,61,61,61,60,61,58,61,59,58,55,57,61,61,61,61,61,61,61,61,61,61,62,61,58,59,60,61,60,61,61,59,61,62,61,61,61,61,61,61,61,60,61,61
56,59,60,61,61,58,61,61,61,60,60,60,58,61,59,57,55,56,61,61,61,61,60,61,61,61,61,61,63,61,57,59,60,61,59,60,61,59,61,61,61,61,61,61,61,61,61,60,61,61
56,59,60,61,61,58,61,61,61,61,60,61,58,61,59,57,55,56,61,61,61,61,60,61,61,61,61,61,63,61,57,59,60,61,59,60,61,59,61,61,61,61,61,61,61,61,60,60,61,62
55,59,60,61,61,58,61,61,61,61,60,61,58,61,58,57,55,56,61,61,61,61,60,61,61,61,61,61,62,61,57,59,59,61,59,60,61,59,61,61,61,61,61,61,61,61,60,60,61,62
56,59,59,61,62,57,61,61,61,61,60,61,58,61,58,56,55,56,61,61,61,61,59,61,61,60,61,61,62,61,57,59,59,61,59,59,61,59,60,61,61,61,61,61,61,61,60,60,61,61
56,59,59,61,62,57,61,61,61,61,59,60,58,61,58,56,54,56,61,61,61,61,59,61,61,60,61,61,62,61,57,59,59,61,59,59,61,59,60,61,61,61,61,61,61,61,60,60,61,61
55,59,59,61,61,57,61,61,61,61,59,60,57,61,57,56,54,56,61,60,61,60,59,61,61,60,61,61,62,61,57,59,59,60,59,59,61,58,60,61,61,61,61,61,61,61,60,60,61,61
55,59,59,61,61,57,61,61,61,60,59,60,57,61,57,55,54,56,61,60,61,60,59,61,60,59,60,61,61,61,57,59,59,60,59,59,61,58,60,61,61,61,61,61,61,61,60,60,61,61
55,59,59,61,61,57,61,61,61,60,58,60,57,61,57,55,54,56,61,60,61,60,59,61,60,59,60,61,60,61,57,58,59,60,59,59,61,58,60,61,61,61,61,61,61,60,60,59,61,61
55,59,58,61,61,57,61,61,61,60,58,60,57,61,57,55,54,56,60,60,60,60,59,60,60,59,60,61,60,60,57,58,59,60,58,59,61,58,59,61,61,61,61,61,61,60,59,59,61,61
55,59,58,61,61,57,61,61,61,60,58,60,57,61,56,55,54,56,60,60,60,60,59,60,60,59,60,61,60,60,57,58,59,60,58,59,61,58,59,61,61,61,61,61,61,60,59,59,61,61
55,59,58,61,61,57,61,61,61,60,58,60,57,61,56,55,54,56,60,60,60,60,59,60,60,59,60,61,60,60,57,58,59,60,58,59,61,58,59,61,61,61,61,61,61,60,59,59,61,61
55,59,58,61,61,57,61,60,61,60,58,60,57,61,56,55,55,56,60,59,60,60,59,60,60,59,60,60,60,59,57,58,59,60,58,58,61,58,59,61,61,61,61,61,61,60,59,59,61,61
55,59,58,61,61,57,61,60,60,60,57,60,57,61,56,55,55,56,60,59,60,60,59,60,59,59,60,60,60,59,57,58,59,60,58,58,61,58,59,61,61,61,61,61,61,60,59,59,61,61
55,59,57,61,61,57,61,60,60,60,57,60,57,61,56,55,55,56,59,59,60,60,59,60,59,59,60,60,59,59,57,58,59,60,59,58,61,59,59,61,61,61,61,61,60,60,59,59,61,61
55,59,57,61,61,57,60,60,60,60,57,60,57,61,56,55,55,56,59,59,60,60,59,60,59,59,60,60,59,59,57,58,59,60,59,58,61,59,59,61,61,61,61,61,60,60,59,59,61,61
55,59,57,61,61,57,60,60,60,60,57,60,57,60,56,56,55,57,59,59,60,59,59,60,59,59,60,60,59,59,57,58,59,60,59,58,61,59,59,61,61,61,61,61,60,60,59,59,60,61
55,59,57,61,61,57,60,60,60,60,57,60,57,60,56,56,55,57,59,59,60,60,59,60,59,59,60,60,59,59,57,58,59,60,59,59,61,59,59,61,61,61,61,61,60,60,59,59,60,61
55,59,57,61,61,58,60,60,60,60,57,60,57,60,56,56,55,57,59,59,60,60,59,60,59,59,60,60,59,59,57,58,59,60,59,59,61,59,59,61,61,61,60,61,60,60,59,59,60,61
55,59,57,61,60,58,60,60,60,60,57,60,57,60,57,56,56,57,59,59,60,60,59,60,60,59,60,60,59,59,57,58,59,60,59,59,61,59,59,61,61,61,60,61,60,60,59,59,60,61
56,59,58,61,60,58,60,60,60,60,57,60,58,60,57,57,56,57,59,59,60,60,59,60,60,59,60,60,59,59,58,59,59,60,59,59,60,59,59,61,61,61,60,61,60,60,59,59,60,61
56,59,58,60,60,58,60,60,60,60,58,60,58,60,57,57,56,57,59,59,60,60,59,60,60,59,60,60,60,59,58,59,59,60,59,59,60,59,59,61,61,61,60,61,60,60,59,59,60,61
56,59,58,60,60,58,60,60,60,60,58,60,58,60,57,57,56,57,59,59,60,60,59,60,60,59,60,60,60,59,58,59,59,60,59,59,60,59,59,60,61,61,60,61,60,60,59,60,60,61
57,59,58,60,60,58,60,60,60,60,58,60,58,60,57,58,57,57,59,59,60,60,59,60,60,59,60,60,60,59,58,59,60,60,59,59,60,59,59,60,61,61,60,61,60,60,60,60,60,61
57,59,58,60,60,58,60,60,60,60,58,60,58,60,57,58,57,57,59,59,60,60,60,60,60,59,60,60,60,59,58,59,60,60,60,59,60,59,60,60,60,61,60,61,60,60,60,60,60,61
57,59,58,60,60,59,60,60,60,60,58,60,59,60,58,58,57,57,59,60,60,60,60,60,60,59,60,60,60,59,58,59,60,60,60,59,60,60,60,60,60,61,60,61,60,60,60,60,60,60
58,59,59,60,60,59,60,60,60,60,58,60,59,60,58,59,58,57,59,60,60,60,60,60,60,60,60,60,60,59,59,59,60,60,60,60,60,60,60,60,60,60,60,61,60,60,60,60,60,60
58,59,59,60,60,59,59,60,60,60,58,60,59,59,58,59,58,57,59,60,60,60,60,60,60,60,60,60,60,60,59,59,60,60,60,60,60,60,60,60,60,60,60,61,61,60,60,60,60,60
58,59,59,60,60,59,59,60,60,60,59,60,60,59,59,59,58,57,58,60,60,60,60,60,60,60,60,60,60,60,59,59,60,60,60,60,60,60,60,60,61,61,60,61,60,60,60,60,60,60
59,58,59,60,60,60,59,60,60,60,59,60,60,59,59,59,57,57,58,60,60,60,60,60,60,60,60,60,60,60,59,59,60,60,60,60,60,60,60,60,61,61,61,61,60,60,60,60,60,60
59,58,60,60,61,60,59,61,60,60,59,60,60,59,59,59,57,57,58,60,60,60,61,60,61,60,60,61,60,60,60,59,60,60,60,60,60,60,60,60,61,61,61,61,61,60,60,60,61,60
59,58,60,60,61,60,59,60,61,60,59,60,60,59,60,59,57,57,58,60,60,60,61,60,61,60,60,61,60,60,60,59,60,60,60,60,60,60,60,61,61,61,61,61,61,61,60,60,61,61
60,57,60,59,61,60,59,60,61,61,60,60,60,59,60,58,57,56,57,60,60,60,61,60,61,60,60,61,60,60,60,58,60,60,60,60,60,60,60,61,61,61,61,61,61,61,60,60,61,61
60,57,60,59,61,60,59,61,61,61,60,59,60,58,60,58,57,56,57,60,61,60,61,60,61,60,60,61,60,60,60,58,60,60,60,60,60,60,60,61,61,61,61,61,61,61,60,60,61,61
60,57,60,59,61,60,59,61,61,61,60,59,60,58,60,58,57,56,57,60,61,61,61,60,61,60,60,61,60,60,60,58,60,60,61,60,60,60,60,61,61,61,61,61,61,61,61,60,61,61
60,57,60,59,61,60,58,61,61,61,60,59,61,58,60,57,56,56,57,61,60,61,61,60,61,61,60,61,61,61,60,58,60,60,61,60,60,61,60,60,61,61,61,61,61,61,61,60,61,61
60,56,60,58,61,60,58,61,61,61,60,58,61,58,61,57,56,56,57,60,60,61,61,60,61,60,60,61,61,60,60,58,59,60,61,59,59,61,59,60,61,61,61,61,61,61,61,60,60,61
60,56,60,58,61,61,58,61,61,61,60,58,61,58,61,57,56,55,57,60,60,61,60,59,61,60,60,61,61,60,60,57,59,59,61,59,59,61,59,60,61,61,61,61,61,61,61,60,60,61
60,56,59,58,61,61,57,61,60,61,60,58,61,57,61,57,56,55,56,60,60,60,60,59,60,60,59,60,61,60,60,57,59,59,60,59,59,61,59,60,61,61,61,61,61,61,60,60,60,61
60,55,59,58,61,61,57,61,60,61,60,58,60,57,60,57,56,55,56,60,60,60,60,59,60,60,59,60,61,60,60,57,59,59,60,59,59,61,59,60,61,61,61,61,61,61,60,60,60,61
60,55,59,58,61,61,57,60,60,60,60,58,60,57,60,56,55,55,56,60,60,60,60,59,60,60,59,60,61,60,60,57,59,59,60,59,59,61,59,59,61,61,61,61,61,61,60,60,60,61
60,55,59,58,61,61,57,60,60,60,61,58,60,57,60,56,55,55,56,60,60,60,60,59,60,60,59,60,60,60,59,57,59,59,60,59,59,61,59,59,61,61,61,61,61,61,60,60,60,61
60,55,59,57,61,61,57,60,60,60,60,57,60,57,60,56,55,54,56,59,59,60,60,59,60,60,59,60,60,60,59,57,58,59,60,59,59,60,58,59,61,61,61,60,61,61,60,59,59,61
60,55,59,57,60,60,57,60,60,60,60,57,60,57,60,56,55,54,56,59,59,60,59,59,60,59,59,60,60,59,59,56,58,58,60,58,58,60,58,59,60,60,61,60,61,60,60,59,59,60
60,55,59,57,60,60,57,60,60,60,60,57,60,57,60,56,55,54,56,59,59,60,59,59,60,59,59,60,60,59,59,56,58,58,60,58,58,60,58,59,60,60,61,60,61,60,60,59,59,60
60,55,59,57,60,60,57,60,60,60,60,57,60,57,60,56,55,54,56,59,59,60,59,59,60,59,59,60,60,59,59,56,58,58,60,58,58,60,58,59,60,60,61,60,61,60,60,59,59,60
60,55,59,57,60,60,57,60,60,60,60,57,60,57,60,56,55,54,56,59,59,60,59,59,60,59,59,60,60,59,59,56,58,58,60,58,58,60,58,59,60,60,61,60,61,60,60,59,59,60
60,55,59,57,60,60,57,60,60,60,60,57,60,57,60,56,55,54,56,59,59,60,59,59,60,59,59,60,60,59,59,56,58,58,60,58,58,60,58,59,60,60,61,60,61,60,60,59,59,60
60,55,59,57,60,60,57,60,60,60,60,57,60,57,60,56,55,54,56,59,59,60,59,59,60,59,59,60,60,59,59,56,58,58,60,58,58,60,58,59,60,60,61,60,61,60,60,59,59,60
60,55,59,57,60,60,57,60,60,60,60,57,60,57,60,56,55,54,56,59,59,60,59,59,60,59,59,60,60,59,59,56,58,58,60,58,58,60,58,59,60,60,61,60,61,60,60,59,59,60
60,55,59,57,60,60,57,60,60,60,60,57,60,57,60,56,55,54,56,59,59,60,59,59,60,59,59,60,60,59,59,56,58,58,60,58,58,60,58,59,60,60,61,60,61,60,60,59,59,60
60,55,59,57,60,60,57,60,60,60,60,57,60,57,60,56,55,54,56,59,59,60,59,59,60,59,59,60,60,59,59,56,58,58,60,58,58,60,58,59,60,60,61,60,61,60,60,59,59,60
60,55,59,57,60,60,57,60,60,60,60,57,60,57,60,56,55,54,56,59,59,60,59,59,60,59,59,60,60,59,59,56,58,58,60,58,58,60,58,59,60,60,61,60,61,60,60,59,59,60
60,55,59,57,60,60,57,60,60,60,60,57,60,57,60,56,55,54,56,59,59,60,59,59,60,59,59,60,60,59,59,56,58,58,60,58,58,60,58,59,60,60,61,60,61,60,60,59,59,60
60,55,59,57,60,60,57,60,60,60,60,57,60,57,60,56,55,54,56,59,59,60,59,59,60,59,59,60,60,59,59,56,58,58,60,58,58,60,58,59,60,60,61,60,61,60,60,59,59,60
60,55,59,57,60,60,57,60,60,60,60,57,60,57,60,56,55,54,56,59,59,60,59,59,60,59,59,60,60,59,59,56,58,58,60,58,58,60,58,59,60,60,61,60,61,60,60,59,59,60
60,55,59,57,60,60,57,60,60,60,60,57,60,57,60,56,55,54,56,59,59,60,59,59,60,59,59,60,60,59,59,56,58,58,60,58,58,60,58,59,60,60,61,60,61,60,60,59,59,60
60,55,59,57,60,60,57,60,60,60,60,57,60,57,60,56,55,54,56,59,59,60,59,59,60,59,59,60,60,59,59,56,58,58,60,58,58,60,58,59,60,60,61,60,61,60,60,59,59,60
60,55,59,57,60,60,57,60,60,60,60,57,60,57,60,56,55,54,56,59,59,60,59,59,60,59,59,60,60,59,59,56,58,58,60,58,58,60,58,59,60,60,61,60,61,60,60,59,59,60
60,55,59,57,60,60,57,60,60,60,60,57,60,57,60,56,55,54,56,59,59,60,59,59,60,59,59,60,60,59,59,56,58,58,60,58,58,60,58,59,60,60,61,60,61,60,60,59,59,60
60,55,59,57,60,60,57,60,60,60,60,57,60,57,60,56,55,54,56,59,59,60,59,59,60,59,59,60,60,59,59,56,58,58,60,58,58,60,58,59,60,60,61,60,61,60,60,59,59,60
60,55,59,57,60,60,57,60,60,60,60,57,60,57,60,56,55,54,56,59,59,60,59,59,60,59,59,60,60,59,59,56,58,58,60,58,58,60,58,59,60,60,61,60,61,60,60,59,59,60
60,55,59,57,60,60,57,60,60,60,60,57,60,57,60,56,55,54,56,59,59,60,59,59,60,59,59,60,60,59,59,56,58,58,60,58,58,60,58,59,60,60,61,60,61,60,60,59,59,60
60,55,59,57,60,60,57,60,60,60,60,57,60,57,60,56,55,54,56,59,59,60,59,59,60,59,59,60,60,59,59,56,58,58,60,58,58,60,58,59,60,60,61,60,61,60,60,59,59,60
60,55,59,57,60,60,57,60,60,60,60,57,60,57,60,56,55,54,56,59,59,60,59,59,60,59,59,60,60,59,59,57,58,58,60,58,58,60,58,59,60,60,61,60,61,60,60,59,59,60
60,55,59,57,60,60,57,60,60,60,60,57,60,57,60,56,55,55,56,59,59,60,59,59,60,59,59,60,60,59,59,57,58,58,60,58,58,60,58,59,60,60,61,60,61,60,60,59,59,60
60,55,59,57,60,60,57,60,60,60,60,57,60,57,60,56,55,55,56,59,59,60,59,59,60,59,59,60,60,59,59,57,58,59,60,58,58,60,58,59,60,60,61,60,61,60,60,59,59,60
60,55,59,57,60,60,57,60,60,60,60,57,60,57,60,56,55,55,56,59,59,60,59,59,60,59,59,60,60,59,59,57,58,59,60,59,58,60,59,59,60,60,61,60,61,60,60,59,59,60
60,55,59,57,60,60,57,60,60,60,60,57,60,57,60,56,56,55,57,59,59,60,59,59,60,59,59,60,60,59,59,57,58,59,60,59,58,60,59,59,60,60,61,60,61,60,60,59,59,60
60,55,59,57,60,60,57,60,60,60,60,57,60,57,60,56,56,55,57,59,59,60,59,59,60,59,59,60,60,59,59,57,58,59,60,59,59,60,59,59,60,60,61,60,61,60,60,59,59,60
60,55,59,57,60,60,57,60,60,60,60,57,60,57,60,56,56,55,57,59,59,60,59,59,60,59,59,60,60,59,59,57,58,59,60,59,59,60,59,59,60,60,61,60,61,60,60,59,59,60
60,55,59,57,60,60,58,60,60,60,60,57,60,57,60,56,56,56,57,59,59,60,59,59,60,60,59,60,60,59,59,57,58,59,60,59,59,60,59,59,60,60,61,60,61,60,60,59,59,60
60,56,59,57,60,60,58,59,60,60,60,57,60,58,60,57,57,56,57,59,59,60,59,59,60,60,59,60,60,59,59,57,58,59,60,59,59,60,59,59,60,60,61,60,61,60,60,59,59,60
60,56,59,58,60,60,58,59,60,60,60,57,60,58,59,57,57,56,57,59,59,60,60,59,60,60,59,60,60,59,59,58,59,59,60,59,59,60,59,59,60,60,61,60,61,60,60,59,59,60
60,56,59,58,60,60,58,59,60,60,60,58,60,58,59,57,57,56,57,58,59,60,60,59,60,60,59,60,60,60,59,58,59,59,60,59,59,60,59,59,60,60,61,60,61,60,60,59,59,60
60,56,59,58,60,60,58,59,60,60,60,58,60,58,59,57,58,57,57,58,59,60,60,59,60,60,59,60,60,60,59,58,59,59,59,59,59,60,59,59,60,60,61,60,60,60,60,59,60,60
60,57,59,58,59,60,58,59,60,60,60,58,60,58,59,57,58,57,57,58,59,60,60,60,60,60,59,60,60,60,59,58,59,60,59,59,59,60,59,59,60,60,61,60,61,60,60,60,60,60
60,57,58,58,59,60,59,59,60,60,60,58,60,59,59,58,58,57,57,58,60,60,60,60,59,60,59,60,60,60,59,58,59,60,59,60,59,60,60,59,60,60,61,60,61,60,60,60,60,60
60,57,58,59,59,60,59,59,60,60,60,58,60,59,58,58,59,57,57,58,60,60,60,60,59,60,60,60,60,60,59,59,58,60,59,60,59,59,60,59,60,60,61,60,61,60,60,60,60,60
60,58,58,59,59,60,59,58,60,60,60,58,60,59,58,58,58,57,57,57,60,60,60,60,59,60,60,60,60,60,60,59,58,60,59,60,59,59,60,59,60,60,60,60,61,60,60,60,60,60
60,58,58,59,59,60,59,58,60,60,60,59,59,60,58,59,58,56,57,57,60,60,60,60,59,60,60,60,60,60,60,59,58,60,59,60,59,59,60,59,60,61,61,60,61,60,60,60,60,60
60,58,57,59,59,60,60,58,60,60,60,59,59,60,58,59,58,56,57,57,60,60,60,60,59,60,60,60,60,60,60,59,58,60,59,60,59,59,60,59,60,61,61,61,60,60,60,60,60,60
60,59,57,60,59,61,60,58,60,60,60,59,59,60,58,59,58,56,56,57,60,60,60,60,59,61,60,60,61,60,60,60,58,60,59,60,59,59,60,59,60,61,61,61,61,61,60,60,60,60
61,59,57,59,59,61,60,58,60,60,60,59,59,60,58,60,57,56,56,57,60,60,60,60,59,61,60,60,61,60,60,60,58,59,59,60,59,59,60,59,60,61,61,61,61,61,60,60,60,60
60,60,56,59,58,61,60,58,60,60,61,60,59,60,58,60,57,56,56,56,60,60,60,60,59,60,60,60,60,60,60,60,57,59,59,60,59,59,60,59,60,61,61,61,61,61,61,60,60,60
60,60,56,59,58,61,60,58,61,60,60,60,58,60,57,60,57,55,55,56,60,60,60,60,59,60,60,59,60,60,60,60,57,59,59,60,59,59,60,59,60,61,61,61,61,61,61,60,60,60
60,60,56,59,58,61,60,57,60,60,60,60,58,60,57,60,56,55,55,56,60,59,60,60,59,60,60,59,60,60,60,59,57,59,59,60,59,59,60,59,59,61,61,61,61,61,61,60,59,60
60,60,55,59,58,61,60,57,60,60,60,60,57,60,57,60,56,55,55,56,59,59,60,60,59,60,60,59,60,60,59,59,57,58,59,60,58,58,60,58,59,61,61,61,60,61,61,60,59,59
60,60,55,58,57,60,60,57,60,60,60,60,57,60,57,60,56,55,54,56,59,59,60,59,59,60,59,59,60,60,59,59,56,58,58,60,58,58,60,58,59,60,60,61,60,61,60,60,59,59
60,60,55,58,57,60,60,57,60,60,60,60,57,60,57,60,56,55,54,55,59,59,60,59,59,60,59,59,60,60,59,59,56,58,58,60,58,58,60,58,59,60,60,61,60,61,60,60,59,59
60,60,55,58,57,60,60,57,60,60,60,60,57,60,57,60,56,55,54,55,59,59,60,59,59,60,59,59,60,60,59,59,56,58,58,60,58,58,60,58,59,60,60,61,60,61,60,60,59,59
60,60,55,58,57,60,60,57,60,60,60,60,57,60,57,60,56,55,54,55,59,59,60,59,59,60,59,59,60,60,59,59,56,58,58,60,58,58,60,58,59,60,60,61,60,61,60,60,59,59
60,60,55,58,57,60,60,57,60,60,60,60,57,60,57,60,56,55,54,55,59,59,60,59,59,60,59,59,60,60,59,59,56,58,58,60,58,58,60,58,59,60,60,61,60,61,60,60,59,59
60,60,55,58,57,60,60,57,60,60,60,60,57,60,57,60,56,55,54,55,59,59,60,59,59,60,59,59,60,60,59,59,56,58,58,60,58,58,60,58,59,60,60,61,60,61,60,60,59,59
60,60,55,58,57,60,60,57,60,60,60,60,57,60,57,60,56,55,54,55,59,59,60,59,59,60,59,59,60,60,59,59,56,58,58,60,58,58,60,58,59,60,60,61,60,61,60,60,59,59
60,60,55,58,57,60,60,57,60,60,60,60,57,60,57,60,56,55,54,55,59,59,60,59,59,60,59,59,60,60,59,59,56,58,58,60,58,58,60,58,59,60,60,61,60,61,60,60,59,59
60,60,55,58,57,60,60,57,60,60,60,60,57,60,57,60,56,55,54,55,59,59,60,59,59,60,59,59,60,60,59,59,56,58,58,60,58,58,60,58,59,60,60,61,60,61,60,60,59,59
60,60,55,58,57,60,60,57,60,60,60,60,57,60,57,60,56,55,54,55,59,59,60,59,59,60,59,59,60,60,59,59,56,58,58,60,58,58,60,58,59,60,60,61,60,61,60,60,59,59
60,60,55,58,57,60,60,57,60,60,60,60,57,60,57,60,56,55,54,55,59,59,60,59,59,60,59,59,60,60,59,59,56,58,58,60,58,58,60,58,59,60,60,61,60,61,60,60,59,59
60,60,55,58,57,60,60,57,60,60,60,60,57,60,57,60,56,55,54,55,59,59,60,59,59,60,59,59,60,60,59,59,56,58,58,60,58,58,60,58,59,60,60,61,60,61,60,60,59,59
60,60,55,58,57,60,60,57,60,60,60,60,57,60,57,60,56,55,54,55,59,59,60,59,59,60,59,59,60,60,59,59,56,58,58,60,58,58,60,58,59,60,60,61,60,61,60,60,59,59
60,60,55,58,57,60,60,57,60,60,60,60,57,60,57,60,56,55,54,55,59,59,60,59,59,60,59,59,60,60,59,59,56,58,58,60,58,58,60,58,59,60,60,61,60,61,60,60,59,59
60,60,55,58,57,60,60,57,60,60,60,60,57,60,57,60,56,55,54,55,59,59,60,59,59,60,59,59,60,60,59,59,56,58,58,60,58,58,60,58,59,60,60,61,60,61,60,60,59,59
60,60,55,58,57,60,60,57,60,60,60,60,57,60,57,60,56,55,54,55,59,59,60,59,59,60,59,59,60,60,59,59,56,58,58,60,58,58,60,58,59,60,60,61,60,61,60,60,59,59
60,60,55,58,57,60,60,57,60,60,60,60,57,60,57,60,56,55,54,55,59,59,60,59,59,60,59,59,60,60,59,59,56,58,58,60,58,58,60,58,59,60,60,61,60,61,60,60,59,59
60,60,55,58,57,60,60,57,60,60,60,60,57,60,57,60,56,55,54,55,59,59,60,59,59,60,59,59,60,60,59,59,56,58,58,60,58,58,60,58,59,60,60,61,60,61,60,60,59,59
60,60,55,58,57,60,60,57,60,60,60,60,57,60,57,60,56,55,54,55,59,59,60,59,59,60,59,59,60,60,59,59,56,58,58,60,58,58,60,58,59,60,60,61,60,61,60,60,59,59
60,60,55,59,57,60,60,57,60,60,60,60,57,60,57,60,56,55,54,55,59,59,60,59,59,60,59,59,60,60,59,59,56,58,58,60,58,58,60,58,59,60,60,61,60,61,60,60,59,59
60,60,55,59,57,60,60,57,60,60,60,60,57,60,57,60,56,55,54,55,59,59,60,59,59,60,59,59,60,60,59,59,56,58,58,60,58,58,60,58,59,60,60,61,60,61,60,60,59,59
60,60,55,59,57,60,60,57,60,60,60,60,57,60,57,60,56,55,54,56,59,59,60,59,59,60,59,59,60,60,59,59,56,58,58,60,58,58,60,58,59,60,60,61,60,61,60,60,59,59
60,60,55,59,57,60,60,57,60,60,60,60,57,60,57,60,56,55,54,56,59,59,60,59,59,60,59,59,60,60,59,59,56,58,58,60,58,58,60,58,59,60,60,61,60,61,60,60,59,59
60,60,55,59,57,60,60,57,60,60,60,60,57,60,57,60,56,55,54,56,59,59,60,59,59,60,59,59,60,60,59,59,56,58,58,60,58,58,60,58,59,60,60,61,60,61,60,60,59,59
60,60,55,59,57,60,60,57,60,60,60,60,57,60,57,60,56,55,54,56,59,59,60,59,59,60,59,59,60,60,59,59,56,58,58,60,58,58,60,58,59,60,60,61,60,61,60,60,59,59
60,60,55,59,57,60,60,57,60,60,60,60,57,60,57,60,56,55,54,56,59,59,60,59,59,60,59,59,60,60,59,59,56,58,58,60,58,58,60,58,59,60,60,61,60,61,60,60,59,59
60,60,55,59,57,60,60,57,60,60,60,60,57,60,57,60,56,55,54,56,59,59,60,59,59,60,59,59,60,60,59,59,56,58,58,60,58,58,60,58,59,60,60,61,60,61,60,60,59,59
60,60,55,59,57,60,60,57,60,60,60,60,57,60,57,60,56,55,54,56,59,59,60,59,59,60,59,59,60,60,59,59,56,58,58,60,58,58,60,58,59,60,60,61,60,61,60,60,59,59
60,60,55,59,57,60,60,57,60,60,60,60,57,60,57,60,56,55,54,56,59,59,60,59,59,60,59,59,60,60,59,59,56,58,58,60,58,58,60,58,59,60,60,61,60,61,60,60,59,59
60,60,55,59,57,60,60,57,60,60,60,60,57,60,57,60,56,55,54,56,59,59,60,59,59,60,59,59,60,60,59,59,56,58,58,60,58,58,60,58,59,60,60,61,60,61,60,60,59,59
60,60,55,59,57,60,60,57,60,60,60,60,57,60,57,60,56,55,55,56,59,59,60,59,59,60,59,59,60,60,59,59,57,58,58,60,58,58,60,58,59,60,60,61,60,61,60,60,59,59
60,60,55,59,57,60,60,57,60,60,60,60,57,60,57,60,56,55,55,56,59,59,60,59,59,60,59,59,60,60,59,59,57,58,58,60,58,58,60,58,59,60,60,61,60,61,60,60,59,59
60,60,55,59,57,60,60,57,60,60,60,60,57,60,57,60,56,56,55,56,59,59,60,59,59,60,59,59,60,60,59,59,57,58,59,60,59,58,60,59,59,60,60,61,60,61,60,60,59,59
60,60,55,59,57,60,60,57,60,60,60,60,57,60,57,60,56,56,55,57,59,59,60,59,59,60,59,59,60,60,59,59,57,58,59,60,59,58,60,59,59,60,60,61,60,61,60,60,59,59
60,60,55,59,57,60,60,57,60,60,60,60,57,60,57,60,56,56,55,57,59,59,60,59,59,60,59,59,60,60,59,59,57,58,59,60,59,59,60,59,59,60,60,61,60,61,60,60,59,59
60,60,55,59,57,60,60,58,60,60,60,60,57,60,57,60,56,56,56,57,59,59,60,59,59,60,59,59,60,60,59,59,57,58,59,60,59,59,60,59,59,60,60,61,60,61,60,60,59,59
60,60,56,59,57,60,60,58,59,60,60,60,57,60,57,60,57,57,56,57,59,59,60,59,59,60,60,59,60,60,59,59,57,58,59,60,59,59,60,59,59,60,60,61,60,61,60,60,59,59
60,60,56,59,58,60,60,58,59,60,60,60,57,60,58,59,57,57,56,57,59,59,60,59,59,60,60,59,60,60,59,59,58,58,59,60,59,59,60,59,59,60,60,61,60,61,60,60,59,59
60,60,56,59,58,60,60,58,59,60,60,60,57,60,58,59,57,57,56,57,58,59,60,60,59,60,60,59,60,60,59,59,58,59,59,60,59,59,60,59,59,60,60,61,60,61,60,60,59,59
60,60,56,59,58,60,60,58,59,60,60,60,58,60,58,59,57,58,57,57,58,59,60,60,59,60,60,59,60,60,60,59,58,59,59,59,59,59,60,59,59,60,60,61,60,61,60,60,59,59
60,60,57,59,58,59,60,58,59,60,60,60,58,60,58,59,57,58,57,57,58,59,60,60,60,60,60,59,60,60,60,59,58,59,60,59,59,59,60,59,59,60,60,61,60,61,60,60,60,59
60,60,57,58,58,59,60,59,59,60,60,60,58,60,59,59,58,58,57,57,58,59,60,60,60,59,60,59,60,60,60,59,58,59,60,59,60,59,60,59,59,60,60,61,60,61,60,60,60,60
60,60,57,58,59,59,60,59,59,60,60,60,58,60,59,59,58,59,57,57,58,60,60,60,60,59,60,60,60,60,60,59,58,58,60,59,60,59,59,60,59,60,60,60,60,61,60,60,60,60
60,60,58,58,59,59,60,59,58,60,60,60,58,60,59,58,58,58,57,56,57,60,60,60,60,59,60,60,60,60,60,60,59,58,60,59,60,59,59,60,59,60,60,60,60,61,60,60,60,60
60,60,58,58,59,59,60,59,58,60,60,60,58,60,59,58,59,58,57,56,57,60,60,60,60,59,60,60,60,60,60,60,59,58,60,59,60,59,59,60,59,60,61,61,60,61,60,60,60,60
60,60,59,57,59,59,61,60,58,60,60,60,59,59,60,58,59,58,56,56,57,60,60,60,60,59,60,60,60,60,60,60,59,58,60,59,60,59,59,60,59,60,61,61,61,61,60,60,60,60
60,60,59,57,60,59,60,60,58,60,60,60,59,59,60,58,59,58,56,56,57,60,60,60,60,59,61,60,60,61,60,60,60,58,60,59,60,59,59,60,59,60,61,61,61,61,61,60,60,60
61,61,59,57,59,59,61,60,58,60,60,60,59,59,60,58,60,58,56,56,57,60,60,60,60,59,61,60,60,61,60,60,60,58,60,59,60,59,59,60,59,60,61,61,61,61,61,60,60,60
60,60,60,57,59,59,61,60,58,60,60,60,60,59,60,58,60,57,56,56,57,60,60,60,60,59,61,60,60,61,60,60,60,58,59,59,60,59,59,60,59,60,61,61,61,61,61,61,60,60
61,61,60,56,59,58,61,60,58,61,61,61,60,59,60,58,60,57,56,56,56,60,60,60,60,59,61,60,60,61,60,60,60,57,59,59,60,59,59,60,59,60,61,61,61,61,61,61,60,60
61,61,60,56,59,58,61,60,58,61,61,61,60,58,60,58,60,57,56,55,56,60,60,61,60,59,61,60,60,61,60,60,60,57,59,59,61,59,59,60,59,60,61,61,61,61,61,61,61,60
60,61,60,56,59,58,61,60,58,61,60,61,60,58,61,57,60,57,56,55,56,60,60,61,60,59,61,60,60,61,61,60,60,57,59,59,60,59,59,60,59,60,61,61,61,61,61,61,61,60
60,61,60,56,59,58,61,60,58,61,60,61,60,58,61,57,60,57,56,55,56,60,60,61,60,59,60,60,60,60,60,60,60,57,59,59,60,59,59,61,59,60,61,61,61,61,61,60,60,60
60,61,60,56,59,58,61,61,58,61,61,61,60,58,61,58,61,57,56,55,56,60,60,61,60,59,61,60,60,61,61,60,60,57,59,59,61,59,59,61,59,60,61,61,61,61,61,61,61,60
60,61,61,56,59,58,61,61,57,61,60,61,60,58,61,57,61,57,56,55,56,60,60,61,60,59,61,60,60,60,61,60,60,57,59,59,60,59,59,61,59,60,61,61,61,61,61,61,61,60
60,61,60,55,59,58,61,61,57,61,60,61,60,58,60,57,60,57,56,55,56,60,60,60,60,59,60,60,59,60,61,60,60,57,59,59,60,59,59,61,59,60,61,61,61,61,61,61,60,60
60,60,60,55,59,58,61,61,57,61,60,61,60,58,60,57,60,56,55,55,56,60,60,60,60,59,60,60,59,60,61,60,60,57,59,59,60,59,59,61,59,60,61,61,61,61,61,61,60,60
60,60,60,55,59,58,61,61,57,61,60,61,61,58,60,57,60,57,56,55,56,60,60,60,60,59,60,60,59,60,61,60,60,57,59,59,60,59,59,61,59,60,61,61,61,61,61,61,60,60
60,60,60,55,59,58,61,61,57,61,60,61,61,58,60,57,61,56,55,55,56,60,60,60,60,59,60,60,59,60,61,60,60,57,59,59,60,59,59,61,59,59,61,61,61,61,61,61,60,60
60,60,60,55,59,57,61,61,57,60,60,60,60,57,60,57,60,56,55,54,56,60,59,60,60,59,60,60,59,60,60,60,59,57,58,59,60,59,59,61,58,59,61,61,61,61,61,61,60,59
60,60,60,55,59,57,61,61,57,60,60,60,60,57,60,57,60,56,55,54,56,59,59,60,60,59,60,60,59,60,60,60,59,57,58,59,60,59,59,60,58,59,61,61,61,61,61,61,60,59
60,60,60,55,59,57,61,61,57,60,60,60,60,57,60,57,60,56,55,54,56,59,59,60,60,59,60,60,59,60,60,59,59,56,58,59,60,58,58,60,58,59,61,61,61,61,61,61,60,59
59,60,60,55,58,57,60,60,57,60,60,60,60,57,60,57,60,56,55,54,55,59,59,60,59,58,60,59,59,60,60,59,59,56,58,58,60,58,58,60,58,59,60,60,61,60,61,60,60,59
59,60,60,55,58,57,60,60,57,60,60,60,60,57,60,57,60,56,55,54,55,59,59,60,59,58,60,59,59,60,60,59,59,56,58,58,59,58,58,60,58,59,60,60,61,60,61,60,60,59
59,60,60,55,58,57,60,60,57,60,60,60,60,57,60,57,60,56,55,54,55,59,59,60,59,58,60,59,59,60,60,59,59,56,58,58,59,58,58,60,58,59,60,60,61,60,61,60,60,59
59,60,60,55,58,57,60,60,57,60,60,60,60,57,60,57,60,56,55,54,55,59,59,60,59,58,60,59,59,60,60,59,59,56,58,58,59,58,58,60,58,59,60,60,61,60,61,60,60,59
59,60,60,55,58,57,60,60,57,60,60,60,60,57,60,57,60,56,55,54,55,59,59,60,59,58,60,59,59,60,60,59,59,56,58,58,59,58,58,60,58,59,60,60,61,60,61,60,60,59
59,60,60,55,58,57,60,60,57,60,60,60,60,57,60,57,60,56,55,54,55,59,59,60,59,58,60,59,59,60,60,59,59,56,58,58,59,58,58,60,58,59,60,60,61,60,61,60,60,59
59,60,60,55,58,57,60,60,57,60,60,60,60,57,60,57,60,56,55,54,55,59,59,60,59,58,60,59,59,60,60,59,59,56,58,58,59,58,58,60,58,59,60,60,61,60,61,60,60,59
59,60,60,55,58,57,60,60,57,60,60,60,60,57,60,57,60,56,55,54,55,59,59,60,59,58,60,59,59,60,60,59,59,56,58,58,59,58,58,60,58,59,60,60,61,60,61,60,60,59
59,60,60,55,58,57,60,60,57,60,60,60,60,57,60,57,60,56,55,54,55,59,59,60,59,58,60,59,59,60,60,59,59,56,58,58,59,58,58,60,58,59,60,60,61,60,61,60,60,59
59,60,60,55,58,57,60,60,57,60,60,60,60,57,60,57,60,56,55,54,55,59,59,60,59,58,60,59,59,60,60,59,59,56,58,58,59,58,58,60,58,59,60,60,61,60,61,60,60,59
59,60,60,55,58,57,60,60,57,60,60,60,60,57,60,57,60,56,55,54,55,59,59,60,59,58,60,59,59,60,60,59,59,56,58,58,59,58,58,60,58,59,60,60,61,60,61,60,60,59
59,60,60,55,59,57,60,60,57,60,60,60,60,57,60,57,60,56,55,54,55,59,59,60,59,58,60,59,59,60,60,59,59,56,58,58,59,58,58,60,58,59,60,60,61,60,61,60,60,59
59,60,60,55,59,57,60,60,57,60,60,60,60,57,60,57,60,56,55,54,56,59,59,60,59,58,60,59,59,60,60,59,59,56,58,58,59,58,58,60,58,59,60,60,61,60,61,60,60,59
59,60,60,55,59,57,60,60,57,60,60,60,60,57,60,57,60,56,55,54,56,59,59,60,59,58,60,59,59,60,60,59,59,56,58,58,59,58,58,60,58,59,60,60,61,60,61,60,60,59
59,60,60,55,59,57,60,60,57,60,60,60,60,57,60,57,60,56,55,54,56,59,59,60,59,58,60,59,59,60,60,59,59,56,58,58,59,58,58,60,58,59,60,60,61,60,61,60,60,59
59,60,60,55,59,57,60,60,57,60,60,60,60,57,60,57,60,56,55,54,56,59,59,60,59,58,60,59,59,60,60,59,59,56,58,58,59,58,58,60,58,59,60,60,61,60,61,60,60,59
59,60,60,55,59,57,60,60,57,60,60,60,60,57,60,57,60,56,55,54,56,59,59,60,59,58,60,59,59,60,60,59,59,56,58,58,59,58,58,60,58,59,60,60,61,60,61,60,60,59
59,60,60,55,59,57,60,60,57,60,60,60,60,57,60,57,60,56,55,54,56,59,59,60,59,58,60,59,59,60,60,59,59,56,58,58,59,58,58,60,58,59,60,60,61,60,61,60,60,59
59,60,60,55,59,57,60,60,57,60,60,60,60,57,60,57,60,56,55,54,56,59,59,60,59,58,60,59,59,60,60,59,59,56,58,58,59,58,58,60,58,59,60,60,61,60,61,60,60,59
59,60,60,55,59,57,60,60,57,60,60,60,60,57,60,57,60,56,55,54,56,59,59,60,59,58,60,59,59,60,60,59,59,56,58,58,59,58,58,60,58,59,60,60,61,60,61,60,60,59
59,60,60,55,59,57,60,60,57,60,60,60,60,57,60,57,60,56,55,54,56,59,59,60,59,58,60,59,59,60,60,59,59,56,58,58,59,58,58,60,58,59,60,60,61,60,61,60,60,59
59,60,60,55,59,57,60,60,57,60,60,60,60,57,60,57,60,56,55,55,56,59,59,60,59,58,60,59,59,60,60,59,59,57,58,58,59,58,58,60,58,59,60,60,61,60,61,60,60,59
59,60,60,55,59,57,60,60,57,60,60,60,60,57,60,57,60,56,55,55,56,59,59,60,59,58,60,59,59,60,60,59,59,57,58,59,59,58,58,60,58,59,60,60,61,60,61,60,60,59
59,60,60,55,59,57,60,60,57,60,60,60,60,57,60,57,60,56,56,55,57,59,59,60,59,59,60,59,59,60,60,59,59,57,58,59,59,59,58,60,59,59,60,60,61,60,61,60,60,59
59,60,60,55,59,57,60,60,57,60,60,60,60,57,60,57,60,56,56,55,57,59,59,60,59,59,60,59,59,60,60,59,59,57,58,59,60,59,58,60,59,59,60,60,61,60,61,60,60,59
59,60,60,55,59,57,60,60,57,59,60,60,60,57,60,57,60,56,56,55,57,59,59,60,59,59,60,59,59,60,60,59,59,57,58,59,60,59,59,60,59,59,60,60,61,60,61,60,60,59
59,60,60,55,59,57,60,60,58,59,60,60,60,57,60,57,60,56,56,56,57,59,59,60,59,59,60,60,59,60,60,59,59,57,58,59,60,59,59,60,59,59,60,60,61,60,61,60,60,59
59,60,60,56,59,57,60,60,58,59,60,60,60,57,60,58,59,57,57,56,57,58,59,60,59,59,60,60,59,60,60,59,59,57,58,59,60,59,59,60,59,59,60,60,61,60,61,60,60,59
59,60,60,56,59,58,60,60,58,59,60,60,60,57,60,58,59,57,57,56,56,58,59,60,59,59,60,60,59,60,60,59,59,58,58,59,59,59,59,60,59,59,60,60,61,60,61,60,60,59
60,60,60,56,59,58,60,60,58,59,60,60,60,58,60,58,59,57,57,56,56,58,59,60,60,59,60,60,59,60,60,59,59,58,59,59,59,59,59,60,59,59,60,60,61,60,60,60,60,59
60,60,60,57,58,58,59,60,58,59,60,60,60,58,60,58,59,57,58,57,56,58,59,60,60,60,59,60,59,60,60,60,59,58,59,59,59,59,59,59,59,59,60,60,61,60,60,60,60,60
60,60,60,57,58,58,59,60,58,58,60,60,60,58,60,59,58,58,58,57,56,58,59,60,60,60,59,60,59,60,60,60,59,58,58,60,59,60,59,59,59,59,60,60,61,60,60,60,60,60
60,60,60,57,58,58,59,60,59,58,60,60,60,58,59,59,58,58,58,57,56,57,60,60,60,60,59,60,59,60,60,60,59,58,58,59,59,60,59,59,60,59,60,60,61,60,60,60,60,60
60,60,60,58,57,59,59,60,59,58,60,60,60,58,59,59,58,58,58,56,56,57,60,60,60,60,59,60,60,60,60,60,60,59,58,59,59,60,59,59,60,59,59,61,61,61,60,61,60,60
60,60,60,58,57,59,59,60,59,58,60,60,60,58,59,59,58,59,58,56,56,57,60,60,60,60,59,60,60,59,60,60,60,59,58,59,59,60,59,59,60,59,59,61,61,60,60,60,60,60
60,60,60,58,57,59,58,60,60,57,60,60,60,59,59,60,57,59,57,56,56,57,60,60,60,60,59,60,60,59,60,60,60,59,57,59,59,60,59,59,60,58,59,61,61,61,60,60,60,60
60,60,60,59,57,59,58,60,60,57,60,60,60,59,59,60,57,59,57,55,56,56,60,60,60,60,59,60,59,59,60,60,60,59,57,59,59,60,59,59,60,58,59,61,61,61,60,61,60,60
60,60,60,59,56,59,58,61,60,57,60,60,60,59,58,60,57,60,57,55,55,56,59,59,60,60,59,60,59,59,60,60,60,59,57,59,59,60,58,58,60,58,59,61,61,61,60,61,60,60
60,60,60,59,56,59,58,61,60,57,60,60,60,60,58,60,57,60,56,55,55,56,59,59,60,60,59,60,59,59,60,60,59,59,57,58,59,60,58,58,60,58,59,61,61,61,60,61,61,60
60,60,60,60,55,58,57,60,60,57,60,60,60,60,58,60,57,60,56,55,55,55,59,59,60,59,59,60,59,59,60,60,59,59,56,58,58,60,58,58,60,58,59,60,61,61,60,61,60,60
60,59,60,60,55,58,57,60,60,57,60,59,60,60,57,60,57,60,56,55,54,55,59,59,60,59,58,60,59,59,60,60,59,59,56,58,58,59,58,58,60,58,59,60,60,61,60,61,60,60
60,59,60,60,55,58,57,60,60,57,60,59,60,60,57,60,56,60,56,55,54,55,59,59,60,59,58,60,59,59,60,60,59,59,56,58,58,59,58,58,60,58,59,60,60,61,60,61,60,60
60,59,60,60,55,58,57,60,60,56,60,59,60,60,57,60,56,60,56,55,54,55,59,59,60,59,58,60,59,59,60,60,59,59,56,58,58,59,58,58,60,58,59,60,60,61,60,61,60,60
60,59,60,60,55,58,57,60,60,56,60,59,60,60,57,60,56,60,56,55,54,55,59,59,60,59,58,60,59,59,60,60,59,59,56,58,58,59,58,58,60,58,59,60,60,61,60,61,60,60
60,59,60,60,55,58,57,60,60,56,60,59,60,60,57,60,56,60,56,55,54,55,59,59,60,59,58,60,59,59,60,60,59,59,56,58,58,59,58,58,60,58,59,60,60,61,60,61,60,60
60,59,60,60,55,58,57,60,60,56,60,59,60,60,57,60,56,60,56,55,54,55,59,59,60,59,58,60,59,59,60,60,59,59,56,58,58,59,58,58,60,58,59,60,60,61,60,61,60,60
60,59,60,60,55,58,57,60,60,56,60,59,60,60,57,60,56,60,56,55,54,55,59,59,60,59,58,60,59,59,60,60,59,59,56,58,58,59,58,58,60,58,59,60,60,61,60,61,60,60
60,59,60,60,55,58,57,60,60,56,60,59,60,60,57,60,56,60,56,55,54,55,59,59,60,59,58,60,59,59,60,60,59,59,56,58,58,59,58,58,60,58,59,60,60,61,60,61,60,60
60,59,60,60,55,58,57,60,60,56,60,59,60,60,57,60,56,60,56,55,54,55,59,59,60,59,58,60,59,59,60,60,59,59,56,58,58,59,58,58,60,58,59,60,60,61,60,61,60,60
60,59,60,60,55,58,57,60,60,56,60,59,60,60,57,60,56,60,56,55,54,55,59,59,60,59,58,60,59,59,60,60,59,59,56,58,58,59,58,58,60,58,59,60,60,61,60,61,60,60
60,59,60,60,55,58,57,60,60,56,60,59,60,60,57,60,56,60,56,55,54,55,59,59,60,59,58,60,59,59,60,60,59,59,56,58,58,59,58,58,60,58,59,60,60,61,60,61,60,60
60,59,60,60,55,58,57,60,60,56,60,59,60,60,57,60,56,60,56,55,54,55,59,59,60,59,58,60,59,59,60,60,59,59,56,58,58,59,58,58,60,58,59,60,60,61,60,61,60,60
60,59,60,60,55,58,57,60,60,56,60,59,60,60,57,60,56,60,56,55,54,55,59,59,60,59,58,60,59,59,60,60,59,59,56,58,58,59,58,58,60,58,59,60,60,61,60,61,60,60
60,59,60,60,55,58,57,60,60,56,60,59,60,60,57,60,56,60,56,55,54,55,59,59,60,59,58,60,59,59,60,60,59,59,56,58,58,59,58,58,60,58,59,60,60,61,60,61,60,60
60,59,60,60,55,58,57,60,60,56,60,59,60,60,57,60,56,60,56,55,54,55,59,59,60,59,58,60,59,59,60,60,59,59,56,58,58,59,58,58,60,58,59,60,60,61,60,61,60,60
60,59,60,60,55,58,57,60,60,56,60,59,60,60,57,60,56,60,56,55,54,55,59,59,60,59,58,60,59,59,60,60,59,59,56,58,58,59,58,58,60,58,59,60,60,61,60,61,60,60
60,59,60,60,55,58,57,60,60,56,60,59,60,60,57,60,56,60,56,55,54,55,59,59,60,59,58,60,59,59,60,60,59,59,56,58,58,59,58,58,60,58,59,60,60,61,60,61,60,60
60,59,60,60,55,58,57,60,60,56,60,59,60,60,57,60,56,60,56,55,54,55,59,59,60,59,58,60,59,59,60,60,59,59,56,58,58,59,58,58,60,58,59,60,60,61,60,61,60,60
60,59,60,60,55,58,57,60,60,56,60,59,60,60,57,60,56,60,56,55,54,55,59,59,60,59,58,60,59,59,60,60,59,59,56,58,58,59,58,58,60,58,59,60,60,61,60,61,60,60
60,59,60,60,55,58,57,60,60,56,60,59,60,60,57,60,56,60,56,55,54,55,59,59,60,59,58,60,59,59,60,60,59,59,56,58,58,59,58,58,60,58,59,60,60,61,60,61,60,60
60,59,60,60,55,58,57,60,60,56,60,59,60,60,57,60,56,60,56,55,54,55,59,59,60,59,58,60,59,59,60,60,59,59,56,58,58,59,58,58,60,58,59,60,60,61,60,61,60,60
60,59,60,60,55,58,57,60,60,56,60,59,60,60,57,60,56,60,56,55,54,55,59,59,60,59,58,60,59,59,60,60,59,59,56,58,58,59,58,58,60,58,59,60,60,61,60,61,60,60
60,59,60,60,55,58,57,60,60,56,60,59,60,60,57,60,56,60,56,55,54,55,59,59,60,59,58,60,59,59,60,60,59,59,56,58,58,59,58,58,60,58,59,60,60,61,60,61,60,60
60,59,60,60,55,58,57,60,60,56,60,59,60,60,57,60,56,60,56,55,54,55,59,59,60,59,58,60,59,59,60,60,59,59,56,58,58,59,58,58,60,58,59,60,60,61,60,61,60,60
60,59,60,60,55,58,57,60,60,56,60,59,60,60,57,60,56,60,56,55,54,55,59,59,60,59,58,60,59,59,60,60,59,59,56,58,58,59,58,58,60,58,59,60,60,61,60,61,60,60
60,59,60,60,55,58,57,60,60,56,60,59,60,60,57,60,56,60,56,55,54,55,59,59,60,59,58,60,59,59,60,60,59,59,56,58,58,59,58,58,60,58,59,60,60,61,60,61,60,60
60,59,60,60,55,58,57,60,60,56,60,59,60,60,57,60,56,60,56,55,54,56,59,59,60,59,58,60,59,59,60,60,59,59,56,58,58,59,58,58,60,58,59,60,60,61,60,61,60,60
60,59,60,60,55,58,57,60,60,56,60,59,60,60,57,60,56,60,56,55,54,56,59,59,60,59,58,60,59,59,60,60,59,59,56,58,58,59,58,58,60,58,59,60,60,61,60,61,60,60
60,59,60,60,55,58,57,60,60,56,60,59,60,60,57,60,56,60,56,55,54,56,59,59,60,59,58,60,59,59,60,60,59,59,56,58,58,59,58,58,60,58,59,60,60,61,60,61,60,60
60,59,60,60,55,58,57,60,60,56,60,59,60,60,57,60,56,60,56,55,54,56,59,59,60,59,58,60,59,59,60,60,59,59,56,58,58,59,58,58,60,58,59,60,60,61,60,61,60,60
60,59,60,60,55,58,57,60,60,57,60,59,60,60,57,60,56,60,56,55,54,56,59,59,60,59,58,60,59,59,60,60,59,59,56,58,58,59,58,58,60,58,59,60,60,61,60,61,60,60
60,59,60,60,55,58,57,60,60,57,60,59,60,60,57,60,56,60,56,55,54,56,59,59,60,59,58,60,59,59,60,60,59,59,56,58,58,59,58,58,60,58,59,60,60,61,60,61,60,60
60,59,60,60,55,58,57,60,60,57,60,59,60,60,57,60,56,60,56,55,54,56,59,59,60,59,58,60,59,59,60,60,59,59,56,58,58,59,58,58,60,58,59,60,60,61,60,61,60,60
60,59,60,60,55,58,57,60,60,57,60,59,60,60,57,60,56,60,56,55,55,56,59,59,60,59,58,60,59,59,60,60,59,59,56,58,58,59,58,58,60,58,59,60,60,61,60,61,60,60
60,59,60,60,55,58,57,60,60,57,60,59,60,60,57,60,57,60,56,55,55,56,59,59,60,59,58,60,59,59,60,60,59,59,57,58,58,59,58,58,60,58,59,60,60,61,60,61,60,60
60,59,60,60,55,58,57,60,60,57,60,59,60,60,57,60,57,60,56,56,55,56,59,59,60,59,58,60,59,59,60,60,59,59,57,58,59,59,58,58,60,58,59,60,60,61,60,61,60,60
60,59,60,60,55,58,57,60,60,57,60,59,60,60,57,60,57,60,56,56,55,57,59,59,60,59,59,60,59,59,60,60,59,59,57,58,59,59,59,58,60,59,59,60,60,61,60,61,60,60
60,59,60,60,55,59,57,60,60,57,59,59,60,60,57,60,57,60,56,56,55,56,59,59,60,59,59,60,59,59,60,60,59,59,57,58,59,60,59,58,60,59,59,60,60,61,60,61,60,60
60,59,60,60,55,59,57,60,60,57,59,59,60,60,57,60,57,60,56,56,56,56,59,59,60,59,59,60,59,59,60,60,59,59,57,58,59,60,59,59,60,59,59,60,60,61,60,61,60,60
60,59,60,60,56,59,57,60,60,58,59,60,60,60,57,60,58,59,57,57,56,56,58,59,60,59,59,60,60,59,60,60,59,59,57,58,59,60,59,59,60,59,59,60,60,61,60,61,60,60
60,59,60,60,56,59,58,60,60,58,59,60,60,60,57,60,58,59,57,57,56,56,58,59,60,59,59,60,60,59,60,60,59,59,58,58,59,59,59,59,60,59,59,60,60,61,60,61,60,60
60,59,60,60,56,59,58,60,60,58,59,60,60,60,57,60,58,59,57,57,56,56,58,59,60,59,59,60,60,59,60,60,59,59,58,59,59,59,59,59,60,59,59,60,60,61,60,61,60,60
60,59,60,60,57,59,58,60,60,58,59,60,60,60,58,60,58,59,57,58,57,56,58,59,60,60,59,60,60,59,60,60,59,59,58,59,59,59,59,59,60,59,59,60,60,60,60,61,60,60
60,60,60,60,57,58,58,59,60,58,59,60,60,60,58,60,58,59,57,58,57,56,58,59,60,60,60,60,60,59,60,60,60,59,58,59,59,59,60,59,60,59,59,60,60,60,60,61,60,60
60,60,60,60,57,58,58,59,60,59,59,60,60,60,58,60,59,59,58,59,57,56,58,59,60,60,60,59,60,59,60,60,60,59,58,58,60,59,60,59,60,59,59,60,60,60,60,61,60,60
60,60,60,60,58,58,59,59,60,59,58,60,60,60,58,60,59,58,58,59,57,56,57,60,60,60,60,59,60,60,60,60,60,59,59,58,60,59,60,59,59,60,59,60,60,60,60,61,60,60
60,60,60,60,58,58,59,59,60,59,58,60,60,60,58,60,59,58,59,58,56,56,57,60,60,60,60,59,60,60,60,60,60,60,59,58,60,59,60,59,59,60,59,60,61,61,60,61,60,60
60,60,60,60,58,57,59,59,60,60,58,60,60,60,59,60,60,58,59,58,56,56,57,60,60,60,60,59,60,60,60,60,60,60,59,58,60,59,60,59,59,60,59,60,61,61,61,61,60,60
61,60,60,60,59,57,59,59,60,60,58,60,60,60,59,59,60,58,59,58,56,56,57,60,60,60,60,59,61,60,60,61,60,60,59,58,60,59,60,59,59,60,59,60,61,61,61,61,61,60
61,60,61,61,59,57,59,59,61,60,58,60,61,60,59,59,60,58,60,58,56,56,57,60,60,60,60,59,61,60,60,61,60,60,60,58,60,59,60,59,59,60,59,60,61,61,61,61,61,60
61,60,61,60,59,57,59,59,61,60,58,60,61,60,59,59,60,58,60,57,56,56,57,60,60,60,60,59,61,60,60,61,60,60,60,58,59,59,60,59,59,60,59,60,61,61,61,61,61,61
61,60,61,60,60,57,59,59,61,60,58,61,61,61,60,59,60,58,60,57,56,56,57,60,60,60,60,60,61,60,60,61,60,60,60,58,59,59,60,59,59,60,59,60,60,61,61,61,60,60
61,60,61,61,60,57,60,59,61,60,58,61,61,61,60,59,60,58,60,57,56,55,57,60,60,61,61,60,61,60,60,61,60,60,60,58,59,60,61,59,59,60,59,60,61,61,61,61,61,61
61,60,61,61,60,56,60,59,61,60,58,61,61,60,60,59,60,58,60,57,56,55,57,61,60,61,61,60,61,61,60,61,61,60,60,58,60,60,60,59,60,60,59,60,61,61,61,61,61,61
61,60,61,61,60,56,60,59,61,60,58,61,61,61,60,59,61,58,60,57,56,55,57,60,60,61,61,60,60,60,60,61,60,60,60,58,60,60,61,60,60,61,59,60,61,61,61,61,61,60
61,61,61,61,60,56,60,59,61,61,58,61,61,61,60,59,61,58,61,57,56,55,57,61,61,61,61,60,61,61,60,61,61,60,60,58,60,60,61,60,60,61,60,60,61,61,61,61,61,61
61,61,61,61,61,56,60,59,61,61,58,61,61,61,60,59,61,58,61,57,56,55,57,60,61,61,61,60,61,61,60,61,61,60,60,58,60,60,61,60,60,61,60,61,61,62,61,61,61,61
60,61,61,61,61,56,60,58,61,61,58,61,61,61,60,59,61,58,60,57,56,55,57,61,61,61,61,60,61,61,60,61,62,61,60,58,59,60,61,60,60,61,59,60,61,61,61,61,61,61
60,60,61,61,61,56,60,58,61,61,58,61,61,61,60,58,61,58,60,57,56,55,57,60,60,61,61,60,61,61,60,61,61,61,60,57,59,60,61,59,60,61,59,60,61,62,61,61,62,61
60,61,61,61,61,56,59,58,62,61,58,61,61,61,61,58,61,58,60,57,56,55,56,60,60,61,61,60,61,61,60,61,61,60,60,57,59,59,61,59,59,61,59,60,61,62,61,61,62,61
60,61,61,61,61,56,59,58,61,61,58,61,61,61,61,58,61,58,61,57,56,55,56,60,60,60,61,60,61,60,60,61,61,60,60,57,59,59,61,59,59,61,59,60,61,61,61,61,62,61
60,61,61,61,61,56,59,58,61,62,58,61,61,61,61,58,61,58,61,57,56,55,56,60,60,61,61,60,61,60,60,61,61,60,60,57,59,59,61,59,59,61,59,60,61,61,61,61,62,61
60,61,61,61,61,56,59,58,61,61,58,61,61,61,61,58,61,58,61,57,56,55,56,60,60,61,60,60,61,60,60,61,61,60,60,57,59,59,61,59,59,61,59,60,61,61,61,61,61,61
60,61,60,61,61,56,59,58,61,61,57,61,61,61,61,58,61,57,61,57,56,55,56,60,60,61,60,59,61,60,60,61,61,60,60,57,59,59,60,59,59,61,59,60,61,61,61,61,61,61
59,61,60,61,60,55,59,58,61,61,57,61,60,61,61,58,60,57,61,56,55,55,56,60,60,60,60,59,60,60,59,60,61,60,60,57,59,59,60,59,59,61,59,60,61,61,61,61,61,61
59,61,60,60,60,55,59,57,61,61,57,60,60,60,60,57,60,57,60,56,55,54,56,59,59,60,60,59,60,60,59,60,60,60,59,56,58,59,60,58,59,61,58,59,61,61,61,61,61,61
59,61,60,60,60,55,58,57,61,61,57,60,60,60,60,57,60,57,60,56,55,54,55,59,59,60,60,59,60,60,59,60,60,59,59,56,58,58,60,58,58,60,58,59,61,61,61,61,61,61
59,60,60,60,60,55,58,57,60,60,56,60,60,60,60,57,60,57,60,56,55,54,55,59,59,60,59,59,60,59,59,60,60,59,59,56,58,58,60,58,58,60,58,59,61,61,61,60,61,61
59,60,59,60,60,54,58,57,60,60,56,60,59,60,60,57,59,56,60,56,55,54,55,59,59,60,59,58,60,59,58,59,60,59,59,56,58,58,59,58,58,60,58,59,60,60,61,60,61,60
59,60,59,60,60,54,58,57,60,60,56,60,59,60,60,57,59,56,60,56,55,54,55,59,59,60,59,58,60,59,58,59,60,59,59,56,58,58,59,58,58,60,58,59,60,60,61,60,61,60
59,60,59,60,60,54,58,57,60,60,56,60,59,60,60,57,59,56,60,56,55,54,55,59,59,60,59,58,60,59,58,59,60,59,59,56,58,58,59,58,58,60,58,59,60,60,61,60,61,60
59,60,59,60,60,54,58,57,60,60,56,60,59,60,60,57,59,56,60,56,55,54,55,59,59,60,59,58,60,59,58,59,60,59,59,56,58,58,59,58,58,60,58,59,60,60,61,60,61,60
59,60,59,60,60,54,58,57,60,60,56,60,59,60,60,57,59,56,60,56,55,54,55,59,59,60,59,58,60,59,58,59,60,59,59,56,58,58,59,58,58,60,58,59,60,60,61,60,61,60
59,60,59,60,60,54,58,57,60,60,56,60,59,60,60,57,59,56,60,56,55,54,55,59,59,60,59,58,60,59,58,59,60,59,59,56,58,58,59,58,58,60,58,59,60,60,61,60,61,60
59,60,59,60,60,54,58,57,60,60,56,60,59,60,60,57,59,56,60,56,55,54,55,59,59,60,59,58,60,59,58,59,60,59,59,56,58,58,59,58,58,60,58,59,60,60,61,60,61,60
59,60,59,60,60,54,58,57,60,60,56,60,59,60,60,57,59,56,60,56,55,54,55,59,59,60,59,58,60,59,58,59,60,59,59,56,58,58,59,58,58,60,58,59,60,60,61,60,61,60
59,60,59,60,60,54,58,57,60,60,56,60,59,60,60,57,59,56,60,56,55,54,55,59,59,60,59,58,60,59,58,59,60,59,59,56,58,58,59,58,58,60,58,59,60,60,61,60,61,60
59,60,59,60,60,54,58,57,60,60,56,60,59,60,60,57,59,56,60,56,55,54,55,59,59,60,59,58,60,59,58,59,60,59,59,56,58,58,59,58,58,60,58,59,60,60,61,60,61,60
59,60,59,60,60,54,58,57,60,60,56,60,59,60,60,57,59,56,60,56,55,54,56,59,59,60,59,58,60,59,58,59,60,59,59,56,58,58,59,58,58,60,58,59,60,60,61,60,61,60
59,60,59,60,60,54,58,57,60,60,56,60,59,60,60,57,59,56,60,56,55,54,56,59,59,60,59,58,60,59,58,59,60,59,59,56,58,58,59,58,58,60,58,59,60,60,61,60,61,60
59,60,59,60,60,54,58,57,60,60,56,60,59,60,60,57,59,56,60,56,55,54,56,59,59,60,59,58,60,59,58,59,60,59,59,56,58,58,59,58,58,60,58,59,60,60,61,60,61,60
59,60,59,60,60,54,58,57,60,60,56,60,59,60,60,57,59,56,60,56,55,54,56,59,59,60,59,58,60,59,58,59,60,59,59,56,58,58,59,58,58,60,58,59,60,60,61,60,61,60
59,60,59,60,60,54,58,57,60,60,57,60,59,60,60,57,59,56,60,56,55,54,56,59,59,60,59,58,60,59,58,59,60,59,59,56,58,58,59,58,58,60,58,59,60,60,61,60,61,60
59,60,59,60,60,54,58,57,60,60,57,60,59,60,60,57,60,56,60,56,55,54,56,59,59,60,59,58,60,59,58,59,60,59,59,56,58,58,59,58,58,60,58,59,60,60,61,60,61,60
59,60,59,60,60,55,58,57,60,60,57,60,59,60,60,57,60,56,60,56,55,54,56,59,59,60,59,58,60,59,58,59,60,59,59,56,58,58,59,58,58,60,58,59,60,60,61,60,61,60
59,60,59,60,60,55,58,57,60,60,57,60,59,60,60,57,60,56,60,56,55,54,56,59,59,60,59,58,60,59,58,59,60,59,59,56,58,58,59,58,58,60,58,59,60,60,61,60,61,60
59,60,59,60,60,55,58,57,60,60,57,60,59,60,60,57,60,57,60,56,55,55,56,59,59,60,59,58,60,59,58,59,60,59,59,57,58,58,59,58,58,60,58,59,60,60,61,60,61,60
59,60,59,60,60,55,58,57,60,60,57,60,59,60,60,57,60,57,60,56,56,55,56,59,59,60,59,58,60,59,58,59,60,59,59,57,58,58,59,58,58,60,58,59,60,60,61,60,61,60
59,60,59,60,60,55,58,57,60,60,57,60,59,60,60,57,60,57,60,56,56,55,56,59,59,60,59,58,60,59,58,59,60,59,59,57,58,59,59,59,58,60,58,59,60,60,61,60,61,60
59,60,59,60,60,55,59,57,60,60,57,59,59,60,60,57,60,57,60,56,56,55,56,59,59,60,59,59,60,59,59,59,60,59,59,57,58,59,59,59,58,60,59,59,60,60,61,60,61,60
59,60,59,60,60,55,59,57,60,60,57,59,59,60,60,57,60,57,60,56,56,56,56,59,59,60,59,59,60,59,59,60,60,59,59,57,58,59,60,59,59,60,59,59,60,61,61,60,61,60
59,60,59,60,60,56,59,57,60,60,58,59,59,60,60,57,60,58,59,57,57,56,56,59,59,60,59,59,60,60,59,60,60,59,59,57,58,59,60,59,59,60,59,59,60,61,61,60,61,60
59,60,59,60,60,56,59,58,60,60,58,59,60,60,60,57,60,58,59,57,57,56,56,58,59,60,59,59,60,60,59,60,60,59,59,58,58,59,60,59,59,60,59,59,60,61,61,60,61,60
59,60,59,60,60,56,59,58,60,60,58,59,60,60,60,57,60,58,59,57,57,56,56,58,59,60,59,59,60,60,59,60,60,59,59,58,59,59,60,59,59,60,59,59,60,60,61,60,61,60
59,60,59,60,60,57,59,58,60,60,58,59,60,60,60,58,60,58,59,57,58,57,56,58,59,60,60,59,60,60,59,60,60,59,59,58,59,59,59,59,59,60,59,59,60,60,61,60,61,60
59,60,60,60,60,57,58,58,59,60,58,59,60,60,60,58,60,59,59,57,58,57,56,58,59,60,60,60,60,60,59,60,60,60,59,58,59,59,59,60,59,60,59,59,60,60,61,60,61,60
59,60,60,60,60,57,58,58,59,60,59,59,60,60,60,58,60,59,59,58,59,57,56,58,59,60,60,60,59,60,59,60,60,60,59,58,59,60,59,60,59,60,59,59,60,60,60,60,61,60
59,60,60,60,60,58,58,59,59,60,59,58,60,60,60,58,60,59,58,58,59,57,56,57,60,60,60,60,59,60,60,60,60,60,59,59,58,60,59,60,59,60,60,59,60,60,60,60,61,60
59,60,60,60,60,58,58,59,59,60,59,58,60,60,60,58,60,59,58,59,58,57,56,57,60,60,60,60,59,60,60,60,60,60,60,59,58,60,59,60,59,59,60,59,60,61,61,60,61,60
59,60,60,60,60,58,58,59,59,60,60,58,60,60,60,59,60,60,58,59,58,56,56,57,60,60,60,60,59,60,60,60,60,60,60,59,58,60,59,60,59,59,60,59,60,61,61,61,60,60
60,61,60,60,60,59,57,59,59,60,60,58,60,60,60,59,60,60,58,59,58,56,56,57,60,60,60,61,59,61,60,60,61,60,60,59,58,60,60,60,59,59,60,59,60,61,61,61,61,61
60,61,60,61,61,59,57,60,59,61,60,58,60,61,60,59,59,60,58,60,58,56,56,57,60,60,60,61,60,61,60,60,61,60,60,60,58,60,60,60,59,59,60,59,60,61,61,61,61,61
60,61,60,61,60,59,57,60,59,61,60,58,60,61,60,59,59,60,58,60,58,56,56,57,60,60,60,60,60,61,60,60,61,60,60,60,58,60,60,60,59,59,60,59,60,61,61,61,61,61
60,61,60,61,60,60,57,60,59,61,60,58,61,61,61,60,59,60,58,60,57,56,55,57,60,60,60,60,60,61,60,60,61,60,60,60,58,60,60,60,60,60,60,59,60,60,61,61,61,60
60,61,60,61,61,60,57,60,59,61,60,58,61,61,61,60,59,60,58,60,58,56,55,57,60,61,61,61,60,61,60,60,61,60,60,60,58,60,60,61,60,60,60,60,60,61,61,61,61,61
60,61,60,61,61,60,57,60,59,61,60,58,61,61,61,60,59,61,58,60,58,56,55,57,61,60,61,61,60,61,61,60,61,61,60,60,58,60,60,60,60,60,60,60,60,61,61,61,61,61
60,61,60,61,61,60,57,60,59,61,60,58,61,61,61,60,59,61,58,61,57,56,55,57,61,60,61,61,60,61,61,60,61,61,60,60,58,60,60,61,60,60,61,60,61,61,61,61,61,61
60,61,61,61,61,60,57,60,59,61,61,58,61,61,61,60,59,61,58,61,57,56,55,57,61,61,61,61,60,61,61,60,61,61,60,60,58,60,60,61,60,60,61,60,61,61,61,61,61,61
60,60,61,61,61,61,56,60,59,61,61,58,61,61,61,60,59,61,58,61,57,56,55,57,60,61,61,61,60,61,61,60,61,61,60,60,58,60,60,61,60,60,61,60,60,61,62,61,61,61
60,60,61,61,61,61,56,60,58,61,61,58,61,61,61,60,59,61,58,60,57,56,55,57,61,61,61,61,60,61,61,60,61,62,61,60,58,59,60,61,60,60,61,59,60,61,61,61,61,61
60,60,60,61,61,61,56,60,58,61,61,58,61,61,61,60,58,61,58,60,57,56,55,57,61,60,61,61,60,61,61,60,61,61,61,60,57,59,60,61,60,60,61,59,60,61,62,61,61,62
60,60,61,61,61,61,56,60,58,62,61,58,61,61,61,61,58,61,58,60,57,56,55,57,60,60,61,61,60,61,61,60,61,61,61,60,57,59,60,61,59,60,61,59,60,61,62,61,61,62
60,60,61,61,61,61,56,59,58,61,61,58,61,61,61,61,58,61,58,61,57,56,55,57,60,60,61,61,60,61,61,60,61,61,61,60,57,59,60,61,59,59,61,59,60,61,61,61,61,62
60,60,61,61,61,61,56,59,58,61,62,58,61,61,61,61,58,61,58,61,57,56,55,56,60,60,61,61,60,61,60,60,61,61,60,60,57,59,59,61,59,59,61,59,60,61,61,61,61,62
60,60,61,60,61,61,55,59,58,61,61,57,61,60,61,61,58,60,57,61,57,56,55,56,60,60,61,60,59,61,60,59,60,61,60,60,57,59,59,60,59,59,61,59,60,61,61,61,61,61
59,59,61,60,60,60,55,59,58,61,61,57,61,60,61,60,58,60,57,61,56,55,54,56,60,60,60,60,59,60,60,59,60,61,60,59,57,59,59,60,59,59,61,58,59,61,61,61,61,61
60,60,61,60,61,61,55,59,58,61,61,57,61,60,61,61,58,60,57,61,56,55,55,56,60,60,60,60,59,61,60,59,60,61,60,60,57,59,59,60,59,59,61,59,60,61,61,61,61,61
59,59,61,60,61,61,55,59,58,61,61,57,61,60,61,60,58,60,57,61,56,55,54,56,60,60,60,60,59,60,60,59,60,61,60,60,57,59,59,60,59,59,61,58,59,61,61,61,61,61
59,59,61,60,60,60,55,59,57,61,61,57,60,60,60,60,57,60,57,60,56,55,54,56,59,59,60,60,59,60,60,59,60,60,60,59,56,58,59,60,58,59,61,58,59,61,61,61,61,61
59,59,61,60,60,60,55,58,57,61,61,57,60,60,60,60,57,60,57,60,56,55,54,55,59,59,60,59,59,60,59,59,60,60,59,59,56,58,58,60,58,58,60,58,59,61,61,61,60,61
59,59,60,60,60,60,55,58,57,60,60,56,60,60,60,60,57,60,57,60,56,55,54,55,59,59,60,59,59,60,59,59,60,60,59,59,56,58,58,60,58,58,60,58,59,60,61,61,60,61
59,59,60,59,60,60,55,58,57,60,60,56,60,60,60,60,57,60,56,60,56,55,54,55,59,59,60,59,58,60,59,59,59,60,59,59,56,58,58,59,58,58,60,58,59,60,61,61,60,61
59,59,60,59,60,60,54,58,57,60,60,56,60,59,60,60,57,60,56,60,56,55,54,55,59,59,60,59,58,60,59,58,59,60,59,59,56,58,58,59,58,58,60,58,59,60,60,61,60,61
59,59,60,59,60,60,54,58,57,60,60,56,60,59,60,60,57,59,56,60,56,55,54,55,59,59,60,59,58,60,59,58,59,60,59,59,56,58,58,59,58,58,60,58,59,60,60,61,60,61
59,59,60,59,60,60,54,58,57,60,60,56,60,59,60,60,57,59,56,60,56,55,54,55,59,59,60,59,58,60,59,58,59,60,59,59,56,58,58,59,58,58,60,58,59,60,60,61,60,61
59,59,60,59,60,60,54,58,57,60,60,56,60,59,60,60,57,59,56,60,56,55,54,55,59,59,60,59,58,60,59,58,59,60,59,59,56,58,58,59,58,58,60,58,59,60,60,61,60,61
59,59,60,59,60,60,54,58,57,60,60,56,60,59,60,60,57,59,56,60,56,55,54,55,59,59,60,59,58,60,59,58,59,60,59,59,56,58,58,59,58,58,60,58,59,60,60,61,60,61
59,59,60,59,60,60,54,58,57,60,60,56,60,59,60,60,57,59,56,60,56,55,54,55,59,59,60,59,58,60,59,58,59,60,59,59,56,58,58,59,58,58,60,58,59,60,60,61,60,61
59,59,60,59,60,60,54,58,57,60,60,56,60,59,60,60,57,59,56,60,56,55,54,55,59,59,60,59,58,60,59,58,59,60,59,59,56,58,58,59,58,58,60,58,59,60,60,61,60,61
59,59,60,59,60,60,54,58,57,60,60,56,60,59,60,60,57,59,56,60,56,55,54,55,59,59,60,59,58,60,59,58,59,60,59,59,56,58,58,59,58,58,60,58,59,60,60,61,60,61
59,59,60,59,60,60,54,58,57,60,60,56,60,59,60,60,57,59,56,60,56,55,54,55,59,59,60,59,58,60,59,58,59,60,59,59,56,58,58,59,58,58,60,58,59,60,60,61,60,61
59,59,60,59,60,60,54,58,57,60,60,56,60,59,60,60,57,59,56,60,56,55,54,56,59,59,60,59,58,60,59,58,59,60,59,59,56,58,58,59,58,58,60,58,59,60,60,61,60,61
59,59,60,59,60,60,54,58,57,60,60,56,60,59,60,60,57,59,56,60,56,55,54,56,59,59,60,59,58,60,59,58,59,60,59,59,56,58,58,59,58,58,60,58,59,60,60,61,60,61
59,59,60,59,60,60,54,58,57,60,60,56,60,59,60,60,57,59,56,60,56,55,54,56,59,59,60,59,58,60,59,58,59,60,59,59,56,58,58,59,58,58,60,58,59,60,60,61,60,61
59,59,60,59,60,60,54,58,57,60,60,56,60,59,60,60,57,59,56,60,56,55,54,56,59,59,60,59,58,60,59,58,59,60,59,59,56,58,58,59,58,58,60,58,59,60,60,61,60,61
59,59,60,59,60,60,54,58,57,60,60,57,60,59,60,60,57,60,56,60,56,55,54,56,59,59,60,59,58,60,59,58,59,60,59,59,56,58,58,59,58,58,60,58,59,60,60,61,60,61
59,59,60,59,60,60,54,58,57,60,60,57,60,59,60,60,57,60,56,60,56,55,54,56,59,59,60,59,58,60,59,58,59,60,59,59,56,58,58,59,58,58,60,58,59,60,60,61,60,61
59,59,60,59,60,60,55,58,57,60,60,57,60,59,60,60,57,60,56,60,56,55,54,56,59,59,60,59,58,60,59,58,59,60,59,59,56,58,58,59,58,58,60,58,59,60,60,61,60,61
59,59,60,59,60,60,55,58,57,60,60,57,60,59,60,60,57,60,57,60,56,55,55,56,59,59,60,59,58,60,59,58,59,60,59,59,56,58,58,59,58,58,60,58,59,60,60,61,60,61
59,59,60,59,60,60,55,58,57,60,60,57,60,59,60,60,57,60,57,60,56,56,55,56,59,59,60,59,58,60,59,58,59,60,59,59,57,58,58,59,58,58,60,58,59,60,60,61,60,61
59,59,60,59,60,60,55,58,57,60,60,57,60,59,60,60,57,60,57,60,56,56,55,56,59,59,60,59,59,60,59,58,59,60,59,59,57,58,59,59,58,58,60,58,59,60,60,61,60,61
59,59,60,59,60,60,55,59,57,60,60,57,59,59,60,60,57,60,57,60,56,56,55,56,59,59,60,59,59,60,59,59,59,60,59,59,57,58,59,59,59,58,60,59,59,60,60,61,60,61
59,59,60,59,60,60,55,59,57,60,60,57,59,59,60,60,57,60,57,60,56,56,56,56,59,59,60,59,59,60,59,59,59,60,59,59,57,58,59,60,59,59,60,59,59,60,60,61,60,61
59,59,60,59,60,60,56,59,57,60,60,58,59,59,60,60,57,60,57,59,57,57,56,56,58,59,60,59,59,60,60,59,60,60,59,59,57,58,59,60,59,59,60,59,59,60,60,61,60,61
59,59,60,59,60,60,56,59,57,60,60,58,59,60,60,60,57,60,58,59,57,57,56,56,58,59,60,59,59,60,60,59,60,60,59,59,57,58,59,59,59,59,60,59,59,60,60,61,60,60
59,59,60,59,60,60,56,59,58,60,60,58,59,60,60,60,57,60,58,59,57,57,56,56,58,59,60,59,59,60,60,59,60,60,59,59,58,58,59,59,59,59,60,59,59,60,60,61,60,60
59,59,60,59,60,60,57,58,58,59,60,58,58,60,60,60,57,60,58,59,57,58,57,56,58,59,60,60,59,59,60,59,60,60,59,59,58,58,59,59,59,59,59,59,59,60,60,61,60,60
59,59,60,60,60,60,57,58,58,59,60,58,58,60,60,60,58,60,59,58,57,58,57,56,57,59,60,60,60,59,60,59,60,60,60,59,58,58,59,59,60,59,59,59,59,60,60,60,60,60
59,59,60,60,60,60,57,58,58,59,60,59,58,60,60,60,58,59,59,58,58,58,56,56,57,60,60,60,60,59,60,59,59,60,60,59,58,58,59,59,60,59,59,59,59,59,60,60,60,60
59,59,60,60,60,60,58,57,59,59,60,59,58,60,60,60,58,59,59,58,58,58,56,56,57,60,60,60,60,59,60,60,59,60,60,59,59,58,59,59,60,58,59,60,58,59,60,60,60,60
59,59,60,60,60,60,58,57,59,58,60,59,57,60,60,60,58,59,59,57,58,58,56,56,56,60,59,60,60,58,60,59,59,60,60,60,59,57,59,59,60,58,59,60,58,59,60,60,60,60
60,59,60,60,60,60,58,57,58,58,60,60,57,60,60,60,59,59,60,57,59,57,55,56,56,59,59,60,60,58,60,59,59,60,60,60,59,57,59,58,60,58,58,60,58,59,60,60,61,60
60,59,59,60,60,60,59,56,58,58,60,60,57,60,59,60,59,58,60,57,59,57,55,55,56,59,59,60,59,58,60,59,59,60,60,59,59,57,59,58,60,58,58,60,58,59,60,60,61,60
60,59,59,60,60,60,59,56,58,58,60,60,57,60,59,60,59,58,60,57,60,56,55,55,56,59,59,60,59,58,60,59,59,60,60,59,59,57,58,58,60,58,58,60,58,59,60,60,61,60
60,59,59,60,60,60,59,55,58,57,60,60,57,60,59,60,59,58,60,57,60,56,55,55,55,59,59,60,59,58,60,59,59,60,60,59,59,56,58,58,59,58,58,60,58,59,60,60,61,60
60,59,59,60,59,60,60,55,58,57,60,60,57,60,59,60,60,57,59,56,60,56,54,54,55,59,59,60,59,58,60,59,59,60,60,59,59,56,58,58,59,58,58,60,58,59,60,60,61,60
60,59,59,60,59,60,60,55,58,57,60,60,56,60,59,60,60,57,59,56,60,56,54,54,55,59,59,59,59,58,60,59,58,59,60,59,59,56,58,58,59,58,58,60,58,59,60,60,61,60
60,59,59,60,59,60,60,55,58,57,60,60,56,60,59,60,60,57,59,56,60,56,54,54,55,59,59,59,59,58,60,59,58,59,60,59,59,56,58,58,59,58,58,60,58,59,60,60,61,60
60,59,59,60,59,60,60,55,58,57,60,60,56,60,59,60,60,57,59,56,60,55,54,54,55,59,59,59,59,58,60,59,58,59,60,59,59,56,58,58,59,58,58,60,58,59,60,60,61,60
60,59,59,60,59,60,60,55,58,57,60,60,56,60,59,60,60,57,59,56,60,55,54,54,55,59,59,59,59,58,60,59,58,59,60,59,59,56,58,58,59,58,58,60,58,59,60,60,61,60
60,59,59,60,59,60,60,54,58,57,60,60,56,60,59,60,60,57,59,56,60,55,54,54,55,59,59,59,59,58,60,59,58,59,60,59,59,56,58,58,59,58,58,60,58,59,60,60,61,60
60,59,59,60,59,60,60,54,58,57,60,60,56,60,59,60,60,57,59,56,60,55,54,54,55,59,59,59,59,58,60,59,58,59,60,59,59,56,58,58,59,58,58,60,58,59,60,60,61,60
60,59,59,60,59,60,60,54,58,57,60,60,56,60,59,60,60,57,59,56,60,55,54,54,55,59,59,59,59,58,60,59,58,59,60,59,59,56,58,58,59,58,58,60,58,59,60,60,61,60
60,59,59,60,59,60,60,54,58,57,60,60,56,60,59,60,60,57,59,56,60,55,54,54,55,59,59,59,59,58,60,59,58,59,60,59,59,56,58,58,59,58,58,60,58,59,60,60,61,60
60,59,59,60,59,60,60,54,58,57,60,60,56,60,59,60,60,57,59,56,60,55,54,54,55,59,59,59,59,58,60,59,58,59,60,59,59,56,58,58,59,58,58,60,58,59,60,60,61,60
60,59,59,60,59,60,60,54,58,57,60,60,56,60,59,60,60,57,59,56,60,55,54,54,55,59,59,59,59,58,60,59,58,59,60,59,59,56,58,58,59,58,58,60,58,59,60,60,61,60
60,59,59,60,59,60,60,54,58,57,60,60,56,60,59,60,60,57,59,56,60,55,54,54,55,59,59,59,59,58,60,59,58,59,60,59,59,56,58,58,59,58,58,60,58,59,60,60,61,60
60,59,59,60,59,60,60,54,58,57,60,60,56,60,59,60,60,57,59,56,60,55,54,54,55,59,59,59,59,58,60,59,58,59,60,59,59,56,58,58,59,58,58,60,58,59,60,60,61,60
60,59,59,60,59,60,60,54,58,57,60,60,56,60,59,60,60,57,59,56,60,55,54,54,55,59,59,59,59,58,60,59,58,59,60,59,59,56,58,58,59,58,58,60,58,59,60,60,61,60
60,59,59,60,59,60,60,54,58,57,60,60,56,60,59,60,60,57,59,56,60,55,54,54,55,59,59,59,59,58,60,59,58,59,60,59,59,56,58,58,59,58,58,60,58,59,60,60,61,60
60,59,59,60,59,60,60,54,58,57,60,60,56,60,59,60,60,57,59,56,60,55,54,54,55,59,59,59,59,58,60,59,58,59,60,59,59,56,58,58,59,58,58,60,58,59,60,60,61,60
60,59,59,60,59,60,60,54,58,57,60,60,56,60,59,60,60,57,59,56,60,55,54,54,55,59,59,59,59,58,60,59,58,59,60,59,59,56,58,58,59,58,58,60,58,59,60,60,61,60
60,59,59,60,59,60,60,54,58,57,60,60,56,60,59,60,60,57,59,56,60,55,54,54,55,59,59,59,59,58,60,59,58,59,60,59,59,56,58,58,59,58,58,60,58,59,60,60,61,60
60,59,59,60,59,60,60,54,58,57,60,60,56,60,59,60,60,57,59,56,60,55,54,54,55,59,59,59,59,58,60,59,58,59,60,59,59,56,58,58,59,58,58,60,58,59,60,60,61,60
60,59,59,60,59,60,60,54,58,57,60,60,56,60,59,60,60,57,59,56,60,55,54,54,55,59,59,59,59,58,60,59,58,59,60,59,59,56,58,58,59,58,58,60,58,59,60,60,61,60
60,59,59,60,59,60,60,54,58,57,60,60,56,60,59,60,60,57,59,56,60,55,54,54,55,59,59,59,59,58,60,59,58,59,60,59,59,56,58,58,59,58,58,60,58,59,60,60,61,60
60,59,59,60,59,60,60,54,58,57,60,60,56,60,59,60,60,57,59,56,60,55,54,54,55,59,59,59,59,58,60,59,58,59,60,59,59,56,58,58,59,58,58,60,58,59,60,60,61,60
60,59,59,60,59,60,60,54,58,57,60,60,56,60,59,60,60,57,59,56,60,55,54,54,55,59,59,59,59,58,60,59,58,59,60,59,59,56,58,58,59,58,58,60,58,59,60,60,61,60
60,59,59,60,59,60,60,54,58,57,60,60,56,60,59,60,60,57,59,56,60,55,54,54,55,59,59,59,59,58,60,59,58,59,60,59,59,56,58,58,59,58,58,60,58,59,60,60,61,60
60,59,59,60,59,60,60,54,58,57,60,60,56,60,59,60,60,57,59,56,60,55,54,54,55,59,59,59,59,58,60,59,58,59,60,59,59,56,58,58,59,58,58,60,58,59,60,60,61,60
60,59,59,60,59,60,60,54,58,57,60,60,56,60,59,60,60,57,59,56,60,55,54,54,55,59,59,59,59,58,60,59,58,59,60,59,59,56,58,58,59,58,58,60,58,59,60,60,61,60
60,59,59,60,59,60,60,54,58,57,60,60,56,60,59,60,60,57,59,56,60,55,54,54,55,59,59,59,59,58,60,59,58,59,60,59,59,56,58,58,59,58,58,60,58,59,60,60,61,60
60,59,59,60,59,60,60,54,58,57,60,60,56,60,59,60,60,57,59,56,60,55,54,54,55,59,59,59,59,58,60,59,58,59,60,59,59,56,58,58,59,58,58,60,58,59,60,60,61,60
60,59,59,60,59,60,60,54,58,57,60,60,56,60,59,60,60,57,59,56,60,55,54,54,55,59,59,59,59,58,60,59,58,59,60,59,59,56,58,58,59,58,58,60,58,59,60,60,61,60
60,59,59,60,59,60,60,54,58,57,60,60,56,60,59,60,60,57,59,56,60,55,54,54,56,59,59,59,59,58,60,59,58,59,60,59,59,56,58,58,59,58,58,60,58,59,60,60,61,60
60,59,59,60,59,60,60,54,58,57,60,60,56,60,59,60,60,57,59,56,60,55,55,54,56,59,59,59,59,58,60,59,58,59,60,59,59,56,58,58,59,58,58,60,58,59,60,60,61,60
60,59,59,60,59,60,60,54,58,57,60,60,56,60,59,60,60,57,59,56,60,55,55,54,56,59,59,59,59,58,60,59,58,59,60,59,59,56,58,58,59,58,58,60,58,59,60,60,61,60
60,59,59,60,59,60,60,54,58,57,60,60,57,60,59,60,60,57,59,56,60,55,55,54,56,59,59,59,59,58,60,59,58,59,60,59,59,56,58,58,59,58,58,60,58,59,60,60,61,60
60,59,59,60,59,60,60,54,58,57,60,60,57,60,59,60,60,57,60,56,60,56,55,54,56,59,59,59,59,58,60,59,58,59,60,59,59,56,58,58,59,58,58,60,58,59,60,60,61,60
60,59,59,60,59,60,60,54,58,57,60,60,57,60,59,60,60,57,60,56,60,56,55,54,56,59,59,59,59,58,60,59,58,59,60,59,59,56,58,58,59,58,58,60,58,59,60,60,61,60
60,59,59,60,59,60,60,55,58,57,60,60,57,60,59,60,60,57,60,56,60,56,55,55,56,59,59,59,59,58,60,59,58,59,60,59,59,56,58,58,59,58,58,60,58,59,60,60,61,60
60,59,59,60,59,60,60,55,58,57,60,60,57,60,59,60,60,57,60,57,60,56,55,55,56,59,59,59,59,58,60,59,58,59,60,59,59,57,58,58,59,58,58,60,58,59,60,60,61,60
61,59,59,60,59,60,60,55,58,57,60,60,57,59,59,60,60,57,60,57,60,56,56,55,56,59,59,60,59,58,60,59,58,59,60,59,59,57,58,58,59,58,58,60,58,59,60,60,61,60
61,59,59,60,59,60,60,55,58,57,60,60,57,59,59,60,60,57,60,57,60,56,56,55,56,59,59,60,59,59,60,59,59,59,60,59,59,57,58,59,59,59,58,60,59,59,60,60,61,60
61,59,59,60,59,60,60,55,59,57,60,60,57,59,59,60,60,57,60,57,60,56,56,55,56,59,59,60,59,59,60,59,59,59,60,59,59,57,58,59,59,59,59,60,59,59,60,60,61,60
61,59,58,60,59,60,60,55,59,57,60,60,58,59,59,60,60,57,60,57,59,56,57,56,56,58,59,60,59,59,60,60,59,59,60,59,59,57,58,59,60,59,59,60,59,59,60,60,61,60
61,59,59,60,59,60,60,56,59,57,60,60,58,59,60,60,60,57,60,58,59,57,57,56,56,58,59,60,59,59,60,60,59,60,60,59,59,57,58,59,59,59,59,60,59,59,60,60,61,60
61,59,59,60,59,60,60,56,59,58,60,60,58,59,60,60,60,57,60,58,59,57,57,56,56,58,59,60,59,59,60,60,59,60,60,59,59,58,58,59,59,59,59,60,59,59,60,60,61,60
61,59,59,60,59,60,60,57,58,58,59,60,58,59,60,60,60,57,60,58,59,57,58,57,56,58,59,60,60,59,59,60,59,60,60,59,59,58,58,59,59,59,59,59,59,59,60,60,61,60
61,59,59,60,60,60,60,57,58,58,59,60,58,58,60,60,60,58,60,58,59,57,58,57,56,57,59,60,60,60,59,60,59,60,60,60,59,58,58,59,59,59,59,59,59,59,60,60,61,60
61,59,59,60,60,60,60,57,58,58,59,60,59,58,60,60,60,58,60,59,58,58,58,56,56,57,59,60,60,60,59,60,59,60,60,60,59,58,58,60,59,60,59,59,59,59,60,60,61,60
61,59,59,60,60,60,60,58,58,59,59,60,59,58,60,60,60,58,59,59,58,58,58,56,56,57,60,60,60,60,59,60,60,60,60,60,59,59,58,59,59,60,59,59,60,59,60,60,60,60
61,59,59,60,60,60,60,58,57,59,59,60,59,58,60,60,60,58,59,59,58,58,58,56,56,57,60,60,60,60,59,60,60,60,60,60,60,59,58,59,59,60,59,59,60,59,60,61,61,60
61,60,59,60,60,60,60,58,57,59,59,60,60,58,60,60,60,58,59,60,58,59,58,56,55,57,60,60,60,60,59,60,60,60,60,60,60,59,58,59,59,60,59,59,60,59,59,61,61,61
61,60,60,60,60,60,60,59,57,59,58,60,60,57,60,60,60,59,59,60,58,59,57,55,55,56,60,60,60,60,59,60,60,60,60,60,60,59,57,59,59,60,59,59,60,59,59,61,61,61
61,60,60,60,60,60,60,59,56,59,58,61,60,57,60,60,60,59,59,60,57,60,57,55,55,56,60,60,60,60,59,60,60,59,60,60,60,60,57,59,59,60,59,59,60,59,59,61,61,61
61,60,60,60,60,60,60,59,56,59,58,61,60,57,60,60,60,59,58,60,57,60,57,55,55,56,60,60,60,60,59,60,60,59,60,60,60,59,57,59,59,60,58,59,60,58,59,61,61,61
61,60,60,60,60,60,60,60,56,59,58,61,60,57,61,60,60,60,58,60,57,60,57,55,55,56,60,60,60,60,59,60,60,59,60,60,60,60,57,59,59,60,59,59,60,58,59,61,61,61
61,60,59,60,60,60,60,60,56,59,58,61,60,57,61,60,60,60,58,60,57,60,56,55,55,56,60,60,60,60,59,60,60,59,60,60,60,59,57,59,59,60,59,59,60,58,59,61,61,61
60,60,59,60,60,60,60,60,55,59,58,61,60,57,61,60,60,60,58,60,57,60,56,55,55,56,60,59,60,60,59,60,60,59,60,61,60,59,57,59,59,60,58,59,60,58,59,61,61,61
60,60,59,59,60,60,60,60,55,59,58,61,60,57,60,60,60,60,58,60,57,60,56,55,54,56,59,59,60,60,59,60,60,59,60,61,60,59,57,58,59,60,58,59,61,58,59,61,61,61
60,61,59,59,61,60,60,60,55,59,57,61,61,57,60,60,60,60,58,60,57,60,56,55,54,56,59,59,60,60,59,60,60,59,60,61,60,59,57,58,59,60,58,59,61,58,59,61,61,61
60,61,59,59,61,60,60,60,55,59,57,61,61,57,60,60,60,60,58,60,57,61,56,55,54,56,60,59,60,60,59,60,60,59,60,61,60,59,57,58,59,60,58,59,61,58,59,61,61,61
60,61,59,59,60,60,60,60,55,58,57,61,61,57,60,60,60,60,57,60,57,60,56,55,54,56,59,59,60,60,59,60,60,59,60,60,60,59,56,58,59,60,58,58,61,58,59,61,61,61
60,61,59,59,60,60,60,60,55,58,57,61,61,57,60,60,60,60,57,60,57,60,56,55,54,55,59,59,60,60,59,60,60,59,60,60,59,59,56,58,58,60,58,58,60,58,59,61,61,61
60,61,59,59,60,59,60,60,55,58,57,60,60,56,60,60,60,60,57,60,57,60,56,55,54,55,59,59,60,59,58,60,59,59,60,60,59,59,56,58,58,59,58,58,60,58,59,61,61,61
60,60,58,58,60,59,60,60,54,58,57,60,60,56,60,59,60,60,57,59,56,60,55,54,53,55,59,59,59,59,58,60,59,58,59,60,59,59,56,58,58,59,58,58,60,58,58,60,60,61
60,60,58,58,60,59,60,60,54,58,57,60,60,56,60,59,60,60,57,59,56,60,55,54,53,55,59,59,59,59,58,60,59,58,59,60,59,59,56,58,58,59,58,58,60,58,58,60,60,61
60,60,58,58,60,59,60,60,54,58,57,60,60,56,60,59,60,60,57,59,56,60,55,54,53,55,59,59,59,59,58,60,59,58,59,60,59,59,56,58,58,59,58,58,60,58,58,60,60,61
60,60,58,58,60,59,60,60,54,58,57,60,60,56,60,59,60,60,57,59,56,60,55,54,53,55,59,59,59,59,58,60,59,58,59,60,59,59,56,58,58,59,58,58,60,58,58,60,60,61
60,60,58,58,60,59,60,60,54,58,57,60,60,56,60,59,60,60,57,59,56,60,55,54,53,55,59,59,59,59,58,60,59,58,59,60,59,59,56,58,58,59,58,58,60,58,58,60,60,61
60,60,58,58,60,59,60,60,54,58,57,60,60,56,60,59,60,60,57,59,56,60,55,54,53,55,59,59,59,59,58,60,59,58,59,60,59,59,56,58,58,59,58,58,60,58,58,60,60,61
60,60,58,58,60,59,60,60,54,58,57,60,60,56,60,59,60,60,57,59,56,60,55,54,53,55,59,59,59,59,58,60,59,58,59,60,59,59,56,58,58,59,58,58,60,58,58,60,60,61
60,60,58,58,60,59,60,60,54,58,57,60,60,56,60,59,60,60,57,59,56,60,55,54,53,55,59,59,59,59,58,60,59,58,59,60,59,59,56,58,58,59,58,58,60,58,58,60,60,61
60,60,58,58,60,59,60,60,54,58,57,60,60,56,60,59,60,60,57,59,56,60,55,54,53,55,59,59,59,59,58,60,59,58,59,60,59,59,56,58,58,59,58,58,60,58,58,60,60,61
60,60,58,58,60,59,60,60,54,58,57,60,60,56,60,59,60,60,57,59,56,60,55,54,53,55,59,59,59,59,58,60,59,58,59,60,59,59,56,58,58,59,58,58,60,58,58,60,60,61
60,60,58,58,60,59,60,60,54,58,57,60,60,56,60,59,60,60,57,59,56,60,55,54,53,55,59,59,59,59,58,60,59,58,59,60,59,59,56,58,58,59,58,58,60,58,58,60,60,61
60,60,58,58,60,59,60,60,54,58,57,60,60,56,60,59,60,60,57,59,56,60,55,54,53,55,59,59,59,59,58,60,59,58,59,60,59,59,56,58,58,59,58,58,60,58,58,60,60,61
60,60,58,58,60,59,60,60,54,58,57,60,60,56,60,59,60,60,57,59,56,60,55,54,53,55,59,59,59,59,58,60,59,58,59,60,59,59,56,58,58,59,58,58,60,58,58,60,60,61
60,60,58,58,60,59,60,60,54,58,57,60,60,56,60,59,60,60,57,59,56,60,55,54,53,55,59,59,59,59,58,60,59,58,59,60,59,59,56,58,58,59,58,58,60,58,58,60,60,61
60,60,58,58,60,59,60,60,54,58,57,60,60,56,60,59,60,60,57,59,56,60,55,54,53,55,59,59,59,59,58,60,59,58,59,60,59,59,56,58,58,59,58,58,60,58,58,60,60,61
60,60,58,58,60,59,60,60,54,58,57,60,60,56,60,59,60,60,57,59,56,60,55,54,53,55,59,59,59,59,58,60,59,58,59,60,59,59,56,58,58,59,58,58,60,58,58,60,60,61
60,60,58,58,60,59,60,60,54,58,57,60,60,56,60,59,60,60,57,59,56,60,55,54,53,55,59,59,59,59,58,60,59,58,59,60,59,59,56,58,58,59,58,58,60,58,58,60,60,61
60,60,58,58,60,59,60,60,54,58,57,60,60,56,60,59,60,60,57,59,56,60,55,54,53,55,59,59,59,59,58,60,59,58,59,60,59,59,56,58,58,59,58,58,60,58,58,60,60,61
60,60,58,58,60,59,60,60,54,58,57,60,60,56,60,59,60,60,57,59,56,60,55,54,54,55,59,59,59,59,58,60,59,58,59,60,59,59,56,58,58,59,58,58,60,58,58,60,60,61
60,60,58,58,60,59,60,60,54,58,57,60,60,56,60,59,60,60,57,59,56,60,55,54,54,55,59,59,59,59,58,60,59,58,59,60,59,59,56,58,58,59,58,58,60,58,58,60,60,61
60,60,58,58,60,59,60,60,54,58,57,60,60,56,60,59,60,60,57,59,56,60,55,54,54,55,59,59,59,59,58,60,59,58,59,60,59,59,56,58,58,59,58,58,60,58,58,60,60,61
60,60,58,58,60,59,60,60,54,58,57,60,60,56,60,59,60,60,57,59,56,60,55,54,54,56,59,59,59,59,58,60,59,58,59,60,59,59,56,58,58,59,58,58,60,58,58,60,60,61
60,60,58,58,60,59,60,60,54,58,57,60,60,56,60,59,60,60,57,59,56,60,55,55,54,56,59,59,59,59,58,60,59,58,59,60,59,59,56,58,58,59,58,58,60,58,58,60,60,61
60,60,58,58,60,59,60,60,54,58,57,60,60,56,60,59,60,60,57,59,56,60,55,55,54,56,59,59,59,59,58,60,59,58,59,60,59,59,56,58,58,59,58,58,60,58,58,60,60,61
60,60,58,58,60,59,60,60,54,58,57,60,60,57,60,59,60,60,57,60,56,60,55,55,54,56,59,59,59,59,58,60,59,58,59,60,59,59,56,58,58,59,58,58,60,58,58,60,60,61
60,60,58,58,60,59,60,60,54,58,57,60,60,57,60,59,60,60,57,60,56,60,56,55,54,56,59,59,59,59,58,60,59,58,59,60,59,59,56,58,58,59,58,58,60,58,58,60,60,61
60,60,58,58,60,59,60,60,54,58,57,60,60,57,60,59,60,60,57,60,56,60,56,55,54,56,59,59,59,59,58,60,59,58,59,60,59,59,56,58,58,59,58,58,60,58,59,60,60,61
60,60,58,58,60,59,60,60,55,58,57,60,60,57,60,59,60,60,57,60,57,60,56,55,55,56,59,59,59,59,58,60,59,58,59,60,59,59,56,58,58,59,58,58,60,58,59,60,60,61
60,61,58,58,60,59,60,60,55,58,57,60,60,57,59,59,60,60,57,60,57,60,56,56,55,56,59,59,59,59,58,60,59,58,59,60,59,59,57,58,58,59,58,58,60,58,59,60,60,61
60,61,59,58,60,59,60,60,55,58,57,60,60,57,59,59,60,60,57,60,57,60,56,56,55,56,59,59,59,59,59,60,59,58,59,60,59,59,57,58,59,59,59,58,60,58,59,60,60,61
60,60,59,58,60,59,60,60,55,59,57,60,60,57,59,59,60,60,57,60,57,60,56,56,55,56,58,59,60,59,59,60,59,59,59,60,59,59,57,58,59,59,59,58,60,59,59,60,60,61
60,60,59,58,60,59,60,60,55,59,57,60,60,57,59,59,60,60,57,60,57,59,56,57,56,56,58,59,60,59,59,60,60,59,59,60,59,59,57,58,59,59,59,59,60,59,59,60,60,61
60,60,59,59,60,59,60,60,56,59,57,60,60,58,59,60,60,60,57,60,58,59,57,57,56,56,58,59,60,59,59,60,60,59,60,60,59,59,57,58,59,59,59,59,60,59,59,60,60,61
60,60,59,59,60,59,60,60,56,59,58,59,60,58,59,60,60,60,57,60,58,59,57,57,56,56,58,59,60,59,59,59,60,59,60,60,59,59,58,58,59,59,59,59,59,59,59,60,60,61
60,60,59,59,60,59,60,60,57,58,58,59,60,58,58,60,60,60,57,60,58,59,57,58,56,56,57,59,60,60,59,59,60,59,60,60,59,59,58,58,59,59,59,59,59,59,59,60,60,61
60,60,59,59,60,59,60,60,57,58,58,59,60,58,58,60,60,60,58,59,58,58,57,58,56,56,57,59,60,60,60,59,60,59,60,60,60,59,58,58,59,59,59,59,59,59,59,59,60,60
60,60,59,59,60,60,60,60,57,57,58,59,60,59,58,60,60,60,58,59,59,58,58,58,56,56,57,59,60,60,60,59,60,59,59,60,60,59,58,58,59,59,60,58,59,59,58,59,60,60
60,60,59,59,60,60,60,60,58,57,59,58,60,59,58,60,60,60,58,59,59,58,58,58,56,55,57,60,60,60,60,59,60,59,59,60,60,59,59,58,59,59,60,58,59,60,58,59,60,60
60,60,59,59,60,60,60,60,58,57,58,58,60,59,57,60,60,60,58,59,59,57,58,57,56,55,56,60,59,60,60,58,60,59,59,60,60,60,59,57,59,58,60,58,59,60,58,59,60,60
60,60,60,59,60,60,60,60,58,56,58,58,60,60,57,60,60,60,58,59,60,57,59,57,55,55,56,60,59,60,60,58,60,59,59,60,60,60,59,57,59,58,60,58,58,60,58,59,60,61
60,60,60,59,60,60,60,60,59,56,58,58,60,60,57,60,60,60,59,58,60,57,59,57,55,55,56,60,59,60,60,58,60,59,59,60,60,60,59,57,59,58,60,58,58,60,58,59,61,61
60,60,60,59,60,60,60,60,59,56,58,58,61,60,57,60,60,60,59,58,60,57,60,57,55,55,56,59,59,60,59,58,60,59,59,60,60,59,59,57,59,58,60,58,58,60,58,59,61,61
60,60,60,59,60,60,60,60,59,56,58,58,60,60,57,60,60,60,59,58,60,57,60,56,55,55,55,59,59,60,59,58,60,59,59,60,60,59,59,56,58,58,59,58,58,60,58,59,60,61
60,60,60,59,59,60,60,60,60,55,58,57,60,60,57,60,60,60,60,58,60,57,60,56,55,54,55,59,59,60,59,58,60,59,59,60,60,59,59,56,58,58,59,58,58,60,58,59,60,61
60,60,60,59,59,60,60,60,60,55,58,57,60,60,57,60,60,60,60,57,60,57,60,56,55,54,55,59,59,60,59,58,60,59,59,60,60,59,59,56,58,58,59,58,58,60,58,59,60,61
60,60,60,59,59,60,60,60,60,55,58,58,61,60,57,60,60,60,60,57,60,57,60,56,55,54,55,59,59,60,60,59,60,60,59,60,60,59,59,56,58,58,60,58,58,60,58,59,60,61
60,60,60,59,59,60,60,60,60,55,58,57,61,60,57,60,60,60,60,57,60,57,60,56,55,54,55,59,59,60,60,59,60,60,59,60,60,59,59,56,58,58,60,58,58,60,58,59,61,61
60,60,61,59,59,61,60,60,60,55,58,57,61,61,57,60,60,60,60,57,60,57,60,56,55,54,55,59,59,60,60,59,60,60,59,60,60,59,59,56,58,58,60,58,58,60,58,59,60,61
61,60,61,59,59,61,60,60,60,55,58,57,61,61,57,60,60,60,60,58,60,57,60,56,55,54,55,59,59,60,60,59,60,60,59,60,61,60,59,56,58,59,60,58,59,60,58,59,61,61
61,61,61,59,59,60,60,60,60,55,59,57,61,61,57,60,60,61,60,57,60,57,60,56,55,54,56,60,60,60,60,59,60,60,59,60,61,60,59,57,58,59,60,58,59,61,58,59,61,61
60,60,61,59,59,60,60,60,60,55,58,57,61,61,57,60,60,60,60,57,60,57,60,56,55,54,55,59,59,60,60,59,60,60,59,60,60,60,59,56,58,58,60,58,58,61,58,59,61,61
60,60,61,59,59,61,60,60,60,55,58,57,61,61,56,60,60,60,60,57,60,57,60,56,55,54,55,59,59,60,59,59,60,59,59,60,60,59,59,56,58,58,60,58,58,60,58,59,61,61
60,60,61,59,59,60,60,60,60,55,58,57,60,60,56,60,60,60,60,57,60,56,60,56,55,54,55,59,59,60,59,58,60,59,59,60,60,59,59,56,58,58,59,58,58,60,58,59,61,61
60,60,61,59,59,60,59,60,60,54,58,57,60,60,56,60,60,60,60,57,60,56,60,56,54,54,55,59,59,60,59,58,60,59,58,60,60,59,59,56,58,58,59,58,58,60,58,59,60,61
60,60,60,59,59,60,59,60,60,54,58,57,60,60,56,60,59,60,60,57,59,56,60,55,54,53,55,59,59,59,59,58,60,59,58,59,60,59,59,56,58,58,59,58,58,60,57,59,60,61
60,60,60,58,58,60,59,60,60,54,58,57,60,60,56,60,59,60,59,57,59,56,60,55,54,53,55,59,59,59,59,58,59,59,58,59,60,59,58,55,58,58,59,58,58,60,57,58,60,60
60,60,60,58,58,60,59,60,60,54,58,57,60,60,56,60,59,60,59,57,59,56,60,55,54,53,55,59,59,59,59,58,59,59,58,59,60,59,58,55,58,58,59,58,58,60,57,58,60,60
60,60,60,58,58,60,59,60,60,54,58,57,60,60,56,60,59,60,59,57,59,56,60,55,54,53,55,59,59,59,59,58,59,59,58,59,60,59,58,55,58,58,59,58,58,60,57,58,60,60
60,60,60,58,58,60,59,60,60,54,58,57,60,60,56,60,59,60,59,57,59,56,60,55,54,53,55,59,59,59,59,58,59,59,58,59,60,59,58,55,58,58,59,58,58,60,57,58,60,60
60,60,60,58,58,60,59,60,60,54,58,57,60,60,56,60,59,60,59,57,59,56,60,55,54,53,55,59,59,59,59,58,59,59,58,59,60,59,58,55,58,58,59,58,58,60,57,58,60,60
60,60,60,58,58,60,59,60,60,54,58,57,60,60,56,60,59,60,59,57,59,56,60,55,54,53,55,59,59,59,59,58,59,59,58,59,60,59,58,55,58,58,59,58,58,60,57,58,60,60
60,60,60,58,58,60,59,60,60,54,58,57,60,60,56,60,59,60,59,57,59,56,60,55,54,53,55,59,59,59,59,58,59,59,58,59,60,59,58,55,58,58,59,58,58,60,57,58,60,60
60,60,60,58,58,60,59,60,60,54,58,57,60,60,56,60,59,60,59,57,59,56,60,55,54,53,55,59,59,59,59,58,59,59,58,59,60,59,58,55,58,58,59,58,58,60,57,58,60,60
60,60,60,58,58,60,59,60,60,54,58,57,60,60,56,60,59,60,59,57,59,56,60,55,54,53,55,59,59,59,59,58,59,59,58,59,60,59,58,55,58,58,59,58,58,60,57,58,60,60
60,60,60,58,58,60,59,60,60,54,58,57,60,60,56,60,59,60,59,57,59,56,60,55,54,53,55,59,59,59,59,58,59,59,58,59,60,59,58,55,58,58,59,58,58,60,57,58,60,60
60,60,60,58,58,60,59,60,60,54,58,57,60,60,56,60,59,60,59,57,59,56,60,55,54,53,55,59,59,59,59,58,59,59,58,59,60,59,58,55,58,58,59,58,58,60,57,58,60,60
60,60,60,58,58,60,59,60,60,54,58,57,60,60,56,60,59,60,59,57,59,56,60,55,54,53,55,59,59,59,59,58,59,59,58,59,60,59,58,55,58,58,59,58,58,60,57,58,60,60
60,60,60,58,58,60,59,60,60,54,58,57,60,60,56,60,59,60,59,57,59,56,60,55,54,53,55,59,59,59,59,58,59,59,58,59,60,59,58,55,58,58,59,58,58,60,57,58,60,60
60,60,60,58,58,60,59,60,60,54,58,57,60,60,56,60,59,60,59,57,59,56,60,55,54,53,55,59,59,59,59,58,59,59,58,59,60,59,58,55,58,58,59,58,58,60,57,58,60,60
60,60,60,58,58,60,59,60,60,54,58,57,60,60,56,60,59,60,59,57,59,56,60,55,54,53,55,59,59,59,59,58,59,59,58,59,60,59,58,55,58,58,59,58,58,60,57,58,60,60
60,60,60,58,58,60,59,60,60,54,58,57,60,60,56,60,59,60,59,57,59,56,60,55,54,53,55,59,59,59,59,58,59,59,58,59,60,59,58,55,58,58,59,58,58,60,57,58,60,60
60,60,60,58,58,60,59,60,60,54,58,57,60,60,56,60,59,60,59,57,59,56,60,55,54,53,55,59,59,59,59,58,59,59,58,59,60,59,58,55,58,58,59,58,58,60,57,58,60,60
60,60,60,58,58,60,59,60,60,54,58,57,60,60,56,60,59,60,59,57,59,56,60,55,54,53,55,59,59,59,59,58,59,59,58,59,60,59,58,56,58,58,59,58,58,60,58,58,60,60
60,60,60,58,58,60,59,60,60,54,58,57,60,60,56,60,59,60,60,57,59,56,60,55,54,54,55,59,59,59,59,58,59,59,58,59,60,59,58,56,58,58,59,58,58,60,58,58,60,60
60,60,60,58,58,60,59,60,60,54,58,57,60,60,56,60,59,60,60,57,59,56,60,55,54,54,56,59,59,59,59,58,59,59,58,59,60,59,58,56,58,58,59,58,58,60,58,58,60,60
60,60,60,58,58,60,59,60,60,54,58,57,60,60,56,60,59,60,60,57,59,56,60,55,55,54,56,59,59,59,59,58,59,59,58,59,60,59,58,56,58,58,59,58,58,60,58,58,60,60
60,60,60,58,58,60,59,60,60,54,58,57,60,60,56,60,59,60,60,57,59,56,60,55,55,54,56,59,59,59,59,58,59,59,58,59,60,59,58,56,58,58,59,58,58,60,58,58,60,60
60,60,60,58,58,60,59,60,60,54,58,57,60,60,57,60,59,60,60,57,60,56,60,55,55,54,56,59,59,59,59,58,59,59,58,59,60,59,58,56,58,58,59,58,58,60,58,58,60,60
60,60,60,58,58,60,59,60,60,54,58,57,60,60,57,60,59,60,60,57,60,56,60,56,55,54,56,59,59,59,59,58,59,59,58,59,60,59,58,56,58,58,59,58,58,60,58,58,60,60
60,60,60,58,58,60,59,60,60,55,58,57,60,60,57,60,59,60,60,57,60,57,60,56,55,55,56,59,59,59,59,58,59,59,58,59,60,59,58,56,58,58,59,58,58,60,58,59,60,60
60,60,61,58,58,60,59,60,60,55,58,57,60,60,57,59,59,60,60,57,60,57,60,56,56,55,56,59,59,59,59,58,59,59,58,59,60,59,58,57,58,58,59,58,58,60,58,59,60,60
60,60,61,58,58,60,59,60,60,55,58,57,60,60,57,59,59,60,60,57,60,57,60,56,56,55,56,59,59,59,59,58,60,59,58,59,60,59,59,57,58,59,59,58,58,60,58,59,60,60
60,60,60,59,58,60,59,60,60,55,58,57,60,60,57,59,59,60,60,57,60,57,59,56,56,55,56,58,59,60,59,59,60,59,59,59,60,59,59,57,58,59,59,59,58,60,59,59,60,60
60,60,60,59,58,60,59,60,60,55,59,57,60,60,57,59,59,60,60,57,60,57,59,56,57,56,56,58,59,60,59,59,60,60,59,59,60,59,59,57,58,59,59,59,59,60,59,59,60,60
60,60,60,59,58,60,59,60,60,56,59,57,60,60,58,59,60,60,60,57,60,58,59,57,57,56,56,58,59,60,59,59,60,60,59,59,60,59,59,57,58,59,59,59,59,60,59,59,60,60
60,60,60,59,59,60,59,60,60,56,59,58,59,60,58,59,60,60,60,57,60,58,59,57,57,56,56,58,59,60,59,59,59,60,59,60,60,59,59,58,58,59,59,59,59,59,59,59,60,60
60,60,60,59,59,60,59,60,60,57,58,58,59,60,58,58,60,60,60,57,60,58,59,57,58,56,56,57,59,60,59,59,59,60,59,60,60,59,59,58,58,59,59,59,59,59,59,59,60,60
60,60,60,59,59,60,59,60,60,57,58,58,59,60,58,58,60,60,60,58,60,58,58,57,58,56,55,57,59,60,60,60,59,60,59,60,60,60,59,58,58,59,59,59,59,59,59,59,60,60
60,60,60,59,59,60,60,60,60,57,58,58,59,60,59,58,60,60,60,58,59,59,58,58,58,56,55,57,59,60,60,60,59,60,59,59,60,60,59,58,58,59,59,60,58,59,59,58,59,60
60,60,60,59,59,60,60,60,60,58,57,59,59,60,59,58,60,60,60,58,59,59,58,58,58,56,55,57,60,60,60,60,59,60,60,59,60,60,59,58,58,59,59,60,58,59,60,58,59,61
60,60,60,59,59,60,60,60,60,58,57,59,58,60,59,57,60,60,60,58,59,59,57,58,58,56,55,56,60,60,60,60,58,60,59,59,60,60,60,59,57,59,59,60,58,59,60,58,59,61
60,60,60,60,59,60,60,60,60,58,57,58,58,60,60,57,60,60,60,58,59,60,57,59,57,55,55,56,60,59,60,60,58,60,59,59,60,60,60,59,57,59,58,60,58,58,60,58,59,61
60,60,60,60,59,60,60,60,60,59,56,58,58,60,60,57,60,60,60,59,59,60,57,59,57,55,55,56,60,59,60,60,58,60,59,59,60,60,60,59,57,59,58,60,58,58,60,58,59,61
60,60,60,60,59,60,60,60,60,59,56,58,58,61,60,57,60,60,60,59,58,60,57,60,57,55,55,56,59,59,60,60,58,60,59,59,60,60,60,59,57,59,58,60,58,58,60,58,59,61
60,60,60,60,59,60,60,60,60,59,56,58,58,61,60,57,60,60,60,59,58,60,57,60,56,55,55,56,59,59,60,60,59,60,59,59,60,60,60,59,57,58,58,60,58,58,60,58,59,61
60,60,60,60,59,59,60,60,60,60,55,58,58,61,60,57,60,60,60,60,58,60,57,60,56,55,54,55,59,59,60,60,59,60,59,59,60,60,59,59,56,58,58,60,58,58,60,58,59,61
60,60,60,60,59,59,60,60,60,60,55,58,57,61,60,57,60,60,60,60,58,60,57,60,56,55,54,55,59,59,60,59,59,60,59,59,60,60,59,59,56,58,58,60,58,58,60,58,59,60
60,60,60,60,59,59,60,60,60,60,55,58,58,61,60,57,60,60,60,60,57,60,57,60,56,55,54,55,59,59,60,60,59,60,60,59,60,60,59,59,56,58,58,60,58,58,60,58,59,61
60,60,60,60,59,59,60,60,60,60,55,58,57,61,60,56,60,60,60,60,57,60,57,60,56,55,54,55,59,59,60,60,59,60,60,59,60,60,59,59,56,58,58,60,58,58,60,58,59,61
60,60,60,60,59,59,61,60,60,60,55,58,57,61,61,56,60,60,60,60,57,60,57,60,56,55,54,55,59,59,60,60,59,60,59,59,60,60,59,59,56,58,58,60,58,58,60,58,59,60
60,60,60,61,59,59,61,60,60,60,55,58,57,61,61,57,60,60,60,60,57,60,57,60,56,55,54,55,59,59,60,60,59,60,60,59,60,60,60,59,56,58,58,60,58,58,61,58,59,61
61,60,60,61,59,59,60,60,60,60,55,58,57,61,61,57,60,60,60,60,57,60,57,60,56,55,54,55,59,59,60,60,59,60,60,59,60,61,60,59,56,58,58,60,58,58,61,58,59,61
60,60,60,61,59,59,60,60,60,60,55,58,57,61,61,56,60,60,60,60,57,60,57,60,56,55,54,55,59,59,60,60,59,60,60,59,60,60,59,59,56,58,58,60,58,58,60,58,59,61
60,60,60,61,59,59,61,60,60,60,55,58,57,61,61,56,60,60,60,60,57,60,57,60,56,55,54,55,59,59,60,59,59,60,59,59,60,60,59,59,56,58,58,60,58,58,60,58,59,61
60,60,60,61,59,59,60,60,60,60,54,58,57,60,61,56,60,60,60,60,57,60,56,60,56,55,54,55,59,59,60,59,58,60,59,59,60,60,59,59,56,58,58,59,58,58,60,58,59,61
60,60,60,61,59,59,60,59,60,60,54,58,57,60,60,56,60,60,60,60,57,60,56,60,56,54,53,55,59,59,60,59,58,60,59,59,60,60,59,59,56,58,58,59,58,58,60,58,59,61
60,60,60,61,59,59,60,60,60,60,54,58,57,60,60,56,60,60,60,60,57,60,56,60,56,55,54,55,59,59,60,59,58,60,59,59,60,60,59,59,56,58,58,59,58,58,60,58,59,61
60,60,60,60,59,59,60,59,60,60,54,58,57,60,60,56,60,60,60,60,57,60,56,60,56,54,54,55,59,59,60,59,58,60,59,59,60,60,59,59,56,58,58,59,58,58,60,58,59,61
60,60,60,61,59,59,60,59,60,60,54,58,57,60,60,56,60,60,60,60,57,60,56,60,56,55,54,55,59,59,60,59,58,60,59,59,60,60,59,59,56,58,58,59,58,58,60,58,59,61
60,60,60,61,59,59,60,59,60,60,54,58,57,60,60,56,60,60,60,60,57,60,56,60,56,54,54,55,59,59,60,59,58,60,59,59,60,60,59,59,56,58,58,59,58,58,60,58,59,61
60,60,60,61,59,59,60,59,60,60,54,58,57,60,60,56,60,60,60,60,57,59,56,60,55,54,53,55,59,59,60,59,58,60,59,58,59,60,59,59,56,58,58,59,58,58,60,57,59,60
60,60,60,60,58,58,60,59,60,60,54,58,57,60,60,56,60,59,60,59,56,59,56,60,55,54,53,55,59,59,59,59,58,59,59,58,59,60,59,58,55,57,58,59,58,58,60,57,58,60
60,60,60,60,58,58,60,59,60,60,54,58,57,60,60,56,60,59,60,59,56,59,56,60,55,54,53,55,59,59,59,59,58,59,59,58,59,60,59,58,55,57,58,59,58,58,60,57,58,60
60,60,60,60,58,58,60,59,60,60,54,58,57,60,60,56,60,59,60,59,56,59,56,60,55,54,53,55,59,59,59,59,58,59,59,58,59,60,59,58,55,57,58,59,58,58,60,57,58,60
60,60,60,60,58,58,60,59,60,60,54,58,57,60,60,56,60,59,60,59,56,59,56,60,55,54,53,55,59,59,59,59,58,59,59,58,59,60,59,58,55,57,58,59,58,58,60,57,58,60
60,60,60,60,58,58,60,59,60,60,54,58,57,60,60,56,60,59,60,59,56,59,56,60,55,54,53,55,59,59,59,59,58,59,59,58,59,60,59,58,55,57,58,59,58,58,60,57,58,60
60,60,60,60,58,58,60,59,60,60,54,58,57,60,60,56,60,59,60,59,56,59,56,60,55,54,53,55,59,59,59,59,58,59,59,58,59,60,59,58,55,57,58,59,58,58,60,57,58,60
60,60,60,60,58,58,60,59,60,60,54,58,57,60,60,56,60,59,60,59,56,59,56,60,55,54,53,55,59,59,59,59,58,59,59,58,59,60,59,58,55,57,58,59,58,58,60,57,58,60
60,60,60,60,58,58,60,59,60,60,54,58,57,60,60,56,60,59,60,59,56,59,56,60,55,54,53,55,59,59,59,59,58,59,59,58,59,60,59,58,55,57,58,59,58,58,60,57,58,60
60,60,60,60,58,58,60,59,60,60,54,58,57,60,60,56,60,59,60,59,56,59,56,60,55,54,53,55,59,59,59,59,58,59,59,58,59,60,59,58,55,57,58,59,58,58,60,57,58,60
60,60,60,60,58,58,60,59,60,60,54,58,57,60,60,56,60,59,60,59,56,59,56,60,55,54,53,55,59,59,59,59,58,59,59,58,59,60,59,58,55,57,58,59,58,58,60,57,58,60
60,60,60,60,58,58,60,59,60,60,54,58,57,60,60,56,60,59,60,59,56,59,56,60,55,54,53,55,59,59,59,59,58,59,59,58,59,60,59,58,55,57,58,59,58,58,60,57,58,60
60,60,60,60,58,58,60,59,60,60,54,58,57,60,60,56,60,59,60,59,56,59,56,60,55,54,53,55,59,59,59,59,58,59,59,58,59,60,59,58,55,57,58,59,58,58,60,57,58,60
60,60,60,60,58,58,60,59,60,60,54,58,57,60,60,56,60,59,60,59,56,59,56,60,55,54,53,55,59,59,59,59,58,59,59,58,59,60,59,58,55,57,58,59,58,58,60,57,58,60
60,60,60,60,58,58,60,59,60,60,54,58,57,60,60,56,60,59,60,59,56,59,56,60,55,54,53,55,59,59,59,59,58,59,59,58,59,60,59,58,55,57,58,59,58,58,60,57,58,60
60,60,60,60,58,58,60,59,60,60,54,58,57,60,60,56,60,59,60,59,56,59,56,60,55,54,54,55,59,59,59,59,58,59,59,58,59,60,59,58,56,57,58,59,58,58,60,58,58,60
60,60,60,60,58,58,60,59,60,60,54,58,57,60,60,56,60,59,60,60,56,59,56,60,55,54,54,56,59,59,59,59,58,59,59,58,59,60,59,58,56,57,58,59,58,58,60,58,58,60
60,60,60,60,58,58,60,59,60,60,54,58,57,60,60,56,60,59,60,60,56,59,56,60,55,55,54,56,59,59,59,59,58,59,59,58,59,60,59,58,56,57,58,59,58,58,60,58,58,60
60,60,60,60,58,58,60,59,60,60,54,58,57,60,60,56,60,59,60,60,56,59,56,60,55,55,54,56,59,59,59,59,58,59,59,58,59,60,59,58,56,57,58,59,58,58,60,58,58,60
60,60,60,60,58,58,60,59,60,60,54,58,57,60,60,57,60,59,60,60,56,60,56,60,55,55,54,56,59,59,59,59,58,59,59,58,59,60,59,58,56,58,58,59,58,58,60,58,58,60
60,60,60,60,58,58,60,59,60,60,54,58,57,60,60,57,60,59,60,60,56,60,56,60,56,55,54,56,59,59,59,59,58,59,59,58,59,60,59,58,56,58,58,59,58,58,60,58,58,60
60,60,60,60,58,58,60,59,60,60,54,58,57,60,60,57,60,59,60,60,56,60,56,60,56,55,55,56,59,59,59,59,58,59,59,58,59,60,59,58,56,58,58,59,58,58,60,58,58,60
60,60,60,61,58,58,60,59,60,60,55,58,57,60,60,57,59,59,60,60,57,60,57,60,56,56,55,56,59,59,59,59,58,59,59,58,59,60,59,58,56,58,58,59,58,58,60,58,59,60
60,60,60,61,58,58,60,59,60,60,55,58,57,60,60,57,59,59,60,60,57,60,57,60,56,56,55,56,59,59,59,59,58,59,59,58,59,60,59,58,57,58,58,59,58,58,60,58,59,60
60,60,60,61,58,58,60,59,60,60,55,58,57,60,60,57,59,59,60,60,57,60,57,60,56,56,55,56,58,59,59,59,59,60,59,59,59,60,59,59,57,58,59,59,59,58,60,59,59,60
60,60,60,61,59,58,60,59,60,60,55,59,57,60,60,57,59,59,60,60,57,60,57,59,56,57,56,56,58,59,60,59,59,60,60,59,59,60,59,59,57,58,59,60,59,59,60,59,59,60
60,60,60,61,59,58,60,59,60,60,56,59,57,60,60,58,59,59,60,60,57,60,58,59,57,57,56,56,58,59,60,59,59,60,60,59,59,60,59,59,57,58,59,59,59,59,60,59,59,60
60,60,60,61,59,59,60,59,60,60,56,59,58,60,60,58,59,60,60,60,57,60,58,59,57,57,56,55,58,59,60,59,59,60,60,59,60,60,59,59,58,58,59,59,59,59,60,59,59,60
60,60,60,61,59,59,60,59,60,60,56,58,58,59,60,58,59,60,60,60,57,60,58,59,57,58,56,55,58,59,60,59,59,59,60,59,60,60,59,59,58,58,59,59,59,59,60,59,59,60
60,60,60,61,59,59,60,59,60,60,57,58,58,59,60,58,58,60,60,60,58,60,58,59,57,58,56,55,57,59,60,60,60,59,60,59,60,60,60,59,58,58,59,59,59,59,59,59,59,60
60,60,60,61,59,59,60,60,60,60,57,58,58,59,60,59,58,60,60,60,58,60,59,58,58,59,56,55,57,59,60,60,60,59,60,59,60,60,60,59,58,58,60,59,60,59,59,59,59,60
60,60,60,61,59,59,60,60,60,60,58,58,59,59,60,59,58,60,60,60,58,60,59,58,58,58,56,55,57,60,60,60,60,59,60,60,60,60,60,59,58,58,60,59,60,59,59,60,59,60
60,60,60,61,59,59,60,60,60,60,58,57,59,59,60,59,58,60,60,60,58,59,59,58,58,58,56,55,57,60,60,60,60,59,60,60,60,60,60,60,59,58,59,59,60,59,59,60,59,60
60,60,60,61,60,59,60,60,60,60,58,57,59,59,60,60,58,60,60,60,58,59,60,58,59,58,56,55,57,60,60,60,60,59,60,60,60,60,60,60,59,58,60,59,60,59,59,60,59,60
60,60,60,61,60,59,60,60,60,60,59,57,59,59,60,60,58,60,60,60,59,59,60,58,59,58,56,55,57,60,60,60,60,59,61,60,60,61,60,60,59,58,59,59,60,59,59,60,59,60
60,60,60,61,60,60,60,60,60,61,59,57,59,59,61,60,57,60,60,60,59,59,60,58,59,57,55,55,56,60,60,60,60,59,61,60,60,61,60,60,59,57,59,59,60,59,59,60,59,60
60,60,60,61,60,60,60,60,61,60,59,56,59,59,61,60,57,60,61,60,59,59,60,58,60,57,55,55,56,60,60,60,60,59,61,60,60,61,60,60,60,57,59,59,60,59,59,60,59,60
60,60,60,61,60,60,60,60,61,61,60,56,59,58,61,60,57,61,61,61,60,59,60,57,60,57,55,55,56,60,60,60,60,59,61,60,60,61,60,60,60,57,59,59,60,59,59,60,59,60
60,60,61,61,60,60,60,60,61,61,60,56,59,58,61,60,57,61,61,61,60,58,60,58,60,57,55,55,56,60,60,61,60,59,61,60,60,61,60,60,60,57,59,59,60,59,59,60,59,60
60,60,60,61,60,60,60,60,61,61,60,56,59,58,61,60,57,61,61,60,60,58,60,58,60,57,56,55,56,60,60,61,60,59,61,60,60,61,61,60,60,57,59,59,60,59,59,60,59,60
60,60,60,61,60,60,60,60,61,61,60,56,59,58,61,60,57,61,61,61,60,58,61,58,60,57,56,54,56,60,60,61,60,60,61,60,60,61,61,60,60,57,59,59,61,59,59,61,59,60
60,60,60,61,61,60,60,61,61,61,60,56,59,58,61,61,57,61,61,61,60,58,61,58,60,57,56,54,56,60,60,61,61,60,61,61,60,61,61,60,60,57,59,59,61,59,59,61,59,60
60,60,61,61,61,60,60,61,61,61,60,56,59,58,61,61,58,61,61,61,60,58,61,58,61,57,56,54,56,60,60,61,61,60,61,61,60,61,61,60,60,57,59,59,61,59,59,61,59,60
61,61,61,61,61,60,60,60,61,61,61,56,59,58,61,61,58,61,61,61,60,58,61,58,60,57,56,54,56,61,60,61,61,60,61,61,60,61,62,60,60,57,59,60,61,59,60,61,59,60
60,61,61,61,61,60,60,60,61,61,60,56,59,58,61,61,58,61,61,61,60,58,61,58,60,57,56,54,56,61,60,61,61,60,61,61,60,61,61,61,60,57,59,60,61,59,60,61,59,60
60,61,61,61,61,60,60,61,61,61,60,56,59,58,62,61,58,61,61,61,61,58,61,58,60,57,56,54,56,60,60,60,61,60,61,61,60,61,61,61,60,57,59,59,61,59,59,61,59,60
60,61,61,61,61,60,60,61,61,61,61,56,59,58,61,61,57,61,61,61,61,58,61,58,61,57,56,54,56,60,60,61,60,60,61,60,60,61,61,60,60,57,59,59,61,59,59,61,58,60
59,61,60,60,61,59,59,61,60,60,60,55,58,57,61,61,57,60,60,60,60,57,60,57,61,56,55,54,55,59,59,60,60,59,60,60,59,60,61,60,59,56,58,59,60,58,59,61,58,59
59,60,60,60,61,59,59,60,60,60,60,54,58,57,60,61,56,60,60,60,60,57,60,56,60,56,55,54,55,59,59,60,59,58,60,59,59,60,60,59,59,56,58,58,59,58,58,60,58,59
59,60,60,60,60,59,59,60,59,60,60,54,58,57,60,60,56,60,60,60,60,57,60,56,60,56,54,53,55,59,59,60,59,58,60,59,58,59,60,59,59,56,58,58,59,58,58,60,58,59
59,60,60,60,61,58,59,60,59,60,60,54,58,57,60,60,56,60,59,60,60,57,59,56,60,55,54,53,55,59,59,59,59,58,60,59,58,59,60,59,59,55,58,58,59,58,58,60,57,58
59,60,60,60,60,58,58,60,59,60,60,54,58,56,60,60,56,60,59,60,59,56,59,56,60,55,54,53,55,59,59,59,59,58,59,59,58,59,60,59,58,55,57,58,59,57,58,60,57,58
59,60,60,60,60,58,58,60,59,60,60,54,58,56,60,60,56,60,59,60,59,56,59,56,60,55,54,53,55,59,59,59,59,58,59,59,58,59,60,59,58,55,57,58,59,57,58,60,57,58
59,60,60,60,60,58,58,60,59,60,60,54,58,56,60,60,56,60,59,60,59,56,59,56,60,55,54,53,55,59,59,59,59,58,59,59,58,59,60,59,58,55,57,58,59,57,58,60,57,58
59,60,60,60,60,58,58,60,59,60,60,54,58,56,60,60,56,60,59,60,59,56,59,56,60,55,54,53,55,59,59,59,59,58,59,59,58,59,60,59,58,55,57,58,59,57,58,60,57,58
59,60,60,60,60,58,58,60,59,60,60,54,58,56,60,60,56,60,59,60,59,56,59,56,60,55,54,53,55,59,59,59,59,58,59,59,58,59,60,59,58,55,57,58,59,57,58,60,57,58
59,60,60,60,60,58,58,60,59,60,60,54,58,56,60,60,56,60,59,60,59,56,59,56,60,55,54,53,55,59,59,59,59,58,59,59,58,59,60,59,58,55,57,58,59,57,58,60,57,58
59,60,60,60,60,58,58,60,59,60,60,54,58,56,60,60,56,60,59,60,59,56,59,56,60,55,54,53,55,59,59,59,59,58,59,59,58,59,60,59,58,55,57,58,59,57,58,60,57,58
59,60,60,60,60,58,58,60,59,60,60,54,58,56,60,60,56,60,59,60,59,56,59,56,60,55,54,53,55,59,59,59,59,58,59,59,58,59,60,59,58,55,57,58,59,57,58,60,57,58
59,60,60,60,60,58,58,60,59,60,60,54,58,56,60,60,56,60,59,60,59,56,59,56,60,55,54,53,55,59,59,59,59,58,59,59,58,59,60,59,58,55,57,58,59,57,58,60,57,58
59,60,60,60,60,58,58,60,59,60,60,54,58,56,60,60,56,60,59,60,59,56,59,56,60,55,54,53,55,59,59,59,59,58,59,59,58,59,60,59,58,55,57,58,59,57,58,60,57,58
59,60,60,60,60,58,58,60,59,60,60,54,58,56,60,60,56,60,59,60,59,56,59,56,60,55,54,53,55,59,59,59,59,58,59,59,58,59,60,59,58,55,57,58,59,57,58,60,57,58
59,60,60,60,60,58,58,60,59,60,60,54,58,56,60,60,56,60,59,60,59,56,59,56,60,55,54,53,55,59,59,59,59,58,59,59,58,59,60,59,58,55,57,58,59,57,58,60,57,58
59,60,60,60,60,58,58,60,59,60,60,54,58,56,60,60,56,60,59,60,59,56,59,56,60,55,54,53,55,59,59,59,59,58,59,59,58,59,60,59,58,55,57,58,59,57,58,60,57,58
59,60,60,60,60,58,58,60,59,60,60,54,58,56,60,60,56,60,59,60,59,56,59,56,60,55,54,53,55,59,59,59,59,58,59,59,58,59,60,59,58,55,57,58,59,57,58,60,57,58
59,60,60,60,60,58,58,60,59,60,60,54,58,56,60,60,56,60,59,60,59,56,59,56,60,55,54,53,55,59,59,59,59,58,59,59,58,59,60,59,58,55,57,58,59,58,58,60,57,58
59,60,60,60,60,58,58,60,59,60,60,54,58,56,60,60,56,60,59,60,59,56,59,56,60,55,54,53,55,59,59,59,59,58,59,59,58,59,60,59,58,55,57,58,59,58,58,60,57,58
59,60,60,60,60,58,58,60,59,60,60,54,58,56,60,60,56,60,59,60,59,56,59,56,60,55,54,53,55,59,59,59,59,58,59,59,58,59,60,59,58,55,57,58,59,58,58,60,57,58
59,60,60,60,60,58,58,60,59,60,60,54,58,56,60,60,56,60,59,60,60,56,59,56,60,55,54,54,55,59,59,59,59,58,59,59,58,59,60,59,58,56,57,58,59,58,58,60,58,58
59,60,60,60,60,58,58,60,59,60,60,54,58,56,60,60,56,60,59,60,60,56,59,56,60,55,55,54,56,59,59,59,59,58,59,59,58,59,60,59,58,56,57,58,59,58,58,60,58,58
59,60,60,60,60,58,58,60,59,60,60,54,58,56,60,60,56,60,59,60,60,56,59,56,60,55,55,54,56,59,59,59,59,58,59,59,58,59,60,59,58,56,57,58,59,58,58,60,58,58
59,60,60,60,60,58,58,60,59,60,60,54,58,56,60,60,57,60,59,60,60,56,60,56,60,55,55,54,56,59,59,59,59,58,59,59,58,59,60,59,58,56,57,58,59,58,58,60,58,58
59,60,60,60,60,58,58,60,59,60,60,54,58,56,60,60,57,60,59,60,60,56,60,56,60,55,55,54,56,59,59,59,59,58,59,59,58,59,60,59,58,56,58,58,59,58,58,60,58,58
59,60,60,60,60,58,58,60,59,60,60,54,58,57,60,60,57,59,59,60,60,56,60,56,60,56,55,55,56,59,59,59,59,58,59,59,58,59,60,59,58,56,58,58,59,58,58,60,58,58
59,60,60,60,61,58,58,60,59,60,60,55,58,57,60,60,57,59,59,60,60,57,60,57,60,56,56,55,56,59,59,59,59,58,59,59,58,59,60,59,58,56,58,58,59,58,58,60,58,59
59,60,60,60,61,58,58,60,59,60,60,55,58,57,60,60,57,59,59,60,60,57,60,57,60,56,56,55,56,59,59,59,59,58,59,59,58,59,60,59,58,57,58,58,59,58,58,60,58,59
59,60,60,60,61,58,58,60,59,60,60,55,58,57,60,60,57,59,59,60,60,57,60,57,60,56,56,55,56,58,59,59,59,59,60,59,58,59,60,59,59,57,58,59,59,59,58,60,59,59
59,60,60,60,60,59,58,60,59,60,60,55,59,57,60,60,57,59,59,60,60,57,60,57,59,56,57,56,55,58,59,60,59,59,60,60,59,59,60,59,59,57,58,59,59,59,59,60,59,59
59,60,60,60,60,59,58,60,59,60,60,56,59,57,60,60,58,59,59,60,60,57,60,58,59,57,57,56,55,58,59,60,59,59,60,60,59,59,60,59,59,57,58,59,59,59,59,60,59,59
59,60,60,60,60,59,59,60,59,60,60,56,59,58,59,60,58,59,60,60,60,57,60,58,59,57,57,56,55,58,59,60,59,59,59,60,59,59,60,59,59,57,58,59,59,59,59,59,59,59
59,60,60,60,60,59,59,60,59,60,60,56,58,58,59,60,58,58,60,60,60,57,60,58,59,57,58,56,55,57,59,60,59,59,59,60,59,60,60,59,59,58,58,59,59,59,59,59,59,59
59,60,60,60,60,59,59,60,59,60,60,57,58,58,59,60,58,58,60,60,60,57,60,58,58,57,58,56,55,57,59,60,60,60,59,60,59,60,60,60,59,58,58,59,59,59,59,59,59,59
59,60,60,60,60,59,59,60,60,60,60,57,58,58,59,60,59,58,60,60,60,58,59,59,58,58,58,56,55,57,59,60,60,60,59,60,59,59,60,60,59,58,58,59,59,60,59,59,59,59
59,60,60,60,60,59,59,60,60,60,60,58,57,59,59,60,59,58,60,60,60,58,59,59,58,58,58,56,55,57,60,60,60,60,59,60,60,59,60,60,59,58,58,59,59,60,58,59,60,58
59,60,60,60,60,59,59,60,60,60,60,58,57,59,58,60,59,57,60,60,60,58,59,59,58,58,58,56,55,56,60,60,60,60,59,60,60,59,60,60,59,59,57,59,59,60,58,59,60,58
59,60,60,60,60,59,59,60,60,60,60,58,57,59,58,60,59,57,60,60,60,58,59,60,58,59,58,55,55,56,60,60,60,60,59,60,60,59,60,60,60,59,57,59,59,60,58,59,60,58
60,60,60,60,60,60,59,60,60,60,60,59,57,59,58,60,60,57,60,60,60,59,59,60,58,59,57,55,55,56,60,60,60,60,59,60,60,60,60,60,60,59,57,59,59,60,59,59,60,58
60,60,60,60,61,60,59,60,60,60,60,59,57,59,58,61,60,57,60,60,60,59,59,60,58,59,57,55,55,56,60,60,60,60,59,60,60,60,60,60,60,59,57,59,59,60,59,59,60,59
60,60,60,60,61,60,60,60,60,60,60,59,56,59,58,61,60,57,60,60,60,59,59,60,57,60,57,55,55,56,60,60,60,60,59,60,60,59,60,60,60,60,57,59,59,60,59,59,60,59
60,60,60,60,61,60,60,60,60,60,60,60,56,58,58,61,60,57,61,60,60,60,58,60,57,60,56,55,55,56,60,60,60,60,59,60,60,59,60,60,60,60,57,59,59,60,58,59,60,58
60,60,60,60,60,60,59,60,60,60,60,60,56,58,58,61,60,57,61,60,60,60,58,60,57,60,56,55,55,56,60,60,60,60,59,60,60,59,60,60,60,59,57,59,59,60,58,59,60,58
60,60,60,60,61,60,59,60,60,60,60,60,56,58,58,61,60,57,61,60,60,60,58,60,57,60,56,55,55,56,60,60,60,60,59,60,60,59,60,61,60,59,57,59,59,60,58,59,60,58
60,60,60,60,60,60,59,59,60,60,60,60,55,58,58,61,60,57,60,60,60,60,58,60,57,60,56,55,54,55,60,59,60,60,59,60,60,59,60,61,60,59,57,58,59,60,58,59,61,58
60,59,60,60,60,61,59,59,61,60,60,60,55,58,57,61,61,56,60,60,60,60,57,60,57,60,56,55,54,55,59,59,60,60,59,60,60,59,60,60,59,59,56,58,58,60,58,58,60,58
60,59,60,60,60,61,59,59,61,60,60,60,55,58,57,61,61,56,60,60,60,60,57,60,57,60,56,55,54,55,59,59,60,59,59,60,59,59,60,60,59,59,56,58,58,60,58,58,60,58
60,59,60,60,60,61,59,59,60,59,60,60,54,58,57,60,60,56,60,60,60,60,57,60,56,60,56,54,53,55,59,59,60,59,58,60,59,59,60,60,59,59,56,58,58,59,58,58,60,58
60,59,60,60,60,61,58,58,60,59,60,60,54,58,57,60,60,56,60,59,60,60,57,59,56,60,55,54,53,55,59,59,59,59,58,60,59,58,59,60,59,59,55,58,58,59,58,58,60,57
60,59,60,60,60,60,58,58,60,59,60,60,54,58,56,60,60,56,60,59,60,59,56,59,56,60,55,54,53,55,59,59,59,59,58,59,59,58,59,60,59,58,55,57,58,59,57,58,60,57
60,59,60,60,60,60,58,58,60,59,60,60,54,58,56,60,60,56,60,59,60,59,56,59,56,60,55,54,53,55,59,59,59,59,58,59,59,58,59,60,59,58,55,57,58,59,57,58,60,57
60,59,60,60,60,60,58,58,60,59,60,60,54,58,56,60,60,56,60,59,60,59,56,59,56,60,55,54,53,55,59,59,59,59,58,59,59,58,59,60,59,58,55,57,58,59,57,58,60,57
60,59,60,60,60,60,58,58,60,59,60,60,54,58,56,60,60,56,60,59,60,59,56,59,56,60,55,54,53,55,59,59,59,59,58,59,59,58,59,60,59,58,55,57,58,59,57,58,60,57
60,59,60,60,60,60,58,58,60,59,60,60,54,58,56,60,60,56,60,59,60,59,56,59,56,60,55,54,53,55,59,59,59,59,58,59,59,58,59,60,59,58,55,57,58,59,57,58,60,57
60,59,60,60,60,60,58,58,60,59,60,60,54,58,56,60,60,56,60,59,60,59,56,59,56,60,55,54,53,55,59,59,59,59,58,59,59,58,59,60,59,58,55,57,58,59,57,58,60,57
60,59,60,60,60,60,58,58,60,59,60,60,54,58,56,60,60,56,60,59,60,59,56,59,56,60,55,54,53,55,59,59,59,59,58,59,59,58,59,60,59,58,55,57,58,59,57,58,60,57
60,59,60,60,60,60,58,58,60,59,60,60,54,58,56,60,60,56,60,59,60,59,56,59,56,60,55,54,53,55,59,59,59,59,58,59,59,58,59,60,59,58,55,57,58,59,57,58,60,57
60,59,60,60,60,60,58,58,60,59,60,60,54,58,56,60,60,56,60,59,60,59,56,59,56,60,55,54,53,55,59,59,59,59,58,59,59,58,59,60,59,58,55,57,58,59,57,58,60,57
60,59,60,60,60,60,58,58,60,59,60,60,54,58,56,60,60,56,60,59,60,59,56,59,56,60,55,54,53,55,59,59,59,59,58,59,59,58,59,60,59,58,55,57,58,59,57,58,60,57
60,59,60,60,60,60,58,58,60,59,60,60,54,58,56,60,60,56,60,59,60,59,56,59,56,60,55,54,53,55,59,59,59,59,58,59,59,58,59,60,59,58,55,57,58,59,57,58,60,57
60,59,60,60,60,60,58,58,60,59,60,60,54,58,56,60,60,56,60,59,60,59,56,59,56,60,55,54,53,55,59,59,59,59,58,59,59,58,59,60,59,58,55,57,58,59,57,58,60,57
60,59,60,60,60,60,58,58,60,59,60,60,54,58,56,60,60,56,60,59,60,59,56,59,56,60,55,54,53,55,59,59,59,59,58,59,59,58,59,60,59,58,55,57,58,59,57,58,60,57
60,59,60,60,60,61,58,58,60,59,60,60,54,58,56,60,60,56,60,59,60,59,56,59,56,60,55,54,53,55,59,59,59,59,58,59,59,58,59,60,59,58,55,57,58,59,58,58,60,57
60,59,60,60,60,60,58,58,60,59,60,60,54,58,56,60,60,56,60,59,60,59,56,59,56,60,55,54,53,55,59,59,59,59,58,59,59,58,59,60,59,58,55,57,58,59,57,58,60,57
60,59,60,60,60,60,58,58,60,59,60,60,54,58,56,60,60,56,60,59,60,59,56,59,56,60,55,54,53,55,59,59,59,59,58,59,59,58,59,60,59,58,55,57,58,59,57,58,60,57
60,59,60,60,60,60,58,58,60,59,60,60,54,58,56,60,60,56,60,59,60,59,56,59,56,60,55,54,53,55,59,59,59,59,58,59,59,58,59,60,59,58,55,57,58,59,57,58,60,57
60,59,60,60,60,60,58,58,60,59,60,60,54,58,56,60,60,56,60,59,60,59,56,59,56,60,55,54,53,55,59,59,59,59,58,59,59,58,59,60,59,58,55,57,58,59,57,58,60,57
60,59,60,60,60,60,58,58,60,59,60,60,54,58,56,60,60,56,60,59,60,59,56,59,56,60,55,54,53,55,59,59,59,59,58,59,59,58,59,60,59,58,55,57,58,59,57,58,60,57
60,59,60,60,60,60,58,58,60,59,60,60,54,58,56,60,60,56,60,59,60,59,56,59,56,60,55,54,53,55,59,59,59,59,58,59,59,58,59,60,59,58,55,57,58,59,57,58,60,57
60,59,60,60,60,60,58,58,60,59,60,60,54,58,56,60,60,56,60,59,60,59,56,59,56,60,55,54,53,55,59,59,59,59,58,59,59,58,59,60,59,58,55,57,58,59,58,58,60,57
60,59,60,60,60,60,58,58,60,59,60,60,54,58,56,60,60,56,60,59,60,59,56,59,56,60,55,54,53,55,59,59,59,59,58,59,59,58,59,60,59,58,55,57,58,59,58,58,60,57
60,59,60,60,60,60,58,58,60,59,60,60,54,58,56,60,60,56,60,59,60,59,56,59,56,60,55,54,53,55,59,59,59,59,58,59,59,58,59,60,59,58,55,57,58,59,58,58,60,58
60,59,60,60,60,60,58,58,60,59,60,60,54,58,56,60,60,56,60,59,60,60,56,59,56,60,55,54,54,55,59,59,59,59,58,59,59,58,59,60,59,58,56,57,58,59,58,58,60,58
60,59,60,60,60,60,58,58,60,59,60,60,54,58,56,60,60,56,60,59,60,60,56,59,56,60,55,55,54,56,59,59,59,59,58,59,59,58,59,60,59,58,56,57,58,59,58,58,60,58
60,59,60,60,60,60,58,58,60,59,60,60,54,58,56,60,60,56,60,59,60,60,56,59,56,60,55,55,54,56,59,59,59,59,58,59,59,58,59,60,59,58,56,57,58,59,58,58,60,58
60,59,60,60,60,60,58,58,60,59,60,60,54,58,56,60,60,57,60,59,60,60,56,60,56,60,55,55,54,56,59,59,59,59,58,59,59,58,59,60,59,58,56,57,58,59,58,58,60,58
60,59,60,60,60,60,58,58,60,59,60,60,54,58,56,60,60,57,60,59,60,60,56,60,56,60,55,55,54,56,59,59,59,59,58,59,59,58,59,60,59,58,56,58,58,59,58,58,60,58
60,59,60,60,60,60,58,58,60,59,60,60,54,58,56,60,60,57,59,59,60,60,56,60,56,60,56,55,55,56,59,59,59,59,58,59,59,58,59,60,59,58,56,58,58,59,58,58,60,58
60,59,60,60,60,61,58,58,60,59,60,60,55,58,57,60,60,57,59,59,60,60,56,60,57,60,56,56,55,56,59,59,59,59,58,59,59,58,59,60,59,58,56,58,58,59,58,58,60,58
60,59,60,60,60,61,58,58,60,59,60,60,55,58,57,60,60,57,59,59,60,60,57,60,57,60,56,56,55,55,59,59,59,59,58,59,59,58,59,60,59,58,57,58,58,59,58,58,60,58
60,59,60,60,60,60,58,58,60,59,60,60,55,58,57,60,60,57,59,59,60,60,57,60,57,59,56,56,55,55,58,59,59,59,59,60,59,58,59,60,59,58,57,58,59,59,59,58,60,59
60,59,60,60,60,60,58,58,60,59,60,60,55,59,57,60,60,57,59,59,60,60,57,60,57,59,56,57,56,55,58,59,60,59,59,60,60,59,59,60,59,59,57,58,59,59,59,59,60,59
60,59,60,60,60,60,59,58,60,59,60,60,56,59,57,60,60,58,59,59,60,60,57,60,58,59,57,57,56,55,58,59,60,59,59,60,60,59,59,60,59,59,57,58,59,59,59,59,60,59
60,59,60,60,60,60,59,58,60,59,60,60,56,59,58,60,60,58,59,60,60,60,57,60,58,59,57,57,56,55,58,59,60,59,59,59,60,59,59,60,59,59,57,58,59,59,59,59,59,59
60,59,60,60,60,60,59,59,60,59,60,60,56,58,58,59,60,58,58,60,60,60,57,60,58,59,57,58,56,55,57,59,60,59,59,59,60,59,60,60,59,59,58,58,59,59,59,59,59,59
60,59,60,60,60,61,59,59,60,59,60,60,57,58,58,59,60,58,58,60,60,60,57,60,58,58,57,58,56,55,57,59,60,60,60,59,60,59,60,60,60,59,58,58,59,59,59,59,59,59
60,59,60,60,60,61,59,59,60,60,60,60,57,58,58,59,60,59,58,60,60,60,58,59,59,58,58,58,56,55,57,59,60,60,60,59,60,59,60,60,60,59,58,58,59,59,60,59,59,59
60,59,60,60,60,60,59,59,60,60,60,60,58,57,59,59,60,59,58,60,60,60,58,59,59,58,58,58,56,55,57,60,60,60,60,59,60,60,60,60,60,59,58,58,59,59,60,59,59,60
60,59,60,60,60,60,59,59,60,60,60,60,58,57,59,59,60,59,57,60,60,60,58,59,59,58,58,58,56,55,57,60,60,60,60,59,60,60,59,60,60,59,59,58,59,59,60,58,59,60
60,59,60,60,60,60,59,59,60,60,60,60,58,57,59,58,60,59,57,60,60,60,58,59,60,58,59,57,55,55,56,60,60,60,60,59,60,60,59,60,60,60,59,57,59,59,60,58,59,60
60,60,60,60,60,60,60,59,60,60,60,60,59,57,59,58,60,60,57,60,60,60,59,59,60,57,59,57,55,55,56,60,60,60,60,59,60,60,59,60,60,60,59,57,59,59,60,58,59,60
60,60,60,60,60,60,60,60,60,60,60,60,59,56,58,58,61,60,57,60,60,60,59,58,60,57,59,57,55,55,56,60,60,60,60,59,60,60,59,60,60,60,59,57,59,59,60,58,58,60
61,60,60,60,60,60,60,60,60,60,60,60,59,56,58,58,61,60,57,60,60,60,59,58,60,57,60,57,55,55,56,60,59,60,60,59,60,60,59,60,60,60,59,57,59,59,60,58,58,60
60,60,60,60,60,60,60,59,60,60,60,60,60,56,58,58,61,60,57,61,60,60,60,58,60,57,60,56,55,55,56,60,59,60,60,59,60,60,59,60,60,60,59,57,59,59,60,58,58,60
60,60,60,60,60,60,60,59,60,60,60,60,60,56,58,58,61,60,57,61,60,60,60,58,60,57,60,56,55,54,55,60,59,60,60,59,60,60,59,60,60,60,59,57,58,59,60,58,58,60
60,60,60,60,60,60,60,59,60,60,60,60,60,55,58,58,61,60,57,61,60,60,60,58,60,57,60,56,55,54,55,60,59,60,60,59,60,60,59,60,60,60,59,56,58,58,60,58,58,60
60,60,60,60,60,60,60,59,59,60,60,60,60,55,58,57,61,60,57,60,60,60,60,57,60,57,60,56,55,54,55,59,59,60,60,59,60,60,59,60,60,60,59,56,58,58,60,58,58,61
60,60,59,60,60,60,61,59,59,61,60,60,60,55,58,57,61,61,56,60,60,60,60,57,60,57,60,56,55,54,55,59,59,60,60,59,60,60,59,60,60,59,59,56,58,58,60,58,58,60
60,60,59,60,60,60,61,59,59,60,60,60,60,55,58,57,61,61,56,60,60,60,60,57,60,57,60,56,55,54,55,59,59,60,60,59,60,60,59,60,60,59,59,56,58,58,60,58,58,60
60,60,59,60,60,60,61,59,59,60,60,60,60,55,58,57,61,61,56,60,60,60,60,57,60,57,60,56,55,54,55,59,59,60,60,59,60,60,59,60,60,59,59,56,58,58,60,58,58,60
60,60,59,60,60,60,61,59,59,60,60,60,60,55,58,57,61,61,56,60,60,60,60,57,60,57,60,56,55,54,55,59,59,60,60,59,60,60,59,60,60,59,59,56,58,58,60,58,58,60
60,60,59,60,60,60,61,59,59,60,59,60,60,54,58,57,60,60,56,60,60,60,60,57,59,56,60,55,54,53,55,59,59,59,59,58,60,59,58,59,60,59,59,55,58,58,59,58,58,60
60,60,59,60,60,60,60,58,58,60,59,60,60,54,57,56,60,60,56,59,59,60,59,56,59,56,60,55,54,53,55,59,59,59,59,58,59,59,58,59,60,59,58,55,57,58,59,57,58,60
60,60,59,60,60,60,60,58,58,60,59,60,60,54,57,56,60,60,56,59,59,60,59,56,59,56,60,55,54,53,54,59,59,59,59,58,59,59,58,59,60,59,58,55,57,58,59,57,58,60
60,60,59,60,60,60,60,58,58,60,59,60,60,54,57,56,60,60,56,59,59,60,59,56,59,56,60,55,54,53,54,59,59,59,59,58,59,59,58,59,60,59,58,55,57,58,59,57,58,60
60,60,59,60,60,60,60,58,58,60,59,60,60,54,57,56,60,60,56,59,59,60,59,56,59,56,60,55,54,53,54,59,59,59,59,58,59,59,58,59,60,59,58,55,57,58,59,57,58,60
60,60,59,60,60,60,60,58,58,60,59,60,60,54,57,56,60,60,56,59,59,60,59,56,59,56,60,55,54,53,54,59,59,59,59,58,59,59,58,59,60,59,58,55,57,58,59,57,58,60
60,60,59,60,60,60,60,58,58,60,59,60,60,54,57,56,60,60,56,59,59,60,59,56,59,56,60,55,54,53,54,59,59,59,59,58,59,59,58,59,60,59,58,55,57,58,59,57,58,60
60,60,59,60,60,60,60,58,58,60,59,60,60,54,57,56,60,60,56,59,59,60,59,56,59,56,60,55,54,53,54,59,59,59,59,58,59,59,58,59,60,59,58,55,57,58,59,57,58,60
60,60,59,60,60,60,60,58,58,60,59,60,60,54,57,56,60,60,56,59,59,60,59,56,59,56,60,55,54,53,54,59,59,59,59,58,59,59,58,59,60,59,58,55,57,58,59,57,58,60
60,60,59,60,60,60,60,58,58,60,59,60,60,54,57,56,60,60,56,59,59,60,59,56,59,56,60,55,54,53,54,59,59,59,59,58,59,59,58,59,60,59,58,55,57,58,59,57,58,60
60,60,59,60,60,60,60,58,58,60,59,60,60,54,57,56,60,60,56,59,59,60,59,56,59,56,60,55,54,53,54,59,59,59,59,58,59,59,58,59,60,59,58,55,57,58,59,57,58,60
60,60,59,60,60,60,60,58,58,60,59,60,60,54,57,56,60,60,56,59,59,60,59,56,59,56,60,55,54,53,54,59,59,59,59,58,59,59,58,59,60,59,58,55,57,58,59,57,58,60
60,60,59,60,60,60,60,58,58,60,59,60,60,54,57,56,60,60,56,59,59,60,59,56,59,56,60,55,54,53,54,59,59,59,59,58,59,59,58,59,60,59,58,55,57,58,59,57,58,60
60,60,59,60,60,60,60,58,58,60,59,60,60,54,58,56,60,60,56,59,59,60,59,56,59,56,60,55,54,53,54,59,59,59,59,58,59,59,58,59,60,59,58,55,57,58,59,57,58,60
60,60,59,60,60,60,60,58,58,60,59,60,60,54,58,56,60,60,56,59,59,60,59,56,59,56,60,55,54,53,54,59,59,59,59,58,59,59,58,59,60,59,58,55,57,58,59,57,58,60
60,60,59,60,60,60,60,58,58,60,59,60,60,54,58,56,60,60,56,59,59,60,59,56,59,56,60,55,54,53,55,59,59,59,59,58,59,59,58,59,60,59,58,55,57,58,59,57,58,60
60,60,59,60,60,60,60,58,58,60,59,60,60,54,58,56,60,60,56,59,59,60,59,56,59,56,60,55,54,53,55,59,59,59,59,58,59,59,58,59,60,59,58,55,57,58,59,57,58,60
60,60,59,60,60,60,60,58,58,60,59,60,60,54,58,56,60,60,56,59,59,60,59,56,59,56,60,55,54,53,55,59,59,59,59,58,59,59,58,59,60,59,58,55,57,58,59,57,58,60
60,60,59,60,60,60,60,58,58,60,59,60,60,54,58,56,60,60,56,59,59,60,59,56,59,56,60,55,54,53,55,59,59,59,59,58,59,59,58,59,60,59,58,55,57,58,59,57,58,60
60,60,59,60,60,60,60,58,58,60,59,60,60,54,58,56,60,60,56,59,59,60,59,56,59,56,60,55,54,53,55,59,59,59,59,58,59,59,58,59,60,59,58,55,57,58,59,57,58,60
60,60,59,60,60,60,60,58,58,60,59,60,60,54,58,56,60,60,56,59,59,60,59,56,59,56,60,55,54,53,55,59,59,59,59,58,59,59,58,59,60,59,58,55,57,58,59,57,58,60
60,60,59,60,60,60,60,58,58,60,59,60,60,54,58,56,60,60,56,59,59,60,59,56,59,56,60,55,54,53,55,59,59,59,59,58,59,59,58,59,60,59,58,55,57,58,59,58,58,60
60,60,59,60,60,60,60,58,58,60,59,60,60,54,58,56,60,60,56,59,59,60,59,56,59,56,60,55,54,53,55,59,59,59,59,58,59,59,58,59,60,59,58,55,57,58,59,58,58,60
60,60,59,60,60,60,60,58,58,60,59,60,60,54,58,56,60,60,56,59,59,60,59,56,59,56,60,55,54,54,55,59,59,59,59,58,59,59,58,59,60,59,58,55,57,58,59,58,58,60
60,60,59,60,60,60,60,58,58,60,59,60,60,54,58,56,60,60,56,59,59,60,60,56,59,56,60,55,55,54,55,59,59,59,59,58,59,59,58,59,60,59,58,56,57,58,59,58,58,60
60,60,59,60,60,60,60,58,58,60,59,60,60,54,58,56,60,60,56,59,59,60,60,56,59,56,60,55,55,54,56,59,59,59,59,58,59,59,58,59,60,59,58,56,57,58,59,58,58,60
60,60,59,60,60,60,60,58,58,60,59,60,60,54,58,56,60,60,57,59,59,60,60,56,59,56,60,55,55,54,56,59,59,59,59,58,59,59,58,59,60,59,58,56,57,58,59,58,58,60
60,60,59,60,60,60,60,58,58,60,59,60,60,54,58,56,60,60,57,59,59,60,60,56,60,56,60,55,55,54,56,59,59,59,59,58,59,59,58,59,60,59,58,56,58,58,59,58,58,60
60,60,59,60,60,60,60,58,58,60,59,60,60,54,58,56,60,60,57,59,59,60,60,56,60,56,60,56,55,55,56,59,59,59,59,58,59,59,58,59,60,59,58,56,58,58,59,58,58,60
60,60,59,60,60,60,61,58,58,60,59,60,60,55,58,57,60,60,57,59,59,60,60,56,60,57,60,56,56,55,55,59,59,59,59,58,59,59,58,59,60,59,58,56,58,58,59,58,58,60
60,60,59,60,60,60,61,58,58,60,59,60,60,55,58,57,60,60,57,59,59,60,60,57,60,57,60,56,56,55,55,59,59,59,59,58,59,59,58,59,60,59,58,57,58,58,59,58,58,60
60,60,59,60,60,60,60,58,58,60,59,60,60,55,58,57,60,60,57,59,59,60,60,57,60,57,59,56,56,55,55,58,59,59,59,59,60,59,58,59,60,59,58,57,58,59,59,59,58,60
60,60,59,60,60,60,60,58,58,60,59,60,60,55,59,57,60,60,57,59,59,60,60,57,60,57,59,56,57,56,55,58,59,59,59,59,60,60,59,59,60,59,59,57,58,59,59,59,59,60
60,60,59,60,60,60,60,59,58,60,59,60,60,56,59,57,60,60,58,59,59,60,60,57,60,58,59,57,57,56,55,58,59,60,59,59,60,60,59,59,60,59,59,57,58,59,59,59,59,60
60,60,59,60,60,60,60,59,58,60,59,60,60,56,58,58,59,60,58,58,60,60,60,57,60,58,59,57,57,56,55,58,59,60,59,59,59,60,59,59,60,59,59,57,58,59,59,59,59,59
60,60,59,60,60,60,60,59,59,60,59,60,60,56,58,58,59,60,58,58,60,60,60,57,60,58,58,57,58,56,55,57,59,60,59,59,59,60,59,60,60,59,59,58,58,59,59,59,59,59
60,60,59,60,60,60,60,59,59,60,59,60,60,57,58,58,59,60,58,58,60,60,60,57,59,58,58,57,58,56,55,57,59,60,60,60,59,60,59,59,60,60,59,58,58,59,59,59,58,59
60,60,59,60,60,60,60,59,59,60,60,60,60,57,57,58,59,60,59,58,60,60,60,58,59,59,58,58,58,56,55,57,59,60,60,60,59,60,59,59,60,60,59,58,58,59,59,60,58,59
60,60,59,60,60,60,60,59,59,60,60,60,60,57,57,58,58,60,59,57,60,60,60,58,59,59,58,58,58,56,55,56,60,59,60,60,58,60,59,59,60,60,59,58,57,59,58,60,58,59
60,60,59,60,60,60,60,59,59,60,60,60,60,58,57,58,58,60,59,57,60,60,60,58,59,59,57,58,57,55,55,56,59,59,60,59,58,60,59,59,60,60,59,59,57,59,58,59,58,58
60,60,59,60,60,60,60,59,59,59,60,60,60,58,56,58,58,60,59,57,60,59,60,58,58,60,57,59,57,55,55,56,59,59,60,59,58,60,59,59,60,60,59,59,57,59,58,59,58,58
60,60,60,60,60,60,60,60,59,59,60,60,60,59,56,58,58,60,60,57,60,59,60,59,58,60,57,59,57,55,55,55,59,59,60,59,58,60,59,59,60,60,59,59,57,58,58,59,58,58
60,60,60,60,60,60,60,60,59,59,60,60,60,59,56,58,58,60,60,56,60,59,60,59,58,60,57,59,56,54,55,55,59,59,60,59,58,60,59,59,60,60,59,59,56,58,58,59,58,58
60,60,60,59,60,60,60,60,59,59,60,60,60,59,55,58,57,60,60,56,60,59,60,59,58,59,57,60,56,54,54,55,59,59,60,59,58,59,59,59,60,60,59,59,56,58,58,59,58,58
60,60,60,59,60,60,60,60,59,59,60,59,60,59,55,58,57,60,60,56,60,59,60,59,57,59,56,60,56,54,54,55,59,59,59,59,58,59,59,58,59,60,59,59,56,58,58,59,58,58
61,60,60,59,60,60,60,60,59,59,60,59,60,60,55,58,57,60,60,56,60,59,60,59,57,59,56,60,56,54,54,55,59,59,59,59,58,60,59,58,59,60,59,59,56,58,58,59,58,58
60,60,60,59,60,60,60,60,59,59,60,59,60,60,55,57,57,60,60,56,60,59,60,59,57,59,56,60,56,54,54,55,59,59,59,59,58,59,59,58,59,60,59,59,56,58,58,59,58,58
60,60,60,59,60,60,60,60,59,59,60,59,60,60,55,58,57,60,60,56,60,60,60,60,57,59,56,60,55,54,54,55,59,59,59,59,58,60,59,58,59,60,59,59,56,58,58,59,58,58
60,60,60,59,60,60,60,60,59,59,60,60,60,60,55,58,57,60,61,56,60,60,60,60,57,60,56,60,56,55,54,55,59,59,60,59,58,60,59,59,60,60,59,59,56,58,58,59,58,58
60,60,60,59,60,60,60,61,59,59,60,60,60,60,55,58,57,61,61,56,60,60,60,60,57,60,57,60,56,55,54,55,59,59,60,59,59,60,59,59,60,60,59,59,56,58,58,59,58,58
60,60,60,59,60,60,60,60,59,59,60,60,60,60,55,58,57,61,60,56,60,60,60,60,57,60,57,60,56,55,54,55,59,59,60,60,59,60,60,59,60,60,59,59,56,58,58,60,58,58
61,60,60,59,60,60,60,61,59,59,60,60,60,60,55,58,57,61,61,56,60,60,60,60,57,60,57,60,56,55,54,55,59,59,60,60,59,60,60,59,60,60,60,59,56,58,58,60,58,58
60,60,60,59,60,60,60,61,59,59,61,60,60,60,55,58,57,61,61,56,60,60,60,60,57,60,57,60,56,55,54,55,59,59,60,60,59,60,60,59,60,60,59,59,56,58,58,60,58,58
60,60,60,59,60,60,60,61,58,58,60,59,60,60,54,58,57,60,60,56,60,59,60,59,56,59,56,60,55,54,53,55,59,59,59,59,58,60,59,58,59,60,59,58,55,57,58,59,58,58
60,60,60,59,60,60,60,60,58,58,60,59,60,60,54,57,57,60,60,56,60,59,60,59,56,59,56,60,55,54,53,55,59,59,59,59,58,59,59,58,59,60,59,58,55,57,58,59,58,58
60,60,60,59,60,60,60,61,59,59,60,59,60,60,54,58,57,60,60,56,60,60,60,60,57,59,56,60,55,54,53,55,59,59,59,59,58,60,59,58,59,60,59,59,55,58,58,59,58,58
60,60,59,59,60,60,60,60,58,58,60,59,60,59,54,57,56,60,60,56,59,59,60,59,56,59,56,60,55,54,53,54,59,59,59,59,58,59,59,58,59,60,59,58,55,57,58,59,57,58
60,60,59,59,60,60,60,60,58,58,60,59,60,59,54,57,56,60,60,56,59,59,60,59,56,59,56,60,55,54,53,54,59,59,59,59,58,59,59,58,59,60,59,58,55,57,58,59,57,58
60,60,59,59,60,60,60,60,58,58,60,59,60,59,54,57,56,60,60,56,59,59,60,59,56,59,56,60,55,54,53,54,59,59,59,59,58,59,59,58,59,60,59,58,55,57,58,59,57,58
60,60,59,59,60,60,60,60,58,58,60,59,60,59,54,57,56,60,60,56,59,59,60,59,56,59,56,60,55,54,53,54,59,59,59,59,58,59,59,58,59,60,59,58,55,57,58,59,57,58
60,60,59,59,60,60,60,60,58,58,60,59,60,59,54,57,56,60,60,56,59,59,60,59,56,59,56,60,55,54,53,54,59,59,59,59,58,59,59,58,59,60,59,58,55,57,58,59,57,58
60,60,59,59,60,60,60,60,58,58,60,59,60,59,54,57,56,60,60,56,59,59,60,59,56,59,56,60,55,54,53,54,59,59,59,59,58,59,59,58,59,60,59,58,55,57,58,59,57,58
60,60,59,59,60,60,60,60,58,58,60,59,60,59,54,57,56,60,60,56,59,59,60,59,56,59,56,60,55,54,53,54,59,59,59,59,58,59,59,58,59,60,59,58,55,57,58,59,57,58
60,60,59,59,60,60,60,60,58,58,60,59,60,59,54,57,56,60,60,56,59,59,60,59,56,59,56,60,55,54,53,54,59,59,59,59,58,59,59,58,59,60,59,58,55,57,58,59,57,58
60,60,59,59,60,60,60,60,58,58,60,59,60,59,54,57,56,60,60,56,59,59,60,59,56,59,56,60,55,54,53,54,59,59,59,59,58,59,59,58,59,60,59,58,55,57,58,59,57,58
60,60,59,59,60,60,60,60,58,58,60,59,60,59,54,57,56,60,60,56,59,59,60,59,56,59,56,60,55,54,53,54,59,59,59,59,58,59,59,58,59,60,59,58,55,57,58,59,57,58
60,60,59,59,60,60,60,60,58,58,60,59,60,59,54,58,56,60,60,56,59,59,60,59,56,59,56,60,55,54,53,54,59,59,59,59,58,59,59,58,59,60,59,58,55,57,58,59,57,58
60,60,59,59,60,60,60,60,58,58,60,59,60,59,54,58,56,60,60,56,59,59,60,59,56,59,56,60,55,54,53,54,59,59,59,59,58,59,59,58,59,60,59,58,55,57,58,59,57,58
60,60,59,59,60,60,60,60,58,58,60,59,60,59,54,58,56,60,60,56,59,59,60,59,56,59,56,60,55,54,53,55,59,59,59,59,58,59,59,58,59,60,59,58,55,57,58,59,57,58
60,60,59,59,60,60,60,60,58,58,60,59,60,59,54,58,56,60,60,56,59,59,60,59,56,59,56,60,55,54,53,55,59,59,59,59,58,59,59,58,59,60,59,58,55,57,58,59,57,58
60,60,59,59,60,60,60,60,58,58,60,59,60,59,54,58,56,60,60,56,59,59,60,59,56,59,56,60,55,54,53,55,59,59,59,59,58,59,59,58,59,60,59,58,55,57,58,59,57,58
60,60,59,59,60,60,60,60,58,58,60,59,60,59,54,58,56,60,60,56,59,59,60,59,56,59,56,60,55,54,53,55,59,59,59,59,58,59,59,58,59,60,59,58,55,57,58,59,57,58
60,60,59,59,60,60,60,60,58,58,60,59,60,59,54,58,56,60,60,56,59,59,60,59,56,59,56,60,55,54,53,55,59,59,59,59,58,59,59,58,59,60,59,58,55,57,58,59,57,58
60,60,59,59,60,60,60,60,58,58,60,59,60,59,54,58,56,60,60,56,59,59,60,59,56,59,56,60,55,54,53,55,59,59,59,59,58,59,59,58,59,60,59,58,55,57,58,59,58,58
60,60,59,59,60,60,60,60,58,58,60,59,60,59,54,58,56,60,60,56,59,59,60,59,56,59,56,60,55,54,53,55,59,59,59,59,58,59,59,58,59,60,59,58,55,57,58,59,58,58
60,60,59,59,60,60,60,60,58,58,60,59,60,59,54,58,56,60,60,56,59,59,60,59,56,59,56,60,55,54,54,55,59,59,59,59,58,59,59,58,59,60,59,58,55,57,58,59,58,58
60,60,59,59,60,60,60,60,58,58,60,59,60,59,54,58,56,60,60,56,59,59,60,60,56,59,56,60,55,55,54,55,59,59,59,59,58,59,59,58,59,60,59,58,56,57,58,59,58,58
60,60,59,59,60,60,60,60,58,58,60,59,60,59,54,58,56,60,60,56,59,59,60,60,56,59,56,60,55,55,54,56,59,59,59,59,58,59,59,58,59,60,59,58,56,57,58,59,58,58
60,60,59,59,60,60,60,60,58,58,60,59,60,60,54,58,56,60,60,57,59,59,60,60,56,59,56,60,55,55,54,56,59,59,59,59,58,59,59,58,59,60,59,58,56,57,58,59,58,58
60,60,59,59,60,60,60,60,58,58,60,59,60,60,54,58,56,60,60,57,59,59,60,60,56,60,56,60,55,55,54,55,59,59,59,59,58,59,59,58,59,60,59,58,56,57,58,59,58,58
60,60,59,59,60,60,60,60,58,58,60,59,60,60,54,58,56,60,60,57,59,59,60,60,56,60,56,60,55,55,54,55,59,59,59,59,58,59,59,58,59,60,59,58,56,58,58,59,58,58
60,60,60,59,60,60,60,61,58,58,60,59,60,60,55,58,57,60,60,57,59,59,60,60,56,60,57,60,56,56,55,55,59,59,59,59,58,59,59,58,59,60,59,58,56,58,58,59,58,58
60,60,60,59,60,60,60,61,58,58,60,59,60,60,55,58,57,60,60,57,59,59,60,60,57,60,57,60,56,56,55,55,58,59,59,59,58,59,59,58,59,60,59,58,56,58,58,59,58,58
60,60,60,59,60,60,60,61,58,58,60,59,60,60,55,58,57,60,60,57,59,59,60,60,57,60,57,59,56,56,55,55,58,59,59,59,59,59,59,58,59,60,59,58,57,58,59,59,59,58
60,60,60,59,60,60,60,61,58,58,60,59,60,60,55,59,57,60,60,57,59,59,60,60,57,60,57,59,56,57,56,55,58,59,59,59,59,60,60,59,59,60,59,58,57,58,59,59,59,59
60,60,60,59,60,60,60,61,59,58,60,59,60,60,56,59,57,60,60,58,59,59,60,60,57,60,58,59,56,57,56,55,58,59,60,59,59,60,60,59,59,60,59,59,57,58,59,59,59,59
60,60,60,59,60,60,60,61,59,58,60,59,60,60,56,59,58,60,60,58,59,60,60,60,57,60,58,59,57,57,56,55,58,59,60,59,59,60,60,59,59,60,59,59,57,58,59,59,59,59
60,60,60,59,60,60,60,61,59,59,60,59,60,60,56,58,58,59,60,58,58,60,60,60,57,60,58,59,57,58,56,55,57,59,60,59,59,59,60,59,60,60,59,59,58,58,59,59,59,59
60,60,60,59,60,60,60,61,59,59,60,59,60,60,57,58,58,59,60,58,58,60,60,60,57,60,58,59,57,58,56,55,57,59,60,60,60,59,60,59,60,60,60,59,58,58,59,59,59,59
60,60,60,59,60,60,60,61,59,59,60,60,60,60,57,58,58,59,60,59,58,60,60,60,58,60,59,58,58,59,56,55,57,59,60,60,60,59,60,59,60,60,60,59,58,58,60,59,60,59
60,60,60,59,60,60,60,61,59,59,60,60,60,60,57,58,59,59,60,59,58,60,60,60,58,60,59,58,58,58,56,55,57,60,60,60,60,59,60,60,60,60,60,59,58,58,60,59,60,59
60,60,60,59,60,60,60,61,59,59,60,60,60,60,58,57,59,59,60,59,58,60,60,60,58,59,59,58,58,58,56,55,57,60,60,60,60,59,60,60,60,60,60,59,59,58,59,59,60,59
60,60,60,59,60,60,60,61,59,59,60,60,60,60,58,57,59,59,60,59,57,60,60,60,58,59,60,58,59,58,55,55,56,60,60,60,60,59,60,60,60,60,60,60,59,57,59,59,60,59
60,60,60,60,60,60,60,61,60,59,60,60,60,60,59,57,59,59,60,60,57,60,60,60,59,59,60,58,59,57,55,55,56,60,60,60,60,59,60,60,60,61,60,60,59,57,59,59,60,59
60,60,60,60,60,60,60,61,60,60,60,60,61,61,59,57,59,59,61,60,57,60,60,60,59,59,60,58,59,57,55,55,56,60,60,60,60,59,61,60,60,61,60,60,59,57,59,59,60,59
60,60,61,60,60,60,60,61,60,60,60,60,61,60,59,56,59,59,61,60,57,60,61,60,59,59,60,58,60,57,55,55,56,60,60,60,60,59,61,60,60,61,60,60,60,57,59,59,60,59
60,60,60,60,60,60,60,61,60,60,60,60,61,61,60,56,59,58,61,60,57,61,61,61,59,59,60,57,60,57,55,54,56,60,60,60,60,59,61,60,60,61,60,60,60,57,59,59,60,59
60,61,60,60,60,60,60,61,60,60,60,60,61,61,60,56,59,58,61,60,57,61,61,61,60,58,60,57,60,57,55,54,56,60,60,61,60,59,61,60,60,61,60,60,60,57,59,59,60,59
60,61,61,60,60,60,60,61,60,60,60,60,61,61,60,56,59,58,61,60,57,61,61,60,60,58,60,58,60,57,56,54,56,60,60,61,60,59,61,60,60,61,61,60,60,57,59,59,60,59
60,61,61,60,60,60,60,61,60,60,60,60,61,61,60,56,59,58,61,60,57,61,61,61,60,58,61,57,60,57,55,54,56,60,60,61,60,59,61,60,60,61,61,60,60,57,59,59,60,59
60,61,61,60,60,60,60,61,61,60,60,61,61,61,60,56,59,58,61,61,57,61,61,61,60,58,61,57,60,57,55,54,56,60,60,61,60,59,61,60,60,61,61,60,60,57,59,59,60,59
60,60,61,60,60,60,61,61,61,60,60,60,61,61,60,55,59,58,61,61,57,61,61,61,60,58,61,57,60,57,55,54,56,60,60,61,60,59,61,60,60,61,61,60,60,57,59,59,60,59
60,60,61,61,60,61,61,61,61,60,60,60,60,60,60,55,59,58,61,61,57,61,61,61,60,58,61,57,60,56,55,54,56,60,60,61,60,59,61,60,59,61,61,60,60,57,59,59,60,59
60,61,61,61,60,61,61,61,61,60,60,60,60,60,60,55,59,58,61,61,57,61,61,61,60,58,61,57,60,56,55,54,56,60,60,60,60,59,61,60,59,60,61,60,60,56,59,59,60,59
60,61,61,61,60,61,61,61,61,60,60,61,60,61,60,55,59,58,61,61,57,61,61,61,60,58,60,57,60,56,55,54,56,60,60,60,60,59,61,60,59,60,61,60,60,56,59,59,60,59
60,61,61,61,60,61,61,61,61,59,59,61,60,61,61,55,58,58,61,61,57,61,60,61,60,57,60,57,61,56,55,54,56,60,60,60,60,59,61,60,59,60,61,60,59,56,58,59,60,58
60,61,61,61,60,61,61,61,61,59,59,61,60,61,60,55,58,57,61,61,57,60,60,61,60,57,60,57,61,56,55,54,55,60,60,60,60,59,60,60,59,60,61,60,59,56,58,59,60,58
60,61,61,60,59,61,60,60,61,59,59,61,60,60,60,55,58,57,61,61,56,60,60,60,60,57,60,57,61,56,55,54,55,59,59,60,60,59,60,60,59,60,61,60,59,56,58,58,60,58
60,60,60,60,59,60,60,60,60,59,59,61,60,60,60,55,58,57,61,61,56,60,60,60,60,57,60,57,60,56,55,54,55,59,59,60,60,59,60,60,59,60,60,59,59,56,58,58,60,58
60,60,60,60,59,60,60,60,61,59,59,61,60,60,60,54,58,57,61,61,56,60,60,60,60,57,60,57,60,56,55,53,55,59,59,60,59,59,60,59,59,60,60,59,59,56,58,58,59,58
60,60,60,60,59,60,60,60,61,59,59,61,60,60,60,55,58,57,61,61,56,60,60,60,60,57,60,57,60,56,55,54,55,59,59,60,60,59,60,59,59,60,60,59,59,56,58,58,60,58
60,60,60,60,59,60,60,60,61,59,59,61,60,60,60,54,58,57,61,61,56,60,60,60,60,57,60,57,60,56,55,54,55,59,59,60,59,59,60,59,59,60,60,59,59,56,58,58,60,58
59,60,60,60,59,60,60,60,61,59,59,61,60,60,60,54,58,57,61,61,56,60,60,60,60,57,60,56,60,56,54,53,55,59,59,60,59,58,60,59,59,60,60,59,59,56,58,58,59,58
59,60,60,60,59,60,60,60,61,59,59,60,59,60,60,54,58,57,60,60,56,60,60,60,59,56,59,56,60,55,54,53,55,59,59,59,59,58,60,59,58,59,60,59,59,55,58,58,59,58
59,60,60,60,59,60,60,60,61,58,58,60,59,60,60,54,57,57,60,60,56,60,59,60,59,56,59,56,60,55,54,53,54,59,59,59,59,58,59,59,58,59,60,59,58,55,57,58,59,57
59,60,60,60,59,60,60,60,61,58,58,60,59,60,60,54,57,56,60,60,56,60,59,60,59,56,59,56,60,55,54,53,54,59,59,59,59,58,59,59,58,59,60,59,58,55,57,58,59,57
59,60,60,60,59,60,60,60,61,58,58,60,59,60,60,54,57,56,60,60,56,60,59,60,59,56,59,56,60,55,54,53,54,59,59,59,59,58,59,59,58,59,60,59,58,55,57,58,59,57
59,60,60,60,59,60,60,60,61,58,58,60,59,60,60,54,57,56,60,60,56,60,59,60,59,56,59,56,60,55,54,53,54,59,59,59,59,58,59,59,58,59,60,59,58,55,57,58,59,57
59,60,60,59,59,60,60,60,60,58,58,60,59,60,59,54,57,56,60,60,56,59,59,60,59,56,59,56,60,55,54,53,54,58,59,59,59,58,59,59,58,59,60,59,58,55,57,58,59,57
59,60,60,59,59,60,60,60,60,58,58,60,59,60,59,54,58,56,60,60,56,59,59,60,59,56,59,56,60,55,54,53,54,58,59,59,59,58,59,59,58,59,60,59,58,55,57,58,59,57
59,60,60,59,59,60,60,60,60,58,58,60,59,60,59,54,58,56,60,60,56,59,59,60,59,56,59,56,60,55,54,53,54,58,59,59,59,58,59,59,58,59,60,59,58,55,57,58,59,57
59,60,60,59,59,60,60,60,60,58,58,60,59,60,59,54,58,56,60,60,56,59,59,60,59,56,59,56,60,55,54,53,55,58,59,59,59,58,59,59,58,59,60,59,58,55,57,58,59,57
59,60,60,59,59,60,60,60,60,58,58,60,59,60,59,54,58,56,60,60,56,59,59,60,59,56,59,56,60,55,54,53,55,58,59,59,59,58,59,59,58,59,60,59,58,55,57,58,59,57
59,60,60,59,59,60,60,60,60,58,58,60,59,60,59,54,58,56,60,60,56,59,59,60,59,56,59,56,60,55,54,53,55,58,59,59,59,58,59,59,58,59,60,59,58,55,57,58,59,57
59,60,60,59,59,60,60,60,60,58,58,60,59,60,59,54,58,56,60,60,56,59,59,60,59,56,59,56,60,55,54,53,55,58,59,59,59,58,59,59,58,59,60,59,58,55,57,58,59,57
59,60,60,59,59,60,60,60,60,58,58,60,59,60,59,54,58,56,60,60,56,59,59,60,59,56,59,56,60,55,54,53,55,58,59,59,59,58,59,59,58,59,60,59,58,55,57,58,59,57
59,60,60,59,59,60,60,60,60,58,58,60,59,60,59,54,58,56,60,60,56,59,59,60,59,56,59,56,60,55,54,53,55,58,59,59,59,58,59,59,58,59,60,59,58,55,57,58,59,57
59,60,60,59,59,60,60,60,60,58,58,60,59,60,59,54,58,56,60,60,56,59,59,60,59,56,59,56,60,55,54,53,55,58,59,59,59,58,59,59,58,59,60,59,58,55,57,58,59,58
59,60,60,59,59,60,60,60,60,58,58,60,59,60,59,54,58,56,60,60,56,59,59,60,59,56,59,56,60,55,54,54,55,58,59,59,59,58,59,59,58,59,60,59,58,56,57,58,59,58
59,60,60,60,59,60,60,60,60,58,58,60,59,60,59,54,58,56,60,60,56,59,59,60,60,56,59,56,60,55,55,54,56,59,59,59,59,58,59,59,58,59,60,59,58,56,57,58,59,58
59,60,60,60,59,60,60,60,61,58,58,60,59,60,60,54,58,56,60,60,56,60,59,60,60,56,59,56,60,55,55,54,55,59,59,59,59,58,59,59,58,59,60,59,58,56,57,58,59,58
59,60,60,59,59,60,60,60,60,58,58,60,59,60,60,54,58,56,60,60,57,60,59,60,60,56,60,56,60,55,55,54,55,58,59,59,59,58,59,59,58,59,60,59,58,56,57,58,59,58
59,60,60,59,59,60,60,60,60,58,58,60,59,60,60,54,58,56,60,60,57,59,59,60,60,56,59,56,60,55,55,54,55,58,59,59,59,58,59,59,58,59,60,59,58,56,57,58,59,58
59,60,60,59,59,60,60,60,61,58,58,60,59,60,60,54,58,57,60,60,57,59,59,60,60,56,59,57,60,56,56,55,55,58,59,59,59,58,59,59,58,59,60,59,58,56,58,58,59,58
59,60,60,60,59,60,60,60,61,58,58,60,59,60,60,55,58,57,60,60,57,59,59,60,60,56,60,57,60,56,56,55,55,58,59,59,59,58,59,59,58,59,60,59,58,56,58,58,59,58
59,60,60,59,59,60,60,60,61,58,58,60,59,60,59,55,58,57,60,60,57,59,59,60,60,57,60,57,60,56,56,55,55,58,59,59,59,59,59,59,58,59,60,59,58,57,58,59,59,58
59,60,60,59,59,60,60,60,61,58,58,60,59,59,59,55,58,57,60,60,57,59,59,60,60,57,60,57,60,56,57,55,55,58,59,59,59,59,59,59,59,59,60,59,58,57,58,59,59,59
59,60,60,59,59,60,60,60,61,58,58,60,59,60,59,56,59,57,60,60,57,59,59,60,60,57,60,58,59,56,57,56,55,58,59,60,59,59,60,60,59,59,60,59,58,57,58,59,60,59
59,60,60,59,59,60,60,60,61,59,58,60,59,60,60,56,59,57,60,60,58,59,59,60,60,57,60,58,59,57,57,56,55,58,59,60,59,59,60,60,59,59,60,59,59,57,58,59,60,59
59,60,60,60,59,60,60,60,60,59,59,60,59,60,60,56,58,58,60,60,58,59,60,60,60,57,60,58,59,57,58,56,55,58,59,60,59,59,60,60,59,59,60,59,59,57,58,59,60,59
59,60,60,60,59,60,60,60,60,59,59,60,59,60,60,57,58,58,60,60,58,59,60,60,60,57,60,58,59,57,58,56,55,58,59,60,60,60,60,60,59,60,60,59,59,58,58,59,60,59
60,60,60,60,59,60,60,60,60,59,59,60,60,60,60,57,58,58,60,60,59,59,60,60,60,58,60,59,59,58,58,56,55,57,59,60,60,60,60,60,59,60,60,60,59,58,58,60,60,60
60,60,60,60,59,60,60,60,61,59,59,60,60,60,60,57,58,58,60,60,59,59,60,60,60,58,60,59,59,58,59,56,55,57,60,60,60,60,60,60,60,60,60,60,59,58,58,60,60,60
60,60,60,60,59,60,60,60,61,59,59,60,60,60,60,58,58,59,60,60,59,58,60,60,60,58,60,59,59,58,59,56,55,57,60,60,60,60,60,60,60,60,60,60,59,59,58,60,60,60
60,60,60,60,59,60,60,60,61,59,59,60,60,60,60,58,57,59,59,60,59,58,60,60,60,58,60,60,59,59,59,55,55,57,60,60,60,60,60,60,60,60,60,60,60,59,58,60,60,60
60,60,60,60,59,60,60,60,61,60,59,60,60,60,60,58,57,59,59,60,60,58,60,60,60,59,60,60,59,59,58,55,55,57,60,60,60,60,60,60,60,60,61,60,60,59,58,60,60,60
60,60,60,60,60,60,60,60,61,60,59,60,60,61,61,59,57,59,59,61,60,58,60,60,60,59,60,60,59,59,58,56,55,57,60,60,60,61,60,61,60,60,61,60,60,59,58,60,60,60
60,60,60,60,60,60,60,60,61,60,60,61,60,61,60,59,57,59,60,61,60,58,60,60,60,59,60,60,59,60,58,56,54,57,60,60,60,60,60,60,60,60,61,60,60,60,58,60,60,60
60,60,60,60,60,60,60,60,61,60,60,61,60,61,61,60,57,59,59,61,60,58,61,61,61,59,60,60,59,60,58,56,54,56,60,60,60,61,60,61,60,60,61,60,60,60,58,60,60,60
60,60,61,60,60,60,60,60,61,60,60,61,60,61,61,60,56,59,59,61,60,58,61,61,61,60,59,60,59,60,58,56,54,56,60,60,61,61,60,61,60,60,61,60,60,60,58,60,60,60
60,60,61,61,60,60,60,60,61,60,60,61,60,61,61,60,56,59,59,61,60,58,61,61,60,60,59,60,58,60,58,56,54,56,61,60,61,61,60,61,61,60,61,61,60,60,58,60,60,60
60,60,61,61,60,60,60,60,61,60,60,61,60,61,61,60,56,60,59,61,60,58,61,61,61,60,59,61,59,60,58,57,54,56,60,60,61,61,60,60,60,60,61,60,60,60,58,60,60,61
60,60,60,61,60,60,60,60,61,60,60,61,60,61,61,60,56,60,59,61,61,58,61,60,61,60,59,60,58,60,58,57,54,56,60,61,61,61,61,61,61,60,61,61,60,60,58,60,60,61
61,60,60,61,60,60,60,61,61,61,61,61,60,61,60,60,56,60,59,61,61,58,61,61,61,60,59,61,58,60,58,57,54,56,60,60,61,61,61,61,61,61,61,61,60,60,58,60,60,61
60,60,60,61,61,61,61,61,61,61,61,61,60,61,60,60,56,60,59,61,61,59,61,61,61,60,59,61,59,60,58,57,54,56,61,61,61,61,61,61,61,61,61,62,60,60,58,60,60,61
60,61,61,61,61,61,61,61,62,61,61,61,60,61,60,60,56,60,59,61,61,58,61,61,61,60,59,61,59,60,58,57,54,56,61,61,60,62,61,61,61,61,61,61,60,60,57,60,60,61
60,61,61,61,61,61,61,61,61,61,61,61,61,61,61,60,55,59,59,61,61,58,61,61,61,60,59,60,59,60,58,57,54,57,61,61,60,61,61,61,61,60,61,61,61,61,57,60,59,61
60,60,61,61,61,61,61,61,61,61,61,61,61,61,61,61,55,59,59,61,61,58,61,61,61,60,59,61,59,61,58,57,54,56,61,61,61,61,61,61,61,60,61,61,61,61,57,60,59,61
60,60,61,61,61,60,61,62,62,61,61,61,61,62,61,61,55,59,59,61,62,58,61,61,61,60,59,61,58,61,58,57,54,56,61,61,61,61,61,61,61,61,61,61,61,61,57,59,59,61
60,61,61,61,61,61,61,61,62,61,61,61,61,61,61,61,55,59,59,61,62,58,61,61,61,60,59,61,58,61,58,57,54,56,60,61,61,61,61,61,61,61,61,61,61,61,57,59,59,61
60,61,61,61,61,60,61,61,61,60,61,61,61,61,61,61,55,59,59,61,61,57,61,61,61,60,59,61,58,61,58,57,54,56,61,61,61,61,61,61,61,61,61,61,61,61,57,59,59,61
60,61,62,61,61,61,61,61,61,61,61,61,61,61,61,61,55,58,59,61,61,57,61,61,61,60,59,61,58,61,58,56,54,56,61,61,61,61,60,61,61,61,61,61,61,61,57,59,59,61
60,61,62,61,61,61,61,61,61,61,61,61,61,61,61,61,55,58,59,61,61,57,61,61,61,60,59,61,58,61,57,56,54,56,61,61,61,61,60,61,61,61,61,61,61,61,57,59,59,61
60,61,62,61,61,61,61,61,61,61,61,61,61,61,61,61,55,58,59,61,61,57,61,61,61,60,59,61,57,61,57,56,54,55,61,61,61,61,60,61,61,60,61,61,61,61,57,58,59,61
59,61,61,61,61,61,61,61,61,61,61,61,62,61,61,61,55,58,59,61,61,57,61,61,61,60,58,61,57,61,57,56,54,55,61,61,61,61,60,61,61,60,61,61,61,61,56,58,59,61
59,61,62,61,61,61,61,61,61,61,60,61,61,61,61,61,54,58,59,61,62,57,61,61,61,60,58,60,57,61,57,56,54,55,61,61,61,61,60,61,60,60,61,61,61,60,56,58,59,61
59,61,62,61,61,61,61,61,61,61,60,60,61,61,61,60,54,58,59,61,61,57,62,61,61,60,58,60,57,61,57,56,54,55,61,61,61,61,60,61,61,60,61,61,61,60,56,58,59,61
59,61,62,61,61,61,61,61,61,61,60,60,61,61,61,60,54,57,59,61,61,57,61,61,61,60,58,60,57,61,57,56,54,55,61,61,61,61,60,61,61,60,60,61,61,60,56,58,58,61
59,61,62,60,61,61,61,61,61,61,60,60,61,61,61,60,54,57,58,61,61,56,61,61,61,60,58,60,57,61,57,56,54,55,61,61,61,61,59,61,61,60,60,61,61,60,56,58,58,60
59,61,62,61,61,61,61,61,61,61,60,60,61,61,61,60,54,57,58,61,61,56,61,61,61,60,58,60,57,61,57,56,53,55,60,61,61,60,59,61,61,60,60,61,61,60,56,58,58,60
59,61,61,61,61,60,61,61,61,61,60,60,61,61,61,60,54,57,58,61,61,56,61,61,61,60,58,60,57,61,57,55,53,54,60,60,60,60,59,61,61,59,60,61,60,60,55,58,58,60
58,60,61,61,61,60,61,61,61,62,59,59,61,60,61,61,54,58,57,61,61,56,61,60,61,60,57,59,56,61,56,55,53,54,60,60,60,60,58,60,60,59,60,61,60,59,55,57,58,60
58,60,61,61,60,59,61,61,61,61,59,59,61,60,60,60,54,58,57,61,61,56,60,60,60,60,57,59,56,61,56,55,53,54,59,59,60,60,58,60,60,59,60,61,60,59,55,57,58,59
58,60,61,60,60,59,61,60,60,61,59,59,61,60,60,60,54,58,57,61,61,56,60,60,60,59,57,59,56,60,56,54,53,55,59,59,60,59,58,60,60,58,59,61,60,59,55,57,58,59
58,59,60,60,60,59,60,60,60,61,58,58,60,59,60,60,54,58,57,60,60,56,60,59,60,59,56,59,56,60,55,54,53,55,59,59,59,59,58,60,59,58,59,60,59,58,55,57,58,59
57,59,60,60,59,58,60,60,60,60,58,58,60,59,60,59,54,58,56,60,60,56,59,59,60,59,56,59,56,60,55,54,53,55,58,58,59,59,58,59,59,58,59,60,59,58,55,57,57,59
57,59,60,60,59,58,60,60,60,60,58,58,60,59,60,59,54,58,56,60,60,56,59,59,60,59,56,59,56,60,55,54,53,55,58,58,59,59,58,59,59,58,59,60,59,58,55,57,58,59
57,59,60,60,59,58,60,60,60,60,58,58,60,59,60,59,54,58,56,60,60,56,59,59,60,59,56,59,56,60,55,54,53,55,58,58,59,59,58,59,59,58,59,60,59,58,55,57,58,59
57,59,60,60,59,58,60,60,60,60,58,58,60,59,60,59,54,58,56,60,60,56,59,59,60,59,56,59,56,60,55,54,53,55,58,58,59,59,58,59,59,58,59,60,59,58,55,57,58,59
57,59,60,60,59,58,60,60,60,60,58,58,60,59,60,59,54,58,56,60,60,56,59,59,60,59,56,59,56,60,55,54,53,55,58,58,59,59,58,59,59,58,59,60,59,58,55,57,58,59
57,59,60,60,59,58,60,60,60,60,58,58,60,59,60,59,54,58,56,60,60,56,59,59,60,59,56,59,56,60,55,54,54,55,58,58,59,59,58,59,59,58,59,60,59,58,55,57,58,59
58,59,60,60,59,58,60,60,60,60,58,58,60,59,60,59,54,58,56,60,60,56,59,59,60,60,56,59,56,60,55,55,54,55,58,58,59,59,58,59,59,58,59,60,59,58,56,57,58,59
58,59,60,60,59,58,60,60,60,60,58,58,60,59,60,59,54,58,56,60,60,56,59,59,60,60,56,59,56,60,55,55,54,55,58,58,59,59,58,59,59,58,59,60,59,58,56,57,58,59
58,59,60,60,59,59,60,60,60,60,58,58,60,59,60,59,54,58,56,60,60,57,59,59,60,60,56,59,56,60,55,55,54,55,58,59,59,59,58,59,59,58,59,60,59,58,56,57,58,59
58,59,60,60,59,59,60,60,60,60,58,58,60,59,60,59,54,58,56,60,60,57,59,59,60,60,56,59,56,60,55,55,54,55,58,59,59,59,58,59,59,58,59,60,59,58,56,57,58,59
58,59,60,60,59,59,60,60,60,61,58,58,60,59,60,59,54,58,56,60,60,57,59,59,60,60,56,59,57,60,56,56,55,55,58,59,59,59,58,59,59,58,59,60,59,58,56,58,58,59
58,59,60,60,59,59,60,60,60,61,58,58,60,59,60,59,55,58,57,60,60,57,59,59,60,60,56,59,57,60,56,56,55,55,58,59,59,59,58,59,59,58,59,60,59,58,56,58,58,59
58,59,60,60,59,59,60,60,60,61,58,58,60,59,60,59,55,58,57,60,60,57,59,59,60,60,57,60,57,59,56,56,55,55,58,59,59,59,59,59,59,58,59,60,59,58,57,58,59,59
58,59,60,60,59,59,60,60,60,60,58,58,60,59,60,59,55,59,57,60,60,57,59,59,60,60,57,60,57,59,56,57,55,55,58,59,59,59,59,60,59,59,59,60,59,58,57,58,59,59
58,59,60,60,59,59,60,60,60,60,59,58,60,59,60,60,56,59,57,60,60,58,59,59,60,60,57,60,58,59,56,57,56,55,58,59,60,59,59,60,60,59,59,60,59,58,57,58,59,59
58,59,60,60,60,59,60,60,60,60,59,58,60,59,60,60,56,59,57,59,60,58,58,60,60,60,57,60,58,59,57,57,56,55,57,59,60,59,59,59,60,59,59,60,59,59,57,58,59,59
58,59,60,60,60,59,60,60,60,60,59,59,60,59,60,60,56,58,58,59,60,58,58,60,60,60,57,60,58,59,57,58,56,55,57,59,60,59,59,59,60,59,60,60,59,59,58,58,59,59
58,59,60,60,60,59,60,60,60,61,59,59,60,59,60,60,57,58,58,59,60,58,58,60,60,60,57,60,58,58,57,58,56,55,57,59,60,60,60,59,60,59,60,60,59,59,58,58,59,59
59,60,60,60,60,59,60,60,60,60,59,59,60,60,60,60,57,58,58,59,60,59,58,60,60,60,58,59,59,58,58,58,55,55,57,59,60,60,60,59,60,59,60,60,60,59,58,58,59,59
59,60,60,60,60,59,60,60,60,61,59,59,60,60,60,60,57,57,59,59,60,59,58,60,60,60,58,59,59,58,58,58,55,55,57,60,60,60,60,59,60,60,59,60,60,59,58,58,59,59
59,60,60,60,60,59,60,60,60,61,59,59,60,60,60,60,58,57,59,59,60,59,57,60,60,60,58,59,59,58,58,58,55,55,56,60,60,60,60,59,60,60,59,60,60,59,59,57,59,59
59,60,60,60,60,59,60,60,60,61,59,59,60,60,60,60,58,57,58,59,60,59,57,60,60,60,58,59,60,58,59,58,55,55,56,60,60,60,60,59,60,60,59,60,60,60,59,57,59,59
59,59,60,60,60,60,60,60,60,61,60,59,60,60,60,60,59,57,59,58,60,60,57,60,60,60,59,59,60,58,59,57,55,55,56,60,60,60,60,59,60,60,60,60,60,60,59,57,59,59
60,59,60,60,60,60,60,60,60,61,60,60,60,60,60,61,59,56,59,58,61,60,57,60,60,60,59,59,60,57,59,57,55,55,56,60,60,60,60,59,60,60,60,60,60,60,59,57,59,59
60,59,60,60,61,60,60,60,60,61,60,60,60,60,60,60,59,56,59,58,61,60,57,60,60,60,59,59,60,57,60,57,55,54,56,60,60,60,60,59,60,60,59,60,60,60,60,57,59,59
60,59,60,60,60,60,60,60,60,61,60,60,60,60,60,61,60,56,59,58,61,60,57,61,60,61,59,58,60,57,60,57,55,54,56,60,60,60,60,59,61,60,59,60,60,60,60,57,59,59
60,59,60,60,60,60,60,60,60,61,60,60,60,60,60,61,60,56,58,58,61,60,57,61,60,61,60,58,60,57,60,57,55,54,56,60,60,60,60,59,61,60,59,60,60,60,60,57,59,59
60,59,60,60,61,60,60,60,60,61,60,60,60,60,61,61,60,56,59,58,61,60,57,61,61,60,60,58,60,57,60,57,55,54,56,60,60,61,60,59,61,60,59,61,60,60,60,57,59,59
60,59,60,61,61,60,60,60,60,61,60,60,60,60,61,61,60,56,59,58,61,60,57,61,61,61,60,58,61,57,60,57,55,54,56,60,60,61,60,59,61,60,60,61,61,60,60,57,59,59
60,59,60,60,61,60,60,60,60,61,60,60,60,61,61,61,60,56,59,58,61,61,57,61,60,61,60,58,60,57,60,57,55,54,56,60,60,61,60,59,61,60,59,61,61,60,60,57,59,59
60,59,60,60,61,60,60,60,60,61,60,60,60,60,60,60,60,55,59,58,60,61,57,61,61,60,60,58,60,58,60,57,56,54,56,60,60,60,60,59,61,60,60,61,61,60,60,57,59,59
61,59,60,60,61,61,60,61,61,61,61,60,60,60,61,60,60,56,59,58,61,61,57,61,61,61,60,58,61,58,60,57,56,54,56,60,60,61,61,60,61,61,60,61,61,60,60,57,59,59
60,59,61,61,61,61,60,61,61,61,61,60,60,60,61,60,60,56,59,58,61,61,57,61,61,61,60,58,61,58,60,57,56,53,56,60,60,60,61,60,61,61,60,61,61,60,60,57,59,59
60,59,60,61,61,61,60,61,61,61,61,60,60,61,61,61,60,55,59,58,61,61,57,61,61,61,60,58,60,57,60,57,55,54,56,60,60,60,60,59,61,60,60,61,61,60,60,57,59,59
60,59,60,61,61,61,60,61,61,61,61,60,60,61,60,61,61,55,59,58,61,61,57,61,61,61,60,58,61,57,61,56,55,54,56,60,60,61,60,59,61,60,59,60,61,60,60,56,59,59
60,59,60,61,61,61,60,61,61,61,61,60,60,61,60,61,61,55,59,58,61,62,57,61,61,61,60,58,61,57,61,56,55,54,56,60,60,61,60,59,61,60,59,60,61,60,60,56,59,59
60,59,60,61,61,61,60,61,61,61,61,60,60,61,60,61,61,55,59,58,61,61,57,61,61,61,60,58,61,57,61,56,55,54,56,60,60,61,60,59,61,60,59,60,61,60,60,56,59,59
60,59,60,61,61,61,60,61,61,61,60,60,60,61,60,61,61,55,58,58,61,61,57,61,61,61,60,58,61,57,61,56,55,54,56,60,60,61,60,59,61,60,59,60,61,60,60,56,59,59
60,59,60,61,61,61,60,61,61,61,61,59,60,61,60,61,61,55,58,58,61,61,57,61,60,61,60,57,60,57,61,56,55,54,55,60,60,60,60,59,61,60,59,60,61,60,59,56,58,59
60,59,60,61,61,61,60,61,61,61,61,59,59,61,60,61,61,55,58,57,61,61,57,61,60,61,60,57,60,57,61,56,55,54,55,60,60,60,60,59,60,60,59,60,61,60,59,56,58,59
60,58,60,61,61,60,59,61,60,60,61,59,59,61,60,60,60,55,58,57,61,61,56,60,60,60,60,57,60,57,61,56,55,53,55,59,59,60,60,59,60,60,59,60,61,60,59,56,58,58
59,58,60,60,60,60,59,60,60,60,61,59,59,61,60,60,60,55,58,57,61,61,56,60,60,60,60,57,60,57,60,56,55,53,55,59,59,60,60,59,60,60,59,60,60,59,59,56,58,58
59,58,60,60,60,60,59,60,60,60,61,59,59,61,60,60,60,54,58,57,61,61,56,60,60,60,60,57,60,57,60,56,55,53,55,59,59,60,59,59,60,59,59,60,60,59,59,56,58,58
59,58,59,60,60,60,59,60,60,60,61,59,59,61,60,60,60,54,58,57,61,61,56,60,60,60,60,57,60,56,60,55,54,53,55,59,59,60,59,58,60,59,59,60,60,59,59,56,58,58
59,58,59,60,60,60,59,60,60,60,61,59,59,61,60,60,60,54,57,57,61,61,56,60,60,60,60,57,60,56,60,55,54,53,55,59,59,60,59,58,60,59,59,60,60,59,59,55,58,58
59,58,59,60,60,60,59,60,60,60,61,59,59,61,60,60,60,54,57,57,61,61,56,60,60,60,60,57,60,56,60,55,54,53,55,59,59,60,59,58,60,59,59,60,60,59,59,55,58,58
59,58,59,60,60,60,59,60,60,60,61,59,59,61,60,60,60,54,57,57,61,61,56,60,60,60,60,57,60,56,60,55,54,53,55,59,59,60,59,58,60,59,59,60,60,59,59,55,58,58
59,58,59,60,60,60,59,60,60,60,61,59,59,60,59,60,60,54,57,57,60,60,56,60,60,60,60,57,59,56,60,55,54,53,54,59,59,60,59,58,60,59,58,59,60,59,59,55,57,58
59,58,59,60,60,60,59,60,60,60,61,58,58,60,59,60,59,54,58,56,60,60,56,60,59,60,59,56,59,56,60,55,54,53,54,59,59,59,59,58,59,59,58,59,60,59,58,55,57,58
59,57,59,60,60,59,58,60,60,60,60,58,58,60,59,59,59,54,58,56,60,60,56,59,59,60,59,56,59,56,60,55,54,53,54,58,58,59,59,58,59,59,58,59,60,59,58,55,57,57
59,57,59,60,60,59,58,60,60,60,60,58,58,60,59,59,59,54,58,56,60,60,56,59,59,60,59,56,59,56,60,55,54,53,54,58,58,59,59,58,59,59,58,59,60,59,58,55,57,57
59,57,59,60,60,59,58,60,60,60,60,58,58,60,59,59,59,54,58,56,60,60,56,59,59,60,59,56,59,56,60,55,54,53,55,58,58,59,59,58,59,59,58,59,60,59,58,55,57,57
59,57,59,60,60,59,58,60,60,60,60,58,58,60,59,59,59,54,58,56,60,60,56,59,59,60,59,56,59,56,60,55,54,53,55,58,58,59,59,58,59,59,58,59,60,59,58,55,57,57
59,57,59,60,60,59,58,60,60,60,60,58,58,60,59,59,59,54,58,56,60,60,56,59,59,60,59,56,59,56,60,55,54,53,55,58,58,59,59,58,59,59,58,59,60,59,58,55,57,57
59,57,59,60,60,59,58,60,60,60,60,58,58,60,59,59,59,54,58,56,60,60,56,59,59,60,59,56,59,56,60,55,54,53,55,58,58,59,59,58,59,59,58,59,60,59,58,55,57,57
59,57,59,60,60,59,58,60,60,60,60,58,58,60,59,59,59,54,58,56,60,60,56,59,59,60,59,56,59,56,60,55,54,53,55,58,58,59,59,58,59,59,58,59,60,59,58,55,57,58
59,57,59,60,60,59,58,60,60,60,60,58,58,60,59,59,59,54,58,56,60,60,56,59,59,60,59,56,59,56,60,55,54,53,55,58,58,59,59,58,59,59,58,59,60,59,58,55,57,58
59,57,59,60,60,59,58,60,60,60,60,58,58,60,59,59,59,54,58,56,60,60,56,59,59,60,59,56,59,56,60,55,54,54,55,58,58,59,59,58,59,59,58,59,60,59,58,55,57,58
59,57,59,60,60,59,58,60,60,60,60,58,58,60,59,59,59,54,58,56,60,60,56,59,59,60,59,56,59,56,60,55,55,54,55,58,58,59,59,58,59,59,58,59,60,59,58,56,57,58
59,58,59,60,60,59,58,60,60,60,60,58,58,60,59,59,59,54,58,56,60,60,56,59,59,60,60,56,59,56,60,55,55,54,55,58,58,59,59,58,59,59,58,59,60,59,58,56,57,58
59,58,59,60,60,59,58,60,60,60,60,58,58,60,59,59,59,54,58,56,60,60,57,59,59,60,60,56,59,56,60,55,55,54,55,58,59,59,59,58,59,59,58,59,60,59,58,56,57,58
59,58,59,60,60,59,59,60,60,60,60,58,58,60,59,60,59,54,58,56,60,60,57,59,59,60,60,56,59,56,60,55,55,54,55,58,59,59,59,58,59,59,58,59,60,59,58,56,57,58
59,58,59,60,60,59,59,60,60,60,61,58,58,60,59,60,60,54,58,56,60,60,57,59,59,60,60,56,59,57,60,56,56,55,55,58,59,59,59,58,59,59,58,59,60,59,58,56,58,58
59,58,59,60,60,59,59,60,60,60,61,58,58,60,59,60,60,55,58,57,60,60,57,59,59,60,60,56,59,57,60,56,56,55,55,58,59,59,59,58,59,59,58,59,60,59,58,56,58,58
59,58,59,60,60,59,59,60,60,60,61,58,58,60,59,59,59,55,58,57,60,60,57,59,59,60,60,57,60,57,60,56,56,55,55,58,59,59,59,59,59,59,58,59,60,59,58,57,58,59
59,58,59,60,60,59,59,60,60,60,61,58,58,60,59,60,59,55,58,57,60,60,57,59,59,60,60,57,60,57,59,56,57,55,55,58,59,59,59,59,60,59,59,59,60,59,58,57,58,59
59,58,59,60,60,59,59,60,60,60,61,59,58,60,59,60,60,56,59,57,60,60,58,59,59,60,60,57,60,58,59,56,57,56,55,58,59,60,59,59,60,60,59,59,60,59,58,57,58,59
59,58,59,60,60,60,59,60,60,60,61,59,58,60,59,60,60,56,58,57,60,60,58,59,60,60,60,57,60,58,59,57,57,56,55,58,59,60,59,59,60,60,59,59,60,59,59,57,58,59
59,58,59,60,60,60,59,60,60,60,61,59,59,60,59,60,60,56,58,58,59,60,58,58,60,60,60,57,60,58,59,57,58,56,55,57,59,60,59,59,59,60,59,60,60,59,59,58,58,59
59,58,59,60,60,60,59,60,60,60,61,59,59,60,59,60,60,57,58,58,59,60,58,58,60,60,60,57,60,58,59,57,58,56,55,57,59,60,60,60,59,60,59,60,60,59,59,58,58,59
59,59,60,60,60,60,59,60,60,60,61,59,59,60,60,60,60,57,58,58,59,60,59,58,60,60,60,58,60,59,58,58,58,55,55,57,59,60,60,60,59,60,59,60,60,60,59,58,58,59
59,59,60,60,60,60,59,60,60,60,61,59,59,60,60,60,60,57,58,59,59,60,59,58,60,60,60,58,59,59,58,58,58,55,55,57,60,60,60,60,59,60,60,60,60,60,59,58,58,59
59,59,60,60,60,60,59,60,60,60,61,59,59,60,60,60,60,58,57,59,59,60,59,58,60,60,60,58,59,59,58,58,58,55,55,57,60,60,60,60,59,60,60,60,60,60,59,59,58,59
59,59,60,60,60,60,59,60,60,60,61,59,59,60,60,60,60,58,57,59,59,60,59,57,60,60,60,58,59,60,58,59,58,55,55,56,60,60,60,60,59,60,60,60,60,60,60,59,57,59
59,59,60,60,60,60,59,60,60,60,61,60,59,60,60,60,60,58,57,59,59,60,60,57,60,60,60,59,59,60,58,59,58,55,55,56,60,60,60,60,59,60,60,60,61,60,60,59,57,59
60,59,60,60,60,60,60,60,60,60,61,60,59,60,60,60,60,59,57,59,59,60,60,57,60,60,60,59,59,60,58,59,57,55,55,56,60,60,60,60,59,61,60,60,61,60,60,59,57,59
60,60,60,60,60,61,60,60,60,60,61,60,60,61,60,61,60,59,57,59,59,61,60,58,60,61,60,59,59,60,58,60,57,56,54,56,60,60,60,60,59,61,60,60,61,60,60,60,57,59
60,60,60,60,60,60,60,60,60,60,61,60,60,61,60,61,60,60,56,59,59,61,60,58,61,61,61,59,59,60,58,60,57,56,54,56,60,60,60,60,60,61,60,60,61,60,60,60,57,59
60,60,60,60,60,60,60,60,60,60,61,60,60,60,60,61,61,60,56,59,59,61,60,58,60,61,61,59,59,60,58,60,57,56,54,56,60,60,61,60,60,61,60,60,61,60,60,60,57,59
60,60,60,60,60,61,60,60,60,60,61,60,60,61,60,61,61,60,56,59,59,61,60,58,61,61,60,60,59,60,58,60,57,56,54,56,60,60,61,61,60,61,60,60,61,60,60,60,57,59
60,60,60,60,61,61,60,60,60,60,61,60,60,61,60,61,61,60,56,59,59,61,60,58,61,61,61,60,59,61,58,60,57,56,54,56,60,60,61,61,60,61,60,60,61,61,60,60,58,60
60,60,60,60,60,61,60,60,60,60,61,61,60,60,61,61,61,60,56,59,59,61,61,58,61,60,61,60,59,60,58,60,57,56,54,56,61,61,61,61,60,61,61,60,61,61,60,60,57,59
60,60,60,60,60,61,60,60,60,61,61,61,60,60,60,61,60,60,56,59,59,61,61,58,61,61,61,60,59,61,58,60,57,56,54,56,60,61,61,61,60,61,61,60,61,61,60,60,58,59
61,61,60,60,60,61,61,61,61,61,61,61,61,61,60,61,60,60,56,59,59,61,61,58,61,61,61,60,59,61,58,60,57,56,54,56,61,61,61,61,60,61,61,60,61,62,60,60,58,59
60,61,60,61,61,61,61,61,61,61,62,61,61,61,60,61,60,60,56,59,59,61,61,58,61,61,61,60,59,61,58,60,57,56,53,56,61,61,60,61,60,61,61,60,61,61,60,60,57,59
60,61,60,61,61,61,61,61,61,61,61,61,60,61,61,61,61,60,55,59,59,61,61,58,61,61,61,60,58,60,58,60,57,56,54,56,61,61,60,61,60,61,61,60,61,61,61,60,57,59
60,61,60,60,61,61,61,61,61,61,61,61,60,61,61,61,61,61,55,59,59,61,61,58,61,61,61,60,58,61,58,61,57,56,54,56,61,61,61,61,60,61,61,60,61,61,61,61,57,59
61,61,60,60,61,61,61,60,61,62,62,61,61,61,61,61,61,61,55,59,59,61,62,58,61,61,61,60,58,61,58,61,57,56,54,56,60,61,61,61,60,61,61,60,61,61,61,61,57,59
60,61,60,61,61,61,61,60,61,61,62,60,61,61,61,61,61,61,55,59,59,61,62,58,61,61,61,60,58,61,58,61,57,56,54,56,60,61,61,61,60,61,61,60,61,61,61,61,57,59
61,60,60,61,61,61,61,60,61,61,61,60,61,61,61,61,61,61,55,58,59,61,61,57,61,61,61,60,59,61,58,61,57,56,54,56,60,61,61,61,60,61,61,60,61,61,61,61,57,59
60,61,60,61,62,61,61,61,61,61,61,61,61,61,61,61,61,61,55,58,59,61,61,57,61,61,61,60,59,61,58,61,57,56,54,56,61,61,61,61,60,61,61,61,61,61,61,61,57,59
60,61,60,61,62,61,61,61,61,61,61,61,60,61,61,61,61,61,55,58,59,61,61,57,61,61,61,60,58,61,58,61,57,56,54,55,61,61,61,61,60,61,61,60,61,61,61,60,57,59
60,60,59,61,61,61,61,60,61,61,61,61,60,60,61,61,61,61,55,58,58,61,61,57,61,61,61,60,58,61,57,61,56,55,53,55,60,60,61,60,59,61,60,60,61,61,60,60,56,58
59,60,58,60,61,61,60,59,61,60,60,61,59,59,61,60,60,60,54,58,57,61,61,56,60,60,60,60,57,60,57,61,56,55,53,55,59,59,60,60,59,60,60,59,60,61,60,59,56,58
58,59,58,59,60,60,60,59,60,60,60,61,58,59,60,59,60,60,54,57,57,60,60,56,60,59,60,59,56,59,56,60,55,54,53,54,59,59,59,59,58,60,59,58,59,60,59,58,55,57
58,59,57,59,60,60,59,58,60,60,60,60,58,58,60,59,60,59,54,57,56,60,60,56,59,59,60,59,56,59,56,60,55,54,53,54,58,58,59,59,58,59,59,58,59,60,59,58,55,57
58,59,57,59,60,60,59,58,60,60,60,60,58,58,60,59,60,59,54,57,56,60,60,56,59,59,60,59,56,59,56,60,55,54,53,54,58,58,59,59,58,59,59,58,59,60,59,58,55,57
58,59,57,59,60,60,59,58,60,60,60,60,58,58,60,59,60,59,54,57,56,60,60,56,59,59,60,59,56,59,56,60,55,54,53,54,58,58,59,59,58,59,59,58,59,60,59,58,55,57
58,59,57,59,60,60,59,58,60,60,60,60,58,58,60,59,60,59,54,57,56,60,60,56,59,59,60,59,56,59,56,60,55,54,53,54,58,58,59,59,58,59,59,58,59,60,59,58,55,57
58,59,57,59,60,60,59,58,60,60,60,60,58,58,60,59,60,59,54,57,56,60,60,56,59,59,60,59,56,59,56,60,55,54,53,54,58,58,59,59,58,59,59,58,59,60,59,58,55,57
58,59,57,59,60,60,59,58,60,60,60,60,58,58,60,59,60,59,54,57,56,60,60,56,59,59,60,59,56,59,56,60,55,54,53,54,58,58,59,59,58,59,59,58,59,60,59,58,55,57
58,59,57,59,60,60,59,58,60,60,60,60,58,58,60,59,60,59,54,58,56,60,60,56,59,59,60,59,56,59,56,60,55,54,53,54,58,58,59,59,58,59,59,58,59,60,59,58,55,57
58,59,57,59,60,60,59,58,60,60,60,60,58,58,60,59,60,59,54,58,56,60,60,56,59,59,60,59,56,59,56,60,55,54,53,54,58,58,59,59,58,59,59,58,59,60,59,58,55,57
58,59,57,59,60,60,59,58,60,60,60,60,58,58,60,59,60,59,54,58,56,60,60,56,59,59,60,59,56,59,56,60,55,54,53,55,58,58,59,59,58,59,59,58,59,60,59,58,55,57
58,59,57,59,60,60,59,58,60,60,60,60,58,58,60,59,60,59,54,58,56,60,60,56,59,59,60,59,56,59,56,60,55,54,53,55,58,58,59,59,58,59,59,58,59,60,59,58,55,57
58,59,57,59,60,60,59,58,60,60,60,60,58,58,60,59,60,59,54,58,56,60,60,56,59,59,60,59,56,59,56,60,55,54,53,55,58,58,59,59,58,59,59,58,59,60,59,58,55,57
58,59,57,59,60,60,59,58,60,60,60,60,58,58,60,59,60,59,54,58,56,60,60,56,59,59,60,59,56,59,56,60,55,54,53,55,58,58,59,59,58,59,59,58,59,60,59,58,55,57
58,59,57,59,60,60,59,58,60,60,60,60,58,58,60,59,60,59,54,58,56,60,60,56,59,59,60,59,56,59,56,60,55,54,53,55,58,58,59,59,58,59,59,58,59,60,59,58,55,57
58,59,57,59,60,60,59,58,60,60,60,60,58,58,60,59,60,59,54,58,56,60,60,56,59,59,60,59,56,59,56,60,55,54,53,55,58,58,59,59,58,59,59,58,59,60,59,58,55,57
58,59,57,59,60,60,59,58,60,60,60,60,58,58,60,59,60,59,54,58,56,60,60,56,59,59,60,59,56,59,56,60,55,54,53,55,58,58,59,59,58,59,59,58,59,60,59,58,55,57
58,59,57,59,60,60,59,58,60,60,60,60,58,58,60,59,60,59,54,58,56,60,60,56,59,59,60,60,56,59,56,60,55,55,54,55,58,58,59,59,58,59,59,58,59,60,59,58,56,57
58,59,58,59,60,60,59,58,60,60,60,60,58,58,60,59,60,59,54,58,56,60,60,56,59,59,60,60,56,59,56,60,55,55,54,55,58,58,59,59,58,59,59,58,59,60,59,58,56,57
58,59,57,59,60,60,59,58,60,60,60,60,58,58,60,59,60,59,54,58,56,60,60,57,59,59,59,60,56,59,56,60,55,55,54,55,58,58,59,59,58,59,59,58,59,60,59,58,56,57
58,59,58,59,60,60,59,58,60,60,60,60,58,58,60,59,60,59,54,58,56,60,60,57,59,59,59,60,56,59,56,60,55,55,54,55,58,59,59,59,58,59,59,58,59,60,59,58,56,57
58,59,58,59,60,60,59,59,60,60,60,61,58,58,60,59,60,59,54,58,56,60,60,57,59,59,60,60,56,59,57,60,56,56,55,55,58,59,59,59,58,59,59,58,59,60,59,58,56,58
58,59,58,59,60,60,59,59,60,60,59,61,58,58,60,59,59,59,55,58,57,60,60,57,59,59,60,60,56,59,57,60,56,56,55,55,58,59,59,59,58,59,59,58,59,60,59,58,56,58
58,59,58,59,60,60,59,59,60,60,60,60,58,58,60,59,60,59,55,58,57,60,60,57,59,59,60,60,57,60,57,59,56,56,55,55,58,59,59,59,59,59,59,58,59,60,59,58,57,58
58,59,58,59,60,60,59,59,60,60,60,60,58,58,60,59,60,59,55,58,57,60,60,57,59,59,60,60,57,60,57,59,56,57,55,55,58,59,59,59,59,60,59,59,59,60,59,58,57,58
58,59,58,59,60,60,59,59,60,60,60,60,59,58,60,59,60,60,55,59,57,60,60,58,59,59,60,60,57,60,58,59,56,57,56,55,58,59,60,59,59,59,60,59,59,60,59,58,57,58
58,59,58,59,60,60,60,59,60,60,60,60,59,58,60,59,60,60,56,58,57,59,60,58,58,60,60,60,57,60,58,59,57,57,56,55,57,59,60,59,59,59,60,59,59,60,59,59,57,58
58,59,58,59,60,60,60,59,60,60,60,60,59,59,60,59,60,60,56,58,58,59,60,58,58,60,60,60,57,60,58,58,57,58,56,55,57,59,60,59,59,59,60,59,60,60,59,59,57,58
58,59,58,59,60,60,60,59,60,60,60,60,59,59,60,59,60,60,57,58,58,59,60,58,58,60,60,60,57,59,58,58,57,58,55,55,57,59,60,60,60,59,60,59,59,60,59,59,58,58
59,59,59,59,60,60,60,59,60,60,60,60,59,59,60,60,60,60,57,57,58,59,60,59,57,60,60,60,58,59,59,58,58,58,55,55,56,59,60,60,60,58,60,59,59,60,60,59,58,57
59,59,59,59,60,60,60,59,60,60,60,60,59,59,60,60,60,60,57,57,58,58,60,59,57,60,60,60,58,59,59,57,58,58,55,55,56,60,59,60,60,58,60,59,59,60,60,59,58,57
59,59,59,59,60,60,60,59,60,60,60,60,59,59,60,60,60,60,58,56,58,58,60,59,57,60,60,60,58,59,59,57,58,57,55,55,56,59,59,60,59,58,60,59,59,60,60,59,59,57
59,59,59,59,60,60,60,59,60,60,60,60,59,59,59,60,60,60,58,56,58,58,60,59,57,60,59,60,58,58,60,57,59,57,55,55,56,59,59,59,59,58,59,59,59,60,60,59,59,57
59,59,59,59,59,60,60,60,59,60,60,60,60,59,59,60,59,60,58,56,58,57,60,60,56,60,59,60,59,58,59,57,59,56,54,54,55,59,59,59,59,58,59,59,59,60,60,59,59,56
59,59,59,58,59,60,60,60,59,60,60,60,60,59,59,60,59,59,59,55,57,57,60,60,56,60,59,60,59,58,59,56,59,56,54,54,55,59,59,59,59,58,59,59,59,59,60,59,59,56
60,59,59,58,59,60,60,59,59,60,60,60,60,59,59,60,59,59,59,55,57,57,60,60,56,60,59,60,59,57,59,56,60,56,54,54,55,59,59,59,59,58,59,59,58,59,60,59,59,56
60,59,59,58,59,60,60,59,59,60,60,60,60,59,59,60,59,59,59,55,57,57,60,60,56,60,59,60,59,57,59,56,60,55,54,54,55,59,59,59,59,58,59,59,58,59,60,59,59,56
60,59,59,58,59,60,60,59,59,60,60,60,60,58,59,60,59,59,59,55,57,57,60,60,56,60,59,60,59,57,59,56,60,55,54,53,54,59,59,59,59,58,59,59,58,59,60,59,58,56
60,58,59,58,59,60,60,59,59,60,60,60,60,58,59,60,59,59,59,54,57,57,60,60,56,60,59,60,59,57,59,56,60,55,54,53,54,59,58,59,59,58,59,59,58,59,60,59,58,56
60,58,59,58,59,60,60,59,59,60,60,60,60,58,58,60,59,59,59,54,57,57,60,60,56,60,59,60,59,57,59,56,60,55,54,53,54,59,58,59,59,58,59,59,58,59,60,59,58,55
60,58,59,58,59,60,60,59,59,60,60,60,60,58,58,60,59,59,59,54,57,56,60,60,56,59,59,60,59,57,59,56,60,55,54,53,54,59,58,59,59,58,59,59,58,59,60,59,58,55
60,58,59,58,59,60,60,59,59,60,60,60,60,58,58,60,59,59,59,54,57,56,60,60,56,59,59,60,59,57,59,56,60,55,54,53,54,59,58,59,59,58,59,59,58,59,60,59,58,55
60,58,59,58,59,60,60,60,59,60,60,60,60,58,58,60,59,60,60,54,57,56,60,60,56,60,59,60,59,56,59,56,60,55,54,53,54,59,59,59,59,58,59,59,58,59,60,59,58,55
60,58,59,58,59,60,60,60,59,60,60,60,60,58,58,60,59,60,59,54,57,56,60,60,56,60,59,60,59,56,59,56,60,55,54,53,54,59,59,59,59,58,59,59,58,59,60,59,58,55
60,58,59,57,59,60,60,59,58,60,60,60,60,58,58,60,59,59,59,54,57,56,60,60,56,59,59,60,59,56,59,56,60,55,54,53,54,58,58,59,59,58,59,59,58,59,60,59,58,55
60,58,59,57,59,60,60,59,58,60,60,60,60,58,58,60,59,59,59,54,57,56,60,60,56,59,59,60,59,56,59,56,60,55,54,53,54,58,58,59,59,58,59,59,58,59,60,59,58,55
60,58,59,57,59,60,60,59,58,60,60,60,60,58,58,60,59,59,59,54,57,56,60,60,56,59,59,60,59,56,59,56,60,55,54,53,54,58,58,59,59,58,59,59,58,59,60,59,58,55
60,58,59,57,59,60,60,59,58,60,60,60,60,58,58,60,59,59,59,54,57,56,60,60,56,59,59,60,59,56,59,56,60,55,54,53,54,58,58,59,59,58,59,59,58,59,60,59,58,55
60,58,59,57,59,60,60,59,58,60,60,60,60,58,58,60,59,59,59,54,57,56,60,60,56,59,59,60,59,56,59,56,60,55,54,53,54,58,58,59,59,58,59,59,58,59,60,59,58,55
60,58,59,57,59,60,60,59,58,60,60,60,60,58,58,60,59,59,59,54,57,56,60,60,56,59,59,60,59,56,59,56,60,55,54,53,54,58,58,59,59,58,59,59,58,59,60,59,58,55
60,58,59,57,59,60,60,59,58,60,60,60,60,58,58,60,59,59,59,54,57,56,60,60,56,59,59,60,59,56,59,56,60,55,54,53,54,58,58,59,59,58,59,59,58,59,60,59,58,55
60,58,59,57,59,60,60,59,58,60,60,60,60,58,58,60,59,59,59,54,57,56,60,60,56,59,59,60,59,56,59,56,60,55,54,53,54,58,58,59,59,58,59,59,58,59,60,59,58,55
60,58,59,57,59,60,60,59,58,60,60,60,60,58,58,60,59,59,59,54,57,56,60,60,56,59,59,60,59,56,59,56,60,55,54,53,54,58,58,59,59,58,59,59,58,59,60,59,58,55
60,58,59,57,59,60,60,59,58,60,60,60,60,58,58,60,59,59,59,54,57,56,60,60,56,59,59,60,59,56,59,56,60,55,54,53,54,58,58,59,59,58,59,59,58,59,60,59,58,55
60,58,59,57,59,60,60,59,58,60,60,60,60,58,58,60,59,59,59,54,57,56,60,60,56,59,59,60,59,56,59,56,60,55,54,53,54,58,58,59,59,58,59,59,58,59,60,59,58,55
60,58,59,57,59,60,60,59,58,60,60,60,60,58,58,60,59,59,59,54,57,56,60,60,56,59,59,60,59,56,59,56,60,55,54,53,54,58,58,59,59,58,59,59,58,59,60,59,58,55
60,58,59,57,59,60,60,59,58,60,60,60,60,58,58,60,59,59,59,54,57,56,60,60,56,59,59,60,59,56,59,56,60,55,54,53,54,58,58,59,59,58,59,59,58,59,60,59,58,55
60,58,59,57,59,60,60,59,58,60,60,60,60,58,58,60,59,59,59,54,57,56,60,60,56,59,59,60,59,56,59,56,60,55,54,53,54,58,58,59,59,58,59,59,58,59,60,59,58,55
60,58,59,57,59,60,60,59,58,60,60,60,60,58,58,60,59,59,59,54,57,56,60,60,56,59,59,60,59,56,59,56,60,55,54,53,54,58,58,59,59,58,59,59,58,59,60,59,58,55
60,58,59,57,59,60,60,59,58,60,60,60,60,58,58,60,59,59,59,54,57,56,60,60,56,59,59,60,59,56,59,56,60,55,54,53,54,58,58,59,59,58,59,59,58,59,60,59,58,55
60,58,59,57,59,60,60,59,58,60,60,60,60,58,58,60,59,59,59,54,58,56,60,60,56,59,59,60,59,56,59,56,60,55,54,53,54,58,58,59,59,58,59,59,58,59,60,59,58,55
60,58,59,57,59,60,60,59,58,60,60,60,60,58,58,60,59,59,59,54,58,56,60,60,56,59,59,60,59,56,59,56,60,55,54,53,54,58,58,59,59,58,59,59,58,59,60,59,58,55
60,58,59,57,59,60,60,59,58,60,60,60,60,58,58,60,59,59,59,54,58,56,60,60,56,59,59,60,59,56,59,56,60,55,54,53,54,58,58,59,59,58,59,59,58,59,60,59,58,55
60,58,59,57,59,60,60,59,58,60,60,60,60,58,58,60,59,59,59,54,58,56,60,60,56,59,59,60,59,56,59,56,60,55,54,53,55,58,58,59,59,58,59,59,58,59,60,59,58,55
60,58,59,57,59,60,60,59,58,60,60,60,60,58,58,60,59,59,59,54,58,56,60,60,56,59,59,60,59,56,59,56,60,55,54,53,55,58,58,59,59,58,59,59,58,59,60,59,58,55
60,58,59,57,59,60,60,59,58,60,60,60,60,58,58,60,59,59,59,54,58,56,60,60,56,59,59,60,59,56,59,56,60,55,54,53,55,58,58,59,59,58,59,59,58,59,60,59,58,55
60,58,59,57,59,60,60,59,58,60,60,60,60,58,58,60,59,59,59,54,58,56,60,60,56,59,59,60,59,56,59,56,60,55,54,53,55,58,58,59,59,58,59,59,58,59,60,59,58,55
60,58,59,57,59,60,60,59,58,60,60,60,60,58,58,60,59,59,59,54,58,56,60,60,56,59,59,60,59,56,59,56,60,55,54,53,55,58,58,59,59,58,59,59,58,59,60,59,58,55
60,58,59,57,59,60,60,59,58,60,60,60,60,58,58,60,59,59,59,54,58,56,60,60,56,59,59,60,59,56,59,56,60,55,54,53,55,58,58,59,59,58,59,59,58,59,60,59,58,55
60,58,59,57,59,60,60,59,58,60,60,60,60,58,58,60,59,59,59,54,58,56,60,60,56,59,59,60,60,56,59,56,60,55,55,54,55,58,58,59,59,58,59,59,58,59,60,59,58,56
60,58,59,58,59,60,60,59,58,60,60,60,60,58,58,60,59,59,59,54,58,56,60,60,56,59,59,60,60,56,59,56,60,55,55,54,55,58,58,59,59,58,59,59,58,59,60,59,58,56
60,58,59,58,59,60,60,59,58,60,60,60,60,58,58,60,59,59,59,54,58,56,60,60,57,59,59,60,60,56,59,56,60,55,55,54,55,58,58,59,59,58,59,59,58,59,60,59,58,56
60,58,59,58,59,60,60,59,59,60,60,60,60,58,58,60,59,59,59,54,58,56,60,60,57,59,59,60,60,56,59,56,60,55,55,54,55,58,59,59,59,58,59,59,58,59,60,59,58,56
60,58,59,58,59,60,60,59,59,60,60,60,61,58,58,60,59,59,59,54,58,56,60,60,57,59,59,60,60,56,59,57,60,56,56,55,55,58,59,59,59,58,59,59,58,59,60,59,58,56
60,58,59,58,59,60,60,59,59,60,60,60,61,58,58,60,59,60,59,55,58,57,60,60,57,59,59,60,60,56,59,57,60,56,56,55,55,58,59,59,59,58,59,59,58,59,60,59,58,56
60,58,59,58,59,60,60,59,59,60,60,60,61,58,58,60,59,59,59,55,58,57,60,60,57,59,59,60,60,57,60,57,59,56,56,55,55,58,59,59,59,59,59,59,58,59,60,59,58,57
60,58,59,58,59,60,60,59,59,60,60,60,60,58,58,60,59,60,59,55,58,57,60,60,57,59,59,60,60,57,60,57,59,56,57,55,55,58,59,59,59,59,60,59,59,59,60,59,58,57
61,58,59,58,59,60,60,59,59,60,60,60,60,59,58,60,59,60,60,55,59,57,60,60,58,59,59,60,60,57,60,58,59,56,57,56,55,58,59,60,59,59,60,60,59,59,60,59,58,57
60,58,59,58,59,60,60,59,59,60,60,60,60,59,58,60,59,60,60,56,58,57,60,60,58,58,59,60,60,57,60,58,59,57,57,55,55,57,59,60,59,59,59,60,59,59,60,59,58,57
60,58,59,58,59,60,60,60,59,60,59,60,60,59,59,60,59,60,60,56,58,58,59,60,58,58,60,60,60,57,60,58,59,57,58,55,55,57,59,60,59,59,59,60,59,59,60,59,59,57
60,58,59,58,59,60,60,60,59,60,59,60,60,59,59,60,59,60,60,57,58,58,59,60,58,58,60,60,60,57,60,58,59,57,58,55,55,57,59,60,59,60,59,60,59,59,60,59,59,58
60,58,59,59,59,60,60,60,59,60,60,60,60,59,59,60,59,60,60,57,58,58,59,60,58,58,60,60,60,58,60,59,58,57,58,55,55,57,59,60,60,60,59,60,59,60,60,60,59,58
60,59,59,59,60,60,60,60,59,60,60,60,60,59,59,60,60,60,60,57,58,58,59,60,59,58,60,60,60,58,60,59,58,58,58,55,55,57,59,60,60,60,59,60,59,60,60,60,59,58
60,59,59,59,60,60,60,60,59,60,60,60,61,59,59,60,60,60,60,58,57,59,59,60,59,58,60,60,60,58,60,59,58,58,58,55,54,57,60,60,60,60,59,60,60,60,60,60,59,59
60,59,59,59,60,60,60,60,59,60,60,60,60,59,59,60,60,60,60,58,57,59,59,60,59,58,60,60,60,58,60,59,58,58,58,55,54,57,60,60,60,60,59,60,60,60,60,60,59,59
60,59,59,59,60,60,60,60,59,60,60,60,61,59,59,60,60,60,60,58,57,59,59,60,60,58,60,60,60,58,60,60,58,59,58,55,54,56,60,60,60,60,60,60,60,60,61,60,60,59
60,59,60,59,60,60,60,60,59,60,60,60,60,60,59,60,60,60,60,59,57,59,59,60,60,58,60,60,60,59,60,60,59,59,58,55,54,56,60,60,60,61,60,60,60,60,61,60,60,59
60,59,60,60,60,60,60,60,60,60,60,60,61,60,59,60,60,60,60,59,57,59,60,60,60,58,60,60,60,59,60,60,59,60,58,55,54,56,60,60,60,60,60,60,60,60,61,60,60,59
60,60,60,60,60,60,60,60,60,60,60,60,61,60,60,61,60,61,61,59,56,59,59,61,60,58,61,61,61,59,60,60,59,60,58,56,54,56,60,60,60,61,60,61,60,60,61,60,60,60
60,60,60,60,60,60,60,60,60,60,60,60,61,60,60,61,60,61,61,60,56,59,59,61,60,59,61,61,61,59,60,60,58,60,58,56,54,56,60,60,61,60,61,61,60,60,61,60,60,60
60,60,60,60,60,60,60,61,60,60,60,60,61,60,60,61,60,61,61,60,56,59,60,61,60,59,61,61,60,60,59,60,58,60,58,56,54,56,60,60,61,61,60,61,60,60,61,60,60,60
60,60,60,60,60,60,61,61,60,60,60,60,61,60,60,61,60,61,61,60,56,59,59,61,60,59,61,61,61,60,60,61,58,60,58,56,54,56,60,60,61,61,61,61,60,60,61,61,60,60
60,60,60,60,60,60,61,61,60,60,60,60,61,61,60,61,61,61,61,60,56,60,59,61,61,58,61,61,61,60,60,61,58,60,58,56,54,56,61,61,61,61,61,61,61,61,61,61,60,60
60,60,60,60,60,60,60,61,60,60,60,61,61,61,61,61,60,61,60,60,56,60,59,61,61,59,61,61,61,60,60,61,58,60,58,56,53,56,60,61,61,61,61,61,61,61,61,61,60,60
60,60,60,61,60,60,60,61,60,61,61,61,61,60,60,61,60,61,60,60,55,59,60,61,61,59,61,61,60,60,60,60,58,60,58,57,53,56,60,60,61,61,61,61,61,60,61,61,60,60
60,60,61,61,60,61,61,61,61,61,61,61,62,61,61,62,60,61,60,60,56,59,60,61,61,59,61,61,61,60,60,61,58,60,58,57,53,56,61,61,60,62,61,61,61,61,61,61,60,60
60,60,61,61,60,61,61,61,61,61,61,61,61,61,60,61,61,61,61,60,55,59,60,61,61,58,61,61,61,60,60,60,58,60,58,57,53,56,61,61,60,61,61,61,61,60,61,61,60,60
60,60,61,61,60,60,61,61,61,60,61,61,61,61,60,61,61,61,61,61,55,59,60,61,61,58,61,61,61,60,59,61,58,61,58,57,53,56,61,61,61,61,61,61,61,60,61,61,61,61
60,60,61,61,60,60,61,61,61,60,61,62,62,61,61,62,61,62,61,61,55,59,60,61,62,58,61,61,61,60,59,61,58,61,58,57,53,56,60,61,61,61,61,61,61,61,61,61,61,61
60,60,61,61,60,61,61,61,61,60,61,61,62,61,61,61,61,61,61,61,55,59,59,61,62,57,61,61,61,60,59,61,58,61,58,56,53,56,60,61,61,61,61,61,61,61,61,61,61,61
60,61,61,61,60,61,61,61,61,60,61,61,61,60,61,61,61,61,61,61,55,58,59,61,61,57,61,61,61,60,59,61,58,61,58,56,53,56,61,61,61,61,61,61,61,61,61,61,61,61
60,61,61,61,59,61,62,61,61,61,61,61,61,61,61,61,61,61,61,61,55,58,59,61,61,57,61,61,61,60,59,61,58,61,58,56,54,55,61,61,61,61,61,61,61,61,61,61,61,61
60,61,61,61,59,61,62,61,61,61,61,61,61,61,61,61,61,61,61,61,55,58,59,61,61,57,61,61,61,60,59,61,57,61,58,56,53,55,61,61,61,61,60,61,61,61,61,61,61,61
59,61,60,61,59,61,62,61,61,61,61,61,61,61,60,60,61,61,61,61,55,58,59,61,61,57,61,61,61,60,58,61,57,61,57,56,53,55,61,61,61,61,60,61,61,60,61,61,61,60
59,61,60,61,59,61,61,61,61,60,61,61,61,61,60,60,62,61,61,61,54,58,58,61,61,57,61,61,61,60,58,61,57,61,57,56,53,55,60,60,61,61,60,61,61,60,61,61,61,60
58,61,59,60,59,60,61,61,61,60,61,61,61,61,59,60,61,60,61,61,54,58,58,61,61,57,61,61,61,60,57,60,57,61,56,55,53,55,60,60,60,60,59,61,60,59,60,61,60,59
57,61,58,59,58,59,60,60,60,59,60,60,60,61,58,59,60,59,60,60,54,57,57,60,60,56,60,59,60,59,56,59,56,60,55,54,53,54,59,59,59,59,58,60,59,58,59,60,59,58
57,60,58,59,57,59,60,60,59,58,60,60,59,60,58,58,60,59,59,59,54,57,56,60,60,55,59,59,60,59,56,59,56,60,55,54,53,54,58,58,59,59,58,59,59,58,59,60,59,58
57,60,58,59,57,59,60,60,59,58,60,60,59,60,58,58,60,59,59,59,54,57,56,60,60,55,59,59,60,59,56,59,56,60,55,54,53,54,58,58,59,59,58,59,59,58,59,60,59,58
57,60,58,59,57,59,60,60,59,58,60,60,59,60,58,58,60,59,59,59,54,57,56,60,60,55,59,59,60,59,56,59,56,60,55,54,53,54,58,58,59,59,58,59,59,58,59,60,59,58
57,60,58,59,57,59,60,60,59,58,60,60,59,60,58,58,60,59,59,59,54,57,56,60,60,55,59,59,60,59,56,59,56,60,55,54,53,54,58,58,59,59,58,59,59,58,59,60,59,58
57,60,58,59,57,59,60,60,59,58,60,60,59,60,58,58,60,59,59,59,54,57,56,60,60,55,59,59,60,59,56,59,56,60,55,54,53,54,58,58,59,59,58,59,59,58,59,60,59,58
57,60,58,59,57,59,60,60,59,58,60,60,59,60,58,58,60,59,59,59,54,57,56,60,60,55,59,59,60,59,56,59,56,60,55,54,53,54,58,58,59,59,58,59,59,58,59,60,59,58
57,60,58,59,57,59,60,60,59,58,60,60,59,60,58,58,60,59,59,59,54,58,56,60,60,55,59,59,60,59,56,59,56,60,55,54,53,54,58,58,59,59,58,59,59,58,59,60,59,58
57,60,58,59,57,59,60,60,59,58,60,60,59,60,58,58,60,59,59,59,54,58,56,60,60,55,59,59,60,59,56,59,56,60,55,54,53,54,58,58,59,59,58,59,59,58,59,60,59,58
57,60,58,59,57,59,60,60,59,58,60,60,59,60,58,58,60,59,59,59,54,58,56,60,60,55,59,59,60,59,56,59,56,60,55,54,53,55,58,58,59,59,58,59,59,58,59,60,59,58
57,60,58,59,57,59,60,60,59,58,60,60,59,60,58,58,60,59,59,59,54,58,56,60,60,56,59,59,60,59,56,59,56,60,55,54,53,55,58,58,59,59,58,59,59,58,59,60,59,58
57,60,58,59,57,59,60,60,59,58,60,60,59,60,58,58,60,59,59,59,54,58,56,60,60,56,59,59,60,59,56,59,56,60,55,54,53,55,58,58,59,59,58,59,59,58,59,60,59,58
57,60,58,59,57,59,60,60,59,58,60,60,59,60,58,58,60,59,59,59,54,58,56,60,60,56,59,59,60,59,56,59,56,60,55,54,53,55,58,58,59,59,58,59,59,58,59,60,59,58
57,60,58,59,57,59,60,60,59,58,60,60,59,60,58,58,60,59,59,59,54,58,56,60,60,56,59,59,60,59,56,59,56,60,55,54,53,55,58,58,59,59,58,59,59,58,59,60,59,58
57,60,58,59,57,59,60,60,59,58,60,60,59,60,58,58,60,59,59,59,54,58,56,60,60,56,59,59,60,59,56,59,56,60,55,54,53,55,58,58,59,59,58,59,59,58,59,60,59,58
57,60,58,59,57,59,60,60,59,58,60,60,59,60,58,58,60,59,59,59,54,58,56,60,60,56,59,59,60,59,56,59,56,60,55,54,54,55,58,58,59,59,58,59,59,58,59,60,59,58
57,60,58,59,57,59,60,60,59,58,60,60,59,60,58,58,60,59,59,59,54,58,56,60,60,56,59,59,60,60,56,59,56,60,55,55,54,55,58,58,59,59,58,59,59,58,59,60,59,58
57,60,58,59,57,59,60,60,59,58,60,60,59,60,58,58,60,59,59,59,54,58,56,60,60,57,59,59,60,60,56,59,56,60,55,55,54,55,58,58,59,59,58,59,59,58,59,60,59,58
57,60,58,59,58,59,60,60,59,58,60,60,59,60,58,58,60,59,59,59,54,58,56,60,60,57,59,59,60,60,56,59,56,60,55,55,54,55,58,59,59,59,58,59,59,58,59,60,59,58
57,60,58,59,58,59,60,60,59,59,60,60,59,61,58,58,60,59,59,59,54,58,56,60,60,57,59,59,60,60,56,59,57,60,56,55,55,55,58,59,59,59,58,59,59,58,59,60,59,58
57,60,58,59,58,59,60,60,59,59,60,60,59,61,58,58,60,59,59,59,55,58,57,60,60,57,59,59,60,60,56,59,57,60,56,56,55,55,58,59,59,59,58,59,59,58,59,60,59,58
57,60,58,59,58,59,60,60,59,59,60,60,60,60,58,58,60,59,59,59,55,58,57,60,60,57,59,59,60,60,56,60,57,59,56,56,55,55,58,59,59,59,59,59,59,58,59,60,59,58
57,60,58,59,58,59,60,60,59,59,60,60,60,60,58,58,60,59,59,59,55,58,57,60,60,57,59,59,60,60,57,60,57,59,56,57,55,55,58,59,59,59,59,59,59,59,59,60,59,58
57,60,58,59,58,59,60,60,59,59,60,60,60,60,58,58,60,59,60,60,55,59,57,60,60,57,58,59,60,60,57,60,58,59,56,57,55,55,58,59,60,59,59,59,60,59,59,60,59,58
57,60,58,59,58,59,60,60,60,59,60,60,60,60,59,58,60,59,60,60,56,58,57,59,60,58,58,60,60,60,57,60,58,59,57,57,55,55,57,59,60,59,59,59,60,59,59,60,59,59
57,60,58,59,58,59,60,60,60,59,60,60,60,60,59,59,60,59,60,60,56,58,58,59,60,58,58,60,60,60,57,59,58,58,57,58,55,55,57,59,60,59,59,59,60,59,59,60,59,59
58,60,58,59,58,59,60,60,60,59,60,60,60,60,59,59,60,59,60,60,57,58,58,59,60,58,58,60,60,60,57,59,58,58,57,58,55,55,57,59,60,60,60,59,60,59,59,60,59,59
58,60,59,59,59,59,60,60,60,59,60,60,60,60,59,59,60,60,60,60,57,57,58,59,60,59,57,60,60,60,58,59,59,58,58,58,55,55,56,59,60,60,60,58,60,59,59,60,60,59
58,59,59,59,59,59,60,60,60,59,60,60,60,60,59,59,60,60,60,60,57,57,58,58,60,59,57,60,60,60,58,59,59,57,58,57,55,55,56,60,59,60,60,58,60,59,59,60,60,59
58,59,59,59,59,59,60,60,60,59,60,60,60,60,59,59,60,60,60,60,58,56,58,58,60,59,57,60,60,60,58,59,59,57,58,57,55,54,56,59,59,60,59,58,60,59,59,60,60,59
59,59,59,59,59,59,60,60,60,59,60,60,60,60,59,59,60,60,60,60,58,56,58,58,60,59,57,60,59,60,58,58,60,57,59,57,55,54,55,59,59,60,59,58,60,59,59,60,60,59
59,59,59,59,59,59,60,60,60,60,60,60,60,60,60,59,59,60,60,60,58,56,58,58,60,60,56,60,59,60,58,58,60,57,59,56,54,54,55,59,59,60,59,58,60,59,59,60,60,59
59,58,59,59,60,58,59,60,60,60,59,60,60,60,60,59,59,60,59,60,59,55,57,57,60,60,56,60,59,60,59,58,59,57,59,56,54,54,55,59,59,60,59,58,59,59,59,60,60,59
59,58,60,59,60,58,59,60,60,60,59,60,60,60,60,59,59,60,60,60,59,55,57,57,60,60,56,60,59,60,59,58,59,56,60,56,54,54,55,59,59,60,59,58,59,59,58,59,60,59
60,58,60,59,59,58,59,60,60,60,59,60,60,60,60,59,59,60,59,60,59,55,57,57,60,60,56,60,59,60,59,57,59,56,60,56,54,54,55,59,59,59,59,58,59,59,58,59,60,59
60,58,60,59,59,58,59,60,60,60,59,60,60,60,60,59,59,60,59,60,59,55,57,57,60,60,56,60,59,60,59,57,59,56,60,55,54,53,54,59,59,59,59,58,59,59,58,59,60,59
60,58,60,59,59,58,59,60,60,60,59,60,60,60,60,58,59,60,59,60,59,54,57,57,60,60,56,60,59,60,59,57,59,56,60,55,54,53,54,59,59,59,59,58,59,59,58,59,60,59
60,58,60,58,59,58,59,60,60,59,59,60,60,60,60,58,58,60,59,59,59,54,57,56,60,60,56,60,59,60,59,57,59,56,60,55,54,53,54,59,58,59,59,58,59,59,58,59,60,59
60,57,60,58,59,58,59,60,60,59,59,60,60,60,60,58,58,60,59,59,59,54,57,56,60,60,55,59,59,60,59,57,59,56,60,55,54,53,54,58,58,59,59,58,59,59,58,59,60,59
60,57,60,58,59,58,59,60,60,59,59,60,60,59,60,58,58,60,59,59,59,54,57,56,60,60,55,59,59,60,59,56,59,56,60,55,54,53,54,58,58,59,59,58,59,59,58,59,60,59
60,57,60,58,59,57,59,60,60,59,58,60,60,59,60,58,58,60,59,59,59,54,57,56,60,60,55,59,59,60,59,56,59,56,60,55,54,53,54,58,58,59,59,58,59,59,58,59,60,59
60,57,60,58,59,57,59,60,60,59,58,60,60,59,60,58,58,60,59,59,59,54,57,56,60,60,55,59,59,60,59,56,59,56,60,55,54,53,54,58,58,59,59,58,59,59,58,59,60,59
60,57,60,58,59,57,59,60,60,59,58,60,60,59,60,58,58,60,59,59,59,54,57,56,60,60,55,59,59,60,59,56,59,56,60,55,54,53,54,58,58,59,59,58,59,59,58,59,60,59
60,57,60,58,59,57,59,60,60,59,58,60,60,59,60,58,58,60,59,59,59,54,57,56,60,60,55,59,59,60,59,56,59,56,60,55,54,53,54,58,58,59,59,58,59,59,58,59,60,59
60,57,60,58,59,57,59,60,60,59,58,60,60,59,60,58,58,60,59,59,59,54,57,56,60,60,55,59,59,60,59,56,59,56,60,55,54,53,54,58,58,59,59,58,59,59,58,59,60,59
60,57,60,58,59,57,59,60,60,59,58,60,60,59,60,58,58,60,59,59,59,54,57,56,60,60,55,59,59,60,59,56,59,56,60,55,54,53,54,58,58,59,59,58,59,59,58,59,60,59
60,57,60,58,59,57,59,60,60,59,58,60,60,59,60,58,58,60,59,59,59,54,57,56,60,60,55,59,59,60,59,56,59,56,60,55,54,53,54,58,58,59,59,58,59,59,58,59,60,59
60,57,60,58,59,57,59,60,60,59,58,60,60,59,60,58,58,60,59,59,59,54,57,56,60,60,55,59,59,60,59,56,59,56,60,55,54,53,54,58,58,59,59,58,59,59,58,59,60,59
60,57,60,58,59,57,59,60,60,59,58,60,60,59,60,58,58,60,59,59,59,54,57,56,60,60,55,59,59,60,59,56,59,56,60,55,54,53,54,58,58,59,59,58,59,59,58,59,60,59
60,57,60,58,59,57,59,60,60,59,58,60,60,59,60,58,58,60,59,59,59,54,57,56,60,60,55,59,59,60,59,56,59,56,60,55,54,53,54,58,58,59,59,58,59,59,58,59,60,59
60,57,60,58,59,57,59,60,60,59,58,60,60,59,60,58,58,60,59,59,59,54,57,56,60,60,55,59,59,60,59,56,59,56,60,55,54,53,54,58,58,59,59,58,59,59,58,59,60,59
60,57,60,58,59,57,59,60,60,59,58,60,60,59,60,58,58,60,59,59,59,54,57,56,60,60,55,59,59,60,59,56,59,56,60,55,54,53,54,58,58,59,59,58,59,59,58,59,60,59
60,57,60,58,59,57,59,60,60,59,58,60,60,59,60,58,58,60,59,59,59,54,57,56,60,60,55,59,59,60,59,56,59,56,60,55,54,53,54,58,58,59,59,58,59,59,58,59,60,59
60,57,60,58,59,57,59,60,60,59,58,60,60,59,60,58,58,60,59,59,59,54,57,56,60,60,55,59,59,60,59,56,59,56,60,55,54,53,54,58,58,59,59,58,59,59,58,59,60,59
60,57,60,58,59,57,59,60,60,59,58,60,60,59,60,58,58,60,59,59,59,54,57,56,60,60,55,59,59,60,59,56,59,56,60,55,54,53,54,58,58,59,59,58,59,59,58,59,60,59
60,57,60,58,59,57,59,60,60,59,58,60,60,59,60,58,58,60,59,59,59,54,57,56,60,60,55,59,59,60,59,56,59,56,60,55,54,53,54,58,58,59,59,58,59,59,58,59,60,59
60,57,60,58,59,57,59,60,60,59,58,60,60,59,60,58,58,60,59,59,59,54,57,56,60,60,55,59,59,60,59,56,59,56,60,55,54,53,54,58,58,59,59,58,59,59,58,59,60,59
60,57,60,58,59,57,59,60,60,59,58,60,60,59,60,58,58,60,59,59,59,54,57,56,60,60,55,59,59,60,59,56,59,56,60,55,54,53,54,58,58,59,59,58,59,59,58,59,60,59
60,57,60,58,59,57,59,60,60,59,58,60,60,59,60,58,58,60,59,59,59,54,57,56,60,60,55,59,59,60,59,56,59,56,60,55,54,53,54,58,58,59,59,58,59,59,58,59,60,59
60,57,60,58,59,57,59,60,60,59,58,60,60,59,60,58,58,60,59,59,59,54,58,56,60,60,55,59,59,60,59,56,59,56,60,55,54,53,54,58,58,59,59,58,59,59,58,59,60,59
60,57,60,58,59,57,59,60,60,59,58,60,60,59,60,58,58,60,59,59,59,54,58,56,60,60,55,59,59,60,59,56,59,56,60,55,54,53,54,58,58,59,59,58,59,59,58,59,60,59
60,57,60,58,59,57,59,60,60,59,58,60,60,59,60,58,58,60,59,59,59,54,58,56,60,60,55,59,59,60,59,56,59,56,60,55,54,53,55,58,58,59,59,58,59,59,58,59,60,59
60,57,60,58,59,57,59,60,60,59,58,60,60,59,60,58,58,60,59,59,59,54,58,56,60,60,56,59,59,60,59,56,59,56,60,55,54,53,55,58,58,59,59,58,59,59,58,59,60,59
60,57,60,58,59,57,59,60,60,59,58,60,60,59,60,58,58,60,59,59,59,54,58,56,60,60,56,59,59,60,59,56,59,56,60,55,54,53,55,58,58,59,59,58,59,59,58,59,60,59
60,57,60,58,59,57,59,60,60,59,58,60,60,59,60,58,58,60,59,59,59,54,58,56,60,60,56,59,59,60,59,56,59,56,60,55,54,53,55,58,58,59,59,58,59,59,58,59,60,59
60,57,60,58,59,57,59,60,60,59,58,60,60,59,60,58,58,60,59,59,59,54,58,56,60,60,56,59,59,60,59,56,59,56,60,55,54,53,55,58,58,59,59,58,59,59,58,59,60,59
60,57,60,58,59,57,59,60,60,59,58,60,60,59,60,58,58,60,59,59,59,54,58,56,60,60,56,59,59,60,59,56,59,56,60,55,54,53,55,58,58,59,59,58,59,59,58,59,60,59
60,57,60,58,59,57,59,60,60,59,58,60,60,59,60,58,58,60,59,59,59,54,58,56,60,60,56,59,59,60,59,56,59,56,60,55,54,54,55,58,58,59,59,58,59,59,58,59,60,59
60,57,60,58,59,57,59,60,60,59,58,60,60,59,60,58,58,60,59,59,59,54,58,56,60,60,56,59,59,60,60,56,59,56,60,55,55,54,55,58,58,59,59,58,59,59,58,59,60,59
60,57,60,58,59,57,59,60,60,59,58,60,60,59,60,58,58,60,59,59,59,54,58,56,60,60,57,59,59,60,60,56,59,56,60,55,55,54,55,58,58,59,59,58,59,59,58,59,60,59
60,57,60,58,59,58,59,60,60,59,58,60,60,59,60,58,58,60,59,59,59,54,58,56,60,60,57,59,59,60,60,56,59,56,60,55,55,54,55,58,58,59,59,58,59,59,58,59,60,59
60,57,60,58,59,58,59,60,60,59,59,60,60,59,61,58,58,60,59,59,59,54,58,56,60,60,57,59,59,60,60,56,59,57,60,56,55,55,55,58,59,59,59,58,59,59,58,59,60,59
60,57,60,58,59,58,59,60,60,59,59,60,60,59,61,58,58,60,59,59,59,55,58,57,60,60,57,59,59,60,60,56,59,57,60,56,56,55,55,58,59,59,59,58,59,59,58,59,60,59
60,57,60,58,59,58,59,60,60,59,59,60,60,60,60,58,58,60,59,59,59,55,58,57,60,60,57,59,59,60,60,56,59,57,59,56,56,55,55,58,59,59,59,59,59,59,58,59,60,59
60,57,60,58,59,58,59,60,60,59,59,60,60,60,60,58,58,60,59,59,59,55,58,57,60,60,57,59,59,60,60,57,60,57,59,56,57,55,55,58,59,59,59,59,59,59,59,59,60,59
60,57,60,58,59,58,59,60,60,59,59,60,60,60,60,58,58,60,59,60,59,55,58,57,60,60,57,58,59,60,60,57,60,58,59,56,57,55,55,57,59,60,59,59,59,60,59,59,60,59
60,57,60,58,59,58,59,60,60,60,59,60,60,60,60,59,58,60,59,60,60,56,58,57,59,60,58,58,60,60,60,57,60,58,59,57,57,55,55,57,59,60,59,59,59,60,59,59,60,59
60,57,60,58,59,58,59,60,60,60,59,60,60,60,60,59,59,60,59,60,60,56,58,58,59,60,58,58,60,60,60,57,59,58,58,57,58,55,55,57,59,60,59,59,59,60,59,59,60,59
60,58,60,58,59,58,59,60,60,60,59,60,60,60,60,59,59,60,59,60,60,57,58,58,59,60,58,58,60,60,60,57,59,58,58,57,58,55,55,57,59,60,60,60,59,60,59,59,60,59
60,58,60,59,59,59,59,60,60,60,59,60,60,60,60,59,59,60,60,60,60,57,57,58,58,60,59,57,60,60,60,58,59,59,58,57,58,55,55,56,59,60,60,60,58,60,59,59,60,60
60,58,59,59,59,59,59,60,60,60,59,60,60,60,60,59,59,60,60,60,60,57,57,58,58,60,59,57,60,60,60,58,59,59,57,58,57,55,55,56,60,59,60,60,58,60,59,59,60,60
60,58,59,59,59,59,59,60,60,60,59,60,60,60,60,59,59,60,60,60,60,58,56,58,58,60,59,57,60,60,60,58,59,59,57,58,57,55,54,56,59,59,60,59,58,60,59,59,60,60
60,59,59,59,59,59,59,60,60,60,59,60,60,60,60,59,59,59,60,60,60,58,56,58,58,60,59,56,60,59,60,58,58,60,57,59,57,55,54,55,59,59,60,59,58,59,59,59,60,60
60,59,59,59,59,59,59,59,60,60,60,59,60,60,60,60,59,59,60,59,60,58,56,58,57,60,60,56,60,59,60,58,58,59,57,59,56,54,54,55,59,59,59,59,58,59,59,59,60,60
60,59,58,59,59,59,58,59,60,60,60,59,60,60,60,60,59,59,60,59,60,59,55,57,57,60,60,56,60,59,60,59,58,59,56,59,56,54,54,55,59,59,59,59,58,59,59,58,59,60
60,59,58,60,59,59,58,59,60,60,60,59,60,60,60,60,59,59,60,59,60,59,55,57,57,60,60,56,60,59,60,59,57,59,56,60,56,54,54,55,59,59,59,59,58,59,59,58,59,60
60,60,58,60,59,59,58,59,60,60,60,59,60,60,60,60,59,59,60,59,60,59,55,57,57,60,60,56,60,59,60,59,57,59,56,60,55,54,54,54,59,59,59,59,58,59,59,58,59,60
61,60,58,60,59,59,58,59,60,60,60,59,60,60,60,60,59,59,60,59,60,59,55,57,57,60,60,56,60,59,60,59,57,59,56,60,55,54,53,54,59,59,59,59,58,59,59,58,59,60
61,60,58,60,59,59,58,59,60,60,60,59,60,60,60,60,58,59,60,59,60,59,54,57,57,60,60,56,60,59,60,59,57,59,56,60,55,54,53,54,59,59,59,59,58,59,59,58,59,60
61,60,58,60,58,59,58,59,60,60,60,59,60,60,60,60,58,59,60,59,60,59,54,57,57,60,60,56,60,59,60,59,57,59,56,60,55,54,53,54,59,59,59,59,58,59,59,58,59,60
60,60,57,60,58,59,58,59,60,60,59,59,60,60,60,60,58,58,60,59,59,59,54,57,56,60,60,55,59,59,60,59,57,59,56,60,55,54,53,54,58,58,59,59,58,59,59,58,59,60
60,60,57,60,58,59,58,59,60,60,59,59,60,60,59,60,58,58,60,59,59,59,54,57,56,60,60,55,59,59,59,59,56,59,56,60,55,54,53,54,58,58,59,59,58,59,59,58,59,60
60,60,57,60,58,59,57,59,60,60,59,58,60,60,59,60,58,58,60,59,59,59,54,57,56,60,60,55,59,59,60,59,56,59,56,60,55,54,53,54,58,58,59,59,58,59,59,58,59,60
61,61,57,60,58,59,58,59,60,60,60,59,60,60,60,61,58,58,60,59,60,60,54,57,56,60,60,56,60,59,60,59,56,59,56,60,55,54,53,54,59,59,59,59,58,59,59,58,59,60
60,61,57,60,58,59,58,59,60,60,60,59,60,60,60,61,58,58,60,59,60,60,54,57,56,60,60,56,60,59,60,59,56,59,56,60,55,54,53,54,59,59,59,59,58,59,59,58,59,60
60,60,57,60,58,59,57,59,60,60,59,58,60,60,59,60,58,58,60,59,59,59,54,57,56,60,60,55,59,59,59,59,56,59,56,60,55,54,53,54,58,58,59,59,58,59,59,58,59,60
60,60,57,60,58,59,57,59,60,60,59,58,60,60,59,60,58,58,60,59,59,59,54,57,56,60,60,55,59,59,59,59,56,59,56,60,55,54,53,54,58,58,59,59,58,59,59,58,59,60
60,60,57,60,58,59,57,59,60,60,59,58,60,60,59,60,58,58,60,59,59,59,54,57,56,60,60,55,59,59,59,59,56,59,56,60,55,54,53,54,58,58,59,59,58,59,59,58,59,60
60,60,57,60,58,59,57,59,60,60,59,58,60,60,59,60,58,58,60,59,59,59,54,57,56,60,60,55,59,59,59,59,56,59,56,60,55,54,53,54,58,58,59,59,58,59,59,58,59,60
60,60,57,61,58,59,57,59,60,60,60,59,60,60,60,61,58,58,60,59,60,59,54,57,56,60,60,56,60,59,60,59,56,59,56,60,55,54,53,54,58,59,59,59,58,59,59,58,59,60
60,61,57,61,58,59,58,59,60,60,60,59,60,60,60,61,58,58,60,59,60,60,54,57,56,60,60,56,60,59,60,59,56,59,56,60,55,54,53,54,59,59,59,59,58,59,59,58,59,60
60,60,57,60,58,59,57,59,60,60,59,58,60,60,59,60,58,58,60,59,59,59,54,57,56,60,60,55,59,59,59,59,56,59,56,60,55,54,53,54,58,58,59,59,58,59,59,58,59,60
60,60,57,60,58,59,57,59,60,60,59,58,60,60,59,60,58,58,60,59,59,59,54,57,56,60,60,55,59,59,59,59,56,59,56,60,55,54,53,54,58,58,59,59,58,59,59,58,59,60
60,60,57,60,58,59,57,59,60,60,59,58,60,60,59,60,58,58,60,59,59,59,54,57,56,60,60,55,59,59,59,59,56,59,56,60,55,54,53,54,58,58,59,59,58,59,59,58,59,60
60,60,57,60,58,59,57,59,60,60,59,58,60,60,59,60,58,58,60,59,59,59,54,57,56,60,60,55,59,59,59,59,56,59,56,60,55,54,53,54,58,58,59,59,58,59,59,58,59,60
60,60,57,60,58,59,57,59,60,60,59,58,60,60,59,60,58,58,60,59,59,59,54,57,56,60,60,55,59,59,59,59,56,59,56,60,55,54,53,54,58,58,59,59,58,59,59,58,59,60
60,60,57,60,58,59,57,59,60,60,59,58,60,60,59,60,58,58,60,59,59,59,54,57,56,60,60,55,59,59,59,59,56,59,56,60,55,54,53,54,58,58,59,59,58,59,59,58,59,60
60,60,57,60,58,59,57,59,60,60,59,58,60,60,59,60,58,58,60,59,59,59,54,57,56,60,60,55,59,59,59,59,56,59,56,60,55,54,53,54,58,58,59,59,58,59,59,58,59,60
60,60,57,60,58,59,57,59,60,60,59,58,60,60,60,60,58,58,60,59,59,59,54,57,56,60,60,55,59,59,60,59,56,59,56,60,55,54,53,54,58,58,59,59,58,59,59,58,59,60
60,60,57,60,58,59,57,59,60,60,59,58,60,60,59,60,58,58,60,59,59,59,54,57,56,60,60,55,59,59,59,59,56,59,56,60,55,54,53,54,58,58,59,59,58,59,59,58,59,60
60,60,57,60,58,59,57,59,60,60,59,58,60,60,59,60,58,58,60,59,59,59,54,57,56,60,60,55,59,59,59,59,56,59,56,60,55,54,53,54,58,58,59,59,58,59,59,58,59,60
60,60,57,60,58,59,57,59,60,60,59,58,60,60,59,60,58,58,60,59,59,59,54,58,56,60,60,55,59,59,59,59,56,59,56,60,55,54,53,54,58,58,59,59,58,59,59,58,59,60
60,60,57,60,58,59,57,59,60,60,59,58,60,60,59,60,58,58,60,59,59,59,54,58,56,60,60,55,59,59,59,59,56,59,56,60,55,54,53,54,58,58,59,59,58,59,59,58,59,60
60,60,57,60,58,59,57,59,60,60,59,58,60,60,59,60,58,58,60,59,59,59,54,58,56,60,60,55,59,59,59,59,56,59,56,60,55,54,53,55,58,58,59,59,58,59,59,58,59,60
60,60,57,60,58,59,57,59,60,60,59,58,60,60,59,60,58,58,60,59,59,59,54,58,56,60,60,55,59,59,59,59,56,59,56,60,55,54,53,55,58,58,59,59,58,59,59,58,59,60
60,60,57,60,58,59,57,59,60,60,59,58,60,60,59,60,58,58,60,59,59,59,54,58,56,60,60,56,59,59,59,59,56,59,56,60,55,54,53,55,58,58,59,59,58,59,59,58,59,60
60,60,57,60,58,59,57,59,60,60,59,58,60,60,59,60,58,58,60,59,59,59,54,58,56,60,60,56,59,59,59,59,56,59,56,60,55,54,53,55,58,58,59,59,58,59,59,58,59,60
60,60,57,60,58,59,57,59,60,60,59,58,60,60,59,60,58,58,60,59,59,59,54,58,56,60,60,56,59,59,59,59,56,59,56,60,55,54,53,55,58,58,59,59,58,59,59,58,59,60
60,60,57,60,58,59,57,59,60,60,59,58,60,60,59,60,58,58,60,59,59,59,54,58,56,60,60,56,59,59,59,59,56,59,56,60,55,54,53,55,58,58,59,59,58,59,59,58,59,60
60,60,57,60,58,59,57,59,60,60,59,58,60,60,59,60,58,58,60,59,59,59,54,58,56,60,60,56,59,59,59,59,56,59,56,60,55,54,54,55,58,58,59,59,58,59,59,58,59,60
60,60,57,60,58,59,57,59,60,60,59,58,60,60,59,60,58,58,60,59,59,59,54,58,56,60,60,56,59,59,59,60,56,59,56,60,55,55,54,55,58,58,59,59,58,59,59,58,59,60
60,60,57,60,58,59,57,59,60,60,59,58,60,60,59,60,58,58,60,59,59,59,54,58,56,60,60,57,59,59,59,60,56,59,56,60,55,55,54,55,58,58,59,59,58,59,59,58,59,60
60,60,57,60,58,59,58,59,60,60,59,58,60,60,59,60,58,58,60,59,59,59,54,58,56,60,60,57,59,59,59,60,56,59,56,60,55,55,54,55,58,58,59,59,58,59,59,58,59,60
60,60,57,60,58,59,58,59,60,60,59,59,60,60,59,61,58,58,60,59,59,59,54,58,56,60,60,57,59,59,60,60,56,59,57,60,56,55,55,55,58,59,59,59,58,59,59,58,59,60
60,60,57,60,58,59,58,59,60,60,59,59,60,60,59,61,58,58,60,59,59,59,55,58,57,60,60,57,59,59,60,60,56,59,57,60,56,56,55,55,58,59,59,59,58,59,59,58,59,60
60,60,57,60,58,59,58,59,60,60,59,59,60,60,60,60,58,58,60,59,59,59,55,58,57,60,60,57,59,59,60,60,56,59,57,59,56,56,55,55,58,59,59,59,59,59,59,58,59,60
60,60,57,60,58,59,58,59,60,60,59,59,60,60,60,60,58,58,60,59,59,59,55,58,57,60,60,57,59,59,60,60,57,60,57,59,56,57,55,55,58,59,59,59,59,59,59,59,59,60
60,60,57,60,58,59,58,59,60,60,59,59,60,60,60,60,58,58,60,59,60,59,55,58,57,60,60,57,58,59,60,60,57,60,58,59,56,57,55,55,57,59,60,59,59,59,60,59,59,60
60,60,57,60,58,59,58,59,60,60,60,59,60,60,60,60,59,58,60,59,60,60,56,58,57,59,60,58,58,60,60,60,57,60,58,59,57,57,55,55,57,59,60,59,59,59,60,59,59,60
60,60,57,60,58,59,58,59,60,60,60,59,60,60,60,60,59,59,60,59,60,60,56,58,58,59,60,58,58,60,60,60,57,59,58,58,57,58,55,55,57,59,60,59,59,59,60,59,59,60
60,60,58,60,58,59,58,59,60,60,60,59,60,60,60,60,59,59,60,59,60,60,57,58,58,59,60,58,58,60,60,60,57,59,58,58,57,58,55,55,57,59,60,60,60,59,60,59,59,60
60,60,58,60,59,59,59,59,60,60,60,59,60,60,60,60,59,59,60,60,60,60,57,57,58,59,60,59,57,60,60,60,58,59,59,58,57,58,55,55,56,59,60,60,60,59,60,59,59,60
60,60,58,60,59,59,59,59,60,60,60,59,60,60,60,60,59,59,60,60,60,60,57,57,58,58,60,59,57,60,60,60,58,59,59,58,58,58,55,55,56,60,59,60,60,58,60,59,59,60
60,60,58,59,59,59,59,59,60,60,60,59,60,60,60,60,59,59,60,60,60,60,58,57,58,58,60,59,57,60,60,60,58,59,59,57,58,57,55,54,56,60,59,60,60,58,60,59,59,60
60,60,59,59,59,59,59,59,60,60,60,59,60,60,60,60,59,59,60,60,60,60,58,56,58,58,60,59,57,60,60,60,58,59,60,57,59,57,55,54,56,60,59,60,60,58,60,59,59,60
60,60,59,59,59,60,59,59,60,60,60,60,60,60,60,60,60,59,60,60,60,60,58,56,58,58,60,60,57,60,60,60,58,58,60,57,59,57,55,54,56,60,59,60,60,58,60,59,59,60
60,60,59,59,59,60,60,59,60,60,60,60,60,60,60,60,60,59,60,60,60,60,59,56,58,58,60,60,57,60,60,60,59,58,60,57,59,57,55,54,55,60,59,60,60,58,60,59,59,60
60,60,59,59,60,60,60,59,60,60,60,60,60,60,60,60,60,60,60,60,60,60,59,56,58,58,61,60,57,60,60,60,59,58,60,57,60,56,55,54,55,60,59,60,60,59,60,60,59,60
60,61,60,59,60,60,60,59,60,60,60,60,60,60,60,60,60,59,60,60,60,60,59,55,58,58,61,60,57,61,60,60,59,58,60,57,60,56,55,54,55,60,59,60,60,59,60,60,59,60
60,61,60,59,60,60,60,59,60,61,60,60,60,60,60,60,60,59,60,60,60,60,60,55,58,58,61,60,57,61,60,60,59,58,60,57,60,56,55,54,55,60,59,60,60,59,60,60,59,60
60,61,60,59,60,59,60,59,60,61,61,60,60,60,60,60,60,59,60,60,60,60,60,55,58,58,61,60,57,61,60,60,60,58,60,57,60,56,55,54,55,60,59,60,60,59,60,60,59,60
61,61,60,59,60,59,60,59,60,61,61,60,60,60,60,61,60,59,59,60,60,61,60,55,58,58,61,60,57,61,60,61,60,58,60,57,60,56,55,54,55,60,59,60,60,59,60,60,59,60
60,61,60,58,60,59,60,59,60,60,61,60,60,60,60,61,61,59,59,61,60,61,60,55,58,57,61,61,56,60,60,61,60,58,60,57,60,56,55,54,55,60,59,60,60,59,60,60,59,60
60,61,60,58,60,59,60,58,60,60,61,60,60,60,61,60,61,59,59,60,60,60,60,55,58,57,61,61,56,60,60,60,60,57,60,57,60,56,55,53,55,59,59,60,60,59,60,60,59,60
60,61,60,58,60,59,60,58,60,60,61,60,59,61,61,60,61,59,59,60,60,60,60,55,58,57,61,61,56,60,60,60,60,57,60,57,60,56,55,53,55,59,59,60,60,59,60,60,59,60
60,61,60,58,60,59,60,58,60,61,61,60,59,61,61,61,60,59,59,60,60,60,60,55,58,57,61,61,56,60,60,60,60,57,60,57,60,56,55,53,55,59,59,60,60,59,60,60,59,60
61,61,61,58,60,59,60,59,60,61,61,61,60,61,61,61,61,59,59,61,60,61,60,55,58,57,61,61,57,61,60,61,60,57,60,57,60,56,55,53,55,60,60,60,60,59,60,60,59,60
60,61,61,58,60,59,60,59,60,61,61,61,60,61,61,61,61,59,59,61,60,61,60,55,58,57,61,61,57,61,60,61,60,57,60,57,61,56,55,53,55,59,60,60,60,59,60,60,59,60
60,61,61,58,60,59,59,58,60,61,60,60,59,60,60,60,61,59,59,60,60,60,60,55,58,57,61,61,56,60,60,60,60,57,60,57,60,56,55,53,55,59,59,60,60,59,60,60,59,60
60,61,61,58,60,59,60,58,60,61,61,60,59,61,60,60,60,59,59,61,60,60,60,55,58,57,61,61,56,60,60,60,60,57,60,57,61,56,55,53,55,59,59,60,60,59,60,60,59,60
60,61,61,58,60,59,60,58,60,61,61,60,59,61,60,60,60,59,59,61,60,60,60,54,58,57,61,61,56,60,60,60,60,57,60,57,61,56,55,53,55,59,59,60,60,59,60,60,59,60
60,61,61,58,61,59,60,58,60,61,61,60,59,61,61,60,61,59,59,61,60,60,60,54,58,57,61,61,56,60,60,60,60,57,60,57,61,56,55,53,55,59,59,60,60,59,60,60,59,60
60,61,61,58,61,59,59,58,60,61,60,60,59,60,60,60,61,59,59,61,60,60,60,54,58,57,61,61,56,60,60,60,60,57,60,57,60,56,55,53,55,59,59,60,60,59,60,60,59,60
60,61,61,58,61,59,59,58,60,60,60,60,59,60,60,60,61,59,59,61,60,60,60,54,58,57,61,61,56,60,60,60,60,57,60,57,60,56,54,53,55,59,59,60,60,59,60,59,59,60
60,61,61,58,61,59,59,58,60,60,60,60,59,60,60,60,61,59,59,61,60,60,60,54,58,57,61,61,56,60,60,60,60,57,60,56,60,55,54,53,55,59,59,60,59,58,60,59,59,60
60,61,61,58,61,59,59,58,59,60,60,60,59,60,60,60,61,59,59,61,60,60,60,54,58,57,61,61,56,60,60,60,60,57,60,56,60,55,54,53,55,59,59,60,59,58,60,59,58,60
60,61,61,58,61,58,59,58,59,60,60,60,59,60,60,60,61,59,59,61,60,60,60,54,57,57,61,61,56,60,60,60,60,57,60,56,60,55,54,53,55,59,59,60,59,58,60,59,58,60
60,61,61,57,61,58,59,58,59,60,60,60,59,60,60,60,61,59,59,60,59,60,60,54,57,57,60,60,56,60,60,60,59,56,59,56,60,55,54,53,54,59,59,59,59,58,60,59,58,59
60,61,61,57,61,58,59,58,59,60,60,60,59,60,60,60,61,59,59,60,59,60,60,54,57,57,60,60,56,60,60,60,59,56,59,56,60,55,54,53,54,59,59,59,59,58,60,59,58,59
60,61,61,57,61,58,59,58,59,60,60,60,59,60,60,60,61,58,59,60,59,60,60,54,57,57,60,60,56,60,60,60,59,56,59,56,60,55,54,53,54,59,59,59,59,58,60,59,58,59
60,61,61,57,61,58,59,58,59,60,60,60,59,60,60,60,61,58,58,60,59,60,60,54,57,57,60,60,56,60,59,60,59,56,59,56,60,55,54,53,54,59,59,59,59,58,60,59,58,59
59,60,60,57,60,58,59,57,59,60,60,59,58,60,60,59,60,58,58,60,59,59,59,54,57,56,60,60,55,59,59,59,59,56,59,56,60,55,54,53,54,58,58,59,59,58,59,59,58,59
59,60,60,57,60,58,59,57,59,60,60,59,58,60,60,59,60,58,58,60,59,59,59,54,57,56,60,60,55,59,59,59,59,56,59,56,60,55,54,53,54,58,58,59,59,58,59,59,58,59
59,60,60,57,60,58,59,57,59,60,60,59,58,60,60,59,60,58,58,60,59,59,59,54,58,56,60,60,55,59,59,59,59,56,59,56,60,55,54,53,54,58,58,59,59,58,59,59,58,59
59,60,60,57,60,58,59,57,59,60,60,59,58,60,60,59,60,58,58,60,59,59,59,54,58,56,60,60,55,59,59,59,59,56,59,56,60,55,54,53,54,58,58,59,59,58,59,59,58,59
59,60,60,57,60,58,59,57,59,60,60,59,58,60,60,59,60,58,58,60,59,59,59,54,58,56,60,60,55,59,59,59,59,56,59,56,60,55,54,53,55,58,58,59,59,58,59,59,58,59
59,60,60,57,60,58,59,57,59,60,60,59,58,60,60,59,60,58,58,60,59,59,59,54,58,56,60,60,55,59,59,59,59,56,59,56,60,55,54,53,55,58,58,59,59,58,59,59,58,59
59,60,60,57,60,58,59,57,59,60,60,59,58,60,60,59,60,58,58,60,59,59,59,54,58,56,60,60,56,59,59,59,59,56,59,56,60,55,54,53,55,58,58,59,59,58,59,59,58,59
59,60,60,57,60,58,59,57,59,60,60,59,58,60,60,59,60,58,58,60,59,59,59,54,58,56,60,60,56,59,59,59,59,56,59,56,60,55,54,53,55,58,58,59,59,58,59,59,58,59
59,60,60,57,60,58,59,57,59,60,60,59,58,60,60,59,60,58,58,60,59,59,59,54,58,56,60,60,56,59,59,59,59,56,59,56,60,55,54,53,55,58,58,59,59,58,59,59,58,59
59,60,60,57,60,58,59,57,59,60,60,59,58,60,60,59,60,58,58,60,59,59,59,54,58,56,60,60,56,59,59,59,59,56,59,56,60,55,54,53,55,58,58,59,59,58,59,59,58,59
59,60,60,57,60,58,59,57,59,60,60,59,58,60,60,59,60,58,58,60,59,59,59,54,58,56,60,60,56,59,59,59,59,56,59,56,60,55,54,54,55,58,58,59,59,58,59,59,58,59
59,60,60,57,60,58,59,57,59,60,60,59,58,60,60,59,60,58,58,60,59,59,59,54,58,56,60,60,56,59,59,59,60,56,59,56,60,55,55,54,55,58,58,59,59,58,59,59,58,59
59,60,60,57,60,58,59,57,59,60,60,59,58,60,60,59,60,58,58,60,59,59,59,54,58,56,60,60,56,59,59,59,60,56,59,56,60,55,55,54,55,58,58,59,59,58,59,59,58,59
59,60,60,57,60,58,59,58,59,60,60,59,58,60,60,59,60,58,58,60,59,59,59,54,58,56,60,60,57,59,59,59,60,56,59,56,60,55,55,54,55,58,58,59,59,58,59,59,58,59
59,60,60,57,60,58,59,58,59,60,60,59,59,60,60,59,61,58,58,60,59,59,59,54,58,56,60,60,57,59,59,60,60,56,59,57,60,56,55,55,55,58,59,59,59,58,59,59,58,59
59,60,60,57,60,58,59,58,59,60,60,59,59,60,60,59,61,58,58,60,59,59,59,55,58,57,60,60,57,59,59,60,60,56,59,57,60,56,56,55,55,58,59,59,59,58,59,59,58,59
59,60,60,57,60,58,59,58,59,60,60,59,59,60,60,60,60,58,58,60,59,59,59,55,58,57,60,60,57,59,59,60,60,56,59,57,59,56,56,55,55,58,59,59,59,59,59,59,58,59
59,60,60,57,60,58,59,58,59,60,60,59,59,60,60,60,60,58,58,60,59,59,59,55,58,57,60,60,57,59,59,60,60,57,60,57,59,56,57,55,55,58,59,59,59,59,59,59,59,59
59,60,60,57,60,58,59,58,59,60,60,59,59,60,60,60,60,58,58,60,59,60,59,55,59,57,60,60,57,58,59,60,60,57,60,58,59,56,57,55,55,58,59,60,59,59,59,60,59,59
59,60,60,57,60,58,59,58,59,60,60,60,59,60,60,60,60,59,58,60,59,60,60,56,58,57,59,60,58,58,60,60,60,57,60,58,59,57,57,55,55,57,59,60,59,59,59,60,59,59
59,60,60,57,60,58,59,58,59,60,60,60,59,60,60,60,60,59,59,60,59,60,60,56,58,58,59,60,58,58,60,60,60,57,60,58,58,57,58,55,55,57,59,60,59,59,59,60,59,60
59,60,60,58,60,58,59,58,59,60,60,60,59,60,60,60,60,59,59,60,59,60,60,57,58,58,59,60,58,58,60,60,60,57,60,58,58,57,58,55,55,57,59,60,60,60,59,60,59,60
59,60,60,58,60,59,59,59,60,60,60,60,59,60,60,60,60,59,59,60,60,60,60,57,58,58,59,60,59,58,60,60,60,58,59,59,58,57,58,55,55,57,59,60,60,60,59,60,59,59
59,60,60,58,60,59,59,59,60,60,60,60,59,60,60,60,60,59,59,60,60,60,60,57,57,58,59,60,59,57,60,60,60,58,59,59,58,58,58,55,55,56,60,60,60,60,59,60,60,59
60,60,60,58,60,59,59,59,60,60,60,60,59,60,60,60,60,59,59,60,60,60,60,58,57,58,59,60,59,57,60,60,60,58,59,59,58,58,58,55,54,56,60,60,60,60,59,60,60,59
60,60,60,59,60,59,59,59,59,60,60,60,59,60,60,60,60,59,59,60,60,60,60,58,57,58,58,60,59,57,60,60,60,58,59,60,57,59,57,55,54,56,60,60,60,60,59,60,60,59
60,60,60,59,59,59,60,59,59,60,60,60,60,60,60,60,60,60,59,60,60,60,60,58,56,58,58,60,60,57,60,60,60,58,59,60,57,59,57,55,54,56,60,60,60,60,59,60,60,59
60,60,60,59,59,59,60,60,59,60,60,60,60,60,60,60,61,60,59,60,60,60,60,59,56,58,58,61,60,57,60,60,60,59,59,60,57,59,57,55,54,56,60,60,60,60,59,60,60,59
60,60,60,59,59,60,60,60,59,60,60,61,60,60,60,60,61,60,60,60,60,60,60,59,56,58,58,61,60,57,60,60,60,59,58,60,57,60,57,55,54,56,60,60,60,60,59,60,60,59
60,60,61,60,59,60,60,60,59,60,60,60,60,60,60,60,61,60,60,60,60,60,61,59,56,58,58,61,60,57,61,60,61,59,58,60,57,60,57,55,54,56,60,60,60,60,59,60,60,59
60,60,61,60,59,60,60,60,59,60,61,60,60,60,60,60,61,60,60,60,60,60,61,60,56,58,58,61,60,57,61,60,61,59,58,60,57,60,56,55,54,56,60,60,60,60,59,61,60,59
60,60,61,60,59,60,60,60,59,60,61,61,60,60,60,60,61,60,60,60,60,60,61,60,56,58,58,61,60,57,61,60,60,60,58,60,57,60,56,55,54,55,60,60,61,60,59,61,60,59
60,61,61,60,59,60,60,60,59,60,61,61,60,60,60,60,61,60,60,60,60,60,61,60,55,58,58,61,60,57,61,61,61,60,58,60,57,60,56,55,54,56,60,60,61,60,59,61,60,59
60,60,61,60,59,60,60,60,59,60,60,61,60,60,60,60,61,61,59,60,61,60,61,60,55,58,58,61,61,57,61,60,61,60,58,60,57,60,56,55,54,55,60,60,60,60,59,61,60,59
60,60,61,60,59,60,59,60,59,60,60,61,60,60,60,61,61,61,59,59,60,60,60,60,55,58,57,61,61,57,61,60,61,60,58,60,57,60,56,55,53,55,60,60,60,60,59,60,60,59
60,60,61,60,58,60,59,60,59,60,60,61,61,60,61,61,61,61,59,59,60,60,60,60,55,58,57,61,61,57,61,60,61,60,58,60,57,60,56,55,53,55,60,60,60,60,59,61,60,59
60,61,61,61,58,60,59,60,59,60,61,61,61,60,61,61,61,61,59,60,60,60,60,60,55,58,58,61,61,57,61,60,61,60,58,60,57,60,56,55,53,55,60,60,60,60,59,61,60,59
60,61,61,61,58,60,59,60,59,60,61,61,61,60,61,61,61,61,59,60,61,60,61,60,55,58,58,61,61,57,61,61,61,60,57,60,57,60,56,55,53,55,60,60,60,60,59,61,60,59
60,60,61,61,58,60,59,60,58,60,61,61,61,60,61,61,61,61,59,59,61,60,61,60,55,58,57,61,61,57,61,60,61,60,57,60,57,61,56,55,53,55,59,60,60,60,59,60,60,59
60,60,61,61,58,60,59,60,58,60,61,61,60,59,61,61,60,61,59,59,61,60,60,60,55,58,57,61,61,56,60,60,60,60,57,60,57,61,56,55,53,55,59,59,60,60,59,60,60,59
60,60,61,61,58,60,59,59,58,60,61,60,60,59,60,60,60,60,59,59,61,60,60,60,54,58,57,61,61,56,60,60,60,60,57,60,57,60,56,55,53,55,59,59,60,60,59,60,60,59
60,60,61,61,58,61,59,59,58,60,60,60,60,59,60,60,60,60,59,59,61,60,60,60,54,58,57,61,61,56,60,60,60,60,57,60,57,60,56,55,53,55,59,59,60,60,59,60,60,59
60,60,61,61,58,61,58,59,58,59,60,60,60,59,60,60,60,61,59,59,61,60,60,60,54,57,57,61,61,56,60,60,60,60,57,60,56,60,55,54,53,54,59,59,60,59,58,60,59,58
59,60,61,61,57,61,58,59,58,59,60,60,60,59,60,60,60,61,58,58,60,59,60,60,54,57,56,60,60,56,60,59,60,59,56,59,56,60,55,54,53,54,59,59,59,59,58,60,59,58
59,59,60,60,57,60,58,59,57,59,60,60,59,58,60,60,60,60,58,58,60,59,59,59,54,57,56,60,60,55,59,59,60,59,56,59,56,60,55,54,53,54,58,58,59,59,58,59,59,58
59,59,60,60,57,60,58,59,57,59,60,60,59,58,60,60,60,60,58,58,60,59,59,59,54,57,56,60,60,55,59,59,60,59,56,59,56,60,55,54,53,54,58,58,59,59,58,59,59,58
59,59,60,60,57,60,58,59,57,59,60,60,59,58,60,60,60,60,58,58,60,59,59,59,54,57,56,60,60,55,59,59,60,59,56,59,56,60,55,54,53,54,58,58,59,59,58,59,59,58
59,59,60,60,57,60,58,59,57,59,60,60,59,58,60,60,60,60,58,58,60,59,59,59,54,57,56,60,60,55,59,59,60,59,56,59,56,60,55,54,53,54,58,58,59,59,58,59,59,58
59,59,60,60,57,60,58,59,57,59,60,60,59,58,60,60,60,60,58,58,60,59,59,59,54,57,56,60,60,55,59,59,60,59,56,59,56,60,55,54,53,54,58,58,59,59,58,59,59,58
59,59,60,60,57,60,58,59,57,59,60,60,59,58,60,60,60,60,58,58,60,59,59,59,54,57,56,60,60,55,59,59,60,59,56,59,56,60,55,54,53,54,58,58,59,59,58,59,59,58
59,59,60,60,57,60,58,59,57,59,60,60,59,58,60,60,60,60,58,58,60,59,59,59,54,57,56,60,60,55,59,59,60,59,56,59,56,60,55,54,53,54,58,58,59,59,58,59,59,58
59,59,60,60,57,60,58,59,57,59,60,60,59,58,60,60,60,60,58,58,60,59,59,59,54,57,56,60,60,55,59,59,60,59,56,59,56,60,55,54,53,54,58,58,59,59,58,59,59,58
59,59,60,60,57,60,58,59,57,59,60,60,59,58,60,60,60,60,58,58,60,59,59,59,54,57,56,60,60,55,59,59,60,59,56,59,56,60,55,54,53,54,58,58,59,59,58,59,59,58
59,59,60,60,57,60,58,59,57,59,60,60,59,58,60,60,60,60,58,58,60,59,59,59,54,57,56,60,60,55,59,59,60,59,56,59,56,60,55,54,53,54,58,58,59,59,58,59,59,58
59,59,60,60,57,60,58,59,57,59,60,60,59,58,60,60,60,60,58,58,60,59,59,59,54,58,56,60,60,55,59,59,60,59,56,59,56,60,55,54,53,54,58,58,59,59,58,59,59,58
59,59,60,60,57,60,58,59,57,59,60,60,59,58,60,60,60,60,58,58,60,59,59,59,54,58,56,60,60,55,59,59,60,59,56,59,56,60,55,54,53,54,58,58,59,59,58,59,59,58
59,59,60,60,57,60,58,59,57,59,60,60,59,58,60,60,60,60,58,58,60,59,59,59,54,58,56,60,60,55,59,59,60,59,56,59,56,60,55,54,53,55,58,58,59,59,58,59,59,58
59,59,60,60,57,60,58,59,57,59,60,60,59,58,60,60,60,60,58,58,60,59,59,59,54,58,56,60,60,56,59,59,60,59,56,59,56,60,55,54,53,55,58,58,59,59,58,59,59,58
59,59,60,60,57,60,58,59,57,59,60,60,59,58,60,60,60,60,58,58,60,59,59,59,54,58,56,60,60,56,59,59,60,59,56,59,56,60,55,54,53,55,58,58,59,59,58,59,59,58
59,59,60,60,57,60,58,59,57,59,60,60,59,58,60,60,60,60,58,58,60,59,59,59,54,58,56,60,60,56,59,59,60,59,56,59,56,60,55,54,53,55,58,58,59,59,58,59,59,58
59,59,60,60,57,60,58,59,57,59,60,60,59,58,60,60,60,60,58,58,60,59,59,59,54,58,56,60,60,56,59,59,60,59,56,59,56,60,55,54,53,55,58,58,59,59,58,59,59,58
59,59,60,60,57,60,58,59,57,59,60,60,59,58,60,60,60,60,58,58,60,59,59,59,54,58,56,60,60,56,59,59,60,59,56,59,56,60,55,54,53,55,58,58,59,59,58,59,59,58
59,59,60,60,57,60,58,59,57,59,60,60,59,58,60,60,60,60,58,58,60,59,59,59,54,58,56,60,60,56,59,59,60,60,56,59,56,60,55,55,54,55,58,58,59,59,58,59,59,58
59,59,60,60,57,60,58,59,58,59,60,60,59,58,60,60,60,60,58,58,60,59,59,59,54,58,56,60,60,56,59,59,60,60,56,59,56,60,55,55,54,55,58,58,59,59,58,59,59,58
59,59,60,60,57,60,58,59,58,59,60,60,59,58,60,60,60,60,58,58,60,59,59,59,54,58,56,60,60,57,59,59,60,60,56,59,56,60,55,55,54,55,58,58,59,59,58,59,59,58
59,59,60,60,57,60,58,59,58,59,60,60,59,58,60,60,60,60,58,58,60,59,59,59,54,58,56,60,60,57,59,59,60,60,56,59,56,60,55,55,54,55,58,59,59,59,58,59,59,58
59,59,60,60,57,60,58,59,58,59,60,60,59,59,60,60,60,61,58,58,60,59,60,59,54,58,56,60,60,57,59,59,60,60,56,59,57,60,56,55,55,55,58,59,59,59,58,59,59,58
59,59,60,60,57,60,58,59,58,59,60,60,59,59,60,60,60,61,58,58,60,59,60,59,55,58,57,60,60,57,59,59,60,60,56,59,57,60,56,56,55,55,58,59,59,59,58,59,59,58
59,59,60,60,57,61,58,59,58,59,60,60,59,59,60,60,60,61,58,58,60,59,59,59,55,58,57,60,60,57,59,59,60,60,56,60,57,59,56,56,55,55,58,59,59,59,59,59,59,58
59,59,60,60,57,61,58,59,58,59,60,60,59,59,60,60,60,61,58,58,60,59,60,59,55,58,57,60,60,57,59,59,60,60,57,60,57,59,56,57,55,55,58,59,59,59,59,59,59,59
59,59,60,60,57,61,58,59,58,59,60,60,59,59,60,60,60,61,58,58,60,59,60,60,55,58,57,60,60,57,59,59,60,60,57,60,58,59,56,57,55,55,58,59,60,59,59,60,60,59
59,59,60,60,57,61,58,59,58,59,60,60,60,59,60,60,60,61,59,58,60,59,60,60,56,58,57,60,60,58,59,60,60,60,57,60,58,59,57,57,55,55,58,59,60,59,59,60,60,59
59,59,60,60,57,61,58,59,58,59,60,60,60,59,60,60,60,61,59,59,60,59,60,60,56,58,58,59,60,58,58,60,60,60,57,60,58,59,57,58,55,55,57,59,60,59,59,59,60,59
59,59,60,60,58,60,58,59,58,59,60,60,60,59,60,60,60,61,59,59,60,59,60,60,57,58,58,59,60,58,58,60,60,60,57,60,58,59,57,58,55,55,57,59,60,60,60,59,60,59
60,59,60,60,58,60,58,59,59,60,60,60,60,59,60,60,60,61,59,59,60,60,60,60,57,58,58,59,60,59,58,60,60,60,58,60,59,58,57,58,55,55,57,59,60,60,60,59,60,59
60,59,60,60,58,60,59,59,59,60,60,60,60,59,60,60,60,61,59,59,60,60,60,60,57,57,59,59,60,59,58,60,60,60,58,59,59,58,58,58,55,54,57,60,60,60,60,59,60,60
60,60,60,60,58,60,59,59,59,60,60,60,60,59,60,60,60,61,59,59,60,60,60,60,58,57,59,59,60,59,58,60,60,60,58,59,59,58,58,58,55,54,57,60,60,60,60,59,60,60
60,60,60,60,59,60,59,59,59,60,60,60,60,59,60,60,60,61,59,59,60,60,60,60,58,57,59,59,60,59,57,60,60,60,58,59,60,58,59,58,55,54,56,60,60,60,60,59,60,60
60,60,60,60,59,60,59,59,59,60,60,60,60,59,60,60,60,61,60,59,60,60,60,60,58,57,59,59,60,60,57,60,60,60,58,59,60,58,59,58,55,54,56,60,60,60,60,59,60,60
60,60,60,60,59,60,59,60,59,60,60,60,60,59,60,60,60,60,60,59,60,60,60,60,59,57,59,59,60,60,57,60,60,60,59,59,60,58,59,57,55,54,56,60,60,60,60,59,60,60
60,60,60,60,59,60,59,60,60,60,60,60,60,60,60,60,60,61,60,59,60,60,60,60,59,56,59,59,61,60,58,60,60,60,59,59,60,58,60,57,55,54,56,60,60,60,60,59,60,60
60,60,60,60,60,60,60,60,60,60,60,60,60,60,60,60,60,61,60,60,61,60,61,60,59,56,59,59,61,60,58,61,61,61,59,59,60,58,60,57,56,54,56,60,60,60,60,60,61,60
60,60,60,60,60,60,60,60,60,60,60,60,60,60,60,60,60,61,60,60,60,60,61,61,60,56,59,59,60,60,58,60,61,60,59,59,60,58,60,57,56,54,56,60,60,61,60,60,61,60
60,60,60,60,60,60,60,60,60,60,60,60,60,60,60,60,60,61,60,60,60,60,60,61,60,56,59,59,60,60,58,60,61,60,59,59,60,58,60,58,56,54,56,60,60,61,60,60,60,60
60,60,60,61,60,60,60,60,60,60,60,60,61,60,60,60,60,61,60,60,61,60,60,61,60,56,59,59,60,60,58,60,61,60,59,59,61,58,60,58,56,54,56,60,60,61,61,60,60,60
60,60,60,61,60,60,60,60,60,60,60,60,61,60,60,60,60,61,61,60,61,61,61,61,60,56,59,59,61,61,58,61,61,61,60,59,61,58,60,58,56,54,56,61,61,61,61,61,61,61
60,60,60,61,60,60,60,60,60,60,60,60,61,60,60,60,61,61,61,61,61,60,61,60,60,55,59,59,61,61,58,61,61,61,60,59,61,58,60,58,56,53,56,60,60,61,61,61,61,60
60,60,60,61,60,60,60,60,61,60,60,60,61,60,61,61,61,61,60,60,61,60,61,60,60,55,59,59,61,61,58,61,61,60,60,59,61,58,60,58,57,53,56,61,61,61,61,61,61,61
60,60,60,61,60,60,60,61,60,60,61,61,61,60,60,61,61,61,60,60,61,60,61,60,60,55,59,59,61,61,59,61,61,60,60,59,60,58,60,58,56,53,56,61,61,60,62,61,61,61
61,61,61,61,61,60,60,61,61,60,61,61,61,61,61,61,61,61,61,60,61,61,61,61,60,55,59,60,61,61,58,61,61,61,60,59,60,58,60,58,57,53,56,61,61,60,61,61,61,61
60,61,61,61,61,60,60,60,61,60,60,61,61,61,60,61,61,61,61,60,61,61,61,61,61,55,59,60,61,61,58,61,61,61,60,59,61,58,61,58,57,53,56,61,61,60,61,61,61,61
60,60,61,61,61,60,60,61,61,60,60,61,61,61,60,61,62,62,61,61,61,61,62,61,61,55,59,59,61,62,58,61,61,61,60,59,61,58,61,58,57,53,56,60,61,61,61,61,61,61
60,60,60,61,61,60,60,61,61,60,61,61,61,61,60,61,61,62,60,61,61,61,61,61,61,55,59,59,61,62,57,61,61,61,60,59,61,58,61,58,56,53,56,60,61,61,61,61,61,61
60,60,60,61,61,59,61,60,61,60,61,61,61,61,60,61,61,61,60,61,61,61,61,61,61,55,58,59,61,61,57,61,61,61,60,59,61,58,61,57,56,53,56,61,61,61,61,60,61,61
59,61,60,61,61,59,61,60,61,59,61,62,61,61,61,61,61,61,61,60,61,61,61,61,61,55,58,59,61,61,57,61,61,61,60,58,61,58,61,57,56,53,55,61,61,61,61,60,61,61
59,61,61,61,61,59,61,60,61,59,61,62,61,61,61,61,61,61,61,60,60,61,61,61,61,54,58,58,61,61,57,61,61,61,60,58,61,57,61,57,56,53,55,60,61,61,61,60,61,61
59,61,61,61,61,59,61,60,61,59,61,62,61,61,61,61,61,61,61,60,60,61,61,61,61,55,58,58,61,61,57,61,61,61,60,58,61,57,61,57,56,53,55,60,61,61,61,60,61,61
59,61,61,61,61,59,61,60,61,59,61,61,61,61,60,61,61,61,61,60,60,62,61,61,61,54,58,58,61,61,57,61,61,61,60,58,60,57,61,57,56,53,55,60,60,61,61,60,61,60
59,61,61,61,62,59,61,60,61,59,61,62,61,61,61,61,61,61,61,60,60,61,61,61,61,54,58,58,61,62,57,61,61,61,60,58,60,57,61,57,56,53,55,60,61,61,61,60,61,61
59,61,61,61,62,59,61,60,61,59,61,62,61,61,60,61,61,61,61,60,60,61,61,61,60,54,57,58,61,61,56,61,61,61,60,58,60,57,61,57,56,53,55,60,60,61,61,60,61,61
58,61,61,61,61,58,61,59,60,59,60,61,61,61,60,61,61,61,61,60,60,61,60,61,60,54,57,58,61,61,56,61,61,61,60,57,60,57,61,56,55,53,55,60,60,61,60,59,61,60
58,60,60,61,61,58,61,59,60,59,60,61,60,61,60,61,61,61,61,59,59,61,60,61,60,54,57,57,61,61,56,61,60,61,60,57,60,57,61,56,55,53,54,59,60,60,60,59,60,60
58,60,60,61,61,58,61,59,60,58,60,61,61,60,59,61,60,60,61,59,59,61,60,60,60,54,57,57,61,61,56,60,60,60,60,57,60,56,61,56,55,53,54,59,59,60,60,59,60,60
58,60,60,61,61,58,61,58,59,58,59,60,60,60,59,60,60,60,61,59,59,61,60,60,60,54,57,57,61,61,56,60,60,60,60,57,59,56,60,55,54,53,54,59,59,60,59,58,60,59
57,60,60,61,61,57,61,58,59,58,59,60,60,60,59,60,60,60,61,59,59,60,59,60,60,54,57,57,60,60,56,60,60,60,59,56,59,56,60,55,54,53,54,59,59,60,59,58,60,59
57,59,59,60,60,57,60,58,59,57,59,60,60,59,59,60,60,60,61,58,58,60,59,60,59,54,57,56,60,60,55,59,59,60,59,56,59,56,60,55,54,53,54,58,59,59,59,58,59,59
57,59,59,60,60,57,60,58,59,57,59,60,60,59,58,60,60,60,60,58,58,60,59,59,59,54,58,56,60,60,55,59,59,60,59,56,59,56,60,55,54,53,54,58,58,59,59,58,59,59
57,59,59,60,60,57,60,58,59,57,59,60,60,59,58,60,60,60,60,58,58,60,59,59,59,54,58,56,60,60,55,59,59,60,59,56,59,56,60,55,54,53,54,58,58,59,59,58,59,59
57,59,59,60,60,57,60,58,59,57,59,60,60,59,58,60,60,60,60,58,58,60,59,59,59,54,58,56,60,60,55,59,59,60,59,56,59,56,60,55,54,53,55,58,58,59,59,58,59,59
57,59,59,60,60,57,60,58,59,57,59,60,60,59,58,60,60,60,60,58,58,60,59,59,59,54,58,56,60,60,56,59,59,60,59,56,59,56,60,55,54,53,55,58,58,59,59,58,59,59
57,59,59,60,60,57,60,58,59,57,59,60,60,59,58,60,60,60,60,58,58,60,59,59,59,54,58,56,60,60,56,59,59,60,59,56,59,56,60,55,54,53,55,58,58,59,59,58,59,59
57,59,59,60,60,57,60,58,59,57,59,60,60,59,58,60,60,60,60,58,58,60,59,59,59,54,58,56,60,60,56,59,59,60,59,56,59,56,60,55,54,53,55,58,58,59,59,58,59,59
57,59,59,60,60,57,60,58,59,57,59,60,60,59,58,60,60,60,60,58,58,60,59,59,59,54,58,56,60,60,56,59,59,60,59,56,59,56,60,55,54,53,55,58,58,59,59,58,59,59
57,59,59,60,60,57,60,58,59,57,59,60,60,59,58,60,60,60,60,58,58,60,59,59,59,54,58,56,60,60,56,59,59,60,59,56,59,56,60,55,54,53,55,58,58,59,59,58,59,59
57,59,59,60,60,57,60,58,59,57,59,60,60,59,58,60,60,60,60,58,58,60,59,59,59,54,58,56,60,60,56,59,59,60,60,56,59,56,60,55,55,54,55,58,58,59,59,58,59,59
57,59,59,60,60,57,60,58,59,58,59,60,60,59,58,60,60,60,60,58,58,60,59,59,59,54,58,56,60,60,56,59,59,60,60,56,59,56,60,55,55,54,55,58,58,59,59,58,59,59
57,59,59,60,60,57,60,58,59,58,59,60,60,59,58,60,60,60,60,58,58,60,59,59,59,54,58,56,60,60,57,59,59,60,60,56,59,56,60,55,55,54,55,58,58,59,59,58,59,59
57,59,59,60,60,57,60,58,59,58,59,60,60,59,58,60,60,60,60,58,58,60,59,59,59,54,58,56,60,60,57,59,59,59,60,56,59,56,60,55,55,54,55,58,58,59,59,58,59,59
57,59,59,60,60,57,60,58,59,58,59,60,60,59,58,60,60,60,60,58,58,60,59,59,59,54,58,56,60,60,57,59,59,59,60,56,59,56,60,55,55,54,55,58,58,59,59,58,59,59
57,59,59,60,60,57,61,58,59,58,59,60,60,59,59,60,60,59,61,58,58,60,59,59,59,55,58,57,60,60,57,59,59,60,60,56,59,57,60,56,56,55,55,58,59,59,59,58,59,59
57,59,59,61,60,57,61,58,59,58,59,60,60,59,59,60,60,60,61,58,58,60,59,59,59,55,58,57,60,60,57,59,59,60,60,56,59,57,60,56,56,55,55,58,59,59,59,59,59,59
57,59,59,61,60,57,61,58,59,58,59,60,60,59,59,60,60,60,61,58,58,60,59,60,59,55,58,57,60,60,57,59,59,60,60,57,60,57,59,56,57,55,55,58,59,59,59,59,59,59
57,59,59,60,60,57,61,58,59,58,59,60,60,59,59,60,60,60,61,58,58,60,59,60,60,55,58,57,60,60,57,59,59,60,60,57,60,58,59,56,57,55,55,58,59,60,59,59,60,60
57,59,59,60,60,57,61,58,59,58,59,60,60,60,59,60,60,60,61,59,58,60,59,60,60,56,58,57,60,60,58,59,60,60,60,57,60,58,59,57,57,55,55,57,59,60,59,59,60,60
58,59,59,60,60,57,61,58,59,58,59,60,60,60,59,60,60,60,61,59,59,60,59,60,60,56,58,58,60,60,58,58,60,60,60,57,60,58,59,57,58,55,55,57,59,60,59,59,59,60
58,59,59,60,60,58,60,58,59,58,59,60,60,60,59,60,60,60,61,59,59,60,59,60,60,57,58,58,59,60,58,58,60,60,60,57,60,58,59,57,58,55,55,57,59,60,60,60,59,60
58,59,59,60,60,58,60,58,59,59,59,60,60,60,59,60,60,60,60,59,59,60,59,60,60,57,58,58,59,60,58,58,60,60,60,58,60,59,58,57,58,55,54,57,59,60,60,60,59,60
58,60,59,60,60,58,60,59,59,59,60,60,60,60,59,60,60,60,61,59,59,60,60,60,60,57,57,58,59,60,59,58,60,60,60,58,60,59,58,58,58,55,54,57,60,60,60,60,59,60
58,60,60,60,60,58,60,59,59,59,60,60,60,60,59,60,60,60,61,59,59,60,60,60,60,58,57,59,59,60,59,58,60,60,60,58,59,59,58,58,58,55,54,57,60,60,60,60,59,60
58,60,60,60,60,59,60,59,59,59,60,60,60,60,59,60,60,60,61,59,59,60,60,60,60,58,57,59,59,60,59,57,60,60,60,58,59,60,58,59,58,55,54,56,60,60,60,60,59,60
58,60,60,60,60,59,60,59,60,59,60,60,60,60,60,60,60,60,61,60,59,60,60,60,60,58,57,58,58,60,60,57,60,60,60,58,59,60,58,59,57,55,54,56,60,60,60,60,59,60
59,60,60,60,60,59,59,59,60,60,59,60,60,60,60,60,60,60,61,60,59,60,60,60,61,59,56,58,58,61,60,57,60,60,60,59,59,60,57,59,57,55,54,56,60,60,60,60,59,60
59,60,60,60,60,59,59,59,60,60,59,60,60,61,60,60,60,60,61,60,60,60,60,61,60,59,56,58,58,61,60,57,60,60,60,59,59,60,57,60,57,55,54,56,60,60,60,60,59,61
59,60,60,60,61,60,59,60,60,60,59,60,60,60,60,60,60,60,61,60,60,60,60,61,61,59,56,58,58,61,60,57,61,61,61,59,58,60,57,60,57,55,54,56,60,60,60,60,59,61
59,60,60,60,61,60,59,60,60,60,59,60,61,60,60,60,60,60,61,60,60,60,60,61,61,60,56,58,58,61,60,57,61,61,61,59,58,60,57,60,57,55,54,56,60,60,61,60,59,61
60,59,60,60,61,60,59,60,60,60,59,60,61,61,60,60,60,60,61,60,60,60,60,61,61,60,56,58,58,61,60,57,61,61,60,59,58,60,57,60,57,55,54,56,60,60,61,60,59,61
60,59,60,61,61,60,59,60,60,60,59,60,61,61,60,60,60,60,61,60,60,60,60,61,61,60,56,58,58,61,60,57,61,61,61,60,58,61,57,60,56,55,54,56,60,60,61,60,59,61
60,59,60,60,61,60,59,60,60,60,59,60,60,60,60,60,60,60,61,60,60,60,60,61,61,60,55,59,58,61,61,57,61,60,61,59,58,60,57,60,57,55,53,56,60,60,61,61,59,61
60,59,60,60,61,60,59,60,60,60,59,60,60,61,60,60,60,61,61,61,60,60,60,61,60,60,55,59,58,61,61,57,61,61,61,60,58,60,58,60,57,56,53,56,60,60,61,61,60,61
60,59,60,60,60,60,59,60,60,60,59,60,60,61,60,61,61,61,61,60,60,60,60,61,60,60,55,59,58,61,60,57,61,61,60,60,58,60,58,60,57,56,53,56,60,60,60,61,60,61
60,60,60,61,61,61,59,60,60,61,60,61,61,61,61,61,61,61,61,61,61,61,60,61,60,60,55,59,59,61,61,58,61,61,61,60,59,61,58,60,57,56,53,56,61,61,60,61,60,61
60,59,60,61,61,60,59,60,60,60,60,61,61,61,61,60,61,61,61,60,60,61,60,61,61,60,55,59,59,61,61,58,61,61,61,60,58,60,58,60,57,56,53,56,60,61,60,61,60,61
60,60,61,61,61,61,59,60,60,60,60,60,61,61,61,60,60,61,61,61,60,61,61,61,61,61,55,59,59,61,61,58,61,61,61,60,58,61,58,61,57,56,53,56,60,61,60,61,60,61
60,60,60,61,61,61,60,60,61,61,60,60,61,61,61,60,61,62,62,61,61,61,61,62,61,61,55,59,59,61,62,57,61,61,61,60,59,61,58,61,57,56,53,56,60,61,61,61,60,61
60,60,60,60,61,61,59,60,61,61,60,61,61,61,61,60,61,61,62,60,61,61,61,61,61,61,55,58,59,61,62,57,61,61,61,60,58,61,58,61,57,56,53,56,60,61,61,61,60,61
60,59,60,60,61,61,59,61,60,61,60,61,61,61,61,60,61,61,61,60,60,61,61,61,61,61,54,58,59,61,61,57,61,61,61,60,58,61,58,61,57,56,53,56,61,61,61,61,60,61
60,59,61,60,61,61,59,61,60,61,59,61,62,61,61,61,61,61,61,61,60,61,61,61,61,61,54,58,59,61,61,57,61,61,61,60,58,61,57,61,57,56,53,55,61,61,61,61,60,61
60,59,61,61,61,61,59,61,60,61,59,61,62,61,61,61,61,61,61,61,60,61,61,61,61,61,54,58,59,61,61,57,61,61,61,60,58,61,57,61,57,56,53,55,61,61,61,61,60,61
60,59,61,61,61,61,59,61,60,61,59,61,62,61,61,61,61,61,61,61,60,60,61,61,61,61,54,58,58,61,61,57,61,61,61,60,58,61,57,61,57,56,53,55,60,61,61,61,60,61
60,59,61,61,61,61,59,61,60,60,59,61,61,61,61,60,61,61,61,61,60,60,62,61,61,61,54,58,58,61,61,57,61,61,61,60,58,60,57,61,57,56,53,55,60,60,61,61,60,61
59,58,60,61,61,62,58,61,59,60,59,60,61,61,61,60,61,61,61,61,60,60,61,60,61,61,54,58,58,61,61,56,61,61,61,60,57,60,57,61,56,55,53,55,60,60,60,60,59,61
59,58,60,60,61,61,58,61,59,59,58,60,61,61,60,59,60,60,60,61,59,59,61,60,60,60,54,57,57,61,61,56,60,60,60,60,57,60,57,61,56,55,53,55,59,59,60,60,59,60
58,57,59,59,60,60,57,60,58,59,57,59,60,60,59,58,60,60,59,60,58,58,60,59,59,59,54,57,56,60,60,55,59,59,60,59,56,59,56,60,55,54,53,54,58,58,59,59,58,59
58,57,59,59,60,60,57,60,58,59,57,59,60,60,59,58,60,60,59,60,58,58,60,59,59,59,54,57,56,60,60,55,59,59,60,59,56,59,56,60,55,54,53,54,58,58,59,59,58,59
58,57,59,59,60,60,57,60,58,59,57,59,60,60,59,58,60,60,59,60,58,58,60,59,59,59,54,57,56,60,60,55,59,59,60,59,56,59,56,60,55,54,53,54,58,58,59,59,58,59
58,57,59,59,60,60,57,60,58,59,57,59,60,60,59,58,60,60,59,60,58,58,60,59,59,59,54,57,56,60,60,55,59,59,60,59,56,59,56,60,55,54,53,54,58,58,59,59,58,59
58,57,59,59,60,60,57,60,58,59,57,59,60,60,59,58,60,60,59,60,58,58,60,59,59,59,54,57,56,60,60,55,59,59,60,59,56,59,56,60,55,54,53,54,58,58,59,59,58,59
58,57,59,59,60,60,57,60,58,59,57,59,60,60,59,58,60,60,59,60,58,58,60,59,59,59,54,57,56,60,60,55,59,59,60,59,56,59,56,60,55,54,53,54,58,58,59,59,58,59
58,57,59,59,60,60,57,60,58,59,57,59,60,60,59,58,60,60,59,60,58,58,60,59,59,59,54,57,56,60,60,55,59,59,60,59,56,59,56,60,55,54,53,54,58,58,59,59,58,59
58,57,59,59,60,60,57,60,58,59,57,59,60,60,59,58,60,60,59,60,58,58,60,59,59,59,54,58,56,60,60,55,59,59,60,59,56,59,56,60,55,54,53,54,58,58,59,59,58,59
58,57,59,59,60,60,57,60,58,59,57,59,60,60,59,58,60,60,59,60,58,58,60,59,59,59,54,58,56,60,60,55,59,59,60,59,56,59,56,60,55,54,53,54,58,58,59,59,58,59
58,57,59,59,60,60,57,60,58,59,57,59,60,60,59,58,60,60,59,60,58,58,60,59,59,59,54,58,56,60,60,55,59,59,60,59,56,59,56,60,55,54,53,55,58,58,59,59,58,59
58,57,59,59,60,60,57,60,58,59,57,59,60,60,59,58,60,60,59,60,58,58,60,59,59,59,54,58,56,60,60,56,59,59,60,59,56,59,56,60,55,54,53,55,58,58,59,59,58,59
58,57,59,59,60,60,57,60,58,59,57,59,60,60,59,58,60,60,59,60,58,58,60,59,59,59,54,58,56,60,60,56,59,59,60,59,56,59,56,60,55,54,53,55,58,58,59,59,58,59
58,57,59,59,60,60,57,60,58,59,57,59,60,60,59,58,60,60,59,60,58,58,60,59,59,59,54,58,56,60,60,56,59,59,60,59,56,59,56,60,55,54,53,55,58,58,59,59,58,59
58,57,59,59,60,60,57,60,58,59,57,59,60,60,59,58,60,60,59,60,58,58,60,59,59,59,54,58,56,60,60,56,59,59,60,59,56,59,56,60,55,54,53,55,58,58,59,59,58,59
58,57,59,59,60,60,57,60,58,59,57,59,60,60,59,58,60,60,59,60,58,58,60,59,59,59,54,58,56,60,60,56,59,59,60,59,56,59,56,60,55,54,54,55,58,58,59,59,58,59
58,57,59,59,60,60,57,60,58,59,57,59,60,60,59,58,60,60,59,60,58,58,60,59,59,59,54,58,56,60,60,56,59,59,60,60,56,59,56,60,55,55,54,55,58,58,59,59,58,59
58,57,59,59,60,60,57,60,58,59,57,59,60,60,59,58,60,60,59,60,58,58,60,59,59,59,54,58,56,60,60,56,59,59,60,60,56,59,56,60,55,55,54,55,58,58,59,59,58,59
58,57,59,59,60,60,57,60,58,59,58,59,60,60,59,58,60,60,59,60,58,58,60,59,59,59,54,58,56,60,60,57,59,59,60,60,56,59,56,60,55,55,54,55,58,58,59,59,58,59
58,57,59,59,60,60,57,60,58,59,58,59,60,60,59,59,60,60,59,61,58,58,60,59,59,59,54,58,56,60,60,57,59,59,60,60,56,59,56,60,55,55,55,55,58,59,59,59,58,59
58,57,59,59,60,60,57,60,58,59,58,59,60,60,59,59,60,60,59,61,58,58,60,59,59,59,55,58,57,60,60,57,59,59,60,60,56,59,57,60,56,56,55,55,58,59,59,59,58,59
58,57,59,59,60,60,57,60,58,59,58,59,60,60,59,59,60,60,60,60,58,58,60,59,59,59,55,58,57,60,60,57,59,59,60,60,56,59,57,59,56,56,55,55,58,59,59,59,59,59
58,57,59,59,60,60,57,60,58,59,58,59,60,60,59,59,60,60,60,60,58,58,60,59,59,59,55,58,57,60,60,57,59,59,60,60,57,60,57,59,56,56,55,55,58,59,59,59,59,59
58,57,59,59,60,60,57,60,58,59,58,59,60,60,59,59,60,60,60,60,58,58,60,59,60,59,55,58,57,60,60,57,58,59,60,60,57,60,57,59,56,57,55,55,57,59,60,59,59,59
58,57,59,59,60,60,57,60,58,59,58,59,60,60,60,59,60,60,60,60,59,58,60,59,60,60,56,58,57,59,60,58,58,60,60,60,57,60,58,58,57,57,55,55,57,59,60,59,59,59
58,58,59,59,60,60,57,60,58,59,58,59,60,60,60,59,60,60,60,60,59,59,60,59,60,60,56,58,58,59,60,58,58,60,60,60,57,59,58,58,57,58,55,55,57,59,60,59,59,59
59,58,59,59,60,60,58,60,58,59,58,59,60,60,60,59,60,60,60,60,59,59,60,59,60,60,57,57,58,59,60,58,58,60,60,60,57,59,58,58,57,58,55,55,57,59,60,60,60,59
59,58,60,59,60,60,58,60,59,59,59,59,60,60,60,59,60,60,60,60,59,59,60,60,60,60,57,57,58,59,60,59,57,60,60,60,58,59,59,58,57,58,55,55,56,59,60,60,60,58
59,58,60,59,60,60,58,60,59,59,59,59,60,60,60,59,60,60,60,60,59,59,60,60,60,60,57,57,58,58,60,59,57,60,60,60,58,59,59,57,58,57,55,54,56,60,59,60,60,58
59,58,60,60,60,60,58,59,59,59,59,59,60,60,60,59,60,60,60,60,59,59,60,60,60,60,58,56,58,58,60,59,57,60,60,60,58,59,59,57,58,57,55,54,56,59,59,60,60,58
59,58,60,60,60,60,59,59,59,59,59,59,60,60,60,59,60,60,60,60,59,59,60,60,60,60,58,56,58,58,60,59,57,60,60,60,58,58,60,57,59,57,55,54,55,59,59,60,59,58
59,58,60,60,60,60,59,59,59,60,59,59,60,60,60,59,60,60,60,60,60,59,60,60,60,60,58,56,58,58,60,60,56,60,60,60,58,58,60,57,59,57,54,54,55,59,59,60,59,58
59,59,59,60,60,60,59,59,59,60,60,59,60,60,60,60,60,60,60,60,60,59,60,60,60,60,59,56,58,58,60,60,56,60,60,60,59,58,60,57,59,56,54,54,55,59,59,60,59,58
59,59,59,60,60,60,59,59,59,60,60,59,60,60,60,60,60,60,60,60,60,59,60,60,60,60,59,56,58,58,61,60,56,60,60,60,59,58,60,57,60,56,54,54,55,59,59,60,60,58
59,59,59,60,60,61,60,59,60,60,60,59,60,60,60,60,60,60,60,60,60,59,60,60,60,60,59,55,58,58,61,60,57,60,60,60,59,58,60,57,60,56,55,54,55,59,59,60,60,59
59,59,59,60,60,61,60,59,60,59,60,59,60,61,60,60,60,60,60,60,60,59,60,60,60,60,60,55,58,58,61,60,57,61,60,60,59,58,60,57,60,56,55,54,55,60,59,60,60,59
59,60,59,60,60,61,60,59,60,59,60,59,60,61,61,60,60,60,60,60,60,59,60,60,60,60,60,55,58,58,61,60,57,61,60,60,59,58,60,57,60,56,55,54,55,60,59,60,60,59
60,60,59,60,60,61,60,58,60,59,60,59,60,61,61,60,60,60,60,60,60,59,59,60,60,60,60,55,58,57,61,60,56,60,60,60,60,57,60,57,60,56,55,54,55,59,59,60,60,59
60,60,58,60,60,61,60,58,60,59,60,59,60,60,61,60,60,60,60,60,61,59,59,61,60,60,60,55,58,57,61,61,56,60,60,60,59,57,60,57,60,56,55,54,55,59,59,60,60,59
60,59,58,60,60,61,60,58,60,59,60,58,60,60,60,60,59,60,60,60,61,59,59,60,60,60,60,55,58,57,61,61,56,60,60,60,60,57,60,57,60,56,55,53,55,59,59,60,60,59
60,59,58,60,60,61,60,58,60,59,59,58,60,60,60,60,59,60,60,60,61,59,59,60,60,60,60,54,58,57,61,61,56,60,60,60,60,57,60,56,60,56,54,53,55,59,59,60,59,58
60,59,58,60,60,61,61,58,60,59,59,58,59,60,60,60,59,60,60,60,61,59,59,60,60,60,60,54,57,57,61,61,56,60,60,60,60,57,60,56,60,55,54,53,55,59,59,60,59,58
60,58,57,60,60,61,61,57,60,59,59,58,59,60,60,60,59,60,60,60,61,59,59,60,59,60,60,54,57,57,60,60,56,60,60,60,59,56,59,56,60,55,54,53,54,59,59,60,59,58
60,58,57,59,60,61,61,57,60,58,59,58,59,60,60,60,59,60,60,60,61,58,58,60,59,60,60,54,57,56,60,60,56,60,59,60,59,56,59,56,60,55,54,53,54,59,59,59,59,58
60,58,57,59,59,60,60,57,60,58,59,58,59,60,60,60,59,60,60,60,61,58,58,60,59,60,59,54,57,56,60,60,55,60,59,60,59,56,59,56,60,55,54,53,54,58,59,59,59,58
60,58,57,59,59,60,60,57,60,58,59,57,59,60,60,59,58,60,60,59,60,58,58,60,59,59,59,54,57,56,60,60,55,59,59,60,59,56,59,56,60,55,54,53,54,58,58,59,59,58
60,58,57,59,59,60,60,57,60,58,59,57,59,60,60,59,58,60,60,59,60,58,58,60,59,59,59,54,57,56,60,60,55,59,59,60,59,56,59,56,60,55,54,53,54,58,58,59,59,58
60,58,57,59,59,60,60,57,60,58,59,57,59,60,60,59,58,60,60,59,60,58,58,60,59,59,59,54,57,56,60,60,55,59,59,60,59,56,59,56,60,55,54,53,54,58,58,59,59,58
60,58,57,59,59,60,60,57,60,58,59,57,59,60,60,59,58,60,60,59,60,58,58,60,59,59,59,54,57,56,60,60,55,59,59,60,59,56,59,56,60,55,54,53,54,58,58,59,59,58