61,57,57,52,54,56,57,60,58,58,57,63,59,57,62,59,60,57,57,59,58,56,55,60,56,62,64,64,66,61,63,60,62,58,58,61,61,65,66,62,64,64,62,60,59,60,61,62,59,58
61,57,57,52,54,56,57,60,58,58,57,63,59,57,62,59,60,57,57,59,58,56,55,60,56,62,64,64,66,61,63,60,62,58,58,61,61,65,66,62,64,64,62,60,59,60,61,62,59,58
61,57,57,52,54,56,57,60,58,58,57,63,59,57,62,59,60,57,57,59,58,56,55,60,56,62,64,64,66,61,63,60,62,58,58,61,61,65,66,62,64,64,62,60,59,60,61,62,59,58
61,57,57,52,54,56,57,60,58,58,57,63,59,57,62,59,60,57,57,59,58,56,55,60,56,62,64,64,66,61,63,60,62,58,58,61,61,65,66,62,64,64,62,60,59,60,61,62,59,58
61,57,57,52,54,56,57,60,58,58,57,63,59,57,62,59,60,57,57,59,58,56,55,60,56,62,64,64,66,61,63,60,62,58,58,61,61,65,66,62,64,64,62,60,59,60,61,62,59,58
61,57,57,52,54,56,57,60,58,58,57,63,59,57,62,59,60,57,57,59,58,56,55,60,56,62,64,64,66,61,63,60,62,58,58,61,61,65,66,62,64,64,62,60,59,60,61,62,59,58
61,57,57,52,54,56,57,60,58,58,57,63,59,57,62,59,60,57,57,59,58,56,55,60,56,62,64,64,66,61,63,60,62,58,58,61,61,65,66,62,64,64,62,60,59,60,61,62,59,58
61,57,57,52,54,56,57,60,58,58,57,63,59,57,62,59,60,57,57,59,58,56,55,60,56,62,64,64,66,61,63,60,62,58,58,61,61,65,66,62,64,64,62,60,59,60,61,62,59,58
61,57,57,52,54,56,57,60,58,58,57,63,59,57,62,59,60,57,57,59,58,56,55,60,56,62,64,64,66,61,63,60,62,58,58,61,61,65,66,62,64,64,62,60,59,60,61,62,59,58
61,57,57,52,54,56,57,60,58,58,57,63,59,57,62,59,60,57,57,59,58,56,55,60,56,62,64,64,66,61,63,60,62,58,58,61,61,65,66,62,64,64,62,60,59,60,61,62,59,58
61,57,57,52,54,56,57,60,58,58,57,63,59,57,62,59,60,57,57,59,58,56,55,60,56,62,64,64,66,61,63,60,62,58,58,61,61,65,66,62,64,64,62,60,59,60,61,62,59,58
61,57,57,52,54,56,57,60,58,58,57,63,59,57,62,59,60,57,57,59,58,56,55,60,56,62,64,64,66,61,63,60,62,58,58,61,61,65,66,62,64,64,62,60,59,60,61,62,59,58
61,57,57,52,54,56,57,60,58,58,57,63,59,57,62,59,60,57,57,59,58,56,55,60,56,62,64,64,66,61,63,60,62,58,58,61,61,65,66,62,64,64,62,60,59,60,61,62,59,58
61,57,57,52,54,56,57,60,58,58,57,63,59,57,62,59,60,57,57,59,58,56,55,60,56,62,64,64,66,61,63,60,62,58,58,61,61,65,66,62,64,64,62,60,59,60,61,62,59,58
61,57,57,52,54,56,57,60,58,58,57,63,59,57,62,59,60,57,57,59,58,56,55,60,56,62,64,64,66,61,63,60,62,58,58,61,61,65,66,62,64,64,62,60,59,60,61,62,59,58
61,57,57,52,54,56,57,60,58,58,57,63,59,57,62,59,60,57,57,59,58,56,55,60,56,62,64,64,66,61,63,60,62,58,58,61,61,65,66,62,64,64,62,60,59,60,61,62,59,58
61,57,57,52,55,56,57,60,58,58,57,63,59,57,62,59,60,57,57,59,58,56,55,60,56,62,64,64,66,61,63,60,62,58,58,61,61,65,66,62,64,64,62,60,59,60,61,62,59,58
61,57,57,52,55,56,57,60,58,58,57,63,59,57,62,59,60,57,57,59,58,56,55,60,56,62,64,64,66,61,63,60,62,58,58,61,61,65,66,62,64,64,62,60,59,60,61,62,59,58
61,57,57,52,55,56,57,60,58,58,57,63,59,57,62,59,60,57,57,59,58,56,55,60,56,62,64,64,66,61,63,60,62,58,58,61,61,65,66,62,64,64,62,60,59,60,61,62,59,58
61,57,57,53,55,56,57,60,58,58,57,63,59,57,62,59,60,57,57,59,58,56,55,60,56,62,64,64,66,61,63,60,62,58,58,61,61,65,66,62,64,64,62,60,59,60,61,62,59,58
61,57,57,53,55,56,57,60,58,58,57,63,59,57,62,59,60,57,57,59,58,56,55,60,57,62,64,64,66,61,63,60,62,58,58,61,61,65,66,62,64,64,62,60,59,60,61,62,59,58
61,57,57,53,55,56,57,60,58,58,57,63,59,57,62,59,60,57,57,59,58,56,56,60,57,62,64,64,66,61,63,60,62,58,58,61,61,65,66,62,64,64,62,60,59,60,61,62,59,59
61,57,57,53,55,56,57,60,58,58,57,63,59,57,62,59,60,57,57,59,58,56,56,60,57,62,64,64,66,61,63,60,62,58,58,61,61,65,66,62,64,64,62,60,59,60,61,62,59,59
61,57,57,53,56,56,57,60,58,58,57,63,59,57,62,59,60,57,57,59,58,56,56,60,57,62,64,64,66,61,63,60,62,58,59,61,61,65,66,62,64,64,62,60,59,60,61,62,59,59
61,57,57,53,56,56,57,60,58,58,57,63,59,57,62,59,60,57,57,59,59,57,56,60,57,62,64,64,66,61,63,61,62,59,59,61,61,65,66,62,64,64,62,60,60,60,61,62,59,59
61,57,57,54,56,56,57,60,58,58,58,63,59,58,62,59,60,57,58,59,59,57,56,60,57,62,64,64,66,61,63,61,62,59,59,61,61,65,66,62,64,64,62,60,60,60,61,62,59,59
61,57,57,54,56,56,57,60,58,58,58,63,59,58,62,59,60,58,58,59,59,57,57,60,58,62,64,64,66,61,63,61,62,59,59,61,61,65,66,62,64,64,62,60,60,59,61,62,59,59
61,57,58,54,55,57,57,60,59,59,58,63,59,58,62,59,60,58,58,60,59,57,57,60,58,62,64,64,66,61,63,61,62,59,59,61,61,65,66,62,64,64,62,60,60,59,61,62,60,59
61,57,58,55,55,57,57,60,59,59,58,63,59,58,62,59,60,58,58,60,59,57,57,60,58,61,64,64,66,61,63,61,62,59,59,61,62,65,66,62,64,64,62,60,60,59,61,62,60,60
61,57,58,55,55,57,57,60,59,59,58,62,59,58,62,59,61,58,58,60,59,58,57,60,58,61,64,64,66,62,63,61,62,59,59,62,62,65,66,62,64,65,62,60,61,58,62,62,60,60
61,57,58,55,55,57,58,60,59,59,59,61,59,58,62,59,61,58,58,60,60,58,58,60,59,60,64,64,66,62,63,61,62,60,60,62,62,65,66,62,64,64,62,60,61,58,62,62,60,60
61,58,59,56,54,57,58,61,59,59,59,61,60,59,62,59,61,59,58,60,60,58,58,60,59,60,64,64,66,62,63,61,62,60,60,62,62,65,66,62,64,64,62,61,61,58,61,62,60,60
61,58,59,56,54,58,58,61,59,60,59,61,60,59,62,60,61,59,59,61,60,58,58,59,59,60,64,64,66,62,63,61,62,60,60,62,62,64,66,62,64,64,62,61,61,57,61,62,60,61
61,58,59,56,54,58,58,61,60,60,60,60,60,59,62,60,61,59,59,61,60,59,59,59,59,60,64,64,66,62,63,61,62,60,60,62,62,64,66,62,64,64,62,61,61,57,61,62,61,61
62,58,60,57,54,58,58,61,60,60,60,60,60,59,62,60,61,60,59,61,61,59,59,59,60,60,64,64,66,62,63,62,62,60,60,62,62,64,66,62,64,64,62,61,62,57,60,63,61,61
62,59,60,57,54,58,59,62,60,61,60,60,60,60,62,60,62,60,59,61,61,60,59,58,60,59,64,64,66,62,64,62,62,61,60,62,62,64,66,62,64,64,63,61,62,57,60,63,61,61
62,59,60,57,54,58,59,62,61,61,60,59,61,60,61,61,62,60,60,62,61,60,58,58,60,59,64,64,66,62,64,62,63,61,61,62,62,65,67,62,64,64,63,62,62,58,60,63,62,62
62,59,60,58,53,57,59,62,61,61,60,59,61,60,61,61,62,60,60,62,61,60,58,58,61,59,64,64,66,62,63,62,63,61,61,62,62,65,67,63,64,65,63,62,62,58,59,63,62,62
63,60,60,58,53,57,60,62,61,61,60,59,61,61,61,61,62,61,60,62,61,61,59,57,61,59,64,65,66,62,64,62,63,61,61,61,63,65,69,63,64,65,63,62,63,58,59,64,62,61
63,60,60,59,53,57,60,61,61,61,60,59,61,61,61,61,63,61,60,62,61,61,59,57,61,59,64,65,66,63,64,62,63,62,61,61,63,65,68,65,64,65,63,62,63,57,60,64,64,61
63,61,60,59,53,57,59,60,62,60,60,59,61,61,61,62,63,62,59,62,61,61,59,57,62,59,64,65,66,63,64,63,63,62,61,61,63,65,68,68,64,65,64,62,63,58,60,64,64,61
63,61,60,59,53,57,59,60,62,61,60,59,62,62,60,62,63,62,60,61,61,61,59,57,62,59,64,65,67,63,65,64,63,62,62,61,64,64,68,69,64,65,65,63,63,58,60,64,64,61
63,63,59,59,53,57,59,59,62,61,60,59,62,62,60,62,63,63,59,60,62,61,58,57,62,59,64,65,67,63,65,64,63,63,61,61,64,64,68,69,65,65,65,63,63,58,60,65,64,62
63,63,59,59,52,57,59,60,63,61,61,59,62,62,60,63,63,63,60,60,62,61,58,57,62,59,64,65,67,67,64,64,63,63,61,61,63,64,68,69,65,65,65,65,63,58,60,65,65,62
63,64,60,59,53,57,59,60,63,61,61,60,63,62,60,63,63,63,60,60,62,61,59,58,63,60,64,65,67,67,64,66,63,65,61,62,64,64,68,69,65,67,65,65,63,58,61,65,65,62
63,64,60,60,53,58,59,60,63,61,61,60,65,62,60,63,63,63,60,60,62,61,59,58,63,60,65,65,67,67,65,66,63,65,61,62,64,65,68,69,65,67,65,65,63,58,61,65,65,62
64,64,60,60,53,58,59,60,63,62,61,60,66,62,60,63,63,64,60,61,62,61,59,58,63,59,65,67,67,69,65,66,64,65,62,62,64,65,69,69,65,67,65,65,63,59,61,65,65,62
64,64,60,60,53,58,60,60,63,62,61,60,66,62,61,64,62,64,60,61,62,62,59,58,63,59,65,67,67,70,65,67,64,65,62,62,65,65,69,70,66,68,68,65,63,59,61,65,65,62
64,64,60,60,53,58,59,60,63,61,61,60,66,62,60,65,62,64,60,60,62,61,59,58,63,59,65,67,67,69,65,66,64,65,62,61,64,65,69,69,65,67,68,65,63,59,61,65,65,62
64,64,60,60,53,58,59,60,63,61,61,60,66,62,60,65,62,64,60,60,62,61,59,58,63,59,65,67,67,69,65,66,64,65,62,62,64,65,69,69,65,67,68,65,63,59,61,65,65,62
63,64,59,59,53,57,59,60,63,61,61,60,66,62,60,65,62,63,60,60,62,61,59,58,63,58,65,67,67,69,64,66,63,65,61,61,64,64,68,69,65,67,67,65,63,59,61,64,65,62
63,64,59,59,53,57,59,59,62,61,60,59,65,61,60,64,61,63,59,60,61,61,58,57,62,58,64,66,66,69,64,66,63,64,61,61,64,64,68,69,65,67,67,64,62,59,61,64,64,61
62,63,59,59,53,57,58,59,62,60,60,59,65,61,59,64,61,62,59,59,61,60,58,57,62,57,64,66,66,68,64,65,62,64,60,60,63,64,67,68,64,66,66,64,62,60,61,64,64,61
62,63,58,58,54,56,58,59,62,60,60,59,65,61,59,64,61,62,59,59,61,60,58,57,62,57,64,66,66,68,63,65,62,64,60,60,63,63,67,68,64,66,66,64,62,60,61,63,64,61
62,62,58,58,54,56,58,58,61,60,59,58,64,60,59,63,60,62,58,59,60,60,57,56,61,57,63,65,65,68,63,65,62,63,60,60,63,63,67,68,64,66,66,63,61,60,61,63,63,60
62,62,58,58,53,56,57,58,61,60,59,58,64,60,59,63,60,62,58,59,60,60,57,56,61,57,63,65,65,68,63,65,62,63,60,60,63,63,67,68,63,66,66,63,61,60,61,63,63,60
62,62,58,58,53,56,57,58,61,59,59,58,64,60,58,63,60,62,58,58,60,59,57,56,61,57,63,65,65,67,63,64,62,63,60,60,62,63,67,67,63,65,66,63,61,60,61,63,63,60
62,62,58,58,53,56,57,58,61,59,59,58,64,60,58,63,60,62,58,58,60,59,57,56,61,57,63,65,65,67,63,64,62,63,60,59,62,63,67,67,63,65,66,63,61,60,61,63,63,60
61,62,57,57,53,55,57,58,61,59,59,58,64,60,58,63,60,61,58,58,60,59,57,56,61,57,63,65,65,67,62,64,61,63,59,59,62,62,66,67,63,65,65,63,61,60,60,62,63,60
61,62,57,57,53,55,57,57,60,59,58,57,63,59,58,62,59,61,57,58,59,59,56,56,60,57,62,64,64,67,62,64,61,62,59,59,62,62,66,67,63,65,65,62,60,59,60,62,62,59
61,61,57,57,52,55,56,57,60,58,58,57,63,59,57,62,59,60,57,57,59,58,56,55,60,56,62,64,64,66,62,63,61,62,59,58,61,62,66,66,62,64,65,62,60,59,60,62,62,59
60,61,57,57,52,54,56,57,60,58,58,57,63,59,57,62,59,60,57,57,59,58,56,55,60,56,62,64,64,66,61,63,60,62,58,58,61,61,65,66,62,64,64,62,60,59,60,61,62,59
60,61,57,57,52,54,56,57,60,58,58,57,63,59,57,62,59,60,57,57,59,58,56,55,60,56,62,64,64,66,61,63,60,62,58,58,61,61,65,66,62,64,64,62,60,59,60,61,62,59
60,61,57,57,52,54,56,57,60,58,58,57,63,59,57,62,59,60,57,57,59,58,56,55,60,56,62,64,64,66,61,63,60,62,58,58,61,61,65,66,62,64,64,62,60,59,60,61,62,59
60,61,57,57,52,54,56,57,60,58,58,57,63,59,57,62,59,60,57,57,59,58,56,55,60,56,62,64,64,66,61,63,60,62,58,58,61,61,65,66,62,64,64,62,60,59,60,61,62,59
60,61,57,57,52,54,56,57,60,58,58,57,63,59,57,62,59,60,57,57,59,58,56,55,60,56,62,64,64,66,61,63,60,62,58,58,61,61,65,66,62,64,64,62,60,59,60,61,62,59
60,61,57,57,52,54,56,57,60,58,58,57,63,59,57,62,59,60,57,57,59,58,56,55,60,56,62,64,64,66,61,63,60,62,58,58,61,61,65,66,62,64,64,62,60,59,60,61,62,59
60,61,57,57,52,54,56,57,60,58,58,57,63,59,57,62,59,60,57,57,59,58,56,55,60,56,62,64,64,66,61,63,60,62,58,58,61,61,65,66,62,64,64,62,60,59,60,61,62,59
60,61,57,57,52,55,56,57,60,58,58,57,63,59,57,62,59,60,57,57,59,58,56,55,60,56,62,64,64,66,61,63,60,62,58,58,61,61,65,66,62,64,64,62,60,59,60,61,62,59
60,61,57,57,52,55,56,57,60,58,58,57,63,59,57,62,59,60,57,57,59,58,56,55,60,56,62,64,64,66,61,63,60,62,58,58,61,61,65,66,62,64,64,62,60,59,60,61,62,59
60,61,57,57,52,55,56,57,60,58,58,57,63,59,57,62,59,60,57,57,59,58,56,55,60,56,62,64,64,66,61,63,60,62,58,58,61,61,65,66,62,64,64,62,60,59,60,61,62,59
60,61,57,57,53,55,56,57,60,58,58,57,63,59,57,62,59,60,57,57,59,58,56,55,60,56,62,64,64,66,61,63,60,62,58,58,61,61,65,66,62,64,64,62,60,59,60,61,62,59
60,61,57,57,53,55,56,57,60,58,58,57,63,59,57,62,59,60,57,57,59,58,56,55,60,57,62,64,64,66,61,63,60,62,58,58,61,61,65,66,62,64,64,62,60,59,60,61,62,59
60,61,57,57,53,55,56,57,60,58,58,57,63,59,57,62,59,60,57,57,59,58,56,56,60,57,62,64,64,66,61,63,60,62,58,58,61,61,65,66,62,64,64,62,60,59,60,61,62,59
60,61,57,57,53,55,56,57,60,58,58,57,63,59,57,62,59,60,57,57,59,58,56,56,60,57,62,64,64,66,61,63,60,62,58,58,61,61,65,66,62,64,64,62,60,59,60,61,62,59
60,61,57,57,53,56,56,57,60,58,58,57,63,59,57,62,59,60,57,57,59,58,56,56,60,57,62,64,64,66,61,63,60,62,58,59,61,61,65,66,62,64,64,62,60,59,60,61,62,59
60,61,57,57,53,56,56,57,60,58,58,57,63,59,57,62,59,60,57,57,59,59,57,56,60,57,62,64,64,66,61,63,61,62,59,59,61,61,65,66,62,64,64,62,60,60,60,61,62,59
60,61,57,57,54,56,56,57,60,58,58,58,63,59,58,62,59,60,57,58,59,59,57,56,60,57,62,64,64,66,61,63,61,62,59,59,61,61,65,66,62,64,64,62,60,60,59,61,62,59
60,61,57,57,54,56,56,57,60,58,58,58,63,59,58,62,59,60,58,58,59,59,57,57,60,58,62,64,64,66,61,63,61,62,59,59,61,61,65,66,62,64,64,62,60,60,59,61,62,59
60,61,57,58,54,55,57,57,60,59,59,58,63,59,58,62,59,60,58,58,60,59,57,57,60,58,62,64,64,66,61,63,61,62,59,59,61,61,65,66,62,64,64,62,60,60,59,61,62,60
60,61,57,58,55,55,57,57,60,59,59,58,62,59,58,62,59,60,58,58,60,59,57,57,60,58,61,64,64,66,61,63,61,62,59,59,61,62,65,66,62,64,64,62,60,60,58,61,62,60
61,61,57,58,55,55,57,57,60,59,59,58,61,59,58,62,59,61,58,58,60,59,58,57,60,58,61,64,64,66,62,63,61,62,59,59,62,62,65,66,62,64,64,62,60,60,58,61,62,60
61,61,57,58,55,55,57,58,60,59,59,59,61,59,58,62,59,61,58,58,60,60,58,58,60,59,60,64,64,66,62,63,61,62,60,60,62,62,65,66,62,64,64,62,60,61,58,61,62,60
61,61,58,59,56,54,57,58,61,59,59,59,61,60,59,62,59,61,59,58,60,60,58,58,60,59,60,64,64,66,62,63,61,62,60,60,62,62,64,66,62,64,64,62,61,61,57,61,62,60
61,61,58,59,56,54,58,58,61,59,60,59,61,60,59,62,60,61,59,59,61,60,58,58,59,59,60,64,64,66,62,63,61,62,60,60,62,62,64,66,62,64,64,62,61,61,57,61,62,60
61,61,58,59,56,54,58,58,61,60,60,60,60,60,59,62,60,61,59,59,61,60,59,59,59,59,59,64,64,66,62,63,61,62,60,60,62,62,64,66,62,64,64,62,61,61,57,60,62,61
61,62,58,60,57,54,58,58,61,60,60,60,60,60,59,62,60,61,60,59,61,61,59,59,58,60,60,64,64,66,62,63,62,62,60,60,62,62,64,66,62,64,64,62,61,62,57,60,63,61
62,62,59,60,57,54,58,59,62,60,61,60,60,60,60,61,60,62,60,59,61,61,60,58,58,60,59,64,64,66,62,64,62,62,61,60,62,62,64,66,62,64,64,63,61,62,57,60,63,61
62,62,59,60,57,54,58,59,62,61,61,60,59,61,60,61,61,62,60,60,62,61,60,58,58,60,59,64,64,66,62,64,62,63,61,61,62,62,64,67,62,64,64,63,62,62,57,59,63,62
62,62,59,60,58,53,57,59,62,61,61,60,59,61,60,61,61,62,60,60,62,61,60,58,58,61,59,64,64,66,62,63,62,63,61,61,62,62,65,67,63,64,65,63,62,62,57,59,63,62
62,63,60,60,58,53,57,60,62,61,61,60,59,61,61,61,61,62,61,60,62,61,61,58,57,61,59,64,65,66,62,64,62,63,61,61,61,63,65,69,63,64,65,63,62,63,57,59,64,62
62,63,60,60,59,53,57,60,61,61,61,60,59,61,61,61,61,63,61,60,62,61,61,59,57,61,59,64,65,66,63,64,62,63,62,61,61,63,65,69,65,64,65,63,62,63,57,59,65,64
63,63,61,60,59,53,57,59,60,62,61,60,60,61,61,61,62,63,62,59,62,61,61,59,57,62,59,64,65,67,63,64,63,63,62,62,61,63,65,68,69,64,65,64,62,63,57,60,64,64
63,63,61,60,59,53,58,59,60,62,61,61,59,62,62,60,62,63,62,60,62,62,61,59,57,62,59,64,65,67,63,65,64,63,62,62,61,64,64,68,69,65,65,65,63,63,58,60,65,64
63,63,63,59,59,52,57,59,60,62,61,61,60,62,62,60,62,63,63,60,60,62,62,59,57,62,59,64,65,67,63,65,64,63,63,61,62,64,64,68,69,65,65,65,63,63,58,60,65,64
64,63,63,60,60,52,57,59,60,63,61,61,60,62,62,60,63,63,63,60,60,62,61,59,57,62,59,64,65,67,67,65,64,63,63,61,62,63,65,69,69,65,65,65,65,63,58,60,65,65
64,64,64,60,60,52,58,59,60,63,61,61,60,63,62,60,63,63,64,60,60,62,61,59,57,63,60,64,65,67,67,65,66,64,65,62,62,64,65,69,69,65,67,65,65,63,58,60,65,65
64,64,64,60,60,53,58,59,60,63,62,61,60,65,62,60,63,63,64,60,60,62,61,59,58,63,60,65,65,67,67,65,67,64,65,62,62,65,65,69,70,65,68,65,65,63,58,61,65,65
64,64,64,60,60,53,58,60,60,63,62,61,60,66,62,61,63,63,64,60,61,62,62,59,58,63,59,65,67,67,69,65,67,64,65,62,62,65,65,69,70,66,68,65,65,63,58,61,65,65
64,64,65,60,60,53,58,60,60,63,62,61,60,66,62,61,64,62,64,60,61,62,62,59,58,63,59,65,67,67,70,65,67,64,65,62,62,65,65,69,70,66,68,68,65,63,59,61,65,65
64,64,65,60,60,53,58,60,60,63,62,61,60,67,62,61,65,62,64,60,61,62,62,59,58,64,59,66,67,68,70,65,67,64,65,62,62,65,65,69,70,66,68,68,65,63,59,61,65,65
64,64,65,60,60,53,58,60,61,64,62,62,60,67,63,61,66,63,64,61,61,63,62,59,58,64,59,66,67,68,70,65,67,64,65,62,62,65,65,69,70,66,68,68,66,64,59,61,65,66
64,64,65,60,60,53,58,60,61,64,62,62,61,67,63,61,66,63,64,61,61,63,62,59,58,64,58,66,68,68,70,65,67,64,66,62,62,65,65,69,70,66,68,68,66,64,59,61,65,66
64,64,65,60,60,53,58,60,61,64,62,62,60,67,63,61,66,63,64,61,61,63,62,59,58,64,58,66,68,68,70,65,67,64,65,62,62,65,65,69,70,66,68,68,66,64,59,61,65,66
64,64,64,60,60,53,58,59,60,63,61,61,60,66,62,60,65,62,64,60,60,62,61,59,58,63,57,65,67,67,69,65,66,64,65,61,61,64,65,69,69,65,67,68,65,63,59,61,65,65
64,63,64,60,60,54,58,59,60,63,61,61,60,66,62,60,65,62,63,60,60,62,61,59,58,63,57,65,67,67,69,65,66,64,65,61,61,64,65,69,69,65,67,68,65,63,59,61,65,65
63,63,64,59,59,54,57,59,60,63,61,61,60,66,62,60,65,62,63,60,60,62,61,58,58,63,57,65,67,67,69,64,66,63,65,61,61,64,64,68,69,65,67,67,65,63,59,61,64,65
62,62,63,58,58,54,56,58,58,61,60,59,58,64,60,59,63,60,62,58,59,60,60,57,56,62,57,64,65,65,68,63,65,62,63,60,60,63,63,67,68,64,66,66,63,61,59,61,63,63
61,61,61,57,57,52,55,56,57,60,59,58,57,63,59,57,62,59,61,57,57,59,58,56,55,60,56,62,64,64,67,62,64,61,62,59,59,62,62,66,67,62,65,65,62,60,59,60,62,62
61,60,61,57,56,52,54,56,57,60,58,58,57,63,59,57,62,59,60,57,57,59,58,56,55,60,56,62,64,64,66,61,63,60,62,58,58,61,61,65,66,62,64,64,62,60,59,59,61,62
60,60,61,56,56,52,54,56,57,60,58,58,57,63,59,57,62,59,60,57,57,59,58,56,55,60,56,62,64,64,66,61,63,60,62,58,58,61,61,65,66,62,64,64,62,60,59,59,61,62
60,60,61,56,56,52,54,56,57,60,58,58,57,63,59,57,62,59,60,57,57,59,58,56,55,60,56,62,64,64,66,61,63,60,62,58,58,61,61,65,66,62,64,64,62,60,59,59,61,62
60,60,61,56,56,52,54,56,57,60,58,58,57,63,59,57,62,59,60,57,57,59,58,56,55,60,56,62,64,64,66,61,63,60,62,58,58,61,61,65,66,62,64,64,62,60,59,59,61,62
60,60,61,56,56,52,54,56,57,60,58,58,57,63,59,57,62,59,60,57,57,59,58,56,55,60,56,62,64,64,66,61,63,60,62,58,58,61,61,65,66,62,64,64,62,60,59,59,61,62
60,60,61,56,56,52,54,56,57,60,58,58,57,63,59,57,62,59,60,57,57,59,58,56,55,60,56,62,64,64,66,61,63,60,62,58,58,61,61,65,66,62,64,64,62,60,59,59,61,62
60,60,61,56,56,52,54,56,57,60,58,58,57,63,59,57,62,59,60,57,57,59,58,56,55,60,56,62,64,64,66,61,63,60,62,58,58,61,61,65,66,62,64,64,62,60,59,59,61,62
60,60,61,56,56,52,54,56,57,60,58,58,57,63,59,57,62,59,60,57,57,59,58,56,55,60,56,62,64,64,66,61,63,60,62,58,58,61,61,65,66,62,64,64,62,60,59,59,61,62
60,60,61,56,56,52,54,56,57,60,58,58,57,63,59,57,62,59,60,57,57,59,58,56,55,60,56,62,64,64,66,61,63,60,62,58,58,61,61,65,66,62,64,64,62,60,59,59,61,62
60,60,61,56,56,52,54,56,57,60,58,58,57,63,59,57,62,59,60,57,57,59,58,56,55,60,56,62,64,64,66,61,63,60,62,58,58,61,61,65,66,62,64,64,62,60,59,59,61,62
60,60,61,56,56,52,54,56,57,60,58,58,57,63,59,57,62,59,60,57,57,59,58,56,55,60,56,62,64,64,66,61,63,60,62,58,58,61,61,65,66,62,64,64,62,60,59,59,61,62
60,60,61,56,56,52,54,56,57,60,58,58,57,63,59,57,62,59,60,57,57,59,58,56,55,60,56,62,64,64,66,61,63,60,62,58,58,61,61,65,66,62,64,64,62,60,59,59,61,62
60,60,61,56,56,52,55,56,57,60,58,58,57,63,59,57,62,59,60,57,57,59,58,56,55,60,56,62,64,64,66,61,63,60,62,58,58,61,61,65,66,62,64,64,62,60,59,59,61,62
60,60,61,56,56,52,55,56,57,60,58,58,57,63,59,57,62,59,60,57,57,59,58,56,55,60,56,62,64,64,66,61,63,60,62,58,58,61,61,65,66,62,64,64,62,60,59,59,61,62
60,60,61,56,56,52,55,56,57,60,58,58,57,63,59,57,62,59,60,57,57,59,58,56,55,60,56,62,64,64,66,61,63,60,62,58,58,61,61,65,66,62,64,64,62,60,59,59,61,62
60,60,61,56,56,52,55,56,57,60,58,58,57,63,59,57,62,59,60,57,57,59,58,56,55,60,56,62,64,64,66,61,63,60,62,58,58,61,61,65,66,62,64,64,62,60,59,59,61,62
60,60,61,56,57,53,55,56,57,60,58,58,57,63,59,57,62,59,60,57,57,59,58,56,55,60,57,62,64,64,66,61,63,60,62,58,58,61,61,65,66,62,64,64,62,60,59,59,61,62
60,60,61,56,57,53,55,56,57,60,58,58,57,63,59,57,62,59,60,57,57,59,58,56,56,60,57,62,64,64,66,61,63,60,62,58,58,61,61,65,66,62,64,64,62,60,59,60,61,62
60,60,61,56,57,53,56,56,57,60,58,58,57,63,59,57,62,59,60,57,57,59,58,56,56,60,57,62,64,64,66,61,63,60,62,58,58,61,61,65,66,62,64,64,62,60,59,60,61,62
60,60,61,56,57,53,56,56,57,60,58,58,57,63,59,57,62,59,60,57,57,59,58,56,56,60,57,62,64,64,66,61,63,60,62,59,59,61,61,65,66,62,64,64,62,60,59,60,61,62
60,60,61,57,57,54,55,56,57,60,58,58,57,63,59,57,62,59,60,57,57,59,59,57,56,60,57,62,64,64,66,61,63,60,62,59,59,61,61,65,66,62,64,64,62,60,60,59,61,62
60,60,61,57,57,54,55,56,57,60,58,58,58,63,59,58,62,59,60,57,58,59,59,57,56,60,58,62,64,64,66,61,63,61,62,59,59,61,61,65,66,62,64,64,62,60,60,59,61,62
60,60,61,57,58,54,55,56,57,60,58,58,58,63,59,58,62,59,60,58,58,60,59,57,57,60,58,62,64,64,66,61,63,61,62,59,59,61,61,65,66,62,64,65,62,60,60,58,61,62
61,60,61,57,58,54,55,57,57,60,59,59,58,63,59,58,62,59,60,58,58,60,59,57,57,60,58,62,64,64,66,61,63,61,62,59,59,61,61,65,66,62,64,65,62,60,60,58,61,62
61,61,61,57,58,55,55,57,57,60,59,59,58,62,59,58,62,59,60,58,58,60,59,58,57,60,58,61,64,64,66,61,63,61,62,59,59,62,62,65,66,62,64,64,62,60,60,58,61,62
61,61,61,57,58,55,54,57,57,60,59,59,59,61,59,58,62,59,61,58,58,60,60,58,58,60,59,61,64,64,66,61,63,61,62,59,59,62,62,65,66,62,64,64,62,60,61,58,61,62
61,61,61,58,59,55,54,57,58,61,59,59,59,62,60,58,62,59,61,59,58,60,60,58,58,59,59,60,64,64,66,62,63,61,62,60,60,62,62,65,66,62,64,64,62,61,61,57,61,62
61,61,61,58,59,56,54,58,58,61,59,60,59,61,60,59,62,60,61,59,59,61,60,58,58,59,59,60,64,64,66,62,63,61,62,60,60,62,62,65,66,62,64,64,62,61,61,57,60,62
61,61,61,58,59,56,54,58,58,61,60,60,60,61,60,59,63,60,61,59,59,61,60,59,58,59,59,60,64,64,66,62,63,61,62,60,60,62,62,65,66,62,64,64,62,61,61,57,60,62
61,61,62,58,60,57,54,58,58,61,60,60,60,61,60,59,62,60,61,59,59,61,61,59,59,58,60,60,64,64,66,62,63,62,62,60,60,62,62,65,66,62,64,64,62,61,62,57,60,63
62,62,62,59,60,57,53,58,59,62,60,60,60,61,60,60,62,60,61,60,59,61,61,59,59,58,60,59,64,64,66,62,63,62,62,61,60,62,62,65,66,62,64,64,63,61,62,57,59,63
62,62,62,59,60,57,53,58,59,62,61,61,61,60,61,60,62,60,62,60,60,62,61,60,59,58,60,59,64,64,67,62,64,62,63,61,61,63,62,65,67,62,64,64,63,62,62,57,59,63
62,62,62,59,61,58,53,57,59,63,61,61,60,59,61,60,62,61,62,60,60,62,61,60,59,57,61,59,64,64,67,62,63,62,63,61,61,62,62,66,67,63,64,65,63,62,62,57,59,63
62,62,63,60,60,58,53,57,60,62,61,62,60,60,61,61,61,61,62,61,60,62,61,60,59,57,61,58,64,65,67,62,64,62,63,61,61,62,63,66,69,63,64,65,63,62,63,57,59,64
63,62,63,60,60,59,53,57,60,62,61,62,61,60,61,61,61,61,63,61,59,63,62,61,59,57,61,59,64,65,67,63,64,62,63,62,61,62,63,65,69,65,64,65,63,62,63,57,59,65
62,63,63,60,61,59,53,58,60,61,62,61,61,60,61,61,61,62,63,62,59,62,62,61,60,57,62,59,64,65,67,63,64,63,63,62,62,62,63,65,68,69,64,65,63,62,63,57,59,65
62,64,63,61,61,59,53,58,60,60,62,61,61,60,62,62,60,62,63,62,59,62,62,61,60,57,62,59,64,65,67,63,66,64,63,62,62,62,64,65,69,69,65,65,65,63,63,58,60,65
63,64,64,63,60,60,52,58,59,60,62,61,61,60,62,63,60,62,64,63,59,61,62,62,59,57,62,59,64,65,67,63,65,64,64,63,61,62,64,65,69,69,65,65,65,63,63,57,60,65
63,64,64,63,60,60,52,58,59,60,63,61,61,60,62,63,60,63,64,64,60,60,62,61,59,57,62,59,64,65,67,67,65,64,64,63,62,62,63,65,69,70,65,65,65,65,63,58,60,65
63,64,64,64,60,60,52,58,59,60,63,61,61,60,63,62,60,63,63,64,60,60,62,61,59,57,63,59,64,65,67,67,65,66,64,65,62,62,64,65,69,70,65,68,65,65,63,58,60,65
63,64,64,64,60,60,52,57,59,60,63,61,61,60,65,62,60,63,63,63,60,60,62,61,59,57,63,59,65,65,67,67,65,66,64,65,61,62,64,65,69,69,65,67,65,65,63,58,60,65
62,63,63,64,59,59,53,57,59,60,63,61,61,60,66,62,60,63,63,63,60,60,62,61,59,58,63,59,65,67,67,69,64,66,63,65,61,62,64,64,68,69,65,67,65,65,63,58,61,64
62,63,63,64,59,59,53,57,59,60,63,61,61,59,66,62,60,64,62,63,60,60,62,61,58,58,63,59,65,67,67,69,64,66,63,65,61,61,64,64,68,69,65,67,67,65,63,58,61,64
61,63,62,63,59,58,53,56,58,59,62,60,60,59,65,61,59,64,61,62,59,59,61,60,58,57,62,58,64,66,66,68,64,65,62,64,60,60,63,63,67,68,64,66,67,64,62,58,61,63
61,62,62,62,58,58,53,56,57,58,61,59,59,58,64,60,58,63,60,62,58,58,60,59,57,56,61,57,63,65,65,68,63,65,62,63,60,59,62,63,67,68,63,66,66,63,61,59,61,63
60,61,61,62,57,57,53,55,57,57,60,59,58,57,64,59,58,62,59,61,57,58,59,59,56,55,61,57,63,64,65,67,62,64,61,62,59,59,62,62,66,67,63,65,65,62,60,59,60,62
59,61,60,61,57,57,52,54,56,57,60,58,58,57,63,59,57,62,59,60,57,57,59,58,56,55,60,56,62,64,64,66,62,63,61,62,58,58,61,62,66,66,62,64,65,62,60,59,60,62
59,60,60,61,56,56,52,54,56,57,60,58,58,56,63,59,57,62,59,60,57,57,59,58,55,55,60,56,62,64,64,66,61,63,60,62,58,58,61,61,65,66,62,64,64,62,60,59,59,61
59,60,60,61,56,56,52,54,56,57,60,58,58,56,63,59,57,62,59,60,57,57,59,58,55,55,60,56,62,64,64,66,61,63,60,62,58,58,61,61,65,66,62,64,64,62,60,59,59,61
59,60,60,61,56,56,52,54,56,57,60,58,58,56,63,59,57,62,59,60,57,57,59,58,55,55,60,56,62,64,64,66,61,63,60,62,58,58,61,61,65,66,62,64,64,62,60,59,59,61
59,60,60,61,56,56,52,54,56,57,60,58,58,56,63,59,57,62,59,60,57,57,59,58,55,55,60,56,62,64,64,66,61,63,60,62,58,58,61,61,65,66,62,64,64,62,60,59,59,61
59,60,60,61,56,56,52,54,56,57,60,58,58,56,63,59,57,62,59,60,57,57,59,58,55,55,60,56,62,64,64,66,61,63,60,62,58,58,61,61,65,66,62,64,64,62,60,59,59,61
59,60,60,61,56,56,52,54,56,57,60,58,58,56,63,59,57,62,59,60,57,57,59,58,55,55,60,56,62,64,64,66,61,63,60,62,58,58,61,61,65,66,62,64,64,62,60,59,59,61
59,60,60,61,56,56,52,54,56,57,60,58,58,56,63,59,57,62,59,60,57,57,59,58,55,55,60,56,62,64,64,66,61,63,60,62,58,58,61,61,65,66,62,64,64,62,60,59,59,61
59,60,60,61,56,56,52,54,56,57,60,58,58,56,63,59,57,62,59,60,57,57,59,58,55,55,60,56,62,64,64,66,61,63,60,62,58,58,61,61,65,66,62,64,64,62,60,59,59,61
59,60,60,61,56,56,52,54,56,57,60,58,58,56,63,59,57,62,59,60,57,57,59,58,55,55,60,56,62,64,64,66,61,63,60,62,58,58,61,61,65,66,62,64,64,62,60,59,59,61
59,60,60,61,56,56,52,54,56,57,60,58,58,56,63,59,57,62,59,60,57,57,59,58,55,55,60,56,62,64,64,66,61,63,60,62,58,58,61,61,65,66,62,64,64,62,60,59,59,61
59,60,60,61,56,56,52,54,56,57,60,58,58,57,63,59,57,62,59,60,57,57,59,58,56,55,60,56,62,64,64,66,61,63,60,62,58,58,61,61,65,66,62,64,64,62,60,59,59,61
59,61,60,61,57,57,52,54,56,57,60,58,58,57,63,59,57,62,59,60,57,57,59,58,56,55,60,56,62,64,64,66,62,63,61,62,58,58,61,62,66,66,62,64,65,62,60,59,60,62
59,60,60,61,56,56,52,54,56,57,60,58,58,56,63,59,57,62,59,60,57,57,59,58,55,55,60,56,62,64,64,66,61,63,60,62,58,58,61,61,65,66,62,64,64,62,60,59,59,61
59,60,60,61,56,56,52,54,56,57,60,58,58,56,63,59,57,62,59,60,57,57,59,58,55,55,60,56,62,64,64,66,61,63,60,62,58,58,61,61,65,66,62,64,64,62,60,59,59,61
59,60,60,61,56,56,52,54,56,57,60,58,58,56,63,59,57,62,59,60,57,57,59,58,55,55,60,56,62,64,64,66,61,63,60,62,58,58,61,61,65,66,62,64,64,62,60,59,59,61
59,60,60,61,56,56,52,54,56,57,60,58,58,56,63,59,57,62,59,60,57,57,59,58,55,55,60,56,62,64,64,66,61,63,60,62,58,58,61,61,65,66,62,64,64,62,60,59,59,61
59,60,60,61,56,56,52,54,56,57,60,58,58,56,63,59,57,62,59,60,57,57,59,58,55,55,60,56,62,64,64,66,61,63,60,62,58,58,61,61,65,66,62,64,64,62,60,59,59,61
59,60,60,61,56,56,52,54,56,57,60,58,58,56,63,59,57,62,59,60,57,57,59,58,55,55,60,56,62,64,64,66,61,63,60,62,58,58,61,61,65,66,62,64,64,62,60,59,59,61
59,60,60,61,56,56,52,55,56,57,60,58,58,56,63,59,57,62,59,60,57,57,59,58,56,55,60,56,62,64,64,66,61,63,60,62,58,58,61,61,65,66,62,64,64,62,60,59,59,61
59,60,60,61,56,56,52,55,56,57,60,58,58,56,63,59,57,62,59,60,57,57,59,58,56,55,60,56,62,64,64,66,61,63,60,62,58,58,61,61,65,66,62,64,64,62,60,59,59,61
59,60,60,61,56,56,52,55,56,57,60,58,58,57,63,59,57,62,59,60,57,57,59,58,56,55,60,56,62,64,64,66,61,63,60,62,58,58,61,61,65,66,62,64,64,62,60,59,59,61
59,60,60,61,56,56,52,55,56,57,60,58,58,57,63,59,57,62,59,60,57,57,59,58,56,55,60,56,62,64,64,66,61,63,60,62,58,58,61,61,65,66,62,64,64,62,60,59,59,61
59,60,60,61,56,57,53,55,56,57,60,58,58,57,63,59,57,62,59,60,57,57,59,58,56,55,60,57,62,64,64,66,61,63,60,62,58,58,61,61,65,66,62,64,64,62,60,59,59,61
59,60,60,61,56,57,53,56,56,57,60,58,58,57,63,59,57,62,59,60,57,57,59,58,56,56,60,57,62,64,64,66,61,63,60,62,58,58,61,61,65,66,62,64,64,62,60,59,60,61
59,60,60,61,56,57,53,56,56,57,60,58,58,57,63,59,57,62,59,60,57,57,59,58,56,56,60,57,62,64,64,66,61,63,60,62,58,58,61,61,66,66,62,64,65,62,60,59,59,61
59,60,60,61,56,57,53,55,56,57,60,58,58,57,63,59,57,62,59,60,57,57,59,59,57,56,60,57,62,64,64,66,61,63,60,62,59,59,61,61,65,66,62,64,65,62,60,60,59,61
59,60,60,61,57,57,54,55,56,57,60,58,58,58,63,59,57,62,59,60,57,57,59,59,57,56,60,57,62,64,64,66,61,63,60,62,59,59,61,61,65,66,62,65,65,62,60,60,58,61
59,60,60,61,57,58,54,55,56,57,60,58,58,58,63,59,58,62,59,60,58,58,60,59,57,57,60,58,62,64,64,66,61,63,61,62,59,59,61,61,65,66,62,64,65,62,60,60,58,61
60,60,60,61,57,58,54,55,57,57,60,59,59,58,63,59,58,62,59,60,58,58,60,59,57,57,60,58,62,64,64,66,61,63,61,62,59,59,61,61,65,66,62,64,65,62,60,60,58,61
60,60,60,61,57,58,55,54,57,57,60,59,59,58,62,59,58,62,59,60,58,58,60,59,58,57,60,58,61,64,64,66,61,63,61,62,59,59,61,61,65,66,62,64,64,62,60,60,58,61
60,61,61,61,57,58,55,54,57,57,60,59,59,59,62,59,58,62,59,60,58,58,60,59,58,58,59,59,61,64,64,66,61,63,61,62,59,59,62,62,65,66,62,64,64,62,60,61,57,61
60,61,61,61,57,59,55,54,57,58,61,59,59,59,62,59,58,62,59,61,59,58,60,60,58,58,59,59,60,64,64,66,61,63,61,62,60,60,62,62,65,66,62,64,64,62,60,61,57,61
60,61,61,61,58,59,56,54,57,58,61,59,60,59,62,60,59,62,60,61,59,59,61,60,58,58,59,59,60,64,64,66,62,63,61,62,60,60,62,62,65,66,62,64,64,62,61,61,57,60
61,61,61,61,58,59,56,53,58,58,61,60,60,59,61,60,59,63,60,61,59,59,61,60,59,58,59,59,60,64,64,66,62,63,61,62,60,60,62,62,65,66,62,64,64,62,61,61,56,60
61,61,61,62,58,60,56,53,58,58,61,60,60,60,62,60,59,63,60,61,59,59,61,61,59,59,58,60,60,64,64,66,62,63,61,62,60,60,62,62,65,66,62,64,64,62,61,62,57,60
61,61,62,62,59,60,57,53,58,59,62,60,60,60,61,60,60,63,60,61,60,59,61,61,59,59,58,60,59,64,64,66,62,63,62,62,61,60,62,62,66,66,62,64,64,62,61,62,57,59
61,62,62,62,59,60,57,53,58,59,62,61,61,61,61,61,60,63,60,62,60,60,62,61,60,59,57,60,59,64,64,67,62,64,62,63,61,61,63,62,66,67,62,64,64,63,62,62,57,59
62,62,62,62,59,61,58,53,57,59,63,61,61,61,60,61,60,63,61,62,60,60,62,61,60,59,57,61,59,64,64,68,62,63,62,63,61,61,63,62,66,67,63,64,65,63,62,62,57,59
62,62,62,63,60,61,58,52,57,60,63,61,61,61,61,61,61,62,61,62,61,60,62,61,60,59,57,61,58,64,64,68,62,64,62,63,61,61,63,63,66,69,63,64,65,63,62,63,57,59
62,63,62,63,60,62,59,52,57,60,63,61,63,62,61,61,61,63,61,63,61,59,64,62,61,60,56,61,59,64,65,68,63,64,62,63,62,61,63,63,66,69,65,64,65,63,62,63,57,59
61,63,63,63,60,62,59,53,57,60,62,62,62,62,61,61,61,63,62,63,62,59,64,62,61,60,57,62,59,64,65,69,63,64,63,63,62,62,63,63,67,69,70,64,65,63,62,63,57,59
61,63,64,65,61,62,59,53,58,61,62,62,63,63,61,62,62,62,62,64,62,59,64,62,61,61,56,62,59,64,65,69,63,66,64,65,62,62,63,64,66,69,70,65,65,65,63,63,57,59
61,64,64,65,63,62,60,52,58,61,62,62,63,63,62,62,63,62,62,65,63,59,63,62,63,60,57,62,59,64,65,69,63,66,64,65,63,61,64,64,67,69,70,65,65,65,63,65,57,60
61,65,64,65,63,62,61,52,58,61,62,65,63,63,62,62,64,62,63,65,64,60,62,64,63,60,57,62,59,64,65,69,67,66,64,66,63,62,64,63,67,69,72,65,65,65,65,65,57,60
61,65,64,65,64,62,61,52,58,62,62,65,64,63,62,63,64,63,63,66,64,60,63,64,64,60,57,63,59,64,65,70,67,66,66,66,67,62,64,64,67,69,72,66,69,65,67,65,58,60
62,65,64,65,64,62,62,52,58,62,63,66,64,64,62,65,64,63,63,66,64,60,63,65,64,60,57,63,59,65,65,70,67,66,69,66,68,62,64,65,67,70,72,68,68,65,68,66,58,60
62,65,67,65,66,63,62,53,59,62,63,66,64,64,63,67,65,63,63,66,65,60,63,65,64,60,57,66,59,68,67,70,69,66,69,67,68,62,65,65,68,70,72,68,68,65,68,66,58,60
62,65,67,65,67,63,62,53,59,62,63,66,64,64,63,69,65,63,64,65,65,60,63,65,64,60,58,66,59,68,67,70,70,67,70,67,68,62,64,65,68,70,72,69,70,68,68,66,58,61
62,65,67,65,67,63,62,53,59,62,63,66,64,64,63,69,65,63,68,65,65,60,63,65,64,60,57,66,58,68,67,70,71,67,69,66,68,63,64,67,68,71,72,68,70,68,68,66,58,61
62,65,67,66,67,63,62,53,59,62,63,66,64,64,63,69,65,63,68,65,65,61,63,65,64,59,57,66,58,68,70,70,72,67,69,66,68,63,64,67,68,71,72,68,70,71,68,66,59,61
62,66,67,66,67,63,62,53,59,61,63,65,64,64,62,69,65,63,68,65,66,61,63,65,64,59,57,66,58,68,70,70,71,66,69,67,68,63,64,67,68,72,72,68,70,71,68,66,59,61
62,66,67,67,67,63,61,53,59,61,63,65,64,64,62,69,65,63,68,65,67,61,63,65,64,59,57,66,57,68,70,70,71,66,70,67,68,63,64,67,68,72,72,68,71,71,68,66,59,61
62,66,67,67,68,63,61,53,59,60,63,65,65,64,61,70,65,64,68,65,67,61,64,65,65,59,57,66,57,68,70,70,71,68,70,66,68,62,63,68,68,72,72,69,71,71,68,66,59,61
62,66,67,67,67,63,60,53,59,61,63,66,65,64,61,69,65,63,68,65,67,61,63,65,64,58,58,66,57,68,70,70,71,68,70,66,68,62,63,68,68,72,72,69,71,71,68,66,59,61
61,66,67,67,67,62,60,53,59,61,63,66,64,63,60,69,65,63,68,65,67,61,63,65,64,58,57,66,56,68,70,70,72,68,70,65,68,62,62,67,68,72,73,68,71,71,68,66,59,61
61,65,67,66,67,62,60,53,57,61,63,66,63,62,60,69,65,63,68,65,66,60,63,65,64,58,57,66,56,68,70,70,72,67,69,65,68,62,62,67,67,71,72,68,70,71,68,66,59,61
60,65,66,66,67,62,60,53,57,61,63,65,63,62,59,69,65,63,68,65,66,60,62,64,63,58,57,66,56,68,70,70,72,67,69,65,68,62,61,67,67,71,72,68,70,70,68,65,59,61
60,65,66,66,67,62,59,53,56,61,62,64,62,62,59,69,65,62,67,64,66,60,62,64,63,58,57,66,56,68,70,70,72,67,69,65,67,62,61,66,67,71,72,68,70,70,68,64,60,61
59,65,66,66,66,62,59,53,56,61,62,64,62,62,59,68,64,61,67,64,66,60,61,64,62,58,57,65,56,67,69,69,72,67,69,64,67,62,60,65,67,71,72,67,70,70,67,63,60,61
59,65,66,66,66,62,59,53,56,61,62,64,61,61,59,68,64,60,67,64,66,60,60,63,62,58,57,65,57,67,69,69,72,67,68,64,67,62,60,65,67,71,71,67,69,70,67,63,60,61
59,64,66,65,66,62,59,53,56,61,62,63,61,61,59,68,64,60,67,64,65,59,60,63,61,58,56,65,57,67,69,69,71,67,68,64,67,62,59,65,66,71,71,67,69,70,67,62,60,61
58,64,65,65,66,61,59,52,56,60,62,63,61,60,58,68,64,59,67,64,65,59,59,63,61,57,56,65,57,67,69,68,71,66,68,63,67,61,59,64,66,70,71,67,69,69,67,62,60,61
58,63,65,65,65,61,59,52,55,60,61,63,60,60,58,67,63,59,66,63,65,59,59,62,60,57,56,64,57,66,68,68,71,66,68,62,66,61,59,64,66,70,71,67,69,69,66,62,59,61
59,62,65,64,65,60,58,52,55,59,61,63,60,60,58,67,63,58,66,62,64,59,59,61,59,56,55,64,56,66,68,68,70,65,67,62,66,60,58,64,65,69,70,66,68,69,65,62,59,61
58,62,64,64,65,60,58,52,54,59,60,62,59,59,57,67,62,58,65,61,64,58,58,60,59,56,55,63,56,66,67,67,70,65,67,61,65,59,58,63,65,69,70,66,68,68,65,61,59,61
58,61,64,63,64,60,58,52,54,58,60,61,59,59,57,66,62,58,65,60,63,58,58,60,59,56,55,63,56,65,67,67,69,65,66,61,65,59,58,63,64,69,69,65,67,68,64,61,59,60
57,61,63,63,64,59,57,52,54,58,59,61,59,58,57,66,61,57,64,60,63,57,58,59,58,55,55,63,56,65,67,66,69,64,66,61,64,59,58,63,63,68,69,65,67,67,64,61,59,60
56,61,63,62,64,58,57,52,54,57,58,60,58,58,56,65,60,57,64,60,62,57,57,59,58,55,55,62,56,64,66,66,69,64,65,61,64,58,58,62,63,68,69,65,67,67,63,60,59,60
56,60,62,61,63,58,56,52,54,57,58,60,58,58,56,65,60,57,63,59,62,57,57,59,58,55,55,62,56,64,66,65,69,63,65,60,63,58,58,62,62,67,68,64,67,67,63,60,59,59
56,60,62,61,63,57,56,52,54,57,57,60,58,58,56,64,59,57,63,59,61,57,57,59,58,55,55,61,56,64,66,65,68,63,65,60,62,58,58,61,62,67,68,64,67,66,63,60,59,59
56,60,61,61,63,57,56,52,54,56,57,60,58,58,56,64,59,57,62,59,61,56,57,59,58,56,55,61,56,64,66,65,68,62,64,60,62,58,58,61,62,66,67,64,66,66,62,60,59,59
56,59,61,61,62,57,56,52,55,56,57,60,58,58,56,63,59,57,62,59,61,56,57,59,58,56,55,61,56,63,66,65,67,62,64,60,62,58,58,61,62,66,67,63,66,66,62,60,59,59
56,59,61,60,62,56,56,52,55,56,57,60,58,58,57,63,59,57,62,59,60,57,57,59,58,56,55,60,56,63,66,64,67,62,64,60,62,58,58,61,61,66,67,63,66,66,62,60,59,59
56,59,61,60,62,56,56,52,55,56,57,60,58,58,57,63,59,57,62,59,60,57,57,59,58,56,55,60,56,63,66,64,67,62,64,60,62,58,58,61,61,66,67,63,65,65,62,60,59,59
56,59,61,60,61,56,56,53,55,56,57,60,58,58,57,63,59,57,62,59,60,57,57,59,58,56,55,60,57,62,66,64,67,61,64,60,62,58,58,61,61,66,66,63,65,65,62,60,59,59
56,59,60,60,61,56,57,53,55,56,57,60,58,58,57,63,59,57,62,59,60,57,57,59,58,56,56,60,57,62,65,64,67,61,63,60,61,58,58,61,61,66,66,63,65,65,62,60,59,59
56,59,60,60,61,56,57,53,56,56,57,60,58,58,57,63,59,57,62,59,60,57,57,59,58,56,56,60,57,62,65,64,66,61,63,60,61,58,58,61,61,65,66,62,65,65,62,60,59,59
56,59,60,60,61,56,57,53,55,56,57,60,58,58,57,63,59,57,62,59,60,57,57,59,59,57,56,60,57,62,65,64,66,61,63,60,61,59,58,61,61,65,66,62,65,65,62,60,59,59
56,59,60,60,61,57,57,54,55,56,57,60,58,58,58,63,59,57,62,59,60,57,57,59,59,57,56,60,57,62,64,64,66,61,63,60,62,59,59,61,61,65,66,62,65,65,62,60,60,58
56,59,60,60,61,57,57,54,55,56,57,60,58,58,58,63,59,58,62,59,60,58,58,59,59,57,57,60,58,62,64,64,66,61,63,61,62,59,59,61,61,65,66,62,64,65,62,60,60,58
56,60,60,60,61,57,58,54,55,57,57,60,59,59,58,63,59,58,62,59,60,58,58,60,59,57,57,60,58,62,64,64,66,61,63,61,62,59,59,61,61,65,66,62,64,64,62,60,60,58
57,60,60,60,61,57,58,55,54,57,57,60,59,59,58,63,59,58,62,59,60,58,58,60,59,57,57,60,58,61,64,64,66,61,63,61,62,59,59,61,61,65,66,62,64,64,62,60,60,57
57,60,61,61,61,57,58,55,54,57,57,60,59,59,59,63,59,58,62,59,60,58,58,60,59,58,57,59,58,60,64,64,66,61,63,61,62,59,59,62,62,65,66,62,64,64,62,60,61,57
57,60,61,61,61,57,59,55,54,57,58,61,59,59,59,63,59,58,62,59,61,59,58,60,60,58,58,59,59,60,64,64,66,61,63,61,62,60,59,62,62,65,66,62,64,64,62,60,61,57
58,60,61,61,61,58,59,56,54,57,58,61,59,60,59,63,60,59,62,59,61,59,58,61,60,58,58,59,59,60,64,64,66,62,63,61,62,60,60,62,62,65,66,62,64,64,62,61,61,57
58,61,61,61,61,58,59,56,53,58,58,61,60,60,59,63,60,59,63,60,61,59,59,61,60,59,58,58,59,59,64,64,66,62,63,61,62,60,60,62,62,65,66,62,64,64,62,61,61,56
58,61,61,61,62,58,60,56,53,58,58,61,60,60,60,63,60,59,63,60,61,59,59,61,60,59,59,58,60,60,64,64,66,62,63,61,62,60,60,62,62,65,66,62,64,64,62,61,62,57
58,61,61,62,62,59,60,57,53,58,59,62,60,60,60,63,60,60,63,60,61,60,59,61,61,59,59,58,60,59,64,64,66,62,63,62,62,61,60,62,62,66,66,62,64,64,62,61,62,56
59,61,62,62,62,59,60,57,53,57,59,62,61,61,60,62,61,60,63,60,62,60,59,62,61,60,59,57,60,59,64,64,67,62,64,62,63,61,61,63,62,66,67,62,64,64,63,62,62,57
59,62,62,62,62,59,61,58,53,57,59,63,61,61,61,62,61,60,64,61,62,60,59,62,61,60,59,57,61,59,64,64,68,62,63,62,63,61,61,63,62,66,67,63,64,65,63,62,62,57
59,62,62,62,63,60,61,58,52,56,60,63,61,61,61,62,61,61,64,61,62,61,60,62,61,60,59,57,61,58,64,64,69,62,64,62,63,61,61,64,63,66,69,63,64,65,63,62,63,57
60,62,63,62,63,60,62,59,52,57,60,63,61,64,62,62,61,61,63,61,63,61,59,64,62,61,60,56,61,58,64,64,69,63,64,62,63,62,61,64,63,66,69,65,64,65,63,62,63,57
60,62,63,63,63,60,62,59,52,57,60,63,62,63,62,62,61,61,63,62,63,62,59,64,62,61,60,56,62,58,64,65,69,63,64,63,63,62,62,64,63,67,69,70,64,65,63,62,63,57
61,61,63,64,65,61,63,59,52,58,61,62,62,63,63,62,62,62,62,62,64,62,59,64,62,61,60,56,62,58,64,65,69,63,66,64,65,62,62,64,64,67,69,70,64,65,65,63,63,57
63,61,65,64,65,63,62,60,52,57,61,62,62,63,63,62,62,63,62,62,65,63,59,63,62,63,60,56,62,59,64,65,69,63,66,64,66,63,61,64,64,67,69,70,65,65,65,63,65,57
64,61,65,64,65,63,62,61,52,58,61,62,65,63,63,62,62,64,62,63,65,64,59,62,64,63,60,57,62,59,64,65,70,67,66,64,66,63,61,64,63,67,69,72,65,65,65,65,65,57
64,61,65,64,65,64,62,61,52,58,61,62,65,64,63,62,63,64,63,63,66,64,59,63,64,63,60,57,63,59,64,65,70,67,66,66,66,67,61,64,64,67,69,72,66,68,65,67,65,57
64,61,65,64,65,64,62,61,52,58,61,62,65,64,63,62,65,64,63,63,65,64,60,63,64,63,60,57,63,59,65,65,70,67,66,69,66,67,62,64,65,67,70,72,68,68,65,67,65,58
65,61,65,66,65,66,62,62,52,58,62,62,66,64,63,62,67,65,63,63,65,65,60,63,65,64,60,57,66,58,68,67,70,69,66,69,66,67,62,64,65,67,70,72,68,68,65,68,65,58
65,62,65,67,65,67,62,62,52,59,62,63,66,64,64,62,69,65,63,64,65,65,60,63,65,64,60,57,66,58,68,67,70,70,67,69,66,68,62,64,65,67,70,72,68,70,68,68,66,58
64,62,65,67,65,67,63,62,52,59,62,63,66,64,64,63,69,65,63,68,65,65,60,63,65,64,59,57,66,58,68,67,70,71,67,69,66,68,62,64,67,68,71,72,68,70,68,68,66,58
64,62,66,67,66,67,63,62,52,59,61,63,66,65,64,63,69,65,63,68,65,65,60,63,65,64,59,57,66,58,68,70,70,72,67,70,67,68,62,64,68,68,71,72,69,71,71,68,66,58
65,62,66,67,66,68,63,61,52,59,61,63,65,65,64,62,70,65,64,68,65,66,61,64,65,64,59,57,66,57,69,70,70,71,66,70,67,68,63,64,68,68,72,72,69,71,71,68,66,59
65,62,66,67,67,68,63,61,53,59,60,63,65,65,64,62,70,65,64,68,65,67,61,64,65,65,58,57,67,57,69,70,70,71,66,70,67,68,63,64,68,68,72,72,69,71,71,68,66,59
65,62,66,67,67,68,63,61,53,59,60,63,65,65,64,61,70,65,64,68,65,67,61,64,65,65,58,57,67,57,69,70,71,71,68,70,66,68,62,63,68,68,72,72,69,71,71,68,66,59
65,62,66,67,67,68,62,60,53,59,60,63,66,65,64,60,70,65,64,68,65,67,61,64,65,65,58,57,66,56,69,70,70,71,68,70,66,68,62,63,68,68,72,72,69,71,71,68,66,59
65,61,65,66,66,66,62,60,53,59,60,62,65,63,63,60,68,64,62,67,64,66,60,62,64,63,58,57,65,56,67,69,69,72,67,69,65,67,61,62,66,67,71,72,67,70,70,67,65,59
64,60,64,65,65,66,61,60,53,57,61,61,64,63,62,60,68,63,62,66,63,65,60,62,63,63,57,57,65,56,67,69,69,71,66,68,65,66,61,61,66,66,70,71,67,69,69,66,64,59
64,60,64,65,65,66,61,60,53,56,60,61,64,62,62,59,68,63,61,66,63,65,60,61,63,62,57,57,64,56,66,68,68,71,66,68,64,66,61,61,66,66,70,71,67,69,69,66,64,59
63,58,62,63,63,64,59,59,53,56,59,59,62,61,60,59,66,61,60,64,61,63,59,60,62,61,57,57,63,56,65,67,67,69,64,66,63,64,61,60,64,64,68,69,65,67,67,64,62,59
63,58,61,63,62,63,59,58,52,56,58,59,62,60,60,59,65,61,59,64,61,62,59,59,61,60,57,57,62,56,64,66,66,68,64,65,62,64,60,60,63,63,68,68,64,66,67,64,62,59
63,57,61,62,62,63,58,58,52,56,58,58,62,60,59,58,65,60,59,63,60,62,58,59,61,60,57,56,62,56,64,66,66,68,63,65,62,63,60,59,63,63,67,68,64,66,66,63,61,59
62,57,60,61,61,62,57,57,52,55,57,58,61,59,59,57,64,60,58,63,60,61,58,58,60,59,56,56,61,56,63,65,65,67,62,64,61,63,59,59,62,62,66,67,63,65,65,63,61,59
61,56,59,61,60,61,57,56,52,54,56,57,60,58,58,57,63,59,57,62,59,60,57,57,59,58,56,55,60,56,62,64,64,66,62,63,60,62,58,58,61,61,66,66,62,64,65,62,60,59
61,56,59,60,60,61,56,56,52,54,56,57,60,58,58,56,63,59,57,62,59,60,57,57,59,58,55,55,60,56,62,64,64,66,61,63,60,62,58,58,61,61,65,66,62,64,64,62,60,59
60,55,59,60,60,61,56,56,51,54,56,56,59,58,57,56,63,58,57,61,58,60,56,57,58,58,55,54,60,56,62,63,64,66,61,63,60,61,58,58,61,61,65,66,62,64,64,61,59,58
60,55,59,60,60,61,56,56,51,54,56,56,59,58,57,56,63,58,57,61,58,60,56,57,58,58,55,54,60,56,62,63,64,66,61,63,60,61,58,58,61,61,65,66,62,64,64,61,59,58
60,55,59,60,60,61,56,56,51,54,56,56,59,58,57,56,63,58,57,61,58,60,56,57,58,58,55,54,60,56,62,63,64,66,61,63,60,61,58,58,61,61,65,66,62,64,64,61,59,58
60,55,59,60,60,61,56,56,51,54,56,56,59,58,57,56,63,58,57,61,58,60,56,57,58,58,55,54,60,56,62,63,64,66,61,63,60,61,58,58,61,61,65,66,62,64,64,61,59,58
60,55,59,60,60,61,56,56,52,54,56,56,59,58,57,56,63,58,57,61,58,60,56,57,58,58,55,54,60,56,62,63,64,66,61,63,60,61,58,58,61,61,65,66,62,64,64,61,59,58
60,55,59,60,60,61,56,56,52,54,56,56,59,58,57,56,63,58,57,61,58,60,56,57,58,58,55,54,60,56,62,63,64,66,61,63,60,61,58,58,61,61,65,66,62,64,64,61,59,58
60,55,59,60,60,61,56,56,52,54,56,56,59,58,57,56,63,58,57,61,58,60,56,57,58,58,55,55,60,56,62,63,64,66,61,63,60,61,58,58,61,61,65,66,62,64,64,61,59,58
60,55,59,60,60,61,56,56,52,54,56,56,59,58,57,56,63,58,57,61,58,60,56,57,58,58,55,55,60,56,62,63,64,66,61,63,60,61,58,58,61,61,65,66,62,64,64,61,59,58
60,55,59,60,60,61,56,56,52,54,56,56,59,58,57,56,63,58,57,61,58,60,56,57,58,58,55,55,60,56,62,63,64,66,61,63,60,61,58,58,61,61,65,66,62,64,64,61,59,58
61,55,59,60,60,61,56,56,52,55,56,56,59,58,57,56,63,58,57,61,58,60,56,57,58,58,55,55,60,56,62,63,64,66,61,63,60,61,58,58,61,61,65,66,62,64,64,61,59,59
61,55,59,60,60,61,56,56,52,55,56,56,60,58,57,56,63,59,57,61,58,60,56,57,59,58,56,55,60,56,62,64,64,66,61,63,60,61,58,58,61,61,65,66,62,64,64,62,59,59
61,56,59,60,60,61,56,56,52,55,56,56,60,58,58,57,63,58,57,61,58,60,57,57,59,58,56,55,60,56,62,64,64,66,61,63,60,61,58,58,61,61,65,66,62,64,64,62,59,59
61,56,59,60,60,61,56,56,53,55,56,56,59,58,58,57,63,58,57,61,58,60,57,57,59,58,56,55,60,57,62,64,64,66,61,63,60,61,58,58,61,61,65,66,62,64,64,62,59,59
61,56,59,60,60,61,56,57,53,55,56,56,60,58,58,57,63,58,57,61,58,60,57,57,59,58,56,56,60,57,62,64,64,66,61,63,60,61,58,58,61,61,65,66,62,64,64,61,59,59
61,56,59,60,60,61,56,57,53,55,56,57,60,58,58,57,63,59,57,61,58,60,57,57,59,58,56,56,60,57,62,64,64,66,61,63,60,61,58,58,61,61,65,66,62,64,64,61,59,59
62,56,59,60,60,61,56,57,54,55,56,57,60,58,58,57,63,59,57,62,58,60,57,57,59,59,57,56,60,57,62,64,64,66,61,63,60,61,59,58,61,61,65,66,62,64,65,62,60,60
62,56,59,60,60,61,57,57,54,54,56,57,60,58,58,58,63,59,57,62,58,60,57,57,59,59,57,57,60,57,62,64,64,66,61,63,60,61,59,59,61,61,65,66,62,64,64,62,60,60
62,56,59,60,60,61,57,58,54,54,56,57,60,58,58,58,63,59,58,62,59,60,58,58,60,59,57,57,60,58,61,64,64,66,61,63,61,61,59,59,61,61,65,66,62,64,64,62,60,60
62,57,60,60,60,61,57,58,55,54,57,57,60,59,59,58,62,59,58,62,59,60,58,58,60,59,57,57,59,58,61,64,64,66,61,63,61,62,59,59,61,61,65,66,62,64,64,62,60,60
62,57,60,60,61,61,57,58,55,54,57,57,60,59,59,58,62,59,58,62,59,60,58,58,60,59,58,57,59,58,60,64,64,66,61,63,61,62,59,59,61,61,65,66,62,64,64,62,60,60
62,57,60,61,61,61,57,59,55,53,57,57,61,59,59,59,62,59,58,62,59,61,58,58,60,60,58,58,58,59,60,64,64,66,61,63,61,62,59,59,62,62,65,66,62,64,64,62,60,61
62,57,60,61,61,61,58,59,56,53,57,58,61,59,59,59,62,60,59,62,59,61,59,58,61,60,58,58,58,59,59,64,64,66,61,63,61,62,60,60,62,62,65,66,62,64,64,62,61,61
62,58,61,61,61,61,58,59,56,53,57,58,61,60,60,59,61,60,59,63,60,61,59,59,61,60,59,58,58,59,59,64,64,66,62,63,61,62,60,60,62,62,65,66,62,64,64,62,61,61
62,58,61,61,61,62,58,60,56,53,57,58,61,60,60,60,61,60,59,63,60,61,59,59,61,60,59,59,57,60,59,64,64,66,62,63,61,62,60,60,62,62,65,66,62,64,64,62,61,62
62,58,61,61,61,62,59,60,57,53,57,59,62,60,60,60,61,60,59,63,60,61,60,59,61,61,59,59,57,60,58,64,64,66,62,63,62,62,61,60,62,62,66,66,62,64,64,62,61,62
62,59,61,62,62,62,59,60,57,53,57,59,62,60,61,60,60,60,60,63,60,62,60,59,62,61,60,58,57,60,58,64,64,67,62,64,62,63,61,60,63,62,66,67,62,64,64,63,61,62
62,59,62,62,62,62,59,61,58,52,56,59,63,61,61,61,60,61,60,62,61,62,60,59,62,61,60,58,57,61,58,64,64,67,62,63,62,63,61,61,63,62,66,67,63,64,65,63,62,62
62,59,62,62,62,63,60,61,58,52,56,59,63,61,61,61,60,61,61,62,61,62,61,59,62,61,60,59,56,61,58,64,64,68,62,64,62,63,61,61,63,62,66,68,63,64,65,63,62,63
62,60,62,63,62,63,60,61,59,52,56,60,63,61,63,61,61,61,61,62,61,63,61,59,63,62,61,59,56,61,58,64,64,68,63,64,62,63,62,61,63,63,66,69,65,64,65,63,62,63
62,60,61,63,63,63,60,62,59,52,57,60,62,62,62,62,61,61,61,62,62,63,62,58,63,62,61,60,56,62,58,64,64,68,63,64,63,63,62,61,63,63,66,69,70,64,65,63,62,63
62,61,60,63,64,65,61,62,59,52,57,61,61,62,62,62,61,62,62,61,62,64,62,59,63,62,61,60,56,62,58,64,65,69,63,66,64,65,62,62,63,63,66,69,70,64,65,65,63,63
62,63,60,64,64,65,63,61,60,51,57,61,61,62,63,62,61,62,63,62,62,65,63,59,62,62,63,59,56,62,58,64,65,69,63,66,64,65,63,61,63,64,66,69,70,65,65,65,63,65
61,64,61,64,64,65,63,62,60,51,57,61,62,65,63,63,62,62,64,62,63,65,64,59,62,64,63,60,56,62,59,64,65,69,67,66,64,65,63,61,64,63,66,69,71,65,65,65,65,65
61,64,61,65,64,65,64,62,61,52,58,61,62,65,63,63,62,63,64,62,63,65,64,59,62,64,63,60,57,63,59,64,65,69,67,66,66,66,67,61,64,64,67,69,72,66,68,65,67,65
62,64,61,65,64,65,64,62,61,52,58,61,62,65,64,63,62,65,64,62,63,65,64,59,62,64,63,60,57,63,59,65,65,70,67,66,69,66,67,61,64,65,67,70,72,68,68,65,67,65
62,64,62,65,66,65,66,62,61,52,58,61,63,66,64,64,62,67,65,63,63,65,65,60,63,65,64,60,57,66,58,68,67,70,69,66,69,66,67,62,64,65,67,70,72,68,68,65,68,65
62,64,61,65,66,65,67,62,62,52,58,62,62,65,64,63,62,69,64,63,64,64,65,60,63,64,64,59,57,65,58,68,67,69,70,67,69,66,67,62,64,65,67,70,72,68,70,68,67,65
62,64,61,65,66,65,67,62,62,52,58,62,62,65,64,63,62,69,64,63,67,64,65,60,63,64,63,59,57,65,58,68,67,69,71,66,69,66,67,62,63,67,67,71,72,68,70,68,67,65
62,64,61,65,66,66,67,62,62,52,58,61,62,65,64,63,62,69,64,63,67,64,65,60,62,64,63,59,57,65,58,68,69,69,72,67,69,66,67,62,63,67,67,71,72,68,70,70,67,65
62,64,61,65,66,66,67,62,61,52,59,61,62,65,64,63,62,69,64,63,67,64,66,60,63,64,64,58,57,65,57,68,69,69,71,66,69,66,67,62,64,67,67,71,72,68,70,70,67,65
61,64,61,64,66,65,66,62,61,52,59,60,62,65,63,63,61,68,64,62,67,64,65,60,62,64,63,58,57,65,57,67,69,69,71,66,68,65,67,62,63,66,66,71,71,67,69,70,67,65
61,64,60,64,65,65,66,61,60,52,59,60,61,65,63,62,61,68,63,62,67,63,65,60,62,64,63,58,57,65,56,67,69,69,71,66,68,65,66,62,63,66,66,70,71,67,69,69,67,64
61,64,60,64,65,65,66,61,60,53,59,60,61,64,63,62,60,68,63,61,66,63,65,60,61,63,62,58,57,64,56,66,68,68,71,66,68,65,66,61,62,66,66,70,71,67,69,69,66,64
61,64,60,64,65,65,66,61,60,53,59,60,61,65,63,62,60,68,63,62,66,63,65,60,62,63,63,58,57,65,56,67,69,69,71,66,68,65,66,61,62,66,66,70,71,67,69,69,66,64
61,64,60,64,65,65,66,61,59,53,57,60,62,65,63,62,59,68,64,62,67,63,65,60,62,64,63,57,57,65,56,67,69,69,71,66,68,65,67,61,61,66,66,70,71,67,69,70,67,65
61,64,60,64,65,65,66,61,59,53,56,61,62,64,62,62,59,68,64,62,67,64,65,60,62,64,63,57,57,65,56,67,69,69,71,66,68,64,67,61,61,66,66,70,71,67,69,70,67,65
61,64,60,64,66,65,66,62,59,53,56,61,62,64,62,61,59,68,64,61,67,64,65,60,61,64,62,57,57,65,56,67,69,69,72,67,68,64,67,61,60,65,67,71,71,67,69,70,67,63
60,63,59,65,66,66,66,62,59,52,56,61,62,63,61,61,59,68,64,61,67,64,66,60,61,63,62,57,57,65,56,67,69,69,72,67,69,64,67,61,60,65,67,71,72,67,70,70,67,63
60,63,59,64,66,66,66,62,59,52,56,61,62,63,61,61,59,68,64,60,67,64,66,59,60,63,61,57,56,65,56,67,69,69,72,67,69,64,67,61,59,65,67,71,72,68,70,70,67,62
59,63,58,64,66,66,67,62,59,52,55,60,62,63,61,60,58,68,64,59,67,64,66,59,59,63,61,57,56,65,56,67,69,69,72,67,68,63,67,61,59,65,66,71,72,68,70,70,67,62
58,63,58,63,66,65,67,62,59,52,55,60,62,63,60,60,58,68,64,59,67,64,66,59,59,62,60,57,56,65,56,67,69,68,72,67,68,63,67,61,59,64,66,71,72,68,70,70,66,62
58,63,58,63,65,64,66,61,58,52,55,60,61,62,60,60,57,67,64,58,67,63,65,59,59,62,60,57,56,65,56,67,69,68,71,66,67,62,67,60,58,64,65,70,71,67,69,69,65,62
58,62,58,62,65,64,65,61,58,52,54,59,61,62,60,59,57,67,63,58,66,62,65,58,58,61,59,56,55,64,56,66,68,67,71,66,67,61,65,60,58,64,65,70,71,67,69,69,65,62
57,62,58,62,65,64,65,60,57,52,54,58,60,62,59,59,57,67,62,58,65,61,64,58,58,60,59,55,55,64,56,66,68,67,70,65,66,61,65,59,58,63,65,69,70,66,68,69,64,61
57,61,57,61,64,63,65,60,57,52,54,58,59,61,59,58,57,66,61,57,65,60,64,57,57,59,58,55,55,63,56,66,68,66,70,65,66,61,64,59,58,63,64,69,70,66,68,68,64,61
57,61,57,61,63,62,64,59,57,51,54,57,59,61,59,58,56,65,61,57,64,60,63,57,57,59,58,55,54,62,56,65,67,66,69,64,66,61,64,58,58,63,63,68,69,65,67,67,63,60
56,61,56,60,62,62,64,58,56,51,54,57,58,60,58,58,56,65,60,57,64,59,62,57,57,59,58,55,54,62,56,65,66,65,69,63,65,60,63,58,58,62,62,67,68,65,67,67,63,60
56,61,56,60,62,61,63,57,56,52,54,57,57,60,58,58,56,64,60,57,63,59,61,56,57,59,58,55,54,61,56,64,66,65,69,63,65,60,63,58,58,61,62,67,68,64,67,66,63,60
56,60,56,60,61,61,63,57,56,52,54,56,57,60,58,58,56,64,59,57,62,59,61,56,57,58,58,55,54,61,56,64,66,65,68,62,64,60,62,58,58,61,62,67,67,64,66,66,62,60
56,60,55,59,61,61,63,57,56,52,54,56,57,59,58,57,56,63,59,57,62,59,61,56,57,58,58,55,55,60,56,63,66,64,68,62,64,60,62,58,58,61,61,66,67,63,66,66,62,59
56,60,55,59,61,60,62,56,56,52,54,56,56,59,58,57,56,63,59,57,62,58,60,56,57,58,58,55,55,60,56,63,66,64,67,62,64,60,62,58,58,61,61,66,67,63,66,66,62,59
56,60,55,59,61,60,62,56,56,52,55,56,56,59,58,57,56,63,59,57,62,58,60,56,57,58,58,55,55,60,56,63,66,64,67,62,64,60,62,58,58,61,61,66,67,63,65,65,62,59
56,61,55,59,60,60,61,56,56,52,55,56,56,60,58,57,56,63,58,57,62,58,60,56,57,58,58,56,55,60,56,62,66,64,67,61,63,60,61,58,58,61,61,66,66,63,65,65,62,59
56,61,56,59,60,60,61,56,56,52,55,56,56,59,58,57,57,63,58,57,61,58,60,56,57,59,58,56,55,60,56,62,65,64,67,61,63,60,61,58,58,61,61,65,66,63,65,65,62,59
56,61,56,59,60,60,61,56,56,53,55,56,56,59,58,58,57,63,58,57,61,58,60,57,57,59,58,56,55,60,56,62,65,64,66,61,63,60,61,58,58,61,61,65,66,62,65,65,61,59
56,61,56,59,60,60,61,56,57,53,55,56,56,60,58,58,57,63,58,57,61,58,60,57,57,59,58,56,56,60,57,62,65,64,66,61,63,60,61,58,58,61,61,65,66,62,65,65,61,59
56,61,56,59,60,60,61,56,57,53,55,56,57,60,58,58,57,63,59,57,61,58,60,57,57,59,58,56,56,59,57,62,65,63,66,61,63,60,61,58,58,61,61,65,66,62,64,65,61,59
56,61,56,59,60,60,61,56,57,54,54,56,57,60,58,58,57,63,59,57,62,58,60,57,57,59,58,57,56,60,57,62,64,63,66,61,63,60,61,58,58,61,61,65,66,62,64,65,61,60
56,62,56,59,60,60,61,56,57,54,54,56,57,60,58,58,58,63,59,57,62,58,60,57,57,59,59,57,56,60,57,62,64,63,66,61,63,60,61,59,59,61,61,65,66,62,64,64,62,60
56,62,56,59,60,60,61,57,58,54,54,56,57,60,58,58,58,63,59,58,62,59,60,58,58,60,59,57,57,60,58,61,64,64,66,61,63,61,61,59,59,61,61,65,66,62,64,64,62,60
57,62,57,60,60,60,61,57,58,55,54,57,57,60,59,59,58,63,59,58,62,59,60,58,58,60,59,57,57,59,58,60,64,64,66,61,63,61,62,59,59,61,61,65,66,62,64,64,62,60
57,62,57,60,60,61,61,57,58,55,53,57,57,60,59,59,58,63,59,58,62,59,60,58,58,60,59,58,57,59,58,60,64,64,66,61,63,61,62,59,59,61,61,65,66,62,64,64,62,60
57,62,57,60,61,61,61,57,59,55,53,57,57,61,59,59,59,63,59,58,62,59,61,58,58,60,60,58,58,58,59,60,64,64,66,61,63,61,62,59,59,62,62,65,66,62,64,64,62,60
57,62,57,60,61,61,61,58,59,56,53,57,58,61,59,59,59,63,59,59,62,59,61,59,58,61,60,58,58,58,59,59,64,64,66,61,63,61,62,60,60,62,62,65,66,62,64,64,62,61
58,62,58,61,61,61,61,58,59,56,53,57,58,61,60,60,59,63,60,59,62,60,61,59,59,61,60,59,58,58,59,59,64,64,66,62,63,61,62,60,60,62,62,65,66,62,64,64,62,61
58,62,58,61,61,61,62,58,59,56,53,57,58,61,60,60,60,63,60,59,63,60,61,59,59,61,60,59,59,57,59,59,63,64,66,62,63,61,62,60,60,62,62,65,66,62,64,64,62,61
58,62,58,61,61,61,62,59,60,57,53,57,58,62,60,60,60,63,60,59,63,60,61,60,59,61,61,59,59,57,60,58,64,64,66,62,63,62,62,60,60,62,62,66,66,62,64,64,62,61
59,63,59,61,62,62,62,59,60,57,53,57,59,62,60,61,60,62,60,60,63,60,62,60,59,62,61,60,58,57,60,58,64,64,67,62,63,62,63,61,60,63,62,66,67,62,64,64,63,61
59,63,59,62,62,62,62,59,61,58,52,56,59,63,61,61,61,62,61,60,64,61,62,60,59,62,61,60,58,57,61,58,64,64,68,62,63,62,63,61,61,63,62,66,67,63,64,65,63,62
59,63,59,62,62,62,63,60,61,58,52,56,59,63,61,61,61,62,61,61,64,61,62,61,59,62,61,60,59,56,61,58,64,64,69,62,63,62,63,61,61,64,62,66,68,63,64,65,63,62
60,63,60,62,63,62,63,60,62,59,52,56,60,63,61,64,62,63,61,61,64,61,63,61,59,64,62,61,59,56,61,58,64,64,70,63,64,62,63,62,61,64,63,66,69,65,64,65,63,62
60,63,60,62,63,63,63,60,62,59,52,57,60,64,62,64,62,63,61,61,64,62,63,62,58,64,62,61,60,56,61,58,64,64,70,63,64,63,63,62,61,64,63,68,69,70,64,65,63,62
60,63,61,62,63,64,65,61,63,59,52,57,61,63,62,64,64,63,62,62,63,62,64,62,59,65,62,61,60,56,62,58,64,65,70,63,66,64,65,62,62,64,63,68,69,70,64,65,65,63
61,63,63,62,65,64,65,63,63,60,51,57,60,63,62,64,64,63,62,63,63,62,65,63,59,64,62,63,59,56,62,58,64,65,70,63,66,64,67,63,61,64,64,68,69,70,65,65,65,63
61,63,63,62,65,64,65,63,63,60,51,57,61,63,66,64,64,63,62,64,63,63,65,64,59,63,65,64,60,56,62,58,64,65,71,67,66,64,67,63,61,64,63,68,69,72,65,65,65,65
62,63,64,62,65,64,65,64,63,61,51,57,61,63,67,64,64,63,63,64,64,63,66,64,59,64,65,65,60,56,63,59,64,65,71,67,66,66,67,68,61,64,64,68,69,72,66,68,65,68
62,63,64,62,65,64,65,64,63,61,52,58,61,63,67,65,64,63,65,64,64,63,66,64,59,64,66,65,60,57,63,59,65,65,71,67,66,70,67,68,61,64,65,68,70,73,69,68,65,68
63,63,64,62,65,67,65,66,63,61,52,58,61,63,66,65,64,63,67,65,63,63,66,65,59,63,65,64,59,57,66,58,69,67,70,69,66,70,67,68,62,64,65,68,70,72,69,68,65,68
63,62,64,62,65,67,65,67,63,62,52,58,62,63,66,64,64,63,69,65,63,64,65,65,60,63,65,64,59,57,66,58,68,67,70,70,67,70,67,68,62,64,65,68,70,72,69,70,68,68
63,62,64,62,65,67,65,67,63,61,52,58,61,63,66,64,64,63,69,65,63,68,65,65,60,63,65,64,59,57,66,58,68,67,70,71,66,69,66,68,62,64,67,68,71,72,68,70,68,68
63,62,64,62,65,67,66,67,63,61,52,58,61,63,66,64,64,62,69,65,63,68,65,65,60,63,65,64,58,57,66,58,68,70,70,72,66,69,66,68,62,64,67,68,71,72,68,70,71,68
63,62,64,62,65,66,66,67,62,61,52,58,61,63,65,64,64,62,69,65,63,68,64,66,60,63,65,64,58,57,66,57,68,70,70,71,66,69,66,67,62,64,67,67,71,72,68,70,70,68
62,61,64,61,64,66,65,66,61,61,52,59,60,62,65,63,63,61,68,64,62,67,64,65,60,62,64,63,58,57,65,57,67,69,69,71,66,68,65,67,62,63,66,66,71,71,67,69,70,67
62,60,64,60,63,64,64,65,60,60,52,58,60,61,64,62,62,60,67,63,61,66,62,64,60,61,63,62,58,57,64,56,66,68,68,70,65,67,64,66,61,62,65,65,70,70,66,68,69,66
62,60,64,59,63,64,64,65,60,60,52,58,59,60,63,62,61,60,67,62,60,65,62,64,60,60,62,61,58,57,63,56,66,67,67,70,65,67,64,65,61,61,65,65,69,70,66,68,68,65
62,59,63,58,62,63,63,64,59,59,53,57,59,59,63,61,60,59,66,61,60,65,61,63,59,60,62,61,57,57,63,56,65,67,67,69,64,66,63,64,61,61,64,64,68,69,65,67,67,65
62,58,63,58,61,63,62,63,59,58,53,56,58,59,62,60,60,59,65,61,59,64,61,62,59,59,61,60,57,57,62,55,64,66,66,69,64,65,62,64,60,60,63,64,68,68,64,66,67,64
61,58,62,57,61,62,62,63,58,58,53,56,58,58,62,60,59,58,65,60,59,64,60,62,58,59,61,60,57,56,62,56,64,66,66,68,63,65,62,63,60,60,63,63,67,68,64,66,66,64
61,57,62,57,61,62,62,62,58,58,53,55,57,58,61,59,59,58,64,60,58,63,60,62,58,58,60,59,57,56,61,56,63,65,65,68,63,65,62,63,59,59,63,63,67,68,64,66,66,63
61,57,62,57,60,62,61,62,58,57,52,55,57,58,61,59,59,58,64,60,58,63,60,61,58,58,60,59,57,56,61,56,63,65,65,68,63,64,61,63,59,59,62,63,67,67,63,65,66,63
60,57,62,57,60,61,61,62,57,57,52,55,57,58,61,59,59,57,64,60,58,63,59,61,57,58,60,59,56,56,61,56,63,65,65,67,62,64,61,63,59,59,62,62,66,67,63,65,66,63
60,57,61,56,60,61,61,62,57,57,52,55,57,57,60,59,58,57,64,59,58,62,59,61,57,57,59,58,56,55,60,56,63,64,64,67,62,64,61,62,59,58,62,62,66,67,63,65,65,62
60,56,61,56,60,61,61,61,57,57,52,54,56,57,60,58,58,57,63,59,57,62,59,61,57,57,59,58,56,55,60,56,62,64,64,67,62,64,61,62,58,58,61,62,66,67,63,65,65,62
59,56,61,56,59,61,60,61,56,56,52,54,56,57,60,58,58,56,63,59,57,62,59,60,57,57,59,58,55,55,60,56,62,64,64,67,61,63,60,62,58,58,61,61,66,66,62,64,65,62
59,56,60,55,59,60,60,61,56,56,51,54,56,56,59,58,57,56,63,58,57,61,58,60,56,57,58,57,55,54,59,55,62,64,63,66,61,63,60,61,58,57,61,61,65,66,62,64,64,61
59,56,60,55,59,60,60,61,56,56,51,54,55,56,59,58,57,56,63,58,56,61,58,60,56,56,58,57,55,54,59,55,61,63,63,66,61,63,60,61,58,57,61,61,65,66,62,64,64,61
59,56,60,55,59,60,60,61,56,56,51,54,55,56,59,58,57,56,63,58,56,61,58,60,56,56,58,57,55,54,59,55,61,63,63,66,61,63,60,61,58,57,61,61,65,66,62,64,64,61
59,56,60,55,59,60,60,61,56,56,51,54,55,56,59,58,57,56,63,58,56,61,58,60,56,56,58,57,55,54,59,55,61,63,63,66,61,63,60,61,58,57,61,61,65,66,62,64,64,61
59,56,60,55,59,60,60,61,56,56,51,54,55,56,59,58,57,56,63,58,56,61,58,60,56,56,58,57,55,54,59,55,61,63,63,66,61,63,60,61,58,57,61,61,65,66,62,64,64,61
59,56,60,55,59,60,60,61,56,56,51,54,55,56,59,58,57,56,63,58,56,61,58,60,56,56,58,57,55,54,59,55,61,63,63,66,61,63,60,61,58,57,61,61,65,66,62,64,64,61
59,56,60,55,59,60,60,61,56,56,51,54,55,56,59,58,57,56,63,58,56,61,58,60,56,56,58,57,55,54,59,55,61,63,63,66,61,63,60,61,58,57,61,61,65,66,62,64,64,61
59,56,60,55,59,60,60,61,56,56,52,54,55,56,59,58,57,56,63,58,56,61,58,60,56,56,58,57,55,54,59,55,61,63,63,66,61,63,60,61,58,57,61,61,65,66,62,64,64,61
59,56,60,55,59,60,60,61,56,56,52,54,55,56,59,58,57,56,63,58,56,61,58,60,56,56,58,57,55,55,59,56,61,63,63,66,61,63,60,61,58,57,61,61,65,66,62,64,64,61
59,56,60,55,59,60,60,61,56,56,52,54,55,56,59,58,57,56,63,58,57,61,58,60,56,56,58,57,55,55,59,56,61,63,63,66,61,63,60,61,58,57,61,61,65,66,62,64,64,61
59,56,60,55,59,60,60,61,56,56,52,55,55,56,59,58,57,56,63,58,57,61,58,60,56,57,58,58,55,55,59,56,61,63,63,66,61,63,60,61,58,57,61,61,65,66,62,64,64,61
59,56,61,55,59,60,60,61,56,56,52,55,55,56,59,58,57,56,63,58,57,61,58,60,56,57,58,58,56,55,59,56,61,63,63,66,61,63,60,61,58,58,61,61,65,66,62,64,64,61
59,56,61,55,59,60,60,61,56,56,52,55,56,56,59,58,58,57,63,58,57,61,58,60,56,57,59,58,56,55,59,56,62,64,63,66,61,63,60,61,58,58,61,61,65,66,62,64,64,61
59,56,61,56,59,60,60,61,56,57,53,55,56,56,59,58,58,57,63,58,57,61,58,60,57,57,59,58,56,56,59,57,62,64,63,66,61,63,60,61,58,58,61,61,65,66,62,64,64,61
59,56,61,56,59,60,60,61,56,57,53,54,56,56,60,58,58,57,63,58,57,61,58,60,57,57,59,58,56,56,59,57,62,64,63,66,61,63,60,61,58,58,61,61,65,66,62,64,65,61
60,56,61,56,59,60,60,61,56,57,53,54,56,57,60,58,58,57,63,58,57,61,58,60,57,57,59,58,56,56,59,57,62,64,63,66,61,63,60,61,58,58,61,61,65,66,62,64,64,61
60,56,61,56,59,60,60,61,56,57,54,54,56,57,60,58,58,58,63,59,57,62,58,60,57,57,59,59,57,56,59,57,61,64,63,66,61,63,60,61,59,58,61,61,65,66,62,64,64,61
60,56,61,56,59,60,60,61,57,58,54,54,56,57,60,58,58,58,63,59,58,62,58,60,58,57,60,59,57,57,59,58,61,64,63,66,61,63,60,61,59,59,61,61,65,66,62,64,64,62
60,57,61,56,60,60,60,61,57,58,54,53,57,57,60,58,59,58,62,59,58,62,59,60,58,58,60,59,57,57,59,58,60,64,63,66,61,63,61,61,59,59,61,61,65,66,62,64,64,62
60,57,62,57,60,60,60,61,57,58,55,53,57,57,60,59,59,58,61,59,58,62,59,60,58,58,60,59,58,57,58,58,59,64,63,66,61,63,61,62,59,59,61,61,65,66,62,64,64,62
60,57,62,57,60,60,61,61,57,59,55,53,56,57,61,59,59,59,61,59,58,62,59,60,58,58,60,59,58,58,58,58,59,64,64,66,61,63,61,62,59,59,62,61,65,66,62,64,64,62
61,57,62,57,60,61,61,61,58,59,56,53,57,58,61,59,59,59,61,59,58,62,59,61,59,58,60,60,58,58,58,59,59,63,64,66,61,63,61,62,60,59,62,62,65,66,62,64,64,62
61,58,62,58,60,61,61,61,58,59,56,52,57,58,61,59,60,59,60,60,59,62,59,61,59,59,61,60,59,58,57,59,58,63,64,66,61,63,61,62,60,60,62,62,64,66,62,64,64,62
61,58,62,58,61,61,61,61,58,59,56,52,57,58,61,60,60,60,60,60,59,62,60,61,59,59,61,60,59,58,57,59,59,63,64,66,62,63,61,62,60,60,62,62,65,66,62,64,64,62
62,58,61,58,61,61,61,62,59,60,57,52,57,58,62,60,60,60,60,60,59,62,60,61,60,59,61,61,59,58,57,60,58,63,64,66,62,63,62,62,60,60,62,62,65,66,62,64,64,62
62,59,61,59,61,62,62,62,59,60,57,52,57,59,62,60,61,60,60,60,60,62,60,62,60,59,62,61,60,58,56,60,58,64,64,67,62,63,62,62,61,60,62,62,65,67,62,64,64,63
62,59,61,59,62,62,62,62,59,60,58,52,56,59,63,61,61,60,59,61,60,61,60,62,60,58,62,61,60,58,56,60,58,64,64,66,62,63,62,63,61,60,62,62,65,67,63,64,65,63
63,59,61,59,61,62,62,63,60,60,58,51,56,59,62,61,61,60,59,61,60,61,61,62,61,59,62,61,60,58,56,61,57,64,64,67,62,63,62,63,61,60,61,62,65,68,63,64,65,63
63,60,61,60,60,63,62,63,60,60,58,51,56,60,61,61,62,60,59,61,61,61,61,63,61,58,62,61,61,59,55,61,57,64,64,67,63,64,62,63,62,61,61,63,65,69,65,64,65,63
63,60,60,60,59,62,63,63,60,60,59,52,56,59,61,62,61,60,60,61,61,61,61,63,62,58,62,61,61,59,56,61,58,64,64,67,63,64,63,63,62,61,61,63,65,68,69,64,65,63
61,60,61,61,59,62,64,63,61,60,59,51,57,59,60,62,61,61,59,62,62,60,62,63,62,58,62,62,61,59,55,62,58,64,65,67,63,66,64,63,62,61,61,63,64,69,69,64,65,65
61,61,60,63,59,63,64,64,63,60,59,51,56,59,60,62,61,61,60,62,63,60,62,64,63,58,61,62,62,59,56,62,58,64,65,67,63,66,64,64,63,60,62,63,65,69,70,65,65,65
61,61,60,63,59,63,64,64,63,60,60,51,57,60,60,64,62,61,60,62,63,61,63,64,64,58,61,62,61,59,56,62,58,64,65,68,67,65,64,64,63,60,62,63,65,69,70,65,65,65
61,62,60,63,59,63,64,64,64,60,60,51,57,60,60,64,62,61,60,63,62,61,63,64,64,59,61,62,62,59,56,63,58,64,65,68,67,65,66,64,65,61,62,64,65,69,70,66,68,65
62,62,60,64,60,63,64,64,64,60,60,51,57,60,61,64,62,62,60,65,63,61,63,64,64,59,61,63,62,59,56,63,58,65,65,68,67,65,67,64,66,61,62,65,65,70,70,66,68,65
62,63,60,64,60,63,65,65,65,61,61,51,58,60,61,64,62,62,61,67,63,61,63,64,64,59,61,63,62,59,56,64,58,66,67,68,69,66,67,64,66,61,63,65,66,70,71,66,68,65
62,63,60,64,60,64,65,65,66,61,61,52,58,60,61,64,62,62,61,68,63,61,64,63,65,59,61,63,62,59,57,64,58,66,67,68,70,66,68,65,66,61,62,65,66,70,71,67,69,68
62,63,61,64,60,64,65,65,66,61,61,52,58,60,61,64,63,62,61,68,63,61,66,63,65,59,61,63,62,59,57,64,57,67,67,68,71,66,68,65,66,62,62,66,66,70,71,67,69,68
62,63,60,64,60,63,65,65,65,61,61,52,58,60,61,64,62,62,61,67,63,61,66,63,64,60,61,63,62,58,57,64,57,66,68,68,71,66,68,64,66,62,62,65,66,70,71,66,68,69
62,63,60,64,60,64,65,65,65,61,61,52,58,60,61,64,62,62,61,67,63,61,66,63,65,60,61,63,62,58,56,64,57,66,68,68,71,66,68,65,66,62,62,66,66,70,71,67,69,69
62,62,60,64,60,64,65,65,66,61,60,52,58,60,61,64,62,62,61,68,63,61,66,63,65,60,61,63,62,58,56,64,56,66,68,68,71,66,68,65,66,62,62,66,66,70,71,67,69,69
62,62,61,64,60,64,65,65,66,61,60,52,58,60,61,64,63,62,60,68,63,61,66,63,65,60,61,63,62,58,57,64,56,67,69,68,71,66,68,65,66,61,62,66,66,70,71,67,69,69
62,62,61,64,60,64,65,65,66,61,60,52,59,60,61,65,63,62,60,68,63,62,66,63,65,60,62,63,62,58,57,64,56,67,69,68,71,66,68,65,66,61,62,66,66,70,71,67,69,69
61,62,59,64,59,63,64,64,64,60,59,52,57,59,60,63,61,61,59,66,62,60,65,62,64,60,60,62,61,57,57,63,55,65,67,67,70,65,67,64,65,61,61,64,65,69,70,66,68,68
60,62,58,63,58,61,63,62,63,59,58,52,56,58,59,62,60,60,58,65,61,59,64,61,62,59,59,61,60,57,56,62,55,64,66,66,69,64,65,62,64,60,60,63,64,68,68,64,66,67
59,61,57,62,57,60,62,61,62,58,57,52,55,57,58,61,59,59,57,64,60,58,63,60,61,58,58,60,59,57,56,61,55,63,65,65,68,63,64,61,63,59,59,62,63,67,67,63,65,66
58,60,57,61,56,60,61,61,62,57,57,52,55,57,57,60,59,58,57,64,59,58,62,59,61,57,57,59,58,56,55,60,55,63,65,64,67,62,64,61,62,59,58,62,62,66,67,63,65,65
58,60,56,61,56,59,61,60,61,57,56,52,54,56,57,60,58,58,57,63,59,57,62,59,60,57,57,59,58,56,55,60,55,62,64,64,67,62,63,60,62,58,58,61,62,66,67,62,64,65
57,59,55,60,55,59,60,60,61,56,56,51,53,55,56,59,57,57,56,63,58,56,61,58,60,56,56,58,57,55,54,59,55,61,63,63,66,61,63,60,61,57,57,61,61,65,66,62,64,64
57,59,55,60,55,59,60,60,61,56,56,51,53,55,56,59,57,57,56,63,58,56,61,58,60,56,56,58,57,55,54,59,55,61,63,63,66,61,63,60,61,57,57,61,61,65,66,62,64,64
57,59,55,60,55,59,60,60,61,56,56,51,53,55,56,59,57,57,56,63,58,56,61,58,60,56,56,58,57,55,54,59,55,61,63,63,66,61,63,60,61,57,57,61,61,65,66,62,64,64
57,59,55,60,55,59,60,60,61,56,56,51,53,55,56,59,57,57,56,63,58,56,61,58,60,56,56,58,57,55,54,59,55,61,63,63,66,61,63,60,61,57,57,61,61,65,66,62,64,64
57,59,55,60,55,59,60,60,61,56,56,51,53,55,56,59,57,57,56,63,58,56,61,58,60,56,56,58,57,55,54,59,55,61,63,63,66,61,63,60,61,57,57,61,61,65,66,62,64,64
57,59,55,60,55,59,60,60,61,56,56,51,53,55,56,59,57,57,56,63,58,56,61,58,60,56,56,58,57,55,54,59,55,61,63,63,66,61,63,60,61,57,57,61,61,65,66,62,64,64
57,59,55,60,55,59,60,60,61,56,56,51,53,55,56,59,57,57,56,63,58,56,61,58,60,56,56,58,57,55,54,59,55,61,63,63,66,61,63,60,61,57,57,61,61,65,66,62,64,64
57,59,55,60,55,59,60,60,61,56,56,51,53,55,56,59,57,57,56,63,58,56,61,58,60,56,56,58,57,55,54,59,55,61,63,63,66,61,63,60,61,57,57,61,61,65,66,62,64,64
57,59,55,60,55,59,60,60,61,56,56,51,54,55,56,59,57,57,56,63,58,56,61,58,60,56,56,58,57,55,54,59,55,61,63,63,66,61,63,60,61,57,57,61,61,65,66,62,64,64
57,59,55,60,55,59,60,60,61,56,56,51,54,55,56,59,57,57,56,63,58,56,61,58,60,56,56,58,57,55,54,59,55,61,63,63,66,61,63,60,61,57,57,61,61,65,66,62,64,64
57,59,55,60,55,59,60,60,61,56,56,51,54,55,56,59,57,57,56,63,58,56,61,58,60,56,56,58,57,55,54,59,55,61,63,63,66,61,63,60,61,57,57,61,61,65,66,62,64,64
57,59,55,60,55,59,60,60,61,56,56,51,54,55,56,59,57,57,56,63,58,56,61,58,60,56,56,58,57,55,54,59,55,61,63,63,66,61,63,60,61,57,57,61,61,65,66,62,64,64
57,59,55,60,55,59,60,60,61,56,56,52,54,55,56,59,57,57,56,63,58,56,61,58,60,56,56,58,57,55,54,59,55,61,63,63,66,61,63,60,61,57,57,61,61,65,66,62,64,64
57,59,55,60,55,59,60,60,61,56,56,52,54,55,56,59,57,57,56,63,58,56,61,58,60,56,56,58,57,55,55,59,56,61,63,63,66,61,63,60,61,58,57,61,61,65,66,62,64,64
57,59,56,60,55,59,60,60,61,56,56,52,55,55,56,59,57,57,56,63,58,56,61,58,60,56,56,58,57,55,55,59,56,61,63,63,66,61,63,60,61,58,57,61,61,65,66,62,64,64
57,59,56,60,55,59,60,60,61,56,56,52,55,55,56,59,57,57,56,63,58,57,61,58,60,56,56,58,58,56,55,59,56,61,63,63,66,61,63,60,61,58,57,61,61,65,66,62,64,64
57,59,56,61,55,59,60,60,61,56,56,52,55,55,56,59,58,57,57,63,58,57,61,58,60,56,57,58,58,56,55,59,56,61,63,63,66,61,63,60,61,58,58,61,61,65,66,62,64,64
57,59,56,61,55,59,60,60,61,56,56,53,54,56,56,59,58,58,57,63,58,57,61,58,60,57,57,59,58,56,55,59,56,61,63,63,66,61,63,60,61,58,58,61,61,65,66,62,64,64
58,59,56,61,56,59,60,60,61,56,57,53,54,56,56,59,58,58,57,63,58,57,61,58,60,57,57,59,58,56,56,59,57,61,63,63,66,61,63,60,61,58,58,61,61,65,66,62,64,64
58,59,56,61,56,59,60,60,61,56,57,53,54,56,56,60,58,58,57,62,58,57,61,58,60,57,57,59,58,56,56,59,57,61,63,63,66,61,63,60,61,58,58,61,61,65,66,62,64,64
58,60,56,61,56,59,60,60,61,56,57,54,53,56,57,60,58,58,57,62,58,57,61,58,60,57,57,59,58,57,56,59,57,61,63,63,66,61,63,60,61,58,58,61,61,65,66,62,64,64
58,60,56,61,56,59,60,60,61,57,58,54,53,56,57,60,58,58,58,62,59,57,62,58,60,57,57,59,59,57,57,59,57,60,63,63,66,61,63,60,61,59,58,61,61,65,66,62,64,64
58,60,56,61,56,60,60,60,61,57,58,54,53,56,57,60,58,59,58,61,59,58,62,58,60,58,58,60,59,57,57,59,58,60,63,63,66,61,63,61,61,59,59,61,61,65,66,62,64,64
58,60,57,61,57,60,60,60,61,57,58,55,53,57,57,60,59,59,58,60,59,58,62,59,60,58,58,60,59,57,57,58,58,59,64,63,66,61,63,61,61,59,59,61,61,64,66,62,64,64
58,60,57,62,57,60,60,61,61,57,58,55,52,56,57,60,59,59,59,60,59,58,62,59,60,58,58,60,59,58,58,58,58,59,63,63,66,61,63,61,62,59,59,62,61,64,66,62,64,64
59,61,57,61,57,60,61,61,61,57,59,55,52,56,57,61,59,59,59,60,59,58,61,59,61,59,58,60,60,58,58,57,59,58,63,64,66,61,63,61,62,60,59,62,62,64,66,62,64,64
59,61,58,61,58,60,61,61,61,58,59,56,52,56,58,61,59,60,59,59,60,59,61,59,61,59,58,61,60,58,58,57,59,58,63,64,66,61,63,61,62,60,60,61,62,63,66,62,64,64
59,61,58,61,58,60,61,61,61,58,59,56,52,56,58,61,60,60,60,59,60,59,61,59,61,59,59,61,60,59,58,57,59,58,63,64,66,62,63,61,62,60,60,62,62,64,66,62,64,64
59,62,58,60,58,60,61,61,62,58,60,57,52,57,58,62,60,60,60,59,60,59,61,60,61,60,59,61,61,59,58,56,60,57,63,64,66,62,63,61,62,60,60,62,62,64,66,62,64,64
59,62,59,60,59,60,62,62,62,59,60,57,52,56,59,62,60,60,59,58,60,60,61,60,62,60,59,61,61,60,57,56,60,57,63,64,66,62,63,62,62,61,60,61,62,64,67,62,64,64
60,62,59,60,59,61,62,62,62,59,59,57,51,55,59,62,61,60,59,58,61,60,60,60,62,60,58,61,60,60,57,56,60,57,64,64,65,62,63,62,63,61,60,61,62,64,67,63,64,65
60,63,59,60,59,60,62,62,63,60,59,58,51,55,59,61,61,60,59,58,61,60,60,61,62,61,58,61,60,60,58,55,61,57,64,64,66,62,63,62,63,61,60,60,62,64,68,63,64,65
60,62,60,60,60,59,62,62,63,60,59,58,51,56,59,60,61,61,59,58,61,61,60,61,62,61,58,61,60,61,58,55,61,57,64,64,66,62,64,62,63,62,60,60,63,64,68,65,64,65
60,62,60,59,60,58,61,62,62,60,59,58,51,56,58,59,61,60,59,58,61,61,60,61,62,61,58,61,60,61,58,55,61,57,64,64,66,63,64,63,62,62,61,60,63,64,67,68,64,65
61,60,60,59,60,58,61,62,62,61,59,58,51,56,58,59,61,60,59,58,62,62,59,62,62,62,58,60,60,61,58,55,62,57,64,65,66,63,64,64,62,62,61,60,63,63,67,68,64,65
62,59,61,59,62,57,61,62,62,63,58,58,50,56,57,58,61,60,59,58,62,61,58,62,62,62,58,59,60,60,57,55,62,57,64,65,66,63,64,64,62,63,60,60,63,63,67,68,64,65
63,59,61,58,62,57,61,62,62,63,58,58,50,55,57,58,61,60,59,58,62,61,58,63,62,62,58,58,60,59,57,55,62,58,64,65,66,67,63,64,62,63,60,60,63,63,67,68,64,65
63,59,61,58,62,57,61,62,62,63,58,58,51,55,57,58,61,60,59,58,63,60,58,63,61,62,58,58,60,59,57,56,62,58,64,65,66,67,63,65,62,63,60,60,63,63,67,68,64,66
63,59,61,58,63,57,61,62,62,63,58,58,51,56,58,58,61,60,59,58,65,60,59,63,61,62,58,58,60,59,57,56,61,58,64,65,66,67,63,65,62,63,60,60,63,63,67,68,64,66
63,60,61,58,63,57,61,62,62,63,58,58,51,56,58,58,62,60,60,58,65,60,59,63,61,62,58,59,61,60,57,56,62,57,64,66,66,68,63,65,62,63,60,60,63,63,67,68,64,66
63,59,61,58,62,57,61,62,62,63,58,58,51,56,58,58,62,60,59,58,65,60,59,64,60,62,58,59,60,60,57,56,62,57,64,66,66,68,63,65,62,63,60,59,63,63,67,68,64,66
63,59,61,58,62,57,61,62,62,63,58,58,51,56,58,58,62,60,59,58,65,60,59,64,60,62,58,59,60,59,57,56,62,57,64,66,65,68,63,65,62,63,60,59,63,63,67,68,64,66
62,59,60,57,62,57,60,61,61,62,57,57,51,55,57,58,61,59,59,57,64,60,58,63,59,61,57,58,60,59,56,56,61,57,63,65,65,68,62,64,61,63,59,59,62,62,67,67,63,65
62,58,60,56,61,56,60,61,61,61,57,57,51,54,56,57,60,58,58,57,64,59,57,62,59,61,57,57,59,58,56,55,60,56,62,64,64,67,62,64,61,62,58,58,62,62,66,67,63,65
61,58,59,56,61,56,59,61,60,61,56,56,51,54,56,57,60,58,58,56,63,59,57,62,58,60,57,57,59,58,55,55,60,56,62,64,64,67,62,63,60,62,58,58,61,61,66,66,62,64
62,58,60,56,61,56,59,61,60,61,57,56,52,54,56,57,60,58,58,56,63,59,57,62,59,60,57,57,59,58,55,55,60,55,62,64,64,67,62,63,60,62,58,58,61,62,66,67,62,64
61,57,59,56,60,55,59,60,60,61,56,56,51,53,55,56,59,58,57,56,63,58,56,61,58,60,56,56,58,57,55,54,59,55,62,64,63,66,61,63,60,61,58,57,61,61,65,66,62,64
61,57,59,55,60,55,59,60,60,60,56,56,51,53,55,56,59,57,57,56,63,58,56,61,58,60,56,56,58,57,55,54,59,55,61,63,63,66,61,63,60,61,57,57,61,61,65,66,62,64
61,57,59,55,60,55,59,60,60,60,56,56,51,53,55,56,59,57,57,56,63,58,56,61,58,60,56,56,58,57,55,54,59,55,61,63,63,66,61,63,60,61,57,57,61,61,65,66,62,64
61,57,59,55,60,55,59,60,60,60,56,56,51,53,55,56,59,57,57,56,63,58,56,61,58,60,56,56,58,57,55,54,59,55,61,63,63,66,61,63,60,61,57,57,61,61,65,66,62,64
61,57,59,55,60,55,59,60,60,60,56,56,51,53,55,56,59,57,57,56,63,58,56,61,58,60,56,56,58,57,55,54,59,55,61,63,63,66,61,63,60,61,57,57,61,61,65,66,62,64
61,57,59,55,60,55,59,60,60,60,56,56,51,53,55,56,59,57,57,56,63,58,56,61,58,60,56,56,58,57,55,54,59,55,61,63,63,66,61,63,60,61,57,57,61,61,65,66,62,64
61,57,59,55,60,55,59,60,60,60,56,56,51,53,55,56,59,57,57,56,63,58,56,61,58,60,56,56,58,57,55,54,59,55,61,63,63,66,61,63,60,61,57,57,61,61,65,66,62,64
61,57,59,55,60,55,59,60,60,60,56,56,51,53,55,56,59,57,57,56,63,58,56,61,58,60,56,56,58,57,55,54,59,55,61,63,63,66,61,63,60,61,57,57,61,61,65,66,62,64
61,57,59,55,60,55,59,60,60,60,56,56,51,53,55,56,59,57,57,56,63,58,56,61,58,60,56,56,58,57,55,54,59,55,61,63,63,66,61,63,60,61,57,57,61,61,65,66,62,64
61,57,59,55,60,55,59,60,60,60,56,56,51,53,55,56,59,57,57,56,63,58,56,61,58,60,56,56,58,57,55,54,59,55,61,63,63,66,61,63,60,61,57,57,61,61,65,66,62,64
61,57,59,55,60,55,59,60,60,60,56,56,51,53,55,56,59,57,57,56,63,58,56,61,58,60,56,56,58,57,55,54,59,55,61,63,63,66,61,63,60,61,57,57,61,61,65,66,62,64
61,57,59,55,60,55,59,60,60,60,56,56,51,53,55,56,59,57,57,56,63,58,56,61,58,60,56,56,58,57,55,54,59,55,61,63,63,66,61,63,60,61,57,57,61,61,65,66,62,64
61,57,59,55,60,55,59,60,60,60,56,56,51,53,55,56,59,57,57,56,63,58,56,61,58,60,56,56,58,57,55,54,59,55,61,63,63,66,61,63,60,61,57,57,61,61,65,66,62,64
61,57,59,55,60,55,59,60,60,60,56,56,51,53,55,56,59,57,57,56,63,58,56,61,58,60,56,56,58,57,55,54,59,55,61,63,63,66,61,63,60,61,57,57,61,61,65,66,62,64
61,57,59,55,60,55,59,60,60,60,56,56,51,53,55,56,59,57,57,56,63,58,56,61,58,60,56,56,58,57,55,54,59,55,61,63,63,66,61,63,60,61,57,57,61,61,65,66,62,64
61,57,59,55,60,55,59,60,60,60,56,56,51,54,55,56,59,57,57,56,63,58,56,61,58,60,56,56,58,57,55,54,59,55,61,63,63,66,61,63,60,61,57,57,61,61,65,66,62,64
61,57,59,55,60,55,59,60,60,60,56,56,51,54,55,56,59,57,57,56,63,58,56,61,58,60,56,56,58,57,55,54,59,55,61,63,63,66,61,63,60,61,57,57,61,61,65,66,62,64
61,57,59,55,60,55,59,60,60,60,56,56,51,54,55,56,59,57,57,56,63,58,56,61,58,60,56,56,58,57,55,54,59,55,61,63,63,66,61,63,60,61,57,57,61,61,65,66,62,64
61,57,59,55,60,55,59,60,60,60,56,56,52,54,55,56,59,57,57,56,63,58,56,61,58,60,56,56,58,57,55,54,59,55,61,63,63,66,61,63,60,61,57,57,61,61,65,66,62,64
61,57,59,55,60,55,59,60,60,60,56,56,52,54,55,56,59,57,57,56,63,58,56,61,58,60,56,56,58,57,55,55,59,56,61,63,63,66,61,63,60,61,57,57,61,61,65,66,62,64
61,57,59,55,60,55,59,60,60,60,56,56,52,54,55,56,59,57,57,56,63,58,56,61,58,60,56,56,58,57,55,55,59,56,61,63,63,66,61,63,60,61,57,57,61,61,65,66,62,64
61,57,59,55,60,55,59,60,60,60,56,56,52,55,55,56,59,57,57,56,63,58,56,61,58,60,56,56,58,57,55,55,59,56,61,63,63,66,61,63,60,61,58,57,61,61,65,66,62,64
61,57,59,55,60,55,59,60,60,60,56,56,52,54,55,56,59,57,57,56,63,58,57,61,58,60,56,56,58,58,56,55,59,56,61,63,63,66,61,63,60,61,58,57,61,61,65,66,62,64
61,57,59,56,61,55,59,60,60,60,56,56,53,54,55,56,59,58,58,57,63,58,57,61,58,60,56,57,59,58,56,55,59,56,61,63,63,66,61,63,60,61,58,58,61,61,65,66,62,64
61,57,59,56,61,55,59,60,60,60,56,57,53,54,56,56,59,58,58,57,63,58,57,61,58,60,57,57,59,58,56,56,59,57,61,63,63,66,61,63,60,61,58,58,61,61,65,66,62,64
61,58,59,56,61,56,59,60,60,60,56,57,53,54,56,56,60,58,58,57,62,58,57,61,58,60,57,57,59,58,56,56,59,57,61,63,63,66,61,63,60,61,58,58,61,61,65,66,62,64
61,58,60,56,61,56,59,60,60,60,56,57,54,53,56,56,60,58,58,57,62,58,57,61,58,60,57,57,59,58,57,56,59,57,61,63,63,66,61,63,60,61,58,58,61,61,65,66,62,64
61,58,60,56,61,56,59,60,60,61,56,57,54,53,56,57,60,58,58,58,62,58,57,62,58,60,57,57,59,59,57,57,59,57,60,63,63,66,61,63,60,61,59,58,61,61,65,66,62,64
61,58,60,56,61,56,59,60,60,61,57,58,54,53,56,57,60,58,59,58,61,59,58,62,58,60,58,57,60,59,57,57,58,58,59,63,63,66,61,63,60,61,59,59,61,61,65,66,62,64
61,58,60,57,61,57,60,60,60,61,57,58,55,52,56,57,60,59,59,58,60,59,58,62,59,60,58,58,60,59,57,57,58,58,59,63,63,66,61,63,61,61,59,59,61,61,64,66,62,64
61,58,60,57,61,57,60,60,60,61,57,58,55,52,56,57,60,59,59,59,60,59,58,61,59,60,58,58,60,59,58,58,57,58,59,63,63,66,61,63,61,62,59,59,62,61,64,66,62,64
61,59,61,57,61,57,60,61,61,61,57,59,55,52,56,57,61,59,59,59,60,59,58,61,59,61,59,58,60,60,58,58,57,59,58,63,63,66,61,63,61,62,60,59,61,62,63,66,62,64
61,59,61,58,61,58,60,61,61,61,58,59,56,52,56,58,61,59,60,59,59,59,59,61,59,61,59,58,61,60,58,58,57,59,58,63,63,66,61,63,61,62,60,59,61,62,63,66,62,64
62,59,61,58,60,58,60,61,61,61,58,59,56,52,56,58,61,60,60,60,59,60,59,61,59,61,59,59,61,60,59,58,56,59,58,63,64,66,61,63,61,62,60,60,61,62,63,66,62,64
62,59,62,58,59,58,60,61,61,62,58,60,57,52,56,58,62,60,60,59,58,60,59,60,60,61,59,58,60,60,59,57,56,60,57,63,64,66,62,63,61,62,60,60,61,62,63,66,62,64
62,59,62,59,59,59,60,62,62,62,59,59,57,51,56,59,62,60,60,59,58,60,60,60,60,62,60,58,61,60,60,57,56,60,57,63,64,65,62,63,62,62,61,60,60,62,63,67,62,64
62,60,62,59,59,59,60,62,62,62,59,59,57,51,55,59,61,60,60,58,57,61,60,60,60,61,60,58,61,60,60,57,55,60,57,63,64,65,62,63,62,63,61,60,60,62,64,67,63,64
63,60,62,59,59,59,60,62,62,62,60,58,57,51,55,59,60,60,60,58,58,61,60,59,61,61,61,58,60,60,60,57,55,61,57,64,64,65,62,63,62,63,61,60,60,62,64,68,63,64
64,60,62,60,59,60,59,61,62,63,60,58,57,51,55,58,60,61,60,58,58,61,61,59,61,61,61,58,60,59,61,57,55,61,57,63,64,65,62,63,62,62,61,60,60,62,63,67,65,63
64,60,61,60,58,60,57,60,61,61,60,58,57,51,55,58,59,61,59,58,58,61,61,59,61,61,61,57,60,59,61,57,55,61,57,63,64,65,63,63,63,61,62,60,59,62,63,66,67,63
63,61,59,60,58,60,56,60,61,61,61,58,57,51,55,57,57,60,58,58,57,62,60,57,62,61,61,57,59,59,61,57,55,62,56,63,65,65,63,63,64,61,62,59,59,61,62,66,67,63
63,62,58,60,57,61,56,59,61,60,61,56,56,50,54,56,57,60,58,58,56,62,59,57,62,60,60,57,57,59,58,55,55,61,56,62,64,64,63,62,63,60,62,58,58,61,61,66,67,62
63,62,58,60,56,61,56,59,61,61,61,57,56,50,54,56,57,60,58,58,56,62,59,57,62,60,60,57,57,59,58,55,55,61,56,62,64,64,67,62,64,60,62,58,59,61,62,66,67,63
63,62,58,60,56,61,56,59,61,60,61,56,56,50,54,56,57,60,58,58,56,63,59,57,62,60,60,57,57,59,58,55,55,61,56,62,64,64,67,62,63,60,62,58,58,61,61,66,67,62
62,61,57,59,55,60,55,59,60,60,60,56,56,51,53,55,56,59,57,57,56,62,58,56,61,59,60,56,56,58,57,55,54,59,55,61,63,63,66,61,63,60,61,57,58,60,61,65,66,62
63,61,57,59,55,60,55,59,60,60,61,56,56,51,53,55,56,59,57,57,56,63,58,56,61,59,60,56,56,58,57,55,54,59,55,61,63,63,66,61,63,60,61,57,58,61,61,65,66,62
63,61,57,59,55,60,55,59,60,60,60,56,56,51,53,55,56,59,57,57,56,63,58,56,61,58,60,56,56,58,57,55,54,59,55,61,63,63,66,61,63,60,61,57,57,61,61,65,66,62
62,61,57,59,55,60,55,59,60,60,60,56,56,51,53,55,56,59,57,57,56,62,58,56,61,58,60,56,56,58,57,55,54,59,55,61,63,63,66,61,63,60,61,57,57,60,61,65,66,62
62,61,57,59,55,60,55,59,60,60,60,56,56,51,53,55,56,59,57,57,56,62,58,56,61,58,60,56,56,58,57,55,54,59,55,61,63,63,66,61,63,60,61,57,57,60,61,65,66,62
62,61,57,59,55,60,55,59,60,60,60,56,56,51,53,55,56,59,57,57,56,62,58,56,61,58,60,56,56,58,57,55,54,59,55,61,63,63,66,61,63,60,61,57,57,60,61,65,66,62
62,61,57,59,55,60,55,59,60,60,60,56,56,51,53,55,56,59,57,57,56,62,58,56,61,58,60,56,56,58,57,55,54,59,55,61,63,63,66,61,63,60,61,57,57,60,61,65,66,62
62,61,57,59,55,60,55,59,60,60,60,56,56,51,53,55,56,59,57,57,56,62,58,56,61,58,60,56,56,58,57,55,54,59,55,61,63,63,66,61,63,60,61,57,57,60,61,65,66,62
62,61,57,59,55,60,55,59,60,60,60,56,56,51,53,55,56,59,57,57,56,62,58,56,61,58,60,56,56,58,57,55,54,59,55,61,63,63,66,61,63,60,61,57,57,60,61,65,66,62
62,61,57,59,55,60,55,59,60,60,60,56,56,51,53,55,56,59,57,57,56,62,58,56,61,58,60,56,56,58,57,55,54,59,55,61,63,63,66,61,63,60,61,57,57,60,61,65,66,62
62,61,57,59,55,60,55,59,60,60,60,56,56,51,53,55,56,59,57,57,56,62,58,56,61,58,60,56,56,58,57,55,54,59,55,61,63,63,66,61,63,60,61,57,57,60,61,65,66,62
62,61,57,59,55,60,55,59,60,60,60,56,56,51,53,55,56,59,57,57,56,62,58,56,61,58,60,56,56,58,57,55,54,59,55,61,63,63,66,61,63,60,61,57,57,60,61,65,66,62
62,61,57,59,55,60,55,59,60,60,60,56,56,51,53,55,56,59,57,57,56,62,58,56,61,58,60,56,56,58,57,55,54,59,55,61,63,63,66,61,63,60,61,57,57,60,61,65,66,62
62,61,57,59,55,60,55,59,60,60,60,56,56,51,53,55,56,59,57,57,56,62,58,56,61,58,60,56,56,58,57,55,54,59,55,61,63,63,66,61,63,60,61,57,57,60,61,65,66,62
62,61,57,59,55,60,55,59,60,60,60,56,56,51,53,55,56,59,57,57,56,62,58,56,61,58,60,56,56,58,57,55,54,59,55,61,63,63,66,61,63,60,61,57,57,60,61,65,66,62
62,61,57,59,55,60,55,59,60,60,60,56,56,51,53,55,56,59,57,57,56,62,58,56,61,58,60,56,56,58,57,55,54,59,55,61,63,63,66,61,63,60,61,57,57,60,61,65,66,62
62,61,57,59,55,60,55,59,60,60,60,56,56,51,53,55,56,59,57,57,56,62,58,56,61,58,60,56,56,58,57,55,54,59,55,61,63,63,66,61,63,60,61,57,57,60,61,65,66,62
62,61,57,59,55,60,55,59,60,60,60,56,56,51,53,55,56,59,57,57,56,62,58,56,61,58,60,56,56,58,57,55,54,59,55,61,63,63,66,61,63,60,61,57,57,60,61,65,66,62
62,61,57,59,55,60,55,59,60,60,60,56,56,51,53,55,56,59,57,57,56,62,58,56,61,58,60,56,56,58,57,55,54,59,55,61,63,63,66,61,63,60,61,57,57,60,61,65,66,62
62,61,57,59,55,60,55,59,60,60,60,56,56,51,53,55,56,59,57,57,56,62,58,56,61,58,60,56,56,58,57,55,54,59,55,61,63,63,66,61,63,60,61,57,57,60,61,65,66,62
62,61,57,59,55,60,55,59,60,60,60,56,56,51,53,55,56,59,57,57,56,62,58,56,61,58,60,56,56,58,57,55,54,59,55,61,63,63,66,61,63,60,61,57,57,60,61,65,66,62
62,61,57,59,55,60,55,59,60,60,60,56,56,51,53,55,56,59,57,57,56,62,58,56,61,58,60,56,56,58,57,55,54,59,55,61,63,63,66,61,63,60,61,57,57,60,61,65,66,62
62,61,57,59,55,60,55,59,60,60,60,56,56,51,53,55,56,59,57,57,56,62,58,56,61,58,60,56,56,58,57,55,54,59,55,61,63,63,66,61,63,60,61,57,57,60,61,65,66,62
62,61,57,59,55,60,55,59,60,60,60,56,56,51,53,55,56,59,57,57,56,62,58,56,61,58,60,56,56,58,57,55,54,59,55,61,63,63,66,61,63,60,61,57,57,60,61,65,66,62
62,61,57,59,55,60,55,59,60,60,60,56,56,51,54,55,56,59,57,57,56,62,58,56,61,58,60,56,56,58,57,55,54,59,55,61,63,63,66,61,63,60,61,57,57,60,61,65,66,62
62,61,57,59,55,60,55,59,60,60,60,56,56,51,54,55,56,59,57,57,56,62,58,56,61,58,60,56,56,58,57,55,54,59,55,61,63,63,66,61,63,60,61,57,57,60,61,65,66,62
62,61,57,59,55,60,55,59,60,60,60,56,56,51,54,55,56,59,57,57,56,62,58,56,61,58,60,56,56,58,57,55,54,59,55,61,63,63,66,61,63,60,61,57,57,60,61,65,66,62
62,61,57,59,55,60,55,59,60,60,60,56,56,52,54,55,56,59,57,57,56,62,58,56,61,58,60,56,56,58,57,55,54,59,55,61,63,63,66,61,63,60,61,57,57,60,61,65,66,62
62,61,57,59,55,60,55,59,60,60,60,56,56,52,54,55,56,59,57,57,56,62,58,56,61,58,60,56,56,58,57,55,55,59,56,61,63,63,66,61,63,60,61,57,57,60,61,65,66,62
62,61,57,59,55,60,55,59,60,60,60,56,56,52,55,55,56,59,57,57,56,62,58,56,61,58,60,56,56,58,57,55,55,59,56,61,63,63,66,61,63,60,61,57,57,60,61,65,66,62
62,61,57,59,55,60,55,59,60,60,60,56,56,52,54,55,56,59,57,57,56,62,58,56,61,58,60,56,56,58,58,56,55,59,56,61,63,63,66,61,63,60,61,58,57,60,61,65,66,62
62,61,57,59,55,61,55,59,60,60,60,56,56,53,54,55,56,59,57,57,57,62,58,57,61,58,60,56,57,59,58,56,55,59,56,61,63,63,66,61,63,60,61,58,58,61,61,65,66,62
62,61,57,59,56,61,55,59,60,60,60,56,57,53,53,56,56,59,58,58,57,63,58,57,61,58,60,57,57,59,58,56,56,59,56,61,63,63,66,61,63,60,61,58,58,61,61,65,66,62
62,61,58,59,56,61,56,59,60,60,60,56,57,53,53,56,56,60,58,58,57,62,58,57,61,58,60,57,57,59,58,56,56,59,57,61,63,63,66,61,63,60,61,58,58,61,61,65,66,62
62,61,58,59,56,61,56,59,60,60,60,56,57,53,53,56,56,60,58,58,57,63,58,57,61,58,60,57,57,59,58,57,56,59,57,60,63,63,66,61,63,60,61,58,58,61,61,65,66,62
62,61,58,60,56,61,56,59,60,60,60,56,57,54,53,56,57,60,58,58,58,62,58,57,61,58,60,57,57,59,59,57,56,59,57,60,63,63,66,61,63,60,61,59,58,61,61,65,66,62
62,61,58,60,56,61,56,59,60,60,61,57,58,54,53,56,57,60,58,58,58,61,59,58,62,58,60,58,57,60,59,57,57,58,58,59,64,63,66,61,63,60,61,59,59,61,61,65,66,62
63,61,58,60,57,61,57,60,60,60,61,57,58,55,52,56,57,60,58,59,58,61,59,58,62,58,60,58,58,60,59,57,57,58,58,59,63,63,66,61,63,61,61,59,59,61,61,65,66,62
63,61,58,60,57,61,57,60,60,60,61,57,58,55,52,56,57,60,59,59,59,61,59,58,62,59,60,58,58,60,59,58,57,57,58,58,63,63,66,61,63,61,61,59,59,61,61,64,66,62
63,61,58,61,57,62,57,60,61,61,61,57,59,55,52,56,57,61,59,59,59,60,59,58,61,59,61,58,58,60,60,58,58,57,59,58,63,63,66,61,63,61,62,59,59,62,61,64,66,62
63,61,59,61,57,61,58,60,61,61,61,58,59,56,52,56,58,61,59,60,59,60,59,59,62,59,61,59,58,61,60,58,58,57,59,58,63,63,66,61,63,61,62,60,59,62,62,64,66,62
63,61,59,61,58,61,58,60,61,61,61,58,59,56,51,56,58,61,60,60,60,60,60,59,61,59,61,59,58,61,60,59,57,56,59,58,63,63,66,61,63,61,62,60,60,62,62,64,66,62
63,62,59,62,58,60,58,60,61,61,62,58,60,57,51,56,58,62,60,60,60,59,60,59,61,60,61,59,58,61,60,59,57,56,60,57,63,64,66,62,63,61,62,60,60,62,62,64,66,62
63,62,59,62,59,60,59,60,62,62,62,59,60,57,51,56,59,62,60,61,60,59,60,60,61,60,62,60,58,61,61,60,57,56,60,57,63,64,66,62,63,62,62,61,59,61,62,64,67,62
63,62,60,62,59,60,59,61,62,62,62,59,59,57,51,55,59,62,61,60,59,58,61,60,60,60,62,60,58,61,60,60,57,55,60,57,63,64,65,62,63,62,63,61,59,61,62,64,67,63
64,63,60,63,59,60,59,60,62,62,62,60,59,57,51,55,59,61,61,60,59,58,61,60,60,61,62,61,58,61,60,60,58,55,61,56,64,64,66,62,63,62,63,61,59,60,62,64,68,63
64,65,60,62,60,60,60,59,62,62,63,60,59,57,51,55,59,60,61,61,59,58,61,61,60,61,62,61,57,61,60,61,58,55,61,57,64,64,66,62,64,62,63,61,60,60,63,64,68,65
64,65,60,62,60,59,60,58,61,62,62,60,59,58,51,56,58,59,61,60,59,58,61,61,60,61,62,61,57,61,60,61,58,55,61,57,64,64,66,63,64,63,62,62,60,60,63,64,67,68
64,65,61,60,60,59,60,58,61,62,62,61,59,58,51,56,58,59,62,60,59,58,62,62,59,62,62,62,57,60,60,61,58,54,62,57,64,64,66,63,65,64,62,62,60,60,63,63,67,68
63,65,62,60,61,59,62,57,61,62,62,63,58,58,50,56,58,58,62,60,60,58,62,61,59,62,62,62,57,59,61,60,57,55,62,57,64,65,66,63,64,64,62,63,59,60,63,63,67,68
63,65,63,60,61,58,62,58,61,62,62,63,58,58,50,56,58,59,62,60,60,58,62,61,59,62,62,62,58,59,61,60,57,55,62,57,64,65,66,67,63,64,62,63,60,60,63,63,68,68
63,65,63,60,61,58,63,58,61,63,62,63,58,58,50,56,58,59,62,60,60,58,63,61,59,63,62,62,58,59,61,60,57,55,63,57,64,65,66,67,64,66,62,64,60,60,63,64,68,69
63,65,64,60,62,58,63,58,61,63,63,63,59,58,51,56,58,59,62,60,60,58,65,61,59,63,62,62,58,59,61,60,57,56,62,57,64,65,66,67,64,66,62,64,60,60,63,64,68,69
63,66,64,60,62,58,63,58,62,63,63,64,59,59,51,56,58,59,62,60,60,59,66,61,59,63,62,63,58,59,61,60,58,56,62,57,64,66,66,69,64,66,63,64,60,61,64,64,68,69
63,66,64,60,62,59,63,58,62,63,63,64,59,59,51,56,58,59,62,61,60,59,66,61,59,64,61,63,58,59,61,60,58,56,62,57,65,67,66,69,64,66,63,64,61,60,64,64,68,69
63,66,64,60,62,59,63,58,62,63,63,64,59,59,51,56,58,59,62,61,60,59,66,61,59,64,61,63,59,59,61,60,58,56,62,57,65,67,66,69,64,66,63,64,61,60,64,64,68,69
62,65,63,60,61,58,63,58,61,63,62,63,58,58,51,56,58,59,62,60,60,58,65,61,59,64,60,62,58,59,61,60,57,56,62,56,64,66,66,69,63,65,62,64,60,60,63,63,68,68
62,65,64,60,62,58,63,58,61,63,62,63,58,58,51,56,58,59,62,60,60,58,65,61,59,64,60,62,59,59,61,60,57,56,62,56,64,66,66,69,64,65,62,64,60,60,63,63,68,69
62,65,63,59,61,58,62,57,61,62,62,63,58,58,51,56,58,58,62,60,59,58,65,60,58,64,60,62,58,58,60,59,57,56,61,56,64,66,65,68,63,65,62,63,60,59,63,63,67,68
62,64,63,59,61,57,62,57,60,62,62,62,58,57,51,55,57,58,61,59,59,57,64,60,58,63,60,61,58,58,60,59,56,56,61,55,63,65,65,68,63,65,61,63,59,59,62,63,67,68
61,64,63,59,61,57,62,57,60,62,62,62,58,57,52,55,57,58,61,59,59,57,64,60,58,63,60,61,58,58,60,59,56,56,61,55,63,65,65,68,63,65,61,63,59,59,62,63,67,68
62,65,63,59,61,57,62,57,61,62,62,62,58,58,52,55,57,58,61,59,59,58,65,60,58,63,60,62,58,58,60,59,57,56,61,55,63,65,65,68,63,65,62,63,59,59,63,63,67,68
62,65,63,59,61,58,62,57,61,62,62,63,58,58,52,55,57,58,61,59,59,58,65,60,58,63,60,62,58,58,60,59,56,56,61,55,64,66,65,68,63,65,62,63,60,59,63,63,67,68
62,65,63,59,61,57,62,57,61,62,62,63,58,58,52,55,57,58,61,59,59,58,65,60,58,63,60,62,58,58,60,59,56,56,61,55,64,66,65,68,63,65,62,63,60,59,63,63,67,68
62,64,63,59,61,57,62,57,60,62,62,62,58,57,52,55,57,58,61,59,59,58,64,60,58,63,60,61,58,58,60,59,56,56,61,55,63,65,65,68,63,65,61,63,59,59,62,63,67,68
61,64,63,59,61,57,62,57,60,62,61,62,57,57,51,55,57,58,61,59,59,57,64,60,58,63,59,61,58,58,60,59,56,56,61,55,63,65,65,68,63,64,61,63,59,58,62,62,67,68
61,64,63,59,61,57,62,57,60,62,61,62,58,57,51,55,57,58,61,59,59,57,64,60,58,63,59,61,58,58,60,59,56,55,61,55,63,65,65,68,63,65,61,63,59,58,62,63,67,68
62,64,63,59,61,57,62,57,60,62,62,62,58,57,51,54,57,58,61,59,59,57,64,60,58,63,60,61,58,58,60,59,56,55,61,55,63,65,65,68,63,65,61,63,59,58,62,63,67,68
61,64,63,59,61,57,62,57,60,62,61,62,57,57,51,54,57,58,61,59,59,57,64,60,58,63,59,61,58,58,60,59,56,55,61,55,63,65,65,68,63,65,61,63,59,58,62,63,67,68
61,64,62,59,60,57,61,56,60,61,61,62,57,57,51,54,57,58,61,59,59,57,64,60,57,63,59,61,57,58,60,59,56,55,61,55,63,65,65,68,62,64,61,63,59,57,62,62,67,67
61,64,62,58,60,57,61,56,60,61,61,62,57,57,51,53,56,57,60,59,58,57,64,59,57,62,59,61,57,57,59,58,55,54,60,55,63,65,64,67,62,64,61,62,59,57,62,62,66,67
61,63,62,58,60,56,61,56,59,61,61,61,57,57,51,53,56,57,60,58,58,56,63,59,57,62,59,61,57,57,59,58,55,54,60,55,62,64,64,67,62,64,60,62,58,57,61,62,66,67
60,63,61,58,59,56,60,56,59,61,60,61,56,56,51,53,56,57,60,58,58,56,63,59,57,62,58,60,56,57,59,57,54,54,60,55,62,64,64,67,61,63,60,62,58,57,61,61,66,66
60,63,61,58,59,56,60,55,59,60,60,61,56,56,51,53,56,56,60,58,57,56,63,58,57,62,58,60,56,56,58,57,54,54,60,55,62,64,64,66,61,63,60,61,58,57,61,61,65,66
60,63,61,57,59,56,60,55,59,60,60,61,56,56,51,53,55,56,59,57,57,56,63,58,56,61,58,60,56,56,58,57,54,54,59,55,62,64,63,66,61,63,60,61,57,57,61,61,65,66
59,62,61,57,59,55,60,55,58,60,60,60,56,55,51,53,55,56,59,57,57,55,62,58,56,61,57,59,56,56,58,57,54,54,59,55,61,63,63,66,61,63,59,61,57,57,60,61,65,66
59,62,61,57,59,55,60,55,58,60,60,60,56,55,51,53,55,56,59,57,57,55,62,58,56,61,57,59,56,56,58,57,55,54,59,55,61,63,63,66,61,63,59,61,57,57,60,61,65,66
59,62,61,57,59,55,60,55,58,60,60,60,56,55,51,54,55,56,59,57,57,56,62,58,56,61,57,59,56,56,58,57,55,54,59,55,61,63,63,66,61,63,59,61,57,57,60,61,65,66
59,62,61,57,59,55,60,55,58,60,60,60,56,56,51,54,55,56,59,57,57,56,62,58,56,61,57,59,56,56,58,57,55,54,59,55,61,63,63,66,61,63,59,61,57,57,60,61,65,66
59,62,61,57,59,55,60,55,58,60,60,60,56,56,51,54,55,56,59,57,57,56,62,58,56,61,57,59,56,56,58,57,55,54,59,55,61,63,63,66,61,63,59,61,57,57,60,61,65,66
59,62,61,57,59,55,60,55,58,60,60,60,56,56,52,54,55,56,59,57,57,56,62,58,56,61,57,59,56,56,58,57,55,55,59,55,61,63,63,66,61,63,59,61,57,57,60,61,65,66
60,62,61,57,59,55,60,55,58,60,60,60,56,56,52,54,55,56,59,57,57,56,62,58,56,61,57,59,56,56,58,57,55,55,59,56,61,63,63,66,61,63,59,61,57,57,60,61,65,66
59,62,61,57,59,55,60,55,58,60,60,60,56,56,52,54,55,56,59,57,57,56,62,58,56,61,58,59,56,56,58,57,55,55,59,56,61,63,63,66,61,63,60,61,58,57,60,61,65,66
59,62,61,57,59,55,60,55,59,60,60,60,56,56,52,54,55,56,59,57,57,56,62,58,57,61,58,59,56,56,58,58,56,55,59,56,61,63,63,66,61,63,60,61,58,57,61,61,65,66
60,62,61,57,59,55,61,55,59,60,60,60,56,56,53,53,55,56,59,57,58,57,62,58,57,61,58,60,57,57,59,58,56,56,59,56,61,63,63,66,61,63,60,61,58,58,61,61,65,66
60,62,61,57,59,56,61,55,59,60,60,60,56,57,53,53,56,56,59,58,58,57,63,58,57,61,58,60,57,57,59,58,56,56,59,57,61,63,63,66,61,63,60,61,58,58,61,61,65,66
60,62,61,58,59,56,61,56,59,60,60,60,56,57,53,53,56,56,60,58,58,57,63,58,57,61,58,60,57,57,59,58,56,56,59,57,60,64,63,66,61,63,60,61,58,58,61,61,65,66
60,62,61,58,60,56,61,56,59,60,60,60,56,57,54,53,56,57,60,58,58,58,62,58,57,61,58,60,57,57,59,58,57,56,58,57,60,64,63,66,61,63,60,61,58,58,61,61,65,66
60,62,61,58,60,56,61,56,59,60,60,61,57,58,54,52,56,57,60,58,58,58,61,59,58,62,58,60,58,57,60,59,57,57,58,58,59,63,63,66,61,63,60,61,59,58,61,61,65,66
60,63,61,58,60,57,61,57,60,60,60,61,57,58,55,52,56,57,60,58,59,58,61,59,58,62,58,60,58,58,60,59,57,57,57,58,59,63,63,66,61,63,61,61,59,59,61,61,65,66
60,63,61,58,60,57,61,57,60,60,60,61,57,58,55,52,55,57,60,59,59,58,61,59,58,62,59,60,58,58,60,59,58,57,57,58,58,63,63,66,61,63,61,61,59,59,61,61,64,66
60,63,61,58,61,57,61,57,60,60,61,61,57,59,55,52,56,57,61,59,59,59,61,59,58,62,59,60,58,58,60,59,58,58,57,59,58,63,63,66,61,63,61,62,59,59,62,61,64,66
60,63,61,59,61,57,61,57,60,61,61,61,58,59,56,51,56,58,61,59,60,59,60,59,59,62,59,61,59,58,61,60,58,57,56,59,57,63,63,66,61,63,61,62,60,59,62,62,64,66
61,63,61,59,61,58,61,58,60,61,61,61,58,59,56,51,56,58,61,60,60,59,60,60,59,61,59,61,59,58,61,60,59,57,56,59,58,63,63,66,61,63,61,62,60,60,62,62,64,66
61,63,62,59,62,58,60,58,60,61,61,62,58,60,57,51,56,58,62,60,60,60,59,60,59,61,60,61,59,58,61,60,59,57,56,60,57,63,64,66,62,63,61,62,60,59,62,62,64,66
61,63,62,59,62,58,60,59,61,61,62,62,59,60,57,51,56,59,62,60,61,60,59,60,60,61,60,62,60,58,61,61,60,57,55,60,57,63,64,66,62,63,62,62,61,59,61,62,64,67
61,63,62,60,62,59,60,59,61,62,62,62,59,59,57,51,55,59,62,61,60,59,58,60,60,61,60,62,60,58,62,60,60,57,55,60,57,63,64,66,62,63,62,63,61,59,61,62,65,67
61,64,63,60,63,59,60,59,61,62,62,62,60,59,57,50,55,59,61,61,61,59,58,61,60,60,61,62,61,58,61,61,60,57,55,61,56,64,64,66,62,63,62,63,61,59,61,62,64,68
62,64,65,60,63,60,60,60,60,63,62,63,60,59,57,50,55,59,61,61,61,59,59,61,61,60,61,63,61,57,61,60,61,58,54,61,56,64,64,66,62,64,62,63,61,60,61,63,64,68
62,65,65,60,62,60,60,60,59,61,63,62,60,59,58,51,55,59,60,62,60,60,59,61,61,60,61,62,61,57,61,61,61,58,55,61,57,64,64,66,63,64,63,62,62,60,60,63,64,68
62,64,65,61,60,60,60,60,58,61,63,62,61,59,58,50,56,59,59,62,60,60,58,62,62,59,62,62,62,57,61,61,61,58,54,62,57,64,64,67,63,65,64,62,62,60,60,63,63,68
61,64,66,62,60,61,59,62,58,62,63,63,63,59,59,50,56,58,59,62,61,60,59,62,62,59,62,63,63,57,60,61,61,58,55,62,57,64,65,67,63,65,64,63,63,59,61,63,64,68
61,64,66,63,61,61,59,62,59,62,63,63,63,59,59,50,56,59,60,63,61,61,59,62,62,60,62,63,63,57,60,62,61,58,55,62,57,64,65,67,67,64,64,63,63,60,61,63,64,69
61,64,66,63,61,61,59,63,59,62,64,64,64,60,59,50,56,59,60,63,61,61,59,63,62,60,63,63,63,58,60,62,61,58,55,63,57,64,65,67,67,65,66,63,65,60,61,63,65,69
61,64,67,64,61,62,59,63,59,63,64,64,64,60,60,50,56,59,60,63,61,61,60,65,62,60,63,63,64,58,60,62,61,58,55,63,57,65,65,68,67,65,67,64,65,60,62,65,65,69
61,65,67,64,62,62,60,63,60,63,64,64,65,60,60,51,57,60,61,64,62,62,60,67,63,61,63,63,64,58,61,63,62,58,56,64,57,66,67,68,69,65,67,64,66,60,62,65,65,70
62,65,68,66,62,62,60,63,60,64,65,65,66,61,60,51,57,60,61,64,62,62,61,68,63,61,64,63,65,58,61,63,62,58,56,64,57,66,67,68,70,66,68,65,66,61,62,65,66,70
61,65,68,66,62,62,61,63,60,64,65,65,66,61,60,51,57,60,61,65,63,62,61,68,63,62,67,63,65,59,61,63,62,58,56,65,57,67,67,68,71,66,68,65,66,61,62,66,66,70
61,65,68,66,63,62,61,63,61,64,65,65,66,61,60,51,57,60,62,65,63,63,61,68,64,62,67,63,65,59,62,64,63,57,56,65,56,67,69,69,71,66,68,65,67,61,62,66,66,71
61,65,68,66,63,62,61,63,61,64,66,65,66,61,60,51,57,60,62,65,63,63,61,68,64,62,67,63,65,59,62,64,63,57,56,65,56,67,69,69,71,66,69,65,67,61,63,66,66,71
61,66,69,66,63,62,61,63,61,65,66,66,66,62,60,51,58,59,62,65,63,63,60,69,64,62,67,64,66,59,62,64,63,57,56,65,56,67,69,69,71,66,69,65,67,61,62,67,67,71
60,66,69,67,63,61,62,63,61,65,66,66,67,61,59,51,58,59,62,65,64,63,60,69,64,62,67,64,66,59,62,64,63,57,56,65,55,68,70,69,71,67,69,65,67,61,62,67,67,71
60,66,69,67,63,61,62,63,60,65,66,66,67,61,59,52,58,59,62,66,64,62,59,69,64,63,68,64,66,59,62,64,63,57,56,66,55,68,70,69,71,67,69,64,67,60,61,67,67,71
60,66,69,67,63,61,62,63,60,65,66,66,67,61,59,52,58,59,62,66,63,62,59,69,64,63,67,64,66,59,62,64,63,57,56,66,55,68,70,70,72,67,69,64,67,60,60,67,67,71
61,66,69,67,62,61,61,63,59,65,66,66,67,61,59,52,56,59,62,65,62,61,58,69,64,62,67,64,66,59,61,63,63,56,56,65,55,68,70,69,72,67,69,64,67,60,60,67,67,71
60,66,68,67,62,61,61,63,59,64,66,66,66,61,59,52,55,60,62,64,61,61,58,69,64,61,67,64,66,59,61,63,62,56,56,65,55,67,69,69,72,67,69,63,67,60,60,65,66,71
60,65,68,67,61,62,60,63,59,64,66,66,66,61,58,52,55,60,62,63,61,61,58,68,64,60,67,63,65,59,60,63,61,56,56,65,55,67,69,69,72,67,69,63,67,60,59,65,66,71
60,65,68,67,61,62,59,62,58,64,66,65,66,61,58,51,55,60,62,63,60,60,58,68,64,60,67,63,65,59,60,62,61,56,56,65,55,67,69,69,72,67,68,63,67,60,59,64,66,71
60,65,68,67,61,62,59,62,58,63,66,65,66,61,58,51,55,60,61,62,60,60,58,68,64,59,67,63,65,58,59,62,60,56,55,65,55,67,69,68,72,67,68,63,67,60,58,64,66,71
60,65,68,67,61,62,58,62,57,63,66,65,66,61,58,51,55,60,61,62,60,60,57,67,64,58,66,63,65,58,58,62,60,56,55,65,55,67,69,68,72,67,67,62,67,60,58,64,65,71
60,65,68,66,60,62,57,62,57,62,65,64,66,61,58,51,54,59,61,62,59,59,57,67,64,58,66,63,65,58,58,62,60,56,55,65,55,67,69,67,72,66,67,62,67,60,58,63,65,71
60,65,68,66,60,62,57,62,57,62,65,64,66,61,58,51,54,59,60,62,59,59,57,67,63,57,66,62,65,58,58,61,59,56,55,64,55,67,69,67,72,66,66,61,66,59,57,63,65,71
60,64,68,66,60,61,57,61,58,61,65,63,66,60,57,51,53,58,60,62,59,59,57,66,62,57,65,61,65,58,57,60,58,55,54,64,55,67,69,66,71,66,66,61,64,59,57,63,64,70
59,64,67,66,59,61,56,61,57,61,64,63,65,60,57,51,53,58,59,61,58,58,56,66,61,57,65,60,64,57,57,60,58,55,54,63,55,66,68,66,71,65,66,60,64,58,57,62,64,69
59,63,67,65,59,60,56,60,57,60,63,63,65,59,57,51,53,57,59,60,58,58,56,66,61,57,64,59,63,57,57,59,57,55,54,62,55,66,68,66,70,64,65,60,64,58,57,62,63,68
59,62,65,64,58,60,56,60,56,60,62,62,64,59,56,51,53,57,58,60,58,57,56,65,60,57,64,59,62,56,56,58,57,54,54,61,55,65,67,65,70,63,65,60,63,58,57,62,62,67
58,61,64,64,58,59,56,60,55,60,62,61,64,57,56,51,53,56,57,60,57,57,56,64,59,56,63,58,61,56,56,58,57,54,54,61,55,64,67,64,69,63,64,60,63,57,57,61,62,67
58,61,64,64,57,59,55,60,55,59,61,61,63,57,56,51,53,56,57,59,57,57,55,64,59,56,62,58,61,56,56,58,57,54,54,60,55,64,66,64,69,62,64,60,62,57,57,61,61,66
57,60,64,63,57,59,55,60,55,59,61,60,63,56,55,51,53,56,56,59,57,57,55,64,58,56,62,58,60,56,56,58,57,55,54,60,55,63,66,64,68,62,64,59,62,57,57,61,61,66
57,60,63,63,57,59,55,60,55,59,60,60,62,56,55,51,54,55,56,59,57,57,55,63,58,56,62,58,60,56,56,58,57,55,54,60,55,63,65,64,67,61,64,59,61,57,57,60,61,66
57,60,63,63,57,59,55,60,55,59,60,60,62,56,56,51,54,55,56,59,57,57,56,63,58,56,61,58,60,56,56,58,57,55,54,60,55,62,65,64,67,61,63,59,61,57,57,60,61,65
57,60,63,62,57,59,55,60,55,58,60,60,61,56,56,51,54,55,56,59,57,57,56,63,58,56,61,58,60,56,56,58,57,55,54,59,55,62,65,63,67,61,63,59,61,57,57,60,61,65
57,60,63,62,57,59,55,60,55,58,60,60,61,55,56,52,54,55,56,59,57,57,56,63,58,56,61,57,60,56,56,58,57,55,54,59,55,62,65,63,66,61,63,59,61,57,57,60,61,65
57,59,63,61,57,59,55,60,55,58,60,60,61,55,56,52,54,55,56,59,57,57,56,62,58,56,61,57,59,56,56,58,57,55,55,59,56,62,65,63,66,61,63,59,61,57,57,60,61,65
57,59,63,61,57,59,55,60,55,58,60,59,61,56,56,52,54,55,56,59,57,57,56,62,58,56,61,57,59,56,56,58,57,55,55,59,56,61,64,63,66,61,63,60,61,57,57,60,61,65
57,59,62,61,57,59,55,60,55,59,60,59,60,56,56,52,54,55,56,59,57,57,56,62,58,57,61,58,59,56,56,58,58,56,55,59,56,61,64,63,66,61,63,60,61,58,57,60,61,65
57,59,62,61,57,59,55,61,55,59,60,60,60,56,56,53,53,55,56,59,57,58,57,62,58,57,61,58,59,56,57,59,58,56,55,59,56,61,64,63,66,61,63,60,61,58,58,61,61,65
57,59,62,61,57,59,56,61,55,59,60,60,60,56,57,53,53,56,56,59,58,58,57,63,58,57,61,58,60,57,57,59,58,56,56,59,57,61,64,63,66,61,63,60,61,58,58,61,61,65
57,60,62,61,58,59,56,61,56,59,60,60,60,56,57,53,53,56,56,60,58,58,57,63,58,57,61,58,60,57,57,59,58,56,56,59,57,60,64,63,66,61,63,60,61,58,58,61,61,65
57,60,62,61,58,60,56,61,56,59,60,60,60,56,57,54,53,56,56,60,58,58,58,63,58,57,61,58,60,57,57,59,58,57,56,58,57,60,63,63,66,61,63,60,61,58,58,61,61,65
57,60,62,61,58,60,56,61,56,59,60,60,60,57,58,54,52,56,57,60,58,58,58,63,58,58,62,58,60,57,57,60,59,57,57,58,57,59,63,63,66,61,63,60,61,59,58,61,61,65
57,60,62,61,58,60,57,61,56,60,60,60,61,57,58,54,52,56,57,60,58,59,58,63,59,58,62,58,60,58,58,60,59,57,57,57,58,58,63,63,66,61,63,61,61,59,59,61,61,65
58,60,63,61,58,60,57,61,57,60,60,60,61,57,58,55,52,56,57,60,59,59,58,63,59,58,62,59,60,58,58,60,59,58,57,57,58,58,63,63,66,61,63,61,61,59,59,61,61,65
58,60,63,61,58,61,57,61,57,60,60,61,61,57,59,55,52,56,57,61,59,59,59,63,59,58,62,59,60,58,58,60,59,58,58,57,58,58,63,63,66,61,63,61,62,59,59,62,61,65
58,60,63,61,59,61,57,62,57,60,61,61,61,58,59,56,51,56,58,61,59,60,59,62,59,59,62,59,61,59,58,61,60,58,57,56,59,58,63,63,66,61,63,61,62,60,59,62,62,65
58,61,63,61,59,61,58,62,58,61,61,61,61,58,59,56,51,56,58,61,60,60,59,62,60,59,63,59,61,59,58,61,60,59,57,56,59,58,63,63,66,61,63,61,62,60,60,62,62,65
58,61,63,62,59,62,58,62,58,61,61,61,62,58,60,57,51,56,58,62,60,60,60,62,60,59,63,60,61,59,58,61,60,59,57,56,59,57,63,64,66,62,63,61,62,60,60,62,62,65
59,61,63,62,59,62,58,62,59,61,61,62,62,59,60,57,51,56,59,62,60,61,60,62,60,60,63,60,62,60,58,62,61,60,57,55,60,57,63,64,66,62,63,62,62,61,59,63,62,66
59,61,63,62,60,62,59,63,59,61,62,62,62,59,61,57,51,55,59,62,61,61,61,61,60,60,64,60,62,60,58,62,61,60,57,55,60,57,63,64,68,62,63,62,63,61,59,63,62,66
58,61,64,63,60,63,59,63,59,62,62,62,62,60,61,57,50,55,59,63,61,61,61,62,61,60,64,61,62,61,58,62,61,60,57,55,61,56,64,64,69,62,63,62,63,61,59,63,62,66
59,62,67,65,60,63,60,63,60,62,63,62,63,60,62,57,50,55,60,63,61,63,62,62,61,61,64,61,63,61,57,64,61,61,58,55,61,57,64,64,70,62,64,62,63,61,60,62,63,66
59,62,67,69,60,65,60,63,60,62,63,63,63,60,62,58,51,55,59,63,62,63,62,62,61,61,63,61,63,61,57,64,62,61,58,55,61,57,64,64,70,63,64,63,63,62,60,62,63,68
59,62,67,69,61,64,60,63,60,62,63,64,65,61,63,58,51,56,59,63,62,64,63,62,62,62,63,62,64,62,57,64,62,61,59,54,62,57,64,64,70,63,66,64,65,62,60,62,63,67
59,62,67,69,62,64,61,62,62,62,64,64,65,63,62,59,50,56,59,63,62,64,64,62,62,63,63,62,65,63,57,63,62,63,58,55,62,57,64,65,70,63,66,64,66,63,59,62,63,67
59,61,67,70,63,64,61,62,62,62,65,64,65,63,63,59,50,56,59,63,66,64,64,62,62,64,63,62,65,63,58,63,65,64,58,55,62,57,64,65,71,67,66,64,67,63,60,63,63,68
59,61,68,70,63,65,61,62,63,62,65,64,65,64,63,60,50,56,60,63,66,64,65,62,63,64,64,63,65,64,58,64,66,64,58,55,63,57,64,65,71,67,66,66,67,68,60,63,63,68
59,61,67,70,64,65,62,62,63,63,65,64,65,64,64,60,51,57,60,64,66,64,65,62,65,64,64,63,66,64,58,64,66,65,59,56,63,57,65,65,71,67,66,71,67,69,60,63,65,69
59,61,67,71,64,65,62,62,63,63,65,68,65,66,63,60,51,57,60,64,66,65,65,62,67,65,64,63,66,64,58,64,66,65,58,56,67,57,70,67,71,69,66,71,67,69,60,63,65,69
58,62,68,71,66,66,62,62,63,63,65,68,65,68,63,61,51,57,60,65,66,66,65,62,70,67,65,64,66,65,58,65,67,66,58,56,68,57,70,67,72,70,66,71,67,70,61,62,65,69
58,62,68,71,66,66,62,63,63,63,65,68,65,69,63,60,51,57,60,65,66,66,65,62,69,67,65,70,66,65,59,65,67,66,58,56,68,57,70,67,72,71,66,71,67,70,61,63,68,69
59,61,68,71,66,66,62,63,63,62,66,68,66,68,62,61,51,57,60,65,65,66,65,61,69,67,65,69,66,65,59,65,66,66,57,56,68,56,70,71,72,71,66,71,67,70,61,63,68,69
59,61,68,71,66,65,62,63,63,62,67,68,66,68,62,60,51,57,60,65,65,66,65,61,71,67,65,69,66,66,59,65,66,66,57,56,68,56,70,72,72,71,66,71,66,70,61,63,68,69
59,61,68,71,66,65,62,63,63,61,67,68,66,69,62,60,51,58,59,64,65,65,64,60,71,66,65,68,66,68,59,65,65,65,57,56,68,56,70,72,72,71,66,71,65,69,61,62,68,69
59,60,68,71,68,64,61,63,63,61,67,67,66,69,61,60,51,58,59,63,65,65,63,60,71,66,64,68,66,68,59,64,65,65,57,56,67,55,70,72,71,71,69,71,65,69,61,62,68,68
59,60,68,71,69,63,61,63,63,60,67,67,66,69,61,59,52,58,59,63,66,64,62,59,71,66,63,68,66,68,59,63,64,64,57,56,67,55,70,72,72,71,69,71,64,69,60,61,68,67
59,60,68,71,70,63,61,62,63,60,66,67,66,69,61,59,52,58,59,62,66,63,62,59,71,67,63,67,66,68,59,62,64,64,57,56,67,55,70,72,71,72,69,71,64,69,60,60,68,67
59,61,68,72,70,62,62,61,63,59,65,67,66,70,61,59,52,56,59,62,65,62,61,59,70,67,62,67,66,69,59,61,63,63,56,56,66,55,70,72,71,72,70,70,64,69,60,60,67,67
59,61,67,72,70,62,62,61,63,59,64,67,66,70,61,59,52,55,60,62,64,61,61,58,70,67,61,67,66,69,59,61,63,62,56,56,66,55,70,72,70,73,69,70,63,69,60,60,66,66
59,60,67,72,70,61,62,60,63,59,64,67,66,70,61,58,52,55,60,62,63,61,61,58,69,67,60,67,65,69,59,60,63,61,56,56,66,55,70,72,70,73,69,69,63,69,60,59,65,66
59,60,67,72,70,61,62,59,62,58,64,66,65,70,61,58,51,55,60,62,63,60,60,58,68,67,60,67,64,69,59,60,63,61,56,56,65,55,69,72,69,72,69,69,63,68,60,59,64,66
59,60,66,72,70,61,62,59,62,58,63,66,65,70,61,58,51,55,60,61,62,60,60,58,68,66,59,67,64,69,58,59,62,60,57,55,65,55,69,72,68,72,68,68,63,68,60,58,64,66
59,60,66,71,69,61,62,58,62,57,63,66,65,70,61,58,51,55,60,61,62,60,60,58,67,65,58,66,64,67,58,58,62,60,57,55,65,55,68,72,68,72,68,67,62,67,60,58,64,65
59,60,65,71,68,60,62,57,62,57,62,66,64,69,61,58,51,54,59,61,62,59,59,57,67,64,58,66,63,67,58,58,62,60,56,55,65,55,68,72,67,72,67,67,62,67,60,58,63,65
58,60,65,70,68,60,62,57,62,57,62,65,64,69,61,58,51,54,59,60,62,59,59,57,67,63,58,66,62,66,58,58,61,59,56,55,65,55,68,72,67,72,67,67,61,66,59,57,63,65
58,60,64,69,67,60,61,57,61,58,61,65,63,69,60,57,51,54,58,60,62,59,59,57,66,62,57,65,61,65,58,58,60,58,55,54,64,55,67,72,67,72,67,66,61,65,59,57,63,64
58,59,64,68,67,59,61,56,61,57,61,64,63,69,60,57,51,53,58,60,61,58,58,56,66,61,57,65,60,64,57,57,60,58,55,54,63,55,67,71,66,71,65,66,60,64,58,57,63,64
57,59,63,67,66,59,60,56,61,57,61,63,63,68,59,57,51,53,57,59,61,58,58,56,66,61,57,64,59,63,57,57,59,58,55,54,62,55,66,70,66,71,64,65,60,64,58,57,62,63
56,59,62,65,66,58,60,56,60,56,60,63,62,67,59,56,51,53,57,58,60,58,58,56,65,60,57,64,59,62,56,57,59,57,55,54,61,55,65,69,65,70,63,65,60,63,58,57,62,62
56,59,61,65,65,58,59,56,60,56,60,62,61,65,58,56,51,53,56,57,60,58,57,56,64,59,56,63,58,61,56,56,58,57,55,54,61,55,65,68,64,70,63,64,60,63,57,57,61,62
56,58,61,64,64,58,59,55,60,55,59,61,61,64,57,56,51,53,56,57,59,57,57,56,64,59,56,62,58,61,56,56,58,57,55,54,61,55,64,67,64,69,62,64,60,62,57,57,61,61
55,58,60,64,63,57,59,55,60,55,59,61,60,63,56,56,51,54,56,56,59,57,57,56,64,58,56,62,58,60,56,56,58,57,55,54,60,55,63,67,64,68,62,64,60,62,57,57,61,61
55,57,60,63,63,57,59,55,60,55,59,60,60,62,56,56,51,54,55,56,59,57,57,56,63,58,56,62,58,60,56,56,58,57,55,54,60,55,63,66,64,67,61,64,59,61,57,57,61,61
55,57,60,63,63,57,59,55,60,55,59,60,60,62,56,56,51,54,55,56,59,57,57,56,63,58,56,61,58,60,56,56,58,57,55,54,60,55,62,66,64,67,61,63,59,61,57,57,60,61
55,57,60,63,62,57,59,55,60,55,59,60,60,61,56,56,51,54,55,56,59,57,57,56,63,58,56,61,58,60,56,56,58,57,55,54,59,55,62,66,63,67,61,63,59,61,57,57,60,61
55,57,60,63,62,57,59,55,60,55,58,60,60,61,56,56,52,54,55,56,59,57,57,56,63,58,56,61,58,60,56,56,58,57,55,55,59,55,62,65,63,66,61,63,59,61,57,57,60,61
55,57,60,63,61,57,59,55,60,55,58,60,60,61,56,56,52,55,55,56,59,57,57,56,62,58,56,61,58,60,56,56,58,57,55,55,59,56,62,65,63,66,61,63,60,61,57,57,60,61
55,57,59,63,61,57,59,55,60,55,58,60,60,61,56,56,52,54,55,56,59,57,57,56,62,58,56,61,58,59,56,56,58,57,55,55,59,56,61,64,63,66,61,63,60,61,58,57,60,61
55,57,59,62,61,57,59,55,60,55,59,60,60,60,56,56,52,54,55,56,59,57,57,57,62,58,57,61,58,59,56,56,58,58,56,55,59,56,61,64,63,66,61,63,60,61,58,57,61,61
55,57,60,62,61,57,59,55,61,55,59,60,60,60,56,57,53,53,55,56,59,57,58,57,62,58,57,61,58,60,57,57,59,58,56,56,59,56,61,64,63,66,61,63,60,61,58,58,61,61
55,57,60,62,61,57,59,56,61,55,59,60,60,60,56,57,53,53,56,56,59,58,58,57,63,58,57,61,58,60,57,57,59,58,56,56,59,57,61,64,63,66,61,63,60,61,58,58,61,61
55,57,60,62,61,58,59,56,61,56,59,60,60,60,56,57,53,53,56,56,60,58,58,57,63,58,57,61,58,60,57,57,59,58,56,56,59,57,60,64,63,66,61,63,60,61,58,58,61,61
55,57,60,62,61,58,60,56,61,56,59,60,60,60,56,57,54,53,56,57,60,58,58,58,63,58,57,61,58,60,57,57,59,58,57,56,59,57,60,64,63,66,61,63,60,61,58,58,61,61
55,57,60,62,61,58,60,56,61,56,59,60,60,61,57,58,54,53,56,57,60,58,58,58,63,59,58,62,58,60,58,57,60,59,57,57,58,58,59,63,63,66,61,63,60,61,59,58,61,61
56,57,60,63,61,58,60,57,61,57,60,60,60,61,57,58,55,52,56,57,60,58,59,58,63,59,58,62,58,60,58,58,60,59,57,57,58,58,59,63,63,66,61,63,61,61,59,59,61,61
56,58,60,63,61,58,60,57,61,57,60,60,60,61,57,58,55,52,56,57,60,59,59,58,63,59,58,62,59,60,58,58,60,59,58,57,57,58,58,63,63,66,61,63,61,61,59,59,61,61
56,58,60,63,61,58,61,57,61,57,60,60,61,61,57,59,55,52,56,57,61,59,59,59,63,59,58,62,59,60,58,58,60,60,58,58,57,59,58,63,63,66,61,63,61,62,59,59,62,61
56,58,60,63,61,59,61,57,62,57,60,61,61,61,58,59,56,52,56,58,61,59,60,59,64,59,59,62,59,61,59,58,61,60,58,58,57,59,58,63,63,66,61,63,61,62,60,59,62,62
57,58,61,63,61,59,61,58,62,58,61,61,61,61,58,59,56,51,56,58,61,60,60,59,64,60,59,63,59,61,59,58,61,60,59,57,56,59,58,63,63,66,61,63,61,62,60,60,62,62
57,58,61,63,62,59,62,58,62,58,61,61,61,62,58,60,57,51,56,58,62,60,60,60,64,60,59,63,60,61,59,58,61,60,59,57,56,60,57,63,64,66,62,63,61,62,60,60,62,62
57,59,61,63,62,59,62,58,62,58,61,61,62,62,59,60,57,51,56,59,62,60,61,60,63,60,60,63,60,62,60,58,62,61,60,57,55,60,57,63,64,66,62,63,62,62,61,59,63,62
58,59,61,63,62,60,62,59,63,59,61,62,62,62,59,61,57,51,55,59,62,61,61,61,62,60,60,64,60,62,60,58,62,61,60,57,55,60,57,63,64,68,62,63,62,63,61,59,63,62
58,59,61,64,63,60,63,59,63,59,62,62,62,62,60,61,57,51,55,59,63,61,61,61,63,61,60,64,61,62,61,58,62,61,60,58,55,61,56,64,64,69,62,63,62,63,61,59,63,62
59,59,62,67,65,60,63,60,63,60,62,62,62,63,60,62,57,51,55,60,63,61,63,62,63,61,61,68,61,63,61,57,64,61,61,58,55,61,57,64,64,71,62,64,62,63,61,60,62,63
58,59,62,67,69,60,66,60,63,60,62,63,63,63,60,62,58,51,56,59,63,62,64,62,63,61,61,67,61,63,61,57,64,62,61,58,55,61,57,64,64,71,63,64,63,63,62,60,62,63
58,59,62,67,69,61,66,60,63,60,63,63,64,65,61,63,58,51,56,59,63,62,64,65,62,62,62,67,62,64,62,57,64,62,61,59,55,62,57,64,64,71,63,66,64,65,62,60,62,63
58,59,62,66,71,62,66,61,63,62,64,64,64,65,63,64,59,50,56,59,64,62,64,65,62,62,63,66,62,65,63,57,65,62,63,58,55,62,57,64,65,71,63,66,64,68,63,60,62,63
57,59,61,67,71,63,66,61,62,62,64,65,64,65,63,64,59,50,56,60,64,66,64,66,62,62,64,66,62,65,63,58,65,68,65,58,55,62,57,64,65,71,67,66,64,67,63,60,63,63
58,59,61,68,71,63,66,62,62,63,64,65,64,65,64,64,60,50,56,60,64,66,64,66,62,63,64,66,63,65,64,58,67,68,66,59,55,63,57,64,65,72,67,66,66,67,71,60,63,63
58,59,61,67,71,64,66,62,62,63,64,65,64,65,64,64,60,51,57,60,65,66,64,65,62,65,64,66,63,66,64,58,67,68,68,59,56,63,57,65,65,72,67,66,72,67,71,60,63,65
58,59,61,67,71,64,66,62,62,63,64,65,68,65,66,64,60,51,57,60,65,66,69,65,62,67,65,66,63,66,64,58,67,68,67,58,56,69,57,72,67,72,69,66,71,67,72,61,63,65
59,58,62,72,71,66,66,62,63,63,64,65,69,65,68,63,61,51,57,61,66,66,69,65,62,70,68,66,64,66,65,59,67,67,67,58,56,68,57,72,67,72,70,66,72,67,72,61,63,65
59,58,62,72,72,66,66,62,63,63,63,65,68,65,69,63,61,51,57,61,65,66,68,65,62,69,69,66,70,68,65,59,66,67,67,58,56,68,57,71,67,73,71,66,72,67,71,61,63,68
59,59,61,72,72,66,66,62,63,63,62,66,68,66,68,62,61,51,57,60,65,65,67,65,61,69,69,66,70,68,65,59,66,66,66,58,56,68,57,71,71,73,71,66,72,67,71,61,63,68
59,59,61,72,71,66,66,62,63,63,62,67,68,66,68,62,60,51,58,60,65,65,66,65,61,72,69,65,69,68,66,59,65,66,66,57,56,68,56,72,72,73,71,66,0,66,71,61,63,68
59,59,61,72,71,66,65,62,63,63,61,67,68,66,69,62,60,51,58,59,64,65,65,64,61,72,68,65,68,68,69,59,65,65,66,57,56,69,56,72,73,73,71,66,73,65,70,61,63,68
58,59,60,72,72,68,64,61,63,63,61,67,67,66,72,61,60,52,58,59,63,65,65,63,60,72,68,64,68,67,71,59,64,65,65,57,56,69,55,72,72,72,71,70,73,65,69,61,62,68
59,59,60,71,73,73,63,61,63,63,60,67,67,66,72,61,59,52,58,59,63,66,64,62,59,71,68,64,68,67,71,59,63,64,64,57,56,67,55,72,73,72,71,71,72,64,69,60,61,68
59,59,60,71,72,73,63,61,62,63,60,66,67,66,71,61,59,52,58,59,62,66,63,62,59,71,68,63,67,66,71,59,62,64,64,57,56,67,55,71,72,71,72,70,71,64,69,60,60,68
59,59,60,68,72,71,62,61,61,63,59,65,67,66,71,61,59,52,56,59,62,65,62,61,58,70,68,62,67,65,70,59,61,63,63,56,56,66,55,71,72,71,72,69,70,64,69,60,60,67
59,59,60,67,72,70,62,61,61,63,59,64,67,66,70,61,58,52,55,60,62,64,61,61,58,69,67,61,67,65,69,59,61,63,62,56,56,66,55,70,72,70,73,69,69,63,69,60,60,65
59,59,60,67,71,69,61,62,59,62,59,64,67,65,69,61,58,52,55,60,62,63,60,60,58,69,66,60,67,65,68,58,60,63,61,56,55,65,55,70,72,69,73,69,69,63,68,60,59,65
59,58,60,66,70,69,61,62,59,62,58,63,66,65,68,61,58,51,55,60,62,62,60,60,58,68,66,60,67,64,67,58,59,62,61,56,55,65,55,69,71,69,72,68,69,63,68,60,58,64
59,58,60,66,70,68,61,62,58,62,57,63,66,65,68,61,58,51,54,59,61,62,60,60,57,67,65,59,66,64,67,58,59,62,60,56,55,65,55,69,71,68,72,68,68,63,67,60,58,64
59,58,60,66,70,68,60,62,58,62,57,63,66,65,67,61,58,51,54,59,61,62,59,59,57,67,65,58,66,63,67,58,58,62,60,56,55,65,55,68,70,68,72,68,67,62,67,60,58,64
59,58,60,65,69,67,60,62,57,62,57,62,65,64,67,61,58,51,54,59,61,62,59,59,57,67,64,58,66,62,66,58,58,61,59,56,55,65,55,68,70,67,72,67,67,62,67,60,57,63
58,58,60,65,68,67,60,61,57,61,57,62,65,64,66,61,57,51,54,59,60,62,59,59,57,67,63,57,66,61,65,58,58,61,59,56,55,64,55,67,69,67,72,66,66,61,66,59,57,63
58,58,59,64,68,66,59,61,57,61,57,61,65,63,66,60,57,51,53,58,60,61,59,58,56,66,62,57,65,61,65,57,57,60,58,55,54,64,55,66,69,66,71,66,66,61,64,59,57,63
58,57,59,63,67,66,59,61,56,61,57,61,64,63,65,60,57,51,53,57,59,61,58,58,56,66,61,57,65,60,64,57,57,59,58,54,54,63,55,66,68,66,71,65,65,60,64,58,57,62
57,57,59,63,67,65,59,60,56,60,56,60,63,62,65,59,57,51,53,57,58,60,58,58,56,66,60,56,64,59,63,56,56,59,57,54,54,62,55,65,68,65,71,64,65,60,63,58,57,62
57,56,58,62,65,65,58,60,56,60,56,60,62,61,64,58,56,51,53,57,58,60,58,57,56,65,60,56,63,58,62,56,56,58,57,54,54,61,55,65,67,65,70,63,65,60,63,57,57,62
57,56,58,61,64,64,58,59,55,60,55,60,62,61,64,57,56,51,53,56,57,59,57,57,55,64,59,56,63,58,61,56,56,58,57,54,54,61,55,64,67,64,69,62,64,60,62,57,57,61
56,55,58,60,64,63,57,59,55,59,55,59,61,60,63,57,55,51,53,56,56,59,57,57,55,64,59,56,62,58,61,55,56,58,57,54,54,60,55,63,66,64,68,62,64,59,62,57,57,61
56,55,57,60,63,62,57,59,55,59,55,59,60,60,62,56,55,51,53,56,56,59,57,57,55,63,58,56,62,58,60,55,56,58,57,54,54,60,55,63,65,64,68,61,64,59,61,57,57,61
56,55,57,60,63,62,57,58,55,59,55,59,60,60,62,56,55,51,53,55,56,59,57,57,55,63,58,56,61,57,60,55,56,58,57,54,54,60,55,63,65,63,67,61,63,59,61,57,57,60
56,54,57,60,63,62,57,58,55,59,55,58,60,60,61,56,55,51,54,55,56,59,57,57,55,63,58,56,61,57,60,55,56,58,57,55,54,59,55,62,64,63,67,61,63,59,61,57,57,60
56,54,57,59,63,61,57,58,55,59,55,58,60,59,61,55,55,51,54,55,56,59,57,57,56,63,58,56,61,57,60,56,56,58,57,55,54,59,55,62,64,63,66,61,63,59,61,57,57,60
55,54,57,59,63,61,57,58,55,60,55,58,60,59,61,55,56,51,54,55,56,59,57,57,56,62,58,56,61,57,59,56,56,58,57,55,54,59,55,62,64,63,66,61,63,59,61,57,57,60
55,54,57,59,62,61,57,58,55,60,55,58,60,59,61,55,56,52,54,55,56,59,57,57,56,62,58,56,61,57,59,56,56,58,57,55,55,59,55,61,64,63,66,60,63,59,61,57,57,60
55,54,57,59,62,61,57,59,55,60,55,58,59,59,60,55,56,52,53,55,56,59,57,57,56,62,58,56,61,57,59,56,56,58,57,55,55,59,56,61,64,63,66,60,63,59,61,57,57,60
55,54,57,59,62,61,57,59,55,60,55,58,59,59,60,55,56,52,53,55,56,59,57,57,56,62,58,56,61,57,59,56,56,58,57,55,55,59,56,61,63,63,66,60,63,60,61,57,57,60
56,54,57,59,62,61,57,59,55,60,55,58,59,59,60,56,56,53,53,55,56,59,57,57,57,62,58,57,61,57,59,56,56,58,58,56,55,59,56,61,63,63,66,60,63,60,61,58,57,60
56,55,57,59,62,61,57,59,55,61,55,59,60,59,60,56,57,53,52,55,56,59,57,58,57,62,58,57,61,57,59,57,57,59,58,56,56,59,56,60,63,63,66,60,63,60,61,58,58,61
56,55,57,59,62,60,57,59,56,61,56,59,60,60,60,56,57,53,52,56,56,60,58,58,57,62,58,57,61,58,60,57,57,59,58,56,56,58,57,60,63,63,66,60,63,60,61,58,58,61
56,55,57,59,62,61,58,60,56,61,56,59,60,60,60,56,57,54,52,56,56,60,58,58,57,62,58,57,61,58,60,57,57,59,58,57,56,58,57,59,63,63,66,61,62,60,61,58,58,61
56,55,57,60,62,61,58,60,56,61,56,59,60,60,60,56,58,54,52,56,57,60,58,58,58,61,58,57,62,58,60,57,57,59,59,57,57,57,57,58,63,63,66,61,62,60,61,59,58,61
57,55,57,60,62,61,58,60,56,61,56,59,60,60,61,57,58,54,51,55,57,60,58,59,58,60,59,58,62,58,60,58,57,60,59,57,57,57,58,58,63,63,66,61,62,60,61,59,58,61
57,56,57,60,63,61,58,60,57,61,57,60,60,60,61,57,58,55,51,55,57,60,59,59,58,60,59,58,61,58,60,58,58,60,59,57,57,56,58,57,63,63,66,61,63,61,61,59,59,61
57,56,58,60,63,61,58,61,57,61,57,60,60,61,61,57,59,55,51,55,57,61,59,59,59,60,59,58,61,59,60,58,58,60,59,58,57,56,58,57,63,63,66,61,63,61,61,59,59,61
57,56,58,60,63,61,59,61,57,61,57,60,61,61,61,58,59,56,51,55,58,61,59,60,59,59,59,59,61,59,61,59,58,61,60,58,57,56,59,57,63,63,66,61,63,61,62,60,59,61
58,57,58,60,63,61,59,61,58,61,58,60,61,61,61,58,59,56,51,55,58,61,59,60,59,59,59,59,61,59,61,59,58,61,60,59,57,55,59,57,63,63,66,61,63,61,62,60,59,61
58,57,58,61,63,62,59,61,58,60,58,60,61,61,62,58,60,56,50,55,58,62,60,60,60,59,60,59,60,59,61,59,57,61,60,59,56,55,59,56,63,63,66,61,63,61,62,60,59,61
58,57,58,61,63,62,59,62,58,59,58,60,61,61,62,59,60,56,50,55,58,62,60,60,59,58,60,60,60,60,61,60,57,61,60,59,56,55,60,56,63,64,65,62,63,62,62,60,59,61
59,58,58,61,63,62,59,62,59,59,59,60,62,62,62,59,59,56,50,54,59,61,60,60,59,57,60,60,60,60,61,60,57,61,60,60,56,54,60,56,63,64,65,62,63,62,63,61,59,60
59,57,58,61,63,63,60,62,59,60,59,60,62,62,62,59,59,57,50,54,59,60,60,60,58,58,61,60,59,60,61,61,57,60,60,60,57,54,60,56,63,64,65,62,63,62,63,61,59,60
60,58,58,61,64,64,60,62,59,59,60,59,62,62,63,60,58,56,50,54,58,60,61,60,58,58,61,61,59,61,62,61,57,60,59,61,57,54,61,56,63,64,65,62,64,62,62,61,59,60
60,57,58,61,64,64,60,61,59,59,60,58,60,62,61,60,59,57,50,55,58,59,61,59,59,58,61,61,59,61,61,61,56,60,60,61,57,54,61,56,63,64,66,62,64,63,61,62,59,59
60,57,58,61,64,65,61,60,60,59,60,57,60,62,62,61,59,57,50,55,58,58,61,59,59,57,62,61,58,62,62,62,57,60,60,61,58,54,62,56,64,64,66,63,64,64,61,62,60,59
61,57,58,60,63,65,62,59,60,58,61,57,61,62,62,63,58,58,49,55,57,58,61,60,59,58,62,61,58,62,62,62,56,59,60,60,57,54,62,56,64,65,66,63,64,64,62,63,59,60
63,56,58,59,63,65,63,59,61,58,62,57,61,62,62,63,58,58,49,55,58,58,62,60,59,58,62,61,59,62,62,62,57,58,60,59,57,54,62,56,64,65,66,67,63,64,62,63,59,60
64,57,58,60,63,65,63,60,61,58,62,58,61,63,62,63,58,58,49,55,58,59,62,60,60,58,63,61,59,63,62,62,57,59,61,60,57,55,63,57,64,65,66,67,63,66,62,64,59,60
64,57,58,60,63,66,64,60,61,58,62,58,62,63,63,64,59,59,50,56,58,59,62,60,60,59,65,61,59,63,62,63,57,59,61,60,57,55,62,57,64,65,66,67,64,66,63,64,59,60
64,57,58,60,63,66,64,60,61,58,63,58,62,63,63,64,59,59,50,56,58,59,62,60,60,59,66,61,59,63,62,63,58,59,61,60,58,55,62,56,64,67,66,69,64,66,63,64,60,61
64,58,57,60,63,66,64,60,61,58,62,58,62,63,63,64,59,59,50,56,58,59,62,60,60,59,66,61,59,63,61,63,58,59,61,60,58,55,62,56,65,67,66,69,64,66,63,64,60,60
65,58,58,60,63,66,64,60,61,59,62,58,62,63,63,64,59,59,50,56,58,59,63,60,60,59,66,61,59,65,61,63,58,59,61,60,57,55,62,56,65,67,66,69,64,66,63,64,60,60
65,58,58,60,63,66,64,60,61,59,62,58,62,63,63,64,59,59,50,56,59,59,63,61,60,59,66,61,60,65,61,63,58,59,61,60,57,55,62,56,65,67,66,70,64,66,63,64,60,60
64,58,58,60,63,66,64,60,61,58,62,58,62,63,63,64,59,59,50,56,58,59,62,60,60,59,66,61,59,64,61,63,58,59,61,60,57,55,62,55,64,67,66,69,64,66,63,64,60,60
64,58,58,60,63,66,64,60,61,58,62,58,62,63,63,64,59,59,51,56,58,59,62,60,60,59,66,61,59,64,61,63,59,59,61,60,56,55,62,55,64,67,66,69,64,66,63,64,60,60
64,58,58,60,63,66,64,60,61,58,63,58,62,63,63,64,59,59,51,56,58,59,62,60,60,59,66,61,59,64,61,63,59,59,61,60,56,55,62,54,65,67,66,69,64,66,63,64,60,60
64,58,57,60,62,65,64,60,60,58,63,58,61,63,63,63,59,58,51,56,58,59,62,60,60,58,66,61,59,64,60,62,59,59,61,60,56,55,62,54,64,66,66,69,64,66,62,64,60,60
64,58,57,60,62,65,64,60,61,58,62,58,61,62,62,63,58,58,51,56,58,59,62,60,60,58,65,61,59,64,60,62,58,59,61,60,56,55,62,54,64,66,66,69,63,65,62,64,60,59
63,57,56,59,61,64,63,59,61,57,61,57,60,62,61,62,57,57,51,55,57,58,61,59,59,57,64,60,58,63,59,61,57,58,60,59,56,55,61,54,63,65,65,68,63,65,61,63,59,58
62,56,55,57,60,63,61,57,59,56,60,55,59,60,60,61,56,56,51,54,56,56,60,58,58,56,63,58,57,62,58,60,56,56,58,57,55,54,59,54,62,64,63,67,61,63,60,61,58,57
61,55,54,57,59,62,60,57,58,55,59,54,58,59,59,60,55,55,50,53,55,56,59,57,57,55,62,57,56,61,57,59,55,56,58,57,54,53,59,54,61,63,63,66,60,62,59,61,57,56
61,55,54,57,59,62,60,57,58,55,59,54,58,59,59,60,55,55,50,53,55,56,59,57,57,55,62,57,56,61,57,59,55,56,58,57,54,53,59,54,61,63,63,66,60,62,59,61,57,56
61,55,54,57,59,62,60,57,58,55,59,54,58,59,59,60,55,55,50,53,55,56,59,57,57,55,62,57,56,61,57,59,55,56,58,57,54,53,59,54,61,63,63,66,60,62,59,61,57,56
61,55,54,57,59,62,60,57,58,55,59,54,58,59,59,60,55,55,50,53,55,56,59,57,57,55,62,57,56,61,57,59,55,56,58,57,54,53,59,54,61,63,63,66,60,62,59,61,57,56
61,55,54,57,59,62,60,57,58,55,59,54,58,59,59,60,55,55,50,53,55,56,59,57,57,55,62,57,56,61,57,59,55,56,58,57,54,53,59,54,61,63,63,66,60,62,59,61,57,56
61,55,54,57,59,62,60,57,58,55,59,54,58,59,59,60,55,55,50,53,55,56,59,57,57,55,62,57,56,61,57,59,55,56,58,57,54,53,59,54,61,63,63,66,60,62,59,61,57,56
61,55,54,57,59,62,60,57,58,55,59,54,58,59,59,60,55,55,50,53,55,56,59,57,57,55,62,57,56,61,57,59,55,56,58,57,54,53,59,54,61,63,63,66,60,62,59,61,57,56
61,55,54,57,59,62,60,57,58,55,59,54,58,59,59,60,55,55,50,53,55,56,59,57,57,55,62,57,56,61,57,59,55,56,58,57,54,53,59,54,61,63,63,66,60,62,59,61,57,56
61,55,54,57,59,62,60,57,58,55,59,54,58,59,59,60,55,55,50,53,55,56,59,57,57,55,62,57,56,61,57,59,55,56,58,57,54,53,59,54,61,63,63,66,60,62,59,61,57,56
61,55,54,57,59,62,60,57,58,55,59,54,58,59,59,60,55,55,50,53,55,56,59,57,57,55,62,57,56,61,57,59,55,56,58,57,54,53,59,54,61,63,63,66,60,62,59,61,57,56
61,55,54,57,59,62,60,57,58,55,59,54,58,59,59,60,55,55,50,53,55,56,59,57,57,55,62,57,56,61,57,59,55,56,58,57,54,53,59,54,61,63,63,66,60,62,59,61,57,56
61,55,54,57,59,62,60,57,58,55,59,54,58,59,59,60,55,55,50,53,55,56,59,57,57,55,62,57,56,61,57,59,55,56,58,57,54,53,59,54,61,63,63,66,60,62,59,61,57,56
61,55,54,57,59,62,60,57,58,55,59,54,58,59,59,60,55,55,51,53,55,56,59,57,57,55,62,57,56,61,57,59,55,56,58,57,54,54,59,54,61,63,63,66,60,62,59,61,57,56
61,55,54,57,59,62,60,57,58,55,59,54,58,59,59,60,55,55,51,53,55,56,59,57,57,55,62,57,56,61,57,59,55,56,58,57,54,54,59,55,61,63,63,66,60,62,59,61,57,56
61,55,54,57,59,62,60,57,58,55,59,54,58,59,59,60,55,55,51,53,55,56,59,57,57,55,62,57,56,61,57,59,55,56,58,57,54,54,59,55,61,63,63,66,60,62,59,61,57,56
61,55,54,57,59,62,60,57,58,55,59,54,58,59,59,60,55,55,51,54,55,56,59,57,57,55,62,57,56,61,57,59,55,56,58,57,55,54,59,55,61,63,63,66,60,62,59,61,57,56
61,55,54,57,59,62,60,57,58,55,59,55,58,59,59,60,55,55,51,54,55,56,59,57,57,56,62,57,56,61,57,59,56,56,58,57,55,54,59,55,61,63,63,66,60,62,59,61,57,57
61,55,54,57,59,62,60,57,58,55,60,55,58,59,59,60,55,56,52,54,55,56,59,57,57,56,62,57,56,61,57,59,56,56,58,57,55,54,59,55,61,63,63,66,60,62,59,61,57,57
61,55,54,57,59,62,60,57,58,55,60,55,58,59,59,60,55,56,52,53,55,56,59,57,57,56,62,58,56,61,57,59,56,56,58,57,55,55,59,55,61,63,63,66,60,62,59,61,57,57
61,55,54,57,59,62,60,57,59,55,60,55,58,59,59,60,55,56,52,53,55,56,59,57,57,56,62,58,56,61,57,59,56,56,58,57,55,55,59,56,61,63,63,66,60,62,59,61,57,57
61,56,54,57,59,62,60,57,59,55,60,55,58,59,59,60,56,56,52,52,55,56,59,57,57,56,62,58,56,61,57,59,56,56,58,58,56,55,59,56,61,63,63,66,60,62,60,61,58,57
61,56,54,57,59,62,61,57,59,55,61,55,59,59,59,60,56,57,53,52,55,56,59,57,58,57,62,58,57,61,57,59,56,57,59,58,56,56,59,56,60,63,63,66,60,62,60,61,58,57
61,56,55,57,59,62,60,57,59,56,61,55,59,60,60,60,56,57,53,52,56,56,59,58,58,57,62,58,57,61,57,59,57,57,59,58,56,56,58,57,59,63,63,66,60,63,60,61,58,58
61,56,55,57,59,62,61,58,59,56,61,56,59,60,60,60,56,57,54,52,56,56,60,58,58,57,62,58,57,61,58,60,57,57,59,58,56,56,58,57,59,63,63,66,60,62,60,61,58,58
61,56,55,57,60,62,61,58,60,56,61,56,59,60,60,60,56,58,54,52,55,57,60,58,58,58,61,58,57,62,58,60,57,57,59,58,57,57,57,57,58,63,63,66,61,62,60,61,58,58
61,57,55,57,60,62,61,58,60,56,61,56,59,60,60,60,57,58,54,51,55,57,60,58,59,58,60,58,58,62,58,60,58,57,60,59,57,57,57,58,58,63,63,66,61,62,60,61,59,58
61,57,56,57,60,62,61,58,60,57,61,57,60,60,60,61,57,58,55,51,55,57,60,58,59,58,60,59,58,62,58,60,58,58,60,59,57,57,56,58,57,63,63,66,61,63,61,61,59,59
61,57,56,58,60,63,61,58,60,57,61,57,60,60,60,61,57,59,55,51,55,57,61,59,59,59,60,59,58,61,59,60,58,58,60,59,58,57,56,58,57,63,63,66,61,63,61,61,59,59
61,57,56,58,60,63,61,58,61,57,61,57,60,61,61,61,58,59,56,51,55,57,61,59,60,59,60,59,58,62,59,61,59,58,61,60,58,57,56,59,57,63,63,66,61,63,61,62,60,59
61,58,57,58,60,63,61,59,61,58,61,58,61,61,61,61,58,59,56,50,55,58,61,59,60,59,60,59,59,61,59,61,59,57,61,60,59,56,55,59,57,63,63,66,61,63,61,62,60,59
62,58,57,58,61,63,62,59,61,58,60,58,60,61,61,62,58,60,56,50,55,58,62,60,60,60,59,60,59,61,59,61,59,57,61,60,59,56,55,59,56,63,63,66,61,63,61,62,60,59
62,58,57,58,61,63,62,59,62,58,60,58,61,61,61,62,59,60,56,50,55,58,62,60,61,60,59,60,60,61,60,61,60,57,61,60,59,56,55,60,56,63,64,66,62,63,62,62,60,59
62,59,58,58,61,63,62,59,62,59,60,59,61,62,62,62,59,60,56,50,54,59,62,60,61,59,58,60,60,61,60,62,60,57,62,61,60,56,54,60,56,63,64,66,62,63,62,63,61,58
62,59,57,58,61,64,63,60,63,59,61,59,61,62,62,62,59,60,56,50,54,59,62,61,61,60,59,61,60,60,60,62,61,57,61,61,60,57,54,60,55,63,64,66,62,63,62,63,61,59
62,60,58,58,62,65,65,60,63,59,60,60,60,62,62,63,60,60,56,50,54,59,61,61,61,60,59,61,61,61,61,63,61,56,62,61,61,57,54,61,56,64,64,67,62,64,62,63,61,59
63,60,57,58,62,65,66,60,63,59,60,60,59,62,63,63,60,60,57,50,55,58,60,62,61,60,59,61,61,60,61,63,61,56,61,61,61,58,54,61,56,64,64,67,62,64,63,63,62,59
62,60,57,58,62,65,66,61,61,60,61,60,59,62,63,63,61,60,57,50,55,58,60,62,61,61,59,61,62,60,61,63,62,57,61,62,61,58,54,61,56,64,64,67,63,66,64,63,62,60
63,61,57,58,61,65,67,62,61,60,60,61,59,62,64,64,63,60,58,49,55,58,60,62,61,61,59,62,62,60,62,64,63,56,60,62,61,57,54,62,56,64,65,67,63,65,64,63,63,59
63,63,56,58,60,65,67,63,61,60,59,62,59,63,64,64,63,60,58,49,55,59,60,63,61,61,60,62,63,60,62,64,63,57,60,62,61,57,54,62,56,64,65,68,67,65,64,64,63,59
63,64,57,58,60,65,67,63,62,61,60,62,59,63,64,64,64,60,59,49,55,59,60,64,62,62,60,63,62,61,63,64,64,57,60,63,61,58,54,63,56,64,65,68,67,65,66,64,65,59
63,64,57,58,60,65,68,64,62,61,60,62,60,63,64,65,64,61,59,50,56,59,61,64,62,62,60,65,63,61,63,64,64,57,61,63,62,58,55,63,57,65,65,68,67,66,68,64,66,59
63,66,57,58,61,65,68,64,62,61,60,63,60,63,65,65,65,61,59,50,56,59,61,64,62,62,60,67,63,61,63,63,64,58,61,63,62,58,55,64,56,66,67,68,69,66,68,64,66,60
63,66,58,57,61,64,67,66,62,61,60,62,60,63,65,65,65,60,60,50,56,60,61,64,62,62,60,68,63,61,63,62,64,58,61,63,62,57,55,64,56,66,67,68,70,66,68,64,66,60
63,66,58,57,61,64,67,66,62,61,60,62,60,63,65,64,65,60,60,50,56,60,61,64,62,62,60,68,63,61,66,62,64,58,61,63,62,57,55,64,56,66,67,68,71,66,68,64,66,60
63,66,58,58,60,64,67,65,62,61,60,62,59,63,64,64,65,60,60,50,57,59,61,64,62,62,60,67,62,61,66,62,64,58,61,63,61,57,55,64,56,66,68,68,71,65,67,64,66,60
63,65,58,58,60,64,67,65,61,61,59,62,59,63,64,64,65,60,59,50,57,59,60,63,61,61,60,67,62,60,66,62,64,58,60,62,61,56,55,63,55,66,68,67,70,65,67,64,65,60
63,65,58,58,60,64,67,65,61,61,59,62,59,63,64,64,65,60,59,50,57,58,60,63,61,61,60,67,62,60,66,62,64,59,60,62,61,56,55,63,55,66,68,67,70,65,67,64,65,61
63,65,58,58,60,64,67,65,61,61,59,63,59,63,64,64,65,60,59,51,57,58,60,63,61,61,59,67,62,60,66,62,64,59,60,62,61,56,55,63,54,66,68,67,70,65,67,64,65,60
63,65,58,58,60,64,67,65,61,60,59,62,59,63,64,64,65,60,58,51,57,58,60,63,61,61,58,67,62,60,66,62,64,58,60,62,61,56,55,63,54,66,68,67,70,65,67,64,65,60
62,65,58,58,60,63,66,64,61,61,59,62,58,62,63,63,64,59,58,51,57,58,60,63,61,61,58,66,62,60,65,61,63,59,60,62,61,56,55,63,54,65,67,67,70,64,66,63,65,59
61,64,58,57,60,62,65,64,60,61,58,62,58,61,63,62,63,58,58,51,55,58,59,62,60,60,58,65,61,59,64,60,62,58,59,61,60,56,55,62,54,64,66,66,69,63,66,62,64,59
60,63,58,56,59,61,65,63,59,61,57,62,57,61,62,62,63,58,58,51,55,57,58,61,59,59,57,65,60,58,63,59,62,58,58,60,59,56,55,61,54,63,65,65,68,63,65,61,63,59
60,63,57,56,58,61,64,62,58,60,56,61,56,60,61,61,62,57,57,51,54,56,57,60,58,58,57,64,59,57,63,59,61,57,57,59,58,56,55,60,54,63,65,64,67,62,64,61,62,58
59,62,56,55,58,60,63,61,58,59,56,60,55,59,60,60,61,56,56,51,54,56,56,60,58,58,56,63,58,57,62,58,60,56,57,59,57,55,54,60,54,62,64,64,67,61,63,60,62,58
59,61,56,55,57,60,63,61,57,59,55,60,55,59,60,60,61,56,56,50,53,55,56,59,57,57,56,63,58,56,61,58,60,56,56,58,57,55,54,59,54,61,64,63,66,61,63,60,61,57
58,61,55,54,57,59,62,61,57,58,55,59,55,58,59,59,60,55,55,50,53,55,56,59,57,57,55,62,58,56,61,57,59,55,56,58,57,54,53,59,54,61,63,63,66,60,63,59,61,57
58,61,55,54,56,59,62,60,57,58,55,59,54,58,59,59,60,55,55,50,53,55,55,59,57,57,55,62,57,56,61,57,59,55,55,58,56,54,53,59,54,61,63,62,66,60,62,59,60,57
58,61,55,54,56,59,62,60,57,58,55,59,54,58,59,59,60,55,55,50,53,55,55,59,57,57,55,62,57,56,61,57,59,55,55,58,56,54,53,59,54,61,63,62,66,60,62,59,60,57
58,61,55,54,56,59,62,60,57,58,55,59,54,58,59,59,60,55,55,50,53,55,55,59,57,57,55,62,57,56,61,57,59,55,55,58,56,54,53,59,54,61,63,62,66,60,62,59,60,57
58,61,55,54,56,59,62,60,57,58,55,59,54,58,59,59,60,55,55,50,53,55,55,59,57,57,55,62,57,56,61,57,59,55,55,58,56,54,53,59,54,61,63,62,66,60,62,59,60,57
58,61,55,54,56,59,62,60,57,58,55,59,54,58,59,59,60,55,55,50,53,55,55,59,57,57,55,62,57,56,61,57,59,55,55,58,56,54,53,59,54,61,63,62,66,60,62,59,60,57
58,61,55,54,56,59,62,60,57,58,55,59,54,58,59,59,60,55,55,50,53,55,55,59,57,57,55,62,57,56,61,57,59,55,55,58,56,54,53,59,54,61,63,62,66,60,62,59,60,57
58,61,55,54,56,59,62,60,57,58,55,59,54,58,59,59,60,55,55,50,53,55,55,59,57,57,55,62,57,56,61,57,59,55,55,58,56,54,53,59,54,61,63,62,66,60,62,59,60,57
58,61,55,54,56,59,62,60,57,58,55,59,54,58,59,59,60,55,55,50,53,55,55,59,57,57,55,62,57,56,61,57,59,55,55,58,56,54,53,59,54,61,63,62,66,60,62,59,60,57
58,61,55,54,56,59,62,60,57,58,55,59,54,58,59,59,60,55,55,50,53,55,55,59,57,57,55,62,57,56,61,57,59,55,55,58,56,54,53,59,54,61,63,62,66,60,62,59,60,57
58,61,55,54,56,59,62,60,57,58,55,59,54,58,59,59,60,55,55,51,53,55,55,59,57,57,55,62,57,56,61,57,59,55,55,58,56,54,54,59,54,61,63,62,66,60,62,59,60,57
58,61,55,54,56,59,62,60,57,58,55,59,54,58,59,59,60,55,55,51,53,55,55,59,57,57,55,62,57,56,61,57,59,55,56,58,57,54,54,59,55,61,63,62,66,60,62,59,60,57
58,61,55,54,56,59,62,60,57,58,55,59,54,58,59,59,60,55,55,51,54,55,55,59,57,57,55,62,57,56,61,57,59,55,56,58,57,54,54,59,55,61,63,62,66,60,62,59,60,57
58,61,55,54,56,59,62,60,57,58,55,59,54,58,59,59,60,55,55,51,54,55,55,59,57,57,56,62,57,56,61,57,59,55,56,58,57,55,54,59,55,61,63,62,66,60,62,59,60,57
58,61,55,54,56,59,62,60,57,58,55,60,55,58,59,59,60,55,56,51,53,55,55,59,57,57,56,62,57,56,61,57,59,56,56,58,57,55,54,59,55,61,63,62,66,60,62,59,60,57
58,61,55,54,56,59,62,60,57,58,55,60,55,58,59,59,60,55,56,52,53,55,56,59,57,57,56,62,57,56,61,57,59,56,56,58,57,55,55,59,55,61,63,62,66,60,62,59,60,57
58,61,55,54,57,59,62,60,57,59,55,60,55,58,59,59,60,55,56,52,53,55,56,59,57,57,56,62,58,56,61,57,59,56,56,58,57,55,55,59,56,61,63,62,66,60,62,59,61,57
58,61,55,54,57,59,62,60,57,59,55,60,55,58,59,59,60,55,56,52,52,55,56,59,57,57,56,62,58,56,61,57,59,56,56,58,57,56,55,59,56,60,63,63,66,60,62,60,61,58
58,61,56,54,57,59,62,60,57,59,55,60,55,58,59,59,60,56,57,53,52,55,56,59,57,58,57,62,58,57,61,57,59,56,56,59,58,56,56,59,56,60,63,63,66,60,62,60,61,58
58,61,56,55,57,59,62,60,57,59,55,61,55,59,59,59,60,56,57,53,52,55,56,59,57,58,57,62,58,57,61,57,59,57,57,59,58,56,56,58,57,59,63,63,66,60,62,60,61,58
58,61,56,55,57,59,62,60,57,59,56,61,56,59,60,60,60,56,57,53,52,56,56,60,58,58,57,62,58,57,61,58,60,57,57,59,58,56,56,57,57,59,63,63,66,60,62,60,61,58
58,61,56,55,57,59,62,61,58,60,56,61,56,59,60,60,60,56,58,54,51,55,56,60,58,58,58,61,58,57,61,58,60,57,57,59,58,57,57,57,57,58,63,63,66,61,62,60,61,58
58,61,57,55,57,60,62,61,58,60,56,61,56,59,60,60,60,57,58,54,51,55,57,60,58,59,58,60,58,58,62,58,60,58,57,60,59,57,57,56,58,58,63,63,66,61,62,60,61,59
59,61,57,56,57,60,62,61,58,60,57,61,57,60,60,60,61,57,58,55,51,55,57,60,58,59,58,60,59,58,62,58,60,58,58,60,59,57,57,56,58,57,63,63,66,61,62,61,61,59
59,61,57,56,58,60,63,61,58,60,57,61,57,60,60,60,61,57,59,55,51,55,57,61,59,59,59,60,59,58,61,58,60,58,58,60,59,58,57,56,58,57,63,63,66,61,63,61,61,59
59,61,57,56,58,60,63,61,58,61,57,61,57,60,61,61,61,57,59,55,50,55,57,61,59,60,59,60,59,58,62,59,61,59,58,61,60,58,56,55,59,57,63,63,66,61,63,61,62,60
59,61,58,56,58,60,63,61,59,61,58,61,58,60,61,61,61,58,59,56,50,55,58,61,59,60,59,60,59,59,61,59,61,59,57,61,60,59,56,55,59,57,63,63,66,61,63,61,62,60
60,62,58,57,58,61,63,62,59,61,58,60,58,60,61,61,61,58,60,56,50,55,58,62,60,60,60,59,60,59,61,59,61,59,57,61,60,59,56,55,59,56,63,63,66,61,63,61,62,60
60,62,58,57,58,61,63,62,59,62,58,60,58,61,61,61,62,59,60,56,50,55,58,62,60,61,60,59,60,60,61,60,61,60,57,61,60,59,56,54,60,56,63,63,66,62,63,61,62,60
60,62,59,57,58,61,63,62,59,62,59,60,59,61,62,62,62,59,60,56,50,54,59,62,60,61,59,58,60,60,61,60,62,60,57,62,61,60,56,54,60,56,63,64,66,62,63,62,63,61
61,62,59,57,57,61,64,63,60,63,59,61,59,61,62,62,62,59,60,56,49,54,59,61,61,61,59,59,61,60,60,60,62,61,57,61,61,60,56,54,60,55,63,64,66,62,63,62,63,61
61,62,60,57,58,61,65,65,60,63,59,60,60,60,62,62,63,60,59,56,49,54,59,61,61,61,60,59,61,61,60,61,63,61,56,61,61,61,57,53,61,56,64,64,66,62,64,62,63,61
62,62,60,57,58,62,65,65,60,62,59,60,60,59,62,63,63,60,60,57,50,54,58,60,62,60,60,59,61,61,60,61,62,61,56,61,61,61,57,54,61,56,64,64,67,62,64,63,62,62
62,62,60,57,58,62,65,66,61,61,59,60,60,59,62,63,63,61,60,57,50,55,58,59,62,61,60,59,61,62,59,61,63,62,56,61,61,61,58,53,61,56,64,64,67,63,65,64,63,62
62,62,61,56,57,61,64,66,62,60,60,60,61,58,62,63,63,63,59,58,49,55,58,59,62,61,60,59,62,62,59,62,63,63,56,60,61,61,57,54,62,56,64,65,67,63,65,64,63,63
63,62,63,56,58,60,64,66,63,61,60,59,61,58,62,63,63,63,59,58,49,55,58,60,63,61,61,59,62,62,60,62,63,63,57,60,62,60,57,54,62,56,64,65,67,67,64,64,63,63
63,63,64,56,58,60,64,67,63,61,60,59,62,59,62,64,64,64,60,59,49,55,59,60,63,61,61,59,63,62,60,63,63,64,57,60,62,61,57,54,62,56,64,65,67,67,65,66,63,65
63,63,64,57,58,60,64,67,64,61,61,59,62,59,63,64,64,64,60,59,50,56,59,60,63,61,61,60,65,62,60,63,63,64,57,60,62,61,58,55,63,56,65,65,68,67,65,67,64,65
63,63,66,57,58,60,64,67,64,61,61,60,62,59,63,64,64,65,60,59,50,56,59,60,64,62,61,60,67,62,60,63,63,64,57,60,62,61,57,55,63,56,66,67,67,69,65,67,64,65
62,63,66,58,57,61,64,67,66,62,61,60,62,60,63,64,64,65,60,60,50,56,59,61,64,62,62,60,67,63,61,63,62,64,57,61,63,62,57,55,64,56,66,67,68,70,65,68,64,66
62,63,66,58,57,61,64,67,65,61,61,60,62,59,63,64,64,65,60,60,50,56,59,60,64,62,62,60,67,62,61,66,62,64,58,60,62,61,57,55,63,56,66,67,67,71,65,67,64,65
62,63,66,58,58,60,64,67,65,61,61,60,62,59,63,64,64,65,60,60,50,56,59,60,64,62,61,60,67,62,60,66,62,64,58,60,62,61,56,55,63,55,66,68,67,71,65,67,64,65
62,63,66,58,58,60,64,67,65,61,61,60,62,59,63,64,64,65,60,59,50,57,59,60,64,62,61,60,67,62,60,66,62,64,58,60,62,61,56,55,63,55,66,68,67,71,65,67,64,65
62,63,66,58,58,60,64,67,66,62,61,60,62,59,63,64,64,65,60,59,50,57,58,61,64,62,62,60,67,63,61,66,62,64,58,61,63,62,56,55,64,55,66,68,68,71,65,67,64,66
62,63,66,58,58,59,64,67,66,62,60,60,62,60,63,65,65,65,60,59,51,57,58,61,64,62,62,59,68,63,61,66,62,64,58,61,63,62,56,55,64,54,66,68,68,71,66,68,64,66
62,63,66,58,58,59,64,68,66,62,60,60,62,59,64,65,65,66,60,58,51,57,58,61,64,62,62,58,68,63,61,66,62,65,58,61,63,62,56,55,64,54,66,68,68,71,66,68,64,66
63,64,66,58,58,60,65,68,66,62,61,60,62,59,64,65,65,66,60,58,51,57,58,61,64,62,61,58,68,63,61,67,63,65,58,61,63,62,56,55,64,54,67,69,68,71,66,68,63,66
62,63,66,58,58,60,64,67,65,61,61,60,62,59,63,64,64,65,60,58,51,55,59,60,64,61,60,58,67,62,60,66,62,64,58,60,62,61,56,55,63,54,66,68,67,71,65,67,63,65
61,62,65,58,58,60,64,67,65,61,61,59,62,58,63,64,64,65,60,58,51,55,59,60,63,60,60,57,67,62,60,65,62,64,58,60,62,61,56,55,63,54,65,68,67,70,65,67,63,65
61,62,65,58,58,59,63,67,65,61,61,59,62,58,62,64,64,64,60,58,51,54,59,60,62,60,60,57,67,62,60,65,61,64,58,60,62,60,56,55,63,54,65,67,67,70,65,67,63,65
61,62,65,58,58,59,63,66,65,60,61,58,61,57,62,64,64,64,59,57,51,54,59,60,62,59,60,57,67,62,59,65,61,63,58,59,62,60,56,55,63,54,65,67,67,70,65,67,62,65
61,62,65,58,58,59,63,66,65,60,61,58,61,57,62,63,63,64,59,57,50,54,59,59,62,59,59,57,66,61,58,65,61,63,58,58,62,59,56,55,63,54,65,67,67,70,64,66,62,65
61,62,64,58,58,59,63,66,64,60,61,57,61,56,62,63,63,64,59,57,50,54,58,59,62,59,59,57,66,61,58,65,61,63,57,57,61,59,56,54,62,54,65,67,66,69,64,66,62,64
60,61,64,58,57,59,62,66,64,60,61,56,61,56,61,63,63,63,58,57,50,54,58,59,61,59,59,56,66,61,57,64,60,62,57,57,61,59,55,54,62,55,64,66,66,69,64,66,61,64
60,61,64,58,57,59,62,65,64,59,61,56,61,57,61,62,62,63,58,57,50,53,58,59,61,59,58,56,65,61,57,64,60,62,57,57,60,58,55,54,62,54,64,66,66,69,63,66,61,64
59,60,63,57,56,59,61,64,63,59,60,56,60,57,60,61,61,62,57,57,50,53,57,58,61,58,58,56,64,60,56,63,59,61,57,57,60,57,54,54,61,54,63,65,65,68,62,65,60,63
58,59,62,57,55,58,61,64,62,58,60,56,60,56,60,61,61,62,57,56,50,53,56,57,60,58,58,56,64,59,56,62,59,61,57,56,59,57,54,53,60,54,62,65,64,67,62,64,60,62
58,59,62,56,55,58,60,63,62,58,59,55,60,55,59,60,60,61,56,56,50,52,56,57,60,57,57,55,63,59,56,62,58,60,56,56,58,57,54,53,60,54,62,64,64,67,61,63,59,62
58,59,62,56,55,57,60,63,61,58,59,55,59,55,59,60,60,61,56,56,50,52,56,56,60,57,57,55,63,58,56,62,58,60,55,56,58,57,54,53,60,54,62,64,64,67,61,63,59,62
58,59,62,56,55,57,60,63,61,57,59,55,59,55,59,60,60,61,56,55,50,53,56,56,59,57,57,55,63,58,56,62,58,60,55,56,58,57,54,53,59,54,62,64,63,67,61,63,59,61
57,58,61,55,54,56,59,62,60,56,58,55,59,54,58,59,59,60,55,55,50,53,55,55,59,57,57,55,62,57,56,61,57,59,55,55,58,56,54,53,59,54,61,63,62,66,60,62,59,60
57,58,61,55,54,56,59,62,60,56,58,55,59,54,58,59,59,60,55,55,50,53,55,55,59,57,56,55,62,57,56,61,57,59,55,55,57,56,54,53,58,54,61,63,62,66,60,62,59,60
57,58,61,55,54,56,59,62,60,56,58,55,59,54,58,59,59,60,55,55,51,53,55,55,59,57,56,55,62,57,56,61,57,59,55,55,57,56,54,53,58,54,61,63,62,66,60,62,59,60
57,58,61,55,54,56,59,62,60,56,58,55,59,54,58,59,59,60,55,55,51,53,55,55,59,57,56,55,62,57,56,61,57,59,55,55,58,56,54,54,58,54,61,63,62,66,60,62,59,60
57,58,61,55,54,56,59,62,60,56,58,55,59,54,58,59,59,60,55,55,51,54,55,55,59,57,57,55,62,57,56,61,57,59,55,56,58,57,54,54,58,55,61,63,62,66,60,62,59,60
57,58,61,55,54,56,59,62,60,56,58,55,59,54,58,59,59,60,55,55,51,54,55,55,59,57,57,55,62,57,56,61,57,59,55,56,58,57,55,54,58,55,61,63,62,66,60,62,59,60
57,58,61,55,54,56,59,62,60,56,58,55,59,55,58,59,59,60,55,56,51,53,55,55,59,57,57,56,62,57,56,61,57,59,55,56,58,57,55,54,58,55,61,63,62,66,60,62,59,60
57,58,61,55,54,56,59,62,60,57,58,55,60,55,58,59,59,60,55,56,52,53,55,55,59,57,57,56,62,57,56,61,57,59,56,56,58,57,55,55,58,55,61,63,62,66,60,62,59,60
57,58,61,55,54,56,59,62,60,57,59,55,60,55,58,59,59,60,55,56,52,53,55,56,59,57,57,56,62,57,56,61,57,59,56,56,58,57,55,55,58,56,61,63,62,66,60,62,59,60
57,58,61,55,54,57,59,62,60,57,59,55,60,55,58,59,59,60,55,56,52,52,55,56,59,57,57,56,62,58,56,61,57,59,56,56,58,57,56,55,58,56,60,63,62,66,60,62,59,60
57,58,61,56,54,57,59,62,60,57,59,55,60,55,58,59,59,60,56,56,53,52,55,56,59,57,57,57,62,58,57,61,57,59,56,56,59,58,56,55,58,56,60,63,62,66,60,62,60,61
57,58,61,56,54,57,59,62,60,57,59,55,61,55,59,59,59,60,56,57,53,52,55,56,59,57,58,57,62,58,57,61,57,59,57,57,59,58,56,56,58,56,59,63,63,66,60,62,60,61
57,58,61,56,55,57,59,62,60,57,59,56,61,56,59,60,60,60,56,57,53,51,56,56,60,58,58,57,62,58,57,61,58,60,57,57,59,58,56,56,57,57,58,63,63,66,60,62,60,61
57,58,61,56,55,57,59,62,61,58,60,56,61,56,59,60,60,60,56,57,54,51,55,56,60,58,58,58,61,58,57,61,58,60,57,57,59,58,57,56,57,57,58,63,63,66,60,62,60,61
57,58,61,56,55,57,60,62,61,58,60,56,61,56,59,60,60,60,56,58,54,51,55,57,60,58,59,58,60,58,58,62,58,60,58,57,60,59,57,57,56,57,57,63,63,66,61,62,60,61
58,59,61,57,55,57,60,62,61,58,60,57,61,57,60,60,60,61,57,58,55,51,54,57,60,58,59,58,60,59,58,61,58,60,58,58,60,59,57,57,56,58,57,63,63,66,61,62,60,61
58,59,61,57,56,58,60,62,61,58,60,57,61,57,60,60,60,61,57,59,55,51,54,57,61,59,59,59,60,59,58,61,58,60,58,57,60,59,58,56,56,58,56,63,63,66,61,63,61,61
58,59,61,57,56,58,60,63,61,58,61,57,61,57,60,60,61,61,57,59,55,50,55,57,61,59,59,59,59,59,58,61,59,61,59,57,61,60,58,56,55,58,56,63,63,66,61,63,61,62
58,59,61,58,56,58,60,63,61,59,61,58,60,58,60,61,61,61,58,59,56,50,55,58,61,59,60,59,59,59,59,61,59,61,59,57,61,60,59,56,55,59,57,63,63,66,61,63,61,62
59,60,62,58,57,58,61,63,62,59,61,58,60,58,60,61,61,61,58,60,56,50,55,58,62,60,60,60,59,60,59,60,59,61,59,57,60,60,59,56,55,59,56,63,63,66,61,63,61,62
59,60,62,58,57,58,61,63,62,59,62,58,59,58,60,61,61,62,59,60,55,50,54,58,62,60,60,59,58,60,59,60,60,61,60,57,61,60,59,56,54,60,56,63,63,65,62,63,61,62
59,60,62,59,57,58,61,63,62,59,62,59,59,59,60,62,62,62,59,59,56,50,54,59,61,60,60,59,57,60,60,60,60,61,60,56,61,60,60,56,54,60,55,63,64,65,62,63,62,63
60,61,61,59,57,57,61,64,62,60,63,59,60,59,60,62,62,62,59,59,56,49,53,59,61,61,60,59,58,61,60,60,60,62,60,57,60,60,60,56,54,60,55,63,64,65,62,63,62,63
60,61,61,60,57,57,61,64,64,60,62,59,59,60,59,62,62,63,60,59,56,49,54,58,60,61,60,59,58,61,61,60,61,62,61,56,61,60,61,57,53,61,55,64,64,66,62,64,62,63
60,62,62,60,57,58,61,64,65,60,61,59,59,60,58,61,62,62,60,59,56,50,54,58,59,61,59,59,58,61,61,59,61,62,61,56,60,60,61,57,54,61,55,64,64,66,62,64,63,62
61,62,61,60,57,58,62,64,65,61,60,59,59,60,58,61,62,62,61,59,57,49,55,58,59,61,60,59,58,61,62,58,61,62,62,56,60,60,61,58,53,61,56,64,64,66,63,65,64,62
61,62,61,61,56,57,60,63,65,62,59,60,59,61,57,61,62,62,63,58,57,49,54,58,58,62,60,59,58,62,61,59,62,62,62,56,59,60,60,57,53,62,56,64,65,66,63,64,64,62
61,62,62,63,56,57,60,63,66,63,60,60,58,61,58,61,63,63,63,58,58,49,55,58,59,62,60,60,58,62,61,59,62,62,62,56,59,61,60,57,54,62,56,64,65,66,67,64,64,62
61,62,62,64,56,58,60,63,66,63,60,60,58,62,58,62,63,63,64,59,58,49,55,58,59,62,60,60,59,63,61,59,63,62,63,57,59,61,60,57,54,62,56,64,65,67,67,64,66,63
62,62,62,64,57,58,60,64,66,64,61,61,59,62,58,62,63,63,64,59,59,49,55,59,60,63,61,61,59,65,62,60,63,62,63,57,60,62,61,57,54,63,56,65,65,67,67,64,67,63
62,63,62,65,57,58,60,64,67,64,61,61,59,62,59,63,64,64,65,60,59,50,56,59,60,63,61,61,60,67,62,60,63,63,64,57,60,62,61,57,55,63,55,65,67,67,69,65,67,64
63,62,63,66,57,57,60,64,67,65,62,61,60,62,59,63,64,64,65,60,59,50,56,59,60,64,62,62,60,67,62,61,63,62,64,57,60,63,61,57,55,64,55,66,67,67,70,65,67,64
64,62,63,66,57,57,60,64,68,66,62,61,60,62,60,63,65,65,66,61,59,50,56,59,61,64,62,62,60,68,63,61,66,62,65,58,61,63,62,57,55,64,56,66,67,68,71,66,68,64
64,62,63,66,58,57,60,65,68,66,62,61,60,62,60,64,65,65,66,61,60,50,56,59,61,64,62,62,60,68,63,61,66,62,65,58,61,63,62,56,55,64,55,66,69,68,71,66,68,65
64,63,64,66,58,58,60,65,68,66,62,61,60,62,60,64,65,65,66,61,59,50,56,59,61,64,62,62,60,68,63,61,67,63,65,58,61,63,62,56,55,64,55,67,69,68,71,66,68,65
64,63,64,67,57,58,60,65,68,66,62,61,61,62,60,64,65,65,66,61,59,50,57,58,61,65,63,63,60,68,63,62,67,63,65,58,61,63,62,56,55,64,55,67,69,68,71,66,68,64
64,63,64,67,57,58,59,65,68,67,63,60,61,62,60,64,65,65,66,60,59,50,57,58,61,65,63,63,59,68,63,62,67,63,65,58,61,64,62,56,55,65,54,67,69,69,71,66,68,64
64,63,64,67,58,58,59,65,68,67,62,60,61,62,59,64,65,65,66,60,58,51,57,58,61,65,63,61,58,68,63,62,67,63,65,58,61,63,62,56,55,65,54,67,69,69,71,66,68,64
65,63,64,67,58,58,59,65,68,67,62,60,61,62,59,64,66,65,66,60,58,51,57,58,62,65,62,61,58,69,64,62,67,63,65,58,61,63,63,56,55,65,54,67,69,69,72,66,69,63
65,63,64,67,58,58,60,65,69,67,61,61,61,62,58,64,66,65,66,60,58,51,55,59,62,64,61,60,58,69,64,61,67,63,66,58,60,63,62,56,55,65,54,67,69,69,72,67,69,63
64,63,64,67,58,58,60,65,69,67,61,61,60,62,58,63,66,65,67,60,58,51,55,59,61,63,60,60,57,69,64,60,67,63,66,58,60,62,61,56,55,65,54,67,69,69,72,67,69,63
64,64,65,67,58,58,59,66,69,67,61,61,59,62,58,63,66,65,67,60,58,51,54,59,61,62,60,60,57,68,64,60,66,64,66,58,60,62,60,56,55,65,54,68,70,69,72,67,68,63
64,64,65,68,58,58,59,66,69,67,60,61,58,61,57,63,66,65,67,60,57,51,54,59,61,62,59,60,57,68,64,59,66,63,66,58,59,62,60,56,55,65,54,68,70,68,72,67,68,62
64,64,65,68,59,58,59,65,69,68,60,61,58,61,57,63,65,64,67,60,57,50,54,59,61,62,59,59,57,67,65,58,66,63,66,58,58,62,59,56,55,64,54,68,70,68,72,67,67,62
64,64,65,67,58,58,59,65,70,68,60,61,57,61,57,62,65,64,67,60,57,51,54,59,60,62,59,59,57,67,65,58,66,63,66,57,58,61,59,56,54,65,55,68,70,67,72,67,67,62
63,64,64,67,58,58,59,65,70,68,60,61,57,61,57,62,65,63,68,60,57,50,54,59,60,61,59,59,56,66,63,57,66,62,66,57,57,61,59,56,54,64,55,68,71,66,72,67,66,61
63,64,64,66,58,58,59,64,70,67,60,61,56,61,57,61,65,63,68,60,57,51,53,58,60,61,59,58,56,66,62,57,65,61,65,57,57,61,58,56,54,64,55,67,71,66,72,66,66,61
62,64,63,66,58,57,59,64,69,67,59,61,56,61,57,61,64,63,68,60,57,51,53,58,59,61,58,58,56,66,61,57,65,60,64,57,57,60,58,54,54,63,55,67,71,66,71,66,65,60
61,63,63,65,57,57,59,63,68,66,59,60,56,60,57,60,63,62,68,59,56,51,53,57,59,61,58,58,56,66,61,56,64,59,64,57,57,59,57,54,54,63,55,66,70,65,71,64,65,60
61,62,62,65,57,56,58,62,67,66,58,60,56,60,56,60,63,62,67,59,56,50,53,57,58,60,58,57,56,66,60,56,64,58,63,56,56,58,57,54,53,62,54,65,69,65,70,64,65,60
61,61,61,65,57,56,58,61,65,66,58,59,55,60,56,60,62,61,66,58,56,50,53,56,57,60,57,57,55,65,59,56,63,58,62,56,56,58,57,54,53,61,54,64,68,64,70,63,64,59
61,60,60,64,57,56,58,60,64,64,57,59,55,59,55,59,61,61,65,57,55,50,53,56,57,59,57,57,55,64,59,56,63,58,61,55,56,58,57,54,53,60,54,64,68,64,69,62,64,59
60,59,59,63,56,55,58,60,64,63,57,59,55,59,55,59,61,60,63,56,55,50,53,56,56,59,57,57,55,64,58,56,62,58,60,55,56,58,56,54,53,60,54,63,67,64,68,62,64,59
59,58,59,62,56,55,57,60,63,63,57,59,55,59,55,59,60,60,62,56,55,50,53,55,56,59,57,57,55,63,58,56,62,57,60,55,56,58,56,54,53,60,54,63,66,63,67,61,63,59
59,58,59,62,55,54,57,59,63,63,57,58,55,59,54,58,60,60,62,56,55,51,53,55,56,59,57,57,55,63,58,56,61,57,60,55,56,58,56,54,54,59,54,62,66,63,67,61,63,59
59,58,58,62,55,54,57,59,63,62,57,58,55,59,54,58,60,59,61,55,55,51,53,55,55,59,57,57,55,63,58,56,61,57,59,55,56,58,57,54,54,59,55,62,65,63,67,61,63,59
59,58,58,61,55,54,56,59,63,62,57,58,55,59,54,58,60,59,61,55,55,51,54,55,55,59,57,57,55,62,57,56,61,57,59,55,56,58,57,54,54,59,55,62,65,63,66,61,63,59
59,57,58,61,55,54,56,59,63,61,57,58,55,59,55,58,59,59,61,55,55,51,54,55,55,59,57,57,56,62,57,56,61,57,59,55,56,58,57,55,54,59,55,61,65,63,66,60,63,59
58,57,58,61,55,54,56,59,62,61,57,58,55,60,55,58,59,59,60,55,56,51,54,55,55,59,57,57,56,62,57,56,61,57,59,56,56,58,57,55,54,59,55,61,64,63,66,60,62,59
58,57,58,61,55,54,56,59,62,61,57,58,55,60,55,58,59,59,60,55,56,52,53,55,56,59,57,57,56,62,57,56,61,57,59,56,56,58,57,55,55,59,55,61,64,63,66,60,62,59
58,57,58,61,55,54,57,59,62,61,57,59,55,60,55,58,59,59,60,55,56,52,53,55,56,59,57,57,56,62,58,56,61,57,59,56,56,58,57,55,55,59,56,61,64,62,66,60,62,59
58,57,58,61,55,54,57,59,62,61,57,59,55,60,55,58,59,59,60,55,56,52,52,55,56,59,57,57,56,62,58,56,61,57,59,56,56,58,57,56,55,59,56,61,64,63,66,60,62,60
58,57,58,61,56,54,57,59,62,60,57,59,55,60,55,58,59,59,60,56,57,53,52,55,56,59,57,57,57,62,58,57,61,57,59,56,56,59,58,56,56,59,56,60,63,63,66,60,62,60
59,57,58,61,56,55,57,59,62,60,57,59,55,61,55,59,59,59,60,56,57,53,52,55,56,59,57,58,57,62,58,57,61,57,59,57,57,59,58,56,56,58,57,59,63,63,66,60,63,60
59,57,58,61,56,55,57,59,62,60,57,59,56,61,56,59,60,60,60,56,57,53,52,56,56,60,58,58,57,63,58,57,61,58,60,57,57,59,58,56,56,58,57,59,63,63,66,60,62,60
59,57,58,61,56,55,57,59,62,61,58,60,56,61,56,59,60,60,60,56,57,54,52,55,56,60,58,58,58,63,58,57,61,58,60,57,57,59,58,57,57,57,57,58,63,63,66,61,62,60
58,57,58,61,57,55,57,60,62,61,58,60,56,61,56,59,60,60,60,57,58,54,51,55,57,60,58,59,58,63,58,58,62,58,60,58,57,60,59,57,57,57,58,58,63,63,66,61,62,60
58,58,59,61,57,56,57,60,62,61,58,60,57,61,57,60,60,60,61,57,58,55,51,55,57,60,58,59,58,63,59,58,62,58,60,58,58,60,59,57,57,56,58,57,63,63,66,61,62,61
57,58,59,61,57,56,58,60,63,61,58,60,57,61,57,60,60,60,61,57,59,55,51,55,57,61,59,59,59,63,59,58,62,58,60,58,58,60,59,58,57,56,58,57,63,63,66,61,63,61
57,58,59,61,57,56,58,60,63,61,58,61,57,61,57,60,61,61,61,58,59,55,51,55,57,61,59,60,59,63,59,58,62,59,61,59,58,61,60,58,57,56,59,57,63,63,66,61,63,61
57,58,59,61,58,56,58,60,63,61,59,61,58,62,58,60,61,61,61,58,59,56,51,55,58,61,59,60,59,63,59,59,63,59,61,59,57,61,60,59,56,55,59,57,63,63,66,61,63,61
56,59,60,62,58,57,58,61,63,62,59,61,58,62,58,61,61,61,61,58,60,56,50,55,58,62,60,60,60,63,60,59,63,59,61,59,57,61,60,59,56,55,59,56,63,63,66,61,63,61
56,59,60,62,58,57,58,61,63,62,59,62,58,62,58,61,61,61,62,59,60,56,50,55,58,62,60,61,60,62,60,60,63,60,61,60,57,61,60,59,56,55,60,56,63,64,66,62,63,61
56,59,60,62,59,58,58,61,63,62,59,62,59,62,59,61,62,62,62,59,61,56,50,54,59,62,60,61,61,62,60,60,64,60,62,60,57,62,61,60,56,54,60,56,63,64,68,62,63,62
55,60,61,62,59,57,58,61,64,62,60,63,59,63,59,62,62,62,62,59,61,56,50,54,59,63,61,61,61,62,61,60,64,60,62,61,57,62,61,60,57,54,60,55,63,64,69,62,63,62
55,60,61,62,60,58,58,61,67,65,60,63,59,62,60,62,62,62,63,60,62,56,50,54,59,63,61,63,61,62,61,61,67,61,63,61,56,64,61,61,57,54,61,56,64,64,71,62,64,62
55,60,62,63,60,57,58,62,67,69,60,66,59,62,60,62,63,63,63,60,62,57,50,55,58,63,62,64,62,62,61,61,66,61,63,61,56,64,62,61,58,54,61,56,64,64,71,62,64,63
55,61,62,63,60,57,58,62,67,69,61,65,60,62,60,63,63,63,64,61,63,57,50,55,58,63,62,64,64,61,61,62,66,61,64,62,57,64,62,61,58,54,61,56,64,64,71,63,66,64
55,61,62,63,61,57,58,61,66,71,62,65,60,62,61,63,64,64,65,63,63,58,49,55,58,64,62,64,65,61,62,63,66,62,65,63,56,64,62,63,57,54,62,56,64,65,71,63,66,64
55,61,63,63,63,56,58,60,67,71,63,65,61,61,62,63,65,64,65,63,63,58,49,55,59,64,66,64,65,61,62,64,65,62,65,63,57,65,68,65,57,54,62,56,64,65,71,67,66,64
56,61,63,64,64,57,58,60,68,71,63,65,61,61,62,63,65,64,65,64,63,59,49,55,59,64,66,64,65,61,63,64,65,63,65,64,57,66,67,66,58,55,62,57,64,65,72,67,66,66
56,62,70,69,64,57,59,60,67,71,64,65,61,61,62,63,65,64,65,64,63,59,50,56,59,64,66,64,65,61,65,64,65,63,66,64,57,66,67,67,58,55,63,57,65,65,72,67,66,72
57,62,70,69,66,57,58,61,67,71,64,65,61,61,63,63,65,67,65,66,63,59,50,56,59,65,66,68,65,61,67,65,65,63,66,64,58,66,67,67,58,55,68,56,72,67,71,69,66,71
57,65,69,69,66,58,57,61,71,71,66,65,61,62,62,63,65,68,65,68,62,60,50,57,60,65,66,68,65,61,70,68,65,63,66,65,58,66,67,67,58,55,68,56,72,67,72,70,66,72
57,65,69,69,66,58,58,61,71,72,66,65,61,62,62,62,65,68,65,68,62,60,50,57,60,65,66,67,65,61,69,68,65,69,67,65,58,65,66,66,57,55,68,56,71,67,73,71,66,72
58,65,69,69,71,58,58,60,71,72,66,65,61,62,62,62,66,68,65,68,61,60,50,57,59,64,65,66,64,61,69,68,65,69,67,65,58,65,66,66,57,55,68,56,71,71,73,71,66,72
58,65,69,69,72,58,58,60,71,71,66,65,61,62,62,61,67,67,65,68,61,60,50,57,59,64,65,66,64,60,72,68,64,68,67,66,58,64,65,65,57,55,68,55,72,72,73,71,66,74
58,65,69,69,72,58,58,60,71,71,66,64,61,63,62,61,67,67,66,69,61,59,51,57,58,63,65,64,64,60,72,67,64,68,67,69,59,64,65,65,56,55,68,55,72,73,73,71,66,73
58,65,69,70,71,58,58,60,71,72,67,63,61,63,63,60,66,67,66,72,61,59,51,57,58,62,65,64,63,59,71,67,64,68,66,71,59,63,64,65,56,55,68,55,72,72,72,71,70,72
58,65,69,70,71,58,59,60,71,73,73,63,61,63,63,60,66,67,65,72,61,58,51,57,58,62,65,63,62,59,71,67,63,67,66,71,59,62,63,64,56,56,67,54,71,73,71,71,70,71
58,66,69,70,72,58,59,60,70,72,73,62,61,61,63,59,66,66,65,71,60,58,51,57,59,62,65,62,61,58,70,67,62,67,65,71,59,62,63,63,56,56,66,54,71,72,71,72,69,70
58,65,68,69,71,58,58,60,68,72,72,61,61,61,62,59,65,66,65,72,60,58,51,55,59,62,64,61,61,58,70,67,61,67,65,71,58,61,63,62,56,55,66,54,70,72,70,72,69,69
58,65,67,68,70,59,58,60,67,72,71,61,61,61,62,58,63,66,65,72,60,58,51,55,59,61,63,61,60,58,69,67,61,67,65,71,58,60,63,61,56,55,65,54,70,72,69,73,69,69
58,64,67,67,69,59,58,60,66,72,70,61,61,59,62,58,63,66,65,72,60,58,51,55,59,61,62,60,60,57,68,66,60,67,64,70,58,60,62,61,56,55,65,54,69,72,69,73,68,69
59,64,66,66,68,59,58,60,66,72,70,61,61,58,62,57,63,66,65,72,61,57,51,54,59,61,62,60,60,57,68,66,59,66,64,69,58,59,62,60,56,55,65,54,69,72,68,72,68,68
59,64,66,65,68,59,58,60,65,71,69,60,61,58,62,57,63,65,65,72,60,57,51,54,59,61,62,59,59,57,67,66,59,66,63,68,58,58,62,60,56,55,65,55,68,72,68,72,68,68
59,64,65,65,68,58,58,60,65,71,68,60,62,57,61,57,62,65,64,72,60,57,51,54,59,61,62,59,59,57,67,65,58,66,63,67,58,58,61,59,56,55,65,55,68,72,67,72,67,67
59,63,65,65,67,58,58,60,65,70,68,60,62,57,61,57,62,65,63,72,60,58,51,54,59,60,62,59,59,57,67,63,57,66,62,66,58,57,61,59,56,55,64,55,68,74,66,72,67,66
59,63,64,64,66,58,58,59,64,70,67,60,61,57,61,57,61,65,63,71,60,57,51,54,58,60,61,59,59,56,66,62,57,66,61,65,57,57,61,58,56,55,64,55,67,73,66,72,66,66
59,62,64,64,66,58,58,59,64,69,67,59,61,56,61,57,61,64,63,71,60,57,51,53,58,60,61,59,58,56,66,62,57,65,60,65,57,57,60,58,55,54,64,55,67,71,66,71,66,66
59,62,63,63,66,58,57,59,63,68,66,59,60,56,60,57,61,63,63,69,59,57,51,53,57,59,61,58,58,56,66,61,56,65,60,64,57,57,59,57,54,54,63,55,66,70,66,71,65,65
59,61,62,63,65,57,57,59,62,67,66,59,60,56,60,56,60,63,62,67,59,56,51,53,57,58,60,58,57,56,66,60,56,64,59,63,56,56,59,57,54,54,62,55,65,69,65,70,64,65
59,61,61,61,65,57,56,58,61,65,66,58,59,56,60,56,60,62,61,66,58,56,50,53,56,58,60,57,57,55,65,59,56,63,58,62,56,56,58,57,54,53,61,55,65,69,65,70,63,65
59,61,60,60,64,57,56,58,61,64,64,58,59,55,59,55,60,61,61,65,57,56,50,53,56,57,59,57,57,55,64,59,56,63,58,61,56,56,58,57,54,53,61,55,64,68,64,69,62,64
58,60,59,59,63,56,55,58,60,64,64,57,59,55,59,55,59,61,60,64,56,55,51,53,56,56,59,57,57,55,64,58,56,62,58,60,55,56,58,57,54,53,60,54,63,67,64,68,62,64
58,59,58,59,62,56,55,57,60,63,63,57,59,55,59,55,59,60,60,62,56,55,51,53,55,56,59,57,57,55,63,58,56,62,57,60,55,56,58,57,54,54,60,54,63,66,64,68,61,64
57,59,58,59,62,56,54,57,60,63,63,57,58,55,59,55,58,60,60,62,56,55,51,53,55,56,59,57,57,55,63,58,56,61,57,60,55,56,58,57,54,54,59,55,62,66,63,67,61,63
57,59,58,58,62,55,54,57,59,63,62,57,58,55,59,54,58,60,59,61,55,55,51,54,55,56,59,57,57,55,63,58,56,61,57,60,55,56,58,57,54,54,59,55,62,66,63,67,61,63
57,59,58,58,61,55,54,57,59,63,62,57,58,55,59,54,58,60,59,61,55,55,51,54,55,56,59,57,57,55,62,58,56,61,57,59,55,56,58,57,55,54,59,55,62,65,63,66,61,63
57,59,57,58,61,55,54,57,59,63,61,57,58,55,59,55,58,60,59,61,55,56,51,54,55,56,59,57,57,56,62,57,56,61,57,59,56,56,58,57,55,54,59,55,61,65,63,66,60,63
57,59,57,58,61,55,54,57,59,62,61,57,58,55,60,55,58,59,59,60,55,56,51,54,55,56,59,57,57,56,62,57,56,61,57,59,56,56,58,57,55,54,59,55,61,64,63,66,60,63
57,58,57,58,61,55,54,57,59,62,61,57,58,55,60,55,58,59,59,60,55,56,52,53,55,56,59,57,57,56,62,57,56,61,57,59,56,56,58,57,55,55,59,55,61,64,63,66,60,62
57,58,57,58,61,55,54,57,59,62,61,57,59,55,60,55,58,59,59,60,55,56,52,53,55,56,59,57,57,56,62,58,56,61,57,59,56,56,58,57,55,55,59,56,61,64,63,66,60,62
57,58,57,58,61,56,54,57,59,62,61,57,59,55,60,55,58,59,59,60,55,56,52,53,55,56,59,57,57,56,62,58,56,61,57,59,56,56,58,58,56,55,59,56,61,64,63,66,60,62
57,59,57,58,61,56,54,57,59,62,61,57,59,55,61,55,58,59,59,60,56,57,53,52,55,56,59,57,58,57,62,58,57,61,57,59,56,56,59,58,56,56,59,56,60,63,63,66,60,63
57,59,57,58,61,56,55,57,59,62,60,57,59,56,61,55,59,60,60,60,56,57,53,52,56,56,59,57,58,57,62,58,57,61,57,59,57,57,59,58,56,56,58,57,59,63,63,66,60,63
57,59,57,58,61,56,55,57,59,62,60,57,59,56,61,56,59,60,60,60,56,57,54,52,56,56,60,58,58,57,63,58,57,61,58,60,57,57,59,58,56,56,58,57,59,63,63,66,60,62
57,59,57,58,61,56,55,57,59,62,61,58,60,56,61,56,59,60,60,60,56,58,54,52,56,57,60,58,58,58,63,58,57,62,58,60,57,57,59,58,57,57,57,57,58,63,63,66,61,62
58,58,58,59,61,57,55,57,60,62,61,58,60,56,61,56,59,60,60,60,57,58,54,51,55,57,60,58,59,58,63,58,58,62,58,60,58,57,60,59,57,57,57,58,58,63,63,66,61,62
58,58,58,59,61,57,56,57,60,62,61,58,60,57,61,57,60,60,60,61,57,58,55,51,55,57,60,58,59,58,63,59,58,62,58,60,58,58,60,59,57,57,56,58,57,63,63,66,61,63
58,57,58,59,61,57,56,58,60,63,61,58,60,57,61,57,60,60,60,61,57,59,55,51,55,57,61,59,59,59,63,59,58,62,59,60,58,58,60,59,58,57,56,58,57,63,63,66,61,63
59,57,58,59,61,57,56,58,60,63,61,58,61,57,61,57,60,61,61,61,58,59,55,51,55,57,61,59,60,59,63,59,58,62,59,61,59,58,61,60,58,57,56,59,57,63,63,66,61,63
59,57,58,59,61,58,56,58,60,63,61,59,61,58,62,58,61,61,61,61,58,59,56,51,55,58,61,59,60,59,63,59,59,63,59,61,59,57,61,60,59,57,55,59,57,63,63,66,61,63
59,56,59,60,62,58,57,58,61,63,62,59,61,58,62,58,61,61,61,62,58,60,56,50,55,58,62,60,60,60,63,60,59,63,59,61,59,57,61,60,59,56,55,59,56,63,63,66,61,63
60,56,59,60,62,58,57,58,61,63,62,59,62,58,62,58,61,61,61,62,59,60,56,50,55,58,62,60,61,60,62,60,60,63,60,61,60,57,61,60,59,56,55,60,56,63,64,66,62,63
60,56,59,60,62,59,58,58,61,63,62,59,62,59,62,59,61,62,62,62,59,61,56,50,54,59,62,60,61,61,62,60,60,64,60,62,60,57,62,61,60,56,54,60,56,63,64,68,62,63
60,55,60,61,62,59,57,58,61,64,62,60,63,59,63,59,62,62,62,62,59,61,57,50,54,59,63,61,61,61,62,61,60,64,60,62,60,57,62,61,60,57,54,60,55,63,64,69,62,63
61,55,60,61,62,60,58,58,61,67,65,60,63,59,62,60,62,62,62,63,60,62,56,50,54,59,63,61,63,61,62,61,61,67,61,63,61,56,64,61,61,57,54,61,56,64,64,71,62,64
61,55,60,62,63,60,57,58,62,67,69,60,66,59,62,60,62,63,63,63,60,62,57,50,55,58,63,62,64,62,62,61,61,67,61,63,61,56,64,62,61,58,54,61,56,64,64,71,62,64
61,55,61,62,63,60,57,58,62,67,69,61,65,60,62,60,63,63,63,64,61,63,57,50,55,58,63,62,64,64,61,61,62,66,61,64,62,57,64,62,61,58,54,61,56,64,64,71,63,66
61,55,61,62,63,61,57,58,61,66,71,62,65,60,62,61,63,64,64,65,63,63,58,49,55,58,64,62,64,65,61,62,63,65,62,65,63,56,64,62,63,57,54,62,56,64,65,71,63,66
62,55,61,63,63,63,56,58,60,67,71,63,65,61,61,62,63,64,64,65,63,63,58,49,55,59,64,66,64,65,61,62,64,65,62,65,63,57,65,68,65,57,54,62,56,64,65,71,67,66
62,56,61,63,64,64,57,58,60,68,71,63,65,61,61,62,63,65,64,65,64,63,59,49,55,59,64,66,64,65,61,63,64,65,63,65,64,57,66,67,66,58,55,62,56,64,65,72,67,66
63,56,62,70,69,64,57,58,60,67,71,64,65,61,61,62,63,65,64,65,64,63,59,50,56,59,64,66,64,65,61,65,64,65,63,66,64,57,66,67,67,58,55,63,57,65,65,72,67,66
62,57,62,71,69,66,57,58,61,67,71,64,65,61,61,63,63,65,67,65,66,63,59,50,56,59,64,66,68,64,61,67,65,65,63,66,64,58,66,67,67,58,55,68,56,72,67,71,69,66
63,57,65,70,69,66,58,57,61,73,71,66,65,61,62,62,63,65,68,65,68,62,60,50,57,60,65,66,68,65,61,70,68,65,63,66,65,58,66,66,66,58,55,68,56,72,67,72,70,66
63,57,65,70,69,66,58,58,61,72,72,66,65,61,62,62,62,65,68,65,68,62,60,50,57,60,64,66,67,65,61,69,68,65,69,67,65,58,65,66,66,57,55,68,56,71,67,73,71,66
63,58,65,70,69,71,58,58,60,72,72,66,65,61,62,62,61,66,68,65,68,61,60,50,57,59,64,65,66,64,61,69,68,65,69,67,65,58,65,66,66,57,55,68,56,71,71,73,71,66
63,58,65,69,69,72,58,58,60,72,71,66,65,61,62,62,61,67,67,65,68,61,60,50,57,59,64,65,66,64,60,72,68,64,68,67,66,58,64,65,65,57,55,68,55,72,72,73,71,66
63,58,65,69,69,72,58,58,60,72,71,66,64,61,62,62,60,66,67,66,69,61,59,51,57,58,63,65,64,64,60,72,67,64,68,67,69,59,64,65,65,56,55,68,55,72,73,73,71,66
63,58,65,70,71,71,58,58,60,72,72,67,63,61,63,63,60,66,67,66,72,61,59,51,57,58,62,65,64,63,59,71,67,64,68,66,71,59,63,64,65,56,55,68,54,72,72,72,71,70
63,58,65,69,70,71,58,59,60,71,73,73,63,60,63,63,60,66,67,65,72,61,58,51,57,58,62,65,63,62,59,71,67,63,67,66,71,59,62,63,64,56,56,67,54,71,73,71,71,70
63,58,66,69,70,72,58,59,60,70,72,73,62,61,61,63,59,66,66,65,71,60,58,51,57,59,62,65,62,61,58,70,67,62,67,65,72,59,62,63,63,56,55,66,54,71,72,71,72,69
63,58,65,68,69,70,58,58,60,68,72,72,61,61,61,62,59,65,66,65,73,60,58,51,55,59,62,64,61,61,58,70,67,61,67,65,72,58,61,63,62,56,55,66,54,70,72,70,72,69
63,58,64,67,68,70,59,58,60,67,72,71,61,61,61,62,58,63,66,65,72,60,58,51,55,59,61,63,61,60,58,69,67,61,67,65,71,58,60,63,61,56,55,65,54,70,72,69,73,69
63,58,64,67,67,69,59,58,60,66,72,70,61,61,59,62,58,63,66,65,72,60,58,51,55,59,61,62,60,60,57,68,66,60,67,64,70,58,60,62,61,56,55,65,54,69,72,69,73,68
63,59,64,66,66,68,59,58,59,66,72,70,61,61,58,62,57,63,66,65,72,60,57,51,54,59,61,62,60,60,57,68,66,59,66,64,69,58,59,62,60,56,55,65,54,69,72,68,72,68
63,59,64,66,65,68,59,58,60,65,71,69,60,61,58,62,57,63,65,65,72,60,57,51,54,59,61,62,59,59,57,67,66,59,66,63,68,58,58,62,60,56,55,65,55,68,72,68,72,68
62,59,64,65,65,68,59,58,60,65,71,68,60,62,57,61,57,62,65,64,72,60,57,51,54,59,61,62,59,59,57,67,65,58,66,63,67,58,58,61,59,56,55,65,55,68,72,67,72,67
62,59,63,65,65,67,58,58,60,65,70,68,60,62,57,61,57,62,65,63,72,60,58,51,54,59,60,62,59,59,57,67,63,57,66,62,66,58,57,61,59,56,55,64,55,68,74,67,72,67
63,59,63,64,64,66,58,58,59,64,70,67,60,61,57,61,57,61,65,63,71,60,57,51,54,58,60,61,59,59,56,66,62,57,66,61,65,57,57,61,58,56,55,64,55,67,73,66,72,66
63,59,62,64,64,66,58,58,59,64,69,67,59,61,56,61,57,61,64,63,71,60,57,51,53,58,60,61,59,58,56,66,62,57,65,60,65,57,57,60,58,55,54,64,55,67,71,66,71,66
62,59,62,63,63,66,58,57,59,63,68,66,59,60,56,60,57,61,63,63,69,59,57,51,53,57,59,61,58,58,56,66,61,56,64,60,64,57,57,59,57,54,54,63,55,66,70,66,71,65
62,59,61,62,63,65,57,57,59,62,67,66,59,60,56,60,56,60,63,62,67,59,56,51,53,57,58,60,58,57,56,66,60,56,64,59,63,56,56,59,57,54,54,62,55,65,69,65,70,64
62,59,61,61,61,65,57,56,58,61,65,66,58,59,56,60,56,60,62,61,66,58,56,50,53,56,58,60,57,57,55,65,59,56,63,58,62,56,56,58,57,54,53,61,55,65,69,65,70,63
61,59,61,60,60,64,57,56,58,61,64,64,58,59,55,59,55,60,61,61,65,57,56,50,53,56,57,59,57,57,55,64,59,56,63,58,61,56,56,58,57,54,53,61,55,64,68,64,69,62
61,58,60,59,59,63,56,55,58,60,64,64,57,59,55,59,55,59,61,60,64,56,55,51,53,56,56,59,57,57,55,64,58,56,62,58,60,55,56,58,57,54,54,60,54,63,67,64,68,62
61,58,59,58,59,62,56,55,57,60,63,63,57,59,55,59,55,59,60,60,62,56,55,51,53,55,56,59,57,57,55,63,58,56,62,57,60,55,56,58,57,54,54,60,54,63,66,63,68,61
60,57,59,58,59,62,56,54,57,60,63,63,57,58,55,59,55,58,60,60,62,56,55,51,53,55,56,59,57,57,55,63,58,56,61,57,60,55,56,58,57,54,54,59,55,62,66,63,67,61
59,57,59,58,58,62,55,54,57,59,63,62,57,58,55,59,54,58,60,59,61,55,55,51,54,55,56,59,57,57,55,63,58,56,61,57,60,55,56,58,57,54,54,59,55,62,66,63,67,61
59,57,59,58,58,61,55,54,57,59,63,62,57,58,55,59,55,58,60,59,61,55,55,51,54,55,56,59,57,57,55,62,58,56,61,57,59,55,56,58,57,55,54,59,55,62,65,63,66,61
59,57,59,57,58,61,55,54,57,59,63,61,57,58,55,59,55,58,60,59,61,55,56,51,54,55,56,59,57,57,56,62,57,56,61,57,59,56,56,58,57,55,54,59,55,61,65,63,66,60
59,57,59,57,58,61,55,54,57,59,62,61,57,58,55,60,55,58,59,59,60,55,56,51,54,55,56,59,57,57,56,62,57,56,61,57,59,56,56,58,57,55,54,59,55,61,64,63,66,60
59,57,58,57,58,61,55,54,57,59,62,61,57,58,55,60,55,58,59,59,60,55,56,52,53,55,56,59,57,57,56,62,57,56,61,57,59,56,56,58,57,55,55,59,55,61,64,63,66,60
59,57,58,57,58,61,55,54,57,59,62,61,57,59,55,60,55,58,59,59,60,55,56,52,53,55,56,59,57,57,56,62,58,56,61,57,59,56,56,58,57,55,55,59,56,61,64,63,66,60
59,57,58,57,58,61,56,54,57,59,62,61,57,59,55,60,55,58,59,59,60,55,56,52,53,55,56,59,57,57,56,62,58,56,61,57,59,56,56,58,58,56,55,59,56,61,64,63,66,60
59,57,59,57,58,61,56,54,57,59,62,60,57,59,55,61,55,58,59,59,60,56,57,53,52,55,56,59,57,58,57,62,58,57,61,57,59,56,56,59,58,56,56,59,56,60,63,63,66,60
59,57,59,57,58,61,56,55,57,59,62,60,57,59,56,61,55,59,60,60,60,56,57,53,52,56,56,59,57,58,57,62,58,57,61,57,59,57,57,59,58,56,56,58,57,59,63,63,66,60
59,57,59,57,58,61,56,55,57,59,62,60,57,59,56,61,56,59,60,60,60,56,57,53,52,56,56,60,58,58,57,63,58,57,61,58,60,57,57,59,58,56,56,58,57,59,63,63,66,60
59,57,59,57,58,61,56,55,57,59,62,61,58,60,56,61,56,59,60,60,60,56,58,54,52,56,57,60,58,58,58,63,58,57,62,58,60,57,57,59,58,57,57,57,57,58,63,63,66,61
59,58,58,57,59,61,57,55,57,60,62,61,58,60,56,61,56,59,60,60,60,57,58,54,51,55,57,60,58,59,58,63,58,58,62,58,60,58,57,60,59,57,57,57,58,58,63,63,66,61
59,58,58,58,59,61,57,56,57,60,62,61,58,60,57,61,57,60,60,60,61,57,58,55,51,55,57,60,58,59,58,63,59,58,62,58,60,58,58,60,59,57,57,56,58,57,63,63,66,61
60,58,57,58,59,61,57,56,58,60,63,61,58,60,57,61,57,60,60,60,61,57,59,55,51,55,57,61,59,59,59,63,59,58,62,59,60,58,58,60,59,58,57,56,58,57,63,63,66,61
60,59,57,58,59,61,57,56,58,60,63,61,58,61,57,61,57,60,61,61,61,58,59,55,51,55,57,61,59,60,59,63,59,58,62,59,61,59,58,61,60,58,57,56,59,57,63,63,66,61
60,59,57,58,59,61,58,56,58,60,63,61,59,61,58,62,58,61,61,61,61,58,59,56,51,55,58,61,59,60,59,63,59,59,63,59,61,59,57,61,60,59,57,55,59,57,63,63,66,61
61,59,56,59,60,62,58,57,58,61,63,62,59,61,58,62,58,61,61,61,62,58,60,56,50,55,58,62,60,60,60,63,60,59,63,59,61,59,57,61,60,59,56,55,59,56,63,63,66,61
61,60,56,59,60,62,58,57,58,61,63,62,59,62,58,62,58,61,61,61,62,59,60,56,50,55,58,62,60,61,60,62,60,60,63,60,61,60,57,61,60,59,56,55,60,56,63,64,66,62
61,60,56,59,60,62,59,58,58,61,63,62,59,62,59,62,59,61,62,62,62,59,61,56,50,54,59,62,60,61,61,62,60,60,64,60,62,60,57,62,61,60,56,54,60,56,63,64,68,62
61,60,55,60,61,62,59,57,58,61,64,62,60,63,59,63,59,62,62,62,62,59,61,57,50,54,59,63,61,61,61,62,61,60,64,60,62,60,57,62,61,60,57,54,60,56,63,64,69,62
60,61,55,60,61,62,60,58,58,61,67,65,60,63,59,62,60,62,62,62,63,60,62,56,50,54,59,63,61,63,61,62,61,61,67,61,63,61,57,64,61,61,57,54,61,56,64,64,71,62
60,61,55,60,62,63,60,57,58,62,67,69,60,66,59,62,60,62,63,63,63,60,62,57,50,55,58,63,62,64,62,62,61,61,67,61,63,61,56,64,62,61,58,54,61,56,64,64,71,62
61,61,55,61,62,63,60,57,58,62,67,69,61,65,60,62,60,63,63,63,64,61,63,57,50,55,58,63,62,64,64,61,61,62,66,61,64,62,57,64,62,61,58,54,61,56,64,64,71,63
61,62,55,61,62,63,61,57,58,61,66,71,62,65,60,62,61,63,64,64,65,63,63,58,49,55,58,64,62,64,65,61,62,63,65,62,65,63,56,64,62,63,57,54,62,56,64,65,71,63
61,62,55,61,63,63,63,56,58,60,67,71,63,65,61,61,62,63,64,64,65,63,63,58,49,55,59,64,66,64,65,61,62,64,65,62,65,63,57,65,68,65,57,54,62,56,64,65,71,67
61,62,56,61,63,64,64,57,58,60,68,71,63,65,61,61,62,63,65,64,65,64,63,59,49,55,59,64,66,64,65,61,63,64,65,63,65,64,57,66,67,66,58,55,62,57,64,65,72,67
62,63,56,62,70,69,64,57,58,60,67,71,64,65,61,61,62,63,65,64,65,64,63,59,50,56,59,64,66,64,65,61,65,64,65,63,66,64,57,66,67,67,58,55,63,57,65,65,72,67
62,62,57,62,71,69,66,57,58,61,67,71,64,65,61,61,63,63,65,67,65,66,63,59,50,56,59,64,66,68,64,61,67,65,65,63,66,64,58,66,67,67,58,55,68,56,72,67,71,69
62,63,57,65,70,69,66,58,57,61,73,71,66,65,61,62,62,63,65,68,65,68,62,60,50,56,60,65,66,68,64,61,70,68,65,63,66,65,58,66,66,66,57,55,68,56,72,67,72,70
62,63,57,65,70,69,66,58,58,61,72,72,66,65,61,62,62,62,65,67,65,68,62,60,50,56,60,64,66,67,64,61,69,68,65,69,67,65,58,65,66,66,57,55,68,56,71,67,73,71
62,63,57,65,70,69,71,58,58,60,72,72,66,65,61,62,62,61,66,68,65,68,61,60,50,57,59,64,65,66,64,60,69,68,65,69,67,65,58,65,65,66,57,55,68,56,71,71,73,71
62,63,58,65,69,69,72,58,58,60,72,71,66,65,61,62,62,61,67,67,65,68,61,60,50,57,59,64,65,66,64,60,72,68,64,68,67,66,58,64,65,65,57,55,68,55,72,72,73,71
62,63,58,65,69,69,72,58,58,60,72,71,66,64,61,62,62,60,66,67,66,69,61,59,51,57,58,63,65,64,64,60,72,67,64,68,67,69,59,64,65,65,56,55,68,55,72,73,73,71
62,63,58,65,69,71,71,58,58,60,72,72,67,63,61,62,63,60,66,67,66,72,61,59,51,57,58,62,65,64,63,59,71,67,64,68,66,71,59,63,64,65,56,55,68,54,72,72,72,71
62,63,58,65,69,70,71,58,58,60,71,73,73,63,60,62,63,60,66,66,65,72,61,58,51,57,58,62,65,63,62,59,71,67,63,67,66,71,59,62,63,64,56,55,67,54,71,73,71,71
62,63,58,66,69,70,72,58,59,60,70,72,73,62,61,61,62,59,66,66,65,71,60,58,51,57,59,62,65,62,61,58,70,67,62,67,65,72,59,62,63,63,56,55,66,54,71,72,71,72
62,63,58,65,68,69,70,58,58,60,68,72,72,61,61,61,62,59,64,66,65,73,60,58,51,55,59,62,64,61,61,58,70,67,61,67,65,72,58,61,63,62,56,55,66,54,70,72,70,72
62,63,58,64,67,68,70,58,58,60,67,72,71,61,61,61,62,58,63,66,65,72,60,58,51,55,59,61,63,60,60,57,69,67,61,67,65,71,58,60,63,61,56,55,65,54,70,72,69,73
62,63,58,64,67,67,69,58,58,60,66,72,70,61,61,59,62,58,63,66,65,72,60,58,51,54,59,61,62,60,60,57,68,66,60,67,64,70,58,60,62,61,56,55,65,54,69,72,69,73
62,63,59,64,66,66,68,59,58,59,66,72,70,60,61,58,62,57,63,66,65,72,60,57,51,54,59,61,62,60,60,57,68,66,59,66,63,69,58,59,62,60,56,55,65,54,69,72,68,72
62,62,59,64,65,65,68,59,58,59,65,71,69,60,61,58,62,57,63,65,64,72,60,57,51,54,59,61,62,59,59,57,67,66,58,66,63,68,58,58,62,60,56,55,64,55,68,72,68,72
62,62,59,64,65,65,67,58,58,59,65,71,68,60,61,57,61,57,62,65,64,72,60,57,51,54,59,60,62,59,59,57,67,65,58,66,63,66,58,58,61,59,56,55,65,55,68,72,67,72
62,62,59,63,65,64,67,58,58,59,65,70,68,60,62,57,61,57,62,65,63,72,60,57,50,54,59,60,61,59,59,57,66,63,57,66,62,66,58,57,61,59,56,55,64,55,68,74,66,72
62,62,59,63,64,64,66,58,58,59,64,70,67,60,61,57,61,57,61,65,63,71,60,57,51,53,58,60,61,59,59,56,66,62,57,65,61,65,57,57,61,58,56,55,64,55,67,73,66,72
62,63,59,62,64,64,66,58,58,59,64,69,67,59,61,56,61,57,61,64,63,71,60,57,51,53,58,59,61,58,58,56,66,62,57,65,60,64,57,57,60,58,55,54,64,55,67,71,66,71
62,62,59,62,63,63,66,57,57,59,63,68,66,59,60,56,60,57,61,63,63,69,59,57,51,53,57,59,61,58,58,56,66,61,56,64,60,64,57,57,59,57,54,54,63,55,66,70,66,71
61,62,59,61,62,63,65,57,57,59,62,67,66,59,60,56,60,56,60,63,62,67,59,56,51,53,57,58,60,58,57,56,66,60,56,64,59,63,56,56,59,57,54,54,62,55,65,69,65,70
61,62,59,61,61,61,65,57,56,58,61,65,66,58,59,56,60,56,60,62,61,66,58,56,50,53,56,58,60,57,57,55,65,59,56,63,58,62,56,56,58,57,54,53,61,55,65,69,65,70
61,61,59,61,60,60,64,57,56,58,61,64,64,58,59,55,59,55,60,61,61,65,57,56,50,53,56,57,59,57,57,55,64,59,56,63,58,61,56,56,58,57,54,53,61,55,64,68,64,69
61,61,58,60,59,59,63,56,55,58,60,64,64,57,59,55,59,55,59,61,60,64,56,55,51,53,56,56,59,57,57,55,64,58,56,62,58,60,55,56,58,57,54,53,60,54,63,67,64,68
60,61,58,59,58,59,63,56,55,57,60,63,63,57,59,55,59,55,59,60,60,62,56,55,51,53,55,56,59,57,57,55,63,58,56,62,57,60,55,56,58,57,54,54,60,55,63,66,64,68
60,60,57,59,58,59,62,56,54,57,60,63,63,57,58,55,59,55,59,60,60,62,56,55,51,53,55,56,59,57,57,55,63,58,56,61,57,60,55,56,58,57,54,54,59,55,62,66,63,67
59,59,57,59,58,58,62,56,54,57,60,63,62,57,58,55,59,55,58,60,60,61,56,55,51,54,55,56,59,57,57,55,63,58,56,61,57,60,55,56,58,57,55,54,59,55,62,66,63,67
59,59,57,59,58,58,61,56,54,57,59,63,62,57,58,55,59,55,58,60,59,61,55,56,51,54,55,56,59,57,57,56,63,58,56,61,57,59,56,56,58,57,55,54,59,55,62,65,63,66
59,59,57,59,58,58,61,56,54,57,59,63,62,57,58,55,60,55,58,60,59,61,55,56,51,54,55,56,59,57,57,56,62,58,56,61,57,59,56,56,58,57,55,54,59,55,61,65,63,66
58,59,57,59,57,58,61,55,54,57,59,63,61,57,58,55,60,55,58,60,59,61,55,56,52,54,55,56,59,57,57,56,62,58,56,61,57,59,56,56,58,57,55,55,59,55,61,64,63,66
58,59,57,59,57,58,61,55,54,57,59,62,61,57,59,55,60,55,58,59,59,60,55,56,52,54,55,56,59,57,57,56,62,58,56,61,57,59,56,56,58,57,55,55,59,56,61,64,63,66
58,59,57,59,57,58,61,55,54,57,59,62,61,57,59,55,60,55,58,59,59,60,55,56,52,53,55,56,59,57,57,56,62,58,56,61,57,59,56,56,58,57,55,55,59,56,61,64,63,66
58,59,57,59,57,58,61,56,54,57,59,62,61,57,59,55,60,55,58,59,59,60,56,56,53,53,55,56,59,57,57,57,62,58,57,61,57,59,56,56,59,58,56,55,59,56,61,64,63,66
58,59,57,59,57,58,61,56,55,57,59,62,61,57,59,55,61,55,59,60,59,60,56,57,53,53,55,56,59,57,58,57,62,58,57,61,57,59,57,57,59,58,56,56,59,56,60,64,63,66
58,59,57,59,57,58,61,56,55,57,59,62,61,57,59,56,61,56,59,60,60,60,56,57,53,53,56,56,60,58,58,57,63,58,57,61,58,60,57,57,59,58,56,56,59,57,60,63,63,66
58,59,57,59,57,58,61,56,55,57,60,62,61,58,60,56,61,56,59,60,60,60,56,57,54,52,56,56,60,58,58,57,63,58,57,61,58,60,57,57,59,58,57,56,58,57,59,63,63,66
57,59,57,59,57,59,61,56,55,57,60,62,61,58,60,56,61,56,59,60,60,60,56,58,54,52,56,57,60,58,58,58,63,58,57,62,58,60,57,57,59,59,57,57,58,57,59,63,63,66
56,59,58,59,58,59,61,57,55,57,60,62,61,58,60,56,61,56,60,60,60,61,57,58,54,52,56,57,60,58,59,58,63,59,58,62,58,60,58,57,60,59,57,57,57,58,58,63,63,66
56,60,58,59,58,59,61,57,56,58,60,63,61,58,60,57,61,57,60,60,60,61,57,58,55,52,55,57,60,59,59,58,63,59,58,62,58,60,58,58,60,59,58,57,57,58,58,63,63,66
55,60,58,58,58,59,61,57,56,58,60,63,61,58,61,57,61,57,60,60,61,61,57,59,55,52,56,57,61,59,59,59,63,59,58,62,59,60,58,58,60,59,58,58,57,58,57,63,63,66
55,60,59,57,58,59,61,58,56,58,60,63,61,59,61,57,62,57,60,61,61,61,58,59,56,51,56,58,61,59,60,59,64,59,59,62,59,61,59,58,61,60,58,57,56,59,57,63,63,66
55,60,59,57,59,60,62,58,57,58,60,63,61,59,61,58,62,58,61,61,61,61,58,59,56,51,56,58,61,59,60,59,64,60,59,63,59,61,59,58,61,60,59,57,56,59,58,63,63,66
54,61,59,57,59,60,62,58,57,58,61,63,62,59,62,58,62,58,61,61,61,62,58,60,56,51,56,58,62,60,60,60,63,60,59,63,59,61,59,58,61,60,59,57,56,59,57,63,63,66
54,61,60,57,59,60,62,58,57,58,61,63,62,59,62,58,62,58,61,61,61,62,59,60,57,51,56,59,62,60,61,60,63,60,60,63,60,62,60,58,61,61,59,57,55,60,57,63,64,66
54,61,60,57,59,60,62,59,58,59,61,63,62,59,62,59,62,59,61,62,62,62,59,61,57,51,55,59,62,61,61,61,62,60,60,64,60,62,60,58,62,61,60,57,55,60,57,63,64,67
54,62,60,56,60,61,62,59,58,58,61,64,62,60,63,59,63,59,62,62,62,62,59,61,57,50,55,59,63,61,61,61,62,61,60,64,60,62,61,58,62,61,60,57,55,61,56,63,64,69
54,61,61,56,60,61,62,60,58,59,62,67,65,60,63,60,63,60,62,62,62,63,60,62,57,50,55,60,63,61,63,61,62,61,61,68,61,63,61,57,64,61,61,58,55,61,57,64,64,71
54,61,61,56,60,62,63,60,58,59,62,67,69,60,66,60,63,60,62,63,63,63,60,62,58,51,56,59,63,62,64,62,63,61,61,68,61,63,61,57,64,62,61,58,55,61,57,64,64,71
54,61,62,56,61,62,63,60,58,59,62,67,69,61,66,60,63,60,63,63,63,64,61,63,58,51,56,59,63,62,64,65,62,61,62,66,62,64,62,57,64,62,61,59,54,62,57,64,64,71
54,62,62,56,61,62,63,61,58,59,61,66,71,62,65,61,62,62,63,64,64,65,63,64,59,50,56,59,64,62,64,65,62,62,63,66,62,65,63,57,65,62,63,58,55,62,57,64,65,71
54,62,63,56,61,63,63,63,57,59,61,67,71,63,66,61,62,62,64,65,64,65,63,64,59,50,56,59,64,66,64,65,62,62,64,66,62,65,63,58,65,68,65,58,55,62,57,64,65,71
54,62,63,57,61,63,64,64,58,59,61,68,71,63,66,61,62,63,64,65,64,65,64,64,60,50,56,60,64,66,64,65,62,63,64,66,63,65,64,58,67,68,66,58,55,62,57,64,65,72
54,62,63,57,62,71,69,64,58,59,61,67,71,64,66,62,62,63,64,65,64,65,64,64,60,51,57,60,65,66,64,65,62,65,64,65,63,66,64,58,67,68,67,59,56,63,57,65,65,72
54,63,63,57,62,71,69,66,58,59,61,67,71,64,66,62,62,63,63,65,68,65,66,63,60,51,57,60,65,66,69,65,62,67,65,65,63,66,64,58,67,67,67,58,56,69,57,72,67,72
54,63,63,58,66,70,69,66,59,58,62,73,71,66,66,62,62,63,63,65,68,65,68,63,60,51,57,60,65,66,68,65,62,70,68,65,63,66,65,59,66,67,67,58,56,68,57,72,67,72
54,63,63,58,66,70,69,66,59,58,62,72,72,66,66,62,63,63,63,65,68,65,68,63,60,51,57,60,65,66,67,65,62,69,69,65,70,67,65,59,66,66,67,58,56,68,57,71,67,73
54,63,63,58,65,70,69,71,59,59,61,72,72,66,66,62,63,63,62,66,68,66,68,62,61,51,57,60,65,65,67,65,61,69,69,65,69,68,65,59,65,66,66,57,56,68,57,71,71,73
54,62,63,58,65,70,69,72,59,59,61,72,71,66,65,62,63,63,61,67,68,66,68,62,60,51,57,59,64,65,66,64,61,72,68,65,69,68,66,59,65,66,66,57,56,68,56,72,72,73
53,62,63,58,66,70,69,72,58,59,60,72,71,66,64,61,63,63,61,67,67,66,69,61,60,51,57,59,63,65,65,64,60,72,68,64,68,67,69,59,64,65,65,57,56,68,56,72,73,73
53,62,63,58,66,70,71,71,58,59,60,72,72,67,63,61,63,63,60,66,67,66,72,61,59,51,58,59,63,65,64,63,60,71,68,64,68,67,71,59,64,65,65,57,56,68,55,72,72,72
53,62,63,58,66,70,71,71,58,59,60,71,73,73,63,61,63,63,60,66,67,66,72,61,59,51,58,59,62,66,63,62,59,71,68,63,67,66,71,59,62,64,64,57,56,67,55,71,73,72
53,62,63,58,66,69,70,72,58,59,60,70,72,73,62,61,62,63,59,66,66,66,71,61,58,52,57,59,62,65,62,61,58,70,67,62,67,65,72,59,62,63,64,56,56,66,55,71,72,71
53,62,63,58,65,68,69,71,59,59,60,68,72,72,62,61,61,63,59,65,66,65,73,61,58,52,56,59,62,64,62,61,58,70,67,62,67,65,72,59,61,63,62,56,56,66,55,71,72,70
53,62,63,58,65,67,68,70,59,58,60,67,72,71,61,61,61,62,59,64,66,65,72,61,58,52,55,59,61,63,61,61,58,69,67,61,67,65,71,58,61,63,61,56,55,66,55,70,72,70
53,62,63,59,64,67,67,69,59,58,60,66,72,71,61,61,59,62,58,63,66,65,72,61,58,52,55,59,61,63,60,60,58,69,66,60,67,64,70,58,60,62,61,56,55,65,55,69,72,69
53,62,63,59,64,66,66,69,59,58,60,66,72,70,61,61,59,62,58,63,66,65,72,61,58,51,55,59,61,62,60,60,57,68,66,59,66,64,69,58,59,62,60,56,55,65,55,69,72,68
52,62,63,59,64,66,65,68,59,58,60,65,71,69,60,62,58,62,57,63,65,65,72,61,57,51,54,59,61,62,59,59,57,67,66,59,66,63,68,58,58,62,60,56,55,65,55,68,72,68
52,62,62,59,64,65,65,68,59,58,60,65,71,68,60,62,57,62,57,62,65,64,72,61,58,51,54,59,61,62,59,59,57,67,65,58,66,63,67,58,58,62,59,56,55,65,55,68,72,67
52,62,62,59,63,65,65,67,58,58,60,65,70,68,60,62,57,61,57,62,65,63,72,60,58,51,54,59,60,62,59,59,57,67,63,57,66,62,66,58,57,61,59,56,55,64,55,68,74,67
52,62,63,59,63,64,64,66,58,58,59,64,70,67,60,61,57,61,57,61,65,63,71,60,57,51,54,58,60,61,59,59,56,66,62,57,66,61,65,57,57,61,58,56,55,64,55,67,73,66
53,62,63,59,62,64,64,66,58,58,59,64,69,67,59,61,56,61,57,61,64,63,71,60,57,51,53,58,59,61,58,58,56,66,61,57,65,60,64,57,57,60,58,55,54,63,55,67,71,66
53,62,62,59,61,63,63,65,57,57,59,63,68,66,59,60,56,60,57,60,63,62,69,59,56,51,53,57,59,61,58,58,56,66,61,56,64,59,64,57,57,59,57,54,54,63,55,66,70,65
52,61,62,59,61,62,62,65,57,56,58,62,67,66,59,60,56,60,56,60,63,62,67,59,56,50,53,57,58,60,58,57,56,66,60,56,64,59,63,56,56,59,57,54,53,62,54,65,69,65
52,61,61,59,61,61,61,65,57,56,58,61,65,66,58,59,56,60,56,60,62,61,66,58,56,50,53,56,57,60,57,57,55,65,59,56,63,58,62,56,56,58,57,54,53,61,54,64,68,64
52,61,61,58,61,59,60,64,57,56,58,60,64,64,57,59,55,59,55,59,61,61,65,57,56,50,53,56,57,59,57,57,55,64,59,56,63,58,61,55,56,58,57,54,53,60,54,64,67,64
52,61,61,58,60,59,59,63,56,55,58,60,64,63,57,59,55,59,55,59,61,60,63,56,55,50,53,56,56,59,57,57,55,64,58,56,62,58,60,55,56,58,56,54,53,60,54,63,67,64
52,60,60,57,59,58,59,62,56,55,57,60,63,63,57,59,55,59,55,59,60,60,62,56,55,50,53,55,56,59,57,57,55,63,58,56,62,57,60,55,55,58,56,54,53,60,54,63,66,63
52,59,60,57,59,58,58,62,55,54,57,59,63,63,57,58,55,59,54,58,60,60,62,56,55,51,53,55,56,59,57,57,55,63,58,56,61,57,60,55,55,58,56,54,54,59,54,62,66,63
52,59,59,57,59,58,58,62,55,54,57,59,63,62,56,58,55,59,54,58,60,59,61,55,55,51,53,55,55,59,57,57,55,63,58,56,61,57,59,55,56,58,56,54,54,59,55,62,65,63
52,59,59,57,59,58,58,61,55,54,56,59,63,62,56,58,55,59,54,58,60,59,61,55,55,51,54,55,55,59,57,57,55,62,57,56,61,57,59,55,56,58,57,54,54,59,55,61,65,63
52,58,59,57,58,57,58,61,55,54,56,59,63,61,56,58,55,59,54,58,59,59,61,55,55,51,54,55,55,59,57,57,56,62,57,56,61,57,59,55,56,58,57,55,54,59,55,61,65,63
53,58,59,56,58,57,58,61,55,54,56,59,62,61,56,58,55,60,55,58,59,59,60,55,56,51,54,55,55,59,57,57,56,62,57,56,61,57,59,56,56,58,57,55,54,59,55,61,64,63
53,58,59,56,58,57,58,61,55,54,56,59,62,61,57,58,55,60,55,58,59,59,60,55,56,52,53,55,56,59,57,57,56,62,57,56,61,57,59,56,56,58,57,55,55,59,55,61,64,62
53,58,59,56,58,57,58,61,55,54,57,59,62,61,57,59,55,60,55,58,59,59,60,55,56,52,53,55,56,59,57,57,56,62,57,56,61,57,59,56,56,58,57,55,55,58,56,61,64,62
53,58,59,57,58,57,58,61,55,54,57,59,62,61,57,59,55,60,55,58,59,59,60,55,56,52,52,55,56,59,57,57,56,62,58,56,61,57,59,56,56,58,57,56,55,59,56,61,64,62
54,58,59,57,58,57,58,61,56,54,57,59,62,60,57,59,55,60,55,58,59,59,60,56,57,53,52,55,56,59,57,57,57,62,58,57,61,57,59,56,56,59,58,56,55,59,56,60,63,62
54,57,59,57,59,57,58,61,56,54,57,59,62,60,57,59,55,61,55,59,59,59,60,56,57,53,52,55,56,59,57,58,57,62,58,57,61,57,59,57,57,59,58,56,56,58,57,59,63,63
54,57,59,57,59,57,58,61,56,55,57,59,62,60,57,59,56,61,56,59,60,60,60,56,57,53,52,56,56,60,58,58,57,63,58,57,61,58,60,57,57,59,58,56,56,57,57,59,63,63
55,56,59,57,59,57,58,61,56,55,57,59,62,61,58,60,56,61,56,59,60,60,60,56,57,54,52,55,56,60,58,58,58,63,58,57,61,58,60,57,57,59,58,57,57,57,57,58,63,63
55,55,59,58,58,57,58,61,57,55,57,60,62,61,58,60,56,61,56,59,60,60,60,57,58,54,51,55,57,60,58,59,58,63,58,58,62,58,60,58,57,60,59,57,57,57,57,58,63,63
55,55,59,58,58,58,59,61,57,56,57,60,62,61,58,60,57,61,57,60,60,60,61,57,58,55,51,55,57,60,58,59,58,63,59,58,62,58,60,58,58,60,59,57,57,56,58,57,63,63
56,55,60,58,57,58,59,61,57,56,58,60,63,61,58,60,57,61,57,60,60,60,61,57,59,55,51,55,57,61,59,59,59,63,59,58,62,58,60,58,58,60,59,58,57,56,58,57,63,63
56,54,60,59,57,58,59,61,57,56,58,60,63,61,58,61,57,61,57,60,60,61,61,57,59,55,51,55,57,61,59,60,59,63,59,58,62,59,61,59,58,61,60,58,57,56,58,56,63,63
57,54,60,59,56,58,59,61,58,56,58,60,63,61,59,61,58,61,58,60,61,61,61,58,59,56,50,55,58,61,59,60,59,63,59,59,63,59,61,59,57,61,60,59,56,55,59,57,63,63
57,53,61,59,56,59,60,62,58,57,58,61,63,62,59,61,58,62,58,61,61,61,61,58,60,56,50,55,58,62,60,60,60,63,60,59,63,59,61,59,57,61,60,59,56,55,59,56,63,63
58,53,61,60,56,59,60,62,58,57,58,61,63,62,59,62,58,62,58,61,61,61,62,59,60,56,50,55,58,62,60,61,60,62,60,60,63,60,61,60,57,61,60,59,56,54,60,56,63,63
58,53,61,60,56,59,60,62,59,57,58,61,63,62,59,62,59,62,59,61,62,62,62,59,61,56,50,54,59,62,60,61,61,61,60,60,64,60,62,60,57,62,61,60,56,54,60,56,63,64
59,53,61,60,55,60,61,62,59,57,57,61,64,62,60,63,59,62,59,62,62,62,62,59,61,56,49,54,59,63,61,61,61,61,61,60,64,60,62,60,57,62,61,60,56,54,60,55,63,64
59,53,60,60,55,60,61,62,59,57,57,61,67,65,60,63,59,62,59,62,62,62,63,60,62,56,49,54,58,63,61,63,61,61,61,61,67,61,63,61,56,64,61,61,57,53,61,55,64,64
60,53,60,61,55,60,62,63,60,57,58,61,67,69,60,66,59,62,60,62,63,63,63,60,62,57,50,54,58,63,61,63,62,62,61,61,67,61,63,61,56,64,62,61,57,54,61,56,64,64
60,53,60,61,55,60,62,63,60,57,58,62,67,69,61,65,59,62,60,63,63,63,64,61,63,57,50,55,58,63,62,64,64,61,61,62,65,61,64,62,56,64,62,61,58,53,61,56,64,64
61,53,61,61,55,61,62,63,61,56,57,60,66,71,62,64,60,61,61,62,64,64,64,63,63,58,49,55,58,63,62,64,64,61,62,63,65,62,65,63,56,64,62,63,57,54,62,56,64,65
61,53,61,62,55,61,62,63,63,56,58,60,67,71,63,65,60,60,61,63,64,64,64,63,63,58,49,55,58,64,66,64,64,61,62,64,65,62,65,63,56,65,67,65,57,54,62,56,64,65
62,52,61,62,55,61,63,64,64,56,58,60,68,71,63,65,60,61,62,63,65,64,65,64,63,58,49,55,59,64,66,64,64,61,63,64,65,63,65,64,57,66,67,66,57,54,62,56,64,65
65,53,61,62,56,62,70,69,64,57,58,60,67,71,64,65,61,61,62,63,65,64,65,64,63,59,49,55,59,64,66,64,64,61,65,64,64,63,66,64,57,66,67,66,57,55,63,56,65,65
65,53,62,62,56,62,70,69,66,57,58,60,67,71,64,65,61,61,62,62,65,67,65,66,62,59,50,56,59,64,66,68,64,61,67,65,65,63,66,64,57,66,66,66,57,55,68,56,72,67
65,53,62,62,57,65,70,69,66,57,57,60,73,71,66,65,61,61,62,62,65,67,65,68,62,60,50,56,59,64,66,67,64,61,70,68,64,63,66,65,57,65,66,66,57,55,67,56,72,67
69,53,62,62,57,65,70,69,66,58,57,60,72,72,66,65,61,62,62,62,65,67,65,68,62,59,50,56,59,64,65,66,64,61,69,68,64,69,66,65,58,65,66,66,57,55,67,56,71,67
69,53,62,62,57,65,69,69,71,58,57,60,72,72,66,65,61,62,62,61,66,67,65,68,61,60,50,56,59,64,65,66,64,60,69,68,64,69,67,65,58,64,65,65,56,55,67,55,71,71
67,53,61,62,57,65,69,69,72,58,58,60,72,71,66,64,61,62,62,61,66,67,65,68,61,59,50,57,59,64,65,65,64,60,72,67,64,68,67,66,58,64,65,65,56,55,68,55,72,72
67,53,61,62,58,65,69,69,72,58,58,60,72,71,66,64,61,62,62,60,66,67,65,69,61,59,50,57,58,63,65,64,63,60,71,67,64,68,67,69,58,64,64,65,56,55,68,55,72,73
71,52,61,62,58,65,69,70,71,57,58,59,71,72,67,63,60,62,62,60,66,66,65,72,60,59,50,57,58,62,65,63,62,59,71,67,63,67,66,71,58,63,64,64,56,55,67,54,71,72
70,52,61,62,58,65,69,70,71,57,58,59,71,73,73,62,60,62,62,59,66,66,65,71,60,58,51,57,58,61,65,63,61,58,70,67,62,67,65,71,58,62,63,63,56,55,66,54,71,73
70,52,61,62,58,65,68,70,72,58,58,59,70,72,72,62,60,61,62,59,65,66,65,71,60,58,51,57,58,61,65,62,61,58,70,67,62,66,65,71,58,61,63,63,56,55,66,54,70,72
70,52,61,62,58,64,67,68,70,58,58,59,67,72,71,61,60,60,62,58,64,66,65,71,60,58,51,55,58,61,64,61,60,57,69,67,61,66,64,70,58,60,62,62,55,55,65,54,70,72
69,52,61,62,58,64,66,67,69,58,57,59,66,72,70,61,60,60,62,58,63,66,65,69,60,58,51,54,58,61,63,60,60,57,69,66,60,66,64,68,58,60,62,61,55,55,65,54,69,72
69,52,61,62,58,64,66,66,68,58,57,59,66,71,69,60,61,58,61,58,63,66,64,69,60,57,51,54,59,61,62,59,60,57,68,66,59,66,63,68,57,59,62,60,55,55,64,54,69,72
68,52,61,62,58,64,65,66,68,58,57,59,65,70,68,60,61,58,61,57,63,65,64,68,60,57,50,54,59,61,62,59,59,57,67,65,59,66,63,67,57,58,61,60,55,54,64,54,68,71
68,52,61,62,58,63,64,64,67,58,57,59,65,70,68,60,61,57,61,56,62,65,64,67,60,57,50,53,58,60,61,59,59,56,67,65,58,66,62,67,57,58,61,59,55,54,64,54,67,70
68,52,62,62,59,63,64,64,67,58,57,59,64,69,67,59,61,57,61,56,62,65,64,67,60,57,50,53,58,60,61,58,58,56,66,64,57,65,62,66,57,57,61,59,55,54,64,54,67,70
67,52,62,62,59,63,63,64,67,58,57,59,64,68,67,59,61,56,61,56,61,64,63,66,60,57,50,53,58,60,61,58,58,56,66,63,57,65,61,65,57,57,61,58,55,54,64,54,67,69
66,52,61,62,59,62,62,63,65,57,57,59,63,67,65,59,60,56,60,56,61,64,63,65,60,57,50,53,58,59,61,58,58,56,66,62,56,65,60,64,57,57,60,58,55,54,63,54,66,68
65,52,61,62,59,61,60,61,64,57,57,58,62,65,64,59,60,56,60,56,60,63,62,63,58,56,50,52,57,59,61,58,58,56,66,61,56,64,60,62,56,56,59,57,54,53,62,54,64,66
63,52,60,60,58,60,59,60,63,57,56,58,61,64,62,58,60,55,59,56,60,61,61,62,57,56,50,52,56,57,60,57,57,55,64,59,56,63,59,61,56,56,59,57,54,53,60,54,63,65
62,51,59,59,57,59,58,59,61,56,55,57,60,63,61,57,59,55,59,55,59,60,60,61,56,56,50,52,55,56,59,57,57,55,63,58,56,62,58,60,56,55,58,56,53,53,59,54,62,64
61,51,58,58,56,58,56,57,60,55,53,56,59,62,60,56,58,54,58,54,58,59,59,60,55,55,50,52,54,55,58,56,56,55,62,57,55,61,56,59,55,55,57,56,53,53,58,54,61,63
61,51,58,58,56,58,56,57,60,55,53,56,59,62,60,56,58,54,58,54,58,59,59,60,55,55,50,52,54,55,58,56,56,55,62,57,55,61,56,59,55,55,57,56,53,53,58,54,61,63
61,51,58,58,56,58,56,57,60,55,53,56,59,62,60,56,58,54,58,54,58,59,59,60,55,55,50,52,54,55,58,56,56,55,62,57,55,61,56,59,55,55,57,56,53,53,58,54,61,63
61,51,58,58,56,58,56,57,60,55,53,56,59,62,60,56,58,54,58,54,58,59,59,60,55,55,50,52,54,55,58,56,56,55,62,57,55,61,56,59,55,55,57,56,54,53,58,54,61,63
61,51,58,58,56,58,56,57,60,55,53,56,59,62,60,56,58,54,59,54,58,59,59,60,55,55,50,53,54,55,58,56,56,55,62,57,55,61,56,59,55,55,57,56,54,53,58,54,61,63
61,52,58,58,56,58,56,57,60,55,53,56,59,62,60,56,58,54,59,54,58,59,59,60,55,55,50,53,54,55,58,56,56,55,62,57,55,61,56,59,55,55,57,56,54,53,58,54,61,63
61,52,58,58,56,58,56,57,60,55,53,56,59,62,60,56,58,54,59,54,58,59,59,60,55,55,51,53,54,55,58,56,56,55,62,57,55,61,56,59,55,55,57,56,54,54,58,54,61,63
61,52,58,58,56,58,56,57,60,55,53,56,59,62,60,56,58,54,59,54,58,59,59,60,55,55,51,53,54,55,58,56,56,55,62,57,55,61,56,59,55,55,57,56,54,54,58,54,61,63
61,52,58,58,56,58,56,57,60,55,53,56,59,62,60,56,58,54,59,54,58,59,59,60,55,55,51,52,54,55,58,56,56,55,62,57,56,61,56,59,55,55,58,56,54,54,58,55,61,63
61,52,58,58,56,58,56,57,60,55,54,56,59,62,60,56,58,54,59,54,58,59,59,60,55,55,51,52,54,55,58,56,57,56,62,57,56,61,56,59,55,56,58,57,55,54,58,55,61,63
61,53,58,58,56,58,56,57,60,55,54,56,59,62,60,56,58,55,59,54,58,59,59,60,55,56,52,52,55,55,59,57,57,56,62,57,56,61,57,59,56,56,58,57,55,55,58,55,60,63
61,53,57,58,56,58,56,58,60,55,54,56,59,62,60,57,58,55,60,55,58,59,59,60,55,56,52,51,55,55,59,57,57,56,62,57,56,61,57,59,56,56,58,57,55,55,58,55,59,63
61,53,57,58,56,58,56,58,60,55,54,56,59,62,60,57,59,55,60,55,58,59,59,60,55,56,52,51,55,56,59,57,57,56,62,57,56,61,57,59,56,56,58,57,56,55,57,56,59,63
62,54,56,58,57,58,57,58,60,56,54,57,59,62,60,57,59,55,60,55,58,59,59,60,55,57,53,51,55,56,59,57,58,57,62,58,57,61,57,59,56,56,59,58,56,56,57,56,58,63
62,54,56,58,57,58,57,58,60,56,54,57,59,62,60,57,59,55,60,55,59,59,59,60,56,57,53,51,55,56,59,57,58,57,61,58,57,61,57,59,57,57,59,58,56,56,56,56,58,63
62,54,55,59,57,58,57,58,60,56,55,57,59,62,60,57,59,56,60,56,59,59,60,60,56,57,54,50,54,56,60,58,58,57,60,58,57,61,57,60,57,57,59,58,56,56,56,57,57,63
62,55,54,59,57,57,57,58,61,56,55,57,59,62,61,58,60,56,61,56,59,60,60,60,56,58,54,50,54,56,60,58,58,58,59,58,57,61,58,60,57,57,59,58,57,56,55,57,56,63
62,55,54,59,58,57,57,58,61,57,55,57,59,62,61,58,60,56,61,56,59,60,60,60,57,58,54,50,53,57,60,58,59,58,59,58,58,61,58,60,58,57,60,59,57,56,55,58,56,63
62,56,53,59,58,56,58,59,61,57,56,57,60,62,61,58,60,57,61,57,60,60,60,61,57,58,55,50,54,57,60,58,59,58,59,59,58,60,58,60,58,57,60,59,58,56,55,58,56,63
62,56,53,60,58,55,58,59,61,57,56,57,60,62,61,58,61,57,60,57,60,60,61,61,57,59,55,49,54,57,61,59,59,59,58,59,58,60,58,60,58,56,60,59,58,55,54,58,55,63
62,57,53,60,59,55,58,59,61,57,56,58,60,63,61,59,61,57,60,57,59,61,61,61,58,59,56,49,54,58,61,59,60,59,58,59,59,60,59,61,59,56,60,59,58,55,54,59,56,63
62,57,52,60,59,55,58,59,61,58,57,58,60,63,62,59,61,58,59,58,59,61,61,61,58,59,55,49,54,58,61,60,59,59,58,59,59,60,59,61,59,56,60,60,59,55,54,59,55,63
63,57,52,60,59,55,59,60,62,58,57,58,61,62,62,59,61,57,59,58,59,61,61,62,58,59,55,49,54,58,61,59,59,58,57,60,59,59,59,61,60,56,60,60,59,55,53,59,55,63
63,58,52,60,59,55,59,60,62,59,56,57,61,63,62,59,62,58,59,58,60,62,62,62,59,58,55,49,53,58,61,60,59,58,57,60,60,59,60,61,60,55,60,59,60,55,53,60,55,63
63,58,52,59,59,54,59,61,60,59,56,56,60,63,62,60,62,58,59,58,59,62,62,62,59,58,55,48,52,58,60,60,59,58,57,60,60,59,60,61,60,56,59,59,60,55,53,60,54,63
63,59,52,59,59,54,60,61,61,59,56,56,60,63,64,60,61,58,59,59,58,61,62,63,60,58,55,48,53,57,59,60,60,58,57,61,61,59,60,61,61,55,60,59,60,56,52,61,54,63
63,60,51,59,60,54,60,61,61,60,56,57,60,63,64,60,61,58,58,59,57,60,61,61,60,58,56,49,53,57,58,60,58,58,57,61,61,58,61,61,61,55,59,59,61,56,53,61,54,63
64,60,52,59,60,53,60,61,60,60,56,57,61,63,64,61,59,58,59,60,57,60,62,61,61,58,56,48,54,57,58,61,59,59,57,61,61,58,61,61,61,55,59,60,61,57,52,61,55,63
64,61,52,60,60,54,61,62,61,61,55,56,59,63,65,62,59,59,58,60,57,60,62,62,63,57,57,48,53,57,58,61,59,59,57,62,60,58,62,62,62,55,58,60,59,56,53,62,55,64
64,61,52,60,61,54,61,61,61,63,55,56,59,63,65,63,59,59,57,60,57,61,62,62,63,58,57,48,54,57,58,61,59,59,58,62,60,58,62,62,62,55,58,60,59,56,53,62,55,64
64,62,51,60,61,54,61,62,61,64,55,57,59,62,65,63,59,59,58,61,57,61,62,62,63,58,58,48,54,58,58,62,59,59,58,63,60,58,63,62,62,56,58,60,59,56,53,62,55,64
64,65,52,60,61,55,61,61,61,64,56,57,59,63,65,64,60,60,58,61,57,61,62,62,63,58,58,48,55,58,59,62,60,60,58,65,61,59,63,61,62,56,59,61,59,56,54,62,55,64
64,65,52,61,61,55,62,62,61,64,56,57,59,63,66,64,60,60,58,61,58,62,63,63,64,59,58,49,55,58,59,62,60,60,58,66,61,59,63,61,63,56,59,61,60,56,54,62,55,64
65,65,52,61,61,56,62,60,61,64,57,56,60,63,66,64,60,60,58,61,58,62,63,63,64,59,59,49,55,58,59,62,60,60,59,66,61,59,63,61,63,56,59,61,60,56,54,62,55,65
65,65,52,61,61,56,62,60,62,64,57,56,60,63,66,64,60,60,58,61,58,62,63,63,64,59,59,49,55,58,59,62,60,60,59,66,61,59,65,60,63,57,59,61,60,56,54,62,55,65
65,65,52,61,61,56,62,60,61,64,57,56,59,62,66,64,60,60,58,61,58,62,63,63,64,59,59,49,55,58,59,62,60,60,58,66,61,59,65,60,63,57,59,61,60,56,54,62,54,64
65,65,52,61,61,57,62,60,61,64,57,57,59,62,66,64,60,60,58,61,58,62,63,63,64,59,59,49,56,58,59,62,60,60,58,66,61,59,64,60,63,57,59,61,60,55,54,62,54,64
64,65,52,61,61,57,62,60,61,64,57,57,59,62,66,64,60,60,58,61,58,61,63,63,64,58,58,49,56,57,59,62,60,60,58,66,61,59,64,60,63,57,59,61,60,55,54,62,54,64
65,65,52,61,62,57,62,60,62,64,57,57,58,63,66,64,60,60,58,61,58,62,63,63,64,59,58,50,56,57,59,62,60,60,58,66,61,59,65,60,63,58,59,61,60,55,54,62,53,65
65,65,52,61,62,57,62,61,62,65,57,57,58,63,66,64,60,59,58,61,58,62,63,63,64,59,57,50,56,57,59,62,60,60,58,66,61,59,65,61,63,58,59,61,60,55,54,62,53,65
63,64,51,61,61,57,61,59,60,63,57,56,59,61,65,63,59,60,57,61,57,61,62,62,63,58,57,50,55,57,58,61,59,59,57,65,60,58,63,59,62,57,58,60,59,55,54,61,53,63
63,64,51,61,61,57,61,59,60,63,57,56,59,61,65,63,59,60,57,61,57,60,62,62,62,57,57,50,54,57,58,61,59,59,57,65,60,58,63,59,61,57,58,60,59,55,54,61,53,63
63,64,51,61,61,57,61,59,60,63,57,56,59,61,65,63,59,60,57,61,57,60,62,62,63,57,57,50,54,57,58,61,59,59,56,65,60,58,63,59,62,57,58,60,59,55,54,61,53,63
63,63,51,60,61,57,60,59,60,63,57,56,58,61,64,63,58,60,57,61,56,60,61,61,62,57,57,50,53,57,57,61,59,59,56,64,59,58,63,59,61,57,57,60,58,55,54,61,53,63
62,63,51,60,60,58,60,58,59,62,57,55,58,60,64,62,58,60,56,60,56,60,61,61,62,57,56,50,53,56,57,60,58,58,56,64,59,57,62,58,61,56,57,59,58,55,54,60,53,62
61,62,51,59,59,57,59,57,58,61,56,54,57,59,63,61,57,59,55,59,55,59,60,60,61,56,55,49,53,55,56,59,57,57,55,63,58,56,61,57,60,55,56,58,57,54,54,59,53,61
61,61,51,58,58,56,58,57,58,61,55,54,56,59,62,61,56,58,55,59,54,58,59,59,60,55,55,50,52,55,55,59,57,57,55,62,57,55,61,57,59,55,55,57,56,54,53,58,53,61
61,61,51,58,58,56,58,57,58,61,55,54,56,59,62,60,56,58,54,59,54,58,59,59,60,55,55,49,52,54,55,58,56,56,55,62,57,55,61,57,59,55,55,57,56,54,53,58,54,61
61,61,51,58,58,56,58,56,57,60,55,53,56,59,62,60,56,58,54,58,54,58,59,59,60,55,55,50,52,54,55,58,56,56,55,62,57,55,61,56,59,55,55,57,56,53,53,58,54,61
61,61,51,58,58,56,58,56,57,60,55,53,56,58,62,60,56,58,54,58,54,58,59,59,60,55,55,49,52,54,55,58,56,56,54,62,57,55,61,56,59,55,55,57,56,53,53,58,53,60
61,61,51,58,58,56,58,56,57,60,55,53,56,58,62,60,56,58,54,58,54,58,59,59,60,55,55,49,52,54,55,58,56,56,54,62,57,55,61,56,59,55,55,57,56,53,53,58,53,60
61,61,51,58,58,56,58,56,57,60,55,53,56,58,62,60,56,58,54,58,54,58,59,59,60,55,55,49,52,54,55,58,56,56,54,62,57,55,61,56,59,55,55,57,56,53,53,58,53,60
61,61,51,58,58,56,58,56,57,60,55,53,56,58,62,60,56,58,54,58,54,58,59,59,60,55,55,49,52,54,55,58,56,56,54,62,57,55,61,56,59,55,55,57,56,53,53,58,53,60
61,61,51,58,58,56,58,56,57,60,55,53,56,58,62,60,56,58,54,58,54,58,59,59,60,55,55,50,52,54,55,58,56,56,54,62,57,55,61,56,59,55,55,57,56,53,53,58,53,60
61,61,51,58,58,56,58,56,57,60,55,53,56,58,62,60,56,58,54,58,54,58,59,59,60,55,55,50,52,54,55,58,56,56,54,62,57,55,61,56,59,55,55,57,56,53,53,58,53,60
61,61,51,58,58,56,58,56,57,60,55,53,56,58,62,60,56,58,54,58,54,58,59,59,60,55,55,50,52,54,55,58,56,56,54,62,57,55,61,56,59,55,55,57,56,53,53,58,54,60
61,61,51,58,58,56,58,56,57,60,55,53,56,58,62,60,56,58,54,58,54,58,59,59,60,55,55,50,53,54,55,58,56,56,55,62,57,55,61,56,59,55,55,57,56,54,53,58,54,60
61,61,51,58,58,56,58,56,57,60,55,53,56,58,62,60,56,58,54,58,54,58,59,59,60,55,55,50,53,54,55,58,56,56,55,62,57,55,61,56,59,55,55,57,56,54,53,58,54,60
61,61,52,58,58,56,58,56,57,60,55,53,56,58,62,60,56,58,54,59,54,58,59,59,60,55,55,50,53,54,55,58,56,56,55,62,57,55,61,56,59,55,55,57,56,54,53,58,54,60
61,61,52,58,58,56,58,56,57,60,55,53,56,58,62,60,56,58,54,59,54,58,59,59,60,55,55,51,53,54,55,58,56,56,55,62,57,55,61,56,59,55,55,57,56,54,54,58,54,60
61,61,52,58,58,56,58,56,57,60,55,53,56,58,62,60,56,58,54,59,54,58,59,59,60,55,55,51,52,54,55,58,56,56,55,62,57,56,61,56,59,55,55,57,56,54,54,58,55,60
61,61,52,58,58,56,58,56,57,60,55,54,56,58,62,60,56,58,54,59,54,58,59,59,60,55,55,51,52,54,55,58,56,57,56,62,57,56,61,56,59,55,55,58,57,55,54,58,55,61
61,61,53,58,58,56,58,56,57,60,55,54,56,58,62,60,56,58,55,59,54,58,59,59,60,55,56,52,52,55,55,59,57,57,56,62,57,56,61,57,59,56,56,58,57,55,55,58,55,60
61,61,53,57,58,56,58,56,57,60,55,54,56,59,62,60,57,58,55,60,55,58,59,59,60,55,56,52,51,55,55,59,57,57,56,62,57,56,61,57,59,56,56,58,57,55,55,58,55,59
61,61,53,57,58,56,58,56,58,60,55,54,56,59,62,60,57,59,55,60,55,58,59,59,60,55,56,52,51,55,56,59,57,57,56,62,57,56,61,57,59,56,56,58,57,55,55,57,56,59
61,62,54,56,58,57,58,57,58,60,55,54,56,59,62,60,57,59,55,60,55,58,59,59,60,55,57,53,51,55,56,59,57,57,57,62,57,57,61,57,59,56,56,59,58,56,56,57,56,58
61,62,54,56,58,57,58,57,58,60,56,54,57,59,62,60,57,59,55,60,55,59,59,59,60,56,57,53,51,55,56,59,57,58,57,62,58,57,61,57,59,57,56,59,58,56,56,56,56,57
61,62,54,55,59,57,58,57,58,60,56,55,57,59,62,60,57,59,56,60,56,59,59,60,60,56,57,54,50,54,56,60,58,58,57,61,58,57,61,57,60,57,57,59,58,56,56,56,57,57
61,62,55,54,59,57,57,57,58,61,56,55,57,59,62,61,58,60,56,60,56,59,60,60,60,56,58,54,50,54,56,60,58,58,58,61,58,57,62,58,60,57,57,59,58,57,56,55,57,56
61,62,55,54,59,58,57,57,58,61,57,55,57,59,62,61,58,60,56,61,56,59,60,60,60,57,58,54,50,53,57,60,58,59,58,61,58,58,62,58,60,58,57,60,59,57,56,55,58,56
61,62,56,53,59,58,56,58,59,61,57,56,57,60,62,61,58,60,57,61,57,60,60,60,61,57,58,55,50,54,57,60,58,59,58,61,59,58,62,58,60,58,57,60,59,58,56,55,58,56
61,62,56,53,60,58,55,58,59,61,57,56,57,60,62,61,58,61,57,61,57,60,60,61,61,57,59,55,49,54,57,61,59,59,59,60,59,58,62,58,60,58,56,60,59,58,55,54,58,55
61,62,57,53,60,59,55,58,59,61,57,56,58,60,63,61,59,61,57,61,57,60,61,61,61,58,59,56,49,54,58,61,59,60,59,60,59,59,62,59,61,59,56,61,60,58,55,54,59,56
61,62,57,52,60,59,55,58,59,61,58,57,58,60,63,62,59,61,58,61,58,61,61,61,61,58,60,55,49,54,58,61,60,60,60,60,59,59,62,59,61,59,56,61,60,59,55,54,59,55
62,63,57,52,60,59,55,59,60,62,58,57,58,61,63,62,59,62,57,61,58,61,61,61,62,58,60,55,49,54,58,62,60,61,60,59,60,59,61,59,61,60,56,61,60,59,55,53,59,55
62,63,58,52,60,59,55,59,60,62,59,56,57,61,63,62,59,62,58,61,58,61,62,62,62,59,60,55,49,53,58,62,60,61,60,59,60,60,61,60,62,60,56,62,60,60,55,53,60,55
62,63,58,52,60,59,54,59,61,62,59,56,56,61,64,62,60,63,58,61,58,62,62,62,62,59,60,55,48,53,58,62,61,61,60,59,60,60,61,60,62,60,56,62,61,60,55,53,60,54
62,63,59,52,59,59,54,60,61,62,59,56,57,60,66,65,60,63,58,61,59,60,62,62,63,60,60,55,48,53,58,62,61,62,60,59,61,61,61,60,63,61,55,62,61,60,56,52,61,55
63,63,60,52,59,60,54,60,61,63,60,56,57,61,66,66,60,63,58,61,59,60,62,63,63,60,61,56,49,53,57,61,61,61,61,60,61,61,61,61,63,61,55,62,62,61,56,53,61,55
62,64,60,52,59,60,54,60,62,63,60,56,57,61,66,67,61,62,58,61,60,59,63,63,63,61,61,56,49,54,57,60,62,61,61,59,61,62,60,61,64,62,55,62,62,61,57,52,61,55
63,66,61,52,60,60,54,61,62,63,61,55,56,60,65,67,62,61,59,60,60,59,63,64,64,63,60,57,48,54,57,60,62,62,61,60,62,63,60,62,64,63,55,61,62,62,56,53,62,55
63,66,61,52,60,61,54,61,62,63,63,55,57,59,65,67,63,62,59,60,61,59,63,64,64,63,60,57,48,54,57,61,64,62,62,60,62,63,61,62,64,63,56,60,63,61,56,53,62,55
63,66,62,51,60,61,55,61,63,64,64,56,57,59,65,68,63,62,60,60,61,60,64,64,64,63,61,58,48,54,58,61,64,62,62,60,63,63,61,63,64,63,56,61,63,62,57,53,62,55
64,66,65,52,61,61,55,62,64,64,64,56,57,59,65,68,64,62,60,60,61,60,64,64,64,64,61,58,49,55,58,61,64,62,62,60,65,63,61,63,64,64,56,61,63,62,57,54,63,55
64,67,65,52,61,61,55,62,64,64,66,56,57,59,65,68,64,62,60,60,62,60,64,65,64,66,61,58,49,55,58,61,64,62,62,60,67,63,61,63,64,64,56,61,63,62,56,54,64,55
64,67,65,52,61,61,56,64,63,64,66,57,56,60,65,68,66,62,60,60,61,60,64,65,64,66,61,59,49,55,59,61,64,62,62,60,68,63,61,63,63,64,57,61,63,62,56,54,64,55
64,67,67,52,61,61,56,64,63,64,66,57,56,60,65,68,66,62,60,60,61,60,64,65,64,66,61,59,49,55,59,61,64,62,62,60,68,63,61,67,63,65,57,61,63,62,56,54,64,55
64,67,67,52,61,61,56,64,63,64,67,57,57,59,65,68,66,62,60,60,61,60,64,65,64,66,60,59,49,56,58,61,64,62,62,59,68,63,61,67,63,65,57,61,63,62,56,54,64,55
64,67,67,52,61,61,57,64,63,64,66,57,57,59,65,68,66,62,60,60,61,60,64,65,65,66,60,59,49,56,58,61,64,62,62,59,68,63,61,67,63,65,57,61,63,62,56,54,64,54
63,66,67,52,61,61,57,64,62,63,66,57,57,59,64,68,66,62,60,60,61,60,63,65,65,66,60,58,49,56,57,61,64,62,62,59,68,63,61,66,62,65,58,61,63,62,55,54,64,54
63,66,66,52,61,62,57,63,62,63,66,57,57,58,64,67,66,61,60,60,61,59,63,64,64,65,60,58,50,56,57,60,64,61,62,58,67,62,60,66,62,64,58,60,62,61,55,54,63,53
62,65,66,52,61,62,57,63,61,62,65,57,57,58,63,67,65,61,60,59,61,59,62,64,64,65,59,57,50,56,57,60,63,61,61,58,67,62,60,65,61,64,58,60,62,61,55,54,63,53
62,65,65,51,61,62,57,62,60,62,64,57,57,59,63,66,64,60,60,58,61,58,62,63,63,64,59,57,50,56,58,59,62,60,60,57,66,61,59,65,60,63,58,59,61,60,55,54,62,53
61,64,64,51,61,61,57,61,60,61,64,57,57,59,62,65,64,59,60,58,61,57,61,62,62,63,58,57,50,54,58,58,62,59,60,57,65,60,58,64,60,62,57,58,60,59,55,54,61,53
60,64,64,51,61,61,57,61,59,60,63,57,56,59,61,65,63,59,60,57,61,57,61,62,62,63,58,57,50,54,57,58,61,59,59,56,65,60,58,64,59,62,57,58,60,59,55,54,61,53
60,63,64,51,61,61,57,61,59,60,63,57,56,58,61,65,63,59,60,57,61,57,61,62,62,63,58,57,50,53,57,58,61,59,59,56,65,60,58,63,59,62,57,58,60,59,55,54,61,53
60,63,63,51,60,61,58,60,59,60,63,57,56,58,61,64,63,58,60,57,60,56,60,61,61,62,57,56,50,53,57,57,61,59,59,56,64,59,58,63,59,61,57,57,59,58,55,54,60,53
58,61,61,51,58,58,56,58,56,58,60,55,53,56,59,62,60,56,58,54,58,54,58,59,59,60,55,55,49,52,54,55,58,56,56,55,62,57,55,61,56,59,55,55,57,56,53,53,58,53
57,61,61,51,58,58,56,58,56,57,60,55,53,56,58,62,60,56,58,54,58,54,58,59,59,60,55,55,49,52,54,55,58,56,56,54,62,57,55,61,56,59,55,55,57,56,53,53,58,53
57,61,61,51,58,58,56,58,56,57,60,55,53,56,58,62,60,56,58,54,58,54,58,59,59,60,55,55,49,52,54,55,58,56,56,54,62,57,55,61,56,59,55,55,57,56,53,53,58,53
57,61,61,51,58,58,56,58,56,57,60,55,53,56,58,62,60,56,58,54,58,54,58,59,59,60,55,55,49,52,54,55,58,56,56,54,62,57,55,61,56,59,55,55,57,56,53,53,58,53
57,61,61,51,58,58,56,58,56,57,60,55,53,56,58,62,60,56,58,54,58,54,58,59,59,60,55,55,49,52,54,55,58,56,56,54,62,57,55,61,56,59,55,55,57,56,53,53,58,53
57,61,61,51,58,58,56,58,56,57,60,55,53,56,58,62,60,56,58,54,58,54,58,59,59,60,55,55,49,52,54,55,58,56,56,54,62,57,55,61,56,59,55,55,57,56,53,53,58,53
57,61,61,51,58,58,56,58,56,57,60,55,53,56,58,62,60,56,58,54,58,54,58,59,59,60,55,55,49,52,54,55,58,56,56,54,62,57,55,61,56,59,55,55,57,56,53,53,58,53
57,61,61,51,58,58,56,58,56,57,60,55,53,56,58,62,60,56,58,54,58,54,58,59,59,60,55,55,49,52,54,55,58,56,56,54,62,57,55,61,56,59,55,55,57,56,53,53,58,53
57,61,61,51,58,58,56,58,56,57,60,55,53,56,58,62,60,56,58,54,58,54,58,59,59,60,55,55,50,52,54,55,58,56,56,54,62,57,55,61,56,59,55,55,57,56,53,53,58,53
57,61,61,51,58,58,56,58,56,57,60,55,53,56,58,62,60,56,58,54,58,54,58,59,59,60,55,55,50,52,54,55,58,56,56,54,62,57,55,61,56,59,55,55,57,56,53,53,58,53
57,61,61,51,58,58,56,58,56,57,60,55,53,56,58,62,60,56,58,54,58,54,58,59,59,60,55,55,50,52,54,55,58,56,56,54,62,57,55,61,56,59,55,55,57,56,53,53,58,54
57,61,61,51,58,58,56,58,56,57,60,55,53,56,58,62,60,56,58,54,58,54,58,59,59,60,55,55,50,52,54,55,58,56,56,55,62,57,55,61,56,59,55,55,57,56,54,53,58,54
57,61,61,51,58,58,56,58,56,57,60,55,53,56,58,62,60,56,58,54,58,54,58,59,59,60,55,55,50,53,54,55,58,56,56,55,62,57,55,61,56,59,55,55,57,56,54,53,58,54
57,61,61,52,58,58,56,58,56,57,60,55,53,56,58,62,60,56,58,54,59,54,58,59,59,60,55,55,50,53,54,55,58,56,56,55,62,57,55,61,56,59,55,55,57,56,54,53,58,54
57,61,61,52,58,58,56,58,56,57,60,55,53,56,58,62,60,56,58,54,59,54,58,59,59,60,55,55,51,53,54,55,58,56,56,55,62,57,55,61,56,59,55,55,57,56,54,54,58,54
57,61,61,52,58,58,56,58,56,57,60,55,53,56,58,62,60,56,58,54,59,54,58,59,59,60,55,55,51,52,54,55,58,56,56,55,62,57,56,61,56,59,55,55,57,56,54,54,58,55
57,61,61,52,58,58,56,58,56,57,60,55,54,56,58,62,60,56,58,54,59,54,58,59,59,60,55,55,51,52,54,55,58,56,57,56,62,57,56,61,56,59,55,55,58,57,55,54,58,55
58,61,61,53,58,58,56,58,56,57,60,55,54,56,58,62,60,56,58,55,59,54,58,59,59,60,55,56,52,51,55,55,58,57,57,56,62,57,56,61,56,59,56,56,58,57,55,55,58,55
58,61,61,53,57,58,56,58,56,57,60,55,54,56,58,62,60,57,58,55,60,55,58,59,59,60,55,56,52,51,55,55,59,57,57,56,62,57,56,61,57,59,56,56,58,57,55,55,58,55
58,61,61,53,57,58,56,58,56,58,60,55,54,56,59,62,60,57,59,55,60,55,58,59,59,60,55,56,52,51,55,56,59,57,57,56,62,57,56,61,57,59,56,56,58,57,55,55,57,56
58,61,62,54,56,58,57,58,56,58,60,55,54,56,59,62,60,57,59,55,60,55,58,59,59,60,55,57,53,51,55,56,59,57,57,57,62,57,57,61,57,59,56,56,59,58,56,56,57,56
58,61,62,54,55,58,57,58,57,58,60,56,54,57,59,62,60,57,59,55,60,55,59,59,59,60,56,57,53,50,54,56,59,57,58,57,62,58,57,61,57,59,57,56,59,58,56,56,56,56
58,61,62,54,55,59,57,58,57,58,60,56,54,57,59,62,60,57,59,56,60,56,59,59,60,60,56,57,54,50,54,56,59,58,58,57,61,58,57,61,57,60,57,57,59,58,56,56,56,57
59,61,62,55,54,59,57,57,57,58,61,56,55,57,59,62,61,58,60,56,60,56,59,60,60,60,56,58,54,50,54,56,60,58,58,58,60,58,57,62,58,60,57,57,59,58,57,56,55,57
59,61,62,55,54,59,58,57,57,58,61,57,55,57,59,62,61,58,60,56,61,56,59,60,60,60,57,58,54,50,53,57,60,58,59,58,60,58,58,61,58,60,58,57,60,59,57,56,55,57
59,61,62,56,53,59,58,56,58,59,61,57,55,57,60,62,61,58,60,57,61,57,60,60,60,61,57,58,55,49,53,57,60,58,59,58,60,59,58,61,58,60,58,56,60,59,58,55,54,58
60,61,62,56,53,60,58,55,58,59,61,57,56,57,60,63,61,58,61,57,61,57,60,60,61,61,57,59,55,49,53,57,61,59,59,59,59,59,58,61,58,60,58,56,60,59,58,55,54,58
60,61,62,57,53,60,59,55,58,59,61,57,56,58,60,63,61,59,61,57,61,57,60,61,61,61,58,59,56,49,54,58,61,59,60,59,59,59,59,61,59,61,59,56,61,60,58,55,54,59
60,61,62,57,52,60,59,55,58,59,61,58,56,58,60,63,62,59,61,57,60,58,60,61,61,61,58,60,55,49,54,58,61,59,60,60,59,59,59,60,59,61,59,56,60,60,59,55,54,59
60,62,63,57,52,60,59,54,59,60,62,58,57,58,60,63,62,59,62,57,59,58,60,61,61,62,58,60,54,49,53,58,62,60,60,59,58,60,59,60,59,61,60,56,61,60,59,55,53,59
61,62,63,58,52,60,59,54,59,60,62,59,56,57,61,63,62,59,62,58,59,58,60,62,62,62,59,59,54,49,53,58,61,60,60,59,57,60,60,60,60,61,60,55,61,60,60,55,53,60
61,62,63,58,52,59,59,54,59,60,61,59,56,56,60,64,62,60,62,58,60,58,60,62,62,62,59,59,55,48,52,57,61,61,60,59,58,60,60,59,60,62,60,56,60,60,60,55,53,60
62,62,63,59,52,59,59,54,60,61,61,59,56,56,60,64,64,60,62,58,59,58,59,62,62,63,60,59,55,48,53,57,60,61,60,59,58,61,61,59,60,62,61,55,61,60,60,56,52,61
62,61,63,60,51,59,60,54,60,61,62,60,56,56,60,64,65,60,61,58,59,59,58,61,62,62,60,59,55,48,53,57,59,61,59,59,58,61,61,59,61,62,61,55,60,60,61,56,52,61
63,61,64,60,52,59,60,53,60,62,61,60,56,57,61,64,65,61,60,58,59,59,58,61,63,62,61,59,56,48,53,57,59,61,60,59,58,61,62,58,61,62,62,55,60,60,61,57,52,61
63,61,65,60,52,59,60,54,61,62,61,61,55,56,59,63,65,62,59,59,59,60,57,61,62,62,63,58,56,48,53,57,58,62,60,60,58,62,61,59,62,62,62,55,59,61,60,56,52,62
62,61,65,61,52,60,60,54,61,62,62,63,55,56,59,64,66,63,60,59,58,60,58,62,63,63,63,59,57,48,54,57,59,62,60,60,58,62,61,59,62,62,63,55,59,61,60,56,53,62
61,62,65,62,51,60,61,54,61,63,62,64,55,57,59,63,66,63,60,59,58,61,58,62,63,63,63,59,57,48,54,57,59,63,60,60,59,63,61,59,63,62,63,56,59,61,60,56,53,62
61,62,65,65,52,60,61,55,62,62,62,64,56,57,59,64,67,64,61,60,59,61,59,62,64,64,64,59,58,48,54,58,60,63,61,61,59,65,62,60,63,62,64,56,60,62,61,56,53,63
61,63,66,65,52,61,61,55,62,63,63,65,56,57,59,64,67,64,61,60,59,61,59,63,64,64,65,60,58,49,55,58,60,63,61,61,60,67,62,60,63,63,64,56,60,62,61,56,54,63
62,63,66,65,52,61,61,56,63,62,63,66,56,56,59,64,67,65,61,60,59,61,59,63,64,64,65,60,59,49,55,58,60,63,61,61,60,67,62,60,63,62,64,56,60,62,61,56,54,63
62,63,66,67,52,61,61,56,64,62,63,66,57,56,59,64,68,66,62,60,60,61,60,63,65,64,66,60,59,49,55,58,61,64,62,62,60,68,63,61,66,62,65,57,61,63,62,56,54,64
63,64,67,67,52,61,61,56,64,62,64,66,57,56,59,65,68,66,62,60,60,61,60,64,65,64,66,60,59,49,55,58,61,64,62,62,59,68,63,61,67,63,65,57,61,63,62,55,54,64
63,64,67,67,52,61,61,57,64,63,64,67,57,57,59,65,68,66,62,60,61,61,60,64,65,64,66,60,59,49,56,58,61,64,62,63,59,68,63,62,67,63,65,57,61,63,62,55,54,64
63,64,67,67,52,61,61,57,64,63,64,67,57,57,59,65,69,66,63,60,61,61,59,64,66,65,67,60,58,49,56,57,62,64,63,63,59,69,64,62,67,63,66,58,62,64,63,55,54,65
63,64,68,68,52,61,62,57,64,63,64,67,57,57,59,65,69,67,62,60,61,61,59,65,66,65,67,60,58,50,56,57,61,64,63,62,58,69,64,62,67,63,66,58,62,63,63,55,54,65
63,65,68,68,52,61,62,57,64,63,65,67,57,57,59,66,69,67,62,60,61,61,59,65,66,65,67,60,58,50,56,57,61,64,62,61,58,69,64,62,66,63,66,58,61,62,63,55,55,65
64,64,68,68,52,61,62,57,65,64,65,68,57,58,59,66,69,67,61,60,60,61,58,65,65,64,67,59,57,50,56,58,61,64,61,60,57,69,64,61,66,64,66,58,61,62,62,55,55,65
64,64,68,68,51,61,62,57,64,64,65,68,57,57,59,66,69,67,61,60,60,61,58,64,65,64,67,59,57,50,54,58,61,63,60,60,57,69,64,60,66,64,66,57,60,62,61,55,54,65
64,64,68,68,51,61,62,57,64,63,65,67,58,57,59,66,69,67,60,60,60,61,58,63,65,64,67,59,57,50,54,58,60,62,60,60,57,68,64,60,66,64,66,57,59,62,60,55,54,64
64,63,68,68,52,61,62,58,63,64,65,68,58,57,59,65,69,67,60,60,58,61,57,62,65,64,67,60,57,51,54,58,60,62,59,59,57,68,64,59,66,63,66,57,59,62,60,55,54,64
64,63,68,68,51,61,62,58,63,63,65,67,58,57,59,65,69,67,60,61,57,61,57,62,65,64,67,60,57,50,53,58,60,61,59,59,56,67,64,58,65,63,66,57,58,61,59,55,54,64
63,62,67,68,51,61,62,58,63,63,64,67,58,57,59,64,68,67,59,61,57,61,56,62,65,64,66,60,57,50,53,58,60,61,58,59,56,66,63,58,65,62,65,57,57,61,59,55,54,64
61,61,66,67,51,61,61,58,63,62,63,66,58,57,59,64,68,66,59,61,56,60,56,61,64,63,66,60,57,50,53,58,60,61,58,58,56,66,63,57,65,62,65,57,57,61,58,55,54,64
60,61,66,66,51,61,61,58,62,61,63,65,57,57,58,64,67,65,59,61,56,60,56,61,64,63,65,60,57,50,53,58,59,61,58,58,56,66,62,56,65,61,64,57,56,60,58,55,54,63
59,61,65,66,51,61,61,59,62,61,62,65,57,57,58,63,66,65,59,60,56,60,56,61,63,62,64,59,56,50,52,58,59,60,58,58,55,66,61,56,65,60,63,57,56,60,57,55,54,63
59,61,64,64,52,61,61,58,61,60,61,64,57,56,58,62,65,64,58,60,55,60,56,60,62,62,63,58,56,50,52,57,58,60,58,57,55,65,60,56,64,59,62,56,56,59,57,54,53,61
58,60,63,64,52,61,61,58,61,59,60,63,57,56,58,61,65,63,58,60,55,59,56,60,62,62,63,58,56,50,52,56,58,60,57,57,55,65,60,56,63,58,62,56,56,59,56,53,53,61
58,60,63,64,51,61,61,58,60,59,60,63,56,56,58,61,65,63,58,59,55,59,55,59,62,62,62,57,56,50,52,56,57,59,57,57,55,65,59,56,63,58,61,55,55,58,56,53,53,61
58,59,63,63,51,61,61,58,60,59,60,63,56,55,57,60,64,63,57,59,55,59,55,59,61,61,62,57,55,50,52,56,57,59,57,57,55,64,58,55,63,57,61,55,55,57,56,53,53,60
57,59,63,63,51,60,60,58,60,59,59,63,56,55,57,60,64,62,57,58,54,58,54,59,61,60,62,56,55,50,52,55,56,59,56,56,55,64,58,55,62,57,60,55,55,57,56,53,53,60
57,58,62,62,51,60,60,57,59,58,59,62,55,54,57,59,63,62,56,58,54,58,54,58,60,60,61,56,55,50,52,55,56,58,56,56,54,63,58,55,61,57,60,55,55,57,56,53,53,59
57,58,62,62,51,59,59,57,59,57,58,62,55,54,56,59,63,62,56,58,54,58,54,58,60,59,61,55,55,50,52,55,55,58,56,56,54,63,57,55,61,56,59,55,55,57,56,53,53,59
57,58,61,62,51,58,59,57,58,57,58,61,55,53,56,59,62,61,56,58,54,58,54,58,59,59,60,55,55,50,52,54,55,58,56,56,55,62,57,55,61,56,59,55,55,57,56,54,53,59
56,57,61,61,51,58,58,56,58,56,57,60,55,53,56,58,62,60,56,58,54,58,54,58,59,59,60,55,55,50,53,54,55,58,56,56,55,62,57,55,61,56,59,55,55,57,56,54,53,58
56,57,61,61,52,58,58,56,58,56,57,60,55,53,56,58,62,60,56,58,54,59,54,58,59,59,60,55,55,50,53,54,55,58,56,56,55,62,57,55,60,56,59,55,55,57,56,54,53,58
56,57,61,61,52,58,58,56,58,56,57,60,55,53,56,58,62,60,56,58,54,59,54,58,59,59,60,55,55,51,53,54,55,58,56,56,55,62,57,55,60,56,59,55,55,57,56,54,54,58
56,57,61,61,52,58,58,56,58,56,57,60,55,53,56,58,62,60,56,58,54,59,54,58,59,59,60,55,55,51,52,54,55,58,56,56,55,62,57,55,60,56,59,55,55,57,56,54,54,58
56,57,61,61,52,58,58,56,58,56,57,60,55,53,56,58,62,60,56,58,54,59,54,58,59,59,60,55,55,51,52,54,55,58,56,57,56,62,57,56,61,56,59,55,55,58,57,55,54,58
56,58,61,61,53,58,58,56,58,56,57,60,55,54,56,58,62,60,56,58,55,59,54,58,59,59,60,55,56,52,51,54,55,58,56,57,56,62,57,56,61,56,59,55,56,58,57,55,55,58
56,58,61,61,53,57,58,56,58,56,57,60,55,54,56,58,62,60,57,58,55,60,55,58,59,59,60,55,56,52,51,55,55,59,57,57,56,62,57,56,61,57,59,56,56,58,57,55,55,58
56,58,61,61,53,57,58,56,58,56,57,60,55,54,56,59,62,60,57,59,55,60,55,58,59,59,60,55,56,52,51,55,55,59,57,57,56,62,57,56,61,57,59,56,56,58,57,55,55,57
57,58,61,62,54,56,58,57,58,56,58,60,55,54,56,59,62,60,57,59,55,60,55,58,59,59,60,55,57,53,50,55,56,59,57,57,57,62,57,56,61,57,59,56,56,59,57,56,56,56
57,58,61,62,54,55,58,57,58,57,58,60,56,54,57,59,62,60,57,59,55,60,55,59,59,59,60,56,57,53,50,54,56,59,57,58,57,62,58,57,61,57,59,57,56,59,58,56,56,56
57,58,61,62,54,55,59,57,57,57,58,60,56,54,57,59,62,60,57,59,56,60,56,59,59,60,60,56,57,53,50,54,56,59,58,58,57,61,58,57,61,57,60,57,57,59,58,56,56,56
57,59,61,62,55,54,59,57,57,57,58,61,56,55,57,59,62,61,58,60,56,60,56,59,60,60,60,56,58,54,50,54,56,60,58,58,58,60,58,57,62,58,60,57,57,59,58,57,56,55
57,59,61,62,55,54,59,58,56,57,58,61,57,55,57,59,62,61,58,60,56,61,56,59,60,60,60,57,58,54,49,53,57,60,58,59,58,60,58,58,62,58,60,58,57,60,59,57,56,55
57,59,61,62,56,53,59,58,56,58,59,61,57,55,57,60,62,61,58,60,57,61,57,60,60,60,61,57,58,55,49,53,57,60,58,59,58,60,59,58,61,58,60,58,56,60,59,58,55,54
57,60,61,62,56,53,60,58,55,58,59,61,57,56,57,60,63,61,58,61,57,61,57,60,60,61,61,57,59,55,49,53,57,61,59,59,59,59,59,58,62,58,60,58,56,60,59,58,55,54
58,60,61,62,56,53,60,59,55,58,59,61,57,56,58,60,63,61,59,61,57,61,57,60,61,61,61,58,59,56,49,54,58,61,59,60,59,60,59,59,61,59,61,59,56,61,60,58,55,54
58,60,61,62,57,52,60,59,55,58,59,61,58,56,58,60,63,62,59,61,57,60,58,60,61,61,61,58,60,55,49,54,58,61,59,60,60,59,59,59,61,59,61,59,56,61,60,59,55,53
58,60,62,63,57,52,60,59,54,59,60,62,58,57,58,60,63,62,59,62,57,60,58,61,61,61,62,58,60,54,49,53,58,62,60,61,60,59,60,59,61,59,61,60,56,61,60,59,55,53
58,61,62,63,58,52,60,59,54,59,60,62,59,56,57,61,63,62,59,62,58,60,58,61,62,62,62,59,60,54,49,53,58,62,60,60,59,58,60,60,61,60,62,60,55,62,60,60,55,53
59,61,62,63,58,52,59,59,54,59,60,62,59,56,56,60,64,62,60,62,58,61,58,61,62,62,62,59,60,55,48,52,57,61,61,61,59,59,60,60,60,60,62,60,56,61,61,60,55,53
59,62,62,63,59,52,59,59,54,60,61,62,59,56,56,60,65,65,60,63,58,60,58,60,62,62,63,60,60,55,48,53,57,61,61,61,60,59,61,61,60,60,63,61,55,61,61,60,56,52
59,62,62,63,60,51,59,60,54,60,61,63,60,56,56,60,65,66,60,62,58,60,59,59,62,63,63,60,60,55,48,53,57,60,61,60,60,59,61,61,60,61,63,61,55,61,61,61,56,52
60,63,62,64,60,52,59,60,53,60,62,62,60,56,57,61,65,66,61,61,58,60,59,59,62,63,63,61,60,56,48,53,57,60,62,61,60,59,61,62,59,61,63,62,55,61,61,61,57,52
60,64,62,66,60,52,59,60,54,61,62,63,61,55,56,59,65,67,62,61,59,60,60,59,62,63,63,63,59,56,48,53,57,60,62,61,61,59,62,62,60,62,64,62,55,60,62,61,56,52
60,63,63,66,61,52,60,60,54,61,62,63,63,55,56,59,65,67,63,61,59,59,60,59,63,64,63,63,60,57,48,54,57,60,63,61,61,60,62,63,60,62,64,63,55,60,62,61,56,53
61,63,63,66,62,51,60,61,54,61,63,64,64,55,57,59,65,68,63,62,59,60,61,59,63,64,64,63,60,57,48,54,57,61,64,62,62,60,63,63,61,63,64,63,56,60,63,61,56,53
61,62,64,66,65,52,60,61,55,62,64,64,64,56,57,59,65,68,64,62,60,60,61,60,64,64,64,64,61,58,48,54,58,61,64,62,62,60,65,63,61,63,64,64,56,61,63,62,56,53
62,63,64,67,65,52,61,61,55,62,64,64,66,56,57,59,66,68,64,63,60,60,61,60,64,65,64,66,61,58,49,55,58,61,65,63,63,60,67,63,62,63,64,64,56,61,64,62,56,54
62,63,64,67,65,52,61,61,56,64,63,64,66,56,56,59,65,69,66,63,60,60,61,61,64,66,64,67,61,59,49,55,58,62,65,63,63,60,69,64,62,63,63,64,56,62,64,63,56,54
62,64,65,68,68,52,61,61,56,64,63,65,66,57,56,59,66,69,66,63,60,61,61,61,65,66,64,67,61,59,49,55,58,62,64,63,63,60,69,64,62,68,64,65,57,62,64,63,56,54
62,64,65,68,68,52,61,61,56,64,64,65,68,57,56,59,66,69,66,64,60,61,61,60,65,66,64,67,60,59,49,55,58,63,64,64,63,59,69,64,63,68,64,65,57,62,64,63,56,54
62,64,65,68,67,52,61,61,57,64,64,65,68,57,57,59,66,70,66,64,60,61,61,60,65,66,64,68,60,59,49,56,58,63,64,64,63,59,70,65,63,67,64,65,57,63,64,64,55,54
63,64,65,69,67,52,61,61,57,64,64,65,68,57,57,59,66,70,66,63,60,61,61,59,66,66,65,68,60,58,49,56,57,62,64,63,63,59,70,65,63,67,64,67,58,63,64,64,55,54
63,65,65,69,69,52,61,62,57,64,65,66,69,57,57,59,67,70,67,62,60,62,61,59,65,66,65,68,60,58,50,56,57,61,64,63,62,58,70,65,63,67,65,67,58,62,63,64,55,54
63,65,65,69,70,52,61,62,57,64,65,66,69,57,57,59,67,70,69,62,60,62,61,59,65,66,65,68,60,58,50,56,57,61,64,62,61,58,70,65,62,66,65,67,58,61,62,63,55,55
63,65,64,69,70,52,61,62,57,65,65,66,69,57,58,59,67,71,69,61,60,60,61,58,65,65,65,68,59,57,50,56,58,61,64,61,60,57,69,66,61,66,64,67,58,61,62,62,55,55
63,65,64,69,69,51,61,62,57,64,65,66,69,57,57,59,67,71,69,61,60,60,61,58,64,65,64,68,59,57,50,55,58,61,63,60,60,57,69,66,60,66,64,67,57,60,62,61,55,54
63,65,64,69,69,52,61,62,57,64,65,66,69,58,57,59,66,71,69,60,60,60,61,58,63,65,64,68,59,57,50,54,58,60,62,60,60,57,68,66,60,66,64,67,57,59,62,60,55,54
63,65,63,69,68,52,61,62,58,63,65,66,68,58,57,59,65,70,69,60,60,58,61,57,62,65,64,68,60,57,51,54,58,60,62,59,59,57,68,65,59,66,63,67,57,59,62,60,55,54
63,64,63,69,68,51,61,62,58,63,64,65,67,58,57,59,65,70,68,60,61,57,61,57,62,65,64,68,60,57,50,53,58,60,61,59,59,56,67,65,58,65,62,67,57,58,61,59,55,54
62,63,62,68,68,51,61,62,58,63,64,64,67,58,57,59,64,69,68,59,61,57,61,56,62,65,64,67,60,57,50,53,58,60,61,58,59,56,66,64,58,65,62,66,57,57,61,59,55,54
62,61,61,68,67,51,61,61,58,63,64,64,67,58,57,59,64,69,67,59,61,56,60,56,61,64,63,67,60,57,50,53,58,60,61,58,58,56,66,64,57,65,62,66,57,57,61,58,55,54
61,60,61,67,67,51,61,61,58,62,63,64,66,57,57,59,64,69,67,59,61,56,60,56,61,64,63,66,60,57,50,53,58,59,61,58,58,56,66,62,56,65,61,65,57,56,60,58,55,54
60,59,61,66,66,51,61,61,59,62,62,63,65,57,57,58,63,68,66,59,60,56,60,56,61,64,62,66,59,56,50,52,58,59,60,58,58,55,66,61,56,65,60,64,57,56,60,57,55,54
59,59,61,66,65,52,61,62,58,61,62,63,65,57,57,58,63,67,66,58,60,55,60,56,60,64,62,65,59,56,50,52,57,59,60,58,57,55,65,61,56,64,59,64,56,56,59,57,54,53
59,58,61,66,65,52,61,61,58,61,61,62,65,57,56,58,62,67,65,58,60,55,59,56,60,63,62,65,59,56,50,52,56,58,60,57,57,55,65,60,56,64,59,63,56,56,59,56,53,53
58,58,60,65,64,51,61,61,58,60,61,62,64,56,56,58,61,66,64,58,59,55,59,55,59,62,62,64,58,56,50,52,56,57,59,57,57,55,65,59,56,63,58,62,56,55,58,56,53,53
58,58,59,64,63,51,61,61,58,60,60,60,64,56,55,57,60,64,64,57,59,55,59,55,59,61,61,63,58,55,49,52,56,57,59,57,57,55,64,58,55,63,57,61,55,55,57,56,53,53
57,57,59,63,63,51,60,60,58,60,58,59,62,56,55,57,60,63,62,57,58,54,58,54,59,61,60,62,56,55,50,52,55,56,58,56,56,54,64,58,55,62,57,60,55,55,57,56,53,53
56,57,58,62,62,51,59,59,57,59,57,58,61,55,54,57,59,63,61,56,58,54,58,54,58,60,60,61,56,55,50,52,55,55,58,56,56,54,63,58,55,61,57,60,55,55,57,56,53,53
55,56,57,60,61,51,58,58,56,58,56,57,60,55,53,56,58,62,60,56,58,54,58,54,58,59,59,60,55,54,50,52,54,55,58,56,56,54,62,57,55,60,56,59,54,55,57,56,53,53
55,56,57,60,61,51,58,58,56,58,56,57,60,55,53,56,58,62,60,56,58,54,58,54,58,59,59,60,55,55,50,52,54,55,58,56,56,55,62,57,55,60,56,59,55,55,57,56,54,53
55,56,57,60,61,51,58,58,56,58,56,57,60,55,53,56,58,62,60,56,58,54,58,54,58,59,59,60,55,55,50,53,54,55,58,56,56,55,62,57,55,60,56,59,55,55,57,56,54,53
55,56,57,60,61,52,58,58,56,58,56,57,60,55,53,56,58,62,60,56,58,54,58,54,58,59,59,60,55,55,50,53,54,55,58,56,56,55,62,57,55,60,56,59,55,55,57,56,54,53
55,56,57,60,61,52,58,58,56,58,56,57,60,55,53,56,58,62,60,56,58,54,59,54,58,59,59,60,55,55,51,53,54,55,58,56,56,55,62,57,55,60,56,59,55,55,57,56,54,54
55,56,57,60,61,52,58,58,56,58,56,57,60,55,53,56,58,62,60,56,58,54,59,54,58,59,59,60,55,55,51,52,54,55,58,56,56,55,62,57,55,60,56,59,55,55,57,56,54,54
55,56,57,60,61,52,58,58,56,58,56,57,60,55,53,56,58,62,60,56,58,54,59,54,58,59,59,60,55,55,51,52,54,55,58,56,57,55,62,57,56,60,56,59,55,55,58,57,55,54
55,56,58,60,61,53,58,58,56,58,56,57,60,55,54,56,58,62,60,56,58,54,59,54,58,59,59,60,55,56,52,51,54,55,58,56,57,56,62,57,56,61,56,59,55,56,58,57,55,54
55,56,58,60,61,53,57,58,56,58,56,57,60,55,54,56,58,62,60,56,58,55,60,55,58,59,59,60,55,56,52,51,55,55,59,57,57,56,62,57,56,61,56,59,56,56,58,57,55,55
55,56,58,60,61,53,57,58,56,58,56,57,60,55,54,56,58,62,60,57,59,55,60,55,58,59,59,60,55,56,52,51,55,55,59,57,57,56,62,57,56,61,57,59,56,56,58,57,55,55
56,56,58,60,62,54,56,58,57,58,56,58,60,55,54,56,59,62,60,57,59,55,60,55,58,59,59,60,55,57,53,50,55,56,59,57,57,57,62,57,56,61,57,59,56,56,59,57,56,55
56,57,58,60,62,54,55,58,57,58,56,58,60,56,54,57,59,62,60,57,59,55,60,55,59,59,59,60,56,57,53,50,54,56,59,57,58,57,61,58,57,61,57,59,57,56,59,58,56,56
56,57,58,60,62,54,55,58,57,57,57,58,60,56,54,57,59,62,60,57,59,56,60,56,59,59,60,60,56,57,53,50,54,56,59,57,58,57,60,58,57,61,57,59,57,57,59,58,56,56
56,57,59,61,62,55,54,59,57,57,57,58,60,56,55,57,59,62,61,57,60,56,60,56,59,60,60,60,56,58,54,50,53,56,60,58,58,58,59,58,57,61,57,60,57,57,59,58,57,56
56,57,59,61,62,55,54,59,58,56,57,58,61,56,55,57,59,62,61,58,60,56,61,56,59,60,60,60,57,58,54,49,53,57,60,58,59,58,59,58,58,61,58,60,58,56,60,59,57,55
57,57,59,61,62,56,53,59,58,56,57,59,61,57,55,57,60,62,61,58,60,57,61,57,60,60,60,61,57,58,55,49,53,57,60,58,59,58,59,59,58,60,58,60,58,56,60,59,58,55
57,57,60,61,62,56,52,60,58,55,58,59,61,57,56,57,60,62,61,58,61,57,60,57,60,60,61,61,57,59,55,49,53,57,61,59,59,59,58,59,58,60,58,60,58,56,60,59,58,55
57,58,60,61,62,56,53,60,59,55,58,59,61,57,56,58,60,63,61,58,61,57,60,57,59,61,61,61,58,59,56,49,53,58,61,59,60,59,58,59,59,60,58,61,59,56,60,60,58,55
57,58,60,61,62,57,52,60,59,55,58,59,61,58,56,58,60,63,62,59,61,57,59,58,59,61,61,61,58,60,55,49,54,58,61,59,60,59,58,59,59,60,59,61,59,56,60,60,59,55
58,58,60,62,63,57,52,60,59,54,59,60,62,58,57,57,60,63,62,59,62,57,59,58,59,61,61,62,58,59,54,49,53,57,61,60,60,59,57,60,59,60,59,61,60,56,60,60,59,54
58,58,61,62,63,58,51,60,59,54,59,60,62,59,56,57,61,63,62,59,62,57,59,57,60,62,62,62,59,58,54,48,52,57,61,60,59,58,57,60,60,59,60,61,60,55,60,59,60,55
58,59,61,62,63,58,51,59,59,53,59,60,61,59,56,56,60,63,62,60,62,58,59,58,60,62,62,62,59,58,55,48,52,57,60,60,60,58,57,60,60,59,60,61,60,55,60,59,60,55
59,59,62,61,63,59,51,58,59,54,60,61,61,59,56,56,60,64,64,60,62,57,59,58,58,62,62,63,60,58,55,48,53,57,60,60,60,58,57,61,61,59,60,62,61,55,60,59,60,55
59,59,62,61,63,59,51,59,59,54,60,61,61,60,56,56,60,64,64,60,61,58,59,59,58,60,62,61,60,59,55,48,53,57,59,61,59,59,58,61,61,59,61,61,61,54,60,60,61,56
60,60,63,60,64,60,51,59,59,53,60,62,61,60,55,57,60,64,65,61,60,58,59,59,57,61,62,62,61,59,56,48,53,57,58,61,59,59,57,61,61,58,61,62,62,55,60,60,61,56
60,60,63,61,65,60,52,59,60,53,61,62,61,61,55,56,59,63,65,62,59,58,58,60,57,61,62,62,63,58,56,48,53,57,58,62,60,59,58,62,61,58,62,62,62,55,59,60,60,55
60,60,62,61,65,61,52,60,60,54,61,62,62,63,55,56,58,63,66,63,60,59,58,60,58,61,63,63,63,58,57,47,54,57,59,62,60,60,58,62,61,59,62,62,63,55,59,61,59,56
61,61,61,62,65,62,51,60,61,54,61,62,62,64,55,56,59,63,66,63,60,59,58,60,58,62,63,63,63,59,57,48,54,57,59,62,60,60,59,63,61,59,63,62,63,55,59,61,60,56
61,61,61,62,65,65,51,60,61,55,61,62,62,64,55,57,59,64,66,64,60,60,59,61,58,62,63,63,64,59,58,48,54,58,59,63,61,61,59,65,61,60,63,62,63,56,59,62,60,56
62,61,61,62,65,65,52,60,61,55,62,63,62,65,56,57,59,64,67,64,61,60,59,61,59,63,64,64,65,60,58,48,55,58,60,63,61,61,59,67,62,60,63,62,64,56,60,62,61,56
62,61,62,63,66,65,51,61,61,56,63,61,63,65,56,56,59,64,67,65,61,60,59,61,59,63,64,64,65,60,58,49,55,58,60,63,61,61,60,67,62,60,63,62,64,56,60,62,61,56
62,61,62,63,66,66,51,61,61,56,63,62,63,65,56,56,59,64,67,65,61,60,59,60,59,63,64,64,65,60,58,49,55,58,60,63,61,61,60,67,62,60,66,62,64,57,60,62,61,56
63,61,62,63,66,67,51,61,61,56,63,62,63,66,57,56,59,64,67,66,62,60,60,61,59,63,64,64,65,60,59,49,55,58,60,64,62,62,59,68,62,61,66,62,64,57,60,63,61,55
62,60,62,63,66,66,51,60,61,56,63,61,63,65,57,56,59,64,67,65,61,60,59,61,59,63,64,64,65,60,58,49,55,58,60,63,61,61,59,67,62,60,66,61,64,57,60,62,61,55
62,60,61,62,65,65,51,60,61,57,62,61,62,65,56,57,59,63,66,65,60,60,59,61,58,62,63,63,64,59,58,49,56,57,59,63,61,61,59,67,61,60,65,61,63,57,59,62,60,55
62,60,61,62,65,65,51,61,61,57,62,61,62,65,56,57,58,63,66,64,60,59,58,61,58,62,63,63,64,59,58,49,56,57,59,62,60,60,58,66,61,59,65,61,63,57,59,61,60,55
61,59,60,61,65,65,51,61,61,57,62,60,61,64,56,57,58,62,66,64,60,59,58,61,58,62,63,63,64,59,57,50,56,57,59,62,60,60,57,66,61,59,65,60,63,57,59,61,60,55
61,59,60,61,64,65,51,61,61,57,61,60,61,64,57,57,58,62,65,64,59,59,58,61,57,61,62,62,63,58,57,50,55,57,58,62,60,60,57,66,60,59,64,60,62,57,58,61,59,55
61,59,60,61,64,64,51,60,61,57,61,60,61,64,57,57,59,62,65,64,59,60,58,61,57,61,62,62,63,58,57,50,54,58,58,62,60,60,57,66,60,59,64,60,62,57,58,61,59,54
61,59,60,61,64,65,51,61,61,57,61,60,61,64,57,57,59,62,65,64,60,60,58,61,57,61,62,62,63,58,57,50,53,58,58,62,59,59,56,66,60,59,64,60,62,57,58,61,59,55
61,59,60,61,64,65,51,61,61,57,62,60,61,64,57,57,58,62,66,64,60,60,58,61,57,62,63,63,64,59,57,50,53,58,59,61,59,59,56,66,61,59,64,60,63,57,59,61,59,55
61,59,61,62,65,65,51,61,61,58,62,61,62,64,57,57,58,63,66,64,59,60,57,60,56,62,63,63,64,59,56,50,53,58,59,61,59,59,56,66,61,58,65,61,63,57,58,61,59,55
62,60,61,62,65,65,51,61,61,58,62,61,62,65,57,57,58,63,66,65,59,60,57,60,56,62,63,63,64,59,56,49,53,58,59,61,58,58,56,66,61,57,65,61,63,57,57,61,58,55
62,60,60,61,65,65,51,61,61,58,62,61,62,65,57,57,58,63,66,65,59,60,56,60,56,61,63,63,64,59,56,49,53,58,59,61,58,58,56,66,61,57,65,61,63,56,56,60,58,55
62,60,60,61,65,65,51,61,61,58,62,61,62,65,57,57,58,63,66,65,59,61,56,60,56,61,63,62,64,59,57,49,53,58,59,60,58,58,56,66,61,56,65,61,63,56,56,60,58,55
62,60,59,61,65,66,51,61,61,58,62,61,62,65,57,57,58,63,67,65,59,60,55,60,56,60,64,62,64,59,56,50,52,57,59,60,58,58,55,66,61,56,65,60,63,56,56,60,57,55
62,59,59,61,65,65,52,61,61,58,61,61,62,65,57,56,58,63,67,65,58,60,55,60,56,60,63,62,64,59,56,50,52,57,59,60,57,57,55,65,61,56,64,59,63,56,56,59,57,54
62,59,58,60,65,65,52,61,61,58,61,61,62,65,57,56,58,62,67,65,58,60,55,59,56,60,63,62,65,59,56,50,52,56,58,60,57,57,55,65,60,56,64,58,63,56,56,58,56,53
62,58,58,60,65,64,51,61,61,58,60,61,62,64,56,56,58,61,66,65,58,59,55,59,55,59,62,62,65,58,56,50,52,56,57,59,57,57,55,65,59,56,63,58,62,55,55,58,56,53
61,58,58,59,65,63,51,60,61,58,60,60,60,64,56,55,57,60,64,64,57,59,55,59,55,59,61,61,64,57,55,49,52,56,57,59,57,56,55,64,58,55,63,57,61,55,55,57,56,53
61,58,57,59,64,63,51,60,60,58,60,59,59,63,56,55,57,60,63,64,57,58,54,58,54,59,61,60,63,56,55,50,52,55,56,58,56,56,54,64,58,55,62,57,60,55,55,57,56,53
61,57,57,58,64,62,51,60,60,57,59,58,59,62,55,54,57,59,63,63,56,58,54,58,54,58,60,60,63,56,55,50,52,55,56,58,56,56,54,63,58,55,61,57,60,55,55,57,56,53
60,57,57,58,64,62,51,59,60,57,59,57,58,62,55,54,56,59,63,62,56,58,54,58,54,58,60,59,62,55,55,50,52,55,55,58,56,56,54,63,57,55,61,56,59,55,55,57,56,53
59,56,57,58,63,61,51,59,59,57,58,57,58,61,55,53,56,59,63,62,56,58,54,58,54,58,59,59,61,55,55,50,52,54,55,58,56,56,55,62,57,55,61,56,59,55,55,57,56,54
58,56,57,58,62,61,51,58,58,56,58,57,58,61,55,53,56,59,62,61,56,58,54,58,54,58,59,59,61,55,55,50,53,54,55,58,56,56,55,62,57,55,61,56,59,55,55,57,56,54
58,55,56,57,61,61,52,58,58,56,58,57,57,61,55,53,56,58,62,61,56,58,54,58,54,58,59,59,60,55,55,50,53,54,55,58,56,56,55,62,57,55,61,56,59,55,55,57,56,54
57,55,56,57,61,61,52,58,58,56,58,56,57,60,55,53,56,58,62,60,56,58,54,59,54,58,59,59,60,55,55,51,53,54,55,58,56,56,55,62,57,55,60,56,59,55,55,57,56,54
57,55,56,57,60,61,52,58,58,56,58,56,57,60,55,53,56,58,62,60,56,58,54,59,54,58,59,59,60,55,55,51,52,54,55,58,56,56,55,62,57,55,60,56,59,55,55,57,56,54
57,55,56,57,60,61,52,58,58,56,58,56,57,60,55,53,56,58,62,60,56,58,54,59,54,58,59,59,60,55,55,51,51,54,55,58,56,57,55,62,57,56,60,56,59,55,55,58,56,55
57,55,56,58,60,61,53,58,58,56,58,56,57,60,55,53,56,58,62,60,56,58,54,59,54,58,59,59,60,55,56,51,51,54,55,58,56,57,56,62,57,56,61,56,59,55,56,58,57,55
57,55,56,58,60,61,53,57,58,56,58,56,57,60,55,54,56,58,62,60,56,58,55,60,54,58,59,59,60,55,56,52,51,55,55,59,57,57,56,62,57,56,61,56,59,56,56,58,57,55
57,55,56,58,60,61,53,57,58,56,58,56,57,60,55,54,56,58,62,60,57,59,55,60,55,58,59,59,60,55,56,52,51,55,55,59,57,57,56,62,57,56,61,57,59,56,56,58,57,55
57,55,56,58,60,61,53,56,58,56,58,56,58,60,55,54,56,59,62,60,57,59,55,60,55,58,59,59,60,55,57,53,50,55,56,59,57,57,57,62,57,56,61,57,59,56,56,59,57,56
57,56,57,58,61,62,54,55,58,57,58,56,58,60,56,54,56,59,62,60,57,59,55,60,55,59,59,59,60,56,57,53,50,54,56,59,57,58,57,61,58,57,61,57,59,57,56,59,58,56
57,56,57,58,60,62,54,55,58,57,57,57,58,60,56,54,57,59,62,60,57,59,56,60,56,59,59,60,60,56,57,53,50,54,56,59,57,58,57,60,58,57,61,57,59,57,57,59,58,56
57,56,57,59,60,62,55,54,59,57,57,57,58,60,56,55,57,59,62,60,57,60,56,60,56,59,60,60,60,56,58,54,50,53,56,60,58,58,58,60,58,57,61,57,60,57,57,59,58,57
57,56,57,59,61,62,55,54,59,58,56,57,58,61,56,55,57,59,62,61,58,60,56,61,56,59,60,60,60,57,58,54,49,53,57,60,58,59,58,60,58,58,61,58,60,58,56,60,59,57
58,57,57,59,61,62,56,53,59,58,56,57,59,61,57,55,57,59,62,61,58,60,57,61,57,60,60,60,61,57,58,55,49,53,57,60,58,59,58,59,59,58,61,58,60,58,56,60,59,57
58,57,57,59,61,62,56,52,60,58,55,58,59,61,57,56,57,60,62,61,58,61,57,61,57,60,60,61,61,57,59,55,49,53,57,61,59,59,59,59,59,58,61,58,60,58,56,60,59,58
58,57,58,60,61,62,56,52,60,59,55,58,59,61,57,56,58,60,63,61,58,61,57,60,57,60,61,61,61,58,59,56,49,53,58,61,59,60,59,59,59,59,60,58,61,59,56,60,60,58
58,57,58,60,61,62,57,52,60,59,55,58,59,61,58,56,58,60,63,62,59,61,57,59,58,60,61,61,61,58,60,55,49,53,58,61,59,60,59,58,59,59,60,59,61,59,55,60,60,59
58,58,58,60,62,63,57,52,60,59,54,59,60,61,58,56,57,60,63,62,59,62,57,59,58,60,61,61,62,58,59,54,49,53,57,62,60,60,59,58,60,59,60,59,61,59,55,60,60,59
59,58,58,61,62,63,58,51,60,59,54,59,60,62,58,56,57,61,63,62,59,62,57,59,57,60,62,62,62,59,59,54,48,52,57,61,60,60,58,57,60,60,60,60,61,60,55,61,59,60
59,58,59,61,62,63,58,51,59,59,53,59,60,61,59,55,56,60,64,62,60,62,58,60,58,60,62,62,62,59,59,55,48,52,57,60,60,60,58,57,60,60,59,60,62,60,55,60,60,60
59,59,59,62,61,63,59,51,58,59,54,60,61,61,59,56,56,60,64,64,60,62,57,59,58,59,62,62,63,60,59,55,48,53,57,60,61,60,59,58,61,61,59,60,62,61,55,60,59,60
60,59,59,62,61,63,59,51,58,59,54,60,61,62,60,56,56,60,64,65,60,61,58,59,59,58,61,62,62,60,59,55,48,53,57,59,61,59,59,58,61,61,59,61,62,61,54,60,60,61
60,60,60,63,61,64,60,51,59,59,53,60,62,61,60,55,56,60,64,65,61,60,58,59,59,58,61,63,62,61,59,56,48,53,57,59,61,60,59,58,61,62,58,61,62,62,55,60,60,61
61,60,60,63,61,65,60,52,59,60,53,61,62,62,61,55,56,59,63,65,62,60,58,59,60,57,61,62,62,63,58,56,47,53,56,59,62,60,60,58,62,61,59,62,62,62,55,59,61,60
61,60,60,62,61,65,61,52,60,60,54,61,62,62,63,55,56,58,64,66,63,60,59,58,60,58,62,63,63,63,59,57,47,53,57,59,62,60,60,58,62,61,59,62,63,63,55,59,61,60
61,61,61,61,62,65,62,51,60,61,54,61,63,62,64,55,56,59,63,66,63,60,59,58,60,58,62,63,63,63,59,57,48,54,57,59,63,60,60,59,63,61,59,63,62,63,55,59,61,60
62,61,61,61,62,65,65,51,60,61,55,61,62,62,64,55,57,59,64,66,64,61,59,59,61,58,62,63,63,64,59,58,48,54,58,59,63,61,61,59,65,61,60,63,62,63,56,59,62,60
63,62,61,61,62,65,65,52,60,61,55,62,63,62,65,56,57,59,64,67,64,61,60,59,61,59,63,64,64,65,60,58,48,55,58,60,63,61,61,59,67,62,60,63,62,64,56,60,62,61
63,62,61,62,63,66,65,51,61,61,55,63,61,63,65,56,55,59,64,67,65,61,60,59,60,59,63,64,64,65,60,58,48,55,58,60,63,61,61,60,67,62,60,63,62,64,56,60,62,61
64,62,62,62,63,66,66,51,61,61,56,63,62,63,66,56,56,59,64,67,66,61,60,60,60,59,63,64,64,65,60,58,49,55,58,60,64,61,62,60,68,62,61,66,62,64,57,60,63,61
64,63,61,62,63,66,67,51,61,61,56,63,62,63,66,56,56,59,64,68,66,62,60,60,60,59,63,64,64,65,60,59,49,55,58,61,64,62,62,59,68,62,61,66,62,64,57,60,63,61
62,63,61,62,63,67,67,51,60,61,56,63,62,63,66,57,56,59,64,68,66,62,60,60,61,60,64,65,64,66,60,58,49,55,58,61,64,62,62,59,68,63,61,67,62,65,57,61,63,62
62,64,62,63,64,67,67,51,60,61,57,64,63,64,67,56,57,59,65,68,66,62,60,60,61,59,64,65,64,66,60,58,49,56,57,61,64,62,62,59,68,63,61,67,63,65,57,61,63,62
61,64,62,63,64,67,68,51,61,61,57,64,63,64,67,56,57,58,65,69,67,62,59,61,61,59,64,65,64,66,59,58,49,56,57,61,64,63,62,58,69,63,62,66,63,65,57,61,63,62
61,64,62,63,64,67,68,51,61,61,57,64,63,64,67,57,57,58,65,69,67,62,59,61,61,58,65,65,64,67,59,57,50,56,57,61,64,62,61,57,69,64,62,66,63,66,57,61,62,62
61,64,62,63,64,68,68,51,61,62,57,64,63,65,67,57,57,58,66,69,67,61,60,60,61,58,65,65,64,67,59,57,50,56,57,61,64,61,60,57,69,64,61,66,63,66,58,61,62,62
61,65,63,64,63,68,68,51,61,61,57,64,64,65,68,57,57,59,66,69,68,60,60,60,61,58,63,65,64,67,59,57,50,54,58,61,63,60,60,57,69,64,60,66,64,66,57,60,62,61
61,65,63,64,64,68,69,51,61,61,57,63,64,65,68,57,57,59,66,69,68,60,60,60,61,57,62,65,64,67,59,57,50,54,58,60,62,59,59,56,68,64,60,66,63,66,57,59,62,60
61,65,63,64,63,68,68,51,61,61,57,63,64,65,68,57,57,58,65,69,68,60,60,58,61,57,62,65,64,67,59,57,50,53,58,60,61,59,59,56,68,64,59,66,63,66,57,59,61,60
61,65,63,64,63,68,68,51,61,61,58,63,64,65,67,58,57,58,65,69,68,60,60,57,60,56,62,65,64,67,59,57,50,53,58,60,61,59,59,56,67,64,58,65,62,66,57,58,61,59
62,65,62,62,62,68,68,51,61,61,58,63,64,64,67,58,57,58,64,69,67,59,60,57,60,56,62,64,64,67,59,56,50,53,58,60,61,58,58,56,66,64,58,65,62,66,57,57,61,59
61,64,61,60,61,68,67,51,61,61,58,63,63,64,66,57,57,58,64,69,67,59,61,56,60,56,61,64,63,67,59,57,50,53,58,60,61,58,58,56,66,64,57,65,62,66,57,57,61,58
62,64,61,60,61,68,67,51,61,61,58,62,63,63,66,57,57,58,64,69,67,59,61,56,60,56,61,64,62,67,59,57,49,53,58,59,61,58,58,56,66,62,56,65,61,65,57,56,60,58
62,64,60,59,61,68,66,51,61,61,58,62,63,63,65,57,57,58,63,69,66,59,60,56,60,56,61,64,62,67,59,56,50,52,58,59,60,58,58,55,66,61,56,65,60,64,56,56,60,57
62,64,59,59,61,68,65,52,61,62,58,61,63,63,65,57,56,58,63,68,66,58,60,55,60,56,60,64,62,67,59,56,50,52,57,59,60,58,57,55,65,61,56,64,59,64,56,56,59,57
62,64,59,58,60,67,65,52,61,61,58,61,62,62,65,57,56,58,62,67,66,58,60,55,59,56,60,63,62,67,59,56,50,52,56,58,60,57,57,55,65,60,56,64,59,63,56,56,59,56
62,64,58,58,60,67,64,51,61,61,58,60,61,62,64,56,56,58,61,66,65,58,59,55,59,55,59,62,62,66,58,56,50,52,56,57,59,57,57,55,65,59,56,63,58,62,56,55,58,56
61,64,58,58,59,67,64,51,61,61,58,60,60,60,64,56,55,57,60,64,65,57,59,55,59,55,59,61,61,66,58,55,50,52,56,57,59,57,57,55,64,59,56,63,57,61,55,55,57,56
61,64,58,57,59,67,63,51,60,60,58,60,59,59,63,56,55,57,60,64,64,57,58,54,58,54,59,61,60,64,56,55,50,52,55,56,59,56,56,55,64,58,55,62,57,60,55,55,57,56
60,63,57,57,58,66,63,51,60,60,57,59,58,59,62,55,54,57,59,63,63,56,58,54,58,54,58,60,60,63,56,55,50,52,55,56,58,56,56,55,63,58,55,61,57,60,55,55,57,56
60,62,57,57,58,66,62,51,59,60,57,59,57,58,62,55,54,56,59,63,62,56,58,54,58,54,58,60,59,62,55,55,50,52,55,55,58,56,56,55,63,57,55,61,57,59,55,55,57,56
59,61,56,57,58,65,62,51,59,59,57,58,57,58,61,55,54,56,59,63,62,56,58,54,58,54,58,59,59,61,55,55,50,53,54,55,58,56,56,55,62,57,55,61,56,59,55,55,57,56
58,60,56,57,58,64,61,51,59,59,56,58,57,58,61,55,53,56,59,62,62,56,58,54,58,54,58,59,59,61,55,55,50,53,54,55,58,56,56,55,62,57,55,61,56,59,55,55,57,56
58,59,56,57,57,63,61,52,58,58,56,58,57,58,61,55,53,56,59,62,61,56,58,54,59,54,58,59,59,60,55,55,50,53,54,55,58,56,56,55,62,57,55,61,56,59,55,55,57,56
57,59,56,57,57,63,61,52,58,58,56,58,57,58,61,55,53,56,59,62,61,56,58,54,59,54,58,59,59,60,55,55,51,53,54,55,58,56,56,55,62,57,55,61,56,59,55,55,57,56
57,58,55,56,57,62,61,52,58,58,56,58,57,57,61,55,53,56,58,62,61,56,58,54,59,54,58,59,59,60,55,55,51,52,54,55,58,56,56,55,62,57,56,61,56,59,55,55,58,56
57,58,55,56,58,62,61,52,58,58,56,58,56,57,61,55,54,56,58,62,61,56,58,54,59,54,58,59,59,60,55,55,51,52,54,55,58,56,57,56,62,57,56,61,56,59,55,55,58,57
57,58,55,56,58,62,61,53,58,58,56,58,56,57,60,55,54,56,58,62,60,56,58,55,59,54,58,59,59,60,55,56,52,52,55,55,59,57,57,56,62,57,56,61,57,59,56,56,58,57
57,58,55,56,58,61,61,53,57,58,56,58,56,57,60,55,54,56,59,62,60,57,58,55,60,55,58,59,59,60,55,56,52,51,55,55,59,57,57,56,62,57,56,61,57,59,56,56,58,57
56,57,56,57,58,61,61,53,57,58,56,58,56,58,60,55,54,56,59,62,60,57,59,55,60,55,58,59,59,60,55,56,52,51,55,56,59,57,57,56,62,57,56,61,57,59,56,56,58,57
56,57,56,57,58,61,62,54,56,58,57,58,57,58,60,56,54,57,59,62,60,57,59,55,60,55,58,59,59,60,55,57,53,51,55,56,59,57,58,57,62,57,57,61,57,59,56,56,59,58
57,57,56,57,58,61,62,54,56,58,57,58,57,58,60,56,54,57,59,62,60,57,59,55,60,55,59,59,59,60,56,57,53,51,55,56,59,57,58,57,62,58,57,61,57,59,57,57,59,58
56,57,56,57,59,61,62,54,55,59,57,58,57,58,60,56,55,57,59,62,60,57,59,56,60,56,59,59,60,60,56,57,54,51,54,56,60,58,58,57,63,58,57,61,57,60,57,57,59,58
56,57,56,57,59,61,62,55,54,59,57,57,57,58,61,56,55,57,59,62,61,58,60,56,61,56,59,60,60,60,56,58,54,50,54,56,60,58,58,58,63,58,57,62,58,60,57,57,59,58
56,58,56,57,59,61,62,55,54,59,58,57,57,58,61,57,55,57,59,62,61,58,60,56,61,56,59,60,60,60,57,58,54,50,54,57,60,58,59,58,63,58,58,62,58,60,58,57,60,59
56,58,57,57,59,61,62,56,54,59,58,56,58,59,61,57,56,57,60,62,61,58,60,57,61,57,60,60,60,61,57,58,55,50,54,57,60,58,59,58,63,59,58,62,58,60,58,57,60,59
55,58,57,58,60,61,62,56,53,60,58,56,58,59,61,57,56,57,60,63,61,58,61,57,61,57,60,60,61,61,57,59,55,50,54,57,61,59,59,59,62,59,58,62,58,60,58,57,60,59
55,58,57,58,60,61,62,57,53,60,59,56,58,59,61,57,56,58,60,63,61,59,61,57,61,58,60,61,61,61,58,59,56,49,54,58,61,59,60,59,62,59,59,63,59,61,59,56,61,60
54,58,58,58,60,61,62,57,53,60,59,55,58,59,61,58,57,58,60,63,62,59,61,58,61,58,61,61,61,61,58,60,55,49,54,58,61,60,60,60,62,60,59,63,59,61,59,56,61,60
55,59,58,58,60,62,63,58,52,61,60,55,59,60,62,58,57,58,61,63,62,59,62,58,61,58,61,61,61,62,58,60,55,49,54,58,62,60,61,60,61,60,59,63,59,61,60,56,61,60
54,59,58,58,61,62,63,58,52,60,59,55,59,60,62,59,57,57,61,63,62,59,62,58,62,58,61,62,62,62,59,61,55,49,53,58,62,60,61,61,60,60,60,64,60,62,60,56,62,60
54,59,58,59,61,62,63,58,52,60,59,54,59,61,62,59,56,57,61,64,62,60,62,58,62,59,62,62,62,62,59,61,55,49,53,58,62,61,61,61,61,60,60,64,60,62,60,56,62,61
53,60,59,59,62,62,63,59,52,59,60,54,60,61,62,59,57,57,61,67,65,60,63,58,61,59,62,62,62,63,60,62,55,49,53,58,63,61,63,61,61,61,61,66,60,63,61,55,64,61
53,60,59,59,62,63,63,60,52,59,60,54,60,61,63,60,56,57,61,67,69,60,66,58,61,59,62,63,63,63,60,62,56,49,54,57,63,61,63,62,61,61,61,66,61,63,61,55,64,62
54,60,60,60,63,63,64,60,52,60,60,54,60,62,63,60,56,57,61,67,69,61,64,59,61,60,62,63,63,63,61,63,56,49,54,57,63,62,64,63,60,61,62,65,61,64,62,56,64,62
53,61,60,60,64,63,66,60,52,60,61,54,61,62,63,61,56,57,60,66,71,62,64,59,61,60,62,64,64,64,63,62,57,48,54,57,63,62,64,64,60,62,63,64,62,65,63,55,64,62
53,61,61,60,64,64,66,61,52,60,61,55,61,62,63,63,55,57,59,67,71,63,64,60,60,61,62,64,64,64,63,62,57,48,54,58,63,65,64,64,60,62,64,64,62,65,63,56,65,67
52,61,61,61,65,64,66,62,52,60,61,55,61,63,64,64,56,57,59,68,71,63,64,60,60,61,62,65,64,64,63,62,58,48,55,58,63,66,64,64,60,63,64,64,63,65,63,56,65,66
52,62,61,61,69,65,66,65,52,61,62,55,62,70,69,64,56,58,59,67,71,64,64,60,60,62,62,65,64,64,64,63,58,49,55,58,63,65,64,64,60,65,64,64,63,66,64,56,65,66
52,64,62,62,69,65,69,65,52,61,62,56,62,70,69,66,57,57,60,67,71,64,64,61,60,62,62,65,67,64,66,62,59,49,55,59,64,65,67,64,60,67,65,64,63,66,64,57,65,66
52,64,62,62,69,65,70,65,52,61,62,56,64,69,69,66,57,56,60,73,71,66,64,61,61,61,62,65,67,64,68,61,59,49,56,59,64,65,67,64,61,70,67,64,63,66,64,57,65,66
53,64,62,63,69,65,71,69,52,62,62,57,64,69,69,66,57,57,60,72,72,66,64,61,61,61,61,65,67,65,68,61,59,49,56,59,64,65,66,64,60,69,67,64,68,66,65,57,64,65
53,65,63,62,69,65,71,68,52,62,62,57,64,69,69,71,57,57,60,72,72,66,64,61,61,61,61,66,67,65,68,60,59,50,56,59,64,65,65,64,60,69,67,64,68,66,65,58,64,65
53,63,63,63,69,65,72,67,52,61,62,57,64,69,69,72,57,57,60,72,71,66,64,61,62,61,60,66,67,65,68,60,59,50,56,58,63,65,65,63,59,72,67,64,68,66,65,58,64,65
53,62,64,63,68,65,72,67,52,61,62,57,64,69,69,72,57,57,59,72,71,66,63,60,62,62,60,66,66,65,69,60,59,50,56,58,62,65,64,63,59,71,67,63,67,66,69,58,63,64
53,62,64,63,68,65,72,71,52,61,62,57,65,69,70,71,57,58,59,71,72,67,62,60,62,62,59,65,66,65,72,60,58,50,57,58,62,65,63,62,59,71,67,63,67,66,71,58,63,64
54,62,67,63,67,65,72,70,52,61,62,57,65,69,70,71,57,58,59,70,73,73,62,60,62,62,59,65,66,65,71,60,58,50,57,58,61,65,62,61,58,70,67,62,67,65,71,58,62,63
54,61,68,63,67,64,73,70,52,61,62,57,65,68,69,71,57,58,59,69,72,72,61,60,61,62,58,65,66,65,71,60,58,51,57,58,61,64,61,61,58,70,67,61,66,64,72,58,61,62
54,61,68,63,66,64,73,69,52,61,62,58,64,67,69,70,58,58,59,67,72,71,61,60,60,61,58,64,65,65,73,60,57,51,55,58,61,64,61,60,57,69,66,61,66,64,71,58,60,62
54,61,71,63,66,64,72,69,52,61,62,58,64,67,67,69,58,57,59,66,72,70,60,60,60,61,58,63,65,65,72,60,57,51,54,58,61,62,60,60,57,68,66,60,66,64,70,57,60,62
54,61,70,63,65,64,72,69,52,61,62,58,64,66,66,68,58,57,59,65,72,70,60,61,58,61,57,62,65,64,72,60,57,51,54,59,60,62,59,59,57,68,65,59,66,63,69,57,59,62
54,62,69,63,65,63,72,68,52,61,62,58,63,65,65,68,58,57,59,65,71,69,60,61,58,61,57,62,65,64,72,60,57,50,54,59,60,61,59,59,56,67,65,58,66,63,68,57,58,61
54,62,69,62,63,62,72,68,51,61,62,58,63,65,64,67,58,57,59,64,70,68,59,61,57,61,56,62,65,64,71,60,57,50,53,58,60,61,58,59,56,66,65,58,65,62,68,57,57,61
53,62,67,61,61,61,70,67,51,61,61,58,63,64,64,67,57,57,59,64,70,67,59,61,56,60,56,61,64,63,69,60,57,50,53,58,60,61,58,58,56,66,64,57,65,62,66,57,57,61
53,62,65,61,60,61,69,67,51,61,61,58,62,64,63,66,57,57,58,64,69,67,59,61,56,60,56,61,64,62,68,59,57,49,53,58,59,61,58,58,56,66,62,56,65,61,65,57,56,60
53,61,62,60,59,61,65,66,51,61,61,58,62,61,62,65,57,56,58,63,67,65,59,60,55,60,56,60,64,62,64,59,56,49,52,57,59,60,58,58,55,65,61,56,65,60,63,56,56,60
53,60,61,59,59,61,64,65,51,61,61,58,61,60,61,64,57,56,58,62,66,64,58,60,55,59,56,60,63,62,63,58,56,50,52,57,58,60,57,57,55,65,60,56,64,59,62,56,56,59
53,59,60,58,58,60,64,64,51,61,61,58,60,59,60,63,56,56,58,61,65,63,58,59,55,59,56,60,62,62,63,58,56,50,52,56,58,60,57,57,55,65,60,55,64,58,62,56,56,58
52,59,60,58,58,60,63,63,51,60,61,58,60,59,60,63,56,55,57,61,64,63,58,59,55,59,55,59,61,61,62,57,56,49,52,56,57,59,57,57,55,65,59,55,63,57,61,55,55,58
52,58,59,57,58,59,63,63,51,60,60,58,60,58,59,62,56,55,57,60,64,62,57,59,55,59,55,59,61,60,62,57,55,49,52,55,57,59,56,56,54,64,58,55,63,57,61,55,55,57
52,58,59,57,57,59,62,62,51,59,60,58,59,58,59,62,56,54,57,59,63,62,57,58,54,58,54,59,60,60,61,56,55,49,52,55,56,58,56,56,54,63,58,55,62,57,60,55,55,57
52,57,58,56,57,58,61,62,51,59,59,57,59,57,58,61,55,54,57,59,63,61,56,58,54,58,54,58,60,59,61,55,54,50,52,55,55,58,56,56,54,63,57,55,61,56,60,54,55,57
51,56,57,55,56,57,60,61,51,58,58,56,58,56,57,60,55,53,56,58,62,60,56,58,54,58,54,57,59,59,60,55,54,50,52,54,55,58,56,56,54,62,57,55,60,56,59,54,55,57
51,56,57,55,56,57,60,61,51,58,58,56,58,56,57,60,55,53,56,58,62,60,56,58,54,58,54,57,59,59,60,55,54,50,52,54,55,58,56,56,54,62,57,55,60,56,59,54,55,57
51,56,57,55,56,57,60,61,51,58,58,56,58,56,57,60,55,53,56,58,62,60,56,58,54,58,54,57,59,59,60,55,55,50,52,54,55,58,56,56,55,62,57,55,60,56,59,55,55,57
51,56,57,55,56,57,60,61,51,58,58,56,58,56,57,60,55,53,56,58,62,60,56,58,54,58,54,57,59,59,60,55,55,50,53,54,55,58,56,56,55,62,57,55,60,56,59,55,55,57
51,56,57,55,56,57,60,61,52,58,58,56,58,56,57,60,55,53,56,58,62,60,56,58,54,59,54,57,59,59,60,55,55,50,53,54,55,58,56,56,55,62,57,55,60,56,59,55,55,57
52,56,57,55,56,57,60,61,52,58,58,56,58,56,57,60,55,53,56,58,62,60,56,58,54,59,54,58,59,59,60,55,55,51,52,54,55,58,56,56,55,62,57,55,60,56,59,55,55,57
52,56,57,55,56,57,60,61,52,58,58,56,58,56,57,60,55,53,56,58,62,60,56,58,54,59,54,58,59,59,60,55,55,51,51,54,55,58,56,56,55,62,57,56,60,56,59,55,55,58
52,56,57,55,56,57,60,61,53,58,58,56,58,56,57,60,55,53,56,58,62,60,56,58,54,59,54,58,59,59,60,55,56,51,51,54,55,58,56,57,56,62,57,56,60,56,59,55,55,58
52,56,57,55,56,58,60,61,53,57,58,56,58,56,57,60,55,54,56,58,62,60,56,58,55,59,54,58,59,59,60,55,56,52,51,54,55,58,57,57,56,62,57,56,61,56,59,56,56,58
52,56,57,55,56,58,60,61,53,56,58,56,58,56,57,60,55,54,56,58,62,60,57,59,55,60,55,58,59,59,60,55,56,52,50,54,55,59,57,57,56,62,57,56,61,57,59,56,56,58
53,56,57,55,56,58,60,61,53,56,58,56,58,56,57,60,55,54,56,59,62,60,57,59,55,60,55,58,59,59,60,55,56,53,50,54,56,59,57,57,57,62,57,56,61,57,59,56,56,58
53,56,57,56,56,58,60,62,54,55,58,57,58,56,58,60,56,54,56,59,62,60,57,59,55,60,55,58,59,59,60,56,57,53,50,54,56,59,57,58,57,61,57,57,61,57,59,57,56,59
53,55,57,56,57,58,60,62,54,55,58,57,57,57,58,60,56,54,57,59,62,60,57,59,56,60,56,59,59,60,60,56,57,53,50,54,56,59,57,58,57,60,58,57,61,57,59,57,57,59
54,55,57,56,57,59,60,62,55,54,59,57,56,57,58,60,56,55,57,59,62,60,57,60,56,60,56,59,59,60,60,56,58,54,49,53,56,60,58,58,58,60,58,57,61,57,60,57,57,59
54,55,57,56,57,59,61,62,55,53,59,58,56,57,58,61,56,55,57,59,62,61,58,60,56,60,56,59,60,60,60,56,58,54,49,53,57,60,58,59,58,59,58,58,61,58,60,58,56,60
54,55,58,56,57,59,61,62,55,53,59,58,55,57,58,61,57,55,57,59,62,61,58,60,57,60,57,60,60,60,61,57,58,55,49,53,57,60,58,59,58,59,58,58,60,58,60,58,56,60
55,55,58,57,57,59,61,62,56,52,60,58,55,58,59,61,57,56,57,60,62,61,58,61,57,60,57,60,60,60,61,57,59,55,49,53,57,61,59,59,59,58,59,58,60,58,60,58,56,60
55,54,58,57,58,60,61,62,56,52,60,59,55,58,59,61,57,56,57,60,63,61,58,61,57,60,57,59,61,61,61,58,59,55,49,53,57,61,59,60,59,58,59,59,60,58,61,59,55,60
56,53,58,57,58,60,61,62,57,52,60,59,54,58,59,61,58,56,57,60,63,62,59,61,57,59,58,59,61,61,61,58,59,54,48,53,57,61,59,59,59,57,59,59,59,59,61,59,55,59
56,54,58,58,58,60,61,63,57,51,60,59,54,59,60,61,58,56,57,60,62,62,59,61,57,58,58,59,61,61,62,58,58,54,48,53,57,61,59,59,58,57,60,59,59,59,61,59,55,59
57,53,59,58,58,61,62,63,58,51,59,58,54,59,60,62,58,56,56,60,62,62,59,61,57,58,57,59,61,62,62,59,58,54,48,52,57,60,59,58,57,56,60,60,59,59,60,60,55,60
57,53,59,58,59,61,61,63,58,51,59,58,53,59,60,60,59,55,56,60,62,62,60,61,58,58,58,59,61,62,62,59,57,54,48,52,57,59,59,59,57,56,60,60,58,60,60,60,55,59
58,52,59,59,59,62,60,63,59,51,58,59,53,60,61,60,59,56,56,60,63,63,60,61,57,58,58,58,61,61,62,60,57,54,48,52,57,59,60,59,57,56,61,60,58,60,61,61,55,59
58,52,60,59,59,62,60,63,59,51,58,59,53,60,61,60,60,55,56,60,63,64,60,60,57,58,58,57,60,61,61,60,58,55,48,53,56,58,60,58,58,57,61,61,58,61,60,60,54,59
59,53,60,60,60,62,59,64,60,51,59,59,53,60,61,60,60,55,56,60,63,64,61,59,58,58,59,56,60,61,61,61,58,56,48,53,56,57,60,58,58,57,61,61,57,61,61,61,55,59
59,52,61,60,60,62,60,64,60,52,59,60,53,61,61,60,61,55,56,59,62,64,62,58,58,58,59,56,60,61,61,62,57,56,47,53,56,57,61,59,59,57,62,60,57,62,61,61,54,58
60,52,61,60,60,61,60,64,61,51,59,60,54,61,61,61,63,54,56,58,62,65,63,59,59,57,60,56,60,62,62,62,57,57,47,53,57,58,61,59,59,57,62,60,58,62,61,61,55,57
60,51,61,61,60,60,60,64,62,51,60,60,54,61,61,61,63,55,56,58,62,65,63,59,59,57,60,57,61,62,62,63,58,57,47,54,57,58,61,59,59,57,63,60,58,63,61,62,55,58
61,51,61,61,60,60,61,64,64,51,60,61,54,61,61,61,64,55,57,59,62,65,64,59,59,57,61,57,61,62,62,63,58,57,48,54,57,58,61,59,59,58,65,60,58,63,61,62,55,58
62,51,62,61,60,60,61,64,65,51,60,61,55,61,61,61,64,56,56,59,63,66,64,60,60,58,61,57,61,63,62,63,58,58,48,54,58,59,62,60,60,58,66,60,59,63,61,62,56,58
63,51,62,61,60,60,61,65,65,51,61,61,55,62,60,61,64,56,55,59,62,66,64,60,60,58,60,58,62,63,63,64,59,58,48,55,58,59,62,60,60,58,66,61,59,63,60,63,56,59
64,51,62,62,60,61,62,65,65,51,61,61,56,62,61,62,65,56,56,59,63,66,64,60,60,58,60,58,62,63,63,64,59,58,48,55,58,59,62,60,60,59,66,61,59,65,61,63,56,59
64,52,63,62,60,61,62,65,66,51,61,61,56,63,61,62,65,56,56,59,63,67,65,61,60,59,60,59,62,64,64,65,59,58,49,55,58,60,63,61,61,59,67,62,60,65,61,64,57,60
64,52,61,62,60,61,62,66,66,51,60,61,56,63,61,62,65,56,56,59,63,67,65,61,60,59,60,59,63,64,64,65,60,58,49,55,57,60,63,61,61,59,67,62,60,66,61,64,57,60
64,52,61,62,60,61,62,65,66,51,60,61,56,63,61,62,65,56,56,58,63,67,65,61,60,59,61,59,63,64,64,65,60,58,49,56,57,60,63,61,61,58,67,62,60,65,61,64,57,60
64,53,61,62,60,61,63,66,66,51,60,61,57,63,61,62,65,56,57,58,63,67,65,61,59,59,61,59,63,64,64,65,59,58,49,56,57,60,63,61,61,58,67,62,60,66,61,64,57,60
65,53,61,63,61,62,63,66,66,51,61,61,57,63,62,63,66,56,57,58,64,67,66,61,59,59,61,58,63,64,64,65,59,57,50,56,57,60,63,61,61,57,67,62,60,66,62,64,57,60
65,53,61,63,61,62,63,66,67,51,61,61,57,64,62,63,66,57,57,58,64,68,66,61,59,60,61,58,63,65,64,66,59,57,50,56,57,61,64,61,60,57,68,63,61,66,62,65,57,60
65,53,60,63,61,62,63,67,67,51,61,61,57,63,62,63,66,57,57,59,64,68,66,60,60,60,61,58,63,65,64,66,59,57,50,54,58,61,63,60,60,57,68,63,60,66,62,65,57,59
65,53,61,63,61,62,64,67,67,51,61,61,57,63,62,63,66,57,57,59,64,68,66,60,60,59,61,57,62,65,64,66,59,57,50,53,58,60,62,59,59,56,68,63,60,66,62,65,57,59
65,53,61,63,61,63,63,67,67,51,61,61,57,63,62,64,66,57,57,58,65,68,66,60,60,58,61,57,62,65,64,66,59,57,50,53,58,60,61,59,59,56,68,63,59,66,62,65,57,59
64,53,61,64,62,63,63,67,68,51,61,61,58,63,63,64,67,57,57,58,64,68,67,59,60,57,60,56,62,65,64,66,59,56,50,53,58,60,61,59,59,56,67,63,58,65,62,65,57,58
64,53,61,64,62,62,62,67,67,51,61,61,58,63,63,64,67,58,57,58,64,69,67,59,60,57,60,56,62,64,64,67,59,56,49,53,58,60,61,58,58,56,66,64,57,65,62,66,57,57
65,53,61,64,61,60,61,68,67,51,61,61,58,62,63,64,66,57,57,58,64,69,67,59,61,56,60,56,61,64,63,67,59,56,50,53,58,59,61,58,58,56,66,64,57,65,61,66,57,57
65,53,61,65,61,60,61,68,67,51,61,61,58,62,63,63,66,57,57,58,63,69,67,59,61,56,60,56,61,64,62,67,59,57,49,53,58,59,60,58,58,56,66,62,56,65,61,65,56,56
65,53,62,65,60,59,61,68,66,51,61,61,58,62,63,63,65,57,57,58,63,69,66,59,60,56,60,56,60,64,62,67,59,56,50,52,57,59,60,58,58,55,66,61,56,65,60,64,56,56
65,53,62,65,59,59,61,68,65,52,61,61,58,61,63,63,65,57,56,58,63,68,66,58,60,55,60,56,60,63,62,68,59,56,50,52,57,59,60,57,57,55,65,61,56,64,59,64,56,56
65,53,62,65,59,58,60,68,65,52,61,61,58,61,62,62,65,57,56,58,62,67,66,58,60,55,59,56,60,63,62,68,59,56,50,52,56,58,60,57,57,55,65,60,56,64,58,63,56,56
65,53,62,65,58,58,60,68,64,51,61,61,58,60,61,62,64,56,56,58,61,66,65,58,59,55,59,55,59,62,62,67,58,56,50,52,56,58,59,57,57,55,65,59,56,63,58,62,56,55
64,53,61,65,58,58,59,68,64,51,61,61,58,60,60,60,64,56,55,57,60,64,65,57,59,55,59,55,59,61,61,66,58,55,50,52,56,57,59,57,57,55,64,59,56,63,57,61,55,55
64,52,61,65,58,58,59,68,63,51,60,60,58,60,59,59,63,56,55,57,60,64,64,57,58,54,59,55,59,61,60,64,56,55,50,52,55,56,59,56,56,55,64,58,55,62,57,60,55,55
63,52,61,64,57,57,58,68,63,51,60,60,57,59,58,59,62,56,54,57,59,63,63,57,58,54,58,54,58,60,60,63,56,55,50,52,55,56,58,56,56,55,63,58,55,61,57,60,55,55
62,52,60,62,57,57,58,66,62,51,59,60,57,59,58,58,62,55,54,56,59,63,63,56,58,54,58,54,58,60,59,62,55,55,50,52,55,55,58,56,56,55,63,57,55,61,57,59,55,55
61,52,59,61,56,57,58,65,62,51,59,59,57,58,57,58,61,55,54,56,59,63,62,56,58,54,58,54,58,59,59,61,55,55,50,53,54,55,58,56,56,55,62,57,55,61,56,59,55,55
60,52,58,60,56,57,58,64,61,52,59,59,56,58,57,58,61,55,54,56,59,62,62,56,58,54,59,54,58,59,59,61,55,55,50,53,54,55,58,56,56,55,62,57,55,61,56,59,55,55
59,52,58,59,56,57,58,63,61,52,58,58,56,58,57,58,61,55,53,56,59,62,61,56,58,54,59,54,58,59,59,61,55,55,51,53,54,55,58,56,56,55,62,57,55,61,56,59,55,55
59,52,57,59,56,57,57,63,61,52,58,58,56,58,57,58,61,55,53,56,59,62,61,56,58,54,59,54,58,59,59,60,55,55,51,53,54,55,58,56,56,55,62,57,55,61,56,59,55,55
58,52,57,58,55,56,57,62,61,52,58,58,56,58,57,57,61,55,53,56,58,62,61,56,58,54,59,54,58,59,59,60,55,55,51,52,54,55,58,56,57,55,62,57,56,61,56,59,55,55
58,52,57,58,55,56,58,62,61,53,58,58,56,58,57,57,61,55,54,56,58,62,61,56,58,55,59,54,58,59,59,60,55,56,51,52,54,55,58,56,57,56,62,57,56,61,56,59,55,56
58,52,57,58,55,56,58,62,61,53,58,58,56,58,56,57,60,55,54,56,59,62,60,56,58,55,59,55,58,59,59,60,55,56,52,52,55,55,59,57,57,56,62,57,56,61,57,59,56,56
58,52,57,58,55,56,58,61,61,53,57,58,56,58,56,58,60,55,54,56,59,62,60,57,58,55,60,55,58,59,59,60,55,56,52,51,55,55,59,57,57,56,62,57,56,61,57,59,56,56
58,53,56,57,56,57,58,61,61,53,57,58,56,58,56,58,60,55,54,56,59,62,60,57,59,55,60,55,58,59,59,60,55,56,52,51,55,56,59,57,57,56,62,57,56,61,57,59,56,56
58,53,56,57,56,57,58,61,62,54,56,58,57,58,57,58,60,56,54,57,59,62,60,57,59,55,60,55,58,59,59,60,56,57,53,51,55,56,59,57,58,57,62,57,57,61,57,59,56,56
56,53,57,57,56,57,58,61,62,54,56,58,57,58,57,58,60,56,54,57,59,62,60,57,59,55,60,55,59,59,59,60,56,57,53,51,55,56,59,57,58,57,62,58,57,61,57,59,57,57
55,54,56,57,56,57,59,61,62,54,55,59,57,58,57,58,61,56,55,57,59,62,60,57,59,56,60,56,59,59,60,60,56,57,54,50,54,56,60,58,58,57,63,58,57,61,57,60,57,57
55,54,56,57,56,57,59,61,62,55,54,59,57,57,57,58,61,56,55,57,59,62,61,58,60,56,61,56,59,60,60,60,56,58,54,50,54,56,60,58,58,58,63,58,57,62,58,60,57,57
55,54,56,58,56,57,59,61,62,55,54,59,58,57,57,58,61,57,55,57,59,62,61,58,60,56,61,56,60,60,60,61,57,58,54,50,54,57,60,58,59,58,63,58,58,62,58,60,58,57
55,55,56,58,57,57,59,61,62,56,54,59,58,56,58,59,61,57,56,57,60,62,61,58,60,57,61,57,60,60,60,61,57,59,55,50,54,57,60,59,59,59,63,59,58,62,58,60,58,57
54,55,55,58,57,58,60,61,62,56,53,60,58,56,58,59,61,57,56,57,60,63,61,58,61,57,61,57,60,60,61,61,57,59,55,50,54,57,61,59,59,59,62,59,58,62,58,61,58,57
54,55,55,58,57,58,60,61,62,57,53,60,59,56,58,59,61,58,56,58,60,63,61,59,61,57,61,58,60,61,61,61,58,59,56,49,54,58,61,59,60,59,62,59,59,63,59,61,59,56
53,56,54,58,58,58,60,61,63,57,52,60,59,55,58,59,61,58,57,58,60,63,62,59,61,58,61,58,61,61,61,61,58,60,55,49,54,58,61,60,60,60,62,60,59,63,59,61,59,56
53,56,54,59,58,58,60,62,63,58,52,61,60,55,59,60,62,58,57,58,61,63,62,59,62,58,61,58,61,61,61,62,59,60,55,49,54,58,62,60,61,60,61,60,59,63,59,61,60,56
53,57,54,59,58,58,61,62,63,58,52,60,59,55,59,60,62,59,57,57,61,63,62,59,62,58,62,58,61,62,62,62,59,61,55,49,53,58,62,60,61,61,60,60,60,64,60,62,60,56
52,57,54,59,58,59,61,62,63,58,52,60,59,54,59,61,62,59,56,57,61,64,62,60,63,58,62,58,62,62,62,62,59,61,55,49,53,58,62,61,61,61,61,60,60,64,60,62,60,56
52,58,53,60,59,59,62,62,63,59,52,59,60,54,60,61,62,59,57,57,61,67,65,60,63,58,61,59,62,62,62,63,60,62,55,49,53,58,63,61,63,61,61,61,61,66,60,63,61,55
52,58,53,60,59,59,62,63,63,60,52,59,60,54,60,61,63,60,56,57,61,67,69,60,66,58,61,59,62,63,63,63,60,62,56,49,54,57,63,61,63,62,61,61,61,66,61,63,61,55
52,59,54,60,60,60,63,63,64,60,52,60,60,54,60,62,63,60,56,57,61,67,69,61,64,59,61,60,62,63,63,63,61,63,56,49,54,57,63,62,64,63,60,61,62,64,61,64,62,56
52,59,53,61,60,60,64,63,66,60,52,60,60,54,61,62,63,61,56,57,60,66,71,62,64,59,61,60,62,64,63,64,63,62,57,48,54,57,63,62,64,64,60,62,63,64,62,65,63,55
52,60,53,61,61,60,64,64,66,61,52,60,61,54,61,62,63,63,55,57,59,67,71,63,64,60,60,61,62,64,64,64,63,62,57,48,54,58,63,65,64,64,60,62,64,64,62,65,63,56
52,60,52,61,61,61,65,64,66,62,52,60,61,55,61,63,64,64,56,57,59,68,71,63,64,60,60,61,62,65,64,64,63,62,58,48,54,58,63,65,64,64,60,63,64,64,63,65,63,56
52,61,52,62,61,61,68,65,66,65,52,61,62,55,62,70,69,64,56,57,59,67,71,64,64,60,60,61,62,65,64,64,64,62,58,49,55,58,63,65,64,64,60,65,64,64,63,66,64,56
53,62,52,63,62,62,68,65,69,65,52,61,61,56,62,70,69,66,57,57,60,67,71,64,64,60,60,62,62,65,66,64,66,62,59,49,55,58,64,65,67,64,60,67,65,64,63,66,64,57
53,63,52,64,62,62,69,65,70,65,52,61,62,56,64,69,69,66,57,56,60,73,71,66,64,60,61,61,62,65,67,64,68,61,59,49,56,59,64,65,67,64,60,70,67,64,63,66,64,57
53,64,52,64,62,63,69,65,71,69,52,62,62,57,64,69,69,66,57,57,60,72,72,66,64,60,61,61,61,65,67,64,68,61,59,49,56,59,64,65,66,64,60,69,67,64,68,66,65,57
54,67,52,65,63,62,69,65,71,68,52,61,62,57,64,69,69,71,57,57,59,72,72,66,64,60,61,61,61,65,67,65,68,60,59,49,56,58,63,65,65,63,60,69,67,64,68,66,65,57
54,67,53,63,63,62,68,65,72,67,52,61,62,57,64,68,69,72,57,57,59,72,71,66,64,61,61,61,60,66,66,65,68,60,59,49,56,58,63,64,65,63,59,71,67,63,67,66,65,58
54,67,53,62,64,63,68,65,72,66,52,61,62,57,64,68,69,72,57,57,59,71,71,66,63,60,62,61,60,66,66,65,69,60,58,50,56,58,62,64,64,63,59,71,66,63,67,66,69,58
54,68,53,62,64,63,68,65,72,71,52,61,62,57,64,68,70,71,57,57,59,71,72,67,62,60,62,62,59,65,66,65,72,60,58,50,56,57,61,64,63,62,58,70,66,63,67,65,71,58
54,71,53,61,67,63,67,65,72,70,52,61,62,57,64,68,69,71,57,57,59,70,73,72,62,60,62,62,59,65,66,65,71,60,58,50,56,57,61,64,62,61,58,70,66,62,66,65,71,58
54,69,53,61,67,63,66,64,71,70,51,61,62,57,64,66,67,70,57,57,59,68,72,70,61,60,60,61,58,65,65,64,70,59,57,50,56,58,61,64,61,60,57,69,66,61,66,64,69,58
54,65,53,60,63,61,62,63,66,67,51,60,61,57,63,62,63,66,57,57,58,64,68,66,60,60,59,61,57,63,65,64,66,59,57,50,54,58,60,63,60,60,57,68,63,60,66,62,65,57
54,63,53,60,61,59,60,61,64,64,51,60,61,57,61,60,61,64,57,56,58,62,65,64,59,60,57,60,57,61,62,62,63,58,57,50,53,57,58,61,59,59,56,65,60,58,64,60,62,57
54,61,53,58,59,57,58,59,63,63,51,60,60,57,60,58,59,62,57,55,58,60,64,62,58,60,56,60,56,60,61,61,62,57,56,50,53,56,57,60,58,58,56,64,59,57,63,58,61,57
54,59,53,57,58,56,58,59,62,62,51,59,59,57,59,57,59,61,56,54,57,60,63,61,57,59,55,59,55,59,60,60,61,56,56,49,53,55,56,59,57,57,56,63,58,56,62,57,60,56
54,57,51,56,57,55,56,57,60,61,51,58,58,56,58,56,57,60,55,53,56,58,62,60,56,58,54,58,54,57,59,59,60,55,54,49,51,54,55,58,56,56,54,62,57,55,60,56,59,54
55,57,51,56,57,55,56,57,60,61,51,58,58,56,58,56,57,60,55,53,56,58,62,60,56,58,54,58,54,57,59,59,60,55,54,49,51,54,55,58,56,56,54,62,57,55,60,56,59,54
55,57,51,56,57,55,56,57,60,61,51,58,58,56,58,56,57,60,55,53,56,58,62,60,56,58,54,58,54,57,59,59,60,55,54,49,51,54,55,58,56,56,54,62,57,55,60,56,59,54
55,57,51,56,57,55,56,57,60,61,51,58,58,56,58,56,57,60,55,53,56,58,62,60,56,58,54,58,54,57,59,59,60,55,54,49,51,54,55,58,56,56,54,62,57,55,60,56,59,54
55,57,51,56,57,55,56,57,60,61,51,58,58,56,58,56,57,60,55,53,56,58,62,60,56,58,54,58,54,57,59,59,60,55,54,49,51,54,55,58,56,56,54,62,57,55,60,56,59,54
55,57,51,56,57,55,56,57,60,61,51,58,58,56,58,56,57,60,55,53,56,58,62,60,56,58,54,58,54,57,59,59,60,55,54,49,51,54,55,58,56,56,54,62,57,55,60,56,59,54
55,57,51,56,57,55,56,57,60,61,51,58,58,56,58,56,57,60,55,53,56,58,62,60,56,58,54,58,54,57,59,59,60,55,54,49,51,54,55,58,56,56,54,62,57,55,60,56,59,54
55,57,51,56,57,55,56,57,60,61,51,58,58,56,58,56,57,60,55,53,56,58,62,60,56,58,54,58,54,58,59,59,60,55,54,49,51,54,55,58,56,56,54,62,57,55,60,56,59,54
55,57,51,56,57,55,56,57,60,61,51,58,58,56,58,56,57,60,55,53,56,58,62,60,56,58,54,58,54,58,59,59,60,55,54,49,51,54,55,58,56,56,54,62,57,55,60,56,59,54
55,57,51,56,57,55,56,57,60,61,51,58,58,56,58,56,57,60,55,53,56,58,62,60,56,58,54,58,54,57,59,59,60,55,54,49,52,54,55,58,56,56,54,62,57,55,60,56,59,54
55,57,51,56,57,55,56,57,60,61,51,58,58,56,58,56,57,60,55,53,56,58,62,60,56,58,54,58,54,57,59,59,60,55,54,50,52,54,55,58,56,56,54,62,57,55,60,56,59,54
55,57,51,56,57,55,56,57,60,61,51,58,58,56,58,56,57,60,55,53,56,58,62,60,56,58,54,58,54,57,59,59,60,55,54,50,52,54,55,58,56,56,54,62,57,55,60,56,59,54
55,57,51,56,57,55,56,57,60,61,51,58,58,56,58,56,57,60,55,53,56,58,62,60,56,58,54,58,54,57,59,59,60,55,55,50,52,54,55,58,56,56,55,62,57,55,60,56,59,55
55,57,51,56,57,55,56,57,60,61,51,58,58,56,58,56,57,60,55,53,56,58,62,60,56,58,54,58,54,57,59,59,60,55,55,50,52,54,55,58,56,56,55,62,57,55,60,56,59,55
55,57,51,56,57,55,56,57,60,61,52,58,58,56,58,56,57,60,55,53,56,58,62,60,56,58,54,59,54,57,59,59,60,55,55,50,53,54,55,58,56,56,55,62,57,55,60,56,59,55
55,57,52,56,57,55,56,57,60,61,52,58,58,56,58,56,57,60,55,53,56,58,62,60,56,58,54,59,54,58,59,59,60,55,55,51,52,54,55,58,56,56,55,62,57,55,60,56,59,55
55,57,52,56,57,55,56,57,60,61,52,58,58,56,58,56,57,60,55,53,56,58,62,60,56,58,54,59,54,58,59,59,60,55,55,51,51,54,55,58,56,57,55,62,57,56,60,56,59,55
55,57,52,56,57,55,56,57,60,61,53,57,58,56,58,56,57,60,55,53,56,58,62,60,56,58,54,59,54,58,59,59,60,55,56,51,51,54,55,58,56,57,56,62,57,56,60,56,59,55
55,58,52,56,57,55,56,58,61,61,53,57,58,56,58,56,57,60,55,54,56,58,62,60,56,58,55,59,54,58,59,59,60,55,56,52,50,54,55,58,57,57,56,62,57,56,61,56,59,56
56,57,52,56,57,55,56,58,61,61,53,56,58,56,58,56,57,60,55,54,56,58,62,60,57,59,55,60,55,58,59,59,60,55,56,52,50,54,55,59,57,57,56,62,57,56,61,56,59,56
56,57,53,56,57,55,56,58,61,61,53,56,58,56,58,56,57,60,55,54,56,58,62,60,57,59,55,60,55,58,59,59,60,55,56,53,50,54,56,59,57,57,57,62,57,56,61,57,59,56
56,55,53,56,57,56,56,58,61,62,54,55,58,57,58,56,58,60,56,54,56,59,62,60,57,59,55,60,55,58,59,59,60,56,57,53,50,54,56,59,57,58,57,62,57,57,61,57,59,57
56,54,53,55,57,56,57,58,60,62,54,55,58,57,57,57,58,60,56,54,57,59,62,60,57,59,56,60,56,59,59,60,60,56,57,53,50,54,56,59,57,58,57,61,58,57,61,57,59,57
57,54,54,55,57,56,57,59,60,62,55,54,59,57,56,57,58,60,56,55,57,59,62,60,57,60,56,60,56,59,60,60,60,56,58,54,49,53,56,60,58,58,58,60,58,57,61,57,60,57
57,54,54,55,57,56,57,59,61,62,55,53,59,58,56,57,58,61,56,55,57,59,62,61,58,60,56,60,56,59,60,60,60,57,58,54,49,53,57,60,58,59,58,60,58,58,61,58,60,58
57,54,54,55,58,56,57,59,61,62,55,53,59,58,55,57,58,61,57,55,57,59,62,61,58,60,57,61,57,60,60,60,61,57,58,55,49,53,57,60,58,59,58,60,59,58,61,58,60,58
58,53,55,55,58,57,57,59,61,62,56,52,60,58,55,58,59,61,57,56,57,60,62,61,58,61,57,61,57,60,60,61,61,57,59,55,49,53,57,61,59,59,59,59,59,58,61,58,60,58
58,53,55,54,58,57,58,60,61,62,56,52,60,59,55,58,59,61,57,56,57,60,63,61,58,61,57,60,57,60,61,61,61,58,59,55,49,53,57,61,59,60,59,59,59,59,60,58,61,59
59,52,56,53,58,57,58,60,61,62,57,52,60,59,54,58,59,61,58,56,57,60,63,62,59,61,57,59,58,60,61,61,61,58,60,54,48,53,57,61,59,60,59,58,59,59,60,59,61,59
59,52,56,54,58,58,58,60,61,63,57,51,60,59,54,59,60,61,58,56,57,60,63,62,59,62,57,59,58,60,61,61,62,58,59,54,48,53,57,62,60,60,59,58,60,59,60,59,61,59
59,52,57,53,59,58,58,61,62,63,58,51,59,58,54,59,60,62,58,56,56,60,63,62,59,62,57,59,57,60,62,62,62,59,59,54,48,52,57,61,60,60,58,57,60,60,60,59,61,60
60,51,57,53,59,58,59,61,62,63,58,51,59,58,53,59,60,61,59,55,56,60,63,62,60,62,58,59,58,60,62,62,62,59,59,54,48,52,57,60,60,60,58,57,60,60,59,60,62,60
60,51,58,52,59,59,59,62,61,63,59,51,58,59,53,60,61,61,59,56,56,60,64,64,60,62,57,59,58,59,62,62,63,60,58,54,48,52,57,60,61,60,58,57,61,61,59,60,62,61
61,51,58,52,60,59,59,62,61,63,59,51,58,59,53,60,61,61,60,55,56,60,64,65,60,61,57,59,58,58,61,62,61,60,59,55,48,53,56,59,61,59,59,58,61,61,59,61,61,61
61,51,59,53,60,60,59,63,60,64,60,51,59,59,53,60,62,61,60,55,56,60,64,65,61,60,58,59,59,57,61,62,62,61,59,55,48,53,56,58,61,59,59,57,61,61,58,61,62,62
62,51,59,52,61,60,60,63,61,65,60,51,59,59,53,60,62,61,61,55,56,59,63,65,62,59,58,58,59,57,61,62,62,63,58,56,47,53,56,58,62,60,59,58,62,61,58,62,62,62
62,51,60,52,61,60,60,62,61,65,61,51,59,60,53,61,62,62,63,54,56,58,63,66,63,60,59,58,60,57,61,63,62,63,58,57,47,53,57,59,62,60,60,58,62,61,59,62,62,62
63,51,60,51,61,61,61,61,61,65,62,51,59,60,54,61,62,62,64,55,56,58,63,66,63,60,59,58,60,58,62,63,63,63,59,57,47,53,57,59,62,60,60,58,63,61,59,63,62,63
63,51,61,51,62,61,61,61,62,65,65,51,60,61,54,61,62,62,64,55,57,58,63,66,64,60,59,58,61,58,62,63,63,64,59,57,48,54,57,59,62,60,60,59,65,61,59,63,62,63
63,52,62,51,63,62,61,61,62,65,65,51,60,60,55,62,62,62,65,56,56,59,64,67,64,61,60,59,61,58,62,63,63,64,59,58,48,54,58,59,63,61,61,59,67,61,60,63,62,63
63,52,63,51,63,62,61,61,62,65,65,51,60,61,55,63,61,62,65,56,55,59,63,67,65,61,60,59,60,59,63,64,63,65,60,58,48,55,58,60,63,61,61,59,67,62,60,63,61,64
63,52,64,51,63,62,61,62,63,66,66,51,61,61,56,63,61,63,65,56,56,59,64,67,65,61,60,59,60,59,63,64,64,65,60,58,48,55,58,60,63,61,61,60,67,62,60,66,61,64
62,53,65,52,64,63,61,62,63,66,67,51,61,61,56,63,62,63,66,56,56,59,64,68,66,62,60,60,60,59,63,64,64,65,60,58,49,55,58,60,64,62,62,59,68,62,61,66,62,64
62,53,65,52,62,63,61,62,63,66,67,51,60,61,56,63,62,63,66,56,56,59,64,68,66,62,60,60,60,59,64,65,64,66,59,58,49,55,57,61,64,62,62,59,68,63,61,66,62,65
62,53,66,52,61,63,61,63,64,67,66,51,60,61,56,64,63,64,66,56,56,58,65,68,66,62,60,60,61,59,64,65,64,66,60,58,49,56,57,61,64,62,62,58,68,63,61,66,62,65
62,53,65,53,61,63,61,62,63,67,67,51,60,61,57,64,62,63,66,56,57,58,64,68,66,62,59,60,61,59,64,65,64,66,59,58,49,56,57,61,64,62,62,58,68,63,61,66,62,65
62,53,65,53,61,63,61,62,63,66,67,51,61,61,57,64,62,63,66,56,57,58,64,68,66,61,59,60,61,58,64,65,64,66,59,57,50,56,57,60,64,62,61,57,68,63,61,66,62,65
62,54,65,53,60,63,61,62,63,66,67,51,60,61,57,63,62,63,66,57,57,58,64,68,66,61,59,60,61,58,63,65,64,65,59,57,50,55,57,60,64,61,60,57,68,62,61,66,62,64
61,54,64,53,60,62,60,61,63,66,66,51,60,61,57,63,61,62,65,57,57,58,63,67,65,60,60,59,61,57,63,64,64,65,59,57,50,54,57,60,63,60,59,57,67,62,60,66,61,64
61,54,64,53,60,62,60,61,62,65,65,51,60,61,57,62,61,62,65,57,57,58,63,66,65,60,60,58,61,57,62,63,63,64,59,57,50,53,58,59,62,59,59,56,66,61,59,65,61,63
60,54,63,53,60,61,59,60,61,64,65,51,61,61,57,62,60,61,64,57,56,58,62,66,64,59,60,58,60,57,61,63,63,64,58,56,50,53,58,59,61,59,59,56,66,61,59,64,60,63
60,54,61,53,60,61,59,60,61,64,64,51,61,61,57,61,60,61,64,57,56,58,62,65,64,59,60,57,60,56,61,62,62,63,58,56,49,53,58,58,61,58,59,56,65,60,58,64,60,62
59,54,61,53,59,60,58,59,61,64,64,51,61,61,58,61,59,60,63,57,56,58,61,65,63,59,60,57,60,56,61,62,62,63,58,56,49,52,57,58,61,58,58,56,65,60,57,64,59,62
59,55,60,53,59,60,58,59,60,63,64,51,61,61,58,61,59,60,63,57,56,58,61,65,63,59,60,56,60,55,60,62,62,63,57,56,49,52,57,58,60,58,58,56,65,60,57,63,59,62
59,55,60,53,59,60,58,59,60,63,64,51,61,61,58,60,59,60,63,57,56,58,61,64,63,58,60,55,60,55,60,61,61,62,57,56,49,52,57,57,60,57,58,55,65,59,56,63,59,61
58,55,59,53,58,59,57,58,59,62,63,51,60,60,58,60,58,59,62,56,55,58,60,64,62,58,60,55,59,56,59,61,61,62,56,56,49,52,56,57,60,57,57,55,64,59,56,62,58,61
58,55,59,53,58,59,57,58,59,62,62,51,59,59,57,59,58,59,62,56,55,57,60,63,62,57,59,55,59,55,59,60,60,61,56,56,49,51,55,56,59,57,57,55,63,58,55,62,58,60
57,55,59,52,57,58,56,57,58,62,62,51,59,59,57,59,57,58,61,56,54,57,59,63,61,57,59,55,59,55,59,60,60,61,56,55,49,51,55,56,59,57,57,55,63,58,55,62,57,60
57,56,58,52,57,58,56,57,58,61,62,51,59,59,57,59,57,58,61,56,54,57,59,63,61,57,59,55,59,55,58,60,60,61,55,55,49,51,55,56,59,57,57,55,63,58,55,61,57,60
57,55,58,52,57,58,56,57,58,61,62,51,59,59,57,59,57,58,61,56,54,57,59,63,61,57,59,55,58,55,58,60,60,61,56,55,49,51,55,56,59,56,56,54,63,58,55,61,57,60
57,55,59,52,57,58,56,57,58,62,62,51,59,59,57,59,57,58,61,56,54,57,59,63,61,57,58,54,58,54,59,60,60,61,56,55,49,52,55,56,58,56,56,54,63,58,55,62,57,60
57,55,58,51,57,58,56,57,58,61,61,51,58,58,56,58,57,58,61,55,54,56,59,62,61,56,58,54,58,54,58,59,59,60,55,54,49,52,55,55,58,56,56,54,62,57,55,61,56,59
56,55,57,51,56,57,55,56,57,60,61,51,58,58,56,58,56,57,60,55,53,56,58,62,60,56,58,54,58,54,57,59,59,60,54,54,50,52,54,55,58,56,56,54,62,57,55,60,56,59
56,55,57,51,56,57,55,56,57,60,61,51,58,58,56,58,56,57,60,55,53,56,58,62,60,56,58,54,58,54,57,59,59,60,54,54,50,52,54,55,58,56,56,54,62,57,55,60,56,59
56,55,57,51,56,57,55,56,57,60,61,51,58,58,56,58,56,57,60,55,53,56,58,62,60,56,58,54,58,54,57,59,59,60,54,55,50,52,54,55,58,56,56,55,62,57,55,60,56,59
56,55,57,51,56,57,55,56,57,60,61,51,58,58,56,58,56,57,60,55,53,56,58,62,60,56,58,54,58,54,57,59,59,60,54,55,50,52,54,55,58,56,56,55,62,57,55,60,56,59
56,55,57,51,56,57,55,56,57,60,61,52,58,58,56,58,56,57,60,55,53,56,58,62,60,56,58,54,58,54,57,59,59,60,54,55,50,53,54,55,58,56,56,55,62,57,55,60,56,59
56,55,57,52,56,57,55,56,57,60,61,52,58,58,56,58,56,57,60,55,53,56,58,62,60,56,58,54,59,54,58,59,59,60,55,55,51,52,54,55,58,56,56,55,62,57,55,60,56,59
56,55,57,52,56,57,55,56,57,60,61,52,58,58,56,58,56,57,60,55,53,56,58,62,60,56,58,54,59,54,58,59,59,60,55,55,51,51,54,55,58,56,56,55,62,57,56,60,56,59
56,55,57,52,56,57,55,56,57,60,61,52,57,58,56,58,56,57,60,55,53,56,58,62,60,56,58,54,59,54,58,59,59,60,55,56,51,51,54,55,58,56,57,56,62,57,56,60,56,59
56,55,57,52,56,57,55,56,58,60,61,53,57,58,56,58,56,57,60,55,53,56,58,62,60,56,58,55,59,54,58,59,59,60,55,56,52,50,54,55,58,57,57,56,62,57,56,61,56,59
56,55,57,52,56,57,55,56,58,61,61,53,56,58,56,58,56,57,60,55,54,56,58,62,60,57,59,55,60,55,58,59,59,60,55,56,52,50,54,55,59,57,57,56,62,57,56,61,56,59
56,56,57,53,56,57,55,56,58,61,61,53,56,58,56,58,56,57,60,55,54,56,58,62,60,57,59,55,60,55,58,59,59,60,55,56,53,50,54,56,59,57,57,57,62,57,56,61,57,59
56,56,55,53,56,57,56,56,58,60,62,54,55,58,57,58,56,58,60,56,54,56,59,62,60,57,59,55,60,55,58,59,59,60,56,57,53,50,54,56,59,57,58,57,62,57,57,61,57,59
57,56,54,53,55,57,56,57,58,60,62,54,55,58,57,57,57,58,60,56,54,57,59,62,60,57,59,56,60,56,59,59,60,60,56,57,53,50,53,56,59,57,58,57,61,58,57,61,57,59
57,57,54,54,55,57,56,57,59,60,62,55,54,59,57,56,57,58,60,56,55,57,59,62,60,57,60,56,60,56,59,59,60,60,56,58,54,49,53,56,60,58,58,58,60,58,57,61,57,60
57,57,54,54,55,57,56,57,59,61,62,55,53,59,58,56,57,58,61,56,55,57,59,62,61,58,60,56,60,56,59,60,60,60,57,58,54,49,53,57,60,58,59,58,60,58,58,62,58,60
57,57,54,54,55,58,56,57,59,61,62,55,53,59,58,55,57,58,61,57,55,57,59,62,61,58,60,57,61,57,60,60,60,61,57,58,55,49,53,57,60,58,59,58,60,58,58,61,58,60
57,58,53,55,55,58,57,57,59,61,62,56,52,60,58,55,58,59,61,57,56,57,60,62,61,58,61,57,61,57,60,60,61,61,57,59,55,49,53,57,61,59,59,59,59,59,58,61,58,60
57,58,53,55,54,58,57,58,60,61,62,56,52,60,59,55,58,59,61,57,56,57,60,63,61,58,61,57,61,57,60,61,61,61,58,59,55,49,53,57,61,59,60,59,59,59,59,61,58,61
58,59,52,56,53,58,57,58,60,61,62,57,52,60,59,54,58,59,61,58,56,57,60,63,62,59,61,57,60,58,60,61,61,61,58,60,54,48,53,57,61,59,60,60,59,59,59,61,59,61
58,59,52,56,54,58,58,58,60,61,63,57,51,60,59,54,59,60,61,58,56,57,60,63,62,59,62,57,60,58,61,61,61,62,58,60,54,48,53,57,62,60,61,60,59,60,59,61,59,61
58,59,52,57,53,59,58,58,61,62,63,58,51,59,58,54,59,60,62,58,56,56,60,63,62,59,62,57,60,57,61,62,62,62,59,60,54,48,52,57,62,60,60,59,58,60,60,61,59,62
58,60,51,57,53,59,58,59,61,62,63,58,51,59,58,53,59,60,62,59,55,56,60,64,62,60,62,58,60,58,61,62,62,62,59,60,54,48,52,57,61,61,61,59,58,60,60,60,60,62
59,60,51,58,52,59,59,59,62,62,63,59,51,58,59,53,60,61,62,59,56,56,60,65,65,60,63,57,60,58,60,62,62,63,60,59,54,48,52,57,61,61,61,59,59,61,61,60,60,63
59,61,51,58,52,60,59,59,62,62,63,59,51,58,59,53,60,61,62,60,55,56,60,65,66,60,62,57,60,58,59,62,63,62,60,60,55,48,53,56,60,61,60,60,59,61,61,60,61,63
59,61,51,59,53,60,60,59,63,62,64,60,51,59,59,53,60,62,62,60,55,56,60,65,66,61,61,58,60,59,59,62,63,63,61,60,55,48,53,56,59,62,61,60,59,61,62,59,61,63
60,62,51,59,52,61,60,60,64,62,66,60,51,59,60,53,61,62,63,61,55,56,59,64,67,62,61,58,60,59,58,62,63,63,63,59,56,47,53,56,59,62,61,61,59,62,62,60,62,63
60,63,51,60,52,61,60,60,63,62,66,61,51,59,60,54,61,62,63,63,54,56,58,65,67,63,61,59,59,60,59,63,64,63,63,60,57,47,53,57,60,63,61,61,59,62,62,60,62,64
60,64,51,60,51,61,61,61,62,63,66,62,51,60,60,54,61,63,63,64,55,56,58,64,67,63,61,59,59,60,59,63,64,63,63,60,57,47,54,57,60,64,61,62,59,63,62,60,63,64
61,64,51,61,51,62,61,61,62,63,66,65,51,60,61,54,61,63,63,64,55,57,59,65,68,64,62,59,59,61,60,63,64,63,64,60,57,48,54,57,61,64,62,62,60,65,63,61,63,63
61,64,52,62,51,63,62,61,62,64,67,65,51,60,61,55,62,64,63,66,56,56,59,65,68,64,62,60,60,61,60,64,65,64,66,61,58,48,54,58,61,64,62,62,60,67,63,61,63,63
61,64,52,63,51,64,62,61,63,64,67,65,51,61,61,55,63,63,64,66,56,55,59,65,68,66,62,60,60,60,60,64,65,63,66,60,58,48,55,58,61,64,62,63,60,69,63,62,63,63
61,64,52,64,51,64,62,62,63,64,67,68,51,61,61,56,63,63,64,66,56,56,59,65,69,66,63,60,60,60,60,64,66,64,67,60,58,48,55,58,62,64,63,63,60,69,64,62,67,63
62,64,53,66,52,64,63,61,63,64,68,68,51,61,61,56,63,63,64,67,56,56,59,65,69,66,63,60,61,60,60,65,66,64,67,60,58,49,55,58,62,64,63,63,59,69,64,62,67,63
62,64,53,67,52,62,63,62,64,64,68,67,51,60,61,56,63,64,65,68,56,56,59,66,69,66,63,60,61,61,59,65,66,64,67,60,58,49,55,57,62,64,63,63,59,70,64,63,67,64
63,64,53,67,52,61,64,62,64,64,68,66,51,60,61,57,64,64,65,68,56,57,58,66,70,66,63,60,61,61,59,65,66,64,68,60,58,49,56,57,62,64,63,62,58,70,65,63,67,64
63,64,53,67,53,61,64,62,64,65,68,69,51,61,61,57,64,64,65,68,56,57,58,66,69,67,62,59,61,61,59,65,65,64,67,59,58,49,56,57,61,64,62,62,58,70,64,62,66,64
63,64,53,67,53,61,65,62,64,65,68,68,51,61,61,57,64,64,65,68,56,57,58,66,69,68,61,59,61,61,58,65,65,64,67,59,57,50,56,57,61,64,62,61,57,70,64,62,66,64
63,64,54,67,53,61,65,63,64,64,68,68,51,61,61,57,64,64,65,68,57,57,58,66,69,68,61,59,60,61,58,65,65,64,67,59,57,50,56,57,61,64,61,60,57,69,64,61,66,64
62,64,54,67,53,60,65,63,64,63,68,68,51,60,61,57,63,64,65,68,57,57,59,66,69,68,60,60,59,61,57,63,65,64,67,59,57,50,54,58,61,63,60,60,57,69,64,60,66,63
61,64,54,67,53,61,65,62,64,63,68,68,51,61,61,57,63,64,65,68,57,57,59,65,69,68,60,60,59,61,57,62,65,64,67,59,57,50,53,58,60,62,59,59,56,68,64,60,66,63
61,64,54,67,53,61,65,63,64,63,68,68,51,61,61,57,63,64,65,68,57,57,58,65,69,68,60,60,58,61,57,62,65,64,67,59,57,50,53,58,60,61,59,59,56,67,64,59,66,63
60,63,54,64,53,61,64,62,63,63,67,68,51,61,61,58,63,63,64,67,57,57,58,64,69,67,59,60,57,60,56,62,65,64,67,59,56,50,53,58,60,61,58,59,56,67,64,58,65,62
60,62,55,64,53,61,63,61,62,62,67,67,51,61,61,58,63,62,63,66,57,57,58,64,68,66,59,60,57,60,56,62,64,63,66,59,56,49,53,58,60,61,58,58,56,66,63,57,65,62
60,62,55,63,53,61,63,61,60,61,66,67,51,61,61,58,62,62,63,66,57,56,58,64,67,66,59,60,56,60,55,61,64,63,65,59,56,49,53,58,59,61,58,58,56,66,62,57,65,61
60,61,55,63,53,61,63,60,59,61,66,66,51,61,61,58,62,62,63,66,57,56,58,63,67,66,59,60,55,60,55,61,64,62,65,59,56,49,52,57,59,60,58,58,55,66,62,56,65,60
59,60,55,63,53,61,62,60,59,61,66,66,51,61,61,58,62,61,62,65,57,56,58,63,67,65,58,60,55,60,56,60,64,62,65,59,56,49,52,57,59,60,57,57,55,65,61,56,64,59
58,59,55,62,53,61,62,59,59,61,65,65,51,61,61,58,61,61,62,65,57,56,58,62,66,65,58,60,55,59,56,60,63,62,64,59,56,49,52,57,58,60,57,57,55,65,60,56,64,59
58,58,56,61,53,60,61,58,58,60,64,64,51,61,61,58,60,60,61,64,56,56,57,62,66,64,58,59,55,59,56,59,62,62,63,58,56,50,52,56,58,60,57,57,55,65,60,55,64,58
58,57,56,61,52,59,60,58,58,60,64,64,51,61,61,58,60,59,60,63,56,55,57,61,65,63,58,59,55,59,55,59,62,61,63,58,55,49,51,56,57,59,57,57,55,65,59,55,63,57
58,57,55,61,52,59,60,58,58,59,64,63,51,60,60,58,60,59,60,63,56,55,57,60,64,63,57,59,55,59,55,59,61,60,63,57,55,49,51,55,57,59,56,56,54,64,58,55,63,57
58,57,55,60,52,59,60,58,57,59,63,63,51,60,60,58,60,58,59,63,56,54,57,59,63,63,57,58,54,58,54,59,60,60,63,56,55,49,52,55,56,58,56,56,54,63,58,55,62,57
57,57,55,60,52,59,60,57,57,58,63,62,51,60,60,57,59,58,58,62,55,54,57,59,63,63,56,58,54,58,54,58,60,59,62,56,55,50,52,55,55,58,56,56,54,63,57,55,61,56
57,57,55,60,51,58,59,57,57,58,63,62,51,59,60,57,58,57,58,61,55,54,56,59,63,62,56,58,54,58,54,58,59,59,62,55,54,50,52,55,55,58,56,56,54,63,57,55,61,56
56,57,55,59,51,58,59,56,57,58,62,61,51,59,59,56,58,57,58,61,55,53,56,58,62,62,56,58,54,58,54,58,59,59,61,55,55,50,52,54,55,58,56,56,54,62,57,55,61,56
56,56,55,58,51,57,58,55,56,58,61,61,51,58,58,56,58,57,57,61,55,53,56,58,62,61,56,58,54,58,54,58,59,59,61,55,55,50,52,54,55,58,56,56,55,62,57,55,61,56
55,56,55,58,51,57,58,55,56,57,61,61,51,58,58,56,58,57,57,60,55,53,56,58,62,61,56,58,54,58,54,58,59,59,60,55,55,50,52,54,55,58,56,56,55,62,57,55,60,56
55,56,55,58,51,57,58,55,56,57,61,61,52,58,58,56,58,56,57,60,55,53,56,58,62,61,56,58,54,59,54,57,59,59,60,55,55,50,53,54,55,58,56,56,55,62,57,55,60,56
55,56,55,58,52,57,58,55,56,57,61,61,52,58,58,56,58,56,57,60,55,53,56,58,62,61,56,58,54,59,54,58,59,59,60,55,55,51,52,54,55,58,56,56,55,62,57,55,60,56
55,56,55,58,52,56,58,55,56,57,61,61,52,58,58,56,58,56,57,60,55,53,56,58,62,60,56,58,54,59,54,58,59,59,60,55,55,51,51,54,55,58,56,56,55,62,57,56,60,56
55,56,55,58,52,56,57,55,56,57,61,61,53,57,58,56,58,56,57,60,55,53,56,58,62,60,56,58,54,59,54,58,59,59,60,55,56,51,51,54,55,58,56,57,56,62,57,56,60,56
55,56,55,58,52,56,57,55,56,58,61,61,53,57,58,56,58,56,57,60,55,53,56,58,62,60,56,58,55,59,54,58,59,59,60,55,56,52,50,54,55,58,57,57,56,62,57,56,61,56
55,56,55,57,52,56,57,55,56,58,61,61,53,56,58,56,58,56,57,60,55,54,56,58,62,60,57,59,55,60,55,58,59,59,60,55,56,52,50,54,55,59,57,57,56,62,57,56,61,56
55,56,56,57,53,56,57,55,56,58,61,61,53,56,58,56,58,56,57,60,55,54,56,58,62,60,57,59,55,60,55,58,59,59,60,55,56,53,50,54,56,59,57,57,57,62,57,56,61,57
56,56,56,55,53,56,57,56,56,58,60,62,54,55,58,57,58,56,58,60,56,54,56,59,62,60,57,59,55,60,55,58,59,59,60,56,57,53,50,54,56,59,57,58,57,62,57,57,61,57
56,57,56,54,53,55,57,56,57,58,60,62,54,55,58,57,57,57,58,60,56,54,57,59,62,60,57,59,56,60,56,59,59,60,60,56,57,53,50,53,56,59,57,58,57,61,58,57,61,57
56,57,57,54,54,55,57,56,57,59,60,62,55,54,59,57,56,57,58,60,56,55,57,59,62,60,57,60,56,60,56,59,59,60,60,56,58,54,49,53,56,60,58,58,58,61,58,57,61,57
56,57,57,54,54,55,57,56,57,59,61,62,55,53,59,58,56,57,58,61,56,55,57,59,62,61,58,60,56,60,56,59,60,60,60,56,58,54,49,53,57,60,58,59,58,61,58,58,62,58
56,57,57,54,54,55,58,56,57,59,61,62,55,53,59,58,55,57,58,61,57,55,57,59,62,61,58,60,57,61,57,60,60,60,61,57,58,55,49,53,57,60,58,59,58,60,58,58,62,58
57,57,58,53,55,55,58,57,57,59,61,62,56,52,60,58,55,58,59,61,57,56,57,60,62,61,58,61,57,61,57,60,60,61,61,57,59,55,49,53,57,61,59,59,59,60,59,58,62,58
57,57,58,53,55,54,58,57,58,60,61,62,56,52,60,59,55,58,59,61,57,56,57,60,63,61,58,61,57,61,57,60,61,61,61,58,59,55,49,53,57,61,59,60,59,60,59,59,61,58
57,58,59,52,56,53,58,57,58,60,61,62,57,52,60,59,54,58,59,61,58,56,57,60,63,62,59,61,57,60,58,61,61,61,61,58,60,54,48,53,57,61,59,60,60,59,59,59,61,59
58,58,59,52,56,54,58,58,58,60,61,63,57,51,60,59,54,59,60,61,58,56,57,60,63,62,59,62,57,60,58,61,61,61,62,58,60,54,48,53,57,62,60,61,60,59,60,59,61,59
58,58,59,52,57,53,59,58,58,61,62,63,58,51,59,58,54,59,60,62,58,56,56,60,63,62,59,62,57,60,57,61,62,62,62,59,60,54,48,52,57,62,60,60,59,58,60,60,61,59
58,58,60,51,57,53,59,58,59,61,62,63,58,51,59,58,53,59,60,62,59,55,56,60,64,62,60,62,58,60,58,61,62,62,62,59,60,54,48,52,57,61,61,61,59,58,60,60,60,60
59,59,60,51,58,52,59,59,59,62,62,63,59,51,58,59,53,60,61,62,59,56,56,60,65,65,60,63,57,60,58,60,62,62,63,60,59,54,48,52,57,61,61,61,59,59,61,61,60,60
59,59,61,51,58,52,60,59,59,62,62,63,59,51,58,59,53,60,61,62,60,55,56,60,65,66,60,62,57,60,58,59,62,63,62,60,60,55,48,53,56,60,61,60,60,59,61,61,60,61
59,59,61,51,59,53,60,60,59,63,62,64,60,51,59,59,53,60,62,62,60,55,56,60,65,66,61,61,58,60,59,58,62,63,63,61,60,55,48,53,56,59,62,60,60,59,61,62,59,61
60,60,62,51,59,52,61,60,60,64,62,66,60,51,59,59,53,60,62,62,61,55,56,59,64,66,62,60,58,60,59,58,62,63,63,63,59,56,47,53,56,59,62,61,61,59,62,62,60,62
60,60,63,51,60,52,61,60,60,63,62,66,61,51,59,60,53,61,62,63,63,54,56,58,64,67,63,61,59,59,60,59,62,64,63,63,59,57,47,53,57,60,63,61,61,59,62,62,60,62
61,60,64,51,60,51,61,61,61,62,62,66,62,51,59,60,54,61,63,63,64,55,56,58,64,67,63,61,59,59,60,59,63,64,63,63,60,57,47,54,57,60,63,61,61,59,63,62,60,63
61,61,64,51,61,51,62,61,61,62,63,66,65,51,60,61,54,61,63,63,64,55,57,58,64,67,64,61,59,59,61,59,63,64,63,64,60,57,48,54,57,60,63,61,62,60,65,62,60,63
61,61,64,52,62,51,63,62,61,62,63,66,65,51,60,60,55,62,63,63,66,56,56,59,65,68,64,62,60,59,61,60,63,65,64,66,60,58,48,54,58,61,64,62,62,60,67,63,61,63
62,61,64,52,63,51,64,62,61,62,64,67,65,51,61,61,55,63,62,64,66,56,55,59,65,68,66,62,60,60,60,60,64,65,63,66,60,58,48,55,58,61,64,62,62,60,68,63,61,63
62,61,64,52,64,51,64,62,62,63,64,67,68,51,61,61,56,63,63,64,66,56,56,59,65,69,66,63,60,60,60,60,64,65,64,66,60,58,48,55,58,61,64,63,63,60,69,63,62,67
62,62,63,53,66,52,64,63,61,63,64,67,68,51,61,61,56,63,63,64,67,56,56,59,65,69,66,63,60,61,60,60,65,66,64,67,60,58,49,55,58,62,64,63,63,59,69,64,62,67
64,62,64,53,66,52,62,63,62,63,64,68,67,51,60,61,56,63,63,64,67,56,56,59,65,69,66,63,60,61,60,59,65,66,64,67,59,58,49,55,57,62,64,63,63,59,69,64,62,67
64,63,63,53,67,52,61,64,62,64,64,68,66,51,60,61,56,64,64,65,68,56,56,58,66,69,66,63,60,61,61,59,65,66,64,67,60,58,49,56,57,61,64,63,62,58,69,64,62,66
64,63,64,53,67,53,61,64,62,64,65,68,69,51,61,61,57,64,64,65,68,56,57,58,66,69,67,62,59,61,61,59,65,65,64,67,59,58,49,56,57,61,64,62,62,58,70,64,62,66
64,62,63,53,67,53,61,64,62,64,65,68,68,51,61,61,57,64,64,65,67,56,57,58,66,69,67,61,59,61,61,58,65,65,64,67,59,57,50,56,57,61,64,62,61,57,69,64,62,66
64,62,63,54,66,53,60,64,62,64,64,68,68,51,61,61,57,64,63,65,67,57,57,58,66,69,67,61,59,60,61,58,65,65,64,67,59,57,50,56,57,60,64,61,60,57,69,64,61,66
64,62,63,54,66,53,60,64,62,63,63,68,68,51,60,61,57,63,63,64,67,57,57,58,65,69,67,60,60,59,61,57,63,65,64,67,59,57,50,54,58,60,63,60,59,57,69,64,60,66
64,61,63,54,66,53,60,64,62,63,63,68,68,51,61,61,57,63,63,64,67,57,57,58,65,69,67,60,60,59,61,57,62,65,64,67,59,57,50,53,58,60,62,59,59,56,68,64,59,66
64,61,63,54,66,53,61,64,62,63,63,68,68,51,61,61,57,63,63,65,67,57,57,58,65,69,67,60,60,58,61,57,62,65,64,67,59,57,50,53,58,60,61,59,59,56,67,64,59,66
63,60,63,54,64,53,61,64,62,63,63,67,68,51,61,61,58,63,63,64,67,57,57,58,64,69,67,59,60,57,60,56,62,65,64,67,59,56,50,53,58,60,61,58,59,56,67,64,58,65
63,60,63,55,64,53,61,64,62,62,62,67,67,51,61,61,58,63,63,64,67,57,57,58,64,68,67,59,60,57,60,56,62,64,63,66,59,56,49,53,58,60,61,58,58,56,66,63,57,65
62,60,61,55,62,53,61,62,60,60,61,65,66,51,61,61,58,62,61,62,65,57,56,58,63,67,65,59,60,56,60,55,61,64,63,65,59,56,49,52,58,59,60,58,58,56,66,62,57,65
61,59,60,55,62,53,60,61,59,59,61,65,65,51,61,61,58,62,60,62,64,57,56,58,63,66,64,58,60,55,60,55,61,63,62,64,59,56,49,52,57,59,60,57,58,55,65,61,56,65
61,59,60,55,61,53,60,61,59,59,61,64,65,51,61,61,58,62,60,61,64,57,56,58,62,66,64,58,60,55,60,56,60,63,62,64,58,56,49,52,57,58,60,57,57,55,65,61,56,64
61,58,59,55,61,53,60,61,59,59,60,64,64,51,61,61,58,61,60,61,64,56,56,58,62,65,64,58,60,55,59,56,60,62,62,63,58,56,49,52,57,58,60,57,57,55,65,60,55,64
60,58,58,56,60,52,59,60,58,58,60,63,64,51,61,61,58,60,59,60,63,56,56,57,61,65,63,58,59,55,59,56,59,62,62,63,58,55,50,51,56,58,59,57,57,55,65,60,55,63
60,58,57,56,60,52,59,60,58,58,60,63,64,51,61,61,58,60,59,60,63,56,55,57,61,65,63,58,59,55,59,55,59,61,61,62,57,55,49,51,56,57,59,57,57,55,65,59,55,63
59,57,57,55,60,52,58,59,57,58,59,63,63,51,60,60,58,60,58,59,62,56,55,57,60,64,62,57,59,55,58,55,59,61,60,62,57,55,49,51,55,57,59,56,56,54,64,58,55,62
59,57,57,55,59,52,58,59,57,57,59,62,63,51,59,60,58,59,58,59,62,56,54,57,59,63,62,57,58,54,58,54,59,60,60,61,56,55,49,52,55,56,58,56,56,54,63,58,55,62
58,57,57,55,59,51,58,59,56,57,58,62,62,51,59,59,57,59,58,58,62,55,54,57,59,63,62,56,58,54,58,54,58,60,59,61,55,54,49,52,55,55,58,56,56,54,63,57,55,61
58,56,57,55,59,51,57,58,56,57,58,62,62,51,59,59,57,58,57,58,61,55,54,56,59,63,61,56,58,54,58,54,58,59,59,61,55,54,50,52,54,55,58,56,56,54,63,57,55,61
58,56,56,55,58,51,57,58,56,57,58,61,61,51,59,59,56,58,57,58,61,55,53,56,58,62,61,56,58,54,58,54,58,59,59,61,55,54,50,52,54,55,58,56,56,54,62,57,55,61
57,56,56,55,58,51,57,58,55,56,58,61,61,51,58,58,56,58,57,57,61,55,53,56,58,62,61,56,58,54,58,54,58,59,59,61,55,55,50,52,54,55,58,56,56,55,62,57,55,61
57,55,56,55,58,51,57,58,55,56,57,61,61,51,58,58,56,58,57,57,60,55,53,56,58,62,61,56,58,54,58,54,57,59,59,60,55,55,50,52,54,55,58,56,56,55,62,57,55,60
57,55,56,55,58,51,57,58,55,56,57,61,61,52,58,58,56,58,56,57,60,55,53,56,58,62,61,56,58,54,58,54,57,59,59,60,54,55,50,53,54,55,58,56,56,55,62,57,55,60
57,55,56,55,58,52,57,58,55,56,57,62,61,52,58,58,56,58,56,57,60,55,53,56,58,62,61,56,58,54,59,54,58,59,59,60,55,55,51,52,54,55,58,56,56,55,62,57,55,60
57,55,56,55,58,52,56,58,55,56,57,62,61,52,58,58,56,58,56,57,60,55,53,56,58,62,60,56,58,54,59,54,58,59,59,60,55,55,51,51,54,55,58,56,56,55,62,57,56,60
57,55,56,55,58,52,56,57,55,56,57,61,61,53,57,58,56,58,56,57,60,55,53,56,58,62,60,56,58,54,59,54,58,59,59,60,55,56,51,51,54,55,58,56,57,56,62,57,56,60
57,55,56,55,58,52,56,57,55,56,58,61,61,53,57,58,56,58,56,57,60,55,53,56,58,62,60,56,58,55,59,54,58,59,59,60,55,56,52,50,54,55,58,57,57,56,62,57,56,61
57,55,56,55,57,52,56,57,55,56,58,61,61,53,56,58,56,58,56,57,60,55,54,56,58,62,60,57,59,55,60,55,58,59,59,60,55,56,52,50,54,55,59,57,57,56,62,57,56,61
57,55,56,56,57,53,56,57,55,56,58,61,61,53,56,58,56,58,56,57,60,55,54,56,58,62,60,57,59,55,60,55,58,59,59,60,55,56,53,50,54,56,59,57,57,57,62,57,56,61
57,56,56,56,55,53,56,57,56,56,58,61,62,54,55,58,57,58,56,58,60,56,54,56,59,62,60,57,59,55,60,55,58,59,59,60,56,57,53,50,54,56,59,57,58,57,62,57,57,61
57,56,57,56,54,53,55,57,56,57,58,60,62,54,55,58,57,57,57,58,60,56,54,57,59,62,60,57,59,56,60,56,59,59,60,60,56,57,53,50,54,56,59,57,58,57,62,58,57,61
58,56,57,57,54,54,55,57,56,57,59,60,62,55,54,59,57,56,57,58,60,56,55,57,59,62,60,57,60,56,60,56,59,60,60,60,56,58,54,49,53,56,60,58,58,58,61,58,57,61
58,56,57,57,54,54,55,57,56,57,59,61,62,55,53,59,58,56,57,58,61,56,55,57,59,62,61,58,60,56,60,56,59,60,60,60,57,58,54,49,53,57,60,58,59,58,62,58,58,62
58,56,57,57,54,54,55,58,56,57,59,61,62,55,53,59,58,55,57,58,61,57,55,57,59,62,61,58,60,57,61,57,60,60,60,61,57,58,55,49,53,57,60,58,59,58,61,59,58,62
58,57,57,58,53,55,55,58,57,57,59,61,62,56,52,60,58,55,58,59,61,57,56,57,60,62,61,58,61,57,61,57,60,60,61,61,57,59,55,49,53,57,61,59,59,59,61,59,58,62
59,57,57,58,53,55,54,58,57,58,60,61,62,56,52,60,59,55,58,59,61,57,56,57,60,63,61,58,61,57,61,57,60,61,61,61,58,59,55,49,53,57,61,59,60,59,61,59,59,63
59,57,58,59,52,56,53,58,57,58,60,61,62,57,52,60,59,54,58,59,61,58,56,57,60,63,62,59,61,57,61,58,61,61,61,61,58,60,55,48,53,57,61,59,60,60,61,59,59,62
59,58,58,59,52,56,54,58,58,58,60,61,63,57,51,60,59,54,59,60,61,58,56,57,60,63,62,59,62,57,60,58,61,61,61,62,58,60,54,48,53,57,62,60,61,60,60,60,59,62
59,58,58,59,52,57,53,59,58,58,61,62,63,58,51,60,58,54,59,60,62,59,56,56,60,63,62,59,62,57,61,57,61,62,62,62,59,61,54,48,52,57,62,60,61,60,60,60,60,62
60,58,58,60,52,57,53,59,58,59,61,62,63,58,51,59,59,53,59,60,62,59,55,56,60,64,62,60,62,58,61,58,62,62,62,62,59,61,55,48,52,57,62,61,61,61,60,60,60,62
60,59,59,60,51,58,53,59,59,59,62,62,63,59,51,58,59,54,60,61,62,59,56,56,60,66,65,60,63,57,61,58,61,62,62,63,60,61,55,48,52,57,62,61,63,61,60,61,61,62
60,59,59,61,51,58,52,60,59,59,62,63,63,59,51,58,59,54,60,61,62,60,55,56,60,67,67,60,64,57,60,59,61,63,63,62,60,62,55,48,53,56,62,61,62,62,60,61,61,62
60,59,59,61,51,59,53,60,60,59,63,63,64,60,51,59,59,53,60,62,63,60,55,56,60,67,68,61,63,58,60,59,60,63,63,63,61,62,56,48,53,57,61,62,62,62,59,61,62,61
60,60,60,62,51,59,52,61,60,60,64,63,66,60,52,59,60,53,61,62,63,61,55,56,59,66,68,62,62,58,60,60,60,63,63,63,63,61,56,47,53,56,61,62,63,63,59,62,63,62
60,60,60,63,51,60,52,61,60,60,64,63,66,61,52,59,60,54,61,62,63,63,55,56,58,67,69,63,63,59,59,60,61,64,64,63,63,61,57,47,53,57,62,64,63,63,60,62,64,62
60,61,60,64,51,60,51,61,61,61,64,64,66,62,51,60,60,54,61,63,64,64,55,56,58,66,69,63,63,59,59,60,61,64,64,63,63,62,57,48,54,57,62,65,63,63,60,63,64,62
59,61,61,64,52,61,51,62,61,61,64,64,66,65,51,60,61,55,61,65,65,64,55,57,59,67,70,64,64,59,59,61,61,64,64,64,64,62,58,48,54,57,63,64,64,63,60,65,64,63
59,61,61,65,52,62,51,63,62,61,64,64,69,65,51,60,61,55,62,66,65,66,56,56,59,67,70,64,64,60,60,61,61,64,66,64,66,61,58,48,55,58,63,64,64,63,60,67,65,63
60,62,61,66,52,63,51,64,62,61,65,65,69,65,51,61,61,55,63,65,66,66,56,55,59,67,70,66,64,60,60,60,61,64,66,64,68,61,58,48,55,58,63,64,64,63,60,70,65,63
60,62,61,66,53,64,52,64,62,62,65,65,69,69,51,61,61,56,63,65,66,66,56,56,59,67,70,66,63,60,60,60,61,65,66,64,68,60,58,49,55,58,63,64,65,63,60,69,65,63
61,62,62,65,53,67,52,64,63,61,65,65,69,68,51,61,61,56,63,65,66,69,56,56,59,67,71,66,64,60,61,60,60,65,66,64,68,60,59,49,55,58,63,64,65,63,59,69,66,63
61,64,62,66,53,67,52,62,63,62,65,65,70,67,51,60,61,56,63,65,66,69,57,56,59,67,71,66,63,60,61,61,59,65,66,64,68,60,58,49,55,58,62,64,64,63,59,71,66,63
61,64,63,65,53,67,52,61,64,62,66,64,70,66,51,60,61,57,64,65,67,69,56,57,59,68,71,66,63,60,61,61,59,65,66,64,69,60,58,49,56,57,62,64,63,63,59,71,66,63
61,64,63,65,53,68,53,61,64,62,65,65,69,69,51,61,61,57,64,65,66,69,56,57,58,67,70,67,62,59,61,61,59,65,65,64,68,59,58,49,56,57,61,64,62,62,58,70,65,62
61,64,63,64,53,68,53,61,65,62,65,65,69,69,51,61,61,57,64,64,66,68,57,57,58,67,70,68,61,59,61,61,58,65,65,64,68,59,57,50,56,57,61,64,62,61,57,70,65,62
61,64,62,64,54,67,53,60,65,62,64,64,68,68,51,60,61,57,64,64,65,68,57,57,58,66,69,68,61,59,60,61,58,65,65,64,67,59,57,50,56,57,60,64,61,60,57,69,64,61
60,64,62,63,54,66,53,60,64,62,63,63,67,68,51,60,61,57,63,63,64,67,57,57,58,65,69,67,60,60,59,61,57,63,65,64,67,59,57,50,54,57,60,63,60,59,57,69,64,60
60,63,61,62,54,65,53,60,63,61,63,63,67,67,51,61,61,57,63,62,64,66,57,57,58,65,68,66,60,60,59,61,57,62,65,64,66,59,57,50,53,58,60,62,59,59,56,68,63,59
60,63,61,62,54,65,53,61,63,61,62,63,67,67,51,61,61,57,63,62,63,66,57,56,58,64,68,66,59,60,58,60,57,62,65,64,66,59,57,50,53,58,60,61,59,59,56,67,63,59
60,63,60,62,54,63,53,61,63,61,62,62,66,66,51,61,61,57,63,62,63,66,57,56,58,64,67,66,59,60,57,60,56,62,64,63,65,59,56,49,53,58,60,61,58,59,56,67,62,58
59,62,60,61,55,62,53,61,62,60,61,61,65,65,51,61,61,58,62,61,62,65,57,56,58,63,66,65,59,60,57,60,56,62,63,63,64,59,56,49,52,58,59,61,58,58,56,66,61,57
58,61,59,60,55,61,53,60,61,59,60,61,64,65,51,61,61,58,61,60,61,64,57,56,58,62,66,64,59,60,56,60,55,61,63,63,63,58,56,49,52,58,59,60,58,58,56,66,60,57
58,61,59,60,55,61,53,60,61,59,59,61,64,64,51,61,61,58,61,60,61,64,57,56,58,62,65,64,58,60,55,60,55,61,62,62,63,58,56,49,52,57,58,60,57,58,55,65,60,56
57,60,58,59,55,60,53,59,60,58,59,60,63,64,51,61,61,58,60,59,60,63,57,56,58,61,65,63,58,60,55,59,56,60,61,61,62,57,56,49,52,57,57,60,57,57,55,65,59,56
57,60,58,59,55,60,53,59,60,58,58,60,63,63,51,60,60,58,60,59,60,63,56,56,58,61,64,63,58,59,55,59,56,60,61,61,62,57,56,49,51,57,57,60,57,57,55,65,59,55
56,59,58,58,55,60,52,59,60,57,58,60,63,63,51,60,60,58,60,59,60,63,56,55,57,61,64,63,58,59,55,59,55,59,61,61,62,57,55,49,51,56,57,59,57,57,55,64,59,55
56,59,57,57,56,60,52,58,59,57,58,60,63,63,51,60,60,58,60,58,60,62,56,55,57,60,64,62,58,59,55,59,55,59,61,61,62,57,55,49,51,56,57,59,57,57,55,64,59,55
56,59,57,57,55,60,52,58,59,57,57,59,63,63,51,60,60,58,60,58,59,62,56,55,57,60,64,62,57,59,55,58,55,59,61,60,62,57,55,49,51,55,57,59,56,56,54,64,58,55
55,59,57,57,55,59,52,58,59,57,57,59,62,63,51,60,60,58,60,58,59,62,56,54,57,59,63,62,57,58,54,58,54,59,60,60,62,56,55,49,52,55,56,58,56,56,54,63,58,55
55,59,57,57,55,59,51,58,59,57,57,58,62,62,51,59,60,57,59,58,58,62,55,54,57,59,63,62,56,58,54,58,54,58,60,59,61,55,54,49,52,55,55,58,56,56,54,63,57,55
55,59,56,57,55,59,51,58,59,57,57,58,62,62,51,59,59,57,58,57,58,61,55,54,56,59,63,62,56,58,54,58,54,58,59,59,61,55,54,50,52,54,55,58,56,56,54,63,57,55
54,58,56,56,55,58,51,57,58,56,57,58,61,61,51,59,59,56,58,57,58,61,55,53,56,58,62,61,56,58,54,58,54,58,59,59,61,55,54,50,52,54,55,58,56,56,54,62,57,55
54,57,56,56,55,58,51,57,58,55,56,57,61,61,51,58,58,56,58,57,57,61,55,53,56,58,62,61,56,58,54,58,54,58,59,59,61,55,55,50,52,54,55,58,56,56,55,62,57,55
54,57,55,56,55,58,51,57,58,55,56,57,61,61,51,58,58,56,58,57,57,60,55,53,56,58,62,61,56,58,54,58,54,57,59,59,60,55,55,50,52,54,55,58,56,56,55,62,57,55
54,57,55,56,55,58,51,57,58,55,56,57,61,61,52,58,58,56,58,56,57,60,55,53,56,58,62,61,56,58,54,58,54,57,59,59,60,54,55,50,53,54,55,58,56,56,55,62,57,55
54,57,55,56,55,58,52,57,58,55,56,57,61,61,52,58,58,56,58,56,57,60,55,53,56,58,62,61,56,58,54,59,54,57,59,59,60,55,55,51,52,54,55,58,56,56,55,62,57,55
54,57,55,56,55,58,52,56,58,55,56,57,61,61,52,58,58,56,58,56,57,60,55,53,56,58,62,60,56,58,54,59,54,58,59,59,60,55,55,51,51,54,55,58,56,56,55,62,57,56
55,57,55,56,55,58,52,56,57,55,56,57,61,61,52,57,58,56,58,56,57,60,55,53,56,58,62,60,56,58,54,59,54,58,59,59,60,55,56,51,51,54,55,58,56,57,56,62,57,56
55,57,55,56,55,58,52,56,57,55,56,58,61,61,53,57,58,56,58,56,57,60,55,53,56,58,62,60,56,58,55,59,54,58,59,59,60,55,56,52,50,54,55,58,57,57,56,62,57,56
55,57,55,56,55,57,52,56,57,55,56,58,61,61,53,56,58,56,58,56,57,60,55,54,56,58,62,60,57,59,55,60,55,58,59,59,60,55,56,52,50,54,55,59,57,57,56,62,57,56
55,57,55,56,56,57,53,56,57,55,56,58,61,61,53,56,58,56,58,56,57,60,55,54,56,58,62,60,57,59,55,60,55,58,59,59,60,55,56,53,50,54,56,59,57,57,57,62,57,56
55,57,56,56,56,55,53,56,57,56,56,58,60,62,54,55,58,57,58,56,58,60,56,54,56,59,62,60,57,59,55,60,55,58,59,59,60,56,57,53,50,54,56,59,57,58,57,62,57,57
55,57,56,57,56,54,53,55,57,56,57,58,60,62,54,55,58,57,57,57,58,60,56,54,57,59,62,60,57,59,56,60,56,59,59,60,60,56,57,53,50,54,56,59,57,58,57,62,58,57
55,58,56,57,57,54,54,55,57,56,57,59,60,62,55,54,59,57,56,57,58,60,56,55,57,59,62,60,57,60,56,60,56,59,59,60,60,56,58,54,49,53,56,60,58,58,58,61,58,57
56,58,56,57,57,54,54,55,57,56,57,59,61,62,55,53,59,58,56,57,58,61,56,55,57,59,62,61,58,60,56,60,56,59,60,60,60,57,58,54,49,53,57,60,58,59,58,62,58,58
56,58,56,57,57,54,54,55,58,56,57,59,61,62,55,53,59,58,55,57,58,61,57,55,57,59,62,61,58,60,57,61,57,60,60,60,61,57,58,55,49,53,57,60,58,59,58,61,58,58
56,58,57,57,58,53,55,55,58,57,57,59,61,62,56,52,60,58,55,58,59,61,57,56,57,60,62,61,58,61,57,61,57,60,60,61,61,57,59,55,49,53,57,61,59,59,59,61,59,58
57,59,57,57,58,53,55,54,58,57,58,60,61,62,56,52,60,59,55,58,59,61,57,56,57,60,63,61,58,61,57,61,57,60,61,61,61,58,59,55,49,53,57,61,59,60,59,61,59,59
57,59,57,58,59,52,56,53,58,57,58,60,61,62,57,52,60,59,54,58,59,61,58,56,57,60,63,62,59,61,57,61,58,61,61,61,61,58,60,55,48,53,57,61,59,60,60,60,59,59
57,59,58,58,59,52,56,54,58,58,58,60,61,63,57,51,60,59,54,59,60,61,58,56,57,60,63,62,59,62,57,60,58,61,61,61,62,58,60,54,48,53,57,62,60,61,60,60,60,59
58,59,58,58,59,52,57,53,59,58,58,61,62,63,58,51,60,58,54,59,60,62,58,56,56,60,63,62,59,62,57,61,57,61,62,62,62,59,61,54,48,52,57,62,60,61,60,59,60,60
58,60,58,58,60,52,57,53,59,58,59,61,62,63,58,51,59,59,53,59,60,62,59,55,56,60,64,62,60,62,58,61,58,62,62,62,62,59,61,55,48,52,57,62,61,61,61,60,60,60
59,60,59,59,60,51,58,53,59,59,59,62,62,63,59,51,58,59,54,60,61,62,59,56,56,60,66,65,60,63,57,61,58,61,62,62,63,60,61,54,48,52,57,62,61,63,61,60,61,61
59,60,59,59,61,51,58,52,60,59,59,62,63,63,59,51,58,59,54,60,61,62,60,55,56,60,67,67,60,64,57,60,59,60,63,63,62,60,61,55,48,53,56,61,61,62,61,60,61,61
59,60,59,59,61,51,59,53,60,60,59,63,63,64,60,51,59,59,53,60,62,63,60,55,56,60,66,68,61,62,58,60,59,60,63,63,63,61,61,56,48,53,57,61,62,62,62,59,61,62
60,60,60,60,62,51,59,52,61,60,60,64,63,66,60,52,59,60,53,61,62,63,61,55,56,59,66,68,62,62,58,60,60,60,63,63,63,63,61,56,47,53,56,61,62,62,62,59,62,63
60,60,60,60,63,51,60,52,61,60,60,64,63,66,61,52,59,60,54,61,62,63,63,55,56,58,66,68,63,62,59,59,60,60,64,64,63,63,61,57,47,53,57,61,64,62,63,60,62,64
61,60,61,60,64,51,60,51,61,61,61,64,64,66,62,51,60,60,54,61,63,64,64,55,56,58,66,69,63,63,59,59,60,61,64,64,63,63,61,57,48,54,57,62,65,63,63,60,63,64
61,59,61,61,64,52,61,51,62,61,61,64,64,66,65,51,60,61,55,61,65,65,64,55,57,59,66,69,64,63,59,59,61,61,64,64,64,64,62,57,48,54,57,62,64,63,63,60,65,64
61,59,62,61,65,52,61,51,64,62,61,64,64,68,65,52,60,61,55,62,65,65,66,56,57,59,67,70,64,64,60,60,61,61,64,66,64,66,61,58,48,55,58,63,65,64,63,60,67,65
61,60,62,61,66,52,63,51,64,62,62,65,65,69,65,52,61,61,56,64,65,66,66,56,56,59,67,70,66,64,60,60,61,61,65,66,64,68,61,59,49,55,58,63,65,64,63,60,70,65
61,60,62,61,66,53,64,52,64,62,62,65,65,69,69,51,61,61,56,63,65,66,66,56,56,59,67,71,66,64,60,60,60,61,65,66,64,68,60,58,49,55,58,63,64,65,63,60,69,66
61,61,62,62,66,53,67,52,64,63,62,65,65,70,68,51,61,61,56,63,65,66,69,57,56,59,67,71,66,64,60,61,61,60,65,66,64,68,60,59,49,55,58,63,64,65,63,59,69,66
61,61,64,62,66,53,67,52,62,63,62,66,65,70,67,51,60,61,56,63,66,67,70,57,56,59,68,71,66,63,60,61,61,60,65,66,64,68,60,58,49,55,58,62,64,64,63,59,71,66
61,61,64,63,66,53,67,53,62,64,62,66,65,71,66,52,61,61,57,64,66,67,70,57,57,59,68,71,66,63,60,61,61,59,65,66,64,69,60,58,49,56,57,62,64,63,63,59,71,66
61,61,64,63,66,53,68,53,61,64,62,66,65,71,70,52,61,61,57,64,66,67,70,57,57,58,68,72,67,62,60,61,61,59,65,66,64,70,60,58,50,56,57,61,64,63,62,58,70,66
61,61,64,63,66,54,70,53,61,67,63,67,65,71,70,52,61,62,57,64,67,68,71,57,57,58,69,72,70,62,59,61,61,58,65,65,64,70,59,57,50,56,57,61,64,62,61,58,70,66
60,61,64,63,66,54,70,53,61,68,63,66,64,71,70,51,61,62,57,64,67,68,71,57,57,59,69,72,70,61,60,60,61,58,65,65,64,70,59,57,50,56,57,61,64,61,60,57,69,66
59,61,64,62,67,54,70,53,61,68,63,66,64,71,69,51,61,61,57,64,67,68,69,57,57,59,66,72,71,60,60,60,61,58,64,65,64,70,59,57,50,54,58,61,63,60,60,57,69,66
59,61,64,62,67,54,70,54,61,68,63,65,64,71,69,51,61,61,57,63,66,67,68,57,57,59,65,72,70,60,60,60,61,57,62,65,64,70,59,57,50,54,58,60,62,59,59,57,68,65
59,61,64,61,67,54,70,54,61,68,63,65,63,71,68,52,61,61,58,63,66,66,68,57,57,58,65,72,70,60,60,58,61,57,62,65,64,70,59,57,50,53,58,60,61,59,59,56,68,65
58,61,64,61,66,55,68,53,61,67,63,65,63,71,68,51,61,61,58,63,65,65,67,58,57,58,65,71,69,60,60,57,60,56,62,65,64,70,59,57,50,53,58,60,61,59,59,56,67,65
57,60,63,60,63,55,67,53,61,66,62,62,62,70,68,51,61,61,58,63,64,64,67,58,57,58,64,70,68,59,60,57,60,56,62,64,64,69,59,56,50,53,58,60,61,58,58,56,66,65
56,59,62,60,62,55,66,53,61,65,61,60,61,69,67,51,61,61,58,62,64,64,66,57,57,58,64,70,67,59,61,56,60,56,61,64,63,68,59,56,50,53,58,59,61,58,58,56,66,64
56,58,62,60,61,55,65,53,61,65,60,60,61,68,67,51,61,61,58,62,63,63,66,57,57,58,63,69,67,59,61,55,60,56,61,64,62,67,59,56,49,52,58,59,60,58,58,56,66,62
55,57,62,59,60,55,64,53,61,63,60,59,61,67,66,51,61,61,58,62,63,63,65,57,56,58,63,68,66,58,60,55,60,56,60,64,62,66,59,56,49,52,57,59,60,58,57,55,65,61
55,57,61,58,59,55,62,53,61,62,59,59,61,65,65,51,61,61,58,61,61,62,65,56,56,58,62,66,65,58,60,55,59,56,60,63,62,64,59,56,49,52,57,58,60,57,57,55,65,60
54,56,60,58,58,56,60,52,59,60,58,58,60,63,64,51,61,61,58,60,59,60,63,56,56,57,61,65,63,58,59,55,59,55,59,62,62,63,57,55,50,51,56,58,59,57,57,55,65,60
54,55,58,56,57,55,58,52,57,58,56,57,58,61,62,51,59,59,57,59,57,58,61,56,54,57,59,63,61,57,59,55,59,55,59,60,60,61,56,55,49,51,55,56,59,57,56,55,63,58
53,54,57,55,56,55,57,51,56,57,55,56,57,60,61,51,58,58,56,58,56,57,60,55,53,56,58,62,60,56,58,54,58,54,57,59,59,60,55,54,49,51,54,55,58,56,56,54,62,57
53,54,57,55,56,55,57,51,56,57,55,56,57,60,61,51,58,58,56,58,56,57,60,55,53,56,58,62,60,56,58,54,58,54,57,59,59,60,55,54,49,51,54,55,58,56,56,54,62,57
53,54,57,55,56,55,57,51,56,57,55,56,57,60,61,51,58,58,56,58,56,57,60,55,53,56,58,62,60,56,58,54,58,54,57,59,59,60,55,54,49,52,54,55,58,56,56,54,62,57
53,54,57,55,56,55,57,51,56,57,55,56,57,60,61,51,58,58,56,58,56,57,60,55,53,56,58,62,60,56,58,54,58,54,57,59,59,60,55,54,50,52,54,55,58,56,56,54,62,57
53,54,57,55,56,55,57,51,56,57,55,56,57,60,61,51,58,58,56,58,56,57,60,55,53,56,58,62,60,56,58,54,58,54,57,59,59,60,55,54,50,52,54,55,58,56,56,54,62,57
53,54,57,55,56,55,57,51,56,57,55,56,57,60,61,51,58,58,56,58,56,57,60,55,53,56,58,62,60,56,58,54,58,54,57,59,59,60,55,55,50,52,54,55,58,56,56,55,62,57
53,54,57,55,56,55,57,51,56,57,55,56,57,60,61,51,58,58,56,58,56,57,60,55,53,56,58,62,60,56,58,54,58,54,57,59,59,60,55,55,50,52,54,55,58,56,56,55,62,57
53,54,57,55,56,55,57,51,56,57,55,56,57,60,61,52,58,58,56,58,56,57,60,55,53,56,58,62,60,56,58,54,58,54,57,59,59,60,55,55,50,53,54,55,58,56,56,55,62,57
53,54,57,55,56,55,57,52,56,57,55,56,57,60,61,52,58,58,56,58,56,57,60,55,53,56,58,62,60,56,58,54,59,54,58,59,59,60,55,55,51,52,54,55,58,56,56,55,62,57
53,54,57,55,56,55,57,52,56,57,55,56,57,60,61,52,57,58,56,58,56,57,60,55,53,56,58,62,60,56,58,54,59,54,58,59,59,60,55,55,51,51,54,55,58,56,56,55,62,57
53,55,57,55,56,55,57,52,56,57,55,56,57,60,61,53,57,58,56,58,56,57,60,55,53,56,58,62,60,56,58,54,59,54,58,59,59,60,55,56,51,51,54,55,58,56,57,56,62,57
53,55,57,55,56,55,57,52,56,57,55,56,58,60,61,53,57,58,56,58,56,57,60,55,53,56,58,62,60,56,58,55,59,54,58,59,59,60,55,56,52,50,54,55,58,57,57,56,62,57
53,55,57,55,56,56,57,52,56,57,55,56,58,60,61,53,56,58,56,58,56,57,60,55,54,56,58,62,60,57,59,55,60,55,58,59,59,60,55,56,52,50,54,55,59,57,57,56,62,57
53,55,57,55,56,56,57,53,56,57,55,56,58,60,61,53,55,58,56,58,56,57,60,55,54,56,58,62,60,57,59,55,60,55,58,59,59,60,55,56,53,50,54,56,59,57,57,57,62,57
54,55,57,55,56,56,55,53,56,57,56,56,58,60,62,54,55,58,57,58,56,58,60,56,54,56,59,62,60,57,59,55,60,55,58,59,59,60,56,57,53,50,54,56,59,57,58,57,61,57
54,55,57,56,56,56,54,53,55,57,56,57,58,60,62,54,54,58,57,57,57,58,60,56,54,56,59,62,60,57,59,56,60,56,59,59,60,60,56,57,53,49,53,56,59,57,58,57,60,58
54,55,58,56,57,57,54,54,55,57,56,57,59,60,62,55,53,59,57,56,57,58,60,56,55,57,59,62,60,57,60,56,60,56,59,60,60,60,56,58,54,49,53,56,60,58,58,58,59,58
54,56,58,56,57,57,54,54,55,57,56,57,59,60,62,55,53,59,58,56,57,58,60,56,55,57,59,62,61,58,60,56,60,56,59,60,60,60,57,58,54,49,53,57,60,58,59,58,59,58
55,56,58,56,57,57,54,54,55,58,56,57,59,61,62,55,53,59,58,55,57,58,61,57,55,57,59,62,61,58,60,57,60,57,60,60,60,61,57,58,55,49,53,57,60,58,59,58,59,58
55,56,58,57,57,58,53,55,54,58,57,57,60,61,62,56,52,60,58,54,58,59,61,57,56,57,60,62,61,58,61,57,60,57,59,60,61,61,57,59,55,48,53,57,61,59,59,59,58,59
55,57,58,57,57,58,52,55,54,58,57,58,60,61,62,56,52,60,59,54,58,59,61,57,56,57,60,62,61,58,61,57,59,57,58,61,61,61,58,59,55,48,53,57,61,59,59,59,57,59
55,57,59,57,58,59,52,56,53,58,57,58,60,61,62,57,51,60,59,54,58,59,61,58,56,57,60,62,62,59,61,57,58,58,58,60,61,61,58,58,54,48,53,57,60,59,59,58,57,59
56,57,59,58,58,59,52,56,53,58,58,58,60,61,63,57,51,59,58,54,59,60,61,58,56,57,60,61,62,59,60,56,57,58,58,60,61,62,58,58,54,48,53,57,60,58,58,57,56,60
56,58,59,58,58,59,51,57,53,59,58,58,61,61,63,58,51,59,58,54,59,60,61,58,55,56,59,61,62,59,60,57,57,57,58,60,62,61,59,57,54,48,52,57,59,58,58,56,55,60
57,58,58,58,58,60,51,57,52,59,58,59,61,60,63,58,51,58,58,53,59,60,59,59,55,55,59,61,62,60,60,57,57,57,58,60,61,61,59,56,54,47,52,57,58,58,58,56,55,60
57,59,58,59,58,60,51,57,52,59,59,59,60,59,62,59,51,58,58,53,59,60,59,59,55,55,58,61,62,60,59,57,57,58,56,59,60,61,60,56,54,47,52,56,57,58,58,56,55,61
57,59,57,59,58,60,50,58,52,59,59,58,60,58,62,59,50,58,59,53,59,60,59,60,55,56,58,61,62,60,58,57,56,58,55,58,59,59,60,56,54,48,52,55,56,58,56,56,55,61
58,58,57,59,58,60,51,58,52,59,59,59,60,57,62,60,51,58,59,52,60,59,58,60,55,56,58,61,62,60,57,57,56,59,54,58,59,59,60,56,55,47,52,55,55,58,56,56,54,61
58,57,56,59,57,59,51,59,52,59,60,58,59,58,61,60,51,58,59,53,60,59,58,61,54,55,57,60,62,60,56,58,55,59,54,58,59,59,60,55,55,47,52,54,55,58,56,56,55,62
59,57,56,59,57,59,50,60,51,59,59,58,59,58,62,61,51,58,59,53,59,59,58,61,54,55,56,60,62,61,56,58,54,59,54,58,59,59,60,55,55,47,52,54,55,59,56,56,55,62
59,57,56,59,57,59,51,60,51,59,59,58,57,58,61,61,50,58,59,54,59,59,58,61,54,56,56,59,62,61,56,58,54,60,54,58,59,59,60,55,55,47,52,55,55,59,56,57,55,62
59,55,55,60,57,59,51,60,51,59,59,57,57,58,61,62,51,59,59,54,59,58,58,61,55,56,57,60,63,61,57,59,55,60,55,58,60,60,61,55,55,47,52,55,56,59,57,57,55,63
60,55,56,60,57,59,51,60,50,59,58,57,57,59,62,62,51,59,59,54,59,59,58,61,55,56,57,60,63,61,57,59,55,60,55,59,60,60,61,56,56,48,53,55,56,59,57,57,56,63
61,54,56,59,57,59,52,61,51,59,59,57,58,59,62,62,51,59,59,55,59,58,59,62,56,55,57,60,63,62,57,59,55,60,55,59,60,60,61,56,56,48,53,55,56,59,57,57,56,63
61,55,56,59,58,59,52,61,51,60,59,58,58,59,62,63,51,59,60,55,59,58,59,62,56,55,57,60,63,62,57,59,56,60,55,59,60,60,61,56,56,48,53,56,56,60,58,58,56,64
62,55,56,59,58,58,52,61,51,60,59,57,58,59,62,63,51,60,60,56,60,58,59,62,56,55,58,60,64,62,58,59,56,60,56,59,61,61,62,56,56,48,54,56,57,60,58,58,56,64
62,55,57,59,57,59,53,62,52,59,59,57,59,60,63,63,51,60,60,56,60,59,60,62,56,55,58,61,64,62,58,60,56,60,56,60,61,61,62,57,57,48,54,56,57,60,58,58,57,64
62,56,57,60,58,59,53,62,52,59,60,58,59,60,63,64,51,60,61,56,61,59,60,63,56,56,58,61,65,63,59,59,57,60,57,60,62,62,63,57,57,49,54,57,58,61,59,59,57,65
63,56,57,60,58,59,53,62,52,59,60,58,59,60,63,64,51,60,61,56,61,59,60,63,56,56,58,61,65,63,59,59,57,61,57,61,62,62,63,58,57,49,55,57,58,61,59,59,57,65
63,56,58,60,58,59,53,62,53,59,60,58,59,61,64,64,51,60,61,56,61,59,60,63,56,56,58,61,65,63,59,59,57,61,57,61,62,62,63,58,57,49,55,57,58,61,59,59,57,65
63,56,58,61,59,60,54,63,53,60,61,58,60,61,64,64,51,60,61,57,61,60,61,64,56,57,58,62,65,64,59,59,57,61,57,61,62,62,63,58,57,50,55,57,58,61,59,59,57,65
63,57,58,61,59,60,54,63,53,60,61,59,60,61,64,64,51,60,61,57,61,60,61,64,57,57,58,62,65,64,59,60,58,60,57,61,62,62,63,58,57,50,54,57,58,61,59,59,56,66
63,57,58,61,59,60,54,63,53,60,61,59,60,61,64,65,51,60,61,57,62,60,61,64,57,56,58,62,66,64,60,60,58,60,57,61,63,63,64,58,57,50,53,58,59,62,59,59,56,66
64,57,59,61,59,60,54,63,53,60,61,59,60,62,65,65,51,61,61,57,62,60,61,64,57,56,58,62,66,64,59,60,57,60,57,62,63,63,64,59,56,50,53,58,59,61,59,59,56,66
64,57,58,61,59,60,54,61,53,60,61,59,60,61,65,65,51,61,61,57,62,60,61,64,57,56,58,62,66,64,59,60,57,60,56,62,63,63,64,59,56,49,53,58,59,61,58,59,56,66
63,57,58,61,59,60,55,61,53,60,61,59,60,61,64,65,51,61,61,58,62,60,61,64,57,56,58,62,66,64,59,60,57,60,56,61,63,63,64,58,56,49,52,58,59,61,58,58,56,66
63,56,58,61,59,60,55,61,53,60,61,59,60,61,64,64,51,61,61,58,61,60,61,64,57,56,58,62,65,64,59,60,56,60,55,61,62,62,63,58,56,49,52,58,58,60,58,58,56,65
63,55,57,60,58,59,55,61,53,59,60,58,59,60,64,64,51,61,61,58,61,59,60,63,57,56,58,61,65,63,58,60,55,60,55,61,62,62,63,58,56,49,52,57,58,60,57,58,55,65
62,55,57,60,58,59,55,60,53,59,60,58,59,60,63,64,51,61,61,58,61,59,60,63,57,56,58,61,65,63,58,60,55,59,56,60,62,62,63,57,56,49,52,57,58,60,57,57,55,65
62,55,57,60,58,59,55,60,53,59,60,58,58,60,63,64,51,60,61,58,60,59,60,63,56,56,58,61,64,63,58,59,55,59,56,60,61,61,62,57,56,49,51,57,57,60,57,57,55,65
62,54,56,59,57,58,55,59,52,58,59,57,58,59,62,63,51,60,60,58,60,58,59,62,56,55,57,60,64,62,58,59,55,59,55,59,61,61,62,57,55,49,51,56,57,59,57,57,55,64
61,54,55,58,56,57,55,58,52,57,58,56,57,58,61,62,51,59,59,57,59,57,58,61,56,54,57,59,63,61,57,59,55,59,55,59,60,60,61,56,55,49,51,55,56,59,57,56,55,63
60,53,55,57,55,56,55,58,52,56,57,55,57,58,61,61,51,58,58,56,58,56,58,60,55,53,56,59,62,60,56,58,54,58,54,58,59,59,60,55,55,49,51,54,55,58,56,56,54,62
60,53,54,57,55,56,55,57,51,56,57,55,56,57,60,61,51,58,58,56,58,56,57,60,55,53,56,58,62,60,56,58,54,58,54,57,59,59,60,55,54,49,51,54,55,58,56,56,54,62
60,53,54,57,55,56,55,57,51,56,57,55,56,57,60,61,51,58,58,56,58,56,57,60,55,53,56,58,62,60,56,58,54,58,54,57,59,59,60,55,54,49,52,54,55,58,56,56,54,62
60,53,54,57,55,56,55,57,51,56,57,55,56,57,60,61,51,58,58,56,58,56,57,60,55,53,56,58,62,60,56,58,54,58,54,57,59,59,60,55,54,50,52,54,55,58,56,56,54,62
60,53,54,57,55,56,55,57,51,56,57,55,56,57,60,61,51,58,58,56,58,56,57,60,55,53,56,58,62,60,56,58,54,58,54,57,59,59,60,55,54,50,52,54,55,58,56,56,54,62
60,53,54,57,55,56,55,57,51,56,57,55,56,57,60,61,51,58,58,56,58,56,57,60,55,53,56,58,62,60,56,58,54,58,54,57,59,59,60,55,55,50,52,54,55,58,56,56,55,62
60,53,54,57,55,56,55,57,51,56,57,55,56,57,60,61,51,58,58,56,58,56,57,60,55,53,56,58,62,60,56,58,54,58,54,57,59,59,60,55,55,50,52,54,55,58,56,56,55,62
60,53,54,57,55,56,55,57,51,56,57,55,56,57,60,61,52,58,58,56,58,56,57,60,55,53,56,58,62,60,56,58,54,58,54,57,59,59,60,55,55,50,53,54,55,58,56,56,55,62
60,53,54,57,55,56,55,57,52,56,57,55,56,57,60,61,52,58,58,56,58,56,57,60,55,53,56,58,62,60,56,58,54,59,54,58,59,59,60,55,55,51,52,54,55,58,56,56,55,62
60,53,54,57,55,56,55,57,52,56,57,55,56,57,60,61,52,57,58,56,58,56,57,60,55,53,56,58,62,60,56,58,54,59,54,58,59,59,60,55,55,51,51,54,55,58,56,56,55,62
60,53,55,57,55,56,55,57,52,56,57,55,56,57,60,61,53,57,58,56,58,56,57,60,55,53,56,58,62,60,56,58,54,59,54,58,59,59,60,55,56,51,51,54,55,58,56,57,56,62
60,53,55,57,55,56,55,57,52,56,57,55,56,58,60,61,53,57,58,56,58,56,57,60,55,53,56,58,62,60,56,58,55,59,54,58,59,59,60,55,56,52,50,54,55,58,57,57,56,62
60,53,55,57,55,56,56,57,52,56,57,55,56,58,60,61,53,56,58,56,58,56,57,60,55,54,56,58,62,60,57,59,55,60,55,58,59,59,60,55,56,52,50,54,55,59,57,57,56,62
60,53,55,57,55,56,56,57,53,56,57,55,56,58,60,61,53,55,58,56,58,56,57,60,55,54,56,58,62,60,57,59,55,60,55,58,59,59,60,55,56,53,50,54,56,59,57,57,57,62
60,54,55,57,55,56,56,55,53,56,57,56,56,58,60,62,54,55,58,57,58,56,58,60,56,54,56,59,62,60,57,59,55,60,55,58,59,59,60,56,57,53,50,54,56,59,57,58,57,61
60,54,55,57,56,56,56,54,53,55,57,56,57,58,60,62,54,54,58,57,57,57,58,60,56,54,56,59,62,60,57,59,56,60,56,59,59,60,60,56,57,53,49,53,56,59,57,58,57,60
60,54,55,58,56,57,57,54,54,55,57,56,57,59,60,62,55,53,59,57,56,57,58,60,56,55,57,59,62,60,57,60,56,60,56,59,60,60,60,56,58,54,49,53,56,60,58,58,58,59
60,54,56,58,56,57,57,54,54,55,57,56,57,59,60,62,55,53,59,58,56,57,58,61,56,55,57,59,62,61,58,60,56,60,56,59,60,60,60,57,58,54,49,53,57,60,58,59,58,59
60,55,56,58,56,57,57,54,54,55,58,56,57,59,61,62,55,53,59,58,55,57,58,61,57,55,57,59,62,61,58,60,57,60,57,60,60,60,61,57,58,55,49,53,57,60,58,59,58,59
60,55,56,58,57,57,58,53,55,54,58,57,57,60,61,62,56,52,60,58,55,58,59,61,57,56,57,60,62,61,58,61,57,60,57,59,60,61,61,57,59,55,48,53,57,61,59,59,59,58
60,55,57,58,57,57,58,53,55,54,58,57,58,60,61,62,56,52,60,59,54,58,59,61,57,56,57,60,63,61,58,61,57,59,57,59,61,61,61,58,59,55,48,53,57,61,59,60,59,58
60,55,57,59,57,58,59,52,56,53,58,57,58,60,61,62,57,51,60,59,54,58,59,61,58,56,57,60,63,62,59,61,57,59,58,59,61,61,61,58,59,54,48,53,57,61,59,59,59,57
60,56,57,59,58,58,59,52,56,53,58,58,58,60,61,63,57,51,59,58,54,59,60,61,58,56,57,60,62,62,59,61,57,58,58,59,61,61,62,58,58,54,48,53,57,61,59,59,58,57
60,56,58,59,58,58,59,52,57,53,59,58,58,61,62,63,58,51,59,58,54,59,60,62,59,55,56,60,62,62,59,61,57,58,57,59,61,62,62,59,58,54,48,52,57,60,59,58,57,56
60,57,58,60,58,58,60,51,57,52,59,58,59,61,61,63,58,51,59,58,53,59,60,60,59,55,55,60,62,62,60,61,57,58,57,59,61,62,62,59,57,54,47,52,57,59,59,59,57,56
60,57,59,59,59,58,60,51,58,52,59,59,59,62,60,63,59,51,58,58,53,59,61,60,59,55,56,59,62,63,60,61,57,58,58,57,60,61,62,60,57,54,47,52,57,58,59,59,57,56
60,57,59,59,59,59,61,50,58,52,60,59,59,62,59,63,59,51,58,59,53,60,61,60,60,55,56,60,63,63,60,60,57,57,58,56,59,61,60,60,57,55,48,52,56,58,60,58,57,56
60,58,59,58,59,59,61,51,58,52,60,59,59,62,59,63,60,51,58,59,53,60,61,59,60,55,56,60,62,63,61,58,57,58,59,56,59,61,60,61,57,55,48,53,56,57,60,58,58,56
60,58,58,58,60,59,61,51,59,52,61,60,60,61,59,63,60,51,59,59,53,60,61,60,61,54,55,58,62,64,62,58,58,57,59,56,59,61,61,62,56,56,47,53,56,57,60,58,58,56
60,59,58,58,60,59,61,50,60,51,61,60,59,60,59,63,61,51,59,60,53,61,60,60,63,54,56,58,62,64,62,58,58,56,60,56,60,61,61,62,57,56,47,53,56,57,60,58,58,56
60,59,59,58,61,59,61,51,60,51,61,60,59,59,60,63,62,50,59,60,54,61,60,60,63,54,56,58,61,64,62,58,59,56,60,56,60,61,61,62,57,57,47,53,56,57,60,58,58,57
60,59,57,57,61,59,61,51,61,51,61,61,59,59,60,63,64,51,60,60,54,60,60,60,63,55,56,58,62,65,63,59,59,57,60,56,60,62,61,62,57,57,48,54,57,57,61,59,59,57
61,60,57,57,61,59,61,51,62,51,61,60,59,59,60,64,64,51,60,60,55,61,61,60,63,55,56,58,62,65,63,59,59,57,61,57,61,62,62,63,58,58,48,54,57,58,61,59,59,57
61,61,56,58,61,59,61,52,63,51,61,61,60,60,61,64,64,51,60,60,55,61,60,61,64,56,55,59,62,65,64,59,59,57,60,57,61,62,62,63,58,58,48,55,58,58,61,59,60,58
61,61,57,58,61,60,61,52,63,51,62,61,60,60,61,64,65,51,61,61,56,62,60,61,64,56,55,59,62,66,64,60,59,58,60,58,61,63,63,64,58,58,48,55,58,59,62,60,60,58
62,62,57,59,61,60,61,53,64,51,62,61,59,61,62,65,65,51,61,61,56,62,61,62,65,56,56,58,63,66,64,60,60,58,60,58,62,63,63,64,59,58,48,55,57,59,62,60,60,59
62,62,58,59,62,60,61,53,64,52,61,62,60,61,62,65,66,51,60,61,56,63,61,62,65,56,56,59,63,67,65,61,60,59,60,59,62,64,64,65,59,58,49,55,57,60,63,61,61,58
62,65,58,60,62,60,61,53,64,52,61,62,60,61,63,66,66,51,60,61,56,63,61,63,65,56,56,58,64,67,65,61,59,59,61,59,63,64,64,65,59,58,49,55,57,60,63,61,61,58
63,65,58,60,63,61,62,53,65,52,61,63,61,62,63,66,66,51,60,61,56,63,62,63,66,56,57,58,64,67,66,61,59,59,61,59,63,64,64,65,59,58,49,56,57,60,63,61,61,58
63,65,59,60,63,61,62,53,65,53,61,63,61,62,63,66,67,51,60,61,57,63,62,63,66,56,57,58,64,68,66,61,59,60,61,58,63,65,64,66,59,57,50,56,57,60,64,62,60,57
63,66,59,60,63,61,62,54,65,53,60,63,61,62,63,67,67,51,60,61,57,64,62,63,66,57,57,58,64,68,66,61,59,60,61,58,64,65,64,66,59,57,50,55,57,60,64,61,60,57
64,66,59,60,64,62,63,54,66,53,60,64,62,63,63,67,67,51,60,61,57,63,63,64,67,57,57,58,65,68,67,60,60,59,61,57,63,65,64,66,59,57,50,54,58,60,63,60,59,57
64,67,58,60,64,61,63,54,66,53,60,64,62,63,63,67,68,51,61,61,57,63,63,64,67,57,57,58,65,69,67,60,60,59,61,57,62,65,64,67,59,57,50,53,58,60,62,59,59,56
64,67,58,61,64,61,63,54,66,53,61,64,62,64,63,68,68,51,61,61,57,63,63,65,67,57,57,58,65,69,67,60,60,58,61,57,62,65,64,67,59,57,50,53,58,60,61,59,59,56
65,67,58,60,63,60,63,55,65,53,61,65,62,64,63,68,68,51,61,61,58,63,64,65,67,57,57,58,64,69,67,59,60,57,60,56,62,65,64,67,59,56,50,53,58,60,61,58,59,56
64,67,57,60,63,60,63,55,65,53,61,64,62,62,62,68,67,51,61,61,58,63,63,64,67,57,57,58,64,69,67,59,60,57,60,56,62,64,63,67,59,56,49,53,58,60,61,58,58,56
64,67,56,58,62,60,62,55,64,53,61,64,61,60,61,68,67,51,61,61,58,62,63,63,66,57,57,58,64,69,67,59,60,56,60,56,61,64,63,67,59,56,49,53,58,59,61,58,58,56
64,67,56,58,62,60,61,55,64,53,61,64,60,60,61,67,67,51,61,61,58,62,63,63,66,57,56,58,63,69,67,59,61,55,60,55,61,64,62,67,59,56,49,52,58,59,60,58,58,55
64,66,55,57,62,59,60,55,64,53,61,64,60,59,61,67,66,51,61,61,58,62,63,63,65,57,56,58,63,69,66,58,60,55,60,56,60,64,62,66,59,56,49,52,57,59,60,58,57,55
63,66,55,57,61,58,59,56,64,53,61,63,59,59,61,67,65,51,61,61,58,61,62,62,65,57,56,58,62,68,66,58,60,55,59,56,60,63,62,66,59,56,50,52,57,58,60,57,57,55
63,65,55,56,60,58,58,56,63,53,61,62,58,58,60,66,64,51,61,61,58,60,62,62,64,56,56,58,62,67,65,58,59,55,59,56,60,62,62,65,58,56,50,52,56,58,60,57,57,55
62,65,54,56,60,58,57,56,62,52,61,62,58,58,60,65,64,51,61,61,58,60,61,61,64,56,55,57,61,66,65,58,59,55,59,55,59,62,61,65,58,56,49,52,56,57,59,57,57,55
62,64,54,56,60,58,57,55,62,52,61,62,58,58,59,65,63,51,60,60,58,60,60,60,64,56,55,57,60,64,65,57,59,55,59,55,59,61,61,65,57,55,49,52,56,57,59,57,56,55
62,64,54,55,59,58,57,56,62,52,60,62,58,57,59,65,63,51,60,60,58,60,59,59,63,56,55,57,59,63,64,57,58,54,58,54,59,61,60,64,56,55,49,52,55,56,58,56,56,54
61,64,54,55,59,57,57,55,62,52,60,61,57,57,58,65,62,51,60,60,57,59,58,59,62,55,54,57,59,63,63,56,58,54,58,54,58,60,60,63,56,55,50,52,55,55,58,56,56,54
60,63,54,55,59,57,57,55,60,51,59,60,57,57,58,63,62,51,59,60,57,58,57,58,62,55,54,56,59,63,62,56,58,54,58,54,58,60,59,62,55,54,50,52,55,55,58,56,56,54
60,62,53,54,58,56,57,55,60,51,59,60,56,57,58,63,61,51,59,59,56,58,57,58,61,55,53,56,59,62,62,56,58,54,58,54,58,59,59,61,55,55,50,52,54,55,58,56,56,54
59,61,53,54,57,56,56,55,59,51,58,59,55,56,58,62,61,51,58,58,56,58,57,57,61,55,53,56,58,62,62,56,58,54,58,54,58,59,59,61,55,55,50,52,54,55,58,56,56,55
58,60,53,54,57,55,56,55,58,51,57,58,55,56,57,61,61,51,58,58,56,58,57,57,60,55,53,56,58,62,61,56,58,54,58,54,58,59,59,60,55,55,50,52,54,55,58,56,56,55
57,60,53,54,57,55,56,55,57,51,56,57,55,56,57,61,61,52,58,58,56,58,56,57,60,55,53,56,58,62,60,56,58,54,58,54,57,59,59,60,55,55,50,53,54,55,58,56,56,55
57,60,53,54,57,55,56,55,57,52,56,57,55,56,57,60,61,52,58,58,56,58,56,57,60,55,53,56,58,62,60,56,58,54,59,54,58,59,59,60,55,55,51,52,54,55,58,56,56,55
57,60,53,54,57,55,56,55,57,52,56,57,55,56,57,60,61,52,57,58,56,58,56,57,60,55,53,56,58,62,60,56,58,54,59,54,58,59,59,60,55,55,51,51,54,55,58,56,56,55
57,60,53,55,57,55,56,55,57,52,56,57,55,56,57,60,61,53,57,58,56,58,56,57,60,55,53,56,58,62,60,56,58,54,59,54,58,59,59,60,55,56,51,51,54,55,58,56,57,56
57,60,53,55,57,55,56,55,57,52,56,57,55,56,58,60,61,53,57,58,56,58,56,57,60,55,53,56,58,62,60,56,58,55,59,54,58,59,59,60,55,56,52,50,54,55,58,57,57,56
57,60,53,55,57,55,56,56,57,52,56,57,55,56,58,60,61,53,56,58,56,58,56,57,60,55,54,56,58,62,60,57,59,55,60,55,58,59,59,60,55,56,52,50,54,55,59,57,57,56
57,60,53,55,57,55,56,56,57,53,56,57,55,56,58,60,61,53,55,58,56,58,56,57,60,55,54,56,58,62,60,57,59,55,60,55,58,59,59,60,55,56,53,50,54,56,59,57,57,57
57,60,54,55,57,55,56,56,55,53,56,57,56,56,58,60,62,54,55,58,57,58,56,58,60,56,54,56,59,62,60,57,59,55,60,55,58,59,59,60,56,57,53,50,54,56,59,57,58,57
57,60,54,55,57,56,56,56,54,53,55,57,56,57,58,60,62,54,54,58,57,57,57,58,60,56,54,56,59,62,60,57,59,56,60,56,59,59,60,60,56,57,53,49,53,56,59,57,58,57
57,60,54,55,58,56,57,57,54,54,55,57,56,57,59,60,62,55,53,59,57,56,57,58,60,56,55,57,59,62,60,57,60,56,60,56,59,60,60,60,56,58,54,49,53,56,60,58,58,58
57,60,54,56,58,56,57,57,54,54,55,57,56,57,59,60,62,55,53,59,58,56,57,58,61,56,55,57,59,62,61,58,60,56,60,56,59,60,60,60,57,58,54,49,53,57,60,58,59,58
57,60,55,56,58,56,57,57,54,54,55,58,56,57,59,61,62,55,53,59,58,55,57,58,61,57,55,57,59,62,61,58,60,57,60,57,60,60,60,61,57,58,55,49,53,57,60,58,59,58
57,60,55,56,58,57,57,58,53,55,54,58,57,57,60,61,62,56,52,60,58,54,58,59,61,57,56,57,60,62,61,58,61,57,60,57,59,60,61,61,57,59,55,48,53,57,61,59,59,59
58,60,55,57,58,57,57,58,53,55,54,58,57,58,60,61,62,56,52,60,59,54,58,59,61,57,56,57,60,63,61,58,61,57,59,57,59,61,61,61,58,59,55,48,53,57,61,59,59,59
58,60,55,57,59,57,58,59,52,56,53,58,57,58,60,61,62,57,51,60,59,54,58,59,61,58,56,57,60,62,62,59,61,57,58,58,58,61,61,61,58,59,54,48,53,57,61,59,59,58
58,60,56,57,59,58,58,59,52,56,53,58,58,58,60,61,63,57,51,59,58,54,59,60,61,58,56,57,60,62,62,59,61,57,58,58,59,61,61,62,58,58,54,48,53,57,60,59,59,58
58,60,56,58,59,58,58,59,52,57,53,59,58,58,61,61,63,58,51,59,58,54,59,60,62,58,55,56,60,62,62,59,61,57,58,57,59,61,62,62,59,57,54,48,52,57,60,59,58,57
58,60,57,58,59,58,58,60,51,57,52,59,58,59,61,61,63,58,51,59,58,53,59,60,60,59,55,55,60,62,62,60,61,57,58,57,58,61,62,62,59,57,54,47,52,57,59,59,58,57
58,60,57,59,59,59,58,60,51,58,52,59,59,59,61,60,63,59,51,58,58,53,59,61,60,59,55,56,59,62,63,60,60,57,58,58,57,60,61,62,60,57,54,47,52,57,58,59,59,57
59,60,57,59,59,59,59,61,50,58,52,60,59,59,62,59,63,59,51,58,59,53,60,61,60,60,55,56,60,63,63,60,60,57,57,58,56,59,61,60,60,57,55,48,52,56,58,60,58,57
59,60,58,59,58,59,59,61,51,58,52,60,59,59,62,59,63,60,51,58,59,53,60,61,60,60,55,56,60,62,63,61,58,57,58,59,56,59,61,60,61,57,55,48,53,56,57,60,58,58
59,60,58,59,58,60,59,61,51,59,52,61,60,60,61,59,63,60,51,59,59,53,60,61,60,61,54,55,58,62,64,62,58,58,57,59,56,59,61,61,62,56,56,47,53,56,57,60,58,58
59,60,59,59,58,60,59,61,50,60,51,61,60,60,60,60,63,61,51,59,60,53,61,61,60,63,54,56,58,62,64,62,58,58,56,60,56,60,61,61,62,57,56,47,53,56,57,60,58,58
59,60,59,59,58,61,59,61,51,60,51,61,61,60,59,60,63,62,50,59,60,54,61,61,60,63,55,56,58,61,64,63,58,59,56,60,56,60,61,61,62,57,57,47,53,57,57,61,58,59
60,60,59,57,57,61,59,61,51,61,51,61,61,59,59,60,63,64,51,60,60,54,60,60,60,63,55,56,58,62,65,63,59,59,57,60,56,60,62,62,63,57,57,48,54,57,58,61,59,59
60,61,60,57,57,61,59,61,51,62,51,61,60,59,59,60,63,64,51,60,60,55,61,61,60,63,55,56,58,62,65,63,59,59,57,61,57,61,62,62,63,58,57,48,54,57,58,61,59,59
61,61,61,56,58,61,59,61,52,62,51,61,60,59,60,61,64,64,51,60,60,55,61,59,61,63,56,55,59,62,65,63,59,59,57,60,57,61,62,62,63,58,58,48,55,57,58,61,59,59
61,61,61,57,58,61,60,61,52,63,51,62,61,60,60,61,64,65,51,61,61,56,61,60,61,64,56,55,59,62,65,64,60,59,58,60,57,61,62,62,63,58,58,48,55,58,58,62,60,60
62,62,62,57,58,61,60,60,53,63,51,62,61,59,60,61,64,65,51,61,61,56,61,60,61,64,56,56,58,62,66,64,60,60,58,60,57,61,62,62,63,58,58,48,55,57,58,62,60,60
63,61,62,57,58,61,59,60,53,63,52,60,61,59,60,61,64,65,51,60,61,56,62,60,61,64,56,56,58,62,66,64,60,60,58,60,58,61,63,63,64,58,58,48,55,57,59,62,60,60
63,61,63,57,58,61,59,60,53,63,52,60,61,59,60,61,64,65,51,60,61,56,62,60,61,64,56,56,58,62,66,64,60,59,58,60,58,61,63,63,64,58,58,49,55,57,59,62,60,60
63,61,63,57,58,61,59,60,53,63,52,60,61,59,60,61,64,65,51,60,61,56,61,60,61,64,56,57,58,62,65,64,60,59,58,61,57,61,62,62,63,58,57,49,55,57,58,62,60,60
63,61,63,56,58,61,59,60,53,63,53,60,61,58,60,61,64,64,51,60,61,56,61,60,61,64,56,57,58,62,65,64,59,59,57,61,57,61,62,62,63,58,57,49,55,57,58,61,59,59
62,60,62,55,57,60,58,59,53,62,53,59,60,58,59,60,63,63,51,60,60,57,60,59,60,63,56,56,58,61,64,63,58,59,56,61,56,60,61,61,62,57,57,50,54,57,57,60,58,59
62,60,62,55,57,60,58,59,54,62,53,59,60,58,59,60,63,63,51,60,60,57,60,59,60,63,57,56,58,61,64,63,58,59,56,60,56,60,61,61,62,57,57,50,53,57,57,60,58,58
61,59,62,55,57,59,57,58,54,61,53,58,59,57,58,60,63,63,51,60,60,57,60,58,59,62,57,55,58,60,64,62,58,60,56,60,56,60,61,61,62,57,57,50,53,56,57,60,58,58
61,59,61,54,56,59,57,58,54,61,53,58,59,56,58,59,62,62,51,59,59,57,59,58,59,62,56,55,57,60,63,61,57,59,55,59,55,59,60,60,61,56,56,50,53,55,56,59,57,57