0rest_m,1rest_m,0transf,1transf
1.000000,1.000000,0.3024,-0.3024
1.000000,1.000000,0.281663,-0.281663
1.000000,1.000000,0.281094,-0.281094
1.000000,1.000000,0.280525,-0.280525
1.000000,1.000000,0.279956,-0.279956
1.000000,1.000000,0.110674,-0.110674
1.000000,1.000000,0.110037,-0.110037
1.000000,1.000000,0.109401,-0.109401
1.000000,1.000000,0.108764,-0.108764
1.000000,1.000000,0.3024,-0.3024
1.000000,1.000000,0.3024,-0.3024
1.000000,1.000000,0.3024,-0.3024
1.000000,1.000000,0.3024,-0.3024
1.000000,1.000000,0.3024,-0.3024
1.000000,1.000000,0.276576,-0.276576
1.000000,1.000000,0.276006,-0.276006
1.000000,1.000000,0.275436,-0.275436
1.000000,1.000000,0.274866,-0.274866
1.000000,1.000000,0.29592,-0.29592
1.000000,1.000000,0.295358,-0.295358
1.000000,1.000000,0.294796,-0.294796
1.000000,1.000000,0.294234,-0.294234
1.000000,1.000000,0.216866,-0.216866
1.000000,1.000000,0.216273,-0.216273
1.000000,1.000000,0.21568,-0.21568
1.000000,1.000000,0.215086,-0.215086
1.000000,1.000000,0.214493,-0.214493
1.000000,1.000000,0.171602,-0.171602
1.000000,1.000000,0.170992,-0.170992
1.000000,1.000000,0.170381,-0.170381
1.000000,1.000000,0.169771,-0.169771
1.000000,1.000000,0.131404,-0.131404
1.000000,1.000000,0.130778,-0.130778
1.000000,1.000000,0.130152,-0.130152
1.000000,1.000000,0.129526,-0.129526
1.000000,1.000000,0,-0
1.000000,1.000000,0,-0
1.000000,1.000000,0,-0
1.000000,1.000000,0,-0
1.000000,1.000000,0,-0
1.000000,1.000000,0.0720112,-0.0720112
1.000000,1.000000,0.0713626,-0.0713626
1.000000,1.000000,0.0707137,-0.0707137
1.000000,1.000000,0.0700649,-0.0700649
1.000000,1.000000,0.145096,-0.145096
1.000000,1.000000,0.144476,-0.144476
1.000000,1.000000,0.143857,-0.143857
1.000000,1.000000,0.143237,-0.143237
1.000000,1.000000,0.300486,-0.300486
1.000000,1.000000,0.299928,-0.299928
1.000000,1.000000,0.29937,-0.29937
1.000000,1.000000,0.298812,-0.298812
1.000000,1.000000,0.298254,-0.298254
1.000000,1.000000,0.251903,-0.251903
1.000000,1.000000,0.251345,-0.251345
1.000000,1.000000,0.250786,-0.250786
1.000000,1.000000,0.250227,-0.250227
1.000000,1.000000,0.0774605,-0.0774605
1.000000,1.000000,0.0768355,-0.0768355
1.000000,1.000000,0.0762104,-0.0762104
1.000000,1.000000,0.0755851,-0.0755851
1.000000,1.000000,0.3024,-0.3024
1.000000,1.000000,0.3024,-0.3024
1.000000,1.000000,0.3024,-0.3024
1.000000,1.000000,0.3024,-0.3024
1.000000,1.000000,0.3024,-0.3024
1.000000,1.000000,0.246998,-0.246998
1.000000,1.000000,0.246438,-0.246438
1.000000,1.000000,0.245879,-0.245879
1.000000,1.000000,0.245319,-0.245319
1.000000,1.000000,0.266826,-0.266826
1.000000,1.000000,0.266274,-0.266274
1.000000,1.000000,0.265723,-0.265723
1.000000,1.000000,0.265171,-0.265171
1.000000,1.000000,0.186242,-0.186242
1.000000,1.000000,0.18566,-0.18566
1.000000,1.000000,0.185078,-0.185078
1.000000,1.000000,0.184495,-0.184495
1.000000,1.000000,0.183913,-0.183913
1.000000,1.000000,0.140171,-0.140171
1.000000,1.000000,0.139572,-0.139572
1.000000,1.000000,0.138972,-0.138972
1.000000,1.000000,0.138373,-0.138373
1.000000,1.000000,0.0992504,-0.0992504
1.000000,1.000000,0.0986359,-0.0986359
1.000000,1.000000,0.0980211,-0.0980211
1.000000,1.000000,0.0974064,-0.0974064
1.000000,1.000000,0,-0
1.000000,1.000000,0,-0
1.000000,1.000000,0,-0
1.000000,1.000000,0,-0
1.000000,1.000000,0,-0
1.000000,1.000000,0.038876,-0.038876
1.000000,1.000000,0.0382394,-0.0382394
1.000000,1.000000,0.0376025,-0.0376025
1.000000,1.000000,0.0369655,-0.0369655
1.000000,1.000000,0.113531,-0.113531
1.000000,1.000000,0.112923,-0.112923
1.000000,1.000000,0.112314,-0.112314
1.000000,1.000000,0.111706,-0.111706
1.000000,1.000000,0.272132,-0.272132
1.000000,1.000000,0.271585,-0.271585
1.000000,1.000000,0.271037,-0.271037
1.000000,1.000000,0.270489,-0.270489
1.000000,1.000000,0.269941,-0.269941
1.000000,1.000000,0.222687,-0.222687
1.000000,1.000000,0.222139,-0.222139
1.000000,1.000000,0.221592,-0.221592
1.000000,1.000000,0.221045,-0.221045
1.000000,1.000000,0.0448599,-0.0448599
1.000000,1.000000,0.0442477,-0.0442477
1.000000,1.000000,0.0436355,-0.0436355
1.000000,1.000000,0.043023,-0.043023
1.000000,1.000000,0.278463,-0.278463
1.000000,1.000000,0.277937,-0.277937
1.000000,1.000000,0.277411,-0.277411
1.000000,1.000000,0.276884,-0.276884
1.000000,1.000000,0.276358,-0.276358
1.000000,1.000000,0.217978,-0.217978
1.000000,1.000000,0.21743,-0.21743
1.000000,1.000000,0.216882,-0.216882
1.000000,1.000000,0.216333,-0.216333
1.000000,1.000000,0.238287,-0.238287
1.000000,1.000000,0.237747,-0.237747
1.000000,1.000000,0.237206,-0.237206
1.000000,1.000000,0.236666,-0.236666
1.000000,1.000000,0.156208,-0.156208
1.000000,1.000000,0.155638,-0.155638
1.000000,1.000000,0.155068,-0.155068
1.000000,1.000000,0.154498,-0.154498
1.000000,1.000000,0.153927,-0.153927
1.000000,1.000000,0.109353,-0.109353
1.000000,1.000000,0.108766,-0.108766
1.000000,1.000000,0.108179,-0.108179
1.000000,1.000000,0.107592,-0.107592
1.000000,1.000000,0.0677297,-0.0677297
1.000000,1.000000,0.0671279,-0.0671279
1.000000,1.000000,0.066526,-0.066526
1.000000,1.000000,0.0659239,-0.0659239
1.000000,1.000000,0,-0
1.000000,1.000000,0,-0
1.000000,1.000000,0,-0
1.000000,1.000000,0,-0
1.000000,1.000000,0,-0
1.000000,1.000000,0.00640773,-0.00640773
1.000000,1.000000,0.00578426,-0.00578426
1.000000,1.000000,0.00516068,-0.00516068
1.000000,1.000000,0.00453686,-0.00453686
1.000000,1.000000,0.0826068,-0.0826068
1.000000,1.000000,0.0820115,-0.0820115
1.000000,1.000000,0.081416,-0.081416
1.000000,1.000000,0.0808203,-0.0808203
1.000000,1.000000,0.24436,-0.24436
1.000000,1.000000,0.243824,-0.243824
1.000000,1.000000,0.243288,-0.243288
1.000000,1.000000,0.242751,-0.242751
1.000000,1.000000,0.242215,-0.242215
1.000000,1.000000,0.194076,-0.194076
1.000000,1.000000,0.193541,-0.193541
1.000000,1.000000,0.193006,-0.193006
1.000000,1.000000,0.192471,-0.192471
1.000000,1.000000,0.0129406,-0.0129406
1.000000,1.000000,0.0123423,-0.0123423
1.000000,1.000000,0.0117439,-0.0117439
1.000000,1.000000,0.0111452,-0.0111452
1.000000,1.000000,0.251098,-0.251098
1.000000,1.000000,0.250584,-0.250584
1.000000,1.000000,0.250069,-0.250069
1.000000,1.000000,0.249555,-0.249555
1.000000,1.000000,0.24904,-0.24904
1.000000,1.000000,0.189574,-0.189574
1.000000,1.000000,0.189038,-0.189038
1.000000,1.000000,0.188503,-0.188503
1.000000,1.000000,0.187967,-0.187967
1.000000,1.000000,0.210359,-0.210359
1.000000,1.000000,0.209831,-0.209831
1.000000,1.000000,0.209303,-0.209303
1.000000,1.000000,0.208775,-0.208775
1.000000,1.000000,0.126822,-0.126822
1.000000,1.000000,0.126265,-0.126265
1.000000,1.000000,0.125708,-0.125708
1.000000,1.000000,0.12515,-0.12515
1.000000,1.000000,0.124593,-0.124593
1.000000,1.000000,0.0792044,-0.0792044
1.000000,1.000000,0.0786309,-0.0786309
1.000000,1.000000,0.0780573,-0.0780573
1.000000,1.000000,0.0774835,-0.0774835
1.000000,1.000000,0.0368997,-0.0368997
1.000000,1.000000,0.0363116,-0.0363116
1.000000,1.000000,0.0357234,-0.0357234
1.000000,1.000000,0.0351351,-0.0351351
1.000000,1.000000,0,-0
1.000000,1.000000,0,-0
1.000000,1.000000,0,-0
1.000000,1.000000,0,-0
1.000000,1.000000,0,-0
1.000000,1.000000,0,-0
1.000000,1.000000,0,-0
1.000000,1.000000,0,-0
1.000000,1.000000,0,-0
1.000000,1.000000,0.0523765,-0.0523765
1.000000,1.000000,0.0517948,-0.0517948
1.000000,1.000000,0.0512129,-0.0512129
1.000000,1.000000,0.0506309,-0.0506309
1.000000,1.000000,0.217215,-0.217215
1.000000,1.000000,0.216692,-0.216692
1.000000,1.000000,0.216168,-0.216168
1.000000,1.000000,0.215644,-0.215644
1.000000,1.000000,0.21512,-0.21512
1.000000,1.000000,0.166118,-0.166118
1.000000,1.000000,0.165596,-0.165596
1.000000,1.000000,0.165074,-0.165074
1.000000,1.000000,0.164551,-0.164551
1.000000,1.000000,0,-0
1.000000,1.000000,0,-0
1.000000,1.000000,0,-0
1.000000,1.000000,0,-0
1.000000,1.000000,0.224364,-0.224364
1.000000,1.000000,0.223862,-0.223862
1.000000,1.000000,0.22336,-0.22336
1.000000,1.000000,0.222858,-0.222858
1.000000,1.000000,0.222356,-0.222356
1.000000,1.000000,0.161829,-0.161829
1.000000,1.000000,0.161307,-0.161307
1.000000,1.000000,0.160784,-0.160784
1.000000,1.000000,0.160261,-0.160261
1.000000,1.000000,0.183082,-0.183082
1.000000,1.000000,0.182567,-0.182567
1.000000,1.000000,0.182052,-0.182052
1.000000,1.000000,0.181536,-0.181536
1.000000,1.000000,0.0981249,-0.0981249
1.000000,1.000000,0.0975813,-0.0975813
1.000000,1.000000,0.0970377,-0.0970377
1.000000,1.000000,0.0964938,-0.0964938
1.000000,1.000000,0.09595,-0.09595
1.000000,1.000000,0.0497683,-0.0497683
1.000000,1.000000,0.0492089,-0.0492089
1.000000,1.000000,0.0486493,-0.0486493
1.000000,1.000000,0.0480895,-0.0480895
1.000000,1.000000,0.00680172,-0.00680172
1.000000,1.000000,0.00622808,-0.00622808
1.000000,1.000000,0.00565433,-0.00565433
1.000000,1.000000,0.00508045,-0.00508045
1.000000,1.000000,0,-0
1.000000,1.000000,0,-0
1.000000,1.000000,0,-0
1.000000,1.000000,0,-0
1.000000,1.000000,0,-0
1.000000,1.000000,0,-0
1.000000,1.000000,0,-0
1.000000,1.000000,0,-0
1.000000,1.000000,0,-0
1.000000,1.000000,0.022877,-0.022877
1.000000,1.000000,0.0223095,-0.0223095
1.000000,1.000000,0.0217421,-0.0217421
1.000000,1.000000,0.0211744,-0.0211744
1.000000,1.000000,0.19073,-0.19073
1.000000,1.000000,0.19022,-0.19022
1.000000,1.000000,0.189709,-0.189709
1.000000,1.000000,0,-0
1.000000,1.000000,0,-0
1.000000,1.000000,0,-0
1.000000,1.000000,0,-0
1.000000,1.000000,0,-0
1.000000,1.000000,0,-0
1.000000,1.000000,0.3024,-0.3024
1.000000,1.000000,0.3024,-0.3024
1.000000,1.000000,0.3024,-0.3024
1.000000,1.000000,0.3024,-0.3024
1.000000,1.000000,0.3024,-0.3024
1.000000,1.000000,0.3024,-0.3024
1.000000,1.000000,0.3024,-0.3024
1.000000,1.000000,0.3024,-0.3024
1.000000,1.000000,0.3024,-0.3024
1.000000,1.000000,0.3024,-0.3024
1.000000,1.000000,0.3024,-0.3024
1.000000,1.000000,0.3024,-0.3024
1.000000,1.000000,0.3024,-0.3024
1.000000,1.000000,0.3024,-0.3024
1.000000,1.000000,0.3024,-0.3024
1.000000,1.000000,0.3024,-0.3024
1.000000,1.000000,0.3024,-0.3024
1.000000,1.000000,0.3024,-0.3024
1.000000,1.000000,0,-0
1.000000,1.000000,0,-0
1.000000,1.000000,0,-0
1.000000,1.000000,0,-0
1.000000,1.000000,0.3024,-0.3024
1.000000,1.000000,0.3024,-0.3024
1.000000,1.000000,0.3024,-0.3024
1.000000,1.000000,0.3024,-0.3024
1.000000,1.000000,0.3024,-0.3024
1.000000,1.000000,0.3024,-0.3024
1.000000,1.000000,0.3024,-0.3024
1.000000,1.000000,0.3024,-0.3024
1.000000,1.000000,0.3024,-0.3024
1.000000,1.000000,0.3024,-0.3024
1.000000,1.000000,0.3024,-0.3024
1.000000,1.000000,0.3024,-0.3024
1.000000,1.000000,0.3024,-0.3024
1.000000,1.000000,0.3024,-0.3024
1.000000,1.000000,0.3024,-0.3024
1.000000,1.000000,0.3024,-0.3024
1.000000,1.000000,0.3024,-0.3024
1.000000,1.000000,0.3024,-0.3024
1.000000,1.000000,0.3024,-0.3024
1.000000,1.000000,0.3024,-0.3024
1.000000,1.000000,0.3024,-0.3024
1.000000,1.000000,0.3024,-0.3024
1.000000,1.000000,0.3024,-0.3024
1.000000,1.000000,0.3024,-0.3024
1.000000,1.000000,0.3024,-0.3024
1.000000,1.000000,0.3024,-0.3024
1.000000,1.000000,0,-0
1.000000,1.000000,0,-0
1.000000,1.000000,0,-0
1.000000,1.000000,0,-0
1.000000,1.000000,0,-0
1.000000,1.000000,0,-0
1.000000,1.000000,0,-0
1.000000,1.000000,0,-0
1.000000,1.000000,0,-0
1.000000,1.000000,0,-0
1.000000,1.000000,0,-0
1.000000,1.000000,0,-0
1.000000,1.000000,0,-0
1.000000,1.000000,0,-0
1.000000,1.000000,0,-0
1.000000,1.000000,0,-0
1.000000,1.000000,0,-0
1.000000,1.000000,0,-0
1.000000,1.000000,0,-0
1.000000,1.000000,0,-0
1.000000,1.000000,0,-0
1.000000,1.000000,0,-0
1.000000,1.000000,0,-0
1.000000,1.000000,0,-0
1.000000,1.000000,0,-0
1.000000,1.000000,0,-0
1.000000,1.000000,0,-0
1.000000,1.000000,0.3024,-0.3024
1.000000,1.000000,0.3024,-0.3024
1.000000,1.000000,0.3024,-0.3024
1.000000,1.000000,0.3024,-0.3024
1.000000,1.000000,0.3024,-0.3024
1.000000,1.000000,0.3024,-0.3024
1.000000,1.000000,0.3024,-0.3024
1.000000,1.000000,0.3024,-0.3024
1.000000,1.000000,0.3024,-0.3024
1.000000,1.000000,0.3024,-0.3024
1.000000,1.000000,0.3024,-0.3024
1.000000,1.000000,0.3024,-0.3024
1.000000,1.000000,0.3024,-0.3024
1.000000,1.000000,0.3024,-0.3024
1.000000,1.000000,0.3024,-0.3024
1.000000,1.000000,0.3024,-0.3024
1.000000,1.000000,0.3024,-0.3024
1.000000,1.000000,0.3024,-0.3024
1.000000,1.000000,0.3024,-0.3024
1.000000,1.000000,0.3024,-0.3024
1.000000,1.000000,0.3024,-0.3024
1.000000,1.000000,0.3024,-0.3024
1.000000,1.000000,0.3024,-0.3024
1.000000,1.000000,0,-0
1.000000,1.000000,0.3024,-0.3024
1.000000,1.000000,0.3024,-0.3024
1.000000,1.000000,0.3024,-0.3024
1.000000,1.000000,0.3024,-0.3024
1.000000,1.000000,0.3024,-0.3024
1.000000,1.000000,0.3024,-0.3024
1.000000,1.000000,0.3024,-0.3024
1.000000,1.000000,0.3024,-0.3024
1.000000,1.000000,0.3024,-0.3024
1.000000,1.000000,0.3024,-0.3024
1.000000,1.000000,0.3024,-0.3024
1.000000,1.000000,0.3024,-0.3024
1.000000,1.000000,0.3024,-0.3024
1.000000,1.000000,0.3024,-0.3024
1.000000,1.000000,0.3024,-0.3024
1.000000,1.000000,0.3024,-0.3024
1.000000,1.000000,0.3024,-0.3024
1.000000,1.000000,0.3024,-0.3024
1.000000,1.000000,0.3024,-0.3024
1.000000,1.000000,0.3024,-0.3024
1.000000,1.000000,0.3024,-0.3024
1.000000,1.000000,0.3024,-0.3024
1.000000,1.000000,0.3024,-0.3024
1.000000,1.000000,0.3024,-0.3024
1.000000,1.000000,0.3024,-0.3024
1.000000,1.000000,0.3024,-0.3024
1.000000,1.000000,0.3024,-0.3024
1.000000,1.000000,0.3024,-0.3024
1.000000,1.000000,0.3024,-0.3024
1.000000,1.000000,0.3024,-0.3024
1.000000,1.000000,0.3024,-0.3024
1.000000,1.000000,0.3024,-0.3024
1.000000,1.000000,0.3024,-0.3024
1.000000,1.000000,0.3024,-0.3024
1.000000,1.000000,0.3024,-0.3024
1.000000,1.000000,0.3024,-0.3024
1.000000,1.000000,0.3024,-0.3024
1.000000,1.000000,0.3024,-0.3024
1.000000,1.000000,0.3024,-0.3024
1.000000,1.000000,0.3024,-0.3024
1.000000,1.000000,0.3024,-0.3024
1.000000,1.000000,0.3024,-0.3024
1.000000,1.000000,0.3024,-0.3024
1.000000,1.000000,0.3024,-0.3024
1.000000,1.000000,0.3024,-0.3024
1.000000,1.000000,0.3024,-0.3024
1.000000,1.000000,0.3024,-0.3024
1.000000,1.000000,0.3024,-0.3024
1.000000,1.000000,0.3024,-0.3024
1.000000,1.000000,0.3024,-0.3024
1.000000,1.000000,0.3024,-0.3024
1.000000,1.000000,0.3024,-0.3024
1.000000,1.000000,0.3024,-0.3024
1.000000,1.000000,0.3024,-0.3024
1.000000,1.000000,0.3024,-0.3024
1.000000,1.000000,0.3024,-0.3024
1.000000,1.000000,0.3024,-0.3024
1.000000,1.000000,0.3024,-0.3024
1.000000,1.000000,0.3024,-0.3024
1.000000,1.000000,0.3024,-0.3024
1.000000,1.000000,0.3024,-0.3024
1.000000,1.000000,0.3024,-0.3024
1.000000,1.000000,0.3024,-0.3024
1.000000,1.000000,0.3024,-0.3024
1.000000,1.000000,0.3024,-0.3024
1.000000,1.000000,0.3024,-0.3024
1.000000,1.000000,0.3024,-0.3024
1.000000,1.000000,0.3024,-0.3024
1.000000,1.000000,0.3024,-0.3024
1.000000,1.000000,0.3024,-0.3024
1.000000,1.000000,0.3024,-0.3024
1.000000,1.000000,0.3024,-0.3024
1.000000,1.000000,0.3024,-0.3024
1.000000,1.000000,0.3024,-0.3024
1.000000,1.000000,0.3024,-0.3024
1.000000,1.000000,0.3024,-0.3024
1.000000,1.000000,0.3024,-0.3024
1.000000,1.000000,0.3024,-0.3024
1.000000,1.000000,0.3024,-0.3024
1.000000,1.000000,0.3024,-0.3024
1.000000,1.000000,0.3024,-0.3024
1.000000,1.000000,0.3024,-0.3024
1.000000,1.000000,0.3024,-0.3024
1.000000,1.000000,0.3024,-0.3024
1.000000,1.000000,0.3024,-0.3024
1.000000,1.000000,0.3024,-0.3024
1.000000,1.000000,0.3024,-0.3024
1.000000,1.000000,0.3024,-0.3024
1.000000,1.000000,0.3024,-0.3024
1.000000,1.000000,0.3024,-0.3024
1.000000,1.000000,0.3024,-0.3024
1.000000,1.000000,0.3024,-0.3024
1.000000,1.000000,0.3024,-0.3024
1.000000,1.000000,0.3024,-0.3024
1.000000,1.000000,0.3024,-0.3024
1.000000,1.000000,0.3024,-0.3024
1.000000,1.000000,0.3024,-0.3024
1.000000,1.000000,0.3024,-0.3024
1.000000,1.000000,0.3024,-0.3024
1.000000,1.000000,0.3024,-0.3024
1.000000,1.000000,0.3024,-0.3024
1.000000,1.000000,0.3024,-0.3024
1.000000,1.000000,0.3024,-0.3024
1.000000,1.000000,0.3024,-0.3024
1.000000,1.000000,0.3024,-0.3024
1.000000,1.000000,0.3024,-0.3024
1.000000,1.000000,0.3024,-0.3024
1.000000,1.000000,0.3024,-0.3024
1.000000,1.000000,0.3024,-0.3024
1.000000,1.000000,0.3024,-0.3024
1.000000,1.000000,0.3024,-0.3024
1.000000,1.000000,0.3024,-0.3024
1.000000,1.000000,0.3024,-0.3024
1.000000,1.000000,0.3024,-0.3024
1.000000,1.000000,0.3024,-0.3024
1.000000,1.000000,0.3024,-0.3024
1.000000,1.000000,0.3024,-0.3024
1.000000,1.000000,0.3024,-0.3024
1.000000,1.000000,0.3024,-0.3024
1.000000,1.000000,0.3024,-0.3024
1.000000,1.000000,0.3024,-0.3024
1.000000,1.000000,0.3024,-0.3024
1.000000,1.000000,0.3024,-0.3024
1.000000,1.000000,0.3024,-0.3024
1.000000,1.000000,0.3024,-0.3024
1.000000,1.000000,0.3024,-0.3024
1.000000,1.000000,0.3024,-0.3024
1.000000,1.000000,0.3024,-0.3024
1.000000,1.000000,0.3024,-0.3024
1.000000,1.000000,0.3024,-0.3024
1.000000,1.000000,0.3024,-0.3024
1.000000,1.000000,0.3024,-0.3024
1.000000,1.000000,0.3024,-0.3024
1.000000,1.000000,0.3024,-0.3024
1.000000,1.000000,0.3024,-0.3024
1.000000,1.000000,0.3024,-0.3024
1.000000,1.000000,0.3024,-0.3024
1.000000,1.000000,0.3024,-0.3024
1.000000,1.000000,0.3024,-0.3024
1.000000,1.000000,0.3024,-0.3024
1.000000,1.000000,0.3024,-0.3024
1.000000,1.000000,0.3024,-0.3024
1.000000,1.000000,0.3024,-0.3024
1.000000,1.000000,0.3024,-0.3024
1.000000,1.000000,0.3024,-0.3024
1.000000,1.000000,0.3024,-0.3024
1.000000,1.000000,0.3024,-0.3024
1.000000,1.000000,0.3024,-0.3024
1.000000,1.000000,0.3024,-0.3024
1.000000,1.000000,0.3024,-0.3024
1.000000,1.000000,0.3024,-0.3024
1.000000,1.000000,0.3024,-0.3024
1.000000,1.000000,0.3024,-0.3024
1.000000,1.000000,0.3024,-0.3024
1.000000,1.000000,0.3024,-0.3024
1.000000,1.000000,0.3024,-0.3024
1.000000,1.000000,0.3024,-0.3024
1.000000,1.000000,0.3024,-0.3024
1.000000,1.000000,0.3024,-0.3024
1.000000,1.000000,0.3024,-0.3024
1.000000,1.000000,0.3024,-0.3024
1.000000,1.000000,0.3024,-0.3024
1.000000,1.000000,0.3024,-0.3024
1.000000,1.000000,0.3024,-0.3024
1.000000,1.000000,0.3024,-0.3024
1.000000,1.000000,0.3024,-0.3024
1.000000,1.000000,0.3024,-0.3024
1.000000,1.000000,0.3024,-0.3024
1.000000,1.000000,0.3024,-0.3024
1.000000,1.000000,0.3024,-0.3024
1.000000,1.000000,0.3024,-0.3024
1.000000,1.000000,0.3024,-0.3024
1.000000,1.000000,0.3024,-0.3024
1.000000,1.000000,0.3024,-0.3024
1.000000,1.000000,0.3024,-0.3024
1.000000,1.000000,0.3024,-0.3024
1.000000,1.000000,0.3024,-0.3024
1.000000,1.000000,0.3024,-0.3024
1.000000,1.000000,0.3024,-0.3024
1.000000,1.000000,0.3024,-0.3024
1.000000,1.000000,0.3024,-0.3024
1.000000,1.000000,0.3024,-0.3024
1.000000,1.000000,0.3024,-0.3024
1.000000,1.000000,0.3024,-0.3024
1.000000,1.000000,0.3024,-0.3024
1.000000,1.000000,0.3024,-0.3024
1.000000,1.000000,0.3024,-0.3024
1.000000,1.000000,0.3024,-0.3024
1.000000,1.000000,0.3024,-0.3024
1.000000,1.000000,0.3024,-0.3024
1.000000,1.000000,0.3024,-0.3024
1.000000,1.000000,0.3024,-0.3024
1.000000,1.000000,0.3024,-0.3024
1.000000,1.000000,0.3024,-0.3024
1.000000,1.000000,0.3024,-0.3024
1.000000,1.000000,0.3024,-0.3024
1.000000,1.000000,0.3024,-0.3024
1.000000,1.000000,0.3024,-0.3024
1.000000,1.000000,0.3024,-0.3024
1.000000,1.000000,0.3024,-0.3024
1.000000,1.000000,0.3024,-0.3024
1.000000,1.000000,0.3024,-0.3024
1.000000,1.000000,0.3024,-0.3024
1.000000,1.000000,0.3024,-0.3024
1.000000,1.000000,0.3024,-0.3024
1.000000,1.000000,0.3024,-0.3024
1.000000,1.000000,0.3024,-0.3024
1.000000,1.000000,0.3024,-0.3024
1.000000,1.000000,0.3024,-0.3024
1.000000,1.000000,0.3024,-0.3024
1.000000,1.000000,0.3024,-0.3024
1.000000,1.000000,0.3024,-0.3024
1.000000,1.000000,0.3024,-0.3024
1.000000,1.000000,0.3024,-0.3024
1.000000,1.000000,0.3024,-0.3024
1.000000,1.000000,0.3024,-0.3024
1.000000,1.000000,0.3024,-0.3024
1.000000,1.000000,0.3024,-0.3024
1.000000,1.000000,0.3024,-0.3024
1.000000,1.000000,0.3024,-0.3024
1.000000,1.000000,0.3024,-0.3024
1.000000,1.000000,0.3024,-0.3024
1.000000,1.000000,0.3024,-0.3024
1.000000,1.000000,0.3024,-0.3024
1.000000,1.000000,0.3024,-0.3024
1.000000,1.000000,0.3024,-0.3024
1.000000,1.000000,0.3024,-0.3024
1.000000,1.000000,0.3024,-0.3024
1.000000,1.000000,0.3024,-0.3024
1.000000,1.000000,0.3024,-0.3024
1.000000,1.000000,0.3024,-0.3024
1.000000,1.000000,0.3024,-0.3024
1.000000,1.000000,0.3024,-0.3024
1.000000,1.000000,0.3024,-0.3024
1.000000,1.000000,0.3024,-0.3024
1.000000,1.000000,0.3024,-0.3024
1.000000,1.000000,0.3024,-0.3024
1.000000,1.000000,0.3024,-0.3024
1.000000,1.000000,0.3024,-0.3024
1.000000,1.000000,0.3024,-0.3024
1.000000,1.000000,0.3024,-0.3024
1.000000,1.000000,0.3024,-0.3024
1.000000,1.000000,0.3024,-0.3024
1.000000,1.000000,0.3024,-0.3024
1.000000,1.000000,0.3024,-0.3024
1.000000,1.000000,0.3024,-0.3024
1.000000,1.000000,0.3024,-0.3024
1.000000,1.000000,0.3024,-0.3024
1.000000,1.000000,0.3024,-0.3024
1.000000,1.000000,0.3024,-0.3024
1.000000,1.000000,0.3024,-0.3024
1.000000,1.000000,0.3024,-0.3024
1.000000,1.000000,0.3024,-0.3024
1.000000,1.000000,0.3024,-0.3024
1.000000,1.000000,0.3024,-0.3024
1.000000,1.000000,0.3024,-0.3024
1.000000,1.000000,0.3024,-0.3024
1.000000,1.000000,0.3024,-0.3024
1.000000,1.000000,0.3024,-0.3024
1.000000,1.000000,0.3024,-0.3024
1.000000,1.000000,0.3024,-0.3024
1.000000,1.000000,0.3024,-0.3024
1.000000,1.000000,0.3024,-0.3024
1.000000,1.000000,0.3024,-0.3024
1.000000,1.000000,0.3024,-0.3024
1.000000,1.000000,0.3024,-0.3024
1.000000,1.000000,0.3024,-0.3024
1.000000,1.000000,0.3024,-0.3024
1.000000,1.000000,0.3024,-0.3024
1.000000,1.000000,0.3024,-0.3024
1.000000,1.000000,0.3024,-0.3024
1.000000,1.000000,0.3024,-0.3024
1.000000,1.000000,0.3024,-0.3024
1.000000,1.000000,0.3024,-0.3024
1.000000,1.000000,0.3024,-0.3024
1.000000,1.000000,0.3024,-0.3024
1.000000,1.000000,0.3024,-0.3024
1.000000,1.000000,0.3024,-0.3024
1.000000,1.000000,0.3024,-0.3024
1.000000,1.000000,0.3024,-0.3024
1.000000,1.000000,0.3024,-0.3024
1.000000,1.000000,0.3024,-0.3024
1.000000,1.000000,0.3024,-0.3024
1.000000,1.000000,0.3024,-0.3024
1.000000,1.000000,0.3024,-0.3024
1.000000,1.000000,0.3024,-0.3024
1.000000,1.000000,0.3024,-0.3024
1.000000,1.000000,0.3024,-0.3024
1.000000,1.000000,0.3024,-0.3024
1.000000,1.000000,0.3024,-0.3024
1.000000,1.000000,0.3024,-0.3024
1.000000,1.000000,0.3024,-0.3024
1.000000,1.000000,0.3024,-0.3024
1.000000,1.000000,0.3024,-0.3024
1.000000,1.000000,0.3024,-0.3024
1.000000,1.000000,0.3024,-0.3024
1.000000,1.000000,0.3024,-0.3024
1.000000,1.000000,0.3024,-0.3024
1.000000,1.000000,0.3024,-0.3024
1.000000,1.000000,0.3024,-0.3024
1.000000,1.000000,0.3024,-0.3024
1.000000,1.000000,0.3024,-0.3024
1.000000,1.000000,0.3024,-0.3024
1.000000,1.000000,0.3024,-0.3024
1.000000,1.000000,0.3024,-0.3024
1.000000,1.000000,0.3024,-0.3024
1.000000,1.000000,0.3024,-0.3024
1.000000,1.000000,0.3024,-0.3024
1.000000,1.000000,0.3024,-0.3024
1.000000,1.000000,0.3024,-0.3024
1.000000,1.000000,0.3024,-0.3024
1.000000,1.000000,0.3024,-0.3024
0.983961,0.983961,0.3024,-0.3024
0.919807,0.919807,0.3024,-0.3024
0.919807,0.919807,0.3024,-0.3024
0.919807,0.919807,0.3024,-0.3024
0.919807,0.919807,0.3024,-0.3024
0.919807,0.919807,0.3024,-0.3024
0.919807,0.919807,0.3024,-0.3024
0.919807,0.919807,0.3024,-0.3024
0.919807,0.919807,0.3024,-0.3024
0.919807,0.919807,0.3024,-0.3024
0.919807,0.919807,0.3024,-0.3024
0.919807,0.919807,0.3024,-0.3024
0.919807,0.919807,0.3024,-0.3024
0.919807,0.919807,0.3024,-0.3024
0.919807,0.919807,0.3024,-0.3024
0.919807,0.919807,0.3024,-0.3024
0.919807,0.919807,0.3024,-0.3024
0.919807,0.919807,0.3024,-0.3024
0.919807,0.919807,0.3024,-0.3024
0.919807,0.919807,0.3024,-0.3024
0.919807,0.919807,0.3024,-0.3024
0.919807,0.919807,0.3024,-0.3024
0.919807,0.919807,0.3024,-0.3024
0.919807,0.919807,0.3024,-0.3024
0.919807,0.919807,0.3024,-0.3024
1.000000,1.000000,0.3024,-0.3024
1.000000,1.000000,0.3024,-0.3024
1.000000,1.000000,0.3024,-0.3024
0.919807,0.919807,0.3024,-0.3024
0.919807,0.919807,0.3024,-0.3024
1.000000,1.000000,0.3024,-0.3024
1.000000,1.000000,0.3024,-0.3024
1.000000,1.000000,0.3024,-0.3024
1.000000,1.000000,0.3024,-0.3024
1.000000,1.000000,0.3024,-0.3024
1.000000,1.000000,0.3024,-0.3024
1.000000,1.000000,0.3024,-0.3024
1.000000,1.000000,0.3024,-0.3024
1.000000,1.000000,0.3024,-0.3024
1.000000,1.000000,0.3024,-0.3024
1.000000,1.000000,0.3024,-0.3024
1.000000,1.000000,0.3024,-0.3024
1.000000,1.000000,0.3024,-0.3024
1.000000,1.000000,0.3024,-0.3024
1.000000,1.000000,0.3024,-0.3024
1.000000,1.000000,0.3024,-0.3024
1.000000,1.000000,0.3024,-0.3024
1.000000,1.000000,0.3024,-0.3024
1.000000,1.000000,0.3024,-0.3024
1.000000,1.000000,0.3024,-0.3024
1.000000,1.000000,0.3024,-0.3024
1.000000,1.000000,0.3024,-0.3024
1.000000,1.000000,0.3024,-0.3024
1.000000,1.000000,0.3024,-0.3024
1.000000,1.000000,0.3024,-0.3024
1.000000,1.000000,0.3024,-0.3024
0.983961,0.983961,0.3024,-0.3024
1.000000,1.000000,0.3024,-0.3024
1.000000,1.000000,0.3024,-0.3024
1.000000,1.000000,0.3024,-0.3024
1.000000,1.000000,0.3024,-0.3024
1.000000,1.000000,0.3024,-0.3024
1.000000,1.000000,0.3024,-0.3024
1.000000,1.000000,0.3024,-0.3024
1.000000,1.000000,0.3024,-0.3024
1.000000,1.000000,0.3024,-0.3024
1.000000,1.000000,0.3024,-0.3024
1.000000,1.000000,0.3024,-0.3024
1.000000,1.000000,0.3024,-0.3024
1.000000,1.000000,0.3024,-0.3024
1.000000,1.000000,0.3024,-0.3024
1.000000,1.000000,0.3024,-0.3024
1.000000,1.000000,0.3024,-0.3024
1.000000,1.000000,0.3024,-0.3024
1.000000,1.000000,0.3024,-0.3024
1.000000,1.000000,0.3024,-0.3024
1.000000,1.000000,0.3024,-0.3024
1.000000,1.000000,0.3024,-0.3024
1.000000,1.000000,0.3024,-0.3024
1.000000,1.000000,0.3024,-0.3024
1.000000,1.000000,0.3024,-0.3024
1.000000,1.000000,0.3024,-0.3024
1.000000,1.000000,0.3024,-0.3024
1.000000,1.000000,0.3024,-0.3024
1.000000,1.000000,0.3024,-0.3024
1.000000,1.000000,0.3024,-0.3024
1.000000,1.000000,0.3024,-0.3024
1.000000,1.000000,0.3024,-0.3024
1.000000,1.000000,0.3024,-0.3024
1.000000,1.000000,0.29914,-0.29914
1.000000,1.000000,0.298687,-0.298687
1.000000,1.000000,0.298235,-0.298235
1.000000,1.000000,0.297782,-0.297782
1.000000,1.000000,0.29733,-0.29733
1.000000,1.000000,0.3024,-0.3024
1.000000,1.000000,0.3024,-0.3024
1.000000,1.000000,0.3024,-0.3024
1.000000,1.000000,0.3024,-0.3024
1.000000,1.000000,0.3024,-0.3024
1.000000,1.000000,0.3024,-0.3024
1.000000,1.000000,0.3024,-0.3024
1.000000,1.000000,0.3024,-0.3024
1.000000,1.000000,0.3024,-0.3024
1.000000,1.000000,0.3024,-0.3024
1.000000,1.000000,0.3024,-0.3024
1.000000,1.000000,0.3024,-0.3024
0.919807,0.919807,0.3024,-0.3024
0.919807,0.919807,0.3024,-0.3024
0.919807,0.919807,0.3024,-0.3024
0.919807,0.919807,0.3024,-0.3024
0.919807,0.919807,0.3024,-0.3024
0.919807,0.919807,0.3024,-0.3024
0.919807,0.919807,0.3024,-0.3024
0.919807,0.919807,0.3024,-0.3024
0.919807,0.919807,0.3024,-0.3024
0.919807,0.919807,0.3024,-0.3024
0.919807,0.919807,0.3024,-0.3024
0.919807,0.919807,0.3024,-0.3024
0.919807,0.919807,0.3024,-0.3024
0.919807,0.919807,0.3024,-0.3024
0.919807,0.919807,0.3024,-0.3024
0.919807,0.919807,0.3024,-0.3024
0.919807,0.919807,0.3024,-0.3024
0.919807,0.919807,0.3024,-0.3024
0.919807,0.919807,0.3024,-0.3024
0.919807,0.919807,0.3024,-0.3024
0.919807,0.919807,0.3024,-0.3024
0.919807,0.919807,0.3024,-0.3024
0.919807,0.919807,0.3024,-0.3024
0.919807,0.919807,0.3024,-0.3024
0.919807,0.919807,0.3024,-0.3024
0.919807,0.919807,0.3024,-0.3024
0.919807,0.919807,0.3024,-0.3024
0.919807,0.919807,0.3024,-0.3024
0.919807,0.919807,0.3024,-0.3024
1.000000,1.000000,0.3024,-0.3024
0.919807,0.919807,0.3024,-0.3024
0.983961,0.983961,0.3024,-0.3024
1.000000,1.000000,0.3024,-0.3024
1.000000,1.000000,0.3024,-0.3024
1.000000,1.000000,0.3024,-0.3024
1.000000,1.000000,0.27628,-0.27628
1.000000,1.000000,0.275846,-0.275846
1.000000,1.000000,0.275412,-0.275412
1.000000,1.000000,0.274978,-0.274978
1.000000,1.000000,0.274543,-0.274543
1.000000,1.000000,0.3024,-0.3024
1.000000,1.000000,0.3024,-0.3024
1.000000,1.000000,0.3024,-0.3024
1.000000,1.000000,0.3024,-0.3024
1.000000,1.000000,0.3024,-0.3024
1.000000,1.000000,0.3024,-0.3024
1.000000,1.000000,0.3024,-0.3024
1.000000,1.000000,0.3024,-0.3024
1.000000,1.000000,0.3024,-0.3024
1.000000,1.000000,0.3024,-0.3024
1.000000,1.000000,0.3024,-0.3024
1.000000,1.000000,0.3024,-0.3024
1.000000,1.000000,0.3024,-0.3024
1.000000,1.000000,0.3024,-0.3024
1.000000,1.000000,0.3024,-0.3024
1.000000,1.000000,0.3024,-0.3024
1.000000,1.000000,0.3024,-0.3024
1.000000,1.000000,0.3024,-0.3024
1.000000,1.000000,0.3024,-0.3024
1.000000,1.000000,0.3024,-0.3024
1.000000,1.000000,0.3024,-0.3024
1.000000,1.000000,0.3024,-0.3024
1.000000,1.000000,0.3024,-0.3024
1.000000,1.000000,0.3024,-0.3024
1.000000,1.000000,0.3024,-0.3024
1.000000,1.000000,0.3024,-0.3024
1.000000,1.000000,0.3024,-0.3024
1.000000,1.000000,0.3024,-0.3024
1.000000,1.000000,0.3024,-0.3024
1.000000,1.000000,0.3024,-0.3024
1.000000,1.000000,0.3024,-0.3024
1.000000,1.000000,0.3024,-0.3024
1.000000,1.000000,0.3024,-0.3024
1.000000,1.000000,0.3024,-0.3024
1.000000,1.000000,0.3024,-0.3024
1.000000,1.000000,0.3024,-0.3024
1.000000,1.000000,0.3024,-0.3024
1.000000,1.000000,0.3024,-0.3024
1.000000,1.000000,0.3024,-0.3024
1.000000,1.000000,0.3024,-0.3024
1.000000,1.000000,0.3024,-0.3024
1.000000,1.000000,0.3024,-0.3024
1.000000,1.000000,0.3024,-0.3024
1.000000,1.000000,0.3024,-0.3024
1.000000,1.000000,0.3024,-0.3024
1.000000,1.000000,0.3024,-0.3024
1.000000,1.000000,0.3024,-0.3024
1.000000,1.000000,0.254389,-0.254389
1.000000,1.000000,0.253973,-0.253973
1.000000,1.000000,0.253558,-0.253558
1.000000,1.000000,0.253143,-0.253143
1.000000,1.000000,0.252727,-0.252727
1.000000,1.000000,0.3024,-0.3024
1.000000,1.000000,0.3024,-0.3024
1.000000,1.000000,0.3024,-0.3024
1.000000,1.000000,0.3024,-0.3024
1.000000,1.000000,0.3024,-0.3024
1.000000,1.000000,0.3024,-0.3024
1.000000,1.000000,0.3024,-0.3024
1.000000,1.000000,0.3024,-0.3024
1.000000,1.000000,0.3024,-0.3024
1.000000,1.000000,0.3024,-0.3024
1.000000,1.000000,0.3024,-0.3024
1.000000,1.000000,0.3024,-0.3024
1.000000,1.000000,0.3024,-0.3024
1.000000,1.000000,0.3024,-0.3024
1.000000,1.000000,0.3024,-0.3024
1.000000,1.000000,0.3024,-0.3024
1.000000,1.000000,0.3024,-0.3024
1.000000,1.000000,0.3024,-0.3024
1.000000,1.000000,0.3024,-0.3024
1.000000,1.000000,0.3024,-0.3024
1.000000,1.000000,0.3024,-0.3024
1.000000,1.000000,0.3024,-0.3024
1.000000,1.000000,0.3024,-0.3024
1.000000,1.000000,0.3024,-0.3024
1.000000,1.000000,0.3024,-0.3024
1.000000,1.000000,0.3024,-0.3024
1.000000,1.000000,0.3024,-0.3024
1.000000,1.000000,0.3024,-0.3024
0.919807,0.919807,0.3024,-0.3024
1.000000,1.000000,0.3024,-0.3024
1.000000,1.000000,0.3024,-0.3024
0.919807,0.919807,0.3024,-0.3024
0.919807,0.919807,0.3024,-0.3024
0.919807,0.919807,0.3024,-0.3024
0.919807,0.919807,0.3024,-0.3024
1.000000,1.000000,0.3024,-0.3024
1.000000,1.000000,0.3024,-0.3024
1.000000,1.000000,0.3024,-0.3024
1.000000,1.000000,0.3024,-0.3024
1.000000,1.000000,0.3024,-0.3024
1.000000,1.000000,0.3024,-0.3024
1.000000,1.000000,0.3024,-0.3024
1.000000,1.000000,0.3024,-0.3024
1.000000,1.000000,0.3024,-0.3024
1.000000,1.000000,0.3024,-0.3024
1.000000,1.000000,0.3024,-0.3024
1.000000,1.000000,0.3024,-0.3024
1.000000,1.000000,0.233486,-0.233486
1.000000,1.000000,0.23309,-0.23309
1.000000,1.000000,0.232694,-0.232694
1.000000,1.000000,0.232298,-0.232298
1.000000,1.000000,0.231901,-0.231901
1.000000,1.000000,0.3024,-0.3024
1.000000,1.000000,0.3024,-0.3024
1.000000,1.000000,0.3024,-0.3024
1.000000,1.000000,0.3024,-0.3024
1.000000,1.000000,0.3024,-0.3024
1.000000,1.000000,0.3024,-0.3024
1.000000,1.000000,0.3024,-0.3024
1.000000,1.000000,0.3024,-0.3024
1.000000,1.000000,0.3024,-0.3024
1.000000,1.000000,0.3024,-0.3024
1.000000,1.000000,0.3024,-0.3024
1.000000,1.000000,0.3024,-0.3024
0.919807,0.919807,0.3024,-0.3024
1.000000,1.000000,0.3024,-0.3024
1.000000,1.000000,0.3024,-0.3024
1.000000,1.000000,0.3024,-0.3024
1.000000,1.000000,0.3024,-0.3024
1.000000,1.000000,0.3024,-0.3024
1.000000,1.000000,0.3024,-0.3024
1.000000,1.000000,0.3024,-0.3024
1.000000,1.000000,0.3024,-0.3024
1.000000,1.000000,0.3024,-0.3024
1.000000,1.000000,0.3024,-0.3024
1.000000,1.000000,0.3024,-0.3024
1.000000,1.000000,0.3024,-0.3024
1.000000,1.000000,0.3024,-0.3024
0.919807,0.919807,0.3024,-0.3024
0.919807,0.919807,0.3024,-0.3024
0.919807,0.919807,0.3024,-0.3024
1.000000,1.000000,0.3024,-0.3024
1.000000,1.000000,0.3024,-0.3024
1.000000,1.000000,0.3024,-0.3024
1.000000,1.000000,0.3024,-0.3024
1.000000,1.000000,0.3024,-0.3024
1.000000,1.000000,0.3024,-0.3024
1.000000,1.000000,0.3024,-0.3024
1.000000,1.000000,0.3024,-0.3024
1.000000,1.000000,0.3024,-0.3024
1.000000,1.000000,0.3024,-0.3024
1.000000,1.000000,0.3024,-0.3024
1.000000,1.000000,0.3024,-0.3024
1.000000,1.000000,0.3024,-0.3024
1.000000,1.000000,0.3024,-0.3024
1.000000,1.000000,0.3024,-0.3024
1.000000,1.000000,0.3024,-0.3024
1.000000,1.000000,0.3024,-0.3024
1.000000,1.000000,0.3024,-0.3024
1.000000,1.000000,0.3024,-0.3024
1.000000,1.000000,0.3024,-0.3024
1.000000,1.000000,0.3024,-0.3024
1.000000,1.000000,0.3024,-0.3024
1.000000,1.000000,0.3024,-0.3024
1.000000,1.000000,0.3024,-0.3024
1.000000,1.000000,0.3024,-0.3024
1.000000,1.000000,0.3024,-0.3024
1.000000,1.000000,0.3024,-0.3024
1.000000,1.000000,0.3024,-0.3024
1.000000,1.000000,0.3024,-0.3024
1.000000,1.000000,0.3024,-0.3024
1.000000,1.000000,0.3024,-0.3024
1.000000,1.000000,0.3024,-0.3024
1.000000,1.000000,0.3024,-0.3024
1.000000,1.000000,0.3024,-0.3024
1.000000,1.000000,0.3024,-0.3024
1.000000,1.000000,0.3024,-0.3024
1.000000,1.000000,0.3024,-0.3024
1.000000,1.000000,0.3024,-0.3024
1.000000,1.000000,0.3024,-0.3024
1.000000,1.000000,0.3024,-0.3024
1.000000,1.000000,0.3024,-0.3024
1.000000,1.000000,0.3024,-0.3024
0.919807,0.919807,0.3024,-0.3024
0.919807,0.919807,0.3024,-0.3024
0.919807,0.919807,0.3024,-0.3024
0.919807,0.919807,0.3024,-0.3024
0.919807,0.919807,0.3024,-0.3024
0.919807,0.919807,0.3024,-0.3024
0.919807,0.919807,0.3024,-0.3024
0.919807,0.919807,0.3024,-0.3024
0.919807,0.919807,0.3024,-0.3024
0.919807,0.919807,0.3024,-0.3024
0.919807,0.919807,0.3024,-0.3024
0.919807,0.919807,0.3024,-0.3024
0.919807,0.919807,0.3024,-0.3024
0.919807,0.919807,0.3024,-0.3024
0.919807,0.919807,0.3024,-0.3024
0.919807,0.919807,0.3024,-0.3024
0.919807,0.919807,0.3024,-0.3024
0.919807,0.919807,0.3024,-0.3024
0.919807,0.919807,0.3024,-0.3024
0.919807,0.919807,0.3024,-0.3024
0.919807,0.919807,0.3024,-0.3024
0.919807,0.919807,0.3024,-0.3024
0.919807,0.919807,0.3024,-0.3024
0.919807,0.919807,0.3024,-0.3024
0.919807,0.919807,0.3024,-0.3024
0.919807,0.919807,0.3024,-0.3024
0.919807,0.919807,0.3024,-0.3024
0.919807,0.919807,0.3024,-0.3024
0.919807,0.919807,0.3024,-0.3024
0.919807,0.919807,0.3024,-0.3024
0.919807,0.919807,0.3024,-0.3024
0.919807,0.919807,0.3024,-0.3024
0.919807,0.919807,0.3024,-0.3024
0.919807,0.919807,0.3024,-0.3024
0.919807,0.919807,0.3024,-0.3024
0.919807,0.919807,0.3024,-0.3024
0.919807,0.919807,0.3024,-0.3024
0.919807,0.919807,0.3024,-0.3024
0.919807,0.919807,0.3024,-0.3024
0.919807,0.919807,0.3024,-0.3024
0.919807,0.919807,0.3024,-0.3024
0.919807,0.919807,0.3024,-0.3024
0.919807,0.919807,0.3024,-0.3024
0.919807,0.919807,0.3024,-0.3024
0.919807,0.919807,0.3024,-0.3024
0.919807,0.919807,0.3024,-0.3024
0.919807,0.919807,0.3024,-0.3024
0.919807,0.919807,0.3024,-0.3024
0.919807,0.919807,0.3024,-0.3024
0.919807,0.919807,0.3024,-0.3024
0.919807,0.919807,0.3024,-0.3024
0.919807,0.919807,0.3024,-0.3024
0.919807,0.919807,0.3024,-0.3024
0.919807,0.919807,0.3024,-0.3024
0.919807,0.919807,0.3024,-0.3024
0.919807,0.919807,0.3024,-0.3024
0.919807,0.919807,0.3024,-0.3024
0.919807,0.919807,0.3024,-0.3024
0.919807,0.919807,0.3024,-0.3024
0.919807,0.919807,0.3024,-0.3024
0.919807,0.919807,0.3024,-0.3024
0.919807,0.919807,0.3024,-0.3024
0.919807,0.919807,0.3024,-0.3024
0.919807,0.919807,0.3024,-0.3024
0.983961,0.983961,0.3024,-0.3024
1.000000,1.000000,0.3024,-0.3024
1.000000,1.000000,0.3024,-0.3024
1.000000,1.000000,0.3024,-0.3024
1.000000,1.000000,0.3024,-0.3024
0.919807,0.919807,0.3024,-0.3024
0.919807,0.919807,0.3024,-0.3024
1.000000,1.000000,0.3024,-0.3024
1.000000,1.000000,0.3024,-0.3024
1.000000,1.000000,0.3024,-0.3024
1.000000,1.000000,0.3024,-0.3024
1.000000,1.000000,0.3024,-0.3024
1.000000,1.000000,0.3024,-0.3024
1.000000,1.000000,0.3024,-0.3024
1.000000,1.000000,0.3024,-0.3024
1.000000,1.000000,0.3024,-0.3024
1.000000,1.000000,0.3024,-0.3024
1.000000,1.000000,0.3024,-0.3024
1.000000,1.000000,0.3024,-0.3024
1.000000,1.000000,0.3024,-0.3024
1.000000,1.000000,0.3024,-0.3024
1.000000,1.000000,0.3024,-0.3024
1.000000,1.000000,0.3024,-0.3024
1.000000,1.000000,0.3024,-0.3024
1.000000,1.000000,0.3024,-0.3024
1.000000,1.000000,0.3024,-0.3024
1.000000,1.000000,0.3024,-0.3024
1.000000,1.000000,0.3024,-0.3024
1.000000,1.000000,0.3024,-0.3024
1.000000,1.000000,0.3024,-0.3024
1.000000,1.000000,0.3024,-0.3024
1.000000,1.000000,0.3024,-0.3024
1.000000,1.000000,0.3024,-0.3024
1.000000,1.000000,0.3024,-0.3024
1.000000,1.000000,0.3024,-0.3024
1.000000,1.000000,0.3024,-0.3024
1.000000,1.000000,0.3024,-0.3024
1.000000,1.000000,0.3024,-0.3024
1.000000,1.000000,0.3024,-0.3024
1.000000,1.000000,0.3024,-0.3024
1.000000,1.000000,0.3024,-0.3024
1.000000,1.000000,0.3024,-0.3024
0.919807,0.919807,0.3024,-0.3024
1.000000,1.000000,0.3024,-0.3024
1.000000,1.000000,0.3024,-0.3024
0.983961,0.983961,0.3024,-0.3024
0.919807,0.919807,0.3024,-0.3024
0.919807,0.919807,0.3024,-0.3024
0.919807,0.919807,0.3024,-0.3024
0.919807,0.919807,0.3024,-0.3024
0.919807,0.919807,0.3024,-0.3024
0.919807,0.919807,0.3024,-0.3024
0.919807,0.919807,0.3024,-0.3024
0.919807,0.919807,0.3024,-0.3024
1.000000,1.000000,0.3024,-0.3024
0.919807,0.919807,0.3024,-0.3024
0.919807,0.919807,0.3024,-0.3024
0.919807,0.919807,0.3024,-0.3024
0.919807,0.919807,0.3024,-0.3024
1.000000,1.000000,0.3024,-0.3024
1.000000,1.000000,0.3024,-0.3024
1.000000,1.000000,0.3024,-0.3024
0.983961,0.983961,0.3024,-0.3024
1.000000,1.000000,0.3024,-0.3024
1.000000,1.000000,0.3024,-0.3024
1.000000,1.000000,0.3024,-0.3024
1.000000,1.000000,0.3024,-0.3024
1.000000,1.000000,0.3024,-0.3024
1.000000,1.000000,0.3024,-0.3024
1.000000,1.000000,0.3024,-0.3024
1.000000,1.000000,0.3024,-0.3024
1.000000,1.000000,0.3024,-0.3024
1.000000,1.000000,0.3024,-0.3024
1.000000,1.000000,0.3024,-0.3024
1.000000,1.000000,0.3024,-0.3024
0.919807,0.919807,0.3024,-0.3024
0.919807,0.919807,0.3024,-0.3024
0.919807,0.919807,0.3024,-0.3024
0.919807,0.919807,0.3024,-0.3024
0.919807,0.919807,0.3024,-0.3024
0.919807,0.919807,0.3024,-0.3024
0.919807,0.919807,0.3024,-0.3024
0.919807,0.919807,0.3024,-0.3024
0.919807,0.919807,0.3024,-0.3024
0.919807,0.919807,0.3024,-0.3024
0.919807,0.919807,0.3024,-0.3024
0.919807,0.919807,0.3024,-0.3024
0.919807,0.919807,0.3024,-0.3024
0.919807,0.919807,0.3024,-0.3024
0.919807,0.919807,0.3024,-0.3024
0.919807,0.919807,0.3024,-0.3024
0.919807,0.919807,0.3024,-0.3024
0.919807,0.919807,0.3024,-0.3024
0.919807,0.919807,0.3024,-0.3024
0.919807,0.919807,0.3024,-0.3024
0.919807,0.919807,0.3024,-0.3024
0.983961,0.983961,0.3024,-0.3024
0.919807,0.919807,0.3024,-0.3024
0.919807,0.919807,0.3024,-0.3024
0.919807,0.919807,0.3024,-0.3024
0.919807,0.919807,0.3024,-0.3024
0.919807,0.919807,0.3024,-0.3024
0.919807,0.919807,0.3024,-0.3024
0.919807,0.919807,0.3024,-0.3024
0.919807,0.919807,0.3024,-0.3024
0.919807,0.919807,0.3024,-0.3024
0.983961,0.983961,0.3024,-0.3024
0.983961,0.983961,0.3024,-0.3024
1.000000,1.000000,0.3024,-0.3024
0.919807,0.919807,0.3024,-0.3024
0.919807,0.919807,0.3024,-0.3024
0.919807,0.919807,0.3024,-0.3024
1.000000,1.000000,0.3024,-0.3024
1.000000,1.000000,0.3024,-0.3024
1.000000,1.000000,0.3024,-0.3024
1.000000,1.000000,0.3024,-0.3024
1.000000,1.000000,0.3024,-0.3024
1.000000,1.000000,0.3024,-0.3024
1.000000,1.000000,0.3024,-0.3024
1.000000,1.000000,0.3024,-0.3024
1.000000,1.000000,0.3024,-0.3024
1.000000,1.000000,0.3024,-0.3024
1.000000,1.000000,0.3024,-0.3024
1.000000,1.000000,0.3024,-0.3024
1.000000,1.000000,0.3024,-0.3024
1.000000,1.000000,0.3024,-0.3024
1.000000,1.000000,0.3024,-0.3024
1.000000,1.000000,0.3024,-0.3024
1.000000,1.000000,0.3024,-0.3024
1.000000,1.000000,0.3024,-0.3024
1.000000,1.000000,0.3024,-0.3024
1.000000,1.000000,0.3024,-0.3024
0.983961,0.983961,0.3024,-0.3024
0.919807,0.919807,0.3024,-0.3024
0.919807,0.919807,0.3024,-0.3024
0.919807,0.919807,0.3024,-0.3024
0.919807,0.919807,0.3024,-0.3024
0.919807,0.919807,0.3024,-0.3024
0.919807,0.919807,0.3024,-0.3024
0.919807,0.919807,0.3024,-0.3024
0.919807,0.919807,0.3024,-0.3024
0.919807,0.919807,0.3024,-0.3024
0.919807,0.919807,0.3024,-0.3024
0.919807,0.919807,0.3024,-0.3024
0.919807,0.919807,0.3024,-0.3024
0.919807,0.919807,0.3024,-0.3024
0.919807,0.919807,0.3024,-0.3024
0.919807,0.919807,0.3024,-0.3024
0.919807,0.919807,0.3024,-0.3024
0.919807,0.919807,0.3024,-0.3024
0.919807,0.919807,0.3024,-0.3024
0.919807,0.919807,0.3024,-0.3024
0.919807,0.919807,0.3024,-0.3024
0.919807,0.919807,0.3024,-0.3024
0.919807,0.919807,0.3024,-0.3024
0.919807,0.919807,0.3024,-0.3024
0.919807,0.919807,0.3024,-0.3024
0.919807,0.919807,0.3024,-0.3024
0.919807,0.919807,0.3024,-0.3024
0.919807,0.919807,0.3024,-0.3024
0.919807,0.919807,0.3024,-0.3024
0.919807,0.919807,0.3024,-0.3024
0.919807,0.919807,0.3024,-0.3024
0.919807,0.919807,0.3024,-0.3024
0.919807,0.919807,0.3024,-0.3024
0.919807,0.919807,0.3024,-0.3024
0.919807,0.919807,0.3024,-0.3024
0.919807,0.919807,0.3024,-0.3024
0.919807,0.919807,0.3024,-0.3024
0.919807,0.919807,0.3024,-0.3024
0.919807,0.919807,0.3024,-0.3024
0.919807,0.919807,0.3024,-0.3024
0.919807,0.919807,0.3024,-0.3024
0.919807,0.919807,0.3024,-0.3024
0.919807,0.919807,0.3024,-0.3024
0.919807,0.919807,0.3024,-0.3024
0.919807,0.919807,0.3024,-0.3024
0.919807,0.919807,0.3024,-0.3024
0.919807,0.919807,0,-0
0.919807,0.919807,0,-0
0.919807,0.919807,0,-0
0.919807,0.919807,0,-0
0.919807,0.919807,0,-0
0.919807,0.919807,0,-0
0.919807,0.919807,0,-0
0.919807,0.919807,0,-0
0.919807,0.919807,0,-0
0.919807,0.919807,0,-0
0.919807,0.919807,0,-0
0.919807,0.919807,0,-0
0.919807,0.919807,0,-0
0.919807,0.919807,0,-0
0.919807,0.919807,0,-0
0.919807,0.919807,0,-0
0.919807,0.919807,0,-0
0.919807,0.919807,0,-0
0.919807,0.919807,0,-0
0.919807,0.919807,0,-0
0.919807,0.919807,0,-0
0.919807,0.919807,0,-0
0.919807,0.919807,0.3024,-0.3024
0.919807,0.919807,0.3024,-0.3024
0.919807,0.919807,0.3024,-0.3024
0.919807,0.919807,0.3024,-0.3024
0.919807,0.919807,0.3024,-0.3024
0.919807,0.919807,0.3024,-0.3024
0.919807,0.919807,0.3024,-0.3024
0.919807,0.919807,0.3024,-0.3024
0.919807,0.919807,0.3024,-0.3024
0.919807,0.919807,0.3024,-0.3024
0.919807,0.919807,0.3024,-0.3024
0.919807,0.919807,0.3024,-0.3024
0.919807,0.919807,0.3024,-0.3024
1.000000,1.000000,0.3024,-0.3024
0.919807,0.919807,0.3024,-0.3024
0.919807,0.919807,0.3024,-0.3024
0.919807,0.919807,0.3024,-0.3024
1.000000,1.000000,0.3024,-0.3024
1.000000,1.000000,0.3024,-0.3024
1.000000,1.000000,0.3024,-0.3024
1.000000,1.000000,0.3024,-0.3024
0.983961,0.983961,0.3024,-0.3024
1.000000,1.000000,0.3024,-0.3024
1.000000,1.000000,0.3024,-0.3024
1.000000,1.000000,0.3024,-0.3024
1.000000,1.000000,0.3024,-0.3024
1.000000,1.000000,0.3024,-0.3024
1.000000,1.000000,0.3024,-0.3024
1.000000,1.000000,0.3024,-0.3024
1.000000,1.000000,0.3024,-0.3024
1.000000,1.000000,0.3024,-0.3024
0.983961,0.983961,0.3024,-0.3024
0.983961,0.983961,0.3024,-0.3024
0.919807,0.919807,0.3024,-0.3024
0.919807,0.919807,0.3024,-0.3024
0.919807,0.919807,0.3024,-0.3024
0.919807,0.919807,0.3024,-0.3024
0.919807,0.919807,0.3024,-0.3024
0.919807,0.919807,0.3024,-0.3024
0.919807,0.919807,0.3024,-0.3024
0.919807,0.919807,0.3024,-0.3024
0.919807,0.919807,0.3024,-0.3024
0.919807,0.919807,0.3024,-0.3024
0.919807,0.919807,0.3024,-0.3024
0.919807,0.919807,0.3024,-0.3024
0.919807,0.919807,0.3024,-0.3024
0.919807,0.919807,0.3024,-0.3024
0.919807,0.919807,0.3024,-0.3024
0.919807,0.919807,0.3024,-0.3024
0.983961,0.983961,0.3024,-0.3024
0.983961,0.983961,0.3024,-0.3024
0.919807,0.919807,0.3024,-0.3024
0.919807,0.919807,0.3024,-0.3024
0.919807,0.919807,0.3024,-0.3024
0.919807,0.919807,0.3024,-0.3024
0.919807,0.919807,0.3024,-0.3024
0.919807,0.919807,0.3024,-0.3024
0.919807,0.919807,0.3024,-0.3024
0.919807,0.919807,0.3024,-0.3024
0.919807,0.919807,0.3024,-0.3024
0.919807,0.919807,0.3024,-0.3024
0.919807,0.919807,0.3024,-0.3024
0.919807,0.919807,0.3024,-0.3024
0.919807,0.919807,0.3024,-0.3024
0.919807,0.919807,0.3024,-0.3024
0.919807,0.919807,0.3024,-0.3024
0.919807,0.919807,0.3024,-0.3024
0.919807,0.919807,0.3024,-0.3024
1.000000,1.000000,0.3024,-0.3024
1.000000,1.000000,0.3024,-0.3024
1.000000,1.000000,0.3024,-0.3024
1.000000,1.000000,0.3024,-0.3024
1.000000,1.000000,0.3024,-0.3024
1.000000,1.000000,0.3024,-0.3024
1.000000,1.000000,0.3024,-0.3024
1.000000,1.000000,0.3024,-0.3024
1.000000,1.000000,0.3024,-0.3024
1.000000,1.000000,0.3024,-0.3024
1.000000,1.000000,0.3024,-0.3024
0.919807,0.919807,0.3024,-0.3024
0.983961,0.983961,0.3024,-0.3024
0.983961,0.983961,0.3024,-0.3024
0.919807,0.919807,0.3024,-0.3024
0.919807,0.919807,0.3024,-0.3024
1.000000,1.000000,0.3024,-0.3024
0.919807,0.919807,0.3024,-0.3024
1.000000,1.000000,0.3024,-0.3024
1.000000,1.000000,0.3024,-0.3024
1.000000,1.000000,0.3024,-0.3024
1.000000,1.000000,0,-0
1.000000,1.000000,0,-0
1.000000,1.000000,0,-0
1.000000,1.000000,0,-0
1.000000,1.000000,0,-0
1.000000,1.000000,0,-0
1.000000,1.000000,0,-0
1.000000,1.000000,0,-0
1.000000,1.000000,0,-0
1.000000,1.000000,0,-0
1.000000,1.000000,0,-0
1.000000,1.000000,0,-0
1.000000,1.000000,0,-0
1.000000,1.000000,0,-0
1.000000,1.000000,0,-0
1.000000,1.000000,0,-0
1.000000,1.000000,0,-0
1.000000,1.000000,0,-0
1.000000,1.000000,0,-0
1.000000,1.000000,0,-0
1.000000,1.000000,0,-0
1.000000,1.000000,0,-0
1.000000,1.000000,0,-0
1.000000,1.000000,0,-0
1.000000,1.000000,0,-0
1.000000,1.000000,0,-0
1.000000,1.000000,0,-0
1.000000,1.000000,0,-0
1.000000,1.000000,0,-0
1.000000,1.000000,0,-0
1.000000,1.000000,0,-0
1.000000,1.000000,0,-0
1.000000,1.000000,0,-0
1.000000,1.000000,0,-0
1.000000,1.000000,0,-0
1.000000,1.000000,0,-0
1.000000,1.000000,0,-0
1.000000,1.000000,0,-0
1.000000,1.000000,0,-0
1.000000,1.000000,0,-0
1.000000,1.000000,0,-0
1.000000,1.000000,0,-0
1.000000,1.000000,0,-0
1.000000,1.000000,0,-0
1.000000,1.000000,0,-0
1.000000,1.000000,0,-0
1.000000,1.000000,0,-0
1.000000,1.000000,0,-0
1.000000,1.000000,0,-0
1.000000,1.000000,0,-0
1.000000,1.000000,0,-0
1.000000,1.000000,0,-0
1.000000,1.000000,0,-0
1.000000,1.000000,0,-0
1.000000,1.000000,0,-0
1.000000,1.000000,0,-0
1.000000,1.000000,0,-0
1.000000,1.000000,0,-0
1.000000,1.000000,0,-0
1.000000,1.000000,0,-0
1.000000,1.000000,0,-0
1.000000,1.000000,0,-0
1.000000,1.000000,0,-0
1.000000,1.000000,0,-0
1.000000,1.000000,0,-0
1.000000,1.000000,0,-0
1.000000,1.000000,0.3024,-0.3024
1.000000,1.000000,0.3024,-0.3024
0.919807,0.919807,0.3024,-0.3024
0.919807,0.919807,0.3024,-0.3024
0.919807,0.919807,0.3024,-0.3024
0.919807,0.919807,0.3024,-0.3024
0.919807,0.919807,0.3024,-0.3024
0.919807,0.919807,0.3024,-0.3024
0.919807,0.919807,0.3024,-0.3024
0.919807,0.919807,0.3024,-0.3024
0.919807,0.919807,0.3024,-0.3024
0.919807,0.919807,0.3024,-0.3024
0.919807,0.919807,0.3024,-0.3024
0.919807,0.919807,0.3024,-0.3024
0.919807,0.919807,0.3024,-0.3024
0.983961,0.983961,0.3024,-0.3024
0.919807,0.919807,0.3024,-0.3024
1.000000,1.000000,0.3024,-0.3024
1.000000,1.000000,0.3024,-0.3024
1.000000,1.000000,0.3024,-0.3024
1.000000,1.000000,0.3024,-0.3024
1.000000,1.000000,0.3024,-0.3024
1.000000,1.000000,0.3024,-0.3024
1.000000,1.000000,0.3024,-0.3024
1.000000,1.000000,0.3024,-0.3024
1.000000,1.000000,0.3024,-0.3024
1.000000,1.000000,0.3024,-0.3024
1.000000,1.000000,0.3024,-0.3024
1.000000,1.000000,0.3024,-0.3024
1.000000,1.000000,0.3024,-0.3024
1.000000,1.000000,0.3024,-0.3024
1.000000,1.000000,0.3024,-0.3024
1.000000,1.000000,0.3024,-0.3024
1.000000,1.000000,0.3024,-0.3024
1.000000,1.000000,0.3024,-0.3024
1.000000,1.000000,0.3024,-0.3024
1.000000,1.000000,0.3024,-0.3024
1.000000,1.000000,0.3024,-0.3024
1.000000,1.000000,0.3024,-0.3024
1.000000,1.000000,0.3024,-0.3024
1.000000,1.000000,0.3024,-0.3024
1.000000,1.000000,0.3024,-0.3024
1.000000,1.000000,0.3024,-0.3024
1.000000,1.000000,0.3024,-0.3024
1.000000,1.000000,0.3024,-0.3024
1.000000,1.000000,0.3024,-0.3024
1.000000,1.000000,0.3024,-0.3024
1.000000,1.000000,0.3024,-0.3024
1.000000,1.000000,0.3024,-0.3024
0.919807,0.919807,0.3024,-0.3024
0.919807,0.919807,0.3024,-0.3024
0.919807,0.919807,0.3024,-0.3024
0.919807,0.919807,0.3024,-0.3024
0.919807,0.919807,0.3024,-0.3024
0.919807,0.919807,0.3024,-0.3024
0.919807,0.919807,0.3024,-0.3024
0.919807,0.919807,0.3024,-0.3024
0.919807,0.919807,0.3024,-0.3024
0.919807,0.919807,0.3024,-0.3024
0.919807,0.919807,0.3024,-0.3024
0.919807,0.919807,0.3024,-0.3024
0.919807,0.919807,0.3024,-0.3024
0.919807,0.919807,0.3024,-0.3024
0.919807,0.919807,0.3024,-0.3024
0.919807,0.919807,0.3024,-0.3024
0.919807,0.919807,0.3024,-0.3024
0.919807,0.919807,0.3024,-0.3024
0.919807,0.919807,0.3024,-0.3024
0.919807,0.919807,0.3024,-0.3024
1.000000,1.000000,0.3024,-0.3024
1.000000,1.000000,0.3024,-0.3024
1.000000,1.000000,0.3024,-0.3024
1.000000,1.000000,0.3024,-0.3024
1.000000,1.000000,0.3024,-0.3024
1.000000,1.000000,0.3024,-0.3024
1.000000,1.000000,0.3024,-0.3024
1.000000,1.000000,0.3024,-0.3024
1.000000,1.000000,0.3024,-0.3024
1.000000,1.000000,0.3024,-0.3024
0.919807,0.919807,0.3024,-0.3024
0.983961,0.983961,0.3024,-0.3024
1.000000,1.000000,0.3024,-0.3024
0.919807,0.919807,0.3024,-0.3024
0.919807,0.919807,0.3024,-0.3024
0.919807,0.919807,0.3024,-0.3024
0.919807,0.919807,0.3024,-0.3024
0.919807,0.919807,0.3024,-0.3024
0.919807,0.919807,0.3024,-0.3024
0.919807,0.919807,0.3024,-0.3024
0.919807,0.919807,0.3024,-0.3024
0.919807,0.919807,0.3024,-0.3024
0.919807,0.919807,0.3024,-0.3024
0.919807,0.919807,0.3024,-0.3024
0.919807,0.919807,0.3024,-0.3024
0.919807,0.919807,0.3024,-0.3024
0.919807,0.919807,0.3024,-0.3024
0.919807,0.919807,0.3024,-0.3024
0.919807,0.919807,0.3024,-0.3024
1.000000,1.000000,0.3024,-0.3024
1.000000,1.000000,0.3024,-0.3024
1.000000,1.000000,0.3024,-0.3024
1.000000,1.000000,0.3024,-0.3024
1.000000,1.000000,0.3024,-0.3024
1.000000,1.000000,0.3024,-0.3024
1.000000,1.000000,0.3024,-0.3024
1.000000,1.000000,0.3024,-0.3024
1.000000,1.000000,0.3024,-0.3024
1.000000,1.000000,0.3024,-0.3024
1.000000,1.000000,0.3024,-0.3024
1.000000,1.000000,0.3024,-0.3024
1.000000,1.000000,0.3024,-0.3024
1.000000,1.000000,0.3024,-0.3024
0.919807,0.919807,0.3024,-0.3024
0.919807,0.919807,0.3024,-0.3024
0.919807,0.919807,0.3024,-0.3024
0.919807,0.919807,0.3024,-0.3024
0.919807,0.919807,0.3024,-0.3024
0.919807,0.919807,0.3024,-0.3024
0.919807,0.919807,0.3024,-0.3024
0.919807,0.919807,0.3024,-0.3024
0.919807,0.919807,0.3024,-0.3024
1.000000,1.000000,0.3024,-0.3024
1.000000,1.000000,0.3024,-0.3024
1.000000,1.000000,0.3024,-0.3024
1.000000,1.000000,0.3024,-0.3024
1.000000,1.000000,0,-0
1.000000,1.000000,0.3024,-0.3024
1.000000,1.000000,0.3024,-0.3024
1.000000,1.000000,0,-0
1.000000,1.000000,0,-0
1.000000,1.000000,0,-0
1.000000,1.000000,0,-0
1.000000,1.000000,0,-0
1.000000,1.000000,0,-0
1.000000,1.000000,0,-0
1.000000,1.000000,0,-0
1.000000,1.000000,0,-0
1.000000,1.000000,0,-0
1.000000,1.000000,0,-0
1.000000,1.000000,0,-0
1.000000,1.000000,0,-0
1.000000,1.000000,0,-0
1.000000,1.000000,0,-0
1.000000,1.000000,0,-0
1.000000,1.000000,0,-0
1.000000,1.000000,0,-0
1.000000,1.000000,0,-0
1.000000,1.000000,0,-0
1.000000,1.000000,0,-0
1.000000,1.000000,0,-0
1.000000,1.000000,0,-0
1.000000,1.000000,0,-0
1.000000,1.000000,0,-0
1.000000,1.000000,0,-0
1.000000,1.000000,0,-0
1.000000,1.000000,0,-0
1.000000,1.000000,0,-0
1.000000,1.000000,0,-0
1.000000,1.000000,0,-0
1.000000,1.000000,0,-0
1.000000,1.000000,0,-0
1.000000,1.000000,0,-0
1.000000,1.000000,0,-0
1.000000,1.000000,0,-0
1.000000,1.000000,0,-0
1.000000,1.000000,0,-0
1.000000,1.000000,0,-0
1.000000,1.000000,0,-0
1.000000,1.000000,0,-0
1.000000,1.000000,0,-0
1.000000,1.000000,0,-0
1.000000,1.000000,0,-0
1.000000,1.000000,0,-0
1.000000,1.000000,0,-0
1.000000,1.000000,0,-0
1.000000,1.000000,0,-0
1.000000,1.000000,0,-0
1.000000,1.000000,0,-0
1.000000,1.000000,0,-0
1.000000,1.000000,0,-0
1.000000,1.000000,0,-0
1.000000,1.000000,0,-0
1.000000,1.000000,0,-0
1.000000,1.000000,0,-0
1.000000,1.000000,0,-0
1.000000,1.000000,0,-0
1.000000,1.000000,0,-0
1.000000,1.000000,0,-0
0.983961,0.983961,0.3024,-0.3024
0.919807,0.919807,0.3024,-0.3024
1.000000,1.000000,0.3024,-0.3024
1.000000,1.000000,0.3024,-0.3024
0.919807,0.919807,0.3024,-0.3024
1.000000,1.000000,0,-0
1.000000,1.000000,0,-0
1.000000,1.000000,0,-0
1.000000,1.000000,0,-0
1.000000,1.000000,0,-0
1.000000,1.000000,0,-0
1.000000,1.000000,0,-0
1.000000,1.000000,0,-0
1.000000,1.000000,0,-0
1.000000,1.000000,0,-0
1.000000,1.000000,0,-0
1.000000,1.000000,0,-0
1.000000,1.000000,0,-0
1.000000,1.000000,0,-0
1.000000,1.000000,0,-0
1.000000,1.000000,0,-0
1.000000,1.000000,0,-0
1.000000,1.000000,0,-0
1.000000,1.000000,0,-0
1.000000,1.000000,0,-0
1.000000,1.000000,0,-0
1.000000,1.000000,0,-0
1.000000,1.000000,0,-0
1.000000,1.000000,0,-0
1.000000,1.000000,0,-0
1.000000,1.000000,0.3024,-0.3024
1.000000,1.000000,0.3024,-0.3024
1.000000,1.000000,0.3024,-0.3024
1.000000,1.000000,0,-0
1.000000,1.000000,0.3024,-0.3024
1.000000,1.000000,0.3024,-0.3024
1.000000,1.000000,0.3024,-0.3024
1.000000,1.000000,0,-0
1.000000,1.000000,0,-0
1.000000,1.000000,0,-0
1.000000,1.000000,0,-0
1.000000,1.000000,0,-0
1.000000,1.000000,0,-0
1.000000,1.000000,0,-0
1.000000,1.000000,0,-0
1.000000,1.000000,0,-0
1.000000,1.000000,0,-0
1.000000,1.000000,0,-0
1.000000,1.000000,0,-0
1.000000,1.000000,0,-0
1.000000,1.000000,0,-0
1.000000,1.000000,0,-0
1.000000,1.000000,0,-0
1.000000,1.000000,0,-0
1.000000,1.000000,0,-0
1.000000,1.000000,0,-0
1.000000,1.000000,0,-0
1.000000,1.000000,0,-0
1.000000,1.000000,0,-0
1.000000,1.000000,0,-0
1.000000,1.000000,0,-0
1.000000,1.000000,0,-0
1.000000,1.000000,0,-0
1.000000,1.000000,0,-0
1.000000,1.000000,0,-0
1.000000,1.000000,0,-0
1.000000,1.000000,0,-0
1.000000,1.000000,0,-0
1.000000,1.000000,0,-0
1.000000,1.000000,0.3024,-0.3024
1.000000,1.000000,0.3024,-0.3024
0.983961,0.983961,0.3024,-0.3024
0.983961,0.983961,0.3024,-0.3024
0.919807,0.919807,0.3024,-0.3024
0.919807,0.919807,0.3024,-0.3024
0.919807,0.919807,0.3024,-0.3024
0.919807,0.919807,0.3024,-0.3024
0.919807,0.919807,0.3024,-0.3024
0.919807,0.919807,0.3024,-0.3024
0.919807,0.919807,0.3024,-0.3024
0.919807,0.919807,0.3024,-0.3024
0.919807,0.919807,0.3024,-0.3024
0.919807,0.919807,0.3024,-0.3024
0.919807,0.919807,0.3024,-0.3024
0.919807,0.919807,0.3024,-0.3024
0.919807,0.919807,0.3024,-0.3024
0.919807,0.919807,0.3024,-0.3024
0.919807,0.919807,0.3024,-0.3024
1.000000,1.000000,0.3024,-0.3024
1.000000,1.000000,0.3024,-0.3024
1.000000,1.000000,0.3024,-0.3024
1.000000,1.000000,0.3024,-0.3024
1.000000,1.000000,0.3024,-0.3024
1.000000,1.000000,0.3024,-0.3024
1.000000,1.000000,0.3024,-0.3024
1.000000,1.000000,0.3024,-0.3024
1.000000,1.000000,0.3024,-0.3024
1.000000,1.000000,0.3024,-0.3024
1.000000,1.000000,0.3024,-0.3024
1.000000,1.000000,0.3024,-0.3024
1.000000,1.000000,0.3024,-0.3024
1.000000,1.000000,0.3024,-0.3024
1.000000,1.000000,0.3024,-0.3024
1.000000,1.000000,0.3024,-0.3024
1.000000,1.000000,0.3024,-0.3024
0.919807,0.919807,0.3024,-0.3024
0.919807,0.919807,0.3024,-0.3024
0.919807,0.919807,0.3024,-0.3024
0.919807,0.919807,0.3024,-0.3024
0.919807,0.919807,0.3024,-0.3024
0.919807,0.919807,0.3024,-0.3024
0.919807,0.919807,0.3024,-0.3024
0.919807,0.919807,0.3024,-0.3024
0.919807,0.919807,0.3024,-0.3024
0.919807,0.919807,0.3024,-0.3024
0.919807,0.919807,0.3024,-0.3024
1.000000,1.000000,0.3024,-0.3024
0.919807,0.919807,0.3024,-0.3024
1.000000,1.000000,0.3024,-0.3024
1.000000,1.000000,0.3024,-0.3024
1.000000,1.000000,0.3024,-0.3024
1.000000,1.000000,0.3024,-0.3024
1.000000,1.000000,0.3024,-0.3024
1.000000,1.000000,0.3024,-0.3024
1.000000,1.000000,0.3024,-0.3024
0.919807,0.919807,0.3024,-0.3024
0.919807,0.919807,0.3024,-0.3024
0.919807,0.919807,0.3024,-0.3024
0.919807,0.919807,0.3024,-0.3024
0.919807,0.919807,0.3024,-0.3024
0.919807,0.919807,0.3024,-0.3024
0.919807,0.919807,0.3024,-0.3024
0.919807,0.919807,0.3024,-0.3024
0.919807,0.919807,0.3024,-0.3024
0.919807,0.919807,0.3024,-0.3024
0.919807,0.919807,0.3024,-0.3024
0.919807,0.919807,0.3024,-0.3024
0.919807,0.919807,0.3024,-0.3024
0.919807,0.919807,0.3024,-0.3024
0.919807,0.919807,0.3024,-0.3024
0.919807,0.919807,0.3024,-0.3024
0.919807,0.919807,0.3024,-0.3024
1.000000,1.000000,0.3024,-0.3024
1.000000,1.000000,0.3024,-0.3024
1.000000,1.000000,0.3024,-0.3024
1.000000,1.000000,0.3024,-0.3024
1.000000,1.000000,0.3024,-0.3024
1.000000,1.000000,0.3024,-0.3024
1.000000,1.000000,0.3024,-0.3024
1.000000,1.000000,0.3024,-0.3024
1.000000,1.000000,0.3024,-0.3024
1.000000,1.000000,0.3024,-0.3024
1.000000,1.000000,0.3024,-0.3024
1.000000,1.000000,0.3024,-0.3024
0.983961,0.983961,0.3024,-0.3024
0.919807,0.919807,0.3024,-0.3024
0.919807,0.919807,0.3024,-0.3024
0.919807,0.919807,0.3024,-0.3024
0.919807,0.919807,0.3024,-0.3024
0.919807,0.919807,0.3024,-0.3024
0.919807,0.919807,0.3024,-0.3024
0.919807,0.919807,0.3024,-0.3024
0.919807,0.919807,0.3024,-0.3024
0.919807,0.919807,0.3024,-0.3024
0.919807,0.919807,0.3024,-0.3024
0.919807,0.919807,0.3024,-0.3024
0.919807,0.919807,0.3024,-0.3024
0.919807,0.919807,0.3024,-0.3024
0.919807,0.919807,0.3024,-0.3024
0.919807,0.919807,0.3024,-0.3024
0.919807,0.919807,0.3024,-0.3024
0.919807,0.919807,0.3024,-0.3024
0.919807,0.919807,0.3024,-0.3024
1.000000,1.000000,0.3024,-0.3024
1.000000,1.000000,0.3024,-0.3024
1.000000,1.000000,0.3024,-0.3024
1.000000,1.000000,0.3024,-0.3024
0.919807,0.919807,0.3024,-0.3024
0.919807,0.919807,0.3024,-0.3024
0.919807,0.919807,0.3024,-0.3024
0.919807,0.919807,0.3024,-0.3024
0.919807,0.919807,0.3024,-0.3024
0.919807,0.919807,0.3024,-0.3024
0.919807,0.919807,0.3024,-0.3024
0.919807,0.919807,0.3024,-0.3024
0.919807,0.919807,0.3024,-0.3024
0.919807,0.919807,0.3024,-0.3024
0.919807,0.919807,0.3024,-0.3024
0.919807,0.919807,0.3024,-0.3024
0.919807,0.919807,0.3024,-0.3024
0.919807,0.919807,0.3024,-0.3024
1.000000,1.000000,0.3024,-0.3024
1.000000,1.000000,0.3024,-0.3024
1.000000,1.000000,0.3024,-0.3024
0.919807,0.919807,0.3024,-0.3024
1.000000,1.000000,0.3024,-0.3024
1.000000,1.000000,0.3024,-0.3024
1.000000,1.000000,0.3024,-0.3024
1.000000,1.000000,0.3024,-0.3024
1.000000,1.000000,0.3024,-0.3024
1.000000,1.000000,0.3024,-0.3024
1.000000,1.000000,0.3024,-0.3024
1.000000,1.000000,0.3024,-0.3024
1.000000,1.000000,0.3024,-0.3024
1.000000,1.000000,0.3024,-0.3024
1.000000,1.000000,0.3024,-0.3024
1.000000,1.000000,0.3024,-0.3024
1.000000,1.000000,0.3024,-0.3024
1.000000,1.000000,0.3024,-0.3024
1.000000,1.000000,0.3024,-0.3024
0.919807,0.919807,0.3024,-0.3024
0.919807,0.919807,0.3024,-0.3024
0.983961,0.983961,0.3024,-0.3024
0.919807,0.919807,0.3024,-0.3024
0.919807,0.919807,0.3024,-0.3024
0.919807,0.919807,0.3024,-0.3024
0.919807,0.919807,0.3024,-0.3024
0.919807,0.919807,0.3024,-0.3024
0.919807,0.919807,0.3024,-0.3024
0.919807,0.919807,0.3024,-0.3024
0.919807,0.919807,0.3024,-0.3024
0.919807,0.919807,0.3024,-0.3024
0.919807,0.919807,0.3024,-0.3024
0.919807,0.919807,0.3024,-0.3024
0.919807,0.919807,0.3024,-0.3024
0.919807,0.919807,0.3024,-0.3024
0.919807,0.919807,0.3024,-0.3024
0.919807,0.919807,0.3024,-0.3024
0.919807,0.919807,0.3024,-0.3024
0.919807,0.919807,0.3024,-0.3024
0.919807,0.919807,0.3024,-0.3024
0.919807,0.919807,0.3024,-0.3024
0.919807,0.919807,0.3024,-0.3024
0.919807,0.919807,0.3024,-0.3024
0.919807,0.919807,0.3024,-0.3024
0.919807,0.919807,0.3024,-0.3024
0.919807,0.919807,0.3024,-0.3024
0.919807,0.919807,0.3024,-0.3024
0.919807,0.919807,0.3024,-0.3024
0.919807,0.919807,0.3024,-0.3024
0.919807,0.919807,0.3024,-0.3024
0.919807,0.919807,0.3024,-0.3024
0.919807,0.919807,0.3024,-0.3024
0.919807,0.919807,0.3024,-0.3024
0.919807,0.919807,0.3024,-0.3024
0.919807,0.919807,0.3024,-0.3024
1.000000,1.000000,0.3024,-0.3024
1.000000,1.000000,0.3024,-0.3024
1.000000,1.000000,0.3024,-0.3024
1.000000,1.000000,0.3024,-0.3024
1.000000,1.000000,0.3024,-0.3024
1.000000,1.000000,0.3024,-0.3024
1.000000,1.000000,0.3024,-0.3024
1.000000,1.000000,0.3024,-0.3024
1.000000,1.000000,0.3024,-0.3024
0.983961,0.983961,0.3024,-0.3024
0.983961,0.983961,0.3024,-0.3024
1.000000,1.000000,0.3024,-0.3024
0.919807,0.919807,0.3024,-0.3024
0.919807,0.919807,0.3024,-0.3024
0.919807,0.919807,0.3024,-0.3024
0.919807,0.919807,0.3024,-0.3024
0.919807,0.919807,0.3024,-0.3024
0.919807,0.919807,0.3024,-0.3024
0.919807,0.919807,0.3024,-0.3024
0.919807,0.919807,0.3024,-0.3024
0.919807,0.919807,0.3024,-0.3024
0.919807,0.919807,0.3024,-0.3024
0.919807,0.919807,0.3024,-0.3024
0.919807,0.919807,0.3024,-0.3024
0.919807,0.919807,0.3024,-0.3024
0.919807,0.919807,0.3024,-0.3024
0.919807,0.919807,0.3024,-0.3024
0.919807,0.919807,0.3024,-0.3024
0.919807,0.919807,0.3024,-0.3024
0.919807,0.919807,0.3024,-0.3024
0.919807,0.919807,0.3024,-0.3024
0.919807,0.919807,0.3024,-0.3024
0.919807,0.919807,0.3024,-0.3024
0.919807,0.919807,0.3024,-0.3024
0.919807,0.919807,0.3024,-0.3024
0.983961,0.983961,0.3024,-0.3024
0.919807,0.919807,0.3024,-0.3024
0.919807,0.919807,0.3024,-0.3024
0.919807,0.919807,0.3024,-0.3024
0.919807,0.919807,0.3024,-0.3024
0.919807,0.919807,0.3024,-0.3024
0.919807,0.919807,0.3024,-0.3024
0.919807,0.919807,0.3024,-0.3024
0.919807,0.919807,0.3024,-0.3024
0.919807,0.919807,0.3024,-0.3024
0.919807,0.919807,0.3024,-0.3024
0.919807,0.919807,0.3024,-0.3024
0.919807,0.919807,0.3024,-0.3024
0.919807,0.919807,0.3024,-0.3024
0.919807,0.919807,0.3024,-0.3024
0.919807,0.919807,0.3024,-0.3024
0.919807,0.919807,0.3024,-0.3024
0.919807,0.919807,0.3024,-0.3024
1.000000,1.000000,0.3024,-0.3024
1.000000,1.000000,0.3024,-0.3024
1.000000,1.000000,0.3024,-0.3024
1.000000,1.000000,0.3024,-0.3024
1.000000,1.000000,0.3024,-0.3024
1.000000,1.000000,0.3024,-0.3024
1.000000,1.000000,0.3024,-0.3024
1.000000,1.000000,0.3024,-0.3024
1.000000,1.000000,0.3024,-0.3024
1.000000,1.000000,0.3024,-0.3024
1.000000,1.000000,0.3024,-0.3024
1.000000,1.000000,0.3024,-0.3024
1.000000,1.000000,0.3024,-0.3024
1.000000,1.000000,0.3024,-0.3024
1.000000,1.000000,0.3024,-0.3024
1.000000,1.000000,0.3024,-0.3024
1.000000,1.000000,0.3024,-0.3024
1.000000,1.000000,0.3024,-0.3024
1.000000,1.000000,0.3024,-0.3024
1.000000,1.000000,0.3024,-0.3024
1.000000,1.000000,0.3024,-0.3024
0.983961,0.983961,0.3024,-0.3024
0.919807,0.919807,0.3024,-0.3024
0.919807,0.919807,0.3024,-0.3024
0.919807,0.919807,0.3024,-0.3024
0.919807,0.919807,0.3024,-0.3024
0.919807,0.919807,0.3024,-0.3024
0.919807,0.919807,0.3024,-0.3024
0.919807,0.919807,0.3024,-0.3024
0.919807,0.919807,0.3024,-0.3024
0.919807,0.919807,0.3024,-0.3024
1.000000,1.000000,0.3024,-0.3024
1.000000,1.000000,0.3024,-0.3024
1.000000,1.000000,0.3024,-0.3024
0.919807,0.919807,0.3024,-0.3024
1.000000,1.000000,0.3024,-0.3024
1.000000,1.000000,0.3024,-0.3024
1.000000,1.000000,0.3024,-0.3024
0.919807,0.919807,0.3024,-0.3024
0.919807,0.919807,0.3024,-0.3024
0.919807,0.919807,0.3024,-0.3024
0.919807,0.919807,0.3024,-0.3024
0.919807,0.919807,0.3024,-0.3024
0.919807,0.919807,0.3024,-0.3024
0.919807,0.919807,0.3024,-0.3024
0.919807,0.919807,0.3024,-0.3024
0.919807,0.919807,0.3024,-0.3024
0.919807,0.919807,0.3024,-0.3024
0.919807,0.919807,0.3024,-0.3024
1.000000,1.000000,0.3024,-0.3024
1.000000,1.000000,0.3024,-0.3024
0.919807,0.919807,0.3024,-0.3024
1.000000,1.000000,0.3024,-0.3024
1.000000,1.000000,0.3024,-0.3024
1.000000,1.000000,0.3024,-0.3024
1.000000,1.000000,0.3024,-0.3024
1.000000,1.000000,0.3024,-0.3024
1.000000,1.000000,0.3024,-0.3024
1.000000,1.000000,0.3024,-0.3024
1.000000,1.000000,0.3024,-0.3024
1.000000,1.000000,0.3024,-0.3024
1.000000,1.000000,0.3024,-0.3024
1.000000,1.000000,0.3024,-0.3024
1.000000,1.000000,0.3024,-0.3024
1.000000,1.000000,0.3024,-0.3024
1.000000,1.000000,0.3024,-0.3024
0.919807,0.919807,0.3024,-0.3024
0.919807,0.919807,0.3024,-0.3024
1.000000,1.000000,0.3024,-0.3024
0.919807,0.919807,0.3024,-0.3024
0.919807,0.919807,0.3024,-0.3024
1.000000,1.000000,0.3024,-0.3024
1.000000,1.000000,0.3024,-0.3024
1.000000,1.000000,0,-0
1.000000,1.000000,0,-0
1.000000,1.000000,0.3024,-0.3024
1.000000,1.000000,0,-0
1.000000,1.000000,0,-0
1.000000,1.000000,0,-0
1.000000,1.000000,0,-0
1.000000,1.000000,0,-0
1.000000,1.000000,0,-0
1.000000,1.000000,0,-0
1.000000,1.000000,0,-0
1.000000,1.000000,0,-0
1.000000,1.000000,0,-0
1.000000,1.000000,0,-0
1.000000,1.000000,0,-0
1.000000,1.000000,0,-0
1.000000,1.000000,0,-0
1.000000,1.000000,0,-0
1.000000,1.000000,0,-0
1.000000,1.000000,0,-0
1.000000,1.000000,0,-0
1.000000,1.000000,0,-0
1.000000,1.000000,0,-0
1.000000,1.000000,0,-0
1.000000,1.000000,0,-0
1.000000,1.000000,0,-0
1.000000,1.000000,0,-0
1.000000,1.000000,0,-0
1.000000,1.000000,0,-0
1.000000,1.000000,0,-0
1.000000,1.000000,0,-0
1.000000,1.000000,0,-0
1.000000,1.000000,0,-0
1.000000,1.000000,0,-0
1.000000,1.000000,0,-0
1.000000,1.000000,0,-0
1.000000,1.000000,0,-0
1.000000,1.000000,0,-0
1.000000,1.000000,0,-0
1.000000,1.000000,0,-0
1.000000,1.000000,0,-0
1.000000,1.000000,0,-0
0.983961,0.983961,0,-0
1.000000,1.000000,0,-0
1.000000,1.000000,0,-0
1.000000,1.000000,0,-0
1.000000,1.000000,0,-0
0.919807,0.919807,0,-0
0.919807,0.919807,0,-0
0.919807,0.919807,0,-0
0.919807,0.919807,0,-0
0.919807,0.919807,0,-0
1.000000,1.000000,0,-0
1.000000,1.000000,0,-0
1.000000,1.000000,0,-0
1.000000,1.000000,0,-0
1.000000,1.000000,0,-0
1.000000,1.000000,0,-0
1.000000,1.000000,0,-0
1.000000,1.000000,0,-0
1.000000,1.000000,0,-0
1.000000,1.000000,0,-0
1.000000,1.000000,0,-0
1.000000,1.000000,0,-0
1.000000,1.000000,0,-0
1.000000,1.000000,0,-0
1.000000,1.000000,0,-0
1.000000,1.000000,0,-0
1.000000,1.000000,0,-0
1.000000,1.000000,0,-0
1.000000,1.000000,0,-0
1.000000,1.000000,0,-0
1.000000,1.000000,0,-0
1.000000,1.000000,0,-0
1.000000,1.000000,0,-0
1.000000,1.000000,0,-0
1.000000,1.000000,0,-0
1.000000,1.000000,0,-0
1.000000,1.000000,0,-0
1.000000,1.000000,0,-0
1.000000,1.000000,0,-0
1.000000,1.000000,0,-0
1.000000,1.000000,0,-0
1.000000,1.000000,0,-0
1.000000,1.000000,0,-0
1.000000,1.000000,0,-0
1.000000,1.000000,0,-0
1.000000,1.000000,0,-0
1.000000,1.000000,0,-0
1.000000,1.000000,0,-0
1.000000,1.000000,0,-0
1.000000,1.000000,0,-0
1.000000,1.000000,0,-0
1.000000,1.000000,0,-0
1.000000,1.000000,0,-0
1.000000,1.000000,0,-0
1.000000,1.000000,0,-0
1.000000,1.000000,0,-0
1.000000,1.000000,0,-0
1.000000,1.000000,0,-0
1.000000,1.000000,0,-0
1.000000,1.000000,0,-0
1.000000,1.000000,0,-0
1.000000,1.000000,0,-0
