0cont_fund,0ins_pout,0ins_price,0infra_npv,0debt_serv,0gross_rev,0cont_contrib,0drought_cost,0water_price
0,0,0,0,3.11087e+179,2.63696e+07,-957233,957233,1.40602e+07
0,0,0,0,0,2.62791e+07,-891592,891592,1.40602e+07
0,0,0,0,0,2.62874e+07,-889472,889472,1.40602e+07
0,0,0,0,0,2.62958e+07,-887351,887351,1.40602e+07
0,0,0,0,0,2.90085e+07,-885230,885230,1.40602e+07
0,0,0,0,0,2.8187e+07,-348905,348905,1.40602e+07
0,0,0,0,0,2.81962e+07,-346533,346533,1.40602e+07
0,0,0,0,0,2.82054e+07,-344160,344160,1.40602e+07
0,0,0,0,0,2.44855e+07,-341787,341787,1.40602e+07
0,0,0,0,0,2.54542e+07,-957233,957233,1.40602e+07
0,0,0,0,0,2.54653e+07,-957233,957233,1.40602e+07
0,0,0,0,0,2.54765e+07,-957233,957233,1.40602e+07
0,0,0,0,0,2.54877e+07,-957233,957233,1.40602e+07
0,0,0,0,0,2.64245e+07,-957233,957233,1.40602e+07
0,0,0,0,0,2.63025e+07,-871339,871339,1.40602e+07
0,0,0,0,0,2.63108e+07,-869215,869215,1.40602e+07
0,0,0,0,0,2.63192e+07,-867091,867091,1.40602e+07
0,0,0,0,0,2.59663e+07,-864966,864966,1.40602e+07
0,0,0,0,0,2.60811e+07,-931372,931372,1.40602e+07
0,0,0,0,0,2.60893e+07,-929278,929278,1.40602e+07
0,0,0,0,0,2.60975e+07,-927183,927183,1.40602e+07
0,0,0,0,0,2.73653e+07,-925088,925088,1.40602e+07
0,0,0,0,0,2.69953e+07,-679510,679510,1.40602e+07
0,0,0,0,0,2.7004e+07,-677301,677301,1.40602e+07
0,0,0,0,0,2.70126e+07,-675090,675090,1.40602e+07
0,0,0,0,0,2.70212e+07,-672880,672880,1.40602e+07
0,0,0,0,0,2.73272e+07,-670669,670669,1.40602e+07
0,0,0,0,0,2.71272e+07,-534324,534324,1.40602e+07
0,0,0,0,0,2.71359e+07,-532049,532049,1.40602e+07
0,0,0,0,0,2.71446e+07,-529774,529774,1.40602e+07
0,0,0,0,0,2.7784e+07,-527498,527498,1.40602e+07
0,0,0,0,0,2.76066e+07,-405457,405457,1.40602e+07
0,0,0,0,0,2.76155e+07,-403124,403124,1.40602e+07
0,0,0,0,0,2.76244e+07,-400791,400791,1.40602e+07
0,0,0,0,0,2.97288e+07,-398457,398457,1.40602e+07
0,0,0,0,0,2.91223e+07,0,0,1.40602e+07
0,0,0,0,0,2.91359e+07,0,0,1.40602e+07
0,0,0,0,0,2.91494e+07,0,0,1.40602e+07
0,0,0,0,0,2.91629e+07,0,0,1.40602e+07
0,0,0,0,0,2.79971e+07,0,0,1.40602e+07
0,0,0,0,0,2.83428e+07,-213825,213825,1.40602e+07
0,0,0,0,0,2.8352e+07,-211408,211408,1.40602e+07
0,0,0,0,0,2.83612e+07,-208990,208990,1.40602e+07
0,0,0,0,0,2.73299e+07,-206572,206572,1.40602e+07
0,0,0,0,0,2.77125e+07,-444431,444431,1.40602e+07
0,0,0,0,0,2.77214e+07,-442123,442123,1.40602e+07
0,0,0,0,0,2.77303e+07,-439814,439814,1.40602e+07
0,0,0,0,0,2.53252e+07,-437505,437505,1.40602e+07
0,0,0,0,0,2.61131e+07,-936552,936552,1.40602e+07
0,0,0,0,0,2.61212e+07,-934473,934473,1.40602e+07
0,0,0,0,0,2.61294e+07,-932395,932395,1.40602e+07
0,0,0,0,0,2.61376e+07,-930315,930315,1.40602e+07
0,0,0,6.21837e+07,3.11087e+179,2.69329e+07,-928235,928235,1.40602e+07
0,0,0,6.21837e+07,0,2.67148e+07,-780688,780688,1.40602e+07
0,0,0,6.21837e+07,0,2.6723e+07,-778606,778606,1.40602e+07
0,0,0,6.21837e+07,0,2.67312e+07,-776524,776524,1.40602e+07
0,0,0,6.21837e+07,0,2.95097e+07,-774441,774441,1.40602e+07
0,0,0,6.21837e+07,0,2.86677e+07,-225132,225132,1.40602e+07
0,0,0,6.21837e+07,0,2.86768e+07,-222803,222803,1.40602e+07
0,0,0,6.21837e+07,0,2.86858e+07,-220473,220473,1.40602e+07
0,0,0,6.21837e+07,0,2.48751e+07,-218143,218143,1.40602e+07
0,0,0,6.21837e+07,0,2.60271e+07,-951510,951510,1.40602e+07
0,0,0,6.21837e+07,0,2.60349e+07,-949508,949508,1.40602e+07
0,0,0,6.21837e+07,0,2.60428e+07,-947505,947505,1.40602e+07
0,0,0,6.21837e+07,0,2.60507e+07,-945502,945502,1.40602e+07
0,0,0,6.21837e+07,0,2.70065e+07,-943498,943498,1.40602e+07
0,0,0,6.21837e+07,0,2.67342e+07,-761112,761112,1.40602e+07
0,0,0,6.21837e+07,0,2.67424e+07,-759027,759027,1.40602e+07
0,0,0,6.21837e+07,0,2.67505e+07,-756941,756941,1.40602e+07
0,0,0,6.21837e+07,0,2.63888e+07,-754854,754854,1.40602e+07
0,0,0,6.21837e+07,0,2.6506e+07,-822951,822951,1.40602e+07
0,0,0,6.21837e+07,0,2.65141e+07,-820895,820895,1.40602e+07
0,0,0,6.21837e+07,0,2.65221e+07,-818839,818839,1.40602e+07
0,0,0,6.21837e+07,0,2.78201e+07,-816782,816782,1.40602e+07
0,0,0,6.21837e+07,0,2.74408e+07,-565389,565389,1.40602e+07
0,0,0,6.21837e+07,0,2.74493e+07,-563219,563219,1.40602e+07
0,0,0,6.21837e+07,0,2.74578e+07,-561049,561049,1.40602e+07
0,0,0,6.21837e+07,0,2.74663e+07,-558879,558879,1.40602e+07
0,0,0,6.21837e+07,0,2.77792e+07,-556708,556708,1.40602e+07
0,0,0,6.21837e+07,0,2.75741e+07,-417192,417192,1.40602e+07
0,0,0,6.21837e+07,0,2.75826e+07,-414959,414959,1.40602e+07
0,0,0,6.21837e+07,0,2.75911e+07,-412725,412725,1.40602e+07
0,0,0,6.21837e+07,0,2.82454e+07,-410490,410490,1.40602e+07
0,0,0,6.21837e+07,0,2.80635e+07,-285633,285633,1.40602e+07
0,0,0,6.21837e+07,0,2.80722e+07,-283343,283343,1.40602e+07
0,0,0,6.21837e+07,0,2.80809e+07,-281052,281052,1.40602e+07
0,0,0,6.21837e+07,0,3.02349e+07,-278761,278761,1.40602e+07
0,0,0,6.21837e+07,0,2.98145e+07,0,0,1.40602e+07
0,0,0,6.21837e+07,0,2.98278e+07,0,0,1.40602e+07
0,0,0,6.21837e+07,0,2.9841e+07,0,0,1.40602e+07
0,0,0,6.21837e+07,0,2.98543e+07,0,0,1.40602e+07
0,0,0,6.21837e+07,0,2.86604e+07,0,0,1.40602e+07
0,0,0,6.21837e+07,0,2.88137e+07,-90343.2,90343.2,1.40602e+07
0,0,0,6.21837e+07,0,2.88227e+07,-87970.4,87970.4,1.40602e+07
0,0,0,6.21837e+07,0,2.88318e+07,-85596.9,85596.9,1.40602e+07
0,0,0,6.21837e+07,0,2.77757e+07,-83222.9,83222.9,1.40602e+07
0,0,0,6.21837e+07,0,2.81669e+07,-326800,326800,1.40602e+07
0,0,0,6.21837e+07,0,2.81757e+07,-324534,324534,1.40602e+07
0,0,0,6.21837e+07,0,2.81845e+07,-322268,322268,1.40602e+07
0,0,0,6.21837e+07,0,2.57224e+07,-320000,320000,1.40602e+07
0,0,0,6.21837e+07,0,2.65284e+07,-830889,830889,1.40602e+07
0,0,0,6.21837e+07,0,2.65365e+07,-828849,828849,1.40602e+07
0,0,0,6.21837e+07,0,2.65445e+07,-826808,826808,1.40602e+07
0,0,0,6.21837e+07,0,2.65525e+07,-824766,824766,1.40602e+07
0,0,0,6.21837e+07,3.11087e+179,2.73662e+07,-822725,822725,1.40602e+07
0,0,0,6.21837e+07,0,2.71425e+07,-671809,671809,1.40602e+07
0,0,0,6.21837e+07,0,2.71506e+07,-669770,669770,1.40602e+07
0,0,0,6.21837e+07,0,2.71586e+07,-667730,667730,1.40602e+07
0,0,0,6.21837e+07,0,3.00016e+07,-665689,665689,1.40602e+07
0,0,0,6.21837e+07,0,2.91396e+07,-103642,103642,1.40602e+07
0,0,0,6.21837e+07,0,2.91484e+07,-101360,101360,1.40602e+07
0,0,0,6.21837e+07,0,2.91573e+07,-99078.5,99078.5,1.40602e+07
0,0,0,6.21837e+07,0,2.52575e+07,-96796.3,96796.3,1.40602e+07
0,0,0,6.21837e+07,0,2.64359e+07,-847338,847338,1.40602e+07
0,0,0,6.21837e+07,0,2.64436e+07,-845377,845377,1.40602e+07
0,0,0,6.21837e+07,0,2.64513e+07,-843416,843416,1.40602e+07
0,0,0,6.21837e+07,0,2.6459e+07,-841453,841453,1.40602e+07
0,0,0,6.21837e+07,0,2.74367e+07,-839491,839491,1.40602e+07
0,0,0,6.21837e+07,0,2.71577e+07,-652964,652964,1.40602e+07
0,0,0,6.21837e+07,0,2.71657e+07,-650922,650922,1.40602e+07
0,0,0,6.21837e+07,0,2.71737e+07,-648879,648879,1.40602e+07
0,0,0,6.21837e+07,0,2.68033e+07,-646836,646836,1.40602e+07
0,0,0,6.21837e+07,0,2.69228e+07,-716598,716598,1.40602e+07
0,0,0,6.21837e+07,0,2.69307e+07,-714584,714584,1.40602e+07
0,0,0,6.21837e+07,0,2.69386e+07,-712570,712570,1.40602e+07
0,0,0,6.21837e+07,0,2.82661e+07,-710555,710555,1.40602e+07
0,0,0,6.21837e+07,0,2.78777e+07,-453464,453464,1.40602e+07
0,0,0,6.21837e+07,0,2.7886e+07,-451339,451339,1.40602e+07
0,0,0,6.21837e+07,0,2.78943e+07,-449214,449214,1.40602e+07
0,0,0,6.21837e+07,0,2.79027e+07,-447089,447089,1.40602e+07
0,0,0,6.21837e+07,0,2.82223e+07,-444963,444963,1.40602e+07
0,0,0,6.21837e+07,0,2.80122e+07,-302343,302343,1.40602e+07
0,0,0,6.21837e+07,0,2.80206e+07,-300156,300156,1.40602e+07
0,0,0,6.21837e+07,0,2.80289e+07,-297968,297968,1.40602e+07
0,0,0,6.21837e+07,0,2.86977e+07,-295780,295780,1.40602e+07
0,0,0,6.21837e+07,0,2.47239e+07,-3.95548e+06,3.95548e+06,1.40602e+07
0,0,0,6.21837e+07,0,2.02044e+07,-8.48133e+06,8.48133e+06,1.40602e+07
0,0,0,6.21837e+07,0,2.06112e+07,-8.08086e+06,8.08086e+06,1.40602e+07
0,0,0,6.21837e+07,0,2.34218e+07,-7.47067e+06,7.47067e+06,1.40602e+07
0,0,0,6.21837e+07,0,1.92562e+07,-1.12367e+07,1.12367e+07,1.40602e+07
0,0,0,6.21837e+07,0,2.15644e+07,-8.94147e+06,8.94147e+06,1.40602e+07
0,0,0,6.21837e+07,0,2.27494e+07,-7.76946e+06,7.76946e+06,1.40602e+07
0,0,0,6.21837e+07,0,2.24968e+07,-8.03505e+06,8.03505e+06,1.40602e+07
0,0,0,6.21837e+07,0,2.43302e+07,-4.98007e+06,4.98007e+06,1.40602e+07
0,0,0,6.21837e+07,0,2.49482e+07,-4.37449e+06,4.37449e+06,1.40602e+07
0,0,0,6.21837e+07,0,2.65736e+07,-2.7616e+06,2.7616e+06,1.40602e+07
0,0,0,6.21837e+07,0,2.71693e+07,-2.17836e+06,2.17836e+06,1.40602e+07
0,0,0,6.21837e+07,0,2.71345e+07,-1.13645e+06,1.13645e+06,1.40602e+07
0,0,0,6.21837e+07,0,2.86121e+07,-211559,211559,1.40602e+07
0,0,0,6.21837e+07,0,2.79048e+07,-925205,925205,1.40602e+07
0,0,0,6.21837e+07,0,2.86293e+07,-207121,207121,1.40602e+07
0,0,0,6.21837e+07,0,2.61114e+07,-204901,204901,1.40602e+07
0,0,0,6.21837e+07,0,2.69352e+07,-727394,727394,1.40602e+07
0,0,0,6.21837e+07,0,2.69431e+07,-725396,725396,1.40602e+07
0,0,0,6.21837e+07,0,2.6951e+07,-723398,723398,1.40602e+07
0,0,0,6.21837e+07,0,2.69588e+07,-721399,721399,1.40602e+07
0,0,0,6.21837e+07,3.11087e+179,2.77904e+07,-719400,719400,1.40602e+07
0,0,0,6.21837e+07,0,2.75614e+07,-565189,565189,1.40602e+07
0,0,0,6.21837e+07,0,2.75692e+07,-563196,563196,1.40602e+07
0,0,0,6.21837e+07,0,2.75771e+07,-561202,561202,1.40602e+07
0,0,0,6.21837e+07,0,3.04832e+07,-559207,559207,1.40602e+07
0,0,0,6.21837e+07,0,2.96253e+07,0,0,1.40602e+07
0,0,0,6.21837e+07,0,2.96375e+07,0,0,1.40602e+07
0,0,0,6.21837e+07,0,2.96496e+07,0,0,1.40602e+07
0,0,0,6.21837e+07,0,2.5666e+07,0,0,1.40602e+07
0,0,0,6.21837e+07,0,2.68362e+07,-745359,745359,1.40602e+07
0,0,0,6.21837e+07,0,2.68437e+07,-743442,743442,1.40602e+07
0,0,0,6.21837e+07,0,2.68512e+07,-741525,741525,1.40602e+07
0,0,0,6.21837e+07,0,2.68588e+07,-739608,739608,1.40602e+07
0,0,0,6.21837e+07,0,2.78578e+07,-737690,737690,1.40602e+07
0,0,0,6.21837e+07,0,2.75722e+07,-547115,547115,1.40602e+07
0,0,0,6.21837e+07,0,2.758e+07,-545119,545119,1.40602e+07
0,0,0,6.21837e+07,0,2.75878e+07,-543123,543123,1.40602e+07
0,0,0,6.21837e+07,0,2.72089e+07,-541125,541125,1.40602e+07
0,0,0,6.21837e+07,0,2.73307e+07,-612520,612520,1.40602e+07
0,0,0,6.21837e+07,0,2.73384e+07,-610552,610552,1.40602e+07
0,0,0,6.21837e+07,0,2.73461e+07,-608584,608584,1.40602e+07
0,0,0,6.21837e+07,0,2.87025e+07,-606615,606615,1.40602e+07
0,0,0,6.21837e+07,0,2.83052e+07,-343952,343952,1.40602e+07
0,0,0,6.21837e+07,0,2.83133e+07,-341876,341876,1.40602e+07
0,0,0,6.21837e+07,0,2.83214e+07,-339799,339799,1.40602e+07
0,0,0,6.21837e+07,0,2.83296e+07,-337722,337722,1.40602e+07
0,0,0,6.21837e+07,0,2.86559e+07,-335645,335645,1.40602e+07
0,0,0,6.21837e+07,0,2.84408e+07,-189992,189992,1.40602e+07
0,0,0,6.21837e+07,0,2.84489e+07,-187855,187855,1.40602e+07
0,0,0,6.21837e+07,0,2.84571e+07,-185717,185717,1.40602e+07
0,0,0,6.21837e+07,0,2.91402e+07,-183579,183579,1.40602e+07
0,0,0,6.21837e+07,0,2.89492e+07,-53275.6,53275.6,1.40602e+07
0,0,0,6.21837e+07,0,2.89576e+07,-51083.9,51083.9,1.40602e+07
0,0,0,6.21837e+07,0,2.89659e+07,-48891.9,48891.9,1.40602e+07
0,0,0,6.21837e+07,0,3.12162e+07,-46699.5,46699.5,1.40602e+07
0,0,0,6.21837e+07,0,3.11562e+07,0,0,1.40602e+07
0,0,0,6.21837e+07,0,3.11689e+07,0,0,1.40602e+07
0,0,0,6.21837e+07,0,3.11816e+07,0,0,1.40602e+07
0,0,0,6.21837e+07,0,3.11943e+07,0,0,1.40602e+07
0,0,0,6.21837e+07,0,2.99456e+07,0,0,1.40602e+07
0,0,0,6.21837e+07,0,2.99578e+07,0,0,1.40602e+07
0,0,0,6.21837e+07,0,2.997e+07,0,0,1.40602e+07
0,0,0,6.21837e+07,0,2.99822e+07,0,0,1.40602e+07
0,0,0,6.21837e+07,0,2.88817e+07,0,0,1.40602e+07
0,0,0,6.21837e+07,0,2.90473e+07,-98901.9,98901.9,1.40602e+07
0,0,0,6.21837e+07,0,2.90557e+07,-96734,96734,1.40602e+07
0,0,0,6.21837e+07,0,2.90641e+07,-94565.8,94565.8,1.40602e+07
0,0,0,6.21837e+07,0,2.64916e+07,-92396.7,92396.7,1.40602e+07
0,0,0,6.21837e+07,0,2.73329e+07,-626236,626236,1.40602e+07
0,0,0,6.21837e+07,0,2.73405e+07,-624284,624284,1.40602e+07
0,0,0,6.21837e+07,0,2.73482e+07,-622331,622331,1.40602e+07
0,0,0,6.21837e+07,0,2.73559e+07,-620379,620379,1.40602e+07
0,0,0,6.21837e+07,3.11087e+179,2.82049e+07,-618425,618425,1.40602e+07
0,0,0,6.21837e+07,0,2.79706e+07,-460997,460997,1.40602e+07
0,0,0,6.21837e+07,0,2.79783e+07,-459052,459052,1.40602e+07
0,0,0,6.21837e+07,0,2.79859e+07,-457107,457107,1.40602e+07
0,0,0,6.21837e+07,0,3.09538e+07,-455161,455161,1.40602e+07
0,0,0,6.21837e+07,0,3.02575e+07,0,0,1.40602e+07
0,0,0,6.21837e+07,0,3.02694e+07,0,0,1.40602e+07
0,0,0,6.21837e+07,0,3.02812e+07,0,0,1.40602e+07
0,0,0,6.21837e+07,0,2.62123e+07,0,0,1.40602e+07
0,0,0,6.21837e+07,0,2.72272e+07,-645729,645729,1.40602e+07
0,0,0,6.21837e+07,0,2.72345e+07,-643859,643859,1.40602e+07
0,0,0,6.21837e+07,0,2.72418e+07,-641989,641989,1.40602e+07
0,0,0,6.21837e+07,0,2.72492e+07,-640118,640118,1.40602e+07
0,0,0,6.21837e+07,0,2.8269e+07,-638247,638247,1.40602e+07
0,0,0,6.21837e+07,0,2.79771e+07,-443721,443721,1.40602e+07
0,0,0,6.21837e+07,0,2.79847e+07,-441773,441773,1.40602e+07
0,0,0,6.21837e+07,0,2.79923e+07,-439825,439825,1.40602e+07
0,0,0,6.21837e+07,0,2.7605e+07,-437877,437877,1.40602e+07
0,0,0,6.21837e+07,0,2.77291e+07,-510870,510870,1.40602e+07
0,0,0,6.21837e+07,0,2.77366e+07,-508950,508950,1.40602e+07
0,0,0,6.21837e+07,0,2.77441e+07,-507030,507030,1.40602e+07
0,0,0,6.21837e+07,0,2.91287e+07,-505109,505109,1.40602e+07
0,0,0,6.21837e+07,0,2.87226e+07,-237009,237009,1.40602e+07
0,0,0,6.21837e+07,0,2.87305e+07,-234984,234984,1.40602e+07
0,0,0,6.21837e+07,0,2.87385e+07,-232958,232958,1.40602e+07
0,0,0,6.21837e+07,0,2.87464e+07,-230931,230931,1.40602e+07
0,0,0,6.21837e+07,0,2.90792e+07,-228904,228904,1.40602e+07
0,0,0,6.21837e+07,0,2.88592e+07,-80295.1,80295.1,1.40602e+07
0,0,0,6.21837e+07,0,2.88671e+07,-78210.2,78210.2,1.40602e+07
0,0,0,6.21837e+07,0,2.88751e+07,-76124.6,76124.6,1.40602e+07
0,0,0,6.21837e+07,0,2.95721e+07,-74039,74039,1.40602e+07
0,0,0,6.21837e+07,0,2.94683e+07,0,0,1.40602e+07
0,0,0,6.21837e+07,0,2.94798e+07,0,0,1.40602e+07
0,0,0,6.21837e+07,0,2.94913e+07,0,0,1.40602e+07
0,0,0,6.21837e+07,0,3.17913e+07,0,0,1.40602e+07
0,0,0,6.21837e+07,0,3.18037e+07,0,0,1.40602e+07
0,0,0,6.21837e+07,0,3.18161e+07,0,0,1.40602e+07
0,0,0,6.21837e+07,0,3.18285e+07,0,0,1.40602e+07
0,0,0,6.21837e+07,0,3.18408e+07,0,0,1.40602e+07
0,0,0,6.21837e+07,0,3.05658e+07,0,0,1.40602e+07
0,0,0,6.21837e+07,0,3.05777e+07,0,0,1.40602e+07
0,0,0,6.21837e+07,0,3.05896e+07,0,0,1.40602e+07
0,0,0,6.21837e+07,0,3.06015e+07,0,0,1.40602e+07
0,0,0,6.21837e+07,0,2.94777e+07,0,0,1.40602e+07
0,0,0,6.21837e+07,0,2.94891e+07,0,0,1.40602e+07
0,0,0,6.21837e+07,0,2.95006e+07,0,0,1.40602e+07
0,0,0,6.21837e+07,0,2.95121e+07,0,0,1.40602e+07
0,0,0,6.21837e+07,0,2.68896e+07,0,0,1.40602e+07
0,0,0,6.21837e+07,0,2.77208e+07,-527537,527537,1.40602e+07
0,0,0,6.21837e+07,0,2.77283e+07,-525633,525633,1.40602e+07
0,0,0,6.21837e+07,0,2.77358e+07,-523729,523729,1.40602e+07
0,0,0,6.21837e+07,0,2.77433e+07,-521824,521824,1.40602e+07
0,0,0,6.21837e+07,0,2.86093e+07,-519919,519919,1.40602e+07
0,0,0,6.21837e+07,3.11087e+179,2.93001e+07,-957233,957233,1.40602e+07
0,0,0,6.21837e+07,0,2.93105e+07,-957233,957233,1.40602e+07
0,0,0,6.21837e+07,0,2.93209e+07,-957233,957233,1.40602e+07
0,0,0,6.21837e+07,0,3.23519e+07,-957233,957233,1.40602e+07
0,0,0,6.21837e+07,0,3.23635e+07,-957233,957233,1.40602e+07
0,0,0,6.21837e+07,0,3.2375e+07,-957233,957233,1.40602e+07
0,0,0,6.21837e+07,0,3.23865e+07,-957233,957233,1.40602e+07
0,0,0,6.21837e+07,0,2.82343e+07,-957233,957233,1.40602e+07
0,0,0,6.21837e+07,0,2.82443e+07,-957233,957233,1.40602e+07
0,0,0,6.21837e+07,0,2.82543e+07,-957233,957233,1.40602e+07
0,0,0,6.21837e+07,0,2.82643e+07,-957233,957233,1.40602e+07
0,0,0,6.21837e+07,0,2.82743e+07,-957233,957233,1.40602e+07
0,0,0,6.21837e+07,0,2.93173e+07,-957233,957233,1.40602e+07
0,0,0,6.21837e+07,0,2.93277e+07,-957233,957233,1.40602e+07
0,0,0,6.21837e+07,0,2.93381e+07,-957233,957233,1.40602e+07
0,0,0,6.21837e+07,0,2.93485e+07,-957233,957233,1.40602e+07
0,0,0,6.21837e+07,0,2.89559e+07,-957233,957233,1.40602e+07
0,0,0,6.21837e+07,0,2.89661e+07,-957233,957233,1.40602e+07
0,0,0,6.21837e+07,0,2.89764e+07,-957233,957233,1.40602e+07
0,0,0,6.21837e+07,0,2.89866e+07,-957233,957233,1.40602e+07
0,0,0,6.21837e+07,0,3.04016e+07,-957233,957233,1.40602e+07
0,0,0,6.21837e+07,0,3.04124e+07,-957233,957233,1.40602e+07
0,0,0,6.21837e+07,0,3.04231e+07,-957233,957233,1.40602e+07
0,0,0,6.21837e+07,0,3.04339e+07,-957233,957233,1.40602e+07
0,0,0,6.21837e+07,0,3.04447e+07,-957233,957233,1.40602e+07
0,0,0,6.21837e+07,0,3.07869e+07,-957233,957233,1.40602e+07
0,0,0,6.21837e+07,0,3.07978e+07,-957233,957233,1.40602e+07
0,0,0,6.21837e+07,0,3.08087e+07,-957233,957233,1.40602e+07
0,0,0,6.21837e+07,0,3.08196e+07,-957233,957233,1.40602e+07
0,0,0,6.21837e+07,0,3.15333e+07,-957233,957233,1.40602e+07
0,0,0,6.21837e+07,0,3.15445e+07,-957233,957233,1.40602e+07
0,0,0,6.21837e+07,0,3.15557e+07,-957233,957233,1.40602e+07
0,0,0,6.21837e+07,0,3.15668e+07,-957233,957233,1.40602e+07
0,0,0,6.21837e+07,0,3.16768e+07,-745945,745945,1.40602e+07
0,0,0,6.21837e+07,0,3.16885e+07,-746223,746223,1.40602e+07
0,0,0,6.21837e+07,0,3.17003e+07,-746500,746500,1.40602e+07
0,0,0,6.21837e+07,0,3.17121e+07,-746778,746778,1.40602e+07
0,0,0,6.21837e+07,0,3.17239e+07,-747055,747055,1.40602e+07
0,0,0,6.21837e+07,0,3.26594e+07,-957233,957233,1.40602e+07
0,0,0,6.21837e+07,0,3.2671e+07,-957233,957233,1.40602e+07
0,0,0,6.21837e+07,0,3.26826e+07,-957233,957233,1.40602e+07
0,0,0,6.21837e+07,0,3.26941e+07,-957233,957233,1.40602e+07
0,0,0,6.21837e+07,0,3.15477e+07,-957233,957233,1.40602e+07
0,0,0,6.21837e+07,0,3.15588e+07,-957233,957233,1.40602e+07
0,0,0,6.21837e+07,0,3.157e+07,-957233,957233,1.40602e+07
0,0,0,6.21837e+07,0,3.15812e+07,-957233,957233,1.40602e+07
0,0,0,6.21837e+07,0,2.89067e+07,-957233,957233,1.40602e+07
0,0,0,6.21837e+07,0,2.89169e+07,-957233,957233,1.40602e+07
0,0,0,6.21837e+07,0,2.8927e+07,-957233,957233,1.40602e+07
0,0,0,6.21837e+07,0,2.89372e+07,-957233,957233,1.40602e+07
0,0,0,6.21837e+07,0,2.89474e+07,-957233,957233,1.40602e+07
0,0,0,6.21837e+07,0,2.89474e+07,-957233,957233,1.40602e+07
0,0,0,6.21837e+07,3.11087e+179,2.98329e+07,-957233,957233,1.40602e+07
0,0,0,6.21837e+07,0,2.98431e+07,-957233,957233,1.40602e+07
0,0,0,6.21837e+07,0,2.98532e+07,-957233,957233,1.40602e+07
0,0,0,6.21837e+07,0,2.98633e+07,-957233,957233,1.40602e+07
0,0,0,6.21837e+07,0,3.29529e+07,-957233,957233,1.40602e+07
0,0,0,6.21837e+07,0,3.29641e+07,-957233,957233,1.40602e+07
0,0,0,6.21837e+07,0,3.29753e+07,-957233,957233,1.40602e+07
0,0,0,6.21837e+07,0,3.29865e+07,-957233,957233,1.40602e+07
0,0,0,6.21837e+07,0,2.87532e+07,-957233,957233,1.40602e+07
0,0,0,6.21837e+07,0,2.87629e+07,-957233,957233,1.40602e+07
0,0,0,6.21837e+07,0,2.87727e+07,-957233,957233,1.40602e+07
0,0,0,6.21837e+07,0,2.87824e+07,-957233,957233,1.40602e+07
0,0,0,6.21837e+07,0,2.87921e+07,-957233,957233,1.40602e+07
0,0,0,6.21837e+07,0,2.98548e+07,-957233,957233,1.40602e+07
0,0,0,6.21837e+07,0,2.98649e+07,-957233,957233,1.40602e+07
0,0,0,6.21837e+07,0,2.9875e+07,-957233,957233,1.40602e+07
0,0,0,6.21837e+07,0,2.98851e+07,-957233,957233,1.40602e+07
0,0,0,6.21837e+07,0,2.94845e+07,-957233,957233,1.40602e+07
0,0,0,6.21837e+07,0,2.94944e+07,-957233,957233,1.40602e+07
0,0,0,6.21837e+07,0,2.95044e+07,-957233,957233,1.40602e+07
0,0,0,6.21837e+07,0,2.95144e+07,-957233,957233,1.40602e+07
0,0,0,6.21837e+07,0,3.0956e+07,-957233,957233,1.40602e+07
0,0,0,6.21837e+07,0,3.09665e+07,-957233,957233,1.40602e+07
0,0,0,6.21837e+07,0,3.09769e+07,-957233,957233,1.40602e+07
0,0,0,6.21837e+07,0,3.09874e+07,-957233,957233,1.40602e+07
0,0,0,6.21837e+07,0,3.09979e+07,-957233,957233,1.40602e+07
0,0,0,6.21837e+07,0,3.13461e+07,-957233,957233,1.40602e+07
0,0,0,6.21837e+07,0,3.13567e+07,-957233,957233,1.40602e+07
0,0,0,6.21837e+07,0,3.13673e+07,-957233,957233,1.40602e+07
0,0,0,6.21837e+07,0,3.1378e+07,-957233,957233,1.40602e+07
0,0,0,6.21837e+07,0,3.21047e+07,-957233,957233,1.40602e+07
0,0,0,6.21837e+07,0,3.21156e+07,-957233,957233,1.40602e+07
0,0,0,6.21837e+07,0,3.21264e+07,-957233,957233,1.40602e+07
0,0,0,6.21837e+07,0,3.21373e+07,-957233,957233,1.40602e+07
0,0,0,6.21837e+07,0,3.45264e+07,-957233,957233,1.40602e+07
0,0,0,6.21837e+07,0,3.45381e+07,-957233,957233,1.40602e+07
0,0,0,6.21837e+07,0,3.45498e+07,-957233,957233,1.40602e+07
0,0,0,6.21837e+07,0,3.45616e+07,-957233,957233,1.40602e+07
0,0,0,6.21837e+07,0,3.45733e+07,-957233,957233,1.40602e+07
0,0,0,6.21837e+07,0,3.32473e+07,-957233,957233,1.40602e+07
0,0,0,6.21837e+07,0,3.32586e+07,-957233,957233,1.40602e+07
0,0,0,6.21837e+07,0,3.32699e+07,-957233,957233,1.40602e+07
0,0,0,6.21837e+07,0,3.32812e+07,-957233,957233,1.40602e+07
0,0,0,6.21837e+07,0,3.21126e+07,-957233,957233,1.40602e+07
0,0,0,6.21837e+07,0,3.21234e+07,-957233,957233,1.40602e+07
0,0,0,6.21837e+07,0,3.21343e+07,-957233,957233,1.40602e+07
0,0,0,6.21837e+07,0,3.21452e+07,-957233,957233,1.40602e+07
0,0,0,6.21837e+07,0,2.94201e+07,-957233,957233,1.40602e+07
0,0,0,6.21837e+07,0,2.943e+07,-957233,957233,1.40602e+07
0,0,0,6.21837e+07,0,2.94399e+07,-957233,957233,1.40602e+07
0,0,0,6.21837e+07,0,2.94498e+07,-957233,957233,1.40602e+07
0,0,0,6.21837e+07,0,2.94597e+07,-957233,957233,1.40602e+07
0,0,0,6.21837e+07,3.11087e+179,3.03612e+07,-957233,957233,1.40602e+07
0,0,0,6.21837e+07,0,3.03711e+07,-957233,957233,1.40602e+07
0,0,0,6.21837e+07,0,3.03809e+07,-957233,957233,1.40602e+07
0,0,0,6.21837e+07,0,3.03907e+07,-957233,957233,1.40602e+07
0,0,0,6.21837e+07,0,3.35372e+07,-957233,957233,1.40602e+07
0,0,0,6.21837e+07,0,3.3548e+07,-957233,957233,1.40602e+07
0,0,0,6.21837e+07,0,3.35589e+07,-957233,957233,1.40602e+07
0,0,0,6.21837e+07,0,3.35698e+07,-957233,957233,1.40602e+07
0,0,0,6.21837e+07,0,2.92577e+07,-957233,957233,1.40602e+07
0,0,0,6.21837e+07,0,2.92671e+07,-957233,957233,1.40602e+07
0,0,0,6.21837e+07,0,2.92765e+07,-957233,957233,1.40602e+07
0,0,0,6.21837e+07,0,2.9286e+07,-957233,957233,1.40602e+07
0,0,0,6.21837e+07,0,2.92954e+07,-957233,957233,1.40602e+07
0,0,0,6.21837e+07,0,3.03772e+07,-957233,957233,1.40602e+07
0,0,0,6.21837e+07,0,3.0387e+07,-957233,957233,1.40602e+07
0,0,0,6.21837e+07,0,3.03968e+07,-957233,957233,1.40602e+07
0,0,0,6.21837e+07,0,3.04066e+07,-957233,957233,1.40602e+07
0,0,0,6.21837e+07,0,2.99982e+07,-957233,957233,1.40602e+07
0,0,0,6.21837e+07,0,3.00078e+07,-957233,957233,1.40602e+07
0,0,0,6.21837e+07,0,3.00175e+07,-957233,957233,1.40602e+07
0,0,0,6.21837e+07,0,3.00272e+07,-957233,957233,1.40602e+07
0,0,0,6.21837e+07,0,3.14947e+07,-957233,957233,1.40602e+07
0,0,0,6.21837e+07,0,3.15048e+07,-957233,957233,1.40602e+07
0,0,0,6.21837e+07,0,3.1515e+07,-957233,957233,1.40602e+07
0,0,0,6.21837e+07,0,3.15252e+07,-957233,957233,1.40602e+07
0,0,0,6.21837e+07,0,3.15354e+07,-957233,957233,1.40602e+07
0,0,0,6.21837e+07,0,3.18894e+07,-957233,957233,1.40602e+07
0,0,0,6.21837e+07,0,3.18997e+07,-957233,957233,1.40602e+07
0,0,0,6.21837e+07,0,3.191e+07,-957233,957233,1.40602e+07
0,0,0,6.21837e+07,0,3.19203e+07,-957233,957233,1.40602e+07
0,0,0,6.21837e+07,0,3.26597e+07,-957233,957233,1.40602e+07
0,0,0,6.21837e+07,0,3.26702e+07,-957233,957233,1.40602e+07
0,0,0,6.21837e+07,0,3.26808e+07,-957233,957233,1.40602e+07
0,0,0,6.21837e+07,0,3.26914e+07,-957233,957233,1.40602e+07
0,0,0,6.21837e+07,0,3.5123e+07,-957233,957233,1.40602e+07
0,0,0,6.21837e+07,0,3.51344e+07,-957233,957233,1.40602e+07
0,0,0,6.21837e+07,0,3.51458e+07,-957233,957233,1.40602e+07
0,0,0,6.21837e+07,0,3.51572e+07,-957233,957233,1.40602e+07
0,0,0,6.21837e+07,0,3.51686e+07,-957233,957233,1.40602e+07
0,0,0,6.21837e+07,0,3.38182e+07,-957233,957233,1.40602e+07
0,0,0,6.21837e+07,0,3.38292e+07,-957233,957233,1.40602e+07
0,0,0,6.21837e+07,0,3.38401e+07,-957233,957233,1.40602e+07
0,0,0,6.21837e+07,0,3.3851e+07,-957233,957233,1.40602e+07
0,0,0,6.21837e+07,0,3.2661e+07,-957233,957233,1.40602e+07
0,0,0,6.21837e+07,0,3.26715e+07,-957233,957233,1.40602e+07
0,0,0,6.21837e+07,0,3.26821e+07,-957233,957233,1.40602e+07
0,0,0,6.21837e+07,0,3.26926e+07,-957233,957233,1.40602e+07
0,0,0,6.21837e+07,0,2.99184e+07,-957233,957233,1.40602e+07
0,0,0,6.21837e+07,0,2.9928e+07,-957233,957233,1.40602e+07
0,0,0,6.21837e+07,0,2.99376e+07,-957233,957233,1.40602e+07
0,0,0,6.21837e+07,0,2.99472e+07,-957233,957233,1.40602e+07
0,0,0,6.21837e+07,0,2.99568e+07,-957233,957233,1.40602e+07
0,0,0,6.21837e+07,3.11087e+179,3.08739e+07,-957233,957233,1.40602e+07
0,0,0,6.21837e+07,0,3.08834e+07,-957233,957233,1.40602e+07
0,0,0,6.21837e+07,0,3.0893e+07,-957233,957233,1.40602e+07
0,0,0,6.21837e+07,0,3.09025e+07,-957233,957233,1.40602e+07
0,0,0,6.21837e+07,0,3.41041e+07,-957233,957233,1.40602e+07
0,0,0,6.21837e+07,0,3.41147e+07,-957233,957233,1.40602e+07
0,0,0,6.21837e+07,0,3.41252e+07,-957233,957233,1.40602e+07
0,0,0,6.21837e+07,0,3.41358e+07,-957233,957233,1.40602e+07
0,0,0,6.21837e+07,0,2.97471e+07,-957233,957233,1.40602e+07
0,0,0,6.21837e+07,0,2.97562e+07,-957233,957233,1.40602e+07
0,0,0,6.21837e+07,0,2.97654e+07,-957233,957233,1.40602e+07
0,0,0,6.21837e+07,0,2.97745e+07,-957233,957233,1.40602e+07
0,0,0,6.21837e+07,0,2.97837e+07,-957233,957233,1.40602e+07
0,0,0,6.21837e+07,0,3.08839e+07,-957233,957233,1.40602e+07
0,0,0,6.21837e+07,0,3.08934e+07,-957233,957233,1.40602e+07
0,0,0,6.21837e+07,0,3.0903e+07,-957233,957233,1.40602e+07
0,0,0,6.21837e+07,0,3.09125e+07,-957233,957233,1.40602e+07
0,0,0,6.21837e+07,0,3.04964e+07,-957233,957233,1.40602e+07
0,0,0,6.21837e+07,0,3.05058e+07,-957233,957233,1.40602e+07
0,0,0,6.21837e+07,0,3.05151e+07,-957233,957233,1.40602e+07
0,0,0,6.21837e+07,0,3.05245e+07,-957233,957233,1.40602e+07
0,0,0,6.21837e+07,0,3.20171e+07,-957233,957233,1.40602e+07
0,0,0,6.21837e+07,0,3.20269e+07,-957233,957233,1.40602e+07
0,0,0,6.21837e+07,0,3.20368e+07,-957233,957233,1.40602e+07
0,0,0,6.21837e+07,0,3.20467e+07,-957233,957233,1.40602e+07
0,0,0,6.21837e+07,0,3.20565e+07,-957233,957233,1.40602e+07
0,0,0,6.21837e+07,0,3.24162e+07,-957233,957233,1.40602e+07
0,0,0,6.21837e+07,0,3.24262e+07,-957233,957233,1.40602e+07
0,0,0,6.21837e+07,0,3.24362e+07,-957233,957233,1.40602e+07
0,0,0,6.21837e+07,0,3.24461e+07,-957233,957233,1.40602e+07
0,0,0,6.21837e+07,0,3.31978e+07,-957233,957233,1.40602e+07
0,0,0,6.21837e+07,0,3.3208e+07,-957233,957233,1.40602e+07
0,0,0,6.21837e+07,0,3.32183e+07,-957233,957233,1.40602e+07
0,0,0,6.21837e+07,0,3.32285e+07,-957233,957233,1.40602e+07
0,0,0,6.21837e+07,0,3.57015e+07,-957233,957233,1.40602e+07
0,0,0,6.21837e+07,0,3.57125e+07,-957233,957233,1.40602e+07
0,0,0,6.21837e+07,0,3.57235e+07,-957233,957233,1.40602e+07
0,0,0,6.21837e+07,0,3.57346e+07,-957233,957233,1.40602e+07
0,0,0,6.21837e+07,0,3.57456e+07,-957233,957233,1.40602e+07
0,0,0,6.21837e+07,0,3.43716e+07,-957233,957233,1.40602e+07
0,0,0,6.21837e+07,0,3.43822e+07,-957233,957233,1.40602e+07
0,0,0,6.21837e+07,0,3.43928e+07,-957233,957233,1.40602e+07
0,0,0,6.21837e+07,0,3.44034e+07,-957233,957233,1.40602e+07
0,0,0,6.21837e+07,0,3.31925e+07,-957233,957233,1.40602e+07
0,0,0,6.21837e+07,0,3.32027e+07,-957233,957233,1.40602e+07
0,0,0,6.21837e+07,0,3.32129e+07,-957233,957233,1.40602e+07
0,0,0,6.21837e+07,0,3.32231e+07,-957233,957233,1.40602e+07
0,0,0,6.21837e+07,0,3.04013e+07,-957233,957233,1.40602e+07
0,0,0,6.21837e+07,0,3.04106e+07,-957233,957233,1.40602e+07
0,0,0,6.21837e+07,0,3.04199e+07,-957233,957233,1.40602e+07
0,0,0,6.21837e+07,0,3.04292e+07,-957233,957233,1.40602e+07
0,0,0,6.21837e+07,0,3.04385e+07,-957233,957233,1.40602e+07
0,0,0,6.21837e+07,3.11087e+179,3.13707e+07,-957233,957233,1.40602e+07
0,0,0,6.21837e+07,0,3.13799e+07,-957233,957233,1.40602e+07
0,0,0,6.21837e+07,0,3.13891e+07,-957233,957233,1.40602e+07
0,0,0,6.21837e+07,0,3.13983e+07,-957233,957233,1.40602e+07
0,0,0,6.21837e+07,0,3.46534e+07,-957233,957233,1.40602e+07
0,0,0,6.21837e+07,0,3.46636e+07,-957233,957233,1.40602e+07
0,0,0,6.21837e+07,0,3.46738e+07,-957233,957233,1.40602e+07
0,0,0,6.21837e+07,0,3.4684e+07,-957233,957233,1.40602e+07
0,0,0,6.21837e+07,0,3.02212e+07,-957233,957233,1.40602e+07
0,0,0,6.21837e+07,0,3.023e+07,-957233,957233,1.40602e+07
0,0,0,6.21837e+07,0,3.02389e+07,-957233,957233,1.40602e+07
0,0,0,6.21837e+07,0,3.02477e+07,-957233,957233,1.40602e+07
0,0,0,6.21837e+07,0,3.02566e+07,-957233,957233,1.40602e+07
0,0,0,6.21837e+07,0,3.13748e+07,-957233,957233,1.40602e+07
0,0,0,6.21837e+07,0,3.1384e+07,-957233,957233,1.40602e+07
0,0,0,6.21837e+07,0,3.13932e+07,-957233,957233,1.40602e+07
0,0,0,6.21837e+07,0,3.14024e+07,-957233,957233,1.40602e+07
0,0,0,6.21837e+07,0,3.09789e+07,-957233,957233,1.40602e+07
0,0,0,6.21837e+07,0,3.0988e+07,-957233,957233,1.40602e+07
0,0,0,6.21837e+07,0,3.09971e+07,-957233,957233,1.40602e+07
0,0,0,6.21837e+07,0,3.10061e+07,-957233,957233,1.40602e+07
0,0,0,6.21837e+07,0,3.2523e+07,-957233,957233,1.40602e+07
0,0,0,6.21837e+07,0,3.25325e+07,-957233,957233,1.40602e+07
0,0,0,6.21837e+07,0,3.2542e+07,-957233,957233,1.40602e+07
0,0,0,6.21837e+07,0,3.25516e+07,-957233,957233,1.40602e+07
0,0,0,6.21837e+07,0,3.25611e+07,-957233,957233,1.40602e+07
0,0,0,6.21837e+07,0,3.29262e+07,-957233,957233,1.40602e+07
0,0,0,6.21837e+07,0,3.29359e+07,-957233,957233,1.40602e+07
0,0,0,6.21837e+07,0,3.29455e+07,-957233,957233,1.40602e+07
0,0,0,6.21837e+07,0,3.29552e+07,-957233,957233,1.40602e+07
0,0,0,6.21837e+07,0,3.37187e+07,-957233,957233,1.40602e+07
0,0,0,6.21837e+07,0,3.37286e+07,-957233,957233,1.40602e+07
0,0,0,6.21837e+07,0,3.37385e+07,-957233,957233,1.40602e+07
0,0,0,6.21837e+07,0,3.37484e+07,-957233,957233,1.40602e+07
0,0,0,6.21837e+07,0,3.62614e+07,-957233,957233,1.40602e+07
0,0,0,6.21837e+07,0,3.6272e+07,-957233,957233,1.40602e+07
0,0,0,6.21837e+07,0,3.62827e+07,-957233,957233,1.40602e+07
0,0,0,6.21837e+07,0,3.62934e+07,-957233,957233,1.40602e+07
0,0,0,6.21837e+07,0,3.63041e+07,-957233,957233,1.40602e+07
0,0,0,6.21837e+07,0,3.49071e+07,-957233,957233,1.40602e+07
0,0,0,6.21837e+07,0,3.49174e+07,-957233,957233,1.40602e+07
0,0,0,6.21837e+07,0,3.49276e+07,-957233,957233,1.40602e+07
0,0,0,6.21837e+07,0,3.49379e+07,-957233,957233,1.40602e+07
0,0,0,6.21837e+07,0,3.37069e+07,-957233,957233,1.40602e+07
0,0,0,6.21837e+07,0,3.37167e+07,-957233,957233,1.40602e+07
0,0,0,6.21837e+07,0,3.37266e+07,-957233,957233,1.40602e+07
0,0,0,6.21837e+07,0,3.37365e+07,-957233,957233,1.40602e+07
0,0,0,6.21837e+07,0,3.08685e+07,-957233,957233,1.40602e+07
0,0,0,6.21837e+07,0,3.08775e+07,-957233,957233,1.40602e+07
0,0,0,6.21837e+07,0,3.08865e+07,-957233,957233,1.40602e+07
0,0,0,6.21837e+07,0,3.08955e+07,-957233,957233,1.40602e+07
0,0,0,6.21837e+07,0,3.09045e+07,-957233,957233,1.40602e+07
0,0,0,6.21837e+07,3.11087e+179,3.18512e+07,-957233,957233,1.40602e+07
0,0,0,6.21837e+07,0,3.18602e+07,-957233,957233,1.40602e+07
0,0,0,6.21837e+07,0,3.18691e+07,-957233,957233,1.40602e+07
0,0,0,6.21837e+07,0,3.1878e+07,-957233,957233,1.40602e+07
0,0,0,6.21837e+07,0,3.51848e+07,-957233,957233,1.40602e+07
0,0,0,6.21837e+07,0,3.51947e+07,-957233,957233,1.40602e+07
0,0,0,6.21837e+07,0,3.52046e+07,-957233,957233,1.40602e+07
0,0,0,6.21837e+07,0,3.52145e+07,-957233,957233,1.40602e+07
0,0,0,6.21837e+07,0,3.06799e+07,-957233,957233,1.40602e+07
0,0,0,6.21837e+07,0,3.06885e+07,-957233,957233,1.40602e+07
0,0,0,6.21837e+07,0,3.0697e+07,-957233,957233,1.40602e+07
0,0,0,6.21837e+07,0,3.07056e+07,-957233,957233,1.40602e+07
0,0,0,6.21837e+07,0,3.07141e+07,-957233,957233,1.40602e+07
0,0,0,6.21837e+07,0,3.18497e+07,-957233,957233,1.40602e+07
0,0,0,6.21837e+07,0,3.18586e+07,-957233,957233,1.40602e+07
0,0,0,6.21837e+07,0,3.18675e+07,-957233,957233,1.40602e+07
0,0,0,6.21837e+07,0,3.18764e+07,-957233,957233,1.40602e+07
0,0,0,6.21837e+07,0,3.14458e+07,-957233,957233,1.40602e+07
0,0,0,6.21837e+07,0,3.14546e+07,-957233,957233,1.40602e+07
0,0,0,6.21837e+07,0,3.14634e+07,-957233,957233,1.40602e+07
0,0,0,6.21837e+07,0,3.14722e+07,-957233,957233,1.40602e+07
0,0,0,6.21837e+07,0,3.30125e+07,-957233,957233,1.40602e+07
0,0,0,6.21837e+07,0,3.30217e+07,-957233,957233,1.40602e+07
0,0,0,6.21837e+07,0,3.3031e+07,-957233,957233,1.40602e+07
0,0,0,6.21837e+07,0,3.30402e+07,-957233,957233,1.40602e+07
0,0,0,6.21837e+07,0,3.30494e+07,-957233,957233,1.40602e+07
0,0,0,6.21837e+07,0,3.34198e+07,-957233,957233,1.40602e+07
0,0,0,6.21837e+07,0,3.34292e+07,-957233,957233,1.40602e+07
0,0,0,6.21837e+07,0,3.34385e+07,-957233,957233,1.40602e+07
0,0,0,6.21837e+07,0,3.34479e+07,-957233,957233,1.40602e+07
0,0,0,6.21837e+07,0,3.42229e+07,-957233,957233,1.40602e+07
0,0,0,6.21837e+07,0,3.42325e+07,-957233,957233,1.40602e+07
0,0,0,6.21837e+07,0,3.4242e+07,-957233,957233,1.40602e+07
0,0,0,6.21837e+07,0,3.42516e+07,-957233,957233,1.40602e+07
0,0,0,6.21837e+07,0,3.68033e+07,-957233,957233,1.40602e+07
0,0,0,6.21837e+07,0,3.68136e+07,-957233,957233,1.40602e+07
0,0,0,6.21837e+07,0,3.68239e+07,-957233,957233,1.40602e+07
0,0,0,6.21837e+07,0,3.68343e+07,-957233,957233,1.40602e+07
0,0,0,6.21837e+07,0,3.68446e+07,-957233,957233,1.40602e+07
0,0,0,6.21837e+07,0,3.54255e+07,-957233,957233,1.40602e+07
0,0,0,6.21837e+07,0,3.54354e+07,-957233,957233,1.40602e+07
0,0,0,6.21837e+07,0,3.54453e+07,-957233,957233,1.40602e+07
0,0,0,6.21837e+07,0,3.54552e+07,-957233,957233,1.40602e+07
0,0,0,6.21837e+07,0,3.42047e+07,-957233,957233,1.40602e+07
0,0,0,6.21837e+07,0,2.78607e+07,-7.31082e+06,7.31082e+06,1.40602e+07
0,0,0,6.21837e+07,0,1.97426e+07,-1.54385e+07,1.54385e+07,1.40602e+07
0,0,0,6.21837e+07,0,2.4219e+07,-1.09716e+07,1.09716e+07,1.40602e+07
0,0,0,6.21837e+07,0,2.54996e+07,-6.77843e+06,6.77843e+06,1.40602e+07
0,0,0,6.21837e+07,0,2.43385e+07,-7.94829e+06,7.94829e+06,1.40602e+07
0,0,0,6.21837e+07,0,2.59174e+07,-6.37807e+06,6.37807e+06,1.40602e+07
0,0,0,6.21837e+07,0,2.64238e+07,-5.88037e+06,5.88037e+06,1.40602e+07
0,0,0,6.21837e+07,0,2.62941e+07,-6.01882e+06,6.01882e+06,1.40602e+07
0,0,0,6.21837e+07,0,2.64169e+07,-6.85684e+06,6.85684e+06,1.40602e+07
0,0,0,6.21837e+07,3.11087e+179,3.23251e+07,-957233,957233,1.40602e+07
0,0,0,6.21837e+07,0,2.973e+07,-3.56094e+06,3.56094e+06,1.40602e+07
0,0,0,6.21837e+07,0,3.23424e+07,-957233,957233,1.40602e+07
0,0,0,6.21837e+07,0,3.56993e+07,-957233,957233,1.40602e+07
0,0,0,6.21837e+07,0,3.42196e+07,0,0,1.40602e+07
0,0,0,6.21837e+07,0,3.42291e+07,0,0,1.40602e+07
0,0,0,6.21837e+07,0,3.42387e+07,0,0,1.40602e+07
0,0,0,6.21837e+07,0,3.1124e+07,-957233,957233,1.40602e+07
0,0,0,6.21837e+07,0,3.11323e+07,-957233,957233,1.40602e+07
0,0,0,6.21837e+07,0,3.11406e+07,-957233,957233,1.40602e+07
0,0,0,6.21837e+07,0,3.11489e+07,-957233,957233,1.40602e+07
0,0,0,6.21837e+07,0,3.11571e+07,-957233,957233,1.40602e+07
0,0,0,6.21837e+07,0,3.23095e+07,-957233,957233,1.40602e+07
0,0,0,6.21837e+07,0,3.23181e+07,-957233,957233,1.40602e+07
0,0,0,6.21837e+07,0,3.23267e+07,-957233,957233,1.40602e+07
0,0,0,6.21837e+07,0,3.23354e+07,-957233,957233,1.40602e+07
0,0,0,6.21837e+07,0,3.18979e+07,-957233,957233,1.40602e+07
0,0,0,6.21837e+07,0,3.19064e+07,-957233,957233,1.40602e+07
0,0,0,6.21837e+07,0,3.19149e+07,-957233,957233,1.40602e+07
0,0,0,6.21837e+07,0,3.19234e+07,-957233,957233,1.40602e+07
0,0,0,6.21837e+07,0,3.34865e+07,-957233,957233,1.40602e+07
0,0,0,6.21837e+07,0,3.34954e+07,-957233,957233,1.40602e+07
0,0,0,6.21837e+07,0,3.35043e+07,-957233,957233,1.40602e+07
0,0,0,6.21837e+07,0,3.35133e+07,-957233,957233,1.40602e+07
0,0,0,6.21837e+07,0,3.35222e+07,-957233,957233,1.40602e+07
0,0,0,6.21837e+07,0,3.38977e+07,-957233,957233,1.40602e+07
0,0,0,6.21837e+07,0,3.39068e+07,-957233,957233,1.40602e+07
0,0,0,6.21837e+07,0,3.39158e+07,-957233,957233,1.40602e+07
0,0,0,6.21837e+07,0,3.39249e+07,-957233,957233,1.40602e+07
0,0,0,6.21837e+07,0,3.4711e+07,-957233,957233,1.40602e+07
0,0,0,6.21837e+07,0,3.47203e+07,-957233,957233,1.40602e+07
0,0,0,6.21837e+07,0,3.47296e+07,-957233,957233,1.40602e+07
0,0,0,6.21837e+07,0,3.47388e+07,-957233,957233,1.40602e+07
0,0,0,6.21837e+07,0,3.7328e+07,-957233,957233,1.40602e+07
0,0,0,6.21837e+07,0,3.7338e+07,-957233,957233,1.40602e+07
0,0,0,6.21837e+07,0,3.7348e+07,-957233,957233,1.40602e+07
0,0,0,6.21837e+07,0,3.7358e+07,-957233,957233,1.40602e+07
0,0,0,6.21837e+07,0,3.7368e+07,-957233,957233,1.40602e+07
0,0,0,6.21837e+07,0,3.59274e+07,-957233,957233,1.40602e+07
0,0,0,6.21837e+07,0,3.5937e+07,-957233,957233,1.40602e+07
0,0,0,6.21837e+07,0,3.59466e+07,-957233,957233,1.40602e+07
0,0,0,6.21837e+07,0,3.59562e+07,-957233,957233,1.40602e+07
0,0,0,6.21837e+07,0,3.46868e+07,-957233,957233,1.40602e+07
0,0,0,6.21837e+07,0,3.4696e+07,-957233,957233,1.40602e+07
0,0,0,6.21837e+07,0,3.47053e+07,-957233,957233,1.40602e+07
0,0,0,6.21837e+07,0,3.47146e+07,-957233,957233,1.40602e+07
0,0,0,6.21837e+07,0,3.17588e+07,-957233,957233,1.40602e+07
0,0,0,6.21837e+07,0,3.17672e+07,-957233,957233,1.40602e+07
0,0,0,6.21837e+07,0,3.17756e+07,-957233,957233,1.40602e+07
0,0,0,6.21837e+07,0,3.17841e+07,-957233,957233,1.40602e+07
0,0,0,6.21837e+07,0,3.17925e+07,-957233,957233,1.40602e+07
0,0,0,6.21837e+07,0,3.17925e+07,-957233,957233,1.40602e+07
0,0,0,1.24367e+08,3.11087e+179,3.2767e+07,-957233,957233,1.40602e+07
0,0,0,1.24367e+08,0,3.27753e+07,-957233,957233,1.40602e+07
0,0,0,1.24367e+08,0,3.27837e+07,-957233,957233,1.40602e+07
0,0,0,1.24367e+08,0,3.2792e+07,-957233,957233,1.40602e+07
0,0,0,1.24367e+08,0,3.61974e+07,-957233,957233,1.40602e+07
0,0,0,1.24367e+08,0,3.62066e+07,-957233,957233,1.40602e+07
0,0,0,1.24367e+08,0,3.62159e+07,-957233,957233,1.40602e+07
0,0,0,1.24367e+08,0,3.62252e+07,-957233,957233,1.40602e+07
0,0,0,1.24367e+08,0,3.15539e+07,-957233,957233,1.40602e+07
0,0,0,1.24367e+08,0,3.15619e+07,-957233,957233,1.40602e+07
0,0,0,1.24367e+08,0,3.15699e+07,-957233,957233,1.40602e+07
0,0,0,1.24367e+08,0,3.15779e+07,-957233,957233,1.40602e+07
0,0,0,1.24367e+08,0,3.15859e+07,-957233,957233,1.40602e+07
0,0,0,1.24367e+08,0,3.27545e+07,-957233,957233,1.40602e+07
0,0,0,1.24367e+08,0,3.27629e+07,-957233,957233,1.40602e+07
0,0,0,1.24367e+08,0,3.27712e+07,-957233,957233,1.40602e+07
0,0,0,1.24367e+08,0,3.27795e+07,-957233,957233,1.40602e+07
0,0,0,1.24367e+08,0,3.23353e+07,-957233,957233,1.40602e+07
0,0,0,1.24367e+08,0,3.23436e+07,-957233,957233,1.40602e+07
0,0,0,1.24367e+08,0,3.23518e+07,-957233,957233,1.40602e+07
0,0,0,1.24367e+08,0,3.236e+07,-957233,957233,1.40602e+07
0,0,0,1.24367e+08,0,3.39451e+07,-957233,957233,1.40602e+07
0,0,0,1.24367e+08,0,3.39537e+07,-957233,957233,1.40602e+07
0,0,0,1.24367e+08,0,3.39624e+07,-957233,957233,1.40602e+07
0,0,0,1.24367e+08,0,3.3971e+07,-957233,957233,1.40602e+07
0,0,0,1.24367e+08,0,3.39797e+07,-957233,957233,1.40602e+07
0,0,0,1.24367e+08,0,3.43601e+07,-957233,957233,1.40602e+07
0,0,0,1.24367e+08,0,3.43688e+07,-957233,957233,1.40602e+07
0,0,0,1.24367e+08,0,3.43776e+07,-957233,957233,1.40602e+07
0,0,0,1.24367e+08,0,3.43864e+07,-957233,957233,1.40602e+07
0,0,0,1.24367e+08,0,3.51832e+07,-957233,957233,1.40602e+07
0,0,0,1.24367e+08,0,3.51922e+07,-957233,957233,1.40602e+07
0,0,0,1.24367e+08,0,3.52011e+07,-957233,957233,1.40602e+07
0,0,0,1.24367e+08,0,3.52101e+07,-957233,957233,1.40602e+07
0,0,0,1.24367e+08,0,3.78355e+07,-957233,957233,1.40602e+07
0,0,0,1.24367e+08,0,3.77294e+07,-882865,882865,1.40602e+07
0,0,0,1.24367e+08,0,3.77363e+07,-881051,881051,1.40602e+07
0,0,0,1.24367e+08,0,3.77431e+07,-879237,879237,1.40602e+07
0,0,0,1.24367e+08,0,3.775e+07,-877422,877422,1.40602e+07
0,0,0,1.24367e+08,0,3.62858e+07,-875607,875607,1.40602e+07
0,0,0,1.24367e+08,0,3.49328e+07,0,0,1.40602e+07
0,0,0,1.24367e+08,0,3.4942e+07,0,0,1.40602e+07
0,0,0,1.24367e+08,0,3.49513e+07,0,0,1.40602e+07
0,0,0,1.24367e+08,0,3.36636e+07,0,0,1.40602e+07
0,0,0,1.24367e+08,0,3.36726e+07,0,0,1.40602e+07
0,0,0,1.24367e+08,0,3.36066e+07,-74922.7,74922.7,1.40602e+07
0,0,0,1.24367e+08,0,3.3211e+07,-479511,479511,1.40602e+07
0,0,0,1.24367e+08,0,3.06929e+07,0,0,1.40602e+07
0,0,0,1.24367e+08,0,3.07011e+07,0,0,1.40602e+07
0,0,0,1.24367e+08,0,3.07092e+07,0,0,1.40602e+07
0,0,0,1.24367e+08,0,3.22067e+07,-957233,957233,1.40602e+07
0,0,0,1.24367e+08,0,3.22148e+07,-957233,957233,1.40602e+07
0,0,0,1.24367e+08,3.11087e+179,3.32024e+07,-957233,957233,1.40602e+07
0,0,0,1.24367e+08,3.11087e+179,3.32105e+07,-957233,957233,1.40602e+07
0,0,0,1.24367e+08,0,3.32186e+07,-957233,957233,1.40602e+07
0,0,0,1.24367e+08,0,3.32266e+07,-957233,957233,1.40602e+07
0,0,0,1.24367e+08,0,3.66788e+07,-957233,957233,1.40602e+07
0,0,0,1.24367e+08,0,3.66877e+07,-957233,957233,1.40602e+07
0,0,0,1.24367e+08,0,3.66967e+07,-957233,957233,1.40602e+07
0,0,0,1.24367e+08,0,3.67056e+07,-957233,957233,1.40602e+07
0,0,0,1.24367e+08,0,3.19693e+07,-957233,957233,1.40602e+07
0,0,0,1.24367e+08,0,3.19771e+07,-957233,957233,1.40602e+07
0,0,0,1.24367e+08,0,3.19848e+07,-957233,957233,1.40602e+07
0,0,0,1.24367e+08,0,3.19926e+07,-957233,957233,1.40602e+07
0,0,0,1.24367e+08,0,3.20003e+07,-957233,957233,1.40602e+07
0,0,0,1.24367e+08,0,3.31846e+07,-957233,957233,1.40602e+07
0,0,0,1.24367e+08,0,3.31926e+07,-957233,957233,1.40602e+07
0,0,0,1.24367e+08,0,3.32007e+07,-957233,957233,1.40602e+07
0,0,0,1.24367e+08,0,3.32087e+07,-957233,957233,1.40602e+07
0,0,0,1.24367e+08,0,3.2758e+07,-957233,957233,1.40602e+07
0,0,0,1.24367e+08,0,3.27659e+07,-957233,957233,1.40602e+07
0,0,0,1.24367e+08,0,3.27739e+07,-957233,957233,1.40602e+07
0,0,0,1.24367e+08,0,3.27818e+07,-957233,957233,1.40602e+07
0,0,0,1.24367e+08,0,3.43881e+07,-957233,957233,1.40602e+07
0,0,0,1.24367e+08,0,3.43965e+07,-957233,957233,1.40602e+07
0,0,0,1.24367e+08,0,3.44048e+07,-957233,957233,1.40602e+07
0,0,0,1.24367e+08,0,3.44132e+07,-957233,957233,1.40602e+07
0,0,0,1.24367e+08,0,3.44215e+07,-957233,957233,1.40602e+07
0,0,0,1.24367e+08,0,3.48067e+07,-957233,957233,1.40602e+07
0,0,0,1.24367e+08,0,3.48151e+07,-957233,957233,1.40602e+07
0,0,0,1.24367e+08,0,3.48236e+07,-957233,957233,1.40602e+07
0,0,0,1.24367e+08,0,3.4832e+07,-957233,957233,1.40602e+07
0,0,0,1.24367e+08,0,3.56393e+07,-957233,957233,1.40602e+07
0,0,0,1.24367e+08,0,3.56479e+07,-957233,957233,1.40602e+07
0,0,0,1.24367e+08,0,3.56566e+07,-957233,957233,1.40602e+07
0,0,0,1.24367e+08,0,3.56652e+07,-957233,957233,1.40602e+07
0,0,0,1.24367e+08,0,3.83255e+07,-957233,957233,1.40602e+07
0,0,0,1.24367e+08,0,3.8076e+07,-790884,790884,1.40602e+07
0,0,0,1.24367e+08,0,3.80827e+07,-789134,789134,1.40602e+07
0,0,0,1.24367e+08,0,3.68642e+07,0,0,1.40602e+07
0,0,0,1.24367e+08,0,3.68736e+07,0,0,1.40602e+07
0,0,0,1.24367e+08,0,3.53921e+07,0,0,1.40602e+07
0,0,0,1.24367e+08,0,3.54011e+07,0,0,1.40602e+07
0,0,0,1.24367e+08,0,3.541e+07,0,0,1.40602e+07
0,0,0,1.24367e+08,0,3.14651e+07,-3.95393e+06,3.95393e+06,1.40602e+07
0,0,0,1.24367e+08,0,2.65096e+07,-7.60409e+06,7.60409e+06,1.40602e+07
0,0,0,1.24367e+08,0,2.76191e+07,-6.50319e+06,6.50319e+06,1.40602e+07
0,0,0,1.24367e+08,0,3.04578e+07,-3.67306e+06,3.67306e+06,1.40602e+07
0,0,0,1.24367e+08,0,2.83369e+07,-5.80265e+06,5.80265e+06,1.40602e+07
0,0,0,1.24367e+08,0,2.86288e+07,-2.47281e+06,2.47281e+06,1.40602e+07
0,0,0,1.24367e+08,0,2.84907e+07,-2.61882e+06,2.61882e+06,1.40602e+07
0,0,0,1.24367e+08,0,3.04643e+07,-653028,653028,1.40602e+07
0,0,0,1.24367e+08,0,3.01944e+07,-930792,930792,1.40602e+07
0,0,0,1.24367e+08,0,3.09546e+07,-178529,178529,1.40602e+07
0,0,0,3.6866e+08,8.91992e+06,3.21334e+07,0,0,1.40602e+07
0,0,0,3.6866e+08,0,3.18823e+07,-258943,258943,1.40602e+07
0,0,0,3.6866e+08,0,3.2149e+07,0,0,1.40602e+07
0,0,0,3.6866e+08,0,3.21567e+07,0,0,1.40602e+07
0,0,0,3.6866e+08,0,3.56541e+07,0,0,1.40602e+07
0,0,0,3.6866e+08,0,3.56627e+07,0,0,1.40602e+07
0,0,0,3.6866e+08,0,3.56713e+07,0,0,1.40602e+07
0,0,0,3.6866e+08,0,3.56799e+07,0,0,1.40602e+07
0,0,0,3.6866e+08,0,3.08809e+07,0,0,1.40602e+07
0,0,0,3.6866e+08,0,3.08883e+07,0,0,1.40602e+07
0,0,0,3.6866e+08,0,3.08958e+07,0,0,1.40602e+07
0,0,0,3.6866e+08,0,3.09032e+07,0,0,1.40602e+07
0,0,0,3.6866e+08,0,3.09107e+07,0,0,1.40602e+07
0,0,0,3.6866e+08,0,3.21101e+07,0,0,1.40602e+07
0,0,0,3.6866e+08,0,3.21178e+07,0,0,1.40602e+07
0,0,0,3.6866e+08,0,3.21256e+07,0,0,1.40602e+07
0,0,0,3.6866e+08,0,3.36226e+07,-957233,957233,1.40602e+07
0,0,0,3.6866e+08,0,3.31656e+07,-957233,957233,1.40602e+07
0,0,0,3.6866e+08,0,3.31733e+07,-957233,957233,1.40602e+07
0,0,0,3.6866e+08,0,3.31809e+07,-957233,957233,1.40602e+07
0,0,0,3.6866e+08,0,3.31886e+07,-957233,957233,1.40602e+07
0,0,0,3.6866e+08,0,3.48154e+07,-957233,957233,1.40602e+07
0,0,0,3.6866e+08,0,3.48234e+07,-957233,957233,1.40602e+07
0,0,0,3.6866e+08,0,3.48314e+07,-957233,957233,1.40602e+07
0,0,0,3.6866e+08,0,3.48395e+07,-957233,957233,1.40602e+07
0,0,0,3.6866e+08,0,3.48475e+07,-957233,957233,1.40602e+07
0,0,0,3.6866e+08,0,3.52372e+07,-957233,957233,1.40602e+07
0,0,0,3.6866e+08,0,3.52454e+07,-957233,957233,1.40602e+07
0,0,0,3.6866e+08,0,3.52535e+07,-957233,957233,1.40602e+07
0,0,0,3.6866e+08,0,3.52616e+07,-957233,957233,1.40602e+07
0,0,0,3.6866e+08,0,3.60788e+07,-957233,957233,1.40602e+07
0,0,0,3.6866e+08,0,3.60872e+07,-957233,957233,1.40602e+07
0,0,0,3.6866e+08,0,3.60955e+07,-957233,957233,1.40602e+07
0,0,0,3.6866e+08,0,3.61038e+07,-957233,957233,1.40602e+07
0,0,0,3.6866e+08,0,3.87978e+07,-957233,957233,1.40602e+07
0,0,0,3.6866e+08,0,3.84101e+07,-702238,702238,1.40602e+07
0,0,0,3.6866e+08,0,3.84164e+07,-700552,700552,1.40602e+07
0,0,0,3.6866e+08,0,3.73355e+07,0,0,1.40602e+07
0,0,0,3.6866e+08,0,3.73445e+07,0,0,1.40602e+07
0,0,0,3.6866e+08,0,3.58437e+07,0,0,1.40602e+07
0,0,0,3.6866e+08,0,3.58523e+07,0,0,1.40602e+07
0,0,0,3.6866e+08,0,3.58609e+07,0,0,1.40602e+07
0,0,0,3.6866e+08,0,3.58696e+07,0,0,1.40602e+07
0,0,0,3.6866e+08,0,3.45472e+07,0,0,1.40602e+07
0,0,0,3.6866e+08,0,3.45555e+07,0,0,1.40602e+07
0,0,0,3.6866e+08,0,3.45638e+07,0,0,1.40602e+07
0,0,0,3.6866e+08,0,3.36587e+07,-913362,913362,1.40602e+07
0,0,0,3.6866e+08,0,2.78723e+07,-3.62304e+06,3.62304e+06,1.59006e+07
0,0,0,3.6866e+08,0,3.15029e+07,0,0,1.40602e+07
0,0,0,3.6866e+08,0,3.07855e+07,-724957,724957,1.40602e+07
0,0,0,3.6866e+08,0,2.78924e+07,-3.62566e+06,3.62566e+06,1.59006e+07
0,0,0,3.6866e+08,0,2.78991e+07,-3.62653e+06,3.62653e+06,1.59006e+07
0,0,0,3.6866e+08,8.91992e+06,2.87951e+07,-3.74301e+06,3.74301e+06,1.59006e+07
0,0,0,3.6866e+08,0,2.88017e+07,-3.74386e+06,3.74386e+06,1.59006e+07
0,0,0,3.6866e+08,0,3.02976e+07,-4.70195e+06,4.70195e+06,1.59006e+07
0,0,0,3.6866e+08,0,3.03042e+07,-4.70281e+06,4.70281e+06,1.59006e+07
0,0,0,3.6866e+08,0,3.19484e+07,-4.15289e+06,4.15289e+06,1.59006e+07
0,0,0,3.6866e+08,0,3.52788e+07,-830769,830769,1.40602e+07
0,0,0,3.6866e+08,0,3.34523e+07,-5.11203e+06,5.11203e+06,1.59006e+07
0,0,0,3.6866e+08,0,3.61261e+07,0,0,1.40602e+07
0,0,0,3.6866e+08,0,3.12667e+07,0,0,1.40602e+07
0,0,0,3.6866e+08,0,3.27631e+07,-957233,957233,1.40602e+07
0,0,0,3.6866e+08,0,3.27703e+07,-957233,957233,1.40602e+07
0,0,0,3.6866e+08,0,3.27774e+07,-957233,957233,1.40602e+07
0,0,0,3.6866e+08,0,3.20646e+07,-1.67724e+06,1.67724e+06,1.40602e+07
0,0,0,3.6866e+08,0,3.02588e+07,-4.69691e+06,4.69691e+06,1.59006e+07
0,0,0,3.6866e+08,0,3.4006e+07,-957233,957233,1.40602e+07
0,0,0,3.6866e+08,0,3.40134e+07,-957233,957233,1.40602e+07
0,0,0,3.6866e+08,0,3.02786e+07,-4.69948e+06,4.69948e+06,1.59006e+07
0,0,0,3.6866e+08,0,2.98688e+07,-4.64621e+06,4.64621e+06,1.59006e+07
0,0,0,3.6866e+08,0,2.98753e+07,-4.64706e+06,4.64706e+06,1.59006e+07
0,0,0,3.6866e+08,0,2.98818e+07,-4.6479e+06,4.6479e+06,1.59006e+07
0,0,0,3.6866e+08,0,3.28415e+07,-1.69554e+06,1.69554e+06,1.40602e+07
0,0,0,3.6866e+08,0,3.52262e+07,-957233,957233,1.40602e+07
0,0,0,3.6866e+08,0,3.5234e+07,-957233,957233,1.40602e+07
0,0,0,3.6866e+08,0,3.1359e+07,-4.83992e+06,4.83992e+06,1.59006e+07
0,0,0,3.6866e+08,0,3.13658e+07,-4.84081e+06,4.84081e+06,1.59006e+07
0,0,0,3.6866e+08,0,3.52571e+07,-957233,957233,1.40602e+07
0,0,0,3.6866e+08,0,3.56512e+07,-957233,957233,1.40602e+07
0,0,0,3.6866e+08,0,3.5659e+07,-957233,957233,1.40602e+07
0,0,0,3.6866e+08,0,3.56668e+07,-957233,957233,1.40602e+07
0,0,0,3.6866e+08,0,3.41853e+07,0,0,1.40602e+07
0,0,0,3.6866e+08,0,3.50121e+07,0,0,1.40602e+07
0,0,0,3.6866e+08,0,3.50201e+07,0,0,1.40602e+07
0,0,0,3.6866e+08,0,3.50281e+07,0,0,1.40602e+07
0,0,0,3.6866e+08,0,3.50361e+07,0,0,1.40602e+07
0,0,0,3.6866e+08,0,3.28283e+07,-4.93416e+06,4.93416e+06,1.40602e+07
0,0,0,3.6866e+08,0,2.26037e+07,-1.51673e+07,1.51673e+07,1.40602e+07
0,0,0,3.6866e+08,0,2.2978e+07,-1.48017e+07,1.48017e+07,1.40602e+07
0,0,0,3.6866e+08,0,2.12199e+07,-1.65684e+07,1.65684e+07,1.40602e+07
0,0,0,3.6866e+08,0,2.53286e+07,-1.24683e+07,1.24683e+07,1.40602e+07
0,0,0,3.6866e+08,0,2.11086e+07,-1.51689e+07,1.51689e+07,1.40602e+07
0,0,0,3.6866e+08,0,1.91342e+07,-1.71516e+07,1.71516e+07,1.40602e+07
0,0,0,3.6866e+08,0,1.87048e+07,-1.75893e+07,1.75893e+07,1.59006e+07
0,0,0,3.6866e+08,0,1.95529e+07,-1.67494e+07,1.67494e+07,1.59006e+07
0,0,0,3.6866e+08,0,2.03537e+07,-1.46098e+07,1.46098e+07,1.59006e+07
0,0,0,3.6866e+08,0,2.00015e+07,-1.497e+07,1.497e+07,1.59006e+07
0,0,0,3.6866e+08,0,1.71342e+07,-1.78453e+07,1.78453e+07,1.59006e+07
0,0,0,3.6866e+08,0,2.40498e+07,-1.09377e+07,1.09377e+07,1.59006e+07
0,0,0,3.6866e+08,0,2.66448e+07,-5.2285e+06,5.2285e+06,1.59006e+07
0,0,0,3.6866e+08,0,2.82132e+07,-3.66736e+06,3.66736e+06,1.59006e+07
0,0,0,3.6866e+08,0,2.74006e+07,-4.48722e+06,4.48722e+06,1.59006e+07
0,0,0,3.6866e+08,0,2.39325e+07,-7.96259e+06,7.96259e+06,1.59006e+07
0,0,0,3.6866e+08,0,2.61928e+07,-5.70957e+06,5.70957e+06,1.59006e+07
0,0,0,3.6866e+08,1.78398e+07,2.91389e+07,-3.78769e+06,3.78769e+06,1.59006e+07
0,0,0,3.6866e+08,0,2.91452e+07,-3.78851e+06,3.78851e+06,1.59006e+07
0,0,0,3.6866e+08,0,2.91516e+07,-3.78933e+06,3.78933e+06,1.59006e+07
0,0,0,3.6866e+08,0,2.91579e+07,-3.79015e+06,3.79015e+06,1.59006e+07
0,0,0,3.6866e+08,0,3.23282e+07,-4.20226e+06,4.20226e+06,1.59006e+07
0,0,0,3.6866e+08,0,3.38245e+07,-5.16041e+06,5.16041e+06,1.59006e+07
0,0,0,3.6866e+08,0,3.38315e+07,-5.16132e+06,5.16132e+06,1.59006e+07
0,0,0,3.6866e+08,0,3.23492e+07,-4.20499e+06,4.20499e+06,1.59006e+07
0,0,0,3.6866e+08,0,2.94868e+07,-4.59656e+06,4.59656e+06,1.59006e+07
0,0,0,3.6866e+08,0,2.94928e+07,-4.59734e+06,4.59734e+06,1.59006e+07
0,0,0,3.6866e+08,0,3.31398e+07,-957233,957233,1.40602e+07
0,0,0,3.6866e+08,0,3.31466e+07,-957233,957233,1.40602e+07
0,0,0,3.6866e+08,0,3.31535e+07,-957233,957233,1.40602e+07
0,0,0,3.6866e+08,0,3.43813e+07,-957233,957233,1.40602e+07
0,0,0,3.6866e+08,0,3.43884e+07,-957233,957233,1.40602e+07
0,0,0,3.6866e+08,0,3.43955e+07,-957233,957233,1.40602e+07
0,0,0,3.6866e+08,0,3.44026e+07,-957233,957233,1.40602e+07
0,0,0,3.6866e+08,0,3.39338e+07,-957233,957233,1.40602e+07
0,0,0,3.6866e+08,0,3.39408e+07,-957233,957233,1.40602e+07
0,0,0,3.6866e+08,0,3.39478e+07,-957233,957233,1.40602e+07
0,0,0,3.6866e+08,0,3.39548e+07,-957233,957233,1.40602e+07
0,0,0,3.6866e+08,0,3.16939e+07,-4.88345e+06,4.88345e+06,1.59006e+07
0,0,0,3.6866e+08,0,3.56275e+07,-957233,957233,1.40602e+07
0,0,0,3.6866e+08,0,3.56348e+07,-957233,957233,1.40602e+07
0,0,0,3.6866e+08,0,3.56422e+07,-957233,957233,1.40602e+07
0,0,0,3.6866e+08,0,3.56496e+07,-957233,957233,1.40602e+07
0,0,0,3.6866e+08,0,3.60479e+07,-957233,957233,1.40602e+07
0,0,0,3.6866e+08,0,3.60553e+07,-957233,957233,1.40602e+07
0,0,0,3.6866e+08,0,3.60628e+07,-957233,957233,1.40602e+07
0,0,0,3.6866e+08,0,3.60703e+07,-957233,957233,1.40602e+07
0,0,0,3.6866e+08,0,3.69061e+07,-957233,957233,1.40602e+07
0,0,0,3.6866e+08,0,3.69138e+07,-957233,957233,1.40602e+07
0,0,0,3.6866e+08,0,3.69214e+07,-957233,957233,1.40602e+07
0,0,0,3.6866e+08,0,3.69291e+07,-957233,957233,1.40602e+07
0,0,0,3.6866e+08,0,3.96864e+07,-957233,957233,1.40602e+07
0,0,0,3.6866e+08,0,3.96946e+07,-957233,957233,1.40602e+07
0,0,0,3.6866e+08,0,3.97029e+07,-957233,957233,1.40602e+07
0,0,0,3.6866e+08,0,3.97111e+07,-957233,957233,1.40602e+07
0,0,0,3.6866e+08,0,3.97194e+07,-957233,957233,1.40602e+07
0,0,0,3.6866e+08,0,3.81821e+07,-957233,957233,1.40602e+07
0,0,0,3.6866e+08,0,3.819e+07,-957233,957233,1.40602e+07
0,0,0,3.6866e+08,0,3.81979e+07,-957233,957233,1.40602e+07
0,0,0,3.6866e+08,0,3.82058e+07,-957233,957233,1.40602e+07
0,0,0,3.6866e+08,0,3.68513e+07,-957233,957233,1.40602e+07
0,0,0,3.6866e+08,0,3.6859e+07,-957233,957233,1.40602e+07
0,0,0,3.6866e+08,0,3.68666e+07,-957233,957233,1.40602e+07
0,0,0,3.6866e+08,0,3.68742e+07,-957233,957233,1.40602e+07
0,0,0,3.6866e+08,0,3.37243e+07,-957233,957233,1.40602e+07
0,0,0,3.6866e+08,0,3.37312e+07,-957233,957233,1.40602e+07
0,0,0,3.6866e+08,0,3.37382e+07,-957233,957233,1.40602e+07
0,0,0,3.6866e+08,0,3.37451e+07,-957233,957233,1.40602e+07
0,0,0,3.6866e+08,0,3.00408e+07,-4.66857e+06,4.66857e+06,1.59006e+07
0,0,0,3.6866e+08,0,3.0957e+07,-4.78767e+06,4.78767e+06,1.59006e+07
0,0,0,3.6866e+08,0,3.09631e+07,-4.78845e+06,4.78845e+06,1.59006e+07
0,0,0,3.6866e+08,0,3.09691e+07,-4.78924e+06,4.78924e+06,1.59006e+07
0,0,0,3.6866e+08,0,3.09751e+07,-4.79002e+06,4.79002e+06,1.59006e+07
0,0,0,3.6866e+08,0,3.41808e+07,-5.20671e+06,5.20671e+06,1.59006e+07
0,0,0,3.6866e+08,0,3.26981e+07,-4.25035e+06,4.25035e+06,1.59006e+07
0,0,0,3.6866e+08,0,3.27048e+07,-4.25121e+06,4.25121e+06,1.59006e+07
0,0,0,3.6866e+08,0,3.27115e+07,-4.25208e+06,4.25208e+06,1.59006e+07
0,0,0,3.6866e+08,0,2.83107e+07,-3.68003e+06,3.68003e+06,1.59006e+07
0,0,0,3.6866e+08,0,2.83165e+07,-3.68078e+06,3.68078e+06,1.59006e+07
0,0,0,3.6866e+08,0,2.83222e+07,-3.68153e+06,3.68153e+06,1.59006e+07
0,0,0,3.6866e+08,0,2.8328e+07,-3.68229e+06,3.68229e+06,1.59006e+07
0,0,0,3.6866e+08,0,2.83338e+07,-3.68304e+06,3.68304e+06,1.59006e+07
0,0,0,3.6866e+08,0,2.94321e+07,-3.8258e+06,3.8258e+06,1.59006e+07
0,0,0,3.6866e+08,0,2.94381e+07,-3.82658e+06,3.82658e+06,1.59006e+07
0,0,0,3.6866e+08,0,2.94441e+07,-3.82737e+06,3.82737e+06,1.59006e+07
0,0,0,3.6866e+08,0,2.94501e+07,-3.82815e+06,3.82815e+06,1.59006e+07
0,0,0,3.6866e+08,0,2.90302e+07,-3.77357e+06,3.77357e+06,1.59006e+07
0,0,0,3.6866e+08,0,2.90362e+07,-3.77434e+06,3.77434e+06,1.59006e+07
0,0,0,3.6866e+08,0,2.90421e+07,-3.77511e+06,3.77511e+06,1.59006e+07
0,0,0,3.6866e+08,0,2.9048e+07,-3.77588e+06,3.77588e+06,1.59006e+07
0,0,0,3.6866e+08,0,3.05376e+07,-3.9695e+06,3.9695e+06,1.59006e+07
0,0,0,3.6866e+08,0,3.05438e+07,-3.97031e+06,3.97031e+06,1.59006e+07
0,0,0,3.6866e+08,0,3.05501e+07,-3.97112e+06,3.97112e+06,1.59006e+07
0,0,0,3.6866e+08,0,3.05563e+07,-3.97193e+06,3.97193e+06,1.59006e+07
0,0,0,3.6866e+08,0,2.79596e+07,-6.57569e+06,6.57569e+06,1.59006e+07
0,0,0,3.6866e+08,0,2.59827e+07,-8.95472e+06,8.95472e+06,1.59006e+07
0,0,0,3.6866e+08,0,2.54088e+07,-9.53583e+06,9.53583e+06,1.59006e+07
0,0,0,3.6866e+08,0,2.57438e+07,-9.20796e+06,9.20796e+06,1.40602e+07
0,0,0,3.6866e+08,0,2.54753e+07,-9.48356e+06,9.48356e+06,1.40602e+07
0,0,0,3.6866e+08,0,2.439e+07,-1.14134e+07,1.14134e+07,1.59006e+07
0,0,0,3.6866e+08,0,2.67725e+07,-9.03818e+06,9.03818e+06,1.40602e+07
0,0,0,3.6866e+08,0,2.62311e+07,-9.58695e+06,9.58695e+06,1.40602e+07
0,0,0,3.6866e+08,0,2.53977e+07,-1.04276e+07,1.04276e+07,1.40602e+07
0,0,0,3.6866e+08,0,2.76369e+07,-1.09752e+07,1.09752e+07,1.40602e+07
0,0,0,3.6866e+08,0,2.47573e+07,-1.38627e+07,1.38627e+07,1.40602e+07
0,0,0,3.6866e+08,0,2.26299e+07,-1.5998e+07,1.5998e+07,1.40602e+07
0,0,0,3.6866e+08,0,2.26098e+07,-1.60259e+07,1.60259e+07,1.40602e+07
0,0,0,3.6866e+08,0,2.40908e+07,-1.45528e+07,1.45528e+07,1.40602e+07
0,0,0,3.6866e+08,0,2.05232e+07,-1.6566e+07,1.6566e+07,1.59006e+07
0,0,0,3.6866e+08,0,2.66298e+07,-1.04669e+07,1.04669e+07,1.40602e+07
0,0,0,3.6866e+08,0,2.34712e+07,-1.36331e+07,1.36331e+07,1.40602e+07
0,0,0,3.6866e+08,0,1.9474e+07,-1.76379e+07,1.76379e+07,1.59006e+07
0,0,0,3.6866e+08,0,2.55899e+07,-1.01525e+07,1.01525e+07,1.59006e+07
0,0,0,3.6866e+08,0,2.84263e+07,-7.32337e+06,7.32337e+06,1.59006e+07
0,0,0,3.6866e+08,0,2.92613e+07,-6.49565e+06,6.49565e+06,1.59006e+07
0,0,0,3.6866e+08,0,2.79067e+07,-7.85745e+06,7.85745e+06,1.59006e+07
0,0,0,3.6866e+08,0,2.88323e+07,-3.74783e+06,3.74783e+06,1.59006e+07
0,0,0,3.6866e+08,0,2.88381e+07,-3.74859e+06,3.74859e+06,1.59006e+07
0,0,0,3.6866e+08,0,2.8844e+07,-3.74936e+06,3.74936e+06,1.59006e+07
0,0,0,3.6866e+08,0,2.88499e+07,-3.75012e+06,3.75012e+06,1.59006e+07
0,0,0,3.6866e+08,0,3.0345e+07,-4.70812e+06,4.70812e+06,1.59006e+07
0,0,0,3.6866e+08,0,2.88557e+07,-3.75088e+06,3.75088e+06,1.59006e+07
0,0,0,3.6866e+08,0,2.97814e+07,-3.87121e+06,3.87121e+06,1.59006e+07
0,0,0,3.6866e+08,0,2.97872e+07,-3.87196e+06,3.87196e+06,1.59006e+07
0,0,0,3.6866e+08,0,2.97929e+07,-3.8727e+06,3.8727e+06,1.59006e+07
0,0,0,3.6866e+08,0,2.97986e+07,-3.87344e+06,3.87344e+06,1.59006e+07
0,0,0,3.6866e+08,0,3.45272e+07,-5.25174e+06,5.25174e+06,1.59006e+07
0,0,0,3.6866e+08,0,3.45335e+07,-5.25257e+06,5.25257e+06,1.59006e+07
0,0,0,3.6866e+08,0,3.45399e+07,-5.25339e+06,5.25339e+06,1.59006e+07
0,0,0,3.6866e+08,0,3.45462e+07,-5.25422e+06,5.25422e+06,1.59006e+07
0,0,0,3.6866e+08,0,3.00986e+07,-4.67608e+06,4.67608e+06,1.59006e+07
0,0,0,3.6866e+08,0,3.01041e+07,-4.6768e+06,4.6768e+06,1.59006e+07
0,0,0,3.6866e+08,0,3.01096e+07,-4.67751e+06,4.67751e+06,1.59006e+07
0,0,0,3.6866e+08,0,3.38361e+07,-957233,957233,1.40602e+07
0,0,0,3.6866e+08,0,3.38423e+07,-957233,957233,1.40602e+07
0,0,0,3.6866e+08,0,3.43228e+07,-1.73042e+06,1.73042e+06,1.40602e+07
0,0,0,3.6866e+08,0,3.12358e+07,-4.8239e+06,4.8239e+06,1.59006e+07
0,0,0,3.6866e+08,0,3.12415e+07,-4.82465e+06,4.82465e+06,1.59006e+07
0,0,0,3.6866e+08,0,3.12472e+07,-4.82539e+06,4.82539e+06,1.59006e+07
0,0,0,3.6866e+08,0,3.46355e+07,-957233,957233,1.40602e+07
0,0,0,3.6866e+08,0,3.46419e+07,-957233,957233,1.40602e+07
0,0,0,3.6866e+08,0,3.08339e+07,-4.77166e+06,4.77166e+06,1.59006e+07
0,0,0,3.6866e+08,0,3.08395e+07,-4.77239e+06,4.77239e+06,1.59006e+07
0,0,0,3.6866e+08,0,3.23442e+07,-4.96799e+06,4.96799e+06,1.59006e+07
0,0,0,3.6866e+08,0,3.55594e+07,-1.75954e+06,1.75954e+06,1.40602e+07
0,0,0,3.6866e+08,0,3.63684e+07,-957233,957233,1.40602e+07
0,0,0,3.6866e+08,0,3.63751e+07,-957233,957233,1.40602e+07
0,0,0,3.6866e+08,0,3.63817e+07,-957233,957233,1.40602e+07
0,0,0,3.6866e+08,0,3.67877e+07,-957233,957233,1.40602e+07
0,0,0,3.6866e+08,0,3.67945e+07,-957233,957233,1.40602e+07
0,0,0,3.6866e+08,0,3.68012e+07,-957233,957233,1.40602e+07
0,0,0,3.6866e+08,0,3.6808e+07,-957233,957233,1.40602e+07
0,0,0,3.6866e+08,0,3.76609e+07,-957233,957233,1.40602e+07
0,0,0,3.6866e+08,0,3.76678e+07,-957233,957233,1.40602e+07
0,0,0,3.6866e+08,0,3.76748e+07,-957233,957233,1.40602e+07
0,0,0,3.6866e+08,0,3.76817e+07,-957233,957233,1.40602e+07
0,0,0,3.6866e+08,0,4.04966e+07,-957233,957233,1.40602e+07
0,0,0,3.6866e+08,0,4.05041e+07,-957233,957233,1.40602e+07
0,0,0,3.6866e+08,0,4.05116e+07,-957233,957233,1.40602e+07
0,0,0,3.6866e+08,0,4.0519e+07,-957233,957233,1.40602e+07
0,0,0,3.6866e+08,0,4.05265e+07,-957233,957233,1.40602e+07
0,0,0,3.6866e+08,0,3.89559e+07,-957233,957233,1.40602e+07
0,0,0,3.6866e+08,0,3.8963e+07,-957233,957233,1.40602e+07
0,0,0,3.6866e+08,0,3.89702e+07,-957233,957233,1.40602e+07
0,0,0,3.6866e+08,0,3.89774e+07,-957233,957233,1.40602e+07
0,0,0,3.6866e+08,0,3.75936e+07,-957233,957233,1.40602e+07
0,0,0,3.6866e+08,0,3.76005e+07,-957233,957233,1.40602e+07
0,0,0,3.6866e+08,0,3.34526e+07,-5.11206e+06,5.11206e+06,1.59006e+07
0,0,0,3.6866e+08,0,3.34587e+07,-5.11286e+06,5.11286e+06,1.59006e+07
0,0,0,3.6866e+08,0,3.06121e+07,-4.74284e+06,4.74284e+06,1.59006e+07
0,0,0,3.6866e+08,0,3.06177e+07,-4.74356e+06,4.74356e+06,1.59006e+07
0,0,0,3.6866e+08,0,3.06233e+07,-4.74429e+06,4.74429e+06,1.59006e+07
0,0,0,3.6866e+08,0,3.06289e+07,-4.74502e+06,4.74502e+06,1.59006e+07
0,0,0,3.6866e+08,0,3.06345e+07,-4.74574e+06,4.74574e+06,1.59006e+07
0,0,0,3.6866e+08,0,3.15691e+07,-4.86723e+06,4.86723e+06,1.59006e+07
0,0,0,3.6866e+08,0,3.15745e+07,-4.86794e+06,4.86794e+06,1.59006e+07
0,0,0,3.6866e+08,0,3.158e+07,-4.86864e+06,4.86864e+06,1.59006e+07
0,0,0,3.6866e+08,0,3.15854e+07,-4.86935e+06,4.86935e+06,1.59006e+07
0,0,0,3.6866e+08,0,3.33673e+07,-4.33733e+06,4.33733e+06,1.59006e+07
0,0,0,3.6866e+08,0,3.48626e+07,-5.29535e+06,5.29535e+06,1.59006e+07
0,0,0,3.6866e+08,0,3.48686e+07,-5.29613e+06,5.29613e+06,1.59006e+07
0,0,0,3.6866e+08,0,3.48747e+07,-5.29691e+06,5.29691e+06,1.59006e+07
0,0,0,3.6866e+08,0,3.03825e+07,-4.71299e+06,4.71299e+06,1.59006e+07
0,0,0,3.6866e+08,0,3.03877e+07,-4.71367e+06,4.71367e+06,1.59006e+07
0,0,0,3.6866e+08,0,3.03929e+07,-4.71434e+06,4.71434e+06,1.59006e+07
0,0,0,3.6866e+08,0,3.03982e+07,-4.71502e+06,4.71502e+06,1.59006e+07
0,0,0,3.6866e+08,0,3.04034e+07,-4.7157e+06,4.7157e+06,1.59006e+07
0,0,0,3.6866e+08,0,3.15235e+07,-4.8613e+06,4.8613e+06,1.59006e+07
0,0,0,3.6866e+08,0,3.15289e+07,-4.862e+06,4.862e+06,1.59006e+07
0,0,0,3.6866e+08,0,3.15343e+07,-4.86271e+06,4.86271e+06,1.59006e+07
0,0,0,3.6866e+08,0,3.15397e+07,-4.86341e+06,4.86341e+06,1.59006e+07
0,0,0,3.6866e+08,0,3.11106e+07,-4.80763e+06,4.80763e+06,1.59006e+07
0,0,0,3.6866e+08,0,3.11159e+07,-4.80832e+06,4.80832e+06,1.59006e+07
0,0,0,3.6866e+08,0,2.9632e+07,-3.85178e+06,3.85178e+06,1.59006e+07
0,0,0,3.6866e+08,0,2.96373e+07,-3.85248e+06,3.85248e+06,1.59006e+07
0,0,0,3.6866e+08,0,3.26457e+07,-5.00717e+06,5.00717e+06,1.59006e+07
0,0,0,3.6866e+08,0,3.26513e+07,-5.0079e+06,5.0079e+06,1.59006e+07
0,0,0,3.6866e+08,0,3.26569e+07,-5.00863e+06,5.00863e+06,1.59006e+07
0,0,0,3.6866e+08,0,3.26625e+07,-5.00936e+06,5.00936e+06,1.59006e+07
0,0,0,3.6866e+08,0,3.26682e+07,-5.01009e+06,5.01009e+06,1.59006e+07
0,0,0,3.6866e+08,0,3.30305e+07,-5.0572e+06,5.0572e+06,1.59006e+07
0,0,0,3.6866e+08,0,3.71369e+07,-957233,957233,1.40602e+07
0,0,0,3.6866e+08,0,3.15526e+07,-4.10144e+06,4.10144e+06,1.59006e+07
0,0,0,3.6866e+08,0,3.56605e+07,0,0,1.40602e+07
0,0,0,3.6866e+08,0,3.65212e+07,0,0,1.40602e+07
0,0,0,3.6866e+08,0,3.64504e+07,-77319,77319,1.40602e+07
0,0,0,3.6866e+08,0,2.79615e+07,-8.57279e+06,8.57279e+06,1.40602e+07
0,0,0,3.6866e+08,0,2.47999e+07,-1.1741e+07,1.1741e+07,1.40602e+07
0,0,0,3.6866e+08,0,2.50139e+07,-1.43686e+07,1.43686e+07,1.40602e+07
0,0,0,3.6866e+08,0,2.48881e+07,-1.45014e+07,1.45014e+07,1.40602e+07
0,0,0,3.6866e+08,0,2.39748e+07,-1.54218e+07,1.54218e+07,1.40602e+07
0,0,0,3.6866e+08,0,2.61865e+07,-1.32172e+07,1.32172e+07,1.40602e+07
0,0,0,3.6866e+08,0,2.56323e+07,-1.37785e+07,1.37785e+07,1.40602e+07
0,0,0,3.6866e+08,0,2.25788e+07,-1.52459e+07,1.52459e+07,1.40602e+07
0,0,0,3.6866e+08,0,2.45189e+07,-1.33126e+07,1.33126e+07,1.40602e+07
0,0,0,3.6866e+08,0,2.46139e+07,-1.32244e+07,1.32244e+07,1.40602e+07
0,0,0,3.6866e+08,0,2.64988e+07,-1.13463e+07,1.13463e+07,1.40602e+07
0,0,0,3.6866e+08,0,2.69072e+07,-9.5405e+06,9.5405e+06,1.40602e+07
0,0,0,3.6866e+08,0,2.75154e+07,-8.93881e+06,8.93881e+06,1.40602e+07
0,0,0,3.6866e+08,0,2.74516e+07,-9.00919e+06,9.00919e+06,1.40602e+07
0,0,0,3.6866e+08,0,2.83266e+07,-8.14076e+06,8.14076e+06,1.40602e+07
0,0,0,3.6866e+08,0,3.0742e+07,-2.47789e+06,2.47789e+06,1.40602e+07
0,0,0,3.6866e+08,0,3.19945e+07,-1.2314e+06,1.2314e+06,1.40602e+07
0,0,0,3.6866e+08,0,3.083e+07,-2.40183e+06,2.40183e+06,1.40602e+07
0,0,0,3.6866e+08,0,3.32378e+07,0,0,1.40602e+07
0,0,0,3.6866e+08,0,3.01423e+07,-3.10152e+06,3.10152e+06,1.40602e+07
0,0,0,3.6866e+08,0,3.43095e+07,0,0,1.40602e+07
0,0,0,3.6866e+08,0,3.4245e+07,-70253,70253,1.40602e+07
0,0,0,3.6866e+08,0,3.43211e+07,0,0,1.40602e+07
0,0,0,3.6866e+08,0,3.43269e+07,0,0,1.40602e+07
0,0,0,3.6866e+08,0,3.80575e+07,0,0,1.40602e+07
0,0,0,3.6866e+08,0,3.80639e+07,0,0,1.40602e+07
0,0,0,3.6866e+08,0,3.80703e+07,0,0,1.40602e+07
0,0,0,3.6866e+08,0,3.80767e+07,0,0,1.40602e+07
0,0,0,3.6866e+08,0,3.2953e+07,0,0,1.40602e+07
0,0,0,3.6866e+08,0,3.29585e+07,0,0,1.40602e+07
0,0,0,3.6866e+08,0,3.29641e+07,0,0,1.40602e+07
0,0,0,3.6866e+08,0,3.29696e+07,0,0,1.40602e+07
0,0,0,3.6866e+08,0,3.29752e+07,0,0,1.40602e+07
0,0,0,3.6866e+08,0,3.42522e+07,0,0,1.40602e+07
0,0,0,3.6866e+08,0,3.4258e+07,0,0,1.40602e+07
0,0,0,3.6866e+08,0,3.57531e+07,-957233,957233,1.40602e+07
0,0,0,3.6866e+08,0,3.57588e+07,-957233,957233,1.40602e+07
0,0,0,3.6866e+08,0,3.5269e+07,-957233,957233,1.40602e+07
0,0,0,3.6866e+08,0,3.13882e+07,-4.84372e+06,4.84372e+06,1.59006e+07
0,0,0,3.6866e+08,0,3.13933e+07,-4.84438e+06,4.84438e+06,1.59006e+07
0,0,0,3.6866e+08,0,3.52861e+07,-957233,957233,1.40602e+07
0,0,0,3.6866e+08,0,3.7018e+07,-957233,957233,1.40602e+07
0,0,0,3.6866e+08,0,3.7024e+07,-957233,957233,1.40602e+07
0,0,0,3.6866e+08,0,3.703e+07,-957233,957233,1.40602e+07
0,0,0,3.6866e+08,0,3.7036e+07,-957233,957233,1.40602e+07
0,0,0,3.6866e+08,0,3.7042e+07,-957233,957233,1.40602e+07
0,0,0,3.6866e+08,0,3.74547e+07,-957233,957233,1.40602e+07
0,0,0,3.6866e+08,0,3.74608e+07,-957233,957233,1.40602e+07
0,0,0,3.6866e+08,0,3.74669e+07,-957233,957233,1.40602e+07
0,0,0,3.6866e+08,0,3.74729e+07,-957233,957233,1.40602e+07
0,0,0,3.6866e+08,0,3.8341e+07,-957233,957233,1.40602e+07
0,0,0,3.6866e+08,0,3.83472e+07,-957233,957233,1.40602e+07
0,0,0,3.6866e+08,0,3.83534e+07,-957233,957233,1.40602e+07
0,0,0,3.6866e+08,0,3.83596e+07,-957233,957233,1.40602e+07
0,0,0,3.6866e+08,0,4.12263e+07,-957233,957233,1.40602e+07
0,0,0,3.6866e+08,0,4.1233e+07,-957233,957233,1.40602e+07
0,0,0,3.6866e+08,0,4.12397e+07,-957233,957233,1.40602e+07
0,0,0,3.6866e+08,0,4.12464e+07,-957233,957233,1.40602e+07
0,0,0,3.6866e+08,0,3.97638e+07,0,0,1.40602e+07
0,0,0,3.6866e+08,0,3.8163e+07,0,0,1.40602e+07
0,0,0,3.6866e+08,0,3.81694e+07,0,0,1.40602e+07
0,0,0,3.6866e+08,0,3.81758e+07,0,0,1.40602e+07
0,0,0,3.6866e+08,0,3.81823e+07,0,0,1.40602e+07
0,0,0,3.6866e+08,0,3.6772e+07,0,0,1.40602e+07
0,0,0,3.6866e+08,0,3.6072e+07,-706117,706117,1.40602e+07
0,0,0,3.6866e+08,0,3.53999e+07,-1.38445e+06,1.38445e+06,1.40602e+07
0,0,0,3.6866e+08,0,3.29e+07,-3.89051e+06,3.89051e+06,1.40602e+07
0,0,0,3.6866e+08,0,2.9242e+07,-4.27195e+06,4.27195e+06,1.40602e+07
0,0,0,3.6866e+08,0,2.82488e+07,-5.27079e+06,5.27079e+06,1.40602e+07
0,0,0,3.6866e+08,0,2.55221e+07,-8.00308e+06,8.00308e+06,1.40602e+07
0,0,0,3.6866e+08,0,3.26712e+07,-859639,859639,1.40602e+07
0,0,0,3.6866e+08,0,2.91657e+07,-4.37082e+06,4.37082e+06,1.40602e+07
0,0,0,3.6866e+08,0,3.46111e+07,0,0,1.40602e+07
0,0,0,3.6866e+08,0,3.33715e+07,-1.24505e+06,1.24505e+06,1.40602e+07
0,0,0,3.6866e+08,0,3.4622e+07,0,0,1.40602e+07
0,0,0,3.6866e+08,0,3.46274e+07,0,0,1.40602e+07
0,0,0,3.6866e+08,0,3.83903e+07,0,0,1.40602e+07
0,0,0,3.6866e+08,0,3.83963e+07,0,0,1.40602e+07
0,0,0,3.6866e+08,0,3.84023e+07,0,0,1.40602e+07
0,0,0,3.6866e+08,0,3.84084e+07,0,0,1.40602e+07
0,0,0,3.6866e+08,0,3.32396e+07,0,0,1.40602e+07
0,0,0,3.6866e+08,0,3.32448e+07,0,0,1.40602e+07
0,0,0,3.6866e+08,0,3.325e+07,0,0,1.40602e+07
0,0,0,3.6866e+08,0,3.32553e+07,0,0,1.40602e+07
0,0,0,3.6866e+08,0,2.94344e+07,-3.8261e+06,3.8261e+06,1.59006e+07
0,0,0,3.6866e+08,0,3.05739e+07,-3.97423e+06,3.97423e+06,1.59006e+07
0,0,0,3.6866e+08,0,3.05787e+07,-3.97485e+06,3.97485e+06,1.59006e+07
0,0,0,3.6866e+08,0,3.20728e+07,-4.93271e+06,4.93271e+06,1.59006e+07
0,0,0,3.6866e+08,0,3.20776e+07,-4.93333e+06,4.93333e+06,1.59006e+07
0,0,0,3.6866e+08,0,3.16401e+07,-4.87646e+06,4.87646e+06,1.59006e+07
0,0,0,3.6866e+08,0,3.16448e+07,-4.87707e+06,4.87707e+06,1.59006e+07
0,0,0,3.6866e+08,0,3.16496e+07,-4.87769e+06,4.87769e+06,1.59006e+07
0,0,0,3.6866e+08,0,3.16543e+07,-4.87831e+06,4.87831e+06,1.59006e+07
0,0,0,3.6866e+08,0,3.73217e+07,-957233,957233,1.40602e+07
0,0,0,3.6866e+08,0,3.32047e+07,-5.07984e+06,5.07984e+06,1.59006e+07
0,0,0,3.6866e+08,0,3.32097e+07,-5.08048e+06,5.08048e+06,1.59006e+07
0,0,0,3.6866e+08,0,3.65138e+07,-1.78201e+06,1.78201e+06,1.40602e+07
0,0,0,3.6866e+08,0,3.73442e+07,-957233,957233,1.40602e+07
0,0,0,3.6866e+08,0,3.776e+07,-957233,957233,1.40602e+07
0,0,0,3.6866e+08,0,3.77657e+07,-957233,957233,1.40602e+07
0,0,0,3.6866e+08,0,3.77714e+07,-957233,957233,1.40602e+07
0,0,0,3.6866e+08,0,3.77771e+07,-957233,957233,1.40602e+07
0,0,0,3.6866e+08,0,3.86521e+07,-957233,957233,1.40602e+07
0,0,0,3.6866e+08,0,3.86579e+07,-957233,957233,1.40602e+07
0,0,0,3.6866e+08,0,3.86638e+07,-957233,957233,1.40602e+07
0,0,0,3.6866e+08,0,3.86696e+07,-957233,957233,1.40602e+07
0,0,0,3.6866e+08,0,4.15599e+07,-957233,957233,1.40602e+07
0,0,0,3.6866e+08,0,4.15662e+07,-957233,957233,1.40602e+07
0,0,0,3.6866e+08,0,4.15725e+07,-957233,957233,1.40602e+07
0,0,0,3.6866e+08,0,4.15788e+07,-957233,957233,1.40602e+07
0,0,0,3.6866e+08,0,4.15851e+07,-957233,957233,1.40602e+07
0,0,0,3.6866e+08,0,3.84812e+07,0,0,1.40602e+07
0,0,0,3.6866e+08,0,3.84872e+07,0,0,1.40602e+07
0,0,0,3.6866e+08,0,3.84933e+07,0,0,1.40602e+07
0,0,0,3.6866e+08,0,3.84993e+07,0,0,1.40602e+07
0,0,0,3.6866e+08,0,3.70769e+07,0,0,1.40602e+07
0,0,0,3.6866e+08,0,3.70827e+07,0,0,1.40602e+07
0,0,0,3.6866e+08,0,3.70885e+07,0,0,1.40602e+07
0,0,0,3.6866e+08,0,3.70943e+07,0,0,1.40602e+07
0,0,0,3.6866e+08,0,3.37902e+07,0,0,1.40602e+07
0,0,0,3.6866e+08,0,3.37955e+07,0,0,1.40602e+07
0,0,0,3.6866e+08,0,3.38008e+07,0,0,1.40602e+07
0,0,0,3.6866e+08,0,3.38061e+07,0,0,1.40602e+07
0,0,0,3.6866e+08,0,3.38114e+07,0,0,1.40602e+07
0,0,0,3.6866e+08,0,3.48945e+07,0,0,1.40602e+07
0,0,0,3.6866e+08,0,3.63889e+07,-957233,957233,1.40602e+07
0,0,0,3.6866e+08,0,3.6394e+07,-957233,957233,1.40602e+07
0,0,0,3.6866e+08,0,3.63991e+07,-957233,957233,1.40602e+07
0,0,0,3.6866e+08,0,4.01922e+07,-957233,957233,1.40602e+07
0,0,0,3.6866e+08,0,4.01978e+07,-957233,957233,1.40602e+07
0,0,0,3.6866e+08,0,4.02035e+07,-957233,957233,1.40602e+07
0,0,0,3.6866e+08,0,3.5755e+07,-5.41135e+06,5.41135e+06,1.59006e+07
0,0,0,3.6866e+08,0,3.11434e+07,-4.81189e+06,4.81189e+06,1.59006e+07
0,0,0,3.6866e+08,0,3.5003e+07,-957233,957233,1.40602e+07
0,0,0,3.6866e+08,0,3.50078e+07,-957233,957233,1.40602e+07
0,0,0,3.6866e+08,0,3.11564e+07,-4.81358e+06,4.81358e+06,1.59006e+07
0,0,0,3.6866e+08,0,3.11607e+07,-4.81415e+06,4.81415e+06,1.59006e+07
0,0,0,3.6866e+08,0,3.23091e+07,-4.96342e+06,4.96342e+06,1.59006e+07
0,0,0,3.6866e+08,0,3.23136e+07,-4.96401e+06,4.96401e+06,1.59006e+07
0,0,0,3.6866e+08,0,3.23181e+07,-4.96459e+06,4.96459e+06,1.59006e+07
0,0,0,3.6866e+08,0,3.23226e+07,-4.96518e+06,4.96518e+06,1.59006e+07
0,0,0,3.6866e+08,0,3.18812e+07,-4.9078e+06,4.9078e+06,1.59006e+07
0,0,0,3.6866e+08,0,3.18857e+07,-4.90838e+06,4.90838e+06,1.59006e+07
0,0,0,3.6866e+08,0,3.18901e+07,-4.90896e+06,4.90896e+06,1.59006e+07
0,0,0,3.6866e+08,0,3.18946e+07,-4.90954e+06,4.90954e+06,1.59006e+07
0,0,0,3.6866e+08,0,3.34519e+07,-5.11197e+06,5.11197e+06,1.59006e+07
0,0,0,3.6866e+08,0,3.34566e+07,-5.11258e+06,5.11258e+06,1.59006e+07
0,0,0,3.6866e+08,0,3.34612e+07,-5.11318e+06,5.11318e+06,1.59006e+07
0,0,0,3.6866e+08,0,3.34659e+07,-5.11379e+06,5.11379e+06,1.59006e+07
0,0,0,3.6866e+08,0,3.76277e+07,-957233,957233,1.40602e+07
0,0,0,3.6866e+08,0,3.80465e+07,-957233,957233,1.40602e+07
0,0,0,3.6866e+08,0,3.80518e+07,-957233,957233,1.40602e+07
0,0,0,3.6866e+08,0,3.80572e+07,-957233,957233,1.40602e+07
0,0,0,3.6866e+08,0,3.80625e+07,-957233,957233,1.40602e+07
0,0,0,3.6866e+08,0,3.89439e+07,-957233,957233,1.40602e+07
0,0,0,3.6866e+08,0,3.89494e+07,-957233,957233,1.40602e+07
0,0,0,3.6866e+08,0,3.89549e+07,-957233,957233,1.40602e+07
0,0,0,3.6866e+08,0,3.89603e+07,-957233,957233,1.40602e+07
0,0,0,3.6866e+08,0,4.03835e+07,0,0,1.40602e+07
0,0,0,3.6866e+08,0,4.18787e+07,-957233,957233,1.40602e+07
0,0,0,3.6866e+08,0,4.03953e+07,0,0,1.40602e+07
0,0,0,3.6866e+08,0,4.04012e+07,0,0,1.40602e+07
0,0,0,3.6866e+08,0,4.04071e+07,0,0,1.40602e+07
0,0,0,3.6866e+08,0,3.87795e+07,0,0,1.40602e+07
0,0,0,3.6866e+08,0,3.87852e+07,0,0,1.40602e+07
0,0,0,3.6866e+08,0,3.87908e+07,0,0,1.40602e+07
0,0,0,3.6866e+08,0,3.87965e+07,0,0,1.40602e+07
0,0,0,3.6866e+08,0,3.73627e+07,0,0,1.40602e+07
0,0,0,3.6866e+08,0,3.73681e+07,0,0,1.40602e+07
0,0,0,3.6866e+08,0,3.73736e+07,0,0,1.40602e+07
0,0,0,3.6866e+08,0,3.7379e+07,0,0,1.40602e+07
0,0,0,3.6866e+08,0,3.40492e+07,0,0,1.40602e+07
0,0,0,3.6866e+08,0,3.40542e+07,0,0,1.40602e+07
0,0,0,3.6866e+08,0,3.40591e+07,0,0,1.40602e+07
0,0,0,3.6866e+08,0,3.40641e+07,0,0,1.40602e+07
0,0,0,3.6866e+08,0,3.40691e+07,0,0,1.40602e+07
0,0,0,3.6866e+08,0,3.516e+07,0,0,1.40602e+07
0,0,0,3.6866e+08,0,3.51648e+07,0,0,1.40602e+07
0,0,0,3.6866e+08,0,3.51695e+07,0,0,1.40602e+07
0,0,0,3.6866e+08,0,3.51743e+07,0,0,1.40602e+07
0,0,0,3.6866e+08,0,3.89957e+07,0,0,1.40602e+07
0,0,0,3.6866e+08,0,3.9001e+07,0,0,1.40602e+07
0,0,0,3.6866e+08,0,3.90062e+07,0,0,1.40602e+07
0,0,0,3.6866e+08,0,3.90115e+07,0,0,1.40602e+07
0,0,0,3.6866e+08,0,3.37608e+07,0,0,1.40602e+07
0,0,0,3.6866e+08,0,3.52547e+07,-957233,957233,1.40602e+07
0,0,0,3.6866e+08,0,3.52592e+07,-957233,957233,1.40602e+07
0,0,0,3.6866e+08,0,3.52638e+07,-957233,957233,1.40602e+07
0,0,0,3.6866e+08,0,3.52684e+07,-957233,957233,1.40602e+07
0,0,0,3.6866e+08,0,3.25393e+07,-4.99334e+06,4.99334e+06,1.59006e+07
0,0,0,3.6866e+08,0,3.25435e+07,-4.99388e+06,4.99388e+06,1.59006e+07
0,0,0,3.6866e+08,0,3.25477e+07,-4.99443e+06,4.99443e+06,1.59006e+07
0,0,0,3.6866e+08,0,3.25519e+07,-4.99498e+06,4.99498e+06,1.59006e+07
0,0,0,3.6866e+08,0,3.21069e+07,-4.93714e+06,4.93714e+06,1.59006e+07
0,0,0,3.6866e+08,0,3.2111e+07,-4.93767e+06,4.93767e+06,1.59006e+07
0,0,0,3.6866e+08,0,3.21152e+07,-4.93821e+06,4.93821e+06,1.59006e+07
0,0,0,3.6866e+08,0,3.21193e+07,-4.93875e+06,4.93875e+06,1.59006e+07
0,0,0,3.6866e+08,0,3.70361e+07,-1.79431e+06,1.79431e+06,1.40602e+07
0,0,0,3.6866e+08,0,3.78782e+07,-957233,957233,1.40602e+07
0,0,0,3.6866e+08,0,3.78831e+07,-957233,957233,1.40602e+07
0,0,0,3.6866e+08,0,3.7888e+07,-957233,957233,1.40602e+07
0,0,0,3.6866e+08,0,3.70554e+07,-1.79477e+06,1.79477e+06,1.40602e+07
0,0,0,3.6866e+08,0,3.83144e+07,-957233,957233,1.40602e+07
0,0,0,3.6866e+08,0,3.83193e+07,-957233,957233,1.40602e+07
0,0,0,3.6866e+08,0,3.83243e+07,-957233,957233,1.40602e+07
0,0,0,3.6866e+08,0,3.83293e+07,-957233,957233,1.40602e+07
0,0,0,3.6866e+08,0,3.92167e+07,-957233,957233,1.40602e+07
0,0,0,3.6866e+08,0,3.92218e+07,-957233,957233,1.40602e+07
0,0,0,3.6866e+08,0,3.9227e+07,-957233,957233,1.40602e+07
0,0,0,3.6866e+08,0,3.92321e+07,-957233,957233,1.40602e+07
0,0,0,3.6866e+08,0,4.21652e+07,-957233,957233,1.40602e+07
0,0,0,3.6866e+08,0,4.21707e+07,-957233,957233,1.40602e+07
0,0,0,3.6866e+08,0,4.21762e+07,-957233,957233,1.40602e+07
0,0,0,3.6866e+08,0,4.21817e+07,-957233,957233,1.40602e+07
0,0,0,3.6866e+08,0,4.21872e+07,-957233,957233,1.40602e+07
0,0,0,3.6866e+08,0,4.05475e+07,-957233,957233,1.40602e+07
0,0,0,3.6866e+08,0,4.05528e+07,-957233,957233,1.40602e+07
0,0,0,3.6866e+08,0,4.05581e+07,-957233,957233,1.40602e+07
0,0,0,3.6866e+08,0,4.05634e+07,-957233,957233,1.40602e+07
0,0,0,3.6866e+08,0,3.91189e+07,-957233,957233,1.40602e+07
0,0,0,3.6866e+08,0,3.9124e+07,-957233,957233,1.40602e+07
0,0,0,3.6866e+08,0,3.9129e+07,-957233,957233,1.40602e+07
0,0,0,3.6866e+08,0,3.91341e+07,-957233,957233,1.40602e+07
0,0,0,3.6866e+08,0,3.57803e+07,-957233,957233,1.40602e+07
0,0,0,3.6866e+08,0,3.42956e+07,0,0,1.40602e+07
0,0,0,3.6866e+08,0,3.57895e+07,-957233,957233,1.40602e+07
0,0,0,3.6866e+08,0,3.43049e+07,0,0,1.40602e+07
0,0,0,3.6866e+08,0,3.43095e+07,0,0,1.40602e+07
0,0,0,3.6866e+08,0,3.43095e+07,0,0,1.40602e+07
0,0,0,3.6866e+08,0,3.54078e+07,0,0,1.40602e+07
0,0,0,3.6866e+08,0,3.54122e+07,0,0,1.40602e+07
0,0,0,3.6866e+08,0,3.54166e+07,0,0,1.40602e+07
0,0,0,3.6866e+08,0,3.54211e+07,0,0,1.40602e+07
0,0,0,3.6866e+08,0,3.92688e+07,0,0,1.40602e+07
0,0,0,3.6866e+08,0,3.92738e+07,0,0,1.40602e+07
0,0,0,3.6866e+08,0,3.92787e+07,0,0,1.40602e+07
0,0,0,3.6866e+08,0,3.92836e+07,0,0,1.40602e+07
0,0,0,3.6866e+08,0,3.39959e+07,0,0,1.40602e+07
0,0,0,3.6866e+08,0,3.40001e+07,0,0,1.40602e+07
0,0,0,3.6866e+08,0,3.40044e+07,0,0,1.40602e+07
0,0,0,3.6866e+08,0,3.40086e+07,0,0,1.40602e+07
0,0,0,3.6866e+08,0,3.40129e+07,0,0,1.40602e+07
0,0,0,3.6866e+08,0,3.53285e+07,0,0,1.40602e+07
0,0,0,3.6866e+08,0,3.53329e+07,0,0,1.40602e+07
0,0,0,3.6866e+08,0,3.53373e+07,0,0,1.40602e+07
0,0,0,3.6866e+08,0,3.53418e+07,0,0,1.40602e+07
0,0,0,3.6866e+08,0,3.48351e+07,0,0,1.40602e+07
0,0,0,3.6866e+08,0,3.48395e+07,0,0,1.40602e+07
0,0,0,3.6866e+08,0,3.48438e+07,0,0,1.40602e+07
0,0,0,3.6866e+08,0,3.48482e+07,0,0,1.40602e+07
0,0,0,3.6866e+08,0,3.66323e+07,0,0,1.40602e+07
0,0,0,3.6866e+08,0,3.66369e+07,0,0,1.40602e+07
0,0,0,3.6866e+08,0,3.66414e+07,0,0,1.40602e+07
0,0,0,3.6866e+08,0,3.6646e+07,0,0,1.40602e+07
0,0,0,3.6866e+08,0,3.66506e+07,0,0,1.40602e+07
0,0,0,3.6866e+08,0,3.70745e+07,0,0,1.40602e+07
0,0,0,3.6866e+08,0,3.70791e+07,0,0,1.40602e+07
0,0,0,3.6866e+08,0,3.70837e+07,0,0,1.40602e+07
0,0,0,3.6866e+08,0,3.70884e+07,0,0,1.40602e+07
0,0,0,3.6866e+08,0,3.79814e+07,0,0,1.40602e+07
0,0,0,3.6866e+08,0,3.79861e+07,0,0,1.40602e+07
0,0,0,3.6866e+08,0,3.79909e+07,0,0,1.40602e+07
0,0,0,3.6866e+08,0,3.79956e+07,0,0,1.40602e+07
0,0,0,3.6866e+08,0,4.0948e+07,0,0,1.40602e+07
0,0,0,3.6866e+08,0,4.09531e+07,0,0,1.40602e+07
0,0,0,3.6866e+08,0,4.09582e+07,0,0,1.40602e+07
0,0,0,3.6866e+08,0,4.09633e+07,0,0,1.40602e+07
0,0,0,3.6866e+08,0,4.09684e+07,0,0,1.40602e+07
0,0,0,3.6866e+08,0,3.93174e+07,0,0,1.40602e+07
0,0,0,3.6866e+08,0,3.93223e+07,0,0,1.40602e+07
0,0,0,3.6866e+08,0,3.93272e+07,0,0,1.40602e+07
0,0,0,3.6866e+08,0,3.93321e+07,0,0,1.40602e+07
0,0,0,3.6866e+08,0,3.78777e+07,0,0,1.40602e+07
0,0,0,3.6866e+08,0,3.78824e+07,0,0,1.40602e+07
0,0,0,3.6866e+08,0,3.78872e+07,0,0,1.40602e+07
0,0,0,3.6866e+08,0,3.78919e+07,0,0,1.40602e+07
0,0,0,3.6866e+08,0,3.45156e+07,0,0,1.40602e+07
0,0,0,3.6866e+08,0,3.45199e+07,0,0,1.40602e+07
0,0,0,3.6866e+08,0,3.45242e+07,0,0,1.40602e+07
0,0,0,3.6866e+08,0,3.45285e+07,0,0,1.40602e+07
0,0,0,3.6866e+08,0,3.45329e+07,0,0,1.40602e+07
0,0,0,3.6866e+08,0,3.56379e+07,0,0,1.40602e+07
0,0,0,3.6866e+08,0,3.5642e+07,0,0,1.40602e+07
0,0,0,3.6866e+08,0,3.56461e+07,0,0,1.40602e+07
0,0,0,3.6866e+08,0,3.56502e+07,0,0,1.40602e+07
0,0,0,3.6866e+08,0,3.95224e+07,0,0,1.40602e+07
0,0,0,3.6866e+08,0,3.9527e+07,0,0,1.40602e+07
0,0,0,3.6866e+08,0,3.95315e+07,0,0,1.40602e+07
0,0,0,3.6866e+08,0,3.9536e+07,0,0,1.40602e+07
0,0,0,3.6866e+08,0,3.4214e+07,0,0,1.40602e+07
0,0,0,3.6866e+08,0,3.42179e+07,0,0,1.40602e+07
0,0,0,3.6866e+08,0,3.42219e+07,0,0,1.40602e+07
0,0,0,3.6866e+08,0,3.42258e+07,0,0,1.40602e+07
0,0,0,3.6866e+08,0,3.42297e+07,0,0,1.40602e+07
0,0,0,3.6866e+08,0,3.55534e+07,0,0,1.40602e+07
0,0,0,3.6866e+08,0,3.55574e+07,0,0,1.40602e+07
0,0,0,3.6866e+08,0,3.55615e+07,0,0,1.40602e+07
0,0,0,3.6866e+08,0,3.55656e+07,0,0,1.40602e+07
0,0,0,3.6866e+08,0,3.50554e+07,0,0,1.40602e+07
0,0,0,3.6866e+08,0,3.50594e+07,0,0,1.40602e+07
0,0,0,3.6866e+08,0,3.50634e+07,0,0,1.40602e+07
0,0,0,3.6866e+08,0,3.50674e+07,0,0,1.40602e+07
0,0,0,3.6866e+08,0,3.68624e+07,0,0,1.40602e+07
0,0,0,3.6866e+08,0,3.68666e+07,0,0,1.40602e+07
0,0,0,3.6866e+08,0,3.68708e+07,0,0,1.40602e+07
0,0,0,3.6866e+08,0,3.68751e+07,0,0,1.40602e+07
0,0,0,3.6866e+08,0,3.68793e+07,0,0,1.40602e+07
0,0,0,3.6866e+08,0,3.73054e+07,0,0,1.40602e+07
0,0,0,3.6866e+08,0,3.73097e+07,0,0,1.40602e+07
0,0,0,3.6866e+08,0,3.7314e+07,0,0,1.40602e+07
0,0,0,3.6866e+08,0,3.73183e+07,0,0,1.40602e+07
0,0,0,3.6866e+08,0,3.82164e+07,0,0,1.40602e+07
0,0,0,3.6866e+08,0,3.82208e+07,0,0,1.40602e+07
0,0,0,3.6866e+08,0,3.82252e+07,0,0,1.40602e+07
0,0,0,3.6866e+08,0,3.82296e+07,0,0,1.40602e+07
0,0,0,3.6866e+08,0,4.11997e+07,0,0,1.40602e+07
0,0,0,3.6866e+08,0,4.12044e+07,0,0,1.40602e+07
0,0,0,3.6866e+08,0,4.12091e+07,0,0,1.40602e+07
0,0,0,3.6866e+08,0,4.12138e+07,0,0,1.40602e+07
0,0,0,3.6866e+08,0,4.12186e+07,0,0,1.40602e+07
0,0,0,3.6866e+08,0,3.95571e+07,0,0,1.40602e+07
0,0,0,3.6866e+08,0,3.95616e+07,0,0,1.40602e+07
0,0,0,3.6866e+08,0,3.43355e+07,-5.23057e+06,5.23057e+06,1.40602e+07
0,0,0,3.6866e+08,0,2.16656e+07,-1.79051e+07,1.79051e+07,1.40602e+07
0,0,0,3.6866e+08,0,2.22576e+07,-1.58494e+07,1.58494e+07,1.40602e+07
0,0,0,3.6866e+08,0,2.10731e+07,-1.70382e+07,1.70382e+07,1.40602e+07
0,0,0,3.6866e+08,0,2.70983e+07,-1.10174e+07,1.10174e+07,1.40602e+07
0,0,0,3.6866e+08,0,2.95337e+07,-8.58642e+06,8.58642e+06,1.40602e+07
0,0,0,3.6866e+08,0,2.83294e+07,-6.39373e+06,6.39373e+06,1.40602e+07
0,0,0,3.6866e+08,0,3.47271e+07,0,0,1.40602e+07
0,0,0,3.6866e+08,0,3.47311e+07,0,0,1.40602e+07
0,0,0,3.6866e+08,0,3.47351e+07,0,0,1.40602e+07
0,0,0,3.6866e+08,0,3.4739e+07,0,0,1.40602e+07
0,0,0,3.6866e+08,0,3.58503e+07,0,0,1.40602e+07
0,0,0,3.6866e+08,0,3.58541e+07,0,0,1.40602e+07
0,0,0,3.6866e+08,0,3.58578e+07,0,0,1.40602e+07
0,0,0,3.6866e+08,0,3.58616e+07,0,0,1.40602e+07
0,0,0,3.6866e+08,0,3.97564e+07,0,0,1.40602e+07
0,0,0,3.6866e+08,0,3.97606e+07,0,0,1.40602e+07
0,0,0,3.6866e+08,0,3.97647e+07,0,0,1.40602e+07
0,0,0,3.6866e+08,0,3.97689e+07,0,0,1.40602e+07
0,0,0,3.6866e+08,0,3.44152e+07,0,0,1.40602e+07
0,0,0,3.6866e+08,0,3.44188e+07,0,0,1.40602e+07
0,0,0,3.6866e+08,0,3.44224e+07,0,0,1.40602e+07
0,0,0,3.6866e+08,0,3.4426e+07,0,0,1.40602e+07
0,0,0,3.6866e+08,0,3.44296e+07,0,0,1.40602e+07
0,0,0,3.6866e+08,0,3.57606e+07,0,0,1.40602e+07
0,0,0,3.6866e+08,0,3.57643e+07,0,0,1.40602e+07
0,0,0,3.6866e+08,0,3.57681e+07,0,0,1.40602e+07
0,0,0,3.6866e+08,0,3.57718e+07,0,0,1.40602e+07
0,0,0,3.6866e+08,0,3.52583e+07,0,0,1.40602e+07
0,0,0,3.6866e+08,0,3.5262e+07,0,0,1.40602e+07
0,0,0,3.6866e+08,0,3.52656e+07,0,0,1.40602e+07
0,0,0,3.6866e+08,0,3.52693e+07,0,0,1.40602e+07
0,0,0,3.6866e+08,0,3.70743e+07,0,0,1.40602e+07
0,0,0,3.6866e+08,0,3.70781e+07,0,0,1.40602e+07
0,0,0,3.6866e+08,0,3.7082e+07,0,0,1.40602e+07
0,0,0,3.6866e+08,0,3.70859e+07,0,0,1.40602e+07
0,0,0,3.6866e+08,0,3.70898e+07,0,0,1.40602e+07
0,0,0,3.6866e+08,0,3.7518e+07,0,0,1.40602e+07
0,0,0,3.6866e+08,0,3.75219e+07,0,0,1.40602e+07
0,0,0,3.6866e+08,0,3.75258e+07,0,0,1.40602e+07
0,0,0,3.6866e+08,0,3.75297e+07,0,0,1.40602e+07
0,0,0,3.6866e+08,0,3.84326e+07,0,0,1.40602e+07
0,0,0,3.6866e+08,0,3.84366e+07,0,0,1.40602e+07
0,0,0,3.6866e+08,0,3.84406e+07,0,0,1.40602e+07
0,0,0,3.6866e+08,0,3.84446e+07,0,0,1.40602e+07
0,0,0,3.6866e+08,0,4.14311e+07,0,0,1.40602e+07
0,0,0,3.6866e+08,0,4.14354e+07,0,0,1.40602e+07
0,0,0,3.6866e+08,0,4.14397e+07,0,0,1.40602e+07
0,0,0,3.6866e+08,0,4.14441e+07,0,0,1.40602e+07
0,0,0,3.6866e+08,0,4.14484e+07,0,0,1.40602e+07
0,0,0,3.6866e+08,0,3.97772e+07,0,0,1.40602e+07
0,0,0,3.6866e+08,0,3.97814e+07,0,0,1.40602e+07
0,0,0,3.6866e+08,0,3.97855e+07,0,0,1.40602e+07
0,0,0,3.6866e+08,0,3.97897e+07,0,0,1.40602e+07
0,0,0,3.6866e+08,0,3.83176e+07,0,0,1.40602e+07
0,0,0,3.6866e+08,0,3.83216e+07,0,0,1.40602e+07
0,0,0,3.6866e+08,0,3.83256e+07,0,0,1.40602e+07
0,0,0,3.6866e+08,0,3.83296e+07,0,0,1.40602e+07
0,0,0,3.6866e+08,0,3.49136e+07,0,0,1.40602e+07
0,0,0,3.6866e+08,0,3.49173e+07,0,0,1.40602e+07
0,0,0,3.6866e+08,0,3.49209e+07,0,0,1.40602e+07
0,0,0,3.6866e+08,0,3.49245e+07,0,0,1.40602e+07
0,0,0,3.6866e+08,0,3.49282e+07,0,0,1.40602e+07
0,0,0,3.6866e+08,0,3.60452e+07,0,0,1.40602e+07
0,0,0,3.6866e+08,0,3.60486e+07,0,0,1.40602e+07
0,0,0,3.6866e+08,0,3.6052e+07,0,0,1.40602e+07
0,0,0,3.6866e+08,0,3.60554e+07,0,0,1.40602e+07
0,0,0,3.6866e+08,0,3.99709e+07,0,0,1.40602e+07
0,0,0,3.6866e+08,0,3.99747e+07,0,0,1.40602e+07
0,0,0,3.6866e+08,0,3.99785e+07,0,0,1.40602e+07
0,0,0,3.6866e+08,0,3.99823e+07,0,0,1.40602e+07
0,0,0,3.6866e+08,0,3.45995e+07,0,0,1.40602e+07
0,0,0,3.6866e+08,0,3.46028e+07,0,0,1.40602e+07
0,0,0,3.6866e+08,0,3.4606e+07,0,0,1.40602e+07
0,0,0,3.6866e+08,0,3.46093e+07,0,0,1.40602e+07
0,0,0,3.6866e+08,0,3.46126e+07,0,0,1.40602e+07
0,0,0,3.6866e+08,0,3.59504e+07,0,0,1.40602e+07
0,0,0,3.6866e+08,0,3.59538e+07,0,0,1.40602e+07
0,0,0,3.6866e+08,0,3.59572e+07,0,0,1.40602e+07
0,0,0,3.6866e+08,0,3.59606e+07,0,0,1.40602e+07
0,0,0,3.6866e+08,0,3.5444e+07,0,0,1.40602e+07
0,0,0,3.6866e+08,0,3.54473e+07,0,0,1.40602e+07
0,0,0,3.6866e+08,0,3.54507e+07,0,0,1.40602e+07
0,0,0,3.6866e+08,0,3.54541e+07,0,0,1.40602e+07
0,0,0,3.6866e+08,0,3.72681e+07,0,0,1.40602e+07
0,0,0,3.6866e+08,0,3.72716e+07,0,0,1.40602e+07
0,0,0,3.6866e+08,0,3.72751e+07,0,0,1.40602e+07
0,0,0,3.6866e+08,0,3.72787e+07,0,0,1.40602e+07
0,0,0,3.6866e+08,0,3.72822e+07,0,0,1.40602e+07
0,0,0,3.6866e+08,0,3.77123e+07,0,0,1.40602e+07
0,0,0,3.6866e+08,0,3.77158e+07,0,0,1.40602e+07
0,0,0,3.6866e+08,0,3.77194e+07,0,0,1.40602e+07
0,0,0,3.6866e+08,0,3.7723e+07,0,0,1.40602e+07
0,0,0,3.6866e+08,0,3.86301e+07,0,0,1.40602e+07
0,0,0,3.6866e+08,0,3.86338e+07,0,0,1.40602e+07
0,0,0,3.6866e+08,0,3.86374e+07,0,0,1.40602e+07
0,0,0,3.6866e+08,0,3.86411e+07,0,0,1.40602e+07
0,0,0,3.6866e+08,0,4.16424e+07,0,0,1.40602e+07
0,0,0,3.6866e+08,0,4.16463e+07,0,0,1.40602e+07
0,0,0,3.6866e+08,0,4.16502e+07,0,0,1.40602e+07
0,0,0,3.6866e+08,0,4.16542e+07,0,0,1.40602e+07
0,0,0,3.6866e+08,0,4.16581e+07,0,0,1.40602e+07
0,0,0,3.6866e+08,0,3.99781e+07,0,0,1.40602e+07
0,0,0,3.6866e+08,0,3.99819e+07,0,0,1.40602e+07
0,0,0,3.6866e+08,0,3.99857e+07,0,0,1.40602e+07
0,0,0,3.6866e+08,0,3.99895e+07,0,0,1.40602e+07
0,0,0,3.6866e+08,0,3.85096e+07,0,0,1.40602e+07
0,0,0,3.6866e+08,0,3.85132e+07,0,0,1.40602e+07
0,0,0,3.6866e+08,0,3.85169e+07,0,0,1.40602e+07
0,0,0,3.6866e+08,0,3.85205e+07,0,0,1.40602e+07
0,0,0,3.6866e+08,0,3.50872e+07,0,0,1.40602e+07
0,0,0,3.6866e+08,0,3.50905e+07,0,0,1.40602e+07
0,0,0,3.6866e+08,0,3.50938e+07,0,0,1.40602e+07
0,0,0,3.6866e+08,0,3.50972e+07,0,0,1.40602e+07
0,0,0,3.6866e+08,0,3.51005e+07,0,0,1.40602e+07
0,0,0,3.6866e+08,0,3.62226e+07,0,0,1.40602e+07
0,0,0,3.6866e+08,0,3.62257e+07,0,0,1.40602e+07
0,0,0,3.6866e+08,0,3.62288e+07,0,0,1.40602e+07
0,0,0,3.6866e+08,0,3.62319e+07,0,0,1.40602e+07
0,0,0,3.6866e+08,0,4.01661e+07,0,0,1.40602e+07
0,0,0,3.6866e+08,0,4.01695e+07,0,0,1.40602e+07
0,0,0,3.6866e+08,0,4.0173e+07,0,0,1.40602e+07
0,0,0,3.6866e+08,0,4.01764e+07,0,0,1.40602e+07
0,0,0,3.6866e+08,0,3.47671e+07,0,0,1.40602e+07
0,0,0,3.6866e+08,0,3.47701e+07,0,0,1.40602e+07
0,0,0,3.6866e+08,0,3.4773e+07,0,0,1.40602e+07
0,0,0,3.6866e+08,0,3.4776e+07,0,0,1.40602e+07
0,0,0,3.6866e+08,0,3.4779e+07,0,0,1.40602e+07
0,0,0,3.6866e+08,0,3.61228e+07,0,0,1.40602e+07
0,0,0,3.6866e+08,0,3.61259e+07,0,0,1.40602e+07
0,0,0,3.6866e+08,0,3.61289e+07,0,0,1.40602e+07
0,0,0,3.6866e+08,0,3.6132e+07,0,0,1.40602e+07
0,0,0,3.6866e+08,0,3.56126e+07,0,0,1.40602e+07
0,0,0,3.6866e+08,0,3.56157e+07,0,0,1.40602e+07
0,0,0,3.6866e+08,0,3.56187e+07,0,0,1.40602e+07
0,0,0,3.6866e+08,0,3.56217e+07,0,0,1.40602e+07
0,0,0,3.6866e+08,0,3.74439e+07,0,0,1.40602e+07
0,0,0,3.6866e+08,0,3.74471e+07,0,0,1.40602e+07
0,0,0,3.6866e+08,0,3.74503e+07,0,0,1.40602e+07
0,0,0,3.6866e+08,0,3.74535e+07,0,0,1.40602e+07
0,0,0,3.6866e+08,0,3.74567e+07,0,0,1.40602e+07
0,0,0,3.6866e+08,0,3.78884e+07,0,0,1.40602e+07
0,0,0,3.6866e+08,0,3.78916e+07,0,0,1.40602e+07
0,0,0,3.6866e+08,0,3.78948e+07,0,0,1.40602e+07
0,0,0,3.6866e+08,0,3.78981e+07,0,0,1.40602e+07
0,0,0,3.6866e+08,0,3.8809e+07,0,0,1.40602e+07
0,0,0,3.6866e+08,0,3.88123e+07,0,0,1.40602e+07
0,0,0,3.6866e+08,0,3.88156e+07,0,0,1.40602e+07
0,0,0,3.6866e+08,0,3.88189e+07,0,0,1.40602e+07
0,0,0,3.6866e+08,0,4.18336e+07,0,0,1.40602e+07
0,0,0,3.6866e+08,0,4.18372e+07,0,0,1.40602e+07
0,0,0,3.6866e+08,0,4.18407e+07,0,0,1.40602e+07
0,0,0,3.6866e+08,0,4.18443e+07,0,0,1.40602e+07
0,0,0,3.6866e+08,0,4.18478e+07,0,0,1.40602e+07
0,0,0,3.6866e+08,0,4.01598e+07,0,0,1.40602e+07
0,0,0,3.6866e+08,0,4.01632e+07,0,0,1.40602e+07
0,0,0,3.6866e+08,0,4.01666e+07,0,0,1.40602e+07
0,0,0,3.6866e+08,0,4.017e+07,0,0,1.40602e+07
0,0,0,3.6866e+08,0,3.86831e+07,0,0,1.40602e+07
0,0,0,3.6866e+08,0,3.86864e+07,0,0,1.40602e+07
0,0,0,3.6866e+08,0,3.86897e+07,0,0,1.40602e+07
0,0,0,3.6866e+08,0,3.86929e+07,0,0,1.40602e+07
0,0,0,3.6866e+08,0,3.52439e+07,0,0,1.40602e+07
0,0,0,3.6866e+08,0,3.52469e+07,0,0,1.40602e+07
0,0,0,3.6866e+08,0,3.52499e+07,0,0,1.40602e+07
0,0,0,3.6866e+08,0,3.52529e+07,0,0,1.40602e+07
0,0,0,3.6866e+08,0,3.52559e+07,0,0,1.40602e+07
0,0,0,3.6866e+08,0,3.63827e+07,0,0,1.40602e+07
0,0,0,3.6866e+08,0,3.63854e+07,0,0,1.40602e+07
0,0,0,3.6866e+08,0,3.63881e+07,0,0,1.40602e+07
0,0,0,3.6866e+08,0,3.63909e+07,0,0,1.40602e+07
0,0,0,3.6866e+08,0,4.0342e+07,0,0,1.40602e+07
0,0,0,3.6866e+08,0,4.03451e+07,0,0,1.40602e+07
0,0,0,3.6866e+08,0,4.03481e+07,0,0,1.40602e+07
0,0,0,3.6866e+08,0,4.03512e+07,0,0,1.40602e+07
0,0,0,3.6866e+08,0,3.49181e+07,0,0,1.40602e+07
0,0,0,3.6866e+08,0,3.49207e+07,0,0,1.40602e+07
0,0,0,3.6866e+08,0,3.49233e+07,0,0,1.40602e+07
0,0,0,3.6866e+08,0,3.4926e+07,0,0,1.40602e+07
0,0,0,3.6866e+08,0,3.49286e+07,0,0,1.40602e+07
0,0,0,3.6866e+08,0,3.62779e+07,0,0,1.40602e+07
0,0,0,3.6866e+08,0,3.62806e+07,0,0,1.40602e+07
0,0,0,3.6866e+08,0,3.62833e+07,0,0,1.40602e+07
0,0,0,3.6866e+08,0,3.62861e+07,0,0,1.40602e+07
0,0,0,3.6866e+08,0,3.57641e+07,0,0,1.40602e+07
0,0,0,3.6866e+08,0,3.57668e+07,0,0,1.40602e+07
0,0,0,3.6866e+08,0,3.57695e+07,0,0,1.40602e+07
0,0,0,3.6866e+08,0,3.57722e+07,0,0,1.40602e+07
0,0,0,3.6866e+08,0,3.76018e+07,0,0,1.40602e+07
0,0,0,3.6866e+08,0,3.76046e+07,0,0,1.40602e+07
0,0,0,3.6866e+08,0,3.76075e+07,0,0,1.40602e+07
0,0,0,3.6866e+08,0,3.76103e+07,0,0,1.40602e+07
0,0,0,3.6866e+08,0,3.76131e+07,0,0,1.40602e+07
0,0,0,3.6866e+08,0,3.80463e+07,0,0,1.40602e+07
0,0,0,3.6866e+08,0,3.80492e+07,0,0,1.40602e+07
0,0,0,3.6866e+08,0,3.8052e+07,0,0,1.40602e+07
0,0,0,3.6866e+08,0,3.80549e+07,0,0,1.40602e+07
0,0,0,3.6866e+08,0,3.89693e+07,0,0,1.40602e+07
0,0,0,3.6866e+08,0,3.89722e+07,0,0,1.40602e+07
0,0,0,3.6866e+08,0,3.89751e+07,0,0,1.40602e+07
0,0,0,3.6866e+08,0,3.89781e+07,0,0,1.40602e+07
0,0,0,3.6866e+08,0,4.20047e+07,0,0,1.40602e+07
0,0,0,3.6866e+08,0,4.20079e+07,0,0,1.40602e+07
0,0,0,3.6866e+08,0,4.20111e+07,0,0,1.40602e+07
0,0,0,3.6866e+08,0,4.20142e+07,0,0,1.40602e+07
0,0,0,3.6866e+08,0,4.20174e+07,0,0,1.40602e+07
0,0,0,3.6866e+08,0,3.56837e+07,-4.63843e+06,4.63843e+06,1.59006e+07
0,0,0,3.6866e+08,0,2.99132e+07,-1.04119e+07,1.04119e+07,1.40602e+07
0,0,0,3.6866e+08,0,2.64226e+07,-1.39056e+07,1.39056e+07,1.40602e+07
0,0,0,3.6866e+08,0,2.96006e+07,-1.07306e+07,1.07306e+07,1.40602e+07
0,0,0,3.6866e+08,0,2.85404e+07,-1.02975e+07,1.02975e+07,1.40602e+07
0,0,0,3.6866e+08,0,2.86096e+07,-1.02313e+07,1.02313e+07,1.40602e+07
0,0,0,3.6866e+08,0,2.77742e+07,-1.10695e+07,1.10695e+07,1.59006e+07
0,0,0,3.6866e+08,0,3.00269e+07,-8.8198e+06,8.8198e+06,1.59006e+07
0,0,0,3.6866e+08,0,3.09573e+07,-4.4264e+06,4.4264e+06,1.59006e+07
0,0,0,3.6866e+08,0,2.97582e+07,-5.62815e+06,5.62815e+06,1.59006e+07
0,0,0,3.6866e+08,0,2.84369e+07,-6.95209e+06,6.95209e+06,1.59006e+07
0,0,0,3.6866e+08,0,2.79575e+07,-7.43418e+06,7.43418e+06,1.59006e+07
0,0,0,3.6866e+08,0,2.9434e+07,-5.96031e+06,5.96031e+06,1.40602e+07
0,0,0,3.6866e+08,0,3.03677e+07,-5.02664e+06,5.02664e+06,1.40602e+07
0,0,0,3.6866e+08,0,3.65251e+07,0,0,1.40602e+07
0,0,0,3.6866e+08,0,3.65276e+07,0,0,1.40602e+07
0,0,0,3.6866e+08,0,3.653e+07,0,0,1.40602e+07
0,0,0,3.6866e+08,0,3.65324e+07,0,0,1.40602e+07
0,0,0,3.6866e+08,0,4.04985e+07,0,0,1.40602e+07
0,0,0,3.6866e+08,0,4.05012e+07,0,0,1.40602e+07
0,0,0,3.6866e+08,0,4.05038e+07,0,0,1.40602e+07
0,0,0,3.6866e+08,0,4.05065e+07,0,0,1.40602e+07
0,0,0,3.6866e+08,0,3.50521e+07,0,0,1.40602e+07
0,0,0,3.6866e+08,0,3.50545e+07,0,0,1.40602e+07
0,0,0,3.6866e+08,0,3.50568e+07,0,0,1.40602e+07
0,0,0,3.6866e+08,0,3.50591e+07,0,0,1.40602e+07
0,0,0,3.6866e+08,0,3.50614e+07,0,0,1.40602e+07
0,0,0,3.6866e+08,0,3.64154e+07,0,0,1.40602e+07
0,0,0,3.6866e+08,0,3.64178e+07,0,0,1.40602e+07
0,0,0,3.6866e+08,0,3.64202e+07,0,0,1.40602e+07
0,0,0,3.6866e+08,0,3.64226e+07,0,0,1.40602e+07
0,0,0,3.6866e+08,0,3.58984e+07,0,0,1.40602e+07
0,0,0,3.6866e+08,0,3.59007e+07,0,0,1.40602e+07
0,0,0,3.6866e+08,0,3.59031e+07,0,0,1.40602e+07
0,0,0,3.6866e+08,0,3.59055e+07,0,0,1.40602e+07
0,0,0,3.6866e+08,0,3.77415e+07,0,0,1.40602e+07
0,0,0,3.6866e+08,0,3.7744e+07,0,0,1.40602e+07
0,0,0,3.6866e+08,0,3.77465e+07,0,0,1.40602e+07
0,0,0,3.6866e+08,0,3.7749e+07,0,0,1.40602e+07
0,0,0,3.6866e+08,0,3.77514e+07,0,0,1.40602e+07
0,0,0,3.6866e+08,0,3.81858e+07,0,0,1.40602e+07
0,0,0,3.6866e+08,0,3.81884e+07,0,0,1.40602e+07
0,0,0,3.6866e+08,0,3.81909e+07,0,0,1.40602e+07
0,0,0,3.6866e+08,0,3.81934e+07,0,0,1.40602e+07
0,0,0,3.6866e+08,0,3.91107e+07,0,0,1.40602e+07
0,0,0,3.6866e+08,0,3.91133e+07,0,0,1.40602e+07
0,0,0,3.6866e+08,0,3.91159e+07,0,0,1.40602e+07
0,0,0,3.6866e+08,0,3.91184e+07,0,0,1.40602e+07
0,0,0,3.6866e+08,0,4.11177e+07,-1.0379e+06,1.0379e+06,1.40602e+07
0,0,0,3.6866e+08,0,3.52856e+07,-6.87281e+06,6.87281e+06,1.40602e+07
0,0,0,3.6866e+08,0,2.67943e+07,-1.53668e+07,1.53668e+07,1.40602e+07
0,0,0,3.6866e+08,0,2.89008e+07,-1.32631e+07,1.32631e+07,1.40602e+07
0,0,0,3.6866e+08,0,3.05221e+07,-1.16446e+07,1.16446e+07,1.40602e+07
0,0,0,3.6866e+08,0,2.92529e+07,-1.12122e+07,1.12122e+07,1.40602e+07
0,0,0,3.6866e+08,0,2.97007e+07,-1.07669e+07,1.07669e+07,1.40602e+07
0,0,0,3.6866e+08,0,3.13083e+07,-9.162e+06,9.162e+06,1.40602e+07
0,0,0,3.6866e+08,0,3.11712e+07,-9.30176e+06,9.30176e+06,1.40602e+07
0,0,0,3.6866e+08,0,2.81086e+07,-1.08655e+07,1.08655e+07,1.40602e+07
0,0,0,3.6866e+08,0,2.89143e+07,-1.00624e+07,1.00624e+07,1.40602e+07
0,0,0,3.6866e+08,0,3.09695e+07,-8.00974e+06,8.00974e+06,1.40602e+07
0,0,0,3.6866e+08,0,3.61454e+07,-2.83644e+06,2.83644e+06,1.40602e+07
0,0,0,3.6866e+08,0,3.55064e+07,0,0,1.40602e+07
0,0,0,3.6866e+08,0,3.55087e+07,0,0,1.40602e+07
0,0,0,3.6866e+08,0,3.5511e+07,0,0,1.40602e+07
0,0,0,3.6866e+08,0,3.55134e+07,0,0,1.40602e+07
0,0,0,3.6866e+08,0,3.55157e+07,0,0,1.40602e+07
0,0,0,3.6866e+08,0,3.66501e+07,0,0,1.40602e+07
0,0,0,3.6866e+08,0,3.66521e+07,0,0,1.40602e+07
0,0,0,3.6866e+08,0,3.50887e+07,-1.56556e+06,1.56556e+06,1.40602e+07
0,0,0,3.6866e+08,0,3.40162e+07,-2.64007e+06,2.64007e+06,1.40602e+07
0,0,0,3.6866e+08,0,3.29528e+07,-7.68266e+06,7.68266e+06,1.40602e+07
0,0,0,3.6866e+08,0,3.08169e+07,-9.8209e+06,9.8209e+06,1.40602e+07
0,0,0,3.6866e+08,0,3.07871e+07,-9.85302e+06,9.85302e+06,1.40602e+07
0,0,0,3.6866e+08,0,3.09847e+07,-9.65765e+06,9.65765e+06,1.40602e+07
0,0,0,3.6866e+08,0,3.22062e+07,-2.9632e+06,2.9632e+06,1.40602e+07
0,0,0,3.6866e+08,0,3.51714e+07,0,0,1.40602e+07
0,0,0,3.6866e+08,0,3.51734e+07,0,0,1.40602e+07
0,0,0,3.6866e+08,0,3.51754e+07,0,0,1.40602e+07
0,0,0,3.6866e+08,0,3.51774e+07,0,0,1.40602e+07
0,0,0,3.6866e+08,0,3.65356e+07,0,0,1.40602e+07
0,0,0,3.6866e+08,0,3.65376e+07,0,0,1.40602e+07
0,0,0,3.6866e+08,0,3.65397e+07,0,0,1.40602e+07
0,0,0,3.6866e+08,0,3.65418e+07,0,0,1.40602e+07
0,0,0,3.6866e+08,0,3.60155e+07,0,0,1.40602e+07
0,0,0,3.6866e+08,0,3.60175e+07,0,0,1.40602e+07
0,0,0,3.6866e+08,0,3.60195e+07,0,0,1.40602e+07
0,0,0,3.6866e+08,0,3.60216e+07,0,0,1.40602e+07
0,0,0,3.6866e+08,0,3.78632e+07,0,0,1.40602e+07
0,0,0,3.6866e+08,0,3.59124e+07,-1.95296e+06,1.95296e+06,1.40602e+07
0,0,0,3.6866e+08,0,2.9887e+07,-7.9805e+06,7.9805e+06,1.40602e+07
0,0,0,3.6866e+08,0,2.6751e+07,-1.11186e+07,1.11186e+07,1.40602e+07
0,0,0,3.6866e+08,0,2.56555e+07,-1.22162e+07,1.22162e+07,1.40602e+07
0,0,0,3.6866e+08,0,2.55308e+07,-1.27763e+07,1.27763e+07,1.40602e+07
0,0,0,3.6866e+08,0,2.46361e+07,-1.36732e+07,1.36732e+07,1.40602e+07
0,0,0,3.6866e+08,0,2.43493e+07,-1.39622e+07,1.39622e+07,1.40602e+07
0,0,0,3.6866e+08,0,2.39504e+07,-1.43633e+07,1.43633e+07,1.40602e+07
0,0,0,3.6866e+08,0,2.48354e+07,-1.43981e+07,1.43981e+07,1.40602e+07
0,0,0,3.6866e+08,0,2.5022e+07,-1.42138e+07,1.42138e+07,1.40602e+07
0,0,0,3.6866e+08,0,2.42749e+07,-1.4963e+07,1.4963e+07,1.40602e+07
0,0,0,3.6866e+08,0,2.40351e+07,-1.52051e+07,1.52051e+07,1.40602e+07
0,0,0,3.6866e+08,0,2.42921e+07,-1.79943e+07,1.79943e+07,1.40602e+07
0,0,0,3.6866e+08,0,2.58596e+07,-1.64291e+07,1.64291e+07,1.40602e+07
0,0,0,3.6866e+08,0,2.39074e+07,-1.83837e+07,1.83837e+07,1.40602e+07
0,0,0,3.6866e+08,0,2.888e+07,-1.34135e+07,1.34135e+07,1.40602e+07
0,0,0,3.6866e+08,0,3.04674e+07,-1.18285e+07,1.18285e+07,1.40602e+07
0,0,0,3.6866e+08,0,2.97886e+07,-1.08001e+07,1.08001e+07,1.40602e+07
0,0,0,3.6866e+08,0,3.07855e+07,-9.80548e+06,9.80548e+06,1.40602e+07
0,0,0,3.6866e+08,0,3.12672e+07,-9.32604e+06,9.32604e+06,1.40602e+07
0,0,0,3.6866e+08,0,3.43281e+07,-6.26748e+06,6.26748e+06,1.40602e+07
0,0,0,3.6866e+08,0,3.21871e+07,-6.90462e+06,6.90462e+06,1.40602e+07
0,0,0,3.6866e+08,0,3.85902e+07,-503750,503750,1.40602e+07
0,0,0,3.6866e+08,0,3.84069e+07,-689223,689223,1.40602e+07
0,0,0,3.6866e+08,0,3.90984e+07,0,0,1.40602e+07
0,0,0,3.6866e+08,0,3.56122e+07,0,0,1.40602e+07
0,0,0,3.6866e+08,0,3.56142e+07,0,0,1.40602e+07
0,0,0,3.6866e+08,0,3.56162e+07,0,0,1.40602e+07
0,0,0,3.6866e+08,0,3.56182e+07,0,0,1.40602e+07
0,0,0,3.6866e+08,0,3.56202e+07,0,0,1.40602e+07
0,0,0,3.6866e+08,0,3.67576e+07,0,0,1.40602e+07
0,0,0,3.6866e+08,0,3.67594e+07,0,0,1.40602e+07
0,0,0,3.6866e+08,0,3.67611e+07,0,0,1.40602e+07
0,0,0,3.6866e+08,0,3.67628e+07,0,0,1.40602e+07
0,0,0,3.6866e+08,0,4.07532e+07,0,0,1.40602e+07
0,0,0,3.6866e+08,0,4.07551e+07,0,0,1.40602e+07
0,0,0,3.6866e+08,0,4.07571e+07,0,0,1.40602e+07
0,0,0,3.6866e+08,0,4.0759e+07,0,0,1.40602e+07
0,0,0,3.6866e+08,0,3.527e+07,0,0,1.40602e+07
0,0,0,3.6866e+08,0,3.52717e+07,0,0,1.40602e+07
0,0,0,3.6866e+08,0,3.52733e+07,0,0,1.40602e+07
0,0,0,3.6866e+08,0,3.5275e+07,0,0,1.40602e+07
0,0,0,3.6866e+08,0,3.52767e+07,0,0,1.40602e+07
0,0,0,3.6866e+08,0,3.66384e+07,0,0,1.40602e+07
0,0,0,3.6866e+08,0,3.66401e+07,0,0,1.40602e+07
0,0,0,3.6866e+08,0,3.66418e+07,0,0,1.40602e+07
0,0,0,3.6866e+08,0,3.66436e+07,0,0,1.40602e+07
0,0,0,3.6866e+08,0,3.61155e+07,0,0,1.40602e+07
0,0,0,3.6866e+08,0,3.61172e+07,0,0,1.40602e+07
0,0,0,3.6866e+08,0,3.61189e+07,0,0,1.40602e+07
0,0,0,3.6866e+08,0,3.61206e+07,0,0,1.40602e+07
0,0,0,3.6866e+08,0,3.79669e+07,0,0,1.40602e+07
0,0,0,3.6866e+08,0,3.58198e+07,-2.14891e+06,2.14891e+06,1.40602e+07
0,0,0,3.6866e+08,0,3.13937e+07,-6.57681e+06,6.57681e+06,1.40602e+07
0,0,0,3.6866e+08,0,2.90177e+07,-8.95455e+06,8.95455e+06,1.40602e+07
0,0,0,3.6866e+08,0,2.87553e+07,-9.2188e+06,9.2188e+06,1.40602e+07
0,0,0,3.6866e+08,0,2.87434e+07,-9.66696e+06,9.66696e+06,1.40602e+07
0,0,0,3.6866e+08,0,2.88864e+07,-9.52578e+06,9.52578e+06,1.40602e+07
0,0,0,3.6866e+08,0,2.8744e+07,-9.66995e+06,9.66995e+06,1.40602e+07
0,0,0,3.6866e+08,0,2.85285e+07,-9.88727e+06,9.88727e+06,1.40602e+07
0,0,0,3.6866e+08,0,2.51577e+07,-1.418e+07,1.418e+07,1.40602e+07
0,0,0,3.6866e+08,0,2.3791e+07,-1.55486e+07,1.55486e+07,1.40602e+07
0,0,0,3.6866e+08,0,2.45143e+07,-1.48271e+07,1.48271e+07,1.40602e+07
0,0,0,3.6866e+08,0,2.5593e+07,-1.37503e+07,1.37503e+07,1.40602e+07
0,0,0,3.6866e+08,0,2.62439e+07,-1.61532e+07,1.61532e+07,1.40602e+07
0,0,0,3.6866e+08,0,2.75356e+07,-1.48636e+07,1.48636e+07,1.40602e+07
0,0,0,3.6866e+08,0,2.58268e+07,-1.65743e+07,1.65743e+07,1.40602e+07
0,0,0,3.6866e+08,0,2.85278e+07,-1.38753e+07,1.38753e+07,1.40602e+07
0,0,0,3.6866e+08,0,2.87928e+07,-1.36123e+07,1.36123e+07,1.40602e+07
0,0,0,3.6866e+08,0,2.80619e+07,-1.26312e+07,1.26312e+07,1.40602e+07
0,0,0,3.6866e+08,0,2.81384e+07,-1.25566e+07,1.25566e+07,1.40602e+07
0,0,0,3.6866e+08,0,2.88696e+07,-1.18274e+07,1.18274e+07,1.40602e+07
0,0,0,3.6866e+08,0,2.73917e+07,-1.33071e+07,1.33071e+07,1.40602e+07
0,0,0,3.6866e+08,0,2.73151e+07,-1.18757e+07,1.18757e+07,1.40602e+07
0,0,0,3.6866e+08,0,2.83134e+07,-1.08793e+07,1.08793e+07,1.40602e+07
0,0,0,3.6866e+08,0,2.87464e+07,-1.04482e+07,1.04482e+07,1.40602e+07
0,0,0,3.6866e+08,0,2.96396e+07,-9.55677e+06,9.55677e+06,1.40602e+07
0,0,0,3.6866e+08,0,3.09414e+07,-4.75974e+06,4.75974e+06,1.40602e+07
0,0,0,3.6866e+08,0,2.77414e+07,-7.96148e+06,7.96148e+06,1.40602e+07
0,0,0,3.6866e+08,0,2.84678e+07,-7.23672e+06,7.23672e+06,1.40602e+07
0,0,0,3.6866e+08,0,2.79353e+07,-7.77094e+06,7.77094e+06,1.40602e+07
0,0,0,3.6866e+08,0,2.80584e+07,-7.64951e+06,7.64951e+06,1.40602e+07
0,0,0,3.6866e+08,0,3.11755e+07,-5.67226e+06,5.67226e+06,1.40602e+07
0,0,0,3.6866e+08,0,3.68491e+07,0,0,1.40602e+07
0,0,0,3.6866e+08,0,3.68505e+07,0,0,1.40602e+07
0,0,0,3.6866e+08,0,3.68519e+07,0,0,1.40602e+07
0,0,0,3.6866e+08,0,4.08516e+07,0,0,1.40602e+07
0,0,0,3.6866e+08,0,4.08532e+07,0,0,1.40602e+07
0,0,0,3.6866e+08,0,4.08547e+07,0,0,1.40602e+07
0,0,0,3.6866e+08,0,4.08563e+07,0,0,1.40602e+07
0,0,0,3.6866e+08,0,3.53538e+07,0,0,1.40602e+07
0,0,0,3.6866e+08,0,3.53552e+07,0,0,1.40602e+07
0,0,0,3.6866e+08,0,3.53565e+07,0,0,1.40602e+07
0,0,0,3.6866e+08,0,3.53579e+07,0,0,1.40602e+07
0,0,0,3.6866e+08,0,3.53592e+07,0,0,1.40602e+07
0,0,0,3.6866e+08,0,3.67237e+07,0,0,1.40602e+07
0,0,0,3.6866e+08,0,3.67251e+07,0,0,1.40602e+07
0,0,0,3.6866e+08,0,3.67265e+07,0,0,1.40602e+07
0,0,0,3.6866e+08,0,3.67279e+07,0,0,1.40602e+07
0,0,0,3.6866e+08,0,3.61983e+07,0,0,1.40602e+07
0,0,0,3.6866e+08,0,3.61996e+07,0,0,1.40602e+07
0,0,0,3.6866e+08,0,3.6201e+07,0,0,1.40602e+07
0,0,0,3.6866e+08,0,3.62024e+07,0,0,1.40602e+07
0,0,0,3.6866e+08,0,3.80525e+07,0,0,1.40602e+07
0,0,0,3.6866e+08,0,3.8054e+07,0,0,1.40602e+07
0,0,0,3.6866e+08,0,3.80554e+07,0,0,1.40602e+07
0,0,0,3.6866e+08,0,3.80569e+07,0,0,1.40602e+07
0,0,0,3.6866e+08,0,3.80583e+07,0,0,1.40602e+07
0,0,0,3.6866e+08,0,3.84952e+07,0,0,1.40602e+07
0,0,0,3.6866e+08,0,3.84966e+07,0,0,1.40602e+07
0,0,0,3.6866e+08,0,3.84981e+07,0,0,1.40602e+07
0,0,0,3.6866e+08,0,3.84996e+07,0,0,1.40602e+07
0,0,0,3.6866e+08,0,3.94231e+07,0,0,1.40602e+07
0,0,0,3.6866e+08,0,3.94246e+07,0,0,1.40602e+07
0,0,0,3.6866e+08,0,3.94261e+07,0,0,1.40602e+07
0,0,0,3.6866e+08,0,3.94276e+07,0,0,1.40602e+07
0,0,0,3.6866e+08,0,4.24876e+07,0,0,1.40602e+07
0,0,0,3.6866e+08,0,4.24892e+07,0,0,1.40602e+07
0,0,0,3.6866e+08,0,4.24908e+07,0,0,1.40602e+07
0,0,0,3.6866e+08,0,4.24924e+07,0,0,1.40602e+07
0,0,0,3.6866e+08,0,4.2494e+07,0,0,1.40602e+07
0,0,0,3.6866e+08,0,4.0778e+07,0,0,1.40602e+07
0,0,0,3.6866e+08,0,4.07796e+07,0,0,1.40602e+07
0,0,0,3.6866e+08,0,4.07811e+07,0,0,1.40602e+07
0,0,0,3.6866e+08,0,4.07827e+07,0,0,1.40602e+07
0,0,0,3.6866e+08,0,3.92712e+07,0,0,1.40602e+07
0,0,0,3.6866e+08,0,3.92727e+07,0,0,1.40602e+07
0,0,0,3.6866e+08,0,3.92742e+07,0,0,1.40602e+07
0,0,0,3.6866e+08,0,3.92757e+07,0,0,1.40602e+07
0,0,0,3.6866e+08,0,3.5773e+07,0,0,1.40602e+07
0,0,0,3.6866e+08,0,3.57744e+07,0,0,1.40602e+07
0,0,0,3.6866e+08,0,3.57757e+07,0,0,1.40602e+07
0,0,0,3.6866e+08,0,3.57771e+07,0,0,1.40602e+07
0,0,0,3.6866e+08,0,3.57785e+07,0,0,1.40602e+07
0,0,0,3.6866e+08,0,3.69202e+07,0,0,1.40602e+07
0,0,0,3.6866e+08,0,3.69212e+07,0,0,1.40602e+07
0,0,0,3.6866e+08,0,3.69223e+07,0,0,1.40602e+07
0,0,0,3.6866e+08,0,3.69234e+07,0,0,1.40602e+07
0,0,0,3.6866e+08,0,4.09304e+07,0,0,1.40602e+07
0,0,0,3.6866e+08,0,4.09316e+07,0,0,1.40602e+07
0,0,0,3.6866e+08,0,4.09328e+07,0,0,1.40602e+07
0,0,0,3.6866e+08,0,4.09339e+07,0,0,1.40602e+07
0,0,0,3.6866e+08,0,3.54207e+07,0,0,1.40602e+07
0,0,0,3.6866e+08,0,3.54217e+07,0,0,1.40602e+07
0,0,0,3.6866e+08,0,3.54227e+07,0,0,1.40602e+07
0,0,0,3.6866e+08,0,3.54238e+07,0,0,1.40602e+07
0,0,0,3.6866e+08,0,3.54248e+07,0,0,1.40602e+07
0,0,0,3.6866e+08,0,3.67915e+07,0,0,1.40602e+07
0,0,0,3.6866e+08,0,3.67925e+07,0,0,1.40602e+07
0,0,0,3.6866e+08,0,3.67936e+07,0,0,1.40602e+07
0,0,0,3.6866e+08,0,3.67947e+07,0,0,1.40602e+07
0,0,0,3.6866e+08,0,3.62637e+07,0,0,1.40602e+07
0,0,0,3.6866e+08,0,3.62647e+07,0,0,1.40602e+07
0,0,0,3.6866e+08,0,3.62658e+07,0,0,1.40602e+07
0,0,0,3.6866e+08,0,3.62668e+07,0,0,1.40602e+07
0,0,0,3.6866e+08,0,3.81199e+07,0,0,1.40602e+07
0,0,0,3.6866e+08,0,3.8121e+07,0,0,1.40602e+07
0,0,0,3.6866e+08,0,3.81221e+07,0,0,1.40602e+07
0,0,0,3.6866e+08,0,3.81232e+07,0,0,1.40602e+07
0,0,0,3.6866e+08,0,3.81243e+07,0,0,1.40602e+07
0,0,0,3.6866e+08,0,3.85615e+07,0,0,1.40602e+07
0,0,0,3.6866e+08,0,3.85626e+07,0,0,1.40602e+07
0,0,0,3.6866e+08,0,3.85637e+07,0,0,1.40602e+07
0,0,0,3.6866e+08,0,3.85648e+07,0,0,1.40602e+07
0,0,0,3.6866e+08,0,3.94896e+07,0,0,1.40602e+07
0,0,0,3.6866e+08,0,3.94907e+07,0,0,1.40602e+07
0,0,0,3.6866e+08,0,3.94919e+07,0,0,1.40602e+07
0,0,0,3.6866e+08,0,3.9493e+07,0,0,1.40602e+07
0,0,0,3.6866e+08,0,4.25577e+07,0,0,1.40602e+07
0,0,0,3.6866e+08,0,4.25589e+07,0,0,1.40602e+07
0,0,0,3.6866e+08,0,4.25601e+07,0,0,1.40602e+07
0,0,0,3.6866e+08,0,4.25613e+07,0,0,1.40602e+07
0,0,0,3.6866e+08,0,4.25625e+07,0,0,1.40602e+07
0,0,0,3.6866e+08,0,4.08434e+07,0,0,1.40602e+07
0,0,0,3.6866e+08,0,4.08445e+07,0,0,1.40602e+07
0,0,0,3.6866e+08,0,4.08457e+07,0,0,1.40602e+07
0,0,0,3.6866e+08,0,4.08469e+07,0,0,1.40602e+07
0,0,0,3.6866e+08,0,3.93327e+07,0,0,1.40602e+07
0,0,0,3.6866e+08,0,3.93338e+07,0,0,1.40602e+07
0,0,0,3.6866e+08,0,3.93349e+07,0,0,1.40602e+07
0,0,0,3.6866e+08,0,3.9336e+07,0,0,1.40602e+07
0,0,0,3.6866e+08,0,3.58277e+07,0,0,1.40602e+07
0,0,0,3.6866e+08,0,3.58287e+07,0,0,1.40602e+07
0,0,0,3.6866e+08,0,3.58297e+07,0,0,1.40602e+07
0,0,0,3.6866e+08,0,3.58308e+07,0,0,1.40602e+07
0,0,0,3.6866e+08,0,3.58318e+07,0,0,1.40602e+07
0,0,0,3.6866e+08,0,3.69749e+07,0,0,1.40602e+07
0,0,0,3.6866e+08,0,3.69756e+07,0,0,1.40602e+07
0,0,0,3.6866e+08,0,3.69763e+07,0,0,1.40602e+07
0,0,0,3.6866e+08,0,3.6977e+07,0,0,1.40602e+07
0,0,0,3.6866e+08,0,4.09895e+07,0,0,1.40602e+07
0,0,0,3.6866e+08,0,4.09903e+07,0,0,1.40602e+07
0,0,0,3.6866e+08,0,4.09911e+07,0,0,1.40602e+07
0,0,0,3.6866e+08,0,4.09919e+07,0,0,1.40602e+07
0,0,0,3.6866e+08,0,3.54706e+07,0,0,1.40602e+07
0,0,0,3.6866e+08,0,3.54713e+07,0,0,1.40602e+07
0,0,0,3.6866e+08,0,3.54719e+07,0,0,1.40602e+07
0,0,0,3.6866e+08,0,3.54726e+07,0,0,1.40602e+07
0,0,0,3.6866e+08,0,3.54733e+07,0,0,1.40602e+07
0,0,0,3.6866e+08,0,3.68416e+07,0,0,1.40602e+07
0,0,0,3.6866e+08,0,3.68423e+07,0,0,1.40602e+07
0,0,0,3.6866e+08,0,3.6843e+07,0,0,1.40602e+07
0,0,0,3.6866e+08,0,3.68437e+07,0,0,1.40602e+07
0,0,0,3.6866e+08,0,3.63117e+07,0,0,1.40602e+07
0,0,0,3.6866e+08,0,3.63124e+07,0,0,1.40602e+07
0,0,0,3.6866e+08,0,3.63131e+07,0,0,1.40602e+07
0,0,0,3.6866e+08,0,3.63138e+07,0,0,1.40602e+07
0,0,0,3.6866e+08,0,3.8169e+07,0,0,1.40602e+07
0,0,0,3.6866e+08,0,3.81697e+07,0,0,1.40602e+07
0,0,0,3.6866e+08,0,3.81705e+07,0,0,1.40602e+07
0,0,0,3.6866e+08,0,3.81712e+07,0,0,1.40602e+07
0,0,0,3.6866e+08,0,3.8172e+07,0,0,1.40602e+07
0,0,0,3.6866e+08,0,3.86094e+07,0,0,1.40602e+07
0,0,0,3.6866e+08,0,3.86102e+07,0,0,1.40602e+07
0,0,0,3.6866e+08,0,3.86109e+07,0,0,1.40602e+07
0,0,0,3.6866e+08,0,3.86117e+07,0,0,1.40602e+07
0,0,0,3.6866e+08,0,3.95372e+07,0,0,1.40602e+07
0,0,0,3.6866e+08,0,3.9538e+07,0,0,1.40602e+07
0,0,0,3.6866e+08,0,3.95387e+07,0,0,1.40602e+07
0,0,0,3.6866e+08,0,3.95395e+07,0,0,1.40602e+07
0,0,0,3.6866e+08,0,4.26074e+07,0,0,1.40602e+07
0,0,0,3.6866e+08,0,4.26082e+07,0,0,1.40602e+07
0,0,0,3.6866e+08,0,4.2609e+07,0,0,1.40602e+07
0,0,0,3.6866e+08,0,4.26099e+07,0,0,1.40602e+07
0,0,0,3.6866e+08,0,4.26107e+07,0,0,1.40602e+07
0,0,0,3.6866e+08,0,4.08892e+07,0,0,1.40602e+07
0,0,0,3.6866e+08,0,4.089e+07,0,0,1.40602e+07
0,0,0,3.6866e+08,0,4.08908e+07,0,0,1.40602e+07
0,0,0,3.6866e+08,0,4.08916e+07,0,0,1.40602e+07
0,0,0,3.6866e+08,0,3.93753e+07,0,0,1.40602e+07
0,0,0,3.6866e+08,0,3.93761e+07,0,0,1.40602e+07
0,0,0,3.6866e+08,0,3.93769e+07,0,0,1.40602e+07
0,0,0,3.6866e+08,0,3.93776e+07,0,0,1.40602e+07
0,0,0,3.6866e+08,0,3.58652e+07,0,0,1.40602e+07
0,0,0,3.6866e+08,0,3.58659e+07,0,0,1.40602e+07
0,0,0,3.6866e+08,0,3.58666e+07,0,0,1.40602e+07
0,0,0,3.6866e+08,0,3.58673e+07,0,0,1.40602e+07
0,0,0,3.6866e+08,0,3.5868e+07,0,0,1.40602e+07
0,0,0,3.6866e+08,0,3.5868e+07,0,0,1.40602e+07
0,0,0,3.6866e+08,0,3.70119e+07,0,0,1.40602e+07
0,0,0,3.6866e+08,0,3.70123e+07,0,0,1.40602e+07
0,0,0,3.6866e+08,0,3.70127e+07,0,0,1.40602e+07
0,0,0,3.6866e+08,0,3.70131e+07,0,0,1.40602e+07
0,0,0,3.6866e+08,0,4.10291e+07,0,0,1.40602e+07
0,0,0,3.6866e+08,0,4.10296e+07,0,0,1.40602e+07
0,0,0,3.6866e+08,0,4.103e+07,0,0,1.40602e+07
0,0,0,3.6866e+08,0,4.10304e+07,0,0,1.40602e+07
0,0,0,3.6866e+08,0,3.55036e+07,0,0,1.40602e+07
0,0,0,3.6866e+08,0,3.55039e+07,0,0,1.40602e+07
0,0,0,3.6866e+08,0,3.55043e+07,0,0,1.40602e+07
0,0,0,3.6866e+08,0,3.55047e+07,0,0,1.40602e+07
0,0,0,3.6866e+08,0,3.5505e+07,0,0,1.40602e+07
0,0,0,3.6866e+08,0,3.68742e+07,0,0,1.40602e+07
0,0,0,3.6866e+08,0,3.68746e+07,0,0,1.40602e+07
0,0,0,3.6866e+08,0,3.68749e+07,0,0,1.40602e+07
0,0,0,3.6866e+08,0,3.68753e+07,0,0,1.40602e+07
0,0,0,3.6866e+08,0,3.63425e+07,0,0,1.40602e+07
0,0,0,3.6866e+08,0,3.63429e+07,0,0,1.40602e+07
0,0,0,3.6866e+08,0,3.63433e+07,0,0,1.40602e+07
0,0,0,3.6866e+08,0,3.63437e+07,0,0,1.40602e+07
0,0,0,3.6866e+08,0,3.82e+07,0,0,1.40602e+07
0,0,0,3.6866e+08,0,3.82004e+07,0,0,1.40602e+07
0,0,0,3.6866e+08,0,3.82008e+07,0,0,1.40602e+07
0,0,0,3.6866e+08,0,3.82012e+07,0,0,1.40602e+07
0,0,0,3.6866e+08,0,3.82016e+07,0,0,1.40602e+07
0,0,0,3.6866e+08,0,3.8639e+07,0,0,1.40602e+07
0,0,0,3.6866e+08,0,3.86394e+07,0,0,1.40602e+07
0,0,0,3.6866e+08,0,3.86398e+07,0,0,1.40602e+07
0,0,0,3.6866e+08,0,3.86402e+07,0,0,1.40602e+07
0,0,0,3.6866e+08,0,3.95661e+07,0,0,1.40602e+07
0,0,0,3.6866e+08,0,3.95665e+07,0,0,1.40602e+07
0,0,0,3.6866e+08,0,3.95669e+07,0,0,1.40602e+07
0,0,0,3.6866e+08,0,3.95673e+07,0,0,1.40602e+07
0,0,0,3.6866e+08,0,4.2637e+07,0,0,1.40602e+07
0,0,0,3.6866e+08,0,4.26374e+07,0,0,1.40602e+07
0,0,0,3.6866e+08,0,4.26378e+07,0,0,1.40602e+07
0,0,0,3.6866e+08,0,4.26383e+07,0,0,1.40602e+07
0,0,0,3.6866e+08,0,4.26387e+07,0,0,1.40602e+07
0,0,0,3.6866e+08,0,4.09157e+07,0,0,1.40602e+07
0,0,0,3.6866e+08,0,4.09162e+07,0,0,1.40602e+07
0,0,0,3.6866e+08,0,4.09166e+07,0,0,1.40602e+07
0,0,0,3.6866e+08,0,4.0917e+07,0,0,1.40602e+07
0,0,0,3.6866e+08,0,3.93995e+07,0,0,1.40602e+07
0,0,0,3.6866e+08,0,3.93999e+07,0,0,1.40602e+07
0,0,0,3.6866e+08,0,3.94003e+07,0,0,1.40602e+07
0,0,0,3.6866e+08,0,3.94007e+07,0,0,1.40602e+07
0,0,0,3.6866e+08,0,3.58859e+07,0,0,1.40602e+07
0,0,0,3.6866e+08,0,3.58863e+07,0,0,1.40602e+07
0,0,0,3.6866e+08,0,3.58867e+07,0,0,1.40602e+07
0,0,0,3.6866e+08,0,3.5887e+07,0,0,1.40602e+07
0,0,0,3.6866e+08,0,3.58874e+07,0,0,1.40602e+07
0,0,0,3.6866e+08,0,3.70316e+07,0,0,1.40602e+07
0,0,0,3.6866e+08,0,3.70317e+07,0,0,1.40602e+07
0,0,0,3.6866e+08,0,3.70317e+07,0,0,1.40602e+07
0,0,0,3.6866e+08,0,3.70318e+07,0,0,1.40602e+07
0,0,0,3.6866e+08,0,4.10495e+07,0,0,1.40602e+07
0,0,0,3.6866e+08,0,4.10495e+07,0,0,1.40602e+07
0,0,0,3.6866e+08,0,4.10496e+07,0,0,1.40602e+07
0,0,0,3.6866e+08,0,4.10497e+07,0,0,1.40602e+07
0,0,0,3.6866e+08,0,3.55199e+07,0,0,1.40602e+07
0,0,0,3.6866e+08,0,3.55199e+07,0,0,1.40602e+07
0,0,0,3.6866e+08,0,3.552e+07,0,0,1.40602e+07
0,0,0,3.6866e+08,0,3.552e+07,0,0,1.40602e+07
0,0,0,3.6866e+08,0,3.55201e+07,0,0,1.40602e+07
0,0,0,3.6866e+08,0,3.68895e+07,0,0,1.40602e+07
0,0,0,3.6866e+08,0,3.68895e+07,0,0,1.40602e+07
0,0,0,3.6866e+08,0,3.68896e+07,0,0,1.40602e+07
0,0,0,3.6866e+08,0,3.68896e+07,0,0,1.40602e+07
0,0,0,3.6866e+08,0,3.63563e+07,0,0,1.40602e+07
0,0,0,3.6866e+08,0,3.63563e+07,0,0,1.40602e+07
0,0,0,3.6866e+08,0,3.63564e+07,0,0,1.40602e+07
0,0,0,3.6866e+08,0,3.63564e+07,0,0,1.40602e+07
0,0,0,3.6866e+08,0,3.82131e+07,0,0,1.40602e+07
0,0,0,3.6866e+08,0,3.82131e+07,0,0,1.40602e+07
0,0,0,3.6866e+08,0,3.82132e+07,0,0,1.40602e+07
0,0,0,3.6866e+08,0,3.82132e+07,0,0,1.40602e+07
0,0,0,3.6866e+08,0,3.82133e+07,0,0,1.40602e+07
0,0,0,3.6866e+08,0,3.86505e+07,0,0,1.40602e+07
0,0,0,3.6866e+08,0,3.86506e+07,0,0,1.40602e+07
0,0,0,3.6866e+08,0,3.86506e+07,0,0,1.40602e+07
0,0,0,3.6866e+08,0,3.86507e+07,0,0,1.40602e+07
0,0,0,3.6866e+08,0,3.95764e+07,0,0,1.40602e+07
0,0,0,3.6866e+08,0,3.95765e+07,0,0,1.40602e+07
0,0,0,3.6866e+08,0,3.95765e+07,0,0,1.40602e+07
0,0,0,3.6866e+08,0,3.95766e+07,0,0,1.40602e+07
0,0,0,3.6866e+08,0,4.26466e+07,0,0,1.40602e+07
0,0,0,3.6866e+08,0,4.26466e+07,0,0,1.40602e+07
0,0,0,3.6866e+08,0,4.26467e+07,0,0,1.40602e+07
0,0,0,3.6866e+08,0,4.26468e+07,0,0,1.40602e+07
0,0,0,3.6866e+08,0,4.26468e+07,0,0,1.40602e+07
0,0,0,3.6866e+08,0,4.09231e+07,0,0,1.40602e+07
0,0,0,3.6866e+08,0,4.09232e+07,0,0,1.40602e+07
0,0,0,3.6866e+08,0,4.09232e+07,0,0,1.40602e+07
0,0,0,3.6866e+08,0,4.09233e+07,0,0,1.40602e+07
0,0,0,3.6866e+08,0,3.94052e+07,0,0,1.40602e+07
0,0,0,3.6866e+08,0,3.94052e+07,0,0,1.40602e+07
0,0,0,3.6866e+08,0,3.94053e+07,0,0,1.40602e+07
0,0,0,3.6866e+08,0,3.94053e+07,0,0,1.40602e+07
0,0,0,3.6866e+08,0,3.58898e+07,0,0,1.40602e+07
0,0,0,3.6866e+08,0,3.58899e+07,0,0,1.40602e+07
0,0,0,3.6866e+08,0,3.58899e+07,0,0,1.40602e+07
0,0,0,3.6866e+08,0,3.589e+07,0,0,1.40602e+07
0,0,0,3.6866e+08,0,3.589e+07,0,0,1.40602e+07
0,0,0,3.6866e+08,0,3.7034e+07,0,0,1.40602e+07
0,0,0,3.6866e+08,0,3.70337e+07,0,0,1.40602e+07
0,0,0,3.6866e+08,0,3.70334e+07,0,0,1.40602e+07
0,0,0,3.6866e+08,0,3.70331e+07,0,0,1.40602e+07
0,0,0,3.6866e+08,0,4.10506e+07,0,0,1.40602e+07
0,0,0,3.6866e+08,0,4.10503e+07,0,0,1.40602e+07
0,0,0,3.6866e+08,0,4.105e+07,0,0,1.40602e+07
0,0,0,3.6866e+08,0,4.10497e+07,0,0,1.40602e+07
0,0,0,3.6866e+08,0,3.55196e+07,0,0,1.40602e+07
0,0,0,3.6866e+08,0,3.55193e+07,0,0,1.40602e+07
0,0,0,3.6866e+08,0,3.5519e+07,0,0,1.40602e+07
0,0,0,3.6866e+08,0,3.55188e+07,0,0,1.40602e+07
0,0,0,3.6866e+08,0,3.55185e+07,0,0,1.40602e+07
0,0,0,3.6866e+08,0,3.68875e+07,0,0,1.40602e+07
0,0,0,3.6866e+08,0,3.68872e+07,0,0,1.40602e+07
0,0,0,3.6866e+08,0,3.68869e+07,0,0,1.40602e+07
0,0,0,3.6866e+08,0,3.68867e+07,0,0,1.40602e+07
0,0,0,3.6866e+08,0,3.63531e+07,0,0,1.40602e+07
0,0,0,3.6866e+08,0,3.63528e+07,0,0,1.40602e+07
0,0,0,3.6866e+08,0,3.63525e+07,0,0,1.40602e+07
0,0,0,3.6866e+08,0,3.63522e+07,0,0,1.40602e+07
0,0,0,3.6866e+08,0,3.82083e+07,0,0,1.40602e+07
0,0,0,3.6866e+08,0,3.8208e+07,0,0,1.40602e+07
0,0,0,3.6866e+08,0,3.82077e+07,0,0,1.40602e+07
0,0,0,3.6866e+08,0,3.82074e+07,0,0,1.40602e+07
0,0,0,3.6866e+08,0,3.82071e+07,0,0,1.40602e+07
0,0,0,3.6866e+08,0,3.86439e+07,0,0,1.40602e+07
0,0,0,3.6866e+08,0,3.86437e+07,0,0,1.40602e+07
0,0,0,3.6866e+08,0,3.86434e+07,0,0,1.40602e+07
0,0,0,3.6866e+08,0,3.86431e+07,0,0,1.40602e+07
0,0,0,3.6866e+08,0,3.95683e+07,0,0,1.40602e+07
0,0,0,3.6866e+08,0,3.9568e+07,0,0,1.40602e+07
0,0,0,3.6866e+08,0,3.95677e+07,0,0,1.40602e+07
0,0,0,3.6866e+08,0,3.95674e+07,0,0,1.40602e+07
0,0,0,3.6866e+08,0,4.26363e+07,0,0,1.40602e+07
0,0,0,3.6866e+08,0,4.26359e+07,0,0,1.40602e+07
0,0,0,3.6866e+08,0,4.26356e+07,0,0,1.40602e+07
0,0,0,3.6866e+08,0,4.26353e+07,0,0,1.40602e+07
0,0,0,3.6866e+08,0,4.2635e+07,0,0,1.40602e+07
0,0,0,3.6866e+08,0,4.09114e+07,0,0,1.40602e+07
0,0,0,3.6866e+08,0,4.09111e+07,0,0,1.40602e+07
0,0,0,3.6866e+08,0,4.09108e+07,0,0,1.40602e+07
0,0,0,3.6866e+08,0,4.09105e+07,0,0,1.40602e+07
0,0,0,3.6866e+08,0,3.93925e+07,0,0,1.40602e+07
0,0,0,3.6866e+08,0,3.93922e+07,0,0,1.40602e+07
0,0,0,3.6866e+08,0,3.93919e+07,0,0,1.40602e+07
0,0,0,3.6866e+08,0,3.93916e+07,0,0,1.40602e+07
0,0,0,3.6866e+08,0,3.5877e+07,0,0,1.40602e+07
0,0,0,3.6866e+08,0,3.58767e+07,0,0,1.40602e+07
0,0,0,3.6866e+08,0,3.58764e+07,0,0,1.40602e+07
0,0,0,3.6866e+08,0,3.58761e+07,0,0,1.40602e+07
0,0,0,3.6866e+08,0,3.58759e+07,0,0,1.40602e+07
0,0,0,3.6866e+08,0,3.7019e+07,0,0,1.40602e+07
0,0,0,3.6866e+08,0,3.70184e+07,0,0,1.40602e+07
0,0,0,3.6866e+08,0,3.70178e+07,0,0,1.40602e+07
0,0,0,3.6866e+08,0,3.70172e+07,0,0,1.40602e+07
0,0,0,3.6866e+08,0,4.10326e+07,0,0,1.40602e+07
0,0,0,3.6866e+08,0,4.10319e+07,0,0,1.40602e+07
0,0,0,3.6866e+08,0,4.10312e+07,0,0,1.40602e+07
0,0,0,3.6866e+08,0,4.10306e+07,0,0,1.40602e+07
0,0,0,3.6866e+08,0,3.55027e+07,0,0,1.40602e+07
0,0,0,3.6866e+08,0,3.55021e+07,0,0,1.40602e+07
0,0,0,3.6866e+08,0,3.55015e+07,0,0,1.40602e+07
0,0,0,3.6866e+08,0,3.5501e+07,0,0,1.40602e+07
0,0,0,3.6866e+08,0,3.69897e+07,-957233,957233,1.40602e+07
0,0,0,3.6866e+08,0,3.41165e+07,-5.19836e+06,5.19836e+06,1.59006e+07
0,0,0,3.6866e+08,0,3.4116e+07,-5.19829e+06,5.19829e+06,1.59006e+07
0,0,0,3.6866e+08,0,3.41154e+07,-5.19822e+06,5.19822e+06,1.59006e+07
0,0,0,3.6866e+08,0,3.41149e+07,-5.19815e+06,5.19815e+06,1.59006e+07
0,0,0,3.6866e+08,0,3.36426e+07,-5.13676e+06,5.13676e+06,1.59006e+07
0,0,0,3.6866e+08,0,3.36421e+07,-5.1367e+06,5.1367e+06,1.59006e+07
0,0,0,3.6866e+08,0,3.36416e+07,-5.13663e+06,5.13663e+06,1.59006e+07
0,0,0,3.6866e+08,0,3.3641e+07,-5.13656e+06,5.13656e+06,1.59006e+07
0,0,0,3.6866e+08,0,3.9675e+07,-957233,957233,1.40602e+07
0,0,0,3.6866e+08,0,3.96744e+07,-957233,957233,1.40602e+07
0,0,0,3.6866e+08,0,3.96738e+07,-957233,957233,1.40602e+07
0,0,0,3.6866e+08,0,3.96731e+07,-957233,957233,1.40602e+07
0,0,0,3.6866e+08,0,3.96725e+07,-957233,957233,1.40602e+07
0,0,0,3.6866e+08,0,4.01087e+07,-957233,957233,1.40602e+07
0,0,0,3.6866e+08,0,4.0108e+07,-957233,957233,1.40602e+07
0,0,0,3.6866e+08,0,4.01074e+07,-957233,957233,1.40602e+07
0,0,0,3.6866e+08,0,4.01068e+07,-957233,957233,1.40602e+07
0,0,0,3.6866e+08,0,4.1031e+07,-957233,957233,1.40602e+07
0,0,0,3.6866e+08,0,4.10304e+07,-957233,957233,1.40602e+07
0,0,0,3.6866e+08,0,4.10297e+07,-957233,957233,1.40602e+07
0,0,0,3.6866e+08,0,4.10291e+07,-957233,957233,1.40602e+07
0,0,0,3.6866e+08,0,4.40954e+07,-957233,957233,1.40602e+07
0,0,0,3.6866e+08,0,4.39233e+07,-847038,847038,1.40602e+07
0,0,0,3.6866e+08,0,4.39228e+07,-847170,847170,1.40602e+07
0,0,0,3.6866e+08,0,4.39223e+07,-847302,847302,1.40602e+07
0,0,0,3.6866e+08,0,4.39218e+07,-847434,847434,1.40602e+07
0,0,0,3.6866e+08,0,4.21993e+07,-847566,847566,1.40602e+07
0,0,0,3.6866e+08,0,4.23693e+07,-957233,957233,1.40602e+07
0,0,0,3.6866e+08,0,3.76661e+07,-5.65976e+06,5.65976e+06,1.59006e+07
0,0,0,3.6866e+08,0,4.23679e+07,-957233,957233,1.40602e+07
0,0,0,3.6866e+08,0,4.08508e+07,-957233,957233,1.40602e+07
0,0,0,3.6866e+08,0,4.08501e+07,-957233,957233,1.40602e+07
0,0,0,3.6866e+08,0,4.08495e+07,-957233,957233,1.40602e+07
