0st_vol,0capacity,0net_inf,0st_rof,0lt_rof,0rest_demand,0unrest_demand,0unfulf_demand,0wastewater,0treat_capacity,0agg_price,0res_price,0gross_rev,0drought_cost,0cont_contrib,0debt_serv,0infra_npv,1st_vol,1capacity,1net_inf,1st_rof,1lt_rof,1rest_demand,1unrest_demand,1unfulf_demand,1wastewater,1treat_capacity,1agg_price,1res_price,1gross_rev,1drought_cost,1cont_contrib,1debt_serv,1infra_npv
85.139,85.139,4.97997,0.05,0,2.16737,2.46977,0,0,4.47552,4.42214e+06,2.70226e+06,9.58443e+06,0,0,0,0,62.3362,61.308,3.90899,0,1,1.73502,1.43262,0,0,2.1168,9.19011e+06,3.61194e+06,1.5945e+07,0,0,0,0
85.139,85.139,5.98403,0.05,0,2.18892,2.47059,0,0.406166,4.47552,4.42214e+06,2.70226e+06,9.67972e+06,0,0,0,0,62.1111,61.308,3.80714,0,1,1.71475,1.43309,0,1.34047,2.1168,9.19011e+06,3.61194e+06,1.57588e+07,0,0,0,0
85.139,85.139,4.19991,0.05,0,2.19021,2.4714,0,0.410204,4.47552,4.42214e+06,2.70226e+06,9.6854e+06,0,0,0,0,61.7496,61.308,2.94677,0,1,1.71475,1.43356,0,1.32482,2.1168,9.19011e+06,3.61194e+06,1.57588e+07,0,0,0,0
85.139,85.139,3.85489,0.05,0,2.19149,2.47221,0,0.410445,4.47552,4.42214e+06,2.70226e+06,9.69108e+06,0,0,0,0,61.3053,61.308,2.60215,0,1,1.71475,1.43403,0,1.32482,2.1168,9.19011e+06,3.61194e+06,1.57588e+07,0,0,0,0
85.139,85.139,3.12138,0.05,0,2.43399,2.71424,0,0.410685,4.47552,4.42214e+06,2.70226e+06,1.07634e+07,0,0,0,0,60.8354,61.308,1.90595,0,1,1.88342,1.60317,0,1.32482,2.1168,9.19011e+06,3.61194e+06,1.73088e+07,0,0,0,0
85.139,85.139,3.06591,0.05,0,2.60402,2.71513,0,0.456129,4.47552,4.42214e+06,2.70226e+06,1.15153e+07,0,0,0,0,60.3734,61.308,1.99403,0,1,1.71481,1.6037,0,1.45513,2.1168,9.19011e+06,3.61194e+06,1.57593e+07,0,0,0,0
85.139,85.139,5.03869,0.05,0,2.60544,2.71602,0,0.487993,4.47552,4.42214e+06,2.70226e+06,1.15216e+07,0,0,0,0,60.1598,61.308,2.85331,0,1,1.71481,1.60422,0,1.32486,2.1168,9.19011e+06,3.61194e+06,1.57593e+07,0,0,0,0
85.139,85.139,4.74433,0.05,0,2.60686,2.71692,0,0.48826,4.47552,4.42214e+06,2.70226e+06,1.15279e+07,0,0,0,0,59.9232,61.308,2.79818,0,1,1.71481,1.60475,0,1.32486,2.1168,9.19011e+06,3.61194e+06,1.57593e+07,0,0,0,0
85.139,85.139,5.47331,0.05,0,2.26378,2.37331,0,0.488526,4.47552,4.42214e+06,2.70226e+06,1.00108e+07,0,0,0,0,59.7946,61.308,2.91858,0,1,1.48816,1.37863,0,1.32486,2.1168,9.19011e+06,3.61194e+06,1.36763e+07,0,0,0,0
85.139,85.139,6.1283,0.05,0,2.07169,2.37409,0,0.424233,4.47552,4.42214e+06,2.70226e+06,9.16131e+06,0,0,0,0,59.5964,61.308,3.35064,0,1,1.68148,1.37908,0,1.14975,2.1168,9.19011e+06,3.61194e+06,1.5453e+07,0,0,0,0
85.139,85.139,5.48975,0.05,0,2.07247,2.37487,0,0.388235,4.47552,4.42214e+06,2.70226e+06,9.16476e+06,0,0,0,0,59.3186,61.308,2.84658,0,1,1.68194,1.37954,0,1.29911,2.1168,9.19011e+06,3.61194e+06,1.54572e+07,0,0,0,0
85.139,85.139,6.36523,0.05,0,2.07325,2.37565,0,0.388381,4.47552,4.42214e+06,2.70226e+06,9.16821e+06,0,0,0,0,59.0415,61.308,2.74031,0,1,1.68239,1.37999,0,1.29946,2.1168,9.19011e+06,3.61194e+06,1.54613e+07,0,0,0,0
85.139,85.139,5.15505,0.05,0,2.07403,2.37643,0,0.388527,4.47552,4.42214e+06,2.70226e+06,9.17166e+06,0,0,0,0,58.6898,61.308,2.24928,0,1,1.68284,1.38044,0,1.29981,2.1168,9.19011e+06,3.61194e+06,1.54655e+07,0,0,0,0
85.139,85.139,3.73026,0.05,0,2.16167,2.46407,0,0.388674,4.47552,4.42214e+06,2.70226e+06,9.55922e+06,0,0,0,0,58.108,61.308,2.35507,0,1,1.73884,1.43644,0,1.30016,2.1168,9.19011e+06,3.61194e+06,1.59801e+07,0,0,0,0
85.139,85.139,4.81742,0.05,0,2.18704,2.46488,0,0.405097,4.47552,4.42214e+06,2.70226e+06,9.67139e+06,0,0,0,0,57.693,61.308,1.77928,0,1,1.71475,1.43691,0,1.34342,2.1168,9.19011e+06,3.61194e+06,1.57588e+07,0,0,0,0
85.139,85.139,3.4124,0.05,0,2.18832,2.46569,0,0.409851,4.47552,4.42214e+06,2.70226e+06,9.67706e+06,0,0,0,0,57.3105,61.308,2.48612,0,1,1.71475,1.43738,0,1.32482,2.1168,9.19011e+06,3.61194e+06,1.57588e+07,0,0,0,0
85.139,85.139,4.48627,0.05,0,2.1896,2.4665,0,0.410091,4.47552,4.42214e+06,2.70226e+06,9.68273e+06,0,0,0,0,57.1105,61.308,2.8977,0,1,1.71475,1.43785,0,1.32482,2.1168,9.19011e+06,3.61194e+06,1.57588e+07,0,0,0,0
85.139,85.139,3.03296,0.05,0,2.15688,2.43331,0,0.410332,4.47552,4.42214e+06,2.70226e+06,9.53802e+06,0,0,0,0,56.7428,61.308,2.41151,0,1,1.69315,1.41673,0,1.32482,2.1168,9.19011e+06,3.61194e+06,1.55603e+07,0,0,0,0
84.9493,85.139,2.39817,0.05,0,2.13655,2.43411,0,0.404199,4.47552,4.42214e+06,2.70226e+06,9.44814e+06,0,0,0,0,56.3244,61.308,2.21946,0,1,1.71475,1.41719,0,1.30813,2.1168,9.19011e+06,3.61194e+06,1.57587e+07,0,0,0,0
84.619,85.139,2.24907,0.07,0,2.13782,2.43491,0,0.40039,4.47552,4.42214e+06,2.70226e+06,9.45373e+06,0,0,0,0,55.9021,61.308,2.17303,0,1,1.71475,1.41766,0,1.32481,2.1168,9.19011e+06,3.61194e+06,1.57587e+07,0,0,0,0
85.139,85.139,3.50647,0.07,0,2.13908,2.43571,0,0.400627,4.47552,4.42214e+06,2.70226e+06,9.45933e+06,0,0,0,0,55.5925,61.308,2.70327,0,1,1.71475,1.41812,0,1.32481,2.1168,9.19011e+06,3.61194e+06,1.57587e+07,0,0,0,0
84.7701,85.139,2.24857,0.04,0,2.25593,2.55209,0,0.400864,4.47552,4.42214e+06,2.70226e+06,9.97604e+06,0,0,0,0,55.1624,61.308,2.18802,0,1,1.79144,1.49528,0,1.32481,2.1168,9.19011e+06,3.61194e+06,1.64636e+07,0,0,0,0
84.2227,85.139,2.08263,0.06,0,2.33393,2.55293,0,0.422761,4.47552,4.42214e+06,2.70226e+06,1.0321e+07,0,0,0,0,54.7202,61.308,2.20917,0,1,1.71477,1.49578,0,1.38407,2.1168,9.19011e+06,3.61194e+06,1.57589e+07,0,0,0,0
83.6526,85.139,2.05384,0.05,0,2.33526,2.55376,0,0.437379,4.47552,4.42214e+06,2.70226e+06,1.03269e+07,0,0,0,0,54.3146,61.308,2.20759,0,1,1.71477,1.49627,0,1.32483,2.1168,9.19011e+06,3.61194e+06,1.57589e+07,0,0,0,0
82.9598,85.139,1.92088,0.04,0,2.33659,2.5546,0,0.437628,4.47552,4.42214e+06,2.70226e+06,1.03327e+07,0,0,0,0,53.8746,61.308,2.10016,0,1,1.71477,1.49676,0,1.32483,2.1168,9.19011e+06,3.61194e+06,1.57589e+07,0,0,0,0
82.3372,85.139,1.95637,0.04,0,2.33792,2.55544,0,0.437877,4.47552,4.42214e+06,2.70226e+06,1.03386e+07,0,0,0,0,53.3988,61.308,2.04271,0,1,1.71477,1.49725,0,1.32483,2.1168,9.19011e+06,3.61194e+06,1.57589e+07,0,0,0,0
82.5768,85.139,2.7842,0.02,0,2.31636,2.53339,0,0.438127,4.47552,4.42214e+06,2.70226e+06,1.02433e+07,0,0,0,0,52.9357,61.308,2.22013,0,1,1.75699,1.53997,0,1.32483,2.1168,9.19011e+06,3.61194e+06,1.6147e+07,0,0,0,0
82.6202,85.139,2.62518,0.02,0,2.3599,2.53422,0,0.434085,4.47552,4.42214e+06,2.70226e+06,1.04358e+07,0,0,0,0,52.4472,61.308,2.07743,0,1,1.71479,1.54047,0,1.35745,2.1168,9.19011e+06,3.61194e+06,1.57591e+07,0,0,0,0
82.4377,85.139,2.39975,0.02,0,2.36124,2.53505,0,0.442246,4.47552,4.42214e+06,2.70226e+06,1.04417e+07,0,0,0,0,51.9553,61.308,2.07534,0,1,1.71479,1.54098,0,1.32484,2.1168,9.19011e+06,3.61194e+06,1.57591e+07,0,0,0,0
82.0373,85.139,2.17046,0.03,0,2.36258,2.53588,0,0.442497,4.47552,4.42214e+06,2.70226e+06,1.04477e+07,0,0,0,0,51.4331,61.308,1.84057,0,1,1.71479,1.54148,0,1.32484,2.1168,9.19011e+06,3.61194e+06,1.57591e+07,0,0,0,0
81.7628,85.139,2.31893,0.03,0,2.42312,2.59592,0,0.442747,4.47552,4.42214e+06,2.70226e+06,1.07154e+07,0,0,0,0,50.8229,61.308,1.8036,0,1,1.75247,1.57967,0,1.32484,2.1168,9.19011e+06,3.61194e+06,1.61053e+07,0,0,0,0
81.36,85.139,2.21573,0.03,0,2.46216,2.59677,0,0.454093,4.47552,4.42214e+06,2.70226e+06,1.0888e+07,0,0,0,0,50.1782,61.308,1.76339,0,1,1.7148,1.58019,0,1.35395,2.1168,9.19011e+06,3.61194e+06,1.57592e+07,0,0,0,0
80.7572,85.139,2.0095,0.03,0,2.46353,2.59762,0,0.461408,4.47552,4.42214e+06,2.70226e+06,1.08941e+07,0,0,0,0,49.5211,61.308,1.60152,0,1,1.7148,1.58071,0,1.32485,2.1168,9.19011e+06,3.61194e+06,1.57592e+07,0,0,0,0
79.9294,85.139,1.76398,0.03,0,2.4649,2.59848,0,0.461665,4.47552,4.42214e+06,2.70226e+06,1.09001e+07,0,0,0,0,48.7832,61.308,1.57857,0,1,1.7148,1.58122,0,1.32485,2.1168,9.19011e+06,3.61194e+06,1.57592e+07,0,0,0,0
78.8674,85.139,1.66887,0.03,0,2.63987,2.77293,0,0.461922,4.47552,4.42214e+06,2.70226e+06,1.16739e+07,0,0,0,0,47.8767,61.308,1.46163,0,1,1.85098,1.71792,0,1.32485,2.1168,9.19011e+06,3.61194e+06,1.70107e+07,0,0,0,0
78.0241,85.139,1.96516,0.04,0,2.77384,2.77384,0,0.494712,4.47552,4.42214e+06,2.70226e+06,1.22663e+07,0,0,0,0,47.1577,61.308,1.26022,0,1,1.71849,1.71849,0,1.43007,2.1168,9.19011e+06,3.61194e+06,1.57931e+07,0,0,0,0
77.3081,85.139,2.10756,0.04,0,2.77475,2.77475,0,0.519817,4.47552,4.42214e+06,2.70226e+06,1.22703e+07,0,0,0,0,46.1224,61.308,1.55264,0,1,1.71905,1.71905,0,1.3277,2.1168,9.19011e+06,3.61194e+06,1.57983e+07,0,0,0,0
76.2385,85.139,1.74243,0.04,0,2.77566,2.77566,0,0.519987,4.47552,4.42214e+06,2.70226e+06,1.22743e+07,0,0,0,0,45.3826,61.308,1.07447,0,1,1.71962,1.71962,0,1.32814,2.1168,9.19011e+06,3.61194e+06,1.58035e+07,0,0,0,0
75.5832,85.139,2.14861,0.04,0,2.77657,2.77657,0,0.520158,4.47552,4.42214e+06,2.70226e+06,1.22784e+07,0,0,0,0,44.8043,61.308,2.07056,0,1,1.72018,1.72018,0,1.32858,2.1168,9.19011e+06,3.61194e+06,1.58086e+07,0,0,0,0
74.9992,85.139,2.0895,0.04,0,2.69273,2.69273,0,0.520329,4.47552,4.42214e+06,2.70226e+06,1.19077e+07,0,0,0,0,44.2769,61.308,1.97697,0,1,1.63795,1.63795,0,1.32901,2.1168,9.19011e+06,3.61194e+06,1.5053e+07,0,0,0,0
74.6808,85.139,2.32943,0.04,0,2.61729,2.69362,0,0.504618,4.47552,4.42214e+06,2.70226e+06,1.1574e+07,0,0,0,0,43.7084,61.308,1.79947,0,1,1.71482,1.63849,0,1.26548,2.1168,9.19011e+06,3.61194e+06,1.57594e+07,0,0,0,0
75.1241,85.139,3.11885,0.04,0,2.61871,2.6945,0,0.49048,4.47552,4.42214e+06,2.70226e+06,1.15803e+07,0,0,0,0,43.2346,61.308,2.34659,0,1,1.71482,1.63903,0,1.32487,2.1168,9.19011e+06,3.61194e+06,1.57594e+07,0,0,0,0
76.3524,85.139,3.98944,0.04,0,2.62013,2.69539,0,0.490746,4.47552,4.42214e+06,2.70226e+06,1.15866e+07,0,0,0,0,42.9948,61.308,3.52022,0,1,1.71482,1.63956,0,1.32487,2.1168,9.19011e+06,3.61194e+06,1.57594e+07,0,0,0,0
76.2518,85.139,2.65912,0.04,0,2.5519,2.62662,0,0.491013,4.47552,4.42214e+06,2.70226e+06,1.12849e+07,0,0,0,0,42.6156,61.308,2.20213,0,1,1.63936,1.56464,0,1.32487,2.1168,9.19011e+06,3.61194e+06,1.50659e+07,0,0,0,0
76.0732,85.139,2.52932,0.04,0,2.47784,2.62748,0,0.478227,4.47552,4.42214e+06,2.70226e+06,1.09574e+07,0,0,0,0,42.2346,61.308,1.9517,0,1,1.71479,1.56515,0,1.26657,2.1168,9.19011e+06,3.61194e+06,1.57591e+07,0,0,0,0
77.2511,85.139,3.92363,0.03,0,2.47922,2.62834,0,0.464347,4.47552,4.42214e+06,2.70226e+06,1.09634e+07,0,0,0,0,41.9441,61.308,2.3802,0,1,1.71479,1.56567,0,1.32485,2.1168,9.19011e+06,3.61194e+06,1.57591e+07,0,0,0,0
83.7987,85.139,9.49399,0.03,0,2.48059,2.6292,0,0.464605,4.47552,4.42214e+06,2.70226e+06,1.09695e+07,0,0,0,0,42.511,61.308,6.11155,0,1,1.71479,1.56618,0,1.32485,2.1168,9.19011e+06,3.61194e+06,1.57591e+07,0,0,0,0
85.139,85.139,4.99638,0.02,0,2.28389,2.43199,0,0.464863,4.47552,4.42214e+06,2.70226e+06,1.00997e+07,0,0,0,0,42.5127,61.308,3.35188,0,1,1.55742,1.40933,0,1.32485,2.1168,9.19011e+06,3.61194e+06,1.43129e+07,0,0,0,0
85.139,85.139,7.15486,0.02,0,2.13039,2.43279,0,0.428001,4.47552,4.42214e+06,2.70226e+06,9.42088e+06,0,0,0,0,43.0026,61.308,3.84816,0,1,1.71219,1.40979,0,1.20327,2.1168,9.19011e+06,3.61194e+06,1.57352e+07,0,0,0,0
85.139,85.139,6.60038,0.02,0,2.13119,2.43359,0,0.399235,4.47552,4.42214e+06,2.70226e+06,9.42441e+06,0,0,0,0,42.8814,61.308,2.70719,0,1,1.71265,1.41025,0,1.32284,2.1168,9.19011e+06,3.61194e+06,1.57394e+07,0,0,0,0
85.139,85.139,5.39397,0.02,0,2.13198,2.43438,0,0.399384,4.47552,4.42214e+06,2.70226e+06,9.42793e+06,0,0,0,0,42.6622,61.308,2.74809,0,1,1.71311,1.41071,0,1.32319,2.1168,9.19011e+06,3.61194e+06,1.57437e+07,0,0,0,0
85.139,85.139,5.32807,0.03,0,2.13278,2.43518,0,0.399534,4.47552,4.42214e+06,2.70226e+06,9.43146e+06,0,0,0,0,42.8062,61.308,3.62149,0,1,1.71357,1.41117,0,1.32355,2.1168,9.19011e+06,3.61194e+06,1.57479e+07,0,0,0,0
85.139,85.139,5.20749,0.03,0,2.20988,2.51228,0,0.399683,4.47552,4.42214e+06,2.70226e+06,9.77239e+06,0,0,0,0,42.793,61.308,2.77265,0,1,1.75967,1.45727,0,1.32391,2.1168,9.19011e+06,3.61194e+06,1.61716e+07,0,0,0,0
85.139,85.139,6.81428,0.04,0,2.25607,2.51308,0,0.414131,4.47552,4.42214e+06,2.70226e+06,9.97665e+06,0,0,0,0,42.5725,61.308,2.53901,0,1,1.71474,1.45774,0,1.35952,2.1168,9.19011e+06,3.61194e+06,1.57587e+07,0,0,0,0
85.139,85.139,3.56331,0.05,0,2.25733,2.51387,0,0.422787,4.47552,4.42214e+06,2.70226e+06,9.98223e+06,0,0,0,0,42.3118,61.308,2.414,0,1,1.71474,1.4582,0,1.32481,2.1168,9.19011e+06,3.61194e+06,1.57587e+07,0,0,0,0
85.139,85.139,3.39362,0.05,0,2.25859,2.51467,0,0.423023,4.47552,4.42214e+06,2.70226e+06,9.98781e+06,0,0,0,0,42.1327,61.308,2.72552,0,1,1.71474,1.45866,0,1.32481,2.1168,9.19011e+06,3.61194e+06,1.57587e+07,0,0,0,0
85.139,85.139,4.10047,0.05,0,2.50521,2.76082,0,0.42326,4.47552,4.42214e+06,2.70226e+06,1.10784e+07,0,0,0,0,41.856,61.308,2.85094,0,1,1.88631,1.63069,0,1.32481,2.1168,9.19011e+06,3.61194e+06,1.73354e+07,0,0,0,0
85.139,85.139,4.79305,0.05,0,2.67811,2.7617,0,0.469475,4.47552,4.42214e+06,2.70226e+06,1.1843e+07,0,0,0,0,41.7135,61.308,3.799,0,1,1.7148,1.6312,0,1.45736,2.1168,9.19011e+06,3.61194e+06,1.57592e+07,0,0,0,0
85.139,85.139,4.83153,0.05,0,2.6795,2.76258,0,0.501877,4.47552,4.42214e+06,2.70226e+06,1.18491e+07,0,0,0,0,41.5445,61.308,3.57177,0,1,1.7148,1.63172,0,1.32485,2.1168,9.19011e+06,3.61194e+06,1.57592e+07,0,0,0,0
85.139,85.139,4.5003,0.05,0,2.6809,2.76345,0,0.502139,4.47552,4.42214e+06,2.70226e+06,1.18553e+07,0,0,0,0,41.2388,61.308,2.72789,0,1,1.7148,1.63224,0,1.32485,2.1168,9.19011e+06,3.61194e+06,1.57592e+07,0,0,0,0
85.139,85.139,6.2889,0.05,0,2.3319,2.41394,0,0.5024,4.47552,4.42214e+06,2.70226e+06,1.0312e+07,0,0,0,0,41.4872,61.308,4.18409,0,1,1.48427,1.40223,0,1.32485,2.1168,9.19011e+06,3.61194e+06,1.36406e+07,0,0,0,0
85.139,85.139,8.37588,0.05,0,2.1123,2.4147,0,0.436997,4.47552,4.42214e+06,2.70226e+06,9.34089e+06,0,0,0,0,42.3622,61.308,7.5108,0,1,1.70507,1.40267,0,1.14674,2.1168,9.19011e+06,3.61194e+06,1.56698e+07,0,0,0,0
85.139,85.139,6.8345,0.05,0,2.11307,2.41547,0,0.395845,4.47552,4.42214e+06,2.70226e+06,9.34428e+06,0,0,0,0,42.7954,61.308,5.8683,0,1,1.70552,1.40312,0,1.31734,2.1168,9.19011e+06,3.61194e+06,1.56739e+07,0,0,0,0
85.139,85.139,6.55036,0.05,0,2.11383,2.41623,0,0.395989,4.47552,4.42214e+06,2.70226e+06,9.34768e+06,0,0,0,0,42.9879,61.308,5.07148,0,1,1.70596,1.40356,0,1.31768,2.1168,9.19011e+06,3.61194e+06,1.5678e+07,0,0,0,0
85.139,85.139,5.92061,0.05,0,2.1146,2.417,0,0.396133,4.47552,4.42214e+06,2.70226e+06,9.35107e+06,0,0,0,0,43.1384,61.308,4.76307,0,1,1.70641,1.40401,0,1.31803,2.1168,9.19011e+06,3.61194e+06,1.56821e+07,0,0,0,0
85.139,85.139,6.06352,0.05,0,2.20371,2.50611,0,0.396276,4.47552,4.42214e+06,2.70226e+06,9.74511e+06,0,0,0,0,43.443,61.308,5.08994,0,1,1.76334,1.46094,0,1.31837,2.1168,9.19011e+06,3.61194e+06,1.62053e+07,0,0,0,0
85.139,85.139,6.69088,0.05,0,2.25356,2.5069,0,0.412975,4.47552,4.42214e+06,2.70226e+06,9.96558e+06,0,0,0,0,43.7329,61.308,5.52632,0,1,1.71474,1.4614,0,1.36236,2.1168,9.19011e+06,3.61194e+06,1.57587e+07,0,0,0,0
85.139,85.139,4.72444,0.05,0,2.25482,2.5077,0,0.422318,4.47552,4.42214e+06,2.70226e+06,9.97115e+06,0,0,0,0,43.6984,61.308,3.78104,0,1,1.71474,1.46187,0,1.32481,2.1168,9.19011e+06,3.61194e+06,1.57587e+07,0,0,0,0
85.139,85.139,4.28063,0.05,0,2.25608,2.5085,0,0.422554,4.47552,4.42214e+06,2.70226e+06,9.97672e+06,0,0,0,0,43.5865,61.308,3.68382,0,1,1.71474,1.46233,0,1.32481,2.1168,9.19011e+06,3.61194e+06,1.57587e+07,0,0,0,0
85.139,85.139,4.04925,0.05,0,2.22276,2.47471,0,0.42279,4.47552,4.42214e+06,2.70226e+06,9.82935e+06,0,0,0,0,43.2964,61.308,3.00033,0,1,1.69278,1.44083,0,1.32481,2.1168,9.19011e+06,3.61194e+06,1.55568e+07,0,0,0,0
85.139,85.139,3.62752,0.05,0,2.20204,2.47549,0,0.416545,4.47552,4.42214e+06,2.70226e+06,9.73773e+06,0,0,0,0,43.0157,61.308,3.10206,0,1,1.71474,1.44129,0,1.30784,2.1168,9.19011e+06,3.61194e+06,1.57586e+07,0,0,0,0
85.139,85.139,3.68642,0.05,0,2.20328,2.47628,0,0.412662,4.47552,4.42214e+06,2.70226e+06,9.74323e+06,0,0,0,0,42.6543,61.308,2.57623,0,1,1.71474,1.44174,0,1.32481,2.1168,9.19011e+06,3.61194e+06,1.57586e+07,0,0,0,0
85.139,85.139,3.77418,0.04,0,2.20453,2.47706,0,0.412895,4.47552,4.42214e+06,2.70226e+06,9.74872e+06,0,0,0,0,42.2697,61.308,2.65661,0,1,1.71474,1.4422,0,1.32481,2.1168,9.19011e+06,3.61194e+06,1.57586e+07,0,0,0,0
85.139,85.139,2.96878,0.04,0,2.32331,2.59539,0,0.413128,4.47552,4.42214e+06,2.70226e+06,1.0274e+07,0,0,0,0,41.8489,61.308,2.49008,0,1,1.79274,1.52066,0,1.32481,2.1168,9.19011e+06,3.61194e+06,1.64754e+07,0,0,0,0
85.0886,85.139,2.64802,0.04,0,2.40259,2.59621,0,0.435388,4.47552,4.42214e+06,2.70226e+06,1.06246e+07,0,0,0,0,41.3888,61.308,2.15768,0,1,1.71476,1.52114,0,1.38507,2.1168,9.19011e+06,3.61194e+06,1.57589e+07,0,0,0,0
84.8261,85.139,2.42584,0.05,0,2.40389,2.59704,0,0.450245,4.47552,4.42214e+06,2.70226e+06,1.06304e+07,0,0,0,0,40.9024,61.308,1.99288,0,1,1.71476,1.52162,0,1.32483,2.1168,9.19011e+06,3.61194e+06,1.57589e+07,0,0,0,0
84.449,85.139,2.29559,0.04,0,2.4052,2.59786,0,0.45049,4.47552,4.42214e+06,2.70226e+06,1.06361e+07,0,0,0,0,40.3822,61.308,1.78584,0,1,1.71476,1.5221,0,1.32483,2.1168,9.19011e+06,3.61194e+06,1.57589e+07,0,0,0,0
83.9079,85.139,2.07732,0.05,0,2.40651,2.59868,0,0.450735,4.47552,4.42214e+06,2.70226e+06,1.06419e+07,0,0,0,0,39.6965,61.308,1.72286,0,1,1.71476,1.52259,0,1.32483,2.1168,9.19011e+06,3.61194e+06,1.57589e+07,0,0,0,0
83.1801,85.139,1.87326,0.03,0,2.38453,2.57623,0,0.450979,4.47552,4.42214e+06,2.70226e+06,1.05447e+07,0,0,0,0,38.9117,61.308,1.48716,0,1,1.7577,1.56601,0,1.32483,2.1168,9.19011e+06,3.61194e+06,1.61534e+07,0,0,0,0
82.3152,85.139,1.76891,0.03,0,2.42877,2.57704,0,0.446861,4.47552,4.42214e+06,2.70226e+06,1.07404e+07,0,0,0,0,38.1137,61.308,1.39136,0,1,1.71478,1.5665,0,1.358,2.1168,9.19011e+06,3.61194e+06,1.5759e+07,0,0,0,0
81.3069,85.139,1.6211,0.03,0,2.43008,2.57786,0,0.455151,4.47552,4.42214e+06,2.70226e+06,1.07462e+07,0,0,0,0,37.1758,61.308,1.39019,0,1,1.71478,1.567,0,1.32484,2.1168,9.19011e+06,3.61194e+06,1.5759e+07,0,0,0,0
80.1605,85.139,1.46587,0.03,0,2.4314,2.57868,0,0.455397,4.47552,4.42214e+06,2.70226e+06,1.0752e+07,0,0,0,0,36.2149,61.308,1.23176,0,1,1.71478,1.5675,0,1.32484,2.1168,9.19011e+06,3.61194e+06,1.5759e+07,0,0,0,0
78.8825,85.139,1.35961,0.03,0,2.49291,2.63969,0,0.455643,4.47552,4.42214e+06,2.70226e+06,1.1024e+07,0,0,0,0,35.2337,61.308,1.21612,0,1,1.75309,1.60631,0,1.32484,2.1168,9.19011e+06,3.61194e+06,1.61111e+07,0,0,0,0
77.5197,85.139,1.29842,0.04,0,2.53256,2.64053,0,0.467171,4.47552,4.42214e+06,2.70226e+06,1.11993e+07,0,0,0,0,34.2515,61.308,1.22519,0,1,1.71479,1.60682,0,1.35444,2.1168,9.19011e+06,3.61194e+06,1.57591e+07,0,0,0,0
76.0259,85.139,1.15495,0.04,0,2.5339,2.64137,0,0.474601,4.47552,4.42214e+06,2.70226e+06,1.12053e+07,0,0,0,0,33.1833,61.308,1.16015,0,1,1.71479,1.60732,0,1.32485,2.1168,9.19011e+06,3.61194e+06,1.57591e+07,0,0,0,0
74.449,85.139,1.05824,0.04,0,2.53525,2.6422,0,0.474854,4.47552,4.42214e+06,2.70226e+06,1.12112e+07,0,0,0,0,32.1224,61.308,1.07889,0,1,1.71479,1.60783,0,1.32485,2.1168,9.19011e+06,3.61194e+06,1.57591e+07,0,0,0,0
72.6587,85.139,0.965229,0.04,0,2.71311,2.81956,0,0.475106,4.47552,4.42214e+06,2.70226e+06,1.19978e+07,0,0,0,0,31.1529,61.308,1.09507,0,1,1.85326,1.74682,0,1.32485,2.1168,9.19011e+06,3.61194e+06,1.70317e+07,0,0,0,0
70.8913,85.139,1.09646,0.04,0,2.82045,2.82045,0,0.508438,4.47552,4.42214e+06,2.70226e+06,1.24724e+07,0,0,0,0,30.2193,61.308,1.21148,0,1,1.74737,1.74737,0,1.43183,2.1168,9.19011e+06,3.61194e+06,1.60585e+07,0,0,0,0
69.1053,85.139,1.06381,0.04,0,2.82135,2.82135,0,0.528553,4.47552,4.42214e+06,2.70226e+06,1.24764e+07,0,0,0,0,29.3865,61.308,1.17654,0,1,1.74792,1.74792,0,1.35002,2.1168,9.19011e+06,3.61194e+06,1.60636e+07,0,0,0,0
67.5672,85.139,1.29587,0.05,0,2.82224,2.82224,0,0.52872,4.47552,4.42214e+06,2.70226e+06,1.24803e+07,0,0,0,0,28.4677,61.308,1.30063,0,1,1.74848,1.74848,0,1.35044,2.1168,9.19011e+06,3.61194e+06,1.60687e+07,0,0,0,0
65.7455,85.139,0.997235,0.09,0,2.82313,2.82313,0,0.528888,4.47552,4.42214e+06,2.70226e+06,1.24843e+07,0,0,0,0,27.8149,61.308,1.16844,0,1,1.74903,1.74903,0,1.35087,2.1168,9.19011e+06,3.61194e+06,1.60738e+07,0,0,0,0
63.8625,85.139,0.870812,0.09,0,2.73786,2.73786,0,0.529055,4.47552,4.42214e+06,2.70226e+06,1.21072e+07,0,0,0,0,26.8749,61.308,1.68096,0,1,1.6654,1.6654,0,1.3513,2.1168,9.19011e+06,3.61194e+06,1.53052e+07,0,0,0,0
61.9531,85.139,0.792219,0.08,0,2.68986,2.73873,0,0.513076,4.47552,4.42214e+06,2.70226e+06,1.18949e+07,0,0,0,0,25.6966,61.308,1.04331,0,1,1.71481,1.66593,0,1.28669,2.1168,9.19011e+06,3.61194e+06,1.57593e+07,0,0,0,0
59.9354,85.139,0.660949,0.13,0,2.69125,2.7396,0,0.504079,4.47552,4.42214e+06,2.70226e+06,1.19011e+07,0,0,0,0,24.7016,61.308,0.92646,0,1,1.71481,1.66646,0,1.32486,2.1168,9.19011e+06,3.61194e+06,1.57593e+07,0,0,0,0
58.3763,85.139,1.22301,0.13,0,2.69265,2.74047,0,0.50434,4.47552,4.42214e+06,2.70226e+06,1.19073e+07,0,0,0,0,24.0874,61.308,1.1977,0,1,1.71481,1.66699,0,1.32486,2.1168,9.19011e+06,3.61194e+06,1.57593e+07,0,0,0,0
57.6859,85.139,2.12447,0.13,0,2.62323,2.67052,0,0.504602,4.47552,4.42214e+06,2.70226e+06,1.16003e+07,0,0,0,0,23.6759,61.308,1.6062,0,1,1.63809,1.59079,0,1.32486,2.1168,9.19011e+06,3.61194e+06,1.50542e+07,0,0,0,0
56.8336,85.139,1.8389,0.13,0,2.54788,2.67136,0,0.491593,4.47552,4.42214e+06,2.70226e+06,1.12671e+07,0,0,0,0,23.3959,61.308,2.30833,0,1,1.71478,1.5913,0,1.26559,2.1168,9.19011e+06,3.61194e+06,1.5759e+07,0,0,0,0
55.5572,85.139,1.36888,0.13,0,2.54923,2.67221,0,0.477472,4.47552,4.42214e+06,2.70226e+06,1.1273e+07,0,0,0,0,23.143,61.308,2.51427,0,1,1.71478,1.5918,0,1.32484,2.1168,9.19011e+06,3.61194e+06,1.57591e+07,0,0,0,0
54.6454,85.139,1.77913,0.14,0,2.55058,2.67306,0,0.477725,4.47552,4.42214e+06,2.70226e+06,1.1279e+07,0,0,0,0,22.7468,61.308,1.85776,0,1,1.71478,1.5923,0,1.32484,2.1168,9.19011e+06,3.61194e+06,1.57591e+07,0,0,0,0
55.7995,85.139,3.91855,0.14,0,2.35055,2.47253,0,0.477978,4.47552,4.42214e+06,2.70226e+06,1.03945e+07,0,0,0,0,22.7321,61.308,3.48672,0,1,1.55479,1.43282,0,1.32484,2.1168,9.19011e+06,3.61194e+06,1.42887e+07,0,0,0,0
56.6899,85.139,3.46896,0.15,0,2.19185,2.47331,0,0.440493,4.47552,4.42214e+06,2.70226e+06,9.69265e+06,0,0,0,0,22.9959,61.308,4.36526,0,1,1.71473,1.43327,0,1.20123,2.1168,9.19011e+06,3.61194e+06,1.57586e+07,0,0,0,0
58.2207,85.139,4.10243,0.15,0,2.19308,2.47409,0,0.410752,4.47552,4.42214e+06,2.70226e+06,9.69812e+06,0,0,0,0,23.4822,61.308,6.05686,0,1,1.71473,1.43372,0,1.3248,2.1168,9.19011e+06,3.61194e+06,1.57586e+07,0,0,0,0
58.9099,85.139,3.24257,0.15,0,2.19432,2.47488,0,0.410984,4.47552,4.42214e+06,2.70226e+06,9.70359e+06,0,0,0,0,23.1893,61.308,3.27494,0,1,1.71473,1.43418,0,1.3248,2.1168,9.19011e+06,3.61194e+06,1.57586e+07,0,0,0,0
59.425,85.139,3.04062,0.15,0,2.19556,2.47566,0,0.411215,4.47552,4.42214e+06,2.70226e+06,9.70906e+06,0,0,0,0,22.8591,61.308,2.6293,0,1,1.71473,1.43463,0,1.3248,2.1168,9.19011e+06,3.61194e+06,1.57586e+07,0,0,0,0
62.466,85.139,5.81618,0.15,0,2.27436,2.55401,0,0.411447,4.47552,4.42214e+06,2.70226e+06,1.00575e+07,0,0,0,0,23.0512,61.308,4.59819,0,1,1.76113,1.48148,0,1.3248,2.1168,9.19011e+06,3.61194e+06,1.61849e+07,0,0,0,6.97641e+07
65.7685,85.139,6.07975,0.11,0,2.32199,2.55479,0,0.426215,4.47552,4.42214e+06,2.70226e+06,1.02682e+07,0,0,0,0,23.5144,61.308,6.15675,0,1,1.71473,1.48193,0,1.36065,2.1168,9.19011e+06,3.61194e+06,1.57586e+07,0,0,0,6.97641e+07
68.8672,85.139,6.15106,0.12,0,2.32322,2.55557,0,0.43514,4.47552,4.42214e+06,2.70226e+06,1.02736e+07,0,0,0,0,23.8653,61.308,5.15685,0,1,1.71473,1.48238,0,1.3248,2.1168,9.19011e+06,3.61194e+06,1.57586e+07,0,0,0,6.97641e+07
70.9869,85.139,5.0087,0.09,0,2.32446,2.55635,0,0.435372,4.47552,4.42214e+06,2.70226e+06,1.02791e+07,0,0,0,0,23.9858,61.308,4.88507,0,1,1.71473,1.48284,0,1.3248,2.1168,9.19011e+06,3.61194e+06,1.57586e+07,0,0,0,6.97641e+07
72.5891,85.139,4.67088,0.09,0,2.57511,2.80655,0,0.435603,4.47552,4.42214e+06,2.70226e+06,1.13875e+07,0,0,0,0,24.1979,61.308,4.07924,0,1,1.88914,1.6577,0,1.3248,2.1168,9.19011e+06,3.61194e+06,1.73614e+07,0,0,0,6.97641e+07
74.3984,85.139,5.10081,0.09,0,2.75083,2.80741,0,0.482576,4.47552,4.42214e+06,2.70226e+06,1.21645e+07,0,0,0,0,24.8894,61.308,5.55138,0,1,1.71479,1.6582,0,1.45955,2.1168,9.19011e+06,3.61194e+06,1.57591e+07,0,0,0,6.97641e+07
76.278,85.139,5.31568,0.07,0,2.75219,2.80827,0,0.515505,4.47552,4.42214e+06,2.70226e+06,1.21706e+07,0,0,0,0,25.081,61.308,4.10504,0,1,1.71479,1.65871,0,1.32484,2.1168,9.19011e+06,3.61194e+06,1.57591e+07,0,0,0,6.97641e+07
81.9692,85.139,9.23282,0.06,0,2.75356,2.80913,0,0.515761,4.47552,4.42214e+06,2.70226e+06,1.21766e+07,0,0,0,0,25.3849,61.308,6.23109,0,1,1.71479,1.65922,0,1.32484,2.1168,9.19011e+06,3.61194e+06,1.57591e+07,0,0,0,6.97641e+07
83.6672,85.139,4.95455,0.04,0,2.39874,2.4538,0,0.516017,4.47552,4.42214e+06,2.70226e+06,1.06076e+07,0,0,0,0,25.8572,61.308,4.59767,0,1,1.48045,1.42539,0,1.32484,2.1168,9.19011e+06,3.61194e+06,1.36055e+07,0,0,0,6.97641e+07
85.139,85.139,6.14974,0.04,0,2.16566,2.45455,0,0.449524,4.47552,4.42214e+06,2.70226e+06,9.57686e+06,0,0,0,0,26.2857,61.308,5.72562,0,1,1.71472,1.42582,0,1.1438,2.1168,9.19011e+06,3.61194e+06,1.57584e+07,0,0,0,6.97641e+07
85.139,85.139,4.43691,0.04,0,2.16685,2.45531,0,0.405845,4.47552,4.42214e+06,2.70226e+06,9.58211e+06,0,0,0,0,26.4593,61.308,4.54008,0,1,1.71472,1.42626,0,1.32479,2.1168,9.19011e+06,3.61194e+06,1.57584e+07,0,0,0,6.97641e+07
85.139,85.139,3.95693,0.04,0,2.16803,2.45606,0,0.406067,4.47552,4.42214e+06,2.70226e+06,9.58735e+06,0,0,0,0,26.3291,61.308,3.39179,0,1,1.71472,1.42669,0,1.32479,2.1168,9.19011e+06,3.61194e+06,1.57584e+07,0,0,0,6.97641e+07
85.139,85.139,4.17688,0.04,0,2.16922,2.45681,0,0.40629,4.47552,4.42214e+06,2.70226e+06,9.5926e+06,0,0,0,0,26.4145,61.308,4.44471,0,1,1.71472,1.42713,0,1.32479,2.1168,9.19011e+06,3.61194e+06,1.57584e+07,0,0,0,6.97641e+07
85.139,85.139,4.79925,0.04,0,2.2602,2.54735,0,0.406512,4.47552,4.42214e+06,2.70226e+06,9.99494e+06,0,0,0,0,26.5308,61.308,4.49502,0,1,1.77213,1.48498,0,1.32479,2.1168,9.19011e+06,3.61194e+06,1.62861e+07,0,0,0,6.97641e+07
85.139,85.139,3.61066,0.05,0,2.31883,2.54813,0,0.423562,4.47552,4.42214e+06,2.70226e+06,1.02542e+07,0,0,0,0,26.5984,61.308,4.71222,0,1,1.71473,1.48544,0,1.36915,2.1168,9.19011e+06,3.61194e+06,1.57586e+07,0,0,0,6.97641e+07
85.139,85.139,3.30759,0.05,0,2.32007,2.54891,0,0.43455,4.47552,4.42214e+06,2.70226e+06,1.02597e+07,0,0,0,0,26.752,61.308,4.75314,0,1,1.71473,1.48589,0,1.3248,2.1168,9.19011e+06,3.61194e+06,1.57586e+07,0,0,0,6.97641e+07
85.139,85.139,3.07782,0.05,0,2.3213,2.54969,0,0.434781,4.47552,4.42214e+06,2.70226e+06,1.02651e+07,0,0,0,0,27.1807,61.308,5.90827,0,1,1.71473,1.48635,0,1.3248,2.1168,9.19011e+06,3.61194e+06,1.57586e+07,0,0,0,6.97641e+07
85.139,85.139,3.10916,0.05,0,2.28738,2.51532,0,0.435012,4.47552,4.42214e+06,2.70226e+06,1.01151e+07,0,0,0,0,27.4629,61.308,5.22565,0,1,1.69241,1.46447,0,1.3248,2.1168,9.19011e+06,3.61194e+06,1.55534e+07,0,0,0,6.97641e+07
84.9445,85.139,2.61359,0.05,0,2.26628,2.51609,0,0.428656,4.47552,4.42214e+06,2.70226e+06,1.00218e+07,0,0,0,0,27.5668,61.308,3.88134,0,1,1.71473,1.46492,0,1.30755,2.1168,9.19011e+06,3.61194e+06,1.57585e+07,0,0,0,6.97641e+07
84.5511,85.139,2.35029,0.07,0,2.2675,2.51686,0,0.424701,4.47552,4.42214e+06,2.70226e+06,1.00272e+07,0,0,0,0,27.4922,61.308,3.51448,0,1,1.71473,1.46537,0,1.3248,2.1168,9.19011e+06,3.61194e+06,1.57585e+07,0,0,0,6.97641e+07
84.1227,85.139,2.26378,0.07,0,2.26871,2.51762,0,0.424929,4.47552,4.42214e+06,2.70226e+06,1.00326e+07,0,0,0,0,27.4378,61.308,3.66488,0,1,1.71473,1.46582,0,1.3248,2.1168,9.19011e+06,3.61194e+06,1.57585e+07,0,0,0,6.97641e+07
83.4803,85.139,2.12954,0.07,0,2.3894,2.63786,0,0.425157,4.47552,4.42214e+06,2.70226e+06,1.05662e+07,0,0,0,0,27.3184,61.308,3.41578,0,1,1.794,1.54554,0,1.3248,2.1168,9.19011e+06,3.61194e+06,1.64871e+07,0,0,0,6.97641e+07
82.6779,85.139,1.99589,0.07,0,2.46992,2.63866,0,0.447773,4.47552,4.42214e+06,2.70226e+06,1.09223e+07,0,0,0,0,27.0957,61.308,3.06541,0,1,1.71475,1.54601,0,1.38605,2.1168,9.19011e+06,3.61194e+06,1.57588e+07,0,0,0,6.97641e+07
81.6812,85.139,1.78562,0.07,0,2.4712,2.63947,0,0.462864,4.47552,4.42214e+06,2.70226e+06,1.0928e+07,0,0,0,0,26.8312,61.308,2.8213,0,1,1.71475,1.54648,0,1.32482,2.1168,9.19011e+06,3.61194e+06,1.57588e+07,0,0,0,6.97641e+07
80.6581,85.139,1.74542,0.05,0,2.47248,2.64028,0,0.463103,4.47552,4.42214e+06,2.70226e+06,1.09337e+07,0,0,0,0,26.5231,61.308,2.55065,0,1,1.71475,1.54696,0,1.32482,2.1168,9.19011e+06,3.61194e+06,1.57588e+07,0,0,0,6.97641e+07
79.4424,85.139,1.52599,0.05,0,2.47376,2.64108,0,0.463343,4.47552,4.42214e+06,2.70226e+06,1.09393e+07,0,0,0,0,26.1736,61.308,2.37975,0,1,1.71475,1.54743,0,1.32482,2.1168,9.19011e+06,3.61194e+06,1.57588e+07,0,0,0,6.97641e+07
79.0335,85.139,2.27869,0.07,0,2.45138,2.61823,0,0.463583,4.47552,4.42214e+06,2.70226e+06,1.08403e+07,0,0,0,0,25.8942,61.308,3.0658,0,1,1.75839,1.59154,0,1.32482,2.1168,9.19011e+06,3.61194e+06,1.61598e+07,0,0,0,6.97641e+07
78.5723,85.139,2.25162,0.06,0,2.49629,2.61903,0,0.459388,4.47552,4.42214e+06,2.70226e+06,1.10389e+07,0,0,0,0,25.6216,61.308,3.07948,0,1,1.71477,1.59202,0,1.35853,2.1168,9.19011e+06,3.61194e+06,1.57589e+07,0,0,0,6.97641e+07
77.977,85.139,2.10281,0.06,0,2.49757,2.61983,0,0.467804,4.47552,4.42214e+06,2.70226e+06,1.10446e+07,0,0,0,0,25.2988,61.308,2.7511,0,1,1.71477,1.59251,0,1.32483,2.1168,9.19011e+06,3.61194e+06,1.57589e+07,0,0,0,6.97641e+07
77.3238,85.139,2.0277,0.05,0,2.49886,2.62063,0,0.468045,4.47552,4.42214e+06,2.70226e+06,1.10503e+07,0,0,0,0,24.9558,61.308,2.60666,0,1,1.71477,1.593,0,1.32483,2.1168,9.19011e+06,3.61194e+06,1.57589e+07,0,0,0,6.97641e+07
76.44,85.139,1.81301,0.04,0,2.56133,2.68261,0,0.468286,4.47552,4.42214e+06,2.70226e+06,1.13265e+07,0,0,0,0,24.5284,61.308,2.29842,0,1,1.7537,1.63242,0,1.32483,2.1168,9.19011e+06,3.61194e+06,1.61167e+07,0,0,0,6.97641e+07
75.5924,85.139,1.91291,0.04,0,2.60157,2.68343,0,0.479992,4.47552,4.42214e+06,2.70226e+06,1.15045e+07,0,0,0,0,24.1933,61.308,2.67514,0,1,1.71478,1.63292,0,1.35491,2.1168,9.19011e+06,3.61194e+06,1.5759e+07,0,0,0,6.97641e+07
74.5895,85.139,1.72712,0.04,0,2.60289,2.68425,0,0.487534,4.47552,4.42214e+06,2.70226e+06,1.15103e+07,0,0,0,0,23.7577,61.308,2.61901,0,1,1.71478,1.63342,0,1.32484,2.1168,9.19011e+06,3.61194e+06,1.5759e+07,0,0,0,6.97641e+07
73.4458,85.139,1.57328,0.04,0,2.60421,2.68507,0,0.487781,4.47552,4.42214e+06,2.70226e+06,1.15162e+07,0,0,0,0,23.2906,61.308,2.25239,0,1,1.71478,1.63392,0,1.32484,2.1168,9.19011e+06,3.61194e+06,1.5759e+07,0,0,0,6.97641e+07
72.2987,85.139,1.70479,0.05,0,2.7849,2.86527,0,0.488028,4.47552,4.42214e+06,2.70226e+06,1.23152e+07,0,0,0,0,22.9063,61.308,2.80299,0,1,1.8555,1.77513,0,1.32484,2.1168,9.19011e+06,3.61194e+06,1.70522e+07,0,0,0,6.97641e+07
70.7196,85.139,1.34699,0.06,0,2.86614,2.86614,0,0.521891,4.47552,4.42214e+06,2.70226e+06,1.26745e+07,0,0,0,0,22.3594,61.308,1.87045,0,1,1.77567,1.77567,0,1.43356,2.1168,9.19011e+06,3.61194e+06,1.63186e+07,0,0,0,6.97641e+07
69.3064,85.139,1.51724,0.06,0,2.86702,2.86702,0,0.537115,4.47552,4.42214e+06,2.70226e+06,1.26783e+07,0,0,0,0,21.8955,61.308,2.33911,0,1,1.77622,1.77622,0,1.37189,2.1168,9.19011e+06,3.61194e+06,1.63236e+07,0,0,0,6.97641e+07
67.6072,85.139,1.22276,0.07,0,2.86789,2.86789,0,0.537279,4.47552,4.42214e+06,2.70226e+06,1.26822e+07,0,0,0,0,21.3127,61.308,1.68181,0,1,1.77676,1.77676,0,1.3723,2.1168,9.19011e+06,3.61194e+06,1.63286e+07,0,0,0,6.97641e+07
66.1897,85.139,1.47822,0.11,0,2.86877,2.86877,0,0.537443,4.47552,4.42214e+06,2.70226e+06,1.26861e+07,0,0,0,0,20.9479,61.308,2.96063,0,1,1.7773,1.7773,0,1.37272,2.1168,9.19011e+06,3.61194e+06,1.63336e+07,0,0,0,6.97641e+07
64.7836,85.139,1.51474,0.11,0,2.78209,2.78209,0,0.537607,4.47552,4.42214e+06,2.70226e+06,1.23028e+07,0,0,0,0,20.6868,61.308,3.24817,0,1,1.6923,1.6923,0,1.37314,2.1168,9.19011e+06,3.61194e+06,1.55525e+07,0,0,0,6.97641e+07
63.7277,85.139,1.85709,0.11,0,2.76096,2.78294,0,0.521363,4.47552,4.42214e+06,2.70226e+06,1.22093e+07,0,0,0,0,20.606,61.308,4.07654,0,1,1.7148,1.69282,0,1.30747,2.1168,9.19011e+06,3.61194e+06,1.57592e+07,0,0,0,6.97641e+07
62.3782,85.139,1.54906,0.11,0,2.76232,2.78378,0,0.517404,4.47552,4.42214e+06,2.70226e+06,1.22154e+07,0,0,0,0,20.8285,61.308,6.7198,0,1,1.7148,1.69334,0,1.32485,2.1168,9.19011e+06,3.61194e+06,1.57592e+07,0,0,0,6.97641e+07
60.803,85.139,1.30382,0.13,0,2.76369,2.78463,0,0.51766,4.47552,4.42214e+06,2.70226e+06,1.22214e+07,0,0,0,0,20.558,61.308,3.50031,0,1,1.7148,1.69385,0,1.32485,2.1168,9.19011e+06,3.61194e+06,1.57592e+07,0,0,0,6.97641e+07
59.4284,85.139,1.40351,0.13,0,2.6931,2.71353,0,0.517916,4.47552,4.42214e+06,2.70226e+06,1.19093e+07,0,0,0,0,20.3587,61.308,3.21623,0,1,1.63684,1.61641,0,1.32485,2.1168,9.19011e+06,3.61194e+06,1.50427e+07,0,0,0,6.97641e+07
58.0197,85.139,1.29284,0.14,0,2.61649,2.71436,0,0.504687,4.47552,4.42214e+06,2.70226e+06,1.15705e+07,0,0,0,0,19.9978,61.308,2.00485,0,1,1.71477,1.61691,0,1.26462,2.1168,9.19011e+06,3.61194e+06,1.5759e+07,0,0,0,6.97641e+07
56.4201,85.139,1.06639,0.14,0,2.61781,2.71518,0,0.49033,4.47552,4.42214e+06,2.70226e+06,1.15763e+07,0,0,0,0,19.5787,61.308,2.08104,0,1,1.71477,1.6174,0,1.32483,2.1168,9.19011e+06,3.61194e+06,1.5759e+07,0,0,0,6.97641e+07
56.3597,85.139,2.73153,0.15,0,2.61913,2.71601,0,0.490578,4.47552,4.42214e+06,2.70226e+06,1.15822e+07,0,0,0,0,19.9674,61.308,6.39059,0,1,1.71477,1.61789,0,1.32483,2.1168,9.19011e+06,3.61194e+06,1.5759e+07,0,0,0,6.97641e+07
56.8826,85.139,3.218,0.15,0,2.41584,2.51223,0,0.490825,4.47552,4.42214e+06,2.70226e+06,1.06832e+07,0,0,0,0,20.8474,61.308,4.91709,0,1,1.55221,1.45582,0,1.32483,2.1168,9.19011e+06,3.61194e+06,1.4265e+07,0,0,0,6.97641e+07
55.9876,85.139,1.6059,0.14,0,2.25454,2.513,0,0.452729,4.47552,4.42214e+06,2.70226e+06,9.96991e+06,0,0,0,0,20.5876,61.308,2.99274,0,1,1.71472,1.45627,0,1.19924,2.1168,9.19011e+06,3.61194e+06,1.57585e+07,0,0,0,6.97641e+07
55.8288,85.139,2.36054,0.16,0,2.25575,2.51377,0,0.422501,4.47552,4.42214e+06,2.70226e+06,9.97526e+06,0,0,0,0,20.4395,61.308,3.34557,0,1,1.71472,1.45671,0,1.3248,2.1168,9.19011e+06,3.61194e+06,1.57585e+07,0,0,0,6.97641e+07
54.7456,85.139,1.39716,0.16,0,2.25696,2.51453,0,0.422728,4.47552,4.42214e+06,2.70226e+06,9.98062e+06,0,0,0,0,20.2121,61.308,2.85325,0,1,1.71472,1.45716,0,1.3248,2.1168,9.19011e+06,3.61194e+06,1.57585e+07,0,0,0,6.97641e+07
53.4742,85.139,1.21393,0.17,0,2.25818,2.5153,0,0.422955,4.47552,4.42214e+06,2.70226e+06,9.98597e+06,0,0,0,0,19.8508,61.308,2.45231,0,1,1.71472,1.4576,0,1.3248,2.1168,9.19011e+06,3.61194e+06,1.57585e+07,0,0,0,6.97641e+07
52.5231,85.139,1.58699,0.17,0,2.33819,2.59487,0,0.423182,4.47552,4.42214e+06,2.70226e+06,1.03398e+07,0,0,0,0,19.6594,61.308,2.93967,0,1,1.76186,1.50518,0,1.3248,2.1168,9.19011e+06,3.61194e+06,1.61917e+07,0,0,0,6.97641e+07
52.1636,85.139,2.33094,0.18,0,2.38654,2.59563,0,0.438177,4.47552,4.42214e+06,2.70226e+06,1.05536e+07,0,0,0,0,19.6459,61.308,3.28642,0,1,1.71472,1.50562,0,1.36121,2.1168,9.19011e+06,3.61194e+06,1.57585e+07,0,0,0,6.97641e+07
52.6717,85.139,3.2439,0.21,0,2.38774,2.5964,0,0.447237,4.47552,4.42214e+06,2.70226e+06,1.05589e+07,0,0,0,0,20.1002,61.308,4.28911,0,1,1.71472,1.50607,0,1.3248,2.1168,9.19011e+06,3.61194e+06,1.57585e+07,0,0,0,6.97641e+07
56.7483,85.139,6.85858,0.22,0,2.38895,2.59716,0,0.447463,4.47552,4.42214e+06,2.70226e+06,1.05643e+07,0,0,0,0,20.9587,61.308,5.76783,0,1,1.71472,1.50651,0,1.3248,2.1168,9.19011e+06,3.61194e+06,1.57585e+07,0,0,0,6.97641e+07
60.8054,85.139,7.16586,0.22,0,2.64355,2.85132,0,0.447689,4.47552,4.42214e+06,2.70226e+06,1.16902e+07,0,0,0,0,22.0826,61.308,6.10863,0,1,1.89191,1.68414,0,1.3248,2.1168,9.19011e+06,3.61194e+06,1.73869e+07,0,0,0,6.97641e+07
62.2476,85.139,4.61027,0.19,0,2.82202,2.85216,0,0.495402,4.47552,4.42214e+06,2.70226e+06,1.24794e+07,0,0,0,0,22.7472,61.308,5.44195,0,1,1.71478,1.68464,0,1.46169,2.1168,9.19011e+06,3.61194e+06,1.5759e+07,0,0,0,6.97641e+07
63.1281,85.139,4.12948,0.21,0,2.82336,2.853,0,0.528847,4.47552,4.42214e+06,2.70226e+06,1.24853e+07,0,0,0,0,23.1081,61.308,4.80919,0,1,1.71478,1.68513,0,1.32484,2.1168,9.19011e+06,3.61194e+06,1.5759e+07,0,0,0,6.97641e+07
63.8675,85.139,3.93488,0.16,0,2.82469,2.85384,0,0.529097,4.47552,4.42214e+06,2.70226e+06,1.24912e+07,0,0,0,0,23.5912,61.308,5.10326,0,1,1.71478,1.68563,0,1.32484,2.1168,9.19011e+06,3.61194e+06,1.5759e+07,0,0,0,6.97641e+07
65.2194,85.139,4.24785,0.16,0,2.46418,2.49283,0,0.529348,4.47552,4.42214e+06,2.70226e+06,1.0897e+07,0,0,0,0,24.3758,61.308,5.14152,0,1,1.47671,1.44806,0,1.32484,2.1168,9.19011e+06,3.61194e+06,1.35711e+07,0,0,0,6.97641e+07
69.8549,85.139,7.35262,0.17,0,2.22734,2.49357,0,0.461787,4.47552,4.42214e+06,2.70226e+06,9.84963e+06,0,0,0,0,25.9993,61.308,7.79313,0,1,1.71471,1.44848,0,1.14091,2.1168,9.19011e+06,3.61194e+06,1.57583e+07,0,0,0,6.97641e+07
72.9716,85.139,5.81943,0.15,0,2.2285,2.4943,0,0.417404,4.47552,4.42214e+06,2.70226e+06,9.85476e+06,0,0,0,0,26.5523,61.308,4.89164,0,1,1.71471,1.44891,0,1.32478,2.1168,9.19011e+06,3.61194e+06,1.57583e+07,0,0,0,6.97641e+07
75.3728,85.139,5.10777,0.16,0,2.22966,2.49503,0,0.417622,4.47552,4.42214e+06,2.70226e+06,9.85989e+06,0,0,0,0,27.2565,61.308,4.8939,0,1,1.71471,1.44934,0,1.32478,2.1168,9.19011e+06,3.61194e+06,1.57583e+07,0,0,0,6.97641e+07
81.7289,85.139,9.3674,0.13,0,2.23082,2.49577,0,0.417839,4.47552,4.42214e+06,2.70226e+06,9.86502e+06,0,0,0,0,28.7179,61.308,8.49493,0,1,1.71471,1.44976,0,1.32478,2.1168,9.19011e+06,3.61194e+06,1.57583e+07,0,0,0,6.97641e+07
85.139,85.139,7.56056,0.08,0,2.3232,2.58772,0,0.418057,4.47552,4.42214e+06,2.70226e+06,1.02735e+07,0,0,0,0,29.2265,61.308,5.00475,0,1,1.77303,1.50852,0,1.32478,2.1168,9.19011e+06,3.61194e+06,1.62944e+07,0,0,0,6.97641e+07
85.139,85.139,7.6078,0.05,0,2.38272,2.58848,0,0.435368,4.47552,4.42214e+06,2.70226e+06,1.05367e+07,0,0,0,0,30.3242,61.308,6.52853,0,1,1.71472,1.50896,0,1.36984,2.1168,9.19011e+06,3.61194e+06,1.57585e+07,0,0,0,6.97641e+07
85.139,85.139,6.56191,0.05,0,2.38392,2.58924,0,0.446521,4.47552,4.42214e+06,2.70226e+06,1.0542e+07,0,0,0,0,31.596,61.308,7.80788,0,1,1.71472,1.5094,0,1.3248,2.1168,9.19011e+06,3.61194e+06,1.57585e+07,0,0,0,6.97641e+07
85.139,85.139,4.85856,0.06,0,2.38513,2.59,0,0.446747,4.47552,4.42214e+06,2.70226e+06,1.05474e+07,0,0,0,0,32.251,61.308,5.70063,0,1,1.71472,1.50985,0,1.3248,2.1168,9.19011e+06,3.61194e+06,1.57585e+07,0,0,0,6.97641e+07
85.139,85.139,3.85955,0.06,0,2.35062,2.55506,0,0.446973,4.47552,4.42214e+06,2.70226e+06,1.03948e+07,0,0,0,0,32.4106,61.308,4.00258,0,1,1.69204,1.48761,0,1.3248,2.1168,9.19011e+06,3.61194e+06,1.55501e+07,0,0,0,6.97641e+07
85.139,85.139,3.17405,0.06,0,2.32914,2.55581,0,0.440507,4.47552,4.42214e+06,2.70226e+06,1.02998e+07,0,0,0,0,32.2161,61.308,2.73641,0,1,1.71472,1.48805,0,1.30727,2.1168,9.19011e+06,3.61194e+06,1.57584e+07,0,0,0,6.97641e+07
85.139,85.139,4.85626,0.05,0,2.33033,2.55656,0,0.436481,4.47552,4.42214e+06,2.70226e+06,1.0305e+07,0,0,0,0,32.1579,61.308,3.20556,0,1,1.71472,1.48849,0,1.32479,2.1168,9.19011e+06,3.61194e+06,1.57584e+07,0,0,0,6.97641e+07
85.139,85.139,3.29169,0.05,0,2.33152,2.55731,0,0.436704,4.47552,4.42214e+06,2.70226e+06,1.03103e+07,0,0,0,0,32.001,61.308,2.83597,0,1,1.71472,1.48892,0,1.32479,2.1168,9.19011e+06,3.61194e+06,1.57584e+07,0,0,0,6.97641e+07
85.0751,85.139,2.80323,0.05,0,2.45406,2.67941,0,0.436927,4.47552,4.42214e+06,2.70226e+06,1.08522e+07,0,0,0,0,31.7487,61.308,2.43754,0,1,1.79524,1.56988,0,1.32479,2.1168,9.19011e+06,3.61194e+06,1.64985e+07,0,0,0,6.97641e+07
85.139,85.139,3.25486,0.07,0,2.5358,2.6802,0,0.45989,4.47552,4.42214e+06,2.70226e+06,1.12137e+07,0,0,0,0,31.5634,61.308,2.55859,0,1,1.71474,1.57035,0,1.387,2.1168,9.19011e+06,3.61194e+06,1.57587e+07,0,0,0,6.97641e+07
85.139,85.139,2.91182,0.04,0,2.53705,2.68099,0,0.47521,4.47552,4.42214e+06,2.70226e+06,1.12192e+07,0,0,0,0,31.2535,61.308,2.40445,0,1,1.71474,1.57081,0,1.32481,2.1168,9.19011e+06,3.61194e+06,1.57587e+07,0,0,0,6.97641e+07
85.0115,85.139,2.734,0.04,0,2.5383,2.68178,0,0.475444,4.47552,4.42214e+06,2.70226e+06,1.12247e+07,0,0,0,0,30.9626,61.308,2.43038,0,1,1.71474,1.57127,0,1.32481,2.1168,9.19011e+06,3.61194e+06,1.57587e+07,0,0,0,6.97641e+07
84.7823,85.139,2.62464,0.05,0,2.53955,2.68256,0,0.475678,4.47552,4.42214e+06,2.70226e+06,1.12303e+07,0,0,0,0,30.6822,61.308,2.34598,0,1,1.71474,1.57173,0,1.32481,2.1168,9.19011e+06,3.61194e+06,1.57587e+07,0,0,0,6.97641e+07
84.3163,85.139,2.29002,0.05,0,2.51677,2.65932,0,0.475912,4.47552,4.42214e+06,2.70226e+06,1.11295e+07,0,0,0,0,30.3,61.308,2.04802,0,1,1.75906,1.61652,0,1.32481,2.1168,9.19011e+06,3.61194e+06,1.6166e+07,0,0,0,6.97641e+07
83.6224,85.139,2.06781,0.04,0,2.56234,2.6601,0,0.471643,4.47552,4.42214e+06,2.70226e+06,1.1331e+07,0,0,0,0,29.8664,61.308,1.84987,0,1,1.71476,1.61699,0,1.35905,2.1168,9.19011e+06,3.61194e+06,1.57588e+07,0,0,0,6.97641e+07
82.7559,85.139,1.89162,0.03,0,2.56359,2.66088,0,0.480182,4.47552,4.42214e+06,2.70226e+06,1.13366e+07,0,0,0,0,29.4031,61.308,1.84776,0,1,1.71476,1.61747,0,1.32482,2.1168,9.19011e+06,3.61194e+06,1.57588e+07,0,0,0,6.97641e+07
81.7232,85.139,1.71076,0.04,0,2.56485,2.66166,0,0.480417,4.47552,4.42214e+06,2.70226e+06,1.13421e+07,0,0,0,0,28.9205,61.308,1.63971,0,1,1.71476,1.61794,0,1.32482,2.1168,9.19011e+06,3.61194e+06,1.57588e+07,0,0,0,6.97641e+07
80.5902,85.139,1.6206,0.04,0,2.62824,2.72458,0,0.480653,4.47552,4.42214e+06,2.70226e+06,1.16225e+07,0,0,0,0,28.212,61.308,1.63542,0,1,1.7543,1.65796,0,1.32482,2.1168,9.19011e+06,3.61194e+06,1.61222e+07,0,0,0,6.97641e+07
79.2256,85.139,1.42262,0.04,0,2.66907,2.72538,0,0.492533,4.47552,4.42214e+06,2.70226e+06,1.1803e+07,0,0,0,0,27.3862,61.308,1.34656,0,1,1.71477,1.65845,0,1.35537,2.1168,9.19011e+06,3.61194e+06,1.57589e+07,0,0,0,6.97641e+07
77.7834,85.139,1.32023,0.04,0,2.67035,2.72618,0,0.500183,4.47552,4.42214e+06,2.70226e+06,1.18087e+07,0,0,0,0,26.3787,61.308,1.30926,0,1,1.71477,1.65894,0,1.32483,2.1168,9.19011e+06,3.61194e+06,1.57589e+07,0,0,0,6.97641e+07
76.2373,85.139,1.2021,0.04,0,2.67164,2.72699,0,0.500424,4.47552,4.42214e+06,2.70226e+06,1.18144e+07,0,0,0,0,25.698,61.308,1.13077,0,1,1.71477,1.65943,0,1.32483,2.1168,9.19011e+06,3.61194e+06,1.57589e+07,0,0,0,6.97641e+07
74.7585,85.139,1.40296,0.04,0,2.85511,2.90996,0,0.500666,4.47552,4.42214e+06,2.70226e+06,1.26257e+07,0,0,0,0,24.708,61.308,1.59655,0,1,1.85768,1.80282,0,1.32483,2.1168,9.19011e+06,3.61194e+06,1.70723e+07,0,0,0,6.97641e+07
72.5593,85.139,0.709686,0.04,0,2.91082,2.91082,0,0.535047,4.47552,4.42214e+06,2.70226e+06,1.2872e+07,0,0,0,0,23.7402,61.308,1.06252,0,1,1.80335,1.80335,0,1.43524,2.1168,9.19011e+06,3.61194e+06,1.6573e+07,0,0,0,6.97641e+07
70.5119,85.139,0.849866,0.07,0,2.91167,2.91167,0,0.545487,4.47552,4.42214e+06,2.70226e+06,1.28758e+07,0,0,0,0,22.8663,61.308,1.14712,0,1,1.80388,1.80388,0,1.39327,2.1168,9.19011e+06,3.61194e+06,1.65779e+07,0,0,0,6.97641e+07
68.8099,85.139,1.23293,0.07,0,2.91253,2.91253,0,0.545648,4.47552,4.42214e+06,2.70226e+06,1.28796e+07,0,0,0,0,21.9605,61.308,1.28927,0,1,1.80441,1.80441,0,1.39368,2.1168,9.19011e+06,3.61194e+06,1.65828e+07,0,0,0,6.97641e+07
66.7603,85.139,0.865139,0.08,0,2.91338,2.91338,0,0.545808,4.47552,4.42214e+06,2.70226e+06,1.28834e+07,0,0,0,0,21.3131,61.308,1.14093,0,1,1.80494,1.80494,0,1.39409,2.1168,9.19011e+06,3.61194e+06,1.65876e+07,0,0,0,6.97641e+07
65.4927,85.139,1.50911,0.11,0,2.82532,2.82532,0,0.545968,4.47552,4.42214e+06,2.70226e+06,1.2494e+07,0,0,0,0,20.9197,61.308,3.08612,0,1,1.7186,1.7186,0,1.3945,2.1168,9.19011e+06,3.61194e+06,1.57942e+07,0,0,0,6.97641e+07
63.6222,85.139,0.875108,0.12,0,2.82615,2.82615,0,0.529466,4.47552,4.42214e+06,2.70226e+06,1.24976e+07,0,0,0,0,20.2243,61.308,1.51482,0,1,1.71911,1.71911,0,1.32779,2.1168,9.19011e+06,3.61194e+06,1.57988e+07,0,0,0,6.97641e+07
61.7461,85.139,0.847823,0.12,0,2.82698,2.82698,0,0.529621,4.47552,4.42214e+06,2.70226e+06,1.25013e+07,0,0,0,0,19.5589,61.308,1.38735,0,1,1.71961,1.71961,0,1.32818,2.1168,9.19011e+06,3.61194e+06,1.58034e+07,0,0,0,6.97641e+07
60.5793,85.139,1.74199,0.14,0,2.82781,2.82781,0,0.529777,4.47552,4.42214e+06,2.70226e+06,1.2505e+07,0,0,0,0,19.1789,61.308,2.12581,0,1,1.72012,1.72012,0,1.32857,2.1168,9.19011e+06,3.61194e+06,1.58081e+07,0,0,0,6.97641e+07
60.3321,85.139,2.60473,0.14,0,2.75557,2.75557,0,0.529932,4.47552,4.42214e+06,2.70226e+06,1.21855e+07,0,0,0,0,18.6434,61.308,2.37135,0,1,1.64146,1.64146,0,1.32896,2.1168,9.19011e+06,3.61194e+06,1.50852e+07,0,0,0,6.97641e+07
58.4934,85.139,0.860272,0.14,0,2.68356,2.75638,0,0.516394,4.47552,4.42214e+06,2.70226e+06,1.18671e+07,0,0,0,0,18.0224,61.308,1.30776,0,1,1.71476,1.64194,0,1.26819,2.1168,9.19011e+06,3.61194e+06,1.57588e+07,0,0,0,6.97641e+07
57.0311,85.139,1.2572,0.14,0,2.68485,2.75719,0,0.502899,4.47552,4.42214e+06,2.70226e+06,1.18728e+07,0,0,0,0,17.5441,61.308,2.0891,0,1,1.71476,1.64242,0,1.32482,2.1168,9.19011e+06,3.61194e+06,1.57589e+07,0,0,0,6.97641e+07
56.7303,85.139,2.47319,0.14,0,2.68614,2.758,0,0.503141,4.47552,4.42214e+06,2.70226e+06,1.18785e+07,0,0,0,0,17.3328,61.308,2.64477,0,1,1.71476,1.6429,0,1.32483,2.1168,9.19011e+06,3.61194e+06,1.57589e+07,0,0,0,6.97641e+07
56.6782,85.139,2.55875,0.15,0,2.47966,2.55104,0,0.503383,4.47552,4.42214e+06,2.70226e+06,1.09654e+07,0,0,0,0,17.1325,61.308,2.64606,0,1,1.54969,1.47831,0,1.32483,2.1168,9.19011e+06,3.61194e+06,1.42418e+07,0,0,0,6.97641e+07
57.0555,85.139,2.9784,0.15,0,2.31582,2.55179,0,0.464689,4.47552,4.42214e+06,2.70226e+06,1.02409e+07,0,0,0,0,16.8582,61.308,4.00531,0,1,1.71471,1.47875,0,1.19729,2.1168,9.19011e+06,3.61194e+06,1.57584e+07,0,0,0,6.97641e+07
56.8386,85.139,2.42317,0.15,0,2.31701,2.55254,0,0.433985,4.47552,4.42214e+06,2.70226e+06,1.02461e+07,0,0,0,0,16.5587,61.308,3.20852,0,1,1.71471,1.47918,0,1.32479,2.1168,9.19011e+06,3.61194e+06,1.57584e+07,0,0,0,6.97641e+07
55.5448,85.139,1.23199,0.15,0,2.31819,2.55329,0,0.434207,4.47552,4.42214e+06,2.70226e+06,1.02514e+07,0,0,0,0,16.106,61.308,2.02975,0,1,1.71471,1.47962,0,1.32479,2.1168,9.19011e+06,3.61194e+06,1.57584e+07,0,0,0,6.97641e+07
55.5619,85.139,2.54152,0.17,0,2.31937,2.55404,0,0.434429,4.47552,4.42214e+06,2.70226e+06,1.02566e+07,0,0,0,0,15.7145,61.308,3.37436,0,1,1.71471,1.48005,0,1.32479,2.1168,9.19011e+06,3.61194e+06,1.57584e+07,0,0,0,6.97641e+07
57.072,85.139,4.22724,0.19,0,2.40057,2.6348,0,0.43465,4.47552,4.42214e+06,2.70226e+06,1.06157e+07,0,0,0,0,16.3584,61.308,5.83433,0,1,1.76257,1.52834,0,1.32479,2.1168,9.19011e+06,3.61194e+06,1.61983e+07,0,0,0,6.97641e+07
61.3027,85.139,7.10532,0.18,0,2.44961,2.63555,0,0.449867,4.47552,4.42214e+06,2.70226e+06,1.08325e+07,0,0,0,0,16.7152,61.308,5.43198,0,1,1.71471,1.52878,0,1.36176,2.1168,9.19011e+06,3.61194e+06,1.57584e+07,0,0,0,6.97641e+07
67.1334,85.139,9.04198,0.18,0,2.45079,2.63629,0,0.459058,4.47552,4.42214e+06,2.70226e+06,1.08377e+07,0,0,0,0,17.824,61.308,10.3099,0,1,1.71471,1.52921,0,1.32479,2.1168,9.19011e+06,3.61194e+06,1.57584e+07,0,0,0,6.97641e+07
71.3307,85.139,7.39763,0.16,0,2.45197,2.63704,0,0.459278,4.47552,4.42214e+06,2.70226e+06,1.0843e+07,0,0,0,0,19.2219,61.308,7.09198,0,1,1.71471,1.52964,0,1.32479,2.1168,9.19011e+06,3.61194e+06,1.57584e+07,0,0,0,6.97641e+07
75.7533,85.139,7.83658,0.12,0,2.71043,2.89507,0,0.459499,4.47552,4.42214e+06,2.70226e+06,1.19859e+07,0,0,0,0,19.5922,61.308,5.20396,0,1,1.89462,1.70998,0,1.32479,2.1168,9.19011e+06,3.61194e+06,1.74117e+07,0,0,0,6.97641e+07
79.3985,85.139,7.2793,0.08,0,2.89159,2.89589,0,0.507935,4.47552,4.42214e+06,2.70226e+06,1.2787e+07,0,0,0,0,20.9128,61.308,6.46603,0,1,1.71476,1.71046,0,1.46378,2.1168,9.19011e+06,3.61194e+06,1.57589e+07,0,0,0,6.97641e+07
83.6557,85.139,7.80626,0.08,0,2.89289,2.89671,0,0.541884,4.47552,4.42214e+06,2.70226e+06,1.27928e+07,0,0,0,0,22.1536,61.308,6.69202,0,1,1.71476,1.71095,0,1.32483,2.1168,9.19011e+06,3.61194e+06,1.57589e+07,0,0,0,6.97641e+07
85.139,85.139,6.66506,0.06,0,2.89419,2.89753,0,0.542128,4.47552,4.42214e+06,2.70226e+06,1.27985e+07,0,0,0,0,23.4259,61.308,6.80994,0,1,1.71476,1.71143,0,1.32483,2.1168,9.19011e+06,3.61194e+06,1.57589e+07,0,0,0,6.97641e+07
85.139,85.139,6.06619,0.04,0,2.52811,2.53096,0,0.542372,4.47552,4.42214e+06,2.70226e+06,1.11797e+07,0,0,0,0,24.7296,61.308,5.86921,0,1,1.47306,1.47021,0,1.32483,2.1168,9.19011e+06,3.61194e+06,1.35376e+07,0,0,0,6.97641e+07
85.139,85.139,2.91193,0.04,0,2.28761,2.53168,0,0.473768,4.47552,4.42214e+06,2.70226e+06,1.01161e+07,0,0,0,0,24.5393,61.308,2.32523,0,1,1.7147,1.47062,0,1.13808,2.1168,9.19011e+06,3.61194e+06,1.57582e+07,0,0,0,6.97641e+07
85.0413,85.139,2.7596,0.04,0,2.28874,2.53239,0,0.428697,4.47552,4.42214e+06,2.70226e+06,1.01211e+07,0,0,0,0,24.3754,61.308,2.46652,0,1,1.7147,1.47104,0,1.32477,2.1168,9.19011e+06,3.61194e+06,1.57582e+07,0,0,0,6.97641e+07
85.139,85.139,7.82492,0.09,0,2.28987,2.53311,0,0.428909,4.47552,4.42214e+06,2.70226e+06,1.01261e+07,0,0,0,0,25.098,61.308,5.24335,0,1,1.7147,1.47145,0,1.32477,2.1168,9.19011e+06,3.61194e+06,1.57582e+07,0,0,0,6.97641e+07
85.139,85.139,8.56344,0.04,0,2.291,2.53383,0,0.429122,4.47552,4.42214e+06,2.70226e+06,1.01311e+07,0,0,0,0,26.3847,61.308,6.51328,0,1,1.7147,1.47187,0,1.32477,2.1168,9.19011e+06,3.61194e+06,1.57582e+07,0,0,0,6.97641e+07
85.139,85.139,5.0155,0.05,0,2.38474,2.62715,0,0.429334,4.47552,4.42214e+06,2.70226e+06,1.05457e+07,0,0,0,0,26.5319,61.308,3.18903,0,1,1.77391,1.5315,0,1.32477,2.1168,9.19011e+06,3.61194e+06,1.63024e+07,0,0,0,6.97641e+07
85.139,85.139,4.4403,0.05,0,2.44511,2.62789,0,0.4469,4.47552,4.42214e+06,2.70226e+06,1.08126e+07,0,0,0,0,26.3183,61.308,2.83755,0,1,1.71471,1.53193,0,1.37052,2.1168,9.19011e+06,3.61194e+06,1.57584e+07,0,0,0,6.97641e+07
85.0376,85.139,2.79143,0.06,0,2.44629,2.62864,0,0.458214,4.47552,4.42214e+06,2.70226e+06,1.08178e+07,0,0,0,0,26.0082,61.308,1.9079,0,1,1.71471,1.53237,0,1.32479,2.1168,9.19011e+06,3.61194e+06,1.57584e+07,0,0,0,6.97641e+07
84.5716,85.139,2.4075,0.11,0,2.44747,2.62938,0,0.458435,4.47552,4.42214e+06,2.70226e+06,1.0823e+07,0,0,0,0,25.9175,61.308,2.06761,0,1,1.71471,1.5328,0,1.32479,2.1168,9.19011e+06,3.61194e+06,1.57584e+07,0,0,0,6.97641e+07
84.533,85.139,2.81335,0.11,0,2.41239,2.59387,0,0.458655,4.47552,4.42214e+06,2.70226e+06,1.06679e+07,0,0,0,0,26.0886,61.308,2.87433,0,1,1.69169,1.51021,0,1.32479,2.1168,9.19011e+06,3.61194e+06,1.55468e+07,0,0,0,6.97641e+07
84.721,85.139,2.98303,0.11,0,2.39053,2.5946,0,0.452082,4.47552,4.42214e+06,2.70226e+06,1.05713e+07,0,0,0,0,26.4329,61.308,2.88886,0,1,1.71471,1.51064,0,1.307,2.1168,9.19011e+06,3.61194e+06,1.57583e+07,0,0,0,6.97641e+07
84.5039,85.139,2.5792,0.11,0,2.39169,2.59534,0,0.447986,4.47552,4.42214e+06,2.70226e+06,1.05764e+07,0,0,0,0,26.6379,61.308,2.61088,0,1,1.71471,1.51106,0,1.32478,2.1168,9.19011e+06,3.61194e+06,1.57583e+07,0,0,0,6.97641e+07
84.1766,85.139,2.37402,0.1,0,2.39286,2.59607,0,0.448204,4.47552,4.42214e+06,2.70226e+06,1.05815e+07,0,0,0,0,26.6957,61.308,2.36386,0,1,1.71471,1.51149,0,1.32478,2.1168,9.19011e+06,3.61194e+06,1.57583e+07,0,0,0,6.97641e+07
83.69,85.139,2.31456,0.09,0,2.5172,2.71999,0,0.448421,4.47552,4.42214e+06,2.70226e+06,1.11314e+07,0,0,0,0,26.8572,61.308,2.65706,0,1,1.79645,1.59366,0,1.32478,2.1168,9.19011e+06,3.61194e+06,1.65096e+07,0,0,0,6.97641e+07
83.1483,85.139,2.29833,0.08,0,2.60014,2.72076,0,0.471723,4.47552,4.42214e+06,2.70226e+06,1.14982e+07,0,0,0,0,26.8909,61.308,2.61997,0,1,1.71473,1.59411,0,1.38794,2.1168,9.19011e+06,3.61194e+06,1.57586e+07,0,0,0,6.97641e+07
82.5989,85.139,2.27755,0.08,0,2.60136,2.72153,0,0.487266,4.47552,4.42214e+06,2.70226e+06,1.15036e+07,0,0,0,0,26.8615,61.308,2.43755,0,1,1.71473,1.59456,0,1.3248,2.1168,9.19011e+06,3.61194e+06,1.57586e+07,0,0,0,6.97641e+07
81.7987,85.139,1.99844,0.08,0,2.60258,2.7223,0,0.487494,4.47552,4.42214e+06,2.70226e+06,1.1509e+07,0,0,0,0,26.7693,61.308,2.27201,0,1,1.71473,1.59501,0,1.3248,2.1168,9.19011e+06,3.61194e+06,1.57586e+07,0,0,0,6.97641e+07
80.9352,85.139,1.88749,0.06,0,2.6038,2.72307,0,0.487723,4.47552,4.42214e+06,2.70226e+06,1.15144e+07,0,0,0,0,26.6307,61.308,2.16974,0,1,1.71473,1.59546,0,1.3248,2.1168,9.19011e+06,3.61194e+06,1.57586e+07,0,0,0,6.97641e+07
80.3215,85.139,2.12526,0.06,0,2.58062,2.69944,0,0.487951,4.47552,4.42214e+06,2.70226e+06,1.14119e+07,0,0,0,0,26.3929,61.308,2.1429,0,1,1.75972,1.6409,0,1.3248,2.1168,9.19011e+06,3.61194e+06,1.6172e+07,0,0,0,6.97641e+07
79.7832,85.139,2.24664,0.05,0,2.62682,2.7002,0,0.483608,4.47552,4.42214e+06,2.70226e+06,1.16162e+07,0,0,0,0,26.0721,61.308,2.04684,0,1,1.71474,1.64137,0,1.35956,2.1168,9.19011e+06,3.61194e+06,1.57587e+07,0,0,0,6.97641e+07
79.0565,85.139,2.05337,0.04,0,2.62805,2.70096,0,0.492267,4.47552,4.42214e+06,2.70226e+06,1.16216e+07,0,0,0,0,25.7438,61.308,2.06144,0,1,1.71474,1.64183,0,1.32481,2.1168,9.19011e+06,3.61194e+06,1.57587e+07,0,0,0,6.97641e+07
78.141,85.139,1.85336,0.05,0,2.62928,2.70173,0,0.492497,4.47552,4.42214e+06,2.70226e+06,1.1627e+07,0,0,0,0,25.3543,61.308,1.83024,0,1,1.71474,1.64229,0,1.32481,2.1168,9.19011e+06,3.61194e+06,1.57587e+07,0,0,0,6.97641e+07
77.1048,85.139,1.74839,0.05,0,2.69357,2.76556,0,0.492726,4.47552,4.42214e+06,2.70226e+06,1.19114e+07,0,0,0,0,24.727,61.308,1.72008,0,1,1.75489,1.6829,0,1.32481,2.1168,9.19011e+06,3.61194e+06,1.61276e+07,0,0,0,6.97641e+07
76.3493,85.139,2.06338,0.04,0,2.73496,2.76634,0,0.504776,4.47552,4.42214e+06,2.70226e+06,1.20944e+07,0,0,0,0,24.2368,61.308,1.56363,0,1,1.71476,1.68337,0,1.35582,2.1168,9.19011e+06,3.61194e+06,1.57588e+07,0,0,0,6.97641e+07
75.4955,85.139,1.94858,0.04,0,2.73622,2.76712,0,0.512532,4.47552,4.42214e+06,2.70226e+06,1.20999e+07,0,0,0,0,23.5956,61.308,1.62311,0,1,1.71476,1.68385,0,1.32482,2.1168,9.19011e+06,3.61194e+06,1.57588e+07,0,0,0,6.97641e+07
74.5256,85.139,1.82311,0.04,0,2.73747,2.7679,0,0.512767,4.47552,4.42214e+06,2.70226e+06,1.21055e+07,0,0,0,0,23.0001,61.308,1.48806,0,1,1.71476,1.68432,0,1.32482,2.1168,9.19011e+06,3.61194e+06,1.57588e+07,0,0,0,6.97641e+07
73.3849,85.139,1.79326,0.04,0,2.92364,2.95359,0,0.513003,4.47552,4.42214e+06,2.70226e+06,1.29287e+07,0,0,0,0,22.308,61.308,1.59386,0,1,1.85981,1.82985,0,1.32482,2.1168,9.19011e+06,3.61194e+06,1.70919e+07,0,0,0,6.97641e+07
72.3091,85.139,1.85475,0.06,0,2.95443,2.95443,0,0.54789,4.47552,4.42214e+06,2.70226e+06,1.30649e+07,0,0,0,0,21.664,61.308,1.38078,0,1,1.83037,1.83037,0,1.43689,2.1168,9.19011e+06,3.61194e+06,1.68213e+07,0,0,0,6.97641e+07
71.4076,85.139,2.04004,0.07,0,2.95526,2.95526,0,0.55366,4.47552,4.42214e+06,2.70226e+06,1.30686e+07,0,0,0,0,20.7462,61.308,1.51435,0,1,1.83089,1.83089,0,1.41414,2.1168,9.19011e+06,3.61194e+06,1.68261e+07,0,0,0,6.97641e+07
70.1105,85.139,1.64778,0.08,0,2.9561,2.9561,0,0.553816,4.47552,4.42214e+06,2.70226e+06,1.30723e+07,0,0,0,0,20.0972,61.308,1.13719,0,1,1.8314,1.8314,0,1.41454,2.1168,9.19011e+06,3.61194e+06,1.68308e+07,0,0,0,6.97641e+07
69.1548,85.139,1.9654,0.08,0,2.95693,2.95693,0,0.553973,4.47552,4.42214e+06,2.70226e+06,1.3076e+07,0,0,0,0,19.264,61.308,1.87253,0,1,1.83192,1.83192,0,1.41494,2.1168,9.19011e+06,3.61194e+06,1.68356e+07,0,0,0,6.97641e+07
67.7888,85.139,1.4595,0.08,0,2.86752,2.86752,0,0.554129,4.47552,4.42214e+06,2.70226e+06,1.26806e+07,0,0,0,0,18.0662,61.308,1.17879,0,1,1.74427,1.74427,0,1.41534,2.1168,9.19011e+06,3.61194e+06,1.60301e+07,0,0,0,6.97641e+07
66.3487,85.139,1.37195,0.11,0,2.86833,2.86833,0,0.537373,4.47552,4.42214e+06,2.70226e+06,1.26842e+07,0,0,0,0,16.938,61.308,0.948609,0,1,1.74476,1.74476,0,1.34762,2.1168,9.19011e+06,3.61194e+06,1.60346e+07,0,0,0,6.97641e+07
65.3039,85.139,1.78966,0.11,0,2.86914,2.86914,0,0.537525,4.47552,4.42214e+06,2.70226e+06,1.26877e+07,0,0,0,0,16.3261,61.308,1.00985,0,1,1.74526,1.74526,0,1.34801,2.1168,9.19011e+06,3.61194e+06,1.60391e+07,0,0,0,6.97641e+07
65.0065,85.139,2.57984,0.11,0,2.86995,2.86995,0,0.537677,4.47552,4.42214e+06,2.70226e+06,1.26913e+07,0,0,0,0,15.6341,61.308,1.69169,0,1,1.74575,1.74575,0,1.34839,2.1168,9.19011e+06,3.61194e+06,1.60436e+07,0,0,0,6.97641e+07
64.3591,85.139,2.22153,0.11,0,2.7966,2.7966,0,0.537829,4.47552,4.42214e+06,2.70226e+06,1.2367e+07,0,0,0,0,15.2064,61.308,1.28441,0,1,1.6659,1.6659,0,1.34877,2.1168,9.19011e+06,3.61194e+06,1.53098e+07,0,0,0,6.97641e+07
67.1085,85.139,5.76673,0.11,0,2.74901,2.79739,0,0.524083,4.47552,4.42214e+06,2.70226e+06,1.21565e+07,0,0,0,0,15.3991,61.308,4.40319,0,1,1.71475,1.66637,0,1.28707,2.1168,9.19011e+06,3.61194e+06,1.57587e+07,0,0,0,6.97641e+07
68.3943,85.139,4.30733,0.12,0,2.75027,2.79818,0,0.515164,4.47552,4.42214e+06,2.70226e+06,1.21621e+07,0,0,0,0,15.5146,61.308,3.14635,0,1,1.71475,1.66684,0,1.32482,2.1168,9.19011e+06,3.61194e+06,1.57587e+07,0,0,0,6.97641e+07
71.2185,85.139,5.85622,0.11,0,2.75153,2.79897,0,0.5154,4.47552,4.42214e+06,2.70226e+06,1.21676e+07,0,0,0,0,15.6159,61.308,3.86457,0,1,1.71475,1.66731,0,1.32482,2.1168,9.19011e+06,3.61194e+06,1.57587e+07,0,0,0,6.97641e+07
72.822,85.139,4.50371,0.1,0,2.54193,2.5889,0,0.515636,4.47552,4.42214e+06,2.70226e+06,1.12408e+07,0,0,0,0,15.4879,61.308,2.36629,0,1,1.54723,1.50026,0,1.32482,2.1168,9.19011e+06,3.61194e+06,1.42192e+07,0,0,0,6.97641e+07
76.3065,85.139,6.34562,0.1,0,2.37561,2.58963,0,0.476358,4.47552,4.42214e+06,2.70226e+06,1.05053e+07,0,0,0,0,15.5664,61.308,2.9078,0,1,1.7147,1.50068,0,1.19539,2.1168,9.19011e+06,3.61194e+06,1.57583e+07,0,0,0,6.97641e+07
84.5423,85.139,11.531,0.07,0,2.37676,2.59037,0,0.445189,4.47552,4.42214e+06,2.70226e+06,1.05104e+07,0,0,0,0,16.2939,61.308,4.25103,0,1,1.7147,1.5011,0,1.32478,2.1168,9.19011e+06,3.61194e+06,1.57583e+07,0,0,0,6.97641e+07
85.139,85.139,10.9027,0.03,0,2.37792,2.5911,0,0.445406,4.47552,4.42214e+06,2.70226e+06,1.05155e+07,0,0,0,0,18.0723,61.308,6.12823,0,1,1.7147,1.50153,0,1.32478,2.1168,9.19011e+06,3.61194e+06,1.57583e+07,0,0,0,6.97641e+07
85.139,85.139,8.77995,0.02,0,2.37907,2.59183,0,0.445622,4.47552,4.42214e+06,2.70226e+06,1.05206e+07,0,0,0,0,18.3189,61.308,3.49526,0,1,1.7147,1.50195,0,1.32478,2.1168,9.19011e+06,3.61194e+06,1.57583e+07,0,0,0,6.97641e+07
85.139,85.139,11.4599,0.03,0,2.46143,2.67376,0,0.445838,4.47552,4.42214e+06,2.70226e+06,1.08848e+07,0,0,0,0,18.9594,61.308,4.913,0,1,1.76327,1.55094,0,1.32478,2.1168,9.19011e+06,3.61194e+06,1.62047e+07,0,0,0,6.97641e+07
84.3126,85.139,1.89006,0.03,0.02,2.37209,2.67449,0,0.461272,4.47552,4.42214e+06,2.70226e+06,1.04897e+07,0,0,0,0,18.5971,61.308,1.83546,0,1,1.85376,1.55136,0,1.3623,2.96352,9.19011e+06,3.61194e+06,1.70363e+07,0,0,0,6.97641e+07
84.5545,85.139,3.02145,0.04,0.02,2.37281,2.67521,0,0.444529,4.47552,4.42214e+06,2.70226e+06,1.04929e+07,0,0,0,0,18.2846,61.308,2.03117,0,1,1.85418,1.55178,0,1.43222,2.96352,9.19011e+06,3.61194e+06,1.70402e+07,0,0,0,6.97641e+07
85.139,85.139,3.91718,0.06,0.02,2.37354,2.67594,0,0.444665,4.47552,4.42214e+06,2.70226e+06,1.04961e+07,0,0,0,0,17.994,61.308,2.00886,0,1,1.85461,1.55221,0,1.43254,2.96352,9.19011e+06,3.61194e+06,1.7044e+07,0,0,0,6.97641e+07
84.5421,85.139,2.48838,0.05,0.02,2.63534,2.93774,0,0.444801,4.47552,4.42214e+06,2.70226e+06,1.16539e+07,0,0,0,0,17.8508,61.308,2.72591,0,1,2.03758,1.73518,0,1.43287,2.96352,9.19011e+06,3.61194e+06,1.87256e+07,0,0,0,6.97641e+07
84.3227,85.139,2.86996,0.06,0.02,2.63614,2.93854,0,0.493863,4.47552,4.42214e+06,2.70226e+06,1.16574e+07,0,0,0,0,17.7608,61.308,3.34365,0,1,2.03805,1.73565,0,1.57424,2.96352,9.19011e+06,3.61194e+06,1.87299e+07,0,0,0,6.97641e+07
84.5739,85.139,3.39537,0.05,0.02,2.63694,2.93934,0,0.494013,4.47552,4.42214e+06,2.70226e+06,1.16609e+07,0,0,0,0,17.5933,61.308,3.1826,0,1,2.03853,1.73613,0,1.5746,2.96352,9.19011e+06,3.61194e+06,1.87343e+07,0,0,0,6.97641e+07
84.9262,85.139,3.51975,0.05,0.02,2.63774,2.94014,0,0.494162,4.47552,4.42214e+06,2.70226e+06,1.16644e+07,0,0,0,0,17.4614,61.308,3.37335,0,1,2.039,1.7366,0,1.57496,2.96352,9.19011e+06,3.61194e+06,1.87386e+07,0,0,0,6.97641e+07
85.139,85.139,3.43104,0.06,0.02,2.26575,2.56815,0,0.494312,4.47552,4.42214e+06,2.70226e+06,1.00195e+07,0,0,0,0,17.3964,61.308,3.24619,0,1,1.79421,1.49181,0,1.57533,2.96352,9.19011e+06,3.61194e+06,1.6489e+07,0,0,0,6.97641e+07
85.139,85.139,5.27591,0.04,0.02,2.26645,2.56885,0,0.424602,4.47552,4.42214e+06,2.70226e+06,1.00226e+07,0,0,0,0,17.6106,61.308,4.71747,0,1,1.79462,1.49222,0,1.38621,2.96352,9.19011e+06,3.61194e+06,1.64927e+07,0,0,0,6.97641e+07
85.139,85.139,7.29606,0.04,0.02,2.26715,2.56955,0,0.424733,4.47552,4.42214e+06,2.70226e+06,1.00256e+07,0,0,0,0,17.9106,61.308,5.95601,0,1,1.79502,1.49262,0,1.38652,2.96352,9.19011e+06,3.61194e+06,1.64964e+07,0,0,0,6.97641e+07
85.139,85.139,6.5421,0.04,0.02,2.26784,2.57024,0,0.424863,4.47552,4.42214e+06,2.70226e+06,1.00287e+07,0,0,0,0,18.0419,61.308,3.92445,0,1,1.79543,1.49303,0,1.38683,2.96352,9.19011e+06,3.61194e+06,1.65002e+07,0,0,0,6.97641e+07
85.139,85.139,6.16067,0.05,0.02,2.26854,2.57094,0,0.424994,4.47552,4.42214e+06,2.70226e+06,1.00318e+07,0,0,0,0,18.1828,61.308,5.34164,0,1,1.79583,1.49343,0,1.38715,2.96352,9.19011e+06,3.61194e+06,1.65039e+07,0,0,0,6.97641e+07
85.139,85.139,6.54274,0.06,0.02,2.3632,2.6656,0,0.425125,4.47552,4.42214e+06,2.70226e+06,1.04504e+07,0,0,0,0,18.4514,61.308,5.48911,0,1,1.85632,1.55392,0,1.38746,2.96352,9.19011e+06,3.61194e+06,1.70598e+07,0,0,0,6.97641e+07
85.139,85.139,7.21609,0.07,0.02,2.36393,2.66633,0,0.442864,4.47552,4.42214e+06,2.70226e+06,1.04536e+07,0,0,0,0,18.6689,61.308,5.11206,0,1,1.85674,1.55434,0,1.43419,2.96352,9.19011e+06,3.61194e+06,1.70636e+07,0,0,0,6.97641e+07
85.139,85.139,4.99672,0.07,0.02,2.36465,2.66705,0,0.443,4.47552,4.42214e+06,2.70226e+06,1.04568e+07,0,0,0,0,18.7364,61.308,4.95192,0,1,1.85716,1.55476,0,1.43452,2.96352,9.19011e+06,3.61194e+06,1.70675e+07,0,0,0,6.97641e+07
85.139,85.139,4.42474,0.07,0.02,2.36537,2.66777,0,0.443135,4.47552,4.42214e+06,2.70226e+06,1.046e+07,0,0,0,0,19.0408,61.308,5.90385,0,1,1.85758,1.55518,0,1.43484,2.96352,9.19011e+06,3.61194e+06,1.70714e+07,0,0,0,6.97641e+07
85.139,85.139,4.15303,0.07,0.02,2.32932,2.63172,0,0.443271,4.47552,4.42214e+06,2.70226e+06,1.03006e+07,0,0,0,0,19.3006,61.308,5.53623,0,1,1.83465,1.53225,0,1.43517,2.96352,9.19011e+06,3.61194e+06,1.68606e+07,0,0,0,6.97641e+07
85.139,85.139,3.97387,0.07,0.02,2.33003,2.63243,0,0.436514,4.47552,4.42214e+06,2.70226e+06,1.03037e+07,0,0,0,0,19.0178,61.308,3.23478,0,1,1.83506,1.53266,0,1.41745,2.96352,9.19011e+06,3.61194e+06,1.68644e+07,0,0,0,6.97641e+07
85.139,85.139,3.55091,0.06,0.02,2.33075,2.63315,0,0.436648,4.47552,4.42214e+06,2.70226e+06,1.03069e+07,0,0,0,0,18.6734,61.308,2.84041,0,1,1.83548,1.53308,0,1.41777,2.96352,9.19011e+06,3.61194e+06,1.68682e+07,0,0,0,6.97641e+07
85.139,85.139,3.28891,0.06,0.02,2.33146,2.63386,0,0.436782,4.47552,4.42214e+06,2.70226e+06,1.03101e+07,0,0,0,0,18.3155,61.308,2.68757,0,1,1.83589,1.53349,0,1.41809,2.96352,9.19011e+06,3.61194e+06,1.68721e+07,0,0,0,6.97641e+07
85.139,85.139,3.14777,0.06,0.02,2.45715,2.75955,0,0.436916,4.47552,4.42214e+06,2.70226e+06,1.08659e+07,0,0,0,0,17.9734,61.308,3.03201,0,1,1.91924,1.61684,0,1.41841,2.96352,9.19011e+06,3.61194e+06,1.7638e+07,0,0,0,6.97641e+07
85.139,85.139,3.1405,0.06,0.02,2.4579,2.7603,0,0.460471,4.47552,4.42214e+06,2.70226e+06,1.08692e+07,0,0,0,0,17.603,61.308,2.61743,0,1,1.91968,1.61728,0,1.48281,2.96352,9.19011e+06,3.61194e+06,1.76421e+07,0,0,0,6.97641e+07
85.0847,85.139,2.68882,0.04,0.02,2.45865,2.76105,0,0.460611,4.47552,4.42214e+06,2.70226e+06,1.08725e+07,0,0,0,0,17.1699,61.308,2.15286,0,1,1.92012,1.61772,0,1.48314,2.96352,9.19011e+06,3.61194e+06,1.76461e+07,0,0,0,6.97641e+07
84.9372,85.139,2.55672,0.07,0.02,2.4594,2.7618,0,0.460751,4.47552,4.42214e+06,2.70226e+06,1.08758e+07,0,0,0,0,16.7076,61.308,1.98318,0,1,1.92056,1.61816,0,1.48348,2.96352,9.19011e+06,3.61194e+06,1.76501e+07,0,0,0,6.97641e+07
84.7243,85.139,2.48434,0.06,0.02,2.46015,2.76255,0,0.460892,4.47552,4.42214e+06,2.70226e+06,1.08791e+07,0,0,0,0,16.2516,61.308,2.11987,0,1,1.921,1.6186,0,1.48382,2.96352,9.19011e+06,3.61194e+06,1.76542e+07,0,0,0,6.97641e+07
84.0338,85.139,1.97148,0.04,0.02,2.43615,2.73855,0,0.461032,4.47552,4.42214e+06,2.70226e+06,1.0773e+07,0,0,0,0,15.7573,61.308,2.13921,0,1,1.96708,1.66468,0,1.48416,2.96352,9.19011e+06,3.61194e+06,1.80777e+07,0,0,0,6.97641e+07
82.8753,85.139,1.46947,0.04,0.02,2.43689,2.73929,0,0.456534,4.47552,4.42214e+06,2.70226e+06,1.07763e+07,0,0,0,0,15.2205,61.308,2.11505,0,1,1.96753,1.66513,0,1.51976,2.96352,9.19011e+06,3.61194e+06,1.80818e+07,0,0,0,6.97641e+07
81.6781,85.139,1.41584,0.03,0.02,2.43764,2.74004,0,0.456674,4.47552,4.42214e+06,2.70226e+06,1.07796e+07,0,0,0,0,14.6676,61.308,1.89575,0,1,1.96798,1.66558,0,1.52011,2.96352,9.19011e+06,3.61194e+06,1.8086e+07,0,0,0,6.97641e+07
80.4483,85.139,1.3543,0.02,0.02,2.43838,2.74078,0,0.456813,4.47552,4.42214e+06,2.70226e+06,1.07829e+07,0,0,0,0,14.0946,61.308,1.79679,0,1,1.96843,1.66603,0,1.52046,2.96352,9.19011e+06,3.61194e+06,1.80901e+07,0,0,0,6.97641e+07
79.3593,85.139,1.54771,0.02,0.02,2.5031,2.8055,0,0.456952,4.47552,4.42214e+06,2.70226e+06,1.10691e+07,0,0,0,0,13.5221,61.308,2.18203,0,1,2.00961,1.70721,0,1.52081,2.96352,9.19011e+06,3.61194e+06,1.84685e+07,0,0,0,6.97641e+07
77.8527,85.139,1.09733,0.03,0.02,2.50386,2.80626,0,0.469082,4.47552,4.42214e+06,2.70226e+06,1.10724e+07,0,0,0,0,12.8963,61.308,1.44057,0,1,2.01007,1.70767,0,1.55262,2.96352,9.19011e+06,3.61194e+06,1.84727e+07,0,0,0,6.97641e+07
76.4216,85.139,1.17963,0.03,0.02,2.50463,2.80703,0,0.469224,4.47552,4.42214e+06,2.70226e+06,1.10758e+07,0,0,0,0,12.2878,61.308,1.72351,0,1,2.01053,1.70813,0,1.55298,2.96352,9.19011e+06,3.61194e+06,1.8477e+07,0,0,0,6.97641e+07
74.925,85.139,1.08732,0.04,0.02,2.50539,2.80779,0,0.469367,4.47552,4.42214e+06,2.70226e+06,1.10792e+07,0,0,0,0,11.6256,61.308,1.67614,0,1,2.01099,1.70859,0,1.55334,2.96352,9.19011e+06,3.61194e+06,1.84813e+07,0,0,0,6.97641e+07
73.1898,85.139,0.989731,0.04,0.02,2.69372,2.99612,0,0.46951,4.47552,4.42214e+06,2.70226e+06,1.1912e+07,0,0,0,0,10.9791,61.308,1.43489,0,1,2.1586,1.8562,0,1.55369,2.96352,9.19011e+06,3.61194e+06,1.98378e+07,0,0,0,6.97641e+07
71.493,85.139,1.01384,0.06,0.02,2.69453,2.99693,0,0.504803,4.47552,4.42214e+06,2.70226e+06,1.19156e+07,0,0,0,0,10.3713,61.308,1.84993,0,1,2.1591,1.8567,0,1.66773,2.96352,9.19011e+06,3.61194e+06,1.98424e+07,0,0,0,6.97641e+07
69.644,85.139,0.841744,0.06,0.02,2.69534,2.99774,0,0.504955,4.47552,4.42214e+06,2.70226e+06,1.19192e+07,0,0,0,0,9.72884,61.308,1.58485,0,1,2.15961,1.85721,0,1.66812,2.96352,9.19011e+06,3.61194e+06,1.9847e+07,0,0,0,6.97641e+07
67.8576,85.139,0.886599,0.07,0.02,2.69616,2.99856,0,0.505107,4.47552,4.42214e+06,2.70226e+06,1.19228e+07,0,0,0,0,9.08656,61.308,1.56192,0,1,2.16011,1.85771,0,1.66851,2.96352,9.19011e+06,3.61194e+06,1.98517e+07,0,0,0,6.97641e+07
66.4854,85.139,1.32906,0.09,0.02,2.69697,2.99937,0,0.50526,4.47552,4.42214e+06,2.70226e+06,1.19264e+07,0,0,0,0,8.48777,61.308,1.8691,0,1,2.16061,1.85821,0,1.6689,2.96352,9.19011e+06,3.61194e+06,1.98563e+07,0,0,0,6.97641e+07
65.5706,85.139,1.69999,0.09,0.02,2.60624,2.90864,0,0.505412,4.47552,4.42214e+06,2.70226e+06,1.15252e+07,0,0,0,0,8.0951,61.308,3.66521,0,1,2.07169,1.76929,0,1.66929,2.96352,9.19011e+06,3.61194e+06,1.9039e+07,0,0,0,6.97641e+07
63.9914,85.139,0.936792,0.09,0.02,2.60703,2.90943,0,0.48841,4.47552,4.42214e+06,2.70226e+06,1.15287e+07,0,0,0,0,7.4903,61.308,2.38888,0,1,2.07217,1.76977,0,1.60059,2.96352,9.19011e+06,3.61194e+06,1.90434e+07,0,0,0,6.97641e+07
62.2712,85.139,0.779503,0.1,0.02,2.60782,2.91022,0,0.488558,4.47552,4.42214e+06,2.70226e+06,1.15321e+07,0,0,0,0,6.86021,61.308,2.12227,0,1,2.07265,1.77025,0,1.60096,2.96352,9.19011e+06,3.61194e+06,1.90478e+07,0,0,0,6.97641e+07
61.1103,85.139,1.44421,0.12,0.02,2.60861,2.91101,0,0.488706,4.47552,4.42214e+06,2.70226e+06,1.15356e+07,0,0,0,0,6.38467,61.308,2.71302,0,1,2.07313,1.77073,0,1.60133,2.96352,9.19011e+06,3.61194e+06,1.90523e+07,0,0,0,6.97641e+07
61.3302,85.139,2.8777,0.12,0.02,2.53418,2.83658,0,0.488853,4.47552,4.42214e+06,2.70226e+06,1.12065e+07,0,0,0,0,6.08981,61.308,3.80278,0,1,1.99211,1.68971,0,1.6017,2.96352,9.19011e+06,3.61194e+06,1.83077e+07,0,0,0,6.97641e+07
59.9864,85.139,1.25109,0.11,0.02,2.53495,2.83735,0,0.474905,4.47552,4.42214e+06,2.70226e+06,1.12099e+07,0,0,0,0,5.67909,61.308,2.28432,0,1,1.99257,1.69017,0,1.53911,2.96352,9.19011e+06,3.61194e+06,1.83119e+07,0,0,0,6.97641e+07
59.8382,85.139,2.49849,0.11,0.02,2.53572,2.83812,0,0.475049,4.47552,4.42214e+06,2.70226e+06,1.12133e+07,0,0,0,0,5.311,61.308,2.13726,0,1,1.99303,1.69063,0,1.53946,2.96352,9.19011e+06,3.61194e+06,1.83161e+07,0,0,0,6.97641e+07
62.075,85.139,4.97358,0.11,0.02,2.53649,2.83889,0,0.475193,4.47552,4.42214e+06,2.70226e+06,1.12167e+07,0,0,0,0,5.54143,61.308,5.08385,0,1,1.99349,1.69109,0,1.53981,2.96352,9.19011e+06,3.61194e+06,1.83204e+07,0,0,0,6.97641e+07
62.6227,85.139,3.04515,0.11,0.02,2.3234,2.6258,0,0.475337,4.47552,4.42214e+06,2.70226e+06,1.02744e+07,0,0,0,0,5.60456,61.308,4.56928,0,1,1.82403,1.52163,0,1.54017,2.96352,9.19011e+06,3.61194e+06,1.67631e+07,0,0,0,6.97641e+07
63.4624,85.139,3.42376,0.1,0.02,2.32411,2.62651,0,0.435405,4.47552,4.42214e+06,2.70226e+06,1.02775e+07,0,0,0,0,5.732,61.308,4.24691,0,1,1.82445,1.52205,0,1.40925,2.96352,9.19011e+06,3.61194e+06,1.67669e+07,0,0,0,6.97641e+07
64.9213,85.139,4.08307,0.11,0.02,2.32482,2.62722,0,0.435538,4.47552,4.42214e+06,2.70226e+06,1.02807e+07,0,0,0,0,6.17592,61.308,5.41752,0,1,1.82486,1.52246,0,1.40957,2.96352,9.19011e+06,3.61194e+06,1.67707e+07,0,0,0,6.97641e+07
66.5972,85.139,4.40517,0.11,0.02,2.32553,2.62793,0,0.435671,4.47552,4.42214e+06,2.70226e+06,1.02838e+07,0,0,0,0,6.91014,61.308,5.96063,0,1,1.82527,1.52287,0,1.40989,2.96352,9.19011e+06,3.61194e+06,1.67744e+07,0,0,0,6.97641e+07
69.8162,85.139,6.05641,0.11,0.02,2.32624,2.62864,0,0.435805,4.47552,4.42214e+06,2.70226e+06,1.0287e+07,0,0,0,0,8.30564,61.308,8.08461,0,1,1.82568,1.52328,0,1.4102,2.96352,9.19011e+06,3.61194e+06,1.67782e+07,0,0,0,6.97641e+07
77.3484,85.139,10.7799,0.1,0.02,2.32624,2.62864,0,0.435938,4.47552,4.42214e+06,2.70226e+06,1.0287e+07,0,0,0,0,10.7558,61.308,10.9982,0,1,1.82568,1.52328,0,1.41052,2.96352,9.19011e+06,3.61194e+06,1.67782e+07,0,0,0,6.97641e+07
85.139,85.139,11.7832,0.07,0.02,2.40931,2.71171,0,0.435938,4.47552,4.42214e+06,2.70226e+06,1.06543e+07,0,0,0,0,12.5265,61.308,9.1704,0,0.04,1.87535,1.57295,0,1.41052,2.96352,9.19011e+06,3.61194e+06,1.72347e+07,0,0,0,6.97641e+07
85.139,85.139,5.15974,0.03,0.02,2.41002,2.71242,0,0.451505,4.47552,4.42214e+06,2.70226e+06,1.06574e+07,0,0,0,0,12.4147,61.308,7.9449,0,0.04,1.87576,1.57336,0,1.4489,2.96352,9.19011e+06,3.61194e+06,1.72385e+07,0,0,0,6.97641e+07
85.139,85.139,4.97199,0.05,0.02,2.41072,2.71312,0,0.451637,4.47552,4.42214e+06,2.70226e+06,1.06606e+07,0,0,0,0,12.1818,61.308,7.1152,0,0.04,1.87617,1.57377,0,1.44922,2.96352,9.19011e+06,3.61194e+06,1.72422e+07,0,0,0,6.97641e+07
85.139,85.139,4.97732,0.05,0.02,2.41143,2.71383,0,0.451769,4.47552,4.42214e+06,2.70226e+06,1.06637e+07,0,0,0,0,12.0015,61.308,7.58297,0,0.04,1.87658,1.57418,0,1.44953,2.96352,9.19011e+06,3.61194e+06,1.7246e+07,0,0,0,6.97641e+07
85.139,85.139,5.31759,0.05,0.02,2.67691,2.97931,0,0.451902,4.47552,4.42214e+06,2.70226e+06,1.18377e+07,0,0,0,0,12.2243,61.308,7.39986,0,0.04,2.06213,1.75973,0,1.44985,2.96352,9.19011e+06,3.61194e+06,1.89512e+07,0,0,0,6.97641e+07
85.139,85.139,5.63569,0.05,0.02,2.67768,2.98008,0,0.501652,4.47552,4.42214e+06,2.70226e+06,1.18411e+07,0,0,0,0,12.3573,61.308,4.83607,0,0.04,2.06259,1.76019,0,1.5932,2.96352,9.19011e+06,3.61194e+06,1.89554e+07,0,0,0,6.97641e+07
85.139,85.139,5.84379,0.05,0.02,2.67846,2.98086,0,0.501798,4.47552,4.42214e+06,2.70226e+06,1.18445e+07,0,0,0,0,12.5913,61.308,6.73313,0,0.04,2.06305,1.76065,0,1.59356,2.96352,9.19011e+06,3.61194e+06,1.89597e+07,0,0,0,6.97641e+07
85.139,85.139,5.7198,0.04,0.02,2.67923,2.98163,0,0.501943,4.47552,4.42214e+06,2.70226e+06,1.1848e+07,0,0,0,0,13.0191,61.308,7.75614,0,0.04,2.06351,1.76111,0,1.59391,2.96352,9.19011e+06,3.61194e+06,1.89639e+07,0,0,0,6.97641e+07
85.139,85.139,10.0067,0.04,0.02,2.30197,2.60437,0,0.502089,4.47552,4.42214e+06,2.70226e+06,1.01796e+07,0,0,0,0,14.0798,61.308,10.9753,0,0.04,1.81525,1.51285,0,1.59427,2.96352,9.19011e+06,3.61194e+06,1.66823e+07,0,0,0,6.97641e+07
85.139,85.139,9.89545,0.05,0.02,2.30265,2.60505,0,0.431389,4.47552,4.42214e+06,2.70226e+06,1.01826e+07,0,0,0,0,14.8674,61.308,9.21867,0,0.04,1.81564,1.51324,0,1.40246,2.96352,9.19011e+06,3.61194e+06,1.6686e+07,0,0,0,6.97641e+07
85.139,85.139,9.01287,0.06,0.02,2.30333,2.60573,0,0.431517,4.47552,4.42214e+06,2.70226e+06,1.01856e+07,0,0,0,0,15.4105,61.308,7.13709,0,0.04,1.81604,1.51364,0,1.40277,2.96352,9.19011e+06,3.61194e+06,1.66896e+07,0,0,0,6.97641e+07
85.139,85.139,9.71021,0.07,0.02,2.30401,2.60641,0,0.431644,4.47552,4.42214e+06,2.70226e+06,1.01886e+07,0,0,0,0,15.9181,61.308,8.12816,0,0.04,1.81643,1.51403,0,1.40307,2.96352,9.19011e+06,3.61194e+06,1.66932e+07,0,0,0,6.97641e+07
85.139,85.139,8.63885,0.08,0.02,2.30469,2.60709,0,0.431771,4.47552,4.42214e+06,2.70226e+06,1.01916e+07,0,0,0,0,16.8654,61.308,8.95183,0,0.04,1.81683,1.51443,0,1.40338,2.96352,9.19011e+06,3.61194e+06,1.66968e+07,0,0,0,6.97641e+07
85.139,85.139,6.34907,0.08,0.02,2.40065,2.70305,0,0.431898,4.47552,4.42214e+06,2.70226e+06,1.0616e+07,0,0,0,0,17.3049,61.308,7.96491,0,0.04,1.87815,1.57575,0,1.40368,2.96352,9.19011e+06,3.61194e+06,1.72604e+07,0,0,0,6.97641e+07
85.139,85.139,5.98553,0.08,0.02,2.40135,2.70375,0,0.449881,4.47552,4.42214e+06,2.70226e+06,1.06191e+07,0,0,0,0,17.9014,61.308,8.33479,0,0.04,1.87856,1.57616,0,1.45106,2.96352,9.19011e+06,3.61194e+06,1.72641e+07,0,0,0,6.97641e+07
85.139,85.139,5.55933,0.08,0.02,2.40205,2.70445,0,0.450013,4.47552,4.42214e+06,2.70226e+06,1.06222e+07,0,0,0,0,18.5039,61.308,8.63462,0,0.04,1.87897,1.57657,0,1.45137,2.96352,9.19011e+06,3.61194e+06,1.72679e+07,0,0,0,6.97641e+07
85.139,85.139,4.51903,0.07,0.02,2.40276,2.70516,0,0.450145,4.47552,4.42214e+06,2.70226e+06,1.06253e+07,0,0,0,0,18.6586,61.308,6.47579,0,0.04,1.87938,1.57698,0,1.45169,2.96352,9.19011e+06,3.61194e+06,1.72717e+07,0,0,0,6.97641e+07
85.139,85.139,4.16396,0.07,0.02,2.36617,2.66857,0,0.450277,4.47552,4.42214e+06,2.70226e+06,1.04635e+07,0,0,0,0,18.7021,61.308,5.27306,0,0.04,1.8561,1.5537,0,1.45201,2.96352,9.19011e+06,3.61194e+06,1.70578e+07,0,0,0,6.97641e+07
85.139,85.139,3.97033,0.07,0.02,2.36686,2.66926,0,0.44342,4.47552,4.42214e+06,2.70226e+06,1.04666e+07,0,0,0,0,18.875,61.308,5.67287,0,0.04,1.8565,1.5541,0,1.43402,2.96352,9.19011e+06,3.61194e+06,1.70615e+07,0,0,0,6.97641e+07
85.139,85.139,3.74355,0.07,0.02,2.36756,2.66996,0,0.44355,4.47552,4.42214e+06,2.70226e+06,1.04697e+07,0,0,0,0,18.9086,61.308,4.92321,0,0.04,1.85691,1.55451,0,1.43434,2.96352,9.19011e+06,3.61194e+06,1.70652e+07,0,0,0,6.97641e+07
85.139,85.139,3.36803,0.06,0.02,2.36825,2.67065,0,0.44368,4.47552,4.42214e+06,2.70226e+06,1.04727e+07,0,0,0,0,18.7973,61.308,4.32825,0,0.04,1.85731,1.55491,0,1.43465,2.96352,9.19011e+06,3.61194e+06,1.70689e+07,0,0,0,6.97641e+07
85.139,85.139,3.39333,0.06,0.02,2.49567,2.79807,0,0.443811,4.47552,4.42214e+06,2.70226e+06,1.10362e+07,0,0,0,0,18.6925,61.308,4.69001,0,0.04,1.94181,1.63941,0,1.43496,2.96352,9.19011e+06,3.61194e+06,1.78454e+07,0,0,0,6.97641e+07
85.139,85.139,3.44785,0.06,0.02,2.4964,2.7988,0,0.467688,4.47552,4.42214e+06,2.70226e+06,1.10394e+07,0,0,0,0,18.5637,61.308,4.70295,0,0.04,1.94223,1.63983,0,1.50024,2.96352,9.19011e+06,3.61194e+06,1.78493e+07,0,0,0,6.97641e+07
85.139,85.139,3.13123,0.04,0.02,2.49713,2.79953,0,0.467825,4.47552,4.42214e+06,2.70226e+06,1.10426e+07,0,0,0,0,18.4082,61.308,3.63164,0,0.04,1.94266,1.64026,0,1.50057,2.96352,9.19011e+06,3.61194e+06,1.78533e+07,0,0,0,6.97641e+07
85.0535,85.139,2.78135,0.04,0.02,2.49785,2.80025,0,0.467961,4.47552,4.42214e+06,2.70226e+06,1.10459e+07,0,0,0,0,18.1788,61.308,3.17538,0,0.04,1.94309,1.64069,0,1.5009,2.96352,9.19011e+06,3.61194e+06,1.78572e+07,0,0,0,6.97641e+07
84.9165,85.139,2.70032,0.05,0.02,2.49858,2.80098,0,0.468098,4.47552,4.42214e+06,2.70226e+06,1.10491e+07,0,0,0,0,17.9344,61.308,3.3974,0,0.04,1.94351,1.64111,0,1.50123,2.96352,9.19011e+06,3.61194e+06,1.78611e+07,0,0,0,6.97641e+07
85.1019,85.139,2.96318,0.04,0.02,2.47422,2.77662,0,0.468234,4.47552,4.42214e+06,2.70226e+06,1.09413e+07,0,0,0,0,17.665,61.308,3.67342,0,0.04,1.99022,1.68782,0,1.50156,2.96352,9.19011e+06,3.61194e+06,1.82903e+07,0,0,0,6.97641e+07
85.139,85.139,2.80022,0.03,0.02,2.47494,2.77734,0,0.463669,4.47552,4.42214e+06,2.70226e+06,1.09445e+07,0,0,0,0,17.3505,61.308,3.54675,0,0.04,1.99066,1.68826,0,1.53764,2.96352,9.19011e+06,3.61194e+06,1.82944e+07,0,0,0,6.97641e+07
85.0567,85.139,2.6518,0.02,0.02,2.47566,2.77806,0,0.463804,4.47552,4.42214e+06,2.70226e+06,1.09477e+07,0,0,0,0,16.9873,61.308,3.38839,0,0.04,1.9911,1.6887,0,1.53798,2.96352,9.19011e+06,3.61194e+06,1.82984e+07,0,0,0,6.97641e+07
84.7905,85.139,2.46083,0.02,0.02,2.47639,2.77879,0,0.463939,4.47552,4.42214e+06,2.70226e+06,1.09509e+07,0,0,0,0,16.578,61.308,3.19153,0,0.04,1.99154,1.68914,0,1.53832,2.96352,9.19011e+06,3.61194e+06,1.83024e+07,0,0,0,6.97641e+07
84.7035,85.139,2.67937,0.02,0.02,2.54198,2.84438,0,0.464075,4.47552,4.42214e+06,2.70226e+06,1.1241e+07,0,0,0,0,16.2128,61.308,3.51698,0,0.04,2.03326,1.73086,0,1.53866,2.96352,9.19011e+06,3.61194e+06,1.86859e+07,0,0,0,6.97641e+07
84.4513,85.139,2.50498,0.02,0.02,2.54272,2.84512,0,0.476367,4.47552,4.42214e+06,2.70226e+06,1.12443e+07,0,0,0,0,15.8279,61.308,3.48645,0,0.04,2.03371,1.73131,0,1.5709,2.96352,9.19011e+06,3.61194e+06,1.869e+07,0,0,0,6.97641e+07
83.9759,85.139,2.27312,0.02,0.02,2.54346,2.84586,0,0.476505,4.47552,4.42214e+06,2.70226e+06,1.12475e+07,0,0,0,0,15.4231,61.308,3.15827,0,0.04,2.03416,1.73176,0,1.57124,2.96352,9.19011e+06,3.61194e+06,1.86942e+07,0,0,0,6.97641e+07
83.2481,85.139,1.99799,0.02,0.02,2.5442,2.8466,0,0.476644,4.47552,4.42214e+06,2.70226e+06,1.12508e+07,0,0,0,0,15.0114,61.308,3.11188,0,0.04,2.03461,1.73221,0,1.57159,2.96352,9.19011e+06,3.61194e+06,1.86983e+07,0,0,0,6.97641e+07
82.0536,85.139,1.67693,0.02,0.02,2.7351,3.0375,0,0.476783,4.47552,4.42214e+06,2.70226e+06,1.2095e+07,0,0,0,0,14.5782,61.308,2.87419,0,0.04,2.18424,1.88184,0,1.57194,2.96352,9.19011e+06,3.61194e+06,2.00734e+07,0,0,0,6.97641e+07
80.7692,85.139,1.55957,0.02,0.02,2.73589,3.03829,0,0.512558,4.47552,4.42214e+06,2.70226e+06,1.20985e+07,0,0,0,0,14.0996,61.308,2.6844,0,0.04,2.18473,1.88233,0,1.68754,2.96352,9.19011e+06,3.61194e+06,2.00779e+07,0,0,0,6.97641e+07
79.5878,85.139,1.67756,0.04,0.02,2.73668,3.03908,0,0.512706,4.47552,4.42214e+06,2.70226e+06,1.2102e+07,0,0,0,0,13.7049,61.308,3.30768,0,0.04,2.18522,1.88282,0,1.68792,2.96352,9.19011e+06,3.61194e+06,2.00824e+07,0,0,0,6.97641e+07
78.1338,85.139,1.38978,0.04,0.02,2.73747,3.03987,0,0.512854,4.47552,4.42214e+06,2.70226e+06,1.21055e+07,0,0,0,0,13.1912,61.308,2.28044,0,0.04,2.18571,1.88331,0,1.6883,2.96352,9.19011e+06,3.61194e+06,2.00869e+07,0,0,0,6.97641e+07
77.0427,85.139,1.7506,0.06,0.02,2.73826,3.04066,0,0.513002,4.47552,4.42214e+06,2.70226e+06,1.2109e+07,0,0,0,0,12.926,61.308,4.49344,0,0.04,2.1862,1.8838,0,1.68868,2.96352,9.19011e+06,3.61194e+06,2.00914e+07,0,0,0,6.97641e+07
76.0412,85.139,1.81639,0.06,0.02,2.64625,2.94865,0,0.51315,4.47552,4.42214e+06,2.70226e+06,1.17021e+07,0,0,0,0,12.6574,61.308,3.64765,0,0.04,2.09602,1.79362,0,1.68905,2.96352,9.19011e+06,3.61194e+06,1.92627e+07,0,0,0,6.97641e+07
75.1193,85.139,1.90297,0.07,0.02,2.64702,2.94942,0,0.495908,4.47552,4.42214e+06,2.70226e+06,1.17055e+07,0,0,0,0,12.4581,61.308,3.70593,0,0.04,2.09649,1.79409,0,1.61939,2.96352,9.19011e+06,3.61194e+06,1.9267e+07,0,0,0,6.97641e+07
74.8806,85.139,2.57821,0.07,0.02,2.64779,2.95019,0,0.496051,4.47552,4.42214e+06,2.70226e+06,1.17089e+07,0,0,0,0,12.4887,61.308,4.47981,0,0.04,2.09696,1.79456,0,1.61975,2.96352,9.19011e+06,3.61194e+06,1.92713e+07,0,0,0,6.97641e+07
75.0252,85.139,3.12678,0.07,0.02,2.64855,2.95095,0,0.496195,4.47552,4.42214e+06,2.70226e+06,1.17123e+07,0,0,0,0,12.9628,61.308,5.68281,0,0.04,2.09742,1.79502,0,1.62011,2.96352,9.19011e+06,3.61194e+06,1.92755e+07,0,0,0,6.97641e+07
74.7824,85.139,2.6101,0.07,0.02,2.57307,2.87547,0,0.496339,4.47552,4.42214e+06,2.70226e+06,1.13785e+07,0,0,0,0,13.0847,61.308,4.55693,0,0.04,2.01528,1.71288,0,1.62047,2.96352,9.19011e+06,3.61194e+06,1.85206e+07,0,0,0,6.97641e+07
75.4882,85.139,3.52991,0.08,0.02,2.57382,2.87622,0,0.482193,4.47552,4.42214e+06,2.70226e+06,1.13818e+07,0,0,0,0,13.0929,61.308,3.79979,0,0.04,2.01572,1.71332,0,1.557,2.96352,9.19011e+06,3.61194e+06,1.85247e+07,0,0,0,6.97641e+07
76.3571,85.139,3.79622,0.09,0.02,2.57457,2.87697,0,0.482333,4.47552,4.42214e+06,2.70226e+06,1.13851e+07,0,0,0,0,13.052,61.308,3.80406,0,0.04,2.01617,1.71377,0,1.55735,2.96352,9.19011e+06,3.61194e+06,1.85288e+07,0,0,0,6.97641e+07
78.7743,85.139,5.39311,0.08,0.02,2.57531,2.87771,0,0.482473,4.47552,4.42214e+06,2.70226e+06,1.13884e+07,0,0,0,0,13.4997,61.308,4.71119,0,0.04,2.01662,1.71422,0,1.55769,2.96352,9.19011e+06,3.61194e+06,1.85329e+07,0,0,0,6.97641e+07
79.934,85.139,4.02664,0.08,0.02,2.35928,2.66168,0,0.482614,4.47552,4.42214e+06,2.70226e+06,1.04331e+07,0,0,0,0,13.9654,61.308,4.80275,0,0.04,1.84483,1.54243,0,1.55804,2.96352,9.19011e+06,3.61194e+06,1.69542e+07,0,0,0,6.97641e+07
79.7926,85.139,2.62786,0.04,0.02,2.35997,2.66237,0,0.442129,4.47552,4.42214e+06,2.70226e+06,1.04361e+07,0,0,0,0,13.8767,61.308,3.83176,0,0.04,1.84523,1.54283,0,1.42531,2.96352,9.19011e+06,3.61194e+06,1.69579e+07,0,0,0,6.97641e+07
80.391,85.139,3.48151,0.05,0.02,2.36066,2.66306,0,0.442259,4.47552,4.42214e+06,2.70226e+06,1.04392e+07,0,0,0,0,14.096,61.308,4.35309,0,0.04,1.84563,1.54323,0,1.42562,2.96352,9.19011e+06,3.61194e+06,1.69615e+07,0,0,0,6.97641e+07
81.4262,85.139,3.90642,0.05,0.02,2.36136,2.66376,0,0.442388,4.47552,4.42214e+06,2.70226e+06,1.04422e+07,0,0,0,0,14.5108,61.308,5.17745,0,0.04,1.84603,1.54363,0,1.42593,2.96352,9.19011e+06,3.61194e+06,1.69652e+07,0,0,0,6.97641e+07
83.3046,85.139,4.95383,0.05,0.02,2.36205,2.66445,0,0.442518,4.47552,4.42214e+06,2.70226e+06,1.04453e+07,0,0,0,0,15.462,61.308,7.21646,0,0.04,1.84643,1.54403,0,1.42624,2.96352,9.19011e+06,3.61194e+06,1.69689e+07,0,0,0,6.97641e+07
84.7822,85.139,4.5434,0.06,0.02,2.44621,2.74861,0,0.442648,4.47552,4.42214e+06,2.70226e+06,1.08175e+07,0,0,0,0,15.9511,61.308,3.94745,0,0.04,1.89676,1.59436,0,1.42655,2.96352,9.19011e+06,3.61194e+06,1.74314e+07,0,0,0,6.97641e+07
85.139,85.139,5.88342,0.06,0.02,2.4469,2.7493,0,0.458421,4.47552,4.42214e+06,2.70226e+06,1.08205e+07,0,0,0,0,16.4569,61.308,4.07968,0,0.04,1.89716,1.59476,0,1.46544,2.96352,9.19011e+06,3.61194e+06,1.74351e+07,0,0,0,6.97641e+07
85.139,85.139,3.78145,0.06,0.02,2.44759,2.74999,0,0.458549,4.47552,4.42214e+06,2.70226e+06,1.08236e+07,0,0,0,0,16.5773,61.308,2.72676,0,0.04,1.89756,1.59516,0,1.46575,2.96352,9.19011e+06,3.61194e+06,1.74388e+07,0,0,0,6.97641e+07
85.139,85.139,3.71662,0.06,0.02,2.44827,2.75067,0,0.458678,4.47552,4.42214e+06,2.70226e+06,1.08266e+07,0,0,0,0,16.6335,61.308,2.45257,0,0.04,1.89796,1.59556,0,1.46605,2.96352,9.19011e+06,3.61194e+06,1.74424e+07,0,0,0,6.97641e+07
85.139,85.139,3.42834,0.05,0.02,2.71732,3.01972,0,0.458806,4.47552,4.42214e+06,2.70226e+06,1.20164e+07,0,0,0,0,16.6748,61.308,2.39552,0,0.04,2.086,1.7836,0,1.46636,2.96352,9.19011e+06,3.61194e+06,1.91706e+07,0,0,0,6.97641e+07
85.139,85.139,5.88451,0.05,0.02,2.71807,3.02047,0,0.509226,4.47552,4.42214e+06,2.70226e+06,1.20197e+07,0,0,0,0,16.9475,61.308,3.47698,0,0.04,2.08645,1.78405,0,1.61165,2.96352,9.19011e+06,3.61194e+06,1.91747e+07,0,0,0,6.97641e+07
85.139,85.139,4.61889,0.05,0.02,2.71883,3.02123,0,0.509367,4.47552,4.42214e+06,2.70226e+06,1.2023e+07,0,0,0,0,16.659,61.308,2.86881,0,0.04,2.08689,1.78449,0,1.61199,2.96352,9.19011e+06,3.61194e+06,1.91788e+07,0,0,0,6.97641e+07
85.139,85.139,3.3278,0.05,0.02,2.71958,3.02198,0,0.509508,4.47552,4.42214e+06,2.70226e+06,1.20264e+07,0,0,0,0,16.3066,61.308,1.82133,0,0.04,2.08734,1.78494,0,1.61233,2.96352,9.19011e+06,3.61194e+06,1.91829e+07,0,0,0,6.97641e+07
85.139,85.139,3.64963,0.04,0.02,2.33718,2.63958,0,0.509649,4.47552,4.42214e+06,2.70226e+06,1.03354e+07,0,0,0,0,16.2085,61.308,2.79144,0,0.04,1.8357,1.5333,0,1.61268,2.96352,9.19011e+06,3.61194e+06,1.68703e+07,0,0,0,6.97641e+07
85.139,85.139,4.66478,0.07,0.02,2.33784,2.64024,0,0.437988,4.47552,4.42214e+06,2.70226e+06,1.03383e+07,0,0,0,0,16.4051,61.308,3.50604,0,0.04,1.83609,1.53369,0,1.41826,2.96352,9.19011e+06,3.61194e+06,1.68738e+07,0,0,0,6.97641e+07
85.139,85.139,4.20333,0.07,0.02,2.3385,2.6409,0,0.438111,4.47552,4.42214e+06,2.70226e+06,1.03412e+07,0,0,0,0,16.5811,61.308,3.57553,0,0.04,1.83647,1.53407,0,1.41856,2.96352,9.19011e+06,3.61194e+06,1.68773e+07,0,0,0,6.97641e+07
85.139,85.139,4.91534,0.08,0.02,2.33916,2.64156,0,0.438235,4.47552,4.42214e+06,2.70226e+06,1.03441e+07,0,0,0,0,16.6913,61.308,3.13044,0,0.04,1.83685,1.53445,0,1.41886,2.96352,9.19011e+06,3.61194e+06,1.68809e+07,0,0,0,6.97641e+07
85.139,85.139,4.06774,0.09,0.02,2.33982,2.64222,0,0.438358,4.47552,4.42214e+06,2.70226e+06,1.0347e+07,0,0,0,0,16.6937,61.308,2.73345,0,0.04,1.83723,1.53483,0,1.41915,2.96352,9.19011e+06,3.61194e+06,1.68844e+07,0,0,0,6.97641e+07
85.139,85.139,4.27469,0.1,0.02,2.43704,2.73944,0,0.438482,4.47552,4.42214e+06,2.70226e+06,1.07769e+07,0,0,0,0,16.4396,61.308,2.39008,0,0.04,1.89936,1.59696,0,1.41945,2.96352,9.19011e+06,3.61194e+06,1.74553e+07,0,0,0,6.97641e+07
85.139,85.139,2.963,0.1,0.02,2.43772,2.74012,0,0.456702,4.47552,4.42214e+06,2.70226e+06,1.078e+07,0,0,0,0,16.0356,61.308,1.94615,0,0.04,1.89976,1.59736,0,1.46745,2.96352,9.19011e+06,3.61194e+06,1.7459e+07,0,0,0,6.97641e+07
85.139,85.139,3.12794,0.09,0.02,2.43841,2.74081,0,0.45683,4.47552,4.42214e+06,2.70226e+06,1.0783e+07,0,0,0,0,15.6894,61.308,1.89799,0,0.04,1.90016,1.59776,0,1.46775,2.96352,9.19011e+06,3.61194e+06,1.74627e+07,0,0,0,6.97641e+07
84.7379,85.139,2.50869,0.08,0.02,2.43909,2.74149,0,0.456958,4.47552,4.42214e+06,2.70226e+06,1.0786e+07,0,0,0,0,15.2905,61.308,1.88127,0,0.04,1.90056,1.59816,0,1.46806,2.96352,9.19011e+06,3.61194e+06,1.74663e+07,0,0,0,6.97641e+07
85.139,85.139,3.32065,0.12,0.02,2.40198,2.70438,0,0.457086,4.47552,4.42214e+06,2.70226e+06,1.06219e+07,0,0,0,0,14.8259,61.308,2.22757,0,0.04,1.87695,1.57455,0,1.46837,2.96352,9.19011e+06,3.61194e+06,1.72494e+07,0,0,0,6.97641e+07
84.9427,85.139,2.67247,0.08,0.02,2.40265,2.70505,0,0.450131,4.47552,4.42214e+06,2.70226e+06,1.06249e+07,0,0,0,0,14.3361,61.308,1.83442,0,0.04,1.87734,1.57494,0,1.45013,2.96352,9.19011e+06,3.61194e+06,1.7253e+07,0,0,0,6.97641e+07
84.5741,85.139,2.42165,0.12,0.02,2.40333,2.70573,0,0.450257,4.47552,4.42214e+06,2.70226e+06,1.06279e+07,0,0,0,0,13.8362,61.308,1.64618,0,0.04,1.87774,1.57534,0,1.45043,2.96352,9.19011e+06,3.61194e+06,1.72566e+07,0,0,0,6.97641e+07
84.1691,85.139,2.35061,0.11,0.02,2.404,2.7064,0,0.450384,4.47552,4.42214e+06,2.70226e+06,1.06308e+07,0,0,0,0,13.2911,61.308,1.76833,0,0.04,1.87813,1.57573,0,1.45074,2.96352,9.19011e+06,3.61194e+06,1.72602e+07,0,0,0,6.97641e+07
83.5333,85.139,2.23179,0.08,0.02,2.53309,2.83549,0,0.45051,4.47552,4.42214e+06,2.70226e+06,1.12017e+07,0,0,0,0,12.7865,61.308,1.68579,0,0.04,1.96373,1.66133,0,1.45104,2.96352,9.19011e+06,3.61194e+06,1.80469e+07,0,0,0,6.97641e+07
82.8538,85.139,2.15019,0.08,0.02,2.5338,2.8362,0,0.474702,4.47552,4.42214e+06,2.70226e+06,1.12048e+07,0,0,0,0,12.4042,61.308,1.7479,0,0.04,1.96415,1.66175,0,1.51718,2.96352,9.19011e+06,3.61194e+06,1.80507e+07,0,0,0,6.97641e+07
82.0982,85.139,2.05554,0.08,0.02,2.53451,2.83691,0,0.474834,4.47552,4.42214e+06,2.70226e+06,1.12079e+07,0,0,0,0,11.9852,61.308,1.76203,0,0.04,1.96456,1.66216,0,1.5175,2.96352,9.19011e+06,3.61194e+06,1.80545e+07,0,0,0,6.97641e+07
81.2599,85.139,1.96189,0.07,0.02,2.53521,2.83761,0,0.474967,4.47552,4.42214e+06,2.70226e+06,1.12111e+07,0,0,0,0,11.4839,61.308,1.70571,0,0.04,1.96498,1.66258,0,1.51782,2.96352,9.19011e+06,3.61194e+06,1.80583e+07,0,0,0,6.97641e+07
80.258,85.139,1.78602,0.06,0.02,2.53592,2.83832,0,0.475099,4.47552,4.42214e+06,2.70226e+06,1.12142e+07,0,0,0,0,10.8463,61.308,1.58649,0,0.04,1.96539,1.66299,0,1.51814,2.96352,9.19011e+06,3.61194e+06,1.80622e+07,0,0,0,6.97641e+07
79.0018,85.139,1.43504,0.04,0.02,2.5112,2.8136,0,0.475232,4.47552,4.42214e+06,2.70226e+06,1.11049e+07,0,0,0,0,10.1511,61.308,1.45013,0,0.04,2.0127,1.7103,0,1.51846,2.96352,9.19011e+06,3.61194e+06,1.84969e+07,0,0,0,6.97641e+07
77.6655,85.139,1.32956,0.07,0.02,2.5119,2.8143,0,0.470599,4.47552,4.42214e+06,2.70226e+06,1.1108e+07,0,0,0,0,9.5031,61.308,1.4019,0,0.04,2.01312,1.71072,0,1.55501,2.96352,9.19011e+06,3.61194e+06,1.85008e+07,0,0,0,6.97641e+07
76.2499,85.139,1.23621,0.07,0.02,2.5126,2.815,0,0.47073,4.47552,4.42214e+06,2.70226e+06,1.11111e+07,0,0,0,0,8.82117,61.308,1.45594,0,0.04,2.01355,1.71115,0,1.55534,2.96352,9.19011e+06,3.61194e+06,1.85047e+07,0,0,0,6.97641e+07
74.8075,85.139,1.19335,0.06,0.02,2.5133,2.8157,0,0.470862,4.47552,4.42214e+06,2.70226e+06,1.11142e+07,0,0,0,0,7.99299,61.308,1.40304,0,0.04,2.01398,1.71158,0,1.55567,2.96352,9.19011e+06,3.61194e+06,1.85087e+07,0,0,0,6.97641e+07
73.3121,85.139,1.17718,0.05,0.02,2.57974,2.88214,0,0.470993,4.47552,4.42214e+06,2.70226e+06,1.1408e+07,0,0,0,0,7.11943,61.308,1.25659,0,0.04,2.05624,1.75384,0,1.556,2.96352,9.19011e+06,3.61194e+06,1.8897e+07,0,0,0,6.97641e+07
71.7285,85.139,1.06247,0.08,0.02,2.58045,2.88285,0,0.483442,4.47552,4.42214e+06,2.70226e+06,1.14111e+07,0,0,0,0,6.13689,61.308,1.19251,0,0.04,2.05667,1.75427,0,1.58865,2.96352,9.19011e+06,3.61194e+06,1.89011e+07,0,0,0,6.97641e+07
70.0905,85.139,0.994254,0.1,0.02,2.58117,2.88357,0,0.483577,4.47552,4.42214e+06,2.70226e+06,1.14143e+07,0,0,0,0,5.19452,61.308,1.0929,0,0.04,2.05711,1.75471,0,1.58899,2.96352,9.19011e+06,3.61194e+06,1.89051e+07,0,0,0,6.97641e+07
68.4517,85.139,0.977273,0.09,0.02,2.58189,2.88429,0,0.483712,4.47552,4.42214e+06,2.70226e+06,1.14175e+07,0,0,0,0,4.31822,61.308,1.17012,0,0.04,2.05755,1.75515,0,1.58932,2.96352,9.19011e+06,3.61194e+06,1.89091e+07,0,0,0,6.97641e+07
66.6692,85.139,0.957254,0.09,0.02,2.77529,3.07769,0,0.483846,4.47552,4.42214e+06,2.70226e+06,1.22727e+07,0,0,0,0,3.32085,61.308,1.22464,0,0.04,2.20913,1.90673,0,1.58966,2.96352,9.19011e+06,3.61194e+06,2.03022e+07,0,0,0,6.97641e+07
64.6482,85.139,0.683773,0.13,0.02,2.77605,3.07845,0,0.520089,4.47552,4.42214e+06,2.70226e+06,1.22761e+07,0,0,0,0,2.43586,61.308,1.05596,0,0.04,2.20961,1.90721,0,1.70678,2.96352,9.19011e+06,3.61194e+06,2.03065e+07,0,0,0,6.97641e+07
62.8892,85.139,0.931379,0.13,0.02,2.77682,3.07922,0,0.520232,4.47552,4.42214e+06,2.70226e+06,1.22795e+07,0,0,0,0,1.69544,61.308,1.19143,0,0.04,2.21008,1.90768,0,1.70714,2.96352,9.19011e+06,3.61194e+06,2.03109e+07,0,0,0,6.97641e+07
61.5272,85.139,1.36555,0.12,0.02,2.77759,3.07999,0,0.520376,4.47552,4.42214e+06,2.70226e+06,1.22829e+07,0,0,0,0,0.961811,61.308,1.39837,0,0.04,1.69544,1.90816,0.51512,1.70751,2.96352,9.19011e+06,3.61194e+06,1.55813e+07,0,0,0,6.97641e+07
59.9484,85.139,1.13884,0.16,0.02,2.77835,3.08075,0,0.52052,4.47552,4.42214e+06,2.70226e+06,1.22863e+07,0,0,0,0,0.929917,61.308,1.26541,0,0.04,0.961811,1.90863,1.24922,1.3099,2.96352,9.19011e+06,3.61194e+06,8.83915e+06,0,0,0,6.97641e+07
58.017,85.139,0.645349,0.16,0.02,2.6851,2.9875,0,0.520663,4.47552,4.42214e+06,2.70226e+06,1.18739e+07,0,0,0,0,0.789802,61.308,1.26748,0,0.04,0.929917,1.81725,1.18974,0.743095,2.96352,9.19011e+06,3.61194e+06,8.54604e+06,0,0,0,6.97641e+07
56.1356,85.139,0.713881,0.16,0.02,2.68584,2.98824,0,0.503188,4.47552,4.42214e+06,2.70226e+06,1.18772e+07,0,0,0,0,1.06409,61.308,1.15666,0,0.04,0.789802,1.81771,1.3303,0.718454,2.96352,9.19011e+06,3.61194e+06,7.25836e+06,0,0,0,6.97641e+07
54.4995,85.139,0.955632,0.19,0.02,2.68659,2.98899,0,0.503327,4.47552,4.42214e+06,2.70226e+06,1.18805e+07,0,0,0,0,1.26647,61.308,1.50184,0,0.04,1.06409,1.81816,1.05647,0.610201,2.96352,9.19011e+06,3.61194e+06,9.77913e+06,0,0,0,6.97641e+07
53.1205,85.139,1.23667,0.19,0.02,2.68733,2.98973,0,0.503467,4.47552,4.42214e+06,2.70226e+06,1.18838e+07,0,0,0,0,1.18008,61.308,2.25288,0,0.04,1.26647,1.81861,0.854545,0.822118,2.96352,9.19011e+06,3.61194e+06,1.1639e+07,0,0,0,6.97641e+07
51.5146,85.139,0.910838,0.19,0.02,2.61082,2.91322,0,0.503606,4.47552,4.42214e+06,2.70226e+06,1.15454e+07,0,0,0,0,0.704534,61.308,1.32667,0,0.04,1.18008,1.73537,0.857694,0.978472,2.96352,9.19011e+06,3.61194e+06,1.0845e+07,0,0,0,6.97641e+07
49.8927,85.139,0.943526,0.19,0.02,2.61155,2.91395,0,0.489269,4.47552,4.42214e+06,2.70226e+06,1.15486e+07,0,0,0,0,0.681606,61.308,0.932265,0,0.04,0.704534,1.7358,1.33367,0.911726,2.96352,9.19011e+06,3.61194e+06,6.47474e+06,0,0,0,6.97641e+07
48.1599,85.139,0.800396,0.23,0.02,2.61228,2.91468,0,0.489405,4.47552,4.42214e+06,2.70226e+06,1.15519e+07,0,0,0,0,1.18287,61.308,1.11805,0,0.04,0.681606,1.73623,1.35703,0.544323,2.96352,9.19011e+06,3.61194e+06,6.26403e+06,0,0,0,6.97641e+07
48.0458,85.139,2.47893,0.23,0.02,2.613,2.9154,0,0.48954,4.47552,4.42214e+06,2.70226e+06,1.15551e+07,0,0,0,0,1.77432,61.308,3.57621,0,0.04,1.18287,1.73667,0.856195,0.526609,2.96352,9.19011e+06,3.61194e+06,1.08707e+07,0,0,0,6.97641e+07
47.8571,85.139,2.22919,0.22,0.02,2.39411,2.69651,0,0.489676,4.47552,4.42214e+06,2.70226e+06,1.05871e+07,0,0,0,0,1.7062,61.308,2.14839,0,0.04,1.77432,1.56261,0.0906879,0.913886,2.96352,9.19011e+06,3.61194e+06,1.63062e+07,0,0,0,6.97641e+07
48.2438,85.139,2.82527,0.22,0.02,2.39478,2.69718,0,0.448656,4.47552,4.42214e+06,2.70226e+06,1.05901e+07,0,0,0,0,1.32006,61.308,2.1862,0,0.04,1.7062,1.563,0.159206,1.37084,2.96352,9.19011e+06,3.61194e+06,1.56801e+07,0,0,0,6.97641e+07
49.1185,85.139,3.343,0.22,0.02,2.39545,2.69785,0,0.448782,4.47552,4.42214e+06,2.70226e+06,1.0593e+07,0,0,0,0,1.43994,61.308,2.78962,0,0.04,1.32006,1.56339,0.545727,1.31821,2.96352,9.19011e+06,3.61194e+06,1.21315e+07,0,0,0,6.97641e+07
49.598,85.139,2.91786,0.23,0.02,2.39612,2.69852,0,0.448908,4.47552,4.42214e+06,2.70226e+06,1.0596e+07,0,0,0,0,1.30202,61.308,1.9389,0,0.04,1.43994,1.56378,0.426242,1.01988,2.96352,9.19011e+06,3.61194e+06,1.32332e+07,0,0,0,6.97641e+07
50.4261,85.139,3.27522,0.26,0.02,2.39679,2.69919,0,0.449033,4.47552,4.42214e+06,2.70226e+06,1.0599e+07,0,0,0,0,1.51108,61.308,2.64408,0,0.04,1.30202,1.56417,0.564553,1.1125,2.96352,9.19011e+06,3.61194e+06,1.19657e+07,0,0,0,6.97641e+07
56.2273,85.139,8.73233,0.29,0.04,2.48203,2.78443,0,0.449159,4.47552,4.42214e+06,2.70226e+06,1.09759e+07,0,0,0,0,3.74875,61.308,9.57495,0,0.04,1.91754,1.61514,0,1.00594,2.96352,9.19011e+06,3.61194e+06,1.76224e+07,0,0,0,6.97641e+07
61.5423,85.139,8.39322,0.25,0.04,2.48269,2.78509,0,0.465132,4.47552,4.42214e+06,2.70226e+06,1.09788e+07,0,0,0,0,5.85544,61.308,8.39857,0,0.04,1.91792,1.61552,0,1.48149,2.96352,9.19011e+06,3.61194e+06,1.76259e+07,0,0,0,6.97641e+07
66.5268,85.139,8.03205,0.23,0.04,2.48336,2.78576,0,0.465257,4.47552,4.42214e+06,2.70226e+06,1.09818e+07,0,0,0,0,7.49599,61.308,7.86984,0,0.04,1.91831,1.61591,0,1.48179,2.96352,9.19011e+06,3.61194e+06,1.76295e+07,0,0,0,6.97641e+07
71.8824,85.139,8.49971,0.2,0.04,2.48402,2.78642,0,0.465381,4.47552,4.42214e+06,2.70226e+06,1.09847e+07,0,0,0,0,9.96551,61.308,11.1244,0,0.04,1.91869,1.61629,0,1.48208,2.96352,9.19011e+06,3.61194e+06,1.7633e+07,0,0,0,6.97641e+07
74.9669,85.139,6.36779,0.16,0.04,2.75653,3.05893,0,0.465506,4.47552,4.42214e+06,2.70226e+06,1.21898e+07,0,0,0,0,11.6205,61.308,7.47316,0,0.04,2.10917,1.80677,0,1.48238,2.96352,9.19011e+06,3.61194e+06,1.93835e+07,0,0,0,6.97641e+07
76.9735,85.139,5.25725,0.13,0.04,2.75726,3.05966,0,0.516575,4.47552,4.42214e+06,2.70226e+06,1.2193e+07,0,0,0,0,13.3409,61.308,6.74963,0,0.04,2.1096,1.8072,0,1.62954,2.96352,9.19011e+06,3.61194e+06,1.93874e+07,0,0,0,6.97641e+07
78.5583,85.139,4.84878,0.14,0.04,2.758,3.0604,0,0.516711,4.47552,4.42214e+06,2.70226e+06,1.21962e+07,0,0,0,0,14.9707,61.308,6.44711,0,0.04,2.11003,1.80763,0,1.62987,2.96352,9.19011e+06,3.61194e+06,1.93914e+07,0,0,0,6.97641e+07
80.1602,85.139,4.85215,0.15,0.04,2.75873,3.06113,0,0.516848,4.47552,4.42214e+06,2.70226e+06,1.21995e+07,0,0,0,0,16.8216,61.308,6.96106,0,0.04,2.11046,1.80806,0,1.63021,2.96352,9.19011e+06,3.61194e+06,1.93954e+07,0,0,0,6.97641e+07
83.5973,85.139,6.56325,0.13,0.04,2.37135,2.67375,0,0.516985,4.47552,4.42214e+06,2.70226e+06,1.04864e+07,0,0,0,0,19.0927,61.308,8.57264,0,0.04,1.85555,1.55315,0,1.63054,2.96352,9.19011e+06,3.61194e+06,1.70527e+07,0,0,0,6.97641e+07
85.139,85.139,7.12317,0.14,0.04,2.37198,2.67438,0,0.44439,4.47552,4.42214e+06,2.70226e+06,1.04892e+07,0,0,0,0,22.16,61.308,10.1895,0,0.04,1.85592,1.55352,0,1.4336,2.96352,9.19011e+06,3.61194e+06,1.70561e+07,0,0,0,6.97641e+07
85.139,85.139,6.37738,0.09,0.04,2.37262,2.67502,0,0.44451,4.47552,4.42214e+06,2.70226e+06,1.04921e+07,0,0,0,0,24.7899,61.308,10.0365,0,0.04,1.85629,1.55389,0,1.43388,2.96352,9.19011e+06,3.61194e+06,1.70595e+07,0,0,0,6.97641e+07
85.139,85.139,8.79276,0.1,0.04,2.37326,2.67566,0,0.444629,4.47552,4.42214e+06,2.70226e+06,1.04949e+07,0,0,0,0,27.9569,61.308,11.3527,0,0.04,1.85666,1.55426,0,1.43417,2.96352,9.19011e+06,3.61194e+06,1.70629e+07,0,0,0,6.97641e+07
85.139,85.139,7.66976,0.12,0.04,2.3739,2.6763,0,0.444749,4.47552,4.42214e+06,2.70226e+06,1.04977e+07,0,0,0,0,30.6979,61.308,10.5484,0,0.04,1.85703,1.55463,0,1.43446,2.96352,9.19011e+06,3.61194e+06,1.70663e+07,0,0,0,6.97641e+07
85.139,85.139,4.34531,0.12,0.04,2.47235,2.77475,0,0.444869,4.47552,4.42214e+06,2.70226e+06,1.09331e+07,0,0,0,0,31.2695,61.308,4.08386,0,0.04,1.91994,1.61754,0,1.43474,2.96352,9.19011e+06,3.61194e+06,1.76445e+07,0,0,0,6.97641e+07
85.139,85.139,5.28384,0.12,0.04,2.47301,2.77541,0,0.463318,4.47552,4.42214e+06,2.70226e+06,1.0936e+07,0,0,0,0,32.2899,61.308,5.23001,0,0.04,1.92033,1.61793,0,1.48335,2.96352,9.19011e+06,3.61194e+06,1.7648e+07,0,0,0,6.97641e+07
85.139,85.139,6.74419,0.12,0.04,2.47367,2.77607,0,0.463442,4.47552,4.42214e+06,2.70226e+06,1.09389e+07,0,0,0,0,33.9107,61.308,7.61747,0,0.04,1.92071,1.61831,0,1.48365,2.96352,9.19011e+06,3.61194e+06,1.76516e+07,0,0,0,6.97641e+07
85.139,85.139,4.80722,0.12,0.04,2.47433,2.77673,0,0.463566,4.47552,4.42214e+06,2.70226e+06,1.09418e+07,0,0,0,0,34.9406,61.308,5.15513,0,0.04,1.9211,1.6187,0,1.48394,2.96352,9.19011e+06,3.61194e+06,1.76551e+07,0,0,0,6.97641e+07
85.139,85.139,4.68055,0.11,0.04,2.43672,2.73912,0,0.46369,4.47552,4.42214e+06,2.70226e+06,1.07755e+07,0,0,0,0,35.6013,61.308,4.75817,0,0.04,1.89717,1.59477,0,1.48424,2.96352,9.19011e+06,3.61194e+06,1.74352e+07,0,0,0,6.97641e+07
85.139,85.139,4.07818,0.1,0.04,2.43737,2.73977,0,0.45664,4.47552,4.42214e+06,2.70226e+06,1.07784e+07,0,0,0,0,36.0178,61.308,4.21484,0,0.04,1.89755,1.59515,0,1.46576,2.96352,9.19011e+06,3.61194e+06,1.74387e+07,0,0,0,6.97641e+07
85.139,85.139,3.64148,0.09,0.04,2.43802,2.74042,0,0.456763,4.47552,4.42214e+06,2.70226e+06,1.07813e+07,0,0,0,0,36.2023,61.308,3.2977,0,0.04,1.89793,1.59553,0,1.46605,2.96352,9.19011e+06,3.61194e+06,1.74422e+07,0,0,0,6.97641e+07
85.139,85.139,3.37586,0.09,0.04,2.43868,2.74108,0,0.456885,4.47552,4.42214e+06,2.70226e+06,1.07842e+07,0,0,0,0,36.3084,61.308,3.27612,0,0.04,1.89831,1.59591,0,1.46634,2.96352,9.19011e+06,3.61194e+06,1.74457e+07,0,0,0,6.97641e+07
85.139,85.139,3.20236,0.09,0.04,2.56939,2.87179,0,0.457008,4.47552,4.42214e+06,2.70226e+06,1.13622e+07,0,0,0,0,36.4105,61.308,3.73964,0,0.04,1.985,1.6826,0,1.46664,2.96352,9.19011e+06,3.61194e+06,1.82424e+07,0,0,0,6.97641e+07
85.139,85.139,3.66436,0.07,0.04,2.57007,2.87247,0,0.481503,4.47552,4.42214e+06,2.70226e+06,1.13652e+07,0,0,0,0,36.6299,61.308,3.78065,0,0.04,1.9854,1.683,0,1.53361,2.96352,9.19011e+06,3.61194e+06,1.8246e+07,0,0,0,6.97641e+07
85.139,85.139,3.20206,0.06,0.04,2.57076,2.87316,0,0.481632,4.47552,4.42214e+06,2.70226e+06,1.13683e+07,0,0,0,0,36.7685,61.308,3.52613,0,0.04,1.9858,1.6834,0,1.53392,2.96352,9.19011e+06,3.61194e+06,1.82497e+07,0,0,0,6.97641e+07
85.139,85.139,3.00718,0.04,0.04,2.57144,2.87384,0,0.48176,4.47552,4.42214e+06,2.70226e+06,1.13713e+07,0,0,0,0,36.8419,61.308,3.36995,0,0.04,1.9862,1.6838,0,1.53423,2.96352,9.19011e+06,3.61194e+06,1.82534e+07,0,0,0,6.97641e+07
85.139,85.139,2.85452,0.04,0.04,2.57213,2.87453,0,0.481888,4.47552,4.42214e+06,2.70226e+06,1.13743e+07,0,0,0,0,36.8659,61.308,3.13776,0,0.04,1.9866,1.6842,0,1.53454,2.96352,9.19011e+06,3.61194e+06,1.82571e+07,0,0,0,6.97641e+07
85.133,85.139,2.80408,0.03,0.04,2.54706,2.84946,0,0.482017,4.47552,4.42214e+06,2.70226e+06,1.12635e+07,0,0,0,0,36.7097,61.308,3.33624,0,0.04,2.0345,1.7321,0,1.53485,2.96352,9.19011e+06,3.61194e+06,1.86973e+07,0,0,0,6.97641e+07
84.9133,85.139,2.5882,0.04,0.04,2.54774,2.85014,0,0.47732,4.47552,4.42214e+06,2.70226e+06,1.12665e+07,0,0,0,0,36.5332,61.308,3.31669,0,0.04,2.03491,1.73251,0,1.57185,2.96352,9.19011e+06,3.61194e+06,1.8701e+07,0,0,0,6.97641e+07
84.4772,85.139,2.36441,0.04,0.04,2.54842,2.85082,0,0.477447,4.47552,4.42214e+06,2.70226e+06,1.12695e+07,0,0,0,0,36.3119,61.308,2.92178,0,0.04,2.03532,1.73292,0,1.57217,2.96352,9.19011e+06,3.61194e+06,1.87048e+07,0,0,0,6.97641e+07
83.8801,85.139,2.16872,0.03,0.04,2.5491,2.8515,0,0.477574,4.47552,4.42214e+06,2.70226e+06,1.12725e+07,0,0,0,0,36.035,61.308,2.88091,0,0.04,2.03574,1.73334,0,1.57249,2.96352,9.19011e+06,3.61194e+06,1.87086e+07,0,0,0,6.97641e+07
83.1378,85.139,2.03711,0.03,0.04,2.61634,2.91874,0,0.477701,4.47552,4.42214e+06,2.70226e+06,1.15698e+07,0,0,0,0,35.6927,61.308,2.60754,0,0.04,2.07851,1.77611,0,1.57281,2.96352,9.19011e+06,3.61194e+06,1.91018e+07,0,0,0,6.97641e+07
82.3568,85.139,2.03151,0.04,0.04,2.61704,2.91944,0,0.490303,4.47552,4.42214e+06,2.70226e+06,1.15729e+07,0,0,0,0,35.3585,61.308,2.78351,0,0.04,2.07894,1.77654,0,1.60586,2.96352,9.19011e+06,3.61194e+06,1.91057e+07,0,0,0,6.97641e+07
81.4526,85.139,1.874,0.04,0.04,2.61774,2.92014,0,0.490433,4.47552,4.42214e+06,2.70226e+06,1.1576e+07,0,0,0,0,34.957,61.308,2.68719,0,0.04,2.07936,1.77696,0,1.60619,2.96352,9.19011e+06,3.61194e+06,1.91096e+07,0,0,0,6.97641e+07
80.3941,85.139,1.70573,0.04,0.04,2.61843,2.92083,0,0.490564,4.47552,4.42214e+06,2.70226e+06,1.15791e+07,0,0,0,0,34.5245,61.308,2.31725,0,0.04,2.07978,1.77738,0,1.60651,2.96352,9.19011e+06,3.61194e+06,1.91134e+07,0,0,0,6.97641e+07
79.3161,85.139,1.84266,0.04,0.04,2.81424,3.11664,0,0.490694,4.47552,4.42214e+06,2.70226e+06,1.2445e+07,0,0,0,0,34.197,61.308,3.01312,0,0.04,2.23327,1.93087,0,1.60684,2.96352,9.19011e+06,3.61194e+06,2.0524e+07,0,0,0,6.97641e+07
77.7605,85.139,1.37399,0.07,0.04,2.81499,3.11739,0,0.527389,4.47552,4.42214e+06,2.70226e+06,1.24483e+07,0,0,0,0,33.7988,61.308,2.55296,0,0.04,2.23373,1.93133,0,1.72542,2.96352,9.19011e+06,3.61194e+06,2.05282e+07,0,0,0,6.97641e+07
76.1454,85.139,1.29507,0.07,0.04,2.81573,3.11813,0,0.527529,4.47552,4.42214e+06,2.70226e+06,1.24516e+07,0,0,0,0,33.3608,61.308,2.38447,0,0.04,2.23419,1.93179,0,1.72578,2.96352,9.19011e+06,3.61194e+06,2.05325e+07,0,0,0,6.97641e+07
75.0019,85.139,1.76205,0.07,0.04,2.81647,3.11887,0,0.527668,4.47552,4.42214e+06,2.70226e+06,1.24548e+07,0,0,0,0,32.9743,61.308,2.69318,0,0.04,2.23465,1.93225,0,1.72614,2.96352,9.19011e+06,3.61194e+06,2.05367e+07,0,0,0,6.97641e+07
74.6015,85.139,2.58494,0.08,0.04,2.81722,3.11962,0,0.527807,4.47552,4.42214e+06,2.70226e+06,1.24581e+07,0,0,0,0,32.7665,61.308,3.13695,0,0.04,2.23511,1.93271,0,1.72649,2.96352,9.19011e+06,3.61194e+06,2.05409e+07,0,0,0,6.97641e+07
74.0375,85.139,2.30367,0.08,0.04,2.72275,3.02515,0,0.527946,4.47552,4.42214e+06,2.70226e+06,1.20404e+07,0,0,0,0,32.5604,61.308,3.12137,0,0.04,2.14256,1.84016,0,1.72685,2.96352,9.19011e+06,3.61194e+06,1.96903e+07,0,0,0,6.97641e+07
72.7148,85.139,1.58873,0.08,0.04,2.72347,3.02587,0,0.510244,4.47552,4.42214e+06,2.70226e+06,1.20436e+07,0,0,0,0,32.1761,61.308,2.69156,0,0.04,2.143,1.8406,0,1.65534,2.96352,9.19011e+06,3.61194e+06,1.96944e+07,0,0,0,6.97641e+07
70.9223,85.139,1.05353,0.1,0.04,2.7242,3.0266,0,0.510379,4.47552,4.42214e+06,2.70226e+06,1.20468e+07,0,0,0,0,31.6769,61.308,1.75192,0,0.04,2.14343,1.84103,0,1.65568,2.96352,9.19011e+06,3.61194e+06,1.96984e+07,0,0,0,6.97641e+07
70.014,85.139,1.99327,0.1,0.04,2.72492,3.02732,0,0.510514,4.47552,4.42214e+06,2.70226e+06,1.205e+07,0,0,0,0,31.3573,61.308,2.62081,0,0.04,2.14387,1.84147,0,1.65602,2.96352,9.19011e+06,3.61194e+06,1.97024e+07,0,0,0,6.97641e+07
69.7838,85.139,2.66476,0.11,0.04,2.64742,2.94982,0,0.510649,4.47552,4.42214e+06,2.70226e+06,1.17072e+07,0,0,0,0,31.3431,61.308,4.441,0,0.04,2.05957,1.75717,0,1.65636,2.96352,9.19011e+06,3.61194e+06,1.89276e+07,0,0,0,6.97641e+07
68.3277,85.139,1.38649,0.11,0.04,2.64812,2.95052,0,0.496126,4.47552,4.42214e+06,2.70226e+06,1.17104e+07,0,0,0,0,30.971,61.308,2.53183,0,0.04,2.05998,1.75758,0,1.59122,2.96352,9.19011e+06,3.61194e+06,1.89315e+07,0,0,0,6.97641e+07
67.3734,85.139,2.00457,0.12,0.04,2.64882,2.95122,0,0.496257,4.47552,4.42214e+06,2.70226e+06,1.17135e+07,0,0,0,0,30.8727,61.308,3.2771,0,0.04,2.0604,1.758,0,1.59154,2.96352,9.19011e+06,3.61194e+06,1.89353e+07,0,0,0,6.97641e+07
68.2666,85.139,3.93258,0.13,0.04,2.64952,2.95192,0,0.496389,4.47552,4.42214e+06,2.70226e+06,1.17166e+07,0,0,0,0,31.0306,61.308,4.80677,0,0.04,2.06082,1.75842,0,1.59187,2.96352,9.19011e+06,3.61194e+06,1.89392e+07,0,0,0,6.97641e+07
68.869,85.139,3.515,0.12,0.04,2.42786,2.73026,0,0.496521,4.47552,4.42214e+06,2.70226e+06,1.07363e+07,0,0,0,0,30.9364,61.308,4.38543,0,0.04,1.88457,1.58217,0,1.59219,2.96352,9.19011e+06,3.61194e+06,1.73194e+07,0,0,0,6.97641e+07
68.5458,85.139,2.44762,0.13,0.04,2.42851,2.73091,0,0.454981,4.47552,4.42214e+06,2.70226e+06,1.07392e+07,0,0,0,0,30.6972,61.308,2.65271,0,0.04,1.88495,1.58255,0,1.45602,2.96352,9.19011e+06,3.61194e+06,1.73229e+07,0,0,0,6.97641e+07
68.6199,85.139,2.95218,0.13,0.04,2.42916,2.73156,0,0.455103,4.47552,4.42214e+06,2.70226e+06,1.07421e+07,0,0,0,0,30.6134,61.308,4.12609,0,0.04,1.88532,1.58292,0,1.45631,2.96352,9.19011e+06,3.61194e+06,1.73263e+07,0,0,0,6.97641e+07
68.6235,85.139,2.85343,0.13,0.04,2.42981,2.73221,0,0.455225,4.47552,4.42214e+06,2.70226e+06,1.0745e+07,0,0,0,0,30.5379,61.308,3.54737,0,0.04,1.8857,1.5833,0,1.4566,2.96352,9.19011e+06,3.61194e+06,1.73298e+07,0,0,0,6.97641e+07
68.7127,85.139,2.99101,0.14,0.04,2.43046,2.73286,0,0.455347,4.47552,4.42214e+06,2.70226e+06,1.07478e+07,0,0,0,0,30.4235,61.308,3.26597,0,0.04,1.88608,1.58368,0,1.45689,2.96352,9.19011e+06,3.61194e+06,1.73333e+07,0,0,0,6.97641e+07
69.4423,85.139,3.74644,0.15,0.04,2.51673,2.81913,0,0.455469,4.47552,4.42214e+06,2.70226e+06,1.11293e+07,0,0,0,0,30.4541,61.308,3.12773,0,0.04,1.93766,1.63526,0,1.45718,2.96352,9.19011e+06,3.61194e+06,1.78073e+07,0,0,0,6.97641e+07
73.0966,85.139,6.67191,0.15,0.04,2.51737,2.81977,0,0.471635,4.47552,4.42214e+06,2.70226e+06,1.11322e+07,0,0,0,0,30.7553,61.308,4.57049,0,0.04,1.93804,1.63564,0,1.49704,2.96352,9.19011e+06,3.61194e+06,1.78108e+07,0,0,0,6.97641e+07
74.3948,85.139,4.37888,0.16,0.04,2.51802,2.82042,0,0.471756,4.47552,4.42214e+06,2.70226e+06,1.1135e+07,0,0,0,0,30.7902,61.308,4.20981,0,0.04,1.93841,1.63601,0,1.49733,2.96352,9.19011e+06,3.61194e+06,1.78142e+07,0,0,0,6.97641e+07
79.0886,85.139,7.66931,0.14,0.04,2.51866,2.82106,0,0.471876,4.47552,4.42214e+06,2.70226e+06,1.11379e+07,0,0,0,0,30.466,61.308,2.91163,0,0.04,1.93878,1.63638,0,1.49762,2.96352,9.19011e+06,3.61194e+06,1.78176e+07,0,0,0,6.97641e+07
81.7408,85.139,5.94766,0.14,0.04,2.79453,3.09693,0,0.471997,4.47552,4.42214e+06,2.70226e+06,1.23578e+07,0,0,0,0,30.3006,61.308,3.73942,0,0.04,2.13161,1.82921,0,1.4979,2.96352,9.19011e+06,3.61194e+06,1.95897e+07,0,0,0,6.97641e+07
81.678,85.139,3.10046,0.12,0.04,2.79523,3.09763,0,0.523694,4.47552,4.42214e+06,2.70226e+06,1.23609e+07,0,0,0,0,30.1469,61.308,3.45503,0,0.04,2.13202,1.82962,0,1.64688,2.96352,9.19011e+06,3.61194e+06,1.95935e+07,0,0,0,6.97641e+07
81.568,85.139,3.04784,0.12,0.04,2.79594,3.09834,0,0.523826,4.47552,4.42214e+06,2.70226e+06,1.2364e+07,0,0,0,0,29.9278,61.308,2.63194,0,0.04,2.13244,1.83004,0,1.6472,2.96352,9.19011e+06,3.61194e+06,1.95974e+07,0,0,0,6.97641e+07
83.2046,85.139,5.02277,0.13,0.04,2.79665,3.09905,0,0.523959,4.47552,4.42214e+06,2.70226e+06,1.23672e+07,0,0,0,0,30.0624,61.308,3.7747,0,0.04,2.13286,1.83046,0,1.64752,2.96352,9.19011e+06,3.61194e+06,1.96012e+07,0,0,0,6.97641e+07
85.139,85.139,7.21239,0.13,0.04,2.40444,2.70684,0,0.524091,4.47552,4.42214e+06,2.70226e+06,1.06328e+07,0,0,0,0,30.1349,61.308,3.98038,0,0.04,1.87477,1.57237,0,1.64785,2.96352,9.19011e+06,3.61194e+06,1.72294e+07,0,0,0,6.97641e+07
85.139,85.139,5.32556,0.08,0.04,2.40506,2.70746,0,0.450592,4.47552,4.42214e+06,2.70226e+06,1.06355e+07,0,0,0,0,30.2129,61.308,3.86107,0,0.04,1.87513,1.57273,0,1.44845,2.96352,9.19011e+06,3.61194e+06,1.72327e+07,0,0,0,6.97641e+07
85.139,85.139,6.74973,0.11,0.04,2.40567,2.70807,0,0.450707,4.47552,4.42214e+06,2.70226e+06,1.06382e+07,0,0,0,0,30.307,61.308,4.0155,0,0.04,1.87549,1.57309,0,1.44873,2.96352,9.19011e+06,3.61194e+06,1.72359e+07,0,0,0,6.97641e+07
85.139,85.139,5.81303,0.12,0.04,2.40629,2.70869,0,0.450823,4.47552,4.42214e+06,2.70226e+06,1.0641e+07,0,0,0,0,30.2147,61.308,3.20819,0,0.04,1.87585,1.57345,0,1.449,2.96352,9.19011e+06,3.61194e+06,1.72392e+07,0,0,0,6.97641e+07
85.139,85.139,5.80918,0.12,0.04,2.40691,2.70931,0,0.450939,4.47552,4.42214e+06,2.70226e+06,1.06437e+07,0,0,0,0,30.1766,61.308,3.96151,0,0.04,1.87621,1.57381,0,1.44928,2.96352,9.19011e+06,3.61194e+06,1.72425e+07,0,0,0,6.97641e+07
85.139,85.139,6.05027,0.12,0.04,2.50654,2.80894,0,0.451055,4.47552,4.42214e+06,2.70226e+06,1.10843e+07,0,0,0,0,30.1248,61.308,3.41743,0,0.04,1.93988,1.63748,0,1.44956,2.96352,9.19011e+06,3.61194e+06,1.78277e+07,0,0,0,6.97641e+07
85.139,85.139,5.24843,0.12,0.04,2.50718,2.80958,0,0.469726,4.47552,4.42214e+06,2.70226e+06,1.10871e+07,0,0,0,0,30.0554,61.308,3.70498,0,0.04,1.94025,1.63785,0,1.49875,2.96352,9.19011e+06,3.61194e+06,1.78311e+07,0,0,0,6.97641e+07
85.139,85.139,5.84247,0.12,0.04,2.50782,2.81022,0,0.469846,4.47552,4.42214e+06,2.70226e+06,1.10899e+07,0,0,0,0,30.1258,61.308,3.62972,0,0.04,1.94062,1.63822,0,1.49904,2.96352,9.19011e+06,3.61194e+06,1.78345e+07,0,0,0,6.97641e+07
85.139,85.139,4.83544,0.12,0.04,2.50846,2.81086,0,0.469966,4.47552,4.42214e+06,2.70226e+06,1.10928e+07,0,0,0,0,30.075,61.308,3.51189,0,0.04,1.941,1.6386,0,1.49933,2.96352,9.19011e+06,3.61194e+06,1.7838e+07,0,0,0,6.97641e+07
85.139,85.139,3.48003,0.13,0.04,2.47035,2.77275,0,0.470086,4.47552,4.42214e+06,2.70226e+06,1.09243e+07,0,0,0,0,29.772,61.308,2.47913,0,0.04,1.91676,1.61436,0,1.49961,2.96352,9.19011e+06,3.61194e+06,1.76152e+07,0,0,0,6.97641e+07
85.1285,85.139,2.8727,0.12,0.04,2.47099,2.77339,0,0.462944,4.47552,4.42214e+06,2.70226e+06,1.0927e+07,0,0,0,0,29.404,61.308,2.24879,0,0.04,1.91713,1.61473,0,1.48089,2.96352,9.19011e+06,3.61194e+06,1.76186e+07,0,0,0,6.97641e+07
85.139,85.139,4.48171,0.16,0.04,2.47162,2.77402,0,0.463063,4.47552,4.42214e+06,2.70226e+06,1.09298e+07,0,0,0,0,29.1604,61.308,2.79856,0,0.04,1.91749,1.61509,0,1.48117,2.96352,9.19011e+06,3.61194e+06,1.7622e+07,0,0,0,6.97641e+07
85.0969,85.139,2.78694,0.09,0.04,2.47225,2.77465,0,0.463181,4.47552,4.42214e+06,2.70226e+06,1.09326e+07,0,0,0,0,28.792,61.308,2.22773,0,0.04,1.91786,1.61546,0,1.48146,2.96352,9.19011e+06,3.61194e+06,1.76254e+07,0,0,0,6.97641e+07
84.7024,85.139,2.51736,0.15,0.04,2.60453,2.90693,0,0.4633,4.47552,4.42214e+06,2.70226e+06,1.15176e+07,0,0,0,0,28.3798,61.308,2.03812,0,0.04,2.00559,1.70319,0,1.48174,2.96352,9.19011e+06,3.61194e+06,1.84316e+07,0,0,0,6.97641e+07
84.5078,85.139,2.67058,0.11,0.04,2.6052,2.9076,0,0.48809,4.47552,4.42214e+06,2.70226e+06,1.15205e+07,0,0,0,0,27.9752,61.308,2.07685,0,0.04,2.00598,1.70358,0,1.54952,2.96352,9.19011e+06,3.61194e+06,1.84352e+07,0,0,0,6.97641e+07
83.9781,85.139,2.32507,0.1,0.04,2.60586,2.90826,0,0.488214,4.47552,4.42214e+06,2.70226e+06,1.15235e+07,0,0,0,0,27.5398,61.308,2.04846,0,0.04,2.00637,1.70397,0,1.54982,2.96352,9.19011e+06,3.61194e+06,1.84387e+07,0,0,0,6.97641e+07
83.2295,85.139,2.09454,0.09,0.04,2.60652,2.90892,0,0.488338,4.47552,4.42214e+06,2.70226e+06,1.15264e+07,0,0,0,0,27.0393,61.308,1.75326,0,0.04,2.00676,1.70436,0,1.55012,2.96352,9.19011e+06,3.61194e+06,1.84423e+07,0,0,0,6.97641e+07
82.3707,85.139,1.95066,0.08,0.04,2.60718,2.90958,0,0.488462,4.47552,4.42214e+06,2.70226e+06,1.15293e+07,0,0,0,0,26.5149,61.308,1.74929,0,0.04,2.00714,1.70474,0,1.55042,2.96352,9.19011e+06,3.61194e+06,1.84459e+07,0,0,0,6.97641e+07
82.2245,85.139,2.62775,0.07,0.04,2.58178,2.88418,0,0.488586,4.47552,4.42214e+06,2.70226e+06,1.1417e+07,0,0,0,0,26.0241,61.308,1.84572,0,0.04,2.0556,1.7532,0,1.55072,2.96352,9.19011e+06,3.61194e+06,1.88912e+07,0,0,0,6.97641e+07
82.0233,85.139,2.57006,0.05,0.04,2.58244,2.88484,0,0.483826,4.47552,4.42214e+06,2.70226e+06,1.14199e+07,0,0,0,0,25.5352,61.308,1.84275,0,0.04,2.056,1.7536,0,1.58816,2.96352,9.19011e+06,3.61194e+06,1.88949e+07,0,0,0,6.97641e+07
81.5947,85.139,2.33942,0.04,0.04,2.5831,2.8855,0,0.483949,4.47552,4.42214e+06,2.70226e+06,1.14228e+07,0,0,0,0,25.0213,61.308,1.75305,0,0.04,2.0564,1.754,0,1.58847,2.96352,9.19011e+06,3.61194e+06,1.88986e+07,0,0,0,6.97641e+07
80.976,85.139,2.12571,0.05,0.04,2.58375,2.88615,0,0.484072,4.47552,4.42214e+06,2.70226e+06,1.14257e+07,0,0,0,0,24.4925,61.308,1.59956,0,0.04,2.0568,1.7544,0,1.58878,2.96352,9.19011e+06,3.61194e+06,1.89022e+07,0,0,0,6.97641e+07
80.393,85.139,2.1816,0.04,0.04,2.65178,2.95418,0,0.484195,4.47552,4.42214e+06,2.70226e+06,1.17266e+07,0,0,0,0,23.924,61.308,1.6658,0,0.04,2.10008,1.79768,0,1.58908,2.96352,9.19011e+06,3.61194e+06,1.93e+07,0,0,0,6.97641e+07
79.8639,85.139,2.22973,0.04,0.04,2.65246,2.95486,0,0.496944,4.47552,4.42214e+06,2.70226e+06,1.17295e+07,0,0,0,0,23.3796,61.308,1.69444,0,0.04,2.10049,1.79809,0,1.62252,2.96352,9.19011e+06,3.61194e+06,1.93037e+07,0,0,0,6.97641e+07
79.1253,85.139,2.01087,0.04,0.04,2.65313,2.95553,0,0.49707,4.47552,4.42214e+06,2.70226e+06,1.17325e+07,0,0,0,0,22.7551,61.308,1.63034,0,0.04,2.1009,1.7985,0,1.62284,2.96352,9.19011e+06,3.61194e+06,1.93075e+07,0,0,0,6.97641e+07
78.22,85.139,1.83337,0.07,0.04,2.6538,2.9562,0,0.497197,4.47552,4.42214e+06,2.70226e+06,1.17355e+07,0,0,0,0,22.1064,61.308,1.49306,0,0.04,2.10131,1.79891,0,1.62315,2.96352,9.19011e+06,3.61194e+06,1.93113e+07,0,0,0,6.97641e+07
76.9368,85.139,1.59608,0.07,0.04,2.85195,3.15435,0,0.497323,4.47552,4.42214e+06,2.70226e+06,1.26117e+07,0,0,0,0,21.4615,61.308,1.4787,0,0.04,2.25663,1.95423,0,1.62347,2.96352,9.19011e+06,3.61194e+06,2.07387e+07,0,0,0,6.97641e+07
75.3898,85.139,1.27566,0.08,0.04,2.85267,3.15507,0,0.534456,4.47552,4.42214e+06,2.70226e+06,1.26149e+07,0,0,0,0,20.8065,61.308,1.45334,0,0.04,2.25708,1.95468,0,1.74347,2.96352,9.19011e+06,3.61194e+06,2.07428e+07,0,0,0,6.97641e+07
73.9296,85.139,1.34828,0.08,0.04,2.85339,3.15579,0,0.534591,4.47552,4.42214e+06,2.70226e+06,1.26181e+07,0,0,0,0,20.2123,61.308,1.4328,0,0.04,2.25752,1.95512,0,1.74382,2.96352,9.19011e+06,3.61194e+06,2.07469e+07,0,0,0,6.97641e+07
73.109,85.139,2.02198,0.08,0.04,2.85411,3.15651,0,0.534725,4.47552,4.42214e+06,2.70226e+06,1.26213e+07,0,0,0,0,19.6711,61.308,1.7141,0,0.04,2.25797,1.95557,0,1.74416,2.96352,9.19011e+06,3.61194e+06,2.0751e+07,0,0,0,6.97641e+07
73.0616,85.139,2.83632,0.12,0.04,2.85483,3.15723,0,0.53486,4.47552,4.42214e+06,2.70226e+06,1.26245e+07,0,0,0,0,19.2257,61.308,1.86895,0,0.04,2.25841,1.95601,0,1.74451,2.96352,9.19011e+06,3.61194e+06,2.07551e+07,0,0,0,6.97641e+07
72.1883,85.139,1.91435,0.11,0.04,2.75919,3.06159,0,0.534995,4.47552,4.42214e+06,2.70226e+06,1.22015e+07,0,0,0,0,18.7193,61.308,1.8446,0,0.04,2.16472,1.86232,0,1.74485,2.96352,9.19011e+06,3.61194e+06,1.98941e+07,0,0,0,6.97641e+07
71.6976,85.139,2.29961,0.11,0.04,2.75989,3.06229,0,0.517073,4.47552,4.42214e+06,2.70226e+06,1.22046e+07,0,0,0,0,18.3488,61.308,2.47419,0,0.04,2.16515,1.86275,0,1.67247,2.96352,9.19011e+06,3.61194e+06,1.9898e+07,0,0,0,6.97641e+07
71.0545,85.139,2.13449,0.12,0.04,2.76059,3.06299,0,0.517204,4.47552,4.42214e+06,2.70226e+06,1.22077e+07,0,0,0,0,17.9134,61.308,2.36001,0,0.04,2.16557,1.86317,0,1.67279,2.96352,9.19011e+06,3.61194e+06,1.99019e+07,0,0,0,6.97641e+07
70.7408,85.139,2.48239,0.11,0.04,2.76129,3.06369,0,0.517334,4.47552,4.42214e+06,2.70226e+06,1.22108e+07,0,0,0,0,17.6139,61.308,3.25953,0,0.04,2.166,1.8636,0,1.67312,2.96352,9.19011e+06,3.61194e+06,1.99057e+07,0,0,0,6.97641e+07
70.9369,85.139,3.10244,0.11,0.04,2.68282,2.98522,0,0.517465,4.47552,4.42214e+06,2.70226e+06,1.18638e+07,0,0,0,0,17.062,61.308,2.65793,0,0.04,2.08066,1.77826,0,1.67345,2.96352,9.19011e+06,3.61194e+06,1.91215e+07,0,0,0,6.97641e+07
69.5033,85.139,1.39296,0.11,0.04,2.6835,2.9859,0,0.502761,4.47552,4.42214e+06,2.70226e+06,1.18668e+07,0,0,0,0,16.4556,61.308,1.30161,0,0.04,2.08106,1.77866,0,1.60752,2.96352,9.19011e+06,3.61194e+06,1.91252e+07,0,0,0,6.97641e+07
69.2143,85.139,2.61368,0.12,0.04,2.68418,2.98658,0,0.502889,4.47552,4.42214e+06,2.70226e+06,1.18698e+07,0,0,0,0,16.2077,61.308,3.91791,0,0.04,2.08147,1.77907,0,1.60783,2.96352,9.19011e+06,3.61194e+06,1.91289e+07,0,0,0,6.97641e+07
70.9536,85.139,4.81298,0.12,0.04,2.68486,2.98726,0,0.503016,4.47552,4.42214e+06,2.70226e+06,1.18728e+07,0,0,0,0,16.4221,61.308,4.32401,0,0.04,2.08187,1.77947,0,1.60814,2.96352,9.19011e+06,3.61194e+06,1.91326e+07,0,0,0,6.97641e+07
71.0603,85.139,2.89376,0.13,0.04,2.46052,2.76292,0,0.503143,4.47552,4.42214e+06,2.70226e+06,1.08808e+07,0,0,0,0,16.215,61.308,2.47256,0,0.04,1.9035,1.6011,0,1.60846,2.96352,9.19011e+06,3.61194e+06,1.74933e+07,0,0,0,6.97641e+07
72.9825,85.139,4.73539,0.13,0.04,2.46115,2.76355,0,0.461101,4.47552,4.42214e+06,2.70226e+06,1.08835e+07,0,0,0,0,16.3218,61.308,4.71336,0,0.04,1.90386,1.60146,0,1.47064,2.96352,9.19011e+06,3.61194e+06,1.74967e+07,0,0,0,6.97641e+07
73.2895,85.139,3.14867,0.13,0.04,2.46177,2.76417,0,0.461219,4.47552,4.42214e+06,2.70226e+06,1.08863e+07,0,0,0,0,16.5419,61.308,4.59414,0,0.04,1.90422,1.60182,0,1.47092,2.96352,9.19011e+06,3.61194e+06,1.75e+07,0,0,0,6.97641e+07
73.0109,85.139,2.55296,0.15,0.04,2.4624,2.7648,0,0.461337,4.47552,4.42214e+06,2.70226e+06,1.08891e+07,0,0,0,0,16.6217,61.308,4.14865,0,0.04,1.90459,1.60219,0,1.4712,2.96352,9.19011e+06,3.61194e+06,1.75034e+07,0,0,0,6.97641e+07
72.9684,85.139,2.82807,0.14,0.04,2.46303,2.76543,0,0.461454,4.47552,4.42214e+06,2.70226e+06,1.08919e+07,0,0,0,0,16.6439,61.308,3.81825,0,0.04,1.90495,1.60255,0,1.47149,2.96352,9.19011e+06,3.61194e+06,1.75067e+07,0,0,0,6.97641e+07
77.2704,85.139,7.33521,0.16,0.04,2.5503,2.8527,0,0.461572,4.47552,4.42214e+06,2.70226e+06,1.12778e+07,0,0,0,0,17.2612,61.308,5.42957,0,0.04,1.95714,1.65474,0,1.47177,2.96352,9.19011e+06,3.61194e+06,1.79863e+07,0,0,0,6.97641e+07
81.0639,85.139,7.20682,0.14,0.04,2.55092,2.85332,0,0.477926,4.47552,4.42214e+06,2.70226e+06,1.12805e+07,0,0,0,0,17.8633,61.308,6.69571,0,0.04,1.9575,1.6551,0,1.51209,2.96352,9.19011e+06,3.61194e+06,1.79896e+07,0,0,0,6.97641e+07
83.0199,85.139,5.12467,0.11,0.04,2.55155,2.85395,0,0.478043,4.47552,4.42214e+06,2.70226e+06,1.12833e+07,0,0,0,0,18.9943,61.308,8.60385,0,0.04,1.95786,1.65546,0,1.51236,2.96352,9.19011e+06,3.61194e+06,1.7993e+07,0,0,0,6.97641e+07
84.4351,85.139,4.5736,0.12,0.04,2.55217,2.85457,0,0.47816,4.47552,4.42214e+06,2.70226e+06,1.12861e+07,0,0,0,0,19.6636,61.308,6.63386,0,0.04,1.95822,1.65582,0,1.51264,2.96352,9.19011e+06,3.61194e+06,1.79963e+07,0,0,0,6.97641e+07
85.139,85.139,5.44065,0.12,0.04,2.83128,3.13368,0,0.478277,4.47552,4.42214e+06,2.70226e+06,1.25203e+07,0,0,0,0,20.4279,61.308,7.26917,0,0.04,2.15332,1.85092,0,1.51292,2.96352,9.19011e+06,3.61194e+06,1.97892e+07,0,0,0,6.97641e+07
85.139,85.139,5.59362,0.08,0.04,2.83197,3.13437,0,0.530582,4.47552,4.42214e+06,2.70226e+06,1.25233e+07,0,0,0,0,20.9364,61.308,5.2493,0,0.04,2.15372,1.85132,0,1.66365,2.96352,9.19011e+06,3.61194e+06,1.97929e+07,0,0,0,6.97641e+07
85.139,85.139,6.53144,0.09,0.04,2.83265,3.13505,0,0.53071,4.47552,4.42214e+06,2.70226e+06,1.25264e+07,0,0,0,0,21.4341,61.308,5.37998,0,0.04,2.15412,1.85172,0,1.66396,2.96352,9.19011e+06,3.61194e+06,1.97966e+07,0,0,0,6.97641e+07
85.139,85.139,6.1534,0.1,0.04,2.83333,3.13573,0,0.530839,4.47552,4.42214e+06,2.70226e+06,1.25294e+07,0,0,0,0,22.2831,61.308,6.78164,0,0.04,2.15453,1.85213,0,1.66428,2.96352,9.19011e+06,3.61194e+06,1.98003e+07,0,0,0,6.97641e+07
85.139,85.139,5.4257,0.1,0.04,2.43646,2.73886,0,0.530967,4.47552,4.42214e+06,2.70226e+06,1.07744e+07,0,0,0,0,22.9751,61.308,5.42022,0,0.04,1.89337,1.59097,0,1.66459,2.96352,9.19011e+06,3.61194e+06,1.74003e+07,0,0,0,6.97641e+07
85.139,85.139,5.36218,0.1,0.04,2.43705,2.73945,0,0.456592,4.47552,4.42214e+06,2.70226e+06,1.0777e+07,0,0,0,0,24.1107,61.308,5.42051,0,0.04,1.89372,1.59132,0,1.46282,2.96352,9.19011e+06,3.61194e+06,1.74035e+07,0,0,0,6.97641e+07
85.139,85.139,5.8023,0.12,0.04,2.43765,2.74005,0,0.456704,4.47552,4.42214e+06,2.70226e+06,1.07796e+07,0,0,0,0,25.607,61.308,5.9251,0,0.04,1.89407,1.59167,0,1.46309,2.96352,9.19011e+06,3.61194e+06,1.74067e+07,0,0,0,6.97641e+07
85.139,85.139,9.14829,0.12,0.04,2.43825,2.74065,0,0.456816,4.47552,4.42214e+06,2.70226e+06,1.07823e+07,0,0,0,0,28.3767,61.308,10.5372,0,0.04,1.89441,1.59201,0,1.46335,2.96352,9.19011e+06,3.61194e+06,1.74099e+07,0,0,0,6.97641e+07
85.139,85.139,8.27567,0.13,0.04,2.43885,2.74125,0,0.456928,4.47552,4.42214e+06,2.70226e+06,1.07849e+07,0,0,0,0,30.2361,61.308,8.38479,0,0.04,1.89476,1.59236,0,1.46362,2.96352,9.19011e+06,3.61194e+06,1.7413e+07,0,0,0,6.97641e+07
85.139,85.139,5.88338,0.13,0.04,2.53963,2.84203,0,0.45704,4.47552,4.42214e+06,2.70226e+06,1.12306e+07,0,0,0,0,31.0747,61.308,5.19846,0,0.04,1.95916,1.65676,0,1.46389,2.96352,9.19011e+06,3.61194e+06,1.80049e+07,0,0,0,6.97641e+07
85.139,85.139,6.1903,0.13,0.04,2.54025,2.84265,0,0.475926,4.47552,4.42214e+06,2.70226e+06,1.12333e+07,0,0,0,0,31.9872,61.308,4.79664,0,0.04,1.95953,1.65713,0,1.51365,2.96352,9.19011e+06,3.61194e+06,1.80083e+07,0,0,0,6.97641e+07
85.139,85.139,5.57788,0.13,0.04,2.54087,2.84327,0,0.476042,4.47552,4.42214e+06,2.70226e+06,1.12361e+07,0,0,0,0,33.5152,61.308,6.52482,0,0.04,1.95989,1.65749,0,1.51393,2.96352,9.19011e+06,3.61194e+06,1.80116e+07,0,0,0,6.97641e+07
85.139,85.139,4.51562,0.13,0.04,2.54149,2.84389,0,0.476159,4.47552,4.42214e+06,2.70226e+06,1.12388e+07,0,0,0,0,34.6557,61.308,6.26709,0,0.04,1.96025,1.65785,0,1.51421,2.96352,9.19011e+06,3.61194e+06,1.80149e+07,0,0,0,6.97641e+07
85.139,85.139,4.08608,0.13,0.04,2.5029,2.8053,0,0.476275,4.47552,4.42214e+06,2.70226e+06,1.10682e+07,0,0,0,0,35.0819,61.308,4.0805,0,0.04,1.93571,1.63331,0,1.51449,2.96352,9.19011e+06,3.61194e+06,1.77894e+07,0,0,0,6.97641e+07
85.139,85.139,4.50666,0.13,0.04,2.50352,2.80592,0,0.469044,4.47552,4.42214e+06,2.70226e+06,1.10709e+07,0,0,0,0,35.1054,61.308,3.43368,0,0.04,1.93607,1.63367,0,1.49553,2.96352,9.19011e+06,3.61194e+06,1.77927e+07,0,0,0,6.97641e+07
85.139,85.139,4.26242,0.11,0.04,2.50413,2.80653,0,0.469159,4.47552,4.42214e+06,2.70226e+06,1.10736e+07,0,0,0,0,35.0712,61.308,3.30331,0,0.04,1.93642,1.63402,0,1.4958,2.96352,9.19011e+06,3.61194e+06,1.77959e+07,0,0,0,6.97641e+07
85.139,85.139,3.93938,0.1,0.04,2.50474,2.80714,0,0.469274,4.47552,4.42214e+06,2.70226e+06,1.10763e+07,0,0,0,0,35.1059,61.308,3.60573,0,0.04,1.93678,1.63438,0,1.49608,2.96352,9.19011e+06,3.61194e+06,1.77992e+07,0,0,0,6.97641e+07
85.139,85.139,3.72495,0.09,0.04,2.63854,2.94094,0,0.469388,4.47552,4.42214e+06,2.70226e+06,1.1668e+07,0,0,0,0,35.2237,61.308,3.77349,0,0.04,2.02552,1.72312,0,1.49636,2.96352,9.19011e+06,3.61194e+06,1.86147e+07,0,0,0,6.97641e+07
85.139,85.139,3.55786,0.09,0.04,2.63918,2.94158,0,0.494463,4.47552,4.42214e+06,2.70226e+06,1.16708e+07,0,0,0,0,35.1762,61.308,3.0096,0,0.04,2.02589,1.72349,0,1.56491,2.96352,9.19011e+06,3.61194e+06,1.86182e+07,0,0,0,6.97641e+07
85.139,85.139,3.58481,0.08,0.04,2.63983,2.94223,0,0.494583,4.47552,4.42214e+06,2.70226e+06,1.16737e+07,0,0,0,0,35.1715,61.308,3.5028,0,0.04,2.02627,1.72387,0,1.56521,2.96352,9.19011e+06,3.61194e+06,1.86216e+07,0,0,0,6.97641e+07
85.139,85.139,3.17115,0.05,0.04,2.64047,2.94287,0,0.494703,4.47552,4.42214e+06,2.70226e+06,1.16765e+07,0,0,0,0,35.0085,61.308,2.94399,0,0.04,2.02665,1.72425,0,1.5655,2.96352,9.19011e+06,3.61194e+06,1.86251e+07,0,0,0,6.97641e+07
85.139,85.139,2.98739,0.04,0.04,2.64111,2.94351,0,0.494824,4.47552,4.42214e+06,2.70226e+06,1.16794e+07,0,0,0,0,34.7095,61.308,2.54897,0,0.04,2.02702,1.72462,0,1.56579,2.96352,9.19011e+06,3.61194e+06,1.86285e+07,0,0,0,6.97641e+07
84.84,85.139,2.5273,0.04,0.04,2.61538,2.91778,0,0.494944,4.47552,4.42214e+06,2.70226e+06,1.15656e+07,0,0,0,0,34.3679,61.308,2.39266,0,0.04,2.07603,1.77363,0,1.56608,2.96352,9.19011e+06,3.61194e+06,1.90789e+07,0,0,0,6.97641e+07
84.2105,85.139,2.19081,0.07,0.04,2.61602,2.91842,0,0.490123,4.47552,4.42214e+06,2.70226e+06,1.15684e+07,0,0,0,0,34.0217,61.308,2.35349,0,0.04,2.07641,1.77401,0,1.60394,2.96352,9.19011e+06,3.61194e+06,1.90825e+07,0,0,0,6.97641e+07
83.3936,85.139,1.99665,0.05,0.04,2.61665,2.91905,0,0.490242,4.47552,4.42214e+06,2.70226e+06,1.15712e+07,0,0,0,0,33.6477,61.308,2.14466,0,0.04,2.0768,1.7744,0,1.60424,2.96352,9.19011e+06,3.61194e+06,1.9086e+07,0,0,0,6.97641e+07
82.4318,85.139,1.82416,0.05,0.04,2.61729,2.91969,0,0.490361,4.47552,4.42214e+06,2.70226e+06,1.1574e+07,0,0,0,0,33.2339,61.308,2.05315,0,0.04,2.07719,1.77479,0,1.60454,2.96352,9.19011e+06,3.61194e+06,1.90896e+07,0,0,0,6.97641e+07
81.3748,85.139,1.75097,0.05,0.04,2.68608,2.98848,0,0.49048,4.47552,4.42214e+06,2.70226e+06,1.18782e+07,0,0,0,0,32.7429,61.308,1.95407,0,0.04,2.12095,1.81855,0,1.60483,2.96352,9.19011e+06,3.61194e+06,1.94918e+07,0,0,0,6.97641e+07
80.2318,85.139,1.66311,0.05,0.04,2.68673,2.98913,0,0.503372,4.47552,4.42214e+06,2.70226e+06,1.18811e+07,0,0,0,0,32.232,61.308,1.86497,0,0.04,2.12135,1.81895,0,1.63865,2.96352,9.19011e+06,3.61194e+06,1.94954e+07,0,0,0,6.97641e+07
78.9608,85.139,1.52364,0.05,0.04,2.68739,2.98979,0,0.503494,4.47552,4.42214e+06,2.70226e+06,1.1884e+07,0,0,0,0,31.6987,61.308,1.81369,0,0.04,2.12174,1.81934,0,1.63895,2.96352,9.19011e+06,3.61194e+06,1.94991e+07,0,0,0,6.97641e+07
77.5608,85.139,1.38254,0.09,0.04,2.68804,2.99044,0,0.503616,4.47552,4.42214e+06,2.70226e+06,1.18869e+07,0,0,0,0,31.1504,61.308,1.65002,0,0.04,2.12214,1.81974,0,1.63926,2.96352,9.19011e+06,3.61194e+06,1.95027e+07,0,0,0,6.97641e+07
75.8526,85.139,1.21507,0.09,0.04,2.88845,3.19085,0,0.503738,4.47552,4.42214e+06,2.70226e+06,1.27731e+07,0,0,0,0,30.5307,61.308,1.62685,0,0.04,2.27924,1.97684,0,1.63957,2.96352,9.19011e+06,3.61194e+06,2.09465e+07,0,0,0,6.97641e+07
74.1356,85.139,1.20562,0.09,0.04,2.88915,3.19155,0,0.541296,4.47552,4.42214e+06,2.70226e+06,1.27762e+07,0,0,0,0,29.928,61.308,1.49151,0,0.04,2.27967,1.97727,0,1.76094,2.96352,9.19011e+06,3.61194e+06,2.09505e+07,0,0,0,6.97641e+07
72.5991,85.139,1.39073,0.1,0.04,2.88984,3.19224,0,0.541426,4.47552,4.42214e+06,2.70226e+06,1.27793e+07,0,0,0,0,29.204,61.308,1.82654,0,0.04,2.28011,1.97771,0,1.76128,2.96352,9.19011e+06,3.61194e+06,2.09544e+07,0,0,0,6.97641e+07
70.798,85.139,1.11715,0.12,0.04,2.89054,3.19294,0,0.541556,4.47552,4.42214e+06,2.70226e+06,1.27824e+07,0,0,0,0,28.5669,61.308,1.31346,0,0.04,2.28054,1.97814,0,1.76161,2.96352,9.19011e+06,3.61194e+06,2.09584e+07,0,0,0,6.97641e+07
69.2587,85.139,1.35592,0.12,0.04,2.89123,3.19363,0,0.541687,4.47552,4.42214e+06,2.70226e+06,1.27854e+07,0,0,0,0,28.1071,61.308,2.31102,0,0.04,2.28097,1.97857,0,1.76194,2.96352,9.19011e+06,3.61194e+06,2.09623e+07,0,0,0,6.97641e+07
67.4366,85.139,0.984868,0.12,0.04,2.79447,3.09687,0,0.541817,4.47552,4.42214e+06,2.70226e+06,1.23575e+07,0,0,0,0,27.5094,61.308,1.67914,0,0.04,2.18618,1.88378,0,1.76228,2.96352,9.19011e+06,3.61194e+06,2.00912e+07,0,0,0,6.97641e+07
65.6355,85.139,1.00851,0.16,0.04,2.79514,3.09754,0,0.523683,4.47552,4.42214e+06,2.70226e+06,1.23605e+07,0,0,0,0,26.9134,61.308,1.72288,0,0.04,2.18659,1.88419,0,1.68904,2.96352,9.19011e+06,3.61194e+06,2.0095e+07,0,0,0,6.97641e+07
64.1239,85.139,1.31553,0.17,0.04,2.79582,3.09822,0,0.52381,4.47552,4.42214e+06,2.70226e+06,1.23635e+07,0,0,0,0,26.3562,61.308,1.83816,0,0.04,2.187,1.8846,0,1.68936,2.96352,9.19011e+06,3.61194e+06,2.00988e+07,0,0,0,6.97641e+07
63.1699,85.139,1.89644,0.16,0.04,2.79649,3.09889,0,0.523936,4.47552,4.42214e+06,2.70226e+06,1.23665e+07,0,0,0,0,26.0245,61.308,3.08878,0,0.04,2.18741,1.88501,0,1.68968,2.96352,9.19011e+06,3.61194e+06,2.01026e+07,0,0,0,6.97641e+07
61.9007,85.139,1.5417,0.16,0.04,2.7171,3.0195,0,0.524063,4.47552,4.42214e+06,2.70226e+06,1.20154e+07,0,0,0,0,25.3951,61.308,2.32548,0,0.04,2.10107,1.79867,0,1.68999,2.96352,9.19011e+06,3.61194e+06,1.93091e+07,0,0,0,6.97641e+07
60.1104,85.139,0.995172,0.2,0.04,2.71776,3.02016,0,0.509184,4.47552,4.42214e+06,2.70226e+06,1.20183e+07,0,0,0,0,24.8251,61.308,1.33371,0,0.04,2.10147,1.79907,0,1.62329,2.96352,9.19011e+06,3.61194e+06,1.93127e+07,0,0,0,6.97641e+07
58.865,85.139,1.56042,0.18,0.04,2.71841,3.02081,0,0.509307,4.47552,4.42214e+06,2.70226e+06,1.20212e+07,0,0,0,0,24.3851,61.308,1.90672,0,0.04,2.10186,1.79946,0,1.62359,2.96352,9.19011e+06,3.61194e+06,1.93163e+07,0,0,0,6.97641e+07
58.7584,85.139,2.75863,0.18,0.04,2.71907,3.02147,0,0.509431,4.47552,4.42214e+06,2.70226e+06,1.20241e+07,0,0,0,0,24.2146,61.308,2.43192,0,0.04,2.10225,1.79985,0,1.6239,2.96352,9.19011e+06,3.61194e+06,1.93199e+07,0,0,0,6.97641e+07
59.2898,85.139,3.22639,0.17,0.04,2.49213,2.79453,0,0.509554,4.47552,4.42214e+06,2.70226e+06,1.10205e+07,0,0,0,0,23.9859,61.308,2.7183,0,0.04,1.92181,1.61941,0,1.6242,2.96352,9.19011e+06,3.61194e+06,1.76617e+07,0,0,0,6.97641e+07
59.1668,85.139,2.55668,0.18,0.04,2.49274,2.79514,0,0.467025,4.47552,4.42214e+06,2.70226e+06,1.10232e+07,0,0,0,0,23.3693,61.308,1.8703,0,0.04,1.92217,1.61977,0,1.48479,2.96352,9.19011e+06,3.61194e+06,1.76649e+07,0,0,0,6.97641e+07
57.9669,85.139,1.46946,0.19,0.04,2.49335,2.79575,0,0.467139,4.47552,4.42214e+06,2.70226e+06,1.10259e+07,0,0,0,0,22.8016,61.308,1.57598,0,0.04,1.92252,1.62012,0,1.48507,2.96352,9.19011e+06,3.61194e+06,1.76682e+07,0,0,0,6.97641e+07
57.1176,85.139,1.82111,0.19,0.04,2.49396,2.79636,0,0.467253,4.47552,4.42214e+06,2.70226e+06,1.10286e+07,0,0,0,0,22.291,61.308,1.74619,0,0.04,1.92287,1.62047,0,1.48534,2.96352,9.19011e+06,3.61194e+06,1.76714e+07,0,0,0,6.97641e+07
58.742,85.139,4.27366,0.22,0.04,2.49456,2.79696,0,0.467367,4.47552,4.42214e+06,2.70226e+06,1.10313e+07,0,0,0,0,21.8934,61.308,2.15474,0,0.04,1.92323,1.62083,0,1.48561,2.96352,9.19011e+06,3.61194e+06,1.76747e+07,0,0,0,6.97641e+07
63.0032,85.139,7.04552,0.25,0.04,2.5828,2.8852,0,0.467481,4.47552,4.42214e+06,2.70226e+06,1.14215e+07,0,0,0,0,21.5002,61.308,2.35821,0,0.04,1.97599,1.67359,0,1.48588,2.96352,9.19011e+06,3.61194e+06,1.81596e+07,0,0,0,6.97641e+07
65.1716,85.139,5.01406,0.21,0.04,2.5834,2.8858,0,0.484017,4.47552,4.42214e+06,2.70226e+06,1.14242e+07,0,0,0,0,21.1411,61.308,2.48953,0,0.04,1.97634,1.67394,0,1.52665,2.96352,9.19011e+06,3.61194e+06,1.81628e+07,0,0,0,6.97641e+07
68.8036,85.139,6.58149,0.22,0.04,2.58401,2.88641,0,0.48413,4.47552,4.42214e+06,2.70226e+06,1.14268e+07,0,0,0,0,21.0159,61.308,3.23038,0,0.04,1.97669,1.67429,0,1.52692,2.96352,9.19011e+06,3.61194e+06,1.8166e+07,0,0,0,6.97641e+07
70.7526,85.139,4.83653,0.19,0.04,2.58461,2.88701,0,0.484243,4.47552,4.42214e+06,2.70226e+06,1.14295e+07,0,0,0,0,20.9827,61.308,3.70685,0,0.04,1.97704,1.67464,0,1.52719,2.96352,9.19011e+06,3.61194e+06,1.81692e+07,0,0,0,6.97641e+07
71.0458,85.139,3.38541,0.2,0.04,2.86687,3.16927,0,0.484356,4.47552,4.42214e+06,2.70226e+06,1.26777e+07,0,0,0,0,20.7002,61.308,2.49476,0,0.04,2.17433,1.87193,0,1.52746,2.96352,9.19011e+06,3.61194e+06,1.99824e+07,0,0,0,6.97641e+07
81.0403,85.139,13.6522,0.2,0.04,2.86753,3.16993,0,0.537251,4.47552,4.42214e+06,2.70226e+06,1.26806e+07,0,0,0,0,22.0307,61.308,8.31004,0,0.04,2.17472,1.87232,0,1.67989,2.96352,9.19011e+06,3.61194e+06,1.9986e+07,0,0,0,6.97641e+07
85.139,85.139,8.59337,0.14,0.04,2.86819,3.17059,0,0.537375,4.47552,4.42214e+06,2.70226e+06,1.26835e+07,0,0,0,0,22.5896,61.308,5.17033,0,0.04,2.17512,1.87272,0,1.68019,2.96352,9.19011e+06,3.61194e+06,1.99895e+07,0,0,0,6.97641e+07
85.139,85.139,9.77357,0.12,0.04,2.86885,3.17125,0,0.537499,4.47552,4.42214e+06,2.70226e+06,1.26865e+07,0,0,0,0,22.9706,61.308,4.45947,0,0.04,2.17551,1.87311,0,1.68049,2.96352,9.19011e+06,3.61194e+06,1.99931e+07,0,0,0,6.97641e+07
85.139,85.139,6.57936,0.12,0.04,2.46745,2.76985,0,0.537623,4.47552,4.42214e+06,2.70226e+06,1.09114e+07,0,0,0,0,23.2487,61.308,3.97737,0,0.04,1.91138,1.60898,0,1.6808,2.96352,9.19011e+06,3.61194e+06,1.75658e+07,0,0,0,6.97641e+07
85.139,85.139,3.99879,0.13,0.04,2.46803,2.77043,0,0.462401,4.47552,4.42214e+06,2.70226e+06,1.0914e+07,0,0,0,0,22.9766,61.308,2.32025,0,0.04,1.91171,1.60931,0,1.47673,2.96352,9.19011e+06,3.61194e+06,1.75689e+07,0,0,0,6.97641e+07
85.139,85.139,3.85927,0.14,0.04,2.46861,2.77101,0,0.462509,4.47552,4.42214e+06,2.70226e+06,1.09166e+07,0,0,0,0,22.7186,61.308,2.43391,0,0.04,1.91205,1.60965,0,1.47699,2.96352,9.19011e+06,3.61194e+06,1.75719e+07,0,0,0,6.97641e+07
85.139,85.139,10.1145,0.14,0.04,2.46919,2.77159,0,0.462618,4.47552,4.42214e+06,2.70226e+06,1.09191e+07,0,0,0,0,23.0994,61.308,4.74937,0,0.04,1.91239,1.60999,0,1.47725,2.96352,9.19011e+06,3.61194e+06,1.7575e+07,0,0,0,6.97641e+07
85.139,85.139,11.7382,0.16,0.04,2.46977,2.77217,0,0.462726,4.47552,4.42214e+06,2.70226e+06,1.09217e+07,0,0,0,0,24.0591,61.308,6.32476,0,0.04,1.91272,1.61032,0,1.47751,2.96352,9.19011e+06,3.61194e+06,1.75781e+07,0,0,0,6.97641e+07
85.139,85.139,10.0373,0.15,0.04,2.57166,2.87406,0,0.462835,4.47552,4.42214e+06,2.70226e+06,1.13722e+07,0,0,0,0,24.7104,61.308,5.81472,0,0.04,1.97784,1.67544,0,1.47777,2.96352,9.19011e+06,3.61194e+06,1.81765e+07,0,0,0,6.97641e+07
85.139,85.139,7.78609,0.14,0.04,2.57226,2.87466,0,0.481929,4.47552,4.42214e+06,2.70226e+06,1.13749e+07,0,0,0,0,25.9188,61.308,6.88656,0,0.04,1.97819,1.67579,0,1.52808,2.96352,9.19011e+06,3.61194e+06,1.81798e+07,0,0,0,6.97641e+07
85.139,85.139,8.75449,0.15,0.04,2.57286,2.87526,0,0.482042,4.47552,4.42214e+06,2.70226e+06,1.13776e+07,0,0,0,0,27.1011,61.308,6.23703,0,0.04,1.97854,1.67614,0,1.52835,2.96352,9.19011e+06,3.61194e+06,1.8183e+07,0,0,0,6.97641e+07
85.139,85.139,7.04742,0.14,0.04,2.57346,2.87586,0,0.482154,4.47552,4.42214e+06,2.70226e+06,1.13802e+07,0,0,0,0,28.0396,61.308,6.20772,0,0.04,1.97889,1.67649,0,1.52862,2.96352,9.19011e+06,3.61194e+06,1.81862e+07,0,0,0,6.97641e+07
85.139,85.139,5.62653,0.14,0.04,2.53442,2.83682,0,0.482267,4.47552,4.42214e+06,2.70226e+06,1.12076e+07,0,0,0,0,28.4463,61.308,4.25348,0,0.04,1.95406,1.65166,0,1.52889,2.96352,9.19011e+06,3.61194e+06,1.7958e+07,0,0,0,6.97641e+07
85.139,85.139,5.02036,0.14,0.04,2.53501,2.83741,0,0.47495,4.47552,4.42214e+06,2.70226e+06,1.12102e+07,0,0,0,0,28.6262,61.308,4.42006,0,0.04,1.9544,1.652,0,1.50971,2.96352,9.19011e+06,3.61194e+06,1.79612e+07,0,0,0,6.97641e+07
85.139,85.139,4.74832,0.13,0.04,2.5356,2.838,0,0.475061,4.47552,4.42214e+06,2.70226e+06,1.12128e+07,0,0,0,0,28.7379,61.308,4.25521,0,0.04,1.95475,1.65235,0,1.50997,2.96352,9.19011e+06,3.61194e+06,1.79643e+07,0,0,0,6.97641e+07
85.139,85.139,4.3885,0.11,0.04,2.5362,2.8386,0,0.475172,4.47552,4.42214e+06,2.70226e+06,1.12154e+07,0,0,0,0,28.9312,61.308,4.64516,0,0.04,1.95509,1.65269,0,1.51024,2.96352,9.19011e+06,3.61194e+06,1.79675e+07,0,0,0,6.97641e+07
85.139,85.139,4.14969,0.1,0.04,2.67147,2.97387,0,0.475283,4.47552,4.42214e+06,2.70226e+06,1.18136e+07,0,0,0,0,29.2184,61.308,4.85812,0,0.04,2.04481,1.74241,0,1.5105,2.96352,9.19011e+06,3.61194e+06,1.8792e+07,0,0,0,6.97641e+07
85.139,85.139,4.10725,0.09,0.04,2.67209,2.97449,0,0.500634,4.47552,4.42214e+06,2.70226e+06,1.18164e+07,0,0,0,0,29.1009,61.308,3.64666,0,0.04,2.04517,1.74277,0,1.57982,2.96352,9.19011e+06,3.61194e+06,1.87954e+07,0,0,0,6.97641e+07
85.139,85.139,3.30591,0.09,0.04,2.67271,2.97511,0,0.50075,4.47552,4.42214e+06,2.70226e+06,1.18191e+07,0,0,0,0,28.886,61.308,3.30827,0,0.04,2.04554,1.74314,0,1.5801,2.96352,9.19011e+06,3.61194e+06,1.87987e+07,0,0,0,6.97641e+07
85.139,85.139,3.10436,0.08,0.04,2.67333,2.97573,0,0.500866,4.47552,4.42214e+06,2.70226e+06,1.18219e+07,0,0,0,0,28.6219,61.308,3.0225,0,0.04,2.0459,1.7435,0,1.58038,2.96352,9.19011e+06,3.61194e+06,1.88021e+07,0,0,0,6.97641e+07
85.139,85.139,3.05628,0.05,0.04,2.67396,2.97636,0,0.500983,4.47552,4.42214e+06,2.70226e+06,1.18246e+07,0,0,0,0,28.36,61.308,3.12725,0,0.04,2.04627,1.74387,0,1.58066,2.96352,9.19011e+06,3.61194e+06,1.88054e+07,0,0,0,6.97641e+07
85.139,85.139,3.80906,0.04,0.04,2.64791,2.95031,0,0.501099,4.47552,4.42214e+06,2.70226e+06,1.17094e+07,0,0,0,0,28.1435,61.308,3.03853,0,0.04,2.0958,1.7934,0,1.58095,2.96352,9.19011e+06,3.61194e+06,1.92606e+07,0,0,0,6.97641e+07
85.139,85.139,4.40186,0.04,0.04,2.64853,2.95093,0,0.496219,4.47552,4.42214e+06,2.70226e+06,1.17122e+07,0,0,0,0,27.8896,61.308,2.82828,0,0.04,2.09618,1.79378,0,1.61922,2.96352,9.19011e+06,3.61194e+06,1.92641e+07,0,0,0,6.97641e+07
85.139,85.139,4.17773,0.03,0.04,2.64915,2.95155,0,0.496335,4.47552,4.42214e+06,2.70226e+06,1.17149e+07,0,0,0,0,27.6136,61.308,2.73464,0,0.04,2.09655,1.79415,0,1.61951,2.96352,9.19011e+06,3.61194e+06,1.92675e+07,0,0,0,6.97641e+07
85.139,85.139,3.89015,0.03,0.04,2.64976,2.95216,0,0.49645,4.47552,4.42214e+06,2.70226e+06,1.17176e+07,0,0,0,0,27.2599,61.308,2.5657,0,0.04,2.09693,1.79453,0,1.6198,2.96352,9.19011e+06,3.61194e+06,1.9271e+07,0,0,0,6.97641e+07
85.139,85.139,3.66184,0.04,0.04,2.71929,3.02169,0,0.496566,4.47552,4.42214e+06,2.70226e+06,1.20251e+07,0,0,0,0,26.8519,61.308,2.35325,0,0.04,2.14116,1.83876,0,1.62008,2.96352,9.19011e+06,3.61194e+06,1.96775e+07,0,0,0,6.97641e+07
85.139,85.139,3.90369,0.04,0.04,2.71992,3.02232,0,0.509595,4.47552,4.42214e+06,2.70226e+06,1.20279e+07,0,0,0,0,26.4269,61.308,2.28314,0,0.04,2.14154,1.83914,0,1.65426,2.96352,9.19011e+06,3.61194e+06,1.9681e+07,0,0,0,6.97641e+07
85.139,85.139,3.68844,0.04,0.04,2.72055,3.02295,0,0.509713,4.47552,4.42214e+06,2.70226e+06,1.20307e+07,0,0,0,0,25.9533,61.308,2.41002,0,0.04,2.14193,1.83953,0,1.65456,2.96352,9.19011e+06,3.61194e+06,1.96845e+07,0,0,0,6.97641e+07
85.139,85.139,3.45052,0.04,0.04,2.72118,3.02358,0,0.509832,4.47552,4.42214e+06,2.70226e+06,1.20335e+07,0,0,0,0,25.4495,61.308,2.2074,0,0.04,2.14231,1.83991,0,1.65485,2.96352,9.19011e+06,3.61194e+06,1.96881e+07,0,0,0,6.97641e+07
85.139,85.139,3.3955,0.04,0.04,2.92379,3.22619,0,0.50995,4.47552,4.42214e+06,2.70226e+06,1.29294e+07,0,0,0,0,24.9789,61.308,2.36186,0,0.04,2.30114,1.99874,0,1.65515,2.96352,9.19011e+06,3.61194e+06,2.11477e+07,0,0,0,6.97641e+07
85.139,85.139,3.3266,0.04,0.04,2.92446,3.22686,0,0.547918,4.47552,4.42214e+06,2.70226e+06,1.29324e+07,0,0,0,0,24.4421,61.308,2.08264,0,0.04,2.30155,1.99915,0,1.77786,2.96352,9.19011e+06,3.61194e+06,2.11515e+07,0,0,0,6.97641e+07
85.139,85.139,3.56834,0.06,0.04,2.92514,3.22754,0,0.548044,4.47552,4.42214e+06,2.70226e+06,1.29354e+07,0,0,0,0,23.9364,61.308,2.30544,0,0.04,2.30197,1.99957,0,1.77818,2.96352,9.19011e+06,3.61194e+06,2.11554e+07,0,0,0,6.97641e+07
84.9649,85.139,2.86845,0.06,0.04,2.92581,3.22821,0,0.548171,4.47552,4.42214e+06,2.70226e+06,1.29383e+07,0,0,0,0,23.3416,61.308,1.73132,0,0.04,2.30239,1.99999,0,1.7785,2.96352,9.19011e+06,3.61194e+06,2.11592e+07,0,0,0,6.97641e+07
85.139,85.139,3.43807,0.08,0.04,2.92648,3.22888,0,0.548297,4.47552,4.42214e+06,2.70226e+06,1.29413e+07,0,0,0,0,22.9136,61.308,2.85679,0,0.04,2.30281,2.00041,0,1.77883,2.96352,9.19011e+06,3.61194e+06,2.1163e+07,0,0,0,6.97641e+07
85.139,85.139,3.70802,0.06,0.04,2.82862,3.13102,0,0.548423,4.47552,4.42214e+06,2.70226e+06,1.25086e+07,0,0,0,0,22.4767,61.308,2.91576,0,0.04,2.20696,1.90456,0,1.77915,2.96352,9.19011e+06,3.61194e+06,2.02822e+07,0,0,0,6.97641e+07
84.2682,85.139,2.10008,0.07,0.04,2.82927,3.13167,0,0.530083,4.47552,4.42214e+06,2.70226e+06,1.25114e+07,0,0,0,0,21.8904,61.308,2.09288,0,0.04,2.20735,1.90495,0,1.70509,2.96352,9.19011e+06,3.61194e+06,2.02858e+07,0,0,0,6.97641e+07
83.0505,85.139,1.68604,0.09,0.04,2.82993,3.13233,0,0.530206,4.47552,4.42214e+06,2.70226e+06,1.25143e+07,0,0,0,0,21.284,61.308,1.49772,0,0.04,2.20775,1.90535,0,1.7054,2.96352,9.19011e+06,3.61194e+06,2.02895e+07,0,0,0,6.97641e+07
84.0983,85.139,4.04999,0.09,0.04,2.83058,3.13298,0,0.530328,4.47552,4.42214e+06,2.70226e+06,1.25172e+07,0,0,0,0,20.807,61.308,3.22019,0,0.04,2.20815,1.90575,0,1.70571,2.96352,9.19011e+06,3.61194e+06,2.02931e+07,0,0,0,6.97641e+07
84.744,85.139,3.70635,0.09,0.04,2.75029,3.05269,0,0.530451,4.47552,4.42214e+06,2.70226e+06,1.21621e+07,0,0,0,0,20.3657,61.308,2.59916,0,0.04,2.12084,1.81844,0,1.70602,2.96352,9.19011e+06,3.61194e+06,1.94908e+07,0,0,0,6.97641e+07
83.2846,85.139,1.56548,0.09,0.04,2.75092,3.05332,0,0.515403,4.47552,4.42214e+06,2.70226e+06,1.2165e+07,0,0,0,0,19.7099,61.308,2.16367,0,0.04,2.12122,1.81882,0,1.63856,2.96352,9.19011e+06,3.61194e+06,1.94943e+07,0,0,0,6.97641e+07
81.9448,85.139,1.68208,0.11,0.04,2.75156,3.05396,0,0.515523,4.47552,4.42214e+06,2.70226e+06,1.21678e+07,0,0,0,0,19.1519,61.308,1.32926,0,0.04,2.1216,1.8192,0,1.63886,2.96352,9.19011e+06,3.61194e+06,1.94978e+07,0,0,0,6.97641e+07
82.906,85.139,4.06336,0.11,0.04,2.7522,3.0546,0,0.515642,4.47552,4.42214e+06,2.70226e+06,1.21706e+07,0,0,0,0,19.0559,61.308,3.64342,0,0.04,2.12198,1.81958,0,1.63915,2.96352,9.19011e+06,3.61194e+06,1.95012e+07,0,0,0,6.97641e+07
85.139,85.139,5.68206,0.12,0.04,2.52274,2.82514,0,0.515762,4.47552,4.42214e+06,2.70226e+06,1.11559e+07,0,0,0,0,19.2458,61.308,6.22314,0,0.04,1.93955,1.63715,0,1.63944,2.96352,9.19011e+06,3.61194e+06,1.78247e+07,0,0,0,6.97641e+07
85.139,85.139,4.54313,0.08,0.04,2.52333,2.82573,0,0.472761,4.47552,4.42214e+06,2.70226e+06,1.11585e+07,0,0,0,0,19.0241,61.308,3.47806,0,0.04,1.93989,1.63749,0,1.4985,2.96352,9.19011e+06,3.61194e+06,1.78278e+07,0,0,0,6.97641e+07
85.139,85.139,5.45666,0.08,0.04,2.52392,2.82632,0,0.472872,4.47552,4.42214e+06,2.70226e+06,1.11611e+07,0,0,0,0,18.8162,61.308,3.34891,0,0.04,1.94024,1.63784,0,1.49876,2.96352,9.19011e+06,3.61194e+06,1.7831e+07,0,0,0,6.97641e+07
85.139,85.139,6.76598,0.08,0.04,2.52451,2.82691,0,0.472982,4.47552,4.42214e+06,2.70226e+06,1.11637e+07,0,0,0,0,19.2219,61.308,6.21151,0,0.04,1.94058,1.63818,0,1.49903,2.96352,9.19011e+06,3.61194e+06,1.78341e+07,0,0,0,6.97641e+07
85.139,85.139,9.20536,0.08,0.04,2.5251,2.8275,0,0.473093,4.47552,4.42214e+06,2.70226e+06,1.11663e+07,0,0,0,0,19.8487,61.308,7.86027,0,0.04,1.94092,1.63852,0,1.49929,2.96352,9.19011e+06,3.61194e+06,1.78373e+07,0,0,0,6.97641e+07
85.139,85.139,5.4542,0.11,0.04,2.5251,2.8275,0,0.473203,4.47552,4.42214e+06,2.70226e+06,1.11663e+07,0,0,0,0,19.7477,61.308,4.31311,0,0.04,1.94092,1.63852,0,1.49955,2.96352,9.19011e+06,3.61194e+06,1.78373e+07,0,0,0,6.97641e+07
85.139,85.139,9.24073,0.1,0.04,2.61427,2.91667,0,0.473203,4.47552,4.42214e+06,2.70226e+06,1.15607e+07,0,0,0,0,20.3783,61.308,6.47969,0,0.04,1.99424,1.69184,0,1.49955,2.96352,9.19011e+06,3.61194e+06,1.83273e+07,0,0,0,6.97641e+07
85.139,85.139,9.0652,0.11,0.04,2.61485,2.91725,0,0.489914,4.47552,4.42214e+06,2.70226e+06,1.15633e+07,0,0,0,0,21.141,61.308,6.79369,0,0.04,1.99458,1.69218,0,1.54075,2.96352,9.19011e+06,3.61194e+06,1.83304e+07,0,0,0,6.97641e+07
85.139,85.139,9.71499,0.11,0.04,2.61544,2.91784,0,0.490024,4.47552,4.42214e+06,2.70226e+06,1.15658e+07,0,0,0,0,22.2045,61.308,8.15213,0,0.04,1.99492,1.69252,0,1.54101,2.96352,9.19011e+06,3.61194e+06,1.83335e+07,0,0,0,6.97641e+07
85.139,85.139,10.0739,0.12,0.04,2.61602,2.91842,0,0.490133,4.47552,4.42214e+06,2.70226e+06,1.15684e+07,0,0,0,0,22.7642,61.308,6.26682,0,0.04,1.99526,1.69286,0,1.54128,2.96352,9.19011e+06,3.61194e+06,1.83367e+07,0,0,0,6.97641e+07
85.139,85.139,8.47275,0.17,0.04,2.90132,3.20372,0,0.490242,4.47552,4.42214e+06,2.70226e+06,1.283e+07,0,0,0,0,23.6483,61.308,6.61975,0,0.04,2.19468,1.89228,0,1.54154,2.96352,9.19011e+06,3.61194e+06,2.01694e+07,0,0,0,6.97641e+07
85.139,85.139,8.57707,0.2,0.04,2.90196,3.20436,0,0.543707,4.47552,4.42214e+06,2.70226e+06,1.28329e+07,0,0,0,0,24.3474,61.308,5.72865,0,0.04,2.19506,1.89266,0,1.69561,2.96352,9.19011e+06,3.61194e+06,2.01728e+07,0,0,0,6.97641e+07
85.139,85.139,6.25177,0.2,0.04,2.9026,3.205,0,0.543827,4.47552,4.42214e+06,2.70226e+06,1.28357e+07,0,0,0,0,24.937,61.308,5.17368,0,0.04,2.19544,1.89304,0,1.6959,2.96352,9.19011e+06,3.61194e+06,2.01763e+07,0,0,0,6.97641e+07
85.139,85.139,9.24375,0.2,0.04,2.90324,3.20564,0,0.543947,4.47552,4.42214e+06,2.70226e+06,1.28385e+07,0,0,0,0,25.7337,61.308,5.96139,0,0.04,2.19582,1.89342,0,1.6962,2.96352,9.19011e+06,3.61194e+06,2.01798e+07,0,0,0,6.97641e+07
85.139,85.139,6.76523,0.2,0.04,2.49746,2.79986,0,0.544067,4.47552,4.42214e+06,2.70226e+06,1.10441e+07,0,0,0,0,26.2132,61.308,5.00575,0,0.04,1.92881,1.62641,0,1.69649,2.96352,9.19011e+06,3.61194e+06,1.7726e+07,0,0,0,6.97641e+07
85.139,85.139,6.38284,0.2,0.04,2.49802,2.80042,0,0.468024,4.47552,4.42214e+06,2.70226e+06,1.10466e+07,0,0,0,0,26.6364,61.308,5.17904,0,0.04,1.92913,1.62673,0,1.4902,2.96352,9.19011e+06,3.61194e+06,1.77289e+07,0,0,0,6.97641e+07
85.139,85.139,9.08948,0.2,0.04,2.49858,2.80098,0,0.468129,4.47552,4.42214e+06,2.70226e+06,1.10491e+07,0,0,0,0,27.7469,61.308,8.56811,0,0.04,1.92946,1.62706,0,1.49045,2.96352,9.19011e+06,3.61194e+06,1.77319e+07,0,0,0,6.97641e+07
85.139,85.139,8.45859,0.2,0.04,2.49914,2.80154,0,0.468234,4.47552,4.42214e+06,2.70226e+06,1.10516e+07,0,0,0,0,28.8324,61.308,7.08228,0,0.04,1.92978,1.62738,0,1.4907,2.96352,9.19011e+06,3.61194e+06,1.77349e+07,0,0,0,6.97641e+07
85.139,85.139,8.89715,0.2,0.04,2.4997,2.8021,0,0.468339,4.47552,4.42214e+06,2.70226e+06,1.1054e+07,0,0,0,0,29.5237,61.308,6.25897,0,0.04,1.93011,1.62771,0,1.49095,2.96352,9.19011e+06,3.61194e+06,1.77379e+07,0,0,0,6.97641e+07
85.139,85.139,12.0111,0.2,0.04,2.60266,2.90506,0,0.468444,4.47552,4.42214e+06,2.70226e+06,1.15093e+07,0,0,0,0,30.6995,61.308,6.86244,0,0.04,1.99591,1.69351,0,1.4912,2.96352,9.19011e+06,3.61194e+06,1.83427e+07,0,0,0,6.97641e+07
85.139,85.139,13.3298,0.2,0.04,2.60325,2.90565,0,0.487739,4.47552,4.42214e+06,2.70226e+06,1.15119e+07,0,0,0,0,32.0883,61.308,7.2758,0,0.04,1.99625,1.69385,0,1.54204,2.96352,9.19011e+06,3.61194e+06,1.83458e+07,0,0,0,6.97641e+07
85.139,85.139,9.41416,0.19,0.04,2.60383,2.90623,0,0.487848,4.47552,4.42214e+06,2.70226e+06,1.15145e+07,0,0,0,0,32.8587,61.308,5.91399,0,0.04,1.99659,1.69419,0,1.5423,2.96352,9.19011e+06,3.61194e+06,1.83489e+07,0,0,0,6.97641e+07
85.139,85.139,8.19414,0.15,0.04,2.60441,2.90681,0,0.487957,4.47552,4.42214e+06,2.70226e+06,1.15171e+07,0,0,0,0,33.6337,61.308,5.46424,0,0.04,1.99693,1.69453,0,1.54256,2.96352,9.19011e+06,3.61194e+06,1.8352e+07,0,0,0,6.97641e+07
85.139,85.139,6.81876,0.15,0.04,2.56492,2.86732,0,0.488066,4.47552,4.42214e+06,2.70226e+06,1.13424e+07,0,0,0,0,33.7738,61.308,3.9605,0,0.04,1.97181,1.66941,0,1.54283,2.96352,9.19011e+06,3.61194e+06,1.81212e+07,0,0,0,6.97641e+07
85.139,85.139,6.46115,0.15,0.04,2.56549,2.86789,0,0.480665,4.47552,4.42214e+06,2.70226e+06,1.1345e+07,0,0,0,0,33.875,61.308,3.81761,0,0.04,1.97215,1.66975,0,1.52342,2.96352,9.19011e+06,3.61194e+06,1.81243e+07,0,0,0,6.97641e+07
85.139,85.139,5.985,0.13,0.04,2.56606,2.86846,0,0.480773,4.47552,4.42214e+06,2.70226e+06,1.13475e+07,0,0,0,0,34.1227,61.308,4.36236,0,0.04,1.97248,1.67008,0,1.52368,2.96352,9.19011e+06,3.61194e+06,1.81273e+07,0,0,0,6.97641e+07
85.139,85.139,5.63841,0.12,0.04,2.56663,2.86903,0,0.48088,4.47552,4.42214e+06,2.70226e+06,1.135e+07,0,0,0,0,34.3462,61.308,4.14837,0,0.04,1.97282,1.67042,0,1.52394,2.96352,9.19011e+06,3.61194e+06,1.81304e+07,0,0,0,6.97641e+07
85.139,85.139,5.14903,0.1,0.04,2.70333,3.00573,0,0.480987,4.47552,4.42214e+06,2.70226e+06,1.19545e+07,0,0,0,0,34.3294,61.308,3.48297,0,0.04,2.06348,1.76108,0,1.5242,2.96352,9.19011e+06,3.61194e+06,1.89636e+07,0,0,0,6.97641e+07
85.139,85.139,4.94532,0.09,0.04,2.70393,3.00633,0,0.506605,4.47552,4.42214e+06,2.70226e+06,1.19572e+07,0,0,0,0,34.1922,61.308,3.08151,0,0.04,2.06383,1.76143,0,1.59424,2.96352,9.19011e+06,3.61194e+06,1.89668e+07,0,0,0,6.97641e+07
85.139,85.139,4.40015,0.08,0.04,2.70453,3.00693,0,0.506717,4.47552,4.42214e+06,2.70226e+06,1.19598e+07,0,0,0,0,34.0036,61.308,2.94556,0,0.04,2.06418,1.76178,0,1.59452,2.96352,9.19011e+06,3.61194e+06,1.89701e+07,0,0,0,6.97641e+07
85.139,85.139,4.16699,0.07,0.04,2.70513,3.00753,0,0.50683,4.47552,4.42214e+06,2.70226e+06,1.19625e+07,0,0,0,0,33.7755,61.308,2.78356,0,0.04,2.06453,1.76213,0,1.59479,2.96352,9.19011e+06,3.61194e+06,1.89733e+07,0,0,0,6.97641e+07
85.139,85.139,4.03757,0.05,0.04,2.70574,3.00814,0,0.506942,4.47552,4.42214e+06,2.70226e+06,1.19651e+07,0,0,0,0,33.5528,61.308,2.89253,0,0.04,2.06489,1.76249,0,1.59506,2.96352,9.19011e+06,3.61194e+06,1.89765e+07,0,0,0,6.97641e+07
85.139,85.139,3.91524,0.04,0.04,2.67939,2.98179,0,0.507055,4.47552,4.42214e+06,2.70226e+06,1.18486e+07,0,0,0,0,33.3607,61.308,3.08716,0,0.04,2.11493,1.81253,0,1.59533,2.96352,9.19011e+06,3.61194e+06,1.94365e+07,0,0,0,6.97641e+07
85.139,85.139,3.72537,0.05,0.04,2.67998,2.98238,0,0.502118,4.47552,4.42214e+06,2.70226e+06,1.18513e+07,0,0,0,0,33.115,61.308,3.03384,0,0.04,2.1153,1.8129,0,1.634,2.96352,9.19011e+06,3.61194e+06,1.94398e+07,0,0,0,6.97641e+07
85.139,85.139,3.50074,0.04,0.04,2.68058,2.98298,0,0.502229,4.47552,4.42214e+06,2.70226e+06,1.18539e+07,0,0,0,0,32.8556,61.308,3.08374,0,0.04,2.11566,1.81326,0,1.63428,2.96352,9.19011e+06,3.61194e+06,1.94431e+07,0,0,0,6.97641e+07
85.139,85.139,3.22979,0.04,0.04,2.68118,2.98358,0,0.502341,4.47552,4.42214e+06,2.70226e+06,1.18565e+07,0,0,0,0,32.5746,61.308,2.91394,0,0.04,2.11602,1.81362,0,1.63456,2.96352,9.19011e+06,3.61194e+06,1.94465e+07,0,0,0,6.97641e+07
85.139,85.139,3.16848,0.05,0.04,2.75142,3.05382,0,0.502452,4.47552,4.42214e+06,2.70226e+06,1.21671e+07,0,0,0,0,32.3512,61.308,2.92816,0,0.04,2.16071,1.85831,0,1.63484,2.96352,9.19011e+06,3.61194e+06,1.98571e+07,0,0,0,6.97641e+07
85.139,85.139,3.01622,0.05,0.04,2.75203,3.05443,0,0.515615,4.47552,4.42214e+06,2.70226e+06,1.21698e+07,0,0,0,0,32.053,61.308,2.75437,0,0.04,2.16108,1.85868,0,1.66936,2.96352,9.19011e+06,3.61194e+06,1.98606e+07,0,0,0,6.97641e+07
85.139,85.139,3.16805,0.05,0.04,2.75264,3.05504,0,0.51573,4.47552,4.42214e+06,2.70226e+06,1.21725e+07,0,0,0,0,31.7277,61.308,3.04793,0,0.04,2.16145,1.85905,0,1.66965,2.96352,9.19011e+06,3.61194e+06,1.9864e+07,0,0,0,6.97641e+07
85.139,85.139,3.19064,0.06,0.04,2.75325,3.05565,0,0.515844,4.47552,4.42214e+06,2.70226e+06,1.21752e+07,0,0,0,0,31.4736,61.308,2.74987,0,0.04,2.16182,1.85942,0,1.66994,2.96352,9.19011e+06,3.61194e+06,1.98674e+07,0,0,0,6.97641e+07
85.139,85.139,3.16831,0.06,0.04,2.95797,3.26037,0,0.515958,4.47552,4.42214e+06,2.70226e+06,1.30806e+07,0,0,0,0,31.1596,61.308,2.96936,0,0.04,2.32231,2.01991,0,1.67022,2.96352,9.19011e+06,3.61194e+06,2.13423e+07,0,0,0,6.97641e+07
85.1212,85.139,3.10472,0.06,0.04,2.95862,3.26102,0,0.554324,4.47552,4.42214e+06,2.70226e+06,1.30834e+07,0,0,0,0,30.8233,61.308,2.86132,0,0.04,2.32272,2.02032,0,1.79422,2.96352,9.19011e+06,3.61194e+06,2.1346e+07,0,0,0,6.97641e+07
85.139,85.139,3.42895,0.09,0.04,2.95927,3.26167,0,0.554446,4.47552,4.42214e+06,2.70226e+06,1.30863e+07,0,0,0,0,30.6215,61.308,3.5506,0,0.04,2.32312,2.02072,0,1.79453,2.96352,9.19011e+06,3.61194e+06,2.13497e+07,0,0,0,6.97641e+07
84.7663,85.139,2.78036,0.07,0.04,2.95992,3.26232,0,0.554568,4.47552,4.42214e+06,2.70226e+06,1.30892e+07,0,0,0,0,30.2258,61.308,2.48543,0,0.04,2.32352,2.02112,0,1.79484,2.96352,9.19011e+06,3.61194e+06,2.13534e+07,0,0,0,6.97641e+07
85.139,85.139,3.5552,0.09,0.04,2.96057,3.26297,0,0.55469,4.47552,4.42214e+06,2.70226e+06,1.30921e+07,0,0,0,0,30.2179,61.308,4.51418,0,0.04,2.32393,2.02153,0,1.79515,2.96352,9.19011e+06,3.61194e+06,2.13571e+07,0,0,0,6.97641e+07
84.2541,85.139,2.24526,0.07,0.04,2.86165,3.16405,0,0.554812,4.47552,4.42214e+06,2.70226e+06,1.26546e+07,0,0,0,0,29.8442,61.308,2.588,0,0.04,2.22705,1.92465,0,1.79547,2.96352,9.19011e+06,3.61194e+06,2.04668e+07,0,0,0,6.97641e+07
85.139,85.139,4.13869,0.09,0.04,2.86228,3.16468,0,0.536273,4.47552,4.42214e+06,2.70226e+06,1.26574e+07,0,0,0,0,29.8376,61.308,4.79861,0,0.04,2.22743,1.92503,0,1.72062,2.96352,9.19011e+06,3.61194e+06,2.04703e+07,0,0,0,6.97641e+07
83.9337,85.139,1.91187,0.07,0.04,2.86291,3.16531,0,0.536391,4.47552,4.42214e+06,2.70226e+06,1.26602e+07,0,0,0,0,29.4507,61.308,2.50231,0,0.04,2.22781,1.92541,0,1.72091,2.96352,9.19011e+06,3.61194e+06,2.04739e+07,0,0,0,6.97641e+07
83.1577,85.139,2.35367,0.1,0.04,2.86354,3.16594,0,0.53651,4.47552,4.42214e+06,2.70226e+06,1.2663e+07,0,0,0,0,29.1991,61.308,2.72477,0,0.04,2.2282,1.9258,0,1.72121,2.96352,9.19011e+06,3.61194e+06,2.04774e+07,0,0,0,6.97641e+07
83.4463,85.139,3.57683,0.11,0.04,2.78238,3.08478,0,0.536628,4.47552,4.42214e+06,2.70226e+06,1.23041e+07,0,0,0,0,29.6533,61.308,6.31087,0,0.04,2.13996,1.83756,0,1.72151,2.96352,9.19011e+06,3.61194e+06,1.96665e+07,0,0,0,6.97641e+07
82.5988,85.139,2.344,0.11,0.04,2.78299,3.08539,0,0.521417,4.47552,4.42214e+06,2.70226e+06,1.23068e+07,0,0,0,0,29.4553,61.308,2.96353,0,0.04,2.14033,1.83793,0,1.65333,2.96352,9.19011e+06,3.61194e+06,1.96698e+07,0,0,0,6.97641e+07
83.5066,85.139,4.26433,0.12,0.04,2.78361,3.08601,0,0.521533,4.47552,4.42214e+06,2.70226e+06,1.23095e+07,0,0,0,0,29.6164,61.308,3.94793,0,0.04,2.14069,1.83829,0,1.65362,2.96352,9.19011e+06,3.61194e+06,1.96732e+07,0,0,0,6.97641e+07
83.9354,85.139,3.79114,0.12,0.04,2.78422,3.08662,0,0.521648,4.47552,4.42214e+06,2.70226e+06,1.23122e+07,0,0,0,0,30.0585,61.308,6.2582,0,0.04,2.14106,1.83866,0,1.6539,2.96352,9.19011e+06,3.61194e+06,1.96766e+07,0,0,0,6.97641e+07
84.1873,85.139,3.45832,0.12,0.04,2.55233,2.85473,0,0.521763,4.47552,4.42214e+06,2.70226e+06,1.12868e+07,0,0,0,0,30.3753,61.308,5.19554,0,0.04,1.9567,1.6543,0,1.65418,2.96352,9.19011e+06,3.61194e+06,1.79823e+07,0,0,0,6.97641e+07
83.8439,85.139,2.8513,0.13,0.04,2.5529,2.8553,0,0.478307,4.47552,4.42214e+06,2.70226e+06,1.12893e+07,0,0,0,0,31.9261,61.308,7.46138,0,0.04,1.95703,1.65463,0,1.51175,2.96352,9.19011e+06,3.61194e+06,1.79853e+07,0,0,0,6.97641e+07
83.8101,85.139,3.14694,0.13,0.04,2.55347,2.85587,0,0.478414,4.47552,4.42214e+06,2.70226e+06,1.12918e+07,0,0,0,0,33.1166,61.308,8.48352,0,0.04,1.95736,1.65496,0,1.512,2.96352,9.19011e+06,3.61194e+06,1.79884e+07,0,0,0,6.97641e+07
83.0751,85.139,2.3937,0.13,0.04,2.55404,2.85644,0,0.478521,4.47552,4.42214e+06,2.70226e+06,1.12943e+07,0,0,0,0,33.0426,61.308,3.91058,0,0.04,1.95769,1.65529,0,1.51226,2.96352,9.19011e+06,3.61194e+06,1.79914e+07,0,0,0,6.97641e+07
82.469,85.139,2.49104,0.14,0.04,2.55461,2.85701,0,0.478628,4.47552,4.42214e+06,2.70226e+06,1.12969e+07,0,0,0,0,33.0852,61.308,4.043,0,0.04,1.95802,1.65562,0,1.51251,2.96352,9.19011e+06,3.61194e+06,1.79945e+07,0,0,0,6.97641e+07
83.1925,85.139,3.95352,0.14,0.04,2.64469,2.94709,0,0.478735,4.47552,4.42214e+06,2.70226e+06,1.16952e+07,0,0,0,0,32.9095,61.308,4.72563,0,0.04,2.01189,1.70949,0,1.51277,2.96352,9.19011e+06,3.61194e+06,1.84895e+07,0,0,0,6.97641e+07
84.0521,85.139,4.12062,0.15,0.04,2.64525,2.94765,0,0.495615,4.47552,4.42214e+06,2.70226e+06,1.16977e+07,0,0,0,0,32.6777,61.308,4.60207,0,0.04,2.01222,1.70982,0,1.55439,2.96352,9.19011e+06,3.61194e+06,1.84925e+07,0,0,0,6.97641e+07
84.7791,85.139,3.98164,0.15,0.04,2.64582,2.94822,0,0.495721,4.47552,4.42214e+06,2.70226e+06,1.17002e+07,0,0,0,0,32.5025,61.308,4.81173,0,0.04,2.01254,1.71014,0,1.55464,2.96352,9.19011e+06,3.61194e+06,1.84955e+07,0,0,0,6.97641e+07
85.139,85.139,3.80112,0.16,0.04,2.64638,2.94878,0,0.495826,4.47552,4.42214e+06,2.70226e+06,1.17027e+07,0,0,0,0,32.3152,61.308,4.92445,0,0.04,2.01287,1.71047,0,1.55489,2.96352,9.19011e+06,3.61194e+06,1.84985e+07,0,0,0,6.97641e+07
85.139,85.139,4.88676,0.12,0.04,2.93462,3.23702,0,0.495932,4.47552,4.42214e+06,2.70226e+06,1.29773e+07,0,0,0,0,32.1607,61.308,5.87396,0,0.04,2.21435,1.91195,0,1.55514,2.96352,9.19011e+06,3.61194e+06,2.03501e+07,0,0,0,6.97641e+07
85.139,85.139,3.98652,0.13,0.04,2.93523,3.23763,0,0.549947,4.47552,4.42214e+06,2.70226e+06,1.298e+07,0,0,0,0,31.9164,61.308,5.03707,0,0.04,2.21471,1.91231,0,1.71081,2.96352,9.19011e+06,3.61194e+06,2.03535e+07,0,0,0,6.97641e+07
85.139,85.139,4.43112,0.14,0.04,2.93585,3.23825,0,0.550063,4.47552,4.42214e+06,2.70226e+06,1.29827e+07,0,0,0,0,31.6741,61.308,4.96718,0,0.04,2.21508,1.91268,0,1.71109,2.96352,9.19011e+06,3.61194e+06,2.03568e+07,0,0,0,6.97641e+07
85.139,85.139,4.62626,0.14,0.04,2.93647,3.23887,0,0.550179,4.47552,4.42214e+06,2.70226e+06,1.29855e+07,0,0,0,0,31.3844,61.308,4.6824,0,0.04,2.21545,1.91305,0,1.71137,2.96352,9.19011e+06,3.61194e+06,2.03602e+07,0,0,0,6.97641e+07
85.139,85.139,3.38133,0.14,0.04,2.52646,2.82886,0,0.550294,4.47552,4.42214e+06,2.70226e+06,1.11724e+07,0,0,0,0,31.0039,61.308,2.92572,0,0.04,1.94565,1.64325,0,1.71165,2.96352,9.19011e+06,3.61194e+06,1.78808e+07,0,0,0,6.97641e+07
85.139,85.139,4.88436,0.16,0.04,2.527,2.8294,0,0.473459,4.47552,4.42214e+06,2.70226e+06,1.11748e+07,0,0,0,0,31.1563,61.308,4.12349,0,0.04,1.94597,1.64357,0,1.50321,2.96352,9.19011e+06,3.61194e+06,1.78837e+07,0,0,0,6.97641e+07
85.139,85.139,4.35473,0.17,0.04,2.52754,2.82994,0,0.47356,4.47552,4.42214e+06,2.70226e+06,1.11771e+07,0,0,0,0,30.9304,61.308,3.08677,0,0.04,1.94628,1.64388,0,1.50345,2.96352,9.19011e+06,3.61194e+06,1.78865e+07,0,0,0,6.97641e+07
85.139,85.139,3.59586,0.17,0.04,2.52808,2.83048,0,0.473662,4.47552,4.42214e+06,2.70226e+06,1.11795e+07,0,0,0,0,30.6709,61.308,2.68738,0,0.04,1.9466,1.6442,0,1.5037,2.96352,9.19011e+06,3.61194e+06,1.78894e+07,0,0,0,6.97641e+07
85.139,85.139,4.6274,0.18,0.04,2.52862,2.83102,0,0.473763,4.47552,4.42214e+06,2.70226e+06,1.11819e+07,0,0,0,0,30.4463,61.308,2.96332,0,0.04,1.94691,1.64451,0,1.50394,2.96352,9.19011e+06,3.61194e+06,1.78923e+07,0,0,0,6.97641e+07
85.139,85.139,5.74942,0.19,0.04,2.63262,2.93502,0,0.473864,4.47552,4.42214e+06,2.70226e+06,1.16418e+07,0,0,0,0,30.3631,61.308,3.86586,0,0.04,2.01338,1.71098,0,1.50418,2.96352,9.19011e+06,3.61194e+06,1.85032e+07,0,0,0,6.97641e+07
85.139,85.139,4.38317,0.19,0.04,2.63318,2.93558,0,0.493354,4.47552,4.42214e+06,2.70226e+06,1.16443e+07,0,0,0,0,30.1638,61.308,2.892,0,0.04,2.0137,1.7113,0,1.55553,2.96352,9.19011e+06,3.61194e+06,1.85062e+07,0,0,0,6.97641e+07
85.139,85.139,3.5577,0.19,0.04,2.63374,2.93614,0,0.493459,4.47552,4.42214e+06,2.70226e+06,1.16468e+07,0,0,0,0,29.8334,61.308,2.3489,0,0.04,2.01403,1.71163,0,1.55579,2.96352,9.19011e+06,3.61194e+06,1.85092e+07,0,0,0,6.97641e+07
85.139,85.139,3.22533,0.18,0.04,2.6343,2.9367,0,0.493564,4.47552,4.42214e+06,2.70226e+06,1.16493e+07,0,0,0,0,29.424,61.308,2.13484,0,0.04,2.01436,1.71196,0,1.55604,2.96352,9.19011e+06,3.61194e+06,1.85122e+07,0,0,0,6.97641e+07
85.139,85.139,3.29904,0.15,0.04,2.59438,2.89678,0,0.493669,4.47552,4.42214e+06,2.70226e+06,1.14727e+07,0,0,0,0,29.1911,61.308,3.23926,0,0.04,1.98897,1.68657,0,1.55629,2.96352,9.19011e+06,3.61194e+06,1.82789e+07,0,0,0,6.97641e+07
85.13,85.139,2.98673,0.16,0.04,2.59494,2.89734,0,0.486187,4.47552,4.42214e+06,2.70226e+06,1.14752e+07,0,0,0,0,28.8844,61.308,2.68241,0,0.04,1.98929,1.68689,0,1.53668,2.96352,9.19011e+06,3.61194e+06,1.82818e+07,0,0,0,6.97641e+07
85.139,85.139,3.56112,0.24,0.04,2.59549,2.89789,0,0.486291,4.47552,4.42214e+06,2.70226e+06,1.14776e+07,0,0,0,0,28.5544,61.308,2.75005,0,0.04,1.98961,1.68721,0,1.53693,2.96352,9.19011e+06,3.61194e+06,1.82848e+07,0,0,0,6.97641e+07
84.9868,85.139,2.72857,0.13,0.04,2.59604,2.89844,0,0.486394,4.47552,4.42214e+06,2.70226e+06,1.14801e+07,0,0,0,0,28.192,61.308,2.67772,0,0.04,1.98994,1.68754,0,1.53718,2.96352,9.19011e+06,3.61194e+06,1.82877e+07,0,0,0,6.97641e+07
84.4919,85.139,2.48187,0.2,0.04,2.73411,3.03651,0,0.486498,4.47552,4.42214e+06,2.70226e+06,1.20906e+07,0,0,0,0,27.7805,61.308,2.28132,0,0.04,2.08151,1.77911,0,1.53743,2.96352,9.19011e+06,3.61194e+06,1.91293e+07,0,0,0,6.97641e+07
83.5594,85.139,2.00776,0.18,0.04,2.73469,3.03709,0,0.512373,4.47552,4.42214e+06,2.70226e+06,1.20932e+07,0,0,0,0,27.3412,61.308,2.13398,0,0.04,2.08185,1.77945,0,1.60818,2.96352,9.19011e+06,3.61194e+06,1.91325e+07,0,0,0,6.97641e+07
82.5628,85.139,1.86717,0.17,0.04,2.73527,3.03767,0,0.512482,4.47552,4.42214e+06,2.70226e+06,1.20958e+07,0,0,0,0,26.8616,61.308,1.91152,0,0.04,2.08219,1.77979,0,1.60844,2.96352,9.19011e+06,3.61194e+06,1.91356e+07,0,0,0,6.97641e+07
81.5444,85.139,1.83383,0.14,0.04,2.73585,3.03825,0,0.51259,4.47552,4.42214e+06,2.70226e+06,1.20983e+07,0,0,0,0,26.3838,61.308,1.94275,0,0.04,2.08253,1.78013,0,1.6087,2.96352,9.19011e+06,3.61194e+06,1.91387e+07,0,0,0,6.97641e+07
80.2696,85.139,1.56549,0.11,0.04,2.73643,3.03883,0,0.512699,4.47552,4.42214e+06,2.70226e+06,1.21009e+07,0,0,0,0,25.8819,61.308,1.88611,0,0.04,2.08287,1.78047,0,1.60896,2.96352,9.19011e+06,3.61194e+06,1.91418e+07,0,0,0,6.97641e+07
78.8307,85.139,1.36639,0.11,0.04,2.70979,3.01219,0,0.512807,4.47552,4.42214e+06,2.70226e+06,1.19831e+07,0,0,0,0,25.342,61.308,1.65102,0,0.04,2.13341,1.83101,0,1.60923,2.96352,9.19011e+06,3.61194e+06,1.96063e+07,0,0,0,6.97641e+07
77.365,85.139,1.32564,0.16,0.04,2.71036,3.01276,0,0.507815,4.47552,4.42214e+06,2.70226e+06,1.19856e+07,0,0,0,0,24.7404,61.308,1.63411,0,0.04,2.13376,1.83136,0,1.64828,2.96352,9.19011e+06,3.61194e+06,1.96095e+07,0,0,0,6.97641e+07
75.826,85.139,1.21235,0.16,0.04,2.71094,3.01334,0,0.507922,4.47552,4.42214e+06,2.70226e+06,1.19882e+07,0,0,0,0,24.133,61.308,1.516,0,0.04,2.13411,1.83171,0,1.64855,2.96352,9.19011e+06,3.61194e+06,1.96127e+07,0,0,0,6.97641e+07
74.1909,85.139,1.09634,0.16,0.04,2.71151,3.01391,0,0.50803,4.47552,4.42214e+06,2.70226e+06,1.19907e+07,0,0,0,0,23.3694,61.308,1.53471,0,0.04,2.13446,1.83206,0,1.64882,2.96352,9.19011e+06,3.61194e+06,1.96159e+07,0,0,0,6.97641e+07
72.5933,85.139,1.18771,0.14,0.04,2.78244,3.08484,0,0.508138,4.47552,4.42214e+06,2.70226e+06,1.23043e+07,0,0,0,0,22.5932,61.308,1.39012,0,0.04,2.17959,1.87719,0,1.64909,2.96352,9.19011e+06,3.61194e+06,2.00306e+07,0,0,0,6.97641e+07
70.97,85.139,1.14819,0.2,0.04,2.78303,3.08543,0,0.52143,4.47552,4.42214e+06,2.70226e+06,1.2307e+07,0,0,0,0,21.7416,61.308,1.38216,0,0.04,2.17995,1.87755,0,1.68395,2.96352,9.19011e+06,3.61194e+06,2.00339e+07,0,0,0,6.97641e+07
69.221,85.139,1.00702,0.18,0.04,2.78362,3.08602,0,0.52154,4.47552,4.42214e+06,2.70226e+06,1.23096e+07,0,0,0,0,20.8324,61.308,1.26288,0,0.04,2.1803,1.8779,0,1.68423,2.96352,9.19011e+06,3.61194e+06,2.00372e+07,0,0,0,6.97641e+07
67.4166,85.139,0.930252,0.18,0.04,2.78421,3.08661,0,0.52165,4.47552,4.42214e+06,2.70226e+06,1.23122e+07,0,0,0,0,19.9395,61.308,1.21351,0,0.04,2.18066,1.87826,0,1.6845,2.96352,9.19011e+06,3.61194e+06,2.00405e+07,0,0,0,6.97641e+07
65.2717,85.139,0.720764,0.24,0.04,2.99098,3.29338,0,0.521761,4.47552,4.42214e+06,2.70226e+06,1.32265e+07,0,0,0,0,19.0042,61.308,1.21774,0,0.04,2.34276,2.04036,0,1.68478,2.96352,9.19011e+06,3.61194e+06,2.15302e+07,0,0,0,6.97641e+07
63.0203,85.139,0.583601,0.22,0.04,2.99161,3.29401,0,0.560509,4.47552,4.42214e+06,2.70226e+06,1.32293e+07,0,0,0,0,18.0125,61.308,1.15324,0,0.04,2.34315,2.04075,0,1.81002,2.96352,9.19011e+06,3.61194e+06,2.15338e+07,0,0,0,6.97641e+07
60.8012,85.139,0.591068,0.22,0.04,2.99223,3.29463,0,0.560627,4.47552,4.42214e+06,2.70226e+06,1.32321e+07,0,0,0,0,17.2073,61.308,1.10601,0,0.04,2.34354,2.04114,0,1.81032,2.96352,9.19011e+06,3.61194e+06,2.15374e+07,0,0,0,6.97641e+07
58.8682,85.139,0.871841,0.25,0.04,2.99286,3.29526,0,0.560745,4.47552,4.42214e+06,2.70226e+06,1.32349e+07,0,0,0,0,16.3925,61.308,1.32886,0,0.04,2.34393,2.04153,0,1.81062,2.96352,9.19011e+06,3.61194e+06,2.1541e+07,0,0,0,6.97641e+07
57.2206,85.139,1.18008,0.25,0.04,2.99349,3.29589,0,0.560862,4.47552,4.42214e+06,2.70226e+06,1.32376e+07,0,0,0,0,15.0608,61.308,1.32454,0,0.04,2.34432,2.04192,0,1.81092,2.96352,9.19011e+06,3.61194e+06,2.15445e+07,0,0,0,6.97641e+07
55.2737,85.139,0.776942,0.25,0.04,2.89354,3.19594,0,0.56098,4.47552,4.42214e+06,2.70226e+06,1.27956e+07,0,0,0,0,14.0062,61.308,0.640216,0,0.04,2.24644,1.94404,0,1.81122,2.96352,9.19011e+06,3.61194e+06,2.06451e+07,0,0,0,6.97641e+07
53.235,85.139,0.656773,0.29,0.04,2.89415,3.19655,0,0.542249,4.47552,4.42214e+06,2.70226e+06,1.27983e+07,0,0,0,0,12.6166,61.308,1.06952,0,0.04,2.24681,1.94441,0,1.7356,2.96352,9.19011e+06,3.61194e+06,2.06485e+07,0,0,0,6.97641e+07
51.1347,85.139,0.568249,0.28,0.04,2.89476,3.19716,0,0.542363,4.47552,4.42214e+06,2.70226e+06,1.2801e+07,0,0,0,0,11.1323,61.308,0.595168,0,0.04,2.24719,1.94479,0,1.73589,2.96352,9.19011e+06,3.61194e+06,2.06519e+07,0,0,0,6.97641e+07
49.073,85.139,0.589279,0.28,0.04,2.89537,3.19777,0,0.542478,4.47552,4.42214e+06,2.70226e+06,1.28037e+07,0,0,0,0,9.54598,61.308,0.576271,0,0.04,2.24756,1.94516,0,1.73618,2.96352,9.19011e+06,3.61194e+06,2.06553e+07,0,0,0,6.97641e+07
47.1588,85.139,0.719979,0.31,0.04,2.81336,3.11576,0,0.542592,4.47552,4.42214e+06,2.70226e+06,1.24411e+07,0,0,0,0,8.31876,61.308,0.463185,0,0.04,2.15841,1.85601,0,1.73646,2.96352,9.19011e+06,3.61194e+06,1.98361e+07,0,0,0,6.97641e+07
45.3213,85.139,0.762716,0.31,0.04,2.81395,3.11635,0,0.527223,4.47552,4.42214e+06,2.70226e+06,1.24437e+07,0,0,0,0,7.62645,61.308,0.844659,0,0.04,2.15877,1.85637,0,1.66759,2.96352,9.19011e+06,3.61194e+06,1.98393e+07,0,0,0,6.97641e+07
44.7435,85.139,2.07641,0.35,0.04,2.81454,3.11694,0,0.527334,4.47552,4.42214e+06,2.70226e+06,1.24463e+07,0,0,0,0,6.44777,61.308,1.6048,0,0.04,2.15912,1.85672,0,1.66786,2.96352,9.19011e+06,3.61194e+06,1.98426e+07,0,0,0,6.97641e+07
43.3509,85.139,1.22546,0.35,0.04,2.81514,3.11754,0,0.527445,4.47552,4.42214e+06,2.70226e+06,1.24489e+07,0,0,0,0,5.24987,61.308,0.760509,0,0.04,2.15948,1.85708,0,1.66814,2.96352,9.19011e+06,3.61194e+06,1.98458e+07,0,0,0,6.97641e+07
42.3464,85.139,1.43276,0.35,0.04,2.5809,2.8833,0,0.527557,4.47552,4.42214e+06,2.70226e+06,1.14131e+07,0,0,0,0,3.9983,61.308,0.83629,0,0.04,1.97326,1.67086,0,1.66841,2.96352,9.19011e+06,3.61194e+06,1.81344e+07,0,0,0,6.97641e+07
41.0826,85.139,1.21342,0.36,0.04,2.58145,2.88385,0,0.483661,4.47552,4.42214e+06,2.70226e+06,1.14155e+07,0,0,0,0,2.59918,61.308,0.779479,0,0.04,1.97358,1.67118,0,1.52454,2.96352,9.19011e+06,3.61194e+06,1.81374e+07,0,0,0,6.97641e+07
40.0378,85.139,1.22751,0.4,0.04,2.31316,2.8844,0,0.483764,4.47552,4.42214e+06,3.63146e+06,1.02291e+07,0,0,0,0,1.17291,61.308,0.830793,0,0.04,1.8181,1.67149,0,1.52478,2.96352,9.19011e+06,4.85394e+06,1.67086e+07,0,0,0,6.97641e+07
39.4003,85.139,1.61444,0.42,0.04,2.31366,2.88495,0,0.433487,4.47552,4.42214e+06,3.63146e+06,1.02313e+07,0,0,0,0,0.674803,61.308,0.789568,0,0.04,1.17291,1.67181,0.645482,1.40467,2.96352,9.19011e+06,4.85394e+06,1.07792e+07,0,0,0,6.97641e+07
41.7918,85.139,4.60793,0.51,0.04,2.31416,2.8855,0,0.43358,4.47552,4.42214e+06,3.63146e+06,1.02335e+07,0,0,0,0,1.1197,61.308,1.28869,0,0.04,0.674803,1.67213,1.14388,0.906192,2.96352,9.19011e+06,4.85394e+06,6.20152e+06,0,0,0,6.97641e+07
43.7602,85.139,4.37183,0.49,0.04,2.39663,2.97645,0,0.433674,4.47552,4.42214e+06,3.63146e+06,1.05983e+07,0,0,0,0,1.60856,61.308,3.02289,0,0.04,1.868,1.72652,0,0.521353,2.96352,9.19011e+06,4.85394e+06,1.71671e+07,0,0,0,6.97641e+07
46.7153,85.139,5.57846,0.52,0.04,2.39713,2.97699,0,0.449129,4.47552,4.42214e+06,3.63146e+06,1.06004e+07,0,0,0,0,1.55922,61.308,2.55573,0,0.04,1.60856,1.72683,0.259732,1.44322,2.96352,9.19011e+06,4.85394e+06,1.47828e+07,0,0,0,6.97641e+07
48.5446,85.139,4.31569,0.49,0.04,2.39762,2.97753,0,0.449221,4.47552,4.42214e+06,3.63146e+06,1.06026e+07,0,0,0,0,1.40252,61.308,2.19651,0,0.04,1.55922,1.72715,0.309347,1.24277,2.96352,9.19011e+06,4.85394e+06,1.43294e+07,0,0,0,6.97641e+07
49.591,85.139,3.50769,0.53,0.04,2.39811,2.97808,0,0.449313,4.47552,4.42214e+06,3.63146e+06,1.06048e+07,0,0,0,0,1.41728,61.308,1.91684,0,0.04,1.40252,1.72746,0.466342,1.20466,2.96352,9.19011e+06,4.85394e+06,1.28893e+07,0,0,0,6.97641e+07
49.9406,85.139,3.06919,0.55,0.04,2.66205,3.26915,0,0.449406,4.47552,4.42214e+06,3.63146e+06,1.1772e+07,0,0,0,0,1.41139,61.308,2.03485,0,0.04,1.41728,1.93093,0.636079,1.08358,2.96352,9.19011e+06,4.85394e+06,1.3025e+07,0,0,0,6.97641e+07
50.3038,85.139,3.12448,0.57,0.04,2.66259,3.26974,0,0.498868,4.47552,4.42214e+06,3.63146e+06,1.17743e+07,0,0,0,0,1.4334,61.308,2.20075,0,0.04,1.41139,1.93128,0.642291,1.09499,2.96352,9.19011e+06,4.85394e+06,1.29708e+07,0,0,0,6.97641e+07
50.7577,85.139,3.23622,0.58,0.04,2.66313,3.27034,0,0.498969,4.47552,4.42214e+06,3.63146e+06,1.17767e+07,0,0,0,0,1.46026,61.308,2.33259,0,0.04,1.4334,1.93163,0.620594,1.09044,2.96352,9.19011e+06,4.85394e+06,1.31731e+07,0,0,0,6.97641e+07
51.1517,85.139,3.15979,0.61,0.04,2.66367,3.27093,0,0.499071,4.47552,4.42214e+06,3.63146e+06,1.17791e+07,0,0,0,0,1.51107,61.308,2.25299,0,0.04,1.46026,1.93198,0.594051,1.10745,2.96352,9.19011e+06,4.85394e+06,1.342e+07,0,0,0,6.97641e+07
53.5484,85.139,5.06924,0.55,0.04,2.28817,2.85684,0,0.499172,4.47552,4.42214e+06,3.63146e+06,1.01186e+07,0,0,0,0,1.64602,61.308,2.6829,0,0.04,1.51107,1.65951,0.296168,1.1282,2.96352,9.19011e+06,4.85394e+06,1.38869e+07,0,0,0,6.97641e+07
56.9747,85.139,6.12001,0.61,0.04,2.28865,2.85736,0,0.428804,4.47552,4.42214e+06,3.63146e+06,1.01207e+07,0,0,0,0,1.73422,61.308,3.07507,0,0.04,1.64602,1.65981,0.161493,1.16745,2.96352,9.19011e+06,4.85394e+06,1.51271e+07,0,0,0,6.97641e+07
58.8262,85.139,4.5758,0.54,0.04,2.28912,2.85788,0,0.428892,4.47552,4.42214e+06,3.63146e+06,1.01228e+07,0,0,0,0,1.6935,61.308,3.01774,0,0.04,1.73422,1.66011,0.0735598,1.27171,2.96352,9.19011e+06,4.85394e+06,1.59377e+07,0,0,0,6.97641e+07
64.3733,85.139,8.62029,0.6,0.04,2.59199,2.8584,0,0.428981,4.47552,4.42214e+06,3.63146e+06,1.14621e+07,0,0,0,0,2.21102,61.308,4.56663,0.01,0.04,1.50566,1.66041,0,1.33986,2.96352,9.19011e+06,4.85394e+06,1.38372e+07,0,0,0,6.97641e+07
68.4807,85.139,7.37146,0.56,0.04,2.59246,2.85892,0,0.485739,4.47552,4.42214e+06,3.63146e+06,1.14642e+07,0,0,0,0,2.91849,61.308,4.8354,0.01,0.04,1.50593,1.66072,0,1.16327,2.96352,9.19011e+06,4.85394e+06,1.38397e+07,0,0,0,6.97641e+07
71.8475,85.139,6.86032,0.5,0.04,2.68767,2.96392,0,0.485827,4.47552,4.42214e+06,3.63146e+06,1.18853e+07,0,0,0,0,3.74046,61.308,5.02562,0.01,0.04,1.56678,1.72782,0,1.16348,2.96352,9.19011e+06,4.85394e+06,1.43989e+07,0,0,0,6.97641e+07
73.6166,85.139,5.07039,0.53,0.04,2.68816,2.96446,0,0.50367,4.47552,4.42214e+06,3.63146e+06,1.18874e+07,0,0,0,0,4.22767,61.308,4.09878,0.01,0.04,1.56707,1.72814,0,1.2105,2.96352,9.19011e+06,4.85394e+06,1.44015e+07,0,0,0,6.97641e+07
74.743,85.139,4.38354,0.53,0.04,2.68865,2.965,0,0.503762,4.47552,4.42214e+06,3.63146e+06,1.18896e+07,0,0,0,0,4.61542,61.308,3.90364,0.01,0.04,1.56735,1.72845,0,1.21072,2.96352,9.19011e+06,4.85394e+06,1.44042e+07,0,0,0,6.97641e+07
75.9921,85.139,4.45507,0.42,0.04,2.68914,2.96554,0,0.503853,4.47552,4.42214e+06,3.63146e+06,1.18918e+07,0,0,0,0,4.96867,61.308,3.59243,0.02,0.04,1.56764,1.72877,0,1.21094,2.96352,9.19011e+06,4.85394e+06,1.44068e+07,0,0,0,6.97641e+07
76.5126,85.139,3.66448,0.43,0.04,2.65256,2.9252,0,0.503945,4.47552,4.42214e+06,3.63146e+06,1.173e+07,0,0,0,0,4.95484,61.308,3.22403,0.02,0.04,1.54438,1.70312,0,1.21116,2.96352,9.19011e+06,4.85394e+06,1.4193e+07,0,0,0,6.97641e+07
76.7165,85.139,3.26482,0.42,0.04,2.65304,2.92573,0,0.49709,4.47552,4.42214e+06,3.63146e+06,1.17321e+07,0,0,0,0,4.90028,61.308,2.90918,0.02,0.04,1.54466,1.70343,0,1.19319,2.96352,9.19011e+06,4.85394e+06,1.41956e+07,0,0,0,6.97641e+07
76.6918,85.139,2.99486,0.41,0.04,2.65353,2.92627,0,0.49718,4.47552,4.42214e+06,3.63146e+06,1.17343e+07,0,0,0,0,4.87246,61.308,2.74118,0.02,0.04,1.54494,1.70374,0,1.1934,2.96352,9.19011e+06,4.85394e+06,1.41982e+07,0,0,0,6.97641e+07
76.5739,85.139,2.87926,0.4,0.04,2.65401,2.9268,0,0.497271,4.47552,4.42214e+06,3.63146e+06,1.17364e+07,0,0,0,0,4.78268,61.308,2.48793,0.02,0.04,1.54522,1.70405,0,1.19362,2.96352,9.19011e+06,4.85394e+06,1.42008e+07,0,0,0,6.97641e+07
76.1201,85.139,2.63427,0.4,0.04,2.78041,3.06619,0,0.497361,4.47552,4.42214e+06,3.63146e+06,1.22954e+07,0,0,0,0,4.61688,61.308,2.5412,0.02,0.04,1.62906,1.7965,0,1.19384,2.96352,9.19011e+06,4.85394e+06,1.49713e+07,0,0,0,6.97641e+07
75.4457,85.139,2.6061,0.34,0.04,3.06675,3.06675,0,0.52105,4.47552,4.42214e+06,2.70226e+06,1.35616e+07,0,0,0,0,4.26314,61.308,2.43978,0.01,0.04,1.79683,1.79683,0,1.25861,2.96352,9.19011e+06,3.61194e+06,1.65131e+07,0,0,0,6.97641e+07
74.5218,85.139,2.28069,0.31,0.04,3.06731,3.06731,0,0.574709,4.47552,4.42214e+06,2.70226e+06,1.35641e+07,0,0,0,0,3.88203,61.308,2.42403,0.01,0.04,1.79716,1.79716,0,1.38823,2.96352,9.19011e+06,3.61194e+06,1.65161e+07,0,0,0,6.97641e+07
73.5794,85.139,2.2502,0.28,0.04,3.06787,3.06787,0,0.574814,4.47552,4.42214e+06,2.70226e+06,1.35665e+07,0,0,0,0,3.53232,61.308,2.41726,0.01,0.04,1.79748,1.79748,0,1.38848,2.96352,9.19011e+06,3.61194e+06,1.65191e+07,0,0,0,6.97641e+07
72.8167,85.139,2.1614,0.37,0.04,2.76603,3.06843,0,0.574919,4.47552,4.42214e+06,2.70226e+06,1.22318e+07,0,0,0,0,3.1822,61.308,2.37888,0,0.04,2.10021,1.79781,0,1.38874,2.96352,9.19011e+06,3.61194e+06,1.93012e+07,0,0,0,6.97641e+07
72.281,85.139,2.35123,0.35,0.04,2.7391,3.0415,0,0.518354,4.47552,4.42214e+06,2.70226e+06,1.21127e+07,0,0,0,0,3.01707,61.308,2.87612,0,0.04,2.15123,1.84883,0,1.62262,2.96352,9.19011e+06,3.61194e+06,1.977e+07,0,0,0,6.97641e+07
71.5072,85.139,2.11705,0.3,0.04,2.73965,3.04205,0,0.513307,4.47552,4.42214e+06,2.70226e+06,1.21151e+07,0,0,0,0,2.78779,61.308,2.63166,0,0.04,2.15157,1.84917,0,1.66204,2.96352,9.19011e+06,3.61194e+06,1.97731e+07,0,0,0,6.97641e+07
70.5712,85.139,1.94474,0.28,0.04,2.74021,3.04261,0,0.513411,4.47552,4.42214e+06,2.70226e+06,1.21176e+07,0,0,0,0,2.55479,61.308,2.62005,0,0.04,2.1519,1.8495,0,1.6623,2.96352,9.19011e+06,3.61194e+06,1.97762e+07,0,0,0,6.97641e+07
69.5917,85.139,1.87325,0.26,0.04,2.74076,3.04316,0,0.513515,4.47552,4.42214e+06,2.70226e+06,1.212e+07,0,0,0,0,2.29823,61.308,2.518,0,0.04,2.15224,1.84984,0,1.66256,2.96352,9.19011e+06,3.61194e+06,1.97793e+07,0,0,0,6.97641e+07
68.3914,85.139,1.64464,0.23,0.04,2.81235,3.11475,0,0.513618,4.47552,4.42214e+06,2.70226e+06,1.24366e+07,0,0,0,0,1.96786,61.308,2.14984,0,0.04,2.19779,1.89539,0,1.66282,2.96352,9.19011e+06,3.61194e+06,2.01979e+07,0,0,0,6.97641e+07
67.1192,85.139,1.58067,0.22,0.04,2.81291,3.11531,0,0.527034,4.47552,4.42214e+06,2.70226e+06,1.24391e+07,0,0,0,0,1.5767,61.308,2.13457,0,0.04,1.96786,1.89573,0.230275,1.69801,2.96352,9.19011e+06,3.61194e+06,1.80848e+07,0,0,0,6.97641e+07
65.7656,85.139,1.46164,0.29,0.04,2.81348,3.11588,0,0.52714,4.47552,4.42214e+06,2.70226e+06,1.24416e+07,0,0,0,0,1.27329,61.308,2.07257,0,0.04,1.5767,1.89608,0.621779,1.52037,2.96352,9.19011e+06,3.61194e+06,1.449e+07,0,0,0,6.97641e+07
64.3027,85.139,1.33088,0.27,0.04,2.81405,3.11645,0,0.527246,4.47552,4.42214e+06,2.70226e+06,1.24441e+07,0,0,0,0,1.25394,61.308,1.79544,0,0.04,1.27329,1.89642,0.925529,1.21816,2.96352,9.19011e+06,3.61194e+06,1.17017e+07,0,0,0,6.97641e+07
62.7899,85.139,1.42186,0.26,0.04,3.02279,3.32519,0,0.527353,4.47552,4.42214e+06,2.70226e+06,1.33672e+07,0,0,0,0,1.33638,61.308,2.39755,0,0.04,1.25394,2.06007,1.10853,0.983746,2.96352,9.19011e+06,3.61194e+06,1.15239e+07,0,0,0,6.97641e+07
60.9414,85.139,1.04299,0.25,0.04,3.02339,3.32579,0,0.56647,4.47552,4.42214e+06,2.70226e+06,1.33699e+07,0,0,0,0,1.25853,61.308,1.9495,0,0.04,1.33638,2.06044,1.02647,0.968797,2.96352,9.19011e+06,3.61194e+06,1.22815e+07,0,0,0,6.97641e+07
59.0601,85.139,0.982386,0.28,0.04,3.024,3.3264,0,0.566584,4.47552,4.42214e+06,2.70226e+06,1.33725e+07,0,0,0,0,1.22641,61.308,1.82054,0,0.04,1.25853,2.06082,1.10469,1.03249,2.96352,9.19011e+06,3.61194e+06,1.1566e+07,0,0,0,6.97641e+07
57.5438,85.139,1.33248,0.28,0.04,3.0246,3.327,0,0.566697,4.47552,4.42214e+06,2.70226e+06,1.33752e+07,0,0,0,0,1.26649,61.308,2.05589,0,0.04,1.22641,2.06119,1.13718,0.97234,2.96352,9.19011e+06,3.61194e+06,1.12709e+07,0,0,0,6.97641e+07
56.5925,85.139,1.95786,0.27,0.04,3.02521,3.32761,0,0.566811,4.47552,4.42214e+06,2.70226e+06,1.33779e+07,0,0,0,0,1.40615,61.308,2.39777,0,0.04,1.26649,2.06157,1.09748,0.947525,2.96352,9.19011e+06,3.61194e+06,1.16392e+07,0,0,0,6.97641e+07
55.6461,85.139,1.78972,0.31,0.04,2.92427,3.22667,0,0.566924,4.47552,4.42214e+06,2.70226e+06,1.29315e+07,0,0,0,0,1.28085,61.308,2.132,0,0.04,1.40615,1.96273,0.858984,0.978493,2.96352,9.19011e+06,3.61194e+06,1.29227e+07,0,0,0,6.97641e+07
54.8176,85.139,1.95761,0.31,0.04,2.92485,3.22725,0,0.548007,4.47552,4.42214e+06,2.70226e+06,1.29341e+07,0,0,0,0,1.4422,61.308,2.68913,0,0.04,1.28085,1.96309,0.984645,1.08639,2.96352,9.19011e+06,3.61194e+06,1.17711e+07,0,0,0,6.97641e+07
53.8799,85.139,1.86431,0.3,0.04,2.92544,3.22784,0,0.548117,4.47552,4.42214e+06,2.70226e+06,1.29367e+07,0,0,0,0,1.48218,61.308,2.76018,0,0.04,1.4422,1.96345,0.823647,0.989582,2.96352,9.19011e+06,3.61194e+06,1.3254e+07,0,0,0,6.97641e+07
53.1494,85.139,2.12761,0.3,0.04,2.92603,3.22843,0,0.548227,4.47552,4.42214e+06,2.70226e+06,1.29393e+07,0,0,0,0,1.55498,61.308,3.12244,0,0.04,1.48218,1.96381,0.784025,1.11424,2.96352,9.19011e+06,3.61194e+06,1.36214e+07,0,0,0,6.97641e+07
53.1882,85.139,3.01205,0.3,0.04,2.8432,3.1456,0,0.548337,4.47552,4.42214e+06,2.70226e+06,1.2573e+07,0,0,0,0,1.70534,61.308,3.38039,0,0.04,1.55498,1.87379,0.621208,1.14513,2.96352,9.19011e+06,3.61194e+06,1.42905e+07,0,0,0,6.97641e+07
54.3356,85.139,4.12437,0.3,0.04,2.84377,3.14617,0,0.532816,4.47552,4.42214e+06,2.70226e+06,1.25756e+07,0,0,0,0,1.83076,61.308,4.05602,0,0.04,1.70534,1.87413,0.471188,1.20138,2.96352,9.19011e+06,3.61194e+06,1.56723e+07,0,0,0,6.97641e+07
54.5347,85.139,3.18426,0.3,0.04,2.84434,3.14674,0,0.532923,4.47552,4.42214e+06,2.70226e+06,1.25781e+07,0,0,0,0,1.94227,61.308,3.14717,0,0.04,1.83076,1.87447,0.346116,1.31755,2.96352,9.19011e+06,3.61194e+06,1.68249e+07,0,0,0,6.97641e+07
55.7008,85.139,4.13165,0.32,0.04,2.84492,3.14732,0,0.53303,4.47552,4.42214e+06,2.70226e+06,1.25806e+07,0,0,0,0,1.95347,61.308,3.51739,0,0.04,1.94227,1.87481,0.234941,1.41444,2.96352,9.19011e+06,3.61194e+06,1.78497e+07,0,0,0,6.97641e+07
56.3916,85.139,3.55183,0.33,0.04,2.60842,2.91082,0,0.533137,4.47552,4.42214e+06,2.70226e+06,1.15348e+07,0,0,0,0,2.13465,61.308,3.3879,0,0.04,1.95347,1.6868,0.0357284,1.5006,2.96352,9.19011e+06,3.61194e+06,1.79526e+07,0,0,0,6.97641e+07
57.6892,85.139,4.19277,0.35,0.04,2.60895,2.91135,0,0.488817,4.47552,4.42214e+06,2.70226e+06,1.15371e+07,0,0,0,0,3.0677,61.308,4.41808,0,0.04,1.98951,1.68711,0,1.50925,2.96352,9.19011e+06,3.61194e+06,1.82838e+07,0,0,0,6.97641e+07
61.9977,85.139,7.9075,0.26,0.04,2.91188,2.91188,0,0.488917,4.47552,4.42214e+06,2.70226e+06,1.28767e+07,0,0,0,0,4.64727,61.308,6.20819,0.01,0.04,1.68742,1.68742,0,1.53709,2.96352,9.19011e+06,3.61194e+06,1.55075e+07,0,0,0,6.97641e+07
64.8492,85.139,6.44049,0.29,0.04,2.91241,2.91241,0,0.545686,4.47552,4.42214e+06,2.70226e+06,1.28791e+07,0,0,0,0,7.25363,61.308,7.7007,0.02,0.04,1.68772,1.68772,0,1.3037,2.96352,9.19011e+06,3.61194e+06,1.55104e+07,0,0,0,6.97641e+07
67.0347,85.139,5.31858,0.28,0.04,2.61053,2.91293,0,0.545785,4.47552,4.42214e+06,2.70226e+06,1.15442e+07,0,0,0,0,8.00501,61.308,4.63705,0,0.04,1.99043,1.68803,0,1.30393,2.96352,9.19011e+06,3.61194e+06,1.82923e+07,0,0,0,6.97641e+07
67.8512,85.139,4.20291,0.27,0.08,2.70232,3.00472,0,0.489214,4.47552,4.42214e+06,2.70226e+06,1.195e+07,0,0,0,0,8.46044,61.308,3.98184,0,0.04,2.04532,1.74292,0,1.53781,2.96352,9.19011e+06,3.61194e+06,1.87967e+07,0,0,0,6.97641e+07
67.8795,85.139,3.18859,0.28,0.08,2.70284,3.00524,0,0.506415,4.47552,4.42214e+06,2.70226e+06,1.19523e+07,0,0,0,0,8.77305,61.308,4.03744,0,0.04,2.04562,1.74322,0,1.58021,2.96352,9.19011e+06,3.61194e+06,1.87995e+07,0,0,0,6.97641e+07
74.5834,85.139,10.0925,0.28,0.08,2.70336,3.00576,0,0.506513,4.47552,4.42214e+06,2.70226e+06,1.19547e+07,0,0,0,0,11.8247,61.308,11.1895,0,0.04,2.04592,1.74352,0,1.58045,2.96352,9.19011e+06,3.61194e+06,1.88023e+07,0,0,0,6.97641e+07
83.5826,85.139,13.0261,0.22,0.08,2.70388,3.00628,0,0.50661,4.47552,4.42214e+06,2.70226e+06,1.1957e+07,0,0,0,0,19.1632,61.308,21.1093,0,0.04,2.04623,1.74383,0,1.58068,2.96352,9.19011e+06,3.61194e+06,1.8805e+07,0,0,0,6.97641e+07
85.139,85.139,9.97818,0.18,0.08,2.99768,3.30008,0,0.506708,4.47552,4.42214e+06,2.70226e+06,1.32562e+07,0,0,0,0,24.5171,61.308,15.194,0,0.04,2.2516,1.9492,0,1.58091,2.96352,9.19011e+06,3.61194e+06,2.06924e+07,0,0,0,6.97641e+07
85.139,85.139,10.1139,0.17,0.08,2.99825,3.30065,0,0.561766,4.47552,4.42214e+06,2.70226e+06,1.32587e+07,0,0,0,0,30.2958,61.308,16.3776,0,0.04,2.25194,1.94954,0,1.73959,2.96352,9.19011e+06,3.61194e+06,2.06955e+07,0,0,0,6.97641e+07
85.139,85.139,12.3236,0.17,0.08,2.99882,3.30122,0,0.561873,4.47552,4.42214e+06,2.70226e+06,1.32612e+07,0,0,0,0,35.5571,61.308,15.0993,0,0.04,2.25228,1.94988,0,1.73985,2.96352,9.19011e+06,3.61194e+06,2.06987e+07,0,0,0,6.97641e+07
85.139,85.139,6.20484,0.17,0.08,2.9994,3.3018,0,0.56198,4.47552,4.42214e+06,2.70226e+06,1.32638e+07,0,0,0,0,37.8659,61.308,9.0575,0,0.04,2.25261,1.95021,0,1.74011,2.96352,9.19011e+06,3.61194e+06,2.07018e+07,0,0,0,6.97641e+07
85.139,85.139,4.72072,0.17,0.08,2.58137,2.88377,0,0.562087,4.47552,4.42214e+06,2.70226e+06,1.14152e+07,0,0,0,0,38.6745,61.308,5.38772,0,0.04,1.97755,1.67515,0,1.74037,2.96352,9.19011e+06,3.61194e+06,1.81739e+07,0,0,0,6.97641e+07
85.139,85.139,4.43648,0.21,0.08,2.58187,2.88427,0,0.483749,4.47552,4.42214e+06,2.70226e+06,1.14174e+07,0,0,0,0,39.029,61.308,4.12664,0,0.04,1.97784,1.67544,0,1.52786,2.96352,9.19011e+06,3.61194e+06,1.81766e+07,0,0,0,6.97641e+07
85.139,85.139,4.20249,0.21,0.08,2.58237,2.88477,0,0.483843,4.47552,4.42214e+06,2.70226e+06,1.14196e+07,0,0,0,0,39.308,61.308,3.76398,0,0.04,1.97813,1.67573,0,1.52808,2.96352,9.19011e+06,3.61194e+06,1.81792e+07,0,0,0,6.97641e+07
85.139,85.139,4.43062,0.22,0.08,2.58287,2.88527,0,0.483936,4.47552,4.42214e+06,2.70226e+06,1.14218e+07,0,0,0,0,40.131,61.308,5.08299,0,0.04,1.97842,1.67602,0,1.5283,2.96352,9.19011e+06,3.61194e+06,1.81819e+07,0,0,0,6.97641e+07
85.139,85.139,7.46716,0.21,0.08,2.58337,2.88577,0,0.48403,4.47552,4.42214e+06,2.70226e+06,1.1424e+07,0,0,0,0,42.2046,61.308,7.95482,0,0.04,1.97871,1.67631,0,1.52853,2.96352,9.19011e+06,3.61194e+06,1.81846e+07,0,0,0,6.97641e+07
85.139,85.139,4.9913,0.22,0.08,2.68933,2.99173,0,0.484124,4.47552,4.42214e+06,2.70226e+06,1.18926e+07,0,0,0,0,42.9338,61.308,5.38015,0,0.04,2.04643,1.74403,0,1.52875,2.96352,9.19011e+06,3.61194e+06,1.88069e+07,0,0,0,6.97641e+07
85.139,85.139,6.66473,0.25,0.08,2.68985,2.99225,0,0.50398,4.47552,4.42214e+06,2.70226e+06,1.18949e+07,0,0,0,0,44.8371,61.308,7.43807,0,0.04,2.04673,1.74433,0,1.58107,2.96352,9.19011e+06,3.61194e+06,1.88097e+07,0,0,0,6.97641e+07
85.139,85.139,4.71179,0.25,0.08,2.69036,2.99276,0,0.504077,4.47552,4.42214e+06,2.70226e+06,1.18972e+07,0,0,0,0,45.6489,61.308,4.94243,0,0.04,2.04704,1.74464,0,1.58131,2.96352,9.19011e+06,3.61194e+06,1.88125e+07,0,0,0,6.97641e+07
85.139,85.139,4.10211,0.24,0.08,2.69088,2.99328,0,0.504174,4.47552,4.42214e+06,2.70226e+06,1.18995e+07,0,0,0,0,46.1093,61.308,4.11674,0,0.04,2.04734,1.74494,0,1.58154,2.96352,9.19011e+06,3.61194e+06,1.88153e+07,0,0,0,6.97641e+07
85.139,85.139,3.21279,0.22,0.08,2.65014,2.95254,0,0.504271,4.47552,4.42214e+06,2.70226e+06,1.17193e+07,0,0,0,0,46.4262,61.308,3.71172,0,0.04,2.02143,1.71903,0,1.58177,2.96352,9.19011e+06,3.61194e+06,1.85772e+07,0,0,0,6.97641e+07
85.139,85.139,3.29698,0.21,0.08,2.65065,2.95305,0,0.496636,4.47552,4.42214e+06,2.70226e+06,1.17215e+07,0,0,0,0,46.6707,61.308,3.25831,0,0.04,2.02173,1.71933,0,1.56176,2.96352,9.19011e+06,3.61194e+06,1.85799e+07,0,0,0,6.97641e+07
85.0078,85.139,2.97959,0.19,0.08,2.65116,2.95356,0,0.496732,4.47552,4.42214e+06,2.70226e+06,1.17238e+07,0,0,0,0,46.8543,61.308,3.18812,0,0.04,2.02203,1.71963,0,1.56199,2.96352,9.19011e+06,3.61194e+06,1.85827e+07,0,0,0,6.97641e+07
84.8518,85.139,2.88615,0.26,0.08,2.65167,2.95407,0,0.496828,4.47552,4.42214e+06,2.70226e+06,1.17261e+07,0,0,0,0,47.0089,61.308,3.12094,0,0.04,2.02233,1.71993,0,1.56222,2.96352,9.19011e+06,3.61194e+06,1.85854e+07,0,0,0,6.97641e+07
84.5421,85.139,2.78619,0.25,0.08,2.79234,3.09474,0,0.496923,4.47552,4.42214e+06,2.70226e+06,1.23481e+07,0,0,0,0,47.1286,61.308,2.93841,0,0.04,2.11563,1.81323,0,1.56245,2.96352,9.19011e+06,3.61194e+06,1.94429e+07,0,0,0,6.97641e+07
84.4181,85.139,2.99134,0.24,0.08,2.79288,3.09528,0,0.523285,4.47552,4.42214e+06,2.70226e+06,1.23505e+07,0,0,0,0,47.325,61.308,2.90934,0,0.04,2.11594,1.81354,0,1.63453,2.96352,9.19011e+06,3.61194e+06,1.94457e+07,0,0,0,6.97641e+07
83.9391,85.139,2.62447,0.2,0.08,2.79341,3.09581,0,0.523385,4.47552,4.42214e+06,2.70226e+06,1.23529e+07,0,0,0,0,47.4401,61.308,2.87783,0,0.04,2.11626,1.81386,0,1.63478,2.96352,9.19011e+06,3.61194e+06,1.94486e+07,0,0,0,6.97641e+07
83.2459,85.139,2.39143,0.18,0.08,2.79395,3.09635,0,0.523485,4.47552,4.42214e+06,2.70226e+06,1.23552e+07,0,0,0,0,47.4635,61.308,2.62898,0,0.04,2.11657,1.81417,0,1.63502,2.96352,9.19011e+06,3.61194e+06,1.94515e+07,0,0,0,6.97641e+07
82.4681,85.139,2.26461,0.18,0.08,2.79448,3.09688,0,0.523586,4.47552,4.42214e+06,2.70226e+06,1.23576e+07,0,0,0,0,47.3617,61.308,2.30443,0,0.04,2.11688,1.81448,0,1.63526,2.96352,9.19011e+06,3.61194e+06,1.94544e+07,0,0,0,6.97641e+07
81.896,85.139,2.41903,0.16,0.08,2.76728,3.06968,0,0.523686,4.47552,4.42214e+06,2.70226e+06,1.22373e+07,0,0,0,0,47.3688,61.308,3.74792,0,0.04,2.16836,1.86596,0,1.6355,2.96352,9.19011e+06,3.61194e+06,1.99275e+07,0,0,0,6.97641e+07
81.1326,85.139,2.2151,0.16,0.08,2.76781,3.07021,0,0.518588,4.47552,4.42214e+06,2.70226e+06,1.22396e+07,0,0,0,0,47.3213,61.308,3.27081,0,0.04,2.16868,1.86628,0,1.67527,2.96352,9.19011e+06,3.61194e+06,1.99304e+07,0,0,0,6.97641e+07
80.226,85.139,2.0332,0.15,0.08,2.76834,3.07074,0,0.518687,4.47552,4.42214e+06,2.70226e+06,1.2242e+07,0,0,0,0,47.1933,61.308,3.23123,0,0.04,2.16901,1.86661,0,1.67552,2.96352,9.19011e+06,3.61194e+06,1.99334e+07,0,0,0,6.97641e+07
79.2199,85.139,1.9011,0.13,0.08,2.76887,3.07127,0,0.518787,4.47552,4.42214e+06,2.70226e+06,1.22443e+07,0,0,0,0,46.9904,61.308,3.12425,0,0.04,2.16933,1.86693,0,1.67577,2.96352,9.19011e+06,3.61194e+06,1.99364e+07,0,0,0,6.97641e+07
78.1308,85.139,1.89056,0.18,0.08,2.84109,3.14349,0,0.518887,4.47552,4.42214e+06,2.70226e+06,1.25637e+07,0,0,0,0,46.8177,61.308,2.94918,0,0.04,2.21528,1.91288,0,1.67602,2.96352,9.19011e+06,3.61194e+06,2.03587e+07,0,0,0,6.97641e+07
76.9092,85.139,1.73007,0.17,0.08,2.84164,3.14404,0,0.532421,4.47552,4.42214e+06,2.70226e+06,1.25661e+07,0,0,0,0,46.5079,61.308,2.66188,0,0.04,2.21561,1.91321,0,1.71152,2.96352,9.19011e+06,3.61194e+06,2.03617e+07,0,0,0,6.97641e+07
75.5903,85.139,1.61915,0.17,0.08,2.84218,3.14458,0,0.532523,4.47552,4.42214e+06,2.70226e+06,1.25685e+07,0,0,0,0,46.1516,61.308,2.43995,0,0.04,2.21594,1.91354,0,1.71178,2.96352,9.19011e+06,3.61194e+06,2.03647e+07,0,0,0,6.97641e+07
74.26,85.139,1.59095,0.17,0.08,2.84273,3.14513,0,0.532625,4.47552,4.42214e+06,2.70226e+06,1.25709e+07,0,0,0,0,45.8442,61.308,2.61289,0,0.04,2.21627,1.91387,0,1.71204,2.96352,9.19011e+06,3.61194e+06,2.03678e+07,0,0,0,6.97641e+07
72.8534,85.139,1.66648,0.17,0.08,3.05336,3.35576,0,0.532727,4.47552,4.42214e+06,2.70226e+06,1.35024e+07,0,0,0,0,45.5862,61.308,2.89388,0,0.04,2.38141,2.07901,0,1.71229,2.96352,9.19011e+06,3.61194e+06,2.18854e+07,0,0,0,6.97641e+07
70.993,85.139,1.20155,0.22,0.08,3.05394,3.35634,0,0.572199,4.47552,4.42214e+06,2.70226e+06,1.35049e+07,0,0,0,0,45.2289,61.308,2.92278,0,0.04,2.38177,2.07937,0,1.83988,2.96352,9.19011e+06,3.61194e+06,2.18887e+07,0,0,0,6.97641e+07
69.0878,85.139,1.13207,0.22,0.08,3.05452,3.35692,0,0.572308,4.47552,4.42214e+06,2.70226e+06,1.35075e+07,0,0,0,0,44.8239,61.308,2.72945,0,0.04,2.38213,2.07973,0,1.84015,2.96352,9.19011e+06,3.61194e+06,2.1892e+07,0,0,0,6.97641e+07
67.5985,85.139,1.53751,0.22,0.08,3.0551,3.3575,0,0.572417,4.47552,4.42214e+06,2.70226e+06,1.35101e+07,0,0,0,0,44.4801,61.308,3.08223,0,0.04,2.38249,2.08009,0,1.84043,2.96352,9.19011e+06,3.61194e+06,2.18953e+07,0,0,0,6.97641e+07
66.7583,85.139,2.25762,0.25,0.08,3.05568,3.35808,0,0.572525,4.47552,4.42214e+06,2.70226e+06,1.35126e+07,0,0,0,0,44.3482,61.308,3.595,0,0.04,2.38285,2.08045,0,1.84071,2.96352,9.19011e+06,3.61194e+06,2.18986e+07,0,0,0,6.97641e+07
65.7881,85.139,1.95525,0.25,0.08,2.95378,3.25618,0,0.572634,4.47552,4.42214e+06,2.70226e+06,1.3062e+07,0,0,0,0,44.0203,61.308,3.57481,0,0.04,2.28309,1.98069,0,1.84099,2.96352,9.19011e+06,3.61194e+06,2.09818e+07,0,0,0,6.97641e+07
64.4849,85.139,1.68595,0.24,0.08,2.95435,3.25675,0,0.553539,4.47552,4.42214e+06,2.70226e+06,1.30645e+07,0,0,0,0,43.7594,61.308,3.69376,0,0.04,2.28343,1.98103,0,1.76392,2.96352,9.19011e+06,3.61194e+06,2.0985e+07,0,0,0,6.97641e+07
63.3996,85.139,1.92255,0.24,0.08,2.95491,3.25731,0,0.553645,4.47552,4.42214e+06,2.70226e+06,1.3067e+07,0,0,0,0,43.7455,61.308,4.65249,0,0.04,2.28378,1.98138,0,1.76418,2.96352,9.19011e+06,3.61194e+06,2.09881e+07,0,0,0,6.97641e+07
62.2485,85.139,1.87909,0.24,0.08,2.95547,3.25787,0,0.55375,4.47552,4.42214e+06,2.70226e+06,1.30695e+07,0,0,0,0,43.7144,61.308,4.53299,0,0.04,2.28412,1.98172,0,1.76445,2.96352,9.19011e+06,3.61194e+06,2.09913e+07,0,0,0,6.97641e+07
61.7496,85.139,2.62653,0.27,0.08,2.87186,3.17426,0,0.553856,4.47552,4.42214e+06,2.70226e+06,1.26998e+07,0,0,0,0,43.8132,61.308,5.89346,0,0.04,2.19327,1.89087,0,1.76471,2.96352,9.19011e+06,3.61194e+06,2.01564e+07,0,0,0,6.97641e+07
61.6743,85.139,3.16228,0.27,0.08,2.87241,3.17481,0,0.538187,4.47552,4.42214e+06,2.70226e+06,1.27022e+07,0,0,0,0,43.6901,61.308,4.41709,0,0.04,2.19359,1.89119,0,1.69452,2.96352,9.19011e+06,3.61194e+06,2.01594e+07,0,0,0,6.97641e+07
61.4431,85.139,2.7663,0.27,0.08,2.87296,3.17536,0,0.53829,4.47552,4.42214e+06,2.70226e+06,1.27046e+07,0,0,0,0,43.3541,61.308,3.10154,0,0.04,2.19392,1.89152,0,1.69477,2.96352,9.19011e+06,3.61194e+06,2.01624e+07,0,0,0,6.97641e+07
61.4372,85.139,2.98374,0.27,0.08,2.87351,3.17591,0,0.538393,4.47552,4.42214e+06,2.70226e+06,1.27071e+07,0,0,0,0,43.1765,61.308,4.67266,0,0.04,2.19425,1.89185,0,1.69502,2.96352,9.19011e+06,3.61194e+06,2.01654e+07,0,0,0,6.97641e+07
61.4983,85.139,2.89776,0.29,0.08,2.63484,2.93724,0,0.538496,4.47552,4.42214e+06,2.70226e+06,1.16516e+07,0,0,0,0,42.9333,61.308,3.70253,0,0.04,2.00451,1.70211,0,1.69528,2.96352,9.19011e+06,3.61194e+06,1.84217e+07,0,0,0,6.97641e+07
62.0317,85.139,3.40663,0.27,0.08,2.63535,2.93775,0,0.493768,4.47552,4.42214e+06,2.70226e+06,1.16539e+07,0,0,0,0,42.773,61.308,4.24148,0,0.04,2.00481,1.70241,0,1.54869,2.96352,9.19011e+06,3.61194e+06,1.84244e+07,0,0,0,6.97641e+07
64.1581,85.139,5.24064,0.28,0.08,2.63585,2.93825,0,0.493864,4.47552,4.42214e+06,2.70226e+06,1.16561e+07,0,0,0,0,43.2283,61.308,5.93061,0,0.04,2.0051,1.7027,0,1.54891,2.96352,9.19011e+06,3.61194e+06,1.84271e+07,0,0,0,6.97641e+07
65.5868,85.139,4.54976,0.24,0.08,2.63636,2.93876,0,0.493959,4.47552,4.42214e+06,2.70226e+06,1.16584e+07,0,0,0,0,43.7199,61.308,7.97845,0,0.04,2.0054,1.703,0,1.54914,2.96352,9.19011e+06,3.61194e+06,1.84298e+07,0,0,0,6.97641e+07
67.2349,85.139,4.68243,0.26,0.08,2.63687,2.93927,0,0.494054,4.47552,4.42214e+06,2.70226e+06,1.16606e+07,0,0,0,0,43.6918,61.308,5.94596,0,0.04,2.00569,1.70329,0,1.54937,2.96352,9.19011e+06,3.61194e+06,1.84325e+07,0,0,0,6.97641e+07
73.5243,85.139,9.73333,0.27,0.08,2.72946,3.03186,0,0.494149,4.47552,4.42214e+06,2.70226e+06,1.20701e+07,0,0,0,0,44.3056,61.308,11.9029,0,0.04,2.06106,1.75866,0,1.5496,2.96352,9.19011e+06,3.61194e+06,1.89414e+07,0,0,0,6.97641e+07
77.7791,85.139,7.74708,0.24,0.08,2.72996,3.03236,0,0.511501,4.47552,4.42214e+06,2.70226e+06,1.20723e+07,0,0,0,0,44.6828,61.308,8.76464,0,0.04,2.06135,1.75895,0,1.59238,2.96352,9.19011e+06,3.61194e+06,1.8944e+07,0,0,0,6.97641e+07
80.6305,85.139,6.20105,0.21,0.08,2.73046,3.03286,0,0.511594,4.47552,4.42214e+06,2.70226e+06,1.20745e+07,0,0,0,0,44.7119,61.308,5.54718,0,0.04,2.06164,1.75924,0,1.5926,2.96352,9.19011e+06,3.61194e+06,1.89467e+07,0,0,0,6.97641e+07
83.6114,85.139,6.38373,0.17,0.08,2.73095,3.03335,0,0.511687,4.47552,4.42214e+06,2.70226e+06,1.20767e+07,0,0,0,0,44.8713,61.308,6.27285,0,0.04,2.06193,1.75953,0,1.59282,2.96352,9.19011e+06,3.61194e+06,1.89493e+07,0,0,0,6.97641e+07
85.139,85.139,6.25049,0.17,0.08,3.02737,3.32977,0,0.511781,4.47552,4.42214e+06,2.70226e+06,1.33874e+07,0,0,0,0,44.9476,61.308,5.57867,0,0.04,2.26913,1.96673,0,1.59305,2.96352,9.19011e+06,3.61194e+06,2.08536e+07,0,0,0,6.97641e+07
85.139,85.139,7.53053,0.16,0.08,3.02791,3.33031,0,0.567329,4.47552,4.42214e+06,2.70226e+06,1.33899e+07,0,0,0,0,45.3876,61.308,7.2616,0,0.04,2.26946,1.96706,0,1.75313,2.96352,9.19011e+06,3.61194e+06,2.08566e+07,0,0,0,6.97641e+07
85.139,85.139,6.58665,0.16,0.08,3.02846,3.33086,0,0.567431,4.47552,4.42214e+06,2.70226e+06,1.33923e+07,0,0,0,0,45.7414,61.308,7.60725,0,0.04,2.26978,1.96738,0,1.75338,2.96352,9.19011e+06,3.61194e+06,2.08595e+07,0,0,0,6.97641e+07
85.139,85.139,5.46985,0.17,0.08,3.02901,3.33141,0,0.567533,4.47552,4.42214e+06,2.70226e+06,1.33947e+07,0,0,0,0,45.8735,61.308,5.81865,0,0.04,2.2701,1.9677,0,1.75363,2.96352,9.19011e+06,3.61194e+06,2.08625e+07,0,0,0,6.97641e+07
85.139,85.139,5.82973,0.17,0.08,2.60721,2.90961,0,0.567636,4.47552,4.42214e+06,2.70226e+06,1.15294e+07,0,0,0,0,46.1725,61.308,6.55269,0,0.04,1.99256,1.69016,0,1.75388,2.96352,9.19011e+06,3.61194e+06,1.83118e+07,0,0,0,6.97641e+07
85.139,85.139,5.63492,0.19,0.08,2.60769,2.91009,0,0.488591,4.47552,4.42214e+06,2.70226e+06,1.15316e+07,0,0,0,0,46.6676,61.308,7.30728,0,0.04,1.99284,1.69044,0,1.53945,2.96352,9.19011e+06,3.61194e+06,1.83144e+07,0,0,0,6.97641e+07
85.139,85.139,4.63088,0.19,0.08,2.60816,2.91056,0,0.48868,4.47552,4.42214e+06,2.70226e+06,1.15337e+07,0,0,0,0,46.6878,61.308,5.13528,0,0.04,1.99311,1.69071,0,1.53966,2.96352,9.19011e+06,3.61194e+06,1.83169e+07,0,0,0,6.97641e+07
85.139,85.139,4.45042,0.21,0.08,2.60864,2.91104,0,0.48877,4.47552,4.42214e+06,2.70226e+06,1.15358e+07,0,0,0,0,46.8451,61.308,5.22219,0,0.04,1.99339,1.69099,0,1.53988,2.96352,9.19011e+06,3.61194e+06,1.83195e+07,0,0,0,6.97641e+07
85.139,85.139,7.76361,0.22,0.08,2.60912,2.91152,0,0.488859,4.47552,4.42214e+06,2.70226e+06,1.15379e+07,0,0,0,0,47.5327,61.308,9.73893,0,0.04,1.99367,1.69127,0,1.54009,2.96352,9.19011e+06,3.61194e+06,1.8322e+07,0,0,0,6.97641e+07
85.139,85.139,6.01963,0.24,0.08,2.716,3.0184,0,0.488949,4.47552,4.42214e+06,2.70226e+06,1.20105e+07,0,0,0,0,47.901,61.308,6.50833,0,0.04,2.06198,1.75958,0,1.54031,2.96352,9.19011e+06,3.61194e+06,1.89498e+07,0,0,0,6.97641e+07
85.139,85.139,5.04032,0.26,0.08,2.71649,3.01889,0,0.508978,4.47552,4.42214e+06,2.70226e+06,1.20127e+07,0,0,0,0,48.1921,61.308,6.53133,0,0.04,2.06227,1.75987,0,1.59308,2.96352,9.19011e+06,3.61194e+06,1.89525e+07,0,0,0,6.97641e+07
85.139,85.139,5.611,0.26,0.08,2.71699,3.01939,0,0.50907,4.47552,4.42214e+06,2.70226e+06,1.20149e+07,0,0,0,0,48.6933,61.308,6.34942,0,0.04,2.06256,1.76016,0,1.59331,2.96352,9.19011e+06,3.61194e+06,1.89551e+07,0,0,0,6.97641e+07
85.139,85.139,4.64326,0.24,0.08,2.71748,3.01988,0,0.509163,4.47552,4.42214e+06,2.70226e+06,1.20171e+07,0,0,0,0,49.0117,61.308,6.17306,0,0.04,2.06285,1.76045,0,1.59353,2.96352,9.19011e+06,3.61194e+06,1.89578e+07,0,0,0,6.97641e+07
85.139,85.139,3.87353,0.23,0.08,2.67635,2.97875,0,0.509256,4.47552,4.42214e+06,2.70226e+06,1.18352e+07,0,0,0,0,48.9722,61.308,4.45833,0,0.04,2.03669,1.73429,0,1.59375,2.96352,9.19011e+06,3.61194e+06,1.87174e+07,0,0,0,6.97641e+07
85.139,85.139,3.57308,0.21,0.08,2.67684,2.97924,0,0.501548,4.47552,4.42214e+06,2.70226e+06,1.18374e+07,0,0,0,0,48.9028,61.308,4.33684,0,0.04,2.03698,1.73458,0,1.57355,2.96352,9.19011e+06,3.61194e+06,1.87201e+07,0,0,0,6.97641e+07
85.139,85.139,3.87211,0.21,0.08,2.67733,2.97973,0,0.50164,4.47552,4.42214e+06,2.70226e+06,1.18395e+07,0,0,0,0,48.7279,61.308,3.71259,0,0.04,2.03726,1.73486,0,1.57377,2.96352,9.19011e+06,3.61194e+06,1.87227e+07,0,0,0,6.97641e+07
85.139,85.139,3.49493,0.19,0.08,2.67782,2.98022,0,0.501731,4.47552,4.42214e+06,2.70226e+06,1.18417e+07,0,0,0,0,48.5205,61.308,3.8301,0,0.04,2.03755,1.73515,0,1.57399,2.96352,9.19011e+06,3.61194e+06,1.87253e+07,0,0,0,6.97641e+07
85.0335,85.139,2.97547,0.17,0.08,2.8197,3.1221,0,0.501823,4.47552,4.42214e+06,2.70226e+06,1.24691e+07,0,0,0,0,48.2594,61.308,3.45518,0,0.04,2.13166,1.82926,0,1.57421,2.96352,9.19011e+06,3.61194e+06,1.95902e+07,0,0,0,6.97641e+07
84.8437,85.139,2.92318,0.24,0.08,2.82021,3.12261,0,0.528412,4.47552,4.42214e+06,2.70226e+06,1.24714e+07,0,0,0,0,47.9447,61.308,3.26161,0,0.04,2.13196,1.82956,0,1.64692,2.96352,9.19011e+06,3.61194e+06,1.95929e+07,0,0,0,6.97641e+07
84.5046,85.139,2.74432,0.23,0.08,2.82073,3.12313,0,0.528508,4.47552,4.42214e+06,2.70226e+06,1.24737e+07,0,0,0,0,47.6491,61.308,3.29019,0,0.04,2.13226,1.82986,0,1.64715,2.96352,9.19011e+06,3.61194e+06,1.95957e+07,0,0,0,6.97641e+07
84.0661,85.139,2.63425,0.21,0.08,2.82124,3.12364,0,0.528604,4.47552,4.42214e+06,2.70226e+06,1.24759e+07,0,0,0,0,47.3642,61.308,3.16391,0,0.04,2.13256,1.83016,0,1.64738,2.96352,9.19011e+06,3.61194e+06,1.95985e+07,0,0,0,6.97641e+07
83.4735,85.139,2.46829,0.18,0.08,2.82175,3.12415,0,0.5287,4.47552,4.42214e+06,2.70226e+06,1.24782e+07,0,0,0,0,47.041,61.308,2.94773,0,0.04,2.13286,1.83046,0,1.64762,2.96352,9.19011e+06,3.61194e+06,1.96012e+07,0,0,0,6.97641e+07
82.9315,85.139,2.42675,0.16,0.08,2.79428,3.09668,0,0.528796,4.47552,4.42214e+06,2.70226e+06,1.23567e+07,0,0,0,0,46.5994,61.308,2.51301,0,0.04,2.18477,1.88237,0,1.64785,2.96352,9.19011e+06,3.61194e+06,2.00783e+07,0,0,0,6.97641e+07
82.2047,85.139,2.22642,0.17,0.08,2.79479,3.09719,0,0.523648,4.47552,4.42214e+06,2.70226e+06,1.23589e+07,0,0,0,0,46.1334,61.308,2.39929,0,0.04,2.18508,1.88268,0,1.68796,2.96352,9.19011e+06,3.61194e+06,2.00811e+07,0,0,0,6.97641e+07
81.2874,85.139,2.01881,0.15,0.08,2.7953,3.0977,0,0.523743,4.47552,4.42214e+06,2.70226e+06,1.23612e+07,0,0,0,0,45.6446,61.308,2.14805,0,0.04,2.18539,1.88299,0,1.68819,2.96352,9.19011e+06,3.61194e+06,2.0084e+07,0,0,0,6.97641e+07
80.3096,85.139,1.91008,0.14,0.08,2.7958,3.0982,0,0.523838,4.47552,4.42214e+06,2.70226e+06,1.23634e+07,0,0,0,0,45.067,61.308,2.13299,0,0.04,2.1857,1.8833,0,1.68843,2.96352,9.19011e+06,3.61194e+06,2.00868e+07,0,0,0,6.97641e+07
79.1757,85.139,1.82154,0.13,0.08,2.86863,3.17103,0,0.523934,4.47552,4.42214e+06,2.70226e+06,1.26855e+07,0,0,0,0,44.4796,61.308,2.07705,0,0.04,2.23204,1.92964,0,1.68867,2.96352,9.19011e+06,3.61194e+06,2.05126e+07,0,0,0,6.97641e+07
77.9795,85.139,1.73419,0.17,0.08,2.86915,3.17155,0,0.537581,4.47552,4.42214e+06,2.70226e+06,1.26878e+07,0,0,0,0,43.8424,61.308,1.95574,0,0.04,2.23235,1.92995,0,1.72447,2.96352,9.19011e+06,3.61194e+06,2.05156e+07,0,0,0,6.97641e+07
76.6833,85.139,1.62254,0.17,0.08,2.86967,3.17207,0,0.537679,4.47552,4.42214e+06,2.70226e+06,1.26901e+07,0,0,0,0,43.1848,61.308,1.79078,0,0.04,2.23267,1.93027,0,1.72472,2.96352,9.19011e+06,3.61194e+06,2.05185e+07,0,0,0,6.97641e+07
75.3749,85.139,1.59587,0.16,0.08,2.87019,3.17259,0,0.537776,4.47552,4.42214e+06,2.70226e+06,1.26924e+07,0,0,0,0,42.5512,61.308,1.91542,0,0.04,2.23299,1.93059,0,1.72496,2.96352,9.19011e+06,3.61194e+06,2.05214e+07,0,0,0,6.97641e+07
74.0358,85.139,1.71826,0.17,0.08,3.08263,3.38503,0,0.537874,4.47552,4.42214e+06,2.70226e+06,1.36318e+07,0,0,0,0,41.9524,61.308,2.10121,0,0.04,2.39954,2.09714,0,1.7252,2.96352,9.19011e+06,3.61194e+06,2.20521e+07,0,0,0,6.97641e+07
72.6561,85.139,1.68532,0.17,0.08,3.08319,3.38559,0,0.577685,4.47552,4.42214e+06,2.70226e+06,1.36343e+07,0,0,0,0,41.2817,61.308,1.65855,0,0.04,2.39989,2.09749,0,1.85389,2.96352,9.19011e+06,3.61194e+06,2.20552e+07,0,0,0,6.97641e+07
71.4813,85.139,1.89403,0.2,0.08,3.08374,3.38614,0,0.577789,4.47552,4.42214e+06,2.70226e+06,1.36367e+07,0,0,0,0,40.6669,61.308,2.07617,0,0.04,2.40023,2.09783,0,1.85415,2.96352,9.19011e+06,3.61194e+06,2.20584e+07,0,0,0,6.97641e+07
69.9369,85.139,1.51788,0.21,0.08,3.0843,3.3867,0,0.577893,4.47552,4.42214e+06,2.70226e+06,1.36392e+07,0,0,0,0,39.9718,61.308,1.49148,0,0.04,2.40058,2.09818,0,1.85442,2.96352,9.19011e+06,3.61194e+06,2.20616e+07,0,0,0,6.97641e+07
68.7456,85.139,1.84755,0.21,0.08,3.08485,3.38725,0,0.577997,4.47552,4.42214e+06,2.70226e+06,1.36417e+07,0,0,0,0,39.4249,61.308,2.63374,0,0.04,2.40092,2.09852,0,1.85469,2.96352,9.19011e+06,3.61194e+06,2.20647e+07,0,0,0,6.97641e+07
67.8658,85.139,2.09344,0.21,0.08,2.98204,3.28444,0,0.578101,4.47552,4.42214e+06,2.70226e+06,1.3187e+07,0,0,0,0,38.9253,61.308,2.46405,0,0.04,2.30028,1.99788,0,1.85495,2.96352,9.19011e+06,3.61194e+06,2.11398e+07,0,0,0,6.97641e+07
67.0141,85.139,2.11335,0.24,0.08,2.98258,3.28498,0,0.558835,4.47552,4.42214e+06,2.70226e+06,1.31894e+07,0,0,0,0,38.7215,61.308,4.54619,0,0.04,2.30061,1.99821,0,1.7772,2.96352,9.19011e+06,3.61194e+06,2.11428e+07,0,0,0,6.97641e+07
65.9316,85.139,1.87715,0.24,0.08,2.98312,3.28552,0,0.558936,4.47552,4.42214e+06,2.70226e+06,1.31918e+07,0,0,0,0,38.2176,61.308,2.82024,0,0.04,2.30094,1.99854,0,1.77745,2.96352,9.19011e+06,3.61194e+06,2.11458e+07,0,0,0,6.97641e+07
64.5488,85.139,1.55986,0.23,0.08,2.98366,3.28606,0,0.559037,4.47552,4.42214e+06,2.70226e+06,1.31942e+07,0,0,0,0,37.6654,61.308,2.50428,0,0.04,2.30126,1.99886,0,1.7777,2.96352,9.19011e+06,3.61194e+06,2.11489e+07,0,0,0,6.97641e+07
64.1169,85.139,2.53388,0.24,0.08,2.8993,3.2017,0,0.559138,4.47552,4.42214e+06,2.70226e+06,1.28211e+07,0,0,0,0,37.2121,61.308,3.15131,0,0.04,2.20961,1.90721,0,1.77796,2.96352,9.19011e+06,3.61194e+06,2.03065e+07,0,0,0,6.97641e+07
62.524,85.139,1.39195,0.24,0.08,2.89982,3.20222,0,0.543328,4.47552,4.42214e+06,2.70226e+06,1.28234e+07,0,0,0,0,36.6495,61.308,1.46463,0,0.04,2.20992,1.90752,0,1.70714,2.96352,9.19011e+06,3.61194e+06,2.03094e+07,0,0,0,6.97641e+07
62.4763,85.139,2.96132,0.24,0.08,2.90035,3.20275,0,0.543427,4.47552,4.42214e+06,2.70226e+06,1.28257e+07,0,0,0,0,36.3137,61.308,2.80399,0,0.04,2.21023,1.90783,0,1.70739,2.96352,9.19011e+06,3.61194e+06,2.03123e+07,0,0,0,6.97641e+07
65.6073,85.139,6.3108,0.24,0.08,2.90087,3.20327,0,0.543525,4.47552,4.42214e+06,2.70226e+06,1.28281e+07,0,0,0,0,36.5488,61.308,6.53291,0,0.04,2.21055,1.90815,0,1.70763,2.96352,9.19011e+06,3.61194e+06,2.03152e+07,0,0,0,6.97641e+07
67.8901,85.139,5.17921,0.22,0.08,2.66012,2.96252,0,0.543624,4.47552,4.42214e+06,2.70226e+06,1.17634e+07,0,0,0,0,36.5675,61.308,4.71355,0,0.04,2.01916,1.71676,0,1.70787,2.96352,9.19011e+06,3.61194e+06,1.85563e+07,0,0,0,6.97641e+07
68.5324,85.139,3.73327,0.23,0.08,2.6606,2.963,0,0.498506,4.47552,4.42214e+06,2.70226e+06,1.17656e+07,0,0,0,0,36.7029,61.308,4.1411,0,0.04,2.01944,1.71704,0,1.56,2.96352,9.19011e+06,3.61194e+06,1.85589e+07,0,0,0,6.97641e+07
69.8129,85.139,4.35214,0.21,0.08,2.66109,2.96349,0,0.498597,4.47552,4.42214e+06,2.70226e+06,1.17677e+07,0,0,0,0,37.0008,61.308,5.57106,0,0.04,2.01972,1.71732,0,1.56022,2.96352,9.19011e+06,3.61194e+06,1.85615e+07,0,0,0,6.97641e+07
73.9564,85.139,7.26469,0.22,0.08,2.66157,2.96397,0,0.498688,4.47552,4.42214e+06,2.70226e+06,1.17699e+07,0,0,0,0,37.2901,61.308,5.57529,0,0.04,2.02001,1.71761,0,1.56044,2.96352,9.19011e+06,3.61194e+06,1.85641e+07,0,0,0,6.97641e+07
78.0279,85.139,7.22598,0.21,0.08,2.66206,2.96446,0,0.498779,4.47552,4.42214e+06,2.70226e+06,1.1772e+07,0,0,0,0,37.936,61.308,5.48966,0,0.04,2.02029,1.71789,0,1.56066,2.96352,9.19011e+06,3.61194e+06,1.85667e+07,0,0,0,6.97641e+07
84.614,85.139,9.90241,0.22,0.08,2.75542,3.05782,0,0.49887,4.47552,4.42214e+06,2.70226e+06,1.21848e+07,0,0,0,0,38.8653,61.308,6.52856,0,0.04,2.07612,1.77372,0,1.56087,2.96352,9.19011e+06,3.61194e+06,1.90797e+07,0,0,0,6.97641e+07
85.139,85.139,6.32708,0.19,0.08,2.75589,3.05829,0,0.516365,4.47552,4.42214e+06,2.70226e+06,1.21869e+07,0,0,0,0,38.9108,61.308,4.19968,0,0.04,2.07639,1.77399,0,1.60401,2.96352,9.19011e+06,3.61194e+06,1.90823e+07,0,0,0,6.97641e+07
85.139,85.139,6.36304,0.17,0.08,2.75637,3.05877,0,0.516454,4.47552,4.42214e+06,2.70226e+06,1.2189e+07,0,0,0,0,39.2262,61.308,5.23438,0,0.04,2.07667,1.77427,0,1.60422,2.96352,9.19011e+06,3.61194e+06,1.90848e+07,0,0,0,6.97641e+07
85.139,85.139,4.63784,0.16,0.08,2.75684,3.05924,0,0.516543,4.47552,4.42214e+06,2.70226e+06,1.21911e+07,0,0,0,0,39.1551,61.308,3.57713,0,0.04,2.07694,1.77454,0,1.60443,2.96352,9.19011e+06,3.61194e+06,1.90873e+07,0,0,0,6.97641e+07
85.139,85.139,4.84882,0.16,0.08,3.05575,3.35815,0,0.516632,4.47552,4.42214e+06,2.70226e+06,1.3513e+07,0,0,0,0,39.0502,61.308,3.65691,0,0.04,2.2859,1.9835,0,1.60465,2.96352,9.19011e+06,3.61194e+06,2.10077e+07,0,0,0,6.97641e+07
85.139,85.139,4.27561,0.16,0.08,3.05628,3.35868,0,0.572648,4.47552,4.42214e+06,2.70226e+06,1.35153e+07,0,0,0,0,39.0347,61.308,3.70266,0,0.04,2.28621,1.98381,0,1.76609,2.96352,9.19011e+06,3.61194e+06,2.10105e+07,0,0,0,6.97641e+07
85.139,85.139,5.03514,0.17,0.08,3.0568,3.3592,0,0.572746,4.47552,4.42214e+06,2.70226e+06,1.35176e+07,0,0,0,0,39.0615,61.308,3.6916,0,0.04,2.28652,1.98412,0,1.76633,2.96352,9.19011e+06,3.61194e+06,2.10133e+07,0,0,0,6.97641e+07
85.139,85.139,5.32304,0.17,0.08,3.05732,3.35972,0,0.572844,4.47552,4.42214e+06,2.70226e+06,1.35199e+07,0,0,0,0,39.1028,61.308,3.9815,0,0.04,2.28683,1.98443,0,1.76656,2.96352,9.19011e+06,3.61194e+06,2.10162e+07,0,0,0,6.97641e+07
85.139,85.139,5.43153,0.18,0.08,2.63191,2.93431,0,0.572942,4.47552,4.42214e+06,2.70226e+06,1.16387e+07,0,0,0,0,39.1507,61.308,4.2178,0,0.04,2.00691,1.70451,0,1.7668,2.96352,9.19011e+06,3.61194e+06,1.84437e+07,0,0,0,6.97641e+07
85.139,85.139,5.93596,0.19,0.08,2.63237,2.93477,0,0.49322,4.47552,4.42214e+06,2.70226e+06,1.16407e+07,0,0,0,0,39.2128,61.308,4.49737,0,0.04,2.00717,1.70477,0,1.55054,2.96352,9.19011e+06,3.61194e+06,1.84461e+07,0,0,0,6.97641e+07
85.139,85.139,6.08235,0.21,0.08,2.63282,2.93522,0,0.493305,4.47552,4.42214e+06,2.70226e+06,1.16427e+07,0,0,0,0,39.3773,61.308,4.57537,0,0.04,2.00744,1.70504,0,1.55074,2.96352,9.19011e+06,3.61194e+06,1.84486e+07,0,0,0,6.97641e+07
85.139,85.139,5.44866,0.22,0.08,2.63328,2.93568,0,0.493391,4.47552,4.42214e+06,2.70226e+06,1.16447e+07,0,0,0,0,39.407,61.308,3.88672,0,0.04,2.0077,1.7053,0,1.55095,2.96352,9.19011e+06,3.61194e+06,1.8451e+07,0,0,0,6.97641e+07
85.139,85.139,6.31749,0.22,0.08,2.63373,2.93613,0,0.493476,4.47552,4.42214e+06,2.70226e+06,1.16467e+07,0,0,0,0,39.4379,61.308,3.74649,0,0.04,2.00797,1.70557,0,1.55115,2.96352,9.19011e+06,3.61194e+06,1.84534e+07,0,0,0,6.97641e+07
85.139,85.139,6.06888,0.25,0.08,2.74149,3.04389,0,0.493562,4.47552,4.42214e+06,2.70226e+06,1.21232e+07,0,0,0,0,39.8379,61.308,4.77803,0,0.04,2.07684,1.77444,0,1.55136,2.96352,9.19011e+06,3.61194e+06,1.90864e+07,0,0,0,6.97641e+07
85.139,85.139,5.41333,0.26,0.08,2.74196,3.04436,0,0.513755,4.47552,4.42214e+06,2.70226e+06,1.21253e+07,0,0,0,0,40.1697,61.308,5.10806,0,0.04,2.07711,1.77471,0,1.60457,2.96352,9.19011e+06,3.61194e+06,1.90889e+07,0,0,0,6.97641e+07
85.139,85.139,8.0508,0.27,0.08,2.74243,3.04483,0,0.513843,4.47552,4.42214e+06,2.70226e+06,1.21274e+07,0,0,0,0,40.6604,61.308,6.57121,0,0.04,2.07739,1.77499,0,1.60478,2.96352,9.19011e+06,3.61194e+06,1.90914e+07,0,0,0,6.97641e+07
85.139,85.139,5.53135,0.27,0.08,2.74291,3.04531,0,0.513932,4.47552,4.42214e+06,2.70226e+06,1.21295e+07,0,0,0,0,40.964,61.308,5.52893,0,0.04,2.07767,1.77527,0,1.60499,2.96352,9.19011e+06,3.61194e+06,1.9094e+07,0,0,0,6.97641e+07
85.139,85.139,4.71888,0.26,0.08,2.7014,3.0038,0,0.51402,4.47552,4.42214e+06,2.70226e+06,1.1946e+07,0,0,0,0,41.1285,61.308,4.61693,0,0.04,2.05128,1.74888,0,1.6052,2.96352,9.19011e+06,3.61194e+06,1.88515e+07,0,0,0,6.97641e+07
85.139,85.139,4.00558,0.23,0.08,2.70187,3.00427,0,0.506242,4.47552,4.42214e+06,2.70226e+06,1.1948e+07,0,0,0,0,41.2594,61.308,4.01748,0,0.04,2.05155,1.74915,0,1.58482,2.96352,9.19011e+06,3.61194e+06,1.8854e+07,0,0,0,6.97641e+07
85.139,85.139,4.77278,0.21,0.08,2.70233,3.00473,0,0.50633,4.47552,4.42214e+06,2.70226e+06,1.19501e+07,0,0,0,0,41.4174,61.308,4.18145,0,0.04,2.05182,1.74942,0,1.58503,2.96352,9.19011e+06,3.61194e+06,1.88565e+07,0,0,0,6.97641e+07
85.139,85.139,4.08037,0.2,0.08,2.7028,3.0052,0,0.506417,4.47552,4.42214e+06,2.70226e+06,1.19522e+07,0,0,0,0,41.5199,61.308,3.98075,0,0.04,2.05209,1.74969,0,1.58524,2.96352,9.19011e+06,3.61194e+06,1.8859e+07,0,0,0,6.97641e+07
85.139,85.139,3.64408,0.18,0.08,2.84585,3.14825,0,0.506505,4.47552,4.42214e+06,2.70226e+06,1.25847e+07,0,0,0,0,41.5452,61.308,3.80617,0,0.04,2.14698,1.84458,0,1.58545,2.96352,9.19011e+06,3.61194e+06,1.9731e+07,0,0,0,6.97641e+07
85.139,85.139,3.28969,0.18,0.08,2.84633,3.14873,0,0.533311,4.47552,4.42214e+06,2.70226e+06,1.25869e+07,0,0,0,0,41.3915,61.308,3.23323,0,0.04,2.14726,1.84486,0,1.65875,2.96352,9.19011e+06,3.61194e+06,1.97336e+07,0,0,0,6.97641e+07
85.139,85.139,3.24656,0.15,0.08,2.84682,3.14922,0,0.533403,4.47552,4.42214e+06,2.70226e+06,1.25891e+07,0,0,0,0,41.2924,61.308,3.24093,0,0.04,2.14755,1.84515,0,1.65898,2.96352,9.19011e+06,3.61194e+06,1.97362e+07,0,0,0,6.97641e+07
85.0639,85.139,3.04106,0.13,0.08,2.84731,3.14971,0,0.533495,4.47552,4.42214e+06,2.70226e+06,1.25912e+07,0,0,0,0,41.1474,61.308,3.11456,0,0.04,2.14784,1.84544,0,1.6592,2.96352,9.19011e+06,3.61194e+06,1.97389e+07,0,0,0,6.97641e+07
84.831,85.139,2.8521,0.18,0.08,2.8478,3.1502,0,0.533586,4.47552,4.42214e+06,2.70226e+06,1.25934e+07,0,0,0,0,40.9517,61.308,2.93103,0,0.04,2.14812,1.84572,0,1.65942,2.96352,9.19011e+06,3.61194e+06,1.97415e+07,0,0,0,6.97641e+07
84.6486,85.139,2.8357,0.18,0.08,2.82007,3.12247,0,0.533678,4.47552,4.42214e+06,2.70226e+06,1.24708e+07,0,0,0,0,40.6768,61.308,3.00905,0,0.04,2.20045,1.89805,0,1.65964,2.96352,9.19011e+06,3.61194e+06,2.02224e+07,0,0,0,6.97641e+07
84.2673,85.139,2.63917,0.17,0.08,2.82056,3.12296,0,0.528481,4.47552,4.42214e+06,2.70226e+06,1.24729e+07,0,0,0,0,40.3745,61.308,2.89053,0,0.04,2.20075,1.89835,0,1.70007,2.96352,9.19011e+06,3.61194e+06,2.02251e+07,0,0,0,6.97641e+07
83.6692,85.139,2.39864,0.17,0.08,2.82104,3.12344,0,0.528572,4.47552,4.42214e+06,2.70226e+06,1.2475e+07,0,0,0,0,40.0339,61.308,2.63692,0,0.04,2.20104,1.89864,0,1.7003,2.96352,9.19011e+06,3.61194e+06,2.02278e+07,0,0,0,6.97641e+07
82.9876,85.139,2.27126,0.15,0.08,2.82153,3.12393,0,0.528663,4.47552,4.42214e+06,2.70226e+06,1.24772e+07,0,0,0,0,39.6063,61.308,2.63335,0,0.04,2.20134,1.89894,0,1.70052,2.96352,9.19011e+06,3.61194e+06,2.02305e+07,0,0,0,6.97641e+07
82.1105,85.139,2.1285,0.16,0.08,2.89493,3.19733,0,0.528754,4.47552,4.42214e+06,2.70226e+06,1.28018e+07,0,0,0,0,39.1491,61.308,2.57728,0,0.04,2.24804,1.94564,0,1.70075,2.96352,9.19011e+06,3.61194e+06,2.06597e+07,0,0,0,6.97641e+07
81.3704,85.139,2.25662,0.15,0.08,2.89543,3.19783,0,0.54251,4.47552,4.42214e+06,2.70226e+06,1.2804e+07,0,0,0,0,38.6653,61.308,2.54507,0,0.04,2.24834,1.94594,0,1.73683,2.96352,9.19011e+06,3.61194e+06,2.06625e+07,0,0,0,6.97641e+07
80.4512,85.139,2.06704,0.15,0.08,2.89592,3.19832,0,0.542603,4.47552,4.42214e+06,2.70226e+06,1.28062e+07,0,0,0,0,38.1572,61.308,2.47972,0,0.04,2.24864,1.94624,0,1.73707,2.96352,9.19011e+06,3.61194e+06,2.06653e+07,0,0,0,6.97641e+07
79.3513,85.139,1.87519,0.14,0.08,2.89642,3.19882,0,0.542696,4.47552,4.42214e+06,2.70226e+06,1.28084e+07,0,0,0,0,37.6324,61.308,2.24982,0,0.04,2.24894,1.94654,0,1.7373,2.96352,9.19011e+06,3.61194e+06,2.0668e+07,0,0,0,6.97641e+07
77.8696,85.139,1.64719,0.18,0.08,3.11058,3.41298,0,0.542789,4.47552,4.42214e+06,2.70226e+06,1.37554e+07,0,0,0,0,37.0998,61.308,2.21732,0,0.04,2.41686,2.11446,0,1.73753,2.96352,9.19011e+06,3.61194e+06,2.22112e+07,0,0,0,6.97641e+07
76.8897,85.139,2.15583,0.17,0.08,3.11111,3.41351,0,0.582923,4.47552,4.42214e+06,2.70226e+06,1.37578e+07,0,0,0,0,36.5546,61.308,2.46224,0,0.04,2.41719,2.11479,0,1.86727,2.96352,9.19011e+06,3.61194e+06,2.22142e+07,0,0,0,6.97641e+07
75.5553,85.139,1.79731,0.18,0.08,3.11164,3.41404,0,0.583023,4.47552,4.42214e+06,2.70226e+06,1.37601e+07,0,0,0,0,35.8932,61.308,1.74236,0,0.04,2.41752,2.11512,0,1.86752,2.96352,9.19011e+06,3.61194e+06,2.22173e+07,0,0,0,6.97641e+07
74.6342,85.139,2.18937,0.18,0.08,3.11217,3.41457,0,0.583122,4.47552,4.42214e+06,2.70226e+06,1.37625e+07,0,0,0,0,35.4154,61.308,3.07482,0,0.04,2.41785,2.11545,0,1.86777,2.96352,9.19011e+06,3.61194e+06,2.22203e+07,0,0,0,6.97641e+07
73.2826,85.139,1.74025,0.19,0.08,3.1127,3.4151,0,0.583221,4.47552,4.42214e+06,2.70226e+06,1.37648e+07,0,0,0,0,34.826,61.308,2.10614,0,0.04,2.41818,2.11578,0,1.86803,2.96352,9.19011e+06,3.61194e+06,2.22233e+07,0,0,0,6.97641e+07
72.2306,85.139,1.93977,0.22,0.08,3.00902,3.31142,0,0.583321,4.47552,4.42214e+06,2.70226e+06,1.33063e+07,0,0,0,0,34.3042,61.308,2.49632,0,0.04,2.31669,2.01429,0,1.86828,2.96352,9.19011e+06,3.61194e+06,2.12906e+07,0,0,0,6.97641e+07
72.7927,85.139,3.59707,0.22,0.08,3.00953,3.31193,0,0.56389,4.47552,4.42214e+06,2.70226e+06,1.33086e+07,0,0,0,0,34.1259,61.308,4.71522,0,0.04,2.317,2.0146,0,1.78987,2.96352,9.19011e+06,3.61194e+06,2.12935e+07,0,0,0,6.97641e+07
71.4441,85.139,1.65722,0.22,0.08,3.01005,3.31245,0,0.563986,4.47552,4.42214e+06,2.70226e+06,1.33108e+07,0,0,0,0,33.6208,61.308,2.45277,0,0.04,2.31731,2.01491,0,1.79012,2.96352,9.19011e+06,3.61194e+06,2.12964e+07,0,0,0,6.97641e+07
70.4733,85.139,2.04331,0.22,0.08,3.01056,3.31296,0,0.564083,4.47552,4.42214e+06,2.70226e+06,1.33131e+07,0,0,0,0,33.2331,61.308,2.65766,0,0.04,2.31763,2.01523,0,1.79036,2.96352,9.19011e+06,3.61194e+06,2.12992e+07,0,0,0,6.97641e+07
72.9447,85.139,5.53852,0.22,0.08,2.92548,3.22788,0,0.564179,4.47552,4.42214e+06,2.70226e+06,1.29369e+07,0,0,0,0,33.2397,61.308,6.11979,0,0.04,2.2252,1.9228,0,1.7906,2.96352,9.19011e+06,3.61194e+06,2.04499e+07,0,0,0,6.97641e+07
76.9149,85.139,7.19972,0.21,0.08,2.92598,3.22838,0,0.548235,4.47552,4.42214e+06,2.70226e+06,1.29391e+07,0,0,0,0,33.5093,61.308,4.50953,0,0.04,2.2255,1.9231,0,1.71919,2.96352,9.19011e+06,3.61194e+06,2.04526e+07,0,0,0,6.97641e+07
78.1991,85.139,4.46767,0.16,0.08,2.92648,3.22888,0,0.548329,4.47552,4.42214e+06,2.70226e+06,1.29413e+07,0,0,0,0,33.3331,61.308,3.55455,0,0.04,2.2258,1.9234,0,1.71942,2.96352,9.19011e+06,3.61194e+06,2.04554e+07,0,0,0,6.97641e+07
78.1805,85.139,3.10037,0.16,0.08,2.92698,3.22938,0,0.548423,4.47552,4.42214e+06,2.70226e+06,1.29435e+07,0,0,0,0,32.935,61.308,2.46544,0,0.04,2.2261,1.9237,0,1.71965,2.96352,9.19011e+06,3.61194e+06,2.04581e+07,0,0,0,6.97641e+07
79.6852,85.139,4.50047,0.18,0.08,2.68424,2.98664,0,0.548516,4.47552,4.42214e+06,2.70226e+06,1.18701e+07,0,0,0,0,32.8398,61.308,3.94024,0,0.04,2.03314,1.73074,0,1.71988,2.96352,9.19011e+06,3.61194e+06,1.86848e+07,0,0,0,6.97641e+07
83.3487,85.139,6.73163,0.16,0.08,2.6847,2.9871,0,0.503026,4.47552,4.42214e+06,2.70226e+06,1.18721e+07,0,0,0,0,32.6197,61.308,3.26957,0,0.04,2.03341,1.73101,0,1.5708,2.96352,9.19011e+06,3.61194e+06,1.86872e+07,0,0,0,6.97641e+07
85.139,85.139,7.50356,0.17,0.08,2.68516,2.98756,0,0.503113,4.47552,4.42214e+06,2.70226e+06,1.18742e+07,0,0,0,0,32.8065,61.308,4.96803,0,0.04,2.03368,1.73128,0,1.57101,2.96352,9.19011e+06,3.61194e+06,1.86897e+07,0,0,0,6.97641e+07
85.139,85.139,4.67842,0.16,0.08,2.68563,2.98803,0,0.5032,4.47552,4.42214e+06,2.70226e+06,1.18762e+07,0,0,0,0,32.4467,61.308,2.62357,0,0.04,2.03394,1.73154,0,1.57122,2.96352,9.19011e+06,3.61194e+06,1.86922e+07,0,0,0,6.97641e+07
85.139,85.139,4.31188,0.16,0.08,2.68609,2.98849,0,0.503286,4.47552,4.42214e+06,2.70226e+06,1.18783e+07,0,0,0,0,32.0852,61.308,2.09942,0,0.04,2.03421,1.73181,0,1.57143,2.96352,9.19011e+06,3.61194e+06,1.86946e+07,0,0,0,6.97641e+07
85.139,85.139,4.19118,0.16,0.08,2.68609,2.98849,0,0.503373,4.47552,4.42214e+06,2.70226e+06,1.18783e+07,0,0,0,0,31.9563,61.308,3.03622,0,0.04,2.03421,1.73181,0,1.57163,2.96352,9.19011e+06,3.61194e+06,1.86946e+07,0,0,0,6.97641e+07
85.139,85.139,7.03751,0.17,0.1,2.78018,3.08258,0,0.503373,4.47552,4.42214e+06,2.70226e+06,1.22943e+07,0,0,0,0,32.146,61.308,5.77554,0,0.04,2.09048,1.78808,0,1.57163,2.96352,9.19011e+06,3.61194e+06,1.92117e+07,0,0,0,6.97641e+07
85.139,85.139,6.517,0.17,0.1,2.78063,3.08303,0,0.521005,4.47552,4.42214e+06,2.70226e+06,1.22963e+07,0,0,0,0,32.1019,61.308,4.65574,0,0.04,2.09074,1.78834,0,1.6151,2.96352,9.19011e+06,3.61194e+06,1.92141e+07,0,0,0,6.97641e+07
85.139,85.139,6.329,0.17,0.1,2.78108,3.08348,0,0.52109,4.47552,4.42214e+06,2.70226e+06,1.22983e+07,0,0,0,0,32.1874,61.308,5.30929,0,0.04,2.091,1.7886,0,1.61531,2.96352,9.19011e+06,3.61194e+06,1.92166e+07,0,0,0,6.97641e+07
85.139,85.139,4.65363,0.17,0.1,2.78153,3.08393,0,0.521174,4.47552,4.42214e+06,2.70226e+06,1.23003e+07,0,0,0,0,31.9797,61.308,3.72852,0,0.04,2.09127,1.78887,0,1.61551,2.96352,9.19011e+06,3.61194e+06,1.9219e+07,0,0,0,6.97641e+07
85.139,85.139,6.33568,0.16,0.1,3.08283,3.38523,0,0.521259,4.47552,4.42214e+06,2.70226e+06,1.36327e+07,0,0,0,0,32.1392,61.308,4.61871,0,0.04,2.30189,1.99949,0,1.61571,2.96352,9.19011e+06,3.61194e+06,2.11546e+07,0,0,0,6.97641e+07
85.139,85.139,4.97146,0.17,0.1,3.08333,3.38573,0,0.577722,4.47552,4.42214e+06,2.70226e+06,1.36349e+07,0,0,0,0,32.0231,61.308,3.87459,0,0.04,2.30219,1.99979,0,1.77844,2.96352,9.19011e+06,3.61194e+06,2.11573e+07,0,0,0,6.97641e+07
85.139,85.139,3.58183,0.18,0.1,3.08382,3.38622,0,0.577815,4.47552,4.42214e+06,2.70226e+06,1.36371e+07,0,0,0,0,31.6041,61.308,2.48563,0,0.04,2.30248,2.00008,0,1.77867,2.96352,9.19011e+06,3.61194e+06,2.116e+07,0,0,0,6.97641e+07
85.1227,85.139,3.48488,0.18,0.1,3.08432,3.38672,0,0.577908,4.47552,4.42214e+06,2.70226e+06,1.36393e+07,0,0,0,0,31.2497,61.308,3.01133,0,0.04,2.30277,2.00037,0,1.7789,2.96352,9.19011e+06,3.61194e+06,2.11627e+07,0,0,0,6.97641e+07
85.139,85.139,4.24794,0.25,0.1,2.65546,2.95786,0,0.578001,4.47552,4.42214e+06,2.70226e+06,1.17428e+07,0,0,0,0,31.2303,61.308,3.5584,0,0.04,2.02059,1.71819,0,1.77912,2.96352,9.19011e+06,3.61194e+06,1.85694e+07,0,0,0,6.97641e+07
85.139,85.139,3.50671,0.23,0.1,2.6559,2.9583,0,0.497634,4.47552,4.42214e+06,2.70226e+06,1.17448e+07,0,0,0,0,30.9525,61.308,2.46751,0,0.04,2.02084,1.71844,0,1.56111,2.96352,9.19011e+06,3.61194e+06,1.85718e+07,0,0,0,6.97641e+07
85.139,85.139,3.5121,0.23,0.1,2.65633,2.95873,0,0.497715,4.47552,4.42214e+06,2.70226e+06,1.17467e+07,0,0,0,0,30.6389,61.308,2.27198,0,0.04,2.02109,1.71869,0,1.5613,2.96352,9.19011e+06,3.61194e+06,1.85741e+07,0,0,0,6.97641e+07
85.139,85.139,3.65335,0.24,0.1,2.65676,2.95916,0,0.497796,4.47552,4.42214e+06,2.70226e+06,1.17486e+07,0,0,0,0,30.3638,61.308,2.51976,0,0.04,2.02135,1.71895,0,1.5615,2.96352,9.19011e+06,3.61194e+06,1.85764e+07,0,0,0,6.97641e+07
85.139,85.139,3.44522,0.27,0.1,2.6572,2.9596,0,0.497878,4.47552,4.42214e+06,2.70226e+06,1.17505e+07,0,0,0,0,29.9837,61.308,2.06057,0,0.04,2.0216,1.7192,0,1.56169,2.96352,9.19011e+06,3.61194e+06,1.85787e+07,0,0,0,6.97641e+07
85.139,85.139,4.05156,0.27,0.1,2.76579,3.06819,0,0.497959,4.47552,4.42214e+06,2.70226e+06,1.22307e+07,0,0,0,0,29.1124,61.308,2.20719,0,0.04,2.091,1.7886,0,1.56189,2.96352,9.19011e+06,3.61194e+06,1.92166e+07,0,0,0,6.97641e+07
84.7928,85.139,2.82238,0.28,0.1,2.76624,3.06864,0,0.518308,4.47552,4.42214e+06,2.70226e+06,1.22327e+07,0,0,0,0,28.6091,61.308,1.3434,0,0.04,2.09127,1.78887,0,1.61551,2.96352,9.19011e+06,3.61194e+06,1.9219e+07,0,0,0,6.97641e+07
85.139,85.139,3.56893,0.39,0.1,2.70948,3.06909,0,0.518393,4.47552,4.42214e+06,3.02621e+06,1.19817e+07,0,0,0,0,28.384,61.308,3.05063,0,0.04,2.05818,1.78913,0,1.61571,2.96352,9.19011e+06,4.04495e+06,1.89149e+07,0,0,0,6.97641e+07
84.8447,85.139,2.87233,0.27,0.1,2.76714,3.06954,0,0.507756,4.47552,4.42214e+06,2.70226e+06,1.22367e+07,0,0,0,0,27.9994,61.308,2.03378,0,0.04,2.09179,1.78939,0,1.59015,2.96352,9.19011e+06,3.61194e+06,1.92238e+07,0,0,0,6.97641e+07
84.1696,85.139,2.43843,0.35,0.1,2.72527,3.02767,0,0.518561,4.47552,4.42214e+06,2.70226e+06,1.20515e+07,0,0,0,0,27.5689,61.308,2.03246,0,0.04,2.06518,1.76278,0,1.61612,2.96352,9.19011e+06,3.61194e+06,1.89792e+07,0,0,0,6.97641e+07
83.3783,85.139,2.2205,0.35,0.1,2.72572,3.02812,0,0.510716,4.47552,4.42214e+06,2.70226e+06,1.20535e+07,0,0,0,0,27.0829,61.308,1.83267,0,0.04,2.06544,1.76304,0,1.59556,2.96352,9.19011e+06,3.61194e+06,1.89816e+07,0,0,0,6.97641e+07
82.5532,85.139,2.1639,0.33,0.1,2.72616,3.02856,0,0.510799,4.47552,4.42214e+06,2.70226e+06,1.20555e+07,0,0,0,0,26.6215,61.308,1.99873,0,0.04,2.0657,1.7633,0,1.59576,2.96352,9.19011e+06,3.61194e+06,1.8984e+07,0,0,0,6.97641e+07
81.6008,85.139,2.02026,0.3,0.1,2.72661,3.02901,0,0.510883,4.47552,4.42214e+06,2.70226e+06,1.20574e+07,0,0,0,0,26.1552,61.308,1.81406,0,0.04,2.06595,1.76355,0,1.59596,2.96352,9.19011e+06,3.61194e+06,1.89863e+07,0,0,0,6.97641e+07
80.6253,85.139,2.08456,0.29,0.1,2.87076,3.17316,0,0.510966,4.47552,4.42214e+06,2.70226e+06,1.26949e+07,0,0,0,0,25.6548,61.308,1.82768,0,0.04,2.16157,1.85917,0,1.59616,2.96352,9.19011e+06,3.61194e+06,1.98651e+07,0,0,0,6.97641e+07
79.5099,85.139,1.90332,0.27,0.1,2.87122,3.17362,0,0.53798,4.47552,4.42214e+06,2.70226e+06,1.26969e+07,0,0,0,0,25.1499,61.308,1.85142,0,0.04,2.16185,1.85945,0,1.67003,2.96352,9.19011e+06,3.61194e+06,1.98676e+07,0,0,0,6.97641e+07
78.3457,85.139,1.84197,0.24,0.1,2.87169,3.17409,0,0.538067,4.47552,4.42214e+06,2.70226e+06,1.2699e+07,0,0,0,0,24.6607,61.308,1.80998,0,0.04,2.16212,1.85972,0,1.67024,2.96352,9.19011e+06,3.61194e+06,1.98701e+07,0,0,0,6.97641e+07
77.0786,85.139,1.72508,0.3,0.1,2.87215,3.17455,0,0.538154,4.47552,4.42214e+06,2.70226e+06,1.27011e+07,0,0,0,0,24.1473,61.308,1.65004,0,0.04,2.16239,1.85999,0,1.67045,2.96352,9.19011e+06,3.61194e+06,1.98726e+07,0,0,0,6.97641e+07
75.7062,85.139,1.57322,0.29,0.1,2.87262,3.17502,0,0.538241,4.47552,4.42214e+06,2.70226e+06,1.27031e+07,0,0,0,0,23.6109,61.308,1.75559,0,0.04,2.16266,1.86026,0,1.67066,2.96352,9.19011e+06,3.61194e+06,1.98751e+07,0,0,0,6.97641e+07
74.2259,85.139,1.42189,0.27,0.1,2.84464,3.14704,0,0.538329,4.47552,4.42214e+06,2.70226e+06,1.25794e+07,0,0,0,0,23.0686,61.308,1.73005,0,0.04,2.21539,1.91299,0,1.67087,2.96352,9.19011e+06,3.61194e+06,2.03596e+07,0,0,0,6.97641e+07
72.6351,85.139,1.29934,0.25,0.1,2.8451,3.1475,0,0.533086,4.47552,4.42214e+06,2.70226e+06,1.25814e+07,0,0,0,0,22.4971,61.308,1.70423,0,0.04,2.21567,1.91327,0,1.71161,2.96352,9.19011e+06,3.61194e+06,2.03622e+07,0,0,0,6.97641e+07
70.9438,85.139,1.17791,0.29,0.1,2.84556,3.14796,0,0.533172,4.47552,4.42214e+06,2.70226e+06,1.25835e+07,0,0,0,0,21.8918,61.308,1.52616,0,0.04,2.21595,1.91355,0,1.71182,2.96352,9.19011e+06,3.61194e+06,2.03648e+07,0,0,0,6.97641e+07
69.2381,85.139,1.11537,0.28,0.1,2.84603,3.14843,0,0.533259,4.47552,4.42214e+06,2.70226e+06,1.25855e+07,0,0,0,0,21.0214,61.308,1.48967,0,0.04,2.21623,1.91383,0,1.71204,2.96352,9.19011e+06,3.61194e+06,2.03674e+07,0,0,0,6.97641e+07
67.4056,85.139,1.03911,0.24,0.1,2.91998,3.22238,0,0.533345,4.47552,4.42214e+06,2.70226e+06,1.29125e+07,0,0,0,0,20.0979,61.308,1.26926,0,0.04,2.26328,1.96088,0,1.71226,2.96352,9.19011e+06,3.61194e+06,2.07998e+07,0,0,0,6.97641e+07
65.4907,85.139,0.937432,0.31,0.1,2.92045,3.22285,0,0.547204,4.47552,4.42214e+06,2.70226e+06,1.29146e+07,0,0,0,0,19.101,61.308,1.22219,0,0.04,2.26357,1.96117,0,1.74861,2.96352,9.19011e+06,3.61194e+06,2.08024e+07,0,0,0,6.97641e+07
63.514,85.139,0.85487,0.28,0.1,2.92092,3.22332,0,0.547292,4.47552,4.42214e+06,2.70226e+06,1.29167e+07,0,0,0,0,18.0884,61.308,1.11766,0,0.04,2.26385,1.96145,0,1.74883,2.96352,9.19011e+06,3.61194e+06,2.08051e+07,0,0,0,6.97641e+07
61.4615,85.139,0.744784,0.28,0.1,2.92139,3.22379,0,0.547381,4.47552,4.42214e+06,2.70226e+06,1.29188e+07,0,0,0,0,17.132,61.308,1.10673,0,0.04,2.26414,1.96174,0,1.74905,2.96352,9.19011e+06,3.61194e+06,2.08077e+07,0,0,0,6.97641e+07
59.2007,85.139,0.717533,0.3,0.1,3.1372,3.4396,0,0.547469,4.47552,4.42214e+06,2.70226e+06,1.38731e+07,0,0,0,0,16.1477,61.308,1.15938,0,0.04,2.43335,2.13095,0,1.74928,2.96352,9.19011e+06,3.61194e+06,2.23628e+07,0,0,0,6.97641e+07
56.9361,85.139,0.696081,0.28,0.1,3.1377,3.4401,0,0.587911,4.47552,4.42214e+06,2.70226e+06,1.38754e+07,0,0,0,0,15.2537,61.308,1.11201,0,0.04,2.43366,2.13126,0,1.88001,2.96352,9.19011e+06,3.61194e+06,2.23656e+07,0,0,0,6.97641e+07
54.8325,85.139,0.827992,0.28,0.1,3.13821,3.44061,0,0.588006,4.47552,4.42214e+06,2.70226e+06,1.38776e+07,0,0,0,0,14.3343,61.308,1.1903,0,0.04,2.43398,2.13158,0,1.88025,2.96352,9.19011e+06,3.61194e+06,2.23685e+07,0,0,0,6.97641e+07
52.6632,85.139,0.73037,0.32,0.1,3.13871,3.44111,0,0.5881,4.47552,4.42214e+06,2.70226e+06,1.38798e+07,0,0,0,0,13.4153,61.308,1.15829,0,0.04,2.43429,2.13189,0,1.88049,2.96352,9.19011e+06,3.61194e+06,2.23714e+07,0,0,0,6.97641e+07
50.4247,85.139,0.646578,0.34,0.1,3.13951,3.44162,0,0.588195,4.47552,4.42214e+06,2.70226e+06,1.38834e+07,0,0,0,0,12.727,61.308,1.12458,0,0.04,2.4343,2.1322,0,1.88073,2.96352,9.19011e+06,3.61194e+06,2.23715e+07,0,0,0,6.97641e+07
48.4317,85.139,0.799227,0.36,0.1,3.03531,3.3371,0,0.588345,4.47552,4.42214e+06,2.70226e+06,1.34226e+07,0,0,0,0,12.0708,61.308,1.44179,0,0.04,2.3317,2.02991,0,1.88074,2.96352,9.19011e+06,3.61194e+06,2.14286e+07,0,0,0,6.97641e+07
46.4215,85.139,0.756318,0.34,0.1,3.03519,3.33759,0,0.568817,4.47552,4.42214e+06,2.70226e+06,1.3422e+07,0,0,0,0,11.4289,61.308,1.47293,0,0.04,2.33261,2.03021,0,1.80147,2.96352,9.19011e+06,3.61194e+06,2.14369e+07,0,0,0,6.97641e+07
44.5309,85.139,0.854254,0.34,0.1,3.03568,3.33808,0,0.568794,4.47552,4.42214e+06,2.70226e+06,1.34242e+07,0,0,0,0,10.8129,61.308,1.66745,0,0.04,2.3329,2.0305,0,1.80217,2.96352,9.19011e+06,3.61194e+06,2.14396e+07,0,0,0,6.97641e+07
42.7161,85.139,0.985677,0.37,0.1,3.03616,3.33856,0,0.568886,4.47552,4.42214e+06,2.70226e+06,1.34263e+07,0,0,0,0,10.2582,61.308,1.79619,0,0.04,2.3332,2.0308,0,1.8024,2.96352,9.19011e+06,3.61194e+06,2.14424e+07,0,0,0,6.97641e+07
40.7702,85.139,0.753343,0.37,0.1,2.9504,3.2528,0,0.568977,4.47552,4.42214e+06,2.70226e+06,1.30471e+07,0,0,0,0,9.67846,61.308,1.64854,0,0.04,2.24005,1.93765,0,1.80263,2.96352,9.19011e+06,3.61194e+06,2.05863e+07,0,0,0,6.97641e+07
39.5089,85.139,1.18318,0.4,0.1,2.64766,3.25327,0,0.552905,4.47552,4.42214e+06,3.63146e+06,1.17083e+07,0,0,0,0,9.22184,61.308,2.3517,0,0.04,2.05971,1.93793,0,1.73066,2.96352,9.19011e+06,4.85394e+06,1.8929e+07,0,0,0,6.97641e+07
39.0957,85.139,2.08185,0.5,0.1,2.64809,3.25375,0,0.496171,4.47552,4.42214e+06,3.63146e+06,1.17102e+07,0,0,0,0,9.01929,61.308,2.94535,0,0.04,2.05997,1.93822,0,1.59133,2.96352,9.19011e+06,4.85394e+06,1.89313e+07,0,0,0,6.97641e+07
39.024,85.139,2.42977,0.52,0.1,2.64852,3.25423,0,0.496252,4.47552,4.42214e+06,3.63146e+06,1.17121e+07,0,0,0,0,8.7616,61.308,3.34175,0,0.04,2.06022,1.9385,0,1.59153,2.96352,9.19011e+06,4.85394e+06,1.89337e+07,0,0,0,6.97641e+07
39.8698,85.139,3.20228,0.53,0.1,2.42668,3.00959,0,0.496333,4.47552,4.42214e+06,3.63146e+06,1.07311e+07,0,0,0,0,8.51514,61.308,3.06526,0,0.04,1.88389,1.74404,0,1.59173,2.96352,9.19011e+06,4.85394e+06,1.73131e+07,0,0,0,6.97641e+07
42.084,85.139,4.61864,0.49,0.1,2.42708,3.01003,0,0.45476,4.47552,4.42214e+06,3.63146e+06,1.07329e+07,0,0,0,0,8.45531,61.308,4.09667,0,0.04,1.88412,1.74429,0,1.45549,2.96352,9.19011e+06,4.85394e+06,1.73153e+07,0,0,0,6.97641e+07
42.7323,85.139,3.05058,0.5,0.1,2.42748,3.01047,0,0.454835,4.47552,4.42214e+06,3.63146e+06,1.07347e+07,0,0,0,0,8.14192,61.308,2.97708,0,0.04,1.88435,1.74455,0,1.45567,2.96352,9.19011e+06,4.85394e+06,1.73174e+07,0,0,0,6.97641e+07
42.8437,85.139,2.48563,0.52,0.1,2.42788,3.01091,0,0.45491,4.47552,4.42214e+06,3.63146e+06,1.07364e+07,0,0,0,0,7.73193,61.308,2.04356,0,0.04,1.88458,1.74481,0,1.45585,2.96352,9.19011e+06,4.85394e+06,1.73195e+07,0,0,0,6.97641e+07
42.2719,85.139,1.80831,0.53,0.1,2.42828,3.01135,0,0.454985,4.47552,4.42214e+06,3.63146e+06,1.07382e+07,0,0,0,0,7.47563,61.308,2.16915,0,0.04,1.88482,1.74506,0,1.45603,2.96352,9.19011e+06,4.85394e+06,1.73217e+07,0,0,0,6.97641e+07
42.0731,85.139,2.35126,0.59,0.12,2.51423,3.10613,0,0.45506,4.47552,4.42214e+06,3.63146e+06,1.11183e+07,0,0,0,0,7.4949,61.308,3.53481,0,1,1.93621,1.80174,0,1.45621,2.96352,9.19011e+06,4.85394e+06,1.7794e+07,0,0,0,6.97641e+07
41.4875,85.139,1.90642,0.6,0.12,2.51462,3.10656,0,0.471166,4.47552,4.42214e+06,3.63146e+06,1.112e+07,0,0,0,0,7.46346,61.308,3.32266,0,1,1.93644,1.80199,0,1.49592,2.96352,9.19011e+06,4.85394e+06,1.77961e+07,0,0,0,6.97641e+07
40.9737,85.139,1.93554,0.63,0.12,2.51501,3.10699,0,0.471239,4.47552,4.42214e+06,3.63146e+06,1.11217e+07,0,0,0,0,7.36304,61.308,2.95795,0,1,1.93666,1.80224,0,1.49609,2.96352,9.19011e+06,4.85394e+06,1.77982e+07,0,0,0,6.97641e+07
40.8606,85.139,2.43253,0.65,0.12,2.51539,3.10742,0,0.471312,4.47552,4.42214e+06,3.63146e+06,1.11234e+07,0,0,0,0,7.34883,61.308,3.30531,0,1,1.93689,1.80249,0,1.49627,2.96352,9.19011e+06,4.85394e+06,1.78002e+07,0,0,0,6.97641e+07
41.2596,85.139,3.35643,0.68,0.12,2.79066,3.41098,0,0.471385,4.47552,4.42214e+06,3.63146e+06,1.23407e+07,0,0,0,0,7.32913,61.308,3.49126,0,1,2.12932,2.0147,0,1.49644,2.96352,9.19011e+06,4.85394e+06,1.95687e+07,0,0,0,6.97641e+07
41.306,85.139,2.87291,0.69,0.12,2.79109,3.41145,0,0.52297,4.47552,4.42214e+06,3.63146e+06,1.23426e+07,0,0,0,0,7.16449,61.308,2.46357,0,1,2.12958,2.01498,0,1.64512,2.96352,9.19011e+06,4.85394e+06,1.9571e+07,0,0,0,6.97641e+07
43.384,85.139,5.07195,0.72,0.12,2.79152,3.41192,0,0.52305,4.47552,4.42214e+06,3.63146e+06,1.23445e+07,0,0,0,0,7.44263,61.308,4.83423,0,1,2.12983,2.01526,0,1.64531,2.96352,9.19011e+06,4.85394e+06,1.95733e+07,0,0,0,6.97641e+07
46.026,85.139,5.68632,0.75,0.12,2.79194,3.41239,0,0.52313,4.47552,4.42214e+06,3.63146e+06,1.23464e+07,0,0,0,0,8.03279,61.308,7.34982,0,1,2.13008,2.01553,0,1.6455,2.96352,9.19011e+06,4.85394e+06,1.95757e+07,0,0,0,6.97641e+07
48.113,85.139,4.86276,0.72,0.12,2.40009,2.98026,0,0.52321,4.47552,4.42214e+06,3.63146e+06,1.06135e+07,0,0,0,0,8.45515,61.308,5.53142,0,1,1.87224,1.7312,0,1.6457,2.96352,9.19011e+06,4.85394e+06,1.72061e+07,0,0,0,6.97641e+07
50.1025,85.139,4.80439,0.74,0.12,2.40046,2.98067,0,0.449776,4.47552,4.42214e+06,3.63146e+06,1.06152e+07,0,0,0,0,8.80657,61.308,4.29025,0,1,1.87246,1.73144,0,1.4465,2.96352,9.19011e+06,4.85394e+06,1.72081e+07,0,0,0,6.97641e+07
52.4206,85.139,5.08391,0.75,0.12,2.40083,2.98108,0,0.449846,4.47552,4.42214e+06,3.63146e+06,1.06168e+07,0,0,0,0,9.2865,61.308,4.75053,0,1,1.87268,1.73168,0,1.44666,2.96352,9.19011e+06,4.85394e+06,1.72101e+07,0,0,0,6.97641e+07
54.0576,85.139,4.3129,0.74,0.12,2.40121,2.98149,0,0.449916,4.47552,4.42214e+06,3.63146e+06,1.06185e+07,0,0,0,0,9.3307,61.308,3.76402,0,1,1.87289,1.73192,0,1.44683,2.96352,9.19011e+06,4.85394e+06,1.72121e+07,0,0,0,6.97641e+07
57.3805,85.139,6.34596,0.76,0.12,2.40158,2.9819,0,0.449986,4.47552,4.42214e+06,3.63146e+06,1.06201e+07,0,0,0,0,9.79767,61.308,5.30561,0,1,1.87311,1.73215,0,1.447,2.96352,9.19011e+06,4.85394e+06,1.72141e+07,0,0,0,6.97641e+07
60.3783,85.139,6.07499,0.74,0.12,2.50076,3.09128,0,0.450056,4.47552,4.42214e+06,3.63146e+06,1.10587e+07,0,0,0,0,10.3687,61.308,5.83788,0,1,1.93651,1.80207,0,1.44717,2.96352,9.19011e+06,4.85394e+06,1.77967e+07,0,0,0,6.97641e+07
61.9376,85.139,4.49521,0.74,0.12,2.50115,3.09171,0,0.468643,4.47552,4.42214e+06,3.63146e+06,1.10604e+07,0,0,0,0,10.6279,61.308,4.78219,0,1,1.93673,1.80232,0,1.49615,2.96352,9.19011e+06,4.85394e+06,1.77988e+07,0,0,0,6.97641e+07
62.9177,85.139,3.88623,0.76,0.12,2.50154,3.09214,0,0.468716,4.47552,4.42214e+06,3.63146e+06,1.10622e+07,0,0,0,0,10.795,61.308,4.56891,0,1,1.93696,1.80257,0,1.49632,2.96352,9.19011e+06,4.85394e+06,1.78009e+07,0,0,0,6.97641e+07
63.8969,85.139,3.84413,0.72,0.12,2.50192,3.09256,0,0.468788,4.47552,4.42214e+06,3.63146e+06,1.10639e+07,0,0,0,0,10.8855,61.308,4.01086,0,1,1.93719,1.80281,0,1.4965,2.96352,9.19011e+06,4.85394e+06,1.78029e+07,0,0,0,6.97641e+07
64.1234,85.139,3.04411,0.71,0.12,2.46366,3.05036,0,0.468861,4.47552,4.42214e+06,3.63146e+06,1.08946e+07,0,0,0,0,10.6579,61.308,2.90105,0,1,1.91286,1.77599,0,1.49667,2.96352,9.19011e+06,4.85394e+06,1.75794e+07,0,0,0,6.97641e+07
63.9875,85.139,2.6549,0.72,0.12,2.46404,3.05078,0,0.461689,4.47552,4.42214e+06,3.63146e+06,1.08963e+07,0,0,0,0,10.4088,61.308,2.62282,0,1,1.91308,1.77623,0,1.47787,2.96352,9.19011e+06,4.85394e+06,1.75814e+07,0,0,0,6.97641e+07
63.6012,85.139,2.37,0.72,0.12,2.46442,3.0512,0,0.461761,4.47552,4.42214e+06,3.63146e+06,1.0898e+07,0,0,0,0,10.0983,61.308,2.30372,0,1,1.9133,1.77648,0,1.47805,2.96352,9.19011e+06,4.85394e+06,1.75835e+07,0,0,0,6.97641e+07
63.0728,85.139,2.19645,0.71,0.12,2.4648,3.05162,0,0.461832,4.47552,4.42214e+06,3.63146e+06,1.08997e+07,0,0,0,0,9.77182,61.308,2.1781,0,1,1.91353,1.77672,0,1.47822,2.96352,9.19011e+06,4.85394e+06,1.75855e+07,0,0,0,6.97641e+07
62.3279,85.139,2.05095,0.7,0.12,2.59647,3.19682,0,0.461904,4.47552,4.42214e+06,3.63146e+06,1.14819e+07,0,0,0,0,9.44448,61.308,2.03361,0,1,2.00087,1.87304,0,1.47839,2.96352,9.19011e+06,4.85394e+06,1.83882e+07,0,0,0,6.97641e+07
61.6371,85.139,2.06597,0.76,0.12,2.59687,3.19726,0,0.486578,4.47552,4.42214e+06,3.63146e+06,1.14837e+07,0,0,0,0,9.18628,61.308,2.48478,0,1,2.0011,1.8733,0,1.54587,2.96352,9.19011e+06,4.85394e+06,1.83903e+07,0,0,0,6.97641e+07
60.8333,85.139,1.88512,0.75,0.12,2.59727,3.19771,0,0.486653,4.47552,4.42214e+06,3.63146e+06,1.14855e+07,0,0,0,0,8.83446,61.308,2.1885,0,1,2.00133,1.87356,0,1.54605,2.96352,9.19011e+06,4.85394e+06,1.83925e+07,0,0,0,6.97641e+07
59.899,85.139,1.73242,0.73,0.12,2.59767,3.19815,0,0.486728,4.47552,4.42214e+06,3.63146e+06,1.14873e+07,0,0,0,0,8.39506,61.308,1.84551,0,1,2.00157,1.87381,0,1.54623,2.96352,9.19011e+06,4.85394e+06,1.83946e+07,0,0,0,6.97641e+07
59.0346,85.139,1.7962,0.71,0.12,2.59807,3.19859,0,0.486803,4.47552,4.42214e+06,3.63146e+06,1.1489e+07,0,0,0,0,7.95306,61.308,1.89651,0,1,2.0018,1.87407,0,1.54641,2.96352,9.19011e+06,4.85394e+06,1.83968e+07,0,0,0,6.97641e+07
58.1947,85.139,1.811,0.64,0.12,2.57249,3.17038,0,0.486878,4.47552,4.42214e+06,3.63146e+06,1.13759e+07,0,0,0,0,7.56865,61.308,2.03581,0,1,2.04995,1.92717,0,1.54659,2.96352,9.19011e+06,4.85394e+06,1.88393e+07,0,0,0,6.97641e+07
57.2145,85.139,1.6587,0.6,0.12,2.57288,3.17081,0,0.482084,4.47552,4.42214e+06,3.63146e+06,1.13777e+07,0,0,0,0,7.17475,61.308,2.00442,0,1,2.05019,1.92744,0,1.58379,2.96352,9.19011e+06,4.85394e+06,1.88415e+07,0,0,0,6.97641e+07
56.1067,85.139,1.50285,0.55,0.12,2.57328,3.17125,0,0.482158,4.47552,4.42214e+06,3.63146e+06,1.13794e+07,0,0,0,0,6.75649,61.308,1.79927,0,1,2.05043,1.9277,0,1.58398,2.96352,9.19011e+06,4.85394e+06,1.88437e+07,0,0,0,6.97641e+07
54.9671,85.139,1.41871,0.64,0.12,2.57368,3.17169,0,0.482233,4.47552,4.42214e+06,3.63146e+06,1.13812e+07,0,0,0,0,6.2739,61.308,1.78093,0,1,2.05068,1.92797,0,1.58417,2.96352,9.19011e+06,4.85394e+06,1.88459e+07,0,0,0,6.97641e+07
53.8954,85.139,1.52707,0.57,0.12,2.6412,3.24616,0,0.482307,4.47552,4.42214e+06,3.63146e+06,1.16798e+07,0,0,0,0,5.87724,61.308,1.89049,0,1,2.09364,1.97535,0,1.58435,2.96352,9.19011e+06,4.85394e+06,1.92408e+07,0,0,0,6.97641e+07
52.8024,85.139,1.49274,0.5,0.12,2.64161,3.24661,0,0.494962,4.47552,4.42214e+06,3.63146e+06,1.16816e+07,0,0,0,0,5.4468,61.308,1.98421,0,1,2.09389,1.97562,0,1.61755,2.96352,9.19011e+06,4.85394e+06,1.92431e+07,0,0,0,6.97641e+07
51.636,85.139,1.39236,0.46,0.12,2.64202,3.24705,0,0.495038,4.47552,4.42214e+06,3.63146e+06,1.16834e+07,0,0,0,0,4.9872,61.308,1.88614,0,1,2.09414,1.9759,0,1.61774,2.96352,9.19011e+06,4.85394e+06,1.92453e+07,0,0,0,6.97641e+07
50.3808,85.139,1.27776,0.42,0.12,2.64242,3.2475,0,0.495114,4.47552,4.42214e+06,3.63146e+06,1.16852e+07,0,0,0,0,4.52495,61.308,1.7583,0,1,2.09438,1.97617,0,1.61793,2.96352,9.19011e+06,4.85394e+06,1.92476e+07,0,0,0,6.97641e+07
48.9129,85.139,1.19523,0.49,0.12,2.83953,3.46487,0,0.49519,4.47552,4.42214e+06,3.63146e+06,1.25568e+07,0,0,0,0,4.13519,61.308,2.1323,0,1,2.24893,2.14661,0,1.61812,2.96352,9.19011e+06,4.85394e+06,2.06679e+07,0,0,0,6.97641e+07
47.0703,85.139,0.807365,0.45,0.12,2.85497,3.46534,0,0.532128,4.47552,4.42214e+06,3.63146e+06,1.26251e+07,0,0,0,0,3.68339,61.308,1.75928,0,1,2.23419,2.1469,0,1.73753,2.96352,9.19011e+06,4.85394e+06,2.05324e+07,0,0,0,6.97641e+07
45.3047,85.139,0.847402,0.42,0.12,2.8557,3.46582,0,0.535022,4.47552,4.42214e+06,3.63146e+06,1.26283e+07,0,0,0,0,3.23017,61.308,1.73484,0,1,2.23416,2.1472,0,1.72613,2.96352,9.19011e+06,4.85394e+06,2.05322e+07,0,0,0,6.97641e+07
43.9446,85.139,1.26978,0.46,0.12,2.85643,3.4663,0,0.535159,4.47552,4.42214e+06,3.63146e+06,1.26315e+07,0,0,0,0,2.85067,61.308,2.07507,0,1,2.23413,2.14749,0,1.72611,2.96352,9.19011e+06,4.85394e+06,2.05319e+07,0,0,0,6.97641e+07
42.928,85.139,1.98957,0.42,0.12,3.14366,3.46678,0,0.535296,4.47552,4.42214e+06,3.63146e+06,1.39017e+07,0,0,0,0,2.65979,61.308,2.43672,0.01,1,1.94761,2.14779,0,1.72609,2.96352,9.19011e+06,4.85394e+06,1.78987e+07,0,0,0,6.97641e+07
41.7371,85.139,1.69976,0.42,0.12,3.04816,3.36147,0,0.589122,4.47552,4.42214e+06,3.63146e+06,1.34794e+07,0,0,0,0,2.43661,61.308,2.51674,0.01,1,1.85416,2.04473,0,1.50472,2.96352,9.19011e+06,4.85394e+06,1.70399e+07,0,0,0,6.97641e+07
40.1659,85.139,1.5058,0.39,0.12,3.29926,3.36193,0,0.571226,4.47552,4.42214e+06,3.02621e+06,1.45898e+07,0,0,0,0,2.21242,61.308,2.51734,0.01,1,2.00689,2.04501,0,1.43252,2.96352,9.19011e+06,4.04495e+06,1.84436e+07,0,0,0,6.97641e+07
38.5822,85.139,1.5052,0.39,0.12,3.29972,3.36239,0,0.618281,4.47552,4.42214e+06,3.02621e+06,1.45918e+07,0,0,0,0,2.04185,61.308,2.33881,0.01,1,2.00717,2.0453,0,1.55053,2.96352,9.19011e+06,4.04495e+06,1.84461e+07,0,0,0,6.97641e+07
38.3003,85.139,2.68094,0.47,0.12,3.04943,3.36286,0,0.618367,4.47552,4.42214e+06,3.63146e+06,1.3485e+07,0,0,0,0,1.87566,61.308,2.44623,0.01,1,1.85492,2.04558,0,1.55074,2.96352,9.19011e+06,4.85394e+06,1.70469e+07,0,0,0,6.97641e+07
39.1138,85.139,4.05398,0.47,0.12,2.97106,3.27644,0,0.571462,4.47552,4.42214e+06,3.63146e+06,1.31385e+07,0,0,0,0,2.12972,61.308,4.36665,0.01,1,1.76982,1.95173,0,1.43311,2.96352,9.19011e+06,4.85394e+06,1.62649e+07,0,0,0,6.97641e+07
38.687,85.139,2.43568,0.51,0.12,2.97147,3.27689,0,0.556777,4.47552,4.42214e+06,3.63146e+06,1.31403e+07,0,0,0,0,1.96507,61.308,2.64463,0.02,1,1.77007,1.952,0,1.36736,2.96352,9.19011e+06,4.85394e+06,1.62671e+07,0,0,0,6.97641e+07
38.5492,85.139,2.77966,0.53,0.12,2.97188,3.27734,0,0.556854,4.47552,4.42214e+06,3.63146e+06,1.31421e+07,0,0,0,0,1.98985,61.308,3.38588,0.02,1,1.77031,1.95227,0,1.36755,2.96352,9.19011e+06,4.85394e+06,1.62693e+07,0,0,0,6.97641e+07
38.5422,85.139,3.00142,0.54,0.12,2.97229,3.27779,0,0.55693,4.47552,4.42214e+06,3.63146e+06,1.31439e+07,0,0,0,0,2.26128,61.308,4.32915,0.02,1,1.77055,1.95254,0,1.36774,2.96352,9.19011e+06,4.85394e+06,1.62716e+07,0,0,0,6.97641e+07
39.1184,85.139,3.61893,0.55,0.12,2.74882,3.03135,0,0.557007,4.47552,4.42214e+06,3.63146e+06,1.21557e+07,0,0,0,0,3.03931,61.308,5.07198,0.02,1,1.59293,1.75665,0,1.36793,2.96352,9.19011e+06,4.85394e+06,1.46392e+07,0,0,0,6.97641e+07
40.1966,85.139,4.13469,0.58,0.12,2.7492,3.03177,0,0.515129,4.47552,4.42214e+06,3.63146e+06,1.21574e+07,0,0,0,0,3.86397,61.308,6.25298,0.02,1,1.59315,1.7569,0,1.2307,2.96352,9.19011e+06,4.85394e+06,1.46412e+07,0,0,0,6.97641e+07
42.0393,85.139,5.09778,0.52,0.12,2.74958,3.03219,0,0.5152,4.47552,4.42214e+06,3.63146e+06,1.2159e+07,0,0,0,0,4.37328,61.308,5.27465,0.03,1,1.59337,1.75714,0,1.23087,2.96352,9.19011e+06,4.85394e+06,1.46432e+07,0,0,0,6.97641e+07
43.3352,85.139,4.12315,0.54,0.12,2.74996,3.03261,0,0.515271,4.47552,4.42214e+06,3.63146e+06,1.21607e+07,0,0,0,0,5.5271,61.308,6.71198,0.03,1,1.59359,1.75738,0,1.23103,2.96352,9.19011e+06,4.85394e+06,1.46452e+07,0,0,0,6.97641e+07
45.4372,85.139,4.78378,0.55,0.12,2.44794,3.03303,0,0.515342,4.47552,4.42214e+06,3.63146e+06,1.08251e+07,0,0,0,0,6.63813,61.308,6.91095,0,1,1.89621,1.75762,0,1.2312,2.96352,9.19011e+06,4.85394e+06,1.74263e+07,0,0,0,6.97641e+07
48.5166,85.139,5.80849,0.54,0.14,2.53448,3.12846,0,0.458744,4.47552,4.42214e+06,3.63146e+06,1.12078e+07,0,0,0,0,6.91666,61.308,4.42118,0,1,1.94796,1.8147,0,1.46501,2.96352,9.19011e+06,4.85394e+06,1.7902e+07,0,0,0,6.97641e+07
51.8889,85.139,6.13378,0.58,0.14,2.53484,3.12887,0,0.474961,4.47552,4.42214e+06,3.63146e+06,1.12094e+07,0,0,0,0,7.58306,61.308,6.20669,0,1,1.94817,1.81493,0,1.50499,2.96352,9.19011e+06,4.85394e+06,1.79039e+07,0,0,0,6.97641e+07
56.8461,85.139,8.07071,0.55,0.14,2.53521,3.12927,0,0.47503,4.47552,4.42214e+06,3.63146e+06,1.12111e+07,0,0,0,0,8.96147,61.308,9.25731,0,1,1.94838,1.81516,0,1.50516,2.96352,9.19011e+06,4.85394e+06,1.79059e+07,0,0,0,6.97641e+07
61.1136,85.139,7.34819,0.47,0.14,2.53558,3.12967,0,0.475099,4.47552,4.42214e+06,3.63146e+06,1.12127e+07,0,0,0,0,9.91716,61.308,5.95368,0,1,1.9486,1.8154,0,1.50532,2.96352,9.19011e+06,4.85394e+06,1.79078e+07,0,0,0,6.97641e+07
64.947,85.139,7.26748,0.49,0.14,2.81279,3.43538,0,0.475167,4.47552,4.42214e+06,3.63146e+06,1.24386e+07,0,0,0,0,10.7431,61.308,6.40214,0,1,2.14239,2.02911,0,1.50549,2.96352,9.19011e+06,4.85394e+06,1.96888e+07,0,0,0,6.97641e+07
69.589,85.139,8.31275,0.42,0.14,2.81319,3.43582,0,0.527117,4.47552,4.42214e+06,3.63146e+06,1.24403e+07,0,0,0,0,11.6735,61.308,7.8678,0,1,2.14263,2.02938,0,1.65521,2.96352,9.19011e+06,4.85394e+06,1.9691e+07,0,0,0,6.97641e+07
72.777,85.139,6.95676,0.35,0.14,3.13387,3.43627,0,0.527192,4.47552,4.42214e+06,2.70226e+06,1.38584e+07,0,0,0,0,12.3022,61.308,5.71516,0,1,2.33204,2.02964,0,1.6554,2.96352,9.19011e+06,3.61194e+06,2.14317e+07,0,0,0,6.97641e+07
75.2573,85.139,6.11641,0.39,0.14,3.07025,3.43671,0,0.587287,4.47552,4.42214e+06,3.02621e+06,1.35771e+07,0,0,0,0,12.5311,61.308,5.20252,0,1,2.29446,2.0299,0,1.80173,2.96352,9.19011e+06,4.04495e+06,2.10864e+07,0,0,0,6.97641e+07
78.2499,85.139,6.49298,0.33,0.14,2.69908,3.00148,0,0.575365,4.47552,4.42214e+06,2.70226e+06,1.19357e+07,0,0,0,0,12.8249,61.308,5.28549,0,1,2.04592,1.74352,0,1.7727,2.96352,9.19011e+06,3.61194e+06,1.88023e+07,0,0,0,6.97641e+07
80.274,85.139,5.43478,0.36,0.14,2.69946,3.00186,0,0.505807,4.47552,4.42214e+06,2.70226e+06,1.19374e+07,0,0,0,0,13.0731,61.308,4.60119,0,1,2.04615,1.74375,0,1.58068,2.96352,9.19011e+06,3.61194e+06,1.88043e+07,0,0,0,6.97641e+07
81.7544,85.139,4.75345,0.31,0.14,2.69985,3.00225,0,0.50588,4.47552,4.42214e+06,2.70226e+06,1.19391e+07,0,0,0,0,13.1936,61.308,3.77535,0,1,2.04637,1.74397,0,1.58085,2.96352,9.19011e+06,3.61194e+06,1.88064e+07,0,0,0,6.97641e+07
84.2802,85.139,5.84202,0.35,0.14,2.70024,3.00264,0,0.505952,4.47552,4.42214e+06,2.70226e+06,1.19408e+07,0,0,0,0,13.6952,61.308,5.33535,0,1,2.0466,1.7442,0,1.58103,2.96352,9.19011e+06,3.61194e+06,1.88085e+07,0,0,0,6.97641e+07
85.139,85.139,6.65592,0.37,0.14,2.70063,3.00303,0,0.506025,4.47552,4.42214e+06,2.70226e+06,1.19426e+07,0,0,0,0,14.1765,61.308,5.15173,0,1,2.04683,1.74443,0,1.5812,2.96352,9.19011e+06,3.61194e+06,1.88105e+07,0,0,0,6.97641e+07
85.139,85.139,5.71012,0.3,0.14,2.81076,3.11316,0,0.506098,4.47552,4.42214e+06,2.70226e+06,1.24296e+07,0,0,0,0,14.6701,61.308,4.75637,0,1,2.11722,1.81482,0,1.58138,2.96352,9.19011e+06,3.61194e+06,1.94575e+07,0,0,0,6.97641e+07
85.139,85.139,7.26476,0.32,0.14,2.81116,3.11356,0,0.526736,4.47552,4.42214e+06,2.70226e+06,1.24313e+07,0,0,0,0,15.9121,61.308,7.43437,0,1,2.11745,1.81505,0,1.63576,2.96352,9.19011e+06,3.61194e+06,1.94596e+07,0,0,0,6.97641e+07
85.139,85.139,5.06481,0.31,0.14,2.81156,3.11396,0,0.526811,4.47552,4.42214e+06,2.70226e+06,1.24331e+07,0,0,0,0,15.9465,61.308,3.676,0,1,2.11769,1.81529,0,1.63594,2.96352,9.19011e+06,3.61194e+06,1.94618e+07,0,0,0,6.97641e+07
85.139,85.139,4.7156,0.3,0.14,2.81196,3.11436,0,0.526886,4.47552,4.42214e+06,2.70226e+06,1.24349e+07,0,0,0,0,15.8667,61.308,3.21874,0,1,2.11792,1.81552,0,1.63613,2.96352,9.19011e+06,3.61194e+06,1.94639e+07,0,0,0,6.97641e+07
85.139,85.139,4.74965,0.28,0.14,2.76944,3.07184,0,0.526962,4.47552,4.42214e+06,2.70226e+06,1.22468e+07,0,0,0,0,15.8801,61.308,3.54762,0,1,2.09089,1.78849,0,1.63631,2.96352,9.19011e+06,3.61194e+06,1.92155e+07,0,0,0,6.97641e+07
85.139,85.139,4.38928,0.26,0.14,2.76983,3.07223,0,0.518992,4.47552,4.42214e+06,2.70226e+06,1.22486e+07,0,0,0,0,15.7713,61.308,2.84789,0,1,2.09112,1.78872,0,1.61542,2.96352,9.19011e+06,3.61194e+06,1.92176e+07,0,0,0,6.97641e+07
85.139,85.139,3.96675,0.25,0.14,2.77023,3.07263,0,0.519067,4.47552,4.42214e+06,2.70226e+06,1.22504e+07,0,0,0,0,15.5733,61.308,2.81643,0,1,2.09135,1.78895,0,1.6156,2.96352,9.19011e+06,3.61194e+06,1.92198e+07,0,0,0,6.97641e+07
85.139,85.139,3.4825,0.22,0.14,2.77063,3.07303,0,0.519141,4.47552,4.42214e+06,2.70226e+06,1.22521e+07,0,0,0,0,15.3389,61.308,3.10922,0,1,2.09159,1.78919,0,1.61578,2.96352,9.19011e+06,3.61194e+06,1.92219e+07,0,0,0,6.97641e+07
85.139,85.139,3.19699,0.22,0.14,2.91682,3.21922,0,0.519216,4.47552,4.42214e+06,2.70226e+06,1.28986e+07,0,0,0,0,15.0546,61.308,2.56303,0,1,2.18856,1.88616,0,1.61596,2.96352,9.19011e+06,3.61194e+06,2.01131e+07,0,0,0,6.97641e+07
85.139,85.139,3.24758,0.19,0.14,2.91724,3.21964,0,0.546612,4.47552,4.42214e+06,2.70226e+06,1.29004e+07,0,0,0,0,14.7362,61.308,2.29055,0,1,2.18881,1.88641,0,1.69088,2.96352,9.19011e+06,3.61194e+06,2.01154e+07,0,0,0,6.97641e+07
85.0921,85.139,3.13505,0.19,0.14,2.91765,3.22005,0,0.54669,4.47552,4.42214e+06,2.70226e+06,1.29023e+07,0,0,0,0,14.4289,61.308,2.49454,0,1,2.18905,1.88665,0,1.69107,2.96352,9.19011e+06,3.61194e+06,2.01176e+07,0,0,0,6.97641e+07
84.7796,85.139,2.88205,0.27,0.14,2.91807,3.22047,0,0.546768,4.47552,4.42214e+06,2.70226e+06,1.29041e+07,0,0,0,0,14.0936,61.308,2.37376,0,1,2.18929,1.88689,0,1.69126,2.96352,9.19011e+06,3.61194e+06,2.01198e+07,0,0,0,6.97641e+07
84.2407,85.139,2.59566,0.24,0.14,2.91848,3.22088,0,0.546846,4.47552,4.42214e+06,2.70226e+06,1.29059e+07,0,0,0,0,13.7826,61.308,2.54272,0,1,2.18954,1.88714,0,1.69145,2.96352,9.19011e+06,3.61194e+06,2.01221e+07,0,0,0,6.97641e+07
83.08,85.139,1.90905,0.21,0.14,2.89005,3.19245,0,0.546924,4.47552,4.42214e+06,2.70226e+06,1.27802e+07,0,0,0,0,13.4897,61.308,2.33237,0,1,2.24299,1.94059,0,1.69164,2.96352,9.19011e+06,3.61194e+06,2.06133e+07,0,0,0,6.97641e+07
81.7891,85.139,1.75875,0.22,0.14,2.89046,3.19286,0,0.541595,4.47552,4.42214e+06,2.70226e+06,1.2782e+07,0,0,0,0,13.1823,61.308,2.22308,0,1,2.24324,1.94084,0,1.73293,2.96352,9.19011e+06,3.61194e+06,2.06156e+07,0,0,0,6.97641e+07
80.4005,85.139,1.64233,0.2,0.14,2.89087,3.19327,0,0.541673,4.47552,4.42214e+06,2.70226e+06,1.27839e+07,0,0,0,0,12.8303,61.308,1.9891,0,1,2.24349,1.94109,0,1.73313,2.96352,9.19011e+06,3.61194e+06,2.06179e+07,0,0,0,6.97641e+07
78.9736,85.139,1.58312,0.19,0.14,2.89129,3.19369,0,0.54175,4.47552,4.42214e+06,2.70226e+06,1.27857e+07,0,0,0,0,12.3948,61.308,1.88653,0,1,2.24374,1.94134,0,1.73332,2.96352,9.19011e+06,3.61194e+06,2.06202e+07,0,0,0,6.97641e+07
77.3087,85.139,1.3586,0.21,0.14,2.96624,3.26864,0,0.541827,4.47552,4.42214e+06,2.70226e+06,1.31172e+07,0,0,0,0,12.0495,61.308,1.73377,0,1,2.29144,1.98904,0,1.73351,2.96352,9.19011e+06,3.61194e+06,2.10585e+07,0,0,0,6.97641e+07
75.625,85.139,1.34779,0.21,0.14,2.96667,3.26907,0,0.555874,4.47552,4.42214e+06,2.70226e+06,1.3119e+07,0,0,0,0,11.6718,61.308,1.8069,0,1,2.29169,1.98929,0,1.77036,2.96352,9.19011e+06,3.61194e+06,2.10609e+07,0,0,0,6.97641e+07
73.8742,85.139,1.24781,0.2,0.14,2.96709,3.26949,0,0.555953,4.47552,4.42214e+06,2.70226e+06,1.31209e+07,0,0,0,0,11.1107,61.308,1.74885,0,1,2.29195,1.98955,0,1.77056,2.96352,9.19011e+06,3.61194e+06,2.10633e+07,0,0,0,6.97641e+07
72.0321,85.139,1.13616,0.2,0.14,2.96751,3.26991,0,0.556033,4.47552,4.42214e+06,2.70226e+06,1.31228e+07,0,0,0,0,10.6795,61.308,1.52552,0,1,2.29221,1.98981,0,1.77076,2.96352,9.19011e+06,3.61194e+06,2.10656e+07,0,0,0,6.97641e+07
70.2493,85.139,1.34335,0.25,0.14,3.18635,3.48875,0,0.556112,4.47552,4.42214e+06,2.70226e+06,1.40905e+07,0,0,0,0,10.3632,61.308,2.17302,0,1,2.4638,2.1614,0,1.77096,2.96352,9.19011e+06,3.61194e+06,2.26426e+07,0,0,0,6.97641e+07
68.1697,85.139,1.05853,0.25,0.14,3.21661,3.4892,0,0.597121,4.47552,4.42214e+06,2.70226e+06,1.42243e+07,0,0,0,0,9.95099,61.308,1.7021,0,1,2.43427,2.16168,0,1.90353,2.96352,9.19011e+06,3.61194e+06,2.23712e+07,0,0,0,6.97641e+07
66.1294,85.139,1.06755,0.25,0.14,3.21734,3.48965,0,0.602792,4.47552,4.42214e+06,2.70226e+06,1.42275e+07,0,0,0,0,9.60326,61.308,1.83747,0,1,2.43427,2.16196,0,1.88072,2.96352,9.19011e+06,3.61194e+06,2.23712e+07,0,0,0,6.97641e+07
64.1163,85.139,1.07757,0.27,0.14,3.21807,3.4901,0,0.602929,4.47552,4.42214e+06,2.70226e+06,1.42307e+07,0,0,0,0,9.26419,61.308,2.16955,0,1,2.43427,2.16224,0,1.88072,2.96352,9.19011e+06,3.61194e+06,2.23712e+07,0,0,0,6.97641e+07
62.1523,85.139,1.09741,0.27,0.14,3.2188,3.49055,0,0.603065,4.47552,4.42214e+06,2.70226e+06,1.4234e+07,0,0,0,0,8.91061,61.308,1.86485,0,1,2.43427,2.16252,0,1.88072,2.96352,9.19011e+06,3.61194e+06,2.23712e+07,0,0,0,6.97641e+07
60.317,85.139,1.16148,0.31,0.14,3.11301,3.38449,0,0.603202,4.47552,4.42214e+06,2.70226e+06,1.37662e+07,0,0,0,0,8.61212,61.308,2.01933,0,1,2.33021,2.05874,0,1.88072,2.96352,9.19011e+06,3.61194e+06,2.14149e+07,0,0,0,6.97641e+07
58.6881,85.139,1.34315,0.32,0.14,3.08252,3.38492,0,0.583378,4.47552,4.42214e+06,2.70226e+06,1.36314e+07,0,0,0,0,8.7025,61.308,3.40811,0,1,2.3614,2.059,0,1.80032,2.96352,9.19011e+06,3.61194e+06,2.17015e+07,0,0,0,6.97641e+07
57.033,85.139,1.29357,0.32,0.14,3.08296,3.38536,0,0.577665,4.47552,4.42214e+06,2.70226e+06,1.36333e+07,0,0,0,0,8.72119,61.308,3.26464,0,1,2.36167,2.05927,0,1.82442,2.96352,9.19011e+06,3.61194e+06,2.1704e+07,0,0,0,6.97641e+07
55.3792,85.139,1.27199,0.32,0.14,3.0834,3.3858,0,0.577747,4.47552,4.42214e+06,2.70226e+06,1.36352e+07,0,0,0,0,8.85497,61.308,3.87932,0,1,2.36193,2.05953,0,1.82462,2.96352,9.19011e+06,3.61194e+06,2.17064e+07,0,0,0,6.97641e+07
54.0867,85.139,1.63967,0.33,0.14,2.99636,3.29876,0,0.577829,4.47552,4.42214e+06,2.70226e+06,1.32503e+07,0,0,0,0,8.85443,61.308,3.28803,0,1,2.26743,1.96503,0,1.82483,2.96352,9.19011e+06,3.61194e+06,2.08379e+07,0,0,0,6.97641e+07
53.6249,85.139,2.4996,0.35,0.14,2.99679,3.29919,0,0.561518,4.47552,4.42214e+06,2.70226e+06,1.32522e+07,0,0,0,0,9.02702,61.308,3.22874,0,1,2.26768,1.96528,0,1.75182,2.96352,9.19011e+06,3.61194e+06,2.08402e+07,0,0,0,6.97641e+07
53.5798,85.139,2.92276,0.35,0.14,2.99721,3.29961,0,0.561598,4.47552,4.42214e+06,2.70226e+06,1.32541e+07,0,0,0,0,9.80788,61.308,5.82848,0,1,2.26794,1.96554,0,1.75201,2.96352,9.19011e+06,3.61194e+06,2.08426e+07,0,0,0,6.97641e+07
52.7525,85.139,2.13775,0.36,0.14,2.99764,3.30004,0,0.561678,4.47552,4.42214e+06,2.70226e+06,1.3256e+07,0,0,0,0,10.0629,61.308,4.01324,0,1,2.26819,1.96579,0,1.75221,2.96352,9.19011e+06,3.61194e+06,2.08449e+07,0,0,0,6.97641e+07
53.9622,85.139,4.14802,0.37,0.14,2.7495,3.0519,0,0.561758,4.47552,4.42214e+06,2.70226e+06,1.21587e+07,0,0,0,0,10.7337,61.308,5.83902,0,1,2.07096,1.76856,0,1.7524,2.96352,9.19011e+06,3.61194e+06,1.90324e+07,0,0,0,6.97641e+07
53.834,85.139,2.67363,0.37,0.14,2.7499,3.0523,0,0.515257,4.47552,4.42214e+06,2.70226e+06,1.21604e+07,0,0,0,0,11.0186,61.308,4.9669,0,1,2.07119,1.76879,0,1.60002,2.96352,9.19011e+06,3.61194e+06,1.90345e+07,0,0,0,6.97641e+07
54.4807,85.139,3.24307,0.4,0.14,2.46577,3.05269,0,0.515331,4.47552,4.42214e+06,3.63146e+06,1.0904e+07,0,0,0,0,11.3472,61.308,5.85933,0,1,1.90654,1.76902,0,1.6002,2.96352,9.19011e+06,4.85394e+06,1.75213e+07,0,0,0,6.97641e+07
55.5687,85.139,3.72246,0.44,0.14,2.46613,3.05309,0,0.462085,4.47552,4.42214e+06,3.63146e+06,1.09056e+07,0,0,0,0,11.5253,61.308,4.26293,0,1,1.90675,1.76925,0,1.47299,2.96352,9.19011e+06,4.85394e+06,1.75232e+07,0,0,0,6.97641e+07
57.5229,85.139,4.65214,0.48,0.14,2.46649,3.05348,0,0.462152,4.47552,4.42214e+06,3.63146e+06,1.09071e+07,0,0,0,0,12.805,61.308,5.21763,0,1,1.90695,1.76948,0,1.47315,2.96352,9.19011e+06,4.85394e+06,1.75251e+07,0,0,0,6.97641e+07
62.6925,85.139,8.27552,0.42,0.14,2.55358,3.14953,0,0.462219,4.47552,4.42214e+06,3.63146e+06,1.12923e+07,0,0,0,0,14.0479,61.308,6.98617,0,1,1.95904,1.82692,0,1.47331,2.96352,9.19011e+06,4.85394e+06,1.80038e+07,0,0,0,6.97641e+07
66.4931,85.139,7.23582,0.35,0.14,2.84751,3.14991,0,0.478542,4.47552,4.42214e+06,2.70226e+06,1.25921e+07,0,0,0,0,15.5505,61.308,7.62717,0,1,2.12954,1.82714,0,1.51356,2.96352,9.19011e+06,3.61194e+06,1.95707e+07,0,0,0,6.97641e+07
70.1149,85.139,7.16662,0.38,0.14,2.84789,3.15029,0,0.533624,4.47552,4.42214e+06,2.70226e+06,1.25938e+07,0,0,0,0,16.9216,61.308,7.53329,0,1,2.12976,1.82736,0,1.64528,2.96352,9.19011e+06,3.61194e+06,1.95727e+07,0,0,0,6.97641e+07
76.605,85.139,10.1464,0.33,0.14,2.84827,3.15067,0,0.533695,4.47552,4.42214e+06,2.70226e+06,1.25955e+07,0,0,0,0,18.181,61.308,7.54586,0,1,2.12998,1.82758,0,1.64545,2.96352,9.19011e+06,3.61194e+06,1.95747e+07,0,0,0,6.97641e+07
82.4788,85.139,10.1285,0.32,0.14,3.156,3.4584,0,0.533766,4.47552,4.42214e+06,2.70226e+06,1.39563e+07,0,0,0,0,19.5978,61.308,7.85139,0,1,2.34511,2.04271,0,1.64562,2.96352,9.19011e+06,3.61194e+06,2.15518e+07,0,0,0,6.97641e+07
85.139,85.139,7.8185,0.25,0.14,3.15642,3.45882,0,0.591434,4.47552,4.42214e+06,2.70226e+06,1.39581e+07,0,0,0,0,20.3391,61.308,5.67213,0,1,2.34536,2.04296,0,1.81183,2.96352,9.19011e+06,3.61194e+06,2.15541e+07,0,0,0,6.97641e+07
85.139,85.139,7.94468,0.21,0.14,3.15683,3.45923,0,0.591512,4.47552,4.42214e+06,2.70226e+06,1.396e+07,0,0,0,0,21.0823,61.308,6.15483,0,1,2.3456,2.0432,0,1.81202,2.96352,9.19011e+06,3.61194e+06,2.15564e+07,0,0,0,6.97641e+07
85.139,85.139,11.7391,0.22,0.14,3.15725,3.45965,0,0.591591,4.47552,4.42214e+06,2.70226e+06,1.39618e+07,0,0,0,0,22.6587,61.308,8.99363,0,1,2.34585,2.04345,0,1.81221,2.96352,9.19011e+06,3.61194e+06,2.15586e+07,0,0,0,6.97641e+07
85.139,85.139,9.59708,0.23,0.14,2.71908,3.02148,0,0.591669,4.47552,4.42214e+06,2.70226e+06,1.20242e+07,0,0,0,0,25.601,61.308,11.5089,0,1,2.05755,1.75515,0,1.8124,2.96352,9.19011e+06,3.61194e+06,1.89091e+07,0,0,0,6.97641e+07
85.139,85.139,8.09739,0.26,0.14,2.71945,3.02185,0,0.509556,4.47552,4.42214e+06,2.70226e+06,1.20258e+07,0,0,0,0,26.7715,61.308,7.88521,0,1,2.05776,1.75536,0,1.58966,2.96352,9.19011e+06,3.61194e+06,1.8911e+07,0,0,0,6.97641e+07
85.139,85.139,11.7164,0.27,0.14,2.71981,3.02221,0,0.509625,4.47552,4.42214e+06,2.70226e+06,1.20274e+07,0,0,0,0,31.6146,61.308,17.528,0,1,2.05797,1.75557,0,1.58982,2.96352,9.19011e+06,3.61194e+06,1.8913e+07,0,0,0,6.97641e+07
85.139,85.139,13.4647,0.29,0.14,2.72018,3.02258,0,0.509693,4.47552,4.42214e+06,2.70226e+06,1.2029e+07,0,0,0,0,35.5598,61.308,13.7545,0,1,2.05818,1.75578,0,1.58999,2.96352,9.19011e+06,3.61194e+06,1.89149e+07,0,0,0,6.97641e+07
85.139,85.139,7.94609,0.3,0.14,2.72054,3.02294,0,0.509761,4.47552,4.42214e+06,2.70226e+06,1.20306e+07,0,0,0,0,36.6928,61.308,7.01247,0,1,2.05839,1.75599,0,1.59015,2.96352,9.19011e+06,3.61194e+06,1.89169e+07,0,0,0,6.97641e+07
85.139,85.139,4.9286,0.33,0.14,2.83137,3.13377,0,0.50983,4.47552,4.42214e+06,2.70226e+06,1.25207e+07,0,0,0,0,37.8766,61.308,6.45682,0,1,2.12924,1.82684,0,1.59031,2.96352,9.19011e+06,3.61194e+06,1.95679e+07,0,0,0,6.97641e+07
85.139,85.139,6.15625,0.34,0.14,2.83175,3.13415,0,0.530599,4.47552,4.42214e+06,2.70226e+06,1.25224e+07,0,0,0,0,40.4122,61.308,8.54833,0,1,2.12946,1.82706,0,1.64505,2.96352,9.19011e+06,3.61194e+06,1.957e+07,0,0,0,6.97641e+07
85.139,85.139,4.33943,0.34,0.14,2.83213,3.13453,0,0.53067,4.47552,4.42214e+06,2.70226e+06,1.25241e+07,0,0,0,0,41.5724,61.308,5.59823,0,1,2.12968,1.82728,0,1.64522,2.96352,9.19011e+06,3.61194e+06,1.9572e+07,0,0,0,6.97641e+07
85.139,85.139,3.88,0.32,0.14,2.83251,3.13491,0,0.530741,4.47552,4.42214e+06,2.70226e+06,1.25257e+07,0,0,0,0,42.3259,61.308,4.77726,0,1,2.1299,1.8275,0,1.64539,2.96352,9.19011e+06,3.61194e+06,1.9574e+07,0,0,0,6.97641e+07
85.139,85.139,4.38051,0.31,0.14,2.78967,3.09207,0,0.530812,4.47552,4.42214e+06,2.70226e+06,1.23363e+07,0,0,0,0,42.6887,61.308,4.49129,0,1,2.10267,1.80027,0,1.64556,2.96352,9.19011e+06,3.61194e+06,1.93238e+07,0,0,0,6.97641e+07
85.139,85.139,3.64331,0.28,0.14,2.79005,3.09245,0,0.522785,4.47552,4.42214e+06,2.70226e+06,1.2338e+07,0,0,0,0,42.7519,61.308,3.73671,0,1,2.10289,1.80049,0,1.62453,2.96352,9.19011e+06,3.61194e+06,1.93258e+07,0,0,0,6.97641e+07
85.1018,85.139,3.1916,0.26,0.14,2.79042,3.09282,0,0.522855,4.47552,4.42214e+06,2.70226e+06,1.23396e+07,0,0,0,0,42.7686,61.308,3.35478,0,1,2.10311,1.80071,0,1.62469,2.96352,9.19011e+06,3.61194e+06,1.93278e+07,0,0,0,6.97641e+07
85.0099,85.139,2.86097,0.41,0.14,2.5025,3.09319,0,0.522925,4.47552,4.42214e+06,3.63146e+06,1.10664e+07,0,0,0,0,42.6867,61.308,2.97606,0,1,1.93547,1.80093,0,1.62486,2.96352,9.19011e+06,4.85394e+06,1.77872e+07,0,0,0,6.97641e+07
84.6073,85.139,2.88805,0.34,0.14,2.93792,3.24032,0,0.468968,4.47552,4.42214e+06,2.70226e+06,1.29919e+07,0,0,0,0,42.5851,61.308,2.80564,0,1,2.20092,1.89852,0,1.49535,2.96352,9.19011e+06,3.61194e+06,2.02267e+07,0,0,0,6.97641e+07
84.3901,85.139,3.05586,0.33,0.14,2.93831,3.24071,0,0.550565,4.47552,4.42214e+06,2.70226e+06,1.29936e+07,0,0,0,0,42.5787,61.308,3.24512,0,1,2.20115,1.89875,0,1.70043,2.96352,9.19011e+06,3.61194e+06,2.02288e+07,0,0,0,6.97641e+07
84.1498,85.139,2.93836,0.3,0.14,2.9387,3.2411,0,0.550639,4.47552,4.42214e+06,2.70226e+06,1.29953e+07,0,0,0,0,42.4787,61.308,3.12324,0,1,2.20138,1.89898,0,1.70061,2.96352,9.19011e+06,3.61194e+06,2.02309e+07,0,0,0,6.97641e+07
83.6365,85.139,2.6436,0.29,0.14,2.93909,3.24149,0,0.550712,4.47552,4.42214e+06,2.70226e+06,1.29971e+07,0,0,0,0,42.2339,61.308,2.60964,0,1,2.20161,1.89921,0,1.70079,2.96352,9.19011e+06,3.61194e+06,2.0233e+07,0,0,0,6.97641e+07
83.1122,85.139,2.62026,0.25,0.14,2.93948,3.24188,0,0.550785,4.47552,4.42214e+06,2.70226e+06,1.29988e+07,0,0,0,0,41.9057,61.308,2.48076,0,1,2.20184,1.89944,0,1.70096,2.96352,9.19011e+06,3.61194e+06,2.02351e+07,0,0,0,6.97641e+07
82.8992,85.139,2.92966,0.23,0.14,2.91083,3.21323,0,0.550859,4.47552,4.42214e+06,2.70226e+06,1.28721e+07,0,0,0,0,41.7401,61.308,3.08537,0,1,2.25562,1.95322,0,1.70114,2.96352,9.19011e+06,3.61194e+06,2.07294e+07,0,0,0,6.97641e+07
82.5684,85.139,2.78577,0.23,0.14,2.91122,3.21362,0,0.54549,4.47552,4.42214e+06,2.70226e+06,1.28738e+07,0,0,0,0,41.5382,61.308,3.03617,0,1,2.25586,1.95346,0,1.74269,2.96352,9.19011e+06,3.61194e+06,2.07316e+07,0,0,0,6.97641e+07
81.9064,85.139,2.42262,0.21,0.14,2.91161,3.21401,0,0.545563,4.47552,4.42214e+06,2.70226e+06,1.28755e+07,0,0,0,0,41.2743,61.308,2.83318,0,1,2.25609,1.95369,0,1.74288,2.96352,9.19011e+06,3.61194e+06,2.07337e+07,0,0,0,6.97641e+07
81.2039,85.139,2.36598,0.19,0.14,2.912,3.2144,0,0.545635,4.47552,4.42214e+06,2.70226e+06,1.28773e+07,0,0,0,0,41.0069,61.308,2.95845,0,1,2.25633,1.95393,0,1.74306,2.96352,9.19011e+06,3.61194e+06,2.07359e+07,0,0,0,6.97641e+07
80.4419,85.139,2.34215,0.19,0.14,2.98741,3.28981,0,0.545708,4.47552,4.42214e+06,2.70226e+06,1.32107e+07,0,0,0,0,40.763,61.308,2.74308,0,1,2.30432,2.00192,0,1.74324,2.96352,9.19011e+06,3.61194e+06,2.11769e+07,0,0,0,6.97641e+07
79.6968,85.139,2.39048,0.18,0.14,2.98781,3.29021,0,0.559841,4.47552,4.42214e+06,2.70226e+06,1.32125e+07,0,0,0,0,40.4656,61.308,2.75514,0,1,2.30456,2.00216,0,1.78031,2.96352,9.19011e+06,3.61194e+06,2.11791e+07,0,0,0,6.97641e+07
78.8156,85.139,2.21409,0.18,0.14,2.9882,3.2906,0,0.559915,4.47552,4.42214e+06,2.70226e+06,1.32143e+07,0,0,0,0,40.1252,61.308,2.67191,0,1,2.3048,2.0024,0,1.7805,2.96352,9.19011e+06,3.61194e+06,2.11813e+07,0,0,0,6.97641e+07
77.7549,85.139,2.01598,0.21,0.14,2.9886,3.291,0,0.559989,4.47552,4.42214e+06,2.70226e+06,1.3216e+07,0,0,0,0,39.7562,61.308,2.32072,0,1,2.30504,2.00264,0,1.78069,2.96352,9.19011e+06,3.61194e+06,2.11836e+07,0,0,0,6.97641e+07
76.7478,85.139,2.23757,0.22,0.14,3.20882,3.51122,0,0.560064,4.47552,4.42214e+06,2.70226e+06,1.41898e+07,0,0,0,0,39.5663,61.308,3.37801,0,1,2.47772,2.17532,0,1.78087,2.96352,9.19011e+06,3.61194e+06,2.27705e+07,0,0,0,6.97641e+07
75.3471,85.139,1.85156,0.22,0.14,3.25297,3.51164,0,0.601332,4.47552,4.42214e+06,2.70226e+06,1.43851e+07,0,0,0,0,39.4048,61.308,3.49721,0,1,2.43425,2.17558,0,1.91429,2.96352,9.19011e+06,3.61194e+06,2.23711e+07,0,0,0,6.97641e+07
73.8638,85.139,1.74456,0.23,0.14,3.25366,3.51206,0,0.609607,4.47552,4.42214e+06,2.70226e+06,1.43881e+07,0,0,0,0,39.1835,61.308,3.26543,0,1,2.43425,2.17585,0,1.8807,2.96352,9.19011e+06,3.61194e+06,2.23711e+07,0,0,0,6.97641e+07
73.0077,85.139,2.36989,0.23,0.14,3.25434,3.51249,0,0.609735,4.47552,4.42214e+06,2.70226e+06,1.43912e+07,0,0,0,0,39.0368,61.308,3.68689,0,1,2.43425,2.17611,0,1.88071,2.96352,9.19011e+06,3.61194e+06,2.23711e+07,0,0,0,6.97641e+07
73.1505,85.139,3.47948,0.25,0.14,3.25503,3.51291,0,0.609864,4.47552,4.42214e+06,2.70226e+06,1.43942e+07,0,0,0,0,39.1497,61.308,4.30543,0,1,2.43425,2.17637,0,1.88071,2.96352,9.19011e+06,3.61194e+06,2.23711e+07,0,0,0,6.97641e+07
72.0004,85.139,1.92907,0.25,0.14,3.14852,3.40614,0,0.609992,4.47552,4.42214e+06,2.70226e+06,1.39232e+07,0,0,0,0,39.1132,61.308,3.63658,0,1,2.32953,2.07191,0,1.88071,2.96352,9.19011e+06,3.61194e+06,2.14086e+07,0,0,0,6.97641e+07
70.2228,85.139,1.29725,0.24,0.14,3.10415,3.40655,0,0.590032,4.47552,4.42214e+06,2.70226e+06,1.3727e+07,0,0,0,0,38.8201,61.308,2.83827,0,1,2.37456,2.07216,0,1.79979,2.96352,9.19011e+06,3.61194e+06,2.18224e+07,0,0,0,6.97641e+07
68.2477,85.139,1.03497,0.25,0.14,3.10456,3.40696,0,0.581718,4.47552,4.42214e+06,2.70226e+06,1.37288e+07,0,0,0,0,38.4748,61.308,2.09303,0,1,2.37481,2.07241,0,1.83458,2.96352,9.19011e+06,3.61194e+06,2.18247e+07,0,0,0,6.97641e+07
67.6324,85.139,2.46787,0.25,0.14,3.10497,3.40737,0,0.581795,4.47552,4.42214e+06,2.70226e+06,1.37306e+07,0,0,0,0,38.4535,61.308,4.33999,0,1,2.37506,2.07266,0,1.83478,2.96352,9.19011e+06,3.61194e+06,2.1827e+07,0,0,0,6.97641e+07
67.5578,85.139,3.03769,0.29,0.14,3.01735,3.31975,0,0.581872,4.47552,4.42214e+06,2.70226e+06,1.33432e+07,0,0,0,0,38.5774,61.308,3.98508,0,1,2.27993,1.97753,0,1.83497,2.96352,9.19011e+06,3.61194e+06,2.09528e+07,0,0,0,6.97641e+07
67.0735,85.139,2.61032,0.29,0.14,3.01775,3.32015,0,0.565452,4.47552,4.42214e+06,2.70226e+06,1.33449e+07,0,0,0,0,38.2563,61.308,2.30079,0,1,2.28017,1.97777,0,1.76148,2.96352,9.19011e+06,3.61194e+06,2.0955e+07,0,0,0,6.97641e+07
67.401,85.139,3.44513,0.29,0.14,3.01815,3.32055,0,0.565527,4.47552,4.42214e+06,2.70226e+06,1.33467e+07,0,0,0,0,38.6171,61.308,5.72003,0,1,2.28041,1.97801,0,1.76166,2.96352,9.19011e+06,3.61194e+06,2.09572e+07,0,0,0,6.97641e+07
73.4135,85.139,9.35409,0.31,0.14,3.01855,3.32095,0,0.565602,4.47552,4.42214e+06,2.70226e+06,1.33485e+07,0,0,0,0,40.5868,61.308,10.9635,0,1,2.28065,1.97825,0,1.76184,2.96352,9.19011e+06,3.61194e+06,2.09594e+07,0,0,0,6.97641e+07
74.567,85.139,4.2214,0.25,0.14,2.76882,3.07122,0,0.565677,4.47552,4.42214e+06,2.70226e+06,1.22441e+07,0,0,0,0,40.8405,61.308,3.50266,0,1,2.08215,1.77975,0,1.76203,2.96352,9.19011e+06,3.61194e+06,1.91352e+07,0,0,0,6.97641e+07
73.5016,85.139,1.94639,0.25,0.14,2.76919,3.07159,0,0.518876,4.47552,4.42214e+06,2.70226e+06,1.22457e+07,0,0,0,0,40.649,61.308,2.94542,0,1,2.08237,1.77997,0,1.60867,2.96352,9.19011e+06,3.61194e+06,1.91372e+07,0,0,0,6.97641e+07
74.5877,85.139,4.19507,0.27,0.14,2.76956,3.07196,0,0.518946,4.47552,4.42214e+06,2.70226e+06,1.22474e+07,0,0,0,0,40.9483,61.308,5.21249,0,1,2.08258,1.78018,0,1.60884,2.96352,9.19011e+06,3.61194e+06,1.91392e+07,0,0,0,6.97641e+07
75.3215,85.139,3.8551,0.26,0.14,2.76993,3.07233,0,0.519015,4.47552,4.42214e+06,2.70226e+06,1.2249e+07,0,0,0,0,41.2834,61.308,4.31849,0,1,2.0828,1.7804,0,1.609,2.96352,9.19011e+06,3.61194e+06,1.91411e+07,0,0,0,6.97641e+07
77.423,85.139,5.25775,0.27,0.14,2.7703,3.0727,0,0.519085,4.47552,4.42214e+06,2.70226e+06,1.22507e+07,0,0,0,0,42.1677,61.308,6.47434,0,1,2.08301,1.78061,0,1.60917,2.96352,9.19011e+06,3.61194e+06,1.91431e+07,0,0,0,6.97641e+07
78.2043,85.139,4.0786,0.28,0.14,2.86693,3.16933,0,0.519154,4.47552,4.42214e+06,2.70226e+06,1.2678e+07,0,0,0,0,42.1005,61.308,3.44291,0,1,2.1408,1.8384,0,1.60934,2.96352,9.19011e+06,3.61194e+06,1.96742e+07,0,0,0,6.97641e+07
85.0626,85.139,10.5204,0.29,1,2.86728,3.16968,0,0.537262,4.47552,4.42214e+06,2.70226e+06,1.26795e+07,0,0,0,0,42.5798,61.308,5.30872,0,1,2.14101,1.83861,0,1.65398,2.96352,9.19011e+06,3.61194e+06,1.96761e+07,0,0,0,6.97641e+07
85.139,85.139,3.94121,0.25,1,2.86764,3.17004,0,0.537329,4.47552,4.42214e+06,2.70226e+06,1.26811e+07,0,0,0,0,42.7228,61.308,3.78426,0,1,2.14121,1.83881,0,1.65414,2.96352,9.19011e+06,3.61194e+06,1.9678e+07,0,0,0,6.97641e+07
85.139,85.139,4.47274,0.19,1,2.868,3.1704,0,0.537396,4.47552,4.42214e+06,2.70226e+06,1.26827e+07,0,0,0,0,43.3417,61.308,5.59198,0,1,2.14142,1.83902,0,1.6543,2.96352,9.19011e+06,3.61194e+06,1.96799e+07,0,0,0,6.97641e+07
85.139,85.139,12.5972,0.2,1,3.17762,3.48002,0,0.537463,4.47552,4.42214e+06,2.70226e+06,1.40519e+07,0,0,0,0,45.7761,61.308,12.3027,0,1,2.35788,2.05548,0,1.65446,2.96352,9.19011e+06,3.61194e+06,2.16692e+07,0,0,0,6.97641e+07
85.139,85.139,5.2592,0.2,1,3.17801,3.48041,0,0.595486,4.47552,4.42214e+06,2.70226e+06,1.40536e+07,0,0,0,0,46.0202,61.308,3.42185,0,1,2.35811,2.05571,0,1.8217,2.96352,9.19011e+06,3.61194e+06,2.16713e+07,0,0,0,6.97641e+07
85.139,85.139,4.58403,0.22,1,3.1784,3.4808,0,0.59556,4.47552,4.42214e+06,2.70226e+06,1.40553e+07,0,0,0,0,46.3319,61.308,3.55455,0,1,2.35834,2.05594,0,1.82188,2.96352,9.19011e+06,3.61194e+06,2.16734e+07,0,0,0,6.97641e+07
85.139,85.139,5.36572,0.23,1,3.1788,3.4812,0,0.595633,4.47552,4.42214e+06,2.70226e+06,1.40571e+07,0,0,0,0,46.6699,61.308,3.8518,0,1,2.35858,2.05618,0,1.82206,2.96352,9.19011e+06,3.61194e+06,2.16756e+07,0,0,0,6.97641e+07
85.139,85.139,4.25749,0.26,1,2.73787,3.04027,0,0.595706,4.47552,4.42214e+06,2.70226e+06,1.21073e+07,0,0,0,0,46.7489,61.308,3.15554,0,1,2.06846,1.76606,0,1.82224,2.96352,9.19011e+06,3.61194e+06,1.90094e+07,0,0,0,6.97641e+07
85.139,85.139,3.87359,0.26,1,2.73822,3.04062,0,0.513077,4.47552,4.42214e+06,2.70226e+06,1.21088e+07,0,0,0,0,47.2,61.308,3.40492,0,1,2.06866,1.76626,0,1.59809,2.96352,9.19011e+06,3.61194e+06,1.90112e+07,0,0,0,6.97641e+07
85.139,85.139,3.58375,0.27,1,2.73856,3.04096,0,0.513142,4.47552,4.42214e+06,2.70226e+06,1.21103e+07,0,0,0,0,47.1061,61.308,2.40422,0,1,2.06886,1.76646,0,1.59825,2.96352,9.19011e+06,3.61194e+06,1.9013e+07,0,0,0,6.97641e+07
85.139,85.139,3.33599,0.29,1,2.7389,3.0413,0,0.513206,4.47552,4.42214e+06,2.70226e+06,1.21118e+07,0,0,0,0,46.8873,61.308,2.15761,0,1,2.06906,1.76666,0,1.5984,2.96352,9.19011e+06,3.61194e+06,1.90148e+07,0,0,0,6.97641e+07
85.139,85.139,4.66675,0.31,1,2.73924,3.04164,0,0.51327,4.47552,4.42214e+06,2.70226e+06,1.21133e+07,0,0,0,0,47.2449,61.308,3.63423,0,1,2.06925,1.76685,0,1.59855,2.96352,9.19011e+06,3.61194e+06,1.90167e+07,0,0,0,6.97641e+07
85.139,85.139,7.26038,0.35,1,2.85073,3.15313,0,0.513334,4.47552,4.42214e+06,2.70226e+06,1.26063e+07,0,0,0,0,47.4747,61.308,3.26632,0,1,2.14052,1.83812,0,1.59871,2.96352,9.19011e+06,3.61194e+06,1.96716e+07,0,0,0,6.97641e+07
85.139,85.139,9.09261,0.35,1,2.85108,3.15348,0,0.534227,4.47552,4.42214e+06,2.70226e+06,1.26079e+07,0,0,0,0,48.4037,61.308,4.33556,0,1,2.14073,1.83833,0,1.65377,2.96352,9.19011e+06,3.61194e+06,1.96735e+07,0,0,0,6.97641e+07
85.139,85.139,6.40041,0.34,1,2.85144,3.15384,0,0.534293,4.47552,4.42214e+06,2.70226e+06,1.26095e+07,0,0,0,0,48.6227,61.308,2.83587,0,1,2.14094,1.83854,0,1.65393,2.96352,9.19011e+06,3.61194e+06,1.96754e+07,0,0,0,6.97641e+07
85.139,85.139,5.70593,0.34,1,2.85179,3.15419,0,0.53436,4.47552,4.42214e+06,2.70226e+06,1.2611e+07,0,0,0,0,48.6277,61.308,2.41832,0,1,2.14114,1.83874,0,1.65409,2.96352,9.19011e+06,3.61194e+06,1.96773e+07,0,0,0,6.97641e+07
85.139,85.139,5.1022,0.32,1,2.80867,3.11107,0,0.534426,4.47552,4.42214e+06,2.70226e+06,1.24203e+07,0,0,0,0,48.5868,61.308,2.3982,0,1,2.11373,1.81133,0,1.65425,2.96352,9.19011e+06,3.61194e+06,1.94254e+07,0,0,0,6.97641e+07
85.139,85.139,4.42793,0.3,1,2.80902,3.11142,0,0.526345,4.47552,4.42214e+06,2.70226e+06,1.24219e+07,0,0,0,0,48.3308,61.308,2.25696,0,1,2.11394,1.81154,0,1.63307,2.96352,9.19011e+06,3.61194e+06,1.94273e+07,0,0,0,6.97641e+07
85.139,85.139,4.06041,0.27,1,2.80937,3.11177,0,0.52641,4.47552,4.42214e+06,2.70226e+06,1.24234e+07,0,0,0,0,48.0713,61.308,2.03026,0,1,2.11414,1.81174,0,1.63323,2.96352,9.19011e+06,3.61194e+06,1.94292e+07,0,0,0,6.97641e+07
85.139,85.139,3.94893,0.27,1,2.80972,3.11212,0,0.526476,4.47552,4.42214e+06,2.70226e+06,1.2425e+07,0,0,0,0,47.8758,61.308,2.24899,0,1,2.11434,1.81194,0,1.63339,2.96352,9.19011e+06,3.61194e+06,1.94311e+07,0,0,0,6.97641e+07
85.139,85.139,3.7394,0.24,1,2.95772,3.26012,0,0.526541,4.47552,4.42214e+06,2.70226e+06,1.30794e+07,0,0,0,0,47.65,61.308,2.15448,0,1,2.21252,1.91012,0,1.63354,2.96352,9.19011e+06,3.61194e+06,2.03333e+07,0,0,0,6.97641e+07
85.139,85.139,3.80366,0.23,1,2.95808,3.26048,0,0.554276,4.47552,4.42214e+06,2.70226e+06,1.30811e+07,0,0,0,0,47.4274,61.308,2.32871,0,1,2.21274,1.91034,0,1.70939,2.96352,9.19011e+06,3.61194e+06,2.03353e+07,0,0,0,6.97641e+07
85.139,85.139,3.38682,0.2,1,2.95845,3.26085,0,0.554344,4.47552,4.42214e+06,2.70226e+06,1.30827e+07,0,0,0,0,47.15,61.308,2.12671,0,1,2.21295,1.91055,0,1.70956,2.96352,9.19011e+06,3.61194e+06,2.03373e+07,0,0,0,6.97641e+07
85.139,85.139,3.19171,0.18,1,2.95881,3.26121,0,0.554413,4.47552,4.42214e+06,2.70226e+06,1.30843e+07,0,0,0,0,46.8193,61.308,2.04532,0,1,2.21317,1.91077,0,1.70973,2.96352,9.19011e+06,3.61194e+06,2.03392e+07,0,0,0,6.97641e+07
85.0224,85.139,3.00706,0.18,1,2.95918,3.26158,0,0.554482,4.47552,4.42214e+06,2.70226e+06,1.30859e+07,0,0,0,0,46.2527,61.308,1.91178,0,1,2.21338,1.91098,0,1.70989,2.96352,9.19011e+06,3.61194e+06,2.03412e+07,0,0,0,6.97641e+07
84.3431,85.139,2.36537,0.24,1,2.93033,3.23273,0,0.55455,4.47552,4.42214e+06,2.70226e+06,1.29583e+07,0,0,0,0,45.451,61.308,1.51599,0,1,2.26747,1.96507,0,1.71006,2.96352,9.19011e+06,3.61194e+06,2.08383e+07,0,0,0,6.97641e+07
83.5453,85.139,2.24349,0.23,1,2.9307,3.2331,0,0.549144,4.47552,4.42214e+06,2.70226e+06,1.29599e+07,0,0,0,0,44.6863,61.308,1.41055,0,1,2.2677,1.9653,0,1.75185,2.96352,9.19011e+06,3.61194e+06,2.08404e+07,0,0,0,6.97641e+07
82.5609,85.139,2.04994,0.21,1,2.93106,3.23346,0,0.549212,4.47552,4.42214e+06,2.70226e+06,1.29616e+07,0,0,0,0,43.7839,61.308,1.42057,0,1,2.26792,1.96552,0,1.75202,2.96352,9.19011e+06,3.61194e+06,2.08424e+07,0,0,0,6.97641e+07
81.3895,85.139,1.85004,0.2,1,2.93142,3.23382,0,0.54928,4.47552,4.42214e+06,2.70226e+06,1.29632e+07,0,0,0,0,42.735,61.308,1.26134,0,1,2.26814,1.96574,0,1.75219,2.96352,9.19011e+06,3.61194e+06,2.08444e+07,0,0,0,6.97641e+07
79.9699,85.139,1.62417,0.2,1,3.00726,3.30966,0,0.549348,4.47552,4.42214e+06,2.70226e+06,1.32985e+07,0,0,0,0,41.7583,61.308,1.08744,0,1,2.3164,2.014,0,1.75236,2.96352,9.19011e+06,3.61194e+06,2.12879e+07,0,0,0,6.97641e+07
78.698,85.139,1.77329,0.18,1,3.00764,3.31004,0,0.563561,4.47552,4.42214e+06,2.70226e+06,1.33002e+07,0,0,0,0,40.8709,61.308,1.3129,0,1,2.31662,2.01422,0,1.78965,2.96352,9.19011e+06,3.61194e+06,2.129e+07,0,0,0,6.97641e+07
77.2833,85.139,1.60467,0.22,1,3.00801,3.31041,0,0.563631,4.47552,4.42214e+06,2.70226e+06,1.33018e+07,0,0,0,0,39.8047,61.308,1.26922,0,1,2.31685,2.01445,0,1.78982,2.96352,9.19011e+06,3.61194e+06,2.12921e+07,0,0,0,6.97641e+07
75.7393,85.139,1.46109,0.22,1,3.00838,3.31078,0,0.563701,4.47552,4.42214e+06,2.70226e+06,1.33035e+07,0,0,0,0,38.8629,61.308,1.09772,0,1,2.31708,2.01468,0,1.79,2.96352,9.19011e+06,3.61194e+06,2.12942e+07,0,0,0,6.97641e+07
74.1126,85.139,1.54476,0.22,1,3.22989,3.53229,0,0.56377,4.47552,4.42214e+06,2.70226e+06,1.4283e+07,0,0,0,0,37.5013,61.308,1.27294,0,1,2.49078,2.18838,0,1.79017,2.96352,9.19011e+06,3.61194e+06,2.28905e+07,0,0,0,6.97641e+07
72.2077,85.139,1.28962,0.23,1,3.28707,3.53269,0,0.605281,4.47552,4.42214e+06,2.70226e+06,1.45359e+07,0,0,0,0,36.1553,61.308,0.697781,0,1,2.43424,2.18862,0,1.92437,2.96352,9.19011e+06,3.61194e+06,2.23709e+07,0,0,0,6.97641e+07
70.4396,85.139,1.42393,0.26,1,3.28771,3.53308,0,0.615997,4.47552,4.42214e+06,2.70226e+06,1.45387e+07,0,0,0,0,34.6894,61.308,0.86547,0,1,2.43424,2.18887,0,1.88069,2.96352,9.19011e+06,3.61194e+06,2.23709e+07,0,0,0,6.97641e+07
68.4185,85.139,1.15416,0.26,1,3.28836,3.53348,0,0.616118,4.47552,4.42214e+06,2.70226e+06,1.45416e+07,0,0,0,0,33.5488,61.308,0.607768,0,1,2.43424,2.18911,0,1.88069,2.96352,9.19011e+06,3.61194e+06,2.23709e+07,0,0,0,6.97641e+07
66.6849,85.139,1.41829,0.26,1,3.289,3.53388,0,0.616238,4.47552,4.42214e+06,2.70226e+06,1.45444e+07,0,0,0,0,32.3762,61.308,1.11822,0,1,2.43424,2.18936,0,1.88069,2.96352,9.19011e+06,3.61194e+06,2.23709e+07,0,0,0,6.97641e+07
65.3151,85.139,1.74341,0.3,1,3.18181,3.42644,0,0.616359,4.47552,4.42214e+06,2.70226e+06,1.40704e+07,0,0,0,0,31.5297,61.308,0.937843,0,1,2.32889,2.08425,0,1.88069,2.96352,9.19011e+06,3.61194e+06,2.14027e+07,0,0,0,6.97641e+07
64.0372,85.139,1.80428,0.3,1,3.12442,3.42682,0,0.596271,4.47552,4.42214e+06,2.70226e+06,1.38166e+07,0,0,0,0,31.0983,61.308,1.36175,0,1,2.38689,2.08449,0,1.7993,2.96352,9.19011e+06,3.61194e+06,2.19358e+07,0,0,0,6.97641e+07
62.8194,85.139,1.852,0.29,1,3.12481,3.42721,0,0.585517,4.47552,4.42214e+06,2.70226e+06,1.38183e+07,0,0,0,0,30.539,61.308,1.75839,0,1,2.38712,2.08472,0,1.84411,2.96352,9.19011e+06,3.61194e+06,2.19379e+07,0,0,0,6.97641e+07
61.4531,85.139,1.68089,0.31,1,3.12519,3.42759,0,0.585589,4.47552,4.42214e+06,2.70226e+06,1.382e+07,0,0,0,0,30.1448,61.308,1.37816,0,1,2.38736,2.08496,0,1.84429,2.96352,9.19011e+06,3.61194e+06,2.19401e+07,0,0,0,6.97641e+07
59.8831,85.139,1.43051,0.33,1,3.03703,3.33943,0,0.585661,4.47552,4.42214e+06,2.70226e+06,1.34302e+07,0,0,0,0,29.7492,61.308,2.1172,0,1,2.29165,1.98925,0,1.84447,2.96352,9.19011e+06,3.61194e+06,2.10605e+07,0,0,0,6.97641e+07
58.3238,85.139,1.52207,0.34,1,3.0374,3.3398,0,0.569139,4.47552,4.42214e+06,2.70226e+06,1.34318e+07,0,0,0,0,29.3765,61.308,1.56218,0,1,2.29188,1.98948,0,1.77053,2.96352,9.19011e+06,3.61194e+06,2.10626e+07,0,0,0,6.97641e+07
58.1998,85.139,3.02044,0.34,1,3.03778,3.34018,0,0.569209,4.47552,4.42214e+06,2.70226e+06,1.34335e+07,0,0,0,0,29.5347,61.308,3.42916,0,1,2.2921,1.9897,0,1.7707,2.96352,9.19011e+06,3.61194e+06,2.10646e+07,0,0,0,6.97641e+07
57.1388,85.139,1.99497,0.35,1,3.03815,3.34055,0,0.569279,4.47552,4.42214e+06,2.70226e+06,1.34351e+07,0,0,0,0,29.659,61.308,3.47053,0,1,2.29232,1.98992,0,1.77088,2.96352,9.19011e+06,3.61194e+06,2.10667e+07,0,0,0,6.97641e+07
56.8509,85.139,2.6481,0.35,1,2.78692,3.08932,0,0.56935,4.47552,4.42214e+06,2.70226e+06,1.23241e+07,0,0,0,0,29.4644,61.308,2.35019,0,1,2.09264,1.79024,0,1.77105,2.96352,9.19011e+06,3.61194e+06,1.92316e+07,0,0,0,6.97641e+07
56.0132,85.139,2.09695,0.37,1,2.78726,3.08966,0,0.522268,4.47552,4.42214e+06,2.70226e+06,1.23257e+07,0,0,0,0,29.4158,61.308,2.56692,0,1,2.09284,1.79044,0,1.61678,2.96352,9.19011e+06,3.61194e+06,1.92335e+07,0,0,0,6.97641e+07
55.3791,85.139,2.02513,0.42,1,2.49961,3.09001,0,0.522333,4.47552,4.42214e+06,3.63146e+06,1.10536e+07,0,0,0,0,29.2674,61.308,2.17955,0,1,1.92615,1.79064,0,1.61693,2.96352,9.19011e+06,4.85394e+06,1.77015e+07,0,0,0,6.97641e+07
54.5355,85.139,1.83204,0.46,1,2.49993,3.09036,0,0.468427,4.47552,4.42214e+06,3.63146e+06,1.1055e+07,0,0,0,0,29.1364,61.308,2.21149,0,1,1.92633,1.79085,0,1.48814,2.96352,9.19011e+06,4.85394e+06,1.77032e+07,0,0,0,6.97641e+07
54.7891,85.139,2.89957,0.48,1,2.50024,3.09071,0,0.468486,4.47552,4.42214e+06,3.63146e+06,1.10564e+07,0,0,0,0,29.007,61.308,2.4896,0,1,1.92651,1.79105,0,1.48828,2.96352,9.19011e+06,4.85394e+06,1.77049e+07,0,0,0,6.97641e+07
58.6952,85.139,6.75765,0.5,1,2.58835,3.18787,0,0.468545,4.47552,4.42214e+06,3.63146e+06,1.14461e+07,0,0,0,0,28.9921,61.308,2.84586,0,1,1.97921,1.84916,0,1.48843,2.96352,9.19011e+06,4.85394e+06,1.81892e+07,0,0,0,6.97641e+07
63.0951,85.139,7.30068,0.48,1,2.58865,3.18821,0,0.485057,4.47552,4.42214e+06,3.63146e+06,1.14474e+07,0,0,0,0,28.9702,61.308,2.74222,0,1,1.97939,1.84935,0,1.52914,3.38688,9.19011e+06,4.85394e+06,1.81908e+07,0,0,0,6.97641e+07
67.1371,85.139,6.97724,0.42,1,2.58896,3.18854,0,0.485114,4.47552,4.42214e+06,3.63146e+06,1.14487e+07,0,0,0,0,28.9582,61.308,2.78431,0,1,1.97956,1.84954,0,1.52927,3.38688,9.19011e+06,4.85394e+06,1.81924e+07,0,0,0,6.97641e+07
71.5527,85.139,7.47407,0.43,1,2.58926,3.18887,0,0.48517,4.47552,4.42214e+06,3.63146e+06,1.14501e+07,0,0,0,0,28.9084,61.308,2.69341,0,1,1.97974,1.84974,0,1.52941,3.38688,9.19011e+06,4.85394e+06,1.8194e+07,0,0,0,6.97641e+07
75.7833,85.139,7.87458,0.36,1,3.19787,3.50027,0,0.485227,4.47552,4.42214e+06,2.70226e+06,1.41414e+07,0,0,0,0,28.9565,61.308,3.5032,0,1,2.36984,2.06744,0,1.52954,3.38688,9.19011e+06,3.61194e+06,2.17791e+07,0,0,0,6.97641e+07
83.0197,85.139,11.1894,0.33,1,3.19824,3.50064,0,0.599281,4.47552,4.42214e+06,2.70226e+06,1.41431e+07,0,0,0,0,29.625,61.308,6.12768,0,1,2.37006,2.06766,0,1.83094,3.38688,9.19011e+06,3.61194e+06,2.17811e+07,0,0,0,6.97641e+07
85.139,85.139,7.0469,0.29,1,3.1986,3.501,0,0.59935,4.47552,4.42214e+06,2.70226e+06,1.41447e+07,0,0,0,0,29.7582,61.308,3.81054,0,1,2.37027,2.06787,0,1.83111,3.38688,9.19011e+06,3.61194e+06,2.17831e+07,0,0,0,6.97641e+07
85.139,85.139,7.99773,0.23,1,3.19897,3.50137,0,0.599418,4.47552,4.42214e+06,2.70226e+06,1.41463e+07,0,0,0,0,29.7682,61.308,3.28604,0,1,2.37049,2.06809,0,1.83127,3.38688,9.19011e+06,3.61194e+06,2.17851e+07,0,0,0,6.97641e+07
85.139,85.139,6.90167,0.26,1,2.75547,3.05787,0,0.599487,4.47552,4.42214e+06,2.70226e+06,1.21851e+07,0,0,0,0,29.9303,61.308,3.96376,0,1,2.07868,1.77628,0,1.83144,3.38688,9.19011e+06,3.61194e+06,1.91033e+07,0,0,0,6.97641e+07
85.139,85.139,8.37153,0.27,1,2.75579,3.05819,0,0.516374,4.47552,4.42214e+06,2.70226e+06,1.21865e+07,0,0,0,0,30.0875,61.308,4.75121,0,1,2.07887,1.77647,0,1.60599,3.38688,9.19011e+06,3.61194e+06,1.9105e+07,0,0,0,6.97641e+07
85.139,85.139,6.87671,0.28,1,2.7561,3.0585,0,0.516434,4.47552,4.42214e+06,2.70226e+06,1.21879e+07,0,0,0,0,29.8862,61.308,3.32705,0,1,2.07905,1.77665,0,1.60613,3.38688,9.19011e+06,3.61194e+06,1.91067e+07,0,0,0,6.97641e+07
85.139,85.139,6.60461,0.3,1,2.75642,3.05882,0,0.516494,4.47552,4.42214e+06,2.70226e+06,1.21893e+07,0,0,0,0,29.7888,61.308,3.39909,0,1,2.07924,1.77684,0,1.60627,3.38688,9.19011e+06,3.61194e+06,1.91084e+07,0,0,0,6.97641e+07
85.139,85.139,11.4756,0.32,1,2.75674,3.05914,0,0.516554,4.47552,4.42214e+06,2.70226e+06,1.21907e+07,0,0,0,0,30.0935,61.308,6.30053,0,1,2.07942,1.77702,0,1.60642,3.38688,9.19011e+06,3.61194e+06,1.91101e+07,0,0,0,6.97641e+07
85.139,85.139,8.21704,0.35,1,2.86885,3.17125,0,0.516614,4.47552,4.42214e+06,2.70226e+06,1.26864e+07,0,0,0,0,30.1609,61.308,4.0251,0,1,2.15108,1.84868,0,1.60656,3.38688,9.19011e+06,3.61194e+06,1.97687e+07,0,0,0,6.97641e+07
85.139,85.139,6.74933,0.35,1,2.86918,3.17158,0,0.537622,4.47552,4.42214e+06,2.70226e+06,1.26879e+07,0,0,0,0,30.1709,61.308,3.98013,0,1,2.15128,1.84888,0,1.66193,3.38688,9.19011e+06,3.61194e+06,1.97705e+07,0,0,0,6.97641e+07
85.139,85.139,7.512,0.36,1,2.86951,3.17191,0,0.537684,4.47552,4.42214e+06,2.70226e+06,1.26894e+07,0,0,0,0,30.3383,61.308,3.90928,0,1,2.15147,1.84907,0,1.66208,3.38688,9.19011e+06,3.61194e+06,1.97722e+07,0,0,0,6.97641e+07
85.139,85.139,6.22348,0.36,1,2.86984,3.17224,0,0.537746,4.47552,4.42214e+06,2.70226e+06,1.26908e+07,0,0,0,0,30.369,61.308,3.77633,0,1,2.15166,1.84926,0,1.66223,3.38688,9.19011e+06,3.61194e+06,1.9774e+07,0,0,0,6.97641e+07
85.139,85.139,4.34473,0.36,1,2.82645,3.12885,0,0.537808,4.47552,4.42214e+06,2.70226e+06,1.24989e+07,0,0,0,0,30.0399,61.308,2.32974,0,1,2.12408,1.82168,0,1.66237,3.38688,9.19011e+06,3.61194e+06,1.95206e+07,0,0,0,6.97641e+07
85.139,85.139,3.46861,0.3,1,2.82677,3.12917,0,0.529676,4.47552,4.42214e+06,2.70226e+06,1.25004e+07,0,0,0,0,29.6208,61.308,1.9354,0,1,2.12427,1.82187,0,1.64107,3.38688,9.19011e+06,3.61194e+06,1.95223e+07,0,0,0,6.97641e+07
85.139,85.139,5.00803,0.31,1,2.8271,3.1295,0,0.529737,4.47552,4.42214e+06,2.70226e+06,1.25018e+07,0,0,0,0,29.2682,61.308,2.18377,0,1,2.12446,1.82206,0,1.64121,3.38688,9.19011e+06,3.61194e+06,1.9524e+07,0,0,0,6.97641e+07
85.139,85.139,3.78881,0.28,1,2.82742,3.12982,0,0.529798,4.47552,4.42214e+06,2.70226e+06,1.25033e+07,0,0,0,0,28.7721,61.308,1.97188,0,1,2.12465,1.82225,0,1.64136,3.38688,9.19011e+06,3.61194e+06,1.95258e+07,0,0,0,6.97641e+07
84.9656,85.139,3.11921,0.26,1,2.97624,3.27864,0,0.529859,4.47552,4.42214e+06,2.70226e+06,1.31613e+07,0,0,0,0,28.0672,61.308,1.68292,0,1,2.22337,1.92097,0,1.64151,3.38688,9.19011e+06,3.61194e+06,2.04331e+07,0,0,0,6.97641e+07
85.139,85.139,3.44995,0.35,1,2.97658,3.27898,0,0.557747,4.47552,4.42214e+06,2.70226e+06,1.31628e+07,0,0,0,0,27.3589,61.308,1.54907,0,1,2.22357,1.92117,0,1.71778,3.38688,9.19011e+06,3.61194e+06,2.04349e+07,0,0,0,6.97641e+07
85.0363,85.139,3.08652,0.21,1,2.97692,3.27932,0,0.557811,4.47552,4.42214e+06,2.70226e+06,1.31644e+07,0,0,0,0,26.6905,61.308,1.46203,0,1,2.22378,1.92138,0,1.71793,3.38688,9.19011e+06,3.61194e+06,2.04367e+07,0,0,0,6.97641e+07
84.7721,85.139,2.89847,0.3,1,2.97726,3.27966,0,0.557875,4.47552,4.42214e+06,2.70226e+06,1.31659e+07,0,0,0,0,25.9738,61.308,1.47678,0,1,2.22398,1.92158,0,1.71809,3.38688,9.19011e+06,3.61194e+06,2.04386e+07,0,0,0,6.97641e+07
84.4011,85.139,2.78288,0.3,1,2.9776,3.28,0,0.557939,4.47552,4.42214e+06,2.70226e+06,1.31674e+07,0,0,0,0,25.313,61.308,1.42359,0,1,2.22418,1.92178,0,1.71824,3.38688,9.19011e+06,3.61194e+06,2.04404e+07,0,0,0,6.97641e+07
83.936,85.139,2.67167,0.25,1,2.94857,3.25097,0,0.558003,4.47552,4.42214e+06,2.70226e+06,1.3039e+07,0,0,0,0,24.7283,61.308,1.48553,0,1,2.27856,1.97616,0,1.7184,3.38688,9.19011e+06,3.61194e+06,2.09402e+07,0,0,0,6.97641e+07
83.4745,85.139,2.66716,0.23,1,2.94891,3.25131,0,0.552561,4.47552,4.42214e+06,2.70226e+06,1.30405e+07,0,0,0,0,24.1963,61.308,1.59502,0,1,2.27876,1.97636,0,1.76041,3.38688,9.19011e+06,3.61194e+06,2.09421e+07,0,0,0,6.97641e+07
82.9197,85.139,2.55778,0.23,1,2.94924,3.25164,0,0.552625,4.47552,4.42214e+06,2.70226e+06,1.3042e+07,0,0,0,0,23.486,61.308,1.59542,0,1,2.27897,1.97657,0,1.76057,3.38688,9.19011e+06,3.61194e+06,2.0944e+07,0,0,0,6.97641e+07
82.1046,85.139,2.25894,0.2,1,2.94958,3.25198,0,0.552688,4.47552,4.42214e+06,2.70226e+06,1.30435e+07,0,0,0,0,22.7081,61.308,1.41716,0,1,2.27918,1.97678,0,1.76073,3.38688,9.19011e+06,3.61194e+06,2.09459e+07,0,0,0,6.97641e+07
81.149,85.139,2.16161,0.2,1,3.02583,3.32823,0,0.552752,4.47552,4.42214e+06,2.70226e+06,1.33806e+07,0,0,0,0,21.9911,61.308,1.39029,0,1,2.32769,2.02529,0,1.76089,3.38688,9.19011e+06,3.61194e+06,2.13917e+07,0,0,0,6.97641e+07
80.4997,85.139,2.46898,0.2,1,3.02617,3.32857,0,0.56704,4.47552,4.42214e+06,2.70226e+06,1.33822e+07,0,0,0,0,21.4602,61.308,1.54958,0,1,2.3279,2.0255,0,1.79837,3.38688,9.19011e+06,3.61194e+06,2.13937e+07,0,0,0,6.97641e+07
79.6937,85.139,2.2876,0.2,1,3.02652,3.32892,0,0.567105,4.47552,4.42214e+06,2.70226e+06,1.33837e+07,0,0,0,0,20.7609,61.308,1.59297,0,1,2.32811,2.02571,0,1.79854,3.38688,9.19011e+06,3.61194e+06,2.13956e+07,0,0,0,6.97641e+07
78.7286,85.139,2.11892,0.2,1,3.02687,3.32927,0,0.56717,4.47552,4.42214e+06,2.70226e+06,1.33852e+07,0,0,0,0,20.1882,61.308,1.41547,0,1,2.32833,2.02593,0,1.7987,3.38688,9.19011e+06,3.61194e+06,2.13976e+07,0,0,0,6.97641e+07
77.6331,85.139,2.15826,0.23,1,3.24958,3.55198,0,0.567235,4.47552,4.42214e+06,2.70226e+06,1.43701e+07,0,0,0,0,19.1753,61.308,1.59892,0,1,2.50298,2.20058,0,1.79886,3.38688,9.19011e+06,3.61194e+06,2.30026e+07,0,0,0,6.97641e+07
75.3596,85.139,0.888453,0.24,1,3.24996,3.55236,0,0.608972,4.47552,4.42214e+06,2.70226e+06,1.43718e+07,0,0,0,0,18.0397,61.308,1.01393,0,1,2.50321,2.20081,0,1.9338,3.38688,9.19011e+06,3.61194e+06,2.30048e+07,0,0,0,6.97641e+07
73.1565,85.139,0.938911,0.24,1,3.25033,3.55273,0,0.609042,4.47552,4.42214e+06,2.70226e+06,1.43734e+07,0,0,0,0,17.0803,61.308,0.999989,0,1,2.50344,2.20104,0,1.93398,3.38688,9.19011e+06,3.61194e+06,2.30069e+07,0,0,0,6.97641e+07
71.4063,85.139,1.40804,0.27,1,3.2507,3.5531,0,0.609111,4.47552,4.42214e+06,2.70226e+06,1.4375e+07,0,0,0,0,16.2136,61.308,1.19598,0,1,2.50367,2.20127,0,1.93416,3.38688,9.19011e+06,3.61194e+06,2.3009e+07,0,0,0,6.97641e+07
70.2008,85.139,1.975,0.27,1,3.25107,3.55347,0,0.60918,4.47552,4.42214e+06,2.70226e+06,1.43767e+07,0,0,0,0,15.4336,61.308,1.31784,0,1,2.5039,2.2015,0,1.93433,3.38688,9.19011e+06,3.61194e+06,2.30111e+07,0,0,0,6.97641e+07
68.2727,85.139,1.14944,0.27,1,3.14301,3.44541,0,0.60925,4.47552,4.42214e+06,2.70226e+06,1.38988e+07,0,0,0,0,14.5505,61.308,1.30828,0,1,2.39819,2.09579,0,1.93451,3.38688,9.19011e+06,3.61194e+06,2.20396e+07,0,0,0,6.97641e+07
66.2098,85.139,0.996563,0.27,1,3.14336,3.44576,0,0.588999,4.47552,4.42214e+06,2.70226e+06,1.39004e+07,0,0,0,0,13.4777,61.308,1.1286,0,1,2.39841,2.09601,0,1.85284,3.38688,9.19011e+06,3.61194e+06,2.20416e+07,0,0,0,6.97641e+07
64.0071,85.139,0.848426,0.31,1,3.14372,3.44612,0,0.589067,4.47552,4.42214e+06,2.70226e+06,1.3902e+07,0,0,0,0,12.6951,61.308,1.01488,0,1,2.39863,2.09623,0,1.85301,3.38688,9.19011e+06,3.61194e+06,2.20437e+07,0,0,0,6.97641e+07
62.7536,85.139,1.71877,0.31,1,3.14408,3.44648,0,0.589134,4.47552,4.42214e+06,2.70226e+06,1.39036e+07,0,0,0,0,12.151,61.308,1.39113,0,1,2.39885,2.09645,0,1.85318,3.38688,9.19011e+06,3.61194e+06,2.20457e+07,0,0,0,6.97641e+07
63.4866,85.139,3.80669,0.31,1,3.0554,3.3578,0,0.589201,4.47552,4.42214e+06,2.70226e+06,1.35114e+07,0,0,0,0,11.8186,61.308,2.04897,0,1,2.3026,2.0002,0,1.85335,3.38688,9.19011e+06,3.61194e+06,2.11611e+07,0,0,0,6.97641e+07
62.5233,85.139,2.09463,0.31,1,3.05575,3.35815,0,0.572582,4.47552,4.42214e+06,2.70226e+06,1.3513e+07,0,0,0,0,11.506,61.308,1.88701,0,1,2.30281,2.00041,0,1.77899,3.38688,9.19011e+06,3.61194e+06,2.1163e+07,0,0,0,6.97641e+07
61.9203,85.139,2.45229,0.32,1,3.0561,3.3585,0,0.572648,4.47552,4.42214e+06,2.70226e+06,1.35145e+07,0,0,0,0,11.499,61.308,3.42333,0,1,2.30302,2.00062,0,1.77915,3.38688,9.19011e+06,3.61194e+06,2.1165e+07,0,0,0,6.97641e+07
60.6533,85.139,1.7874,0.35,1,3.05645,3.35885,0,0.572714,4.47552,4.42214e+06,2.70226e+06,1.35161e+07,0,0,0,0,11.2271,61.308,2.36181,0,1,2.30322,2.00082,0,1.77931,3.38688,9.19011e+06,3.61194e+06,2.11669e+07,0,0,0,6.97641e+07
63.2355,85.139,5.6917,0.35,1,2.80382,3.10622,0,0.572779,4.47552,4.42214e+06,2.70226e+06,1.23989e+07,0,0,0,0,11.2101,61.308,3.88015,0,1,2.10244,1.80004,0,1.77947,3.38688,9.19011e+06,3.61194e+06,1.93216e+07,0,0,0,6.97641e+07
64.1674,85.139,3.87497,0.33,1,2.80414,3.10654,0,0.525435,4.47552,4.42214e+06,2.70226e+06,1.24003e+07,0,0,0,0,11.3925,61.308,4.04711,0,1,2.10262,1.80022,0,1.62434,3.38688,9.19011e+06,3.61194e+06,1.93233e+07,0,0,0,6.97641e+07
68.7777,85.139,7.81387,0.34,1,2.80446,3.10686,0,0.525496,4.47552,4.42214e+06,2.70226e+06,1.24017e+07,0,0,0,0,12.4588,61.308,6.3261,0,1,2.10281,1.80041,0,1.62449,3.38688,9.19011e+06,3.61194e+06,1.93251e+07,0,0,0,6.97641e+07
72.0119,85.139,6.30524,0.31,1,2.80479,3.10719,0,0.525557,4.47552,4.42214e+06,2.70226e+06,1.24032e+07,0,0,0,0,12.692,61.308,4.49327,0,1,2.103,1.8006,0,1.62463,3.38688,9.19011e+06,3.61194e+06,1.93268e+07,0,0,0,6.97641e+07
73.7221,85.139,4.92855,0.32,1,2.80511,3.10751,0,0.525617,4.47552,4.42214e+06,2.70226e+06,1.24046e+07,0,0,0,0,12.4798,61.308,3.14856,0,1,2.10319,1.80079,0,1.62478,3.38688,9.19011e+06,3.61194e+06,1.93285e+07,0,0,0,6.97641e+07
75.6921,85.139,5.16872,0.33,1,2.80511,3.10751,0,0.525678,4.47552,4.42214e+06,2.70226e+06,1.24046e+07,0,0,0,0,12.2279,61.308,2.74601,0,1,2.10319,1.80079,0,1.62492,3.38688,9.19011e+06,3.61194e+06,1.93285e+07,0,0,0,6.97641e+07
76.8769,85.139,4.40675,0.29,1,2.90278,3.20518,0,0.525678,6.048,4.42214e+06,2.70226e+06,1.28365e+07,0,0,0,0,11.934,61.308,2.18045,0,0.04,2.1616,1.8592,0,1.62492,3.38688,9.19011e+06,3.61194e+06,1.98653e+07,0,0,0,6.97641e+07
79.6255,85.139,6.15005,0.31,1,2.90309,3.20549,0,0.543982,6.048,4.42214e+06,2.70226e+06,1.28379e+07,0,0,0,0,12.1791,61.308,3.74684,0,0.04,2.16178,1.85938,0,1.67005,3.38688,9.19011e+06,3.61194e+06,1.9867e+07,0,0,0,6.97641e+07
82.8897,85.139,6.65002,0.26,1,2.9034,3.2058,0,0.54404,6.048,4.42214e+06,2.70226e+06,1.28393e+07,0,0,0,0,12.1373,61.308,4.05302,0,0.04,2.16196,1.85956,0,1.67019,3.38688,9.19011e+06,3.61194e+06,1.98686e+07,0,0,0,6.97641e+07
84.0438,85.139,4.45772,0.28,1,2.90371,3.20611,0,0.544098,6.048,4.42214e+06,2.70226e+06,1.28406e+07,0,0,0,0,11.9657,61.308,2.39874,0,0.04,2.16214,1.85974,0,1.67033,3.38688,9.19011e+06,3.61194e+06,1.98703e+07,0,0,0,6.97641e+07
84.2467,85.139,3.83618,0.29,1,3.21677,3.51917,0,0.544155,6.048,4.42214e+06,2.70226e+06,1.4225e+07,0,0,0,0,11.6485,61.308,2.54291,0,0.04,2.381,2.0786,0,1.67047,3.38688,9.19011e+06,3.61194e+06,2.18817e+07,0,0,0,6.97641e+07
85.139,85.139,6.19141,0.29,1,3.21711,3.51951,0,0.602822,6.048,4.42214e+06,2.70226e+06,1.42265e+07,0,0,0,0,11.6114,61.308,4.33417,0,0.04,2.3812,2.0788,0,1.83956,3.38688,9.19011e+06,3.61194e+06,2.18835e+07,0,0,0,6.97641e+07
85.139,85.139,4.28603,0.24,1,3.21745,3.51985,0,0.602886,6.048,4.42214e+06,2.70226e+06,1.4228e+07,0,0,0,0,11.2748,61.308,2.98258,0,0.04,2.3814,2.079,0,1.83972,3.38688,9.19011e+06,3.61194e+06,2.18854e+07,0,0,0,6.97641e+07
85.139,85.139,3.6606,0.26,1,3.21778,3.52018,0,0.602949,6.048,4.42214e+06,2.70226e+06,1.42295e+07,0,0,0,0,10.8315,61.308,2.9348,0,0.04,2.3816,2.0792,0,1.83987,3.38688,9.19011e+06,3.61194e+06,2.18872e+07,0,0,0,6.97641e+07
85.139,85.139,8.96757,0.28,1,2.77188,3.07428,0,0.603013,6.048,4.42214e+06,2.70226e+06,1.22576e+07,0,0,0,0,10.7027,61.308,4.97377,0,0.04,2.08821,1.78581,0,1.84003,3.38688,9.19011e+06,3.61194e+06,1.91909e+07,0,0,0,6.97641e+07
85.139,85.139,5.92481,0.29,1,2.77217,3.07457,0,0.519449,6.048,4.42214e+06,2.70226e+06,1.22589e+07,0,0,0,0,10.5762,61.308,3.97693,0,0.04,2.08838,1.78598,0,1.61335,3.38688,9.19011e+06,3.61194e+06,1.91925e+07,0,0,0,6.97641e+07
85.139,85.139,4.25825,0.32,1,2.77247,3.07487,0,0.519505,6.048,4.42214e+06,2.70226e+06,1.22602e+07,0,0,0,0,10.3048,61.308,3.75458,0,0.04,2.08856,1.78616,0,1.61349,3.38688,9.19011e+06,3.61194e+06,1.91941e+07,0,0,0,6.97641e+07
85.139,85.139,5.67518,0.33,1,2.77276,3.07516,0,0.51956,6.048,4.42214e+06,2.70226e+06,1.22616e+07,0,0,0,0,10.0716,61.308,3.41958,0,0.04,2.08873,1.78633,0,1.61362,3.38688,9.19011e+06,3.61194e+06,1.91956e+07,0,0,0,6.97641e+07
85.139,85.139,5.88633,0.37,1,2.77306,3.07546,0,0.519616,6.048,4.42214e+06,2.70226e+06,1.22629e+07,0,0,0,0,9.74043,61.308,3.07751,0,0.04,2.0889,1.7865,0,1.61375,3.38688,9.19011e+06,3.61194e+06,1.91972e+07,0,0,0,6.97641e+07
85.139,85.139,6.71302,0.38,1,2.88574,3.18814,0,0.519672,6.048,4.42214e+06,2.70226e+06,1.27611e+07,0,0,0,0,9.34726,61.308,2.47518,0,0.04,2.16093,1.85853,0,1.61388,3.38688,9.19011e+06,3.61194e+06,1.98592e+07,0,0,0,6.97641e+07
85.139,85.139,7.17323,0.36,1,2.88605,3.18845,0,0.540787,6.048,4.42214e+06,2.70226e+06,1.27625e+07,0,0,0,0,8.98789,61.308,2.64118,0,0.04,2.16111,1.85871,0,1.66954,3.38688,9.19011e+06,3.61194e+06,1.98608e+07,0,0,0,6.97641e+07
85.139,85.139,7.4648,0.37,1,2.88635,3.18875,0,0.540845,6.048,4.42214e+06,2.70226e+06,1.27639e+07,0,0,0,0,8.76192,61.308,3.36508,0,0.04,2.16129,1.85889,0,1.66967,3.38688,9.19011e+06,3.61194e+06,1.98625e+07,0,0,0,6.97641e+07
85.139,85.139,6.48508,0.38,1,2.88666,3.18906,0,0.540903,6.048,4.42214e+06,2.70226e+06,1.27652e+07,0,0,0,0,8.40253,61.308,2.91729,0,0.04,2.16147,1.85907,0,1.66981,3.38688,9.19011e+06,3.61194e+06,1.98641e+07,0,0,0,6.97641e+07
85.139,85.139,5.53921,0.34,1,2.84301,3.14541,0,0.54096,6.048,4.42214e+06,2.70226e+06,1.25722e+07,0,0,0,0,7.99106,61.308,1.92728,0,0.04,2.13373,1.83133,0,1.66995,3.38688,9.19011e+06,3.61194e+06,1.96092e+07,0,0,0,6.97641e+07
85.139,85.139,5.13539,0.32,1,2.84331,3.14571,0,0.53278,6.048,4.42214e+06,2.70226e+06,1.25735e+07,0,0,0,0,7.55101,61.308,1.93679,0,0.04,2.1339,1.8315,0,1.64852,3.38688,9.19011e+06,3.61194e+06,1.96108e+07,0,0,0,6.97641e+07
85.139,85.139,4.53932,0.3,1,2.84362,3.14602,0,0.532837,6.048,4.42214e+06,2.70226e+06,1.25749e+07,0,0,0,0,7.07317,61.308,2.17701,0,0.04,2.13408,1.83168,0,1.64865,3.38688,9.19011e+06,3.61194e+06,1.96124e+07,0,0,0,6.97641e+07
85.139,85.139,3.68871,0.29,1,2.84392,3.14632,0,0.532894,6.048,4.42214e+06,2.70226e+06,1.25762e+07,0,0,0,0,6.57358,61.308,2.0052,0,0.04,2.13426,1.83186,0,1.64879,3.38688,9.19011e+06,3.61194e+06,1.96141e+07,0,0,0,6.97641e+07
85.139,85.139,4.02554,0.25,1,2.99349,3.29589,0,0.532951,6.048,4.42214e+06,2.70226e+06,1.32376e+07,0,0,0,0,6.10793,61.308,1.9852,0,0.04,2.23348,1.93108,0,1.64893,3.38688,9.19011e+06,3.61194e+06,2.0526e+07,0,0,0,6.97641e+07
85.139,85.139,3.62336,0.22,1,2.99381,3.29621,0,0.56098,6.048,4.42214e+06,2.70226e+06,1.3239e+07,0,0,0,0,5.62099,61.308,1.82525,0,0.04,2.23367,1.93127,0,1.72559,3.38688,9.19011e+06,3.61194e+06,2.05277e+07,0,0,0,6.97641e+07
85.139,85.139,3.51937,0.22,1,2.99412,3.29652,0,0.561039,6.048,4.42214e+06,2.70226e+06,1.32404e+07,0,0,0,0,5.06055,61.308,1.65711,0,0.04,2.23386,1.93146,0,1.72573,3.38688,9.19011e+06,3.61194e+06,2.05294e+07,0,0,0,6.97641e+07
84.8297,85.139,3.08731,0.21,1,3.29684,3.29684,0,0.561099,6.048,4.42214e+06,2.70226e+06,1.45791e+07,0,0,0,0,4.39823,61.308,1.54477,0.02,0.04,1.93164,1.93164,0,1.72588,3.38688,9.19011e+06,3.61194e+06,1.7752e+07,0,0,0,6.97641e+07
83.6224,85.139,2.15098,0.27,1,3.29716,3.29716,0,0.617828,6.048,4.42214e+06,2.70226e+06,1.45805e+07,0,0,0,0,3.68869,61.308,1.48659,0.01,0.04,1.93183,1.93183,0,1.49239,3.38688,9.19011e+06,3.61194e+06,1.77537e+07,0,0,0,6.97641e+07
82.0325,85.139,1.73133,0.23,1,3.26794,3.26794,0,0.617888,6.048,4.42214e+06,2.70226e+06,1.44513e+07,0,0,0,0,2.89677,61.308,1.44612,0.01,0.04,1.98648,1.98648,0,1.49253,3.38688,9.19011e+06,3.61194e+06,1.8256e+07,0,0,0,6.97641e+07
80.3477,85.139,1.61725,0.23,1,3.26826,3.26826,0,0.612413,6.048,4.42214e+06,2.70226e+06,1.44527e+07,0,0,0,0,2.02512,61.308,1.29211,0.01,0.04,1.98667,1.98667,0,1.53475,3.38688,9.19011e+06,3.61194e+06,1.82577e+07,0,0,0,6.97641e+07
78.6277,85.139,1.56051,0.2,1,3.26857,3.26857,0,0.612472,6.048,4.42214e+06,2.70226e+06,1.44541e+07,0,0,0,0,0.963868,61.308,1.22439,0.01,0.04,1.98686,1.98686,0,1.5349,3.38688,9.19011e+06,3.61194e+06,1.82595e+07,0,0,0,6.97641e+07
77.0284,85.139,1.37744,0.26,1,2.96649,3.26889,0,0.612531,6.048,4.42214e+06,2.70226e+06,1.31182e+07,0,0,0,0,0.389727,61.308,1.00682,0,0.04,0.963868,1.98705,1.32559,1.53505,3.38688,9.19011e+06,3.61194e+06,8.85805e+06,0,0,0,6.97641e+07
75.2439,85.139,1.25013,0.24,1,3.0431,3.3455,0,0.55592,6.048,4.42214e+06,2.70226e+06,1.3457e+07,0,0,0,0,0.421973,61.308,0.803329,0,0.04,0.389727,2.0358,1.94848,0.744684,3.38688,9.19011e+06,3.61194e+06,3.58164e+06,0,0,0,6.97641e+07
73.1282,85.139,1.14317,0.24,1,3.34582,3.34582,0,0.570277,6.048,4.42214e+06,2.70226e+06,1.47957e+07,0,0,0,0,0.332535,61.308,0.804961,0.01,0.04,0.421973,2.036,1.61403,0.301103,3.38688,9.19011e+06,3.61194e+06,3.87798e+06,0,0,0,6.97641e+07
71.1879,85.139,1.04895,0.29,1,3.04375,3.34615,0,0.627007,6.048,4.42214e+06,2.70226e+06,1.34599e+07,0,0,0,0,0.42439,61.308,0.701481,0,0.04,0.332535,2.0362,2.00606,0.326016,3.38688,9.19011e+06,3.61194e+06,3.05603e+06,0,0,0,6.97641e+07
69.0798,85.139,1.10373,0.29,1,3.34647,3.34647,0,0.570398,6.048,4.42214e+06,2.70226e+06,1.47986e+07,0,0,0,0,0.363413,61.308,0.832753,0.01,0.04,0.42439,2.03639,1.612,0.256916,3.38688,9.19011e+06,3.61194e+06,3.90019e+06,0,0,0,6.97641e+07
66.6772,85.139,0.950192,0.27,1,3.57031,3.57031,0,0.627128,6.048,4.42214e+06,2.70226e+06,1.57884e+07,0,0,0,0,0.300003,61.308,0.710295,0.01,0.04,0.363413,2.21193,1.84852,0.327884,3.38688,9.19011e+06,3.61194e+06,3.33981e+06,0,0,0,6.97641e+07
64.1801,85.139,0.818981,0.29,1,3.57065,3.57065,0,0.669076,6.048,4.42214e+06,2.70226e+06,1.57899e+07,0,0,0,0,0.309473,61.308,0.648739,0.01,0.04,0.300003,2.21214,1.91214,0.280773,3.38688,9.19011e+06,3.61194e+06,2.75706e+06,0,0,0,6.97641e+07
61.7762,85.139,0.883057,0.29,1,3.571,3.571,0,0.66914,6.048,4.42214e+06,2.70226e+06,1.57914e+07,0,0,0,0,0.411584,61.308,0.654174,0.01,0.04,0.309473,2.21236,1.90288,0.231782,3.38688,9.19011e+06,3.61194e+06,2.84409e+06,0,0,0,6.97641e+07
59.843,85.139,1.36731,0.35,1,3.57134,3.57134,0,0.669205,6.048,4.42214e+06,2.70226e+06,1.5793e+07,0,0,0,0,0.655062,61.308,0.784739,0.01,0.04,0.411584,2.21257,1.80099,0.239099,3.38688,9.19011e+06,3.61194e+06,3.7825e+06,0,0,0,6.97641e+07
58.3125,85.139,1.76096,0.35,1,3.57168,3.57168,0,0.669269,6.048,4.42214e+06,2.70226e+06,1.57945e+07,0,0,0,0,0.949234,61.308,1.06033,0.01,0.04,0.655062,2.21278,1.55772,0.31799,3.38688,9.19011e+06,3.61194e+06,6.02009e+06,0,0,0,6.97641e+07
56.8086,85.139,1.6745,0.34,1,3.46304,3.46304,0,0.669334,6.048,4.42214e+06,2.70226e+06,1.53141e+07,0,0,0,0,1.13719,61.308,1.30279,0.01,0.04,0.949234,2.10652,1.15728,0.506101,3.38688,9.19011e+06,3.61194e+06,8.72357e+06,0,0,0,6.97641e+07
55.0415,85.139,1.38842,0.34,1,3.46338,3.46338,0,0.648974,6.048,4.42214e+06,2.70226e+06,1.53155e+07,0,0,0,0,0.926804,61.308,2.14878,0.01,0.04,1.13719,2.10672,0.969531,0.733378,3.38688,9.19011e+06,3.61194e+06,1.04509e+07,0,0,0,6.97641e+07
53.0765,85.139,1.16172,0.35,1,3.46371,3.46371,0,0.649037,6.048,4.42214e+06,2.70226e+06,1.5317e+07,0,0,0,0,1.03468,61.308,1.11916,0.01,0.04,0.926804,2.10693,1.18012,0.878594,3.38688,9.19011e+06,3.61194e+06,8.51743e+06,0,0,0,6.97641e+07
51.5262,85.139,1.61096,0.35,1,3.46404,3.46404,0,0.649099,6.048,4.42214e+06,2.70226e+06,1.53185e+07,0,0,0,0,1.13568,61.308,1.42216,0.01,0.04,1.03468,2.10713,1.07245,0.716049,3.38688,9.19011e+06,3.61194e+06,9.5088e+06,0,0,0,6.97641e+07
51.1696,85.139,2.88157,0.37,1,3.37488,3.37488,0,0.649162,6.048,4.42214e+06,2.70226e+06,1.49242e+07,0,0,0,0,1.35638,61.308,2.87512,0.01,0.04,1.13568,2.01037,0.874698,0.799392,3.38688,9.19011e+06,3.61194e+06,1.0437e+07,0,0,0,6.97641e+07
51.0678,85.139,3.1379,0.37,1,3.37521,3.37521,0,0.632453,6.048,4.42214e+06,2.70226e+06,1.49256e+07,0,0,0,0,1.69646,61.308,3.99128,0.01,0.04,1.35638,2.01057,0.654192,0.877423,3.38688,9.19011e+06,3.61194e+06,1.24652e+07,0,0,0,6.97641e+07
50.8199,85.139,2.77234,0.44,1,3.06092,3.37553,0,0.632514,6.048,4.42214e+06,3.63146e+06,1.35358e+07,0,0,0,0,1.68177,61.308,3.71493,0.01,0.04,1.69646,2.01076,0.126888,1.04794,3.38688,9.19011e+06,4.85394e+06,1.55907e+07,0,0,0,6.97641e+07
52.8725,85.139,5.23082,0.46,1,3.06122,3.37586,0,0.573617,6.048,4.42214e+06,3.63146e+06,1.35371e+07,0,0,0,0,1.73731,61.308,5.083,0.01,0.04,1.68177,2.01095,0.141753,1.31069,3.38688,9.19011e+06,4.85394e+06,1.54557e+07,0,0,0,6.97641e+07
54.1536,85.139,4.26201,0.42,1,2.83094,3.12192,0,0.573672,6.048,4.42214e+06,3.63146e+06,1.25188e+07,0,0,0,0,1.59618,61.308,3.45303,0.01,0.04,1.64052,1.80913,0,1.29934,3.38688,9.19011e+06,4.85394e+06,1.50765e+07,0,0,0,6.97641e+07
56.2753,85.139,5.19495,0.44,1,2.83122,3.12222,0,0.530519,6.048,4.42214e+06,3.63146e+06,1.252e+07,0,0,0,0,1.71069,61.308,4.34847,0.01,0.04,1.59618,1.80931,0.0444968,1.26746,3.38688,9.19011e+06,4.85394e+06,1.46691e+07,0,0,0,6.97641e+07
58.2501,85.139,5.17304,0.48,1,2.83149,3.12252,0,0.53057,6.048,4.42214e+06,3.63146e+06,1.25212e+07,0,0,0,0,1.81887,61.308,3.78335,0.01,0.04,1.64083,1.80948,0,1.23321,3.38688,9.19011e+06,4.85394e+06,1.50794e+07,0,0,0,6.97641e+07
57.7018,85.139,2.48382,0.46,1,2.83176,3.12282,0,0.530621,6.048,4.42214e+06,3.63146e+06,1.25225e+07,0,0,0,0,1.64151,61.308,2.21378,0.01,0.04,1.64099,1.80966,0,1.26771,3.38688,9.19011e+06,4.85394e+06,1.50809e+07,0,0,0,6.97641e+07
60.8935,85.139,6.41223,0.46,1,2.83204,3.12312,0,0.530672,6.048,4.42214e+06,3.63146e+06,1.25237e+07,0,0,0,0,2.30294,61.308,5.1874,0.01,0.04,1.64115,1.80983,0,1.26783,3.38688,9.19011e+06,4.85394e+06,1.50823e+07,0,0,0,6.97641e+07
66.286,85.139,8.99861,0.5,0.02,2.92103,3.22126,0,0.530723,6.048,4.42214e+06,3.63146e+06,1.29172e+07,0,0,0,0,3.36815,61.308,6.4204,0.01,0.04,1.69437,1.86852,0,1.26795,3.38688,9.19011e+06,4.85394e+06,1.55715e+07,0,0,0,6.97641e+07
69.5027,85.139,6.71727,0.46,0.02,2.92129,3.22154,0,0.5474,6.048,4.42214e+06,3.63146e+06,1.29183e+07,0,0,0,0,3.51294,61.308,3.6695,0.01,0.04,1.69452,1.86869,0,1.30907,3.38688,9.19011e+06,4.85394e+06,1.55728e+07,0,0,0,6.97641e+07
71.9991,85.139,6.18278,0.37,0.02,3.22183,3.22183,0,0.547449,6.048,4.42214e+06,2.70226e+06,1.42474e+07,0,0,0,0,3.49957,61.308,3.19818,0.01,0.04,1.86886,1.86886,0,1.30919,3.38688,9.19011e+06,3.61194e+06,1.7175e+07,0,0,0,6.97641e+07
73.3814,85.139,4.94093,0.38,0.02,3.22212,3.22212,0,0.603771,6.048,4.42214e+06,2.70226e+06,1.42486e+07,0,0,0,0,3.32849,61.308,2.69551,0.01,0.04,1.86902,1.86902,0,1.44388,3.38688,9.19011e+06,3.61194e+06,1.71765e+07,0,0,0,6.97641e+07
73.641,85.139,4.09244,0.39,0.02,3.47078,3.53671,0,0.603824,6.048,4.42214e+06,3.02621e+06,1.53483e+07,0,0,0,0,3.47852,61.308,2.95576,0.01,0.04,2.05002,2.08896,0,1.44401,3.38688,9.19011e+06,4.04495e+06,1.88399e+07,0,0,0,6.97641e+07
73.6184,85.139,3.56853,0.41,0.02,3.20736,3.53702,0,0.650424,6.048,4.42214e+06,3.63146e+06,1.41834e+07,0,0,0,0,3.67561,61.308,3.03875,0.01,0.04,1.89443,2.08915,0,1.58385,3.38688,9.19011e+06,4.85394e+06,1.741e+07,0,0,0,6.97641e+07
74.0622,85.139,4.01993,0.41,0.02,3.20764,3.53733,0,0.601059,6.048,4.42214e+06,3.63146e+06,1.41846e+07,0,0,0,0,3.88951,61.308,3.22882,0.01,0.04,1.8946,2.08933,0,1.46364,3.38688,9.19011e+06,4.85394e+06,1.74116e+07,0,0,0,6.97641e+07
74.1709,85.139,3.95136,0.37,0.02,3.53765,3.53765,0,0.601112,6.048,4.42214e+06,2.70226e+06,1.5644e+07,0,0,0,0,4.14839,61.308,3.56897,0.01,0.04,2.08952,2.08952,0,1.46377,3.38688,9.19011e+06,3.61194e+06,1.92029e+07,0,0,0,6.97641e+07
74.2259,85.139,3.45964,0.39,0.02,3.03191,3.0895,0,0.662955,6.048,4.42214e+06,3.02621e+06,1.34075e+07,0,0,0,0,4.33273,61.308,3.6735,0.02,0.04,1.7612,1.79466,0,1.61436,3.38688,9.19011e+06,4.04495e+06,1.61856e+07,0,0,0,6.97641e+07
75.9378,85.139,5.08066,0.46,0.02,2.8018,3.08977,0,0.56818,6.048,4.42214e+06,3.63146e+06,1.23899e+07,0,0,0,0,4.81527,61.308,4.27011,0.03,0.04,1.62753,1.79481,0,1.3607,3.38688,9.19011e+06,4.85394e+06,1.49572e+07,0,0,0,6.97641e+07
78.9546,85.139,6.42828,0.52,0.02,2.80204,3.09005,0,0.525057,6.048,4.42214e+06,3.63146e+06,1.2391e+07,0,0,0,0,5.17132,61.308,4.2828,0.03,0.04,1.62768,1.79497,0,1.25743,3.38688,9.19011e+06,4.85394e+06,1.49585e+07,0,0,0,6.97641e+07
80.7803,85.139,4.93395,0.59,0.02,2.49989,3.09032,0,0.525103,6.048,4.42214e+06,3.63146e+06,1.10549e+07,0,0,0,0,5.50052,61.308,4.26573,0,0.04,1.93022,1.79513,0,1.25754,3.38688,9.19011e+06,4.85394e+06,1.77389e+07,0,0,0,6.97641e+07
82.4409,85.139,4.71801,0.47,0.02,2.50014,3.0906,0,0.46848,6.048,4.42214e+06,3.63146e+06,1.1056e+07,0,0,0,0,5.77251,61.308,3.80255,0,0.04,1.93036,1.79529,0,1.49129,3.38688,9.19011e+06,4.85394e+06,1.77403e+07,0,0,0,6.97641e+07
82.969,85.139,3.70776,0.48,0.02,2.6028,3.2038,0,0.468526,6.048,4.42214e+06,3.63146e+06,1.15099e+07,0,0,0,0,5.90937,61.308,3.03002,0,0.04,1.99599,1.86766,0,1.4914,3.38688,9.19011e+06,4.85394e+06,1.83434e+07,0,0,0,6.97641e+07
82.8395,85.139,2.97365,0.49,0.02,2.60305,3.20409,0,0.487764,6.048,4.42214e+06,3.63146e+06,1.15111e+07,0,0,0,0,5.87244,61.308,2.82042,0,0.04,1.99614,1.86783,0,1.5421,3.38688,9.19011e+06,4.85394e+06,1.83447e+07,0,0,0,6.97641e+07
82.809,85.139,3.0631,0.48,0.02,2.60331,3.20437,0,0.487812,6.048,4.42214e+06,3.63146e+06,1.15122e+07,0,0,0,0,5.74196,61.308,2.94974,0,0.04,1.99629,1.86799,0,1.54222,3.38688,9.19011e+06,4.85394e+06,1.83461e+07,0,0,0,6.97641e+07
82.743,85.139,2.9811,0.49,0.02,2.60357,3.20465,0,0.487861,6.048,4.42214e+06,3.63146e+06,1.15133e+07,0,0,0,0,5.46927,61.308,2.70093,0,0.04,1.99644,1.86816,0,1.54233,3.38688,9.19011e+06,4.85394e+06,1.83475e+07,0,0,0,6.97641e+07
82.2887,85.139,2.4664,0.48,0.02,2.56377,3.16077,0,0.487909,6.048,4.42214e+06,3.63146e+06,1.13374e+07,0,0,0,0,5.2414,61.308,2.04228,0,0.04,1.97115,1.84027,0,1.54245,3.38688,9.19011e+06,4.85394e+06,1.81151e+07,0,0,0,6.97641e+07
81.6127,85.139,2.22869,0.47,0.02,2.56402,3.16105,0,0.480451,6.048,4.42214e+06,3.63146e+06,1.13385e+07,0,0,0,0,5.10949,61.308,2.10272,0,0.04,1.9713,1.84043,0,1.52291,3.38688,9.19011e+06,4.85394e+06,1.81164e+07,0,0,0,6.97641e+07
81.8215,85.139,3.40199,0.46,0.02,2.86668,3.16133,0,0.480498,6.048,4.42214e+06,3.63146e+06,1.26769e+07,0,0,0,0,5.144,61.308,2.47399,0.03,0.04,1.66904,1.84059,0,1.52302,3.38688,9.19011e+06,4.85394e+06,1.53387e+07,0,0,0,6.97641e+07
81.2649,85.139,2.31252,0.43,0.02,2.56453,3.16161,0,0.537216,6.048,4.42214e+06,3.63146e+06,1.13407e+07,0,0,0,0,4.94178,61.308,2.18735,0,0.04,1.97159,1.84076,0,1.2895,3.38688,9.19011e+06,4.85394e+06,1.81191e+07,0,0,0,6.97641e+07
80.0187,85.139,2.23717,0.38,0.02,3.31188,3.31188,0,0.480593,6.048,4.42214e+06,2.70226e+06,1.46456e+07,0,0,0,0,4.83854,61.308,1.98161,0.03,0.04,1.94045,1.94045,0,1.52325,3.38688,9.19011e+06,3.61194e+06,1.78329e+07,0,0,0,6.97641e+07
78.9144,85.139,2.30305,0.34,0.02,3.31217,3.31217,0,0.620645,6.048,4.42214e+06,2.70226e+06,1.46469e+07,0,0,0,0,4.73918,61.308,2.24315,0.03,0.04,1.94062,1.94062,0,1.49919,3.38688,9.19011e+06,3.61194e+06,1.78345e+07,0,0,0,6.97641e+07
77.8538,85.139,2.03751,0.43,0.02,3.00373,3.31246,0,0.6207,6.048,4.42214e+06,3.63146e+06,1.32829e+07,0,0,0,0,4.35746,61.308,1.88024,0.02,0.04,1.7599,1.94079,0,1.49932,3.38688,9.19011e+06,4.85394e+06,1.61737e+07,0,0,0,6.97641e+07
76.692,85.139,1.91931,0.41,0.02,3.00399,3.31276,0,0.562899,6.048,4.42214e+06,3.63146e+06,1.32841e+07,0,0,0,0,4.03882,61.308,1.61481,0.02,0.04,1.76006,1.94096,0,1.3597,3.38688,9.19011e+06,4.85394e+06,1.61751e+07,0,0,0,6.97641e+07
75.2607,85.139,1.88554,0.36,0.02,3.31305,3.31305,0,0.562949,6.048,4.42214e+06,2.70226e+06,1.46508e+07,0,0,0,0,3.70094,61.308,1.85802,0.01,0.04,1.94114,1.94114,0,1.35982,3.38688,9.19011e+06,3.61194e+06,1.78393e+07,0,0,0,6.97641e+07
73.7581,85.139,1.77361,0.31,0.02,3.28367,3.28367,0,0.620865,6.048,4.42214e+06,2.70226e+06,1.45208e+07,0,0,0,0,3.36431,61.308,1.95268,0.01,0.04,1.99604,1.99604,0,1.49972,3.38688,9.19011e+06,3.61194e+06,1.83438e+07,0,0,0,6.97641e+07
72.3711,85.139,1.62185,0.42,0.02,2.97788,3.28396,0,0.615359,6.048,4.42214e+06,3.63146e+06,1.31686e+07,0,0,0,0,3.02174,61.308,1.96856,0.02,0.04,1.81016,1.99621,0,1.54214,3.38688,9.19011e+06,4.85394e+06,1.66356e+07,0,0,0,6.97641e+07
70.5926,85.139,1.46415,0.36,0.02,3.28425,3.28425,0,0.558055,6.048,4.42214e+06,2.70226e+06,1.45234e+07,0,0,0,0,2.64941,61.308,1.74406,0.02,0.04,1.99639,1.99639,0,1.39853,3.38688,9.19011e+06,3.61194e+06,1.8347e+07,0,0,0,6.97641e+07
68.7673,85.139,1.37659,0.35,0.02,3.28454,3.28454,0,0.615468,6.048,4.42214e+06,2.70226e+06,1.45247e+07,0,0,0,0,2.22869,61.308,1.69617,0.02,0.04,1.99657,1.99657,0,1.54241,3.38688,9.19011e+06,3.61194e+06,1.83487e+07,0,0,0,6.97641e+07
67.066,85.139,1.54179,0.3,0.02,3.36149,3.36149,0,0.615523,6.048,4.42214e+06,2.70226e+06,1.4865e+07,0,0,0,0,1.86534,61.308,1.89456,0.01,0.04,2.04553,2.04553,0,1.54255,3.38688,9.19011e+06,3.61194e+06,1.87987e+07,0,0,0,6.97641e+07
65.3456,85.139,1.506,0.37,0.02,3.36179,3.36179,0,0.629943,6.048,4.42214e+06,2.70226e+06,1.48663e+07,0,0,0,0,1.46675,61.308,1.98539,0.01,0.04,1.86534,2.04572,0.180375,1.58038,3.38688,9.19011e+06,3.61194e+06,1.71427e+07,0,0,0,6.97641e+07
63.552,85.139,1.40634,0.35,0.02,3.36209,3.36209,0,0.629999,6.048,4.42214e+06,2.70226e+06,1.48676e+07,0,0,0,0,1.26446,61.308,1.88668,0.01,0.04,1.46675,2.0459,0.579145,1.44116,3.38688,9.19011e+06,3.61194e+06,1.34796e+07,0,0,0,6.97641e+07
61.6691,85.139,1.29077,0.32,0.02,3.36238,3.36238,0,0.630055,6.048,4.42214e+06,2.70226e+06,1.48689e+07,0,0,0,0,1.26087,61.308,1.76,0.01,0.04,1.26446,2.04608,0.781622,1.13321,3.38688,9.19011e+06,3.61194e+06,1.16205e+07,0,0,0,6.97641e+07
59.7622,85.139,1.4149,0.37,0.02,3.58726,3.58726,0,0.630111,6.048,4.42214e+06,2.70226e+06,1.58634e+07,0,0,0,0,1.12013,61.308,1.9754,0.01,0.04,1.26087,2.22243,0.96156,0.976918,3.38688,9.19011e+06,3.61194e+06,1.15876e+07,0,0,0,6.97641e+07
57.4981,85.139,1.04498,0.34,0.02,3.58758,3.58758,0,0.672253,6.048,4.42214e+06,2.70226e+06,1.58648e+07,0,0,0,0,1.16851,61.308,1.39364,0.01,0.04,1.12013,2.22263,1.1025,0.974151,3.38688,9.19011e+06,3.61194e+06,1.02941e+07,0,0,0,6.97641e+07
55.3686,85.139,1.13733,0.34,0.02,3.5879,3.5879,0,0.672312,6.048,4.42214e+06,2.70226e+06,1.58662e+07,0,0,0,0,1.28104,61.308,1.84376,0.01,0.04,1.16851,2.22283,1.05432,0.865409,3.38688,9.19011e+06,3.61194e+06,1.07387e+07,0,0,0,6.97641e+07
53.1927,85.139,1.05828,0.38,0.02,3.58821,3.58821,0,0.672372,6.048,4.42214e+06,2.70226e+06,1.58676e+07,0,0,0,0,1.12008,61.308,1.64946,0.01,0.04,1.28104,2.22302,0.941988,0.90279,3.38688,9.19011e+06,3.61194e+06,1.17729e+07,0,0,0,6.97641e+07
51.2938,85.139,1.3229,0.37,0.02,3.58853,3.58853,0,0.672431,6.048,4.42214e+06,2.70226e+06,1.5869e+07,0,0,0,0,1.28631,61.308,1.54183,0.01,0.04,1.12008,2.22322,1.10314,0.989728,3.38688,9.19011e+06,3.61194e+06,1.02937e+07,0,0,0,6.97641e+07
49.6789,85.139,1.52981,0.37,0.02,3.47935,3.47935,0,0.672491,6.048,4.42214e+06,2.70226e+06,1.53862e+07,0,0,0,0,1.61047,61.308,2.48753,0.01,0.04,1.28631,2.11644,0.830128,0.865376,3.38688,9.19011e+06,3.61194e+06,1.18213e+07,0,0,0,6.97641e+07
48.1542,85.139,1.35071,0.4,0.02,3.15534,3.47966,0,0.65203,6.048,4.42214e+06,3.63146e+06,1.39534e+07,0,0,0,0,1.08693,61.308,1.72392,0.01,0.04,1.61047,2.11663,0.308875,0.993803,3.38688,9.19011e+06,4.85394e+06,1.48004e+07,0,0,0,6.97641e+07
46.2288,85.139,1.10661,0.39,0.02,3.4151,3.47996,0,0.591311,6.048,4.42214e+06,3.02621e+06,1.5102e+07,0,0,0,0,1.25584,61.308,1.3649,0.01,0.04,1.08693,2.11681,0.990423,1.24425,3.38688,9.19011e+06,4.04495e+06,9.98902e+06,0,0,0,6.97641e+07
45.1544,85.139,1.81261,0.4,0.02,3.1559,3.48027,0,0.639989,6.048,4.42214e+06,3.63146e+06,1.39558e+07,0,0,0,0,1.20015,61.308,1.82418,0.01,0.04,1.25584,2.117,0.663852,0.839763,3.38688,9.19011e+06,4.85394e+06,1.15413e+07,0,0,0,6.97641e+07
44.6751,85.139,2.36732,0.52,0.02,3.07465,3.39067,0,0.591415,6.048,4.42214e+06,3.63146e+06,1.35965e+07,0,0,0,0,0.80743,61.308,1.39467,0.01,0.04,1.20015,2.01978,0.631377,0.970259,3.38688,9.19011e+06,4.85394e+06,1.10295e+07,0,0,0,6.97641e+07
43.8008,85.139,1.96793,0.53,0.02,3.07492,3.39097,0,0.576189,6.048,4.42214e+06,3.63146e+06,1.35977e+07,0,0,0,0,1.21678,61.308,1.00712,0.01,0.04,0.80743,2.01996,1.02426,0.927235,3.38688,9.19011e+06,4.85394e+06,7.42037e+06,0,0,0,6.97641e+07
43.8975,85.139,2.96687,0.55,0.02,3.07519,3.39127,0,0.57624,6.048,4.42214e+06,3.63146e+06,1.35989e+07,0,0,0,0,1.63887,61.308,2.7718,0.01,0.04,1.21678,2.02013,0.615067,0.62382,3.38688,9.19011e+06,4.85394e+06,1.11824e+07,0,0,0,6.97641e+07
48.0185,85.139,7.20926,0.57,0.02,3.07546,3.39157,0,0.576291,6.048,4.42214e+06,3.63146e+06,1.36001e+07,0,0,0,0,2.43139,61.308,4.8405,0.01,0.04,1.63887,2.02031,0.193138,0.940087,3.38688,9.19011e+06,4.85394e+06,1.50614e+07,0,0,0,6.97641e+07
48.6724,85.139,3.43605,0.5,0.02,2.8441,3.13642,0,0.576342,6.048,4.42214e+06,3.63146e+06,1.2577e+07,0,0,0,0,2.22816,61.308,1.74465,0.01,0.04,1.64814,1.81754,0,1.26619,3.38688,9.19011e+06,4.85394e+06,1.51466e+07,0,0,0,6.97641e+07
49.4328,85.139,3.67711,0.52,0.02,2.84435,3.1367,0,0.532984,6.048,4.42214e+06,3.63146e+06,1.25781e+07,0,0,0,0,1.95267,61.308,2.12864,0.01,0.04,1.64828,1.8177,0,1.27335,3.38688,9.19011e+06,4.85394e+06,1.51479e+07,0,0,0,6.97641e+07
50.0638,85.139,3.48188,0.54,0.02,2.8446,3.13698,0,0.533031,6.048,4.42214e+06,3.63146e+06,1.25792e+07,0,0,0,0,1.66155,61.308,1.80237,0.01,0.04,1.64843,1.81786,0,1.27346,3.38688,9.19011e+06,4.85394e+06,1.51493e+07,0,0,0,6.97641e+07
50.3271,85.139,3.17211,0.55,0.02,2.84485,3.13726,0,0.533078,6.048,4.42214e+06,3.63146e+06,1.25803e+07,0,0,0,0,1.43657,61.308,1.89372,0.01,0.04,1.64858,1.81802,0,1.27358,3.38688,9.19011e+06,4.85394e+06,1.51506e+07,0,0,0,6.97641e+07
54.1045,85.139,6.70084,0.62,0.02,2.8451,3.13753,0,0.533125,6.048,4.42214e+06,3.63146e+06,1.25814e+07,0,0,0,0,1.6312,61.308,2.6085,0.01,0.04,1.43657,1.81818,0.212153,1.27369,3.38688,9.19011e+06,4.85394e+06,1.32022e+07,0,0,0,6.97641e+07
61.028,85.139,10.275,0.57,0.02,2.93448,3.2361,0,0.533172,6.048,4.42214e+06,3.63146e+06,1.29767e+07,0,0,0,0,2.3463,61.308,6.14711,0.03,0.04,1.70218,1.87713,0,1.10989,3.38688,9.19011e+06,4.85394e+06,1.56432e+07,0,0,0,6.97641e+07
63.278,85.139,5.59273,0.54,0.02,2.93472,3.23636,0,0.549922,6.048,4.42214e+06,3.63146e+06,1.29777e+07,0,0,0,0,2.6295,61.308,4.34155,0.03,0.04,1.70231,1.87728,0,1.3151,3.38688,9.19011e+06,4.85394e+06,1.56445e+07,0,0,0,6.97641e+07
66.8419,85.139,6.92124,0.47,0.02,2.93496,3.23662,0,0.549967,6.048,4.42214e+06,3.63146e+06,1.29788e+07,0,0,0,0,3.16677,61.308,4.92849,0.04,0.04,1.70245,1.87744,0,1.31521,3.38688,9.19011e+06,4.85394e+06,1.56457e+07,0,0,0,6.97641e+07
69.4623,85.139,6.32257,0.48,0.02,2.9352,3.23688,0,0.550011,6.048,4.42214e+06,3.63146e+06,1.29798e+07,0,0,0,0,4.25001,61.308,5.38085,0.06,0.04,1.70259,1.87759,0,1.31531,3.38688,9.19011e+06,4.85394e+06,1.5647e+07,0,0,0,6.97641e+07
72.8947,85.139,7.43285,0.39,0.02,3.48666,3.55289,0,0.550056,6.048,4.42214e+06,3.02621e+06,1.54185e+07,0,0,0,0,4.88563,61.308,4.70743,0.06,0.04,2.0594,2.09852,0,1.31542,3.38688,9.19011e+06,4.04495e+06,1.89261e+07,0,0,0,6.97641e+07
78.4604,85.139,9.70428,0.41,0.02,3.22201,3.55318,0,0.6534,6.048,4.42214e+06,3.63146e+06,1.42482e+07,0,0,0,0,5.91298,61.308,6.5852,0.06,0.04,1.90309,2.09869,0,1.5911,3.38688,9.19011e+06,4.85394e+06,1.74896e+07,0,0,0,6.97641e+07
81.8957,85.139,7.69623,0.36,0.02,3.55346,3.55346,0,0.603804,6.048,4.42214e+06,2.70226e+06,1.57139e+07,0,0,0,0,6.57137,61.308,4.63689,0.01,0.04,2.09886,2.09886,0,1.47032,3.38688,9.19011e+06,3.61194e+06,1.92888e+07,0,0,0,6.97641e+07
85.139,85.139,7.68979,0.32,0.02,3.55375,3.55375,0,0.665919,6.048,4.42214e+06,2.70226e+06,1.57152e+07,0,0,0,0,7.00891,61.308,4.96069,0.01,0.04,2.09903,2.09903,0,1.62158,3.38688,9.19011e+06,3.61194e+06,1.92903e+07,0,0,0,6.97641e+07
85.139,85.139,7.85215,0.28,0.02,3.10354,3.10354,0,0.665973,6.048,4.42214e+06,2.70226e+06,1.37243e+07,0,0,0,0,7.8322,61.308,5.92079,0.01,0.04,1.80281,1.80281,0,1.62171,3.38688,9.19011e+06,3.61194e+06,1.6568e+07,0,0,0,6.97641e+07
85.139,85.139,6.92229,0.29,0.02,3.10379,3.10379,0,0.581604,6.048,4.42214e+06,2.70226e+06,1.37254e+07,0,0,0,0,8.25191,61.308,4.64146,0.01,0.04,1.80296,1.80296,0,1.39285,3.38688,9.19011e+06,3.61194e+06,1.65694e+07,0,0,0,6.97641e+07
85.139,85.139,6.6497,0.31,0.02,3.10404,3.10404,0,0.581651,6.048,4.42214e+06,2.70226e+06,1.37265e+07,0,0,0,0,8.86887,61.308,4.79898,0.01,0.04,1.8031,1.8031,0,1.39297,3.38688,9.19011e+06,3.61194e+06,1.65707e+07,0,0,0,6.97641e+07
85.139,85.139,11.5701,0.34,0.02,3.1043,3.1043,0,0.581698,6.048,4.42214e+06,2.70226e+06,1.37276e+07,0,0,0,0,10.2379,61.308,8.7567,0.01,0.04,1.80325,1.80325,0,1.39308,3.38688,9.19011e+06,3.61194e+06,1.65721e+07,0,0,0,6.97641e+07
85.139,85.139,10.3605,0.37,0.02,2.80215,3.10455,0,0.581745,6.048,4.42214e+06,2.70226e+06,1.23915e+07,0,0,0,0,11.0584,61.308,6.34593,0,0.04,2.1058,1.8034,0,1.39319,3.38688,9.19011e+06,3.61194e+06,1.93525e+07,0,0,0,6.97641e+07
85.139,85.139,9.00714,0.39,0.02,2.85585,3.21824,0,0.525122,6.048,4.42214e+06,3.02621e+06,1.2629e+07,0,0,0,0,11.9337,61.308,5.59232,0,0.04,2.14351,1.87608,0,1.62694,3.38688,9.19011e+06,4.04495e+06,1.96991e+07,0,0,0,6.97641e+07
85.139,85.139,10.1324,0.39,0.02,2.85611,3.2185,0,0.535186,6.048,4.42214e+06,3.02621e+06,1.26301e+07,0,0,0,0,12.7879,61.308,5.06556,0,0.04,2.14366,1.87623,0,1.65607,3.38688,9.19011e+06,4.04495e+06,1.97004e+07,0,0,0,6.97641e+07
85.139,85.139,8.16055,0.38,0.02,2.91636,3.21876,0,0.535234,6.048,4.42214e+06,2.70226e+06,1.28966e+07,0,0,0,0,13.4437,61.308,5.04078,0,0.04,2.17878,1.87638,0,1.65619,3.38688,9.19011e+06,3.61194e+06,2.00232e+07,0,0,0,6.97641e+07
85.139,85.139,6.67888,0.38,0.02,2.91662,3.21902,0,0.546526,6.048,4.42214e+06,2.70226e+06,1.28977e+07,0,0,0,0,13.715,61.308,3.45387,0,0.04,2.17893,1.87653,0,1.68333,3.38688,9.19011e+06,3.61194e+06,2.00246e+07,0,0,0,6.97641e+07
85.139,85.139,7.04435,0.38,0.02,2.87251,3.17491,0,0.546575,6.048,4.42214e+06,2.70226e+06,1.27026e+07,0,0,0,0,14.0283,61.308,3.88722,0,0.04,2.1509,1.8485,0,1.68344,3.38688,9.19011e+06,3.61194e+06,1.9767e+07,0,0,0,6.97641e+07
85.139,85.139,6.25753,0.33,0.02,2.87277,3.17517,0,0.538309,6.048,4.42214e+06,2.70226e+06,1.27038e+07,0,0,0,0,14.1928,61.308,3.69325,0,0.04,2.15105,1.84865,0,1.66179,3.38688,9.19011e+06,3.61194e+06,1.97684e+07,0,0,0,6.97641e+07
85.139,85.139,5.79718,0.33,0.02,2.87303,3.17543,0,0.538357,6.048,4.42214e+06,2.70226e+06,1.27049e+07,0,0,0,0,14.2405,61.308,3.53827,0,0.04,2.1512,1.8488,0,1.6619,3.38688,9.19011e+06,3.61194e+06,1.97698e+07,0,0,0,6.97641e+07
85.139,85.139,5.38888,0.32,0.02,2.87328,3.17568,0,0.538405,6.048,4.42214e+06,2.70226e+06,1.27061e+07,0,0,0,0,14.2861,61.308,3.54654,0,0.04,2.15135,1.84895,0,1.66202,3.38688,9.19011e+06,3.61194e+06,1.97712e+07,0,0,0,6.97641e+07
85.139,85.139,5.39101,0.27,0.02,3.0242,3.3266,0,0.538453,6.048,4.42214e+06,2.70226e+06,1.33734e+07,0,0,0,0,14.4606,61.308,3.84831,0,0.04,2.25147,1.94907,0,1.66213,3.38688,9.19011e+06,3.61194e+06,2.06913e+07,0,0,0,6.97641e+07
85.139,85.139,4.76694,0.25,0.02,3.02446,3.32686,0,0.566734,6.048,4.42214e+06,2.70226e+06,1.33746e+07,0,0,0,0,14.4998,61.308,3.37995,0,0.04,2.25163,1.94923,0,1.73949,3.38688,9.19011e+06,3.61194e+06,2.06927e+07,0,0,0,6.97641e+07
85.139,85.139,4.24461,0.23,0.02,3.02473,3.32713,0,0.566785,6.048,4.42214e+06,2.70226e+06,1.33758e+07,0,0,0,0,14.4254,61.308,3.08801,0,0.04,2.25179,1.94939,0,1.73961,3.38688,9.19011e+06,3.61194e+06,2.06942e+07,0,0,0,6.97641e+07
85.139,85.139,3.90032,0.21,0.02,3.025,3.3274,0,0.566835,6.048,4.42214e+06,2.70226e+06,1.3377e+07,0,0,0,0,14.3264,61.308,3.04737,0,0.04,2.25195,1.94955,0,1.73973,3.38688,9.19011e+06,3.61194e+06,2.06956e+07,0,0,0,6.97641e+07
85.139,85.139,3.95182,0.21,0.02,3.02527,3.32767,0,0.566885,6.048,4.42214e+06,2.70226e+06,1.33782e+07,0,0,0,0,14.2333,61.308,2.93739,0,0.04,2.2521,1.9497,0,1.73985,3.38688,9.19011e+06,3.61194e+06,2.06971e+07,0,0,0,6.97641e+07
85.139,85.139,4.01176,0.19,0.02,2.99573,3.29813,0,0.566936,6.048,4.42214e+06,2.70226e+06,1.32476e+07,0,0,0,0,14.2406,61.308,3.16345,0,0.04,2.30723,2.00483,0,1.73998,3.38688,9.19011e+06,3.61194e+06,2.12037e+07,0,0,0,6.97641e+07
85.139,85.139,3.73026,0.17,0.02,2.996,3.2984,0,0.561401,6.048,4.42214e+06,2.70226e+06,1.32487e+07,0,0,0,0,14.2516,61.308,3.28642,0,0.04,2.30739,2.00499,0,1.78257,3.38688,9.19011e+06,3.61194e+06,2.12052e+07,0,0,0,6.97641e+07
85.139,85.139,3.6018,0.17,0.02,2.99627,3.29867,0,0.561451,6.048,4.42214e+06,2.70226e+06,1.32499e+07,0,0,0,0,14.2155,61.308,3.16718,0,0.04,2.30755,2.00515,0,1.78269,3.38688,9.19011e+06,3.61194e+06,2.12067e+07,0,0,0,6.97641e+07
85.139,85.139,3.40296,0.16,0.02,2.99653,3.29893,0,0.561501,6.048,4.42214e+06,2.70226e+06,1.32511e+07,0,0,0,0,14.1279,61.308,2.94556,0,0.04,2.30772,2.00532,0,1.78282,3.38688,9.19011e+06,3.61194e+06,2.12082e+07,0,0,0,6.97641e+07
85.139,85.139,3.2734,0.16,0.02,3.0738,3.3762,0,0.561551,6.048,4.42214e+06,2.70226e+06,1.35928e+07,0,0,0,0,13.9447,61.308,2.59434,0,0.04,2.35688,2.05448,0,1.78294,3.38688,9.19011e+06,3.61194e+06,2.166e+07,0,0,0,6.97641e+07
85.139,85.139,3.50433,0.16,0.02,3.07407,3.37647,0,0.57603,6.048,4.42214e+06,2.70226e+06,1.3594e+07,0,0,0,0,13.8179,61.308,3.07041,0,0.04,2.35705,2.05465,0,1.82093,3.38688,9.19011e+06,3.61194e+06,2.16615e+07,0,0,0,6.97641e+07
85.139,85.139,3.2389,0.16,0.02,3.07434,3.37674,0,0.576081,6.048,4.42214e+06,2.70226e+06,1.35952e+07,0,0,0,0,13.6072,61.308,2.95606,0,0.04,2.35722,2.05482,0,1.82106,3.38688,9.19011e+06,3.61194e+06,2.16631e+07,0,0,0,6.97641e+07
84.8802,85.139,2.94772,0.17,0.02,3.07462,3.37702,0,0.576132,6.048,4.42214e+06,2.70226e+06,1.35964e+07,0,0,0,0,13.3576,61.308,2.55606,0,0.04,2.35738,2.05498,0,1.82119,3.38688,9.19011e+06,3.61194e+06,2.16646e+07,0,0,0,6.97641e+07
84.6147,85.139,3.16078,0.2,0.02,3.30044,3.60284,0,0.576183,6.048,4.42214e+06,2.70226e+06,1.4595e+07,0,0,0,0,13.1787,61.308,3.37988,0,0.04,2.53449,2.23209,0,1.82131,3.38688,9.19011e+06,3.61194e+06,2.32922e+07,0,0,0,6.97641e+07
84.6344,85.139,3.49287,0.21,0.02,3.30074,3.60314,0,0.618503,6.048,4.42214e+06,2.70226e+06,1.45963e+07,0,0,0,0,13.0609,61.308,3.83125,0,0.04,2.53467,2.23227,0,1.95815,3.38688,9.19011e+06,3.61194e+06,2.32939e+07,0,0,0,6.97641e+07
83.9661,85.139,2.82233,0.21,0.02,3.30103,3.60343,0,0.618558,6.048,4.42214e+06,2.70226e+06,1.45976e+07,0,0,0,0,12.76,61.308,2.87713,0,0.04,2.53485,2.23245,0,1.95828,3.38688,9.19011e+06,3.61194e+06,2.32955e+07,0,0,0,6.97641e+07
83.8694,85.139,3.36502,0.21,0.02,3.30132,3.60372,0,0.618613,6.048,4.42214e+06,2.70226e+06,1.45989e+07,0,0,0,0,12.7957,61.308,4.74239,0,0.04,2.53503,2.23263,0,1.95842,3.38688,9.19011e+06,3.61194e+06,2.32972e+07,0,0,0,6.97641e+07
83.0024,85.139,2.60043,0.2,0.02,3.30161,3.60401,0,0.618667,6.048,4.42214e+06,2.70226e+06,1.46002e+07,0,0,0,0,12.685,61.308,4.10162,0,0.04,2.53521,2.23281,0,1.95856,3.38688,9.19011e+06,3.61194e+06,2.32989e+07,0,0,0,6.97641e+07
81.6299,85.139,2.06129,0.2,0.02,3.19193,3.49433,0,0.618722,6.048,4.42214e+06,2.70226e+06,1.41152e+07,0,0,0,0,12.3805,61.308,4.11239,0,0.04,2.42795,2.12555,0,1.9587,3.38688,9.19011e+06,3.61194e+06,2.23131e+07,0,0,0,6.97641e+07
79.942,85.139,1.70998,0.21,0.02,3.19221,3.49461,0,0.598168,6.048,4.42214e+06,2.70226e+06,1.41164e+07,0,0,0,0,12.0098,61.308,3.58948,0,0.04,2.42812,2.12572,0,1.87584,3.38688,9.19011e+06,3.61194e+06,2.23147e+07,0,0,0,6.97641e+07
79.0081,85.139,2.41405,0.19,0.02,3.19249,3.49489,0,0.598221,6.048,4.42214e+06,2.70226e+06,1.41177e+07,0,0,0,0,11.7354,61.308,4.41165,0,0.04,2.4283,2.1259,0,1.87597,3.38688,9.19011e+06,3.61194e+06,2.23163e+07,0,0,0,6.97641e+07
84.8303,85.139,9.39734,0.25,0.02,3.19278,3.49518,0,0.598274,6.048,4.42214e+06,2.70226e+06,1.41189e+07,0,0,0,0,12.0121,61.308,7.86986,0,0.04,2.42847,2.12607,0,1.8761,3.38688,9.19011e+06,3.61194e+06,2.23179e+07,0,0,0,6.97641e+07
84.3809,85.139,2.94084,0.2,0.02,3.10276,3.40516,0,0.598326,6.048,4.42214e+06,2.70226e+06,1.37209e+07,0,0,0,0,11.8183,61.308,4.0437,0,0.04,2.33081,2.02841,0,1.87623,3.38688,9.19011e+06,3.61194e+06,2.14204e+07,0,0,0,6.97641e+07
84.8747,85.139,3.90318,0.2,0.02,3.10304,3.40544,0,0.581458,6.048,4.42214e+06,2.70226e+06,1.37221e+07,0,0,0,0,11.6122,61.308,4.09243,0,0.04,2.33097,2.02857,0,1.80078,3.38688,9.19011e+06,3.61194e+06,2.14219e+07,0,0,0,6.97641e+07
84.8853,85.139,3.44019,0.2,0.02,3.10331,3.40571,0,0.581509,6.048,4.42214e+06,2.70226e+06,1.37233e+07,0,0,0,0,12.0565,61.308,8.78449,0,0.04,2.33114,2.02874,0,1.80091,3.38688,9.19011e+06,3.61194e+06,2.14234e+07,0,0,0,6.97641e+07
85.139,85.139,3.9513,0.21,0.02,3.10359,3.40599,0,0.581561,6.048,4.42214e+06,2.70226e+06,1.37245e+07,0,0,0,0,11.9628,61.308,4.01683,0,0.04,2.3313,2.0289,0,1.80104,3.38688,9.19011e+06,3.61194e+06,2.14249e+07,0,0,0,6.97641e+07
85.139,85.139,3.89784,0.21,0.02,2.84733,3.14973,0,0.581613,6.048,4.42214e+06,2.70226e+06,1.25913e+07,0,0,0,0,11.9666,61.308,5.16925,0,0.04,2.12765,1.82525,0,1.80116,3.38688,9.19011e+06,3.61194e+06,1.95534e+07,0,0,0,6.97641e+07
85.0763,85.139,3.21731,0.21,0.02,2.84759,3.14999,0,0.53359,6.048,4.42214e+06,2.70226e+06,1.25924e+07,0,0,0,0,12.0472,61.308,7.89615,0,0.04,2.1278,1.8254,0,1.64383,3.38688,9.19011e+06,3.61194e+06,1.95547e+07,0,0,0,6.97641e+07
85.139,85.139,5.63695,0.24,0.02,2.84784,3.15024,0,0.533638,6.048,4.42214e+06,2.70226e+06,1.25936e+07,0,0,0,0,12.05,61.308,6.48777,0,0.04,2.12795,1.82555,0,1.64394,3.38688,9.19011e+06,3.61194e+06,1.95561e+07,0,0,0,6.97641e+07
85.139,85.139,19.5813,0.22,0.02,2.8481,3.1505,0,0.533686,6.048,4.42214e+06,2.70226e+06,1.25947e+07,0,0,0,0,18.2963,61.308,14.4236,0,0.04,2.1281,1.8257,0,1.64405,3.38688,9.19011e+06,3.61194e+06,1.95574e+07,0,0,0,6.97641e+07
85.139,85.139,7.64157,0.22,0.02,2.84835,3.15075,0,0.533734,6.048,4.42214e+06,2.70226e+06,1.25958e+07,0,0,0,0,18.9486,61.308,8.03378,0,0.04,2.12824,1.82584,0,1.64417,3.38688,9.19011e+06,3.61194e+06,1.95588e+07,0,0,0,6.97641e+07
85.139,85.139,9.50084,0.22,0.02,2.94731,3.24971,0,0.533781,6.048,4.42214e+06,2.70226e+06,1.30334e+07,0,0,0,0,20.071,61.308,11.149,0,0.04,2.18743,1.88503,0,1.64428,3.38688,9.19011e+06,3.61194e+06,2.01027e+07,0,0,0,6.97641e+07
85.139,85.139,7.77211,0.23,0.02,2.94755,3.24995,0,0.552326,6.048,4.42214e+06,2.70226e+06,1.30345e+07,0,0,0,0,21.4838,61.308,7.58492,0,0.04,2.18756,1.88516,0,1.69001,3.38688,9.19011e+06,3.61194e+06,2.0104e+07,0,0,0,6.97641e+07
85.139,85.139,8.23512,0.24,0.02,2.94779,3.25019,0,0.55237,6.048,4.42214e+06,2.70226e+06,1.30355e+07,0,0,0,0,21.866,61.308,5.60918,0,0.04,2.1877,1.8853,0,1.69011,3.38688,9.19011e+06,3.61194e+06,2.01052e+07,0,0,0,6.97641e+07
85.139,85.139,6.58169,0.26,0.02,2.94802,3.25042,0,0.552415,6.048,4.42214e+06,2.70226e+06,1.30366e+07,0,0,0,0,22.3408,61.308,5.39562,0,0.04,2.18784,1.88544,0,1.69022,3.38688,9.19011e+06,3.61194e+06,2.01065e+07,0,0,0,6.97641e+07
85.139,85.139,8.24933,0.25,0.02,3.26533,3.56773,0,0.55246,6.048,4.42214e+06,2.70226e+06,1.44397e+07,0,0,0,0,23.0203,61.308,6.12036,0,0.04,2.40968,2.10728,0,1.69033,3.38688,9.19011e+06,3.61194e+06,2.21453e+07,0,0,0,6.97641e+07
85.139,85.139,6.49642,0.25,0.02,3.26559,3.56799,0,0.611922,6.048,4.42214e+06,2.70226e+06,1.44409e+07,0,0,0,0,23.6165,61.308,5.86217,0,0.04,2.40984,2.10744,0,1.86172,3.38688,9.19011e+06,3.61194e+06,2.21467e+07,0,0,0,6.97641e+07
85.139,85.139,5.03694,0.26,0.02,3.26585,3.56825,0,0.611971,6.048,4.42214e+06,2.70226e+06,1.4442e+07,0,0,0,0,23.7592,61.308,3.21845,0,0.04,2.40999,2.10759,0,1.86184,3.38688,9.19011e+06,3.61194e+06,2.21481e+07,0,0,0,6.97641e+07
85.139,85.139,4.21398,0.27,0.02,3.26611,3.56851,0,0.61202,6.048,4.42214e+06,2.70226e+06,1.44432e+07,0,0,0,0,23.7846,61.308,2.68008,0,0.04,2.41015,2.10775,0,1.86196,3.38688,9.19011e+06,3.61194e+06,2.21495e+07,0,0,0,6.97641e+07
85.139,85.139,4.7408,0.29,0.02,2.81401,3.11641,0,0.612069,6.048,4.42214e+06,2.70226e+06,1.24439e+07,0,0,0,0,23.9179,61.308,4.11664,0,0.04,2.11269,1.81029,0,1.86208,3.38688,9.19011e+06,3.61194e+06,1.94158e+07,0,0,0,6.97641e+07
85.139,85.139,5.80957,0.3,0.02,2.81424,3.11664,0,0.527345,6.048,4.42214e+06,2.70226e+06,1.24449e+07,0,0,0,0,23.9554,61.308,4.2628,0,0.04,2.11282,1.81042,0,1.63226,3.38688,9.19011e+06,3.61194e+06,1.9417e+07,0,0,0,6.97641e+07
85.139,85.139,4.87841,0.33,0.02,2.81447,3.11687,0,0.527388,6.048,4.42214e+06,2.70226e+06,1.2446e+07,0,0,0,0,23.9033,61.308,4.58537,0,0.04,2.11295,1.81055,0,1.63236,3.38688,9.19011e+06,3.61194e+06,1.94183e+07,0,0,0,6.97641e+07
85.139,85.139,5.32849,0.38,0.02,2.81469,3.11709,0,0.527431,6.048,4.42214e+06,2.70226e+06,1.2447e+07,0,0,0,0,24.2431,61.308,5.35284,0,0.04,2.11308,1.81068,0,1.63247,3.38688,9.19011e+06,3.61194e+06,1.94195e+07,0,0,0,6.97641e+07
85.139,85.139,7.26711,0.4,0.02,2.52438,3.11732,0,0.527474,6.048,4.42214e+06,3.63146e+06,1.11631e+07,0,0,0,0,24.6646,61.308,5.76886,0,0.04,1.94444,1.81082,0,1.63257,3.38688,9.19011e+06,4.85394e+06,1.78696e+07,0,0,0,6.97641e+07
85.139,85.139,6.30492,0.43,0.02,2.62788,3.23146,0,0.473068,6.048,4.42214e+06,3.63146e+06,1.16208e+07,0,0,0,0,24.825,61.308,6.6868,0,0.04,2.01061,1.88379,0,1.50228,3.38688,9.19011e+06,4.85394e+06,1.84777e+07,0,0,0,6.97641e+07
85.139,85.139,5.25747,0.43,0.02,2.62809,3.2317,0,0.492464,6.048,4.42214e+06,3.63146e+06,1.16218e+07,0,0,0,0,24.8064,61.308,5.94109,0,0.04,2.01073,1.88392,0,1.5534,3.38688,9.19011e+06,4.85394e+06,1.84789e+07,0,0,0,6.97641e+07
85.139,85.139,4.60841,0.39,0.02,2.86929,3.23193,0,0.492504,6.048,4.42214e+06,3.02621e+06,1.26884e+07,0,0,0,0,24.7315,61.308,5.88413,0,0.04,2.15134,1.88406,0,1.55349,3.38688,9.19011e+06,4.04495e+06,1.97711e+07,0,0,0,6.97641e+07
85.139,85.139,3.39976,0.4,0.02,2.62852,3.23217,0,0.537705,6.048,4.42214e+06,3.63146e+06,1.16237e+07,0,0,0,0,24.5498,61.308,5.33774,0,0.04,2.01099,1.8842,0,1.66213,3.38688,9.19011e+06,4.85394e+06,1.84812e+07,0,0,0,6.97641e+07
85.139,85.139,3.82318,0.39,0.02,2.82603,3.18786,0,0.492585,6.048,4.42214e+06,3.02621e+06,1.24971e+07,0,0,0,0,24.3668,61.308,3.85577,0,0.04,2.12384,1.85604,0,1.55369,3.38688,9.19011e+06,4.04495e+06,1.95184e+07,0,0,0,6.97641e+07
85.139,85.139,3.38444,0.34,0.02,2.88569,3.18809,0,0.529599,6.048,4.42214e+06,2.70226e+06,1.27609e+07,0,0,0,0,24.1181,61.308,3.37389,0,0.04,2.15858,1.85618,0,1.64088,3.38688,9.19011e+06,3.61194e+06,1.98376e+07,0,0,0,6.97641e+07
84.9833,85.139,3.08366,0.32,0.02,2.88593,3.18833,0,0.540779,6.048,4.42214e+06,2.70226e+06,1.2762e+07,0,0,0,0,23.821,61.308,3.09473,0,0.04,2.15871,1.85631,0,1.66772,3.38688,9.19011e+06,3.61194e+06,1.98388e+07,0,0,0,6.97641e+07
84.8988,85.139,2.87096,0.44,0.02,2.58897,3.18856,0,0.540822,6.048,4.42214e+06,3.63146e+06,1.14488e+07,0,0,0,0,23.5177,61.308,3.06215,0,0.04,1.98582,1.85645,0,1.66782,3.38688,9.19011e+06,4.85394e+06,1.82499e+07,0,0,0,6.97641e+07
84.7874,85.139,3.18797,0.38,0.02,3.03766,3.34006,0,0.485174,6.048,4.42214e+06,2.70226e+06,1.3433e+07,0,0,0,0,23.2609,61.308,3.75298,0,0.04,2.25936,1.95696,0,1.53425,3.38688,9.19011e+06,3.61194e+06,2.07638e+07,0,0,0,6.97641e+07
84.5533,85.139,3.03599,0.36,0.02,3.03791,3.34031,0,0.569258,6.048,4.42214e+06,2.70226e+06,1.3434e+07,0,0,0,0,23.0439,61.308,3.15907,0,0.04,2.25951,1.95711,0,1.74558,3.38688,9.19011e+06,3.61194e+06,2.07651e+07,0,0,0,6.97641e+07
84.061,85.139,2.76437,0.32,0.02,3.03815,3.34055,0,0.569303,6.048,4.42214e+06,2.70226e+06,1.34351e+07,0,0,0,0,22.7443,61.308,2.58774,0,0.04,2.25965,1.95725,0,1.74569,3.38688,9.19011e+06,3.61194e+06,2.07664e+07,0,0,0,6.97641e+07
83.2741,85.139,2.4408,0.28,0.02,3.0384,3.3408,0,0.569349,6.048,4.42214e+06,2.70226e+06,1.34362e+07,0,0,0,0,22.4344,61.308,2.72984,0,0.04,2.25979,1.95739,0,1.74581,3.38688,9.19011e+06,3.61194e+06,2.07677e+07,0,0,0,6.97641e+07
82.4607,85.139,2.36002,0.26,0.02,3.03864,3.34104,0,0.569395,6.048,4.42214e+06,2.70226e+06,1.34373e+07,0,0,0,0,22.0883,61.308,2.6679,0,0.04,2.25994,1.95754,0,1.74592,3.38688,9.19011e+06,3.61194e+06,2.07691e+07,0,0,0,6.97641e+07
81.7739,85.139,2.45641,0.22,0.02,3.00896,3.31136,0,0.569441,6.048,4.42214e+06,2.70226e+06,1.3306e+07,0,0,0,0,21.686,61.308,2.16328,0,0.04,2.31527,2.01287,0,1.74603,3.38688,9.19011e+06,3.61194e+06,2.12776e+07,0,0,0,6.97641e+07
81.0556,85.139,2.41276,0.2,0.02,3.0092,3.3116,0,0.563879,6.048,4.42214e+06,2.70226e+06,1.33071e+07,0,0,0,0,21.266,61.308,2.17422,0,0.04,2.31542,2.01302,0,1.78878,3.38688,9.19011e+06,3.61194e+06,2.12789e+07,0,0,0,6.97641e+07
80.2497,85.139,2.29553,0.2,0.02,3.00945,3.31185,0,0.563925,6.048,4.42214e+06,2.70226e+06,1.33082e+07,0,0,0,0,20.8157,61.308,2.09942,0,0.04,2.31557,2.01317,0,1.78889,3.38688,9.19011e+06,3.61194e+06,2.12803e+07,0,0,0,6.97641e+07
79.1661,85.139,1.99045,0.18,0.02,3.00969,3.31209,0,0.56397,6.048,4.42214e+06,2.70226e+06,1.33093e+07,0,0,0,0,20.3315,61.308,2.0181,0,0.04,2.31571,2.01331,0,1.78901,3.38688,9.19011e+06,3.61194e+06,2.12817e+07,0,0,0,6.97641e+07
78.0318,85.139,1.99107,0.24,0.02,3.08723,3.38963,0,0.564016,6.048,4.42214e+06,2.70226e+06,1.36522e+07,0,0,0,0,19.8639,61.308,1.97037,0,0.04,2.36506,2.06266,0,1.78912,3.38688,9.19011e+06,3.61194e+06,2.17352e+07,0,0,0,6.97641e+07
76.7298,85.139,1.79198,0.22,0.02,3.08748,3.38988,0,0.578548,6.048,4.42214e+06,2.70226e+06,1.36533e+07,0,0,0,0,19.3228,61.308,1.92697,0,0.04,2.36521,2.06281,0,1.82725,3.38688,9.19011e+06,3.61194e+06,2.17366e+07,0,0,0,6.97641e+07
75.2933,85.139,1.64393,0.21,0.02,3.08773,3.39013,0,0.578594,6.048,4.42214e+06,2.70226e+06,1.36544e+07,0,0,0,0,18.7579,61.308,1.6719,0,0.04,2.36536,2.06296,0,1.82736,3.38688,9.19011e+06,3.61194e+06,2.17379e+07,0,0,0,6.97641e+07
73.9645,85.139,1.73052,0.22,0.02,3.08798,3.39038,0,0.578641,6.048,4.42214e+06,2.70226e+06,1.36555e+07,0,0,0,0,18.2387,61.308,1.98964,0,0.04,2.36551,2.06311,0,1.82748,3.38688,9.19011e+06,3.61194e+06,2.17393e+07,0,0,0,6.97641e+07
72.4379,85.139,1.69708,0.22,0.02,3.31468,3.61708,0,0.578688,6.048,4.42214e+06,2.70226e+06,1.4658e+07,0,0,0,0,17.5879,61.308,1.80129,0,0.04,2.5433,2.2409,0,1.8276,3.38688,9.19011e+06,3.61194e+06,2.33732e+07,0,0,0,6.97641e+07
70.7159,85.139,1.46967,0.25,0.02,3.31494,3.61734,0,0.62117,6.048,4.42214e+06,2.70226e+06,1.46591e+07,0,0,0,0,16.9779,61.308,1.4191,0,0.04,2.54347,2.24107,0,1.96496,3.38688,9.19011e+06,3.61194e+06,2.33748e+07,0,0,0,6.97641e+07
69.0999,85.139,1.57814,0.25,0.02,3.31521,3.61761,0,0.62122,6.048,4.42214e+06,2.70226e+06,1.46603e+07,0,0,0,0,16.1605,61.308,1.74837,0,0.04,2.54363,2.24123,0,1.96508,3.38688,9.19011e+06,3.61194e+06,2.33763e+07,0,0,0,6.97641e+07
67.2328,85.139,1.30588,0.26,0.02,3.31547,3.61787,0,0.62127,6.048,4.42214e+06,2.70226e+06,1.46615e+07,0,0,0,0,15.5254,61.308,1.21048,0,0.04,2.5438,2.2414,0,1.96521,3.38688,9.19011e+06,3.61194e+06,2.33778e+07,0,0,0,6.97641e+07
65.8669,85.139,1.78991,0.31,0.02,3.31574,3.61814,0,0.621319,6.048,4.42214e+06,2.70226e+06,1.46627e+07,0,0,0,0,15.1245,61.308,2.48388,0,0.04,2.54396,2.24156,0,1.96534,3.38688,9.19011e+06,3.61194e+06,2.33793e+07,0,0,0,6.97641e+07
65.658,85.139,2.87039,0.31,0.02,3.2056,3.508,0,0.621369,6.048,4.42214e+06,2.70226e+06,1.41756e+07,0,0,0,0,15.0375,61.308,3.36685,0,0.04,2.43627,2.13387,0,1.96546,3.38688,9.19011e+06,3.61194e+06,2.23896e+07,0,0,0,6.97641e+07
65.2763,85.139,2.71949,0.31,0.02,3.20586,3.50826,0,0.60073,6.048,4.42214e+06,2.70226e+06,1.41768e+07,0,0,0,0,14.9622,61.308,3.30117,0,0.04,2.43642,2.13402,0,1.88226,3.38688,9.19011e+06,3.61194e+06,2.2391e+07,0,0,0,6.97641e+07
65.2181,85.139,3.10785,0.31,0.02,3.20612,3.50852,0,0.600778,6.048,4.42214e+06,2.70226e+06,1.41779e+07,0,0,0,0,15.0752,61.308,3.98152,0,0.04,2.43658,2.13418,0,1.88238,3.38688,9.19011e+06,3.61194e+06,2.23924e+07,0,0,0,6.97641e+07
65.3066,85.139,3.48402,0.3,0.02,3.20637,3.50877,0,0.600826,6.048,4.42214e+06,2.70226e+06,1.4179e+07,0,0,0,0,15.2384,61.308,3.81609,0,0.04,2.43674,2.13434,0,1.8825,3.38688,9.19011e+06,3.61194e+06,2.23939e+07,0,0,0,6.97641e+07
65.8452,85.139,3.81284,0.31,0.02,3.11598,3.41838,0,0.600874,6.048,4.42214e+06,2.70226e+06,1.37793e+07,0,0,0,0,15.1123,61.308,2.57619,0,0.04,2.33869,2.03629,0,1.88262,3.38688,9.19011e+06,3.61194e+06,2.14928e+07,0,0,0,6.97641e+07
66.0888,85.139,3.48631,0.31,0.02,3.11623,3.41863,0,0.583935,6.048,4.42214e+06,2.70226e+06,1.37804e+07,0,0,0,0,14.7845,61.308,2.31535,0,0.04,2.33883,2.03643,0,1.80687,3.38688,9.19011e+06,3.61194e+06,2.14941e+07,0,0,0,6.97641e+07
66.1799,85.139,3.38284,0.33,0.02,3.11648,3.41888,0,0.583982,6.048,4.42214e+06,2.70226e+06,1.37815e+07,0,0,0,0,14.8163,61.308,3.10357,0,0.04,2.33898,2.03658,0,1.80698,3.38688,9.19011e+06,3.61194e+06,2.14955e+07,0,0,0,6.97641e+07
66.3054,85.139,3.35963,0.33,0.02,3.11674,3.41914,0,0.584029,6.048,4.42214e+06,2.70226e+06,1.37826e+07,0,0,0,0,14.6918,61.308,3.19462,0,0.04,2.33913,2.03673,0,1.8071,3.38688,9.19011e+06,3.61194e+06,2.14969e+07,0,0,0,6.97641e+07
67.2509,85.139,4.05601,0.35,0.02,2.85947,3.16187,0,0.584076,6.048,4.42214e+06,2.70226e+06,1.2645e+07,0,0,0,0,15.0325,61.308,3.68272,0,0.04,2.13468,1.83228,0,1.80721,3.38688,9.19011e+06,3.61194e+06,1.9618e+07,0,0,0,6.97641e+07
68.2813,85.139,4.13913,0.35,0.02,2.8597,3.1621,0,0.535864,6.048,4.42214e+06,2.70226e+06,1.2646e+07,0,0,0,0,15.4442,61.308,3.97928,0,0.04,2.13482,1.83242,0,1.64926,3.38688,9.19011e+06,3.61194e+06,1.96192e+07,0,0,0,6.97641e+07
71.2959,85.139,6.17003,0.32,0.02,2.85993,3.16233,0,0.535908,6.048,4.42214e+06,2.70226e+06,1.2647e+07,0,0,0,0,16.1114,61.308,4.50791,0,0.04,2.13495,1.83255,0,1.64936,3.38688,9.19011e+06,3.61194e+06,1.96205e+07,0,0,0,6.97641e+07
71.7614,85.139,3.59823,0.33,0.02,2.86016,3.16256,0,0.535951,6.048,4.42214e+06,2.70226e+06,1.2648e+07,0,0,0,0,16.5911,61.308,3.85646,0,0.04,2.13509,1.83269,0,1.64946,3.38688,9.19011e+06,3.61194e+06,1.96217e+07,0,0,0,6.97641e+07
71.7011,85.139,3.09712,0.36,0.02,2.86039,3.16279,0,0.535994,6.048,4.42214e+06,2.70226e+06,1.26491e+07,0,0,0,0,16.7927,61.308,3.2742,0,0.04,2.13522,1.83282,0,1.64957,3.38688,9.19011e+06,3.61194e+06,1.96229e+07,0,0,0,6.97641e+07
71.2378,85.139,2.80378,0.36,0.02,2.95971,3.26211,0,0.536038,6.048,4.42214e+06,2.70226e+06,1.30882e+07,0,0,0,0,17.1398,61.308,3.98085,0,0.04,2.19462,1.89222,0,1.64967,3.38688,9.19011e+06,3.61194e+06,2.01688e+07,0,0,0,6.97641e+07
71.6666,85.139,3.76651,0.38,0.02,2.95992,3.26232,0,0.554649,6.048,4.42214e+06,2.70226e+06,1.30892e+07,0,0,0,0,17.9093,61.308,5.35851,0,0.04,2.19474,1.89234,0,1.69556,3.38688,9.19011e+06,3.61194e+06,2.01699e+07,0,0,0,6.97641e+07
71.3247,85.139,2.91102,0.38,0.02,2.96014,3.26254,0,0.554689,6.048,4.42214e+06,2.70226e+06,1.30901e+07,0,0,0,0,18.4903,61.308,4.69177,0,0.04,2.19487,1.89247,0,1.69566,3.38688,9.19011e+06,3.61194e+06,2.01711e+07,0,0,0,6.97641e+07
71.4689,85.139,3.15775,0.41,0.02,2.65625,3.26275,0,0.554729,6.048,4.42214e+06,3.63146e+06,1.17463e+07,0,0,0,0,19.0528,61.308,4.5688,0,0.04,2.0186,1.89259,0,1.69575,3.38688,9.19011e+06,4.85394e+06,1.85511e+07,0,0,0,6.97641e+07
74.3356,85.139,6.38669,0.42,0.02,2.94504,3.58123,0,0.497781,6.048,4.42214e+06,3.63146e+06,1.30234e+07,0,0,0,0,21.2329,61.308,9.12136,0,0.04,2.22051,2.11526,0,1.55957,3.38688,9.19011e+06,4.85394e+06,2.04067e+07,0,0,0,6.97641e+07
76.8015,85.139,6.26266,0.33,0.02,3.27906,3.58146,0,0.551901,6.048,4.42214e+06,2.70226e+06,1.45005e+07,0,0,0,0,23.177,61.308,8.85747,0,0.04,2.4178,2.1154,0,1.71557,3.38688,9.19011e+06,3.61194e+06,2.22198e+07,0,0,0,6.97641e+07
79.1967,85.139,6.19113,0.37,0.02,3.2793,3.5817,0,0.614497,6.048,4.42214e+06,2.70226e+06,1.45015e+07,0,0,0,0,24.9361,61.308,8.01404,0,0.04,2.41794,2.11554,0,1.86799,3.38688,9.19011e+06,3.61194e+06,2.22211e+07,0,0,0,6.97641e+07
80.7484,85.139,5.41913,0.38,0.02,3.27954,3.58194,0,0.614541,6.048,4.42214e+06,2.70226e+06,1.45026e+07,0,0,0,0,26.5155,61.308,7.37009,0,0.04,2.41808,2.11568,0,1.8681,3.38688,9.19011e+06,3.61194e+06,2.22224e+07,0,0,0,6.97641e+07
84.119,85.139,6.94698,0.34,0.02,2.82571,3.12811,0,0.614585,6.048,4.42214e+06,2.70226e+06,1.24957e+07,0,0,0,0,28.0337,61.308,7.59843,0,0.04,2.11948,1.81708,0,1.86821,3.38688,9.19011e+06,3.61194e+06,1.94783e+07,0,0,0,6.97641e+07
85.139,85.139,6.63989,0.36,0.02,2.82592,3.12832,0,0.529538,6.048,4.42214e+06,2.70226e+06,1.24966e+07,0,0,0,0,29.3828,61.308,9.25982,0,0.04,2.1196,1.8172,0,1.63751,3.38688,9.19011e+06,3.61194e+06,1.94794e+07,0,0,0,6.97641e+07
85.139,85.139,6.90708,0.31,0.02,2.82612,3.12852,0,0.529577,6.048,4.42214e+06,2.70226e+06,1.24975e+07,0,0,0,0,31.0606,61.308,8.4098,0,0.04,2.11972,1.81732,0,1.63761,3.38688,9.19011e+06,3.61194e+06,1.94805e+07,0,0,0,6.97641e+07
85.139,85.139,7.03907,0.36,0.02,2.82633,3.12873,0,0.529615,6.048,4.42214e+06,2.70226e+06,1.24984e+07,0,0,0,0,32.7028,61.308,8.67546,0,0.04,2.11984,1.81744,0,1.6377,3.38688,9.19011e+06,3.61194e+06,1.94816e+07,0,0,0,6.97641e+07
85.139,85.139,5.96935,0.39,0.02,2.76821,3.12894,0,0.529654,6.048,4.42214e+06,3.02621e+06,1.22414e+07,0,0,0,0,33.6022,61.308,6.96042,0,0.04,2.08608,1.81756,0,1.63779,3.38688,9.19011e+06,4.04495e+06,1.91713e+07,0,0,0,6.97641e+07
85.139,85.139,4.6554,0.41,0.02,2.63877,3.24347,0,0.518762,6.048,4.42214e+06,3.63146e+06,1.1669e+07,0,0,0,0,34.5927,61.308,5.89658,0,0.04,2.01696,1.89079,0,1.61171,3.38688,9.19011e+06,4.85394e+06,1.85361e+07,0,0,0,6.97641e+07
85.139,85.139,7.22288,0.41,0.02,2.63896,3.24369,0,0.494506,6.048,4.42214e+06,3.63146e+06,1.16699e+07,0,0,0,0,36.9349,61.308,10.3153,0,0.04,2.01707,1.89091,0,1.5583,3.38688,9.19011e+06,4.85394e+06,1.85371e+07,0,0,0,6.97641e+07
85.139,85.139,5.19837,0.38,0.02,2.9415,3.2439,0,0.494542,6.048,4.42214e+06,2.70226e+06,1.30077e+07,0,0,0,0,38.1621,61.308,7.06785,0,0.04,2.19344,1.89104,0,1.55839,3.38688,9.19011e+06,3.61194e+06,2.01579e+07,0,0,0,6.97641e+07
85.139,85.139,4.35856,0.38,0.02,2.94172,3.24412,0,0.551237,6.048,4.42214e+06,2.70226e+06,1.30087e+07,0,0,0,0,38.9528,61.308,5.60987,0,0.04,2.19356,1.89116,0,1.69465,3.38688,9.19011e+06,3.61194e+06,2.01591e+07,0,0,0,6.97641e+07
85.139,85.139,3.61905,0.37,0.02,2.89721,3.19961,0,0.551277,6.048,4.42214e+06,2.70226e+06,1.28119e+07,0,0,0,0,39.1686,61.308,4.55693,0,0.04,2.16529,1.86289,0,1.69475,3.38688,9.19011e+06,3.61194e+06,1.98992e+07,0,0,0,6.97641e+07
85.1173,85.139,3.22158,0.33,0.02,2.89743,3.19983,0,0.542938,6.048,4.42214e+06,2.70226e+06,1.28128e+07,0,0,0,0,39.3143,61.308,4.57114,0,0.04,2.16541,1.86301,0,1.6729,3.38688,9.19011e+06,3.61194e+06,1.99003e+07,0,0,0,6.97641e+07
85.139,85.139,4.65735,0.43,0.02,2.59938,3.20004,0,0.542977,6.048,4.42214e+06,3.63146e+06,1.14948e+07,0,0,0,0,39.628,61.308,5.16169,0,0.04,1.99188,1.86313,0,1.673,3.38688,9.19011e+06,4.85394e+06,1.83056e+07,0,0,0,6.97641e+07
85.139,85.139,3.51783,0.29,0.02,2.89785,3.20025,0,0.487124,6.048,4.42214e+06,2.70226e+06,1.28147e+07,0,0,0,0,39.835,61.308,4.6622,0,0.04,2.16565,1.86325,0,1.53893,3.38688,9.19011e+06,3.61194e+06,1.99026e+07,0,0,0,6.97641e+07
84.6705,85.139,2.82721,0.27,0.02,3.04988,3.35228,0,0.543057,6.048,4.42214e+06,2.70226e+06,1.3487e+07,0,0,0,0,39.7688,61.308,3.66059,0,0.04,2.26652,1.96412,0,1.67318,3.38688,9.19011e+06,3.61194e+06,2.08296e+07,0,0,0,6.97641e+07
83.8891,85.139,2.44915,0.34,0.02,3.0501,3.3525,0,0.571547,6.048,4.42214e+06,2.70226e+06,1.3488e+07,0,0,0,0,39.5163,61.308,3.08736,0,0.04,2.26665,1.96425,0,1.75111,3.38688,9.19011e+06,3.61194e+06,2.08308e+07,0,0,0,6.97641e+07
83.0845,85.139,2.41744,0.3,0.02,3.05032,3.35272,0,0.571589,6.048,4.42214e+06,2.70226e+06,1.34889e+07,0,0,0,0,39.311,61.308,3.08857,0,0.04,2.26678,1.96438,0,1.75121,3.38688,9.19011e+06,3.61194e+06,2.0832e+07,0,0,0,6.97641e+07
82.1397,85.139,2.26453,0.27,0.02,3.05054,3.35294,0,0.57163,6.048,4.42214e+06,2.70226e+06,1.34899e+07,0,0,0,0,39.0663,61.308,2.9701,0,0.04,2.26691,1.96451,0,1.75131,3.38688,9.19011e+06,3.61194e+06,2.08332e+07,0,0,0,6.97641e+07
81.1414,85.139,2.18257,0.26,0.02,3.05076,3.35316,0,0.571672,6.048,4.42214e+06,2.70226e+06,1.34909e+07,0,0,0,0,38.777,61.308,2.72604,0,0.04,2.26704,1.96464,0,1.75141,3.38688,9.19011e+06,3.61194e+06,2.08343e+07,0,0,0,6.97641e+07
80.4381,85.139,2.42212,0.2,0.02,3.02095,3.32335,0,0.571713,6.048,4.42214e+06,2.70226e+06,1.33591e+07,0,0,0,0,38.421,61.308,2.37231,0,0.04,2.32256,2.02016,0,1.75152,3.38688,9.19011e+06,3.61194e+06,2.13446e+07,0,0,0,6.97641e+07
79.5526,85.139,2.23346,0.19,0.02,3.02117,3.32357,0,0.566126,6.048,4.42214e+06,2.70226e+06,1.336e+07,0,0,0,0,38.0511,61.308,2.35854,0,0.04,2.32269,2.02029,0,1.79441,3.38688,9.19011e+06,3.61194e+06,2.13458e+07,0,0,0,6.97641e+07
78.4827,85.139,2.03868,0.18,0.02,3.02139,3.32379,0,0.566167,6.048,4.42214e+06,2.70226e+06,1.3361e+07,0,0,0,0,37.6502,61.308,2.07736,0,0.04,2.32282,2.02042,0,1.79451,3.38688,9.19011e+06,3.61194e+06,2.1347e+07,0,0,0,6.97641e+07
77.2786,85.139,1.87101,0.22,0.02,3.02161,3.32401,0,0.566208,6.048,4.42214e+06,2.70226e+06,1.3362e+07,0,0,0,0,37.2023,61.308,2.0485,0,0.04,2.32296,2.02056,0,1.79461,3.38688,9.19011e+06,3.61194e+06,2.13482e+07,0,0,0,6.97641e+07
75.9063,85.139,1.72808,0.22,0.02,3.09941,3.40181,0,0.566249,6.048,4.42214e+06,2.70226e+06,1.3706e+07,0,0,0,0,36.6824,61.308,1.8504,0,0.04,2.37247,2.07007,0,1.79472,3.38688,9.19011e+06,3.61194e+06,2.18032e+07,0,0,0,6.97641e+07
74.4321,85.139,1.63859,0.2,0.02,3.09963,3.40203,0,0.580829,6.048,4.42214e+06,2.70226e+06,1.3707e+07,0,0,0,0,36.1091,61.308,1.82401,0,0.04,2.3726,2.0702,0,1.83297,3.38688,9.19011e+06,3.61194e+06,2.18045e+07,0,0,0,6.97641e+07
72.8711,85.139,1.52084,0.2,0.02,3.09986,3.40226,0,0.580871,6.048,4.42214e+06,2.70226e+06,1.3708e+07,0,0,0,0,35.4635,61.308,1.77111,0,0.04,2.37274,2.07034,0,1.83307,3.38688,9.19011e+06,3.61194e+06,2.18057e+07,0,0,0,6.97641e+07
71.1934,85.139,1.38476,0.25,0.02,3.10008,3.40248,0,0.580913,6.048,4.42214e+06,2.70226e+06,1.3709e+07,0,0,0,0,34.85,61.308,1.53411,0,0.04,2.37288,2.07048,0,1.83318,3.38688,9.19011e+06,3.61194e+06,2.1807e+07,0,0,0,6.97641e+07
69.5922,85.139,1.63084,0.24,0.02,3.32756,3.62996,0,0.580955,6.048,4.42214e+06,2.70226e+06,1.47149e+07,0,0,0,0,34.3013,61.308,2.09544,0,0.04,2.55128,2.24888,0,1.83328,3.38688,9.19011e+06,3.61194e+06,2.34466e+07,0,0,0,6.97641e+07
68.0755,85.139,1.71052,0.24,0.02,3.3278,3.6302,0,0.623584,6.048,4.42214e+06,2.70226e+06,1.4716e+07,0,0,0,0,33.704,61.308,1.98791,0,0.04,2.55143,2.24903,0,1.97112,3.38688,9.19011e+06,3.61194e+06,2.34479e+07,0,0,0,6.97641e+07
66.3731,85.139,1.53077,0.29,0.02,3.32804,3.63044,0,0.623629,6.048,4.42214e+06,2.70226e+06,1.4717e+07,0,0,0,0,33.096,61.308,1.90266,0,0.04,2.55158,2.24918,0,1.97124,3.38688,9.19011e+06,3.61194e+06,2.34493e+07,0,0,0,6.97641e+07
64.7185,85.139,1.54852,0.29,0.02,3.32827,3.63067,0,0.623674,6.048,4.42214e+06,2.70226e+06,1.47181e+07,0,0,0,0,32.5402,61.308,2.0414,0,0.04,2.55173,2.24933,0,1.97135,3.38688,9.19011e+06,3.61194e+06,2.34507e+07,0,0,0,6.97641e+07
63.0936,85.139,1.5629,0.29,0.02,3.32851,3.63091,0,0.623719,6.048,4.42214e+06,2.70226e+06,1.47192e+07,0,0,0,0,31.9944,61.308,2.44732,0,0.04,2.55188,2.24948,0,1.97147,3.38688,9.19011e+06,3.61194e+06,2.3452e+07,0,0,0,6.97641e+07
61.2055,85.139,1.14941,0.29,0.02,3.21796,3.52036,0,0.623764,6.048,4.42214e+06,2.70226e+06,1.42303e+07,0,0,0,0,31.4194,61.308,3.57604,0,0.04,2.44379,2.14139,0,1.97158,3.38688,9.19011e+06,3.61194e+06,2.24587e+07,0,0,0,6.97641e+07
59.21,85.139,1.02229,0.31,0.02,3.2182,3.5206,0,0.603046,6.048,4.42214e+06,2.70226e+06,1.42313e+07,0,0,0,0,30.7087,61.308,2.2296,0,0.04,2.44393,2.14153,0,1.88807,3.38688,9.19011e+06,3.61194e+06,2.246e+07,0,0,0,6.97641e+07
57.0709,85.139,0.850423,0.31,0.02,3.21843,3.52083,0,0.60309,6.048,4.42214e+06,2.70226e+06,1.42323e+07,0,0,0,0,29.9773,61.308,1.98095,0,0.04,2.44407,2.14167,0,1.88818,3.38688,9.19011e+06,3.61194e+06,2.24613e+07,0,0,0,6.97641e+07
55.5676,85.139,1.57579,0.31,0.02,3.21866,3.52106,0,0.603133,6.048,4.42214e+06,2.70226e+06,1.42334e+07,0,0,0,0,29.3977,61.308,2.52614,0,0.04,2.44421,2.14181,0,1.88829,3.38688,9.19011e+06,3.61194e+06,2.24626e+07,0,0,0,6.97641e+07
54.9355,85.139,2.37939,0.37,0.02,3.12793,3.43033,0,0.603177,6.048,4.42214e+06,2.70226e+06,1.38321e+07,0,0,0,0,28.9248,61.308,2.42259,0,0.04,2.3458,2.0434,0,1.8884,3.38688,9.19011e+06,3.61194e+06,2.15582e+07,0,0,0,6.97641e+07
53.6847,85.139,1.75534,0.36,0.02,3.12815,3.43055,0,0.586174,6.048,4.42214e+06,2.70226e+06,1.38331e+07,0,0,0,0,28.0613,61.308,1.57455,0,0.04,2.34594,2.04354,0,1.81237,3.38688,9.19011e+06,3.61194e+06,2.15594e+07,0,0,0,6.97641e+07
52.2305,85.139,1.56288,0.37,0.02,3.12838,3.43078,0,0.586216,6.048,4.42214e+06,2.70226e+06,1.38341e+07,0,0,0,0,27.4084,61.308,1.13604,0,0.04,2.34607,2.04367,0,1.81247,3.38688,9.19011e+06,3.61194e+06,2.15606e+07,0,0,0,6.97641e+07
51.5101,85.139,2.06353,0.4,0.02,2.80882,3.43101,0,0.586258,6.048,4.42214e+06,3.63146e+06,1.2421e+07,0,0,0,0,26.9863,61.308,2.84732,0,0.04,2.15571,2.0438,0,1.81257,3.38688,9.19011e+06,4.85394e+06,1.98113e+07,0,0,0,6.97641e+07
54.0006,85.139,5.32446,0.42,0.02,2.5747,3.17282,0,0.526374,6.048,4.42214e+06,3.63146e+06,1.13857e+07,0,0,0,0,27.0343,61.308,5.59567,0,0.04,1.96967,1.83863,0,1.66551,3.38688,9.19011e+06,4.85394e+06,1.81014e+07,0,0,0,6.97641e+07
54.393,85.139,3.16073,0.45,0.02,2.57489,3.17303,0,0.482499,6.048,4.42214e+06,3.63146e+06,1.13865e+07,0,0,0,0,26.9465,61.308,5.15562,0,0.04,1.96978,1.83875,0,1.52176,3.38688,9.19011e+06,4.85394e+06,1.81024e+07,0,0,0,6.97641e+07
55.3804,85.139,3.79498,0.48,0.02,2.57508,3.17324,0,0.482535,6.048,4.42214e+06,3.63146e+06,1.13874e+07,0,0,0,0,26.8962,61.308,4.97773,0,0.04,1.96989,1.83888,0,1.52185,3.38688,9.19011e+06,4.85394e+06,1.81035e+07,0,0,0,6.97641e+07
54.8753,85.139,2.24848,0.51,0.02,2.57527,3.17345,0,0.48257,6.048,4.42214e+06,3.63146e+06,1.13882e+07,0,0,0,0,26.7263,61.308,4.02456,0,0.04,1.97,1.839,0,1.52193,3.38688,9.19011e+06,4.85394e+06,1.81045e+07,0,0,0,6.97641e+07
54.115,85.139,2.00281,0.56,0.02,2.57546,3.17366,0,0.482606,6.048,4.42214e+06,3.63146e+06,1.13891e+07,0,0,0,0,26.4104,61.308,3.69533,0,0.04,1.97011,1.83912,0,1.52202,3.38688,9.19011e+06,4.85394e+06,1.81055e+07,0,0,0,6.97641e+07
53.5867,85.139,2.368,0.58,0.02,2.6658,3.27329,0,0.482642,6.048,4.42214e+06,3.63146e+06,1.17886e+07,0,0,0,0,26.3547,61.308,3.73349,0,0.04,2.02414,1.8987,0,1.5221,3.38688,9.19011e+06,4.85394e+06,1.8602e+07,0,0,0,6.97641e+07
55.694,85.139,5.04694,0.61,0.02,2.66598,3.27348,0,0.499572,6.048,4.42214e+06,3.63146e+06,1.17893e+07,0,0,0,0,27.0501,61.308,5.97474,0,0.04,2.02424,1.89881,0,1.56385,3.38688,9.19011e+06,4.85394e+06,1.8603e+07,0,0,0,6.97641e+07
58.7453,85.139,6.08564,0.64,0.02,2.66615,3.27367,0,0.499604,6.048,4.42214e+06,3.63146e+06,1.17901e+07,0,0,0,0,27.7707,61.308,5.8164,0,0.04,2.02434,1.89892,0,1.56393,3.38688,9.19011e+06,4.85394e+06,1.86039e+07,0,0,0,6.97641e+07
65.3544,85.139,9.90691,0.59,0.02,2.66632,3.27386,0,0.499637,6.048,4.42214e+06,3.63146e+06,1.17909e+07,0,0,0,0,28.782,61.308,7.88326,0,0.04,2.02444,1.89904,0,1.564,3.38688,9.19011e+06,4.85394e+06,1.86048e+07,0,0,0,6.97641e+07
68.3699,85.139,6.55459,0.53,0.02,2.95608,3.5934,0,0.499669,6.048,4.42214e+06,3.63146e+06,1.30722e+07,0,0,0,0,29.9077,61.308,6.72976,0,0.04,2.22703,2.12245,0,1.56408,3.38688,9.19011e+06,4.85394e+06,2.04666e+07,0,0,0,6.97641e+07
71.4103,85.139,6.46469,0.42,0.02,2.95627,3.59361,0,0.553969,6.048,4.42214e+06,3.63146e+06,1.3073e+07,0,0,0,0,30.5858,61.308,5.14306,0,0.04,2.22714,2.12257,0,1.7206,3.38688,9.19011e+06,4.85394e+06,2.04677e+07,0,0,0,6.97641e+07
72.9816,85.139,5.06778,0.45,0.02,2.95646,3.59382,0,0.554005,6.048,4.42214e+06,3.63146e+06,1.30739e+07,0,0,0,0,31.1772,61.308,4.67429,0,0.04,2.22725,2.12269,0,1.72069,3.38688,9.19011e+06,4.85394e+06,2.04687e+07,0,0,0,6.97641e+07
76.0308,85.139,6.69119,0.49,0.02,2.95665,3.59403,0,0.554041,6.048,4.42214e+06,3.63146e+06,1.30747e+07,0,0,0,0,31.8999,61.308,5.10379,0,0.04,2.22736,2.12282,0,1.72077,3.38688,9.19011e+06,4.85394e+06,2.04697e+07,0,0,0,6.97641e+07
79.9562,85.139,7.19485,0.4,0.02,2.54371,3.13864,0,0.554076,6.048,4.42214e+06,3.63146e+06,1.12487e+07,0,0,0,0,33.9137,61.308,7.42443,0,0.04,1.95567,1.8232,0,1.72086,3.38688,9.19011e+06,4.85394e+06,1.79729e+07,0,0,0,6.97641e+07
82.1913,85.139,5.74372,0.35,0.02,2.83643,3.13883,0,0.476692,6.048,4.42214e+06,2.70226e+06,1.25431e+07,0,0,0,0,37.026,61.308,9.59409,0,0.04,2.12571,1.82331,0,1.51095,3.38688,9.19011e+06,3.61194e+06,1.95355e+07,0,0,0,6.97641e+07
85.139,85.139,7.91655,0.41,0.02,2.54405,3.13901,0,0.531547,6.048,4.42214e+06,3.63146e+06,1.12501e+07,0,0,0,0,40.7573,61.308,10.8806,0,0.04,1.95587,1.82342,0,1.64232,3.38688,9.19011e+06,4.85394e+06,1.79746e+07,0,0,0,6.97641e+07
85.139,85.139,6.90841,0.34,0.02,2.8368,3.1392,0,0.476754,6.048,4.42214e+06,2.70226e+06,1.25447e+07,0,0,0,0,43.9962,61.308,10.0651,0,0.04,2.12592,1.82352,0,1.5111,3.38688,9.19011e+06,3.61194e+06,1.95375e+07,0,0,0,6.97641e+07
85.139,85.139,12.5839,0.37,0.02,2.83698,3.13938,0,0.531616,6.048,4.42214e+06,2.70226e+06,1.25455e+07,0,0,0,0,49.8389,61.308,14.5328,0,0.04,2.12603,1.82363,0,1.64249,3.38688,9.19011e+06,3.61194e+06,1.95384e+07,0,0,0,6.97641e+07
85.139,85.139,7.8589,0.39,0.02,2.89121,3.25428,0,0.53165,6.048,4.42214e+06,3.02621e+06,1.27854e+07,0,0,0,0,56.1947,61.308,15.8539,0,0.04,2.16412,1.89709,0,1.64257,3.38688,9.19011e+06,4.04495e+06,1.98885e+07,0,0,0,6.97641e+07
85.139,85.139,8.14145,0.39,0.02,2.8914,3.25447,0,0.541814,6.048,4.42214e+06,3.02621e+06,1.27862e+07,0,0,0,0,61.8624,61.308,14.812,0,0.04,2.16423,1.8972,0,1.672,3.38688,9.19011e+06,4.04495e+06,1.98895e+07,0,0,0,6.97641e+07
85.139,85.139,6.53301,0.39,0.02,2.89159,3.25466,0,0.541849,6.048,4.42214e+06,3.02621e+06,1.2787e+07,0,0,0,0,62.3362,61.308,11.931,0,0.04,2.16434,1.89731,0,1.67209,3.38688,9.19011e+06,4.04495e+06,1.98905e+07,0,0,0,6.97641e+07
85.139,85.139,5.69925,0.38,0.02,2.95245,3.25485,0,0.541884,6.048,4.42214e+06,2.70226e+06,1.30561e+07,0,0,0,0,62.3362,61.308,11.3265,0,0.04,2.19982,1.89742,0,1.67217,3.38688,9.19011e+06,3.61194e+06,2.02166e+07,0,0,0,6.97641e+07
85.139,85.139,5.08365,0.37,0.02,2.90778,3.21018,0,0.553289,6.048,4.42214e+06,2.70226e+06,1.28586e+07,0,0,0,0,62.3362,61.308,7.58589,0,0.04,2.17144,1.86904,0,1.69958,3.38688,9.19011e+06,3.61194e+06,1.99557e+07,0,0,0,6.97641e+07
85.139,85.139,4.36977,0.34,0.02,2.90796,3.21036,0,0.544917,6.048,4.42214e+06,2.70226e+06,1.28594e+07,0,0,0,0,62.3362,61.308,5.59093,0,0.04,2.17154,1.86914,0,1.67765,3.38688,9.19011e+06,3.61194e+06,1.99567e+07,0,0,0,6.97641e+07
85.139,85.139,4.1162,0.31,0.02,2.90815,3.21055,0,0.544952,6.048,4.42214e+06,2.70226e+06,1.28603e+07,0,0,0,0,62.3362,61.308,4.74141,0,0.04,2.17165,1.86925,0,1.67774,3.38688,9.19011e+06,3.61194e+06,1.99577e+07,0,0,0,6.97641e+07
85.139,85.139,3.80629,0.3,0.02,2.90834,3.21074,0,0.544988,6.048,4.42214e+06,2.70226e+06,1.28611e+07,0,0,0,0,62.3362,61.308,4.41291,0,0.04,2.17176,1.86936,0,1.67782,3.38688,9.19011e+06,3.61194e+06,1.99587e+07,0,0,0,6.97641e+07
85.139,85.139,3.44285,0.29,0.02,3.06084,3.36324,0,0.545023,6.048,4.42214e+06,2.70226e+06,1.35355e+07,0,0,0,0,62.3362,61.308,4.14169,0,0.04,2.27295,1.97055,0,1.6779,3.38688,9.19011e+06,3.61194e+06,2.08886e+07,0,0,0,6.97641e+07
84.9188,85.139,3.13604,0.24,0.02,3.06104,3.36344,0,0.573602,6.048,4.42214e+06,2.70226e+06,1.35364e+07,0,0,0,0,62.3362,61.308,4.29529,0,0.04,2.27306,1.97066,0,1.75608,3.38688,9.19011e+06,3.61194e+06,2.08897e+07,0,0,0,6.97641e+07
84.5497,85.139,2.96616,0.33,0.02,3.06124,3.36364,0,0.573639,6.048,4.42214e+06,2.70226e+06,1.35372e+07,0,0,0,0,62.3362,61.308,3.62477,0,0.04,2.27318,1.97078,0,1.75617,3.38688,9.19011e+06,3.61194e+06,2.08907e+07,0,0,0,6.97641e+07
84.0265,85.139,2.77922,0.28,0.02,3.06144,3.36384,0,0.573676,6.048,4.42214e+06,2.70226e+06,1.35381e+07,0,0,0,0,62.3187,61.308,3.20856,0,0.04,2.27329,1.97089,0,1.75626,3.38688,9.19011e+06,3.61194e+06,2.08918e+07,0,0,0,6.97641e+07
83.3966,85.139,2.59915,0.27,0.02,3.06163,3.36403,0,0.573713,6.048,4.42214e+06,2.70226e+06,1.3539e+07,0,0,0,0,62.1672,61.308,2.98612,0,0.04,2.27341,1.97101,0,1.75635,3.38688,9.19011e+06,3.61194e+06,2.08929e+07,0,0,0,6.97641e+07
83.0303,85.139,2.84378,0.21,0.02,3.0317,3.3341,0,0.57375,6.048,4.42214e+06,2.70226e+06,1.34066e+07,0,0,0,0,61.9324,61.308,2.06281,0,0.04,2.32909,2.02669,0,1.75644,3.38688,9.19011e+06,3.61194e+06,2.14046e+07,0,0,0,6.97641e+07
82.5811,85.139,2.74829,0.19,0.02,3.03189,3.33429,0,0.56814,6.048,4.42214e+06,2.70226e+06,1.34075e+07,0,0,0,0,61.6364,61.308,2.02662,0,0.04,2.32921,2.02681,0,1.79946,3.38688,9.19011e+06,3.61194e+06,2.14057e+07,0,0,0,6.97641e+07
81.8851,85.139,2.45774,0.18,0.02,3.03209,3.33449,0,0.568177,6.048,4.42214e+06,2.70226e+06,1.34083e+07,0,0,0,0,61.2965,61.308,1.86932,0,0.04,2.32933,2.02693,0,1.79955,3.38688,9.19011e+06,3.61194e+06,2.14068e+07,0,0,0,6.97641e+07
81.0495,85.139,2.30165,0.16,0.02,3.03228,3.33468,0,0.568213,6.048,4.42214e+06,2.70226e+06,1.34092e+07,0,0,0,0,60.9235,61.308,1.89933,0,0.04,2.32945,2.02705,0,1.79964,3.38688,9.19011e+06,3.61194e+06,2.14079e+07,0,0,0,6.97641e+07
80.019,85.139,2.15313,0.16,0.02,3.11031,3.41271,0,0.56825,6.048,4.42214e+06,2.70226e+06,1.37542e+07,0,0,0,0,60.4426,61.308,1.81733,0,0.04,2.3791,2.0767,0,1.79973,3.38688,9.19011e+06,3.61194e+06,2.18642e+07,0,0,0,6.97641e+07
78.8435,85.139,1.98763,0.15,0.02,3.11051,3.41291,0,0.582872,6.048,4.42214e+06,2.70226e+06,1.37551e+07,0,0,0,0,59.8219,61.308,1.72221,0,0.04,2.37922,2.07682,0,1.83809,3.38688,9.19011e+06,3.61194e+06,2.18653e+07,0,0,0,6.97641e+07
77.4609,85.139,1.76628,0.21,0.02,3.11071,3.41311,0,0.582909,6.048,4.42214e+06,2.70226e+06,1.3756e+07,0,0,0,0,59.1321,61.308,1.6073,0,0.04,2.37934,2.07694,0,1.83819,3.38688,9.19011e+06,3.61194e+06,2.18664e+07,0,0,0,6.97641e+07
75.9356,85.139,1.60782,0.2,0.02,3.11091,3.41331,0,0.582947,6.048,4.42214e+06,2.70226e+06,1.37569e+07,0,0,0,0,58.3999,61.308,1.52093,0,0.04,2.37947,2.07707,0,1.83828,3.38688,9.19011e+06,3.61194e+06,2.18675e+07,0,0,0,6.97641e+07
73.9686,85.139,1.31946,0.21,0.02,3.33908,3.64148,0,0.582984,6.048,4.42214e+06,2.70226e+06,1.47659e+07,0,0,0,0,57.4549,61.308,1.47581,0,0.04,2.55842,2.25602,0,1.83838,3.38688,9.19011e+06,3.61194e+06,2.35122e+07,0,0,0,6.97641e+07
71.574,85.139,0.848906,0.21,0.02,3.33929,3.64169,0,0.625744,6.048,4.42214e+06,2.70226e+06,1.47668e+07,0,0,0,0,56.4275,61.308,1.19167,0,0.04,2.55856,2.25616,0,1.97664,3.38688,9.19011e+06,3.61194e+06,2.35134e+07,0,0,0,6.97641e+07
69.2955,85.139,0.943997,0.25,0.02,3.33951,3.64191,0,0.625784,6.048,4.42214e+06,2.70226e+06,1.47678e+07,0,0,0,0,55.6212,61.308,1.22416,0,0.04,2.55869,2.25629,0,1.97674,3.38688,9.19011e+06,3.61194e+06,2.35146e+07,0,0,0,6.97641e+07
67.5542,85.139,1.51411,0.24,0.02,3.33972,3.64212,0,0.625824,6.048,4.42214e+06,2.70226e+06,1.47687e+07,0,0,0,0,54.8827,61.308,1.49223,0,0.04,2.55882,2.25642,0,1.97684,3.38688,9.19011e+06,3.61194e+06,2.35158e+07,0,0,0,6.97641e+07
66.1903,85.139,1.89226,0.3,0.02,3.33993,3.64233,0,0.625864,6.048,4.42214e+06,2.70226e+06,1.47697e+07,0,0,0,0,54.013,61.308,1.56822,0,0.04,2.55895,2.25655,0,1.97694,3.38688,9.19011e+06,3.61194e+06,2.3517e+07,0,0,0,6.97641e+07
63.8852,85.139,0.780284,0.29,0.02,3.22901,3.53141,0,0.625903,6.048,4.42214e+06,2.70226e+06,1.42791e+07,0,0,0,0,52.9053,61.308,1.17999,0,0.04,2.45051,2.14811,0,1.97705,3.38688,9.19011e+06,3.61194e+06,2.25204e+07,0,0,0,6.97641e+07
61.5972,85.139,0.804269,0.29,0.02,3.22921,3.53161,0,0.605116,6.048,4.42214e+06,2.70226e+06,1.428e+07,0,0,0,0,52.2967,61.308,1.11187,0,0.04,2.45063,2.14823,0,1.89326,3.38688,9.19011e+06,3.61194e+06,2.25216e+07,0,0,0,6.97641e+07
59.751,85.139,1.25565,0.31,0.02,3.22942,3.53182,0,0.605155,6.048,4.42214e+06,2.70226e+06,1.4281e+07,0,0,0,0,51.8586,61.308,1.89207,0,0.04,2.45076,2.14836,0,1.89336,3.38688,9.19011e+06,3.61194e+06,2.25227e+07,0,0,0,6.97641e+07
57.8341,85.139,1.23763,0.31,0.02,3.22963,3.53203,0,0.605194,6.048,4.42214e+06,2.70226e+06,1.42819e+07,0,0,0,0,51.4432,61.308,1.7256,0,0.04,2.45088,2.14848,0,1.89345,3.38688,9.19011e+06,3.61194e+06,2.25239e+07,0,0,0,6.97641e+07
56.5754,85.139,1.87908,0.33,0.02,3.13859,3.44099,0,0.605232,6.048,4.42214e+06,2.70226e+06,1.38793e+07,0,0,0,0,51.1348,61.308,2.18788,0,0.04,2.35215,2.04975,0,1.89355,3.38688,9.19011e+06,3.61194e+06,2.16165e+07,0,0,0,6.97641e+07
56.2099,85.139,2.90668,0.36,0.02,3.13879,3.44119,0,0.588171,6.048,4.42214e+06,2.70226e+06,1.38802e+07,0,0,0,0,51.3697,61.308,3.84619,0,0.04,2.35227,2.04987,0,1.81727,3.38688,9.19011e+06,3.61194e+06,2.16176e+07,0,0,0,6.97641e+07
56.391,85.139,3.40924,0.38,0.02,3.13899,3.44139,0,0.588209,6.048,4.42214e+06,2.70226e+06,1.38811e+07,0,0,0,0,51.3779,61.308,3.84493,0,0.04,2.35239,2.04999,0,1.81736,3.38688,9.19011e+06,3.61194e+06,2.16187e+07,0,0,0,6.97641e+07
56.4545,85.139,3.12432,0.42,0.02,2.81842,3.44159,0,0.588247,6.048,4.42214e+06,3.63146e+06,1.24635e+07,0,0,0,0,51.1447,61.308,2.69087,0,0.04,2.16143,2.05011,0,1.81746,3.38688,9.19011e+06,4.85394e+06,1.98638e+07,0,0,0,6.97641e+07
57.0471,85.139,3.47749,0.42,0.02,2.58356,3.18259,0,0.528173,6.048,4.42214e+06,3.63146e+06,1.14249e+07,0,0,0,0,51.9513,61.308,4.96053,0,0.04,1.9748,1.84429,0,1.66992,3.38688,9.19011e+06,4.85394e+06,1.81486e+07,0,0,0,6.97641e+07
57.5905,85.139,3.60713,0.39,0.02,2.82104,3.18277,0,0.484159,6.048,4.42214e+06,3.02621e+06,1.24751e+07,0,0,0,0,51.9761,61.308,3.28111,0,0.04,2.11242,1.8444,0,1.52573,3.38688,9.19011e+06,4.04495e+06,1.94134e+07,0,0,0,6.97641e+07
61.0098,85.139,6.6854,0.43,0.02,2.5839,3.18296,0,0.528664,6.048,4.42214e+06,3.63146e+06,1.14264e+07,0,0,0,0,52.2634,61.308,4.40595,0,0.04,1.97499,1.84451,0,1.63205,3.38688,9.19011e+06,4.85394e+06,1.81504e+07,0,0,0,6.97641e+07
63.6044,85.139,5.91889,0.45,0.02,2.58407,3.18315,0,0.484222,6.048,4.42214e+06,3.63146e+06,1.14271e+07,0,0,0,0,53.2582,61.308,5.68446,0,0.04,1.97509,1.84462,0,1.52588,3.38688,9.19011e+06,4.85394e+06,1.81513e+07,0,0,0,6.97641e+07
65.2082,85.139,4.69837,0.4,0.02,2.58423,3.18333,0,0.484254,6.048,4.42214e+06,3.63146e+06,1.14278e+07,0,0,0,0,53.1349,61.308,3.41001,0,0.04,1.97519,1.84472,0,1.52596,3.38688,9.19011e+06,4.85394e+06,1.81522e+07,0,0,0,6.97641e+07
66.8474,85.139,4.64961,0.44,0.02,2.58423,3.18333,0,0.484286,6.048,4.42214e+06,3.63146e+06,1.14278e+07,0,0,0,0,52.9903,61.308,2.64495,0,0.04,1.97519,1.84472,0,1.52603,3.38688,9.19011e+06,4.85394e+06,1.81522e+07,0,0,0,6.97641e+07
68.3522,85.139,4.63374,0.45,0.02,2.67483,3.28324,0,0.484286,6.048,4.42214e+06,3.63146e+06,1.18285e+07,0,0,0,0,52.604,61.308,1.99095,0,0.04,2.02937,1.90448,0,1.52603,3.38688,9.19011e+06,4.85394e+06,1.86502e+07,0,0,0,6.97641e+07
71.6312,85.139,6.80904,0.37,0.02,2.98101,3.28341,0,0.501263,6.048,4.42214e+06,2.70226e+06,1.31824e+07,0,0,0,0,52.0772,61.308,2.48771,0,0.04,2.20697,1.90457,0,1.56789,3.38688,9.19011e+06,3.61194e+06,2.02823e+07,0,0,0,6.97641e+07
72.3197,85.139,3.97099,0.39,0.02,2.91997,3.28358,0,0.558641,6.048,4.42214e+06,3.02621e+06,1.29125e+07,0,0,0,0,51.215,61.308,1.68224,0,0.04,2.17157,1.90467,0,1.70511,3.38688,9.19011e+06,4.04495e+06,1.99569e+07,0,0,0,6.97641e+07
72.1449,85.139,2.83232,0.4,0.02,2.67529,3.28374,0,0.547202,6.048,4.42214e+06,3.63146e+06,1.18305e+07,0,0,0,0,50.5103,61.308,1.48215,0,0.04,2.02964,1.90477,0,1.67775,3.38688,9.19011e+06,4.85394e+06,1.86526e+07,0,0,0,6.97641e+07
71.4958,85.139,2.60241,0.41,0.02,2.96589,3.60422,0,0.501349,6.048,4.42214e+06,3.63146e+06,1.31156e+07,0,0,0,0,50.0284,61.308,1.72439,0,0.04,2.23282,2.12884,0,1.5681,3.38688,9.19011e+06,4.85394e+06,2.05199e+07,0,0,0,6.97641e+07
71.6405,85.139,3.46431,0.44,0.02,2.96606,3.6044,0,0.555808,6.048,4.42214e+06,3.63146e+06,1.31163e+07,0,0,0,0,49.2977,61.308,1.85627,0,0.04,2.23292,2.12895,0,1.72508,3.38688,9.19011e+06,4.85394e+06,2.05208e+07,0,0,0,6.97641e+07
71.3311,85.139,2.96969,0.47,0.02,2.96623,3.60459,0,0.555839,6.048,4.42214e+06,3.63146e+06,1.31171e+07,0,0,0,0,48.9208,61.308,1.7904,0,0.04,2.23302,2.12906,0,1.72516,3.38688,9.19011e+06,4.85394e+06,2.05217e+07,0,0,0,6.97641e+07
72.7456,85.139,4.77646,0.52,0.02,2.96639,3.60477,0,0.555871,6.048,4.42214e+06,3.63146e+06,1.31178e+07,0,0,0,0,48.6212,61.308,2.26174,0,0.04,2.23312,2.12917,0,1.72523,3.38688,9.19011e+06,4.85394e+06,2.05226e+07,0,0,0,6.97641e+07
75.4545,85.139,5.79141,0.57,0.02,2.5522,3.148,0,0.555902,6.048,4.42214e+06,3.63146e+06,1.12862e+07,0,0,0,0,48.1286,61.308,2.03589,0,0.04,1.9606,1.82864,0,1.72531,3.38688,9.19011e+06,4.85394e+06,1.80182e+07,0,0,0,6.97641e+07
77.4658,85.139,5.08702,0.51,0.02,2.55234,3.14817,0,0.478282,6.048,4.42214e+06,3.63146e+06,1.12868e+07,0,0,0,0,47.7986,61.308,2.01925,0,0.04,1.96069,1.82873,0,1.51476,3.38688,9.19011e+06,4.85394e+06,1.80189e+07,0,0,0,6.97641e+07
83.3539,85.139,9.35443,0.56,0.02,2.55249,3.14833,0,0.478309,6.048,4.42214e+06,3.63146e+06,1.12875e+07,0,0,0,0,47.7283,61.308,3.54518,0,0.04,1.96077,1.82883,0,1.51483,3.38688,9.19011e+06,4.85394e+06,1.80197e+07,0,0,0,6.97641e+07
85.139,85.139,8.77142,0.47,0.02,2.55264,3.14849,0,0.478337,6.048,4.42214e+06,3.63146e+06,1.12881e+07,0,0,0,0,47.6203,61.308,3.28698,0,0.04,1.96086,1.82892,0,1.51489,3.38688,9.19011e+06,4.85394e+06,1.80205e+07,0,0,0,6.97641e+07
85.139,85.139,6.90967,0.39,0.02,2.78756,3.14865,0,0.478364,6.048,4.42214e+06,3.02621e+06,1.2327e+07,0,0,0,0,47.6279,61.308,3.3262,0,0.04,2.09732,1.82901,0,1.51496,3.38688,9.19011e+06,4.04495e+06,1.92746e+07,0,0,0,6.97641e+07
85.139,85.139,5.90936,0.39,0.02,2.90062,3.26386,0,0.522388,6.048,4.42214e+06,3.02621e+06,1.28269e+07,0,0,0,0,47.7574,61.308,3.69176,0,0.04,2.16961,1.90267,0,1.62039,3.38688,9.19011e+06,4.04495e+06,1.99389e+07,0,0,0,6.97641e+07
85.139,85.139,6.58127,0.39,0.02,2.90078,3.26403,0,0.543576,6.048,4.42214e+06,3.02621e+06,1.28277e+07,0,0,0,0,47.9717,61.308,3.34548,0,0.04,2.1697,1.90277,0,1.67624,3.38688,9.19011e+06,4.04495e+06,1.99398e+07,0,0,0,6.97641e+07
85.139,85.139,5.36579,0.38,0.02,2.96179,3.26419,0,0.543607,6.048,4.42214e+06,2.70226e+06,1.30975e+07,0,0,0,0,48.0568,61.308,3.38483,0,0.04,2.20527,1.90287,0,1.67631,3.38688,9.19011e+06,3.61194e+06,2.02667e+07,0,0,0,6.97641e+07
85.139,85.139,4.10572,0.38,0.02,2.96196,3.26436,0,0.55504,6.048,4.42214e+06,2.70226e+06,1.30982e+07,0,0,0,0,47.4807,61.308,2.12062,0,0.04,2.20537,1.90297,0,1.70379,3.38688,9.19011e+06,3.61194e+06,2.02675e+07,0,0,0,6.97641e+07
85.139,85.139,3.48186,0.34,0.02,2.91714,3.21954,0,0.555072,6.048,4.42214e+06,2.70226e+06,1.29e+07,0,0,0,0,46.6434,61.308,1.70079,0,0.04,2.17688,1.87448,0,1.70387,3.38688,9.19011e+06,3.61194e+06,2.00058e+07,0,0,0,6.97641e+07
84.9742,85.139,3.14908,0.31,0.02,2.9173,3.2197,0,0.546671,6.048,4.42214e+06,2.70226e+06,1.29007e+07,0,0,0,0,45.8377,61.308,1.54093,0,0.04,2.17698,1.87458,0,1.68186,3.38688,9.19011e+06,3.61194e+06,2.00067e+07,0,0,0,6.97641e+07
84.8455,85.139,2.89595,0.43,0.02,2.61736,3.21987,0,0.546702,6.048,4.42214e+06,3.63146e+06,1.15743e+07,0,0,0,0,45.3269,61.308,1.46352,0,0.04,2.00235,1.87468,0,1.68194,3.38688,9.19011e+06,4.85394e+06,1.84018e+07,0,0,0,6.97641e+07
84.7011,85.139,2.85295,0.41,0.02,2.61751,3.22003,0,0.490494,6.048,4.42214e+06,3.63146e+06,1.1575e+07,0,0,0,0,44.4331,61.308,1.78274,0,0.04,2.00244,1.87477,0,1.54702,3.38688,9.19011e+06,4.85394e+06,1.84026e+07,0,0,0,6.97641e+07
83.751,85.139,2.37171,0.36,0.02,3.07055,3.37295,0,0.490522,6.048,4.42214e+06,2.70226e+06,1.35784e+07,0,0,0,0,43.341,61.308,1.28514,0,0.04,2.27863,1.97623,0,1.54708,3.38688,9.19011e+06,3.61194e+06,2.09409e+07,0,0,0,6.97641e+07
82.5624,85.139,2.1124,0.33,0.02,3.07072,3.37312,0,0.575421,6.048,4.42214e+06,2.70226e+06,1.35792e+07,0,0,0,0,42.293,61.308,1.17332,0,0.04,2.27874,1.97634,0,1.76047,3.38688,9.19011e+06,3.61194e+06,2.09418e+07,0,0,0,6.97641e+07
81.3215,85.139,1.98827,0.28,0.02,3.0709,3.3733,0,0.575454,6.048,4.42214e+06,2.70226e+06,1.35799e+07,0,0,0,0,41.1453,61.308,1.12853,0,0.04,2.27884,1.97644,0,1.76055,3.38688,9.19011e+06,3.61194e+06,2.09428e+07,0,0,0,6.97641e+07
79.9778,85.139,1.87509,0.27,0.02,3.07107,3.37347,0,0.575486,6.048,4.42214e+06,2.70226e+06,1.35807e+07,0,0,0,0,40.5269,61.308,1.05359,0,0.04,2.27894,1.97654,0,1.76063,3.38688,9.19011e+06,3.61194e+06,2.09437e+07,0,0,0,6.97641e+07
78.7828,85.139,2.00248,0.21,0.02,3.07124,3.37364,0,0.575518,6.048,4.42214e+06,2.70226e+06,1.35815e+07,0,0,0,0,39.947,61.308,1.6827,0,0.04,2.27904,1.97664,0,1.76071,3.38688,9.19011e+06,3.61194e+06,2.09446e+07,0,0,0,6.97641e+07
77.4671,85.139,1.83361,0.31,0.02,3.0412,3.3436,0,0.575551,6.048,4.42214e+06,2.70226e+06,1.34486e+07,0,0,0,0,39.3418,61.308,1.73155,0,0.04,2.33487,2.03247,0,1.76079,3.38688,9.19011e+06,3.61194e+06,2.14577e+07,0,0,0,6.97641e+07
76.1012,85.139,1.76283,0.27,0.02,3.04137,3.34377,0,0.56992,6.048,4.42214e+06,2.70226e+06,1.34494e+07,0,0,0,0,38.6496,61.308,1.542,0,0.04,2.33497,2.03257,0,1.80392,3.38688,9.19011e+06,3.61194e+06,2.14586e+07,0,0,0,6.97641e+07
74.6884,85.139,1.68828,0.24,0.02,3.04154,3.34394,0,0.569953,6.048,4.42214e+06,2.70226e+06,1.34501e+07,0,0,0,0,37.8682,61.308,1.46243,0,0.04,2.33507,2.03267,0,1.804,3.38688,9.19011e+06,3.61194e+06,2.14596e+07,0,0,0,6.97641e+07
73.2204,85.139,1.58998,0.22,0.02,3.04171,3.34411,0,0.569985,6.048,4.42214e+06,2.70226e+06,1.34509e+07,0,0,0,0,36.9468,61.308,1.40429,0,0.04,2.33518,2.03278,0,1.80408,3.38688,9.19011e+06,3.61194e+06,2.14605e+07,0,0,0,6.97641e+07
71.4114,85.139,1.29881,0.29,0.02,3.11993,3.42233,0,0.570017,6.048,4.42214e+06,2.70226e+06,1.37968e+07,0,0,0,0,35.932,61.308,1.2319,0,0.04,2.38496,2.08256,0,1.80416,3.38688,9.19011e+06,3.61194e+06,2.1918e+07,0,0,0,6.97641e+07
69.496,85.139,1.17209,0.25,0.02,3.12011,3.42251,0,0.584675,6.048,4.42214e+06,2.70226e+06,1.37975e+07,0,0,0,0,34.8479,61.308,1.18545,0,0.04,2.38506,2.08266,0,1.84262,3.38688,9.19011e+06,3.61194e+06,2.1919e+07,0,0,0,6.97641e+07
67.4995,85.139,1.06913,0.25,0.02,3.12028,3.42268,0,0.584708,6.048,4.42214e+06,2.70226e+06,1.37983e+07,0,0,0,0,33.7479,61.308,1.08536,0,0.04,2.38517,2.08277,0,1.8427,3.38688,9.19011e+06,3.61194e+06,2.192e+07,0,0,0,6.97641e+07
65.4016,85.139,0.932119,0.3,0.02,3.12046,3.42286,0,0.584741,6.048,4.42214e+06,2.70226e+06,1.37991e+07,0,0,0,0,32.8338,61.308,1.07489,0,0.04,2.38528,2.08288,0,1.84278,3.38688,9.19011e+06,3.61194e+06,2.1921e+07,0,0,0,6.97641e+07
63.4969,85.139,1.30589,0.3,0.02,3.34924,3.65164,0,0.584774,6.048,4.42214e+06,2.70226e+06,1.48108e+07,0,0,0,0,31.6871,61.308,1.29945,0,0.04,2.56472,2.26232,0,1.84286,3.38688,9.19011e+06,3.61194e+06,2.357e+07,0,0,0,6.97641e+07
61.3616,85.139,1.06332,0.29,0.02,3.34943,3.65183,0,0.627648,6.048,4.42214e+06,2.70226e+06,1.48116e+07,0,0,0,0,30.9461,61.308,0.975821,0,0.04,2.56483,2.26243,0,1.9815,3.38688,9.19011e+06,3.61194e+06,2.35711e+07,0,0,0,6.97641e+07
59.4586,85.139,1.25792,0.34,0.02,3.34962,3.65202,0,0.627683,6.048,4.42214e+06,2.70226e+06,1.48125e+07,0,0,0,0,30.0395,61.308,1.6086,0,0.04,2.56495,2.26255,0,1.98159,3.38688,9.19011e+06,3.61194e+06,2.35722e+07,0,0,0,6.97641e+07
57.3478,85.139,1.01838,0.33,0.02,3.3498,3.6522,0,0.627718,6.048,4.42214e+06,2.70226e+06,1.48133e+07,0,0,0,0,29.1969,61.308,1.16148,0,0.04,2.56507,2.26267,0,1.98168,3.38688,9.19011e+06,3.61194e+06,2.35732e+07,0,0,0,6.97641e+07
55.5735,85.139,1.25367,0.33,0.02,3.34999,3.65239,0,0.627753,6.048,4.42214e+06,2.70226e+06,1.48141e+07,0,0,0,0,28.3744,61.308,1.27563,0,0.04,2.56518,2.26278,0,1.98177,3.38688,9.19011e+06,3.61194e+06,2.35743e+07,0,0,0,6.97641e+07
53.8237,85.139,1.22484,0.35,0.02,3.23873,3.54113,0,0.627788,6.048,4.42214e+06,2.70226e+06,1.43221e+07,0,0,0,0,27.6873,61.308,1.33956,0,0.04,2.45642,2.15402,0,1.98186,3.38688,9.19011e+06,3.61194e+06,2.25748e+07,0,0,0,6.97641e+07
52.2426,85.139,1.39653,0.35,0.02,3.23891,3.54131,0,0.606938,6.048,4.42214e+06,2.70226e+06,1.43229e+07,0,0,0,0,27.0796,61.308,1.68207,0,0.04,2.45653,2.15413,0,1.89783,3.38688,9.19011e+06,3.61194e+06,2.25758e+07,0,0,0,6.97641e+07
50.6299,85.139,1.36548,0.37,0.02,3.23909,3.54149,0,0.606972,6.048,4.42214e+06,2.70226e+06,1.43237e+07,0,0,0,0,26.4682,61.308,1.63842,0,0.04,2.45664,2.15424,0,1.89792,3.38688,9.19011e+06,3.61194e+06,2.25768e+07,0,0,0,6.97641e+07
49.4695,85.139,1.59005,0.44,0.02,2.90918,3.54168,0,0.607006,6.048,4.42214e+06,3.63146e+06,1.28648e+07,0,0,0,0,25.7852,61.308,1.78149,0,0.04,2.25596,2.15435,0,1.898,3.38688,9.19011e+06,4.85394e+06,2.07325e+07,0,0,0,6.97641e+07
48.4551,85.139,1.61786,0.47,0.02,2.82638,3.45036,0,0.54518,6.048,4.42214e+06,3.63146e+06,1.24986e+07,0,0,0,0,25.2436,61.308,1.37875,0,0.04,2.16617,2.05533,0,1.74295,3.38688,9.19011e+06,4.85394e+06,1.99073e+07,0,0,0,6.97641e+07
50.6628,85.139,5.01262,0.48,0.02,2.82654,3.45054,0,0.529663,6.048,4.42214e+06,3.63146e+06,1.24993e+07,0,0,0,0,25.2965,61.308,4.40998,0,0.04,2.16627,2.05544,0,1.67358,3.38688,9.19011e+06,4.85394e+06,1.99082e+07,0,0,0,6.97641e+07
51.9614,85.139,4.11305,0.51,0.02,2.8267,3.45072,0,0.529693,6.048,4.42214e+06,3.63146e+06,1.25e+07,0,0,0,0,25.2391,61.308,2.28446,0,0.04,2.16636,2.05555,0,1.67366,3.38688,9.19011e+06,4.85394e+06,1.99091e+07,0,0,0,6.97641e+07
52.4727,85.139,3.29082,0.43,0.02,2.82686,3.45089,0,0.529723,6.048,4.42214e+06,3.63146e+06,1.25008e+07,0,0,0,0,25.0754,61.308,2.52716,0,0.04,2.16646,2.05565,0,1.67373,3.38688,9.19011e+06,4.85394e+06,1.991e+07,0,0,0,6.97641e+07
52.8966,85.139,3.13,0.47,0.02,2.59134,3.19116,0,0.529753,6.048,4.42214e+06,3.63146e+06,1.14592e+07,0,0,0,0,25.1674,61.308,5.7809,0,0.04,1.9793,1.84926,0,1.6738,3.38688,9.19011e+06,4.85394e+06,1.819e+07,0,0,0,6.97641e+07
52.8402,85.139,2.64581,0.49,0.02,2.59148,3.19133,0,0.485616,6.048,4.42214e+06,3.63146e+06,1.14599e+07,0,0,0,0,24.9902,61.308,4.16521,0,0.04,1.97939,1.84936,0,1.52921,3.38688,9.19011e+06,4.85394e+06,1.81908e+07,0,0,0,6.97641e+07
53.6644,85.139,3.57124,0.51,0.02,2.59163,3.19149,0,0.485644,6.048,4.42214e+06,3.63146e+06,1.14606e+07,0,0,0,0,25.3372,61.308,5.50032,0,0.04,1.97948,1.84945,0,1.52928,3.38688,9.19011e+06,4.85394e+06,1.81916e+07,0,0,0,6.97641e+07
54.5909,85.139,3.77742,0.54,0.02,2.59178,3.19165,0,0.485672,6.048,4.42214e+06,3.63146e+06,1.14612e+07,0,0,0,0,25.7306,61.308,4.56844,0,0.04,1.97956,1.84955,0,1.52934,3.38688,9.19011e+06,4.85394e+06,1.81924e+07,0,0,0,6.97641e+07
56.9918,85.139,5.40427,0.56,0.02,2.59193,3.19182,0,0.4857,6.048,4.42214e+06,3.63146e+06,1.14619e+07,0,0,0,0,26.5147,61.308,6.10969,0,0.04,1.97965,1.84964,0,1.52941,3.38688,9.19011e+06,4.85394e+06,1.81932e+07,0,0,0,6.97641e+07
59.288,85.139,5.37702,0.55,0.02,2.68274,3.29197,0,0.485727,6.048,4.42214e+06,3.63146e+06,1.18635e+07,0,0,0,0,26.926,61.308,4.90228,0,0.04,2.03396,1.90954,0,1.52948,3.38688,9.19011e+06,4.85394e+06,1.86923e+07,0,0,0,6.97641e+07
61.8022,85.139,5.63993,0.55,0.02,2.68287,3.29211,0,0.502746,6.048,4.42214e+06,3.63146e+06,1.1864e+07,0,0,0,0,27.7695,61.308,7.39649,0,0.04,2.03404,1.90962,0,1.57144,3.38688,9.19011e+06,4.85394e+06,1.8693e+07,0,0,0,6.97641e+07
63.5029,85.139,4.76225,0.57,0.02,2.68301,3.29226,0,0.502771,6.048,4.42214e+06,3.63146e+06,1.18646e+07,0,0,0,0,28.1787,61.308,5.01513,0,0.04,2.03411,1.90971,0,1.5715,3.38688,9.19011e+06,4.85394e+06,1.86937e+07,0,0,0,6.97641e+07
65.6492,85.139,5.24826,0.51,0.02,2.68314,3.2924,0,0.502795,6.048,4.42214e+06,3.63146e+06,1.18652e+07,0,0,0,0,28.4634,61.308,3.90687,0,0.04,2.03419,1.90979,0,1.57156,3.38688,9.19011e+06,4.85394e+06,1.86944e+07,0,0,0,6.97641e+07
66.4838,85.139,4.13873,0.55,0.02,2.97448,3.61369,0,0.50282,6.048,4.42214e+06,3.63146e+06,1.31536e+07,0,0,0,0,28.7755,61.308,3.50494,0,0.04,2.2379,2.13443,0,1.57162,3.38688,9.19011e+06,4.85394e+06,2.05665e+07,0,0,0,6.97641e+07
66.7466,85.139,3.70252,0.58,0.02,2.97463,3.61385,0,0.557418,6.048,4.42214e+06,3.63146e+06,1.31542e+07,0,0,0,0,29.3089,61.308,3.55962,0,0.04,2.23798,2.13453,0,1.729,3.38688,9.19011e+06,4.85394e+06,2.05673e+07,0,0,0,6.97641e+07
66.6805,85.139,3.22351,0.6,0.02,2.97477,3.61401,0,0.557445,6.048,4.42214e+06,3.63146e+06,1.31549e+07,0,0,0,0,29.5697,61.308,3.16471,0,0.04,2.23807,2.13462,0,1.72907,3.38688,9.19011e+06,4.85394e+06,2.05681e+07,0,0,0,6.97641e+07
67.2005,85.139,3.83999,0.64,0.02,2.97492,3.61417,0,0.557472,6.048,4.42214e+06,3.63146e+06,1.31555e+07,0,0,0,0,29.9411,61.308,3.40664,0,0.04,2.23815,2.13472,0,1.72913,3.38688,9.19011e+06,4.85394e+06,2.05689e+07,0,0,0,6.97641e+07
69.7026,85.139,5.73153,0.66,0.02,2.55962,3.15619,0,0.557499,6.048,4.42214e+06,3.63146e+06,1.1319e+07,0,0,0,0,30.3852,61.308,4.32927,0,0.04,1.96492,1.83339,0,1.7292,3.38688,9.19011e+06,4.85394e+06,1.80578e+07,0,0,0,6.97641e+07
71.4989,85.139,4.95675,0.61,0.02,2.55975,3.15633,0,0.479673,6.048,4.42214e+06,3.63146e+06,1.13196e+07,0,0,0,0,30.6931,61.308,4.01716,0,0.04,1.96499,1.83348,0,1.51809,3.38688,9.19011e+06,4.85394e+06,1.80585e+07,0,0,0,6.97641e+07
74.0177,85.139,5.75208,0.65,0.02,2.55987,3.15647,0,0.479697,6.048,4.42214e+06,3.63146e+06,1.13201e+07,0,0,0,0,31.0231,61.308,4.42735,0,0.04,1.96506,1.83356,0,1.51815,3.38688,9.19011e+06,4.85394e+06,1.80591e+07,0,0,0,6.97641e+07
77.2275,85.139,6.56066,0.58,0.02,2.56,3.15661,0,0.47972,6.048,4.42214e+06,3.63146e+06,1.13207e+07,0,0,0,0,31.4275,61.308,4.57771,0,0.04,1.96513,1.83364,0,1.51821,3.38688,9.19011e+06,4.85394e+06,1.80598e+07,0,0,0,6.97641e+07
78.801,85.139,4.67383,0.63,0.02,2.56012,3.15674,0,0.479744,6.048,4.42214e+06,3.63146e+06,1.13212e+07,0,0,0,0,31.6799,61.308,3.41985,0,0.04,1.96521,1.83372,0,1.51826,3.38688,9.19011e+06,4.85394e+06,1.80605e+07,0,0,0,6.97641e+07
79.5475,85.139,3.95068,0.64,0.02,2.66485,3.27223,0,0.479767,6.048,4.42214e+06,3.63146e+06,1.17843e+07,0,0,0,0,31.7638,61.308,2.89871,0,0.04,2.03216,1.90755,0,1.51832,3.38688,9.19011e+06,4.85394e+06,1.86758e+07,0,0,0,6.97641e+07
80.4894,85.139,4.20743,0.53,0.02,2.66498,3.27237,0,0.499392,6.048,4.42214e+06,3.63146e+06,1.17849e+07,0,0,0,0,32.2373,61.308,3.82293,0,0.04,2.03224,1.90764,0,1.57005,3.38688,9.19011e+06,4.85394e+06,1.86765e+07,0,0,0,6.97641e+07
80.8705,85.139,3.55955,0.52,0.02,2.66511,3.27252,0,0.499416,6.048,4.42214e+06,3.63146e+06,1.17855e+07,0,0,0,0,32.4592,61.308,3.12004,0,0.04,2.03231,1.90772,0,1.57011,3.38688,9.19011e+06,4.85394e+06,1.86772e+07,0,0,0,6.97641e+07
81.0664,85.139,3.31482,0.5,0.02,2.66524,3.27266,0,0.499441,6.048,4.42214e+06,3.63146e+06,1.17861e+07,0,0,0,0,32.6324,61.308,2.97017,0,0.04,2.03239,1.9078,0,1.57016,3.38688,9.19011e+06,4.85394e+06,1.86779e+07,0,0,0,6.97641e+07
81.4334,85.139,3.40617,0.47,0.02,2.62446,3.2277,0,0.499465,6.048,4.42214e+06,3.63146e+06,1.16057e+07,0,0,0,0,32.8728,61.308,3.11979,0,0.04,2.00649,1.87924,0,1.57022,3.38688,9.19011e+06,4.85394e+06,1.84398e+07,0,0,0,6.97641e+07
81.1496,85.139,2.71711,0.46,0.02,2.62459,3.22784,0,0.491825,6.048,4.42214e+06,3.63146e+06,1.16063e+07,0,0,0,0,32.8673,61.308,2.59746,0,0.04,2.00656,1.87932,0,1.55021,3.38688,9.19011e+06,4.85394e+06,1.84405e+07,0,0,0,6.97641e+07
80.5801,85.139,2.41705,0.45,0.02,2.62472,3.22798,0,0.491849,6.048,4.42214e+06,3.63146e+06,1.16069e+07,0,0,0,0,32.811,61.308,2.14657,0,0.04,2.00663,1.8794,0,1.55027,3.38688,9.19011e+06,4.85394e+06,1.84412e+07,0,0,0,6.97641e+07
80.4105,85.139,2.83988,0.41,0.02,2.62485,3.22812,0,0.491873,6.048,4.42214e+06,3.63146e+06,1.16075e+07,0,0,0,0,32.7661,61.308,2.2992,0,0.04,2.00671,1.87948,0,1.55033,3.38688,9.19011e+06,4.85394e+06,1.84419e+07,0,0,0,6.97641e+07
79.2412,85.139,2.08508,0.38,0.02,3.079,3.3814,0,0.491897,6.048,4.42214e+06,2.70226e+06,1.36158e+07,0,0,0,0,32.4664,61.308,2.11278,0,0.04,2.28359,1.98119,0,1.55038,3.38688,9.19011e+06,3.61194e+06,2.09864e+07,0,0,0,6.97641e+07
78.2924,85.139,2.02164,0.47,0.02,2.76398,3.38155,0,0.577005,6.048,4.42214e+06,3.63146e+06,1.22227e+07,0,0,0,0,32.1297,61.308,1.92732,0,0.04,2.09901,1.98127,0,1.7643,3.38688,9.19011e+06,4.85394e+06,1.92901e+07,0,0,0,6.97641e+07
77.1329,85.139,1.77476,0.43,0.02,2.76411,3.3817,0,0.51797,6.048,4.42214e+06,3.63146e+06,1.22233e+07,0,0,0,0,31.6831,61.308,1.79637,0,0.04,2.09909,1.98136,0,1.6217,3.38688,9.19011e+06,4.85394e+06,1.92909e+07,0,0,0,6.97641e+07
75.9266,85.139,1.67479,0.41,0.02,2.76425,3.38185,0,0.517995,6.048,4.42214e+06,3.63146e+06,1.22239e+07,0,0,0,0,31.2575,61.308,1.71613,0,0.04,2.09917,1.98145,0,1.62176,3.38688,9.19011e+06,4.85394e+06,1.92916e+07,0,0,0,6.97641e+07
74.5251,85.139,1.74155,0.35,0.02,3.0796,3.382,0,0.51802,6.048,4.42214e+06,2.70226e+06,1.36184e+07,0,0,0,0,30.749,61.308,1.62325,0,0.04,2.28394,1.98154,0,1.62182,3.38688,9.19011e+06,3.61194e+06,2.09896e+07,0,0,0,6.97641e+07
73.0705,85.139,1.65519,0.31,0.02,3.04946,3.35186,0,0.577117,6.048,4.42214e+06,2.70226e+06,1.34851e+07,0,0,0,0,30.0865,61.308,1.62654,0,0.04,2.33989,2.03749,0,1.76457,3.38688,9.19011e+06,3.61194e+06,2.15038e+07,0,0,0,6.97641e+07
71.7392,85.139,1.49672,0.42,0.02,2.73718,3.352,0,0.571468,6.048,4.42214e+06,3.63146e+06,1.21042e+07,0,0,0,0,29.3994,61.308,1.44717,0,0.04,2.15007,2.03758,0,1.8078,3.38688,9.19011e+06,4.85394e+06,1.97593e+07,0,0,0,6.97641e+07
70.1217,85.139,1.42071,0.36,0.02,3.04975,3.35215,0,0.512948,6.048,4.42214e+06,2.70226e+06,1.34864e+07,0,0,0,0,28.5928,61.308,1.43082,0,0.04,2.34007,2.03767,0,1.66114,3.38688,9.19011e+06,3.61194e+06,2.15055e+07,0,0,0,6.97641e+07
68.3821,85.139,1.2734,0.34,0.02,3.0499,3.3523,0,0.571523,6.048,4.42214e+06,2.70226e+06,1.34871e+07,0,0,0,0,27.8805,61.308,1.36254,0,0.04,2.34016,2.03776,0,1.80793,3.38688,9.19011e+06,3.61194e+06,2.15063e+07,0,0,0,6.97641e+07
66.7404,85.139,1.44887,0.31,0.02,3.12829,3.43069,0,0.571551,6.048,4.42214e+06,2.70226e+06,1.38337e+07,0,0,0,0,27.3878,61.308,1.59696,0,0.04,2.39004,2.08764,0,1.808,3.38688,9.19011e+06,3.61194e+06,2.19647e+07,0,0,0,6.97641e+07
65.0227,85.139,1.33883,0.35,0.02,3.12844,3.43084,0,0.586241,6.048,4.42214e+06,2.70226e+06,1.38344e+07,0,0,0,0,26.7199,61.308,1.62417,0,0.04,2.39013,2.08773,0,1.84655,3.38688,9.19011e+06,3.61194e+06,2.19656e+07,0,0,0,6.97641e+07
63.2286,85.139,1.24136,0.33,0.02,3.12859,3.43099,0,0.586269,6.048,4.42214e+06,2.70226e+06,1.38351e+07,0,0,0,0,26.1665,61.308,1.44687,0,0.04,2.39022,2.08782,0,1.84662,3.38688,9.19011e+06,3.61194e+06,2.19664e+07,0,0,0,6.97641e+07
61.4826,85.139,1.26194,0.3,0.02,3.12874,3.43114,0,0.586297,6.048,4.42214e+06,2.70226e+06,1.38357e+07,0,0,0,0,25.527,61.308,1.63273,0,0.04,2.39032,2.08792,0,1.84669,3.38688,9.19011e+06,3.61194e+06,2.19673e+07,0,0,0,6.97641e+07
59.3205,85.139,1.02439,0.37,0.02,3.35805,3.66045,0,0.586325,6.048,4.42214e+06,2.70226e+06,1.48498e+07,0,0,0,0,24.7637,61.308,1.45204,0,0.04,2.57018,2.26778,0,1.84676,3.38688,9.19011e+06,3.61194e+06,2.36202e+07,0,0,0,6.97641e+07
57.0585,85.139,0.902298,0.36,0.02,3.35821,3.66061,0,0.629299,6.048,4.42214e+06,2.70226e+06,1.48505e+07,0,0,0,0,24.0771,61.308,1.32396,0,0.04,2.57028,2.26788,0,1.98572,3.38688,9.19011e+06,3.61194e+06,2.36211e+07,0,0,0,6.97641e+07
54.998,85.139,1.07244,0.34,0.02,3.35837,3.66077,0,0.629329,6.048,4.42214e+06,2.70226e+06,1.48512e+07,0,0,0,0,23.3667,61.308,1.40985,0,0.04,2.57038,2.26798,0,1.9858,3.38688,9.19011e+06,3.61194e+06,2.3622e+07,0,0,0,6.97641e+07
52.846,85.139,0.946268,0.37,0.02,3.35853,3.66093,0,0.629359,6.048,4.42214e+06,2.70226e+06,1.48519e+07,0,0,0,0,22.8681,61.308,1.37671,0,0.04,2.57048,2.26808,0,1.98587,3.38688,9.19011e+06,3.61194e+06,2.36229e+07,0,0,0,6.97641e+07
50.8033,85.139,1.11085,0.37,0.02,3.35869,3.66109,0,0.629389,6.048,4.42214e+06,2.70226e+06,1.48526e+07,0,0,0,0,22.4245,61.308,1.67291,0,0.04,2.57058,2.26818,0,1.98595,3.38688,9.19011e+06,3.61194e+06,2.36239e+07,0,0,0,6.97641e+07
49.0659,85.139,1.10511,0.4,0.02,2.91632,3.54955,0,0.629419,6.048,4.42214e+06,3.63146e+06,1.28964e+07,0,0,0,0,22.1159,61.308,2.15021,0,0.04,2.2603,2.15914,0,1.98603,3.38688,9.19011e+06,4.85394e+06,2.07724e+07,0,0,0,6.97641e+07
47.5512,85.139,1.32241,0.42,0.02,2.91646,3.5497,0,0.546517,6.048,4.42214e+06,3.63146e+06,1.2897e+07,0,0,0,0,22.0809,61.308,3.04503,0,0.04,2.26038,2.15923,0,1.74631,3.38688,9.19011e+06,4.85394e+06,2.07732e+07,0,0,0,6.97641e+07
45.9797,85.139,1.22707,0.42,0.02,2.9166,3.54986,0,0.546544,6.048,4.42214e+06,3.63146e+06,1.28976e+07,0,0,0,0,21.9294,61.308,2.87433,0,0.04,2.26047,2.15933,0,1.74637,3.38688,9.19011e+06,4.85394e+06,2.0774e+07,0,0,0,6.97641e+07
44.1555,85.139,1.18993,0.25,0.02,3.24761,3.55001,0,0.54657,6.048,4.42214e+06,2.70226e+06,1.43614e+07,0,0,0,0,21.9305,61.308,3.65525,0,0.04,2.46182,2.15942,0,1.74644,3.38688,9.19011e+06,3.61194e+06,2.26244e+07,0,0,0,6.97641e+07
42.3971,85.139,1.15553,0.29,0.02,3.15606,3.45846,0,0.608603,6.048,4.42214e+06,2.70226e+06,1.39565e+07,0,0,0,0,21.6293,61.308,2.25344,0,0.04,2.36256,2.06016,0,1.902,3.38688,9.19011e+06,3.61194e+06,2.17122e+07,0,0,0,6.97641e+07
41.2543,85.139,1.77426,0.28,0.02,3.15621,3.45861,0,0.591446,6.048,4.42214e+06,2.70226e+06,1.39572e+07,0,0,0,0,21.4222,61.308,2.75096,0,0.04,2.36265,2.06025,0,1.82531,3.38688,9.19011e+06,3.61194e+06,2.1713e+07,0,0,0,6.97641e+07
42.2059,85.139,4.27794,0,0.02,3.45876,3.45876,0,0.591474,6.048,4.42214e+06,2.70226e+06,1.52951e+07,0,0,0,0,22.1081,61.308,7.07206,0,0.04,2.06034,2.06034,0,1.82538,3.38688,9.19011e+06,3.61194e+06,1.89347e+07,0,0,0,6.97641e+07
42.2623,85.139,3.24864,0,0.02,3.45892,3.45892,0,0.648172,6.048,4.42214e+06,2.70226e+06,1.52958e+07,0,0,0,0,22.3793,61.308,4.82757,0,0.04,2.06043,2.06043,0,1.59182,3.38688,9.19011e+06,3.61194e+06,1.89356e+07,0,0,0,6.97641e+07
41.9646,85.139,2.70167,0,0.02,3.19856,3.19856,0,0.648201,6.048,4.42214e+06,2.70226e+06,1.41445e+07,0,0,0,0,22.4847,61.308,4.28792,0,0.04,1.85355,1.85355,0,1.59189,3.38688,9.19011e+06,3.61194e+06,1.70343e+07,0,0,0,6.97641e+07
41.564,85.139,2.57052,0,0.02,3.1987,3.1987,0,0.59941,6.048,4.42214e+06,2.70226e+06,1.41451e+07,0,0,0,0,22.409,61.308,3.29779,0,0.04,1.85363,1.85363,0,1.43205,3.38688,9.19011e+06,3.61194e+06,1.70351e+07,0,0,0,6.97641e+07
40.7784,85.139,2.17428,0,0.02,3.19884,3.19884,0,0.599437,6.048,4.42214e+06,2.70226e+06,1.41457e+07,0,0,0,0,22.3153,61.308,3.14713,0,0.04,1.85371,1.85371,0,1.43211,3.38688,9.19011e+06,3.61194e+06,1.70358e+07,0,0,0,6.97641e+07
41.3113,85.139,3.45695,0,0.02,3.19898,3.19898,0,0.599463,6.048,4.42214e+06,2.70226e+06,1.41464e+07,0,0,0,0,22.2049,61.308,3.59823,0,0.04,1.85379,1.85379,0,1.43218,3.38688,9.19011e+06,3.61194e+06,1.70366e+07,0,0,0,6.97641e+07
41.0903,85.139,2.71893,0,0.02,3.19912,3.19912,0,0.599489,6.048,4.42214e+06,2.70226e+06,1.4147e+07,0,0,0,0,22.0146,61.308,3.56387,0,0.04,1.85387,1.85387,0,1.43224,3.38688,9.19011e+06,3.61194e+06,1.70373e+07,0,0,0,6.97641e+07
40.2719,85.139,2.16699,0,0.02,3.29948,3.29948,0,0.599516,6.048,4.42214e+06,2.70226e+06,1.45908e+07,0,0,0,0,21.682,61.308,3.01947,0,0.04,1.9139,1.9139,0,1.4323,3.38688,9.19011e+06,3.61194e+06,1.75889e+07,0,0,0,6.97641e+07
40.466,85.139,3.22788,0,0.02,3.2996,3.2996,0,0.618322,6.048,4.42214e+06,2.70226e+06,1.45913e+07,0,0,0,0,21.4198,61.308,3.55865,0,0.04,1.91397,1.91397,0,1.47868,3.38688,9.19011e+06,3.61194e+06,1.75896e+07,0,0,0,6.97641e+07
39.7099,85.139,2.21434,0,0.02,3.29972,3.29972,0,0.618345,6.048,4.42214e+06,2.70226e+06,1.45918e+07,0,0,0,0,21.0929,61.308,3.02759,0,0.04,1.91404,1.91404,0,1.47873,3.38688,9.19011e+06,3.61194e+06,1.75902e+07,0,0,0,6.97641e+07
38.979,85.139,2.21735,0,0.02,3.29984,3.29984,0,0.618368,6.048,4.42214e+06,2.70226e+06,1.45924e+07,0,0,0,0,20.7057,61.308,2.69554,0,0.04,1.91411,1.91411,0,1.47878,3.38688,9.19011e+06,3.61194e+06,1.75909e+07,0,0,0,6.97641e+07
38.3173,85.139,2.47617,0,0.02,3.62184,3.62184,0,0.618391,6.048,4.42214e+06,2.70226e+06,1.60163e+07,0,0,0,0,20.2353,61.308,2.45812,0,0.04,2.13924,2.13924,0,1.47884,3.38688,9.19011e+06,3.61194e+06,1.96599e+07,0,0,0,6.97641e+07
37.6814,85.139,2.47925,0,0.02,3.62197,3.62197,0,0.678732,6.048,4.42214e+06,2.70226e+06,1.60169e+07,0,0,0,0,19.7245,61.308,2.19055,0,0.04,2.13932,2.13932,0,1.65278,3.38688,9.19011e+06,3.61194e+06,1.96606e+07,0,0,0,6.97641e+07
37.3989,85.139,2.83083,0,0.02,3.6221,3.6221,0,0.678757,6.048,4.42214e+06,2.70226e+06,1.60174e+07,0,0,0,0,19.2914,61.308,3.30766,0,0.04,2.1394,2.1394,0,1.65284,3.38688,9.19011e+06,3.61194e+06,1.96613e+07,0,0,0,6.97641e+07
37.8401,85.139,3.58723,0,0.02,3.62224,3.62224,0,0.678782,6.048,4.42214e+06,2.70226e+06,1.6018e+07,0,0,0,0,18.8692,61.308,3.04492,0,0.04,2.13948,2.13948,0,1.6529,3.38688,9.19011e+06,3.61194e+06,1.96621e+07,0,0,0,6.97641e+07
38.8231,85.139,3.85811,0,0.02,3.16321,3.16321,0,0.678807,6.048,4.42214e+06,2.70226e+06,1.39882e+07,0,0,0,0,18.55,61.308,2.69367,0,0.04,1.83747,1.83747,0,1.65296,3.38688,9.19011e+06,3.61194e+06,1.68866e+07,0,0,0,6.97641e+07
39.7753,85.139,3.85653,0,0.02,3.16333,3.16333,0,0.592786,6.048,4.42214e+06,2.70226e+06,1.39887e+07,0,0,0,0,18.2188,61.308,2.35177,0,0.04,1.83754,1.83754,0,1.41963,3.38688,9.19011e+06,3.61194e+06,1.68872e+07,0,0,0,6.97641e+07
41.9469,85.139,5.1311,0,0.02,3.16344,3.16344,0,0.592807,6.048,4.42214e+06,2.70226e+06,1.39892e+07,0,0,0,0,18.1213,61.308,3.41015,0,0.04,1.83761,1.83761,0,1.41968,3.38688,9.19011e+06,3.61194e+06,1.68878e+07,0,0,0,6.97641e+07
44.5386,85.139,5.63074,0,0.02,3.16356,3.16356,0,0.592829,6.048,4.42214e+06,2.70226e+06,1.39897e+07,0,0,0,0,18.2099,61.308,7.66124,0,0.04,1.83768,1.83768,0,1.41974,3.38688,9.19011e+06,3.61194e+06,1.68884e+07,0,0,0,6.97641e+07
45.1673,85.139,3.616,0,0.02,3.16368,3.16368,0,0.592851,6.048,4.42214e+06,2.70226e+06,1.39902e+07,0,0,0,0,17.9601,61.308,2.98371,0,0.04,1.83774,1.83774,0,1.41979,3.38688,9.19011e+06,3.61194e+06,1.68891e+07,0,0,0,6.97641e+07
47.0621,85.139,5.03668,0,0.02,3.27939,3.27939,0,0.592873,6.048,4.42214e+06,2.70226e+06,1.45019e+07,0,0,0,0,17.8675,61.308,4.54089,0,0.04,1.91173,1.91173,0,1.41984,3.38688,9.19011e+06,3.61194e+06,1.7569e+07,0,0,0,6.97641e+07
48.5165,85.139,4.6738,0,0.02,3.27951,3.27951,0,0.614558,6.048,4.42214e+06,2.70226e+06,1.45025e+07,0,0,0,0,17.6594,61.308,2.88476,0,0.04,1.9118,1.9118,0,1.477,3.38688,9.19011e+06,3.61194e+06,1.75696e+07,0,0,0,6.97641e+07
49.9055,85.139,4.6449,0,0.02,3.27963,3.27963,0,0.61458,6.048,4.42214e+06,2.70226e+06,1.4503e+07,0,0,0,0,17.8178,61.308,5.83011,0,0.04,1.91187,1.91187,0,1.47705,3.38688,9.19011e+06,3.61194e+06,1.75703e+07,0,0,0,6.97641e+07
50.9588,85.139,4.32184,0,0.02,3.27975,3.27975,0,0.614603,6.048,4.42214e+06,2.70226e+06,1.45035e+07,0,0,0,0,17.8403,61.308,4.29678,0,0.04,1.91194,1.91194,0,1.47711,3.38688,9.19011e+06,3.61194e+06,1.75709e+07,0,0,0,6.97641e+07
50.9815,85.139,3.14643,0,0.02,3.23467,3.23467,0,0.614626,6.048,4.42214e+06,2.70226e+06,1.43042e+07,0,0,0,0,17.4761,61.308,2.76661,0,0.04,1.8833,1.8833,0,1.47716,3.38688,9.19011e+06,3.61194e+06,1.73077e+07,0,0,0,6.97641e+07
50.611,85.139,2.72513,0,0.02,3.23479,3.23479,0,0.606177,6.048,4.42214e+06,2.70226e+06,1.43047e+07,0,0,0,0,17.1032,61.308,2.76613,0,0.04,1.88336,1.88336,0,1.45503,3.38688,9.19011e+06,3.61194e+06,1.73083e+07,0,0,0,6.97641e+07
50.6741,85.139,3.15696,0,0.02,3.23491,3.23491,0,0.606199,6.048,4.42214e+06,2.70226e+06,1.43052e+07,0,0,0,0,16.7592,61.308,2.78991,0,0.04,1.88343,1.88343,0,1.45509,3.38688,9.19011e+06,3.61194e+06,1.7309e+07,0,0,0,6.97641e+07
51.1131,85.139,3.54822,0,0.02,3.23503,3.23503,0,0.606222,6.048,4.42214e+06,2.70226e+06,1.43057e+07,0,0,0,0,16.4251,61.308,2.90791,0,0.04,1.8835,1.8835,0,1.45514,3.38688,9.19011e+06,3.61194e+06,1.73096e+07,0,0,0,6.97641e+07
50.439,85.139,2.46309,0,0.02,3.38861,3.38861,0,0.606244,6.048,4.42214e+06,2.70226e+06,1.49849e+07,0,0,0,0,16.0091,61.308,2.53093,0,0.04,1.98541,1.98541,0,1.45519,3.38688,9.19011e+06,3.61194e+06,1.82461e+07,0,0,0,6.97641e+07
49.7128,85.139,2.38584,0,0.02,3.38874,3.38874,0,0.635026,6.048,4.42214e+06,2.70226e+06,1.49855e+07,0,0,0,0,15.554,61.308,2.23269,0,0.04,1.98548,1.98548,0,1.53393,3.38688,9.19011e+06,3.61194e+06,1.82468e+07,0,0,0,6.97641e+07
48.7511,85.139,2.11028,0,0.02,3.38886,3.38886,0,0.635049,6.048,4.42214e+06,2.70226e+06,1.4986e+07,0,0,0,0,15.0698,61.308,2.1049,0,0.04,1.98555,1.98555,0,1.53398,3.38688,9.19011e+06,3.61194e+06,1.82475e+07,0,0,0,6.97641e+07
47.72,85.139,1.99557,0,0.02,3.38898,3.38898,0,0.635072,6.048,4.42214e+06,2.70226e+06,1.49866e+07,0,0,0,0,14.5618,61.308,1.99748,0,0.04,1.98563,1.98563,0,1.53404,3.38688,9.19011e+06,3.61194e+06,1.82481e+07,0,0,0,6.97641e+07
46.3818,85.139,1.66475,0,0.02,3.38911,3.38911,0,0.635096,6.048,4.42214e+06,2.70226e+06,1.49871e+07,0,0,0,0,14.0701,61.308,1.78137,0,0.04,1.9857,1.9857,0,1.5341,3.38688,9.19011e+06,3.61194e+06,1.82488e+07,0,0,0,6.97641e+07
44.8491,85.139,1.41793,0,0.02,3.35888,3.35888,0,0.635119,6.048,4.42214e+06,2.70226e+06,1.48534e+07,0,0,0,0,13.5161,61.308,1.68949,0,0.04,2.04176,2.04176,0,1.53415,3.38688,9.19011e+06,3.61194e+06,1.8764e+07,0,0,0,6.97641e+07
43.2258,85.139,1.29191,0,0.02,3.359,3.359,0,0.629454,6.048,4.42214e+06,2.70226e+06,1.4854e+07,0,0,0,0,12.8938,61.308,1.54004,0,0.04,2.04183,2.04183,0,1.57746,3.38688,9.19011e+06,3.61194e+06,1.87646e+07,0,0,0,6.97641e+07
41.5437,85.139,1.18049,0,0.02,3.35913,3.35913,0,0.629477,6.048,4.42214e+06,2.70226e+06,1.48545e+07,0,0,0,0,12.1904,61.308,1.47424,0,0.04,2.04191,2.04191,0,1.57752,3.38688,9.19011e+06,3.61194e+06,1.87653e+07,0,0,0,6.97641e+07
39.8431,85.139,1.09919,0,0.02,3.35925,3.35925,0,0.6295,6.048,4.42214e+06,2.70226e+06,1.48551e+07,0,0,0,0,11.2973,61.308,1.39174,0,0.04,2.04198,2.04198,0,1.57758,3.38688,9.19011e+06,3.61194e+06,1.8766e+07,0,0,0,6.97641e+07
38.0132,85.139,0.965001,0,0.02,3.43777,3.43777,0,0.629523,6.048,4.42214e+06,2.70226e+06,1.52023e+07,0,0,0,0,10.599,61.308,1.24168,0,0.04,2.09195,2.09195,0,1.57763,3.38688,9.19011e+06,3.61194e+06,1.92253e+07,0,0,0,6.97641e+07
36.2957,85.139,1.03344,0,0.02,3.4379,3.4379,0,0.644239,6.048,4.42214e+06,2.70226e+06,1.52029e+07,0,0,0,0,9.94388,61.308,1.47338,0,0.04,2.09203,2.09203,0,1.61624,3.38688,9.19011e+06,3.61194e+06,1.9226e+07,0,0,0,6.97641e+07
34.569,85.139,0.954939,0,0.02,3.43803,3.43803,0,0.644263,6.048,4.42214e+06,2.70226e+06,1.52034e+07,0,0,0,0,9.07604,61.308,1.42199,0,0.04,2.09211,2.09211,0,1.6163,3.38688,9.19011e+06,3.61194e+06,1.92267e+07,0,0,0,6.97641e+07
32.8222,85.139,0.869103,0,0.02,3.43815,3.43815,0,0.644286,6.048,4.42214e+06,2.70226e+06,1.5204e+07,0,0,0,0,8.04606,61.308,1.22657,0,0.04,2.09219,2.09219,0,1.61636,3.38688,9.19011e+06,3.61194e+06,1.92274e+07,0,0,0,6.97641e+07
30.8839,85.139,0.76245,0,0.02,3.66791,3.66791,0,0.64431,6.048,4.42214e+06,2.70226e+06,1.622e+07,0,0,0,0,7.00065,61.308,1.04199,0,0.04,2.2724,2.2724,0,1.61642,3.38688,9.19011e+06,3.61194e+06,2.08836e+07,0,0,0,6.97641e+07
29.117,85.139,0.835025,0,0.02,3.66804,3.66804,0,0.687366,6.048,4.42214e+06,2.70226e+06,1.62206e+07,0,0,0,0,5.77121,61.308,1.08374,0,0.04,2.27248,2.27248,0,1.75565,3.38688,9.19011e+06,3.61194e+06,2.08843e+07,0,0,0,6.97641e+07
27.2694,85.139,0.669956,0,0.02,3.66818,3.66818,0,0.687391,6.048,4.42214e+06,2.70226e+06,1.62212e+07,0,0,0,0,4.94334,61.308,0.779816,0,0.04,2.27256,2.27256,0,1.75572,3.38688,9.19011e+06,3.61194e+06,2.08851e+07,0,0,0,6.97641e+07
25.6831,85.139,0.814348,0,0.02,3.66831,3.66831,0,0.687417,6.048,4.42214e+06,2.70226e+06,1.62218e+07,0,0,0,0,3.91639,61.308,1.36875,0.01,0.04,2.27265,2.27265,0,1.75578,3.38688,9.19011e+06,3.61194e+06,2.08859e+07,0,0,0,6.97641e+07
23.9784,85.139,0.688513,0,0.02,3.66845,3.66845,0,0.687442,6.048,4.42214e+06,2.70226e+06,1.62224e+07,0,0,0,0,2.7543,61.308,0.983172,0.01,0.04,2.27273,2.27273,0,1.75585,3.38688,9.19011e+06,3.61194e+06,2.08867e+07,0,0,0,6.97641e+07
21.7317,85.139,0.731379,0,0.02,3.55665,3.55665,0,0.687467,6.048,4.42214e+06,2.70226e+06,1.5728e+07,0,0,0,0,1.77694,61.308,0.920973,0.01,0.04,2.16346,2.16346,0,1.75591,3.38688,9.19011e+06,3.61194e+06,1.98824e+07,0,0,0,6.97641e+07
21.6672,85.139,1.08776,0.13,0.02,3.55678,3.55678,0,0.666516,6.048,4.42214e+06,2.70226e+06,1.57286e+07,0,0,0,0,1.28606,61.308,1.12071,0.01,0.04,1.77694,2.16354,0.386595,1.67149,3.38688,9.19011e+06,3.61194e+06,1.63303e+07,0,0,0,6.97641e+07
21.1901,85.139,1.49417,0.27,0.02,3.55691,3.55691,0,0.666541,6.048,4.42214e+06,2.70226e+06,1.57292e+07,0,0,0,0,1.07707,61.308,1.81912,0.01,0.04,1.28606,2.16362,0.87756,1.37287,3.38688,9.19011e+06,3.61194e+06,1.1819e+07,0,0,0,6.97641e+07
20.5546,85.139,1.30627,0.36,0.02,3.55704,3.55704,0,0.666565,6.048,4.42214e+06,2.70226e+06,1.57297e+07,0,0,0,0,0.519692,61.308,1.28562,0.01,0.04,1.07707,2.1637,1.08663,0.99361,3.38688,9.19011e+06,3.61194e+06,9.89838e+06,0,0,0,6.97641e+07
19.7106,85.139,0.994775,0.31,0.02,3.46528,3.46528,0,0.66659,6.048,4.42214e+06,2.70226e+06,1.5324e+07,0,0,0,0,0.835242,61.308,0.664899,0.01,0.04,0.519692,2.06422,1.54453,0.832144,3.38688,9.19011e+06,3.61194e+06,4.77603e+06,0,0,0,6.97641e+07
18.9901,85.139,1.02343,0.22,0.02,3.46541,3.46541,0,0.649394,6.048,4.42214e+06,2.70226e+06,1.53245e+07,0,0,0,0,1.16512,61.308,1.22927,0.01,0.04,0.835242,2.0643,1.22906,0.401514,3.38688,9.19011e+06,3.61194e+06,7.67596e+06,0,0,0,6.97641e+07
20.0985,85.139,2.88548,0.23,0.02,3.46554,3.46554,0,0.649418,6.048,4.42214e+06,2.70226e+06,1.53251e+07,0,0,0,0,1.03046,61.308,2.72534,0.01,0.04,1.16512,2.06438,0.899259,0.645308,3.38688,9.19011e+06,3.61194e+06,1.07075e+07,0,0,0,6.97641e+07
20.2064,85.139,1.85369,0.43,0.02,3.14265,3.46567,0,0.649442,6.048,4.42214e+06,3.63146e+06,1.38973e+07,0,0,0,0,1.16284,61.308,1.14205,0.01,0.04,1.03046,2.06445,0.841578,0.900169,3.38688,9.19011e+06,4.85394e+06,9.47003e+06,0,0,0,6.97641e+07
20.1945,85.139,1.73909,0.37,0.02,3.20478,3.20478,0,0.588933,6.048,4.42214e+06,2.70226e+06,1.4172e+07,0,0,0,0,1.30284,61.308,1.48727,0.01,0.04,1.16284,1.85715,0.694308,0.796133,3.38688,9.19011e+06,3.61194e+06,1.06867e+07,0,0,0,6.97641e+07
20.2989,85.139,1.83177,0.35,0.02,3.2049,3.2049,0,0.600576,6.048,4.42214e+06,2.70226e+06,1.41725e+07,0,0,0,0,1.27201,61.308,2.01702,0.01,0.04,1.30284,1.85722,0.554386,0.898414,3.38688,9.19011e+06,3.61194e+06,1.19732e+07,0,0,0,6.97641e+07
20.8481,85.139,2.31551,0.38,0.02,3.20502,3.20502,0,0.600598,6.048,4.42214e+06,2.70226e+06,1.4173e+07,0,0,0,0,0.71692,61.308,1.7969,0.01,0.04,1.27201,1.85729,0.585274,1.00657,3.38688,9.19011e+06,3.61194e+06,1.169e+07,0,0,0,6.97641e+07
21.922,85.139,2.80382,0.4,0.02,2.9064,3.20513,0,0.60062,6.048,4.42214e+06,3.63146e+06,1.28525e+07,0,0,0,0,1.2958,61.308,1.25869,0.01,0.04,0.71692,1.85736,0.967325,0.982759,3.38688,9.19011e+06,4.85394e+06,6.58857e+06,0,0,0,6.97641e+07
23.3946,85.139,3.35031,0.43,0.02,2.90651,3.20525,0,0.54466,6.048,4.42214e+06,3.63146e+06,1.2853e+07,0,0,0,0,1.8182,61.308,3.01101,0.01,0.04,1.2958,1.85743,0.388504,0.553892,3.38688,9.19011e+06,4.85394e+06,1.19086e+07,0,0,0,6.97641e+07
28.7796,85.139,7.82522,0,0.02,3.30577,3.30577,0,0.54468,6.048,4.42214e+06,2.70226e+06,1.46186e+07,0,0,0,0,2.78812,61.308,6.06558,0.02,0.04,1.8182,1.91755,0.0993444,1.00114,3.38688,9.19011e+06,3.61194e+06,1.67095e+07,0,0,0,6.97641e+07
33.5312,85.139,7.71083,0,0.04,3.30587,3.30587,0,0.619502,6.048,4.42214e+06,2.70226e+06,1.4619e+07,0,0,0,0,3.91581,61.308,6.3811,0.02,0.04,1.91761,1.91761,0,1.40474,3.38688,9.19011e+06,3.61194e+06,1.7623e+07,0,0,0,6.97641e+07
38.5672,85.139,8.26452,0.27,0.04,3.30597,3.30597,0,0.619521,6.048,4.42214e+06,2.70226e+06,1.46195e+07,0,0,0,0,5.40626,61.308,7.65329,0.02,0.04,1.91766,1.91766,0,1.48154,3.38688,9.19011e+06,3.61194e+06,1.76235e+07,0,0,0,6.97641e+07
43.7025,85.139,8.57084,0,0.04,3.30607,3.30607,0,0.619539,6.048,4.42214e+06,2.70226e+06,1.46199e+07,0,0,0,0,6.28698,61.308,5.85885,0,0.04,1.91772,1.91772,0,1.48159,3.38688,9.19011e+06,3.61194e+06,1.7624e+07,0,0,0,6.97641e+07
46.9721,85.139,6.74794,0,0.04,3.62864,3.62864,0,0.619557,6.048,4.42214e+06,2.70226e+06,1.60464e+07,0,0,0,0,6.84295,61.308,4.04493,0,0.04,2.14326,2.14326,0,1.48163,3.38688,9.19011e+06,3.61194e+06,1.96968e+07,0,0,0,6.97641e+07
48.4327,85.139,4.97998,0,0.04,3.62875,3.62875,0,0.680007,6.048,4.42214e+06,2.70226e+06,1.60468e+07,0,0,0,0,7.93034,61.308,5.57645,0,0.04,2.14333,2.14333,0,1.65589,3.38688,9.19011e+06,3.61194e+06,1.96974e+07,0,0,0,6.97641e+07
51.6489,85.139,6.9124,0,0.04,3.62886,3.62886,0,0.680028,6.048,4.42214e+06,2.70226e+06,1.60473e+07,0,0,0,0,8.41599,61.308,4.76595,0,0.04,2.14339,2.14339,0,1.65594,3.38688,9.19011e+06,3.61194e+06,1.9698e+07,0,0,0,6.97641e+07
57.7994,85.139,9.94121,0,0.04,3.62896,3.62896,0,0.680048,6.048,4.42214e+06,2.70226e+06,1.60478e+07,0,0,0,0,9.05205,61.308,7.3424,0.01,0.04,2.14345,2.14345,0,1.65598,3.38688,9.19011e+06,3.61194e+06,1.96986e+07,0,0,0,6.97641e+07
61.7101,85.139,7.46937,0,0.04,3.16906,3.16906,0,0.680068,6.048,4.42214e+06,2.70226e+06,1.4014e+07,0,0,0,0,9.62477,61.308,6.34039,0.01,0.04,1.84087,1.84087,0,1.65603,3.38688,9.19011e+06,3.61194e+06,1.69178e+07,0,0,0,6.97641e+07
64.9012,85.139,6.81092,0,0.04,3.16916,3.16916,0,0.593882,6.048,4.42214e+06,2.70226e+06,1.40145e+07,0,0,0,0,10.4861,61.308,5.93082,0,0.04,1.84093,1.84093,0,1.42226,3.38688,9.19011e+06,3.61194e+06,1.69183e+07,0,0,0,6.97641e+07
68.318,85.139,6.94362,0,0.04,3.16925,3.16925,0,0.5939,6.048,4.42214e+06,2.70226e+06,1.40149e+07,0,0,0,0,11.3224,61.308,6.12452,0,0.04,1.84098,1.84098,0,1.4223,3.38688,9.19011e+06,3.61194e+06,1.69188e+07,0,0,0,6.97641e+07
70.8802,85.139,6.0535,0,0.04,3.16934,3.16934,0,0.593917,6.048,4.42214e+06,2.70226e+06,1.40153e+07,0,0,0,0,11.6367,61.308,4.94374,0,0.04,1.84104,1.84104,0,1.42234,3.38688,9.19011e+06,3.61194e+06,1.69193e+07,0,0,0,6.97641e+07
72.1625,85.139,4.8068,0,0.04,3.16944,3.16944,0,0.593935,6.048,4.42214e+06,2.70226e+06,1.40157e+07,0,0,0,0,11.9843,61.308,4.15632,0,0.04,1.84109,1.84109,0,1.42238,3.38688,9.19011e+06,3.61194e+06,1.69198e+07,0,0,0,6.97641e+07
72.5068,85.139,3.87397,0,0.04,3.28534,3.28534,0,0.593953,6.048,4.42214e+06,2.70226e+06,1.45282e+07,0,0,0,0,12.0579,61.308,2.58532,0,0.04,1.91519,1.91519,0,1.42243,3.38688,9.19011e+06,3.61194e+06,1.76008e+07,0,0,0,6.97641e+07
72.1263,85.139,3.11028,0,0.04,3.28544,3.28544,0,0.615673,6.048,4.42214e+06,2.70226e+06,1.45287e+07,0,0,0,0,11.9886,61.308,2.32883,0,0.04,1.91525,1.91525,0,1.47968,3.38688,9.19011e+06,3.61194e+06,1.76014e+07,0,0,0,6.97641e+07
71.7093,85.139,3.05702,0,0.04,3.28553,3.28553,0,0.615691,6.048,4.42214e+06,2.70226e+06,1.45291e+07,0,0,0,0,11.8048,61.308,2.50946,0,0.04,1.91531,1.91531,0,1.47972,3.38688,9.19011e+06,3.61194e+06,1.76019e+07,0,0,0,6.97641e+07
71.3997,85.139,3.137,0,0.04,3.28563,3.28563,0,0.615709,6.048,4.42214e+06,2.70226e+06,1.45295e+07,0,0,0,0,11.6138,61.308,2.30182,0,0.04,1.91536,1.91536,0,1.47977,3.38688,9.19011e+06,3.61194e+06,1.76024e+07,0,0,0,6.97641e+07
70.7934,85.139,2.80705,0,0.04,3.24044,3.24044,0,0.615727,6.048,4.42214e+06,2.70226e+06,1.43297e+07,0,0,0,0,11.3826,61.308,2.22363,0,0.04,1.88666,1.88666,0,1.47981,3.38688,9.19011e+06,3.61194e+06,1.73386e+07,0,0,0,6.97641e+07
70.059,85.139,2.57405,0,0.04,3.24054,3.24054,0,0.607259,6.048,4.42214e+06,2.70226e+06,1.43301e+07,0,0,0,0,11.1088,61.308,2.00649,0,0.04,1.88671,1.88671,0,1.45763,3.38688,9.19011e+06,3.61194e+06,1.73391e+07,0,0,0,6.97641e+07
69.2652,85.139,2.50335,0,0.04,3.24063,3.24063,0,0.607277,6.048,4.42214e+06,2.70226e+06,1.43305e+07,0,0,0,0,10.8895,61.308,2.22324,0,0.04,1.88677,1.88677,0,1.45767,3.38688,9.19011e+06,3.61194e+06,1.73396e+07,0,0,0,6.97641e+07
68.4018,85.139,2.41986,0,0.04,3.24073,3.24073,0,0.607295,6.048,4.42214e+06,2.70226e+06,1.4331e+07,0,0,0,0,10.571,61.308,2.02584,0,0.04,1.88682,1.88682,0,1.45772,3.38688,9.19011e+06,3.61194e+06,1.73401e+07,0,0,0,6.97641e+07
67.1819,85.139,2.14978,0,0.04,3.39456,3.39456,0,0.607313,6.048,4.42214e+06,2.70226e+06,1.50112e+07,0,0,0,0,10.1054,61.308,1.77798,0,0.04,1.98889,1.98889,0,1.45776,3.38688,9.19011e+06,3.61194e+06,1.82782e+07,0,0,0,6.97641e+07
65.8435,85.139,2.0031,0,0.04,3.39466,3.39466,0,0.636141,6.048,4.42214e+06,2.70226e+06,1.50117e+07,0,0,0,0,9.58322,61.308,1.74997,0,0.04,1.98895,1.98895,0,1.53662,3.38688,9.19011e+06,3.61194e+06,1.82787e+07,0,0,0,6.97641e+07
64.4348,85.139,1.91221,0,0.04,3.39476,3.39476,0,0.636159,6.048,4.42214e+06,2.70226e+06,1.50121e+07,0,0,0,0,9.09866,61.308,1.69444,0,0.04,1.98901,1.98901,0,1.53667,3.38688,9.19011e+06,3.61194e+06,1.82792e+07,0,0,0,6.97641e+07
62.9234,85.139,1.7876,0,0.04,3.39486,3.39486,0,0.636178,6.048,4.42214e+06,2.70226e+06,1.50126e+07,0,0,0,0,8.73296,61.308,1.59673,0,0.04,1.98907,1.98907,0,1.53671,3.38688,9.19011e+06,3.61194e+06,1.82798e+07,0,0,0,6.97641e+07
61.3832,85.139,1.69011,0,0.04,3.39496,3.39496,0,0.636197,6.048,4.42214e+06,2.70226e+06,1.5013e+07,0,0,0,0,8.30513,61.308,1.71225,0,0.04,1.98913,1.98913,0,1.53676,3.38688,9.19011e+06,3.61194e+06,1.82803e+07,0,0,0,6.97641e+07
59.7946,85.139,1.61128,0,0.04,3.36465,3.36465,0,0.636216,6.048,4.42214e+06,2.70226e+06,1.4879e+07,0,0,0,0,7.85155,61.308,1.79132,0,0.04,2.04527,2.04527,0,1.5368,3.38688,9.19011e+06,3.61194e+06,1.87962e+07,0,0,0,6.97641e+07
58.0827,85.139,1.46621,0,0.04,3.36475,3.36475,0,0.630536,6.048,4.42214e+06,2.70226e+06,1.48794e+07,0,0,0,0,7.3294,61.308,1.70416,0,0.04,2.04533,2.04533,0,1.58017,3.38688,9.19011e+06,3.61194e+06,1.87968e+07,0,0,0,6.97641e+07
56.2738,85.139,1.33243,0,0.04,3.36485,3.36485,0,0.630555,6.048,4.42214e+06,2.70226e+06,1.48799e+07,0,0,0,0,6.80101,61.308,1.55535,0,0.04,2.04539,2.04539,0,1.58022,3.38688,9.19011e+06,3.61194e+06,1.87973e+07,0,0,0,6.97641e+07
54.4485,85.139,1.26148,0,0.04,3.36495,3.36495,0,0.630574,6.048,4.42214e+06,2.70226e+06,1.48803e+07,0,0,0,0,6.1757,61.308,1.55203,0,0.04,2.04545,2.04545,0,1.58027,3.38688,9.19011e+06,3.61194e+06,1.87979e+07,0,0,0,6.97641e+07
52.6366,85.139,1.31204,0,0.04,3.44359,3.44359,0,0.630592,6.048,4.42214e+06,2.70226e+06,1.5228e+07,0,0,0,0,5.73483,61.308,1.60629,0,0.04,2.09549,2.09549,0,1.58031,3.38688,9.19011e+06,3.61194e+06,1.92578e+07,0,0,0,6.97641e+07
50.8234,85.139,1.28155,0,0.04,3.44369,3.44369,0,0.645328,6.048,4.42214e+06,2.70226e+06,1.52285e+07,0,0,0,0,5.23629,61.308,1.68306,0,0.04,2.09555,2.09555,0,1.61898,3.38688,9.19011e+06,3.61194e+06,1.92584e+07,0,0,0,6.97641e+07
48.9638,85.139,1.1968,0,0.04,3.44379,3.44379,0,0.645347,6.048,4.42214e+06,2.70226e+06,1.52289e+07,0,0,0,0,4.6424,61.308,1.59935,0,0.04,2.09561,2.09561,0,1.61902,3.38688,9.19011e+06,3.61194e+06,1.92589e+07,0,0,0,6.97641e+07
47.0456,85.139,1.09845,0,0.04,3.44389,3.44389,0,0.645366,6.048,4.42214e+06,2.70226e+06,1.52294e+07,0,0,0,0,4.06424,61.308,1.49205,0.02,0.04,2.09568,2.09568,0,1.61907,3.38688,9.19011e+06,3.61194e+06,1.92595e+07,0,0,0,6.97641e+07
45.0184,85.139,1.10866,0,0.04,3.674,3.674,0,0.645385,6.048,4.42214e+06,2.70226e+06,1.6247e+07,0,0,0,0,3.31506,61.308,1.48522,0.02,0.04,2.27617,2.27617,0,1.61912,3.38688,9.19011e+06,3.61194e+06,2.09183e+07,0,0,0,6.97641e+07
42.9088,85.139,0.991357,0,0.04,3.67411,3.67411,0,0.688508,6.048,4.42214e+06,2.70226e+06,1.62474e+07,0,0,0,0,2.21769,61.308,1.30544,0.02,0.04,2.27624,2.27624,0,1.75857,3.38688,9.19011e+06,3.61194e+06,2.09189e+07,0,0,0,6.97641e+07
40.6865,85.139,0.820929,0,0.04,3.67422,3.67422,0,0.688528,6.048,4.42214e+06,2.70226e+06,1.62479e+07,0,0,0,0,1.60143,61.308,0.904721,0.02,0.04,2.21769,2.27631,0.0586187,1.75862,3.38688,9.19011e+06,3.61194e+06,2.03808e+07,0,0,0,6.97641e+07
38.7151,85.139,1.00882,0,0.04,3.67433,3.67433,0,0.688549,6.048,4.42214e+06,2.70226e+06,1.62484e+07,0,0,0,0,1.04905,61.308,1.73828,0.01,0.04,1.60143,2.27637,0.674945,1.71339,3.38688,9.19011e+06,3.61194e+06,1.47173e+07,0,0,0,6.97641e+07
36.941,85.139,1.13809,0,0.04,3.67444,3.67444,0,0.688569,6.048,4.42214e+06,2.70226e+06,1.62489e+07,0,0,0,0,0.960353,61.308,1.41313,0.01,0.04,1.04905,2.27644,1.22739,1.23726,3.38688,9.19011e+06,3.61194e+06,9.64091e+06,0,0,0,6.97641e+07
35.1099,85.139,0.975142,0,0.04,3.56243,3.56243,0,0.688589,6.048,4.42214e+06,2.70226e+06,1.57536e+07,0,0,0,0,0.616469,61.308,1.32784,0.01,0.04,0.960353,2.16698,1.20662,0.810499,3.38688,9.19011e+06,3.61194e+06,8.82575e+06,0,0,0,6.97641e+07
32.975,85.139,0.585686,0,0.04,3.56254,3.56254,0,0.6676,6.048,4.42214e+06,2.70226e+06,1.5754e+07,0,0,0,0,0.561394,61.308,0.817537,0.01,0.04,0.616469,2.16704,1.55057,0.741969,3.38688,9.19011e+06,3.61194e+06,5.66542e+06,0,0,0,6.97641e+07
31.1075,85.139,0.794052,0,0.04,3.56264,3.56264,0,0.667619,6.048,4.42214e+06,2.70226e+06,1.57545e+07,0,0,0,0,1.27992,61.308,1.00299,0.01,0.04,0.561394,2.1671,1.60571,0.476284,3.38688,9.19011e+06,3.61194e+06,5.15927e+06,0,0,0,6.97641e+07
30.5079,85.139,2.05188,0,0.04,3.56275,3.56275,0,0.667639,6.048,4.42214e+06,2.70226e+06,1.5755e+07,0,0,0,0,1.1888,61.308,2.10202,0.01,0.04,1.27992,2.16717,0.887245,0.433733,3.38688,9.19011e+06,3.61194e+06,1.17626e+07,0,0,0,6.97641e+07
29.1551,85.139,1.2201,0,0.04,3.47081,3.47081,0,0.667659,6.048,4.42214e+06,2.70226e+06,1.53484e+07,0,0,0,0,0.68768,61.308,1.22942,0.01,0.04,1.1888,2.06752,0.878715,0.988869,3.38688,9.19011e+06,3.61194e+06,1.09252e+07,0,0,0,6.97641e+07
27.6789,85.139,1.03948,0,0.04,3.47092,3.47092,0,0.650431,6.048,4.42214e+06,2.70226e+06,1.53489e+07,0,0,0,0,1.15385,61.308,0.90406,0.01,0.04,0.68768,2.06758,1.3799,0.918469,3.38688,9.19011e+06,3.61194e+06,6.31986e+06,0,0,0,6.97641e+07
26.6027,85.139,1.37236,0,0.04,3.47102,3.47102,0,0.65045,6.048,4.42214e+06,2.70226e+06,1.53493e+07,0,0,0,0,1.44357,61.308,2.24291,0.01,0.04,1.15385,2.06764,0.913795,0.531302,3.38688,9.19011e+06,3.61194e+06,1.0604e+07,0,0,0,6.97641e+07
27.8083,85.139,3.73486,0,0.04,3.47112,3.47112,0,0.650469,6.048,4.42214e+06,2.70226e+06,1.53498e+07,0,0,0,0,2.10755,61.308,4.31955,0.01,0.04,1.44357,2.0677,0.624132,0.891461,3.38688,9.19011e+06,3.61194e+06,1.32666e+07,0,0,0,6.97641e+07
27.7221,85.139,2.29472,0,0.04,3.2098,3.2098,0,0.650488,6.048,4.42214e+06,2.70226e+06,1.41942e+07,0,0,0,0,1.84562,61.308,1.80603,0.01,0.04,1.86006,1.86006,0,1.1153,3.38688,9.19011e+06,3.61194e+06,1.70942e+07,0,0,0,6.97641e+07
27.4656,85.139,2.10265,0,0.04,3.2099,3.2099,0,0.601517,6.048,4.42214e+06,2.70226e+06,1.41946e+07,0,0,0,0,1.47594,61.308,2.10883,0.01,0.04,1.84562,1.86012,0.0145006,1.43708,3.38688,9.19011e+06,3.61194e+06,1.69614e+07,0,0,0,6.97641e+07
27.8358,85.139,2.74535,0,0.04,3.20999,3.20999,0,0.601535,6.048,4.42214e+06,2.70226e+06,1.4195e+07,0,0,0,0,1.25354,61.308,2.61373,0.01,0.04,1.47594,1.86017,0.384235,1.42592,3.38688,9.19011e+06,3.61194e+06,1.3564e+07,0,0,0,6.97641e+07
28.4712,85.139,3.04944,0,0.04,3.21009,3.21009,0,0.601553,6.048,4.42214e+06,2.70226e+06,1.41955e+07,0,0,0,0,1.28402,61.308,1.68633,0.01,0.04,1.25354,1.86023,0.606689,1.14031,3.38688,9.19011e+06,3.61194e+06,1.15202e+07,0,0,0,6.97641e+07
30.1339,85.139,4.15968,0,0.04,3.21018,3.21018,0,0.60157,6.048,4.42214e+06,2.70226e+06,1.41959e+07,0,0,0,0,1.76659,61.308,2.3589,0.02,0.04,1.28402,1.86028,0.576265,0.968484,3.38688,9.19011e+06,3.61194e+06,1.18003e+07,0,0,0,6.97641e+07
32.7137,85.139,5.25769,0,0.04,3.31084,3.31084,0,0.601588,6.048,4.42214e+06,2.70226e+06,1.4641e+07,0,0,0,0,1.71188,61.308,2.58549,0.02,0.04,1.76659,1.92048,0.153892,0.992032,3.38688,9.19011e+06,3.61194e+06,1.62352e+07,0,0,0,6.97641e+07
36.128,85.139,6.30665,0,0.04,3.31091,3.31091,0,0.620451,6.048,4.42214e+06,2.70226e+06,1.46413e+07,0,0,0,0,1.49478,61.308,2.51596,0.02,0.04,1.92053,1.92053,0,1.36487,3.38688,9.19011e+06,3.61194e+06,1.76498e+07,0,0,0,6.97641e+07
37.6606,85.139,4.43243,0,0.04,3.31098,3.31098,0,0.620464,6.048,4.42214e+06,2.70226e+06,1.46416e+07,0,0,0,0,1.17789,61.308,1.95632,0.02,0.04,1.49478,1.92057,0.425786,1.4838,3.38688,9.19011e+06,3.61194e+06,1.37372e+07,0,0,0,6.97641e+07
38.8004,85.139,4.0706,0,0.04,3.31106,3.31106,0,0.620478,6.048,4.42214e+06,2.70226e+06,1.4642e+07,0,0,0,0,1.15675,61.308,1.72689,0.02,0.04,1.17789,1.92061,0.742726,1.15487,3.38688,9.19011e+06,3.61194e+06,1.08249e+07,0,0,0,6.97641e+07
40.1675,85.139,4.64561,0,0.04,3.63409,3.63409,0,0.620492,6.048,4.42214e+06,2.70226e+06,1.60705e+07,0,0,0,0,1.38547,61.308,1.72983,0.02,0.04,1.15675,2.14648,0.989729,0.910035,3.38688,9.19011e+06,3.61194e+06,1.06307e+07,0,0,0,6.97641e+07
42.7756,85.139,6.0029,0,0.04,3.63417,3.63417,0,0.681029,6.048,4.42214e+06,2.70226e+06,1.60708e+07,0,0,0,0,1.62682,61.308,2.96162,0.04,0.04,1.38547,2.14653,0.761057,0.893709,3.38688,9.19011e+06,3.61194e+06,1.27327e+07,0,0,0,6.97641e+07
45.5796,85.139,6.32103,0,0.04,3.63425,3.63425,0,0.681044,6.048,4.42214e+06,2.70226e+06,1.60712e+07,0,0,0,0,1.60821,61.308,2.6794,0.04,0.04,1.62682,2.14658,0.519755,1.07042,3.38688,9.19011e+06,3.61194e+06,1.49507e+07,0,0,0,6.97641e+07
48.4512,85.139,6.42968,0,0.04,3.63433,3.63433,0,0.681059,6.048,4.42214e+06,2.70226e+06,1.60715e+07,0,0,0,0,1.82711,61.308,3.94485,0.03,0.04,1.60821,2.14663,0.538414,1.25688,3.38688,9.19011e+06,3.61194e+06,1.47796e+07,0,0,0,6.97641e+07
53.7087,85.139,8.78096,0,0.04,3.17373,3.17373,0,0.681074,6.048,4.42214e+06,2.70226e+06,1.40347e+07,0,0,0,0,2.02134,61.308,5.06002,0.06,0.04,1.82711,1.84358,0.0164705,1.24251,3.38688,9.19011e+06,3.61194e+06,1.67914e+07,0,0,0,6.97641e+07
57.7004,85.139,7.55328,0,0.04,3.1738,3.1738,0,0.594757,6.048,4.42214e+06,2.70226e+06,1.4035e+07,0,0,0,0,2.20518,61.308,4.89251,0.06,0.04,1.84363,1.84363,0,1.41163,3.38688,9.19011e+06,3.61194e+06,1.69431e+07,0,0,0,6.97641e+07
63.6567,85.139,9.67149,0,0.04,3.17387,3.17387,0,0.59477,6.048,4.42214e+06,2.70226e+06,1.40353e+07,0,0,0,0,2.8683,61.308,6.81383,0.06,0.04,1.84367,1.84367,0,1.42438,3.38688,9.19011e+06,3.61194e+06,1.69435e+07,0,0,0,6.97641e+07
67.2158,85.139,7.2144,0,0.04,3.17394,3.17394,0,0.594784,6.048,4.42214e+06,2.70226e+06,1.40356e+07,0,0,0,0,3.00282,61.308,4.71513,0.06,0.04,1.84371,1.84371,0,1.42442,3.38688,9.19011e+06,3.61194e+06,1.69439e+07,0,0,0,6.97641e+07
70.6796,85.139,7.20025,0,0.04,3.17401,3.17401,0,0.594797,6.048,4.42214e+06,2.70226e+06,1.40359e+07,0,0,0,0,3.04545,61.308,4.44372,0.06,0.04,1.84375,1.84375,0,1.42445,3.38688,9.19011e+06,3.61194e+06,1.69443e+07,0,0,0,6.97641e+07
73.7178,85.139,6.94327,0,0.04,3.29006,3.29006,0,0.59481,6.048,4.42214e+06,2.70226e+06,1.45491e+07,0,0,0,0,3.2679,61.308,4.5511,0.06,0.04,1.91795,1.91795,0,1.42448,3.38688,9.19011e+06,3.61194e+06,1.76261e+07,0,0,0,6.97641e+07
77.5552,85.139,7.79441,0,0.04,3.29013,3.29013,0,0.616557,6.048,4.42214e+06,2.70226e+06,1.45494e+07,0,0,0,0,3.47776,61.308,4.08366,0.07,0.04,1.91799,1.91799,0,1.4818,3.38688,9.19011e+06,3.61194e+06,1.76265e+07,0,0,0,6.97641e+07
79.9852,85.139,6.26496,0,0.04,3.29021,3.29021,0,0.616571,6.048,4.42214e+06,2.70226e+06,1.45498e+07,0,0,0,0,3.5675,61.308,4.11907,0.07,0.04,1.91803,1.91803,0,1.48184,3.38688,9.19011e+06,3.61194e+06,1.76269e+07,0,0,0,6.97641e+07
81.2417,85.139,5.03841,0,0.04,3.29028,3.29028,0,0.616585,6.048,4.42214e+06,2.70226e+06,1.45501e+07,0,0,0,0,3.40366,61.308,2.71106,0.07,0.04,1.91807,1.91807,0,1.48187,3.38688,9.19011e+06,3.61194e+06,1.76273e+07,0,0,0,6.97641e+07
82.6054,85.139,5.04668,0,0.04,3.245,3.245,0,0.616598,6.048,4.42214e+06,2.70226e+06,1.43499e+07,0,0,0,0,3.18238,61.308,2.76051,0.07,0.04,1.88931,1.88931,0,1.4819,3.38688,9.19011e+06,3.61194e+06,1.7363e+07,0,0,0,6.97641e+07
83.5017,85.139,4.56797,0,0.04,3.24508,3.24508,0,0.608114,6.048,4.42214e+06,2.70226e+06,1.43502e+07,0,0,0,0,2.89179,61.308,2.28886,0.05,0.04,1.88935,1.88935,0,1.45968,3.38688,9.19011e+06,3.61194e+06,1.73634e+07,0,0,0,6.97641e+07
85.139,85.139,5.45018,0,0.04,3.24515,3.24515,0,0.608127,6.048,4.42214e+06,2.70226e+06,1.43505e+07,0,0,0,0,2.58123,61.308,2.34329,0.06,0.04,1.8894,1.8894,0,1.45972,3.38688,9.19011e+06,3.61194e+06,1.73638e+07,0,0,0,6.97641e+07
85.139,85.139,4.17771,0,0.04,3.24522,3.24522,0,0.608141,6.048,4.42214e+06,2.70226e+06,1.43508e+07,0,0,0,0,2.24428,61.308,2.28102,0.06,0.04,1.88944,1.88944,0,1.45975,3.38688,9.19011e+06,3.61194e+06,1.73642e+07,0,0,0,6.97641e+07
85.139,85.139,4.03095,0,0.04,3.39924,3.39924,0,0.608154,6.048,4.42214e+06,2.70226e+06,1.50319e+07,0,0,0,0,1.89641,61.308,2.04665,0.05,0.04,1.99164,1.99164,0,1.45978,3.38688,9.19011e+06,3.61194e+06,1.83034e+07,0,0,0,6.97641e+07
85.139,85.139,3.961,0,0.04,3.39932,3.39932,0,0.637018,6.048,4.42214e+06,2.70226e+06,1.50323e+07,0,0,0,0,1.53629,61.308,1.92077,0.04,0.04,1.89641,1.99168,0.0952726,1.53874,3.38688,9.19011e+06,3.61194e+06,1.74282e+07,0,0,0,6.97641e+07
85.139,85.139,3.89082,0,0.04,3.39939,3.39939,0,0.637032,6.048,4.42214e+06,2.70226e+06,1.50326e+07,0,0,0,0,1.33497,61.308,1.95147,0.03,0.04,1.53629,1.99173,0.455434,1.46517,3.38688,9.19011e+06,3.61194e+06,1.41187e+07,0,0,0,6.97641e+07
85.0354,85.139,3.48946,0,0.04,3.39947,3.39947,0,0.637046,6.048,4.42214e+06,2.70226e+06,1.50329e+07,0,0,0,0,1.32062,61.308,2.00336,0.03,0.04,1.33497,1.99177,0.656798,1.18694,3.38688,9.19011e+06,3.61194e+06,1.22685e+07,0,0,0,6.97641e+07
84.7798,85.139,3.3365,0,0.04,3.39954,3.39954,0,0.63706,6.048,4.42214e+06,2.70226e+06,1.50333e+07,0,0,0,0,1.32718,61.308,1.93882,0.03,0.04,1.32062,1.99181,0.671191,1.0314,3.38688,9.19011e+06,3.61194e+06,1.21367e+07,0,0,0,6.97641e+07
84.4264,85.139,3.18367,0,0.04,3.36917,3.36917,0,0.637074,6.048,4.42214e+06,2.70226e+06,1.48989e+07,0,0,0,0,1.34706,61.308,1.79668,0.03,0.04,1.32718,2.04801,0.720831,1.02031,3.38688,9.19011e+06,3.61194e+06,1.21969e+07,0,0,0,6.97641e+07
83.9442,85.139,3.03105,0,0.04,3.36925,3.36925,0,0.631383,6.048,4.42214e+06,2.70226e+06,1.48993e+07,0,0,0,0,1.32226,61.308,1.76499,0.03,0.04,1.34706,2.04806,0.700996,1.02538,3.38688,9.19011e+06,3.61194e+06,1.23796e+07,0,0,0,6.97641e+07
83.2985,85.139,2.8493,0,0.04,3.36932,3.36932,0,0.631397,6.048,4.42214e+06,2.70226e+06,1.48996e+07,0,0,0,0,1.3038,61.308,1.79386,0.03,0.04,1.32226,2.0481,0.72584,1.04074,3.38688,9.19011e+06,3.61194e+06,1.21517e+07,0,0,0,6.97641e+07
82.441,85.139,2.62957,0,0.04,3.3694,3.3694,0,0.631411,6.048,4.42214e+06,2.70226e+06,1.48999e+07,0,0,0,0,1.15013,61.308,1.70052,0.03,0.04,1.3038,2.04815,0.744348,1.02158,3.38688,9.19011e+06,3.61194e+06,1.19821e+07,0,0,0,6.97641e+07
81.5949,85.139,2.64903,0,0.04,3.44811,3.44811,0,0.631425,6.048,4.42214e+06,2.70226e+06,1.5248e+07,0,0,0,0,1.20955,61.308,1.52489,0.02,0.04,1.15013,2.09824,0.948109,1.00732,3.38688,9.19011e+06,3.61194e+06,1.05699e+07,0,0,0,6.97641e+07
80.7627,85.139,2.68797,0,0.04,3.44819,3.44819,0,0.646176,6.048,4.42214e+06,2.70226e+06,1.52484e+07,0,0,0,0,1.15296,61.308,1.59233,0.02,0.04,1.20955,2.09829,0.888735,0.888593,3.38688,9.19011e+06,3.61194e+06,1.11159e+07,0,0,0,6.97641e+07
79.776,85.139,2.49486,0,0.04,3.44826,3.44826,0,0.64619,6.048,4.42214e+06,2.70226e+06,1.52487e+07,0,0,0,0,0.974424,61.308,1.54502,0.02,0.04,1.15296,2.09834,0.945372,0.934502,3.38688,9.19011e+06,3.61194e+06,1.05959e+07,0,0,0,6.97641e+07
78.5852,85.139,2.27161,0,0.04,3.44834,3.44834,0,0.646204,6.048,4.42214e+06,2.70226e+06,1.5249e+07,0,0,0,0,1.17813,61.308,1.34041,0.02,0.04,0.974424,2.09838,1.12396,0.89078,3.38688,9.19011e+06,3.61194e+06,8.95507e+06,0,0,0,6.97641e+07
77.6174,85.139,2.66427,0,0.04,3.67872,3.67872,0,0.646219,6.048,4.42214e+06,2.70226e+06,1.62678e+07,0,0,0,0,1.07851,61.308,1.72348,0.02,0.04,1.17813,2.2791,1.10097,0.75284,3.38688,9.19011e+06,3.61194e+06,1.08271e+07,0,0,0,6.97641e+07
76.5438,85.139,2.53975,0,0.04,3.6788,3.6788,0,0.689392,6.048,4.42214e+06,2.70226e+06,1.62682e+07,0,0,0,0,1.20226,61.308,1.40809,0.02,0.04,1.07851,2.27915,1.20064,0.91022,3.38688,9.19011e+06,3.61194e+06,9.91163e+06,0,0,0,6.97641e+07
75.6364,85.139,2.72869,0,0.04,3.67889,3.67889,0,0.689408,6.048,4.42214e+06,2.70226e+06,1.62685e+07,0,0,0,0,0.962012,61.308,1.73473,0.02,0.04,1.20226,2.2792,1.07694,0.833257,3.38688,9.19011e+06,3.61194e+06,1.10489e+07,0,0,0,6.97641e+07
74.2793,85.139,2.25874,0,0.04,3.67897,3.67897,0,0.689423,6.048,4.42214e+06,2.70226e+06,1.62689e+07,0,0,0,0,1.16915,61.308,1.20305,0.01,0.04,0.962012,2.27925,1.31724,0.928864,3.38688,9.19011e+06,3.61194e+06,8.841e+06,0,0,0,6.97641e+07
73.4354,85.139,2.76425,0,0.04,3.67905,3.67905,0,0.689438,6.048,4.42214e+06,2.70226e+06,1.62693e+07,0,0,0,0,1.366,61.308,2.34112,0.01,0.04,1.16915,2.2793,1.11015,0.743251,3.38688,9.19011e+06,3.61194e+06,1.07447e+07,0,0,0,6.97641e+07
72.2137,85.139,2.27144,0,0.04,3.56688,3.56688,0,0.689454,6.048,4.42214e+06,2.70226e+06,1.57732e+07,0,0,0,0,1.09551,61.308,1.5163,0.01,0.04,1.366,2.16968,0.803684,0.903289,3.38688,9.19011e+06,3.61194e+06,1.25537e+07,0,0,0,6.97641e+07
71.2274,85.139,2.53675,0,0.04,3.56696,3.56696,0,0.668433,6.048,4.42214e+06,2.70226e+06,1.57736e+07,0,0,0,0,1.20175,61.308,1.42699,0.01,0.04,1.09551,2.16973,1.07422,1.05537,3.38688,9.19011e+06,3.61194e+06,1.00679e+07,0,0,0,6.97641e+07
71.0317,85.139,3.37165,0,0.04,3.56704,3.56704,0,0.668448,6.048,4.42214e+06,2.70226e+06,1.57739e+07,0,0,0,0,1.28821,61.308,1.95089,0.01,0.04,1.20175,2.16978,0.968027,0.846391,3.38688,9.19011e+06,3.61194e+06,1.10442e+07,0,0,0,6.97641e+07
71.8019,85.139,4.50139,0,0.04,3.56712,3.56712,0,0.668463,6.048,4.42214e+06,2.70226e+06,1.57743e+07,0,0,0,0,1.44313,61.308,2.73868,0.01,0.04,1.28821,2.16983,0.881619,0.928473,3.38688,9.19011e+06,3.61194e+06,1.18388e+07,0,0,0,6.97641e+07
70.4519,85.139,2.23331,0,0.04,3.47505,3.47505,0,0.668478,6.048,4.42214e+06,2.70226e+06,1.53671e+07,0,0,0,0,1.254,61.308,1.78869,0.01,0.04,1.44313,2.07004,0.626906,0.995269,3.38688,9.19011e+06,3.61194e+06,1.32625e+07,0,0,0,6.97641e+07
70.4423,85.139,3.59459,0,0.04,3.47512,3.47512,0,0.651224,6.048,4.42214e+06,2.70226e+06,1.53675e+07,0,0,0,0,1.34984,61.308,2.09642,0.01,0.04,1.254,2.07009,0.816088,1.11496,3.38688,9.19011e+06,3.61194e+06,1.15244e+07,0,0,0,6.97641e+07
71.2283,85.139,4.49214,0,0.04,3.4752,3.4752,0,0.651238,6.048,4.42214e+06,2.70226e+06,1.53678e+07,0,0,0,0,1.42779,61.308,2.53631,0.01,0.04,1.34984,2.07013,0.720295,0.968838,3.38688,9.19011e+06,3.61194e+06,1.24051e+07,0,0,0,6.97641e+07
72.0003,85.139,4.53805,0,0.04,3.47528,3.47528,0,0.651253,6.048,4.42214e+06,2.70226e+06,1.53682e+07,0,0,0,0,1.43898,61.308,2.4896,0.01,0.04,1.42779,2.07018,0.64239,1.04288,3.38688,9.19011e+06,3.61194e+06,1.31215e+07,0,0,0,6.97641e+07
72.8225,85.139,4.3732,0,0.04,3.21362,3.21362,0,0.651267,6.048,4.42214e+06,2.70226e+06,1.42111e+07,0,0,0,0,1.81218,61.308,2.83821,0.01,0.04,1.43898,1.86228,0.423292,1.10311,3.38688,9.19011e+06,3.61194e+06,1.32244e+07,0,0,0,6.97641e+07
72.0044,85.139,2.72975,0,0.04,3.21369,3.21369,0,0.602233,6.048,4.42214e+06,2.70226e+06,1.42114e+07,0,0,0,0,1.7425,61.308,2.7816,0.01,0.04,1.81218,1.86232,0.0501377,1.11176,3.38688,9.19011e+06,3.61194e+06,1.66541e+07,0,0,0,6.97641e+07
74.7862,85.139,6.37162,0,0.04,3.21377,3.21377,0,0.602246,6.048,4.42214e+06,2.70226e+06,1.42117e+07,0,0,0,0,2.01581,61.308,4.03682,0.01,0.04,1.7425,1.86236,0.119857,1.40009,3.38688,9.19011e+06,3.61194e+06,1.60138e+07,0,0,0,6.97641e+07
76.8163,85.139,5.90112,0,0.04,3.21384,3.21384,0,0.60226,6.048,4.42214e+06,2.70226e+06,1.4212e+07,0,0,0,0,2.02694,61.308,3.1026,0.02,0.04,1.8624,1.8624,0,1.34626,3.38688,9.19011e+06,3.61194e+06,1.71157e+07,0,0,0,6.97641e+07
77.115,85.139,3.96042,0,0.04,3.21391,3.21391,0,0.602273,6.048,4.42214e+06,2.70226e+06,1.42124e+07,0,0,0,0,2.02986,61.308,3.1214,0.03,0.04,1.86244,1.86244,0,1.43889,3.38688,9.19011e+06,3.61194e+06,1.71161e+07,0,0,0,6.97641e+07
83.7505,85.139,10.7982,0,0.04,3.31466,3.31466,0,0.602287,6.048,4.42214e+06,2.70226e+06,1.46579e+07,0,0,0,0,2.47777,61.308,5.50185,0.03,0.04,1.9227,1.9227,0,1.43892,3.38688,9.19011e+06,3.61194e+06,1.76698e+07,0,0,0,6.97641e+07
85.139,85.139,13.3638,0,0.04,3.31471,3.31471,0,0.621167,6.048,4.42214e+06,2.70226e+06,1.46581e+07,0,0,0,0,3.83164,61.308,8.85117,0.04,0.04,1.92273,1.92273,0,1.48548,3.38688,9.19011e+06,3.61194e+06,1.76701e+07,0,0,0,6.97641e+07
85.139,85.139,8.2977,0,0.04,3.31476,3.31476,0,0.621176,6.048,4.42214e+06,2.70226e+06,1.46583e+07,0,0,0,0,4.79821,61.308,6.15004,0.07,0.04,1.92276,1.92276,0,1.4855,3.38688,9.19011e+06,3.61194e+06,1.76704e+07,0,0,0,6.97641e+07
85.139,85.139,7.58633,0,0.04,3.31481,3.31481,0,0.621185,6.048,4.42214e+06,2.70226e+06,1.46585e+07,0,0,0,0,4.95883,61.308,3.82338,0.07,0.04,1.92279,1.92279,0,1.48552,3.38688,9.19011e+06,3.61194e+06,1.76706e+07,0,0,0,6.97641e+07
85.139,85.139,6.46993,0,0.04,3.63818,3.63818,0,0.621195,6.048,4.42214e+06,2.70226e+06,1.60885e+07,0,0,0,0,5.52964,61.308,4.79052,0.07,0.04,2.1489,2.1489,0,1.48555,3.38688,9.19011e+06,3.61194e+06,1.97486e+07,0,0,0,6.97641e+07
85.139,85.139,6.37998,0,0.04,3.63824,3.63824,0,0.681795,6.048,4.42214e+06,2.70226e+06,1.60888e+07,0,0,0,0,6.11831,61.308,5.36852,0.01,0.04,2.14893,2.14893,0,1.66024,3.38688,9.19011e+06,3.61194e+06,1.97489e+07,0,0,0,6.97641e+07
85.139,85.139,8.73132,0,0.04,3.63829,3.63829,0,0.681805,6.048,4.42214e+06,2.70226e+06,1.6089e+07,0,0,0,0,7.64129,61.308,8.57047,0.01,0.04,2.14896,2.14896,0,1.66026,3.38688,9.19011e+06,3.61194e+06,1.97492e+07,0,0,0,6.97641e+07
85.139,85.139,7.06807,0,0.04,3.63835,3.63835,0,0.681816,6.048,4.42214e+06,2.70226e+06,1.60893e+07,0,0,0,0,8.56748,61.308,6.88124,0.01,0.04,2.149,2.149,0,1.66029,3.38688,9.19011e+06,3.61194e+06,1.97495e+07,0,0,0,6.97641e+07
85.139,85.139,6.4453,0,0.04,3.17721,3.17721,0,0.681826,6.048,4.42214e+06,2.70226e+06,1.40501e+07,0,0,0,0,10.052,61.308,6.38771,0.01,0.04,1.84561,1.84561,0,1.66031,3.38688,9.19011e+06,3.61194e+06,1.69613e+07,0,0,0,6.97641e+07
85.139,85.139,5.99633,0,0.04,3.17726,3.17726,0,0.595409,6.048,4.42214e+06,2.70226e+06,1.40503e+07,0,0,0,0,11.9056,61.308,6.5075,0,0.04,1.84563,1.84563,0,1.42591,3.38688,9.19011e+06,3.61194e+06,1.69616e+07,0,0,0,6.97641e+07
85.139,85.139,6.96027,0,0.04,3.17731,3.17731,0,0.595418,6.048,4.42214e+06,2.70226e+06,1.40505e+07,0,0,0,0,13.8105,61.308,7.07794,0,0.04,1.84566,1.84566,0,1.42594,3.38688,9.19011e+06,3.61194e+06,1.69618e+07,0,0,0,6.97641e+07
85.139,85.139,7.93608,0.2,0.04,2.87496,3.17736,0,0.595427,6.048,4.42214e+06,2.70226e+06,1.27135e+07,0,0,0,0,15.8845,61.308,7.35285,0,0.04,2.14809,1.84569,0,1.42596,3.38688,9.19011e+06,3.61194e+06,1.97412e+07,0,0,0,6.97641e+07
85.139,85.139,10.2105,0.32,0.04,2.875,3.1774,0,0.538767,6.048,4.42214e+06,2.70226e+06,1.27137e+07,0,0,0,0,19.1778,61.308,9.64555,0,0.04,2.14812,1.84572,0,1.65961,3.38688,9.19011e+06,3.61194e+06,1.97414e+07,0,0,0,6.97641e+07
85.139,85.139,6.64633,0.41,0.04,2.68418,3.29355,0,0.538776,6.048,4.42214e+06,3.63146e+06,1.18698e+07,0,0,0,0,24.8202,61.308,12.9274,0,0.04,2.04343,1.91998,0,1.65964,3.38688,9.19011e+06,4.85394e+06,1.87794e+07,0,0,0,6.97641e+07
85.139,85.139,5.93895,0.42,0.04,2.68422,3.2936,0,0.503015,6.048,4.42214e+06,3.63146e+06,1.187e+07,0,0,0,0,29.8118,61.308,11.6327,0,0.04,2.04346,1.92001,0,1.57875,3.38688,9.19011e+06,4.85394e+06,1.87796e+07,0,0,0,6.97641e+07
85.139,85.139,6.1114,0.41,0.04,2.68427,3.29365,0,0.503023,6.048,4.42214e+06,3.63146e+06,1.18702e+07,0,0,0,0,34.9244,61.308,13.1617,0,0.04,2.04348,1.92004,0,1.57877,3.38688,9.19011e+06,4.85394e+06,1.87798e+07,0,0,0,6.97641e+07
85.139,85.139,5.93491,0.42,0.04,2.68431,3.2937,0,0.503032,6.048,4.42214e+06,3.63146e+06,1.18704e+07,0,0,0,0,37.7757,61.308,8.34665,0,0.04,2.04351,1.92007,0,1.5788,3.38688,9.19011e+06,4.85394e+06,1.87801e+07,0,0,0,6.97641e+07
85.139,85.139,5.20552,0.38,0.04,2.94595,3.24835,0,0.50304,6.048,4.42214e+06,2.70226e+06,1.30274e+07,0,0,0,0,38.8249,61.308,6.54106,0,0.04,2.19366,1.89126,0,1.57882,3.38688,9.19011e+06,3.61194e+06,2.016e+07,0,0,0,6.97641e+07
85.139,85.139,4.80655,0.35,0.04,2.946,3.2484,0,0.552071,6.048,4.42214e+06,2.70226e+06,1.30276e+07,0,0,0,0,39.8453,61.308,5.99814,0,0.04,2.19369,1.89129,0,1.69482,3.38688,9.19011e+06,3.61194e+06,2.01603e+07,0,0,0,6.97641e+07
85.139,85.139,4.49059,0.34,0.04,2.94605,3.24845,0,0.552081,6.048,4.42214e+06,2.70226e+06,1.30278e+07,0,0,0,0,40.733,61.308,5.30333,0,0.04,2.19372,1.89132,0,1.69485,3.38688,9.19011e+06,3.61194e+06,2.01605e+07,0,0,0,6.97641e+07
85.139,85.139,4.08868,0.32,0.04,2.9461,3.2485,0,0.55209,6.048,4.42214e+06,2.70226e+06,1.30281e+07,0,0,0,0,41.4675,61.308,5.01336,0,0.04,2.19375,1.89135,0,1.69487,3.38688,9.19011e+06,3.61194e+06,2.01608e+07,0,0,0,6.97641e+07
85.139,85.139,4.40356,0.29,0.04,3.10025,3.40265,0,0.552099,6.048,4.42214e+06,2.70226e+06,1.37097e+07,0,0,0,0,42.0041,61.308,4.94592,0,0.04,2.29603,1.99363,0,1.69489,3.38688,9.19011e+06,3.61194e+06,2.11008e+07,0,0,0,6.97641e+07
85.139,85.139,3.99161,0.25,0.04,3.1003,3.4027,0,0.580987,6.048,4.42214e+06,2.70226e+06,1.371e+07,0,0,0,0,42.274,61.308,4.4139,0,0.04,2.29607,1.99367,0,1.77392,3.38688,9.19011e+06,3.61194e+06,2.11011e+07,0,0,0,6.97641e+07
85.139,85.139,3.5642,0.21,0.04,3.10035,3.40275,0,0.580997,6.048,4.42214e+06,2.70226e+06,1.37102e+07,0,0,0,0,42.437,61.308,3.83455,0,0.04,2.2961,1.9937,0,1.77394,3.38688,9.19011e+06,3.61194e+06,2.11014e+07,0,0,0,6.97641e+07
85.139,85.139,3.40899,0.19,0.04,3.10041,3.40281,0,0.581006,6.048,4.42214e+06,2.70226e+06,1.37104e+07,0,0,0,0,42.5744,61.308,3.80515,0,0.04,2.29613,1.99373,0,1.77396,3.38688,9.19011e+06,3.61194e+06,2.11016e+07,0,0,0,6.97641e+07
85.1012,85.139,3.25367,0.19,0.04,3.10046,3.40286,0,0.581016,6.048,4.42214e+06,2.70226e+06,1.37107e+07,0,0,0,0,42.687,61.308,3.93309,0,0.04,2.29616,1.99376,0,1.77399,3.38688,9.19011e+06,3.61194e+06,2.11019e+07,0,0,0,6.97641e+07
84.9191,85.139,3.05173,0.22,0.04,3.07003,3.37243,0,0.581026,6.048,4.42214e+06,2.70226e+06,1.35761e+07,0,0,0,0,42.5645,61.308,2.93104,0,0.04,2.35239,2.04999,0,1.77401,3.38688,9.19011e+06,3.61194e+06,2.16187e+07,0,0,0,6.97641e+07
84.5547,85.139,2.86798,0.21,0.04,3.07008,3.37248,0,0.575324,6.048,4.42214e+06,2.70226e+06,1.35763e+07,0,0,0,0,42.4043,61.308,2.76258,0,0.04,2.35242,2.05002,0,1.81746,3.38688,9.19011e+06,3.61194e+06,2.1619e+07,0,0,0,6.97641e+07
83.9477,85.139,2.62001,0.19,0.04,3.07013,3.37253,0,0.575333,6.048,4.42214e+06,2.70226e+06,1.35766e+07,0,0,0,0,42.2264,61.308,2.71812,0,0.04,2.35245,2.05005,0,1.81748,3.38688,9.19011e+06,3.61194e+06,2.16193e+07,0,0,0,6.97641e+07
83.1175,85.139,2.37537,0.18,0.04,3.07018,3.37258,0,0.575343,6.048,4.42214e+06,2.70226e+06,1.35768e+07,0,0,0,0,42.0048,61.308,2.44782,0,0.04,2.35249,2.05009,0,1.81751,3.38688,9.19011e+06,3.61194e+06,2.16196e+07,0,0,0,6.97641e+07
82.2313,85.139,2.36492,0.18,0.04,3.14895,3.45135,0,0.575352,6.048,4.42214e+06,2.70226e+06,1.39251e+07,0,0,0,0,41.7289,61.308,2.50083,0,0.04,2.40261,2.10021,0,1.81753,3.38688,9.19011e+06,3.61194e+06,2.20803e+07,0,0,0,6.97641e+07
81.2528,85.139,2.26721,0.2,0.04,3.149,3.4514,0,0.590112,6.048,4.42214e+06,2.70226e+06,1.39253e+07,0,0,0,0,41.363,61.308,2.46686,0,0.04,2.40264,2.10024,0,1.85626,3.38688,9.19011e+06,3.61194e+06,2.20806e+07,0,0,0,6.97641e+07
80.1439,85.139,2.11718,0.17,0.04,3.14905,3.45145,0,0.590122,6.048,4.42214e+06,2.70226e+06,1.39255e+07,0,0,0,0,40.9541,61.308,2.34232,0,0.04,2.40268,2.10028,0,1.85628,3.38688,9.19011e+06,3.61194e+06,2.20809e+07,0,0,0,6.97641e+07
78.8789,85.139,1.9432,0.19,0.04,3.1491,3.4515,0,0.590132,6.048,4.42214e+06,2.70226e+06,1.39258e+07,0,0,0,0,40.5402,61.308,2.18906,0,0.04,2.40271,2.10031,0,1.85631,3.38688,9.19011e+06,3.61194e+06,2.20811e+07,0,0,0,6.97641e+07
77.8848,85.139,2.39497,0.24,0.04,3.37967,3.68207,0,0.590142,6.048,4.42214e+06,2.70226e+06,1.49454e+07,0,0,0,0,40.2332,61.308,2.751,0,0.04,2.58357,2.28117,0,1.85633,3.38688,9.19011e+06,3.61194e+06,2.37433e+07,0,0,0,6.97641e+07
77.0627,85.139,2.57689,0.24,0.04,3.37973,3.68213,0,0.63335,6.048,4.42214e+06,2.70226e+06,1.49456e+07,0,0,0,0,39.8857,61.308,2.55473,0,0.04,2.5836,2.2812,0,1.99607,3.38688,9.19011e+06,3.61194e+06,2.37436e+07,0,0,0,6.97641e+07
75.9464,85.139,2.30895,0.24,0.04,3.37978,3.68218,0,0.63336,6.048,4.42214e+06,2.70226e+06,1.49459e+07,0,0,0,0,39.518,61.308,2.44653,0,0.04,2.58364,2.28124,0,1.99609,3.38688,9.19011e+06,3.61194e+06,2.37439e+07,0,0,0,6.97641e+07
74.8851,85.139,2.3343,0.24,0.04,3.37984,3.68224,0,0.633371,6.048,4.42214e+06,2.70226e+06,1.49461e+07,0,0,0,0,39.2367,61.308,2.63774,0,0.04,2.58367,2.28127,0,1.99612,3.38688,9.19011e+06,3.61194e+06,2.37442e+07,0,0,0,6.97641e+07
73.8513,85.139,2.35604,0.24,0.04,3.37989,3.68229,0,0.633381,6.048,4.42214e+06,2.70226e+06,1.49464e+07,0,0,0,0,38.9669,61.308,3.12436,0,0.04,2.58371,2.28131,0,1.99615,3.38688,9.19011e+06,3.61194e+06,2.37446e+07,0,0,0,6.97641e+07
74.0977,85.139,3.51022,0.23,0.04,3.2676,3.57,0,0.633392,6.048,4.42214e+06,2.70226e+06,1.44498e+07,0,0,0,0,38.9171,61.308,4.44343,0,0.04,2.47398,2.17158,0,1.99617,3.38688,9.19011e+06,3.61194e+06,2.27361e+07,0,0,0,6.97641e+07
74.2386,85.139,3.44456,0.25,0.04,3.26765,3.57005,0,0.612347,6.048,4.42214e+06,2.70226e+06,1.445e+07,0,0,0,0,38.8633,61.308,4.41839,0,0.04,2.47401,2.17161,0,1.9114,3.38688,9.19011e+06,3.61194e+06,2.27364e+07,0,0,0,6.97641e+07
74.7819,85.139,4.03251,0.24,0.04,3.2677,3.5701,0,0.612358,6.048,4.42214e+06,2.70226e+06,1.44502e+07,0,0,0,0,39.1732,61.308,5.59943,0,0.04,2.47404,2.17164,0,1.91142,3.38688,9.19011e+06,3.61194e+06,2.27367e+07,0,0,0,6.97641e+07
75.3277,85.139,4.13755,0.22,0.04,3.26776,3.57016,0,0.612368,6.048,4.42214e+06,2.70226e+06,1.44505e+07,0,0,0,0,39.2397,61.308,3.94787,0,0.04,2.47408,2.17168,0,1.91145,3.38688,9.19011e+06,3.61194e+06,2.2737e+07,0,0,0,6.97641e+07
74.7386,85.139,2.81232,0.21,0.04,3.17558,3.47798,0,0.612378,6.048,4.42214e+06,2.70226e+06,1.40429e+07,0,0,0,0,38.9966,61.308,2.63292,0,0.04,2.37419,2.07179,0,1.91147,3.38688,9.19011e+06,3.61194e+06,2.18191e+07,0,0,0,6.97641e+07
73.8291,85.139,2.55121,0.13,0.04,3.17564,3.47804,0,0.595105,6.048,4.42214e+06,2.70226e+06,1.40431e+07,0,0,0,0,38.8454,61.308,3.11876,0,0.04,2.37422,2.07182,0,1.8343,3.38688,9.19011e+06,3.61194e+06,2.18193e+07,0,0,0,6.97641e+07
72.3196,85.139,1.93407,0.12,0.04,3.17569,3.47809,0,0.595114,6.048,4.42214e+06,2.70226e+06,1.40433e+07,0,0,0,0,38.5667,61.308,2.61741,0,0.04,2.37425,2.07185,0,1.83432,3.38688,9.19011e+06,3.61194e+06,2.18196e+07,0,0,0,6.97641e+07
73.4408,85.139,4.52717,0.2,0.04,3.17574,3.47814,0,0.595124,6.048,4.42214e+06,2.70226e+06,1.40436e+07,0,0,0,0,38.6057,61.308,3.84284,0,0.04,2.37428,2.07188,0,1.83435,3.38688,9.19011e+06,3.61194e+06,2.18199e+07,0,0,0,6.97641e+07
79.4539,85.139,9.51015,0.26,0.04,2.91385,3.21625,0,0.595134,6.048,4.42214e+06,2.70226e+06,1.28854e+07,0,0,0,0,39.23,61.308,5.66796,0,0.04,2.1662,1.8638,0,1.83437,3.38688,9.19011e+06,3.61194e+06,1.99076e+07,0,0,0,6.97641e+07
83.2419,85.139,7.19061,0.25,0.04,2.9139,3.2163,0,0.546055,6.048,4.42214e+06,2.70226e+06,1.28857e+07,0,0,0,0,40.0162,61.308,5.88371,0,0.04,2.16623,1.86383,0,1.6736,3.38688,9.19011e+06,3.61194e+06,1.99079e+07,0,0,0,6.97641e+07
85.139,85.139,7.38431,0.13,0.04,2.91394,3.21634,0,0.546064,6.048,4.42214e+06,2.70226e+06,1.28859e+07,0,0,0,0,40.8207,61.308,6.05886,0,0.04,2.16625,1.86385,0,1.67363,3.38688,9.19011e+06,3.61194e+06,1.99081e+07,0,0,0,6.97641e+07
85.139,85.139,7.36043,0.1,0.04,2.91399,3.21639,0,0.546073,6.048,4.42214e+06,2.70226e+06,1.28861e+07,0,0,0,0,41.448,61.308,5.2243,0,0.04,2.16628,1.86388,0,1.67365,3.38688,9.19011e+06,3.61194e+06,1.99084e+07,0,0,0,6.97641e+07
85.139,85.139,6.64276,0.18,0.04,2.91404,3.21644,0,0.546082,6.048,4.42214e+06,2.70226e+06,1.28863e+07,0,0,0,0,41.9375,61.308,4.58636,0,0.04,2.16631,1.86391,0,1.67367,3.38688,9.19011e+06,3.61194e+06,1.99086e+07,0,0,0,6.97641e+07
85.139,85.139,4.42145,0.22,0.04,2.91404,3.21644,0,0.546092,6.048,4.42214e+06,2.70226e+06,1.28863e+07,0,0,0,0,41.8842,61.308,4.29927,0,0.04,2.16631,1.86391,0,1.67369,3.38688,9.19011e+06,3.61194e+06,1.99086e+07,0,0,0,6.97641e+07
85.139,85.139,4.06347,0.21,0.04,3.01485,3.31725,0,0.546092,6.048,4.42214e+06,2.70226e+06,1.33321e+07,0,0,0,0,41.6815,61.308,3.94679,0,0.04,2.2266,1.9242,0,1.67369,3.38688,9.19011e+06,3.61194e+06,2.04627e+07,0,0,0,6.97641e+07
85.139,85.139,5.64324,0.23,0.04,3.01487,3.31727,0,0.564982,6.048,4.42214e+06,2.70226e+06,1.33322e+07,0,0,0,0,41.5881,61.308,4.90833,0,0.04,2.22662,1.92422,0,1.72027,3.38688,9.19011e+06,3.61194e+06,2.04629e+07,0,0,0,6.97641e+07
84.854,85.139,3.14996,0.23,0.04,3.0149,3.3173,0,0.564987,6.048,4.42214e+06,2.70226e+06,1.33323e+07,0,0,0,0,41.2586,61.308,3.25384,0,0.04,2.22663,1.92423,0,1.72028,3.38688,9.19011e+06,3.61194e+06,2.0463e+07,0,0,0,6.97641e+07
84.1543,85.139,2.68433,0.3,0.04,3.01493,3.31733,0,0.564992,6.048,4.42214e+06,2.70226e+06,1.33324e+07,0,0,0,0,40.8781,61.308,2.92405,0,0.04,2.22665,1.92425,0,1.7203,3.38688,9.19011e+06,3.61194e+06,2.04631e+07,0,0,0,6.97641e+07
85.139,85.139,5.18518,0.32,0.04,3.33852,3.64092,0,0.564997,6.048,4.42214e+06,2.70226e+06,1.47634e+07,0,0,0,0,40.8255,61.308,5.03583,0,0.04,2.45292,2.15052,0,1.72031,3.38688,9.19011e+06,3.61194e+06,2.25426e+07,0,0,0,6.97641e+07
85.139,85.139,4.03657,0.28,0.04,3.33855,3.64095,0,0.625639,6.048,4.42214e+06,2.70226e+06,1.47635e+07,0,0,0,0,40.6147,61.308,3.85654,0,0.04,2.45293,2.15053,0,1.89512,3.38688,9.19011e+06,3.61194e+06,2.25427e+07,0,0,0,6.97641e+07
84.9929,85.139,3.53601,0.27,0.04,3.33858,3.64098,0,0.625644,6.048,4.42214e+06,2.70226e+06,1.47637e+07,0,0,0,0,40.4451,61.308,4.19071,0,0.04,2.45295,2.15055,0,1.89514,3.38688,9.19011e+06,3.61194e+06,2.25429e+07,0,0,0,6.97641e+07
85.139,85.139,4.55806,0.36,0.04,3.33861,3.64101,0,0.62565,6.048,4.42214e+06,2.70226e+06,1.47638e+07,0,0,0,0,40.3277,61.308,3.96807,0,0.04,2.45297,2.15057,0,1.89515,3.38688,9.19011e+06,3.61194e+06,2.25431e+07,0,0,0,6.97641e+07
85.139,85.139,4.05385,0.29,0.04,2.87711,3.17951,0,0.625655,6.048,4.42214e+06,2.70226e+06,1.2723e+07,0,0,0,0,40.2579,61.308,4.32642,0,0.04,2.14934,1.84694,0,1.89516,3.38688,9.19011e+06,3.61194e+06,1.97527e+07,0,0,0,6.97641e+07
85.139,85.139,4.80501,0.35,0.04,2.87714,3.17954,0,0.539171,6.048,4.42214e+06,2.70226e+06,1.27231e+07,0,0,0,0,40.1612,61.308,3.73309,0,0.04,2.14936,1.84696,0,1.66058,3.38688,9.19011e+06,3.61194e+06,1.97528e+07,0,0,0,6.97641e+07
85.139,85.139,4.37144,0.39,0.04,2.8179,3.17956,0,0.539176,6.048,4.42214e+06,3.02621e+06,1.24611e+07,0,0,0,0,40.0403,61.308,4.37928,0,0.04,2.11494,1.84697,0,1.66059,3.38688,9.19011e+06,4.04495e+06,1.94366e+07,0,0,0,6.97641e+07
85.139,85.139,5.16319,0.41,0.04,2.58084,3.17959,0,0.528074,6.048,4.42214e+06,3.63146e+06,1.14128e+07,0,0,0,0,40.0705,61.308,4.00189,0,0.04,1.97724,1.84699,0,1.63401,3.38688,9.19011e+06,4.85394e+06,1.81711e+07,0,0,0,6.97641e+07
85.139,85.139,3.92632,0.41,0.04,2.58086,3.17962,0,0.48365,6.048,4.42214e+06,3.63146e+06,1.14129e+07,0,0,0,0,39.9599,61.308,4.15018,0,0.04,1.97726,1.847,0,1.52762,3.38688,9.19011e+06,4.85394e+06,1.81712e+07,0,0,0,6.97641e+07
85.139,85.139,3.56209,0.42,0.04,2.68624,3.29582,0,0.483654,6.048,4.42214e+06,3.63146e+06,1.18789e+07,0,0,0,0,39.9722,61.308,4.8417,0,0.04,2.04463,1.9213,0,1.52763,3.38688,9.19011e+06,4.85394e+06,1.87904e+07,0,0,0,6.97641e+07
85.139,85.139,3.62398,0.41,0.04,2.68626,3.29585,0,0.503401,6.048,4.42214e+06,3.63146e+06,1.1879e+07,0,0,0,0,39.7169,61.308,3.60058,0,0.04,2.04465,1.92132,0,1.57968,3.38688,9.19011e+06,4.85394e+06,1.87905e+07,0,0,0,6.97641e+07
84.9531,85.139,2.97675,0.41,0.04,2.68629,3.29587,0,0.503405,6.048,4.42214e+06,3.63146e+06,1.18791e+07,0,0,0,0,39.3693,61.308,3.46309,0,0.04,2.04466,1.92133,0,1.57969,3.38688,9.19011e+06,4.85394e+06,1.87906e+07,0,0,0,6.97641e+07
84.2982,85.139,2.44305,0.48,0.04,2.68631,3.2959,0,0.50341,6.048,4.42214e+06,3.63146e+06,1.18792e+07,0,0,0,0,39.1155,61.308,3.4979,0,0.04,2.04467,1.92135,0,1.5797,3.38688,9.19011e+06,4.85394e+06,1.87908e+07,0,0,0,6.97641e+07
83.7696,85.139,2.52649,0.47,0.04,2.64514,3.2505,0,0.503414,6.048,4.42214e+06,3.63146e+06,1.16972e+07,0,0,0,0,38.8138,61.308,3.76023,0,0.04,2.01852,1.89251,0,1.57971,3.38688,9.19011e+06,4.85394e+06,1.85505e+07,0,0,0,6.97641e+07
82.9643,85.139,2.21365,0.46,0.04,2.64517,3.25053,0,0.495699,6.048,4.42214e+06,3.63146e+06,1.16973e+07,0,0,0,0,38.4303,61.308,3.43305,0,0.04,2.01854,1.89253,0,1.55951,3.38688,9.19011e+06,4.85394e+06,1.85506e+07,0,0,0,6.97641e+07
81.5823,85.139,1.79344,0.39,0.04,2.88756,3.25055,0,0.495704,6.048,4.42214e+06,3.02621e+06,1.27692e+07,0,0,0,0,37.9774,61.308,2.8398,0,0.04,2.15967,1.89254,0,1.55952,3.38688,9.19011e+06,4.04495e+06,1.98476e+07,0,0,0,6.97641e+07
80.1277,85.139,1.67799,0.22,0.04,2.94818,3.25058,0,0.541129,6.048,4.42214e+06,2.70226e+06,1.30373e+07,0,0,0,0,37.5314,61.308,2.72796,0,0.04,2.19496,1.89256,0,1.66856,3.38688,9.19011e+06,3.61194e+06,2.01719e+07,0,0,0,6.97641e+07
78.7162,85.139,1.86621,0.2,0.04,3.1024,3.4048,0,0.552489,6.048,4.42214e+06,2.70226e+06,1.37193e+07,0,0,0,0,37.1511,61.308,2.9752,0,0.04,2.2973,1.9949,0,1.69583,3.38688,9.19011e+06,3.61194e+06,2.11124e+07,0,0,0,6.97641e+07
77.1274,85.139,1.66272,0.26,0.04,3.10243,3.40483,0,0.581391,6.048,4.42214e+06,2.70226e+06,1.37194e+07,0,0,0,0,36.732,61.308,2.71489,0,0.04,2.29731,1.99491,0,1.77489,3.38688,9.19011e+06,3.61194e+06,2.11126e+07,0,0,0,6.97641e+07
75.5138,85.139,1.5628,0.24,0.04,3.10246,3.40486,0,0.581396,6.048,4.42214e+06,2.70226e+06,1.37195e+07,0,0,0,0,36.2694,61.308,2.61166,0,0.04,2.29733,1.99493,0,1.7749,3.38688,9.19011e+06,3.61194e+06,2.11127e+07,0,0,0,6.97641e+07
73.8271,85.139,1.47552,0.02,0.04,3.10249,3.40489,0,0.581401,6.048,4.42214e+06,2.70226e+06,1.37196e+07,0,0,0,0,35.7879,61.308,2.43266,0,0.04,2.29735,1.99495,0,1.77492,3.38688,9.19011e+06,3.61194e+06,2.11129e+07,0,0,0,6.97641e+07
72.3573,85.139,1.9382,0,0.04,3.40491,3.40491,0,0.581406,6.048,4.42214e+06,2.70226e+06,1.5057e+07,0,0,0,0,35.3027,61.308,2.63633,0,0.04,1.99496,1.99496,0,1.77493,3.38688,9.19011e+06,3.61194e+06,1.83339e+07,0,0,0,6.97641e+07
71.0365,85.139,1.78528,0.1,0.04,3.07205,3.37445,0,0.638081,6.048,4.42214e+06,2.70226e+06,1.3585e+07,0,0,0,0,34.8072,61.308,2.50716,0,0.04,2.35362,2.05122,0,1.54131,3.38688,9.19011e+06,3.61194e+06,2.163e+07,0,0,0,6.97641e+07
69.3728,85.139,1.66672,0,0.04,3.37447,3.37447,0,0.575701,6.048,4.42214e+06,2.70226e+06,1.49224e+07,0,0,0,0,34.2789,61.308,2.23705,0,0.04,2.05123,2.05123,0,1.81841,3.38688,9.19011e+06,3.61194e+06,1.88511e+07,0,0,0,6.97641e+07
67.6777,85.139,1.60547,0,0.04,3.3745,3.3745,0,0.632376,6.048,4.42214e+06,2.70226e+06,1.49225e+07,0,0,0,0,33.738,61.308,2.118,0,0.04,2.05125,2.05125,0,1.58478,3.38688,9.19011e+06,3.61194e+06,1.88512e+07,0,0,0,6.97641e+07
65.9775,85.139,1.56334,0,0.04,3.37453,3.37453,0,0.632381,6.048,4.42214e+06,2.70226e+06,1.49226e+07,0,0,0,0,33.1248,61.308,1.97194,0,0.04,2.05127,2.05127,0,1.5848,3.38688,9.19011e+06,3.61194e+06,1.88514e+07,0,0,0,6.97641e+07
64.23,85.139,1.56188,0,0.04,3.45331,3.45331,0,0.632387,6.048,4.42214e+06,2.70226e+06,1.5271e+07,0,0,0,0,32.4793,61.308,2.00018,0,0.04,2.10141,2.10141,0,1.58481,3.38688,9.19011e+06,3.61194e+06,1.93122e+07,0,0,0,6.97641e+07
62.3122,85.139,1.36651,0,0.04,3.45334,3.45334,0,0.64715,6.048,4.42214e+06,2.70226e+06,1.52711e+07,0,0,0,0,31.8192,61.308,1.83793,0,0.04,2.10143,2.10143,0,1.62355,3.38688,9.19011e+06,3.61194e+06,1.93123e+07,0,0,0,6.97641e+07
60.3167,85.139,1.26062,0,0.04,3.45337,3.45337,0,0.647156,6.048,4.42214e+06,2.70226e+06,1.52713e+07,0,0,0,0,31.1558,61.308,1.75141,0,0.04,2.10144,2.10144,0,1.62356,3.38688,9.19011e+06,3.61194e+06,1.93125e+07,0,0,0,6.97641e+07
58.1209,85.139,1.01217,0,0.04,3.45339,3.45339,0,0.647161,6.048,4.42214e+06,2.70226e+06,1.52714e+07,0,0,0,0,30.3259,61.308,1.68148,0,0.04,2.10146,2.10146,0,1.62357,3.38688,9.19011e+06,3.61194e+06,1.93126e+07,0,0,0,6.97641e+07
55.4268,85.139,0.642553,0,0.04,3.68406,3.68406,0,0.647166,6.048,4.42214e+06,2.70226e+06,1.62914e+07,0,0,0,0,29.3928,61.308,1.28263,0,0.04,2.2824,2.2824,0,1.62359,3.38688,9.19011e+06,3.61194e+06,2.09755e+07,0,0,0,6.97641e+07
52.7421,85.139,0.604973,0,0.04,3.68409,3.68409,0,0.690393,6.048,4.42214e+06,2.70226e+06,1.62916e+07,0,0,0,0,28.6089,61.308,1.19923,0,0.04,2.28242,2.28242,0,1.76339,3.38688,9.19011e+06,3.61194e+06,2.09757e+07,0,0,0,6.97641e+07
50.3125,85.139,0.819133,0,0.04,3.68412,3.68412,0,0.690399,6.048,4.42214e+06,2.70226e+06,1.62917e+07,0,0,0,0,27.9103,61.308,1.3563,0,0.04,2.28244,2.28244,0,1.7634,3.38688,9.19011e+06,3.61194e+06,2.09759e+07,0,0,0,6.97641e+07
48.2551,85.139,1.20466,0,0.04,3.68415,3.68415,0,0.690404,6.048,4.42214e+06,2.70226e+06,1.62918e+07,0,0,0,0,27.1779,61.308,1.56471,0,0.04,2.28246,2.28246,0,1.76341,3.38688,9.19011e+06,3.61194e+06,2.09761e+07,0,0,0,6.97641e+07
45.8936,85.139,0.858768,0,0.04,3.68418,3.68418,0,0.69041,6.048,4.42214e+06,2.70226e+06,1.6292e+07,0,0,0,0,26.6112,61.308,1.36754,0,0.04,2.28248,2.28248,0,1.76343,3.38688,9.19011e+06,3.61194e+06,2.09762e+07,0,0,0,6.97641e+07
43.5348,85.139,0.724577,0,0.04,3.5718,3.5718,0,0.690416,6.048,4.42214e+06,2.70226e+06,1.5795e+07,0,0,0,0,25.9873,61.308,1.50046,0,0.04,2.17268,2.17268,0,1.76344,3.38688,9.19011e+06,3.61194e+06,1.99671e+07,0,0,0,6.97641e+07
41.1542,85.139,0.636935,0,0.04,3.57183,3.57183,0,0.669356,6.048,4.42214e+06,2.70226e+06,1.57951e+07,0,0,0,0,25.4263,61.308,1.3837,0,0.04,2.17269,2.17269,0,1.67861,3.38688,9.19011e+06,3.61194e+06,1.99673e+07,0,0,0,6.97641e+07
39.15,85.139,1.02904,0,0.04,3.57186,3.57186,0,0.669361,6.048,4.42214e+06,2.70226e+06,1.57953e+07,0,0,0,0,24.8759,61.308,1.94147,0,0.04,2.17271,2.17271,0,1.67862,3.38688,9.19011e+06,3.61194e+06,1.99675e+07,0,0,0,6.97641e+07
37.3272,85.139,1.15093,0,0.04,3.57189,3.57189,0,0.669366,6.048,4.42214e+06,2.70226e+06,1.57954e+07,0,0,0,0,24.0371,61.308,1.43643,0,0.04,2.17273,2.17273,0,1.67864,3.38688,9.19011e+06,3.61194e+06,1.99676e+07,0,0,0,6.97641e+07
35.8081,85.139,1.3434,0,0.04,3.47965,3.47965,0,0.669372,6.048,4.42214e+06,2.70226e+06,1.53875e+07,0,0,0,0,23.248,61.308,1.19485,0,0.04,2.07278,2.07278,0,1.67865,3.38688,9.19011e+06,3.61194e+06,1.90491e+07,0,0,0,6.97641e+07
34.1229,85.139,1.10888,0,0.04,3.47967,3.47967,0,0.652086,6.048,4.42214e+06,2.70226e+06,1.53876e+07,0,0,0,0,22.6479,61.308,1.24034,0,0.04,2.0728,2.0728,0,1.60143,3.38688,9.19011e+06,3.61194e+06,1.90492e+07,0,0,0,6.97641e+07
34.1226,85.139,2.83412,0,0.04,3.4797,3.4797,0,0.652091,6.048,4.42214e+06,2.70226e+06,1.53877e+07,0,0,0,0,22.5301,61.308,3.80888,0,0.04,2.07281,2.07281,0,1.60144,3.38688,9.19011e+06,3.61194e+06,1.90494e+07,0,0,0,6.97641e+07
34.4829,85.139,3.22713,0,0.04,3.47973,3.47973,0,0.652096,6.048,4.42214e+06,2.70226e+06,1.53879e+07,0,0,0,0,22.6028,61.308,2.99009,0,0.04,2.07283,2.07283,0,1.60145,3.38688,9.19011e+06,3.61194e+06,1.90495e+07,0,0,0,6.97641e+07
33.4736,85.139,1.67958,0,0.04,3.21769,3.21769,0,0.652102,6.048,4.42214e+06,2.70226e+06,1.42291e+07,0,0,0,0,22.1491,61.308,1.74179,0,0.04,1.86464,1.86464,0,1.60147,3.38688,9.19011e+06,3.61194e+06,1.71362e+07,0,0,0,6.97641e+07
34.1374,85.139,3.50381,0,0.04,3.21772,3.21772,0,0.602996,6.048,4.42214e+06,2.70226e+06,1.42292e+07,0,0,0,0,22.1669,61.308,3.67476,0,0.04,1.86465,1.86465,0,1.44062,3.38688,9.19011e+06,3.61194e+06,1.71363e+07,0,0,0,6.97641e+07
37.9364,85.139,6.77483,0,0.04,3.21775,3.21775,0,0.603001,6.048,4.42214e+06,2.70226e+06,1.42293e+07,0,0,0,0,22.1656,61.308,3.48676,0,0.04,1.86467,1.86467,0,1.44063,3.38688,9.19011e+06,3.61194e+06,1.71365e+07,0,0,0,6.97641e+07
38.5605,85.139,3.72523,0,0.04,3.21777,3.21777,0,0.603005,6.048,4.42214e+06,2.70226e+06,1.42294e+07,0,0,0,0,21.9717,61.308,2.79826,0,0.04,1.86468,1.86468,0,1.44064,3.38688,9.19011e+06,3.61194e+06,1.71366e+07,0,0,0,6.97641e+07
42.4458,85.139,7.03414,0,0.04,3.2178,3.2178,0,0.60301,6.048,4.42214e+06,2.70226e+06,1.42296e+07,0,0,0,0,22.896,61.308,5.98038,0,0.04,1.8647,1.8647,0,1.44065,3.38688,9.19011e+06,3.61194e+06,1.71368e+07,0,0,0,6.97641e+07
48.396,85.139,9.41866,0,0.04,3.31862,3.31862,0,0.603015,6.048,4.42214e+06,2.70226e+06,1.46754e+07,0,0,0,0,25.6326,61.308,10.7742,0,0.04,1.925,1.925,0,1.44066,3.38688,9.19011e+06,3.61194e+06,1.7691e+07,0,0,0,6.97641e+07
53.6331,85.139,8.8049,0,0.04,3.31862,3.31862,0,0.621909,6.048,4.42214e+06,2.70226e+06,1.46754e+07,0,0,0,0,28.0465,61.308,7.5714,0,0.04,1.925,1.925,0,1.48725,3.38688,9.19011e+06,3.61194e+06,1.7691e+07,0,0,0,6.97641e+07
57.9223,85.139,7.9137,0,0.04,3.31863,3.31863,0,0.62191,6.048,4.42214e+06,2.70226e+06,1.46754e+07,0,0,0,0,29.0284,61.308,5.22435,0,0.04,1.925,1.925,0,1.48726,3.38688,9.19011e+06,3.61194e+06,1.7691e+07,0,0,0,6.97641e+07
61.1372,85.139,6.93708,0,0.04,3.31863,3.31863,0,0.621911,6.048,4.42214e+06,2.70226e+06,1.46755e+07,0,0,0,0,30.6094,61.308,6.06427,0,0.04,1.92501,1.92501,0,1.48726,3.38688,9.19011e+06,3.61194e+06,1.7691e+07,0,0,0,6.97641e+07
65.0956,85.139,8.06969,0,0.04,3.64233,3.64233,0,0.621911,6.048,4.42214e+06,2.70226e+06,1.61069e+07,0,0,0,0,32.3301,61.308,6.58627,0,0.04,2.15135,2.15135,0,1.48726,3.38688,9.19011e+06,3.61194e+06,1.97711e+07,0,0,0,6.97641e+07
72.1782,85.139,11.4718,0,0.04,3.64233,3.64233,0,0.682572,6.048,4.42214e+06,2.70226e+06,1.61069e+07,0,0,0,0,35.471,61.308,10.1966,0,0.04,2.15135,2.15135,0,1.66213,3.38688,9.19011e+06,3.61194e+06,1.97711e+07,0,0,0,6.97641e+07
79.4047,85.139,11.6484,0,0.04,3.64233,3.64233,0,0.682573,6.048,4.42214e+06,2.70226e+06,1.61069e+07,0,0,0,0,39.1772,61.308,11.7593,0,0.04,2.15135,2.15135,0,1.66213,3.38688,9.19011e+06,3.61194e+06,1.97712e+07,0,0,0,6.97641e+07
84.4465,85.139,9.48109,0,0.04,3.64234,3.64234,0,0.682573,6.048,4.42214e+06,2.70226e+06,1.61069e+07,0,0,0,0,40.863,61.308,7.46936,0,0.04,2.15135,2.15135,0,1.66213,3.38688,9.19011e+06,3.61194e+06,1.97712e+07,0,0,0,6.97641e+07
85.139,85.139,7.0481,0,0.04,3.18065,3.18065,0,0.682574,6.048,4.42214e+06,2.70226e+06,1.40653e+07,0,0,0,0,41.0792,61.308,4.38201,0,0.04,1.8476,1.8476,0,1.66214,3.38688,9.19011e+06,3.61194e+06,1.69797e+07,0,0,0,6.97641e+07
85.139,85.139,7.0994,0,0.04,3.18066,3.18066,0,0.596054,6.048,4.42214e+06,2.70226e+06,1.40653e+07,0,0,0,0,42.9317,61.308,7.67194,0,0.04,1.84761,1.84761,0,1.42746,3.38688,9.19011e+06,3.61194e+06,1.69797e+07,0,0,0,6.97641e+07
85.139,85.139,6.70389,0,0.04,3.18066,3.18066,0,0.596055,6.048,4.42214e+06,2.70226e+06,1.40653e+07,0,0,0,0,43.3248,61.308,5.02073,0,0.04,1.84761,1.84761,0,1.42746,3.38688,9.19011e+06,3.61194e+06,1.69797e+07,0,0,0,6.97641e+07
85.139,85.139,9.82262,0,0.04,3.18066,3.18066,0,0.596055,6.048,4.42214e+06,2.70226e+06,1.40653e+07,0,0,0,0,45.9925,61.308,11.1313,0,0.04,1.84761,1.84761,0,1.42746,3.38688,9.19011e+06,3.61194e+06,1.69797e+07,0,0,0,6.97641e+07
85.139,85.139,9.08636,0.18,0.04,2.87827,3.18067,0,0.596056,6.048,4.42214e+06,2.70226e+06,1.27281e+07,0,0,0,0,47.3062,61.308,5.50694,0,0.04,2.15001,1.84761,0,1.42746,3.38688,9.19011e+06,3.61194e+06,1.97588e+07,0,0,0,6.97641e+07
85.139,85.139,4.41765,0.39,0.04,2.93303,3.29688,0,0.539387,6.048,4.42214e+06,3.02621e+06,1.29703e+07,0,0,0,0,47.8435,61.308,3.22556,0,0.04,2.1885,1.92192,0,1.6611,3.38688,9.19011e+06,4.04495e+06,2.01125e+07,0,0,0,6.97641e+07
85.139,85.139,4.63084,0.39,0.04,2.93303,3.29689,0,0.549649,6.048,4.42214e+06,3.02621e+06,1.29703e+07,0,0,0,0,48.3208,61.308,3.18852,0,0.04,2.1885,1.92193,0,1.69083,3.38688,9.19011e+06,4.04495e+06,2.01126e+07,0,0,0,6.97641e+07
85.139,85.139,3.92206,0.41,0.04,2.68721,3.29689,0,0.54965,6.048,4.42214e+06,3.63146e+06,1.18832e+07,0,0,0,0,48.5971,61.308,2.81128,0,0.04,2.0452,1.92193,0,1.69084,3.38688,9.19011e+06,4.85394e+06,1.87956e+07,0,0,0,6.97641e+07
85.139,85.139,3.67447,0.38,0.04,2.99449,3.29689,0,0.503583,6.048,4.42214e+06,2.70226e+06,1.32421e+07,0,0,0,0,48.5563,61.308,2.66133,0,0.04,2.22433,1.92193,0,1.58012,3.38688,9.19011e+06,3.61194e+06,2.04418e+07,0,0,0,6.97641e+07
85.139,85.139,3.54322,0.34,0.04,2.94906,3.25146,0,0.561168,6.048,4.42214e+06,2.70226e+06,1.30412e+07,0,0,0,0,48.3122,61.308,2.25112,0,0.04,2.19547,1.89307,0,1.71852,3.38688,9.19011e+06,3.61194e+06,2.01766e+07,0,0,0,6.97641e+07
85.139,85.139,3.26147,0.33,0.04,2.94906,3.25146,0,0.552654,6.048,4.42214e+06,2.70226e+06,1.30412e+07,0,0,0,0,48.1969,61.308,2.03872,0,0.04,2.19547,1.89307,0,1.69622,3.38688,9.19011e+06,3.61194e+06,2.01766e+07,0,0,0,6.97641e+07
85.121,85.139,3.17987,0.32,0.04,2.94907,3.25147,0,0.552654,6.048,4.42214e+06,2.70226e+06,1.30412e+07,0,0,0,0,48.001,61.308,2.29172,0,0.04,2.19548,1.89308,0,1.69622,3.38688,9.19011e+06,3.61194e+06,2.01767e+07,0,0,0,6.97641e+07
85.139,85.139,3.09907,0.42,0.04,2.64602,3.25147,0,0.552655,6.048,4.42214e+06,3.63146e+06,1.17011e+07,0,0,0,0,47.7889,61.308,2.08455,0,0.04,2.01904,1.89308,0,1.69622,3.38688,9.19011e+06,4.85394e+06,1.85552e+07,0,0,0,6.97641e+07
84.6988,85.139,2.87541,0.16,0.04,3.10331,3.40571,0,0.495864,6.048,4.42214e+06,2.70226e+06,1.37233e+07,0,0,0,0,47.3939,61.308,1.90055,0,0.04,2.29783,1.99543,0,1.55991,3.38688,9.19011e+06,3.61194e+06,2.11173e+07,0,0,0,6.97641e+07
84.0788,85.139,2.65779,0.33,0.04,3.10332,3.40572,0,0.581561,6.048,4.42214e+06,2.70226e+06,1.37233e+07,0,0,0,0,47.061,61.308,1.91362,0,0.04,2.29783,1.99543,0,1.7753,3.38688,9.19011e+06,3.61194e+06,2.11173e+07,0,0,0,6.97641e+07
83.3838,85.139,2.5727,0.32,0.04,3.10332,3.40572,0,0.581562,6.048,4.42214e+06,2.70226e+06,1.37233e+07,0,0,0,0,46.6497,61.308,1.89884,0,0.04,2.29783,1.99543,0,1.7753,3.38688,9.19011e+06,3.61194e+06,2.11173e+07,0,0,0,6.97641e+07
82.5372,85.139,2.40942,0.23,0.04,3.10332,3.40572,0,0.581562,6.048,4.42214e+06,2.70226e+06,1.37233e+07,0,0,0,0,46.4091,61.308,1.73559,0,0.04,2.29784,1.99544,0,1.77531,3.38688,9.19011e+06,3.61194e+06,2.11174e+07,0,0,0,6.97641e+07
81.2387,85.139,1.91058,0.14,0.04,3.10333,3.40573,0,0.581563,6.048,4.42214e+06,2.70226e+06,1.37234e+07,0,0,0,0,46.178,61.308,2.23495,0,0.04,2.29784,1.99544,0,1.77531,3.38688,9.19011e+06,3.61194e+06,2.11174e+07,0,0,0,6.97641e+07
79.8192,85.139,1.7496,0.12,0.04,3.07283,3.37523,0,0.581564,6.048,4.42214e+06,2.70226e+06,1.35885e+07,0,0,0,0,45.9184,61.308,2.1629,0,0.04,2.35409,2.05169,0,1.77531,3.38688,9.19011e+06,3.61194e+06,2.16344e+07,0,0,0,6.97641e+07
78.0102,85.139,1.60129,0,0.04,3.37523,3.37523,0,0.575848,6.048,4.42214e+06,2.70226e+06,1.49258e+07,0,0,0,0,45.6496,61.308,2.17621,0,0.04,2.0517,2.0517,0,1.81877,3.38688,9.19011e+06,3.61194e+06,1.88553e+07,0,0,0,6.97641e+07
76.3212,85.139,1.44613,0.16,0.04,3.07284,3.37524,0,0.632519,6.048,4.42214e+06,2.70226e+06,1.35885e+07,0,0,0,0,45.2105,61.308,1.9362,0,0.04,2.3541,2.0517,0,1.58514,3.38688,9.19011e+06,3.61194e+06,2.16344e+07,0,0,0,6.97641e+07
74.3086,85.139,1.32812,0,0.04,3.37524,3.37524,0,0.57585,6.048,4.42214e+06,2.70226e+06,1.49258e+07,0,0,0,0,44.732,61.308,1.69304,0,0.04,2.0517,2.0517,0,1.81878,3.38688,9.19011e+06,3.61194e+06,1.88554e+07,0,0,0,6.97641e+07
72.3989,85.139,1.49782,0,0.04,3.45402,3.45402,0,0.63252,6.048,4.42214e+06,2.70226e+06,1.52741e+07,0,0,0,0,44.4182,61.308,1.88142,0,0.04,2.10184,2.10184,0,1.58514,3.38688,9.19011e+06,3.61194e+06,1.93161e+07,0,0,0,6.97641e+07
70.3827,85.139,1.35048,0,0.04,3.45402,3.45402,0,0.647282,6.048,4.42214e+06,2.70226e+06,1.52742e+07,0,0,0,0,43.8288,61.308,1.79072,0,0.04,2.10184,2.10184,0,1.62388,3.38688,9.19011e+06,3.61194e+06,1.93161e+07,0,0,0,6.97641e+07
68.272,85.139,1.23052,0,0.04,3.45402,3.45402,0,0.647283,6.048,4.42214e+06,2.70226e+06,1.52742e+07,0,0,0,0,43.4114,61.308,1.5596,0,0.04,2.10184,2.10184,0,1.62388,3.38688,9.19011e+06,3.61194e+06,1.93162e+07,0,0,0,6.97641e+07
66.2899,85.139,1.33223,0,0.04,3.45403,3.45403,0,0.647284,6.048,4.42214e+06,2.70226e+06,1.52742e+07,0,0,0,0,43.0895,61.308,1.92445,0,0.04,2.10184,2.10184,0,1.62388,3.38688,9.19011e+06,3.61194e+06,1.93162e+07,0,0,0,6.97641e+07
64.1373,85.139,1.3208,0,0.04,3.68471,3.68471,0,0.647285,6.048,4.42214e+06,2.70226e+06,1.62943e+07,0,0,0,0,42.7032,61.308,1.87613,0,0.04,2.28281,2.28281,0,1.62388,3.38688,9.19011e+06,3.61194e+06,2.09792e+07,0,0,0,6.97641e+07
62.1582,85.139,1.49,0,0.04,3.68471,3.68471,0,0.690515,6.048,4.42214e+06,2.70226e+06,1.62943e+07,0,0,0,0,42.3974,61.308,2.34103,0,0.04,2.28281,2.28281,0,1.7637,3.38688,9.19011e+06,3.61194e+06,2.09793e+07,0,0,0,6.97641e+07
59.9149,85.139,1.20522,0,0.04,3.68472,3.68472,0,0.690515,6.048,4.42214e+06,2.70226e+06,1.62943e+07,0,0,0,0,41.9533,61.308,1.68641,0,0.04,2.28281,2.28281,0,1.7637,3.38688,9.19011e+06,3.61194e+06,2.09793e+07,0,0,0,6.97641e+07
57.9602,85.139,1.4505,0,0.04,3.68472,3.68472,0,0.690516,6.048,4.42214e+06,2.70226e+06,1.62944e+07,0,0,0,0,41.842,61.308,2.94797,0,0.04,2.28281,2.28281,0,1.7637,3.38688,9.19011e+06,3.61194e+06,2.09793e+07,0,0,0,6.97641e+07
56.3098,85.139,1.72311,0,0.04,3.68473,3.68473,0,0.690517,6.048,4.42214e+06,2.70226e+06,1.62944e+07,0,0,0,0,41.536,61.308,2.24189,0,0.04,2.28282,2.28282,0,1.7637,3.38688,9.19011e+06,3.61194e+06,2.09793e+07,0,0,0,6.97641e+07
54.6213,85.139,1.56688,0,0.04,3.5723,3.5723,0,0.690518,6.048,4.42214e+06,2.70226e+06,1.57972e+07,0,0,0,0,41.4957,61.308,3.72208,0,0.04,2.17298,2.17298,0,1.7637,3.38688,9.19011e+06,3.61194e+06,1.99699e+07,0,0,0,6.97641e+07
52.745,85.139,1.35287,0,0.04,3.57231,3.57231,0,0.66945,6.048,4.42214e+06,2.70226e+06,1.57973e+07,0,0,0,0,41.0668,61.308,2.07012,0,0.04,2.17298,2.17298,0,1.67885,3.38688,9.19011e+06,3.61194e+06,1.997e+07,0,0,0,6.97641e+07
50.9403,85.139,1.40454,0,0.04,3.57231,3.57231,0,0.669451,6.048,4.42214e+06,2.70226e+06,1.57973e+07,0,0,0,0,40.6338,61.308,2.00354,0,0.04,2.17299,2.17299,0,1.67885,3.38688,9.19011e+06,3.61194e+06,1.997e+07,0,0,0,6.97641e+07
50.0809,85.139,2.47046,0,0.04,3.57232,3.57232,0,0.669451,6.048,4.42214e+06,2.70226e+06,1.57973e+07,0,0,0,0,40.5722,61.308,2.74201,0,0.04,2.17299,2.17299,0,1.67885,3.38688,9.19011e+06,3.61194e+06,1.997e+07,0,0,0,6.97641e+07
49.0628,85.139,2.15941,0,0.04,3.48004,3.48004,0,0.669452,6.048,4.42214e+06,2.70226e+06,1.53892e+07,0,0,0,0,39.8118,61.308,1.60914,0,0.04,2.07301,2.07301,0,1.67885,3.38688,9.19011e+06,3.61194e+06,1.90512e+07,0,0,0,6.97641e+07
48.1397,85.139,2.29539,0,0.04,3.48004,3.48004,0,0.652159,6.048,4.42214e+06,2.70226e+06,1.53892e+07,0,0,0,0,39.2791,61.308,1.1959,0,0.04,2.07301,2.07301,0,1.60161,3.38688,9.19011e+06,3.61194e+06,1.90512e+07,0,0,0,6.97641e+07
47.6044,85.139,2.67893,0,0.04,3.48005,3.48005,0,0.65216,6.048,4.42214e+06,2.70226e+06,1.53893e+07,0,0,0,0,39.025,61.308,2.6643,0,0.04,2.07302,2.07302,0,1.60161,3.38688,9.19011e+06,3.61194e+06,1.90513e+07,0,0,0,6.97641e+07
51.3689,85.139,7.17885,0,0.04,3.48005,3.48005,0,0.652161,6.048,4.42214e+06,2.70226e+06,1.53893e+07,0,0,0,0,39.5913,61.308,5.31206,0,0.04,2.07302,2.07302,0,1.60161,3.38688,9.19011e+06,3.61194e+06,1.90513e+07,0,0,0,6.97641e+07
51.5155,85.139,3.38778,0,0.04,3.21797,3.21797,0,0.652161,6.048,4.42214e+06,2.70226e+06,1.42303e+07,0,0,0,0,39.6593,61.308,2.99125,0,0.04,1.86479,1.86479,0,1.60161,3.38688,9.19011e+06,3.61194e+06,1.71377e+07,0,0,0,6.97641e+07
50.1024,85.139,1.71655,0,0.04,3.21797,3.21797,0,0.603047,6.048,4.42214e+06,2.70226e+06,1.42303e+07,0,0,0,0,39.4813,61.308,1.9253,0,0.04,1.8648,1.8648,0,1.44074,3.38688,9.19011e+06,3.61194e+06,1.71377e+07,0,0,0,6.97641e+07
50.5937,85.139,3.60744,0,0.04,3.21797,3.21797,0,0.603047,6.048,4.42214e+06,2.70226e+06,1.42303e+07,0,0,0,0,39.4207,61.308,3.02366,0,0.04,1.8648,1.8648,0,1.44074,3.38688,9.19011e+06,3.61194e+06,1.71377e+07,0,0,0,6.97641e+07
52.1803,85.139,4.82523,0,0.04,3.21798,3.21798,0,0.603048,6.048,4.42214e+06,2.70226e+06,1.42303e+07,0,0,0,0,39.6338,61.308,4.11508,0,0.04,1.8648,1.8648,0,1.44074,3.38688,9.19011e+06,3.61194e+06,1.71377e+07,0,0,0,6.97641e+07
55.9978,85.139,7.17504,0,0.04,3.21798,3.21798,0,0.603049,6.048,4.42214e+06,2.70226e+06,1.42304e+07,0,0,0,0,39.7832,61.308,5.1004,0,0.04,1.8648,1.8648,0,1.44074,3.38688,9.19011e+06,3.61194e+06,1.71377e+07,0,0,0,6.97641e+07
59.9999,85.139,7.5051,0,0.04,3.31878,3.31878,0,0.603049,6.048,4.42214e+06,2.70226e+06,1.46761e+07,0,0,0,2.73904e+08,39.7436,61.308,5.93192,0,0.04,1.92509,1.92509,0,1.44075,3.38688,9.19011e+06,3.61194e+06,1.76918e+07,0,0,0,1.39528e+08
65.4187,85.139,9.30853,0,0.04,3.31877,3.31877,0,0.62194,6.048,4.42214e+06,2.70226e+06,1.4676e+07,0,0,0,2.73904e+08,40.3437,61.308,7.62406,0,0.04,1.92508,1.92508,0,1.48733,3.38688,9.19011e+06,3.61194e+06,1.76917e+07,0,0,0,1.39528e+08
67.4718,85.139,5.76544,0,0.04,3.31875,3.31875,0,0.621937,6.048,4.42214e+06,2.70226e+06,1.4676e+07,0,0,0,2.73904e+08,40.3098,61.308,4.57674,0,0.04,1.92507,1.92507,0,1.48732,3.38688,9.19011e+06,3.61194e+06,1.76916e+07,0,0,0,1.39528e+08
71.5501,85.139,7.84339,0,0.04,3.31873,3.31873,0,0.621933,6.048,4.42214e+06,2.70226e+06,1.46759e+07,0,0,0,2.73904e+08,40.327,61.308,4.93145,0,0.04,1.92506,1.92506,0,1.48731,3.38688,9.19011e+06,3.61194e+06,1.76915e+07,0,0,0,1.39528e+08
73.7294,85.139,6.38819,0,0.04,3.64241,3.64241,0,0.621929,6.048,4.42214e+06,2.70226e+06,1.61072e+07,0,0,0,2.73904e+08,40.4991,61.308,5.3757,0,0.04,2.15139,2.15139,0,1.4873,3.38688,9.19011e+06,3.61194e+06,1.97715e+07,0,0,0,1.39528e+08
76.3156,85.139,6.76746,0,0.04,3.64238,3.64238,0,0.682587,6.048,4.42214e+06,2.70226e+06,1.61071e+07,0,0,0,2.73904e+08,40.8115,61.308,5.63168,0,0.04,2.15138,2.15138,0,1.66217,3.38688,9.19011e+06,3.61194e+06,1.97714e+07,0,0,0,1.39528e+08
84.0525,85.139,12.1936,0,0.04,3.64236,3.64236,0,0.682583,6.048,4.42214e+06,2.70226e+06,1.6107e+07,0,0,0,2.73904e+08,41.5809,61.308,8.01895,0,0.04,2.15137,2.15137,0,1.66216,3.38688,9.19011e+06,3.61194e+06,1.97713e+07,0,0,0,1.39528e+08
85.0805,85.139,5.42558,0,0.04,3.64234,3.64234,0,0.682579,6.048,4.42214e+06,2.70226e+06,1.61069e+07,0,0,0,2.73904e+08,41.4856,61.308,4.10769,0,0.04,2.15136,2.15136,0,1.66215,3.38688,9.19011e+06,3.61194e+06,1.97712e+07,0,0,0,1.39528e+08
85.139,85.139,5.32958,0,0.04,3.18063,3.18063,0,0.682575,6.048,4.42214e+06,2.70226e+06,1.40652e+07,0,0,0,2.73904e+08,41.2472,61.308,3.65416,0,0.04,1.84759,1.84759,0,1.66214,3.38688,9.19011e+06,3.61194e+06,1.69796e+07,0,0,0,1.39528e+08
85.139,85.139,5.68124,0,0.04,3.18061,3.18061,0,0.59605,6.048,4.42214e+06,2.70226e+06,1.40651e+07,0,0,0,2.73904e+08,41.213,61.308,4.46546,0,0.04,1.84758,1.84758,0,1.42745,3.38688,9.19011e+06,3.61194e+06,1.69795e+07,0,0,0,1.39528e+08
85.139,85.139,5.53407,0,0.04,3.18059,3.18059,0,0.596047,6.048,4.42214e+06,2.70226e+06,1.4065e+07,0,0,0,2.73904e+08,41.3374,61.308,5.00385,0,0.04,1.84757,1.84757,0,1.42744,3.38688,9.19011e+06,3.61194e+06,1.69794e+07,0,0,0,1.39528e+08
85.139,85.139,5.50426,0,0.04,3.18058,3.18058,0,0.596043,6.048,4.42214e+06,2.70226e+06,1.4065e+07,0,0,0,2.73904e+08,41.4415,61.308,5.04345,0,0.04,1.84756,1.84756,0,1.42743,3.38688,9.19011e+06,3.61194e+06,1.69793e+07,0,0,0,1.39528e+08
85.139,85.139,5.36073,0,0.04,3.18056,3.18056,0,0.59604,6.048,4.42214e+06,2.70226e+06,1.40649e+07,0,0,0,2.73904e+08,41.6421,61.308,5.00312,0,0.04,1.84755,1.84755,0,1.42742,3.38688,9.19011e+06,3.61194e+06,1.69792e+07,0,0,0,1.39528e+08
85.139,85.139,6.28343,0,0.04,3.29675,3.29675,0,0.596036,6.048,4.42214e+06,2.70226e+06,1.45787e+07,0,0,0,2.73904e+08,41.6745,61.308,4.78361,0,0.04,1.92184,1.92184,0,1.42742,3.38688,9.19011e+06,3.61194e+06,1.7662e+07,0,0,0,1.39528e+08
85.139,85.139,7.38613,0,0.04,3.29673,3.29673,0,0.617811,6.048,4.42214e+06,2.70226e+06,1.45786e+07,0,0,0,2.73904e+08,42.1578,61.308,6.08671,0,0.04,1.92183,1.92183,0,1.48482,3.38688,9.19011e+06,3.61194e+06,1.76619e+07,0,0,0,1.39528e+08
85.139,85.139,7.45142,0,0.04,3.29671,3.29671,0,0.617807,6.048,4.42214e+06,2.70226e+06,1.45785e+07,0,0,0,2.73904e+08,42.8612,61.308,6.96197,0,0.04,1.92182,1.92182,0,1.48481,3.38688,9.19011e+06,3.61194e+06,1.76618e+07,0,0,0,1.39528e+08
85.139,85.139,5.17152,0,0.04,3.29669,3.29669,0,0.617803,6.048,4.42214e+06,2.70226e+06,1.45784e+07,0,0,0,2.73904e+08,42.8317,61.308,4.25259,0,0.04,1.92181,1.92181,0,1.4848,3.38688,9.19011e+06,3.61194e+06,1.76616e+07,0,0,0,1.39528e+08
85.139,85.139,3.92824,0,0.04,3.25123,3.25123,0,0.6178,6.048,4.42214e+06,2.70226e+06,1.43774e+07,0,0,0,2.73904e+08,42.6064,61.308,3.63304,0,0.04,1.89294,1.89294,0,1.48479,3.38688,9.19011e+06,3.61194e+06,1.73963e+07,0,0,0,1.39528e+08
85.0879,85.139,3.55071,0,0.04,3.25121,3.25121,0,0.609281,6.048,4.42214e+06,2.70226e+06,1.43773e+07,0,0,0,2.73904e+08,42.3223,61.308,3.11789,0,0.04,1.89293,1.89293,0,1.46249,3.38688,9.19011e+06,3.61194e+06,1.73962e+07,0,0,0,1.39528e+08
85.139,85.139,4.13758,0,0.04,3.25119,3.25119,0,0.609278,6.048,4.42214e+06,2.70226e+06,1.43772e+07,0,0,0,2.73904e+08,41.9972,61.308,3.07595,0,0.04,1.89292,1.89292,0,1.46248,3.38688,9.19011e+06,3.61194e+06,1.73961e+07,0,0,0,1.39528e+08
84.9422,85.139,3.30064,0,0.04,3.25118,3.25118,0,0.609274,6.048,4.42214e+06,2.70226e+06,1.43772e+07,0,0,0,2.73904e+08,41.6425,61.308,3.06694,0,0.04,1.89291,1.89291,0,1.46247,3.38688,9.19011e+06,3.61194e+06,1.7396e+07,0,0,0,1.39528e+08
84.3886,85.139,3.0287,0,0.04,3.40538,3.40538,0,0.60927,6.048,4.42214e+06,2.70226e+06,1.50591e+07,0,0,0,2.73904e+08,41.1456,61.308,2.22226,0,0.04,1.99524,1.99524,0,1.46246,3.38688,9.19011e+06,3.61194e+06,1.83364e+07,0,0,0,1.39528e+08
83.717,85.139,2.88988,0,0.04,3.40536,3.40536,0,0.638169,6.048,4.42214e+06,2.70226e+06,1.5059e+07,0,0,0,2.73904e+08,40.6326,61.308,2.13731,0,0.04,1.99522,1.99522,0,1.54152,3.38688,9.19011e+06,3.61194e+06,1.83363e+07,0,0,0,1.39528e+08
82.9359,85.139,2.76646,0,0.04,3.40534,3.40534,0,0.638165,6.048,4.42214e+06,2.70226e+06,1.50589e+07,0,0,0,2.73904e+08,40.1267,61.308,2.35764,0,0.04,1.99521,1.99521,0,1.54151,3.38688,9.19011e+06,3.61194e+06,1.83362e+07,0,0,0,1.39528e+08
81.9281,85.139,2.55088,0,0.04,3.40532,3.40532,0,0.638161,6.048,4.42214e+06,2.70226e+06,1.50588e+07,0,0,0,2.73904e+08,39.6048,61.308,2.23619,0,0.04,1.9952,1.9952,0,1.5415,3.38688,9.19011e+06,3.61194e+06,1.83361e+07,0,0,0,1.39528e+08
81.152,85.139,2.73951,0,0.04,3.4053,3.4053,0,0.638157,6.048,4.42214e+06,2.70226e+06,1.50587e+07,0,0,0,2.73904e+08,39.0291,61.308,2.05727,0,0.04,1.99519,1.99519,0,1.54149,3.38688,9.19011e+06,3.61194e+06,1.8336e+07,0,0,0,1.39528e+08
80.4024,85.139,2.72995,0,0.04,3.37478,3.37478,0,0.638153,6.048,4.42214e+06,2.70226e+06,1.49238e+07,0,0,0,2.73904e+08,38.4284,61.308,1.92851,0,0.04,2.05142,2.05142,0,1.54148,3.38688,9.19011e+06,3.61194e+06,1.88528e+07,0,0,0,1.39528e+08
79.5407,85.139,2.57862,0,0.04,3.37476,3.37476,0,0.632434,6.048,4.42214e+06,2.70226e+06,1.49237e+07,0,0,0,2.73904e+08,37.7828,61.308,1.90846,0,0.04,2.05141,2.05141,0,1.58493,3.38688,9.19011e+06,3.61194e+06,1.88527e+07,0,0,0,1.39528e+08
78.5087,85.139,2.40565,0,0.04,3.37474,3.37474,0,0.63243,6.048,4.42214e+06,2.70226e+06,1.49236e+07,0,0,0,2.73904e+08,37.1455,61.308,1.91901,0,0.04,2.0514,2.0514,0,1.58492,3.38688,9.19011e+06,3.61194e+06,1.88526e+07,0,0,0,1.39528e+08
77.4892,85.139,2.39472,0,0.04,3.37472,3.37472,0,0.632427,6.048,4.42214e+06,2.70226e+06,1.49235e+07,0,0,0,2.73904e+08,36.5151,61.308,1.90035,0,0.04,2.05139,2.05139,0,1.58491,3.38688,9.19011e+06,3.61194e+06,1.88525e+07,0,0,0,1.39528e+08
76.4843,85.139,2.45435,0,0.04,3.45346,3.45346,0,0.632423,6.048,4.42214e+06,2.70226e+06,1.52717e+07,0,0,0,2.73904e+08,35.8964,61.308,1.97717,0,0.04,2.1015,2.1015,0,1.5849,3.38688,9.19011e+06,3.61194e+06,1.9313e+07,0,0,0,1.39528e+08
75.2695,85.139,2.22769,0,0.04,3.45344,3.45344,0,0.647179,6.048,4.42214e+06,2.70226e+06,1.52716e+07,0,0,0,2.73904e+08,35.2656,61.308,1.7932,0,0.04,2.10149,2.10149,0,1.62362,3.38688,9.19011e+06,3.61194e+06,1.93129e+07,0,0,0,1.39528e+08
73.8164,85.139,1.95908,0,0.04,3.45342,3.45342,0,0.647175,6.048,4.42214e+06,2.70226e+06,1.52715e+07,0,0,0,2.73904e+08,34.6282,61.308,1.76717,0,0.04,2.10148,2.10148,0,1.62361,3.38688,9.19011e+06,3.61194e+06,1.93128e+07,0,0,0,1.39528e+08
72.0838,85.139,1.66715,0,0.04,3.4534,3.4534,0,0.647171,6.048,4.42214e+06,2.70226e+06,1.52714e+07,0,0,0,2.73904e+08,33.9942,61.308,1.73427,0,0.04,2.10146,2.10146,0,1.6236,3.38688,9.19011e+06,3.61194e+06,1.93127e+07,0,0,0,1.39528e+08
70.5865,85.139,2.06881,0,0.04,3.68402,3.68402,0,0.647167,6.048,4.42214e+06,2.70226e+06,1.62912e+07,0,0,0,2.73904e+08,33.3495,61.308,2.07686,0,0.04,2.28238,2.28238,0,1.62359,3.38688,9.19011e+06,3.61194e+06,2.09753e+07,0,0,0,1.39528e+08
68.7376,85.139,1.71976,0,0.04,3.68399,3.68399,0,0.690385,6.048,4.42214e+06,2.70226e+06,1.62911e+07,0,0,0,2.73904e+08,32.6386,61.308,1.653,0,0.04,2.28236,2.28236,0,1.76336,3.38688,9.19011e+06,3.61194e+06,2.09752e+07,0,0,0,1.39528e+08
67.1994,85.139,1.99189,0,0.04,3.68397,3.68397,0,0.69038,6.048,4.42214e+06,2.70226e+06,1.6291e+07,0,0,0,2.73904e+08,32.0444,61.308,2.49141,0,0.04,2.28235,2.28235,0,1.76335,3.38688,9.19011e+06,3.61194e+06,2.0975e+07,0,0,0,1.39528e+08
65.3663,85.139,1.67331,0,0.04,3.68395,3.68395,0,0.690376,6.048,4.42214e+06,2.70226e+06,1.62909e+07,0,0,0,2.73904e+08,31.3793,61.308,1.94732,0,0.04,2.28234,2.28234,0,1.76334,3.38688,9.19011e+06,3.61194e+06,2.09749e+07,0,0,0,1.39528e+08
63.9529,85.139,2.04376,0,0.04,3.68393,3.68393,0,0.690372,6.048,4.42214e+06,2.70226e+06,1.62909e+07,0,0,0,2.73904e+08,30.7502,61.308,2.23995,0,0.04,2.28232,2.28232,0,1.76333,3.38688,9.19011e+06,3.61194e+06,2.09748e+07,0,0,0,1.39528e+08
62.6539,85.139,2.09968,0,0.04,3.57151,3.57151,0,0.690368,6.048,4.42214e+06,2.70226e+06,1.57937e+07,0,0,0,2.73904e+08,30.1646,61.308,2.37627,0,0.04,2.1725,2.1725,0,1.76332,3.38688,9.19011e+06,3.61194e+06,1.99655e+07,0,0,0,1.39528e+08
61.5602,85.139,2.34511,0,0.04,3.57149,3.57149,0,0.6693,6.048,4.42214e+06,2.70226e+06,1.57936e+07,0,0,0,2.73904e+08,29.7226,61.308,3.12578,0,0.04,2.17248,2.17248,0,1.67847,3.38688,9.19011e+06,3.61194e+06,1.99654e+07,0,0,0,1.39528e+08
60.3409,85.139,2.23583,0,0.04,3.57146,3.57146,0,0.669296,6.048,4.42214e+06,2.70226e+06,1.57935e+07,0,0,0,2.73904e+08,29.2874,61.308,3.05153,0,0.04,2.17247,2.17247,0,1.67846,3.38688,9.19011e+06,3.61194e+06,1.99652e+07,0,0,0,1.39528e+08
59.2127,85.139,2.3902,0,0.04,3.57144,3.57144,0,0.669292,6.048,4.42214e+06,2.70226e+06,1.57934e+07,0,0,0,2.73904e+08,28.9004,61.308,3.33351,0,0.04,2.17246,2.17246,0,1.67845,3.38688,9.19011e+06,3.61194e+06,1.99651e+07,0,0,0,1.39528e+08
57.6302,85.139,1.7758,0,0.04,3.47916,3.47916,0,0.669288,6.048,4.42214e+06,2.70226e+06,1.53854e+07,0,0,0,2.73904e+08,28.4538,61.308,2.4316,0,0.04,2.07249,2.07249,0,1.67844,3.38688,9.19011e+06,3.61194e+06,1.90464e+07,0,0,0,1.39528e+08
56.5947,85.139,2.3701,0,0.04,3.47914,3.47914,0,0.651995,6.048,4.42214e+06,2.70226e+06,1.53853e+07,0,0,0,2.73904e+08,28.088,61.308,2.52116,0,0.04,2.07248,2.07248,0,1.60121,3.38688,9.19011e+06,3.61194e+06,1.90463e+07,0,0,0,1.39528e+08
56.3028,85.139,3.1091,0,0.04,3.47912,3.47912,0,0.651991,6.048,4.42214e+06,2.70226e+06,1.53852e+07,0,0,0,2.73904e+08,27.8611,61.308,3.03681,0,0.04,2.07247,2.07247,0,1.6012,3.38688,9.19011e+06,3.61194e+06,1.90462e+07,0,0,0,1.39528e+08
55.6032,85.139,2.81446,0,0.04,3.4791,3.4791,0,0.651988,6.048,4.42214e+06,2.70226e+06,1.53851e+07,0,0,0,2.73904e+08,27.8986,61.308,3.37376,0,0.04,2.07245,2.07245,0,1.60119,3.38688,9.19011e+06,3.61194e+06,1.90461e+07,0,0,0,1.39528e+08
54.9112,85.139,2.53739,0,0.04,3.21707,3.21707,0,0.651984,6.048,4.42214e+06,2.70226e+06,1.42263e+07,0,0,0,2.73904e+08,27.8024,61.308,3.51242,0,0.04,1.86427,1.86427,0,1.60118,3.38688,9.19011e+06,3.61194e+06,1.71329e+07,0,0,0,1.39528e+08
54.9313,85.139,3.27923,0,0.04,3.21705,3.21705,0,0.602878,6.048,4.42214e+06,2.70226e+06,1.42262e+07,0,0,0,2.73904e+08,27.9598,61.308,4.81343,0,0.04,1.86426,1.86426,0,1.44034,3.38688,9.19011e+06,3.61194e+06,1.71328e+07,0,0,0,1.39528e+08
54.4261,85.139,2.7955,0,0.04,3.21703,3.21703,0,0.602875,6.048,4.42214e+06,2.70226e+06,1.42262e+07,0,0,0,2.73904e+08,28.0839,61.308,4.29618,0,0.04,1.86425,1.86425,0,1.44033,3.38688,9.19011e+06,3.61194e+06,1.71327e+07,0,0,0,1.39528e+08
53.1324,85.139,1.94433,0,0.04,3.21701,3.21701,0,0.602871,6.048,4.42214e+06,2.70226e+06,1.42261e+07,0,0,0,2.73904e+08,28.022,61.308,3.49591,0,0.04,1.86424,1.86424,0,1.44032,3.38688,9.19011e+06,3.61194e+06,1.71326e+07,0,0,0,1.39528e+08
53.257,85.139,3.36781,0,0.04,3.21699,3.21699,0,0.602868,6.048,4.42214e+06,2.70226e+06,1.4226e+07,0,0,0,2.73904e+08,28.1673,61.308,3.87714,0,0.04,1.86423,1.86423,0,1.44031,3.38688,9.19011e+06,3.61194e+06,1.71325e+07,0,0,0,1.39528e+08
57.397,85.139,7.63516,0,0.04,3.31774,3.31774,0,0.602864,6.048,4.42214e+06,2.70226e+06,1.46715e+07,0,0,0,2.73904e+08,28.1212,61.308,4.21377,0,0.04,1.92449,1.92449,0,1.4403,3.38688,9.19011e+06,3.61194e+06,1.76863e+07,0,0,0,1.39528e+08
62.0293,85.139,8.45065,0,0.04,3.3177,3.3177,0,0.621745,6.048,4.42214e+06,2.70226e+06,1.46713e+07,0,0,0,2.73904e+08,28.7656,61.308,7.46559,0,0.04,1.92446,1.92446,0,1.48686,3.38688,9.19011e+06,3.61194e+06,1.7686e+07,0,0,0,1.39528e+08
65.538,85.139,7.32183,0,0.04,3.31766,3.31766,0,0.621737,6.048,4.42214e+06,2.70226e+06,1.46711e+07,0,0,0,2.73904e+08,29.3864,61.308,4.99764,0,0.04,1.92444,1.92444,0,1.48684,3.38688,9.19011e+06,3.61194e+06,1.76858e+07,0,0,0,1.39528e+08
69.2177,85.139,7.4822,0,0.04,3.31761,3.31761,0,0.621729,6.048,4.42214e+06,2.70226e+06,1.4671e+07,0,0,0,2.73904e+08,29.3478,61.308,3.55449,0,0.04,1.92442,1.92442,0,1.48682,3.38688,9.19011e+06,3.61194e+06,1.76856e+07,0,0,0,1.39528e+08
73.769,85.139,8.64974,0,0.04,3.64116,3.64116,0,0.621721,6.048,4.42214e+06,2.70226e+06,1.61017e+07,0,0,0,2.73904e+08,29.3649,61.308,3.80308,0,0.04,2.15066,2.15066,0,1.4868,3.38688,9.19011e+06,3.61194e+06,1.97648e+07,0,0,0,1.39528e+08
75.3314,85.139,5.53005,0,0.04,3.64111,3.64111,0,0.682353,6.048,4.42214e+06,2.70226e+06,1.61015e+07,0,0,0,2.73904e+08,29.1588,61.308,3.016,0,0.04,2.15063,2.15063,0,1.6616,3.38688,9.19011e+06,3.61194e+06,1.97645e+07,0,0,0,1.39528e+08
77.9115,85.139,6.56002,0,0.04,3.64106,3.64106,0,0.682344,6.048,4.42214e+06,2.70226e+06,1.61013e+07,0,0,0,2.73904e+08,29.061,61.308,3.34591,0,0.04,2.1506,2.1506,0,1.66158,3.38688,9.19011e+06,3.61194e+06,1.97643e+07,0,0,0,1.39528e+08
80.7643,85.139,6.89054,0,0.04,3.64102,3.64102,0,0.682336,6.048,4.42214e+06,2.70226e+06,1.61011e+07,0,0,0,2.73904e+08,29.0702,61.308,3.63038,0,0.04,2.15057,2.15057,0,1.66156,3.38688,9.19011e+06,3.61194e+06,1.9764e+07,0,0,0,1.39528e+08
82.6605,85.139,5.45249,0,0.04,3.17945,3.17945,0,0.682327,6.048,4.42214e+06,2.70226e+06,1.406e+07,0,0,0,2.73904e+08,28.9431,61.308,3.21618,0,0.04,1.84691,1.84691,0,1.66153,3.38688,9.19011e+06,3.61194e+06,1.69733e+07,0,0,0,1.39528e+08
84.6786,85.139,5.61839,0,0.04,3.17941,3.17941,0,0.59583,6.048,4.42214e+06,2.70226e+06,1.40598e+07,0,0,0,2.73904e+08,28.9582,61.308,3.67818,0,0.04,1.84689,1.84689,0,1.42692,3.38688,9.19011e+06,3.61194e+06,1.69731e+07,0,0,0,1.39528e+08
85.139,85.139,6.49009,0,0.04,3.17937,3.17937,0,0.595822,6.048,4.42214e+06,2.70226e+06,1.40596e+07,0,0,0,2.73904e+08,29.1309,61.308,4.1198,0,0.04,1.84686,1.84686,0,1.4269,3.38688,9.19011e+06,3.61194e+06,1.69729e+07,0,0,0,1.39528e+08
85.139,85.139,8.86616,0,0.04,3.17933,3.17933,0,0.595814,6.048,4.42214e+06,2.70226e+06,1.40595e+07,0,0,0,2.73904e+08,29.252,61.308,4.05369,0,0.04,1.84684,1.84684,0,1.42689,3.38688,9.19011e+06,3.61194e+06,1.69726e+07,0,0,0,1.39528e+08
85.139,85.139,5.84583,0,0.04,3.17929,3.17929,0,0.595807,6.048,4.42214e+06,2.70226e+06,1.40593e+07,0,0,0,2.73904e+08,29.1882,61.308,4.2935,0,0.04,1.84681,1.84681,0,1.42687,3.38688,9.19011e+06,3.61194e+06,1.69724e+07,0,0,0,1.39528e+08
85.139,85.139,6.32148,0,0.04,3.29541,3.29541,0,0.595799,6.048,4.42214e+06,2.70226e+06,1.45728e+07,0,0,0,2.73904e+08,29.1964,61.308,4.74698,0,0.04,1.92107,1.92107,0,1.42685,3.38688,9.19011e+06,3.61194e+06,1.76548e+07,0,0,0,1.39528e+08
85.139,85.139,6.03379,0,0.04,3.29537,3.29537,0,0.61756,6.048,4.42214e+06,2.70226e+06,1.45726e+07,0,0,0,2.73904e+08,29.1344,61.308,4.49317,0,0.04,1.92104,1.92104,0,1.48422,3.38688,9.19011e+06,3.61194e+06,1.76546e+07,0,0,0,1.39528e+08
85.139,85.139,5.23071,0,0.04,3.29533,3.29533,0,0.617553,6.048,4.42214e+06,2.70226e+06,1.45724e+07,0,0,0,2.73904e+08,29.1375,61.308,4.94739,0,0.04,1.92102,1.92102,0,1.4842,3.38688,9.19011e+06,3.61194e+06,1.76544e+07,0,0,0,1.39528e+08
85.139,85.139,7.13612,0,0.04,3.29529,3.29529,0,0.617545,6.048,4.42214e+06,2.70226e+06,1.45722e+07,0,0,0,2.73904e+08,29.2989,61.308,6.20377,0,0.04,1.92099,1.92099,0,1.48418,3.38688,9.19011e+06,3.61194e+06,1.76541e+07,0,0,0,1.39528e+08
85.139,85.139,4.71566,0,0.04,3.24983,3.24983,0,0.617537,6.048,4.42214e+06,2.70226e+06,1.43712e+07,0,0,0,2.73904e+08,29.0676,61.308,3.22924,0,0.04,1.89212,1.89212,0,1.48416,3.38688,9.19011e+06,3.61194e+06,1.73888e+07,0,0,0,1.39528e+08
85.139,85.139,4.19999,0,0.04,3.24979,3.24979,0,0.609018,6.048,4.42214e+06,2.70226e+06,1.4371e+07,0,0,0,2.73904e+08,28.8885,61.308,3.45596,0,0.04,1.8921,1.8921,0,1.46185,3.38688,9.19011e+06,3.61194e+06,1.73886e+07,0,0,0,1.39528e+08
85.139,85.139,4.37489,0,0.04,3.24974,3.24974,0,0.60901,6.048,4.42214e+06,2.70226e+06,1.43708e+07,0,0,0,2.73904e+08,28.6147,61.308,2.88686,0,0.04,1.89207,1.89207,0,1.46183,3.38688,9.19011e+06,3.61194e+06,1.73884e+07,0,0,0,1.39528e+08
85.139,85.139,4.27905,0,0.04,3.2497,3.2497,0,0.609002,6.048,4.42214e+06,2.70226e+06,1.43706e+07,0,0,0,2.73904e+08,28.3142,61.308,2.97648,0,0.04,1.89205,1.89205,0,1.46182,3.38688,9.19011e+06,3.61194e+06,1.73881e+07,0,0,0,1.39528e+08
85.139,85.139,3.62984,0,0.04,3.40381,3.40381,0,0.608994,6.048,4.42214e+06,2.70226e+06,1.50521e+07,0,0,0,2.73904e+08,27.9922,61.308,2.70957,0,0.04,1.99432,1.99432,0,1.4618,3.38688,9.19011e+06,3.61194e+06,1.8328e+07,0,0,0,1.39528e+08
85.0184,85.139,3.4557,0,0.04,3.40377,3.40377,0,0.637875,6.048,4.42214e+06,2.70226e+06,1.50519e+07,0,0,0,2.73904e+08,27.627,61.308,2.40469,0,0.04,1.99429,1.99429,0,1.54081,3.38688,9.19011e+06,3.61194e+06,1.83278e+07,0,0,0,1.39528e+08
84.6268,85.139,3.12869,0,0.04,3.40373,3.40373,0,0.637867,6.048,4.42214e+06,2.70226e+06,1.50518e+07,0,0,0,2.73904e+08,27.2238,61.308,2.32018,0,0.04,1.99427,1.99427,0,1.54079,3.38688,9.19011e+06,3.61194e+06,1.83275e+07,0,0,0,1.39528e+08
84.0879,85.139,2.95979,0,0.04,3.40368,3.40368,0,0.637858,6.048,4.42214e+06,2.70226e+06,1.50516e+07,0,0,0,2.73904e+08,26.7945,61.308,2.17336,0,0.04,1.99424,1.99424,0,1.54077,3.38688,9.19011e+06,3.61194e+06,1.83273e+07,0,0,0,1.39528e+08
83.4977,85.139,2.90572,0,0.04,3.40364,3.40364,0,0.63785,6.048,4.42214e+06,2.70226e+06,1.50514e+07,0,0,0,2.73904e+08,26.418,61.308,2.20138,0,0.04,1.99421,1.99421,0,1.54075,3.38688,9.19011e+06,3.61194e+06,1.8327e+07,0,0,0,1.39528e+08
82.7224,85.139,2.68847,0,0.04,3.37311,3.37311,0,0.637842,6.048,4.42214e+06,2.70226e+06,1.49164e+07,0,0,0,2.73904e+08,26.0788,61.308,2.19008,0,0.04,2.05041,2.05041,0,1.54073,3.38688,9.19011e+06,3.61194e+06,1.88435e+07,0,0,0,1.39528e+08
81.7287,85.139,2.44384,0,0.04,3.37307,3.37307,0,0.632121,6.048,4.42214e+06,2.70226e+06,1.49162e+07,0,0,0,2.73904e+08,25.7067,61.308,2.00026,0,0.04,2.05038,2.05038,0,1.58414,3.38688,9.19011e+06,3.61194e+06,1.88432e+07,0,0,0,1.39528e+08
80.6524,85.139,2.31457,0,0.04,3.37302,3.37302,0,0.632113,6.048,4.42214e+06,2.70226e+06,1.4916e+07,0,0,0,2.73904e+08,25.2599,61.308,1.99349,0,0.04,2.05035,2.05035,0,1.58412,3.38688,9.19011e+06,3.61194e+06,1.8843e+07,0,0,0,1.39528e+08
79.3537,85.139,2.0778,0,0.04,3.37298,3.37298,0,0.632105,6.048,4.42214e+06,2.70226e+06,1.49158e+07,0,0,0,2.73904e+08,24.7909,61.308,1.95596,0,0.04,2.05033,2.05033,0,1.5841,3.38688,9.19011e+06,3.61194e+06,1.88427e+07,0,0,0,1.39528e+08
78.0174,85.139,2.0867,0,0.04,3.45166,3.45166,0,0.632097,6.048,4.42214e+06,2.70226e+06,1.52637e+07,0,0,0,2.73904e+08,24.3045,61.308,1.91266,0,0.04,2.1004,2.1004,0,1.58408,3.38688,9.19011e+06,3.61194e+06,1.93029e+07,0,0,0,1.39528e+08
76.5645,85.139,1.95381,0,0.04,3.45161,3.45161,0,0.64684,6.048,4.42214e+06,2.70226e+06,1.52635e+07,0,0,0,2.73904e+08,23.8052,61.308,1.90922,0,0.04,2.10037,2.10037,0,1.62277,3.38688,9.19011e+06,3.61194e+06,1.93027e+07,0,0,0,1.39528e+08
74.9072,85.139,1.7329,0,0.04,3.45157,3.45157,0,0.646832,6.048,4.42214e+06,2.70226e+06,1.52633e+07,0,0,0,2.73904e+08,23.2846,61.308,1.72869,0,0.04,2.10035,2.10035,0,1.62275,3.38688,9.19011e+06,3.61194e+06,1.93024e+07,0,0,0,1.39528e+08
73.1139,85.139,1.56966,0,0.04,3.45152,3.45152,0,0.646824,6.048,4.42214e+06,2.70226e+06,1.52631e+07,0,0,0,2.73904e+08,22.6826,61.308,1.68433,0,0.04,2.10032,2.10032,0,1.62273,3.38688,9.19011e+06,3.61194e+06,1.93022e+07,0,0,0,1.39528e+08
70.5699,85.139,0.979718,0,0.04,3.68199,3.68199,0,0.646815,6.048,4.42214e+06,2.70226e+06,1.62823e+07,0,0,0,2.73904e+08,22.0282,61.308,1.47471,0,0.04,2.28112,2.28112,0,1.62271,3.38688,9.19011e+06,3.61194e+06,2.09637e+07,0,0,0,1.39528e+08
68.0357,85.139,0.963132,0,0.04,3.68194,3.68194,0,0.690004,6.048,4.42214e+06,2.70226e+06,1.62821e+07,0,0,0,2.73904e+08,21.4511,61.308,1.4549,0,0.04,2.28109,2.28109,0,1.76239,3.38688,9.19011e+06,3.61194e+06,2.09635e+07,0,0,0,1.39528e+08
66.0627,85.139,1.54409,0,0.04,3.68189,3.68189,0,0.689995,6.048,4.42214e+06,2.70226e+06,1.62818e+07,0,0,0,2.73904e+08,20.9432,61.308,1.77152,0,0.04,2.28106,2.28106,0,1.76237,3.38688,9.19011e+06,3.61194e+06,2.09632e+07,0,0,0,1.39528e+08
64.4846,85.139,1.93089,0,0.04,3.68184,3.68184,0,0.689987,6.048,4.42214e+06,2.70226e+06,1.62816e+07,0,0,0,2.73904e+08,20.5184,61.308,1.82131,0,0.04,2.28103,2.28103,0,1.76235,3.38688,9.19011e+06,3.61194e+06,2.09629e+07,0,0,0,1.39528e+08
62.727,85.139,1.73362,0,0.04,3.6818,3.6818,0,0.689978,6.048,4.42214e+06,2.70226e+06,1.62814e+07,0,0,0,2.73904e+08,20.0576,61.308,1.78804,0,0.04,2.281,2.281,0,1.76232,3.38688,9.19011e+06,3.61194e+06,2.09627e+07,0,0,0,1.39528e+08
61.0789,85.139,1.76092,0,0.04,3.56942,3.56942,0,0.689969,6.048,4.42214e+06,2.70226e+06,1.57845e+07,0,0,0,2.73904e+08,19.6897,61.308,1.88792,0,0.04,2.17122,2.17122,0,1.7623,3.38688,9.19011e+06,3.61194e+06,1.99538e+07,0,0,0,1.39528e+08
59.7583,85.139,2.0849,0,0.04,3.56937,3.56937,0,0.668908,6.048,4.42214e+06,2.70226e+06,1.57843e+07,0,0,0,2.73904e+08,19.6254,61.308,2.95262,0,0.04,2.1712,2.1712,0,1.67749,3.38688,9.19011e+06,3.61194e+06,1.99535e+07,0,0,0,1.39528e+08
58.4022,85.139,2.02853,0,0.04,3.56932,3.56932,0,0.6689,6.048,4.42214e+06,2.70226e+06,1.57841e+07,0,0,0,2.73904e+08,19.4564,61.308,2.74541,0,0.04,2.17117,2.17117,0,1.67747,3.38688,9.19011e+06,3.61194e+06,1.99533e+07,0,0,0,1.39528e+08
57.0425,85.139,2.00319,0,0.04,3.56928,3.56928,0,0.668891,6.048,4.42214e+06,2.70226e+06,1.57838e+07,0,0,0,2.73904e+08,19.4398,61.308,3.45289,0,0.04,2.17114,2.17114,0,1.67745,3.38688,9.19011e+06,3.61194e+06,1.9953e+07,0,0,0,1.39528e+08
55.6696,85.139,1.89718,0,0.04,3.47703,3.47703,0,0.668883,6.048,4.42214e+06,2.70226e+06,1.53759e+07,0,0,0,2.73904e+08,19.2265,61.308,2.38369,0,0.04,2.07122,2.07122,0,1.67742,3.38688,9.19011e+06,3.61194e+06,1.90347e+07,0,0,0,1.39528e+08
54.7926,85.139,2.48768,0,0.04,3.47699,3.47699,0,0.651595,6.048,4.42214e+06,2.70226e+06,1.53757e+07,0,0,0,2.73904e+08,18.8964,61.308,2.01814,0,0.04,2.07119,2.07119,0,1.60022,3.38688,9.19011e+06,3.61194e+06,1.90345e+07,0,0,0,1.39528e+08
53.5725,85.139,2.11061,0,0.04,3.47694,3.47694,0,0.651587,6.048,4.42214e+06,2.70226e+06,1.53755e+07,0,0,0,2.73904e+08,18.6249,61.308,2.42496,0,0.04,2.07117,2.07117,0,1.6002,3.38688,9.19011e+06,3.61194e+06,1.90343e+07,0,0,0,1.39528e+08
