0st_vol,0capacity,0net_inf,0st_rof,0lt_rof,0rest_demand,0unrest_demand,0unfulf_demand,0wastewater,0treat_capacity,0agg_price,0res_price,0gross_rev,0drought_cost,0cont_contrib,0debt_serv,0infra_npv,1st_vol,1capacity,1net_inf,1st_rof,1lt_rof,1rest_demand,1unrest_demand,1unfulf_demand,1wastewater,1treat_capacity,1agg_price,1res_price,1gross_rev,1drought_cost,1cont_contrib,1debt_serv,1infra_npv
85.139,85.139,3.69072,0.05,0,2.16737,2.46977,0,0,4.47552,4.41193e+06,2.70226e+06,9.56229e+06,0,0,0,0,62.3362,61.308,3.80538,0,1,1.73502,1.43262,0,0,2.1168,9.16889e+06,3.61194e+06,1.59082e+07,0,0,0,0
85.139,85.139,3.77849,0.05,0,2.18882,2.47048,0,0.406166,4.47552,4.41193e+06,2.70226e+06,9.6569e+06,0,0,0,0,62.3362,61.308,5.11788,0,1,1.71469,1.43303,0,1.34047,2.1168,9.16889e+06,3.61194e+06,1.57218e+07,0,0,0,0
85.139,85.139,5.36794,0.05,0,2.18993,2.47119,0,0.410184,4.47552,4.41193e+06,2.70226e+06,9.66183e+06,0,0,0,0,62.3362,61.308,4.44683,0,1,1.71469,1.43344,0,1.32477,2.1168,9.16889e+06,3.61194e+06,1.57218e+07,0,0,0,0
85.139,85.139,6.96483,0.05,0,2.19105,2.47189,0,0.410393,4.47552,4.41193e+06,2.70226e+06,9.66675e+06,0,0,0,0,62.3362,61.308,5.57757,0,1,1.71469,1.43385,0,1.32477,2.1168,9.16889e+06,3.61194e+06,1.57218e+07,0,0,0,0
85.139,85.139,6.76747,0.05,0,2.43334,2.71377,0,0.410603,4.47552,4.41193e+06,2.70226e+06,1.07357e+07,0,0,0,0,62.3362,61.308,8.53412,0,1,1.88333,1.60289,0,1.32477,2.1168,9.16889e+06,3.61194e+06,1.7268e+07,0,0,0,0
84.817,85.139,2.78466,0.05,0,2.60316,2.71455,0,0.456008,4.47552,4.41193e+06,2.70226e+06,1.1485e+07,0,0,0,0,62.3362,61.308,4.19954,0,1,1.71474,1.60335,0,1.45506,2.1168,9.16889e+06,3.61194e+06,1.57222e+07,0,0,0,0
85.0446,85.139,3.34407,0.06,0,2.6044,2.71532,0,0.487833,4.47552,4.41193e+06,2.70226e+06,1.14904e+07,0,0,0,0,62.3362,61.308,3.69943,0,1,1.71474,1.60381,0,1.32481,2.1168,9.16889e+06,3.61194e+06,1.57222e+07,0,0,0,0
85.139,85.139,4.44418,0.06,0,2.60563,2.7161,0,0.488064,4.47552,4.41193e+06,2.70226e+06,1.14959e+07,0,0,0,0,62.3362,61.308,5.27929,0,1,1.71474,1.60427,0,1.32481,2.1168,9.16889e+06,3.61194e+06,1.57222e+07,0,0,0,0
85.139,85.139,7.04392,0.05,0,2.26249,2.3725,0,0.488296,4.47552,4.41193e+06,2.70226e+06,9.98194e+06,0,0,0,0,62.3362,61.308,7.08665,0,1,1.48817,1.37816,0,1.32481,2.1168,9.16889e+06,3.61194e+06,1.36448e+07,0,0,0,0
85.139,85.139,7.81674,0.05,0,2.07078,2.37318,0,0.42399,4.47552,4.41193e+06,2.70226e+06,9.13611e+06,0,0,0,0,62.3362,61.308,6.49682,0,1,1.68095,1.37855,0,1.14976,2.1168,9.16889e+06,3.61194e+06,1.54124e+07,0,0,0,0
85.139,85.139,5.5984,0.05,0,2.07145,2.37385,0,0.388063,4.47552,4.41193e+06,2.70226e+06,9.13911e+06,0,0,0,0,62.3362,61.308,5.40652,0,1,1.68135,1.37895,0,1.2987,2.1168,9.16889e+06,3.61194e+06,1.54161e+07,0,0,0,0
85.139,85.139,5.65272,0.05,0,2.07213,2.37453,0,0.388191,4.47552,4.41193e+06,2.70226e+06,9.1421e+06,0,0,0,0,62.3362,61.308,4.35681,0,1,1.68174,1.37934,0,1.29901,2.1168,9.16889e+06,3.61194e+06,1.54197e+07,0,0,0,0
85.139,85.139,5.24857,0.05,0,2.07281,2.37521,0,0.388318,4.47552,4.41193e+06,2.70226e+06,9.1451e+06,0,0,0,0,62.3362,61.308,5.30904,0,1,1.68213,1.37973,0,1.29931,2.1168,9.16889e+06,3.61194e+06,1.54233e+07,0,0,0,0
85.139,85.139,5.84401,0.05,0,2.1603,2.4627,0,0.388445,4.47552,4.41193e+06,2.70226e+06,9.5311e+06,0,0,0,0,62.3362,61.308,5.68395,0,1,1.73804,1.43564,0,1.29962,2.1168,9.16889e+06,3.61194e+06,1.59359e+07,0,0,0,0
85.139,85.139,4.59142,0.05,0,2.18476,2.46341,0,0.404841,4.47552,4.41193e+06,2.70226e+06,9.63902e+06,0,0,0,0,62.3362,61.308,4.65066,0,1,1.71469,1.43605,0,1.34281,2.1168,9.16889e+06,3.61194e+06,1.57218e+07,0,0,0,0
85.139,85.139,3.63975,0.05,0,2.18588,2.46411,0,0.409425,4.47552,4.41193e+06,2.70226e+06,9.64394e+06,0,0,0,0,62.3362,61.308,3.63438,0,1,1.71469,1.43646,0,1.32477,2.1168,9.16889e+06,3.61194e+06,1.57218e+07,0,0,0,0
85.139,85.139,3.28287,0.05,0,2.18699,2.46482,0,0.409633,4.47552,4.41193e+06,2.70226e+06,9.64886e+06,0,0,0,0,62.3362,61.308,3.26437,0,1,1.71469,1.43687,0,1.32477,2.1168,9.16889e+06,3.61194e+06,1.57218e+07,0,0,0,0
85.139,85.139,2.7961,0.05,0,2.15413,2.43154,0,0.409842,4.47552,4.41193e+06,2.70226e+06,9.50386e+06,0,0,0,0,62.1707,61.308,2.56532,0,1,1.69311,1.4157,0,1.32477,2.1168,9.16889e+06,3.61194e+06,1.55239e+07,0,0,0,0
85.1344,85.139,2.51275,0.05,0,2.13365,2.43223,0,0.403684,4.47552,4.41193e+06,2.70226e+06,9.41351e+06,0,0,0,0,61.9739,61.308,2.37361,0,1,1.71468,1.4161,0,1.3081,2.1168,9.16889e+06,3.61194e+06,1.57218e+07,0,0,0,0
85.139,85.139,2.82942,0.07,0,2.13475,2.43293,0,0.399846,4.47552,4.41193e+06,2.70226e+06,9.41837e+06,0,0,0,0,61.6916,61.308,2.13111,0,1,1.71468,1.41651,0,1.32477,2.1168,9.16889e+06,3.61194e+06,1.57218e+07,0,0,0,0
85.0787,85.139,2.39726,0.04,0,2.13585,2.43363,0,0.400052,4.47552,4.41193e+06,2.70226e+06,9.42323e+06,0,0,0,0,61.2635,61.308,2.17003,0,1,1.71468,1.41691,0,1.32477,2.1168,9.16889e+06,3.61194e+06,1.57218e+07,0,0,0,0
84.6919,85.139,2.08632,0.06,0,2.25243,2.5498,0,0.400259,4.47552,4.41193e+06,2.70226e+06,9.93756e+06,0,0,0,0,60.6824,61.308,1.84033,0,1,1.79131,1.49394,0,1.32477,2.1168,9.16889e+06,3.61194e+06,1.64243e+07,0,0,0,0
84.0017,85.139,1.87243,0.05,0,2.33019,2.55053,0,0.422105,4.47552,4.41193e+06,2.70226e+06,1.02806e+07,0,0,0,0,60.1512,61.308,1.71178,0,1,1.71471,1.49437,0,1.38397,2.1168,9.16889e+06,3.61194e+06,1.5722e+07,0,0,0,0
83.292,85.139,1.8469,0.05,0,2.33135,2.55126,0,0.436678,4.47552,4.41193e+06,2.70226e+06,1.02857e+07,0,0,0,0,59.6114,61.308,1.72641,0,1,1.71471,1.4948,0,1.32478,2.1168,9.16889e+06,3.61194e+06,1.5722e+07,0,0,0,0
82.4717,85.139,1.72733,0.04,0,2.3325,2.55199,0,0.436895,4.47552,4.41193e+06,2.70226e+06,1.02908e+07,0,0,0,0,59.0073,61.308,1.63672,0,1,1.71471,1.49523,0,1.32478,2.1168,9.16889e+06,3.61194e+06,1.5722e+07,0,0,0,0
81.5347,85.139,1.57792,0.04,0,2.33366,2.55272,0,0.437111,4.47552,4.41193e+06,2.70226e+06,1.02959e+07,0,0,0,0,58.4642,61.308,1.57936,0,1,1.71471,1.49565,0,1.32478,2.1168,9.16889e+06,3.61194e+06,1.5722e+07,0,0,0,0
80.2917,85.139,1.24336,0.02,0,2.31195,2.53058,0,0.437328,4.47552,4.41193e+06,2.70226e+06,1.02002e+07,0,0,0,0,57.9135,61.308,1.62223,0,1,1.75688,1.53826,0,1.32478,2.1168,9.16889e+06,3.61194e+06,1.61087e+07,0,0,0,0
78.9143,85.139,1.13712,0.02,0,2.35528,2.5313,0,0.433259,4.47552,4.41193e+06,2.70226e+06,1.03913e+07,0,0,0,0,57.2156,61.308,1.59672,0,1,1.71472,1.5387,0,1.35737,2.1168,9.16889e+06,3.61194e+06,1.57221e+07,0,0,0,0
77.4464,85.139,1.03063,0.04,0,2.35644,2.53202,0,0.441379,4.47552,4.41193e+06,2.70226e+06,1.03964e+07,0,0,0,0,56.4998,61.308,1.43541,0,1,1.71472,1.53914,0,1.32479,2.1168,9.16889e+06,3.61194e+06,1.57221e+07,0,0,0,0
75.9684,85.139,0.973962,0.04,0,2.3576,2.53275,0,0.441597,4.47552,4.41193e+06,2.70226e+06,1.04016e+07,0,0,0,0,55.7528,61.308,1.41826,0,1,1.71472,1.53958,0,1.32479,2.1168,9.16889e+06,3.61194e+06,1.57221e+07,0,0,0,0
74.3531,85.139,0.896336,0.04,0,2.41789,2.5926,0,0.441815,4.47552,4.41193e+06,2.70226e+06,1.06676e+07,0,0,0,0,55.1274,61.308,1.55719,0,1,1.75235,1.57765,0,1.32479,2.1168,9.16889e+06,3.61194e+06,1.60671e+07,0,0,0,0
72.6174,85.139,0.788255,0.04,0,2.45671,2.59334,0,0.453113,4.47552,4.41193e+06,2.70226e+06,1.08388e+07,0,0,0,0,54.3337,61.308,1.55225,0,1,1.71473,1.5781,0,1.35387,2.1168,9.16889e+06,3.61194e+06,1.57222e+07,0,0,0,0
70.8371,85.139,0.730938,0.04,0,2.4579,2.59408,0,0.460387,4.47552,4.41193e+06,2.70226e+06,1.08441e+07,0,0,0,0,53.6594,61.308,1.38028,0,1,1.71473,1.57855,0,1.3248,2.1168,9.16889e+06,3.61194e+06,1.57222e+07,0,0,0,0
69.0872,85.139,0.742912,0.04,0,2.45909,2.59482,0,0.46061,4.47552,4.41193e+06,2.70226e+06,1.08493e+07,0,0,0,0,53.056,61.308,1.55873,0,1,1.71473,1.579,0,1.3248,2.1168,9.16889e+06,3.61194e+06,1.57222e+07,0,0,0,0
67.1819,85.139,0.712831,0.04,0,2.63363,2.76891,0,0.460834,4.47552,4.41193e+06,2.70226e+06,1.16194e+07,0,0,0,0,52.2477,61.308,1.5965,0,1,1.85072,1.71544,0,1.3248,2.1168,9.16889e+06,3.61194e+06,1.6969e+07,0,0,0,0
64.9289,85.139,0.463128,0.07,0,2.7697,2.7697,0,0.493542,4.47552,4.41193e+06,2.70226e+06,1.22197e+07,0,0,0,0,51.3799,61.308,1.29525,0,1,1.71593,1.71593,0,1.42986,2.1168,9.16889e+06,3.61194e+06,1.57331e+07,0,0,0,0
62.7319,85.139,0.497957,0.07,0,2.77049,2.77049,0,0.519042,4.47552,4.41193e+06,2.70226e+06,1.22232e+07,0,0,0,0,50.7201,61.308,1.30614,0,1,1.71642,1.71642,0,1.32572,2.1168,9.16889e+06,3.61194e+06,1.57376e+07,0,0,0,0
60.7935,85.139,0.771754,0.07,0,2.77128,2.77128,0,0.51919,4.47552,4.41193e+06,2.70226e+06,1.22267e+07,0,0,0,0,50.1331,61.308,1.56687,0,1,1.71691,1.71691,0,1.3261,2.1168,9.16889e+06,3.61194e+06,1.57421e+07,0,0,0,0
59.122,85.139,1.03926,0.11,0,2.77208,2.77208,0,0.519339,4.47552,4.41193e+06,2.70226e+06,1.22302e+07,0,0,0,0,49.4836,61.308,1.69145,0,1,1.7174,1.7174,0,1.32648,2.1168,9.16889e+06,3.61194e+06,1.57466e+07,0,0,0,0
57.1375,85.139,0.59298,0.11,0,2.68826,2.68826,0,0.519487,4.47552,4.41193e+06,2.70226e+06,1.18604e+07,0,0,0,0,48.6259,61.308,1.36549,0,1,1.63523,1.63523,0,1.32686,2.1168,9.16889e+06,3.61194e+06,1.49933e+07,0,0,0,0
54.7816,85.139,0.493026,0.11,0,2.60999,2.68903,0,0.503781,4.47552,4.41193e+06,2.70226e+06,1.15151e+07,0,0,0,0,47.9135,61.308,1.21175,0,1,1.71475,1.6357,0,1.26338,2.1168,9.16889e+06,3.61194e+06,1.57223e+07,0,0,0,0
53.4728,85.139,0.913767,0.13,0,2.61122,2.6898,0,0.489111,4.47552,4.41193e+06,2.70226e+06,1.15205e+07,0,0,0,0,47.4726,61.308,1.59376,0,1,1.71475,1.63617,0,1.32481,2.1168,9.16889e+06,3.61194e+06,1.57223e+07,0,0,0,0
52.6685,85.139,1.82074,0.14,0,2.61246,2.69057,0,0.489343,4.47552,4.41193e+06,2.70226e+06,1.1526e+07,0,0,0,0,47.117,61.308,2.2644,0,1,1.71475,1.63664,0,1.32481,2.1168,9.16889e+06,3.61194e+06,1.57223e+07,0,0,0,0
51.521,85.139,1.3464,0.14,0,2.54417,2.62181,0,0.489575,4.47552,4.41193e+06,2.70226e+06,1.12247e+07,0,0,0,0,46.3299,61.308,1.45239,0,1,1.63942,1.56178,0,1.32481,2.1168,9.16889e+06,3.61194e+06,1.50317e+07,0,0,0,0
50.9868,85.139,1.95874,0.14,0,2.47006,2.62256,0,0.476778,4.47552,4.41193e+06,2.70226e+06,1.08977e+07,0,0,0,0,45.5207,61.308,1.16868,0,1,1.71473,1.56223,0,1.26662,2.1168,9.16889e+06,3.61194e+06,1.57221e+07,0,0,0,0
50.1778,85.139,1.66176,0.16,0,2.47126,2.62331,0,0.46289,4.47552,4.41193e+06,2.70226e+06,1.0903e+07,0,0,0,0,44.9799,61.308,1.40363,0,1,1.71473,1.56267,0,1.3248,2.1168,9.16889e+06,3.61194e+06,1.57221e+07,0,0,0,0
52.692,85.139,5.14498,0.16,0,2.47246,2.62406,0,0.463114,4.47552,4.41193e+06,2.70226e+06,1.09083e+07,0,0,0,0,45.134,61.308,4.48961,0,1,1.71473,1.56312,0,1.3248,2.1168,9.16889e+06,3.61194e+06,1.57221e+07,0,0,0,0
54.0662,85.139,3.84721,0.15,0,2.27597,2.42713,0,0.463338,4.47552,4.41193e+06,2.70226e+06,1.00414e+07,0,0,0,0,45.3229,61.308,2.88544,0,1,1.55767,1.40651,0,1.3248,2.1168,9.16889e+06,3.61194e+06,1.42821e+07,0,0,0,0
53.6292,85.139,1.86275,0.14,0,2.12543,2.42783,0,0.426517,4.47552,4.41193e+06,2.70226e+06,9.37723e+06,0,0,0,0,45.2683,61.308,3.15476,0,1,1.70931,1.40691,0,1.20346,2.1168,9.16889e+06,3.61194e+06,1.56725e+07,0,0,0,0
55.2337,85.139,4.01536,0.15,0,2.12612,2.42852,0,0.398305,4.47552,4.41193e+06,2.70226e+06,9.38029e+06,0,0,0,0,45.8046,61.308,5.58317,0,1,1.70971,1.40731,0,1.32062,2.1168,9.16889e+06,3.61194e+06,1.56762e+07,0,0,0,0
56.4934,85.139,3.69204,0.15,0,2.12681,2.42921,0,0.398435,4.47552,4.41193e+06,2.70226e+06,9.38336e+06,0,0,0,0,46.3902,61.308,4.67148,0,1,1.71012,1.40772,0,1.32093,2.1168,9.16889e+06,3.61194e+06,1.56799e+07,0,0,0,0
59.0416,85.139,5.03303,0.15,0,2.12751,2.42991,0,0.398565,4.47552,4.41193e+06,2.70226e+06,9.38642e+06,0,0,0,0,47.6366,61.308,6.99466,0,1,1.71052,1.40812,0,1.32124,2.1168,9.16889e+06,3.61194e+06,1.56836e+07,0,0,0,0
67.3663,85.139,11.0834,0.14,0,2.20434,2.50674,0,0.398695,4.47552,4.41193e+06,2.70226e+06,9.72537e+06,0,0,0,0,48.6591,61.308,7.56862,0,1,1.75646,1.45406,0,1.32155,2.1168,9.16889e+06,3.61194e+06,1.61048e+07,0,0,0,0
78.6361,85.139,14.7904,0.09,0,2.24721,2.50743,0,0.413092,4.47552,4.41193e+06,2.70226e+06,9.91452e+06,0,0,0,0,51.5724,61.308,12.2331,0,1,1.71468,1.45446,0,1.35704,2.1168,9.16889e+06,3.61194e+06,1.57217e+07,0,0,0,0
85.139,85.139,9.88092,0.04,0,2.2483,2.50812,0,0.421127,4.47552,4.41193e+06,2.70226e+06,9.91935e+06,0,0,0,0,52.8064,61.308,7.70816,0,1,1.71468,1.45486,0,1.32476,2.1168,9.16889e+06,3.61194e+06,1.57217e+07,0,0,0,0
85.139,85.139,10.5937,0.01,0,2.2494,2.50882,0,0.421332,4.47552,4.41193e+06,2.70226e+06,9.92419e+06,0,0,0,0,54.7897,61.308,9.82775,0,1,1.71468,1.45527,0,1.32476,2.1168,9.16889e+06,3.61194e+06,1.57217e+07,0,0,0,0
85.139,85.139,11.941,0.02,0,2.49527,2.75428,0,0.421538,4.47552,4.41193e+06,2.70226e+06,1.1009e+07,0,0,0,0,56.528,61.308,8.69818,0,1,1.88584,1.62682,0,1.32476,2.1168,9.16889e+06,3.61194e+06,1.7291e+07,0,0,0,0
85.139,85.139,7.68825,0.02,0,2.66759,2.75505,0,0.467614,4.47552,4.41193e+06,2.70226e+06,1.17692e+07,0,0,0,0,58.4113,61.308,9.57657,0,1,1.71473,1.62727,0,1.457,2.1168,9.16889e+06,3.61194e+06,1.57222e+07,0,0,0,0
85.139,85.139,6.13612,0.04,0,2.6688,2.75581,0,0.499906,4.47552,4.41193e+06,2.70226e+06,1.17746e+07,0,0,0,0,59.7408,61.308,7.56497,0,1,1.71473,1.62772,0,1.3248,2.1168,9.16889e+06,3.61194e+06,1.57222e+07,0,0,0,0
85.139,85.139,5.36748,0.04,0,2.67002,2.75657,0,0.500134,4.47552,4.41193e+06,2.70226e+06,1.17799e+07,0,0,0,0,60.9758,61.308,6.8946,0,1,1.71473,1.62817,0,1.3248,2.1168,9.16889e+06,3.61194e+06,1.57222e+07,0,0,0,0
85.139,85.139,6.43047,0.04,0,2.32172,2.40782,0,0.500361,4.47552,4.41193e+06,2.70226e+06,1.02433e+07,0,0,0,0,62.2683,61.308,6.87824,0,1,1.48478,1.39868,0,1.3248,2.1168,9.16889e+06,3.61194e+06,1.36138e+07,0,0,0,0
85.139,85.139,7.1171,0.05,0,2.10609,2.40849,0,0.43509,4.47552,4.41193e+06,2.70226e+06,9.29192e+06,0,0,0,0,62.3362,61.308,5.39341,0,1,1.70147,1.39907,0,1.14714,2.1168,9.16889e+06,3.61194e+06,1.56005e+07,0,0,0,0
85.139,85.139,5.80939,0.05,0,2.10676,2.40916,0,0.394682,4.47552,4.41193e+06,2.70226e+06,9.29487e+06,0,0,0,0,62.3362,61.308,4.47574,0,1,1.70185,1.39945,0,1.31455,2.1168,9.16889e+06,3.61194e+06,1.56041e+07,0,0,0,0
85.139,85.139,7.92704,0.05,0,2.10742,2.40982,0,0.394806,4.47552,4.41193e+06,2.70226e+06,9.29781e+06,0,0,0,0,62.3362,61.308,6.52667,0,1,1.70224,1.39984,0,1.31485,2.1168,9.16889e+06,3.61194e+06,1.56076e+07,0,0,0,0
85.139,85.139,9.92434,0.05,0,2.10809,2.41049,0,0.394931,4.47552,4.41193e+06,2.70226e+06,9.30075e+06,0,0,0,0,62.3362,61.308,7.57189,0,1,1.70263,1.40023,0,1.31515,2.1168,9.16889e+06,3.61194e+06,1.56112e+07,0,0,0,0
85.139,85.139,4.11715,0.05,0,2.19686,2.49926,0,0.395056,4.47552,4.41193e+06,2.70226e+06,9.69238e+06,0,0,0,0,62.3362,61.308,3.01579,0,1,1.75935,1.45695,0,1.31545,2.1168,9.16889e+06,3.61194e+06,1.61312e+07,0,0,0,0
85.139,85.139,3.77585,0.05,0,2.24261,2.49995,0,0.411691,4.47552,4.41193e+06,2.70226e+06,9.89426e+06,0,0,0,0,62.3343,61.308,2.69182,0,1,1.71468,1.45735,0,1.35927,2.1168,9.16889e+06,3.61194e+06,1.57217e+07,0,0,0,0
85.139,85.139,3.37016,0.05,0,2.24371,2.50064,0,0.420266,4.47552,4.41193e+06,2.70226e+06,9.89909e+06,0,0,0,0,62.1733,61.308,2.91271,0,1,1.71468,1.45775,0,1.32476,2.1168,9.16889e+06,3.61194e+06,1.57217e+07,0,0,0,0
85.139,85.139,3.3316,0.05,0,2.24481,2.50133,0,0.420471,4.47552,4.41193e+06,2.70226e+06,9.90392e+06,0,0,0,0,61.9836,61.308,2.64457,0,1,1.71468,1.45816,0,1.32476,2.1168,9.16889e+06,3.61194e+06,1.57217e+07,0,0,0,0
85.139,85.139,3.69642,0.05,0,2.21142,2.46754,0,0.420676,4.47552,4.41193e+06,2.70226e+06,9.75661e+06,0,0,0,0,61.8987,61.308,2.98693,0,1,1.69278,1.43666,0,1.32476,2.1168,9.16889e+06,3.61194e+06,1.55209e+07,0,0,0,0
85.139,85.139,3.29928,0.05,0,2.1906,2.46822,0,0.414419,4.47552,4.41193e+06,2.70226e+06,9.66477e+06,0,0,0,0,61.6978,61.308,2.69495,0,1,1.71468,1.43705,0,1.30784,2.1168,9.16889e+06,3.61194e+06,1.57217e+07,0,0,0,0
85.139,85.139,3.21542,0.05,0,2.19168,2.46891,0,0.410518,4.47552,4.41193e+06,2.70226e+06,9.66954e+06,0,0,0,0,61.5523,61.308,2.9396,0,1,1.71468,1.43745,0,1.32476,2.1168,9.16889e+06,3.61194e+06,1.57217e+07,0,0,0,0
85.139,85.139,3.00286,0.04,0,2.19276,2.46959,0,0.410721,4.47552,4.41193e+06,2.70226e+06,9.6743e+06,0,0,0,0,61.395,61.308,2.68926,0,1,1.71468,1.43785,0,1.32476,2.1168,9.16889e+06,3.61194e+06,1.57217e+07,0,0,0,0
85.139,85.139,3.18724,0.04,0,2.31102,2.58745,0,0.410923,4.47552,4.41193e+06,2.70226e+06,1.01961e+07,0,0,0,0,61.2194,61.308,2.66164,0,1,1.79244,1.51601,0,1.32476,2.1168,9.16889e+06,3.61194e+06,1.64347e+07,0,0,0,0
85.139,85.139,3.00153,0.03,0,2.3899,2.58817,0,0.433086,4.47552,4.41193e+06,2.70226e+06,1.05441e+07,0,0,0,0,61.0238,61.308,2.83358,0,1,1.7147,1.51643,0,1.38484,2.1168,9.16889e+06,3.61194e+06,1.57219e+07,0,0,0,0
85.139,85.139,2.73877,0.03,0,2.39103,2.58889,0,0.447867,4.47552,4.41193e+06,2.70226e+06,1.05491e+07,0,0,0,0,60.819,61.308,2.82729,0,1,1.7147,1.51685,0,1.32478,2.1168,9.16889e+06,3.61194e+06,1.57219e+07,0,0,0,0
85.1247,85.139,2.68134,0.02,0,2.39217,2.5896,0,0.448079,4.47552,4.41193e+06,2.70226e+06,1.05541e+07,0,0,0,0,60.6697,61.308,2.84185,0,1,1.7147,1.51726,0,1.32478,2.1168,9.16889e+06,3.61194e+06,1.57219e+07,0,0,0,0
84.9396,85.139,2.5028,0.04,0,2.3933,2.59032,0,0.448292,4.47552,4.41193e+06,2.70226e+06,1.05591e+07,0,0,0,0,60.4577,61.308,2.62738,0,1,1.7147,1.51768,0,1.32478,2.1168,9.16889e+06,3.61194e+06,1.57219e+07,0,0,0,0
84.9135,85.139,2.59547,0.03,0,2.37123,2.56783,0,0.448505,4.47552,4.41193e+06,2.70226e+06,1.04617e+07,0,0,0,0,60.2695,61.308,2.55597,0,1,1.7575,1.5609,0,1.32478,2.1168,9.16889e+06,3.61194e+06,1.61143e+07,0,0,0,0
84.6355,85.139,2.37479,0.03,0,2.41516,2.56854,0,0.444369,4.47552,4.41193e+06,2.70226e+06,1.06555e+07,0,0,0,0,60.0369,61.308,2.23985,0,1,1.71471,1.56133,0,1.35784,2.1168,9.16889e+06,3.61194e+06,1.5722e+07,0,0,0,0
84.1935,85.139,2.18136,0.03,0,2.4163,2.56925,0,0.452601,4.47552,4.41193e+06,2.70226e+06,1.06606e+07,0,0,0,0,59.7277,61.308,2.20717,0,1,1.71471,1.56176,0,1.32479,2.1168,9.16889e+06,3.61194e+06,1.5722e+07,0,0,0,0
83.6364,85.139,2.04195,0.03,0,2.41745,2.56996,0,0.452815,4.47552,4.41193e+06,2.70226e+06,1.06656e+07,0,0,0,0,59.3491,61.308,2.13039,0,1,1.71471,1.5622,0,1.32479,2.1168,9.16889e+06,3.61194e+06,1.5722e+07,0,0,0,0
82.928,85.139,1.92448,0.03,0,2.47858,2.63067,0,0.453029,4.47552,4.41193e+06,2.70226e+06,1.09353e+07,0,0,0,0,58.8831,61.308,1.81885,0,1,1.7529,1.60081,0,1.32479,2.1168,9.16889e+06,3.61194e+06,1.60721e+07,0,0,0,0
82.5473,85.139,2.29745,0.03,0,2.51793,2.63139,0,0.464486,4.47552,4.41193e+06,2.70226e+06,1.11089e+07,0,0,0,0,58.5471,61.308,2.09174,0,1,1.71472,1.60126,0,1.35429,2.1168,9.16889e+06,3.61194e+06,1.57221e+07,0,0,0,0
81.9701,85.139,2.08108,0.03,0,2.5191,2.63212,0,0.471859,4.47552,4.41193e+06,2.70226e+06,1.11141e+07,0,0,0,0,58.0967,61.308,2.01109,0,1,1.71472,1.6017,0,1.32479,2.1168,9.16889e+06,3.61194e+06,1.57221e+07,0,0,0,0
81.2138,85.139,1.8945,0.03,0,2.52027,2.63285,0,0.472079,4.47552,4.41193e+06,2.70226e+06,1.11192e+07,0,0,0,0,57.6141,61.308,1.74359,0,1,1.71472,1.60214,0,1.32479,2.1168,9.16889e+06,3.61194e+06,1.57221e+07,0,0,0,0
80.4627,85.139,2.03621,0.03,0,2.69732,2.80946,0,0.472298,4.47552,4.41193e+06,2.70226e+06,1.19004e+07,0,0,0,0,57.1255,61.308,2.087,0,1,1.8527,1.74056,0,1.32479,2.1168,9.16889e+06,3.61194e+06,1.69872e+07,0,0,0,0
79.4973,85.139,1.89335,0.03,0,2.81024,2.81024,0,0.505478,4.47552,4.41193e+06,2.70226e+06,1.23986e+07,0,0,0,0,56.594,61.308,1.61382,0,1,1.74104,1.74104,0,1.4314,2.1168,9.16889e+06,3.61194e+06,1.59634e+07,0,0,0,0
78.7151,85.139,2.09051,0.03,0,2.81102,2.81102,0,0.526639,4.47552,4.41193e+06,2.70226e+06,1.2402e+07,0,0,0,0,55.9502,61.308,2.00169,0,1,1.74152,1.74152,0,1.34513,2.1168,9.16889e+06,3.61194e+06,1.59678e+07,0,0,0,0
77.5432,85.139,1.69439,0.04,0,2.81179,2.81179,0,0.526784,4.47552,4.41193e+06,2.70226e+06,1.24054e+07,0,0,0,0,55.3743,61.308,1.40526,0,1,1.742,1.742,0,1.3455,2.1168,9.16889e+06,3.61194e+06,1.59722e+07,0,0,0,0
76.7732,85.139,2.08222,0.04,0,2.81257,2.81257,0,0.52693,4.47552,4.41193e+06,2.70226e+06,1.24089e+07,0,0,0,0,55.0755,61.308,2.58741,0,1,1.74249,1.74249,0,1.34587,2.1168,9.16889e+06,3.61194e+06,1.59767e+07,0,0,0,0
76.013,85.139,2.06989,0.04,0,2.72751,2.72751,0,0.527076,4.47552,4.41193e+06,2.70226e+06,1.20336e+07,0,0,0,0,54.9535,61.308,2.72554,0,1,1.65911,1.65911,0,1.34624,2.1168,9.16889e+06,3.61194e+06,1.52122e+07,0,0,0,0
75.8753,85.139,2.65787,0.04,0,2.67309,2.72826,0,0.511135,4.47552,4.41193e+06,2.70226e+06,1.17935e+07,0,0,0,0,54.7076,61.308,2.36881,0,1,1.71474,1.65956,0,1.28183,2.1168,9.16889e+06,3.61194e+06,1.57222e+07,0,0,0,0
76.3016,85.139,3.23766,0.04,0,2.6743,2.72902,0,0.500937,4.47552,4.41193e+06,2.70226e+06,1.17988e+07,0,0,0,0,54.8412,61.308,3.07559,0,1,1.71474,1.66002,0,1.32481,2.1168,9.16889e+06,3.61194e+06,1.57222e+07,0,0,0,0
75.3249,85.139,1.82713,0.04,0,2.67552,2.72977,0,0.501164,4.47552,4.41193e+06,2.70226e+06,1.18042e+07,0,0,0,0,54.549,61.308,2.19004,0,1,1.71474,1.66048,0,1.32481,2.1168,9.16889e+06,3.61194e+06,1.57222e+07,0,0,0,0
76.5875,85.139,4.13682,0.05,0,2.60619,2.65999,0,0.501392,4.47552,4.41193e+06,2.70226e+06,1.14983e+07,0,0,0,0,54.7927,61.308,4.90797,0,1,1.63832,1.58452,0,1.32481,2.1168,9.16889e+06,3.61194e+06,1.50216e+07,0,0,0,0
77.0108,85.139,3.22859,0.04,0,2.53097,2.66073,0,0.488401,4.47552,4.41193e+06,2.70226e+06,1.11665e+07,0,0,0,0,54.4171,61.308,2.47344,0,1,1.71472,1.58496,0,1.26577,2.1168,9.16889e+06,3.61194e+06,1.57221e+07,0,0,0,0
79.5962,85.139,5.49458,0.04,0,2.53214,2.66146,0,0.474304,4.47552,4.41193e+06,2.70226e+06,1.11716e+07,0,0,0,0,54.1734,61.308,2.59791,0,1,1.71472,1.5854,0,1.32479,2.1168,9.16889e+06,3.61194e+06,1.57221e+07,0,0,0,0
81.2695,85.139,4.57595,0.02,0,2.53332,2.6622,0,0.474523,4.47552,4.41193e+06,2.70226e+06,1.11768e+07,0,0,0,0,54.1765,61.308,4.71709,0,1,1.71472,1.58584,0,1.32479,2.1168,9.16889e+06,3.61194e+06,1.57221e+07,0,0,0,0
85.139,85.139,7.84288,0.02,0,2.33394,2.46238,0,0.474743,4.47552,4.41193e+06,2.70226e+06,1.02972e+07,0,0,0,0,54.7147,61.308,5.19344,0,1,1.55538,1.42694,0,1.32479,2.1168,9.16889e+06,3.61194e+06,1.42611e+07,0,0,0,0
85.139,85.139,6.8045,0.02,0,2.17572,2.46307,0,0.437381,4.47552,4.41193e+06,2.70226e+06,9.59914e+06,0,0,0,0,55.3347,61.308,4.13379,0,1,1.71467,1.42733,0,1.20169,2.1168,9.16889e+06,3.61194e+06,1.57217e+07,0,0,0,0
85.139,85.139,12.4994,0.02,0,2.1768,2.46375,0,0.407731,4.47552,4.41193e+06,2.70226e+06,9.60388e+06,0,0,0,0,56.3991,61.308,5.5338,0,1,1.71467,1.42773,0,1.32476,2.1168,9.16889e+06,3.61194e+06,1.57217e+07,0,0,0,0
85.139,85.139,10.9821,0.04,0,2.17787,2.46443,0,0.407932,4.47552,4.41193e+06,2.70226e+06,9.60863e+06,0,0,0,0,58.663,61.308,7.36615,0,1,1.71467,1.42812,0,1.32476,2.1168,9.16889e+06,3.61194e+06,1.57217e+07,0,0,0,0
85.139,85.139,8.82291,0.05,0,2.17895,2.46511,0,0.408134,4.47552,4.41193e+06,2.70226e+06,9.61337e+06,0,0,0,0,59.0602,61.308,4.21701,0,1,1.71467,1.42852,0,1.32476,2.1168,9.16889e+06,3.61194e+06,1.57217e+07,0,0,0,0
85.139,85.139,5.29874,0.05,0,2.25726,2.54302,0,0.408335,4.47552,4.41193e+06,2.70226e+06,9.95887e+06,0,0,0,0,59.2617,61.308,3.78987,0,1,1.76087,1.47511,0,1.32476,2.1168,9.16889e+06,3.61194e+06,1.61452e+07,0,0,0,5.98956e+07
85.139,85.139,3.05455,0.05,0,2.30453,2.5437,0,0.423011,4.47552,4.41193e+06,2.70226e+06,1.01674e+07,0,0,0,0,58.9195,61.308,2.41867,0,1,1.71467,1.4755,0,1.36045,2.1168,9.16889e+06,3.61194e+06,1.57217e+07,0,0,0,5.98956e+07
85.139,85.139,4.92914,0.05,0,2.3056,2.54438,0,0.431869,4.47552,4.41193e+06,2.70226e+06,1.01722e+07,0,0,0,0,58.8629,61.308,2.94714,0,1,1.71467,1.4759,0,1.32476,2.1168,9.16889e+06,3.61194e+06,1.57217e+07,0,0,0,5.98956e+07
85.139,85.139,4.19027,0.05,0,2.30668,2.54506,0,0.43207,4.47552,4.41193e+06,2.70226e+06,1.01769e+07,0,0,0,0,58.9881,61.308,3.88753,0,1,1.71467,1.47629,0,1.32476,2.1168,9.16889e+06,3.61194e+06,1.57217e+07,0,0,0,5.98956e+07
85.139,85.139,6.02583,0.05,0,2.55606,2.79405,0,0.432272,4.47552,4.41193e+06,2.70226e+06,1.12772e+07,0,0,0,0,59.373,61.308,4.82288,0,1,1.8883,1.65031,0,1.32476,2.1168,9.16889e+06,3.61194e+06,1.73136e+07,0,0,0,5.98956e+07
85.139,85.139,4.06396,0.05,0,2.73083,2.7948,0,0.479005,4.47552,4.41193e+06,2.70226e+06,1.20482e+07,0,0,0,0,59.2851,61.308,2.80179,0,1,1.71472,1.65075,0,1.4589,2.1168,9.16889e+06,3.61194e+06,1.57221e+07,0,0,0,5.98956e+07
85.139,85.139,3.99689,0.05,0,2.73202,2.79554,0,0.511757,4.47552,4.41193e+06,2.70226e+06,1.20535e+07,0,0,0,0,58.9149,61.308,2.77937,0,1,1.71472,1.65119,0,1.32479,2.1168,9.16889e+06,3.61194e+06,1.57221e+07,0,0,0,5.98956e+07
85.139,85.139,3.25026,0.05,0,2.7332,2.79629,0,0.51198,4.47552,4.41193e+06,2.70226e+06,1.20587e+07,0,0,0,0,58.5984,61.308,1.95521,0,1,1.71472,1.65163,0,1.32479,2.1168,9.16889e+06,3.61194e+06,1.57221e+07,0,0,0,5.98956e+07
85.139,85.139,5.88746,0.05,0,2.37985,2.44249,0,0.512202,4.47552,4.41193e+06,2.70226e+06,1.04997e+07,0,0,0,0,59.0385,61.308,4.22418,0,1,1.48146,1.41882,0,1.32479,2.1168,9.16889e+06,3.61194e+06,1.35834e+07,0,0,0,5.98956e+07
85.139,85.139,5.25158,0.05,0,2.14769,2.44315,0,0.445984,4.47552,4.41193e+06,2.70226e+06,9.47543e+06,0,0,0,0,59.6435,61.308,5.10742,0,1,1.71466,1.4192,0,1.14458,2.1168,9.16889e+06,3.61194e+06,1.57215e+07,0,0,0,5.98956e+07
85.139,85.139,6.58789,0.05,0,2.14872,2.4438,0,0.402476,4.47552,4.41193e+06,2.70226e+06,9.47999e+06,0,0,0,0,60.7102,61.308,6.60285,0,1,1.71466,1.41958,0,1.32475,2.1168,9.16889e+06,3.61194e+06,1.57215e+07,0,0,0,5.98956e+07
85.139,85.139,8.95568,0.05,0,2.14975,2.44445,0,0.40267,4.47552,4.41193e+06,2.70226e+06,9.48454e+06,0,0,0,0,62.2913,61.308,9.12613,0,1,1.71466,1.41996,0,1.32475,2.1168,9.16889e+06,3.61194e+06,1.57215e+07,0,0,0,5.98956e+07
85.139,85.139,8.14478,0.05,0,2.15078,2.44511,0,0.402863,4.47552,4.41193e+06,2.70226e+06,9.4891e+06,0,0,0,0,62.3362,61.308,7.85578,0,1,1.71466,1.42033,0,1.32475,2.1168,9.16889e+06,3.61194e+06,1.57215e+07,0,0,0,5.98956e+07
85.139,85.139,9.37729,0.05,0,2.24118,2.53512,0,0.403056,4.47552,4.41193e+06,2.70226e+06,9.88791e+06,0,0,0,0,62.3362,61.308,9.23269,0,1,1.7718,1.47785,0,1.32475,2.1168,9.16889e+06,3.61194e+06,1.62454e+07,0,0,0,5.98956e+07
85.139,85.139,9.38096,0.05,0,2.29937,2.5358,0,0.419997,4.47552,4.41193e+06,2.70226e+06,1.01447e+07,0,0,0,0,62.3362,61.308,6.81261,0,1,1.71467,1.47825,0,1.36889,2.1168,9.16889e+06,3.61194e+06,1.57217e+07,0,0,0,5.98956e+07
85.139,85.139,5.82968,0.05,0,2.30045,2.53648,0,0.430903,4.47552,4.41193e+06,2.70226e+06,1.01494e+07,0,0,0,0,62.3362,61.308,4.58449,0,1,1.71467,1.47864,0,1.32476,2.1168,9.16889e+06,3.61194e+06,1.57217e+07,0,0,0,5.98956e+07
85.139,85.139,4.82104,0.05,0,2.30152,2.53716,0,0.431104,4.47552,4.41193e+06,2.70226e+06,1.01541e+07,0,0,0,0,62.3362,61.308,4.27279,0,1,1.71468,1.47904,0,1.32476,2.1168,9.16889e+06,3.61194e+06,1.57217e+07,0,0,0,5.98956e+07
85.139,85.139,4.97452,0.05,0,2.26761,2.50286,0,0.431305,4.47552,4.41193e+06,2.70226e+06,1.00046e+07,0,0,0,0,62.3362,61.308,4.5052,0,1,1.69246,1.45722,0,1.32476,2.1168,9.16889e+06,3.61194e+06,1.5518e+07,0,0,0,5.98956e+07
85.139,85.139,4.86251,0.05,0,2.24646,2.50352,0,0.424951,4.47552,4.41193e+06,2.70226e+06,9.91123e+06,0,0,0,0,62.3362,61.308,4.49677,0,1,1.71467,1.45761,0,1.30759,2.1168,9.16889e+06,3.61194e+06,1.57216e+07,0,0,0,5.98956e+07
85.139,85.139,4.31581,0.05,0,2.24752,2.50419,0,0.420987,4.47552,4.41193e+06,2.70226e+06,9.9159e+06,0,0,0,0,62.3354,61.308,3.95426,0,1,1.71467,1.458,0,1.32475,2.1168,9.16889e+06,3.61194e+06,1.57216e+07,0,0,0,5.98956e+07
85.139,85.139,3.95702,0.05,0,2.24858,2.50486,0,0.421185,4.47552,4.41193e+06,2.70226e+06,9.92057e+06,0,0,0,0,62.2659,61.308,3.64703,0,1,1.71467,1.45839,0,1.32475,2.1168,9.16889e+06,3.61194e+06,1.57216e+07,0,0,0,5.98956e+07
85.139,85.139,3.66014,0.04,0,2.36849,2.62439,0,0.421384,4.47552,4.41193e+06,2.70226e+06,1.04496e+07,0,0,0,0,62.1751,61.308,3.6249,0,1,1.79354,1.53764,0,1.32475,2.1168,9.16889e+06,3.61194e+06,1.64448e+07,0,0,0,5.98956e+07
85.139,85.139,3.32131,0.04,0,2.44845,2.62509,0,0.443855,4.47552,4.41193e+06,2.70226e+06,1.08024e+07,0,0,0,0,61.9411,61.308,3.05232,0,1,1.71469,1.53806,0,1.38569,2.1168,9.16889e+06,3.61194e+06,1.57218e+07,0,0,0,5.98956e+07
85.139,85.139,3.17075,0.04,0,2.44956,2.62579,0,0.45884,4.47552,4.41193e+06,2.70226e+06,1.08073e+07,0,0,0,0,61.6774,61.308,2.93453,0,1,1.71469,1.53847,0,1.32477,2.1168,9.16889e+06,3.61194e+06,1.57218e+07,0,0,0,5.98956e+07
85.139,85.139,3.03548,0.02,0,2.45067,2.62649,0,0.459048,4.47552,4.41193e+06,2.70226e+06,1.08122e+07,0,0,0,0,61.4248,61.308,3.22284,0,1,1.71469,1.53888,0,1.32477,2.1168,9.16889e+06,3.61194e+06,1.57218e+07,0,0,0,5.98956e+07
85.139,85.139,2.79839,0.02,0,2.45179,2.62719,0,0.459256,4.47552,4.41193e+06,2.70226e+06,1.08171e+07,0,0,0,0,61.1393,61.308,3.05493,0,1,1.71469,1.53929,0,1.32477,2.1168,9.16889e+06,3.61194e+06,1.57218e+07,0,0,0,5.98956e+07
85.139,85.139,2.7443,0.02,0,2.42936,2.60436,0,0.459465,4.47552,4.41193e+06,2.70226e+06,1.07182e+07,0,0,0,0,60.6857,61.308,2.25041,0,1,1.7581,1.5831,0,1.32477,2.1168,9.16889e+06,3.61194e+06,1.61198e+07,0,0,0,5.98956e+07
85.1357,85.139,2.74737,0.02,0,2.47388,2.60505,0,0.455263,4.47552,4.41193e+06,2.70226e+06,1.09146e+07,0,0,0,0,60.2045,61.308,2.20577,0,1,1.7147,1.58353,0,1.35831,2.1168,9.16889e+06,3.61194e+06,1.57219e+07,0,0,0,5.98956e+07
85.0329,85.139,2.63455,0.03,0,2.47499,2.60575,0,0.463604,4.47552,4.41193e+06,2.70226e+06,1.09195e+07,0,0,0,0,59.6994,61.308,2.20644,0,1,1.7147,1.58395,0,1.32478,2.1168,9.16889e+06,3.61194e+06,1.57219e+07,0,0,0,5.98956e+07
84.6586,85.139,2.32723,0.03,0,2.47611,2.60644,0,0.463814,4.47552,4.41193e+06,2.70226e+06,1.09244e+07,0,0,0,0,59.1292,61.308,1.95971,0,1,1.7147,1.58437,0,1.32478,2.1168,9.16889e+06,3.61194e+06,1.57219e+07,0,0,0,5.98956e+07
84.3905,85.139,2.48466,0.03,0,2.53808,2.66798,0,0.464024,4.47552,4.41193e+06,2.70226e+06,1.11978e+07,0,0,0,0,58.5807,61.308,2.28262,0,1,1.75343,1.62352,0,1.32478,2.1168,9.16889e+06,3.61194e+06,1.6077e+07,0,0,0,5.98956e+07
84.1393,85.139,2.53793,0.03,0,2.57794,2.6687,0,0.475636,4.47552,4.41193e+06,2.70226e+06,1.13737e+07,0,0,0,0,58.0328,61.308,2.4522,0,1,1.71471,1.62396,0,1.3547,2.1168,9.16889e+06,3.61194e+06,1.5722e+07,0,0,0,5.98956e+07
83.6618,85.139,2.30307,0.03,0,2.57908,2.66941,0,0.483106,4.47552,4.41193e+06,2.70226e+06,1.13787e+07,0,0,0,0,57.467,61.308,2.22654,0,1,1.71471,1.62439,0,1.32479,2.1168,9.16889e+06,3.61194e+06,1.5722e+07,0,0,0,5.98956e+07
82.9281,85.139,2.0244,0.03,0,2.58023,2.67012,0,0.483321,4.47552,4.41193e+06,2.70226e+06,1.13838e+07,0,0,0,0,56.8919,61.308,2.1946,0,1,1.71471,1.62482,0,1.32479,2.1168,9.16889e+06,3.61194e+06,1.5722e+07,0,0,0,5.98956e+07
81.7431,85.139,1.72163,0.03,0,2.75975,2.84921,0,0.483535,4.47552,4.41193e+06,2.70226e+06,1.21758e+07,0,0,0,0,56.3188,61.308,2.15326,0,1,1.85464,1.76518,0,1.32479,2.1168,9.16889e+06,3.61194e+06,1.7005e+07,0,0,0,5.98956e+07
80.4593,85.139,1.71383,0.03,0,2.84997,2.84997,0,0.517177,4.47552,4.41193e+06,2.70226e+06,1.25739e+07,0,0,0,0,55.7581,61.308,2.18693,0,1,1.76566,1.76566,0,1.4329,2.1168,9.16889e+06,3.61194e+06,1.61891e+07,0,0,0,5.98956e+07
79.0037,85.139,1.51999,0.04,0,2.85073,2.85073,0,0.534084,4.47552,4.41193e+06,2.70226e+06,1.25772e+07,0,0,0,0,55.16,61.308,2.03859,0,1,1.76613,1.76613,0,1.36415,2.1168,9.16889e+06,3.61194e+06,1.61934e+07,0,0,0,5.98956e+07
77.7257,85.139,1.68794,0.04,0,2.85149,2.85149,0,0.534227,4.47552,4.41193e+06,2.70226e+06,1.25806e+07,0,0,0,0,54.572,61.308,2.09469,0,1,1.7666,1.7666,0,1.36451,2.1168,9.16889e+06,3.61194e+06,1.61977e+07,0,0,0,5.98956e+07
77.3804,85.139,2.70847,0.04,0,2.85225,2.85225,0,0.53437,4.47552,4.41193e+06,2.70226e+06,1.25839e+07,0,0,0,0,54.0707,61.308,2.54983,0,1,1.76707,1.76707,0,1.36487,2.1168,9.16889e+06,3.61194e+06,1.62021e+07,0,0,0,5.98956e+07
77.7284,85.139,3.35871,0.04,0,2.76597,2.76597,0,0.534512,4.47552,4.41193e+06,2.70226e+06,1.22032e+07,0,0,0,0,53.7747,61.308,3.06356,0,1,1.6825,1.6825,0,1.36524,2.1168,9.16889e+06,3.61194e+06,1.54266e+07,0,0,0,5.98956e+07
77.8213,85.139,3.02953,0.05,0,2.73492,2.7667,0,0.518342,4.47552,4.41193e+06,2.70226e+06,1.20663e+07,0,0,0,0,53.4948,61.308,3.13129,0,1,1.71473,1.68295,0,1.2999,2.1168,9.16889e+06,3.61194e+06,1.57222e+07,0,0,0,5.98956e+07
78.2757,85.139,3.42221,0.05,0,2.73611,2.76744,0,0.512524,4.47552,4.41193e+06,2.70226e+06,1.20715e+07,0,0,0,0,53.2358,61.308,3.01509,0,1,1.71473,1.6834,0,1.3248,2.1168,9.16889e+06,3.61194e+06,1.57222e+07,0,0,0,5.98956e+07
80.5401,85.139,5.33726,0.05,0,2.7373,2.76818,0,0.512747,4.47552,4.41193e+06,2.70226e+06,1.20768e+07,0,0,0,0,53.3817,61.308,5.15439,0,1,1.71473,1.68385,0,1.3248,2.1168,9.16889e+06,3.61194e+06,1.57222e+07,0,0,0,5.98956e+07
83.1599,85.139,5.94505,0.03,0,2.66696,2.69739,0,0.51297,4.47552,4.41193e+06,2.70226e+06,1.17664e+07,0,0,0,0,53.6619,61.308,5.21645,0,1,1.63724,1.6068,0,1.3248,2.1168,9.16889e+06,3.61194e+06,1.50116e+07,0,0,0,5.98956e+07
85.139,85.139,9.08356,0.03,0,2.59063,2.69811,0,0.499788,4.47552,4.41193e+06,2.70226e+06,1.14297e+07,0,0,0,0,54.451,61.308,7.13272,0,1,1.71471,1.60723,0,1.26493,2.1168,9.16889e+06,3.61194e+06,1.5722e+07,0,0,0,5.98956e+07
85.139,85.139,9.74664,0.02,0,2.59178,2.69883,0,0.485485,4.47552,4.41193e+06,2.70226e+06,1.14348e+07,0,0,0,0,55.2111,61.308,6.70587,0,1,1.71471,1.60766,0,1.32478,2.1168,9.16889e+06,3.61194e+06,1.5722e+07,0,0,0,5.98956e+07
85.139,85.139,7.24032,0.04,0,2.59293,2.69955,0,0.4857,4.47552,4.41193e+06,2.70226e+06,1.14398e+07,0,0,0,0,55.8114,61.308,5.65593,0,1,1.71471,1.60809,0,1.32478,2.1168,9.16889e+06,3.61194e+06,1.5722e+07,0,0,0,5.98956e+07
85.139,85.139,7.90972,0.04,0,2.39072,2.49691,0,0.485915,4.47552,4.41193e+06,2.70226e+06,1.05477e+07,0,0,0,0,56.641,61.308,5.71518,0,1,1.55314,1.44695,0,1.32478,2.1168,9.16889e+06,3.61194e+06,1.42406e+07,0,0,0,5.98956e+07
85.139,85.139,6.27317,0.04,0,2.23025,2.49758,0,0.448021,4.47552,4.41193e+06,2.70226e+06,9.83969e+06,0,0,0,0,56.4015,61.308,4.7385,0,1,1.71467,1.44733,0,1.19996,2.1168,9.16889e+06,3.61194e+06,1.57216e+07,0,0,0,5.98956e+07
85.139,85.139,13.9323,0.04,0,2.2313,2.49825,0,0.417948,4.47552,4.41193e+06,2.70226e+06,9.84433e+06,0,0,0,0,57.5933,61.308,7.38677,0,1,1.71467,1.44772,0,1.32475,2.1168,9.16889e+06,3.61194e+06,1.57216e+07,0,0,0,5.98956e+07
85.139,85.139,16.3638,0.05,0,2.23235,2.49891,0,0.418145,4.47552,4.41193e+06,2.70226e+06,9.84898e+06,0,0,0,0,61.4921,61.308,9.87683,0,1,1.71467,1.44811,0,1.32475,2.1168,9.16889e+06,3.61194e+06,1.57216e+07,0,0,0,5.98956e+07
85.139,85.139,10.6213,0.05,0,2.2334,2.49958,0,0.418343,4.47552,4.41193e+06,2.70226e+06,9.85362e+06,0,0,0,0,62.3362,61.308,6.15173,0,1,1.71467,1.44849,0,1.32475,2.1168,9.16889e+06,3.61194e+06,1.57216e+07,0,0,0,5.98956e+07
85.139,85.139,8.81128,0.05,0,2.31277,2.57856,0,0.41854,4.47552,4.41193e+06,2.70226e+06,1.02038e+07,0,0,0,0,62.3362,61.308,6.58801,0,1,1.76151,1.49572,0,1.32475,2.1168,9.16889e+06,3.61194e+06,1.61511e+07,0,0,0,5.98956e+07
85.139,85.139,6.55897,0.06,0,2.36066,2.57922,0,0.433413,4.47552,4.41193e+06,2.70226e+06,1.04151e+07,0,0,0,0,62.2669,61.308,4.9004,0,1,1.71467,1.4961,0,1.36094,2.1168,9.16889e+06,3.61194e+06,1.57216e+07,0,0,0,5.98956e+07
85.139,85.139,7.08085,0.06,0,2.36171,2.57989,0,0.442388,4.47552,4.41193e+06,2.70226e+06,1.04197e+07,0,0,0,0,62.1136,61.308,3.72319,0,1,1.71467,1.49649,0,1.32475,2.1168,9.16889e+06,3.61194e+06,1.57216e+07,0,0,0,5.98956e+07
85.139,85.139,5.79146,0.06,0,2.36276,2.58055,0,0.442585,4.47552,4.41193e+06,2.70226e+06,1.04243e+07,0,0,0,0,61.7031,61.308,2.88495,0,1,1.71467,1.49688,0,1.32475,2.1168,9.16889e+06,3.61194e+06,1.57216e+07,0,0,0,5.98956e+07
85.139,85.139,4.7282,0.06,0,2.61558,2.83298,0,0.442782,4.47552,4.41193e+06,2.70226e+06,1.15397e+07,0,0,0,0,61.458,61.308,3.13011,0,1,1.89071,1.67331,0,1.32475,2.1168,9.16889e+06,3.61194e+06,1.73357e+07,0,0,0,5.98956e+07
85.139,85.139,6.68602,0.06,0,2.79274,2.83371,0,0.490159,4.47552,4.41193e+06,2.70226e+06,1.23214e+07,0,0,0,0,61.2352,61.308,4.1835,0,1,1.71471,1.67374,0,1.46076,2.1168,9.16889e+06,3.61194e+06,1.5722e+07,0,0,0,5.98956e+07
85.139,85.139,7.61971,0.06,0,2.7939,2.83444,0,0.52336,4.47552,4.41193e+06,2.70226e+06,1.23265e+07,0,0,0,0,60.9386,61.308,4.42513,0,1,1.71471,1.67417,0,1.32479,2.1168,9.16889e+06,3.61194e+06,1.5722e+07,0,0,0,5.98956e+07
85.139,85.139,3.90225,0.06,0,2.79506,2.83517,0,0.523577,4.47552,4.41193e+06,2.70226e+06,1.23316e+07,0,0,0,0,60.4407,61.308,2.34877,0,1,1.71471,1.6746,0,1.32479,2.1168,9.16889e+06,3.61194e+06,1.5722e+07,0,0,0,5.98956e+07
85.139,85.139,3.79435,0.06,0,2.43676,2.47643,0,0.523795,4.47552,4.41193e+06,2.70226e+06,1.07508e+07,0,0,0,0,60.362,61.308,2.92495,0,1,1.47821,1.43853,0,1.32479,2.1168,9.16889e+06,3.61194e+06,1.35536e+07,0,0,0,5.98956e+07
85.139,85.139,7.04256,0.06,0,2.20133,2.47707,0,0.456648,4.47552,4.41193e+06,2.70226e+06,9.71209e+06,0,0,0,0,61.412,61.308,6.67913,0,1,1.71465,1.4389,0,1.14207,2.1168,9.16889e+06,3.61194e+06,1.57214e+07,0,0,0,5.98956e+07
85.139,85.139,6.39215,0.06,0,2.20233,2.47771,0,0.412528,4.47552,4.41193e+06,2.70226e+06,9.71654e+06,0,0,0,0,62.2465,61.308,6.92771,0,1,1.71465,1.43927,0,1.32474,2.1168,9.16889e+06,3.61194e+06,1.57214e+07,0,0,0,5.98956e+07
85.139,85.139,9.35065,0.06,0,2.20334,2.47835,0,0.412717,4.47552,4.41193e+06,2.70226e+06,9.72099e+06,0,0,0,0,62.3362,61.308,7.89279,0,1,1.71465,1.43964,0,1.32474,2.1168,9.16889e+06,3.61194e+06,1.57214e+07,0,0,0,5.98956e+07
85.139,85.139,7.87004,0.06,0,2.20435,2.47899,0,0.412906,4.47552,4.41193e+06,2.70226e+06,9.72544e+06,0,0,0,0,62.3362,61.308,7.24282,0,1,1.71465,1.44002,0,1.32474,2.1168,9.16889e+06,3.61194e+06,1.57214e+07,0,0,0,5.98956e+07
85.139,85.139,11.983,0.06,0,2.29596,2.57023,0,0.413096,4.47552,4.41193e+06,2.70226e+06,1.01296e+07,0,0,0,0,62.3362,61.308,12.7334,0,1,1.77258,1.49832,0,1.32474,2.1168,9.16889e+06,3.61194e+06,1.62526e+07,0,0,0,5.98956e+07
85.139,85.139,8.38908,0.06,0,2.35493,2.57089,0,0.430263,4.47552,4.41193e+06,2.70226e+06,1.03898e+07,0,0,0,0,62.3362,61.308,9.47738,0,1,1.71467,1.4987,0,1.3695,2.1168,9.16889e+06,3.61194e+06,1.57216e+07,0,0,0,5.98956e+07
85.139,85.139,8.452,0.06,0,2.35597,2.57155,0,0.441313,4.47552,4.41193e+06,2.70226e+06,1.03944e+07,0,0,0,0,62.3362,61.308,6.3882,0,1,1.71467,1.49909,0,1.32475,2.1168,9.16889e+06,3.61194e+06,1.57216e+07,0,0,0,5.98956e+07
85.139,85.139,7.69796,0.06,0,2.35702,2.57221,0,0.441509,4.47552,4.41193e+06,2.70226e+06,1.0399e+07,0,0,0,0,62.3362,61.308,6.08443,0,1,1.71467,1.49948,0,1.32475,2.1168,9.16889e+06,3.61194e+06,1.57216e+07,0,0,0,5.98956e+07
85.139,85.139,6.31257,0.06,0,2.32261,2.53741,0,0.441706,4.47552,4.41193e+06,2.70226e+06,1.02472e+07,0,0,0,0,62.3362,61.308,4.47426,0,1,1.69214,1.47734,0,1.32475,2.1168,9.16889e+06,3.61194e+06,1.55151e+07,0,0,0,5.98956e+07
85.139,85.139,5.61524,0.05,0,2.30113,2.53807,0,0.435257,4.47552,4.41193e+06,2.70226e+06,1.01524e+07,0,0,0,0,62.0873,61.308,3.67232,0,1,1.71466,1.47772,0,1.30735,2.1168,9.16889e+06,3.61194e+06,1.57215e+07,0,0,0,5.98956e+07
85.139,85.139,5.31914,0.05,0,2.30216,2.53872,0,0.431231,4.47552,4.41193e+06,2.70226e+06,1.0157e+07,0,0,0,0,61.7989,61.308,3.49136,0,1,1.71466,1.4781,0,1.32475,2.1168,9.16889e+06,3.61194e+06,1.57215e+07,0,0,0,5.98956e+07
85.139,85.139,4.98729,0.05,0,2.30319,2.53938,0,0.431425,4.47552,4.41193e+06,2.70226e+06,1.01615e+07,0,0,0,0,61.4891,61.308,3.36297,0,1,1.71466,1.47848,0,1.32475,2.1168,9.16889e+06,3.61194e+06,1.57215e+07,0,0,0,5.98956e+07
85.139,85.139,4.7076,0.05,0,2.42472,2.66052,0,0.431619,4.47552,4.41193e+06,2.70226e+06,1.06977e+07,0,0,0,0,61.1903,61.308,3.38894,0,1,1.79462,1.55882,0,1.32475,2.1168,9.16889e+06,3.61194e+06,1.64546e+07,0,0,0,5.98956e+07
85.139,85.139,4.43282,0.04,0,2.50574,2.66121,0,0.454393,4.47552,4.41193e+06,2.70226e+06,1.10552e+07,0,0,0,0,60.7996,61.308,3.10723,0,1,1.71468,1.55922,0,1.38652,2.1168,9.16889e+06,3.61194e+06,1.57217e+07,0,0,0,5.98956e+07
85.139,85.139,4.17247,0.04,0,2.50683,2.66189,0,0.469576,4.47552,4.41193e+06,2.70226e+06,1.10599e+07,0,0,0,0,60.3942,61.308,3.01391,0,1,1.71468,1.55962,0,1.32476,2.1168,9.16889e+06,3.61194e+06,1.57217e+07,0,0,0,5.98956e+07
85.139,85.139,3.9887,0.03,0,2.50791,2.66258,0,0.46978,4.47552,4.41193e+06,2.70226e+06,1.10647e+07,0,0,0,0,59.9773,61.308,2.9411,0,1,1.71468,1.56002,0,1.32476,2.1168,9.16889e+06,3.61194e+06,1.57217e+07,0,0,0,5.98956e+07
85.139,85.139,3.82777,0.02,0,2.509,2.66326,0,0.469983,4.47552,4.41193e+06,2.70226e+06,1.10695e+07,0,0,0,0,59.5414,61.308,3.00946,0,1,1.71468,1.56042,0,1.32476,2.1168,9.16889e+06,3.61194e+06,1.57217e+07,0,0,0,5.98956e+07
85.139,85.139,3.35751,0.02,0,2.48623,2.64009,0,0.470187,4.47552,4.41193e+06,2.70226e+06,1.09691e+07,0,0,0,0,59.1058,61.308,2.76699,0,1,1.75868,1.60483,0,1.32476,2.1168,9.16889e+06,3.61194e+06,1.61252e+07,0,0,0,5.98956e+07
85.139,85.139,2.96276,0.02,0,2.53131,2.64077,0,0.46592,4.47552,4.41193e+06,2.70226e+06,1.1168e+07,0,0,0,0,58.6603,61.308,2.5105,0,1,1.71469,1.60524,0,1.35876,2.1168,9.16889e+06,3.61194e+06,1.57218e+07,0,0,0,5.98956e+07
85.139,85.139,2.85407,0.02,0,2.53241,2.64145,0,0.474368,4.47552,4.41193e+06,2.70226e+06,1.11728e+07,0,0,0,0,58.1862,61.308,2.23024,0,1,1.71469,1.60565,0,1.32477,2.1168,9.16889e+06,3.61194e+06,1.57218e+07,0,0,0,5.98956e+07
85.0732,85.139,2.72612,0.03,0,2.5335,2.64213,0,0.474573,4.47552,4.41193e+06,2.70226e+06,1.11776e+07,0,0,0,0,57.6819,61.308,2.14145,0,1,1.71469,1.60606,0,1.32477,2.1168,9.16889e+06,3.61194e+06,1.57218e+07,0,0,0,5.98956e+07
85.139,85.139,2.93078,0.04,0,2.59627,2.70449,0,0.474778,4.47552,4.41193e+06,2.70226e+06,1.14546e+07,0,0,0,0,57.2502,61.308,2.46806,0,1,1.75395,1.64573,0,1.32477,2.1168,9.16889e+06,3.61194e+06,1.60818e+07,0,0,0,5.98956e+07
84.8206,85.139,2.52967,0.03,0,2.63664,2.70518,0,0.486541,4.47552,4.41193e+06,2.70226e+06,1.16326e+07,0,0,0,0,56.6861,61.308,2.25444,0,1,1.7147,1.64616,0,1.3551,2.1168,9.16889e+06,3.61194e+06,1.57219e+07,0,0,0,5.98956e+07
84.2327,85.139,2.24977,0.04,0,2.63776,2.70588,0,0.494105,4.47552,4.41193e+06,2.70226e+06,1.16376e+07,0,0,0,0,56.0976,61.308,2.10218,0,1,1.7147,1.64658,0,1.32478,2.1168,9.16889e+06,3.61194e+06,1.57219e+07,0,0,0,5.98956e+07
83.4556,85.139,2.04892,0.04,0,2.63888,2.70657,0,0.494315,4.47552,4.41193e+06,2.70226e+06,1.16425e+07,0,0,0,0,55.4995,61.308,1.9812,0,1,1.7147,1.647,0,1.32478,2.1168,9.16889e+06,3.61194e+06,1.57219e+07,0,0,0,5.98956e+07
82.2552,85.139,1.7513,0.04,0,2.8208,2.88808,0,0.494525,4.47552,4.41193e+06,2.70226e+06,1.24452e+07,0,0,0,0,54.8953,61.308,1.96539,0,1,1.85654,1.78927,0,1.32478,2.1168,9.16889e+06,3.61194e+06,1.70224e+07,0,0,0,5.98956e+07
81.5641,85.139,2.35989,0.04,0,2.88882,2.88882,0,0.528619,4.47552,4.41193e+06,2.70226e+06,1.27453e+07,0,0,0,0,54.389,61.308,1.83469,0,1,1.78973,1.78973,0,1.43436,2.1168,9.16889e+06,3.61194e+06,1.64098e+07,0,0,0,5.98956e+07
80.8569,85.139,2.34315,0.04,0,2.88957,2.88957,0,0.541365,4.47552,4.41193e+06,2.70226e+06,1.27486e+07,0,0,0,0,53.8945,61.308,2.36067,0,1,1.79019,1.79019,0,1.38274,2.1168,9.16889e+06,3.61194e+06,1.6414e+07,0,0,0,5.98956e+07
80.0498,85.139,2.23125,0.04,0,2.89031,2.89031,0,0.541505,4.47552,4.41193e+06,2.70226e+06,1.27518e+07,0,0,0,0,53.3908,61.308,2.31387,0,1,1.79065,1.79065,0,1.3831,2.1168,9.16889e+06,3.61194e+06,1.64182e+07,0,0,0,5.98956e+07
79.2668,85.139,2.24579,0.04,0,2.89105,2.89105,0,0.541644,4.47552,4.41193e+06,2.70226e+06,1.27551e+07,0,0,0,0,52.8726,61.308,2.27252,0,1,1.79111,1.79111,0,1.38345,2.1168,9.16889e+06,3.61194e+06,1.64225e+07,0,0,0,5.98956e+07
78.395,85.139,2.08271,0.05,0,2.80357,2.80357,0,0.541783,4.47552,4.41193e+06,2.70226e+06,1.23691e+07,0,0,0,0,52.3613,61.308,2.15889,0,1,1.70537,1.70537,0,1.38381,2.1168,9.16889e+06,3.61194e+06,1.56363e+07,0,0,0,5.98956e+07
77.2185,85.139,1.76739,0.05,0,2.79538,2.80429,0,0.525388,4.47552,4.41193e+06,2.70226e+06,1.2333e+07,0,0,0,0,52.0513,61.308,3.46603,0,1,1.71472,1.70581,0,1.31757,2.1168,9.16889e+06,3.61194e+06,1.57221e+07,0,0,0,5.98956e+07
75.8121,85.139,1.53026,0.05,0,2.79654,2.80501,0,0.523853,4.47552,4.41193e+06,2.70226e+06,1.23381e+07,0,0,0,0,51.464,61.308,1.92863,0,1,1.71472,1.70625,0,1.32479,2.1168,9.16889e+06,3.61194e+06,1.57221e+07,0,0,0,5.98956e+07
74.4573,85.139,1.58625,0.05,0,2.7977,2.80573,0,0.524071,4.47552,4.41193e+06,2.70226e+06,1.23432e+07,0,0,0,0,50.8793,61.308,1.8673,0,1,1.71472,1.70669,0,1.32479,2.1168,9.16889e+06,3.61194e+06,1.57221e+07,0,0,0,5.98956e+07
74.8922,85.139,3.64018,0.05,0,2.72636,2.73395,0,0.524288,4.47552,4.41193e+06,2.70226e+06,1.20285e+07,0,0,0,0,50.8961,61.308,3.20656,0,1,1.63617,1.62858,0,1.32479,2.1168,9.16889e+06,3.61194e+06,1.50019e+07,0,0,0,5.98956e+07
77.4345,85.139,5.67622,0.05,0,2.64896,2.73466,0,0.51092,4.47552,4.41193e+06,2.70226e+06,1.1687e+07,0,0,0,0,51.1492,61.308,4.52946,0,1,1.7147,1.629,0,1.26411,2.1168,9.16889e+06,3.61194e+06,1.57219e+07,0,0,0,5.98956e+07
79.7321,85.139,5.58978,0.05,0,2.65008,2.73536,0,0.496415,4.47552,4.41193e+06,2.70226e+06,1.1692e+07,0,0,0,0,51.2069,61.308,3.9305,0,1,1.7147,1.62942,0,1.32478,2.1168,9.16889e+06,3.61194e+06,1.57219e+07,0,0,0,5.98956e+07
81.2307,85.139,4.67124,0.03,0,2.6512,2.73607,0,0.496625,4.47552,4.41193e+06,2.70226e+06,1.16969e+07,0,0,0,0,51.0966,61.308,3.20021,0,1,1.7147,1.62984,0,1.32478,2.1168,9.16889e+06,3.61194e+06,1.57219e+07,0,0,0,5.98956e+07
81.92,85.139,3.58061,0.03,0,2.44622,2.53066,0,0.496836,4.47552,4.41193e+06,2.70226e+06,1.07925e+07,0,0,0,0,50.9489,61.308,2.44089,0,1,1.55095,1.4665,0,1.32478,2.1168,9.16889e+06,3.61194e+06,1.42204e+07,0,0,0,5.98956e+07
85.139,85.139,6.64561,0.04,0,2.28353,2.53131,0,0.458421,4.47552,4.41193e+06,2.70226e+06,1.00748e+07,0,0,0,0,51.6866,61.308,5.6763,0,1,1.71466,1.46688,0,1.19826,2.1168,9.16889e+06,3.61194e+06,1.57215e+07,0,0,0,5.98956e+07
85.139,85.139,6.1592,0.02,0,2.28456,2.53196,0,0.427934,4.47552,4.41193e+06,2.70226e+06,1.00793e+07,0,0,0,0,52.5332,61.308,5.72019,0,1,1.71466,1.46726,0,1.32474,2.1168,9.16889e+06,3.61194e+06,1.57215e+07,0,0,0,5.98956e+07
85.139,85.139,5.37733,0.03,0,2.28559,2.53261,0,0.428127,4.47552,4.41193e+06,2.70226e+06,1.00839e+07,0,0,0,0,53.2777,61.308,5.59149,0,1,1.71466,1.46764,0,1.32474,2.1168,9.16889e+06,3.61194e+06,1.57215e+07,0,0,0,5.98956e+07
85.139,85.139,8.12763,0.03,0,2.28662,2.53327,0,0.42832,4.47552,4.41193e+06,2.70226e+06,1.00884e+07,0,0,0,0,54.2035,61.308,5.82483,0,1,1.71466,1.46801,0,1.32474,2.1168,9.16889e+06,3.61194e+06,1.57215e+07,0,0,0,5.98956e+07
85.139,85.139,7.06014,0.05,0,2.36702,2.61328,0,0.428513,4.47552,4.41193e+06,2.70226e+06,1.04431e+07,0,0,0,0,54.6501,61.308,5.6156,0,1,1.76213,1.51586,0,1.32474,2.1168,9.16889e+06,3.61194e+06,1.61568e+07,0,0,0,5.98956e+07
85.139,85.139,8.80024,0.07,0,2.41552,2.61393,0,0.443579,4.47552,4.41193e+06,2.70226e+06,1.06571e+07,0,0,0,0,54.7648,61.308,6.68127,0,1,1.71466,1.51624,0,1.36142,2.1168,9.16889e+06,3.61194e+06,1.57215e+07,0,0,0,5.98956e+07
85.139,85.139,7.76587,0.07,0,2.41654,2.61458,0,0.452668,4.47552,4.41193e+06,2.70226e+06,1.06616e+07,0,0,0,0,54.7467,61.308,6.88754,0,1,1.71466,1.51661,0,1.32474,2.1168,9.16889e+06,3.61194e+06,1.57215e+07,0,0,0,5.98956e+07
85.139,85.139,7.71374,0.07,0,2.41756,2.61523,0,0.45286,4.47552,4.41193e+06,2.70226e+06,1.06661e+07,0,0,0,0,55.1752,61.308,6.74307,0,1,1.71466,1.51699,0,1.32474,2.1168,9.16889e+06,3.61194e+06,1.57215e+07,0,0,0,5.98956e+07
85.139,85.139,8.54143,0.06,0,2.67374,2.87103,0,0.453052,4.47552,4.41193e+06,2.70226e+06,1.17963e+07,0,0,0,0,55.5326,61.308,6.69938,0,1,1.89307,1.69578,0,1.32474,2.1168,9.16889e+06,3.61194e+06,1.73573e+07,0,0,0,5.98956e+07
85.139,85.139,6.95739,0.06,0,2.85323,2.87174,0,0.501058,4.47552,4.41193e+06,2.70226e+06,1.25883e+07,0,0,0,0,56.0717,61.308,8.29143,0,1,1.7147,1.6962,0,1.46258,2.1168,9.16889e+06,3.61194e+06,1.57219e+07,0,0,0,5.98956e+07
85.139,85.139,6.17024,0.06,0,2.85437,2.87245,0,0.534696,4.47552,4.41193e+06,2.70226e+06,1.25933e+07,0,0,0,0,56.4658,61.308,7.48115,0,1,1.7147,1.69662,0,1.32478,2.1168,9.16889e+06,3.61194e+06,1.57219e+07,0,0,0,5.98956e+07
85.139,85.139,6.00875,0.06,0,2.8555,2.87316,0,0.534908,4.47552,4.41193e+06,2.70226e+06,1.25983e+07,0,0,0,0,56.752,61.308,7.51847,0,1,1.7147,1.69704,0,1.32478,2.1168,9.16889e+06,3.61194e+06,1.57219e+07,0,0,0,5.98956e+07
85.139,85.139,4.45887,0.07,0,2.49235,2.50959,0,0.535121,4.47552,4.41193e+06,2.70226e+06,1.09961e+07,0,0,0,0,56.7239,61.308,4.62547,0,1,1.47503,1.45779,0,1.32478,2.1168,9.16889e+06,3.61194e+06,1.35244e+07,0,0,0,5.98956e+07
85.139,85.139,6.69083,0.07,0,2.25373,2.51022,0,0.467067,4.47552,4.41193e+06,2.70226e+06,9.94329e+06,0,0,0,0,57.278,61.308,6.11469,0,1,1.71464,1.45816,0,1.13961,2.1168,9.16889e+06,3.61194e+06,1.57214e+07,0,0,0,5.98956e+07
85.139,85.139,6.94958,0.07,0,2.25471,2.51084,0,0.422349,4.47552,4.41193e+06,2.70226e+06,9.94763e+06,0,0,0,0,57.7227,61.308,6.20177,0,1,1.71464,1.45852,0,1.32473,2.1168,9.16889e+06,3.61194e+06,1.57214e+07,0,0,0,5.98956e+07
85.139,85.139,6.43888,0.07,0,2.2557,2.51146,0,0.422533,4.47552,4.41193e+06,2.70226e+06,9.95198e+06,0,0,0,0,58.0362,61.308,5.79094,0,1,1.71464,1.45888,0,1.32473,2.1168,9.16889e+06,3.61194e+06,1.57214e+07,0,0,0,5.98956e+07
85.139,85.139,5.52032,0.07,0,2.25668,2.51208,0,0.422718,4.47552,4.41193e+06,2.70226e+06,9.95632e+06,0,0,0,0,58.1611,61.308,4.61033,0,1,1.71464,1.45924,0,1.32473,2.1168,9.16889e+06,3.61194e+06,1.57214e+07,0,0,0,5.98956e+07
85.139,85.139,6.25066,0.07,0,2.34948,2.60452,0,0.422902,4.47552,4.41193e+06,2.70226e+06,1.03657e+07,0,0,0,0,58.4308,61.308,5.32372,0,1,1.77335,1.51831,0,1.32473,2.1168,9.16889e+06,3.61194e+06,1.62596e+07,0,0,0,5.98956e+07
85.139,85.139,7.66198,0.07,0,2.40919,2.60516,0,0.440292,4.47552,4.41193e+06,2.70226e+06,1.06292e+07,0,0,0,0,58.888,61.308,5.66614,0,1,1.71466,1.51868,0,1.37009,2.1168,9.16889e+06,3.61194e+06,1.57215e+07,0,0,0,5.98956e+07
85.139,85.139,6.3265,0.07,0,2.41021,2.60581,0,0.451482,4.47552,4.41193e+06,2.70226e+06,1.06337e+07,0,0,0,0,59.1615,61.308,5.48826,0,1,1.71466,1.51906,0,1.32474,2.1168,9.16889e+06,3.61194e+06,1.57215e+07,0,0,0,5.98956e+07
85.139,85.139,5.09694,0.07,0,2.41123,2.60645,0,0.451673,4.47552,4.41193e+06,2.70226e+06,1.06382e+07,0,0,0,0,59.1007,61.308,3.78223,0,1,1.71466,1.51944,0,1.32474,2.1168,9.16889e+06,3.61194e+06,1.57215e+07,0,0,0,5.98956e+07
85.139,85.139,4.52182,0.07,0,2.37632,2.57117,0,0.451865,4.47552,4.41193e+06,2.70226e+06,1.04842e+07,0,0,0,0,58.9402,61.308,3.1647,0,1,1.69183,1.49699,0,1.32474,2.1168,9.16889e+06,3.61194e+06,1.55122e+07,0,0,0,5.98956e+07
85.139,85.139,4.09998,0.07,0,2.35452,2.5718,0,0.445323,4.47552,4.41193e+06,2.70226e+06,1.0388e+07,0,0,0,0,58.6565,61.308,3.11901,0,1,1.71465,1.49736,0,1.30711,2.1168,9.16889e+06,3.61194e+06,1.57214e+07,0,0,0,5.98956e+07
85.139,85.139,3.85471,0.07,0,2.35552,2.57244,0,0.441236,4.47552,4.41193e+06,2.70226e+06,1.03924e+07,0,0,0,0,58.3391,61.308,2.94333,0,1,1.71465,1.49773,0,1.32474,2.1168,9.16889e+06,3.61194e+06,1.57214e+07,0,0,0,5.98956e+07
85.139,85.139,3.51107,0.06,0,2.35653,2.57308,0,0.441425,4.47552,4.41193e+06,2.70226e+06,1.03969e+07,0,0,0,0,57.9859,61.308,2.8361,0,1,1.71465,1.4981,0,1.32474,2.1168,9.16889e+06,3.61194e+06,1.57214e+07,0,0,0,5.98956e+07
85.139,85.139,3.19503,0.05,0,2.47963,2.69581,0,0.441614,4.47552,4.41193e+06,2.70226e+06,1.094e+07,0,0,0,0,57.5486,61.308,2.4024,0,1,1.79567,1.57949,0,1.32474,2.1168,9.16889e+06,3.61194e+06,1.64643e+07,0,0,0,5.98956e+07
85.139,85.139,3.1325,0.04,0,2.56169,2.69648,0,0.464683,4.47552,4.41193e+06,2.70226e+06,1.1302e+07,0,0,0,0,57.2281,61.308,2.67035,0,1,1.71467,1.57988,0,1.38733,2.1168,9.16889e+06,3.61194e+06,1.57216e+07,0,0,0,5.98956e+07
85.139,85.139,3.02732,0.05,0,2.56275,2.69714,0,0.48006,4.47552,4.41193e+06,2.70226e+06,1.13067e+07,0,0,0,0,56.8485,61.308,2.61136,0,1,1.71467,1.58027,0,1.32476,2.1168,9.16889e+06,3.61194e+06,1.57216e+07,0,0,0,5.98956e+07
84.9791,85.139,2.72357,0.05,0,2.56381,2.69781,0,0.480259,4.47552,4.41193e+06,2.70226e+06,1.13113e+07,0,0,0,0,56.3756,61.308,2.18662,0,1,1.71467,1.58067,0,1.32476,2.1168,9.16889e+06,3.61194e+06,1.57216e+07,0,0,0,5.98956e+07
84.7411,85.139,2.62713,0.06,0,2.56487,2.69848,0,0.480457,4.47552,4.41193e+06,2.70226e+06,1.1316e+07,0,0,0,0,55.8265,61.308,2.00786,0,1,1.71467,1.58106,0,1.32476,2.1168,9.16889e+06,3.61194e+06,1.57216e+07,0,0,0,5.98956e+07
84.2003,85.139,2.261,0.06,0,2.54175,2.67498,0,0.480656,4.47552,4.41193e+06,2.70226e+06,1.1214e+07,0,0,0,0,55.2512,61.308,2.48641,0,1,1.75925,1.62603,0,1.32476,2.1168,9.16889e+06,3.61194e+06,1.61304e+07,0,0,0,5.98956e+07
83.3603,85.139,1.96933,0.05,0,2.58739,2.67564,0,0.476325,4.47552,4.41193e+06,2.70226e+06,1.14154e+07,0,0,0,0,54.7233,61.308,2.77371,0,1,1.71468,1.62644,0,1.3592,2.1168,9.16889e+06,3.61194e+06,1.57217e+07,0,0,0,5.98956e+07
82.3605,85.139,1.80461,0.04,0,2.58846,2.6763,0,0.484877,4.47552,4.41193e+06,2.70226e+06,1.14201e+07,0,0,0,0,54.1925,61.308,2.77347,0,1,1.71468,1.62684,0,1.32476,2.1168,9.16889e+06,3.61194e+06,1.57217e+07,0,0,0,5.98956e+07
81.2068,85.139,1.63181,0.04,0,2.58952,2.67697,0,0.485077,4.47552,4.41193e+06,2.70226e+06,1.14248e+07,0,0,0,0,53.6368,61.308,2.44816,0,1,1.71468,1.62724,0,1.32476,2.1168,9.16889e+06,3.61194e+06,1.57217e+07,0,0,0,5.98956e+07
79.9733,85.139,1.56203,0.04,0,2.65308,2.74012,0,0.485277,4.47552,4.41193e+06,2.70226e+06,1.17052e+07,0,0,0,0,53.0008,61.308,2.39838,0,1,1.75446,1.66742,0,1.32476,2.1168,9.16889e+06,3.61194e+06,1.60864e+07,0,0,0,5.98956e+07
78.6698,85.139,1.51807,0.04,0,2.69394,2.7408,0,0.497188,4.47552,4.41193e+06,2.70226e+06,1.18855e+07,0,0,0,0,52.3387,61.308,2.07607,0,1,1.71469,1.66783,0,1.35549,2.1168,9.16889e+06,3.61194e+06,1.57218e+07,0,0,0,5.98956e+07
77.2317,85.139,1.37003,0.04,0,2.69503,2.74148,0,0.504844,4.47552,4.41193e+06,2.70226e+06,1.18903e+07,0,0,0,0,51.6606,61.308,2.00124,0,1,1.71469,1.66824,0,1.32477,2.1168,9.16889e+06,3.61194e+06,1.57218e+07,0,0,0,5.98956e+07
75.6876,85.139,1.24972,0.04,0,2.69612,2.74216,0,0.505049,4.47552,4.41193e+06,2.70226e+06,1.18951e+07,0,0,0,0,50.9732,61.308,1.82647,0,1,1.71469,1.66866,0,1.32477,2.1168,9.16889e+06,3.61194e+06,1.57218e+07,0,0,0,5.98956e+07
73.8595,85.139,1.08973,0.04,0,2.8804,2.92602,0,0.505253,4.47552,4.41193e+06,2.70226e+06,1.27081e+07,0,0,0,0,50.2032,61.308,1.80817,0,1,1.85839,1.81277,0,1.32477,2.1168,9.16889e+06,3.61194e+06,1.70394e+07,0,0,0,5.98956e+07
71.9091,85.139,0.969166,0.04,0,2.92675,2.92675,0,0.539787,4.47552,4.41193e+06,2.70226e+06,1.29126e+07,0,0,0,0,49.418,61.308,1.39127,0,1,1.81322,1.81322,0,1.43579,2.1168,9.16889e+06,3.61194e+06,1.66252e+07,0,0,0,5.98956e+07
70.0445,85.139,1.03096,0.06,0,2.92747,2.92747,0,0.548472,4.47552,4.41193e+06,2.70226e+06,1.29158e+07,0,0,0,0,48.4997,61.308,1.39875,0,1,1.81367,1.81367,0,1.40089,2.1168,9.16889e+06,3.61194e+06,1.66293e+07,0,0,0,5.98956e+07
68.0236,85.139,0.875448,0.08,0,2.9282,2.9282,0,0.548608,4.47552,4.41193e+06,2.70226e+06,1.2919e+07,0,0,0,0,47.7421,61.308,1.23309,0,1,1.81412,1.81412,0,1.40124,2.1168,9.16889e+06,3.61194e+06,1.66335e+07,0,0,0,5.98956e+07
66.104,85.139,0.948901,0.1,0,2.92892,2.92892,0,0.548744,4.47552,4.41193e+06,2.70226e+06,1.29222e+07,0,0,0,0,47.0567,61.308,1.62631,0,1,1.81457,1.81457,0,1.40159,2.1168,9.16889e+06,3.61194e+06,1.66376e+07,0,0,0,5.98956e+07
64.3328,85.139,0.992794,0.1,0,2.84026,2.84026,0,0.54888,4.47552,4.41193e+06,2.70226e+06,1.2531e+07,0,0,0,0,46.3146,61.308,1.61288,0,1,1.72769,1.72769,0,1.40194,2.1168,9.16889e+06,3.61194e+06,1.5841e+07,0,0,0,5.98956e+07
62.5089,85.139,0.898014,0.1,0,2.84096,2.84096,0,0.532265,4.47552,4.41193e+06,2.70226e+06,1.25341e+07,0,0,0,0,45.5309,61.308,1.44754,0,1,1.72812,1.72812,0,1.33481,2.1168,9.16889e+06,3.61194e+06,1.58449e+07,0,0,0,5.98956e+07
60.7216,85.139,0.931648,0.11,0,2.84167,2.84167,0,0.532397,4.47552,4.41193e+06,2.70226e+06,1.25372e+07,0,0,0,0,44.821,61.308,1.40166,0,1,1.72855,1.72855,0,1.33514,2.1168,9.16889e+06,3.61194e+06,1.58488e+07,0,0,0,5.98956e+07
60.511,85.139,2.70962,0.12,0,2.84237,2.84237,0,0.532529,4.47552,4.41193e+06,2.70226e+06,1.25403e+07,0,0,0,0,44.4967,61.308,2.34281,0,1,1.72897,1.72897,0,1.33548,2.1168,9.16889e+06,3.61194e+06,1.58528e+07,0,0,0,5.98956e+07
59.6899,85.139,2.01487,0.12,0,2.76963,2.76963,0,0.532661,4.47552,4.41193e+06,2.70226e+06,1.22194e+07,0,0,0,0,44.0635,61.308,2.18836,0,1,1.64983,1.64983,0,1.33581,2.1168,9.16889e+06,3.61194e+06,1.51271e+07,0,0,0,5.98956e+07
58.602,85.139,1.69458,0.12,0,2.70587,2.77032,0,0.519029,4.47552,4.41193e+06,2.70226e+06,1.19381e+07,0,0,0,0,43.731,61.308,1.86924,0,1,1.71469,1.65024,0,1.27466,2.1168,9.16889e+06,3.61194e+06,1.57218e+07,0,0,0,5.98956e+07
59.0634,85.139,3.32061,0.13,0,2.70697,2.77101,0,0.507081,4.47552,4.41193e+06,2.70226e+06,1.1943e+07,0,0,0,0,43.585,61.308,2.72466,0,1,1.71469,1.65065,0,1.32477,2.1168,9.16889e+06,3.61194e+06,1.57218e+07,0,0,0,5.98956e+07
59.2502,85.139,3.11498,0.13,0,2.70806,2.77169,0,0.507286,4.47552,4.41193e+06,2.70226e+06,1.19478e+07,0,0,0,0,43.2812,61.308,2.66973,0,1,1.71469,1.65106,0,1.32477,2.1168,9.16889e+06,3.61194e+06,1.57218e+07,0,0,0,5.98956e+07
59.5218,85.139,2.90524,0.13,0,2.50037,2.56359,0,0.507491,4.47552,4.41193e+06,2.70226e+06,1.10314e+07,0,0,0,0,43.1834,61.308,2.83787,0,1,1.5488,1.48558,0,1.32477,2.1168,9.16889e+06,3.61194e+06,1.42008e+07,0,0,0,5.98956e+07
62.877,85.139,6.01371,0.14,0,2.33553,2.56422,0,0.468569,4.47552,4.41193e+06,2.70226e+06,1.03042e+07,0,0,0,0,43.356,61.308,4.33863,0,1,1.71465,1.48595,0,1.19661,2.1168,9.16889e+06,3.61194e+06,1.57214e+07,0,0,0,5.98956e+07
63.6615,85.139,3.45556,0.12,0,2.33653,2.56486,0,0.437678,4.47552,4.41193e+06,2.70226e+06,1.03086e+07,0,0,0,0,43.2615,61.308,3.40012,0,1,1.71465,1.48632,0,1.32474,2.1168,9.16889e+06,3.61194e+06,1.57214e+07,0,0,0,5.98956e+07
64.571,85.139,3.58351,0.13,0,2.33753,2.56549,0,0.437866,4.47552,4.41193e+06,2.70226e+06,1.0313e+07,0,0,0,0,43.1131,61.308,3.28892,0,1,1.71465,1.48669,0,1.32474,2.1168,9.16889e+06,3.61194e+06,1.57214e+07,0,0,0,5.98956e+07
65.0351,85.139,3.17428,0.13,0,2.33854,2.56613,0,0.438054,4.47552,4.41193e+06,2.70226e+06,1.03175e+07,0,0,0,0,42.9571,61.308,3.03378,0,1,1.71465,1.48706,0,1.32474,2.1168,9.16889e+06,3.61194e+06,1.57214e+07,0,0,0,5.98956e+07
66.0445,85.139,3.79663,0.13,0,2.41994,2.64716,0,0.438242,4.47552,4.41193e+06,2.70226e+06,1.06766e+07,0,0,0,0,42.8906,61.308,3.11147,0,1,1.76274,1.53551,0,1.32474,2.1168,9.16889e+06,3.61194e+06,1.61623e+07,0,0,0,5.98956e+07
68.7171,85.139,5.52431,0.13,0.02,2.34539,2.64779,0,0.453496,4.47552,4.41193e+06,2.70226e+06,1.03477e+07,0,0,0,0,43.244,61.308,4.20817,0,1,1.83828,1.53588,0,1.36189,2.96352,9.16889e+06,3.61194e+06,1.6855e+07,0,0,0,5.98956e+07
71.2847,85.139,5.4392,0.1,0.02,2.34602,2.64842,0,0.439527,4.47552,4.41193e+06,2.70226e+06,1.03505e+07,0,0,0,0,43.6923,61.308,4.39234,0,1,1.83865,1.53625,0,1.42025,2.96352,9.16889e+06,3.61194e+06,1.68583e+07,0,0,0,5.98956e+07
73.6272,85.139,5.20211,0.1,0.02,2.34666,2.64906,0,0.439645,4.47552,4.41193e+06,2.70226e+06,1.03533e+07,0,0,0,0,44.1959,61.308,4.66256,0,1,1.83901,1.53661,0,1.42054,2.96352,9.16889e+06,3.61194e+06,1.68617e+07,0,0,0,5.98956e+07
77.6813,85.139,7.23929,0.11,0.02,2.60573,2.90813,0,0.439763,4.47552,4.41193e+06,2.70226e+06,1.14963e+07,0,0,0,0,44.3428,61.308,3.9885,0,1,2.02009,1.71769,0,1.42082,2.96352,9.16889e+06,3.61194e+06,1.8522e+07,0,0,0,5.98956e+07
81.9147,85.139,7.56558,0.08,0.02,2.60643,2.90883,0,0.488314,4.47552,4.41193e+06,2.70226e+06,1.14994e+07,0,0,0,0,45.4003,61.308,7.4745,0,1,2.0205,1.7181,0,1.56073,2.96352,9.16889e+06,3.61194e+06,1.85258e+07,0,0,0,5.98956e+07
85.139,85.139,7.70494,0.05,0.02,2.60712,2.90952,0,0.488444,4.47552,4.41193e+06,2.70226e+06,1.15024e+07,0,0,0,0,46.2952,61.308,8.53609,0,1,2.02091,1.71851,0,1.56104,2.96352,9.16889e+06,3.61194e+06,1.85295e+07,0,0,0,5.98956e+07
85.139,85.139,6.46031,0.04,0.02,2.60781,2.91021,0,0.488574,4.47552,4.41193e+06,2.70226e+06,1.15055e+07,0,0,0,0,47.094,61.308,6.69726,0,1,2.02132,1.71892,0,1.56136,2.96352,9.16889e+06,3.61194e+06,1.85333e+07,0,0,0,5.98956e+07
85.139,85.139,4.9522,0.04,0.02,2.23953,2.54193,0,0.488705,4.47552,4.41193e+06,2.70226e+06,9.88066e+06,0,0,0,0,47.5814,61.308,4.9675,0,1,1.77898,1.47658,0,1.56168,2.96352,9.16889e+06,3.61194e+06,1.63113e+07,0,0,0,5.98956e+07
85.139,85.139,5.79276,0.04,0.02,2.24014,2.54254,0,0.419688,4.47552,4.41193e+06,2.70226e+06,9.88333e+06,0,0,0,0,47.7673,61.308,5.0733,0,1,1.77933,1.47693,0,1.37444,2.96352,9.16889e+06,3.61194e+06,1.63145e+07,0,0,0,5.98956e+07
85.139,85.139,7.37012,0.04,0.02,2.24075,2.54315,0,0.419802,4.47552,4.41193e+06,2.70226e+06,9.88601e+06,0,0,0,0,48.2848,61.308,6.29597,0,1,1.77968,1.47728,0,1.37471,2.96352,9.16889e+06,3.61194e+06,1.63177e+07,0,0,0,5.98956e+07
85.139,85.139,10.7992,0.04,0.02,2.24135,2.54375,0,0.419916,4.47552,4.41193e+06,2.70226e+06,9.88869e+06,0,0,0,0,49.7577,61.308,11.9053,0,1,1.78004,1.47764,0,1.37498,2.96352,9.16889e+06,3.61194e+06,1.6321e+07,0,0,0,5.98956e+07
85.139,85.139,7.74549,0.05,0.02,2.24196,2.54436,0,0.420029,4.47552,4.41193e+06,2.70226e+06,9.89136e+06,0,0,0,0,50.2667,61.308,7.38319,0,1,1.78039,1.47799,0,1.37526,2.96352,9.16889e+06,3.61194e+06,1.63242e+07,0,0,0,5.98956e+07
85.139,85.139,6.58235,0.06,0.02,2.33555,2.63795,0,0.420143,4.47552,4.41193e+06,2.70226e+06,1.03043e+07,0,0,0,0,50.6156,61.308,6.04343,0,1,1.8402,1.5378,0,1.37553,2.96352,9.16889e+06,3.61194e+06,1.68726e+07,0,0,0,5.98956e+07
85.139,85.139,6.82783,0.06,0.02,2.33618,2.63858,0,0.437683,4.47552,4.41193e+06,2.70226e+06,1.03071e+07,0,0,0,0,51.1727,61.308,5.41842,0,1,1.84057,1.53817,0,1.42174,2.96352,9.16889e+06,3.61194e+06,1.68759e+07,0,0,0,5.98956e+07
85.139,85.139,5.07605,0.06,0.02,2.33681,2.63921,0,0.437801,4.47552,4.41193e+06,2.70226e+06,1.03099e+07,0,0,0,0,51.2137,61.308,3.77947,0,1,1.84093,1.53853,0,1.42202,2.96352,9.16889e+06,3.61194e+06,1.68793e+07,0,0,0,5.98956e+07
85.139,85.139,4.84688,0.06,0.02,2.33744,2.63984,0,0.437919,4.47552,4.41193e+06,2.70226e+06,1.03126e+07,0,0,0,0,51.3248,61.308,3.86784,0,1,1.8413,1.5389,0,1.42231,2.96352,9.16889e+06,3.61194e+06,1.68827e+07,0,0,0,5.98956e+07
85.139,85.139,4.39702,0.06,0.02,2.30168,2.60408,0,0.438037,4.47552,4.41193e+06,2.70226e+06,1.01548e+07,0,0,0,0,51.3095,61.308,3.72955,0,1,1.81855,1.51615,0,1.42259,2.96352,9.16889e+06,3.61194e+06,1.66741e+07,0,0,0,5.98956e+07
85.139,85.139,4.44851,0.06,0.02,2.3023,2.6047,0,0.431335,4.47552,4.41193e+06,2.70226e+06,1.01576e+07,0,0,0,0,51.2689,61.308,3.81077,0,1,1.81891,1.51651,0,1.40501,2.96352,9.16889e+06,3.61194e+06,1.66774e+07,0,0,0,5.98956e+07
85.139,85.139,3.81572,0.06,0.02,2.30292,2.60532,0,0.431451,4.47552,4.41193e+06,2.70226e+06,1.01603e+07,0,0,0,0,51.1334,61.308,3.10917,0,1,1.81928,1.51688,0,1.40529,2.96352,9.16889e+06,3.61194e+06,1.66807e+07,0,0,0,5.98956e+07
85.139,85.139,3.41977,0.06,0.02,2.30354,2.60594,0,0.431568,4.47552,4.41193e+06,2.70226e+06,1.01631e+07,0,0,0,0,50.9535,61.308,2.89917,0,1,1.81964,1.51724,0,1.40557,2.96352,9.16889e+06,3.61194e+06,1.66841e+07,0,0,0,5.98956e+07
85.139,85.139,3.16777,0.06,0.02,2.42781,2.73021,0,0.431684,4.47552,4.41193e+06,2.70226e+06,1.07113e+07,0,0,0,0,50.7346,61.308,2.71679,0,1,1.90205,1.59965,0,1.40585,2.96352,9.16889e+06,3.61194e+06,1.74397e+07,0,0,0,5.98956e+07
85.139,85.139,3.19721,0.05,0.02,2.42846,2.73086,0,0.454972,4.47552,4.41193e+06,2.70226e+06,1.07142e+07,0,0,0,0,50.4892,61.308,2.55645,0,1,1.90243,1.60003,0,1.46952,2.96352,9.16889e+06,3.61194e+06,1.74432e+07,0,0,0,5.98956e+07
85.139,85.139,2.90774,0.04,0.02,2.42911,2.73151,0,0.455094,4.47552,4.41193e+06,2.70226e+06,1.07171e+07,0,0,0,0,50.1881,61.308,2.42339,0,1,1.90281,1.60041,0,1.46982,2.96352,9.16889e+06,3.61194e+06,1.74467e+07,0,0,0,5.98956e+07
84.9473,85.139,2.59049,0.04,0.02,2.42977,2.73217,0,0.455216,4.47552,4.41193e+06,2.70226e+06,1.072e+07,0,0,0,0,49.8093,61.308,2.21573,0,1,1.90319,1.60079,0,1.47011,2.96352,9.16889e+06,3.61194e+06,1.74502e+07,0,0,0,5.98956e+07
84.5679,85.139,2.3803,0.05,0.02,2.43042,2.73282,0,0.455338,4.47552,4.41193e+06,2.70226e+06,1.07228e+07,0,0,0,0,49.4093,61.308,2.18698,0,1,1.90358,1.60118,0,1.47041,2.96352,9.16889e+06,3.61194e+06,1.74537e+07,0,0,0,5.98956e+07
84.075,85.139,2.19787,0.04,0.02,2.40659,2.70899,0,0.45546,4.47552,4.41193e+06,2.70226e+06,1.06177e+07,0,0,0,0,48.8957,61.308,1.87598,0,1,1.94911,1.64671,0,1.4707,2.96352,9.16889e+06,3.61194e+06,1.78711e+07,0,0,0,5.98956e+07
83.4291,85.139,2.01221,0.04,0.02,2.40723,2.70963,0,0.450994,4.47552,4.41193e+06,2.70226e+06,1.06205e+07,0,0,0,0,48.3063,61.308,1.62984,0,1,1.9495,1.6471,0,1.50588,2.96352,9.16889e+06,3.61194e+06,1.78747e+07,0,0,0,5.98956e+07
82.6235,85.139,1.84782,0.03,0.02,2.40788,2.71028,0,0.451116,4.47552,4.41193e+06,2.70226e+06,1.06234e+07,0,0,0,0,47.5761,61.308,1.64692,0,1,1.94989,1.64749,0,1.50618,2.96352,9.16889e+06,3.61194e+06,1.78783e+07,0,0,0,5.98956e+07
81.6723,85.139,1.69173,0.02,0.02,2.40853,2.71093,0,0.451237,4.47552,4.41193e+06,2.70226e+06,1.06262e+07,0,0,0,0,46.8286,61.308,1.43132,0,1,1.95029,1.64789,0,1.50649,2.96352,9.16889e+06,3.61194e+06,1.78819e+07,0,0,0,5.98956e+07
80.5634,85.139,1.55306,0.02,0.02,2.47245,2.77485,0,0.451358,4.47552,4.41193e+06,2.70226e+06,1.09083e+07,0,0,0,0,45.9518,61.308,1.4176,0,1,1.99095,1.68855,0,1.50679,2.96352,9.16889e+06,3.61194e+06,1.82548e+07,0,0,0,5.98956e+07
79.5593,85.139,1.64464,0.02,0.02,2.47312,2.77552,0,0.463338,4.47552,4.41193e+06,2.70226e+06,1.09112e+07,0,0,0,0,45.0095,61.308,1.31072,0,1,1.99136,1.68896,0,1.53821,2.96352,9.16889e+06,3.61194e+06,1.82585e+07,0,0,0,5.98956e+07
78.4043,85.139,1.48322,0.02,0.02,2.47378,2.77618,0,0.463462,4.47552,4.41193e+06,2.70226e+06,1.09141e+07,0,0,0,0,43.9904,61.308,1.26185,0,1,1.99176,1.68936,0,1.53852,2.96352,9.16889e+06,3.61194e+06,1.82622e+07,0,0,0,5.98956e+07
77.1301,85.139,1.35229,0.03,0.02,2.47444,2.77684,0,0.463586,4.47552,4.41193e+06,2.70226e+06,1.09171e+07,0,0,0,0,42.9543,61.308,1.15438,0,1,1.99216,1.68976,0,1.53883,2.96352,9.16889e+06,3.61194e+06,1.82659e+07,0,0,0,5.98956e+07
75.5518,85.139,1.17729,0.04,0.02,2.6606,2.963,0,0.46371,4.47552,4.41193e+06,2.70226e+06,1.17384e+07,0,0,0,0,41.8784,61.308,1.14315,0,1,2.13808,1.83568,0,1.53914,2.96352,9.16889e+06,3.61194e+06,1.96038e+07,0,0,0,5.98956e+07
73.9352,85.139,1.12818,0.04,0.02,2.66131,2.96371,0,0.498596,4.47552,4.41193e+06,2.70226e+06,1.17415e+07,0,0,0,0,41.0149,61.308,1.08133,0,1,2.13852,1.83612,0,1.65188,2.96352,9.16889e+06,3.61194e+06,1.96078e+07,0,0,0,5.98956e+07
72.5833,85.139,1.39656,0.04,0.02,2.66201,2.96441,0,0.498729,4.47552,4.41193e+06,2.70226e+06,1.17446e+07,0,0,0,0,39.8828,61.308,1.33838,0,1,2.13896,1.83656,0,1.65222,2.96352,9.16889e+06,3.61194e+06,1.96119e+07,0,0,0,5.98956e+07
70.9648,85.139,1.12341,0.06,0.02,2.66272,2.96512,0,0.498861,4.47552,4.41193e+06,2.70226e+06,1.17477e+07,0,0,0,0,39.12,61.308,0.961683,0,1,2.1394,1.837,0,1.65256,2.96352,9.16889e+06,3.61194e+06,1.96159e+07,0,0,0,5.98956e+07
69.6055,85.139,1.36119,0.07,0.02,2.66343,2.96583,0,0.498994,4.47552,4.41193e+06,2.70226e+06,1.17508e+07,0,0,0,0,38.417,61.308,1.69688,0,1,2.13983,1.83743,0,1.6529,2.96352,9.16889e+06,3.61194e+06,1.96199e+07,0,0,0,5.98956e+07
68.1462,85.139,1.1864,0.07,0.02,2.57362,2.87602,0,0.499126,4.47552,4.41193e+06,2.70226e+06,1.13546e+07,0,0,0,0,37.7164,61.308,1.38199,0,1,2.05184,1.74944,0,1.65323,2.96352,9.16889e+06,3.61194e+06,1.88131e+07,0,0,0,5.98956e+07
67.1612,85.139,1.6811,0.07,0.02,2.57431,2.87671,0,0.482297,4.47552,4.41193e+06,2.70226e+06,1.13577e+07,0,0,0,0,37.0545,61.308,1.82738,0,1,2.05226,1.74986,0,1.58525,2.96352,9.16889e+06,3.61194e+06,1.88169e+07,0,0,0,5.98956e+07
65.9661,85.139,1.45159,0.09,0.02,2.57499,2.87739,0,0.482425,4.47552,4.41193e+06,2.70226e+06,1.13607e+07,0,0,0,0,36.5057,61.308,3.07938,0,1,2.05268,1.75028,0,1.58558,2.96352,9.16889e+06,3.61194e+06,1.88208e+07,0,0,0,5.98956e+07
64.5989,85.139,1.27154,0.09,0.02,2.57568,2.87808,0,0.482554,4.47552,4.41193e+06,2.70226e+06,1.13637e+07,0,0,0,0,35.7973,61.308,1.78332,0,1,2.05309,1.75069,0,1.5859,2.96352,9.16889e+06,3.61194e+06,1.88246e+07,0,0,0,5.98956e+07
63.2705,85.139,1.23237,0.09,0.02,2.502,2.8044,0,0.482682,4.47552,4.41193e+06,2.70226e+06,1.10386e+07,0,0,0,0,35.0755,61.308,1.63286,0,1,1.97294,1.67054,0,1.58622,2.96352,9.16889e+06,3.61194e+06,1.80897e+07,0,0,0,5.98956e+07
62.1101,85.139,1.47297,0.1,0.02,2.50267,2.80507,0,0.468875,4.47552,4.41193e+06,2.70226e+06,1.10416e+07,0,0,0,0,34.4917,61.308,1.90965,0,1,1.97334,1.67094,0,1.5243,2.96352,9.16889e+06,3.61194e+06,1.80933e+07,0,0,0,5.98956e+07
61.5239,85.139,2.08267,0.12,0.02,2.50334,2.80574,0,0.469,4.47552,4.41193e+06,2.70226e+06,1.10445e+07,0,0,0,0,34.0327,61.308,2.5555,0,1,1.97374,1.67134,0,1.5246,2.96352,9.16889e+06,3.61194e+06,1.8097e+07,0,0,0,5.98956e+07
62.0253,85.139,3.25666,0.12,0.02,2.504,2.8064,0,0.469125,4.47552,4.41193e+06,2.70226e+06,1.10475e+07,0,0,0,0,33.767,61.308,3.25969,0,1,1.97414,1.67174,0,1.52491,2.96352,9.16889e+06,3.61194e+06,1.81006e+07,0,0,0,5.98956e+07
64.7051,85.139,5.29782,0.12,0.02,2.29327,2.59567,0,0.469251,4.47552,4.41193e+06,2.70226e+06,1.01177e+07,0,0,0,0,33.7129,61.308,4.01812,0,1,1.80658,1.50418,0,1.52522,2.96352,9.16889e+06,3.61194e+06,1.65643e+07,0,0,0,5.98956e+07
66.0138,85.139,3.96668,0.1,0.02,2.29389,2.59629,0,0.429759,4.47552,4.41193e+06,2.70226e+06,1.01205e+07,0,0,0,0,33.4712,61.308,3.24797,0,1,1.80693,1.50453,0,1.39576,2.96352,9.16889e+06,3.61194e+06,1.65676e+07,0,0,0,5.98956e+07
67.0255,85.139,3.73937,0.11,0.02,2.29451,2.59691,0,0.429875,4.47552,4.41193e+06,2.70226e+06,1.01232e+07,0,0,0,0,33.3077,61.308,3.1588,0,1,1.80729,1.50489,0,1.39604,2.96352,9.16889e+06,3.61194e+06,1.65709e+07,0,0,0,5.98956e+07
67.7612,85.139,3.4101,0.11,0.02,2.29513,2.59753,0,0.42999,4.47552,4.41193e+06,2.70226e+06,1.01259e+07,0,0,0,0,33.1109,61.308,2.97341,0,1,1.80765,1.50525,0,1.39631,2.96352,9.16889e+06,3.61194e+06,1.65742e+07,0,0,0,5.98956e+07
69.3571,85.139,4.30231,0.11,0.02,2.29574,2.59814,0,0.430106,4.47552,4.41193e+06,2.70226e+06,1.01287e+07,0,0,0,0,32.8895,61.308,3.004,0,1,1.80801,1.50561,0,1.39659,2.96352,9.16889e+06,3.61194e+06,1.65774e+07,0,0,0,5.98956e+07
71.3575,85.139,4.71562,0.1,0.02,2.29574,2.59814,0,0.430222,4.47552,4.41193e+06,2.70226e+06,1.01287e+07,0,0,0,0,32.6222,61.308,3.18038,0,1,1.80801,1.50561,0,1.39687,2.96352,9.16889e+06,3.61194e+06,1.65774e+07,0,0,0,5.98956e+07
73.6438,85.139,5.07043,0.1,0.02,2.37776,2.68016,0,0.430222,4.47552,4.41193e+06,2.70226e+06,1.04905e+07,0,0,0,0,32.4968,61.308,2.96344,0,0.04,1.85706,1.55466,0,1.39687,2.96352,9.16889e+06,3.61194e+06,1.70271e+07,0,0,0,5.98956e+07
77.1696,85.139,6.40278,0.1,0.02,2.37838,2.68078,0,0.445593,4.47552,4.41193e+06,2.70226e+06,1.04932e+07,0,0,0,0,32.5485,61.308,3.71772,0,0.04,1.85741,1.55501,0,1.43476,2.96352,9.16889e+06,3.61194e+06,1.70304e+07,0,0,0,5.98956e+07
79.5577,85.139,5.26609,0.08,0.02,2.37899,2.68139,0,0.445708,4.47552,4.41193e+06,2.70226e+06,1.04959e+07,0,0,0,0,32.3821,61.308,2.67107,0,0.04,1.85777,1.55537,0,1.43504,2.96352,9.16889e+06,3.61194e+06,1.70337e+07,0,0,0,5.98956e+07
80.1791,85.139,3.48709,0.06,0.02,2.37961,2.68201,0,0.445823,4.47552,4.41193e+06,2.70226e+06,1.04987e+07,0,0,0,0,32.2114,61.308,2.6669,0,0.04,1.85812,1.55572,0,1.43531,2.96352,9.16889e+06,3.61194e+06,1.70369e+07,0,0,0,5.98956e+07
82.0758,85.139,5.07796,0.06,0.02,2.64188,2.94428,0,0.445938,4.47552,4.41193e+06,2.70226e+06,1.16558e+07,0,0,0,0,32.2537,61.308,3.16088,0,0.04,2.04144,1.73904,0,1.43559,2.96352,9.16889e+06,3.61194e+06,1.87178e+07,0,0,0,5.98956e+07
83.7947,85.139,4.98187,0.06,0.02,2.64255,2.94495,0,0.495088,4.47552,4.41193e+06,2.70226e+06,1.16588e+07,0,0,0,0,32.2905,61.308,3.22845,0,0.04,2.04184,1.73944,0,1.57722,2.96352,9.16889e+06,3.61194e+06,1.87214e+07,0,0,0,5.98956e+07
85.139,85.139,4.93136,0.06,0.02,2.64323,2.94563,0,0.495214,4.47552,4.41193e+06,2.70226e+06,1.16617e+07,0,0,0,0,32.1384,61.308,2.31925,0,0.04,2.04224,1.73984,0,1.57753,2.96352,9.16889e+06,3.61194e+06,1.87251e+07,0,0,0,5.98956e+07
85.139,85.139,6.56558,0.04,0.02,2.6439,2.9463,0,0.495341,4.47552,4.41193e+06,2.70226e+06,1.16647e+07,0,0,0,0,32.2954,61.308,3.72639,0,0.04,2.04264,1.74024,0,1.57784,2.96352,9.16889e+06,3.61194e+06,1.87287e+07,0,0,0,5.98956e+07
85.139,85.139,3.85074,0.04,0.02,2.27103,2.57343,0,0.495467,4.47552,4.41193e+06,2.70226e+06,1.00196e+07,0,0,0,0,31.9764,61.308,2.66537,0,0.04,1.79728,1.49488,0,1.57814,2.96352,9.16889e+06,3.61194e+06,1.6479e+07,0,0,0,5.98956e+07
84.5796,85.139,2.24452,0.04,0.02,2.27162,2.57402,0,0.425591,4.47552,4.41193e+06,2.70226e+06,1.00222e+07,0,0,0,0,31.6229,61.308,1.89353,0,0.04,1.79762,1.49522,0,1.38858,2.96352,9.16889e+06,3.61194e+06,1.64822e+07,0,0,0,5.98956e+07
85.139,85.139,6.79324,0.07,0.02,2.27221,2.57461,0,0.425702,4.47552,4.41193e+06,2.70226e+06,1.00248e+07,0,0,0,0,32.0297,61.308,4.4086,0,0.04,1.79796,1.49556,0,1.38884,2.96352,9.16889e+06,3.61194e+06,1.64853e+07,0,0,0,5.98956e+07
85.139,85.139,7.46922,0.05,0.02,2.2728,2.5752,0,0.425812,4.47552,4.41193e+06,2.70226e+06,1.00274e+07,0,0,0,0,32.7171,61.308,5.06853,0,0.04,1.7983,1.4959,0,1.38911,2.96352,9.16889e+06,3.61194e+06,1.64884e+07,0,0,0,5.98956e+07
85.139,85.139,6.17939,0.06,0.02,2.27339,2.57579,0,0.425923,4.47552,4.41193e+06,2.70226e+06,1.003e+07,0,0,0,0,32.8248,61.308,3.69967,0,0.04,1.79865,1.49625,0,1.38937,2.96352,9.16889e+06,3.61194e+06,1.64916e+07,0,0,0,5.98956e+07
85.139,85.139,4.62995,0.07,0.02,2.36812,2.67052,0,0.426033,4.47552,4.41193e+06,2.70226e+06,1.0448e+07,0,0,0,0,33.2545,61.308,5.05652,0,0.04,1.85918,1.55678,0,1.38963,2.96352,9.16889e+06,3.61194e+06,1.70466e+07,0,0,0,5.98956e+07
85.139,85.139,4.40112,0.07,0.02,2.36873,2.67113,0,0.443785,4.47552,4.41193e+06,2.70226e+06,1.04507e+07,0,0,0,0,33.6268,61.308,4.72878,0,0.04,1.85954,1.55714,0,1.4364,2.96352,9.16889e+06,3.61194e+06,1.70499e+07,0,0,0,5.98956e+07
85.139,85.139,3.57088,0.06,0.02,2.36934,2.67174,0,0.4439,4.47552,4.41193e+06,2.70226e+06,1.04534e+07,0,0,0,0,33.719,61.308,3.99446,0,0.04,1.8599,1.5575,0,1.43668,2.96352,9.16889e+06,3.61194e+06,1.70532e+07,0,0,0,5.98956e+07
85.139,85.139,3.49593,0.06,0.02,2.36995,2.67235,0,0.444014,4.47552,4.41193e+06,2.70226e+06,1.04561e+07,0,0,0,0,33.7888,61.308,3.80275,0,0.04,1.86025,1.55785,0,1.43696,2.96352,9.16889e+06,3.61194e+06,1.70564e+07,0,0,0,5.98956e+07
85.139,85.139,3.32489,0.06,0.02,2.33372,2.63612,0,0.444129,4.47552,4.41193e+06,2.70226e+06,1.02962e+07,0,0,0,0,33.7837,61.308,3.4066,0,0.04,1.83721,1.53481,0,1.43723,2.96352,9.16889e+06,3.61194e+06,1.68452e+07,0,0,0,5.98956e+07
85.139,85.139,2.96451,0.06,0.02,2.33433,2.63673,0,0.43734,4.47552,4.41193e+06,2.70226e+06,1.02989e+07,0,0,0,0,33.8492,61.308,3.64911,0,0.04,1.83756,1.53516,0,1.41943,2.96352,9.16889e+06,3.61194e+06,1.68484e+07,0,0,0,5.98956e+07
85.139,85.139,3.08404,0.06,0.02,2.33493,2.63733,0,0.437453,4.47552,4.41193e+06,2.70226e+06,1.03016e+07,0,0,0,0,33.7849,61.308,3.05356,0,0.04,1.83791,1.53551,0,1.4197,2.96352,9.16889e+06,3.61194e+06,1.68516e+07,0,0,0,5.98956e+07
85.139,85.139,3.01773,0.06,0.02,2.33554,2.63794,0,0.437566,4.47552,4.41193e+06,2.70226e+06,1.03042e+07,0,0,0,0,33.6876,61.308,3.1363,0,0.04,1.83827,1.53587,0,1.41997,2.96352,9.16889e+06,3.61194e+06,1.68548e+07,0,0,0,5.98956e+07
84.8393,85.139,2.514,0.06,0.02,2.46131,2.76371,0,0.43768,4.47552,4.41193e+06,2.70226e+06,1.08591e+07,0,0,0,0,33.5141,61.308,2.97192,0,0.04,1.92167,1.61927,0,1.42024,2.96352,9.16889e+06,3.61194e+06,1.76196e+07,0,0,0,5.98956e+07
84.3875,85.139,2.35131,0.07,0.02,2.46194,2.76434,0,0.461249,4.47552,4.41193e+06,2.70226e+06,1.08619e+07,0,0,0,0,33.2706,61.308,2.73304,0,0.04,1.92204,1.61964,0,1.48468,2.96352,9.16889e+06,3.61194e+06,1.7623e+07,0,0,0,5.98956e+07
83.8713,85.139,2.27133,0.07,0.02,2.46257,2.76497,0,0.461367,4.47552,4.41193e+06,2.70226e+06,1.08647e+07,0,0,0,0,32.9753,61.308,2.44589,0,0.04,1.92242,1.62002,0,1.48497,2.96352,9.16889e+06,3.61194e+06,1.76264e+07,0,0,0,5.98956e+07
83.1531,85.139,2.02062,0.06,0.02,2.46321,2.76561,0,0.461486,4.47552,4.41193e+06,2.70226e+06,1.08675e+07,0,0,0,0,32.6375,61.308,2.33814,0,0.04,1.92279,1.62039,0,1.48526,2.96352,9.16889e+06,3.61194e+06,1.76298e+07,0,0,0,5.98956e+07
82.6159,85.139,2.1685,0.04,0.02,2.46384,2.76624,0,0.461605,4.47552,4.41193e+06,2.70226e+06,1.08703e+07,0,0,0,0,32.2647,61.308,2.16125,0,0.04,1.92316,1.62076,0,1.48554,2.96352,9.16889e+06,3.61194e+06,1.76332e+07,0,0,0,5.98956e+07
82.6453,85.139,2.704,0.04,0.02,2.43969,2.74209,0,0.461724,4.47552,4.41193e+06,2.70226e+06,1.07637e+07,0,0,0,0,31.8607,61.308,1.8997,0,0.04,1.96923,1.66683,0,1.48583,2.96352,9.16889e+06,3.61194e+06,1.80556e+07,0,0,0,5.98956e+07
82.5102,85.139,2.54002,0.03,0.02,2.44032,2.74272,0,0.457198,4.47552,4.41193e+06,2.70226e+06,1.07665e+07,0,0,0,0,31.4353,61.308,1.79004,0,0.04,1.96961,1.66721,0,1.52143,2.96352,9.16889e+06,3.61194e+06,1.80591e+07,0,0,0,5.98956e+07
82.1569,85.139,2.31907,0.02,0.02,2.44095,2.74335,0,0.457316,4.47552,4.41193e+06,2.70226e+06,1.07693e+07,0,0,0,0,30.9019,61.308,1.76171,0,0.04,1.96999,1.66759,0,1.52172,2.96352,9.16889e+06,3.61194e+06,1.80627e+07,0,0,0,5.98956e+07
81.6024,85.139,2.10283,0.02,0.02,2.44158,2.74398,0,0.457434,4.47552,4.41193e+06,2.70226e+06,1.07721e+07,0,0,0,0,30.2293,61.308,1.58439,0,0.04,1.97038,1.66798,0,1.52202,2.96352,9.16889e+06,3.61194e+06,1.80662e+07,0,0,0,5.98956e+07
81.0769,85.139,2.15333,0.02,0.02,2.50626,2.80866,0,0.457552,4.47552,4.41193e+06,2.70226e+06,1.10574e+07,0,0,0,0,29.6705,61.308,1.41018,0,0.04,2.01153,1.70913,0,1.52231,2.96352,9.16889e+06,3.61194e+06,1.84434e+07,0,0,0,5.98956e+07
80.9085,85.139,2.53058,0.02,0.02,2.5069,2.8093,0,0.469673,4.47552,4.41193e+06,2.70226e+06,1.10603e+07,0,0,0,0,29.2156,61.308,1.78508,0,0.04,2.01192,1.70952,0,1.5541,2.96352,9.16889e+06,3.61194e+06,1.8447e+07,0,0,0,5.98956e+07
80.525,85.139,2.28993,0.02,0.02,2.50755,2.80995,0,0.469794,4.47552,4.41193e+06,2.70226e+06,1.10631e+07,0,0,0,0,28.5894,61.308,1.73704,0,0.04,2.01231,1.70991,0,1.55441,2.96352,9.16889e+06,3.61194e+06,1.84506e+07,0,0,0,5.98956e+07
79.9453,85.139,2.08502,0.02,0.02,2.50819,2.81059,0,0.469914,4.47552,4.41193e+06,2.70226e+06,1.1066e+07,0,0,0,0,27.888,61.308,1.49793,0,0.04,2.0127,1.7103,0,1.55471,2.96352,9.16889e+06,3.61194e+06,1.84542e+07,0,0,0,5.98956e+07
79.1847,85.139,2.04915,0.02,0.02,2.69658,2.99898,0,0.470035,4.47552,4.41193e+06,2.70226e+06,1.18971e+07,0,0,0,0,26.7065,61.308,1.43762,0,0.04,2.16038,1.85798,0,1.55501,2.96352,9.16889e+06,3.61194e+06,1.98082e+07,0,0,0,5.98956e+07
78.2812,85.139,1.88382,0.04,0.02,2.69727,2.99967,0,0.50534,4.47552,4.41193e+06,2.70226e+06,1.19002e+07,0,0,0,0,25.4253,61.308,0.887707,0,0.04,2.1608,1.8584,0,1.66911,2.96352,9.16889e+06,3.61194e+06,1.98121e+07,0,0,0,5.98956e+07
77.1607,85.139,1.68072,0.04,0.02,2.69796,3.00036,0,0.505469,4.47552,4.41193e+06,2.70226e+06,1.19032e+07,0,0,0,0,24.1737,61.308,0.850449,0,0.04,2.16123,1.85883,0,1.66943,2.96352,9.16889e+06,3.61194e+06,1.9816e+07,0,0,0,5.98956e+07
76.0809,85.139,1.70271,0.04,0.02,2.69865,3.00105,0,0.505597,4.47552,4.41193e+06,2.70226e+06,1.19062e+07,0,0,0,0,23.1304,61.308,0.920116,0,0.04,2.16165,1.85925,0,1.66976,2.96352,9.16889e+06,3.61194e+06,1.98199e+07,0,0,0,5.98956e+07
75.1941,85.139,1.89661,0.05,0.02,2.69933,3.00173,0,0.505726,4.47552,4.41193e+06,2.70226e+06,1.19093e+07,0,0,0,0,22.4644,61.308,1.11098,0,0.04,2.16208,1.85968,0,1.67009,2.96352,9.16889e+06,3.61194e+06,1.98238e+07,0,0,0,5.98956e+07
74.7856,85.139,2.30859,0.05,0.02,2.60841,2.91081,0,0.505855,4.47552,4.41193e+06,2.70226e+06,1.15081e+07,0,0,0,0,21.6318,61.308,1.71445,0,0.04,2.07301,1.77061,0,1.67042,2.96352,9.16889e+06,3.61194e+06,1.90072e+07,0,0,0,5.98956e+07
74.1191,85.139,2.05069,0.05,0.02,2.60908,2.91148,0,0.488817,4.47552,4.41193e+06,2.70226e+06,1.15111e+07,0,0,0,0,20.4893,61.308,1.05039,0,0.04,2.07341,1.77101,0,1.6016,2.96352,9.16889e+06,3.61194e+06,1.90109e+07,0,0,0,5.98956e+07
73.1176,85.139,1.70418,0.05,0.02,2.60975,2.91215,0,0.488942,4.47552,4.41193e+06,2.70226e+06,1.1514e+07,0,0,0,0,19.4744,61.308,0.931379,0,0.04,2.07382,1.77142,0,1.60192,2.96352,9.16889e+06,3.61194e+06,1.90146e+07,0,0,0,5.98956e+07
73.4187,85.139,3.15932,0.09,0.02,2.61041,2.91281,0,0.489067,4.47552,4.41193e+06,2.70226e+06,1.1517e+07,0,0,0,0,18.8418,61.308,1.24939,0,0.04,2.07422,1.77182,0,1.60223,2.96352,9.16889e+06,3.61194e+06,1.90183e+07,0,0,0,5.98956e+07
73.6717,85.139,3.08048,0.09,0.02,2.53582,2.83822,0,0.489192,4.47552,4.41193e+06,2.70226e+06,1.11878e+07,0,0,0,0,18.6786,61.308,1.6213,0,0.04,1.99309,1.69069,0,1.60254,2.96352,9.16889e+06,3.61194e+06,1.82744e+07,0,0,0,5.98956e+07
73.5132,85.139,2.59116,0.09,0.02,2.53647,2.83887,0,0.475212,4.47552,4.41193e+06,2.70226e+06,1.11907e+07,0,0,0,0,18.682,61.308,2.66802,0,0.04,1.99348,1.69108,0,1.53986,2.96352,9.16889e+06,3.61194e+06,1.8278e+07,0,0,0,5.98956e+07
72.6507,85.139,1.89195,0.09,0.02,2.53712,2.83952,0,0.475334,4.47552,4.41193e+06,2.70226e+06,1.11936e+07,0,0,0,0,18.4529,61.308,1.8314,0,0.04,1.99386,1.69146,0,1.54016,2.96352,9.16889e+06,3.61194e+06,1.82815e+07,0,0,0,5.98956e+07
75.6012,85.139,6.02752,0.09,0.02,2.53777,2.84017,0,0.475456,4.47552,4.41193e+06,2.70226e+06,1.11965e+07,0,0,0,0,18.4725,61.308,2.97988,0,0.04,1.99425,1.69185,0,1.54046,2.96352,9.16889e+06,3.61194e+06,1.82851e+07,0,0,0,5.98956e+07
76.5564,85.139,3.68664,0.05,0.02,2.32447,2.62687,0,0.475578,4.47552,4.41193e+06,2.70226e+06,1.02554e+07,0,0,0,0,18.1044,61.308,1.71624,0,0.04,1.82466,1.52226,0,1.54076,2.96352,9.16889e+06,3.61194e+06,1.67301e+07,0,0,0,5.98956e+07
78.25,85.139,4.45767,0.06,0.02,2.32507,2.62747,0,0.435606,4.47552,4.41193e+06,2.70226e+06,1.02581e+07,0,0,0,0,17.4848,61.308,1.9506,0,0.04,1.82501,1.52261,0,1.40973,2.96352,9.16889e+06,3.61194e+06,1.67333e+07,0,0,0,5.98956e+07
83.694,85.139,8.25352,0.07,0.02,2.32568,2.62808,0,0.435719,4.47552,4.41193e+06,2.70226e+06,1.02607e+07,0,0,0,0,16.7654,61.308,1.26518,0,0.04,1.82536,1.52296,0,1.41,2.96352,9.16889e+06,3.61194e+06,1.67365e+07,0,0,0,5.98956e+07
85.139,85.139,6.87922,0.04,0.02,2.32628,2.62868,0,0.435832,4.47552,4.41193e+06,2.70226e+06,1.02634e+07,0,0,0,0,16.4358,61.308,1.73342,0,0.04,1.8257,1.5233,0,1.41027,2.96352,9.16889e+06,3.61194e+06,1.67397e+07,0,0,0,5.98956e+07
85.139,85.139,8.67476,0.03,0.02,2.32688,2.62928,0,0.435945,4.47552,4.41193e+06,2.70226e+06,1.0266e+07,0,0,0,0,17.064,61.308,4.50164,0,0.04,1.82605,1.52365,0,1.41054,2.96352,9.16889e+06,3.61194e+06,1.67429e+07,0,0,0,5.98956e+07
85.139,85.139,4.86159,0.03,0.02,2.40986,2.71226,0,0.436057,4.47552,4.41193e+06,2.70226e+06,1.06321e+07,0,0,0,0,16.5522,61.308,2.19811,0,0.04,1.87567,1.57327,0,1.41081,2.96352,9.16889e+06,3.61194e+06,1.71978e+07,0,0,0,5.98956e+07
85.139,85.139,3.74672,0.04,0.02,2.41045,2.71285,0,0.451607,4.47552,4.41193e+06,2.70226e+06,1.06347e+07,0,0,0,0,15.7617,61.308,1.73875,0,0.04,1.87602,1.57362,0,1.44914,2.96352,9.16889e+06,3.61194e+06,1.7201e+07,0,0,0,5.98956e+07
85.139,85.139,3.36454,0.05,0.02,2.41105,2.71345,0,0.451719,4.47552,4.41193e+06,2.70226e+06,1.06374e+07,0,0,0,0,15.1513,61.308,1.51092,0,0.04,1.87636,1.57396,0,1.44941,2.96352,9.16889e+06,3.61194e+06,1.72042e+07,0,0,0,5.98956e+07
85.139,85.139,3.13152,0.05,0.02,2.41165,2.71405,0,0.45183,4.47552,4.41193e+06,2.70226e+06,1.064e+07,0,0,0,0,14.8539,61.308,1.83069,0,0.04,1.87671,1.57431,0,1.44968,2.96352,9.16889e+06,3.61194e+06,1.72073e+07,0,0,0,5.98956e+07
85.139,85.139,5.79628,0.05,0.02,2.67702,2.97942,0,0.451942,4.47552,4.41193e+06,2.70226e+06,1.18108e+07,0,0,0,0,14.5959,61.308,2.89588,0,0.04,2.0622,1.7598,0,1.44995,2.96352,9.16889e+06,3.61194e+06,1.89081e+07,0,0,0,5.98956e+07
85.139,85.139,6.74145,0.05,0.02,2.67768,2.98008,0,0.501674,4.47552,4.41193e+06,2.70226e+06,1.18137e+07,0,0,0,0,14.2418,61.308,3.32627,0,0.04,2.06259,1.76019,0,1.59326,2.96352,9.16889e+06,3.61194e+06,1.89116e+07,0,0,0,5.98956e+07
85.139,85.139,6.15133,0.05,0.02,2.67833,2.98073,0,0.501797,4.47552,4.41193e+06,2.70226e+06,1.18166e+07,0,0,0,0,14.0475,61.308,3.63075,0,0.04,2.06298,1.76058,0,1.59356,2.96352,9.16889e+06,3.61194e+06,1.89152e+07,0,0,0,5.98956e+07
85.139,85.139,5.40018,0.04,0.02,2.67899,2.98139,0,0.501919,4.47552,4.41193e+06,2.70226e+06,1.18195e+07,0,0,0,0,13.8099,61.308,3.80827,0,0.04,2.06336,1.76096,0,1.59385,2.96352,9.16889e+06,3.61194e+06,1.89187e+07,0,0,0,5.98956e+07
85.139,85.139,5.08051,0.04,0.02,2.30165,2.60405,0,0.502042,4.47552,4.41193e+06,2.70226e+06,1.01547e+07,0,0,0,0,13.65,61.308,4.29322,0,0.04,1.81506,1.51266,0,1.59415,2.96352,9.16889e+06,3.61194e+06,1.66421e+07,0,0,0,5.98956e+07
85.139,85.139,7.16741,0.04,0.02,2.30222,2.60462,0,0.431329,4.47552,4.41193e+06,2.70226e+06,1.01572e+07,0,0,0,0,13.6635,61.308,5.81243,0,0.04,1.8154,1.513,0,1.40232,2.96352,9.16889e+06,3.61194e+06,1.66452e+07,0,0,0,5.98956e+07
85.139,85.139,5.50464,0.05,0.02,2.3028,2.6052,0,0.431437,4.47552,4.41193e+06,2.70226e+06,1.01598e+07,0,0,0,0,13.501,61.308,4.4894,0,0.04,1.81573,1.51333,0,1.40257,2.96352,9.16889e+06,3.61194e+06,1.66482e+07,0,0,0,5.98956e+07
85.139,85.139,6.66905,0.06,0.02,2.30337,2.60577,0,0.431544,4.47552,4.41193e+06,2.70226e+06,1.01623e+07,0,0,0,0,13.3961,61.308,5.06528,0,0.04,1.81606,1.51366,0,1.40283,2.96352,9.16889e+06,3.61194e+06,1.66513e+07,0,0,0,5.98956e+07
85.139,85.139,5.63011,0.07,0.02,2.30394,2.60634,0,0.431651,4.47552,4.41193e+06,2.70226e+06,1.01648e+07,0,0,0,0,13.2846,61.308,5.55468,0,0.04,1.81639,1.51399,0,1.40309,2.96352,9.16889e+06,3.61194e+06,1.66543e+07,0,0,0,5.98956e+07
85.139,85.139,5.30959,0.07,0.02,2.39976,2.70216,0,0.431758,4.47552,4.41193e+06,2.70226e+06,1.05876e+07,0,0,0,0,12.8513,61.308,2.87664,0,0.04,1.87763,1.57523,0,1.40335,2.96352,9.16889e+06,3.61194e+06,1.72158e+07,0,0,0,5.98956e+07
85.139,85.139,5.80891,0.08,0.02,2.40036,2.70276,0,0.449716,4.47552,4.41193e+06,2.70226e+06,1.05902e+07,0,0,0,0,12.7173,61.308,3.83363,0,0.04,1.87798,1.57558,0,1.45066,2.96352,9.16889e+06,3.61194e+06,1.7219e+07,0,0,0,5.98956e+07
85.139,85.139,5.46759,0.08,0.02,2.40095,2.70335,0,0.449827,4.47552,4.41193e+06,2.70226e+06,1.05928e+07,0,0,0,0,12.6895,61.308,4.00583,0,0.04,1.87832,1.57592,0,1.45093,2.96352,9.16889e+06,3.61194e+06,1.72221e+07,0,0,0,5.98956e+07
85.139,85.139,4.05469,0.07,0.02,2.40155,2.70395,0,0.449939,4.47552,4.41193e+06,2.70226e+06,1.05955e+07,0,0,0,0,12.4781,61.308,4.1431,0,0.04,1.87867,1.57627,0,1.45119,2.96352,9.16889e+06,3.61194e+06,1.72253e+07,0,0,0,5.98956e+07
85.139,85.139,4.36268,0.07,0.02,2.36487,2.66727,0,0.45005,4.47552,4.41193e+06,2.70226e+06,1.04336e+07,0,0,0,0,12.1666,61.308,3.32185,0,0.04,1.85534,1.55294,0,1.45146,2.96352,9.16889e+06,3.61194e+06,1.70114e+07,0,0,0,5.98956e+07
85.139,85.139,3.97789,0.06,0.02,2.36545,2.66785,0,0.443176,4.47552,4.41193e+06,2.70226e+06,1.04362e+07,0,0,0,0,11.8394,61.308,2.77629,0,0.04,1.85568,1.55328,0,1.43344,2.96352,9.16889e+06,3.61194e+06,1.70145e+07,0,0,0,5.98956e+07
85.139,85.139,3.53914,0.06,0.02,2.36604,2.66844,0,0.443286,4.47552,4.41193e+06,2.70226e+06,1.04388e+07,0,0,0,0,11.4599,61.308,2.42791,0,0.04,1.85602,1.55362,0,1.4337,2.96352,9.16889e+06,3.61194e+06,1.70177e+07,0,0,0,5.98956e+07
85.139,85.139,3.26385,0.06,0.02,2.36663,2.66903,0,0.443396,4.47552,4.41193e+06,2.70226e+06,1.04414e+07,0,0,0,0,11.0596,61.308,2.27074,0,0.04,1.85637,1.55397,0,1.43396,2.96352,9.16889e+06,3.61194e+06,1.70208e+07,0,0,0,5.98956e+07
85.1148,85.139,2.8502,0.06,0.02,2.49385,2.79625,0,0.443506,4.47552,4.41193e+06,2.70226e+06,1.10027e+07,0,0,0,0,10.6316,61.308,2.02932,0,0.04,1.94074,1.63834,0,1.43423,2.96352,9.16889e+06,3.61194e+06,1.77944e+07,0,0,0,5.98956e+07
84.9327,85.139,2.65101,0.08,0.02,2.49446,2.79686,0,0.467348,4.47552,4.41193e+06,2.70226e+06,1.10054e+07,0,0,0,0,10.1688,61.308,1.77132,0,0.04,1.9411,1.6387,0,1.49942,2.96352,9.16889e+06,3.61194e+06,1.77977e+07,0,0,0,5.98956e+07
84.5043,85.139,2.32996,0.07,0.02,2.49508,2.79748,0,0.467463,4.47552,4.41193e+06,2.70226e+06,1.10081e+07,0,0,0,0,9.65898,61.308,1.72272,0,0.04,1.94146,1.63906,0,1.49969,2.96352,9.16889e+06,3.61194e+06,1.7801e+07,0,0,0,5.98956e+07
84.0131,85.139,2.25934,0.07,0.02,2.49569,2.79809,0,0.467578,4.47552,4.41193e+06,2.70226e+06,1.10108e+07,0,0,0,0,9.1676,61.308,1.72368,0,0.04,1.94182,1.63942,0,1.49997,2.96352,9.16889e+06,3.61194e+06,1.78043e+07,0,0,0,5.98956e+07
83.411,85.139,2.13477,0.05,0.02,2.49631,2.79871,0,0.467693,4.47552,4.41193e+06,2.70226e+06,1.10135e+07,0,0,0,0,8.6585,61.308,1.66178,0,0.04,1.94218,1.63978,0,1.50025,2.96352,9.16889e+06,3.61194e+06,1.78076e+07,0,0,0,5.98956e+07
82.7219,85.139,1.99875,0.04,0.02,2.47185,2.77425,0,0.467808,4.47552,4.41193e+06,2.70226e+06,1.09056e+07,0,0,0,0,8.17313,61.308,1.63622,0,0.04,1.98878,1.68638,0,1.50053,2.96352,9.16889e+06,3.61194e+06,1.82349e+07,0,0,0,5.98956e+07
81.895,85.139,1.85697,0.03,0.02,2.47246,2.77486,0,0.463225,4.47552,4.41193e+06,2.70226e+06,1.09083e+07,0,0,0,0,7.55332,61.308,1.60328,0,0.04,1.98915,1.68675,0,1.53653,2.96352,9.16889e+06,3.61194e+06,1.82383e+07,0,0,0,5.98956e+07
80.9132,85.139,1.69409,0.03,0.02,2.47307,2.77547,0,0.463339,4.47552,4.41193e+06,2.70226e+06,1.0911e+07,0,0,0,0,6.86973,61.308,1.45936,0,0.04,1.98952,1.68712,0,1.53682,2.96352,9.16889e+06,3.61194e+06,1.82417e+07,0,0,0,5.98956e+07
79.8134,85.139,1.54686,0.02,0.02,2.47368,2.77608,0,0.463454,4.47552,4.41193e+06,2.70226e+06,1.09137e+07,0,0,0,0,6.03133,61.308,1.39735,0,0.04,1.98989,1.68749,0,1.5371,2.96352,9.16889e+06,3.61194e+06,1.82451e+07,0,0,0,5.98956e+07
78.5857,85.139,1.43924,0.02,0.02,2.53909,2.84149,0,0.463568,4.47552,4.41193e+06,2.70226e+06,1.12023e+07,0,0,0,0,5.26552,61.308,1.24261,0,0.04,2.03151,1.72911,0,1.53739,2.96352,9.16889e+06,3.61194e+06,1.86266e+07,0,0,0,5.98956e+07
77.4031,85.139,1.51774,0.04,0.02,2.53972,2.84212,0,0.475826,4.47552,4.41193e+06,2.70226e+06,1.12051e+07,0,0,0,0,4.52876,61.308,1.36897,0,0.04,2.03189,1.72949,0,1.56954,2.96352,9.16889e+06,3.61194e+06,1.86301e+07,0,0,0,5.98956e+07
76.134,85.139,1.39612,0.04,0.02,2.54034,2.84274,0,0.475943,4.47552,4.41193e+06,2.70226e+06,1.12078e+07,0,0,0,0,3.59359,61.308,1.3248,0,0.04,2.03227,1.72987,0,1.56984,2.96352,9.16889e+06,3.61194e+06,1.86336e+07,0,0,0,5.98956e+07
74.7557,85.139,1.27099,0.04,0.02,2.54097,2.84337,0,0.47606,4.47552,4.41193e+06,2.70226e+06,1.12106e+07,0,0,0,0,2.91522,61.308,1.13968,0,0.04,2.03265,1.73025,0,1.57013,2.96352,9.16889e+06,3.61194e+06,1.86371e+07,0,0,0,5.98956e+07
73.2664,85.139,1.29817,0.04,0.02,2.73153,3.03393,0,0.476177,4.47552,4.41193e+06,2.70226e+06,1.20513e+07,0,0,0,0,2.02167,61.308,1.44223,0,0.04,2.18203,1.87963,0,1.57042,2.96352,9.16889e+06,3.61194e+06,2.00067e+07,0,0,0,5.98956e+07
71.4316,85.139,0.932284,0.07,0.02,2.7322,3.0346,0,0.511889,4.47552,4.41193e+06,2.70226e+06,1.20543e+07,0,0,0,0,1.04826,61.308,1.13961,0,0.04,2.02167,1.88004,0.160771,1.68583,2.96352,9.16889e+06,3.61194e+06,1.85364e+07,0,0,0,5.98956e+07
69.5638,85.139,0.877819,0.08,0.02,2.73286,3.03526,0,0.512014,4.47552,4.41193e+06,2.70226e+06,1.20572e+07,0,0,0,0,0.826022,61.308,1.06486,0,0.04,1.04826,1.88045,1.13459,1.56194,2.96352,9.16889e+06,3.61194e+06,9.61141e+06,0,0,0,5.98956e+07
68.0156,85.139,1.18903,0.08,0.02,2.73353,3.03593,0,0.512139,4.47552,4.41193e+06,2.70226e+06,1.20601e+07,0,0,0,0,0.972023,61.308,1.2034,0,0.04,0.826022,1.88087,1.35724,0.809888,2.96352,9.16889e+06,3.61194e+06,7.5737e+06,0,0,0,5.98956e+07
66.9603,85.139,1.7483,0.12,0.02,2.7342,3.0366,0,0.512264,4.47552,4.41193e+06,2.70226e+06,1.20631e+07,0,0,0,0,1.1522,61.308,1.39607,0,0.04,0.972023,1.88128,1.21166,0.638185,2.96352,9.16889e+06,3.61194e+06,8.91237e+06,0,0,0,5.98956e+07
65.2323,85.139,0.913108,0.11,0.02,2.6422,2.9446,0,0.512389,4.47552,4.41193e+06,2.70226e+06,1.16572e+07,0,0,0,0,1.01064,61.308,2.32932,0,0.04,1.1522,1.79116,0.941351,0.750985,2.96352,9.16889e+06,3.61194e+06,1.05644e+07,0,0,0,5.98956e+07
63.3739,85.139,0.765722,0.11,0.02,2.64284,2.94524,0,0.495147,4.47552,4.41193e+06,2.70226e+06,1.166e+07,0,0,0,0,0.981707,61.308,1.21282,0,0.04,1.01064,1.79155,1.08331,0.890193,2.96352,9.16889e+06,3.61194e+06,9.26643e+06,0,0,0,5.98956e+07
61.7923,85.139,1.085,0.12,0.02,2.64349,2.94589,0,0.495269,4.47552,4.41193e+06,2.70226e+06,1.16629e+07,0,0,0,0,1.13318,61.308,1.38577,0,0.04,0.981707,1.79194,1.11264,0.78082,2.96352,9.16889e+06,3.61194e+06,9.00116e+06,0,0,0,5.98956e+07
61.6268,85.139,2.691,0.13,0.02,2.64414,2.94654,0,0.49539,4.47552,4.41193e+06,2.70226e+06,1.16657e+07,0,0,0,0,1.40218,61.308,2.3124,0,0.04,1.13318,1.79234,0.96156,0.758467,2.96352,9.16889e+06,3.61194e+06,1.039e+07,0,0,0,5.98956e+07
60.5972,85.139,1.64565,0.13,0.02,2.56865,2.87105,0,0.495511,4.47552,4.41193e+06,2.70226e+06,1.13327e+07,0,0,0,0,1.299,61.308,1.7705,0,0.04,1.40218,1.71025,0.610464,0.875492,2.96352,9.16889e+06,3.61194e+06,1.28565e+07,0,0,0,5.98956e+07
59.5202,85.139,1.5408,0.13,0.02,2.56928,2.87168,0,0.481365,4.47552,4.41193e+06,2.70226e+06,1.13355e+07,0,0,0,0,1.60561,61.308,2.86236,0,0.04,1.299,1.71062,0.714025,1.08333,2.96352,9.16889e+06,3.61194e+06,1.19104e+07,0,0,0,5.98956e+07
58.0302,85.139,1.12512,0.13,0.02,2.56991,2.87231,0,0.481483,4.47552,4.41193e+06,2.70226e+06,1.13383e+07,0,0,0,0,1.37465,61.308,1.97388,0,0.04,1.60561,1.711,0.407792,1.0036,2.96352,9.16889e+06,3.61194e+06,1.47216e+07,0,0,0,5.98956e+07
58.8069,85.139,3.5846,0.13,0.02,2.57054,2.87294,0,0.481602,4.47552,4.41193e+06,2.70226e+06,1.13411e+07,0,0,0,0,1.59691,61.308,3.24001,0,0.04,1.37465,1.71137,0.639127,1.24049,2.96352,9.16889e+06,3.61194e+06,1.2604e+07,0,0,0,5.98956e+07
58.7797,85.139,2.54091,0.14,0.02,2.35476,2.65716,0,0.48172,4.47552,4.41193e+06,2.70226e+06,1.0389e+07,0,0,0,0,1.31388,61.308,2.47534,0,0.04,1.59691,1.53981,0.245301,1.06205,2.96352,9.16889e+06,3.61194e+06,1.46419e+07,0,0,0,5.98956e+07
61.0546,85.139,5.04654,0.14,0.02,2.35534,2.65774,0,0.441282,4.47552,4.41193e+06,2.70226e+06,1.03916e+07,0,0,0,0,2.18583,61.308,5.15216,0,0.04,1.31388,1.54015,0.528668,1.23377,2.96352,9.16889e+06,3.61194e+06,1.20468e+07,0,0,0,5.98956e+07
64.226,85.139,5.86559,0.14,0.02,2.35593,2.65833,0,0.441392,4.47552,4.41193e+06,2.70226e+06,1.03942e+07,0,0,0,0,2.93205,61.308,6.40965,0,0.04,1.84289,1.54049,0,1.0151,2.96352,9.16889e+06,3.61194e+06,1.68972e+07,0,0,0,5.98956e+07
65.2903,85.139,3.83929,0.13,0.02,2.35651,2.65891,0,0.441501,4.47552,4.41193e+06,2.70226e+06,1.03968e+07,0,0,0,0,2.68975,61.308,3.19708,0,0.04,1.84323,1.54083,0,1.42381,2.96352,9.16889e+06,3.61194e+06,1.69003e+07,0,0,0,5.98956e+07
66.4396,85.139,4.03814,0.13,0.02,2.3571,2.6595,0,0.44161,4.47552,4.41193e+06,2.70226e+06,1.03993e+07,0,0,0,0,2.41874,61.308,3.31795,0,0.04,1.84356,1.54116,0,1.42408,2.96352,9.16889e+06,3.61194e+06,1.69034e+07,0,0,0,5.98956e+07
68.4734,85.139,4.93563,0.13,0.02,2.441,2.7434,0,0.44172,4.47552,4.41193e+06,2.70226e+06,1.07695e+07,0,0,0,0,2.47849,61.308,2.56775,0,0.04,1.89374,1.59134,0,1.42434,2.96352,9.16889e+06,3.61194e+06,1.73635e+07,0,0,0,5.98956e+07
71.8566,85.139,6.26933,0.11,0.02,2.44158,2.74398,0,0.457443,4.47552,4.41193e+06,2.70226e+06,1.07721e+07,0,0,0,0,2.94301,61.308,5.13689,0,0.04,1.89407,1.59167,0,1.4631,2.96352,9.16889e+06,3.61194e+06,1.73665e+07,0,0,0,5.98956e+07
77.5584,85.139,8.74177,0.11,0.02,2.44216,2.74456,0,0.457552,4.47552,4.41193e+06,2.70226e+06,1.07746e+07,0,0,0,0,3.5731,61.308,5.75425,0,0.04,1.89441,1.59201,0,1.46336,2.96352,9.16889e+06,3.61194e+06,1.73696e+07,0,0,0,5.98956e+07
81.0681,85.139,6.55468,0.1,0.02,2.44273,2.74513,0,0.45766,4.47552,4.41193e+06,2.70226e+06,1.07772e+07,0,0,0,0,3.88172,61.308,5.44831,0,0.04,1.89474,1.59234,0,1.46362,2.96352,9.16889e+06,3.61194e+06,1.73727e+07,0,0,0,5.98956e+07
83.1396,85.139,5.39815,0.07,0.02,2.71112,3.01352,0,0.457769,4.47552,4.41193e+06,2.70226e+06,1.19613e+07,0,0,0,0,4.2932,61.308,4.22065,0,0.04,2.08234,1.77994,0,1.46388,2.96352,9.16889e+06,3.61194e+06,1.90928e+07,0,0,0,5.98956e+07
85.139,85.139,5.65451,0.07,0.02,2.71176,3.01416,0,0.508065,4.47552,4.41193e+06,2.70226e+06,1.19641e+07,0,0,0,0,4.5324,61.308,4.26154,0,0.04,2.08272,1.78032,0,1.60882,2.96352,9.16889e+06,3.61194e+06,1.90962e+07,0,0,0,5.98956e+07
85.139,85.139,5.75387,0.05,0.02,2.71239,3.01479,0,0.508184,4.47552,4.41193e+06,2.70226e+06,1.19669e+07,0,0,0,0,4.72116,61.308,3.94123,0,0.04,2.08309,1.78069,0,1.60911,2.96352,9.16889e+06,3.61194e+06,1.90996e+07,0,0,0,5.98956e+07
85.139,85.139,5.01581,0.05,0.02,2.71303,3.01543,0,0.508303,4.47552,4.41193e+06,2.70226e+06,1.19697e+07,0,0,0,0,4.9715,61.308,4.07954,0,0.04,2.08347,1.78107,0,1.6094,2.96352,9.16889e+06,3.61194e+06,1.91031e+07,0,0,0,5.98956e+07
85.139,85.139,5.29749,0.04,0.02,2.33136,2.63376,0,0.508421,4.47552,4.41193e+06,2.70226e+06,1.02858e+07,0,0,0,0,5.26408,61.308,4.25188,0,0.04,1.83232,1.52992,0,1.60969,2.96352,9.16889e+06,3.61194e+06,1.68003e+07,0,0,0,5.98956e+07
85.139,85.139,4.70145,0.06,0.02,2.33191,2.63431,0,0.436897,4.47552,4.41193e+06,2.70226e+06,1.02882e+07,0,0,0,0,5.65809,61.308,5.13492,0,0.04,1.83264,1.53024,0,1.41565,2.96352,9.16889e+06,3.61194e+06,1.68033e+07,0,0,0,5.98956e+07
85.139,85.139,5.0355,0.06,0.02,2.33247,2.63487,0,0.437001,4.47552,4.41193e+06,2.70226e+06,1.02907e+07,0,0,0,0,6.0981,61.308,4.64604,0,0.04,1.83296,1.53056,0,1.4159,2.96352,9.16889e+06,3.61194e+06,1.68062e+07,0,0,0,5.98956e+07
85.139,85.139,4.46629,0.07,0.02,2.33302,2.63542,0,0.437104,4.47552,4.41193e+06,2.70226e+06,1.02931e+07,0,0,0,0,6.44169,61.308,4.48575,0,0.04,1.83329,1.53089,0,1.41615,2.96352,9.16889e+06,3.61194e+06,1.68092e+07,0,0,0,5.98956e+07
85.139,85.139,5.3986,0.08,0.02,2.33358,2.63598,0,0.437208,4.47552,4.41193e+06,2.70226e+06,1.02956e+07,0,0,0,0,6.76099,61.308,4.14524,0,0.04,1.83361,1.53121,0,1.4164,2.96352,9.16889e+06,3.61194e+06,1.68122e+07,0,0,0,5.98956e+07
85.139,85.139,6.32264,0.09,0.02,2.43047,2.73287,0,0.437313,4.47552,4.41193e+06,2.70226e+06,1.0723e+07,0,0,0,0,7.44098,61.308,5.64587,0,0.04,1.89553,1.59313,0,1.41665,2.96352,9.16889e+06,3.61194e+06,1.73799e+07,0,0,0,5.98956e+07
85.139,85.139,5.66304,0.09,0.02,2.43104,2.73344,0,0.455469,4.47552,4.41193e+06,2.70226e+06,1.07256e+07,0,0,0,0,7.69531,61.308,4.44483,0,0.04,1.89586,1.59346,0,1.46449,2.96352,9.16889e+06,3.61194e+06,1.7383e+07,0,0,0,5.98956e+07
85.139,85.139,4.84622,0.09,0.02,2.43162,2.73402,0,0.455577,4.47552,4.41193e+06,2.70226e+06,1.07281e+07,0,0,0,0,7.7245,61.308,3.69972,0,0.04,1.8962,1.5938,0,1.46475,2.96352,9.16889e+06,3.61194e+06,1.7386e+07,0,0,0,5.98956e+07
85.139,85.139,4.36796,0.08,0.02,2.43219,2.73459,0,0.455685,4.47552,4.41193e+06,2.70226e+06,1.07307e+07,0,0,0,0,7.8389,61.308,4.11471,0,0.04,1.89654,1.59414,0,1.465,2.96352,9.16889e+06,3.61194e+06,1.73891e+07,0,0,0,5.98956e+07
85.139,85.139,4.15585,0.07,0.02,2.39507,2.69747,0,0.455793,4.47552,4.41193e+06,2.70226e+06,1.05669e+07,0,0,0,0,7.95248,61.308,3.51282,0,0.04,1.87293,1.57053,0,1.46526,2.96352,9.16889e+06,3.61194e+06,1.71727e+07,0,0,0,5.98956e+07
85.139,85.139,4.09683,0.08,0.02,2.39564,2.69804,0,0.448837,4.47552,4.41193e+06,2.70226e+06,1.05694e+07,0,0,0,0,8.10258,61.308,3.4578,0,0.04,1.87326,1.57086,0,1.44702,2.96352,9.16889e+06,3.61194e+06,1.71757e+07,0,0,0,5.98956e+07
85.139,85.139,3.76465,0.07,0.02,2.39621,2.69861,0,0.448943,4.47552,4.41193e+06,2.70226e+06,1.05719e+07,0,0,0,0,8.24433,61.308,3.48799,0,0.04,1.87359,1.57119,0,1.44728,2.96352,9.16889e+06,3.61194e+06,1.71787e+07,0,0,0,5.98956e+07
85.139,85.139,3.63646,0.07,0.02,2.39678,2.69918,0,0.449049,4.47552,4.41193e+06,2.70226e+06,1.05744e+07,0,0,0,0,8.64791,61.308,4.28389,0,0.04,1.87392,1.57152,0,1.44754,2.96352,9.16889e+06,3.61194e+06,1.71818e+07,0,0,0,5.98956e+07
85.139,85.139,3.29267,0.06,0.02,2.52541,2.82781,0,0.449156,4.47552,4.41193e+06,2.70226e+06,1.11419e+07,0,0,0,0,8.78707,61.308,3.35529,0,0.04,1.95923,1.65683,0,1.44779,2.96352,9.16889e+06,3.61194e+06,1.7964e+07,0,0,0,5.98956e+07
85.139,85.139,2.92899,0.06,0.02,2.52601,2.82841,0,0.473262,4.47552,4.41193e+06,2.70226e+06,1.11446e+07,0,0,0,0,8.74951,61.308,3.11838,0,0.04,1.95958,1.65718,0,1.5137,2.96352,9.16889e+06,3.61194e+06,1.79672e+07,0,0,0,5.98956e+07
85.0123,85.139,2.74933,0.05,0.02,2.5266,2.829,0,0.473374,4.47552,4.41193e+06,2.70226e+06,1.11472e+07,0,0,0,0,8.74122,61.308,3.15548,0,0.04,1.95993,1.65753,0,1.51397,2.96352,9.16889e+06,3.61194e+06,1.79704e+07,0,0,0,5.98956e+07
84.7855,85.139,2.63863,0.07,0.02,2.5272,2.8296,0,0.473486,4.47552,4.41193e+06,2.70226e+06,1.11498e+07,0,0,0,0,8.74763,61.308,3.05212,0,0.04,1.96028,1.65788,0,1.51424,2.96352,9.16889e+06,3.61194e+06,1.79736e+07,0,0,0,5.98956e+07
84.4041,85.139,2.4724,0.06,0.02,2.5278,2.8302,0,0.473597,4.47552,4.41193e+06,2.70226e+06,1.11525e+07,0,0,0,0,8.69862,61.308,2.84325,0,0.04,1.96063,1.65823,0,1.51451,2.96352,9.16889e+06,3.61194e+06,1.79768e+07,0,0,0,5.98956e+07
84.1033,85.139,2.43614,0.04,0.02,2.50304,2.80544,0,0.473709,4.47552,4.41193e+06,2.70226e+06,1.10432e+07,0,0,0,0,8.40928,61.308,2.12569,0,0.04,2.00774,1.70534,0,1.51478,2.96352,9.16889e+06,3.61194e+06,1.84087e+07,0,0,0,5.98956e+07
83.5857,85.139,2.21618,0.04,0.02,2.50363,2.80603,0,0.469069,4.47552,4.41193e+06,2.70226e+06,1.10458e+07,0,0,0,0,8.09862,61.308,2.02263,0,0.04,2.0081,1.7057,0,1.55118,2.96352,9.16889e+06,3.61194e+06,1.8412e+07,0,0,0,5.98956e+07
82.8877,85.139,2.01423,0.03,0.02,2.50422,2.80662,0,0.46918,4.47552,4.41193e+06,2.70226e+06,1.10484e+07,0,0,0,0,7.75693,61.308,1.84891,0,0.04,2.00845,1.70605,0,1.55145,2.96352,9.16889e+06,3.61194e+06,1.84153e+07,0,0,0,5.98956e+07
82.1245,85.139,1.90728,0.02,0.02,2.50481,2.80721,0,0.469291,4.47552,4.41193e+06,2.70226e+06,1.1051e+07,0,0,0,0,7.3515,61.308,1.8399,0,0.04,2.00881,1.70641,0,1.55173,2.96352,9.16889e+06,3.61194e+06,1.84186e+07,0,0,0,5.98956e+07
81.2827,85.139,1.8831,0.02,0.02,2.57093,2.87333,0,0.469401,4.47552,4.41193e+06,2.70226e+06,1.13428e+07,0,0,0,0,6.9716,61.308,1.91462,0,0.04,2.05088,1.74848,0,1.55201,2.96352,9.16889e+06,3.61194e+06,1.88043e+07,0,0,0,5.98956e+07
80.3735,85.139,1.80553,0.03,0.02,2.57153,2.87393,0,0.481792,4.47552,4.41193e+06,2.70226e+06,1.13454e+07,0,0,0,0,6.52044,61.308,1.84539,0,0.04,2.05125,1.74885,0,1.58451,2.96352,9.16889e+06,3.61194e+06,1.88076e+07,0,0,0,5.98956e+07
79.3592,85.139,1.6864,0.03,0.02,2.57214,2.87454,0,0.481906,4.47552,4.41193e+06,2.70226e+06,1.13481e+07,0,0,0,0,6.04283,61.308,1.75443,0,0.04,2.05162,1.74922,0,1.58479,2.96352,9.16889e+06,3.61194e+06,1.8811e+07,0,0,0,5.98956e+07
78.2193,85.139,1.54786,0.06,0.02,2.57275,2.87515,0,0.482019,4.47552,4.41193e+06,2.70226e+06,1.13508e+07,0,0,0,0,5.56283,61.308,1.63497,0,0.04,2.05198,1.74958,0,1.58508,2.96352,9.16889e+06,3.61194e+06,1.88144e+07,0,0,0,5.98956e+07
77.2079,85.139,1.81782,0.06,0.02,2.76541,3.06781,0,0.482132,4.47552,4.41193e+06,2.70226e+06,1.22008e+07,0,0,0,0,5.14849,61.308,2.09224,0,0.04,2.20301,1.90061,0,1.58536,2.96352,9.16889e+06,3.61194e+06,2.01992e+07,0,0,0,5.98956e+07
76.0741,85.139,1.67821,0.06,0.02,2.76606,3.06846,0,0.518238,4.47552,4.41193e+06,2.70226e+06,1.22036e+07,0,0,0,0,4.64535,61.308,1.73558,0,0.04,2.20342,1.90102,0,1.70205,2.96352,9.16889e+06,3.61194e+06,2.02029e+07,0,0,0,5.98956e+07
74.6638,85.139,1.41217,0.06,0.02,2.7667,3.0691,0,0.518359,4.47552,4.41193e+06,2.70226e+06,1.22065e+07,0,0,0,0,4.10226,61.308,1.52933,0,0.04,2.20382,1.90142,0,1.70236,2.96352,9.16889e+06,3.61194e+06,2.02065e+07,0,0,0,5.98956e+07
73.403,85.139,1.53991,0.07,0.02,2.76735,3.06975,0,0.51848,4.47552,4.41193e+06,2.70226e+06,1.22093e+07,0,0,0,0,3.6654,61.308,2.02007,0,0.04,2.20422,1.90182,0,1.70267,2.96352,9.16889e+06,3.61194e+06,2.02102e+07,0,0,0,5.98956e+07
72.0442,85.139,1.43256,0.09,0.02,2.76799,3.07039,0,0.518601,4.47552,4.41193e+06,2.70226e+06,1.22122e+07,0,0,0,0,3.1618,61.308,1.81514,0,0.04,2.20462,1.90222,0,1.70298,2.96352,9.16889e+06,3.61194e+06,2.02139e+07,0,0,0,5.98956e+07
71.4437,85.139,2.10253,0.09,0.02,2.67494,2.97734,0,0.518722,4.47552,4.41193e+06,2.70226e+06,1.18016e+07,0,0,0,0,2.86268,61.308,2.34277,0,0.04,2.11347,1.81107,0,1.70329,2.96352,9.16889e+06,3.61194e+06,1.93782e+07,0,0,0,5.98956e+07
70.0829,85.139,1.38726,0.09,0.02,2.67557,2.97797,0,0.501284,4.47552,4.41193e+06,2.70226e+06,1.18044e+07,0,0,0,0,2.15803,61.308,1.79966,0,0.04,2.11385,1.81145,0,1.63287,2.96352,9.16889e+06,3.61194e+06,1.93817e+07,0,0,0,5.98956e+07
68.5053,85.139,1.10639,0.09,0.02,2.67619,2.97859,0,0.501401,4.47552,4.41193e+06,2.70226e+06,1.18072e+07,0,0,0,0,1.67743,61.308,1.32198,0,0.04,2.11424,1.81184,0,1.63316,2.96352,9.16889e+06,3.61194e+06,1.93852e+07,0,0,0,5.98956e+07
68.3781,85.139,2.63708,0.1,0.02,2.67682,2.97922,0,0.501518,4.47552,4.41193e+06,2.70226e+06,1.18099e+07,0,0,0,0,1.40814,61.308,2.75409,0,0.04,1.67743,1.81222,0.437189,1.63346,2.96352,9.16889e+06,3.61194e+06,1.53801e+07,0,0,0,5.98956e+07
68.0235,85.139,2.47763,0.1,0.02,2.60047,2.90287,0,0.501636,4.47552,4.41193e+06,2.70226e+06,1.14731e+07,0,0,0,0,1.48163,61.308,2.28953,0,0.04,1.40814,1.7292,0.623457,1.29598,2.96352,9.16889e+06,3.61194e+06,1.29111e+07,0,0,0,5.98956e+07
67.1349,85.139,1.91263,0.12,0.02,2.60108,2.90348,0,0.487328,4.47552,4.41193e+06,2.70226e+06,1.14758e+07,0,0,0,0,1.05163,61.308,1.8467,0,0.04,1.48163,1.72957,0.550335,1.08793,2.96352,9.16889e+06,3.61194e+06,1.35849e+07,0,0,0,5.98956e+07
66.5718,85.139,2.25059,0.12,0.02,2.60169,2.90409,0,0.487443,4.47552,4.41193e+06,2.70226e+06,1.14785e+07,0,0,0,0,1.29766,61.308,1.3379,0,0.04,1.05163,1.72993,0.980703,1.14471,2.96352,9.16889e+06,3.61194e+06,9.64224e+06,0,0,0,5.98956e+07
70.1391,85.139,6.50646,0.12,0.02,2.6023,2.9047,0,0.487557,4.47552,4.41193e+06,2.70226e+06,1.14812e+07,0,0,0,0,2.16703,61.308,4.63757,0,0.04,1.29766,1.73029,0.735036,0.812486,2.96352,9.16889e+06,3.61194e+06,1.18981e+07,0,0,0,5.98956e+07
72.6476,85.139,5.35032,0.1,0.02,2.38411,2.68651,0,0.487672,4.47552,4.41193e+06,2.70226e+06,1.05185e+07,0,0,0,0,2.41413,61.308,4.21871,0,0.04,1.85922,1.55682,0,1.00257,2.96352,9.16889e+06,3.61194e+06,1.7047e+07,0,0,0,5.98956e+07
73.1834,85.139,3.61308,0.11,0.02,2.68708,2.68708,0,0.446782,4.47552,4.41193e+06,2.70226e+06,1.18552e+07,0,0,0,0,2.49015,61.308,2.31451,0.01,0.04,1.55715,1.55715,0,1.43643,2.96352,9.16889e+06,3.61194e+06,1.42773e+07,0,0,0,5.98956e+07
75.0892,85.139,4.9678,0.11,0.02,2.68764,2.68764,0,0.503558,4.47552,4.41193e+06,2.70226e+06,1.18577e+07,0,0,0,0,2.66623,61.308,2.71028,0.01,0.04,1.55747,1.55747,0,1.20305,2.96352,9.16889e+06,3.61194e+06,1.42803e+07,0,0,0,5.98956e+07
78.12,85.139,6.20288,0.1,0.02,2.68821,2.68821,0,0.503664,4.47552,4.41193e+06,2.70226e+06,1.18602e+07,0,0,0,0,2.96893,61.308,3.23592,0.01,0.04,1.5578,1.5578,0,1.2033,2.96352,9.16889e+06,3.61194e+06,1.42833e+07,0,0,0,5.98956e+07
85.0965,85.139,10.3465,0.1,0.02,2.68877,2.68877,0,0.50377,4.47552,4.41193e+06,2.70226e+06,1.18627e+07,0,0,0,0,3.79107,61.308,6.46077,0.01,0.04,1.55813,1.55813,0,1.20356,2.96352,9.16889e+06,3.61194e+06,1.42863e+07,0,0,0,5.98956e+07
85.139,85.139,5.27072,0.06,0.04,2.77358,2.77358,0,0.503876,4.47552,4.41193e+06,2.70226e+06,1.22368e+07,0,0,0,0,3.51863,61.308,3.00298,0.01,0.04,1.60884,1.60884,0,1.20381,2.96352,9.16889e+06,3.61194e+06,1.47513e+07,0,0,0,5.98956e+07
85.139,85.139,3.62126,0.04,0.04,2.47174,2.77414,0,0.519768,4.47552,4.41193e+06,2.70226e+06,1.09051e+07,0,0,0,0,3.05244,61.308,1.67755,0,0.04,1.91157,1.60917,0,1.24299,2.96352,9.16889e+06,3.61194e+06,1.75269e+07,0,0,0,5.98956e+07
85.139,85.139,3.33779,0.06,0.04,2.47229,2.77469,0,0.463203,4.47552,4.41193e+06,2.70226e+06,1.09076e+07,0,0,0,0,2.81809,61.308,2.0065,0,0.04,1.91189,1.60949,0,1.47688,2.96352,9.16889e+06,3.61194e+06,1.75299e+07,0,0,0,5.98956e+07
85.139,85.139,6.13876,0.06,0.04,2.77525,2.77525,0,0.463308,4.47552,4.41193e+06,2.70226e+06,1.22442e+07,0,0,0,0,2.93736,61.308,3.36161,0.01,0.04,1.60981,1.60981,0,1.47713,2.96352,9.16889e+06,3.61194e+06,1.47602e+07,0,0,0,5.98956e+07
85.139,85.139,3.97851,0.06,0.04,3.04656,3.04656,0,0.520083,4.47552,4.41193e+06,2.70226e+06,1.34412e+07,0,0,0,0,2.62662,61.308,2.48836,0.01,0.04,1.79946,1.79946,0,1.24374,2.96352,9.16889e+06,3.61194e+06,1.6499e+07,0,0,0,5.98956e+07
85.139,85.139,4.32803,0.05,0.04,3.04717,3.04717,0,0.570925,4.47552,4.41193e+06,2.70226e+06,1.34439e+07,0,0,0,0,2.23964,61.308,2.01595,0.01,0.04,1.79982,1.79982,0,1.39026,2.96352,9.16889e+06,3.61194e+06,1.65023e+07,0,0,0,5.98956e+07
85.139,85.139,4.11548,0.06,0.04,3.04779,3.04779,0,0.571041,4.47552,4.41193e+06,2.70226e+06,1.34466e+07,0,0,0,0,1.90644,61.308,2.0797,0.01,0.04,1.80018,1.80018,0,1.39054,2.96352,9.16889e+06,3.61194e+06,1.65057e+07,0,0,0,5.98956e+07
85.139,85.139,5.069,0.06,0.04,3.0484,3.0484,0,0.571156,4.47552,4.41193e+06,2.70226e+06,1.34493e+07,0,0,0,0,1.71603,61.308,2.4237,0.01,0.04,1.80055,1.80055,0,1.39082,2.96352,9.16889e+06,3.61194e+06,1.6509e+07,0,0,0,5.98956e+07
85.139,85.139,5.96239,0.06,0.04,2.66254,2.66254,0,0.571271,4.47552,4.41193e+06,2.70226e+06,1.17469e+07,0,0,0,0,1.70859,61.308,2.56819,0.01,0.04,1.54664,1.54664,0,1.3911,2.96352,9.16889e+06,3.61194e+06,1.41809e+07,0,0,0,5.98956e+07
85.139,85.139,7.9181,0.06,0.04,2.66307,2.66307,0,0.498959,4.47552,4.41193e+06,2.70226e+06,1.17493e+07,0,0,0,0,1.84332,61.308,3.70749,0.01,0.04,1.54695,1.54695,0,1.19493,2.96352,9.16889e+06,3.61194e+06,1.41838e+07,0,0,0,5.98956e+07
85.139,85.139,6.83342,0.07,0.04,2.66361,2.66361,0,0.49906,4.47552,4.41193e+06,2.70226e+06,1.17517e+07,0,0,0,0,1.82671,61.308,2.96304,0.01,0.04,1.54726,1.54726,0,1.19517,2.96352,9.16889e+06,3.61194e+06,1.41867e+07,0,0,0,5.98956e+07
85.139,85.139,6.84693,0.08,0.04,2.66415,2.66415,0,0.49916,4.47552,4.41193e+06,2.70226e+06,1.1754e+07,0,0,0,0,1.85371,61.308,3.67517,0.01,0.04,1.54757,1.54757,0,1.19541,2.96352,9.16889e+06,3.61194e+06,1.41895e+07,0,0,0,5.98956e+07
85.139,85.139,7.19706,0.08,0.04,2.66468,2.66468,0,0.499261,4.47552,4.41193e+06,2.70226e+06,1.17564e+07,0,0,0,0,1.95732,61.308,3.61582,0.01,0.04,1.54788,1.54788,0,1.19565,2.96352,9.16889e+06,3.61194e+06,1.41924e+07,0,0,0,5.98956e+07
85.139,85.139,6.52101,0.09,0.04,2.7626,2.7626,0,0.499362,4.47552,4.41193e+06,2.70226e+06,1.21884e+07,0,0,0,0,1.9829,61.308,3.75987,0.01,0.04,1.61046,1.61046,0,1.1959,2.96352,9.16889e+06,3.61194e+06,1.47662e+07,0,0,0,5.98956e+07
85.139,85.139,5.10035,0.09,0.04,2.76316,2.76316,0,0.517712,4.47552,4.41193e+06,2.70226e+06,1.21909e+07,0,0,0,0,1.98262,61.308,4.13098,0.01,0.04,1.61079,1.61079,0,1.24424,2.96352,9.16889e+06,3.61194e+06,1.47691e+07,0,0,0,5.98956e+07
85.139,85.139,5.67892,0.09,0.04,2.76372,2.76372,0,0.517816,4.47552,4.41193e+06,2.70226e+06,1.21933e+07,0,0,0,0,2.11111,61.308,4.01035,0.01,0.04,1.61111,1.61111,0,1.24449,2.96352,9.16889e+06,3.61194e+06,1.47721e+07,0,0,0,5.98956e+07
85.139,85.139,4.6937,0.09,0.04,2.76427,2.76427,0,0.51792,4.47552,4.41193e+06,2.70226e+06,1.21958e+07,0,0,0,0,2.12716,61.308,3.90233,0.01,0.04,1.61144,1.61144,0,1.24475,2.96352,9.16889e+06,3.61194e+06,1.47751e+07,0,0,0,5.98956e+07
85.139,85.139,3.86075,0.09,0.04,2.72672,2.72672,0,0.518025,4.47552,4.41193e+06,2.70226e+06,1.20301e+07,0,0,0,0,1.93998,61.308,2.92337,0.01,0.04,1.58756,1.58756,0,1.245,2.96352,9.16889e+06,3.61194e+06,1.45561e+07,0,0,0,5.98956e+07
85.139,85.139,3.64266,0.08,0.04,2.72727,2.72727,0,0.510988,4.47552,4.41193e+06,2.70226e+06,1.20325e+07,0,0,0,0,1.6787,61.308,2.83432,0.01,0.04,1.58788,1.58788,0,1.22655,2.96352,9.16889e+06,3.61194e+06,1.45591e+07,0,0,0,5.98956e+07
85.139,85.139,3.29001,0.08,0.04,2.72782,2.72782,0,0.511091,4.47552,4.41193e+06,2.70226e+06,1.2035e+07,0,0,0,0,1.46306,61.308,2.56986,0.01,0.04,1.5882,1.5882,0,1.2268,2.96352,9.16889e+06,3.61194e+06,1.4562e+07,0,0,0,5.98956e+07
85.139,85.139,3.06978,0.07,0.04,2.42597,2.72837,0,0.511194,4.47552,4.41193e+06,2.70226e+06,1.07032e+07,0,0,0,0,1.34713,61.308,2.40017,0,0.04,1.46306,1.58852,0.427861,1.22704,2.96352,9.16889e+06,3.61194e+06,1.34146e+07,0,0,0,5.98956e+07
85.139,85.139,2.95358,0.07,0.04,2.55598,2.85838,0,0.454627,4.47552,4.41193e+06,2.70226e+06,1.12768e+07,0,0,0,0,1.3217,61.308,2.23749,0,0.04,1.34713,1.67474,0.630014,1.13036,2.96352,9.16889e+06,3.61194e+06,1.23517e+07,0,0,0,5.98956e+07
85.0733,85.139,2.7735,0.06,0.04,2.55655,2.85895,0,0.47899,4.47552,4.41193e+06,2.70226e+06,1.12793e+07,0,0,0,0,1.29542,61.308,2.12863,0,0.04,1.3217,1.67508,0.655779,1.04079,2.96352,9.16889e+06,3.61194e+06,1.21185e+07,0,0,0,5.98956e+07
84.904,85.139,2.65815,0.08,0.04,2.55713,2.85953,0,0.479098,4.47552,4.41193e+06,2.70226e+06,1.12819e+07,0,0,0,0,1.29144,61.308,2.1307,0,0.04,1.29542,1.67542,0.682399,1.02114,2.96352,9.16889e+06,3.61194e+06,1.18775e+07,0,0,0,5.98956e+07
84.6026,85.139,2.52404,0.07,0.04,2.5577,2.8601,0,0.479206,4.47552,4.41193e+06,2.70226e+06,1.12844e+07,0,0,0,0,1.28603,61.308,2.26739,0,0.04,1.29144,1.67575,0.686716,1.00084,2.96352,9.16889e+06,3.61194e+06,1.1841e+07,0,0,0,5.98956e+07
84.1136,85.139,2.34253,0.07,0.04,2.55828,2.86068,0,0.479314,4.47552,4.41193e+06,2.70226e+06,1.12869e+07,0,0,0,0,1.27322,61.308,2.18955,0,0.04,1.28603,1.67609,0.692458,0.997765,2.96352,9.16889e+06,3.61194e+06,1.17915e+07,0,0,0,5.98956e+07
83.8958,85.139,2.53813,0.05,0.04,2.53323,2.83563,0,0.479422,4.47552,4.41193e+06,2.70226e+06,1.11764e+07,0,0,0,0,1.28397,61.308,1.91328,0,0.04,1.27322,1.72369,0.752869,0.993589,2.96352,9.16889e+06,3.61194e+06,1.1674e+07,0,0,0,5.98956e+07
83.5179,85.139,2.37535,0.04,0.04,2.5338,2.8362,0,0.474727,4.47552,4.41193e+06,2.70226e+06,1.1179e+07,0,0,0,0,1.2592,61.308,1.62298,0,0.04,1.28397,1.72404,0.742463,0.98369,2.96352,9.16889e+06,3.61194e+06,1.17726e+07,0,0,0,5.98956e+07
82.9752,85.139,2.17982,0.04,0.04,2.53437,2.83677,0,0.474834,4.47552,4.41193e+06,2.70226e+06,1.11815e+07,0,0,0,0,1.20385,61.308,1.60042,0,0.04,1.2592,1.72438,0.76758,0.991998,2.96352,9.16889e+06,3.61194e+06,1.15455e+07,0,0,0,5.98956e+07
82.3297,85.139,2.0425,0.03,0.04,2.53495,2.83735,0,0.474942,4.47552,4.41193e+06,2.70226e+06,1.1184e+07,0,0,0,0,1.0209,61.308,1.55408,0,0.04,1.20385,1.72473,0.823282,0.972861,2.96352,9.16889e+06,3.61194e+06,1.1038e+07,0,0,0,5.98956e+07
81.3546,85.139,1.75215,0.03,0.04,2.60175,2.90415,0,0.475049,4.47552,4.41193e+06,2.70226e+06,1.14787e+07,0,0,0,0,1.02333,61.308,1.37232,0,0.04,1.0209,1.76723,1.04873,0.930094,2.96352,9.16889e+06,3.61194e+06,9.36055e+06,0,0,0,5.98956e+07
80.4904,85.139,1.86916,0.04,0.04,2.60233,2.90473,0,0.487568,4.47552,4.41193e+06,2.70226e+06,1.14813e+07,0,0,0,0,1.16784,61.308,1.47149,0,0.04,1.02333,1.76759,1.04665,0.788751,2.96352,9.16889e+06,3.61194e+06,9.38283e+06,0,0,0,5.98956e+07
79.4906,85.139,1.71016,0.04,0.04,2.60292,2.90532,0,0.487677,4.47552,4.41193e+06,2.70226e+06,1.14839e+07,0,0,0,0,0.941668,61.308,1.49139,0,0.04,1.16784,1.76794,0.902507,0.790628,2.96352,9.16889e+06,3.61194e+06,1.07078e+07,0,0,0,5.98956e+07
78.3592,85.139,1.56895,0.04,0.04,2.6035,2.9059,0,0.487787,4.47552,4.41193e+06,2.70226e+06,1.14865e+07,0,0,0,0,1.12925,61.308,1.29457,0,0.04,0.941668,1.7683,1.12903,0.902272,2.96352,9.16889e+06,3.61194e+06,8.63404e+06,0,0,0,5.98956e+07
77.165,85.139,1.65142,0.06,0.04,2.7982,3.1006,0,0.487897,4.47552,4.41193e+06,2.70226e+06,1.23455e+07,0,0,0,0,0.610692,61.308,1.54021,0,0.04,1.12925,1.92093,1.09408,0.727532,2.96352,9.16889e+06,3.61194e+06,1.0354e+07,0,0,0,5.98956e+07
75.4104,85.139,1.0714,0.07,0.04,2.79883,3.10123,0,0.524383,4.47552,4.41193e+06,2.70226e+06,1.23482e+07,0,0,0,0,0.499753,61.308,0.894504,0,0.04,0.610692,1.92132,1.61303,0.872458,2.96352,9.16889e+06,3.61194e+06,5.59936e+06,0,0,0,5.98956e+07
73.5524,85.139,0.950179,0.07,0.04,2.79945,3.10185,0,0.5245,4.47552,4.41193e+06,2.70226e+06,1.2351e+07,0,0,0,0,0.498072,61.308,0.832113,0,0.04,0.499753,1.92171,1.72435,0.47182,2.96352,9.16889e+06,3.61194e+06,4.58218e+06,0,0,0,5.98956e+07
71.815,85.139,1.05793,0.1,0.04,2.80008,3.10248,0,0.524617,4.47552,4.41193e+06,2.70226e+06,1.23537e+07,0,0,0,0,0.646476,61.308,0.854932,0,0.04,0.498072,1.92209,1.72642,0.386109,2.96352,9.16889e+06,3.61194e+06,4.56677e+06,0,0,0,5.98956e+07
70.6765,85.139,1.69619,0.11,0.04,2.8007,3.1031,0,0.524734,4.47552,4.41193e+06,2.70226e+06,1.23565e+07,0,0,0,0,0.700624,61.308,1.04128,0,0.04,0.646476,1.92248,1.5784,0.384811,2.96352,9.16889e+06,3.61194e+06,5.92747e+06,0,0,0,5.98956e+07
70.1393,85.139,2.22847,0.11,0.04,2.70663,3.00903,0,0.524851,4.47552,4.41193e+06,2.70226e+06,1.19415e+07,0,0,0,0,1.26308,61.308,1.1952,0,0.04,0.700624,1.83035,1.43213,0.499467,2.96352,9.16889e+06,3.61194e+06,6.42394e+06,0,0,0,5.98956e+07
68.9742,85.139,1.59056,0.1,0.04,2.70723,3.00963,0,0.507222,4.47552,4.41193e+06,2.70226e+06,1.19441e+07,0,0,0,0,0.952299,61.308,1.8596,0,0.04,1.26308,1.83072,0.87004,0.541302,2.96352,9.16889e+06,3.61194e+06,1.1581e+07,0,0,0,5.98956e+07
67.6192,85.139,1.39396,0.1,0.04,2.70784,3.01024,0,0.507336,4.47552,4.41193e+06,2.70226e+06,1.19468e+07,0,0,0,0,0.646883,61.308,1.06769,0,0.04,0.952299,1.83109,1.18119,0.975855,2.96352,9.16889e+06,3.61194e+06,8.73152e+06,0,0,0,5.98956e+07
66.2394,85.139,1.35076,0.13,0.04,2.70845,3.01085,0,0.507449,4.47552,4.41193e+06,2.70226e+06,1.19495e+07,0,0,0,0,0.956028,61.308,0.97949,0,0.04,0.646883,1.83146,1.48697,0.735746,2.96352,9.16889e+06,3.61194e+06,5.93119e+06,0,0,0,5.98956e+07
66.0499,85.139,2.66448,0.12,0.04,2.63126,2.93366,0,0.507563,4.47552,4.41193e+06,2.70226e+06,1.16089e+07,0,0,0,0,1.00079,61.308,1.49153,0,0.04,0.956028,1.74754,1.09391,0.499781,2.96352,9.16889e+06,3.61194e+06,8.76571e+06,0,0,0,5.98956e+07
65.2898,85.139,2.01903,0.12,0.04,2.63185,2.93425,0,0.493098,4.47552,4.41193e+06,2.70226e+06,1.16115e+07,0,0,0,0,1.1859,61.308,1.1129,0,0.04,1.00079,1.7479,1.04951,0.738627,2.96352,9.16889e+06,3.61194e+06,9.17613e+06,0,0,0,5.98956e+07
65.1565,85.139,2.66501,0.13,0.04,2.63244,2.93484,0,0.493209,4.47552,4.41193e+06,2.70226e+06,1.16142e+07,0,0,0,0,1.51806,61.308,2.76631,0,0.04,1.1859,1.74825,0.864746,0.77321,2.96352,9.16889e+06,3.61194e+06,1.08734e+07,0,0,0,5.98956e+07
69.3926,85.139,7.24115,0.13,0.04,2.63303,2.93543,0,0.49332,4.47552,4.41193e+06,2.70226e+06,1.16168e+07,0,0,0,0,2.30081,61.308,5.30416,0,0.04,1.51806,1.7486,0.532942,0.916227,2.96352,9.16889e+06,3.61194e+06,1.39189e+07,0,0,0,5.98956e+07
70.8953,85.139,4.2767,0.1,0.04,2.41251,2.71491,0,0.493431,4.47552,4.41193e+06,2.70226e+06,1.06438e+07,0,0,0,0,2.32272,61.308,2.53748,0,0.04,1.87568,1.57328,0,1.17285,2.96352,9.16889e+06,3.61194e+06,1.71979e+07,0,0,0,5.98956e+07
74.1548,85.139,6.06346,0.11,0.04,2.41306,2.71546,0,0.452104,4.47552,4.41193e+06,2.70226e+06,1.06462e+07,0,0,0,0,2.16975,61.308,2.8666,0,0.04,1.87599,1.57359,0,1.44915,2.96352,9.16889e+06,3.61194e+06,1.72008e+07,0,0,0,5.98956e+07
76.3578,85.139,4.99449,0.1,0.04,2.4136,2.716,0,0.452207,4.47552,4.41193e+06,2.70226e+06,1.06486e+07,0,0,0,0,2.17269,61.308,2.52211,0,0.04,1.87631,1.57391,0,1.44939,2.96352,9.16889e+06,3.61194e+06,1.72037e+07,0,0,0,5.98956e+07
82.3396,85.139,9.05651,0.1,0.04,2.41415,2.71655,0,0.452309,4.47552,4.41193e+06,2.70226e+06,1.06511e+07,0,0,0,0,2.78461,61.308,3.76192,0,0.04,1.87663,1.57423,0,1.44964,2.96352,9.16889e+06,3.61194e+06,1.72066e+07,0,0,0,5.98956e+07
85.139,85.139,7.71059,0.07,0.04,2.4147,2.7171,0,0.452412,4.47552,4.41193e+06,2.70226e+06,1.06535e+07,0,0,0,0,3.29567,61.308,4.62975,0,0.04,1.87694,1.57454,0,1.44988,2.96352,9.16889e+06,3.61194e+06,1.72095e+07,0,0,0,5.98956e+07
85.139,85.139,6.86892,0.04,0.04,2.50037,2.80277,0,0.452514,4.47552,4.41193e+06,2.70226e+06,1.10315e+07,0,0,0,0,3.53264,61.308,4.33886,0,0.04,1.92818,1.62578,0,1.45013,2.96352,9.16889e+06,3.61194e+06,1.76792e+07,0,0,0,5.98956e+07
85.139,85.139,6.75633,0.05,0.04,2.80331,2.80331,0,0.468569,4.47552,4.41193e+06,2.70226e+06,1.2368e+07,0,0,0,0,3.7757,61.308,4.49061,0.01,0.04,1.62609,1.62609,0,1.48971,2.96352,9.16889e+06,3.61194e+06,1.49094e+07,0,0,0,5.98956e+07
85.139,85.139,4.50536,0.07,0.04,2.80385,2.80385,0,0.525341,4.47552,4.41193e+06,2.70226e+06,1.23704e+07,0,0,0,0,3.72917,61.308,2.9037,0.01,0.04,1.6264,1.6264,0,1.25632,2.96352,9.16889e+06,3.61194e+06,1.49123e+07,0,0,0,5.98956e+07
85.139,85.139,4.31571,0.07,0.04,2.8044,2.8044,0,0.525442,4.47552,4.41193e+06,2.70226e+06,1.23728e+07,0,0,0,0,3.66957,61.308,2.80991,0.01,0.04,1.62672,1.62672,0,1.25656,2.96352,9.16889e+06,3.61194e+06,1.49152e+07,0,0,0,5.98956e+07
85.139,85.139,3.59627,0.07,0.04,3.07852,3.07852,0,0.525544,4.47552,4.41193e+06,2.70226e+06,1.35822e+07,0,0,0,0,3.45048,61.308,2.10396,0.01,0.04,1.81834,1.81834,0,1.2568,2.96352,9.16889e+06,3.61194e+06,1.66721e+07,0,0,0,5.98956e+07
85.139,85.139,5.11735,0.07,0.04,3.07912,3.07912,0,0.576915,4.47552,4.41193e+06,2.70226e+06,1.35849e+07,0,0,0,0,3.31576,61.308,3.74172,0.01,0.04,1.81869,1.81869,0,1.40485,2.96352,9.16889e+06,3.61194e+06,1.66753e+07,0,0,0,5.98956e+07
85.139,85.139,4.36288,0.06,0.04,3.07971,3.07971,0,0.577027,4.47552,4.41193e+06,2.70226e+06,1.35875e+07,0,0,0,0,3.25965,61.308,4.05663,0.01,0.04,1.81904,1.81904,0,1.40512,2.96352,9.16889e+06,3.61194e+06,1.66786e+07,0,0,0,5.98956e+07
85.139,85.139,5.16132,0.06,0.04,3.08031,3.08031,0,0.577138,4.47552,4.41193e+06,2.70226e+06,1.35901e+07,0,0,0,0,3.14397,61.308,4.12995,0.01,0.04,1.81939,1.81939,0,1.40539,2.96352,9.16889e+06,3.61194e+06,1.66818e+07,0,0,0,5.98956e+07
85.139,85.139,4.76411,0.06,0.04,2.69038,2.69038,0,0.57725,4.47552,4.41193e+06,2.70226e+06,1.18698e+07,0,0,0,0,3.34009,61.308,4.91627,0.01,0.04,1.56281,1.56281,0,1.40566,2.96352,9.16889e+06,3.61194e+06,1.43292e+07,0,0,0,5.98956e+07
85.139,85.139,7.05139,0.06,0.04,2.6909,2.6909,0,0.504177,4.47552,4.41193e+06,2.70226e+06,1.18721e+07,0,0,0,0,4.16921,61.308,8.5738,0.01,0.04,1.56311,1.56311,0,1.20743,2.96352,9.16889e+06,3.61194e+06,1.4332e+07,0,0,0,5.98956e+07
85.139,85.139,6.55873,0.07,0.04,2.69142,2.69142,0,0.504274,4.47552,4.41193e+06,2.70226e+06,1.18743e+07,0,0,0,0,4.63128,61.308,6.47688,0.01,0.04,1.56341,1.56341,0,1.20766,2.96352,9.16889e+06,3.61194e+06,1.43348e+07,0,0,0,5.98956e+07
85.139,85.139,5.26658,0.08,0.04,2.69194,2.69194,0,0.504372,4.47552,4.41193e+06,2.70226e+06,1.18766e+07,0,0,0,0,4.80314,61.308,4.56276,0.01,0.04,1.56372,1.56372,0,1.20789,2.96352,9.16889e+06,3.61194e+06,1.43375e+07,0,0,0,5.98956e+07
85.139,85.139,3.66566,0.09,0.04,2.69246,2.69246,0,0.504469,4.47552,4.41193e+06,2.70226e+06,1.18789e+07,0,0,0,0,4.73055,61.308,3.67393,0.01,0.04,1.56402,1.56402,0,1.20813,2.96352,9.16889e+06,3.61194e+06,1.43403e+07,0,0,0,5.98956e+07
85.139,85.139,7.56883,0.09,0.04,2.79137,2.79137,0,0.504567,4.47552,4.41193e+06,2.70226e+06,1.23153e+07,0,0,0,0,5.30459,61.308,6.96903,0.01,0.04,1.62724,1.62724,0,1.20836,2.96352,9.16889e+06,3.61194e+06,1.49199e+07,0,0,0,5.98956e+07
85.139,85.139,6.10604,0.09,0.04,2.48951,2.79191,0,0.523104,4.47552,4.41193e+06,2.70226e+06,1.09836e+07,0,0,0,0,5.93951,61.308,6.39752,0,0.04,1.92995,1.62755,0,1.2572,2.96352,9.16889e+06,3.61194e+06,1.76955e+07,0,0,0,5.98956e+07
85.139,85.139,5.66001,0.09,0.04,2.49005,2.79245,0,0.466535,4.47552,4.41193e+06,2.70226e+06,1.09859e+07,0,0,0,0,6.33605,61.308,5.92186,0,0.04,1.93027,1.62787,0,1.49108,2.96352,9.16889e+06,3.61194e+06,1.76984e+07,0,0,0,5.98956e+07
85.139,85.139,4.91107,0.09,0.04,2.49059,2.79299,0,0.466636,4.47552,4.41193e+06,2.70226e+06,1.09883e+07,0,0,0,0,6.54344,61.308,5.36355,0,0.04,1.93058,1.62818,0,1.49132,2.96352,9.16889e+06,3.61194e+06,1.77013e+07,0,0,0,5.98956e+07
85.139,85.139,4.44884,0.1,0.04,2.45263,2.75503,0,0.466737,4.47552,4.41193e+06,2.70226e+06,1.08208e+07,0,0,0,0,6.65452,61.308,4.58164,0,0.04,1.90644,1.60404,0,1.49157,2.96352,9.16889e+06,3.61194e+06,1.74799e+07,0,0,0,5.98956e+07
85.139,85.139,3.13713,0.08,0.04,2.45316,2.75556,0,0.459623,4.47552,4.41193e+06,2.70226e+06,1.08232e+07,0,0,0,0,6.41427,61.308,2.83049,0,0.04,1.90675,1.60435,0,1.47292,2.96352,9.16889e+06,3.61194e+06,1.74828e+07,0,0,0,5.98956e+07
85.0749,85.139,2.79389,0.08,0.04,2.45369,2.75609,0,0.459723,4.47552,4.41193e+06,2.70226e+06,1.08255e+07,0,0,0,0,6.16652,61.308,2.83198,0,0.04,1.90706,1.60466,0,1.47315,2.96352,9.16889e+06,3.61194e+06,1.74856e+07,0,0,0,5.98956e+07
85.139,85.139,3.649,0.13,0.04,2.45423,2.75663,0,0.459822,4.47552,4.41193e+06,2.70226e+06,1.08279e+07,0,0,0,0,5.97902,61.308,3.02263,0,0.04,1.90737,1.60497,0,1.47339,2.96352,9.16889e+06,3.61194e+06,1.74884e+07,0,0,0,5.98956e+07
85.139,85.139,3.32175,0.07,0.04,2.58555,2.88795,0,0.459922,4.47552,4.41193e+06,2.70226e+06,1.14073e+07,0,0,0,0,5.77367,61.308,2.93524,0,0.04,1.99447,1.69207,0,1.47363,2.96352,9.16889e+06,3.61194e+06,1.82871e+07,0,0,0,5.98956e+07
84.9192,85.139,2.66179,0.07,0.04,2.58611,2.88851,0,0.484532,4.47552,4.41193e+06,2.70226e+06,1.14097e+07,0,0,0,0,5.4566,61.308,1.9117,0,0.04,1.9948,1.6924,0,1.54093,2.96352,9.16889e+06,3.61194e+06,1.82901e+07,0,0,0,5.98956e+07
84.4729,85.139,2.38138,0.08,0.04,2.58667,2.88907,0,0.484637,4.47552,4.41193e+06,2.70226e+06,1.14122e+07,0,0,0,0,5.0511,61.308,1.80113,0,0.04,1.99512,1.69272,0,1.54118,2.96352,9.16889e+06,3.61194e+06,1.82931e+07,0,0,0,5.98956e+07
83.9073,85.139,2.23628,0.07,0.04,2.58722,2.88962,0,0.484741,4.47552,4.41193e+06,2.70226e+06,1.14146e+07,0,0,0,0,4.65964,61.308,1.8198,0,0.04,1.99545,1.69305,0,1.54143,2.96352,9.16889e+06,3.61194e+06,1.8296e+07,0,0,0,5.98956e+07
83.261,85.139,2.1471,0.07,0.04,2.58778,2.89018,0,0.484846,4.47552,4.41193e+06,2.70226e+06,1.14171e+07,0,0,0,0,4.27612,61.308,1.7552,0,0.04,1.99578,1.69338,0,1.54168,2.96352,9.16889e+06,3.61194e+06,1.8299e+07,0,0,0,5.98956e+07
82.2861,85.139,1.76545,0.06,0.04,2.56245,2.86485,0,0.48495,4.47552,4.41193e+06,2.70226e+06,1.13053e+07,0,0,0,0,3.79206,61.308,1.66377,0,0.04,2.04385,1.74145,0,1.54194,2.96352,9.16889e+06,3.61194e+06,1.87398e+07,0,0,0,5.98956e+07
81.1119,85.139,1.55006,0.05,0.04,2.563,2.8654,0,0.480203,4.47552,4.41193e+06,2.70226e+06,1.13078e+07,0,0,0,0,3.27531,61.308,1.55653,0,0.04,2.04419,1.74179,0,1.57908,2.96352,9.16889e+06,3.61194e+06,1.87429e+07,0,0,0,5.98956e+07
79.8139,85.139,1.41929,0.04,0.04,2.56356,2.86596,0,0.480307,4.47552,4.41193e+06,2.70226e+06,1.13102e+07,0,0,0,0,2.60092,61.308,1.55526,0,0.04,2.04452,1.74212,0,1.57934,2.96352,9.16889e+06,3.61194e+06,1.8746e+07,0,0,0,5.98956e+07
78.3971,85.139,1.28348,0.05,0.04,2.56411,2.86651,0,0.48041,4.47552,4.41193e+06,2.70226e+06,1.13127e+07,0,0,0,0,1.91123,61.308,1.37784,0,0.04,2.04486,1.74246,0,1.5796,2.96352,9.16889e+06,3.61194e+06,1.87491e+07,0,0,0,5.98956e+07
76.8978,85.139,1.22081,0.08,0.04,2.63157,2.93397,0,0.480514,4.47552,4.41193e+06,2.70226e+06,1.16103e+07,0,0,0,0,1.18422,61.308,1.38107,0,0.04,1.91123,1.78538,0.176549,1.57986,2.96352,9.16889e+06,3.61194e+06,1.75239e+07,0,0,0,5.98956e+07
75.4517,85.139,1.26933,0.07,0.04,2.63214,2.93454,0,0.493157,4.47552,4.41193e+06,2.70226e+06,1.16128e+07,0,0,0,0,1.02612,61.308,1.39585,0,0.04,1.18422,1.78573,0.903906,1.47662,2.96352,9.16889e+06,3.61194e+06,1.0858e+07,0,0,0,5.98956e+07
73.9388,85.139,1.18855,0.06,0.04,2.63271,2.93511,0,0.493263,4.47552,4.41193e+06,2.70226e+06,1.16153e+07,0,0,0,0,0.901469,61.308,1.39314,0,0.04,1.02612,1.78607,1.06235,0.914929,2.96352,9.16889e+06,3.61194e+06,9.4084e+06,0,0,0,5.98956e+07
72.3067,85.139,1.0555,0.07,0.04,2.63327,2.93567,0,0.493369,4.47552,4.41193e+06,2.70226e+06,1.16178e+07,0,0,0,0,0.855156,61.308,1.26162,0,0.04,0.901469,1.78642,1.18735,0.792782,2.96352,9.16889e+06,3.61194e+06,8.26547e+06,0,0,0,5.98956e+07
70.4384,85.139,0.95701,0.11,0.04,2.82994,3.13234,0,0.493476,4.47552,4.41193e+06,2.70226e+06,1.24855e+07,0,0,0,0,0.654029,61.308,1.2293,0,0.04,0.855156,1.94059,1.38784,0.696475,2.96352,9.16889e+06,3.61194e+06,7.84083e+06,0,0,0,5.98956e+07
68.5921,85.139,0.951247,0.11,0.04,2.83055,3.13295,0,0.530331,4.47552,4.41193e+06,2.70226e+06,1.24882e+07,0,0,0,0,0.770034,61.308,0.98358,0,0.04,0.654029,1.94097,1.58934,0.660694,2.96352,9.16889e+06,3.61194e+06,5.99671e+06,0,0,0,5.98956e+07
66.8988,85.139,1.105,0.12,0.04,2.83115,3.13355,0,0.530444,4.47552,4.41193e+06,2.70226e+06,1.24908e+07,0,0,0,0,0.552219,61.308,1.17264,0,0.04,0.770034,1.94134,1.47371,0.505303,2.96352,9.16889e+06,3.61194e+06,7.06036e+06,0,0,0,5.98956e+07
65.0015,85.139,0.889041,0.15,0.04,2.83176,3.13416,0,0.530557,4.47552,4.41193e+06,2.70226e+06,1.24935e+07,0,0,0,0,0.996702,61.308,0.843566,0,0.04,0.552219,1.94172,1.6919,0.594928,2.96352,9.16889e+06,3.61194e+06,5.06323e+06,0,0,0,5.98956e+07
63.3166,85.139,1.07699,0.14,0.04,2.83236,3.13476,0,0.530671,4.47552,4.41193e+06,2.70226e+06,1.24962e+07,0,0,0,0,1.18403,61.308,1.4821,0,0.04,0.996702,1.94209,1.24779,0.426644,2.96352,9.16889e+06,3.61194e+06,9.13865e+06,0,0,0,5.98956e+07
62.1335,85.139,1.46142,0.14,0.04,2.7373,3.0397,0,0.530784,4.47552,4.41193e+06,2.70226e+06,1.20768e+07,0,0,0,0,1.1569,61.308,1.65811,0,0.04,1.18403,1.84901,0.967374,0.770052,2.96352,9.16889e+06,3.61194e+06,1.08563e+07,0,0,0,5.98956e+07
61.2553,85.139,1.83918,0.17,0.04,2.73789,3.04029,0,0.51297,4.47552,4.41193e+06,2.70226e+06,1.20794e+07,0,0,0,0,1.29385,61.308,2.27863,0,0.04,1.1569,1.84936,0.994861,0.914784,2.96352,9.16889e+06,3.61194e+06,1.06075e+07,0,0,0,5.98956e+07
60.6507,85.139,2.12181,0.17,0.04,2.73848,3.04088,0,0.51308,4.47552,4.41193e+06,2.70226e+06,1.2082e+07,0,0,0,0,1.41744,61.308,2.80606,0,0.04,1.29385,1.84972,0.858274,0.893823,2.96352,9.16889e+06,3.61194e+06,1.18631e+07,0,0,0,5.98956e+07
59.9909,85.139,2.10041,0.17,0.04,2.73906,3.04146,0,0.51319,4.47552,4.41193e+06,2.70226e+06,1.20845e+07,0,0,0,0,1.41444,61.308,2.79026,0,0.04,1.41744,1.85008,0.735034,0.999626,2.96352,9.16889e+06,3.61194e+06,1.29964e+07,0,0,0,5.98956e+07
59.5062,85.139,2.3718,0.17,0.04,2.66107,2.96347,0,0.5133,4.47552,4.41193e+06,2.70226e+06,1.17404e+07,0,0,0,0,1.37796,61.308,3.28143,0,0.04,1.41444,1.7653,0.653254,1.09512,2.96352,9.16889e+06,3.61194e+06,1.29689e+07,0,0,0,5.98956e+07
57.8768,85.139,1.1126,0.16,0.04,2.66164,2.96404,0,0.498684,4.47552,4.41193e+06,2.70226e+06,1.1743e+07,0,0,0,0,1.23058,61.308,1.34907,0,0.04,1.37796,1.76564,0.690074,1.0928,2.96352,9.16889e+06,3.61194e+06,1.26344e+07,0,0,0,5.98956e+07
57.7815,85.139,2.6109,0.16,0.04,2.66221,2.96461,0,0.498791,4.47552,4.41193e+06,2.70226e+06,1.17455e+07,0,0,0,0,1.40079,61.308,1.98128,0,0.04,1.23058,1.76598,0.837797,1.06462,2.96352,9.16889e+06,3.61194e+06,1.12831e+07,0,0,0,5.98956e+07
60.3347,85.139,5.46338,0.15,0.04,2.66278,2.96518,0,0.498898,4.47552,4.41193e+06,2.70226e+06,1.1748e+07,0,0,0,0,1.71836,61.308,3.0272,0,0.04,1.40079,1.76632,0.667927,0.950748,2.96352,9.16889e+06,3.61194e+06,1.28437e+07,0,0,0,5.98956e+07
60.6228,85.139,2.94066,0.15,0.04,2.44,2.7424,0,0.499005,4.47552,4.41193e+06,2.70226e+06,1.07651e+07,0,0,0,0,1.49588,61.308,2.02169,0,0.04,1.71836,1.58921,0.17325,1.08225,2.96352,9.16889e+06,3.61194e+06,1.57554e+07,0,0,0,5.98956e+07
61.3141,85.139,3.37642,0.15,0.04,2.44053,2.74293,0,0.457256,4.47552,4.41193e+06,2.70226e+06,1.07674e+07,0,0,0,0,1.78688,61.308,3.48053,0,0.04,1.49588,1.58951,0.396029,1.3276,2.96352,9.16889e+06,3.61194e+06,1.37156e+07,0,0,0,5.98956e+07
65.3825,85.139,7.0645,0.17,0.04,2.44106,2.74346,0,0.457355,4.47552,4.41193e+06,2.70226e+06,1.07698e+07,0,0,0,0,2.76843,61.308,5.70127,0,0.04,1.78688,1.58982,0.105343,1.15572,2.96352,9.16889e+06,3.61194e+06,1.63837e+07,0,0,0,5.98956e+07
68.2324,85.139,5.66458,0.15,0.04,2.44159,2.74399,0,0.457454,4.47552,4.41193e+06,2.70226e+06,1.07721e+07,0,0,0,0,2.95865,61.308,4.02946,0,0.04,1.89253,1.59013,0,1.38054,2.96352,9.16889e+06,3.61194e+06,1.73524e+07,0,0,0,5.98956e+07
69.7282,85.139,4.46774,0.12,0.04,2.44212,2.74452,0,0.457554,4.47552,4.41193e+06,2.70226e+06,1.07744e+07,0,0,0,0,2.72638,61.308,2.81424,0,0.04,1.89283,1.59043,0,1.46217,2.96352,9.16889e+06,3.61194e+06,1.73552e+07,0,0,0,5.98956e+07
70.7919,85.139,4.37588,0.13,0.04,2.83103,2.83103,0,0.457653,4.47552,4.41193e+06,2.70226e+06,1.24903e+07,0,0,0,0,2.63785,61.308,2.72084,0.01,0.04,1.64217,1.64217,0,1.4624,2.96352,9.16889e+06,3.61194e+06,1.50569e+07,0,0,0,5.98956e+07
71.7427,85.139,4.22891,0.13,0.04,2.83156,2.83156,0,0.530535,4.47552,4.41193e+06,2.70226e+06,1.24926e+07,0,0,0,0,2.58632,61.308,2.39913,0.01,0.04,1.64247,1.64247,0,1.26874,2.96352,9.16889e+06,3.61194e+06,1.50596e+07,0,0,0,5.98956e+07
73.0657,85.139,4.69932,0.13,0.04,2.83208,2.83208,0,0.530634,4.47552,4.41193e+06,2.70226e+06,1.24949e+07,0,0,0,0,2.52216,61.308,2.13769,0.01,0.04,1.64278,1.64278,0,1.26897,2.96352,9.16889e+06,3.61194e+06,1.50624e+07,0,0,0,5.98956e+07
74.3842,85.139,4.64349,0.14,0.04,2.83261,2.83261,0,0.530732,4.47552,4.41193e+06,2.70226e+06,1.24973e+07,0,0,0,0,2.48487,61.308,2.24006,0.01,0.04,1.64308,1.64308,0,1.26921,2.96352,9.16889e+06,3.61194e+06,1.50652e+07,0,0,0,5.98956e+07
75.5057,85.139,4.68146,0.12,0.04,3.10947,3.10947,0,0.53083,4.47552,4.41193e+06,2.70226e+06,1.37187e+07,0,0,0,0,2.59995,61.308,3.047,0.01,0.04,1.83661,1.83661,0,1.26944,2.96352,9.16889e+06,3.61194e+06,1.68397e+07,0,0,0,5.98956e+07
76.6118,85.139,4.7212,0.12,0.04,3.11004,3.11004,0,0.582714,4.47552,4.41193e+06,2.70226e+06,1.37213e+07,0,0,0,0,2.01931,61.308,2.33572,0.01,0.04,1.83695,1.83695,0,1.41897,2.96352,9.16889e+06,3.61194e+06,1.68428e+07,0,0,0,5.98956e+07
75.3237,85.139,2.16346,0.11,0.04,3.11062,3.11062,0,0.582822,4.47552,4.41193e+06,2.70226e+06,1.37238e+07,0,0,0,0,1.04922,61.308,1.50194,0.01,0.04,1.83729,1.83729,0,1.41923,2.96352,9.16889e+06,3.61194e+06,1.68459e+07,0,0,0,5.98956e+07
74.1087,85.139,2.16747,0.13,0.04,3.1112,3.1112,0,0.58293,4.47552,4.41193e+06,2.70226e+06,1.37264e+07,0,0,0,0,0.939329,61.308,1.3899,0.01,0.04,1.04922,1.83763,0.788416,1.41949,2.96352,9.16889e+06,3.61194e+06,9.62016e+06,0,0,0,5.98956e+07
73.3739,85.139,2.09264,0.16,0.04,2.41494,2.71734,0,0.583038,4.47552,4.41193e+06,2.70226e+06,1.06545e+07,0,0,0,0,1.50763,61.308,1.88517,0,0.04,0.939329,1.57847,0.94154,0.810626,2.96352,9.16889e+06,3.61194e+06,8.6126e+06,0,0,0,5.98956e+07
75.8516,85.139,5.80075,0.23,0.04,2.71784,2.71784,0,0.452559,4.47552,4.41193e+06,2.70226e+06,1.19909e+07,0,0,0,0,2.29683,61.308,5.26889,0.01,0.04,1.50763,1.57876,0.07113,0.725726,2.96352,9.16889e+06,3.61194e+06,1.38233e+07,0,0,0,5.98956e+07
77.1127,85.139,4.56469,0.19,0.04,2.71834,2.71834,0,0.509323,4.47552,4.41193e+06,2.70226e+06,1.19931e+07,0,0,0,0,2.89256,61.308,5.25146,0.01,0.04,1.57905,1.57905,0,1.1648,2.96352,9.16889e+06,3.61194e+06,1.44782e+07,0,0,0,5.98956e+07
79.2156,85.139,5.43348,0.21,0.04,2.71885,2.71885,0,0.509417,4.47552,4.41193e+06,2.70226e+06,1.19954e+07,0,0,0,0,3.4408,61.308,4.5731,0.01,0.04,1.57935,1.57935,0,1.21998,2.96352,9.16889e+06,3.61194e+06,1.44808e+07,0,0,0,5.98956e+07
80.8076,85.139,4.92167,0.22,0.04,2.71935,2.71935,0,0.509512,4.47552,4.41193e+06,2.70226e+06,1.19976e+07,0,0,0,0,3.9581,61.308,5.28649,0.01,0.04,1.57964,1.57964,0,1.2202,2.96352,9.16889e+06,3.61194e+06,1.44835e+07,0,0,0,5.98956e+07
82.7363,85.139,5.25945,0.17,0.04,2.81923,2.81923,0,0.509606,4.47552,4.41193e+06,2.70226e+06,1.24382e+07,0,0,0,0,4.56864,61.308,5.17289,0.01,0.04,1.64348,1.64348,0,1.22043,2.96352,9.16889e+06,3.61194e+06,1.50688e+07,0,0,0,5.98956e+07
84.0273,85.139,4.69199,0.17,0.04,2.81975,2.81975,0,0.528324,4.47552,4.41193e+06,2.70226e+06,1.24405e+07,0,0,0,0,4.88679,61.308,4.65939,0.01,0.04,1.64378,1.64378,0,1.26975,2.96352,9.16889e+06,3.61194e+06,1.50716e+07,0,0,0,5.98956e+07
85.139,85.139,4.99031,0.17,0.04,2.82027,2.82027,0,0.528422,4.47552,4.41193e+06,2.70226e+06,1.24428e+07,0,0,0,0,5.66587,61.308,6.07479,0.01,0.04,1.64408,1.64408,0,1.26998,2.96352,9.16889e+06,3.61194e+06,1.50744e+07,0,0,0,5.98956e+07
85.139,85.139,4.22795,0.1,0.04,2.5184,2.8208,0,0.528519,4.47552,4.41193e+06,2.70226e+06,1.1111e+07,0,0,0,0,6.09683,61.308,4.97122,0,0.04,1.94679,1.64439,0,1.27022,2.96352,9.16889e+06,3.61194e+06,1.78499e+07,0,0,0,5.98956e+07
85.139,85.139,3.32993,0.1,0.04,2.48003,2.78243,0,0.471948,4.47552,4.41193e+06,2.70226e+06,1.09417e+07,0,0,0,0,6.12371,61.308,3.38403,0,0.04,1.92239,1.61999,0,1.50409,2.96352,9.16889e+06,3.61194e+06,1.76262e+07,0,0,0,5.98956e+07
84.9397,85.139,2.65162,0.09,0.04,2.48055,2.78295,0,0.464758,4.47552,4.41193e+06,2.70226e+06,1.0944e+07,0,0,0,0,5.86991,61.308,2.24505,0,0.04,1.92269,1.62029,0,1.48524,2.96352,9.16889e+06,3.61194e+06,1.7629e+07,0,0,0,5.98956e+07
84.5449,85.139,2.44315,0.15,0.04,2.48107,2.78347,0,0.464855,4.47552,4.41193e+06,2.70226e+06,1.09463e+07,0,0,0,0,5.62327,61.308,2.29254,0,0.04,1.92299,1.62059,0,1.48547,2.96352,9.16889e+06,3.61194e+06,1.76317e+07,0,0,0,5.98956e+07
85.139,85.139,3.81766,0.13,0.04,2.48158,2.78398,0,0.464952,4.47552,4.41193e+06,2.70226e+06,1.09486e+07,0,0,0,0,5.50409,61.308,2.72012,0,0.04,1.9233,1.6209,0,1.48571,2.96352,9.16889e+06,3.61194e+06,1.76345e+07,0,0,0,5.98956e+07
84.671,85.139,2.43573,0.07,0.04,2.61418,2.91658,0,0.465048,4.47552,4.41193e+06,2.70226e+06,1.15336e+07,0,0,0,0,5.27598,61.308,2.32291,0,0.04,2.01125,1.70885,0,1.48594,2.96352,9.16889e+06,3.61194e+06,1.84409e+07,0,0,0,5.98956e+07
84.275,85.139,2.51827,0.09,0.04,2.61472,2.91712,0,0.489898,4.47552,4.41193e+06,2.70226e+06,1.1536e+07,0,0,0,0,4.9864,61.308,2.26291,0,0.04,2.01156,1.70916,0,1.55389,2.96352,9.16889e+06,3.61194e+06,1.84438e+07,0,0,0,5.98956e+07
83.7436,85.139,2.34713,0.09,0.04,2.61526,2.91766,0,0.489999,4.47552,4.41193e+06,2.70226e+06,1.15384e+07,0,0,0,0,4.60355,61.308,2.18288,0,0.04,2.01188,1.70948,0,1.55413,2.96352,9.16889e+06,3.61194e+06,1.84467e+07,0,0,0,5.98956e+07
83.0566,85.139,2.14079,0.07,0.04,2.61581,2.91821,0,0.490101,4.47552,4.41193e+06,2.70226e+06,1.15407e+07,0,0,0,0,4.21638,61.308,2.17915,0,0.04,2.0122,1.7098,0,1.55438,2.96352,9.16889e+06,3.61194e+06,1.84496e+07,0,0,0,5.98956e+07
82.3334,85.139,2.09502,0.07,0.04,2.61635,2.91875,0,0.490202,4.47552,4.41193e+06,2.70226e+06,1.15431e+07,0,0,0,0,3.86163,61.308,2.17681,0,0.04,2.01251,1.71011,0,1.55462,2.96352,9.16889e+06,3.61194e+06,1.84525e+07,0,0,0,5.98956e+07
81.4383,85.139,1.87195,0.06,0.04,2.59074,2.89314,0,0.490303,4.47552,4.41193e+06,2.70226e+06,1.14302e+07,0,0,0,0,3.43034,61.308,1.79612,0,0.04,2.06105,1.75865,0,1.55487,2.96352,9.16889e+06,3.61194e+06,1.88975e+07,0,0,0,5.98956e+07
80.3729,85.139,1.68134,0.06,0.04,2.59128,2.89368,0,0.485505,4.47552,4.41193e+06,2.70226e+06,1.14325e+07,0,0,0,0,2.83064,61.308,1.64807,0,0.04,2.06137,1.75897,0,1.59236,2.96352,9.16889e+06,3.61194e+06,1.89005e+07,0,0,0,5.98956e+07
79.1725,85.139,1.53606,0.05,0.04,2.59181,2.89421,0,0.485605,4.47552,4.41193e+06,2.70226e+06,1.14349e+07,0,0,0,0,2.20624,61.308,1.44941,0,0.04,2.0617,1.7593,0,1.59262,2.96352,9.16889e+06,3.61194e+06,1.89035e+07,0,0,0,5.98956e+07
77.8775,85.139,1.40886,0.09,0.04,2.59235,2.89475,0,0.485705,4.47552,4.41193e+06,2.70226e+06,1.14372e+07,0,0,0,0,1.50749,61.308,1.43046,0,0.04,2.06202,1.75962,0,1.59287,2.96352,9.16889e+06,3.61194e+06,1.89065e+07,0,0,0,5.98956e+07
76.4508,85.139,1.29664,0.08,0.04,2.66045,2.96285,0,0.485806,4.47552,4.41193e+06,2.70226e+06,1.17377e+07,0,0,0,0,0.996444,61.308,1.3573,0,0.04,1.50749,1.80296,0.597862,1.59312,2.96352,9.16889e+06,3.61194e+06,1.3822e+07,0,0,0,5.98956e+07
74.9522,85.139,1.22784,0.08,0.04,2.661,2.9634,0,0.498569,4.47552,4.41193e+06,2.70226e+06,1.17401e+07,0,0,0,0,1.12105,61.308,1.42356,0,0.04,0.996444,1.80329,1.10925,1.16469,2.96352,9.16889e+06,3.61194e+06,9.13628e+06,0,0,0,5.98956e+07
73.4032,85.139,1.15799,0.07,0.04,2.66155,2.96395,0,0.498672,4.47552,4.41193e+06,2.70226e+06,1.17426e+07,0,0,0,0,1.01749,61.308,1.50775,0,0.04,1.12105,1.80362,0.984969,0.769853,2.96352,9.16889e+06,3.61194e+06,1.02788e+07,0,0,0,5.98956e+07
71.7939,85.139,1.08378,0.12,0.04,2.6621,2.9645,0,0.498775,4.47552,4.41193e+06,2.70226e+06,1.1745e+07,0,0,0,0,1.07767,61.308,1.38071,0,0.04,1.01749,1.80396,1.08886,0.866126,2.96352,9.16889e+06,3.61194e+06,9.32927e+06,0,0,0,5.98956e+07
70.0193,85.139,1.06484,0.12,0.04,2.86067,3.16307,0,0.498877,4.47552,4.41193e+06,2.70226e+06,1.26211e+07,0,0,0,0,0.956925,61.308,1.47701,0,0.04,1.07767,1.95963,1.18437,0.786114,2.96352,9.16889e+06,3.61194e+06,9.88099e+06,0,0,0,5.98956e+07
68.4193,85.139,1.23193,0.12,0.04,2.86126,3.16366,0,0.53609,4.47552,4.41193e+06,2.70226e+06,1.26237e+07,0,0,0,0,0.777887,61.308,1.33564,0,0.04,0.956925,1.96,1.30547,0.832604,2.96352,9.16889e+06,3.61194e+06,8.77393e+06,0,0,0,5.98956e+07
66.6688,85.139,1.09839,0.12,0.04,2.86184,3.16424,0,0.5362,4.47552,4.41193e+06,2.70226e+06,1.26262e+07,0,0,0,0,0.83133,61.308,1.14269,0,0.04,0.777887,1.96036,1.48487,0.73932,2.96352,9.16889e+06,3.61194e+06,7.13236e+06,0,0,0,5.98956e+07
64.9548,85.139,1.10795,0.16,0.04,2.86243,3.16483,0,0.536309,4.47552,4.41193e+06,2.70226e+06,1.26288e+07,0,0,0,0,1.10246,61.308,1.22697,0,0.04,0.83133,1.96072,1.43179,0.600996,2.96352,9.16889e+06,3.61194e+06,7.62237e+06,0,0,0,5.98956e+07
63.2642,85.139,1.11833,0.16,0.04,2.86301,3.16541,0,0.536419,4.47552,4.41193e+06,2.70226e+06,1.26314e+07,0,0,0,0,1.12111,61.308,1.46817,0,0.04,1.10246,1.96108,1.16103,0.642286,2.96352,9.16889e+06,3.61194e+06,1.01083e+07,0,0,0,5.98956e+07
61.5803,85.139,1.01847,0.16,0.04,2.767,3.0694,0,0.536529,4.47552,4.41193e+06,2.70226e+06,1.22078e+07,0,0,0,0,1.14293,61.308,1.58162,0,0.04,1.12111,1.86707,1.04837,0.85176,2.96352,9.16889e+06,3.61194e+06,1.02793e+07,0,0,0,5.98956e+07
59.8118,85.139,0.922119,0.19,0.04,2.76757,3.06997,0,0.518536,4.47552,4.41193e+06,2.70226e+06,1.22103e+07,0,0,0,0,1.16784,61.308,1.88896,0,0.04,1.14293,1.86742,1.02689,0.866167,2.96352,9.16889e+06,3.61194e+06,1.04794e+07,0,0,0,5.98956e+07
58.083,85.139,0.956811,0.19,0.04,2.76814,3.07054,0,0.518643,4.47552,4.41193e+06,2.70226e+06,1.22128e+07,0,0,0,0,1.16465,61.308,1.82926,0,0.04,1.16784,1.86776,1.00233,0.883029,2.96352,9.16889e+06,3.61194e+06,1.07078e+07,0,0,0,5.98956e+07
57.9837,85.139,2.78264,0.19,0.04,2.76871,3.07111,0,0.518749,4.47552,4.41193e+06,2.70226e+06,1.22153e+07,0,0,0,0,1.57136,61.308,3.03726,0,0.04,1.16465,1.86811,1.00586,0.902271,2.96352,9.16889e+06,3.61194e+06,1.06785e+07,0,0,0,5.98956e+07
57.2571,85.139,2.06834,0.19,0.04,2.68993,2.99233,0,0.518856,4.47552,4.41193e+06,2.70226e+06,1.18678e+07,0,0,0,0,1.38772,61.308,2.85264,0,0.04,1.57136,1.78249,0.513527,0.899808,2.96352,9.16889e+06,3.61194e+06,1.44076e+07,0,0,0,5.98956e+07
56.4974,85.139,2.05336,0.18,0.04,2.69048,2.99288,0,0.504092,4.47552,4.41193e+06,2.70226e+06,1.18702e+07,0,0,0,0,1.35862,61.308,2.82371,0,0.04,1.38772,1.78282,0.6975,1.21403,2.96352,9.16889e+06,3.61194e+06,1.27238e+07,0,0,0,5.98956e+07
55.3701,85.139,1.65119,0.22,0.04,2.69103,2.99343,0,0.504196,4.47552,4.41193e+06,2.70226e+06,1.18727e+07,0,0,0,0,1.21488,61.308,1.58258,0,0.04,1.35862,1.78315,0.726931,1.07215,2.96352,9.16889e+06,3.61194e+06,1.2457e+07,0,0,0,5.98956e+07
56.0327,85.139,3.49306,0.21,0.04,2.69159,2.99399,0,0.5043,4.47552,4.41193e+06,2.70226e+06,1.18751e+07,0,0,0,0,1.55153,61.308,3.49697,0,0.04,1.21488,1.78348,0.871,1.04967,2.96352,9.16889e+06,3.61194e+06,1.11391e+07,0,0,0,5.98956e+07
60.2942,85.139,7.1293,0.21,0.04,2.46662,2.76902,0,0.504404,4.47552,4.41193e+06,2.70226e+06,1.08825e+07,0,0,0,0,2.15416,61.308,7.47716,0,0.04,1.55153,1.60463,0.355498,0.938615,2.96352,9.16889e+06,3.61194e+06,1.42258e+07,0,0,0,5.98956e+07
60.2059,85.139,2.58044,0.16,0.04,2.46713,2.76953,0,0.462244,4.47552,4.41193e+06,2.70226e+06,1.08848e+07,0,0,0,0,1.89675,61.308,3.33911,0,0.04,1.90733,1.60493,0,1.19871,2.96352,9.16889e+06,3.61194e+06,1.74881e+07,0,0,0,5.98956e+07
60.0913,85.139,2.72062,0.18,0.04,2.46764,2.77004,0,0.46234,4.47552,4.41193e+06,2.70226e+06,1.08871e+07,0,0,0,0,1.81777,61.308,4.02098,0,0.04,1.89675,1.60523,0.0108713,1.4736,2.96352,9.16889e+06,3.61194e+06,1.73911e+07,0,0,0,5.98956e+07
63.5471,85.139,6.34156,0.19,0.04,2.46816,2.77056,0,0.462437,4.47552,4.41193e+06,2.70226e+06,1.08893e+07,0,0,0,0,2.07677,61.308,5.81697,0,0.04,1.81777,1.60552,0.0901512,1.46543,2.96352,9.16889e+06,3.61194e+06,1.66669e+07,0,0,0,5.98956e+07
66.245,85.139,5.88079,0.16,0.04,2.46867,2.77107,0,0.462533,4.47552,4.41193e+06,2.70226e+06,1.08916e+07,0,0,0,0,2.07746,61.308,4.48418,0,0.04,1.90822,1.60582,0,1.40441,2.96352,9.16889e+06,3.61194e+06,1.74962e+07,0,0,0,5.98956e+07
66.9229,85.139,3.59551,0.18,0.04,2.46867,2.77107,0,0.462629,4.47552,4.41193e+06,2.70226e+06,1.08916e+07,0,0,0,0,2.19182,61.308,4.87027,0,0.04,1.90822,1.60582,0,1.47429,2.96352,9.16889e+06,3.61194e+06,1.74962e+07,0,0,0,5.98956e+07
67.0473,85.139,3.38584,0.2,0.04,2.8584,2.8584,0,0.462629,4.47552,4.41193e+06,2.70226e+06,1.26111e+07,0,0,0,0,2.43788,61.308,4.65351,0.01,0.04,1.65804,1.65804,0,1.47429,2.96352,9.16889e+06,3.61194e+06,1.52024e+07,0,0,0,5.98956e+07
66.5462,85.139,2.68701,0.22,0.04,2.85891,2.85891,0,0.535664,4.47552,4.41193e+06,2.70226e+06,1.26133e+07,0,0,0,0,2.50314,61.308,3.72191,0.01,0.04,1.65834,1.65834,0,1.281,2.96352,9.16889e+06,3.61194e+06,1.52051e+07,0,0,0,5.98956e+07
65.5235,85.139,2.05373,0.22,0.04,2.85941,2.85941,0,0.535759,4.47552,4.41193e+06,2.70226e+06,1.26155e+07,0,0,0,0,2.48584,61.308,3.29351,0.01,0.04,1.65863,1.65863,0,1.28123,2.96352,9.16889e+06,3.61194e+06,1.52078e+07,0,0,0,5.98956e+07
64.4738,85.139,2.04409,0.22,0.04,2.85992,2.85992,0,0.535854,4.47552,4.41193e+06,2.70226e+06,1.26178e+07,0,0,0,0,2.45039,61.308,3.16325,0.01,0.04,1.65893,1.65893,0,1.28146,2.96352,9.16889e+06,3.61194e+06,1.52105e+07,0,0,0,5.98956e+07
66.1607,85.139,5.31826,0.25,0.04,3.13943,3.13943,0,0.535949,4.47552,4.41193e+06,2.70226e+06,1.38509e+07,0,0,0,0,2.70679,61.308,5.90968,0.01,0.04,1.85431,1.85431,0,1.28169,2.96352,9.16889e+06,3.61194e+06,1.70019e+07,0,0,0,5.98956e+07
66.5095,85.139,3.93553,0.26,0.04,3.13998,3.13998,0,0.588329,4.47552,4.41193e+06,2.70226e+06,1.38534e+07,0,0,0,0,2.96206,61.308,4.88053,0.01,0.04,1.85464,1.85464,0,1.43264,2.96352,9.16889e+06,3.61194e+06,1.7005e+07,0,0,0,5.98956e+07
65.8041,85.139,2.72065,0.26,0.04,3.14054,3.14054,0,0.588433,4.47552,4.41193e+06,2.70226e+06,1.38558e+07,0,0,0,0,2.76453,61.308,2.4916,0.01,0.04,1.85497,1.85497,0,1.43289,2.96352,9.16889e+06,3.61194e+06,1.7008e+07,0,0,0,5.98956e+07
64.687,85.139,2.23143,0.26,0.04,3.1411,3.1411,0,0.588537,4.47552,4.41193e+06,2.70226e+06,1.38583e+07,0,0,0,0,2.59031,61.308,2.0855,0.01,0.04,1.8553,1.8553,0,1.43315,2.96352,9.16889e+06,3.61194e+06,1.7011e+07,0,0,0,5.98956e+07
65.6923,85.139,4.13497,0.27,0.04,2.74343,2.74343,0,0.588642,4.47552,4.41193e+06,2.70226e+06,1.21038e+07,0,0,0,0,3.15043,61.308,5.11538,0.01,0.04,1.59363,1.59363,0,1.4334,2.96352,9.16889e+06,3.61194e+06,1.46118e+07,0,0,0,5.98956e+07
66.98,85.139,4.44788,0.3,0.04,2.74392,2.74392,0,0.514119,4.47552,4.41193e+06,2.70226e+06,1.2106e+07,0,0,0,0,3.93839,61.308,6.322,0.01,0.04,1.59391,1.59391,0,1.23124,2.96352,9.16889e+06,3.61194e+06,1.46144e+07,0,0,0,5.98956e+07
68.3234,85.139,4.52426,0.34,0.04,2.7444,2.7444,0,0.51421,4.47552,4.41193e+06,2.70226e+06,1.21081e+07,0,0,0,0,4.49858,61.308,5.02921,0.01,0.04,1.59419,1.59419,0,1.23146,2.96352,9.16889e+06,3.61194e+06,1.4617e+07,0,0,0,5.98956e+07
69.4007,85.139,4.25104,0.29,0.04,2.74489,2.74489,0,0.514301,4.47552,4.41193e+06,2.70226e+06,1.21103e+07,0,0,0,0,5.04183,61.308,4.81628,0.01,0.04,1.59448,1.59448,0,1.23167,2.96352,9.16889e+06,3.61194e+06,1.46196e+07,0,0,0,5.98956e+07
70.7661,85.139,4.62542,0.32,0.04,2.74538,2.74538,0,0.514392,4.47552,4.41193e+06,2.70226e+06,1.21124e+07,0,0,0,0,6.0711,61.308,6.79693,0.01,0.04,1.59476,1.59476,0,1.23189,2.96352,9.16889e+06,3.61194e+06,1.46222e+07,0,0,0,5.98956e+07
72.7424,85.139,5.1592,0.37,0.04,2.54379,2.84619,0,0.514484,4.47552,4.41193e+06,2.70226e+06,1.1223e+07,0,0,0,0,7.52501,61.308,7.8237,0,0.04,1.96159,1.65919,0,1.23211,2.96352,9.16889e+06,3.61194e+06,1.79856e+07,0,0,0,5.98956e+07
74.1052,85.139,4.51982,0.38,0.04,2.5443,2.8467,0,0.476707,4.47552,4.41193e+06,2.70226e+06,1.12253e+07,0,0,0,0,8.74507,61.308,7.16196,0,0.04,1.96189,1.65949,0,1.51553,2.96352,9.16889e+06,3.61194e+06,1.79883e+07,0,0,0,5.98956e+07
75.5896,85.139,4.62535,0.29,0.04,2.5448,2.8472,0,0.476801,4.47552,4.41193e+06,2.70226e+06,1.12275e+07,0,0,0,0,9.92204,61.308,7.23065,0,0.04,1.96218,1.65978,0,1.51575,2.96352,9.16889e+06,3.61194e+06,1.7991e+07,0,0,0,5.98956e+07
77.0706,85.139,4.60582,0.29,0.04,2.54531,2.84771,0,0.476896,4.47552,4.41193e+06,2.70226e+06,1.12297e+07,0,0,0,0,10.9454,61.308,6.39734,0,0.04,1.96248,1.66008,0,1.51598,2.96352,9.16889e+06,3.61194e+06,1.79937e+07,0,0,0,5.98956e+07
77.4525,85.139,3.35876,0.28,0.04,2.50656,2.80896,0,0.47699,4.47552,4.41193e+06,2.70226e+06,1.10587e+07,0,0,0,0,11.4883,61.308,5.87334,0,0.04,1.93784,1.63544,0,1.51621,2.96352,9.16889e+06,3.61194e+06,1.77678e+07,0,0,0,5.98956e+07
77.4491,85.139,2.95415,0.27,0.04,2.50705,2.80945,0,0.469729,4.47552,4.41193e+06,2.70226e+06,1.10609e+07,0,0,0,0,11.9546,61.308,5.24726,0,0.04,1.93813,1.63573,0,1.49717,2.96352,9.16889e+06,3.61194e+06,1.77705e+07,0,0,0,5.98956e+07
77.6752,85.139,3.20259,0.25,0.04,2.50755,2.80995,0,0.469822,4.47552,4.41193e+06,2.70226e+06,1.10631e+07,0,0,0,0,12.3696,61.308,4.44625,0,0.04,1.93842,1.63602,0,1.4974,2.96352,9.16889e+06,3.61194e+06,1.77731e+07,0,0,0,5.98956e+07
77.7447,85.139,2.96378,0.24,0.04,2.50805,2.81045,0,0.469915,4.47552,4.41193e+06,2.70226e+06,1.10653e+07,0,0,0,0,12.7268,61.308,4.82305,0,0.04,1.93871,1.63631,0,1.49762,2.96352,9.16889e+06,3.61194e+06,1.77758e+07,0,0,0,5.98956e+07
77.2097,85.139,2.39785,0.2,0.04,2.64189,2.94429,0,0.470009,4.47552,4.41193e+06,2.70226e+06,1.16558e+07,0,0,0,0,12.8095,61.308,4.10939,0,0.04,2.02748,1.72508,0,1.49784,2.96352,9.16889e+06,3.61194e+06,1.85897e+07,0,0,0,5.98956e+07
76.5218,85.139,2.22687,0.18,0.04,2.64241,2.94481,0,0.495091,4.47552,4.41193e+06,2.70226e+06,1.16581e+07,0,0,0,0,12.9154,61.308,3.90918,0,0.04,2.02779,1.72539,0,1.56643,2.96352,9.16889e+06,3.61194e+06,1.85925e+07,0,0,0,5.98956e+07
75.7082,85.139,2.08579,0.15,0.04,2.64294,2.94534,0,0.495188,4.47552,4.41193e+06,2.70226e+06,1.16604e+07,0,0,0,0,12.9662,61.308,3.75705,0,0.04,2.02809,1.72569,0,1.56667,2.96352,9.16889e+06,3.61194e+06,1.85953e+07,0,0,0,5.98956e+07
74.7989,85.139,1.95597,0.12,0.04,2.64346,2.94586,0,0.495286,4.47552,4.41193e+06,2.70226e+06,1.16628e+07,0,0,0,0,12.963,61.308,3.53557,0,0.04,2.0284,1.726,0,1.5669,2.96352,9.16889e+06,3.61194e+06,1.85981e+07,0,0,0,5.98956e+07
73.9424,85.139,1.94383,0.1,0.04,2.64398,2.94638,0,0.495384,4.47552,4.41193e+06,2.70226e+06,1.16651e+07,0,0,0,0,12.9185,61.308,3.34836,0,0.04,2.0287,1.7263,0,1.56714,2.96352,9.16889e+06,3.61194e+06,1.8601e+07,0,0,0,5.98956e+07
73.1854,85.139,2.00758,0.09,0.04,2.61811,2.92051,0,0.495482,4.47552,4.41193e+06,2.70226e+06,1.15509e+07,0,0,0,0,12.873,61.308,3.03966,0,0.04,2.07768,1.77528,0,1.56738,2.96352,9.16889e+06,3.61194e+06,1.90501e+07,0,0,0,5.98956e+07
72.3066,85.139,1.87903,0.16,0.04,2.61863,2.92103,0,0.490634,4.47552,4.41193e+06,2.70226e+06,1.15532e+07,0,0,0,0,12.7969,61.308,2.91808,0,0.04,2.078,1.7756,0,1.60522,2.96352,9.16889e+06,3.61194e+06,1.90529e+07,0,0,0,5.98956e+07
71.2693,85.139,1.71228,0.14,0.04,2.61915,2.92155,0,0.490731,4.47552,4.41193e+06,2.70226e+06,1.15555e+07,0,0,0,0,12.6874,61.308,2.77705,0,0.04,2.07831,1.77591,0,1.60546,2.96352,9.16889e+06,3.61194e+06,1.90558e+07,0,0,0,5.98956e+07
70.102,85.139,1.55513,0.14,0.04,2.61966,2.92206,0,0.490828,4.47552,4.41193e+06,2.70226e+06,1.15578e+07,0,0,0,0,12.5325,61.308,2.54155,0,0.04,2.07863,1.77623,0,1.60571,2.96352,9.16889e+06,3.61194e+06,1.90587e+07,0,0,0,5.98956e+07
68.8943,85.139,1.55544,0.14,0.04,2.68839,2.99079,0,0.490925,4.47552,4.41193e+06,2.70226e+06,1.1861e+07,0,0,0,0,12.2732,61.308,2.46746,0,0.04,2.12236,1.81996,0,1.60595,2.96352,9.16889e+06,3.61194e+06,1.94596e+07,0,0,0,5.98956e+07
67.621,85.139,1.4662,0.14,0.04,2.68892,2.99132,0,0.503804,4.47552,4.41193e+06,2.70226e+06,1.18633e+07,0,0,0,0,11.9512,61.308,2.58577,0,0.04,2.12268,1.82028,0,1.63973,2.96352,9.16889e+06,3.61194e+06,1.94626e+07,0,0,0,5.98956e+07
66.2694,85.139,1.37239,0.19,0.04,2.68945,2.99185,0,0.503904,4.47552,4.41193e+06,2.70226e+06,1.18657e+07,0,0,0,0,11.5898,61.308,2.36934,0,0.04,2.123,1.8206,0,1.63998,2.96352,9.16889e+06,3.61194e+06,1.94656e+07,0,0,0,5.98956e+07
64.9117,85.139,1.34782,0.18,0.04,2.68998,2.99238,0,0.504003,4.47552,4.41193e+06,2.70226e+06,1.1868e+07,0,0,0,0,11.2705,61.308,2.53627,0,0.04,2.12332,1.82092,0,1.64023,2.96352,9.16889e+06,3.61194e+06,1.94685e+07,0,0,0,5.98956e+07
63.3379,85.139,1.26438,0.17,0.04,2.89039,3.19279,0,0.504102,4.47552,4.41193e+06,2.70226e+06,1.27522e+07,0,0,0,0,10.9312,61.308,2.36137,0,0.04,2.28045,1.97805,0,1.64048,2.96352,9.16889e+06,3.61194e+06,2.09092e+07,0,0,0,5.98956e+07
61.5695,85.139,1.04525,0.16,0.04,2.89096,3.19336,0,0.54166,4.47552,4.41193e+06,2.70226e+06,1.27547e+07,0,0,0,0,10.5174,61.308,2.05648,0,0.04,2.2808,1.9784,0,1.76187,2.96352,9.16889e+06,3.61194e+06,2.09124e+07,0,0,0,5.98956e+07
59.7983,85.139,1.01782,0.22,0.04,2.89153,3.19393,0,0.541766,4.47552,4.41193e+06,2.70226e+06,1.27572e+07,0,0,0,0,10.0757,61.308,1.93701,0,0.04,2.28115,1.97875,0,1.76214,2.96352,9.16889e+06,3.61194e+06,2.09156e+07,0,0,0,5.98956e+07
58.4737,85.139,1.45596,0.21,0.04,2.89209,3.19449,0,0.541872,4.47552,4.41193e+06,2.70226e+06,1.27597e+07,0,0,0,0,9.6978,61.308,2.26927,0,0.04,2.2815,1.9791,0,1.76242,2.96352,9.16889e+06,3.61194e+06,2.09188e+07,0,0,0,5.98956e+07
57.2493,85.139,1.60008,0.21,0.04,2.89266,3.19506,0,0.541978,4.47552,4.41193e+06,2.70226e+06,1.27622e+07,0,0,0,0,9.42333,61.308,2.41002,0,0.04,2.28185,1.97945,0,1.76269,2.96352,9.16889e+06,3.61194e+06,2.0922e+07,0,0,0,5.98956e+07
55.6227,85.139,1.05171,0.21,0.04,2.79572,3.09812,0,0.542084,4.47552,4.41193e+06,2.70226e+06,1.23345e+07,0,0,0,0,9.15478,61.308,2.3579,0,0.04,2.18694,1.88454,0,1.76296,2.96352,9.16889e+06,3.61194e+06,2.00518e+07,0,0,0,5.98956e+07
54.1881,85.139,1.25564,0.23,0.04,2.79627,3.09867,0,0.523919,4.47552,4.41193e+06,2.70226e+06,1.2337e+07,0,0,0,0,8.91441,61.308,2.39552,0,0.04,2.18728,1.88488,0,1.68963,2.96352,9.16889e+06,3.61194e+06,2.00549e+07,0,0,0,5.98956e+07
53.4125,85.139,1.9503,0.23,0.04,2.79682,3.09922,0,0.524022,4.47552,4.41193e+06,2.70226e+06,1.23394e+07,0,0,0,0,9.07561,61.308,4.14421,0,0.04,2.18761,1.88521,0,1.68989,2.96352,9.16889e+06,3.61194e+06,2.0058e+07,0,0,0,5.98956e+07
52.3406,85.139,1.70061,0.23,0.04,2.79737,3.09977,0,0.524125,4.47552,4.41193e+06,2.70226e+06,1.23418e+07,0,0,0,0,9.03446,61.308,3.27775,0,0.04,2.18795,1.88555,0,1.69015,2.96352,9.16889e+06,3.61194e+06,2.0061e+07,0,0,0,5.98956e+07
52.3227,85.139,2.76802,0.24,0.04,2.71783,3.02023,0,0.524227,4.47552,4.41193e+06,2.70226e+06,1.19909e+07,0,0,0,0,9.27481,61.308,3.49325,0,0.04,2.10151,1.79911,0,1.69041,2.96352,9.16889e+06,3.61194e+06,1.92685e+07,0,0,0,5.98956e+07
52.4407,85.139,3.06996,0.24,0.04,2.71837,3.02077,0,0.509322,4.47552,4.41193e+06,2.70226e+06,1.19932e+07,0,0,0,0,10.2442,61.308,5.13299,0,0.04,2.10183,1.79943,0,1.62363,2.96352,9.16889e+06,3.61194e+06,1.92715e+07,0,0,0,5.98956e+07
52.5655,85.139,3.05684,0.24,0.04,2.7189,3.0213,0,0.509422,4.47552,4.41193e+06,2.70226e+06,1.19956e+07,0,0,0,0,10.9647,61.308,5.93109,0,0.04,2.10215,1.79975,0,1.62387,2.96352,9.16889e+06,3.61194e+06,1.92744e+07,0,0,0,5.98956e+07
54.6134,85.139,5.03481,0.23,0.04,2.71944,3.02184,0,0.509522,4.47552,4.41193e+06,2.70226e+06,1.1998e+07,0,0,0,0,11.4518,61.308,5.03902,0,0.04,2.10247,1.80007,0,1.62412,2.96352,9.16889e+06,3.61194e+06,1.92773e+07,0,0,0,5.98956e+07
54.9816,85.139,3.10229,0.22,0.04,2.49235,2.79475,0,0.509623,4.47552,4.41193e+06,2.70226e+06,1.09961e+07,0,0,0,0,11.6839,61.308,3.819,0,0.04,1.92195,1.61955,0,1.62437,2.96352,9.16889e+06,3.61194e+06,1.76221e+07,0,0,0,5.98956e+07
55.8769,85.139,3.62845,0.24,0.04,2.49285,2.79525,0,0.467067,4.47552,4.41193e+06,2.70226e+06,1.09983e+07,0,0,0,0,11.9917,61.308,4.22155,0,0.04,1.92223,1.61983,0,1.48489,2.96352,9.16889e+06,3.61194e+06,1.76247e+07,0,0,0,5.98956e+07
57.0212,85.139,3.93103,0.24,0.04,2.49335,2.79575,0,0.46716,4.47552,4.41193e+06,2.70226e+06,1.10005e+07,0,0,0,0,12.2156,61.308,4.35413,0,0.04,1.92252,1.62012,0,1.48512,2.96352,9.16889e+06,3.61194e+06,1.76274e+07,0,0,0,5.98956e+07
59.624,85.139,5.38198,0.23,0.04,2.49384,2.79624,0,0.467253,4.47552,4.41193e+06,2.70226e+06,1.10027e+07,0,0,0,0,12.3846,61.308,4.07328,0,0.04,1.92281,1.62041,0,1.48534,2.96352,9.16889e+06,3.61194e+06,1.763e+07,0,0,0,5.98956e+07
63.5324,85.139,6.94646,0.26,0.04,2.49434,2.79674,0,0.467346,4.47552,4.41193e+06,2.70226e+06,1.10048e+07,0,0,0,0,13.5579,61.308,6.63895,0,0.04,1.92309,1.62069,0,1.48556,2.96352,9.16889e+06,3.61194e+06,1.76326e+07,0,0,0,5.98956e+07
70.1847,85.139,9.93161,0.22,0.04,2.58245,2.88485,0,0.467439,4.47552,4.41193e+06,2.70226e+06,1.13936e+07,0,0,0,0,14.2663,61.308,7.29519,0,0.04,1.97579,1.67339,0,1.48578,2.96352,9.16889e+06,3.61194e+06,1.81158e+07,0,0,0,5.98956e+07
74.921,85.139,8.01836,0.17,0.04,2.58294,2.88534,0,0.483952,4.47552,4.41193e+06,2.70226e+06,1.13958e+07,0,0,0,0,15.2292,61.308,5.4281,0,0.04,1.97607,1.67367,0,1.52649,2.96352,9.16889e+06,3.61194e+06,1.81184e+07,0,0,0,5.98956e+07
80.6002,85.139,8.98562,0.11,0.04,2.58343,2.88583,0,0.484043,4.47552,4.41193e+06,2.70226e+06,1.13979e+07,0,0,0,0,15.4723,61.308,4.0374,0,0.04,1.97636,1.67396,0,1.52671,2.96352,9.16889e+06,3.61194e+06,1.8121e+07,0,0,0,5.98956e+07
84.4452,85.139,7.16886,0.09,0.04,2.58392,2.88632,0,0.484135,4.47552,4.41193e+06,2.70226e+06,1.14001e+07,0,0,0,0,15.6774,61.308,3.68288,0,0.04,1.97664,1.67424,0,1.52693,2.96352,9.16889e+06,3.61194e+06,1.81236e+07,0,0,0,5.98956e+07
85.139,85.139,12.8247,0.09,0.04,2.86598,3.16838,0,0.484227,4.47552,4.41193e+06,2.70226e+06,1.26445e+07,0,0,0,0,16.3955,61.308,6.94761,0,0.04,2.17381,1.87141,0,1.52715,2.96352,9.16889e+06,3.61194e+06,1.99314e+07,0,0,0,5.98956e+07
85.139,85.139,9.59129,0.09,0.04,2.86652,3.16892,0,0.537085,4.47552,4.41193e+06,2.70226e+06,1.26469e+07,0,0,0,0,16.712,61.308,5.16072,0,0.04,2.17413,1.87173,0,1.67949,2.96352,9.16889e+06,3.61194e+06,1.99343e+07,0,0,0,5.98956e+07
85.139,85.139,7.65972,0.09,0.04,2.86706,3.16946,0,0.537186,4.47552,4.41193e+06,2.70226e+06,1.26493e+07,0,0,0,0,16.9098,61.308,4.93822,0,0.04,2.17445,1.87205,0,1.67973,2.96352,9.16889e+06,3.61194e+06,1.99373e+07,0,0,0,5.98956e+07
85.139,85.139,7.19019,0.08,0.04,2.8676,3.17,0,0.537287,4.47552,4.41193e+06,2.70226e+06,1.26516e+07,0,0,0,0,17.1249,61.308,5.14939,0,0.04,2.17476,1.87236,0,1.67998,2.96352,9.16889e+06,3.61194e+06,1.99402e+07,0,0,0,5.98956e+07
85.139,85.139,7.51847,0.08,0.04,2.46625,2.76865,0,0.537388,4.47552,4.41193e+06,2.70226e+06,1.08809e+07,0,0,0,0,17.5093,61.308,5.31432,0,0.04,1.91068,1.60828,0,1.68022,2.96352,9.16889e+06,3.61194e+06,1.75188e+07,0,0,0,5.98956e+07
85.139,85.139,8.26843,0.08,0.04,2.46672,2.76912,0,0.462175,4.47552,4.41193e+06,2.70226e+06,1.0883e+07,0,0,0,0,17.4969,61.308,5.54766,0,0.04,1.91095,1.60855,0,1.47619,2.96352,9.16889e+06,3.61194e+06,1.75213e+07,0,0,0,5.98956e+07
85.139,85.139,14.1975,0.11,0.04,2.46719,2.76959,0,0.462263,4.47552,4.41193e+06,2.70226e+06,1.08851e+07,0,0,0,0,18.5777,61.308,8.69399,0,0.04,1.91122,1.60882,0,1.4764,2.96352,9.16889e+06,3.61194e+06,1.75238e+07,0,0,0,5.98956e+07
85.139,85.139,10.612,0.12,0.04,2.46766,2.77006,0,0.462351,4.47552,4.41193e+06,2.70226e+06,1.08871e+07,0,0,0,0,19.0243,61.308,5.98664,0,0.04,1.9115,1.6091,0,1.47661,2.96352,9.16889e+06,3.61194e+06,1.75263e+07,0,0,0,5.98956e+07
85.139,85.139,8.20202,0.12,0.04,2.46813,2.77053,0,0.462439,4.47552,4.41193e+06,2.70226e+06,1.08892e+07,0,0,0,0,19.2184,61.308,4.71518,0,0.04,1.91177,1.60937,0,1.47682,2.96352,9.16889e+06,3.61194e+06,1.75288e+07,0,0,0,5.98956e+07
85.139,85.139,9.32178,0.12,0.04,2.56984,2.87224,0,0.462527,4.47552,4.41193e+06,2.70226e+06,1.1338e+07,0,0,0,0,19.7443,61.308,5.6733,0,0.04,1.97678,1.67438,0,1.47703,2.96352,9.16889e+06,3.61194e+06,1.81249e+07,0,0,0,5.98956e+07
85.139,85.139,5.6804,0.13,0.04,2.57033,2.87273,0,0.481589,4.47552,4.41193e+06,2.70226e+06,1.13401e+07,0,0,0,0,19.8674,61.308,4.13797,0,0.04,1.97706,1.67466,0,1.52726,2.96352,9.16889e+06,3.61194e+06,1.81275e+07,0,0,0,5.98956e+07
85.139,85.139,4.78328,0.12,0.04,2.57082,2.87322,0,0.48168,4.47552,4.41193e+06,2.70226e+06,1.13423e+07,0,0,0,0,19.8901,61.308,3.90388,0,0.04,1.97735,1.67495,0,1.52748,2.96352,9.16889e+06,3.61194e+06,1.81301e+07,0,0,0,5.98956e+07
85.139,85.139,4.30879,0.12,0.04,2.57131,2.87371,0,0.481771,4.47552,4.41193e+06,2.70226e+06,1.13444e+07,0,0,0,0,19.854,61.308,3.58807,0,0.04,1.97763,1.67523,0,1.5277,2.96352,9.16889e+06,3.61194e+06,1.81327e+07,0,0,0,5.98956e+07
85.139,85.139,6.40802,0.11,0.04,2.53218,2.83458,0,0.481863,4.47552,4.41193e+06,2.70226e+06,1.11718e+07,0,0,0,0,20.0337,61.308,4.50496,0,0.04,1.95276,1.65036,0,1.52792,2.96352,9.16889e+06,3.61194e+06,1.79046e+07,0,0,0,5.98956e+07
85.139,85.139,5.43448,0.1,0.04,2.53266,2.83506,0,0.474531,4.47552,4.41193e+06,2.70226e+06,1.11739e+07,0,0,0,0,20.0776,61.308,3.79631,0,0.04,1.95304,1.65064,0,1.5087,2.96352,9.16889e+06,3.61194e+06,1.79072e+07,0,0,0,5.98956e+07
85.139,85.139,4.97442,0.08,0.04,2.53314,2.83554,0,0.474621,4.47552,4.41193e+06,2.70226e+06,1.1176e+07,0,0,0,0,20.0457,61.308,3.19002,0,0.04,1.95332,1.65092,0,1.50892,2.96352,9.16889e+06,3.61194e+06,1.79097e+07,0,0,0,5.98956e+07
85.139,85.139,4.64726,0.08,0.04,2.53362,2.83602,0,0.474711,4.47552,4.41193e+06,2.70226e+06,1.11782e+07,0,0,0,0,19.9589,61.308,2.8066,0,0.04,1.9536,1.6512,0,1.50913,2.96352,9.16889e+06,3.61194e+06,1.79123e+07,0,0,0,5.98956e+07
85.139,85.139,4.42387,0.07,0.04,2.66866,2.97106,0,0.474801,4.47552,4.41193e+06,2.70226e+06,1.17739e+07,0,0,0,0,19.8539,61.308,3.03831,0,0.04,2.04316,1.74076,0,1.50935,2.96352,9.16889e+06,3.61194e+06,1.87335e+07,0,0,0,5.98956e+07
85.139,85.139,4.21265,0.07,0.04,2.66916,2.97156,0,0.500107,4.47552,4.41193e+06,2.70226e+06,1.17762e+07,0,0,0,0,19.6971,61.308,2.81052,0,0.04,2.04346,1.74106,0,1.57855,2.96352,9.16889e+06,3.61194e+06,1.87362e+07,0,0,0,5.98956e+07
85.139,85.139,4.02955,0.07,0.04,2.66967,2.97207,0,0.500201,4.47552,4.41193e+06,2.70226e+06,1.17784e+07,0,0,0,0,19.5239,61.308,2.79064,0,0.04,2.04375,1.74135,0,1.57878,2.96352,9.16889e+06,3.61194e+06,1.87389e+07,0,0,0,5.98956e+07
85.139,85.139,3.84981,0.05,0.04,2.67017,2.97257,0,0.500296,4.47552,4.41193e+06,2.70226e+06,1.17806e+07,0,0,0,0,19.3537,61.308,2.98186,0,0.04,2.04405,1.74165,0,1.579,2.96352,9.16889e+06,3.61194e+06,1.87417e+07,0,0,0,5.98956e+07
85.139,85.139,3.54988,0.04,0.04,2.67068,2.97308,0,0.50039,4.47552,4.41193e+06,2.70226e+06,1.17828e+07,0,0,0,0,19.1269,61.308,2.70158,0,0.04,2.04434,1.74194,0,1.57923,2.96352,9.16889e+06,3.61194e+06,1.87444e+07,0,0,0,5.98956e+07
85.139,85.139,3.14698,0.03,0.04,2.64455,2.94695,0,0.500485,4.47552,4.41193e+06,2.70226e+06,1.16676e+07,0,0,0,0,18.8499,61.308,2.38259,0,0.04,2.09376,1.79136,0,1.57946,2.96352,9.16889e+06,3.61194e+06,1.91974e+07,0,0,0,5.98956e+07
85.0656,85.139,2.84596,0.03,0.04,2.64505,2.94745,0,0.495588,4.47552,4.41193e+06,2.70226e+06,1.16698e+07,0,0,0,0,18.5351,61.308,2.11487,0,0.04,2.09406,1.79166,0,1.61764,2.96352,9.16889e+06,3.61194e+06,1.92002e+07,0,0,0,5.98956e+07
84.8945,85.139,2.7031,0.06,0.04,2.64555,2.94795,0,0.495682,4.47552,4.41193e+06,2.70226e+06,1.1672e+07,0,0,0,0,18.1512,61.308,2.09611,0,0.04,2.09436,1.79196,0,1.61787,2.96352,9.16889e+06,3.61194e+06,1.9203e+07,0,0,0,5.98956e+07
84.4433,85.139,2.40407,0.07,0.04,2.64605,2.94845,0,0.495775,4.47552,4.41193e+06,2.70226e+06,1.16742e+07,0,0,0,0,17.7308,61.308,2.02115,0,0.04,2.09467,1.79227,0,1.6181,2.96352,9.16889e+06,3.61194e+06,1.92058e+07,0,0,0,5.98956e+07
83.9496,85.139,2.40936,0.06,0.04,2.71537,3.01777,0,0.495869,4.47552,4.41193e+06,2.70226e+06,1.198e+07,0,0,0,0,17.301,61.308,1.84821,0,0.04,2.13877,1.83637,0,1.61834,2.96352,9.16889e+06,3.61194e+06,1.96102e+07,0,0,0,5.98956e+07
83.3079,85.139,2.24429,0.06,0.04,2.71588,3.01828,0,0.50886,4.47552,4.41193e+06,2.70226e+06,1.19823e+07,0,0,0,0,16.844,61.308,1.85432,0,0.04,2.13908,1.83668,0,1.65242,2.96352,9.16889e+06,3.61194e+06,1.9613e+07,0,0,0,5.98956e+07
82.6382,85.139,2.21691,0.06,0.04,2.71639,3.01879,0,0.508956,4.47552,4.41193e+06,2.70226e+06,1.19845e+07,0,0,0,0,16.3704,61.308,1.88566,0,0.04,2.1394,1.837,0,1.65266,2.96352,9.16889e+06,3.61194e+06,1.96159e+07,0,0,0,5.98956e+07
81.8001,85.139,2.03808,0.07,0.04,2.7169,3.0193,0,0.509052,4.47552,4.41193e+06,2.70226e+06,1.19868e+07,0,0,0,0,15.6658,61.308,1.68658,0,0.04,2.13971,1.83731,0,1.6529,2.96352,9.16889e+06,3.61194e+06,1.96187e+07,0,0,0,5.98956e+07
80.636,85.139,1.83963,0.07,0.04,2.9191,3.2215,0,0.509148,4.47552,4.41193e+06,2.70226e+06,1.28788e+07,0,0,0,0,14.6816,61.308,1.38096,0,0.04,2.29823,1.99583,0,1.65314,2.96352,9.16889e+06,3.61194e+06,2.10722e+07,0,0,0,5.98956e+07
79.5377,85.139,1.88205,0.07,0.04,2.91964,3.22204,0,0.547039,4.47552,4.41193e+06,2.70226e+06,1.28813e+07,0,0,0,0,13.6082,61.308,1.13311,0,0.04,2.29857,1.99617,0,1.77561,2.96352,9.16889e+06,3.61194e+06,2.10753e+07,0,0,0,5.98956e+07
78.1289,85.139,1.5856,0.07,0.04,2.92019,3.22259,0,0.547141,4.47552,4.41193e+06,2.70226e+06,1.28837e+07,0,0,0,0,12.7245,61.308,0.997174,0,0.04,2.29891,1.99651,0,1.77587,2.96352,9.16889e+06,3.61194e+06,2.10784e+07,0,0,0,5.98956e+07
76.8862,85.139,1.72764,0.11,0.04,2.92074,3.22314,0,0.547244,4.47552,4.41193e+06,2.70226e+06,1.28861e+07,0,0,0,0,11.8672,61.308,1.32258,0,0.04,2.29925,1.99685,0,1.77614,2.96352,9.16889e+06,3.61194e+06,2.10815e+07,0,0,0,5.98956e+07
75.4809,85.139,1.55521,0.11,0.04,2.92128,3.22368,0,0.547346,4.47552,4.41193e+06,2.70226e+06,1.28885e+07,0,0,0,0,10.7731,61.308,1.19533,0,0.04,2.29958,1.99718,0,1.7764,2.96352,9.16889e+06,3.61194e+06,2.10846e+07,0,0,0,5.98956e+07
73.7777,85.139,1.12078,0.11,0.04,2.82345,3.12585,0,0.547448,4.47552,4.41193e+06,2.70226e+06,1.24569e+07,0,0,0,0,9.68467,61.308,1.06429,0,0.04,2.20381,1.90141,0,1.77666,2.96352,9.16889e+06,3.61194e+06,2.02065e+07,0,0,0,5.98956e+07
72.1635,85.139,1.25113,0.14,0.04,2.82398,3.12638,0,0.529115,4.47552,4.41193e+06,2.70226e+06,1.24592e+07,0,0,0,0,8.86084,61.308,1.0065,0,0.04,2.20414,1.90174,0,1.70267,2.96352,9.16889e+06,3.61194e+06,2.02095e+07,0,0,0,5.98956e+07
70.9461,85.139,1.66313,0.14,0.04,2.82451,3.12691,0,0.529215,4.47552,4.41193e+06,2.70226e+06,1.24616e+07,0,0,0,0,8.50377,61.308,1.36271,0,0.04,2.20446,1.90206,0,1.70292,2.96352,9.16889e+06,3.61194e+06,2.02124e+07,0,0,0,5.98956e+07
70.213,85.139,2.22199,0.14,0.04,2.82505,3.12745,0,0.529314,4.47552,4.41193e+06,2.70226e+06,1.24639e+07,0,0,0,0,7.78327,61.308,1.91593,0,0.04,2.20478,1.90238,0,1.70316,2.96352,9.16889e+06,3.61194e+06,2.02154e+07,0,0,0,5.98956e+07
68.6736,85.139,1.30958,0.13,0.04,2.74477,3.04717,0,0.529413,4.47552,4.41193e+06,2.70226e+06,1.21097e+07,0,0,0,0,6.49865,61.308,1.00397,0,0.04,2.11756,1.81516,0,1.70341,2.96352,9.16889e+06,3.61194e+06,1.94157e+07,0,0,0,5.98956e+07
66.7655,85.139,0.931669,0.14,0.04,2.74529,3.04769,0,0.51437,4.47552,4.41193e+06,2.70226e+06,1.2112e+07,0,0,0,0,5.67966,61.308,0.607834,0,0.04,2.11787,1.81547,0,1.63603,2.96352,9.16889e+06,3.61194e+06,1.94185e+07,0,0,0,5.98956e+07
65.1577,85.139,1.22996,0.17,0.04,2.74581,3.04821,0,0.514467,4.47552,4.41193e+06,2.70226e+06,1.21143e+07,0,0,0,0,5.30871,61.308,1.50151,0,0.04,2.11818,1.81578,0,1.63626,2.96352,9.16889e+06,3.61194e+06,1.94213e+07,0,0,0,5.98956e+07
65.5558,85.139,3.34625,0.17,0.04,2.74632,3.04872,0,0.514564,4.47552,4.41193e+06,2.70226e+06,1.21166e+07,0,0,0,0,4.84358,61.308,2.92035,0,0.04,2.11848,1.81608,0,1.6365,2.96352,9.16889e+06,3.61194e+06,1.94241e+07,0,0,0,5.98956e+07
64.5661,85.139,1.73259,0.18,0.04,2.5172,2.8196,0,0.514661,4.47552,4.41193e+06,2.70226e+06,1.11057e+07,0,0,0,0,3.90924,61.308,1.09512,0,0.04,1.93634,1.63394,0,1.63674,2.96352,9.16889e+06,3.61194e+06,1.77541e+07,0,0,0,5.98956e+07
63.7173,85.139,1.84443,0.19,0.04,2.51767,2.82007,0,0.471723,4.47552,4.41193e+06,2.70226e+06,1.11078e+07,0,0,0,0,2.69577,61.308,1.00316,0,0.04,1.93662,1.63422,0,1.49602,2.96352,9.16889e+06,3.61194e+06,1.77566e+07,0,0,0,5.98956e+07
62.4627,85.139,1.44464,0.19,0.04,2.51815,2.82055,0,0.471812,4.47552,4.41193e+06,2.70226e+06,1.11099e+07,0,0,0,0,2.14824,61.308,0.955449,0,0.04,1.93689,1.63449,0,1.49623,2.96352,9.16889e+06,3.61194e+06,1.77592e+07,0,0,0,5.98956e+07
63.0219,85.139,3.3624,0.21,0.04,2.51863,2.82103,0,0.471902,4.47552,4.41193e+06,2.70226e+06,1.1112e+07,0,0,0,0,1.43225,61.308,2.47742,0,0.04,1.93717,1.63477,0,1.49644,2.96352,9.16889e+06,3.61194e+06,1.77617e+07,0,0,0,5.98956e+07
63.1313,85.139,2.82006,0.23,0.04,2.51911,2.82151,0,0.471991,4.47552,4.41193e+06,2.70226e+06,1.11141e+07,0,0,0,0,1.14181,61.308,1.09129,0,0.04,1.43225,1.63505,0.505197,1.49666,2.96352,9.16889e+06,3.61194e+06,1.31322e+07,0,0,0,5.98956e+07
65.7139,85.139,5.47806,0.25,0.04,2.60798,2.91038,0,0.472081,4.47552,4.41193e+06,2.70226e+06,1.15062e+07,0,0,0,0,2.9828,61.308,5.36839,0,0.04,1.9906,1.6882,0,1.10656,2.96352,9.16889e+06,3.61194e+06,1.82516e+07,0,0,0,5.98956e+07
66.7763,85.139,4.02485,0.26,0.04,2.60845,2.91085,0,0.488736,4.47552,4.41193e+06,2.70226e+06,1.15083e+07,0,0,0,0,3.74367,61.308,4.1176,0,0.04,1.99087,1.68847,0,1.53794,2.96352,9.16889e+06,3.61194e+06,1.82541e+07,0,0,0,5.98956e+07
67.7896,85.139,3.9132,0.26,0.04,2.60893,2.91133,0,0.488824,4.47552,4.41193e+06,2.70226e+06,1.15104e+07,0,0,0,0,4.35623,61.308,3.70521,0,0.04,1.99114,1.68874,0,1.53815,2.96352,9.16889e+06,3.61194e+06,1.82566e+07,0,0,0,5.98956e+07
68.2031,85.139,3.40814,0.26,0.04,2.6094,2.9118,0,0.488913,4.47552,4.41193e+06,2.70226e+06,1.15125e+07,0,0,0,0,5.00452,61.308,3.8115,0,0.04,1.99142,1.68902,0,1.53836,2.96352,9.16889e+06,3.61194e+06,1.82591e+07,0,0,0,5.98956e+07
70.1297,85.139,5.43244,0.22,0.04,3.19633,3.19633,0,0.489001,4.47552,4.41193e+06,2.70226e+06,1.4102e+07,0,0,0,0,6.2278,61.308,6.14788,0.01,0.04,1.88792,1.88792,0,1.53857,2.96352,9.16889e+06,3.61194e+06,1.73101e+07,0,0,0,5.98956e+07
73.4998,85.139,6.82839,0.25,0.04,2.89444,3.19684,0,0.598991,4.47552,4.41193e+06,2.70226e+06,1.27701e+07,0,0,0,0,7.72624,61.308,7.9436,0,0.04,2.19062,1.88822,0,1.4586,2.96352,9.16889e+06,3.61194e+06,2.00856e+07,0,0,0,5.98956e+07
76.3061,85.139,6.31427,0.25,0.04,2.89496,3.19736,0,0.542419,4.47552,4.41193e+06,2.70226e+06,1.27724e+07,0,0,0,0,9.55917,61.308,8.09784,0,0.04,2.19093,1.88853,0,1.69247,2.96352,9.16889e+06,3.61194e+06,2.00884e+07,0,0,0,5.98956e+07
78.7173,85.139,5.9084,0.18,0.04,2.89548,3.19788,0,0.542516,4.47552,4.41193e+06,2.70226e+06,1.27746e+07,0,0,0,0,11.7295,61.308,9.36696,0,0.04,2.19123,1.88883,0,1.69271,2.96352,9.16889e+06,3.61194e+06,2.00912e+07,0,0,0,5.98956e+07
80.7539,85.139,5.29308,0.19,0.04,2.49058,2.79298,0,0.542613,4.47552,4.41193e+06,2.70226e+06,1.09883e+07,0,0,0,0,13.265,61.308,6.43627,0,0.04,1.92481,1.62241,0,1.69295,2.96352,9.16889e+06,3.61194e+06,1.76484e+07,0,0,0,5.98956e+07
84.7949,85.139,7.25642,0.17,0.04,2.49103,2.79343,0,0.466735,4.47552,4.41193e+06,2.70226e+06,1.09903e+07,0,0,0,0,14.7501,61.308,7.25264,0,0.04,1.92507,1.62267,0,1.48711,2.96352,9.16889e+06,3.61194e+06,1.76508e+07,0,0,0,5.98956e+07
85.139,85.139,6.51097,0.18,0.04,2.49148,2.79388,0,0.466819,4.47552,4.41193e+06,2.70226e+06,1.09923e+07,0,0,0,0,15.8758,61.308,4.99218,0,0.04,1.92534,1.62294,0,1.48731,2.96352,9.16889e+06,3.61194e+06,1.76532e+07,0,0,0,5.98956e+07
85.139,85.139,6.13979,0.14,0.04,2.49194,2.79434,0,0.466904,4.47552,4.41193e+06,2.70226e+06,1.09942e+07,0,0,0,0,17.0251,61.308,6.45521,0,0.04,1.9256,1.6232,0,1.48751,2.96352,9.16889e+06,3.61194e+06,1.76556e+07,0,0,0,5.98956e+07
85.139,85.139,6.61236,0.15,0.04,2.49239,2.79479,0,0.466989,4.47552,4.41193e+06,2.70226e+06,1.09962e+07,0,0,0,0,18.4672,61.308,6.67027,0,0.04,1.92586,1.62346,0,1.48772,2.96352,9.16889e+06,3.61194e+06,1.7658e+07,0,0,0,5.98956e+07
85.139,85.139,6.84634,0.15,0.04,2.59497,2.89737,0,0.467074,4.47552,4.41193e+06,2.70226e+06,1.14488e+07,0,0,0,0,19.6233,61.308,5.33536,0,0.04,1.99143,1.68903,0,1.48792,2.96352,9.16889e+06,3.61194e+06,1.82592e+07,0,0,0,5.98956e+07
85.139,85.139,9.71678,0.14,0.04,2.59544,2.89784,0,0.486298,4.47552,4.41193e+06,2.70226e+06,1.14509e+07,0,0,0,0,21.6079,61.308,6.896,0,0.04,1.9917,1.6893,0,1.53858,2.96352,9.16889e+06,3.61194e+06,1.82617e+07,0,0,0,5.98956e+07
85.139,85.139,6.93033,0.13,0.04,2.59591,2.89831,0,0.486386,4.47552,4.41193e+06,2.70226e+06,1.1453e+07,0,0,0,0,22.6958,61.308,5.25056,0,0.04,1.99198,1.68958,0,1.53879,2.96352,9.16889e+06,3.61194e+06,1.82642e+07,0,0,0,5.98956e+07
85.139,85.139,5.72258,0.12,0.04,2.59638,2.89878,0,0.486474,4.47552,4.41193e+06,2.70226e+06,1.14551e+07,0,0,0,0,23.7379,61.308,4.89877,0,0.04,1.99225,1.68985,0,1.539,2.96352,9.16889e+06,3.61194e+06,1.82667e+07,0,0,0,5.98956e+07
85.139,85.139,5.10263,0.13,0.04,2.55689,2.85929,0,0.486562,4.47552,4.41193e+06,2.70226e+06,1.12808e+07,0,0,0,0,24.1124,61.308,4.10417,0,0.04,1.96714,1.66474,0,1.53921,2.96352,9.16889e+06,3.61194e+06,1.80365e+07,0,0,0,5.98956e+07
85.139,85.139,4.37457,0.12,0.04,2.55736,2.85976,0,0.479162,4.47552,4.41193e+06,2.70226e+06,1.12829e+07,0,0,0,0,24.3074,61.308,3.62569,0,0.04,1.96741,1.66501,0,1.51982,2.96352,9.16889e+06,3.61194e+06,1.8039e+07,0,0,0,5.98956e+07
85.139,85.139,3.88213,0.09,0.04,2.55782,2.86022,0,0.479249,4.47552,4.41193e+06,2.70226e+06,1.12849e+07,0,0,0,0,24.3951,61.308,3.19235,0,0.04,1.96768,1.66528,0,1.52002,2.96352,9.16889e+06,3.61194e+06,1.80415e+07,0,0,0,5.98956e+07
85.139,85.139,3.55941,0.08,0.04,2.55828,2.86068,0,0.479335,4.47552,4.41193e+06,2.70226e+06,1.1287e+07,0,0,0,0,24.4082,61.308,2.94019,0,0.04,1.96795,1.66555,0,1.52023,2.96352,9.16889e+06,3.61194e+06,1.80439e+07,0,0,0,5.98956e+07
85.139,85.139,3.27581,0.08,0.04,2.69447,2.99687,0,0.479422,4.47552,4.41193e+06,2.70226e+06,1.18878e+07,0,0,0,0,24.3676,61.308,2.88587,0,0.04,2.05829,1.75589,0,1.52044,2.96352,9.16889e+06,3.61194e+06,1.88722e+07,0,0,0,5.98956e+07
85.139,85.139,3.22362,0.07,0.04,2.69496,2.99736,0,0.504944,4.47552,4.41193e+06,2.70226e+06,1.18899e+07,0,0,0,0,24.2105,61.308,2.67099,0,0.04,2.05857,1.75617,0,1.59023,2.96352,9.16889e+06,3.61194e+06,1.88748e+07,0,0,0,5.98956e+07
85.0222,85.139,2.81689,0.07,0.04,2.69544,2.99784,0,0.505035,4.47552,4.41193e+06,2.70226e+06,1.18921e+07,0,0,0,0,24.0029,61.308,2.4916,0,0.04,2.05885,1.75645,0,1.59045,2.96352,9.16889e+06,3.61194e+06,1.88774e+07,0,0,0,5.98956e+07
84.7942,85.139,2.64551,0.08,0.04,2.69593,2.99833,0,0.505126,4.47552,4.41193e+06,2.70226e+06,1.18942e+07,0,0,0,0,23.7497,61.308,2.38094,0,0.04,2.05914,1.75674,0,1.59067,2.96352,9.16889e+06,3.61194e+06,1.888e+07,0,0,0,5.98956e+07
84.4335,85.139,2.52369,0.09,0.04,2.69641,2.99881,0,0.505217,4.47552,4.41193e+06,2.70226e+06,1.18964e+07,0,0,0,0,23.4874,61.308,2.32885,0,0.04,2.05942,1.75702,0,1.59089,2.96352,9.16889e+06,3.61194e+06,1.88826e+07,0,0,0,5.98956e+07
84.1174,85.139,2.60044,0.08,0.04,2.67003,2.97243,0,0.505308,4.47552,4.41193e+06,2.70226e+06,1.178e+07,0,0,0,0,23.2935,61.308,2.86854,0,0.04,2.10925,1.80685,0,1.59111,2.96352,9.16889e+06,3.61194e+06,1.93395e+07,0,0,0,5.98956e+07
83.6942,85.139,2.45798,0.08,0.04,2.67052,2.97292,0,0.500364,4.47552,4.41193e+06,2.70226e+06,1.17821e+07,0,0,0,0,23.0373,61.308,2.75631,0,0.04,2.10954,1.80714,0,1.6296,2.96352,9.16889e+06,3.61194e+06,1.93421e+07,0,0,0,5.98956e+07
83.1619,85.139,2.33121,0.08,0.04,2.671,2.9734,0,0.500455,4.47552,4.41193e+06,2.70226e+06,1.17842e+07,0,0,0,0,22.7391,61.308,2.6359,0,0.04,2.10983,1.80743,0,1.62983,2.96352,9.16889e+06,3.61194e+06,1.93448e+07,0,0,0,5.98956e+07
82.4646,85.139,2.15536,0.08,0.04,2.67148,2.97388,0,0.500545,4.47552,4.41193e+06,2.70226e+06,1.17864e+07,0,0,0,0,22.3814,61.308,2.47283,0,0.04,2.11013,1.80773,0,1.63006,2.96352,9.16889e+06,3.61194e+06,1.93475e+07,0,0,0,5.98956e+07
81.694,85.139,2.10541,0.07,0.04,2.74138,3.04378,0,0.500635,4.47552,4.41193e+06,2.70226e+06,1.20948e+07,0,0,0,0,22.0806,61.308,2.36229,0,0.04,2.1546,1.8522,0,1.63028,2.96352,9.16889e+06,3.61194e+06,1.97553e+07,0,0,0,5.98956e+07
81.0233,85.139,2.23595,0.06,0.04,2.74187,3.04427,0,0.513734,4.47552,4.41193e+06,2.70226e+06,1.20969e+07,0,0,0,0,21.8468,61.308,2.73322,0,0.04,2.1549,1.8525,0,1.66464,2.96352,9.16889e+06,3.61194e+06,1.9758e+07,0,0,0,5.98956e+07
80.2164,85.139,2.06222,0.07,0.04,2.74236,3.04476,0,0.513826,4.47552,4.41193e+06,2.70226e+06,1.20991e+07,0,0,0,0,21.54,61.308,2.63258,0,0.04,2.1552,1.8528,0,1.66487,2.96352,9.16889e+06,3.61194e+06,1.97608e+07,0,0,0,5.98956e+07
79.2393,85.139,1.87707,0.07,0.04,2.74285,3.04525,0,0.513919,4.47552,4.41193e+06,2.70226e+06,1.21013e+07,0,0,0,0,21.1993,61.308,2.27536,0,0.04,2.1555,1.8531,0,1.66511,2.96352,9.16889e+06,3.61194e+06,1.97635e+07,0,0,0,5.98956e+07
77.9883,85.139,1.74956,0.12,0.04,2.94676,3.24916,0,0.514011,4.47552,4.41193e+06,2.70226e+06,1.30009e+07,0,0,0,0,20.9145,61.308,2.73161,0,0.04,2.31537,2.01297,0,1.66534,2.96352,9.16889e+06,3.61194e+06,2.12293e+07,0,0,0,5.98956e+07
75.8384,85.139,0.808483,0.12,0.04,2.94729,3.24969,0,0.552223,4.47552,4.41193e+06,2.70226e+06,1.30032e+07,0,0,0,0,20.4468,61.308,1.77063,0,0.04,2.31569,2.01329,0,1.78885,2.96352,9.16889e+06,3.61194e+06,2.12323e+07,0,0,0,5.98956e+07
73.7936,85.139,0.89852,0.12,0.04,2.94781,3.25021,0,0.552321,4.47552,4.41193e+06,2.70226e+06,1.30055e+07,0,0,0,0,19.9911,61.308,1.81913,0,0.04,2.31602,2.01362,0,1.78911,2.96352,9.16889e+06,3.61194e+06,2.12353e+07,0,0,0,5.98956e+07
72.2506,85.139,1.44142,0.12,0.04,2.94834,3.25074,0,0.55242,4.47552,4.41193e+06,2.70226e+06,1.30079e+07,0,0,0,0,19.6369,61.308,2.21603,0,0.04,2.31635,2.01395,0,1.78936,2.96352,9.16889e+06,3.61194e+06,2.12383e+07,0,0,0,5.98956e+07
71.0607,85.139,1.80099,0.15,0.04,2.94886,3.25126,0,0.552519,4.47552,4.41193e+06,2.70226e+06,1.30102e+07,0,0,0,0,19.404,61.308,2.29944,0,0.04,2.31667,2.01427,0,1.78961,2.96352,9.16889e+06,3.61194e+06,2.12413e+07,0,0,0,5.98956e+07
69.7937,85.139,1.68511,0.15,0.04,2.85018,3.15258,0,0.552617,4.47552,4.41193e+06,2.70226e+06,1.25748e+07,0,0,0,0,18.9711,61.308,1.94692,0,0.04,2.22007,1.91767,0,1.78986,2.96352,9.16889e+06,3.61194e+06,2.03555e+07,0,0,0,5.98956e+07
68.8785,85.139,2.02266,0.16,0.04,2.85069,3.15309,0,0.534123,4.47552,4.41193e+06,2.70226e+06,1.2577e+07,0,0,0,0,18.812,61.308,3.06328,0,0.04,2.22038,1.91798,0,1.71522,2.96352,9.16889e+06,3.61194e+06,2.03584e+07,0,0,0,5.98956e+07
67.9321,85.139,2.01814,0.14,0.04,2.8512,3.1536,0,0.534218,4.47552,4.41193e+06,2.70226e+06,1.25793e+07,0,0,0,0,18.5781,61.308,2.6858,0,0.04,2.22069,1.91829,0,1.71546,2.96352,9.16889e+06,3.61194e+06,2.03612e+07,0,0,0,5.98956e+07
66.9626,85.139,1.97413,0.2,0.04,2.85171,3.15411,0,0.534314,4.47552,4.41193e+06,2.70226e+06,1.25815e+07,0,0,0,0,18.2821,61.308,2.53846,0,0.04,2.221,1.9186,0,1.7157,2.96352,9.16889e+06,3.61194e+06,2.03641e+07,0,0,0,5.98956e+07
65.4358,85.139,1.40949,0.19,0.04,2.77073,3.07313,0,0.53441,4.47552,4.41193e+06,2.70226e+06,1.22242e+07,0,0,0,0,18.0492,61.308,2.68107,0,0.04,2.13302,1.83062,0,1.71594,2.96352,9.16889e+06,3.61194e+06,1.95574e+07,0,0,0,5.98956e+07
63.3967,85.139,0.899072,0.2,0.04,2.77122,3.07362,0,0.519234,4.47552,4.41193e+06,2.70226e+06,1.22264e+07,0,0,0,0,17.7853,61.308,2.54567,0,0.04,2.13332,1.83092,0,1.64797,2.96352,9.16889e+06,3.61194e+06,1.95601e+07,0,0,0,5.98956e+07
61.6327,85.139,1.09862,0.18,0.04,2.77172,3.07412,0,0.519327,4.47552,4.41193e+06,2.70226e+06,1.22286e+07,0,0,0,0,17.6262,61.308,3.02474,0,0.04,2.13361,1.83121,0,1.6482,2.96352,9.16889e+06,3.61194e+06,1.95629e+07,0,0,0,5.98956e+07
62.9469,85.139,4.36897,0.22,0.04,2.77222,3.07462,0,0.519421,4.47552,4.41193e+06,2.70226e+06,1.22308e+07,0,0,0,0,17.9841,61.308,5.01402,0,0.04,2.13391,1.83151,0,1.64843,2.96352,9.16889e+06,3.61194e+06,1.95656e+07,0,0,0,5.98956e+07
62.3879,85.139,2.21811,0.18,0.04,2.54112,2.84352,0,0.519514,4.47552,4.41193e+06,2.70226e+06,1.12113e+07,0,0,0,0,18.1559,61.308,4.04322,0,0.04,1.95021,1.64781,0,1.64866,2.96352,9.16889e+06,3.61194e+06,1.78812e+07,0,0,0,5.98956e+07
61.6106,85.139,1.94293,0.22,0.04,2.54159,2.84399,0,0.476207,4.47552,4.41193e+06,2.70226e+06,1.12133e+07,0,0,0,0,18.4439,61.308,4.53481,0,0.04,1.95047,1.64807,0,1.50673,2.96352,9.16889e+06,3.61194e+06,1.78837e+07,0,0,0,5.98956e+07
61.5095,85.139,2.65269,0.24,0.04,2.54205,2.84445,0,0.476293,4.47552,4.41193e+06,2.70226e+06,1.12153e+07,0,0,0,0,18.851,61.308,4.49267,0,0.04,1.95074,1.64834,0,1.50694,2.96352,9.16889e+06,3.61194e+06,1.78861e+07,0,0,0,5.98956e+07
62.1222,85.139,3.48985,0.26,0.04,2.54251,2.84491,0,0.476379,4.47552,4.41193e+06,2.70226e+06,1.12174e+07,0,0,0,0,19.3666,61.308,4.56157,0,0.04,1.95101,1.64861,0,1.50714,2.96352,9.16889e+06,3.61194e+06,1.78886e+07,0,0,0,5.98956e+07
62.0328,85.139,2.73148,0.27,0.04,2.54297,2.84537,0,0.476466,4.47552,4.41193e+06,2.70226e+06,1.12194e+07,0,0,0,0,19.8649,61.308,3.9737,0,0.04,1.95127,1.64887,0,1.50735,2.96352,9.16889e+06,3.61194e+06,1.7891e+07,0,0,0,5.98956e+07
64.9198,85.139,5.88266,0.28,0.04,2.63257,2.93497,0,0.476552,4.47552,4.41193e+06,2.70226e+06,1.16147e+07,0,0,0,0,20.1804,61.308,4.38589,0,0.04,2.00486,1.70246,0,1.50755,2.96352,9.16889e+06,3.61194e+06,1.83823e+07,0,0,0,5.98956e+07
67.2828,85.139,5.34498,0.26,0.04,2.63302,2.93542,0,0.493343,4.47552,4.41193e+06,2.70226e+06,1.16167e+07,0,0,0,0,20.3379,61.308,3.88617,0,0.04,2.00512,1.70272,0,1.54895,2.96352,9.16889e+06,3.61194e+06,1.83847e+07,0,0,0,5.98956e+07
69.1753,85.139,4.88533,0.27,0.04,2.63347,2.93587,0,0.493428,4.47552,4.41193e+06,2.70226e+06,1.16187e+07,0,0,0,0,20.5692,61.308,3.6867,0,0.04,2.00538,1.70298,0,1.54916,2.96352,9.16889e+06,3.61194e+06,1.83871e+07,0,0,0,5.98956e+07
71.9312,85.139,5.82337,0.22,0.04,2.63393,2.93633,0,0.493513,4.47552,4.41193e+06,2.70226e+06,1.16207e+07,0,0,0,0,20.7971,61.308,4.01945,0,0.04,2.00565,1.70325,0,1.54936,2.96352,9.16889e+06,3.61194e+06,1.83895e+07,0,0,0,5.98956e+07
73.7345,85.139,5.07143,0.23,0.04,2.92083,3.22323,0,0.493598,4.47552,4.41193e+06,2.70226e+06,1.28865e+07,0,0,0,0,20.8274,61.308,4.06041,0,0.04,2.20621,1.90381,0,1.54956,2.96352,9.16889e+06,3.61194e+06,2.02284e+07,0,0,0,5.98956e+07
74.5623,85.139,4.09375,0.25,0.04,2.92132,3.22372,0,0.547363,4.47552,4.41193e+06,2.70226e+06,1.28887e+07,0,0,0,0,20.6521,61.308,4.03083,0,0.04,2.2065,1.9041,0,1.70451,2.96352,9.16889e+06,3.61194e+06,2.02311e+07,0,0,0,5.98956e+07
74.8316,85.139,3.5115,0.18,0.04,2.92182,3.22422,0,0.547456,4.47552,4.41193e+06,2.70226e+06,1.28909e+07,0,0,0,0,20.5703,61.308,3.82887,0,0.04,2.20679,1.90439,0,1.70474,2.96352,9.16889e+06,3.61194e+06,2.02338e+07,0,0,0,5.98956e+07
76.4515,85.139,4.9314,0.19,0.04,2.92232,3.22472,0,0.547549,4.47552,4.41193e+06,2.70226e+06,1.28931e+07,0,0,0,0,20.7619,61.308,4.81633,0,0.04,2.20709,1.90469,0,1.70497,2.96352,9.16889e+06,3.61194e+06,2.02365e+07,0,0,0,5.98956e+07
81.6227,85.139,8.28227,0.2,0.04,2.514,2.8164,0,0.547642,4.47552,4.41193e+06,2.70226e+06,1.10916e+07,0,0,0,0,21.0155,61.308,7.04019,0,0.04,1.93841,1.63601,0,1.70519,2.96352,9.16889e+06,3.61194e+06,1.77731e+07,0,0,0,5.98956e+07
83.9402,85.139,5.49949,0.18,0.04,2.51443,2.81683,0,0.471123,4.47552,4.41193e+06,2.70226e+06,1.10935e+07,0,0,0,0,21.332,61.308,5.90274,0,0.04,1.93867,1.63627,0,1.49762,2.96352,9.16889e+06,3.61194e+06,1.77754e+07,0,0,0,5.98956e+07
85.139,85.139,5.80962,0.19,0.04,2.51487,2.81727,0,0.471205,4.47552,4.41193e+06,2.70226e+06,1.10954e+07,0,0,0,0,21.6784,61.308,6.30045,0,0.04,1.93892,1.63652,0,1.49781,2.96352,9.16889e+06,3.61194e+06,1.77777e+07,0,0,0,5.98956e+07
85.139,85.139,4.45121,0.15,0.04,2.5153,2.8177,0,0.471286,4.47552,4.41193e+06,2.70226e+06,1.10973e+07,0,0,0,0,21.7651,61.308,4.86509,0,0.04,1.93917,1.63677,0,1.49801,2.96352,9.16889e+06,3.61194e+06,1.778e+07,0,0,0,5.98956e+07
85.139,85.139,5.3967,0.15,0.04,2.51574,2.81814,0,0.471368,4.47552,4.41193e+06,2.70226e+06,1.10992e+07,0,0,0,0,21.9351,61.308,5.47974,0,0.04,1.93942,1.63702,0,1.4982,2.96352,9.16889e+06,3.61194e+06,1.77824e+07,0,0,0,5.98956e+07
85.139,85.139,4.0436,0.16,0.04,2.61916,2.92156,0,0.471449,4.47552,4.41193e+06,2.70226e+06,1.15555e+07,0,0,0,0,21.8462,61.308,3.10127,0,0.04,2.00553,1.70313,0,1.4984,2.96352,9.16889e+06,3.61194e+06,1.83884e+07,0,0,0,5.98956e+07
85.139,85.139,3.70797,0.16,0.04,2.61961,2.92201,0,0.49083,4.47552,4.41193e+06,2.70226e+06,1.15575e+07,0,0,0,0,21.6685,61.308,2.77567,0,0.04,2.00579,1.70339,0,1.54947,2.96352,9.16889e+06,3.61194e+06,1.83908e+07,0,0,0,5.98956e+07
85.139,85.139,3.30995,0.16,0.04,2.62006,2.92246,0,0.490914,4.47552,4.41193e+06,2.70226e+06,1.15595e+07,0,0,0,0,21.3735,61.308,3.09909,0,0.04,2.00605,1.70365,0,1.54967,2.96352,9.16889e+06,3.61194e+06,1.83933e+07,0,0,0,5.98956e+07
85.139,85.139,3.27202,0.13,0.04,2.62051,2.92291,0,0.490999,4.47552,4.41193e+06,2.70226e+06,1.15615e+07,0,0,0,0,21.0544,61.308,2.82232,0,0.04,2.00631,1.70391,0,1.54987,2.96352,9.16889e+06,3.61194e+06,1.83957e+07,0,0,0,5.98956e+07
85.139,85.139,3.68822,0.13,0.04,2.58067,2.88307,0,0.491083,4.47552,4.41193e+06,2.70226e+06,1.13857e+07,0,0,0,0,20.684,61.308,2.43167,0,0.04,1.98099,1.67859,0,1.55008,2.96352,9.16889e+06,3.61194e+06,1.81634e+07,0,0,0,5.98956e+07
85.139,85.139,3.38207,0.13,0.04,2.58111,2.88351,0,0.483617,4.47552,4.41193e+06,2.70226e+06,1.13877e+07,0,0,0,0,20.2329,61.308,1.94513,0,0.04,1.98124,1.67884,0,1.53051,2.96352,9.16889e+06,3.61194e+06,1.81658e+07,0,0,0,5.98956e+07
85.139,85.139,3.29747,0.1,0.04,2.58156,2.88396,0,0.4837,4.47552,4.41193e+06,2.70226e+06,1.13896e+07,0,0,0,0,19.8245,61.308,2.19008,0,0.04,1.9815,1.6791,0,1.53071,2.96352,9.16889e+06,3.61194e+06,1.81682e+07,0,0,0,5.98956e+07
85.139,85.139,3.23966,0.09,0.04,2.582,2.8844,0,0.483784,4.47552,4.41193e+06,2.70226e+06,1.13916e+07,0,0,0,0,19.4158,61.308,1.95032,0,0.04,1.98176,1.67936,0,1.53091,2.96352,9.16889e+06,3.61194e+06,1.81705e+07,0,0,0,5.98956e+07
85.139,85.139,3.03577,0.08,0.04,2.71929,3.02169,0,0.483867,4.47552,4.41193e+06,2.70226e+06,1.19973e+07,0,0,0,0,18.9437,61.308,1.80702,0,0.04,2.07283,1.77043,0,1.53111,2.96352,9.16889e+06,3.61194e+06,1.90055e+07,0,0,0,5.98956e+07
85.0218,85.139,2.78049,0.07,0.04,2.71976,3.02216,0,0.509596,4.47552,4.41193e+06,2.70226e+06,1.19994e+07,0,0,0,0,18.4764,61.308,1.75661,0,0.04,2.0731,1.7707,0,1.60147,2.96352,9.16889e+06,3.61194e+06,1.9008e+07,0,0,0,5.98956e+07
84.8263,85.139,2.6971,0.1,0.04,2.72023,3.02263,0,0.509683,4.47552,4.41193e+06,2.70226e+06,1.20014e+07,0,0,0,0,18.0302,61.308,1.76042,0,0.04,2.07338,1.77098,0,1.60168,2.96352,9.16889e+06,3.61194e+06,1.90105e+07,0,0,0,5.98956e+07
84.4981,85.139,2.55781,0.1,0.04,2.72069,3.02309,0,0.50977,4.47552,4.41193e+06,2.70226e+06,1.20035e+07,0,0,0,0,17.5238,61.308,1.69044,0,0.04,2.07365,1.77125,0,1.60189,2.96352,9.16889e+06,3.61194e+06,1.90131e+07,0,0,0,5.98956e+07
84.0185,85.139,2.38858,0.09,0.04,2.72116,3.02356,0,0.509858,4.47552,4.41193e+06,2.70226e+06,1.20056e+07,0,0,0,0,17.0439,61.308,1.59455,0,0.04,2.07392,1.77152,0,1.6021,2.96352,9.16889e+06,3.61194e+06,1.90156e+07,0,0,0,5.98956e+07
82.5814,85.139,1.38452,0.08,0.04,2.69454,2.99694,0,0.509945,4.47552,4.41193e+06,2.70226e+06,1.18881e+07,0,0,0,0,16.5898,61.308,1.83041,0,0.04,2.12414,1.82174,0,1.60231,2.96352,9.16889e+06,3.61194e+06,1.9476e+07,0,0,0,5.98956e+07
81.0399,85.139,1.26746,0.09,0.04,2.695,2.9974,0,0.504957,4.47552,4.41193e+06,2.70226e+06,1.18902e+07,0,0,0,0,16.1155,61.308,1.59123,0,0.04,2.12442,1.82202,0,1.64111,2.96352,9.16889e+06,3.61194e+06,1.94786e+07,0,0,0,5.98956e+07
79.4295,85.139,1.16366,0.08,0.04,2.69546,2.99786,0,0.505043,4.47552,4.41193e+06,2.70226e+06,1.18922e+07,0,0,0,0,15.5666,61.308,1.57567,0,0.04,2.12471,1.82231,0,1.64133,2.96352,9.16889e+06,3.61194e+06,1.94812e+07,0,0,0,5.98956e+07
77.7736,85.139,1.08846,0.14,0.04,2.69593,2.99833,0,0.50513,4.47552,4.41193e+06,2.70226e+06,1.18942e+07,0,0,0,0,14.985,61.308,1.526,0,0.04,2.12499,1.82259,0,1.64155,2.96352,9.16889e+06,3.61194e+06,1.94838e+07,0,0,0,5.98956e+07
76.084,85.139,1.10777,0.13,0.04,2.76637,3.06877,0,0.505216,4.47552,4.41193e+06,2.70226e+06,1.2205e+07,0,0,0,0,14.4392,61.308,1.53729,0,0.04,2.16981,1.86741,0,1.64176,2.96352,9.16889e+06,3.61194e+06,1.98947e+07,0,0,0,5.98956e+07
74.46,85.139,1.16344,0.13,0.04,2.76685,3.06925,0,0.518418,4.47552,4.41193e+06,2.70226e+06,1.22071e+07,0,0,0,0,13.8578,61.308,1.59917,0,0.04,2.1701,1.8677,0,1.6764,2.96352,9.16889e+06,3.61194e+06,1.98974e+07,0,0,0,5.98956e+07
72.7206,85.139,1.03383,0.11,0.04,2.76732,3.06972,0,0.518507,4.47552,4.41193e+06,2.70226e+06,1.22092e+07,0,0,0,0,13.1815,61.308,1.49116,0,0.04,2.17039,1.86799,0,1.67662,2.96352,9.16889e+06,3.61194e+06,1.99e+07,0,0,0,5.98956e+07
70.9038,85.139,0.941061,0.17,0.04,2.76779,3.07019,0,0.518596,4.47552,4.41193e+06,2.70226e+06,1.22113e+07,0,0,0,0,12.518,61.308,1.40548,0,0.04,2.17067,1.86827,0,1.67684,2.96352,9.16889e+06,3.61194e+06,1.99027e+07,0,0,0,5.98956e+07
68.8184,85.139,0.810326,0.16,0.04,2.97334,3.27574,0,0.518684,4.47552,4.41193e+06,2.70226e+06,1.31182e+07,0,0,0,0,11.9493,61.308,1.42726,0,0.04,2.33184,2.02944,0,1.67706,2.96352,9.16889e+06,3.61194e+06,2.13803e+07,0,0,0,5.98956e+07
66.6898,85.139,0.756744,0.16,0.04,2.97385,3.27625,0,0.557204,4.47552,4.41193e+06,2.70226e+06,1.31204e+07,0,0,0,0,11.3957,61.308,1.52388,0,0.04,2.33215,2.02975,0,1.80158,2.96352,9.16889e+06,3.61194e+06,2.13832e+07,0,0,0,5.98956e+07
64.6408,85.139,0.815807,0.21,0.04,2.97435,3.27675,0,0.557299,4.47552,4.41193e+06,2.70226e+06,1.31226e+07,0,0,0,0,10.8469,61.308,1.53645,0,0.04,2.33246,2.03006,0,1.80182,2.96352,9.16889e+06,3.61194e+06,2.13861e+07,0,0,0,5.98956e+07
63.0176,85.139,1.26326,0.21,0.04,2.97486,3.27726,0,0.557394,4.47552,4.41193e+06,2.70226e+06,1.31249e+07,0,0,0,0,10.3588,61.308,1.84292,0,0.04,2.33278,2.03038,0,1.80206,2.96352,9.16889e+06,3.61194e+06,2.1389e+07,0,0,0,5.98956e+07
61.829,85.139,1.70457,0.2,0.04,2.97536,3.27776,0,0.557488,4.47552,4.41193e+06,2.70226e+06,1.31271e+07,0,0,0,0,9.84959,61.308,1.97429,0,0.04,2.33309,2.03069,0,1.8023,2.96352,9.16889e+06,3.61194e+06,2.13918e+07,0,0,0,5.98956e+07
59.821,85.139,0.753967,0.25,0.04,2.87584,3.17824,0,0.557583,4.47552,4.41193e+06,2.70226e+06,1.2688e+07,0,0,0,0,8.61142,61.308,1.36516,0,0.04,2.23568,1.93328,0,1.80254,2.96352,9.16889e+06,3.61194e+06,2.04987e+07,0,0,0,5.98956e+07
57.7102,85.139,0.62297,0.25,0.04,2.87633,3.17873,0,0.538933,4.47552,4.41193e+06,2.70226e+06,1.26902e+07,0,0,0,0,7.19796,61.308,0.709606,0,0.04,2.23598,1.93358,0,1.72729,2.96352,9.16889e+06,3.61194e+06,2.05014e+07,0,0,0,5.98956e+07
54.978,85.139,0.604252,0.25,0.04,2.87682,3.17922,0,0.539025,4.47552,4.41193e+06,2.70226e+06,1.26923e+07,0,0,0,0,6.01305,61.308,0.650216,0,0.04,2.23628,1.93388,0,1.72752,2.96352,9.16889e+06,3.61194e+06,2.05042e+07,0,0,0,5.98956e+07
53.9845,85.139,1.23379,0.27,0.04,2.87731,3.17971,0,0.539117,4.47552,4.41193e+06,2.70226e+06,1.26945e+07,0,0,0,0,5.24904,61.308,1.01607,0,0.04,2.23658,1.93418,0,1.72775,2.96352,9.16889e+06,3.61194e+06,2.05069e+07,0,0,0,5.98956e+07
53.1353,85.139,1.90193,0.26,0.04,2.79565,3.09805,0,0.539209,4.47552,4.41193e+06,2.70226e+06,1.23342e+07,0,0,0,0,4.44209,61.308,1.24059,0,0.04,2.14787,1.84547,0,1.72798,2.96352,9.16889e+06,3.61194e+06,1.96936e+07,0,0,0,5.98956e+07
51.6134,85.139,1.196,0.26,0.04,2.79613,3.09853,0,0.523905,4.47552,4.41193e+06,2.70226e+06,1.23363e+07,0,0,0,0,3.81164,61.308,1.19072,0,0.04,2.14815,1.84575,0,1.65944,2.96352,9.16889e+06,3.61194e+06,1.96962e+07,0,0,0,5.98956e+07
50.5382,85.139,1.66975,0.26,0.04,2.79661,3.09901,0,0.523995,4.47552,4.41193e+06,2.70226e+06,1.23384e+07,0,0,0,0,3.30859,61.308,1.56011,0,0.04,2.14844,1.84604,0,1.65966,2.96352,9.16889e+06,3.61194e+06,1.96988e+07,0,0,0,5.98956e+07
51.3856,85.139,3.62422,0.28,0.04,2.79708,3.09948,0,0.524084,4.47552,4.41193e+06,2.70226e+06,1.23405e+07,0,0,0,0,3.1148,61.308,2.41401,0,0.04,2.14872,1.84632,0,1.65988,2.96352,9.16889e+06,3.61194e+06,1.97014e+07,0,0,0,5.98956e+07
52.1315,85.139,3.36896,0.28,0.04,2.5641,2.8665,0,0.524174,4.47552,4.41193e+06,2.70226e+06,1.13126e+07,0,0,0,0,2.7446,61.308,2.10151,0,0.04,1.96352,1.66112,0,1.6601,2.96352,9.16889e+06,3.61194e+06,1.80033e+07,0,0,0,5.98956e+07
53.9687,85.139,4.56918,0.28,0.04,2.56454,2.86694,0,0.480512,4.47552,4.41193e+06,2.70226e+06,1.13146e+07,0,0,0,0,3.0813,61.308,4.44156,0,0.04,1.96378,1.66138,0,1.51702,2.96352,9.16889e+06,3.61194e+06,1.80056e+07,0,0,0,5.98956e+07
54.5602,85.139,3.32902,0.28,0.04,2.56498,2.86738,0,0.480595,4.47552,4.41193e+06,2.70226e+06,1.13165e+07,0,0,0,0,2.94525,61.308,2.81582,0,0.04,1.96403,1.66163,0,1.51721,2.96352,9.16889e+06,3.61194e+06,1.8008e+07,0,0,0,5.98956e+07
56.241,85.139,4.45129,0.29,0.04,2.56543,2.86783,0,0.480678,4.47552,4.41193e+06,2.70226e+06,1.13185e+07,0,0,0,0,3.26846,61.308,3.81125,0,0.04,1.96429,1.66189,0,1.51741,2.96352,9.16889e+06,3.61194e+06,1.80103e+07,0,0,0,5.98956e+07
57.2312,85.139,3.94841,0.3,0.04,2.56587,2.86827,0,0.480761,4.47552,4.41193e+06,2.70226e+06,1.13204e+07,0,0,0,0,3.62297,61.308,3.06805,0,0.04,1.96455,1.66215,0,1.51761,2.96352,9.16889e+06,3.61194e+06,1.80127e+07,0,0,0,5.98956e+07
59.9538,85.139,5.74903,0.27,0.04,2.65617,2.95857,0,0.480844,4.47552,4.41193e+06,2.70226e+06,1.17188e+07,0,0,0,0,4.39951,61.308,5.24273,0,0.04,2.01855,1.71615,0,1.51781,2.96352,9.16889e+06,3.61194e+06,1.85078e+07,0,0,0,5.98956e+07
61.4345,85.139,4.49752,0.29,0.04,2.6566,2.959,0,0.497766,4.47552,4.41193e+06,2.70226e+06,1.17207e+07,0,0,0,0,5.13676,61.308,5.39187,0,0.04,2.0188,1.7164,0,1.55953,2.96352,9.16889e+06,3.61194e+06,1.85101e+07,0,0,0,5.98956e+07
63.0834,85.139,4.62109,0.31,0.04,2.65703,2.95943,0,0.497847,4.47552,4.41193e+06,2.70226e+06,1.17226e+07,0,0,0,0,6.32985,61.308,7.25218,0,0.04,2.01905,1.71665,0,1.55972,2.96352,9.16889e+06,3.61194e+06,1.85124e+07,0,0,0,5.98956e+07
66.5861,85.139,6.57329,0.27,0.04,2.65747,2.95987,0,0.497928,4.47552,4.41193e+06,2.70226e+06,1.17246e+07,0,0,0,0,7.17858,61.308,6.30211,0,0.04,2.0193,1.7169,0,1.55992,2.96352,9.16889e+06,3.61194e+06,1.85147e+07,0,0,0,5.98956e+07
70.2201,85.139,7.18933,0.29,0.04,2.94664,3.24904,0,0.498009,4.47552,4.41193e+06,2.70226e+06,1.30004e+07,0,0,0,0,8.14291,61.308,6.8357,0,0.04,2.22145,1.91905,0,1.56011,2.96352,9.16889e+06,3.61194e+06,2.03682e+07,0,0,0,5.98956e+07
71.0762,85.139,4.2141,0.25,0.04,2.94712,3.24952,0,0.552201,4.47552,4.41193e+06,2.70226e+06,1.30025e+07,0,0,0,0,9.19908,61.308,6.30293,0,0.04,2.22173,1.91933,0,1.71629,2.96352,9.16889e+06,3.61194e+06,2.03708e+07,0,0,0,5.98956e+07
73.618,85.139,5.96057,0.26,0.04,2.94759,3.24999,0,0.55229,4.47552,4.41193e+06,2.70226e+06,1.30046e+07,0,0,0,0,10.2147,61.308,7.01196,0,0.04,2.22201,1.91961,0,1.71651,2.96352,9.16889e+06,3.61194e+06,2.03734e+07,0,0,0,5.98956e+07
74.8922,85.139,4.75798,0.25,0.04,2.94807,3.25047,0,0.552379,4.47552,4.41193e+06,2.70226e+06,1.30067e+07,0,0,0,0,10.7881,61.308,5.06557,0,0.04,2.2223,1.9199,0,1.71673,2.96352,9.16889e+06,3.61194e+06,2.0376e+07,0,0,0,5.98956e+07
78.2624,85.139,6.75159,0.18,0.04,2.53647,2.83887,0,0.552468,4.47552,4.41193e+06,2.70226e+06,1.11907e+07,0,0,0,0,12.4318,61.308,7.5006,0,0.04,1.95146,1.64906,0,1.71695,2.96352,9.16889e+06,3.61194e+06,1.78928e+07,0,0,0,5.98956e+07
83.1525,85.139,8.5585,0.23,0.04,2.53688,2.83928,0,0.475334,4.47552,4.41193e+06,2.70226e+06,1.11925e+07,0,0,0,0,15.7791,61.308,11.389,0,0.04,1.95171,1.64931,0,1.5077,2.96352,9.16889e+06,3.61194e+06,1.7895e+07,0,0,0,5.98956e+07
85.139,85.139,7.06566,0.17,0.04,2.5373,2.8397,0,0.475412,4.47552,4.41193e+06,2.70226e+06,1.11944e+07,0,0,0,0,18.348,61.308,9.77311,0,0.04,1.95195,1.64955,0,1.50789,2.96352,9.16889e+06,3.61194e+06,1.78972e+07,0,0,0,5.98956e+07
85.139,85.139,7.04712,0.14,0.04,2.53771,2.84011,0,0.475489,4.47552,4.41193e+06,2.70226e+06,1.11962e+07,0,0,0,0,20.8354,61.308,9.74079,0,0.04,1.95219,1.64979,0,1.50807,2.96352,9.16889e+06,3.61194e+06,1.78994e+07,0,0,0,5.98956e+07
85.139,85.139,5.57428,0.15,0.04,2.53813,2.84053,0,0.475567,4.47552,4.41193e+06,2.70226e+06,1.1198e+07,0,0,0,0,22.1854,61.308,6.96714,0,0.04,1.95243,1.65003,0,1.50826,2.96352,9.16889e+06,3.61194e+06,1.79016e+07,0,0,0,5.98956e+07
85.139,85.139,5.86518,0.15,0.04,2.64235,2.94475,0,0.475645,4.47552,4.41193e+06,2.70226e+06,1.16578e+07,0,0,0,0,24.6092,61.308,8.41989,0,0.04,2.01904,1.71664,0,1.50845,2.96352,9.16889e+06,3.61194e+06,1.85124e+07,0,0,0,5.98956e+07
85.139,85.139,7.03393,0.16,0.04,2.64278,2.94518,0,0.495176,4.47552,4.41193e+06,2.70226e+06,1.16597e+07,0,0,0,0,27.476,61.308,10.3722,0,0.04,2.0193,1.7169,0,1.55991,2.96352,9.16889e+06,3.61194e+06,1.85147e+07,0,0,0,5.98956e+07
85.139,85.139,8.29769,0.15,0.04,2.64321,2.94561,0,0.495256,4.47552,4.41193e+06,2.70226e+06,1.16616e+07,0,0,0,0,32.0365,61.308,14.6865,0,0.04,2.01955,1.71715,0,1.56011,2.96352,9.16889e+06,3.61194e+06,1.8517e+07,0,0,0,5.98956e+07
85.139,85.139,6.03025,0.15,0.04,2.64364,2.94604,0,0.495337,4.47552,4.41193e+06,2.70226e+06,1.16635e+07,0,0,0,0,34.3724,61.308,8.79262,0,0.04,2.0198,1.7174,0,1.5603,2.96352,9.16889e+06,3.61194e+06,1.85193e+07,0,0,0,5.98956e+07
85.139,85.139,4.88024,0.13,0.04,2.60346,2.90586,0,0.495418,4.47552,4.41193e+06,2.70226e+06,1.14863e+07,0,0,0,0,35.6775,61.308,7.0447,0,0.04,1.99426,1.69186,0,1.5605,2.96352,9.16889e+06,3.61194e+06,1.82851e+07,0,0,0,5.98956e+07
85.139,85.139,5.21892,0.13,0.04,2.60389,2.90629,0,0.487888,4.47552,4.41193e+06,2.70226e+06,1.14882e+07,0,0,0,0,36.6323,61.308,6.79612,0,0.04,1.9945,1.6921,0,1.54076,2.96352,9.16889e+06,3.61194e+06,1.82874e+07,0,0,0,5.98956e+07
85.139,85.139,4.32232,0.12,0.04,2.60431,2.90671,0,0.487968,4.47552,4.41193e+06,2.70226e+06,1.149e+07,0,0,0,0,37.4904,61.308,7.37017,0,0.04,1.99475,1.69235,0,1.54095,2.96352,9.16889e+06,3.61194e+06,1.82896e+07,0,0,0,5.98956e+07
85.139,85.139,3.89318,0.09,0.04,2.60474,2.90714,0,0.488048,4.47552,4.41193e+06,2.70226e+06,1.14919e+07,0,0,0,0,38.2935,61.308,6.79159,0,0.04,1.995,1.6926,0,1.54114,2.96352,9.16889e+06,3.61194e+06,1.82919e+07,0,0,0,5.98956e+07
85.139,85.139,3.55187,0.09,0.04,2.74309,3.04549,0,0.488128,4.47552,4.41193e+06,2.70226e+06,1.21023e+07,0,0,0,0,38.9738,61.308,6.00521,0,0.04,2.08677,1.78437,0,1.54134,2.96352,9.16889e+06,3.61194e+06,1.91334e+07,0,0,0,5.98956e+07
85.139,85.139,3.26791,0.07,0.04,2.74353,3.04593,0,0.514055,4.47552,4.41193e+06,2.70226e+06,1.21043e+07,0,0,0,0,39.217,61.308,4.76869,0,0.04,2.08703,1.78463,0,1.61224,2.96352,9.16889e+06,3.61194e+06,1.91358e+07,0,0,0,5.98956e+07
85.139,85.139,3.11648,0.07,0.04,2.74398,3.04638,0,0.514138,4.47552,4.41193e+06,2.70226e+06,1.21062e+07,0,0,0,0,39.4098,61.308,4.58415,0,0.04,2.08729,1.78489,0,1.61244,2.96352,9.16889e+06,3.61194e+06,1.91382e+07,0,0,0,5.98956e+07
85.0453,85.139,2.98323,0.07,0.04,2.74442,3.04682,0,0.514222,4.47552,4.41193e+06,2.70226e+06,1.21082e+07,0,0,0,0,39.6199,61.308,5.02775,0,0.04,2.08755,1.78515,0,1.61264,2.96352,9.16889e+06,3.61194e+06,1.91405e+07,0,0,0,5.98956e+07
84.7065,85.139,2.75131,0.09,0.04,2.74487,3.04727,0,0.514305,4.47552,4.41193e+06,2.70226e+06,1.21102e+07,0,0,0,0,39.7678,61.308,4.76489,0,0.04,2.08782,1.78542,0,1.61284,2.96352,9.16889e+06,3.61194e+06,1.91429e+07,0,0,0,5.98956e+07
84.6408,85.139,2.95059,0.09,0.04,2.71802,3.02042,0,0.514389,4.47552,4.41193e+06,2.70226e+06,1.19917e+07,0,0,0,0,39.6428,61.308,3.48047,0,0.04,2.13842,1.83602,0,1.61305,2.96352,9.16889e+06,3.61194e+06,1.96069e+07,0,0,0,5.98956e+07
84.4838,85.139,2.84147,0.09,0.04,2.71846,3.02086,0,0.509357,4.47552,4.41193e+06,2.70226e+06,1.19937e+07,0,0,0,0,39.4744,61.308,3.15529,0,0.04,2.13869,1.83629,0,1.65214,2.96352,9.16889e+06,3.61194e+06,1.96094e+07,0,0,0,5.98956e+07
84.204,85.139,2.711,0.08,0.04,2.7189,3.0213,0,0.50944,4.47552,4.41193e+06,2.70226e+06,1.19956e+07,0,0,0,0,39.2787,61.308,3.07136,0,0.04,2.13895,1.83655,0,1.65235,2.96352,9.16889e+06,3.61194e+06,1.96118e+07,0,0,0,5.98956e+07
83.8226,85.139,2.56811,0.08,0.04,2.71935,3.02175,0,0.509523,4.47552,4.41193e+06,2.70226e+06,1.19976e+07,0,0,0,0,39.0155,61.308,3.05627,0,0.04,2.13922,1.83682,0,1.65256,2.96352,9.16889e+06,3.61194e+06,1.96143e+07,0,0,0,5.98956e+07
83.2263,85.139,2.41632,0.09,0.04,2.79032,3.09272,0,0.509605,4.47552,4.41193e+06,2.70226e+06,1.23107e+07,0,0,0,0,38.7383,61.308,2.98066,0,0.04,2.18438,1.88198,0,1.65276,2.96352,9.16889e+06,3.61194e+06,2.00283e+07,0,0,0,5.98956e+07
82.5919,85.139,2.35828,0.09,0.04,2.79077,3.09317,0,0.522906,4.47552,4.41193e+06,2.70226e+06,1.23127e+07,0,0,0,0,38.4207,61.308,2.7874,0,0.04,2.18466,1.88226,0,1.68765,2.96352,9.16889e+06,3.61194e+06,2.00309e+07,0,0,0,5.98956e+07
81.8003,85.139,2.18604,0.09,0.04,2.79123,3.09363,0,0.522991,4.47552,4.41193e+06,2.70226e+06,1.23147e+07,0,0,0,0,38.0775,61.308,2.63783,0,0.04,2.18493,1.88253,0,1.68787,2.96352,9.16889e+06,3.61194e+06,2.00334e+07,0,0,0,5.98956e+07
80.814,85.139,1.97092,0.09,0.04,2.79168,3.09408,0,0.523076,4.47552,4.41193e+06,2.70226e+06,1.23167e+07,0,0,0,0,37.7018,61.308,2.73304,0,0.04,2.18521,1.88281,0,1.68808,2.96352,9.16889e+06,3.61194e+06,2.00359e+07,0,0,0,5.98956e+07
80.0753,85.139,2.38686,0.09,0.04,2.9988,3.3012,0,0.52316,4.47552,4.41193e+06,2.70226e+06,1.32305e+07,0,0,0,0,37.5082,61.308,3.44161,0,0.04,2.34761,2.04521,0,1.68829,2.96352,9.16889e+06,3.61194e+06,2.1525e+07,0,0,0,5.98956e+07
78.9506,85.139,1.97651,0.09,0.04,2.99928,3.30168,0,0.561975,4.47552,4.41193e+06,2.70226e+06,1.32326e+07,0,0,0,0,37.0423,61.308,2.25566,0,0.04,2.34791,2.04551,0,1.81376,2.96352,9.16889e+06,3.61194e+06,2.15277e+07,0,0,0,5.98956e+07
78.0557,85.139,2.22752,0.13,0.04,2.99977,3.30217,0,0.562066,4.47552,4.41193e+06,2.70226e+06,1.32348e+07,0,0,0,0,36.687,61.308,2.81952,0,0.04,2.34821,2.04581,0,1.81399,2.96352,9.16889e+06,3.61194e+06,2.15304e+07,0,0,0,5.98956e+07
76.7315,85.139,1.79745,0.13,0.04,3.00025,3.30265,0,0.562156,4.47552,4.41193e+06,2.70226e+06,1.32369e+07,0,0,0,0,36.1712,61.308,2.02803,0,0.04,2.34851,2.04611,0,1.81422,2.96352,9.16889e+06,3.61194e+06,2.15332e+07,0,0,0,5.98956e+07
75.8069,85.139,2.16963,0.13,0.04,3.00073,3.30313,0,0.562247,4.47552,4.41193e+06,2.70226e+06,1.3239e+07,0,0,0,0,35.8508,61.308,3.56487,0,0.04,2.34881,2.04641,0,1.81446,2.96352,9.16889e+06,3.61194e+06,2.15359e+07,0,0,0,5.98956e+07
74.2182,85.139,1.3876,0.12,0.04,2.90042,3.20282,0,0.562337,4.47552,4.41193e+06,2.70226e+06,1.27964e+07,0,0,0,0,35.1246,61.308,1.47746,0,0.04,2.25063,1.94823,0,1.81469,2.96352,9.16889e+06,3.61194e+06,2.06358e+07,0,0,0,5.98956e+07
72.8535,85.139,1.61479,0.12,0.04,2.90089,3.20329,0,0.543539,4.47552,4.41193e+06,2.70226e+06,1.27985e+07,0,0,0,0,34.5407,61.308,1.46494,0,0.04,2.25091,1.94851,0,1.73884,2.96352,9.16889e+06,3.61194e+06,2.06384e+07,0,0,0,5.98956e+07
71.8936,85.139,2.10834,0.16,0.04,2.90136,3.20376,0,0.543626,4.47552,4.41193e+06,2.70226e+06,1.28006e+07,0,0,0,0,34.005,61.308,2.19756,0,0.04,2.2512,1.9488,0,1.73906,2.96352,9.16889e+06,3.61194e+06,2.0641e+07,0,0,0,5.98956e+07
70.7517,85.139,1.94165,0.18,0.04,2.90183,3.20423,0,0.543714,4.47552,4.41193e+06,2.70226e+06,1.28026e+07,0,0,0,0,33.1715,61.308,1.47054,0,0.04,2.25148,1.94908,0,1.73928,2.96352,9.16889e+06,3.61194e+06,2.06436e+07,0,0,0,5.98956e+07
69.4274,85.139,1.69157,0.17,0.04,2.81951,3.12191,0,0.543802,4.47552,4.41193e+06,2.70226e+06,1.24395e+07,0,0,0,0,32.5519,61.308,1.25335,0,0.04,2.16208,1.85968,0,1.7395,2.96352,9.16889e+06,3.61194e+06,1.98239e+07,0,0,0,5.98956e+07
68.1882,85.139,1.81995,0.16,0.04,2.81997,3.12237,0,0.528376,4.47552,4.41193e+06,2.70226e+06,1.24415e+07,0,0,0,0,32.1474,61.308,1.64078,0,0.04,2.16235,1.85995,0,1.67042,2.96352,9.16889e+06,3.61194e+06,1.98264e+07,0,0,0,5.98956e+07
66.9404,85.139,1.76278,0.16,0.04,2.82042,3.12282,0,0.528462,4.47552,4.41193e+06,2.70226e+06,1.24435e+07,0,0,0,0,31.7596,61.308,1.90078,0,0.04,2.16262,1.86022,0,1.67063,2.96352,9.16889e+06,3.61194e+06,1.98288e+07,0,0,0,5.98956e+07
65.9176,85.139,2.09911,0.21,0.04,2.82088,3.12328,0,0.528547,4.47552,4.41193e+06,2.70226e+06,1.24455e+07,0,0,0,0,31.5774,61.308,2.20758,0,0.04,2.1629,1.8605,0,1.67084,2.96352,9.16889e+06,3.61194e+06,1.98313e+07,0,0,0,5.98956e+07
67.598,85.139,4.64771,0.21,0.04,2.58608,2.88848,0,0.528633,4.47552,4.41193e+06,2.70226e+06,1.14096e+07,0,0,0,0,30.806,61.308,2.34005,0,0.04,1.97626,1.67386,0,1.67105,2.96352,9.16889e+06,3.61194e+06,1.81201e+07,0,0,0,5.98956e+07
68.5788,85.139,4.20234,0.21,0.04,2.58651,2.88891,0,0.484632,4.47552,4.41193e+06,2.70226e+06,1.14115e+07,0,0,0,0,30.643,61.308,1.69234,0,0.04,1.9765,1.6741,0,1.52686,2.96352,9.16889e+06,3.61194e+06,1.81223e+07,0,0,0,5.98956e+07
69.4083,85.139,4.03415,0.18,0.04,2.58693,2.88933,0,0.484711,4.47552,4.41193e+06,2.70226e+06,1.14133e+07,0,0,0,0,30.4925,61.308,2.0321,0,0.04,1.97675,1.67435,0,1.52705,2.96352,9.16889e+06,3.61194e+06,1.81246e+07,0,0,0,5.98956e+07
69.4892,85.139,3.22021,0.18,0.04,2.58735,2.88975,0,0.48479,4.47552,4.41193e+06,2.70226e+06,1.14152e+07,0,0,0,0,30.3181,61.308,2.80778,0,0.04,1.97699,1.67459,0,1.52724,2.96352,9.16889e+06,3.61194e+06,1.81268e+07,0,0,0,5.98956e+07
69.6694,85.139,3.32254,0.2,0.04,2.58777,2.89017,0,0.484869,4.47552,4.41193e+06,2.70226e+06,1.14171e+07,0,0,0,0,30.2562,61.308,3.95749,0,0.04,1.97724,1.67484,0,1.52743,2.96352,9.16889e+06,3.61194e+06,1.81291e+07,0,0,0,5.98956e+07
71.0626,85.139,4.68484,0.21,0.04,2.67874,2.98114,0,0.484949,4.47552,4.41193e+06,2.70226e+06,1.18184e+07,0,0,0,0,30.0652,61.308,3.53017,0,0.04,2.03164,1.72924,0,1.52762,2.96352,9.16889e+06,3.61194e+06,1.86279e+07,0,0,0,5.98956e+07
73.3628,85.139,5.57888,0.22,0.06,2.67915,2.98155,0,0.501996,4.47552,4.41193e+06,2.70226e+06,1.18202e+07,0,0,0,0,29.8095,61.308,3.5595,0,0.04,2.03188,1.72948,0,1.56965,2.96352,9.16889e+06,3.61194e+06,1.86301e+07,0,0,0,5.98956e+07
77.0413,85.139,7.04308,0.21,0.06,2.67957,2.98197,0,0.502073,4.47552,4.41193e+06,2.70226e+06,1.18221e+07,0,0,0,0,29.6271,61.308,3.93427,0,0.04,2.03212,1.72972,0,1.56983,2.96352,9.16889e+06,3.61194e+06,1.86323e+07,0,0,0,5.98956e+07
78.8989,85.139,4.99444,0.17,0.06,2.67998,2.98238,0,0.502151,4.47552,4.41193e+06,2.70226e+06,1.18239e+07,0,0,0,0,29.3701,61.308,3.37622,0,0.04,2.03236,1.72996,0,1.57002,2.96352,9.16889e+06,3.61194e+06,1.86345e+07,0,0,0,5.98956e+07
80.8331,85.139,5.37168,0.17,0.06,2.97133,3.27373,0,0.502228,4.47552,4.41193e+06,2.70226e+06,1.31093e+07,0,0,0,0,29.1938,61.308,3.87502,0,0.04,2.23603,1.93363,0,1.5702,2.96352,9.16889e+06,3.61194e+06,2.05019e+07,0,0,0,5.98956e+07
81.4203,85.139,4.01448,0.1,0.06,2.97178,3.27418,0,0.556827,4.47552,4.41193e+06,2.70226e+06,1.31113e+07,0,0,0,0,28.8168,61.308,2.79909,0,0.04,2.2363,1.9339,0,1.72756,2.96352,9.16889e+06,3.61194e+06,2.05044e+07,0,0,0,5.98956e+07
82.9901,85.139,5.15331,0.12,0.06,2.97224,3.27464,0,0.556912,4.47552,4.41193e+06,2.70226e+06,1.31133e+07,0,0,0,0,28.5554,61.308,2.83517,0,0.04,2.23657,1.93417,0,1.72777,2.96352,9.16889e+06,3.61194e+06,2.05069e+07,0,0,0,5.98956e+07
83.0771,85.139,3.51394,0.13,0.06,2.97269,3.27509,0,0.556997,4.47552,4.41193e+06,2.70226e+06,1.31153e+07,0,0,0,0,28.1692,61.308,2.50614,0,0.04,2.23684,1.93444,0,1.72797,2.96352,9.16889e+06,3.61194e+06,2.05093e+07,0,0,0,5.98956e+07
84.1091,85.139,4.12137,0.15,0.06,2.55795,2.86035,0,0.557082,4.47552,4.41193e+06,2.70226e+06,1.12855e+07,0,0,0,0,27.9182,61.308,3.22172,0,0.04,1.96394,1.66154,0,1.72818,2.96352,9.16889e+06,3.61194e+06,1.80072e+07,0,0,0,5.98956e+07
85.139,85.139,6.82015,0.16,0.06,2.55834,2.86074,0,0.479359,4.47552,4.41193e+06,2.70226e+06,1.12872e+07,0,0,0,0,27.7619,61.308,3.79417,0,0.04,1.96417,1.66177,0,1.51734,2.96352,9.16889e+06,3.61194e+06,1.80093e+07,0,0,0,5.98956e+07
85.139,85.139,4.50591,0.14,0.06,2.55874,2.86114,0,0.479434,4.47552,4.41193e+06,2.70226e+06,1.1289e+07,0,0,0,0,27.6079,61.308,3.06956,0,0.04,1.9644,1.662,0,1.51752,2.96352,9.16889e+06,3.61194e+06,1.80114e+07,0,0,0,5.98956e+07
85.139,85.139,3.25061,0.14,0.06,2.55914,2.86154,0,0.479508,4.47552,4.41193e+06,2.70226e+06,1.12907e+07,0,0,0,0,27.309,61.308,2.86823,0,0.04,1.96463,1.66223,0,1.5177,2.96352,9.16889e+06,3.61194e+06,1.80135e+07,0,0,0,5.98956e+07
85.139,85.139,4.32201,0.16,0.06,2.55953,2.86193,0,0.479582,4.47552,4.41193e+06,2.70226e+06,1.12925e+07,0,0,0,0,27.0493,61.308,2.63386,0,0.04,1.96486,1.66246,0,1.51788,2.96352,9.16889e+06,3.61194e+06,1.80156e+07,0,0,0,5.98956e+07
85.139,85.139,5.22622,0.16,0.06,2.66451,2.96691,0,0.479656,4.47552,4.41193e+06,2.70226e+06,1.17556e+07,0,0,0,0,26.9843,61.308,3.28744,0,0.04,2.03197,1.72957,0,1.51805,2.96352,9.16889e+06,3.61194e+06,1.86309e+07,0,0,0,5.98956e+07
85.139,85.139,4.65239,0.16,0.06,2.66492,2.96732,0,0.49933,4.47552,4.41193e+06,2.70226e+06,1.17575e+07,0,0,0,0,26.5015,61.308,2.00227,0,0.04,2.03221,1.72981,0,1.5699,2.96352,9.16889e+06,3.61194e+06,1.86331e+07,0,0,0,5.98956e+07
85.139,85.139,6.85366,0.17,0.06,2.66534,2.96774,0,0.499407,4.47552,4.41193e+06,2.70226e+06,1.17593e+07,0,0,0,0,26.4098,61.308,3.24548,0,0.04,2.03245,1.73005,0,1.57008,2.96352,9.16889e+06,3.61194e+06,1.86353e+07,0,0,0,5.98956e+07
85.139,85.139,4.84672,0.16,0.06,2.66575,2.96815,0,0.499484,4.47552,4.41193e+06,2.70226e+06,1.17611e+07,0,0,0,0,25.7687,61.308,1.98004,0,0.04,2.03269,1.73029,0,1.57027,2.96352,9.16889e+06,3.61194e+06,1.86375e+07,0,0,0,5.98956e+07
85.139,85.139,3.88542,0.14,0.06,2.62524,2.92764,0,0.499561,4.47552,4.41193e+06,2.70226e+06,1.15824e+07,0,0,0,0,24.9591,61.308,1.74009,0,0.04,2.00694,1.70454,0,1.57045,2.96352,9.16889e+06,3.61194e+06,1.84014e+07,0,0,0,5.98956e+07
85.139,85.139,3.10897,0.13,0.06,2.62565,2.92805,0,0.491971,4.47552,4.41193e+06,2.70226e+06,1.15842e+07,0,0,0,0,24.0522,61.308,1.54552,0,0.04,2.00717,1.70477,0,1.55056,2.96352,9.16889e+06,3.61194e+06,1.84036e+07,0,0,0,5.98956e+07
85.0626,85.139,2.878,0.13,0.06,2.62605,2.92845,0,0.492047,4.47552,4.41193e+06,2.70226e+06,1.1586e+07,0,0,0,0,23.3782,61.308,1.4251,0,0.04,2.00741,1.70501,0,1.55074,2.96352,9.16889e+06,3.61194e+06,1.84057e+07,0,0,0,5.98956e+07
84.9244,85.139,2.81102,0.2,0.06,2.62646,2.92886,0,0.492123,4.47552,4.41193e+06,2.70226e+06,1.15878e+07,0,0,0,0,22.5582,61.308,1.62098,0,0.04,2.00765,1.70525,0,1.55093,2.96352,9.16889e+06,3.61194e+06,1.84079e+07,0,0,0,5.98956e+07
84.6507,85.139,2.7896,0.18,0.06,2.76582,3.06822,0,0.492199,4.47552,4.41193e+06,2.70226e+06,1.22026e+07,0,0,0,0,21.9329,61.308,1.43412,0,0.04,2.10009,1.79769,0,1.55111,2.96352,9.16889e+06,3.61194e+06,1.92555e+07,0,0,0,5.98956e+07
84.2417,85.139,2.61393,0.16,0.06,2.76625,3.06865,0,0.518315,4.47552,4.41193e+06,2.70226e+06,1.22045e+07,0,0,0,0,20.9152,61.308,1.58048,0,0.04,2.10034,1.79794,0,1.62253,2.96352,9.16889e+06,3.61194e+06,1.92578e+07,0,0,0,5.98956e+07
83.6454,85.139,2.41802,0.13,0.06,2.76667,3.06907,0,0.518395,4.47552,4.41193e+06,2.70226e+06,1.22064e+07,0,0,0,0,19.8761,61.308,1.25977,0,0.04,2.10059,1.79819,0,1.62272,2.96352,9.16889e+06,3.61194e+06,1.92601e+07,0,0,0,5.98956e+07
82.8274,85.139,2.17818,0.11,0.06,2.7671,3.0695,0,0.518474,4.47552,4.41193e+06,2.70226e+06,1.22082e+07,0,0,0,0,18.8777,61.308,1.09536,0,0.04,2.10084,1.79844,0,1.62292,2.96352,9.16889e+06,3.61194e+06,1.92623e+07,0,0,0,5.98956e+07
81.8094,85.139,1.94859,0.09,0.06,2.76752,3.06992,0,0.518554,4.47552,4.41193e+06,2.70226e+06,1.22101e+07,0,0,0,0,18.3047,61.308,1.16307,0,0.04,2.10109,1.79869,0,1.62311,2.96352,9.16889e+06,3.61194e+06,1.92646e+07,0,0,0,5.98956e+07
81.0025,85.139,2.08135,0.1,0.06,2.74045,3.04285,0,0.518634,4.47552,4.41193e+06,2.70226e+06,1.20907e+07,0,0,0,0,17.8628,61.308,1.96916,0,0.04,2.15205,1.84965,0,1.6233,2.96352,9.16889e+06,3.61194e+06,1.97319e+07,0,0,0,5.98956e+07
80.1656,85.139,2.04917,0.09,0.06,2.74087,3.04327,0,0.51356,4.47552,4.41193e+06,2.70226e+06,1.20925e+07,0,0,0,0,17.452,61.308,2.07137,0,0.04,2.15231,1.84991,0,1.66267,2.96352,9.16889e+06,3.61194e+06,1.97343e+07,0,0,0,5.98956e+07
79.1612,85.139,1.87402,0.09,0.06,2.74129,3.04369,0,0.513639,4.47552,4.41193e+06,2.70226e+06,1.20944e+07,0,0,0,0,17.0357,61.308,2.08968,0,0.04,2.15256,1.85016,0,1.66287,2.96352,9.16889e+06,3.61194e+06,1.97366e+07,0,0,0,5.98956e+07
77.989,85.139,1.69188,0.15,0.06,2.74171,3.04411,0,0.513718,4.47552,4.41193e+06,2.70226e+06,1.20962e+07,0,0,0,0,16.5912,61.308,1.84857,0,0.04,2.15282,1.85042,0,1.66307,2.96352,9.16889e+06,3.61194e+06,1.9739e+07,0,0,0,5.98956e+07
76.7477,85.139,1.64742,0.15,0.06,2.81319,3.11559,0,0.513797,4.47552,4.41193e+06,2.70226e+06,1.24116e+07,0,0,0,0,16.1219,61.308,1.87589,0,0.04,2.1983,1.8959,0,1.66327,2.96352,9.16889e+06,3.61194e+06,2.01559e+07,0,0,0,5.98956e+07
75.4775,85.139,1.60266,0.15,0.06,2.81362,3.11602,0,0.527192,4.47552,4.41193e+06,2.70226e+06,1.24135e+07,0,0,0,0,15.6601,61.308,1.91552,0,0.04,2.19856,1.89616,0,1.69841,2.96352,9.16889e+06,3.61194e+06,2.01584e+07,0,0,0,5.98956e+07
74.0727,85.139,1.45437,0.14,0.06,2.81405,3.11645,0,0.527273,4.47552,4.41193e+06,2.70226e+06,1.24154e+07,0,0,0,0,15.1821,61.308,1.74305,0,0.04,2.19882,1.89642,0,1.69861,2.96352,9.16889e+06,3.61194e+06,2.01608e+07,0,0,0,5.98956e+07
72.5189,85.139,1.27842,0.14,0.06,2.81448,3.11688,0,0.527353,4.47552,4.41193e+06,2.70226e+06,1.24173e+07,0,0,0,0,14.6979,61.308,1.71857,0,0.04,2.19909,1.89669,0,1.69881,2.96352,9.16889e+06,3.61194e+06,2.01632e+07,0,0,0,5.98956e+07
70.6107,85.139,1.08726,0.17,0.06,3.02311,3.32551,0,0.527434,4.47552,4.41193e+06,2.70226e+06,1.33377e+07,0,0,0,0,13.9974,61.308,1.68546,0,0.04,2.36267,2.06027,0,1.69901,2.96352,9.16889e+06,3.61194e+06,2.1663e+07,0,0,0,5.98956e+07
68.6582,85.139,1.01333,0.17,0.06,3.02357,3.32597,0,0.566531,4.47552,4.41193e+06,2.70226e+06,1.33398e+07,0,0,0,0,13.4223,61.308,1.34464,0,0.04,2.36295,2.06055,0,1.8254,2.96352,9.16889e+06,3.61194e+06,2.16657e+07,0,0,0,5.98956e+07
66.8404,85.139,1.14302,0.17,0.06,3.02403,3.32643,0,0.566617,4.47552,4.41193e+06,2.70226e+06,1.33418e+07,0,0,0,0,12.5829,61.308,1.60962,0,0.04,2.36324,2.06084,0,1.82562,2.96352,9.16889e+06,3.61194e+06,2.16683e+07,0,0,0,5.98956e+07
64.8125,85.139,0.918535,0.21,0.06,3.02449,3.32689,0,0.566703,4.47552,4.41193e+06,2.70226e+06,1.33438e+07,0,0,0,0,11.9889,61.308,1.15814,0,0.04,2.36352,2.06112,0,1.82584,2.96352,9.16889e+06,3.61194e+06,2.16709e+07,0,0,0,5.98956e+07
63.0072,85.139,1.11431,0.21,0.06,3.02495,3.32735,0,0.56679,4.47552,4.41193e+06,2.70226e+06,1.33459e+07,0,0,0,0,11.5763,61.308,2.03341,0,0.04,2.36381,2.06141,0,1.82606,2.96352,9.16889e+06,3.61194e+06,2.16735e+07,0,0,0,5.98956e+07
61.2917,85.139,1.10446,0.21,0.06,2.92388,3.22628,0,0.566876,4.47552,4.41193e+06,2.70226e+06,1.28999e+07,0,0,0,0,11.4488,61.308,2.60399,0,0.04,2.2649,1.9625,0,1.82628,2.96352,9.16889e+06,3.61194e+06,2.07666e+07,0,0,0,5.98956e+07
59.6904,85.139,1.20669,0.25,0.06,2.92432,3.22672,0,0.547935,4.47552,4.41193e+06,2.70226e+06,1.29019e+07,0,0,0,0,10.9965,61.308,1.93198,0,0.04,2.26517,1.96277,0,1.74986,2.96352,9.16889e+06,3.61194e+06,2.07691e+07,0,0,0,5.98956e+07
57.8936,85.139,0.988559,0.25,0.06,2.92477,3.22717,0,0.548018,4.47552,4.41193e+06,2.70226e+06,1.29039e+07,0,0,0,0,10.5864,61.308,1.52986,0,0.04,2.26544,1.96304,0,1.75007,2.96352,9.16889e+06,3.61194e+06,2.07716e+07,0,0,0,5.98956e+07
56.6614,85.139,1.61935,0.25,0.06,2.92522,3.22762,0,0.548102,4.47552,4.41193e+06,2.70226e+06,1.29059e+07,0,0,0,0,10.4264,61.308,2.04568,0,0.04,2.26571,1.96331,0,1.75028,2.96352,9.16889e+06,3.61194e+06,2.07741e+07,0,0,0,5.98956e+07
57.2925,85.139,3.57218,0.27,0.06,2.84228,3.14468,0,0.548186,4.47552,4.41193e+06,2.70226e+06,1.25399e+07,0,0,0,0,10.6303,61.308,2.90828,0,0.04,2.17564,1.87324,0,1.75049,2.96352,9.16889e+06,3.61194e+06,1.99482e+07,0,0,0,5.98956e+07
57.2087,85.139,2.7859,0.25,0.06,2.84271,3.14511,0,0.532643,4.47552,4.41193e+06,2.70226e+06,1.25418e+07,0,0,0,0,10.3662,61.308,2.46241,0,0.04,2.1759,1.8735,0,1.6809,2.96352,9.16889e+06,3.61194e+06,1.99506e+07,0,0,0,5.98956e+07
57.0517,85.139,2.76963,0.25,0.06,2.84315,3.14555,0,0.532724,4.47552,4.41193e+06,2.70226e+06,1.25438e+07,0,0,0,0,10.5301,61.308,2.9574,0,0.04,2.17616,1.87376,0,1.6811,2.96352,9.16889e+06,3.61194e+06,1.9953e+07,0,0,0,5.98956e+07
56.8861,85.139,2.77678,0.25,0.06,2.84358,3.14598,0,0.532806,4.47552,4.41193e+06,2.70226e+06,1.25457e+07,0,0,0,0,10.8249,61.308,3.54169,0,0.04,2.17642,1.87402,0,1.6813,2.96352,9.16889e+06,3.61194e+06,1.99554e+07,0,0,0,5.98956e+07
58.0279,85.139,4.01463,0.25,0.06,2.60706,2.90946,0,0.532887,4.47552,4.41193e+06,2.70226e+06,1.15022e+07,0,0,0,0,11.3213,61.308,4.34888,0,0.04,1.98841,1.68601,0,1.6815,2.96352,9.16889e+06,3.61194e+06,1.82315e+07,0,0,0,5.98956e+07
57.8949,85.139,2.6531,0.26,0.06,2.60746,2.90986,0,0.488563,4.47552,4.41193e+06,2.70226e+06,1.15039e+07,0,0,0,0,11.329,61.308,2.87118,0,0.04,1.98865,1.68625,0,1.53625,2.96352,9.16889e+06,3.61194e+06,1.82337e+07,0,0,0,5.98956e+07
57.1982,85.139,2.10336,0.26,0.06,2.60786,2.91026,0,0.488638,4.47552,4.41193e+06,2.70226e+06,1.15057e+07,0,0,0,0,11.2181,61.308,2.48599,0,0.04,1.98888,1.68648,0,1.53643,2.96352,9.16889e+06,3.61194e+06,1.82358e+07,0,0,0,5.98956e+07
57.2797,85.139,2.83434,0.28,0.06,2.60827,2.91067,0,0.488714,4.47552,4.41193e+06,2.70226e+06,1.15075e+07,0,0,0,0,11.2407,61.308,3.21715,0,0.04,1.98912,1.68672,0,1.53661,2.96352,9.16889e+06,3.61194e+06,1.8238e+07,0,0,0,5.98956e+07
57.2017,85.139,2.83268,0.28,0.06,2.60867,2.91107,0,0.488789,4.47552,4.41193e+06,2.70226e+06,1.15093e+07,0,0,0,0,11.2945,61.308,3.49101,0,0.04,1.98935,1.68695,0,1.53679,2.96352,9.16889e+06,3.61194e+06,1.82401e+07,0,0,0,5.98956e+07
63.6628,85.139,9.55375,0.28,0.06,2.60867,2.91107,0,0.488865,4.47552,4.41193e+06,2.70226e+06,1.15093e+07,0,0,0,0,12.3769,61.308,5.64593,0,0.04,1.98935,1.68695,0,1.53697,2.96352,9.16889e+06,3.61194e+06,1.82401e+07,0,0,0,5.98956e+07
70.2095,85.139,10.1029,0.26,0.06,2.70027,3.00267,0,0.488865,4.47552,4.41193e+06,2.70226e+06,1.19134e+07,0,0,0,0,13.9386,61.308,6.67349,0,0.04,2.04413,1.74173,0,1.53697,2.96352,9.16889e+06,3.61194e+06,1.87424e+07,0,0,0,5.98956e+07
74.2456,85.139,7.50746,0.23,0.06,2.70066,3.00306,0,0.506031,4.47552,4.41193e+06,2.70226e+06,1.19151e+07,0,0,0,0,15.4369,61.308,6.31848,0,0.04,2.04436,1.74196,0,1.57929,2.96352,9.16889e+06,3.61194e+06,1.87445e+07,0,0,0,5.98956e+07
79.5792,85.139,8.85563,0.18,0.06,2.70106,3.00346,0,0.506105,4.47552,4.41193e+06,2.70226e+06,1.19169e+07,0,0,0,0,17.3594,61.308,6.86357,0,0.04,2.04459,1.74219,0,1.57947,2.96352,9.16889e+06,3.61194e+06,1.87466e+07,0,0,0,5.98956e+07
85.139,85.139,9.67744,0.12,0.06,2.70145,3.00385,0,0.506178,4.47552,4.41193e+06,2.70226e+06,1.19186e+07,0,0,0,0,19.7273,61.308,7.41573,0,0.04,2.04481,1.74241,0,1.57965,2.96352,9.16889e+06,3.61194e+06,1.87487e+07,0,0,0,5.98956e+07
85.139,85.139,27.6773,0.09,0.06,2.99487,3.29727,0,0.506252,4.47552,4.41193e+06,2.70226e+06,1.32132e+07,0,0,0,0,27.1338,61.308,20.3356,0,0.04,2.24994,1.94754,0,1.57982,2.96352,9.16889e+06,3.61194e+06,2.06294e+07,0,0,0,5.98956e+07
85.139,85.139,14.5816,0.1,0.06,2.9953,3.2977,0,0.561239,4.47552,4.41193e+06,2.70226e+06,1.32151e+07,0,0,0,0,31.1058,61.308,12.0924,0,0.04,2.25019,1.94779,0,1.7383,2.96352,9.16889e+06,3.61194e+06,2.06318e+07,0,0,0,5.98956e+07
85.139,85.139,9.72588,0.1,0.06,2.99573,3.29813,0,0.56132,4.47552,4.41193e+06,2.70226e+06,1.3217e+07,0,0,0,0,33.7902,61.308,9.43008,0,0.04,2.25045,1.94805,0,1.7385,2.96352,9.16889e+06,3.61194e+06,2.06341e+07,0,0,0,5.98956e+07
85.139,85.139,9.14689,0.1,0.06,2.99617,3.29857,0,0.561401,4.47552,4.41193e+06,2.70226e+06,1.32189e+07,0,0,0,0,38.8032,61.308,13.8136,0,0.04,2.25071,1.94831,0,1.7387,2.96352,9.16889e+06,3.61194e+06,2.06365e+07,0,0,0,5.98956e+07
85.139,85.139,9.91577,0.13,0.06,2.57843,2.88083,0,0.561482,4.47552,4.41193e+06,2.70226e+06,1.13758e+07,0,0,0,0,42.8931,61.308,13.4271,0,0.04,1.97584,1.67344,0,1.73889,2.96352,9.16889e+06,3.61194e+06,1.81163e+07,0,0,0,5.98956e+07
85.139,85.139,7.93691,0.15,0.06,2.57881,2.88121,0,0.483198,4.47552,4.41193e+06,2.70226e+06,1.13775e+07,0,0,0,0,44.9917,61.308,8.03012,0,0.04,1.97606,1.67366,0,1.52653,2.96352,9.16889e+06,3.61194e+06,1.81183e+07,0,0,0,5.98956e+07
85.139,85.139,9.60649,0.16,0.06,2.57918,2.88158,0,0.483268,4.47552,4.41193e+06,2.70226e+06,1.13792e+07,0,0,0,0,48.1492,61.308,9.64963,0,0.04,1.97628,1.67388,0,1.5267,2.96352,9.16889e+06,3.61194e+06,1.81203e+07,0,0,0,5.98956e+07
85.139,85.139,11.4103,0.16,0.06,2.57956,2.88196,0,0.483339,4.47552,4.41193e+06,2.70226e+06,1.13808e+07,0,0,0,0,51.978,61.308,12.7766,0,0.04,1.9765,1.6741,0,1.52687,2.96352,9.16889e+06,3.61194e+06,1.81223e+07,0,0,0,5.98956e+07
85.139,85.139,12.301,0.18,0.06,2.57994,2.88234,0,0.48341,4.47552,4.41193e+06,2.70226e+06,1.13825e+07,0,0,0,0,56.3109,61.308,11.7584,0,0.04,1.97672,1.67432,0,1.52704,2.96352,9.16889e+06,3.61194e+06,1.81243e+07,0,0,0,5.98956e+07
85.139,85.139,10.356,0.19,0.06,2.68564,2.98804,0,0.48348,4.47552,4.41193e+06,2.70226e+06,1.18489e+07,0,0,0,0,60.9351,61.308,11.925,0,0.04,2.04429,1.74189,0,1.52721,2.96352,9.16889e+06,3.61194e+06,1.87438e+07,0,0,0,5.98956e+07
85.139,85.139,7.70953,0.2,0.06,2.68603,2.98843,0,0.50329,4.47552,4.41193e+06,2.70226e+06,1.18506e+07,0,0,0,0,62.3362,61.308,9.64823,0,0.04,2.04451,1.74211,0,1.57941,2.96352,9.16889e+06,3.61194e+06,1.87459e+07,0,0,0,5.98956e+07
85.139,85.139,7.0773,0.19,0.06,2.68643,2.98883,0,0.503363,4.47552,4.41193e+06,2.70226e+06,1.18523e+07,0,0,0,0,62.3362,61.308,9.94358,0,0.04,2.04474,1.74234,0,1.57959,2.96352,9.16889e+06,3.61194e+06,1.8748e+07,0,0,0,5.98956e+07
85.139,85.139,6.3654,0.16,0.06,2.68682,2.98922,0,0.503436,4.47552,4.41193e+06,2.70226e+06,1.1854e+07,0,0,0,0,62.3362,61.308,8.2151,0,0.04,2.04497,1.74257,0,1.57977,2.96352,9.16889e+06,3.61194e+06,1.87501e+07,0,0,0,5.98956e+07
85.139,85.139,5.8196,0.14,0.06,2.646,2.9484,0,0.50351,4.47552,4.41193e+06,2.70226e+06,1.1674e+07,0,0,0,0,62.3362,61.308,4.26542,0,0.04,2.01903,1.71663,0,1.57994,2.96352,9.16889e+06,3.61194e+06,1.85122e+07,0,0,0,5.98956e+07
85.139,85.139,5.15634,0.13,0.06,2.64639,2.94879,0,0.495861,4.47552,4.41193e+06,2.70226e+06,1.16757e+07,0,0,0,0,62.3362,61.308,4.08829,0,0.04,2.01925,1.71685,0,1.5599,2.96352,9.16889e+06,3.61194e+06,1.85143e+07,0,0,0,5.98956e+07
85.139,85.139,4.87676,0.1,0.06,2.64678,2.94918,0,0.495934,4.47552,4.41193e+06,2.70226e+06,1.16774e+07,0,0,0,0,62.3362,61.308,3.92584,0,0.04,2.01948,1.71708,0,1.56007,2.96352,9.16889e+06,3.61194e+06,1.85163e+07,0,0,0,5.98956e+07
85.139,85.139,4.50687,0.1,0.06,2.64716,2.94956,0,0.496006,4.47552,4.41193e+06,2.70226e+06,1.16791e+07,0,0,0,0,62.3362,61.308,4.28427,0,0.04,2.0197,1.7173,0,1.56025,2.96352,9.16889e+06,3.61194e+06,1.85184e+07,0,0,0,5.98956e+07
85.139,85.139,4.60467,0.09,0.06,2.78749,3.08989,0,0.496078,4.47552,4.41193e+06,2.70226e+06,1.22982e+07,0,0,0,0,62.3362,61.308,3.23025,0,0.04,2.11278,1.81038,0,1.56042,2.96352,9.16889e+06,3.61194e+06,1.93719e+07,0,0,0,5.98956e+07
85.139,85.139,4.44876,0.07,0.06,2.78789,3.09029,0,0.522375,4.47552,4.41193e+06,2.70226e+06,1.23e+07,0,0,0,0,62.2719,61.308,2.85155,0,0.04,2.11302,1.81062,0,1.63234,2.96352,9.16889e+06,3.61194e+06,1.9374e+07,0,0,0,5.98956e+07
85.139,85.139,4.25034,0.08,0.06,2.78829,3.09069,0,0.522451,4.47552,4.41193e+06,2.70226e+06,1.23018e+07,0,0,0,0,62.211,61.308,3.03375,0,0.04,2.11326,1.81086,0,1.63252,2.96352,9.16889e+06,3.61194e+06,1.93762e+07,0,0,0,5.98956e+07
85.139,85.139,3.93298,0.08,0.06,2.7887,3.0911,0,0.522526,4.47552,4.41193e+06,2.70226e+06,1.23035e+07,0,0,0,0,62.1118,61.308,2.9101,0,0.04,2.11349,1.81109,0,1.6327,2.96352,9.16889e+06,3.61194e+06,1.93784e+07,0,0,0,5.98956e+07
85.139,85.139,3.3529,0.07,0.06,2.7891,3.0915,0,0.522602,4.47552,4.41193e+06,2.70226e+06,1.23053e+07,0,0,0,0,61.9444,61.308,2.75296,0,0.04,2.11373,1.81133,0,1.63289,2.96352,9.16889e+06,3.61194e+06,1.93806e+07,0,0,0,5.98956e+07
84.9489,85.139,2.89551,0.07,0.06,2.76182,3.06422,0,0.522678,4.47552,4.41193e+06,2.70226e+06,1.21849e+07,0,0,0,0,61.732,61.308,2.65119,0,0.04,2.16504,1.86264,0,1.63307,2.96352,9.16889e+06,3.61194e+06,1.9851e+07,0,0,0,5.98956e+07
84.5938,85.139,2.67807,0.13,0.06,2.76222,3.06462,0,0.517564,4.47552,4.41193e+06,2.70226e+06,1.21867e+07,0,0,0,0,61.5002,61.308,2.5289,0,0.04,2.16528,1.86288,0,1.67271,2.96352,9.16889e+06,3.61194e+06,1.98532e+07,0,0,0,5.98956e+07
84.0788,85.139,2.50043,0.12,0.06,2.76262,3.06502,0,0.517639,4.47552,4.41193e+06,2.70226e+06,1.21885e+07,0,0,0,0,61.2709,61.308,2.61889,0,0.04,2.16553,1.86313,0,1.6729,2.96352,9.16889e+06,3.61194e+06,1.98555e+07,0,0,0,5.98956e+07
83.4019,85.139,2.3218,0.11,0.06,2.76302,3.06542,0,0.517715,4.47552,4.41193e+06,2.70226e+06,1.21902e+07,0,0,0,0,61.0102,61.308,2.49496,0,0.04,2.16577,1.86337,0,1.67309,2.96352,9.16889e+06,3.61194e+06,1.98577e+07,0,0,0,5.98956e+07
82.5633,85.139,2.20127,0.1,0.06,2.83497,3.13737,0,0.51779,4.47552,4.41193e+06,2.70226e+06,1.25077e+07,0,0,0,0,60.6178,61.308,2.05772,0,0.04,2.21155,1.90915,0,1.67327,2.96352,9.16889e+06,3.61194e+06,2.02775e+07,0,0,0,5.98956e+07
81.6432,85.139,2.10388,0.1,0.06,2.83538,3.13778,0,0.531273,4.47552,4.41193e+06,2.70226e+06,1.25095e+07,0,0,0,0,60.2133,61.308,2.07504,0,0.04,2.2118,1.9094,0,1.70865,2.96352,9.16889e+06,3.61194e+06,2.02798e+07,0,0,0,5.98956e+07
80.4798,85.139,1.8467,0.11,0.06,2.83579,3.13819,0,0.53135,4.47552,4.41193e+06,2.70226e+06,1.25113e+07,0,0,0,0,59.7781,61.308,1.90223,0,0.04,2.21205,1.90965,0,1.70884,2.96352,9.16889e+06,3.61194e+06,2.02821e+07,0,0,0,5.98956e+07
79.1964,85.139,1.70634,0.11,0.06,2.8362,3.1386,0,0.531427,4.47552,4.41193e+06,2.70226e+06,1.25131e+07,0,0,0,0,59.3321,61.308,1.83227,0,0.04,2.2123,1.9099,0,1.70903,2.96352,9.16889e+06,3.61194e+06,2.02843e+07,0,0,0,5.98956e+07
77.6824,85.139,1.62295,0.15,0.06,3.04625,3.34865,0,0.531504,4.47552,4.41193e+06,2.70226e+06,1.34399e+07,0,0,0,0,58.8626,61.308,1.87311,0,0.04,2.37701,2.07461,0,1.70922,2.96352,9.16889e+06,3.61194e+06,2.17945e+07,0,0,0,5.98956e+07
76.3812,85.139,1.84046,0.15,0.06,3.04669,3.34909,0,0.570868,4.47552,4.41193e+06,2.70226e+06,1.34418e+07,0,0,0,0,58.4595,61.308,2.19743,0,0.04,2.37728,2.07488,0,1.83648,2.96352,9.16889e+06,3.61194e+06,2.1797e+07,0,0,0,5.98956e+07
74.754,85.139,1.53111,0.15,0.06,3.04713,3.34953,0,0.57095,4.47552,4.41193e+06,2.70226e+06,1.34437e+07,0,0,0,0,57.9341,61.308,1.7536,0,0.04,2.37755,2.07515,0,1.83669,2.96352,9.16889e+06,3.61194e+06,2.17995e+07,0,0,0,5.98956e+07
73.3896,85.139,1.7575,0.15,0.06,3.04757,3.34997,0,0.571032,4.47552,4.41193e+06,2.70226e+06,1.34457e+07,0,0,0,0,57.6482,61.308,2.64796,0,0.04,2.37782,2.07542,0,1.8369,2.96352,9.16889e+06,3.61194e+06,2.1802e+07,0,0,0,5.98956e+07
71.7131,85.139,1.4235,0.18,0.06,3.04801,3.35041,0,0.571114,4.47552,4.41193e+06,2.70226e+06,1.34476e+07,0,0,0,0,57.097,61.308,1.89843,0,0.04,2.37809,2.07569,0,1.83711,2.96352,9.16889e+06,3.61194e+06,2.18045e+07,0,0,0,5.98956e+07
70.1191,85.139,1.38365,0.2,0.06,2.94621,3.24861,0,0.571197,4.47552,4.41193e+06,2.70226e+06,1.29985e+07,0,0,0,0,56.4637,61.308,1.67902,0,0.04,2.27848,1.97608,0,1.83732,2.96352,9.16889e+06,3.61194e+06,2.08911e+07,0,0,0,5.98956e+07
68.7682,85.139,1.64801,0.2,0.06,2.94663,3.24903,0,0.552119,4.47552,4.41193e+06,2.70226e+06,1.30003e+07,0,0,0,0,55.8698,61.308,1.70596,0,0.04,2.27874,1.97634,0,1.76036,2.96352,9.16889e+06,3.61194e+06,2.08935e+07,0,0,0,5.98956e+07
68.2636,85.139,2.56354,0.2,0.06,2.94706,3.24946,0,0.552199,4.47552,4.41193e+06,2.70226e+06,1.30022e+07,0,0,0,0,55.525,61.308,2.95421,0,0.04,2.279,1.9766,0,1.76056,2.96352,9.16889e+06,3.61194e+06,2.08959e+07,0,0,0,5.98956e+07
67.3641,85.139,2.24958,0.19,0.06,2.94748,3.24988,0,0.552279,4.47552,4.41193e+06,2.70226e+06,1.30041e+07,0,0,0,0,55.056,61.308,2.33613,0,0.04,2.27926,1.97686,0,1.76075,2.96352,9.16889e+06,3.61194e+06,2.08983e+07,0,0,0,5.98956e+07
66.0188,85.139,1.65491,0.23,0.06,2.86395,3.16635,0,0.552358,4.47552,4.41193e+06,2.70226e+06,1.26355e+07,0,0,0,0,54.6367,61.308,1.88786,0,0.04,2.18855,1.88615,0,1.76095,2.96352,9.16889e+06,3.61194e+06,2.00666e+07,0,0,0,5.98956e+07
65.3345,85.139,2.33836,0.22,0.06,2.86436,3.16676,0,0.536703,4.47552,4.41193e+06,2.70226e+06,1.26374e+07,0,0,0,0,54.1891,61.308,1.70948,0,0.04,2.1888,1.8864,0,1.69087,2.96352,9.16889e+06,3.61194e+06,2.00688e+07,0,0,0,5.98956e+07
68.1497,85.139,6.05586,0.22,0.06,2.86477,3.16717,0,0.536781,4.47552,4.41193e+06,2.70226e+06,1.26392e+07,0,0,0,0,54.6283,61.308,5.67511,0,0.04,2.18904,1.88664,0,1.69106,2.96352,9.16889e+06,3.61194e+06,2.00711e+07,0,0,0,5.98956e+07
69.183,85.139,4.21365,0.19,0.06,2.86519,3.16759,0,0.536859,4.47552,4.41193e+06,2.70226e+06,1.2641e+07,0,0,0,0,54.6355,61.308,3.86278,0,0.04,2.18929,1.88689,0,1.69126,2.96352,9.16889e+06,3.61194e+06,2.00734e+07,0,0,0,5.98956e+07
72.5006,85.139,6.32325,0.2,0.06,2.62702,2.92942,0,0.536936,4.47552,4.41193e+06,2.70226e+06,1.15902e+07,0,0,0,0,55.342,61.308,5.80133,0,0.04,1.99998,1.69758,0,1.69145,2.96352,9.16889e+06,3.61194e+06,1.83376e+07,0,0,0,5.98956e+07
76.3833,85.139,6.98853,0.22,0.06,2.6274,2.9298,0,0.492303,4.47552,4.41193e+06,2.70226e+06,1.15919e+07,0,0,0,0,56.5993,61.308,6.90937,0,0.04,2.0002,1.6978,0,1.54519,2.96352,9.16889e+06,3.61194e+06,1.83396e+07,0,0,0,5.98956e+07
79.7435,85.139,6.6419,0.18,0.06,2.62778,2.93018,0,0.492375,4.47552,4.41193e+06,2.70226e+06,1.15936e+07,0,0,0,0,57.3082,61.308,5.75265,0,0.04,2.00042,1.69802,0,1.54536,2.96352,9.16889e+06,3.61194e+06,1.83417e+07,0,0,0,5.98956e+07
82.3119,85.139,5.75221,0.13,0.06,2.62817,2.93057,0,0.492447,4.47552,4.41193e+06,2.70226e+06,1.15953e+07,0,0,0,0,57.0725,61.308,2.95939,0,0.04,2.00065,1.69825,0,1.54553,2.96352,9.16889e+06,3.61194e+06,1.83437e+07,0,0,0,5.98956e+07
85.139,85.139,6.98226,0.13,0.06,2.62855,2.93095,0,0.492518,4.47552,4.41193e+06,2.70226e+06,1.1597e+07,0,0,0,0,57.0037,61.308,4.06695,0,0.04,2.00087,1.69847,0,1.5457,2.96352,9.16889e+06,3.61194e+06,1.83457e+07,0,0,0,5.98956e+07
85.139,85.139,3.54132,0.11,0.06,2.72075,3.02315,0,0.49259,4.47552,4.41193e+06,2.70226e+06,1.20038e+07,0,0,0,0,56.9216,61.308,4.18428,0,0.04,2.05601,1.75361,0,1.54587,2.96352,9.16889e+06,3.61194e+06,1.88513e+07,0,0,0,5.98956e+07
85.139,85.139,3.62098,0.1,0.06,2.72113,3.02353,0,0.509869,4.47552,4.41193e+06,2.70226e+06,1.20054e+07,0,0,0,0,57.0792,61.308,5.64913,0,0.04,2.05623,1.75383,0,1.58847,2.96352,9.16889e+06,3.61194e+06,1.88533e+07,0,0,0,5.98956e+07
85.139,85.139,5.14186,0.1,0.06,2.7215,3.0239,0,0.509939,4.47552,4.41193e+06,2.70226e+06,1.20071e+07,0,0,0,0,57.0574,61.308,4.93893,0,0.04,2.05644,1.75404,0,1.58864,2.96352,9.16889e+06,3.61194e+06,1.88553e+07,0,0,0,5.98956e+07
85.139,85.139,6.684,0.1,0.06,2.72187,3.02427,0,0.510009,4.47552,4.41193e+06,2.70226e+06,1.20087e+07,0,0,0,0,57.2269,61.308,6.19059,0,0.04,2.05666,1.75426,0,1.58881,2.96352,9.16889e+06,3.61194e+06,1.88573e+07,0,0,0,5.98956e+07
85.139,85.139,4.42862,0.1,0.06,3.01726,3.31966,0,0.510079,4.47552,4.41193e+06,2.70226e+06,1.33119e+07,0,0,0,0,57.399,61.308,4.99881,0,0.04,2.26317,1.96077,0,1.58898,2.96352,9.16889e+06,3.61194e+06,2.07507e+07,0,0,0,5.98956e+07
85.139,85.139,4.10501,0.1,0.06,3.01767,3.32007,0,0.565435,4.47552,4.41193e+06,2.70226e+06,1.33138e+07,0,0,0,0,57.4444,61.308,4.57473,0,0.04,2.26341,1.96101,0,1.74852,2.96352,9.16889e+06,3.61194e+06,2.07529e+07,0,0,0,5.98956e+07
85.1179,85.139,3.47452,0.12,0.06,3.01808,3.32048,0,0.565512,4.47552,4.41193e+06,2.70226e+06,1.33156e+07,0,0,0,0,57.4935,61.308,4.6091,0,0.04,2.26365,1.96125,0,1.74871,2.96352,9.16889e+06,3.61194e+06,2.07551e+07,0,0,0,5.98956e+07
85.139,85.139,3.87127,0.17,0.06,3.01849,3.32089,0,0.565588,4.47552,4.41193e+06,2.70226e+06,1.33174e+07,0,0,0,0,57.937,61.308,9.9697,0,0.04,2.26389,1.96149,0,1.7489,2.96352,9.16889e+06,3.61194e+06,2.07574e+07,0,0,0,5.98956e+07
85.139,85.139,4.61546,0.15,0.06,2.5979,2.9003,0,0.565665,4.47552,4.41193e+06,2.70226e+06,1.14618e+07,0,0,0,0,58.3215,61.308,5.93927,0,0.04,1.98715,1.68475,0,1.74908,2.96352,9.16889e+06,3.61194e+06,1.822e+07,0,0,0,5.98956e+07
85.139,85.139,5.24895,0.15,0.06,2.59826,2.90066,0,0.486847,4.47552,4.41193e+06,2.70226e+06,1.14633e+07,0,0,0,0,58.4938,61.308,4.42082,0,0.04,1.98736,1.68496,0,1.53527,2.96352,9.16889e+06,3.61194e+06,1.82219e+07,0,0,0,5.98956e+07
85.139,85.139,4.78309,0.17,0.06,2.59862,2.90102,0,0.486914,4.47552,4.41193e+06,2.70226e+06,1.14649e+07,0,0,0,0,58.6345,61.308,5.15001,0,0.04,1.98757,1.68517,0,1.53544,2.96352,9.16889e+06,3.61194e+06,1.82238e+07,0,0,0,5.98956e+07
85.139,85.139,5.62348,0.18,0.06,2.59898,2.90138,0,0.486981,4.47552,4.41193e+06,2.70226e+06,1.14665e+07,0,0,0,0,58.9868,61.308,4.76251,0,0.04,1.98778,1.68538,0,1.5356,2.96352,9.16889e+06,3.61194e+06,1.82257e+07,0,0,0,5.98956e+07
85.139,85.139,6.1313,0.21,0.06,2.59934,2.90174,0,0.487048,4.47552,4.41193e+06,2.70226e+06,1.14681e+07,0,0,0,0,60.0736,61.308,6.607,0,0.04,1.98798,1.68558,0,1.53576,2.96352,9.16889e+06,3.61194e+06,1.82276e+07,0,0,0,5.98956e+07
85.139,85.139,4.09117,0.22,0.06,2.70573,3.00813,0,0.487115,4.47552,4.41193e+06,2.70226e+06,1.19375e+07,0,0,0,0,60.334,61.308,4.45716,0,0.04,2.05599,1.75359,0,1.53592,2.96352,9.16889e+06,3.61194e+06,1.88512e+07,0,0,0,5.98956e+07
85.139,85.139,3.51227,0.21,0.06,2.7061,3.0085,0,0.507054,4.47552,4.41193e+06,2.70226e+06,1.19391e+07,0,0,0,0,60.4439,61.308,3.86389,0,0.04,2.05621,1.75381,0,1.58846,2.96352,9.16889e+06,3.61194e+06,1.88532e+07,0,0,0,5.98956e+07
85.139,85.139,3.49213,0.2,0.06,2.70647,3.00887,0,0.507123,4.47552,4.41193e+06,2.70226e+06,1.19408e+07,0,0,0,0,60.5376,61.308,4.6288,0,0.04,2.05643,1.75403,0,1.58863,2.96352,9.16889e+06,3.61194e+06,1.88551e+07,0,0,0,5.98956e+07
85.139,85.139,3.56475,0.19,0.06,2.70684,3.00924,0,0.507193,4.47552,4.41193e+06,2.70226e+06,1.19424e+07,0,0,0,0,60.5985,61.308,4.07594,0,0.04,2.05664,1.75424,0,1.5888,2.96352,9.16889e+06,3.61194e+06,1.88571e+07,0,0,0,5.98956e+07
85.0561,85.139,3.08146,0.17,0.06,2.66573,2.96813,0,0.507262,4.47552,4.41193e+06,2.70226e+06,1.1761e+07,0,0,0,0,60.5367,61.308,4.51598,0,0.04,2.03051,1.72811,0,1.58896,2.96352,9.16889e+06,3.61194e+06,1.86175e+07,0,0,0,5.98956e+07
84.6496,85.139,2.73917,0.27,0.06,2.6661,2.9685,0,0.499558,4.47552,4.41193e+06,2.70226e+06,1.17626e+07,0,0,0,0,60.4639,61.308,4.30983,0,0.04,2.03073,1.72833,0,1.56877,2.96352,9.16889e+06,3.61194e+06,1.86195e+07,0,0,0,5.98956e+07
84.7455,85.139,3.26408,0.23,0.06,2.66646,2.96886,0,0.499627,4.47552,4.41193e+06,2.70226e+06,1.17643e+07,0,0,0,0,60.4234,61.308,4.52993,0,0.04,2.03094,1.72854,0,1.56894,2.96352,9.16889e+06,3.61194e+06,1.86214e+07,0,0,0,5.98956e+07
84.412,85.139,2.78428,0.22,0.06,2.66683,2.96923,0,0.499696,4.47552,4.41193e+06,2.70226e+06,1.17659e+07,0,0,0,0,60.329,61.308,4.27729,0,0.04,2.03115,1.72875,0,1.5691,2.96352,9.16889e+06,3.61194e+06,1.86234e+07,0,0,0,5.98956e+07
83.8847,85.139,2.6133,0.2,0.06,2.80807,3.11047,0,0.499764,4.47552,4.41193e+06,2.70226e+06,1.2389e+07,0,0,0,0,60.178,61.308,4.94334,0,0.04,2.12484,1.82244,0,1.56927,2.96352,9.16889e+06,3.61194e+06,1.94824e+07,0,0,0,5.98956e+07
83.2565,85.139,2.483,0.16,0.06,2.80845,3.11085,0,0.526232,4.47552,4.41193e+06,2.70226e+06,1.23907e+07,0,0,0,0,59.9774,61.308,4.01844,0,0.04,2.12507,1.82267,0,1.64165,2.96352,9.16889e+06,3.61194e+06,1.94845e+07,0,0,0,5.98956e+07
82.4237,85.139,2.26484,0.16,0.06,2.80883,3.11123,0,0.526303,4.47552,4.41193e+06,2.70226e+06,1.23924e+07,0,0,0,0,59.7485,61.308,3.52632,0,0.04,2.12529,1.82289,0,1.64183,2.96352,9.16889e+06,3.61194e+06,1.94866e+07,0,0,0,5.98956e+07
81.3453,85.139,1.9867,0.15,0.06,2.80922,3.11162,0,0.526375,4.47552,4.41193e+06,2.70226e+06,1.23941e+07,0,0,0,0,59.457,61.308,3.22944,0,0.04,2.12552,1.82312,0,1.642,2.96352,9.16889e+06,3.61194e+06,1.94886e+07,0,0,0,5.98956e+07
80.1626,85.139,1.83325,0.13,0.06,2.8096,3.112,0,0.526447,4.47552,4.41193e+06,2.70226e+06,1.23958e+07,0,0,0,0,59.0548,61.308,3.04534,0,0.04,2.12574,1.82334,0,1.64217,2.96352,9.16889e+06,3.61194e+06,1.94907e+07,0,0,0,5.98956e+07
78.9051,85.139,1.70368,0.13,0.06,2.78211,3.08451,0,0.526519,4.47552,4.41193e+06,2.70226e+06,1.22745e+07,0,0,0,0,58.5334,61.308,2.91578,0,0.04,2.17737,1.87497,0,1.64235,2.96352,9.16889e+06,3.61194e+06,1.99641e+07,0,0,0,5.98956e+07
77.5146,85.139,1.55724,0.18,0.06,2.78249,3.08489,0,0.521367,4.47552,4.41193e+06,2.70226e+06,1.22761e+07,0,0,0,0,57.9886,61.308,2.55203,0,0.04,2.17761,1.87521,0,1.68224,2.96352,9.16889e+06,3.61194e+06,1.99662e+07,0,0,0,5.98956e+07
76.0315,85.139,1.42781,0.18,0.06,2.78287,3.08527,0,0.521438,4.47552,4.41193e+06,2.70226e+06,1.22778e+07,0,0,0,0,57.3969,61.308,2.52525,0,0.04,2.17784,1.87544,0,1.68242,2.96352,9.16889e+06,3.61194e+06,1.99683e+07,0,0,0,5.98956e+07
74.4969,85.139,1.33614,0.18,0.06,2.78325,3.08565,0,0.52151,4.47552,4.41193e+06,2.70226e+06,1.22795e+07,0,0,0,0,56.7412,61.308,2.46226,0,0.04,2.17807,1.87567,0,1.6826,2.96352,9.16889e+06,3.61194e+06,1.99705e+07,0,0,0,5.98956e+07
72.8799,85.139,1.29689,0.16,0.06,2.85565,3.15805,0,0.521581,4.47552,4.41193e+06,2.70226e+06,1.25989e+07,0,0,0,0,56.0395,61.308,2.22124,0,0.04,2.22414,1.92174,0,1.68277,2.96352,9.16889e+06,3.61194e+06,2.03929e+07,0,0,0,5.98956e+07
71.2124,85.139,1.22249,0.2,0.06,2.85604,3.15844,0,0.535149,4.47552,4.41193e+06,2.70226e+06,1.26006e+07,0,0,0,0,55.3083,61.308,2.37801,0,0.04,2.22437,1.92197,0,1.71837,2.96352,9.16889e+06,3.61194e+06,2.0395e+07,0,0,0,5.98956e+07
69.4839,85.139,1.14426,0.19,0.06,2.85643,3.15883,0,0.535222,4.47552,4.41193e+06,2.70226e+06,1.26024e+07,0,0,0,0,54.559,61.308,2.17636,0,0.04,2.22461,1.92221,0,1.71855,2.96352,9.16889e+06,3.61194e+06,2.03972e+07,0,0,0,5.98956e+07
67.755,85.139,1.12379,0.19,0.06,2.85682,3.15922,0,0.535295,4.47552,4.41193e+06,2.70226e+06,1.26041e+07,0,0,0,0,53.8314,61.308,2.32657,0,0.04,2.22485,1.92245,0,1.71873,2.96352,9.16889e+06,3.61194e+06,2.03994e+07,0,0,0,5.98956e+07
65.8434,85.139,1.09108,0.22,0.06,3.06823,3.37063,0,0.535368,4.47552,4.41193e+06,2.70226e+06,1.35368e+07,0,0,0,0,53.0855,61.308,2.27933,0,0.04,2.39062,2.08822,0,1.71892,2.96352,9.16889e+06,3.61194e+06,2.19193e+07,0,0,0,5.98956e+07
63.7505,85.139,0.890097,0.22,0.06,3.06864,3.37104,0,0.574985,4.47552,4.41193e+06,2.70226e+06,1.35386e+07,0,0,0,0,52.2896,61.308,2.04006,0,0.04,2.39088,2.08848,0,1.84699,2.96352,9.16889e+06,3.61194e+06,2.19217e+07,0,0,0,5.98956e+07
61.7315,85.139,0.938203,0.22,0.06,3.06906,3.37146,0,0.575063,4.47552,4.41193e+06,2.70226e+06,1.35405e+07,0,0,0,0,51.4942,61.308,2.01004,0,0.04,2.39114,2.08874,0,1.84719,2.96352,9.16889e+06,3.61194e+06,2.1924e+07,0,0,0,5.98956e+07
60.1616,85.139,1.40652,0.25,0.06,3.06947,3.37187,0,0.575141,4.47552,4.41193e+06,2.70226e+06,1.35423e+07,0,0,0,0,50.7419,61.308,2.40582,0,0.04,2.39139,2.08899,0,1.84739,2.96352,9.16889e+06,3.61194e+06,2.19264e+07,0,0,0,5.98956e+07
58.9991,85.139,1.79754,0.26,0.06,3.06989,3.37229,0,0.575219,4.47552,4.41193e+06,2.70226e+06,1.35441e+07,0,0,0,0,50.0368,61.308,2.45653,0,0.04,2.39165,2.08925,0,1.84759,2.96352,9.16889e+06,3.61194e+06,2.19288e+07,0,0,0,5.98956e+07
57.1583,85.139,0.973148,0.27,0.06,2.9674,3.2698,0,0.575297,4.47552,4.41193e+06,2.70226e+06,1.3092e+07,0,0,0,0,49.2429,61.308,1.75052,0,0.04,2.29137,1.98897,0,1.84779,2.96352,9.16889e+06,3.61194e+06,2.10093e+07,0,0,0,5.98956e+07
55.7875,85.139,1.44643,0.27,0.06,2.9678,3.2702,0,0.556091,4.47552,4.41193e+06,2.70226e+06,1.30937e+07,0,0,0,0,48.4899,61.308,2.16185,0,0.04,2.29162,1.98922,0,1.77031,2.96352,9.16889e+06,3.61194e+06,2.10116e+07,0,0,0,5.98956e+07
54.921,85.139,1.98936,0.29,0.06,2.9682,3.2706,0,0.556166,4.47552,4.41193e+06,2.70226e+06,1.30955e+07,0,0,0,0,47.8623,61.308,3.51308,0,0.04,2.29186,1.98946,0,1.7705,2.96352,9.16889e+06,3.61194e+06,2.10138e+07,0,0,0,5.98956e+07
53.7827,85.139,1.73971,0.28,0.06,2.96861,3.27101,0,0.556242,4.47552,4.41193e+06,2.70226e+06,1.30973e+07,0,0,0,0,47.1601,61.308,2.47263,0,0.04,2.29211,1.98971,0,1.77069,2.96352,9.16889e+06,3.61194e+06,2.10161e+07,0,0,0,5.98956e+07
52.0739,85.139,1.04986,0.29,0.06,2.8845,3.1869,0,0.556317,4.47552,4.41193e+06,2.70226e+06,1.27262e+07,0,0,0,0,46.5317,61.308,1.9641,0,0.04,2.2008,1.8984,0,1.77088,2.96352,9.16889e+06,3.61194e+06,2.01788e+07,0,0,0,5.98956e+07
51.4597,85.139,2.17699,0.3,0.06,2.8849,3.1873,0,0.540556,4.47552,4.41193e+06,2.70226e+06,1.2728e+07,0,0,0,0,45.949,61.308,2.08201,0,0.04,2.20103,1.89863,0,1.70033,2.96352,9.16889e+06,3.61194e+06,2.0181e+07,0,0,0,5.98956e+07
51.8967,85.139,3.28525,0.3,0.06,2.88529,3.18769,0,0.540629,4.47552,4.41193e+06,2.70226e+06,1.27297e+07,0,0,0,0,45.5313,61.308,2.64733,0,0.04,2.20126,1.89886,0,1.70052,2.96352,9.16889e+06,3.61194e+06,2.01831e+07,0,0,0,5.98956e+07
53.0083,85.139,4.14805,0.32,0.06,2.88568,3.18808,0,0.540703,4.47552,4.41193e+06,2.70226e+06,1.27314e+07,0,0,0,0,45.2165,61.308,3.96984,0,0.04,2.2015,1.8991,0,1.7007,2.96352,9.16889e+06,3.61194e+06,2.01853e+07,0,0,0,5.98956e+07
53.4497,85.139,3.21967,0.32,0.06,2.64595,2.94835,0,0.540777,4.47552,4.41193e+06,2.70226e+06,1.16737e+07,0,0,0,0,44.8107,61.308,3.029,0,0.04,2.01095,1.70855,0,1.70088,2.96352,9.16889e+06,3.61194e+06,1.84382e+07,0,0,0,5.98956e+07
52.2254,85.139,1.45949,0.32,0.06,2.64631,2.94871,0,0.49585,4.47552,4.41193e+06,2.70226e+06,1.16753e+07,0,0,0,0,44.2036,61.308,1.58354,0,0.04,2.01116,1.70876,0,1.55366,2.96352,9.16889e+06,3.61194e+06,1.84401e+07,0,0,0,5.98956e+07
52.5074,85.139,3.11205,0.32,0.06,2.64667,2.94907,0,0.495918,4.47552,4.41193e+06,2.70226e+06,1.16769e+07,0,0,0,0,44.0973,61.308,4.62264,0,0.04,2.01137,1.70897,0,1.55382,2.96352,9.16889e+06,3.61194e+06,1.8442e+07,0,0,0,5.98956e+07
52.7888,85.139,3.07833,0.35,0.06,2.64704,2.94944,0,0.495986,4.47552,4.41193e+06,2.70226e+06,1.16785e+07,0,0,0,0,43.7192,61.308,3.00034,0,0.04,2.01158,1.70918,0,1.55399,2.96352,9.16889e+06,3.61194e+06,1.8444e+07,0,0,0,5.98956e+07
53.7619,85.139,3.54973,0.4,0.06,2.40007,2.9498,0,0.496055,4.47552,4.41193e+06,3.62307e+06,1.0589e+07,0,0,0,0,43.2358,61.308,2.56177,0,0.04,1.86847,1.70939,0,1.55415,2.96352,9.16889e+06,4.84273e+06,1.71318e+07,0,0,0,5.98956e+07
57.1783,85.139,6.38168,0.42,0.06,2.48507,3.04257,0,0.449774,4.47552,4.41193e+06,3.62307e+06,1.09639e+07,0,0,0,0,43.1323,61.308,3.90683,0,0.04,1.9193,1.76488,0,1.44358,2.96352,9.16889e+06,4.84273e+06,1.75978e+07,0,0,0,5.98956e+07
59.664,85.139,5.5441,0.39,0.06,2.6895,3.04292,0,0.465702,4.47552,4.41193e+06,3.01923e+06,1.18659e+07,0,0,0,0,42.9448,61.308,3.27353,0,0.04,2.03788,1.76508,0,1.48285,2.96352,9.16889e+06,4.03561e+06,1.86851e+07,0,0,0,5.98956e+07
62.6115,85.139,6.09165,0.39,0.06,2.68984,3.04328,0,0.504012,4.47552,4.41193e+06,3.01923e+06,1.18674e+07,0,0,0,0,42.6276,61.308,2.87064,0,0.04,2.03808,1.76528,0,1.57447,2.96352,9.16889e+06,4.03561e+06,1.86869e+07,0,0,0,5.98956e+07
64.3923,85.139,4.97445,0.35,0.06,2.74123,3.04363,0,0.504077,4.47552,4.41193e+06,2.70226e+06,1.20941e+07,0,0,0,0,42.2862,61.308,2.67312,0,0.04,2.06789,1.76549,0,1.57462,2.96352,9.16889e+06,3.61194e+06,1.89602e+07,0,0,0,5.98956e+07
64.5834,85.139,3.5794,0.36,0.06,3.03848,3.34088,0,0.513706,4.47552,4.41193e+06,2.70226e+06,1.34056e+07,0,0,0,0,41.849,61.308,2.52213,0,0.04,2.2757,1.9733,0,1.59765,2.96352,9.16889e+06,3.61194e+06,2.08656e+07,0,0,0,5.98956e+07
65.665,85.139,4.56637,0.38,0.06,3.03887,3.34127,0,0.569412,4.47552,4.41193e+06,2.70226e+06,1.34073e+07,0,0,0,0,41.5333,61.308,2.98099,0,0.04,2.27593,1.97353,0,1.75821,2.96352,9.16889e+06,3.61194e+06,2.08677e+07,0,0,0,5.98956e+07
68.028,85.139,5.80974,0.39,0.06,2.98322,3.34166,0,0.569484,4.47552,4.41193e+06,3.01923e+06,1.31618e+07,0,0,0,0,41.364,61.308,3.35269,0,0.04,2.24306,1.97376,0,1.75838,2.96352,9.16889e+06,4.03561e+06,2.05663e+07,0,0,0,5.98956e+07
71.2162,85.139,6.65331,0.39,0.06,2.9836,3.34204,0,0.559055,4.47552,4.41193e+06,3.01923e+06,1.31634e+07,0,0,0,0,41.1176,61.308,4.09894,0,0.04,2.24328,1.97398,0,1.73299,2.96352,9.16889e+06,4.03561e+06,2.05684e+07,0,0,0,5.98956e+07
71.7525,85.139,3.61541,0.35,0.06,2.61636,2.91876,0,0.559127,4.47552,4.41193e+06,2.70226e+06,1.15432e+07,0,0,0,0,40.5825,61.308,1.8243,0,0.04,1.99787,1.69547,0,1.73316,2.96352,9.16889e+06,3.61194e+06,1.83183e+07,0,0,0,5.98956e+07
72.8449,85.139,4.10731,0.39,0.06,2.56774,2.91909,0,0.490305,4.47552,4.41193e+06,3.01923e+06,1.13287e+07,0,0,0,0,40.1813,61.308,1.93192,0,0.04,1.96963,1.69567,0,1.54356,2.96352,9.16889e+06,4.03561e+06,1.80593e+07,0,0,0,5.98956e+07
74.6192,85.139,4.76248,0.45,0.06,2.37225,2.91943,0,0.481195,4.47552,4.41193e+06,3.62307e+06,1.04662e+07,0,0,0,0,39.9635,61.308,2.97817,0,0.04,1.85607,1.69586,0,1.52174,2.96352,9.16889e+06,4.84273e+06,1.70181e+07,0,0,0,5.98956e+07
76.8847,85.139,5.62192,0.38,0.06,2.61737,2.91977,0,0.44456,4.47552,4.41193e+06,2.70226e+06,1.15476e+07,0,0,0,0,39.7287,61.308,2.97438,0,0.04,1.99846,1.69606,0,1.434,2.96352,9.16889e+06,3.61194e+06,1.83237e+07,0,0,0,5.98956e+07
78.3259,85.139,4.46941,0.4,0.06,2.37287,2.92011,0,0.490495,4.47552,4.41193e+06,3.62307e+06,1.04689e+07,0,0,0,0,39.4138,61.308,2.21711,0,0.04,1.85643,1.69626,0,1.54401,2.96352,9.16889e+06,4.84273e+06,1.70214e+07,0,0,0,5.98956e+07
79.6996,85.139,4.47968,0.46,0.06,2.47094,3.02715,0,0.444676,4.47552,4.41193e+06,3.62307e+06,1.09016e+07,0,0,0,0,39.0606,61.308,2.53681,0,0.04,1.91912,1.76468,0,1.43428,2.96352,9.16889e+06,4.84273e+06,1.75962e+07,0,0,0,5.98956e+07
80.5418,85.139,4.1022,0.32,0.06,2.7251,3.0275,0,0.463054,4.47552,4.41193e+06,2.70226e+06,1.20229e+07,0,0,0,0,38.7503,61.308,2.52036,0,0.04,2.06729,1.76489,0,1.48271,2.96352,9.16889e+06,3.61194e+06,1.89547e+07,0,0,0,5.98956e+07
81.1272,85.139,3.82996,0.32,0.06,2.72545,3.02785,0,0.510684,4.47552,4.41193e+06,2.70226e+06,1.20245e+07,0,0,0,0,38.5596,61.308,3.13929,0,0.04,2.06749,1.76509,0,1.59719,2.96352,9.16889e+06,3.61194e+06,1.89566e+07,0,0,0,5.98956e+07
81.1301,85.139,3.19317,0.34,0.06,2.7258,3.0282,0,0.510749,4.47552,4.41193e+06,2.70226e+06,1.2026e+07,0,0,0,0,38.1294,61.308,1.92141,0,0.04,2.06769,1.76529,0,1.59734,2.96352,9.16889e+06,3.61194e+06,1.89585e+07,0,0,0,5.98956e+07
81.2616,85.139,3.2462,0.32,0.06,2.68441,2.98681,0,0.510815,4.47552,4.41193e+06,2.70226e+06,1.18434e+07,0,0,0,0,37.7981,61.308,2.6971,0,0.04,2.04139,1.73899,0,1.5975,2.96352,9.16889e+06,3.61194e+06,1.87172e+07,0,0,0,5.98956e+07
80.7242,85.139,2.53505,0.3,0.06,2.68475,2.98715,0,0.503058,4.47552,4.41193e+06,2.70226e+06,1.18449e+07,0,0,0,0,37.348,61.308,2.24037,0,0.04,2.04159,1.73919,0,1.57718,2.96352,9.16889e+06,3.61194e+06,1.87191e+07,0,0,0,5.98956e+07
79.9026,85.139,2.22984,0.27,0.06,2.6851,2.9875,0,0.503123,4.47552,4.41193e+06,2.70226e+06,1.18465e+07,0,0,0,0,36.766,61.308,1.99427,0,0.04,2.04179,1.73939,0,1.57733,2.96352,9.16889e+06,3.61194e+06,1.87209e+07,0,0,0,5.98956e+07
79.26,85.139,2.41734,0.24,0.06,2.68545,2.98785,0,0.503188,4.47552,4.41193e+06,2.70226e+06,1.1848e+07,0,0,0,0,36.2802,61.308,1.67423,0,0.04,2.04199,1.73959,0,1.57749,2.96352,9.16889e+06,3.61194e+06,1.87228e+07,0,0,0,5.98956e+07
78.7626,85.139,2.39692,0.43,0.06,2.56511,3.12994,0,0.503252,4.47552,4.41193e+06,3.62307e+06,1.13171e+07,0,0,0,0,35.808,61.308,1.80176,0,0.04,1.98249,1.83385,0,1.57764,2.96352,9.16889e+06,4.84273e+06,1.81773e+07,0,0,0,5.98956e+07
77.8281,85.139,2.10029,0.33,0.06,2.8279,3.1303,0,0.480702,4.47552,4.41193e+06,2.70226e+06,1.24765e+07,0,0,0,0,35.3318,61.308,1.9431,0,0.04,2.13647,1.83407,0,1.53167,2.96352,9.16889e+06,3.61194e+06,1.9589e+07,0,0,0,5.98956e+07
76.8763,85.139,2.07241,0.29,0.06,2.82827,3.13067,0,0.529949,4.47552,4.41193e+06,2.70226e+06,1.24781e+07,0,0,0,0,34.8853,61.308,1.94313,0,0.04,2.13668,1.83428,0,1.65063,2.96352,9.16889e+06,3.61194e+06,1.95909e+07,0,0,0,5.98956e+07
75.8088,85.139,1.94119,0.29,0.06,2.82863,3.13103,0,0.530017,4.47552,4.41193e+06,2.70226e+06,1.24797e+07,0,0,0,0,34.4151,61.308,1.86883,0,0.04,2.13689,1.83449,0,1.6508,2.96352,9.16889e+06,3.61194e+06,1.95929e+07,0,0,0,5.98956e+07
74.8743,85.139,2.05635,0.22,0.06,2.82899,3.13139,0,0.530085,4.47552,4.41193e+06,2.70226e+06,1.24813e+07,0,0,0,0,33.943,61.308,1.77803,0,0.04,2.1371,1.8347,0,1.65096,2.96352,9.16889e+06,3.61194e+06,1.95948e+07,0,0,0,5.98956e+07
74.4278,85.139,2.50456,0.19,0.06,2.8013,3.1037,0,0.530153,4.47552,4.41193e+06,2.70226e+06,1.23591e+07,0,0,0,0,33.5045,61.308,1.92742,0,0.04,2.18904,1.88664,0,1.65112,2.96352,9.16889e+06,3.61194e+06,2.00711e+07,0,0,0,5.98956e+07
73.766,85.139,2.27093,0.2,0.06,2.80166,3.10406,0,0.524964,4.47552,4.41193e+06,2.70226e+06,1.23607e+07,0,0,0,0,33.0409,61.308,1.73146,0,0.04,2.18926,1.88686,0,1.69125,2.96352,9.16889e+06,3.61194e+06,2.00731e+07,0,0,0,5.98956e+07
73.0293,85.139,2.14835,0.23,0.06,2.80202,3.10442,0,0.525031,4.47552,4.41193e+06,2.70226e+06,1.23623e+07,0,0,0,0,32.4941,61.308,1.71226,0,0.04,2.18948,1.88708,0,1.69142,2.96352,9.16889e+06,3.61194e+06,2.00751e+07,0,0,0,5.98956e+07
72.0677,85.139,1.91107,0.21,0.06,2.80238,3.10478,0,0.525099,4.47552,4.41193e+06,2.70226e+06,1.23639e+07,0,0,0,0,31.9264,61.308,1.67217,0,0.04,2.1897,1.8873,0,1.69159,2.96352,9.16889e+06,3.61194e+06,2.00771e+07,0,0,0,5.98956e+07
71.2642,85.139,2.12922,0.21,0.06,2.87521,3.17761,0,0.525166,4.47552,4.41193e+06,2.70226e+06,1.26852e+07,0,0,0,0,31.3515,61.308,1.63014,0,0.04,2.23604,1.93364,0,1.69176,2.96352,9.16889e+06,3.61194e+06,2.0502e+07,0,0,0,5.98956e+07
70.4694,85.139,2.1262,0.21,0.06,2.87557,3.17797,0,0.538814,4.47552,4.41193e+06,2.70226e+06,1.26868e+07,0,0,0,0,30.7435,61.308,1.66862,0,0.04,2.23626,1.93386,0,1.72756,2.96352,9.16889e+06,3.61194e+06,2.0504e+07,0,0,0,5.98956e+07
69.4181,85.139,1.85745,0.2,0.06,2.87594,3.17834,0,0.538882,4.47552,4.41193e+06,2.70226e+06,1.26884e+07,0,0,0,0,30.0541,61.308,1.53577,0,0.04,2.23648,1.93408,0,1.72773,2.96352,9.16889e+06,3.61194e+06,2.05061e+07,0,0,0,5.98956e+07
68.2365,85.139,1.71275,0.2,0.06,2.87631,3.17871,0,0.538951,4.47552,4.41193e+06,2.70226e+06,1.26901e+07,0,0,0,0,29.3962,61.308,1.46652,0,0.04,2.23671,1.93431,0,1.72791,2.96352,9.16889e+06,3.61194e+06,2.05081e+07,0,0,0,5.98956e+07
66.6623,85.139,1.45275,0.19,0.06,3.08899,3.39139,0,0.53902,4.47552,4.41193e+06,2.70226e+06,1.36284e+07,0,0,0,0,28.7884,61.308,1.49592,0,0.04,2.40349,2.10109,0,1.72808,2.96352,9.16889e+06,3.61194e+06,2.20373e+07,0,0,0,5.98956e+07
65.1996,85.139,1.54279,0.25,0.06,3.08938,3.39178,0,0.578877,4.47552,4.41193e+06,2.70226e+06,1.36301e+07,0,0,0,0,28.2034,61.308,1.54029,0,0.04,2.40373,2.10133,0,1.85693,2.96352,9.16889e+06,3.61194e+06,2.20395e+07,0,0,0,5.98956e+07
64.4784,85.139,2.31385,0.23,0.06,3.08978,3.39218,0,0.578951,4.47552,4.41193e+06,2.70226e+06,1.36319e+07,0,0,0,0,27.6772,61.308,1.84263,0,0.04,2.40397,2.10157,0,1.85712,2.96352,9.16889e+06,3.61194e+06,2.20417e+07,0,0,0,5.98956e+07
64.6512,85.139,3.24693,0.23,0.06,3.09017,3.39257,0,0.579024,4.47552,4.41193e+06,2.70226e+06,1.36336e+07,0,0,0,0,27.2578,61.308,2.01242,0,0.04,2.40421,2.10181,0,1.85731,2.96352,9.16889e+06,3.61194e+06,2.2044e+07,0,0,0,5.98956e+07
63.713,85.139,2.10932,0.25,0.06,3.09056,3.39296,0,0.579098,4.47552,4.41193e+06,2.70226e+06,1.36353e+07,0,0,0,0,26.8887,61.308,2.6578,0,0.04,2.40446,2.10206,0,1.8575,2.96352,9.16889e+06,3.61194e+06,2.20462e+07,0,0,0,5.98956e+07
62.6424,85.139,1.80836,0.25,0.06,2.98742,3.28982,0,0.579171,4.47552,4.41193e+06,2.70226e+06,1.31803e+07,0,0,0,0,26.2108,61.308,1.75605,0,0.04,2.30355,2.00115,0,1.85768,2.96352,9.16889e+06,3.61194e+06,2.1121e+07,0,0,0,5.98956e+07
61.2596,85.139,1.47918,0.25,0.06,2.9878,3.2902,0,0.559842,4.47552,4.41193e+06,2.70226e+06,1.3182e+07,0,0,0,0,25.5869,61.308,1.38367,0,0.04,2.30378,2.00138,0,1.77972,2.96352,9.16889e+06,3.61194e+06,2.11231e+07,0,0,0,5.98956e+07
60.746,85.139,2.42763,0.29,0.06,2.98818,3.29058,0,0.559913,4.47552,4.41193e+06,2.70226e+06,1.31836e+07,0,0,0,0,25.1338,61.308,1.81813,0,0.04,2.30401,2.00161,0,1.7799,2.96352,9.16889e+06,3.61194e+06,2.11252e+07,0,0,0,5.98956e+07
63.0536,85.139,5.44792,0.27,0.06,2.98856,3.29096,0,0.559985,4.47552,4.41193e+06,2.70226e+06,1.31853e+07,0,0,0,0,24.9322,61.308,2.60009,0,0.04,2.30424,2.00184,0,1.78008,2.96352,9.16889e+06,3.61194e+06,2.11273e+07,0,0,0,5.98956e+07
64.7684,85.139,5.05103,0.25,0.06,2.90392,3.20632,0,0.560056,4.47552,4.41193e+06,2.70226e+06,1.28119e+07,0,0,0,0,25.0095,61.308,4.38551,0,0.04,2.21236,1.90996,0,1.78026,2.96352,9.16889e+06,3.61194e+06,2.02849e+07,0,0,0,5.98956e+07
67.1103,85.139,5.46077,0.23,0.06,2.90429,3.20669,0,0.544194,4.47552,4.41193e+06,2.70226e+06,1.28135e+07,0,0,0,0,25.0404,61.308,4.91969,0,0.04,2.21258,1.91018,0,1.70927,2.96352,9.16889e+06,3.61194e+06,2.02869e+07,0,0,0,5.98956e+07
69.4327,85.139,5.48352,0.23,0.06,2.90466,3.20706,0,0.544263,4.47552,4.41193e+06,2.70226e+06,1.28151e+07,0,0,0,0,25.3888,61.308,7.69604,0,0.04,2.2128,1.9104,0,1.70944,2.96352,9.16889e+06,3.61194e+06,2.02889e+07,0,0,0,5.98956e+07
71.6905,85.139,5.49318,0.19,0.06,2.90503,3.20743,0,0.544333,4.47552,4.41193e+06,2.70226e+06,1.28168e+07,0,0,0,0,25.5293,61.308,5.35716,0,0.04,2.21302,1.91062,0,1.70961,2.96352,9.16889e+06,3.61194e+06,2.02909e+07,0,0,0,5.98956e+07
76.3618,85.139,7.90721,0.2,0.06,2.66381,2.96621,0,0.544402,4.47552,4.41193e+06,2.70226e+06,1.17526e+07,0,0,0,0,26.7121,61.308,6.54282,0,0.04,2.02131,1.71891,0,1.70978,2.96352,9.16889e+06,3.61194e+06,1.85331e+07,0,0,0,5.98956e+07
84.5451,85.139,11.7834,0.17,0.06,2.66416,2.96656,0,0.499199,4.47552,4.41193e+06,2.70226e+06,1.17541e+07,0,0,0,0,29.2607,61.308,6.78548,0,0.04,2.0215,1.7191,0,1.56166,2.96352,9.16889e+06,3.61194e+06,1.85349e+07,0,0,0,5.98956e+07
85.139,85.139,11.1284,0.13,0.06,2.6645,2.9669,0,0.499263,4.47552,4.41193e+06,2.70226e+06,1.17556e+07,0,0,0,0,31.4775,61.308,8.14068,0,0.04,2.0217,1.7193,0,1.56181,2.96352,9.16889e+06,3.61194e+06,1.85368e+07,0,0,0,5.98956e+07
85.139,85.139,8.99402,0.1,0.06,2.66484,2.96724,0,0.499327,4.47552,4.41193e+06,2.70226e+06,1.17571e+07,0,0,0,0,33.6468,61.308,11.3302,0,0.04,2.0219,1.7195,0,1.56197,2.96352,9.16889e+06,3.61194e+06,1.85386e+07,0,0,0,5.98956e+07
85.139,85.139,9.4017,0.1,0.06,2.66519,2.96759,0,0.499392,4.47552,4.41193e+06,2.70226e+06,1.17586e+07,0,0,0,0,36.2745,61.308,14.291,0,0.04,2.0221,1.7197,0,1.56212,2.96352,9.16889e+06,3.61194e+06,1.85404e+07,0,0,0,5.98956e+07
85.139,85.139,7.74094,0.11,0.06,2.7585,3.0609,0,0.499456,4.47552,4.41193e+06,2.70226e+06,1.21703e+07,0,0,0,0,36.3336,61.308,5.25116,0,0.04,2.0779,1.7755,0,1.56227,2.96352,9.16889e+06,3.61194e+06,1.90521e+07,0,0,0,5.98956e+07
85.139,85.139,9.50075,0.11,0.06,2.75883,3.06123,0,0.516942,4.47552,4.41193e+06,2.70226e+06,1.21717e+07,0,0,0,0,36.7497,61.308,6.72846,0,0.04,2.0781,1.7757,0,1.60539,2.96352,9.16889e+06,3.61194e+06,1.90538e+07,0,0,0,5.98956e+07
85.139,85.139,15.177,0.11,0.06,2.75916,3.06156,0,0.517004,4.47552,4.41193e+06,2.70226e+06,1.21732e+07,0,0,0,0,37.8564,61.308,9.07995,0,0.04,2.07829,1.77589,0,1.60554,2.96352,9.16889e+06,3.61194e+06,1.90556e+07,0,0,0,5.98956e+07
85.139,85.139,11.5786,0.1,0.06,2.75949,3.06189,0,0.517066,4.47552,4.41193e+06,2.70226e+06,1.21747e+07,0,0,0,0,39.0291,61.308,9.43171,0,0.04,2.07848,1.77608,0,1.60568,2.96352,9.16889e+06,3.61194e+06,1.90573e+07,0,0,0,5.98956e+07
85.139,85.139,8.23027,0.11,0.06,3.0585,3.3609,0,0.517128,4.47552,4.41193e+06,2.70226e+06,1.34939e+07,0,0,0,0,39.6879,61.308,7.53001,0,0.04,2.28752,1.98512,0,1.60583,2.96352,9.16889e+06,3.61194e+06,2.0974e+07,0,0,0,5.98956e+07
85.139,85.139,6.27781,0.12,0.06,3.05886,3.36126,0,0.573163,4.47552,4.41193e+06,2.70226e+06,1.34955e+07,0,0,0,0,40.1188,61.308,5.92959,0,0.04,2.28774,1.98534,0,1.76734,2.96352,9.16889e+06,3.61194e+06,2.0976e+07,0,0,0,5.98956e+07
85.139,85.139,6.84264,0.13,0.06,3.05923,3.36163,0,0.573231,4.47552,4.41193e+06,2.70226e+06,1.34971e+07,0,0,0,0,40.754,61.308,6.32469,0,0.04,2.28795,1.98555,0,1.76751,2.96352,9.16889e+06,3.61194e+06,2.0978e+07,0,0,0,5.98956e+07
85.139,85.139,6.3448,0.14,0.06,3.05959,3.36199,0,0.573299,4.47552,4.41193e+06,2.70226e+06,1.34987e+07,0,0,0,0,41.0877,61.308,5.21187,0,0.04,2.28817,1.98577,0,1.76767,2.96352,9.16889e+06,3.61194e+06,2.09799e+07,0,0,0,5.98956e+07
85.139,85.139,3.82008,0.15,0.06,2.63375,2.93615,0,0.573367,4.47552,4.41193e+06,2.70226e+06,1.16199e+07,0,0,0,0,40.4101,61.308,2.65279,0,0.04,2.00798,1.70558,0,1.76784,2.96352,9.16889e+06,3.61194e+06,1.84109e+07,0,0,0,5.98956e+07
85.1326,85.139,3.16413,0.17,0.06,2.63407,2.93647,0,0.493565,4.47552,4.41193e+06,2.70226e+06,1.16213e+07,0,0,0,0,40.0146,61.308,1.73956,0,0.04,2.00816,1.70576,0,1.55136,2.96352,9.16889e+06,3.61194e+06,1.84126e+07,0,0,0,5.98956e+07
85.139,85.139,4.1939,0.27,0.06,2.63439,2.93679,0,0.493625,4.47552,4.41193e+06,2.70226e+06,1.16227e+07,0,0,0,0,39.8451,61.308,2.52527,0,0.04,2.00835,1.70595,0,1.55151,2.96352,9.16889e+06,3.61194e+06,1.84143e+07,0,0,0,5.98956e+07
85.139,85.139,4.60992,0.21,0.06,2.63471,2.93711,0,0.493684,4.47552,4.41193e+06,2.70226e+06,1.16241e+07,0,0,0,0,39.8575,61.308,5.47641,0,0.04,2.00853,1.70613,0,1.55165,2.96352,9.16889e+06,3.61194e+06,1.8416e+07,0,0,0,5.98956e+07
85.139,85.139,3.27119,0.23,0.06,2.63502,2.93742,0,0.493744,4.47552,4.41193e+06,2.70226e+06,1.16255e+07,0,0,0,0,39.3005,61.308,2.12885,0,0.04,2.00872,1.70632,0,1.55179,2.96352,9.16889e+06,3.61194e+06,1.84177e+07,0,0,0,5.98956e+07
84.446,85.139,2.48293,0.24,0.06,2.74268,3.04508,0,0.493803,4.47552,4.41193e+06,2.70226e+06,1.21005e+07,0,0,0,0,38.8964,61.308,1.72257,0,0.04,2.07753,1.77513,0,1.55193,2.96352,9.16889e+06,3.61194e+06,1.90487e+07,0,0,0,5.98956e+07
84.8321,85.139,3.6996,0.36,0.06,2.74301,3.04541,0,0.513978,4.47552,4.41193e+06,2.70226e+06,1.2102e+07,0,0,0,0,38.5649,61.308,2.51052,0,0.04,2.07773,1.77533,0,1.6051,2.96352,9.16889e+06,3.61194e+06,1.90504e+07,0,0,0,5.98956e+07
84.0529,85.139,2.39738,0.38,0.06,2.74334,3.04574,0,0.51404,4.47552,4.41193e+06,2.70226e+06,1.21034e+07,0,0,0,0,38.2112,61.308,1.96192,0,0.04,2.07792,1.77552,0,1.60525,2.96352,9.16889e+06,3.61194e+06,1.90522e+07,0,0,0,5.98956e+07
84.1162,85.139,3.39713,0.36,0.06,2.74367,3.04607,0,0.514101,4.47552,4.41193e+06,2.70226e+06,1.21049e+07,0,0,0,0,38.2078,61.308,3.59596,0,0.04,2.07811,1.77571,0,1.6054,2.96352,9.16889e+06,3.61194e+06,1.90539e+07,0,0,0,5.98956e+07
83.5585,85.139,2.58517,0.35,0.06,2.70201,3.00441,0,0.514163,4.47552,4.41193e+06,2.70226e+06,1.19211e+07,0,0,0,0,37.9346,61.308,2.21555,0,0.04,2.05163,1.74923,0,1.60555,2.96352,9.16889e+06,3.61194e+06,1.88112e+07,0,0,0,5.98956e+07
82.6805,85.139,2.21833,0.32,0.06,2.70233,3.00473,0,0.506356,4.47552,4.41193e+06,2.70226e+06,1.19225e+07,0,0,0,0,37.6256,61.308,2.13751,0,0.04,2.05182,1.74942,0,1.58509,2.96352,9.16889e+06,3.61194e+06,1.88129e+07,0,0,0,5.98956e+07
81.8718,85.139,2.27548,0.31,0.06,2.70266,3.00506,0,0.506417,4.47552,4.41193e+06,2.70226e+06,1.19239e+07,0,0,0,0,37.3453,61.308,2.15247,0,0.04,2.05201,1.74961,0,1.58524,2.96352,9.16889e+06,3.61194e+06,1.88147e+07,0,0,0,5.98956e+07
81.8756,85.139,3.11569,0.26,0.06,2.70298,3.00538,0,0.506478,4.47552,4.41193e+06,2.70226e+06,1.19254e+07,0,0,0,0,37.1163,61.308,2.40248,0,0.04,2.0522,1.7498,0,1.58538,2.96352,9.16889e+06,3.61194e+06,1.88164e+07,0,0,0,5.98956e+07
80.8555,85.139,2.12559,0.25,0.06,2.84589,3.14829,0,0.506539,4.47552,4.41193e+06,2.70226e+06,1.25559e+07,0,0,0,0,36.8289,61.308,2.16191,0,0.04,2.147,1.8446,0,1.58553,2.96352,9.16889e+06,3.61194e+06,1.96856e+07,0,0,0,5.98956e+07
79.9489,85.139,2.233,0.22,0.06,2.84623,3.14863,0,0.533319,4.47552,4.41193e+06,2.70226e+06,1.25574e+07,0,0,0,0,36.5488,61.308,2.13998,0,0.04,2.1472,1.8448,0,1.65877,2.96352,9.16889e+06,3.61194e+06,1.96874e+07,0,0,0,5.98956e+07
78.8535,85.139,1.96173,0.17,0.06,2.84657,3.14897,0,0.533383,4.47552,4.41193e+06,2.70226e+06,1.25589e+07,0,0,0,0,36.188,61.308,2.05797,0,0.04,2.1474,1.845,0,1.65893,2.96352,9.16889e+06,3.61194e+06,1.96893e+07,0,0,0,5.98956e+07
77.7124,85.139,1.9015,0.29,0.06,2.84691,3.14931,0,0.533447,4.47552,4.41193e+06,2.70226e+06,1.25604e+07,0,0,0,0,35.8573,61.308,2.06921,0,0.04,2.1476,1.8452,0,1.65908,2.96352,9.16889e+06,3.61194e+06,1.96911e+07,0,0,0,5.98956e+07
76.5715,85.139,1.8828,0.24,0.06,2.84725,3.14965,0,0.53351,4.47552,4.41193e+06,2.70226e+06,1.25619e+07,0,0,0,0,35.5199,61.308,1.96122,0,0.04,2.1478,1.8454,0,1.65924,2.96352,9.16889e+06,3.61194e+06,1.96929e+07,0,0,0,5.98956e+07
75.6207,85.139,2.02175,0.22,0.06,2.81938,3.12178,0,0.533574,4.47552,4.41193e+06,2.70226e+06,1.24389e+07,0,0,0,0,35.1267,61.308,1.90926,0,0.04,2.20003,1.89763,0,1.65939,2.96352,9.16889e+06,3.61194e+06,2.01718e+07,0,0,0,5.98956e+07
74.4891,85.139,1.82526,0.2,0.06,2.81971,3.12211,0,0.528351,4.47552,4.41193e+06,2.70226e+06,1.24404e+07,0,0,0,0,34.6813,61.308,1.69825,0,0.04,2.20023,1.89783,0,1.69974,2.96352,9.16889e+06,3.61194e+06,2.01737e+07,0,0,0,5.98956e+07
73.3128,85.139,1.7392,0.19,0.06,2.82005,3.12245,0,0.528414,4.47552,4.41193e+06,2.70226e+06,1.24419e+07,0,0,0,0,34.1422,61.308,1.65535,0,0.04,2.20044,1.89804,0,1.6999,2.96352,9.16889e+06,3.61194e+06,2.01756e+07,0,0,0,5.98956e+07
71.976,85.139,1.55198,0.23,0.06,2.82039,3.12279,0,0.528477,4.47552,4.41193e+06,2.70226e+06,1.24433e+07,0,0,0,0,33.443,61.308,1.60214,0,0.04,2.20064,1.89824,0,1.70006,2.96352,9.16889e+06,3.61194e+06,2.01774e+07,0,0,0,5.98956e+07
70.7189,85.139,1.66996,0.21,0.06,2.89361,3.19601,0,0.528541,4.47552,4.41193e+06,2.70226e+06,1.27664e+07,0,0,0,0,32.8247,61.308,1.53965,0,0.04,2.24724,1.94484,0,1.70022,2.96352,9.16889e+06,3.61194e+06,2.06047e+07,0,0,0,5.98956e+07
69.5304,85.139,1.75312,0.21,0.06,2.89396,3.19636,0,0.542263,4.47552,4.41193e+06,2.70226e+06,1.27679e+07,0,0,0,0,32.1896,61.308,1.54792,0,0.04,2.24745,1.94505,0,1.73622,2.96352,9.16889e+06,3.61194e+06,2.06066e+07,0,0,0,5.98956e+07
68.2477,85.139,1.6257,0.2,0.06,2.8943,3.1967,0,0.542328,4.47552,4.41193e+06,2.70226e+06,1.27695e+07,0,0,0,0,31.3608,61.308,1.49477,0,0.04,2.24766,1.94526,0,1.73638,2.96352,9.16889e+06,3.61194e+06,2.06085e+07,0,0,0,5.98956e+07
66.8388,85.139,1.48022,0.23,0.06,2.89465,3.19705,0,0.542392,4.47552,4.41193e+06,2.70226e+06,1.2771e+07,0,0,0,0,30.8384,61.308,1.31037,0,0.04,2.24787,1.94547,0,1.73654,2.96352,9.16889e+06,3.61194e+06,2.06104e+07,0,0,0,5.98956e+07
65.3901,85.139,1.59494,0.27,0.06,3.10853,3.41093,0,0.542457,4.47552,4.41193e+06,2.70226e+06,1.37146e+07,0,0,0,0,30.1628,61.308,1.72374,0,0.04,2.41559,2.11319,0,1.7367,2.96352,9.16889e+06,3.61194e+06,2.21483e+07,0,0,0,5.98956e+07
63.5494,85.139,1.18411,0.26,0.06,3.1089,3.4113,0,0.582539,4.47552,4.41193e+06,2.70226e+06,1.37162e+07,0,0,0,0,29.3606,61.308,1.38824,0,0.04,2.41582,2.11342,0,1.86629,2.96352,9.16889e+06,3.61194e+06,2.21504e+07,0,0,0,5.98956e+07
61.7043,85.139,1.15372,0.27,0.06,3.10927,3.41167,0,0.582608,4.47552,4.41193e+06,2.70226e+06,1.37179e+07,0,0,0,0,28.6973,61.308,1.30659,0,0.04,2.41605,2.11365,0,1.86646,2.96352,9.16889e+06,3.61194e+06,2.21525e+07,0,0,0,5.98956e+07
60.3687,85.139,1.65325,0.29,0.06,3.10964,3.41204,0,0.582677,4.47552,4.41193e+06,2.70226e+06,1.37195e+07,0,0,0,0,28.1848,61.308,1.52776,0,0.04,2.41628,2.11388,0,1.86664,2.96352,9.16889e+06,3.61194e+06,2.21546e+07,0,0,0,5.98956e+07
59.7167,85.139,2.39868,0.29,0.06,3.11001,3.41241,0,0.582746,4.47552,4.41193e+06,2.70226e+06,1.37211e+07,0,0,0,0,27.7088,61.308,1.76234,0,0.04,2.4165,2.1141,0,1.86682,2.96352,9.16889e+06,3.61194e+06,2.21567e+07,0,0,0,5.98956e+07
58.6321,85.139,1.89272,0.3,0.06,3.00625,3.30865,0,0.582815,4.47552,4.41193e+06,2.70226e+06,1.32633e+07,0,0,0,0,27.3273,61.308,1.56416,0,0.04,2.315,2.0126,0,1.86699,2.96352,9.16889e+06,3.61194e+06,2.1226e+07,0,0,0,5.98956e+07
57.7256,85.139,2.05428,0.3,0.06,3.0066,3.309,0,0.563371,4.47552,4.41193e+06,2.70226e+06,1.32649e+07,0,0,0,0,26.9085,61.308,1.9337,0,0.04,2.31522,2.01282,0,1.78857,2.96352,9.16889e+06,3.61194e+06,2.1228e+07,0,0,0,5.98956e+07
56.4239,85.139,1.62138,0.3,0.06,3.00696,3.30936,0,0.563438,4.47552,4.41193e+06,2.70226e+06,1.32665e+07,0,0,0,0,26.2395,61.308,1.50334,0,0.04,2.31544,2.01304,0,1.78874,2.96352,9.16889e+06,3.61194e+06,2.123e+07,0,0,0,5.98956e+07
55.3268,85.139,1.82137,0.32,0.06,3.00732,3.30972,0,0.563505,4.47552,4.41193e+06,2.70226e+06,1.32681e+07,0,0,0,0,25.8214,61.308,1.43924,0,0.04,2.31566,2.01326,0,1.78891,2.96352,9.16889e+06,3.61194e+06,2.1232e+07,0,0,0,5.98956e+07
54.5823,85.139,2.10767,0.32,0.06,2.92217,3.22457,0,0.563572,4.47552,4.41193e+06,2.70226e+06,1.28924e+07,0,0,0,0,25.5281,61.308,1.82377,0,0.04,2.22323,1.92083,0,1.78908,2.96352,9.16889e+06,3.61194e+06,2.03846e+07,0,0,0,5.98956e+07
54.9417,85.139,3.28692,0.33,0.06,2.92252,3.22492,0,0.547615,4.47552,4.41193e+06,2.70226e+06,1.28939e+07,0,0,0,0,25.5392,61.308,3.09097,0,0.04,2.22344,1.92104,0,1.71767,2.96352,9.16889e+06,3.61194e+06,2.03865e+07,0,0,0,5.98956e+07
54.2432,85.139,2.17553,0.32,0.06,2.92287,3.22527,0,0.54768,4.47552,4.41193e+06,2.70226e+06,1.28955e+07,0,0,0,0,25.5229,61.308,3.13407,0,0.04,2.22365,1.92125,0,1.71783,2.96352,9.16889e+06,3.61194e+06,2.03884e+07,0,0,0,5.98956e+07
54.4812,85.139,3.23157,0.33,0.06,2.92321,3.22561,0,0.547745,4.47552,4.41193e+06,2.70226e+06,1.2897e+07,0,0,0,0,25.3334,61.308,2.42249,0,0.04,2.22386,1.92146,0,1.71799,2.96352,9.16889e+06,3.61194e+06,2.03903e+07,0,0,0,5.98956e+07
59.2148,85.139,7.84893,0.33,0.06,2.68061,2.98301,0,0.54781,4.47552,4.41193e+06,2.70226e+06,1.18267e+07,0,0,0,0,25.8145,61.308,4.58849,0,0.04,2.03104,1.72864,0,1.71815,2.96352,9.16889e+06,3.61194e+06,1.86224e+07,0,0,0,5.98956e+07
69.6113,85.139,13.5659,0.31,0.06,2.68093,2.98333,0,0.502346,4.47552,4.41193e+06,2.70226e+06,1.18281e+07,0,0,0,0,29.6475,61.308,9.34985,0,0.04,2.03122,1.72882,0,1.56918,2.96352,9.16889e+06,3.61194e+06,1.86241e+07,0,0,0,5.98956e+07
76.9548,85.139,10.6439,0.24,0.06,2.68125,2.98365,0,0.502407,4.47552,4.41193e+06,2.70226e+06,1.18295e+07,0,0,0,0,33.0722,61.308,8.71454,0,0.04,2.03141,1.72901,0,1.56932,2.96352,9.16889e+06,3.61194e+06,1.86258e+07,0,0,0,5.98956e+07
85.139,85.139,13.034,0.2,0.06,2.68158,2.98398,0,0.502467,4.47552,4.41193e+06,2.70226e+06,1.18309e+07,0,0,0,0,38.1341,61.308,11.4654,0,0.04,2.0316,1.7292,0,1.56947,2.96352,9.16889e+06,3.61194e+06,1.86275e+07,0,0,0,5.98956e+07
85.139,85.139,10.2744,0.11,0.06,2.6819,2.9843,0,0.502527,4.47552,4.41193e+06,2.70226e+06,1.18323e+07,0,0,0,0,39.2368,61.308,4.53509,0,0.04,2.03178,1.72938,0,1.56961,2.96352,9.16889e+06,3.61194e+06,1.86292e+07,0,0,0,5.98956e+07
85.139,85.139,8.47123,0.11,0.06,2.77571,3.07811,0,0.502588,4.47552,4.41193e+06,2.70226e+06,1.22462e+07,0,0,0,0,39.6891,61.308,5.023,0,0.04,2.08789,1.78549,0,1.56976,2.96352,9.16889e+06,3.61194e+06,1.91436e+07,0,0,0,5.98956e+07
85.139,85.139,6.70148,0.11,0.06,2.77602,3.07842,0,0.520168,4.47552,4.41193e+06,2.70226e+06,1.22476e+07,0,0,0,0,40.141,61.308,4.47103,0,1,2.08807,1.78567,0,1.6131,2.96352,9.16889e+06,3.61194e+06,1.91453e+07,0,0,0,5.98956e+07
85.139,85.139,10.912,0.12,0.06,2.77633,3.07873,0,0.520226,4.47552,4.41193e+06,2.70226e+06,1.2249e+07,0,0,0,0,41.7169,61.308,6.8684,0,1,2.08825,1.78585,0,1.61324,2.96352,9.16889e+06,3.61194e+06,1.91469e+07,0,0,0,5.98956e+07
85.139,85.139,6.10202,0.11,0.06,2.77664,3.07904,0,0.520284,4.47552,4.41193e+06,2.70226e+06,1.22503e+07,0,0,0,0,42.1634,61.308,3.89386,0,1,2.08843,1.78603,0,1.61338,2.96352,9.16889e+06,3.61194e+06,1.91486e+07,0,0,0,5.98956e+07
85.139,85.139,6.14284,0.12,0.06,3.0773,3.3797,0,0.520343,4.47552,4.41193e+06,2.70226e+06,1.35768e+07,0,0,0,0,42.4956,61.308,3.43068,0,1,2.29863,1.99623,0,1.61352,2.96352,9.16889e+06,3.61194e+06,2.10759e+07,0,0,0,5.98956e+07
85.139,85.139,5.25416,0.12,0.06,3.07764,3.38004,0,0.576687,4.47552,4.41193e+06,2.70226e+06,1.35783e+07,0,0,0,0,42.7131,61.308,3.42408,0,1,2.29883,1.99643,0,1.77592,2.96352,9.16889e+06,3.61194e+06,2.10777e+07,0,0,0,5.98956e+07
85.139,85.139,5.19727,0.14,0.06,3.07798,3.38038,0,0.576751,4.47552,4.41193e+06,2.70226e+06,1.35798e+07,0,0,0,0,42.691,61.308,2.47029,0,1,2.29903,1.99663,0,1.77608,2.96352,9.16889e+06,3.61194e+06,2.10796e+07,0,0,0,5.98956e+07
85.139,85.139,6.92054,0.15,0.06,3.07832,3.38072,0,0.576814,4.47552,4.41193e+06,2.70226e+06,1.35813e+07,0,0,0,0,43.0609,61.308,3.9522,0,1,2.29923,1.99683,0,1.77623,2.96352,9.16889e+06,3.61194e+06,2.10814e+07,0,0,0,5.98956e+07
85.139,85.139,6.3014,0.17,0.06,2.65009,2.95249,0,0.576878,4.47552,4.41193e+06,2.70226e+06,1.1692e+07,0,0,0,0,43.8552,61.308,5.01381,0,1,2.01747,1.71507,0,1.77639,2.96352,9.16889e+06,3.61194e+06,1.8498e+07,0,0,0,5.98956e+07
85.139,85.139,6.28301,0.2,0.06,2.65039,2.95279,0,0.496628,4.47552,4.41193e+06,2.70226e+06,1.16933e+07,0,0,0,0,44.8236,61.308,5.66652,0,1,2.01764,1.71524,0,1.5587,2.96352,9.16889e+06,3.61194e+06,1.84995e+07,0,0,0,5.98956e+07
85.139,85.139,4.97454,0.23,0.06,2.65069,2.95309,0,0.496683,4.47552,4.41193e+06,2.70226e+06,1.16946e+07,0,0,0,0,45.0047,61.308,3.55464,0,1,2.01782,1.71542,0,1.55883,2.96352,9.16889e+06,3.61194e+06,1.85011e+07,0,0,0,5.98956e+07
85.139,85.139,4.36764,0.24,0.06,2.65099,2.95339,0,0.496739,4.47552,4.41193e+06,2.70226e+06,1.1696e+07,0,0,0,0,45.2974,61.308,3.55817,0,1,2.01799,1.71559,0,1.55896,2.96352,9.16889e+06,3.61194e+06,1.85027e+07,0,0,0,5.98956e+07
85.139,85.139,8.01961,0.24,0.06,2.65128,2.95368,0,0.496795,4.47552,4.41193e+06,2.70226e+06,1.16973e+07,0,0,0,0,46.1515,61.308,6.17196,0,1,2.01816,1.71576,0,1.5591,2.96352,9.16889e+06,3.61194e+06,1.85043e+07,0,0,0,5.98956e+07
85.139,85.139,4.40635,0.25,0.06,2.75951,3.06191,0,0.49685,4.47552,4.41193e+06,2.70226e+06,1.21748e+07,0,0,0,0,46.0721,61.308,2.61983,0,1,2.08735,1.78495,0,1.55923,2.96352,9.16889e+06,3.61194e+06,1.91386e+07,0,0,0,5.98956e+07
85.139,85.139,5.10541,0.25,0.06,2.75982,3.06222,0,0.517133,4.47552,4.41193e+06,2.70226e+06,1.21761e+07,0,0,0,0,46.1523,61.308,3.12922,0,1,2.08753,1.78513,0,1.61268,2.96352,9.16889e+06,3.61194e+06,1.91403e+07,0,0,0,5.98956e+07
85.139,85.139,6.85593,0.26,0.06,2.76013,3.06253,0,0.51719,4.47552,4.41193e+06,2.70226e+06,1.21775e+07,0,0,0,0,46.5821,61.308,4.81394,0,1,2.08771,1.78531,0,1.61282,2.96352,9.16889e+06,3.61194e+06,1.91419e+07,0,0,0,5.98956e+07
85.139,85.139,4.98089,0.25,0.06,2.76044,3.06284,0,0.517248,4.47552,4.41193e+06,2.70226e+06,1.21788e+07,0,0,0,0,46.757,61.308,3.36701,0,1,2.08789,1.78549,0,1.61296,2.96352,9.16889e+06,3.61194e+06,1.91436e+07,0,0,0,5.98956e+07
85.139,85.139,4.35455,0.24,0.06,2.71853,3.02093,0,0.517306,4.47552,4.41193e+06,2.70226e+06,1.19939e+07,0,0,0,0,46.5978,61.308,2.74719,0,1,2.06125,1.75885,0,1.6131,2.96352,9.16889e+06,3.61194e+06,1.88994e+07,0,0,0,5.98956e+07
85.139,85.139,4.17812,0.2,0.06,2.71883,3.02123,0,0.509452,4.47552,4.41193e+06,2.70226e+06,1.19953e+07,0,0,0,0,46.3976,61.308,2.54132,0,1,2.06143,1.75903,0,1.59252,2.96352,9.16889e+06,3.61194e+06,1.8901e+07,0,0,0,5.98956e+07
85.139,85.139,3.77047,0.19,0.06,2.71913,3.02153,0,0.509509,4.47552,4.41193e+06,2.70226e+06,1.19966e+07,0,0,0,0,46.2536,61.308,2.41433,0,1,2.0616,1.7592,0,1.59266,2.96352,9.16889e+06,3.61194e+06,1.89026e+07,0,0,0,5.98956e+07
85.139,85.139,3.62606,0.17,0.06,2.71944,3.02184,0,0.509566,4.47552,4.41193e+06,2.70226e+06,1.1998e+07,0,0,0,0,46.0297,61.308,2.17955,0,1,2.06178,1.75938,0,1.5928,2.96352,9.16889e+06,3.61194e+06,1.89042e+07,0,0,0,5.98956e+07
85.139,85.139,3.20229,0.14,0.06,2.8631,3.1655,0,0.509623,4.47552,4.41193e+06,2.70226e+06,1.26318e+07,0,0,0,0,45.8067,61.308,2.05821,0,1,2.15709,1.85469,0,1.59293,2.96352,9.16889e+06,3.61194e+06,1.97781e+07,0,0,0,5.98956e+07
85.139,85.139,3.10177,0.12,0.06,2.86342,3.16582,0,0.536546,4.47552,4.41193e+06,2.70226e+06,1.26332e+07,0,0,0,0,45.6485,61.308,2.34312,0,1,2.15728,1.85488,0,1.66657,2.96352,9.16889e+06,3.61194e+06,1.97798e+07,0,0,0,5.98956e+07
84.9504,85.139,2.82619,0.1,0.06,2.86374,3.16614,0,0.536606,4.47552,4.41193e+06,2.70226e+06,1.26346e+07,0,0,0,0,45.305,61.308,2.05683,0,1,2.15746,1.85506,0,1.66671,2.96352,9.16889e+06,3.61194e+06,1.97815e+07,0,0,0,5.98956e+07
84.5472,85.139,2.5975,0.18,0.06,2.86406,3.16646,0,0.536665,4.47552,4.41193e+06,2.70226e+06,1.2636e+07,0,0,0,0,44.793,61.308,1.7277,0,1,2.15765,1.85525,0,1.66686,2.96352,9.16889e+06,3.61194e+06,1.97832e+07,0,0,0,5.98956e+07
84.0852,85.139,2.52754,0.18,0.06,2.86438,3.16678,0,0.536725,4.47552,4.41193e+06,2.70226e+06,1.26374e+07,0,0,0,0,44.3012,61.308,1.59111,0,1,2.15784,1.85544,0,1.667,2.96352,9.16889e+06,3.61194e+06,1.9785e+07,0,0,0,5.98956e+07
83.3853,85.139,2.29023,0.16,0.06,2.83633,3.13873,0,0.536785,4.47552,4.41193e+06,2.70226e+06,1.25137e+07,0,0,0,0,43.9223,61.308,2.67317,0,1,2.21034,1.90794,0,1.66714,2.96352,9.16889e+06,3.61194e+06,2.02663e+07,0,0,0,5.98956e+07
82.5061,85.139,2.09241,0.16,0.06,2.83665,3.13905,0,0.531529,4.47552,4.41193e+06,2.70226e+06,1.25151e+07,0,0,0,0,43.5232,61.308,2.55063,0,1,2.21053,1.90813,0,1.7077,2.96352,9.16889e+06,3.61194e+06,2.02681e+07,0,0,0,5.98956e+07
81.569,85.139,2.01687,0.16,0.06,2.83696,3.13936,0,0.531588,4.47552,4.41193e+06,2.70226e+06,1.25165e+07,0,0,0,0,43.094,61.308,2.26705,0,1,2.21072,1.90832,0,1.70785,2.96352,9.16889e+06,3.61194e+06,2.02698e+07,0,0,0,5.98956e+07
80.5698,85.139,1.92744,0.16,0.06,2.83728,3.13968,0,0.531647,4.47552,4.41193e+06,2.70226e+06,1.25179e+07,0,0,0,0,42.6345,61.308,2.1766,0,1,2.21091,1.90851,0,1.708,2.96352,9.16889e+06,3.61194e+06,2.02716e+07,0,0,0,5.98956e+07
79.435,85.139,1.81126,0.15,0.06,2.91088,3.21328,0,0.531706,4.47552,4.41193e+06,2.70226e+06,1.28426e+07,0,0,0,0,41.9561,61.308,1.85617,0,1,2.25774,1.95534,0,1.70815,2.96352,9.16889e+06,3.61194e+06,2.0701e+07,0,0,0,5.98956e+07
78.0277,85.139,1.55545,0.18,0.06,2.9112,3.2136,0,0.545498,4.47552,4.41193e+06,2.70226e+06,1.2844e+07,0,0,0,0,41.1109,61.308,1.4131,0,1,2.25794,1.95554,0,1.74433,2.96352,9.16889e+06,3.61194e+06,2.07028e+07,0,0,0,5.98956e+07
76.5376,85.139,1.44068,0.17,0.06,2.91152,3.21392,0,0.545559,4.47552,4.41193e+06,2.70226e+06,1.28454e+07,0,0,0,0,40.1169,61.308,1.36872,0,1,2.25814,1.95574,0,1.74448,2.96352,9.16889e+06,3.61194e+06,2.07046e+07,0,0,0,5.98956e+07
74.9367,85.139,1.31178,0.17,0.06,2.91185,3.21425,0,0.54562,4.47552,4.41193e+06,2.70226e+06,1.28469e+07,0,0,0,0,39.4837,61.308,1.19197,0,1,2.25833,1.95593,0,1.74464,2.96352,9.16889e+06,3.61194e+06,2.07064e+07,0,0,0,5.98956e+07
73.4157,85.139,1.55657,0.17,0.06,3.12686,3.42926,0,0.54568,4.47552,4.41193e+06,2.70226e+06,1.37955e+07,0,0,0,0,38.9489,61.308,1.6807,0,1,2.42695,2.12455,0,1.74479,2.96352,9.16889e+06,3.61194e+06,2.22524e+07,0,0,0,5.98956e+07
71.95,85.139,1.62275,0.22,0.06,3.1272,3.4296,0,0.585973,4.47552,4.41193e+06,2.70226e+06,1.3797e+07,0,0,0,0,38.4716,61.308,1.72996,0,1,2.42716,2.12476,0,1.87506,2.96352,9.16889e+06,3.61194e+06,2.22543e+07,0,0,0,5.98956e+07
70.8076,85.139,1.93422,0.22,0.06,3.12755,3.42995,0,0.586038,4.47552,4.41193e+06,2.70226e+06,1.37985e+07,0,0,0,0,38.0058,61.308,1.84349,0,1,2.42737,2.12497,0,1.87522,2.96352,9.16889e+06,3.61194e+06,2.22563e+07,0,0,0,5.98956e+07
69.4511,85.139,1.70495,0.22,0.06,3.12789,3.43029,0,0.586103,4.47552,4.41193e+06,2.70226e+06,1.38e+07,0,0,0,0,37.5421,61.308,1.79928,0,1,2.42759,2.12519,0,1.87539,2.96352,9.16889e+06,3.61194e+06,2.22583e+07,0,0,0,5.98956e+07
67.7662,85.139,1.37378,0.21,0.06,3.12824,3.43064,0,0.586167,4.47552,4.41193e+06,2.70226e+06,1.38016e+07,0,0,0,0,37.0216,61.308,1.62099,0,1,2.4278,2.1254,0,1.87555,2.96352,9.16889e+06,3.61194e+06,2.22602e+07,0,0,0,5.98956e+07
66.0889,85.139,1.26086,0.26,0.06,3.0239,3.3263,0,0.586232,4.47552,4.41193e+06,2.70226e+06,1.33412e+07,0,0,0,0,36.4754,61.308,2.14952,0,1,2.32574,2.02334,0,1.87572,2.96352,9.16889e+06,3.61194e+06,2.13245e+07,0,0,0,5.98956e+07
64.1193,85.139,0.947437,0.26,0.06,3.02424,3.32664,0,0.566679,4.47552,4.41193e+06,2.70226e+06,1.33427e+07,0,0,0,0,35.8512,61.308,1.68354,0,1,2.32595,2.02355,0,1.79687,2.96352,9.16889e+06,3.61194e+06,2.13263e+07,0,0,0,5.98956e+07
62.509,85.139,1.34664,0.26,0.06,3.02457,3.32697,0,0.566742,4.47552,4.41193e+06,2.70226e+06,1.33442e+07,0,0,0,0,35.326,61.308,1.92448,0,1,2.32615,2.02375,0,1.79703,2.96352,9.16889e+06,3.61194e+06,2.13282e+07,0,0,0,5.98956e+07
62.6954,85.139,3.32952,0.27,0.06,3.0249,3.3273,0,0.566804,4.47552,4.41193e+06,2.70226e+06,1.33457e+07,0,0,0,0,35.1945,61.308,3.21617,0,1,2.32635,2.02395,0,1.79718,2.96352,9.16889e+06,3.61194e+06,2.13301e+07,0,0,0,5.98956e+07
61.8272,85.139,2.1147,0.26,0.06,2.93928,3.24168,0,0.566867,4.47552,4.41193e+06,2.70226e+06,1.29679e+07,0,0,0,0,34.7848,61.308,2.26418,0,1,2.23342,1.93102,0,1.79734,2.96352,9.16889e+06,3.61194e+06,2.0478e+07,0,0,0,5.98956e+07
61.4151,85.139,2.62277,0.29,0.06,2.9396,3.242,0,0.550821,4.47552,4.41193e+06,2.70226e+06,1.29693e+07,0,0,0,0,34.5372,61.308,2.7607,0,1,2.23362,1.93122,0,1.72554,2.96352,9.16889e+06,3.61194e+06,2.04798e+07,0,0,0,5.98956e+07
61.8541,85.139,3.71393,0.3,0.06,2.93993,3.24233,0,0.550882,4.47552,4.41193e+06,2.70226e+06,1.29708e+07,0,0,0,0,34.5798,61.308,4.72636,0,1,2.23381,1.93141,0,1.72569,2.96352,9.16889e+06,3.61194e+06,2.04816e+07,0,0,0,5.98956e+07
62.9745,85.139,4.24244,0.32,0.06,2.94026,3.24266,0,0.550943,4.47552,4.41193e+06,2.70226e+06,1.29722e+07,0,0,0,0,34.6033,61.308,4.18898,0,1,2.23401,1.93161,0,1.72584,2.96352,9.16889e+06,3.61194e+06,2.04834e+07,0,0,0,5.98956e+07
64.6362,85.139,4.56296,0.28,0.06,2.69635,2.99875,0,0.551004,4.47552,4.41193e+06,2.70226e+06,1.18961e+07,0,0,0,0,34.6969,61.308,4.38776,0,1,2.04016,1.73776,0,1.72599,2.96352,9.16889e+06,3.61194e+06,1.8706e+07,0,0,0,5.98956e+07
65.8232,85.139,4.14293,0.28,0.06,2.69665,2.99905,0,0.505296,4.47552,4.41193e+06,2.70226e+06,1.18974e+07,0,0,0,0,35.1099,61.308,4.2071,0,1,2.04033,1.73793,0,1.57623,2.96352,9.16889e+06,3.61194e+06,1.87076e+07,0,0,0,5.98956e+07
68.9496,85.139,6.36207,0.3,0.06,2.69695,2.99935,0,0.505352,4.47552,4.41193e+06,2.70226e+06,1.18988e+07,0,0,0,0,36.6078,61.308,6.19179,0,1,2.04051,1.73811,0,1.57636,2.96352,9.16889e+06,3.61194e+06,1.87092e+07,0,0,0,5.98956e+07
71.2209,85.139,5.51963,0.27,0.06,2.69726,2.99966,0,0.505409,4.47552,4.41193e+06,2.70226e+06,1.19001e+07,0,0,0,0,38.1716,61.308,7.9435,0,1,2.04068,1.73828,0,1.5765,2.96352,9.16889e+06,3.61194e+06,1.87108e+07,0,0,0,5.98956e+07
73.757,85.139,5.68954,0.27,0.06,2.69756,2.99996,0,0.505466,4.47552,4.41193e+06,2.70226e+06,1.19014e+07,0,0,0,0,38.8182,61.308,5.76207,0,1,2.04086,1.73846,0,1.57663,2.96352,9.16889e+06,3.61194e+06,1.87124e+07,0,0,0,5.98956e+07
74.9504,85.139,4.37825,0.29,0.06,2.79184,3.09424,0,0.505522,4.47552,4.41193e+06,2.70226e+06,1.23174e+07,0,0,0,0,38.9079,61.308,3.49959,0,1,2.09724,1.79484,0,1.57677,2.96352,9.16889e+06,3.61194e+06,1.92294e+07,0,0,0,5.98956e+07
77.9873,85.139,6.44801,0.25,0.06,2.79213,3.09453,0,0.523191,4.47552,4.41193e+06,2.70226e+06,1.23187e+07,0,0,0,0,39.3676,61.308,4.12385,0,1,2.09741,1.79501,0,1.62033,2.96352,9.16889e+06,3.61194e+06,1.92309e+07,0,0,0,5.98956e+07
81.4512,85.139,6.92077,0.26,0.06,2.79242,3.09482,0,0.523245,4.47552,4.41193e+06,2.70226e+06,1.23199e+07,0,0,0,0,40.4596,61.308,5.58102,0,1,2.09758,1.79518,0,1.62046,2.96352,9.16889e+06,3.61194e+06,1.92325e+07,0,0,0,5.98956e+07
85.139,85.139,7.814,0.2,0.06,2.79271,3.09511,0,0.523299,4.47552,4.41193e+06,2.70226e+06,1.23212e+07,0,0,0,0,42.9144,61.308,8.20569,0,1,2.09775,1.79535,0,1.62059,2.96352,9.16889e+06,3.61194e+06,1.9234e+07,0,0,0,5.98956e+07
85.139,85.139,5.4324,0.14,0.06,3.09491,3.39731,0,0.523353,4.47552,4.41193e+06,2.70226e+06,1.36545e+07,0,0,0,0,43.9969,61.308,5.23544,0,1,2.30903,2.00663,0,1.62072,2.96352,9.16889e+06,3.61194e+06,2.11712e+07,0,0,0,5.98956e+07
85.139,85.139,5.51644,0.13,0.06,3.09523,3.39763,0,0.579987,4.47552,4.41193e+06,2.70226e+06,1.36559e+07,0,0,0,0,44.7357,61.308,4.2921,0,1,2.30922,2.00682,0,1.78396,2.96352,9.16889e+06,3.61194e+06,2.1173e+07,0,0,0,5.98956e+07
85.139,85.139,5.67077,0.14,0.06,3.09555,3.39795,0,0.580046,4.47552,4.41193e+06,2.70226e+06,1.36573e+07,0,0,0,0,45.3843,61.308,4.08102,0,1,2.30941,2.00701,0,1.7841,2.96352,9.16889e+06,3.61194e+06,2.11747e+07,0,0,0,5.98956e+07
85.139,85.139,5.93146,0.15,0.06,3.09587,3.39827,0,0.580106,4.47552,4.41193e+06,2.70226e+06,1.36587e+07,0,0,0,0,45.9995,61.308,3.9239,0,1,2.30959,2.00719,0,1.78425,2.96352,9.16889e+06,3.61194e+06,2.11764e+07,0,0,0,5.98956e+07
85.139,85.139,6.69854,0.18,0.06,2.66539,2.96779,0,0.580166,4.47552,4.41193e+06,2.70226e+06,1.17595e+07,0,0,0,0,46.9191,61.308,5.04407,0,1,2.02636,1.72396,0,1.78439,2.96352,9.16889e+06,3.61194e+06,1.85794e+07,0,0,0,5.98956e+07
85.139,85.139,11.1982,0.21,0.06,2.66567,2.96807,0,0.499495,4.47552,4.41193e+06,2.70226e+06,1.17607e+07,0,0,0,0,48.3225,61.308,7.41035,0,1,2.02652,1.72412,0,1.56556,2.96352,9.16889e+06,3.61194e+06,1.85809e+07,0,0,0,5.98956e+07
85.139,85.139,9.76358,0.23,0.06,2.66595,2.96835,0,0.499547,4.47552,4.41193e+06,2.70226e+06,1.1762e+07,0,0,0,0,49.3451,61.308,5.5495,0,1,2.02668,1.72428,0,1.56569,2.96352,9.16889e+06,3.61194e+06,1.85824e+07,0,0,0,5.98956e+07
85.139,85.139,9.87605,0.24,0.06,2.66623,2.96863,0,0.499599,4.47552,4.41193e+06,2.70226e+06,1.17632e+07,0,0,0,0,50.1989,61.308,5.34437,0,1,2.02684,1.72444,0,1.56581,2.96352,9.16889e+06,3.61194e+06,1.85839e+07,0,0,0,5.98956e+07
85.139,85.139,9.47891,0.25,0.06,2.6665,2.9689,0,0.499651,4.47552,4.41193e+06,2.70226e+06,1.17644e+07,0,0,0,0,50.8989,61.308,5.13215,0,1,2.027,1.7246,0,1.56594,2.96352,9.16889e+06,3.61194e+06,1.85853e+07,0,0,0,5.98956e+07
85.139,85.139,7.40007,0.27,0.06,2.77527,3.07767,0,0.499703,4.47552,4.41193e+06,2.70226e+06,1.22443e+07,0,0,0,0,51.8409,61.308,5.95309,0,1,2.09653,1.79413,0,1.56606,2.96352,9.16889e+06,3.61194e+06,1.92229e+07,0,0,0,5.98956e+07
85.139,85.139,5.2293,0.29,0.06,2.77556,3.07796,0,0.520085,4.47552,4.41193e+06,2.70226e+06,1.22456e+07,0,0,0,0,52.4129,61.308,4.82969,0,1,2.0967,1.7943,0,1.61978,2.96352,9.16889e+06,3.61194e+06,1.92244e+07,0,0,0,5.98956e+07
85.139,85.139,4.50676,0.29,0.06,2.77584,3.07824,0,0.520139,4.47552,4.41193e+06,2.70226e+06,1.22468e+07,0,0,0,0,52.8694,61.308,4.73239,0,1,2.09687,1.79447,0,1.61991,2.96352,9.16889e+06,3.61194e+06,1.92259e+07,0,0,0,5.98956e+07
85.139,85.139,4.45238,0.27,0.06,2.77613,3.07853,0,0.520193,4.47552,4.41193e+06,2.70226e+06,1.22481e+07,0,0,0,0,53.249,61.308,4.24826,0,1,2.09703,1.79463,0,1.62004,2.96352,9.16889e+06,3.61194e+06,1.92275e+07,0,0,0,5.98956e+07
85.139,85.139,4.71576,0.24,0.06,2.73398,3.03638,0,0.520247,4.47552,4.41193e+06,2.70226e+06,1.20621e+07,0,0,0,0,53.6438,61.308,3.93412,0,1,2.07025,1.76785,0,1.62017,2.96352,9.16889e+06,3.61194e+06,1.89819e+07,0,0,0,5.98956e+07
85.139,85.139,4.2465,0.22,0.06,2.73427,3.03667,0,0.512349,4.47552,4.41193e+06,2.70226e+06,1.20634e+07,0,0,0,0,53.8572,61.308,3.3188,0,1,2.07042,1.76802,0,1.59948,2.96352,9.16889e+06,3.61194e+06,1.89834e+07,0,0,0,5.98956e+07
85.139,85.139,3.97062,0.19,0.06,2.73455,3.03695,0,0.512402,4.47552,4.41193e+06,2.70226e+06,1.20646e+07,0,0,0,0,54.0737,61.308,3.25718,0,1,2.07058,1.76818,0,1.5996,2.96352,9.16889e+06,3.61194e+06,1.89849e+07,0,0,0,5.98956e+07
85.139,85.139,3.79945,0.18,0.06,2.73484,3.03724,0,0.512455,4.47552,4.41193e+06,2.70226e+06,1.20659e+07,0,0,0,0,54.5499,61.308,3.98338,0,1,2.07075,1.76835,0,1.59973,2.96352,9.16889e+06,3.61194e+06,1.89864e+07,0,0,0,5.98956e+07
85.139,85.139,3.50957,0.16,0.06,2.87921,3.18161,0,0.512508,4.47552,4.41193e+06,2.70226e+06,1.27029e+07,0,0,0,0,54.8244,61.308,3.28647,0,1,2.16653,1.86413,0,1.59986,2.96352,9.16889e+06,3.61194e+06,1.98646e+07,0,0,0,5.98956e+07
85.139,85.139,3.4572,0.14,0.06,2.87951,3.18191,0,0.539564,4.47552,4.41193e+06,2.70226e+06,1.27042e+07,0,0,0,0,54.9383,61.308,3.19458,0,1,2.1667,1.8643,0,1.67386,2.96352,9.16889e+06,3.61194e+06,1.98662e+07,0,0,0,5.98956e+07
85.139,85.139,3.39896,0.13,0.06,2.87981,3.18221,0,0.53962,4.47552,4.41193e+06,2.70226e+06,1.27055e+07,0,0,0,0,55.0551,61.308,3.29093,0,1,2.16687,1.86447,0,1.67399,2.96352,9.16889e+06,3.61194e+06,1.98678e+07,0,0,0,5.98956e+07
84.9871,85.139,3.06119,0.13,0.06,2.8801,3.1825,0,0.539676,4.47552,4.41193e+06,2.70226e+06,1.27068e+07,0,0,0,0,55.1292,61.308,3.25759,0,1,2.16705,1.86465,0,1.67413,2.96352,9.16889e+06,3.61194e+06,1.98694e+07,0,0,0,5.98956e+07
84.7217,85.139,2.91573,0.19,0.06,2.8804,3.1828,0,0.539731,4.47552,4.41193e+06,2.70226e+06,1.27081e+07,0,0,0,0,55.1863,61.308,3.28746,0,1,2.16722,1.86482,0,1.67426,2.96352,9.16889e+06,3.61194e+06,1.9871e+07,0,0,0,5.98956e+07
84.493,85.139,2.83896,0.18,0.06,2.85219,3.15459,0,0.539787,4.47552,4.41193e+06,2.70226e+06,1.25837e+07,0,0,0,0,54.8715,61.308,2.99142,0,1,2.21997,1.91757,0,1.6744,2.96352,9.16889e+06,3.61194e+06,2.03547e+07,0,0,0,5.98956e+07
84.1543,85.139,2.71616,0.17,0.06,2.85248,3.15488,0,0.5345,4.47552,4.41193e+06,2.70226e+06,1.2585e+07,0,0,0,0,54.4808,61.308,2.91987,0,1,2.22015,1.91775,0,1.71515,2.96352,9.16889e+06,3.61194e+06,2.03563e+07,0,0,0,5.98956e+07
83.7112,85.139,2.5735,0.17,0.06,2.85278,3.15518,0,0.534555,4.47552,4.41193e+06,2.70226e+06,1.25863e+07,0,0,0,0,54.0256,61.308,2.91282,0,1,2.22033,1.91793,0,1.71529,2.96352,9.16889e+06,3.61194e+06,2.0358e+07,0,0,0,5.98956e+07
83.0627,85.139,2.37353,0.16,0.06,2.85307,3.15547,0,0.534611,4.47552,4.41193e+06,2.70226e+06,1.25876e+07,0,0,0,0,53.5786,61.308,2.87379,0,1,2.22051,1.91811,0,1.71543,2.96352,9.16889e+06,3.61194e+06,2.03596e+07,0,0,0,5.98956e+07
82.2745,85.139,2.27618,0.16,0.06,2.92702,3.22942,0,0.534666,4.47552,4.41193e+06,2.70226e+06,1.29138e+07,0,0,0,0,53.1051,61.308,2.67802,0,1,2.26757,1.96517,0,1.71557,2.96352,9.16889e+06,3.61194e+06,2.0791e+07,0,0,0,5.98956e+07
81.7747,85.139,2.56123,0.15,0.06,2.92732,3.22972,0,0.548523,4.47552,4.41193e+06,2.70226e+06,1.29151e+07,0,0,0,0,52.7247,61.308,3.08126,0,1,2.26775,1.96535,0,1.75192,2.96352,9.16889e+06,3.61194e+06,2.07927e+07,0,0,0,5.98956e+07
81.1517,85.139,2.41769,0.15,0.06,2.92762,3.23002,0,0.54858,4.47552,4.41193e+06,2.70226e+06,1.29165e+07,0,0,0,0,52.2832,61.308,3.26202,0,1,2.26793,1.96553,0,1.75206,2.96352,9.16889e+06,3.61194e+06,2.07944e+07,0,0,0,5.98956e+07
80.3835,85.139,2.26226,0.15,0.06,2.92792,3.23032,0,0.548636,4.47552,4.41193e+06,2.70226e+06,1.29178e+07,0,0,0,0,51.8033,61.308,2.98728,0,1,2.26812,1.96572,0,1.7522,2.96352,9.16889e+06,3.61194e+06,2.07961e+07,0,0,0,5.98956e+07
79.41,85.139,2.2244,0.15,0.06,3.14398,3.44638,0,0.548693,4.47552,4.41193e+06,2.70226e+06,1.3871e+07,0,0,0,0,51.3646,61.308,3.19569,0,1,2.43756,2.13516,0,1.75235,2.96352,9.16889e+06,3.61194e+06,2.23497e+07,0,0,0,5.98956e+07
78.4957,85.139,2.27028,0.17,0.06,3.14787,3.44671,0,0.589183,4.47552,4.41193e+06,2.70226e+06,1.38882e+07,0,0,0,0,50.8002,61.308,2.48696,0,1,2.43419,2.13536,0,1.88326,2.96352,9.16889e+06,3.61194e+06,2.23188e+07,0,0,0,5.98956e+07
77.727,85.139,2.44192,0.17,0.06,3.14839,3.44703,0,0.589911,4.47552,4.41193e+06,2.70226e+06,1.38905e+07,0,0,0,0,50.3247,61.308,3.06431,0,1,2.43419,2.13555,0,1.88066,2.96352,9.16889e+06,3.61194e+06,2.23188e+07,0,0,0,5.98956e+07
76.5568,85.139,2.02296,0.18,0.06,3.14891,3.44735,0,0.590009,4.47552,4.41193e+06,2.70226e+06,1.38928e+07,0,0,0,0,49.7229,61.308,2.11527,0,1,2.43419,2.13575,0,1.88066,2.96352,9.16889e+06,3.61194e+06,2.23188e+07,0,0,0,5.98956e+07
75.8591,85.139,2.48377,0.18,0.06,3.14944,3.44767,0,0.590107,4.47552,4.41193e+06,2.70226e+06,1.38951e+07,0,0,0,0,49.3725,61.308,4.09693,0,1,2.43419,2.13595,0,1.88066,2.96352,9.16889e+06,3.61194e+06,2.23188e+07,0,0,0,5.98956e+07
75.0309,85.139,2.23415,0.2,0.06,3.04476,3.34279,0,0.590204,4.47552,4.41193e+06,2.70226e+06,1.34332e+07,0,0,0,0,49.057,61.308,2.87489,0,1,2.33141,2.03337,0,1.88066,2.96352,9.16889e+06,3.61194e+06,2.13765e+07,0,0,0,5.98956e+07
74.149,85.139,2.16101,0.2,0.06,3.04071,3.34311,0,0.570587,4.47552,4.41193e+06,2.70226e+06,1.34154e+07,0,0,0,0,48.713,61.308,2.43539,0,1,2.33596,2.03356,0,1.80125,2.96352,9.16889e+06,3.61194e+06,2.14182e+07,0,0,0,5.98956e+07
73.3363,85.139,2.27355,0.2,0.06,3.04102,3.34342,0,0.569828,4.47552,4.41193e+06,2.70226e+06,1.34168e+07,0,0,0,0,48.6869,61.308,4.20863,0,1,2.33615,2.03375,0,1.80477,2.96352,9.16889e+06,3.61194e+06,2.14199e+07,0,0,0,5.98956e+07
75.2145,85.139,5.13291,0.24,0.06,3.04133,3.34373,0,0.569887,4.47552,4.41193e+06,2.70226e+06,1.34181e+07,0,0,0,0,48.8533,61.308,4.28285,0,1,2.33634,2.03394,0,1.80491,2.96352,9.16889e+06,3.61194e+06,2.14217e+07,0,0,0,5.98956e+07
76.9084,85.139,4.95335,0.19,0.06,2.95526,3.25766,0,0.569945,4.47552,4.41193e+06,2.70226e+06,1.30384e+07,0,0,0,0,48.8481,61.308,4.31766,0,1,2.24294,1.94054,0,1.80506,2.96352,9.16889e+06,3.61194e+06,2.05653e+07,0,0,0,5.98956e+07
78.5165,85.139,4.90628,0.19,0.06,2.95556,3.25796,0,0.553815,4.47552,4.41193e+06,2.70226e+06,1.30397e+07,0,0,0,0,48.9484,61.308,5.31695,0,1,2.24313,1.94073,0,1.7329,2.96352,9.16889e+06,3.61194e+06,2.0567e+07,0,0,0,5.98956e+07
81.199,85.139,5.83326,0.19,0.06,2.95587,3.25827,0,0.553872,4.47552,4.41193e+06,2.70226e+06,1.30411e+07,0,0,0,0,49.0744,61.308,5.30794,0,1,2.24331,1.94091,0,1.73304,2.96352,9.16889e+06,3.61194e+06,2.05686e+07,0,0,0,5.98956e+07
83.6423,85.139,5.72809,0.15,0.06,2.95617,3.25857,0,0.55393,4.47552,4.41193e+06,2.70226e+06,1.30424e+07,0,0,0,0,49.0152,61.308,3.89234,0,1,2.24349,1.94109,0,1.73318,2.96352,9.16889e+06,3.61194e+06,2.05703e+07,0,0,0,5.98956e+07
85.139,85.139,5.56988,0.15,0.06,2.71105,3.01345,0,0.553987,4.47552,4.41193e+06,2.70226e+06,1.19609e+07,0,0,0,0,48.9622,61.308,4.10132,0,1,2.04868,1.74628,0,1.73332,2.96352,9.16889e+06,3.61194e+06,1.87841e+07,0,0,0,5.98956e+07
85.139,85.139,6.82837,0.12,0.06,2.71133,3.01373,0,0.50805,4.47552,4.41193e+06,2.70226e+06,1.19622e+07,0,0,0,0,49.7511,61.308,5.59572,0,1,2.04884,1.74644,0,1.58281,2.96352,9.16889e+06,3.61194e+06,1.87856e+07,0,0,0,5.98956e+07
85.139,85.139,10.6198,0.13,0.06,2.71161,3.01401,0,0.508103,4.47552,4.41193e+06,2.70226e+06,1.19634e+07,0,0,0,0,50.1602,61.308,5.72321,0,1,2.049,1.7466,0,1.58293,2.96352,9.16889e+06,3.61194e+06,1.87871e+07,0,0,0,5.98956e+07
85.139,85.139,13.1287,0.13,0.06,2.71189,3.01429,0,0.508155,4.47552,4.41193e+06,2.70226e+06,1.19647e+07,0,0,0,0,51.1863,61.308,6.87036,0,1,2.04916,1.74676,0,1.58306,2.96352,9.16889e+06,3.61194e+06,1.87886e+07,0,0,0,5.98956e+07
85.139,85.139,8.48828,0.13,0.06,2.71217,3.01457,0,0.508208,4.47552,4.41193e+06,2.70226e+06,1.19659e+07,0,0,0,0,51.4348,61.308,4.62217,0,1,2.04933,1.74693,0,1.58318,2.96352,9.16889e+06,3.61194e+06,1.87901e+07,0,0,0,5.98956e+07
85.139,85.139,10.1856,0.13,0.06,2.71217,3.01457,0,0.508261,4.47552,4.41193e+06,2.70226e+06,1.19659e+07,0,0,0,0,53.5121,61.308,8.49389,0,1,2.04933,1.74693,0,1.58331,2.96352,9.16889e+06,3.61194e+06,1.87901e+07,0,0,0,5.98956e+07
85.139,85.139,9.29827,0.14,0.08,2.80689,3.10929,0,0.508261,4.47552,4.41193e+06,2.70226e+06,1.23838e+07,0,0,0,0,54.3833,61.308,7.99877,0,1,2.10598,1.80358,0,1.58331,2.96352,9.16889e+06,3.61194e+06,1.93095e+07,0,0,0,5.98956e+07
85.139,85.139,7.38701,0.13,0.08,2.80716,3.10956,0,0.526012,4.47552,4.41193e+06,2.70226e+06,1.2385e+07,0,0,0,0,54.8885,61.308,5.21219,0,1,2.10613,1.80373,0,1.62708,2.96352,9.16889e+06,3.61194e+06,1.93109e+07,0,0,0,5.98956e+07
85.139,85.139,7.09288,0.14,0.08,2.80743,3.10983,0,0.526062,4.47552,4.41193e+06,2.70226e+06,1.23862e+07,0,0,0,0,55.1732,61.308,4.73893,0,1,2.10629,1.80389,0,1.6272,2.96352,9.16889e+06,3.61194e+06,1.93123e+07,0,0,0,5.98956e+07
85.139,85.139,7.16177,0.15,0.08,2.8077,3.1101,0,0.526112,4.47552,4.41193e+06,2.70226e+06,1.23874e+07,0,0,0,0,55.8309,61.308,6.90143,0,1,2.10644,1.80404,0,1.62732,2.96352,9.16889e+06,3.61194e+06,1.93137e+07,0,0,0,5.98956e+07
85.139,85.139,4.27022,0.15,0.08,3.11135,3.41375,0,0.526163,4.47552,4.41193e+06,2.70226e+06,1.3727e+07,0,0,0,0,57.2846,61.308,6.75131,0,1,2.31874,2.01634,0,1.62744,2.96352,9.16889e+06,3.61194e+06,2.12602e+07,0,0,0,5.98956e+07
85.139,85.139,5.80454,0.16,0.08,3.11164,3.41404,0,0.583066,4.47552,4.41193e+06,2.70226e+06,1.37283e+07,0,0,0,0,58.1056,61.308,7.40429,0,1,2.31891,2.01651,0,1.79146,2.96352,9.16889e+06,3.61194e+06,2.12618e+07,0,0,0,5.98956e+07
85.139,85.139,5.24909,0.19,0.08,3.11194,3.41434,0,0.583121,4.47552,4.41193e+06,2.70226e+06,1.37296e+07,0,0,0,0,59.0125,61.308,9.08696,0,1,2.31908,2.01668,0,1.79159,2.96352,9.16889e+06,3.61194e+06,2.12634e+07,0,0,0,5.98956e+07
85.139,85.139,7.79494,0.21,0.08,3.11223,3.41463,0,0.583177,4.47552,4.41193e+06,2.70226e+06,1.37309e+07,0,0,0,0,59.4169,61.308,6.07076,0,1,2.31926,2.01686,0,1.79172,2.96352,9.16889e+06,3.61194e+06,2.1265e+07,0,0,0,5.98956e+07
84.761,85.139,2.80037,0.24,0.08,2.67966,2.98206,0,0.583232,4.47552,4.41193e+06,2.70226e+06,1.18225e+07,0,0,0,0,59.5298,61.308,3.92609,0,1,2.03465,1.73225,0,1.79186,2.96352,9.16889e+06,3.61194e+06,1.86554e+07,0,0,0,5.98956e+07
85.139,85.139,4.25007,0.33,0.08,2.67992,2.98232,0,0.502169,4.47552,4.41193e+06,2.70226e+06,1.18236e+07,0,0,0,0,59.9809,61.308,5.63955,0,1,2.0348,1.7324,0,1.57197,2.96352,9.16889e+06,3.61194e+06,1.86568e+07,0,0,0,5.98956e+07
85.139,85.139,4.0066,0.26,0.08,2.68018,2.98258,0,0.502217,4.47552,4.41193e+06,2.70226e+06,1.18247e+07,0,0,0,0,60.3071,61.308,4.81076,0,1,2.03495,1.73255,0,1.57208,2.96352,9.16889e+06,3.61194e+06,1.86582e+07,0,0,0,5.98956e+07
85.139,85.139,3.44455,0.27,0.08,2.68043,2.98283,0,0.502265,4.47552,4.41193e+06,2.70226e+06,1.18259e+07,0,0,0,0,60.7035,61.308,5.25717,0,1,2.03509,1.73269,0,1.5722,2.96352,9.16889e+06,3.61194e+06,1.86596e+07,0,0,0,5.98956e+07
85.139,85.139,3.2787,0.3,0.08,2.68069,2.98309,0,0.502313,4.47552,4.41193e+06,2.70226e+06,1.1827e+07,0,0,0,0,60.9481,61.308,5.14545,0,1,2.03524,1.73284,0,1.57231,2.96352,9.16889e+06,3.61194e+06,1.86609e+07,0,0,0,5.98956e+07
84.6814,85.139,2.79557,0.3,0.08,2.78996,3.09236,0,0.502362,4.47552,4.41193e+06,2.70226e+06,1.23091e+07,0,0,0,0,60.9821,61.308,4.19659,0,1,2.10509,1.80269,0,1.57243,2.96352,9.16889e+06,3.61194e+06,1.93014e+07,0,0,0,5.98956e+07
84.2021,85.139,2.5246,0.45,0.08,2.53092,3.09262,0,0.522838,4.47552,4.41193e+06,3.62307e+06,1.11662e+07,0,0,0,0,60.926,61.308,3.79954,0,1,1.95409,1.80285,0,1.6264,2.96352,9.16889e+06,4.84273e+06,1.79168e+07,0,0,0,5.98956e+07
83.8886,85.139,2.65089,0.46,0.08,2.53117,3.09289,0,0.474295,4.47552,4.41193e+06,3.62307e+06,1.11673e+07,0,0,0,0,60.9014,61.308,3.7747,0,1,1.95423,1.80301,0,1.50973,2.96352,9.16889e+06,4.84273e+06,1.79181e+07,0,0,0,5.98956e+07
83.1029,85.139,2.12322,0.43,0.08,2.53141,3.09316,0,0.474341,4.47552,4.41193e+06,3.62307e+06,1.11684e+07,0,0,0,0,60.7409,61.308,3.02919,0,1,1.95438,1.80316,0,1.50984,2.96352,9.16889e+06,4.84273e+06,1.79194e+07,0,0,0,5.98956e+07
82.1619,85.139,2.0862,0.39,0.08,2.69723,3.05079,0,0.474386,4.47552,4.41193e+06,3.01923e+06,1.19e+07,0,0,0,0,60.5268,61.308,2.69651,0,1,2.04885,1.77624,0,1.50995,2.96352,9.16889e+06,4.03561e+06,1.87857e+07,0,0,0,5.98956e+07
81.1555,85.139,1.91999,0.39,0.08,2.69749,3.05105,0,0.505461,4.47552,4.41193e+06,3.01923e+06,1.19011e+07,0,0,0,0,60.1999,61.308,2.45702,0,1,2.049,1.77639,0,1.58294,2.96352,9.16889e+06,4.03561e+06,1.87871e+07,0,0,0,5.98956e+07
80.068,85.139,1.87164,0.35,0.08,2.74892,3.05132,0,0.50551,4.47552,4.41193e+06,2.70226e+06,1.2128e+07,0,0,0,0,59.9386,61.308,2.76535,0,1,2.07894,1.77654,0,1.58306,2.96352,9.16889e+06,3.61194e+06,1.90616e+07,0,0,0,5.98956e+07
78.9581,85.139,1.83809,0.29,0.08,2.74918,3.05158,0,0.515147,4.47552,4.41193e+06,2.70226e+06,1.21292e+07,0,0,0,0,59.6761,61.308,2.47803,0,1,2.0791,1.7767,0,1.60619,2.96352,9.16889e+06,3.61194e+06,1.9063e+07,0,0,0,5.98956e+07
78.0178,85.139,1.91716,0.45,0.08,2.62619,3.19661,0,0.515196,4.47552,4.41193e+06,3.62307e+06,1.15866e+07,0,0,0,0,59.3792,61.308,2.48421,0,1,2.01828,1.87292,0,1.60631,2.96352,9.16889e+06,4.84273e+06,1.85054e+07,0,0,0,5.98956e+07
76.7102,85.139,1.75361,0.37,0.08,2.89449,3.19689,0,0.492149,4.47552,4.41193e+06,2.70226e+06,1.27703e+07,0,0,0,0,59.0329,61.308,2.24731,0,1,2.17548,1.87308,0,1.55932,2.96352,9.16889e+06,3.61194e+06,1.99467e+07,0,0,0,5.98956e+07
75.3366,85.139,1.62365,0.35,0.08,2.89477,3.19717,0,0.542428,4.47552,4.41193e+06,2.70226e+06,1.27715e+07,0,0,0,0,58.6365,61.308,2.1653,0,1,2.17564,1.87324,0,1.68078,2.96352,9.16889e+06,3.61194e+06,1.99482e+07,0,0,0,5.98956e+07
73.8907,85.139,1.53323,0.29,0.08,2.89504,3.19744,0,0.542479,4.47552,4.41193e+06,2.70226e+06,1.27727e+07,0,0,0,0,58.2132,61.308,2.02751,0,1,2.1758,1.8734,0,1.6809,2.96352,9.16889e+06,3.61194e+06,1.99497e+07,0,0,0,5.98956e+07
72.2783,85.139,1.32596,0.26,0.08,2.89532,3.19772,0,0.542531,4.47552,4.41193e+06,2.70226e+06,1.27739e+07,0,0,0,0,57.8992,61.308,2.37277,0,1,2.17596,1.87356,0,1.68103,2.96352,9.16889e+06,3.61194e+06,1.99512e+07,0,0,0,5.98956e+07
70.566,85.139,1.17703,0.34,0.08,2.86695,3.16935,0,0.542583,4.47552,4.41193e+06,2.70226e+06,1.26488e+07,0,0,0,0,57.6245,61.308,2.56531,0,1,2.22895,1.92655,0,1.68115,2.96352,9.16889e+06,3.61194e+06,2.0437e+07,0,0,0,5.98956e+07
68.769,85.139,1.07555,0.3,0.08,2.86723,3.16963,0,0.537267,4.47552,4.41193e+06,2.70226e+06,1.265e+07,0,0,0,0,57.3087,61.308,2.26687,0,1,2.22912,1.92672,0,1.72209,2.96352,9.16889e+06,3.61194e+06,2.04385e+07,0,0,0,5.98956e+07
66.9193,85.139,0.986352,0.25,0.08,2.8675,3.1699,0,0.537318,4.47552,4.41193e+06,2.70226e+06,1.26512e+07,0,0,0,0,56.9344,61.308,2.23139,0,1,2.22928,1.92688,0,1.72221,2.96352,9.16889e+06,3.61194e+06,2.044e+07,0,0,0,5.98956e+07
65.0429,85.139,0.919809,0.34,0.08,2.86777,3.17017,0,0.53737,4.47552,4.41193e+06,2.70226e+06,1.26524e+07,0,0,0,0,56.3326,61.308,1.97688,0,1,2.22945,1.92705,0,1.72234,2.96352,9.16889e+06,3.61194e+06,2.04416e+07,0,0,0,5.98956e+07
63.0329,85.139,0.824774,0.31,0.08,2.94204,3.24444,0,0.537421,4.47552,4.41193e+06,2.70226e+06,1.29801e+07,0,0,0,0,55.669,61.308,1.60672,0,1,2.27671,1.97431,0,1.72247,2.96352,9.16889e+06,3.61194e+06,2.08749e+07,0,0,0,5.98956e+07
60.977,85.139,0.756007,0.29,0.08,2.94232,3.24472,0,0.551338,4.47552,4.41193e+06,2.70226e+06,1.29813e+07,0,0,0,0,54.8976,61.308,1.55811,0,1,2.27688,1.97448,0,1.75898,2.96352,9.16889e+06,3.61194e+06,2.08764e+07,0,0,0,5.98956e+07
58.8761,85.139,0.686574,0.34,0.08,2.9426,3.245,0,0.551391,4.47552,4.41193e+06,2.70226e+06,1.29825e+07,0,0,0,0,54.0925,61.308,1.42331,0,1,2.27705,1.97465,0,1.75912,2.96352,9.16889e+06,3.61194e+06,2.0878e+07,0,0,0,5.98956e+07
56.7302,85.139,0.604523,0.32,0.08,2.94288,3.24528,0,0.551443,4.47552,4.41193e+06,2.70226e+06,1.29838e+07,0,0,0,0,53.5276,61.308,1.40415,0,1,2.27722,1.97482,0,1.75925,2.96352,9.16889e+06,3.61194e+06,2.08796e+07,0,0,0,5.98956e+07
54.5992,85.139,0.787787,0.35,0.08,3.15992,3.46232,0,0.551496,4.47552,4.41193e+06,2.70226e+06,1.39413e+07,0,0,0,0,53.0736,61.308,1.84651,0,1,2.44743,2.14503,0,1.75938,2.96352,9.16889e+06,3.61194e+06,2.24402e+07,0,0,0,5.98956e+07
52.5692,85.139,0.874092,0.35,0.08,3.17365,3.46262,0,0.592169,4.47552,4.41193e+06,2.70226e+06,1.40019e+07,0,0,0,0,52.6442,61.308,2.07525,0,1,2.43418,2.14521,0,1.89088,2.96352,9.16889e+06,3.61194e+06,2.23187e+07,0,0,0,5.98956e+07
50.6971,85.139,0.999229,0.33,0.08,3.17414,3.46292,0,0.594743,4.47552,4.41193e+06,2.70226e+06,1.40041e+07,0,0,0,0,52.2381,61.308,2.04404,0,1,2.43418,2.1454,0,1.88065,2.96352,9.16889e+06,3.61194e+06,2.23187e+07,0,0,0,5.98956e+07
48.6032,85.139,0.751725,0.37,0.08,3.17462,3.46322,0,0.594834,4.47552,4.41193e+06,2.70226e+06,1.40062e+07,0,0,0,0,51.7634,61.308,1.91345,0,1,2.43418,2.14558,0,1.88065,2.96352,9.16889e+06,3.61194e+06,2.23187e+07,0,0,0,5.98956e+07
46.5192,85.139,0.711935,0.35,0.08,3.17511,3.46352,0,0.594924,4.47552,4.41193e+06,2.70226e+06,1.40083e+07,0,0,0,0,51.4128,61.308,2.94359,0,1,2.43418,2.14577,0,1.88065,2.96352,9.16889e+06,3.61194e+06,2.23187e+07,0,0,0,5.98956e+07
44.4981,85.139,0.648764,0.34,0.08,3.06991,3.35813,0,0.595015,4.47552,4.41193e+06,2.70226e+06,1.35442e+07,0,0,0,0,50.7965,61.308,1.71557,0,1,2.33093,2.0427,0,1.88065,2.96352,9.16889e+06,3.61194e+06,2.1372e+07,0,0,0,5.98956e+07
42.5316,85.139,0.628721,0.39,0.08,2.9997,3.35842,0,0.575301,4.47552,4.41193e+06,3.01923e+06,1.32345e+07,0,0,0,0,50.1597,61.308,1.57188,0,1,2.31102,2.04288,0,1.80087,2.96352,9.16889e+06,4.03561e+06,2.11895e+07,0,0,0,5.98956e+07
41.2926,85.139,1.28972,0.4,0.08,2.7747,3.35871,0,0.562144,4.47552,4.41193e+06,3.62307e+06,1.22418e+07,0,0,0,0,49.9292,61.308,2.44952,0,1,2.17416,2.04306,0,1.7855,2.96352,9.16889e+06,4.84273e+06,1.99346e+07,0,0,0,5.98956e+07
40.7913,85.139,2.03156,0.42,0.08,2.77497,3.359,0,0.519979,4.47552,4.41193e+06,3.62307e+06,1.22429e+07,0,0,0,0,49.6203,61.308,2.68388,0,1,2.17432,2.04323,0,1.67975,2.96352,9.16889e+06,4.84273e+06,1.99361e+07,0,0,0,5.98956e+07
41.3085,85.139,3.0224,0.43,0.08,2.69573,3.27251,0,0.520028,4.47552,4.41193e+06,3.62307e+06,1.18934e+07,0,0,0,0,49.2858,61.308,2.63952,0,1,2.08834,1.94939,0,1.67988,2.96352,9.16889e+06,4.84273e+06,1.91478e+07,0,0,0,5.98956e+07
44.5557,85.139,5.81996,0.44,0.08,2.69599,3.27279,0,0.505179,4.47552,4.41193e+06,3.62307e+06,1.18945e+07,0,0,0,0,49.3436,61.308,3.75454,0,1,2.0885,1.94956,0,1.61346,2.96352,9.16889e+06,4.84273e+06,1.91492e+07,0,0,0,5.98956e+07
46.6807,85.139,4.74671,0.47,0.08,2.69625,3.27308,0,0.505228,4.47552,4.41193e+06,3.62307e+06,1.18956e+07,0,0,0,0,49.5967,61.308,5.63858,0,1,2.08865,1.94973,0,1.61357,2.96352,9.16889e+06,4.84273e+06,1.91506e+07,0,0,0,5.98956e+07
48.1214,85.139,4.3194,0.38,0.08,2.97096,3.27336,0,0.505277,4.47552,4.41193e+06,2.70226e+06,1.31077e+07,0,0,0,0,49.5608,61.308,3.87527,0,1,2.2523,1.9499,0,1.61369,2.96352,9.16889e+06,3.61194e+06,2.06511e+07,0,0,0,5.98956e+07
50.0055,85.139,4.46298,0.42,0.08,2.47089,3.0271,0,0.556758,4.47552,4.41193e+06,3.62307e+06,1.09014e+07,0,0,0,0,49.4448,61.308,3.79726,0,1,1.90951,1.75419,0,1.74012,2.96352,9.16889e+06,4.84273e+06,1.75081e+07,0,0,0,5.98956e+07
50.4379,85.139,2.94801,0.47,0.08,2.47113,3.02736,0,0.463045,4.47552,4.41193e+06,3.62307e+06,1.09025e+07,0,0,0,0,49.3928,61.308,3.79498,0,1,1.90965,1.75434,0,1.47529,2.96352,9.16889e+06,4.84273e+06,1.75093e+07,0,0,0,5.98956e+07
55.6934,85.139,8.02036,0.52,0.08,2.47137,3.02762,0,0.46309,4.47552,4.41193e+06,3.62307e+06,1.09035e+07,0,0,0,0,50.6481,61.308,8.10531,0,1,1.90979,1.75449,0,1.47539,2.96352,9.16889e+06,4.84273e+06,1.75106e+07,0,0,0,5.98956e+07
61.2494,85.139,8.70257,0.49,0.08,2.47161,3.02789,0,0.463135,4.47552,4.41193e+06,3.62307e+06,1.09046e+07,0,0,0,0,52.2331,61.308,9.36114,0,1,1.90992,1.75464,0,1.4755,2.96352,9.16889e+06,4.84273e+06,1.75119e+07,0,0,0,5.98956e+07
64.7131,85.139,6.48108,0.43,0.08,2.47185,3.02815,0,0.46318,4.47552,4.41193e+06,3.62307e+06,1.09056e+07,0,0,0,0,52.7762,61.308,5.73024,0,1,1.91006,1.75479,0,1.47561,2.96352,9.16889e+06,4.84273e+06,1.75132e+07,0,0,0,5.98956e+07
68.3714,85.139,7.23153,0.37,0.08,2.82087,3.12327,0,0.463225,4.47552,4.41193e+06,2.70226e+06,1.24455e+07,0,0,0,0,53.1642,61.308,4.9334,0,1,2.11409,1.81169,0,1.47571,2.96352,9.16889e+06,3.61194e+06,1.93838e+07,0,0,0,5.98956e+07
73.6735,85.139,8.95312,0.35,0.08,2.82112,3.12352,0,0.528631,4.47552,4.41193e+06,2.70226e+06,1.24466e+07,0,0,0,0,54.329,61.308,7.16796,0,1,2.11423,1.81183,0,1.63334,2.96352,9.16889e+06,3.61194e+06,1.93851e+07,0,0,0,5.98956e+07
82.5487,85.139,12.6628,0.38,0.08,2.82137,3.12377,0,0.528678,4.47552,4.41193e+06,2.70226e+06,1.24477e+07,0,0,0,0,56.2359,61.308,8.84276,0,1,2.11437,1.81197,0,1.63345,2.96352,9.16889e+06,3.61194e+06,1.93864e+07,0,0,0,5.98956e+07
85.139,85.139,12.3277,0.28,0.08,2.82162,3.12402,0,0.528724,4.47552,4.41193e+06,2.70226e+06,1.24488e+07,0,0,0,0,58.2769,61.308,9.32962,0,1,2.11452,1.81212,0,1.63356,2.96352,9.16889e+06,3.61194e+06,1.93878e+07,0,0,0,5.98956e+07
85.139,85.139,12.9971,0.19,0.08,3.1266,3.429,0,0.528771,4.47552,4.41193e+06,2.70226e+06,1.37943e+07,0,0,0,0,62.2976,61.308,12.5737,0,1,2.32774,2.02534,0,1.63368,2.96352,9.16889e+06,3.61194e+06,2.13428e+07,0,0,0,5.98956e+07
85.139,85.139,11.8549,0.2,0.08,3.12687,3.42927,0,0.585924,4.47552,4.41193e+06,2.70226e+06,1.37955e+07,0,0,0,0,62.3362,61.308,11.9042,0,1,2.32791,2.02551,0,1.79842,2.96352,9.16889e+06,3.61194e+06,2.13443e+07,0,0,0,5.98956e+07
85.139,85.139,12.0011,0.21,0.08,3.12714,3.42954,0,0.585975,4.47552,4.41193e+06,2.70226e+06,1.37967e+07,0,0,0,0,62.3362,61.308,13.7741,0,1,2.32807,2.02567,0,1.79854,2.96352,9.16889e+06,3.61194e+06,2.13458e+07,0,0,0,5.98956e+07
85.139,85.139,7.45524,0.25,0.08,3.12741,3.42981,0,0.586026,4.47552,4.41193e+06,2.70226e+06,1.37979e+07,0,0,0,0,62.3362,61.308,5.80582,0,1,2.32823,2.02583,0,1.79866,2.96352,9.16889e+06,3.61194e+06,2.13473e+07,0,0,0,5.98956e+07
85.139,85.139,5.79458,0.26,0.08,2.6929,2.9953,0,0.586078,4.47552,4.41193e+06,2.70226e+06,1.18809e+07,0,0,0,0,62.3362,61.308,6.01804,0,1,2.04234,1.73994,0,1.79879,2.96352,9.16889e+06,3.61194e+06,1.8726e+07,0,0,0,5.98956e+07
85.139,85.139,5.78793,0.27,0.08,2.69314,2.99554,0,0.50465,4.47552,4.41193e+06,2.70226e+06,1.18819e+07,0,0,0,0,62.3362,61.308,5.24923,0,1,2.04247,1.74007,0,1.57791,2.96352,9.16889e+06,3.61194e+06,1.87272e+07,0,0,0,5.98956e+07
85.139,85.139,9.85341,0.28,0.08,2.69338,2.99578,0,0.504694,4.47552,4.41193e+06,2.70226e+06,1.1883e+07,0,0,0,0,62.3362,61.308,8.76435,0,1,2.04261,1.74021,0,1.57802,2.96352,9.16889e+06,3.61194e+06,1.87285e+07,0,0,0,5.98956e+07
85.139,85.139,7.39093,0.31,0.08,2.69362,2.99602,0,0.504739,4.47552,4.41193e+06,2.70226e+06,1.1884e+07,0,0,0,0,62.3362,61.308,5.96778,0,1,2.04275,1.74035,0,1.57812,2.96352,9.16889e+06,3.61194e+06,1.87298e+07,0,0,0,5.98956e+07
85.139,85.139,6.81235,0.33,0.08,2.69385,2.99625,0,0.504784,4.47552,4.41193e+06,2.70226e+06,1.18851e+07,0,0,0,0,62.3362,61.308,5.70266,0,1,2.04289,1.74049,0,1.57823,2.96352,9.16889e+06,3.61194e+06,1.8731e+07,0,0,0,5.98956e+07
85.139,85.139,6.74574,0.33,0.08,2.80358,3.10598,0,0.504828,4.47552,4.41193e+06,2.70226e+06,1.23692e+07,0,0,0,0,62.3362,61.308,6.11568,0,1,2.11303,1.81063,0,1.57834,2.96352,9.16889e+06,3.61194e+06,1.93742e+07,0,0,0,5.98956e+07
85.139,85.139,6.65047,0.33,0.08,2.80382,3.10622,0,0.52539,4.47552,4.41193e+06,2.70226e+06,1.23703e+07,0,0,0,0,62.3362,61.308,12.5004,0,1,2.11318,1.81078,0,1.63253,2.96352,9.16889e+06,3.61194e+06,1.93755e+07,0,0,0,5.98956e+07
85.139,85.139,5.34733,0.32,0.08,2.80407,3.10647,0,0.525437,4.47552,4.41193e+06,2.70226e+06,1.23714e+07,0,0,0,0,62.3362,61.308,5.74037,0,1,2.11332,1.81092,0,1.63264,2.96352,9.16889e+06,3.61194e+06,1.93768e+07,0,0,0,5.98956e+07
85.139,85.139,5.86011,0.29,0.08,2.80432,3.10672,0,0.525483,4.47552,4.41193e+06,2.70226e+06,1.23724e+07,0,0,0,0,62.3362,61.308,6.7807,0,1,2.11347,1.81107,0,1.63275,2.96352,9.16889e+06,3.61194e+06,1.93781e+07,0,0,0,5.98956e+07
85.139,85.139,4.69957,0.27,0.08,2.76174,3.06414,0,0.525529,4.47552,4.41193e+06,2.70226e+06,1.21846e+07,0,0,0,0,62.3362,61.308,5.34509,0,1,2.08641,1.78401,0,1.63286,2.96352,9.16889e+06,3.61194e+06,1.91301e+07,0,0,0,5.98956e+07
85.139,85.139,4.30363,0.26,0.08,2.76199,3.06439,0,0.51755,4.47552,4.41193e+06,2.70226e+06,1.21857e+07,0,0,0,0,62.3362,61.308,4.50543,0,1,2.08655,1.78415,0,1.61196,2.96352,9.16889e+06,3.61194e+06,1.91314e+07,0,0,0,5.98956e+07
85.139,85.139,4.01937,0.24,0.08,2.76223,3.06463,0,0.517596,4.47552,4.41193e+06,2.70226e+06,1.21868e+07,0,0,0,0,62.3362,61.308,3.97276,0,1,2.08669,1.78429,0,1.61207,2.96352,9.16889e+06,3.61194e+06,1.91327e+07,0,0,0,5.98956e+07
85.139,85.139,3.65973,0.2,0.08,2.76247,3.06487,0,0.517642,4.47552,4.41193e+06,2.70226e+06,1.21878e+07,0,0,0,0,62.3362,61.308,3.76096,0,1,2.08684,1.78444,0,1.61218,2.96352,9.16889e+06,3.61194e+06,1.9134e+07,0,0,0,5.98956e+07
85.139,85.139,3.64134,0.18,0.08,2.90812,3.21052,0,0.517687,4.47552,4.41193e+06,2.70226e+06,1.28304e+07,0,0,0,0,62.3362,61.308,3.62496,0,1,2.18346,1.88106,0,1.61229,2.96352,9.16889e+06,3.61194e+06,2.00199e+07,0,0,0,5.98956e+07
85.139,85.139,3.47641,0.16,0.08,2.90837,3.21077,0,0.544981,4.47552,4.41193e+06,2.70226e+06,1.28315e+07,0,0,0,0,62.3362,61.308,3.43585,0,1,2.18361,1.88121,0,1.68694,2.96352,9.16889e+06,3.61194e+06,2.00213e+07,0,0,0,5.98956e+07
85.139,85.139,3.30222,0.13,0.08,2.90863,3.21103,0,0.545029,4.47552,4.41193e+06,2.70226e+06,1.28326e+07,0,0,0,0,62.3362,61.308,3.35773,0,1,2.18376,1.88136,0,1.68706,2.96352,9.16889e+06,3.61194e+06,2.00227e+07,0,0,0,5.98956e+07
85.096,85.139,3.1752,0.13,0.08,2.90888,3.21128,0,0.545076,4.47552,4.41193e+06,2.70226e+06,1.28338e+07,0,0,0,0,62.3362,61.308,3.37576,0,1,2.18391,1.88151,0,1.68717,2.96352,9.16889e+06,3.61194e+06,2.0024e+07,0,0,0,5.98956e+07
85.139,85.139,3.81059,0.17,0.08,2.90914,3.21154,0,0.545124,4.47552,4.41193e+06,2.70226e+06,1.28349e+07,0,0,0,0,62.2461,61.308,2.82918,0,1,2.18406,1.88166,0,1.68729,2.96352,9.16889e+06,3.61194e+06,2.00254e+07,0,0,0,5.98956e+07
85.139,85.139,4.04235,0.12,0.08,2.88063,3.18303,0,0.545172,4.47552,4.41193e+06,2.70226e+06,1.27091e+07,0,0,0,0,62.0388,61.308,2.35889,0,1,2.23726,1.93486,0,1.6874,2.96352,9.16889e+06,3.61194e+06,2.05132e+07,0,0,0,5.98956e+07
85.139,85.139,3.6505,0.13,0.08,2.88088,3.18328,0,0.539829,4.47552,4.41193e+06,2.70226e+06,1.27102e+07,0,0,0,0,61.741,61.308,2.14412,0,1,2.23741,1.93501,0,1.72851,2.96352,9.16889e+06,3.61194e+06,2.05146e+07,0,0,0,5.98956e+07
85.139,85.139,3.39015,0.12,0.08,2.88113,3.18353,0,0.539877,4.47552,4.41193e+06,2.70226e+06,1.27113e+07,0,0,0,0,61.4139,61.308,2.07706,0,1,2.23757,1.93517,0,1.72863,2.96352,9.16889e+06,3.61194e+06,2.0516e+07,0,0,0,5.98956e+07
85.139,85.139,3.13604,0.12,0.08,2.88138,3.18378,0,0.539924,4.47552,4.41193e+06,2.70226e+06,1.27125e+07,0,0,0,0,61.02,61.308,1.90094,0,1,2.23772,1.93532,0,1.72874,2.96352,9.16889e+06,3.61194e+06,2.05174e+07,0,0,0,5.98956e+07
85.139,85.139,3.40259,0.12,0.08,2.95595,3.25835,0,0.539971,4.47552,4.41193e+06,2.70226e+06,1.30414e+07,0,0,0,0,60.6883,61.308,1.97938,0,1,2.28517,1.98277,0,1.72886,2.96352,9.16889e+06,3.61194e+06,2.09524e+07,0,0,0,5.98956e+07
85.1123,85.139,3.11095,0.12,0.08,2.9562,3.2586,0,0.553944,4.47552,4.41193e+06,2.70226e+06,1.30426e+07,0,0,0,0,60.2049,61.308,1.96044,0,1,2.28533,1.98293,0,1.76552,2.96352,9.16889e+06,3.61194e+06,2.09539e+07,0,0,0,5.98956e+07
84.838,85.139,2.8547,0.15,0.08,2.95646,3.25886,0,0.553993,4.47552,4.41193e+06,2.70226e+06,1.30437e+07,0,0,0,0,59.7345,61.308,1.71533,0,1,2.28548,1.98308,0,1.76564,2.96352,9.16889e+06,3.61194e+06,2.09553e+07,0,0,0,5.98956e+07
84.727,85.139,3.00347,0.15,0.08,2.95672,3.25912,0,0.554041,4.47552,4.41193e+06,2.70226e+06,1.30448e+07,0,0,0,0,59.28,61.308,2.03174,0,1,2.28564,1.98324,0,1.76576,2.96352,9.16889e+06,3.61194e+06,2.09568e+07,0,0,0,5.98956e+07
83.8963,85.139,2.49049,0.15,0.08,3.17466,3.47706,0,0.55409,4.47552,4.41193e+06,2.70226e+06,1.40064e+07,0,0,0,0,58.8409,61.308,1.7439,0,1,2.45656,2.15416,0,1.76589,2.96352,9.16889e+06,3.61194e+06,2.25239e+07,0,0,0,5.98956e+07
83.0977,85.139,2.54832,0.15,0.08,3.19751,3.47734,0,0.594931,4.47552,4.41193e+06,2.70226e+06,1.41072e+07,0,0,0,0,58.3895,61.308,1.74953,0,1,2.43416,2.15433,0,1.89794,2.96352,9.16889e+06,3.61194e+06,2.23186e+07,0,0,0,5.98956e+07
82.2799,85.139,2.51327,0.15,0.08,3.19795,3.47761,0,0.599213,4.47552,4.41193e+06,2.70226e+06,1.41091e+07,0,0,0,0,57.8553,61.308,1.72306,0,1,2.43416,2.1545,0,1.88063,2.96352,9.16889e+06,3.61194e+06,2.23186e+07,0,0,0,5.98956e+07
80.8852,85.139,1.93928,0.15,0.08,3.1984,3.47789,0,0.599296,4.47552,4.41193e+06,2.70226e+06,1.41111e+07,0,0,0,0,57.382,61.308,1.55337,0,1,2.43416,2.15467,0,1.88063,2.96352,9.16889e+06,3.61194e+06,2.23186e+07,0,0,0,5.98956e+07
80.1223,85.139,2.6246,0.15,0.08,3.19885,3.47817,0,0.59938,4.47552,4.41193e+06,2.70226e+06,1.41131e+07,0,0,0,0,57.0156,61.308,1.75269,0,1,2.43416,2.15484,0,1.88063,2.96352,9.16889e+06,3.61194e+06,2.23186e+07,0,0,0,5.98956e+07
80.4153,85.139,3.80278,0.15,0.08,3.09316,3.37231,0,0.599464,4.47552,4.41193e+06,2.70226e+06,1.36468e+07,0,0,0,0,56.7614,61.308,1.94305,0,1,2.33048,2.05133,0,1.88063,2.96352,9.16889e+06,3.61194e+06,2.13679e+07,0,0,0,5.98956e+07
79.7761,85.139,2.65973,0.16,0.08,3.07018,3.37258,0,0.579659,4.47552,4.41193e+06,2.70226e+06,1.35454e+07,0,0,0,0,56.4135,61.308,1.82942,0,1,2.35389,2.05149,0,1.80053,2.96352,9.16889e+06,3.61194e+06,2.15826e+07,0,0,0,5.98956e+07
79.1196,85.139,2.59809,0.16,0.08,3.07045,3.37285,0,0.575351,4.47552,4.41193e+06,2.70226e+06,1.35466e+07,0,0,0,0,56.1102,61.308,1.84484,0,1,2.35405,2.05165,0,1.81862,2.96352,9.16889e+06,3.61194e+06,2.15841e+07,0,0,0,5.98956e+07
78.4317,85.139,2.66253,0.19,0.08,3.07071,3.37311,0,0.575402,4.47552,4.41193e+06,2.70226e+06,1.35478e+07,0,0,0,0,55.871,61.308,1.90872,0,1,2.35422,2.05182,0,1.81874,2.96352,9.16889e+06,3.61194e+06,2.15856e+07,0,0,0,5.98956e+07
76.4749,85.139,1.21141,0.19,0.08,2.98384,3.28624,0,0.575452,4.47552,4.41193e+06,2.70226e+06,1.31645e+07,0,0,0,0,55.4348,61.308,1.87695,0,1,2.25997,1.95757,0,1.81887,2.96352,9.16889e+06,3.61194e+06,2.07214e+07,0,0,0,5.98956e+07
74.9363,85.139,1.75345,0.19,0.08,2.9841,3.2865,0,0.559172,4.47552,4.41193e+06,2.70226e+06,1.31656e+07,0,0,0,0,55.2678,61.308,2.47513,0,1,2.26012,1.95772,0,1.74605,2.96352,9.16889e+06,3.61194e+06,2.07228e+07,0,0,0,5.98956e+07
74.9954,85.139,3.43437,0.19,0.08,2.98436,3.28676,0,0.55922,4.47552,4.41193e+06,2.70226e+06,1.31668e+07,0,0,0,0,55.3551,61.308,3.60445,0,1,2.26028,1.95788,0,1.74617,2.96352,9.16889e+06,3.61194e+06,2.07243e+07,0,0,0,5.98956e+07
74.7775,85.139,3.22651,0.18,0.08,2.98462,3.28702,0,0.559269,4.47552,4.41193e+06,2.70226e+06,1.31679e+07,0,0,0,0,55.2261,61.308,3.52329,0,1,2.26044,1.95804,0,1.74629,2.96352,9.16889e+06,3.61194e+06,2.07257e+07,0,0,0,5.98956e+07
75.961,85.139,4.39563,0.2,0.08,2.73731,3.03971,0,0.559318,4.47552,4.41193e+06,2.70226e+06,1.20768e+07,0,0,0,0,55.5547,61.308,4.15166,0,1,2.0639,1.7615,0,1.74641,2.96352,9.16889e+06,3.61194e+06,1.89236e+07,0,0,0,5.98956e+07
77.3121,85.139,4.62219,0.22,0.08,2.73755,3.03995,0,0.512973,4.47552,4.41193e+06,2.70226e+06,1.20779e+07,0,0,0,0,56.0207,61.308,4.34999,0,1,2.06404,1.76164,0,1.59457,2.96352,9.16889e+06,3.61194e+06,1.89249e+07,0,0,0,5.98956e+07
79.6824,85.139,5.62146,0.23,0.08,2.7378,3.0402,0,0.513018,4.47552,4.41193e+06,2.70226e+06,1.2079e+07,0,0,0,0,56.487,61.308,4.36902,0,1,2.06418,1.76178,0,1.59468,2.96352,9.16889e+06,3.61194e+06,1.89262e+07,0,0,0,5.98956e+07
83.1946,85.139,6.95562,0.19,0.08,2.73804,3.04044,0,0.513063,4.47552,4.41193e+06,2.70226e+06,1.208e+07,0,0,0,0,57.0355,61.308,4.44198,0,1,2.06432,1.76192,0,1.59478,2.96352,9.16889e+06,3.61194e+06,1.89275e+07,0,0,0,5.98956e+07
85.139,85.139,6.48208,0.21,0.08,2.73828,3.04068,0,0.513108,4.47552,4.41193e+06,2.70226e+06,1.20811e+07,0,0,0,0,57.9633,61.308,5.00848,0,1,2.06446,1.76206,0,1.59489,2.96352,9.16889e+06,3.61194e+06,1.89288e+07,0,0,0,5.98956e+07
85.139,85.139,6.5471,0.13,0.08,2.83378,3.13618,0,0.513154,4.47552,4.41193e+06,2.70226e+06,1.25024e+07,0,0,0,0,58.5961,61.308,4.40423,0,1,2.12157,1.81917,0,1.595,3.38688,9.16889e+06,3.61194e+06,1.94524e+07,0,0,0,5.98956e+07
85.139,85.139,6.24692,0.15,0.08,2.834,3.1364,0,0.53105,4.47552,4.41193e+06,2.70226e+06,1.25034e+07,0,0,0,0,58.92,61.308,3.86332,0,1,2.1217,1.8193,0,1.63913,3.38688,9.16889e+06,3.61194e+06,1.94537e+07,0,0,0,5.98956e+07
85.139,85.139,4.91458,0.14,0.08,2.83423,3.13663,0,0.531092,4.47552,4.41193e+06,2.70226e+06,1.25044e+07,0,0,0,0,58.9389,61.308,3.09408,0,1,2.12183,1.81943,0,1.63923,3.38688,9.16889e+06,3.61194e+06,1.94549e+07,0,0,0,5.98956e+07
85.139,85.139,4.57389,0.16,0.08,2.83446,3.13686,0,0.531135,4.47552,4.41193e+06,2.70226e+06,1.25054e+07,0,0,0,0,59.1016,61.308,3.15749,0,1,2.12197,1.81957,0,1.63933,3.38688,9.16889e+06,3.61194e+06,1.94561e+07,0,0,0,5.98956e+07
85.139,85.139,5.34064,0.18,0.08,3.14067,3.44307,0,0.531178,4.47552,4.41193e+06,2.70226e+06,1.38564e+07,0,0,0,0,59.6891,61.308,3.78901,0,1,2.33606,2.03366,0,1.63943,3.38688,9.16889e+06,3.61194e+06,2.1419e+07,0,0,0,5.98956e+07
85.139,85.139,4.17134,0.21,0.08,3.14092,3.44332,0,0.588562,4.47552,4.41193e+06,2.70226e+06,1.38575e+07,0,0,0,0,59.8381,61.308,3.03798,0,1,2.3362,2.0338,0,1.80484,3.38688,9.16889e+06,3.61194e+06,2.14204e+07,0,0,0,5.98956e+07
85.139,85.139,4.57571,0.2,0.08,3.14117,3.44357,0,0.588609,4.47552,4.41193e+06,2.70226e+06,1.38586e+07,0,0,0,0,60.1176,61.308,3.54419,0,1,2.33635,2.03395,0,1.80495,3.38688,9.16889e+06,3.61194e+06,2.14217e+07,0,0,0,5.98956e+07
85.139,85.139,4.94493,0.24,0.08,3.14142,3.44382,0,0.588655,4.47552,4.41193e+06,2.70226e+06,1.38597e+07,0,0,0,0,60.3999,61.308,3.54281,0,1,2.3365,2.0341,0,1.80507,3.38688,9.16889e+06,3.61194e+06,2.14231e+07,0,0,0,5.98956e+07
85.139,85.139,6.9348,0.24,0.08,2.70511,3.00751,0,0.588702,4.47552,4.41193e+06,2.70226e+06,1.19348e+07,0,0,0,0,60.477,61.308,3.50595,0,1,2.04943,1.74703,0,1.80518,3.38688,9.16889e+06,3.61194e+06,1.8791e+07,0,0,0,5.98956e+07
85.139,85.139,6.52337,0.26,0.08,2.70533,3.00773,0,0.506938,4.47552,4.41193e+06,2.70226e+06,1.19357e+07,0,0,0,0,60.5646,61.308,3.76479,0,1,2.04956,1.74716,0,1.58339,3.38688,9.16889e+06,3.61194e+06,1.87922e+07,0,0,0,5.98956e+07
85.139,85.139,7.14579,0.27,0.08,2.70555,3.00795,0,0.506979,4.47552,4.41193e+06,2.70226e+06,1.19367e+07,0,0,0,0,60.5352,61.308,3.10849,0,1,2.04968,1.74728,0,1.58349,3.38688,9.16889e+06,3.61194e+06,1.87933e+07,0,0,0,5.98956e+07
85.139,85.139,6.31773,0.29,0.08,2.70577,3.00817,0,0.50702,4.47552,4.41193e+06,2.70226e+06,1.19377e+07,0,0,0,0,60.4688,61.308,2.86071,0,1,2.04981,1.74741,0,1.58359,3.38688,9.16889e+06,3.61194e+06,1.87945e+07,0,0,0,5.98956e+07
85.139,85.139,5.84692,0.31,0.08,2.70599,3.00839,0,0.507061,4.47552,4.41193e+06,2.70226e+06,1.19386e+07,0,0,0,0,60.5063,61.308,3.17852,0,1,2.04994,1.74754,0,1.58368,3.38688,9.16889e+06,3.61194e+06,1.87956e+07,0,0,0,5.98956e+07
85.139,85.139,4.85501,0.32,0.08,2.81613,3.11853,0,0.507102,4.47552,4.41193e+06,2.70226e+06,1.24246e+07,0,0,0,0,60.5245,61.308,2.89422,0,1,2.12035,1.81795,0,1.58378,3.38688,9.16889e+06,3.61194e+06,1.94413e+07,0,0,0,5.98956e+07
85.139,85.139,4.16613,0.33,0.08,2.81636,3.11876,0,0.527743,4.47552,4.41193e+06,2.70226e+06,1.24256e+07,0,0,0,0,60.4253,61.308,2.59093,0,1,2.12049,1.81809,0,1.63819,3.38688,9.16889e+06,3.61194e+06,1.94425e+07,0,0,0,5.98956e+07
85.139,85.139,4.44712,0.31,0.08,2.81658,3.11898,0,0.527786,4.47552,4.41193e+06,2.70226e+06,1.24266e+07,0,0,0,0,60.3491,61.308,2.48393,0,1,2.12062,1.81822,0,1.63829,3.38688,9.16889e+06,3.61194e+06,1.94437e+07,0,0,0,5.98956e+07
85.139,85.139,3.6365,0.28,0.08,2.81681,3.11921,0,0.527828,4.47552,4.41193e+06,2.70226e+06,1.24276e+07,0,0,0,0,60.1674,61.308,2.31884,0,1,2.12075,1.81835,0,1.63839,3.38688,9.16889e+06,3.61194e+06,1.94449e+07,0,0,0,5.98956e+07
85.139,85.139,3.34343,0.25,0.08,2.77404,3.07644,0,0.52787,4.47552,4.41193e+06,2.70226e+06,1.22389e+07,0,0,0,0,59.8564,61.308,2.21768,0,1,2.09357,1.79117,0,1.63849,3.38688,9.16889e+06,3.61194e+06,1.91957e+07,0,0,0,5.98956e+07
84.87,85.139,2.89078,0.26,0.08,2.77427,3.07667,0,0.519856,4.47552,4.41193e+06,2.70226e+06,1.22399e+07,0,0,0,0,59.4627,61.308,2.00832,0,1,2.0937,1.7913,0,1.6175,3.38688,9.16889e+06,3.61194e+06,1.91969e+07,0,0,0,5.98956e+07
84.5128,85.139,2.66083,0.39,0.08,2.72289,3.07689,0,0.519898,4.47552,4.41193e+06,3.01923e+06,1.20132e+07,0,0,0,0,59.087,61.308,1.82519,0,1,2.06379,1.79143,0,1.6176,3.38688,9.16889e+06,4.03561e+06,1.89227e+07,0,0,0,5.98956e+07
84.0514,85.139,2.59416,0.34,0.08,2.77471,3.07711,0,0.51027,4.47552,4.41193e+06,2.70226e+06,1.22418e+07,0,0,0,0,58.7733,61.308,2.05317,0,1,2.09396,1.79156,0,1.59449,3.38688,9.16889e+06,3.61194e+06,1.91993e+07,0,0,0,5.98956e+07
83.4307,85.139,2.52704,0.3,0.08,2.92092,3.22332,0,0.519981,4.47552,4.41193e+06,2.70226e+06,1.28869e+07,0,0,0,0,58.3219,61.308,1.98751,0,1,2.19096,1.88856,0,1.6178,3.38688,9.16889e+06,3.61194e+06,2.00887e+07,0,0,0,5.98956e+07
82.599,85.139,2.29504,0.28,0.08,2.92115,3.22355,0,0.54738,4.47552,4.41193e+06,2.70226e+06,1.28879e+07,0,0,0,0,57.9506,61.308,1.80826,0,1,2.1911,1.8887,0,1.69274,3.38688,9.16889e+06,3.61194e+06,2.00899e+07,0,0,0,5.98956e+07
81.4934,85.139,2.00979,0.23,0.08,2.92138,3.22378,0,0.547424,4.47552,4.41193e+06,2.70226e+06,1.28889e+07,0,0,0,0,57.4403,61.308,1.80168,0,1,2.19124,1.88884,0,1.69284,3.38688,9.16889e+06,3.61194e+06,2.00912e+07,0,0,0,5.98956e+07
80.2249,85.139,1.83112,0.21,0.08,2.92162,3.22402,0,0.547467,4.47552,4.41193e+06,2.70226e+06,1.289e+07,0,0,0,0,56.9839,61.308,1.648,0,1,2.19137,1.88897,0,1.69295,3.38688,9.16889e+06,3.61194e+06,2.00925e+07,0,0,0,5.98956e+07
79.3339,85.139,2.16828,0.18,0.08,2.92185,3.22425,0,0.547511,4.47552,4.41193e+06,2.70226e+06,1.2891e+07,0,0,0,0,56.5945,61.308,2.14428,0,1,2.19151,1.88911,0,1.69305,3.38688,9.16889e+06,3.61194e+06,2.00937e+07,0,0,0,5.98956e+07
78.9896,85.139,2.6906,0.24,0.08,2.89321,3.19561,0,0.547555,4.47552,4.41193e+06,2.70226e+06,1.27646e+07,0,0,0,0,56.3612,61.308,2.86381,0,1,2.24491,1.94251,0,1.69316,3.38688,9.16889e+06,3.61194e+06,2.05833e+07,0,0,0,5.98956e+07
78.4535,85.139,2.49586,0.19,0.08,2.89344,3.19584,0,0.542187,4.47552,4.41193e+06,2.70226e+06,1.27656e+07,0,0,0,0,56.1049,61.308,2.80384,0,1,2.24505,1.94265,0,1.73442,3.38688,9.16889e+06,3.61194e+06,2.05846e+07,0,0,0,5.98956e+07
77.7021,85.139,2.27343,0.2,0.08,2.89367,3.19607,0,0.54223,4.47552,4.41193e+06,2.70226e+06,1.27667e+07,0,0,0,0,55.8113,61.308,2.55801,0,1,2.24519,1.94279,0,1.73452,3.38688,9.16889e+06,3.61194e+06,2.05859e+07,0,0,0,5.98956e+07
76.7831,85.139,2.07768,0.2,0.08,2.8939,3.1963,0,0.542274,4.47552,4.41193e+06,2.70226e+06,1.27677e+07,0,0,0,0,55.466,61.308,2.4484,0,1,2.24533,1.94293,0,1.73463,3.38688,9.16889e+06,3.61194e+06,2.05872e+07,0,0,0,5.98956e+07
76.3888,85.139,2.65222,0.19,0.08,2.96874,3.27114,0,0.542317,4.47552,4.41193e+06,2.70226e+06,1.30978e+07,0,0,0,0,55.234,61.308,2.73689,0,1,2.29295,1.99055,0,1.73474,3.38688,9.16889e+06,3.61194e+06,2.10238e+07,0,0,0,5.98956e+07
75.7692,85.139,2.41709,0.2,0.08,2.96897,3.27137,0,0.556341,4.47552,4.41193e+06,2.70226e+06,1.30989e+07,0,0,0,0,54.9727,61.308,2.51765,0,1,2.2931,1.9907,0,1.77153,3.38688,9.16889e+06,3.61194e+06,2.10251e+07,0,0,0,5.98956e+07
74.8577,85.139,2.10132,0.2,0.08,2.96921,3.27161,0,0.556385,4.47552,4.41193e+06,2.70226e+06,1.30999e+07,0,0,0,0,54.7023,61.308,2.4948,0,1,2.29324,1.99084,0,1.77165,3.38688,9.16889e+06,3.61194e+06,2.10265e+07,0,0,0,5.98956e+07
73.6607,85.139,1.8114,0.2,0.08,2.96945,3.27185,0,0.55643,4.47552,4.41193e+06,2.70226e+06,1.3101e+07,0,0,0,0,54.4152,61.308,2.42918,0,1,2.29338,1.99098,0,1.77176,3.38688,9.16889e+06,3.61194e+06,2.10278e+07,0,0,0,5.98956e+07
71.9962,85.139,1.49291,0.24,0.08,3.18821,3.49061,0,0.556474,4.47552,4.41193e+06,2.70226e+06,1.40662e+07,0,0,0,0,54.1138,61.308,2.43952,0,1,2.46496,2.16256,0,1.77187,3.38688,9.16889e+06,3.61194e+06,2.26009e+07,0,0,0,5.98956e+07
70.4248,85.139,1.56325,0.25,0.08,3.18847,3.49087,0,0.597471,4.47552,4.41193e+06,2.70226e+06,1.40673e+07,0,0,0,0,53.8698,61.308,2.65373,0,1,2.46511,2.16271,0,1.90443,3.38688,9.16889e+06,3.61194e+06,2.26023e+07,0,0,0,5.98956e+07
69.7397,85.139,2.5067,0.25,0.08,3.18872,3.49112,0,0.597519,4.47552,4.41193e+06,2.70226e+06,1.40684e+07,0,0,0,0,53.7865,61.308,3.23362,0,1,2.46527,2.16287,0,1.90455,3.38688,9.16889e+06,3.61194e+06,2.26038e+07,0,0,0,5.98956e+07
69.662,85.139,3.13381,0.24,0.08,3.18897,3.49137,0,0.597566,4.47552,4.41193e+06,2.70226e+06,1.40695e+07,0,0,0,0,53.8957,61.308,3.37365,0,1,2.46543,2.16303,0,1.90467,3.38688,9.16889e+06,3.61194e+06,2.26052e+07,0,0,0,5.98956e+07
70.1572,85.139,3.65788,0.24,0.08,3.18923,3.49163,0,0.597614,4.47552,4.41193e+06,2.70226e+06,1.40706e+07,0,0,0,0,54.1212,61.308,4.39366,0,1,2.46558,2.16318,0,1.90479,3.38688,9.16889e+06,3.61194e+06,2.26067e+07,0,0,0,5.98956e+07
70.5319,85.139,3.42446,0.24,0.08,3.08294,3.38534,0,0.597661,4.47552,4.41193e+06,2.70226e+06,1.36017e+07,0,0,0,0,54.0909,61.308,3.64422,0,1,2.36165,2.05925,0,1.90491,3.38688,9.16889e+06,3.61194e+06,2.16537e+07,0,0,0,5.98956e+07
70.5298,85.139,3.05454,0.24,0.08,3.08318,3.38558,0,0.577743,4.47552,4.41193e+06,2.70226e+06,1.36028e+07,0,0,0,0,54.0423,61.308,3.58998,0,1,2.3618,2.0594,0,1.82461,3.38688,9.16889e+06,3.61194e+06,2.16551e+07,0,0,0,5.98956e+07
70.4156,85.139,3.09407,0.24,0.08,3.08343,3.38583,0,0.577789,4.47552,4.41193e+06,2.70226e+06,1.36039e+07,0,0,0,0,54.0391,61.308,3.56154,0,1,2.36195,2.05955,0,1.82473,3.38688,9.16889e+06,3.61194e+06,2.16565e+07,0,0,0,5.98956e+07
71.2819,85.139,4.12664,0.23,0.08,3.08368,3.38608,0,0.577835,4.47552,4.41193e+06,2.70226e+06,1.3605e+07,0,0,0,0,54.1375,61.308,3.86468,0,1,2.3621,2.0597,0,1.82484,3.38688,9.16889e+06,3.61194e+06,2.16578e+07,0,0,0,5.98956e+07
72.8783,85.139,4.86175,0.23,0.08,2.99644,3.29884,0,0.577881,4.47552,4.41193e+06,2.70226e+06,1.32201e+07,0,0,0,0,54.0837,61.308,4.04382,0,1,2.26748,1.96508,0,1.82496,3.38688,9.16889e+06,3.61194e+06,2.07902e+07,0,0,0,5.98956e+07
74.4061,85.139,4.81998,0.23,0.08,2.99668,3.29908,0,0.561534,4.47552,4.41193e+06,2.70226e+06,1.32212e+07,0,0,0,0,53.9842,61.308,4.01406,0,1,2.26762,1.96522,0,1.75185,3.38688,9.16889e+06,3.61194e+06,2.07916e+07,0,0,0,5.98956e+07
76.3443,85.139,5.25382,0.19,0.08,2.99692,3.29932,0,0.561579,4.47552,4.41193e+06,2.70226e+06,1.32222e+07,0,0,0,0,54.4925,61.308,5.65062,0,1,2.26776,1.96536,0,1.75196,3.38688,9.16889e+06,3.61194e+06,2.07929e+07,0,0,0,5.98956e+07
77.6174,85.139,4.62814,0.19,0.08,2.99716,3.29956,0,0.561623,4.47552,4.41193e+06,2.70226e+06,1.32233e+07,0,0,0,0,54.9693,61.308,5.27758,0,1,2.26791,1.96551,0,1.75207,3.38688,9.16889e+06,3.61194e+06,2.07942e+07,0,0,0,5.98956e+07
79.5245,85.139,5.1946,0.2,0.08,2.74889,3.05129,0,0.561668,4.47552,4.41193e+06,2.70226e+06,1.21279e+07,0,0,0,0,55.5574,61.308,5.74225,0,1,2.07061,1.76821,0,1.75218,3.38688,9.16889e+06,3.61194e+06,1.89851e+07,0,0,0,5.98956e+07
80.6298,85.139,4.41936,0.16,0.08,2.74911,3.05151,0,0.515142,4.47552,4.41193e+06,2.70226e+06,1.21289e+07,0,0,0,0,56.5016,61.308,5.87973,0,1,2.07073,1.76833,0,1.59975,3.38688,9.16889e+06,3.61194e+06,1.89863e+07,0,0,0,5.98956e+07
82.2349,85.139,5.12256,0.18,0.08,2.74933,3.05173,0,0.515183,4.47552,4.41193e+06,2.70226e+06,1.21299e+07,0,0,0,0,57.6388,61.308,6.98412,0,1,2.07086,1.76846,0,1.59985,3.38688,9.16889e+06,3.61194e+06,1.89875e+07,0,0,0,5.98956e+07
84.0831,85.139,5.20433,0.2,0.08,2.74955,3.05195,0,0.515225,4.47552,4.41193e+06,2.70226e+06,1.21308e+07,0,0,0,0,58.8938,61.308,5.86486,0,1,2.07099,1.76859,0,1.59995,3.38688,9.16889e+06,3.61194e+06,1.89887e+07,0,0,0,5.98956e+07
85.139,85.139,6.78956,0.21,0.08,2.74977,3.05217,0,0.515266,4.47552,4.41193e+06,2.70226e+06,1.21318e+07,0,0,0,0,60.2341,61.308,6.18167,0,1,2.07112,1.76872,0,1.60005,3.38688,9.16889e+06,3.61194e+06,1.89898e+07,0,0,0,5.98956e+07
85.139,85.139,5.41533,0.14,0.08,2.84561,3.14801,0,0.515308,4.47552,4.41193e+06,2.70226e+06,1.25546e+07,0,0,0,0,60.2482,61.308,4.18403,0,0.04,2.12844,1.82604,0,1.60015,3.38688,9.16889e+06,3.61194e+06,1.95154e+07,0,0,0,5.98956e+07
85.139,85.139,7.80306,0.15,0.08,2.84582,3.14822,0,0.533268,4.47552,4.41193e+06,2.70226e+06,1.25555e+07,0,0,0,0,60.559,61.308,5.1336,0,0.04,2.12856,1.82616,0,1.64443,3.38688,9.16889e+06,3.61194e+06,1.95165e+07,0,0,0,5.98956e+07
85.139,85.139,9.26851,0.14,0.08,2.84603,3.14843,0,0.533306,4.47552,4.41193e+06,2.70226e+06,1.25565e+07,0,0,0,0,61.8279,61.308,8.07526,0,0.04,2.12868,1.82628,0,1.64452,3.38688,9.16889e+06,3.61194e+06,1.95176e+07,0,0,0,5.98956e+07
85.139,85.139,9.68846,0.17,0.08,2.84623,3.14863,0,0.533345,4.47552,4.41193e+06,2.70226e+06,1.25574e+07,0,0,0,0,62.3362,61.308,9.80915,0,0.04,2.1288,1.8264,0,1.64462,3.38688,9.16889e+06,3.61194e+06,1.95187e+07,0,0,0,5.98956e+07
85.139,85.139,6.80712,0.19,0.08,3.15357,3.45597,0,0.533384,4.47552,4.41193e+06,2.70226e+06,1.39133e+07,0,0,0,0,62.3362,61.308,5.85688,0,0.04,2.34368,2.04128,0,1.64471,3.38688,9.16889e+06,3.61194e+06,2.14889e+07,0,0,0,5.98956e+07
85.139,85.139,6.34933,0.21,0.08,3.1538,3.4562,0,0.590979,4.47552,4.41193e+06,2.70226e+06,1.39143e+07,0,0,0,0,62.3362,61.308,5.71192,0,0.04,2.34381,2.04141,0,1.81072,3.38688,9.16889e+06,3.61194e+06,2.14901e+07,0,0,0,5.98956e+07
85.139,85.139,5.80746,0.22,0.08,3.15403,3.45643,0,0.591022,4.47552,4.41193e+06,2.70226e+06,1.39153e+07,0,0,0,0,62.3362,61.308,4.90193,0,0.04,2.34395,2.04155,0,1.81083,3.38688,9.16889e+06,3.61194e+06,2.14914e+07,0,0,0,5.98956e+07
85.139,85.139,4.72497,0.24,0.08,3.15425,3.45665,0,0.591065,4.47552,4.41193e+06,2.70226e+06,1.39163e+07,0,0,0,0,62.3362,61.308,4.61235,0,0.04,2.34408,2.04168,0,1.81093,3.38688,9.16889e+06,3.61194e+06,2.14926e+07,0,0,0,5.98956e+07
85.139,85.139,5.6106,0.25,0.08,2.7163,3.0187,0,0.591107,4.47552,4.41193e+06,2.70226e+06,1.19841e+07,0,0,0,0,62.3362,61.308,5.57488,0,0.04,2.05593,1.75353,0,1.81104,3.38688,9.16889e+06,3.61194e+06,1.88506e+07,0,0,0,5.98956e+07
85.139,85.139,5.12159,0.26,0.08,2.7165,3.0189,0,0.509035,4.47552,4.41193e+06,2.70226e+06,1.1985e+07,0,0,0,0,62.3362,61.308,4.38042,0,0.04,2.05604,1.75364,0,1.58841,3.38688,9.16889e+06,3.61194e+06,1.88516e+07,0,0,0,5.98956e+07
85.139,85.139,4.49911,0.28,0.08,2.7167,3.0191,0,0.509072,4.47552,4.41193e+06,2.70226e+06,1.19859e+07,0,0,0,0,62.3362,61.308,4.35667,0,0.04,2.05616,1.75376,0,1.5885,3.38688,9.16889e+06,3.61194e+06,1.88527e+07,0,0,0,5.98956e+07
85.139,85.139,8.27643,0.3,0.08,2.7169,3.0193,0,0.509109,4.47552,4.41193e+06,2.70226e+06,1.19868e+07,0,0,0,0,62.3362,61.308,7.6212,0,0.04,2.05628,1.75388,0,1.58859,3.38688,9.16889e+06,3.61194e+06,1.88538e+07,0,0,0,5.98956e+07
85.139,85.139,7.80165,0.31,0.08,2.7171,3.0195,0,0.509147,4.47552,4.41193e+06,2.70226e+06,1.19876e+07,0,0,0,0,62.3362,61.308,6.81405,0,0.04,2.05639,1.75399,0,1.58868,3.38688,9.16889e+06,3.61194e+06,1.88548e+07,0,0,0,5.98956e+07
85.139,85.139,6.82214,0.34,0.08,2.82763,3.13003,0,0.509184,4.47552,4.41193e+06,2.70226e+06,1.24753e+07,0,0,0,0,62.3362,61.308,6.13548,0,0.04,2.12706,1.82466,0,1.58877,3.38688,9.16889e+06,3.61194e+06,1.95027e+07,0,0,0,5.98956e+07
85.139,85.139,5.666,0.33,0.08,2.82783,3.13023,0,0.529898,4.47552,4.41193e+06,2.70226e+06,1.24762e+07,0,0,0,0,62.3362,61.308,5.63301,0,0.04,2.12718,1.82478,0,1.64336,3.38688,9.16889e+06,3.61194e+06,1.95038e+07,0,0,0,5.98956e+07
85.139,85.139,6.51039,0.34,0.08,2.82804,3.13044,0,0.529936,4.47552,4.41193e+06,2.70226e+06,1.24771e+07,0,0,0,0,62.3362,61.308,5.90809,0,0.04,2.1273,1.8249,0,1.64346,3.38688,9.16889e+06,3.61194e+06,1.95049e+07,0,0,0,5.98956e+07
85.139,85.139,6.5109,0.32,0.08,2.82825,3.13065,0,0.529975,4.47552,4.41193e+06,2.70226e+06,1.2478e+07,0,0,0,0,62.3362,61.308,5.76392,0,0.04,2.12742,1.82502,0,1.64355,3.38688,9.16889e+06,3.61194e+06,1.9506e+07,0,0,0,5.98956e+07
85.139,85.139,5.68164,0.27,0.08,2.7853,3.0877,0,0.530013,4.47552,4.41193e+06,2.70226e+06,1.22886e+07,0,0,0,0,62.3362,61.308,5.48438,0,0.04,2.10013,1.79773,0,1.64364,3.38688,9.16889e+06,3.61194e+06,1.92558e+07,0,0,0,5.98956e+07
85.139,85.139,5.06594,0.26,0.08,2.78551,3.08791,0,0.521966,4.47552,4.41193e+06,2.70226e+06,1.22895e+07,0,0,0,0,62.3362,61.308,4.6519,0,0.04,2.10025,1.79785,0,1.62256,3.38688,9.16889e+06,3.61194e+06,1.92569e+07,0,0,0,5.98956e+07
85.139,85.139,4.76587,0.24,0.08,2.78571,3.08811,0,0.522004,4.47552,4.41193e+06,2.70226e+06,1.22903e+07,0,0,0,0,62.3362,61.308,3.91863,0,0.04,2.10037,1.79797,0,1.62265,3.38688,9.16889e+06,3.61194e+06,1.9258e+07,0,0,0,5.98956e+07
85.139,85.139,4.3765,0.21,0.08,2.78591,3.08831,0,0.522042,4.47552,4.41193e+06,2.70226e+06,1.22912e+07,0,0,0,0,62.3362,61.308,3.78041,0,0.04,2.10048,1.79808,0,1.62274,3.38688,9.16889e+06,3.61194e+06,1.92591e+07,0,0,0,5.98956e+07
85.139,85.139,4.15944,0.18,0.08,2.93263,3.23503,0,0.52208,4.47552,4.41193e+06,2.70226e+06,1.29385e+07,0,0,0,0,62.3362,61.308,3.64614,0,0.04,2.19782,1.89542,0,1.62283,3.38688,9.16889e+06,3.61194e+06,2.01516e+07,0,0,0,5.98956e+07
85.139,85.139,4.11302,0.16,0.08,2.93284,3.23524,0,0.549574,4.47552,4.41193e+06,2.70226e+06,1.29395e+07,0,0,0,0,62.3362,61.308,3.8532,0,0.04,2.19795,1.89555,0,1.69804,3.38688,9.16889e+06,3.61194e+06,2.01527e+07,0,0,0,5.98956e+07
85.139,85.139,3.94448,0.12,0.08,2.93305,3.23545,0,0.549614,4.47552,4.41193e+06,2.70226e+06,1.29404e+07,0,0,0,0,62.3362,61.308,3.94697,0,0.04,2.19807,1.89567,0,1.69813,3.38688,9.16889e+06,3.61194e+06,2.01539e+07,0,0,0,5.98956e+07
85.139,85.139,3.85465,0.13,0.08,2.93326,3.23566,0,0.549654,4.47552,4.41193e+06,2.70226e+06,1.29414e+07,0,0,0,0,62.3334,61.308,3.79696,0,0.04,2.1982,1.8958,0,1.69823,3.38688,9.16889e+06,3.61194e+06,2.0155e+07,0,0,0,5.98956e+07
85.139,85.139,3.80754,0.13,0.08,2.93348,3.23588,0,0.549694,4.47552,4.41193e+06,2.70226e+06,1.29423e+07,0,0,0,0,62.3214,61.308,3.67558,0,0.04,2.19832,1.89592,0,1.69833,3.38688,9.16889e+06,3.61194e+06,2.01562e+07,0,0,0,5.98956e+07
85.139,85.139,3.93177,0.12,0.08,2.90471,3.20711,0,0.549734,4.47552,4.41193e+06,2.70226e+06,1.28154e+07,0,0,0,0,62.219,61.308,3.08839,0,0.04,2.2519,1.9495,0,1.69842,3.38688,9.16889e+06,3.61194e+06,2.06474e+07,0,0,0,5.98956e+07
85.139,85.139,3.71921,0.12,0.08,2.90492,3.20732,0,0.544342,4.47552,4.41193e+06,2.70226e+06,1.28163e+07,0,0,0,0,62.0614,61.308,2.98232,0,0.04,2.25203,1.94963,0,1.73982,3.38688,9.16889e+06,3.61194e+06,2.06486e+07,0,0,0,5.98956e+07
85.139,85.139,3.50701,0.11,0.08,2.90513,3.20753,0,0.544382,4.47552,4.41193e+06,2.70226e+06,1.28172e+07,0,0,0,0,61.8174,61.308,2.81643,0,0.04,2.25216,1.94976,0,1.73992,3.38688,9.16889e+06,3.61194e+06,2.06498e+07,0,0,0,5.98956e+07
85.139,85.139,3.27115,0.11,0.08,2.90534,3.20774,0,0.544421,4.47552,4.41193e+06,2.70226e+06,1.28182e+07,0,0,0,0,61.5162,61.308,2.64558,0,0.04,2.25228,1.94988,0,1.74001,3.38688,9.16889e+06,3.61194e+06,2.06509e+07,0,0,0,5.98956e+07
85.1116,85.139,3.13362,0.11,0.08,2.98042,3.28282,0,0.544461,4.47552,4.41193e+06,2.70226e+06,1.31494e+07,0,0,0,0,61.1162,61.308,2.25336,0,0.04,2.30006,1.99766,0,1.74011,3.38688,9.16889e+06,3.61194e+06,2.1089e+07,0,0,0,5.98956e+07
84.8118,85.139,2.82951,0.14,0.08,2.98064,3.28304,0,0.558531,4.47552,4.41193e+06,2.70226e+06,1.31504e+07,0,0,0,0,60.6097,61.308,2.19295,0,0.04,2.30019,1.99779,0,1.77703,3.38688,9.16889e+06,3.61194e+06,2.10902e+07,0,0,0,5.98956e+07
84.3108,85.139,2.62086,0.13,0.08,2.98085,3.28325,0,0.558571,4.47552,4.41193e+06,2.70226e+06,1.31513e+07,0,0,0,0,60.0699,61.308,1.94921,0,0.04,2.30032,1.99792,0,1.77713,3.38688,9.16889e+06,3.61194e+06,2.10914e+07,0,0,0,5.98956e+07
83.8727,85.139,2.66954,0.13,0.08,2.98107,3.28347,0,0.558612,4.47552,4.41193e+06,2.70226e+06,1.31523e+07,0,0,0,0,59.577,61.308,2.20157,0,0.04,2.30046,1.99806,0,1.77723,3.38688,9.16889e+06,3.61194e+06,2.10926e+07,0,0,0,5.98956e+07
83.6219,85.139,3.04983,0.13,0.08,3.20059,3.50299,0,0.558652,4.47552,4.41193e+06,2.70226e+06,1.41208e+07,0,0,0,0,59.1036,61.308,2.13459,0,0.04,2.47262,2.17022,0,1.77733,3.38688,9.16889e+06,3.61194e+06,2.26712e+07,0,0,0,5.98956e+07
83.4178,85.139,3.11728,0.13,0.08,3.20082,3.50322,0,0.59979,4.47552,4.41193e+06,2.70226e+06,1.41218e+07,0,0,0,0,58.5909,61.308,1.79512,0,0.04,2.47277,2.17037,0,1.91035,3.38688,9.16889e+06,3.61194e+06,2.26725e+07,0,0,0,5.98956e+07
83.0316,85.139,2.93032,0.13,0.08,3.20105,3.50345,0,0.599833,4.47552,4.41193e+06,2.70226e+06,1.41228e+07,0,0,0,0,58.0818,61.308,2.59302,0,0.04,2.47291,2.17051,0,1.91046,3.38688,9.16889e+06,3.61194e+06,2.26738e+07,0,0,0,5.98956e+07
82.5006,85.139,2.78195,0.14,0.08,3.20128,3.50368,0,0.599877,4.47552,4.41193e+06,2.70226e+06,1.41238e+07,0,0,0,0,57.5566,61.308,2.57362,0,0.04,2.47305,2.17065,0,1.91057,3.38688,9.16889e+06,3.61194e+06,2.26751e+07,0,0,0,5.98956e+07
81.8517,85.139,2.6651,0.14,0.08,3.20151,3.50391,0,0.59992,4.47552,4.41193e+06,2.70226e+06,1.41248e+07,0,0,0,0,57.0323,61.308,2.43652,0,0.04,2.4732,2.1708,0,1.91068,3.38688,9.16889e+06,3.61194e+06,2.26764e+07,0,0,0,5.98956e+07
82.737,85.139,4.11428,0.16,0.08,3.09483,3.39723,0,0.599963,4.47552,4.41193e+06,2.70226e+06,1.36542e+07,0,0,0,0,56.7859,61.308,2.95438,0,0.04,2.36888,2.06648,0,1.91079,3.38688,9.16889e+06,3.61194e+06,2.172e+07,0,0,0,5.98956e+07
82.1742,85.139,2.75097,0.15,0.08,3.09505,3.39745,0,0.57997,4.47552,4.41193e+06,2.70226e+06,1.36551e+07,0,0,0,0,56.3345,61.308,2.30686,0,0.04,2.36902,2.06662,0,1.8302,3.38688,9.16889e+06,3.61194e+06,2.17213e+07,0,0,0,5.98956e+07
81.1607,85.139,2.20089,0.15,0.08,3.09527,3.39767,0,0.580012,4.47552,4.41193e+06,2.70226e+06,1.36561e+07,0,0,0,0,55.8416,61.308,1.69947,0,0.04,2.36916,2.06676,0,1.83031,3.38688,9.16889e+06,3.61194e+06,2.17225e+07,0,0,0,5.98956e+07
83.0995,85.139,5.2652,0.14,0.08,3.0955,3.3979,0,0.580054,4.47552,4.41193e+06,2.70226e+06,1.36571e+07,0,0,0,0,55.6066,61.308,3.5282,0,0.04,2.36929,2.06689,0,1.83041,3.38688,9.16889e+06,3.61194e+06,2.17238e+07,0,0,0,5.98956e+07
83.4365,85.139,3.69406,0.14,0.08,3.00794,3.31034,0,0.580096,4.47552,4.41193e+06,2.70226e+06,1.32708e+07,0,0,0,0,55.4955,61.308,3.06095,0,0.04,2.27433,1.97193,0,1.83052,3.38688,9.16889e+06,3.61194e+06,2.0853e+07,0,0,0,5.98956e+07
84.3949,85.139,4.34,0.14,0.08,3.00816,3.31056,0,0.563688,4.47552,4.41193e+06,2.70226e+06,1.32718e+07,0,0,0,0,55.278,61.308,2.5704,0,0.04,2.27446,1.97206,0,1.75714,3.38688,9.16889e+06,3.61194e+06,2.08542e+07,0,0,0,5.98956e+07
85.139,85.139,4.24759,0.15,0.08,3.00838,3.31078,0,0.563729,4.47552,4.41193e+06,2.70226e+06,1.32727e+07,0,0,0,0,54.9892,61.308,2.47611,0,0.04,2.27459,1.97219,0,1.75724,3.38688,9.16889e+06,3.61194e+06,2.08554e+07,0,0,0,5.98956e+07
85.139,85.139,4.50386,0.11,0.08,3.00859,3.31099,0,0.56377,4.47552,4.41193e+06,2.70226e+06,1.32737e+07,0,0,0,0,55.1863,61.308,3.69522,0,0.04,2.27472,1.97232,0,1.75734,3.38688,9.16889e+06,3.61194e+06,2.08566e+07,0,0,0,5.98956e+07
85.139,85.139,4.03681,0.11,0.08,2.75944,3.06184,0,0.56381,4.47552,4.41193e+06,2.70226e+06,1.21745e+07,0,0,0,0,54.9059,61.308,2.56548,0,0.04,2.07672,1.77432,0,1.75744,3.38688,9.16889e+06,3.61194e+06,1.90412e+07,0,0,0,5.98956e+07
85.139,85.139,5.58757,0.12,0.08,2.75964,3.06204,0,0.517119,4.47552,4.41193e+06,2.70226e+06,1.21753e+07,0,0,0,0,54.7373,61.308,3.12994,0,0.04,2.07684,1.77444,0,1.60447,3.38688,9.16889e+06,3.61194e+06,1.90423e+07,0,0,0,5.98956e+07
85.139,85.139,6.69847,0.13,0.08,2.75984,3.06224,0,0.517157,4.47552,4.41193e+06,2.70226e+06,1.21762e+07,0,0,0,0,54.5926,61.308,3.02949,0,0.04,2.07695,1.77455,0,1.60456,3.38688,9.16889e+06,3.61194e+06,1.90433e+07,0,0,0,5.98956e+07
85.139,85.139,5.37079,0.15,0.08,2.76004,3.06244,0,0.517195,4.47552,4.41193e+06,2.70226e+06,1.21771e+07,0,0,0,0,54.2852,61.308,1.98021,0,0.04,2.07707,1.77467,0,1.60465,3.38688,9.16889e+06,3.61194e+06,1.90444e+07,0,0,0,5.98956e+07
85.139,85.139,9.62234,0.14,0.08,2.76025,3.06265,0,0.517232,4.47552,4.41193e+06,2.70226e+06,1.2178e+07,0,0,0,0,54.4303,61.308,3.91349,0,0.04,2.07719,1.77479,0,1.60474,3.38688,9.16889e+06,3.61194e+06,1.90455e+07,0,0,0,5.98956e+07
85.139,85.139,8.80913,0.15,0.08,2.85639,3.15879,0,0.51727,4.47552,4.41193e+06,2.70226e+06,1.26022e+07,0,0,0,0,55.9988,61.308,7.74997,0,0.04,2.13469,1.83229,0,1.60483,3.38688,9.16889e+06,3.61194e+06,1.95727e+07,0,0,0,5.98956e+07
85.139,85.139,7.69918,0.18,1,2.85658,3.15898,0,0.535288,4.47552,4.41193e+06,2.70226e+06,1.2603e+07,0,0,0,0,57.8794,61.308,8.47067,0,0.04,2.1348,1.8324,0,1.64926,3.38688,9.16889e+06,3.61194e+06,1.95737e+07,0,0,0,5.98956e+07
85.139,85.139,7.62305,0.22,1,2.85677,3.15917,0,0.535323,4.47552,4.41193e+06,2.70226e+06,1.26038e+07,0,0,0,0,59.6031,61.308,8.3536,0,0.04,2.13491,1.83251,0,1.64934,3.38688,9.16889e+06,3.61194e+06,1.95747e+07,0,0,0,5.98956e+07
85.139,85.139,10.7988,0.27,1,2.85695,3.15935,0,0.535358,4.47552,4.41193e+06,2.70226e+06,1.26047e+07,0,0,0,0,61.1938,61.308,8.35314,0,0.04,2.13501,1.83261,0,1.64943,3.38688,9.16889e+06,3.61194e+06,1.95757e+07,0,0,0,5.98956e+07
85.139,85.139,7.33916,0.36,1,3.16531,3.46771,0,0.535393,4.47552,4.41193e+06,2.70226e+06,1.39651e+07,0,0,0,0,62.3362,61.308,7.2171,0,0.04,2.35061,2.04821,0,1.64951,3.38688,9.16889e+06,3.61194e+06,2.15525e+07,0,0,0,5.98956e+07
84.9408,85.139,3.44972,0.36,1,3.16552,3.46792,0,0.59318,4.47552,4.41193e+06,2.70226e+06,1.3966e+07,0,0,0,0,62.3362,61.308,7.34845,0,0.04,2.35073,2.04833,0,1.81608,3.38688,9.16889e+06,3.61194e+06,2.15536e+07,0,0,0,5.98956e+07
85.139,85.139,4.7912,0.46,1,2.87494,3.46812,0,0.593218,4.47552,4.41193e+06,3.62307e+06,1.2684e+07,0,0,0,0,62.3362,61.308,6.00992,0,0.04,2.1791,2.04845,0,1.81618,3.38688,9.16889e+06,4.84273e+06,1.99799e+07,0,0,0,5.98956e+07
85.139,85.139,6.81132,0.35,1,3.16593,3.46833,0,0.538764,4.47552,4.41193e+06,2.70226e+06,1.39679e+07,0,0,0,0,62.3362,61.308,8.83474,0,0.04,2.35098,2.04858,0,1.68357,3.38688,9.16889e+06,3.61194e+06,2.15558e+07,0,0,0,5.98956e+07
85.139,85.139,6.59784,0.36,1,2.72648,3.02888,0,0.593295,4.47552,4.41193e+06,2.70226e+06,1.2029e+07,0,0,0,0,62.3362,61.308,7.07828,0,0.04,2.06184,1.75944,0,1.81636,3.38688,9.16889e+06,3.61194e+06,1.89048e+07,0,0,0,5.98956e+07
85.139,85.139,5.20046,0.36,1,2.72666,3.02906,0,0.510942,4.47552,4.41193e+06,2.70226e+06,1.20298e+07,0,0,0,0,62.3362,61.308,4.65471,0,0.04,2.06194,1.75954,0,1.59298,3.38688,9.16889e+06,3.61194e+06,1.89057e+07,0,0,0,5.98956e+07
85.139,85.139,5.33024,0.36,1,2.72684,3.02924,0,0.510975,4.47552,4.41193e+06,2.70226e+06,1.20306e+07,0,0,0,0,62.3362,61.308,4.52647,0,0.04,2.06205,1.75965,0,1.59306,3.38688,9.16889e+06,3.61194e+06,1.89067e+07,0,0,0,5.98956e+07
85.139,85.139,7.11004,0.36,1,2.72701,3.02941,0,0.511009,4.47552,4.41193e+06,2.70226e+06,1.20314e+07,0,0,0,0,62.3362,61.308,6.86861,0,0.04,2.06215,1.75975,0,1.59314,3.38688,9.16889e+06,3.61194e+06,1.89076e+07,0,0,0,5.98956e+07
85.139,85.139,7.53073,0.35,1,2.72719,3.02959,0,0.511043,4.47552,4.41193e+06,2.70226e+06,1.20322e+07,0,0,0,0,62.3362,61.308,8.25761,0,0.04,2.06226,1.75986,0,1.59322,3.38688,9.16889e+06,3.61194e+06,1.89086e+07,0,0,0,5.98956e+07
85.139,85.139,3.68243,0.34,1,2.83808,3.14048,0,0.511076,4.47552,4.41193e+06,2.70226e+06,1.25214e+07,0,0,0,0,62.3362,61.308,3.91006,0,0.04,2.13315,1.83075,0,1.5933,3.38688,9.16889e+06,3.61194e+06,1.95586e+07,0,0,0,5.98956e+07
85.139,85.139,4.04096,0.32,1,2.83826,3.14066,0,0.531855,4.47552,4.41193e+06,2.70226e+06,1.25222e+07,0,0,0,0,62.3362,61.308,3.89909,0,0.04,2.13325,1.83085,0,1.64807,3.38688,9.16889e+06,3.61194e+06,1.95596e+07,0,0,0,5.98956e+07
85.0903,85.139,3.24029,0.33,1,2.83845,3.14085,0,0.53189,4.47552,4.41193e+06,2.70226e+06,1.2523e+07,0,0,0,0,62.3362,61.308,3.464,0,0.04,2.13336,1.83096,0,1.64815,3.38688,9.16889e+06,3.61194e+06,1.95606e+07,0,0,0,5.98956e+07
85.139,85.139,3.18112,0.46,1,2.57527,3.14103,0,0.531925,4.47552,4.41193e+06,3.62307e+06,1.13619e+07,0,0,0,0,62.3362,61.308,3.58895,0,0.04,1.97994,1.83107,0,1.64824,3.38688,9.16889e+06,4.84273e+06,1.81539e+07,0,0,0,5.98956e+07
85.139,85.139,3.29231,0.25,1,2.79553,3.09793,0,0.482606,4.47552,4.41193e+06,2.70226e+06,1.23337e+07,0,0,0,0,62.3362,61.308,2.85173,0,0.04,2.10608,1.80368,0,1.5297,3.38688,9.16889e+06,3.61194e+06,1.93104e+07,0,0,0,5.98956e+07
84.8376,85.139,2.88718,0.24,1,2.79571,3.09811,0,0.523882,4.47552,4.41193e+06,2.70226e+06,1.23345e+07,0,0,0,0,62.3362,61.308,3.07452,0,0.04,2.10619,1.80379,0,1.62716,3.38688,9.16889e+06,3.61194e+06,1.93114e+07,0,0,0,5.98956e+07
84.3701,85.139,2.70792,0.37,1,2.79589,3.09829,0,0.523916,4.47552,4.41193e+06,2.70226e+06,1.23353e+07,0,0,0,0,62.3362,61.308,2.54547,0,0.04,2.10629,1.80389,0,1.62724,3.38688,9.16889e+06,3.61194e+06,1.93124e+07,0,0,0,5.98956e+07
84.3908,85.139,3.18047,0.33,1,2.79608,3.09848,0,0.52395,4.47552,4.41193e+06,2.70226e+06,1.23361e+07,0,0,0,0,62.3362,61.308,2.62232,0,0.04,2.1064,1.804,0,1.62732,3.38688,9.16889e+06,3.61194e+06,1.93134e+07,0,0,0,5.98956e+07
83.7398,85.139,2.55558,0.29,1,2.94325,3.24565,0,0.523985,4.47552,4.41193e+06,2.70226e+06,1.29854e+07,0,0,0,0,62.3141,61.308,2.85811,0,0.04,2.20405,1.90165,0,1.62741,3.38688,9.16889e+06,3.61194e+06,2.02087e+07,0,0,0,5.98956e+07
83.2917,85.139,2.73914,0.25,1,2.94344,3.24584,0,0.551565,4.47552,4.41193e+06,2.70226e+06,1.29863e+07,0,0,0,0,62.1915,61.308,2.71009,0,0.04,2.20416,1.90176,0,1.70285,3.38688,9.16889e+06,3.61194e+06,2.02097e+07,0,0,0,5.98956e+07
82.6004,85.139,2.48678,0.21,1,2.94364,3.24604,0,0.551601,4.47552,4.41193e+06,2.70226e+06,1.29871e+07,0,0,0,0,61.9584,61.308,2.18428,0,0.04,2.20427,1.90187,0,1.70293,3.38688,9.16889e+06,3.61194e+06,2.02107e+07,0,0,0,5.98956e+07
81.6565,85.139,2.20912,0.19,1,2.94383,3.24623,0,0.551637,4.47552,4.41193e+06,2.70226e+06,1.2988e+07,0,0,0,0,61.7538,61.308,1.91777,0,0.04,2.20439,1.90199,0,1.70302,3.38688,9.16889e+06,3.61194e+06,2.02118e+07,0,0,0,5.98956e+07
80.5527,85.139,2.00853,0.16,1,2.94402,3.24642,0,0.551673,4.47552,4.41193e+06,2.70226e+06,1.29888e+07,0,0,0,0,61.5315,61.308,2.09663,0,0.04,2.2045,1.9021,0,1.70311,3.38688,9.16889e+06,3.61194e+06,2.02128e+07,0,0,0,5.98956e+07
79.5151,85.139,1.98641,0.13,1,2.91513,3.21753,0,0.551709,4.47552,4.41193e+06,2.70226e+06,1.28614e+07,0,0,0,0,61.2887,61.308,2.61147,0,0.04,2.25824,1.95584,0,1.7032,3.38688,9.16889e+06,3.61194e+06,2.07055e+07,0,0,0,5.98956e+07
78.3575,85.139,1.85817,0.13,1,2.91532,3.21772,0,0.546296,4.47552,4.41193e+06,2.70226e+06,1.28622e+07,0,0,0,0,61.0201,61.308,2.50701,0,0.04,2.25835,1.95595,0,1.74471,3.38688,9.16889e+06,3.61194e+06,2.07066e+07,0,0,0,5.98956e+07
77.0431,85.139,1.69185,0.17,1,2.91552,3.21792,0,0.546332,4.47552,4.41193e+06,2.70226e+06,1.2863e+07,0,0,0,0,60.7234,61.308,2.38581,0,0.04,2.25847,1.95607,0,1.7448,3.38688,9.16889e+06,3.61194e+06,2.07076e+07,0,0,0,5.98956e+07
75.6007,85.139,1.53713,0.17,1,2.91571,3.21811,0,0.546368,4.47552,4.41193e+06,2.70226e+06,1.28639e+07,0,0,0,0,60.3831,61.308,2.18317,0,0.04,2.25858,1.95618,0,1.74489,3.38688,9.16889e+06,3.61194e+06,2.07087e+07,0,0,0,5.98956e+07
73.9935,85.139,1.3967,0.18,1,2.99101,3.29341,0,0.546403,4.47552,4.41193e+06,2.70226e+06,1.31961e+07,0,0,0,0,59.9928,61.308,2.00247,0,0.04,2.3065,2.0041,0,1.74498,3.38688,9.16889e+06,3.61194e+06,2.11481e+07,0,0,0,5.98956e+07
72.4226,85.139,1.45079,0.18,1,2.9912,3.2936,0,0.560514,4.47552,4.41193e+06,2.70226e+06,1.3197e+07,0,0,0,0,59.6387,61.308,2.16969,0,0.04,2.30662,2.00422,0,1.782,3.38688,9.16889e+06,3.61194e+06,2.11491e+07,0,0,0,5.98956e+07
70.7733,85.139,1.33842,0.21,1,2.9914,3.2938,0,0.560551,4.47552,4.41193e+06,2.70226e+06,1.31978e+07,0,0,0,0,59.2156,61.308,2.07994,0,0.04,2.30674,2.00434,0,1.7821,3.38688,9.16889e+06,3.61194e+06,2.11502e+07,0,0,0,5.98956e+07
69.0239,85.139,1.21824,0.22,1,2.99159,3.29399,0,0.560587,4.47552,4.41193e+06,2.70226e+06,1.31987e+07,0,0,0,0,58.7605,61.308,1.80616,0,0.04,2.30686,2.00446,0,1.78219,3.38688,9.16889e+06,3.61194e+06,2.11513e+07,0,0,0,5.98956e+07
67.1882,85.139,1.28561,0.21,1,3.21179,3.51419,0,0.560624,4.47552,4.41193e+06,2.70226e+06,1.41702e+07,0,0,0,0,58.3771,61.308,2.33487,0,0.04,2.47956,2.17716,0,1.78228,3.38688,9.16889e+06,3.61194e+06,2.27348e+07,0,0,0,5.98956e+07
65.0568,85.139,0.961644,0.23,1,3.212,3.5144,0,0.601889,4.47552,4.41193e+06,2.70226e+06,1.41711e+07,0,0,0,0,57.8533,61.308,1.96018,0,0.04,2.47969,2.17729,0,1.91571,3.38688,9.16889e+06,3.61194e+06,2.2736e+07,0,0,0,5.98956e+07
63.0046,85.139,1.01513,0.23,1,3.21221,3.51461,0,0.601928,4.47552,4.41193e+06,2.70226e+06,1.4172e+07,0,0,0,0,57.327,61.308,1.93294,0,0.04,2.47982,2.17742,0,1.91581,3.38688,9.16889e+06,3.61194e+06,2.27372e+07,0,0,0,5.98956e+07
61.4431,85.139,1.52212,0.24,1,3.21241,3.51481,0,0.601967,4.47552,4.41193e+06,2.70226e+06,1.41729e+07,0,0,0,0,56.883,61.308,2.31201,0,0.04,2.47995,2.17755,0,1.91591,3.38688,9.16889e+06,3.61194e+06,2.27384e+07,0,0,0,5.98956e+07
60.4699,85.139,2.13376,0.26,1,3.21262,3.51502,0,0.602006,4.47552,4.41193e+06,2.70226e+06,1.41739e+07,0,0,0,0,56.5887,61.308,2.53847,0,0.04,2.48008,2.17768,0,1.91601,3.38688,9.16889e+06,3.61194e+06,2.27396e+07,0,0,0,5.98956e+07
58.6238,85.139,1.08363,0.26,1,3.10558,3.40798,0,0.602045,4.47552,4.41193e+06,2.70226e+06,1.37016e+07,0,0,0,0,56.1997,61.308,2.68154,0,0.04,2.37542,2.07302,0,1.91611,3.38688,9.16889e+06,3.61194e+06,2.178e+07,0,0,0,5.98956e+07
56.6509,85.139,0.9348,0.26,1,3.10578,3.40818,0,0.581985,4.47552,4.41193e+06,2.70226e+06,1.37025e+07,0,0,0,0,55.4885,61.308,1.49147,0,0.04,2.37555,2.07315,0,1.83525,3.38688,9.16889e+06,3.61194e+06,2.17811e+07,0,0,0,5.98956e+07
54.7262,85.139,0.97096,0.27,1,3.10598,3.40838,0,0.582023,4.47552,4.41193e+06,2.70226e+06,1.37034e+07,0,0,0,0,54.9085,61.308,1.44352,0,0.04,2.37567,2.07327,0,1.83535,3.38688,9.16889e+06,3.61194e+06,2.17822e+07,0,0,0,5.98956e+07
54.4891,85.139,2.82246,0.28,1,3.10618,3.40858,0,0.582061,4.47552,4.41193e+06,2.70226e+06,1.37043e+07,0,0,0,0,54.8601,61.308,2.49131,0,0.04,2.37579,2.07339,0,1.83544,3.38688,9.16889e+06,3.61194e+06,2.17834e+07,0,0,0,5.98956e+07
53.5627,85.139,2.01061,0.29,1,3.01833,3.32073,0,0.582099,4.47552,4.41193e+06,2.70226e+06,1.33166e+07,0,0,0,0,53.9187,61.308,1.90368,0,0.04,2.28051,1.97811,0,1.83554,3.38688,9.16889e+06,3.61194e+06,2.09098e+07,0,0,0,5.98956e+07
52.0864,85.139,1.41665,0.29,1,3.01852,3.32092,0,0.565635,4.47552,4.41193e+06,2.70226e+06,1.33175e+07,0,0,0,0,53.2273,61.308,0.90441,0,0.04,2.28063,1.97823,0,1.76192,3.38688,9.16889e+06,3.61194e+06,2.09108e+07,0,0,0,5.98956e+07
50.8618,85.139,1.65338,0.29,1,3.01872,3.32112,0,0.565671,4.47552,4.41193e+06,2.70226e+06,1.33184e+07,0,0,0,0,52.7159,61.308,2.02653,0,0.04,2.28075,1.97835,0,1.76201,3.38688,9.16889e+06,3.61194e+06,2.09119e+07,0,0,0,5.98956e+07
52.5235,85.139,4.4288,0.4,1,2.74044,3.32132,0,0.565708,4.47552,4.41193e+06,3.62307e+06,1.20906e+07,0,0,0,0,52.5847,61.308,4.00146,0,0.04,2.11498,1.97846,0,1.76211,3.38688,9.16889e+06,4.84273e+06,1.9392e+07,0,0,0,5.98956e+07
52.843,85.139,3.1126,0.34,1,2.76897,3.07137,0,0.513559,4.47552,4.41193e+06,2.70226e+06,1.22165e+07,0,0,0,0,52.2405,61.308,1.66728,0,0.04,2.08224,1.77984,0,1.63403,3.38688,9.16889e+06,3.61194e+06,1.90918e+07,0,0,0,5.98956e+07
53.6977,85.139,3.7059,0.38,1,2.76915,3.07155,0,0.518904,4.47552,4.41193e+06,2.70226e+06,1.22173e+07,0,0,0,0,52.0849,61.308,2.65508,0,0.04,2.08235,1.77995,0,1.60874,3.38688,9.16889e+06,3.61194e+06,1.90928e+07,0,0,0,5.98956e+07
54.5334,85.139,3.54831,0.44,1,2.51178,3.07173,0,0.518938,4.47552,4.41193e+06,3.62307e+06,1.10818e+07,0,0,0,0,51.9479,61.308,2.61946,0,0.04,1.9332,1.78005,0,1.60882,3.38688,9.16889e+06,4.84273e+06,1.77253e+07,0,0,0,5.98956e+07
56.7203,85.139,4.8686,0.45,1,2.51195,3.07191,0,0.470708,4.47552,4.41193e+06,3.62307e+06,1.10825e+07,0,0,0,0,51.9334,61.308,3.39002,0,0.04,1.9333,1.78016,0,1.49359,3.38688,9.16889e+06,4.84273e+06,1.77262e+07,0,0,0,5.98956e+07
58.6226,85.139,4.77656,0.49,1,2.51211,3.07209,0,0.470739,4.47552,4.41193e+06,3.62307e+06,1.10833e+07,0,0,0,0,51.9551,61.308,3.67894,0,0.04,1.9334,1.78026,0,1.49367,3.38688,9.16889e+06,4.84273e+06,1.77271e+07,0,0,0,5.98956e+07
59.4356,85.139,3.69286,0.45,1,2.60045,3.16851,0,0.47077,4.47552,4.41193e+06,3.62307e+06,1.1473e+07,0,0,0,0,51.9635,61.308,3.37285,0,0.04,1.98623,1.83793,0,1.49374,3.38688,9.16889e+06,4.84273e+06,1.82115e+07,0,0,0,5.98956e+07
59.386,85.139,2.79786,0.51,1,2.6006,3.16868,0,0.487324,4.47552,4.41193e+06,3.62307e+06,1.14737e+07,0,0,0,0,52.1682,61.308,3.67549,0,0.04,1.98632,1.83803,0,1.53456,3.38688,9.16889e+06,4.84273e+06,1.82123e+07,0,0,0,5.98956e+07
59.2102,85.139,2.6755,0.55,1,2.60075,3.16885,0,0.487353,4.47552,4.41193e+06,3.62307e+06,1.14743e+07,0,0,0,0,52.4456,61.308,4.03259,0,0.04,1.9864,1.83812,0,1.53463,3.38688,9.16889e+06,4.84273e+06,1.82131e+07,0,0,0,5.98956e+07
58.8055,85.139,2.37943,0.56,1,2.60091,3.16901,0,0.487381,4.47552,4.41193e+06,3.62307e+06,1.1475e+07,0,0,0,0,52.5497,61.308,3.30197,0,0.04,1.98649,1.83822,0,1.5347,3.38688,9.16889e+06,4.84273e+06,1.82139e+07,0,0,0,5.98956e+07
60.0554,85.139,4.41211,0.57,1,2.88426,3.4783,0,0.48741,4.47552,4.41193e+06,3.62307e+06,1.27251e+07,0,0,0,0,53.8254,61.308,6.52203,0,0.04,2.18461,2.05446,0,1.53476,3.38688,9.16889e+06,4.84273e+06,2.00304e+07,0,0,0,5.98956e+07
65.1861,85.139,8.66667,0.61,1,2.88442,3.47848,0,0.54051,4.47552,4.41193e+06,3.62307e+06,1.27259e+07,0,0,0,0,55.798,61.308,9.07879,0,0.04,2.1847,2.05457,0,1.68783,3.38688,9.16889e+06,4.84273e+06,2.00313e+07,0,0,0,5.98956e+07
67.9216,85.139,6.29468,0.54,1,2.88459,3.47866,0,0.540541,4.47552,4.41193e+06,3.62307e+06,1.27266e+07,0,0,0,0,57.2637,61.308,7.00046,0,0.04,2.1848,2.05468,0,1.6879,3.38688,9.16889e+06,4.84273e+06,2.00322e+07,0,0,0,5.98956e+07
68.5925,85.139,3.99046,0.54,1,2.88476,3.47884,0,0.540573,4.47552,4.41193e+06,3.62307e+06,1.27274e+07,0,0,0,0,57.9514,61.308,4.44178,0,0.04,2.1849,2.05479,0,1.68798,3.38688,9.16889e+06,4.84273e+06,2.00331e+07,0,0,0,5.98956e+07
69.3987,85.139,3.75783,0.5,1,2.48091,3.03804,0,0.540604,4.47552,4.41193e+06,3.62307e+06,1.09456e+07,0,0,0,0,58.6236,61.308,4.57364,0,0.04,1.9192,1.76476,0,1.68806,3.38688,9.16889e+06,4.84273e+06,1.75969e+07,0,0,0,5.98956e+07
69.4999,85.139,3.0333,0.54,1,2.48106,3.0382,0,0.464923,4.47552,4.41193e+06,3.62307e+06,1.09463e+07,0,0,0,0,58.8802,61.308,3.99916,0,0.04,1.91928,1.76485,0,1.48277,3.38688,9.16889e+06,4.84273e+06,1.75977e+07,0,0,0,5.98956e+07
69.1017,85.139,2.48405,0.61,1,2.48121,3.03836,0,0.464951,4.47552,4.41193e+06,3.62307e+06,1.09469e+07,0,0,0,0,59.2172,61.308,4.56258,0,0.04,1.91937,1.76495,0,1.48284,3.38688,9.16889e+06,4.84273e+06,1.75984e+07,0,0,0,5.98956e+07
70.0612,85.139,3.89172,0.65,1,2.48135,3.03852,0,0.464978,4.47552,4.41193e+06,3.62307e+06,1.09476e+07,0,0,0,0,59.6487,61.308,4.21072,0,0.04,1.91945,1.76504,0,1.4829,3.38688,9.16889e+06,4.84273e+06,1.75992e+07,0,0,0,5.98956e+07
69.6946,85.139,2.52248,0.66,1,2.4815,3.03868,0,0.465005,4.47552,4.41193e+06,3.62307e+06,1.09482e+07,0,0,0,0,59.9629,61.308,3.93406,0,0.04,1.91954,1.76513,0,1.48297,3.38688,9.16889e+06,4.84273e+06,1.76e+07,0,0,0,5.98956e+07
70.0117,85.139,3.43835,0.7,1,2.58337,3.14987,0,0.465033,4.47552,4.41193e+06,3.62307e+06,1.13976e+07,0,0,0,0,60.4015,61.308,5.31178,0,0.04,1.98466,1.83622,0,1.48303,3.38688,9.16889e+06,4.84273e+06,1.81972e+07,0,0,0,5.98956e+07
70.354,85.139,3.40947,0.7,1,2.58352,3.15004,0,0.484123,4.47552,4.41193e+06,3.62307e+06,1.13983e+07,0,0,0,0,60.8496,61.308,5.63644,0,0.04,1.98475,1.83632,0,1.53335,3.38688,9.16889e+06,4.84273e+06,1.8198e+07,0,0,0,5.98956e+07
70.7606,85.139,3.43507,0.71,1,2.58367,3.1502,0,0.484152,4.47552,4.41193e+06,3.62307e+06,1.1399e+07,0,0,0,0,61.3363,61.308,5.48267,0,0.04,1.98484,1.83641,0,1.53342,3.38688,9.16889e+06,4.84273e+06,1.81988e+07,0,0,0,5.98956e+07
71.0375,85.139,3.27352,0.72,1,2.58382,3.15037,0,0.48418,4.47552,4.41193e+06,3.62307e+06,1.13996e+07,0,0,0,0,61.8164,61.308,5.46816,0,0.04,1.98493,1.83651,0,1.53349,3.38688,9.16889e+06,4.84273e+06,1.81996e+07,0,0,0,5.98956e+07
71.2148,85.139,3.13354,0.71,1,2.54419,3.10711,0,0.484209,4.47552,4.41193e+06,3.62307e+06,1.12248e+07,0,0,0,0,62.1514,61.308,5.68951,0,0.04,1.95975,1.80903,0,1.53356,3.38688,9.16889e+06,4.84273e+06,1.79687e+07,0,0,0,5.98956e+07
70.9231,85.139,2.62181,0.69,1,2.54434,3.10727,0,0.476782,4.47552,4.41193e+06,3.62307e+06,1.12255e+07,0,0,0,0,62.3362,61.308,5.11684,0,0.04,1.95984,1.80912,0,1.5141,3.38688,9.16889e+06,4.84273e+06,1.79695e+07,0,0,0,5.98956e+07
70.3079,85.139,2.22322,0.67,1,2.54449,3.10744,0,0.47681,4.47552,4.41193e+06,3.62307e+06,1.12261e+07,0,0,0,0,62.3362,61.308,4.28037,0,0.04,1.95992,1.80922,0,1.51417,3.38688,9.16889e+06,4.84273e+06,1.79703e+07,0,0,0,5.98956e+07
69.4845,85.139,1.95523,0.66,1,2.54464,3.1076,0,0.476838,4.47552,4.41193e+06,3.62307e+06,1.12268e+07,0,0,0,0,62.3131,61.308,3.89286,0,0.04,1.96001,1.80931,0,1.51424,3.38688,9.16889e+06,4.84273e+06,1.79711e+07,0,0,0,5.98956e+07
68.4148,85.139,1.80599,0.64,1,2.67986,3.25519,0,0.476866,4.47552,4.41193e+06,3.62307e+06,1.18233e+07,0,0,0,0,62.1968,61.308,3.61605,0,0.04,2.04972,1.90724,0,1.5143,3.38688,9.16889e+06,4.84273e+06,1.87937e+07,0,0,0,5.98956e+07
67.3838,85.139,1.81559,0.59,1,2.68001,3.25536,0,0.502205,4.47552,4.41193e+06,3.62307e+06,1.1824e+07,0,0,0,0,62.0039,61.308,3.45947,0,0.04,2.04981,1.90734,0,1.58362,3.38688,9.16889e+06,4.84273e+06,1.87945e+07,0,0,0,5.98956e+07
66.263,85.139,1.687,0.66,1,2.68017,3.25553,0,0.502234,4.47552,4.41193e+06,3.62307e+06,1.18247e+07,0,0,0,0,61.7548,61.308,3.10961,0,0.04,2.04991,1.90744,0,1.58369,3.38688,9.16889e+06,4.84273e+06,1.87954e+07,0,0,0,5.98956e+07
65.07,85.139,1.58304,0.63,1,2.68033,3.2557,0,0.502264,4.47552,4.41193e+06,3.62307e+06,1.18254e+07,0,0,0,0,61.5145,61.308,3.40568,0,0.04,2.05,1.90754,0,1.58376,3.38688,9.16889e+06,4.84273e+06,1.87962e+07,0,0,0,5.98956e+07
63.8286,85.139,1.51576,0.59,1,2.68048,3.25587,0,0.502293,4.47552,4.41193e+06,3.62307e+06,1.18261e+07,0,0,0,0,61.2341,61.308,3.25735,0,0.04,2.05009,1.90764,0,1.58383,3.38688,9.16889e+06,4.84273e+06,1.8797e+07,0,0,0,5.98956e+07
63.0229,85.139,1.90221,0.48,1,2.65392,3.22688,0,0.502322,4.47552,4.41193e+06,3.62307e+06,1.17089e+07,0,0,0,0,60.9377,61.308,2.74728,0,0.04,2.09945,1.96152,0,1.5839,3.38688,9.16889e+06,4.84273e+06,1.92497e+07,0,0,0,5.98956e+07
62.1532,85.139,1.82313,0.47,1,2.65408,3.22705,0,0.497345,4.47552,4.41193e+06,3.62307e+06,1.17096e+07,0,0,0,0,60.6516,61.308,2.86097,0,0.04,2.09955,1.96162,0,1.62204,3.38688,9.16889e+06,4.84273e+06,1.92505e+07,0,0,0,5.98956e+07
61.2655,85.139,1.78984,0.54,1,2.65423,3.22722,0,0.497374,4.47552,4.41193e+06,3.62307e+06,1.17103e+07,0,0,0,0,60.3379,61.308,2.8708,0,0.04,2.09964,1.96172,0,1.62211,3.38688,9.16889e+06,4.84273e+06,1.92514e+07,0,0,0,5.98956e+07
60.3209,85.139,1.70281,0.51,1,2.65439,3.22739,0,0.497403,4.47552,4.41193e+06,3.62307e+06,1.1711e+07,0,0,0,0,59.9789,61.308,2.773,0,0.04,2.09974,1.96183,0,1.62218,3.38688,9.16889e+06,4.84273e+06,1.92523e+07,0,0,0,5.98956e+07
59.1215,85.139,1.46509,0.43,1,2.72355,3.30288,0,0.497432,4.47552,4.41193e+06,3.62307e+06,1.20161e+07,0,0,0,0,59.4711,61.308,2.16787,0,0.04,2.14375,2.00987,0,1.62226,3.38688,9.16889e+06,4.84273e+06,1.96558e+07,0,0,0,5.98956e+07
57.9537,85.139,1.72613,0.38,1,3.00066,3.30306,0,0.510394,4.47552,4.41193e+06,2.70226e+06,1.32387e+07,0,0,0,0,59.0324,61.308,2.35744,0,0.04,2.31238,2.00998,0,1.65626,3.38688,9.16889e+06,3.61194e+06,2.12019e+07,0,0,0,5.98956e+07
56.6555,85.139,1.55858,0.33,1,3.00083,3.30323,0,0.562323,4.47552,4.41193e+06,2.70226e+06,1.32395e+07,0,0,0,0,58.4984,61.308,2.30032,0,0.04,2.31248,2.01008,0,1.78654,3.38688,9.16889e+06,3.61194e+06,2.12029e+07,0,0,0,5.98956e+07
55.2411,85.139,1.41973,0.38,1,3.00101,3.30341,0,0.562356,4.47552,4.41193e+06,2.70226e+06,1.32402e+07,0,0,0,0,57.9343,61.308,1.98122,0,0.04,2.31259,2.01019,0,1.78662,3.38688,9.16889e+06,3.61194e+06,2.12039e+07,0,0,0,5.98956e+07
53.7927,85.139,1.52879,0.36,1,3.22181,3.52421,0,0.562388,4.47552,4.41193e+06,2.70226e+06,1.42144e+07,0,0,0,0,57.4214,61.308,2.40337,0,0.04,2.48577,2.18337,0,1.78671,3.38688,9.16889e+06,3.61194e+06,2.27918e+07,0,0,0,5.98956e+07
52.3737,85.139,1.53821,0.33,1,3.222,3.5244,0,0.603767,4.47552,4.41193e+06,2.70226e+06,1.42152e+07,0,0,0,0,56.7929,61.308,1.92308,0,0.04,2.48589,2.18349,0,1.92051,3.38688,9.16889e+06,3.61194e+06,2.27928e+07,0,0,0,5.98956e+07
50.7983,85.139,1.38266,0.33,1,3.22218,3.52458,0,0.603802,4.47552,4.41193e+06,2.70226e+06,1.4216e+07,0,0,0,0,56.1524,61.308,1.84092,0,0.04,2.486,2.1836,0,1.9206,3.38688,9.16889e+06,3.61194e+06,2.27939e+07,0,0,0,5.98956e+07
49.2755,85.139,1.39568,0.34,1,3.22237,3.52477,0,0.603837,4.47552,4.41193e+06,2.70226e+06,1.42169e+07,0,0,0,0,55.5669,61.308,1.97817,0,0.04,2.48612,2.18372,0,1.92068,3.38688,9.16889e+06,3.61194e+06,2.27949e+07,0,0,0,5.98956e+07
47.7896,85.139,1.40875,0.33,1,3.22255,3.52495,0,0.603872,4.47552,4.41193e+06,2.70226e+06,1.42177e+07,0,0,0,0,54.9924,61.308,2.36266,0,0.04,2.48623,2.18383,0,1.92077,3.38688,9.16889e+06,3.61194e+06,2.2796e+07,0,0,0,5.98956e+07
45.6141,85.139,0.577874,0.34,1,3.11518,3.41758,0,0.603906,4.47552,4.41193e+06,2.70226e+06,1.3744e+07,0,0,0,0,53.8977,61.308,1.59496,0,0.04,2.38127,2.07887,0,1.92086,3.38688,9.16889e+06,3.61194e+06,2.18336e+07,0,0,0,5.98956e+07
43.3131,85.139,0.441705,0.32,1,3.11536,3.41776,0,0.583785,4.47552,4.41193e+06,2.70226e+06,1.37448e+07,0,0,0,0,52.5764,61.308,0.914577,0,0.04,2.38138,2.07898,0,1.83977,3.38688,9.16889e+06,3.61194e+06,2.18346e+07,0,0,0,5.98956e+07
41.2235,85.139,0.368901,0.42,1,2.82896,3.41794,0,0.583819,4.47552,4.41193e+06,3.62307e+06,1.24812e+07,0,0,0,0,51.4061,61.308,0.811911,0,0.04,2.20716,2.07909,0,1.83985,3.38688,9.16889e+06,4.84273e+06,2.02372e+07,0,0,0,5.98956e+07
39.3658,85.139,0.682273,0.43,1,2.82913,3.41812,0,0.530148,4.47552,4.41193e+06,3.62307e+06,1.24819e+07,0,0,0,0,50.5677,61.308,1.05725,0,0.04,2.20726,2.07919,0,1.70525,3.38688,9.16889e+06,4.84273e+06,2.02382e+07,0,0,0,5.98956e+07
37.9525,85.139,1.11247,0.55,1,2.74839,3.33,0,0.530179,4.47552,4.41193e+06,3.62307e+06,1.21257e+07,0,0,0,0,50.0549,61.308,1.3167,0,0.04,2.11972,1.98364,0,1.70533,3.38688,9.16889e+06,4.84273e+06,1.94354e+07,0,0,0,5.98956e+07
36.3968,85.139,0.980289,0.55,1,2.74855,3.33017,0,0.515049,4.47552,4.41193e+06,3.62307e+06,1.21264e+07,0,0,0,0,49.5536,61.308,1.61894,0,0.04,2.11981,1.98374,0,1.63769,3.38688,9.16889e+06,4.84273e+06,1.94363e+07,0,0,0,5.98956e+07
35.7012,85.139,1.8911,0.56,1,2.74871,3.33035,0,0.515079,4.47552,4.41193e+06,3.62307e+06,1.21271e+07,0,0,0,0,49.3231,61.308,2.64305,0,0.04,2.11991,1.98384,0,1.63777,3.38688,9.16889e+06,4.84273e+06,1.94372e+07,0,0,0,5.98956e+07
34.5716,85.139,1.40582,0.57,1,2.74887,3.33052,0,0.515109,4.47552,4.41193e+06,3.62307e+06,1.21278e+07,0,0,0,0,49.1232,61.308,2.87912,0,0.04,2.12,1.98395,0,1.63784,3.38688,9.16889e+06,4.84273e+06,1.94381e+07,0,0,0,5.98956e+07
34.3766,85.139,2.17846,0.59,1,2.51923,3.07986,0,0.515139,4.47552,4.41193e+06,3.62307e+06,1.11147e+07,0,0,0,0,49.1061,61.308,2.99748,0,0.04,1.93752,1.78476,0,1.63791,3.38688,9.16889e+06,4.84273e+06,1.77649e+07,0,0,0,5.98956e+07
37.1785,85.139,5.43002,0.61,1,2.51938,3.08002,0,0.472103,4.47552,4.41193e+06,3.62307e+06,1.11153e+07,0,0,0,0,49.7926,61.308,5.33358,0,0.04,1.9376,1.78486,0,1.49693,3.38688,9.16889e+06,4.84273e+06,1.77657e+07,0,0,0,5.98956e+07
39.8155,85.139,5.24017,0.63,1,2.51952,3.08018,0,0.472131,4.47552,4.41193e+06,3.62307e+06,1.1116e+07,0,0,0,0,50.4621,61.308,5.29739,0,0.04,1.93769,1.78495,0,1.49699,3.38688,9.16889e+06,4.84273e+06,1.77665e+07,0,0,0,5.98956e+07
42.6567,85.139,5.48174,0.59,1,2.51967,3.08034,0,0.472159,4.47552,4.41193e+06,3.62307e+06,1.11166e+07,0,0,0,0,51.1318,61.308,5.29946,0,0.04,1.93778,1.78504,0,1.49706,3.38688,9.16889e+06,4.84273e+06,1.77672e+07,0,0,0,5.98956e+07
45.2928,85.139,5.39235,0.64,1,2.51982,3.08051,0,0.472187,4.47552,4.41193e+06,3.62307e+06,1.11173e+07,0,0,0,0,52.1334,61.308,6.35975,0,0.04,1.93786,1.78514,0,1.49713,3.38688,9.16889e+06,4.84273e+06,1.7768e+07,0,0,0,5.98956e+07
47.0191,85.139,4.34499,0.65,1,2.51982,3.08051,0,0.472214,4.47552,4.41193e+06,3.62307e+06,1.11173e+07,0,0,0,0,52.4994,61.308,4.34874,0,0.04,1.93786,1.78514,0,1.49719,3.38688,9.16889e+06,4.84273e+06,1.7768e+07,0,0,0,5.98956e+07
49.245,85.139,4.9799,0.63,1,2.60838,3.17717,0,0.472214,4.47552,4.41193e+06,3.62307e+06,1.1508e+07,0,0,0,0,53.1448,61.308,5.39265,0,0.04,1.99083,1.84295,0,1.49719,3.38688,9.16889e+06,4.84273e+06,1.82537e+07,0,0,0,5.98956e+07
50.2346,85.139,3.73664,0.64,1,2.60851,3.17732,0,0.48881,4.47552,4.41193e+06,3.62307e+06,1.15086e+07,0,0,0,0,53.2422,61.308,3.45258,0,0.04,1.9909,1.84303,0,1.53811,3.38688,9.16889e+06,4.84273e+06,1.82544e+07,0,0,0,5.98956e+07
51.2892,85.139,3.86648,0.67,1,2.60865,3.17746,0,0.488835,4.47552,4.41193e+06,3.62307e+06,1.15092e+07,0,0,0,0,53.325,61.308,3.54694,0,0.04,1.99098,1.84312,0,1.53817,3.38688,9.16889e+06,4.84273e+06,1.82551e+07,0,0,0,5.98956e+07
53.0436,85.139,4.52947,0.63,1,2.60878,3.17761,0,0.488861,4.47552,4.41193e+06,3.62307e+06,1.15098e+07,0,0,0,0,53.4779,61.308,3.73031,0,0.04,1.99106,1.8432,0,1.53823,3.38688,9.16889e+06,4.84273e+06,1.82558e+07,0,0,0,5.98956e+07
54.7983,85.139,4.77228,0.64,1,2.89288,3.48771,0,0.488886,4.47552,4.41193e+06,3.62307e+06,1.27632e+07,0,0,0,0,53.9101,61.308,4.52464,0,0.04,2.1897,2.06002,0,1.53829,3.38688,9.16889e+06,4.84273e+06,2.00771e+07,0,0,0,5.98956e+07
56.6965,85.139,5.15279,0.67,1,2.89303,3.48787,0,0.542125,4.47552,4.41193e+06,3.62307e+06,1.27638e+07,0,0,0,0,54.2932,61.308,4.41078,0,0.04,2.18978,2.06012,0,1.69176,3.38688,9.16889e+06,4.84273e+06,2.00779e+07,0,0,0,5.98956e+07
57.1001,85.139,3.47992,0.7,1,2.89317,3.48803,0,0.542153,4.47552,4.41193e+06,3.62307e+06,1.27645e+07,0,0,0,0,54.0701,61.308,2.95159,0,0.04,2.18987,2.06021,0,1.69183,3.38688,9.16889e+06,4.84273e+06,2.00787e+07,0,0,0,5.98956e+07
58.4007,85.139,4.41129,0.67,1,2.89332,3.48819,0,0.54218,4.47552,4.41193e+06,3.62307e+06,1.27651e+07,0,0,0,0,54.0381,61.308,3.85217,0,0.04,2.18996,2.0603,0,1.69189,3.38688,9.16889e+06,4.84273e+06,2.00795e+07,0,0,0,5.98956e+07
60.7882,85.139,5.29151,0.72,1,2.48837,3.04618,0,0.542208,4.47552,4.41193e+06,3.62307e+06,1.09785e+07,0,0,0,0,54.4828,61.308,4.42864,0,0.04,1.92353,1.76949,0,1.69196,3.38688,9.16889e+06,4.84273e+06,1.76366e+07,0,0,0,5.98956e+07
64.1585,85.139,6.38048,0.73,1,2.4885,3.04632,0,0.466321,4.47552,4.41193e+06,3.62307e+06,1.09791e+07,0,0,0,0,54.9735,61.308,4.63499,0,0.04,1.9236,1.76957,0,1.48612,3.38688,9.16889e+06,4.84273e+06,1.76373e+07,0,0,0,5.98956e+07
66.908,85.139,5.7535,0.71,1,2.48863,3.04646,0,0.466345,4.47552,4.41193e+06,3.62307e+06,1.09796e+07,0,0,0,0,55.3035,61.308,4.73848,0,0.04,1.92368,1.76965,0,1.48617,3.38688,9.16889e+06,4.84273e+06,1.7638e+07,0,0,0,5.98956e+07
69.5747,85.139,5.69419,0.73,1,2.48876,3.0466,0,0.466369,4.47552,4.41193e+06,3.62307e+06,1.09802e+07,0,0,0,0,55.9123,61.308,5.22641,0,0.04,1.92375,1.76973,0,1.48623,3.38688,9.16889e+06,4.84273e+06,1.76386e+07,0,0,0,5.98956e+07
75.3941,85.139,9.02131,0.69,1,2.48888,3.04674,0,0.466393,4.47552,4.41193e+06,3.62307e+06,1.09808e+07,0,0,0,0,57.4699,61.308,7.19715,0,0.04,1.92382,1.76982,0,1.48629,3.38688,9.16889e+06,4.84273e+06,1.76393e+07,0,0,0,5.98956e+07
79.3592,85.139,7.16614,0.6,1,2.591,3.1582,0,0.466417,4.47552,4.41193e+06,3.62307e+06,1.14313e+07,0,0,0,0,58.5769,61.308,5.63558,0,0.04,1.98911,1.84108,0,1.48635,3.38688,9.16889e+06,4.84273e+06,1.8238e+07,0,0,0,5.98956e+07
81.9012,85.139,5.68141,0.61,1,2.59114,3.15835,0,0.485554,4.47552,4.41193e+06,3.62307e+06,1.14319e+07,0,0,0,0,59.2571,61.308,4.40421,0,0.04,1.98919,1.84117,0,1.53679,3.38688,9.16889e+06,4.84273e+06,1.82387e+07,0,0,0,5.98956e+07
83.9307,85.139,5.12444,0.47,1,2.59127,3.15849,0,0.485579,4.47552,4.41193e+06,3.62307e+06,1.14325e+07,0,0,0,0,59.6973,61.308,3.94108,0,0.04,1.98927,1.84125,0,1.53685,3.38688,9.16889e+06,4.84273e+06,1.82394e+07,0,0,0,5.98956e+07
85.139,85.139,4.74234,0.45,1,2.5914,3.15864,0,0.485604,4.47552,4.41193e+06,3.62307e+06,1.14331e+07,0,0,0,0,59.8536,61.308,3.43844,0,0.04,1.98935,1.84133,0,1.53691,3.38688,9.16889e+06,4.84273e+06,1.82401e+07,0,0,0,5.98956e+07
85.139,85.139,4.34622,0.27,1,2.81285,3.11525,0,0.485629,4.47552,4.41193e+06,2.70226e+06,1.24101e+07,0,0,0,0,59.9502,61.308,3.45046,0,0.04,2.11617,1.81377,0,1.53697,3.38688,9.16889e+06,3.61194e+06,1.94029e+07,0,0,0,5.98956e+07
85.139,85.139,4.42004,0.26,1,2.81299,3.11539,0,0.527128,4.47552,4.41193e+06,2.70226e+06,1.24107e+07,0,0,0,0,59.914,61.308,2.87685,0,0.04,2.11625,1.81385,0,1.63495,3.38688,9.16889e+06,3.61194e+06,1.94037e+07,0,0,0,5.98956e+07
85.139,85.139,4.52447,0.23,1,2.81314,3.11554,0,0.527155,4.47552,4.41193e+06,2.70226e+06,1.24114e+07,0,0,0,0,59.8452,61.308,2.94947,0,0.04,2.11633,1.81393,0,1.63502,3.38688,9.16889e+06,3.61194e+06,1.94044e+07,0,0,0,5.98956e+07
85.139,85.139,3.60311,0.2,1,2.81328,3.11568,0,0.527182,4.47552,4.41193e+06,2.70226e+06,1.2412e+07,0,0,0,0,59.7137,61.308,2.75831,0,0.04,2.11642,1.81402,0,1.63508,3.38688,9.16889e+06,3.61194e+06,1.94052e+07,0,0,0,5.98956e+07
85.139,85.139,3.4062,0.18,1,2.96123,3.26363,0,0.527209,4.47552,4.41193e+06,2.70226e+06,1.30647e+07,0,0,0,0,59.5306,61.308,2.49316,0,0.04,2.21458,1.91218,0,1.63514,3.38688,9.16889e+06,3.61194e+06,2.03052e+07,0,0,0,5.98956e+07
85.139,85.139,3.29613,0.16,1,2.96138,3.26378,0,0.554934,4.47552,4.41193e+06,2.70226e+06,1.30654e+07,0,0,0,0,59.3798,61.308,2.45882,0,0.04,2.21467,1.91227,0,1.71099,3.38688,9.16889e+06,3.61194e+06,2.0306e+07,0,0,0,5.98956e+07
85.0213,85.139,3.08696,0.14,1,2.96153,3.26393,0,0.554962,4.47552,4.41193e+06,2.70226e+06,1.30661e+07,0,0,0,0,59.1748,61.308,2.24503,0,0.04,2.21476,1.91236,0,1.71105,3.38688,9.16889e+06,3.61194e+06,2.03069e+07,0,0,0,5.98956e+07
84.7897,85.139,2.91228,0.19,1,2.96168,3.26408,0,0.55499,4.47552,4.41193e+06,2.70226e+06,1.30667e+07,0,0,0,0,58.8979,61.308,2.27491,0,0.04,2.21484,1.91244,0,1.71112,3.38688,9.16889e+06,3.61194e+06,2.03077e+07,0,0,0,5.98956e+07
84.3869,85.139,2.70091,0.16,1,2.96183,3.26423,0,0.555019,4.47552,4.41193e+06,2.70226e+06,1.30674e+07,0,0,0,0,58.5625,61.308,2.41554,0,0.04,2.21493,1.91253,0,1.71119,3.38688,9.16889e+06,3.61194e+06,2.03085e+07,0,0,0,5.98956e+07
83.7494,85.139,2.44056,0.16,1,2.93274,3.23514,0,0.555047,4.47552,4.41193e+06,2.70226e+06,1.2939e+07,0,0,0,0,58.1942,61.308,2.34984,0,0.04,2.26894,1.96654,0,1.71126,3.38688,9.16889e+06,3.61194e+06,2.08036e+07,0,0,0,5.98956e+07
82.912,85.139,2.24135,0.14,1,2.93289,3.23529,0,0.549596,4.47552,4.41193e+06,2.70226e+06,1.29397e+07,0,0,0,0,57.7845,61.308,2.18741,0,0.04,2.26903,1.96663,0,1.75298,3.38688,9.16889e+06,3.61194e+06,2.08045e+07,0,0,0,5.98956e+07
81.9752,85.139,2.11725,0.14,1,2.93304,3.23544,0,0.549624,4.47552,4.41193e+06,2.70226e+06,1.29404e+07,0,0,0,0,57.378,61.308,2.20472,0,0.04,2.26912,1.96672,0,1.75305,3.38688,9.16889e+06,3.61194e+06,2.08053e+07,0,0,0,5.98956e+07
80.9224,85.139,1.97631,0.13,1,2.93319,3.23559,0,0.549652,4.47552,4.41193e+06,2.70226e+06,1.2941e+07,0,0,0,0,56.8729,61.308,1.92976,0,0.04,2.26921,1.96681,0,1.75312,3.38688,9.16889e+06,3.61194e+06,2.08061e+07,0,0,0,5.98956e+07
79.6473,85.139,1.79556,0.13,1,3.00885,3.31125,0,0.549679,4.47552,4.41193e+06,2.70226e+06,1.32748e+07,0,0,0,0,56.3056,61.308,1.76049,0,0.04,2.31736,2.01496,0,1.75319,3.38688,9.16889e+06,3.61194e+06,2.12476e+07,0,0,0,5.98956e+07
78.2092,85.139,1.61894,0.13,1,3.00901,3.31141,0,0.563859,4.47552,4.41193e+06,2.70226e+06,1.32755e+07,0,0,0,0,55.6688,61.308,1.69278,0,0.04,2.31746,2.01506,0,1.79039,3.38688,9.16889e+06,3.61194e+06,2.12485e+07,0,0,0,5.98956e+07
76.6429,85.139,1.4758,0.18,1,3.00916,3.31156,0,0.563888,4.47552,4.41193e+06,2.70226e+06,1.32762e+07,0,0,0,0,55.0053,61.308,1.55214,0,0.04,2.31755,2.01515,0,1.79047,3.38688,9.16889e+06,3.61194e+06,2.12493e+07,0,0,0,5.98956e+07
74.9142,85.139,1.28414,0.18,1,3.00931,3.31171,0,0.563916,4.47552,4.41193e+06,2.70226e+06,1.32769e+07,0,0,0,0,54.1625,61.308,1.53743,0,0.04,2.31764,2.01524,0,1.79054,3.38688,9.16889e+06,3.61194e+06,2.12502e+07,0,0,0,5.98956e+07
73.2074,85.139,1.47382,0.18,1,3.23065,3.53305,0,0.563945,4.47552,4.41193e+06,2.70226e+06,1.42534e+07,0,0,0,0,53.4589,61.308,1.28415,0,0.04,2.49125,2.18885,0,1.79061,3.38688,9.16889e+06,3.61194e+06,2.2842e+07,0,0,0,5.98956e+07
71.6842,85.139,1.65707,0.23,1,3.23081,3.53321,0,0.605423,4.47552,4.41193e+06,2.70226e+06,1.42541e+07,0,0,0,0,52.5028,61.308,1.60562,0,0.04,2.49135,2.18895,0,1.92474,3.38688,9.16889e+06,3.61194e+06,2.28429e+07,0,0,0,5.98956e+07
69.8436,85.139,1.32943,0.22,1,3.23097,3.53337,0,0.605454,4.47552,4.41193e+06,2.70226e+06,1.42548e+07,0,0,0,0,51.7737,61.308,1.15462,0,0.04,2.49145,2.18905,0,1.92481,3.38688,9.16889e+06,3.61194e+06,2.28438e+07,0,0,0,5.98956e+07
68.3158,85.139,1.61603,0.22,1,3.23113,3.53353,0,0.605484,4.47552,4.41193e+06,2.70226e+06,1.42555e+07,0,0,0,0,51.1504,61.308,2.03131,0,0.04,2.49155,2.18915,0,1.92489,3.38688,9.16889e+06,3.61194e+06,2.28447e+07,0,0,0,5.98956e+07
66.3113,85.139,1.16078,0.22,1,3.2313,3.5337,0,0.605515,4.47552,4.41193e+06,2.70226e+06,1.42563e+07,0,0,0,0,50.4665,61.308,1.4296,0,0.04,2.49165,2.18925,0,1.92497,3.38688,9.16889e+06,3.61194e+06,2.28456e+07,0,0,0,5.98956e+07
64.4896,85.139,1.26854,0.26,1,3.12364,3.42604,0,0.605545,4.47552,4.41193e+06,2.70226e+06,1.37813e+07,0,0,0,0,49.8893,61.308,2.01213,0,0.04,2.38641,2.08401,0,1.92505,3.38688,9.16889e+06,3.61194e+06,2.18807e+07,0,0,0,5.98956e+07
62.6289,85.139,1.2195,0.26,1,3.1238,3.4262,0,0.58537,4.47552,4.41193e+06,2.70226e+06,1.3782e+07,0,0,0,0,49.3038,61.308,1.89918,0,0.04,2.38651,2.08411,0,1.84374,3.38688,9.16889e+06,3.61194e+06,2.18816e+07,0,0,0,5.98956e+07
60.9352,85.139,1.41151,0.25,1,3.12395,3.42635,0,0.585399,4.47552,4.41193e+06,2.70226e+06,1.37827e+07,0,0,0,0,48.8264,61.308,2.35719,0,0.04,2.3866,2.0842,0,1.84381,3.38688,9.16889e+06,3.61194e+06,2.18825e+07,0,0,0,5.98956e+07
59.3574,85.139,1.56304,0.29,1,3.12411,3.42651,0,0.585429,4.47552,4.41193e+06,2.70226e+06,1.37834e+07,0,0,0,0,48.3078,61.308,1.81308,0,0.04,2.3867,2.0843,0,1.84389,3.38688,9.16889e+06,3.61194e+06,2.18834e+07,0,0,0,5.98956e+07
58.8492,85.139,2.56368,0.29,1,3.03575,3.33815,0,0.585458,4.47552,4.41193e+06,2.70226e+06,1.33935e+07,0,0,0,0,47.8724,61.308,1.89587,0,0.04,2.29089,1.98849,0,1.84396,3.38688,9.16889e+06,3.61194e+06,2.10049e+07,0,0,0,5.98956e+07
59.7749,85.139,4.03729,0.29,1,3.0359,3.3383,0,0.568899,4.47552,4.41193e+06,2.70226e+06,1.33942e+07,0,0,0,0,47.8864,61.308,3.40451,0,0.04,2.29098,1.98858,0,1.76994,3.38688,9.16889e+06,3.61194e+06,2.10058e+07,0,0,0,5.98956e+07
59.3074,85.139,2.60185,0.29,1,3.03606,3.33846,0,0.568928,4.47552,4.41193e+06,2.70226e+06,1.33949e+07,0,0,0,0,47.6818,61.308,2.84839,0,0.04,2.29107,1.98867,0,1.77001,3.38688,9.16889e+06,3.61194e+06,2.10066e+07,0,0,0,5.98956e+07
61.1628,85.139,5.16111,0.29,1,3.03621,3.33861,0,0.568957,4.47552,4.41193e+06,2.70226e+06,1.33955e+07,0,0,0,0,47.5498,61.308,3.06975,0,0.04,2.29117,1.98877,0,1.77008,3.38688,9.16889e+06,3.61194e+06,2.10074e+07,0,0,0,5.98956e+07
60.9489,85.139,2.72846,0.31,1,2.78492,3.08732,0,0.568986,4.47552,4.41193e+06,2.70226e+06,1.22869e+07,0,0,0,0,47.0778,61.308,2.08656,0,0.04,2.09148,1.78908,0,1.77015,3.38688,9.16889e+06,3.61194e+06,1.91766e+07,0,0,0,5.98956e+07
60.4645,85.139,2.49395,0.37,1,2.78506,3.08746,0,0.521893,4.47552,4.41193e+06,2.70226e+06,1.22875e+07,0,0,0,0,46.6831,61.308,2.34685,0,0.04,2.09157,1.78917,0,1.61588,3.38688,9.16889e+06,3.61194e+06,1.91773e+07,0,0,0,5.98956e+07
59.561,85.139,2.07225,0.38,1,2.7852,3.0876,0,0.52192,4.47552,4.41193e+06,2.70226e+06,1.22881e+07,0,0,0,0,46.2661,61.308,2.4309,0,0.04,2.09165,1.78925,0,1.61594,3.38688,9.16889e+06,3.61194e+06,1.91781e+07,0,0,0,5.98956e+07
59.9177,85.139,3.20378,0.41,1,2.52645,3.08774,0,0.521947,4.47552,4.41193e+06,3.62307e+06,1.11465e+07,0,0,0,0,46.5859,61.308,5.17144,0,0.04,1.9417,1.78933,0,1.61601,3.38688,9.16889e+06,4.84273e+06,1.78033e+07,0,0,0,5.98956e+07
62.8662,85.139,6.03368,0.46,1,2.52658,3.08788,0,0.473457,4.47552,4.41193e+06,3.62307e+06,1.11471e+07,0,0,0,0,46.4743,61.308,3.36497,0,0.04,1.94178,1.78941,0,1.50016,3.38688,9.16889e+06,4.84273e+06,1.78039e+07,0,0,0,5.98956e+07
65.7731,85.139,6.09768,0.4,1,2.61533,3.18476,0,0.473481,4.47552,4.41193e+06,3.62307e+06,1.15387e+07,0,0,0,0,46.4216,61.308,3.67368,0,0.04,1.99486,1.84735,0,1.50022,3.38688,9.16889e+06,4.84273e+06,1.82906e+07,0,0,0,5.98956e+07
70.989,85.139,8.59798,0.43,1,2.61545,3.18488,0,0.490113,4.47552,4.41193e+06,3.62307e+06,1.15392e+07,0,0,0,0,46.4911,61.308,4.43875,0,0.04,1.99493,1.84742,0,1.54123,3.38688,9.16889e+06,4.84273e+06,1.82913e+07,0,0,0,5.98956e+07
73.659,85.139,5.99036,0.36,1,2.88261,3.18501,0,0.490135,4.47552,4.41193e+06,2.70226e+06,1.27179e+07,0,0,0,0,46.4476,61.308,3.6453,0,0.04,2.1499,1.8475,0,1.54128,3.38688,9.16889e+06,3.61194e+06,1.97122e+07,0,0,0,5.98956e+07
77.2172,85.139,6.76428,0.4,1,2.61568,3.18514,0,0.540201,4.47552,4.41193e+06,3.62307e+06,1.15402e+07,0,0,0,0,46.5851,61.308,4.27082,0,0.04,1.99506,1.84757,0,1.66101,3.38688,9.16889e+06,4.84273e+06,1.82925e+07,0,0,0,5.98956e+07
80.693,85.139,7.32815,0.36,1,3.19355,3.49595,0,0.490178,4.47552,4.41193e+06,2.70226e+06,1.40897e+07,0,0,0,0,46.7748,61.308,3.87426,0,0.04,2.36729,2.06489,0,1.54138,3.38688,9.16889e+06,3.61194e+06,2.17054e+07,0,0,0,5.98956e+07
85.139,85.139,8.54274,0.3,1,3.19368,3.49608,0,0.59847,4.47552,4.41193e+06,2.70226e+06,1.40903e+07,0,0,0,0,47.1533,61.308,4.69683,0,0.04,2.36737,2.06497,0,1.82897,3.38688,9.16889e+06,3.61194e+06,2.17061e+07,0,0,0,5.98956e+07
85.139,85.139,6.91228,0.24,1,3.19382,3.49622,0,0.598496,4.47552,4.41193e+06,2.70226e+06,1.40909e+07,0,0,0,0,47.3171,61.308,3.61358,0,0.04,2.36745,2.06505,0,1.82903,3.38688,9.16889e+06,3.61194e+06,2.17069e+07,0,0,0,5.98956e+07
85.139,85.139,7.10015,0.25,1,3.19396,3.49636,0,0.598522,4.47552,4.41193e+06,2.70226e+06,1.40915e+07,0,0,0,0,47.5108,61.308,4.08898,0,0.04,2.36753,2.06513,0,1.82909,3.38688,9.16889e+06,3.61194e+06,2.17076e+07,0,0,0,5.98956e+07
85.139,85.139,6.00798,0.24,1,2.75089,3.05329,0,0.598548,4.47552,4.41193e+06,2.70226e+06,1.21368e+07,0,0,0,0,48.0451,61.308,4.65044,0,0.04,2.07602,1.77362,0,1.82916,3.38688,9.16889e+06,3.61194e+06,1.90348e+07,0,0,0,5.98956e+07
85.139,85.139,6.97569,0.27,1,2.75102,3.05342,0,0.515518,4.47552,4.41193e+06,2.70226e+06,1.21373e+07,0,0,0,0,48.6062,61.308,5.11682,0,0.04,2.07609,1.77369,0,1.60394,3.38688,9.16889e+06,3.61194e+06,1.90355e+07,0,0,0,5.98956e+07
85.139,85.139,7.95092,0.27,1,2.75114,3.05354,0,0.51554,4.47552,4.41193e+06,2.70226e+06,1.21378e+07,0,0,0,0,49.2583,61.308,5.2937,0,0.04,2.07616,1.77376,0,1.60399,3.38688,9.16889e+06,3.61194e+06,1.90361e+07,0,0,0,5.98956e+07
85.139,85.139,11.4596,0.3,1,2.75126,3.05366,0,0.515563,4.47552,4.41193e+06,2.70226e+06,1.21383e+07,0,0,0,0,50.2997,61.308,6.22228,0,0.04,2.07623,1.77383,0,1.60404,3.38688,9.16889e+06,3.61194e+06,1.90368e+07,0,0,0,5.98956e+07
85.139,85.139,7.12543,0.34,1,2.75138,3.05378,0,0.515586,4.47552,4.41193e+06,2.70226e+06,1.21389e+07,0,0,0,0,51.0096,61.308,5.01664,0,0.04,2.0763,1.7739,0,1.6041,3.38688,9.16889e+06,3.61194e+06,1.90374e+07,0,0,0,5.98956e+07
85.139,85.139,6.58338,0.35,1,2.86308,3.16548,0,0.515608,4.47552,4.41193e+06,2.70226e+06,1.26317e+07,0,0,0,0,51.9533,61.308,4.96389,0,0.04,2.14772,1.84532,0,1.60415,3.38688,9.16889e+06,3.61194e+06,1.96922e+07,0,0,0,5.98956e+07
85.139,85.139,4.63358,0.36,1,2.86321,3.16561,0,0.536541,4.47552,4.41193e+06,2.70226e+06,1.26323e+07,0,0,0,0,52.0495,61.308,2.99347,0,0.04,2.1478,1.8454,0,1.65933,3.38688,9.16889e+06,3.61194e+06,1.96929e+07,0,0,0,5.98956e+07
85.139,85.139,4.23524,0.34,1,2.86333,3.16573,0,0.536565,4.47552,4.41193e+06,2.70226e+06,1.26328e+07,0,0,0,0,52.2264,61.308,3.14284,0,0.04,2.14787,1.84547,0,1.65939,3.38688,9.16889e+06,3.61194e+06,1.96936e+07,0,0,0,5.98956e+07
85.139,85.139,3.77343,0.3,1,2.86346,3.16586,0,0.536588,4.47552,4.41193e+06,2.70226e+06,1.26334e+07,0,0,0,0,52.0601,61.308,2.80627,0,0.04,2.14794,1.84554,0,1.65944,3.38688,9.16889e+06,3.61194e+06,1.96942e+07,0,0,0,5.98956e+07
84.9419,85.139,3.01528,0.28,1,2.81995,3.12235,0,0.536612,4.47552,4.41193e+06,2.70226e+06,1.24414e+07,0,0,0,0,51.4625,61.308,2.00498,0,0.04,2.1203,1.8179,0,1.6595,3.38688,9.16889e+06,3.61194e+06,1.94408e+07,0,0,0,5.98956e+07
84.6767,85.139,2.69379,0.4,1,2.55827,3.12247,0,0.528458,4.47552,4.41193e+06,3.62307e+06,1.12869e+07,0,0,0,0,50.8578,61.308,1.76244,0,0.04,1.96794,1.81797,0,1.63814,3.38688,9.16889e+06,4.84273e+06,1.80438e+07,0,0,0,5.98956e+07
84.0233,85.139,2.49535,0.36,1,2.82019,3.12259,0,0.479419,4.47552,4.41193e+06,2.70226e+06,1.24425e+07,0,0,0,0,50.4154,61.308,1.66282,0,0.04,2.12044,1.81804,0,1.52043,3.38688,9.16889e+06,3.61194e+06,1.94421e+07,0,0,0,5.98956e+07
83.2902,85.139,2.38768,0.32,1,2.82032,3.12272,0,0.528504,4.47552,4.41193e+06,2.70226e+06,1.2443e+07,0,0,0,0,49.673,61.308,1.84462,0,0.04,2.12051,1.81811,0,1.63825,3.38688,9.16889e+06,3.61194e+06,1.94428e+07,0,0,0,5.98956e+07
82.2493,85.139,2.15614,0.29,1,2.96858,3.27098,0,0.528527,4.47552,4.41193e+06,2.70226e+06,1.30972e+07,0,0,0,0,48.7833,61.308,1.43127,0,0.04,2.21889,1.91649,0,1.63831,3.38688,9.16889e+06,3.61194e+06,2.03447e+07,0,0,0,5.98956e+07
81.0714,85.139,1.96675,0.25,1,2.96871,3.27111,0,0.556312,4.47552,4.41193e+06,2.70226e+06,1.30977e+07,0,0,0,0,47.9709,61.308,1.42744,0,0.04,2.21896,1.91656,0,1.71431,3.38688,9.16889e+06,3.61194e+06,2.03454e+07,0,0,0,5.98956e+07
79.865,85.139,1.92488,0.22,1,2.96884,3.27124,0,0.556336,4.47552,4.41193e+06,2.70226e+06,1.30983e+07,0,0,0,0,47.1236,61.308,1.44276,0,0.04,2.21904,1.91664,0,1.71437,3.38688,9.16889e+06,3.61194e+06,2.03461e+07,0,0,0,5.98956e+07
78.547,85.139,1.79675,0.19,1,2.96897,3.27137,0,0.55636,4.47552,4.41193e+06,2.70226e+06,1.30989e+07,0,0,0,0,46.3962,61.308,1.33268,0,0.04,2.21911,1.91671,0,1.71443,3.38688,9.16889e+06,3.61194e+06,2.03468e+07,0,0,0,5.98956e+07
77.2054,85.139,1.76515,0.25,1,2.9691,3.2715,0,0.556384,4.47552,4.41193e+06,2.70226e+06,1.30994e+07,0,0,0,0,45.7088,61.308,1.48182,0,0.04,2.21919,1.91679,0,1.71449,3.38688,9.16889e+06,3.61194e+06,2.03475e+07,0,0,0,5.98956e+07
75.7684,85.139,1.63572,0.23,1,2.93992,3.24232,0,0.556409,4.47552,4.41193e+06,2.70226e+06,1.29707e+07,0,0,0,0,44.9525,61.308,1.50417,0,0.04,2.2733,1.9709,0,1.71455,3.38688,9.16889e+06,3.61194e+06,2.08437e+07,0,0,0,5.98956e+07
74.2133,85.139,1.48486,0.2,1,2.94005,3.24245,0,0.550942,4.47552,4.41193e+06,2.70226e+06,1.29713e+07,0,0,0,0,44.1801,61.308,1.37691,0,0.04,2.27338,1.97098,0,1.75636,3.38688,9.16889e+06,3.61194e+06,2.08444e+07,0,0,0,5.98956e+07
72.6275,85.139,1.40352,0.2,1,2.94018,3.24258,0,0.550966,4.47552,4.41193e+06,2.70226e+06,1.29719e+07,0,0,0,0,43.2375,61.308,1.36683,0,0.04,2.27346,1.97106,0,1.75642,3.38688,9.16889e+06,3.61194e+06,2.08451e+07,0,0,0,5.98956e+07
70.8536,85.139,1.19425,0.26,1,2.94031,3.24271,0,0.55099,4.47552,4.41193e+06,2.70226e+06,1.29724e+07,0,0,0,0,42.1959,61.308,1.24912,0,0.04,2.27354,1.97114,0,1.75648,3.38688,9.16889e+06,3.61194e+06,2.08458e+07,0,0,0,5.98956e+07
68.9878,85.139,1.17017,0.25,1,3.01612,3.31852,0,0.551014,4.47552,4.41193e+06,2.70226e+06,1.33069e+07,0,0,0,0,41.2827,61.308,1.23713,0,0.04,2.32178,2.01938,0,1.75654,3.38688,9.16889e+06,3.61194e+06,2.12882e+07,0,0,0,5.98956e+07
67.0659,85.139,1.0797,0.24,1,3.01625,3.31865,0,0.56522,4.47552,4.41193e+06,2.70226e+06,1.33075e+07,0,0,0,0,40.2428,61.308,1.255,0,0.04,2.32186,2.01946,0,1.79381,3.38688,9.16889e+06,3.61194e+06,2.12889e+07,0,0,0,5.98956e+07
65.0875,85.139,1.00165,0.26,1,3.01638,3.31878,0,0.565245,4.47552,4.41193e+06,2.70226e+06,1.33081e+07,0,0,0,0,39.2901,61.308,1.11869,0,0.04,2.32194,2.01954,0,1.79387,3.38688,9.16889e+06,3.61194e+06,2.12896e+07,0,0,0,5.98956e+07
63.1526,85.139,1.01715,0.27,1,3.01651,3.31891,0,0.56527,4.47552,4.41193e+06,2.70226e+06,1.33086e+07,0,0,0,0,38.2567,61.308,1.26205,0,0.04,2.32202,2.01962,0,1.79393,3.38688,9.16889e+06,3.61194e+06,2.12904e+07,0,0,0,5.98956e+07
60.8516,85.139,0.802338,0.25,1,3.23831,3.54071,0,0.565294,4.47552,4.41193e+06,2.70226e+06,1.42872e+07,0,0,0,0,37.3351,61.308,1.09735,0,0.04,2.49599,2.19359,0,1.794,3.38688,9.16889e+06,3.61194e+06,2.28855e+07,0,0,0,5.98956e+07
58.6104,85.139,0.847209,0.3,1,3.23845,3.54085,0,0.606859,4.47552,4.41193e+06,2.70226e+06,1.42878e+07,0,0,0,0,36.2471,61.308,1.29541,0,0.04,2.49608,2.19368,0,1.9284,3.38688,9.16889e+06,3.61194e+06,2.28863e+07,0,0,0,5.98956e+07
56.2393,85.139,0.697437,0.28,1,3.23859,3.54099,0,0.606885,4.47552,4.41193e+06,2.70226e+06,1.42884e+07,0,0,0,0,35.5482,61.308,0.972767,0,0.04,2.49616,2.19376,0,1.92847,3.38688,9.16889e+06,3.61194e+06,2.28871e+07,0,0,0,5.98956e+07
54.0306,85.139,0.815923,0.3,1,3.23873,3.54113,0,0.606911,4.47552,4.41193e+06,2.70226e+06,1.4289e+07,0,0,0,0,34.5491,61.308,1.59996,0,0.04,2.49625,2.19385,0,1.92854,3.38688,9.16889e+06,3.61194e+06,2.28878e+07,0,0,0,5.98956e+07
51.6771,85.139,0.604331,0.3,1,3.23887,3.54127,0,0.606937,4.47552,4.41193e+06,2.70226e+06,1.42896e+07,0,0,0,0,33.4723,61.308,0.982794,0,0.04,2.49634,2.19394,0,1.9286,3.38688,9.16889e+06,3.61194e+06,2.28886e+07,0,0,0,5.98956e+07
49.6543,85.139,0.797802,0.29,1,3.13095,3.43335,0,0.606964,4.47552,4.41193e+06,2.70226e+06,1.38135e+07,0,0,0,0,32.8657,61.308,1.06138,0,0.04,2.39086,2.08846,0,1.92867,3.38688,9.16889e+06,3.61194e+06,2.19215e+07,0,0,0,5.98956e+07
47.9442,85.139,1.12146,0.33,1,3.13109,3.43349,0,0.586741,4.47552,4.41193e+06,2.70226e+06,1.38141e+07,0,0,0,0,32.13,61.308,1.74298,0,0.04,2.39094,2.08854,0,1.84718,3.38688,9.16889e+06,3.61194e+06,2.19223e+07,0,0,0,5.98956e+07
46.097,85.139,0.990681,0.34,1,3.13123,3.43363,0,0.586766,4.47552,4.41193e+06,2.70226e+06,1.38147e+07,0,0,0,0,31.1658,61.308,1.26696,0,0.04,2.39103,2.08863,0,1.84724,3.38688,9.16889e+06,3.61194e+06,2.1923e+07,0,0,0,5.98956e+07
44.1973,85.139,0.954482,0.38,1,3.13136,3.43376,0,0.586792,4.47552,4.41193e+06,2.70226e+06,1.38153e+07,0,0,0,0,30.3712,61.308,1.08113,0,0.04,2.39111,2.08871,0,1.84731,3.38688,9.16889e+06,3.61194e+06,2.19238e+07,0,0,0,5.98956e+07
43.3213,85.139,1.65228,0.51,1,2.76231,3.34519,0,0.586817,4.47552,4.41193e+06,3.62307e+06,1.21871e+07,0,0,0,0,29.7745,61.308,1.30726,0,0.04,2.12801,1.99269,0,1.84737,3.38688,9.16889e+06,4.84273e+06,1.95115e+07,0,0,0,5.98956e+07
43.1623,85.139,2.40202,0.5,1,2.76243,3.34532,0,0.517658,4.47552,4.41193e+06,3.62307e+06,1.21877e+07,0,0,0,0,29.3486,61.308,2.08966,0,0.04,2.12808,1.99276,0,1.6441,3.38688,9.16889e+06,4.84273e+06,1.95121e+07,0,0,0,5.98956e+07
45.3032,85.139,4.76999,0.5,1,2.76256,3.34546,0,0.51768,4.47552,4.41193e+06,3.62307e+06,1.21882e+07,0,0,0,0,29.242,61.308,2.68358,0,0.04,2.12815,1.99284,0,1.64416,3.38688,9.16889e+06,4.84273e+06,1.95128e+07,0,0,0,5.98956e+07
47.5673,85.139,4.93762,0.52,1,2.76268,3.34559,0,0.517703,4.47552,4.41193e+06,3.62307e+06,1.21887e+07,0,0,0,0,28.9758,61.308,2.65254,0,0.04,2.12823,1.99292,0,1.64421,3.38688,9.16889e+06,4.84273e+06,1.95135e+07,0,0,0,5.98956e+07
48.0089,85.139,2.97437,0.46,1,2.53195,3.09375,0,0.517726,4.47552,4.41193e+06,3.62307e+06,1.11708e+07,0,0,0,0,28.5131,61.308,2.16819,0,0.04,1.94489,1.79281,0,1.64427,3.38688,9.16889e+06,4.84273e+06,1.78325e+07,0,0,0,5.98956e+07
48.7609,85.139,3.37484,0.47,1,2.53207,3.09387,0,0.474488,4.47552,4.41193e+06,3.62307e+06,1.11713e+07,0,0,0,0,28.1786,61.308,3.05289,0,0.04,1.94496,1.79288,0,1.50262,3.38688,9.16889e+06,4.84273e+06,1.78331e+07,0,0,0,5.98956e+07
49.0827,85.139,2.91761,0.49,1,2.53218,3.09399,0,0.474509,4.47552,4.41193e+06,3.62307e+06,1.11718e+07,0,0,0,0,27.7232,61.308,2.22374,0,0.04,1.94502,1.79295,0,1.50267,3.38688,9.16889e+06,4.84273e+06,1.78337e+07,0,0,0,5.98956e+07
49.4844,85.139,2.9809,0.52,1,2.53229,3.09412,0,0.47453,4.47552,4.41193e+06,3.62307e+06,1.11723e+07,0,0,0,0,27.3039,61.308,2.35909,0,0.04,1.94509,1.79302,0,1.50272,3.38688,9.16889e+06,4.84273e+06,1.78343e+07,0,0,0,5.98956e+07
50.1032,85.139,3.23131,0.57,1,2.5324,3.09424,0,0.474551,4.47552,4.41193e+06,3.62307e+06,1.11728e+07,0,0,0,0,26.9023,61.308,2.47475,0,0.04,1.94515,1.79309,0,1.50277,3.38688,9.16889e+06,4.84273e+06,1.78349e+07,0,0,0,5.98956e+07
49.2615,85.139,1.84648,0.6,1,2.62132,3.19129,0,0.474572,4.47552,4.41193e+06,3.62307e+06,1.15651e+07,0,0,0,0,26.4226,61.308,1.70346,0,0.04,1.99833,1.85114,0,1.50282,3.38688,9.16889e+06,4.84273e+06,1.83225e+07,0,0,0,5.98956e+07
50.4855,85.139,3.90706,0.64,1,2.62141,3.1914,0,0.491235,4.47552,4.41193e+06,3.62307e+06,1.15655e+07,0,0,0,0,26.0372,61.308,2.19435,0,0.04,1.99839,1.8512,0,1.54391,3.38688,9.16889e+06,4.84273e+06,1.8323e+07,0,0,0,5.98956e+07
59.4346,85.139,12.1191,0.67,1,2.62151,3.1915,0,0.491253,4.47552,4.41193e+06,3.62307e+06,1.15659e+07,0,0,0,0,26.0656,61.308,4.50128,0,0.04,1.99844,1.85126,0,1.54395,3.38688,9.16889e+06,4.84273e+06,1.83235e+07,0,0,0,5.98956e+07
63.0633,85.139,6.76283,0.53,1,2.62161,3.19161,0,0.491271,4.47552,4.41193e+06,3.62307e+06,1.15663e+07,0,0,0,0,25.9907,61.308,3.69282,0,0.04,1.9985,1.85132,0,1.544,3.38688,9.16889e+06,4.84273e+06,1.8324e+07,0,0,0,5.98956e+07
65.0624,85.139,5.21644,0.47,1,2.90691,3.50303,0,0.491289,4.47552,4.41193e+06,3.62307e+06,1.28251e+07,0,0,0,0,25.7472,61.308,2.50571,0,0.04,2.19799,2.06907,0,1.54404,3.38688,9.16889e+06,4.84273e+06,2.01531e+07,0,0,0,5.98956e+07
66.1774,85.139,4.29408,0.51,1,2.90702,3.50314,0,0.544756,4.47552,4.41193e+06,3.62307e+06,1.28256e+07,0,0,0,0,25.3706,61.308,2.27506,0,0.04,2.19805,2.06914,0,1.69817,3.38688,9.16889e+06,4.84273e+06,2.01537e+07,0,0,0,5.98956e+07
67.9505,85.139,5.00585,0.52,1,2.90713,3.50326,0,0.544776,4.47552,4.41193e+06,3.62307e+06,1.2826e+07,0,0,0,0,25.0446,61.308,2.58642,0,0.04,2.19811,2.06921,0,1.69821,3.38688,9.16889e+06,4.84273e+06,2.01543e+07,0,0,0,5.98956e+07
70.0486,85.139,5.36417,0.58,1,2.90723,3.50337,0,0.544796,4.47552,4.41193e+06,3.62307e+06,1.28265e+07,0,0,0,0,24.0881,61.308,2.82083,0,0.04,2.19818,2.06928,0,1.69826,3.38688,9.16889e+06,4.84273e+06,2.01548e+07,0,0,0,5.98956e+07
70.3644,85.139,3.17707,0.52,1,2.50048,3.0594,0,0.544816,4.47552,4.41193e+06,3.62307e+06,1.1032e+07,0,0,0,0,22.8288,61.308,1.35354,0,0.04,1.93056,1.77717,0,1.69831,3.38688,9.16889e+06,4.84273e+06,1.77011e+07,0,0,0,5.98956e+07
70.6767,85.139,3.17568,0.56,1,2.50058,3.0595,0,0.468591,4.47552,4.41193e+06,3.62307e+06,1.10324e+07,0,0,0,0,21.9738,61.308,1.19961,0,0.04,1.93062,1.77723,0,1.49155,3.38688,9.16889e+06,4.84273e+06,1.77016e+07,0,0,0,5.98956e+07
72.0118,85.139,4.222,0.62,1,2.50067,3.0596,0,0.468608,4.47552,4.41193e+06,3.62307e+06,1.10328e+07,0,0,0,0,21.7155,61.308,1.74314,0,0.04,1.93067,1.77729,0,1.4916,3.38688,9.16889e+06,4.84273e+06,1.77021e+07,0,0,0,5.98956e+07
73.7392,85.139,4.63467,0.63,1,2.50076,3.0597,0,0.468626,4.47552,4.41193e+06,3.62307e+06,1.10332e+07,0,0,0,0,21.4122,61.308,3.66326,0,0.04,1.93073,1.77735,0,1.49164,3.38688,9.16889e+06,4.84273e+06,1.77026e+07,0,0,0,5.98956e+07
75.3634,85.139,4.63074,0.67,1,2.50086,3.05981,0,0.468643,4.47552,4.41193e+06,3.62307e+06,1.10336e+07,0,0,0,0,21.0474,61.308,1.83027,0,0.04,1.93078,1.77741,0,1.49168,3.38688,9.16889e+06,4.84273e+06,1.77031e+07,0,0,0,5.98956e+07
77.4578,85.139,5.18636,0.59,1,2.60338,3.17171,0,0.46866,4.47552,4.41193e+06,3.62307e+06,1.14859e+07,0,0,0,0,20.8029,61.308,2.46883,0,0.04,1.99633,1.84895,0,1.49172,3.38688,9.16889e+06,4.84273e+06,1.83041e+07,0,0,0,5.98956e+07
79.1879,85.139,4.8213,0.6,1,2.60347,3.17181,0,0.487873,4.47552,4.41193e+06,3.62307e+06,1.14863e+07,0,0,0,0,20.6416,61.308,2.64987,0,0.04,1.99638,1.84901,0,1.54236,3.38688,9.16889e+06,4.84273e+06,1.83046e+07,0,0,0,5.98956e+07
80.3956,85.139,4.26282,0.6,1,2.60357,3.17192,0,0.487891,4.47552,4.41193e+06,3.62307e+06,1.14868e+07,0,0,0,0,20.0229,61.308,2.74531,0,0.04,1.99644,1.84908,0,1.54241,3.38688,9.16889e+06,4.84273e+06,1.83051e+07,0,0,0,5.98956e+07
80.7421,85.139,3.37082,0.45,1,2.60367,3.17202,0,0.487909,4.47552,4.41193e+06,3.62307e+06,1.14872e+07,0,0,0,0,19.0741,61.308,1.42831,0,0.04,1.9965,1.84914,0,1.54245,3.38688,9.16889e+06,4.84273e+06,1.83056e+07,0,0,0,5.98956e+07
80.3658,85.139,2.58484,0.43,1,2.56371,3.12841,0,0.487927,4.47552,4.41193e+06,3.62307e+06,1.13109e+07,0,0,0,0,18.0576,61.308,1.39578,0,0.04,1.97111,1.82143,0,1.54249,3.38688,9.16889e+06,4.84273e+06,1.80729e+07,0,0,0,5.98956e+07
79.6588,85.139,2.37918,0.38,1,2.82611,3.12851,0,0.480439,4.47552,4.41193e+06,2.70226e+06,1.24686e+07,0,0,0,0,17.2273,61.308,1.27137,0,0.04,2.12389,1.82149,0,1.52288,3.38688,9.16889e+06,3.61194e+06,1.94737e+07,0,0,0,5.98956e+07
78.9012,85.139,2.31951,0.36,1,2.82622,3.12862,0,0.529614,4.47552,4.41193e+06,2.70226e+06,1.24691e+07,0,0,0,0,16.2876,61.308,1.43083,0,0.04,2.12395,1.82155,0,1.64092,3.38688,9.16889e+06,3.61194e+06,1.94743e+07,0,0,0,5.98956e+07
78.3318,85.139,2.27853,0.47,1,2.56399,3.12872,0,0.529633,4.47552,4.41193e+06,3.62307e+06,1.13121e+07,0,0,0,0,15.4147,61.308,1.2837,0,0.04,1.97128,1.82161,0,1.64096,3.38688,9.16889e+06,4.84273e+06,1.80744e+07,0,0,0,5.98956e+07
77.5411,85.139,2.14742,0.45,1,2.70006,3.27725,0,0.480492,4.47552,4.41193e+06,3.62307e+06,1.19125e+07,0,0,0,0,14.5157,61.308,1.31196,0,0.04,2.06156,1.92016,0,1.52301,3.38688,9.16889e+06,4.84273e+06,1.89022e+07,0,0,0,5.98956e+07
76.3735,85.139,1.94456,0.37,1,2.97495,3.27735,0,0.505992,4.47552,4.41193e+06,2.70226e+06,1.31253e+07,0,0,0,0,13.6921,61.308,1.33356,0,0.04,2.22262,1.92022,0,1.59276,3.38688,9.16889e+06,3.61194e+06,2.0379e+07,0,0,0,5.98956e+07
75.1919,85.139,1.91804,0.35,1,2.97506,3.27746,0,0.557506,4.47552,4.41193e+06,2.70226e+06,1.31258e+07,0,0,0,0,12.8535,61.308,1.33677,0,0.04,2.22269,1.92029,0,1.7172,3.38688,9.16889e+06,3.61194e+06,2.03796e+07,0,0,0,5.98956e+07
73.902,85.139,1.79386,0.29,1,2.97517,3.27757,0,0.557527,4.47552,4.41193e+06,2.70226e+06,1.31262e+07,0,0,0,0,12.1766,61.308,1.27024,0,0.04,2.22275,1.92035,0,1.71725,3.38688,9.16889e+06,3.61194e+06,2.03801e+07,0,0,0,5.98956e+07
72.683,85.139,1.83579,0.25,1,2.97528,3.27768,0,0.557547,4.47552,4.41193e+06,2.70226e+06,1.31267e+07,0,0,0,0,11.7322,61.308,1.55828,0,0.04,2.22281,1.92041,0,1.7173,3.38688,9.16889e+06,3.61194e+06,2.03807e+07,0,0,0,5.98956e+07
71.5634,85.139,1.89157,0.36,1,2.94603,3.24843,0,0.557567,4.47552,4.41193e+06,2.70226e+06,1.29977e+07,0,0,0,0,11.3675,61.308,1.76993,0,0.04,2.27702,1.97462,0,1.71735,3.38688,9.16889e+06,3.61194e+06,2.08777e+07,0,0,0,5.98956e+07
70.3189,85.139,1.75683,0.3,1,2.94614,3.24854,0,0.552086,4.47552,4.41193e+06,2.70226e+06,1.29982e+07,0,0,0,0,10.8626,61.308,1.73238,0,0.04,2.27708,1.97468,0,1.75922,3.38688,9.16889e+06,3.61194e+06,2.08783e+07,0,0,0,5.98956e+07
68.9338,85.139,1.6022,0.26,1,2.94625,3.24865,0,0.552106,4.47552,4.41193e+06,2.70226e+06,1.29986e+07,0,0,0,0,10.2548,61.308,1.58172,0,0.04,2.27715,1.97475,0,1.75927,3.38688,9.16889e+06,3.61194e+06,2.08789e+07,0,0,0,5.98956e+07
67.4421,85.139,1.46001,0.23,1,2.94635,3.24875,0,0.552126,4.47552,4.41193e+06,2.70226e+06,1.29991e+07,0,0,0,0,9.72812,61.308,1.47998,0,0.04,2.27721,1.97481,0,1.75932,3.38688,9.16889e+06,3.61194e+06,2.08795e+07,0,0,0,5.98956e+07
66.0198,85.139,1.56851,0.29,1,3.02228,3.32468,0,0.552147,4.47552,4.41193e+06,2.70226e+06,1.33341e+07,0,0,0,0,9.38819,61.308,1.68909,0,0.04,2.32554,2.02314,0,1.75937,3.38688,9.16889e+06,3.61194e+06,2.13226e+07,0,0,0,5.98956e+07
64.5346,85.139,1.47949,0.27,1,3.02239,3.32479,0,0.566376,4.47552,4.41193e+06,2.70226e+06,1.33346e+07,0,0,0,0,8.93397,61.308,1.75231,0,0.04,2.3256,2.0232,0,1.79671,3.38688,9.16889e+06,3.61194e+06,2.13232e+07,0,0,0,5.98956e+07
62.9738,85.139,1.38461,0.26,1,3.0225,3.3249,0,0.566396,4.47552,4.41193e+06,2.70226e+06,1.33351e+07,0,0,0,0,8.51026,61.308,1.60656,0,0.04,2.32567,2.02327,0,1.79676,3.38688,9.16889e+06,3.61194e+06,2.13238e+07,0,0,0,5.98956e+07
61.4116,85.139,1.36058,0.25,1,3.02261,3.32501,0,0.566417,4.47552,4.41193e+06,2.70226e+06,1.33355e+07,0,0,0,0,8.12195,61.308,1.72087,0,0.04,2.32574,2.02334,0,1.79681,3.38688,9.16889e+06,3.61194e+06,2.13244e+07,0,0,0,5.98956e+07
59.7886,85.139,1.44312,0.3,1,3.24479,3.54719,0,0.566438,4.47552,4.41193e+06,2.70226e+06,1.43158e+07,0,0,0,0,7.85129,61.308,1.99235,0,0.04,2.50001,2.19761,0,1.79686,3.38688,9.16889e+06,3.61194e+06,2.29223e+07,0,0,0,5.98956e+07
58.0176,85.139,1.27012,0.29,1,3.24491,3.54731,0,0.608074,4.47552,4.41193e+06,2.70226e+06,1.43163e+07,0,0,0,0,7.55853,61.308,1.92117,0,0.04,2.50008,2.19768,0,1.93151,3.38688,9.16889e+06,3.61194e+06,2.2923e+07,0,0,0,5.98956e+07
56.3445,85.139,1.33965,0.27,1,3.24503,3.54743,0,0.608096,4.47552,4.41193e+06,2.70226e+06,1.43168e+07,0,0,0,0,7.26219,61.308,1.89554,0,0.04,2.50016,2.19776,0,1.93156,3.38688,9.16889e+06,3.61194e+06,2.29236e+07,0,0,0,5.98956e+07
55.311,85.139,2.00851,0.29,1,3.24515,3.54755,0,0.608118,4.47552,4.41193e+06,2.70226e+06,1.43173e+07,0,0,0,0,7.07369,61.308,2.26631,0,0.04,2.50023,2.19783,0,1.93162,3.38688,9.16889e+06,3.61194e+06,2.29243e+07,0,0,0,5.98956e+07
54.3571,85.139,2.08964,0.29,1,3.24526,3.54766,0,0.60814,4.47552,4.41193e+06,2.70226e+06,1.43179e+07,0,0,0,0,6.64017,61.308,1.91815,0,0.04,2.5003,2.1979,0,1.93168,3.38688,9.16889e+06,3.61194e+06,2.2925e+07,0,0,0,5.98956e+07
52.712,85.139,1.23886,0.29,1,3.13713,3.43953,0,0.608162,4.47552,4.41193e+06,2.70226e+06,1.38408e+07,0,0,0,0,5.9797,61.308,1.45713,0,0.04,2.39462,2.09222,0,1.93173,3.38688,9.16889e+06,3.61194e+06,2.1956e+07,0,0,0,5.98956e+07
50.8049,85.139,0.987583,0.28,1,3.13725,3.43965,0,0.587899,4.47552,4.41193e+06,2.70226e+06,1.38413e+07,0,0,0,0,4.86894,61.308,1.31801,0,0.04,2.39469,2.09229,0,1.85008,3.38688,9.16889e+06,3.61194e+06,2.19566e+07,0,0,0,5.98956e+07
48.6344,85.139,0.65432,0.34,1,3.13736,3.43976,0,0.58792,4.47552,4.41193e+06,2.70226e+06,1.38418e+07,0,0,0,0,3.96784,61.308,0.87566,0,0.04,2.39476,2.09236,0,1.85014,3.38688,9.16889e+06,3.61194e+06,2.19573e+07,0,0,0,5.98956e+07
46.7388,85.139,1.23075,0.35,1,3.43987,3.43987,0,0.587941,4.47552,4.41193e+06,2.70226e+06,1.51765e+07,0,0,0,0,3.14228,61.308,1.30934,0.01,0.04,2.09243,2.09243,0,1.85019,3.38688,9.16889e+06,3.61194e+06,1.91852e+07,0,0,0,5.98956e+07
44.5015,85.139,0.807423,0.39,1,3.29493,3.35113,0,0.644633,4.47552,4.41193e+06,3.01923e+06,1.4537e+07,0,0,0,0,2.61724,61.308,1.06803,0.01,0.04,1.96275,1.99622,0,1.61661,3.38688,9.16889e+06,4.03561e+06,1.79962e+07,0,0,0,5.98956e+07
43.1931,85.139,1.55492,0.49,1,3.07025,3.35124,0,0.61747,4.47552,4.41193e+06,3.62307e+06,1.35457e+07,0,0,0,0,2.30278,61.308,1.75348,0.01,0.04,1.82891,1.99629,0,1.51642,3.38688,9.16889e+06,4.84273e+06,1.6769e+07,0,0,0,5.98956e+07
41.5308,85.139,1.15555,0.5,1,3.07035,3.35135,0,0.575365,4.47552,4.41193e+06,3.62307e+06,1.35462e+07,0,0,0,0,1.74471,61.308,1.90708,0.01,0.04,1.82897,1.99635,0,1.41301,3.38688,9.16889e+06,4.84273e+06,1.67696e+07,0,0,0,5.98956e+07
40.1572,85.139,1.50304,0.51,1,3.07045,3.35146,0,0.575384,4.47552,4.41193e+06,3.62307e+06,1.35466e+07,0,0,0,0,1.33078,61.308,1.41019,0.01,0.04,1.74471,1.99642,0.0843216,1.41306,3.38688,9.16889e+06,4.84273e+06,1.5997e+07,0,0,0,5.98956e+07
38.7416,85.139,1.35096,0.51,1,2.83931,3.09916,0,0.575403,4.47552,4.41193e+06,3.62307e+06,1.25268e+07,0,0,0,0,1.60602,61.308,2.53625,0.01,0.04,1.33078,1.79594,0.314579,1.34796,3.38688,9.16889e+06,4.84273e+06,1.22018e+07,0,0,0,5.98956e+07
37.1061,85.139,1.08202,0.63,1,2.8394,3.09926,0,0.532086,4.47552,4.41193e+06,3.62307e+06,1.25272e+07,0,0,0,0,1.58119,61.308,2.23941,0.01,0.04,1.60602,1.796,0.0394007,1.02816,3.38688,9.16889e+06,4.84273e+06,1.47254e+07,0,0,0,5.98956e+07
35.358,85.139,0.934286,0.66,1,2.8395,3.09936,0,0.532104,4.47552,4.41193e+06,3.62307e+06,1.25277e+07,0,0,0,0,1.56531,61.308,2.15415,0.01,0.04,1.58119,1.79606,0.0642859,1.24081,3.38688,9.16889e+06,4.84273e+06,1.44977e+07,0,0,0,5.98956e+07
33.9048,85.139,1.2291,0.67,1,2.83959,3.09946,0,0.532122,4.47552,4.41193e+06,3.62307e+06,1.25281e+07,0,0,0,0,1.5293,61.308,2.18517,0.01,0.04,1.56531,1.79612,0.0802152,1.22162,3.38688,9.16889e+06,4.84273e+06,1.43522e+07,0,0,0,5.98956e+07
32.707,85.139,1.49034,0.71,1,2.83968,3.09957,0,0.532139,4.47552,4.41193e+06,3.62307e+06,1.25285e+07,0,0,0,0,1.47443,61.308,2.24717,0.01,0.04,1.5293,1.79618,0.116278,1.20936,3.38688,9.16889e+06,4.84273e+06,1.4022e+07,0,0,0,5.98956e+07
32.308,85.139,2.45581,0.75,1,2.92873,3.19677,0,0.532157,4.47552,4.41193e+06,3.62307e+06,1.29214e+07,0,0,0,0,1.33165,61.308,1.83471,0.01,0.04,1.47443,1.85432,0.224416,1.18154,3.38688,9.16889e+06,4.84273e+06,1.35188e+07,0,0,0,5.98956e+07
33.2316,85.139,3.51801,0.78,1,2.92881,3.19685,0,0.548845,6.048,4.41193e+06,3.62307e+06,1.29217e+07,0,0,0,0,1.68207,61.308,2.64932,0.01,0.04,1.69889,1.85437,0,1.13914,3.38688,9.16889e+06,4.84273e+06,1.55769e+07,0,0,0,5.98956e+07
34.955,85.139,4.38231,0.8,1,2.92889,3.19694,0,0.548859,6.048,4.41193e+06,3.62307e+06,1.29221e+07,0,0,0,0,1.93497,61.308,3.57614,0.01,0.04,1.68207,1.85442,0.0168601,1.31256,3.38688,9.16889e+06,4.84273e+06,1.54227e+07,0,0,0,5.98956e+07
37.2904,85.139,5.31784,0.77,1,2.92897,3.19702,0,0.548874,6.048,4.41193e+06,3.62307e+06,1.29224e+07,0,0,0,0,2.68236,61.308,5.46127,0.01,0.04,1.69898,1.85446,0,1.29957,3.38688,9.16889e+06,4.84273e+06,1.55777e+07,0,0,0,5.98956e+07
41.8094,85.139,7.69899,0.8,1,3.21474,3.50895,0,0.548888,6.048,4.41193e+06,3.62307e+06,1.41832e+07,0,0,0,0,3.36496,61.308,5.19578,0.01,0.04,1.89879,2.07257,0,1.31263,3.38688,9.16889e+06,4.84273e+06,1.74098e+07,0,0,0,5.98956e+07
46.1,85.139,7.61882,0.77,1,3.21482,3.50904,0,0.602442,6.048,4.41193e+06,3.62307e+06,1.41836e+07,0,0,0,0,3.78067,61.308,5.57255,0.01,0.04,1.89884,2.07262,0,1.46701,3.38688,9.16889e+06,4.84273e+06,1.74103e+07,0,0,0,5.98956e+07
48.2585,85.139,5.60713,0.75,1,3.21491,3.50913,0,0.602458,6.048,4.41193e+06,3.62307e+06,1.41839e+07,0,0,0,0,4.0592,61.308,4.14654,0.01,0.04,1.89889,2.07268,0,1.46704,3.38688,9.16889e+06,4.84273e+06,1.74107e+07,0,0,0,5.98956e+07
49.3421,85.139,4.44362,0.77,1,3.21499,3.50923,0,0.602474,6.048,4.41193e+06,3.62307e+06,1.41843e+07,0,0,0,0,4.14861,61.308,3.13369,0.01,0.04,1.89894,2.07273,0,1.46708,3.38688,9.16889e+06,4.84273e+06,1.74112e+07,0,0,0,5.98956e+07
52.4789,85.139,6.41039,0.78,1,2.80755,3.06449,0,0.60249,6.048,4.41193e+06,3.62307e+06,1.23867e+07,0,0,0,0,4.90473,61.308,4.79692,0.02,0.04,1.63087,1.78013,0,1.46712,3.38688,9.16889e+06,4.84273e+06,1.49533e+07,0,0,0,5.98956e+07
55.2496,85.139,6.04189,0.77,1,2.80762,3.06457,0,0.526134,6.048,4.41193e+06,3.62307e+06,1.2387e+07,0,0,0,0,5.93979,61.308,5.62646,0.02,0.04,1.63092,1.78017,0,1.26001,3.38688,9.16889e+06,4.84273e+06,1.49537e+07,0,0,0,5.98956e+07
59.5149,85.139,7.42635,0.78,1,2.5053,3.06465,0,0.526148,6.048,4.41193e+06,3.62307e+06,1.10532e+07,0,0,0,0,7.4315,61.308,6.8986,0,0.04,1.93336,1.78022,0,1.26005,3.38688,9.16889e+06,4.84273e+06,1.77267e+07,0,0,0,5.98956e+07
62.157,85.139,5.7058,0.77,1,2.50537,3.06473,0,0.469493,6.048,4.41193e+06,3.62307e+06,1.10535e+07,0,0,0,0,8.13281,61.308,4.9215,0,0.04,1.9334,1.78027,0,1.49371,3.38688,9.16889e+06,4.84273e+06,1.77271e+07,0,0,0,5.98956e+07
64.6703,85.139,5.65193,0.78,1,2.50545,3.06482,0,0.469507,6.048,4.41193e+06,3.62307e+06,1.10538e+07,0,0,0,0,8.72654,61.308,4.78518,0,0.04,1.93345,1.78032,0,1.49375,3.38688,9.16889e+06,4.84273e+06,1.77275e+07,0,0,0,5.98956e+07
68.8053,85.139,7.5438,0.76,1,2.60812,3.17688,0,0.469521,6.048,4.41193e+06,3.62307e+06,1.15068e+07,0,0,0,0,9.75557,61.308,5.70609,0,0.04,1.99909,1.85197,0,1.49378,3.38688,9.16889e+06,4.84273e+06,1.83294e+07,0,0,0,5.98956e+07
70.9006,85.139,5.33968,0.7,1,2.60819,3.17697,0,0.488761,6.048,4.41193e+06,3.62307e+06,1.15072e+07,0,0,0,0,10.0569,61.308,3.83869,0,0.04,1.99914,1.85202,0,1.5445,3.38688,9.16889e+06,4.84273e+06,1.83298e+07,0,0,0,5.98956e+07
73.1256,85.139,5.50705,0.68,1,2.60827,3.17705,0,0.488775,6.048,4.41193e+06,3.62307e+06,1.15075e+07,0,0,0,0,10.242,61.308,3.43533,0,0.04,1.99918,1.85207,0,1.54453,3.38688,9.16889e+06,4.84273e+06,1.83303e+07,0,0,0,5.98956e+07
74.5685,85.139,4.63814,0.67,1,2.60835,3.17714,0,0.48879,6.048,4.41193e+06,3.62307e+06,1.15078e+07,0,0,0,0,10.3482,61.308,3.54569,0,0.04,1.99923,1.85212,0,1.54457,3.38688,9.16889e+06,4.84273e+06,1.83307e+07,0,0,0,5.98956e+07
76.1978,85.139,4.68326,0.56,1,2.56831,3.13343,0,0.488804,6.048,4.41193e+06,3.62307e+06,1.13312e+07,0,0,0,0,10.2903,61.308,4.02417,0,0.04,1.97379,1.82435,0,1.5446,3.38688,9.16889e+06,4.84273e+06,1.80974e+07,0,0,0,5.98956e+07
77.3427,85.139,4.23148,0.52,1,2.56838,3.13351,0,0.481301,6.048,4.41193e+06,3.62307e+06,1.13315e+07,0,0,0,0,10.1701,61.308,3.36106,0,0.04,1.97383,1.8244,0,1.52495,3.38688,9.16889e+06,4.84273e+06,1.80979e+07,0,0,0,5.98956e+07
78.2614,85.139,3.96248,0.5,1,2.56846,3.1336,0,0.481315,6.048,4.41193e+06,3.62307e+06,1.13319e+07,0,0,0,0,9.98901,61.308,2.85323,0,0.04,1.97388,1.82445,0,1.52498,3.38688,9.16889e+06,4.84273e+06,1.80983e+07,0,0,0,5.98956e+07
78.8828,85.139,3.6306,0.47,1,2.56854,3.13368,0,0.481329,6.048,4.41193e+06,3.62307e+06,1.13322e+07,0,0,0,0,9.76403,61.308,2.74829,0,0.04,1.97392,1.8245,0,1.52502,3.38688,9.16889e+06,4.84273e+06,1.80987e+07,0,0,0,5.98956e+07
79.0974,85.139,3.2331,0.45,1,2.7048,3.28242,0,0.481344,6.048,4.41193e+06,3.62307e+06,1.19334e+07,0,0,0,0,9.44935,61.308,2.43803,0,0.04,2.06434,1.92319,0,1.52505,3.38688,9.16889e+06,4.84273e+06,1.89277e+07,0,0,0,5.98956e+07
78.9262,85.139,3.04315,0.37,1,2.98011,3.28251,0,0.50688,6.048,4.41193e+06,2.70226e+06,1.3148e+07,0,0,0,0,9.09947,61.308,2.33967,0,0.04,2.22564,1.92324,0,1.59491,3.38688,9.16889e+06,3.61194e+06,2.04067e+07,0,0,0,5.98956e+07
78.661,85.139,2.9373,0.35,1,2.98019,3.28259,0,0.558472,6.048,4.41193e+06,2.70226e+06,1.31484e+07,0,0,0,0,8.75953,61.308,2.55396,0,0.04,2.22569,1.92329,0,1.71953,3.38688,9.16889e+06,3.61194e+06,2.04071e+07,0,0,0,5.98956e+07
78.1511,85.139,2.70093,0.29,1,2.98028,3.28268,0,0.558488,6.048,4.41193e+06,2.70226e+06,1.31488e+07,0,0,0,0,8.39498,61.308,2.43157,0,0.04,2.22574,1.92334,0,1.71957,3.38688,9.16889e+06,3.61194e+06,2.04076e+07,0,0,0,5.98956e+07
77.6034,85.139,2.5795,0.25,1,2.98037,3.28277,0,0.558505,6.048,4.41193e+06,2.70226e+06,1.31492e+07,0,0,0,0,7.98745,61.308,2.23605,0,0.04,2.2258,1.9234,0,1.71961,3.38688,9.16889e+06,3.61194e+06,2.04081e+07,0,0,0,5.98956e+07
76.9586,85.139,2.4116,0.21,1,2.95105,3.25345,0,0.558521,6.048,4.41193e+06,2.70226e+06,1.30198e+07,0,0,0,0,7.51343,61.308,1.97316,0,0.04,2.28007,1.97767,0,1.71965,3.38688,9.16889e+06,3.61194e+06,2.09057e+07,0,0,0,5.98956e+07
76.056,85.139,2.18191,0.19,1,2.95114,3.25354,0,0.553027,6.048,4.41193e+06,2.70226e+06,1.30202e+07,0,0,0,0,6.99527,61.308,1.80641,0,0.04,2.28012,1.97772,0,1.76158,3.38688,9.16889e+06,3.61194e+06,2.09062e+07,0,0,0,5.98956e+07
75.004,85.139,2.01205,0.18,1,2.95123,3.25363,0,0.553044,6.048,4.41193e+06,2.70226e+06,1.30206e+07,0,0,0,0,6.46391,61.308,1.75131,0,0.04,2.28018,1.97778,0,1.76162,3.38688,9.16889e+06,3.61194e+06,2.09067e+07,0,0,0,5.98956e+07
73.8311,85.139,1.87067,0.17,1,2.95131,3.25371,0,0.55306,6.048,4.41193e+06,2.70226e+06,1.3021e+07,0,0,0,0,5.82738,61.308,1.64697,0,0.04,2.28023,1.97783,0,1.76166,3.38688,9.16889e+06,3.61194e+06,2.09071e+07,0,0,0,5.98956e+07
72.5409,85.139,1.80065,0.17,1,3.02734,3.32974,0,0.553076,6.048,4.41193e+06,2.70226e+06,1.33564e+07,0,0,0,0,5.14153,61.308,1.469,0,0.04,2.32861,2.02621,0,1.7617,3.38688,9.16889e+06,3.61194e+06,2.13508e+07,0,0,0,5.98956e+07
71.1553,85.139,1.66744,0.25,1,3.02742,3.32982,0,0.567323,6.048,4.41193e+06,2.70226e+06,1.33568e+07,0,0,0,0,4.25717,61.308,1.42833,0,0.04,2.32866,2.02626,0,1.79908,3.38688,9.16889e+06,3.61194e+06,2.13513e+07,0,0,0,5.98956e+07
69.3942,85.139,1.51825,0.23,1,3.32991,3.32991,0,0.567339,6.048,4.41193e+06,2.70226e+06,1.46913e+07,0,0,0,0,3.64902,61.308,1.23357,0.01,0.04,2.02632,2.02632,0,1.79913,3.38688,9.16889e+06,3.61194e+06,1.85791e+07,0,0,0,5.98956e+07
67.9072,85.139,1.76935,0.23,1,3.33,3.33,0,0.624026,6.048,4.41193e+06,2.70226e+06,1.46917e+07,0,0,0,0,3.10705,61.308,1.74173,0.01,0.04,2.02637,2.02637,0,1.56553,3.38688,9.16889e+06,3.61194e+06,1.85796e+07,0,0,0,5.98956e+07
66.1503,85.139,1.66573,0.25,1,3.55249,3.55249,0,0.624042,6.048,4.41193e+06,2.70226e+06,1.56733e+07,0,0,0,0,2.35016,61.308,1.61193,0.01,0.04,2.20089,2.20089,0,1.56558,3.38688,9.16889e+06,3.61194e+06,2.01797e+07,0,0,0,5.98956e+07
64.023,85.139,1.29655,0.27,1,3.55259,3.55259,0,0.665737,6.048,4.41193e+06,2.70226e+06,1.56738e+07,0,0,0,0,1.71091,61.308,1.2646,0.01,0.04,2.20095,2.20095,0,1.70041,3.38688,9.16889e+06,3.61194e+06,2.01803e+07,0,0,0,5.98956e+07
62.047,85.139,1.40754,0.27,1,3.55268,3.55268,0,0.665755,6.048,4.41193e+06,2.70226e+06,1.56742e+07,0,0,0,0,1.14719,61.308,1.66797,0.01,0.04,1.71091,2.20101,0.490096,1.70046,3.38688,9.16889e+06,3.61194e+06,1.56872e+07,0,0,0,5.98956e+07
59.9996,85.139,1.31008,0.3,1,3.55278,3.55278,0,0.665773,6.048,4.41193e+06,2.70226e+06,1.56746e+07,0,0,0,0,1.08636,61.308,1.50473,0.01,0.04,1.14719,2.20107,1.05388,1.32185,3.38688,9.16889e+06,3.61194e+06,1.05185e+07,0,0,0,5.98956e+07
58.0794,85.139,1.41765,0.3,1,3.55287,3.55287,0,0.66579,6.048,4.41193e+06,2.70226e+06,1.5675e+07,0,0,0,0,1.08098,61.308,1.43935,0.01,0.04,1.08636,2.20113,1.11477,0.886321,3.38688,9.16889e+06,3.61194e+06,9.96069e+06,0,0,0,5.98956e+07
56.6632,85.139,1.87347,0.3,1,3.44456,3.44456,0,0.665808,6.048,4.41193e+06,2.70226e+06,1.51972e+07,0,0,0,0,1.10673,61.308,1.42344,0.01,0.04,1.08098,2.09528,1.0143,0.83932,3.38688,9.16889e+06,3.61194e+06,9.9114e+06,0,0,0,5.98956e+07
55.0294,85.139,1.61775,0.3,1,3.44465,3.44465,0,0.645511,6.048,4.41193e+06,2.70226e+06,1.51976e+07,0,0,0,0,1.17474,61.308,2.39469,0.01,0.04,1.10673,2.09533,0.988605,0.835166,3.38688,9.16889e+06,3.61194e+06,1.01475e+07,0,0,0,5.98956e+07
53.2215,85.139,1.42144,0.31,1,3.44474,3.44474,0,0.645528,6.048,4.41193e+06,2.70226e+06,1.5198e+07,0,0,0,0,0.93554,61.308,1.38624,0.01,0.04,1.17474,2.09539,0.920651,0.855058,3.38688,9.16889e+06,3.61194e+06,1.0771e+07,0,0,0,5.98956e+07
51.4076,85.139,1.37599,0.32,1,3.44483,3.44483,0,0.645545,6.048,4.41193e+06,2.70226e+06,1.51984e+07,0,0,0,0,1.05297,61.308,1.26941,0.01,0.04,0.93554,2.09544,1.1599,0.907602,3.38688,9.16889e+06,3.61194e+06,8.57786e+06,0,0,0,5.98956e+07
50.0546,85.139,1.82722,0.33,1,3.35594,3.35594,0,0.645562,6.048,4.41193e+06,2.70226e+06,1.48061e+07,0,0,0,0,1.23668,61.308,1.80932,0.01,0.04,1.05297,1.99909,0.946113,0.722798,3.38688,9.16889e+06,3.61194e+06,9.65459e+06,0,0,0,5.98956e+07
50.4496,85.139,3.55906,0.39,1,3.29975,3.35602,0,0.628902,6.048,4.41193e+06,3.01923e+06,1.45582e+07,0,0,0,0,1.61281,61.308,3.84246,0.01,0.04,1.23668,1.99914,0.728938,0.813527,3.38688,9.16889e+06,4.03561e+06,1.1339e+07,0,0,0,5.98956e+07
49.6983,85.139,2.35555,0.39,1,3.29983,3.35611,0,0.618373,6.048,4.41193e+06,3.01923e+06,1.45586e+07,0,0,0,0,1.58898,61.308,3.9165,0.01,0.04,1.61281,1.99919,0.352858,0.955457,3.38688,9.16889e+06,4.03561e+06,1.47877e+07,0,0,0,5.98956e+07
50.1361,85.139,3.4996,0.42,1,3.0748,3.3562,0,0.618389,6.048,4.41193e+06,3.62307e+06,1.35658e+07,0,0,0,0,1.44455,61.308,3.02023,0.01,0.04,1.58898,1.99925,0.242643,1.24606,3.38688,9.16889e+06,4.84273e+06,1.45691e+07,0,0,0,5.98956e+07
54.7557,85.139,7.61981,0.45,1,2.84331,3.10352,0,0.576218,6.048,4.41193e+06,3.62307e+06,1.25445e+07,0,0,0,0,1.67765,61.308,4.3435,0.01,0.04,1.44455,1.79848,0.203133,1.22764,3.38688,9.16889e+06,4.84273e+06,1.32449e+07,0,0,0,5.98956e+07
57.0803,85.139,5.25346,0.41,1,2.84339,3.10361,0,0.532836,6.048,4.41193e+06,3.62307e+06,1.25448e+07,0,0,0,0,1.56317,61.308,3.39719,0.01,0.04,1.64773,1.79852,0,1.11606,3.38688,9.16889e+06,4.84273e+06,1.51078e+07,0,0,0,5.98956e+07
59.1854,85.139,5.34742,0.36,1,3.10369,3.10369,0,0.53285,6.048,4.41193e+06,2.70226e+06,1.36933e+07,0,0,0,0,1.47635,61.308,4.37784,0.01,0.04,1.56317,1.79857,0.235405,1.27303,3.38688,9.16889e+06,3.61194e+06,1.43325e+07,0,0,0,5.98956e+07
59.3247,85.139,3.27146,0.39,1,3.05173,3.10377,0,0.581631,6.048,4.41193e+06,3.01923e+06,1.3464e+07,0,0,0,0,1.27579,61.308,2.56779,0.01,0.04,1.47635,1.79862,0.292111,1.2077,3.38688,9.16889e+06,4.03561e+06,1.35365e+07,0,0,0,5.98956e+07
59.742,85.139,3.41943,0.43,1,2.84361,3.10385,0,0.571893,6.048,4.41193e+06,3.62307e+06,1.25458e+07,0,0,0,0,1.23606,61.308,2.2995,0.01,0.04,1.27579,1.79867,0.372069,1.14063,3.38688,9.16889e+06,4.84273e+06,1.16976e+07,0,0,0,5.98956e+07
61.5402,85.139,5.07914,0.44,1,2.93277,3.20117,0,0.532893,6.048,4.41193e+06,3.62307e+06,1.29392e+07,0,0,0,0,1.67055,61.308,3.73942,0.01,0.04,1.23606,1.85687,0.465124,0.985674,3.38688,9.16889e+06,4.84273e+06,1.13333e+07,0,0,0,5.98956e+07
68.1948,85.139,10.2364,0.49,0.02,2.93282,3.20123,0,0.5496,6.048,4.41193e+06,3.62307e+06,1.29394e+07,0,0,0,0,2.16605,61.308,7.67927,0.01,0.04,1.70121,1.85691,0,0.954977,3.38688,9.16889e+06,4.84273e+06,1.55982e+07,0,0,0,5.98956e+07
74.0361,85.139,9.67668,0.34,0.02,3.2013,3.2013,0,0.549611,6.048,4.41193e+06,2.70226e+06,1.41239e+07,0,0,0,0,2.46424,61.308,6.62167,0.01,0.04,1.85694,1.85694,0,1.31436,3.38688,9.16889e+06,3.61194e+06,1.70261e+07,0,0,0,5.98956e+07
78.7607,85.139,8.5412,0.33,0.02,3.20136,3.20136,0,0.599923,6.048,4.41193e+06,2.70226e+06,1.41242e+07,0,0,0,0,2.62102,61.308,6.81261,0.01,0.04,1.85698,1.85698,0,1.43468,3.38688,9.16889e+06,3.61194e+06,1.70265e+07,0,0,0,5.98956e+07
83.1243,85.139,8.56771,0.34,0.02,3.51368,3.51368,0,0.599935,6.048,4.41193e+06,2.70226e+06,1.55021e+07,0,0,0,0,3.49041,61.308,7.83735,0.01,0.04,2.07536,2.07536,0,1.4347,3.38688,9.16889e+06,3.61194e+06,1.90288e+07,0,0,0,5.98956e+07
85.139,85.139,7.63027,0.27,0.02,3.51375,3.51375,0,0.658464,6.048,4.41193e+06,2.70226e+06,1.55024e+07,0,0,0,0,4.3641,61.308,7.4195,0.02,0.04,2.07541,2.07541,0,1.60343,3.38688,9.16889e+06,3.61194e+06,1.90292e+07,0,0,0,5.98956e+07
85.139,85.139,8.85555,0.2,0.02,3.51383,3.51383,0,0.658478,6.048,4.41193e+06,2.70226e+06,1.55027e+07,0,0,0,0,5.57649,61.308,10.0691,0.03,0.04,2.07545,2.07545,0,1.60346,3.38688,9.16889e+06,3.61194e+06,1.90295e+07,0,0,0,5.98956e+07
85.139,85.139,7.7011,0.21,0.02,3.2115,3.5139,0,0.658491,6.048,4.41193e+06,2.70226e+06,1.41689e+07,0,0,0,0,6.49899,61.308,7.84562,0,0.04,2.37789,2.07549,0,1.60349,3.38688,9.16889e+06,3.61194e+06,2.18026e+07,0,0,0,5.98956e+07
85.139,85.139,6.90231,0.22,0.02,2.76615,3.06855,0,0.601834,6.048,4.41193e+06,2.70226e+06,1.22041e+07,0,0,0,0,7.0965,61.308,6.78425,0,0.04,2.08489,1.78249,0,1.83716,3.38688,9.16889e+06,3.61194e+06,1.91161e+07,0,0,0,5.98956e+07
85.139,85.139,5.93866,0.23,0.02,2.76621,3.06861,0,0.518376,6.048,4.41193e+06,2.70226e+06,1.22043e+07,0,0,0,0,7.12104,61.308,4.54322,0,0.04,2.08492,1.78252,0,1.61078,3.38688,9.16889e+06,3.61194e+06,1.91164e+07,0,0,0,5.98956e+07
85.139,85.139,4.9014,0.25,0.02,2.76627,3.06867,0,0.518388,6.048,4.41193e+06,2.70226e+06,1.22046e+07,0,0,0,0,7.1213,61.308,4.03581,0,0.04,2.08496,1.78256,0,1.61081,3.38688,9.16889e+06,3.61194e+06,1.91167e+07,0,0,0,5.98956e+07
85.139,85.139,7.63513,0.29,0.02,2.76633,3.06873,0,0.518399,6.048,4.41193e+06,2.70226e+06,1.22049e+07,0,0,0,0,7.4565,61.308,6.38095,0,0.04,2.08499,1.78259,0,1.61084,3.38688,9.16889e+06,3.61194e+06,1.91171e+07,0,0,0,5.98956e+07
85.139,85.139,7.8692,0.33,0.02,2.7664,3.0688,0,0.518411,6.048,4.41193e+06,2.70226e+06,1.22051e+07,0,0,0,0,8.19817,61.308,7.20221,0,0.04,2.08503,1.78263,0,1.61087,3.38688,9.16889e+06,3.61194e+06,1.91174e+07,0,0,0,5.98956e+07
85.139,85.139,7.0794,0.33,0.02,2.87859,3.18099,0,0.518422,6.048,4.41193e+06,2.70226e+06,1.27001e+07,0,0,0,0,9.44653,61.308,7.16689,0,0.04,2.15676,1.85436,0,1.61089,3.38688,9.16889e+06,3.61194e+06,1.97751e+07,0,0,0,5.98956e+07
85.139,85.139,6.30325,0.33,0.02,2.87865,3.18105,0,0.539447,6.048,4.41193e+06,2.70226e+06,1.27004e+07,0,0,0,0,10.3336,61.308,6.83004,0,0.04,2.1568,1.8544,0,1.66631,3.38688,9.16889e+06,3.61194e+06,1.97754e+07,0,0,0,5.98956e+07
85.139,85.139,9.46375,0.3,0.02,2.87871,3.18111,0,0.539459,6.048,4.41193e+06,2.70226e+06,1.27007e+07,0,0,0,0,11.4806,61.308,8.83593,0,0.04,2.15684,1.85444,0,1.66634,3.38688,9.16889e+06,3.61194e+06,1.97758e+07,0,0,0,5.98956e+07
85.139,85.139,6.28061,0.27,0.02,2.87878,3.18118,0,0.539471,6.048,4.41193e+06,2.70226e+06,1.2701e+07,0,0,0,0,12.2902,61.308,7.18273,0,0.04,2.15687,1.85447,0,1.66637,3.38688,9.16889e+06,3.61194e+06,1.97761e+07,0,0,0,5.98956e+07
85.139,85.139,5.31368,0.27,0.02,2.835,3.1374,0,0.539483,6.048,4.41193e+06,2.70226e+06,1.25078e+07,0,0,0,0,12.4662,61.308,4.61264,0,0.04,2.12906,1.82666,0,1.6664,3.38688,9.16889e+06,3.61194e+06,1.95211e+07,0,0,0,5.98956e+07
85.139,85.139,4.28573,0.26,0.02,2.83506,3.13746,0,0.531278,6.048,4.41193e+06,2.70226e+06,1.25081e+07,0,0,0,0,12.4439,61.308,3.48123,0,0.04,2.1291,1.8267,0,1.64491,3.38688,9.16889e+06,3.61194e+06,1.95215e+07,0,0,0,5.98956e+07
85.139,85.139,4.27608,0.24,0.02,2.83512,3.13752,0,0.53129,6.048,4.41193e+06,2.70226e+06,1.25084e+07,0,0,0,0,12.3742,61.308,3.24731,0,0.04,2.12913,1.82673,0,1.64494,3.38688,9.16889e+06,3.61194e+06,1.95218e+07,0,0,0,5.98956e+07
85.139,85.139,3.64558,0.2,0.02,2.83519,3.13759,0,0.531302,6.048,4.41193e+06,2.70226e+06,1.25086e+07,0,0,0,0,12.1925,61.308,3.55484,0,0.04,2.12917,1.82677,0,1.64497,3.38688,9.16889e+06,3.61194e+06,1.95221e+07,0,0,0,5.98956e+07
85.139,85.139,3.40287,0.19,0.02,2.98409,3.28649,0,0.531314,6.048,4.41193e+06,2.70226e+06,1.31656e+07,0,0,0,0,12.0064,61.308,3.46735,0,0.04,2.22798,1.92558,0,1.645,3.38688,9.16889e+06,3.61194e+06,2.0428e+07,0,0,0,5.98956e+07
85.139,85.139,3.38789,0.17,0.02,2.98415,3.28655,0,0.559218,6.048,4.41193e+06,2.70226e+06,1.31659e+07,0,0,0,0,11.7749,61.308,2.99591,0,0.04,2.22801,1.92561,0,1.72133,3.38688,9.16889e+06,3.61194e+06,2.04284e+07,0,0,0,5.98956e+07
84.9181,85.139,2.99669,0.14,0.02,2.98422,3.28662,0,0.559231,6.048,4.41193e+06,2.70226e+06,1.31662e+07,0,0,0,0,11.5,61.308,2.82392,0,0.04,2.22805,1.92565,0,1.72136,3.38688,9.16889e+06,3.61194e+06,2.04288e+07,0,0,0,5.98956e+07
84.5752,85.139,2.83339,0.19,0.02,2.98429,3.28669,0,0.559243,6.048,4.41193e+06,2.70226e+06,1.31665e+07,0,0,0,0,11.1927,61.308,2.68108,0,0.04,2.22809,1.92569,0,1.72139,3.38688,9.16889e+06,3.61194e+06,2.04291e+07,0,0,0,5.98956e+07
84.1473,85.139,2.74962,0.16,0.02,2.98435,3.28675,0,0.559255,6.048,4.41193e+06,2.70226e+06,1.31667e+07,0,0,0,0,10.9412,61.308,2.80573,0,0.04,2.22813,1.92573,0,1.72142,3.38688,9.16889e+06,3.61194e+06,2.04295e+07,0,0,0,5.98956e+07
83.7347,85.139,2.75246,0.15,0.02,2.95498,3.25738,0,0.559268,6.048,4.41193e+06,2.70226e+06,1.30372e+07,0,0,0,0,10.8576,61.308,3.24637,0,0.04,2.28246,1.98006,0,1.72145,3.38688,9.16889e+06,3.61194e+06,2.09276e+07,0,0,0,5.98956e+07
83.2104,85.139,2.62155,0.14,0.02,2.95505,3.25745,0,0.553763,6.048,4.41193e+06,2.70226e+06,1.30375e+07,0,0,0,0,10.7399,61.308,3.19443,0,0.04,2.2825,1.9801,0,1.76343,3.38688,9.16889e+06,3.61194e+06,2.0928e+07,0,0,0,5.98956e+07
82.5649,85.139,2.47403,0.14,0.02,2.95511,3.25751,0,0.553776,6.048,4.41193e+06,2.70226e+06,1.30377e+07,0,0,0,0,10.586,61.308,3.24113,0,0.04,2.28254,1.98014,0,1.76346,3.38688,9.16889e+06,3.61194e+06,2.09283e+07,0,0,0,5.98956e+07
81.724,85.139,2.27648,0.13,0.02,2.95518,3.25758,0,0.553788,6.048,4.41193e+06,2.70226e+06,1.3038e+07,0,0,0,0,10.4155,61.308,3.09297,0,0.04,2.28258,1.98018,0,1.76349,3.38688,9.16889e+06,3.61194e+06,2.09287e+07,0,0,0,5.98956e+07
80.7233,85.139,2.16771,0.13,0.02,3.03127,3.33367,0,0.5538,6.048,4.41193e+06,2.70226e+06,1.33737e+07,0,0,0,0,10.1653,61.308,2.59869,0,0.04,2.331,2.0286,0,1.76352,3.38688,9.16889e+06,3.61194e+06,2.13727e+07,0,0,0,5.98956e+07
79.5197,85.139,1.92416,0.13,0.02,3.03134,3.33374,0,0.56806,6.048,4.41193e+06,2.70226e+06,1.3374e+07,0,0,0,0,9.79596,61.308,2.48474,0,0.04,2.33104,2.02864,0,1.80093,3.38688,9.16889e+06,3.61194e+06,2.13731e+07,0,0,0,5.98956e+07
78.1727,85.139,1.76632,0.13,0.02,3.0314,3.3338,0,0.568072,6.048,4.41193e+06,2.70226e+06,1.33743e+07,0,0,0,0,9.39235,61.308,2.15813,0,0.04,2.33109,2.02869,0,1.80097,3.38688,9.16889e+06,3.61194e+06,2.13735e+07,0,0,0,5.98956e+07
76.9373,85.139,1.857,0.19,0.02,3.03147,3.33387,0,0.568085,6.048,4.41193e+06,2.70226e+06,1.33746e+07,0,0,0,0,9.05253,61.308,2.56674,0,0.04,2.33113,2.02873,0,1.801,3.38688,9.16889e+06,3.61194e+06,2.13738e+07,0,0,0,5.98956e+07
75.7452,85.139,2.09632,0.19,0.02,3.2542,3.5566,0,0.568097,6.048,4.41193e+06,2.70226e+06,1.43573e+07,0,0,0,0,8.77237,61.308,2.85828,0,0.04,2.50584,2.20344,0,1.80103,3.38688,9.16889e+06,3.61194e+06,2.29757e+07,0,0,0,5.98956e+07
74.2109,85.139,1.79479,0.17,0.02,3.25427,3.55667,0,0.609836,6.048,4.41193e+06,2.70226e+06,1.43576e+07,0,0,0,0,8.41805,61.308,2.47219,0,0.04,2.50588,2.20348,0,1.93601,3.38688,9.16889e+06,3.61194e+06,2.29761e+07,0,0,0,5.98956e+07
72.7242,85.139,1.80903,0.16,0.02,3.25434,3.55674,0,0.60985,6.048,4.41193e+06,2.70226e+06,1.43579e+07,0,0,0,0,8.1351,61.308,2.65554,0,0.04,2.50592,2.20352,0,1.93604,3.38688,9.16889e+06,3.61194e+06,2.29765e+07,0,0,0,5.98956e+07
71.2642,85.139,1.82604,0.23,0.02,3.25441,3.55681,0,0.609863,6.048,4.41193e+06,2.70226e+06,1.43582e+07,0,0,0,0,7.86096,61.308,3.17454,0,0.04,2.50597,2.20357,0,1.93608,3.38688,9.16889e+06,3.61194e+06,2.29769e+07,0,0,0,5.98956e+07
69.772,85.139,1.74809,0.23,0.02,3.25448,3.55688,0,0.609876,6.048,4.41193e+06,2.70226e+06,1.43585e+07,0,0,0,0,7.52775,61.308,2.6182,0,0.04,2.50601,2.20361,0,1.93611,3.38688,9.16889e+06,3.61194e+06,2.29773e+07,0,0,0,5.98956e+07
68.6879,85.139,2.1213,0.23,0.02,3.14603,3.44843,0,0.60989,6.048,4.41193e+06,2.70226e+06,1.388e+07,0,0,0,0,7.18933,61.308,2.88836,0,0.04,2.40003,2.09763,0,1.93614,3.38688,9.16889e+06,3.61194e+06,2.20056e+07,0,0,0,5.98956e+07
67.5492,85.139,2.07684,0.23,0.02,3.1461,3.4485,0,0.589565,6.048,4.41193e+06,2.70226e+06,1.38803e+07,0,0,0,0,7.04982,61.308,3.78741,0,0.04,2.40007,2.09767,0,1.85426,3.38688,9.16889e+06,3.61194e+06,2.2006e+07,0,0,0,5.98956e+07
66.4749,85.139,2.13129,0.27,0.02,3.14616,3.44856,0,0.589578,6.048,4.41193e+06,2.70226e+06,1.38807e+07,0,0,0,0,7.10959,61.308,4.87492,0,0.04,2.40011,2.09771,0,1.85429,3.38688,9.16889e+06,3.61194e+06,2.20064e+07,0,0,0,5.98956e+07
65.2286,85.139,1.93397,0.27,0.02,3.14623,3.44863,0,0.589591,6.048,4.41193e+06,2.70226e+06,1.3881e+07,0,0,0,0,6.98101,61.308,3.82942,0,0.04,2.40015,2.09775,0,1.85433,3.38688,9.16889e+06,3.61194e+06,2.20067e+07,0,0,0,5.98956e+07
63.9355,85.139,1.83663,0.26,0.02,3.05721,3.35961,0,0.589604,6.048,4.41193e+06,2.70226e+06,1.34882e+07,0,0,0,0,6.86131,61.308,3.63979,0,0.04,2.30368,2.00128,0,1.85436,3.38688,9.16889e+06,3.61194e+06,2.11222e+07,0,0,0,5.98956e+07
63.438,85.139,2.64366,0.26,0.02,3.05728,3.35968,0,0.572922,6.048,4.41193e+06,2.70226e+06,1.34885e+07,0,0,0,0,6.99952,61.308,3.5251,0,0.04,2.30372,2.00132,0,1.77982,3.38688,9.16889e+06,3.61194e+06,2.11225e+07,0,0,0,5.98956e+07
62.4761,85.139,2.16035,0.27,0.02,3.05735,3.35975,0,0.572935,6.048,4.41193e+06,2.70226e+06,1.34888e+07,0,0,0,0,7.33526,61.308,5.27034,0,0.04,2.30376,2.00136,0,1.77985,3.38688,9.16889e+06,3.61194e+06,2.11229e+07,0,0,0,5.98956e+07
61.3105,85.139,1.96891,0.28,0.02,3.05742,3.35982,0,0.572947,6.048,4.41193e+06,2.70226e+06,1.34891e+07,0,0,0,0,7.38231,61.308,3.62773,0,0.04,2.3038,2.0014,0,1.77988,3.38688,9.16889e+06,3.61194e+06,2.11233e+07,0,0,0,5.98956e+07
61.7718,85.139,3.54943,0.3,0.02,2.80445,3.10685,0,0.57296,6.048,4.41193e+06,2.70226e+06,1.2373e+07,0,0,0,0,7.52015,61.308,4.32302,0,0.04,2.1028,1.8004,0,1.77991,3.38688,9.16889e+06,3.61194e+06,1.92803e+07,0,0,0,5.98956e+07
60.823,85.139,2.09546,0.33,0.02,2.80451,3.10691,0,0.525553,6.048,4.41193e+06,2.70226e+06,1.23733e+07,0,0,0,0,8.08825,61.308,6.80606,0,0.04,2.10284,1.80044,0,1.62462,3.38688,9.16889e+06,3.61194e+06,1.92807e+07,0,0,0,5.98956e+07
61.8823,85.139,4.24521,0.36,0.02,2.80457,3.10697,0,0.525565,6.048,4.41193e+06,2.70226e+06,1.23736e+07,0,0,0,0,10.5825,61.308,16.0584,0,0.04,2.10287,1.80047,0,1.62465,3.38688,9.16889e+06,3.61194e+06,1.9281e+07,0,0,0,5.98956e+07
62.4902,85.139,3.60584,0.39,0.02,2.75253,3.10703,0,0.525577,6.048,4.41193e+06,3.01923e+06,1.2144e+07,0,0,0,0,10.951,61.308,7.24809,0,0.04,2.07272,1.80051,0,1.62468,3.38688,9.16889e+06,4.03561e+06,1.90045e+07,0,0,0,5.98956e+07
63.0257,85.139,3.52648,0.37,0.02,2.8047,3.1071,0,0.515824,6.048,4.41193e+06,2.70226e+06,1.23741e+07,0,0,0,0,12.4323,61.308,9.30395,0,0.04,2.10295,1.80055,0,1.60138,3.38688,9.16889e+06,3.61194e+06,1.92817e+07,0,0,0,5.98956e+07
63.3664,85.139,3.59518,0.35,0.02,2.90209,3.20449,0,0.5256,6.048,4.41193e+06,2.70226e+06,1.28038e+07,0,0,0,0,12.8721,61.308,3.82942,0,0.04,2.1612,1.8588,0,1.62474,3.38688,9.16889e+06,3.61194e+06,1.98158e+07,0,0,0,5.98956e+07
67.7767,85.139,7.65931,0.39,0.02,2.8484,3.20453,0,0.543852,6.048,4.41193e+06,3.01923e+06,1.25669e+07,0,0,0,0,13.7071,61.308,5.25817,0,0.04,2.13005,1.85882,0,1.66974,3.38688,9.16889e+06,4.03561e+06,1.95302e+07,0,0,0,5.98956e+07
75.7957,85.139,11.3148,0.42,0.02,2.63349,3.20458,0,0.53379,6.048,4.41193e+06,3.62307e+06,1.16188e+07,0,0,0,0,14.9622,61.308,6.40561,0,0.04,2.00539,1.85885,0,1.64568,3.38688,9.16889e+06,4.84273e+06,1.83872e+07,0,0,0,5.98956e+07
80.4391,85.139,8.38915,0.33,0.02,2.90222,3.20462,0,0.493516,6.048,4.41193e+06,2.70226e+06,1.28044e+07,0,0,0,0,16.1713,61.308,5.98916,0,0.04,2.16127,1.85887,0,1.54937,3.38688,9.16889e+06,3.61194e+06,1.98165e+07,0,0,0,5.98956e+07
84.6211,85.139,8.29934,0.27,0.02,3.21484,3.51724,0,0.543876,6.048,4.41193e+06,2.70226e+06,1.41836e+07,0,0,0,0,18.3172,61.308,9.42872,0,0.04,2.37987,2.07747,0,1.6698,3.38688,9.16889e+06,3.61194e+06,2.18207e+07,0,0,0,5.98956e+07
85.139,85.139,7.50107,0.27,0.02,3.21489,3.51729,0,0.602461,6.048,4.41193e+06,2.70226e+06,1.41839e+07,0,0,0,0,19.3262,61.308,4.67055,0,0.04,2.37989,2.07749,0,1.83868,3.38688,9.16889e+06,3.61194e+06,2.1821e+07,0,0,0,5.98956e+07
85.139,85.139,6.12011,0.2,0.02,3.21494,3.51734,0,0.60247,6.048,4.41193e+06,2.70226e+06,1.41841e+07,0,0,0,0,20.0626,61.308,3.86079,0,0.04,2.37992,2.07752,0,1.83871,3.38688,9.16889e+06,3.61194e+06,2.18212e+07,0,0,0,5.98956e+07
85.139,85.139,5.87558,0.21,0.02,3.21498,3.51738,0,0.602479,6.048,4.41193e+06,2.70226e+06,1.41843e+07,0,0,0,0,20.8265,61.308,4.05767,0,0.04,2.37995,2.07755,0,1.83873,3.38688,9.16889e+06,3.61194e+06,2.18215e+07,0,0,0,5.98956e+07
85.139,85.139,6.25428,0.22,0.02,2.76918,3.07158,0,0.602488,6.048,4.41193e+06,2.70226e+06,1.22174e+07,0,0,0,0,21.982,61.308,5.37295,0,0.04,2.08664,1.78424,0,1.83875,3.38688,9.16889e+06,3.61194e+06,1.91322e+07,0,0,0,5.98956e+07
85.139,85.139,4.27214,0.23,0.02,2.76922,3.07162,0,0.518943,6.048,4.41193e+06,2.70226e+06,1.22176e+07,0,0,0,0,22.6969,61.308,4.94643,0,0.04,2.08667,1.78427,0,1.61214,3.38688,9.16889e+06,3.61194e+06,1.91324e+07,0,0,0,5.98956e+07
85.139,85.139,5.87722,0.25,0.02,2.76926,3.07166,0,0.518951,6.048,4.41193e+06,2.70226e+06,1.22178e+07,0,0,0,0,23.6452,61.308,5.58651,0,0.04,2.08669,1.78429,0,1.61216,3.38688,9.16889e+06,3.61194e+06,1.91326e+07,0,0,0,5.98956e+07
85.139,85.139,5.14167,0.29,0.02,2.7693,3.0717,0,0.518959,6.048,4.41193e+06,2.70226e+06,1.2218e+07,0,0,0,0,24.4127,61.308,5.20424,0,0.04,2.08672,1.78432,0,1.61218,3.38688,9.16889e+06,3.61194e+06,1.91329e+07,0,0,0,5.98956e+07
85.139,85.139,9.13364,0.33,0.02,2.76934,3.07174,0,0.518967,6.048,4.41193e+06,2.70226e+06,1.22181e+07,0,0,0,0,25.9303,61.308,6.97306,0,0.04,2.08674,1.78434,0,1.6122,3.38688,9.16889e+06,3.61194e+06,1.91331e+07,0,0,0,5.98956e+07
85.139,85.139,8.1002,0.34,0.02,2.88162,3.18402,0,0.518975,6.048,4.41193e+06,2.70226e+06,1.27135e+07,0,0,0,0,27.2598,61.308,6.84402,0,0.04,2.15853,1.85613,0,1.61222,3.38688,9.16889e+06,3.61194e+06,1.97913e+07,0,0,0,5.98956e+07
85.139,85.139,8.27515,0.35,0.02,2.88166,3.18406,0,0.540016,6.048,4.41193e+06,2.70226e+06,1.27137e+07,0,0,0,0,28.7654,61.308,7.30627,0,0.04,2.15856,1.85616,0,1.66768,3.38688,9.16889e+06,3.61194e+06,1.97916e+07,0,0,0,5.98956e+07
85.139,85.139,7.03378,0.32,0.02,2.88171,3.18411,0,0.540024,6.048,4.41193e+06,2.70226e+06,1.27139e+07,0,0,0,0,30.155,61.308,6.88607,0,0.04,2.15858,1.85618,0,1.6677,3.38688,9.16889e+06,3.61194e+06,1.97918e+07,0,0,0,5.98956e+07
85.139,85.139,5.65795,0.28,0.02,2.88175,3.18415,0,0.540032,6.048,4.41193e+06,2.70226e+06,1.27141e+07,0,0,0,0,30.6428,61.308,4.66474,0,0.04,2.15861,1.85621,0,1.66772,3.38688,9.16889e+06,3.61194e+06,1.9792e+07,0,0,0,5.98956e+07
85.139,85.139,6.47001,0.27,0.02,2.83791,3.14031,0,0.54004,6.048,4.41193e+06,2.70226e+06,1.25206e+07,0,0,0,0,31.426,61.308,5.26698,0,0.04,2.13076,1.82836,0,1.66774,3.38688,9.16889e+06,3.61194e+06,1.95367e+07,0,0,0,5.98956e+07
85.139,85.139,4.85248,0.26,0.02,2.83795,3.14035,0,0.531824,6.048,4.41193e+06,2.70226e+06,1.25208e+07,0,0,0,0,31.81,61.308,4.41328,0,0.04,2.13078,1.82838,0,1.64622,3.38688,9.16889e+06,3.61194e+06,1.95369e+07,0,0,0,5.98956e+07
85.139,85.139,4.08561,0.24,0.02,2.83799,3.14039,0,0.531832,6.048,4.41193e+06,2.70226e+06,1.2521e+07,0,0,0,0,32.047,61.308,3.98162,0,0.04,2.13081,1.82841,0,1.64624,3.38688,9.16889e+06,3.61194e+06,1.95371e+07,0,0,0,5.98956e+07
85.139,85.139,3.43757,0.2,0.02,2.83804,3.14044,0,0.53184,6.048,4.41193e+06,2.70226e+06,1.25212e+07,0,0,0,0,32.1697,61.308,3.558,0,0.04,2.13083,1.82843,0,1.64626,3.38688,9.16889e+06,3.61194e+06,1.95374e+07,0,0,0,5.98956e+07
85.139,85.139,3.41416,0.19,0.02,2.98705,3.28945,0,0.531848,6.048,4.41193e+06,2.70226e+06,1.31787e+07,0,0,0,0,32.1888,61.308,3.11832,0,0.04,2.22971,1.92731,0,1.64628,3.38688,9.16889e+06,3.61194e+06,2.0444e+07,0,0,0,5.98956e+07
85.139,85.139,3.60754,0.17,0.02,2.9871,3.2895,0,0.559774,6.048,4.41193e+06,2.70226e+06,1.31789e+07,0,0,0,0,32.1499,61.308,2.80718,0,0.04,2.22974,1.92734,0,1.72268,3.38688,9.16889e+06,3.61194e+06,2.04442e+07,0,0,0,5.98956e+07
85.139,85.139,3.44664,0.14,0.02,2.98714,3.28954,0,0.559782,6.048,4.41193e+06,2.70226e+06,1.31791e+07,0,0,0,0,32.1143,61.308,2.98858,0,0.04,2.22977,1.92737,0,1.7227,3.38688,9.16889e+06,3.61194e+06,2.04445e+07,0,0,0,5.98956e+07
84.9807,85.139,3.18952,0.13,0.02,2.98719,3.28959,0,0.559791,6.048,4.41193e+06,2.70226e+06,1.31793e+07,0,0,0,0,32.0402,61.308,2.86729,0,0.04,2.22979,1.92739,0,1.72272,3.38688,9.16889e+06,3.61194e+06,2.04447e+07,0,0,0,5.98956e+07
84.7056,85.139,2.98215,0.16,0.02,2.98723,3.28963,0,0.559799,6.048,4.41193e+06,2.70226e+06,1.31795e+07,0,0,0,0,31.9197,61.308,2.7913,0,0.04,2.22982,1.92742,0,1.72274,3.38688,9.16889e+06,3.61194e+06,2.04449e+07,0,0,0,5.98956e+07
84.1605,85.139,2.68325,0.15,0.02,2.95782,3.26022,0,0.559808,6.048,4.41193e+06,2.70226e+06,1.30497e+07,0,0,0,0,31.5811,61.308,2.25563,0,0.04,2.28418,1.98178,0,1.72276,3.38688,9.16889e+06,3.61194e+06,2.09434e+07,0,0,0,5.98956e+07
83.5033,85.139,2.53584,0.14,0.02,2.95786,3.26026,0,0.554295,6.048,4.41193e+06,2.70226e+06,1.30499e+07,0,0,0,0,31.1964,61.308,2.17542,0,0.04,2.28421,1.98181,0,1.76476,3.38688,9.16889e+06,3.61194e+06,2.09436e+07,0,0,0,5.98956e+07
82.7325,85.139,2.39937,0.14,0.02,2.9579,3.2603,0,0.554303,6.048,4.41193e+06,2.70226e+06,1.30501e+07,0,0,0,0,30.7677,61.308,2.06972,0,0.04,2.28423,1.98183,0,1.76478,3.38688,9.16889e+06,3.61194e+06,2.09439e+07,0,0,0,5.98956e+07
81.8035,85.139,2.22761,0.13,0.02,2.95795,3.26035,0,0.554311,6.048,4.41193e+06,2.70226e+06,1.30503e+07,0,0,0,0,30.2975,61.308,1.94321,0,0.04,2.28426,1.98186,0,1.7648,3.38688,9.16889e+06,3.61194e+06,2.09441e+07,0,0,0,5.98956e+07
80.4909,85.139,1.86056,0.13,0.02,3.03408,3.33648,0,0.55432,6.048,4.41193e+06,2.70226e+06,1.33862e+07,0,0,0,0,29.7628,61.308,1.6523,0,0.04,2.33272,2.03032,0,1.76482,3.38688,9.16889e+06,3.61194e+06,2.13884e+07,0,0,0,5.98956e+07
79.3271,85.139,2.01071,0.13,0.02,3.03413,3.33653,0,0.568587,6.048,4.41193e+06,2.70226e+06,1.33864e+07,0,0,0,0,29.3139,61.308,1.94566,0,0.04,2.33274,2.03034,0,1.80226,3.38688,9.16889e+06,3.61194e+06,2.13887e+07,0,0,0,5.98956e+07
78.0245,85.139,1.83478,0.2,0.02,3.03417,3.33657,0,0.568596,6.048,4.41193e+06,2.70226e+06,1.33866e+07,0,0,0,0,28.7964,61.308,1.96603,0,0.04,2.33277,2.03037,0,1.80228,3.38688,9.16889e+06,3.61194e+06,2.13889e+07,0,0,0,5.98956e+07
76.5877,85.139,1.6847,0.19,0.02,3.03422,3.33662,0,0.568604,6.048,4.41193e+06,2.70226e+06,1.33868e+07,0,0,0,0,28.2516,61.308,1.70839,0,0.04,2.3328,2.0304,0,1.8023,3.38688,9.16889e+06,3.61194e+06,2.13892e+07,0,0,0,5.98956e+07
74.9879,85.139,1.68957,0.19,0.02,3.25711,3.55951,0,0.568613,6.048,4.41193e+06,2.70226e+06,1.43701e+07,0,0,0,0,27.6123,61.308,1.85199,0,0.04,2.50764,2.20524,0,1.80232,3.38688,9.16889e+06,3.61194e+06,2.29923e+07,0,0,0,5.98956e+07
73.235,85.139,1.50697,0.18,0.02,3.25716,3.55956,0,0.610382,6.048,4.41193e+06,2.70226e+06,1.43703e+07,0,0,0,0,26.9981,61.308,1.44115,0,0.04,2.50767,2.20527,0,1.9374,3.38688,9.16889e+06,3.61194e+06,2.29925e+07,0,0,0,5.98956e+07
71.5888,85.139,1.62326,0.23,0.02,3.2572,3.5596,0,0.610391,6.048,4.41193e+06,2.70226e+06,1.43706e+07,0,0,0,0,26.1816,61.308,1.77548,0,0.04,2.5077,2.2053,0,1.93743,3.38688,9.16889e+06,3.61194e+06,2.29928e+07,0,0,0,5.98956e+07
69.6898,85.139,1.34608,0.23,0.02,3.25725,3.55965,0,0.6104,6.048,4.41193e+06,2.70226e+06,1.43708e+07,0,0,0,0,25.5395,61.308,1.23018,0,0.04,2.50773,2.20533,0,1.93745,3.38688,9.16889e+06,3.61194e+06,2.29931e+07,0,0,0,5.98956e+07
68.1144,85.139,1.64917,0.23,0.02,3.2573,3.5597,0,0.610409,6.048,4.41193e+06,2.70226e+06,1.4371e+07,0,0,0,0,25.099,61.308,2.36477,0,0.04,2.50776,2.20536,0,1.93747,3.38688,9.16889e+06,3.61194e+06,2.29934e+07,0,0,0,5.98956e+07
66.2268,85.139,1.29569,0.23,0.02,3.14874,3.45114,0,0.610418,6.048,4.41193e+06,2.70226e+06,1.3892e+07,0,0,0,0,24.5443,61.308,1.60281,0,0.04,2.40168,2.09928,0,1.93749,3.38688,9.16889e+06,3.61194e+06,2.20207e+07,0,0,0,5.98956e+07
65.1946,85.139,2.12723,0.28,0.02,3.14878,3.45118,0,0.590073,6.048,4.41193e+06,2.70226e+06,1.38922e+07,0,0,0,0,24.183,61.308,2.87072,0,0.04,2.40171,2.09931,0,1.85554,3.38688,9.16889e+06,3.61194e+06,2.2021e+07,0,0,0,5.98956e+07
63.1511,85.139,1.10579,0.27,0.02,3.14883,3.45123,0,0.590082,6.048,4.41193e+06,2.70226e+06,1.38924e+07,0,0,0,0,23.5657,61.308,1.7386,0,0.04,2.40174,2.09934,0,1.85556,3.38688,9.16889e+06,3.61194e+06,2.20212e+07,0,0,0,5.98956e+07
61.1587,85.139,1.09213,0.27,0.02,3.14888,3.45128,0,0.590091,6.048,4.41193e+06,2.70226e+06,1.38926e+07,0,0,0,0,22.8244,61.308,1.55949,0,0.04,2.40176,2.09936,0,1.85558,3.38688,9.16889e+06,3.61194e+06,2.20215e+07,0,0,0,5.98956e+07
59.0919,85.139,1.04364,0.3,0.02,3.05977,3.36217,0,0.5901,6.048,4.41193e+06,2.70226e+06,1.34995e+07,0,0,0,0,21.9478,61.308,1.43318,0,0.04,2.3052,2.0028,0,1.8556,3.38688,9.16889e+06,3.61194e+06,2.11361e+07,0,0,0,5.98956e+07
57.0588,85.139,1.05979,0.31,0.02,3.05982,3.36222,0,0.573401,6.048,4.41193e+06,2.70226e+06,1.34997e+07,0,0,0,0,21.449,61.308,1.15782,0,0.04,2.30523,2.00283,0,1.781,3.38688,9.16889e+06,3.61194e+06,2.11364e+07,0,0,0,5.98956e+07
56.8691,85.139,2.99345,0.31,0.02,3.05986,3.36226,0,0.573409,6.048,4.41193e+06,2.70226e+06,1.34999e+07,0,0,0,0,21.6923,61.308,4.01466,0,0.04,2.30525,2.00285,0,1.78102,3.38688,9.16889e+06,3.61194e+06,2.11366e+07,0,0,0,5.98956e+07
56.0905,85.139,2.44011,0.31,0.02,3.05991,3.36231,0,0.573418,6.048,4.41193e+06,2.70226e+06,1.35001e+07,0,0,0,0,21.6922,61.308,3.49311,0,0.04,2.30528,2.00288,0,1.78104,3.38688,9.16889e+06,3.61194e+06,2.11369e+07,0,0,0,5.98956e+07
56.1252,85.139,2.96449,0.37,0.02,2.80673,3.10913,0,0.573427,6.048,4.41193e+06,2.70226e+06,1.23831e+07,0,0,0,0,22.0009,61.308,3.92265,0,0.04,2.10412,1.80172,0,1.78106,3.38688,9.16889e+06,3.61194e+06,1.92925e+07,0,0,0,5.98956e+07
55.6477,85.139,2.39477,0.41,0.02,2.54608,3.10917,0,0.525981,6.048,4.41193e+06,3.62307e+06,1.12331e+07,0,0,0,0,22.2453,61.308,3.82963,0,0.04,1.95308,1.80175,0,1.62565,3.38688,9.16889e+06,4.84273e+06,1.79076e+07,0,0,0,5.98956e+07
56.5206,85.139,3.70448,0.43,0.02,2.54612,3.10921,0,0.477136,6.048,4.41193e+06,3.62307e+06,1.12333e+07,0,0,0,0,22.7726,61.308,4.54,0,0.04,1.9531,1.80177,0,1.50895,3.38688,9.16889e+06,4.84273e+06,1.79078e+07,0,0,0,5.98956e+07
57.3019,85.139,3.83582,0.44,0.02,2.54616,3.10926,0,0.477143,6.048,4.41193e+06,3.62307e+06,1.12335e+07,0,0,0,0,23.2315,61.308,4.34834,0,0.04,1.95313,1.8018,0,1.50897,3.38688,9.16889e+06,4.84273e+06,1.7908e+07,0,0,0,5.98956e+07
56.4641,85.139,1.90953,0.44,0.02,2.5462,3.1093,0,0.477151,6.048,4.41193e+06,3.62307e+06,1.12336e+07,0,0,0,0,23.0578,61.308,2.46122,0,0.04,1.95315,1.80182,0,1.50898,3.38688,9.16889e+06,4.84273e+06,1.79082e+07,0,0,0,5.98956e+07
59.88,85.139,6.51506,0.53,0.02,2.5462,3.1093,0,0.477158,6.048,4.41193e+06,3.62307e+06,1.12336e+07,0,0,0,0,24.3134,61.308,6.68382,0,0.04,1.95315,1.80182,0,1.509,3.38688,9.16889e+06,4.84273e+06,1.79082e+07,0,0,0,5.98956e+07
62.6849,85.139,6.00496,0.5,0.02,2.63547,3.20674,0,0.477158,6.048,4.41193e+06,3.62307e+06,1.16275e+07,0,0,0,0,25.047,61.308,5.53624,0,0.04,2.00654,1.8601,0,1.509,3.38688,9.16889e+06,4.84273e+06,1.83978e+07,0,0,0,5.98956e+07
64.88,85.139,5.35426,0.42,0.02,2.63549,3.20676,0,0.493887,6.048,4.41193e+06,3.62307e+06,1.16276e+07,0,0,0,0,25.5907,61.308,5.29326,0,0.04,2.00655,1.86012,0,1.55025,3.38688,9.16889e+06,4.84273e+06,1.83979e+07,0,0,0,5.98956e+07
65.772,85.139,3.98827,0.44,0.02,2.63551,3.20679,0,0.493891,6.048,4.41193e+06,3.62307e+06,1.16277e+07,0,0,0,0,25.7557,61.308,4.02349,0,0.04,2.00657,1.86013,0,1.55026,3.38688,9.16889e+06,4.84273e+06,1.8398e+07,0,0,0,5.98956e+07
68.3675,85.139,5.87546,0.45,0.02,2.63554,3.20681,0,0.493895,6.048,4.41193e+06,3.62307e+06,1.16278e+07,0,0,0,0,26.0884,61.308,4.77707,0,0.04,2.00658,1.86014,0,1.55027,3.38688,9.16889e+06,4.84273e+06,1.83981e+07,0,0,0,5.98956e+07
72.3735,85.139,8.1045,0.39,0.02,3.1582,3.51962,0,0.493899,6.048,4.41193e+06,3.01923e+06,1.39338e+07,0,0,0,0,26.9109,61.308,6.64673,0,0.04,2.34641,2.07887,0,1.55028,3.38688,9.16889e+06,4.03561e+06,2.1514e+07,0,0,0,5.98956e+07
75.5297,85.139,6.94084,0.42,0.02,2.92214,3.51965,0,0.591847,6.048,4.41193e+06,3.62307e+06,1.28923e+07,0,0,0,0,27.3932,61.308,5.37341,0,0.04,2.20698,2.07889,0,1.81284,3.38688,9.16889e+06,4.84273e+06,2.02356e+07,0,0,0,5.98956e+07
81.1291,85.139,9.88247,0.37,0.02,3.21727,3.51967,0,0.54761,6.048,4.41193e+06,2.70226e+06,1.41944e+07,0,0,0,0,28.4194,61.308,7.91157,0,0.04,2.3813,2.0789,0,1.70511,3.38688,9.16889e+06,3.61194e+06,2.18339e+07,0,0,0,5.98956e+07
85.139,85.139,9.72333,0.31,0.02,3.2173,3.5197,0,0.602917,6.048,4.41193e+06,2.70226e+06,1.41945e+07,0,0,0,0,30.073,61.308,9.49101,0,0.04,2.38132,2.07892,0,1.83979,3.38688,9.16889e+06,3.61194e+06,2.1834e+07,0,0,0,5.98956e+07
85.139,85.139,6.25279,0.23,0.02,2.77118,3.07358,0,0.602922,6.048,4.41193e+06,2.70226e+06,1.22262e+07,0,0,0,0,31.3917,61.308,6.90404,0,0.04,2.08781,1.78541,0,1.83981,3.38688,9.16889e+06,3.61194e+06,1.91429e+07,0,0,0,5.98956e+07
85.139,85.139,5.5974,0.25,0.02,2.7712,3.0736,0,0.519319,6.048,4.41193e+06,2.70226e+06,1.22263e+07,0,0,0,0,32.4712,61.308,6.87825,0,0.04,2.08782,1.78542,0,1.61304,3.38688,9.16889e+06,3.61194e+06,1.9143e+07,0,0,0,5.98956e+07
85.139,85.139,7.71336,0.29,0.02,2.77122,3.07362,0,0.519323,6.048,4.41193e+06,2.70226e+06,1.22264e+07,0,0,0,0,33.8454,61.308,7.7604,0,0.04,2.08783,1.78543,0,1.61305,3.38688,9.16889e+06,3.61194e+06,1.91431e+07,0,0,0,5.98956e+07
85.139,85.139,6.733,0.33,0.02,2.77124,3.07364,0,0.519327,6.048,4.41193e+06,2.70226e+06,1.22265e+07,0,0,0,0,34.9899,61.308,7.24184,0,0.04,2.08785,1.78545,0,1.61306,3.38688,9.16889e+06,3.61194e+06,1.91432e+07,0,0,0,5.98956e+07
85.139,85.139,7.93646,0.34,0.02,2.77127,3.07367,0,0.519331,6.048,4.41193e+06,2.70226e+06,1.22266e+07,0,0,0,0,36.9113,61.308,8.79577,0,0.04,2.08786,1.78546,0,1.61307,3.38688,9.16889e+06,3.61194e+06,1.91433e+07,0,0,0,5.98956e+07
85.139,85.139,9.55775,0.34,0.02,2.8836,3.186,0,0.519335,6.048,4.41193e+06,2.70226e+06,1.27222e+07,0,0,0,0,39.5626,61.308,10.2922,0,0.04,2.15968,1.85728,0,1.61308,3.38688,9.16889e+06,3.61194e+06,1.98019e+07,0,0,0,5.98956e+07
85.139,85.139,6.86403,0.32,0.02,2.88362,3.18602,0,0.540386,6.048,4.41193e+06,2.70226e+06,1.27223e+07,0,0,0,0,41.1606,61.308,8.10424,0,0.04,2.15969,1.85729,0,1.66857,3.38688,9.16889e+06,3.61194e+06,1.9802e+07,0,0,0,5.98956e+07
85.139,85.139,5.89404,0.27,0.02,2.88364,3.18604,0,0.54039,6.048,4.41193e+06,2.70226e+06,1.27224e+07,0,0,0,0,42.7896,61.308,7.69931,0,0.04,2.15971,1.85731,0,1.66858,3.38688,9.16889e+06,3.61194e+06,1.98021e+07,0,0,0,5.98956e+07
85.139,85.139,4.17551,0.27,0.02,2.88366,3.18606,0,0.540394,6.048,4.41193e+06,2.70226e+06,1.27225e+07,0,0,0,0,43.3531,61.308,4.75699,0,0.04,2.15972,1.85732,0,1.66859,3.38688,9.16889e+06,3.61194e+06,1.98022e+07,0,0,0,5.98956e+07
85.139,85.139,3.70159,0.26,0.02,2.83978,3.14218,0,0.540399,6.048,4.41193e+06,2.70226e+06,1.25289e+07,0,0,0,0,43.4246,61.308,3.46789,0,0.04,2.13184,1.82944,0,1.6686,3.38688,9.16889e+06,3.61194e+06,1.95466e+07,0,0,0,5.98956e+07
85.139,85.139,5.07239,0.24,0.02,2.8398,3.1422,0,0.532174,6.048,4.41193e+06,2.70226e+06,1.2529e+07,0,0,0,0,43.5828,61.308,3.86999,0,0.04,2.13186,1.82946,0,1.64706,3.38688,9.16889e+06,3.61194e+06,1.95468e+07,0,0,0,5.98956e+07
85.139,85.139,3.25652,0.2,0.02,2.83982,3.14222,0,0.532178,6.048,4.41193e+06,2.70226e+06,1.25291e+07,0,0,0,0,43.5782,61.308,3.21692,0,0.04,2.13187,1.82947,0,1.64707,3.38688,9.16889e+06,3.61194e+06,1.95469e+07,0,0,0,5.98956e+07
85.0049,85.139,3.0372,0.19,0.02,2.83984,3.14224,0,0.532183,6.048,4.41193e+06,2.70226e+06,1.25292e+07,0,0,0,0,43.465,61.308,2.84611,0,0.04,2.13188,1.82948,0,1.64708,3.38688,9.16889e+06,3.61194e+06,1.9547e+07,0,0,0,5.98956e+07
84.7958,85.139,3.03216,0.27,0.02,2.98893,3.29133,0,0.532187,6.048,4.41193e+06,2.70226e+06,1.31869e+07,0,0,0,0,43.2631,61.308,2.44877,0,0.04,2.23081,1.92841,0,1.64709,3.38688,9.16889e+06,3.61194e+06,2.0454e+07,0,0,0,5.98956e+07
84.4631,85.139,2.84315,0.21,0.02,2.98895,3.29135,0,0.560125,6.048,4.41193e+06,2.70226e+06,1.3187e+07,0,0,0,0,43.0086,61.308,2.24218,0,0.04,2.23082,1.92842,0,1.72352,3.38688,9.16889e+06,3.61194e+06,2.04542e+07,0,0,0,5.98956e+07
84.096,85.139,2.79766,0.19,0.02,2.98898,3.29138,0,0.560129,6.048,4.41193e+06,2.70226e+06,1.31871e+07,0,0,0,0,42.7565,61.308,2.31272,0,0.04,2.23084,1.92844,0,1.72353,3.38688,9.16889e+06,3.61194e+06,2.04543e+07,0,0,0,5.98956e+07
83.4445,85.139,2.51695,0.16,0.02,2.989,3.2914,0,0.560134,6.048,4.41193e+06,2.70226e+06,1.31873e+07,0,0,0,0,42.4793,61.308,2.29321,0,0.04,2.23085,1.92845,0,1.72355,3.38688,9.16889e+06,3.61194e+06,2.04544e+07,0,0,0,5.98956e+07
82.334,85.139,2.0335,0.15,0.02,2.98902,3.29142,0,0.560138,6.048,4.41193e+06,2.70226e+06,1.31874e+07,0,0,0,0,42.1298,61.308,2.11881,0,0.04,2.23087,1.92847,0,1.72356,3.38688,9.16889e+06,3.61194e+06,2.04546e+07,0,0,0,5.98956e+07
81.1717,85.139,1.92172,0.14,0.02,2.95957,3.26197,0,0.560143,6.048,4.41193e+06,2.70226e+06,1.30574e+07,0,0,0,0,41.7311,61.308,2.04287,0,0.04,2.28525,1.98285,0,1.72357,3.38688,9.16889e+06,3.61194e+06,2.09532e+07,0,0,0,5.98956e+07
79.9265,85.139,1.81921,0.14,0.02,2.95959,3.26199,0,0.554623,6.048,4.41193e+06,2.70226e+06,1.30575e+07,0,0,0,0,41.2878,61.308,1.94147,0,0.04,2.28526,1.98286,0,1.76558,3.38688,9.16889e+06,3.61194e+06,2.09533e+07,0,0,0,5.98956e+07
78.5645,85.139,1.68851,0.13,0.02,2.95962,3.26202,0,0.554627,6.048,4.41193e+06,2.70226e+06,1.30576e+07,0,0,0,0,40.6218,61.308,1.82127,0,0.04,2.28527,1.98287,0,1.76559,3.38688,9.16889e+06,3.61194e+06,2.09534e+07,0,0,0,5.98956e+07
76.9789,85.139,1.43157,0.19,0.02,2.95964,3.26204,0,0.554632,6.048,4.41193e+06,2.70226e+06,1.30577e+07,0,0,0,0,39.9374,61.308,1.46069,0,0.04,2.28529,1.98289,0,1.7656,3.38688,9.16889e+06,3.61194e+06,2.09536e+07,0,0,0,5.98956e+07
75.3919,85.139,1.49733,0.2,0.02,3.03579,3.33819,0,0.554636,6.048,4.41193e+06,2.70226e+06,1.33937e+07,0,0,0,0,39.3446,61.308,1.59674,0,0.04,2.33376,2.03136,0,1.76561,3.38688,9.16889e+06,3.61194e+06,2.1398e+07,0,0,0,5.98956e+07
73.6923,85.139,1.35103,0.2,0.02,3.03582,3.33822,0,0.568908,6.048,4.41193e+06,2.70226e+06,1.33938e+07,0,0,0,0,38.5261,61.308,1.54708,0,0.04,2.33377,2.03137,0,1.80306,3.38688,9.16889e+06,3.61194e+06,2.13981e+07,0,0,0,5.98956e+07
71.8917,85.139,1.23083,0.24,0.02,3.03584,3.33824,0,0.568912,6.048,4.41193e+06,2.70226e+06,1.33939e+07,0,0,0,0,37.9322,61.308,1.33667,0,0.04,2.33379,2.03139,0,1.80307,3.38688,9.16889e+06,3.61194e+06,2.13982e+07,0,0,0,5.98956e+07
70.1434,85.139,1.25762,0.25,0.02,3.03587,3.33827,0,0.568917,6.048,4.41193e+06,2.70226e+06,1.3394e+07,0,0,0,0,37.1809,61.308,1.63564,0,0.04,2.3338,2.0314,0,1.80308,3.38688,9.16889e+06,3.61194e+06,2.13984e+07,0,0,0,5.98956e+07
67.7152,85.139,0.731311,0.23,0.02,3.25884,3.56124,0,0.568921,6.048,4.41193e+06,2.70226e+06,1.43778e+07,0,0,0,0,36.2833,61.308,1.34169,0,0.04,2.50871,2.20631,0,1.80309,3.38688,9.16889e+06,3.61194e+06,2.30021e+07,0,0,0,5.98956e+07
65.3241,85.139,0.740408,0.27,0.02,3.25887,3.56127,0,0.610707,6.048,4.41193e+06,2.70226e+06,1.43779e+07,0,0,0,0,35.6061,61.308,1.28663,0,0.04,2.50873,2.20633,0,1.93823,3.38688,9.16889e+06,3.61194e+06,2.30022e+07,0,0,0,5.98956e+07
63.2874,85.139,1.09157,0.28,0.02,3.25889,3.56129,0,0.610712,6.048,4.41193e+06,2.70226e+06,1.4378e+07,0,0,0,0,34.9961,61.308,1.54431,0,0.04,2.50874,2.20634,0,1.93824,3.38688,9.16889e+06,3.61194e+06,2.30024e+07,0,0,0,5.98956e+07
61.6872,85.139,1.55994,0.28,0.02,3.25892,3.56132,0,0.610716,6.048,4.41193e+06,2.70226e+06,1.43781e+07,0,0,0,0,34.274,61.308,1.69737,0,0.04,2.50876,2.20636,0,1.93826,3.38688,9.16889e+06,3.61194e+06,2.30025e+07,0,0,0,5.98956e+07
59.9994,85.139,1.36344,0.3,0.02,3.25894,3.56134,0,0.610721,6.048,4.41193e+06,2.70226e+06,1.43782e+07,0,0,0,0,33.3917,61.308,1.29763,0,0.04,2.50878,2.20638,0,1.93827,3.38688,9.16889e+06,3.61194e+06,2.30027e+07,0,0,0,5.98956e+07
58.2797,85.139,1.29006,0.3,0.02,3.15031,3.45271,0,0.610726,6.048,4.41193e+06,2.70226e+06,1.38989e+07,0,0,0,0,32.789,61.308,1.30308,0,0.04,2.40263,2.10023,0,1.93828,3.38688,9.16889e+06,3.61194e+06,2.20295e+07,0,0,0,5.98956e+07
56.7333,85.139,1.47113,0.3,0.02,3.15033,3.45273,0,0.590368,6.048,4.41193e+06,2.70226e+06,1.3899e+07,0,0,0,0,32.2767,61.308,1.64821,0,0.04,2.40265,2.10025,0,1.85627,3.38688,9.16889e+06,3.61194e+06,2.20296e+07,0,0,0,5.98956e+07
55.1486,85.139,1.4378,0.32,0.02,3.15036,3.45276,0,0.590373,6.048,4.41193e+06,2.70226e+06,1.38992e+07,0,0,0,0,31.7794,61.308,1.60645,0,0.04,2.40266,2.10026,0,1.85629,3.38688,9.16889e+06,3.61194e+06,2.20298e+07,0,0,0,5.98956e+07
55.0929,85.139,3.07435,0.33,0.02,3.15038,3.45278,0,0.590377,6.048,4.41193e+06,2.70226e+06,1.38993e+07,0,0,0,0,31.5093,61.308,2.29931,0,0.04,2.40268,2.10028,0,1.8563,3.38688,9.16889e+06,3.61194e+06,2.20299e+07,0,0,0,5.98956e+07
56.1404,85.139,4.15532,0.33,0.02,3.06121,3.36361,0,0.590382,6.048,4.41193e+06,2.70226e+06,1.35059e+07,0,0,0,0,31.3644,61.308,3.04613,0,0.04,2.30606,2.00366,0,1.85631,3.38688,9.16889e+06,3.61194e+06,2.1144e+07,0,0,0,5.98956e+07
59.3158,85.139,6.4593,0.32,0.02,3.06124,3.36364,0,0.573672,6.048,4.41193e+06,2.70226e+06,1.3506e+07,0,0,0,0,31.539,61.308,4.08222,0,0.04,2.30608,2.00368,0,1.78166,3.38688,9.16889e+06,3.61194e+06,2.11441e+07,0,0,0,5.98956e+07
61.8688,85.139,5.834,0.31,0.02,3.06126,3.36366,0,0.573676,6.048,4.41193e+06,2.70226e+06,1.35061e+07,0,0,0,0,31.87,61.308,4.31083,0,0.04,2.30609,2.00369,0,1.78167,3.38688,9.16889e+06,3.61194e+06,2.11443e+07,0,0,0,5.98956e+07
63.8025,85.139,5.2353,0.3,0.02,3.06129,3.36369,0,0.573681,6.048,4.41193e+06,2.70226e+06,1.35062e+07,0,0,0,0,31.9248,61.308,3.66069,0,0.04,2.3061,2.0037,0,1.78168,3.38688,9.16889e+06,3.61194e+06,2.11444e+07,0,0,0,5.98956e+07
66.6351,85.139,5.89157,0.29,0.02,2.80799,3.11039,0,0.573685,6.048,4.41193e+06,2.70226e+06,1.23886e+07,0,0,0,0,31.8586,61.308,3.50745,0,0.04,2.10485,1.80245,0,1.7817,3.38688,9.16889e+06,3.61194e+06,1.92991e+07,0,0,0,5.98956e+07
70.0154,85.139,6.59112,0.32,0.02,2.80801,3.11041,0,0.526217,6.048,4.41193e+06,2.70226e+06,1.23887e+07,0,0,0,0,31.8515,61.308,3.43628,0,0.04,2.10487,1.80247,0,1.62621,3.38688,9.16889e+06,3.61194e+06,1.92993e+07,0,0,0,5.98956e+07
74.901,85.139,8.17581,0.28,0.02,2.80803,3.11043,0,0.526221,6.048,4.41193e+06,2.70226e+06,1.23888e+07,0,0,0,0,32.7017,61.308,6.43388,0,0.04,2.10488,1.80248,0,1.62622,3.38688,9.16889e+06,3.61194e+06,1.92994e+07,0,0,0,5.98956e+07
82.5192,85.139,11.1212,0.26,0.02,2.80805,3.11045,0,0.526225,6.048,4.41193e+06,2.70226e+06,1.23889e+07,0,0,0,0,33.8607,61.308,8.10185,0,0.04,2.10489,1.80249,0,1.62623,3.38688,9.16889e+06,3.61194e+06,1.92995e+07,0,0,0,5.98956e+07
85.139,85.139,7.26215,0.21,0.02,2.80808,3.11048,0,0.526229,6.048,4.41193e+06,2.70226e+06,1.2389e+07,0,0,0,0,34.0639,61.308,5.00377,0,0.04,2.1049,1.8025,0,1.62624,3.38688,9.16889e+06,3.61194e+06,1.92996e+07,0,0,0,5.98956e+07
85.139,85.139,14.5837,0.13,0.02,2.90554,3.20794,0,0.526234,6.048,4.41193e+06,2.70226e+06,1.2819e+07,0,0,0,0,35.8792,61.308,11.3838,0,0.04,2.1632,1.8608,0,1.62625,3.38688,9.16889e+06,3.61194e+06,1.98341e+07,0,0,0,5.98956e+07
85.139,85.139,9.24155,0.14,0.02,2.90554,3.20794,0,0.544498,6.048,4.41193e+06,2.70226e+06,1.2819e+07,0,0,0,0,36.8706,61.308,6.77618,0,0.04,2.1632,1.8608,0,1.67129,3.38688,9.16889e+06,3.61194e+06,1.98341e+07,0,0,0,5.98956e+07
85.139,85.139,9.26482,0.14,0.02,2.90554,3.20794,0,0.544498,6.048,4.41193e+06,2.70226e+06,1.2819e+07,0,0,0,0,38.243,61.308,8.75527,0,0.04,2.1632,1.8608,0,1.67129,3.38688,9.16889e+06,3.61194e+06,1.98341e+07,0,0,0,5.98956e+07
85.139,85.139,8.5894,0.17,0.02,2.90555,3.20795,0,0.544499,6.048,4.41193e+06,2.70226e+06,1.28191e+07,0,0,0,0,39.2334,61.308,6.37692,0,0.04,2.1632,1.8608,0,1.67129,3.38688,9.16889e+06,3.61194e+06,1.98342e+07,0,0,0,5.98956e+07
85.139,85.139,6.91124,0.18,0.02,3.21845,3.52085,0,0.544499,6.048,4.41193e+06,2.70226e+06,1.41995e+07,0,0,0,0,40.3455,61.308,6.80124,0,0.04,2.38199,2.07959,0,1.67129,3.38688,9.16889e+06,3.61194e+06,2.18402e+07,0,0,0,5.98956e+07
85.139,85.139,7.1371,0.2,0.02,3.21845,3.52085,0,0.603137,6.048,4.41193e+06,2.70226e+06,1.41996e+07,0,0,0,0,41.0487,61.308,5.41595,0,0.04,2.382,2.0796,0,1.84033,3.38688,9.16889e+06,3.61194e+06,2.18403e+07,0,0,0,5.98956e+07
85.139,85.139,5.20918,0.21,0.02,3.21845,3.52085,0,0.603137,6.048,4.41193e+06,2.70226e+06,1.41996e+07,0,0,0,0,41.644,61.308,4.89359,0,0.04,2.382,2.0796,0,1.84033,3.38688,9.16889e+06,3.61194e+06,2.18403e+07,0,0,0,5.98956e+07
85.139,85.139,9.04461,0.2,0.02,3.21846,3.52086,0,0.603138,6.048,4.41193e+06,2.70226e+06,1.41996e+07,0,0,0,0,43.7103,61.308,9.30006,0,0.04,2.382,2.0796,0,1.84033,3.38688,9.16889e+06,3.61194e+06,2.18403e+07,0,0,0,5.98956e+07
85.139,85.139,9.18609,0.21,0.02,2.77217,3.07457,0,0.603139,6.048,4.41193e+06,2.70226e+06,1.22306e+07,0,0,0,0,45.6596,61.308,8.81965,0,0.04,2.08838,1.78598,0,1.84033,3.38688,9.16889e+06,3.61194e+06,1.91481e+07,0,0,0,5.98956e+07
85.139,85.139,9.14034,0.23,0.02,2.77217,3.07457,0,0.519504,6.048,4.41193e+06,2.70226e+06,1.22306e+07,0,0,0,0,47.2324,61.308,7.61926,0,0.04,2.08838,1.78598,0,1.61348,3.38688,9.16889e+06,3.61194e+06,1.91481e+07,0,0,0,5.98956e+07
85.139,85.139,9.90999,0.28,0.02,2.77217,3.07457,0,0.519505,6.048,4.41193e+06,2.70226e+06,1.22306e+07,0,0,0,0,49.7134,61.308,8.79637,0,0.04,2.08838,1.78598,0,1.61348,3.38688,9.16889e+06,3.61194e+06,1.91482e+07,0,0,0,5.98956e+07
85.139,85.139,11.8106,0.32,0.02,2.77218,3.07458,0,0.519505,6.048,4.41193e+06,2.70226e+06,1.22306e+07,0,0,0,0,52.8846,61.308,12.0205,0,0.04,2.08839,1.78599,0,1.61349,3.38688,9.16889e+06,3.61194e+06,1.91482e+07,0,0,0,5.98956e+07
85.139,85.139,8.67356,0.32,0.02,2.77218,3.07458,0,0.519506,6.048,4.41193e+06,2.70226e+06,1.22307e+07,0,0,0,0,59.6562,61.308,15.7683,0,0.04,2.08839,1.78599,0,1.61349,3.38688,9.16889e+06,3.61194e+06,1.91482e+07,0,0,0,5.98956e+07
85.139,85.139,9.64648,0.34,0.02,2.88452,3.18692,0,0.519506,6.048,4.41193e+06,2.70226e+06,1.27263e+07,0,0,0,0,62.3362,61.308,16.1028,0,0.04,2.16022,1.85782,0,1.61349,3.38688,9.16889e+06,3.61194e+06,1.98068e+07,0,0,0,5.98956e+07
85.139,85.139,7.86391,0.32,0.02,2.88452,3.18692,0,0.540559,6.048,4.41193e+06,2.70226e+06,1.27263e+07,0,0,0,0,62.3362,61.308,15.5187,0,0.04,2.16022,1.85782,0,1.66899,3.38688,9.16889e+06,3.61194e+06,1.98068e+07,0,0,0,5.98956e+07
85.139,85.139,6.32679,0.29,0.02,2.88453,3.18693,0,0.54056,6.048,4.41193e+06,2.70226e+06,1.27263e+07,0,0,0,0,62.3362,61.308,10.4527,0,0.04,2.16022,1.85782,0,1.66899,3.38688,9.16889e+06,3.61194e+06,1.98069e+07,0,0,0,5.98956e+07
85.139,85.139,6.4339,0.27,0.02,2.88453,3.18693,0,0.540561,6.048,4.41193e+06,2.70226e+06,1.27263e+07,0,0,0,0,62.3362,61.308,6.96002,0,0.04,2.16023,1.85783,0,1.66899,3.38688,9.16889e+06,3.61194e+06,1.98069e+07,0,0,0,5.98956e+07
85.139,85.139,5.34418,0.25,0.02,2.84061,3.14301,0,0.540561,6.048,4.41193e+06,2.70226e+06,1.25326e+07,0,0,0,0,62.3362,61.308,6.01492,0,0.04,2.13233,1.82993,0,1.66899,3.38688,9.16889e+06,3.61194e+06,1.95511e+07,0,0,0,5.98956e+07
85.139,85.139,5.84079,0.25,0.02,2.84061,3.14301,0,0.53233,6.048,4.41193e+06,2.70226e+06,1.25326e+07,0,0,0,0,62.3362,61.308,6.70806,0,0.04,2.13233,1.82993,0,1.64744,3.38688,9.16889e+06,3.61194e+06,1.95511e+07,0,0,0,5.98956e+07
85.139,85.139,5.44987,0.21,0.02,2.84062,3.14302,0,0.532331,6.048,4.41193e+06,2.70226e+06,1.25326e+07,0,0,0,0,62.3362,61.308,6.90716,0,0.04,2.13233,1.82993,0,1.64744,3.38688,9.16889e+06,3.61194e+06,1.95511e+07,0,0,0,5.98956e+07
85.139,85.139,4.63433,0.19,0.02,2.84062,3.14302,0,0.532331,6.048,4.41193e+06,2.70226e+06,1.25326e+07,0,0,0,0,62.3362,61.308,6.17043,0,0.04,2.13234,1.82994,0,1.64744,3.38688,9.16889e+06,3.61194e+06,1.95511e+07,0,0,0,5.98956e+07
85.139,85.139,4.65626,0.18,0.02,2.98972,3.29212,0,0.532332,6.048,4.41193e+06,2.70226e+06,1.31904e+07,0,0,0,0,62.3362,61.308,4.48067,0,0.04,2.23127,1.92887,0,1.64744,3.38688,9.16889e+06,3.61194e+06,2.04583e+07,0,0,0,5.98956e+07
85.139,85.139,4.4753,0.14,0.02,2.98972,3.29212,0,0.560273,6.048,4.41193e+06,2.70226e+06,1.31904e+07,0,0,0,0,62.3362,61.308,4.60163,0,0.04,2.23128,1.92888,0,1.72388,3.38688,9.16889e+06,3.61194e+06,2.04583e+07,0,0,0,5.98956e+07
85.139,85.139,4.36104,0.13,0.02,2.98972,3.29212,0,0.560274,6.048,4.41193e+06,2.70226e+06,1.31905e+07,0,0,0,0,62.3362,61.308,4.44443,0,0.04,2.23128,1.92888,0,1.72388,3.38688,9.16889e+06,3.61194e+06,2.04583e+07,0,0,0,5.98956e+07
85.139,85.139,4.17847,0.12,0.02,2.98973,3.29213,0,0.560274,6.048,4.41193e+06,2.70226e+06,1.31905e+07,0,0,0,0,62.3362,61.308,4.36852,0,0.04,2.23128,1.92888,0,1.72388,3.38688,9.16889e+06,3.61194e+06,2.04583e+07,0,0,0,5.98956e+07
85.139,85.139,3.7695,0.11,0.02,2.98973,3.29213,0,0.560275,6.048,4.41193e+06,2.70226e+06,1.31905e+07,0,0,0,0,62.3362,61.308,5.31315,0,0.04,2.23128,1.92888,0,1.72389,3.38688,9.16889e+06,3.61194e+06,2.04584e+07,0,0,0,5.98956e+07
85.139,85.139,3.53245,0.11,0.02,2.96025,3.26265,0,0.560276,6.048,4.41193e+06,2.70226e+06,1.30604e+07,0,0,0,0,62.3362,61.308,5.19326,0,0.04,2.28566,1.98326,0,1.72389,3.38688,9.16889e+06,3.61194e+06,2.0957e+07,0,0,0,5.98956e+07
85.139,85.139,3.34843,0.11,0.02,2.96025,3.26265,0,0.554751,6.048,4.41193e+06,2.70226e+06,1.30604e+07,0,0,0,0,62.3362,61.308,4.99298,0,0.04,2.28566,1.98326,0,1.7659,3.38688,9.16889e+06,3.61194e+06,2.0957e+07,0,0,0,5.98956e+07
85.051,85.139,3.10478,0.1,0.02,2.96026,3.26266,0,0.554751,6.048,4.41193e+06,2.70226e+06,1.30604e+07,0,0,0,0,62.3362,61.308,4.65625,0,0.04,2.28566,1.98326,0,1.7659,3.38688,9.16889e+06,3.61194e+06,2.0957e+07,0,0,0,5.98956e+07
84.7818,85.139,2.9035,0.15,0.02,2.96026,3.26266,0,0.554752,6.048,4.41193e+06,2.70226e+06,1.30604e+07,0,0,0,0,62.3362,61.308,4.34101,0,0.04,2.28567,1.98327,0,1.7659,3.38688,9.16889e+06,3.61194e+06,2.0957e+07,0,0,0,5.98956e+07
84.3228,85.139,2.74816,0.13,0.02,3.03641,3.33881,0,0.554752,6.048,4.41193e+06,2.70226e+06,1.33964e+07,0,0,0,0,62.3362,61.308,4.3115,0,0.04,2.33413,2.03173,0,1.76591,3.38688,9.16889e+06,3.61194e+06,2.14014e+07,0,0,0,5.98956e+07
83.6481,85.139,2.51866,0.13,0.02,3.03641,3.33881,0,0.569022,6.048,4.41193e+06,2.70226e+06,1.33964e+07,0,0,0,0,62.3362,61.308,4.18409,0,0.04,2.33413,2.03173,0,1.80335,3.38688,9.16889e+06,3.61194e+06,2.14014e+07,0,0,0,5.98956e+07
82.7557,85.139,2.28676,0.12,0.02,3.03641,3.33881,0,0.569023,6.048,4.41193e+06,2.70226e+06,1.33964e+07,0,0,0,0,62.3362,61.308,3.81813,0,0.04,2.33413,2.03173,0,1.80335,3.38688,9.16889e+06,3.61194e+06,2.14014e+07,0,0,0,5.98956e+07
81.6166,85.139,2.01239,0.12,0.02,3.03642,3.33882,0,0.569024,6.048,4.41193e+06,2.70226e+06,1.33964e+07,0,0,0,0,62.3362,61.308,3.7661,0,0.04,2.33414,2.03174,0,1.80335,3.38688,9.16889e+06,3.61194e+06,2.14014e+07,0,0,0,5.98956e+07
80.4943,85.139,2.20221,0.12,0.02,3.2594,3.5618,0,0.569024,6.048,4.41193e+06,2.70226e+06,1.43803e+07,0,0,0,0,62.1778,61.308,3.54478,0,0.04,2.50906,2.20666,0,1.80335,3.38688,9.16889e+06,3.61194e+06,2.30053e+07,0,0,0,5.98956e+07
79.6284,85.139,2.48015,0.13,0.02,3.25941,3.56181,0,0.610812,6.048,4.41193e+06,2.70226e+06,1.43803e+07,0,0,0,0,62.2104,61.308,4.4288,0,0.04,2.50906,2.20666,0,1.9385,3.38688,9.16889e+06,3.61194e+06,2.30053e+07,0,0,0,5.98956e+07
78.2815,85.139,1.99794,0.13,0.02,3.25941,3.56181,0,0.610813,6.048,4.41193e+06,2.70226e+06,1.43803e+07,0,0,0,0,61.9628,61.308,3.18689,0,0.04,2.50907,2.20667,0,1.9385,3.38688,9.16889e+06,3.61194e+06,2.30053e+07,0,0,0,5.98956e+07
77.3819,85.139,2.41659,0.18,0.02,3.25941,3.56181,0,0.610814,6.048,4.41193e+06,2.70226e+06,1.43803e+07,0,0,0,0,62.2182,61.308,5.59333,0,0.04,2.50907,2.20667,0,1.9385,3.38688,9.16889e+06,3.61194e+06,2.30054e+07,0,0,0,5.98956e+07
75.2019,85.139,1.09138,0.19,0.02,3.25942,3.56182,0,0.610814,6.048,4.41193e+06,2.70226e+06,1.43803e+07,0,0,0,0,61.9437,61.308,2.57706,0,0.04,2.50907,2.20667,0,1.93851,3.38688,9.16889e+06,3.61194e+06,2.30054e+07,0,0,0,5.98956e+07
72.7642,85.139,0.747091,0.19,0.02,3.15075,3.45315,0,0.610815,6.048,4.41193e+06,2.70226e+06,1.39009e+07,0,0,0,0,61.644,61.308,1.99881,0,0.04,2.4029,2.1005,0,1.93851,3.38688,9.16889e+06,3.61194e+06,2.20319e+07,0,0,0,5.98956e+07
70.6736,85.139,1.104,0.23,0.02,3.15075,3.45315,0,0.59045,6.048,4.41193e+06,2.70226e+06,1.39009e+07,0,0,0,0,61.4574,61.308,2.42604,0,0.04,2.4029,2.1005,0,1.85648,3.38688,9.16889e+06,3.61194e+06,2.20319e+07,0,0,0,5.98956e+07
68.9646,85.139,1.53654,0.22,0.02,3.15075,3.45315,0,0.59045,6.048,4.41193e+06,2.70226e+06,1.39009e+07,0,0,0,0,61.7348,61.308,3.93708,0,0.04,2.4029,2.1005,0,1.85648,3.38688,9.16889e+06,3.61194e+06,2.2032e+07,0,0,0,5.98956e+07
67.0368,85.139,1.31602,0.22,0.02,3.15076,3.45316,0,0.590451,6.048,4.41193e+06,2.70226e+06,1.39009e+07,0,0,0,0,61.1287,61.308,2.49729,0,0.04,2.40291,2.10051,0,1.85648,3.38688,9.16889e+06,3.61194e+06,2.2032e+07,0,0,0,5.98956e+07
64.8786,85.139,0.937776,0.29,0.02,3.06156,3.36396,0,0.590452,6.048,4.41193e+06,2.70226e+06,1.35074e+07,0,0,0,0,60.4865,61.308,1.06666,0,0.04,2.30626,2.00386,0,1.85649,3.38688,9.16889e+06,3.61194e+06,2.11459e+07,0,0,0,5.98956e+07
63.0246,85.139,1.23827,0.29,0.02,3.06156,3.36396,0,0.573736,6.048,4.41193e+06,2.70226e+06,1.35074e+07,0,0,0,0,60.1765,61.308,2.64867,0,0.04,2.30627,2.00387,0,1.78182,3.38688,9.16889e+06,3.61194e+06,2.11459e+07,0,0,0,5.98956e+07
63.1691,85.139,3.3732,0.28,0.02,3.06156,3.36396,0,0.573736,6.048,4.41193e+06,2.70226e+06,1.35074e+07,0,0,0,0,60.6478,61.308,5.09059,0,0.04,2.30627,2.00387,0,1.78182,3.38688,9.16889e+06,3.61194e+06,2.11459e+07,0,0,0,5.98956e+07
61.992,85.139,1.99031,0.29,0.02,3.06157,3.36397,0,0.573737,6.048,4.41193e+06,2.70226e+06,1.35074e+07,0,0,0,0,60.5531,61.308,2.44118,0,0.04,2.30627,2.00387,0,1.78182,3.38688,9.16889e+06,3.61194e+06,2.11459e+07,0,0,0,5.98956e+07
65.6575,85.139,6.83385,0.35,0.02,2.80822,3.11062,0,0.573737,6.048,4.41193e+06,2.70226e+06,1.23897e+07,0,0,0,0,61.5485,61.308,6.72816,0,0.04,2.10499,1.80259,0,1.78182,3.38688,9.16889e+06,3.61194e+06,1.93004e+07,0,0,0,5.98956e+07
66.28,85.139,3.7941,0.32,0.02,2.80823,3.11063,0,0.526261,6.048,4.41193e+06,2.70226e+06,1.23897e+07,0,0,0,0,62.1266,61.308,5.24875,0,0.04,2.10499,1.80259,0,1.62631,3.38688,9.16889e+06,3.61194e+06,1.93004e+07,0,0,0,5.98956e+07
67.0393,85.139,3.92951,0.33,0.02,2.80823,3.11063,0,0.526262,6.048,4.41193e+06,2.70226e+06,1.23897e+07,0,0,0,0,62.3362,61.308,5.06112,0,0.04,2.10499,1.80259,0,1.62632,3.38688,9.16889e+06,3.61194e+06,1.93004e+07,0,0,0,5.98956e+07
67.3225,85.139,3.50084,0.35,0.02,2.80823,3.11063,0,0.526262,6.048,4.41193e+06,2.70226e+06,1.23897e+07,0,0,0,0,62.3362,61.308,4.70691,0,0.04,2.10499,1.80259,0,1.62632,3.38688,9.16889e+06,3.61194e+06,1.93005e+07,0,0,0,5.98956e+07
69.5907,85.139,5.62771,0.37,0.02,2.80824,3.11064,0,0.526263,6.048,4.41193e+06,2.70226e+06,1.23897e+07,0,0,0,0,62.3362,61.308,6.86952,0,0.04,2.105,1.8026,0,1.62632,3.38688,9.16889e+06,3.61194e+06,1.93005e+07,0,0,0,5.98956e+07
72.8958,85.139,6.74627,0.31,0.02,2.90568,3.20808,0,0.526263,6.048,4.41193e+06,2.70226e+06,1.28197e+07,0,0,0,0,62.3362,61.308,5.53258,0,0.04,2.16328,1.86088,0,1.62632,3.38688,9.16889e+06,3.61194e+06,1.98349e+07,0,0,0,5.98956e+07
75.4616,85.139,5.97483,0.34,0.02,2.90566,3.20806,0,0.544524,6.048,4.41193e+06,2.70226e+06,1.28196e+07,0,0,0,0,62.3362,61.308,4.82766,0,0.04,2.16327,1.86087,0,1.67135,3.38688,9.16889e+06,3.61194e+06,1.98348e+07,0,0,0,5.98956e+07
77.1021,85.139,4.92419,0.32,0.02,2.90565,3.20805,0,0.544521,6.048,4.41193e+06,2.70226e+06,1.28195e+07,0,0,0,0,62.3362,61.308,4.17866,0,0.04,2.16326,1.86086,0,1.67134,3.38688,9.16889e+06,3.61194e+06,1.98347e+07,0,0,0,5.98956e+07
79.8242,85.139,6.06232,0.32,0.02,2.90563,3.20803,0,0.544518,6.048,4.41193e+06,2.70226e+06,1.28194e+07,0,0,0,0,62.3362,61.308,5.22941,0,0.04,2.16325,1.86085,0,1.67133,3.38688,9.16889e+06,3.61194e+06,1.98346e+07,0,0,0,5.98956e+07
85.139,85.139,10.1581,0.26,0.02,3.21851,3.52091,0,0.544515,6.048,4.41193e+06,2.70226e+06,1.41999e+07,0,0,0,0,62.3362,61.308,10.5832,0,0.04,2.38204,2.07964,0,1.67133,3.38688,9.16889e+06,3.61194e+06,2.18406e+07,0,0,0,5.98956e+07
85.139,85.139,8.31817,0.2,0.02,3.2185,3.5209,0,0.60315,6.048,4.41193e+06,2.70226e+06,1.41998e+07,0,0,0,0,62.3362,61.308,7.19836,0,0.04,2.38202,2.07962,0,1.84036,3.38688,9.16889e+06,3.61194e+06,2.18405e+07,0,0,0,5.98956e+07
85.139,85.139,5.97568,0.22,0.02,3.21848,3.52088,0,0.603146,6.048,4.41193e+06,2.70226e+06,1.41997e+07,0,0,0,0,62.3362,61.308,4.06037,0,0.04,2.38201,2.07961,0,1.84035,3.38688,9.16889e+06,3.61194e+06,2.18404e+07,0,0,0,5.98956e+07
85.139,85.139,6.14317,0.22,0.02,3.21846,3.52086,0,0.603143,6.048,4.41193e+06,2.70226e+06,1.41996e+07,0,0,0,0,62.3362,61.308,3.77928,0,0.04,2.382,2.0796,0,1.84034,3.38688,9.16889e+06,3.61194e+06,2.18403e+07,0,0,0,5.98956e+07
85.139,85.139,8.06419,0.23,0.02,2.77215,3.07455,0,0.603139,6.048,4.41193e+06,2.70226e+06,1.22305e+07,0,0,0,0,62.3362,61.308,5.37999,0,0.04,2.08837,1.78597,0,1.84033,3.38688,9.16889e+06,3.61194e+06,1.9148e+07,0,0,0,5.98956e+07
85.139,85.139,6.21979,0.24,0.02,2.77213,3.07453,0,0.519501,6.048,4.41193e+06,2.70226e+06,1.22305e+07,0,0,0,0,62.3362,61.308,4.05371,0,0.04,2.08836,1.78596,0,1.61348,3.38688,9.16889e+06,3.61194e+06,1.9148e+07,0,0,0,5.98956e+07
85.139,85.139,5.45179,0.29,0.02,2.77212,3.07452,0,0.519498,6.048,4.41193e+06,2.70226e+06,1.22304e+07,0,0,0,0,62.3362,61.308,3.3414,0,0.04,2.08835,1.78595,0,1.61347,3.38688,9.16889e+06,3.61194e+06,1.91479e+07,0,0,0,5.98956e+07
85.139,85.139,6.70633,0.32,0.02,2.7721,3.0745,0,0.519495,6.048,4.41193e+06,2.70226e+06,1.22303e+07,0,0,0,0,62.3362,61.308,4.72233,0,0.04,2.08834,1.78594,0,1.61346,3.38688,9.16889e+06,3.61194e+06,1.91478e+07,0,0,0,5.98956e+07
85.139,85.139,7.81852,0.33,0.02,2.77208,3.07448,0,0.519492,6.048,4.41193e+06,2.70226e+06,1.22302e+07,0,0,0,0,62.3362,61.308,4.86413,0,0.04,2.08833,1.78593,0,1.61345,3.38688,9.16889e+06,3.61194e+06,1.91477e+07,0,0,0,5.98956e+07
85.139,85.139,9.74339,0.34,0.02,2.8844,3.1868,0,0.519489,6.048,4.41193e+06,2.70226e+06,1.27258e+07,0,0,0,0,62.3362,61.308,8.05868,0,0.04,2.16015,1.85775,0,1.61345,3.38688,9.16889e+06,3.61194e+06,1.98062e+07,0,0,0,5.98956e+07
85.139,85.139,8.44904,0.33,0.02,2.88439,3.18679,0,0.540537,6.048,4.41193e+06,2.70226e+06,1.27257e+07,0,0,0,0,62.3362,61.308,5.17147,0,0.04,2.16014,1.85774,0,1.66893,3.38688,9.16889e+06,3.61194e+06,1.98061e+07,0,0,0,5.98956e+07
85.139,85.139,6.85325,0.29,0.02,2.88437,3.18677,0,0.540534,6.048,4.41193e+06,2.70226e+06,1.27256e+07,0,0,0,0,62.3362,61.308,4.32159,0,0.04,2.16013,1.85773,0,1.66893,3.38688,9.16889e+06,3.61194e+06,1.9806e+07,0,0,0,5.98956e+07
85.139,85.139,6.67853,0.28,0.02,2.88435,3.18675,0,0.540531,6.048,4.41193e+06,2.70226e+06,1.27256e+07,0,0,0,0,62.3362,61.308,5.64517,0,0.04,2.16012,1.85772,0,1.66892,3.38688,9.16889e+06,3.61194e+06,1.98059e+07,0,0,0,5.98956e+07
85.139,85.139,6.00898,0.26,0.02,2.84041,3.14281,0,0.540528,6.048,4.41193e+06,2.70226e+06,1.25317e+07,0,0,0,0,62.3362,61.308,4.76061,0,0.04,2.13222,1.82982,0,1.66891,3.38688,9.16889e+06,3.61194e+06,1.955e+07,0,0,0,5.98956e+07
85.139,85.139,4.83581,0.25,0.02,2.8404,3.1428,0,0.532294,6.048,4.41193e+06,2.70226e+06,1.25316e+07,0,0,0,0,62.3362,61.308,4.18476,0,0.04,2.13221,1.82981,0,1.64735,3.38688,9.16889e+06,3.61194e+06,1.955e+07,0,0,0,5.98956e+07
85.139,85.139,4.33232,0.21,0.02,2.84038,3.14278,0,0.53229,6.048,4.41193e+06,2.70226e+06,1.25316e+07,0,0,0,0,62.2865,61.308,3.25971,0,0.04,2.1322,1.8298,0,1.64734,3.38688,9.16889e+06,3.61194e+06,1.95499e+07,0,0,0,5.98956e+07
85.139,85.139,3.8445,0.19,0.02,2.84036,3.14276,0,0.532287,6.048,4.41193e+06,2.70226e+06,1.25315e+07,0,0,0,0,62.1763,61.308,3.0256,0,0.04,2.13219,1.82979,0,1.64733,3.38688,9.16889e+06,3.61194e+06,1.95498e+07,0,0,0,5.98956e+07
85.139,85.139,4.01158,0.18,0.02,2.98943,3.29183,0,0.532284,6.048,4.41193e+06,2.70226e+06,1.31891e+07,0,0,0,0,62.1504,61.308,3.57453,0,0.04,2.2311,1.9287,0,1.64733,3.38688,9.16889e+06,3.61194e+06,2.04567e+07,0,0,0,5.98956e+07
85.139,85.139,3.6751,0.15,0.02,2.98941,3.29181,0,0.560219,6.048,4.41193e+06,2.70226e+06,1.31891e+07,0,0,0,0,62.1308,61.308,3.11359,0,0.04,2.23109,1.92869,0,1.72375,3.38688,9.16889e+06,3.61194e+06,2.04566e+07,0,0,0,5.98956e+07
85.139,85.139,3.34832,0.13,0.02,2.98939,3.29179,0,0.560216,6.048,4.41193e+06,2.70226e+06,1.3189e+07,0,0,0,0,61.9956,61.308,2.4625,0,0.04,2.23108,1.92868,0,1.72374,3.38688,9.16889e+06,3.61194e+06,2.04566e+07,0,0,0,5.98956e+07
84.825,85.139,2.94409,0.12,0.02,2.98938,3.29178,0,0.560213,6.048,4.41193e+06,2.70226e+06,1.31889e+07,0,0,0,0,61.8374,61.308,2.52942,0,0.04,2.23107,1.92867,0,1.72374,3.38688,9.16889e+06,3.61194e+06,2.04565e+07,0,0,0,5.98956e+07
84.2881,85.139,2.68152,0.16,0.02,2.98936,3.29176,0,0.560209,6.048,4.41193e+06,2.70226e+06,1.31888e+07,0,0,0,0,61.5356,61.308,2.6928,0,0.04,2.23106,1.92866,0,1.72373,3.38688,9.16889e+06,3.61194e+06,2.04564e+07,0,0,0,5.98956e+07
83.6306,85.139,2.47803,0.14,0.02,2.95986,3.26226,0,0.560206,6.048,4.41193e+06,2.70226e+06,1.30587e+07,0,0,0,0,61.1752,61.308,2.66163,0,0.04,2.28542,1.98302,0,1.72372,3.38688,9.16889e+06,3.61194e+06,2.09548e+07,0,0,0,5.98956e+07
82.8194,85.139,2.30856,0.14,0.02,2.95984,3.26224,0,0.554678,6.048,4.41193e+06,2.70226e+06,1.30586e+07,0,0,0,0,60.8162,61.308,2.7464,0,0.04,2.28541,1.98301,0,1.76572,3.38688,9.16889e+06,3.61194e+06,2.09547e+07,0,0,0,5.98956e+07
81.8621,85.139,2.14768,0.15,0.02,2.95983,3.26223,0,0.554674,6.048,4.41193e+06,2.70226e+06,1.30585e+07,0,0,0,0,60.4497,61.308,2.72055,0,0.04,2.2854,1.983,0,1.76571,3.38688,9.16889e+06,3.61194e+06,2.09546e+07,0,0,0,5.98956e+07
80.8559,85.139,2.07802,0.15,0.02,2.95981,3.26221,0,0.554671,6.048,4.41193e+06,2.70226e+06,1.30585e+07,0,0,0,0,59.9777,61.308,2.44965,0,0.04,2.28539,1.98299,0,1.7657,3.38688,9.16889e+06,3.61194e+06,2.09545e+07,0,0,0,5.98956e+07
79.67,85.139,1.946,0.13,0.02,3.03592,3.33832,0,0.554668,6.048,4.41193e+06,2.70226e+06,1.33943e+07,0,0,0,0,59.4237,61.308,2.05653,0,0.04,2.33384,2.03144,0,1.76569,3.38688,9.16889e+06,3.61194e+06,2.13987e+07,0,0,0,5.98956e+07
78.3755,85.139,1.82214,0.13,0.02,3.03591,3.33831,0,0.568932,6.048,4.41193e+06,2.70226e+06,1.33942e+07,0,0,0,0,58.8571,61.308,2.05493,0,0.04,2.33383,2.03143,0,1.80312,3.38688,9.16889e+06,3.61194e+06,2.13986e+07,0,0,0,5.98956e+07
76.8914,85.139,1.61756,0.19,0.02,3.03589,3.33829,0,0.568929,6.048,4.41193e+06,2.70226e+06,1.33941e+07,0,0,0,0,58.27,61.308,1.85849,0,0.04,2.33381,2.03141,0,1.80311,3.38688,9.16889e+06,3.61194e+06,2.13985e+07,0,0,0,5.98956e+07
75.2812,85.139,1.46618,0.19,0.02,3.03587,3.33827,0,0.568925,6.048,4.41193e+06,2.70226e+06,1.3394e+07,0,0,0,0,57.6756,61.308,1.8099,0,0.04,2.3338,2.0314,0,1.80311,3.38688,9.16889e+06,3.61194e+06,2.13984e+07,0,0,0,5.98956e+07
73.6285,85.139,1.58202,0.18,0.02,3.2588,3.5612,0,0.568922,6.048,4.41193e+06,2.70226e+06,1.43776e+07,0,0,0,0,56.99,61.308,1.65929,0,0.04,2.50869,2.20629,0,1.8031,3.38688,9.16889e+06,3.61194e+06,2.30019e+07,0,0,0,5.98956e+07
72.1864,85.139,1.78953,0.23,0.02,3.25878,3.56118,0,0.610699,6.048,4.41193e+06,2.70226e+06,1.43775e+07,0,0,0,0,56.3393,61.308,1.95041,0,0.04,2.50868,2.20628,0,1.93821,3.38688,9.16889e+06,3.61194e+06,2.30018e+07,0,0,0,5.98956e+07
70.4228,85.139,1.47319,0.23,0.02,3.25876,3.56116,0,0.610696,6.048,4.41193e+06,2.70226e+06,1.43774e+07,0,0,0,0,55.6252,61.308,1.5598,0,0.04,2.50866,2.20626,0,1.9382,3.38688,9.16889e+06,3.61194e+06,2.30017e+07,0,0,0,5.98956e+07
68.9248,85.139,1.70639,0.23,0.02,3.25874,3.56114,0,0.610692,6.048,4.41193e+06,2.70226e+06,1.43773e+07,0,0,0,0,55.0378,61.308,2.35165,0,0.04,2.50865,2.20625,0,1.93819,3.38688,9.16889e+06,3.61194e+06,2.30015e+07,0,0,0,5.98956e+07
67.8032,85.139,2.04495,0.24,0.02,3.25872,3.56112,0,0.610689,6.048,4.41193e+06,2.70226e+06,1.43773e+07,0,0,0,0,54.3423,61.308,2.11732,0,0.04,2.50864,2.20624,0,1.93818,3.38688,9.16889e+06,3.61194e+06,2.30014e+07,0,0,0,5.98956e+07
65.9049,85.139,1.19416,0.28,0.02,3.15005,3.45245,0,0.610685,6.048,4.41193e+06,2.70226e+06,1.38978e+07,0,0,0,0,53.1607,61.308,1.35711,0,0.04,2.40248,2.10008,0,1.93818,3.38688,9.16889e+06,3.61194e+06,2.2028e+07,0,0,0,5.98956e+07
63.8322,85.139,0.949129,0.28,0.02,3.15003,3.45243,0,0.59032,6.048,4.41193e+06,2.70226e+06,1.38977e+07,0,0,0,0,52.4305,61.308,0.987895,0,0.04,2.40247,2.10007,0,1.85615,3.38688,9.16889e+06,3.61194e+06,2.20279e+07,0,0,0,5.98956e+07
62.9967,85.139,2.25314,0.27,0.02,3.15002,3.45242,0,0.590316,6.048,4.41193e+06,2.70226e+06,1.38976e+07,0,0,0,0,51.8233,61.308,2.08078,0,0.04,2.40246,2.10006,0,1.85615,3.38688,9.16889e+06,3.61194e+06,2.20278e+07,0,0,0,5.98956e+07
62.0124,85.139,2.18591,0.28,0.02,3.15,3.4524,0,0.590313,6.048,4.41193e+06,2.70226e+06,1.38976e+07,0,0,0,0,50.9023,61.308,1.72804,0,0.04,2.40244,2.10004,0,1.85614,3.38688,9.16889e+06,3.61194e+06,2.20277e+07,0,0,0,5.98956e+07
60.7804,85.139,1.84871,0.31,0.02,3.0608,3.3632,0,0.590309,6.048,4.41193e+06,2.70226e+06,1.3504e+07,0,0,0,0,49.9456,61.308,1.09034,0,0.04,2.30581,2.00341,0,1.85613,3.38688,9.16889e+06,3.61194e+06,2.11417e+07,0,0,0,5.98956e+07
59.261,85.139,1.52599,0.31,0.02,3.06078,3.36318,0,0.573593,6.048,4.41193e+06,2.70226e+06,1.35039e+07,0,0,0,0,49.2436,61.308,1.13825,0,0.04,2.3058,2.0034,0,1.78147,3.38688,9.16889e+06,3.61194e+06,2.11416e+07,0,0,0,5.98956e+07
59.9906,85.139,3.90022,0.31,0.02,3.06076,3.36316,0,0.57359,6.048,4.41193e+06,2.70226e+06,1.35039e+07,0,0,0,0,48.9276,61.308,3.49126,0,0.04,2.30579,2.00339,0,1.78146,3.38688,9.16889e+06,3.61194e+06,2.11415e+07,0,0,0,5.98956e+07
61.3419,85.139,4.59318,0.32,0.02,3.06074,3.36314,0,0.573586,6.048,4.41193e+06,2.70226e+06,1.35038e+07,0,0,0,0,48.7883,61.308,2.63366,0,0.04,2.30578,2.00338,0,1.78145,3.38688,9.16889e+06,3.61194e+06,2.11414e+07,0,0,0,5.98956e+07
66.9728,85.139,8.87244,0.35,0.02,2.80744,3.10984,0,0.573583,6.048,4.41193e+06,2.70226e+06,1.23862e+07,0,0,0,0,48.8429,61.308,2.75074,0,0.04,2.10454,1.80214,0,1.78144,3.38688,9.16889e+06,3.61194e+06,1.92963e+07,0,0,0,5.98956e+07
71.1289,85.139,7.47242,0.32,0.02,2.80743,3.10983,0,0.526115,6.048,4.41193e+06,2.70226e+06,1.23862e+07,0,0,0,0,48.8927,61.308,3.92699,0,0.04,2.10453,1.80213,0,1.62596,3.38688,9.16889e+06,3.61194e+06,1.92962e+07,0,0,0,5.98956e+07
75.2229,85.139,7.36253,0.29,0.02,2.80741,3.10981,0,0.526112,6.048,4.41193e+06,2.70226e+06,1.23861e+07,0,0,0,0,49.0675,61.308,6.46526,0,0.04,2.10452,1.80212,0,1.62596,3.38688,9.16889e+06,3.61194e+06,1.92961e+07,0,0,0,5.98956e+07
79.1259,85.139,7.23148,0.26,0.02,2.80739,3.10979,0,0.526108,6.048,4.41193e+06,2.70226e+06,1.2386e+07,0,0,0,0,49.1377,61.308,5.80577,0,0.04,2.10451,1.80211,0,1.62595,3.38688,9.16889e+06,3.61194e+06,1.9296e+07,0,0,0,5.98956e+07
81.9155,85.139,6.08206,0.27,0.02,2.80738,3.10978,0,0.526105,6.048,4.41193e+06,2.70226e+06,1.23859e+07,0,0,0,0,49.131,61.308,3.56379,0,0.04,2.1045,1.8021,0,1.62594,3.38688,9.16889e+06,3.61194e+06,1.92959e+07,0,0,0,5.98956e+07
81.0456,85.139,2.38662,0.23,0.02,2.90477,3.20717,0,0.526102,6.048,4.41193e+06,2.70226e+06,1.28157e+07,0,0,0,0,48.9113,61.308,2.60169,0,0.04,2.16275,1.86035,0,1.62594,3.38688,9.16889e+06,3.61194e+06,1.983e+07,0,0,0,5.98956e+07
79.5979,85.139,1.78667,0.25,0.04,2.90474,3.20714,0,0.544354,6.048,4.41193e+06,2.70226e+06,1.28155e+07,0,0,0,0,48.5622,61.308,2.21984,0,0.04,2.16273,1.86033,0,1.67094,3.38688,9.16889e+06,3.61194e+06,1.98298e+07,0,0,0,5.98956e+07
78.0614,85.139,1.67717,0.25,0.04,2.9047,3.2071,0,0.544347,6.048,4.41193e+06,2.70226e+06,1.28153e+07,0,0,0,0,48.1701,61.308,2.09351,0,0.04,2.16271,1.86031,0,1.67093,3.38688,9.16889e+06,3.61194e+06,1.98296e+07,0,0,0,5.98956e+07
76.7618,85.139,1.87272,0.32,0.04,2.90466,3.20706,0,0.54434,6.048,4.41193e+06,2.70226e+06,1.28152e+07,0,0,0,0,48.2614,61.308,3.01604,0,0.04,2.16269,1.86029,0,1.67091,3.38688,9.16889e+06,3.61194e+06,1.98294e+07,0,0,0,5.98956e+07
76.4103,85.139,3.22411,0.32,0.04,3.21743,3.51983,0,0.544334,6.048,4.41193e+06,2.70226e+06,1.41951e+07,0,0,0,0,48.5289,61.308,4.1198,0,0.04,2.38139,2.07899,0,1.67089,3.38688,9.16889e+06,3.61194e+06,2.18347e+07,0,0,0,5.98956e+07
75.5421,85.139,2.65338,0.34,0.04,3.21739,3.51979,0,0.602946,6.048,4.41193e+06,2.70226e+06,1.41949e+07,0,0,0,0,48.5378,61.308,3.71091,0,0.04,2.38137,2.07897,0,1.83987,3.38688,9.16889e+06,3.61194e+06,2.18345e+07,0,0,0,5.98956e+07
75.0803,85.139,3.08948,0.38,0.04,3.21735,3.51975,0,0.602939,6.048,4.41193e+06,2.70226e+06,1.41947e+07,0,0,0,0,48.6436,61.308,4.2139,0,0.04,2.38135,2.07895,0,1.83985,3.38688,9.16889e+06,3.61194e+06,2.18343e+07,0,0,0,5.98956e+07
75.0705,85.139,3.30677,0.41,0.04,2.9222,3.51971,0,0.602931,6.048,4.41193e+06,3.62307e+06,1.28925e+07,0,0,0,0,48.8382,61.308,4.59572,0,0.04,2.20702,2.07892,0,1.83983,3.38688,9.16889e+06,4.84273e+06,2.02359e+07,0,0,0,5.98956e+07
76.3024,85.139,4.37889,0.44,0.04,2.51343,3.07353,0,0.54762,6.048,4.41193e+06,3.62307e+06,1.10891e+07,0,0,0,0,49.1563,61.308,4.2543,0,0.04,1.93808,1.78538,0,1.70514,3.38688,9.16889e+06,4.84273e+06,1.77701e+07,0,0,0,5.98956e+07
76.6452,85.139,3.4585,0.47,0.04,2.51339,3.07349,0,0.471016,6.048,4.41193e+06,3.62307e+06,1.10889e+07,0,0,0,0,49.3727,61.308,4.23522,0,0.04,1.93806,1.78536,0,1.49736,3.38688,9.16889e+06,4.84273e+06,1.77699e+07,0,0,0,5.98956e+07
77.6132,85.139,4.10211,0.5,0.04,2.51336,3.07346,0,0.47101,6.048,4.41193e+06,3.62307e+06,1.10888e+07,0,0,0,0,49.55,61.308,3.6929,0,0.04,1.93804,1.78534,0,1.49735,3.38688,9.16889e+06,4.84273e+06,1.77697e+07,0,0,0,5.98956e+07
78.2191,85.139,3.72939,0.53,0.04,2.51333,3.07342,0,0.471004,6.048,4.41193e+06,3.62307e+06,1.10886e+07,0,0,0,0,49.6961,61.308,4.26012,0,0.04,1.93802,1.78531,0,1.49733,3.38688,9.16889e+06,4.84273e+06,1.77695e+07,0,0,0,5.98956e+07
79.6334,85.139,4.55338,0.52,0.04,2.5133,3.07338,0,0.470998,6.048,4.41193e+06,3.62307e+06,1.10885e+07,0,0,0,0,49.9838,61.308,4.88646,0,0.04,1.93801,1.78529,0,1.49732,3.38688,9.16889e+06,4.84273e+06,1.77694e+07,0,0,0,5.98956e+07
81.3318,85.139,5.06135,0.45,0.04,2.61614,3.18564,0,0.470992,6.048,4.41193e+06,3.62307e+06,1.15422e+07,0,0,0,0,50.5434,61.308,5.75589,0,0.04,2.00377,1.85708,0,1.4973,3.38688,9.16889e+06,4.84273e+06,1.83723e+07,0,0,0,5.98956e+07
82.6773,85.139,4.70255,0.43,0.04,2.61611,3.18561,0,0.490265,6.048,4.41193e+06,3.62307e+06,1.15421e+07,0,0,0,0,51.0865,61.308,5.49439,0,0.04,2.00375,1.85705,0,1.54811,3.38688,9.16889e+06,4.84273e+06,1.83721e+07,0,0,0,5.98956e+07
83.5263,85.139,4.07013,0.41,0.04,2.61607,3.18557,0,0.490259,6.048,4.41193e+06,3.62307e+06,1.15419e+07,0,0,0,0,51.2936,61.308,4.45242,0,0.04,2.00373,1.85703,0,1.5481,3.38688,9.16889e+06,4.84273e+06,1.8372e+07,0,0,0,5.98956e+07
83.6738,85.139,3.27779,0.4,0.04,2.61604,3.18553,0,0.490252,6.048,4.41193e+06,3.62307e+06,1.15418e+07,0,0,0,0,51.2581,61.308,3.40481,0,0.04,2.00371,1.85701,0,1.54808,3.38688,9.16889e+06,4.84273e+06,1.83718e+07,0,0,0,5.98956e+07
83.0513,85.139,2.57851,0.38,0.04,2.83919,3.14159,0,0.490246,6.048,4.41193e+06,2.70226e+06,1.25263e+07,0,0,0,0,51.0409,61.308,3.18516,0,0.04,2.1315,1.8291,0,1.54807,3.38688,9.16889e+06,3.61194e+06,1.95435e+07,0,0,0,5.98956e+07
82.0274,85.139,2.14346,0.35,0.04,2.83915,3.14155,0,0.532064,6.048,4.41193e+06,2.70226e+06,1.25261e+07,0,0,0,0,50.768,61.308,2.91399,0,0.04,2.13148,1.82908,0,1.6468,3.38688,9.16889e+06,3.61194e+06,1.95433e+07,0,0,0,5.98956e+07
80.8194,85.139,1.94682,0.32,0.04,2.83912,3.14152,0,0.532058,6.048,4.41193e+06,2.70226e+06,1.2526e+07,0,0,0,0,50.4108,61.308,2.26228,0,0.04,2.13146,1.82906,0,1.64678,3.38688,9.16889e+06,3.61194e+06,1.95431e+07,0,0,0,5.98956e+07
80.0663,85.139,2.38711,0.29,0.04,2.83908,3.14148,0,0.532051,6.048,4.41193e+06,2.70226e+06,1.25258e+07,0,0,0,0,50.143,61.308,2.52464,0,0.04,2.13144,1.82904,0,1.64677,3.38688,9.16889e+06,3.61194e+06,1.95429e+07,0,0,0,5.98956e+07
78.6173,85.139,1.7365,0.27,0.04,2.98807,3.29047,0,0.532044,6.048,4.41193e+06,2.70226e+06,1.31831e+07,0,0,0,0,49.5582,61.308,1.94156,0,0.04,2.23031,1.92791,0,1.64675,3.38688,9.16889e+06,3.61194e+06,2.04494e+07,0,0,0,5.98956e+07
77.03,85.139,1.54023,0.36,0.04,2.98803,3.29043,0,0.559964,6.048,4.41193e+06,2.70226e+06,1.3183e+07,0,0,0,0,48.9185,61.308,1.69675,0,0.04,2.23028,1.92788,0,1.72313,3.38688,9.16889e+06,3.61194e+06,2.04492e+07,0,0,0,5.98956e+07
75.4368,85.139,1.51833,0.32,0.04,2.98799,3.29039,0,0.559956,6.048,4.41193e+06,2.70226e+06,1.31828e+07,0,0,0,0,48.3649,61.308,1.70505,0,0.04,2.23026,1.92786,0,1.72312,3.38688,9.16889e+06,3.61194e+06,2.0449e+07,0,0,0,5.98956e+07
73.7656,85.139,1.42004,0.27,0.04,2.98795,3.29035,0,0.559949,6.048,4.41193e+06,2.70226e+06,1.31826e+07,0,0,0,0,47.8598,61.308,1.61868,0,0.04,2.23024,1.92784,0,1.7231,3.38688,9.16889e+06,3.61194e+06,2.04488e+07,0,0,0,5.98956e+07
72.2652,85.139,1.31394,0.4,0.04,2.71204,3.29031,0,0.559942,6.048,4.41193e+06,3.62307e+06,1.19653e+07,0,0,0,0,47.3364,61.308,1.65903,0,0.04,2.06858,1.92782,0,1.72308,3.38688,9.16889e+06,4.84273e+06,1.89666e+07,0,0,0,5.98956e+07
70.4936,85.139,1.21073,0.34,0.04,2.95841,3.26081,0,0.508236,6.048,4.41193e+06,2.70226e+06,1.30523e+07,0,0,0,0,46.7643,61.308,1.69957,0,0.04,2.28454,1.98214,0,1.59818,3.38688,9.16889e+06,3.61194e+06,2.09467e+07,0,0,0,5.98956e+07
68.637,85.139,1.11012,0.31,0.04,2.95837,3.26077,0,0.554405,6.048,4.41193e+06,2.70226e+06,1.30521e+07,0,0,0,0,46.1,61.308,1.69817,0,0.04,2.28452,1.98212,0,1.76504,3.38688,9.16889e+06,3.61194e+06,2.09465e+07,0,0,0,5.98956e+07
66.6998,85.139,1.00379,0.28,0.04,2.95833,3.26073,0,0.554398,6.048,4.41193e+06,2.70226e+06,1.30519e+07,0,0,0,0,45.4124,61.308,1.50466,0,0.04,2.28449,1.98209,0,1.76502,3.38688,9.16889e+06,3.61194e+06,2.09463e+07,0,0,0,5.98956e+07
64.7672,85.139,0.960356,0.33,0.04,2.95829,3.26069,0,0.554391,6.048,4.41193e+06,2.70226e+06,1.30518e+07,0,0,0,0,44.5656,61.308,1.48799,0,0.04,2.28447,1.98207,0,1.765,3.38688,9.16889e+06,3.61194e+06,2.09461e+07,0,0,0,5.98956e+07
62.7665,85.139,0.93477,0.31,0.04,3.03435,3.33675,0,0.554384,6.048,4.41193e+06,2.70226e+06,1.33873e+07,0,0,0,0,43.7428,61.308,1.38259,0,0.04,2.33288,2.03048,0,1.76498,3.38688,9.16889e+06,3.61194e+06,2.13899e+07,0,0,0,5.98956e+07
60.7314,85.139,0.875296,0.29,0.04,3.03431,3.33671,0,0.568638,6.048,4.41193e+06,2.70226e+06,1.33872e+07,0,0,0,0,42.7967,61.308,1.38055,0,0.04,2.33286,2.03046,0,1.80238,3.38688,9.16889e+06,3.61194e+06,2.13897e+07,0,0,0,5.98956e+07
58.6252,85.139,0.778043,0.35,0.04,3.03428,3.33668,0,0.568631,6.048,4.41193e+06,2.70226e+06,1.3387e+07,0,0,0,0,41.8411,61.308,1.24954,0,0.04,2.33283,2.03043,0,1.80237,3.38688,9.16889e+06,3.61194e+06,2.13895e+07,0,0,0,5.98956e+07
56.4825,85.139,0.705962,0.33,0.04,3.03424,3.33664,0,0.568623,6.048,4.41193e+06,2.70226e+06,1.33868e+07,0,0,0,0,40.9707,61.308,1.21727,0,0.04,2.33281,2.03041,0,1.80235,3.38688,9.16889e+06,3.61194e+06,2.13893e+07,0,0,0,5.98956e+07
54.0994,85.139,0.601057,0.37,0.04,3.25704,3.55944,0,0.568616,6.048,4.41193e+06,2.70226e+06,1.43698e+07,0,0,0,0,40.0802,61.308,1.3118,0,0.04,2.50759,2.20519,0,1.80233,3.38688,9.16889e+06,3.61194e+06,2.29918e+07,0,0,0,5.98956e+07
51.6932,85.139,0.53944,0.33,0.04,3.25699,3.55939,0,0.610369,6.048,4.41193e+06,2.70226e+06,1.43696e+07,0,0,0,0,39.1481,61.308,1.27632,0,0.04,2.50757,2.20517,0,1.93737,3.38688,9.16889e+06,3.61194e+06,2.29916e+07,0,0,0,5.98956e+07
49.3566,85.139,0.568393,0.33,0.04,3.25695,3.55935,0,0.610361,6.048,4.41193e+06,2.70226e+06,1.43694e+07,0,0,0,0,38.4428,61.308,1.25828,0,0.04,2.50754,2.20514,0,1.93735,3.38688,9.16889e+06,3.61194e+06,2.29914e+07,0,0,0,5.98956e+07
47.3159,85.139,0.852079,0.36,0.04,3.25691,3.55931,0,0.610353,6.048,4.41193e+06,2.70226e+06,1.43693e+07,0,0,0,0,37.7861,61.308,1.50533,0,0.04,2.50752,2.20512,0,1.93733,3.38688,9.16889e+06,3.61194e+06,2.29911e+07,0,0,0,5.98956e+07
45.5488,85.139,1.12882,0.35,0.04,3.25687,3.55927,0,0.610345,6.048,4.41193e+06,2.70226e+06,1.43691e+07,0,0,0,0,37.1912,61.308,1.78796,0,0.04,2.50749,2.20509,0,1.93731,3.38688,9.16889e+06,3.61194e+06,2.29909e+07,0,0,0,5.98956e+07
43.8446,85.139,1.09218,0.35,0.04,3.14823,3.45063,0,0.610338,6.048,4.41193e+06,2.70226e+06,1.38898e+07,0,0,0,0,36.5787,61.308,2.04926,0,0.04,2.40137,2.09897,0,1.93729,3.38688,9.16889e+06,3.61194e+06,2.20179e+07,0,0,0,5.98956e+07
42.2109,85.139,0.915457,0.46,0.04,2.85888,3.45059,0,0.589979,6.048,4.41193e+06,3.62307e+06,1.26132e+07,0,0,0,0,36.0906,61.308,3.50734,0,0.04,2.22536,2.09895,0,1.8553,3.38688,9.16889e+06,4.84273e+06,2.04041e+07,0,0,0,5.98956e+07
40.4837,85.139,0.787498,0.46,0.04,2.85884,3.45055,0,0.535754,6.048,4.41193e+06,3.62307e+06,1.2613e+07,0,0,0,0,35.4112,61.308,1.8598,0,0.04,2.22534,2.09892,0,1.71931,3.38688,9.16889e+06,4.84273e+06,2.04039e+07,0,0,0,5.98956e+07
38.8963,85.139,0.913176,0.51,0.04,2.85881,3.45051,0,0.535747,6.048,4.41193e+06,3.62307e+06,1.26128e+07,0,0,0,0,34.7503,61.308,1.90469,0,0.04,2.22532,2.0989,0,1.7193,3.38688,9.16889e+06,4.84273e+06,2.04037e+07,0,0,0,5.98956e+07
37.7244,85.139,1.2377,0.56,0.04,2.77711,3.36134,0,0.53574,6.048,4.41193e+06,3.62307e+06,1.22524e+07,0,0,0,0,33.8908,61.308,1.54438,0,0.04,2.13682,2.00231,0,1.71928,3.38688,9.16889e+06,4.84273e+06,1.95923e+07,0,0,0,5.98956e+07
36.421,85.139,1.10204,0.57,0.04,2.77707,3.3613,0,0.52043,6.048,4.41193e+06,3.62307e+06,1.22522e+07,0,0,0,0,33.2836,61.308,1.11184,0,0.04,2.1368,2.00228,0,1.65091,3.38688,9.16889e+06,4.84273e+06,1.95921e+07,0,0,0,5.98956e+07
35.4859,85.139,1.45503,0.58,0.04,2.77704,3.36126,0,0.520423,6.048,4.41193e+06,3.62307e+06,1.22521e+07,0,0,0,0,32.9487,61.308,2.7767,0,0.04,2.13678,2.00226,0,1.65089,3.38688,9.16889e+06,4.84273e+06,1.95919e+07,0,0,0,5.98956e+07
