0cont_fund,0ins_pout,0ins_price,0infra_npv,0debt_serv,0gross_rev,0cont_contrib,0drought_cost,0water_price
0,0,0,0,0.000499492,2.51947e+07,-914584,914584,1.34338e+07
0,0,0,0,0,2.51078e+07,-851868,851868,1.34338e+07
0,0,0,0,0,2.51155e+07,-849924,849924,1.34338e+07
0,0,0,0,0,2.51231e+07,-847979,847979,1.34338e+07
0,0,0,0,0,2.77144e+07,-846033,846033,1.34338e+07
0,0,0,0,0,2.69292e+07,-333723,333723,1.34338e+07
0,0,0,0,0,2.69377e+07,-331548,331548,1.34338e+07
0,0,0,0,0,2.69461e+07,-329372,329372,1.34338e+07
0,0,0,0,0,2.33921e+07,-327196,327196,1.34338e+07
0,0,0,0,0,2.43162e+07,-914584,914584,1.34338e+07
0,0,0,0,0,2.43265e+07,-914584,914584,1.34338e+07
0,0,0,0,0,2.43367e+07,-914584,914584,1.34338e+07
0,0,0,0,0,2.4347e+07,-914584,914584,1.34338e+07
0,0,0,0,0,2.52414e+07,-914584,914584,1.34338e+07
0,0,0,0,0,2.5126e+07,-833574,833574,1.34338e+07
0,0,0,0,0,2.51337e+07,-831627,831627,1.34338e+07
0,0,0,0,0,2.51413e+07,-829678,829678,1.34338e+07
0,0,0,0,0,2.48039e+07,-827730,827730,1.34338e+07
0,0,0,0,0,2.49133e+07,-891237,891237,1.34338e+07
0,0,0,0,0,2.49208e+07,-889317,889317,1.34338e+07
0,0,0,0,0,2.49283e+07,-887396,887396,1.34338e+07
0,0,0,0,0,2.61389e+07,-885474,885474,1.34338e+07
0,0,0,0,0,2.57852e+07,-651010,651010,1.34338e+07
0,0,0,0,0,2.57931e+07,-648984,648984,1.34338e+07
0,0,0,0,0,2.5801e+07,-646957,646957,1.34338e+07
0,0,0,0,0,2.58089e+07,-644929,644929,1.34338e+07
0,0,0,0,0,2.61008e+07,-642901,642901,1.34338e+07
0,0,0,0,0,2.59095e+07,-512778,512778,1.34338e+07
0,0,0,0,0,2.59175e+07,-510692,510692,1.34338e+07
0,0,0,0,0,2.59254e+07,-508605,508605,1.34338e+07
0,0,0,0,0,2.65357e+07,-506518,506518,1.34338e+07
0,0,0,0,0,2.6366e+07,-390065,390065,1.34338e+07
0,0,0,0,0,2.63741e+07,-387926,387926,1.34338e+07
0,0,0,0,0,2.63823e+07,-385786,385786,1.34338e+07
0,0,0,0,0,2.83912e+07,-383646,383646,1.34338e+07
0,0,0,0,0,2.78068e+07,0,0,1.34338e+07
0,0,0,0,0,2.78191e+07,0,0,1.34338e+07
0,0,0,0,0,2.78315e+07,0,0,1.34338e+07
0,0,0,0,0,2.78439e+07,0,0,1.34338e+07
0,0,0,0,0,2.67304e+07,0,0,1.34338e+07
0,0,0,0,0,2.70658e+07,-207895,207895,1.34338e+07
0,0,0,0,0,2.70742e+07,-205679,205679,1.34338e+07
0,0,0,0,0,2.70827e+07,-203461,203461,1.34338e+07
0,0,0,0,0,2.60977e+07,-201243,201243,1.34338e+07
0,0,0,0,0,2.64627e+07,-428416,428416,1.34338e+07
0,0,0,0,0,2.64708e+07,-426299,426299,1.34338e+07
0,0,0,0,0,2.6479e+07,-424181,424181,1.34338e+07
0,0,0,0,0,2.41827e+07,-422063,422063,1.34338e+07
0,0,0,0,0,2.49345e+07,-898548,898548,1.34338e+07
0,0,0,0,0,2.4942e+07,-896642,896642,1.34338e+07
0,0,0,0,0,2.49495e+07,-894736,894736,1.34338e+07
0,0,0,0,0,2.4957e+07,-892829,892829,1.34338e+07
0,0,0,7.70333e+07,0.000499492,2.57159e+07,-890921,890921,1.34338e+07
0,0,0,7.70333e+07,0,2.55074e+07,-750159,750159,1.34338e+07
0,0,0,7.70333e+07,0,2.55149e+07,-748250,748250,1.34338e+07
0,0,0,7.70333e+07,0,2.55224e+07,-746339,746339,1.34338e+07
0,0,0,7.70333e+07,0,2.81741e+07,-744429,744429,1.34338e+07
0,0,0,7.70333e+07,0,2.73701e+07,-220212,220212,1.34338e+07
0,0,0,7.70333e+07,0,2.73784e+07,-218076,218076,1.34338e+07
0,0,0,7.70333e+07,0,2.73867e+07,-215940,215940,1.34338e+07
0,0,0,7.70333e+07,0,2.37494e+07,-213802,213802,1.34338e+07
0,0,0,7.70333e+07,0,2.48486e+07,-913813,913813,1.34338e+07
0,0,0,7.70333e+07,0,2.48558e+07,-911976,911976,1.34338e+07
0,0,0,7.70333e+07,0,2.4863e+07,-910140,910140,1.34338e+07
0,0,0,7.70333e+07,0,2.48702e+07,-908303,908303,1.34338e+07
0,0,0,7.70333e+07,0,2.57821e+07,-906465,906465,1.34338e+07
0,0,0,7.70333e+07,0,2.55219e+07,-732486,732486,1.34338e+07
0,0,0,7.70333e+07,0,2.55294e+07,-730573,730573,1.34338e+07
0,0,0,7.70333e+07,0,2.55369e+07,-728660,728660,1.34338e+07
0,0,0,7.70333e+07,0,2.51914e+07,-726747,726747,1.34338e+07
0,0,0,7.70333e+07,0,2.5303e+07,-791806,791806,1.34338e+07
0,0,0,7.70333e+07,0,2.53104e+07,-789920,789920,1.34338e+07
0,0,0,7.70333e+07,0,2.53178e+07,-788034,788034,1.34338e+07
0,0,0,7.70333e+07,0,2.6556e+07,-786148,786148,1.34338e+07
0,0,0,7.70333e+07,0,2.61937e+07,-546350,546350,1.34338e+07
0,0,0,7.70333e+07,0,2.62015e+07,-544360,544360,1.34338e+07
0,0,0,7.70333e+07,0,2.62093e+07,-542370,542370,1.34338e+07
0,0,0,7.70333e+07,0,2.62171e+07,-540380,540380,1.34338e+07
0,0,0,7.70333e+07,0,2.65153e+07,-538389,538389,1.34338e+07
0,0,0,7.70333e+07,0,2.63193e+07,-405357,405357,1.34338e+07
0,0,0,7.70333e+07,0,2.63271e+07,-403309,403309,1.34338e+07
0,0,0,7.70333e+07,0,2.6335e+07,-401260,401260,1.34338e+07
0,0,0,7.70333e+07,0,2.69588e+07,-399211,399211,1.34338e+07
0,0,0,7.70333e+07,0,2.67849e+07,-280176,280176,1.34338e+07
0,0,0,7.70333e+07,0,2.67929e+07,-278075,278075,1.34338e+07
0,0,0,7.70333e+07,0,2.68009e+07,-275975,275975,1.34338e+07
0,0,0,7.70333e+07,0,2.88554e+07,-273874,273874,1.34338e+07
0,0,0,7.70333e+07,0,2.84415e+07,0,0,1.34338e+07
0,0,0,7.70333e+07,0,2.84537e+07,0,0,1.34338e+07
0,0,0,7.70333e+07,0,2.84659e+07,0,0,1.34338e+07
0,0,0,7.70333e+07,0,2.8478e+07,0,0,1.34338e+07
0,0,0,7.70333e+07,0,2.73387e+07,0,0,1.34338e+07
0,0,0,7.70333e+07,0,2.74976e+07,-94651.1,94651.1,1.34338e+07
0,0,0,7.70333e+07,0,2.75059e+07,-92474.9,92474.9,1.34338e+07
0,0,0,7.70333e+07,0,2.75142e+07,-90298.4,90298.4,1.34338e+07
0,0,0,7.70333e+07,0,2.65066e+07,-88121.1,88121.1,1.34338e+07
0,0,0,7.70333e+07,0,2.68794e+07,-320537,320537,1.34338e+07
0,0,0,7.70333e+07,0,2.68875e+07,-318459,318459,1.34338e+07
0,0,0,7.70333e+07,0,2.68955e+07,-316380,316380,1.34338e+07
0,0,0,7.70333e+07,0,2.4547e+07,-314301,314301,1.34338e+07
0,0,0,7.70333e+07,0,2.53155e+07,-801646,801646,1.34338e+07
0,0,0,7.70333e+07,0,2.53228e+07,-799775,799775,1.34338e+07
0,0,0,7.70333e+07,0,2.53302e+07,-797903,797903,1.34338e+07
0,0,0,7.70333e+07,0,2.53375e+07,-796031,796031,1.34338e+07
0,0,0,7.70333e+07,0.000499492,2.61132e+07,-794159,794159,1.34338e+07
0,0,0,7.70333e+07,0,2.58997e+07,-650307,650307,1.34338e+07
0,0,0,7.70333e+07,0,2.5907e+07,-648436,648436,1.34338e+07
0,0,0,7.70333e+07,0,2.59144e+07,-646565,646565,1.34338e+07
0,0,0,7.70333e+07,0,2.86252e+07,-644695,644695,1.34338e+07
0,0,0,7.70333e+07,0,2.78028e+07,-108795,108795,1.34338e+07
0,0,0,7.70333e+07,0,2.7811e+07,-106703,106703,1.34338e+07
0,0,0,7.70333e+07,0,2.78191e+07,-104610,104610,1.34338e+07
0,0,0,7.70333e+07,0,2.41001e+07,-102517,102517,1.34338e+07
0,0,0,7.70333e+07,0,2.52235e+07,-818277,818277,1.34338e+07
0,0,0,7.70333e+07,0,2.52306e+07,-816479,816479,1.34338e+07
0,0,0,7.70333e+07,0,2.52377e+07,-814680,814680,1.34338e+07
0,0,0,7.70333e+07,0,2.52447e+07,-812881,812881,1.34338e+07
0,0,0,7.70333e+07,0,2.61767e+07,-811081,811081,1.34338e+07
0,0,0,7.70333e+07,0,2.59103e+07,-633305,633305,1.34338e+07
0,0,0,7.70333e+07,0,2.59177e+07,-631432,631432,1.34338e+07
0,0,0,7.70333e+07,0,2.5925e+07,-629558,629558,1.34338e+07
0,0,0,7.70333e+07,0,2.55715e+07,-627684,627684,1.34338e+07
0,0,0,7.70333e+07,0,2.56852e+07,-694270,694270,1.34338e+07
0,0,0,7.70333e+07,0,2.56925e+07,-692423,692423,1.34338e+07
0,0,0,7.70333e+07,0,2.56997e+07,-690576,690576,1.34338e+07
0,0,0,7.70333e+07,0,2.6965e+07,-688728,688728,1.34338e+07
0,0,0,7.70333e+07,0,2.65944e+07,-443705,443705,1.34338e+07
0,0,0,7.70333e+07,0,2.6602e+07,-441756,441756,1.34338e+07
0,0,0,7.70333e+07,0,2.66097e+07,-439807,439807,1.34338e+07
0,0,0,7.70333e+07,0,2.66173e+07,-437858,437858,1.34338e+07
0,0,0,7.70333e+07,0,2.69217e+07,-435908,435908,1.34338e+07
0,0,0,7.70333e+07,0,2.67211e+07,-300030,300030,1.34338e+07
0,0,0,7.70333e+07,0,2.67288e+07,-298024,298024,1.34338e+07
0,0,0,7.70333e+07,0,2.67364e+07,-296018,296018,1.34338e+07
0,0,0,7.70333e+07,0,2.73737e+07,-294012,294012,1.34338e+07
0,0,0,7.70333e+07,0,2.71956e+07,-172449,172449,1.34338e+07
0,0,0,7.70333e+07,0,2.72034e+07,-170392,170392,1.34338e+07
0,0,0,7.70333e+07,0,2.72113e+07,-168335,168335,1.34338e+07
0,0,0,7.70333e+07,0,2.93104e+07,-166278,166278,1.34338e+07
0,0,0,7.70333e+07,0,2.90636e+07,0,0,1.34338e+07
0,0,0,7.70333e+07,0,2.90755e+07,0,0,1.34338e+07
0,0,0,7.70333e+07,0,2.90875e+07,0,0,1.34338e+07
0,0,0,7.70333e+07,0,2.90994e+07,0,0,1.34338e+07
0,0,0,7.70333e+07,0,2.79347e+07,0,0,1.34338e+07
0,0,0,7.70333e+07,0,2.79461e+07,0,0,1.34338e+07
0,0,0,7.70333e+07,0,2.79575e+07,0,0,1.34338e+07
0,0,0,7.70333e+07,0,2.7969e+07,0,0,1.34338e+07
0,0,0,7.70333e+07,0,2.69424e+07,0,0,1.34338e+07
0,0,0,7.70333e+07,0,2.72877e+07,-214850,214850,1.34338e+07
0,0,0,7.70333e+07,0,2.72956e+07,-212815,212815,1.34338e+07
0,0,0,7.70333e+07,0,2.73035e+07,-210780,210780,1.34338e+07
0,0,0,7.70333e+07,0,2.49037e+07,-208744,208744,1.34338e+07
0,0,0,7.70333e+07,0,2.56885e+07,-706731,706731,1.34338e+07
0,0,0,7.70333e+07,0,2.56958e+07,-704899,704899,1.34338e+07
0,0,0,7.70333e+07,0,2.5703e+07,-703067,703067,1.34338e+07
0,0,0,7.70333e+07,0,2.57102e+07,-701234,701234,1.34338e+07
0,0,0,7.70333e+07,0.000499492,2.65022e+07,-699400,699400,1.34338e+07
0,0,0,7.70333e+07,0,2.62838e+07,-552526,552526,1.34338e+07
0,0,0,7.70333e+07,0,2.6291e+07,-550698,550698,1.34338e+07
0,0,0,7.70333e+07,0,2.62981e+07,-548869,548869,1.34338e+07
0,0,0,7.70333e+07,0,2.90669e+07,-547040,547040,1.34338e+07
0,0,0,7.70333e+07,0,2.82269e+07,0,0,1.34338e+07
0,0,0,7.70333e+07,0,2.82381e+07,0,0,1.34338e+07
0,0,0,7.70333e+07,0,2.82492e+07,0,0,1.34338e+07
0,0,0,7.70333e+07,0,2.44534e+07,0,0,1.34338e+07
0,0,0,7.70333e+07,0,2.55906e+07,-724753,724753,1.34338e+07
0,0,0,7.70333e+07,0,2.55975e+07,-722995,722995,1.34338e+07
0,0,0,7.70333e+07,0,2.56044e+07,-721237,721237,1.34338e+07
0,0,0,7.70333e+07,0,2.56113e+07,-719479,719479,1.34338e+07
0,0,0,7.70333e+07,0,2.65628e+07,-717720,717720,1.34338e+07
0,0,0,7.70333e+07,0,2.62905e+07,-536231,536231,1.34338e+07
0,0,0,7.70333e+07,0,2.62976e+07,-534401,534401,1.34338e+07
0,0,0,7.70333e+07,0,2.63048e+07,-532570,532570,1.34338e+07
0,0,0,7.70333e+07,0,2.59435e+07,-530738,530738,1.34338e+07
0,0,0,7.70333e+07,0,2.60593e+07,-598821,598821,1.34338e+07
0,0,0,7.70333e+07,0,2.60664e+07,-597017,597017,1.34338e+07
0,0,0,7.70333e+07,0,2.60735e+07,-595211,595211,1.34338e+07
0,0,0,7.70333e+07,0,2.73652e+07,-593406,593406,1.34338e+07
0,0,0,7.70333e+07,0,2.69865e+07,-343272,343272,1.34338e+07
0,0,0,7.70333e+07,0,2.69939e+07,-341368,341368,1.34338e+07
0,0,0,7.70333e+07,0,2.70013e+07,-339464,339464,1.34338e+07
0,0,0,7.70333e+07,0,2.70088e+07,-337559,337559,1.34338e+07
0,0,0,7.70333e+07,0,2.73193e+07,-335653,335653,1.34338e+07
0,0,0,7.70333e+07,0,2.71141e+07,-196994,196994,1.34338e+07
0,0,0,7.70333e+07,0,2.71216e+07,-195035,195035,1.34338e+07
0,0,0,7.70333e+07,0,2.71291e+07,-193074,193074,1.34338e+07
0,0,0,7.70333e+07,0,2.77794e+07,-191113,191113,1.34338e+07
0,0,0,7.70333e+07,0,2.75972e+07,-67082.9,67082.9,1.34338e+07
0,0,0,7.70333e+07,0,2.76049e+07,-65072.9,65072.9,1.34338e+07
0,0,0,7.70333e+07,0,2.76126e+07,-63062.9,63062.9,1.34338e+07
0,0,0,7.70333e+07,0,2.97553e+07,-61052.2,61052.2,1.34338e+07
0,0,0,7.70333e+07,0,2.9672e+07,0,0,1.34338e+07
0,0,0,7.70333e+07,0,2.96836e+07,0,0,1.34338e+07
0,0,0,7.70333e+07,0,2.96953e+07,0,0,1.34338e+07
0,0,0,7.70333e+07,0,2.97069e+07,0,0,1.34338e+07
0,0,0,7.70333e+07,0,2.85174e+07,0,0,1.34338e+07
0,0,0,7.70333e+07,0,2.85286e+07,0,0,1.34338e+07
0,0,0,7.70333e+07,0,2.85397e+07,0,0,1.34338e+07
0,0,0,7.70333e+07,0,2.85509e+07,0,0,1.34338e+07
0,0,0,7.70333e+07,0,2.75025e+07,0,0,1.34338e+07
0,0,0,7.70333e+07,0,2.76868e+07,-111533,111533,1.34338e+07
0,0,0,7.70333e+07,0,2.76945e+07,-109545,109545,1.34338e+07
0,0,0,7.70333e+07,0,2.77022e+07,-107557,107557,1.34338e+07
0,0,0,7.70333e+07,0,2.52524e+07,-105568,105568,1.34338e+07
0,0,0,7.70333e+07,0,2.60532e+07,-613960,613960,1.34338e+07
0,0,0,7.70333e+07,0,2.60602e+07,-612170,612170,1.34338e+07
0,0,0,7.70333e+07,0,2.60673e+07,-610380,610380,1.34338e+07
0,0,0,7.70333e+07,0,2.60743e+07,-608589,608589,1.34338e+07
0,0,0,3.47912e+08,0.000499492,2.68824e+07,-606798,606798,1.34338e+07
0,0,0,3.47912e+08,0,2.66591e+07,-456973,456973,1.34338e+07
0,0,0,3.47912e+08,0,2.66661e+07,-455189,455189,1.34338e+07
0,0,0,3.47912e+08,0,2.66731e+07,-453405,453405,1.34338e+07
0,0,0,3.47912e+08,0,2.94985e+07,-451620,451620,1.34338e+07
0,0,0,3.47912e+08,0,2.88067e+07,0,0,1.34338e+07
0,0,0,3.47912e+08,0,2.88176e+07,0,0,1.34338e+07
0,0,0,3.47912e+08,0,2.88284e+07,0,0,1.34338e+07
0,0,0,3.47912e+08,0,2.49543e+07,0,0,1.34338e+07
0,0,0,3.47912e+08,0,2.59492e+07,-633383,633383,1.34338e+07
0,0,0,3.47912e+08,0,2.59559e+07,-631668,631668,1.34338e+07
0,0,0,3.47912e+08,0,2.59627e+07,-629953,629953,1.34338e+07
0,0,0,3.47912e+08,0,2.59694e+07,-628237,628237,1.34338e+07
0,0,0,3.47912e+08,0,2.694e+07,-626521,626521,1.34338e+07
0,0,0,3.47912e+08,0,2.66617e+07,-441409,441409,1.34338e+07
0,0,0,3.47912e+08,0,2.66687e+07,-439623,439623,1.34338e+07
0,0,0,3.47912e+08,0,2.66757e+07,-437836,437836,1.34338e+07
0,0,0,3.47912e+08,0,2.63068e+07,-436050,436050,1.34338e+07
0,0,0,3.47912e+08,0,2.64246e+07,-505599,505599,1.34338e+07
0,0,0,3.47912e+08,0,2.64315e+07,-503838,503838,1.34338e+07
0,0,0,3.47912e+08,0,2.64384e+07,-502077,502077,1.34338e+07
0,0,0,3.47912e+08,0,2.7756e+07,-500315,500315,1.34338e+07
0,0,0,3.47912e+08,0,2.73693e+07,-245196,245196,1.34338e+07
0,0,0,3.47912e+08,0,2.73765e+07,-243338,243338,1.34338e+07
0,0,0,3.47912e+08,0,2.73838e+07,-241480,241480,1.34338e+07
0,0,0,3.47912e+08,0,2.7391e+07,-239622,239622,1.34338e+07
0,0,0,3.47912e+08,0,2.77075e+07,-237763,237763,1.34338e+07
0,0,0,3.47912e+08,0,2.74978e+07,-96391.8,96391.8,1.34338e+07
0,0,0,3.47912e+08,0,2.75051e+07,-94479.9,94479.9,1.34338e+07
0,0,0,3.47912e+08,0,2.75124e+07,-92567.2,92567.2,1.34338e+07
0,0,0,3.47912e+08,0,2.81755e+07,-90654.6,90654.6,1.34338e+07
0,0,0,3.47912e+08,0,2.8045e+07,0,0,1.34338e+07
0,0,0,3.47912e+08,0,2.80555e+07,0,0,1.34338e+07
0,0,0,3.47912e+08,0,2.8066e+07,0,0,1.34338e+07
0,0,0,3.47912e+08,0,3.02544e+07,0,0,1.34338e+07
0,0,0,3.47912e+08,0,3.02658e+07,0,0,1.34338e+07
0,0,0,3.47912e+08,0,3.02772e+07,0,0,1.34338e+07
0,0,0,3.47912e+08,0,3.02885e+07,0,0,1.34338e+07
0,0,0,3.47912e+08,0,3.02999e+07,0,0,1.34338e+07
0,0,0,3.47912e+08,0,2.90861e+07,0,0,1.34338e+07
0,0,0,3.47912e+08,0,2.9097e+07,0,0,1.34338e+07
0,0,0,3.47912e+08,0,2.91079e+07,0,0,1.34338e+07
0,0,0,3.47912e+08,0,2.91188e+07,0,0,1.34338e+07
0,0,0,3.47912e+08,0,2.80491e+07,0,0,1.34338e+07
0,0,0,3.47912e+08,0,2.80763e+07,-10714.5,10714.5,1.34338e+07
0,0,0,3.47912e+08,0,2.80838e+07,-8775.13,8775.13,1.34338e+07
0,0,0,3.47912e+08,0,2.80913e+07,-6835.43,6835.43,1.34338e+07
0,0,0,3.47912e+08,0,2.55926e+07,-4895.37,4895.37,1.34338e+07
0,0,0,3.47912e+08,0,2.64089e+07,-523444,523444,1.34338e+07
0,0,0,3.47912e+08,0,2.64158e+07,-521698,521698,1.34338e+07
0,0,0,3.47912e+08,0,2.64227e+07,-519952,519952,1.34338e+07
0,0,0,3.47912e+08,0,2.64296e+07,-518205,518205,1.34338e+07
0,0,0,3.47912e+08,0,2.72533e+07,-516458,516458,1.34338e+07
0,0,0,3.47912e+08,8.33588e+06,2.78822e+07,-914584,914584,1.34338e+07
0,0,0,3.47912e+08,0,2.78918e+07,-914584,914584,1.34338e+07
0,0,0,3.47912e+08,0,2.79013e+07,-914584,914584,1.34338e+07
0,0,0,3.47912e+08,0,3.07846e+07,-914584,914584,1.34338e+07
0,0,0,3.47912e+08,0,3.07952e+07,-914584,914584,1.34338e+07
0,0,0,3.47912e+08,0,3.08057e+07,-914584,914584,1.34338e+07
0,0,0,3.47912e+08,0,3.08163e+07,-914584,914584,1.34338e+07
0,0,0,3.47912e+08,0,2.68659e+07,-914584,914584,1.34338e+07
0,0,0,3.47912e+08,0,2.6875e+07,-914584,914584,1.34338e+07
0,0,0,3.47912e+08,0,2.64065e+07,-1.39229e+06,1.39229e+06,1.34338e+07
0,0,0,3.47912e+08,0,2.68934e+07,-914584,914584,1.34338e+07
0,0,0,3.47912e+08,0,2.45123e+07,-3.30483e+06,3.30483e+06,1.51922e+07
0,0,0,3.47912e+08,0,2.78943e+07,-914584,914584,1.34338e+07
0,0,0,3.47912e+08,0,2.79039e+07,-914584,914584,1.34338e+07
0,0,0,3.47912e+08,0,2.54283e+07,-3.39966e+06,3.39966e+06,1.51922e+07
0,0,0,3.47912e+08,0,2.5437e+07,-3.40055e+06,3.40055e+06,1.51922e+07
0,0,0,3.47912e+08,0,2.50983e+07,-3.36549e+06,3.36549e+06,1.51922e+07
0,0,0,3.47912e+08,0,2.51068e+07,-3.36637e+06,3.36637e+06,1.51922e+07
0,0,0,3.47912e+08,0,2.51153e+07,-3.36725e+06,3.36725e+06,1.51922e+07
0,0,0,3.47912e+08,0,2.51238e+07,-3.36814e+06,3.36814e+06,1.51922e+07
0,0,0,3.47912e+08,0,2.63431e+07,-3.49436e+06,3.49436e+06,1.51922e+07
0,0,0,3.47912e+08,0,2.6352e+07,-3.49528e+06,3.49528e+06,1.51922e+07
0,0,0,3.47912e+08,0,2.6361e+07,-3.49621e+06,3.49621e+06,1.51922e+07
0,0,0,3.47912e+08,0,2.63699e+07,-3.49714e+06,3.49714e+06,1.51922e+07
0,0,0,3.47912e+08,0,2.63789e+07,-3.49807e+06,3.49807e+06,1.51922e+07
0,0,0,3.47912e+08,0,2.66735e+07,-3.52856e+06,3.52856e+06,1.51922e+07
0,0,0,3.47912e+08,0,2.66825e+07,-3.5295e+06,3.5295e+06,1.51922e+07
0,0,0,3.47912e+08,0,2.93075e+07,-914584,914584,1.34338e+07
0,0,0,3.47912e+08,0,2.67007e+07,-3.53138e+06,3.53138e+06,1.51922e+07
0,0,0,3.47912e+08,0,2.73154e+07,-3.59501e+06,3.59501e+06,1.51922e+07
0,0,0,3.47912e+08,0,3.00061e+07,-914584,914584,1.34338e+07
0,0,0,3.47912e+08,0,3.00163e+07,-914584,914584,1.34338e+07
0,0,0,3.47912e+08,0,3.00266e+07,-914584,914584,1.34338e+07
0,0,0,3.47912e+08,0,3.0255e+07,-578499,578499,1.34338e+07
0,0,0,3.47912e+08,0,3.02658e+07,-578707,578707,1.34338e+07
0,0,0,3.47912e+08,0,3.02767e+07,-578914,578914,1.34338e+07
0,0,0,3.47912e+08,0,3.02876e+07,-579122,579122,1.34338e+07
0,0,0,3.47912e+08,0,3.02984e+07,-579330,579330,1.34338e+07
0,0,0,3.47912e+08,0,3.10632e+07,-914584,914584,1.34338e+07
0,0,0,3.47912e+08,0,3.10739e+07,-914584,914584,1.34338e+07
0,0,0,3.47912e+08,0,3.10845e+07,-914584,914584,1.34338e+07
0,0,0,3.47912e+08,0,3.10951e+07,-914584,914584,1.34338e+07
0,0,0,3.47912e+08,0,3.00046e+07,-914584,914584,1.34338e+07
0,0,0,3.47912e+08,0,3.00148e+07,-914584,914584,1.34338e+07
0,0,0,3.47912e+08,0,3.00251e+07,-914584,914584,1.34338e+07
0,0,0,3.47912e+08,0,3.00353e+07,-914584,914584,1.34338e+07
0,0,0,3.47912e+08,0,2.7492e+07,-914584,914584,1.34338e+07
0,0,0,3.47912e+08,0,2.75013e+07,-914584,914584,1.34338e+07
0,0,0,3.47912e+08,0,2.75107e+07,-914584,914584,1.34338e+07
0,0,0,3.47912e+08,0,2.752e+07,-914584,914584,1.34338e+07
0,0,0,3.47912e+08,0,2.75293e+07,-914584,914584,1.34338e+07
0,0,0,3.47912e+08,0,2.75293e+07,-914584,914584,1.34338e+07
0,0,0,3.47912e+08,8.33588e+06,2.83709e+07,-914584,914584,1.34338e+07
0,0,0,3.47912e+08,0,2.83802e+07,-914584,914584,1.34338e+07
0,0,0,3.47912e+08,0,2.83895e+07,-914584,914584,1.34338e+07
0,0,0,3.47912e+08,0,2.83987e+07,-914584,914584,1.34338e+07
0,0,0,3.47912e+08,0,3.13357e+07,-914584,914584,1.34338e+07
0,0,0,3.47912e+08,0,3.1346e+07,-914584,914584,1.34338e+07
0,0,0,3.47912e+08,0,3.13563e+07,-914584,914584,1.34338e+07
0,0,0,3.47912e+08,0,3.13666e+07,-914584,914584,1.34338e+07
0,0,0,3.47912e+08,0,2.73417e+07,-914584,914584,1.34338e+07
0,0,0,3.47912e+08,0,2.73507e+07,-914584,914584,1.34338e+07
0,0,0,3.47912e+08,0,2.73596e+07,-914584,914584,1.34338e+07
0,0,0,3.47912e+08,0,2.73685e+07,-914584,914584,1.34338e+07
0,0,0,3.47912e+08,0,2.73774e+07,-914584,914584,1.34338e+07
0,0,0,3.47912e+08,0,2.83872e+07,-914584,914584,1.34338e+07
0,0,0,3.47912e+08,0,2.83965e+07,-914584,914584,1.34338e+07
0,0,0,3.47912e+08,0,2.84058e+07,-914584,914584,1.34338e+07
0,0,0,3.47912e+08,0,2.8415e+07,-914584,914584,1.34338e+07
0,0,0,3.47912e+08,0,2.80339e+07,-914584,914584,1.34338e+07
0,0,0,3.47912e+08,0,2.80431e+07,-914584,914584,1.34338e+07
0,0,0,3.47912e+08,0,2.80522e+07,-914584,914584,1.34338e+07
0,0,0,3.47912e+08,0,2.80613e+07,-914584,914584,1.34338e+07
0,0,0,3.47912e+08,0,2.94313e+07,-914584,914584,1.34338e+07
0,0,0,3.47912e+08,0,2.94409e+07,-914584,914584,1.34338e+07
0,0,0,3.47912e+08,0,2.94505e+07,-914584,914584,1.34338e+07
0,0,0,3.47912e+08,0,2.94601e+07,-914584,914584,1.34338e+07
0,0,0,3.47912e+08,0,2.94697e+07,-914584,914584,1.34338e+07
0,0,0,3.47912e+08,0,2.98003e+07,-914584,914584,1.34338e+07
0,0,0,3.47912e+08,0,2.981e+07,-914584,914584,1.34338e+07
0,0,0,3.47912e+08,0,2.98198e+07,-914584,914584,1.34338e+07
0,0,0,3.47912e+08,0,2.98295e+07,-914584,914584,1.34338e+07
0,0,0,3.47912e+08,0,3.05198e+07,-914584,914584,1.34338e+07
0,0,0,3.47912e+08,0,3.05298e+07,-914584,914584,1.34338e+07
0,0,0,3.47912e+08,0,3.05398e+07,-914584,914584,1.34338e+07
0,0,0,3.47912e+08,0,3.05498e+07,-914584,914584,1.34338e+07
0,0,0,3.47912e+08,0,3.28199e+07,-914584,914584,1.34338e+07
0,0,0,3.47912e+08,0,3.28306e+07,-914584,914584,1.34338e+07
0,0,0,3.47912e+08,0,3.28414e+07,-914584,914584,1.34338e+07
0,0,0,3.47912e+08,0,3.28521e+07,-914584,914584,1.34338e+07
0,0,0,3.47912e+08,0,3.28629e+07,-914584,914584,1.34338e+07
0,0,0,3.47912e+08,0,3.16025e+07,-914584,914584,1.34338e+07
0,0,0,3.47912e+08,0,3.16128e+07,-914584,914584,1.34338e+07
0,0,0,3.47912e+08,0,3.16231e+07,-914584,914584,1.34338e+07
0,0,0,3.47912e+08,0,3.16335e+07,-914584,914584,1.34338e+07
0,0,0,3.47912e+08,0,3.05227e+07,-914584,914584,1.34338e+07
0,0,0,3.47912e+08,0,3.05326e+07,-914584,914584,1.34338e+07
0,0,0,3.47912e+08,0,3.05426e+07,-914584,914584,1.34338e+07
0,0,0,3.47912e+08,0,3.05525e+07,-914584,914584,1.34338e+07
0,0,0,3.47912e+08,0,2.79628e+07,-914584,914584,1.34338e+07
0,0,0,3.47912e+08,0,2.79719e+07,-914584,914584,1.34338e+07
0,0,0,3.47912e+08,0,2.7981e+07,-914584,914584,1.34338e+07
0,0,0,3.47912e+08,0,2.799e+07,-914584,914584,1.34338e+07
0,0,0,3.47912e+08,0,2.79991e+07,-914584,914584,1.34338e+07
0,0,0,3.47912e+08,8.33588e+06,2.88554e+07,-914584,914584,1.34338e+07
0,0,0,3.47912e+08,0,2.88644e+07,-914584,914584,1.34338e+07
0,0,0,3.47912e+08,0,2.88734e+07,-914584,914584,1.34338e+07
0,0,0,3.47912e+08,0,2.88824e+07,-914584,914584,1.34338e+07
0,0,0,3.47912e+08,0,3.18716e+07,-914584,914584,1.34338e+07
0,0,0,3.47912e+08,0,3.18815e+07,-914584,914584,1.34338e+07
0,0,0,3.47912e+08,0,3.18915e+07,-914584,914584,1.34338e+07
0,0,0,3.47912e+08,0,3.19015e+07,-914584,914584,1.34338e+07
0,0,0,3.47912e+08,0,2.78044e+07,-914584,914584,1.34338e+07
0,0,0,3.47912e+08,0,2.7813e+07,-914584,914584,1.34338e+07
0,0,0,3.47912e+08,0,2.78217e+07,-914584,914584,1.34338e+07
0,0,0,3.47912e+08,0,2.78303e+07,-914584,914584,1.34338e+07
0,0,0,3.47912e+08,0,2.7839e+07,-914584,914584,1.34338e+07
0,0,0,3.47912e+08,0,2.88664e+07,-914584,914584,1.34338e+07
0,0,0,3.47912e+08,0,2.88753e+07,-914584,914584,1.34338e+07
0,0,0,3.47912e+08,0,2.88843e+07,-914584,914584,1.34338e+07
0,0,0,3.47912e+08,0,2.88933e+07,-914584,914584,1.34338e+07
0,0,0,3.47912e+08,0,2.8505e+07,-914584,914584,1.34338e+07
0,0,0,3.47912e+08,0,2.85139e+07,-914584,914584,1.34338e+07
0,0,0,3.47912e+08,0,2.85228e+07,-914584,914584,1.34338e+07
0,0,0,3.47912e+08,0,2.85316e+07,-914584,914584,1.34338e+07
0,0,0,3.47912e+08,0,2.99253e+07,-914584,914584,1.34338e+07
0,0,0,3.47912e+08,0,2.99346e+07,-914584,914584,1.34338e+07
0,0,0,3.47912e+08,0,2.99439e+07,-914584,914584,1.34338e+07
0,0,0,3.47912e+08,0,2.99533e+07,-914584,914584,1.34338e+07
0,0,0,3.47912e+08,0,2.99626e+07,-914584,914584,1.34338e+07
0,0,0,3.47912e+08,0,3.02986e+07,-914584,914584,1.34338e+07
0,0,0,3.47912e+08,0,3.0308e+07,-914584,914584,1.34338e+07
0,0,0,3.47912e+08,0,3.03174e+07,-914584,914584,1.34338e+07
0,0,0,3.47912e+08,0,3.03269e+07,-914584,914584,1.34338e+07
0,0,0,3.47912e+08,0,3.10288e+07,-914584,914584,1.34338e+07
0,0,0,3.47912e+08,0,3.10385e+07,-914584,914584,1.34338e+07
0,0,0,3.47912e+08,0,3.10482e+07,-914584,914584,1.34338e+07
0,0,0,3.47912e+08,0,3.10579e+07,-914584,914584,1.34338e+07
0,0,0,3.47912e+08,0,3.33671e+07,-914584,914584,1.34338e+07
0,0,0,3.47912e+08,0,3.33775e+07,-914584,914584,1.34338e+07
0,0,0,3.47912e+08,0,3.33879e+07,-914584,914584,1.34338e+07
0,0,0,3.47912e+08,0,3.33984e+07,-914584,914584,1.34338e+07
0,0,0,3.47912e+08,0,3.34088e+07,-914584,914584,1.34338e+07
0,0,0,3.47912e+08,0,3.2126e+07,-914584,914584,1.34338e+07
0,0,0,3.47912e+08,0,3.2136e+07,-914584,914584,1.34338e+07
0,0,0,3.47912e+08,0,3.21461e+07,-914584,914584,1.34338e+07
0,0,0,3.47912e+08,0,3.21561e+07,-914584,914584,1.34338e+07
0,0,0,3.47912e+08,0,3.10256e+07,-914584,914584,1.34338e+07
0,0,0,3.47912e+08,0,3.10353e+07,-914584,914584,1.34338e+07
0,0,0,3.47912e+08,0,3.10449e+07,-914584,914584,1.34338e+07
0,0,0,3.47912e+08,0,3.10546e+07,-914584,914584,1.34338e+07
0,0,0,3.47912e+08,0,2.84198e+07,-914584,914584,1.34338e+07
0,0,0,3.47912e+08,0,2.84286e+07,-914584,914584,1.34338e+07
0,0,0,3.47912e+08,0,2.84374e+07,-914584,914584,1.34338e+07
0,0,0,3.47912e+08,0,2.84462e+07,-914584,914584,1.34338e+07
0,0,0,3.47912e+08,0,2.84551e+07,-914584,914584,1.34338e+07
0,0,0,3.47912e+08,8.33588e+06,2.93256e+07,-914584,914584,1.34338e+07
0,0,0,3.47912e+08,0,2.93343e+07,-914584,914584,1.34338e+07
0,0,0,3.47912e+08,0,2.93431e+07,-914584,914584,1.34338e+07
0,0,0,3.47912e+08,0,2.93518e+07,-914584,914584,1.34338e+07
0,0,0,3.47912e+08,0,3.23915e+07,-914584,914584,1.34338e+07
0,0,0,3.47912e+08,0,3.24012e+07,-914584,914584,1.34338e+07
0,0,0,3.47912e+08,0,3.24109e+07,-914584,914584,1.34338e+07
0,0,0,3.47912e+08,0,3.24206e+07,-914584,914584,1.34338e+07
0,0,0,3.47912e+08,0,2.82532e+07,-914584,914584,1.34338e+07
0,0,0,3.47912e+08,0,2.82616e+07,-914584,914584,1.34338e+07
0,0,0,3.47912e+08,0,2.827e+07,-914584,914584,1.34338e+07
0,0,0,3.47912e+08,0,2.82784e+07,-914584,914584,1.34338e+07
0,0,0,3.47912e+08,0,2.82868e+07,-914584,914584,1.34338e+07
0,0,0,3.47912e+08,0,2.93311e+07,-914584,914584,1.34338e+07
0,0,0,3.47912e+08,0,2.93398e+07,-914584,914584,1.34338e+07
0,0,0,3.47912e+08,0,2.93485e+07,-914584,914584,1.34338e+07
0,0,0,3.47912e+08,0,2.93573e+07,-914584,914584,1.34338e+07
0,0,0,3.47912e+08,0,2.8962e+07,-914584,914584,1.34338e+07
0,0,0,3.47912e+08,0,2.89705e+07,-914584,914584,1.34338e+07
0,0,0,3.47912e+08,0,2.89791e+07,-914584,914584,1.34338e+07
0,0,0,3.47912e+08,0,2.89877e+07,-914584,914584,1.34338e+07
0,0,0,3.47912e+08,0,3.04044e+07,-914584,914584,1.34338e+07
0,0,0,3.47912e+08,0,3.04134e+07,-914584,914584,1.34338e+07
0,0,0,3.47912e+08,0,3.04225e+07,-914584,914584,1.34338e+07
0,0,0,3.47912e+08,0,3.04315e+07,-914584,914584,1.34338e+07
0,0,0,3.47912e+08,0,3.04406e+07,-914584,914584,1.34338e+07
0,0,0,3.47912e+08,0,3.07817e+07,-914584,914584,1.34338e+07
0,0,0,3.47912e+08,0,3.07908e+07,-914584,914584,1.34338e+07
0,0,0,3.47912e+08,0,3.08e+07,-914584,914584,1.34338e+07
0,0,0,3.47912e+08,0,3.08091e+07,-914584,914584,1.34338e+07
0,0,0,3.47912e+08,0,3.15223e+07,-914584,914584,1.34338e+07
0,0,0,3.47912e+08,0,3.15317e+07,-914584,914584,1.34338e+07
0,0,0,3.47912e+08,0,3.15411e+07,-914584,914584,1.34338e+07
0,0,0,3.47912e+08,0,3.15505e+07,-914584,914584,1.34338e+07
0,0,0,3.47912e+08,0,3.38976e+07,-914584,914584,1.34338e+07
0,0,0,3.47912e+08,0,3.39077e+07,-914584,914584,1.34338e+07
0,0,0,3.47912e+08,0,3.39178e+07,-914584,914584,1.34338e+07
0,0,0,3.47912e+08,0,3.39279e+07,-914584,914584,1.34338e+07
0,0,0,3.47912e+08,0,3.3938e+07,-914584,914584,1.34338e+07
0,0,0,3.47912e+08,0,3.26335e+07,-914584,914584,1.34338e+07
0,0,0,3.47912e+08,0,3.26432e+07,-914584,914584,1.34338e+07
0,0,0,3.47912e+08,0,3.26529e+07,-914584,914584,1.34338e+07
0,0,0,3.47912e+08,0,3.26626e+07,-914584,914584,1.34338e+07
0,0,0,3.47912e+08,0,3.15131e+07,-914584,914584,1.34338e+07
0,0,0,3.47912e+08,0,3.15224e+07,-914584,914584,1.34338e+07
0,0,0,3.47912e+08,0,3.15318e+07,-914584,914584,1.34338e+07
0,0,0,3.47912e+08,0,3.15412e+07,-914584,914584,1.34338e+07
0,0,0,3.47912e+08,0,2.88627e+07,-914584,914584,1.34338e+07
0,0,0,3.47912e+08,0,2.88712e+07,-914584,914584,1.34338e+07
0,0,0,3.47912e+08,0,2.88797e+07,-914584,914584,1.34338e+07
0,0,0,3.47912e+08,0,2.88883e+07,-914584,914584,1.34338e+07
0,0,0,3.47912e+08,0,2.88968e+07,-914584,914584,1.34338e+07
0,0,0,3.47912e+08,3.90181e+07,2.97812e+07,-914584,914584,1.34338e+07
0,0,0,3.47912e+08,0,2.97896e+07,-914584,914584,1.34338e+07
0,0,0,3.47912e+08,0,2.9798e+07,-914584,914584,1.34338e+07
0,0,0,3.47912e+08,0,2.98065e+07,-914584,914584,1.34338e+07
0,0,0,3.47912e+08,0,3.28952e+07,-914584,914584,1.34338e+07
0,0,0,3.47912e+08,0,3.29046e+07,-914584,914584,1.34338e+07
0,0,0,3.47912e+08,0,3.2914e+07,-914584,914584,1.34338e+07
0,0,0,3.47912e+08,0,3.29233e+07,-914584,914584,1.34338e+07
0,0,0,3.47912e+08,0,2.8688e+07,-914584,914584,1.34338e+07
0,0,0,3.47912e+08,0,2.86961e+07,-914584,914584,1.34338e+07
0,0,0,3.47912e+08,0,2.87042e+07,-914584,914584,1.34338e+07
0,0,0,3.47912e+08,0,2.87123e+07,-914584,914584,1.34338e+07
0,0,0,3.47912e+08,0,2.87205e+07,-914584,914584,1.34338e+07
0,0,0,3.47912e+08,0,2.97812e+07,-914584,914584,1.34338e+07
0,0,0,3.47912e+08,0,2.97897e+07,-914584,914584,1.34338e+07
0,0,0,3.47912e+08,0,2.97981e+07,-914584,914584,1.34338e+07
0,0,0,3.47912e+08,0,2.98065e+07,-914584,914584,1.34338e+07
0,0,0,3.47912e+08,0,2.94045e+07,-914584,914584,1.34338e+07
0,0,0,3.47912e+08,0,2.94128e+07,-914584,914584,1.34338e+07
0,0,0,3.47912e+08,0,2.94211e+07,-914584,914584,1.34338e+07
0,0,0,3.47912e+08,0,2.94294e+07,-914584,914584,1.34338e+07
0,0,0,3.47912e+08,0,3.08683e+07,-914584,914584,1.34338e+07
0,0,0,3.47912e+08,0,3.08771e+07,-914584,914584,1.34338e+07
0,0,0,3.47912e+08,0,3.08858e+07,-914584,914584,1.34338e+07
0,0,0,3.47912e+08,0,3.08946e+07,-914584,914584,1.34338e+07
0,0,0,3.47912e+08,0,3.09033e+07,-914584,914584,1.34338e+07
0,0,0,3.47912e+08,0,3.12494e+07,-914584,914584,1.34338e+07
0,0,0,3.47912e+08,0,3.12583e+07,-914584,914584,1.34338e+07
0,0,0,3.47912e+08,0,3.12671e+07,-914584,914584,1.34338e+07
0,0,0,3.47912e+08,0,3.1276e+07,-914584,914584,1.34338e+07
0,0,0,3.47912e+08,0,3.20001e+07,-914584,914584,1.34338e+07
0,0,0,3.47912e+08,0,3.20091e+07,-914584,914584,1.34338e+07
0,0,0,3.47912e+08,0,3.20182e+07,-914584,914584,1.34338e+07
0,0,0,3.47912e+08,0,3.20273e+07,-914584,914584,1.34338e+07
0,0,0,3.47912e+08,0,3.4411e+07,-914584,914584,1.34338e+07
0,0,0,3.47912e+08,0,3.44208e+07,-914584,914584,1.34338e+07
0,0,0,3.47912e+08,0,3.44306e+07,-914584,914584,1.34338e+07
0,0,0,3.47912e+08,0,3.44404e+07,-914584,914584,1.34338e+07
0,0,0,3.47912e+08,0,3.44502e+07,-914584,914584,1.34338e+07
0,0,0,3.47912e+08,0,3.31246e+07,-914584,914584,1.34338e+07
0,0,0,3.47912e+08,0,3.3134e+07,-914584,914584,1.34338e+07
0,0,0,3.47912e+08,0,3.31434e+07,-914584,914584,1.34338e+07
0,0,0,3.47912e+08,0,3.31528e+07,-914584,914584,1.34338e+07
0,0,0,3.47912e+08,0,3.19848e+07,-914584,914584,1.34338e+07
0,0,0,3.47912e+08,0,3.19938e+07,-914584,914584,1.34338e+07
0,0,0,3.47912e+08,0,3.20029e+07,-914584,914584,1.34338e+07
0,0,0,3.47912e+08,0,3.20119e+07,-914584,914584,1.34338e+07
0,0,0,3.47912e+08,0,2.92912e+07,-914584,914584,1.34338e+07
0,0,0,3.47912e+08,0,2.92994e+07,-914584,914584,1.34338e+07
0,0,0,3.47912e+08,0,2.93077e+07,-914584,914584,1.34338e+07
0,0,0,3.47912e+08,0,2.93159e+07,-914584,914584,1.34338e+07
0,0,0,3.47912e+08,0,2.93242e+07,-914584,914584,1.34338e+07
0,0,0,3.47912e+08,3.90181e+07,3.02219e+07,-914584,914584,1.34338e+07
0,0,0,3.47912e+08,0,3.02301e+07,-914584,914584,1.34338e+07
0,0,0,3.47912e+08,0,3.02382e+07,-914584,914584,1.34338e+07
0,0,0,3.47912e+08,0,3.02464e+07,-914584,914584,1.34338e+07
0,0,0,3.47912e+08,0,3.33826e+07,-914584,914584,1.34338e+07
0,0,0,3.47912e+08,0,3.33917e+07,-914584,914584,1.34338e+07
0,0,0,3.47912e+08,0,3.34007e+07,-914584,914584,1.34338e+07
0,0,0,3.47912e+08,0,3.34098e+07,-914584,914584,1.34338e+07
0,0,0,3.47912e+08,0,2.91087e+07,-914584,914584,1.34338e+07
0,0,0,3.47912e+08,0,2.91165e+07,-914584,914584,1.34338e+07
0,0,0,3.47912e+08,0,2.91244e+07,-914584,914584,1.34338e+07
0,0,0,3.47912e+08,0,2.91322e+07,-914584,914584,1.34338e+07
0,0,0,3.47912e+08,0,2.91401e+07,-914584,914584,1.34338e+07
0,0,0,3.47912e+08,0,3.02168e+07,-914584,914584,1.34338e+07
0,0,0,3.47912e+08,0,3.0225e+07,-914584,914584,1.34338e+07
0,0,0,3.47912e+08,0,3.02331e+07,-914584,914584,1.34338e+07
0,0,0,3.47912e+08,0,3.02413e+07,-914584,914584,1.34338e+07
0,0,0,3.47912e+08,0,2.98327e+07,-914584,914584,1.34338e+07
0,0,0,3.47912e+08,0,2.98407e+07,-914584,914584,1.34338e+07
0,0,0,3.47912e+08,0,2.98488e+07,-914584,914584,1.34338e+07
0,0,0,3.47912e+08,0,2.98568e+07,-914584,914584,1.34338e+07
0,0,0,3.47912e+08,0,3.13173e+07,-914584,914584,1.34338e+07
0,0,0,3.47912e+08,0,3.13257e+07,-914584,914584,1.34338e+07
0,0,0,3.47912e+08,0,3.13342e+07,-914584,914584,1.34338e+07
0,0,0,3.47912e+08,0,3.13427e+07,-914584,914584,1.34338e+07
0,0,0,3.47912e+08,0,3.13512e+07,-914584,914584,1.34338e+07
0,0,0,3.47912e+08,0,3.17021e+07,-914584,914584,1.34338e+07
0,0,0,3.47912e+08,0,3.17107e+07,-914584,914584,1.34338e+07
0,0,0,3.47912e+08,0,3.17193e+07,-914584,914584,1.34338e+07
0,0,0,3.47912e+08,0,3.17278e+07,-914584,914584,1.34338e+07
0,0,0,3.47912e+08,0,3.24624e+07,-914584,914584,1.34338e+07
0,0,0,3.47912e+08,0,3.24712e+07,-914584,914584,1.34338e+07
0,0,0,3.47912e+08,0,3.248e+07,-914584,914584,1.34338e+07
0,0,0,3.47912e+08,0,3.24888e+07,-914584,914584,1.34338e+07
0,0,0,3.47912e+08,0,3.4908e+07,-914584,914584,1.34338e+07
0,0,0,3.47912e+08,0,3.49175e+07,-914584,914584,1.34338e+07
0,0,0,3.47912e+08,0,3.49269e+07,-914584,914584,1.34338e+07
0,0,0,3.47912e+08,0,3.49364e+07,-914584,914584,1.34338e+07
0,0,0,3.47912e+08,0,3.49459e+07,-914584,914584,1.34338e+07
0,0,0,3.47912e+08,0,3.36e+07,-914584,914584,1.34338e+07
0,0,0,3.47912e+08,0,3.36091e+07,-914584,914584,1.34338e+07
0,0,0,3.47912e+08,0,3.36182e+07,-914584,914584,1.34338e+07
0,0,0,3.47912e+08,0,3.36273e+07,-914584,914584,1.34338e+07
0,0,0,3.47912e+08,0,3.24413e+07,-914584,914584,1.34338e+07
0,0,0,3.47912e+08,0,3.24501e+07,-914584,914584,1.34338e+07
0,0,0,3.47912e+08,0,3.24589e+07,-914584,914584,1.34338e+07
0,0,0,3.47912e+08,0,3.24676e+07,-914584,914584,1.34338e+07
0,0,0,3.47912e+08,0,2.9706e+07,-914584,914584,1.34338e+07
0,0,0,3.47912e+08,0,2.97139e+07,-914584,914584,1.34338e+07
0,0,0,3.47912e+08,0,2.97219e+07,-914584,914584,1.34338e+07
0,0,0,3.47912e+08,0,2.97299e+07,-914584,914584,1.34338e+07
0,0,0,3.47912e+08,0,2.97379e+07,-914584,914584,1.34338e+07
0,0,0,3.47912e+08,0,3.06486e+07,-914584,914584,1.34338e+07
0,0,0,6.68884e+08,3.90181e+07,3.06565e+07,-914584,914584,1.34338e+07
0,0,0,6.68884e+08,0,3.06644e+07,-914584,914584,1.34338e+07
0,0,0,6.68884e+08,0,3.06723e+07,-914584,914584,1.34338e+07
0,0,0,6.68884e+08,0,3.38544e+07,-914584,914584,1.34338e+07
0,0,0,6.68884e+08,0,3.38632e+07,-914584,914584,1.34338e+07
0,0,0,6.68884e+08,0,3.3872e+07,-914584,914584,1.34338e+07
0,0,0,6.68884e+08,0,3.38808e+07,-914584,914584,1.34338e+07
0,0,0,6.68884e+08,0,2.95159e+07,-914584,914584,1.34338e+07
0,0,0,6.68884e+08,0,2.95236e+07,-914584,914584,1.34338e+07
0,0,0,6.68884e+08,0,2.95312e+07,-914584,914584,1.34338e+07
0,0,0,6.68884e+08,0,2.95388e+07,-914584,914584,1.34338e+07
0,0,0,6.68884e+08,0,2.95464e+07,-914584,914584,1.34338e+07
0,0,0,6.68884e+08,0,3.06385e+07,-914584,914584,1.34338e+07
0,0,0,6.68884e+08,0,3.06464e+07,-914584,914584,1.34338e+07
0,0,0,6.68884e+08,0,3.06543e+07,-914584,914584,1.34338e+07
0,0,0,6.68884e+08,0,3.06622e+07,-914584,914584,1.34338e+07
0,0,0,6.68884e+08,0,3.02472e+07,-914584,914584,1.34338e+07
0,0,0,6.68884e+08,0,3.0255e+07,-914584,914584,1.34338e+07
0,0,0,6.68884e+08,0,3.02628e+07,-914584,914584,1.34338e+07
0,0,0,6.68884e+08,0,3.02706e+07,-914584,914584,1.34338e+07
0,0,0,6.68884e+08,0,3.17519e+07,-914584,914584,1.34338e+07
0,0,0,6.68884e+08,0,3.17601e+07,-914584,914584,1.34338e+07
0,0,0,6.68884e+08,0,3.17683e+07,-914584,914584,1.34338e+07
0,0,0,6.68884e+08,0,3.17765e+07,-914584,914584,1.34338e+07
0,0,0,6.68884e+08,0,3.17847e+07,-914584,914584,1.34338e+07
0,0,0,6.68884e+08,0,3.21404e+07,-914584,914584,1.34338e+07
0,0,0,6.68884e+08,0,3.21487e+07,-914584,914584,1.34338e+07
0,0,0,6.68884e+08,0,3.2157e+07,-914584,914584,1.34338e+07
0,0,0,6.68884e+08,0,3.21653e+07,-914584,914584,1.34338e+07
0,0,0,6.68884e+08,0,3.29101e+07,-914584,914584,1.34338e+07
0,0,0,6.68884e+08,0,3.29186e+07,-914584,914584,1.34338e+07
0,0,0,6.68884e+08,0,3.29271e+07,-914584,914584,1.34338e+07
0,0,0,6.68884e+08,0,3.29356e+07,-914584,914584,1.34338e+07
0,0,0,6.68884e+08,0,3.53892e+07,-914584,914584,1.34338e+07
0,0,0,6.68884e+08,0,3.53984e+07,-914584,914584,1.34338e+07
0,0,0,6.68884e+08,0,3.54075e+07,-914584,914584,1.34338e+07
0,0,0,6.68884e+08,0,3.54167e+07,-914584,914584,1.34338e+07
0,0,0,6.68884e+08,0,3.54259e+07,-914584,914584,1.34338e+07
0,0,0,6.68884e+08,0,3.40603e+07,-914584,914584,1.34338e+07
0,0,0,6.68884e+08,0,3.40691e+07,-914584,914584,1.34338e+07
0,0,0,6.68884e+08,0,3.40779e+07,-914584,914584,1.34338e+07
0,0,0,6.68884e+08,0,3.40867e+07,-914584,914584,1.34338e+07
0,0,0,6.68884e+08,0,3.28834e+07,-914584,914584,1.34338e+07
0,0,0,6.68884e+08,0,3.28919e+07,-914584,914584,1.34338e+07
0,0,0,6.68884e+08,0,3.29004e+07,-914584,914584,1.34338e+07
0,0,0,6.68884e+08,0,3.29089e+07,-914584,914584,1.34338e+07
0,0,0,6.68884e+08,0,3.01076e+07,-914584,914584,1.34338e+07
0,0,0,6.68884e+08,0,3.01153e+07,-914584,914584,1.34338e+07
0,0,0,6.68884e+08,0,3.01231e+07,-914584,914584,1.34338e+07
0,0,0,6.68884e+08,0,3.01308e+07,-914584,914584,1.34338e+07
0,0,0,6.68884e+08,0,3.01385e+07,-914584,914584,1.34338e+07
0,0,0,6.68884e+08,0,3.01385e+07,-914584,914584,1.34338e+07
0,0,0,6.68884e+08,3.90181e+07,3.10617e+07,-914584,914584,1.34338e+07
0,0,0,6.68884e+08,0,3.10694e+07,-914584,914584,1.34338e+07
0,0,0,6.68884e+08,0,3.1077e+07,-914584,914584,1.34338e+07
0,0,0,6.68884e+08,0,3.10847e+07,-914584,914584,1.34338e+07
0,0,0,6.68884e+08,0,3.43112e+07,-914584,914584,1.34338e+07
0,0,0,6.68884e+08,0,3.43197e+07,-914584,914584,1.34338e+07
0,0,0,6.68884e+08,0,3.43282e+07,-914584,914584,1.34338e+07
0,0,0,6.68884e+08,0,3.43367e+07,-914584,914584,1.34338e+07
0,0,0,6.68884e+08,0,2.99102e+07,-914584,914584,1.34338e+07
0,0,0,6.68884e+08,0,2.99176e+07,-914584,914584,1.34338e+07
0,0,0,6.68884e+08,0,2.99249e+07,-914584,914584,1.34338e+07
0,0,0,6.68884e+08,0,2.99323e+07,-914584,914584,1.34338e+07
0,0,0,6.68884e+08,0,2.99396e+07,-914584,914584,1.34338e+07
0,0,0,6.68884e+08,0,3.10466e+07,-914584,914584,1.34338e+07
0,0,0,6.68884e+08,0,3.10543e+07,-914584,914584,1.34338e+07
0,0,0,6.68884e+08,0,3.10619e+07,-914584,914584,1.34338e+07
0,0,0,6.68884e+08,0,3.10695e+07,-914584,914584,1.34338e+07
0,0,0,6.68884e+08,0,3.01001e+07,-1.46291e+06,1.46291e+06,1.34338e+07
0,0,0,6.68884e+08,0,3.0656e+07,-914584,914584,1.34338e+07
0,0,0,6.68884e+08,0,3.06635e+07,-914584,914584,1.34338e+07
0,0,0,6.68884e+08,0,3.0671e+07,-914584,914584,1.34338e+07
0,0,0,6.68884e+08,0,3.21726e+07,-914584,914584,1.34338e+07
0,0,0,6.68884e+08,0,3.21805e+07,-914584,914584,1.34338e+07
0,0,0,6.68884e+08,0,3.21884e+07,-914584,914584,1.34338e+07
0,0,0,6.68884e+08,0,3.21963e+07,-914584,914584,1.34338e+07
0,0,0,6.68884e+08,0,3.22043e+07,-914584,914584,1.34338e+07
0,0,0,6.68884e+08,0,3.25644e+07,-914584,914584,1.34338e+07
0,0,0,6.68884e+08,0,3.25724e+07,-914584,914584,1.34338e+07
0,0,0,6.68884e+08,0,3.25805e+07,-914584,914584,1.34338e+07
0,0,0,6.68884e+08,0,3.25885e+07,-914584,914584,1.34338e+07
0,0,0,6.68884e+08,0,3.33431e+07,-914584,914584,1.34338e+07
0,0,0,6.68884e+08,0,3.33514e+07,-914584,914584,1.34338e+07
0,0,0,6.68884e+08,0,3.33596e+07,-914584,914584,1.34338e+07
0,0,0,6.68884e+08,0,3.33678e+07,-914584,914584,1.34338e+07
0,0,0,6.68884e+08,0,3.58546e+07,-914584,914584,1.34338e+07
0,0,0,6.68884e+08,0,3.58391e+07,-898922,898922,1.34338e+07
0,0,0,6.68884e+08,0,3.58454e+07,-897258,897258,1.34338e+07
0,0,0,6.68884e+08,0,3.58517e+07,-895594,895594,1.34338e+07
0,0,0,6.68884e+08,0,3.58579e+07,-893930,893930,1.34338e+07
0,0,0,6.68884e+08,0,3.44707e+07,-892265,892265,1.34338e+07
0,0,0,6.68884e+08,0,3.4514e+07,-914584,914584,1.34338e+07
0,0,0,6.68884e+08,0,3.45225e+07,-914584,914584,1.34338e+07
0,0,0,6.68884e+08,0,3.4531e+07,-914584,914584,1.34338e+07
0,0,0,6.68884e+08,0,3.33109e+07,-914584,914584,1.34338e+07
0,0,0,6.68884e+08,0,3.33191e+07,-914584,914584,1.34338e+07
0,0,0,6.68884e+08,0,3.33273e+07,-914584,914584,1.34338e+07
0,0,0,6.68884e+08,0,3.33356e+07,-914584,914584,1.34338e+07
0,0,0,6.68884e+08,0,3.04959e+07,-914584,914584,1.34338e+07
0,0,0,6.68884e+08,0,2.77754e+07,-3.64263e+06,3.64263e+06,1.51922e+07
0,0,0,6.68884e+08,0,3.05109e+07,-914584,914584,1.34338e+07
0,0,0,6.68884e+08,0,2.77889e+07,-3.64403e+06,3.64403e+06,1.51922e+07
0,0,0,6.68884e+08,0,2.77957e+07,-3.64473e+06,3.64473e+06,1.51922e+07
0,0,0,7.45917e+08,3.90181e+07,2.86432e+07,-3.73247e+06,3.73247e+06,1.51922e+07
0,0,0,7.45917e+08,0.000499492,3.14685e+07,-914584,914584,1.34338e+07
0,0,0,7.45917e+08,0,3.14758e+07,-914584,914584,1.34338e+07
0,0,0,7.45917e+08,0,3.14832e+07,-914584,914584,1.34338e+07
0,0,0,7.45917e+08,0,3.47527e+07,-914584,914584,1.34338e+07
0,0,0,7.45917e+08,0,3.47609e+07,-914584,914584,1.34338e+07
0,0,0,7.45917e+08,0,3.47691e+07,-914584,914584,1.34338e+07
0,0,0,7.45917e+08,0,3.47773e+07,-914584,914584,1.34338e+07
0,0,0,7.45917e+08,0,3.02912e+07,-914584,914584,1.34338e+07
0,0,0,7.45917e+08,0,3.02983e+07,-914584,914584,1.34338e+07
0,0,0,7.45917e+08,0,3.03054e+07,-914584,914584,1.34338e+07
0,0,0,7.45917e+08,0,3.03125e+07,-914584,914584,1.34338e+07
0,0,0,7.45917e+08,0,3.03196e+07,-914584,914584,1.34338e+07
0,0,0,7.45917e+08,0,3.1441e+07,-914584,914584,1.34338e+07
0,0,0,7.45917e+08,0,3.14484e+07,-914584,914584,1.34338e+07
0,0,0,7.45917e+08,0,3.14557e+07,-914584,914584,1.34338e+07
0,0,0,7.45917e+08,0,3.14631e+07,-914584,914584,1.34338e+07
0,0,0,7.45917e+08,0,3.10361e+07,-914584,914584,1.34338e+07
0,0,0,7.45917e+08,0,3.10433e+07,-914584,914584,1.34338e+07
0,0,0,7.45917e+08,0,3.10506e+07,-914584,914584,1.34338e+07
0,0,0,7.45917e+08,0,3.10579e+07,-914584,914584,1.34338e+07
0,0,0,7.45917e+08,0,3.25789e+07,-914584,914584,1.34338e+07
0,0,0,7.45917e+08,0,3.25865e+07,-914584,914584,1.34338e+07
0,0,0,7.45917e+08,0,3.25942e+07,-914584,914584,1.34338e+07
0,0,0,7.45917e+08,0,3.26018e+07,-914584,914584,1.34338e+07
0,0,0,7.45917e+08,0,3.26095e+07,-914584,914584,1.34338e+07
0,0,0,7.45917e+08,0,3.2974e+07,-914584,914584,1.34338e+07
0,0,0,7.45917e+08,0,3.29817e+07,-914584,914584,1.34338e+07
0,0,0,7.45917e+08,0,3.29895e+07,-914584,914584,1.34338e+07
0,0,0,7.45917e+08,0,3.29972e+07,-914584,914584,1.34338e+07
0,0,0,7.45917e+08,0,3.37614e+07,-914584,914584,1.34338e+07
0,0,0,7.45917e+08,0,3.37693e+07,-914584,914584,1.34338e+07
0,0,0,7.45917e+08,0,3.37772e+07,-914584,914584,1.34338e+07
0,0,0,7.45917e+08,0,3.37852e+07,-914584,914584,1.34338e+07
0,0,0,7.45917e+08,0,3.6304e+07,-914584,914584,1.34338e+07
0,0,0,7.45917e+08,0,3.6157e+07,-814567,814567,1.34338e+07
0,0,0,7.45917e+08,0,3.6163e+07,-812961,812961,1.34338e+07
0,0,0,7.45917e+08,0,3.61691e+07,-811355,811355,1.34338e+07
0,0,0,7.45917e+08,0,3.61752e+07,-809750,809750,1.34338e+07
0,0,0,7.45917e+08,0,3.47696e+07,-808144,808144,1.34338e+07
0,0,0,7.45917e+08,0,3.49434e+07,-914584,914584,1.34338e+07
0,0,0,7.45917e+08,0,3.49517e+07,-914584,914584,1.34338e+07
0,0,0,7.45917e+08,0,3.49599e+07,-914584,914584,1.34338e+07
0,0,0,7.45917e+08,0,3.37236e+07,-914584,914584,1.34338e+07
0,0,0,7.45917e+08,0,3.37315e+07,-914584,914584,1.34338e+07
0,0,0,7.45917e+08,0,3.37395e+07,-914584,914584,1.34338e+07
0,0,0,7.45917e+08,0,3.37474e+07,-914584,914584,1.34338e+07
0,0,0,7.45917e+08,0,3.08708e+07,-914584,914584,1.34338e+07
0,0,0,7.45917e+08,0,3.0878e+07,-914584,914584,1.34338e+07
0,0,0,7.45917e+08,0,3.08852e+07,-914584,914584,1.34338e+07
0,0,0,7.45917e+08,0,3.08924e+07,-914584,914584,1.34338e+07
0,0,0,7.45917e+08,0,3.08996e+07,-914584,914584,1.34338e+07
0,0,0,7.45917e+08,3.90181e+07,2.89925e+07,-3.76863e+06,3.76863e+06,1.51922e+07
0,0,0,7.45917e+08,0,2.89989e+07,-3.76929e+06,3.76929e+06,1.51922e+07
0,0,0,7.45917e+08,0,2.90054e+07,-3.76996e+06,3.76996e+06,1.51922e+07
0,0,0,7.45917e+08,0,2.90118e+07,-3.77063e+06,3.77063e+06,1.51922e+07
0,0,0,7.45917e+08,0,3.20121e+07,-4.08123e+06,4.08123e+06,1.51922e+07
0,0,0,7.45917e+08,0,3.20193e+07,-4.08197e+06,4.08197e+06,1.51922e+07
0,0,0,7.45917e+08,0,3.20264e+07,-4.08271e+06,4.08271e+06,1.51922e+07
0,0,0,7.45917e+08,0,3.20336e+07,-4.08345e+06,4.08345e+06,1.51922e+07
0,0,0,7.45917e+08,0,2.79162e+07,-3.65721e+06,3.65721e+06,1.51922e+07
0,0,0,7.45917e+08,0,2.79224e+07,-3.65785e+06,3.65785e+06,1.51922e+07
0,0,0,7.45917e+08,0,2.79286e+07,-3.65849e+06,3.65849e+06,1.51922e+07
0,0,0,7.45917e+08,0,2.79348e+07,-3.65913e+06,3.65913e+06,1.51922e+07
0,0,0,7.45917e+08,0,2.7941e+07,-3.65977e+06,3.65977e+06,1.51922e+07
0,0,0,7.45917e+08,0,2.89697e+07,-3.76627e+06,3.76627e+06,1.51922e+07
0,0,0,7.45917e+08,0,2.89762e+07,-3.76694e+06,3.76694e+06,1.51922e+07
0,0,0,7.45917e+08,0,3.1265e+07,-1.48519e+06,1.48519e+06,1.34338e+07
0,0,0,7.45917e+08,0,3.18427e+07,-914584,914584,1.34338e+07
0,0,0,7.45917e+08,0,3.14099e+07,-914584,914584,1.34338e+07
0,0,0,7.45917e+08,0,3.14169e+07,-914584,914584,1.34338e+07
0,0,0,7.45917e+08,0,3.14239e+07,-914584,914584,1.34338e+07
0,0,0,7.45917e+08,0,3.14309e+07,-914584,914584,1.34338e+07
0,0,0,7.45917e+08,0,3.29707e+07,-914584,914584,1.34338e+07
0,0,0,7.45917e+08,0,3.2978e+07,-914584,914584,1.34338e+07
0,0,0,7.45917e+08,0,3.29854e+07,-914584,914584,1.34338e+07
0,0,0,7.45917e+08,0,3.29928e+07,-914584,914584,1.34338e+07
0,0,0,7.45917e+08,0,3.30001e+07,-914584,914584,1.34338e+07
0,0,0,7.45917e+08,0,3.33688e+07,-914584,914584,1.34338e+07
0,0,0,7.45917e+08,0,3.33763e+07,-914584,914584,1.34338e+07
0,0,0,7.45917e+08,0,3.33838e+07,-914584,914584,1.34338e+07
0,0,0,7.45917e+08,0,3.33912e+07,-914584,914584,1.34338e+07
0,0,0,7.45917e+08,0,3.41645e+07,-914584,914584,1.34338e+07
0,0,0,7.45917e+08,0,3.41722e+07,-914584,914584,1.34338e+07
0,0,0,7.45917e+08,0,3.41798e+07,-914584,914584,1.34338e+07
0,0,0,7.45917e+08,0,3.41874e+07,-914584,914584,1.34338e+07
0,0,0,7.45917e+08,0,3.67372e+07,-914584,914584,1.34338e+07
0,0,0,7.45917e+08,0,3.64633e+07,-733269,733269,1.34338e+07
0,0,0,7.45917e+08,0,3.64692e+07,-731723,731723,1.34338e+07
0,0,0,7.45917e+08,0,3.6475e+07,-730177,730177,1.34338e+07
0,0,0,7.45917e+08,0,3.64808e+07,-728630,728630,1.34338e+07
0,0,0,7.45917e+08,0,3.50576e+07,-727084,727084,1.34338e+07
0,0,0,7.45917e+08,0,3.53573e+07,-914584,914584,1.34338e+07
0,0,0,7.45917e+08,0,3.53652e+07,-914584,914584,1.34338e+07
0,0,0,7.45917e+08,0,3.53731e+07,-914584,914584,1.34338e+07
0,0,0,7.45917e+08,0,3.41212e+07,-914584,914584,1.34338e+07
0,0,0,7.45917e+08,0,3.41288e+07,-914584,914584,1.34338e+07
0,0,0,7.45917e+08,0,3.41365e+07,-914584,914584,1.34338e+07
0,0,0,7.45917e+08,0,3.41441e+07,-914584,914584,1.34338e+07
0,0,0,7.45917e+08,0,3.12318e+07,-914584,914584,1.34338e+07
0,0,0,7.45917e+08,0,3.12387e+07,-914584,914584,1.34338e+07
0,0,0,7.45917e+08,0,3.12457e+07,-914584,914584,1.34338e+07
0,0,0,7.45917e+08,0,3.12526e+07,-914584,914584,1.34338e+07
0,0,0,7.45917e+08,0,3.12596e+07,-914584,914584,1.34338e+07
0,0,0,7.45917e+08,7.37509e+07,2.93288e+07,-3.80344e+06,3.80344e+06,1.51922e+07
0,0,0,7.45917e+08,0,3.16466e+07,-1.49248e+06,1.49248e+06,1.34338e+07
0,0,0,7.45917e+08,0,3.16533e+07,-1.49261e+06,1.49261e+06,1.34338e+07
0,0,0,7.45917e+08,0,3.22382e+07,-914584,914584,1.34338e+07
0,0,0,7.45917e+08,0,3.55889e+07,-914584,914584,1.34338e+07
0,0,0,7.45917e+08,0,3.55965e+07,-914584,914584,1.34338e+07
0,0,0,7.45917e+08,0,3.56041e+07,-914584,914584,1.34338e+07
0,0,0,7.45917e+08,0,3.56117e+07,-914584,914584,1.34338e+07
0,0,0,7.45917e+08,0,3.10127e+07,-914584,914584,1.34338e+07
0,0,0,7.45917e+08,0,2.82428e+07,-3.69102e+06,3.69102e+06,1.51922e+07
0,0,0,7.45917e+08,0,2.82487e+07,-3.69163e+06,3.69163e+06,1.51922e+07
0,0,0,7.45917e+08,0,2.82547e+07,-3.69225e+06,3.69225e+06,1.51922e+07
0,0,0,7.45917e+08,0,2.82606e+07,-3.69286e+06,3.69286e+06,1.51922e+07
0,0,0,7.45917e+08,0,2.93014e+07,-3.80061e+06,3.80061e+06,1.51922e+07
0,0,0,7.45917e+08,0,2.93076e+07,-3.80125e+06,3.80125e+06,1.51922e+07
0,0,0,7.45917e+08,0,2.93138e+07,-3.80189e+06,3.80189e+06,1.51922e+07
0,0,0,7.45917e+08,0,2.932e+07,-3.80253e+06,3.80253e+06,1.51922e+07
0,0,0,7.45917e+08,0,3.17695e+07,-914584,914584,1.34338e+07
0,0,0,7.45917e+08,0,3.12068e+07,-1.48407e+06,1.48407e+06,1.34338e+07
0,0,0,7.45917e+08,0,3.12134e+07,-1.4842e+06,1.4842e+06,1.34338e+07
0,0,0,7.45917e+08,0,3.17897e+07,-914584,914584,1.34338e+07
0,0,0,7.45917e+08,0,3.33475e+07,-914584,914584,1.34338e+07
0,0,0,7.45917e+08,0,3.33546e+07,-914584,914584,1.34338e+07
0,0,0,7.45917e+08,0,3.33616e+07,-914584,914584,1.34338e+07
0,0,0,7.45917e+08,0,3.33687e+07,-914584,914584,1.34338e+07
0,0,0,7.45917e+08,0,3.33758e+07,-914584,914584,1.34338e+07
0,0,0,7.45917e+08,0,3.37485e+07,-914584,914584,1.34338e+07
0,0,0,7.45917e+08,0,3.37556e+07,-914584,914584,1.34338e+07
0,0,0,7.45917e+08,0,3.37628e+07,-914584,914584,1.34338e+07
0,0,0,7.45917e+08,0,3.377e+07,-914584,914584,1.34338e+07
0,0,0,7.45917e+08,0,3.4552e+07,-914584,914584,1.34338e+07
0,0,0,7.45917e+08,0,3.45594e+07,-914584,914584,1.34338e+07
0,0,0,7.45917e+08,0,3.45667e+07,-914584,914584,1.34338e+07
0,0,0,7.45917e+08,0,3.4574e+07,-914584,914584,1.34338e+07
0,0,0,7.45917e+08,0,3.71534e+07,-914584,914584,1.34338e+07
0,0,0,7.45917e+08,0,3.67577e+07,-655145,655145,1.34338e+07
0,0,0,7.45917e+08,0,3.67633e+07,-653661,653661,1.34338e+07
0,0,0,7.45917e+08,0,3.67689e+07,-652177,652177,1.34338e+07
0,0,0,7.45917e+08,0,3.67745e+07,-650692,650692,1.34338e+07
0,0,0,7.45917e+08,0,3.53343e+07,-649208,649208,1.34338e+07
0,0,0,7.45917e+08,0,3.57548e+07,-914584,914584,1.34338e+07
0,0,0,7.45917e+08,0,3.57624e+07,-914584,914584,1.34338e+07
0,0,0,7.45917e+08,0,3.577e+07,-914584,914584,1.34338e+07
0,0,0,7.45917e+08,0,3.45031e+07,-914584,914584,1.34338e+07
0,0,0,7.45917e+08,0,3.45104e+07,-914584,914584,1.34338e+07
0,0,0,7.45917e+08,0,3.45177e+07,-914584,914584,1.34338e+07
0,0,0,7.45917e+08,0,3.4525e+07,-914584,914584,1.34338e+07
0,0,0,7.45917e+08,0,3.15785e+07,-914584,914584,1.34338e+07
0,0,0,7.45917e+08,0,3.15851e+07,-914584,914584,1.34338e+07
0,0,0,7.45917e+08,0,3.15918e+07,-914584,914584,1.34338e+07
0,0,0,7.45917e+08,0,2.87677e+07,-3.74536e+06,3.74536e+06,1.51922e+07
0,0,0,7.45917e+08,0,2.87737e+07,-3.74598e+06,3.74598e+06,1.51922e+07
0,0,0,7.55116e+08,7.37509e+07,2.96516e+07,-3.83687e+06,3.83687e+06,1.51922e+07
0,0,0,7.55116e+08,0,2.96576e+07,-3.83748e+06,3.83748e+06,1.51922e+07
0,0,0,7.55116e+08,0,2.96635e+07,-3.83809e+06,3.83809e+06,1.51922e+07
0,0,0,7.55116e+08,0,2.96694e+07,-3.83871e+06,3.83871e+06,1.51922e+07
0,0,0,7.55116e+08,0,3.27405e+07,-4.15663e+06,4.15663e+06,1.51922e+07
0,0,0,7.55116e+08,0,3.27471e+07,-4.15731e+06,4.15731e+06,1.51922e+07
0,0,0,7.55116e+08,0,3.27536e+07,-4.15799e+06,4.15799e+06,1.51922e+07
0,0,0,7.55116e+08,0,3.27602e+07,-4.15867e+06,4.15867e+06,1.51922e+07
0,0,0,7.55116e+08,0,2.85444e+07,-3.72225e+06,3.72225e+06,1.51922e+07
0,0,0,7.55116e+08,0,2.85501e+07,-3.72283e+06,3.72283e+06,1.51922e+07
0,0,0,7.55116e+08,0,2.85558e+07,-3.72342e+06,3.72342e+06,1.51922e+07
0,0,0,7.55116e+08,0,2.85615e+07,-3.72401e+06,3.72401e+06,1.51922e+07
0,0,0,7.55116e+08,0,2.85672e+07,-3.7246e+06,3.7246e+06,1.51922e+07
0,0,0,7.55116e+08,0,2.96195e+07,-3.83354e+06,3.83354e+06,1.51922e+07
0,0,0,7.55116e+08,0,2.96255e+07,-3.83416e+06,3.83416e+06,1.51922e+07
0,0,0,7.55116e+08,0,2.96314e+07,-3.83477e+06,3.83477e+06,1.51922e+07
0,0,0,7.55116e+08,0,2.96373e+07,-3.83538e+06,3.83538e+06,1.51922e+07
0,0,0,7.55116e+08,0,2.92352e+07,-3.79375e+06,3.79375e+06,1.51922e+07
0,0,0,7.55116e+08,0,2.9241e+07,-3.79436e+06,3.79436e+06,1.51922e+07
0,0,0,7.55116e+08,0,2.92468e+07,-3.79496e+06,3.79496e+06,1.51922e+07
0,0,0,7.55116e+08,0,2.92527e+07,-3.79556e+06,3.79556e+06,1.51922e+07
0,0,0,7.55116e+08,0,3.06799e+07,-3.94332e+06,3.94332e+06,1.51922e+07
0,0,0,7.55116e+08,0,3.06861e+07,-3.94395e+06,3.94395e+06,1.51922e+07
0,0,0,7.55116e+08,0,3.06922e+07,-3.94459e+06,3.94459e+06,1.51922e+07
0,0,0,7.55116e+08,0,3.06983e+07,-3.94522e+06,3.94522e+06,1.51922e+07
0,0,0,7.55116e+08,0,3.07045e+07,-3.94586e+06,3.94586e+06,1.51922e+07
0,0,0,7.55116e+08,0,3.10457e+07,-3.98118e+06,3.98118e+06,1.51922e+07
0,0,0,7.55116e+08,0,3.10519e+07,-3.98182e+06,3.98182e+06,1.51922e+07
0,0,0,7.55116e+08,0,3.10581e+07,-3.98246e+06,3.98246e+06,1.51922e+07
0,0,0,7.55116e+08,0,3.10643e+07,-3.9831e+06,3.9831e+06,1.51922e+07
0,0,0,7.55116e+08,0,3.17806e+07,-4.05725e+06,4.05725e+06,1.51922e+07
0,0,0,7.55116e+08,0,3.17869e+07,-4.05791e+06,4.05791e+06,1.51922e+07
0,0,0,7.55116e+08,0,3.17933e+07,-4.05857e+06,4.05857e+06,1.51922e+07
0,0,0,7.55116e+08,0,3.17996e+07,-4.05923e+06,4.05923e+06,1.51922e+07
0,0,0,7.55116e+08,0,3.41628e+07,-4.30386e+06,4.30386e+06,1.51922e+07
0,0,0,7.55116e+08,0,3.70396e+07,-580327,580327,1.34338e+07
0,0,0,7.55116e+08,0,3.36542e+07,-3.96961e+06,3.96961e+06,1.51922e+07
0,0,0,7.55116e+08,0,3.36589e+07,-3.9689e+06,3.9689e+06,1.51922e+07
0,0,0,7.55116e+08,0,3.70556e+07,-576068,576068,1.34338e+07
0,0,0,7.55116e+08,0,3.23435e+07,-3.83034e+06,3.83034e+06,1.51922e+07
0,0,0,7.55116e+08,0,3.2856e+07,-4.15621e+06,4.15621e+06,1.51922e+07
0,0,0,7.55116e+08,0,3.28605e+07,-4.15554e+06,4.15554e+06,1.51922e+07
0,0,0,7.55116e+08,0,3.28649e+07,-4.15487e+06,4.15487e+06,1.51922e+07
0,0,0,7.55116e+08,0,3.17017e+07,-4.03332e+06,4.03332e+06,1.51922e+07
0,0,0,7.55116e+08,0,3.17373e+07,-4.05278e+06,4.05278e+06,1.51922e+07
0,0,0,7.55116e+08,0,3.17437e+07,-4.05344e+06,4.05344e+06,1.51922e+07
0,0,0,7.55116e+08,0,3.175e+07,-4.05409e+06,4.05409e+06,1.51922e+07
0,0,0,7.55116e+08,0,2.90501e+07,-3.7746e+06,3.7746e+06,1.51922e+07
0,0,0,7.55116e+08,0,2.90559e+07,-3.7752e+06,3.7752e+06,1.51922e+07
0,0,0,7.55116e+08,0,2.90617e+07,-3.77579e+06,3.77579e+06,1.51922e+07
0,0,0,7.55116e+08,0,2.90675e+07,-3.77639e+06,3.77639e+06,1.51922e+07
0,0,0,7.55116e+08,0,2.90733e+07,-3.77699e+06,3.77699e+06,1.51922e+07
0,0,0,7.55116e+08,0,2.99604e+07,-3.86883e+06,3.86883e+06,1.51922e+07
0,0,0,7.55116e+08,8.20868e+07,2.99661e+07,-3.86942e+06,3.86942e+06,1.51922e+07
0,0,0,7.55116e+08,0,2.99717e+07,-3.87e+06,3.87e+06,1.51922e+07
0,0,0,7.55116e+08,0,2.99774e+07,-3.87059e+06,3.87059e+06,1.51922e+07
0,0,0,7.55116e+08,0,3.30816e+07,-4.19194e+06,4.19194e+06,1.51922e+07
0,0,0,7.55116e+08,0,3.30879e+07,-4.19259e+06,4.19259e+06,1.51922e+07
0,0,0,7.55116e+08,0,3.30941e+07,-4.19324e+06,4.19324e+06,1.51922e+07
0,0,0,7.55116e+08,0,3.31004e+07,-4.19389e+06,4.19389e+06,1.51922e+07
0,0,0,7.55116e+08,0,2.88385e+07,-3.75269e+06,3.75269e+06,1.51922e+07
0,0,0,7.55116e+08,0,2.8844e+07,-3.75325e+06,3.75325e+06,1.51922e+07
0,0,0,7.55116e+08,0,2.88494e+07,-3.75381e+06,3.75381e+06,1.51922e+07
0,0,0,7.55116e+08,0,2.88548e+07,-3.75438e+06,3.75438e+06,1.51922e+07
0,0,0,7.55116e+08,0,2.88602e+07,-3.75494e+06,3.75494e+06,1.51922e+07
0,0,0,7.55116e+08,0,2.99236e+07,-3.86502e+06,3.86502e+06,1.51922e+07
0,0,0,7.55116e+08,0,2.99293e+07,-3.86561e+06,3.86561e+06,1.51922e+07
0,0,0,7.55116e+08,0,2.99349e+07,-3.86619e+06,3.86619e+06,1.51922e+07
0,0,0,7.55116e+08,0,2.99406e+07,-3.86677e+06,3.86677e+06,1.51922e+07
0,0,0,7.55116e+08,0,2.95338e+07,-3.82466e+06,3.82466e+06,1.51922e+07
0,0,0,7.55116e+08,0,2.95393e+07,-3.82524e+06,3.82524e+06,1.51922e+07
0,0,0,7.55116e+08,0,2.95449e+07,-3.82582e+06,3.82582e+06,1.51922e+07
0,0,0,7.55116e+08,0,2.95505e+07,-3.82639e+06,3.82639e+06,1.51922e+07
0,0,0,7.55116e+08,0,3.09927e+07,-3.97569e+06,3.97569e+06,1.51922e+07
0,0,0,7.55116e+08,0,3.09985e+07,-3.9763e+06,3.9763e+06,1.51922e+07
0,0,0,7.55116e+08,0,3.10044e+07,-3.9769e+06,3.9769e+06,1.51922e+07
0,0,0,7.55116e+08,0,3.10102e+07,-3.97751e+06,3.97751e+06,1.51922e+07
0,0,0,7.55116e+08,0,3.10161e+07,-3.97811e+06,3.97811e+06,1.51922e+07
0,0,0,7.55116e+08,0,3.13605e+07,-4.01377e+06,4.01377e+06,1.51922e+07
0,0,0,7.55116e+08,0,3.13665e+07,-4.01439e+06,4.01439e+06,1.51922e+07
0,0,0,7.55116e+08,0,3.13724e+07,-4.015e+06,4.015e+06,1.51922e+07
0,0,0,7.55116e+08,0,3.13783e+07,-4.01561e+06,4.01561e+06,1.51922e+07
0,0,0,7.55116e+08,0,3.21018e+07,-4.09051e+06,4.09051e+06,1.51922e+07
0,0,0,7.55116e+08,0,3.52844e+07,-914584,914584,1.34338e+07
0,0,0,7.55116e+08,0,3.52911e+07,-914584,914584,1.34338e+07
0,0,0,7.55116e+08,0,3.46623e+07,-1.55015e+06,1.55015e+06,1.34338e+07
0,0,0,7.55116e+08,0,3.79327e+07,-914584,914584,1.34338e+07
0,0,0,7.55116e+08,0,3.79399e+07,-914584,914584,1.34338e+07
0,0,0,7.55116e+08,0,3.79471e+07,-914584,914584,1.34338e+07
0,0,0,7.55116e+08,0,3.79543e+07,-914584,914584,1.34338e+07
0,0,0,7.55116e+08,0,3.45338e+07,-4.34228e+06,4.34228e+06,1.51922e+07
0,0,0,7.55116e+08,0,3.32018e+07,-4.20438e+06,4.20438e+06,1.51922e+07
0,0,0,7.55116e+08,0,3.32081e+07,-4.20503e+06,4.20503e+06,1.51922e+07
0,0,0,7.55116e+08,0,3.32144e+07,-4.20568e+06,4.20568e+06,1.51922e+07
0,0,0,7.55116e+08,0,3.32206e+07,-4.20633e+06,4.20633e+06,1.51922e+07
0,0,0,7.55116e+08,0,3.2047e+07,-4.08484e+06,4.08484e+06,1.51922e+07
0,0,0,7.55116e+08,0,3.20531e+07,-4.08547e+06,4.08547e+06,1.51922e+07
0,0,0,7.55116e+08,0,3.20591e+07,-4.08609e+06,4.08609e+06,1.51922e+07
0,0,0,7.55116e+08,0,3.20652e+07,-4.08672e+06,4.08672e+06,1.51922e+07
0,0,0,7.55116e+08,0,2.93369e+07,-3.80429e+06,3.80429e+06,1.51922e+07
0,0,0,7.55116e+08,0,2.93424e+07,-3.80486e+06,3.80486e+06,1.51922e+07
0,0,0,7.55116e+08,0,2.9348e+07,-3.80543e+06,3.80543e+06,1.51922e+07
0,0,0,7.55116e+08,0,2.93535e+07,-3.806e+06,3.806e+06,1.51922e+07
0,0,0,7.55116e+08,0,2.9359e+07,-3.80657e+06,3.80657e+06,1.51922e+07
0,0,0,7.55116e+08,0,2.9359e+07,-3.80657e+06,3.80657e+06,1.51922e+07
0,0,0,7.55116e+08,8.20868e+07,3.0255e+07,-3.89933e+06,3.89933e+06,1.51922e+07
0,0,0,7.55116e+08,0,3.02604e+07,-3.89988e+06,3.89988e+06,1.51922e+07
0,0,0,7.55116e+08,0,3.02658e+07,-3.90044e+06,3.90044e+06,1.51922e+07
0,0,0,7.55116e+08,0,3.02711e+07,-3.901e+06,3.901e+06,1.51922e+07
0,0,0,7.55116e+08,0,3.34069e+07,-4.22562e+06,4.22562e+06,1.51922e+07
0,0,0,7.55116e+08,0,3.34129e+07,-4.22623e+06,4.22623e+06,1.51922e+07
0,0,0,7.55116e+08,0,3.34188e+07,-4.22685e+06,4.22685e+06,1.51922e+07
0,0,0,7.55116e+08,0,3.34248e+07,-4.22747e+06,4.22747e+06,1.51922e+07
0,0,0,7.55116e+08,0,2.9119e+07,-3.78172e+06,3.78172e+06,1.51922e+07
0,0,0,7.55116e+08,0,2.91241e+07,-3.78226e+06,3.78226e+06,1.51922e+07
0,0,0,7.55116e+08,0,2.91293e+07,-3.78279e+06,3.78279e+06,1.51922e+07
0,0,0,7.55116e+08,0,2.91345e+07,-3.78333e+06,3.78333e+06,1.51922e+07
0,0,0,7.55116e+08,0,2.91396e+07,-3.78386e+06,3.78386e+06,1.51922e+07
0,0,0,7.55116e+08,0,3.02135e+07,-3.89503e+06,3.89503e+06,1.51922e+07
0,0,0,7.55116e+08,0,3.02189e+07,-3.89559e+06,3.89559e+06,1.51922e+07
0,0,0,7.55116e+08,0,3.02242e+07,-3.89614e+06,3.89614e+06,1.51922e+07
0,0,0,7.55116e+08,0,3.02296e+07,-3.8967e+06,3.8967e+06,1.51922e+07
0,0,0,7.55116e+08,0,2.98184e+07,-3.85413e+06,3.85413e+06,1.51922e+07
0,0,0,7.55116e+08,0,2.98237e+07,-3.85467e+06,3.85467e+06,1.51922e+07
0,0,0,7.55116e+08,0,2.9829e+07,-3.85522e+06,3.85522e+06,1.51922e+07
0,0,0,7.55116e+08,0,2.98343e+07,-3.85577e+06,3.85577e+06,1.51922e+07
0,0,0,7.55116e+08,0,3.12907e+07,-4.00654e+06,4.00654e+06,1.51922e+07
0,0,0,7.55116e+08,0,3.12962e+07,-4.00712e+06,4.00712e+06,1.51922e+07
0,0,0,7.55116e+08,0,3.13018e+07,-4.00769e+06,4.00769e+06,1.51922e+07
0,0,0,7.55116e+08,0,3.13074e+07,-4.00827e+06,4.00827e+06,1.51922e+07
0,0,0,7.55116e+08,0,3.13129e+07,-4.00885e+06,4.00885e+06,1.51922e+07
0,0,0,7.55116e+08,0,3.16605e+07,-4.04483e+06,4.04483e+06,1.51922e+07
0,0,0,7.55116e+08,0,3.16661e+07,-4.04541e+06,4.04541e+06,1.51922e+07
0,0,0,7.55116e+08,0,3.16718e+07,-4.04599e+06,4.04599e+06,1.51922e+07
0,0,0,7.55116e+08,0,3.16774e+07,-4.04658e+06,4.04658e+06,1.51922e+07
0,0,0,7.55116e+08,0,3.24078e+07,-4.12219e+06,4.12219e+06,1.51922e+07
0,0,0,7.55116e+08,0,3.56217e+07,-914584,914584,1.34338e+07
0,0,0,7.55116e+08,0,3.56281e+07,-914584,914584,1.34338e+07
0,0,0,7.55116e+08,0,3.56345e+07,-914584,914584,1.34338e+07
0,0,0,7.55116e+08,0,3.82951e+07,-914584,914584,1.34338e+07
0,0,0,7.55116e+08,0,3.8302e+07,-914584,914584,1.34338e+07
0,0,0,7.55116e+08,0,3.83088e+07,-914584,914584,1.34338e+07
0,0,0,7.55116e+08,0,3.83157e+07,-914584,914584,1.34338e+07
0,0,0,7.55116e+08,0,3.83226e+07,-914584,914584,1.34338e+07
0,0,0,7.55116e+08,0,3.68377e+07,-914584,914584,1.34338e+07
0,0,0,7.55116e+08,0,3.68443e+07,-914584,914584,1.34338e+07
0,0,0,7.55116e+08,0,3.35274e+07,-4.23809e+06,4.23809e+06,1.51922e+07
0,0,0,7.55116e+08,0,3.35333e+07,-4.23871e+06,4.23871e+06,1.51922e+07
0,0,0,7.55116e+08,0,3.23479e+07,-4.11598e+06,4.11598e+06,1.51922e+07
0,0,0,7.55116e+08,0,3.23536e+07,-4.11658e+06,4.11658e+06,1.51922e+07
0,0,0,7.55116e+08,0,3.23594e+07,-4.11717e+06,4.11717e+06,1.51922e+07
0,0,0,7.55116e+08,0,3.23651e+07,-4.11777e+06,4.11777e+06,1.51922e+07
0,0,0,7.55116e+08,0,2.96098e+07,-3.83254e+06,3.83254e+06,1.51922e+07
0,0,0,7.55116e+08,0,2.96151e+07,-3.83308e+06,3.83308e+06,1.51922e+07
0,0,0,7.55116e+08,0,2.96203e+07,-3.83362e+06,3.83362e+06,1.51922e+07
0,0,0,7.55116e+08,0,2.96256e+07,-3.83417e+06,3.83417e+06,1.51922e+07
0,0,0,7.55116e+08,0,2.96308e+07,-3.83471e+06,3.83471e+06,1.51922e+07
0,0,0,7.55116e+08,8.20868e+07,3.05352e+07,-3.92833e+06,3.92833e+06,1.51922e+07
0,0,0,7.55116e+08,0,3.05403e+07,-3.92886e+06,3.92886e+06,1.51922e+07
0,0,0,7.55116e+08,0,3.05454e+07,-3.92939e+06,3.92939e+06,1.51922e+07
0,0,0,7.55116e+08,0,3.35659e+07,-914584,914584,1.34338e+07
0,0,0,7.55116e+08,0,3.70593e+07,-914584,914584,1.34338e+07
0,0,0,7.55116e+08,0,3.70656e+07,-914584,914584,1.34338e+07
0,0,0,7.55116e+08,0,3.70718e+07,-914584,914584,1.34338e+07
0,0,0,7.55116e+08,0,3.70781e+07,-914584,914584,1.34338e+07
0,0,0,7.55116e+08,0,3.22803e+07,-914584,914584,1.34338e+07
0,0,0,7.55116e+08,0,3.22857e+07,-914584,914584,1.34338e+07
0,0,0,7.55116e+08,0,2.93954e+07,-3.81034e+06,3.81034e+06,1.51922e+07
0,0,0,7.55116e+08,0,2.94003e+07,-3.81085e+06,3.81085e+06,1.51922e+07
0,0,0,7.55116e+08,0,2.94052e+07,-3.81135e+06,3.81135e+06,1.51922e+07
0,0,0,7.55116e+08,0,3.0489e+07,-3.92355e+06,3.92355e+06,1.51922e+07
0,0,0,7.55116e+08,0,3.04941e+07,-3.92408e+06,3.92408e+06,1.51922e+07
0,0,0,7.55116e+08,0,3.04992e+07,-3.92461e+06,3.92461e+06,1.51922e+07
0,0,0,7.55116e+08,0,3.05043e+07,-3.92513e+06,3.92513e+06,1.51922e+07
0,0,0,7.55116e+08,0,3.00888e+07,-3.88212e+06,3.88212e+06,1.51922e+07
0,0,0,7.55116e+08,0,3.00938e+07,-3.88264e+06,3.88264e+06,1.51922e+07
0,0,0,7.55116e+08,0,3.00989e+07,-3.88316e+06,3.88316e+06,1.51922e+07
0,0,0,7.55116e+08,0,3.01039e+07,-3.88368e+06,3.88368e+06,1.51922e+07
0,0,0,7.55116e+08,0,3.4695e+07,-914584,914584,1.34338e+07
0,0,0,7.55116e+08,0,3.15791e+07,-4.03639e+06,4.03639e+06,1.51922e+07
0,0,0,7.55116e+08,0,3.47067e+07,-914584,914584,1.34338e+07
0,0,0,7.55116e+08,0,3.47125e+07,-914584,914584,1.34338e+07
0,0,0,7.55116e+08,0,3.47183e+07,-914584,914584,1.34338e+07
0,0,0,7.55116e+08,0,3.51051e+07,-914584,914584,1.34338e+07
0,0,0,7.55116e+08,0,3.5111e+07,-914584,914584,1.34338e+07
0,0,0,7.55116e+08,0,3.51169e+07,-914584,914584,1.34338e+07
0,0,0,7.55116e+08,0,3.51228e+07,-914584,914584,1.34338e+07
0,0,0,7.55116e+08,0,3.5936e+07,-914584,914584,1.34338e+07
0,0,0,7.55116e+08,0,3.5942e+07,-914584,914584,1.34338e+07
0,0,0,7.55116e+08,0,3.5948e+07,-914584,914584,1.34338e+07
0,0,0,7.55116e+08,0,3.59541e+07,-914584,914584,1.34338e+07
0,0,0,7.55116e+08,0,3.86391e+07,-914584,914584,1.34338e+07
0,0,0,7.55116e+08,0,3.86456e+07,-914584,914584,1.34338e+07
0,0,0,7.55116e+08,0,3.86521e+07,-914584,914584,1.34338e+07
0,0,0,7.55116e+08,0,3.86587e+07,-914584,914584,1.34338e+07
0,0,0,7.55116e+08,0,3.86652e+07,-914584,914584,1.34338e+07
0,0,0,7.55116e+08,0,3.71661e+07,-914584,914584,1.34338e+07
0,0,0,7.55116e+08,0,3.71724e+07,-914584,914584,1.34338e+07
0,0,0,7.55116e+08,0,3.71786e+07,-914584,914584,1.34338e+07
0,0,0,7.55116e+08,0,3.71849e+07,-914584,914584,1.34338e+07
0,0,0,7.55116e+08,0,3.58642e+07,-914584,914584,1.34338e+07
0,0,0,7.55116e+08,0,3.58702e+07,-914584,914584,1.34338e+07
0,0,0,7.55116e+08,0,3.58762e+07,-914584,914584,1.34338e+07
0,0,0,7.55116e+08,0,3.58822e+07,-914584,914584,1.34338e+07
0,0,0,7.55116e+08,0,3.28134e+07,-914584,914584,1.34338e+07
0,0,0,7.55116e+08,0,3.28189e+07,-914584,914584,1.34338e+07
0,0,0,7.55116e+08,0,3.28244e+07,-914584,914584,1.34338e+07
0,0,0,7.55116e+08,0,3.28299e+07,-914584,914584,1.34338e+07
0,0,0,7.55116e+08,0,3.28353e+07,-914584,914584,1.34338e+07
0,0,0,7.55116e+08,3.06822e+07,3.38421e+07,-914584,914584,1.34338e+07
0,0,0,7.55116e+08,0,3.38474e+07,-914584,914584,1.34338e+07
0,0,0,7.55116e+08,0,3.38528e+07,-914584,914584,1.34338e+07
0,0,0,7.55116e+08,0,3.38581e+07,-914584,914584,1.34338e+07
0,0,0,7.55116e+08,0,3.73829e+07,-914584,914584,1.34338e+07
0,0,0,7.55116e+08,0,3.73888e+07,-914584,914584,1.34338e+07
0,0,0,7.55116e+08,0,3.73947e+07,-914584,914584,1.34338e+07
0,0,0,7.55116e+08,0,3.74006e+07,-914584,914584,1.34338e+07
0,0,0,7.55116e+08,0,3.25591e+07,-914584,914584,1.34338e+07
0,0,0,7.55116e+08,0,2.96428e+07,-3.83595e+06,3.83595e+06,1.51922e+07
0,0,0,7.55116e+08,0,2.96475e+07,-3.83643e+06,3.83643e+06,1.51922e+07
0,0,0,7.55116e+08,0,2.96521e+07,-3.83691e+06,3.83691e+06,1.51922e+07
0,0,0,7.55116e+08,0,2.96567e+07,-3.83739e+06,3.83739e+06,1.51922e+07
0,0,0,7.55116e+08,0,3.07499e+07,-3.95056e+06,3.95056e+06,1.51922e+07
0,0,0,7.55116e+08,0,3.07548e+07,-3.95106e+06,3.95106e+06,1.51922e+07
0,0,0,7.55116e+08,0,3.07596e+07,-3.95156e+06,3.95156e+06,1.51922e+07
0,0,0,7.55116e+08,0,3.07644e+07,-3.95206e+06,3.95206e+06,1.51922e+07
0,0,0,7.55116e+08,0,3.03449e+07,-3.90863e+06,3.90863e+06,1.51922e+07
0,0,0,7.55116e+08,0,3.03496e+07,-3.90912e+06,3.90912e+06,1.51922e+07
0,0,0,7.55116e+08,0,3.03543e+07,-3.90961e+06,3.90961e+06,1.51922e+07
0,0,0,7.55116e+08,0,3.03591e+07,-3.9101e+06,3.9101e+06,1.51922e+07
0,0,0,7.55116e+08,0,3.18417e+07,-4.06358e+06,4.06358e+06,1.51922e+07
0,0,0,7.55116e+08,0,3.18467e+07,-4.0641e+06,4.0641e+06,1.51922e+07
0,0,0,7.55116e+08,0,3.18516e+07,-4.06461e+06,4.06461e+06,1.51922e+07
0,0,0,7.55116e+08,0,3.18566e+07,-4.06513e+06,4.06513e+06,1.51922e+07
0,0,0,7.55116e+08,0,3.50127e+07,-914584,914584,1.34338e+07
0,0,0,7.55116e+08,0,3.22149e+07,-4.10221e+06,4.10221e+06,1.51922e+07
0,0,0,7.55116e+08,0,3.5408e+07,-914584,914584,1.34338e+07
0,0,0,7.55116e+08,0,3.54136e+07,-914584,914584,1.34338e+07
0,0,0,7.55116e+08,0,3.223e+07,-4.10378e+06,4.10378e+06,1.51922e+07
0,0,0,7.55116e+08,0,3.62391e+07,-914584,914584,1.34338e+07
0,0,0,7.55116e+08,0,3.62448e+07,-914584,914584,1.34338e+07
0,0,0,7.55116e+08,0,3.62505e+07,-914584,914584,1.34338e+07
0,0,0,7.55116e+08,0,3.62562e+07,-914584,914584,1.34338e+07
0,0,0,7.55116e+08,0,3.89643e+07,-914584,914584,1.34338e+07
0,0,0,7.55116e+08,0,3.89704e+07,-914584,914584,1.34338e+07
0,0,0,7.55116e+08,0,3.89766e+07,-914584,914584,1.34338e+07
0,0,0,7.55116e+08,0,3.54592e+07,-4.43808e+06,4.43808e+06,1.51922e+07
0,0,0,7.55116e+08,0,3.54648e+07,-4.43865e+06,4.43865e+06,1.51922e+07
0,0,0,7.55116e+08,0,3.40942e+07,-4.29677e+06,4.29677e+06,1.51922e+07
0,0,0,7.55116e+08,0,3.40995e+07,-4.29732e+06,4.29732e+06,1.51922e+07
0,0,0,7.55116e+08,0,3.41049e+07,-4.29787e+06,4.29787e+06,1.51922e+07
0,0,0,7.55116e+08,0,3.41102e+07,-4.29842e+06,4.29842e+06,1.51922e+07
0,0,0,7.55116e+08,0,3.29027e+07,-4.17342e+06,4.17342e+06,1.51922e+07
0,0,0,7.55116e+08,0,3.29079e+07,-4.17396e+06,4.17396e+06,1.51922e+07
0,0,0,7.55116e+08,0,3.2913e+07,-4.17449e+06,4.17449e+06,1.51922e+07
0,0,0,7.55116e+08,0,3.29182e+07,-4.17502e+06,4.17502e+06,1.51922e+07
0,0,0,7.55116e+08,0,3.0113e+07,-3.88462e+06,3.88462e+06,1.51922e+07
0,0,0,7.55116e+08,0,3.01177e+07,-3.88511e+06,3.88511e+06,1.51922e+07
0,0,0,7.55116e+08,0,3.01224e+07,-3.8856e+06,3.8856e+06,1.51922e+07
0,0,0,7.55116e+08,0,3.01271e+07,-3.88608e+06,3.88608e+06,1.51922e+07
0,0,0,7.55116e+08,0,3.01317e+07,-3.88657e+06,3.88657e+06,1.51922e+07
0,0,0,7.55116e+08,1.04199e+06,3.10515e+07,-3.98179e+06,3.98179e+06,1.51922e+07
0,0,0,7.55116e+08,0,3.10561e+07,-3.98225e+06,3.98225e+06,1.51922e+07
0,0,0,7.55116e+08,0,3.10606e+07,-3.98272e+06,3.98272e+06,1.51922e+07
0,0,0,7.55116e+08,0,3.10651e+07,-3.98319e+06,3.98319e+06,1.51922e+07
0,0,0,7.55116e+08,0,3.42861e+07,-4.31663e+06,4.31663e+06,1.51922e+07
0,0,0,7.55116e+08,0,3.42911e+07,-4.31715e+06,4.31715e+06,1.51922e+07
0,0,0,7.55116e+08,0,3.42961e+07,-4.31767e+06,4.31767e+06,1.51922e+07
0,0,0,7.55116e+08,0,3.43011e+07,-4.31819e+06,4.31819e+06,1.51922e+07
0,0,0,7.55116e+08,0,2.98764e+07,-3.86013e+06,3.86013e+06,1.51922e+07
0,0,0,7.55116e+08,0,2.98808e+07,-3.86058e+06,3.86058e+06,1.51922e+07
0,0,0,7.55116e+08,0,2.98851e+07,-3.86103e+06,3.86103e+06,1.51922e+07
0,0,0,7.55116e+08,0,2.98894e+07,-3.86148e+06,3.86148e+06,1.51922e+07
0,0,0,7.55116e+08,0,2.98938e+07,-3.86193e+06,3.86193e+06,1.51922e+07
0,0,0,7.55116e+08,0,3.09959e+07,-3.97602e+06,3.97602e+06,1.51922e+07
0,0,0,7.55116e+08,0,3.10004e+07,-3.97649e+06,3.97649e+06,1.51922e+07
0,0,0,7.55116e+08,0,3.10049e+07,-3.97696e+06,3.97696e+06,1.51922e+07
0,0,0,7.55116e+08,0,3.10094e+07,-3.97743e+06,3.97743e+06,1.51922e+07
0,0,0,7.55116e+08,0,3.05861e+07,-3.9336e+06,3.9336e+06,1.51922e+07
0,0,0,7.55116e+08,0,3.05905e+07,-3.93406e+06,3.93406e+06,1.51922e+07
0,0,0,7.55116e+08,0,3.0595e+07,-3.93452e+06,3.93452e+06,1.51922e+07
0,0,0,7.55116e+08,0,3.05994e+07,-3.93498e+06,3.93498e+06,1.51922e+07
0,0,0,7.55116e+08,0,3.2094e+07,-4.08971e+06,4.08971e+06,1.51922e+07
0,0,0,7.55116e+08,0,3.20987e+07,-4.09019e+06,4.09019e+06,1.51922e+07
0,0,0,7.55116e+08,0,3.21034e+07,-4.09068e+06,4.09068e+06,1.51922e+07
0,0,0,7.55116e+08,0,3.21081e+07,-4.09116e+06,4.09116e+06,1.51922e+07
0,0,0,7.55116e+08,0,3.21128e+07,-4.09164e+06,4.09164e+06,1.51922e+07
0,0,0,7.55116e+08,0,3.24686e+07,-4.12848e+06,4.12848e+06,1.51922e+07
0,0,0,7.55116e+08,0,3.24733e+07,-4.12897e+06,4.12897e+06,1.51922e+07
0,0,0,7.55116e+08,0,3.24781e+07,-4.12946e+06,4.12946e+06,1.51922e+07
0,0,0,7.55116e+08,0,3.24828e+07,-4.12995e+06,4.12995e+06,1.51922e+07
0,0,0,7.55116e+08,0,3.32315e+07,-4.20746e+06,4.20746e+06,1.51922e+07
0,0,0,7.55116e+08,0,3.32364e+07,-4.20796e+06,4.20796e+06,1.51922e+07
0,0,0,7.55116e+08,0,3.32412e+07,-4.20847e+06,4.20847e+06,1.51922e+07
0,0,0,7.55116e+08,0,3.32461e+07,-4.20897e+06,4.20897e+06,1.51922e+07
0,0,0,7.55116e+08,0,3.57198e+07,-4.46505e+06,4.46505e+06,1.51922e+07
0,0,0,7.55116e+08,0,3.5725e+07,-4.46559e+06,4.46559e+06,1.51922e+07
0,0,0,7.55116e+08,0,3.57303e+07,-4.46613e+06,4.46613e+06,1.51922e+07
0,0,0,7.55116e+08,0,3.57355e+07,-4.46667e+06,4.46667e+06,1.51922e+07
0,0,0,7.55116e+08,0,3.57407e+07,-4.46722e+06,4.46722e+06,1.51922e+07
0,0,0,7.55116e+08,0,3.43586e+07,-4.32414e+06,4.32414e+06,1.51922e+07
0,0,0,7.55116e+08,0,3.43637e+07,-4.32466e+06,4.32466e+06,1.51922e+07
0,0,0,7.55116e+08,0,3.43687e+07,-4.32518e+06,4.32518e+06,1.51922e+07
0,0,0,7.55116e+08,0,3.43737e+07,-4.3257e+06,4.3257e+06,1.51922e+07
0,0,0,7.55116e+08,0,3.31561e+07,-4.19965e+06,4.19965e+06,1.51922e+07
0,0,0,7.55116e+08,0,3.31609e+07,-4.20015e+06,4.20015e+06,1.51922e+07
0,0,0,7.55116e+08,0,3.31658e+07,-4.20065e+06,4.20065e+06,1.51922e+07
0,0,0,7.55116e+08,0,3.31706e+07,-4.20116e+06,4.20116e+06,1.51922e+07
0,0,0,7.55116e+08,0,3.03426e+07,-3.9084e+06,3.9084e+06,1.51922e+07
0,0,0,7.55116e+08,0,3.0347e+07,-3.90885e+06,3.90885e+06,1.51922e+07
0,0,0,7.55116e+08,0,3.03514e+07,-3.90931e+06,3.90931e+06,1.51922e+07
0,0,0,7.55116e+08,0,3.03559e+07,-3.90977e+06,3.90977e+06,1.51922e+07
0,0,0,7.55116e+08,0,3.03603e+07,-3.91022e+06,3.91022e+06,1.51922e+07
0,0,0,7.55116e+08,0,3.12871e+07,-4.00617e+06,4.00617e+06,1.51922e+07
0,0,0,7.55116e+08,0,3.12913e+07,-4.00661e+06,4.00661e+06,1.51922e+07
0,0,0,7.55116e+08,0,3.12955e+07,-4.00704e+06,4.00704e+06,1.51922e+07
0,0,0,7.55116e+08,0,3.12998e+07,-4.00748e+06,4.00748e+06,1.51922e+07
0,0,0,7.55116e+08,0,3.45459e+07,-4.34352e+06,4.34352e+06,1.51922e+07
0,0,0,7.55116e+08,0,3.45506e+07,-4.34401e+06,4.34401e+06,1.51922e+07
0,0,0,7.55116e+08,0,3.45553e+07,-4.3445e+06,4.3445e+06,1.51922e+07
0,0,0,7.55116e+08,0,3.456e+07,-4.34498e+06,4.34498e+06,1.51922e+07
0,0,0,7.55116e+08,0,3.01001e+07,-3.88329e+06,3.88329e+06,1.51922e+07
0,0,0,7.55116e+08,0,3.01042e+07,-3.88371e+06,3.88371e+06,1.51922e+07
0,0,0,7.55116e+08,0,3.01083e+07,-3.88414e+06,3.88414e+06,1.51922e+07
0,0,0,7.55116e+08,0,3.01123e+07,-3.88456e+06,3.88456e+06,1.51922e+07
0,0,0,7.55116e+08,0,3.01164e+07,-3.88498e+06,3.88498e+06,1.51922e+07
0,0,0,7.55116e+08,0,3.12268e+07,-3.99993e+06,3.99993e+06,1.51922e+07
0,0,0,7.55116e+08,0,3.1231e+07,-4.00037e+06,4.00037e+06,1.51922e+07
0,0,0,7.55116e+08,0,3.12353e+07,-4.0008e+06,4.0008e+06,1.51922e+07
0,0,0,7.55116e+08,0,3.12395e+07,-4.00124e+06,4.00124e+06,1.51922e+07
0,0,0,7.55116e+08,0,3.08125e+07,-3.95704e+06,3.95704e+06,1.51922e+07
0,0,0,7.55116e+08,0,3.38596e+07,-914584,914584,1.34338e+07
0,0,0,7.55116e+08,0,3.38642e+07,-914584,914584,1.34338e+07
0,0,0,7.55116e+08,0,3.38688e+07,-914584,914584,1.34338e+07
0,0,0,7.55116e+08,0,3.55305e+07,-914584,914584,1.34338e+07
0,0,0,7.55116e+08,0,3.55354e+07,-914584,914584,1.34338e+07
0,0,0,7.55116e+08,0,3.55402e+07,-914584,914584,1.34338e+07
0,0,0,7.55116e+08,0,3.5545e+07,-914584,914584,1.34338e+07
0,0,0,7.55116e+08,0,3.55499e+07,-914584,914584,1.34338e+07
0,0,0,7.55116e+08,0,3.59452e+07,-914584,914584,1.34338e+07
0,0,0,7.55116e+08,0,3.59501e+07,-914584,914584,1.34338e+07
0,0,0,7.55116e+08,0,3.5955e+07,-914584,914584,1.34338e+07
0,0,0,7.55116e+08,0,3.59599e+07,-914584,914584,1.34338e+07
0,0,0,7.55116e+08,0,3.67921e+07,-914584,914584,1.34338e+07
0,0,0,7.55116e+08,0,3.67971e+07,-914584,914584,1.34338e+07
0,0,0,7.55116e+08,0,3.68021e+07,-914584,914584,1.34338e+07
0,0,0,7.55116e+08,0,3.68071e+07,-914584,914584,1.34338e+07
0,0,0,7.55116e+08,0,3.95572e+07,-914584,914584,1.34338e+07
0,0,0,7.55116e+08,0,3.95626e+07,-914584,914584,1.34338e+07
0,0,0,7.55116e+08,0,3.9568e+07,-914584,914584,1.34338e+07
0,0,0,7.55116e+08,0,3.95734e+07,-914584,914584,1.34338e+07
0,0,0,7.55116e+08,0,3.95788e+07,-914584,914584,1.34338e+07
0,0,0,7.55116e+08,0,3.80418e+07,-914584,914584,1.34338e+07
0,0,0,7.55116e+08,0,3.73598e+07,-1.60173e+06,1.60173e+06,1.34338e+07
0,0,0,7.55116e+08,0,3.73649e+07,-1.60182e+06,1.60182e+06,1.34338e+07
0,0,0,7.55116e+08,0,3.46207e+07,-4.35127e+06,4.35127e+06,1.51922e+07
0,0,0,7.55116e+08,0,3.33936e+07,-4.22424e+06,4.22424e+06,1.51922e+07
0,0,0,7.55116e+08,0,3.33982e+07,-4.22471e+06,4.22471e+06,1.51922e+07
0,0,0,7.55116e+08,0,3.34027e+07,-4.22518e+06,4.22518e+06,1.51922e+07
0,0,0,7.55116e+08,0,3.34072e+07,-4.22565e+06,4.22565e+06,1.51922e+07
0,0,0,7.55116e+08,0,3.05578e+07,-3.93068e+06,3.93068e+06,1.51922e+07
0,0,0,7.55116e+08,0,3.0562e+07,-3.9311e+06,3.9311e+06,1.51922e+07
0,0,0,7.55116e+08,0,3.05661e+07,-3.93153e+06,3.93153e+06,1.51922e+07
0,0,0,7.55116e+08,0,3.05702e+07,-3.93196e+06,3.93196e+06,1.51922e+07
0,0,0,7.55116e+08,0,3.05744e+07,-3.93239e+06,3.93239e+06,1.51922e+07
0,0,0,7.55116e+08,0,3.15077e+07,-4.02901e+06,4.02901e+06,1.51922e+07
0,0,0,7.55116e+08,0,3.15117e+07,-4.02942e+06,4.02942e+06,1.51922e+07
0,0,0,7.55116e+08,0,3.15156e+07,-4.02983e+06,4.02983e+06,1.51922e+07
0,0,0,7.55116e+08,0,3.15196e+07,-4.03024e+06,4.03024e+06,1.51922e+07
0,0,0,7.55116e+08,0,3.47892e+07,-4.36871e+06,4.36871e+06,1.51922e+07
0,0,0,7.55116e+08,0,3.47936e+07,-4.36917e+06,4.36917e+06,1.51922e+07
0,0,0,7.55116e+08,0,3.4798e+07,-4.36962e+06,4.36962e+06,1.51922e+07
0,0,0,7.55116e+08,0,3.48024e+07,-4.37008e+06,4.37008e+06,1.51922e+07
0,0,0,7.55116e+08,0,3.03096e+07,-3.90498e+06,3.90498e+06,1.51922e+07
0,0,0,7.55116e+08,0,3.03134e+07,-3.90537e+06,3.90537e+06,1.51922e+07
0,0,0,7.55116e+08,0,3.03172e+07,-3.90576e+06,3.90576e+06,1.51922e+07
0,0,0,7.55116e+08,0,3.33126e+07,-914584,914584,1.34338e+07
0,0,0,7.55116e+08,0,3.33168e+07,-914584,914584,1.34338e+07
0,0,0,7.55116e+08,0,3.45507e+07,-914584,914584,1.34338e+07
0,0,0,7.55116e+08,0,3.4555e+07,-914584,914584,1.34338e+07
0,0,0,7.55116e+08,0,3.45594e+07,-914584,914584,1.34338e+07
0,0,0,7.55116e+08,0,3.45637e+07,-914584,914584,1.34338e+07
0,0,0,7.55116e+08,0,3.40888e+07,-914584,914584,1.34338e+07
0,0,0,7.55116e+08,0,3.40931e+07,-914584,914584,1.34338e+07
0,0,0,7.55116e+08,0,3.40974e+07,-914584,914584,1.34338e+07
0,0,0,7.55116e+08,0,3.10361e+07,-3.98019e+06,3.98019e+06,1.51922e+07
0,0,0,7.55116e+08,0,3.25524e+07,-4.13716e+06,4.13716e+06,1.51922e+07
0,0,0,7.55116e+08,0,3.57795e+07,-914584,914584,1.34338e+07
0,0,0,7.55116e+08,0,3.43611e+07,0,0,1.34338e+07
0,0,0,7.55116e+08,0,3.43656e+07,0,0,1.34338e+07
0,0,0,7.55116e+08,0,3.43701e+07,0,0,1.34338e+07
0,0,0,7.55116e+08,0,3.47679e+07,0,0,1.34338e+07
0,0,0,7.55116e+08,0,3.47725e+07,0,0,1.34338e+07
0,0,0,7.55116e+08,0,3.4777e+07,0,0,1.34338e+07
0,0,0,7.55116e+08,0,3.47816e+07,0,0,1.34338e+07
0,0,0,7.55116e+08,0,3.56193e+07,0,0,1.34338e+07
0,0,0,7.55116e+08,0,3.5624e+07,0,0,1.34338e+07
0,0,0,7.55116e+08,0,3.56287e+07,0,0,1.34338e+07
0,0,0,7.55116e+08,0,3.56334e+07,0,0,1.34338e+07
0,0,0,7.55116e+08,0,3.84025e+07,0,0,1.34338e+07
0,0,0,7.55116e+08,0,3.84075e+07,0,0,1.34338e+07
0,0,0,7.55116e+08,0,3.84125e+07,0,0,1.34338e+07
0,0,0,7.55116e+08,0,3.84176e+07,0,0,1.34338e+07
0,0,0,7.55116e+08,0,3.84226e+07,0,0,1.34338e+07
0,0,0,7.55116e+08,0,3.68745e+07,0,0,1.34338e+07
0,0,0,7.55116e+08,0,3.68793e+07,0,0,1.34338e+07
0,0,0,7.55116e+08,0,3.68842e+07,0,0,1.34338e+07
0,0,0,7.55116e+08,0,3.6889e+07,0,0,1.34338e+07
0,0,0,7.55116e+08,0,3.55251e+07,0,0,1.34338e+07
0,0,0,7.55116e+08,0,3.55298e+07,0,0,1.34338e+07
0,0,0,7.55116e+08,0,3.55345e+07,0,0,1.34338e+07
0,0,0,7.55116e+08,0,3.55391e+07,0,0,1.34338e+07
0,0,0,7.55116e+08,0,3.23727e+07,0,0,1.34338e+07
0,0,0,7.55116e+08,0,3.2377e+07,0,0,1.34338e+07
0,0,0,7.55116e+08,0,3.23812e+07,0,0,1.34338e+07
0,0,0,7.55116e+08,0,3.23855e+07,0,0,1.34338e+07
0,0,0,7.55116e+08,0,3.23897e+07,0,0,1.34338e+07
0,0,0,7.55116e+08,0,3.23897e+07,0,0,1.34338e+07
0,0,0,7.55116e+08,0,3.34264e+07,0,0,1.34338e+07
0,0,0,7.55116e+08,0,3.34305e+07,0,0,1.34338e+07
0,0,0,7.55116e+08,0,3.34346e+07,0,0,1.34338e+07
0,0,0,7.55116e+08,0,3.34386e+07,0,0,1.34338e+07
0,0,0,7.55116e+08,0,3.70709e+07,0,0,1.34338e+07
0,0,0,7.55116e+08,0,3.70754e+07,0,0,1.34338e+07
0,0,0,7.55116e+08,0,3.70799e+07,0,0,1.34338e+07
0,0,0,7.55116e+08,0,3.70844e+07,0,0,1.34338e+07
0,0,0,7.55116e+08,0,3.20926e+07,0,0,1.34338e+07
0,0,0,7.55116e+08,0,3.20965e+07,0,0,1.34338e+07
0,0,0,7.55116e+08,0,3.21004e+07,0,0,1.34338e+07
0,0,0,7.55116e+08,0,3.21043e+07,0,0,1.34338e+07
0,0,0,7.55116e+08,0,3.21082e+07,0,0,1.34338e+07
0,0,0,7.55116e+08,0,3.33501e+07,0,0,1.34338e+07
0,0,0,7.55116e+08,0,3.33541e+07,0,0,1.34338e+07
0,0,0,7.55116e+08,0,3.33582e+07,0,0,1.34338e+07
0,0,0,7.55116e+08,0,3.47851e+07,-914584,914584,1.34338e+07
0,0,0,7.55116e+08,0,3.43068e+07,-914584,914584,1.34338e+07
0,0,0,7.55116e+08,0,3.43107e+07,-914584,914584,1.34338e+07
0,0,0,7.55116e+08,0,3.43147e+07,-914584,914584,1.34338e+07
0,0,0,7.55116e+08,0,3.43187e+07,-914584,914584,1.34338e+07
0,0,0,7.55116e+08,0,3.60028e+07,-914584,914584,1.34338e+07
0,0,0,7.55116e+08,0,3.6007e+07,-914584,914584,1.34338e+07
0,0,0,7.55116e+08,0,3.60112e+07,-914584,914584,1.34338e+07
0,0,0,7.55116e+08,0,3.60154e+07,-914584,914584,1.34338e+07
0,0,0,7.55116e+08,0,3.60195e+07,-914584,914584,1.34338e+07
0,0,0,7.55116e+08,0,3.64196e+07,-914584,914584,1.34338e+07
0,0,0,7.55116e+08,0,3.64238e+07,-914584,914584,1.34338e+07
0,0,0,7.55116e+08,0,3.64281e+07,-914584,914584,1.34338e+07
0,0,0,7.55116e+08,0,3.64323e+07,-914584,914584,1.34338e+07
0,0,0,7.55116e+08,0,3.72751e+07,-914584,914584,1.34338e+07
0,0,0,7.55116e+08,0,3.72795e+07,-914584,914584,1.34338e+07
0,0,0,7.55116e+08,0,3.58609e+07,0,0,1.34338e+07
0,0,0,7.55116e+08,0,3.72882e+07,-914584,914584,1.34338e+07
0,0,0,7.55116e+08,0,3.8652e+07,0,0,1.34338e+07
0,0,0,7.55116e+08,0,3.86566e+07,0,0,1.34338e+07
0,0,0,7.55116e+08,0,3.86613e+07,0,0,1.34338e+07
0,0,0,7.55116e+08,0,3.8666e+07,0,0,1.34338e+07
0,0,0,7.55116e+08,0,3.86707e+07,0,0,1.34338e+07
0,0,0,7.55116e+08,0,3.71122e+07,0,0,1.34338e+07
0,0,0,7.55116e+08,0,3.71167e+07,0,0,1.34338e+07
0,0,0,7.55116e+08,0,3.71212e+07,0,0,1.34338e+07
0,0,0,7.55116e+08,0,3.71257e+07,0,0,1.34338e+07
0,0,0,7.55116e+08,0,3.57527e+07,0,0,1.34338e+07
0,0,0,7.55116e+08,0,3.5757e+07,0,0,1.34338e+07
0,0,0,7.55116e+08,0,3.57614e+07,0,0,1.34338e+07
0,0,0,7.55116e+08,0,3.57657e+07,0,0,1.34338e+07
0,0,0,7.55116e+08,0,3.25788e+07,0,0,1.34338e+07
0,0,0,7.55116e+08,0,3.25827e+07,0,0,1.34338e+07
0,0,0,7.55116e+08,0,3.25867e+07,0,0,1.34338e+07
0,0,0,7.55116e+08,0,3.25906e+07,0,0,1.34338e+07
0,0,0,7.55116e+08,0,3.25946e+07,0,0,1.34338e+07
0,0,0,7.55116e+08,0,3.36375e+07,0,0,1.34338e+07
0,0,0,7.55116e+08,0,3.36412e+07,0,0,1.34338e+07
0,0,0,7.55116e+08,0,3.3645e+07,0,0,1.34338e+07
0,0,0,7.55116e+08,0,3.36487e+07,0,0,1.34338e+07
0,0,0,7.55116e+08,0,3.73035e+07,0,0,1.34338e+07
0,0,0,7.55116e+08,0,3.73076e+07,0,0,1.34338e+07
0,0,0,7.55116e+08,0,3.73118e+07,0,0,1.34338e+07
0,0,0,7.55116e+08,0,3.73159e+07,0,0,1.34338e+07
0,0,0,7.55116e+08,0,3.22927e+07,0,0,1.34338e+07
0,0,0,7.55116e+08,0,3.37192e+07,-914584,914584,1.34338e+07
0,0,0,7.55116e+08,0,3.37228e+07,-914584,914584,1.34338e+07
0,0,0,7.55116e+08,0,3.37264e+07,-914584,914584,1.34338e+07
0,0,0,7.55116e+08,0,3.373e+07,-914584,914584,1.34338e+07
0,0,0,7.55116e+08,0,3.49792e+07,-914584,914584,1.34338e+07
0,0,0,7.55116e+08,0,3.49829e+07,-914584,914584,1.34338e+07
0,0,0,7.55116e+08,0,3.49867e+07,-914584,914584,1.34338e+07
0,0,0,7.55116e+08,0,3.49904e+07,-914584,914584,1.34338e+07
0,0,0,7.55116e+08,0,3.45088e+07,-914584,914584,1.34338e+07
0,0,0,7.55116e+08,0,3.45124e+07,-914584,914584,1.34338e+07
0,0,0,7.55116e+08,0,3.45161e+07,-914584,914584,1.34338e+07
0,0,0,7.55116e+08,0,3.45198e+07,-914584,914584,1.34338e+07
0,0,0,7.55116e+08,0,3.62138e+07,-914584,914584,1.34338e+07
0,0,0,7.55116e+08,0,3.62177e+07,-914584,914584,1.34338e+07
0,0,0,7.55116e+08,0,3.62215e+07,-914584,914584,1.34338e+07
0,0,0,7.55116e+08,0,3.62254e+07,-914584,914584,1.34338e+07
0,0,0,7.55116e+08,0,3.62293e+07,-914584,914584,1.34338e+07
0,0,0,7.55116e+08,0,3.66314e+07,-914584,914584,1.34338e+07
0,0,0,7.55116e+08,0,3.66353e+07,-914584,914584,1.34338e+07
0,0,0,7.55116e+08,0,3.66392e+07,-914584,914584,1.34338e+07
0,0,0,7.55116e+08,0,3.66431e+07,-914584,914584,1.34338e+07
0,0,0,7.55116e+08,0,3.74907e+07,-914584,914584,1.34338e+07
0,0,0,7.55116e+08,0,3.74947e+07,-914584,914584,1.34338e+07
0,0,0,7.55116e+08,0,3.74987e+07,-914584,914584,1.34338e+07
0,0,0,7.55116e+08,0,3.75027e+07,-914584,914584,1.34338e+07
0,0,0,7.55116e+08,0,4.03057e+07,-914584,914584,1.34338e+07
0,0,0,7.55116e+08,0,4.031e+07,-914584,914584,1.34338e+07
0,0,0,7.55116e+08,0,4.03144e+07,-914584,914584,1.34338e+07
0,0,0,7.55116e+08,0,4.03187e+07,-914584,914584,1.34338e+07
0,0,0,7.55116e+08,0,4.0323e+07,-914584,914584,1.34338e+07
0,0,0,7.55116e+08,0,3.87549e+07,-914584,914584,1.34338e+07
0,0,0,7.55116e+08,0,3.8759e+07,-914584,914584,1.34338e+07
0,0,0,7.55116e+08,0,3.87632e+07,-914584,914584,1.34338e+07
0,0,0,7.55116e+08,0,3.87673e+07,-914584,914584,1.34338e+07
0,0,0,7.55116e+08,0,3.5963e+07,0,0,1.34338e+07
0,0,0,7.55116e+08,0,3.73899e+07,-914584,914584,1.34338e+07
0,0,0,7.55116e+08,0,3.5971e+07,0,0,1.34338e+07
0,0,0,7.55116e+08,0,3.5975e+07,0,0,1.34338e+07
0,0,0,7.55116e+08,0,3.27691e+07,0,0,1.34338e+07
0,0,0,7.55116e+08,0,3.27727e+07,0,0,1.34338e+07
0,0,0,7.55116e+08,0,3.27764e+07,0,0,1.34338e+07
0,0,0,7.55116e+08,0,3.278e+07,0,0,1.34338e+07
0,0,0,7.55116e+08,0,3.27837e+07,0,0,1.34338e+07
0,0,0,7.55116e+08,0,3.38323e+07,0,0,1.34338e+07
0,0,0,7.55116e+08,0,3.38357e+07,0,0,1.34338e+07
0,0,0,7.55116e+08,0,3.38392e+07,0,0,1.34338e+07
0,0,0,7.55116e+08,0,3.38426e+07,0,0,1.34338e+07
0,0,0,7.55116e+08,0,3.75181e+07,0,0,1.34338e+07
0,0,0,7.55116e+08,0,3.75219e+07,0,0,1.34338e+07
0,0,0,7.55116e+08,0,3.75257e+07,0,0,1.34338e+07
0,0,0,7.55116e+08,0,3.75295e+07,0,0,1.34338e+07
0,0,0,7.55116e+08,0,3.24772e+07,0,0,1.34338e+07
0,0,0,7.55116e+08,0,3.24805e+07,0,0,1.34338e+07
0,0,0,7.55116e+08,0,3.24838e+07,0,0,1.34338e+07
0,0,0,7.55116e+08,0,3.24871e+07,0,0,1.34338e+07
0,0,0,7.55116e+08,0,3.24904e+07,0,0,1.34338e+07
0,0,0,7.55116e+08,0,3.37463e+07,0,0,1.34338e+07
0,0,0,7.55116e+08,0,3.37498e+07,0,0,1.34338e+07
0,0,0,7.55116e+08,0,3.37532e+07,0,0,1.34338e+07
0,0,0,7.55116e+08,0,3.37566e+07,0,0,1.34338e+07
0,0,0,7.55116e+08,0,3.32719e+07,0,0,1.34338e+07
0,0,0,7.55116e+08,0,3.32753e+07,0,0,1.34338e+07
0,0,0,7.55116e+08,0,3.32787e+07,0,0,1.34338e+07
0,0,0,7.55116e+08,0,3.3282e+07,0,0,1.34338e+07
0,0,0,7.55116e+08,0,3.49852e+07,0,0,1.34338e+07
0,0,0,7.55116e+08,0,3.49887e+07,0,0,1.34338e+07
0,0,0,7.55116e+08,0,3.49923e+07,0,0,1.34338e+07
0,0,0,7.55116e+08,0,3.49958e+07,0,0,1.34338e+07
0,0,0,7.55116e+08,0,3.49994e+07,0,0,1.34338e+07
0,0,0,7.55116e+08,0,3.54034e+07,0,0,1.34338e+07
0,0,0,7.55116e+08,0,3.5407e+07,0,0,1.34338e+07
0,0,0,7.55116e+08,0,3.54106e+07,0,0,1.34338e+07
0,0,0,7.55116e+08,0,3.54141e+07,0,0,1.34338e+07
0,0,0,7.55116e+08,0,3.6266e+07,0,0,1.34338e+07
0,0,0,7.55116e+08,0,3.62697e+07,0,0,1.34338e+07
0,0,0,7.55116e+08,0,3.62734e+07,0,0,1.34338e+07
0,0,0,7.55116e+08,0,3.62771e+07,0,0,1.34338e+07
0,0,0,7.55116e+08,0,3.9095e+07,0,0,1.34338e+07
0,0,0,7.55116e+08,0,3.9099e+07,0,0,1.34338e+07
0,0,0,7.55116e+08,0,3.91029e+07,0,0,1.34338e+07
0,0,0,7.55116e+08,0,3.91069e+07,0,0,1.34338e+07
0,0,0,7.55116e+08,0,3.91109e+07,0,0,1.34338e+07
0,0,0,7.55116e+08,0,3.75338e+07,0,0,1.34338e+07
0,0,0,7.55116e+08,0,3.75377e+07,0,0,1.34338e+07
0,0,0,7.55116e+08,0,3.75415e+07,0,0,1.34338e+07
0,0,0,7.55116e+08,0,3.75453e+07,0,0,1.34338e+07
0,0,0,7.55116e+08,0,3.61561e+07,0,0,1.34338e+07
0,0,0,7.55116e+08,0,3.61597e+07,0,0,1.34338e+07
0,0,0,7.55116e+08,0,3.61634e+07,0,0,1.34338e+07
0,0,0,7.55116e+08,0,3.61671e+07,0,0,1.34338e+07
0,0,0,7.55116e+08,0,3.29438e+07,0,0,1.34338e+07
0,0,0,7.55116e+08,0,3.29471e+07,0,0,1.34338e+07
0,0,0,7.55116e+08,0,3.29504e+07,0,0,1.34338e+07
0,0,0,7.55116e+08,0,3.29538e+07,0,0,1.34338e+07
0,0,0,7.55116e+08,0,3.29571e+07,0,0,1.34338e+07
0,0,0,7.55116e+08,0,3.4011e+07,0,0,1.34338e+07
0,0,0,7.55116e+08,0,3.40141e+07,0,0,1.34338e+07
0,0,0,7.55116e+08,0,3.40172e+07,0,0,1.34338e+07
0,0,0,7.55116e+08,0,3.40204e+07,0,0,1.34338e+07
0,0,0,7.55116e+08,0,3.77148e+07,0,0,1.34338e+07
0,0,0,7.55116e+08,0,3.77182e+07,0,0,1.34338e+07
0,0,0,7.55116e+08,0,3.77217e+07,0,0,1.34338e+07
0,0,0,7.55116e+08,0,3.77252e+07,0,0,1.34338e+07
0,0,0,7.55116e+08,0,3.26462e+07,0,0,1.34338e+07
0,0,0,7.55116e+08,0,3.26492e+07,0,0,1.34338e+07
0,0,0,7.55116e+08,0,3.26522e+07,0,0,1.34338e+07
0,0,0,7.55116e+08,0,3.26552e+07,0,0,1.34338e+07
0,0,0,7.55116e+08,0,3.26582e+07,0,0,1.34338e+07
0,0,0,7.55116e+08,0,3.39204e+07,0,0,1.34338e+07
0,0,0,7.55116e+08,0,3.39235e+07,0,0,1.34338e+07
0,0,0,7.55116e+08,0,3.39266e+07,0,0,1.34338e+07
0,0,0,7.55116e+08,0,3.39297e+07,0,0,1.34338e+07
0,0,0,7.55116e+08,0,3.34422e+07,0,0,1.34338e+07
0,0,0,7.55116e+08,0,3.34453e+07,0,0,1.34338e+07
0,0,0,7.55116e+08,0,3.34484e+07,0,0,1.34338e+07
0,0,0,7.55116e+08,0,3.34515e+07,0,0,1.34338e+07
0,0,0,7.55116e+08,0,3.51629e+07,0,0,1.34338e+07
0,0,0,7.55116e+08,0,3.51662e+07,0,0,1.34338e+07
0,0,0,7.55116e+08,0,3.51694e+07,0,0,1.34338e+07
0,0,0,7.55116e+08,0,3.51726e+07,0,0,1.34338e+07
0,0,0,7.55116e+08,0,3.51759e+07,0,0,1.34338e+07
0,0,0,7.55116e+08,0,3.55815e+07,0,0,1.34338e+07
0,0,0,7.55116e+08,0,3.55848e+07,0,0,1.34338e+07
0,0,0,7.55116e+08,0,3.55881e+07,0,0,1.34338e+07
0,0,0,7.55116e+08,0,3.55914e+07,0,0,1.34338e+07
0,0,0,7.55116e+08,0,3.64472e+07,0,0,1.34338e+07
0,0,0,7.55116e+08,0,3.64505e+07,0,0,1.34338e+07
0,0,0,7.55116e+08,0,3.64539e+07,0,0,1.34338e+07
0,0,0,7.55116e+08,0,3.64572e+07,0,0,1.34338e+07
0,0,0,7.55116e+08,0,3.92888e+07,0,0,1.34338e+07
0,0,0,7.55116e+08,0,3.92924e+07,0,0,1.34338e+07
0,0,0,7.55116e+08,0,3.9296e+07,0,0,1.34338e+07
0,0,0,7.55116e+08,0,3.92996e+07,0,0,1.34338e+07
0,0,0,7.55116e+08,0,3.93032e+07,0,0,1.34338e+07
0,0,0,7.55116e+08,0,3.77181e+07,0,0,1.34338e+07
0,0,0,7.55116e+08,0,3.77216e+07,0,0,1.34338e+07
0,0,0,7.55116e+08,0,3.7725e+07,0,0,1.34338e+07
0,0,0,7.55116e+08,0,3.77285e+07,0,0,1.34338e+07
0,0,0,7.55116e+08,0,3.63322e+07,0,0,1.34338e+07
0,0,0,7.55116e+08,0,3.63355e+07,0,0,1.34338e+07
0,0,0,7.55116e+08,0,3.63389e+07,0,0,1.34338e+07
0,0,0,7.55116e+08,0,3.63422e+07,0,0,1.34338e+07
0,0,0,7.55116e+08,0,3.3103e+07,0,0,1.34338e+07
0,0,0,7.55116e+08,0,3.3106e+07,0,0,1.34338e+07
0,0,0,7.55116e+08,0,3.3109e+07,0,0,1.34338e+07
0,0,0,7.55116e+08,0,3.31121e+07,0,0,1.34338e+07
0,0,0,7.55116e+08,0,3.31151e+07,0,0,1.34338e+07
0,0,0,7.55116e+08,0,3.41737e+07,0,0,1.34338e+07
0,0,0,7.55116e+08,0,3.41765e+07,0,0,1.34338e+07
0,0,0,7.55116e+08,0,3.41794e+07,0,0,1.34338e+07
0,0,0,7.55116e+08,0,3.41822e+07,0,0,1.34338e+07
0,0,0,7.55116e+08,0,3.78938e+07,0,0,1.34338e+07
0,0,0,7.55116e+08,0,3.78969e+07,0,0,1.34338e+07
0,0,0,7.55116e+08,0,3.79001e+07,0,0,1.34338e+07
0,0,0,7.55116e+08,0,3.79032e+07,0,0,1.34338e+07
0,0,0,7.55116e+08,0,3.27999e+07,0,0,1.34338e+07
0,0,0,7.55116e+08,0,3.28027e+07,0,0,1.34338e+07
0,0,0,7.55116e+08,0,3.28054e+07,0,0,1.34338e+07
0,0,0,7.55116e+08,0,3.28081e+07,0,0,1.34338e+07
0,0,0,7.55116e+08,0,3.28108e+07,0,0,1.34338e+07
0,0,0,7.55116e+08,0,3.40785e+07,0,0,1.34338e+07
0,0,0,7.55116e+08,0,3.40813e+07,0,0,1.34338e+07
0,0,0,7.55116e+08,0,3.40841e+07,0,0,1.34338e+07
0,0,0,7.55116e+08,0,3.4087e+07,0,0,1.34338e+07
0,0,0,7.55116e+08,0,3.35969e+07,0,0,1.34338e+07
0,0,0,7.55116e+08,0,3.35997e+07,0,0,1.34338e+07
0,0,0,7.55116e+08,0,3.36024e+07,0,0,1.34338e+07
0,0,0,7.55116e+08,0,3.36052e+07,0,0,1.34338e+07
0,0,0,7.55116e+08,0,3.53242e+07,0,0,1.34338e+07
0,0,0,7.55116e+08,0,3.53271e+07,0,0,1.34338e+07
0,0,0,7.55116e+08,0,3.533e+07,0,0,1.34338e+07
0,0,0,7.55116e+08,0,3.5333e+07,0,0,1.34338e+07
0,0,0,7.55116e+08,0,3.53359e+07,0,0,1.34338e+07
0,0,0,7.55116e+08,0,3.57431e+07,0,0,1.34338e+07
0,0,0,7.55116e+08,0,3.5746e+07,0,0,1.34338e+07
0,0,0,7.55116e+08,0,3.5749e+07,0,0,1.34338e+07
0,0,0,7.55116e+08,0,3.57519e+07,0,0,1.34338e+07
0,0,0,7.55116e+08,0,3.66112e+07,0,0,1.34338e+07
0,0,0,7.55116e+08,0,3.66143e+07,0,0,1.34338e+07
0,0,0,7.55116e+08,0,3.66173e+07,0,0,1.34338e+07
0,0,0,7.55116e+08,0,3.66203e+07,0,0,1.34338e+07
0,0,0,7.55116e+08,0,3.94642e+07,0,0,1.34338e+07
0,0,0,7.55116e+08,0,3.94674e+07,0,0,1.34338e+07
0,0,0,7.55116e+08,0,3.94707e+07,0,0,1.34338e+07
0,0,0,7.55116e+08,0,3.94739e+07,0,0,1.34338e+07
0,0,0,7.55116e+08,0,3.94772e+07,0,0,1.34338e+07
0,0,0,7.55116e+08,0,3.78847e+07,0,0,1.34338e+07
0,0,0,7.55116e+08,0,3.78878e+07,0,0,1.34338e+07
0,0,0,7.55116e+08,0,3.7891e+07,0,0,1.34338e+07
0,0,0,7.55116e+08,0,3.78941e+07,0,0,1.34338e+07
0,0,0,7.55116e+08,0,3.64913e+07,0,0,1.34338e+07
0,0,0,7.55116e+08,0,3.64943e+07,0,0,1.34338e+07
0,0,0,7.55116e+08,0,3.64973e+07,0,0,1.34338e+07
0,0,0,7.55116e+08,0,3.65003e+07,0,0,1.34338e+07
0,0,0,7.55116e+08,0,3.32467e+07,0,0,1.34338e+07
0,0,0,7.55116e+08,0,3.32494e+07,0,0,1.34338e+07
0,0,0,7.55116e+08,0,3.32522e+07,0,0,1.34338e+07
0,0,0,7.55116e+08,0,3.32549e+07,0,0,1.34338e+07
0,0,0,7.55116e+08,0,3.32577e+07,0,0,1.34338e+07
0,0,0,7.55116e+08,0,3.43205e+07,0,0,1.34338e+07
0,0,0,7.55116e+08,0,3.4323e+07,0,0,1.34338e+07
0,0,0,7.55116e+08,0,3.43255e+07,0,0,1.34338e+07
0,0,0,7.55116e+08,0,3.4328e+07,0,0,1.34338e+07
0,0,0,7.55116e+08,0,3.80551e+07,0,0,1.34338e+07
0,0,0,7.55116e+08,0,3.80579e+07,0,0,1.34338e+07
0,0,0,7.55116e+08,0,3.80607e+07,0,0,1.34338e+07
0,0,0,7.55116e+08,0,3.80635e+07,0,0,1.34338e+07
0,0,0,7.55116e+08,0,3.29384e+07,0,0,1.34338e+07
0,0,0,7.55116e+08,0,3.29408e+07,0,0,1.34338e+07
0,0,0,7.55116e+08,0,3.29432e+07,0,0,1.34338e+07
0,0,0,7.55116e+08,0,3.29456e+07,0,0,1.34338e+07
0,0,0,7.55116e+08,0,3.2948e+07,0,0,1.34338e+07
0,0,0,7.55116e+08,0,3.42207e+07,0,0,1.34338e+07
0,0,0,7.55116e+08,0,3.42232e+07,0,0,1.34338e+07
0,0,0,7.55116e+08,0,3.42257e+07,0,0,1.34338e+07
0,0,0,7.55116e+08,0,3.42282e+07,0,0,1.34338e+07
0,0,0,7.55116e+08,0,3.37358e+07,0,0,1.34338e+07
0,0,0,7.55116e+08,0,3.37383e+07,0,0,1.34338e+07
0,0,0,7.55116e+08,0,3.37408e+07,0,0,1.34338e+07
0,0,0,7.55116e+08,0,3.37432e+07,0,0,1.34338e+07
0,0,0,7.55116e+08,0,3.5469e+07,0,0,1.34338e+07
0,0,0,7.55116e+08,0,3.54716e+07,0,0,1.34338e+07
0,0,0,7.55116e+08,0,3.54742e+07,0,0,1.34338e+07
0,0,0,7.55116e+08,0,3.54768e+07,0,0,1.34338e+07
0,0,0,7.55116e+08,0,3.54794e+07,0,0,1.34338e+07
0,0,0,7.55116e+08,0,3.58879e+07,0,0,1.34338e+07
0,0,0,7.55116e+08,0,3.58905e+07,0,0,1.34338e+07
0,0,0,7.55116e+08,0,3.58931e+07,0,0,1.34338e+07
0,0,0,7.55116e+08,0,3.58958e+07,0,0,1.34338e+07
0,0,0,7.55116e+08,0,3.67582e+07,0,0,1.34338e+07
0,0,0,7.55116e+08,0,3.67609e+07,0,0,1.34338e+07
0,0,0,7.55116e+08,0,3.67636e+07,0,0,1.34338e+07
0,0,0,7.55116e+08,0,3.67663e+07,0,0,1.34338e+07
0,0,0,7.55116e+08,0,3.96211e+07,0,0,1.34338e+07
0,0,0,7.55116e+08,0,3.9624e+07,0,0,1.34338e+07
0,0,0,7.55116e+08,0,3.96269e+07,0,0,1.34338e+07
0,0,0,7.55116e+08,0,3.96298e+07,0,0,1.34338e+07
0,0,0,7.55116e+08,0,3.96327e+07,0,0,1.34338e+07
0,0,0,7.55116e+08,0,3.80336e+07,0,0,1.34338e+07
0,0,0,7.55116e+08,0,3.80363e+07,0,0,1.34338e+07
0,0,0,7.55116e+08,0,3.80391e+07,0,0,1.34338e+07
0,0,0,7.55116e+08,0,3.94648e+07,-914584,914584,1.34338e+07
0,0,0,7.55116e+08,0,3.46197e+07,-4.35116e+06,4.35116e+06,1.51922e+07
0,0,0,7.55116e+08,0,3.80589e+07,-914584,914584,1.34338e+07
0,0,0,7.55116e+08,0,3.80616e+07,-914584,914584,1.34338e+07
0,0,0,7.55116e+08,0,3.4627e+07,-4.35192e+06,4.35192e+06,1.51922e+07
0,0,0,7.55116e+08,0,3.16669e+07,-4.04548e+06,4.04548e+06,1.51922e+07
0,0,0,7.55116e+08,0,3.4174e+07,-1.54081e+06,1.54081e+06,1.34338e+07
0,0,0,7.55116e+08,0,3.48027e+07,-914584,914584,1.34338e+07
0,0,0,7.55116e+08,0,3.48051e+07,-914584,914584,1.34338e+07
0,0,0,7.55116e+08,0,3.41812e+07,-1.54095e+06,1.54095e+06,1.34338e+07
0,0,0,7.55116e+08,0,3.16757e+07,-4.0464e+06,4.0464e+06,1.51922e+07
0,0,0,7.55116e+08,0,3.26422e+07,-4.14646e+06,4.14646e+06,1.51922e+07
0,0,0,7.55116e+08,0,3.26442e+07,-4.14666e+06,4.14666e+06,1.51922e+07
0,0,0,7.55116e+08,0,3.26462e+07,-4.14687e+06,4.14687e+06,1.51922e+07
0,0,0,7.55116e+08,0,3.58807e+07,-914584,914584,1.34338e+07
0,0,0,7.55116e+08,0,3.60381e+07,-4.49801e+06,4.49801e+06,1.51922e+07
0,0,0,7.55116e+08,0,3.82011e+07,0,0,1.34338e+07
0,0,0,7.55116e+08,0,3.82035e+07,0,0,1.34338e+07
0,0,0,7.55116e+08,0,3.8206e+07,0,0,1.34338e+07
0,0,0,7.55116e+08,0,3.44843e+07,-914584,914584,1.34338e+07
0,0,0,7.55116e+08,0,3.13847e+07,-4.01627e+06,4.01627e+06,1.51922e+07
0,0,0,7.55116e+08,0,3.30656e+07,0,0,1.34338e+07
0,0,0,7.55116e+08,0,3.44906e+07,-914584,914584,1.34338e+07
0,0,0,7.55116e+08,0,3.30698e+07,0,0,1.34338e+07
0,0,0,7.55116e+08,0,3.43469e+07,0,0,1.34338e+07
0,0,0,7.55116e+08,0,3.43491e+07,0,0,1.34338e+07
0,0,0,7.55116e+08,0,3.43513e+07,0,0,1.34338e+07
0,0,0,7.55116e+08,0,3.43535e+07,0,0,1.34338e+07
0,0,0,7.55116e+08,0,3.38589e+07,0,0,1.34338e+07
0,0,0,7.55116e+08,0,3.38611e+07,0,0,1.34338e+07
0,0,0,7.55116e+08,0,3.38633e+07,0,0,1.34338e+07
0,0,0,7.55116e+08,0,3.38654e+07,0,0,1.34338e+07
0,0,0,7.55116e+08,0,3.55971e+07,0,0,1.34338e+07
0,0,0,7.55116e+08,0,3.55994e+07,0,0,1.34338e+07
0,0,0,7.55116e+08,0,3.56017e+07,0,0,1.34338e+07
0,0,0,7.55116e+08,0,3.56039e+07,0,0,1.34338e+07
0,0,0,7.55116e+08,0,3.56062e+07,0,0,1.34338e+07
0,0,0,7.55116e+08,0,3.60159e+07,0,0,1.34338e+07
0,0,0,7.55116e+08,0,3.60182e+07,0,0,1.34338e+07
0,0,0,7.55116e+08,0,3.60205e+07,0,0,1.34338e+07
0,0,0,7.55116e+08,0,3.60228e+07,0,0,1.34338e+07
0,0,0,7.55116e+08,0,3.68879e+07,0,0,1.34338e+07
0,0,0,7.55116e+08,0,3.68903e+07,0,0,1.34338e+07
0,0,0,7.55116e+08,0,3.68926e+07,0,0,1.34338e+07
0,0,0,7.55116e+08,0,3.6895e+07,0,0,1.34338e+07
0,0,0,7.55116e+08,0,3.97594e+07,0,0,1.34338e+07
0,0,0,7.55116e+08,0,3.9762e+07,0,0,1.34338e+07
0,0,0,7.55116e+08,0,3.97645e+07,0,0,1.34338e+07
0,0,0,7.55116e+08,0,3.97671e+07,0,0,1.34338e+07
0,0,0,7.55116e+08,0,3.97696e+07,0,0,1.34338e+07
0,0,0,7.55116e+08,0,3.81646e+07,0,0,1.34338e+07
0,0,0,7.55116e+08,0,3.81671e+07,0,0,1.34338e+07
0,0,0,7.55116e+08,0,3.81695e+07,0,0,1.34338e+07
0,0,0,7.55116e+08,0,3.81719e+07,0,0,1.34338e+07
0,0,0,7.55116e+08,0,3.67582e+07,0,0,1.34338e+07
0,0,0,7.55116e+08,0,3.67605e+07,0,0,1.34338e+07
0,0,0,7.55116e+08,0,3.67629e+07,0,0,1.34338e+07
0,0,0,7.55116e+08,0,3.67652e+07,0,0,1.34338e+07
0,0,0,7.55116e+08,0,3.34874e+07,0,0,1.34338e+07
0,0,0,7.55116e+08,0,3.34895e+07,0,0,1.34338e+07
0,0,0,7.55116e+08,0,3.34916e+07,0,0,1.34338e+07
0,0,0,7.55116e+08,0,3.34938e+07,0,0,1.34338e+07
0,0,0,7.55116e+08,0,3.34959e+07,0,0,1.34338e+07
0,0,0,7.55116e+08,0,3.45657e+07,0,0,1.34338e+07
0,0,0,7.55116e+08,0,3.45676e+07,0,0,1.34338e+07
0,0,0,7.55116e+08,0,3.45695e+07,0,0,1.34338e+07
0,0,0,7.55116e+08,0,3.45714e+07,0,0,1.34338e+07
0,0,0,7.55116e+08,0,3.83243e+07,0,0,1.34338e+07
0,0,0,7.55116e+08,0,3.83264e+07,0,0,1.34338e+07
0,0,0,7.55116e+08,0,3.83285e+07,0,0,1.34338e+07
0,0,0,7.55116e+08,0,3.83306e+07,0,0,1.34338e+07
0,0,0,7.55116e+08,0,3.31689e+07,0,0,1.34338e+07
0,0,0,7.55116e+08,0,3.31707e+07,0,0,1.34338e+07
0,0,0,7.55116e+08,0,3.31725e+07,0,0,1.34338e+07
0,0,0,7.55116e+08,0,3.31743e+07,0,0,1.34338e+07
0,0,0,7.55116e+08,0,3.31762e+07,0,0,1.34338e+07
0,0,0,7.55116e+08,0,3.4457e+07,0,0,1.34338e+07
0,0,0,7.55116e+08,0,3.58819e+07,-914584,914584,1.34338e+07
0,0,0,7.55116e+08,0,3.58838e+07,-914584,914584,1.34338e+07
0,0,0,7.55116e+08,0,3.58857e+07,-914584,914584,1.34338e+07
0,0,0,7.55116e+08,0,3.53892e+07,-914584,914584,1.34338e+07
0,0,0,7.55116e+08,0,3.53911e+07,-914584,914584,1.34338e+07
0,0,0,7.55116e+08,0,3.5393e+07,-914584,914584,1.34338e+07
0,0,0,7.55116e+08,0,3.53948e+07,-914584,914584,1.34338e+07
0,0,0,7.55116e+08,0,3.71316e+07,-914584,914584,1.34338e+07
0,0,0,7.55116e+08,0,3.71336e+07,-914584,914584,1.34338e+07
0,0,0,7.55116e+08,0,3.71355e+07,-914584,914584,1.34338e+07
0,0,0,7.55116e+08,0,3.71375e+07,-914584,914584,1.34338e+07
0,0,0,7.55116e+08,0,3.71395e+07,-914584,914584,1.34338e+07
0,0,0,7.55116e+08,0,3.75501e+07,-914584,914584,1.34338e+07
0,0,0,7.55116e+08,0,3.7552e+07,-914584,914584,1.34338e+07
0,0,0,7.55116e+08,0,3.7554e+07,-914584,914584,1.34338e+07
0,0,0,7.55116e+08,0,3.7556e+07,-914584,914584,1.34338e+07
0,0,0,7.55116e+08,0,3.84235e+07,-914584,914584,1.34338e+07
0,0,0,7.55116e+08,0,3.84255e+07,-914584,914584,1.34338e+07
0,0,0,7.55116e+08,0,3.70046e+07,0,0,1.34338e+07
0,0,0,7.55116e+08,0,3.84296e+07,-914584,914584,1.34338e+07
0,0,0,7.55116e+08,0,3.98794e+07,0,0,1.34338e+07
0,0,0,7.55116e+08,0,3.98816e+07,0,0,1.34338e+07
0,0,0,7.55116e+08,0,3.98838e+07,0,0,1.34338e+07
0,0,0,7.55116e+08,0,3.9886e+07,0,0,1.34338e+07
0,0,0,7.55116e+08,0,3.98881e+07,0,0,1.34338e+07
0,0,0,7.55116e+08,0,3.8278e+07,0,0,1.34338e+07
0,0,0,7.55116e+08,0,3.82801e+07,0,0,1.34338e+07
0,0,0,7.55116e+08,0,3.82822e+07,0,0,1.34338e+07
0,0,0,7.55116e+08,0,3.82843e+07,0,0,1.34338e+07
0,0,0,7.55116e+08,0,3.68661e+07,0,0,1.34338e+07
0,0,0,7.55116e+08,0,3.68681e+07,0,0,1.34338e+07
0,0,0,7.55116e+08,0,3.68701e+07,0,0,1.34338e+07
0,0,0,7.55116e+08,0,3.68721e+07,0,0,1.34338e+07
0,0,0,7.55116e+08,0,3.35844e+07,0,0,1.34338e+07
0,0,0,7.55116e+08,0,3.35863e+07,0,0,1.34338e+07
0,0,0,7.55116e+08,0,3.35881e+07,0,0,1.34338e+07
0,0,0,7.55116e+08,0,3.359e+07,0,0,1.34338e+07
0,0,0,7.55116e+08,0,3.35918e+07,0,0,1.34338e+07
0,0,0,7.55116e+08,0,3.46644e+07,0,0,1.34338e+07
0,0,0,7.55116e+08,0,3.4666e+07,0,0,1.34338e+07
0,0,0,7.55116e+08,0,3.46676e+07,0,0,1.34338e+07
0,0,0,7.55116e+08,0,3.46691e+07,0,0,1.34338e+07
0,0,0,7.55116e+08,0,3.84322e+07,0,0,1.34338e+07
0,0,0,7.55116e+08,0,3.8434e+07,0,0,1.34338e+07
0,0,0,7.55116e+08,0,3.84358e+07,0,0,1.34338e+07
0,0,0,7.55116e+08,0,3.84375e+07,0,0,1.34338e+07
0,0,0,7.55116e+08,0,3.32611e+07,0,0,1.34338e+07
0,0,0,7.55116e+08,0,3.32626e+07,0,0,1.34338e+07
0,0,0,7.55116e+08,0,3.32642e+07,0,0,1.34338e+07
0,0,0,7.55116e+08,0,3.32657e+07,0,0,1.34338e+07
0,0,0,7.55116e+08,0,3.32672e+07,0,0,1.34338e+07
0,0,0,7.55116e+08,0,3.45513e+07,0,0,1.34338e+07
0,0,0,7.55116e+08,0,3.59758e+07,-914584,914584,1.34338e+07
0,0,0,7.55116e+08,0,3.59774e+07,-914584,914584,1.34338e+07
0,0,0,7.55116e+08,0,3.5979e+07,-914584,914584,1.34338e+07
0,0,0,7.55116e+08,0,3.54809e+07,-914584,914584,1.34338e+07
0,0,0,7.55116e+08,0,3.54825e+07,-914584,914584,1.34338e+07
0,0,0,7.55116e+08,0,3.54841e+07,-914584,914584,1.34338e+07
0,0,0,7.55116e+08,0,3.54856e+07,-914584,914584,1.34338e+07
0,0,0,7.55116e+08,0,3.72267e+07,-914584,914584,1.34338e+07
0,0,0,7.55116e+08,0,3.72284e+07,-914584,914584,1.34338e+07
0,0,0,7.55116e+08,0,3.723e+07,-914584,914584,1.34338e+07
0,0,0,7.55116e+08,0,3.72317e+07,-914584,914584,1.34338e+07
0,0,0,7.55116e+08,0,3.72333e+07,-914584,914584,1.34338e+07
0,0,0,7.55116e+08,0,3.76447e+07,-914584,914584,1.34338e+07
0,0,0,7.55116e+08,0,3.76463e+07,-914584,914584,1.34338e+07
0,0,0,7.55116e+08,0,3.7648e+07,-914584,914584,1.34338e+07
0,0,0,7.55116e+08,0,3.76497e+07,-914584,914584,1.34338e+07
0,0,0,7.55116e+08,0,3.8519e+07,-914584,914584,1.34338e+07
0,0,0,7.55116e+08,0,3.85207e+07,-914584,914584,1.34338e+07
0,0,0,7.55116e+08,0,3.85224e+07,-914584,914584,1.34338e+07
0,0,0,7.55116e+08,0,3.85241e+07,-914584,914584,1.34338e+07
0,0,0,7.55116e+08,0,4.14039e+07,-914584,914584,1.34338e+07
0,0,0,7.55116e+08,0,3.99828e+07,0,0,1.34338e+07
0,0,0,7.55116e+08,0,4.14075e+07,-914584,914584,1.34338e+07
0,0,0,7.55116e+08,0,3.99865e+07,0,0,1.34338e+07
0,0,0,7.55116e+08,0,3.99883e+07,0,0,1.34338e+07
0,0,0,7.55116e+08,0,3.97967e+07,-914584,914584,1.34338e+07
0,0,0,7.55116e+08,0,3.83755e+07,0,0,1.34338e+07
0,0,0,7.55116e+08,0,3.83773e+07,0,0,1.34338e+07
0,0,0,7.55116e+08,0,3.83791e+07,0,0,1.34338e+07
0,0,0,7.55116e+08,0,3.6957e+07,0,0,1.34338e+07
0,0,0,7.55116e+08,0,3.69587e+07,0,0,1.34338e+07
0,0,0,7.55116e+08,0,3.69604e+07,0,0,1.34338e+07
0,0,0,7.55116e+08,0,3.69621e+07,0,0,1.34338e+07
0,0,0,7.55116e+08,0,3.3666e+07,0,0,1.34338e+07
0,0,0,7.55116e+08,0,3.36676e+07,0,0,1.34338e+07
0,0,0,7.55116e+08,0,3.36691e+07,0,0,1.34338e+07
0,0,0,7.55116e+08,0,3.36707e+07,0,0,1.34338e+07
0,0,0,7.55116e+08,0,3.36722e+07,0,0,1.34338e+07
0,0,0,7.55116e+08,0,3.4747e+07,0,0,1.34338e+07
0,0,0,7.55116e+08,0,3.47483e+07,0,0,1.34338e+07
0,0,0,7.55116e+08,0,3.47496e+07,0,0,1.34338e+07
0,0,0,7.55116e+08,0,3.47509e+07,0,0,1.34338e+07
0,0,0,7.55116e+08,0,3.85225e+07,0,0,1.34338e+07
0,0,0,7.55116e+08,0,3.85239e+07,0,0,1.34338e+07
0,0,0,7.55116e+08,0,3.85253e+07,0,0,1.34338e+07
0,0,0,7.55116e+08,0,3.85267e+07,0,0,1.34338e+07
0,0,0,7.55116e+08,0,3.3338e+07,0,0,1.34338e+07
0,0,0,7.55116e+08,0,3.33392e+07,0,0,1.34338e+07
0,0,0,7.55116e+08,0,3.33405e+07,0,0,1.34338e+07
0,0,0,7.55116e+08,0,3.33417e+07,0,0,1.34338e+07
0,0,0,7.55116e+08,0,3.33429e+07,0,0,1.34338e+07
0,0,0,7.55116e+08,0,3.46296e+07,0,0,1.34338e+07
0,0,0,7.55116e+08,0,3.46309e+07,0,0,1.34338e+07
0,0,0,7.55116e+08,0,3.46322e+07,0,0,1.34338e+07
0,0,0,7.55116e+08,0,3.46335e+07,0,0,1.34338e+07
0,0,0,7.55116e+08,0,3.4134e+07,0,0,1.34338e+07
0,0,0,7.55116e+08,0,3.41352e+07,0,0,1.34338e+07
0,0,0,7.55116e+08,0,3.41365e+07,0,0,1.34338e+07
0,0,0,7.55116e+08,0,3.41377e+07,0,0,1.34338e+07
0,0,0,7.55116e+08,0,3.58823e+07,0,0,1.34338e+07
0,0,0,7.55116e+08,0,3.58837e+07,0,0,1.34338e+07
0,0,0,7.55116e+08,0,3.5885e+07,0,0,1.34338e+07
0,0,0,7.55116e+08,0,3.58863e+07,0,0,1.34338e+07
0,0,0,7.55116e+08,0,3.58876e+07,0,0,1.34338e+07
0,0,0,7.55116e+08,0,3.62995e+07,0,0,1.34338e+07
0,0,0,7.55116e+08,0,3.63009e+07,0,0,1.34338e+07
0,0,0,7.55116e+08,0,3.63022e+07,0,0,1.34338e+07
0,0,0,7.55116e+08,0,3.63036e+07,0,0,1.34338e+07
0,0,0,7.55116e+08,0,3.71744e+07,0,0,1.34338e+07
0,0,0,7.55116e+08,0,3.71758e+07,0,0,1.34338e+07
0,0,0,7.55116e+08,0,3.71772e+07,0,0,1.34338e+07
0,0,0,7.55116e+08,0,3.71785e+07,0,0,1.34338e+07
0,0,0,7.55116e+08,0,4.00639e+07,0,0,1.34338e+07
0,0,0,7.55116e+08,0,4.00654e+07,0,0,1.34338e+07
0,0,0,7.55116e+08,0,4.00669e+07,0,0,1.34338e+07
0,0,0,7.55116e+08,0,4.00684e+07,0,0,1.34338e+07
0,0,0,7.55116e+08,0,4.00698e+07,0,0,1.34338e+07
0,0,0,7.55116e+08,0,3.84517e+07,0,0,1.34338e+07
0,0,0,7.55116e+08,0,3.84531e+07,0,0,1.34338e+07
0,0,0,7.55116e+08,0,3.84545e+07,0,0,1.34338e+07
0,0,0,7.55116e+08,0,3.84559e+07,0,0,1.34338e+07
0,0,0,7.55116e+08,0,3.70307e+07,0,0,1.34338e+07
0,0,0,7.55116e+08,0,3.7032e+07,0,0,1.34338e+07
0,0,0,7.55116e+08,0,3.70334e+07,0,0,1.34338e+07
0,0,0,7.55116e+08,0,3.70348e+07,0,0,1.34338e+07
0,0,0,7.55116e+08,0,3.37319e+07,0,0,1.34338e+07
0,0,0,7.55116e+08,0,3.37332e+07,0,0,1.34338e+07
0,0,0,7.55116e+08,0,3.37344e+07,0,0,1.34338e+07
0,0,0,7.55116e+08,0,3.37357e+07,0,0,1.34338e+07
0,0,0,7.55116e+08,0,3.37369e+07,0,0,1.34338e+07
0,0,0,7.55116e+08,0,3.48135e+07,0,0,1.34338e+07
0,0,0,7.55116e+08,0,3.48144e+07,0,0,1.34338e+07
0,0,0,7.55116e+08,0,3.48154e+07,0,0,1.34338e+07
0,0,0,7.55116e+08,0,3.48164e+07,0,0,1.34338e+07
0,0,0,7.55116e+08,0,3.85947e+07,0,0,1.34338e+07
0,0,0,7.55116e+08,0,3.85958e+07,0,0,1.34338e+07
0,0,0,7.55116e+08,0,3.85969e+07,0,0,1.34338e+07
0,0,0,7.55116e+08,0,3.8598e+07,0,0,1.34338e+07
0,0,0,7.55116e+08,0,3.33993e+07,0,0,1.34338e+07
0,0,0,7.55116e+08,0,3.34003e+07,0,0,1.34338e+07
0,0,0,7.55116e+08,0,3.34012e+07,0,0,1.34338e+07
0,0,0,7.55116e+08,0,3.34021e+07,0,0,1.34338e+07
0,0,0,7.55116e+08,0,3.34031e+07,0,0,1.34338e+07
0,0,0,7.55116e+08,0,3.46918e+07,0,0,1.34338e+07
0,0,0,7.55116e+08,0,3.46927e+07,0,0,1.34338e+07
0,0,0,7.55116e+08,0,3.46937e+07,0,0,1.34338e+07
0,0,0,7.55116e+08,0,3.46947e+07,0,0,1.34338e+07
0,0,0,7.55116e+08,0,3.4194e+07,0,0,1.34338e+07
0,0,0,7.55116e+08,0,3.41949e+07,0,0,1.34338e+07
0,0,0,7.55116e+08,0,3.41959e+07,0,0,1.34338e+07
0,0,0,7.55116e+08,0,3.41968e+07,0,0,1.34338e+07
0,0,0,7.55116e+08,0,3.59441e+07,0,0,1.34338e+07
0,0,0,7.55116e+08,0,3.59451e+07,0,0,1.34338e+07
0,0,0,7.55116e+08,0,3.59461e+07,0,0,1.34338e+07
0,0,0,7.55116e+08,0,3.59471e+07,0,0,1.34338e+07
0,0,0,7.55116e+08,0,3.59481e+07,0,0,1.34338e+07
0,0,0,7.55116e+08,0,3.63604e+07,0,0,1.34338e+07
0,0,0,7.55116e+08,0,3.63614e+07,0,0,1.34338e+07
0,0,0,7.55116e+08,0,3.63624e+07,0,0,1.34338e+07
0,0,0,7.55116e+08,0,3.63634e+07,0,0,1.34338e+07
0,0,0,7.55116e+08,0,3.72354e+07,0,0,1.34338e+07
0,0,0,7.55116e+08,0,3.72364e+07,0,0,1.34338e+07
0,0,0,7.55116e+08,0,3.72375e+07,0,0,1.34338e+07
0,0,0,7.55116e+08,0,3.72385e+07,0,0,1.34338e+07
0,0,0,7.55116e+08,0,4.01282e+07,0,0,1.34338e+07
0,0,0,7.55116e+08,0,4.01293e+07,0,0,1.34338e+07
0,0,0,7.55116e+08,0,4.01304e+07,0,0,1.34338e+07
0,0,0,7.55116e+08,0,4.01315e+07,0,0,1.34338e+07
0,0,0,7.55116e+08,0,4.01326e+07,0,0,1.34338e+07
0,0,0,7.55116e+08,0,3.99345e+07,-914584,914584,1.34338e+07
0,0,0,7.55116e+08,0,3.99356e+07,-914584,914584,1.34338e+07
0,0,0,7.55116e+08,0,3.99367e+07,-914584,914584,1.34338e+07
0,0,0,7.55116e+08,0,3.99377e+07,-914584,914584,1.34338e+07
0,0,0,7.55116e+08,0,3.50308e+07,-4.39373e+06,4.39373e+06,1.51922e+07
0,0,0,7.55116e+08,0,3.50317e+07,-4.39382e+06,4.39382e+06,1.51922e+07
0,0,0,7.55116e+08,0,3.50327e+07,-4.39392e+06,4.39392e+06,1.51922e+07
0,0,0,7.55116e+08,0,3.50336e+07,-4.39402e+06,4.39402e+06,1.51922e+07
0,0,0,7.55116e+08,0,3.20359e+07,-4.08369e+06,4.08369e+06,1.51922e+07
0,0,0,7.55116e+08,0,3.45721e+07,-1.54842e+06,1.54842e+06,1.34338e+07
0,0,0,7.55116e+08,0,3.20376e+07,-4.08386e+06,4.08386e+06,1.51922e+07
0,0,0,7.55116e+08,0,3.45739e+07,-1.54846e+06,1.54846e+06,1.34338e+07
0,0,0,7.55116e+08,0,3.20393e+07,-4.08404e+06,4.08404e+06,1.51922e+07
0,0,0,7.55116e+08,0,3.62865e+07,-914584,914584,1.34338e+07
0,0,0,7.55116e+08,0,3.48643e+07,0,0,1.34338e+07
0,0,0,7.55116e+08,0,3.30172e+07,-4.18527e+06,4.18527e+06,1.51922e+07
0,0,0,7.55116e+08,0,3.48656e+07,0,0,1.34338e+07
0,0,0,7.55116e+08,0,3.8649e+07,0,0,1.34338e+07
0,0,0,7.55116e+08,0,3.86497e+07,0,0,1.34338e+07
0,0,0,7.55116e+08,0,3.86504e+07,0,0,1.34338e+07
0,0,0,7.55116e+08,0,3.86511e+07,0,0,1.34338e+07
0,0,0,7.55116e+08,0,3.34451e+07,0,0,1.34338e+07
0,0,0,7.55116e+08,0,3.34457e+07,0,0,1.34338e+07
0,0,0,7.55116e+08,0,3.34463e+07,0,0,1.34338e+07
0,0,0,7.55116e+08,0,3.3447e+07,0,0,1.34338e+07
0,0,0,7.55116e+08,0,3.34476e+07,0,0,1.34338e+07
0,0,0,7.55116e+08,0,3.47377e+07,0,0,1.34338e+07
0,0,0,7.55116e+08,0,3.47383e+07,0,0,1.34338e+07
0,0,0,7.55116e+08,0,3.4739e+07,0,0,1.34338e+07
0,0,0,7.55116e+08,0,3.47397e+07,0,0,1.34338e+07
0,0,0,7.55116e+08,0,3.4238e+07,0,0,1.34338e+07
0,0,0,7.55116e+08,0,3.42387e+07,0,0,1.34338e+07
0,0,0,7.55116e+08,0,3.42393e+07,0,0,1.34338e+07
0,0,0,7.55116e+08,0,3.424e+07,0,0,1.34338e+07
0,0,0,7.55116e+08,0,3.59891e+07,0,0,1.34338e+07
0,0,0,7.55116e+08,0,3.59898e+07,0,0,1.34338e+07
0,0,0,7.55116e+08,0,3.59905e+07,0,0,1.34338e+07
0,0,0,7.55116e+08,0,3.59912e+07,0,0,1.34338e+07
0,0,0,7.55116e+08,0,3.59919e+07,0,0,1.34338e+07
0,0,0,7.55116e+08,0,3.64043e+07,0,0,1.34338e+07
0,0,0,7.55116e+08,0,3.6405e+07,0,0,1.34338e+07
0,0,0,7.55116e+08,0,3.64057e+07,0,0,1.34338e+07
0,0,0,7.55116e+08,0,3.64064e+07,0,0,1.34338e+07
0,0,0,7.55116e+08,0,3.7279e+07,0,0,1.34338e+07
0,0,0,7.55116e+08,0,3.72797e+07,0,0,1.34338e+07
0,0,0,7.55116e+08,0,3.52061e+07,-4.41187e+06,4.41187e+06,1.51922e+07
0,0,0,7.55116e+08,0,3.52067e+07,-4.41194e+06,4.41194e+06,1.51922e+07
0,0,0,7.55116e+08,0,3.7828e+07,-4.68329e+06,4.68329e+06,1.51922e+07
0,0,0,7.55116e+08,0,3.78208e+07,-4.67832e+06,4.67832e+06,1.51922e+07
0,0,0,7.55116e+08,0,3.78213e+07,-4.67825e+06,4.67825e+06,1.51922e+07
0,0,0,7.55116e+08,0,4.15907e+07,-909258,909258,1.34338e+07
0,0,0,7.55116e+08,0,3.78222e+07,-4.67811e+06,4.67811e+06,1.51922e+07
0,0,0,7.55116e+08,0,3.63511e+07,-4.5257e+06,4.5257e+06,1.51922e+07
0,0,0,7.55116e+08,0,3.63605e+07,-4.53138e+06,4.53138e+06,1.51922e+07
0,0,0,7.55116e+08,0,3.63611e+07,-4.53144e+06,4.53144e+06,1.51922e+07
0,0,0,7.55116e+08,0,3.63618e+07,-4.53151e+06,4.53151e+06,1.51922e+07
0,0,0,7.55116e+08,0,3.50663e+07,-4.3974e+06,4.3974e+06,1.51922e+07
0,0,0,7.55116e+08,0,3.50669e+07,-4.39746e+06,4.39746e+06,1.51922e+07
0,0,0,7.55116e+08,0,3.50676e+07,-4.39753e+06,4.39753e+06,1.51922e+07
0,0,0,7.55116e+08,0,3.50682e+07,-4.39759e+06,4.39759e+06,1.51922e+07
0,0,0,7.55116e+08,0,3.20671e+07,-4.08692e+06,4.08692e+06,1.51922e+07
0,0,0,7.55116e+08,0,3.20677e+07,-4.08698e+06,4.08698e+06,1.51922e+07
0,0,0,7.55116e+08,0,3.20683e+07,-4.08704e+06,4.08704e+06,1.51922e+07
0,0,0,7.55116e+08,0,3.20688e+07,-4.0871e+06,4.0871e+06,1.51922e+07
0,0,0,7.55116e+08,0,3.20694e+07,-4.08716e+06,4.08716e+06,1.51922e+07
0,0,0,7.55116e+08,0,3.20694e+07,-4.08716e+06,4.08716e+06,1.51922e+07
0,0,0,7.55116e+08,0,3.30468e+07,-4.18834e+06,4.18834e+06,1.51922e+07
0,0,0,7.55116e+08,0,3.30471e+07,-4.18837e+06,4.18837e+06,1.51922e+07
0,0,0,7.55116e+08,0,3.30474e+07,-4.1884e+06,4.1884e+06,1.51922e+07
0,0,0,7.55116e+08,0,3.48987e+07,0,0,1.34338e+07
0,0,0,7.55116e+08,0,3.86853e+07,0,0,1.34338e+07
0,0,0,7.55116e+08,0,3.86857e+07,0,0,1.34338e+07
0,0,0,7.55116e+08,0,3.86861e+07,0,0,1.34338e+07
0,0,0,7.55116e+08,0,3.86864e+07,0,0,1.34338e+07
0,0,0,7.55116e+08,0,3.34753e+07,0,0,1.34338e+07
0,0,0,7.55116e+08,0,3.34756e+07,0,0,1.34338e+07
0,0,0,7.55116e+08,0,3.3476e+07,0,0,1.34338e+07
0,0,0,7.55116e+08,0,3.34763e+07,0,0,1.34338e+07
0,0,0,7.55116e+08,0,3.34767e+07,0,0,1.34338e+07
0,0,0,7.55116e+08,0,3.47676e+07,0,0,1.34338e+07
0,0,0,7.55116e+08,0,3.47679e+07,0,0,1.34338e+07
0,0,0,7.55116e+08,0,3.47683e+07,0,0,1.34338e+07
0,0,0,7.55116e+08,0,3.47686e+07,0,0,1.34338e+07
0,0,0,7.55116e+08,0,3.42663e+07,0,0,1.34338e+07
0,0,0,7.55116e+08,0,3.42666e+07,0,0,1.34338e+07
0,0,0,7.55116e+08,0,3.4267e+07,0,0,1.34338e+07
0,0,0,7.55116e+08,0,3.42673e+07,0,0,1.34338e+07
0,0,0,7.55116e+08,0,3.60176e+07,0,0,1.34338e+07
0,0,0,7.55116e+08,0,3.60179e+07,0,0,1.34338e+07
0,0,0,7.55116e+08,0,3.60183e+07,0,0,1.34338e+07
0,0,0,7.55116e+08,0,3.60187e+07,0,0,1.34338e+07
0,0,0,7.55116e+08,0,3.6019e+07,0,0,1.34338e+07
0,0,0,7.55116e+08,0,3.64315e+07,0,0,1.34338e+07
0,0,0,7.55116e+08,0,3.64318e+07,0,0,1.34338e+07
0,0,0,7.55116e+08,0,3.64322e+07,0,0,1.34338e+07
0,0,0,7.55116e+08,0,3.64326e+07,0,0,1.34338e+07
0,0,0,7.55116e+08,0,3.73055e+07,0,0,1.34338e+07
0,0,0,7.55116e+08,0,3.73059e+07,0,0,1.34338e+07
0,0,0,7.55116e+08,0,3.73063e+07,0,0,1.34338e+07
0,0,0,7.55116e+08,0,3.73067e+07,0,0,1.34338e+07
0,0,0,7.55116e+08,0,4.02009e+07,0,0,1.34338e+07
0,0,0,7.55116e+08,0,4.02013e+07,0,0,1.34338e+07
0,0,0,7.55116e+08,0,4.02017e+07,0,0,1.34338e+07
0,0,0,7.55116e+08,0,4.02021e+07,0,0,1.34338e+07
0,0,0,7.55116e+08,0,4.16093e+07,-904221,904221,1.34338e+07
0,0,0,7.55116e+08,0,3.99847e+07,-904145,904145,1.34338e+07
0,0,0,7.55116e+08,0,4.00013e+07,-914584,914584,1.34338e+07
0,0,0,7.55116e+08,0,4.00017e+07,-914584,914584,1.34338e+07
0,0,0,7.55116e+08,0,3.63829e+07,-4.5337e+06,4.5337e+06,1.51922e+07
0,0,0,7.55116e+08,0,3.50863e+07,-4.39947e+06,4.39947e+06,1.51922e+07
0,0,0,7.55116e+08,0,3.50867e+07,-4.39951e+06,4.39951e+06,1.51922e+07
0,0,0,7.55116e+08,0,3.5087e+07,-4.39954e+06,4.39954e+06,1.51922e+07
0,0,0,7.55116e+08,0,3.50874e+07,-4.39958e+06,4.39958e+06,1.51922e+07
0,0,0,7.55116e+08,0,3.20843e+07,-4.0887e+06,4.0887e+06,1.51922e+07
0,0,0,7.55116e+08,0,3.20846e+07,-4.08873e+06,4.08873e+06,1.51922e+07
0,0,0,7.55116e+08,0,3.52591e+07,-914584,914584,1.34338e+07
0,0,0,7.55116e+08,0,3.52594e+07,-914584,914584,1.34338e+07
0,0,0,7.55116e+08,0,3.38368e+07,0,0,1.34338e+07
0,0,0,7.55116e+08,0,3.49156e+07,0,0,1.34338e+07
0,0,0,7.55116e+08,0,3.49157e+07,0,0,1.34338e+07
0,0,0,7.55116e+08,0,3.49157e+07,0,0,1.34338e+07
0,0,0,7.55116e+08,0,3.49158e+07,0,0,1.34338e+07
0,0,0,7.55116e+08,0,3.87039e+07,0,0,1.34338e+07
0,0,0,7.55116e+08,0,3.8704e+07,0,0,1.34338e+07
0,0,0,7.55116e+08,0,3.8704e+07,0,0,1.34338e+07
0,0,0,7.55116e+08,0,3.87041e+07,0,0,1.34338e+07
0,0,0,7.55116e+08,0,3.34903e+07,0,0,1.34338e+07
0,0,0,7.55116e+08,0,3.34903e+07,0,0,1.34338e+07
0,0,0,7.55116e+08,0,3.34904e+07,0,0,1.34338e+07
0,0,0,7.55116e+08,0,3.34904e+07,0,0,1.34338e+07
0,0,0,7.55116e+08,0,3.34905e+07,0,0,1.34338e+07
0,0,0,7.55116e+08,0,3.47816e+07,0,0,1.34338e+07
0,0,0,7.55116e+08,0,3.47816e+07,0,0,1.34338e+07
0,0,0,7.55116e+08,0,3.47817e+07,0,0,1.34338e+07
0,0,0,7.55116e+08,0,3.47817e+07,0,0,1.34338e+07
0,0,0,7.55116e+08,0,3.42789e+07,0,0,1.34338e+07
0,0,0,7.55116e+08,0,3.42789e+07,0,0,1.34338e+07
0,0,0,7.55116e+08,0,3.4279e+07,0,0,1.34338e+07
0,0,0,7.55116e+08,0,3.4279e+07,0,0,1.34338e+07
0,0,0,7.55116e+08,0,3.60296e+07,0,0,1.34338e+07
0,0,0,7.55116e+08,0,3.60296e+07,0,0,1.34338e+07
0,0,0,7.55116e+08,0,3.60297e+07,0,0,1.34338e+07
0,0,0,7.55116e+08,0,3.60297e+07,0,0,1.34338e+07
0,0,0,7.55116e+08,0,3.60298e+07,0,0,1.34338e+07
0,0,0,7.55116e+08,0,3.6442e+07,0,0,1.34338e+07
0,0,0,7.55116e+08,0,3.64421e+07,0,0,1.34338e+07
0,0,0,7.55116e+08,0,3.64421e+07,0,0,1.34338e+07
0,0,0,7.55116e+08,0,3.64422e+07,0,0,1.34338e+07
0,0,0,7.55116e+08,0,3.7315e+07,0,0,1.34338e+07
0,0,0,7.55116e+08,0,3.73151e+07,0,0,1.34338e+07
0,0,0,7.55116e+08,0,3.73151e+07,0,0,1.34338e+07
0,0,0,7.55116e+08,0,3.73152e+07,0,0,1.34338e+07
0,0,0,7.55116e+08,0,4.02097e+07,0,0,1.34338e+07
0,0,0,7.55116e+08,0,4.02098e+07,0,0,1.34338e+07
0,0,0,7.55116e+08,0,4.02098e+07,0,0,1.34338e+07
0,0,0,7.55116e+08,0,4.02099e+07,0,0,1.34338e+07
0,0,0,7.55116e+08,0,4.02099e+07,0,0,1.34338e+07
0,0,0,7.55116e+08,0,3.85847e+07,0,0,1.34338e+07
0,0,0,7.55116e+08,0,3.85848e+07,0,0,1.34338e+07
0,0,0,7.55116e+08,0,3.85848e+07,0,0,1.34338e+07
0,0,0,7.55116e+08,0,3.85849e+07,0,0,1.34338e+07
0,0,0,7.55116e+08,0,3.71535e+07,0,0,1.34338e+07
0,0,0,7.55116e+08,0,3.71536e+07,0,0,1.34338e+07
0,0,0,7.55116e+08,0,3.71536e+07,0,0,1.34338e+07
0,0,0,7.55116e+08,0,3.71537e+07,0,0,1.34338e+07
0,0,0,7.55116e+08,0,3.3839e+07,0,0,1.34338e+07
0,0,0,7.55116e+08,0,3.38391e+07,0,0,1.34338e+07
0,0,0,7.55116e+08,0,3.38391e+07,0,0,1.34338e+07
0,0,0,7.55116e+08,0,3.38392e+07,0,0,1.34338e+07
0,0,0,7.55116e+08,0,3.38392e+07,0,0,1.34338e+07
0,0,0,7.55116e+08,0,3.49178e+07,0,0,1.34338e+07
0,0,0,7.55116e+08,0,3.49176e+07,0,0,1.34338e+07
0,0,0,7.55116e+08,0,3.49173e+07,0,0,1.34338e+07
0,0,0,7.55116e+08,0,3.4917e+07,0,0,1.34338e+07
0,0,0,7.55116e+08,0,3.8705e+07,0,0,1.34338e+07
0,0,0,7.55116e+08,0,3.87047e+07,0,0,1.34338e+07
0,0,0,7.55116e+08,0,3.87044e+07,0,0,1.34338e+07
0,0,0,7.55116e+08,0,3.87041e+07,0,0,1.34338e+07
0,0,0,7.55116e+08,0,3.349e+07,0,0,1.34338e+07
0,0,0,7.55116e+08,0,3.34898e+07,0,0,1.34338e+07
0,0,0,7.55116e+08,0,3.49124e+07,-914584,914584,1.34338e+07
0,0,0,7.55116e+08,0,3.49122e+07,-914584,914584,1.34338e+07
0,0,0,7.55116e+08,0,3.49119e+07,-914584,914584,1.34338e+07
0,0,0,7.55116e+08,0,3.62027e+07,-914584,914584,1.34338e+07
0,0,0,7.55116e+08,0,3.62025e+07,-914584,914584,1.34338e+07
0,0,0,7.55116e+08,0,3.62022e+07,-914584,914584,1.34338e+07
0,0,0,7.55116e+08,0,3.6202e+07,-914584,914584,1.34338e+07
0,0,0,7.55116e+08,0,3.56989e+07,-914584,914584,1.34338e+07
0,0,0,7.55116e+08,0,3.56986e+07,-914584,914584,1.34338e+07
0,0,0,7.55116e+08,0,3.56984e+07,-914584,914584,1.34338e+07
0,0,0,7.55116e+08,0,3.56981e+07,-914584,914584,1.34338e+07
0,0,0,7.55116e+08,0,3.74481e+07,-914584,914584,1.34338e+07
0,0,0,7.55116e+08,0,3.74479e+07,-914584,914584,1.34338e+07
0,0,0,7.55116e+08,0,3.74476e+07,-914584,914584,1.34338e+07
0,0,0,7.55116e+08,0,3.74473e+07,-914584,914584,1.34338e+07
0,0,0,7.55116e+08,0,3.74471e+07,-914584,914584,1.34338e+07
0,0,0,7.55116e+08,0,3.78589e+07,-914584,914584,1.34338e+07
0,0,0,7.55116e+08,0,3.78586e+07,-914584,914584,1.34338e+07
0,0,0,7.55116e+08,0,3.78584e+07,-914584,914584,1.34338e+07
0,0,0,7.55116e+08,0,3.78581e+07,-914584,914584,1.34338e+07
0,0,0,7.55116e+08,0,3.87305e+07,-914584,914584,1.34338e+07
0,0,0,7.55116e+08,0,3.87302e+07,-914584,914584,1.34338e+07
0,0,0,7.55116e+08,0,3.87299e+07,-914584,914584,1.34338e+07
0,0,0,7.55116e+08,0,3.87297e+07,-914584,914584,1.34338e+07
0,0,0,7.55116e+08,0,4.16232e+07,-914584,914584,1.34338e+07
0,0,0,7.55116e+08,0,4.16073e+07,-904569,904569,1.34338e+07
0,0,0,7.55116e+08,0,4.16071e+07,-904624,904624,1.34338e+07
0,0,0,7.55116e+08,0,4.16069e+07,-904680,904680,1.34338e+07
0,0,0,7.55116e+08,0,4.16067e+07,-904735,904735,1.34338e+07
0,0,0,7.55116e+08,0,3.99817e+07,-904791,904791,1.34338e+07
0,0,0,7.55116e+08,0,3.99966e+07,-914584,914584,1.34338e+07
0,0,0,7.55116e+08,0,3.63778e+07,-4.53316e+06,4.53316e+06,1.51922e+07
0,0,0,7.55116e+08,0,3.63775e+07,-4.53314e+06,4.53314e+06,1.51922e+07
0,0,0,7.55116e+08,0,3.50805e+07,-4.39887e+06,4.39887e+06,1.51922e+07
0,0,0,7.55116e+08,0,3.50803e+07,-4.39884e+06,4.39884e+06,1.51922e+07
0,0,0,7.55116e+08,0,3.508e+07,-4.39882e+06,4.39882e+06,1.51922e+07
0,0,0,7.55116e+08,0,3.50798e+07,-4.39879e+06,4.39879e+06,1.51922e+07
0,0,0,7.55116e+08,0,3.20768e+07,-4.08792e+06,4.08792e+06,1.51922e+07
0,0,0,7.55116e+08,0,3.20766e+07,-4.0879e+06,4.0879e+06,1.51922e+07
0,0,0,7.55116e+08,0,3.20764e+07,-4.08788e+06,4.08788e+06,1.51922e+07
0,0,0,7.55116e+08,0,3.52494e+07,-914584,914584,1.34338e+07
0,0,0,7.55116e+08,0,3.52492e+07,-914584,914584,1.34338e+07
0,0,0,7.55116e+08,0,3.6327e+07,-914584,914584,1.34338e+07
0,0,0,7.55116e+08,0,3.63265e+07,-914584,914584,1.34338e+07
0,0,0,7.55116e+08,0,3.63259e+07,-914584,914584,1.34338e+07
0,0,0,7.55116e+08,0,3.63254e+07,-914584,914584,1.34338e+07
0,0,0,7.55116e+08,0,4.01114e+07,-914584,914584,1.34338e+07
0,0,0,7.55116e+08,0,4.01108e+07,-914584,914584,1.34338e+07
0,0,0,7.55116e+08,0,4.01101e+07,-914584,914584,1.34338e+07
0,0,0,7.55116e+08,0,4.01095e+07,-914584,914584,1.34338e+07
0,0,0,7.55116e+08,0,3.48975e+07,-914584,914584,1.34338e+07
0,0,0,7.55116e+08,0,3.48969e+07,-914584,914584,1.34338e+07
0,0,0,7.55116e+08,0,3.48964e+07,-914584,914584,1.34338e+07
0,0,0,7.55116e+08,0,3.48959e+07,-914584,914584,1.34338e+07
0,0,0,7.55116e+08,0,3.48953e+07,-914584,914584,1.34338e+07
0,0,0,7.55116e+08,0,3.61852e+07,-914584,914584,1.34338e+07
0,0,0,7.55116e+08,0,3.61846e+07,-914584,914584,1.34338e+07
0,0,0,7.55116e+08,0,3.61841e+07,-914584,914584,1.34338e+07
0,0,0,7.55116e+08,0,3.61835e+07,-914584,914584,1.34338e+07
0,0,0,7.55116e+08,0,3.56804e+07,-914584,914584,1.34338e+07
0,0,0,7.55116e+08,0,3.56798e+07,-914584,914584,1.34338e+07
0,0,0,7.55116e+08,0,3.56793e+07,-914584,914584,1.34338e+07
0,0,0,7.55116e+08,0,3.56787e+07,-914584,914584,1.34338e+07
0,0,0,7.55116e+08,0,3.74274e+07,-914584,914584,1.34338e+07
0,0,0,7.55116e+08,0,3.74269e+07,-914584,914584,1.34338e+07
0,0,0,7.55116e+08,0,3.74263e+07,-914584,914584,1.34338e+07
0,0,0,7.55116e+08,0,3.74257e+07,-914584,914584,1.34338e+07
0,0,0,7.55116e+08,0,3.74251e+07,-914584,914584,1.34338e+07
0,0,0,7.55116e+08,0,3.78364e+07,-914584,914584,1.34338e+07
0,0,0,7.55116e+08,0,3.78358e+07,-914584,914584,1.34338e+07
0,0,0,7.55116e+08,0,3.78352e+07,-914584,914584,1.34338e+07
0,0,0,7.55116e+08,0,3.78346e+07,-914584,914584,1.34338e+07
0,0,0,7.55116e+08,0,3.87061e+07,-914584,914584,1.34338e+07
0,0,0,7.55116e+08,0,3.87055e+07,-914584,914584,1.34338e+07
0,0,0,7.55116e+08,0,3.87049e+07,-914584,914584,1.34338e+07
0,0,0,7.55116e+08,0,3.87043e+07,-914584,914584,1.34338e+07
0,0,0,7.55116e+08,0,4.15956e+07,-914584,914584,1.34338e+07
0,0,0,7.55116e+08,0,4.08337e+07,-1.66346e+06,1.66346e+06,1.34338e+07
0,0,0,7.55116e+08,0,3.78185e+07,-4.67836e+06,4.67836e+06,1.51922e+07
0,0,0,7.55116e+08,0,3.78181e+07,-4.67842e+06,4.67842e+06,1.51922e+07
0,0,0,7.55116e+08,0,3.78177e+07,-4.67848e+06,4.67848e+06,1.51922e+07
0,0,0,7.55116e+08,0,3.6346e+07,-4.52623e+06,4.52623e+06,1.51922e+07
0,0,0,7.55116e+08,0,3.63522e+07,-4.53052e+06,4.53052e+06,1.51922e+07
0,0,0,7.55116e+08,0,3.63516e+07,-4.53046e+06,4.53046e+06,1.51922e+07
0,0,0,7.55116e+08,0,3.63511e+07,-4.5304e+06,4.5304e+06,1.51922e+07
0,0,0,7.55116e+08,0,3.50548e+07,-4.3962e+06,4.3962e+06,1.51922e+07
0,0,0,7.55116e+08,0,3.50542e+07,-4.39615e+06,4.39615e+06,1.51922e+07
0,0,0,7.55116e+08,0,3.50537e+07,-4.39609e+06,4.39609e+06,1.51922e+07
