0volume,0demand,0up_spill,0ww_inflow,0catch_inflow,0evap,0ds_spill,0treat_cap,1volume,1demand,1up_spill,1ww_inflow,1catch_inflow,1evap,1ds_spill,1treat_cap,2volume,2s_area,2demand,2up_spill,2ww_inflow,2catch_inflow,2evap,2ds_spill,2treat_cap,2valloc_0,2talloc_0,2valloc_1,2talloc_1,3volume,3demand,3up_spill,3ww_inflow,3catch_inflow,3evap,3ds_spill,3treat_cap,3valloc_1,3talloc_1,3valloc_2,3talloc_2,4demand,4up_spill,4ww_inflow,4catch_inflow,4ds_spill,4treat_cap,11volume,11s_area,11demand,11up_spill,11ww_inflow,11catch_inflow,11evap,11ds_spill,11treat_cap
72.29,1.84028,0,0,3.34766,0.259658,1.24773,3.6288,61.308,0,0,0,0.549056,0.182286,0.366771,0.66528,12.849,1,0.327095,1.24773,0,94.6797,3.84877,91.7516,0.84672,12.849,0.84672,3695.15,0,36.966,0.0415766,0.762307,0,5.93938,0.859066,5.80104,0.42336,36.966,0.42336,423.524,0,1.69344,0,0,2.45575,0.762307,1.028160,1,0,97.9194,0,0,0,97.9194,0
72.29,1.85843,0,0,11.2126,0.263628,9.09058,3.6288,61.308,0.428269,0,0,1.98317,0.230494,1.32441,0.66528,12.849,1,0.330323,9.09058,0,156.145,4.57139,160.334,0.84672,12.849,0.84672,3695.15,0,36.966,0.258227,5.04366,1.74664,19.2505,1.14407,24.6385,0.42336,36.966,0.42336,423.524,0,1.02816,0,0,6.07182,5.04366,1.028160,1,0,186.296,0,0,0,186.296,0
72.29,1.8593,0,0,13.9912,0.264289,11.8676,3.6288,61.308,0.428269,0,0,4.21068,0.238529,3.54388,0.66528,12.849,1,0.330477,11.8676,0,313.443,4.69182,320.288,0.84672,12.849,0.84672,3695.15,0,36.966,0.258227,9.68009,1.73492,28.377,1.19157,38.3422,0.42336,36.966,0.42336,423.524,0,1.02816,0,0,10.7083,9.68009,1.028160,1,0,362.174,0,0,0,362.174,0
72.29,1.86017,0,0,11.0181,0.264289,8.89361,3.6288,61.308,0.428269,0,0,3.32789,0.238529,2.66109,0.66528,12.849,1,0.330632,8.89361,0,281.213,4.69182,285.084,0.84672,12.849,0.84672,3695.15,0,36.966,0.258227,6.3453,1.73511,22.0814,1.19157,28.712,0.42336,36.966,0.42336,423.524,0,1.02816,0,0,7.37346,6.3453,1.028160,1,0,316.457,0,0,0,316.457,0
72.29,2.0658,0,0,5.70188,0.276195,3.35989,3.6288,61.308,0.533463,0,0,1.78696,0.218045,1.03545,0.66528,12.849,1,0.36718,3.35989,0,121.375,4.4598,119.908,0.84672,12.849,0.84672,3695.15,0,36.966,0.321655,3.20869,1.7353,13.9774,1.10232,17.4974,0.42336,36.966,0.42336,423.524,0,1.02816,0,0,4.23685,3.20869,1.028160,1,0,138.44,0,0,0,138.44,0
72.29,2.20989,0,0,4.32098,0.285124,1.82596,3.6288,61.308,0.428297,0,0,1.81273,0.202681,1.18175,0.66528,12.849,1,0.392792,1.82596,0,95.3761,4.28578,92.5235,0.84672,12.849,0.84672,3695.15,0,36.966,0.258244,3.58285,1.91096,13.5915,1.03537,17.7917,0.42336,36.966,0.42336,423.524,0,1.02816,0,0,4.61101,3.58285,1.028160,1,0,111.497,0,0,0,111.497,0
72.29,2.21086,0,0,4.46033,0.285124,1.96435,3.6288,61.308,0.428297,0,0,1.8523,0.202681,1.22133,0.66528,12.849,1,0.392963,1.96435,0,98.7656,4.28578,96.0512,0.84672,12.849,0.84672,3695.15,0,36.966,0.258244,3.33669,1.81252,13.3134,1.03537,17.169,0.42336,36.966,0.42336,423.524,0,1.02816,0,0,4.36485,3.33669,1.028160,1,0,114.441,0,0,0,114.441,0
72.29,2.21182,0,0,4.89923,0.269695,2.41772,3.6288,61.308,0.428297,0,0,1.9008,0.196921,1.27558,0.66528,12.849,1,0.393134,2.41772,0,109.712,3.99297,107.744,0.84672,12.849,0.84672,3695.15,0,36.966,0.258244,3.89502,1.81273,15.0447,0.936117,19.5581,0.42336,36.966,0.42336,423.524,0,1.02816,0,0,4.92318,3.89502,1.028160,1,0,128.578,0,0,0,128.578,0
72.29,1.92043,0,0,5.0572,0.284617,2.85216,3.6288,61.308,0.286976,0,0,1.69074,0.200374,1.20339,0.66528,12.849,1,0.341341,2.85216,0,102.722,3.90201,101.331,0.84672,12.849,0.84672,3695.15,0,36.966,0.173034,3.12578,1.81295,14.2206,0.920886,18.0654,0.42336,36.966,0.42336,423.524,0,1.02816,0,0,4.15394,3.12578,1.028160,1,0,120.599,0,0,0,120.599,0
72.29,1.75783,0,0,4.60817,0.310071,2.54027,3.6288,61.308,0.407057,0,0,1.53774,0.1922,0.938482,0.66528,12.849,1,0.31244,2.54027,0,91.2125,3.89508,89.5452,0.84672,12.849,0.84672,3695.15,0,36.966,0.245437,2.34,1.57362,12.8263,0.951744,15.5428,0.42336,36.966,0.42336,423.524,0,1.02816,0,0,3.36816,2.34,1.028160,1,0,106.026,0,0,0,106.026,0
72.29,1.75835,0,0,6.2361,0.310071,4.16768,3.6288,61.308,0.407283,0,0,2.14265,0.1922,1.54317,0.66528,12.849,1,0.312534,4.16768,0,143.239,3.89508,143.199,0.84672,12.849,0.84672,3695.15,0,36.966,0.245573,3.9436,1.68644,16.119,0.951744,20.5517,0.42336,36.966,0.42336,423.524,0,1.02816,0,0,4.97176,3.9436,1.028160,1,0,165.294,0,0,0,165.294,0
72.29,1.75888,0,0,7.78447,0.305974,5.71961,3.6288,61.308,0.407508,0,0,2.3497,0.157837,1.78435,0.66528,12.849,1,0.312628,5.71961,0,187.663,3.35715,189.712,0.84672,12.849,0.84672,3695.15,0,36.966,0.245709,4.82192,1.68684,21.423,0.859614,26.8264,0.42336,36.966,0.42336,423.524,0,1.02816,0,0,5.85008,4.82192,1.028160,1,0,218.323,0,0,0,218.323,0
72.29,1.75941,0,0,6.84912,0.302367,4.78734,3.6288,61.308,0.407734,0,0,2.01381,0.155376,1.4507,0.66528,12.849,1,0.312722,4.78734,0,190.402,3.33607,191.541,0.84672,12.849,0.84672,3695.15,0,36.966,0.245845,4.25349,1.68723,16.2127,0.855666,21.0519,0.42336,36.966,0.42336,423.524,0,1.02816,0,0,5.28165,4.25349,1.028160,1,0,214.043,0,0,0,214.043,0
72.29,1.83363,0,0,4.80889,0.284825,2.69043,3.6288,61.308,0.442577,0,0,1.53059,0.174975,0.913042,0.66528,12.849,1,0.325913,2.69043,0,96.3541,3.74756,94.9711,0.84672,12.849,0.84672,3695.15,0,36.966,0.266854,2.17325,1.68763,9.382,0.924112,12.0519,0.42336,36.966,0.42336,423.524,0,1.02816,0,0,3.20141,2.17325,1.028160,1,0,107.936,0,0,0,107.936,0
72.29,1.85397,0,0,4.1377,0.284825,1.99891,3.6288,61.308,0.428269,0,0,1.83006,0.174975,1.22682,0.66528,12.849,1,0.329529,1.99891,0,113.586,3.74756,111.508,0.84672,12.849,0.84672,3695.15,0,36.966,0.258227,2.39463,1.74716,12.6262,0.924112,15.5857,0.42336,36.966,0.42336,423.524,0,1.02816,0,0,3.42279,2.39463,1.028160,1,0,128.32,0,0,0,128.32,0
72.29,1.85483,0,0,4.67734,0.284825,2.53768,3.6288,61.308,0.428269,0,0,1.80762,0.174975,1.20437,0.66528,12.849,1,0.329683,2.53768,0,117.382,3.74756,115.843,0.84672,12.849,0.84672,3695.15,0,36.966,0.258227,1.9576,1.73393,12.1598,0.924112,14.669,0.42336,36.966,0.42336,423.524,0,1.02816,0,0,2.98576,1.9576,1.028160,1,0,131.716,0,0,0,131.716,0
72.29,1.8557,0,0,3.78515,0.277281,1.65217,3.6288,61.308,0.428269,0,0,1.58445,0.174142,0.982035,0.66528,12.849,1,0.329837,1.65217,0,86.2851,3.79698,83.8104,0.84672,12.849,0.84672,3695.15,0,36.966,0.258227,2.10683,1.73412,8.85997,0.927325,11.5154,0.42336,36.966,0.42336,423.524,0,1.02816,0,0,3.13499,2.10683,1.028160,1,0,96.3078,0,0,0,96.3078,0
72.29,1.82773,0,0,3.47547,0.198383,1.44936,3.6288,61.308,0.41481,0,0,1.20719,0.225895,0.566485,0.66528,12.849,1,0.324865,1.44936,0,76.9651,4.29792,73.7917,0.84672,12.849,0.84672,3695.15,0,36.966,0.250112,1.33459,1.73431,7.49477,1.08343,9.23013,0.42336,36.966,0.42336,423.524,0,1.02816,0,0,2.36275,1.33459,1.028160,1,0,83.5883,0,0,0,83.5883,0
72.29,1.81027,0,0,3.12742,0.192778,1.12437,3.6288,61.308,0.428266,0,0,1.32919,0.235353,0.665568,0.66528,12.849,1,0.321762,1.12437,0,71.483,4.33198,67.9537,0.84672,12.849,0.84672,3695.15,0,36.966,0.258225,1.59266,1.71147,7.93541,1.10623,9.87508,0.42336,36.966,0.42336,423.524,0,1.02816,0,0,2.62082,1.59266,1.028160,1,0,78.4943,0,0,0,78.4943,0
72.29,1.81113,0,0,2.82157,0.192778,0.817668,3.6288,61.308,0.428266,0,0,1.20276,0.235353,0.539139,0.66528,12.849,1,0.321914,0.817668,0,66.0347,4.33198,62.1984,0.84672,12.849,0.84672,3695.15,0,36.966,0.258225,1.19576,1.72428,7.49028,1.10623,9.04586,0.42336,36.966,0.42336,423.524,0,1.02816,0,0,2.22392,1.19576,1.028160,1,0,71.7834,0,0,0,71.7834,0
72.29,1.81198,0,0,3.30766,0.180613,1.31506,3.6288,61.308,0.428266,0,0,1.12476,0.241287,0.455202,0.66528,12.849,1,0.322067,1.31506,0,71.6403,4.79983,67.8334,0.84672,12.849,0.84672,3695.15,0,36.966,0.258225,1.19104,1.72447,9.95198,1.12468,11.4846,0.42336,36.966,0.42336,423.524,0,1.02816,0,0,2.2192,1.19104,1.028160,1,0,79.7732,0,0,0,79.7732,0
72.29,1.91084,0,0,2.81747,0.142524,0.764104,3.6288,61.308,0.476046,0,0,0.999674,0.247139,0.276489,0.66528,12.849,1,0.339638,0.764104,0,58.9918,5.3774,54.0388,0.84672,12.849,0.84672,3695.15,0,36.966,0.287035,1.29348,1.72466,6.82654,1.12447,8.43318,0.42336,36.966,0.42336,423.524,0,1.02816,0,0,2.32164,1.29348,1.028160,1,0,62.7485,0,0,0,62.7485,0
72.29,1.97675,0,0,2.83554,0.132285,0.726504,3.6288,61.308,0.428279,0,0,0.972061,0.23516,0.308622,0.66528,12.849,1,0.351353,0.726504,0,53.4083,4.58797,49.1955,0.84672,12.849,0.84672,3695.15,0,36.966,0.258233,0.996408,1.80565,5.38107,1.06271,6.86219,0.42336,36.966,0.42336,423.524,0,1.02816,0,0,2.02457,0.996408,1.028160,1,0,56.3663,0,0,0,56.3663,0
72.29,1.97765,0,0,2.57685,0.132285,0.466905,3.6288,61.308,0.428279,0,0,0.931401,0.23516,0.267962,0.66528,12.849,1,0.351513,0.466905,0,50.7775,4.58797,46.305,0.84672,12.849,0.84672,3695.15,0,36.966,0.258233,0.714934,1.76104,5.243,1.06271,6.39804,0.42336,36.966,0.42336,423.524,0,1.02816,0,0,1.74309,0.714934,1.028160,1,0,52.971,0,0,0,52.971,0
72.0817,1.97855,0,0,2.26539,0.132285,0.36288,3.6288,61.308,0.428279,0,0,0.842072,0.23516,0.178633,0.66528,12.849,1,0.351673,0.36288,0,43.4666,4.58797,38.8899,0.84672,12.849,0.84672,3695.15,0,36.966,0.258233,0.572858,1.76124,4.95399,1.06271,5.96715,0.42336,36.966,0.42336,423.524,0,1.02816,0,0,1.60102,0.572858,1.028160,1,0,45.0356,0,0,0,45.0356,0
71.652,1.97859,0,0,2.01618,0.104423,0.36288,3.6288,61.308,0.428279,0,0,0.817836,0.251192,0.138366,0.66528,12.849,1,0.352696,0.36288,0,39.3822,4.88109,34.5113,0.84672,12.849,0.84672,3695.15,0,36.966,0.258233,0.619782,1.76144,4.68361,1.13237,5.67423,0.42336,36.966,0.42336,423.524,0,1.02816,0,0,1.64794,0.619782,1.028160,1,0,40.3238,0,0,0,40.3238,0
70.6078,1.95832,0,0,1.37829,0.101291,0.36288,3.6288,61.3018,0.454574,0,0,0.682525,0.234153,0,0.66528,12.849,1,0.351176,0.36288,0,37.2216,4.82097,32.4124,0.84672,12.849,0.84672,3695.15,0,36.966,0.274088,0.346032,1.76164,4.10626,1.10028,4.83956,0.42336,36.966,0.42336,423.524,0,1.02816,0,0,1.37419,0.346032,1.028160,1,0,37.2519,0,0,0,37.2519,0
69.4009,1.99048,0,0,1.24704,0.100485,0.36288,3.6288,61.2194,0.48172,0,0,0.63343,0.234144,0,0.66528,12.849,1,0.362221,0.36288,0,33.4254,4.82097,28.6051,0.84672,12.849,0.84672,3695.15,0,36.966,0.290485,0.261274,1.79012,3.93827,1.10028,4.59889,0.42336,36.966,0.42336,423.524,0,0.942477,0,0,1.20375,0.261274,1.028160,1,0,33.204,0,0,0,33.204,0
68.1685,1.98606,0,0,1.18808,0.0716139,0.36288,3.6288,61.0411,0.477813,0,0,0.599319,0.299799,0,0.66528,12.849,1,0.367703,0.36288,0,30.2808,5.66787,24.6081,0.84672,12.849,0.84672,3695.15,0,36.966,0.288517,0.261274,1.76566,3.73127,1.40942,4.06027,0.42336,36.966,0.42336,423.524,0,0.948352,0,0,1.20963,0.261274,1.028160,1,0,28.6684,0,0,0,28.6684,0
66.8127,1.98137,0,0,1.05475,0.0663172,0.36288,3.6288,60.7932,0.497882,0,0,0.560381,0.310412,0,0.66528,12.849,1,0.373465,0.36288,0,27.6952,5.80902,21.8756,0.84672,12.849,0.84672,3695.15,0,36.966,0.301514,0.261274,1.76586,3.60827,1.46094,3.87295,0.42336,36.966,0.42336,423.524,0,0.915287,0,0,1.17656,0.261274,1.028160,1,0,25.7485,0,0,0,25.7485,0
65.3245,2.02546,0,0,0.970341,0.0702024,0.36288,3.6288,60.3633,0.644026,0,0,0.534529,0.32038,0,0.66528,12.849,1,0.389524,0.36288,0,23.8736,5.89925,17.9477,0.84672,12.849,0.84672,3695.15,0,36.966,0.391608,0.261274,1.76606,2.99868,1.48869,3.14572,0.42336,36.966,0.42336,423.524,0,0.716653,0,0,0.977927,0.261274,1.028160,1,0,21.0934,0,0,0,21.0934,0
63.8382,2.05037,0,0,0.998171,0.0711895,0.36288,3.6288,60.0544,0.548511,0,0,0.563329,0.323678,0,0.66528,12.849,1,0.403298,0.36288,0,31.1467,5.93534,25.1709,0.84672,12.849,0.84672,3695.15,0,36.966,0.335904,0.261274,1.80638,3.1885,1.49979,3.42046,0.42336,36.966,0.42336,423.524,0,0.830278,0,0,1.09155,0.261274,1.028160,1,0,28.5914,0,0,0,28.5914,0
62.2924,2.04346,0,0,0.930943,0.0703419,0.36288,3.6288,59.6952,0.535174,0,0,0.498956,0.323042,0,0.66528,12.849,1,0.411297,0.36288,0,24.6398,5.93534,18.6561,0.84672,12.849,0.84672,3695.15,0,36.966,0.329422,0.227405,1.78459,2.91036,1.49979,3.09314,0.42336,36.966,0.42336,423.524,0,0.850098,0,0,1.0775,0.227405,1.028160,1,0,21.7492,0,0,0,21.7492,0
60.671,2.03591,0,0,0.846772,0.0694604,0.36288,3.6288,59.2034,0.638094,0,0,0.468674,0.322303,0,0.66528,12.849,1,0.419945,0.36288,0,22.6572,5.93534,16.6648,0.84672,12.849,0.84672,3695.15,0,36.966,0.395137,0.227405,1.78479,2.6636,1.49979,2.78087,0.42336,36.966,0.42336,423.524,0,0.681463,0,0,0.908868,0.227405,1.028160,1,0,19.4457,0,0,0,19.4457,0
58.9969,2.17049,0,0,0.918199,0.0588485,0.36288,3.6288,58.8547,0.5682,0,0,0.537881,0.318393,0,0.66528,12.849,1,0.459669,0.36288,0,23.7466,5.89357,17.7562,0.84672,12.849,0.84672,3695.15,0,36.966,0.354778,0.227405,1.785,3.55754,1.51485,3.70031,0.42336,36.966,0.42336,423.524,0,0.92759,0,0,1.155,0.227405,1.028160,1,0,21.4566,0,0,0,21.4566,0
57.0755,2.27228,0,0,0.778585,0.0648916,0.36288,3.6288,58.3002,0.680418,0,0,0.41847,0.292605,0,0.66528,12.849,1,0.494883,0.36288,0,22.8493,5.26575,17.4515,0.84672,12.849,0.84672,3695.15,0,36.966,0.42336,0.227405,1.92264,2.69233,1.44793,2.97109,0.42336,36.966,0.42336,423.524,0,0.610952,0,0,0.838356,0.227405,1.028160,1,0,20.4226,0,0,0,20.4226,0
55.2209,2.25947,0,0,0.831436,0.0636876,0.36288,3.6288,57.8139,0.618997,0,0,0.424261,0.291563,0,0.66528,12.849,1,0.508658,0.36288,0,22.8444,5.26575,17.4329,0.84672,12.849,0.84672,3695.15,0,36.966,0.392483,0.204422,1.84337,3.25166,1.44793,3.45905,0.42336,36.966,0.42336,423.524,0,0.703469,0,0,0.907891,0.204422,1.028160,1,0,20.8919,0,0,0,20.8919,0
53.487,2.2462,0,0,0.937682,0.0625255,0.36288,3.6288,57.3283,0.633437,0,0,0.438464,0.290649,0,0.66528,12.849,1,0.522653,0.36288,0,21.8519,5.26575,16.4264,0.84672,12.849,0.84672,3695.15,0,36.966,0.405017,0.204422,1.84372,3.61441,1.44793,3.8096,0.42336,36.966,0.42336,423.524,0,0.676944,0,0,0.881366,0.204422,1.028160,1,0,20.236,0,0,0,20.236,0
51.501,2.23312,0,0,0.680003,0.0699707,0.36288,3.6288,56.7487,0.667833,0,0,0.378131,0.289895,0,0.66528,12.849,1,0.536455,0.36288,0,20.9543,5.31015,15.4706,0.84672,12.849,0.84672,3695.15,0,36.966,0.42336,0.204422,1.8442,2.57238,1.43923,2.75841,0.42336,36.966,0.42336,423.524,0,0.624655,0,0,0.829077,0.204422,1.028160,1,0,18.229,0,0,0,18.229,0
49.4803,2.1495,0,0,0.539859,0.0481813,0.36288,3.6288,55.9789,0.807079,0,0,0.305192,0.267873,0,0.66528,12.849,1,0.536279,0.36288,0,11.8028,4.82213,6.80723,0.84672,12.849,0.84672,3695.15,0,36.966,0.42336,0.204422,1.84468,2.2686,1.29803,2.59632,0.42336,36.966,0.42336,423.524,0,0.40328,0,0,0.607702,0.204422,1.028160,1,0,9.40356,0,0,0,9.40356,0
47.4407,2.06872,0,0,0.439161,0.0471678,0.36288,3.6288,54.9302,1.03338,0,0,0.251195,0.26653,0,0.66528,12.849,1,0.537202,0.36288,0,10.8384,4.82213,5.84191,0.84672,12.849,0.84672,3695.15,0,36.966,0.42336,0.216518,1.76553,2.0498,1.29803,2.31045,0.42336,36.966,0.42336,423.524,0,0.257973,0,0,0.474492,0.216518,1.028160,1,0,8.15237,0,0,0,8.15237,0
45.6432,2.05143,0,0,0.725577,0.108734,0.36288,3.6288,54.1993,0.90475,0,0,0.380392,0.206502,0,0.66528,12.849,1,0.555617,0.36288,0,15.4304,3.99161,11.2461,0.84672,12.849,0.84672,3695.15,0,36.966,0.42336,0.216518,1.81313,2.71552,1.03844,3.28337,0.42336,36.966,0.42336,423.524,0,0.386599,0,0,0.603117,0.216518,1.028160,1,0,14.5295,0,0,0,14.5295,0
44.711,2.03524,0,0,1.61847,0.152611,0.36288,3.6288,53.9722,0.670061,0,0,0.605042,0.162068,0,0.66528,12.849,1,0.57294,0.36288,0,39.4295,3.36872,35.8507,0.84672,12.849,0.84672,3695.15,0,36.966,0.42336,0.216518,1.81335,5.80469,0.843742,6.56745,0.42336,36.966,0.42336,423.524,0,0.621288,0,0,0.837806,0.216518,1.028160,1,0,42.4182,0,0,0,42.4182,0
43.5871,1.97289,0,0,1.36782,0.155888,0.36288,3.6288,53.4298,0.726159,0,0,0.328517,0.144753,0,0.66528,12.849,1,0.566969,0.36288,0,25.8999,3.55796,22.1378,0.84672,12.849,0.84672,3695.15,0,36.966,0.42336,0.216518,1.81356,2.57952,0.865199,3.32103,0.42336,36.966,0.42336,423.524,0,0.489943,0,0,0.706462,0.216518,1.028160,1,0,25.4589,0,0,0,25.4589,0
43.8164,1.90435,0,0,2.65402,0.157512,0.36288,3.6288,53.4105,0.509953,0,0,0.622061,0.131406,0,0.66528,12.849,1,0.561382,0.36288,0,31.1945,3.69989,27.2961,0.84672,12.849,0.84672,3695.15,0,36.966,0.352816,0.216518,1.74262,4.6428,0.881291,5.36783,0.42336,36.966,0.42336,423.524,0,0.85192,0,0,1.06844,0.216518,1.028160,1,0,32.6639,0,0,0,32.6639,0
43.5443,1.90747,0,0,2.15619,0.157926,0.36288,3.6288,53.6332,0.405724,0,0,0.759795,0.131386,0,0.66528,12.849,1,0.559359,0.36288,0,28.209,3.69989,24.3126,0.84672,12.849,0.84672,3695.15,0,36.966,0.280806,0.668494,1.78685,4.21999,0.881291,5.51324,0.42336,36.966,0.42336,423.524,0,1.02816,0,0,1.69665,0.668494,1.028160,1,0,29.8259,0,0,0,29.8259,0
43.05,1.90562,0,0,1.956,0.181853,0.36288,3.6288,53.544,0.510821,0,0,0.563065,0.141463,0,0.66528,12.849,1,0.562307,0.36288,0,27.6699,3.87386,23.5967,0.84672,12.849,0.84672,3695.15,0,36.966,0.352077,0.292723,1.78705,4.9728,0.921907,5.77859,0.42336,36.966,0.42336,423.524,0,0.851792,0,0,1.14451,0.292723,1.028160,1,0,29.3752,0,0,0,29.3752,0
48.1996,1.74942,0,0,7.47435,0.212444,0.36288,3.6288,54.1406,0.313331,0,0,1.07626,0.166363,0,0.66528,12.849,1,0.522144,0.36288,0,89.7229,4.11107,85.4526,0.84672,12.849,0.84672,3695.15,0,36.966,0.216319,0.784279,1.78726,8.4782,0.986805,9.84661,0.42336,36.966,0.42336,423.524,0,1.02816,0,0,1.81244,0.784279,1.028160,1,0,95.2992,0,0,0,95.2992,0
51.309,1.6759,0,0,5.37125,0.223075,0.36288,3.6288,55.0747,0.403827,0,0,1.53484,0.196929,0,0.66528,12.849,1,0.446761,0.36288,0,82.0601,4.12419,77.8521,0.84672,12.849,0.84672,3695.15,0,36.966,0.275724,0.914553,1.62925,7.64796,1.01366,8.90237,0.42336,36.966,0.42336,423.524,0,1.02816,0,0,1.94271,0.914553,1.028160,1,0,86.7544,0,0,0,86.7544,0
54.7769,1.69806,0,0,5.7595,0.230584,0.36288,3.6288,56.2901,0.406846,0,0,1.82047,0.198147,0,0.66528,12.849,1,0.425236,0.36288,0,100.856,4.12419,96.6699,0.84672,12.849,0.84672,3695.15,0,36.966,0.273074,0.970963,1.71717,8.82533,1.01366,10.2267,0.42336,36.966,0.42336,423.524,0,1.02816,0,0,1.99912,0.970963,1.028160,1,0,106.897,0,0,0,106.897,0
57.7878,1.72039,0,0,5.33302,0.238925,0.36288,3.6288,57.033,0.410627,0,0,1.3532,0.199732,0,0.66528,12.849,1,0.40355,0.36288,0,141.633,4.12419,137.468,0.84672,12.849,0.84672,3695.15,0,36.966,0.269661,0.715781,1.71757,8.7622,1.01366,9.91222,0.42336,36.966,0.42336,423.524,0,1.02816,0,0,1.74394,0.715781,1.028160,1,0,147.38,0,0,0,147.38,0
60.1067,1.73811,0,0,4.68648,0.266562,0.36288,3.6288,56.6521,0.727062,0,0,0.545535,0.199347,0,0.66528,12.849,1,0.386465,0.36288,0,100.615,4.49881,96.0921,0.84672,12.849,0.84672,3695.15,0,36.966,0.42336,0.412474,1.71797,5.25341,1.05879,5.90171,0.42336,36.966,0.42336,423.524,0,0.558395,0,0,0.970868,0.412474,1.028160,1,0,101.994,0,0,0,101.994,0
67.3025,1.81356,0,0,9.6222,0.249907,0.36288,3.6288,59.3543,0.439639,0,0,3.34871,0.206927,0,0.66528,12.849,1,0.387685,0.36288,0,136.99,4.27989,132.685,0.84672,12.849,0.84672,3695.15,0,36.966,0.286868,2.67732,1.71838,17.7604,1.14949,20.7198,0.42336,36.966,0.42336,423.524,0,1.02816,0,0,3.70548,2.67732,1.028160,1,0,153.405,0,0,0,153.405,0
71.7368,1.88282,0,0,6.95473,0.274765,0.36288,3.6288,61.0252,0.423027,0,0,2.32463,0.230679,0,0.66528,12.849,1,0.359456,0.36288,0,176.412,4.56015,171.856,0.84672,12.849,0.84672,3695.15,0,36.966,0.263462,1.34785,1.76817,14.6734,1.27936,16.2466,0.42336,36.966,0.42336,423.524,0,1.02816,0,0,2.37601,1.34785,1.028160,1,0,188.102,0,0,0,188.102,0
72.29,1.90251,0,0,6.7322,0.284374,3.99213,3.6288,61.308,0.427519,0,0,1.94707,0.233146,1.00358,0.66528,12.849,1,0.340765,3.99213,0,159.472,4.56015,158.563,0.84672,12.849,0.84672,3695.15,0,36.966,0.25897,1.01066,1.74494,11.7708,1.27936,12.9881,0.42336,36.966,0.42336,423.524,0,1.02816,0,0,2.03882,1.01066,1.028160,1,0,172.555,0,0,0,172.555,0
72.29,1.90558,0,0,7.2384,0.285572,5.04725,3.6288,61.308,0.428265,0,0,2.35478,0.233564,1.69295,0.66528,12.849,1,0.338702,5.04725,0,139.742,4.56015,139.89,0.84672,12.849,0.84672,3695.15,0,36.966,0.258225,2.0579,1.74513,16.0414,1.27936,18.3068,0.42336,36.966,0.42336,423.524,0,1.02816,0,0,3.08606,2.0579,1.028160,1,0,159.89,0,0,0,159.89,0
72.29,2.11399,0,0,7.26875,0.26436,4.8904,3.6288,61.308,0.534898,0,0,2.95647,0.210468,2.2111,0.66528,12.849,1,0.375746,4.8904,0,147.353,3.64692,148.221,0.84672,12.849,0.84672,3695.15,0,36.966,0.32252,1.98901,1.74532,14.7872,1.03951,17.1595,0.42336,36.966,0.42336,423.524,0,1.02816,0,0,3.01717,1.98901,1.028160,1,0,167.592,0,0,0,167.592,0
72.29,2.26003,0,0,10.6875,0.272606,8.15487,3.6288,61.308,0.428292,0,0,3.14359,0.17563,2.53967,0.66528,12.849,1,0.401703,8.15487,0,211.946,3.23116,216.468,0.84672,12.849,0.84672,3695.15,0,36.966,0.258241,2.4421,1.92337,20.6861,0.893339,23.9,0.42336,36.966,0.42336,423.524,0,1.02816,0,0,3.47026,2.4421,1.028160,1,0,242.908,0,0,0,242.908,0
72.29,2.26097,0,0,7.59857,0.29414,5.04346,3.6288,61.308,0.428292,0,0,2.58201,0.179854,1.97387,0.66528,12.849,1,0.401871,5.04346,0,193.462,3.75627,194.347,0.84672,12.849,0.84672,3695.15,0,36.966,0.258241,1.56983,1.82358,15.0181,1.01747,17.1358,0.42336,36.966,0.42336,423.524,0,1.02816,0,0,2.59799,1.56983,1.028160,1,0,213.457,0,0,0,213.457,0
72.29,2.26192,0,0,4.88465,0.29414,2.32859,3.6288,61.308,0.443244,0,0,1.71096,0.179854,1.08786,0.66528,12.849,1,0.402039,2.32859,0,106.338,3.75627,104.508,0.84672,12.849,0.84672,3695.15,0,36.966,0.267256,0.608429,1.82379,9.37233,1.01747,10.5198,0.42336,36.966,0.42336,423.524,0,1.00419,0,0,1.61262,0.608429,1.028160,1,0,116.116,0,0,0,116.116,0
72.29,1.96652,0,0,4.34793,0.294377,2.08704,3.6288,61.308,0.285043,0,0,1.30833,0.152146,0.871141,0.66528,12.849,1,0.349534,2.08704,0,85.0738,3.57775,83.2335,0.84672,12.849,0.84672,3695.15,0,36.966,0.171868,0.844214,1.824,9.30822,0.894632,10.9099,0.42336,36.966,0.42336,423.524,0,1.02816,0,0,1.87237,0.844214,1.028160,1,0,95.0146,0,0,0,95.0146,0
72.29,1.78531,0,0,4.58952,0.294694,2.50952,3.6288,61.308,0.418786,0,0,0.857917,0.115202,0.323929,0.66528,12.849,1,0.317325,2.50952,0,112.872,3.33974,111.725,0.84672,12.849,0.84672,3695.15,0,36.966,0.25251,0.928627,1.58139,9.97851,0.73085,11.5052,0.42336,36.966,0.42336,423.524,0,1.02816,0,0,1.95679,0.928627,1.028160,1,0,123.554,0,0,0,123.554,0
72.29,1.78583,0,0,3.19891,0.294694,1.11839,3.6288,61.308,0.419008,0,0,1.21841,0.115202,0.684203,0.66528,12.849,1,0.317417,1.11839,0,84.0447,3.33974,81.506,0.84672,12.849,0.84672,3695.15,0,36.966,0.252643,0.631316,1.70703,7.04851,0.73085,8.40337,0.42336,36.966,0.42336,423.524,0,1.02816,0,0,1.65948,0.631316,1.028160,1,0,90.5935,0,0,0,90.5935,0
72.29,1.78634,0,0,4.38064,0.277091,2.3172,3.6288,61.308,0.419229,0,0,1.8444,0.118321,1.30685,0.66528,12.849,1,0.317509,2.3172,0,123.963,3.38554,122.577,0.84672,12.849,0.84672,3695.15,0,36.966,0.252777,1.25922,1.70742,8.98975,0.738373,10.9652,0.42336,36.966,0.42336,423.524,0,1.02816,0,0,2.28738,1.25922,1.028160,1,0,134.849,0,0,0,134.849,0
72.29,1.78686,0,0,4.01776,0.253621,1.97727,3.6288,61.308,0.419451,0,0,1.62798,0.122481,1.08605,0.66528,12.849,1,0.317602,1.97727,0,87.1923,3.44663,85.4053,0.84672,12.849,0.84672,3695.15,0,36.966,0.25291,1.00912,1.70781,7.82654,0.748402,9.54216,0.42336,36.966,0.42336,423.524,0,1.02816,0,0,2.03728,1.00912,1.028160,1,0,96.0335,0,0,0,96.0335,0
72.29,1.86207,0,0,3.93772,0.247632,1.82802,3.6288,61.308,0.48135,0,0,1.06969,0.156626,0.431717,0.66528,12.849,1,0.330969,1.82802,0,87.4705,4.96451,84.003,0.84672,12.849,0.84672,3695.15,0,36.966,0.290233,0.558835,1.7082,7.6394,0.951701,8.6645,0.42336,36.966,0.42336,423.524,0,0.985539,0,0,1.54437,0.558835,1.028160,1,0,93.0993,0,0,0,93.0993,0
72.29,1.89899,0,0,4.55939,0.261996,2.39841,3.6288,61.308,0.428265,0,0,1.33751,0.175816,0.733426,0.66528,12.849,1,0.33753,2.39841,0,102.373,4.40947,100.024,0.84672,12.849,0.84672,3695.15,0,36.966,0.258225,0.784685,1.76853,8.54254,0.950793,9.88674,0.42336,36.966,0.42336,423.524,0,1.02816,0,0,1.81284,0.784685,1.028160,1,0,110.644,0,0,0,110.644,0
72.29,1.89984,0,0,6.11409,0.261996,3.95225,3.6288,61.308,0.428265,0,0,1.86796,0.175816,1.26388,0.66528,12.849,1,0.337682,3.95225,0,140.279,4.40947,139.484,0.84672,12.849,0.84672,3695.15,0,36.966,0.258225,1.86154,1.74386,12.3253,0.950793,14.7217,0.42336,36.966,0.42336,423.524,0,1.02816,0,0,2.8897,1.86154,1.028160,1,0,155.47,0,0,0,155.47,0
72.29,1.90069,0,0,4.45015,0.261996,2.28747,3.6288,61.308,0.428265,0,0,1.482,0.175816,0.877921,0.66528,12.849,1,0.337833,2.28747,0,99.2114,4.40947,96.7516,0.84672,12.849,0.84672,3695.15,0,36.966,0.258225,0.899649,1.74405,9.51515,0.950793,10.9498,0.42336,36.966,0.42336,423.524,0,1.02816,0,0,1.92781,0.899649,1.028160,1,0,108.579,0,0,0,108.579,0
72.29,1.87231,0,0,3.31049,0.220017,1.21816,3.6288,61.308,0.437094,0,0,1.22596,0.202993,0.585868,0.66528,12.849,1,0.332789,1.21816,0,66.718,4.2843,63.3191,0.84672,12.849,0.84672,3695.15,0,36.966,0.263548,0.528595,1.74424,5.87902,0.934258,6.95405,0.42336,36.966,0.42336,423.524,0,0.99214,0,0,1.52074,0.528595,1.028160,1,0,70.859,0,0,0,70.859,0
72.2744,1.85459,0,0,2.40509,0.203226,0.36288,3.6288,61.308,0.595499,0,0,0.96965,0.213865,0.160287,0.66528,12.849,1,0.329639,0.36288,0,50.2386,4.23423,46.0376,0.84672,12.849,0.84672,3695.15,0,36.966,0.359059,0.528595,1.72108,4.28871,0.927644,5.25169,0.42336,36.966,0.42336,423.524,0,0.760087,0,0,1.28868,0.528595,1.028160,1,0,51.4496,0,0,0,51.4496,0
71.9616,1.85537,0,0,2.10861,0.203202,0.36288,3.6288,61.308,0.614299,0,0,0.914328,0.213865,0.0861645,0.66528,12.849,1,0.329849,0.36288,0,45.872,4.23423,41.6708,0.84672,12.849,0.84672,3695.15,0,36.966,0.370395,0.402797,1.73406,3.99436,0.927644,4.83317,0.42336,36.966,0.42336,423.524,0,0.72995,0,0,1.13275,0.402797,1.028160,1,0,46.5901,0,0,0,46.5901,0
71.828,1.85499,0,0,2.28707,0.202719,0.36288,3.6288,61.1975,0.773939,0,0,0.877331,0.213865,0,0.66528,12.849,1,0.331216,0.36288,0,49.451,4.23423,45.2485,0.84672,12.849,0.84672,3695.15,0,36.966,0.42336,0.402797,1.73424,4.37161,0.927644,5.15764,0.42336,36.966,0.42336,423.524,0,0.517346,0,0,0.920143,0.402797,1.028160,1,0,50.4061,0,0,0,50.4061,0
71.5445,1.95454,0,0,2.18235,0.148418,0.36288,3.6288,61.1987,0.698461,0,0,0.935954,0.236352,0,0.66528,12.849,1,0.349639,0.36288,0,45.7072,4.65939,41.0611,0.84672,12.849,0.84672,3695.15,0,36.966,0.421901,0.402797,1.73443,4.07478,1.03171,4.7584,0.42336,36.966,0.42336,423.524,0,0.67191,0,0,1.07471,0.402797,1.028160,1,0,45.8195,0,0,0,45.8195,0
71.0681,2.02004,0,0,2.05663,0.150139,0.36288,3.6288,61.1501,0.676985,0,0,0.857753,0.229378,0,0.66528,12.849,1,0.362788,0.36288,0,41.6353,4.89478,36.7406,0.84672,12.849,0.84672,3695.15,0,36.966,0.408921,0.402797,1.81651,3.50399,1.11221,4.20216,0.42336,36.966,0.42336,423.524,0,0.628759,0,0,1.03156,0.402797,1.028160,1,0,40.9428,0,0,0,40.9428,0
70.3386,2.01886,0,0,1.79468,0.142462,0.36288,3.6288,61.0574,0.655911,0,0,0.797239,0.234024,0,0.66528,12.849,1,0.365007,0.36288,0,37.2134,4.94834,32.263,0.84672,12.849,0.84672,3695.15,0,36.966,0.396506,0.30119,1.77129,3.38906,1.12589,3.93914,0.42336,36.966,0.42336,423.524,0,0.662247,0,0,0.963438,0.30119,1.028160,1,0,36.2021,0,0,0,36.2021,0
69.5502,2.01654,0,0,1.69016,0.0991171,0.36288,3.6288,60.8765,0.682735,0,0,0.764044,0.262172,0,0.66528,12.849,1,0.368369,0.36288,0,33.37,5.26963,28.0949,0.84672,12.849,0.84672,3695.15,0,36.966,0.413349,0.30119,1.77149,3.20522,1.20799,3.65657,0.42336,36.966,0.42336,423.524,0,0.618581,0,0,0.919771,0.30119,1.028160,1,0,31.7515,0,0,0,31.7515,0
68.6739,2.01389,0,0,1.59899,0.0985153,0.36288,3.6288,60.597,0.742717,0,0,0.725086,0.261872,0,0.66528,12.849,1,0.372055,0.36288,0,33.4778,5.26963,28.1989,0.84672,12.849,0.84672,3695.15,0,36.966,0.42336,0.30119,1.77168,3.41161,1.20799,3.85313,0.42336,36.966,0.42336,423.524,0,0.548588,0,0,0.849779,0.30119,1.028160,1,0,32.0521,0,0,0,32.0521,0
68.3939,1.99126,0,0,2.19347,0.119374,0.36288,3.6288,60.9389,0.452925,0,0,1.05809,0.263306,0,0.66528,12.849,1,0.372568,0.36288,0,40.8391,4.90959,35.9198,0.84672,12.849,0.84672,3695.15,0,36.966,0.276298,0.528319,1.77188,4.57253,1.14367,5.45275,0.42336,36.966,0.42336,423.524,0,1.02816,0,0,1.55648,0.528319,1.028160,1,0,41.3726,0,0,0,41.3726,0
68.0688,2.02681,0,0,2.1837,0.119114,0.36288,3.6288,61.2656,0.427308,0,0,1.01797,0.263877,0,0.66528,12.849,1,0.380772,0.36288,0,38.5351,4.90959,33.6076,0.84672,12.849,0.84672,3695.15,0,36.966,0.259208,0.564702,1.80074,4.84169,1.14367,5.80425,0.42336,36.966,0.42336,423.524,0,1.02816,0,0,1.59286,0.564702,1.028160,1,0,39.4119,0,0,0,39.4119,0
67.6525,2.02616,0,0,2.07771,0.104918,0.36288,3.6288,61.308,0.42817,0,0,0.993764,0.287735,0.235505,0.66528,12.849,1,0.382468,0.36288,0,36.3218,5.23535,31.0668,0.84672,12.849,0.84672,3695.15,0,36.966,0.258346,0.542989,1.77594,4.70657,1.25392,5.51323,0.42336,36.966,0.42336,423.524,0,1.02816,0,0,1.57115,0.542989,1.028160,1,0,36.8156,0,0,0,36.8156,0
66.976,2.02506,0,0,1.79788,0.0865101,0.36288,3.6288,61.308,0.428281,0,0,0.935029,0.313542,0.193206,0.66528,12.849,1,0.384613,0.36288,0,33.8856,5.94089,27.9229,0.84672,12.849,0.84672,3695.15,0,36.966,0.258235,0.434385,1.77614,4.70066,1.50151,5.15143,0.42336,36.966,0.42336,423.524,0,1.02816,0,0,1.46254,0.434385,1.028160,1,0,33.2676,0,0,0,33.2676,0
66.0586,2.07292,0,0,1.61635,0.0979163,0.36288,3.6288,61.308,0.452057,0,0,0.870834,0.279878,0.1389,0.66528,12.849,1,0.39768,0.36288,0,29.2804,5.05451,24.1911,0.84672,12.849,0.84672,3695.15,0,36.966,0.27257,0.425598,1.77633,4.23936,1.31294,4.85578,0.42336,36.966,0.42336,423.524,0,1.02816,0,0,1.45376,0.425598,1.028160,1,0,29.1858,0,0,0,29.1858,0
64.9976,2.10109,0,0,1.49107,0.0880618,0.36288,3.6288,61.308,0.539834,0,0,0.870601,0.30689,0.0238762,0.66528,12.849,1,0.408682,0.36288,0,25.4902,5.06871,20.3757,0.84672,12.849,0.84672,3695.15,0,36.966,0.325496,0.261274,1.81719,3.68469,1.35406,4.0836,0.42336,36.966,0.42336,423.524,0,0.849355,0,0,1.11063,0.261274,1.028160,1,0,24.4832,0,0,0,24.4832,0
63.8809,2.09642,0,0,1.42201,0.0794238,0.36288,3.6288,61.308,0.428287,0,0,0.780754,0.337336,0.01513,0.66528,12.849,1,0.414429,0.36288,0,24.361,5.63021,18.6792,0.84672,12.849,0.84672,3695.15,0,36.966,0.258238,0.277292,1.7951,3.10559,1.52302,3.39672,0.42336,36.966,0.42336,423.524,0,1.02816,0,0,1.30545,0.277292,1.028160,1,0,22.0911,0,0,0,22.0911,0
62.9596,2.09128,0,0,1.61161,0.0787114,0.36288,3.6288,61.308,0.428288,0,0,0.929707,0.337336,0.164083,0.66528,12.849,1,0.42064,0.36288,0,26.8763,5.63021,21.1883,0.84672,12.849,0.84672,3695.15,0,36.966,0.258238,0.249739,1.7953,3.57287,1.52302,3.83665,0.42336,36.966,0.42336,423.524,0,1.02816,0,0,1.2779,0.249739,1.028160,1,0,25.189,0,0,0,25.189,0
61.727,2.23284,0,0,1.44103,0.0779461,0.36288,3.6288,61.1381,0.609336,0,0,0.779674,0.340219,0,0.66528,12.849,1,0.455686,0.36288,0,28.2125,5.63122,22.4885,0.84672,12.849,0.84672,3695.15,0,36.966,0.367403,0.227405,1.7955,3.43368,1.51639,3.5728,0.42336,36.966,0.42336,423.524,0,0.875647,0,0,1.10305,0.227405,1.028160,1,0,26.0613,0,0,0,26.0613,0
60.4109,2.32134,0,0,1.45441,0.086287,0.36288,3.6288,61.0709,0.600483,0,0,0.87645,0.343176,0,0.66528,12.849,1,0.483207,0.36288,0,26.271,5.59209,20.5585,0.84672,12.849,0.84672,3695.15,0,36.966,0.363071,0.227405,1.93498,4.17804,1.48148,4.49589,0.42336,36.966,0.42336,423.524,0,0.773963,0,0,1.00137,0.227405,1.028160,1,0,25.0544,0,0,0,25.0544,0
59.0147,2.31325,0,0,1.36834,0.0883725,0.36288,3.6288,61.1647,0.44216,0,0,0.866393,0.330461,0,0.66528,12.849,1,0.492013,0.36288,0,24.7674,5.70623,18.9321,0.84672,12.849,0.84672,3695.15,0,36.966,0.267638,0.486613,1.86798,4.56805,1.52289,5.13211,0.42336,36.966,0.42336,423.524,0,1.02816,0,0,1.51477,0.486613,1.028160,1,0,24.0642,0,0,0,24.0642,0
57.5505,2.30428,0,0,1.29007,0.0872076,0.36288,3.6288,61.2216,0.442691,0,0,0.830261,0.330657,0,0.66528,12.849,1,0.501699,0.36288,0,25.1224,5.70623,19.2773,0.84672,12.849,0.84672,3695.15,0,36.966,0.267548,0.576055,1.86845,4.26595,1.52289,4.92002,0.42336,36.966,0.42336,423.524,0,1.02816,0,0,1.60421,0.576055,1.028160,1,0,24.1973,0,0,0,24.1973,0
56.0699,2.29442,0,0,1.26273,0.0859748,0.36288,3.6288,61.2792,0.443121,0,0,0.831505,0.330776,0,0.66528,12.849,1,0.512264,0.36288,0,23.8224,5.70623,17.9668,0.84672,12.849,0.84672,3695.15,0,36.966,0.267559,0.561721,1.86893,4.27996,1.52289,4.92016,0.42336,36.966,0.42336,423.524,0,1.02816,0,0,1.58988,0.561721,1.028160,1,0,22.8869,0,0,0,22.8869,0
54.9445,2.21431,0,0,1.58364,0.131859,0.36288,3.6288,61.308,0.391356,0,0,0.833527,0.316314,0.0970577,0.66528,12.849,1,0.507432,0.36288,0,24.6785,5.20987,19.3241,0.84672,12.849,0.84672,3695.15,0,36.966,0.236081,0.453133,1.8694,3.99791,1.43206,4.6523,0.42336,36.966,0.42336,423.524,0,1.02816,0,0,1.48129,0.453133,1.028160,1,0,24.0735,0,0,0,24.0735,0
53.7915,2.15889,0,0,1.50691,0.138151,0.36288,3.6288,61.308,0.428297,0,0,1.24321,0.313941,0.500972,0.66528,12.849,1,0.504865,0.36288,0,21.7513,5.12715,16.4822,0.84672,12.849,0.84672,3695.15,0,36.966,0.258244,1.42233,1.78917,4.49572,1.41692,6.03205,0.42336,36.966,0.42336,423.524,0,1.02816,0,0,2.45049,1.42233,1.028160,1,0,23.0152,0,0,0,23.0152,0
52.4707,2.15105,0,0,1.32964,0.136551,0.36288,3.6288,61.2873,0.428297,0,0,0.721509,0.313941,0,0.66528,12.849,1,0.513814,0.36288,0,22.2798,5.12715,17.0017,0.84672,12.849,0.84672,3695.15,0,36.966,0.258244,0.510322,1.82396,3.45315,1.41692,4.11227,0.42336,36.966,0.42336,423.524,0,1.02816,0,0,1.53848,0.510322,1.028160,1,0,21.114,0,0,0,21.114,0
50.9303,2.14155,0,0,1.09877,0.134717,0.36288,3.6288,61.1808,0.428242,0,0,0.63563,0.3139,0,0.66528,12.849,1,0.524423,0.36288,0,20.5708,5.12715,15.2821,0.84672,12.849,0.84672,3695.15,0,36.966,0.258298,0.339828,1.82417,3.19791,1.41692,3.68669,0.42336,36.966,0.42336,423.524,0,1.02816,0,0,1.36799,0.339828,1.028160,1,0,18.9688,0,0,0,18.9688,0
49.8313,2.07357,0,0,1.48966,0.152204,0.36288,3.6288,61.2409,0.38043,0,0,0.688187,0.247627,0,0.66528,12.849,1,0.523134,0.36288,0,21.4898,4.39005,16.9394,0.84672,12.849,0.84672,3695.15,0,36.966,0.229859,0.407868,1.82438,3.72686,1.07724,4.65202,0.42336,36.966,0.42336,423.524,0,1.02816,0,0,1.43603,0.407868,1.028160,1,0,21.5915,0,0,0,21.5915,0
49.2706,2.00465,0,0,1.97117,0.164293,0.36288,3.6288,61.2544,0.428108,0,0,0.663733,0.222159,0,0.66528,12.849,1,0.5169,0.36288,0,30.0426,4.45407,25.4345,0.84672,12.849,0.84672,3695.15,0,36.966,0.258413,0.346516,1.75249,4.78985,1.02639,5.60405,0.42336,36.966,0.42336,423.524,0,1.02816,0,0,1.37468,0.346516,1.028160,1,0,31.0385,0,0,0,31.0385,0
48.453,2.00084,0,0,1.75636,0.210224,0.36288,3.6288,60.865,0.626755,0,0,0.45341,0.216051,0,0.66528,12.849,1,0.521787,0.36288,0,26.4407,4.51248,21.7693,0.84672,12.849,0.84672,3695.15,0,36.966,0.378237,0.292723,1.7973,4.0026,1.1008,4.61359,0.42336,36.966,0.42336,423.524,0,0.70969,0,0,1.00241,0.292723,1.028160,1,0,26.3829,0,0,0,26.3829,0
48.2041,1.99473,0,0,2.31703,0.208374,0.36288,3.6288,61.2541,0.427115,0,0,1.03175,0.215519,0,0.66528,12.849,1,0.528972,0.36288,0,35.3762,4.51248,30.6976,0.84672,12.849,0.84672,3695.15,0,36.966,0.259406,1.52773,1.7975,7.11454,1.1008,9.07957,0.42336,36.966,0.42336,423.524,0,1.02816,0,0,2.55589,1.52773,1.028160,1,0,39.7772,0,0,0,39.7772,0
52.0295,1.83544,0,0,6.2345,0.210758,0.36288,3.6288,61.308,0.329003,0,0,2.43055,0.208893,1.83873,0.66528,12.849,1,0.489245,0.36288,0,105.121,4.43556,100.56,0.84672,12.849,0.84672,3695.15,0,36.966,0.198549,3.68484,1.7977,12.1459,1.08227,16.3476,0.42336,36.966,0.42336,423.524,0,1.02816,0,0,4.713,3.68484,1.028160,1,0,118.746,0,0,0,118.746,0
53.3538,1.73763,0,0,3.66265,0.237895,0.36288,3.6288,61.308,0.42826,0,0,1.77363,0.165998,1.17937,0.66528,12.849,1,0.429117,0.36288,0,65.6547,3.97404,61.6144,0.84672,12.849,0.84672,3695.15,0,36.966,0.258222,1.64452,1.63759,6.08342,0.971062,8.13624,0.42336,36.966,0.42336,423.524,0,1.02816,0,0,2.67268,1.64452,1.028160,1,0,70.93,0,0,0,70.93,0
54.4153,1.747,0,0,3.41254,0.241156,0.36288,3.6288,61.308,0.42826,0,0,1.91405,0.165998,1.3198,0.66528,12.849,1,0.420725,0.36288,0,59.7644,3.97404,55.7325,0.84672,12.849,0.84672,3695.15,0,36.966,0.258222,2.1263,1.73078,7.22324,0.971062,9.85104,0.42336,36.966,0.42336,423.524,0,1.02816,0,0,3.15446,2.1263,1.028160,1,0,66.9034,0,0,0,66.9034,0
54.7111,1.75444,0,0,2.65412,0.240932,0.36288,3.6288,61.308,0.42826,0,0,0.773824,0.153748,0.191816,0.66528,12.849,1,0.414274,0.36288,0,49.5714,3.72542,45.7946,0.84672,12.849,0.84672,3695.15,0,36.966,0.258222,1.13495,1.73096,4.42917,0.891084,6.14578,0.42336,36.966,0.42336,423.524,0,1.02816,0,0,2.16311,1.13495,1.028160,1,0,52.1322,0,0,0,52.1322,0
55.8726,1.75705,0,0,3.52191,0.240514,0.36288,3.6288,61.308,0.42826,0,0,1.0664,0.148848,0.489292,0.66528,12.849,1,0.412647,0.36288,0,54.1433,3.62597,50.4676,0.84672,12.849,0.84672,3695.15,0,36.966,0.258222,1.27357,1.73115,5.4966,0.859093,7.38401,0.42336,36.966,0.42336,423.524,0,1.02816,0,0,2.30173,1.27357,1.028160,1,0,58.3409,0,0,0,58.3409,0
56.726,1.82747,0,0,3.30387,0.26006,0.36288,3.6288,61.308,0.45701,0,0,0.665356,0.199305,0.00904054,0.66528,12.849,1,0.420264,0.36288,0,67.5569,4.00449,63.4951,0.84672,12.849,0.84672,3695.15,0,36.966,0.275557,0.939972,1.73133,5.27336,0.920614,6.7485,0.42336,36.966,0.42336,423.524,0,1.02816,0,0,1.96813,0.939972,1.028160,1,0,70.2526,0,0,0,70.2526,0
58.0196,1.87101,0,0,3.79642,0.26902,0.36288,3.6288,61.308,0.42826,0,0,1.11337,0.219488,0.465626,0.66528,12.849,1,0.423801,0.36288,0,67.9553,4.1559,63.7385,0.84672,12.849,0.84672,3695.15,0,36.966,0.258222,1.18783,1.78156,7.10924,0.945223,8.87519,0.42336,36.966,0.42336,423.524,0,1.02816,0,0,2.21599,1.18783,1.028160,1,0,73.0793,0,0,0,73.0793,0
59.2276,1.87955,0,0,3.72293,0.272456,0.36288,3.6288,61.308,0.42826,0,0,1.44846,0.219488,0.800713,0.66528,12.849,1,0.416244,0.36288,0,88.89,4.1559,84.6808,0.84672,12.849,0.84672,3695.15,0,36.966,0.258222,1.76455,1.75478,7.10116,0.945223,9.41705,0.42336,36.966,0.42336,423.524,0,1.02816,0,0,2.79271,1.76455,1.028160,1,0,94.8985,0,0,0,94.8985,0
59.627,1.88733,0,0,2.92529,0.275664,0.36288,3.6288,61.308,0.42826,0,0,1.47832,0.219488,0.830573,0.66528,12.849,1,0.409443,0.36288,0,49.6344,4.1559,45.4319,0.84672,12.849,0.84672,3695.15,0,36.966,0.258222,1.89142,1.75496,5.17597,0.945223,7.61891,0.42336,36.966,0.42336,423.524,0,1.02816,0,0,2.91958,1.89142,1.028160,1,0,53.8814,0,0,0,53.8814,0
59.3292,2.09418,0,0,2.41651,0.25731,0.36288,3.6288,61.308,0.536307,0,0,0.957122,0.20821,0.212605,0.66528,12.849,1,0.451273,0.36288,0,56.7333,3.7734,52.8715,0.84672,12.849,0.84672,3695.15,0,36.966,0.323369,0.879085,1.75515,4.95454,0.814907,6.4505,0.42336,36.966,0.42336,423.524,0,1.02816,0,0,1.90725,0.879085,1.028160,1,0,59.5346,0,0,0,59.5346,0
60.1743,2.23554,0,0,3.68372,0.240186,0.36288,3.6288,61.308,0.428287,0,0,1.08123,0.239301,0.413639,0.66528,12.849,1,0.484153,0.36288,0,84.1726,3.79824,80.2531,0.84672,12.849,0.84672,3695.15,0,36.966,0.258238,1.52029,1.93556,6.19519,0.929623,8.46318,0.42336,36.966,0.42336,423.524,0,1.02816,0,0,2.54845,1.52029,1.028160,1,0,89.1299,0,0,0,89.1299,0
61.4256,2.24204,0,0,4.11464,0.258448,0.36288,3.6288,61.308,0.428287,0,0,1.07537,0.209933,0.437149,0.66528,12.849,1,0.478741,0.36288,0,67.3155,3.49398,63.7057,0.84672,12.849,0.84672,3695.15,0,36.966,0.258238,1.51101,1.83443,5.61416,0.82255,7.87881,0.42336,36.966,0.42336,423.524,0,1.02816,0,0,2.53917,1.51101,1.028160,1,0,72.0217,0,0,0,72.0217,0
61.902,2.251,0,0,3.35155,0.261193,0.36288,3.6288,61.308,0.428287,0,0,1.0553,0.209933,0.417078,0.66528,12.849,1,0.470864,0.36288,0,69.5456,3.49398,65.9436,0.84672,12.849,0.84672,3695.15,0,36.966,0.258238,1.42214,1.83464,4.92039,0.82255,7.09639,0.42336,36.966,0.42336,423.524,0,1.02816,0,0,2.4503,1.42214,1.028160,1,0,73.4571,0,0,0,73.4571,0
64.2562,1.96206,0,0,4.95734,0.278201,0.36288,3.6288,61.308,0.283144,0,0,1.48409,0.209831,0.991118,0.66528,12.849,1,0.407265,0.36288,0,85.5536,3.41712,82.0921,0.84672,12.849,0.84672,3695.15,0,36.966,0.170723,2.21409,1.83484,7.42155,0.839969,10.4598,0.42336,36.966,0.42336,423.524,0,1.02816,0,0,3.24225,2.21409,1.028160,1,0,93.543,0,0,0,93.543,0
67.9697,1.78145,0,0,6.18214,0.324318,0.36288,3.6288,61.308,0.428251,0,0,1.72394,0.209574,1.08611,0.66528,12.849,1,0.356227,0.36288,0,102.956,3.22497,99.7377,0.84672,12.849,0.84672,3695.15,0,36.966,0.258216,2.76636,1.58903,9.25093,0.883519,12.4646,0.42336,36.966,0.42336,423.524,0,1.02816,0,0,3.79452,2.76636,1.028160,1,0,113.288,0,0,0,113.288,0
70.3638,1.79861,0,0,4.88964,0.334049,0.36288,3.6288,61.308,0.428251,0,0,1.26414,0.209574,0.626319,0.66528,12.849,1,0.340009,0.36288,0,109.414,3.22497,106.211,0.84672,12.849,0.84672,3695.15,0,36.966,0.258216,1.62301,1.72532,7.03901,0.883519,9.2456,0.42336,36.966,0.42336,423.524,0,1.02816,0,0,2.65117,1.62301,1.028160,1,0,116.083,0,0,0,116.083,0
71.244,1.80919,0,0,3.3702,0.317998,0.36288,3.6288,61.308,0.428251,0,0,0.866316,0.197542,0.240522,0.66528,12.849,1,0.330373,0.36288,0,88.0088,3.05058,84.9907,0.84672,12.849,0.84672,3695.15,0,36.966,0.258216,1.17359,1.7255,6.28845,0.858468,8.07085,0.42336,36.966,0.42336,423.524,0,1.02816,0,0,2.20175,1.17359,1.028160,1,0,93.3021,0,0,0,93.3021,0
72.29,1.81345,0,0,4.75164,0.263961,1.62819,3.6288,61.308,0.428251,0,0,1.10494,0.16746,0.509224,0.66528,12.849,1,0.32706,1.62819,0,94.1363,2.61461,92.8228,0.84672,12.849,0.84672,3695.15,0,36.966,0.258216,1.70291,1.72568,6.74024,0.795841,9.11476,0.42336,36.966,0.42336,423.524,0,1.02816,0,0,2.73107,1.70291,1.028160,1,0,102.447,0,0,0,102.447,0
72.29,1.89395,0,0,6.34136,0.286161,4.16126,3.6288,61.308,0.463802,0,0,1.31951,0.192485,0.663222,0.66528,12.849,1,0.336634,4.16126,0,132.619,3.94391,132.5,0.84672,12.849,0.84672,3695.15,0,36.966,0.279652,2.42152,1.72585,9.8395,1.13527,12.572,0.42336,36.966,0.42336,423.524,0,1.02816,0,0,3.44968,2.42152,1.028160,1,0,145.735,0,0,0,145.735,0
72.29,1.94315,0,0,5.7845,0.289509,3.55183,3.6288,61.308,0.42826,0,0,1.35562,0.196656,0.7307,0.66528,12.849,1,0.345381,3.55183,0,116.986,4.16545,116.027,0.84672,12.849,0.84672,3695.15,0,36.966,0.258222,2.22245,1.78676,9.35375,1.19185,11.9129,0.42336,36.966,0.42336,423.524,0,1.02816,0,0,3.25061,2.22245,1.028160,1,0,128.671,0,0,0,128.671,0
72.29,1.94399,0,0,4.42163,0.289509,2.18813,3.6288,61.308,0.42826,0,0,1.0309,0.196656,0.405983,0.66528,12.849,1,0.345529,2.18813,0,87.3288,4.16545,85.0059,0.84672,12.849,0.84672,3695.15,0,36.966,0.258222,1.33789,1.7536,6.8567,1.19185,8.49813,0.42336,36.966,0.42336,423.524,0,1.02816,0,0,2.36605,1.33789,1.028160,1,0,93.9101,0,0,0,93.9101,0
72.29,1.94482,0,0,3.94421,0.25779,1.7416,3.6288,61.308,0.42826,0,0,0.869875,0.212046,0.229569,0.66528,12.849,1,0.345678,1.7416,0,77.4239,4.32873,74.4911,0.84672,12.849,0.84672,3695.15,0,36.966,0.258222,1.12774,1.75379,6.05956,1.20648,7.47639,0.42336,36.966,0.42336,423.524,0,1.02816,0,0,2.1559,1.12774,1.028160,1,0,82.1971,0,0,0,82.1971,0
72.29,1.91604,0,0,3.48947,0.222724,1.35071,3.6288,61.308,0.414439,0,0,0.909844,0.220989,0.274416,0.66528,12.849,1,0.340562,1.35071,0,75.0695,4.42128,71.6584,0.84672,12.849,0.84672,3695.15,0,36.966,0.249888,1.05107,1.75397,5.22905,1.19013,6.59408,0.42336,36.966,0.42336,423.524,0,1.02816,0,0,2.07923,1.05107,1.028160,1,0,78.5269,0,0,0,78.5269,0
72.29,1.89806,0,0,3.11466,0.170229,1.04637,3.6288,61.308,0.428257,0,0,0.992762,0.229092,0.335413,0.66528,12.849,1,0.337365,1.04637,0,73.5886,4.345,69.9526,0.84672,12.849,0.84672,3695.15,0,36.966,0.25822,1.08067,1.7305,4.76245,1.18609,6.12931,0.42336,36.966,0.42336,423.524,0,1.02816,0,0,2.10883,1.08067,1.028160,1,0,76.4173,0,0,0,76.4173,0
72.29,1.89888,0,0,2.76769,0.170229,0.698575,3.6288,61.308,0.428257,0,0,1.07676,0.229092,0.419412,0.66528,12.849,1,0.337512,0.698575,0,68.3502,4.345,64.3662,0.84672,12.849,0.84672,3695.15,0,36.966,0.25822,1.22164,1.74365,4.88619,1.18609,6.40716,0.42336,36.966,0.42336,423.524,0,1.02816,0,0,2.2498,1.22164,1.028160,1,0,71.1928,0,0,0,71.1928,0
72.29,1.89971,0,0,2.89067,0.170229,0.820733,3.6288,61.308,0.428257,0,0,0.92232,0.229092,0.264971,0.66528,12.849,1,0.337658,0.820733,0,67.7877,4.345,63.9258,0.84672,12.849,0.84672,3695.15,0,36.966,0.25822,0.839817,1.74383,5.7333,1.18609,6.87264,0.42336,36.966,0.42336,423.524,0,1.02816,0,0,1.86798,0.839817,1.028160,1,0,71.0634,0,0,0,71.0634,0
72.29,2.00116,0,0,2.76145,0.129186,0.631104,3.6288,61.308,0.477319,0,0,0.889013,0.245444,0.16625,0.66528,12.849,1,0.355691,0.631104,0,65.224,5.58396,59.9154,0.84672,12.849,0.84672,3695.15,0,36.966,0.287802,0.859594,1.74401,5.0957,1.22752,6.18398,0.42336,36.966,0.42336,423.524,0,1.02816,0,0,1.88775,0.859594,1.028160,1,0,66.2657,0,0,0,66.2657,0
71.7402,2.06878,0,0,1.97764,0.0958,0.36288,3.6288,61.308,0.428269,0,0,0.767984,0.239707,0.100007,0.66528,12.849,1,0.36771,0.36288,0,42.0244,4.83031,37.1893,0.84672,12.849,0.84672,3695.15,0,36.966,0.258227,0.437158,1.82716,4.02837,1.15332,4.88115,0.42336,36.966,0.42336,423.524,0,1.02816,0,0,1.46532,0.437158,1.028160,1,0,42.1705,0,0,0,42.1705,0
71.1387,2.06726,0,0,1.92407,0.0954004,0.36288,3.6288,61.308,0.428269,0,0,0.779008,0.239707,0.111032,0.66528,12.849,1,0.370255,0.36288,0,39.9328,4.83031,35.0951,0.84672,12.849,0.84672,3695.15,0,36.966,0.258227,0.555958,1.78134,3.83618,1.15332,4.76193,0.42336,36.966,0.42336,423.524,0,1.02816,0,0,1.58412,0.555958,1.028160,1,0,39.9681,0,0,0,39.9681,0
70.3429,2.06547,0,0,1.74703,0.11446,0.36288,3.6288,61.308,0.428269,0,0,0.733285,0.23444,0.0705762,0.66528,12.849,1,0.373063,0.36288,0,37.6335,4.49185,33.1315,0.84672,12.849,0.84672,3695.15,0,36.966,0.258227,0.507462,1.78153,3.50979,1.16638,4.37418,0.42336,36.966,0.42336,423.524,0,1.02816,0,0,1.53562,0.507462,1.028160,1,0,37.5762,0,0,0,37.5762,0
69.4979,2.06276,0,0,1.66517,0.0845163,0.36288,3.6288,61.308,0.428269,0,0,0.731834,0.247093,0.0564715,0.66528,12.849,1,0.376789,0.36288,0,35.0203,4.36623,30.6402,0.84672,12.849,0.84672,3695.15,0,36.966,0.258227,0.551344,1.78172,3.41146,1.21425,4.27205,0.42336,36.966,0.42336,423.524,0,1.02816,0,0,1.5795,0.551344,1.028160,1,0,34.9687,0,0,0,34.9687,0
69.072,2.03995,0,0,2.04824,0.0713465,0.36288,3.6288,61.2696,0.455268,0,0,0.643974,0.227153,0,0.66528,12.849,1,0.377152,0.36288,0,39.0741,4.60711,34.4528,0.84672,12.849,0.84672,3695.15,0,36.966,0.274506,0.376687,1.78192,3.38936,1.15693,4.11653,0.42336,36.966,0.42336,423.524,0,1.02816,0,0,1.40485,0.376687,1.028160,1,0,38.5693,0,0,0,38.5693,0
68.5331,2.07533,0,0,1.97372,0.0744335,0.36288,3.6288,61.2366,0.428175,0,0,0.616905,0.2217,0,0.66528,12.849,1,0.38606,0.36288,0,39.3111,4.63124,34.6566,0.84672,12.849,0.84672,3695.15,0,36.966,0.258332,0.400835,1.81114,3.2663,1.14261,4.07733,0.42336,36.966,0.42336,423.524,0,1.02816,0,0,1.429,0.400835,1.028160,1,0,38.734,0,0,0,38.734,0
67.8263,2.07364,0,0,1.80385,0.0741215,0.36288,3.6288,61.1212,0.470629,0,0,0.576906,0.221654,0,0.66528,12.849,1,0.388779,0.36288,0,36.9755,4.63124,32.3183,0.84672,12.849,0.84672,3695.15,0,36.966,0.2841,0.261274,1.78602,3.10815,1.14261,3.72873,0.42336,36.966,0.42336,423.524,0,0.959939,0,0,1.22121,0.261274,1.028160,1,0,36.0471,0,0,0,36.0471,0
66.9957,2.0711,0,0,1.65868,0.0553163,0.36288,3.6288,60.9328,0.469778,0,0,0.546698,0.265317,0,0.66528,12.849,1,0.392348,0.36288,0,33.1055,5.19583,27.8802,0.84672,12.849,0.84672,3695.15,0,36.966,0.284121,0.261274,1.78621,2.9594,1.3487,3.37406,0.42336,36.966,0.42336,423.524,0,0.960768,0,0,1.22204,0.261274,1.028160,1,0,31.2543,0,0,0,31.2543,0
66.1467,2.11877,0,0,1.67432,0.0416713,0.36288,3.6288,60.713,0.496697,0,0,0.582525,0.305679,0,0.66528,12.849,1,0.406356,0.36288,0,31.698,5.67238,25.9821,0.84672,12.849,0.84672,3695.15,0,36.966,0.301331,0.261274,1.7864,2.83047,1.53012,3.04669,0.42336,36.966,0.42336,423.524,0,0.955247,0,0,1.21652,0.261274,1.028160,1,0,29.0288,0,0,0,29.0288,0
65.3218,2.1476,0,0,1.72756,0.0419517,0.36288,3.6288,60.6475,0.426709,0,0,0.67697,0.315706,0,0.66528,12.849,1,0.417172,0.36288,0,31.734,5.74318,25.9366,0.84672,12.849,0.84672,3695.15,0,36.966,0.259808,0.306625,1.82779,2.80341,1.56593,3.11209,0.42336,36.966,0.42336,423.524,0,1.02816,0,0,1.33478,0.306625,1.028160,1,0,29.0486,0,0,0,29.0486,0
64.3535,2.14408,0,0,1.58038,0.0416763,0.36288,3.6288,60.5417,0.426535,0,0,0.636267,0.315574,0,0.66528,12.849,1,0.421747,0.36288,0,29.8372,5.74318,24.0352,0.84672,12.849,0.84672,3695.15,0,36.966,0.259982,0.28156,1.8054,2.85349,1.56593,3.11454,0.42336,36.966,0.42336,423.524,0,1.02816,0,0,1.30972,0.28156,1.028160,1,0,27.1497,0,0,0,27.1497,0
63.2406,2.13967,0,0,1.43094,0.041353,0.36288,3.6288,60.3587,0.475526,0,0,0.607905,0.315362,0,0.66528,12.849,1,0.427212,0.36288,0,28.1009,5.74318,22.2934,0.84672,12.849,0.84672,3695.15,0,36.966,0.29035,0.227405,1.8056,2.65312,1.56593,2.82984,0.42336,36.966,0.42336,423.524,0,0.948802,0,0,1.17621,0.227405,1.028160,1,0,25.1232,0,0,0,25.1232,0
61.8197,2.28208,0,0,1.25141,0.027287,0.36288,3.6288,60.0664,0.573131,0,0,0.603598,0.322719,0,0.66528,12.849,1,0.463665,0.36288,0,26.7581,5.96751,20.6898,0.84672,12.849,0.84672,3695.15,0,36.966,0.351008,0.227405,1.80579,2.68151,1.61074,2.75296,0.42336,36.966,0.42336,423.524,0,0.930027,0,0,1.15743,0.227405,1.028160,1,0,23.4427,0,0,0,23.4427,0
60.3038,2.35209,0,0,1.23482,0.0357782,0.36288,3.6288,59.6319,0.626184,0,0,0.507998,0.316334,0,0.66528,12.849,1,0.488873,0.36288,0,19.8363,5.88239,13.8279,0.84672,12.849,0.84672,3695.15,0,36.966,0.385365,0.227405,1.94708,2.67059,1.52502,2.93469,0.42336,36.966,0.42336,423.524,0,0.748526,0,0,0.975931,0.227405,1.028160,1,0,16.7626,0,0,0,16.7626,0
58.9044,2.34253,0,0,1.3411,0.0351215,0.36288,3.6288,59.429,0.488144,0,0,0.589401,0.304208,0,0.66528,12.849,1,0.499126,0.36288,0,22.2612,5.87433,16.2506,0.84672,12.849,0.84672,3695.15,0,36.966,0.302602,0.204422,1.89223,2.49831,1.53202,2.76034,0.42336,36.966,0.42336,423.524,0,0.969762,0,0,1.17418,0.204422,1.028160,1,0,19.011,0,0,0,19.011,0
57.2495,2.33337,0,0,1.07602,0.0346528,0.36288,3.6288,58.9576,0.630981,0,0,0.463461,0.303813,0,0.66528,12.849,1,0.508986,0.36288,0,26.184,5.87433,20.1636,0.84672,12.849,0.84672,3695.15,0,36.966,0.392483,0.204422,1.8927,2.07534,1.53202,2.24795,0.42336,36.966,0.42336,423.524,0,0.737476,0,0,0.941898,0.204422,1.028160,1,0,22.4116,0,0,0,22.4116,0
55.8049,2.32193,0,0,1.27435,0.0340985,0.36288,3.6288,58.9115,0.450655,0,0,0.707449,0.302897,0,0.66528,12.849,1,0.52113,0.36288,0,22.4745,5.87433,16.4419,0.84672,12.849,0.84672,3695.15,0,36.966,0.282557,0.38874,1.89316,2.80646,1.53202,3.27379,0.42336,36.966,0.42336,423.524,0,1.02816,0,0,1.4169,0.38874,1.028160,1,0,19.7157,0,0,0,19.7157,0
54.455,2.241,0,0,1.35365,0.0997277,0.36288,3.6288,58.5257,0.606433,0,0,0.479295,0.258675,0,0.66528,12.849,1,0.515987,0.36288,0,25.9452,4.54785,21.2443,0.84672,12.849,0.84672,3695.15,0,36.966,0.380527,0.204422,1.89362,3.06588,1.15447,3.62893,0.42336,36.966,0.42336,423.524,0,0.690077,0,0,0.894499,0.204422,1.028160,1,0,24.8732,0,0,0,24.8732,0
53.3631,2.20106,0,0,1.60872,0.13671,0.36288,3.6288,58.6345,0.433603,0,0,0.779816,0.237475,0,0.66528,12.849,1,0.519355,0.36288,0,30.3247,3.93414,26.2341,0.84672,12.849,0.84672,3695.15,0,36.966,0.273872,0.216518,1.81234,4.51351,0.99326,5.27523,0.42336,36.966,0.42336,423.524,0,1.00722,0,0,1.22374,0.216518,1.028160,1,0,31.5093,0,0,0,31.5093,0
52.2658,2.19338,0,0,1.59424,0.135203,0.36288,3.6288,58.8849,0.421069,0,0,0.909109,0.237641,0,0.66528,12.849,1,0.528131,0.36288,0,29.6803,3.93414,25.5809,0.84672,12.849,0.84672,3695.15,0,36.966,0.265462,0.393975,1.83458,4.56544,0.99326,5.53528,0.42336,36.966,0.42336,423.524,0,1.02816,0,0,1.42214,0.393975,1.028160,1,0,31.1162,0,0,0,31.1162,0
50.9886,2.18535,0,0,1.40472,0.133688,0.36288,3.6288,59.0301,0.421763,0,0,0.805041,0.238024,0,0.66528,12.849,1,0.537245,0.36288,0,25.4626,3.93414,21.3541,0.84672,12.849,0.84672,3695.15,0,36.966,0.264769,0.29433,1.83478,3.98104,0.99326,4.85212,0.42336,36.966,0.42336,423.524,0,1.02816,0,0,1.32249,0.29433,1.028160,1,0,26.2062,0,0,0,26.2062,0
50.3211,2.11853,0,0,1.98388,0.170047,0.36288,3.6288,59.4794,0.374669,0,0,1.06071,0.236752,0,0.66528,12.849,1,0.533864,0.36288,0,38.6574,3.98451,34.5019,0.84672,12.849,0.84672,3695.15,0,36.966,0.234627,0.809914,1.83499,5.98872,0.998733,7.40026,0.42336,36.966,0.42336,423.524,0,1.02816,0,0,1.83807,0.809914,1.028160,1,0,41.9022,0,0,0,41.9022,0
48.5703,2.05222,0,0,0.872485,0.208159,0.36288,3.6288,58.8832,0.804252,0,0,0.448836,0.240759,0,0.66528,12.849,1,0.524014,0.36288,0,31.8694,4.04229,27.666,0.84672,12.849,0.84672,3695.15,0,36.966,0.42336,0.216518,1.76216,4.12754,0.925606,4.75725,0.42336,36.966,0.42336,423.524,0,0.487061,0,0,0.703579,0.216518,1.028160,1,0,32.4232,0,0,0,32.4232,0
47.8586,2.03811,0,0,1.89356,0.204298,0.36288,3.6288,59.1585,0.421747,0,0,0.936903,0.239841,0,0.66528,12.849,1,0.539172,0.36288,0,47.6859,4.04229,43.4673,0.84672,12.849,0.84672,3695.15,0,36.966,0.264766,0.547379,1.80754,5.96918,0.925606,7.13373,0.42336,36.966,0.42336,423.524,0,1.02816,0,0,1.57554,0.547379,1.028160,1,0,50.601,0,0,0,50.601,0
49.1295,2.03262,0,0,3.86922,0.202721,0.36288,3.6288,60.3088,0.422505,0,0,1.81306,0.240264,0,0.66528,12.849,1,0.545716,0.36288,0,95.52,4.04229,91.2948,0.84672,12.849,0.84672,3695.15,0,36.966,0.264008,2.413,1.80774,9.58376,0.925606,12.6149,0.42336,36.966,0.42336,423.524,0,1.02816,0,0,3.44116,2.413,1.028160,1,0,103.91,0,0,0,103.91,0
49.8637,1.884,0,0,3.21487,0.233865,0.36288,3.6288,61.1916,0.325799,0,0,1.46206,0.253528,0,0.66528,12.849,1,0.492728,0.36288,0,51.0024,3.73524,47.1373,0.84672,12.849,0.84672,3695.15,0,36.966,0.199697,1.46274,1.80794,6.76643,0.819545,9.01787,0.42336,36.966,0.42336,423.524,0,1.02816,0,0,2.4909,1.46274,1.028160,1,0,56.1551,0,0,0,56.1551,0
49.5054,1.76254,0,0,1.94549,0.178358,0.36288,3.6288,61.308,0.427949,0,0,1.38828,0.207241,0.636651,0.66528,12.849,1,0.454175,0.36288,0,52.2443,3.67779,48.4752,0.84672,12.849,0.84672,3695.15,0,36.966,0.258525,0.896149,1.64575,7.60812,0.952256,8.93925,0.42336,36.966,0.42336,423.524,0,1.02816,0,0,1.92431,0.896149,1.028160,1,0,58.0511,0,0,0,58.0511,0
50.3844,1.76069,0,0,3.21979,0.217189,0.36288,3.6288,61.308,0.428255,0,0,2.81588,0.196527,2.1911,0.66528,12.849,1,0.456984,0.36288,0,101.997,3.66461,98.238,0.84672,12.849,0.84672,3695.15,0,36.966,0.258219,2.39538,1.74014,10.1348,0.937235,13.0749,0.42336,36.966,0.42336,423.524,0,1.02816,0,0,3.42354,2.39538,1.028160,1,0,113.504,0,0,0,113.504,0
56.4957,1.76782,0,0,8.46124,0.219219,0.36288,3.6288,61.308,0.428255,0,0,3.45114,0.196527,2.82636,0.66528,12.849,1,0.450827,0.36288,0,106.521,3.66461,102.768,0.84672,12.849,0.84672,3695.15,0,36.966,0.258219,2.9718,1.74032,12.5218,0.937235,16.0384,0.42336,36.966,0.42336,423.524,0,1.02816,0,0,3.99996,2.9718,1.028160,1,0,121.633,0,0,0,121.633,0
58.46,1.80833,0,0,4.37204,0.236548,0.36288,3.6288,61.308,0.428255,0,0,2.41733,0.191834,1.79724,0.66528,12.849,1,0.411275,0.36288,0,168.819,3.70987,165.06,0.84672,12.849,0.84672,3695.15,0,36.966,0.258219,2.01826,1.7405,10.5573,0.898715,13.1591,0.42336,36.966,0.42336,423.524,0,1.02816,0,0,3.04642,2.01826,1.028160,1,0,180.017,0,0,0,180.017,0
60.7574,1.88443,0,0,4.7918,0.24707,0.36288,3.6288,61.308,0.457374,0,0,2.5792,0.181851,1.93997,0.66528,12.849,1,0.414181,0.36288,0,132.033,3.88221,128.1,0.84672,12.849,0.84672,3695.15,0,36.966,0.275776,2.46368,1.74068,8.58965,0.917401,11.6008,0.42336,36.966,0.42336,423.524,0,1.02816,0,0,3.49184,2.46368,1.028160,1,0,141.64,0,0,0,141.64,0
63.4139,1.93668,0,0,5.20672,0.250697,0.36288,3.6288,61.308,0.428255,0,0,1.56927,0.183164,0.957847,0.66528,12.849,1,0.40957,0.36288,0,77.9414,3.92658,73.9682,0.84672,12.849,0.84672,3695.15,0,36.966,0.258218,1.6093,1.79155,7.12464,1.00364,9.26363,0.42336,36.966,0.42336,423.524,0,1.02816,0,0,2.63746,1.6093,1.028160,1,0,84.1896,0,0,0,84.1896,0
64.0539,1.95175,0,0,3.21085,0.256234,0.36288,3.6288,61.308,0.428255,0,0,0.800159,0.183164,0.18874,0.66528,12.849,1,0.395466,0.36288,0,57.6508,3.92658,53.6917,0.84672,12.849,0.84672,3695.15,0,36.966,0.258219,0.789515,1.76441,3.53195,1.00364,4.82402,0.42336,36.966,0.42336,423.524,0,1.02816,0,0,1.81767,0.789515,1.028160,1,0,58.7044,0,0,0,58.7044,0
63.9734,1.95584,0,0,2.49581,0.257568,0.36288,3.6288,61.308,0.428255,0,0,0.724308,0.183164,0.11289,0.66528,12.849,1,0.392335,0.36288,0,55.5288,3.92658,51.5727,0.84672,12.849,0.84672,3695.15,0,36.966,0.258219,0.568909,1.76459,2.97786,1.00364,4.04951,0.42336,36.966,0.42336,423.524,0,1.02816,0,0,1.59707,0.568909,1.028160,1,0,55.7351,0,0,0,55.7351,0
64.7345,2.16513,0,0,3.54853,0.259387,0.36288,3.6288,61.308,0.537685,0,0,1.44487,0.184293,0.72289,0.66528,12.849,1,0.434865,0.36288,0,100.162,3.88164,96.2082,0.84672,12.849,0.84672,3695.15,0,36.966,0.3242,1.27282,1.76477,8.9793,1.00785,10.6848,0.42336,36.966,0.42336,423.524,0,1.02816,0,0,2.30098,1.27282,1.028160,1,0,107.616,0,0,0,107.616,0
66.2422,2.31661,0,0,4.46011,0.272978,0.36288,3.6288,61.308,0.428281,0,0,2.2671,0.191064,1.64776,0.66528,12.849,1,0.459819,0.36288,0,93.5781,3.612,89.8692,0.84672,12.849,0.84672,3695.15,0,36.966,0.258234,2.23043,1.94749,10.2974,1.03315,13.184,0.42336,36.966,0.42336,423.524,0,1.02816,0,0,3.25859,2.23043,1.028160,1,0,104.701,0,0,0,104.701,0
69.2585,2.32627,0,0,5.98178,0.276291,0.36288,3.6288,61.308,0.428281,0,0,1.64463,0.191064,1.02529,0.66528,12.849,1,0.451227,0.36288,0,148.886,3.612,145.186,0.84672,12.849,0.84672,3695.15,0,36.966,0.258234,3.16995,1.84506,10.7312,1.03315,14.4549,0.42336,36.966,0.42336,423.524,0,1.02816,0,0,4.19811,3.16995,1.028160,1,0,160.666,0,0,0,160.666,0
71.6479,2.34374,0,0,5.43832,0.342283,0.36288,3.6288,61.308,0.428281,0,0,1.71824,0.178402,1.11155,0.66528,12.849,1,0.434817,0.36288,0,126.871,3.72746,123.071,0.84672,12.849,0.84672,3695.15,0,36.966,0.258234,4.34655,1.84526,10.2355,0.986619,15.1824,0.42336,36.966,0.42336,423.524,0,1.02816,0,0,5.37471,4.34655,1.028160,1,0,139.365,0,0,0,139.365,0
72.29,2.05326,0,0,8.92715,0.363507,5.86831,3.6288,61.308,0.281285,0,0,1.52155,0.212294,1.02797,0.66528,12.849,1,0.368222,5.86831,0,170.113,3.66346,171.95,0.84672,12.849,0.84672,3695.15,0,36.966,0.169603,2.87956,1.84546,11.4793,1.02959,15.0051,0.42336,36.966,0.42336,423.524,0,1.02816,0,0,3.90772,2.87956,1.028160,1,0,187.983,0,0,0,187.983,0
72.29,1.8568,0,0,6.17629,0.30262,4.01687,3.6288,61.308,0.428246,0,0,1.31066,0.209906,0.672509,0.66528,12.849,1,0.330032,4.01687,0,92.9275,3.84563,92.7687,0.84672,12.849,0.84672,3695.15,0,36.966,0.258213,2.41862,1.5965,8.3185,0.979077,11.0963,0.42336,36.966,0.42336,423.524,0,1.02816,0,0,3.44678,2.41862,1.028160,1,0,104.538,0,0,0,104.538,0
72.29,1.85759,0,0,5.0879,0.30262,2.92769,3.6288,61.308,0.428246,0,0,0.93318,0.209906,0.295028,0.66528,12.849,1,0.330172,2.92769,0,79.5943,3.84563,78.3462,0.84672,12.849,0.84672,3695.15,0,36.966,0.258213,1.5662,1.73453,7.03005,0.979077,9.09348,0.42336,36.966,0.42336,423.524,0,1.02816,0,0,2.59436,1.5662,1.028160,1,0,87.7347,0,0,0,87.7347,0
72.29,1.85837,0,0,5.48858,0.30262,3.32759,3.6288,61.308,0.428246,0,0,1.10968,0.209906,0.471526,0.66528,12.849,1,0.330311,3.32759,0,90.1524,3.84563,89.304,0.84672,12.849,0.84672,3695.15,0,36.966,0.258213,1.67149,1.7347,5.71666,0.979077,7.88557,0.42336,36.966,0.42336,423.524,0,1.02816,0,0,2.69965,1.67149,1.028160,1,0,97.6611,0,0,0,97.6611,0
72.29,1.85916,0,0,8.55109,0.299888,6.39205,3.6288,61.308,0.428246,0,0,1.72292,0.186998,1.10768,0.66528,12.849,1,0.330451,6.39205,0,166.676,3.48701,169.251,0.84672,12.849,0.84672,3695.15,0,36.966,0.258214,4.15367,1.73487,12.052,0.917657,16.7647,0.42336,36.966,0.42336,423.524,0,1.02816,0,0,5.18183,4.15367,1.028160,1,0,187.123,0,0,0,187.123,0
72.29,1.93658,0,0,6.46933,0.320549,4.2122,3.6288,61.308,0.46425,0,0,1.74629,0.191666,1.09038,0.66528,12.849,1,0.344212,4.2122,0,124.759,3.69639,124.931,0.84672,12.849,0.84672,3695.15,0,36.966,0.279922,2.72612,1.73505,6.39023,0.903963,9.66751,0.42336,36.966,0.42336,423.524,0,1.02816,0,0,3.75428,2.72612,1.028160,1,0,135.688,0,0,0,135.688,0
72.29,1.98638,0,0,5.48229,0.329632,3.16627,3.6288,61.308,0.428255,0,0,1.52559,0.200405,0.896931,0.66528,12.849,1,0.353064,3.16627,0,110.138,3.88773,109.063,0.84672,12.849,0.84672,3695.15,0,36.966,0.258219,2.4813,1.79672,4.78315,0.916912,7.88604,0.42336,36.966,0.42336,423.524,0,1.02816,0,0,3.50946,2.4813,1.028160,1,0,117.846,0,0,0,117.846,0
72.29,1.9872,0,0,7.70506,0.331373,5.38649,3.6288,61.308,0.428255,0,0,1.62985,0.192672,1.00892,0.66528,12.849,1,0.353209,5.38649,0,136.915,3.66971,138.278,0.84672,12.849,0.84672,3695.15,0,36.966,0.258219,3.47628,1.76314,11.6668,0.872935,15.7751,0.42336,36.966,0.42336,423.524,0,1.02816,0,0,4.50444,3.47628,1.028160,1,0,155.062,0,0,0,155.062,0
72.29,1.98801,0,0,5.62706,0.296107,3.34294,3.6288,61.308,0.428255,0,0,1.51093,0.195614,0.88706,0.66528,12.849,1,0.353354,3.34294,0,119.066,2.9986,119.057,0.84672,12.849,0.84672,3695.15,0,36.966,0.258219,2.97927,1.76332,6.75709,0.78729,10.4542,0.42336,36.966,0.42336,423.524,0,1.02816,0,0,4.00743,2.97927,1.028160,1,0,130.398,0,0,0,130.398,0
72.29,1.95884,0,0,4.70264,0.25828,2.48552,3.6288,61.308,0.414259,0,0,1.11354,0.229594,0.469688,0.66528,12.849,1,0.348169,2.48552,0,80.6622,3.97041,78.8291,0.84672,12.849,0.84672,3695.15,0,36.966,0.24978,2.17687,1.7635,5.13262,0.957647,7.86555,0.42336,36.966,0.42336,423.524,0,1.02816,0,0,3.20503,2.17687,1.028160,1,0,87.1644,0,0,0,87.1644,0
72.29,1.9406,0,0,4.17585,0.232224,2.00303,3.6288,61.308,0.428252,0,0,0.904038,0.248587,0.227198,0.66528,12.849,1,0.344926,2.00303,0,71.8286,4.92639,68.5604,0.84672,12.849,0.84672,3695.15,0,36.966,0.258217,1.4313,1.73973,4.59138,1.08974,6.41445,0.42336,36.966,0.42336,423.524,0,1.02816,0,0,2.45946,1.4313,1.028160,1,0,75.202,0,0,0,75.202,0
72.29,1.9414,0,0,3.99236,0.232224,1.81874,3.6288,61.308,0.428252,0,0,0.790448,0.248587,0.113608,0.66528,12.849,1,0.345069,1.81874,0,62.3436,4.92639,58.8909,0.84672,12.849,0.84672,3695.15,0,36.966,0.258217,1.21221,1.75303,4.28909,1.08974,5.90637,0.42336,36.966,0.42336,423.524,0,1.02816,0,0,2.24037,1.21221,1.028160,1,0,64.9109,0,0,0,64.9109,0
72.29,1.94221,0,0,3.59828,0.244637,1.41144,3.6288,61.308,0.428252,0,0,0.762584,0.217976,0.116356,0.66528,12.849,1,0.345212,1.41144,0,60.0751,4.67515,56.4662,0.84672,12.849,0.84672,3695.15,0,36.966,0.258217,1.14366,1.75321,4.14573,1.01727,5.76711,0.42336,36.966,0.42336,423.524,0,1.02816,0,0,2.17182,1.14366,1.028160,1,0,62.3497,0,0,0,62.3497,0
72.29,2.04491,0,0,3.40242,0.229515,1.12799,3.6288,61.308,0.477934,0,0,0.842625,0.188424,0.176266,0.66528,12.849,1,0.363468,1.12799,0,59.5615,4.49131,55.8347,0.84672,12.849,0.84672,3695.15,0,36.966,0.288173,1.61695,1.75338,4.59776,0.951041,6.72888,0.42336,36.966,0.42336,423.524,0,1.02816,0,0,2.64511,1.61695,1.028160,1,0,62.7398,0,0,0,62.7398,0
72.29,2.11336,0,0,3.48361,0.208022,1.16223,3.6288,61.308,0.428264,0,0,0.829051,0.214771,0.186016,0.66528,12.849,1,0.375634,1.16223,0,58.9619,4.52746,55.221,0.84672,12.849,0.84672,3695.15,0,36.966,0.258224,0.91025,1.83758,3.91421,1.00997,5.39385,0.42336,36.966,0.42336,423.524,0,1.02816,0,0,1.93841,0.91025,1.028160,1,0,60.8009,0,0,0,60.8009,0
72.29,2.11421,0,0,3.05272,0.161188,0.777323,3.6288,61.308,0.428264,0,0,0.659845,0.208025,0.0235565,0.66528,12.849,1,0.375785,0.777323,0,51.0391,4.33744,47.1032,0.84672,12.849,0.84672,3695.15,0,36.966,0.258224,0.877012,1.79117,3.57641,0.97275,5.01362,0.42336,36.966,0.42336,423.524,0,1.02816,0,0,1.90517,0.877012,1.028160,1,0,52.1403,0,0,0,52.1403,0
72.29,2.11505,0,0,2.92137,0.153577,0.652743,3.6288,61.308,0.428264,0,0,0.693801,0.20981,0.0557267,0.66528,12.849,1,0.375935,0.652743,0,47.9547,4.39162,43.8399,0.84672,12.849,0.84672,3695.15,0,36.966,0.258224,0.866333,1.79136,3.72587,0.96272,5.16262,0.42336,36.966,0.42336,423.524,0,1.02816,0,0,1.89449,0.866333,1.028160,1,0,49.0582,0,0,0,49.0582,0
72.29,2.1159,0,0,2.79083,0.153577,0.521355,3.6288,61.308,0.428264,0,0,0.696721,0.20981,0.0586469,0.66528,12.849,1,0.376085,0.521355,0,45.0561,4.39162,40.8098,0.84672,12.849,0.84672,3695.15,0,36.966,0.258224,0.782888,1.79155,3.58268,0.96272,4.93617,0.42336,36.966,0.42336,423.524,0,1.02816,0,0,1.81105,0.782888,1.028160,1,0,45.8046,0,0,0,45.8046,0
71.9199,2.09657,0,0,2.2281,0.138714,0.36288,3.6288,61.1328,0.4946,0,0,0.562217,0.242857,0,0.66528,12.849,1,0.372649,0.36288,0,35.5541,4.8105,30.7338,0.84672,12.849,0.84672,3695.15,0,36.966,0.298222,0.30119,1.79174,2.8558,1.11256,3.53794,0.42336,36.966,0.42336,423.524,0,0.96565,0,0,1.26684,0.30119,1.028160,1,0,34.2718,0,0,0,34.2718,0
71.2214,2.13296,0,0,1.92974,0.132462,0.36288,3.6288,60.776,0.613226,0,0,0.512287,0.255791,0,0.66528,12.849,1,0.381069,0.36288,0,30.3356,4.97805,25.3393,0.84672,12.849,0.84672,3695.15,0,36.966,0.370808,0.261274,1.82133,2.4948,1.1725,3.03409,0.42336,36.966,0.42336,423.524,0,0.730624,0,0,0.991898,0.261274,1.028160,1,0,28.3734,0,0,0,28.3734,0
70.3911,2.13065,0,0,1.7949,0.131692,0.36288,3.6288,60.4548,0.58059,0,0,0.51461,0.255214,0,0.66528,12.849,1,0.384389,0.36288,0,28.0568,4.97805,23.0573,0.84672,12.849,0.84672,3695.15,0,36.966,0.353134,0.261274,1.79588,2.36059,1.1725,2.89211,0.42336,36.966,0.42336,423.524,0,0.780935,0,0,1.04221,0.261274,1.028160,1,0,25.9494,0,0,0,25.9494,0
69.5087,2.12766,0,0,1.7364,0.128254,0.36288,3.6288,60.0709,0.601617,0,0,0.492878,0.275152,0,0.66528,12.849,1,0.388377,0.36288,0,26.2094,5.23702,20.9469,0.84672,12.849,0.84672,3695.15,0,36.966,0.367868,0.261274,1.79606,2.27712,1.23464,2.73195,0.42336,36.966,0.42336,423.524,0,0.745174,0,0,1.00645,0.261274,1.028160,1,0,23.6789,0,0,0,23.6789,0
68.4805,2.17618,0,0,1.62825,0.117323,0.36288,3.6288,59.5178,0.709754,0,0,0.460357,0.303763,0,0.66528,12.849,1,0.402278,0.36288,0,24.7074,5.63864,19.0293,0.84672,12.849,0.84672,3695.15,0,36.966,0.42336,0.261274,1.79625,2.27172,1.36356,2.54233,0.42336,36.966,0.42336,423.524,0,0.620637,0,0,0.881911,0.261274,1.028160,1,0,21.5717,0,0,0,21.5717,0
67.6466,2.20487,0,0,1.83382,0.0999856,0.36288,3.6288,59.1598,0.636851,0,0,0.586692,0.307852,0,0.66528,12.849,1,0.4137,0.36288,0,30.6342,5.77941,24.8039,0.84672,12.849,0.84672,3695.15,0,36.966,0.395543,0.261274,1.83815,2.77548,1.47876,3.0006,0.42336,36.966,0.42336,423.524,0,0.682275,0,0,0.943549,0.261274,1.028160,1,0,27.8045,0,0,0,27.8045,0
66.6522,2.20145,0,0,1.6692,0.0993342,0.36288,3.6288,58.7345,0.601995,0,0,0.483903,0.307147,0,0.66528,12.849,1,0.41815,0.36288,0,24.6743,5.77941,18.8396,0.84672,12.849,0.84672,3695.15,0,36.966,0.376157,0.227405,1.81547,2.57905,1.47876,2.76701,0.42336,36.966,0.42336,423.524,0,0.736517,0,0,0.963922,0.227405,1.028160,1,0,21.6066,0,0,0,21.6066,0
65.5118,2.19708,0,0,1.51814,0.0985573,0.36288,3.6288,58.1739,0.705024,0,0,0.450655,0.30631,0,0.66528,12.849,1,0.423546,0.36288,0,23.002,5.77941,17.1619,0.84672,12.849,0.84672,3695.15,0,36.966,0.42336,0.227405,1.81567,2.29844,1.47876,2.43939,0.42336,36.966,0.42336,423.524,0,0.586284,0,0,0.813689,0.227405,1.028160,1,0,19.6013,0,0,0,19.6013,0
64.3693,2.3423,0,0,1.65323,0.0905815,0.36288,3.6288,57.7555,0.646854,0,0,0.53194,0.303442,0,0.66528,12.849,1,0.459401,0.36288,0,23.1107,5.88754,17.1266,0.84672,12.849,0.84672,3695.15,0,36.966,0.411037,0.227405,1.81586,3.24985,1.50467,3.3774,0.42336,36.966,0.42336,423.524,0,0.798016,0,0,1.02542,0.227405,1.028160,1,0,20.504,0,0,0,20.504,0
62.6646,2.39791,0,0,1.15766,0.101491,0.36288,3.6288,57.1632,0.77199,0,0,0.457031,0.277365,0,0.66528,12.849,1,0.478657,0.36288,0,23.1373,5.34855,17.673,0.84672,12.849,0.84672,3695.15,0,36.966,0.42336,0.227405,1.95891,2.30983,1.50133,2.57145,0.42336,36.966,0.42336,423.524,0,0.586786,0,0,0.81419,0.227405,1.028160,1,0,20.2444,0,0,0,20.2444,0
60.7646,2.38767,0,0,0.954202,0.103645,0.36288,3.6288,56.4554,0.836599,0,0,0.405634,0.276805,0,0.66528,12.849,1,0.489578,0.36288,0,20.7432,5.23782,15.3787,0.84672,12.849,0.84672,3695.15,0,36.966,0.42336,0.204422,1.91595,2.0935,1.49229,2.29821,0.42336,36.966,0.42336,423.524,0,0.522599,0,0,0.727021,0.204422,1.028160,1,0,17.6769,0,0,0,17.6769,0
59.0662,2.3756,0,0,1.14207,0.102033,0.36288,3.6288,55.8411,0.774493,0,0,0.43576,0.275533,0,0.66528,12.849,1,0.502333,0.36288,0,21.4678,5.23782,16.0905,0.84672,12.849,0.84672,3695.15,0,36.966,0.42336,0.204422,1.9164,2.29631,1.49229,2.50148,0.42336,36.966,0.42336,423.524,0,0.585127,0,0,0.789549,0.204422,1.028160,1,0,18.592,0,0,0,18.592,0
58.1685,2.3643,0,0,1.95283,0.123306,0.36288,3.6288,55.4868,0.644789,0,0,0.55969,0.269251,0,0.66528,12.849,1,0.514319,0.36288,0,35.6769,5.0894,30.4361,0.84672,12.849,0.84672,3695.15,0,36.966,0.42336,0.204422,1.91686,2.54185,1.47409,2.76568,0.42336,36.966,0.42336,423.524,0,0.715254,0,0,0.919676,0.204422,1.028160,1,0,33.2017,0,0,0,33.2017,0
57.2326,2.2864,0,0,1.83745,0.12407,0.36288,3.6288,55.2114,0.588962,0,0,0.555001,0.241471,0,0.66528,12.849,1,0.505048,0.36288,0,30.6232,4.49377,25.9872,0.84672,12.849,0.84672,3695.15,0,36.966,0.392374,0.204422,1.91731,2.74613,1.26898,3.2065,0.42336,36.966,0.42336,423.524,0,0.716662,0,0,0.921084,0.204422,1.028160,1,0,29.1937,0,0,0,29.1937,0
56.0631,2.2669,0,0,1.58918,0.128968,0.36288,3.6288,55.2502,0.430643,0,0,0.696463,0.226967,0,0.66528,12.849,1,0.508929,0.36288,0,30.0562,3.89109,26.0191,0.84672,12.849,0.84672,3695.15,0,36.966,0.288331,0.216518,1.83499,3.71599,1.12332,4.35585,0.42336,36.966,0.42336,423.524,0,0.995708,0,0,1.21223,0.216518,1.028160,1,0,30.3749,0,0,0,30.3749,0
54.8596,2.25912,0,0,1.54602,0.127486,0.36288,3.6288,55.1553,0.46419,0,0,0.59628,0.227025,0,0.66528,12.849,1,0.517765,0.36288,0,29.3176,3.89109,25.2716,0.84672,12.849,0.84672,3695.15,0,36.966,0.310573,0.216518,1.84495,3.036,1.12332,3.66358,0.42336,36.966,0.42336,423.524,0,0.93992,0,0,1.15644,0.216518,1.028160,1,0,28.9352,0,0,0,28.9352,0
53.6474,2.25078,0,0,1.52743,0.125962,0.36288,3.6288,55.259,0.411038,0,0,0.741667,0.226883,0,0.66528,12.849,1,0.52717,0.36288,0,28.6507,3.89109,24.5953,0.84672,12.849,0.84672,3695.15,0,36.966,0.275485,0.430989,1.84515,3.80978,1.12332,4.68712,0.42336,36.966,0.42336,423.524,0,1.02816,0,0,1.45915,0.430989,1.028160,1,0,29.2824,0,0,0,29.2824,0
53.3446,2.1838,0,0,2.46697,0.223114,0.36288,3.6288,55.4482,0.364493,0,0,0.766765,0.213052,0,0.66528,12.849,1,0.523038,0.36288,0,52.8381,4.03089,48.647,0.84672,12.849,0.84672,3695.15,0,36.966,0.243831,0.509449,1.84535,4.78745,1.24052,5.6579,0.42336,36.966,0.42336,423.524,0,1.02816,0,0,1.53761,0.509449,1.028160,1,0,54.3049,0,0,0,54.3049,0
51.7194,2.11923,0,0,1.09859,0.24167,0.36288,3.6288,55.0008,0.681363,0,0,0.432097,0.198149,0,0.66528,12.849,1,0.510455,0.36288,0,35.8818,4.18824,31.546,0.84672,12.849,0.84672,3695.15,0,36.966,0.42336,0.216518,1.77161,4.21197,1.07561,4.70112,0.42336,36.966,0.42336,423.524,0,0.609941,0,0,0.826459,0.216518,1.028160,1,0,36.2471,0,0,0,36.2471,0
51.3959,2.10721,0,0,2.38429,0.237659,0.36288,3.6288,55.2946,0.410564,0,0,0.901943,0.197567,0,0.66528,12.849,1,0.523508,0.36288,0,53.6893,4.18824,49.3404,0.84672,12.849,0.84672,3695.15,0,36.966,0.27594,0.822563,1.81755,6.09125,1.07561,7.37981,0.42336,36.966,0.42336,423.524,0,1.02816,0,0,1.85072,0.822563,1.028160,1,0,56.7203,0,0,0,56.7203,0
53.5626,2.1054,0,0,4.87183,0.236861,0.36288,3.6288,56.4307,0.411443,0,0,1.74546,0.197949,0,0.66528,12.849,1,0.52635,0.36288,0,107.546,4.18824,103.194,0.84672,12.849,0.84672,3695.15,0,36.966,0.275061,3.01405,1.81775,9.77982,1.07561,13.2609,0.42336,36.966,0.42336,423.524,0,1.02816,0,0,4.04221,3.01405,1.028160,1,0,116.455,0,0,0,116.455,0
55.0179,1.95791,0,0,4.04798,0.271878,0.36288,3.6288,57.3113,0.316292,0,0,1.40753,0.210636,0,0.66528,12.849,1,0.469678,0.36288,0,57.4227,3.88119,53.4347,0.84672,12.849,0.84672,3695.15,0,36.966,0.207193,1.8978,1.81794,6.90485,0.969552,9.44385,0.42336,36.966,0.42336,423.524,0,1.02816,0,0,2.92596,1.8978,1.028160,1,0,62.8786,0,0,0,62.8786,0
54.9743,1.83662,0,0,2.40828,0.252447,0.36288,3.6288,58.3502,0.417304,0,0,1.67841,0.222194,0,0.66528,12.849,1,0.428929,0.36288,0,96.8353,4.33185,92.4374,0.84672,12.849,0.84672,3695.15,0,36.966,0.269162,1.56388,1.65373,7.84858,1.08489,9.71214,0.42336,36.966,0.42336,423.524,0,1.02816,0,0,2.59204,1.56388,1.028160,1,0,102.15,0,0,0,102.15,0
55.7076,1.83711,0,0,3.17979,0.246421,0.36288,3.6288,59.7978,0.420237,0,0,2.09249,0.224671,0,0.66528,12.849,1,0.429383,0.36288,0,95.5783,4.42743,91.0843,0.84672,12.849,0.84672,3695.15,0,36.966,0.266229,2.56289,1.74928,9.1025,1.11118,12.0373,0.42336,36.966,0.42336,423.524,0,1.02816,0,0,3.59105,2.56289,1.028160,1,0,103.122,0,0,0,103.122,0
57.7371,1.84247,0,0,4.48307,0.248236,0.36288,3.6288,61.2449,0.42422,0,0,2.09808,0.226767,0,0.66528,12.849,1,0.424967,0.36288,0,114.939,4.42743,110.449,0.84672,12.849,0.84672,3695.15,0,36.966,0.262246,2.51751,1.74946,9.63688,1.11118,12.5304,0.42336,36.966,0.42336,423.524,0,1.02816,0,0,3.54567,2.51751,1.028160,1,0,122.98,0,0,0,122.98,0
59.9843,1.85546,0,0,4.72972,0.264229,0.36288,3.6288,61.308,0.428084,0,0,2.75086,0.218566,2.0411,0.66528,12.849,1,0.41292,0.36288,0,114.893,3.71606,111.127,0.84672,12.849,0.84672,3695.15,0,36.966,0.258382,2.1211,1.74964,11.2247,1.05837,13.7786,0.42336,36.966,0.42336,423.524,0,1.02816,0,0,3.14926,2.1211,1.028160,1,0,126.947,0,0,0,126.947,0
64.5163,1.93404,0,0,7.11091,0.281928,0.36288,3.6288,61.308,0.45773,0,0,2.8806,0.208317,2.21455,0.66528,12.849,1,0.414284,0.36288,0,136.382,3.49143,132.839,0.84672,12.849,0.84672,3695.15,0,36.966,0.275991,2.71459,1.74981,14.8181,1.08546,17.9211,0.42336,36.966,0.42336,423.524,0,1.02816,0,0,3.74275,2.71459,1.028160,1,0,152.974,0,0,0,152.974,0
71.7433,1.9985,0,0,9.86943,0.281049,0.36288,3.6288,61.308,0.428249,0,0,2.05505,0.206034,1.42077,0.66528,12.849,1,0.39802,0.36288,0,209.103,3.62271,205.445,0.84672,12.849,0.84672,3695.15,0,36.966,0.258215,3.82582,1.80131,20.4585,1.11164,24.7158,0.42336,36.966,0.42336,423.524,0,1.02816,0,0,4.85398,3.82582,1.028160,1,0,231.581,0,0,0,231.581,0
72.29,2.0333,0,0,4.87877,0.297427,2.00138,3.6288,61.308,0.428249,0,0,1.68424,0.206034,1.04995,0.66528,12.849,1,0.364158,2.00138,0,128.061,3.62271,126.076,0.84672,12.849,0.84672,3695.15,0,36.966,0.258215,3.312,1.77383,14.8122,1.11164,18.5281,0.42336,36.966,0.42336,423.524,0,1.02816,0,0,4.34016,3.312,1.028160,1,0,145.654,0,0,0,145.654,0
72.29,2.03644,0,0,4.46647,0.298665,2.13137,3.6288,61.308,0.428249,0,0,1.90462,0.206034,1.27034,0.66528,12.849,1,0.361962,2.13137,0,127.369,3.62271,125.516,0.84672,12.849,0.84672,3695.15,0,36.966,0.258215,3.9006,1.774,13.5531,1.11164,17.8578,0.42336,36.966,0.42336,423.524,0,1.02816,0,0,4.92876,3.9006,1.028160,1,0,144.644,0,0,0,144.644,0
72.29,2.25287,0,0,5.04605,0.297219,2.49596,3.6288,61.308,0.539031,0,0,1.72838,0.215295,0.974055,0.66528,12.849,1,0.40043,2.49596,0,114.822,4.11897,112.799,0.84672,12.849,0.84672,3695.15,0,36.966,0.325012,3.60603,1.77418,15.4888,1.00433,19.5397,0.42336,36.966,0.42336,423.524,0,1.02816,0,0,4.63419,3.60603,1.028160,1,0,133.312,0,0,0,133.312,0
72.29,2.40449,0,0,5.22086,0.32472,2.49165,3.6288,61.308,0.428275,0,0,1.3308,0.161306,0.741221,0.66528,12.849,1,0.42738,2.49165,0,78.3565,3.74756,76.6732,0.84672,12.849,0.84672,3695.15,0,36.966,0.258231,2.04426,1.95914,10.6926,0.871728,13.566,0.42336,36.966,0.42336,423.524,0,1.02816,0,0,3.07242,2.04426,1.028160,1,0,90.9805,0,0,0,90.9805,0
72.29,2.40537,0,0,3.21874,0.32472,0.488643,3.6288,61.308,0.428275,0,0,1.80251,0.161306,1.21293,0.66528,12.849,1,0.427537,0.488643,0,75.479,3.74756,71.7926,0.84672,12.849,0.84672,3695.15,0,36.966,0.258231,2.12839,1.85544,12.7612,0.871728,15.6151,0.42336,36.966,0.42336,423.524,0,1.02816,0,0,3.15655,2.12839,1.028160,1,0,88.6206,0,0,0,88.6206,0
72.29,2.40626,0,0,4.13471,0.32472,1.40373,3.6288,61.308,0.428275,0,0,1.45371,0.161306,0.864125,0.66528,12.849,1,0.427694,1.40373,0,117.062,3.74756,114.29,0.84672,12.849,0.84672,3695.15,0,36.966,0.258231,3.71994,1.85564,15.3436,0.871728,19.7892,0.42336,36.966,0.42336,423.524,0,1.02816,0,0,4.7481,3.71994,1.028160,1,0,134.943,0,0,0,134.943,0
72.29,2.0993,0,0,3.77155,0.373175,1.29908,3.6288,61.308,0.279469,0,0,1.40549,0.145554,0.980463,0.66528,12.849,1,0.373135,1.29908,0,99.9613,3.86,97.0273,0.84672,12.849,0.84672,3695.15,0,36.966,0.168507,4.14117,1.85583,13.1324,0.824506,18.1364,0.42336,36.966,0.42336,423.524,0,1.02816,0,0,5.16933,4.14117,1.028160,1,0,116.144,0,0,0,116.144,0
72.29,1.89758,0,0,7.27968,0.356117,5.02599,3.6288,61.308,0.428241,0,0,2.52971,0.173636,1.92784,0.66528,12.849,1,0.337281,5.02599,0,131.109,4.12146,131.677,0.84672,12.849,0.84672,3695.15,0,36.966,0.25821,5.25875,1.6038,17.4207,1.00804,23.017,0.42336,36.966,0.42336,423.524,0,1.02816,0,0,6.28691,5.25875,1.028160,1,0,156.622,0,0,0,156.622,0
72.29,1.89835,0,0,5.10488,0.356117,2.85041,3.6288,61.308,0.428241,0,0,1.99872,0.173636,1.39684,0.66528,12.849,1,0.337417,2.85041,0,132.547,4.12146,130.939,0.84672,12.849,0.84672,3695.15,0,36.966,0.25821,3.96182,1.74352,14.755,1.00804,19.1941,0.42336,36.966,0.42336,423.524,0,1.02816,0,0,4.98998,3.96182,1.028160,1,0,151.53,0,0,0,151.53,0
72.29,1.89911,0,0,4.57944,0.310805,2.36953,3.6288,61.308,0.428241,0,0,1.32839,0.149571,0.75058,0.66528,12.849,1,0.337553,2.36953,0,111.295,3.77268,109.555,0.84672,12.849,0.84672,3695.15,0,36.966,0.25821,2.80965,1.74369,13.0266,0.957938,16.3638,0.42336,36.966,0.42336,423.524,0,1.02816,0,0,3.83781,2.80965,1.028160,1,0,126.669,0,0,0,126.669,0
72.29,1.89988,0,0,4.83538,0.27682,2.65868,3.6288,61.308,0.428241,0,0,1.75111,0.131522,1.19135,0.66528,12.849,1,0.337689,2.65868,0,117.125,3.51109,115.935,0.84672,12.849,0.84672,3695.15,0,36.966,0.25821,3.99417,1.74386,13.6714,0.920362,18.2309,0.42336,36.966,0.42336,423.524,0,1.02816,0,0,5.02233,3.99417,1.028160,1,0,135.357,0,0,0,135.357,0
72.29,1.97822,0,0,7.68607,0.263765,5.44408,3.6288,61.308,0.464686,0,0,3.63271,0.15723,3.0108,0.66528,12.849,1,0.351614,5.44408,0,229.287,4.14985,230.23,0.84672,12.849,0.84672,3695.15,0,36.966,0.280185,6.16925,1.74403,20.8856,1.0072,27.5115,0.42336,36.966,0.42336,423.524,0,1.02816,0,0,7.19741,6.16925,1.028160,1,0,260.752,0,0,0,260.752,0
72.29,2.02861,0,0,7.10859,0.253973,4.82601,3.6288,61.308,0.42825,0,0,2.64473,0.176512,2.03997,0.66528,12.849,1,0.36057,4.82601,0,192.149,4.62892,191.986,0.84672,12.849,0.84672,3695.15,0,36.966,0.258215,4.68369,1.80645,17.802,1.07232,22.9616,0.42336,36.966,0.42336,423.524,0,1.02816,0,0,5.71185,4.68369,1.028160,1,0,216.987,0,0,0,216.987,0
72.29,2.0294,0,0,4.54905,0.253973,2.26567,3.6288,61.308,0.42825,0,0,1.92313,0.176512,1.31836,0.66528,12.849,1,0.360711,2.26567,0,115.658,4.62892,112.935,0.84672,12.849,0.84672,3695.15,0,36.966,0.258215,3.24406,1.77245,13.393,1.07232,17.0789,0.42336,36.966,0.42336,423.524,0,1.02816,0,0,4.27222,3.24406,1.028160,1,0,131.332,0,0,0,131.332,0
72.29,2.0302,0,0,3.89107,0.253973,1.6069,3.6288,61.308,0.42825,0,0,1.74698,0.176512,1.14222,0.66528,12.849,1,0.360853,1.6069,0,96.6004,4.62892,93.2175,0.84672,12.849,0.84672,3695.15,0,36.966,0.258216,3.25624,1.77263,12.0457,1.07232,15.744,0.42336,36.966,0.42336,423.524,0,1.02816,0,0,4.2844,3.25624,1.028160,1,0,110.104,0,0,0,110.104,0
72.29,2.00064,0,0,3.65405,0.236619,1.41679,3.6288,61.308,0.414082,0,0,1.65974,0.178215,1.06744,0.66528,12.849,1,0.355598,1.41679,0,92.2311,4.5034,88.7889,0.84672,12.849,0.84672,3695.15,0,36.966,0.249673,2.92461,1.7728,12.1337,1.0435,15.5379,0.42336,36.966,0.42336,423.524,0,1.02816,0,0,3.95277,2.92461,1.028160,1,0,105.394,0,0,0,105.394,0
72.29,1.98214,0,0,3.67292,0.251961,1.43881,3.6288,61.308,0.428246,0,0,1.56968,0.175344,0.96609,0.66528,12.849,1,0.352311,1.43881,0,110.08,4.34217,106.824,0.84672,12.849,0.84672,3695.15,0,36.966,0.258214,2.35299,1.74873,13.4358,1.09708,16.1822,0.42336,36.966,0.42336,423.524,0,1.02816,0,0,3.38115,2.35299,1.028160,1,0,123.972,0,0,0,123.972,0
72.29,1.98293,0,0,3.49638,0.153647,1.35981,3.6288,61.308,0.428247,0,0,1.38128,0.221122,0.731908,0.66528,12.849,1,0.35245,1.35981,0,98.3085,4.74579,94.5701,0.84672,12.849,0.84672,3695.15,0,36.966,0.258214,2.55495,1.76219,13.0022,1.12118,15.94,0.42336,36.966,0.42336,423.524,0,1.02816,0,0,3.58311,2.55495,1.028160,1,0,111.242,0,0,0,111.242,0
72.29,1.98371,0,0,3.23925,0.153647,1.10189,3.6288,61.308,0.428247,0,0,1.47322,0.221122,0.823855,0.66528,12.849,1,0.35259,1.10189,0,91.2773,4.74579,87.2808,0.84672,12.849,0.84672,3695.15,0,36.966,0.258214,2.43249,1.76237,10.8592,1.12118,13.6746,0.42336,36.966,0.42336,423.524,0,1.02816,0,0,3.46065,2.43249,1.028160,1,0,101.779,0,0,0,101.779,0
72.29,2.08764,0,0,3.36832,0.153647,1.12703,3.6288,61.308,0.478535,0,0,1.29509,0.221122,0.595435,0.66528,12.849,1,0.371063,1.12703,0,90.1316,4.74579,86.1418,0.84672,12.849,0.84672,3695.15,0,36.966,0.288536,2.24415,1.76254,10.213,1.12118,12.81,0.42336,36.966,0.42336,423.524,0,1.02816,0,0,3.27231,2.24415,1.028160,1,0,99.5472,0,0,0,99.5472,0
72.2017,2.1569,0,0,2.57956,0.148062,0.36288,3.6288,61.308,0.428258,0,0,1.01408,0.221209,0.364609,0.66528,12.849,1,0.383372,0.36288,0,64.7255,5.0535,59.6515,0.84672,12.849,0.84672,3695.15,0,36.966,0.258221,1.67454,1.84776,7.92037,1.13457,10.0499,0.42336,36.966,0.42336,423.524,0,1.02816,0,0,2.7027,1.67454,1.028160,1,0,70.066,0,0,0,70.066,0
71.8846,2.15732,0,0,2.31017,0.107099,0.36288,3.6288,61.308,0.428258,0,0,0.91533,0.233505,0.253567,0.66528,12.849,1,0.383917,0.36288,0,50.851,5.31363,45.5163,0.84672,12.849,0.84672,3695.15,0,36.966,0.258221,1.29349,1.80078,7.46358,1.22554,9.07408,0.42336,36.966,0.42336,423.524,0,1.02816,0,0,2.32165,1.29349,1.028160,1,0,54.844,0,0,0,54.844,0
71.5329,2.15671,0,0,2.27475,0.106841,0.36288,3.6288,61.308,0.428258,0,0,0.916704,0.233505,0.254941,0.66528,12.849,1,0.385501,0.36288,0,47.8164,5.31363,42.4802,0.84672,12.849,0.84672,3695.15,0,36.966,0.258221,1.34007,1.80096,7.14208,1.22554,8.79936,0.42336,36.966,0.42336,423.524,0,1.02816,0,0,2.36823,1.34007,1.028160,1,0,51.5345,0,0,0,51.5345,0
70.9315,2.15593,0,0,2.03378,0.116333,0.36288,3.6288,61.308,0.428258,0,0,0.881703,0.230871,0.222574,0.66528,12.849,1,0.387256,0.36288,0,45.3312,5.1444,40.1625,0.84672,12.849,0.84672,3695.15,0,36.966,0.258221,1.44562,1.80114,6.59992,1.23207,8.3564,0.42336,36.966,0.42336,423.524,0,1.02816,0,0,2.47378,1.44562,1.028160,1,0,48.7414,0,0,0,48.7414,0
70.7161,2.13361,0,0,2.39903,0.117997,0.36288,3.6288,61.308,0.45593,0,0,0.902405,0.23125,0.215225,0.66528,12.849,1,0.386496,0.36288,0,50.8997,4.7164,46.1597,0.84672,12.849,0.84672,3695.15,0,36.966,0.274905,1.28585,1.80132,6.53746,1.27464,8.07508,0.42336,36.966,0.42336,423.524,0,1.02816,0,0,2.31401,1.28585,1.028160,1,0,54.45,0,0,0,54.45,0
70.7065,2.17097,0,0,2.62554,0.101229,0.36288,3.6288,61.308,0.428265,0,0,0.885004,0.236472,0.220267,0.66528,12.849,1,0.394461,0.36288,0,57.5325,4.71272,52.7882,0.84672,12.849,0.84672,3695.15,0,36.966,0.258225,1.08245,1.83127,6.96548,1.29433,8.32665,0.42336,36.966,0.42336,423.524,0,1.02816,0,0,2.11061,1.08245,1.028160,1,0,61.3351,0,0,0,61.3351,0
70.4712,2.17175,0,0,2.40048,0.101221,0.36288,3.6288,61.308,0.428265,0,0,0.863749,0.236472,0.199012,0.66528,12.849,1,0.394657,0.36288,0,56.7201,4.71272,51.9756,0.84672,12.849,0.84672,3695.15,0,36.966,0.258225,1.12121,1.8055,6.87977,1.29433,8.25393,0.42336,36.966,0.42336,423.524,0,1.02816,0,0,2.14937,1.12121,1.028160,1,0,60.4286,0,0,0,60.4286,0
70.0297,2.17146,0,0,2.19387,0.101038,0.36288,3.6288,61.308,0.428265,0,0,0.807736,0.236472,0.142999,0.66528,12.849,1,0.395922,0.36288,0,53.3504,4.71272,48.6047,0.84672,12.849,0.84672,3695.15,0,36.966,0.258225,0.808713,1.80568,6.54661,1.29433,7.60845,0.42336,36.966,0.42336,423.524,0,1.02816,0,0,1.83687,0.808713,1.028160,1,0,56.3561,0,0,0,56.3561,0
69.3893,2.22271,0,0,2.02813,0.0829518,0.36288,3.6288,61.308,0.452949,0,0,0.766325,0.280608,0.0327685,0.66528,12.849,1,0.407821,0.36288,0,47.4516,5.26036,42.1463,0.84672,12.849,0.84672,3695.15,0,36.966,0.273108,0.770247,1.80587,6.12236,1.48163,6.94373,0.42336,36.966,0.42336,423.524,0,1.02816,0,0,1.79841,0.770247,1.028160,1,0,49.1228,0,0,0,49.1228,0
68.9799,2.25375,0,0,2.28161,0.0743636,0.36288,3.6288,61.308,0.428271,0,0,0.960388,0.315071,0.217046,0.66528,12.849,1,0.417334,0.36288,0,51.1472,5.58211,45.5106,0.84672,12.849,0.84672,3695.15,0,36.966,0.258228,0.904625,1.84827,5.83095,1.52343,6.80218,0.42336,36.966,0.42336,423.524,0,1.02816,0,0,1.93279,0.904625,1.028160,1,0,52.5298,0,0,0,52.5298,0
68.4527,2.25251,0,0,2.1624,0.0741274,0.36288,3.6288,61.308,0.428271,0,0,0.859196,0.315071,0.115854,0.66528,12.849,1,0.419579,0.36288,0,45.1923,5.58211,39.5535,0.84672,12.849,0.84672,3695.15,0,36.966,0.258228,1.09299,1.82531,6.09014,1.52343,7.22677,0.42336,36.966,0.42336,423.524,0,1.02816,0,0,2.12115,1.09299,1.028160,1,0,46.8961,0,0,0,46.8961,0
67.7869,2.25063,0,0,2.02146,0.0738233,0.36288,3.6288,61.308,0.428271,0,0,0.794966,0.315071,0.0516244,0.66528,12.849,1,0.422458,0.36288,0,42.9713,5.58211,37.3296,0.84672,12.849,0.84672,3695.15,0,36.966,0.258228,0.910457,1.82549,5.34391,1.52343,6.2982,0.42336,36.966,0.42336,423.524,0,1.02816,0,0,1.93862,0.910457,1.028160,1,0,43.6794,0,0,0,43.6794,0
66.9437,2.40117,0,0,1.99429,0.0734392,0.36288,3.6288,61.308,0.517447,0,0,0.860086,0.315071,0.0275677,0.66528,12.849,1,0.455142,0.36288,0,39.8731,5.58211,34.1987,0.84672,12.849,0.84672,3695.15,0,36.966,0.311998,1.04114,1.82568,6.04339,1.52343,7.07478,0.42336,36.966,0.42336,423.524,0,1.02816,0,0,2.0693,1.04114,1.028160,1,0,41.301,0,0,0,41.301,0
65.8763,2.44252,0,0,1.8087,0.0706498,0.36288,3.6288,61.308,0.483799,0,0,0.824342,0.314689,0.0258548,0.66528,12.849,1,0.46881,0.36288,0,38.9829,5.68389,33.1931,0.84672,12.849,0.84672,3695.15,0,36.966,0.291709,1.03994,1.97046,6.89368,1.52195,8.09043,0.42336,36.966,0.42336,423.524,0,1.02816,0,0,2.0681,1.03994,1.028160,1,0,41.3094,0,0,0,41.3094,0
64.4703,2.43672,0,0,1.47576,0.0821947,0.36288,3.6288,61.2261,0.484056,0,0,0.70943,0.307284,0,0.66528,12.849,1,0.475275,0.36288,0,34.3948,5.51523,28.7672,0.84672,12.849,0.84672,3695.15,0,36.966,0.291864,0.882948,1.9391,6.22175,1.47952,7.27241,0.42336,36.966,0.42336,423.524,0,1.02816,0,0,1.91111,0.882948,1.028160,1,0,36.0396,0,0,0,36.0396,0
63.1688,2.42863,0,0,1.5713,0.0812729,0.36288,3.6288,61.1385,0.484069,0,0,0.703624,0.307125,0,0.66528,12.849,1,0.484028,0.36288,0,32.1296,5.51523,26.4932,0.84672,12.849,0.84672,3695.15,0,36.966,0.292263,0.853433,1.93954,6.55741,1.47952,7.5786,0.42336,36.966,0.42336,423.524,0,1.02816,0,0,1.88159,0.853433,1.028160,1,0,34.0718,0,0,0,34.0718,0
62.6536,2.42089,0,0,2.35842,0.0898955,0.36288,3.6288,61.1875,0.484065,0,0,0.837812,0.304811,0,0.66528,12.849,1,0.492428,0.36288,0,47.4441,5.45586,41.8587,0.84672,12.849,0.84672,3695.15,0,36.966,0.292679,1.22522,1.93998,6.96851,1.47224,8.36879,0.42336,36.966,0.42336,423.524,0,1.02816,0,0,2.25338,1.22522,1.028160,1,0,50.2275,0,0,0,50.2275,0
62.7838,2.34431,0,0,2.9335,0.0961094,0.36288,3.6288,61.308,0.43032,0,0,1.05541,0.281947,0.222601,0.66528,12.849,1,0.480771,0.36288,0,45.2644,5.1271,40.0194,0.84672,12.849,0.84672,3695.15,0,36.966,0.259975,1.28717,1.94043,8.29233,1.3579,9.90205,0.42336,36.966,0.42336,423.524,0,1.02816,0,0,2.31533,1.28717,1.028160,1,0,50.1441,0,0,0,50.1441,0
61.7128,2.34567,0,0,1.71646,0.078853,0.36288,3.6288,61.308,0.430883,0,0,0.855982,0.260858,0.164241,0.66528,12.849,1,0.480053,0.36288,0,40.5918,4.79756,35.677,0.84672,12.849,0.84672,3695.15,0,36.966,0.259803,0.801464,1.8571,6.98958,1.23092,8.15742,0.42336,36.966,0.42336,423.524,0,1.02816,0,0,1.82962,0.801464,1.028160,1,0,43.9987,0,0,0,43.9987,0
60.6726,2.33931,0,0,1.74012,0.0781624,0.36288,3.6288,61.308,0.431128,0,0,0.707832,0.260858,0.0158459,0.66528,12.849,1,0.487059,0.36288,0,39.958,4.79756,35.0363,0.84672,12.849,0.84672,3695.15,0,36.966,0.259951,0.671458,1.85752,6.30856,1.23092,7.34667,0.42336,36.966,0.42336,423.524,0,1.02816,0,0,1.69962,0.671458,1.028160,1,0,42.3988,0,0,0,42.3988,0
59.3521,2.33295,0,0,1.50319,0.127852,0.36288,3.6288,61.308,0.431373,0,0,0.713915,0.225971,0.056571,0.66528,12.849,1,0.494063,0.36288,0,47.0514,4.47793,42.4422,0.84672,12.849,0.84672,3695.15,0,36.966,0.260099,0.649477,1.85795,7.17763,1.11124,8.31371,0.42336,36.966,0.42336,423.524,0,1.02816,0,0,1.67764,0.649477,1.028160,1,0,50.8125,0,0,0,50.8125,0
58.2917,2.2644,0,0,1.78718,0.220245,0.36288,3.6288,61.308,0.382248,0,0,0.713413,0.164557,0.166608,0.66528,12.849,1,0.490215,0.36288,0,53.3752,4.91243,48.3355,0.84672,12.849,0.84672,3695.15,0,36.966,0.230478,0.744042,1.85837,9.55694,1.00348,10.9254,0.42336,36.966,0.42336,423.524,0,1.02816,0,0,1.7722,0.744042,1.028160,1,0,59.4275,0,0,0,59.4275,0
58.5637,2.19747,0,0,3.0347,0.202414,0.36288,3.6288,61.308,0.428268,0,0,1.01966,0.234501,0.35689,0.66528,12.849,1,0.484379,0.36288,0,84.8302,4.38406,80.3246,0.84672,12.849,0.84672,3695.15,0,36.966,0.258227,1.87347,1.78396,7.12273,0.99451,9.52743,0.42336,36.966,0.42336,423.524,0,1.02816,0,0,2.90163,1.87347,1.028160,1,0,90.209,0,0,0,90.209,0
58.5043,2.20014,0,0,2.70658,0.202949,0.36288,3.6288,61.308,0.428268,0,0,0.994305,0.234501,0.331536,0.66528,12.849,1,0.482715,0.36288,0,75.3436,4.38406,70.8397,0.84672,12.849,0.84672,3695.15,0,36.966,0.258227,0.898137,1.82732,6.04332,0.99451,7.51604,0.42336,36.966,0.42336,423.524,0,1.02816,0,0,1.9263,0.898137,1.028160,1,0,78.6872,0,0,0,78.6872,0
58.7498,2.20056,0,0,3.01175,0.202832,0.36288,3.6288,61.308,0.428268,0,0,1.00234,0.234501,0.339566,0.66528,12.849,1,0.483297,0.36288,0,84.0758,4.38406,79.5714,0.84672,12.849,0.84672,3695.15,0,36.966,0.258227,1.42994,1.82751,6.66675,0.99451,8.67145,0.42336,36.966,0.42336,423.524,0,1.02816,0,0,2.4581,1.42994,1.028160,1,0,88.5824,0,0,0,88.5824,0
58.7982,2.03266,0,0,2.64727,0.203315,0.36288,3.6288,61.308,0.325351,0,0,0.627305,0.234501,0.0674536,0.66528,12.849,1,0.444557,0.36288,0,75.1511,4.38406,70.6853,0.84672,12.849,0.84672,3695.15,0,36.966,0.196172,0.792564,1.8277,5.73807,0.99451,7.16765,0.42336,36.966,0.42336,423.524,0,1.02816,0,0,1.82072,0.792564,1.028160,1,0,77.9204,0,0,0,77.9204,0
59.1777,1.89836,0,0,2.83702,0.196293,0.36288,3.6288,61.308,0.428245,0,0,0.798093,0.203274,0.166574,0.66528,12.849,1,0.414843,0.36288,0,86.0026,4.04149,81.9091,0.84672,12.849,0.84672,3695.15,0,36.966,0.258213,1.3295,1.66152,7.09985,1.0188,8.81385,0.42336,36.966,0.42336,423.524,0,1.02816,0,0,2.35766,1.3295,1.028160,1,0,90.8895,0,0,0,90.8895,0
59.2829,1.9013,0,0,2.60631,0.236859,0.36288,3.6288,61.308,0.428245,0,0,0.756441,0.192514,0.135682,0.66528,12.849,1,0.412821,0.36288,0,70.0898,4.00419,66.0357,0.84672,12.849,0.84672,3695.15,0,36.966,0.258213,1.11968,1.75821,5.4702,0.999878,7.09,0.42336,36.966,0.42336,423.524,0,1.02816,0,0,2.14784,1.11968,1.028160,1,0,73.2614,0,0,0,73.2614,0
59.1706,1.90266,0,0,2.40493,0.251724,0.36288,3.6288,61.308,0.428245,0,0,0.936559,0.199221,0.309093,0.66528,12.849,1,0.412383,0.36288,0,63.6917,4.04124,59.6009,0.84672,12.849,0.84672,3695.15,0,36.966,0.258213,2.21622,1.75838,7.1362,0.970736,9.88185,0.42336,36.966,0.42336,423.524,0,1.02816,0,0,3.24438,2.21622,1.028160,1,0,69.7919,0,0,0,69.7919,0
60.2964,1.90277,0,0,3.6429,0.251452,0.36288,3.6288,61.308,0.428245,0,0,1.08316,0.199221,0.455696,0.66528,12.849,1,0.41319,0.36288,0,102.826,4.04124,98.734,0.84672,12.849,0.84672,3695.15,0,36.966,0.258213,2.66162,1.75855,8.49053,0.970736,11.6818,0.42336,36.966,0.42336,423.524,0,1.02816,0,0,3.68978,2.66162,1.028160,1,0,110.871,0,0,0,110.871,0
65.7684,1.97579,0,0,8.06819,0.25751,0.36288,3.6288,61.308,0.458077,0,0,3.465,0.202052,2.80487,0.66528,12.849,1,0.421036,0.36288,0,229.508,4.20435,225.245,0.84672,12.849,0.84672,3695.15,0,36.966,0.2762,2.48239,1.75872,16.711,1.03157,19.6443,0.42336,36.966,0.42336,423.524,0,1.02816,0,0,3.51055,2.48239,1.028160,1,0,247.694,0,0,0,247.694,0
67.3211,2.04587,0,0,4.23941,0.277981,0.36288,3.6288,61.308,0.428244,0,0,1.47786,0.20913,0.84049,0.66528,12.849,1,0.399696,0.36288,0,112.762,4.61213,108.113,0.84672,12.849,0.84672,3695.15,0,36.966,0.258212,2.26484,1.81082,6.04518,1.18367,8.67896,0.42336,36.966,0.42336,423.524,0,1.02816,0,0,3.293,2.26484,1.028160,1,0,117.633,0,0,0,117.633,0
68.1245,2.05438,0,0,3.50212,0.281427,0.36288,3.6288,61.308,0.428244,0,0,1.31909,0.20913,0.681712,0.66528,12.849,1,0.392101,0.36288,0,88.6533,4.61213,84.012,0.84672,12.849,0.84672,3695.15,0,36.966,0.258212,1.86747,1.78301,5.94118,1.18367,8.14978,0.42336,36.966,0.42336,423.524,0,1.02816,0,0,2.89563,1.86747,1.028160,1,0,92.8435,0,0,0,92.8435,0
68.2212,2.05904,0,0,2.8068,0.288206,0.36288,3.6288,61.308,0.428244,0,0,0.996684,0.192309,0.376132,0.66528,12.849,1,0.388356,0.36288,0,66.3803,4.41165,61.9431,0.84672,12.849,0.84672,3695.15,0,36.966,0.258212,1.07918,1.78318,4.72285,1.10631,6.22068,0.42336,36.966,0.42336,423.524,0,1.02816,0,0,2.10734,1.07918,1.028160,1,0,68.5399,0,0,0,68.5399,0
67.8715,2.27652,0,0,2.58483,0.295091,0.36288,3.6288,61.308,0.540344,0,0,0.90161,0.169881,0.191385,0.66528,12.849,1,0.428767,0.36288,0,60.9454,4.14435,56.7351,0.84672,12.849,0.84672,3695.15,0,36.966,0.325803,0.648216,1.78335,5.81982,1.00318,6.92241,0.42336,36.966,0.42336,423.524,0,1.02816,0,0,1.67638,0.648216,1.028160,1,0,63.8489,0,0,0,63.8489,0
69.1706,2.42657,0,0,4.34093,0.252462,0.36288,3.6288,61.308,0.428269,0,0,0.812445,0.172773,0.211403,0.66528,12.849,1,0.459382,0.36288,0,89.3331,3.77499,85.4616,0.84672,12.849,0.84672,3695.15,0,36.966,0.258227,0.695978,1.97051,3.23838,1.06669,4.57996,0.42336,36.966,0.42336,423.524,0,1.02816,0,0,1.72414,0.695978,1.028160,1,0,90.253,0,0,0,90.253,0
69.2887,2.4347,0,0,3.16375,0.247996,0.36288,3.6288,61.308,0.428269,0,0,1.24514,0.173255,0.643612,0.66528,12.849,1,0.452265,0.36288,0,87.8602,3.71343,84.0573,0.84672,12.849,0.84672,3695.15,0,36.966,0.258227,1.34444,1.86557,4.03701,1.07727,5.91153,0.42336,36.966,0.42336,423.524,0,1.02816,0,0,2.3726,1.34444,1.028160,1,0,90.6125,0,0,0,90.6125,0
70.8891,2.4362,0,0,4.65472,0.255288,0.36288,3.6288,61.308,0.428269,0,0,0.881436,0.169487,0.28368,0.66528,12.849,1,0.451773,0.36288,0,137.887,3.73531,134.062,0.84672,12.849,0.84672,3695.15,0,36.966,0.258227,1.73166,1.86576,4.15386,1.06769,6.42537,0.42336,36.966,0.42336,423.524,0,1.02816,0,0,2.75982,1.73166,1.028160,1,0,140.771,0,0,0,140.771,0
72.29,2.13513,0,0,5.62143,0.316448,1.76894,3.6288,61.308,0.277697,0,0,0.949,0.167451,0.503852,0.66528,12.849,1,0.387003,1.76894,0,119.932,3.81002,117.504,0.84672,12.849,0.84672,3695.15,0,36.966,0.167439,2.93575,1.86595,4.40669,1.04102,7.99993,0.42336,36.966,0.42336,423.524,0,1.02816,0,0,3.96391,2.93575,1.028160,1,0,126.008,0,0,0,126.008,0
72.29,1.93735,0,0,3.75767,0.319808,1.5005,3.6288,61.308,0.428236,0,0,0.807598,0.165988,0.213374,0.66528,12.849,1,0.34435,1.5005,0,80.9482,3.45257,78.6518,0.84672,12.849,0.84672,3695.15,0,36.966,0.258207,1.95653,1.61092,4.72303,0.956793,7.07547,0.42336,36.966,0.42336,423.524,0,1.02816,0,0,2.98469,1.95653,1.028160,1,0,85.9407,0,0,0,85.9407,0
72.29,1.9381,0,0,4.66878,0.316416,2.41426,3.6288,61.308,0.428236,0,0,1.34947,0.161172,0.760065,0.66528,12.849,1,0.344482,2.41426,0,87.7444,3.40557,86.4086,0.84672,12.849,0.84672,3695.15,0,36.966,0.258207,2.33956,1.75229,7.58411,0.935903,10.4818,0.42336,36.966,0.42336,423.524,0,1.02816,0,0,3.36772,2.33956,1.028160,1,0,97.6505,0,0,0,97.6505,0
72.29,1.93885,0,0,4.6754,0.316416,2.42014,3.6288,61.308,0.428236,0,0,0.984416,0.161172,0.395008,0.66528,12.849,1,0.344615,2.42014,0,127.507,3.40557,126.177,0.84672,12.849,0.84672,3695.15,0,36.966,0.258207,2.56574,1.75246,6.4078,0.935903,9.53189,0.42336,36.966,0.42336,423.524,0,1.02816,0,0,3.5939,2.56574,1.028160,1,0,136.104,0,0,0,136.104,0
72.29,1.93959,0,0,3.54434,0.349025,1.25573,3.6288,61.308,0.428236,0,0,0.829492,0.117862,0.283394,0.66528,12.849,1,0.344748,1.25573,0,82.8662,2.90895,80.8683,0.84672,12.849,0.84672,3695.15,0,36.966,0.258207,1.70292,1.75262,4.93408,0.797879,7.33353,0.42336,36.966,0.42336,423.524,0,1.02816,0,0,2.73108,1.70292,1.028160,1,0,88.4852,0,0,0,88.4852,0
72.29,2.01883,0,0,6.21705,0.341218,3.857,3.6288,61.308,0.465112,0,0,1.01954,0.126773,0.427652,0.66528,12.849,1,0.358832,3.857,0,127.081,3.25851,127.32,0.84672,12.849,0.84672,3695.15,0,36.966,0.280442,2.30933,1.75279,6.8734,0.822879,9.83219,0.42336,36.966,0.42336,423.524,0,1.02816,0,0,3.33749,2.30933,1.028160,1,0,137.58,0,0,0,137.58,0
72.29,2.06979,0,0,5.8981,0.2982,3.53011,3.6288,61.308,0.428244,0,0,0.882049,0.181964,0.271841,0.66528,12.849,1,0.367889,3.53011,0,143.198,4.22121,142.139,0.84672,12.849,0.84672,3695.15,0,36.966,0.258212,1.9075,1.81595,6.42042,0.994238,8.89141,0.42336,36.966,0.42336,423.524,0,1.02816,0,0,2.93566,1.9075,1.028160,1,0,151.302,0,0,0,151.302,0
72.29,2.07056,0,0,4.97307,0.2982,2.60431,3.6288,61.308,0.428244,0,0,0.772114,0.181964,0.161905,0.66528,12.849,1,0.368026,2.60431,0,109.274,4.22121,107.289,0.84672,12.849,0.84672,3695.15,0,36.966,0.258212,1.74848,1.78153,5.84972,0.994238,8.12728,0.42336,36.966,0.42336,423.524,0,1.02816,0,0,2.77664,1.74848,1.028160,1,0,115.578,0,0,0,115.578,0
72.29,2.07134,0,0,4.44633,0.2982,2.0768,3.6288,61.308,0.428244,0,0,0.704549,0.181964,0.0943404,0.66528,12.849,1,0.368164,2.0768,0,92.8731,4.22121,90.3605,0.84672,12.849,0.84672,3695.15,0,36.966,0.258212,1.55102,1.7817,5.33314,0.994238,7.41342,0.42336,36.966,0.42336,423.524,0,1.02816,0,0,2.57918,1.55102,1.028160,1,0,97.8683,0,0,0,97.8683,0
72.29,2.04139,0,0,4.95545,0.245075,2.66898,3.6288,61.308,0.413909,0,0,0.734772,0.168144,0.152718,0.66528,12.849,1,0.362842,2.66898,0,94.5268,3.44727,93.3857,0.84672,12.849,0.84672,3695.15,0,36.966,0.249569,1.52977,1.78187,5.61721,1.00235,7.67694,0.42336,36.966,0.42336,423.524,0,1.02816,0,0,2.55793,1.52977,1.028160,1,0,101.215,0,0,0,101.215,0
72.29,2.02265,0,0,3.46087,0.188788,1.24943,3.6288,61.308,0.428241,0,0,0.758592,0.234464,0.0958873,0.66528,12.849,1,0.359511,1.24943,0,70.1698,4.5864,66.4733,0.84672,12.849,0.84672,3695.15,0,36.966,0.25821,1.39395,1.75751,4.23501,1.13514,5.99312,0.42336,36.966,0.42336,423.524,0,1.02816,0,0,2.42211,1.39395,1.028160,1,0,72.5623,0,0,0,72.5623,0
72.29,2.02342,0,0,3.05249,0.188788,0.840289,3.6288,61.308,0.428241,0,0,0.835704,0.234464,0.172999,0.66528,12.849,1,0.359647,0.840289,0,65.5975,4.5864,61.4917,0.84672,12.849,0.84672,3695.15,0,36.966,0.25821,1.64818,1.77113,4.41355,1.13514,6.4395,0.42336,36.966,0.42336,423.524,0,1.02816,0,0,2.67634,1.64818,1.028160,1,0,68.1042,0,0,0,68.1042,0
72.29,2.02418,0,0,2.75714,0.188788,0.544166,3.6288,61.308,0.428241,0,0,0.729933,0.234464,0.0672283,0.66528,12.849,1,0.359783,0.544166,0,61.1423,4.5864,56.7403,0.84672,12.849,0.84672,3695.15,0,36.966,0.25821,1.16132,1.7713,4.13425,1.13514,5.67351,0.42336,36.966,0.42336,423.524,0,1.02816,0,0,2.18948,1.16132,1.028160,1,0,62.4811,0,0,0,62.4811,0
72.29,2.12931,0,0,3.3131,0.170542,1.01326,3.6288,61.2908,0.479121,0,0,0.705318,0.243365,0,0.66528,12.849,1,0.378468,1.01326,0,65.8161,5.28818,61.1628,0.84672,12.849,0.84672,3695.15,0,36.966,0.288889,1.24694,1.77146,5.55397,1.16281,7.12068,0.42336,36.966,0.42336,423.524,0,1.02816,0,0,2.2751,1.24694,1.028160,1,0,68.2834,0,0,0,68.2834,0
72.29,2.19934,0,0,2.85066,0.146728,0.504592,3.6288,61.308,0.428207,0,0,0.727039,0.234198,0.0474646,0.66528,12.849,1,0.390917,0.504592,0,70.529,5.29957,65.3431,0.84672,12.849,0.84672,3695.15,0,36.966,0.258262,1.27406,1.85768,4.18299,1.06592,5.99054,0.42336,36.966,0.42336,423.524,0,1.02816,0,0,2.30222,1.27406,1.028160,1,0,71.3811,0,0,0,71.3811,0
72.2786,2.20015,0,0,2.63001,0.0784269,0.36288,3.6288,61.308,0.428252,0,0,0.706164,0.246873,0.0310393,0.66528,12.849,1,0.39106,0.36288,0,52.444,5.28788,47.128,0.84672,12.849,0.84672,3695.15,0,36.966,0.258217,1.01434,1.81014,3.87053,1.16454,5.27225,0.42336,36.966,0.42336,423.524,0,1.02816,0,0,2.0425,1.01434,1.028160,1,0,52.4313,0,0,0,52.4313,0
72.1564,2.2009,0,0,2.5086,0.0670032,0.36288,3.6288,61.2957,0.428253,0,0,0.666377,0.250382,0,0.66528,12.849,1,0.391255,0.36288,0,47.8696,5.34755,42.4937,0.84672,12.849,0.84672,3695.15,0,36.966,0.258217,0.890724,1.81032,3.74173,1.18989,4.99466,0.42336,36.966,0.42336,423.524,0,1.02816,0,0,1.91888,0.890724,1.028160,1,0,47.4883,0,0,0,47.4883,0
71.9492,2.20114,0,0,2.42377,0.0669411,0.36288,3.6288,61.2969,0.42822,0,0,0.679735,0.250362,0,0.66528,12.849,1,0.391961,0.36288,0,45.6403,5.34755,40.2637,0.84672,12.849,0.84672,3695.15,0,36.966,0.258249,1.09974,1.81049,3.57896,1.18989,5.04106,0.42336,36.966,0.42336,423.524,0,1.02816,0,0,2.1279,1.09974,1.028160,1,0,45.3047,0,0,0,45.3047,0
71.565,2.18034,0,0,2.24177,0.082679,0.36288,3.6288,61.302,0.456217,0,0,0.728965,0.267621,0,0.66528,12.849,1,0.389375,0.36288,0,40.2665,5.26508,34.975,0.84672,12.849,0.84672,3695.15,0,36.966,0.275128,0.952163,1.81067,3.49156,1.23494,4.74433,0.42336,36.966,0.42336,423.524,0,1.02816,0,0,1.98032,0.952163,1.028160,1,0,39.7193,0,0,0,39.7193,0
71.0927,2.21741,0,0,2.18867,0.0806771,0.36288,3.6288,61.308,0.428243,0,0,0.82734,0.296785,0.0963343,0.66528,12.849,1,0.398121,0.36288,0,35.2438,5.54999,29.6585,0.84672,12.849,0.84672,3695.15,0,36.966,0.258237,0.768044,1.84096,3.76764,1.27977,4.83863,0.42336,36.966,0.42336,423.524,0,1.02816,0,0,1.7962,0.768044,1.028160,1,0,34.5935,0,0,0,34.5935,0
70.4568,2.21598,0,0,2.02329,0.0803864,0.36288,3.6288,61.308,0.428259,0,0,0.799857,0.296797,0.0748011,0.66528,12.849,1,0.400506,0.36288,0,35.0308,5.54999,29.4432,0.84672,12.849,0.84672,3695.15,0,36.966,0.258221,0.737657,1.81488,3.82037,1.27977,4.83492,0.42336,36.966,0.42336,423.524,0,1.02816,0,0,1.76582,0.737657,1.028160,1,0,34.3529,0,0,0,34.3529,0
69.637,2.21373,0,0,1.83679,0.0799949,0.36288,3.6288,61.308,0.428259,0,0,0.75562,0.296797,0.0305642,0.66528,12.849,1,0.403711,0.36288,0,33.9896,5.54999,28.3988,0.84672,12.849,0.84672,3695.15,0,36.966,0.258221,0.564443,1.81506,3.59111,1.27977,4.43262,0.42336,36.966,0.42336,423.524,0,1.02816,0,0,1.5926,0.564443,1.028160,1,0,32.862,0,0,0,32.862,0
68.6222,2.26361,0,0,1.68187,0.0701615,0.36288,3.6288,61.2552,0.453231,0,0,0.719159,0.318735,0,0.66528,12.849,1,0.417668,0.36288,0,29.9747,5.83228,24.0876,0.84672,12.849,0.84672,3695.15,0,36.966,0.273278,0.49909,1.81524,3.4875,1.38281,4.14574,0.42336,36.966,0.42336,423.524,0,1.02816,0,0,1.52725,0.49909,1.028160,1,0,28.2333,0,0,0,28.2333,0
67.4706,2.29294,0,0,1.56439,0.0601723,0.36288,3.6288,61.1051,0.428126,0,0,0.629484,0.351487,0,0.66528,12.849,1,0.429336,0.36288,0,30.2296,5.86614,24.297,0.84672,12.849,0.84672,3695.15,0,36.966,0.258363,0.482034,1.85813,3.27525,1.51468,3.84237,0.42336,36.966,0.42336,423.524,0,1.02816,0,0,1.51019,0.482034,1.028160,1,0,28.1394,0,0,0,28.1394,0
66.2253,2.2876,0,0,1.46483,0.0596314,0.36288,3.6288,60.9116,0.42773,0,0,0.585399,0.351153,0,0.66528,12.849,1,0.435648,0.36288,0,24.2716,5.86614,18.3327,0.84672,12.849,0.84672,3695.15,0,36.966,0.258759,0.454032,1.83489,2.95237,1.51468,3.46785,0.42336,36.966,0.42336,423.524,0,1.02816,0,0,1.48219,0.454032,1.028160,1,0,21.8005,0,0,0,21.8005,0
64.8555,2.28156,0,0,1.33368,0.0590466,0.36288,3.6288,60.6885,0.428127,0,0,0.55576,0.350723,0,0.66528,12.849,1,0.442667,0.36288,0,22.1202,5.86614,16.1743,0.84672,12.849,0.84672,3695.15,0,36.966,0.259822,0.227405,1.83508,2.75391,1.51468,3.04188,0.42336,36.966,0.42336,423.524,0,1.0267,0,0,1.2541,0.227405,1.028160,1,0,19.2162,0,0,0,19.2162,0
63.5835,2.42843,0,0,1.56582,0.0465154,0.36288,3.6288,60.5266,0.516496,0,0,0.694293,0.339688,0,0.66528,12.849,1,0.481115,0.36288,0,23.1229,6.041,16.9637,0.84672,12.849,0.84672,3695.15,0,36.966,0.314603,0.789368,1.83526,4.18323,1.56253,4.93072,0.42336,36.966,0.42336,423.524,0,1.02816,0,0,1.81753,0.789368,1.028160,1,0,21.8944,0,0,0,21.8944,0
61.9471,2.45009,0,0,1.21217,0.035628,0.36288,3.6288,60.255,0.49449,0,0,0.534374,0.311478,0,0.66528,12.849,1,0.495115,0.36288,0,21.6246,5.69316,15.7992,0.84672,12.849,0.84672,3695.15,0,36.966,0.302005,0.483278,1.98171,3.1365,1.55576,3.74373,0.42336,36.966,0.42336,423.524,0,1.02816,0,0,1.51144,0.483278,1.028160,1,0,19.543,0,0,0,19.543,0
60.0888,2.43979,0,0,0.975568,0.0311553,0.36288,3.6288,59.8933,0.493895,0,0,0.43724,0.305095,0,0.66528,12.849,1,0.506059,0.36288,0,18.6505,5.38829,13.119,0.84672,12.849,0.84672,3695.15,0,36.966,0.303001,0.298279,1.96166,2.90622,1.52897,3.33418,0.42336,36.966,0.42336,423.524,0,1.02816,0,0,1.32644,0.298279,1.028160,1,0,16.4532,0,0,0,16.4532,0
58.4355,2.42743,0,0,1.16764,0.0306706,0.36288,3.6288,59.5656,0.493011,0,0,0.469714,0.304392,0,0.66528,12.849,1,0.519066,0.36288,0,19.3021,5.38829,13.7576,0.84672,12.849,0.84672,3695.15,0,36.966,0.304286,0.412387,1.96209,3.18779,1.52897,3.72901,0.42336,36.966,0.42336,423.524,0,1.02816,0,0,1.44055,0.412387,1.028160,1,0,17.4866,0,0,0,17.4866,0
57.6003,2.41592,0,0,1.99656,0.0529109,0.36288,3.6288,59.3782,0.492226,0,0,0.603303,0.298451,0,0.66528,12.849,1,0.531222,0.36288,0,32.0776,5.23986,26.6694,0.84672,12.849,0.84672,3695.15,0,36.966,0.305472,0.649806,1.96252,3.52861,1.51077,4.3247,0.42336,36.966,0.42336,423.524,0,1.02816,0,0,1.67797,0.649806,1.028160,1,0,30.9941,0,0,0,30.9941,0
57.2175,2.33662,0,0,2.36479,0.0481372,0.36288,3.6288,59.5404,0.437724,0,0,0.874816,0.274905,0,0.66528,12.849,1,0.521233,0.36288,0,47.8822,5.2419,42.4819,0.84672,12.849,0.84672,3695.15,0,36.966,0.272506,1.39983,1.96295,4.67458,1.44516,6.31969,0.42336,36.966,0.42336,423.524,0,1.02816,0,0,2.42799,1.39983,1.028160,1,0,48.8016,0,0,0,48.8016,0
57.5025,2.33428,0,0,3.03488,0.0526889,0.36288,3.6288,60.3004,0.438418,0,0,1.43709,0.238628,0,0.66528,12.849,1,0.524196,0.36288,0,57.0741,4.7271,52.1857,0.84672,12.849,0.84672,3695.15,0,36.966,0.272194,3.57132,1.87864,8.19487,1.30838,12.0643,0.42336,36.966,0.42336,423.524,0,1.02816,0,0,4.59948,3.57132,1.028160,1,0,64.2499,0,0,0,64.2499,0
57.5057,2.33692,0,0,2.75586,0.0528365,0.36288,3.6288,60.8839,0.440782,0,0,1.26404,0.239788,0,0.66528,12.849,1,0.522187,0.36288,0,59.3206,4.7271,54.4342,0.84672,12.849,0.84672,3695.15,0,36.966,0.270213,2.47158,1.87905,7.42478,1.30838,10.1968,0.42336,36.966,0.42336,423.524,0,1.02816,0,0,3.49974,2.47158,1.028160,1,0,64.631,0,0,0,64.631,0
56.9355,2.33746,0,0,2.1829,0.0528381,0.36288,3.6288,61.308,0.442631,0,0,1.11478,0.240678,0.00736127,0.66528,12.849,1,0.522278,0.36288,0,45.1897,4.7271,40.3032,0.84672,12.849,0.84672,3695.15,0,36.966,0.268746,2.07636,1.87947,6.61962,1.30838,8.99833,0.42336,36.966,0.42336,423.524,0,1.02816,0,0,3.10452,2.07636,1.028160,1,0,49.3089,0,0,0,49.3089,0
57.3872,2.27342,0,0,3.18706,0.0990386,0.36288,3.6288,61.308,0.394088,0,0,1.27801,0.236125,0.647798,0.66528,12.849,1,0.513057,0.36288,0,66.0187,4.36617,61.5023,0.84672,12.849,0.84672,3695.15,0,36.966,0.237618,2.29728,1.87988,7.74602,1.25406,10.4315,0.42336,36.966,0.42336,423.524,0,1.02816,0,0,3.32544,2.29728,1.028160,1,0,72.5816,0,0,0,72.5816,0
59.0002,2.23276,0,0,4.38734,0.178675,0.36288,3.6288,61.308,0.428262,0,0,1.50485,0.188512,0.888072,0.66528,12.849,1,0.499915,0.36288,0,80.8758,4.0235,76.7153,0.84672,12.849,0.84672,3695.15,0,36.966,0.258223,2.65149,1.8046,9.46763,0.980063,12.6854,0.42336,36.966,0.42336,423.524,0,1.02816,0,0,3.67965,2.65149,1.028160,1,0,90.2888,0,0,0,90.2888,0
60.6365,2.24478,0,0,4.43546,0.191502,0.36288,3.6288,61.308,0.428262,0,0,2.5606,0.175891,1.95645,0.66528,12.849,1,0.488867,0.36288,0,95.072,4.07169,90.8743,0.84672,12.849,0.84672,3695.15,0,36.966,0.258223,4.81099,1.83684,15.6704,0.955738,21.1042,0.42336,36.966,0.42336,423.524,0,1.02816,0,0,5.83915,4.81099,1.028160,1,0,113.935,0,0,0,113.935,0
65.0484,2.25648,0,0,7.22574,0.194452,0.36288,3.6288,61.308,0.428262,0,0,1.8636,0.175891,1.25944,0.66528,12.849,1,0.478152,0.36288,0,106.91,4.07169,102.724,0.84672,12.849,0.84672,3695.15,0,36.966,0.258223,4.99934,1.83702,14.5593,0.955738,20.1817,0.42336,36.966,0.42336,423.524,0,1.02816,0,0,6.0275,4.99934,1.028160,1,0,124.165,0,0,0,124.165,0
68.128,2.10898,0,0,5.77476,0.223375,0.36288,3.6288,61.308,0.324158,0,0,1.71871,0.172204,1.22235,0.66528,12.849,1,0.416587,0.36288,0,109.541,4.59648,104.89,0.84672,12.849,0.84672,3695.15,0,36.966,0.195453,4.00954,1.8372,12.2311,1.08264,16.7998,0.42336,36.966,0.42336,423.524,0,1.02816,0,0,5.0377,4.00954,1.028160,1,0,122.912,0,0,0,122.912,0
70.8805,1.98521,0,0,5.344,0.243398,0.36288,3.6288,61.308,0.428239,0,0,1.42263,0.191098,0.803292,0.66528,12.849,1,0.374413,0.36288,0,78.7379,4.00228,74.7241,0.84672,12.849,0.84672,3695.15,0,36.966,0.258209,3.11869,1.6691,11.3085,1.00695,14.8311,0.42336,36.966,0.42336,423.524,0,1.02816,0,0,4.14685,3.11869,1.028160,1,0,90.3585,0,0,0,90.3585,0
72.29,1.99828,0,0,6.63324,0.256907,2.96852,3.6288,61.308,0.428239,0,0,1.00198,0.205729,0.368008,0.66528,12.849,1,0.362242,2.96852,0,72.4539,3.49104,71.5692,0.84672,12.849,0.84672,3695.15,0,36.966,0.258209,1.96218,1.7669,9.9522,0.934328,12.4887,0.42336,36.966,0.42336,423.524,0,1.02816,0,0,2.99034,1.96218,1.028160,1,0,84.4259,0,0,0,84.4259,0
72.29,2.00504,0,0,10.1066,0.259685,7.84192,3.6288,61.308,0.428239,0,0,3.13708,0.205729,2.50311,0.66528,12.849,1,0.35638,7.84192,0,95.1152,3.49104,99.1097,0.84672,12.849,0.84672,3695.15,0,36.966,0.258209,4.96822,1.76707,15.8306,0.934328,21.3734,0.42336,36.966,0.42336,423.524,0,1.02816,0,0,5.99638,4.96822,1.028160,1,0,122.986,0,0,0,122.986,0
72.29,2.0058,0,0,6.81179,0.297356,4.50864,3.6288,61.308,0.428239,0,0,1.98454,0.207277,1.34902,0.66528,12.849,1,0.356516,4.50864,0,90.9455,3.589,91.5086,0.84672,12.849,0.84672,3695.15,0,36.966,0.258209,3.41361,1.76724,11.9978,1.03067,15.8898,0.42336,36.966,0.42336,423.524,0,1.02816,0,0,4.44177,3.41361,1.028160,1,0,108.747,0,0,0,108.747,0
72.29,2.00608,0,0,7.13642,0.292474,4.83787,3.6288,61.308,0.428034,0,0,0.958487,0.203098,0.327354,0.66528,12.849,1,0.356565,4.83787,0,92.3728,3.6645,93.1896,0.84672,12.849,0.84672,3695.15,0,36.966,0.258086,2.93625,1.7674,11.9794,1.00592,15.419,0.42336,36.966,0.42336,423.524,0,1.02816,0,0,3.96441,2.93625,1.028160,1,0,108.936,0,0,0,108.936,0
72.29,2.004,0,0,4.26181,0.263844,1.99397,3.6288,61.308,0.510746,0,0,0.90923,0.186062,0.212422,0.66528,12.849,1,0.356195,1.99397,0,99.3842,4.23791,96.7841,0.84672,12.849,0.84672,3695.15,0,36.966,0.307957,1.50868,1.76721,8.96789,0.904937,11.0309,0.42336,36.966,0.42336,423.524,0,1.02816,0,0,2.53684,1.50868,1.028160,1,0,108.027,0,0,0,108.027,0
72.29,2.00447,0,0,16.1937,0.267813,13.9214,3.6288,61.308,0.51095,0,0,4.01624,0.234271,3.27102,0.66528,12.849,1,0.35628,13.9214,0,224.734,4.96052,233.339,0.84672,12.849,0.84672,3695.15,0,36.966,0.30808,6.37971,1.86919,33.4286,1.18994,40.1795,0.42336,36.966,0.42336,423.524,0,1.02816,0,0,7.40787,6.37971,1.028160,1,0,276.789,0,0,0,276.789,0
72.29,2.00495,0,0,18.6472,0.267813,16.3744,3.6288,61.308,0.511154,0,0,7.2941,0.234271,6.54868,0.66528,12.849,1,0.356365,16.3744,0,341.192,4.96052,352.249,0.84672,12.849,0.84672,3695.15,0,36.966,0.308203,10.3238,1.86954,41.2715,1.18994,51.9666,0.42336,36.966,0.42336,423.524,0,1.02816,0,0,11.3519,10.3238,1.028160,1,0,410.765,0,0,0,410.765,0
72.29,2.00543,0,0,10.1822,0.267813,7.90891,3.6288,61.308,0.511358,0,0,4.92339,0.234271,4.17776,0.66528,12.849,1,0.35645,7.90891,0,232.609,4.96052,235.201,0.84672,12.849,0.84672,3695.15,0,36.966,0.308326,5.82285,1.8699,26.8414,1.18994,33.0359,0.42336,36.966,0.42336,423.524,0,1.02816,0,0,6.85101,5.82285,1.028160,1,0,272.414,0,0,0,272.414,0
72.29,2.22661,0,0,8.8236,0.258716,6.33828,3.6288,61.308,0.624946,0,0,3.82007,0.210333,2.98479,0.66528,12.849,1,0.395762,6.33828,0,139.808,4.5491,141.202,0.84672,12.849,0.84672,3695.15,0,36.966,0.376814,4.67718,1.87026,27.0905,1.0858,32.1754,0.42336,36.966,0.42336,423.524,0,1.02816,0,0,5.70534,4.67718,1.028160,1,0,176.362,0,0,0,176.362,0
72.29,2.22713,0,0,8.29259,0.268832,5.79662,3.6288,61.308,0.625173,0,0,4.18462,0.21658,3.34287,0.66528,12.849,1,0.395856,5.79662,0,176.45,4.4582,177.392,0.84672,12.849,0.84672,3695.15,0,36.966,0.376952,4.05152,2.05975,25.429,1.1271,30.0362,0.42336,36.966,0.42336,423.524,0,1.02816,0,0,5.07968,4.05152,1.028160,1,0,210.771,0,0,0,210.771,0
72.29,2.22766,0,0,6.06071,0.268832,3.56422,3.6288,61.308,0.625401,0,0,2.77396,0.21658,1.93198,0.66528,12.849,1,0.395949,3.56422,0,111.135,4.4582,109.845,0.84672,12.849,0.84672,3695.15,0,36.966,0.377089,2.586,2.06015,15.7683,1.1271,18.9102,0.42336,36.966,0.42336,423.524,0,1.02816,0,0,3.61416,2.586,1.028160,1,0,130.687,0,0,0,130.687,0
72.29,2.22818,0,0,6.01263,0.268832,3.51561,3.6288,61.308,0.625629,0,0,2.59047,0.21658,1.74826,0.66528,12.849,1,0.396042,3.51561,0,104.576,4.4582,103.237,0.84672,12.849,0.84672,3695.15,0,36.966,0.377227,2.19472,2.06054,12.5995,1.1271,15.3505,0.42336,36.966,0.42336,423.524,0,1.02816,0,0,3.22288,2.19472,1.028160,1,0,120.336,0,0,0,120.336,0
72.29,1.91366,0,0,7.55067,0.291336,5.34568,3.6288,61.308,0.473566,0,0,3.5345,0.19795,2.86299,0.66528,12.849,1,0.340138,5.34568,0,149.844,3.84234,151.007,0.84672,12.849,0.84672,3695.15,0,36.966,0.285539,3.44157,2.06094,16.2138,1.04689,20.3839,0.42336,36.966,0.42336,423.524,0,1.02816,0,0,4.46973,3.44157,1.028160,1,0,174.254,0,0,0,174.254,0
72.29,1.91412,0,0,7.58307,0.296433,5.37252,3.6288,61.308,0.473762,0,0,3.30764,0.199709,2.63417,0.66528,12.849,1,0.34022,5.37252,0,90.4166,3.71837,91.7305,0.84672,12.849,0.84672,3695.15,0,36.966,0.285657,3.00733,1.8032,14.417,1.04086,17.901,0.42336,36.966,0.42336,423.524,0,1.02816,0,0,4.03549,3.00733,1.028160,1,0,112.266,0,0,0,112.266,0
72.29,1.91458,0,0,8.19608,0.296433,5.98507,3.6288,61.308,0.473958,0,0,3.56509,0.199709,2.89142,0.66528,12.849,1,0.340301,5.98507,0,105.875,3.71837,107.801,0.84672,12.849,0.84672,3695.15,0,36.966,0.285775,3.57978,1.80355,17.6336,1.04086,21.6903,0.42336,36.966,0.42336,423.524,0,1.02816,0,0,4.60794,3.57978,1.028160,1,0,132.383,0,0,0,132.383,0
72.29,1.91503,0,0,7.25224,0.296433,5.04077,3.6288,61.308,0.474154,0,0,3.02998,0.199709,2.35612,0.66528,12.849,1,0.340383,5.04077,0,141.699,3.71837,142.681,0.84672,12.849,0.84672,3695.15,0,36.966,0.285894,3.07349,1.80389,13.5077,1.04086,17.0583,0.42336,36.966,0.42336,423.524,0,1.02816,0,0,4.10165,3.07349,1.028160,1,0,162.096,0,0,0,162.096,0
72.29,1.91549,0,0,6.67038,0.313456,4.44143,3.6288,61.308,0.47435,0,0,3.56422,0.129283,2.96059,0.66528,12.849,1,0.340465,4.44143,0,115.975,2.60394,117.472,0.84672,12.849,0.84672,3695.15,0,36.966,0.286012,3.37436,1.80423,14.2188,0.581608,18.5297,0.42336,36.966,0.42336,423.524,0,1.02816,0,0,4.40252,3.37436,1.028160,1,0,138.962,0,0,0,138.962,0
72.29,1.99534,0,0,6.21927,0.343841,3.88009,3.6288,61.308,0.511841,0,0,4.96657,0.17596,4.27876,0.66528,12.849,1,0.354657,3.88009,0,120.743,3.78294,120.486,0.84672,12.849,0.84672,3695.15,0,36.966,0.308618,3.78556,1.80458,14.717,0.932453,19.0661,0.42336,36.966,0.42336,423.524,0,1.02816,0,0,4.81372,3.78556,1.028160,1,0,143.83,0,0,0,143.83,0
72.29,1.99582,0,0,5.45113,0.343841,3.11147,3.6288,61.308,0.512045,0,0,4.18014,0.17596,3.49214,0.66528,12.849,1,0.354741,3.11147,0,96.7982,3.78294,95.772,0.84672,12.849,0.84672,3695.15,0,36.966,0.308741,3.83692,1.86863,12.5772,0.932453,17.0415,0.42336,36.966,0.42336,423.524,0,1.02816,0,0,4.86508,3.83692,1.028160,1,0,116.306,0,0,0,116.306,0
72.29,1.99629,0,0,8.2695,0.341663,5.93154,3.6288,61.308,0.512249,0,0,4.8943,0.154897,4.22715,0.66528,12.849,1,0.354826,5.93154,0,159.185,3.03825,161.724,0.84672,12.849,0.84672,3695.15,0,36.966,0.308864,5.5852,1.86899,34.6833,0.792189,41.0364,0.42336,36.966,0.42336,423.524,0,1.02816,0,0,6.61336,5.5852,1.028160,1,0,206.987,0,0,0,206.987,0
72.29,1.99677,0,0,5.3944,0.292031,3.1056,3.6288,61.308,0.512454,0,0,3.96173,0.190903,3.25837,0.66528,12.849,1,0.354911,3.1056,0,96.4112,3.14864,96.0132,0.84672,12.849,0.84672,3695.15,0,36.966,0.308987,4.12055,1.86935,15.7257,0.874119,20.5325,0.42336,36.966,0.42336,423.524,0,1.02816,0,0,5.14871,4.12055,1.028160,1,0,119.804,0,0,0,119.804,0
72.29,1.96618,0,0,4.37753,0.27819,2.13316,3.6288,61.308,0.49816,0,0,2.05661,0.216885,1.34157,0.66528,12.849,1,0.349474,2.13316,0,84.4007,4.41531,81.7691,0.84672,12.849,0.84672,3695.15,0,36.966,0.300368,1.89637,1.86971,11.6559,1.03902,14.0826,0.42336,36.966,0.42336,423.524,0,1.02816,0,0,2.92453,1.89637,1.028160,1,0,97.1932,0,0,0,97.1932,0
72.29,1.96665,0,0,4.10281,0.25936,1.8768,3.6288,61.308,0.498361,0,0,1.87063,0.223125,1.14914,0.66528,12.849,1,0.349557,1.8768,0,78.5428,4.4709,75.5991,0.84672,12.849,0.84672,3695.15,0,36.966,0.30049,1.80044,1.84525,10.6898,1.0429,12.9921,0.42336,36.966,0.42336,423.524,0,1.02816,0,0,2.8286,1.80044,1.028160,1,0,89.7403,0,0,0,89.7403,0
72.29,1.96712,0,0,3.77527,0.25936,1.54879,3.6288,61.308,0.498562,0,0,1.85434,0.223125,1.13266,0.66528,12.849,1,0.349641,1.54879,0,70.9171,4.4709,67.6454,0.84672,12.849,0.84672,3695.15,0,36.966,0.300611,1.84317,1.84561,10.2147,1.0429,12.56,0.42336,36.966,0.42336,423.524,0,1.02816,0,0,2.87133,1.84317,1.028160,1,0,81.338,0,0,0,81.338,0
72.29,1.96759,0,0,3.64672,0.264789,1.41434,3.6288,61.308,0.498764,0,0,2.37074,0.211484,1.66049,0.66528,12.849,1,0.349724,1.41434,0,68.5074,4.36023,65.2118,0.84672,12.849,0.84672,3695.15,0,36.966,0.300732,2.44679,1.84596,12.6424,1.00184,15.6326,0.42336,36.966,0.42336,423.524,0,1.02816,0,0,3.47495,2.44679,1.028160,1,0,82.5049,0,0,0,82.5049,0
72.29,2.0736,0,0,3.31888,0.27618,0.969104,3.6288,61.308,0.55042,0,0,1.63777,0.177117,0.910235,0.66528,12.849,1,0.368567,0.969104,0,54.267,4.04985,50.8177,0.84672,12.849,0.84672,3695.15,0,36.966,0.331879,1.42808,1.84631,8.60795,0.91173,10.6387,0.42336,36.966,0.42336,423.524,0,1.02816,0,0,2.45624,1.42808,1.028160,1,0,62.3666,0,0,0,62.3666,0
72.29,2.07409,0,0,3.27977,0.212783,0.992895,3.6288,61.308,0.550632,0,0,1.63893,0.220622,0.867676,0.66528,12.849,1,0.368654,0.992895,0,51.9026,4.54179,47.985,0.84672,12.849,0.84672,3695.15,0,36.966,0.332007,1.70529,1.93368,8.2518,1.07452,10.4842,0.42336,36.966,0.42336,423.524,0,1.02816,0,0,2.73345,1.70529,1.028160,1,0,59.3369,0,0,0,59.3369,0
72.29,2.07459,0,0,2.98162,0.149438,0.757597,3.6288,61.308,0.550844,0,0,1.3907,0.243151,0.596707,0.66528,12.849,1,0.368742,0.757597,0,49.1432,4.84407,44.688,0.84672,12.849,0.84672,3695.15,0,36.966,0.332135,1.40369,1.93405,7.38228,1.13533,9.25255,0.42336,36.966,0.42336,423.524,0,1.02816,0,0,2.43185,1.40369,1.028160,1,0,54.5372,0,0,0,54.5372,0
72.29,2.07508,0,0,2.74076,0.149438,0.516247,3.6288,61.308,0.551057,0,0,1.12114,0.243151,0.326936,0.66528,12.849,1,0.368829,0.516247,0,45.0577,4.84407,40.361,0.84672,12.849,0.84672,3695.15,0,36.966,0.332263,1.0463,1.93443,6.68917,1.13533,8.2023,0.42336,36.966,0.42336,423.524,0,1.02816,0,0,2.07446,1.0463,1.028160,1,0,48.8903,0,0,0,48.8903,0
72.29,2.07557,0,0,2.96981,0.149883,0.744356,3.6288,61.308,0.551269,0,0,1.10703,0.235763,0.320003,0.66528,12.849,1,0.368917,0.744356,0,47.226,4.72431,42.8771,0.84672,12.849,0.84672,3695.15,0,36.966,0.332391,1.11118,1.9348,7.01292,1.10822,8.61828,0.42336,36.966,0.42336,423.524,0,1.02816,0,0,2.13934,1.11118,1.028160,1,0,51.8154,0,0,0,51.8154,0
72.29,2.05517,0,0,3.44609,0.150994,1.23993,3.6288,61.308,0.579792,0,0,1.49347,0.217292,0.696383,0.66528,12.849,1,0.365291,1.23993,0,59.4059,4.42491,55.8556,0.84672,12.849,0.84672,3695.15,0,36.966,0.349589,1.55225,1.93517,8.0568,1.04045,10.1542,0.42336,36.966,0.42336,423.524,0,1.02816,0,0,2.58041,1.55225,1.028160,1,0,66.7062,0,0,0,66.7062,0
72.29,2.05566,0,0,3.14948,0.150994,0.942825,3.6288,61.308,0.58001,0,0,1.39665,0.217292,0.599345,0.66528,12.849,1,0.365378,0.942825,0,55.8763,4.42491,52.0288,0.84672,12.849,0.84672,3695.15,0,36.966,0.34972,1.17709,1.96599,7.66662,1.04045,9.41952,0.42336,36.966,0.42336,423.524,0,1.02816,0,0,2.20525,1.17709,1.028160,1,0,62.0477,0,0,0,62.0477,0
72.29,2.05615,0,0,2.89602,0.131953,0.707923,3.6288,61.308,0.580229,0,0,1.32349,0.261169,0.482095,0.66528,12.849,1,0.365465,0.707923,0,50.0282,4.98951,45.3811,0.84672,12.849,0.84672,3695.15,0,36.966,0.349852,1.17855,1.96637,7.29985,1.24654,8.84837,0.42336,36.966,0.42336,423.524,0,1.02816,0,0,2.20671,1.17855,1.028160,1,0,54.7116,0,0,0,54.7116,0
72.29,2.05664,0,0,2.71534,0.117672,0.541026,3.6288,61.308,0.580447,0,0,1.24232,0.294076,0.367797,0.66528,12.849,1,0.365552,0.541026,0,44.964,5.41296,39.7265,0.84672,12.849,0.84672,3695.15,0,36.966,0.349984,1.12418,1.96675,7.03408,1.40111,8.37392,0.42336,36.966,0.42336,423.524,0,1.02816,0,0,2.15234,1.12418,1.028160,1,0,48.4683,0,0,0,48.4683,0
72.29,2.11113,0,0,2.73201,0.114847,0.506035,3.6288,61.308,0.605918,0,0,1.42017,0.290578,0.523679,0.66528,12.849,1,0.375237,0.506035,0,45.1367,5.41395,39.8535,0.84672,12.849,0.84672,3695.15,0,36.966,0.365342,1.45498,1.96713,6.14418,1.38975,7.8112,0.42336,36.966,0.42336,423.524,0,1.02816,0,0,2.48314,1.45498,1.028160,1,0,48.1884,0,0,0,48.1884,0
72.29,2.11163,0,0,2.70033,0.114377,0.474323,3.6288,61.308,0.606142,0,0,1.43838,0.289995,0.542242,0.66528,12.849,1,0.375326,0.474323,0,42.4241,5.41411,37.109,0.84672,12.849,0.84672,3695.15,0,36.966,0.365477,1.57291,2.0107,6.17613,1.38785,8.00641,0.42336,36.966,0.42336,423.524,0,1.02816,0,0,2.60107,1.57291,1.028160,1,0,45.6577,0,0,0,45.6577,0
72.0489,2.11213,0,0,2.34827,0.114377,0.36288,3.6288,61.308,0.606366,0,0,1.35175,0.289995,0.455394,0.66528,12.849,1,0.375415,0.36288,0,40.1377,5.41411,34.7111,0.84672,12.849,0.84672,3695.15,0,36.966,0.365612,1.35332,2.01108,6.01024,1.38785,7.62118,0.42336,36.966,0.42336,423.524,0,1.02816,0,0,2.38148,1.35332,1.028160,1,0,42.7877,0,0,0,42.7877,0
71.6227,2.11156,0,0,2.16239,0.114167,0.36288,3.6288,61.308,0.60659,0,0,1.32444,0.289995,0.427859,0.66528,12.849,1,0.376571,0.36288,0,37.8555,5.41411,32.4277,0.84672,12.849,0.84672,3695.15,0,36.966,0.365747,1.23087,2.01147,5.94941,1.38785,7.43815,0.42336,36.966,0.42336,423.524,0,1.02816,0,0,2.25903,1.23087,1.028160,1,0,40.2937,0,0,0,40.2937,0
70.9867,2.26822,0,0,2.07904,0.0839358,0.36288,3.6288,61.308,0.66528,0,0,1.31485,0.326235,0.323338,0.66528,12.849,1,0.406915,0.36288,0,34.8674,5.89534,28.928,0.84672,12.849,0.84672,3695.15,0,36.966,0.453645,1.33588,2.01186,6.71209,1.52561,8.08058,0.42336,36.966,0.42336,423.524,0,1.02816,0,0,2.36404,1.33588,1.028160,1,0,37.3319,0,0,0,37.3319,0
70.3735,2.26566,0,0,2.10489,0.089556,0.36288,3.6288,61.308,0.66528,0,0,1.11477,0.312658,0.136829,0.66528,12.849,1,0.410098,0.36288,0,29.5911,5.78254,23.7614,0.84672,12.849,0.84672,3695.15,0,36.966,0.454035,1.10481,2.16016,6.17215,1.6313,7.35178,0.42336,36.966,0.42336,423.524,0,1.02816,0,0,2.13297,1.10481,1.028160,1,0,31.25,0,0,0,31.25,0
70.0151,2.26317,0,0,2.35198,0.0843064,0.36288,3.6288,61.308,0.66528,0,0,1.36988,0.315248,0.389353,0.66528,12.849,1,0.413217,0.36288,0,37.6543,5.85732,31.7467,0.84672,12.849,0.84672,3695.15,0,36.966,0.454425,1.6504,2.16058,6.55141,1.64624,8.26173,0.42336,36.966,0.42336,423.524,0,1.02816,0,0,2.67856,1.6504,1.028160,1,0,40.3978,0,0,0,40.3978,0
69.1644,2.26192,0,0,1.85816,0.0840737,0.36288,3.6288,61.308,0.66528,0,0,0.999959,0.315248,0.019431,0.66528,12.849,1,0.415102,0.36288,0,38.8581,5.85732,32.9485,0.84672,12.849,0.84672,3695.15,0,36.966,0.454816,0.890793,2.161,5.19114,1.64624,6.14187,0.42336,36.966,0.42336,423.524,0,1.02816,0,0,1.91895,0.890793,1.028160,1,0,39.1098,0,0,0,39.1098,0
68.7518,2.25815,0,0,2.289,0.0805904,0.36288,3.6288,61.308,0.66528,0,0,1.80174,0.319972,0.81649,0.66528,12.849,1,0.419507,0.36288,0,36.6119,5.93106,30.6242,0.84672,12.849,0.84672,3695.15,0,36.966,0.455206,2.44838,2.16142,8.40923,1.64501,10.9188,0.42336,36.966,0.42336,423.524,0,1.02816,0,0,3.47654,2.44838,1.028160,1,0,42.3595,0,0,0,42.3595,0
68.3282,2.17993,0,0,2.1821,0.062802,0.36288,3.6288,61.308,0.643827,0,0,1.87174,0.348316,0.879601,0.66528,12.849,1,0.407407,0.36288,0,37.495,6.3735,31.077,0.84672,12.849,0.84672,3695.15,0,36.966,0.388199,1.66956,2.16184,13.018,1.63765,14.8235,0.42336,36.966,0.42336,423.524,0,1.02816,0,0,2.69772,1.66956,1.028160,1,0,46.7801,0,0,0,46.7801,0
68.1332,2.17832,0,0,2.47637,0.130261,0.36288,3.6288,61.308,0.644059,0,0,1.80545,0.30001,0.86138,0.66528,12.849,1,0.409629,0.36288,0,31.6311,5.98699,25.5974,0.84672,12.849,0.84672,3695.15,0,36.966,0.388339,1.49516,2.07657,9.81685,1.5049,11.4953,0.42336,36.966,0.42336,423.524,0,1.02816,0,0,2.52332,1.49516,1.028160,1,0,37.9541,0,0,0,37.9541,0
68.7384,2.17785,0,0,3.27601,0.130062,0.36288,3.6288,61.308,0.644291,0,0,2.34879,0.30001,1.40449,0.66528,12.849,1,0.410713,0.36288,0,46.0456,5.98699,40.0108,0.84672,12.849,0.84672,3695.15,0,36.966,0.388479,2.46368,2.07697,14.0929,1.5049,16.7401,0.42336,36.966,0.42336,423.524,0,1.02816,0,0,3.49184,2.46368,1.028160,1,0,58.1554,0,0,0,58.1554,0
70.3268,2.18141,0,0,4.26341,0.130678,0.36288,3.6288,61.308,0.644523,0,0,3.32357,0.30001,2.37903,0.66528,12.849,1,0.407762,0.36288,0,90.1584,5.98699,84.1265,0.84672,12.849,0.84672,3695.15,0,36.966,0.388619,3.86446,2.07737,16.7358,1.5049,20.7841,0.42336,36.966,0.42336,423.524,0,1.02816,0,0,4.89262,3.86446,1.028160,1,0,107.29,0,0,0,107.29,0
69.5367,2.12654,0,0,1.81735,0.118026,0.36288,3.6288,61.308,0.594258,0,0,1.30577,0.232364,0.47915,0.66528,12.849,1,0.388528,0.36288,0,37.8866,4.77905,33.0819,0.84672,12.849,0.84672,3695.15,0,36.966,0.358311,0.847282,2.07777,7.37215,1.07241,8.86648,0.42336,36.966,0.42336,423.524,0,1.02816,0,0,1.87544,0.847282,1.028160,1,0,42.4275,0,0,0,42.4275,0
69.0214,2.12332,0,0,2.17664,0.205748,0.36288,3.6288,61.308,0.59448,0,0,0.874964,0.195091,0.0853935,0.66528,12.849,1,0.392347,0.36288,0,40.0942,4.39322,35.6715,0.84672,12.849,0.84672,3695.15,0,36.966,0.358445,0.263174,2.00164,7.2951,1.02343,8.17804,0.42336,36.966,0.42336,423.524,0,1.02816,0,0,1.29133,0.263174,1.028160,1,0,43.9349,0,0,0,43.9349,0
68.1061,2.12135,0,0,1.81131,0.242421,0.36288,3.6288,60.9002,0.829184,0,0,0.612401,0.191005,0,0.66528,12.849,1,0.39491,0.36288,0,32.5744,4.43215,28.1103,0.84672,12.849,0.84672,3695.15,0,36.966,0.499961,0.292723,2.00202,6.09068,1.07303,6.81243,0.42336,36.966,0.42336,423.524,0,0.652294,0,0,0.945017,0.292723,1.028160,1,0,34.9227,0,0,0,34.9227,0
68.1116,2.11739,0,0,2.72648,0.240695,0.36288,3.6288,61.308,0.593428,0,0,1.48302,0.190513,0.291292,0.66528,12.849,1,0.39947,0.36288,0,50.7954,4.43215,46.3267,0.84672,12.849,0.84672,3695.15,0,36.966,0.360206,1.70325,2.00241,12.35,1.07303,14.6224,0.42336,36.966,0.42336,423.524,0,1.02816,0,0,2.73141,1.70325,1.028160,1,0,61.2404,0,0,0,61.2404,0
72.29,1.93925,0,0,6.83346,0.253316,0.46249,3.6288,61.308,0.489885,0,0,4.42813,0.20701,3.73123,0.66528,12.849,1,0.365833,0.46249,0,135.994,4.34139,131.749,0.84672,12.849,0.84672,3695.15,0,36.966,0.295379,4.0681,2.00279,17.875,1.11284,22.5376,0.42336,36.966,0.42336,423.524,0,1.02816,0,0,5.09626,4.0681,1.028160,1,0,158.018,0,0,0,158.018,0
72.29,1.95768,0,0,4.02215,0.286433,1.77804,3.6288,61.308,0.490084,0,0,4.23685,0.239043,3.50772,0.66528,12.849,1,0.347962,1.77804,0,75.4989,4.56393,72.3651,0.84672,12.849,0.84672,3695.15,0,36.966,0.295499,2.25882,1.83302,11.2848,1.23665,13.8445,0.42336,36.966,0.42336,423.524,0,1.02816,0,0,3.28698,2.25882,1.028160,1,0,89.7173,0,0,0,89.7173,0
72.29,1.95814,0,0,5.43427,0.286433,3.1897,3.6288,61.308,0.490284,0,0,5.3231,0.239043,4.59378,0.66528,12.849,1,0.348045,3.1897,0,86.4043,4.56393,84.682,0.84672,12.849,0.84672,3695.15,0,36.966,0.295619,2.88838,1.83337,15.789,1.23665,18.9785,0.42336,36.966,0.42336,423.524,0,1.02816,0,0,3.91654,2.88838,1.028160,1,0,108.254,0,0,0,108.254,0
72.29,1.95861,0,0,5.53948,0.286433,3.29443,3.6288,61.308,0.490483,0,0,5.1721,0.239043,4.44258,0.66528,12.849,1,0.348128,3.29443,0,141.215,4.56393,139.597,0.84672,12.849,0.84672,3695.15,0,36.966,0.29574,2.84123,1.83373,17.647,1.23665,20.7896,0.42336,36.966,0.42336,423.524,0,1.02816,0,0,3.86939,2.84123,1.028160,1,0,164.829,0,0,0,164.829,0
72.29,1.95908,0,0,14.9655,0.281105,12.7253,3.6288,61.308,0.490683,0,0,11.5191,0.260094,10.7683,0.66528,12.849,1,0.348212,12.7253,0,277.139,4.6416,284.875,0.84672,12.849,0.84672,3695.15,0,36.966,0.29586,10.0106,1.83408,52.1003,1.29658,62.3526,0.42336,36.966,0.42336,423.524,0,1.02816,0,0,11.0388,10.0106,1.028160,1,0,357.996,0,0,0,357.996,0
72.29,2.02897,0,0,8.241,0.245484,5.96655,3.6288,61.308,0.52139,0,0,5.79766,0.256364,5.0199,0.66528,12.849,1,0.360634,5.96655,0,224.945,5.19708,225.354,0.84672,12.849,0.84672,3695.15,0,36.966,0.314375,5.45994,1.83443,26.6119,1.43893,32.1529,0.42336,36.966,0.42336,423.524,0,1.02816,0,0,6.4881,5.45994,1.028160,1,0,262.527,0,0,0,262.527,0
72.29,2.02943,0,0,9.75707,0.245484,7.48215,3.6288,61.308,0.521588,0,0,6.87025,0.256364,6.0923,0.66528,12.849,1,0.360717,7.48215,0,220.172,5.19708,222.097,0.84672,12.849,0.84672,3695.15,0,36.966,0.314494,6.63174,1.88788,27.0408,1.43893,33.807,0.42336,36.966,0.42336,423.524,0,1.02816,0,0,7.6599,6.63174,1.028160,1,0,261.996,0,0,0,261.996,0
72.29,2.0299,0,0,14.2389,0.233699,11.9753,3.6288,61.308,0.521785,0,0,9.48734,0.2515,8.71406,0.66528,12.849,1,0.360799,11.9753,0,334.914,5.16528,341.363,0.84672,12.849,0.84672,3695.15,0,36.966,0.314613,7.55603,1.88823,37.7225,1.38409,45.468,0.42336,36.966,0.42336,423.524,0,1.02816,0,0,8.58419,7.55603,1.028160,1,0,395.545,0,0,0,395.545,0
72.29,2.03036,0,0,7.80883,0.251519,5.52695,3.6288,61.308,0.521983,0,0,8.54747,0.268795,7.75669,0.66528,12.849,1,0.360882,5.52695,0,402.197,4.52355,402.84,0.84672,12.849,0.84672,3695.15,0,36.966,0.314733,8.02898,1.88857,32.5128,1.1587,40.957,0.42336,36.966,0.42336,423.524,0,1.02816,0,0,9.05714,8.02898,1.028160,1,0,451.553,0,0,0,451.553,0
72.29,2.25395,0,0,7.84132,0.267129,5.32024,3.6288,61.308,0.636814,0,0,6.6912,0.190519,5.86386,0.66528,12.849,1,0.400623,5.32024,0,234.998,3.72955,236.189,0.84672,12.849,0.84672,3695.15,0,36.966,0.383971,5.26076,1.88892,21.0256,1.05925,26.7321,0.42336,36.966,0.42336,423.524,0,1.02816,0,0,6.28892,5.26076,1.028160,1,0,268.784,0,0,0,268.784,0
72.29,2.25446,0,0,14.8668,0.266741,12.3456,3.6288,61.308,0.637035,0,0,10.5005,0.151735,9.71177,0.66528,12.849,1,0.400714,12.3456,0,352.95,3.36011,361.535,0.84672,12.849,0.84672,3695.15,0,36.966,0.384104,7.94185,2.08048,38.6427,1.03287,47.248,0.42336,36.966,0.42336,423.524,0,1.02816,0,0,8.97001,7.94185,1.028160,1,0,418.495,0,0,0,418.495,0
72.29,2.25497,0,0,5.82366,0.266741,3.30195,3.6288,61.308,0.637256,0,0,4.90063,0.151735,4.11164,0.66528,12.849,1,0.400804,3.30195,0,290.62,3.36011,290.161,0.84672,12.849,0.84672,3695.15,0,36.966,0.384237,3.64442,2.08087,16.0191,1.03287,20.3273,0.42336,36.966,0.42336,423.524,0,1.02816,0,0,4.67258,3.64442,1.028160,1,0,314.6,0,0,0,314.6,0
72.29,2.25548,0,0,4.63027,0.275418,2.09937,3.6288,61.308,0.637478,0,0,4.56568,0.216028,3.71217,0.66528,12.849,1,0.400895,2.09937,0,180.907,4.13033,178.475,0.84672,12.849,0.84672,3695.15,0,36.966,0.384371,3.37059,2.08126,14.2327,1.16601,18.1341,0.42336,36.966,0.42336,423.524,0,1.02816,0,0,4.39875,3.37059,1.028160,1,0,200.321,0,0,0,200.321,0
72.29,1.93749,0,0,7.18081,0.260767,4.98256,3.6288,61.308,0.483736,0,0,7.34646,0.222842,6.63988,0.66528,12.849,1,0.344373,4.98256,0,303.944,4.45123,304.131,0.84672,12.849,0.84672,3695.15,0,36.966,0.291671,8.17769,2.08164,22.1185,1.16204,30.9241,0.42336,36.966,0.42336,423.524,0,1.02816,0,0,9.20585,8.17769,1.028160,1,0,341.695,0,0,0,341.695,0
72.29,1.93793,0,0,6.93023,0.301513,4.69079,3.6288,61.308,0.483926,0,0,2.75174,0.107907,2.1599,0.66528,12.849,1,0.344453,4.69079,0,221.151,3.09613,222.401,0.84672,12.849,0.84672,3695.15,0,36.966,0.291786,3.88714,1.82106,14.233,0.864011,18.7854,0.42336,36.966,0.42336,423.524,0,1.02816,0,0,4.9153,3.88714,1.028160,1,0,243.347,0,0,0,243.347,0
72.29,1.93838,0,0,8.06492,0.301513,5.82503,3.6288,61.308,0.484116,0,0,4.16689,0.107907,3.57487,0.66528,12.849,1,0.344532,5.82503,0,234.242,3.09613,236.627,0.84672,12.849,0.84672,3695.15,0,36.966,0.2919,4.85111,1.82139,18.0455,0.864011,23.5621,0.42336,36.966,0.42336,423.524,0,1.02816,0,0,5.87927,4.85111,1.028160,1,0,263.764,0,0,0,263.764,0
72.29,1.93882,0,0,9.03113,0.301513,6.7908,3.6288,61.308,0.484306,0,0,4.79156,0.107907,4.19935,0.66528,12.849,1,0.344611,6.7908,0,307.995,3.09613,311.345,0.84672,12.849,0.84672,3695.15,0,36.966,0.292015,5.76392,1.82172,21.6064,0.864011,28.036,0.42336,36.966,0.42336,423.524,0,1.02816,0,0,6.79208,5.76392,1.028160,1,0,343.581,0,0,0,343.581,0
72.29,1.93927,0,0,8.58237,0.269493,6.37361,3.6288,61.308,0.484496,0,0,4.35712,0.0907526,3.78187,0.66528,12.849,1,0.34469,6.37361,0,287.384,2.79901,290.614,0.84672,12.849,0.84672,3695.15,0,36.966,0.29213,6.25404,1.82206,20.3979,0.804773,27.3771,0.42336,36.966,0.42336,423.524,0,1.02816,0,0,7.2822,6.25404,1.028160,1,0,321.773,0,0,0,321.773,0
72.29,2.01997,0,0,10.7872,0.315265,8.45198,3.6288,61.308,0.52239,0,0,4.04154,0.114168,3.40498,0.66528,12.849,1,0.359034,8.45198,0,256.694,2.84739,261.94,0.84672,12.849,0.84672,3695.15,0,36.966,0.314978,5.13283,1.82239,29.6484,0.712375,35.5763,0.42336,36.966,0.42336,423.524,0,1.02816,0,0,6.16099,5.13283,1.028160,1,0,300.921,0,0,0,300.921,0
72.29,2.02043,0,0,11.7583,0.315265,9.42257,3.6288,61.308,0.522588,0,0,4.11179,0.114168,3.47504,0.66528,12.849,1,0.359116,9.42257,0,243.69,2.84739,249.906,0.84672,12.849,0.84672,3695.15,0,36.966,0.315097,5.63753,1.88713,28.1191,0.712375,34.6163,0.42336,36.966,0.42336,423.524,0,1.02816,0,0,6.66569,5.63753,1.028160,1,0,287.998,0,0,0,287.998,0
72.29,2.02089,0,0,9.32895,0.315265,6.9928,3.6288,61.308,0.522786,0,0,3.09629,0.114168,2.45934,0.66528,12.849,1,0.359198,6.9928,0,248.255,2.84739,252.041,0.84672,12.849,0.84672,3695.15,0,36.966,0.315217,4.12128,1.88748,23.402,0.712375,28.3831,0.42336,36.966,0.42336,423.524,0,1.02816,0,0,5.14944,4.12128,1.028160,1,0,282.884,0,0,0,282.884,0
72.29,2.02136,0,0,8.06985,0.25879,5.7897,3.6288,61.308,0.522984,0,0,2.9045,0.112584,2.26893,0.66528,12.849,1,0.359281,5.7897,0,184.308,2.19657,187.541,0.84672,12.849,0.84672,3695.15,0,36.966,0.315336,3.84557,1.88783,19.0477,0.722179,23.7436,0.42336,36.966,0.42336,423.524,0,1.02816,0,0,4.87373,3.84557,1.028160,1,0,213.554,0,0,0,213.554,0
72.29,1.99041,0,0,6.67751,0.289769,4.39733,3.6288,61.308,0.508527,0,0,3.38729,0.135355,2.74341,0.66528,12.849,1,0.353781,4.39733,0,169.576,3.39074,170.229,0.84672,12.849,0.84672,3695.15,0,36.966,0.306619,3.55648,1.88817,20.7668,0.932208,24.9726,0.42336,36.966,0.42336,423.524,0,1.02816,0,0,4.58464,3.55648,1.028160,1,0,197.945,0,0,0,197.945,0
72.29,1.99087,0,0,6.43835,0.260247,4.18723,3.6288,61.308,0.508722,0,0,3.04473,0.169591,2.36641,0.66528,12.849,1,0.353862,4.18723,0,141.643,3.5238,141.953,0.84672,12.849,0.84672,3695.15,0,36.966,0.306737,3.64607,1.86344,16.4025,0.958296,20.647,0.42336,36.966,0.42336,423.524,0,1.02816,0,0,4.67423,3.64607,1.028160,1,0,164.966,0,0,0,164.966,0
72.29,1.99133,0,0,5.81455,0.237048,3.58617,3.6288,61.308,0.508917,0,0,2.85422,0.180031,2.16528,0.66528,12.849,1,0.353943,3.58617,0,132.516,3.6645,132.084,0.84672,12.849,0.84672,3695.15,0,36.966,0.306854,3.58491,1.86378,15.0546,0.978044,19.2184,0.42336,36.966,0.42336,423.524,0,1.02816,0,0,4.61307,3.58491,1.028160,1,0,153.467,0,0,0,153.467,0
72.29,1.99178,0,0,5.59444,0.237048,3.36561,3.6288,61.308,0.509112,0,0,2.79811,0.180031,2.10896,0.66528,12.849,1,0.354024,3.36561,0,126.582,3.6645,125.929,0.84672,12.849,0.84672,3695.15,0,36.966,0.306972,3.65193,1.86412,13.9018,0.978044,18.1328,0.42336,36.966,0.42336,423.524,0,1.02816,0,0,4.68009,3.65193,1.028160,1,0,146.171,0,0,0,146.171,0
72.29,2.09892,0,0,5.39818,0.228093,3.07116,3.6288,61.308,0.561322,0,0,2.90167,0.203844,2.13651,0.66528,12.849,1,0.373068,3.07116,0,123.691,4.0686,122.321,0.84672,12.849,0.84672,3695.15,0,36.966,0.338452,3.90986,1.86447,15.3001,1.0227,19.7132,0.42336,36.966,0.42336,423.524,0,1.02816,0,0,4.93802,3.90986,1.028160,1,0,144.17,0,0,0,144.17,0
72.29,2.0994,0,0,5.19964,0.237869,2.86237,3.6288,61.308,0.561528,0,0,2.48023,0.18903,1.72967,0.66528,12.849,1,0.373153,2.86237,0,116.359,4.16472,114.684,0.84672,12.849,0.84672,3695.15,0,36.966,0.338577,2.90503,1.95277,14.1179,0.91801,17.7191,0.42336,36.966,0.42336,423.524,0,1.02816,0,0,3.93319,2.90503,1.028160,1,0,134.133,0,0,0,134.133,0
72.29,2.09988,0,0,4.87065,0.143305,2.62747,3.6288,61.308,0.561734,0,0,2.33583,0.193533,1.58057,0.66528,12.849,1,0.373238,2.62747,0,104.949,4.3617,102.842,0.84672,12.849,0.84672,3695.15,0,36.966,0.338701,2.4837,1.95313,12.6997,0.901261,15.8965,0.42336,36.966,0.42336,423.524,0,1.02816,0,0,3.51186,2.4837,1.028160,1,0,120.319,0,0,0,120.319,0
72.29,2.10036,0,0,4.49836,0.143305,2.2547,3.6288,61.308,0.56194,0,0,2.29425,0.193533,1.53878,0.66528,12.849,1,0.373323,2.2547,0,95.5048,4.3617,93.0245,0.84672,12.849,0.84672,3695.15,0,36.966,0.338825,2.25927,1.95349,12.1943,0.901261,15.167,0.42336,36.966,0.42336,423.524,0,1.02816,0,0,3.28743,2.25927,1.028160,1,0,109.73,0,0,0,109.73,0
72.29,2.10084,0,0,4.46278,0.147425,2.21452,3.6288,61.308,0.562146,0,0,2.13259,0.197897,1.37255,0.66528,12.849,1,0.373408,2.21452,0,90.7001,4.43583,88.1054,0.84672,12.849,0.84672,3695.15,0,36.966,0.338949,2.07271,1.95386,11.6854,0.937456,14.4356,0.42336,36.966,0.42336,423.524,0,1.02816,0,0,3.10087,2.07271,1.028160,1,0,103.914,0,0,0,103.914,0
72.29,2.0802,0,0,5.5033,0.149925,3.27318,3.6288,61.308,0.590969,0,0,1.55037,0.23238,0.727021,0.66528,12.849,1,0.369739,3.27318,0,94.7108,4.94472,92.6695,0.84672,12.849,0.84672,3695.15,0,36.966,0.356328,1.93032,1.95422,10.334,1.17367,12.6886,0.42336,36.966,0.42336,423.524,0,1.02816,0,0,2.95848,1.93032,1.028160,1,0,106.085,0,0,0,106.085,0
72.29,2.08067,0,0,5.17472,0.094443,2.99961,3.6288,61.308,0.591181,0,0,1.54577,0.253135,0.701458,0.66528,12.849,1,0.369824,2.99961,0,88.1159,5.105,85.6407,0.84672,12.849,0.84672,3695.15,0,36.966,0.356456,1.80792,1.98536,10.2666,1.22127,12.4821,0.42336,36.966,0.42336,423.524,0,1.02816,0,0,2.83608,1.80792,1.028160,1,0,98.8243,0,0,0,98.8243,0
72.29,2.08115,0,0,4.80243,0.0943765,2.62691,3.6288,61.308,0.591393,0,0,1.53659,0.253135,0.692062,0.66528,12.849,1,0.369908,2.62691,0,80.9836,5.105,78.1356,0.84672,12.849,0.84672,3695.15,0,36.966,0.356584,1.86355,1.98572,9.4087,1.22127,11.6801,0.42336,36.966,0.42336,423.524,0,1.02816,0,0,2.89171,1.86355,1.028160,1,0,90.5078,0,0,0,90.5078,0
72.29,2.08162,0,0,4.46451,0.0943765,2.28852,3.6288,61.308,0.591605,0,0,1.53106,0.253135,0.68632,0.66528,12.849,1,0.369992,2.28852,0,75.6035,5.105,72.417,0.84672,12.849,0.84672,3695.15,0,36.966,0.356712,1.89386,1.98609,9.14967,1.22127,11.4516,0.42336,36.966,0.42336,423.524,0,1.02816,0,0,2.92202,1.89386,1.028160,1,0,84.5549,0,0,0,84.5549,0
72.29,2.13668,0,0,4.97676,0.0900317,2.75005,3.6288,61.308,0.617342,0,0,1.73683,0.298244,0.821244,0.66528,12.849,1,0.379779,2.75005,0,87.4377,5.71812,84.0898,0.84672,12.849,0.84672,3695.15,0,36.966,0.37223,1.77427,1.98646,9.00832,1.40221,10.9946,0.42336,36.966,0.42336,423.524,0,1.02816,0,0,2.80243,1.77427,1.028160,1,0,95.9057,0,0,0,95.9057,0
72.29,2.13717,0,0,4.62586,0.0895258,2.39916,3.6288,61.308,0.617559,0,0,1.46286,0.306689,0.538616,0.66528,12.849,1,0.379865,2.39916,0,71.9945,5.84251,68.1713,0.84672,12.849,0.84672,3695.15,0,36.966,0.372361,1.78794,2.03048,8.63127,1.44559,10.6318,0.42336,36.966,0.42336,423.524,0,1.02816,0,0,2.8161,1.78794,1.028160,1,0,79.3417,0,0,0,79.3417,0
72.29,2.13765,0,0,4.27688,0.0895258,2.0497,3.6288,61.308,0.617776,0,0,1.35658,0.306689,0.432109,0.66528,12.849,1,0.379951,2.0497,0,69.0362,5.84251,64.8634,0.84672,12.849,0.84672,3695.15,0,36.966,0.372492,1.44524,2.03086,7.50488,1.44559,9.1629,0.42336,36.966,0.42336,423.524,0,1.02816,0,0,2.4734,1.44524,1.028160,1,0,74.4584,0,0,0,74.4584,0
72.29,2.13814,0,0,4.37191,0.0846246,2.14915,3.6288,61.308,0.617994,0,0,1.50655,0.309279,0.579275,0.66528,12.849,1,0.380038,2.14915,0,65.6605,5.91729,61.5124,0.84672,12.849,0.84672,3695.15,0,36.966,0.372623,1.77899,2.03124,9.2829,1.46053,11.26,0.42336,36.966,0.42336,423.524,0,1.02816,0,0,2.80715,1.77899,1.028160,1,0,73.3516,0,0,0,73.3516,0
72.29,2.2986,0,0,4.76302,0.0739231,2.39049,3.6288,61.308,0.66528,0,0,1.51103,0.295494,0.550259,0.66528,12.849,1,0.408559,2.39049,0,63.4402,5.91095,59.5111,0.84672,12.849,0.84672,3695.15,0,36.966,0.473488,1.82085,2.03161,10.0151,1.48922,11.9048,0.42336,36.966,0.42336,423.524,0,1.02816,0,0,2.84901,1.82085,1.028160,1,0,71.9662,0,0,0,71.9662,0
72.29,2.29912,0,0,5.0222,0.070843,2.65224,3.6288,61.308,0.66528,0,0,1.35951,0.32897,0.365263,0.66528,12.849,1,0.408651,2.65224,0,59.8302,5.61498,56.4588,0.84672,12.849,0.84672,3695.15,0,36.966,0.473866,1.46985,2.18149,7.53572,1.44472,9.26848,0.42336,36.966,0.42336,423.524,0,1.02816,0,0,2.49801,1.46985,1.028160,1,0,66.0925,0,0,0,66.0925,0
72.29,2.29964,0,0,4.40723,0.070843,2.03675,3.6288,61.308,0.66528,0,0,1.31158,0.32897,0.317328,0.66528,12.849,1,0.408743,2.03675,0,76.0553,5.61498,72.0684,0.84672,12.849,0.84672,3695.15,0,36.966,0.474245,1.35859,2.1819,7.23626,1.44472,8.85778,0.42336,36.966,0.42336,423.524,0,1.02816,0,0,2.38675,1.35859,1.028160,1,0,81.2435,0,0,0,81.2435,0
72.29,2.30016,0,0,4.50114,0.070843,2.13014,3.6288,61.308,0.66528,0,0,1.5045,0.32897,0.51025,0.66528,12.849,1,0.408836,2.13014,0,65.8825,5.61498,61.9888,0.84672,12.849,0.84672,3695.15,0,36.966,0.474623,1.4939,2.1823,7.51473,1.44472,9.27159,0.42336,36.966,0.42336,423.524,0,1.02816,0,0,2.52206,1.4939,1.028160,1,0,71.7707,0,0,0,71.7707,0
72.29,2.30068,0,0,4.54158,0.0721115,2.16879,3.6288,61.308,0.66528,0,0,1.5159,0.322075,0.528541,0.66528,12.849,1,0.408928,2.16879,0,66.8493,5.43014,63.179,0.84672,12.849,0.84672,3695.15,0,36.966,0.475002,2.11005,2.18271,9.61183,1.37276,12.0568,0.42336,36.966,0.42336,423.524,0,1.02816,0,0,3.13821,2.11005,1.028160,1,0,75.7644,0,0,0,75.7644,0
72.29,2.22315,0,0,7.95623,-0.0386935,5.77177,3.6288,61.308,0.655576,0,0,1.98569,0.400949,0.929163,0.66528,12.849,1,0.395148,5.77177,0,105.723,6.65647,104.444,0.84672,12.849,0.84672,3695.15,0,36.966,0.395283,2.38557,2.18312,19.717,1.66442,22.226,0.42336,36.966,0.42336,423.524,0,1.02816,0,0,3.41373,2.38557,1.028160,1,0,127.599,0,0,0,127.599,0
72.29,2.22365,0,0,7.47654,0.0962808,5.1566,3.6288,61.308,0.655801,0,0,2.24323,0.312038,1.27539,0.66528,12.849,1,0.395238,5.1566,0,95.872,4.46282,96.1706,0.84672,12.849,0.84672,3695.15,0,36.966,0.395419,2.57432,2.09692,19.6287,1.1162,22.7883,0.42336,36.966,0.42336,423.524,0,1.02816,0,0,3.60248,2.57432,1.028160,1,0,120.234,0,0,0,120.234,0
72.29,2.22416,0,0,8.66972,0.111696,6.33387,3.6288,61.308,0.656026,0,0,2.91101,0.317069,1.93792,0.66528,12.849,1,0.395327,6.33387,0,100.697,4.54419,102.091,0.84672,12.849,0.84672,3695.15,0,36.966,0.395555,3.35351,2.09731,27.0691,1.1628,30.9616,0.42336,36.966,0.42336,423.524,0,1.02816,0,0,4.38167,3.35351,1.028160,1,0,134.99,0,0,0,134.99,0
72.29,2.22466,0,0,8.40689,0.111696,6.07054,3.6288,61.308,0.656251,0,0,2.89772,0.317069,1.9244,0.66528,12.849,1,0.395417,6.07054,0,138.974,4.54419,140.105,0.84672,12.849,0.84672,3695.15,0,36.966,0.39569,3.3277,2.0977,27.1409,1.1628,31.0078,0.42336,36.966,0.42336,423.524,0,1.02816,0,0,4.35586,3.3277,1.028160,1,0,173.038,0,0,0,173.038,0
72.29,2.16105,0,0,6.15438,0.104757,3.88858,3.6288,61.308,0.60544,0,0,2.8467,0.29144,1.94982,0.66528,12.849,1,0.38411,3.88858,0,205.666,4.07601,205.094,0.84672,12.849,0.84672,3695.15,0,36.966,0.365054,3.72,2.09809,25.7416,1.14596,30.0487,0.42336,36.966,0.42336,423.524,0,1.02816,0,0,4.74816,3.72,1.028160,1,0,237.093,0,0,0,237.093,0
72.29,2.16154,0,0,3.84487,0.198666,1.48466,3.6288,61.308,0.605655,0,0,1.89157,0.293423,0.992494,0.66528,12.849,1,0.384198,1.48466,0,159.372,4.68941,155.783,0.84672,12.849,0.84672,3695.15,0,36.966,0.365183,1.60981,2.02112,18.4768,1.31858,20.424,0.42336,36.966,0.42336,423.524,0,1.02816,0,0,2.63797,1.60981,1.028160,1,0,177.199,0,0,0,177.199,0
72.29,2.16203,0,0,3.90514,0.215185,1.52792,3.6288,61.308,0.60587,0,0,1.42944,0.296957,0.526618,0.66528,12.849,1,0.384285,1.52792,0,53.0043,4.85016,49.2978,0.84672,12.849,0.84672,3695.15,0,36.966,0.365313,1.05456,2.0215,12.9546,1.34946,14.3158,0.42336,36.966,0.42336,423.524,0,1.02816,0,0,2.08272,1.05456,1.028160,1,0,64.1403,0,0,0,64.1403,0
72.29,2.16252,0,0,3.90987,0.215185,1.53216,3.6288,61.308,0.606085,0,0,1.94129,0.296957,1.03824,0.66528,12.849,1,0.384372,1.53216,0,57.2848,4.85016,53.5824,0.84672,12.849,0.84672,3695.15,0,36.966,0.365442,2.32439,2.02187,15.469,1.34946,18.1003,0.42336,36.966,0.42336,423.524,0,1.02816,0,0,3.35255,2.32439,1.028160,1,0,72.721,0,0,0,72.721,0
72.29,1.98078,0,0,3.96692,0.231886,1.75425,3.6288,61.308,0.49992,0,0,1.78126,0.260088,1.02125,0.66528,12.849,1,0.352068,1.75425,0,82.868,4.51914,79.751,0.84672,12.849,0.84672,3695.15,0,36.966,0.30143,0.979119,2.02225,16.7537,1.26337,18.1903,0.42336,36.966,0.42336,423.524,0,1.02816,0,0,2.00728,0.979119,1.028160,1,0,98.9626,0,0,0,98.9626,0
72.29,1.98123,0,0,3.99361,0.258314,1.75406,3.6288,61.308,0.500114,0,0,1.90452,0.239032,1.16538,0.66528,12.849,1,0.352149,1.75406,0,119.855,4.6033,116.654,0.84672,12.849,0.84672,3695.15,0,36.966,0.301546,0.445556,1.85065,14.8427,1.10034,15.7371,0.42336,36.966,0.42336,423.524,0,1.02816,0,0,1.47372,0.445556,1.028160,1,0,133.556,0,0,0,133.556,0
72.29,1.98169,0,0,3.01007,0.258314,0.770073,3.6288,61.308,0.500307,0,0,1.74131,0.239032,1.00197,0.66528,12.849,1,0.35223,0.770073,0,109.795,4.6033,105.61,0.84672,12.849,0.84672,3695.15,0,36.966,0.301663,1.1258,1.85099,14.47,1.10034,16.0448,0.42336,36.966,0.42336,423.524,0,1.02816,0,0,2.15396,1.1258,1.028160,1,0,122.657,0,0,0,122.657,0
72.29,1.98214,0,0,3.0234,0.258314,0.78295,3.6288,61.308,0.500501,0,0,2.04129,0.239032,1.30175,0.66528,12.849,1,0.35231,0.78295,0,93.8494,4.6033,89.6767,0.84672,12.849,0.84672,3695.15,0,36.966,0.30178,3.05478,1.85133,23.8057,1.10034,27.3097,0.42336,36.966,0.42336,423.524,0,1.02816,0,0,4.08294,3.05478,1.028160,1,0,118.288,0,0,0,118.288,0
72.29,1.98259,0,0,3.17505,0.258314,0.934145,3.6288,61.308,0.500694,0,0,1.77857,0.239032,1.03884,0.66528,12.849,1,0.352391,0.934145,0,95.6094,4.6033,91.5878,0.84672,12.849,0.84672,3695.15,0,36.966,0.301896,2.22249,1.85167,18.5425,1.10034,21.2144,0.42336,36.966,0.42336,423.524,0,1.02816,0,0,3.25065,2.22249,1.028160,1,0,113.841,0,0,0,113.841,0
72.29,2.05321,0,0,3.63578,0.29983,1.28274,3.6288,61.308,0.531719,0,0,1.31554,0.248815,0.535009,0.66528,12.849,1,0.364942,1.28274,0,59.5324,4.76612,55.6841,0.84672,12.849,0.84672,3695.15,0,36.966,0.320603,1.96018,1.85201,9.41043,1.227,11.675,0.42336,36.966,0.42336,423.524,0,1.02816,0,0,2.98834,1.96018,1.028160,1,0,67.8941,0,0,0,67.8941,0
72.2281,2.05366,0,0,2.66137,0.30675,0.36288,3.6288,61.308,0.531911,0,0,1.17049,0.250446,0.38813,0.66528,12.849,1,0.365022,0.36288,0,47.1853,4.79325,42.3899,0.84672,12.849,0.84672,3695.15,0,36.966,0.320718,1.52915,1.90602,10.5977,1.24812,12.4641,0.42336,36.966,0.42336,423.524,0,1.02816,0,0,2.55731,1.52915,1.028160,1,0,55.2421,0,0,0,55.2421,0
71.4706,2.05384,0,0,1.96582,0.306606,0.36288,3.6288,61.308,0.532102,0,0,0.944145,0.250446,0.161596,0.66528,12.849,1,0.365368,0.36288,0,42.3973,4.79325,37.6016,0.84672,12.849,0.84672,3695.15,0,36.966,0.320834,1.19524,1.90636,8.39782,1.24812,9.93047,0.42336,36.966,0.42336,423.524,0,1.02816,0,0,2.2234,1.19524,1.028160,1,0,47.6937,0,0,0,47.6937,0
70.5982,2.05101,0,0,1.84639,0.304843,0.36288,3.6288,61.308,0.532294,0,0,0.867905,0.250446,0.0851653,0.66528,12.849,1,0.368731,0.36288,0,39.52,4.79325,34.7209,0.84672,12.849,0.84672,3695.15,0,36.966,0.32095,1.08581,1.90669,7.60614,1.24812,9.02958,0.42336,36.966,0.42336,423.524,0,1.02816,0,0,2.11397,1.08581,1.028160,1,0,43.8356,0,0,0,43.8356,0
69.652,2.27227,0,0,1.98104,0.292095,0.36288,3.6288,61.308,0.64833,0,0,1.09887,0.232203,0.218337,0.66528,12.849,1,0.413558,0.36288,0,38.5411,4.54187,33.9485,0.84672,12.849,0.84672,3695.15,0,36.966,0.390914,1.07261,1.90703,9.04357,1.07412,10.5582,0.42336,36.966,0.42336,423.524,0,1.02816,0,0,2.10077,1.07261,1.028160,1,0,44.725,0,0,0,44.725,0
68.5205,2.26802,0,0,1.82815,0.328757,0.36288,3.6288,61.1313,0.667943,0,0,0.716247,0.22502,0,0.66528,12.849,1,0.418391,0.36288,0,32.8412,4.40032,28.3854,0.84672,12.849,0.84672,3695.15,0,36.966,0.40274,0.503194,2.1006,6.5359,1.10811,7.62884,0.42336,36.966,0.42336,423.524,0,0.997065,0,0,1.50026,0.503194,1.028160,1,0,36.0143,0,0,0,36.0143,0
67.3589,2.26269,0,0,1.78756,0.323585,0.36288,3.6288,60.9157,0.648054,0,0,0.643338,0.210881,0,0.66528,12.849,1,0.424301,0.36288,0,32.4614,4.51342,27.8866,0.84672,12.849,0.84672,3695.15,0,36.966,0.391878,0.61141,2.10098,6.61726,1.13332,7.80445,0.42336,36.966,0.42336,423.524,0,1.02816,0,0,1.63957,0.61141,1.028160,1,0,35.691,0,0,0,35.691,0
66.7855,2.25704,0,0,2.36719,0.320649,0.36288,3.6288,60.8135,0.647405,0,0,0.755844,0.210593,0,0.66528,12.849,1,0.430539,0.36288,0,45.1432,4.51342,40.5621,0.84672,12.849,0.84672,3695.15,0,36.966,0.39287,0.932152,2.10135,8.67352,1.13332,10.1808,0.42336,36.966,0.42336,423.524,0,1.02816,0,0,1.96031,0.932152,1.028160,1,0,50.743,0,0,0,50.743,0
66.6505,1.93652,0,0,2.47714,0.31274,0.36288,3.6288,60.9005,0.492097,0,0,0.760458,0.181367,0,0.66528,12.849,1,0.37257,0.36288,0,50.8626,4.00736,46.8455,0.84672,12.849,0.84672,3695.15,0,36.966,0.299125,0.780883,2.10173,7.675,0.982993,9.27549,0.42336,36.966,0.42336,423.524,0,1.02816,0,0,1.80904,0.780883,1.028160,1,0,56.121,0,0,0,56.121,0
66.6176,1.93631,0,0,2.57002,0.303802,0.36288,3.6288,61.003,0.492547,0,0,0.737726,0.142658,0,0.66528,12.849,1,0.373285,0.36288,0,51.5854,3.33259,48.2424,0.84672,12.849,0.84672,3695.15,0,36.966,0.298971,0.768744,1.83838,7.63299,0.782555,9.15859,0.42336,36.966,0.42336,423.524,0,1.02816,0,0,1.7969,0.768744,1.028160,1,0,57.401,0,0,0,57.401,0
66.8277,1.93658,0,0,2.81336,0.303722,0.36288,3.6288,61.162,0.493044,0,0,0.794759,0.142751,0,0.66528,12.849,1,0.373522,0.36288,0,58.7586,3.33259,55.4153,0.84672,12.849,0.84672,3695.15,0,36.966,0.29877,1.0488,1.8387,6.65971,0.782555,8.46589,0.42336,36.966,0.42336,423.524,0,1.02816,0,0,2.07696,1.0488,1.028160,1,0,63.8812,0,0,0,63.8812,0
67.555,1.93799,0,0,3.30965,0.281534,0.36288,3.6288,61.308,0.493712,0,0,0.935893,0.13758,0.158615,0.66528,12.849,1,0.372619,0.36288,0,60.5083,3.57068,56.9278,0.84672,12.849,0.84672,3695.15,0,36.966,0.298397,1.20633,1.83902,7.98362,0.828791,9.90179,0.42336,36.966,0.42336,423.524,0,1.02816,0,0,2.23449,1.20633,1.028160,1,0,66.9882,0,0,0,66.9882,0
68.3586,1.94179,0,0,3.38571,0.2774,0.36288,3.6288,61.308,0.49434,0,0,0.9119,0.136991,0.28057,0.66528,12.849,1,0.36933,0.36288,0,67.7413,3.43996,64.2949,0.84672,12.849,0.84672,3695.15,0,36.966,0.298065,1.17042,1.83935,8.58004,0.822255,10.4695,0.42336,36.966,0.42336,423.524,0,1.02816,0,0,2.19858,1.17042,1.028160,1,0,75.045,0,0,0,75.045,0
69.786,2.02627,0,0,4.13917,0.322664,0.36288,3.6288,61.308,0.532623,0,0,0.98744,0.164756,0.290061,0.66528,12.849,1,0.380868,0.36288,0,130.615,3.54606,127.051,0.84672,12.849,0.84672,3695.15,0,36.966,0.321148,1.14617,1.83967,10.6193,0.856213,12.4278,0.42336,36.966,0.42336,423.524,0,1.02816,0,0,2.17433,1.14617,1.028160,1,0,139.769,0,0,0,139.769,0
70.0703,2.0333,0,0,3.00677,0.326266,0.36288,3.6288,61.308,0.532815,0,0,0.945449,0.164756,0.247879,0.66528,12.849,1,0.374371,0.36288,0,97.1093,3.54606,93.5517,0.84672,12.849,0.84672,3695.15,0,36.966,0.321264,1.26476,1.90508,7.6083,0.856213,9.60066,0.42336,36.966,0.42336,423.524,0,1.02816,0,0,2.29292,1.26476,1.028160,1,0,103.4,0,0,0,103.4,0
70.1276,2.03503,0,0,2.78218,0.326983,0.36288,3.6288,61.308,0.533007,0,0,1.0341,0.164756,0.336333,0.66528,12.849,1,0.373169,0.36288,0,78.2438,3.54606,74.6875,0.84672,12.849,0.84672,3695.15,0,36.966,0.321379,1.19982,1.90541,9.248,0.856213,11.1756,0.42336,36.966,0.42336,423.524,0,1.02816,0,0,2.22798,1.19982,1.028160,1,0,86.1995,0,0,0,86.1995,0
70.0035,2.03573,0,0,2.59573,0.321278,0.36288,3.6288,61.308,0.533199,0,0,1.30997,0.160206,0.616566,0.66528,12.849,1,0.372993,0.36288,0,73.7277,3.32913,70.3885,0.84672,12.849,0.84672,3695.15,0,36.966,0.321495,1.7354,1.90575,8.68139,0.812516,11.1885,0.42336,36.966,0.42336,423.524,0,1.02816,0,0,2.76356,1.7354,1.028160,1,0,82.1936,0,0,0,82.1936,0
69.6797,2.00404,0,0,2.32119,0.277988,0.36288,3.6288,61.308,0.518582,0,0,1.02924,0.187524,0.323134,0.66528,12.849,1,0.367838,0.36288,0,60.8131,3.59036,57.2178,0.84672,12.849,0.84672,3695.15,0,36.966,0.312682,1.1445,1.90609,7.27929,0.957065,9.06012,0.42336,36.966,0.42336,423.524,0,1.02816,0,0,2.17266,1.1445,1.028160,1,0,66.601,0,0,0,66.601,0
69.1847,2.00304,0,0,2.13902,0.268168,0.36288,3.6288,61.308,0.518771,0,0,0.955489,0.19364,0.243078,0.66528,12.849,1,0.369362,0.36288,0,54.0166,3.60854,50.4016,0.84672,12.849,0.84672,3695.15,0,36.966,0.312796,1.00012,1.88108,8.76061,0.99921,10.3298,0.42336,36.966,0.42336,423.524,0,1.02816,0,0,2.02828,1.00012,1.028160,1,0,60.9745,0,0,0,60.9745,0
69.676,2.00125,0,0,3.12257,0.26714,0.36288,3.6288,61.308,0.51896,0,0,1.11809,0.19364,0.405485,0.66528,12.849,1,0.371672,0.36288,0,63.6684,3.60854,60.0511,0.84672,12.849,0.84672,3695.15,0,36.966,0.31291,1.23919,1.88141,7.8891,0.99921,9.69758,0.42336,36.966,0.42336,423.524,0,1.02816,0,0,2.26735,1.23919,1.028160,1,0,70.1542,0,0,0,70.1542,0
69.4082,2.0039,0,0,2.32984,0.230859,0.36288,3.6288,61.308,0.519149,0,0,1.0227,0.202566,0.300984,0.66528,12.849,1,0.369541,0.36288,0,61.791,3.87944,57.9049,0.84672,12.849,0.84672,3695.15,0,36.966,0.313024,1.01227,1.88174,7.02518,0.949062,8.65711,0.42336,36.966,0.42336,423.524,0,1.02816,0,0,2.04043,1.01227,1.028160,1,0,66.863,0,0,0,66.863,0
68.644,2.11026,0,0,1.9261,0.217161,0.36288,3.6288,61.308,0.571895,0,0,0.906353,0.21422,0.120237,0.66528,12.849,1,0.390657,0.36288,0,46.6626,4.28446,42.3503,0.84672,12.849,0.84672,3695.15,0,36.966,0.344828,0.704704,1.88208,6.0939,0.988148,7.3477,0.42336,36.966,0.42336,423.524,0,1.02816,0,0,1.73286,0.704704,1.028160,1,0,49.8183,0,0,0,49.8183,0
67.7525,2.10706,0,0,1.79016,0.211715,0.36288,3.6288,61.1722,0.572095,0,0,0.658499,0.222251,0,0.66528,12.849,1,0.394406,0.36288,0,39.5804,4.66824,34.8807,0.84672,12.849,0.84672,3695.15,0,36.966,0.344948,0.597335,1.97129,5.21163,1.14435,6.29096,0.42336,36.966,0.42336,423.524,0,1.02816,0,0,1.6255,0.597335,1.028160,1,0,41.1716,0,0,0,41.1716,0
66.6908,2.10316,0,0,1.56983,0.165471,0.36288,3.6288,60.9922,0.571817,0,0,0.614179,0.222297,0,0.66528,12.849,1,0.398855,0.36288,0,33.7415,4.68426,29.0213,0.84672,12.849,0.84672,3695.15,0,36.966,0.345546,0.607228,1.97164,4.83838,1.09795,5.97376,0.42336,36.966,0.42336,423.524,0,1.02816,0,0,1.63539,0.607228,1.028160,1,0,34.9951,0,0,0,34.9951,0
65.6163,2.09829,0,0,1.55081,0.164091,0.36288,3.6288,60.8611,0.571381,0,0,0.662342,0.222044,0,0.66528,12.849,1,0.404268,0.36288,0,32.7358,4.68426,28.0102,0.84672,12.849,0.84672,3695.15,0,36.966,0.346301,0.577273,1.97199,5.24253,1.09795,6.34754,0.42336,36.966,0.42336,423.524,0,1.02816,0,0,1.60543,0.577273,1.028160,1,0,34.3577,0,0,0,34.3577,0
64.4505,2.09321,0,0,1.45298,0.162694,0.36288,3.6288,60.6896,0.571116,0,0,0.621479,0.221859,0,0.66528,12.849,1,0.409893,0.36288,0,30.5437,4.68426,25.8124,0.84672,12.849,0.84672,3695.15,0,36.966,0.346886,0.525563,1.97234,4.68762,1.09795,5.74069,0.42336,36.966,0.42336,423.524,0,1.02816,0,0,1.55372,0.525563,1.028160,1,0,31.5531,0,0,0,31.5531,0
63.0347,2.06653,0,0,1.12851,0.114937,0.36288,3.6288,60.081,0.823293,0,0,0.48939,0.274739,0,0.66528,12.849,1,0.411988,0.36288,0,19.947,5.01459,14.8833,0.84672,12.849,0.84672,3695.15,0,36.966,0.501467,0.30119,1.97269,2.2827,1.28917,2.76594,0.42336,36.966,0.42336,423.524,0,0.668071,0,0,0.969261,0.30119,1.028160,1,0,17.6492,0,0,0,17.6492,0
61.5605,2.05929,0,0,1.06163,0.113624,0.36288,3.6288,59.4336,0.835414,0,0,0.461652,0.273678,0,0.66528,12.849,1,0.419766,0.36288,0,19.7992,5.01459,14.7277,0.84672,12.849,0.84672,3695.15,0,36.966,0.514005,0.261274,2.00414,2.38579,1.28917,2.84802,0.42336,36.966,0.42336,423.524,0,0.64374,0,0,0.905014,0.261274,1.028160,1,0,17.5757,0,0,0,17.5757,0
60.0007,2.05142,0,0,0.966695,0.112257,0.36288,3.6288,58.7866,0.831361,0,0,0.456984,0.272549,0,0.66528,12.849,1,0.428176,0.36288,0,19.6462,5.01459,14.5664,0.84672,12.849,0.84672,3695.15,0,36.966,0.517083,0.261274,2.00449,2.2962,1.28917,2.75571,0.42336,36.966,0.42336,423.524,0,0.645045,0,0,0.906319,0.261274,1.028160,1,0,17.3221,0,0,0,17.3221,0
58.359,2.0427,0,0,0.874636,0.11077,0.36288,3.6288,58.0422,0.897096,0,0,0.424098,0.271421,0,0.66528,12.849,1,0.43744,0.36288,0,17.6424,5.01459,12.5532,0.84672,12.849,0.84672,3695.15,0,36.966,0.564109,0.261274,2.00485,2.20226,1.28917,2.6151,0.42336,36.966,0.42336,423.524,0,0.532613,0,0,0.793886,0.261274,1.028160,1,0,15.1683,0,0,0,15.1683,0
56.6217,2.08629,0,0,0.794958,0.0830016,0.36288,3.6288,57.1824,0.927623,0,0,0.387285,0.319427,0,0.66528,12.849,1,0.459343,0.36288,0,15.3086,5.75463,9.45752,0.84672,12.849,0.84672,3695.15,0,36.966,0.590786,0.261274,2.0052,1.96241,1.52026,2.11785,0.42336,36.966,0.42336,423.524,0,0.517078,0,0,0.778352,0.261274,1.028160,1,0,11.5754,0,0,0,11.5754,0
54.9986,2.07526,0,0,0.89202,0.077022,0.36288,3.6288,56.5579,0.812862,0,0,0.505322,0.317036,0,0.66528,12.849,1,0.470932,0.36288,0,19.2501,5.81564,13.3264,0.84672,12.849,0.84672,3695.15,0,36.966,0.52548,0.261274,2.04967,2.2132,1.51324,2.48542,0.42336,36.966,0.42336,423.524,0,0.697481,0,0,0.958755,0.261274,1.028160,1,0,15.8118,0,0,0,15.8118,0
53.3074,2.06444,0,0,0.811935,0.0757865,0.36288,3.6288,55.8823,0.776566,0,0,0.416785,0.315751,0,0.66528,12.849,1,0.482303,0.36288,0,15.5047,5.81564,9.56968,0.84672,12.849,0.84672,3695.15,0,36.966,0.507561,0.227405,2.05003,2.05656,1.51324,2.3132,0.42336,36.966,0.42336,423.524,0,0.752034,0,0,0.979439,0.227405,1.028160,1,0,11.8829,0,0,0,11.8829,0
51.556,2.05256,0,0,0.738461,0.0744992,0.36288,3.6288,55.0912,0.864963,0,0,0.388148,0.314361,0,0.66528,12.849,1,0.49474,0.36288,0,14.4542,5.81564,8.50671,0.84672,12.849,0.84672,3695.15,0,36.966,0.57217,0.227405,2.0504,1.8328,1.51324,2.02519,0.42336,36.966,0.42336,423.524,0,0.599365,0,0,0.82677,0.227405,1.028160,1,0,10.5319,0,0,0,10.5319,0
49.7534,2.19193,0,0,0.813828,0.0616041,0.36288,3.6288,54.3761,0.841216,0,0,0.447167,0.320995,0,0.66528,12.849,1,0.546282,0.36288,0,14.4228,5.98809,8.25135,0.84672,12.849,0.84672,3695.15,0,36.966,0.564453,0.227405,2.05076,2.57234,1.55265,2.73339,0.42336,36.966,0.42336,423.524,0,0.780494,0,0,1.0079,0.227405,1.028160,1,0,10.9847,0,0,0,10.9847,0
47.9865,2.17667,0,0,0.821154,0.0484752,0.36288,3.6288,53.3927,1.00607,0,0,0.356853,0.334153,0,0.66528,12.849,1,0.562133,0.36288,0,13.83,5.97597,7.65474,0.84672,12.849,0.84672,3695.15,0,36.966,0.683946,0.227405,2.20217,2.31904,1.57997,2.48469,0.42336,36.966,0.42336,423.524,0,0.496515,0,0,0.72392,0.227405,1.028160,1,0,10.1394,0,0,0,10.1394,0
46.2897,2.16081,0,0,0.874403,0.0475595,0.36288,3.6288,52.6141,0.885795,0,0,0.438943,0.33179,0,0.66528,12.849,1,0.578584,0.36288,0,17.5992,5.97597,11.4075,0.84672,12.849,0.84672,3695.15,0,36.966,0.613272,0.204422,2.20256,2.59027,1.57997,2.80401,0.42336,36.966,0.42336,423.524,0,0.68783,0,0,0.892253,0.204422,1.028160,1,0,14.2115,0,0,0,14.2115,0
44.4548,2.14467,0,0,0.719384,0.0466787,0.36288,3.6288,51.5575,1.04658,0,0,0.319677,0.32973,0,0.66528,12.849,1,0.595314,0.36288,0,16.1234,5.97597,9.91505,0.84672,12.849,0.84672,3695.15,0,36.966,0.735311,0.204422,2.20296,2.12155,1.57997,2.21365,0.42336,36.966,0.42336,423.524,0,0.405376,0,0,0.609798,0.204422,1.028160,1,0,12.1287,0,0,0,12.1287,0
42.8166,2.12607,0,0,0.896452,0.0457263,0.36288,3.6288,51.093,0.691321,0,0,0.553776,0.326934,0,0.66528,12.849,1,0.614509,0.36288,0,15.7167,5.97597,9.48908,0.84672,12.849,0.84672,3695.15,0,36.966,0.495668,0.204422,2.20335,3.3089,1.57997,3.64104,0.42336,36.966,0.42336,423.524,0,1.00064,0,0,1.20506,0.204422,1.028160,1,0,13.1301,0,0,0,13.1301,0
40.9831,2.03701,0,0,0.606456,0.0400087,0.36288,3.6288,50.309,0.824956,0,0,0.36841,0.327434,0,0.66528,12.849,1,0.611295,0.36288,0,14.8624,5.90399,8.71004,0.84672,12.849,0.84672,3695.15,0,36.966,0.596859,0.204422,2.20375,2.7545,1.4313,3.13451,0.42336,36.966,0.42336,423.524,0,0.675458,0,0,0.87988,0.204422,1.028160,1,0,11.8445,0,0,0,11.8445,0
39.1353,2.01663,0,0,0.605834,0.0741863,0.36288,3.6288,49.4713,0.875841,0,0,0.339284,0.301131,0,0.66528,12.849,1,0.632252,0.36288,0,11.9937,5.83157,5.89276,0.84672,12.849,0.84672,3695.15,0,36.966,0.64355,0.216518,2.11665,2.27841,1.39565,2.57238,0.42336,36.966,0.42336,423.524,0,0.578232,0,0,0.79475,0.216518,1.028160,1,0,8.46514,0,0,0,8.46514,0
37.5994,1.99459,0,0,0.908617,0.0870413,0.36288,3.6288,48.8168,0.75869,0,0,0.39049,0.286375,0,0.66528,12.849,1,0.654869,0.36288,0,14.6067,5.72113,8.59357,0.84672,12.849,0.84672,3695.15,0,36.966,0.566909,0.216518,2.11702,2.42342,1.35772,2.83233,0.42336,36.966,0.42336,423.524,0,0.772373,0,0,0.988891,0.216518,1.028160,1,0,11.4259,0,0,0,11.4259,0
36.4027,1.97508,0,0,1.22678,0.0854971,0.36288,3.6288,48.5539,0.609002,0,0,0.631011,0.284832,0,0.66528,12.849,1,0.674952,0.36288,0,29.148,5.72113,23.1148,0.84672,12.849,0.84672,3695.15,0,36.966,0.46116,0.579744,2.1174,3.81741,1.35772,4.69568,0.42336,36.966,0.42336,423.524,0,1.02816,0,0,1.6079,0.579744,1.028160,1,0,27.8105,0,0,0,27.8105,0
34.9811,1.90272,0,0,0.957398,0.113435,0.36288,3.6288,48.1583,0.628971,0,0,0.474461,0.241081,0,0.66528,12.849,1,0.6716,0.36288,0,30.0101,5.02706,24.6743,0.84672,12.849,0.84672,3695.15,0,36.966,0.47886,0.216518,2.11778,2.56888,1.1953,3.22901,0.42336,36.966,0.42336,423.524,0,0.908194,0,0,1.12471,0.216518,1.028160,1,0,27.9033,0,0,0,27.9033,0
34.2667,1.88317,0,0,1.68138,0.149707,0.36288,3.6288,48.2549,0.559065,0,0,0.838614,0.182969,0,0.66528,12.849,1,0.691713,0.36288,0,35.6568,4.10161,31.2264,0.84672,12.849,0.84672,3695.15,0,36.966,0.429134,0.61289,2.04001,5.18149,0.978751,6.4265,0.42336,36.966,0.42336,423.524,0,1.02816,0,0,1.64105,0.61289,1.028160,1,0,37.6529,0,0,0,37.6529,0
33.139,1.87309,0,0,1.25664,0.148409,0.36288,3.6288,48.3941,0.55974,0,0,0.882049,0.183116,0,0.66528,12.849,1,0.702353,0.36288,0,25.0422,4.10161,20.6011,0.84672,12.849,0.84672,3695.15,0,36.966,0.428792,0.776961,2.04037,4.04108,0.978751,5.45087,0.42336,36.966,0.42336,423.524,0,1.02816,0,0,1.80512,0.776961,1.028160,1,0,26.052,0,0,0,26.052,0
32.3749,1.85627,0,0,1.63024,0.175141,0.36288,3.6288,48.3013,0.560628,0,0,0.66367,0.195905,0,0.66528,12.849,1,0.719733,0.36288,0,33.4555,4.33357,28.7651,0.84672,12.849,0.84672,3695.15,0,36.966,0.428238,0.298911,2.04073,6.96051,1.0329,7.83902,0.42336,36.966,0.42336,423.524,0,1.02816,0,0,1.32707,0.298911,1.028160,1,0,36.6041,0,0,0,36.6041,0
33.7075,1.68929,0,0,3.58205,0.197296,0.36288,3.6288,48.6972,0.46277,0,0,1.06224,0.203503,0,0.66528,12.849,1,0.67045,0.36288,0,104.001,4.47718,99.2158,0.84672,12.849,0.84672,3695.15,0,36.966,0.354168,1.4241,2.0411,6.25713,1.07183,8.29633,0.42336,36.966,0.42336,423.524,0,1.02816,0,0,2.45226,1.4241,1.028160,1,0,107.512,0,0,0,107.512,0
33.7702,1.70886,0,0,2.34995,0.215448,0.36288,3.6288,49.1998,0.464578,0,0,1.16129,0.194083,0,0.66528,12.849,1,0.651403,0.36288,0,104.032,4.29503,99.4481,0.84672,12.849,0.84672,3695.15,0,36.966,0.35266,0.839385,1.86774,6.88755,1.0617,8.18031,0.42336,36.966,0.42336,423.524,0,1.02816,0,0,1.86754,0.839385,1.028160,1,0,107.628,0,0,0,107.628,0
34.1935,1.71011,0,0,2.71189,0.215614,0.36288,3.6288,49.8803,0.466806,0,0,1.34215,0.194891,0,0.66528,12.849,1,0.650668,0.36288,0,102.028,4.29503,97.4452,0.84672,12.849,0.84672,3695.15,0,36.966,0.350732,1.52723,1.86807,7.65611,1.0617,9.63898,0.42336,36.966,0.42336,423.524,0,1.02816,0,0,2.55539,1.52723,1.028160,1,0,107.084,0,0,0,107.084,0
36.5492,1.71634,0,0,4.65159,0.216738,0.36288,3.6288,50.478,0.469727,0,0,1.26339,0.195985,0,0.66528,12.849,1,0.644955,0.36288,0,105.799,4.29503,101.221,0.84672,12.849,0.84672,3695.15,0,36.966,0.348112,1.80912,1.8684,7.72217,1.0617,9.98988,0.42336,36.966,0.42336,423.524,0,1.02816,0,0,2.83728,1.80912,1.028160,1,0,111.211,0,0,0,111.211,0
38.8774,1.74748,0,0,4.66327,0.224697,0.36288,3.6288,51.5077,0.47228,0,0,1.6944,0.192409,0,0.66528,12.849,1,0.614335,0.36288,0,102.385,3.87921,98.2542,0.84672,12.849,0.84672,3695.15,0,36.966,0.34586,1.58153,1.86873,9.27305,1.02185,11.3556,0.42336,36.966,0.42336,423.524,0,1.02816,0,0,2.60969,1.58153,1.028160,1,0,109.61,0,0,0,109.61,0
41.6108,1.83826,0,0,5.14566,0.211094,0.36288,3.6288,52.5424,0.505545,0,0,1.75141,0.211201,0,0.66528,12.849,1,0.607546,0.36288,0,141.316,4.29421,136.777,0.84672,12.849,0.84672,3695.15,0,36.966,0.362819,3.09512,1.86906,10.5997,1.2813,13.9198,0.42336,36.966,0.42336,423.524,0,1.02816,0,0,4.12328,3.09512,1.028160,1,0,150.697,0,0,0,150.697,0
44.7999,1.86914,0,0,5.62125,0.20012,0.36288,3.6288,53.6612,0.509913,0,0,1.85399,0.22519,0,0.66528,12.849,1,0.577173,0.36288,0,128.752,4.70767,123.83,0.84672,12.849,0.84672,3695.15,0,36.966,0.358748,4.63668,1.9236,12.0072,1.38728,16.8214,0.42336,36.966,0.42336,423.524,0,1.02816,0,0,5.66484,4.63668,1.028160,1,0,140.651,0,0,0,140.651,0
55.7472,1.90147,0,0,13.4192,0.207606,0.36288,3.6288,56.3922,0.514518,0,0,3.47268,0.227213,0,0.66528,12.849,1,0.545358,0.36288,0,337.617,4.70767,332.727,0.84672,12.849,0.84672,3695.15,0,36.966,0.35444,5.54102,1.92392,23.5018,1.38728,29.2251,0.42336,36.966,0.42336,423.524,0,1.02816,0,0,6.56918,5.54102,1.028160,1,0,361.952,0,0,0,361.952,0
59.7655,1.98892,0,0,6.60326,0.233159,0.36288,3.6288,57.4967,0.525066,0,0,1.86098,0.231386,0,0.66528,12.849,1,0.458421,0.36288,0,229.512,4.70767,224.709,0.84672,12.849,0.84672,3695.15,0,36.966,0.344189,3.49916,1.92425,13.911,1.38728,17.6029,0.42336,36.966,0.42336,423.524,0,1.02816,0,0,4.52732,3.49916,1.028160,1,0,242.312,0,0,0,242.312,0
62.1303,2.2355,0,0,5.20862,0.245398,0.36288,3.6288,57.9501,0.643443,0,0,1.31099,0.214154,0,0.66528,12.849,1,0.480611,0.36288,0,150.365,4.38023,145.867,0.84672,12.849,0.84672,3695.15,0,36.966,0.413685,2.44303,1.92458,9.40611,1.2277,12.1323,0.42336,36.966,0.42336,423.524,0,1.02816,0,0,3.47119,2.44303,1.028160,1,0,158,0,0,0,158,0
66.2784,2.25112,0,0,7.03892,0.276858,0.36288,3.6288,58.9022,0.645622,0,0,1.77346,0.175727,0,0.66528,12.849,1,0.465549,0.36288,0,226.117,3.61725,222.398,0.84672,12.849,0.84672,3695.15,0,36.966,0.411838,2.62978,2.12009,12.5689,0.924709,15.9822,0.42336,36.966,0.42336,423.524,0,1.02816,0,0,3.65794,2.62978,1.028160,1,0,238.38,0,0,0,238.38,0
69.0432,2.276,0,0,5.68503,0.281342,0.36288,3.6288,59.7281,0.649917,0,0,1.66348,0.187705,0,0.66528,12.849,1,0.441235,0.36288,0,186.697,3.87933,182.74,0.84672,12.849,0.84672,3695.15,0,36.966,0.407876,2.79457,2.12045,12.2697,1.0067,15.7701,0.42336,36.966,0.42336,423.524,0,1.02816,0,0,3.82273,2.79457,1.028160,1,0,198.51,0,0,0,198.51,0
72.1966,2.29137,0,0,6.13842,0.330777,0.36288,3.6288,60.2868,0.653606,0,0,1.40124,0.188896,0,0.66528,12.849,1,0.426426,0.36288,0,178.634,4.30616,174.264,0.84672,12.849,0.84672,3695.15,0,36.966,0.40452,2.12106,2.12082,11.3728,1.06972,14.1405,0.42336,36.966,0.42336,423.524,0,1.02816,0,0,3.14922,2.12106,1.028160,1,0,188.404,0,0,0,188.404,0
72.29,1.98261,0,0,10.2285,0.330704,7.8217,3.6288,61.308,0.499974,0,0,3.14306,0.172569,1.44933,0.66528,12.849,1,0.35285,7.8217,0,231.933,3.93611,235.466,0.84672,12.849,0.84672,3695.15,0,36.966,0.306569,4.73995,2.12118,24.1891,0.98427,29.7594,0.42336,36.966,0.42336,423.524,0,1.02816,0,0,5.76811,4.73995,1.028160,1,0,266.675,0,0,0,266.675,0
72.29,1.98342,0,0,7.58984,0.310458,5.29597,3.6288,61.308,0.503338,0,0,1.81011,0.130911,1.17586,0.66528,12.849,1,0.352537,5.29597,0,141.998,3.01098,143.93,0.84672,12.849,0.84672,3695.15,0,36.966,0.303491,2.74031,1.85516,13.1513,0.770655,16.6726,0.42336,36.966,0.42336,423.524,0,1.02816,0,0,3.76847,2.74031,1.028160,1,0,161.778,0,0,0,161.778,0
72.29,1.98383,0,0,5.74849,0.310458,3.4542,3.6288,61.308,0.503517,0,0,1.39152,0.130911,0.757088,0.66528,12.849,1,0.352611,3.4542,0,135.446,3.01098,135.536,0.84672,12.849,0.84672,3695.15,0,36.966,0.303598,1.8846,1.85547,11.644,0.770655,14.3098,0.42336,36.966,0.42336,423.524,0,1.02816,0,0,2.91276,1.8846,1.028160,1,0,150.603,0,0,0,150.603,0
72.29,1.98425,0,0,6.99421,0.284483,4.72548,3.6288,61.308,0.503695,0,0,1.51972,0.12502,0.891009,0.66528,12.849,1,0.352686,4.72548,0,154.369,3.01785,155.724,0.84672,12.849,0.84672,3695.15,0,36.966,0.303706,2.274,1.85578,10.6914,0.787706,13.7298,0.42336,36.966,0.42336,423.524,0,1.02816,0,0,3.30216,2.274,1.028160,1,0,170.345,0,0,0,170.345,0
72.29,1.98467,0,0,6.50602,0.285036,4.23632,3.6288,61.308,0.503873,0,0,1.69481,0.15773,1.03321,0.66528,12.849,1,0.35276,4.23632,0,124.908,4.2564,124.535,0.84672,12.849,0.84672,3695.15,0,36.966,0.303813,2.80236,1.8561,11.4419,1.00216,14.7943,0.42336,36.966,0.42336,423.524,0,1.02816,0,0,3.83052,2.80236,1.028160,1,0,140.362,0,0,0,140.362,0
72.29,2.067,0,0,8.27928,0.328667,5.88361,3.6288,61.308,0.542534,0,0,4.1459,0.153918,3.44945,0.66528,12.849,1,0.367393,5.88361,0,219.826,3.4251,221.917,0.84672,12.849,0.84672,3695.15,0,36.966,0.327124,5.55885,1.85641,22.4994,0.701491,28.8861,0.42336,36.966,0.42336,423.524,0,1.02816,0,0,6.58701,5.55885,1.028160,1,0,254.252,0,0,0,254.252,0
72.29,2.06743,0,0,7.2646,0.336425,4.86074,3.6288,61.308,0.54272,0,0,3.53578,0.156877,2.83619,0.66528,12.849,1,0.36747,4.86074,0,194.023,3.29175,195.225,0.84672,12.849,0.84672,3695.15,0,36.966,0.327236,4.33863,1.92246,18.911,0.665424,24.1794,0.42336,36.966,0.42336,423.524,0,1.02816,0,0,5.36679,4.33863,1.028160,1,0,222.24,0,0,0,222.24,0
72.29,2.06787,0,0,5.83901,0.306246,3.46489,3.6288,61.308,0.542905,0,0,2.55303,0.153547,1.85657,0.66528,12.849,1,0.367548,3.46489,0,155.581,3.48945,155.189,0.84672,12.849,0.84672,3695.15,0,36.966,0.327348,3.16588,1.92278,12.6791,0.67828,16.7621,0.42336,36.966,0.42336,423.524,0,1.02816,0,0,4.19404,3.16588,1.028160,1,0,173.808,0,0,0,173.808,0
72.29,2.0683,0,0,5.01917,0.283613,2.66725,3.6288,61.308,0.543091,0,0,2.15528,0.15105,1.46114,0.66528,12.849,1,0.367625,2.66725,0,147.309,3.63773,145.97,0.84672,12.849,0.84672,3695.15,0,36.966,0.32746,2.12986,1.92311,10.7105,0.687921,13.7481,0.42336,36.966,0.42336,423.524,0,1.02816,0,0,3.15802,2.12986,1.028160,1,0,161.18,0,0,0,161.18,0
72.29,2.03668,0,0,4.75748,0.276712,2.44408,3.6288,61.308,0.528319,0,0,1.91547,0.203736,1.18342,0.66528,12.849,1,0.362005,2.44408,0,120.652,4.59113,118.143,0.84672,12.849,0.84672,3695.15,0,36.966,0.318553,2.53663,1.92344,10.8649,0.933089,14.0733,0.42336,36.966,0.42336,423.524,0,1.02816,0,0,3.56479,2.53663,1.028160,1,0,133.4,0,0,0,133.4,0
72.29,2.03711,0,0,4.2277,0.23486,1.95573,3.6288,61.308,0.528502,0,0,1.62402,0.216553,0.878962,0.66528,12.849,1,0.362081,1.95573,0,107.944,4.3722,105.165,0.84672,12.849,0.84672,3695.15,0,36.966,0.318663,2.57003,1.89816,9.31539,0.981495,12.4834,0.42336,36.966,0.42336,423.524,0,1.02816,0,0,3.59819,2.57003,1.028160,1,0,118.528,0,0,0,118.528,0
72.29,2.03754,0,0,3.72087,0.23486,1.44847,3.6288,61.308,0.528685,0,0,1.46909,0.216553,0.723855,0.66528,12.849,1,0.362157,1.44847,0,112.469,4.3722,109.183,0.84672,12.849,0.84672,3695.15,0,36.966,0.318774,1.96538,1.89849,7.33234,0.981495,9.89593,0.42336,36.966,0.42336,423.524,0,1.02816,0,0,2.99354,1.96538,1.028160,1,0,119.803,0,0,0,119.803,0
72.29,2.03797,0,0,3.5195,0.23486,1.24668,3.6288,61.308,0.528868,0,0,1.34095,0.216553,0.595532,0.66528,12.849,1,0.362233,1.24668,0,99.4671,4.3722,95.9794,0.84672,12.849,0.84672,3695.15,0,36.966,0.318884,1.42754,1.89881,6.70075,0.981495,8.72671,0.42336,36.966,0.42336,423.524,0,1.02816,0,0,2.4557,1.42754,1.028160,1,0,105.302,0,0,0,105.302,0
72.29,2.14727,0,0,3.2388,0.235976,0.855554,3.6288,61.308,0.582134,0,0,1.25354,0.216169,0.45524,0.66528,12.849,1,0.381661,0.855554,0,90.4651,4.39315,86.5459,0.84672,12.849,0.84672,3695.15,0,36.966,0.351001,1.40135,1.89913,5.76248,0.96288,7.74908,0.42336,36.966,0.42336,423.524,0,1.02816,0,0,2.42951,1.40135,1.028160,1,0,94.7502,0,0,0,94.7502,0
72.29,2.14772,0,0,3.08574,0.162751,0.775274,3.6288,61.308,0.582327,0,0,1.12145,0.238427,0.300701,0.66528,12.849,1,0.38174,0.775274,0,74.8017,4.93658,70.2586,0.84672,12.849,0.84672,3695.15,0,36.966,0.351117,1.23436,1.98922,5.8626,1.02866,7.7064,0.42336,36.966,0.42336,423.524,0,1.02816,0,0,2.26252,1.23436,1.028160,1,0,78.2657,0,0,0,78.2657,0
72.29,2.14817,0,0,2.95212,0.162751,0.641199,3.6288,61.308,0.58252,0,0,1.07138,0.238427,0.250431,0.66528,12.849,1,0.38182,0.641199,0,68.904,4.93658,64.2268,0.84672,12.849,0.84672,3695.15,0,36.966,0.351233,1.15092,1.98956,5.66978,1.02866,7.43035,0.42336,36.966,0.42336,423.524,0,1.02816,0,0,2.17908,1.15092,1.028160,1,0,71.9076,0,0,0,71.9076,0
72.29,2.14861,0,0,2.82673,0.162751,0.515367,3.6288,61.308,0.582713,0,0,1.08918,0.238427,0.268036,0.66528,12.849,1,0.3819,0.515367,0,65.7418,4.93658,60.9387,0.84672,12.849,0.84672,3695.15,0,36.966,0.35135,1.41495,1.98989,5.39826,1.02866,7.42309,0.42336,36.966,0.42336,423.524,0,1.02816,0,0,2.44311,1.41495,1.028160,1,0,68.6298,0,0,0,68.6298,0
72.1896,2.14906,0,0,2.60381,0.192254,0.36288,3.6288,61.308,0.582906,0,0,1.0207,0.230526,0.207263,0.66528,12.849,1,0.38198,0.36288,0,61.4559,4.42889,57.0079,0.84672,12.849,0.84672,3695.15,0,36.966,0.351466,1.29435,1.99023,4.94316,1.04825,6.82803,0.42336,36.966,0.42336,423.524,0,1.02816,0,0,2.32251,1.29435,1.028160,1,0,64.0432,0,0,0,64.0432,0
72.29,2.12751,0,0,3.59514,0.142418,1.22482,3.6288,61.308,0.612301,0,0,1.16042,0.261726,0.286394,0.66528,12.849,1,0.378675,1.22482,0,66.7665,4.81704,62.7956,0.84672,12.849,0.84672,3695.15,0,36.966,0.36919,1.09636,1.99057,6.13521,1.14481,7.70814,0.42336,36.966,0.42336,423.524,0,1.02816,0,0,2.12452,1.09636,1.028160,1,0,70.7901,0,0,0,70.7901,0
72.29,2.1284,0,0,3.60788,0.133419,1.34606,3.6288,61.308,0.612499,0,0,1.13917,0.267146,0.259521,0.66528,12.849,1,0.378308,1.34606,0,66.2368,4.89584,62.3087,0.84672,12.849,0.84672,3695.15,0,36.966,0.36931,0.991077,2.02232,6.03471,1.16036,7.51844,0.42336,36.966,0.42336,423.524,0,1.02816,0,0,2.01924,0.991077,1.028160,1,0,70.0867,0,0,0,70.0867,0
72.29,2.12885,0,0,3.40827,0.108656,1.17077,3.6288,61.308,0.612698,0,0,1.08465,0.306206,0.165744,0.66528,12.849,1,0.378387,1.17077,0,62.4628,5.55466,57.7005,0.84672,12.849,0.84672,3695.15,0,36.966,0.36943,0.983621,2.02266,5.86493,1.3627,7.13908,0.42336,36.966,0.42336,423.524,0,1.02816,0,0,2.01178,0.983621,1.028160,1,0,65.0053,0,0,0,65.0053,0
72.29,2.12929,0,0,3.16583,0.113726,0.922805,3.6288,61.308,0.612897,0,0,1.075,0.295045,0.167055,0.66528,12.849,1,0.378466,0.922805,0,62.0345,5.68155,56.8973,0.84672,12.849,0.84672,3695.15,0,36.966,0.36955,0.999717,2.023,5.73082,1.35405,7.02994,0.42336,36.966,0.42336,423.524,0,1.02816,0,0,2.02788,0.999717,1.028160,1,0,64.0943,0,0,0,64.0943,0
72.29,2.18544,0,0,2.88522,0.112378,0.587411,3.6288,61.308,0.63914,0,0,1.0171,0.302896,0.0750649,0.66528,12.849,1,0.388445,0.587411,0,62.3394,5.67174,56.8666,0.84672,12.849,0.84672,3695.15,0,36.966,0.385373,0.755136,2.02335,4.97801,1.36683,6.0043,0.42336,36.966,0.42336,423.524,0,1.02816,0,0,1.7833,0.755136,1.028160,1,0,62.946,0,0,0,62.946,0
72.2254,2.18589,0,0,2.59477,0.11058,0.36288,3.6288,61.308,0.639344,0,0,0.961433,0.313363,0.0087266,0.66528,12.849,1,0.388525,0.36288,0,46.8431,5.65866,41.1588,0.84672,12.849,0.84672,3695.15,0,36.966,0.385496,0.721742,2.06824,4.52724,1.38386,5.54787,0.42336,36.966,0.42336,423.524,0,1.02816,0,0,1.7499,0.721742,1.028160,1,0,46.7153,0,0,0,46.7153,0
71.965,2.18605,0,0,2.39901,0.110526,0.36288,3.6288,61.2467,0.639548,0,0,0.891579,0.313363,0,0.66528,12.849,1,0.388901,0.36288,0,44.9183,5.65866,39.2336,0.84672,12.849,0.84672,3695.15,0,36.966,0.385619,0.508792,2.06859,3.9364,1.38386,4.74431,0.42336,36.966,0.42336,423.524,0,1.02816,0,0,1.53695,0.508792,1.028160,1,0,43.978,0,0,0,43.978,0
71.7637,2.18531,0,0,2.45233,0.105419,0.36288,3.6288,61.2815,0.63951,0,0,0.990144,0.31583,0,0.66528,12.849,1,0.390177,0.36288,0,42.722,5.73343,36.9613,0.84672,12.849,0.84672,3695.15,0,36.966,0.385982,0.716196,2.06895,4.86897,1.3988,5.86933,0.42336,36.966,0.42336,423.524,0,1.02816,0,0,1.74436,0.716196,1.028160,1,0,42.8306,0,0,0,42.8306,0
71.5133,2.34788,0,0,2.55516,0.0948032,0.36288,3.6288,61.308,0.66528,0,0,1.01509,0.286972,0.0363073,0.66528,12.849,1,0.420379,0.36288,0,42.7868,5.85882,36.8705,0.84672,12.849,0.84672,3695.15,0,36.966,0.511343,0.828697,2.0693,5.31495,1.44967,6.25193,0.42336,36.966,0.42336,423.524,0,1.02816,0,0,1.85686,0.828697,1.028160,1,0,43.1588,0,0,0,43.1588,0
70.3259,2.34712,0,0,1.60453,0.0819582,0.36288,3.6288,60.9847,0.66528,0,0,0.628266,0.286267,0,0.66528,12.849,1,0.421714,0.36288,0,31.1977,5.42608,25.7128,0.84672,12.849,0.84672,3695.15,0,36.966,0.511698,0.545564,2.22219,4.27598,1.45222,5.07982,0.42336,36.966,0.42336,423.524,0,1.02816,0,0,1.57372,0.545564,1.028160,1,0,30.7926,0,0,0,30.7926,0
69.283,2.34159,0,0,1.74283,0.0812154,0.36288,3.6288,60.6695,0.66528,0,0,0.635701,0.285682,0,0.66528,12.849,1,0.427823,0.36288,0,29.8167,5.42608,24.3257,0.84672,12.849,0.84672,3695.15,0,36.966,0.512053,0.557254,2.22257,4.54176,1.45222,5.35732,0.42336,36.966,0.42336,423.524,0,1.02816,0,0,1.58541,0.557254,1.028160,1,0,29.683,0,0,0,29.683,0
69.1799,2.33664,0,0,2.69191,0.0954855,0.36288,3.6288,60.4869,0.66528,0,0,0.764666,0.281906,0,0.66528,12.849,1,0.433345,0.36288,0,48.1588,5.33703,42.7513,0.84672,12.849,0.84672,3695.15,0,36.966,0.512408,0.872312,2.22295,4.79979,1.4413,5.94135,0.42336,36.966,0.42336,423.524,0,1.02816,0,0,1.90047,0.872312,1.028160,1,0,48.6926,0,0,0,48.6926,0
70.0306,2.33658,0,0,3.65342,0.103272,0.36288,3.6288,60.5157,0.66528,0,0,0.966712,0.272664,0,0.66528,12.849,1,0.433979,0.36288,0,58.8294,5.40924,53.3491,0.84672,12.849,0.84672,3695.15,0,36.966,0.512762,0.924592,2.22333,5.18388,1.42415,6.39489,0.42336,36.966,0.42336,423.524,0,1.02816,0,0,1.95275,0.924592,1.028160,1,0,59.744,0,0,0,59.744,0
69.5495,2.26228,0,0,2.24121,0.0971781,0.36288,3.6288,60.4067,0.66528,0,0,0.822174,0.265898,0,0.66528,12.849,1,0.415075,0.36288,0,44.7638,5.30742,39.4041,0.84672,12.849,0.84672,3695.15,0,36.966,0.4215,0.793532,2.22371,4.57135,1.29507,5.87203,0.42336,36.966,0.42336,423.524,0,1.02816,0,0,1.82169,0.793532,1.028160,1,0,45.2762,0,0,0,45.2762,0
69.4209,2.26032,0,0,2.59063,0.0960452,0.36288,3.6288,60.4714,0.66528,0,0,0.99373,0.263733,0,0.66528,12.849,1,0.417586,0.36288,0,42.8979,5.23614,37.607,0.84672,12.849,0.84672,3695.15,0,36.966,0.421838,0.901973,2.13574,5.28706,1.24385,6.65908,0.42336,36.966,0.42336,423.524,0,1.02816,0,0,1.93013,0.901973,1.028160,1,0,44.2661,0,0,0,44.2661,0
69.2154,2.26014,0,0,2.51346,0.0959494,0.36288,3.6288,60.3476,0.66528,0,0,0.8053,0.263842,0,0.66528,12.849,1,0.418325,0.36288,0,46.1146,5.23614,40.823,0.84672,12.849,0.84672,3695.15,0,36.966,0.422176,0.737588,2.1361,4.63283,1.24385,5.84049,0.42336,36.966,0.42336,423.524,0,1.02816,0,0,1.76575,0.737588,1.028160,1,0,46.6635,0,0,0,46.6635,0
68.629,2.25956,0,0,2.1636,0.12748,0.36288,3.6288,60.2492,0.66528,0,0,0.809473,0.242632,0,0.66528,12.849,1,0.41946,0.36288,0,51.2381,4.90011,46.2814,0.84672,12.849,0.84672,3695.15,0,36.966,0.422514,0.690872,2.13647,4.78214,1.15666,6.0303,0.42336,36.966,0.42336,423.524,0,1.02816,0,0,1.71903,0.690872,1.028160,1,0,52.3117,0,0,0,52.3117,0
68.144,2.19212,0,0,2.31708,0.247154,0.36288,3.6288,60.1982,0.622648,0,0,0.738677,0.166992,0,0.66528,12.849,1,0.410418,0.36288,0,55.9386,4.89654,50.9945,0.84672,12.849,0.84672,3695.15,0,36.966,0.382027,0.706666,2.13683,4.54237,0.992965,6.01088,0.42336,36.966,0.42336,423.524,0,1.02816,0,0,1.73483,0.706666,1.028160,1,0,57.0054,0,0,0,57.0054,0
69.398,2.19012,0,0,4.04506,0.238017,0.36288,3.6288,60.2792,0.622648,0,0,0.868508,0.164887,0,0.66528,12.849,1,0.412962,0.36288,0,63.3976,3.76036,59.5871,0.84672,12.849,0.84672,3695.15,0,36.966,0.38235,1.23682,2.05828,5.79919,0.934355,7.7776,0.42336,36.966,0.42336,423.524,0,1.02816,0,0,2.26498,1.23682,1.028160,1,0,67.3647,0,0,0,67.3647,0
70.5206,2.19688,0,0,3.92274,0.240355,0.36288,3.6288,60.7568,0.623166,0,0,1.2658,0.164972,0,0.66528,12.849,1,0.40675,0.36288,0,59.5859,3.76036,55.7817,0.84672,12.849,0.84672,3695.15,0,36.966,0.382155,1.58782,2.05864,6.07943,0.934355,8.40938,0.42336,36.966,0.42336,423.524,0,1.02816,0,0,2.61598,1.58782,1.028160,1,0,64.1911,0,0,0,64.1911,0
72.29,2.20281,0,0,4.82728,0.242449,0.612661,3.6288,61.0863,0.625235,0,0,1.12019,0.165473,0,0.66528,12.849,1,0.401356,0.612661,0,73.1919,3.76036,69.6428,0.84672,12.849,0.84672,3695.15,0,36.966,0.380409,1.88692,2.05899,10.6522,0.934355,13.2833,0.42336,36.966,0.42336,423.524,0,1.02816,0,0,2.91508,1.88692,1.028160,1,0,82.9261,0,0,0,82.9261,0
72.29,2.02572,0,0,3.00432,0.245748,0.732855,3.6288,61.1564,0.518346,0,0,0.75422,0.165819,0,0.66528,12.849,1,0.360056,0.732855,0,88.1332,3.76036,84.7456,0.84672,12.849,0.84672,3695.15,0,36.966,0.313674,1.09255,2.05934,5.09279,0.934355,6.99664,0.42336,36.966,0.42336,423.524,0,1.02816,0,0,2.12071,1.09255,1.028160,1,0,91.7423,0,0,0,91.7423,0
72.29,2.02614,0,0,5.90936,0.312939,3.57028,3.6288,61.308,0.518751,0,0,1.4289,0.222099,0.536423,0.66528,12.849,1,0.360131,3.57028,0,98.9349,4.30147,97.8436,0.84672,12.849,0.84672,3695.15,0,36.966,0.313559,3.49593,1.88427,12.6905,1.17146,16.5857,0.42336,36.966,0.42336,423.524,0,1.02816,0,0,4.52409,3.49593,1.028160,1,0,114.966,0,0,0,114.966,0
72.29,2.02657,0,0,5.26709,0.319202,2.92132,3.6288,61.308,0.519416,0,0,1.04722,0.221866,0.305937,0.66528,12.849,1,0.360207,2.92132,0,92.3288,4.30143,90.5885,0.84672,12.849,0.84672,3695.15,0,36.966,0.313185,2.07133,1.88459,8.42193,1.1596,10.9051,0.42336,36.966,0.42336,423.524,0,1.02816,0,0,3.09949,2.07133,1.028160,1,0,101.799,0,0,0,101.799,0
72.29,2.02699,0,0,5.32057,0.319202,2.97438,3.6288,61.308,0.519598,0,0,1.28187,0.221866,0.54041,0.66528,12.849,1,0.360283,2.97438,0,130.696,4.30143,129.008,0.84672,12.849,0.84672,3695.15,0,36.966,0.313294,2.4952,1.88491,9.99821,1.1596,12.9054,0.42336,36.966,0.42336,423.524,0,1.02816,0,0,3.52336,2.4952,1.028160,1,0,142.454,0,0,0,142.454,0
72.29,2.02742,0,0,8.0452,0.319202,5.69858,3.6288,61.308,0.519779,0,0,1.559,0.221866,0.817356,0.66528,12.849,1,0.360358,5.69858,0,150.145,4.30143,151.182,0.84672,12.849,0.84672,3695.15,0,36.966,0.313404,2.83875,1.88522,15.6864,1.1596,18.9374,0.42336,36.966,0.42336,423.524,0,1.02816,0,0,3.86691,2.83875,1.028160,1,0,170.937,0,0,0,170.937,0
72.29,2.09941,0,0,3.59153,0.291589,1.20053,3.6288,61.308,0.551409,0,0,0.915972,0.203527,0.161036,0.66528,12.849,1,0.373154,1.20053,0,83.2249,3.97887,80.0734,0.84672,12.849,0.84672,3695.15,0,36.966,0.332475,1.23322,1.88554,5.75618,1.11035,7.43213,0.42336,36.966,0.42336,423.524,0,1.02816,0,0,2.26138,1.23322,1.028160,1,0,87.6666,0,0,0,87.6666,0
71.4054,2.09983,0,0,1.84899,0.27088,0.36288,3.6288,60.6374,0.895204,0,0,0.414349,0.189773,0,0.66528,12.849,1,0.373228,0.36288,0,40.1967,3.73695,36.4494,0.84672,12.849,0.84672,3695.15,0,36.966,0.539768,0.503194,1.9406,2.90055,1.07341,3.73117,0.42336,36.966,0.42336,423.524,0,0.47736,0,0,0.980554,0.503194,1.028160,1,0,40.1806,0,0,0,40.1806,0
70.7972,2.09633,0,0,2.12011,0.269062,0.36288,3.6288,60.5155,0.703664,0,0,0.770736,0.188969,0,0.66528,12.849,1,0.377223,0.36288,0,62.8397,3.73695,59.0884,0.84672,12.849,0.84672,3695.15,0,36.966,0.428971,0.503194,1.94092,7.58089,1.07341,8.52262,0.42336,36.966,0.42336,423.524,0,0.779985,0,0,1.28318,0.503194,1.028160,1,0,67.611,0,0,0,67.611,0
70.9704,2.09401,0,0,2.93928,0.309245,0.36288,3.6288,60.5909,0.549242,0,0,0.865642,0.240996,0,0.66528,12.849,1,0.380042,0.36288,0,74.8469,4.11954,70.7102,0.84672,12.849,0.84672,3695.15,0,36.966,0.335506,0.820714,1.94123,5.59754,1.20695,6.81703,0.42336,36.966,0.42336,423.524,0,1.02816,0,0,1.84887,0.820714,1.028160,1,0,77.5273,0,0,0,77.5273,0
70.0197,2.32455,0,0,2.04946,0.312758,0.36288,3.6288,60.2643,0.691748,0,0,0.610663,0.245471,0,0.66528,12.849,1,0.420853,0.36288,0,38.78,4.14264,34.5794,0.84672,12.849,0.84672,3695.15,0,36.966,0.42203,0.503194,1.94155,3.12954,1.19934,3.95291,0.42336,36.966,0.42336,423.524,0,0.988813,0,0,1.49201,0.503194,1.028160,1,0,38.5323,0,0,0,38.5323,0
68.862,2.32018,0,0,1.81039,0.284986,0.36288,3.6288,59.5117,1.00082,0,0,0.450577,0.202398,0,0.66528,12.849,1,0.425766,0.36288,0,33.148,4.03437,29.0507,0.84672,12.849,0.84672,3695.15,0,36.966,0.613903,0.503194,2.13895,3.0759,1.05038,4.05376,0.42336,36.966,0.42336,423.524,0,0.488186,0,0,0.991379,0.503194,1.028160,1,0,33.1045,0,0,0,33.1045,0
67.9665,2.31461,0,0,2.06396,0.281979,0.36288,3.6288,59.1535,0.725344,0,0,0.565861,0.19868,0,0.66528,12.849,1,0.431884,0.36288,0,39.008,4.05699,34.882,0.84672,12.849,0.84672,3695.15,0,36.966,0.450551,0.608429,2.1393,4.2986,1.05542,5.54035,0.42336,36.966,0.42336,423.524,0,0.92734,0,0,1.53577,0.608429,1.028160,1,0,40.4223,0,0,0,40.4223,0
67.6245,2.31028,0,0,2.61113,0.280012,0.36288,3.6288,58.7252,0.811581,0,0,0.581501,0.198225,0,0.66528,12.849,1,0.436756,0.36288,0,51.0012,4.05699,46.8704,0.84672,12.849,0.84672,3695.15,0,36.966,0.50717,0.608429,2.13965,3.96052,1.05542,5.14601,0.42336,36.966,0.42336,423.524,0,0.784806,0,0,1.39323,0.608429,1.028160,1,0,52.0164,0,0,0,52.0164,0
67.9542,1.98401,0,0,2.95104,0.27444,0.36288,3.6288,59.0033,0.504068,0,0,0.980946,0.198771,0,0.66528,12.849,1,0.376972,0.36288,0,57.2126,3.9798,53.2187,0.84672,12.849,0.84672,3695.15,0,36.966,0.317298,0.767353,2.14,5.08499,1.00734,6.66771,0.42336,36.966,0.42336,423.524,0,1.02816,0,0,1.79551,0.767353,1.028160,1,0,59.8864,0,0,0,59.8864,0
71.6774,1.98595,0,0,6.44064,0.368605,0.36288,3.6288,60.3953,0.505158,0,0,2.06018,0.163052,0,0.66528,12.849,1,0.375509,0.36288,0,107.352,3.77905,103.56,0.84672,12.849,0.84672,3695.15,0,36.966,0.316485,3.55934,1.87139,11.8626,0.894578,16.0823,0.42336,36.966,0.42336,423.524,0,1.02816,0,0,4.5875,3.55934,1.028160,1,0,119.643,0,0,0,119.643,0
72.29,2.00289,0,0,5.12089,0.379372,2.12601,3.6288,61.2838,0.509854,0,0,1.56287,0.164508,0,0.66528,12.849,1,0.359041,2.12601,0,122.106,3.77905,120.094,0.84672,12.849,0.84672,3695.15,0,36.966,0.312065,2.12719,1.87169,8.73694,0.894578,11.5292,0.42336,36.966,0.42336,423.524,0,1.02816,0,0,3.15535,2.12719,1.028160,1,0,131.623,0,0,0,131.623,0
72.29,2.00588,0,0,3.46966,0.369816,1.09397,3.6288,61.308,0.512849,0,0,1.08001,0.159422,0.383539,0.66528,12.849,1,0.35653,1.09397,0,98.502,3.69186,95.5476,0.84672,12.849,0.84672,3695.15,0,36.966,0.309347,1.58422,1.872,7.88996,0.882052,10.1548,0.42336,36.966,0.42336,423.524,0,1.02816,0,0,2.61238,1.58422,1.028160,1,0,106.086,0,0,0,106.086,0
72.29,2.00628,0,0,4.71695,0.301846,2.40882,3.6288,61.308,0.513098,0,0,1.28734,0.123348,0.650896,0.66528,12.849,1,0.356602,2.40882,0,100.772,3.16869,99.6553,0.84672,12.849,0.84672,3695.15,0,36.966,0.309375,2.06958,1.8723,8.45631,0.8069,11.2819,0.42336,36.966,0.42336,423.524,0,1.02816,0,0,3.09774,2.06958,1.028160,1,0,111.588,0,0,0,111.588,0
72.29,2.08939,0,0,4.11606,0.316417,1.71025,3.6288,61.308,0.552124,0,0,0.958461,0.160478,0.245859,0.66528,12.849,1,0.371373,1.71025,0,91.4268,3.75167,89.014,0.84672,12.849,0.84672,3695.15,0,36.966,0.332906,2.63137,1.8726,7.96418,0.851948,11.2833,0.42336,36.966,0.42336,423.524,0,1.02816,0,0,3.65953,2.63137,1.028160,1,0,100.543,0,0,0,100.543,0
72.29,2.08981,0,0,5.33457,0.320203,2.92456,3.6288,61.308,0.552304,0,0,1.49704,0.160235,0.784506,0.66528,12.849,1,0.371448,2.92456,0,88.4598,3.96301,87.0499,0.84672,12.849,0.84672,3695.15,0,36.966,0.333014,3.01775,1.93928,7.46496,0.810975,11.278,0.42336,36.966,0.42336,423.524,0,1.02816,0,0,4.04591,3.01775,1.028160,1,0,99.1124,0,0,0,99.1124,0
72.29,2.09023,0,0,4.74591,0.320203,2.33548,3.6288,61.308,0.552483,0,0,2.04336,0.160235,1.33064,0.66528,12.849,1,0.371522,2.33548,0,98.5893,3.96301,96.5902,0.84672,12.849,0.84672,3695.15,0,36.966,0.333123,4.46526,1.93959,10.4695,0.810975,15.7303,0.42336,36.966,0.42336,423.524,0,1.02816,0,0,5.49342,4.46526,1.028160,1,0,113.651,0,0,0,113.651,0
72.29,2.09065,0,0,3.72765,0.320203,1.3168,3.6288,61.308,0.552663,0,0,1.70169,0.160235,0.988793,0.66528,12.849,1,0.371597,1.3168,0,115.296,3.96301,112.278,0.84672,12.849,0.84672,3695.15,0,36.966,0.333231,4.63164,1.93991,7.72338,0.810975,13.1507,0.42336,36.966,0.42336,423.524,0,1.02816,0,0,5.6598,4.63164,1.028160,1,0,126.417,0,0,0,126.417,0
72.29,2.05871,0,0,3.2499,0.278773,0.912419,3.6288,61.308,0.537742,0,0,1.16919,0.162778,0.46867,0.66528,12.849,1,0.36592,0.912419,0,79.386,3.6279,76.3046,0.84672,12.849,0.84672,3695.15,0,36.966,0.324234,2.69624,1.94022,6.20699,0.818078,9.70115,0.42336,36.966,0.42336,423.524,0,1.02816,0,0,3.7244,2.69624,1.028160,1,0,86.4745,0,0,0,86.4745,0
72.29,2.05912,0,0,3.1975,0.243771,0.894606,3.6288,61.308,0.537919,0,0,0.875984,0.22147,0.116595,0.66528,12.849,1,0.365994,0.894606,0,62.0572,4.69192,57.8939,0.84672,12.849,0.84672,3695.15,0,36.966,0.324341,1.60972,1.91469,5.44813,1.03891,7.6093,0.42336,36.966,0.42336,423.524,0,1.02816,0,0,2.63788,1.60972,1.028160,1,0,65.6198,0,0,0,65.6198,0
72.2196,2.05954,0,0,2.59577,0.243771,0.36288,3.6288,61.308,0.538096,0,0,0.776131,0.22147,0.016565,0.66528,12.849,1,0.366067,0.36288,0,52.8391,4.69192,48.144,0.84672,12.849,0.84672,3695.15,0,36.966,0.324448,1.38036,1.91501,4.68353,1.03891,6.61554,0.42336,36.966,0.42336,423.524,0,1.02816,0,0,2.40852,1.38036,1.028160,1,0,54.7761,0,0,0,54.7761,0
71.8687,2.05965,0,0,2.31533,0.24364,0.36288,3.6288,61.2073,0.538273,0,0,0.659019,0.22147,0,0.66528,12.849,1,0.366444,0.36288,0,50.3964,4.69192,45.7009,0.84672,12.849,0.84672,3695.15,0,36.966,0.324555,0.764744,1.91532,4.40383,1.03891,5.72043,0.42336,36.966,0.42336,423.524,0,1.02816,0,0,1.7929,0.764744,1.028160,1,0,51.4214,0,0,0,51.4214,0
71.9274,2.16836,0,0,2.81985,0.229913,0.36288,3.6288,61.1325,0.591675,0,0,0.744275,0.227384,0,0.66528,12.849,1,0.38767,0.36288,0,56.7294,4.77073,51.9339,0.84672,12.849,0.84672,3695.15,0,36.966,0.357341,0.73758,1.91563,5.07924,1.05602,6.31909,0.42336,36.966,0.42336,423.524,0,1.02816,0,0,1.76574,0.73758,1.028160,1,0,58.2529,0,0,0,58.2529,0
71.4552,2.16907,0,0,2.25954,0.199795,0.36288,3.6288,60.94,0.591589,0,0,0.632852,0.233799,0,0.66528,12.849,1,0.387479,0.36288,0,43.699,4.23366,39.4408,0.84672,12.849,0.84672,3695.15,0,36.966,0.357726,0.529139,2.00657,3.7039,1.15245,4.72943,0.42336,36.966,0.42336,423.524,0,1.02816,0,0,1.5573,0.529139,1.028160,1,0,44.1702,0,0,0,44.1702,0
70.7677,2.16733,0,0,1.98792,0.145209,0.36288,3.6288,60.6561,0.591072,0,0,0.539248,0.232048,0,0.66528,12.849,1,0.389727,0.36288,0,37.7395,4.20084,33.5118,0.84672,12.849,0.84672,3695.15,0,36.966,0.358542,0.529476,2.00689,3.40808,1.10061,4.4853,0.42336,36.966,0.42336,423.524,0,1.02816,0,0,1.55764,0.529476,1.028160,1,0,37.9971,0,0,0,37.9971,0
70.0254,2.16456,0,0,1.92957,0.144446,0.36288,3.6288,60.4069,0.590215,0,0,0.572665,0.231631,0,0.66528,12.849,1,0.39301,0.36288,0,35.9714,4.20084,31.7405,0.84672,12.849,0.84672,3695.15,0,36.966,0.359698,0.511626,2.00722,3.62552,1.10061,4.68406,0.42336,36.966,0.42336,423.524,0,1.02816,0,0,1.53979,0.511626,1.028160,1,0,36.4245,0,0,0,36.4245,0
69.188,2.16147,0,0,1.83059,0.143623,0.36288,3.6288,60.1426,0.589481,0,0,0.556489,0.231264,0,0.66528,12.849,1,0.396609,0.36288,0,33.7855,4.20084,29.5509,0.84672,12.849,0.84672,3695.15,0,36.966,0.360733,0.446075,2.00755,3.35198,1.10061,4.34426,0.42336,36.966,0.42336,423.524,0,1.02816,0,0,1.47423,0.446075,1.028160,1,0,33.8952,0,0,0,33.8952,0
68.2735,2.13624,0,0,1.70168,0.117131,0.36288,3.6288,59.7443,0.652605,0,0,0.517151,0.2629,0,0.66528,12.849,1,0.396724,0.36288,0,29.0187,4.91289,24.0719,0.84672,12.849,0.84672,3695.15,0,36.966,0.401116,0.30119,2.00788,3.25631,1.22961,3.93465,0.42336,36.966,0.42336,423.524,0,0.972207,0,0,1.2734,0.30119,1.028160,1,0,28.0066,0,0,0,28.0066,0
67.3006,2.1322,0,0,1.62835,0.106145,0.36288,3.6288,59.2363,0.71798,0,0,0.484967,0.27501,0,0.66528,12.849,1,0.401277,0.36288,0,27.6893,5.19771,22.4532,0.84672,12.849,0.84672,3695.15,0,36.966,0.44424,0.261274,2.03991,3.32592,1.28121,3.90166,0.42336,36.966,0.42336,423.524,0,0.864017,0,0,1.12529,0.261274,1.028160,1,0,26.3549,0,0,0,26.3549,0
66.1934,2.12775,0,0,1.48877,0.105337,0.36288,3.6288,58.7324,0.703098,0,0,0.473326,0.274118,0,0.66528,12.849,1,0.406229,0.36288,0,27.2983,5.19771,22.0573,0.84672,12.849,0.84672,3695.15,0,36.966,0.438764,0.261274,2.04024,3.28502,1.28121,3.86657,0.42336,36.966,0.42336,423.524,0,0.884684,0,0,1.14596,0.261274,1.028160,1,0,25.9238,0,0,0,25.9238,0
64.9642,2.12249,0,0,1.36064,0.104417,0.36288,3.6288,58.0985,0.803232,0,0,0.442633,0.273234,0,0.66528,12.849,1,0.412002,0.36288,0,25.6766,5.19771,20.4298,0.84672,12.849,0.84672,3695.15,0,36.966,0.505552,0.261274,2.04058,3.12596,1.28121,3.64105,0.42336,36.966,0.42336,423.524,0,0.71807,0,0,0.979344,0.261274,1.028160,1,0,24.0708,0,0,0,24.0708,0
63.5783,2.17169,0,0,1.23665,0.0880083,0.36288,3.6288,57.3399,0.848412,0,0,0.402896,0.313102,0,0.66528,12.849,1,0.429529,0.36288,0,22.2035,5.70126,16.4356,0.84672,12.849,0.84672,3695.15,0,36.966,0.539814,0.261274,2.04091,2.85245,1.45046,3.16436,0.42336,36.966,0.42336,423.524,0,0.681083,0,0,0.942356,0.261274,1.028160,1,0,19.6,0,0,0,19.6,0
62.301,2.16433,0,0,1.32998,0.0801031,0.36288,3.6288,56.6938,0.780502,0,0,0.472999,0.338665,0,0.66528,12.849,1,0.437405,0.36288,0,24.299,5.97209,18.2524,0.84672,12.849,0.84672,3695.15,0,36.966,0.503175,0.261274,2.08621,2.90784,1.51294,3.23921,0.42336,36.966,0.42336,423.524,0,0.785946,0,0,1.04722,0.261274,1.028160,1,0,21.4917,0,0,0,21.4917,0
60.9399,2.15733,0,0,1.23837,0.0792718,0.36288,3.6288,56.0615,0.705394,0,0,0.410359,0.337246,0,0.66528,12.849,1,0.444928,0.36288,0,20.5745,5.97209,14.5204,0.84672,12.849,0.84672,3695.15,0,36.966,0.459938,0.227405,2.08656,2.93467,1.51294,3.27575,0.42336,36.966,0.42336,423.524,0,0.904608,0,0,1.13201,0.227405,1.028160,1,0,17.7961,0,0,0,17.7961,0
59.494,2.14955,0,0,1.14495,0.078386,0.36288,3.6288,55.3207,0.785485,0,0,0.38055,0.335857,0,0.66528,12.849,1,0.453226,0.36288,0,19.7292,5.97209,13.6668,0.84672,12.849,0.84672,3695.15,0,36.966,0.517936,0.227405,2.0869,2.55168,1.51294,2.8351,0.42336,36.966,0.42336,423.524,0,0.766835,0,0,0.994239,0.227405,1.028160,1,0,16.5019,0,0,0,16.5019,0
57.9281,2.30051,0,0,1.17038,0.0729486,0.36288,3.6288,54.6142,0.792344,0,0,0.422616,0.336722,0,0.66528,12.849,1,0.496844,0.36288,0,18.7644,6.04686,12.5835,0.84672,12.849,0.84672,3695.15,0,36.966,0.529455,0.227405,2.08724,3.15623,1.52788,3.41353,0.42336,36.966,0.42336,423.524,0,0.901005,0,0,1.12841,0.227405,1.028160,1,0,15.9971,0,0,0,15.9971,0
56.4395,2.28997,0,0,1.25091,0.0866584,0.36288,3.6288,53.7392,0.935022,0,0,0.384322,0.324343,0,0.66528,12.849,1,0.507937,0.36288,0,16.6157,5.95319,10.5174,0.84672,12.849,0.84672,3695.15,0,36.966,0.632876,0.227405,2.24156,3.19564,1.51483,3.5169,0.42336,36.966,0.42336,423.524,0,0.655249,0,0,0.882654,0.227405,1.028160,1,0,14.0343,0,0,0,14.0343,0
55.1031,2.27951,0,0,1.39317,0.0871167,0.36288,3.6288,53.0361,0.830726,0,0,0.448701,0.32105,0,0.66528,12.849,1,0.518952,0.36288,0,19.4577,5.95003,13.3516,0.84672,12.849,0.84672,3695.15,0,36.966,0.571438,0.204422,2.24193,3.14881,1.51514,3.50858,0.42336,36.966,0.42336,423.524,0,0.821327,0,0,1.02575,0.204422,1.028160,1,0,16.8602,0,0,0,16.8602,0
53.4892,2.26975,0,0,1.10464,0.0859641,0.36288,3.6288,52.0767,0.976944,0,0,0.336786,0.319255,0,0.66528,12.849,1,0.529263,0.36288,0,21.3653,5.95003,15.2488,0.84672,12.849,0.84672,3695.15,0,36.966,0.680927,0.204422,2.2423,2.52826,1.51514,2.77891,0.42336,36.966,0.42336,423.524,0,0.565963,0,0,0.770386,0.204422,1.028160,1,0,18.0277,0,0,0,18.0277,0
52.127,2.25732,0,0,1.34264,0.0845721,0.36288,3.6288,51.6361,0.66528,0,0,0.541466,0.316805,0,0.66528,12.849,1,0.542247,0.36288,0,18.624,5.95003,12.4946,0.84672,12.849,0.84672,3695.15,0,36.966,0.530738,0.249109,2.24267,3.64291,1.51514,4.08881,0.42336,36.966,0.42336,423.524,0,1.02816,0,0,1.27727,0.249109,1.028160,1,0,16.5834,0,0,0,16.5834,0
51.0201,2.17046,0,0,1.54715,0.1208,0.36288,3.6288,51.2563,0.643326,0,0,0.571671,0.308111,0,0.66528,12.849,1,0.535005,0.36288,0,32.0825,5.7782,26.1322,0.84672,12.849,0.84672,3695.15,0,36.966,0.460554,0.362068,2.24304,4.05203,1.41517,4.78141,0.42336,36.966,0.42336,423.524,0,1.02816,0,0,1.39023,0.362068,1.028160,1,0,30.9136,0,0,0,30.9136,0
50.3849,2.16161,0,0,2.03648,0.147149,0.36288,3.6288,51.2059,0.641534,0,0,0.892624,0.301505,0,0.66528,12.849,1,0.544386,0.36288,0,37.0757,5.64931,31.2449,0.84672,12.849,0.84672,3695.15,0,36.966,0.462673,0.86819,2.15422,4.94127,1.3402,6.16081,0.42336,36.966,0.42336,423.524,0,1.02816,0,0,1.89635,0.86819,1.028160,1,0,37.4057,0,0,0,37.4057,0
49.5967,2.15657,0,0,1.87746,0.146171,0.36288,3.6288,50.9486,0.641459,0,0,0.685575,0.301382,0,0.66528,12.849,1,0.549963,0.36288,0,37.8259,5.64931,31.9895,0.84672,12.849,0.84672,3695.15,0,36.966,0.463075,0.711876,2.15457,4.18564,1.3402,5.24882,0.42336,36.966,0.42336,423.524,0,1.02816,0,0,1.74004,0.711876,1.028160,1,0,37.2383,0,0,0,37.2383,0
48.529,2.15006,0,0,1.6299,0.184676,0.36288,3.6288,50.6642,0.640294,0,0,0.62712,0.271247,0,0.66528,12.849,1,0.557015,0.36288,0,26.9051,5.14527,21.5657,0.84672,12.849,0.84672,3695.15,0,36.966,0.464568,0.528561,2.15492,6.10628,1.20942,7.11578,0.42336,36.966,0.42336,423.524,0,1.02816,0,0,1.55672,0.528561,1.028160,1,0,28.6815,0,0,0,28.6815,0
48.5841,2.07932,0,0,2.63047,0.133159,0.36288,3.6288,50.5795,0.59027,0,0,0.796388,0.290833,0,0.66528,12.849,1,0.55054,0.36288,0,31.6997,5.75106,25.761,0.84672,12.849,0.84672,3695.15,0,36.966,0.430677,0.938097,2.15528,8.32263,1.16856,9.81676,0.42336,36.966,0.42336,423.524,0,1.02816,0,0,1.96626,0.938097,1.028160,1,0,35.5778,0,0,0,35.5778,0
49.6705,2.08023,0,0,3.73124,0.201767,0.36288,3.6288,50.7494,0.590034,0,0,0.922717,0.162819,0,0.66528,12.849,1,0.550156,0.36288,0,57.2219,3.94737,53.0873,0.84672,12.849,0.84672,3695.15,0,36.966,0.431226,1.02091,2.07598,7.36087,0.891263,9.13526,0.42336,36.966,0.42336,423.524,0,1.02816,0,0,2.04907,1.02091,1.028160,1,0,62.2226,0,0,0,62.2226,0
50.3786,2.0902,0,0,3.3653,0.20414,0.36288,3.6288,50.8468,0.591049,0,0,0.851489,0.163045,0,0.66528,12.849,1,0.540704,0.36288,0,69.52,3.94737,65.3948,0.84672,12.849,0.84672,3695.15,0,36.966,0.430522,0.798422,2.07631,6.97571,0.891263,8.52866,0.42336,36.966,0.42336,423.524,0,1.02816,0,0,1.82658,0.798422,1.028160,1,0,73.9235,0,0,0,73.9235,0
53.167,2.09668,0,0,5.48188,0.233935,0.36288,3.6288,51.9471,0.591708,0,0,1.8663,0.174307,0,0.66528,12.849,1,0.534755,0.36288,0,86.3602,4.24113,81.9472,0.84672,12.849,0.84672,3695.15,0,36.966,0.430176,1.25164,2.07665,8.29621,1.00377,10.1906,0.42336,36.966,0.42336,423.524,0,1.02816,0,0,2.2798,1.25164,1.028160,1,0,92.1377,0,0,0,92.1377,0
57.8572,1.94171,0,0,7.27446,0.279594,0.36288,3.6288,52.5304,0.494634,0,0,1.26884,0.190844,0,0.66528,12.849,1,0.469257,0.36288,0,91.241,4.63281,86.5018,0.84672,12.849,0.84672,3695.15,0,36.966,0.351986,1.60428,2.07699,8.63421,1.15378,10.8097,0.42336,36.966,0.42336,423.524,0,1.02816,0,0,2.63244,1.60428,1.028160,1,0,97.3115,0,0,0,97.3115,0
58.4818,1.97323,0,0,3.22917,0.268496,0.36288,3.6288,52.7224,0.497093,0,0,0.898465,0.209429,0,0.66528,12.849,1,0.438218,0.36288,0,63.547,4.61517,58.8565,0.84672,12.849,0.84672,3695.15,0,36.966,0.349808,1.09129,1.90027,7.99045,1.11445,9.51776,0.42336,36.966,0.42336,423.524,0,1.02816,0,0,2.11945,1.09129,1.028160,1,0,68.3743,0,0,0,68.3743,0
61.0407,1.97747,0,0,5.16528,0.266022,0.36288,3.6288,53.9893,0.498007,0,0,1.97764,0.212704,0,0.66528,12.849,1,0.434468,0.36288,0,112.7,4.61223,108.016,0.84672,12.849,0.84672,3695.15,0,36.966,0.349175,3.44397,1.90058,9.88381,1.10789,13.7713,0.42336,36.966,0.42336,423.524,0,1.02816,0,0,4.47213,3.44397,1.028160,1,0,121.788,0,0,0,121.788,0
62.8437,1.99291,0,0,4.42098,0.262218,0.36288,3.6288,53.9583,0.503038,0,0,0.682615,0.210579,0,0.66528,12.849,1,0.419506,0.36288,0,66.9612,4.38453,62.5201,0.84672,12.849,0.84672,3695.15,0,36.966,0.344426,1.07974,1.90089,7.1582,1.07015,8.72425,0.42336,36.966,0.42336,423.524,0,1.02816,0,0,2.1079,1.07974,1.028160,1,0,71.2443,0,0,0,71.2443,0
64.1532,2.00331,0,0,3.92806,0.25237,0.36288,3.6288,54.4302,0.503087,0,0,1.1799,0.204883,0,0.66528,12.849,1,0.409596,0.36288,0,52.1263,4.08093,47.9987,0.84672,12.849,0.84672,3695.15,0,36.966,0.344657,1.33397,1.90119,6.62821,1.01983,8.49889,0.42336,36.966,0.42336,423.524,0,1.02816,0,0,2.36213,1.33397,1.028160,1,0,56.4976,0,0,0,56.4976,0
66.2498,2.08155,0,0,4.78801,0.246972,0.36288,3.6288,55.1745,0.535337,0,0,1.4878,0.208222,0,0.66528,12.849,1,0.416907,0.36288,0,79.526,3.96321,75.5088,0.84672,12.849,0.84672,3695.15,0,36.966,0.363571,1.7939,1.9015,8.37782,1.00065,10.709,0.42336,36.966,0.42336,423.524,0,1.02816,0,0,2.82206,1.7939,1.028160,1,0,86.2178,0,0,0,86.2178,0
66.7803,2.09301,0,0,3.22652,0.240178,0.36288,3.6288,55.8942,0.53844,0,0,1.47099,0.212862,0,0.66528,12.849,1,0.405934,0.36288,0,71.7701,3.80625,67.9208,0.84672,12.849,0.84672,3695.15,0,36.966,0.360746,2.14739,1.95706,7.17185,0.975083,9.94048,0.42336,36.966,0.42336,423.524,0,1.02816,0,0,3.17555,2.14739,1.028160,1,0,77.8613,0,0,0,77.8613,0
66.5718,2.09612,0,0,2.49174,0.241191,0.36288,3.6288,56.3917,0.541404,0,0,1.25277,0.21387,0,0.66528,12.849,1,0.403308,0.36288,0,44.639,3.80625,40.7923,0.84672,12.849,0.84672,3695.15,0,36.966,0.358062,1.75676,1.95737,6.16594,0.975083,8.54692,0.42336,36.966,0.42336,423.524,0,1.02816,0,0,2.78492,1.75676,1.028160,1,0,49.3392,0,0,0,49.3392,0
66.1081,2.09546,0,0,2.2858,0.291134,0.36288,3.6288,56.6121,0.543481,0,0,0.946461,0.182517,0,0.66528,12.849,1,0.404444,0.36288,0,55.5466,3.69607,51.809,0.84672,12.849,0.84672,3695.15,0,36.966,0.356264,0.987872,1.95768,8.24533,0.887925,9.94668,0.42336,36.966,0.42336,423.524,0,1.02816,0,0,2.01603,0.987872,1.028160,1,0,61.7557,0,0,0,61.7557,0
66.4752,2.32238,0,0,3.36245,0.310125,0.36288,3.6288,57.3215,0.660134,0,0,1.53944,0.169942,0,0.66528,12.849,1,0.451385,0.36288,0,94.6002,3.65201,90.8597,0.84672,12.849,0.84672,3695.15,0,36.966,0.431047,2.52077,1.95798,14.2582,0.853062,17.4528,0.42336,36.966,0.42336,423.524,0,1.02816,0,0,3.54893,2.52077,1.028160,1,0,108.313,0,0,0,108.313,0
65.1416,2.32491,0,0,1.61455,0.260359,0.36288,3.6288,57.3667,0.663566,0,0,0.907641,0.198899,0,0.66528,12.849,1,0.449382,0.36288,0,35.3912,3.51345,31.7912,0.84672,12.849,0.84672,3695.15,0,36.966,0.427927,0.742971,2.15721,5.48574,0.944396,7.0136,0.42336,36.966,0.42336,423.524,0,1.02816,0,0,1.77113,0.742971,1.028160,1,0,38.8048,0,0,0,38.8048,0
63.7962,2.31766,0,0,1.59009,0.254924,0.36288,3.6288,57.3072,0.663961,0,0,0.787208,0.18269,0,0.66528,12.849,1,0.457153,0.36288,0,35.2822,3.64917,31.5388,0.84672,12.849,0.84672,3695.15,0,36.966,0.427844,0.777946,2.15755,5.3738,0.974648,6.9068,0.42336,36.966,0.42336,423.524,0,1.02816,0,0,1.80611,0.777946,1.028160,1,0,38.4456,0,0,0,38.4456,0
62.9194,2.31008,0,0,2.04827,0.252173,0.36288,3.6288,57.4268,0.663881,0,0,0.966064,0.182619,0,0.66528,12.849,1,0.465266,0.36288,0,47.6391,3.64917,43.8875,0.84672,12.849,0.84672,3695.15,0,36.966,0.428236,1.35151,2.15789,7.337,0.974648,9.44352,0.42336,36.966,0.42336,423.524,0,1.02816,0,0,2.37967,1.35151,1.028160,1,0,53.331,0,0,0,53.331,0
62.645,1.98111,0,0,2.32,0.250379,0.36288,3.6288,57.7475,0.508434,0,0,1.0119,0.182761,0,0.66528,12.849,1,0.40457,0.36288,0,54.6963,3.64917,51.0054,0.84672,12.849,0.84672,3695.15,0,36.966,0.327283,1.1314,2.15823,6.72607,0.974648,8.71376,0.42336,36.966,0.42336,423.524,0,1.02816,0,0,2.15956,1.1314,1.028160,1,0,59.7192,0,0,0,59.7192,0
64.3914,1.98002,0,0,4.37008,0.280758,0.36288,3.6288,57.9249,0.509706,0,0,0.85098,0.163864,0,0.66528,12.849,1,0.406119,0.36288,0,102.351,3.83166,98.4763,0.84672,12.849,0.84672,3695.15,0,36.966,0.326279,1.04564,1.88711,5.79911,0.992336,7.41324,0.42336,36.966,0.42336,423.524,0,1.02816,0,0,2.0738,1.04564,1.028160,1,0,105.89,0,0,0,105.89,0
66.2703,1.98959,0,0,4.51619,0.284772,0.36288,3.6288,58.3364,0.51048,0,0,1.08602,0.164052,0,0.66528,12.849,1,0.397014,0.36288,0,112.834,3.83166,108.968,0.84672,12.849,0.84672,3695.15,0,36.966,0.325773,1.50679,1.8874,9.79167,0.992336,11.8678,0.42336,36.966,0.42336,423.524,0,1.02816,0,0,2.53495,1.50679,1.028160,1,0,120.836,0,0,0,120.836,0
69.4515,1.99941,0,0,5.8325,0.289091,0.36288,3.6288,58.8875,0.51205,0,0,1.22763,0.164488,0,0.66528,12.849,1,0.38766,0.36288,0,89.4681,3.83166,85.6116,0.84672,12.849,0.84672,3695.15,0,36.966,0.324471,2.08855,1.8877,11.2827,0.992336,13.9422,0.42336,36.966,0.42336,423.524,0,1.02816,0,0,3.11671,2.08855,1.028160,1,0,99.5538,0,0,0,99.5538,0
72.29,2.01478,0,0,6.07354,0.288267,0.93196,3.6288,60.0384,0.51408,0,0,1.83807,0.173064,0,0.66528,12.849,1,0.372748,0.93196,0,156.215,3.81019,152.964,0.84672,12.849,0.84672,3695.15,0,36.966,0.322709,3.96372,1.88799,13.1821,1.01073,17.7004,0.42336,36.966,0.42336,423.524,0,1.02816,0,0,4.99188,3.96372,1.028160,1,0,170.664,0,0,0,170.664,0
72.29,2.11107,0,0,4.53002,0.310178,2.10878,3.6288,60.6817,0.556978,0,0,1.39196,0.191689,0,0.66528,12.849,1,0.375226,2.10878,0,106.551,4.17953,104.105,0.84672,12.849,0.84672,3695.15,0,36.966,0.342935,1.96201,1.88828,9.31962,1.09489,11.7321,0.42336,36.966,0.42336,423.524,0,1.02816,0,0,2.99017,1.96201,1.028160,1,0,115.837,0,0,0,115.837,0
72.29,2.11147,0,0,4.61837,0.29052,2.21637,3.6288,61.2716,0.55941,0,0,1.32579,0.17648,0,0.66528,12.849,1,0.375298,2.21637,0,114.536,4.17281,112.204,0.84672,12.849,0.84672,3695.15,0,36.966,0.340781,2.38771,1.95556,9.14561,1.09577,12.0523,0.42336,36.966,0.42336,423.524,0,1.02816,0,0,3.41587,2.38771,1.028160,1,0,124.257,0,0,0,124.257,0
72.29,2.11188,0,0,3.24181,0.29052,0.839408,3.6288,61.308,0.561631,0,0,0.991734,0.177141,0.216569,0.66528,12.849,1,0.37537,0.839408,0,77.9527,4.17281,74.2439,0.84672,12.849,0.84672,3695.15,0,36.966,0.33884,1.16986,1.95586,6.91796,1.09577,8.60908,0.42336,36.966,0.42336,423.524,0,1.02816,0,0,2.19802,1.16986,1.028160,1,0,83.0696,0,0,0,83.0696,0
72.29,2.11228,0,0,2.81589,0.257884,0.445719,3.6288,61.308,0.56193,0,0,0.817387,0.188706,0.0667509,0.66528,12.849,1,0.375443,0.445719,0,67.0162,4.23393,62.8525,0.84672,12.849,0.84672,3695.15,0,36.966,0.338819,0.941864,1.95617,5.67667,1.10936,7.12652,0.42336,36.966,0.42336,423.524,0,1.02816,0,0,1.97002,0.941864,1.028160,1,0,70.0458,0,0,0,70.0458,0
72.2874,2.08003,0,0,2.70156,0.261219,0.36288,3.6288,61.308,0.546864,0,0,0.743999,0.196953,0.000181969,0.66528,12.849,1,0.36971,0.36288,0,63.3455,4.43565,58.9031,0.84672,12.849,0.84672,3695.15,0,36.966,0.329735,0.807313,1.95648,5.34494,1.1208,6.65819,0.42336,36.966,0.42336,423.524,0,1.02816,0,0,1.83547,0.807313,1.028160,1,0,65.5614,0,0,0,65.5614,0
72.29,2.08042,0,0,2.71649,0.179944,0.453548,3.6288,61.308,0.547036,0,0,0.767992,0.212558,0.0083986,0.66528,12.849,1,0.369793,0.453548,0,64.4242,4.19895,60.309,0.84672,12.849,0.84672,3695.15,0,36.966,0.329838,0.689368,1.9307,5.05266,1.17421,6.16868,0.42336,36.966,0.42336,423.524,0,1.02816,0,0,1.71753,0.689368,1.028160,1,0,66.486,0,0,0,66.486,0
72.0749,2.08084,0,0,2.40856,0.179948,0.36288,3.6288,61.2102,0.582803,0,0,0.697576,0.212558,0,0.66528,12.849,1,0.369853,0.36288,0,55.8209,4.19895,51.615,0.84672,12.849,0.84672,3695.15,0,36.966,0.351405,0.528595,1.931,4.36933,1.17421,5.30331,0.42336,36.966,0.42336,423.524,0,0.971101,0,0,1.4997,0.528595,1.028160,1,0,56.9183,0,0,0,56.9183,0
71.6388,2.0803,0,0,2.1824,0.17534,0.36288,3.6288,61.0398,0.589116,0,0,0.625438,0.206741,0,0.66528,12.849,1,0.370861,0.36288,0,49.1817,4.08099,45.0928,0.84672,12.849,0.84672,3695.15,0,36.966,0.355778,0.402797,1.9313,3.99644,1.14429,4.83047,0.42336,36.966,0.42336,423.524,0,0.96069,0,0,1.36349,0.402797,1.028160,1,0,49.9232,0,0,0,49.9232,0
70.9378,2.18956,0,0,2.0004,0.148962,0.36288,3.6288,60.7745,0.683984,0,0,0.591098,0.172443,0,0.66528,12.849,1,0.392716,0.36288,0,47.3528,3.37323,43.9498,0.84672,12.849,0.84672,3695.15,0,36.966,0.414224,0.402797,1.9316,3.63891,0.964785,4.5943,0.42336,36.966,0.42336,423.524,0,0.894344,0,0,1.29714,0.402797,1.028160,1,0,48.5441,0,0,0,48.5441,0
70.2277,2.18669,0,0,1.98051,0.141002,0.36288,3.6288,60.5522,0.599833,0,0,0.580714,0.203124,0,0.66528,12.849,1,0.396077,0.36288,0,41.195,4.36422,36.7976,0.84672,12.849,0.84672,3695.15,0,36.966,0.364848,0.416007,2.02336,3.38599,1.10284,4.35767,0.42336,36.966,0.42336,423.524,0,1.02816,0,0,1.44417,0.416007,1.028160,1,0,41.1553,0,0,0,41.1553,0
69.4101,2.18373,0,0,1.86804,0.139047,0.36288,3.6288,60.1737,0.705191,0,0,0.534618,0.207992,0,0.66528,12.849,1,0.399539,0.36288,0,36.9665,4.52938,32.4005,0.84672,12.849,0.84672,3695.15,0,36.966,0.430506,0.402797,2.02368,3.10694,1.12585,3.97707,0.42336,36.966,0.42336,423.524,0,0.857434,0,0,1.26023,0.402797,1.028160,1,0,36.3775,0,0,0,36.3775,0
68.4575,2.18017,0,0,1.69343,0.102966,0.36288,3.6288,59.7868,0.666271,0,0,0.510365,0.230931,0,0.66528,12.849,1,0.403588,0.36288,0,32.5946,4.79714,27.7567,0.84672,12.849,0.84672,3695.15,0,36.966,0.409305,0.30119,2.024,3.02622,1.19426,3.74784,0.42336,36.966,0.42336,423.524,0,0.917845,0,0,1.21903,0.30119,1.028160,1,0,31.5046,0,0,0,31.5046,0
67.4308,2.17586,0,0,1.60025,0.0882278,0.36288,3.6288,59.3188,0.715828,0,0,0.487531,0.239715,0,0.66528,12.849,1,0.408394,0.36288,0,31.5469,4.90423,26.5971,0.84672,12.849,0.84672,3695.15,0,36.966,0.442594,0.30119,2.02431,3.01782,1.22162,3.67911,0.42336,36.966,0.42336,423.524,0,0.835289,0,0,1.13648,0.30119,1.028160,1,0,30.2762,0,0,0,30.2762,0
66.091,2.14934,0,0,1.26184,0.0894351,0.36288,3.6288,58.671,0.87536,0,0,0.46181,0.234296,0,0.66528,12.849,1,0.409558,0.36288,0,27.5422,4.9895,22.506,0.84672,12.849,0.84672,3695.15,0,36.966,0.545502,0.30119,2.02463,2.53562,1.24403,3.07191,0.42336,36.966,0.42336,423.524,0,0.620827,0,0,0.922018,0.30119,1.028160,1,0,25.5779,0,0,0,25.5779,0
64.474,2.1428,0,0,0.978627,0.0899123,0.36288,3.6288,57.9051,0.971273,0,0,0.435264,0.229812,0,0.66528,12.849,1,0.416589,0.36288,0,23.9414,5.05344,18.8342,0.84672,12.849,0.84672,3695.15,0,36.966,0.611957,0.30119,2.05695,2.23681,1.26083,2.72216,0.42336,36.966,0.42336,423.524,0,0.458758,0,0,0.759948,0.30119,1.028160,1,0,21.5564,0,0,0,21.5564,0
62.779,2.13449,0,0,0.891104,0.0887547,0.36288,3.6288,57.1658,0.941482,0,0,0.430865,0.228681,0,0.66528,12.849,1,0.425382,0.36288,0,23.7562,5.05344,18.6403,0.84672,12.849,0.84672,3695.15,0,36.966,0.601032,0.261274,2.05727,2.15282,1.26083,2.6095,0.42336,36.966,0.42336,423.524,0,0.499772,0,0,0.761046,0.261274,1.028160,1,0,21.2498,0,0,0,21.2498,0
61.0094,2.12537,0,0,0.80625,0.0875412,0.36288,3.6288,56.3439,0.994262,0,0,0.399857,0.227589,0,0.66528,12.849,1,0.435,0.36288,0,21.3334,5.05344,16.2078,0.84672,12.849,0.84672,3695.15,0,36.966,0.642934,0.261274,2.05759,2.06476,1.26083,2.47986,0.42336,36.966,0.42336,423.524,0,0.405389,0,0,0.666662,0.261274,1.028160,1,0,18.6877,0,0,0,18.6877,0
59.1948,2.17055,0,0,0.780261,0.061449,0.36288,3.6288,55.441,1.00435,0,0,0.389552,0.288017,0,0.66528,12.849,1,0.457132,0.36288,0,19.6705,5.84475,13.7315,0.84672,12.849,0.84672,3695.15,0,36.966,0.658932,0.261274,2.05791,1.96895,1.54975,2.07946,0.42336,36.966,0.42336,423.524,0,0.422133,0,0,0.683407,0.261274,1.028160,1,0,15.811,0,0,0,15.811,0
57.4042,2.15945,0,0,0.795467,0.0637747,0.36288,3.6288,54.6245,0.966427,0,0,0.434208,0.284319,0,0.66528,12.849,1,0.468736,0.36288,0,19.5712,5.65236,13.8129,0.84672,12.849,0.84672,3695.15,0,36.966,0.644377,0.261274,2.10362,1.92012,1.47996,2.16067,0.42336,36.966,0.42336,423.524,0,0.474915,0,0,0.736188,0.261274,1.028160,1,0,15.9736,0,0,0,15.9736,0
55.5755,2.14791,0,0,0.744759,0.0626741,0.36288,3.6288,53.8027,0.957742,0,0,0.418713,0.282795,0,0.66528,12.849,1,0.480775,0.36288,0,18.3588,5.65236,12.5885,0.84672,12.849,0.84672,3695.15,0,36.966,0.648132,0.261274,2.10395,1.98606,1.47996,2.22319,0.42336,36.966,0.42336,423.524,0,0.480151,0,0,0.741424,0.261274,1.028160,1,0,14.8117,0,0,0,14.8117,0
53.6741,2.13547,0,0,0.658498,0.0615501,0.36288,3.6288,52.9381,0.977513,0,0,0.394171,0.281251,0,0.66528,12.849,1,0.493719,0.36288,0,17.3422,5.65236,11.559,0.84672,12.849,0.84672,3695.15,0,36.966,0.671616,0.227405,2.10428,1.86317,1.47996,2.04328,0.42336,36.966,0.42336,423.524,0,0.437201,0,0,0.664606,0.227405,1.028160,1,0,13.6023,0,0,0,13.6023,0
51.5745,2.27976,0,0,0.595057,0.0520337,0.36288,3.6288,51.9708,1.07335,0,0,0.390278,0.284218,0,0.66528,12.849,1,0.545751,0.36288,0,16.4392,5.80191,10.4545,0.84672,12.849,0.84672,3695.15,0,36.966,0.749509,0.227405,2.10461,1.85903,1.50984,1.9317,0.42336,36.966,0.42336,423.524,0,0.41739,0,0,0.644795,0.227405,1.028160,1,0,12.3862,0,0,0,12.3862,0
49.3051,2.26241,0,0,0.408148,0.0521837,0.36288,3.6288,50.8576,1.15013,0,0,0.329027,0.292072,0,0.66528,12.849,1,0.563645,0.36288,0,12.5369,5.98882,6.34731,0.84672,12.849,0.84672,3695.15,0,36.966,0.81807,0.227405,2.26032,1.75462,1.51564,1.90863,0.42336,36.966,0.42336,423.524,0,0.272385,0,0,0.499789,0.227405,1.028160,1,0,8.25594,0,0,0,8.25594,0
46.9793,2.24225,0,0,0.334144,0.0548035,0.36288,3.6288,49.6568,1.18415,0,0,0.276208,0.292907,0,0.66528,12.849,1,0.584335,0.36288,0,10.2061,5.99424,3.99039,0.84672,12.849,0.84672,3695.15,0,36.966,0.860704,0.227405,2.26068,1.69922,1.52968,1.79692,0.42336,36.966,0.42336,423.524,0,0.196062,0,0,0.423467,0.227405,1.028160,1,0,5.78731,0,0,0,5.78731,0
44.6988,2.21996,0,0,0.355774,0.0534322,0.36288,3.6288,48.4777,1.16298,0,0,0.273949,0.290044,0,0.66528,12.849,1,0.607166,0.36288,0,9.53407,5.99424,3.29554,0.84672,12.849,0.84672,3695.15,0,36.966,0.865761,0.204422,2.26104,1.79089,1.52968,1.86091,0.42336,36.966,0.42336,423.524,0,0.212505,0,0,0.416928,0.204422,1.028160,1,0,5.15645,0,0,0,5.15645,0
42.6137,2.19632,0,0,0.534001,0.0599618,0.36288,3.6288,47.4141,1.10448,0,0,0.326194,0.285276,0,0.66528,12.849,1,0.631347,0.36288,0,14.0785,5.93487,7.8752,0.84672,12.849,0.84672,3695.15,0,36.966,0.84221,0.204422,2.26139,1.90318,1.5224,2.00439,0.42336,36.966,0.42336,423.524,0,0.294888,0,0,0.499311,0.204422,1.028160,1,0,9.87959,0,0,0,9.87959,0
41.0902,2.0996,0,0,1.0111,0.0721118,0.36288,3.6288,46.7847,0.949336,0,0,0.595632,0.275704,0,0.66528,12.849,1,0.633078,0.36288,0,16.3966,5.92908,10.1974,0.84672,12.849,0.84672,3695.15,0,36.966,0.740141,0.204422,2.26175,3.31988,1.48281,3.5631,0.42336,36.966,0.42336,423.524,0,0.45912,0,0,0.663543,0.204422,1.028160,1,0,13.7605,0,0,0,13.7605,0
39.1,2.08212,0,0,0.522486,0.0676921,0.36288,3.6288,45.8215,1.06332,0,0,0.373421,0.273288,0,0.66528,12.849,1,0.651083,0.36288,0,24.3682,6.03015,18.0498,0.84672,12.849,0.84672,3695.15,0,36.966,0.840162,0.204422,2.17211,2.06936,1.45551,2.15022,0.42336,36.966,0.42336,423.524,0,0.24543,0,0,0.449853,0.204422,1.028160,1,0,20.2,0,0,0,20.2,0
37.0418,2.05757,0,0,0.428428,0.0661267,0.36288,3.6288,44.7539,1.13773,0,0,0.340995,0.270875,0,0.66528,12.849,1,0.676156,0.36288,0,14.1369,6.03015,7.79343,0.84672,12.849,0.84672,3695.15,0,36.966,0.917853,0.216518,2.17245,1.47879,1.45551,1.4944,0.42336,36.966,0.42336,423.524,0,0.0936455,0,0,0.310164,0.216518,1.028160,1,0,9.28783,0,0,0,9.28783,0
35.5838,2.03006,0,0,1.05407,0.119145,0.36288,3.6288,44.109,0.913914,0,0,0.542386,0.273414,0,0.66528,12.849,1,0.704183,0.36288,0,18.8216,5.56695,12.9134,0.84672,12.849,0.84672,3695.15,0,36.966,0.754878,0.216518,2.1728,3.84635,1.35594,4.12484,0.42336,36.966,0.42336,423.524,0,0.480755,0,0,0.697273,0.216518,1.028160,1,0,17.0382,0,0,0,17.0382,0
34.0644,1.9516,0,0,0.94081,0.145762,0.36288,3.6288,43.4847,0.949899,0,0,0.609651,0.284006,0,0.66528,12.849,1,0.704706,0.36288,0,31.6725,5.37044,25.9603,0.84672,12.849,0.84672,3695.15,0,36.966,0.796073,0.216518,2.17314,2.88234,1.28656,3.18936,0.42336,36.966,0.42336,423.524,0,0.31889,0,0,0.535409,0.216518,1.028160,1,0,29.1496,0,0,0,29.1496,0
33.0568,1.92915,0,0,1.46098,0.176551,0.36288,3.6288,42.7031,0.90786,0,0,0.348862,0.222615,0,0.66528,12.849,1,0.727669,0.36288,0,25.837,4.24935,21.2228,0.84672,12.849,0.84672,3695.15,0,36.966,0.771764,0.216518,2.09311,3.3197,0.96484,3.89271,0.42336,36.966,0.42336,423.524,0,0.385541,0,0,0.602059,0.216518,1.028160,1,0,25.1155,0,0,0,25.1155,0
31.8475,1.91354,0,0,1.2415,0.174368,0.36288,3.6288,42.0461,0.827538,0,0,0.391525,0.220964,0,0.66528,12.849,1,0.743783,0.36288,0,21.1206,4.24935,16.4903,0.84672,12.849,0.84672,3695.15,0,36.966,0.71636,0.216518,2.09343,3.68982,0.96484,4.31857,0.42336,36.966,0.42336,423.524,0,0.52157,0,0,0.738088,0.216518,1.028160,1,0,20.8089,0,0,0,20.8089,0
33.2431,1.89378,0,0,3.82396,0.171749,0.36288,3.6288,42.5273,0.552162,0,0,1.25294,0.219576,0,0.66528,12.849,1,0.764052,0.36288,0,73.1742,4.24935,68.5237,0.84672,12.849,0.84672,3695.15,0,36.966,0.485448,1.33233,2.09376,8.77379,0.96484,10.7496,0.42336,36.966,0.42336,423.524,0,1.02816,0,0,2.36049,1.33233,1.028160,1,0,79.2733,0,0,0,79.2733,0
34.0656,1.75646,0,0,3.13971,0.19783,0.36288,3.6288,42.7797,0.615842,0,0,1.06851,0.20029,0,0.66528,12.849,1,0.678901,0.36288,0,59.3548,3.92288,55.1159,0.84672,12.849,0.84672,3695.15,0,36.966,0.535308,0.292723,2.09409,6.63441,0.87236,7.61356,0.42336,36.966,0.42336,423.524,0,0.737767,0,0,1.03049,0.292723,1.028160,1,0,62.7295,0,0,0,62.7295,0
33.9365,1.7687,0,0,2.20204,0.199553,0.36288,3.6288,43.0037,0.461901,0,0,0.846685,0.1608,0,0.66528,12.849,1,0.667127,0.36288,0,46.6289,3.75199,42.5726,0.84672,12.849,0.84672,3695.15,0,36.966,0.399129,0.388117,1.91576,5.41914,0.825041,6.49885,0.42336,36.966,0.42336,423.524,0,1.02816,0,0,1.41628,0.388117,1.028160,1,0,49.0715,0,0,0,49.0715,0
33.6416,1.7672,0,0,2.03185,0.196638,0.36288,3.6288,43.2547,0.463165,0,0,0.861408,0.147237,0,0.66528,12.849,1,0.669097,0.36288,0,55.24,3.76173,51.1721,0.84672,12.849,0.84672,3695.15,0,36.966,0.398137,0.545391,1.91606,6.08944,0.870423,7.28233,0.42336,36.966,0.42336,423.524,0,1.02816,0,0,1.57355,0.545391,1.028160,1,0,58.4544,0,0,0,58.4544,0
33.2381,1.7633,0,0,1.9195,0.196824,0.36288,3.6288,43.3705,0.486132,0,0,0.763524,0.161573,0,0.66528,12.849,1,0.67347,0.36288,0,56.0599,4.0026,51.7467,0.84672,12.849,0.84672,3695.15,0,36.966,0.415454,0.412474,1.91636,5.09171,0.965426,6.03966,0.42336,36.966,0.42336,423.524,0,0.988148,0,0,1.40062,0.412474,1.028160,1,0,57.7863,0,0,0,57.7863,0
33.7458,1.75774,0,0,2.84061,0.212272,0.36288,3.6288,43.6953,0.465277,0,0,0.983699,0.193583,0,0.66528,12.849,1,0.679498,0.36288,0,61.1998,4.60878,56.2744,0.84672,12.849,0.84672,3695.15,0,36.966,0.39657,0.848897,1.91666,6.80887,1.15059,8.02727,0.42336,36.966,0.42336,423.524,0,1.02816,0,0,1.87706,0.848897,1.028160,1,0,64.3017,0,0,0,64.3017,0
36.9888,1.76515,0,0,5.59601,0.224979,0.36288,3.6288,45.2404,0.466874,0,0,2.20218,0.190227,0,0.66528,12.849,1,0.672094,0.36288,0,107.487,4.4475,102.73,0.84672,12.849,0.84672,3695.15,0,36.966,0.394973,1.52213,1.91696,12.0353,1.08086,13.9985,0.42336,36.966,0.42336,423.524,0,1.02816,0,0,2.55029,1.52213,1.028160,1,0,116.729,0,0,0,116.729,0
44.4962,1.87293,0,0,9.96736,0.224154,0.36288,3.6288,47.2648,0.5027,0,0,2.7304,0.203344,0,0.66528,12.849,1,0.65061,0.36288,0,199.193,4.40612,194.5,0.84672,12.849,0.84672,3695.15,0,36.966,0.410757,1.68326,1.91696,18.101,1.12789,20.1625,0.42336,36.966,0.42336,423.524,0,1.02816,0,0,2.71142,1.68326,1.028160,1,0,214.662,0,0,0,214.662,0
48.6783,1.95847,0,0,6.74804,0.244653,0.36288,3.6288,48.0943,0.512723,0,0,1.54938,0.207102,0,0.66528,12.849,1,0.565539,0.36288,0,153.223,4.40612,148.615,0.84672,12.849,0.84672,3695.15,0,36.966,0.401003,1.70273,1.973,15.4341,1.12789,17.5809,0.42336,36.966,0.42336,423.524,0,1.02816,0,0,2.73089,1.70273,1.028160,1,0,166.196,0,0,0,166.196,0
52.3152,1.99728,0,0,6.25337,0.256261,0.36288,3.6288,48.9094,0.516786,0,0,1.54043,0.208542,0,0.66528,12.849,1,0.527196,0.36288,0,122.467,4.40612,117.896,0.84672,12.849,0.84672,3695.15,0,36.966,0.397209,1.44739,1.9733,14.6464,1.12789,16.5419,0.42336,36.966,0.42336,423.524,0,1.02816,0,0,2.47555,1.44739,1.028160,1,0,134.438,0,0,0,134.438,0
56.0033,2.02707,0,0,6.36112,0.283105,0.36288,3.6288,49.2023,0.52071,0,0,1.0186,0.205055,0,0.66528,12.849,1,0.497864,0.36288,0,120.172,4.46308,115.574,0.84672,12.849,0.84672,3695.15,0,36.966,0.393555,0.959057,1.9736,14.7874,1.22723,16.0993,0.42336,36.966,0.42336,423.524,0,1.02816,0,0,1.98722,0.959057,1.028160,1,0,131.673,0,0,0,131.673,0
60.6457,2.27846,0,0,7.54212,0.258363,0.36288,3.6288,50.2305,0.632327,0,0,1.85766,0.19709,0,0.66528,12.849,1,0.522755,0.36288,0,175.008,3.77252,171.076,0.84672,12.849,0.84672,3695.15,0,36.966,0.475072,1.89207,1.97389,15.7018,1.129,17.9637,0.42336,36.966,0.42336,423.524,0,1.02816,0,0,2.92023,1.89207,1.028160,1,0,189.04,0,0,0,189.04,0
64.7161,2.31191,0,0,7.00514,0.259933,0.36288,3.6288,51.2308,0.638103,0,0,1.83679,0.198442,0,0.66528,12.849,1,0.489823,0.36288,0,144.374,3.64476,140.603,0.84672,12.849,0.84672,3695.15,0,36.966,0.469597,1.60053,2.17488,12.606,1.09056,14.8213,0.42336,36.966,0.42336,423.524,0,1.02816,0,0,2.62869,1.60053,1.028160,1,0,155.424,0,0,0,155.424,0
69.3783,2.33804,0,0,7.6318,0.268739,0.36288,3.6288,52.5185,0.643604,0,0,2.13142,0.200065,0,0.66528,12.849,1,0.464203,0.36288,0,190.503,3.64476,186.756,0.84672,12.849,0.84672,3695.15,0,36.966,0.464398,2.56279,2.17521,16.6482,1.09056,19.8313,0.42336,36.966,0.42336,423.524,0,1.02816,0,0,3.59095,2.56279,1.028160,1,0,206.588,0,0,0,206.588,0
72.29,2.36479,0,0,6.79215,0.283259,1.23237,3.6288,53.5114,0.650464,0,0,1.82072,0.177394,0,0.66528,12.849,1,0.437964,1.23237,0,148.446,3.19107,146.05,0.84672,12.849,0.84672,3695.15,0,36.966,0.45784,1.76982,2.17554,14.2459,0.960465,16.7729,0.42336,36.966,0.42336,423.524,0,1.02816,0,0,2.79798,1.76982,1.028160,1,0,162.823,0,0,0,162.823,0
72.29,2.04595,0,0,5.707,0.308868,3.35218,3.6288,54.9558,0.502488,0,0,2.12843,0.181511,0,0.66528,12.849,1,0.363652,3.35218,0,131.011,2.85184,131.148,0.84672,12.849,0.84672,3695.15,0,36.966,0.347122,2.82335,2.17587,9.69365,0.846327,13.4994,0.42336,36.966,0.42336,423.524,0,1.02816,0,0,3.85151,2.82335,1.028160,1,0,144.647,0,0,0,144.647,0
72.29,2.04633,0,0,5.6298,0.311943,3.27153,3.6288,56.3518,0.508097,0,0,2.08857,0.184487,0,0.66528,12.849,1,0.363719,3.27153,0,117.003,2.80791,117.103,0.84672,12.849,0.84672,3695.15,0,36.966,0.341771,2.58236,1.90232,10.5252,0.830918,13.8372,0.42336,36.966,0.42336,423.524,0,1.02816,0,0,3.61052,2.58236,1.028160,1,0,130.94,0,0,0,130.94,0
72.29,2.0467,0,0,7.06827,0.311943,4.70962,3.6288,58.6456,0.513366,0,0,2.99333,0.186183,0,0.66528,12.849,1,0.363786,4.70962,0,170.243,2.80791,171.781,0.84672,12.849,0.84672,3695.15,0,36.966,0.336761,3.97763,1.90261,14.2003,0.830918,18.9128,0.42336,36.966,0.42336,423.524,0,1.02816,0,0,5.00579,3.97763,1.028160,1,0,190.694,0,0,0,190.694,0
72.29,2.04708,0,0,8.80736,0.313822,6.44645,3.6288,61.308,0.521604,0,0,4.40119,0.211531,1.00563,0.66528,12.849,1,0.363854,6.44645,0,195.669,3.45758,198.294,0.84672,12.849,0.84672,3695.15,0,36.966,0.328782,6.99605,1.90289,23.4287,0.930966,31.0678,0.42336,36.966,0.42336,423.524,0,1.02816,0,0,8.02421,6.99605,1.028160,1,0,230.368,0,0,0,230.368,0
72.29,2.04746,0,0,5.23335,0.319322,2.86657,3.6288,61.308,0.530673,0,0,2.25278,0.22655,1.49555,0.66528,12.849,1,0.363921,2.86657,0,125.415,3.85746,124.06,0.84672,12.849,0.84672,3695.15,0,36.966,0.319972,2.5884,1.90317,12.4886,0.945452,15.7147,0.42336,36.966,0.42336,423.524,0,1.02816,0,0,3.61656,2.5884,1.028160,1,0,141.27,0,0,0,141.27,0
72.29,2.13205,0,0,4.52512,0.323314,2.06976,3.6288,61.308,0.570395,0,0,2.02612,0.200951,1.25478,0.66528,12.849,1,0.378955,2.06976,0,74.6945,3.23568,73.1497,0.84672,12.849,0.84672,3695.15,0,36.966,0.343923,1.55093,1.90346,8.70782,0.786902,11.0314,0.42336,36.966,0.42336,423.524,0,1.02816,0,0,2.57909,1.55093,1.028160,1,0,85.4358,0,0,0,85.4358,0
72.29,2.13244,0,0,4.10753,0.323314,1.65178,3.6288,61.308,0.570563,0,0,1.77015,0.200951,0.99864,0.66528,12.849,1,0.379025,1.65178,0,83.986,3.23568,82.0231,0.84672,12.849,0.84672,3695.15,0,36.966,0.344024,1.29633,1.97132,7.70273,0.786902,9.83945,0.42336,36.966,0.42336,423.524,0,1.02816,0,0,2.32449,1.29633,1.028160,1,0,92.8612,0,0,0,92.8612,0
72.29,2.13283,0,0,3.70286,0.323314,1.24672,3.6288,61.308,0.570731,0,0,1.43123,0.200951,0.659551,0.66528,12.849,1,0.379095,1.24672,0,61.601,3.23568,59.233,0.84672,12.849,0.84672,3695.15,0,36.966,0.344126,1.77075,1.97161,6.42987,0.786902,9.04121,0.42336,36.966,0.42336,423.524,0,1.02816,0,0,2.79891,1.77075,1.028160,1,0,68.9337,0,0,0,68.9337,0
72.29,2.13323,0,0,3.70669,0.290139,1.28333,3.6288,61.308,0.570899,0,0,1.23503,0.158089,0.506039,0.66528,12.849,1,0.379165,1.28333,0,63.493,2.42928,61.9679,0.84672,12.849,0.84672,3695.15,0,36.966,0.344227,1.41976,1.97191,5.06186,0.67788,7.43142,0.42336,36.966,0.42336,423.524,0,1.02816,0,0,2.44792,1.41976,1.028160,1,0,69.9054,0,0,0,69.9054,0
72.29,2.10067,0,0,3.29193,0.23182,0.959442,3.6288,61.308,0.555693,0,0,0.875621,0.210544,0.109384,0.66528,12.849,1,0.373379,0.959442,0,56.0064,3.72866,52.8638,0.84672,12.849,0.84672,3695.15,0,36.966,0.335058,0.802976,1.9722,4.84507,0.883818,6.40137,0.42336,36.966,0.42336,423.524,0,1.02816,0,0,1.83114,0.802976,1.028160,1,0,59.3745,0,0,0,59.3745,0
72.29,2.10106,0,0,2.72694,0.23182,0.394059,3.6288,61.308,0.555859,0,0,0.799286,0.210544,0.0328836,0.66528,12.849,1,0.373448,0.394059,0,48.351,3.72866,44.643,0.84672,12.849,0.84672,3695.15,0,36.966,0.335158,0.648026,1.94619,4.29836,0.883818,5.67359,0.42336,36.966,0.42336,423.524,0,1.02816,0,0,1.67619,0.648026,1.028160,1,0,50.3494,0,0,0,50.3494,0
72.0542,2.10145,0,0,2.4603,0.23182,0.36288,3.6288,61.1234,0.657649,0,0,0.683572,0.210544,0,0.66528,12.849,1,0.373516,0.36288,0,46.9963,3.72866,43.257,0.84672,12.849,0.84672,3695.15,0,36.966,0.396533,0.402797,1.94648,4.37968,0.883818,5.4486,0.42336,36.966,0.42336,423.524,0,0.865261,0,0,1.26806,0.402797,1.028160,1,0,48.7056,0,0,0,48.7056,0
72.29,2.1008,0,0,3.04648,0.20521,0.504625,3.6288,61.1368,0.584234,0,0,0.820022,0.222401,0,0.66528,12.849,1,0.374623,0.504625,0,52.0526,3.88628,48.2964,0.84672,12.849,0.84672,3695.15,0,36.966,0.353331,0.402797,1.94677,4.45138,0.918037,5.52958,0.42336,36.966,0.42336,423.524,0,0.982143,0,0,1.38494,0.402797,1.028160,1,0,53.8259,0,0,0,53.8259,0
72.0636,2.21413,0,0,2.50856,0.157913,0.36288,3.6288,60.9604,0.610272,0,0,0.692192,0.258281,0,0.66528,12.849,1,0.393544,0.36288,0,39.9833,4.76947,35.1832,0.84672,12.849,0.84672,3695.15,0,36.966,0.368998,0.44674,1.94706,4.28979,1.06953,5.24506,0.42336,36.966,0.42336,423.524,0,1.02816,0,0,1.4749,0.44674,1.028160,1,0,40.4282,0,0,0,40.4282,0
71.7106,2.21348,0,0,2.38809,0.164805,0.36288,3.6288,60.6826,0.699888,0,0,0.682327,0.260231,0,0.66528,12.849,1,0.394666,0.36288,0,35.5519,4.96514,30.555,0.84672,12.849,0.84672,3695.15,0,36.966,0.424408,0.402797,2.03962,4.0594,1.09591,4.9815,0.42336,36.966,0.42336,423.524,0,0.883414,0,0,1.28621,0.402797,1.028160,1,0,35.5364,0,0,0,35.5364,0
71.2895,2.21224,0,0,2.31844,0.164363,0.36288,3.6288,60.3314,0.719113,0,0,0.627628,0.259773,0,0.66528,12.849,1,0.396386,0.36288,0,33.2357,4.96514,28.2371,0.84672,12.849,0.84672,3695.15,0,36.966,0.438062,0.30119,2.03992,3.72851,1.09591,4.53565,0.42336,36.966,0.42336,423.524,0,0.850815,0,0,1.15201,0.30119,1.028160,1,0,32.7728,0,0,0,32.7728,0
70.6238,2.21066,0,0,2.0502,0.142405,0.36288,3.6288,59.8891,0.758036,0,0,0.589099,0.273272,0,0.66528,12.849,1,0.398443,0.36288,0,29.5443,5.12578,24.383,0.84672,12.849,0.84672,3695.15,0,36.966,0.464461,0.30119,2.04023,3.64103,1.13695,4.38103,0.42336,36.966,0.42336,423.524,0,0.785773,0,0,1.08696,0.30119,1.028160,1,0,28.764,0,0,0,28.764,0
69.8832,2.20789,0,0,1.94167,0.111437,0.36288,3.6288,59.6222,0.614258,0,0,0.633499,0.286166,0,0.66528,12.849,1,0.401695,0.36288,0,33.8773,5.22641,28.612,0.84672,12.849,0.84672,3695.15,0,36.966,0.379145,0.30119,2.04054,3.31844,1.21552,4.06551,0.42336,36.966,0.42336,423.524,0,1.01515,0,0,1.31634,0.30119,1.028160,1,0,32.6776,0,0,0,32.6776,0
69.0614,2.18267,0,0,1.83212,0.108397,0.36288,3.6288,59.4328,0.635047,0,0,0.72455,0.27895,0,0.66528,12.849,1,0.401313,0.36288,0,40.4212,5.07497,35.3078,0.84672,12.849,0.84672,3695.15,0,36.966,0.393731,0.702544,2.04084,3.06509,1.2473,4.16745,0.42336,36.966,0.42336,423.524,0,1.02816,0,0,1.7307,0.702544,1.028160,1,0,39.4753,0,0,0,39.4753,0
68.2459,2.17904,0,0,1.83413,0.107709,0.36288,3.6288,59.2194,0.634451,0,0,0.699676,0.278613,0,0.66528,12.849,1,0.405414,0.36288,0,38.1666,5.07497,33.0491,0.84672,12.849,0.84672,3695.15,0,36.966,0.394616,0.749589,2.07343,3.25401,1.2473,4.43511,0.42336,36.966,0.42336,423.524,0,1.02816,0,0,1.77775,0.749589,1.028160,1,0,37.4842,0,0,0,37.4842,0
67.3595,2.17536,0,0,1.74962,0.0977498,0.36288,3.6288,58.9751,0.633753,0,0,0.683061,0.293572,0,0.66528,12.849,1,0.409566,0.36288,0,35.8902,5.29214,30.5514,0.84672,12.849,0.84672,3695.15,0,36.966,0.395602,0.760674,2.07374,3.25923,1.3208,4.37724,0.42336,36.966,0.42336,423.524,0,1.02816,0,0,1.78883,0.760674,1.028160,1,0,34.9286,0,0,0,34.9286,0
66.2822,2.17124,0,0,1.53111,0.0743408,0.36288,3.6288,58.6601,0.632923,0,0,0.645365,0.327441,0,0.66528,12.849,1,0.414169,0.36288,0,33.7248,6.03846,27.635,0.84672,12.849,0.84672,3695.15,0,36.966,0.39672,0.586647,2.07405,3.17163,1.57999,3.85562,0.42336,36.966,0.42336,423.524,0,1.02816,0,0,1.61481,0.586647,1.028160,1,0,31.4906,0,0,0,31.4906,0
65.2562,2.22246,0,0,1.63843,0.0790767,0.36288,3.6288,58.4222,0.65811,0,0,0.73262,0.31243,0,0.66528,12.849,1,0.43083,0.36288,0,34.2602,5.93964,28.2526,0.84672,12.849,0.84672,3695.15,0,36.966,0.414723,0.838175,2.07436,3.21623,1.4536,4.26044,0.42336,36.966,0.42336,423.524,0,1.02816,0,0,1.86634,0.838175,1.028160,1,0,32.513,0,0,0,32.513,0
64.1664,2.2172,0,0,1.56873,0.0784317,0.36288,3.6288,58.1691,0.657257,0,0,0.716152,0.311953,0,0.66528,12.849,1,0.436569,0.36288,0,32.0597,5.93964,26.0463,0.84672,12.849,0.84672,3695.15,0,36.966,0.415872,0.875811,2.12045,3.30554,1.4536,4.43233,0.42336,36.966,0.42336,423.524,0,1.02816,0,0,1.90397,0.875811,1.028160,1,0,30.4787,0,0,0,30.4787,0
62.8823,2.21143,0,0,1.36789,0.0777466,0.36288,3.6288,57.8767,0.656332,0,0,0.675346,0.311444,0,0.66528,12.849,1,0.442828,0.36288,0,30.374,5.93964,24.3544,0.84672,12.849,0.84672,3695.15,0,36.966,0.417093,0.699002,2.12077,3.15851,1.4536,4.10759,0.42336,36.966,0.42336,423.524,0,1.02816,0,0,1.72716,0.699002,1.028160,1,0,28.462,0,0,0,28.462,0
61.5042,2.20432,0,0,1.26152,0.0723878,0.36288,3.6288,57.5718,0.655226,0,0,0.663733,0.313391,0,0.66528,12.849,1,0.450419,0.36288,0,28.6552,6.01441,22.5532,0.84672,12.849,0.84672,3695.15,0,36.966,0.418495,0.622685,2.12109,3.12976,1.46854,3.9865,0.42336,36.966,0.42336,423.524,0,1.02816,0,0,1.65084,0.622685,1.028160,1,0,26.5397,0,0,0,26.5397,0
59.7954,2.35977,0,0,1.09197,0.0781389,0.36288,3.6288,57.3104,0.66528,0,0,0.694716,0.290849,0,0.66528,12.849,1,0.492986,0.36288,0,27.7002,5.72502,21.8451,0.84672,12.849,0.84672,3695.15,0,36.966,0.56369,0.820973,2.12141,2.92408,1.39069,3.91208,0.42336,36.966,0.42336,423.524,0,1.02816,0,0,1.84913,0.820973,1.028160,1,0,25.7571,0,0,0,25.7571,0
58.3518,2.3486,0,0,1.36331,0.095377,0.36288,3.6288,57.1156,0.66528,0,0,0.738668,0.2682,0,0.66528,12.849,1,0.504674,0.36288,0,27.4126,5.27174,21.9991,0.84672,12.849,0.84672,3695.15,0,36.966,0.564011,1.08785,2.27847,4.08682,1.31707,5.57205,0.42336,36.966,0.42336,423.524,0,1.02816,0,0,2.11601,1.08785,1.028160,1,0,27.5712,0,0,0,27.5712,0
56.655,2.33879,0,0,1.09894,0.0940577,0.36288,3.6288,56.8637,0.66528,0,0,0.681255,0.267861,0,0.66528,12.849,1,0.515,0.36288,0,25.2914,5.27174,19.8676,0.84672,12.849,0.84672,3695.15,0,36.966,0.564332,0.903001,2.27881,2.77898,1.31707,4.07938,0.42336,36.966,0.42336,423.524,0,1.02816,0,0,1.93116,0.903001,1.028160,1,0,23.947,0,0,0,23.947,0
54.8467,2.32665,0,0,0.989142,0.10792,0.36288,3.6288,56.5755,0.66528,0,0,0.644769,0.267698,0,0.66528,12.849,1,0.527668,0.36288,0,23.8566,5.34943,18.3424,0.84672,12.849,0.84672,3695.15,0,36.966,0.564654,0.803598,2.27916,2.64752,1.30186,3.86376,0.42336,36.966,0.42336,423.524,0,1.02816,0,0,1.83176,0.803598,1.028160,1,0,22.2061,0,0,0,22.2061,0
53.0907,2.31297,0,0,1.02645,0.106569,0.36288,3.6288,56.2219,0.66528,0,0,0.566164,0.254473,0,0.66528,12.849,1,0.541862,0.36288,0,21.123,5.21263,15.7314,0.84672,12.849,0.84672,3695.15,0,36.966,0.564976,0.569583,2.2795,2.59292,1.28056,3.59646,0.42336,36.966,0.42336,423.524,0,1.02816,0,0,1.59774,0.569583,1.028160,1,0,19.3278,0,0,0,19.3278,0
51.3351,2.22139,0,0,0.964846,0.13627,0.36288,3.6288,55.7652,0.66528,0,0,0.423414,0.214883,0,0.66528,12.849,1,0.537619,0.36288,0,17.7847,4.66284,12.9471,0.84672,12.849,0.84672,3695.15,0,36.966,0.471169,0.3003,2.27985,2.86402,1.20185,3.77116,0.42336,36.966,0.42336,423.524,0,1.02816,0,0,1.32846,0.3003,1.028160,1,0,16.7182,0,0,0,16.7182,0
49.7849,2.20708,0,0,1.1536,0.13382,0.36288,3.6288,55.5466,0.66528,0,0,0.660943,0.214242,0,0.66528,12.849,1,0.552426,0.36288,0,21.4311,4.66284,16.5787,0.84672,12.849,0.84672,3695.15,0,36.966,0.471475,0.796885,2.18941,3.92369,1.20185,5.23667,0.42336,36.966,0.42336,423.524,0,1.02816,0,0,1.82504,0.796885,1.028160,1,0,21.8154,0,0,0,21.8154,0
48.1676,2.19381,0,0,1.07111,0.131657,0.36288,3.6288,55.227,0.66528,0,0,0.559578,0.213935,0,0.66528,12.849,1,0.566201,0.36288,0,19.7796,4.66284,14.9135,0.84672,12.849,0.84672,3695.15,0,36.966,0.471782,0.753563,2.18975,3.14899,1.20185,4.41868,0.42336,36.966,0.42336,423.524,0,1.02816,0,0,1.78172,0.753563,1.028160,1,0,19.3322,0,0,0,19.3322,0
46.74,2.1792,0,0,1.24381,0.129382,0.36288,3.6288,55.1165,0.66528,0,0,0.768328,0.213487,0,0.66528,12.849,1,0.581315,0.36288,0,23.6047,4.66284,18.7235,0.84672,12.849,0.84672,3695.15,0,36.966,0.472088,1.43529,2.19008,4.52167,1.20185,6.47309,0.42336,36.966,0.42336,423.524,0,1.02816,0,0,2.46345,1.43529,1.028160,1,0,25.1966,0,0,0,25.1966,0
45.4571,2.1036,0,0,1.41758,0.233953,0.36288,3.6288,54.6856,0.629643,0,0,0.431091,0.232392,0,0.66528,12.849,1,0.578287,0.36288,0,20.9314,4.49889,16.2171,0.84672,12.849,0.84672,3695.15,0,36.966,0.422294,0.376661,2.19041,3.71998,1.08775,4.777,0.42336,36.966,0.42336,423.524,0,1.02816,0,0,1.40482,0.376661,1.028160,1,0,20.9941,0,0,0,20.9941,0
43.9089,2.09126,0,0,1.13653,0.23065,0.36288,3.6288,54.0196,0.721105,0,0,0.292275,0.237185,0,0.66528,12.849,1,0.591118,0.36288,0,15.1919,4.44885,10.5148,0.84672,12.849,0.84672,3695.15,0,36.966,0.487448,0.216518,2.10967,3.08341,1.0398,3.88235,0.42336,36.966,0.42336,423.524,0,0.871836,0,0,1.08835,0.216518,1.028160,1,0,14.3971,0,0,0,14.3971,0
43.3675,2.07551,0,0,2.1236,0.226642,0.36288,3.6288,53.9559,0.624899,0,0,0.797424,0.236142,0,0.66528,12.849,1,0.607354,0.36288,0,30.267,4.44885,25.5737,0.84672,12.849,0.84672,3695.15,0,36.966,0.427623,2.30558,2.10999,6.80232,1.0398,9.75046,0.42336,36.966,0.42336,423.524,0,1.02816,0,0,3.33374,2.30558,1.028160,1,0,35.3242,0,0,0,35.3242,0
44.5986,2.07004,0,0,3.89799,0.233907,0.36288,3.6288,54.5465,0.624773,0,0,1.44393,0.228576,0,0.66528,12.849,1,0.613316,0.36288,0,58.1939,4.34003,53.6034,0.84672,12.849,0.84672,3695.15,0,36.966,0.428041,2.25526,2.1103,8.90259,1.00898,11.8311,0.42336,36.966,0.42336,423.524,0,1.02816,0,0,3.28342,2.25526,1.028160,1,0,65.4345,0,0,0,65.4345,0
45.3907,1.90897,0,0,3.30899,0.245015,0.36288,3.6288,55.4472,0.521206,0,0,1.61761,0.195727,0,0.66528,12.849,1,0.54998,0.36288,0,61.5027,4.20397,57.1116,0.84672,12.849,0.84672,3695.15,0,36.966,0.35322,2.06544,2.11062,8.09861,0.960131,10.9613,0.42336,36.966,0.42336,423.524,0,1.02816,0,0,3.0936,2.06544,1.028160,1,0,68.073,0,0,0,68.073,0
45.06,1.9168,0,0,2.16215,0.213212,0.36288,3.6288,56.3167,0.524807,0,0,1.59964,0.205368,0,0.66528,12.849,1,0.5426,0.36288,0,53.2767,4.59165,48.5054,0.84672,12.849,0.84672,3695.15,0,36.966,0.349882,1.6621,1.93074,7.84754,1.06222,10.0283,0.42336,36.966,0.42336,423.524,0,1.02816,0,0,2.69026,1.6621,1.028160,1,0,58.5337,0,0,0,58.5337,0
44.9233,1.91406,0,0,2.35831,0.218109,0.36288,3.6288,56.9018,0.528227,0,0,1.32513,0.211824,0,0.66528,12.849,1,0.545799,0.36288,0,39.4121,4.356,34.8732,0.84672,12.849,0.84672,3695.15,0,36.966,0.346726,1.7924,1.93103,6.54085,1.06333,8.85423,0.42336,36.966,0.42336,423.524,0,1.02816,0,0,2.82056,1.7924,1.028160,1,0,43.7275,0,0,0,43.7275,0
47.219,1.91312,0,0,4.8082,0.236441,0.36288,3.6288,58.3102,0.530547,0,0,2.14283,0.203829,0,0.66528,12.849,1,0.547192,0.36288,0,61.5592,3.51937,57.8555,0.84672,12.849,0.84672,3695.15,0,36.966,0.344668,4.40912,1.93132,12.0971,0.998996,17.0939,0.42336,36.966,0.42336,423.524,0,1.02816,0,0,5.43728,4.40912,1.028160,1,0,74.9494,0,0,0,74.9494,0
51.0451,1.93439,0,0,6.37381,0.250472,0.36288,3.6288,60.0653,0.535804,0,0,2.47559,0.184682,0,0.66528,12.849,1,0.526376,0.36288,0,79.2063,3.46938,75.5735,0.84672,12.849,0.84672,3695.15,0,36.966,0.339675,4.90881,1.93161,15.1767,0.99522,20.6822,0.42336,36.966,0.42336,423.524,0,1.02816,0,0,5.93697,4.90881,1.028160,1,0,96.2557,0,0,0,96.2557,0
51.7777,2.03543,0,0,3.40305,0.272176,0.36288,3.6288,60.9724,0.574163,0,0,1.72063,0.239397,0,0.66528,12.849,1,0.512356,0.36288,0,71.5884,5.14941,66.2896,0.84672,12.849,0.84672,3695.15,0,36.966,0.353357,3.02854,1.9319,7.57305,1.50941,10.6707,0.42336,36.966,0.42336,423.524,0,1.02816,0,0,4.0567,3.02854,1.028160,1,0,76.9603,0,0,0,76.9603,0
52.1639,2.0416,0,0,3.06501,0.274261,0.36288,3.6288,61.308,0.577598,0,0,1.27842,0.240781,0.124425,0.66528,12.849,1,0.506637,0.36288,0,76.5469,5.14941,71.2538,0.84672,12.849,0.84672,3695.15,0,36.966,0.350183,2.02983,1.98841,5.89758,1.50941,8.05623,0.42336,36.966,0.42336,423.524,0,1.02816,0,0,3.05799,2.02983,1.028160,1,0,79.4344,0,0,0,79.4344,0
54.629,2.04497,0,0,5.14826,0.275361,0.36288,3.6288,61.308,0.578956,0,0,1.42195,0.241293,0.601697,0.66528,12.849,1,0.503716,0.36288,0,59.4443,5.14941,54.1541,0.84672,12.849,0.84672,3695.15,0,36.966,0.349085,2.38007,1.9887,6.09113,1.50941,8.6014,0.42336,36.966,0.42336,423.524,0,1.02816,0,0,3.40823,2.38007,1.028160,1,0,63.3572,0,0,0,63.3572,0
55.6293,2.06373,0,0,3.70933,0.282378,0.36288,3.6288,61.308,0.579118,0,0,1.3392,0.241293,0.518789,0.66528,12.849,1,0.4854,0.36288,0,62.6856,5.14941,57.4137,0.84672,12.849,0.84672,3695.15,0,36.966,0.349183,2.1988,1.98898,5.203,1.50941,7.53219,0.42336,36.966,0.42336,423.524,0,1.02816,0,0,3.22696,2.1988,1.028160,1,0,65.4647,0,0,0,65.4647,0
54.7504,2.29717,0,0,2.08183,0.30069,0.36288,3.6288,61.308,0.66528,0,0,0.963403,0.230887,0.0672366,0.66528,12.849,1,0.530589,0.36288,0,32.0756,4.54894,27.3589,0.84672,12.849,0.84672,3695.15,0,36.966,0.457794,1.32185,1.98927,3.06541,1.2679,4.65084,0.42336,36.966,0.42336,423.524,0,1.02816,0,0,2.35001,1.32185,1.028160,1,0,32.077,0,0,0,32.077,0
54.5351,2.29067,0,0,2.7313,0.29305,0.36288,3.6288,61.2289,0.66528,0,0,0.818683,0.232514,0,0.66528,12.849,1,0.537581,0.36288,0,37.5672,4.62777,32.7648,0.84672,12.849,0.84672,3695.15,0,36.966,0.458085,0.951126,2.19197,5.38076,1.26958,6.79618,0.42336,36.966,0.42336,423.524,0,1.02816,0,0,1.97929,0.951126,1.028160,1,0,39.561,0,0,0,39.561,0
54.7352,2.28935,0,0,3.14453,0.29224,0.36288,3.6288,61.308,0.66528,0,0,1.34393,0.2089,0.390644,0.66528,12.849,1,0.539393,0.36288,0,77.9147,4.43026,73.3079,0.84672,12.849,0.84672,3695.15,0,36.966,0.458376,1.82142,2.19228,5.05939,1.17427,7.44045,0.42336,36.966,0.42336,423.524,0,1.02816,0,0,2.84958,1.82142,1.028160,1,0,81.139,0,0,0,81.139,0
54.903,2.29135,0,0,3.11469,0.292597,0.36288,3.6288,61.308,0.66528,0,0,0.966531,0.177658,0.123593,0.66528,12.849,1,0.53789,0.36288,0,61.3882,4.16693,57.0463,0.84672,12.849,0.84672,3695.15,0,36.966,0.458667,1.55629,2.1926,3.58536,1.04719,5.82839,0.42336,36.966,0.42336,423.524,0,1.02816,0,0,2.58445,1.55629,1.028160,1,0,62.9983,0,0,0,62.9983,0
55.2523,1.97135,0,0,2.96324,0.279735,0.36288,3.6288,61.2594,0.538402,0,0,0.68589,0.196044,0,0.66528,12.849,1,0.461357,0.36288,0,69.7371,3.89033,65.7483,0.84672,12.849,0.84672,3695.15,0,36.966,0.324633,1.29715,2.19292,4.88581,0.931913,7.11933,0.42336,36.966,0.42336,423.524,0,1.02816,0,0,2.32531,1.29715,1.028160,1,0,72.8676,0,0,0,72.8676,0
56.1427,1.97407,0,0,3.50273,0.275356,0.36288,3.6288,61.308,0.538398,0,0,1.25925,0.203337,0.468954,0.66528,12.849,1,0.459072,0.36288,0,63.0882,3.77969,59.2123,0.84672,12.849,0.84672,3695.15,0,36.966,0.324887,0.893998,1.91703,4.93403,0.885802,6.53436,0.42336,36.966,0.42336,423.524,0,1.02816,0,0,1.92216,0.893998,1.028160,1,0,66.2156,0,0,0,66.2156,0
58.9001,1.98034,0,0,5.3784,0.277812,0.36288,3.6288,61.308,0.538714,0,0,1.69779,0.203399,0.955681,0.66528,12.849,1,0.453228,0.36288,0,82.7315,3.77969,78.8614,0.84672,12.849,0.84672,3695.15,0,36.966,0.324821,1.78862,1.9173,5.59813,0.885802,8.09343,0.42336,36.966,0.42336,423.524,0,1.02816,0,0,2.81678,1.78862,1.028160,1,0,87.9105,0,0,0,87.9105,0
61.4008,1.99812,0,0,5.14715,0.285418,0.36288,3.6288,61.308,0.538871,0,0,1.53667,0.203399,0.794398,0.66528,12.849,1,0.435887,0.36288,0,61.9585,3.77969,58.1058,0.84672,12.849,0.84672,3695.15,0,36.966,0.324915,1.33032,1.91758,5.00774,0.885802,7.04491,0.42336,36.966,0.42336,423.524,0,1.02816,0,0,2.35848,1.33032,1.028160,1,0,65.9451,0,0,0,65.9451,0
63.9004,2.01315,0,0,5.17323,0.297632,0.36288,3.6288,61.308,0.539027,0,0,1.4363,0.208704,0.688575,0.66528,12.849,1,0.421281,0.36288,0,66.1616,3.68953,62.4136,0.84672,12.849,0.84672,3695.15,0,36.966,0.325009,1.46289,1.91785,5.75409,0.829276,7.98055,0.42336,36.966,0.42336,423.524,0,1.02816,0,0,2.49105,1.46289,1.028160,1,0,71.0828,0,0,0,71.0828,0
66.214,2.1105,0,0,5.05438,0.267369,0.36288,3.6288,61.308,0.579078,0,0,0.932878,0.242685,0.111115,0.66528,12.849,1,0.424377,0.36288,0,129.925,3.65358,126.21,0.84672,12.849,0.84672,3695.15,0,36.966,0.349158,0.947808,1.91812,5.05018,0.810051,6.7569,0.42336,36.966,0.42336,423.524,0,1.02816,0,0,1.97597,0.947808,1.028160,1,0,133.078,0,0,0,133.078,0
67.9523,2.12329,0,0,4.49196,0.267512,0.36288,3.6288,61.308,0.57924,0,0,0.94411,0.204947,0.159923,0.66528,12.849,1,0.412031,0.36288,0,75.1702,3.59898,71.522,0.84672,12.849,0.84672,3695.15,0,36.966,0.349256,0.851541,1.98655,4.17158,0.662572,5.99784,0.42336,36.966,0.42336,423.524,0,1.02816,0,0,1.8797,0.851541,1.028160,1,0,77.6798,0,0,0,77.6798,0
70.0478,2.13253,0,0,4.86213,0.27121,0.36288,3.6288,61.308,0.579403,0,0,0.962574,0.204947,0.178224,0.66528,12.849,1,0.403238,0.36288,0,59.3762,3.59898,55.7369,0.84672,12.849,0.84672,3695.15,0,36.966,0.349354,0.963075,1.98683,5.6931,0.662572,7.63109,0.42336,36.966,0.42336,423.524,0,1.02816,0,0,1.99123,0.963075,1.028160,1,0,63.5462,0,0,0,63.5462,0
71.1873,2.1431,0,0,3.92114,0.275669,0.36288,3.6288,61.198,0.623693,0,0,0.718597,0.204947,0,0.66528,12.849,1,0.393114,0.36288,0,47.9788,3.59898,44.3496,0.84672,12.849,0.84672,3695.15,0,36.966,0.376059,0.528595,1.98712,3.81736,0.662572,5.29444,0.42336,36.966,0.42336,423.524,0,0.957424,0,0,1.48602,0.528595,1.028160,1,0,49.644,0,0,0,49.644,0
71.8825,2.11567,0,0,3.45472,0.281031,0.36288,3.6288,61.2764,0.563842,0,0,0.855455,0.213186,0,0.66528,12.849,1,0.381869,0.36288,0,53.2324,3.83901,49.3744,0.84672,12.849,0.84672,3695.15,0,36.966,0.340583,0.758929,1.9874,4.54107,0.883248,6.06357,0.42336,36.966,0.42336,423.524,0,1.02816,0,0,1.78709,0.758929,1.028160,1,0,55.438,0,0,0,55.438,0
72.29,2.11917,0,0,3.16861,0.184516,0.457371,3.6288,61.1856,0.564273,0,0,0.732568,0.25906,0,0.66528,12.849,1,0.378803,0.457371,0,48.5976,4.24263,44.4335,0.84672,12.849,0.84672,3695.15,0,36.966,0.340407,0.615384,1.96115,4.23216,0.907348,5.56094,0.42336,36.966,0.42336,423.524,0,1.02816,0,0,1.64354,0.615384,1.028160,1,0,49.9945,0,0,0,49.9945,0
72.29,2.12136,0,0,3.08249,0.185089,0.776043,3.6288,61.1706,0.564119,0,0,0.808056,0.258911,0,0.66528,12.849,1,0.377056,0.776043,0,46.9676,4.24263,43.1239,0.84672,12.849,0.84672,3695.15,0,36.966,0.340819,0.795804,1.96143,4.90698,0.907348,6.41606,0.42336,36.966,0.42336,423.524,0,1.02816,0,0,1.82396,0.795804,1.028160,1,0,49.54,0,0,0,49.54,0
72.29,2.12174,0,0,2.98238,0.185089,0.675557,3.6288,61.1588,0.564227,0,0,0.81127,0.258887,0,0.66528,12.849,1,0.377122,0.675557,0,44.5281,4.24263,40.5839,0.84672,12.849,0.84672,3695.15,0,36.966,0.340968,0.57488,1.96171,4.30585,0.907348,5.59413,0.42336,36.966,0.42336,423.524,0,1.02816,0,0,1.60304,0.57488,1.028160,1,0,46.1781,0,0,0,46.1781,0
72.2512,2.23496,0,0,2.73649,0.177499,0.36288,3.6288,61.0033,0.619313,0,0,0.716152,0.25234,0,0.66528,12.849,1,0.397247,0.36288,0,41.2401,4.49499,36.7107,0.84672,12.849,0.84672,3695.15,0,36.966,0.374329,0.639023,1.962,3.96764,0.968624,5.22571,0.42336,36.966,0.42336,423.524,0,1.02816,0,0,1.66718,0.639023,1.028160,1,0,41.9365,0,0,0,41.9365,0
72.0438,2.23517,0,0,2.56287,0.172164,0.36288,3.6288,60.819,0.618888,0,0,0.687891,0.253299,0,0.66528,12.849,1,0.397498,0.36288,0,36.8767,4.86454,31.9776,0.84672,12.849,0.84672,3695.15,0,36.966,0.375026,0.589922,2.05532,3.60974,1.00655,4.87341,0.42336,36.966,0.42336,423.524,0,1.02816,0,0,1.61808,0.589922,1.028160,1,0,36.851,0,0,0,36.851,0
71.5623,2.23459,0,0,2.26635,0.150339,0.36288,3.6288,60.5792,0.618349,0,0,0.64565,0.267125,0,0.66528,12.849,1,0.398538,0.36288,0,32.781,5.02519,27.7202,0.84672,12.849,0.84672,3695.15,0,36.966,0.375835,0.498528,2.05562,3.52504,1.04759,4.65576,0.42336,36.966,0.42336,423.524,0,1.02816,0,0,1.52669,0.498528,1.028160,1,0,32.3759,0,0,0,32.3759,0
70.9909,2.23271,0,0,2.14525,0.121156,0.36288,3.6288,60.2955,0.617593,0,0,0.619451,0.285518,0,0.66528,12.849,1,0.400882,0.36288,0,30.3217,5.23939,25.0443,0.84672,12.849,0.84672,3695.15,0,36.966,0.376861,0.417692,2.05591,3.43172,1.10232,4.42614,0.42336,36.966,0.42336,423.524,0,1.02816,0,0,1.44585,0.417692,1.028160,1,0,29.4705,0,0,0,29.4705,0
70.23,2.23037,0,0,1.95218,0.119792,0.36288,3.6288,59.9175,0.655173,0,0,0.561238,0.284119,0,0.66528,12.849,1,0.403685,0.36288,0,28.0319,5.17121,22.8199,0.84672,12.849,0.84672,3695.15,0,36.966,0.401674,0.30119,2.05621,3.13813,1.13918,3.95468,0.42336,36.966,0.42336,423.524,0,0.966038,0,0,1.26723,0.30119,1.028160,1,0,26.7745,0,0,0,26.7745,0
69.2309,2.20482,0,0,1.68559,0.117018,0.36288,3.6288,59.2682,0.846577,0,0,0.478496,0.281229,0,0.66528,12.849,1,0.403386,0.36288,0,22.7539,5.00073,17.7126,0.84672,12.849,0.84672,3695.15,0,36.966,0.522294,0.30119,2.0565,2.16583,1.23132,2.76991,0.42336,36.966,0.42336,423.524,0,0.702795,0,0,1.00399,0.30119,1.028160,1,0,20.4825,0,0,0,20.4825,0
68.1231,2.2003,0,0,1.57155,0.116116,0.36288,3.6288,58.6043,0.843549,0,0,0.459763,0.280064,0,0.66528,12.849,1,0.408368,0.36288,0,22.453,5.00073,17.4068,0.84672,12.849,0.84672,3695.15,0,36.966,0.526128,0.261274,2.08935,2.21308,1.23132,2.80625,0.42336,36.966,0.42336,423.524,0,0.702268,0,0,0.963541,0.261274,1.028160,1,0,20.2131,0,0,0,20.2131,0
66.8736,2.1951,0,0,1.4236,0.115117,0.36288,3.6288,57.8953,0.869432,0,0,0.439338,0.278873,0,0.66528,12.849,1,0.414027,0.36288,0,22.0655,5.00073,17.0136,0.84672,12.849,0.84672,3695.15,0,36.966,0.548414,0.261274,2.08965,2.09072,1.23132,2.6619,0.42336,36.966,0.42336,423.524,0,0.654376,0,0,0.91565,0.261274,1.028160,1,0,19.6755,0,0,0,19.6755,0
65.5085,2.18899,0,0,1.2962,0.109426,0.36288,3.6288,57.1036,0.918894,0,0,0.415492,0.288334,0,0.66528,12.849,1,0.42059,0.36288,0,19.424,5.14188,14.2244,0.84672,12.849,0.84672,3695.15,0,36.966,0.586711,0.261274,2.08995,2.02922,1.28285,2.51088,0.42336,36.966,0.42336,423.524,0,0.566896,0,0,0.82817,0.261274,1.028160,1,0,16.7353,0,0,0,16.7353,0
64.2685,2.23887,0,0,1.44542,0.0837239,0.36288,3.6288,56.3544,0.857135,0,0,0.408729,0.300802,0,0.66528,12.849,1,0.439138,0.36288,0,19.6297,5.74434,13.8091,0.84672,12.849,0.84672,3695.15,0,36.966,0.554866,0.261274,2.09025,2.13856,1.4515,2.48371,0.42336,36.966,0.42336,423.524,0,0.704039,0,0,0.965313,0.261274,1.028160,1,0,16.2928,0,0,0,16.2928,0
62.9863,2.2322,0,0,1.39617,0.0833177,0.36288,3.6288,55.6098,0.847212,0,0,0.393606,0.291025,0,0.66528,12.849,1,0.446278,0.36288,0,18.6322,5.7036,12.8452,0.84672,12.849,0.84672,3695.15,0,36.966,0.555734,0.261274,2.13671,2.22321,1.42809,2.63737,0.42336,36.966,0.42336,423.524,0,0.713379,0,0,0.974652,0.261274,1.028160,1,0,15.4825,0,0,0,15.4825,0
61.5503,2.22505,0,0,1.23447,0.0824545,0.36288,3.6288,54.8075,0.883219,0,0,0.370536,0.289611,0,0.66528,12.849,1,0.453903,0.36288,0,17.6006,5.7036,11.806,0.84672,12.849,0.84672,3695.15,0,36.966,0.587111,0.227405,2.13702,2.08565,1.42809,2.43488,0.42336,36.966,0.42336,423.524,0,0.646281,0,0,0.873685,0.227405,1.028160,1,0,14.2409,0,0,0,14.2409,0
60.0138,2.21667,0,0,1.11554,0.0724836,0.36288,3.6288,53.9875,0.893825,0,0,0.366875,0.293054,0,0.66528,12.849,1,0.462744,0.36288,0,16.6844,5.85315,10.7313,0.84672,12.849,0.84672,3695.15,0,36.966,0.602858,0.227405,2.13733,2.08104,1.45797,2.38494,0.42336,36.966,0.42336,423.524,0,0.620214,0,0,0.847619,0.227405,1.028160,1,0,13.1163,0,0,0,13.1163,0
58.0654,2.37135,0,0,0.854392,0.0686259,0.36288,3.6288,52.9334,1.08611,0,0,0.316778,0.284755,0,0.66528,12.849,1,0.507708,0.36288,0,14.0395,5.847,8.04765,0.84672,12.849,0.84672,3695.15,0,36.966,0.743672,0.227405,2.13764,1.91189,1.41745,2.11582,0.42336,36.966,0.42336,423.524,0,0.443649,0,0,0.671054,0.227405,1.028160,1,0,10.1635,0,0,0,10.1635,0
55.9632,2.35781,0,0,0.68593,0.0673692,0.36288,3.6288,51.668,1.21961,0,0,0.233274,0.279029,0,0.66528,12.849,1,0.521749,0.36288,0,10.592,5.7413,4.69187,0.84672,12.849,0.84672,3695.15,0,36.966,0.851716,0.227405,2.29599,1.75865,1.47181,1.95851,0.42336,36.966,0.42336,423.524,0,0.202408,0,0,0.429812,0.227405,1.028160,1,0,6.65038,0,0,0,6.65038,0
53.9224,2.34228,0,0,0.730331,0.0659893,0.36288,3.6288,50.4251,1.19811,0,0,0.231366,0.276203,0,0.66528,12.849,1,0.537781,0.36288,0,9.89444,5.7413,3.97825,0.84672,12.849,0.84672,3695.15,0,36.966,0.857189,0.204422,2.29632,1.85353,1.47181,2.02528,0.42336,36.966,0.42336,423.524,0,0.21875,0,0,0.423173,0.204422,1.028160,1,0,6.00352,0,0,0,6.00352,0
52.2561,2.32625,0,0,1.09617,0.0733422,0.36288,3.6288,49.2913,1.13785,0,0,0.275491,0.271438,0,0.66528,12.849,1,0.554315,0.36288,0,14.6109,5.68192,8.73757,0.84672,12.849,0.84672,3695.15,0,36.966,0.834142,0.204422,2.29665,1.96975,1.46453,2.17215,0.42336,36.966,0.42336,423.524,0,0.302367,0,0,0.50679,0.204422,1.028160,1,0,10.9097,0,0,0,10.9097,0
51.0517,2.31246,0,0,1.55491,0.0839498,0.36288,3.6288,48.6996,0.937595,0,0,0.602906,0.256942,0,0.66528,12.849,1,0.568601,0.36288,0,17.4457,5.60449,11.6355,0.84672,12.849,0.84672,3695.15,0,36.966,0.703149,0.204422,2.29699,2.6874,1.43954,3.04613,0.42336,36.966,0.42336,423.524,0,0.633924,0,0,0.838346,0.204422,1.028160,1,0,14.6816,0,0,0,14.6816,0
49.5647,2.22454,0,0,1.16973,0.0693728,0.36288,3.6288,47.8811,1.01393,0,0,0.426893,0.231487,0,0.66528,12.849,1,0.559884,0.36288,0,15.4945,5.22847,10.069,0.84672,12.849,0.84672,3695.15,0,36.966,0.769635,0.204422,2.29732,2.1599,1.40967,2.48234,0.42336,36.966,0.42336,423.524,0,0.396504,0,0,0.600927,0.204422,1.028160,1,0,12.5513,0,0,0,12.5513,0
47.8734,2.21158,0,0,0.951532,0.0682939,0.36288,3.6288,46.9147,1.08783,0,0,0.351365,0.229918,0,0.66528,12.849,1,0.573324,0.36288,0,14.2283,5.22847,8.78935,0.84672,12.849,0.84672,3695.15,0,36.966,0.839844,0.216518,2.20612,1.95157,1.40967,2.12469,0.42336,36.966,0.42336,423.524,0,0.252691,0,0,0.46921,0.216518,1.028160,1,0,10.914,0,0,0,10.914,0
46.7567,2.196,0,0,1.57212,0.129954,0.36288,3.6288,46.2662,1.00718,0,0,0.532077,0.173461,0,0.66528,12.849,1,0.589395,0.36288,0,20.2567,4.39795,15.6322,0.84672,12.849,0.84672,3695.15,0,36.966,0.793597,0.216518,2.20644,2.5854,1.15008,3.06468,0.42336,36.966,0.42336,423.524,0,0.379884,0,0,0.596402,0.216518,1.028160,1,0,18.6969,0,0,0,18.6969,0
47.5403,2.18534,0,0,3.50679,0.174967,0.36288,3.6288,46.1086,0.872156,0,0,0.846308,0.131737,0,0.66528,12.849,1,0.600542,0.36288,0,51.7622,3.77507,47.7495,0.84672,12.849,0.84672,3695.15,0,36.966,0.69684,0.216518,2.20676,5.52653,0.955384,6.29759,0.42336,36.966,0.42336,423.524,0,0.611959,0,0,0.828478,0.216518,1.028160,1,0,54.0471,0,0,0,54.0471,0
47.7545,2.1307,0,0,2.88527,0.177536,0.36288,3.6288,46.0581,0.754943,0,0,0.838135,0.133658,0,0.66528,12.849,1,0.575876,0.36288,0,38.3395,4.17812,33.9484,0.84672,12.849,0.84672,3695.15,0,36.966,0.60525,0.216518,2.20708,3.85589,0.981332,4.69291,0.42336,36.966,0.42336,423.524,0,0.734613,0,0,0.951131,0.216518,1.028160,1,0,38.6413,0,0,0,38.6413,0
47.2502,2.13311,0,0,2.17004,0.178374,0.36288,3.6288,46.3818,0.591884,0,0,1.05001,0.134441,0,0.66528,12.849,1,0.573941,0.36288,0,31.9503,4.33933,27.3999,0.84672,12.849,0.84672,3695.15,0,36.966,0.475043,0.44928,2.12566,3.40643,0.991711,4.51462,0.42336,36.966,0.42336,423.524,0,1.02816,0,0,1.47744,0.44928,1.028160,1,0,31.9145,0,0,0,31.9145,0
46.5243,2.12866,0,0,1.96856,0.202847,0.36288,3.6288,46.2415,0.774326,0,0,0.778134,0.144116,0,0.66528,12.849,1,0.578859,0.36288,0,31.3397,4.51331,26.6104,0.84672,12.849,0.84672,3695.15,0,36.966,0.617133,0.292723,2.12596,4.01411,1.03233,4.78334,0.42336,36.966,0.42336,423.524,0,0.70391,0,0,0.996634,0.292723,1.028160,1,0,31.3938,0,0,0,31.3938,0
50.4096,2.12196,0,0,6.60496,0.234897,0.36288,3.6288,46.637,0.593245,0,0,1.14505,0.156277,0,0.66528,12.849,1,0.586038,0.36288,0,113.124,4.74527,108.156,0.84672,12.849,0.84672,3695.15,0,36.966,0.474247,0.809948,2.12627,6.29372,1.08648,7.66921,0.42336,36.966,0.42336,423.524,0,1.02816,0,0,1.83811,0.809948,1.028160,1,0,115.825,0,0,0,115.825,0
51.3535,1.97763,0,0,3.48442,0.199964,0.36288,3.6288,46.2679,0.696005,0,0,0.499935,0.173041,0,0.66528,12.849,1,0.504083,0.36288,0,51.9814,4.45767,47.3826,0.84672,12.849,0.84672,3695.15,0,36.966,0.551675,0.292723,2.12658,4.75826,1.10277,5.52312,0.42336,36.966,0.42336,423.524,0,0.668099,0,0,0.960822,0.292723,1.028160,1,0,52.9057,0,0,0,52.9057,0
51.4686,1.98539,0,0,2.6718,0.208453,0.36288,3.6288,45.9391,0.714502,0,0,0.563402,0.177758,0,0.66528,12.849,1,0.496759,0.36288,0,47.06,4.05224,42.8739,0.84672,12.849,0.84672,3695.15,0,36.966,0.570855,0.292723,1.9452,5.65597,1.09946,6.22359,0.42336,36.966,0.42336,423.524,0,0.630677,0,0,0.9234,0.292723,1.028160,1,0,49.0975,0,0,0,49.0975,0
54.4718,1.98663,0,0,5.58829,0.235591,0.36288,3.6288,46.6079,0.492126,0,0,1.3317,0.170753,0,0.66528,12.849,1,0.495958,0.36288,0,95.8197,4.04344,91.6431,0.84672,12.849,0.84672,3695.15,0,36.966,0.396001,0.86279,1.94548,8.11123,1.08944,9.43406,0.42336,36.966,0.42336,423.524,0,1.02816,0,0,1.89095,0.86279,1.028160,1,0,101.077,0,0,0,101.077,0
63.0203,2.00911,0,0,11.1635,0.242959,0.36288,3.6288,47.2408,0.495437,0,0,1.30012,0.171812,0,0.66528,12.849,1,0.473917,0.36288,0,127.312,4.04344,123.158,0.84672,12.849,0.84672,3695.15,0,36.966,0.392944,0.751455,1.94576,9.13162,1.08944,10.3464,0.42336,36.966,0.42336,423.524,0,1.02816,0,0,1.77962,0.751455,1.028160,1,0,133.504,0,0,0,133.504,0
66.1248,2.06287,0,0,5.79843,0.268227,0.36288,3.6288,47.5503,0.498532,0,0,0.974436,0.166391,0,0.66528,12.849,1,0.420593,0.36288,0,125.011,4.11135,120.842,0.84672,12.849,0.84672,3695.15,0,36.966,0.390103,0.427602,1.94604,7.68312,1.03166,8.635,0.42336,36.966,0.42336,423.524,0,1.02816,0,0,1.45576,0.427602,1.028160,1,0,129.477,0,0,0,129.477,0
71.9719,2.15285,0,0,8.64858,0.285741,0.36288,3.6288,48.5176,0.529474,0,0,1.68267,0.185873,0,0.66528,12.849,1,0.418331,0.36288,0,141.674,3.47571,138.143,0.84672,12.849,0.84672,3695.15,0,36.966,0.411618,1.77312,1.94632,11.1487,1.11783,13.3387,0.42336,36.966,0.42336,423.524,0,1.02816,0,0,2.80128,1.77312,1.028160,1,0,151.482,0,0,0,151.482,0
72.29,2.18206,0,0,8.59153,0.29904,5.79229,3.6288,49.7424,0.534274,0,0,1.94642,0.187377,0,0.66528,12.849,1,0.389559,5.79229,0,161.293,3.47571,163.22,0.84672,12.849,0.84672,3695.15,0,36.966,0.407069,2.00883,2.00328,13.7448,1.11783,16.232,0.42336,36.966,0.42336,423.524,0,1.02816,0,0,3.03699,2.00883,1.028160,1,0,179.452,0,0,0,179.452,0
72.29,2.18388,0,0,7.92046,0.299764,5.43682,3.6288,50.8854,0.540168,0,0,1.87247,0.189281,0,0.66528,12.849,1,0.388168,5.43682,0,189.226,3.47571,190.798,0.84672,12.849,0.84672,3695.15,0,36.966,0.401426,2.11218,2.00356,13.1917,1.11783,15.7882,0.42336,36.966,0.42336,423.524,0,1.02816,0,0,3.14034,2.11218,1.028160,1,0,206.587,0,0,0,206.587,0
72.29,2.18425,0,0,10.976,0.299764,8.49198,3.6288,51.8687,0.545536,0,0,1.71987,0.191058,0,0.66528,12.849,1,0.388234,8.49198,0,198.93,3.47571,203.558,0.84672,12.849,0.84672,3695.15,0,36.966,0.396308,2.00267,2.00383,14.2839,1.11783,16.7763,0.42336,36.966,0.42336,423.524,0,1.02816,0,0,3.03083,2.00267,1.028160,1,0,220.334,0,0,0,220.334,0
72.29,2.42274,0,0,9.95026,0.320133,7.20738,3.6288,53.0906,0.66457,0,0,2.05989,0.173363,0,0.66528,12.849,1,0.430624,7.20738,0,248.026,3.62211,251.181,0.84672,12.849,0.84672,3695.15,0,36.966,0.473629,2.78792,2.00411,15.4517,1.02512,18.745,0.42336,36.966,0.42336,423.524,0,1.02816,0,0,3.81608,2.78792,1.028160,1,0,269.926,0,0,0,269.926,0
72.29,2.42314,0,0,7.25553,0.338209,4.49417,3.6288,53.6559,0.66528,0,0,1.38186,0.151332,0,0.66528,12.849,1,0.430696,4.49417,0,179.14,3.51582,179.688,0.84672,12.849,0.84672,3695.15,0,36.966,0.4732,1.84982,2.20845,9.32213,0.93843,11.9688,0.42336,36.966,0.42336,423.524,0,1.02816,0,0,2.87798,1.84982,1.028160,1,0,191.656,0,0,0,191.656,0
72.29,2.42355,0,0,9.25474,0.338209,6.49298,3.6288,54.4967,0.66528,0,0,1.65813,0.152016,0,0.66528,12.849,1,0.430767,6.49298,0,222.516,3.51582,225.063,0.84672,12.849,0.84672,3695.15,0,36.966,0.47348,2.72833,2.20876,13.0346,0.93843,16.5597,0.42336,36.966,0.42336,423.524,0,1.02816,0,0,3.75649,2.72833,1.028160,1,0,241.622,0,0,0,241.622,0
72.29,2.42395,0,0,11.7914,0.322625,9.04486,3.6288,56.4211,0.66528,0,0,2.77439,0.184667,0,0.66528,12.849,1,0.430839,9.04486,0,244.521,4.30206,248.833,0.84672,12.849,0.84672,3695.15,0,36.966,0.47376,4.67408,2.20906,22.5283,1.18441,27.7533,0.42336,36.966,0.42336,423.524,0,1.02816,0,0,5.70224,4.67408,1.028160,1,0,276.587,0,0,0,276.587,0
72.29,2.08451,0,0,10.5152,0.349459,8.08126,3.6288,58.7914,0.52924,0,0,3.05167,0.152152,0,0.66528,12.849,1,0.370505,8.08126,0,257.877,4.07391,261.514,0.84672,12.849,0.84672,3695.15,0,36.966,0.346748,6.14515,2.20937,20.74,0.962891,27.7849,0.42336,36.966,0.42336,423.524,0,1.02816,0,0,7.17331,6.14515,1.028160,1,0,289.299,0,0,0,289.299,0
72.29,2.08486,0,0,9.92546,0.36936,7.47124,3.6288,61.308,0.537971,0,0,3.39375,0.148246,0.190947,0.66528,12.849,1,0.370568,7.47124,0,341.658,4.13291,344.625,0.84672,12.849,0.84672,3695.15,0,36.966,0.338258,6.35109,1.93121,16.6992,0.944163,23.6991,0.42336,36.966,0.42336,423.524,0,1.02816,0,0,7.37925,6.35109,1.028160,1,0,368.515,0,0,0,368.515,0
72.29,2.08521,0,0,11.2176,0.36936,8.763,3.6288,61.308,0.546784,0,0,3.41688,0.150642,2.71945,0.66528,12.849,1,0.37063,8.763,0,267.909,4.13291,272.169,0.84672,12.849,0.84672,3695.15,0,36.966,0.329686,9.69508,1.93148,19.3656,0.944163,29.7183,0.42336,36.966,0.42336,423.524,0,1.02816,0,0,10.7232,9.69508,1.028160,1,0,304.606,0,0,0,304.606,0
72.29,2.08556,0,0,20.7789,0.36936,18.324,3.6288,61.308,0.546934,0,0,6.30445,0.150642,5.60688,0.66528,12.849,1,0.370693,18.324,0,291.477,4.13291,305.298,0.84672,12.849,0.84672,3695.15,0,36.966,0.329777,12.0055,1.93174,27.6712,0.944163,40.3345,0.42336,36.966,0.42336,423.524,0,1.02816,0,0,13.0337,12.0055,1.028160,1,0,351.239,0,0,0,351.239,0
72.29,2.08591,0,0,11.4712,0.362484,9.02284,3.6288,61.308,0.547084,0,0,2.51942,0.0892017,1.88314,0.66528,12.849,1,0.370755,9.02284,0,245.611,3.92536,250.338,0.84672,12.849,0.84672,3695.15,0,36.966,0.329868,5.65856,1.93201,16.2356,0.859583,22.6367,0.42336,36.966,0.42336,423.524,0,1.02816,0,0,6.68672,5.65856,1.028160,1,0,274.858,0,0,0,274.858,0
72.29,2.17188,0,0,7.67146,0.302616,5.19696,3.6288,61.308,0.587454,0,0,1.76742,0.171472,1.00849,0.66528,12.849,1,0.386034,5.19696,0,164.462,4.88379,164.39,0.84672,12.849,0.84672,3695.15,0,36.966,0.354208,2.46535,1.93227,11.2508,1.06353,14.2307,0.42336,36.966,0.42336,423.524,0,1.02816,0,0,3.49351,2.46535,1.028160,1,0,179.629,0,0,0,179.629,0
72.29,2.17224,0,0,10.5118,0.291407,8.04812,3.6288,61.308,0.58761,0,0,2.95236,0.158698,2.20605,0.66528,12.849,1,0.386099,8.04812,0,189.727,4.88628,192.503,0.84672,12.849,0.84672,3695.15,0,36.966,0.354303,3.72581,2.00124,16.8024,1.0223,21.1528,0.42336,36.966,0.42336,423.524,0,1.02816,0,0,4.75397,3.72581,1.028160,1,0,215.862,0,0,0,215.862,0
72.29,2.17261,0,0,10.4724,0.291407,8.00836,3.6288,61.308,0.587766,0,0,3.44066,0.158698,2.69419,0.66528,12.849,1,0.386164,8.00836,0,214.141,4.88628,216.877,0.84672,12.849,0.84672,3695.15,0,36.966,0.354397,4.14717,2.00151,18.4425,1.0223,23.2145,0.42336,36.966,0.42336,423.524,0,1.02816,0,0,5.17533,4.14717,1.028160,1,0,242.785,0,0,0,242.785,0
72.29,2.17297,0,0,9.42684,0.291407,6.96247,3.6288,61.308,0.587923,0,0,3.45167,0.158698,2.70505,0.66528,12.849,1,0.386229,6.96247,0,231.827,4.88628,233.517,0.84672,12.849,0.84672,3695.15,0,36.966,0.354491,4.10614,2.00179,17.5388,1.0223,22.2699,0.42336,36.966,0.42336,423.524,0,1.02816,0,0,5.1343,4.10614,1.028160,1,0,258.492,0,0,0,258.492,0
72.29,2.13984,0,0,6.36915,0.256255,3.97305,3.6288,61.308,0.572449,0,0,1.29496,0.174192,0.548322,0.66528,12.849,1,0.380341,3.97305,0,129.443,4.35501,128.68,0.84672,12.849,0.84672,3695.15,0,36.966,0.345162,1.43476,2.00206,8.93877,1.04252,10.9879,0.42336,36.966,0.42336,423.524,0,1.02816,0,0,2.46292,1.43476,1.028160,1,0,140.217,0,0,0,140.217,0
72.29,2.1402,0,0,5.84089,0.152083,3.5486,3.6288,61.308,0.572604,0,0,1.02665,0.222552,0.231493,0.66528,12.849,1,0.380405,3.5486,0,109.579,4.67009,108.077,0.84672,12.849,0.84672,3695.15,0,36.966,0.345254,1.41829,1.97559,7.8935,1.06999,9.87214,0.42336,36.966,0.42336,423.524,0,1.02816,0,0,2.44645,1.41829,1.028160,1,0,118.18,0,0,0,118.18,0
72.29,2.14056,0,0,5.41133,0.152083,3.11868,3.6288,61.308,0.572758,0,0,1.09499,0.222552,0.299681,0.66528,12.849,1,0.380469,3.11868,0,101.745,4.67009,99.8128,0.84672,12.849,0.84672,3695.15,0,36.966,0.345347,1.33466,1.97586,6.59249,1.06999,8.48767,0.42336,36.966,0.42336,423.524,0,1.02816,0,0,2.36282,1.33466,1.028160,1,0,108.6,0,0,0,108.6,0
72.29,2.14092,0,0,5.62695,0.152083,3.33394,3.6288,61.308,0.572912,0,0,0.962582,0.222552,0.167119,0.66528,12.849,1,0.380533,3.33394,0,100.468,4.67009,98.751,0.84672,12.849,0.84672,3695.15,0,36.966,0.34544,1.20607,1.97613,6.20006,1.06999,7.96684,0.42336,36.966,0.42336,423.524,0,1.02816,0,0,2.23423,1.20607,1.028160,1,0,106.885,0,0,0,106.885,0
72.29,2.25504,0,0,5.62291,0.135175,3.2327,3.6288,61.2708,0.628528,0,0,0.823694,0.232334,0,0.66528,12.849,1,0.400816,3.2327,0,102.557,4.74999,100.639,0.84672,12.849,0.84672,3695.15,0,36.966,0.378974,0.976303,1.9764,5.94687,1.1128,7.40779,0.42336,36.966,0.42336,423.524,0,1.02816,0,0,2.00446,0.976303,1.028160,1,0,108.046,0,0,0,108.046,0
72.29,2.25542,0,0,4.96818,0.114807,2.59796,3.6288,61.1663,0.628547,0,0,0.774362,0.250376,0,0.66528,12.849,1,0.400884,2.59796,0,82.9512,4.63785,80.5104,0.84672,12.849,0.84672,3695.15,0,36.966,0.379216,0.964941,2.07046,5.64985,1.16707,7.13897,0.42336,36.966,0.42336,423.524,0,1.02816,0,0,1.9931,0.964941,1.028160,1,0,87.6494,0,0,0,87.6494,0
72.29,2.2558,0,0,4.38346,0.114807,2.01286,3.6288,61.1051,0.628305,0,0,0.817344,0.250211,0,0.66528,12.849,1,0.400951,2.01286,0,56.3793,4.63785,53.3533,0.84672,12.849,0.84672,3695.15,0,36.966,0.379718,0.969762,2.07075,5.45594,1.16707,6.94967,0.42336,36.966,0.42336,423.524,0,1.02816,0,0,1.99792,0.969762,1.028160,1,0,60.303,0,0,0,60.303,0
72.29,2.25617,0,0,4.39074,0.114807,2.01976,3.6288,60.9911,0.628231,0,0,0.76439,0.250114,0,0.66528,12.849,1,0.401018,2.01976,0,56.8708,4.63785,53.8517,0.84672,12.849,0.84672,3695.15,0,36.966,0.380053,0.390709,2.07103,4.74436,1.16707,5.65898,0.42336,36.966,0.42336,423.524,0,1.02816,0,0,1.41887,0.390709,1.028160,1,0,59.5107,0,0,0,59.5107,0
72.29,2.25655,0,0,3.79585,0.100295,1.43901,3.6288,60.7859,0.627951,0,0,0.678466,0.255784,0,0.66528,12.849,1,0.401085,1.43901,0,61.5317,4.88101,57.6887,0.84672,12.849,0.84672,3695.15,0,36.966,0.380594,0.542575,2.07131,4.95822,1.2274,5.96412,0.42336,36.966,0.42336,423.524,0,1.02816,0,0,1.57073,0.542575,1.028160,1,0,63.6528,0,0,0,63.6528,0
72.29,2.23442,0,0,3.51581,0.0659871,1.2154,3.6288,60.6792,0.657722,0,0,0.838322,0.287308,0,0.66528,12.849,1,0.397151,1.2154,0,80.6397,5.82876,75.6292,0.84672,12.849,0.84672,3695.15,0,36.966,0.399983,1.32688,2.0716,5.76726,1.39687,7.36888,0.42336,36.966,0.42336,423.524,0,1.02816,0,0,2.35504,1.32688,1.028160,1,0,82.9981,0,0,0,82.9981,0
72.29,2.23479,0,0,3.24378,0.0659871,0.943006,3.6288,60.5502,0.657451,0,0,0.815547,0.287113,0,0.66528,12.849,1,0.397217,0.943006,0,72.868,5.82876,67.5851,0.84672,12.849,0.84672,3695.15,0,36.966,0.400522,1.20167,2.10469,5.43059,1.39687,6.93955,0.42336,36.966,0.42336,423.524,0,1.02816,0,0,2.22983,1.20167,1.028160,1,0,74.5246,0,0,0,74.5246,0
72.29,2.23517,0,0,3.03439,0.0659871,0.733233,3.6288,60.3542,0.657088,0,0,0.748025,0.286878,0,0.66528,12.849,1,0.397284,0.733233,0,66.452,5.82876,60.9592,0.84672,12.849,0.84672,3695.15,0,36.966,0.401153,0.950556,2.10498,5.2919,1.39687,6.54942,0.42336,36.966,0.42336,423.524,0,1.02816,0,0,1.97872,0.950556,1.028160,1,0,67.5086,0,0,0,67.5086,0
72.29,2.23554,0,0,2.9411,0.0659871,0.639572,3.6288,60.1316,0.656446,0,0,0.720343,0.286521,0,0.66528,12.849,1,0.39735,0.639572,0,59.2362,5.82876,53.6496,0.84672,12.849,0.84672,3695.15,0,36.966,0.402063,0.838754,2.10527,5.23669,1.39687,6.38178,0.42336,36.966,0.42336,423.524,0,1.02816,0,0,1.86691,0.838754,1.028160,1,0,60.0314,0,0,0,60.0314,0
72.0987,2.29409,0,0,2.51755,0.0518804,0.36288,3.6288,59.8553,0.66528,0,0,0.71206,0.323109,0,0.66528,12.849,1,0.407757,0.36288,0,48.1771,5.87662,42.2556,0.84672,12.849,0.84672,3695.15,0,36.966,0.437104,0.565514,2.10556,4.47705,1.46633,5.2447,0.42336,36.966,0.42336,423.524,0,1.02816,0,0,1.59367,0.565514,1.028160,1,0,47.5003,0,0,0,47.5003,0
71.8679,2.29355,0,0,2.47901,0.0534287,0.36288,3.6288,59.6124,0.66528,0,0,0.753589,0.33115,0,0.66528,12.849,1,0.408744,0.36288,0,62.0887,5.84262,56.2002,0.84672,12.849,0.84672,3695.15,0,36.966,0.437379,0.806527,2.15238,4.70919,1.46262,5.7681,0.42336,36.966,0.42336,423.524,0,1.02816,0,0,1.83469,0.806527,1.028160,1,0,61.9683,0,0,0,61.9683,0
71.4709,2.29282,0,0,2.31206,0.053335,0.36288,3.6288,59.284,0.66528,0,0,0.667483,0.330636,0,0.66528,12.849,1,0.409926,0.36288,0,49.1178,5.84262,43.2281,0.84672,12.849,0.84672,3695.15,0,36.966,0.437654,0.782888,2.15268,4.29839,1.46262,5.33368,0.42336,36.966,0.42336,423.524,0,1.02816,0,0,1.81105,0.782888,1.028160,1,0,48.5618,0,0,0,48.5618,0
70.8666,2.29128,0,0,2.10305,0.0531738,0.36288,3.6288,58.9157,0.66528,0,0,0.626979,0.329943,0,0.66528,12.849,1,0.411925,0.36288,0,45.1653,5.84262,39.2737,0.84672,12.849,0.84672,3695.15,0,36.966,0.437928,0.49947,2.15298,3.93395,1.46262,4.68584,0.42336,36.966,0.42336,423.524,0,1.02816,0,0,1.52763,0.49947,1.028160,1,0,43.9595,0,0,0,43.9595,0
70.1272,2.45863,0,0,2.13109,0.0490136,0.36288,3.6288,58.6213,0.66528,0,0,0.701091,0.330245,0,0.66528,12.849,1,0.445781,0.36288,0,41.8573,5.92788,35.8466,0.84672,12.849,0.84672,3695.15,0,36.966,0.595693,0.916367,2.15328,5.0484,1.47845,6.0439,0.42336,36.966,0.42336,423.524,0,1.02816,0,0,1.94453,0.916367,1.028160,1,0,41.8905,0,0,0,41.8905,0
68.9684,2.45507,0,0,1.73197,0.072747,0.36288,3.6288,58.267,0.66528,0,0,0.625467,0.314495,0,0.66528,12.849,1,0.449828,0.36288,0,32.3927,5.61761,26.6882,0.84672,12.849,0.84672,3695.15,0,36.966,0.595992,0.731722,2.31287,3.54103,1.41345,4.57618,0.42336,36.966,0.42336,423.524,0,1.02816,0,0,1.75988,0.731722,1.028160,1,0,31.2644,0,0,0,31.2644,0
67.474,2.4491,0,0,1.38961,0.0720967,0.36288,3.6288,57.7798,0.66528,0,0,0.491821,0.313779,0,0.66528,12.849,1,0.456275,0.36288,0,38.1008,5.61761,32.3898,0.84672,12.849,0.84672,3695.15,0,36.966,0.596291,0.38359,2.31319,2.94151,1.41345,3.62855,0.42336,36.966,0.42336,423.524,0,1.02816,0,0,1.41175,0.38359,1.028160,1,0,36.0184,0,0,0,36.0184,0
66.2446,2.44102,0,0,1.64576,0.0712581,0.36288,3.6288,57.5524,0.66528,0,0,0.750742,0.312793,0,0.66528,12.849,1,0.464841,0.36288,0,32.7029,5.61761,26.9834,0.84672,12.849,0.84672,3695.15,0,36.966,0.59659,1.09553,2.31351,3.9778,1.41345,5.37682,0.42336,36.966,0.42336,423.524,0,1.02816,0,0,2.12369,1.09553,1.028160,1,0,32.3602,0,0,0,32.3602,0
64.7483,2.4342,0,0,1.37505,0.0741991,0.36288,3.6288,57.146,0.66528,0,0,0.550954,0.292141,0,0.66528,12.849,1,0.472145,0.36288,0,29.8432,5.06307,24.6708,0.84672,12.849,0.84672,3695.15,0,36.966,0.596889,0.647352,2.31384,4.12117,1.19758,5.28788,0.42336,36.966,0.42336,423.524,0,1.02816,0,0,1.67551,0.647352,1.028160,1,0,29.9587,0,0,0,29.9587,0
64.7054,2.34379,0,0,2.66241,-0.00135643,0.36288,3.6288,57.2089,0.66528,0,0,1.04531,0.317128,0,0.66528,12.849,1,0.465115,0.36288,0,73.4927,5.92168,67.4688,0.84672,12.849,0.84672,3695.15,0,36.966,0.501525,1.53001,2.31416,7.00358,1.49854,8.84768,0.42336,36.966,0.42336,423.524,0,1.02816,0,0,2.55817,1.53001,1.028160,1,0,76.3165,0,0,0,76.3165,0
64.3747,2.34393,0,0,2.5019,0.125846,0.36288,3.6288,57.4938,0.66528,0,0,1.18089,0.230651,0,0.66528,12.849,1,0.46545,0.36288,0,66.6438,3.72803,62.8132,0.84672,12.849,0.84672,3695.15,0,36.966,0.50181,1.67143,2.22222,6.97222,0.950331,9.41373,0.42336,36.966,0.42336,423.524,0,1.02816,0,0,2.69959,1.67143,1.028160,1,0,72.2269,0,0,0,72.2269,0
64.4306,2.34232,0,0,2.90117,0.140001,0.36288,3.6288,58.125,0.66528,0,0,1.53242,0.235987,0,0.66528,12.849,1,0.467521,0.36288,0,69.9978,3.8094,66.0838,0.84672,12.849,0.84672,3695.15,0,36.966,0.502094,2.25533,2.22253,9.61528,0.996928,12.5941,0.42336,36.966,0.42336,423.524,0,1.02816,0,0,3.28349,2.25533,1.028160,1,0,78.6779,0,0,0,78.6779,0
64.3979,2.34305,0,0,2.81323,0.140064,0.36288,3.6288,58.7482,0.66528,0,0,1.52544,0.236952,0,0.66528,12.849,1,0.46726,0.36288,0,96.6056,3.8094,92.6918,0.84672,12.849,0.84672,3695.15,0,36.966,0.502379,2.23598,2.22283,9.6406,0.996928,12.6001,0.42336,36.966,0.42336,423.524,0,1.02816,0,0,3.26414,2.23598,1.028160,1,0,105.292,0,0,0,105.292,0
64.6234,2.2762,0,0,3.04698,0.182367,0.36288,3.6288,59.7359,0.66339,0,0,1.88803,0.236878,0,0.66528,12.849,1,0.454159,0.36288,0,138.254,3.75786,134.405,0.84672,12.849,0.84672,3695.15,0,36.966,0.417424,2.95695,2.22314,12.0381,0.934747,15.866,0.42336,36.966,0.42336,423.524,0,1.02816,0,0,3.98511,2.95695,1.028160,1,0,150.271,0,0,0,150.271,0
66.5812,2.2779,0,0,4.81306,0.214511,0.36288,3.6288,60.8772,0.66528,0,0,2.04417,0.237606,0,0.66528,12.849,1,0.452913,0.36288,0,93.0917,3.7192,89.2824,0.84672,12.849,0.84672,3695.15,0,36.966,0.415806,2.94926,2.14106,15.4582,0.888111,19.2446,0.42336,36.966,0.42336,423.524,0,1.02816,0,0,3.97742,2.94926,1.028160,1,0,108.527,0,0,0,108.527,0
68.6589,2.28945,0,0,4.94793,0.217894,0.36288,3.6288,61.308,0.66528,0,0,2.03557,0.239338,0.70018,0.66528,12.849,1,0.441823,0.36288,0,66.7093,3.7192,62.9111,0.84672,12.849,0.84672,3695.15,0,36.966,0.416078,2.80346,2.14136,14.437,0.888111,18.0776,0.42336,36.966,0.42336,423.524,0,1.02816,0,0,3.83162,2.80346,1.028160,1,0,81.6889,0,0,0,81.6889,0
69.2627,2.30109,0,0,3.55069,0.282889,0.36288,3.6288,61.308,0.66528,0,0,1.54616,0.23461,0.646273,0.66528,12.849,1,0.430633,0.36288,0,93.3189,3.86289,89.3883,0.84672,12.849,0.84672,3695.15,0,36.966,0.416349,1.67577,2.14165,8.29423,1.03795,10.6573,0.42336,36.966,0.42336,423.524,0,1.02816,0,0,2.70393,1.67577,1.028160,1,0,100.692,0,0,0,100.692,0
71.4886,2.11187,0,0,4.95344,0.252752,0.36288,3.6288,61.308,0.561667,0,0,1.65389,0.230824,0.861404,0.66528,12.849,1,0.391775,0.36288,0,97.3391,3.79765,93.5126,0.84672,12.849,0.84672,3695.15,0,36.966,0.33866,2.13703,2.14195,11.1782,1.0858,14.0327,0.42336,36.966,0.42336,423.524,0,1.02816,0,0,3.16519,2.13703,1.028160,1,0,108.407,0,0,0,108.407,0
72.29,2.12257,0,0,5.17723,0.273888,1.97942,3.6288,61.308,0.56182,0,0,1.40157,0.206018,0.633734,0.66528,12.849,1,0.381499,1.97942,0,104.58,3.96659,102.212,0.84672,12.849,0.84672,3695.15,0,36.966,0.338752,2.97759,1.95913,10.9198,1.08344,14.4343,0.42336,36.966,0.42336,423.524,0,1.02816,0,0,4.00575,2.97759,1.028160,1,0,117.28,0,0,0,117.28,0
72.29,2.12652,0,0,8.42253,0.275563,6.02045,3.6288,61.308,0.561972,0,0,2.69552,0.206018,1.92753,0.66528,12.849,1,0.377972,6.02045,0,123.242,3.96659,124.918,0.84672,12.849,0.84672,3695.15,0,36.966,0.338844,4.89885,1.9594,15.7208,1.08344,21.1568,0.42336,36.966,0.42336,423.524,0,1.02816,0,0,5.92701,4.89885,1.028160,1,0,148.002,0,0,0,148.002,0
72.29,2.12687,0,0,9.40352,0.275563,7.00108,3.6288,61.308,0.562125,0,0,1.57735,0.206018,0.80921,0.66528,12.849,1,0.378036,7.00108,0,155.034,3.96659,157.691,0.84672,12.849,0.84672,3695.15,0,36.966,0.338936,3.43387,1.95967,9.2696,1.08344,13.2408,0.42336,36.966,0.42336,423.524,0,1.02816,0,0,4.46203,3.43387,1.028160,1,0,171.741,0,0,0,171.741,0
72.29,2.12723,0,0,8.60691,0.275563,6.20411,3.6288,61.308,0.562277,0,0,1.8025,0.206018,1.03421,0.66528,12.849,1,0.3781,6.20411,0,78.755,3.96659,80.6144,0.84672,12.849,0.84672,3695.15,0,36.966,0.339028,4.53265,1.95994,11.7202,1.08344,16.7903,0.42336,36.966,0.42336,423.524,0,1.02816,0,0,5.56081,4.53265,1.028160,1,0,98.4389,0,0,0,98.4389,0
72.29,2.20228,0,0,7.67108,0.256168,5.21263,3.6288,61.308,0.595252,0,0,4.26862,0.233952,3.43941,0.66528,12.849,1,0.391438,5.21263,0,156.308,4.38406,156.746,0.84672,12.849,0.84672,3695.15,0,36.966,0.358911,5.04343,1.9602,14.716,1.12486,20.2359,0.42336,36.966,0.42336,423.524,0,1.02816,0,0,6.07159,5.04343,1.028160,1,0,180.421,0,0,0,180.421,0
72.29,2.20263,0,0,8.1493,0.254922,5.69175,3.6288,61.308,0.595402,0,0,2.66463,0.232975,1.83625,0.66528,12.849,1,0.391501,5.69175,0,199.117,4.26038,200.157,0.84672,12.849,0.84672,3695.15,0,36.966,0.359001,3.73875,2.01761,13.2882,1.08702,17.5986,0.42336,36.966,0.42336,423.524,0,1.02816,0,0,4.76691,3.73875,1.028160,1,0,219.592,0,0,0,219.592,0
72.29,2.20298,0,0,5.76778,0.254922,3.30987,3.6288,61.308,0.595552,0,0,1.76844,0.232975,0.939917,0.66528,12.849,1,0.391564,3.30987,0,160.759,4.26038,159.417,0.84672,12.849,0.84672,3695.15,0,36.966,0.359092,4.00904,2.01787,12.3116,1.08702,16.8924,0.42336,36.966,0.42336,423.524,0,1.02816,0,0,5.0372,4.00904,1.028160,1,0,177.25,0,0,0,177.25,0
72.29,2.20334,0,0,5.05822,0.254922,2.59996,3.6288,61.308,0.595702,0,0,1.57251,0.232975,0.743837,0.66528,12.849,1,0.391626,2.59996,0,123.091,4.26038,121.039,0.84672,12.849,0.84672,3695.15,0,36.966,0.359182,3.13006,2.01813,10.7743,1.08702,14.4762,0.42336,36.966,0.42336,423.524,0,1.02816,0,0,4.15822,3.13006,1.028160,1,0,136.26,0,0,0,136.26,0
72.29,2.44368,0,0,4.38558,0.272443,1.66946,3.6288,61.308,0.66528,0,0,1.10754,0.235624,0.206631,0.66528,12.849,1,0.434345,1.66946,0,100.293,4.47287,97.0554,0.84672,12.849,0.84672,3695.15,0,36.966,0.487482,1.89181,2.0184,9.8205,1.12918,12.114,0.42336,36.966,0.42336,423.524,0,1.02816,0,0,2.91997,1.89181,1.028160,1,0,109.376,0,0,0,109.376,0
72.29,2.44406,0,0,4.26908,0.280221,1.54479,3.6288,61.308,0.66528,0,0,1.62031,0.243322,0.711709,0.66528,12.849,1,0.434414,1.54479,0,94.7592,4.71188,91.1577,0.84672,12.849,0.84672,3695.15,0,36.966,0.487751,2.65555,2.22432,7.92726,1.10814,11.2112,0.42336,36.966,0.42336,423.524,0,1.02816,0,0,3.68371,2.65555,1.028160,1,0,103.081,0,0,0,103.081,0
72.29,2.44445,0,0,4.88862,0.280221,2.16395,3.6288,61.308,0.66528,0,0,1.99419,0.243322,1.08559,0.66528,12.849,1,0.434482,2.16395,0,103.692,4.71188,100.71,0.84672,12.849,0.84672,3695.15,0,36.966,0.48802,2.96129,2.22461,10.0499,1.10814,13.6396,0.42336,36.966,0.42336,423.524,0,1.02816,0,0,3.98945,2.96129,1.028160,1,0,115.435,0,0,0,115.435,0
72.29,2.44484,0,0,4.99051,0.313707,2.23196,3.6288,61.308,0.66528,0,0,2.30748,0.226635,1.41556,0.66528,12.849,1,0.434551,2.23196,0,103.216,4.70647,100.307,0.84672,12.849,0.84672,3695.15,0,36.966,0.488289,4.3004,2.22491,11.9341,1.12634,16.8448,0.42336,36.966,0.42336,423.524,0,1.02816,0,0,5.32856,4.3004,1.028160,1,0,118.567,0,0,0,118.567,0
72.29,2.10273,0,0,5.28428,0.310629,2.87092,3.6288,61.308,0.554261,0,0,2.15113,0.207381,1.38948,0.66528,12.849,1,0.373744,2.87092,0,101.212,4.31601,99.3927,0.84672,12.849,0.84672,3695.15,0,36.966,0.334195,2.86044,2.2252,12.2285,1.01489,15.965,0.42336,36.966,0.42336,423.524,0,1.02816,0,0,3.8886,2.86044,1.028160,1,0,116.747,0,0,0,116.747,0
72.29,2.10307,0,0,4.58972,0.288665,2.19799,3.6288,61.308,0.554405,0,0,1.68363,0.190609,0.938619,0.66528,12.849,1,0.373804,2.19799,0,102.352,3.79827,100.378,0.84672,12.849,0.84672,3695.15,0,36.966,0.334282,2.33873,1.94487,8.25916,0.856594,11.3519,0.42336,36.966,0.42336,423.524,0,1.02816,0,0,3.36689,2.33873,1.028160,1,0,112.668,0,0,0,112.668,0
72.29,2.10341,0,0,4.01885,0.288665,1.62678,3.6288,61.308,0.55455,0,0,1.87499,0.190609,1.12983,0.66528,12.849,1,0.373864,1.62678,0,94.1319,3.79827,91.5866,0.84672,12.849,0.84672,3695.15,0,36.966,0.334369,2.19688,1.94512,7.31923,0.856594,10.2703,0.42336,36.966,0.42336,423.524,0,1.02816,0,0,3.22504,2.19688,1.028160,1,0,102.987,0,0,0,102.987,0
72.29,2.10374,0,0,7.30745,0.2873,4.91641,3.6288,61.308,0.554694,0,0,2.81901,0.179155,2.08516,0.66528,12.849,1,0.373924,4.91641,0,200.832,3.61896,201.755,0.84672,12.849,0.84672,3695.15,0,36.966,0.334456,4.89766,1.94538,13.7468,0.825884,19.4295,0.42336,36.966,0.42336,423.524,0,1.02816,0,0,5.92582,4.89766,1.028160,1,0,223.27,0,0,0,223.27,0
72.29,2.10408,0,0,6.84036,0.283885,4.45239,3.6288,61.308,0.554838,0,0,2.57789,0.150519,1.87253,0.66528,12.849,1,0.373985,4.45239,0,192.311,3.17068,193.219,0.84672,12.849,0.84672,3695.15,0,36.966,0.334543,4.48597,1.94563,11.9368,0.749109,17.2847,0.42336,36.966,0.42336,423.524,0,1.02816,0,0,5.51413,4.48597,1.028160,1,0,212.376,0,0,0,212.376,0
72.29,2.19069,0,0,4.29872,0.346302,1.76173,3.6288,61.308,0.595513,0,0,1.58667,0.195499,0.795655,0.66528,12.849,1,0.389379,1.76173,0,72.6834,4.33734,69.7184,0.84672,12.849,0.84672,3695.15,0,36.966,0.359068,2.27072,1.94588,7.77298,0.916993,10.7135,0.42336,36.966,0.42336,423.524,0,1.02816,0,0,3.29888,2.27072,1.028160,1,0,81.2276,0,0,0,81.2276,0
72.29,2.19104,0,0,3.29999,0.346302,0.762643,3.6288,61.308,0.595663,0,0,1.25988,0.195499,0.468723,0.66528,12.849,1,0.389441,0.762643,0,49.2446,4.33734,45.2805,0.84672,12.849,0.84672,3695.15,0,36.966,0.359159,1.59659,2.01537,7.19885,0.916993,9.53466,0.42336,36.966,0.42336,423.524,0,1.02816,0,0,2.62475,1.59659,1.028160,1,0,55.2839,0,0,0,55.2839,0
72.29,2.19139,0,0,3.07872,0.302315,0.585009,3.6288,61.308,0.595814,0,0,1.17492,0.181916,0.397189,0.66528,12.849,1,0.389504,0.585009,0,53.5353,3.6147,50.1161,0.84672,12.849,0.84672,3695.15,0,36.966,0.359249,1.39033,2.01563,6.78616,0.833837,8.99904,0.42336,36.966,0.42336,423.524,0,1.02816,0,0,2.41849,1.39033,1.028160,1,0,59.5123,0,0,0,59.5123,0
72.29,2.19174,0,0,3.0394,0.269324,0.578328,3.6288,61.308,0.595964,0,0,1.12241,0.171729,0.354721,0.66528,12.849,1,0.389566,0.578328,0,52.4067,3.07272,49.5227,0.84672,12.849,0.84672,3695.15,0,36.966,0.35934,1.33439,2.0159,6.80676,0.77147,9.02624,0.42336,36.966,0.42336,423.524,0,1.02816,0,0,2.36255,1.33439,1.028160,1,0,58.9037,0,0,0,58.9037,0
72.1158,2.15834,0,0,2.61821,0.271145,0.36288,3.6288,61.308,0.580363,0,0,1.024,0.202954,0.240678,0.66528,12.849,1,0.383629,0.36288,0,49.5196,3.98577,45.513,0.84672,12.849,0.84672,3695.15,0,36.966,0.349933,0.987224,2.01616,6.73743,0.94924,8.44164,0.42336,36.966,0.42336,423.524,0,1.02816,0,0,2.01538,0.987224,1.028160,1,0,54.1954,0,0,0,54.1954,0
72.1094,2.1579,0,0,2.78586,0.271513,0.36288,3.6288,61.308,0.580511,0,0,1.13226,0.215445,0.336308,0.66528,12.849,1,0.384477,0.36288,0,51.1415,4.35099,46.7689,0.84672,12.849,0.84672,3695.15,0,36.966,0.350022,1.01169,1.98947,5.72304,1.02035,7.35383,0.42336,36.966,0.42336,423.524,0,1.02816,0,0,2.03985,1.01169,1.028160,1,0,54.459,0,0,0,54.459,0
72.29,2.15822,0,0,3.82821,0.256299,1.2331,3.6288,61.308,0.580659,0,0,1.24516,0.219015,0.445488,0.66528,12.849,1,0.384568,1.2331,0,66.6791,4.45935,63.0683,0.84672,12.849,0.84672,3695.15,0,36.966,0.350112,1.25985,1.98973,5.71658,1.00029,7.61576,0.42336,36.966,0.42336,423.524,0,1.02816,0,0,2.28801,1.25985,1.028160,1,0,71.1295,0,0,0,71.1295,0
71.988,2.15938,0,0,2.43889,0.218595,0.36288,3.6288,61.308,0.580807,0,0,1.05058,0.22794,0.241834,0.66528,12.849,1,0.383814,0.36288,0,48.8065,4.73025,44.0553,0.84672,12.849,0.84672,3695.15,0,36.966,0.350201,0.863914,1.98999,5.07103,0.950141,6.62459,0.42336,36.966,0.42336,423.524,0,1.02816,0,0,1.89207,0.863914,1.028160,1,0,50.9217,0,0,0,50.9217,0
71.4586,2.27292,0,0,2.32254,0.216183,0.36288,3.6288,61.308,0.636844,0,0,1.04201,0.233039,0.172127,0.66528,12.849,1,0.405689,0.36288,0,44.6108,4.74603,39.822,0.84672,12.849,0.84672,3695.15,0,36.966,0.383988,0.741442,1.99025,4.61889,0.982178,5.98442,0.42336,36.966,0.42336,423.524,0,1.02816,0,0,1.7696,0.741442,1.028160,1,0,45.9785,0,0,0,45.9785,0
71.0296,2.27073,0,0,2.39885,0.194267,0.36288,3.6288,61.308,0.637,0,0,0.888157,0.2319,0.0192581,0.66528,12.849,1,0.408302,0.36288,0,42.3711,4.37874,37.9469,0.84672,12.849,0.84672,3695.15,0,36.966,0.384082,0.754799,2.08502,4.39841,1.06517,5.78898,0.42336,36.966,0.42336,423.524,0,1.02816,0,0,1.78296,0.754799,1.028160,1,0,43.7552,0,0,0,43.7552,0
70.3948,2.26901,0,0,2.15255,0.155476,0.36288,3.6288,61.3,0.637156,0,0,0.863032,0.233842,0,0.66528,12.849,1,0.410455,0.36288,0,37.0641,4.4436,32.573,0.84672,12.849,0.84672,3695.15,0,36.966,0.384177,0.762705,2.0853,4.11102,1.02421,5.55063,0.42336,36.966,0.42336,423.524,0,1.02816,0,0,1.79086,0.762705,1.028160,1,0,38.1236,0,0,0,38.1236,0
69.7365,2.26624,0,0,2.12557,0.15472,0.36288,3.6288,61.308,0.637281,0,0,0.93738,0.233831,0.0583026,0.66528,12.849,1,0.413651,0.36288,0,35.8428,4.4436,31.3484,0.84672,12.849,0.84672,3695.15,0,36.966,0.384302,0.725095,2.08557,4.50722,1.02421,5.90938,0.42336,36.966,0.42336,423.524,0,1.02816,0,0,1.75325,0.725095,1.028160,1,0,37.3161,0,0,0,37.3161,0
68.9443,2.2633,0,0,1.98794,0.153936,0.36288,3.6288,61.3017,0.637468,0,0,0.864968,0.233842,0,0.66528,12.849,1,0.417015,0.36288,0,33.5285,4.4436,29.0307,0.84672,12.849,0.84672,3695.15,0,36.966,0.384365,0.652769,2.08584,3.95752,1.02421,5.28756,0.42336,36.966,0.42336,423.524,0,1.02816,0,0,1.68093,0.652769,1.028160,1,0,34.3183,0,0,0,34.3183,0
67.7581,2.2371,0,0,1.54449,0.130716,0.36288,3.6288,61.141,0.66528,0,0,0.797783,0.293176,0,0.66528,12.849,1,0.416924,0.36288,0,31.8874,5.60979,26.2236,0.84672,12.849,0.84672,3695.15,0,36.966,0.406077,0.307757,2.08612,3.56953,1.26212,4.29521,0.42336,36.966,0.42336,423.524,0,1.02816,0,0,1.33592,0.307757,1.028160,1,0,30.5188,0,0,0,30.5188,0
66.5141,2.23132,0,0,1.45928,0.109077,0.36288,3.6288,60.9139,0.66528,0,0,0.76051,0.32232,0,0.66528,12.849,1,0.423127,0.36288,0,30.2243,5.64144,24.5226,0.84672,12.849,0.84672,3695.15,0,36.966,0.406334,0.264721,2.11945,3.57068,1.35976,4.18876,0.42336,36.966,0.42336,423.524,0,1.02816,0,0,1.29288,0.264721,1.028160,1,0,28.7113,0,0,0,28.7113,0
65.204,2.22504,0,0,1.38582,0.108011,0.36288,3.6288,60.5898,0.694113,0,0,0.691883,0.321857,0,0.66528,12.849,1,0.429828,0.36288,0,27.3531,5.64144,21.6447,0.84672,12.849,0.84672,3695.15,0,36.966,0.421227,0.261274,2.11973,3.49436,1.35976,4.09438,0.42336,36.966,0.42336,423.524,0,0.984692,0,0,1.24597,0.261274,1.028160,1,0,25.7391,0,0,0,25.7391,0
63.8001,2.21818,0,0,1.28402,0.106888,0.36288,3.6288,60.1621,0.732942,0,0,0.626429,0.321196,0,0.66528,12.849,1,0.437112,0.36288,0,26.0378,5.64144,20.3221,0.84672,12.849,0.84672,3695.15,0,36.966,0.44717,0.261274,2.12001,3.22371,1.35976,3.79807,0.42336,36.966,0.42336,423.524,0,0.920177,0,0,1.18145,0.261274,1.028160,1,0,24.1202,0,0,0,24.1202,0
62.2901,2.26799,0,0,1.21992,0.0989623,0.36288,3.6288,59.6025,0.812759,0,0,0.576137,0.322955,0,0.66528,12.849,1,0.456762,0.36288,0,23.8233,5.79954,17.9299,0.84672,12.849,0.84672,3695.15,0,36.966,0.499392,0.261274,2.12029,2.85956,1.44731,3.29442,0.42336,36.966,0.42336,423.524,0,0.832334,0,0,1.09361,0.261274,1.028160,1,0,21.2243,0,0,0,21.2243,0
60.7708,2.25917,0,0,1.1955,0.0927701,0.36288,3.6288,59.0199,0.811281,0,0,0.552466,0.32377,0,0.66528,12.849,1,0.466015,0.36288,0,21.8707,5.91812,15.8494,0.84672,12.849,0.84672,3695.15,0,36.966,0.503164,0.261274,2.16745,2.70564,1.51297,3.11823,0.42336,36.966,0.42336,423.524,0,0.830304,0,0,1.09158,0.261274,1.028160,1,0,18.9677,0,0,0,18.9677,0
59.1061,2.24992,0,0,1.03964,0.0916129,0.36288,3.6288,58.3723,0.844233,0,0,0.519192,0.322565,0,0.66528,12.849,1,0.475708,0.36288,0,20.6921,5.91812,14.6612,0.84672,12.849,0.84672,3695.15,0,36.966,0.528769,0.227405,2.16773,2.63299,1.51297,2.98639,0.42336,36.966,0.42336,423.524,0,0.77201,0,0,0.999415,0.227405,1.028160,1,0,17.6476,0,0,0,17.6476,0
57.371,2.23927,0,0,0.957347,0.0902142,0.36288,3.6288,57.6875,0.872268,0,0,0.508702,0.321225,0,0.66528,12.849,1,0.486791,0.36288,0,19.5155,5.91812,13.4735,0.84672,12.849,0.84672,3695.15,0,36.966,0.552389,0.227405,2.16802,2.60633,1.51297,2.9364,0.42336,36.966,0.42336,423.524,0,0.720619,0,0,0.948024,0.227405,1.028160,1,0,16.4099,0,0,0,16.4099,0
55.3744,2.39286,0,0,0.833985,0.0748296,0.36288,3.6288,56.8816,0.981822,0,0,0.499704,0.323773,0,0.66528,12.849,1,0.535913,0.36288,0,18.6787,6.09556,12.4101,0.84672,12.849,0.84672,3695.15,0,36.966,0.629149,0.227405,2.1683,2.55159,1.49052,2.82763,0.42336,36.966,0.42336,423.524,0,0.693256,0,0,0.920661,0.227405,1.028160,1,0,15.2378,0,0,0,15.2378,0
53.5705,2.37756,0,0,1.00307,0.066626,0.36288,3.6288,55.9719,1.02194,0,0,0.437044,0.324877,0,0.66528,12.849,1,0.551684,0.36288,0,18.7872,5.74613,12.8523,0.84672,12.849,0.84672,3695.15,0,36.966,0.664133,0.227405,2.3291,2.35462,1.45692,2.79007,0.42336,36.966,0.42336,423.524,0,0.618443,0,0,0.845847,0.227405,1.028160,1,0,15.6424,0,0,0,15.6424,0
51.88,2.36295,0,0,1.10084,0.0654234,0.36288,3.6288,55.3416,0.846988,0,0,0.539685,0.322955,0,0.66528,12.849,1,0.566758,0.36288,0,24.1618,5.74613,18.2118,0.84672,12.849,0.84672,3695.15,0,36.966,0.61136,0.204422,2.32941,2.56861,1.45692,3.03416,0.42336,36.966,0.42336,423.524,0,0.846452,0,0,1.05087,0.204422,1.028160,1,0,21.2459,0,0,0,21.2459,0
49.9887,2.34852,0,0,0.884356,0.0642964,0.36288,3.6288,54.3432,1.06713,0,0,0.390346,0.321623,0,0.66528,12.849,1,0.581651,0.36288,0,23.61,5.74613,17.6451,0.84672,12.849,0.84672,3695.15,0,36.966,0.712801,0.204422,2.32972,2.06201,1.45692,2.42642,0.42336,36.966,0.42336,423.524,0,0.525156,0,0,0.729579,0.204422,1.028160,1,0,20.0715,0,0,0,20.0715,0
48.3328,2.33138,0,0,1.10137,0.0630356,0.36288,3.6288,54.0256,0.66528,0,0,0.667178,0.319514,0,0.66528,12.849,1,0.599252,0.36288,0,21.5632,5.74613,15.5807,0.84672,12.849,0.84672,3695.15,0,36.966,0.611934,0.351916,2.33002,3.18828,1.45692,3.80137,0.42336,36.966,0.42336,423.524,0,1.02816,0,0,1.38008,0.351916,1.028160,1,0,19.3821,0,0,0,19.3821,0
46.7731,2.23759,0,0,1.01888,-0.0219154,0.36288,3.6288,53.2124,0.88216,0,0,0.443978,0.375001,0,0.66528,12.849,1,0.594849,0.36288,0,18.5692,6.61048,11.7267,0.84672,12.849,0.84672,3695.15,0,36.966,0.603602,0.204422,2.33033,1.82003,1.60839,2.1428,0.42336,36.966,0.42336,423.524,0,0.723514,0,0,0.927936,0.204422,1.028160,1,0,13.8695,0,0,0,13.8695,0
45.112,2.22238,0,0,0.97867,0.0545491,0.36288,3.6288,52.5222,0.861058,0,0,0.47986,0.309047,0,0.66528,12.849,1,0.610507,0.36288,0,16.5929,4.86264,11.4827,0.84672,12.849,0.84672,3695.15,0,36.966,0.598166,0.216518,2.23768,1.62128,1.15708,2.32023,0.42336,36.966,0.42336,423.524,0,0.750324,0,0,0.966842,0.216518,1.028160,1,0,13.8029,0,0,0,13.8029,0
43.5857,2.20523,0,0,1.12409,0.0822184,0.36288,3.6288,52.162,0.714243,0,0,0.654902,0.300789,0,0.66528,12.849,1,0.628103,0.36288,0,16.7683,4.64226,11.8608,0.84672,12.849,0.84672,3695.15,0,36.966,0.516382,0.216518,2.23798,2.2483,1.13202,3.0544,0.42336,36.966,0.42336,423.524,0,0.979197,0,0,1.19572,0.216518,1.028160,1,0,14.9152,0,0,0,14.9152,0
42.0298,2.18859,0,0,1.07631,0.0808046,0.36288,3.6288,51.765,0.739454,0,0,0.642331,0.299919,0,0.66528,12.849,1,0.645192,0.36288,0,22.3575,4.64226,17.4329,0.84672,12.849,0.84672,3695.15,0,36.966,0.524034,0.216518,2.23827,2.24774,1.13202,3.04648,0.42336,36.966,0.42336,423.524,0,0.946607,0,0,1.16313,0.216518,1.028160,1,0,20.4794,0,0,0,20.4794,0
40.9499,2.10858,0,0,1.50228,0.110735,0.36288,3.6288,51.5324,0.638478,0,0,0.64059,0.234704,0,0.66528,12.849,1,0.644619,0.36288,0,35.1254,4.4218,30.4219,0.84672,12.849,0.84672,3695.15,0,36.966,0.455945,0.444269,2.23857,2.81262,1.08479,3.95473,0.42336,36.966,0.42336,423.524,0,1.02816,0,0,1.47243,0.444269,1.028160,1,0,34.3766,0,0,0,34.3766,0
41.0609,2.09598,0,0,2.7205,0.150641,0.36288,3.6288,51.7538,0.637431,0,0,1.00762,0.148751,0,0.66528,12.849,1,0.657663,0.36288,0,39.6935,4.12787,35.2708,0.84672,12.849,0.84672,3695.15,0,36.966,0.457252,0.932558,2.15586,4.42591,1.02182,6.03526,0.42336,36.966,0.42336,423.524,0,1.02816,0,0,1.96072,0.932558,1.028160,1,0,41.3061,0,0,0,41.3061,0
41.6466,2.09767,0,0,3.19712,0.150839,0.36288,3.6288,52.6294,0.638725,0,0,1.66327,0.149017,0,0.66528,12.849,1,0.656414,0.36288,0,42.9711,4.12787,38.5497,0.84672,12.849,0.84672,3695.15,0,36.966,0.456219,2.63482,2.15614,5.37889,1.02182,8.69182,0.42336,36.966,0.42336,423.524,0,1.02816,0,0,3.66298,2.63482,1.028160,1,0,47.2415,0,0,0,47.2415,0
41.3166,2.10506,0,0,2.30577,0.167806,0.36288,3.6288,52.9318,0.643336,0,0,1.10234,0.156581,0,0.66528,12.849,1,0.649461,0.36288,0,38.4293,4.24384,33.8988,0.84672,12.849,0.84672,3695.15,0,36.966,0.451869,1.52808,2.15642,5.47266,1.04889,7.6564,0.42336,36.966,0.42336,423.524,0,1.02816,0,0,2.55624,1.52808,1.028160,1,0,41.5552,0,0,0,41.5552,0
45.4022,1.9258,0,0,6.57977,0.205483,0.36288,3.6288,53.8055,0.537297,0,0,1.58796,0.17701,0,0.66528,12.849,1,0.598902,0.36288,0,109.437,4.3977,104.803,0.84672,12.849,0.84672,3695.15,0,36.966,0.375232,2.4445,2.15671,8.41857,1.07883,11.5657,0.42336,36.966,0.42336,423.524,0,1.02816,0,0,3.47266,2.4445,1.028160,1,0,116.369,0,0,0,116.369,0
47.4238,1.96812,0,0,4.55951,0.206992,0.36288,3.6288,54.7414,0.541048,0,0,1.67778,0.200817,0,0.66528,12.849,1,0.556985,0.36288,0,68.0266,3.58113,64.2514,0.84672,12.849,0.84672,3695.15,0,36.966,0.371716,1.66469,1.97251,5.60164,0.852301,8.01482,0.42336,36.966,0.42336,423.524,0,1.02816,0,0,2.69285,1.66469,1.028160,1,0,72.2662,0,0,0,72.2662,0
49.5588,1.98712,0,0,4.69672,0.211692,0.36288,3.6288,56.4739,0.544981,0,0,2.47955,0.202071,0,0.66528,12.849,1,0.538391,0.36288,0,79.4543,3.58113,75.6977,0.84672,12.849,0.84672,3695.15,0,36.966,0.368017,2.79152,1.97276,7.30832,0.852301,10.8523,0.42336,36.966,0.42336,423.524,0,1.02816,0,0,3.81968,2.79152,1.028160,1,0,86.55,0,0,0,86.55,0
51.4404,2.00586,0,0,4.47145,0.221044,0.36288,3.6288,58.0819,0.551947,0,0,2.36457,0.204594,0,0.66528,12.849,1,0.520055,0.36288,0,85.6941,3.59513,81.9418,0.84672,12.849,0.84672,3695.15,0,36.966,0.361287,2.28339,1.97302,6.6099,0.866064,9.63896,0.42336,36.966,0.42336,423.524,0,1.02816,0,0,3.31155,2.28339,1.028160,1,0,91.5808,0,0,0,91.5808,0
61.0479,2.02141,0,0,12.2348,0.243027,0.36288,3.6288,61.308,0.558202,0,0,4.66737,0.201426,0.681641,0.66528,12.849,1,0.504915,0.36288,0,137.316,4.52287,132.651,0.84672,12.849,0.84672,3695.15,0,36.966,0.355266,4.1076,1.97328,13.8482,1.08744,18.4864,0.42336,36.966,0.42336,423.524,0,1.02816,0,0,5.13576,4.1076,1.028160,1,0,151.819,0,0,0,151.819,0
63.4854,2.1606,0,0,5.22854,0.267522,0.36288,3.6288,61.308,0.603079,0,0,2.02612,0.244648,1.1784,0.66528,12.849,1,0.45475,0.36288,0,115.278,4.53978,110.647,0.84672,12.849,0.84672,3695.15,0,36.966,0.36363,2.03601,1.97353,11.7977,1.10486,14.3388,0.42336,36.966,0.42336,423.524,0,1.02816,0,0,3.06417,2.03601,1.028160,1,0,126.164,0,0,0,126.164,0
64.4932,2.17545,0,0,3.8185,0.272358,0.36288,3.6288,61.308,0.603222,0,0,1.20782,0.250617,0.353981,0.66528,12.849,1,0.440295,0.36288,0,122.099,4.40202,117.619,0.84672,12.849,0.84672,3695.15,0,36.966,0.363716,1.05681,2.03135,8.83086,1.05483,10.5005,0.42336,36.966,0.42336,423.524,0,1.02816,0,0,2.08497,1.05681,1.028160,1,0,128.474,0,0,0,128.474,0
65.1791,2.18152,0,0,3.50481,0.274589,0.36288,3.6288,61.308,0.603366,0,0,1.15713,0.250617,0.303146,0.66528,12.849,1,0.434624,0.36288,0,91.1365,4.40202,86.6627,0.84672,12.849,0.84672,3695.15,0,36.966,0.363803,1.24011,2.0316,7.91744,1.05483,9.77052,0.42336,36.966,0.42336,423.524,0,1.02816,0,0,2.26827,1.24011,1.028160,1,0,96.7364,0,0,0,96.7364,0
65.5472,2.18567,0,0,3.19707,0.280405,0.36288,3.6288,61.308,0.603509,0,0,0.983707,0.21737,0.162827,0.66528,12.849,1,0.430869,0.36288,0,83.4132,3.88596,79.4592,0.84672,12.849,0.84672,3695.15,0,36.966,0.363889,1.06046,2.03186,7.06406,0.916935,8.87555,0.42336,36.966,0.42336,423.524,0,1.02816,0,0,2.08862,1.06046,1.028160,1,0,88.4976,0,0,0,88.4976,0
66.7421,2.4261,0,0,4.25569,0.271788,0.36288,3.6288,61.308,0.66528,0,0,1.17946,0.231164,0.283019,0.66528,12.849,1,0.47558,0.36288,0,92.7089,3.97943,88.6168,0.84672,12.849,0.84672,3695.15,0,36.966,0.501456,1.42908,2.03211,8.96702,0.979162,10.9476,0.42336,36.966,0.42336,423.524,0,1.02816,0,0,2.45724,1.42908,1.028160,1,0,99.8474,0,0,0,99.8474,0
67.2544,2.4336,0,0,3.56332,0.254502,0.36288,3.6288,61.308,0.66528,0,0,1.05213,0.259878,0.12697,0.66528,12.849,1,0.468511,0.36288,0,88.4814,4.19422,84.1815,0.84672,12.849,0.84672,3695.15,0,36.966,0.501713,1.36696,2.23955,7.64882,1.10194,9.65168,0.42336,36.966,0.42336,423.524,0,1.02816,0,0,2.39512,1.36696,1.028160,1,0,93.9602,0,0,0,93.9602,0
69.2352,2.43697,0,0,5.0361,0.255535,0.36288,3.6288,61.308,0.66528,0,0,1.10529,0.259878,0.180131,0.66528,12.849,1,0.465584,0.36288,0,127.399,4.19422,123.102,0.84672,12.849,0.84672,3695.15,0,36.966,0.501971,1.40404,2.23983,8.43558,1.10194,10.4755,0.42336,36.966,0.42336,423.524,0,1.02816,0,0,2.4322,1.40404,1.028160,1,0,133.758,0,0,0,133.758,0
70.1561,2.44857,0,0,3.99189,0.259528,0.36288,3.6288,61.308,0.66528,0,0,1.56532,0.259878,0.64016,0.66528,12.849,1,0.454417,0.36288,0,99.0619,4.19422,94.7762,0.84672,12.849,0.84672,3695.15,0,36.966,0.502228,1.8933,2.24011,8.57606,1.10194,11.1053,0.42336,36.966,0.42336,423.524,0,1.02816,0,0,2.92146,1.8933,1.028160,1,0,106.522,0,0,0,106.522,0
71.8231,2.11052,0,0,4.45616,0.315761,0.36288,3.6288,61.308,0.561723,0,0,1.12986,0.248946,0.319192,0.66528,12.849,1,0.38654,0.36288,0,114.572,4.22866,110.319,0.84672,12.849,0.84672,3695.15,0,36.966,0.338694,1.20061,2.24039,7.94094,1.09223,9.95101,0.42336,36.966,0.42336,423.524,0,1.02816,0,0,2.22877,1.20061,1.028160,1,0,120.589,0,0,0,120.589,0
72.29,2.11846,0,0,5.66066,0.327755,2.74751,3.6288,61.308,0.561861,0,0,0.82328,0.24171,0.0197084,0.66528,12.849,1,0.378988,2.74751,0,115.283,4.20798,113.443,0.84672,12.849,0.84672,3695.15,0,36.966,0.338777,1.2344,1.95797,8.67542,1.03899,10.49,0.42336,36.966,0.42336,423.524,0,1.02816,0,0,2.26256,1.2344,1.028160,1,0,123.953,0,0,0,123.953,0
72.29,2.12086,0,0,5.77079,0.32892,3.32101,3.6288,61.308,0.561999,0,0,1.00247,0.24171,0.198764,0.66528,12.849,1,0.376967,3.32101,0,124.037,4.20798,122.773,0.84672,12.849,0.84672,3695.15,0,36.966,0.33886,1.51519,1.95821,9.79016,1.03899,11.8857,0.42336,36.966,0.42336,423.524,0,1.02816,0,0,2.54335,1.51519,1.028160,1,0,134.857,0,0,0,134.857,0
72.29,2.12118,0,0,5.3713,0.294936,2.95518,3.6288,61.308,0.562137,0,0,0.876787,0.223661,0.0909888,0.66528,12.849,1,0.377024,2.95518,0,135.311,3.9464,133.943,0.84672,12.849,0.84672,3695.15,0,36.966,0.338944,1.34945,1.95845,8.70523,1.00141,10.6728,0.42336,36.966,0.42336,423.524,0,1.02816,0,0,2.37761,1.34945,1.028160,1,0,144.707,0,0,0,144.707,0
72.29,2.12151,0,0,7.03061,0.261285,4.64782,3.6288,61.308,0.562275,0,0,1.81283,0.226639,1.02391,0.66528,12.849,1,0.377082,4.64782,0,138.03,4.18712,138.114,0.84672,12.849,0.84672,3695.15,0,36.966,0.339027,2.68892,1.9587,12.9766,1.03276,16.2524,0.42336,36.966,0.42336,423.524,0,1.02816,0,0,3.71708,2.68892,1.028160,1,0,155.39,0,0,0,155.39,0
72.29,2.20874,0,0,5.75498,0.319156,3.22709,3.6288,61.308,0.603243,0,0,1.29668,0.168399,0.525041,0.66528,12.849,1,0.392586,3.22709,0,116.701,3.48801,116.048,0.84672,12.849,0.84672,3695.15,0,36.966,0.363729,1.98762,1.95894,9.87422,0.94402,12.513,0.42336,36.966,0.42336,423.524,0,1.02816,0,0,3.01578,1.98762,1.028160,1,0,129.086,0,0,0,129.086,0
72.29,2.20907,0,0,4.75662,0.327769,2.21978,3.6288,61.308,0.603386,0,0,1.0894,0.158457,0.327557,0.66528,12.849,1,0.392646,2.21978,0,87.4688,3.30236,85.9935,0.84672,12.849,0.84672,3695.15,0,36.966,0.363815,1.63242,2.02893,7.84356,0.931339,10.2098,0.42336,36.966,0.42336,423.524,0,1.02816,0,0,2.66058,1.63242,1.028160,1,0,96.5309,0,0,0,96.5309,0
72.29,2.20941,0,0,4.48006,0.265031,2.00562,3.6288,61.308,0.60353,0,0,1.09291,0.202517,0.286861,0.66528,12.849,1,0.392706,2.00562,0,83.4901,4.00996,81.093,0.84672,12.849,0.84672,3695.15,0,36.966,0.363902,1.45959,2.02918,7.61011,1.04454,9.69044,0.42336,36.966,0.42336,423.524,0,1.02816,0,0,2.48775,1.45959,1.028160,1,0,91.0703,0,0,0,91.0703,0
72.29,2.20974,0,0,3.80508,0.263577,1.33176,3.6288,61.3076,0.603674,0,0,0.87035,0.267055,0,0.66528,12.849,1,0.392765,1.33176,0,77.3496,5.81248,72.4761,0.84672,12.849,0.84672,3695.15,0,36.966,0.363988,1.14293,2.02943,6.55785,1.24284,8.12338,0.42336,36.966,0.42336,423.524,0,1.02816,0,0,2.17109,1.14293,1.028160,1,0,80.5995,0,0,0,80.5995,0
72.29,2.17608,0,0,3.56351,0.216718,1.17071,3.6288,61.308,0.587949,0,0,1.01588,0.242351,0.185204,0.66528,12.849,1,0.386782,1.17071,0,76.8398,4.3894,73.2344,0.84672,12.849,0.84672,3695.15,0,36.966,0.35451,1.30321,2.02968,5.97256,1.08402,7.86694,0.42336,36.966,0.42336,423.524,0,1.02816,0,0,2.33137,1.30321,1.028160,1,0,81.2865,0,0,0,81.2865,0
72.29,2.17641,0,0,2.99624,0.239307,0.580521,3.6288,61.308,0.588092,0,0,0.90104,0.241651,0.0712959,0.66528,12.849,1,0.386841,0.580521,0,58.1215,4.27056,54.0447,0.84672,12.849,0.84672,3695.15,0,36.966,0.354594,1.02358,2.00278,4.94455,1.07404,6.54228,0.42336,36.966,0.42336,423.524,0,1.02816,0,0,2.05174,1.02358,1.028160,1,0,60.6582,0,0,0,60.6582,0
71.9435,2.17674,0,0,2.4324,0.239307,0.36288,3.6288,61.2764,0.588234,0,0,0.798319,0.241651,0,0.66528,12.849,1,0.386899,0.36288,0,49.4874,4.27056,45.1928,0.84672,12.849,0.84672,3695.15,0,36.966,0.354679,0.845191,2.00303,4.25063,1.07404,5.67013,0.42336,36.966,0.42336,423.524,0,1.02816,0,0,1.87335,0.845191,1.028160,1,0,50.863,0,0,0,50.863,0
71.336,2.17549,0,0,2.16962,0.238678,0.36288,3.6288,61.1017,0.610982,0,0,0.677862,0.241603,0,0.66528,12.849,1,0.38854,0.36288,0,47.1995,4.27056,42.9033,0.84672,12.849,0.84672,3695.15,0,36.966,0.368585,0.402797,2.00328,3.99677,1.07404,4.96022,0.42336,36.966,0.42336,423.524,0,0.991734,0,0,1.39453,0.402797,1.028160,1,0,47.8635,0,0,0,47.8635,0
71.0876,2.28826,0,0,2.63035,0.227661,0.36288,3.6288,61.0149,0.643996,0,0,0.801361,0.244126,0,0.66528,12.849,1,0.412159,0.36288,0,53.7211,4.32937,49.3424,0.84672,12.849,0.84672,3695.15,0,36.966,0.389612,0.476557,2.00353,4.67486,1.0818,5.68353,0.42336,36.966,0.42336,423.524,0,1.02816,0,0,1.50472,0.476557,1.028160,1,0,55.026,0,0,0,55.026,0
70.5388,2.28738,0,0,2.26931,0.167858,0.36288,3.6288,60.9956,0.643801,0,0,0.885133,0.260722,0,0.66528,12.849,1,0.413442,0.36288,0,48.2703,4.68227,43.5375,0.84672,12.849,0.84672,3695.15,0,36.966,0.390048,0.692626,2.09898,3.74198,1.12838,5.01516,0.42336,36.966,0.42336,423.524,0,1.02816,0,0,1.72079,0.692626,1.028160,1,0,48.5526,0,0,0,48.5526,0
69.8778,2.28501,0,0,2.15407,0.167152,0.36288,3.6288,60.8988,0.643872,0,0,0.807823,0.26069,0,0.66528,12.849,1,0.416226,0.36288,0,43.7432,4.68227,39.0076,0.84672,12.849,0.84672,3695.15,0,36.966,0.390215,0.506753,2.09924,3.51224,1.12838,4.59964,0.42336,36.966,0.42336,423.524,0,1.02816,0,0,1.53491,0.506753,1.028160,1,0,43.6072,0,0,0,43.6072,0
69.0547,2.28203,0,0,1.95272,0.130971,0.36288,3.6288,60.7423,0.643636,0,0,0.77118,0.284078,0,0.66528,12.849,1,0.419615,0.36288,0,38.5699,4.95001,33.5632,0.84672,12.849,0.84672,3695.15,0,36.966,0.390691,0.456589,2.0995,3.42098,1.19679,4.3896,0.42336,36.966,0.42336,423.524,0,1.02816,0,0,1.48475,0.456589,1.028160,1,0,37.9528,0,0,0,37.9528,0
68.1428,2.27815,0,0,1.84527,0.116095,0.36288,3.6288,60.5426,0.643158,0,0,0.736672,0.293206,0,0.66528,12.849,1,0.423896,0.36288,0,37.3302,5.05712,32.212,0.84672,12.849,0.84672,3695.15,0,36.966,0.391408,0.356046,2.09976,3.4115,1.22415,4.25175,0.42336,36.966,0.42336,423.524,0,1.02816,0,0,1.38421,0.356046,1.028160,1,0,36.4638,0,0,0,36.4638,0
67.4354,2.25108,0,0,2.02466,0.118116,0.36288,3.6288,60.2441,0.66528,0,0,0.6581,0.291363,0,0.66528,12.849,1,0.424464,0.36288,0,41.0401,5.4425,35.536,0.84672,12.849,0.84672,3695.15,0,36.966,0.419158,0.544069,2.10003,3.93986,1.32979,4.83501,0.42336,36.966,0.42336,423.524,0,1.02816,0,0,1.57223,0.544069,1.028160,1,0,40.371,0,0,0,40.371,0
66.6062,2.24768,0,0,1.89934,0.117933,0.36288,3.6288,59.9191,0.66528,0,0,0.630891,0.290566,0,0.66528,12.849,1,0.428269,0.36288,0,37.8845,5.50672,32.3124,0.84672,12.849,0.84672,3695.15,0,36.966,0.419404,0.529148,2.13359,3.87516,1.3474,4.7711,0.42336,36.966,0.42336,423.524,0,1.02816,0,0,1.55731,0.529148,1.028160,1,0,37.0835,0,0,0,37.0835,0
65.6876,2.24355,0,0,1.80499,0.117163,0.36288,3.6288,59.5464,0.66528,0,0,0.582521,0.289965,0,0.66528,12.849,1,0.432803,0.36288,0,34.6226,5.50672,29.0459,0.84672,12.849,0.84672,3695.15,0,36.966,0.41965,0.34236,2.13386,3.77461,1.3474,4.48378,0.42336,36.966,0.42336,423.524,0,1.02816,0,0,1.37052,0.34236,1.028160,1,0,33.5297,0,0,0,33.5297,0
64.7173,2.23883,0,0,1.74769,0.116309,0.36288,3.6288,59.1517,0.66528,0,0,0.559875,0.289276,0,0.66528,12.849,1,0.437932,0.36288,0,30.9167,5.50672,25.3349,0.84672,12.849,0.84672,3695.15,0,36.966,0.419896,0.272229,2.13412,3.75945,1.3474,4.39851,0.42336,36.966,0.42336,423.524,0,1.02816,0,0,1.30039,0.272229,1.028160,1,0,29.7334,0,0,0,29.7334,0
63.7288,2.29171,0,0,1.74942,0.0833806,0.36288,3.6288,58.7318,0.66528,0,0,0.566039,0.320663,0,0.66528,12.849,1,0.454996,0.36288,0,30.7632,5.76537,24.9058,0.84672,12.849,0.84672,3695.15,0,36.966,0.4644,0.32095,2.13439,3.69977,1.47769,4.21302,0.42336,36.966,0.42336,423.524,0,1.02816,0,0,1.34911,0.32095,1.028160,1,0,29.1188,0,0,0,29.1188,0
62.8101,2.28618,0,0,1.81609,0.0856576,0.36288,3.6288,58.3459,0.66528,0,0,0.601103,0.321721,0,0.66528,12.849,1,0.460939,0.36288,0,30.7855,5.75589,24.9316,0.84672,12.849,0.84672,3695.15,0,36.966,0.464652,0.526228,2.18188,3.74938,1.44151,4.55132,0.42336,36.966,0.42336,423.524,0,1.02816,0,0,1.55439,0.526228,1.028160,1,0,29.4829,0,0,0,29.4829,0
61.7427,2.28093,0,0,1.66135,0.0850191,0.36288,3.6288,57.9246,0.66528,0,0,0.56496,0.320923,0,0.66528,12.849,1,0.466606,0.36288,0,28.9454,5.75589,23.0858,0.84672,12.849,0.84672,3695.15,0,36.966,0.464905,0.497033,2.18215,3.81634,1.44151,4.58911,0.42336,36.966,0.42336,423.524,0,1.02816,0,0,1.52519,0.497033,1.028160,1,0,27.6749,0,0,0,27.6749,0
60.5252,2.27459,0,0,1.50427,0.0842771,0.36288,3.6288,57.4791,0.66528,0,0,0.539793,0.320052,0,0.66528,12.849,1,0.473355,0.36288,0,27.2608,5.75589,21.3945,0.84672,12.849,0.84672,3695.15,0,36.966,0.465157,0.341557,2.18242,3.54838,1.44151,4.16569,0.42336,36.966,0.42336,423.524,0,1.02816,0,0,1.36972,0.341557,1.028160,1,0,25.5602,0,0,0,25.5602,0
58.9726,2.43515,0,0,1.31552,0.0700387,0.36288,3.6288,57.0231,0.66528,0,0,0.535966,0.326713,0,0.66528,12.849,1,0.516962,0.36288,0,25.9581,5.98022,19.8238,0.84672,12.849,0.84672,3695.15,0,36.966,0.625242,0.319697,2.1827,3.58634,1.48633,3.97716,0.42336,36.966,0.42336,423.524,0,1.02816,0,0,1.34786,0.319697,1.028160,1,0,23.801,0,0,0,23.801,0
57.6103,2.42434,0,0,1.50043,0.0755802,0.36288,3.6288,56.4684,0.727056,0,0,0.515256,0.342846,0,0.66528,12.849,1,0.528216,0.36288,0,25.3323,6.20309,18.9639,0.84672,12.849,0.84672,3695.15,0,36.966,0.625516,0.227405,2.34464,3.53068,1.48382,3.99339,0.42336,36.966,0.42336,423.524,0,0.966384,0,0,1.19379,0.227405,1.028160,1,0,22.9573,0,0,0,22.9573,0
56.405,2.41448,0,0,1.64666,0.0745857,0.36288,3.6288,56.0978,0.66528,0,0,0.63626,0.341611,0,0.66528,12.849,1,0.53851,0.36288,0,32.5793,6.20309,26.2006,0.84672,12.849,0.84672,3695.15,0,36.966,0.62579,0.454991,2.34493,3.85155,1.48382,4.54187,0.42336,36.966,0.42336,423.524,0,1.02816,0,0,1.48315,0.454991,1.028160,1,0,30.7424,0,0,0,30.7424,0
54.8858,2.40547,0,0,1.32286,0.0737059,0.36288,3.6288,55.3491,0.868165,0,0,0.460202,0.340785,0,0.66528,12.849,1,0.547964,0.36288,0,31.8353,6.20309,25.4471,0.84672,12.849,0.84672,3695.15,0,36.966,0.626065,0.204422,2.34523,3.09193,1.48382,3.5317,0.42336,36.966,0.42336,423.524,0,0.825275,0,0,1.0297,0.204422,1.028160,1,0,28.9788,0,0,0,28.9788,0
53.7042,2.39354,0,0,1.64748,0.0725969,0.36288,3.6288,55.1312,0.66528,0,0,0.786566,0.339117,0,0.66528,12.849,1,0.560338,0.36288,0,29.0754,6.20309,22.6749,0.84672,12.849,0.84672,3695.15,0,36.966,0.626339,0.919633,2.34552,4.78073,1.48382,5.93573,0.42336,36.966,0.42336,423.524,0,1.02816,0,0,1.94779,0.919633,1.028160,1,0,28.6106,0,0,0,28.6106,0
52.3209,2.30377,0,0,1.33751,0.0541541,0.36288,3.6288,54.8543,0.66528,0,0,0.686067,0.297699,0,0.66528,12.849,1,0.551188,0.36288,0,23.9579,5.38884,18.3808,0.84672,12.849,0.84672,3695.15,0,36.966,0.529535,0.669868,2.34582,4.43497,1.281,5.64012,0.42336,36.966,0.42336,423.524,0,1.02816,0,0,1.69803,0.669868,1.028160,1,0,24.0209,0,0,0,24.0209,0
50.7761,2.29241,0,0,1.15544,0.0449668,0.36288,3.6288,54.5293,0.66528,0,0,0.630353,0.290072,0,0.66528,12.849,1,0.562972,0.36288,0,21.275,5.32192,15.7529,0.84672,12.849,0.84672,3695.15,0,36.966,0.529796,0.464547,2.25249,4.11392,1.30061,5.00055,0.42336,36.966,0.42336,423.524,0,1.02816,0,0,1.49271,0.464547,1.028160,1,0,20.7535,0,0,0,20.7535,0
49.7031,2.27909,0,0,1.66183,0.092913,0.36288,3.6288,54.3935,0.66528,0,0,0.775353,0.245916,0,0.66528,12.849,1,0.576728,0.36288,0,24.83,4.69904,19.9171,0.84672,12.849,0.84672,3695.15,0,36.966,0.530058,0.653892,2.25277,4.5269,1.10591,5.79759,0.42336,36.966,0.42336,423.524,0,1.02816,0,0,1.68205,0.653892,1.028160,1,0,25.7147,0,0,0,25.7147,0
50.9746,2.26954,0,0,4.05995,0.156021,0.36288,3.6288,55.1337,0.66528,0,0,1.59324,0.187701,0,0.66528,12.849,1,0.586709,0.36288,0,74.8818,3.86852,70.7895,0.84672,12.849,0.84672,3695.15,0,36.966,0.530319,1.65099,2.25305,12.0576,0.846323,14.585,0.42336,36.966,0.42336,423.524,0,1.02816,0,0,2.67915,1.65099,1.028160,1,0,85.3745,0,0,0,85.3745,0
50.7246,2.21639,0,0,2.48988,0.160642,0.36288,3.6288,55.2195,0.662952,0,0,0.932265,0.183571,0,0.66528,12.849,1,0.558678,0.36288,0,57.2988,3.8063,53.2967,0.84672,12.849,0.84672,3695.15,0,36.966,0.444495,1.17537,2.25334,5.53693,0.874674,7.64646,0.42336,36.966,0.42336,423.524,0,1.02816,0,0,2.20353,1.17537,1.028160,1,0,60.9432,0,0,0,60.9432,0
50.7589,2.21453,0,0,2.77828,0.166495,0.36288,3.6288,55.7243,0.663514,0,0,1.3394,0.171047,0,0.66528,12.849,1,0.56096,0.36288,0,80.4211,3.65074,76.5723,0.84672,12.849,0.84672,3695.15,0,36.966,0.444182,1.56,2.17002,8.79699,0.945549,11.1373,0.42336,36.966,0.42336,423.524,0,1.02816,0,0,2.58816,1.56,1.028160,1,0,87.7096,0,0,0,87.7096,0
51.3797,2.21516,0,0,3.36532,0.166555,0.36288,3.6288,56.1644,0.66528,0,0,1.277,0.171614,0,0.66528,12.849,1,0.560741,0.36288,0,79.6496,3.65074,75.801,0.84672,12.849,0.84672,3695.15,0,36.966,0.442665,1.76704,2.17029,9.29387,0.945549,11.843,0.42336,36.966,0.42336,423.524,0,1.02816,0,0,2.7952,1.76704,1.028160,1,0,87.6439,0,0,0,87.6439,0
52.9494,2.22092,0,0,4.32117,0.167639,0.36288,3.6288,56.9444,0.66528,0,0,1.61741,0.172109,0,0.66528,12.849,1,0.555406,0.36288,0,79.9217,3.65074,76.0785,0.84672,12.849,0.84672,3695.15,0,36.966,0.442915,2.27836,2.17056,11.23,0.945549,14.2905,0.42336,36.966,0.42336,423.524,0,1.02816,0,0,3.30652,2.27836,1.028160,1,0,90.3689,0,0,0,90.3689,0
56.2482,2.04789,0,0,5.8989,0.189334,0.36288,3.6288,58.1034,0.56041,0,0,1.83209,0.112732,0,0.66528,12.849,1,0.496954,0.36288,0,65.1865,3.3883,61.6641,0.84672,12.849,0.84672,3695.15,0,36.966,0.363795,2.55515,2.17083,12.9703,0.893025,16.4394,0.42336,36.966,0.42336,423.524,0,1.02816,0,0,3.58331,2.55515,1.028160,1,0,78.1035,0,0,0,78.1035,0
60.0358,2.07193,0,0,6.44667,0.224248,0.36288,3.6288,61.1325,0.564982,0,0,3.83644,0.242302,0,0.66528,12.849,1,0.4733,0.36288,0,139.197,4.54566,134.541,0.84672,12.849,0.84672,3695.15,0,36.966,0.359447,4.68764,1.9853,16.1925,1.1884,21.3176,0.42336,36.966,0.42336,423.524,0,1.02816,0,0,5.7158,4.68764,1.028160,1,0,155.859,0,0,0,155.859,0
63.0042,2.09685,0,0,5.66081,0.232673,0.36288,3.6288,61.308,0.576221,0,0,3.42559,0.247038,2.42687,0.66528,12.849,1,0.448773,0.36288,0,129.692,4.54566,125.061,0.84672,12.849,0.84672,3695.15,0,36.966,0.348433,4.62121,1.98555,17.3648,1.1884,22.4347,0.42336,36.966,0.42336,423.524,0,1.02816,0,0,5.64937,4.62121,1.028160,1,0,149.922,0,0,0,149.922,0
65.5046,2.11473,0,0,5.21658,0.238529,0.36288,3.6288,61.308,0.576983,0,0,3.18172,0.247313,2.35743,0.66528,12.849,1,0.431276,0.36288,0,129.225,4.54566,124.611,0.84672,12.849,0.84672,3695.15,0,36.966,0.347895,4.08388,1.98579,18.7739,1.18972,23.3059,0.42336,36.966,0.42336,423.524,0,1.02816,0,0,5.11204,4.08388,1.028160,1,0,150.274,0,0,0,150.274,0
70.2462,2.12882,0,0,7.44638,0.213145,0.36288,3.6288,61.308,0.577123,0,0,5.51549,0.237227,4.70114,0.66528,12.849,1,0.417577,0.36288,0,158.999,4.50806,154.437,0.84672,12.849,0.84672,3695.15,0,36.966,0.347979,5.08683,1.98604,21.749,1.1439,27.3299,0.42336,36.966,0.42336,423.524,0,1.02816,0,0,6.11499,5.08683,1.028160,1,0,186.468,0,0,0,186.468,0
72.29,2.22842,0,0,6.61966,0.256385,2.091,3.6288,61.308,0.610565,0,0,2.37597,0.223443,1.54197,0.66528,12.849,1,0.40761,2.091,0,117.405,3.92344,115.165,0.84672,12.849,0.84672,3695.15,0,36.966,0.368143,3.21729,1.98629,14.4628,1.03908,18.2592,0.42336,36.966,0.42336,423.524,0,1.02816,0,0,4.24545,3.21729,1.028160,1,0,134.966,0,0,0,134.966,0
72.29,2.23853,0,0,7.98255,0.301267,5.44275,3.6288,61.308,0.610702,0,0,2.50386,0.214555,1.67861,0.66528,12.849,1,0.397882,5.44275,0,172.803,3.71941,174.129,0.84672,12.849,0.84672,3695.15,0,36.966,0.368226,5.89833,2.0445,18.6401,1.00138,25.2133,0.42336,36.966,0.42336,423.524,0,1.02816,0,0,6.92649,5.89833,1.028160,1,0,201.021,0,0,0,201.021,0
72.29,2.23885,0,0,6.60874,0.301267,4.06862,3.6288,61.308,0.610839,0,0,3.17123,0.214555,2.34583,0.66528,12.849,1,0.397939,4.06862,0,159.678,3.71941,159.629,0.84672,12.849,0.84672,3695.15,0,36.966,0.368309,4.13603,2.04474,13.2803,1.00138,18.0914,0.42336,36.966,0.42336,423.524,0,1.02816,0,0,5.16419,4.13603,1.028160,1,0,180.066,0,0,0,180.066,0
72.29,2.23917,0,0,7.47662,0.300825,4.93663,3.6288,61.308,0.610976,0,0,2.15263,0.204214,1.33744,0.66528,12.849,1,0.397996,4.93663,0,163.206,3.58588,164.159,0.84672,12.849,0.84672,3695.15,0,36.966,0.368391,3.06013,2.04498,9.48888,0.973204,13.2524,0.42336,36.966,0.42336,423.524,0,1.02816,0,0,4.08829,3.06013,1.028160,1,0,178.749,0,0,0,178.749,0
72.29,2.48297,0,0,5.89944,0.302668,3.1138,3.6288,61.308,0.66528,0,0,1.53837,0.175285,0.697805,0.66528,12.849,1,0.44133,3.1138,0,135.845,3.26446,135.253,0.84672,12.849,0.84672,3695.15,0,36.966,0.514819,2.41714,2.04522,9.90732,0.886632,12.9682,0.42336,36.966,0.42336,423.524,0,1.02816,0,0,3.4453,2.41714,1.028160,1,0,148.919,0,0,0,148.919,0
72.29,2.48333,0,0,4.55342,0.320353,1.74974,3.6288,61.308,0.66528,0,0,1.39965,0.156834,0.577531,0.66528,12.849,1,0.441393,1.74974,0,125.899,3.33889,123.868,0.84672,12.849,0.84672,3695.15,0,36.966,0.515065,2.2152,2.25412,8.83682,0.789891,12.0012,0.42336,36.966,0.42336,423.524,0,1.02816,0,0,3.24336,2.2152,1.028160,1,0,136.447,0,0,0,136.447,0
72.29,2.48368,0,0,4.63112,0.320353,1.82708,3.6288,61.308,0.66528,0,0,1.07183,0.156834,0.249713,0.66528,12.849,1,0.441455,1.82708,0,84.507,3.33889,82.5537,0.84672,12.849,0.84672,3695.15,0,36.966,0.51531,1.25063,2.25438,8.17793,0.789891,10.3777,0.42336,36.966,0.42336,423.524,0,1.02816,0,0,2.27879,1.25063,1.028160,1,0,93.1812,0,0,0,93.1812,0
72.29,2.48403,0,0,6.1358,0.317755,3.33401,3.6288,61.308,0.66528,0,0,1.61553,0.162367,0.787886,0.66528,12.849,1,0.441518,3.33401,0,122.239,3.46994,121.661,0.84672,12.849,0.84672,3695.15,0,36.966,0.515556,2.71551,2.25465,9.44482,0.830887,13.0685,0.42336,36.966,0.42336,423.524,0,1.02816,0,0,3.74367,2.71551,1.028160,1,0,135.518,0,0,0,135.518,0
72.29,2.13693,0,0,6.18363,0.303561,3.74314,3.6288,61.308,0.568857,0,0,1.92835,0.187896,1.1716,0.66528,12.849,1,0.379823,3.74314,0,123.929,4.18583,123.106,0.84672,12.849,0.84672,3695.15,0,36.966,0.342996,3.59888,2.25492,10.8789,1.059,15.3307,0.42336,36.966,0.42336,423.524,0,1.02816,0,0,4.62704,3.59888,1.028160,1,0,139.608,0,0,0,139.608,0
72.29,2.13724,0,0,5.83146,0.311899,3.38233,3.6288,61.308,0.568989,0,0,1.54329,0.141896,0.832409,0.66528,12.849,1,0.379878,3.38233,0,142.307,3.76373,141.546,0.84672,12.849,0.84672,3695.15,0,36.966,0.343075,3.10195,1.97049,9.45017,0.951825,13.2277,0.42336,36.966,0.42336,423.524,0,1.02816,0,0,4.13011,3.10195,1.028160,1,0,155.606,0,0,0,155.606,0
72.29,2.13755,0,0,5.50058,0.311899,3.05113,3.6288,61.308,0.569121,0,0,1.38628,0.141896,0.675263,0.66528,12.849,1,0.379932,3.05113,0,130.542,3.76373,129.449,0.84672,12.849,0.84672,3695.15,0,36.966,0.343154,3.68456,1.97072,9.60932,0.951825,13.9696,0.42336,36.966,0.42336,423.524,0,1.02816,0,0,4.71272,3.68456,1.028160,1,0,144.094,0,0,0,144.094,0
72.29,2.13785,0,0,8.03045,0.311899,5.58069,3.6288,61.308,0.569252,0,0,1.70074,0.141896,0.989592,0.66528,12.849,1,0.379987,5.58069,0,188.088,3.76373,189.525,0.84672,12.849,0.84672,3695.15,0,36.966,0.343234,4.09047,1.97096,12.36,0.951825,17.1263,0.42336,36.966,0.42336,423.524,0,1.02816,0,0,5.11863,4.09047,1.028160,1,0,207.641,0,0,0,207.641,0
72.29,2.13816,0,0,7.83821,0.311155,5.38889,3.6288,61.308,0.569384,0,0,1.62981,0.13793,0.922501,0.66528,12.849,1,0.380042,5.38889,0,189.098,3.83988,190.267,0.84672,12.849,0.84672,3695.15,0,36.966,0.343313,3.9929,1.97119,13.717,0.989421,18.3484,0.42336,36.966,0.42336,423.524,0,1.02816,0,0,5.02106,3.9929,1.028160,1,0,209.537,0,0,0,209.537,0
72.29,2.22599,0,0,12.897,0.339617,10.3314,3.6288,61.308,0.610631,0,0,2.41412,0.148108,1.65538,0.66528,12.849,1,0.395652,10.3314,0,305.644,3.75307,311.827,0.84672,12.849,0.84672,3695.15,0,36.966,0.368183,4.78769,1.97142,19.8678,0.969148,25.2895,0.42336,36.966,0.42336,423.524,0,1.02816,0,0,5.81585,4.78769,1.028160,1,0,338.772,0,0,0,338.772,0
72.29,2.22631,0,0,10.0013,0.325265,7.44975,3.6288,61.308,0.610768,0,0,1.59121,0.138018,0.842425,0.66528,12.849,1,0.395709,7.44975,0,187.413,3.76036,190.706,0.84672,12.849,0.84672,3695.15,0,36.966,0.368266,3.52827,2.04188,15.3141,0.960873,19.5551,0.42336,36.966,0.42336,423.524,0,1.02816,0,0,4.55643,3.52827,1.028160,1,0,211.104,0,0,0,211.104,0
72.29,2.22663,0,0,8.02224,0.325265,5.47035,3.6288,61.308,0.610905,0,0,1.47311,0.138018,0.724188,0.66528,12.849,1,0.395766,5.47035,0,152.066,3.76036,153.38,0.84672,12.849,0.84672,3695.15,0,36.966,0.368349,3.06223,2.04212,13.1925,0.960873,16.9676,0.42336,36.966,0.42336,423.524,0,1.02816,0,0,4.09039,3.06223,1.028160,1,0,171.072,0,0,0,171.072,0
72.29,2.22695,0,0,7.4552,0.325265,4.90298,3.6288,61.308,0.611042,0,0,1.72687,0.138018,0.977808,0.66528,12.849,1,0.395823,4.90298,0,153.239,3.76036,153.986,0.84672,12.849,0.84672,3695.15,0,36.966,0.368431,3.09767,2.04236,16.6476,0.960873,20.4584,0.42336,36.966,0.42336,423.524,0,1.02816,0,0,4.12583,3.09767,1.028160,1,0,175.422,0,0,0,175.422,0
72.29,2.19303,0,0,6.65107,0.26888,4.18916,3.6288,61.308,0.595202,0,0,1.46915,0.185498,0.688454,0.66528,12.849,1,0.389795,4.18916,0,125.452,4.03524,125.216,0.84672,12.849,0.84672,3695.15,0,36.966,0.35888,2.72021,2.0426,11.6803,1.03464,15.0496,0.42336,36.966,0.42336,423.524,0,1.02816,0,0,3.74837,2.72021,1.028160,1,0,140.954,0,0,0,140.954,0
72.29,2.19335,0,0,5.88035,0.233876,3.45313,3.6288,61.308,0.595337,0,0,1.29963,0.211947,0.492345,0.66528,12.849,1,0.389851,3.45313,0,116.398,4.5633,114.898,0.84672,12.849,0.84672,3695.15,0,36.966,0.358962,2.02543,2.0155,9.64431,1.15147,12.1748,0.42336,36.966,0.42336,423.524,0,1.02816,0,0,3.05359,2.02543,1.028160,1,0,127.565,0,0,0,127.565,0
72.29,2.19366,0,0,5.60702,0.233876,3.17948,3.6288,61.308,0.595472,0,0,1.21757,0.211947,0.410155,0.66528,12.849,1,0.389907,3.17948,0,102.425,4.5633,100.652,0.84672,12.849,0.84672,3695.15,0,36.966,0.359043,1.88379,2.01574,9.08669,1.15147,11.4757,0.42336,36.966,0.42336,423.524,0,1.02816,0,0,2.91195,1.88379,1.028160,1,0,112.538,0,0,0,112.538,0
72.29,2.19398,0,0,5.25847,0.237881,2.82661,3.6288,61.308,0.595607,0,0,1.16493,0.208007,0.361317,0.66528,12.849,1,0.389963,2.82661,0,95.7683,4.30434,93.9007,0.84672,12.849,0.84672,3695.15,0,36.966,0.359125,1.78056,2.01598,8.52699,1.07835,10.886,0.42336,36.966,0.42336,423.524,0,1.02816,0,0,2.80872,1.78056,1.028160,1,0,105.148,0,0,0,105.148,0
72.29,2.31057,0,0,4.9657,0.22165,2.43349,3.6288,61.308,0.65243,0,0,1.19131,0.210272,0.328607,0.66528,12.849,1,0.410685,2.43349,0,89.9433,3.81456,88.1515,0.84672,12.849,0.84672,3695.15,0,36.966,0.393386,1.79374,2.01621,7.98656,0.929775,10.4734,0.42336,36.966,0.42336,423.524,0,1.02816,0,0,2.8219,1.79374,1.028160,1,0,98.9535,0,0,0,98.9535,0
72.29,2.3109,0,0,5.10683,0.205686,2.59025,3.6288,61.308,0.652573,0,0,1.47167,0.217994,0.601102,0.66528,12.849,1,0.410744,2.59025,0,74.9123,4.01846,73.0733,0.84672,12.849,0.84672,3695.15,0,36.966,0.393472,1.86852,2.11232,8.39687,0.98625,10.998,0.42336,36.966,0.42336,423.524,0,1.02816,0,0,2.89668,1.86852,1.028160,1,0,84.6724,0,0,0,84.6724,0
72.29,2.31123,0,0,4.3254,0.205686,1.80849,3.6288,61.308,0.652715,0,0,1.09747,0.217994,0.226761,0.66528,12.849,1,0.410803,1.80849,0,76.4675,4.01846,73.8467,0.84672,12.849,0.84672,3695.15,0,36.966,0.393558,1.48856,2.11257,7.68131,0.98625,9.90262,0.42336,36.966,0.42336,423.524,0,1.02816,0,0,2.51672,1.48856,1.028160,1,0,83.9761,0,0,0,83.9761,0
72.29,2.31156,0,0,4.00575,0.160456,1.53373,3.6288,61.308,0.652857,0,0,0.977564,0.220744,0.103963,0.66528,12.849,1,0.410862,1.53373,0,74.9166,4.45666,71.5828,0.84672,12.849,0.84672,3695.15,0,36.966,0.393644,1.10037,2.11282,7.16308,1.15125,8.83137,0.42336,36.966,0.42336,423.524,0,1.02816,0,0,2.12853,1.10037,1.028160,1,0,80.5181,0,0,0,80.5181,0
72.29,2.31189,0,0,3.72907,0.152918,1.26426,3.6288,61.308,0.653,0,0,0.910889,0.221202,0.0366871,0.66528,12.849,1,0.410921,1.26426,0,67.6763,4.5297,63.9999,0.84672,12.849,0.84672,3695.15,0,36.966,0.39373,0.854427,2.11306,7.07201,1.17875,8.46702,0.42336,36.966,0.42336,423.524,0,1.02816,0,0,1.88259,0.854427,1.028160,1,0,72.5036,0,0,0,72.5036,0
72.29,2.28921,0,0,3.96522,0.131094,1.54492,3.6288,61.308,0.66528,0,0,0.925214,0.224894,0.0350403,0.66528,12.849,1,0.40689,1.54492,0,54.8037,4.6281,51.3136,0.84672,12.849,0.84672,3695.15,0,36.966,0.431653,0.814406,2.11331,5.53011,1.13384,6.89234,0.42336,36.966,0.42336,423.524,0,1.02816,0,0,1.84257,0.814406,1.028160,1,0,58.241,0,0,0,58.241,0
72.29,2.28954,0,0,3.79287,0.122364,1.38097,3.6288,61.292,0.66528,0,0,0.875638,0.226371,0,0.66528,12.849,1,0.406948,1.38097,0,50.9092,4.66746,47.2158,0.84672,12.849,0.84672,3695.15,0,36.966,0.431888,0.634539,2.1471,4.77672,1.11588,6.01059,0.42336,36.966,0.42336,423.524,0,1.02816,0,0,1.6627,0.634539,1.028160,1,0,53.2264,0,0,0,53.2264,0
72.29,2.28987,0,0,3.44329,0.122364,1.03106,3.6288,61.2276,0.66528,0,0,0.827211,0.226348,0,0.66528,12.849,1,0.407007,1.03106,0,49.396,4.66746,45.3526,0.84672,12.849,0.84672,3695.15,0,36.966,0.432123,0.471424,2.14735,4.49006,1.11588,5.56083,0.42336,36.966,0.42336,423.524,0,1.02816,0,0,1.49958,0.471424,1.028160,1,0,50.9134,0,0,0,50.9134,0
72.29,2.2902,0,0,3.15286,0.112844,0.749818,3.6288,61.1014,0.66528,0,0,0.787303,0.248183,0,0.66528,12.849,1,0.407065,0.749818,0,43.5612,4.94976,38.9542,0.84672,12.849,0.84672,3695.15,0,36.966,0.432358,0.409899,2.1476,4.36053,1.21892,5.26675,0.42336,36.966,0.42336,423.524,0,1.02816,0,0,1.43806,0.409899,1.028160,1,0,44.221,0,0,0,44.221,0
72.29,2.34997,0,0,3.18909,0.0958289,0.743292,3.6288,60.8832,0.66528,0,0,0.757261,0.310221,0,0.66528,12.849,1,0.41769,0.743292,0,39.2971,5.71512,33.9075,0.84672,12.849,0.84672,3695.15,0,36.966,0.477154,0.460564,2.14786,4.24611,1.48515,4.89223,0.42336,36.966,0.42336,423.524,0,1.02816,0,0,1.48872,0.460564,1.028160,1,0,38.7998,0,0,0,38.7998,0
72.29,2.35031,0,0,3.20834,0.112795,0.74524,3.6288,60.6352,0.66528,0,0,0.745779,0.328423,0,0.66528,12.849,1,0.417749,0.74524,0,38.0195,5.86414,32.4828,0.84672,12.849,0.84672,3695.15,0,36.966,0.477395,0.612023,2.19566,4.46409,1.50669,5.28768,0.42336,36.966,0.42336,423.524,0,1.02816,0,0,1.64018,0.612023,1.028160,1,0,37.7705,0,0,0,37.7705,0
72.29,2.35064,0,0,2.83678,0.112795,0.373341,3.6288,60.3441,0.66528,0,0,0.702052,0.327907,0,0.66528,12.849,1,0.417809,0.373341,0,35.9147,5.86414,30.0061,0.84672,12.849,0.84672,3695.15,0,36.966,0.477635,0.442074,2.19592,4.18789,1.50669,4.84156,0.42336,36.966,0.42336,423.524,0,1.02816,0,0,1.47023,0.442074,1.028160,1,0,34.8476,0,0,0,34.8476,0
72.0366,2.35098,0,0,2.56346,0.102992,0.36288,3.6288,60.0415,0.66528,0,0,0.695123,0.332449,0,0.66528,12.849,1,0.417869,0.36288,0,34.0445,6.0137,27.9759,0.84672,12.849,0.84672,3695.15,0,36.966,0.477876,0.398209,2.19618,4.17861,1.53657,4.75855,0.42336,36.966,0.42336,423.524,0,1.02816,0,0,1.42637,0.398209,1.028160,1,0,32.7344,0,0,0,32.7344,0
71.1521,2.52416,0,0,2.10514,0.102604,0.36288,3.6288,59.7313,0.66528,0,0,0.680141,0.32505,0,0.66528,12.849,1,0.450228,0.36288,0,32.0274,6.04386,25.8962,0.84672,12.849,0.84672,3695.15,0,36.966,0.639044,0.378173,2.19644,3.99833,1.433,4.50091,0.42336,36.966,0.42336,423.524,0,1.02816,0,0,1.40633,0.378173,1.028160,1,0,30.3971,0,0,0,30.3971,0
69.9649,2.51978,0,0,1.82955,0.13409,0.36288,3.6288,59.3342,0.66528,0,0,0.583027,0.314815,0,0.66528,12.849,1,0.455033,0.36288,0,25.1078,6.0241,18.9916,0.84672,12.849,0.84672,3695.15,0,36.966,0.639305,0.239967,2.35948,3.49334,1.52711,3.92637,0.42336,36.966,0.42336,423.524,0,1.02816,0,0,1.26813,0.239967,1.028160,1,0,22.918,0,0,0,22.918,0
68.8289,2.51361,0,0,1.87802,0.137522,0.36288,3.6288,58.8653,0.71261,0,0,0.556673,0.312965,0,0.66528,12.849,1,0.461622,0.36288,0,22.444,6.03036,16.3149,0.84672,12.849,0.84672,3695.15,0,36.966,0.639567,0.227405,2.35976,3.52127,1.54775,3.92111,0.42336,36.966,0.42336,423.524,0,0.98083,0,0,1.20823,0.227405,1.028160,1,0,20.2361,0,0,0,20.2361,0
68.616,2.50754,0,0,2.79876,0.141272,0.36288,3.6288,58.5481,0.66528,0,0,0.659035,0.310969,0,0.66528,12.849,1,0.468109,0.36288,0,28.8912,6.00068,22.7853,0.84672,12.849,0.84672,3695.15,0,36.966,0.639828,0.427421,2.36004,3.85919,1.54411,4.46272,0.42336,36.966,0.42336,423.524,0,1.02816,0,0,1.45558,0.427421,1.028160,1,0,27.248,0,0,0,27.248,0
69.5747,2.50668,0,0,3.99184,0.163549,0.36288,3.6288,58.4333,0.66528,0,0,0.851688,0.301258,0,0.66528,12.849,1,0.469399,0.36288,0,42.3806,5.93714,36.3369,0.84672,12.849,0.84672,3695.15,0,36.966,0.64009,0.496696,2.36032,4.22542,1.52071,4.92163,0.42336,36.966,0.42336,423.524,0,1.02816,0,0,1.52486,0.496696,1.028160,1,0,41.2586,0,0,0,41.2586,0
69.7815,2.42805,0,0,3.12355,0.125886,0.36288,3.6288,58.391,0.66528,0,0,0.929612,0.306613,0,0.66528,12.849,1,0.448409,0.36288,0,45.5835,5.70726,39.7907,0.84672,12.849,0.84672,3695.15,0,36.966,0.542613,0.662602,2.3606,7.27676,1.48886,8.26849,0.42336,36.966,0.42336,423.524,0,1.02816,0,0,1.69076,0.662602,1.028160,1,0,48.0592,0,0,0,48.0592,0
70.6315,2.42951,0,0,3.79784,0.155447,0.36288,3.6288,58.4494,0.66528,0,0,1.00158,0.277902,0,0.66528,12.849,1,0.447351,0.36288,0,36.5862,5.1304,31.3713,0.84672,12.849,0.84672,3695.15,0,36.966,0.542862,0.724196,2.26662,7.38167,1.36696,8.46267,0.42336,36.966,0.42336,423.524,0,1.02816,0,0,1.75236,0.724196,1.028160,1,0,39.834,0,0,0,39.834,0
72.29,2.43442,0,0,5.91068,0.156469,1.66125,3.6288,59.1668,0.66528,0,0,1.66064,0.278006,0,0.66528,12.849,1,0.442859,1.66125,0,59.4744,5.1304,55.5624,0.84672,12.849,0.84672,3695.15,0,36.966,0.543111,1.9907,2.26689,13.167,1.36696,15.5145,0.42336,36.966,0.42336,423.524,0,1.02816,0,0,3.01886,1.9907,1.028160,1,0,71.0769,0,0,0,71.0769,0
72.29,2.44339,0,0,5.43688,0.158463,2.83502,3.6288,59.7495,0.66528,0,0,1.52732,0.27929,0,0.66528,12.849,1,0.434294,2.83502,0,107.758,5.1304,105.028,0.84672,12.849,0.84672,3695.15,0,36.966,0.54336,1.71436,2.26716,11.1293,1.36696,13.2005,0.42336,36.966,0.42336,423.524,0,1.02816,0,0,2.74252,1.71436,1.028160,1,0,118.229,0,0,0,118.229,0
72.29,2.37398,0,0,5.32082,0.262655,2.68419,3.6288,59.9926,0.66528,0,0,1.1508,0.242455,0,0.66528,12.849,1,0.421957,2.68419,0,71.4856,4.94869,68.7992,0.84672,12.849,0.84672,3695.15,0,36.966,0.454596,1.19613,2.26743,7.9024,1.34641,9.56496,0.42336,36.966,0.42336,423.524,0,1.02816,0,0,2.22429,1.19613,1.028160,1,0,78.3641,0,0,0,78.3641,0
72.29,2.37432,0,0,5.36977,0.259289,2.73616,3.6288,60.4758,0.66528,0,0,1.36054,0.212049,0,0.66528,12.849,1,0.422017,2.73616,0,89.7445,4.31361,87.7451,0.84672,12.849,0.84672,3695.15,0,36.966,0.454834,2.34033,2.18353,11.5119,1.01877,14.5622,0.42336,36.966,0.42336,423.524,0,1.02816,0,0,3.36849,2.34033,1.028160,1,0,102.307,0,0,0,102.307,0
72.29,2.37466,0,0,6.31597,0.259289,3.68202,3.6288,61.308,0.66528,0,0,2.22512,0.212702,0.514925,0.66528,12.849,1,0.422077,3.68202,0,105.788,4.31361,104.735,0.84672,12.849,0.84672,3695.15,0,36.966,0.455072,3.44029,2.18379,14.2769,1.01877,18.4271,0.42336,36.966,0.42336,423.524,0,1.02816,0,0,4.46845,3.44029,1.028160,1,0,123.677,0,0,0,123.677,0
72.29,2.37499,0,0,6.24979,0.269101,3.60569,3.6288,61.308,0.66528,0,0,1.79671,0.192345,0.939089,0.66528,12.849,1,0.422137,3.60569,0,106,4.32375,104.86,0.84672,12.849,0.84672,3695.15,0,36.966,0.45531,3.1613,2.18405,15.9963,1.08193,19.8044,0.42336,36.966,0.42336,423.524,0,1.02816,0,0,4.18946,3.1613,1.028160,1,0,125.603,0,0,0,125.603,0
72.29,2.17711,0,0,4.93494,0.3252,2.43264,3.6288,61.308,0.583512,0,0,1.46865,0.196355,0.688786,0.66528,12.849,1,0.386964,2.43264,0,80.7814,4.44251,78.3846,0.84672,12.849,0.84672,3695.15,0,36.966,0.351832,2.13063,2.18431,11.123,1.04187,14.0443,0.42336,36.966,0.42336,423.524,0,1.02816,0,0,3.15879,2.13063,1.028160,1,0,93.1176,0,0,0,93.1176,0
72.29,2.17742,0,0,7.5343,0.339454,5.01742,3.6288,61.308,0.583646,0,0,2.5008,0.207352,1.7098,0.66528,12.849,1,0.38702,5.01742,0,147.231,4.54464,147.317,0.84672,12.849,0.84672,3695.15,0,36.966,0.351912,4.88414,1.99751,19.2232,1.08697,24.666,0.42336,36.966,0.42336,423.524,0,1.02816,0,0,5.9123,4.88414,1.028160,1,0,173.692,0,0,0,173.692,0
72.29,2.17773,0,0,18.0294,0.340476,15.5112,3.6288,61.308,0.583779,0,0,8.42834,0.208626,7.63593,0.66528,12.849,1,0.387076,15.5112,0,277.793,4.55857,288.359,0.84672,12.849,0.84672,3695.15,0,36.966,0.351993,6.79055,1.99774,33.9288,1.09691,41.2682,0.42336,36.966,0.42336,423.524,0,1.02816,0,0,7.81871,6.79055,1.028160,1,0,337.263,0,0,0,337.263,0
72.29,2.17805,0,0,20.2682,0.329818,17.7604,3.6288,61.308,0.583913,0,0,19.7453,0.250729,18.9106,0.66528,12.849,1,0.387131,17.7604,0,496.904,4.71392,509.563,0.84672,12.849,0.84672,3695.15,0,36.966,0.352074,6.41093,1.99798,54.8948,1.21678,61.7349,0.42336,36.966,0.42336,423.524,0,1.02816,0,0,7.43909,6.41093,1.028160,1,0,590.209,0,0,0,590.209,0
72.29,2.17836,0,0,13.4257,0.316249,10.9311,3.6288,61.308,0.584046,0,0,10.8771,0.192724,10.1004,0.66528,12.849,1,0.387187,10.9311,0,271.745,3.9186,278.371,0.84672,12.849,0.84672,3695.15,0,36.966,0.352154,4.11079,1.99821,32.5582,0.932779,37.3823,0.42336,36.966,0.42336,423.524,0,1.02816,0,0,5.13895,4.11079,1.028160,1,0,325.853,0,0,0,325.853,0
72.29,2.17836,0,0,9.08489,0.323047,6.58348,3.6288,61.308,0.584046,0,0,4.24532,0.211393,3.44989,0.66528,12.849,1,0.387187,6.58348,0,225.711,4.21285,227.695,0.84672,12.849,0.84672,3695.15,0,36.966,0.352154,7.13258,1.99845,28.5057,1.13906,36.1455,0.42336,36.966,0.42336,423.524,0,1.02816,0,0,8.16074,7.13258,1.028160,1,0,267.29,0,0,0,267.29,0
72.29,2.25496,0,0,10.278,0.294439,7.72857,3.6288,61.308,0.617705,0,0,3.77666,0.234737,2.92422,0.66528,12.849,1,0.400803,7.72857,0,181.931,4.50723,184.751,0.84672,12.849,0.84672,3695.15,0,36.966,0.372449,7.257,1.99845,23.1058,1.31775,30.671,0.42336,36.966,0.42336,423.524,0,1.02816,0,0,8.28516,7.257,1.028160,1,0,218.347,0,0,0,218.347,0
72.29,2.25527,0,0,11.76,0.294439,9.21028,3.6288,61.308,0.617836,0,0,4.6266,0.234737,3.77403,0.66528,12.849,1,0.400857,9.21028,0,384.308,4.50723,388.61,0.84672,12.849,0.84672,3695.15,0,36.966,0.372528,6.52968,2.05704,31.3175,1.31775,38.2139,0.42336,36.966,0.42336,423.524,0,1.02816,0,0,7.55784,6.52968,1.028160,1,0,430.598,0,0,0,430.598,0
72.29,2.25558,0,0,6.26905,0.294439,3.71904,3.6288,61.308,0.617966,0,0,2.21397,0.234737,1.36126,0.66528,12.849,1,0.400911,3.71904,0,153.122,4.50723,151.933,0.84672,12.849,0.84672,3695.15,0,36.966,0.372606,4.18909,2.05727,14.4874,1.31775,19.0434,0.42336,36.966,0.42336,423.524,0,1.02816,0,0,5.21725,4.18909,1.028160,1,0,172.338,0,0,0,172.338,0
72.29,2.25588,0,0,4.84656,0.288772,2.30191,3.6288,61.308,0.618097,0,0,1.74074,0.176086,0.946562,0.66528,12.849,1,0.400966,2.30191,0,109.091,3.99498,106.997,0.84672,12.849,0.84672,3695.15,0,36.966,0.372685,3.62155,2.0575,11.6445,1.07433,15.8765,0.42336,36.966,0.42336,423.524,0,1.02816,0,0,4.64971,3.62155,1.028160,1,0,123.82,0,0,0,123.82,0
72.29,2.50129,0,0,5.10405,0.269254,2.33351,3.6288,61.308,0.66528,0,0,3.08591,0.234223,2.18641,0.66528,12.849,1,0.444586,2.33351,0,142.714,4.31834,140.284,0.84672,12.849,0.84672,3695.15,0,36.966,0.527564,4.53891,2.05773,11.2015,1.22703,16.0435,0.42336,36.966,0.42336,423.524,0,1.02816,0,0,5.56707,4.53891,1.028160,1,0,158.514,0,0,0,158.514,0
72.29,2.50163,0,0,5.97055,0.269254,3.19967,3.6288,61.308,0.66528,0,0,3.02542,0.234223,2.12591,0.66528,12.849,1,0.444646,3.19967,0,155.522,4.31834,153.958,0.84672,12.849,0.84672,3695.15,0,36.966,0.527798,4.82387,2.26801,14.8634,1.22703,20.2004,0.42336,36.966,0.42336,423.524,0,1.02816,0,0,5.85203,4.82387,1.028160,1,0,176.285,0,0,0,176.285,0
72.29,2.50197,0,0,5.01303,0.274523,2.23654,3.6288,61.308,0.66528,0,0,2.77028,0.206781,1.89822,0.66528,12.849,1,0.444706,2.23654,0,165.309,4.041,163.06,0.84672,12.849,0.84672,3695.15,0,36.966,0.528031,3.87226,2.26826,17.9276,1.1535,22.3866,0.42336,36.966,0.42336,423.524,0,1.02816,0,0,4.90042,3.87226,1.028160,1,0,187.345,0,0,0,187.345,0
72.29,2.5023,0,0,3.59177,0.281548,0.807919,3.6288,61.308,0.66528,0,0,2.12495,0.170192,1.28948,0.66528,12.849,1,0.444765,0.807919,0,145.732,3.67122,142.424,0.84672,12.849,0.84672,3695.15,0,36.966,0.528265,2.39561,2.26852,12.9687,1.05545,16.0491,0.42336,36.966,0.42336,423.524,0,1.02816,0,0,3.42377,2.39561,1.028160,1,0,159.762,0,0,0,159.762,0
72.29,2.15287,0,0,6.31604,0.317421,3.84575,3.6288,61.308,0.57566,0,0,1.87919,0.173816,1.12972,0.66528,12.849,1,0.382656,3.84575,0,163.636,3.34749,163.752,0.84672,12.849,0.84672,3695.15,0,36.966,0.347097,4.3937,2.26877,9.60915,0.857894,15.0666,0.42336,36.966,0.42336,423.524,0,1.02816,0,0,5.42186,4.3937,1.028160,1,0,179.948,0,0,0,179.948,0
72.29,2.15316,0,0,5.06824,0.302734,2.61235,3.6288,61.308,0.575785,0,0,1.78088,0.183635,1.02146,0.66528,12.849,1,0.382708,2.61235,0,126.067,3.42584,124.871,0.84672,12.849,0.84672,3695.15,0,36.966,0.347173,3.66114,1.98244,7.85402,0.853062,12.2974,0.42336,36.966,0.42336,423.524,0,1.02816,0,0,4.6893,3.66114,1.028160,1,0,138.19,0,0,0,138.19,0
72.29,2.15345,0,0,4.54473,0.302734,2.08854,3.6288,61.308,0.57591,0,0,1.57905,0.183635,0.819501,0.66528,12.849,1,0.38276,2.08854,0,110.728,3.42584,109.008,0.84672,12.849,0.84672,3695.15,0,36.966,0.347248,3.86779,1.98266,7.20948,0.853062,11.8596,0.42336,36.966,0.42336,423.524,0,1.02816,0,0,4.89595,3.86779,1.028160,1,0,121.687,0,0,0,121.687,0
72.29,2.15375,0,0,6.30661,0.302734,3.85013,3.6288,61.308,0.576036,0,0,1.83064,0.183635,1.07097,0.66528,12.849,1,0.382812,3.85013,0,140.505,3.42584,140.547,0.84672,12.849,0.84672,3695.15,0,36.966,0.347324,4.43934,1.98288,9.82584,0.853062,15.0477,0.42336,36.966,0.42336,423.524,0,1.02816,0,0,5.4675,4.43934,1.028160,1,0,156.666,0,0,0,156.666,0
72.29,2.15404,0,0,4.70076,0.289075,2.25765,3.6288,61.308,0.576161,0,0,1.17694,0.205486,0.395292,0.66528,12.849,1,0.382865,2.25765,0,119.438,3.5747,117.739,0.84672,12.849,0.84672,3695.15,0,36.966,0.347399,3.07145,1.9831,7.28317,0.904499,11.0858,0.42336,36.966,0.42336,423.524,0,1.02816,0,0,4.09961,3.07145,1.028160,1,0,129.22,0,0,0,129.22,0
72.29,2.24243,0,0,5.18617,0.275001,2.66874,3.6288,61.308,0.617674,0,0,0.893919,0.193571,0.082674,0.66528,12.849,1,0.398575,2.66874,0,87.2199,3.64539,85.8447,0.84672,12.849,0.84672,3695.15,0,36.966,0.37243,1.46654,1.98332,5.48829,0.832467,7.73325,0.42336,36.966,0.42336,423.524,0,1.02816,0,0,2.4947,1.46654,1.028160,1,0,93.6606,0,0,0,93.6606,0
72.29,2.24274,0,0,4.81774,0.275001,2.30001,3.6288,61.308,0.617804,0,0,1.63897,0.193571,0.827599,0.66528,12.849,1,0.398629,2.30001,0,94.551,3.64539,92.807,0.84672,12.849,0.84672,3695.15,0,36.966,0.372508,2.74234,2.05424,7.17417,0.832467,10.7658,0.42336,36.966,0.42336,423.524,0,1.02816,0,0,3.7705,2.74234,1.028160,1,0,104.4,0,0,0,104.4,0
72.29,2.24304,0,0,3.96666,0.275001,1.44862,3.6288,61.308,0.617935,0,0,1.54301,0.193571,0.731504,0.66528,12.849,1,0.398683,1.44862,0,116.227,3.64539,113.632,0.84672,12.849,0.84672,3695.15,0,36.966,0.372587,3.20128,2.05446,6.6298,0.832467,10.6805,0.42336,36.966,0.42336,423.524,0,1.02816,0,0,4.22944,3.20128,1.028160,1,0,125.044,0,0,0,125.044,0
72.29,2.24334,0,0,3.2993,0.24947,0.80649,3.6288,61.308,0.618065,0,0,1.18927,0.188339,0.382866,0.66528,12.849,1,0.398738,0.80649,0,88.5989,3.44295,85.5637,0.84672,12.849,0.84672,3695.15,0,36.966,0.372666,2.52011,2.05469,5.03345,0.827902,8.40768,0.42336,36.966,0.42336,423.524,0,1.02816,0,0,3.54827,2.52011,1.028160,1,0,94.3542,0,0,0,94.3542,0
72.29,2.20919,0,0,3.52345,0.20588,1.10839,3.6288,61.308,0.602113,0,0,1.22884,0.230559,0.396169,0.66528,12.849,1,0.392666,1.10839,0,72.9821,4.44769,69.2501,0.84672,12.849,0.84672,3695.15,0,36.966,0.363047,1.8745,2.05492,4.69479,1.02785,7.23331,0.42336,36.966,0.42336,423.524,0,1.02816,0,0,2.90266,1.8745,1.028160,1,0,76.8796,0,0,0,76.8796,0
72.29,2.20949,0,0,2.7979,0.20588,0.382533,3.6288,61.308,0.602242,0,0,1.00022,0.230559,0.167418,0.66528,12.849,1,0.39272,0.382533,0,61.4461,4.44769,56.9882,0.84672,12.849,0.84672,3695.15,0,36.966,0.363125,1.41632,2.02763,3.88435,1.02785,5.93733,0.42336,36.966,0.42336,423.524,0,1.02816,0,0,2.44448,1.41632,1.028160,1,0,63.093,0,0,0,63.093,0
71.9875,2.20979,0,0,2.47608,0.20588,0.36288,3.6288,61.308,0.60237,0,0,0.885444,0.230559,0.0525152,0.66528,12.849,1,0.392773,0.36288,0,57.8997,4.44769,53.4221,0.84672,12.849,0.84672,3695.15,0,36.966,0.363202,0.920462,2.02785,3.69944,1.02785,5.25671,0.42336,36.966,0.42336,423.524,0,1.02816,0,0,1.94862,0.920462,1.028160,1,0,58.7313,0,0,0,58.7313,0
72.13,2.20869,0,0,2.91949,0.205407,0.36288,3.6288,61.308,0.602499,0,0,1.0028,0.230559,0.169744,0.66528,12.849,1,0.394227,0.36288,0,65.44,4.44769,60.9609,0.84672,12.849,0.84672,3695.15,0,36.966,0.36328,0.992874,2.02808,4.34258,1.02785,5.9724,0.42336,36.966,0.42336,423.524,0,1.02816,0,0,2.02103,0.992874,1.028160,1,0,67.1031,0,0,0,67.1031,0
71.9466,2.32664,0,0,2.65433,0.148268,0.36288,3.6288,61.308,0.659687,0,0,0.927919,0.233804,0.0344275,0.66528,12.849,1,0.41446,0.36288,0,60.8893,4.30625,56.5315,0.84672,12.849,0.84672,3695.15,0,36.966,0.397762,1.30944,2.0283,3.50295,1.03945,5.40348,0.42336,36.966,0.42336,423.524,0,1.02816,0,0,2.3376,1.30944,1.028160,1,0,61.9694,0,0,0,61.9694,0
71.535,2.32606,0,0,2.39544,0.118084,0.36288,3.6288,61.308,0.659823,0,0,0.928472,0.231534,0.0371151,0.66528,12.849,1,0.415413,0.36288,0,54.924,4.32338,50.5481,0.84672,12.849,0.84672,3695.15,0,36.966,0.397844,1.50304,2.12502,3.3055,0.979973,5.55575,0.42336,36.966,0.42336,423.524,0,1.02816,0,0,2.5312,1.50304,1.028160,1,0,56.1409,0,0,0,56.1409,0
71.0954,2.32435,0,0,2.36539,0.117714,0.36288,3.6288,61.308,0.659958,0,0,1.00847,0.231534,0.116977,0.66528,12.849,1,0.417496,0.36288,0,53.114,4.32338,48.736,0.84672,12.849,0.84672,3695.15,0,36.966,0.397925,1.44989,2.12526,3.62408,0.979973,5.82133,0.42336,36.966,0.42336,423.524,0,1.02816,0,0,2.47805,1.44989,1.028160,1,0,54.6743,0,0,0,54.6743,0
70.505,2.32248,0,0,2.21225,0.117319,0.36288,3.6288,61.308,0.660094,0,0,0.930545,0.231534,0.0389177,0.66528,12.849,1,0.419739,0.36288,0,49.6845,4.32338,45.3043,0.84672,12.849,0.84672,3695.15,0,36.966,0.398007,1.34768,2.1255,3.18209,0.979973,5.2773,0.42336,36.966,0.42336,423.524,0,1.02816,0,0,2.37584,1.34768,1.028160,1,0,50.6205,0,0,0,50.6205,0
70.168,2.31982,0,0,2.47157,0.125849,0.36288,3.6288,61.2657,0.660229,0,0,0.842944,0.225052,0,0.66528,12.849,1,0.422769,0.36288,0,54.9096,4.67156,50.1782,0.84672,12.849,0.84672,3695.15,0,36.966,0.398089,1.35935,2.12574,4.1696,1.06922,6.18738,0.42336,36.966,0.42336,423.524,0,1.02816,0,0,2.38751,1.35935,1.028160,1,0,56.3656,0,0,0,56.3656,0
70.0519,2.29536,0,0,2.63071,0.088578,0.36288,3.6288,61.1742,0.66528,0,0,0.810588,0.23673,0,0.66528,12.849,1,0.420321,0.36288,0,57.4921,5.06091,52.3738,0.84672,12.849,0.84672,3695.15,0,36.966,0.443556,1.62454,2.12597,4.86072,1.17423,6.99345,0.42336,36.966,0.42336,423.524,0,1.02816,0,0,2.6527,1.62454,1.028160,1,0,59.3672,0,0,0,59.3672,0
69.772,2.29508,0,0,2.43387,0.0558022,0.36288,3.6288,61.0621,0.66528,0,0,0.802138,0.249035,0,0.66528,12.849,1,0.420967,0.36288,0,52.9946,5.15708,47.7795,0.84672,12.849,0.84672,3695.15,0,36.966,0.44378,1.46743,2.15996,4.72453,1.2028,6.70536,0.42336,36.966,0.42336,423.524,0,1.02816,0,0,2.49559,1.46743,1.028160,1,0,54.4848,0,0,0,54.4848,0
69.3336,2.29397,0,0,2.27402,0.0556164,0.36288,3.6288,60.9525,0.66528,0,0,0.804565,0.248859,0,0.66528,12.849,1,0.42245,0.36288,0,49.0889,5.15708,43.8722,0.84672,12.849,0.84672,3695.15,0,36.966,0.444003,1.58762,2.1602,4.36782,1.2028,6.46884,0.42336,36.966,0.42336,423.524,0,1.02816,0,0,2.61578,1.58762,1.028160,1,0,50.3411,0,0,0,50.3411,0
68.7586,2.29202,0,0,2.13478,0.0548954,0.36288,3.6288,60.8214,0.66528,0,0,0.790396,0.256217,0,0.66528,12.849,1,0.424761,0.36288,0,45.1912,5.2668,39.8625,0.84672,12.849,0.84672,3695.15,0,36.966,0.444227,1.49033,2.16045,4.18606,1.248,6.14462,0.42336,36.966,0.42336,423.524,0,1.02816,0,0,2.51849,1.49033,1.028160,1,0,46.0071,0,0,0,46.0071,0
68.3603,2.34872,0,0,2.36484,0.0514706,0.36288,3.6288,60.8727,0.66528,0,0,1.01772,0.301154,0,0.66528,12.849,1,0.438908,0.36288,0,50.9935,5.92515,44.9923,0.84672,12.849,0.84672,3695.15,0,36.966,0.489301,1.5329,2.16069,4.06963,1.51919,5.75472,0.42336,36.966,0.42336,423.524,0,1.02816,0,0,2.56106,1.5329,1.028160,1,0,50.747,0,0,0,50.747,0
67.8405,2.34688,0,0,2.24127,0.0513108,0.36288,3.6288,60.8166,0.66528,0,0,0.910492,0.301252,0,0.66528,12.849,1,0.441119,0.36288,0,45.0571,5.92515,39.0537,0.84672,12.849,0.84672,3695.15,0,36.966,0.48953,1.78249,2.20879,4.2506,1.51919,6.23316,0.42336,36.966,0.42336,423.524,0,1.02816,0,0,2.81065,1.78249,1.028160,1,0,45.2869,0,0,0,45.2869,0
67.1774,2.34436,0,0,2.09518,0.0511022,0.36288,3.6288,60.6926,0.66528,0,0,0.842391,0.301145,0,0.66528,12.849,1,0.444021,0.36288,0,42.8425,5.92515,36.8362,0.84672,12.849,0.84672,3695.15,0,36.966,0.489759,1.54065,2.20903,3.72975,1.51919,5.47048,0.42336,36.966,0.42336,423.524,0,1.02816,0,0,2.56881,1.54065,1.028160,1,0,42.3067,0,0,0,42.3067,0
66.4897,2.34099,0,0,2.06703,0.0508361,0.36288,3.6288,60.6378,0.66528,0,0,0.91139,0.300908,0,0.66528,12.849,1,0.447761,0.36288,0,39.7537,5.92515,33.7436,0.84672,12.849,0.84672,3695.15,0,36.966,0.489989,1.71379,2.20928,4.21788,1.51919,6.13176,0.42336,36.966,0.42336,423.524,0,1.02816,0,0,2.74195,1.71379,1.028160,1,0,39.8754,0,0,0,39.8754,0
65.5065,2.51046,0,0,1.95324,0.0630636,0.36288,3.6288,60.4587,0.66528,0,0,0.800444,0.314296,0,0.66528,12.849,1,0.485141,0.36288,0,36.6612,6.27788,30.261,0.84672,12.849,0.84672,3695.15,0,36.966,0.652186,1.28544,2.20953,4.13366,1.57621,5.40024,0.42336,36.966,0.42336,423.524,0,1.02816,0,0,2.3136,1.28544,1.028160,1,0,35.6613,0,0,0,35.6613,0
64.5648,2.50471,0,0,1.99989,0.0740423,0.36288,3.6288,60.3306,0.66528,0,0,0.85288,0.315724,0,0.66528,12.849,1,0.491294,0.36288,0,39.0646,6.31428,32.6219,0.84672,12.849,0.84672,3695.15,0,36.966,0.652435,1.42737,2.37361,3.41101,1.5781,4.98146,0.42336,36.966,0.42336,423.524,0,1.02816,0,0,2.45553,1.42737,1.028160,1,0,37.6034,0,0,0,37.6034,0
63.2339,2.49907,0,0,1.60456,0.0734845,0.36288,3.6288,60.0205,0.66528,0,0,0.670654,0.315467,0,0.66528,12.849,1,0.497337,0.36288,0,45.9484,6.31428,39.4996,0.84672,12.849,0.84672,3695.15,0,36.966,0.652684,0.941613,2.37387,2.83351,1.5781,3.91821,0.42336,36.966,0.42336,423.524,0,1.02816,0,0,1.96977,0.941613,1.028160,1,0,43.4179,0,0,0,43.4179,0
62.208,2.4907,0,0,1.90033,0.0726962,0.36288,3.6288,60.0641,0.66528,0,0,1.02373,0.314844,0,0.66528,12.849,1,0.506105,0.36288,0,39.4387,6.31428,32.9812,0.84672,12.849,0.84672,3695.15,0,36.966,0.652932,1.93494,2.37414,3.83176,1.5781,5.90981,0.42336,36.966,0.42336,423.524,0,1.02816,0,0,2.9631,1.93494,1.028160,1,0,38.891,0,0,0,38.891,0
60.6971,2.48412,0,0,1.42261,0.0864969,0.36288,3.6288,59.8364,0.66528,0,0,0.73637,0.298758,0,0.66528,12.849,1,0.513092,0.36288,0,31.8234,5.91059,25.7626,0.84672,12.849,0.84672,3695.15,0,36.966,0.653181,1.11151,2.37441,3.59309,1.4581,4.96773,0.42336,36.966,0.42336,423.524,0,1.02816,0,0,2.13967,1.11151,1.028160,1,0,30.7303,0,0,0,30.7303,0
58.8067,2.39081,0,0,0.967645,0.104396,0.36288,3.6288,59.541,0.66528,0,0,0.646673,0.276791,0,0.66528,12.849,1,0.506112,0.36288,0,20.0812,5.37232,14.5656,0.84672,12.849,0.84672,3695.15,0,36.966,0.555062,0.530798,2.37468,2.90796,1.29811,3.96027,0.42336,36.966,0.42336,423.524,0,1.02816,0,0,1.55896,0.530798,1.028160,1,0,18.5259,0,0,0,18.5259,0
56.9554,2.37778,0,0,1.00955,0.120155,0.36288,3.6288,59.237,0.66528,0,0,0.622554,0.261277,0,0.66528,12.849,1,0.519534,0.36288,0,19.302,5.1647,13.9807,0.84672,12.849,0.84672,3695.15,0,36.966,0.555299,0.483054,2.28008,2.92636,1.23321,3.90098,0.42336,36.966,0.42336,423.524,0,1.02816,0,0,1.51121,0.483054,1.028160,1,0,17.8816,0,0,0,17.8816,0
56.9352,2.36432,0,0,2.92867,0.221638,0.36288,3.6288,59.8677,0.66528,0,0,1.467,0.170992,0,0.66528,12.849,1,0.533384,0.36288,0,58.1764,3.91892,54.087,0.84672,12.849,0.84672,3695.15,0,36.966,0.555536,1.30074,2.28033,7.68599,0.843824,9.8677,0.42336,36.966,0.42336,423.524,0,1.02816,0,0,2.3289,1.30074,1.028160,1,0,63.9547,0,0,0,63.9547,0
56.1372,2.36448,0,0,2.15089,0.221594,0.36288,3.6288,60.0727,0.66528,0,0,1.0419,0.171683,0,0.66528,12.849,1,0.53361,0.36288,0,50.4982,3.91892,46.4086,0.84672,12.849,0.84672,3695.15,0,36.966,0.555773,1.29897,2.28059,4.33307,0.843824,6.51304,0.42336,36.966,0.42336,423.524,0,1.02816,0,0,2.32713,1.29897,1.028160,1,0,52.9216,0,0,0,52.9216,0
54.5901,2.29134,0,0,1.32596,0.218816,0.36288,3.6288,59.7699,0.66528,0,0,0.624871,0.262339,0,0.66528,12.849,1,0.524455,0.36288,0,25.3714,5.18343,20.0264,0.84672,12.849,0.84672,3695.15,0,36.966,0.466426,0.755499,2.28084,3.04443,1.25341,4.36094,0.42336,36.966,0.42336,423.524,0,1.02816,0,0,1.78366,0.755499,1.028160,1,0,24.3873,0,0,0,24.3873,0
53.5392,2.27962,0,0,1.807,0.215454,0.36288,3.6288,59.6621,0.66528,0,0,0.819259,0.261833,0,0.66528,12.849,1,0.536558,0.36288,0,39.2933,5.18343,33.9362,0.84672,12.849,0.84672,3695.15,0,36.966,0.466653,1.21331,2.19639,6.03791,1.25341,7.72754,0.42336,36.966,0.42336,423.524,0,1.02816,0,0,2.24147,1.21331,1.028160,1,0,41.6638,0,0,0,41.6638,0
53.5027,2.27143,0,0,2.84569,0.247845,0.36288,3.6288,59.9202,0.66528,0,0,1.1731,0.249666,0,0.66528,12.849,1,0.545126,0.36288,0,55.5135,4.82598,50.5052,0.84672,12.849,0.84672,3695.15,0,36.966,0.466879,1.76145,2.19664,5.61273,1.2015,7.90245,0.42336,36.966,0.42336,423.524,0,1.02816,0,0,2.78961,1.76145,1.028160,1,0,58.4077,0,0,0,58.4077,0
55.3435,2.27143,0,0,4.73676,0.261617,0.36288,3.6288,60.5839,0.66528,0,0,1.57427,0.245276,0,0.66528,12.849,1,0.545499,0.36288,0,58.6087,4.683,53.7431,0.84672,12.849,0.84672,3695.15,0,36.966,0.467105,2.3409,2.19688,9.34983,1.18073,12.2398,0.42336,36.966,0.42336,423.524,0,1.02816,0,0,3.36906,2.3409,1.028160,1,0,65.9829,0,0,0,65.9829,0
56.3824,2.09579,0,0,3.72934,0.231806,0.36288,3.6288,61.308,0.587484,0,0,1.69496,0.251764,0.131632,0.66528,12.849,1,0.486575,0.36288,0,71.5772,4.64841,66.8051,0.84672,12.849,0.84672,3695.15,0,36.966,0.35846,1.46923,2.19713,5.78169,1.14922,7.94037,0.42336,36.966,0.42336,423.524,0,1.02816,0,0,2.49739,1.46923,1.028160,1,0,74.8771,0,0,0,74.8771,0
57.8852,2.10338,0,0,4.2015,0.232464,0.36288,3.6288,61.308,0.590252,0,0,2.04014,0.242814,1.20707,0.66528,12.849,1,0.479339,0.36288,0,79.9416,4.41666,75.4085,0.84672,12.849,0.84672,3695.15,0,36.966,0.355896,1.62769,2.00913,8.99891,1.15017,11.1297,0.42336,36.966,0.42336,423.524,0,1.02816,0,0,2.65585,1.62769,1.028160,1,0,87.7452,0,0,0,87.7452,0
59.5672,2.11385,0,0,4.41464,0.255835,0.36288,3.6288,61.308,0.590379,0,0,2.14444,0.18085,1.37321,0.66528,12.849,1,0.469219,0.36288,0,107.024,4.15422,102.763,0.84672,12.849,0.84672,3695.15,0,36.966,0.355972,1.61138,2.00935,9.35207,1.09765,11.5192,0.42336,36.966,0.42336,423.524,0,1.02816,0,0,2.63954,1.61138,1.028160,1,0,115.656,0,0,0,115.656,0
64.1226,2.12503,0,0,7.30335,0.260036,0.36288,3.6288,61.308,0.590506,0,0,5.78164,0.18085,5.01028,0.66528,12.849,1,0.458382,0.36288,0,143.989,4.15422,139.739,0.84672,12.849,0.84672,3695.15,0,36.966,0.356049,5.18187,2.00957,19.2033,1.09765,24.941,0.42336,36.966,0.42336,423.524,0,1.02816,0,0,6.21003,5.18187,1.028160,1,0,169.691,0,0,0,169.691,0
67.7783,2.15246,0,0,6.44802,0.277012,0.36288,3.6288,61.308,0.590633,0,0,2.80619,0.166632,2.04892,0.66528,12.849,1,0.431313,0.36288,0,164.182,3.79134,160.323,0.84672,12.849,0.84672,3695.15,0,36.966,0.356126,2.73089,2.0098,16.4937,0.939222,19.939,0.42336,36.966,0.42336,423.524,0,1.02816,0,0,3.75905,2.73089,1.028160,1,0,182.311,0,0,0,182.311,0
71.1881,2.24832,0,0,6.32367,0.302673,0.36288,3.6288,61.308,0.624498,0,0,2.11453,0.131088,1.35894,0.66528,12.849,1,0.426222,0.36288,0,149.777,2.88414,146.83,0.84672,12.849,0.84672,3695.15,0,36.966,0.376545,2.06973,2.01002,14.3737,0.543159,17.5337,0.42336,36.966,0.42336,423.524,0,1.02816,0,0,3.09789,2.06973,1.028160,1,0,165.722,0,0,0,165.722,0
72.29,2.2659,0,0,4.66369,0.310782,0.985129,3.6288,61.308,0.624622,0,0,2.05575,0.131088,1.30004,0.66528,12.849,1,0.40898,0.985129,0,102.343,2.88414,100.035,0.84672,12.849,0.84672,3695.15,0,36.966,0.376619,2.13255,2.06897,11.0989,0.543159,14.3806,0.42336,36.966,0.42336,423.524,0,1.02816,0,0,3.16071,2.13255,1.028160,1,0,115.716,0,0,0,115.716,0
72.29,2.27148,0,0,7.2059,0.313402,4.62101,3.6288,61.308,0.624746,0,0,2.40457,0.131088,1.64874,0.66528,12.849,1,0.403739,4.62101,0,132.284,2.88414,133.617,0.84672,12.849,0.84672,3695.15,0,36.966,0.376694,2.46115,2.06919,15.0793,0.543159,18.6898,0.42336,36.966,0.42336,423.524,0,1.02816,0,0,3.48931,2.46115,1.028160,1,0,153.955,0,0,0,153.955,0
72.29,2.27177,0,0,10.8678,0.32058,8.27547,3.6288,61.308,0.624869,0,0,3.09779,0.132496,2.34042,0.66528,12.849,1,0.40379,8.27547,0,208.76,3.05918,213.572,0.84672,12.849,0.84672,3695.15,0,36.966,0.376768,3.55156,2.06941,21.7153,0.584535,26.375,0.42336,36.966,0.42336,423.524,0,1.02816,0,0,4.57972,3.55156,1.028160,1,0,242.288,0,0,0,242.288,0
72.29,2.51872,0,0,10.7692,0.349691,7.90075,3.6288,61.308,0.66528,0,0,3.0001,0.159132,2.17569,0.66528,12.849,1,0.447683,7.90075,0,288.56,3.80365,292.209,0.84672,12.849,0.84672,3695.15,0,36.966,0.539685,4.10929,2.06962,24.598,1.03445,29.2028,0.42336,36.966,0.42336,423.524,0,1.02816,0,0,5.13745,4.10929,1.028160,1,0,323.587,0,0,0,323.587,0
72.29,2.51904,0,0,8.68726,0.347365,5.82086,3.6288,61.308,0.66528,0,0,2.44376,0.162163,1.61632,0.66528,12.849,1,0.44774,5.82086,0,211.015,3.7527,212.635,0.84672,12.849,0.84672,3695.15,0,36.966,0.539906,3.3193,2.28122,19.8153,1.06806,23.8079,0.42336,36.966,0.42336,423.524,0,1.02816,0,0,4.34746,3.3193,1.028160,1,0,238.059,0,0,0,238.059,0
72.29,2.51936,0,0,7.80659,0.351144,4.93609,3.6288,61.308,0.66528,0,0,2.4939,0.140276,1.68835,0.66528,12.849,1,0.447796,4.93609,0,188.368,3.37462,189.482,0.84672,12.849,0.84672,3695.15,0,36.966,0.540128,4.04542,2.28146,19.7953,0.95965,24.6224,0.42336,36.966,0.42336,423.524,0,1.02816,0,0,5.07358,4.04542,1.028160,1,0,215.793,0,0,0,215.793,0
72.29,2.51967,0,0,6.68866,0.318384,3.8506,3.6288,61.308,0.66528,0,0,2.36356,0.154435,1.54384,0.66528,12.849,1,0.447853,3.8506,0,164.031,3.4062,164.028,0.84672,12.849,0.84672,3695.15,0,36.966,0.54035,3.49798,2.2817,17.1533,0.905011,21.4876,0.42336,36.966,0.42336,423.524,0,1.02816,0,0,4.52614,3.49798,1.028160,1,0,187.059,0,0,0,187.059,0
72.29,2.16802,0,0,6.35212,0.318984,3.86511,3.6288,61.308,0.582128,0,0,2.34306,0.193432,1.5675,0.66528,12.849,1,0.385349,3.86511,0,204.561,3.98904,204.051,0.84672,12.849,0.84672,3695.15,0,36.966,0.350997,3.70377,2.28194,20.4224,1.19114,24.8659,0.42336,36.966,0.42336,423.524,0,1.02816,0,0,4.73193,3.70377,1.028160,1,0,230.485,0,0,0,230.485,0
72.29,2.1683,0,0,5.6405,0.324395,3.14781,3.6288,61.308,0.582247,0,0,1.78105,0.180722,1.01808,0.66528,12.849,1,0.385399,3.14781,0,227.595,3.77254,226.585,0.84672,12.849,0.84672,3695.15,0,36.966,0.351069,2.61337,1.99379,15.1892,1.14674,18.2986,0.42336,36.966,0.42336,423.524,0,1.02816,0,0,3.64153,2.61337,1.028160,1,0,245.901,0,0,0,245.901,0
72.29,2.16858,0,0,8.03342,0.324395,5.54045,3.6288,61.308,0.582365,0,0,2.45475,0.180722,1.69166,0.66528,12.849,1,0.385448,5.54045,0,193.103,3.77254,194.486,0.84672,12.849,0.84672,3695.15,0,36.966,0.351141,5.28951,1.994,20.5291,1.14674,26.3147,0.42336,36.966,0.42336,423.524,0,1.02816,0,0,6.31767,5.28951,1.028160,1,0,222.492,0,0,0,222.492,0
72.29,2.16886,0,0,10.6428,0.324661,8.14932,3.6288,61.308,0.582484,0,0,3.87317,0.169367,3.12132,0.66528,12.849,1,0.385498,8.14932,0,209.682,3.72045,213.725,0.84672,12.849,0.84672,3695.15,0,36.966,0.351212,5.88257,1.99421,26.4707,1.12797,32.8683,0.42336,36.966,0.42336,423.524,0,1.02816,0,0,6.91073,5.88257,1.028160,1,0,249.715,0,0,0,249.715,0
72.29,2.16914,0,0,7.61936,0.343913,5.10631,3.6288,61.308,0.582603,0,0,1.62454,0.142132,0.899801,0.66528,12.849,1,0.385547,5.10631,0,191.933,3.34151,193.313,0.84672,12.849,0.84672,3695.15,0,36.966,0.351284,3.08699,1.99442,15.9191,1.07081,19.5784,0.42336,36.966,0.42336,423.524,0,1.02816,0,0,4.11515,3.08699,1.028160,1,0,213.791,0,0,0,213.791,0
72.29,2.25806,0,0,8.27608,0.326021,5.692,3.6288,61.308,0.624368,0,0,2.06306,0.187347,1.25134,0.66528,12.849,1,0.401353,5.692,0,211.689,3.66964,213.311,0.84672,12.849,0.84672,3695.15,0,36.966,0.376466,3.16253,1.99462,16.1948,1.2257,19.7498,0.42336,36.966,0.42336,423.524,0,1.02816,0,0,4.19069,3.16253,1.028160,1,0,234.312,0,0,0,234.312,0
72.29,2.25835,0,0,8.88062,0.326021,6.29625,3.6288,61.308,0.624492,0,0,2.44117,0.187347,1.62933,0.66528,12.849,1,0.401405,6.29625,0,201.394,3.66964,203.619,0.84672,12.849,0.84672,3695.15,0,36.966,0.376541,4.14929,2.06598,19.2467,1.2257,23.8597,0.42336,36.966,0.42336,423.524,0,1.02816,0,0,5.17745,4.14929,1.028160,1,0,229.108,0,0,0,229.108,0
72.29,2.25864,0,0,9.04746,0.326021,6.4628,3.6288,61.308,0.624616,0,0,2.07456,0.187347,1.2626,0.66528,12.849,1,0.401456,6.4628,0,200.968,3.66964,203.36,0.84672,12.849,0.84672,3695.15,0,36.966,0.376615,3.52591,2.06619,17.3991,1.2257,21.3889,0.42336,36.966,0.42336,423.524,0,1.02816,0,0,4.55407,3.52591,1.028160,1,0,226.011,0,0,0,226.011,0
72.29,2.25893,0,0,7.33864,0.326638,4.75308,3.6288,61.308,0.624739,0,0,1.7404,0.188095,0.927565,0.66528,12.849,1,0.401507,4.75308,0,194.036,3.54777,194.84,0.84672,12.849,0.84672,3695.15,0,36.966,0.37669,2.88101,2.06641,15.0685,1.19214,18.4471,0.42336,36.966,0.42336,423.524,0,1.02816,0,0,3.90917,2.88101,1.028160,1,0,214.215,0,0,0,214.215,0
72.29,2.22454,0,0,7.40792,0.295046,4.88833,3.6288,61.308,0.60868,0,0,1.84608,0.122644,1.11476,0.66528,12.849,1,0.395395,4.88833,0,193.411,2.36049,195.543,0.84672,12.849,0.84672,3695.15,0,36.966,0.367007,2.69649,2.06663,14.0335,1.02404,17.4056,0.42336,36.966,0.42336,423.524,0,1.02816,0,0,3.72465,2.69649,1.028160,1,0,214.064,0,0,0,214.064,0
72.29,2.22482,0,0,5.73487,0.249333,3.26071,3.6288,61.308,0.608802,0,0,1.41237,0.171981,0.631589,0.66528,12.849,1,0.395446,3.26071,0,98.0044,2.99754,97.8721,0.84672,12.849,0.84672,3695.15,0,36.966,0.367081,2.19051,2.03915,9.94594,1.20225,12.6063,0.42336,36.966,0.42336,423.524,0,1.02816,0,0,3.21867,2.19051,1.028160,1,0,111.11,0,0,0,111.11,0
72.29,2.22511,0,0,4.74048,0.249333,2.26604,3.6288,61.308,0.608924,0,0,1.21,0.171981,0.429093,0.66528,12.849,1,0.395496,2.26604,0,82.3764,2.99754,81.2494,0.84672,12.849,0.84672,3695.15,0,36.966,0.367154,1.86195,2.03936,7.98042,1.20225,10.3123,0.42336,36.966,0.42336,423.524,0,1.02816,0,0,2.89011,1.86195,1.028160,1,0,91.9908,0,0,0,91.9908,0
72.29,2.22539,0,0,4.08179,0.249333,1.60706,3.6288,61.308,0.609046,0,0,1.09389,0.171981,0.312866,0.66528,12.849,1,0.395547,1.60706,0,61.5457,2.99754,59.7596,0.84672,12.849,0.84672,3695.15,0,36.966,0.367228,1.57288,2.03958,6.73548,1.20225,8.77846,0.42336,36.966,0.42336,423.524,0,1.02816,0,0,2.60104,1.57288,1.028160,1,0,68.851,0,0,0,68.851,0
72.29,2.34344,0,0,4.51088,0.204674,1.96277,3.6288,61.308,0.66528,0,0,1.03968,0.192207,0.18219,0.66528,12.849,1,0.416528,1.96277,0,72.3551,3.59987,70.3014,0.84672,12.849,0.84672,3695.15,0,36.966,0.40322,1.67976,2.03979,6.98475,1.16841,9.13267,0.42336,36.966,0.42336,423.524,0,1.02816,0,0,2.70792,1.67976,1.028160,1,0,79.6163,0,0,0,79.6163,0
72.29,2.34374,0,0,4.52297,0.186811,1.99242,3.6288,61.308,0.66528,0,0,1.00074,0.200298,0.135159,0.66528,12.849,1,0.416581,1.99242,0,77.9777,3.84079,75.7128,0.84672,12.849,0.84672,3695.15,0,36.966,0.403426,1.46633,2.1371,6.71143,1.15487,8.75656,0.42336,36.966,0.42336,423.524,0,1.02816,0,0,2.49449,1.46633,1.028160,1,0,84.6045,0,0,0,84.6045,0
72.29,2.34404,0,0,4.11184,0.186811,1.58099,3.6288,61.308,0.66528,0,0,0.961312,0.200298,0.0957344,0.66528,12.849,1,0.416634,1.58099,0,74.6755,3.84079,71.9991,0.84672,12.849,0.84672,3695.15,0,36.966,0.403632,0.922035,2.13732,6.48334,1.15487,7.98419,0.42336,36.966,0.42336,423.524,0,1.02816,0,0,1.95019,0.922035,1.028160,1,0,80.079,0,0,0,80.079,0
72.29,2.34433,0,0,3.64145,0.186811,1.1103,3.6288,61.3047,0.66528,0,0,0.862237,0.200298,0,0.66528,12.849,1,0.416688,1.1103,0,64.3952,3.84079,61.248,0.84672,12.849,0.84672,3695.15,0,36.966,0.403838,0.695347,2.13755,6.10359,1.15487,7.37778,0.42336,36.966,0.42336,423.524,0,1.02816,0,0,1.72351,0.695347,1.028160,1,0,68.6258,0,0,0,68.6258,0
72.29,2.34463,0,0,3.1817,0.172809,0.664256,3.6288,61.308,0.66528,0,0,0.926493,0.223043,0.0348296,0.66528,12.849,1,0.416741,0.664256,0,63.0069,4.36513,58.8893,0.84672,12.849,0.84672,3695.15,0,36.966,0.404044,0.761435,2.13777,5.68598,1.20948,6.97167,0.42336,36.966,0.42336,423.524,0,1.02816,0,0,1.78959,0.761435,1.028160,1,0,65.8958,0,0,0,65.8958,0
72.2842,2.32163,0,0,2.81589,0.137212,0.36288,3.6288,61.308,0.66528,0,0,0.996252,0.27696,0.0540129,0.66528,12.849,1,0.412652,0.36288,0,66.3276,5.08957,61.1882,0.84672,12.849,0.84672,3695.15,0,36.966,0.454861,0.81305,2.138,5.29023,1.36041,6.42601,0.42336,36.966,0.42336,423.524,0,1.02816,0,0,1.84121,0.81305,1.028160,1,0,67.6682,0,0,0,67.6682,0
72.1477,2.3219,0,0,2.67286,0.124512,0.36288,3.6288,61.308,0.66528,0,0,0.962608,0.294644,0.00268479,0.66528,12.849,1,0.412733,0.36288,0,61.9595,5.10856,56.8011,0.84672,12.849,0.84672,3695.15,0,36.966,0.455073,0.750116,2.17218,5.33004,1.41899,6.37828,0.42336,36.966,0.42336,423.524,0,1.02816,0,0,1.77828,0.750116,1.028160,1,0,63.1821,0,0,0,63.1821,0
71.8476,2.32153,0,0,2.50864,0.124383,0.36288,3.6288,61.1952,0.66528,0,0,0.847143,0.294644,0,0.66528,12.849,1,0.413448,0.36288,0,56.6129,5.10856,51.4538,0.84672,12.849,0.84672,3695.15,0,36.966,0.455285,0.684323,2.17241,5.05832,1.41899,6.04078,0.42336,36.966,0.42336,423.524,0,1.02816,0,0,1.71248,0.684323,1.028160,1,0,57.4946,0,0,0,57.4946,0
71.3898,2.32036,0,0,2.34954,0.124099,0.36288,3.6288,61.0253,0.66528,0,0,0.789834,0.294433,0,0.66528,12.849,1,0.414966,0.36288,0,54.1754,5.10856,49.0147,0.84672,12.849,0.84672,3695.15,0,36.966,0.455497,0.589853,2.17264,4.78775,1.41899,5.67576,0.42336,36.966,0.42336,423.524,0,1.02816,0,0,1.61801,0.589853,1.028160,1,0,54.6905,0,0,0,54.6905,0
70.93,2.37849,0,0,2.37464,0.0930249,0.36288,3.6288,60.8358,0.66528,0,0,0.810752,0.335055,0,0.66528,12.849,1,0.428089,0.36288,0,57.1569,5.81763,51.274,0.84672,12.849,0.84672,3695.15,0,36.966,0.500835,0.300862,2.17287,3.77633,1.47004,4.27918,0.42336,36.966,0.42336,423.524,0,1.02816,0,0,1.32902,0.300862,1.028160,1,0,55.5532,0,0,0,55.5532,0
70.3486,2.37644,0,0,2.25056,0.0926982,0.36288,3.6288,60.5611,0.66528,0,0,0.725319,0.334652,0,0.66528,12.849,1,0.430493,0.36288,0,50.5034,5.81763,44.6181,0.84672,12.849,0.84672,3695.15,0,36.966,0.501052,0.43041,2.22125,3.94426,1.47004,4.62482,0.42336,36.966,0.42336,423.524,0,1.02816,0,0,1.45857,0.43041,1.028160,1,0,49.243,0,0,0,49.243,0
69.6235,2.37373,0,0,2.10387,0.0922849,0.36288,3.6288,60.2329,0.66528,0,0,0.671095,0.33407,0,0.66528,12.849,1,0.433557,0.36288,0,48.0213,5.81763,42.133,0.84672,12.849,0.84672,3695.15,0,36.966,0.501269,0.304906,2.22148,3.46094,1.47004,4.01602,0.42336,36.966,0.42336,423.524,0,1.02816,0,0,1.33307,0.304906,1.028160,1,0,46.149,0,0,0,46.149,0
68.8743,2.37022,0,0,2.07559,0.0917697,0.36288,3.6288,59.9603,0.66528,0,0,0.726062,0.333373,0,0.66528,12.849,1,0.437424,0.36288,0,44.559,5.81763,38.6668,0.84672,12.849,0.84672,3695.15,0,36.966,0.501487,0.394736,2.22172,3.91392,1.47004,4.55885,0.42336,36.966,0.42336,423.524,0,1.02816,0,0,1.4229,0.394736,1.028160,1,0,43.2257,0,0,0,43.2257,0
67.8553,2.54158,0,0,1.96067,0.075192,0.36288,3.6288,59.614,0.66528,0,0,0.669775,0.35084,0,0.66528,12.849,1,0.474151,0.36288,0,36.7003,6.31463,30.2744,0.84672,12.849,0.84672,3695.15,0,36.966,0.664661,0.261567,2.22195,4.41722,1.56655,4.66953,0.42336,36.966,0.42336,423.524,0,1.02816,0,0,1.28973,0.261567,1.028160,1,0,34.9439,0,0,0,34.9439,0
66.7827,2.53592,0,0,1.90151,0.0752831,0.36288,3.6288,59.274,0.66528,0,0,0.692036,0.366686,0,0.66528,12.849,1,0.480199,0.36288,0,33.1506,6.49814,26.5352,0.84672,12.849,0.84672,3695.15,0,36.966,0.664897,0.29058,2.38702,3.79421,1.59358,4.21333,0.42336,36.966,0.42336,423.524,0,1.02816,0,0,1.31874,0.29058,1.028160,1,0,30.7485,0,0,0,30.7485,0
65.341,2.52977,0,0,1.52564,0.0746491,0.36288,3.6288,58.6123,0.839989,0,0,0.544169,0.36589,0,0.66528,12.849,1,0.486728,0.36288,0,38.9922,6.49814,32.3703,0.84672,12.849,0.84672,3695.15,0,36.966,0.665133,0.204422,2.38727,3.15182,1.59358,3.4848,0.42336,36.966,0.42336,423.524,0,0.853451,0,0,1.05787,0.204422,1.028160,1,0,35.855,0,0,0,35.855,0
64.1901,2.52111,0,0,1.80685,0.0737969,0.36288,3.6288,58.4133,0.66528,0,0,0.830644,0.364339,0,0.66528,12.849,1,0.495765,0.36288,0,33.4681,6.49814,26.8371,0.84672,12.849,0.84672,3695.15,0,36.966,0.665369,0.563198,2.38753,4.26222,1.59358,4.95399,0.42336,36.966,0.42336,423.524,0,1.02816,0,0,1.59136,0.563198,1.028160,1,0,31.791,0,0,0,31.791,0
62.8522,2.51402,0,0,1.60396,0.0649573,0.36288,3.6288,57.9705,0.66528,0,0,0.589995,0.367539,0,0.66528,12.849,1,0.503235,0.36288,0,40.2105,6.67779,33.3923,0.84672,12.849,0.84672,3695.15,0,36.966,0.665605,0.394623,2.38778,4.39469,1.62894,4.88255,0.42336,36.966,0.42336,423.524,0,1.02816,0,0,1.42278,0.394623,1.028160,1,0,38.2749,0,0,0,38.2749,0
61.7538,2.42134,0,0,1.73289,0.0470213,0.36288,3.6288,57.4989,0.66528,0,0,0.552428,0.358758,0,0.66528,12.849,1,0.495,0.36288,0,42.5507,6.66481,35.7538,0.84672,12.849,0.84672,3695.15,0,36.966,0.566875,0.690422,2.38803,4.98313,1.53746,5.95725,0.42336,36.966,0.42336,423.524,0,1.02816,0,0,1.71858,0.690422,1.028160,1,0,41.711,0,0,0,41.711,0
60.6628,2.41436,0,0,1.77985,0.0936127,0.36288,3.6288,57.0489,0.66528,0,0,0.532526,0.317263,0,0.66528,12.849,1,0.502351,0.36288,0,32.5505,6.20389,26.2071,0.84672,12.849,0.84672,3695.15,0,36.966,0.5671,0.5541,2.29284,4.31637,1.37068,5.22553,0.42336,36.966,0.42336,423.524,0,1.02816,0,0,1.58226,0.5541,1.028160,1,0,31.4327,0,0,0,31.4327,0
60.4512,2.40721,0,0,2.66938,0.110944,0.36288,3.6288,56.6936,0.66528,0,0,0.61289,0.302909,0,0.66528,12.849,1,0.509871,0.36288,0,39.6417,6.09347,33.4012,0.84672,12.849,0.84672,3695.15,0,36.966,0.567325,0.940637,2.29308,4.59106,1.33275,5.92471,0.42336,36.966,0.42336,423.524,0,1.02816,0,0,1.9688,0.940637,1.028160,1,0,39.326,0,0,0,39.326,0
61.1756,2.40604,0,0,3.60407,0.110749,0.36288,3.6288,56.7165,0.66528,0,0,0.990403,0.302209,0,0.66528,12.849,1,0.511408,0.36288,0,79.1061,6.09347,72.8641,0.84672,12.849,0.84672,3695.15,0,36.966,0.567549,2.17299,2.29333,7.232,1.33275,9.79802,0.42336,36.966,0.42336,423.524,0,1.02816,0,0,3.20115,2.17299,1.028160,1,0,82.6621,0,0,0,82.6621,0
60.4979,2.34261,0,0,2.22434,0.196582,0.36288,3.6288,56.591,0.66528,0,0,0.766212,0.226422,0,0.66528,12.849,1,0.492029,0.36288,0,39.677,4.39315,35.1547,0.84672,12.849,0.84672,3695.15,0,36.966,0.477649,0.953847,2.29357,3.83699,1.06539,5.54137,0.42336,36.966,0.42336,423.524,0,1.02816,0,0,1.98201,0.953847,1.028160,1,0,40.6961,0,0,0,40.6961,0
60.4583,2.33836,0,0,2.88592,0.224216,0.36288,3.6288,56.8372,0.66528,0,0,1.11936,0.207919,0,0.66528,12.849,1,0.496638,0.36288,0,96.1025,3.99735,91.9714,0.84672,12.849,0.84672,3695.15,0,36.966,0.477864,2.01763,2.20859,9.44775,0.923215,12.2729,0.42336,36.966,0.42336,423.524,0,1.02816,0,0,3.04579,2.01763,1.028160,1,0,104.244,0,0,0,104.244,0
60.9809,2.33838,0,0,3.44802,0.224142,0.36288,3.6288,57.389,0.66528,0,0,1.42535,0.208252,0,0.66528,12.849,1,0.496969,0.36288,0,107.101,3.99735,102.969,0.84672,12.849,0.84672,3695.15,0,36.966,0.478078,3.10125,2.20883,12.5823,0.923215,16.4911,0.42336,36.966,0.42336,423.524,0,1.02816,0,0,4.12941,3.10125,1.028160,1,0,119.46,0,0,0,119.46,0
62.3159,2.3422,0,0,4.26514,0.225118,0.36288,3.6288,57.9768,0.66528,0,0,1.4621,0.209,0,0.66528,12.849,1,0.493514,0.36288,0,53.7373,3.99735,49.6094,0.84672,12.849,0.84672,3695.15,0,36.966,0.478293,3.0678,2.20906,14.0634,0.923215,17.9388,0.42336,36.966,0.42336,423.524,0,1.02816,0,0,4.09596,3.0678,1.028160,1,0,67.5481,0,0,0,67.5481,0
68.4816,2.15531,0,0,8.92673,0.242827,0.36288,3.6288,60.3727,0.58378,0,0,3.19174,0.21204,0,0.66528,12.849,1,0.444406,0.36288,0,117.67,4.32957,113.259,0.84672,12.849,0.84672,3695.15,0,36.966,0.372218,4.02713,2.20929,15.8109,1.04927,20.6259,0.42336,36.966,0.42336,423.524,0,1.02816,0,0,5.05529,4.02713,1.028160,1,0,133.885,0,0,0,133.885,0
72.29,2.18928,0,0,9.18639,0.267106,2.9216,3.6288,61.308,0.593061,0,0,5.907,0.21703,4.16164,0.66528,12.849,1,0.410768,2.9216,0,164.986,4.57874,162.918,0.84672,12.849,0.84672,3695.15,0,36.966,0.363129,7.21578,2.02015,22.6463,1.14381,30.3753,0.42336,36.966,0.42336,423.524,0,1.02816,0,0,8.24394,7.21578,1.028160,1,0,197.455,0,0,0,197.455,0
72.29,2.20793,0,0,9.85055,0.275054,7.36756,3.6288,61.308,0.596638,0,0,7.00637,0.218321,6.19141,0.66528,12.849,1,0.392444,7.36756,0,202.78,4.57874,205.176,0.84672,12.849,0.84672,3695.15,0,36.966,0.359746,7.4552,2.02036,26.1317,1.14381,34.1037,0.42336,36.966,0.42336,423.524,0,1.02816,0,0,8.48336,7.4552,1.028160,1,0,245.471,0,0,0,245.471,0
72.29,2.20822,0,0,9.12108,0.275054,6.63781,3.6288,61.308,0.596758,0,0,5.20797,0.218321,4.39289,0.66528,12.849,1,0.392494,6.63781,0,284.762,4.57874,286.429,0.84672,12.849,0.84672,3695.15,0,36.966,0.359819,6.37234,2.02057,25.9457,1.14381,32.8349,0.42336,36.966,0.42336,423.524,0,1.02816,0,0,7.4005,6.37234,1.028160,1,0,323.657,0,0,0,323.657,0
72.29,2.2085,0,0,8.40655,0.291451,5.9066,3.6288,61.308,0.596878,0,0,2.69735,0.225696,1.87477,0.66528,12.849,1,0.392544,5.9066,0,196.379,4.83947,197.054,0.84672,12.849,0.84672,3695.15,0,36.966,0.359891,3.7092,2.02078,18.1056,1.19097,22.2847,0.42336,36.966,0.42336,423.524,0,1.02816,0,0,4.73736,3.7092,1.028160,1,0,221.213,0,0,0,221.213,0
72.29,2.28601,0,0,8.20242,0.293495,5.62291,3.6288,61.308,0.630939,0,0,3.90649,0.223373,3.05218,0.66528,12.849,1,0.406322,5.62291,0,173.769,4.06987,174.916,0.84672,12.849,0.84672,3695.15,0,36.966,0.380428,4.79198,2.02099,17.1608,1.15609,22.4372,0.42336,36.966,0.42336,423.524,0,1.02816,0,0,5.82014,4.79198,1.028160,1,0,200.406,0,0,0,200.406,0
72.29,2.28629,0,0,5.82918,0.295317,3.24758,3.6288,61.308,0.631055,0,0,2.63247,0.214529,1.78689,0.66528,12.849,1,0.40637,3.24758,0,167.094,3.97226,165.963,0.84672,12.849,0.84672,3695.15,0,36.966,0.380498,2.15994,2.08028,14.584,1.13821,17.3055,0.42336,36.966,0.42336,423.524,0,1.02816,0,0,3.1881,2.15994,1.028160,1,0,185.055,0,0,0,185.055,0
72.29,2.28656,0,0,11.7777,0.295317,9.19582,3.6288,61.308,0.631172,0,0,7.04116,0.214529,6.19546,0.66528,12.849,1,0.406419,9.19582,0,195.639,3.97226,200.456,0.84672,12.849,0.84672,3695.15,0,36.966,0.380569,5.87598,2.08049,25.0707,1.13821,31.5084,0.42336,36.966,0.42336,423.524,0,1.02816,0,0,6.90414,5.87598,1.028160,1,0,238.16,0,0,0,238.16,0
72.29,2.28684,0,0,7.18563,0.295317,4.60348,3.6288,61.308,0.631289,0,0,4.53982,0.214529,3.694,0.66528,12.849,1,0.406468,4.60348,0,163.506,3.97226,163.731,0.84672,12.849,0.84672,3695.15,0,36.966,0.380639,2.70653,2.08069,13.0425,1.13821,16.3109,0.42336,36.966,0.42336,423.524,0,1.02816,0,0,3.73469,2.70653,1.028160,1,0,183.736,0,0,0,183.736,0
72.29,2.53523,0,0,4.80327,0.29747,1.97057,3.6288,61.308,0.66528,0,0,5.98677,0.179734,5.14175,0.66528,12.849,1,0.450618,1.97057,0,107.425,3.69378,105.252,0.84672,12.849,0.84672,3695.15,0,36.966,0.551172,3.22969,2.0809,14.1536,0.970068,17.943,0.42336,36.966,0.42336,423.524,0,1.02816,0,0,4.25785,3.22969,1.028160,1,0,128.336,0,0,0,128.336,0
72.29,2.53553,0,0,5.39048,0.298332,2.55661,3.6288,61.308,0.66528,0,0,4.46738,0.165816,3.63628,0.66528,12.849,1,0.450672,2.55661,0,144.638,3.58239,143.161,0.84672,12.849,0.84672,3695.15,0,36.966,0.551381,4.27205,2.29374,16.1026,0.90281,21.2142,0.42336,36.966,0.42336,423.524,0,1.02816,0,0,5.30021,4.27205,1.028160,1,0,168.012,0,0,0,168.012,0
72.29,2.53583,0,0,4.9171,0.346786,2.03448,3.6288,61.308,0.66528,0,0,4.31914,0.150064,3.5038,0.66528,12.849,1,0.450725,2.03448,0,123.511,3.69483,121.399,0.84672,12.849,0.84672,3695.15,0,36.966,0.551591,4.74226,2.29396,13.7821,0.855588,19.4111,0.42336,36.966,0.42336,423.524,0,1.02816,0,0,5.77042,4.74226,1.028160,1,0,144.314,0,0,0,144.314,0
72.29,2.53613,0,0,7.92298,0.384483,5.00237,3.6288,61.308,0.66528,0,0,3.77164,0.187443,2.91891,0.66528,12.849,1,0.450779,5.00237,0,179.868,3.60349,180.816,0.84672,12.849,0.84672,3695.15,0,36.966,0.5518,3.97213,2.29419,15.9484,0.907674,20.7552,0.42336,36.966,0.42336,423.524,0,1.02816,0,0,5.00029,3.97213,1.028160,1,0,204.49,0,0,0,204.49,0
72.29,2.18238,0,0,5.46094,0.380466,2.89809,3.6288,61.308,0.588256,0,0,4.02772,0.134335,3.30513,0.66528,12.849,1,0.387901,2.89809,0,145.711,3.21582,145.005,0.84672,12.849,0.84672,3695.15,0,36.966,0.354692,4.9849,2.29442,13.4595,0.774715,19.6094,0.42336,36.966,0.42336,423.524,0,1.02816,0,0,6.01306,4.9849,1.028160,1,0,167.92,0,0,0,167.92,0
72.29,2.18264,0,0,5.67222,0.378859,3.11072,3.6288,61.308,0.588368,0,0,3.9143,0.113092,3.21284,0.66528,12.849,1,0.387948,3.11072,0,135.623,3.06075,135.285,0.84672,12.849,0.84672,3695.15,0,36.966,0.35476,6.53815,2.00455,13.1264,0.721531,20.5928,0.42336,36.966,0.42336,423.524,0,1.02816,0,0,7.56631,6.53815,1.028160,1,0,159.091,0,0,0,159.091,0
72.29,2.18291,0,0,7.87123,0.378859,5.30947,3.6288,61.308,0.58848,0,0,4.53796,0.113092,3.83639,0.66528,12.849,1,0.387995,5.30947,0,172.095,3.06075,173.956,0.84672,12.849,0.84672,3695.15,0,36.966,0.354827,7.42141,2.00475,17.8902,0.721531,26.24,0.42336,36.966,0.42336,423.524,0,1.02816,0,0,8.44957,7.42141,1.028160,1,0,204.032,0,0,0,204.032,0
72.29,2.18317,0,0,6.80702,0.3777,4.24616,3.6288,61.308,0.588592,0,0,4.04293,0.104133,3.35021,0.66528,12.849,1,0.388042,4.24616,0,167.411,2.96659,168.303,0.84672,12.849,0.84672,3695.15,0,36.966,0.354895,6.99408,2.00494,15.3941,0.713589,23.3246,0.42336,36.966,0.42336,423.524,0,1.02816,0,0,8.02224,6.99408,1.028160,1,0,194.978,0,0,0,194.978,0
72.29,2.18343,0,0,10.766,0.351238,8.2313,3.6288,61.308,0.588704,0,0,5.21889,0.155921,4.47426,0.66528,12.849,1,0.388088,8.2313,0,294.75,3.94352,298.65,0.84672,12.849,0.84672,3695.15,0,36.966,0.354963,7.94402,2.00514,25.3664,0.960077,34.0006,0.42336,36.966,0.42336,423.524,0,1.02816,0,0,8.97218,7.94402,1.028160,1,0,337.125,0,0,0,337.125,0
72.29,2.27286,0,0,5.70392,0.271122,3.15994,3.6288,61.308,0.630708,0,0,2.54395,0.193335,1.71991,0.66528,12.849,1,0.403984,3.15994,0,144.107,4.67589,142.187,0.84672,12.849,0.84672,3695.15,0,36.966,0.380289,4.71495,2.00534,12.91,1.08089,18.1691,0.42336,36.966,0.42336,423.524,0,1.02816,0,0,5.74311,4.71495,1.028160,1,0,162.076,0,0,0,162.076,0
72.29,2.27313,0,0,7.81592,0.259913,5.28287,3.6288,61.308,0.630825,0,0,4.24955,0.180561,3.43816,0.66528,12.849,1,0.404032,5.28287,0,166.244,4.67838,166.444,0.84672,12.849,0.84672,3695.15,0,36.966,0.380359,6.78715,2.07709,19.2799,1.03967,26.7241,0.42336,36.966,0.42336,423.524,0,1.02816,0,0,7.81531,6.78715,1.028160,1,0,196.607,0,0,0,196.607,0
72.29,2.27341,0,0,7.78654,0.259913,5.25322,3.6288,61.308,0.630941,0,0,4.9524,0.180561,4.1409,0.66528,12.849,1,0.404081,5.25322,0,187.635,4.67838,187.806,0.84672,12.849,0.84672,3695.15,0,36.966,0.38043,7.47982,2.0773,21.162,1.03967,29.2991,0.42336,36.966,0.42336,423.524,0,1.02816,0,0,8.50798,7.47982,1.028160,1,0,221.246,0,0,0,221.246,0
72.29,2.27368,0,0,7.00919,0.259913,4.4756,3.6288,61.308,0.631058,0,0,4.96828,0.180561,4.15666,0.66528,12.849,1,0.404129,4.4756,0,203.132,4.67838,202.526,0.84672,12.849,0.84672,3695.15,0,36.966,0.3805,7.41226,2.0775,20.1253,1.03967,28.1949,0.42336,36.966,0.42336,423.524,0,1.02816,0,0,8.44042,7.41226,1.028160,1,0,234.877,0,0,0,234.877,0
72.29,2.23907,0,0,4.55812,0.139631,2.17941,3.6288,61.308,0.614897,0,0,1.92281,0.23998,1.06793,0.66528,12.849,1,0.397978,2.17941,0,87.4446,3.66145,85.5646,0.84672,12.849,0.84672,3695.15,0,36.966,0.370756,1.76367,2.07771,6.92505,1.14001,9.25567,0.42336,36.966,0.42336,423.524,0,1.02816,0,0,2.79183,1.76367,1.028160,1,0,95.8881,0,0,0,95.8881,0
72.29,2.23934,0,0,4.05035,0.139631,1.67137,3.6288,61.308,0.615012,0,0,2.08549,0.23998,1.2305,0.66528,12.849,1,0.398026,1.67137,0,81.2203,3.66145,78.8322,0.84672,12.849,0.84672,3695.15,0,36.966,0.370825,1.95029,2.05006,7.10519,1.14001,9.5947,0.42336,36.966,0.42336,423.524,0,1.02816,0,0,2.97845,1.95029,1.028160,1,0,89.6574,0,0,0,89.6574,0
72.29,2.23961,0,0,4.23033,0.139631,1.85109,3.6288,61.308,0.615127,0,0,1.78641,0.23998,0.931299,0.66528,12.849,1,0.398074,1.85109,0,80.5516,3.66145,78.3431,0.84672,12.849,0.84672,3695.15,0,36.966,0.370894,1.44482,2.05026,8.337,1.14001,10.3212,0.42336,36.966,0.42336,423.524,0,1.02816,0,0,2.47298,1.44482,1.028160,1,0,89.5956,0,0,0,89.5956,0
72.29,2.23988,0,0,4.13404,0.103139,1.79102,3.6288,61.308,0.615242,0,0,1.74202,0.257784,0.868997,0.66528,12.849,1,0.398122,1.79102,0,80.0868,5.06501,76.4147,0.84672,12.849,0.84672,3695.15,0,36.966,0.370964,1.55542,2.05046,7.53209,1.19534,9.57167,0.42336,36.966,0.42336,423.524,0,1.02816,0,0,2.58358,1.55542,1.028160,1,0,86.8553,0,0,0,86.8553,0
72.29,2.35859,0,0,4.22689,0.110346,1.75795,3.6288,61.308,0.66528,0,0,1.8406,0.245607,0.929709,0.66528,12.849,1,0.419222,1.75795,0,86.7047,4.7195,83.324,0.84672,12.849,0.84672,3695.15,0,36.966,0.413678,1.39161,2.05066,7.09258,1.16314,8.95803,0.42336,36.966,0.42336,423.524,0,1.02816,0,0,2.41977,1.39161,1.028160,1,0,93.2117,0,0,0,93.2117,0
72.29,2.35888,0,0,3.80847,0.106816,1.34278,3.6288,61.308,0.66528,0,0,1.86843,0.240319,0.962827,0.66528,12.849,1,0.419272,1.34278,0,79.3809,4.70921,75.5952,0.84672,12.849,0.84672,3695.15,0,36.966,0.413873,1.24339,2.14852,6.28733,1.15455,8.11082,0.42336,36.966,0.42336,423.524,0,1.02816,0,0,2.27155,1.24339,1.028160,1,0,84.6688,0,0,0,84.6688,0
72.29,2.35916,0,0,3.53462,0.0497322,1.12573,3.6288,61.308,0.66528,0,0,1.71599,0.257864,0.792846,0.66528,12.849,1,0.419322,1.12573,0,60.7065,5.00756,56.4053,0.84672,12.849,0.84672,3695.15,0,36.966,0.414067,0.93738,2.14873,5.99432,1.28132,7.38505,0.42336,36.966,0.42336,423.524,0,1.02816,0,0,1.96554,0.93738,1.028160,1,0,64.5832,0,0,0,64.5832,0
72.29,2.35944,0,0,3.3944,0.0497322,0.985226,3.6288,61.308,0.66528,0,0,1.69798,0.257864,0.774832,0.66528,12.849,1,0.419372,0.985226,0,56.3458,5.00756,51.9041,0.84672,12.849,0.84672,3695.15,0,36.966,0.414261,0.944292,2.14895,5.75262,1.28132,7.15028,0.42336,36.966,0.42336,423.524,0,1.02816,0,0,1.97245,0.944292,1.028160,1,0,59.8293,0,0,0,59.8293,0
72.29,2.35972,0,0,2.9949,0.0504595,0.584721,3.6288,61.308,0.66528,0,0,1.64918,0.263315,0.720582,0.66528,12.849,1,0.419422,0.584721,0,51.9145,5.04866,47.0311,0.84672,12.849,0.84672,3695.15,0,36.966,0.414456,1.23799,2.14916,5.70726,1.28176,7.39819,0.42336,36.966,0.42336,423.524,0,1.02816,0,0,2.26615,1.23799,1.028160,1,0,55.1499,0,0,0,55.1499,0
71.8148,2.33657,0,0,2.27648,0.0522779,0.36288,3.6288,61.308,0.66528,0,0,1.49373,0.276942,0.551504,0.66528,12.849,1,0.415307,0.36288,0,45.8539,5.15141,40.65,0.84672,12.849,0.84672,3695.15,0,36.966,0.465554,1.45468,2.14937,6.46365,1.28287,8.31929,0.42336,36.966,0.42336,423.524,0,1.02816,0,0,2.48284,1.45468,1.028160,1,0,49.5208,0,0,0,49.5208,0
71.197,2.33451,0,0,2.13173,0.0520894,0.36288,3.6288,61.308,0.66528,0,0,1.42003,0.276942,0.477805,0.66528,12.849,1,0.417688,0.36288,0,45.7939,5.15141,40.5877,0.84672,12.849,0.84672,3695.15,0,36.966,0.465754,1.30485,2.18374,6.64252,1.28287,8.38248,0.42336,36.966,0.42336,423.524,0,1.02816,0,0,2.33301,1.30485,1.028160,1,0,49.448,0,0,0,49.448,0
70.3893,2.33172,0,0,1.93871,0.0518443,0.36288,3.6288,61.308,0.66528,0,0,1.38472,0.276942,0.442494,0.66528,12.849,1,0.420808,0.36288,0,44.8976,5.15141,39.6883,0.84672,12.849,0.84672,3695.15,0,36.966,0.465954,1.27462,2.18396,6.36473,1.28287,8.07449,0.42336,36.966,0.42336,423.524,0,1.02816,0,0,2.30278,1.27462,1.028160,1,0,48.2052,0,0,0,48.2052,0
69.4066,2.32792,0,0,1.75967,0.0515239,0.36288,3.6288,61.308,0.66528,0,0,1.29908,0.276942,0.356854,0.66528,12.849,1,0.424943,0.36288,0,40.0074,5.15141,34.794,0.84672,12.849,0.84672,3695.15,0,36.966,0.466154,1.01493,2.18417,6.15705,1.28287,7.60713,0.42336,36.966,0.42336,423.524,0,1.02816,0,0,2.04309,1.01493,1.028160,1,0,42.758,0,0,0,42.758,0
68.3562,2.38329,0,0,1.73839,0.042664,0.36288,3.6288,61.308,0.66528,0,0,1.27467,0.325758,0.28363,0.66528,12.849,1,0.44121,0.36288,0,39.2875,5.76722,33.442,0.84672,12.849,0.84672,3695.15,0,36.966,0.511741,0.919322,2.18439,5.01333,1.45491,6.15039,0.42336,36.966,0.42336,423.524,0,1.02816,0,0,1.94748,0.919322,1.028160,1,0,39.876,0,0,0,39.876,0
67.198,2.37787,0,0,1.62892,0.046304,0.36288,3.6288,61.308,0.66528,0,0,1.10614,0.321097,0.119768,0.66528,12.849,1,0.44697,0.36288,0,33.6642,5.70518,27.8749,0.84672,12.849,0.84672,3695.15,0,36.966,0.511945,1.06596,2.23303,5.01732,1.42347,6.38089,0.42336,36.966,0.42336,423.524,0,1.02816,0,0,2.09412,1.06596,1.028160,1,0,34.3756,0,0,0,34.3756,0
65.9403,2.37168,0,0,1.52274,0.0458846,0.36288,3.6288,61.308,0.66528,0,0,1.02343,0.321097,0.0370571,0.66528,12.849,1,0.453491,0.36288,0,32.0096,5.70518,26.2138,0.84672,12.849,0.84672,3695.15,0,36.966,0.51215,0.885747,2.23326,4.40252,1.42347,5.5859,0.42336,36.966,0.42336,423.524,0,1.02816,0,0,1.91391,0.885747,1.028160,1,0,31.8367,0,0,0,31.8367,0
64.6696,2.36472,0,0,1.50228,0.0454291,0.36288,3.6288,61.308,0.66528,0,0,1.10724,0.321097,0.120865,0.66528,12.849,1,0.460785,0.36288,0,29.7017,5.70518,23.8986,0.84672,12.849,0.84672,3695.15,0,36.966,0.512355,1.01475,2.23348,4.97877,1.42347,6.29117,0.42336,36.966,0.42336,423.524,0,1.02816,0,0,2.04291,1.01475,1.028160,1,0,30.3107,0,0,0,30.3107,0
63.3635,2.53174,0,0,1.63809,0.0495727,0.36288,3.6288,61.308,0.66528,0,0,1.16453,0.316003,0.183251,0.66528,12.849,1,0.503024,0.36288,0,29.5132,5.9751,23.398,0.84672,12.849,0.84672,3695.15,0,36.966,0.676452,1.07018,2.2337,5.5956,1.51849,6.70453,0.42336,36.966,0.42336,423.524,0,1.02816,0,0,2.09834,1.07018,1.028160,1,0,30.2857,0,0,0,30.2857,0
62.346,2.52342,0,0,1.94581,0.0769494,0.36288,3.6288,61.308,0.66528,0,0,1.52073,0.323657,0.53179,0.66528,12.849,1,0.511706,0.36288,0,35.6542,6.00485,29.5005,0.84672,12.849,0.84672,3695.15,0,36.966,0.676675,1.61984,2.39969,5.23572,1.55913,7.01945,0.42336,36.966,0.42336,423.524,0,1.02816,0,0,2.648,1.61984,1.028160,1,0,37.0517,0,0,0,37.0517,0
60.9273,2.5168,0,0,1.53725,0.0763121,0.36288,3.6288,61.308,0.66528,0,0,1.11006,0.323657,0.121122,0.66528,12.849,1,0.518691,0.36288,0,36.794,6.00485,30.6333,0.84672,12.849,0.84672,3695.15,0,36.966,0.676897,0.868899,2.39993,4.14858,1.55913,5.18138,0.42336,36.966,0.42336,423.524,0,1.02816,0,0,1.89706,0.868899,1.028160,1,0,35.9358,0,0,0,35.9358,0
59.8858,2.50712,0,0,1.90389,0.0754236,0.36288,3.6288,61.308,0.66528,0,0,1.84677,0.323657,0.857828,0.66528,12.849,1,0.528728,0.36288,0,32.6078,6.00485,26.4371,0.84672,12.849,0.84672,3695.15,0,36.966,0.67712,2.35543,2.40017,6.23412,1.55913,8.75347,0.42336,36.966,0.42336,423.524,0,1.02816,0,0,3.38359,2.35543,1.028160,1,0,36.0484,0,0,0,36.0484,0
58.4018,2.49984,0,0,1.46335,0.0845572,0.36288,3.6288,61.308,0.66528,0,0,1.25302,0.288867,0.298878,0.66528,12.849,1,0.536363,0.36288,0,26.0072,5.07603,20.7577,0.84672,12.849,0.84672,3695.15,0,36.966,0.677343,1.25778,2.40041,5.9539,1.22613,7.70862,0.42336,36.966,0.42336,423.524,0,1.02816,0,0,2.28594,1.25778,1.028160,1,0,28.7652,0,0,0,28.7652,0
56.7425,2.40546,0,0,1.21876,0.109743,0.36288,3.6288,61.308,0.66528,0,0,1.59468,0.273177,0.656219,0.66528,12.849,1,0.529226,0.36288,0,20.9353,4.6788,16.0902,0.84672,12.849,0.84672,3695.15,0,36.966,0.578036,2.21464,2.40065,6.80547,1.24284,9.59988,0.42336,36.966,0.42336,423.524,0,1.02816,0,0,3.2428,2.21464,1.028160,1,0,26.3463,0,0,0,26.3463,0
54.8898,2.39313,0,0,1.01129,0.107974,0.36288,3.6288,61.2272,0.66528,0,0,0.857693,0.273177,0,0.66528,12.849,1,0.54191,0.36288,0,20.0591,4.6788,15.2013,0.84672,12.849,0.84672,3695.15,0,36.966,0.578248,0.650627,2.3049,5.06827,1.24284,6.2027,0.42336,36.966,0.42336,423.524,0,1.02816,0,0,1.67879,0.650627,1.028160,1,0,21.404,0,0,0,21.404,0
53.4461,2.37859,0,0,1.45451,0.156763,0.36288,3.6288,61.308,0.66528,0,0,1.05498,0.227577,0.0813579,0.66528,12.849,1,0.556797,0.36288,0,23.411,4.05591,19.1612,0.84672,12.849,0.84672,3695.15,0,36.966,0.57846,0.863585,2.30513,5.57709,1.04815,7.11919,0.42336,36.966,0.42336,423.524,0,1.02816,0,0,1.89175,0.863585,1.028160,1,0,26.3618,0,0,0,26.3618,0
54.0488,2.36675,0,0,3.55349,0.221188,0.36288,3.6288,61.308,0.66528,0,0,2.16782,0.167048,1.33549,0.66528,12.849,1,0.56899,0.36288,0,70.6034,3.22539,67.1719,0.84672,12.849,0.84672,3695.15,0,36.966,0.578672,1.985,2.30536,14.8548,0.78856,17.778,0.42336,36.966,0.42336,423.524,0,1.02816,0,0,3.01316,1.985,1.028160,1,0,86.2854,0,0,0,86.2854,0
52.6329,2.30456,0,0,1.47552,0.223901,0.36288,3.6288,61.2394,0.66528,0,0,0.779726,0.183051,0,0.66528,12.849,1,0.547863,0.36288,0,40.4887,4.24307,36.0606,0.84672,12.849,0.84672,3695.15,0,36.966,0.488248,0.348538,2.30559,6.49363,0.905508,7.754,0.42336,36.966,0.42336,423.524,0,1.02816,0,0,1.3767,0.348538,1.028160,1,0,43.8146,0,0,0,43.8146,0
51.9994,2.29299,0,0,2.24358,0.221219,0.36288,3.6288,61.308,0.66528,0,0,1.22429,0.18937,0.301035,0.66528,12.849,1,0.559775,0.36288,0,53.038,4.65013,48.191,0.84672,12.849,0.84672,3695.15,0,36.966,0.48845,0.985461,2.22012,9.54176,0.952287,11.3066,0.42336,36.966,0.42336,423.524,0,1.02816,0,0,2.01362,0.985461,1.028160,1,0,59.7986,0,0,0,59.7986,0
53.7134,2.28779,0,0,4.58437,0.219777,0.36288,3.6288,61.308,0.66528,0,0,2.36923,0.189452,1.5145,0.66528,12.849,1,0.565311,0.36288,0,106.242,4.65013,101.389,0.84672,12.849,0.84672,3695.15,0,36.966,0.488653,3.36983,2.22034,15.3198,0.952287,19.4691,0.42336,36.966,0.42336,423.524,0,1.02816,0,0,4.39799,3.36983,1.028160,1,0,122.373,0,0,0,122.373,0
54.6036,2.30262,0,0,3.80911,0.253393,0.36288,3.6288,61.308,0.66528,0,0,1.91055,0.201017,1.04425,0.66528,12.849,1,0.550821,0.36288,0,56.7265,4.34308,52.1955,0.84672,12.849,0.84672,3695.15,0,36.966,0.488855,2.15535,2.22056,10.8163,0.846226,13.8572,0.42336,36.966,0.42336,423.524,0,1.02816,0,0,3.18351,2.15535,1.028160,1,0,67.0969,0,0,0,67.0969,0
53.6987,2.11775,0,0,1.84006,0.264256,0.36288,3.6288,61.308,0.602317,0,0,1.77877,0.195653,0.980798,0.66528,12.849,1,0.498337,0.36288,0,44.4507,4.01493,40.3003,0.84672,12.849,0.84672,3695.15,0,36.966,0.363171,1.88734,2.22078,10.3068,0.921934,13.1298,0.42336,36.966,0.42336,423.524,0,1.02816,0,0,2.9155,1.88734,1.028160,1,0,54.411,0,0,0,54.411,0
52.7819,2.11123,0,0,1.81455,0.25732,0.36288,3.6288,61.308,0.602431,0,0,1.24393,0.182334,0.459164,0.66528,12.849,1,0.505173,0.36288,0,58.8657,3.74115,54.9823,0.84672,12.849,0.84672,3695.15,0,36.966,0.363239,1.97148,2.03055,10.3491,1.07944,12.9085,0.42336,36.966,0.42336,423.524,0,1.02816,0,0,2.99964,1.97148,1.028160,1,0,68.3499,0,0,0,68.3499,0
53.0618,2.10442,0,0,3.0022,0.254919,0.36288,3.6288,61.308,0.602545,0,0,0.878524,0.182334,0.0936454,0.66528,12.849,1,0.512292,0.36288,0,78.5739,3.74115,74.6833,0.84672,12.849,0.84672,3695.15,0,36.966,0.363308,1.38968,2.03075,8.02339,1.07944,10.0011,0.42336,36.966,0.42336,423.524,0,1.02816,0,0,2.41784,1.38968,1.028160,1,0,84.778,0,0,0,84.778,0
53.0744,2.10685,0,0,2.73798,0.255652,0.36288,3.6288,61.308,0.602658,0,0,4.51868,0.182334,3.73368,0.66528,12.849,1,0.510178,0.36288,0,103.186,3.74115,99.2973,0.84672,12.849,0.84672,3695.15,0,36.966,0.363376,5.60945,2.03095,11.0792,1.07944,17.2768,0.42336,36.966,0.42336,423.524,0,1.02816,0,0,6.63761,5.60945,1.028160,1,0,120.308,0,0,0,120.308,0
52.7527,2.1072,0,0,2.42562,0.277306,0.36288,3.6288,61.308,0.602772,0,0,2.02897,0.180011,1.24619,0.66528,12.849,1,0.510141,0.36288,0,76.6793,4.11735,72.4147,0.84672,12.849,0.84672,3695.15,0,36.966,0.363445,2.76991,2.03115,7.17159,1.2376,10.3716,0.42336,36.966,0.42336,423.524,0,1.02816,0,0,3.79807,2.76991,1.028160,1,0,84.0325,0,0,0,84.0325,0
58.6291,2.17851,0,0,8.64034,0.222485,0.36288,3.6288,61.308,0.637016,0,0,2.47277,0.188333,1.64742,0.66528,12.849,1,0.530621,0.36288,0,117.148,3.27275,113.708,0.84672,12.849,0.84672,3695.15,0,36.966,0.384092,2.99741,2.03135,16.5816,0.930768,20.2955,0.42336,36.966,0.42336,423.524,0,1.02816,0,0,4.02557,2.99741,1.028160,1,0,135.65,0,0,0,135.65,0
60.6964,2.22238,0,0,4.88845,0.235919,0.36288,3.6288,61.308,0.637125,0,0,1.33319,0.188333,0.507729,0.66528,12.849,1,0.487051,0.36288,0,89.2486,3.27275,85.8517,0.84672,12.849,0.84672,3695.15,0,36.966,0.384158,1.97636,2.09095,10.2702,0.930768,13.0226,0.42336,36.966,0.42336,423.524,0,1.02816,0,0,3.00452,1.97636,1.028160,1,0,99.382,0,0,0,99.382,0
61.8279,2.23632,0,0,3.98199,0.251304,0.36288,3.6288,61.308,0.637235,0,0,1.18613,0.189507,0.359383,0.66528,12.849,1,0.473413,0.36288,0,72.3652,3.34012,68.9145,0.84672,12.849,0.84672,3695.15,0,36.966,0.384224,1.5537,2.09115,8.34114,0.968469,10.6333,0.42336,36.966,0.42336,423.524,0,1.02816,0,0,2.58186,1.5537,1.028160,1,0,79.9072,0,0,0,79.9072,0
63.6492,2.24375,0,0,4.73998,0.312068,0.36288,3.6288,61.308,0.637345,0,0,1.57937,0.187281,0.754741,0.66528,12.849,1,0.466293,0.36288,0,74.5762,3.39611,71.0766,0.84672,12.849,0.84672,3695.15,0,36.966,0.38429,2.05092,2.09134,9.3674,0.935779,12.1896,0.42336,36.966,0.42336,423.524,0,1.02816,0,0,3.07908,2.05092,1.028160,1,0,84.021,0,0,0,84.021,0
64.2026,2.4996,0,0,3.73748,0.321611,0.36288,3.6288,61.308,0.66528,0,0,1.14142,0.179396,0.296745,0.66528,12.849,1,0.504599,0.36288,0,60.7155,3.28018,57.2936,0.84672,12.849,0.84672,3695.15,0,36.966,0.562008,1.01809,2.09153,7.30763,0.836787,9.01846,0.42336,36.966,0.42336,423.524,0,1.02816,0,0,2.04625,1.01809,1.028160,1,0,66.6088,0,0,0,66.6088,0
64.8286,2.5035,0,0,3.8212,0.328804,0.36288,3.6288,61.308,0.66528,0,0,0.967723,0.176266,0.126178,0.66528,12.849,1,0.501031,0.36288,0,63.1919,3.29773,59.756,0.84672,12.849,0.84672,3695.15,0,36.966,0.562205,0.634496,2.30555,7.24801,0.84021,8.78564,0.42336,36.966,0.42336,423.524,0,1.02816,0,0,1.66266,0.634496,1.028160,1,0,68.6679,0,0,0,68.6679,0
65.2724,2.50781,0,0,3.645,0.330468,0.36288,3.6288,61.308,0.66528,0,0,1.10868,0.176266,0.267139,0.66528,12.849,1,0.497048,0.36288,0,56.3935,3.29773,52.9615,0.84672,12.849,0.84672,3695.15,0,36.966,0.562401,0.645339,2.30576,7.412,0.84021,8.96048,0.42336,36.966,0.42336,423.524,0,1.02816,0,0,1.6735,0.645339,1.028160,1,0,62.1892,0,0,0,62.1892,0
66.5646,2.51092,0,0,4.48421,0.318272,0.36288,3.6288,61.308,0.66528,0,0,1.50879,0.193308,0.650198,0.66528,12.849,1,0.494279,0.36288,0,71.1767,3.87469,67.1706,0.84672,12.849,0.84672,3695.15,0,36.966,0.562598,0.840128,2.30597,12.9805,0.972389,14.5916,0.42336,36.966,0.42336,423.524,0,1.02816,0,0,1.86829,0.840128,1.028160,1,0,82.4124,0,0,0,82.4124,0
68.4482,2.16778,0,0,4.71372,0.299459,0.36288,3.6288,61.308,0.594034,0,0,1.80304,0.196167,1.01284,0.66528,12.849,1,0.418448,0.36288,0,84.649,4.20692,80.3865,0.84672,12.849,0.84672,3695.15,0,36.966,0.358176,1.35767,2.30619,11.8695,1.05032,14.1249,0.42336,36.966,0.42336,423.524,0,1.02816,0,0,2.38583,1.35767,1.028160,1,0,95.5243,0,0,0,95.5243,0
69.9585,2.17772,0,0,4.35054,0.299582,0.36288,3.6288,61.308,0.59414,0,0,1.94853,0.195402,1.15899,0.66528,12.849,1,0.408799,0.36288,0,76.3022,4.06224,72.194,0.84672,12.849,0.84672,3695.15,0,36.966,0.35824,1.40766,2.01469,12.8972,1.07616,14.8851,0.42336,36.966,0.42336,423.524,0,1.02816,0,0,2.43582,1.40766,1.028160,1,0,88.2381,0,0,0,88.2381,0
72.29,2.18542,0,0,5.74213,0.303119,0.922117,3.6288,61.308,0.594245,0,0,3.95677,0.195402,3.16712,0.66528,12.849,1,0.401387,0.922117,0,119.841,4.06224,116.3,0.84672,12.849,0.84672,3695.15,0,36.966,0.358303,3.03703,2.01488,19.8199,1.07616,23.4373,0.42336,36.966,0.42336,423.524,0,1.02816,0,0,4.06519,3.03703,1.028160,1,0,142.904,0,0,0,142.904,0
72.29,2.19666,0,0,4.9666,0.31673,2.45321,3.6288,61.308,0.59435,0,0,2.17627,0.184575,1.39734,0.66528,12.849,1,0.39044,2.45321,0,89.1112,3.93808,87.2359,0.84672,12.849,0.84672,3695.15,0,36.966,0.358367,1.62604,2.01506,12.9864,1.04165,15.2275,0.42336,36.966,0.42336,423.524,0,1.02816,0,0,2.6542,1.62604,1.028160,1,0,103.861,0,0,0,103.861,0
72.29,2.19691,0,0,4.6836,0.354307,2.13238,3.6288,61.308,0.594456,0,0,2.01526,0.127802,1.293,0.66528,12.849,1,0.390483,2.13238,0,70.3503,3.32409,68.7681,0.84672,12.849,0.84672,3695.15,0,36.966,0.35843,1.43767,2.01525,11.1502,0.868661,13.376,0.42336,36.966,0.42336,423.524,0,1.02816,0,0,2.46583,1.43767,1.028160,1,0,83.4372,0,0,0,83.4372,0
72.29,2.28681,0,0,6.6284,0.286293,4.05529,3.6288,61.308,0.636684,0,0,2.5518,0.176956,1.73816,0.66528,12.849,1,0.406464,4.05529,0,134.42,4.1097,133.959,0.84672,12.849,0.84672,3695.15,0,36.966,0.383892,2.262,2.01543,18.4507,1.07295,21.2713,0.42336,36.966,0.42336,423.524,0,1.02816,0,0,3.29016,2.262,1.028160,1,0,156.969,0,0,0,156.969,0
72.29,2.28707,0,0,5.84272,0.286293,3.26936,3.6288,61.308,0.636793,0,0,2.49237,0.176956,1.67862,0.66528,12.849,1,0.406509,3.26936,0,117.016,4.1097,115.769,0.84672,12.849,0.84672,3695.15,0,36.966,0.383958,1.95287,2.08757,17.0516,1.07295,19.6351,0.42336,36.966,0.42336,423.524,0,1.02816,0,0,2.98103,1.95287,1.028160,1,0,137.083,0,0,0,137.083,0
72.29,2.28733,0,0,4.46603,0.286293,1.89241,3.6288,61.308,0.636903,0,0,1.89536,0.176956,1.0815,0.66528,12.849,1,0.406555,1.89241,0,87.3521,4.1097,84.7283,0.84672,12.849,0.84672,3695.15,0,36.966,0.384024,1.14166,2.08777,12.4995,1.07295,14.2719,0.42336,36.966,0.42336,423.524,0,1.02816,0,0,2.16982,1.14166,1.028160,1,0,100.082,0,0,0,100.082,0
72.29,2.28758,0,0,3.98383,0.254574,1.44168,3.6288,61.308,0.637013,0,0,1.59928,0.192347,0.769922,0.66528,12.849,1,0.4066,1.44168,0,77.4438,4.27298,74.2059,0.84672,12.849,0.84672,3695.15,0,36.966,0.38409,0.94894,2.08796,11.0465,1.08759,12.6117,0.42336,36.966,0.42336,423.524,0,1.02816,0,0,1.9771,0.94894,1.028160,1,0,87.5875,0,0,0,87.5875,0
72.29,2.25277,0,0,4.06494,0.229975,1.5822,3.6288,61.308,0.620756,0,0,1.30724,0.197363,0.489122,0.66528,12.849,1,0.400412,1.5822,0,80.3434,3.35554,78.1696,0.84672,12.849,0.84672,3695.15,0,36.966,0.374288,1.0165,2.08815,9.28558,1.11973,10.8962,0.42336,36.966,0.42336,423.524,0,1.02816,0,0,2.04466,1.0165,1.028160,1,0,89.5549,0,0,0,89.5549,0
72.29,2.25302,0,0,3.74885,0.220054,1.27578,3.6288,61.308,0.620864,0,0,1.13856,0.198509,0.319189,0.66528,12.849,1,0.400457,1.27578,0,75.5533,3.17026,73.2584,0.84672,12.849,0.84672,3695.15,0,36.966,0.374353,0.706666,2.06033,8.49252,1.12691,9.75825,0.42336,36.966,0.42336,423.524,0,1.02816,0,0,1.73483,0.706666,1.028160,1,0,83.3358,0,0,0,83.3358,0
72.29,2.25327,0,0,4.39469,0.207889,1.93353,3.6288,61.308,0.620972,0,0,1.06472,0.204443,0.239309,0.66528,12.849,1,0.400502,1.93353,0,81.9677,3.63812,79.8626,0.84672,12.849,0.84672,3695.15,0,36.966,0.374418,0.702968,2.06052,11.2838,1.14535,12.5276,0.42336,36.966,0.42336,423.524,0,1.02816,0,0,1.73113,0.702968,1.028160,1,0,92.6295,0,0,0,92.6295,0
72.29,2.25352,0,0,3.51963,0.166061,1.10005,3.6288,61.308,0.62108,0,0,1.0354,0.222788,0.191532,0.66528,12.849,1,0.400547,1.10005,0,62.1666,4.86741,57.9987,0.84672,12.849,0.84672,3695.15,0,36.966,0.374483,0.706709,2.06071,8.67067,1.21682,9.84679,0.42336,36.966,0.42336,423.524,0,1.02816,0,0,1.73487,0.706709,1.028160,1,0,68.037,0,0,0,68.037,0
72.29,2.37287,0,0,3.15185,0.126609,0.652368,3.6288,61.308,0.66528,0,0,0.95542,0.238615,0.0515245,0.66528,12.849,1,0.42176,0.652368,0,46.7912,4.81233,42.2095,0.84672,12.849,0.84672,3695.15,0,36.966,0.42353,0.442981,2.0609,7.60035,1.28261,8.39809,0.42336,36.966,0.42336,423.524,0,1.02816,0,0,1.47114,0.442981,1.028160,1,0,50.6591,0,0,0,50.6591,0
72.29,2.37313,0,0,3.05116,0.165343,0.512686,3.6288,61.2237,0.737497,0,0,0.884892,0.231646,0,0.66528,12.849,1,0.421807,0.512686,0,44.4851,4.26153,40.3145,0.84672,12.849,0.84672,3695.15,0,36.966,0.444678,0.402797,2.15928,6.42756,1.1675,7.37746,0.42336,36.966,0.42336,423.524,0,0.934978,0,0,1.33777,0.402797,1.028160,1,0,47.6919,0,0,0,47.6919,0
72.0775,2.3734,0,0,2.6747,0.150947,0.36288,3.6288,61.0768,0.730312,0,0,0.824351,0.240961,0,0.66528,12.849,1,0.421854,0.36288,0,39.745,4.36863,35.3174,0.84672,12.849,0.84672,3695.15,0,36.966,0.440952,0.30119,2.15948,6.23618,1.19487,7.06104,0.42336,36.966,0.42336,423.524,0,0.946071,0,0,1.24726,0.30119,1.028160,1,0,42.3785,0,0,0,42.3785,0
71.7577,2.37261,0,0,2.53053,0.114771,0.36288,3.6288,60.8378,0.76728,0,0,0.792582,0.264311,0,0.66528,12.849,1,0.422957,0.36288,0,36.3321,4.63638,31.6357,0.84672,12.849,0.84672,3695.15,0,36.966,0.464387,0.30119,2.15968,5.99934,1.26328,6.73255,0.42336,36.966,0.42336,423.524,0,0.885851,0,0,1.18704,0.30119,1.028160,1,0,38.3682,0,0,0,38.3682,0
71.288,2.37127,0,0,2.37562,0.11124,0.36288,3.6288,60.4741,0.819901,0,0,0.72446,0.268227,0,0.66528,12.849,1,0.424602,0.36288,0,35.1797,4.74173,30.3762,0.84672,12.849,0.84672,3695.15,0,36.966,0.498184,0.30119,2.15988,5.92112,1.27069,6.61332,0.42336,36.966,0.42336,423.524,0,0.799615,0,0,1.10081,0.30119,1.028160,1,0,36.9895,0,0,0,36.9895,0
70.6574,2.34565,0,0,2.16941,0.0914003,0.36288,3.6288,59.8357,0.900442,0,0,0.555409,0.293442,0,0.66528,12.849,1,0.422782,0.36288,0,28.7037,5.37379,23.27,0.84672,12.849,0.84672,3695.15,0,36.966,0.550413,0.30119,2.16008,3.62762,1.31517,4.2233,0.42336,36.966,0.42336,423.524,0,0.718209,0,0,1.0194,0.30119,1.028160,1,0,27.4933,0,0,0,27.4933,0
69.9017,2.34272,0,0,2.04086,0.0909597,0.36288,3.6288,59.1533,0.914017,0,0,0.523929,0.292251,0,0.66528,12.849,1,0.426022,0.36288,0,28.4911,5.37379,23.0542,0.84672,12.849,0.84672,3695.15,0,36.966,0.564673,0.261274,2.19462,3.79144,1.31517,4.36749,0.42336,36.966,0.42336,423.524,0,0.690561,0,0,0.951834,0.261274,1.028160,1,0,27.4216,0,0,0,27.4216,0
68.9677,2.33909,0,0,1.85833,0.0904316,0.36288,3.6288,58.4717,0.909295,0,0,0.518631,0.290979,0,0.66528,12.849,1,0.429961,0.36288,0,28.2708,5.37379,22.8299,0.84672,12.849,0.84672,3695.15,0,36.966,0.568235,0.261274,2.19483,3.64906,1.31517,4.22175,0.42336,36.966,0.42336,423.524,0,0.691909,0,0,0.953182,0.261274,1.028160,1,0,27.0516,0,0,0,27.0516,0
67.862,2.33445,0,0,1.68139,0.0897788,0.36288,3.6288,57.6855,0.977793,0,0,0.48131,0.289708,0,0.66528,12.849,1,0.434918,0.36288,0,25.3873,5.37379,19.9415,0.84672,12.849,0.84672,3695.15,0,36.966,0.618164,0.261274,2.19503,3.49978,1.31517,4.02275,0.42336,36.966,0.42336,423.524,0,0.57367,0,0,0.834944,0.261274,1.028160,1,0,23.9643,0,0,0,23.9643,0
66.5955,2.38903,0,0,1.55447,0.0690628,0.36288,3.6288,56.8112,1.0474,0,0,0.492909,0.319848,0,0.66528,12.849,1,0.452339,0.36288,0,20.9264,5.77595,15.061,0.84672,12.849,0.84672,3695.15,0,36.966,0.671198,0.261274,2.19523,2.53643,1.45339,2.86835,0.42336,36.966,0.42336,423.524,0,0.496843,0,0,0.758117,0.261274,1.028160,1,0,17.9294,0,0,0,17.9294,0
65.2859,2.38208,0,0,1.50225,0.0668538,0.36288,3.6288,55.9296,1.0151,0,0,0.449194,0.315689,0,0.66528,12.849,1,0.459602,0.36288,0,25.5716,5.7392,19.7357,0.84672,12.849,0.84672,3695.15,0,36.966,0.660509,0.261274,2.24413,2.42589,1.43654,2.83424,0.42336,36.966,0.42336,423.524,0,0.540026,0,0,0.8013,0.261274,1.028160,1,0,22.57,0,0,0,22.57,0
63.8888,2.37464,0,0,1.40664,0.0661595,0.36288,3.6288,55.0359,0.997501,0,0,0.417735,0.313879,0,0.66528,12.849,1,0.467357,0.36288,0,20.5316,5.7392,14.6879,0.84672,12.849,0.84672,3695.15,0,36.966,0.659287,0.227405,2.24433,2.18677,1.43654,2.56268,0.42336,36.966,0.42336,423.524,0,0.559043,0,0,0.786447,0.227405,1.028160,1,0,17.2506,0,0,0,17.2506,0
62.3749,2.3664,0,0,1.28071,0.0654188,0.36288,3.6288,54.0569,1.0636,0,0,0.396585,0.312043,0,0.66528,12.849,1,0.475918,0.36288,0,18.7116,5.7392,12.8594,0.84672,12.849,0.84672,3695.15,0,36.966,0.71439,0.227405,2.24454,2.03976,1.43654,2.36077,0.42336,36.966,0.42336,423.524,0,0.438031,0,0,0.665435,0.227405,1.028160,1,0,15.2202,0,0,0,15.2202,0
60.8391,2.53125,0,0,1.41553,0.057162,0.36288,3.6288,53.2289,1.00555,0,0,0.486768,0.309215,0,0.66528,12.849,1,0.521428,0.36288,0,18.7622,5.9346,12.669,0.84672,12.849,0.84672,3695.15,0,36.966,0.687632,0.227405,2.24475,2.93543,1.49078,3.22917,0.42336,36.966,0.42336,423.524,0,0.687804,0,0,0.915209,0.227405,1.028160,1,0,15.8982,0,0,0,15.8982,0
59.0098,2.52066,0,0,1.11613,0.0619051,0.36288,3.6288,52.2373,1.09801,0,0,0.417646,0.31122,0,0.66528,12.849,1,0.532355,0.36288,0,16.0495,6.04464,9.83538,0.84672,12.849,0.84672,3695.15,0,36.966,0.762539,0.227405,2.41162,2.28258,1.53571,2.62336,0.42336,36.966,0.42336,423.524,0,0.520646,0,0,0.748051,0.227405,1.028160,1,0,12.4587,0,0,0,12.4587,0
57.1711,2.50739,0,0,1.09247,0.0608688,0.36288,3.6288,51.2182,1.10081,0,0,0.390489,0.308756,0,0.66528,12.849,1,0.545967,0.36288,0,14.6458,6.04464,8.41802,0.84672,12.849,0.84672,3695.15,0,36.966,0.778997,0.204422,2.41185,2.29102,1.53571,2.59258,0.42336,36.966,0.42336,423.524,0,0.501595,0,0,0.706018,0.204422,1.028160,1,0,11.0106,0,0,0,11.0106,0
55.8423,2.49332,0,0,1.58719,0.0597883,0.36288,3.6288,50.3416,1.01905,0,0,0.448685,0.306224,0,0.66528,12.849,1,0.560366,0.36288,0,16.6806,6.04464,10.4385,0.84672,12.849,0.84672,3695.15,0,36.966,0.735484,0.204422,2.41207,2.54011,1.53571,2.88541,0.42336,36.966,0.42336,423.524,0,0.627083,0,0,0.831505,0.204422,1.028160,1,0,13.3239,0,0,0,13.3239,0
55.1986,2.48276,0,0,2.28765,0.0857354,0.36288,3.6288,49.6686,0.971512,0,0,0.593897,0.295359,0,0.66528,12.849,1,0.571269,0.36288,0,27.215,5.91322,21.0934,0.84672,12.849,0.84672,3695.15,0,36.966,0.713384,0.204422,2.4123,2.82789,1.50919,3.22203,0.42336,36.966,0.42336,423.524,0,0.696928,0,0,0.901351,0.204422,1.028160,1,0,24.3155,0,0,0,24.3155,0
54.1916,2.39455,0,0,1.84323,0.0927414,0.36288,3.6288,48.8853,0.97083,0,0,0.457172,0.269714,0,0.66528,12.849,1,0.557398,0.36288,0,24.6562,5.46577,18.9959,0.84672,12.849,0.84672,3695.15,0,36.966,0.722543,0.204422,2.41252,2.34367,1.43499,2.80308,0.42336,36.966,0.42336,423.524,0,0.5886,0,0,0.793022,0.204422,1.028160,1,0,21.799,0,0,0,21.799,0
54.5076,2.38644,0,0,3.15706,0.0918054,0.36288,3.6288,48.6589,0.66528,0,0,0.706893,0.267978,0,0.66528,12.849,1,0.565832,0.36288,0,23.8215,5.46577,18.1528,0.84672,12.849,0.84672,3695.15,0,36.966,0.588732,0.446645,2.31625,3.55633,1.43499,4.2955,0.42336,36.966,0.42336,423.524,0,1.02816,0,0,1.4748,0.446645,1.028160,1,0,22.4483,0,0,0,22.4483,0
53.2131,2.38936,0,0,1.54984,0.0920991,0.36288,3.6288,47.9109,0.913942,0,0,0.433398,0.267476,0,0.66528,12.849,1,0.563241,0.36288,0,24.0003,5.46577,18.3341,0.84672,12.849,0.84672,3695.15,0,36.966,0.694319,0.216518,2.31646,2.03917,1.43499,2.44284,0.42336,36.966,0.42336,423.524,0,0.67411,0,0,0.890628,0.216518,1.028160,1,0,20.777,0,0,0,20.777,0
51.9747,2.37859,0,0,1.59398,0.0908957,0.36288,3.6288,47.1336,0.982272,0,0,0.470814,0.265818,0,0.66528,12.849,1,0.574341,0.36288,0,15.652,5.46577,9.97473,0.84672,12.849,0.84672,3695.15,0,36.966,0.757879,0.216518,2.31668,1.65402,1.43499,1.99434,0.42336,36.966,0.42336,423.524,0,0.542419,0,0,0.758938,0.216518,1.028160,1,0,11.9691,0,0,0,11.9691,0
51.2516,2.30045,0,0,2.11713,0.176919,0.36288,3.6288,46.6498,0.79712,0,0,0.547131,0.233787,0,0.66528,12.849,1,0.568708,0.36288,0,27.4234,4.43096,22.7866,0.84672,12.849,0.84672,3695.15,0,36.966,0.625167,0.216518,2.31689,3.63247,1.11357,4.42714,0.42336,36.966,0.42336,423.524,0,0.769366,0,0,0.985884,0.216518,1.028160,1,0,27.2137,0,0,0,27.2137,0
50.4194,2.29429,0,0,2.0304,0.205434,0.36288,3.6288,45.8986,0.935047,0,0,0.390456,0.206596,0,0.66528,12.849,1,0.575188,0.36288,0,25.0579,4.16966,20.6759,0.84672,12.849,0.84672,3695.15,0,36.966,0.740945,0.216518,2.23095,3.21714,1.00568,3.91799,0.42336,36.966,0.42336,423.524,0,0.515851,0,0,0.73237,0.216518,1.028160,1,0,24.5939,0,0,0,24.5939,0
49.9358,2.28697,0,0,2.36993,0.20365,0.36288,3.6288,45.8145,0.644668,0,0,0.765676,0.205167,0,0.66528,12.849,1,0.582818,0.36288,0,29.1673,4.16966,24.7777,0.84672,12.849,0.84672,3695.15,0,36.966,0.519205,0.665626,2.23116,5.10786,1.00568,6.47977,0.42336,36.966,0.42336,423.524,0,1.02816,0,0,1.69379,0.665626,1.028160,1,0,31.2574,0,0,0,31.2574,0
53.4124,2.28274,0,0,6.32486,0.202613,0.36288,3.6288,46.8403,0.644246,0,0,1.8751,0.205006,0,0.66528,12.849,1,0.587373,0.36288,0,85.7193,4.16966,81.3252,0.84672,12.849,0.84672,3695.15,0,36.966,0.519818,2.14093,2.23136,9.64355,1.00568,12.4904,0.42336,36.966,0.42336,423.524,0,1.02816,0,0,3.16909,2.14093,1.028160,1,0,93.8155,0,0,0,93.8155,0
55.3301,2.1212,0,0,4.65292,0.25119,0.36288,3.6288,47.352,0.544608,0,0,1.23849,0.182163,0,0.66528,12.849,1,0.51028,0.36288,0,53.376,3.78465,49.444,0.84672,12.849,0.84672,3695.15,0,36.966,0.4298,0.385042,2.23157,5.44966,0.91832,6.71815,0.42336,36.966,0.42336,423.524,0,1.02816,0,0,1.4132,0.385042,1.028160,1,0,56.1621,0,0,0,56.1621,0
57.4728,2.13579,0,0,4.89891,0.257483,0.36288,3.6288,48.0317,0.547312,0,0,1.42199,0.195037,0,0.66528,12.849,1,0.495983,0.36288,0,38.1002,3.9648,34.0023,0.84672,12.849,0.84672,3695.15,0,36.966,0.427267,0.639403,2.04032,4.36184,1.02361,5.59069,0.42336,36.966,0.42336,423.524,0,1.02816,0,0,1.66756,0.639403,1.028160,1,0,39.5929,0,0,0,39.5929,0
60.7506,2.15115,0,0,6.05476,0.263006,0.36288,3.6288,48.9805,0.550825,0,0,1.69583,0.196147,0,0.66528,12.849,1,0.480924,0.36288,0,73.7833,3.9648,69.7004,0.84672,12.849,0.84672,3695.15,0,36.966,0.423925,1.42173,2.04051,4.20811,1.02361,6.22282,0.42336,36.966,0.42336,423.524,0,1.02816,0,0,2.44989,1.42173,1.028160,1,0,75.9232,0,0,0,75.9232,0
61.4499,2.17281,0,0,3.50632,0.271313,0.36288,3.6288,49.2161,0.555603,0,0,0.988891,0.197698,0,0.66528,12.849,1,0.459558,0.36288,0,42.1424,3.9648,38.0809,0.84672,12.849,0.84672,3695.15,0,36.966,0.419318,0.427775,2.0407,3.72107,1.02361,4.74661,0.42336,36.966,0.42336,423.524,0,1.02816,0,0,1.45594,0.427775,1.028160,1,0,42.8275,0,0,0,42.8275,0
61.858,2.17738,0,0,3.2315,0.283075,0.36288,3.6288,48.9748,0.733536,0,0,0.700114,0.207872,0,0.66528,12.849,1,0.455284,0.36288,0,33.1777,4.19337,28.8919,0.84672,12.849,0.84672,3695.15,0,36.966,0.550955,0.412474,2.04089,4.51129,1.09491,5.31878,0.42336,36.966,0.42336,423.524,0,0.718762,0,0,1.13124,0.412474,1.028160,1,0,34.2107,0,0,0,34.2107,0
63.3924,2.25624,0,0,4.43995,0.286481,0.36288,3.6288,49.9968,0.587111,0,0,1.83699,0.227921,0,0.66528,12.849,1,0.468662,0.36288,0,67.015,5.11705,61.7921,0.84672,12.849,0.84672,3695.15,0,36.966,0.443149,2.03696,2.04107,8.70435,1.31222,11.027,0.42336,36.966,0.42336,423.524,0,1.02816,0,0,3.06512,2.03696,1.028160,1,0,72.8191,0,0,0,72.8191,0
65.779,2.26591,0,0,5.30162,0.286205,0.36288,3.6288,51.4099,0.592413,0,0,2.23466,0.229181,0,0.66528,12.849,1,0.459278,0.36288,0,123.844,5.17576,118.572,0.84672,12.849,0.84672,3695.15,0,36.966,0.438011,2.46742,2.10098,9.82558,1.31873,12.6372,0.42336,36.966,0.42336,423.524,0,1.02816,0,0,3.49558,2.46742,1.028160,1,0,131.209,0,0,0,131.209,0
72.29,2.28009,0,0,11.1603,0.291763,2.07745,3.6288,56.2697,0.599513,0,0,5.69122,0.231835,0,0.66528,12.849,1,0.445383,2.07745,0,157.424,5.17576,153.881,0.84672,12.849,0.84672,3695.15,0,36.966,0.431076,6.34626,2.10116,18.6707,1.31873,25.3683,0.42336,36.966,0.42336,423.524,0,1.02816,0,0,7.37442,6.34626,1.028160,1,0,179.249,0,0,0,179.249,0
72.29,2.31439,0,0,10.9756,0.3112,8.34997,3.6288,59.2855,0.622082,0,0,3.87296,0.235113,0,0.66528,12.849,1,0.411366,8.34997,0,288.782,4.88804,291.832,0.84672,12.849,0.84672,3695.15,0,36.966,0.408672,4.06124,2.10134,14.588,1.24127,19.1007,0.42336,36.966,0.42336,423.524,0,1.02816,0,0,5.0894,4.06124,1.028160,1,0,310.933,0,0,0,310.933,0
72.29,2.56544,0,0,10.471,0.309327,7.59628,3.6288,61.308,0.66528,0,0,4.65763,0.205331,1.76451,0.66528,12.849,1,0.455988,7.59628,0,198.654,4.00557,201.789,0.84672,12.849,0.84672,3695.15,0,36.966,0.572187,4.06894,2.10152,15.9977,1.03586,20.5602,0.42336,36.966,0.42336,423.524,0,1.02816,0,0,5.0971,4.06894,1.028160,1,0,224.114,0,0,0,224.114,0
72.29,2.56571,0,0,6.92453,0.321403,4.03742,3.6288,61.308,0.66528,0,0,5.70135,0.247726,4.78834,0.66528,12.849,1,0.456035,4.03742,0,159.278,4.46165,158.397,0.84672,12.849,0.84672,3695.15,0,36.966,0.572371,3.58528,2.31664,20.3187,1.15179,24.4964,0.42336,36.966,0.42336,423.524,0,1.02816,0,0,4.61344,3.58528,1.028160,1,0,187.682,0,0,0,187.682,0
72.29,2.56597,0,0,7.11219,0.294037,4.25218,3.6288,61.308,0.66528,0,0,4.30252,0.237152,3.40009,0.66528,12.849,1,0.456082,4.25218,0,181.776,4.18051,181.392,0.84672,12.849,0.84672,3695.15,0,36.966,0.572555,3.70641,2.31684,18.7948,1.14797,23.0975,0.42336,36.966,0.42336,423.524,0,1.02816,0,0,4.73457,3.70641,1.028160,1,0,207.889,0,0,0,207.889,0
72.29,2.56624,0,0,9.09256,0.295757,6.23057,3.6288,61.308,0.66528,0,0,4.40454,0.231545,3.50772,0.66528,12.849,1,0.456129,6.23057,0,235.761,4.11369,237.421,0.84672,12.849,0.84672,3695.15,0,36.966,0.572739,4.135,2.31704,18.7859,1.12218,23.543,0.42336,36.966,0.42336,423.524,0,1.02816,0,0,5.16316,4.135,1.028160,1,0,264.472,0,0,0,264.472,0
72.29,2.20863,0,0,7.30826,0.322929,4.77669,3.6288,61.308,0.599461,0,0,4.12074,0.220933,3.30035,0.66528,12.849,1,0.392568,4.77669,0,150.386,3.95029,150.82,0.84672,12.849,0.84672,3695.15,0,36.966,0.361448,4.03452,2.31724,20.1283,1.02985,25.0888,0.42336,36.966,0.42336,423.524,0,1.02816,0,0,5.06268,4.03452,1.028160,1,0,179.209,0,0,0,179.209,0
72.29,2.20887,0,0,6.21745,0.359158,3.64942,3.6288,61.308,0.59956,0,0,2.83915,0.206784,2.0328,0.66528,12.849,1,0.392609,3.64942,0,129.26,3.73243,128.785,0.84672,12.849,0.84672,3695.15,0,36.966,0.361508,2.94942,2.02422,14.1571,0.90675,17.8625,0.42336,36.966,0.42336,423.524,0,1.02816,0,0,3.97758,2.94942,1.028160,1,0,148.68,0,0,0,148.68,0
72.29,2.2091,0,0,4.32467,0.359158,1.75642,3.6288,61.308,0.599658,0,0,2.02834,0.206784,1.22189,0.66528,12.849,1,0.39265,1.75642,0,119.859,3.73243,117.491,0.84672,12.849,0.84672,3695.15,0,36.966,0.361567,2.49578,2.02439,13.6099,0.90675,16.8618,0.42336,36.966,0.42336,423.524,0,1.02816,0,0,3.52394,2.49578,1.028160,1,0,135.574,0,0,0,135.574,0
72.29,2.20933,0,0,4.80692,0.291189,2.3064,3.6288,61.308,0.599757,0,0,1.79658,0.170686,1.02614,0.66528,12.849,1,0.392691,2.3064,0,108.91,3.20927,107.614,0.84672,12.849,0.84672,3695.15,0,36.966,0.361627,2.17028,2.02457,12.8627,0.831597,15.8643,0.42336,36.966,0.42336,423.524,0,1.02816,0,0,3.19844,2.17028,1.028160,1,0,124.505,0,0,0,124.505,0
72.29,2.20956,0,0,5.32994,0.27986,2.84052,3.6288,61.308,0.599856,0,0,2.38701,0.16467,1.62248,0.66528,12.849,1,0.392732,2.84052,0,134.959,3.12207,134.285,0.84672,12.849,0.84672,3695.15,0,36.966,0.361686,3.00662,2.02474,13.1886,0.819072,17.0392,0.42336,36.966,0.42336,423.524,0,1.02816,0,0,4.03478,3.00662,1.028160,1,0,152.947,0,0,0,152.947,0
72.29,2.29991,0,0,5.54121,0.292057,2.94924,3.6288,61.308,0.642294,0,0,2.06666,0.178215,1.24615,0.66528,12.849,1,0.408792,2.94924,0,107.809,3.76057,106.589,0.84672,12.849,0.84672,3695.15,0,36.966,0.387275,2.33315,2.02491,12.4633,0.929464,15.5046,0.42336,36.966,0.42336,423.524,0,1.02816,0,0,3.36131,2.33315,1.028160,1,0,123.34,0,0,0,123.34,0
72.29,2.30015,0,0,5.31614,0.292057,2.72393,3.6288,61.308,0.642397,0,0,2.70762,0.178215,1.88701,0.66528,12.849,1,0.408835,2.72393,0,126.047,3.76057,124.602,0.84672,12.849,0.84672,3695.15,0,36.966,0.387337,2.6897,2.09741,17.4209,0.929464,20.8912,0.42336,36.966,0.42336,423.524,0,1.02816,0,0,3.71786,2.6897,1.028160,1,0,147.38,0,0,0,147.38,0
72.29,2.30039,0,0,4.91625,0.292057,2.3238,3.6288,61.308,0.6425,0,0,2.67716,0.178215,1.85644,0.66528,12.849,1,0.408877,2.3238,0,121.732,3.76057,119.886,0.84672,12.849,0.84672,3695.15,0,36.966,0.387399,2.48028,2.09759,17.0285,0.929464,20.2895,0.42336,36.966,0.42336,423.524,0,1.02816,0,0,3.50844,2.48028,1.028160,1,0,142.032,0,0,0,142.032,0
72.29,2.30063,0,0,4.32716,0.276968,1.74956,3.6288,61.308,0.642602,0,0,2.02171,0.17655,1.20256,0.66528,12.849,1,0.40892,1.74956,0,90.8824,3.85943,88.3636,0.84672,12.849,0.84672,3695.15,0,36.966,0.387461,1.87965,2.09777,10.7031,0.935892,13.3571,0.42336,36.966,0.42336,423.524,0,1.02816,0,0,2.90781,1.87965,1.028160,1,0,102.923,0,0,0,102.923,0
72.29,2.26562,0,0,3.62675,0.232153,1.12898,3.6288,61.308,0.626255,0,0,1.66257,0.196157,0.840158,0.66528,12.849,1,0.402697,1.12898,0,78.224,4.02833,74.9219,0.84672,12.849,0.84672,3695.15,0,36.966,0.377604,1.68223,2.09795,8.07607,0.979345,10.4993,0.42336,36.966,0.42336,423.524,0,1.02816,0,0,2.71039,1.68223,1.028160,1,0,86.2614,0,0,0,86.2614,0
72.29,2.26586,0,0,3.14303,0.229315,0.647859,3.6288,61.308,0.626356,0,0,1.66168,0.205665,0.829659,0.66528,12.849,1,0.402739,0.647859,0,66.8105,3.99703,63.0586,0.84672,12.849,0.84672,3695.15,0,36.966,0.377665,1.80702,2.06998,7.39247,0.990298,9.90151,0.42336,36.966,0.42336,423.524,0,1.02816,0,0,2.83518,1.80702,1.028160,1,0,73.7898,0,0,0,73.7898,0
72.2674,2.2661,0,0,2.83572,0.229315,0.36288,3.6288,61.308,0.626457,0,0,1.42107,0.205665,0.588951,0.66528,12.849,1,0.402781,0.36288,0,64.9374,3.99703,60.9004,0.84672,12.849,0.84672,3695.15,0,36.966,0.377726,1.11669,2.07016,7.53235,0.990298,9.35118,0.42336,36.966,0.42336,423.524,0,1.02816,0,0,2.14485,1.11669,1.028160,1,0,70.8406,0,0,0,70.8406,0
72.29,2.26623,0,0,3.51131,0.203039,1.01948,3.6288,61.308,0.626558,0,0,1.70478,0.217781,0.860445,0.66528,12.849,1,0.40293,1.01948,0,71.9245,4.15465,68.3864,0.84672,12.849,0.84672,3695.15,0,36.966,0.377787,1.3144,2.07034,7.65564,1.02452,9.63808,0.42336,36.966,0.42336,423.524,0,1.02816,0,0,2.34256,1.3144,1.028160,1,0,78.885,0,0,0,78.885,0
72.2328,2.38627,0,0,2.83369,0.14174,0.36288,3.6288,61.308,0.66528,0,0,1.28536,0.250404,0.369672,0.66528,12.849,1,0.424141,0.36288,0,57.5501,4.6811,52.8077,0.84672,12.849,0.84672,3695.15,0,36.966,0.432775,1.49926,2.07051,6.55672,1.12129,8.57243,0.42336,36.966,0.42336,423.524,0,1.02816,0,0,2.52742,1.49926,1.028160,1,0,61.7498,0,0,0,61.7498,0
72.0553,2.38623,0,0,2.72395,0.152351,0.36288,3.6288,61.308,0.66528,0,0,1.25924,0.25623,0.337726,0.66528,12.849,1,0.42447,0.36288,0,49.0858,5.01207,44.0122,0.84672,12.849,0.84672,3695.15,0,36.966,0.432946,1.1991,2.16938,5.92259,1.14935,7.70878,0.42336,36.966,0.42336,423.524,0,1.02816,0,0,2.22726,1.1991,1.028160,1,0,52.0587,0,0,0,52.0587,0
71.5853,2.38559,0,0,2.43063,0.152146,0.36288,3.6288,61.308,0.66528,0,0,1.17511,0.25623,0.253599,0.66528,12.849,1,0.425402,0.36288,0,45.2587,5.01207,40.1841,0.84672,12.849,0.84672,3695.15,0,36.966,0.433117,1.01426,2.16957,5.33078,1.14935,6.93214,0.42336,36.966,0.42336,423.524,0,1.02816,0,0,2.04242,1.01426,1.028160,1,0,47.3698,0,0,0,47.3698,0
71.0715,2.38347,0,0,2.38416,0.151602,0.36288,3.6288,61.308,0.66528,0,0,1.08776,0.25623,0.166248,0.66528,12.849,1,0.427814,0.36288,0,42.497,5.01207,37.42,0.84672,12.849,0.84672,3695.15,0,36.966,0.433288,0.80663,2.16976,4.91989,1.14935,6.31364,0.42336,36.966,0.42336,423.524,0,1.02816,0,0,1.83479,0.80663,1.028160,1,0,43.8998,0,0,0,43.8998,0
70.2642,2.3811,0,0,2.0805,0.143876,0.36288,3.6288,61.308,0.66528,0,0,1.01104,0.260952,0.0848035,0.66528,12.849,1,0.430478,0.36288,0,37.9838,5.06562,32.8506,0.84672,12.849,0.84672,3695.15,0,36.966,0.433459,0.685454,2.16994,4.75851,1.16303,6.01742,0.42336,36.966,0.42336,423.524,0,1.02816,0,0,1.71361,0.685454,1.028160,1,0,38.9528,0,0,0,38.9528,0
69.9689,2.35358,0,0,2.54425,0.123044,0.36288,3.6288,61.308,0.66528,0,0,1.45705,0.25472,0.53705,0.66528,12.849,1,0.430393,0.36288,0,47.6198,4.6579,42.8944,0.84672,12.849,0.84672,3695.15,0,36.966,0.48507,1.52626,2.17013,7.51196,1.16715,9.55613,0.42336,36.966,0.42336,423.524,0,1.02816,0,0,2.55442,1.52626,1.028160,1,0,52.9876,0,0,0,52.9876,0
69.503,2.35229,0,0,2.37209,0.122764,0.36288,3.6288,61.308,0.66528,0,0,1.40001,0.25472,0.480008,0.66528,12.849,1,0.431972,0.36288,0,46.99,4.6579,42.263,0.84672,12.849,0.84672,3695.15,0,36.966,0.485246,1.42333,2.20483,7.67595,1.16715,9.65172,0.42336,36.966,0.42336,423.524,0,1.02816,0,0,2.45149,1.42333,1.028160,1,0,52.3947,0,0,0,52.3947,0
68.8165,2.35009,0,0,2.14879,0.122323,0.36288,3.6288,61.308,0.66528,0,0,1.33782,0.25472,0.417818,0.66528,12.849,1,0.434461,0.36288,0,46.1792,4.6579,41.4497,0.84672,12.849,0.84672,3695.15,0,36.966,0.485422,1.30149,2.20502,7.25147,1.16715,9.10541,0.42336,36.966,0.42336,423.524,0,1.02816,0,0,2.32965,1.30149,1.028160,1,0,50.9729,0,0,0,50.9729,0
67.9464,2.34669,0,0,1.95648,0.117037,0.36288,3.6288,61.308,0.66528,0,0,1.2652,0.265689,0.334229,0.66528,12.849,1,0.438159,0.36288,0,40.6512,4.79906,35.7769,0.84672,12.849,0.84672,3695.15,0,36.966,0.485598,1.07896,2.20521,7.03806,1.21867,8.61797,0.42336,36.966,0.42336,423.524,0,1.02816,0,0,2.10712,1.07896,1.028160,1,0,44.7291,0,0,0,44.7291,0
66.98,2.40281,0,0,1.89755,0.0982767,0.36288,3.6288,61.308,0.66528,0,0,1.23412,0.278185,0.290655,0.66528,12.849,1,0.454383,0.36288,0,38.7777,4.68566,34.0005,0.84672,12.849,0.84672,3695.15,0,36.966,0.531635,1.21158,2.2054,6.8091,1.2525,8.44194,0.42336,36.966,0.42336,423.524,0,1.02816,0,0,2.23974,1.21158,1.028160,1,0,42.7331,0,0,0,42.7331,0
66.0055,2.39756,0,0,1.86901,0.0831263,0.36288,3.6288,61.308,0.66528,0,0,1.24247,0.298827,0.278359,0.66528,12.849,1,0.459931,0.36288,0,36.7,4.99597,31.6069,0.84672,12.849,0.84672,3695.15,0,36.966,0.531815,0.768459,2.25453,6.14572,1.34346,7.29343,0.42336,36.966,0.42336,423.524,0,1.02816,0,0,1.79662,0.768459,1.028160,1,0,39.1787,0,0,0,39.1787,0
64.9534,2.39212,0,0,1.78117,0.0782006,0.36288,3.6288,61.308,0.66528,0,0,1.09649,0.317889,0.113317,0.66528,12.849,1,0.465664,0.36288,0,35.0329,5.35847,29.5716,0.84672,12.849,0.84672,3695.15,0,36.966,0.531995,1.14762,2.25473,5.2518,1.45412,6.66802,0.42336,36.966,0.42336,423.524,0,1.02816,0,0,2.17578,1.14762,1.028160,1,0,36.353,0,0,0,36.353,0
64.1783,2.38607,0,0,2.05135,0.0775451,0.36288,3.6288,61.308,0.66528,0,0,1.35593,0.317889,0.372758,0.66528,12.849,1,0.472009,0.36288,0,40.4285,5.35847,34.9609,0.84672,12.849,0.84672,3695.15,0,36.966,0.532176,1.00596,2.25492,6.20943,1.45412,7.48402,0.42336,36.966,0.42336,423.524,0,1.02816,0,0,2.03412,1.00596,1.028160,1,0,42.8176,0,0,0,42.8176,0
62.9336,2.55745,0,0,1.75291,0.077269,0.36288,3.6288,61.308,0.66528,0,0,1.09204,0.317265,0.109499,0.66528,12.849,1,0.512022,0.36288,0,38.9868,5.3717,33.466,0.84672,12.849,0.84672,3695.15,0,36.966,0.697952,0.875941,2.25511,5.72895,1.45602,6.70604,0.42336,36.966,0.42336,423.524,0,1.02816,0,0,1.9041,0.875941,1.028160,1,0,40.2815,0,0,0,40.2815,0
61.5258,2.5493,0,0,1.58215,0.0777202,0.36288,3.6288,61.308,0.66528,0,0,1.10837,0.313523,0.12957,0.66528,12.849,1,0.520485,0.36288,0,34.6902,5.45108,29.0815,0.84672,12.849,0.84672,3695.15,0,36.966,0.698148,1.06398,2.42281,6.16034,1.46741,7.48157,0.42336,36.966,0.42336,423.524,0,1.02816,0,0,2.09214,1.06398,1.028160,1,0,36.6927,0,0,0,36.6927,0
59.9649,2.53971,0,0,1.41852,0.0768265,0.36288,3.6288,61.308,0.66528,0,0,1.00473,0.313523,0.0259249,0.66528,12.849,1,0.530391,0.36288,0,30.9684,5.45108,25.3498,0.84672,12.849,0.84672,3695.15,0,36.966,0.698344,0.928135,2.42302,6.00731,1.46741,7.19271,0.42336,36.966,0.42336,423.524,0,1.02816,0,0,1.95629,0.928135,1.028160,1,0,32.5684,0,0,0,32.5684,0
58.6954,2.5286,0,0,1.69779,0.0758045,0.36288,3.6288,61.308,0.66528,0,0,1.07935,0.313523,0.100549,0.66528,12.849,1,0.541817,0.36288,0,32.0503,5.45108,26.4203,0.84672,12.849,0.84672,3695.15,0,36.966,0.69854,1.09643,2.42323,6.58921,1.46741,7.94293,0.42336,36.966,0.42336,423.524,0,1.02816,0,0,2.12459,1.09643,1.028160,1,0,34.4638,0,0,0,34.4638,0
58.6187,2.51925,0,0,2.90305,0.0976639,0.36288,3.6288,61.308,0.66528,0,0,1.38633,0.30816,0.412891,0.66528,12.849,1,0.551488,0.36288,0,53.2629,5.30265,47.7717,0.84672,12.849,0.84672,3695.15,0,36.966,0.698736,1.44659,2.42344,7.29372,1.4492,9.0158,0.42336,36.966,0.42336,423.524,0,1.02816,0,0,2.47475,1.44659,1.028160,1,0,57.2004,0,0,0,57.2004,0
58.9136,2.43449,0,0,3.24563,0.153344,0.36288,3.6288,61.308,0.66528,0,0,1.55166,0.281336,0.605041,0.66528,12.849,1,0.533632,0.36288,0,43.6509,5.14548,38.3347,0.84672,12.849,0.84672,3695.15,0,36.966,0.598374,1.239,2.42365,9.2353,1.28865,11.0109,0.42336,36.966,0.42336,423.524,0,1.02816,0,0,2.26716,1.239,1.028160,1,0,49.9507,0,0,0,49.9507,0
58.737,2.43694,0,0,2.78738,0.164156,0.36288,3.6288,61.308,0.66528,0,0,2.20804,0.278313,1.26445,0.66528,12.849,1,0.531494,0.36288,0,37.2848,5.08462,32.0316,0.84672,12.849,0.84672,3695.15,0,36.966,0.598561,2.62989,2.32688,10.576,1.26371,13.6705,0.42336,36.966,0.42336,423.524,0,1.02816,0,0,3.65805,2.62989,1.028160,1,0,46.9665,0,0,0,46.9665,0
58.2339,2.43588,0,0,2.45947,0.163875,0.36288,3.6288,61.308,0.66528,0,0,1.28148,0.278313,0.337892,0.66528,12.849,1,0.53286,0.36288,0,38.1908,5.08462,32.9362,0.84672,12.849,0.84672,3695.15,0,36.966,0.598747,1.2685,2.32708,8.12333,1.26371,9.85645,0.42336,36.966,0.42336,423.524,0,1.02816,0,0,2.29666,1.2685,1.028160,1,0,43.1305,0,0,0,43.1305,0
57.3079,2.43236,0,0,2.0324,0.163077,0.36288,3.6288,61.308,0.66528,0,0,1.12896,0.278313,0.18537,0.66528,12.849,1,0.536687,0.36288,0,35.2615,5.08462,30.003,0.84672,12.849,0.84672,3695.15,0,36.966,0.598934,1.01397,2.32729,7.52293,1.26371,9.00155,0.42336,36.966,0.42336,423.524,0,1.02816,0,0,2.04213,1.01397,1.028160,1,0,39.19,0,0,0,39.19,0
56.5593,2.35649,0,0,2.16269,0.191976,0.36288,3.6288,61.308,0.66528,0,0,1.0179,0.226877,0.125747,0.66528,12.849,1,0.528348,0.36288,0,28.2011,4.21626,23.8194,0.84672,12.849,0.84672,3695.15,0,36.966,0.507554,0.636034,2.32749,6.8745,0.969113,8.36136,0.42336,36.966,0.42336,423.524,0,1.02816,0,0,1.66419,0.636034,1.028160,1,0,32.3065,0,0,0,32.3065,0
55.3448,2.35103,0,0,1.7005,0.201024,0.36288,3.6288,61.1219,0.763137,0,0,0.800004,0.22292,0,0.66528,12.849,1,0.534102,0.36288,0,20.7569,4.08579,16.4999,0.84672,12.849,0.84672,3695.15,0,36.966,0.507732,0.216518,2.24111,6.46154,0.95358,7.45786,0.42336,36.966,0.42336,423.524,0,0.930303,0,0,1.14682,0.216518,1.028160,1,0,23.9578,0,0,0,23.9578,0
54.181,2.34176,0,0,1.80599,0.265207,0.36288,3.6288,60.5085,0.9678,0,0,0.568856,0.214496,0,0.66528,12.849,1,0.54367,0.36288,0,22.5267,4.16367,18.1823,0.84672,12.849,0.84672,3695.15,0,36.966,0.585317,0.216518,2.2413,5.63783,1.05279,6.45754,0.42336,36.966,0.42336,423.524,0,0.648233,0,0,0.864752,0.216518,1.028160,1,0,24.6398,0,0,0,24.6398,0
53.3314,2.33257,0,0,2.108,0.262118,0.36288,3.6288,60.7451,0.66528,0,0,1.11553,0.213663,0,0.66528,12.849,1,0.553167,0.36288,0,26.2209,4.16367,21.867,0.84672,12.849,0.84672,3695.15,0,36.966,0.508088,0.971784,2.24149,8.95128,1.05279,10.6037,0.42336,36.966,0.42336,423.524,0,1.02816,0,0,1.99994,0.971784,1.028160,1,0,32.4707,0,0,0,32.4707,0
56.1973,2.1322,0,0,5.61773,0.25673,0.36288,3.6288,61.308,0.610967,0,0,2.96882,0.212474,1.58247,0.66528,12.849,1,0.513705,0.36288,0,82.2074,4.09081,77.9657,0.84672,12.849,0.84672,3695.15,0,36.966,0.3718,2.85652,2.24169,16.3675,1.04699,20.047,0.42336,36.966,0.42336,423.524,0,1.02816,0,0,3.88468,2.85652,1.028160,1,0,99.5951,0,0,0,99.5951,0
57.4482,2.15375,0,0,4.03192,0.264439,0.36288,3.6288,61.308,0.613197,0,0,4.39989,0.236215,3.55048,0.66528,12.849,1,0.492435,0.36288,0,64.0533,4.68436,59.2394,0.84672,12.849,0.84672,3695.15,0,36.966,0.369731,2.01912,2.04949,13.2105,1.22434,15.685,0.42336,36.966,0.42336,423.524,0,1.02816,0,0,3.04728,2.01912,1.028160,1,0,78.4749,0,0,0,78.4749,0
58.8024,2.16274,0,0,4.14758,0.267721,0.36288,3.6288,61.308,0.613297,0,0,4.33855,0.236215,3.48904,0.66528,12.849,1,0.483723,0.36288,0,52.9637,4.68436,48.1585,0.84672,12.849,0.84672,3695.15,0,36.966,0.369791,1.83753,2.04966,13.6782,1.22434,15.9713,0.42336,36.966,0.42336,423.524,0,1.02816,0,0,2.86569,1.83753,1.028160,1,0,67.6188,0,0,0,67.6188,0
61.4176,2.17211,0,0,5.42147,0.271275,0.36288,3.6288,61.308,0.613397,0,0,5.68216,0.236215,4.83254,0.66528,12.849,1,0.47463,0.36288,0,106.466,4.68436,101.669,0.84672,12.849,0.84672,3695.15,0,36.966,0.369851,2.70467,2.04984,22.1066,1.22434,25.267,0.42336,36.966,0.42336,423.524,0,1.02816,0,0,3.73283,2.70467,1.028160,1,0,131.769,0,0,0,131.769,0
67.5061,2.18905,0,0,8.91656,0.276146,0.36288,3.6288,61.308,0.613497,0,0,7.10484,0.243232,6.24811,0.66528,12.849,1,0.457964,0.36288,0,184.406,4.71026,179.601,0.84672,12.849,0.84672,3695.15,0,36.966,0.369911,4.04984,2.05001,31.0446,1.24432,35.5303,0.42336,36.966,0.42336,423.524,0,1.02816,0,0,5.078,4.04984,1.028160,1,0,221.379,0,0,0,221.379,0
72.29,2.3016,0,0,11.7636,0.267645,4.41049,3.6288,61.308,0.648074,0,0,8.16862,0.241156,7.27939,0.66528,12.849,1,0.438083,4.41049,0,223.373,4.51242,222.833,0.84672,12.849,0.84672,3695.15,0,36.966,0.39076,7.07175,2.05019,45.387,1.38416,52.734,0.42336,36.966,0.42336,423.524,0,1.02816,0,0,8.09991,7.07175,1.028160,1,0,282.847,0,0,0,282.847,0
72.29,2.32644,0,0,9.72449,0.27269,7.12536,3.6288,61.308,0.64817,0,0,5.90617,0.223484,5.03451,0.66528,12.849,1,0.413508,7.12536,0,209.091,4.37115,211.431,0.84672,12.849,0.84672,3695.15,0,36.966,0.390818,4.37036,2.11038,25.0932,1.39214,29.7909,0.42336,36.966,0.42336,423.524,0,1.02816,0,0,5.39852,4.37036,1.028160,1,0,246.257,0,0,0,246.257,0
72.29,2.32667,0,0,15.2074,0.27269,12.608,3.6288,61.308,0.648266,0,0,8.6651,0.223484,7.79335,0.66528,12.849,1,0.413548,12.608,0,246.724,4.37115,254.547,0.84672,12.849,0.84672,3695.15,0,36.966,0.390875,5.62918,2.11055,31.2846,1.39214,37.2413,0.42336,36.966,0.42336,423.524,0,1.02816,0,0,6.65734,5.62918,1.028160,1,0,299.582,0,0,0,299.582,0
72.29,2.32689,0,0,12.54,0.256632,9.95648,3.6288,61.308,0.648362,0,0,9.18795,0.230134,8.30945,0.66528,12.849,1,0.413588,9.95648,0,400.353,4.16358,405.733,0.84672,12.849,0.84672,3695.15,0,36.966,0.390933,5.97313,2.11071,34.3988,1.23978,40.8519,0.42336,36.966,0.42336,423.524,0,1.02816,0,0,7.00129,5.97313,1.028160,1,0,454.894,0,0,0,454.894,0
72.29,2.57915,0,0,7.5821,0.292902,4.71005,3.6288,61.308,0.66528,0,0,6.19384,0.221386,5.30718,0.66528,12.849,1,0.458424,4.71005,0,278.898,3.6583,279.492,0.84672,12.849,0.84672,3695.15,0,36.966,0.58172,4.70478,2.11088,22.0423,1.08305,27.1932,0.42336,36.966,0.42336,423.524,0,1.02816,0,0,5.73294,4.70478,1.028160,1,0,311.992,0,0,0,311.992,0
72.29,2.57939,0,0,6.92331,0.295833,4.04808,3.6288,61.308,0.66528,0,0,5.57847,0.209661,4.70353,0.66528,12.849,1,0.458468,4.04808,0,177.343,3.97229,176.96,0.84672,12.849,0.84672,3695.15,0,36.966,0.581892,3.03866,2.32703,17.1596,1.09387,20.8495,0.42336,36.966,0.42336,423.524,0,1.02816,0,0,4.06682,3.03866,1.028160,1,0,202.513,0,0,0,202.513,0
72.29,2.57964,0,0,13.8635,0.294729,10.9892,3.6288,61.308,0.66528,0,0,8.286,0.183807,7.43692,0.66528,12.849,1,0.458511,10.9892,0,168.656,3.63846,175.548,0.84672,12.849,0.84672,3695.15,0,36.966,0.582063,4.97396,2.32722,30.7098,1.02342,36.4055,0.42336,36.966,0.42336,423.524,0,1.02816,0,0,6.00212,4.97396,1.028160,1,0,219.391,0,0,0,219.391,0
72.29,2.57989,0,0,5.86823,0.294729,2.99361,3.6288,61.308,0.66528,0,0,4.29517,0.183807,3.44608,0.66528,12.849,1,0.458555,2.99361,0,267.83,3.63846,266.726,0.84672,12.849,0.84672,3695.15,0,36.966,0.582235,2.34301,2.3274,15.6024,1.02342,18.6671,0.42336,36.966,0.42336,423.524,0,1.02816,0,0,3.37117,2.34301,1.028160,1,0,288.839,0,0,0,288.839,0
72.29,2.22054,0,0,6.39356,0.299773,3.87324,3.6288,61.308,0.604542,0,0,6.97465,0.18904,6.18107,0.66528,12.849,1,0.394684,3.87324,0,188.609,3.90729,188.18,0.84672,12.849,0.84672,3695.15,0,36.966,0.364512,5.12916,2.32759,19.9159,1.04547,25.9627,0.42336,36.966,0.42336,423.524,0,1.02816,0,0,6.15732,5.12916,1.028160,1,0,220.324,0,0,0,220.324,0
72.29,2.22076,0,0,8.81591,0.319417,6.27574,3.6288,61.308,0.604634,0,0,10.2229,0.15735,9.46095,0.66528,12.849,1,0.394722,6.27574,0,349.25,3.93523,351.195,0.84672,12.849,0.84672,3695.15,0,36.966,0.364568,8.8312,2.03314,28.8393,0.818043,38.521,0.42336,36.966,0.42336,423.524,0,1.02816,0,0,9.85936,8.8312,1.028160,1,0,399.177,0,0,0,399.177,0
72.29,2.22097,0,0,7.87026,0.32059,5.3287,3.6288,61.308,0.604727,0,0,8.0301,0.149887,7.27549,0.66528,12.849,1,0.394761,5.3287,0,232.511,3.82788,233.617,0.84672,12.849,0.84672,3695.15,0,36.966,0.364623,6.53054,2.0333,20.1745,0.770953,27.6028,0.42336,36.966,0.42336,423.524,0,1.02816,0,0,7.5587,6.53054,1.028160,1,0,268.495,0,0,0,268.495,0
72.29,2.22119,0,0,7.10044,0.32059,4.55866,3.6288,61.308,0.604819,0,0,6.797,0.149887,6.0423,0.66528,12.849,1,0.394799,4.55866,0,242.523,3.82788,242.859,0.84672,12.849,0.84672,3695.15,0,36.966,0.364679,4.71068,2.03346,17.2519,0.770953,22.8604,0.42336,36.966,0.42336,423.524,0,1.02816,0,0,5.73884,4.71068,1.028160,1,0,271.762,0,0,0,271.762,0
72.29,2.2214,0,0,7.64934,0.297934,5.13,3.6288,61.308,0.604911,0,0,6.58408,0.137855,5.84131,0.66528,12.849,1,0.394838,5.13,0,261.468,3.65349,262.55,0.84672,12.849,0.84672,3695.15,0,36.966,0.364734,5.7331,2.03363,21.2913,0.745903,27.9474,0.42336,36.966,0.42336,423.524,0,1.02816,0,0,6.76126,5.7331,1.028160,1,0,296.338,0,0,0,296.338,0
72.29,2.31217,0,0,8.00608,0.294552,5.39936,3.6288,61.308,0.647546,0,0,7.86979,0.137866,7.08438,0.66528,12.849,1,0.410971,5.39936,0,223.065,3.79576,224.258,0.84672,12.849,0.84672,3695.15,0,36.966,0.390441,6.13104,2.03379,31.5704,0.761456,38.5833,0.42336,36.966,0.42336,423.524,0,1.02816,0,0,7.1592,6.13104,1.028160,1,0,269.925,0,0,0,269.925,0
72.29,2.3124,0,0,8.31557,0.303428,5.69974,3.6288,61.308,0.647641,0,0,7.3923,0.142882,6.60177,0.66528,12.849,1,0.411011,5.69974,0,215.627,3.89214,217.023,0.84672,12.849,0.84672,3695.15,0,36.966,0.390499,6.0277,2.10662,29.4,0.774486,36.3694,0.42336,36.966,0.42336,423.524,0,1.02816,0,0,7.05586,6.0277,1.028160,1,0,259.994,0,0,0,259.994,0
72.29,2.31262,0,0,6.52894,0.303428,3.91289,3.6288,61.308,0.647737,0,0,5.86822,0.142882,5.0776,0.66528,12.849,1,0.411051,3.91289,0,212.535,3.89214,212.145,0.84672,12.849,0.84672,3695.15,0,36.966,0.390557,4.72013,2.10679,24.7153,0.774486,30.3772,0.42336,36.966,0.42336,423.524,0,1.02816,0,0,5.74829,4.72013,1.028160,1,0,247.6,0,0,0,247.6,0
72.29,2.31285,0,0,5.7889,0.227874,3.24818,3.6288,61.308,0.647833,0,0,5.55892,0.145384,4.7657,0.66528,12.849,1,0.411091,3.24818,0,159.794,3.19147,159.44,0.84672,12.849,0.84672,3695.15,0,36.966,0.390615,4.43771,2.10696,20.1373,0.794153,25.4972,0.42336,36.966,0.42336,423.524,0,1.02816,0,0,5.46587,4.43771,1.028160,1,0,189.703,0,0,0,189.703,0
72.29,2.27765,0,0,5.1876,0.186061,2.72389,3.6288,61.308,0.6314,0,0,3.68214,0.174073,2.87667,0.66528,12.849,1,0.404835,2.72389,0,126.107,4.03053,124.395,0.84672,12.849,0.84672,3695.15,0,36.966,0.380706,3.23102,2.10713,14.884,1.00325,18.8381,0.42336,36.966,0.42336,423.524,0,1.02816,0,0,4.25918,3.23102,1.028160,1,0,146.11,0,0,0,146.11,0
72.29,2.27787,0,0,4.59722,0.181723,2.13763,3.6288,61.308,0.631495,0,0,2.49788,0.181477,1.6849,0.66528,12.849,1,0.404874,2.13763,0,103.27,4.44465,100.559,0.84672,12.849,0.84672,3695.15,0,36.966,0.380763,2.66811,2.07901,11.8946,1.12645,15.1345,0.42336,36.966,0.42336,423.524,0,1.02816,0,0,3.69627,2.66811,1.028160,1,0,117.378,0,0,0,117.378,0
72.29,2.27809,0,0,4.30438,0.181723,1.84456,3.6288,61.308,0.631589,0,0,2.50571,0.181477,1.69265,0.66528,12.849,1,0.404914,1.84456,0,95.0314,4.44465,92.0264,0.84672,12.849,0.84672,3695.15,0,36.966,0.38082,2.56114,2.07917,11.2624,1.12645,14.3955,0.42336,36.966,0.42336,423.524,0,1.02816,0,0,3.5893,2.56114,1.028160,1,0,108.114,0,0,0,108.114,0
72.29,2.27831,0,0,4.12017,0.181723,1.66013,3.6288,61.308,0.631684,0,0,3.11055,0.181477,2.29739,0.66528,12.849,1,0.404953,1.66013,0,90.5723,4.44465,87.3828,0.84672,12.849,0.84672,3695.15,0,36.966,0.380877,3.32864,2.07934,13.504,1.12645,17.4046,0.42336,36.966,0.42336,423.524,0,1.02816,0,0,4.3568,3.32864,1.028160,1,0,107.085,0,0,0,107.085,0
72.29,2.3988,0,0,3.83563,0.196029,1.2408,3.6288,61.308,0.66528,0,0,2.47644,0.132616,1.67854,0.66528,12.849,1,0.426369,1.2408,0,81.4795,4.01247,78.2815,0.84672,12.849,0.84672,3695.15,0,36.966,0.441424,2.49049,2.07951,11.4579,0.907134,14.6794,0.42336,36.966,0.42336,423.524,0,1.02816,0,0,3.51865,2.49049,1.028160,1,0,94.6394,0,0,0,94.6394,0
72.29,2.39903,0,0,3.84834,0.134186,1.31512,3.6288,61.308,0.66528,0,0,1.85086,0.228507,0.957074,0.66528,12.849,1,0.42641,1.31512,0,77.5008,5.12187,73.2676,0.84672,12.849,0.84672,3695.15,0,36.966,0.441583,1.51886,2.17883,9.86999,1.07398,12.0521,0.42336,36.966,0.42336,423.524,0,1.02816,0,0,2.54702,1.51886,1.028160,1,0,86.2768,0,0,0,86.2768,0
72.29,2.39926,0,0,3.67071,0.122768,1.14868,3.6288,61.308,0.66528,0,0,1.74658,0.232016,0.849289,0.66528,12.849,1,0.426451,1.14868,0,70.7409,5.18154,66.2816,0.84672,12.849,0.84672,3695.15,0,36.966,0.441743,1.3647,2.17901,9.5415,1.09933,11.5441,0.42336,36.966,0.42336,423.524,0,1.02816,0,0,2.39286,1.3647,1.028160,1,0,78.675,0,0,0,78.675,0
72.29,2.3995,0,0,3.54659,0.122768,1.02433,3.6288,61.308,0.66528,0,0,1.78162,0.232016,0.884324,0.66528,12.849,1,0.426492,1.02433,0,67.4456,5.18154,62.8619,0.84672,12.849,0.84672,3695.15,0,36.966,0.441902,1.62536,2.17918,9.12652,1.09933,11.3898,0.42336,36.966,0.42336,423.524,0,1.02816,0,0,2.65352,1.62536,1.028160,1,0,75.136,0,0,0,75.136,0
72.29,2.39973,0,0,3.25522,0.147354,0.708143,3.6288,61.308,0.66528,0,0,1.67005,0.225432,0.77934,0.66528,12.849,1,0.426533,0.708143,0,63.4176,4.75846,58.9407,0.84672,12.849,0.84672,3695.15,0,36.966,0.442062,1.50686,2.17936,8.32291,1.11565,10.4514,0.42336,36.966,0.42336,423.524,0,1.02816,0,0,2.53502,1.50686,1.028160,1,0,70.1715,0,0,0,70.1715,0
72.29,2.37616,0,0,3.00544,0.117532,0.511745,3.6288,61.308,0.66528,0,0,1.45909,0.255857,0.537952,0.66528,12.849,1,0.422345,0.511745,0,59.9042,4.8559,55.1377,0.84672,12.849,0.84672,3695.15,0,36.966,0.493903,1.76509,2.17953,8.16178,1.11226,10.5002,0.42336,36.966,0.42336,423.524,0,1.02816,0,0,2.79325,1.76509,1.028160,1,0,66.1759,0,0,0,66.1759,0
72.2855,2.37639,0,0,2.84574,0.110923,0.36288,3.6288,61.308,0.66528,0,0,1.39844,0.261367,0.471789,0.66528,12.849,1,0.422386,0.36288,0,59.1132,4.90035,54.1533,0.84672,12.849,0.84672,3695.15,0,36.966,0.494068,1.64255,2.21438,7.80468,1.11061,10.0569,0.42336,36.966,0.42336,423.524,0,1.02816,0,0,2.67071,1.64255,1.028160,1,0,64.682,0,0,0,64.682,0
72.1613,2.3766,0,0,2.70702,0.0917801,0.36288,3.6288,61.308,0.66528,0,0,1.3379,0.292456,0.380159,0.66528,12.849,1,0.422449,0.36288,0,56.5536,5.33469,51.1593,0.84672,12.849,0.84672,3695.15,0,36.966,0.494232,1.61629,2.21456,7.43463,1.25761,9.51365,0.42336,36.966,0.42336,423.524,0,1.02816,0,0,2.64445,1.61629,1.028160,1,0,61.0531,0,0,0,61.0531,0
71.8716,2.37621,0,0,2.54056,0.0911327,0.36288,3.6288,61.308,0.66528,0,0,1.30366,0.289266,0.349109,0.66528,12.849,1,0.423107,0.36288,0,54.5715,5.68606,48.8252,0.84672,12.849,0.84672,3695.15,0,36.966,0.494396,1.69052,2.21474,7.37873,1.3043,9.48529,0.42336,36.966,0.42336,423.524,0,1.02816,0,0,2.71868,1.69052,1.028160,1,0,58.6596,0,0,0,58.6596,0
71.1003,2.43641,0,0,2.10958,0.0815823,0.36288,3.6288,61.308,0.66528,0,0,1.19274,0.294897,0.232566,0.66528,12.849,1,0.435574,0.36288,0,44.4444,5.61006,38.7617,0.84672,12.849,0.84672,3695.15,0,36.966,0.540636,1.12891,2.21491,5.86691,1.3532,7.31691,0.42336,36.966,0.42336,423.524,0,1.02816,0,0,2.15707,1.12891,1.028160,1,0,46.3111,0,0,0,46.3111,0
70.0213,2.43264,0,0,1.78523,0.0687101,0.36288,3.6288,61.308,0.66528,0,0,1.03047,0.302404,0.0627825,0.66528,12.849,1,0.439618,0.36288,0,46.7719,5.50872,41.1864,0.84672,12.849,0.84672,3695.15,0,36.966,0.540805,0.798638,2.26426,5.05774,1.41839,6.16144,0.42336,36.966,0.42336,423.524,0,1.02816,0,0,1.8268,0.798638,1.028160,1,0,47.4106,0,0,0,47.4106,0
68.8282,2.42715,0,0,1.66499,0.0681424,0.36288,3.6288,61.253,0.66528,0,0,0.912721,0.302404,0,0.66528,12.849,1,0.445385,0.36288,0,37.0005,5.50872,31.4093,0.84672,12.849,0.84672,3695.15,0,36.966,0.540973,0.775103,2.26444,4.61653,1.41839,5.69671,0.42336,36.966,0.42336,423.524,0,1.02816,0,0,1.80326,0.775103,1.028160,1,0,37.106,0,0,0,37.106,0
67.4913,2.42088,0,0,1.51446,0.0675147,0.36288,3.6288,61.1428,0.66528,0,0,0.857321,0.302299,0,0.66528,12.849,1,0.451935,0.36288,0,34.0233,5.50872,28.4255,0.84672,12.849,0.84672,3695.15,0,36.966,0.541141,0.492903,2.26462,4.22512,1.41839,5.02312,0.42336,36.966,0.42336,423.524,0,1.02816,0,0,1.52106,0.492903,1.028160,1,0,33.4486,0,0,0,33.4486,0
66.193,2.59175,0,0,1.71346,0.0571439,0.36288,3.6288,61.2239,0.66528,0,0,1.04231,0.295904,0,0.66528,12.849,1,0.493417,0.36288,0,34.9888,5.65022,29.2081,0.84672,12.849,0.84672,3695.15,0,36.966,0.707677,1.02917,2.2648,6.19415,1.45527,7.32518,0.42336,36.966,0.42336,423.524,0,1.02816,0,0,2.05733,1.02917,1.028160,1,0,36.5332,0,0,0,36.5332,0
65.0109,2.58389,0,0,1.81288,0.0482537,0.36288,3.6288,61.2557,0.66528,0,0,1.01536,0.318324,0,0.66528,12.849,1,0.50157,0.36288,0,31.1452,5.35742,25.6491,0.84672,12.849,0.84672,3695.15,0,36.966,0.70786,1.0529,2.43326,4.80549,1.48672,6.09707,0.42336,36.966,0.42336,423.524,0,1.02816,0,0,2.08106,1.0529,1.028160,1,0,31.7462,0,0,0,31.7462,0
63.6146,2.57652,0,0,1.59088,0.0477998,0.36288,3.6288,61.2516,0.66528,0,0,0.979577,0.318388,0,0.66528,12.849,1,0.509234,0.36288,0,39.5912,5.35742,34.0874,0.84672,12.849,0.84672,3695.15,0,36.966,0.708042,0.960206,2.43346,4.61457,1.48672,5.81347,0.42336,36.966,0.42336,423.524,0,1.02816,0,0,1.98837,0.960206,1.028160,1,0,39.9009,0,0,0,39.9009,0
62.2617,2.56747,0,0,1.62477,0.0472638,0.36288,3.6288,61.308,0.66528,0,0,1.12366,0.31838,0.083573,0.66528,12.849,1,0.518583,0.36288,0,34.2957,5.35742,28.7826,0.84672,12.849,0.84672,3695.15,0,36.966,0.708225,1.07291,2.43366,4.79213,1.48672,6.10375,0.42336,36.966,0.42336,423.524,0,1.02816,0,0,2.10107,1.07291,1.028160,1,0,34.9699,0,0,0,34.9699,0
60.9319,2.55838,0,0,1.63938,0.0479165,0.36288,3.6288,61.308,0.66528,0,0,1.13218,0.311599,0.155298,0.66528,12.849,1,0.527974,0.36288,0,34.7985,5.17257,29.4609,0.84672,12.849,0.84672,3695.15,0,36.966,0.708408,1.58623,2.43385,6.12942,1.41477,8.02633,0.42336,36.966,0.42336,423.524,0,1.02816,0,0,2.61439,1.58623,1.028160,1,0,37.6425,0,0,0,37.6425,0
59.5042,2.46371,0,0,1.47186,0.0729776,0.36288,3.6288,61.308,0.66528,0,0,1.6712,0.302792,0.703129,0.66528,12.849,1,0.519534,0.36288,0,45.7499,4.75628,40.837,0.84672,12.849,0.84672,3695.15,0,36.966,0.607569,2.63756,2.43405,6.9009,1.19222,10.1727,0.42336,36.966,0.42336,423.524,0,1.02816,0,0,3.66572,2.63756,1.028160,1,0,51.7128,0,0,0,51.7128,0
57.9044,2.45369,0,0,1.29618,0.0793992,0.36288,3.6288,61.308,0.66528,0,0,1.30251,0.315816,0.321419,0.66528,12.849,1,0.529836,0.36288,0,49.4411,5.03338,44.2408,0.84672,12.849,0.84672,3695.15,0,36.966,0.607743,2.55644,2.33682,5.87758,1.27588,8.88721,0.42336,36.966,0.42336,423.524,0,1.02816,0,0,3.5846,2.55644,1.028160,1,0,53.4494,0,0,0,53.4494,0
56.2243,2.44195,0,0,1.24274,0.118011,0.36288,3.6288,61.308,0.66528,0,0,1.21009,0.285981,0.258832,0.66528,12.849,1,0.541868,0.36288,0,37.165,4.58682,32.3992,0.84672,12.849,0.84672,3695.15,0,36.966,0.607917,2.21402,2.33701,8.09067,1.12719,10.9066,0.42336,36.966,0.42336,423.524,0,1.02816,0,0,3.24218,2.21402,1.028160,1,0,43.5646,0,0,0,43.5646,0
56.7875,2.429,0,0,3.4086,0.0535552,0.36288,3.6288,61.308,0.66528,0,0,1.94819,0.328836,0.954074,0.66528,12.849,1,0.555101,0.36288,0,43.4162,5.43574,37.7882,0.84672,12.849,0.84672,3695.15,0,36.966,0.608091,4.22336,2.3372,16.28,1.15047,21.082,0.42336,36.966,0.42336,423.524,0,1.02816,0,0,5.25152,4.22336,1.028160,1,0,59.8243,0,0,0,59.8243,0
58.8366,2.36448,0,0,4.90764,0.131141,0.36288,3.6288,61.308,0.66528,0,0,2.2642,0.224077,1.37484,0.66528,12.849,1,0.534999,0.36288,0,82.7856,4.09688,78.5166,0.84672,12.849,0.84672,3695.15,0,36.966,0.516278,4.29451,2.33738,16.8905,0.798139,22.208,0.42336,36.966,0.42336,423.524,0,1.02816,0,0,5.32267,4.29451,1.028160,1,0,102.099,0,0,0,102.099,0
58.0434,2.38,0,0,2.14649,0.196825,0.36288,3.6288,61.1905,0.66528,0,0,0.790753,0.242934,0,0.66528,12.849,1,0.519756,0.36288,0,31.1671,4.05642,26.9538,0.84672,12.849,0.84672,3695.15,0,36.966,0.516444,0.416457,2.25059,7.39161,1.0588,8.48341,0.42336,36.966,0.42336,423.524,0,1.02816,0,0,1.44462,0.416457,1.028160,1,0,35.4372,0,0,0,35.4372,0
56.8199,2.37442,0,0,1.72623,0.212414,0.36288,3.6288,60.8837,0.66528,0,0,0.59918,0.240712,0,0.66528,12.849,1,0.525622,0.36288,0,24.2845,4.07589,20.0459,0.84672,12.849,0.84672,3695.15,0,36.966,0.51661,0.256565,2.25077,6.35222,1.0836,7.25935,0.42336,36.966,0.42336,423.524,0,1.02816,0,0,1.28472,0.256565,1.028160,1,0,27.3053,0,0,0,27.3053,0
57.1072,2.36541,0,0,3.22543,0.209882,0.36288,3.6288,61.308,0.66528,0,0,1.63478,0.240245,0.304985,0.66528,12.849,1,0.534904,0.36288,0,48.3818,4.07589,44.1339,0.84672,12.849,0.84672,3695.15,0,36.966,0.516776,2.90708,2.25095,14.0139,1.0836,17.5716,0.42336,36.966,0.42336,423.524,0,1.02816,0,0,3.93524,2.90708,1.028160,1,0,62.0105,0,0,0,62.0105,0
60.2734,2.17092,0,0,5.92048,0.220503,0.36288,3.6288,61.308,0.617966,0,0,2.96015,0.23306,2.10912,0.66528,12.849,1,0.488453,0.36288,0,93.0224,3.96706,88.9297,0.84672,12.849,0.84672,3695.15,0,36.966,0.372606,2.84766,2.25113,18.3406,1.05277,22.014,0.42336,36.966,0.42336,423.524,0,1.02816,0,0,3.87582,2.84766,1.028160,1,0,113.053,0,0,0,113.053,0
61.8995,2.19228,0,0,4.44701,0.26568,0.36288,3.6288,61.308,0.618059,0,0,1.5633,0.217882,0.727363,0.66528,12.849,1,0.467348,0.36288,0,53.1738,4.01562,49.0537,0.84672,12.849,0.84672,3695.15,0,36.966,0.372662,2.06413,2.05804,7.20593,0.963345,9.99209,0.42336,36.966,0.42336,423.524,0,1.02816,0,0,3.09229,2.06413,1.028160,1,0,59.7731,0,0,0,59.7731,0
62.5746,2.20267,0,0,3.50991,0.269299,0.36288,3.6288,61.308,0.618153,0,0,1.25046,0.217882,0.414424,0.66528,12.849,1,0.457225,0.36288,0,36.932,4.01562,32.8221,0.84672,12.849,0.84672,3695.15,0,36.966,0.372719,1.53442,2.0582,7.44403,0.963345,9.70059,0.42336,36.966,0.42336,423.524,0,1.02816,0,0,2.56258,1.53442,1.028160,1,0,42.9371,0,0,0,42.9371,0
62.7189,2.20697,0,0,2.98176,0.267643,0.36288,3.6288,61.308,0.618246,0,0,1.48008,0.227538,0.6343,0.66528,12.849,1,0.453177,0.36288,0,41.1417,4.34694,36.7045,0.84672,12.849,0.84672,3695.15,0,36.966,0.372775,2.03826,2.05837,13.7463,1.04005,16.4301,0.42336,36.966,0.42336,423.524,0,1.02816,0,0,3.06642,2.03826,1.028160,1,0,53.7689,0,0,0,53.7689,0
63.9761,2.20805,0,0,4.08823,0.260066,0.36288,3.6288,61.308,0.618339,0,0,1.5587,0.251678,0.688682,0.66528,12.849,1,0.452356,0.36288,0,63.6008,5.17524,58.3361,0.84672,12.849,0.84672,3695.15,0,36.966,0.372831,1.92539,2.05853,11.4935,1.23181,13.8727,0.42336,36.966,0.42336,423.524,0,1.02816,0,0,2.95355,1.92539,1.028160,1,0,72.8975,0,0,0,72.8975,0
66.4231,2.21545,0,0,5.29268,0.267399,0.36288,3.6288,61.308,0.618339,0,0,2.60292,0.209497,1.77508,0.66528,12.849,1,0.444953,0.36288,0,133.045,3.96918,128.994,0.84672,12.849,0.84672,3695.15,0,36.966,0.372831,2.19851,2.05869,13.414,0.996085,16.3023,0.42336,36.966,0.42336,423.524,0,1.02816,0,0,3.22667,2.19851,1.028160,1,0,147.071,0,0,0,147.071,0
68.934,2.30718,0,0,5.45727,0.27626,0.36288,3.6288,61.308,0.653066,0,0,3.0024,0.177862,2.17147,0.66528,12.849,1,0.446305,0.36288,0,141.482,3.06464,138.334,0.84672,12.849,0.84672,3695.15,0,36.966,0.39377,2.56384,2.05869,15.5615,0.819289,18.971,0.42336,36.966,0.42336,423.524,0,1.02816,0,0,3.592,2.56384,1.028160,1,0,159.476,0,0,0,159.476,0
70.4571,2.32109,0,0,4.48884,0.281769,0.36288,3.6288,61.308,0.653155,0,0,2.79262,0.177862,1.9616,0.66528,12.849,1,0.432641,0.36288,0,107.218,3.06464,104.084,0.84672,12.849,0.84672,3695.15,0,36.966,0.393823,2.38163,2.11914,13.0396,0.819289,16.3272,0.42336,36.966,0.42336,423.524,0,1.02816,0,0,3.40979,2.38163,1.028160,1,0,122.373,0,0,0,122.373,0
72.29,2.32921,0,0,8.03169,0.28511,3.58449,3.6288,61.308,0.653244,0,0,4.19285,0.177862,3.36174,0.66528,12.849,1,0.424769,3.58449,0,155.028,3.06464,155.123,0.84672,12.849,0.84672,3695.15,0,36.966,0.393877,3.78772,2.1193,19.731,0.819289,24.4249,0.42336,36.966,0.42336,423.524,0,1.02816,0,0,4.81588,3.78772,1.028160,1,0,182.909,0,0,0,182.909,0
72.29,2.33856,0,0,10.2318,0.309906,7.58335,3.6288,61.308,0.653333,0,0,3.92523,0.181036,3.09086,0.66528,12.849,1,0.415661,7.58335,0,240.424,3.43977,244.152,0.84672,12.849,0.84672,3695.15,0,36.966,0.393931,3.56567,2.11946,25.0432,0.90604,29.4284,0.42336,36.966,0.42336,423.524,0,1.02816,0,0,4.59383,3.56567,1.028160,1,0,276.672,0,0,0,276.672,0
72.29,2.59193,0,0,3.78478,0.334061,0.858786,3.6288,61.308,0.66528,0,0,2.56778,0.180374,1.72213,0.66528,12.849,1,0.460696,0.858786,0,84.7368,3.24009,81.8948,0.84672,12.849,0.84672,3695.15,0,36.966,0.590614,1.12491,2.11961,8.94076,0.847274,10.7474,0.42336,36.966,0.42336,423.524,0,1.02816,0,0,2.15307,1.12491,1.028160,1,0,94.3643,0,0,0,94.3643,0
72.29,2.59216,0,0,4.08722,0.334061,1.161,3.6288,61.308,0.66528,0,0,2.46417,0.180374,1.61852,0.66528,12.849,1,0.460737,1.161,0,105.436,3.24009,102.896,0.84672,12.849,0.84672,3695.15,0,36.966,0.590774,1.27549,2.33672,9.56526,0.847274,11.7394,0.42336,36.966,0.42336,423.524,0,1.02816,0,0,2.30365,1.27549,1.028160,1,0,116.254,0,0,0,116.254,0
72.1005,2.59239,0,0,3.09984,0.334061,0.36288,3.6288,61.308,0.66528,0,0,2.00713,0.180374,1.16148,0.66528,12.849,1,0.460778,0.36288,0,80.0911,3.24009,76.7531,0.84672,12.849,0.84672,3695.15,0,36.966,0.590933,0.665029,2.3369,8.69115,0.847274,10.2549,0.42336,36.966,0.42336,423.524,0,1.02816,0,0,1.69319,0.665029,1.028160,1,0,88.1694,0,0,0,88.1694,0
72.29,2.59159,0,0,6.84084,0.314303,3.74546,3.6288,61.308,0.66528,0,0,3.88119,0.207417,3.0085,0.66528,12.849,1,0.461847,3.74546,0,130.969,3.92372,130.328,0.84672,12.849,0.84672,3695.15,0,36.966,0.591093,2.61029,2.33707,12.3318,1.05591,15.6321,0.42336,36.966,0.42336,423.524,0,1.02816,0,0,3.63845,2.61029,1.028160,1,0,148.969,0,0,0,148.969,0
72.29,2.23164,0,0,7.31877,0.312167,4.77496,3.6288,61.308,0.609281,0,0,2.7679,0.208538,1.95008,0.66528,12.849,1,0.396658,4.77496,0,178.39,4.5134,178.255,0.84672,12.849,0.84672,3695.15,0,36.966,0.36737,2.00744,2.33724,13.0327,1.1461,15.8639,0.42336,36.966,0.42336,423.524,0,1.02816,0,0,3.0356,2.00744,1.028160,1,0,196.069,0,0,0,196.069,0
72.29,2.23184,0,0,9.24178,0.31892,6.69101,3.6288,61.308,0.609367,0,0,4.19049,0.207502,3.37362,0.66528,12.849,1,0.396693,6.69101,0,172.227,4.53957,173.982,0.84672,12.849,0.84672,3695.15,0,36.966,0.367421,3.17256,2.04146,20.0606,1.14381,23.7634,0.42336,36.966,0.42336,423.524,0,1.02816,0,0,4.20072,3.17256,1.028160,1,0,201.119,0,0,0,201.119,0
72.29,2.23204,0,0,7.43887,0.31892,4.8879,3.6288,61.308,0.609452,0,0,3.1481,0.207502,2.33114,0.66528,12.849,1,0.396729,4.8879,0,166.993,4.53957,166.945,0.84672,12.849,0.84672,3695.15,0,36.966,0.367473,2.29284,2.04161,14.7633,1.14381,17.5864,0.42336,36.966,0.42336,423.524,0,1.02816,0,0,3.321,2.29284,1.028160,1,0,186.862,0,0,0,186.862,0
72.29,2.23224,0,0,7.1782,0.324999,4.62095,3.6288,61.308,0.609538,0,0,2.5478,0.191645,1.74661,0.66528,12.849,1,0.396765,4.62095,0,147.468,4.50924,147.183,0.84672,12.849,0.84672,3695.15,0,36.966,0.367524,1.89524,2.04176,12.9741,1.10732,15.4362,0.42336,36.966,0.42336,423.524,0,1.02816,0,0,2.9234,1.89524,1.028160,1,0,164.366,0,0,0,164.366,0
72.29,2.23245,0,0,6.86378,0.312364,4.31897,3.6288,61.308,0.609624,0,0,4.3509,0.157745,3.58353,0.66528,12.849,1,0.3968,4.31897,0,140.068,4.68609,139.304,0.84672,12.849,0.84672,3695.15,0,36.966,0.367576,4.84885,2.04191,20.3421,1.12788,25.7374,0.42336,36.966,0.42336,423.524,0,1.02816,0,0,5.87701,4.84885,1.028160,1,0,168.625,0,0,0,168.625,0
72.29,2.3236,0,0,7.07185,0.303973,4.44427,3.6288,61.308,0.652441,0,0,3.28771,0.21417,2.4211,0.66528,12.849,1,0.413003,4.44427,0,177.224,4.73749,176.517,0.84672,12.849,0.84672,3695.15,0,36.966,0.393393,4.44976,2.04206,17.1762,1.11555,22.1591,0.42336,36.966,0.42336,423.524,0,1.02816,0,0,5.47792,4.44976,1.028160,1,0,201.098,0,0,0,201.098,0
72.29,2.32381,0,0,4.48407,0.303973,1.85629,3.6288,61.308,0.65253,0,0,2.03557,0.21417,1.16887,0.66528,12.849,1,0.41304,1.85629,0,108.772,4.73749,105.478,0.84672,12.849,0.84672,3695.15,0,36.966,0.393447,2.71435,2.11521,12.0222,1.11555,15.3428,0.42336,36.966,0.42336,423.524,0,1.02816,0,0,3.74251,2.71435,1.028160,1,0,121.99,0,0,0,121.99,0
72.29,2.32402,0,0,3.62953,0.303973,1.00153,3.6288,61.308,0.652619,0,0,1.68401,0.21417,0.817225,0.66528,12.849,1,0.413077,1.00153,0,75.4566,4.73749,71.3075,0.84672,12.849,0.84672,3695.15,0,36.966,0.3935,2.41785,2.11536,10.045,1.11555,13.0691,0.42336,36.966,0.42336,423.524,0,1.02816,0,0,3.44601,2.41785,1.028160,1,0,85.1939,0,0,0,85.1939,0
72.29,2.32423,0,0,3.22697,0.283343,0.6194,3.6288,61.308,0.652708,0,0,1.66451,0.206023,0.805782,0.66528,12.849,1,0.413114,0.6194,0,66.3837,4.16865,62.4213,0.84672,12.849,0.84672,3695.15,0,36.966,0.393554,2.08022,2.11552,8.45683,1.09392,11.1651,0.42336,36.966,0.42336,423.524,0,1.02816,0,0,3.10838,2.08022,1.028160,1,0,74.3922,0,0,0,74.3922,0
72.29,2.28886,0,0,2.99562,0.255836,0.450922,3.6288,61.308,0.636195,0,0,1.90538,0.195161,1.07402,0.66528,12.849,1,0.406828,0.450922,0,61.765,3.41019,58.3989,0.84672,12.849,0.84672,3695.15,0,36.966,0.383598,1.88669,2.11568,7.91493,1.06507,10.4686,0.42336,36.966,0.42336,423.524,0,1.02816,0,0,2.91485,1.88669,1.028160,1,0,69.9416,0,0,0,69.9416,0
72.29,2.28907,0,0,3.12873,0.255836,0.583824,3.6288,61.308,0.636283,0,0,1.63211,0.195161,0.800669,0.66528,12.849,1,0.406864,0.583824,0,61.2574,3.41019,58.0242,0.84672,12.849,0.84672,3695.15,0,36.966,0.38365,1.392,2.08742,9.28731,1.06507,11.318,0.42336,36.966,0.42336,423.524,0,1.02816,0,0,2.42016,1.392,1.028160,1,0,70.1429,0,0,0,70.1429,0
72.29,2.28927,0,0,3.05751,0.219343,0.548892,3.6288,61.308,0.636371,0,0,1.59156,0.212965,0.742221,0.66528,12.849,1,0.4069,0.548892,0,60.9038,4.81374,56.232,0.84672,12.849,0.84672,3695.15,0,36.966,0.383703,1.50024,2.08757,8.39048,1.1204,10.4742,0.42336,36.966,0.42336,423.524,0,1.02816,0,0,2.5284,1.50024,1.028160,1,0,67.4485,0,0,0,67.4485,0
71.9923,2.28948,0,0,2.51085,0.156174,0.36288,3.6288,61.308,0.636459,0,0,1.51546,0.233477,0.645521,0.66528,12.849,1,0.406937,0.36288,0,38.1115,5.34601,32.7214,0.84672,12.849,0.84672,3695.15,0,36.966,0.383756,1.28541,2.08773,7.34348,1.25639,9.07647,0.42336,36.966,0.42336,423.524,0,1.02816,0,0,2.31357,1.28541,1.028160,1,0,42.4434,0,0,0,42.4434,0
71.8876,2.40897,0,0,2.83332,0.166145,0.36288,3.6288,61.308,0.66528,0,0,1.39075,0.235069,0.490397,0.66528,12.849,1,0.429947,0.36288,0,50.8865,5.2522,45.5672,0.84672,12.849,0.84672,3695.15,0,36.966,0.44948,0.983318,2.08788,7.88754,1.11748,9.39178,0.42336,36.966,0.42336,423.524,0,1.02816,0,0,2.01148,0.983318,1.028160,1,0,55.4494,0,0,0,55.4494,0
71.671,2.40866,0,0,2.72093,0.166012,0.36288,3.6288,61.308,0.66528,0,0,1.37614,0.235069,0.475796,0.66528,12.849,1,0.430517,0.36288,0,47.2312,5.2522,41.9113,0.84672,12.849,0.84672,3695.15,0,36.966,0.449628,0.990412,2.18763,7.56942,1.11748,9.18035,0.42336,36.966,0.42336,423.524,0,1.02816,0,0,2.01857,0.990412,1.028160,1,0,51.5675,0,0,0,51.5675,0
71.312,2.40777,0,0,2.58226,0.170633,0.36288,3.6288,61.308,0.66528,0,0,1.35436,0.233752,0.455331,0.66528,12.849,1,0.431659,0.36288,0,45.2436,5.16759,40.0072,0.84672,12.849,0.84672,3695.15,0,36.966,0.449777,1.15521,2.1878,7.08566,1.12075,8.85815,0.42336,36.966,0.42336,423.524,0,1.02816,0,0,2.18337,1.15521,1.028160,1,0,49.3207,0,0,0,49.3207,0
70.7516,2.40614,0,0,2.39699,0.188423,0.36288,3.6288,61.308,0.66528,0,0,1.30173,0.230002,0.406446,0.66528,12.849,1,0.433539,0.36288,0,41.8776,4.69195,37.1149,0.84672,12.849,0.84672,3695.15,0,36.966,0.449925,1.08222,2.18796,6.59085,1.14985,8.26125,0.42336,36.966,0.42336,423.524,0,1.02816,0,0,2.11038,1.08222,1.028160,1,0,45.7826,0,0,0,45.7826,0
70.246,2.40345,0,0,2.39511,0.134353,0.36288,3.6288,61.2631,0.66528,0,0,0.870264,0.249835,0,0.66528,12.849,1,0.436484,0.36288,0,42.6047,5.42173,37.1094,0.84672,12.849,0.84672,3695.15,0,36.966,0.450073,0.78592,2.18812,4.39057,1.26025,5.65429,0.42336,36.966,0.42336,423.524,0,1.02816,0,0,1.81408,0.78592,1.028160,1,0,42.7637,0,0,0,42.7637,0
69.6234,2.37721,0,0,2.25641,0.138859,0.36288,3.6288,61.0015,0.66528,0,0,0.651344,0.247735,0,0.66528,12.849,1,0.434827,0.36288,0,39.9486,5.63672,34.2399,0.84672,12.849,0.84672,3695.15,0,36.966,0.502129,0.531731,2.18828,3.47909,1.28156,4.41542,0.42336,36.966,0.42336,423.524,0,1.02816,0,0,1.55989,0.531731,1.028160,1,0,38.6554,0,0,0,38.6554,0
68.9415,2.37414,0,0,2.19324,0.138192,0.36288,3.6288,60.7045,0.66528,0,0,0.615603,0.247325,0,0.66528,12.849,1,0.438148,0.36288,0,35.909,5.63672,30.1971,0.84672,12.849,0.84672,3695.15,0,36.966,0.502281,0.389768,2.22327,3.42883,1.28156,4.25802,0.42336,36.966,0.42336,423.524,0,1.02816,0,0,1.41793,0.389768,1.028160,1,0,34.4551,0,0,0,34.4551,0
68.1863,2.3707,0,0,2.09568,0.117227,0.36288,3.6288,60.3643,0.66528,0,0,0.589636,0.264562,0,0.66528,12.849,1,0.441841,0.36288,0,33.0406,5.78858,27.173,0.84672,12.849,0.84672,3695.15,0,36.966,0.502434,0.294771,2.22344,3.34908,1.37152,3.99334,0.42336,36.966,0.42336,423.524,0,1.02816,0,0,1.32293,0.294771,1.028160,1,0,31.1664,0,0,0,31.1664,0
67.5958,2.3668,0,0,2.24415,0.104953,0.36288,3.6288,60.1324,0.66528,0,0,0.718484,0.285109,0,0.66528,12.849,1,0.445998,0.36288,0,40.8156,5.95092,34.7816,0.84672,12.849,0.84672,3695.15,0,36.966,0.502586,0.446316,2.2236,3.4833,1.46144,4.18919,0.42336,36.966,0.42336,423.524,0,1.02816,0,0,1.47448,0.446316,1.028160,1,0,38.9708,0,0,0,38.9708,0
66.5436,2.42483,0,0,1.84867,0.113184,0.36288,3.6288,59.614,0.769522,0,0,0.555512,0.304335,0,0.66528,12.849,1,0.460925,0.36288,0,33.5057,6.07204,27.3356,0.84672,12.849,0.84672,3695.15,0,36.966,0.549014,0.261274,2.22377,2.55277,1.51759,2.9712,0.42336,36.966,0.42336,423.524,0,0.923918,0,0,1.18519,0.261274,1.028160,1,0,30.3068,0,0,0,30.3068,0
65.3709,2.41893,0,0,1.72136,0.112247,0.36288,3.6288,59.1191,0.673557,0,0,0.481943,0.303331,0,0.66528,12.849,1,0.467075,0.36288,0,28.37,6.07204,22.1938,0.84672,12.849,0.84672,3695.15,0,36.966,0.549171,0.261274,2.27331,2.57632,1.51759,3.04414,0.42336,36.966,0.42336,423.524,0,1.01988,0,0,1.28116,0.261274,1.028160,1,0,25.2379,0,0,0,25.2379,0
64.0762,2.41215,0,0,1.59149,0.111203,0.36288,3.6288,58.468,0.795597,0,0,0.446933,0.302371,0,0.66528,12.849,1,0.47412,0.36288,0,27.2043,6.07204,21.0211,0.84672,12.849,0.84672,3695.15,0,36.966,0.549327,0.227405,2.27348,2.24009,1.51759,2.67406,0.42336,36.966,0.42336,423.524,0,0.897843,0,0,1.12525,0.227405,1.028160,1,0,23.6951,0,0,0,23.6951,0
62.8303,2.40438,0,0,1.62685,0.105454,0.36288,3.6288,57.9954,0.66528,0,0,0.49634,0.303653,0,0.66528,12.849,1,0.482143,0.36288,0,25.874,6.14682,19.608,0.84672,12.849,0.84672,3695.15,0,36.966,0.549484,0.248927,2.27365,2.7708,1.53253,3.21137,0.42336,36.966,0.42336,423.524,0,1.02816,0,0,1.27709,0.248927,1.028160,1,0,22.8193,0,0,0,22.8193,0
61.5841,2.57349,0,0,1.7979,0.107744,0.36288,3.6288,57.3022,0.824688,0,0,0.450026,0.318626,0,0.66528,12.849,1,0.526286,0.36288,0,28.7125,6.50981,22.0393,0.84672,12.849,0.84672,3695.15,0,36.966,0.716724,0.227405,2.27382,2.95036,1.60054,3.13432,0.42336,36.966,0.42336,423.524,0,0.868752,0,0,1.09616,0.227405,1.028160,1,0,25.1736,0,0,0,25.1736,0
60.5633,2.5649,0,0,2.01342,0.10645,0.36288,3.6288,56.8417,0.66528,0,0,0.525097,0.320258,0,0.66528,12.849,1,0.535145,0.36288,0,35.0185,6.58277,28.2635,0.84672,12.849,0.84672,3695.15,0,36.966,0.716894,0.271996,2.44299,2.93718,1.61437,3.3209,0.42336,36.966,0.42336,423.524,0,1.02816,0,0,1.30016,0.271996,1.028160,1,0,31.5844,0,0,0,31.5844,0
59.1336,2.55769,0,0,1.59643,0.105553,0.36288,3.6288,55.9952,0.92137,0,0,0.394125,0.319302,0,0.66528,12.849,1,0.542634,0.36288,0,38.4519,6.58277,31.6894,0.84672,12.849,0.84672,3695.15,0,36.966,0.717064,0.204422,2.44317,2.35835,1.61437,2.67451,0.42336,36.966,0.42336,423.524,0,0.77207,0,0,0.976493,0.204422,1.028160,1,0,34.3639,0,0,0,34.3639,0
58.0598,2.54713,0,0,1.94039,0.104148,0.36288,3.6288,55.646,0.66528,0,0,0.633653,0.317543,0,0.66528,12.849,1,0.553461,0.36288,0,33.5183,6.58277,26.7449,0.84672,12.849,0.84672,3695.15,0,36.966,0.717234,0.590786,2.44336,3.39807,1.61437,4.10061,0.42336,36.966,0.42336,423.524,0,1.02816,0,0,1.61895,0.590786,1.028160,1,0,30.8455,0,0,0,30.8455,0
57.2912,2.53898,0,0,2.24905,0.115805,0.36288,3.6288,55.3363,0.66528,0,0,0.661614,0.306076,0,0.66528,12.849,1,0.561891,0.36288,0,47.1305,5.77385,41.1577,0.84672,12.849,0.84672,3695.15,0,36.966,0.717403,0.958798,2.44354,3.42762,1.45003,4.66252,0.42336,36.966,0.42336,423.524,0,1.02816,0,0,1.98696,0.958798,1.028160,1,0,45.8202,0,0,0,45.8202,0
56.6154,2.44822,0,0,2.25974,0.124418,0.36288,3.6288,55.0243,0.66528,0,0,0.650703,0.297415,0,0.66528,12.849,1,0.549075,0.36288,0,48.4219,5.16716,43.0686,0.84672,12.849,0.84672,3695.15,0,36.966,0.616119,1.10082,2.44372,3.07837,1.32677,4.68002,0.42336,36.966,0.42336,423.524,0,1.02816,0,0,2.12898,1.10082,1.028160,1,0,47.7486,0,0,0,47.7486,0
56.1057,2.4431,0,0,2.4198,0.123592,0.36288,3.6288,54.7244,0.66528,0,0,0.662249,0.296805,0,0.66528,12.849,1,0.554466,0.36288,0,52.4158,5.16716,47.057,0.84672,12.849,0.84672,3695.15,0,36.966,0.616281,1.15917,2.34606,4.37746,1.32677,5.93964,0.42336,36.966,0.42336,423.524,0,1.02816,0,0,2.18733,1.15917,1.028160,1,0,52.9967,0,0,0,52.9967,0
56.7489,2.43921,0,0,3.56828,0.12297,0.36288,3.6288,54.7304,0.66528,0,0,0.96749,0.296219,0,0.66528,12.849,1,0.558615,0.36288,0,62.9705,5.16716,57.6076,0.84672,12.849,0.84672,3695.15,0,36.966,0.616442,1.80894,2.34623,5.5751,1.32677,7.78706,0.42336,36.966,0.42336,423.524,0,1.02816,0,0,2.8371,1.80894,1.028160,1,0,65.3946,0,0,0,65.3946,0
59.4261,2.44459,0,0,5.66327,0.17863,0.36288,3.6288,55.1595,0.66528,0,0,1.34833,0.25394,0,0.66528,12.849,1,0.553501,0.36288,0,99.4395,4.47123,94.7776,0.84672,12.849,0.84672,3695.15,0,36.966,0.616604,2.52177,2.34641,9.09876,1.14414,12.2062,0.42336,36.966,0.42336,423.524,0,1.02816,0,0,3.54993,2.52177,1.028160,1,0,106.984,0,0,0,106.984,0
62.4428,2.39521,0,0,5.98908,0.214247,0.36288,3.6288,55.7915,0.66528,0,0,1.51072,0.213438,0,0.66528,12.849,1,0.517887,0.36288,0,99.8343,3.82399,95.8553,0.84672,12.849,0.84672,3695.15,0,36.966,0.524387,2.43743,2.34658,7.37627,0.963807,10.6721,0.42336,36.966,0.42336,423.524,0,1.02816,0,0,3.46559,2.43743,1.028160,1,0,106.527,0,0,0,106.527,0
65.1833,2.41617,0,0,5.7395,0.219914,0.36288,3.6288,56.1588,0.66528,0,0,1.24687,0.214326,0,0.66528,12.849,1,0.497181,0.36288,0,143.233,3.82399,139.275,0.84672,12.849,0.84672,3695.15,0,36.966,0.524541,2.02726,2.25941,7.49212,0.963807,10.2904,0.42336,36.966,0.42336,423.524,0,1.02816,0,0,3.05542,2.02726,1.028160,1,0,149.565,0,0,0,149.565,0
67.0293,2.43385,0,0,4.86758,0.224856,0.36288,3.6288,56.2985,0.66528,0,0,1.01984,0.214841,0,0.66528,12.849,1,0.479763,0.36288,0,99.4823,3.82399,95.5415,0.84672,12.849,0.84672,3695.15,0,36.966,0.524696,1.45607,2.25957,6.29637,0.963807,8.52352,0.42336,36.966,0.42336,423.524,0,1.02816,0,0,2.48423,1.45607,1.028160,1,0,104.065,0,0,0,104.065,0
67.7762,2.44515,0,0,3.78311,0.228185,0.36288,3.6288,56.1944,0.66528,0,0,0.776166,0.215037,0,0.66528,12.849,1,0.468717,0.36288,0,61.4952,3.82399,57.5654,0.84672,12.849,0.84672,3695.15,0,36.966,0.52485,0.867905,2.25974,5.16514,0.963807,6.80413,0.42336,36.966,0.42336,423.524,0,1.02816,0,0,1.89607,0.867905,1.028160,1,0,64.3695,0,0,0,64.3695,0
70.4007,2.24608,0,0,5.45145,0.218004,0.36288,3.6288,56.5214,0.601888,0,0,1.14145,0.212523,0,0.66528,12.849,1,0.425811,0.36288,0,99.8689,3.52431,96.2817,0.84672,12.849,0.84672,3695.15,0,36.966,0.395936,1.88283,2.25991,6.41266,0.900998,9.25846,0.42336,36.966,0.42336,423.524,0,1.02816,0,0,2.91099,1.88283,1.028160,1,0,105.54,0,0,0,105.54,0
71.518,2.2597,0,0,4.04853,0.308641,0.36288,3.6288,56.6738,0.603357,0,0,0.935349,0.179595,0,0.66528,12.849,1,0.412424,0.36288,0,48.7044,3.88521,44.7696,0.84672,12.849,0.84672,3695.15,0,36.966,0.394606,1.49455,2.06599,4.90198,0.928568,7.13934,0.42336,36.966,0.42336,423.524,0,1.02816,0,0,2.52271,1.49455,1.028160,1,0,51.909,0,0,0,51.909,0
72.29,2.26537,0,0,5.25038,0.311295,1.90173,3.6288,57.2436,0.604083,0,0,1.35362,0.179774,0,0.66528,12.849,1,0.406999,1.90173,0,89.2063,3.88521,86.8158,0.84672,12.849,0.84672,3695.15,0,36.966,0.394019,1.66596,2.06614,6.49002,0.928568,8.89953,0.42336,36.966,0.42336,423.524,0,1.02816,0,0,2.69412,1.66596,1.028160,1,0,95.7153,0,0,0,95.7153,0
72.29,2.26926,0,0,5.96847,0.313129,3.38608,3.6288,58.0764,0.606551,0,0,1.61984,0.180441,0,0.66528,12.849,1,0.403344,3.38608,0,83.2732,3.88521,82.3707,0.84672,12.849,0.84672,3695.15,0,36.966,0.39169,2.17034,2.06629,7.20656,0.928568,10.1229,0.42336,36.966,0.42336,423.524,0,1.02816,0,0,3.1985,2.17034,1.028160,1,0,92.4936,0,0,0,92.4936,0
72.29,2.26947,0,0,4.85826,0.282183,2.30661,3.6288,58.7847,0.610068,0,0,1.51785,0.199448,0,0.66528,12.849,1,0.403381,2.30661,0,130.86,3.9635,128.8,0.84672,12.849,0.84672,3695.15,0,36.966,0.388312,1.95067,2.06644,7.95836,0.988322,10.5988,0.42336,36.966,0.42336,423.524,0,1.02816,0,0,2.97883,1.95067,1.028160,1,0,139.399,0,0,0,139.399,0
71.154,2.34881,0,0,1.85196,0.27631,0.36288,3.6288,58.4466,0.689878,0,0,0.534979,0.183247,0,0.66528,12.849,1,0.417483,0.36288,0,43.1395,3.33995,39.745,0.84672,12.849,0.84672,3695.15,0,36.966,0.43382,0.412474,2.0666,4.27368,0.772149,5.54678,0.42336,36.966,0.42336,423.524,0,0.958729,0,0,1.3712,0.412474,1.028160,1,0,45.2918,0,0,0,45.2918,0
69.4819,2.34336,0,0,1.30813,0.273929,0.36288,3.6288,58.0661,0.768762,0,0,0.57107,0.182848,0,0.66528,12.849,1,0.423164,0.36288,0,37.2458,3.33995,33.8456,0.84672,12.849,0.84672,3695.15,0,36.966,0.486223,0.503194,2.12729,3.35483,0.772149,4.72694,0.42336,36.966,0.42336,423.524,0,0.827574,0,0,1.33077,0.503194,1.028160,1,0,38.5725,0,0,0,38.5725,0
70.0171,2.33496,0,0,3.50345,0.270423,0.36288,3.6288,58.8726,0.644335,0,0,1.63329,0.182401,0,0.66528,12.849,1,0.431794,0.36288,0,114.261,3.33995,110.853,0.84672,12.849,0.84672,3695.15,0,36.966,0.410196,2.03117,2.12743,8.46943,0.772149,11.4457,0.42336,36.966,0.42336,423.524,0,1.02816,0,0,3.05933,2.03117,1.028160,1,0,122.298,0,0,0,122.298,0
70.3207,2.33794,0,0,3.28575,0.281358,0.36288,3.6288,59.8012,0.647868,0,0,1.76459,0.188088,0,0.66528,12.849,1,0.42904,0.36288,0,106.113,3.4314,102.615,0.84672,12.849,0.84672,3695.15,0,36.966,0.406795,2.77475,2.12758,7.35951,0.795616,11.0594,0.42336,36.966,0.42336,423.524,0,1.02816,0,0,3.80291,2.77475,1.028160,1,0,113.675,0,0,0,113.675,0
69.738,2.59284,0,0,2.64558,0.272563,0.36288,3.6288,60.2698,0.66528,0,0,1.33771,0.203897,0,0.66528,12.849,1,0.473764,0.36288,0,76.8798,3.82441,72.9445,0.84672,12.849,0.84672,3695.15,0,36.966,0.59887,1.17253,2.12772,5.18819,0.975626,6.91394,0.42336,36.966,0.42336,423.524,0,1.02816,0,0,2.20069,1.17253,1.028160,1,0,79.8584,0,0,0,79.8584,0
68.4027,2.58971,0,0,1.8886,0.271339,0.36288,3.6288,60.0959,0.727678,0,0,0.758324,0.204506,0,0.66528,12.849,1,0.477146,0.36288,0,60.0471,3.82441,56.1084,0.84672,12.849,0.84672,3695.15,0,36.966,0.599018,0.503194,2.34572,3.64969,0.975626,4.92396,0.42336,36.966,0.42336,423.524,0,0.965762,0,0,1.46896,0.503194,1.028160,1,0,61.0323,0,0,0,61.0323,0
66.3806,2.58208,0,0,1.16808,0.245129,0.36288,3.6288,59.2336,1.19187,0,0,0.542012,0.212456,0,0.66528,12.849,1,0.485027,0.36288,0,36.4441,3.77444,32.5475,0.84672,12.849,0.84672,3695.15,0,36.966,0.733139,0.608429,2.34588,2.63699,0.942153,3.91601,0.42336,36.966,0.42336,423.524,0,0.367597,0,0,0.976026,0.608429,1.028160,1,0,36.4636,0,0,0,36.4636,0
64.8928,2.56991,0,0,1.66888,0.223977,0.36288,3.6288,58.9809,0.882628,0,0,0.847342,0.217387,0,0.66528,12.849,1,0.497446,0.36288,0,52.0557,3.73695,48.1841,0.84672,12.849,0.84672,3695.15,0,36.966,0.599313,0.608429,2.34604,4.25013,0.917047,5.68824,0.42336,36.966,0.42336,423.524,0,0.810812,0,0,1.41924,0.608429,1.028160,1,0,53.8724,0,0,0,53.8724,0
64.4777,2.20403,0,0,2.44468,0.292784,0.36288,3.6288,58.5948,0.78895,0,0,0.658669,0.255902,0,0.66528,12.849,1,0.436406,0.36288,0,47.392,4.05867,43.2598,0.84672,12.849,0.84672,3695.15,0,36.966,0.494471,0.608429,2.3462,2.5939,1.18323,3.87083,0.42336,36.966,0.42336,423.524,0,0.728438,0,0,1.33687,0.608429,1.028160,1,0,47.1307,0,0,0,47.1307,0
64.3863,2.20187,0,0,2.76515,0.291807,0.36288,3.6288,58.7147,0.60325,0,0,0.978428,0.255268,0,0.66528,12.849,1,0.438784,0.36288,0,78.6095,4.05867,74.4749,0.84672,12.849,0.84672,3695.15,0,36.966,0.380576,0.948594,2.04918,3.71211,1.18323,5.14607,0.42336,36.966,0.42336,423.524,0,1.02816,0,0,1.97675,0.948594,1.028160,1,0,79.621,0,0,0,79.621,0
65.896,1.92973,0,0,4.09386,0.291592,0.36288,3.6288,59.0228,0.487583,0,0,1.05123,0.255465,0,0.66528,12.849,1,0.385099,0.36288,0,91.4777,4.05867,87.3968,0.84672,12.849,0.84672,3695.15,0,36.966,0.306976,0.889687,2.04932,4.63263,1.18323,6.08143,0.42336,36.966,0.42336,423.524,0,1.02816,0,0,1.91785,0.889687,1.028160,1,0,93.4783,0,0,0,93.4783,0
66.6967,1.93728,0,0,3.3376,0.236685,0.36288,3.6288,59.4753,0.488638,0,0,1.16837,0.227293,0,0.66528,12.849,1,0.377748,0.36288,0,119.126,3.62868,115.482,0.84672,12.849,0.84672,3695.15,0,36.966,0.306034,0.861253,1.84203,5.02719,1.08662,6.33783,0.42336,36.966,0.42336,423.524,0,1.02816,0,0,1.88941,0.861253,1.028160,1,0,121.82,0,0,0,121.82,0
67.2679,2.21466,0,0,3.43384,0.285154,0.36288,3.6288,60.795,0.606959,0,0,2.15906,0.232398,0,0.66528,12.849,1,0.42665,0.36288,0,90.5826,4.05667,86.4622,0.84672,12.849,0.84672,3695.15,0,36.966,0.377247,2.70187,1.84216,6.30822,1.07407,9.40092,0.42336,36.966,0.42336,423.524,0,1.02816,0,0,3.73003,2.70187,1.028160,1,0,95.8631,0,0,0,95.8631,0
67.0307,2.02438,0,0,2.46829,0.318221,0.36288,3.6288,60.8458,0.532359,0,0,0.812281,0.229139,0,0.66528,12.849,1,0.386682,0.36288,0,76.1772,4.26835,71.885,0.84672,12.849,0.84672,3695.15,0,36.966,0.323698,1.41769,2.04974,3.4374,1.1143,5.46683,0.42336,36.966,0.42336,423.524,0,1.02816,0,0,2.44585,1.41769,1.028160,1,0,77.3518,0,0,0,77.3518,0
67.4909,2.0234,0,0,3.1641,0.317625,0.36288,3.6288,61.308,0.5326,0,0,1.43383,0.229213,0.209787,0.66528,12.849,1,0.387862,0.36288,0,104.693,4.26835,100.399,0.84672,12.849,0.84672,3695.15,0,36.966,0.323574,2.38682,1.90758,5.23003,1.1143,8.08655,0.42336,36.966,0.42336,423.524,0,1.02816,0,0,3.41498,2.38682,1.028160,1,0,108.696,0,0,0,108.696,0
67.3465,2.3098,0,0,2.81817,0.289852,0.36288,3.6288,61.2348,0.657146,0,0,0.82309,0.239179,0,0.66528,12.849,1,0.439743,0.36288,0,85.7028,4.43021,81.1957,0.84672,12.849,0.84672,3695.15,0,36.966,0.39623,1.61381,1.90771,3.98188,1.1004,6.00676,0.42336,36.966,0.42336,423.524,0,1.02816,0,0,2.64197,1.61381,1.028160,1,0,87.2024,0,0,0,87.2024,0
66.7862,2.3092,0,0,2.36777,0.256048,0.36288,3.6288,61.1807,0.656932,0,0,0.821137,0.218269,0,0.66528,12.849,1,0.44057,0.36288,0,66.947,3.79775,63.0716,0.84672,12.849,0.84672,3695.15,0,36.966,0.396575,1.28154,2.12346,3.10774,1.01591,5.10025,0.42336,36.966,0.42336,423.524,0,1.02816,0,0,2.3097,1.28154,1.028160,1,0,68.1718,0,0,0,68.1718,0
65.9659,2.27101,0,0,2.0843,0.270657,0.36288,3.6288,61.308,0.640139,0,0,0.996157,0.210278,0.0184402,0.66528,12.849,1,0.436919,0.36288,0,58.3325,3.92269,54.3358,0.84672,12.849,0.84672,3695.15,0,36.966,0.386779,1.33545,2.1236,3.35872,1.08952,5.34147,0.42336,36.966,0.42336,423.524,0,1.02816,0,0,2.36361,1.33545,1.028160,1,0,59.6957,0,0,0,59.6957,0
65.0732,1.98752,0,0,1.72656,0.268899,0.36288,3.6288,61.308,0.519591,0,0,0.909299,0.210447,0.179261,0.66528,12.849,1,0.387134,0.36288,0,50.3591,3.92269,46.4122,0.84672,12.849,0.84672,3695.15,0,36.966,0.31329,1.13543,2.09522,2.97973,1.08952,4.80757,0.42336,36.966,0.42336,423.524,0,1.02816,0,0,2.16359,1.13543,1.028160,1,0,51.399,0,0,0,51.399,0
64.0178,1.98325,0,0,1.55775,0.266986,0.36288,3.6288,61.308,0.519663,0,0,0.777643,0.210447,0.047533,0.66528,12.849,1,0.391602,0.36288,0,48.9482,3.92269,44.9968,0.84672,12.849,0.84672,3695.15,0,36.966,0.313334,0.608628,1.88285,3.03612,1.08952,4.12474,0.42336,36.966,0.42336,423.524,0,1.02816,0,0,1.63679,0.608628,1.028160,1,0,49.1691,0,0,0,49.1691,0
63.3656,1.97804,0,0,1.92887,0.24013,0.36288,3.6288,61.308,0.519735,0,0,0.932887,0.222564,0.190588,0.66528,12.849,1,0.397012,0.36288,0,54.2141,4.08031,50.0997,0.84672,12.849,0.84672,3695.15,0,36.966,0.313377,0.759491,1.88298,3.0858,1.12374,4.29115,0.42336,36.966,0.42336,423.524,0,1.02816,0,0,1.78765,0.759491,1.028160,1,0,54.5814,0,0,0,54.5814,0
62.0636,2.3709,0,0,1.61234,0.1806,0.36288,3.6288,61.1678,0.66528,0,0,0.793109,0.268001,0,0.66528,12.849,1,0.480761,0.36288,0,45.2387,4.2194,40.9014,0.84672,12.849,0.84672,3695.15,0,36.966,0.456945,0.875897,1.8831,2.85781,1.13726,4.02261,0.42336,36.966,0.42336,423.524,0,1.02816,0,0,1.90406,0.875897,1.028160,1,0,44.924,0,0,0,44.924,0
60.613,2.36274,0,0,1.45416,0.179165,0.36288,3.6288,60.9575,0.66528,0,0,0.725233,0.270286,0,0.66528,12.849,1,0.489157,0.36288,0,41.8245,4.1769,37.5213,0.84672,12.849,0.84672,3695.15,0,36.966,0.457082,0.613146,2.19579,2.60346,1.12525,3.83006,0.42336,36.966,0.42336,423.524,0,1.02816,0,0,1.64131,0.613146,1.028160,1,0,41.3514,0,0,0,41.3514,0
59.4345,2.06495,0,0,1.42637,0.177027,0.36288,3.6288,60.7876,0.571305,0,0,0.671319,0.269926,0,0.66528,12.849,1,0.437737,0.36288,0,39.2724,4.1769,35.0207,0.84672,12.849,0.84672,3695.15,0,36.966,0.346453,0.446273,2.19594,2.40278,1.12525,3.57329,0.42336,36.966,0.42336,423.524,0,1.02816,0,0,1.47443,0.446273,1.028160,1,0,38.594,0,0,0,38.594,0
57.8024,2.34533,0,0,1.2447,0.168617,0.36288,3.6288,60.472,0.66528,0,0,0.623989,0.274342,0,0.66528,12.849,1,0.507031,0.36288,0,35.1015,4.23045,30.7269,0.84672,12.849,0.84672,3695.15,0,36.966,0.457356,0.348892,1.97242,2.32397,1.13893,3.04899,0.42336,36.966,0.42336,423.524,0,1.02816,0,0,1.37705,0.348892,1.028160,1,0,33.7759,0,0,0,33.7759,0
56.2978,2.33381,0,0,1.32395,0.131768,0.36288,3.6288,60.1655,0.66528,0,0,0.638906,0.280047,0,0.66528,12.849,1,0.518787,0.36288,0,30.6887,4.68153,25.8512,0.84672,12.849,0.84672,3695.15,0,36.966,0.457493,0.453816,2.19624,2.86002,1.18898,3.8636,0.42336,36.966,0.42336,423.524,0,1.02816,0,0,1.48198,0.453816,1.028160,1,0,29.7148,0,0,0,29.7148,0
54.8548,2.2997,0,0,1.35245,0.132877,0.36288,3.6288,59.8867,0.66528,0,0,0.649495,0.26309,0,0.66528,12.849,1,0.524867,0.36288,0,29.6274,4.77886,24.6866,0.84672,12.849,0.84672,3695.15,0,36.966,0.509745,0.511903,2.19639,3.4802,1.16495,4.5138,0.42336,36.966,0.42336,423.524,0,1.02816,0,0,1.54006,0.511903,1.028160,1,0,29.2004,0,0,0,29.2004,0
53.3023,2.2887,0,0,1.22998,0.130976,0.36288,3.6288,59.5921,0.66528,0,0,0.633338,0.262622,0,0.66528,12.849,1,0.536098,0.36288,0,29.0476,4.77886,24.0955,0.84672,12.849,0.84672,3695.15,0,36.966,0.509886,0.491962,2.23151,3.33466,1.16495,4.38329,0.42336,36.966,0.42336,423.524,0,1.02816,0,0,1.52012,0.491962,1.028160,1,0,28.4788,0,0,0,28.4788,0
51.6505,2.27631,0,0,1.11639,0.128931,0.36288,3.6288,59.2589,0.66528,0,0,0.594173,0.262129,0,0.66528,12.849,1,0.548725,0.36288,0,25.8838,4.77886,20.9191,0.84672,12.849,0.84672,3695.15,0,36.966,0.510027,0.320527,2.23166,3.22582,1.16495,4.10303,0.42336,36.966,0.42336,423.524,0,1.02816,0,0,1.34869,0.320527,1.028160,1,0,25.0221,0,0,0,25.0221,0
49.9788,2.26244,0,0,1.0517,0.0980516,0.36288,3.6288,58.8096,0.66528,0,0,0.547753,0.331721,0,0.66528,12.849,1,0.562823,0.36288,0,23.0879,5.78664,17.1013,0.84672,12.849,0.84672,3695.15,0,36.966,0.510168,0.293285,2.23181,2.97922,1.51898,3.47516,0.42336,36.966,0.42336,423.524,0,1.02816,0,0,1.32144,0.293285,1.028160,1,0,20.5765,0,0,0,20.5765,0
48.2821,2.30572,0,0,1.06282,0.0909715,0.36288,3.6288,58.3554,0.747084,0,0,0.589867,0.297033,0,0.66528,12.849,1,0.592775,0.36288,0,25.4051,5.90499,19.2702,0.84672,12.849,0.84672,3695.15,0,36.966,0.556769,0.261274,2.23196,2.72238,1.47925,3.17959,0.42336,36.966,0.42336,423.524,0,0.946356,0,0,1.20763,0.261274,1.028160,1,0,22.4498,0,0,0,22.4498,0
46.5477,2.28946,0,0,1.00728,0.0893273,0.36288,3.6288,57.9216,0.66528,0,0,0.527724,0.296166,0,0.66528,12.849,1,0.609278,0.36288,0,22.4476,5.90499,16.2962,0.84672,12.849,0.84672,3695.15,0,36.966,0.556914,0.297173,2.28169,2.84344,1.47925,3.38614,0.42336,36.966,0.42336,423.524,0,1.02816,0,0,1.32533,0.297173,1.028160,1,0,19.6823,0,0,0,19.6823,0
44.767,2.27185,0,0,0.941622,0.0876419,0.36288,3.6288,57.405,0.709569,0,0,0.488264,0.295338,0,0.66528,12.849,1,0.62712,0.36288,0,21.3443,5.90499,15.1751,0.84672,12.849,0.84672,3695.15,0,36.966,0.557058,0.227405,2.28185,2.49502,1.47925,2.96797,0.42336,36.966,0.42336,423.524,0,0.983871,0,0,1.21128,0.227405,1.028160,1,0,18.1431,0,0,0,18.1431,0
42.9945,2.25265,0,0,0.928973,0.0859115,0.36288,3.6288,56.9736,0.66528,0,0,0.528263,0.294353,0,0.66528,12.849,1,0.646556,0.36288,0,19.8055,5.90499,13.6168,0.84672,12.849,0.84672,3695.15,0,36.966,0.557202,0.264773,2.282,2.82159,1.47925,3.33191,0.42336,36.966,0.42336,423.524,0,1.02816,0,0,1.29293,0.264773,1.028160,1,0,16.9487,0,0,0,16.9487,0
41.0337,2.39695,0,0,0.877548,0.0784701,0.36288,3.6288,56.1904,0.913058,0,0,0.451877,0.322041,0,0.66528,12.849,1,0.716334,0.36288,0,16.4792,6.47673,9.64906,0.84672,12.849,0.84672,3695.15,0,36.966,0.725094,0.227405,2.28216,3.09223,1.57717,3.29953,0.42336,36.966,0.42336,423.524,0,0.780382,0,0,1.00779,0.227405,1.028160,1,0,12.9486,0,0,0,12.9486,0
39.0928,2.37107,0,0,0.875007,0.081971,0.36288,3.6288,55.3749,0.941795,0,0,0.445097,0.318783,0,0.66528,12.849,1,0.742461,0.36288,0,15.6521,6.54276,8.7298,0.84672,12.849,0.84672,3695.15,0,36.966,0.725251,0.227405,2.45199,2.54923,1.58986,2.91351,0.42336,36.966,0.42336,423.524,0,0.751645,0,0,0.97905,0.227405,1.028160,1,0,11.6433,0,0,0,11.6433,0
37.0269,2.34352,0,0,0.720567,0.0801223,0.36288,3.6288,54.4125,1.03277,0,0,0.387399,0.317085,0,0.66528,12.849,1,0.770267,0.36288,0,19.4313,6.54276,12.4811,0.84672,12.849,0.84672,3695.15,0,36.966,0.725408,0.204422,2.45216,2.27432,1.58986,2.61563,0.42336,36.966,0.42336,423.524,0,0.660675,0,0,0.865097,0.204422,1.028160,1,0,15.0968,0,0,0,15.0968,0
35.0711,2.3118,0,0,0.797118,0.0782092,0.36288,3.6288,53.8642,0.765392,0,0,0.532163,0.315081,0,0.66528,12.849,1,0.802238,0.36288,0,16.6597,6.54276,9.67762,0.84672,12.849,0.84672,3695.15,0,36.966,0.725565,0.204422,2.45233,2.71786,1.58986,3.05918,0.42336,36.966,0.42336,423.524,0,0.928048,0,0,1.13247,0.204422,1.028160,1,0,12.7368,0,0,0,12.7368,0
33.4282,2.27925,0,0,1.09824,0.0989748,0.36288,3.6288,53.5098,0.678862,0,0,0.615803,0.291282,0,0.66528,12.849,1,0.835048,0.36288,0,26.6712,6.09722,20.1018,0.84672,12.849,0.84672,3695.15,0,36.966,0.725722,0.204422,2.45249,3.34911,1.48192,3.79838,0.42336,36.966,0.42336,423.524,0,1.01458,0,0,1.219,0.204422,1.028160,1,0,23.9002,0,0,0,23.9002,0
32.4782,2.17448,0,0,1.71384,0.126507,0.36288,3.6288,53.5226,0.66528,0,0,0.938425,0.260349,0,0.66528,12.849,1,0.835816,0.36288,0,36.162,5.50316,30.1859,0.84672,12.849,0.84672,3695.15,0,36.966,0.624024,0.334195,2.45266,3.78159,1.33799,4.60643,0.42336,36.966,0.42336,423.524,0,1.02816,0,0,1.36236,0.334195,1.028160,1,0,34.7924,0,0,0,34.7924,0
31.2749,2.15713,0,0,1.44178,0.12502,0.36288,3.6288,53.9282,0.66528,0,0,1.33121,0.260375,0,0.66528,12.849,1,0.853404,0.36288,0,32.7939,5.50316,26.8002,0.84672,12.849,0.84672,3695.15,0,36.966,0.624173,1.3344,2.3546,4.26862,1.33799,5.99546,0.42336,36.966,0.42336,423.524,0,1.02816,0,0,2.36256,1.3344,1.028160,1,0,32.7957,0,0,0,32.7957,0
29.8886,2.13404,0,0,1.23369,0.123138,0.36288,3.6288,53.737,0.66528,0,0,0.735264,0.261183,0,0.66528,12.849,1,0.876748,0.36288,0,32.7618,5.50316,26.7447,0.84672,12.849,0.84672,3695.15,0,36.966,0.624323,0.288611,2.35476,3.17689,1.33799,3.85795,0.42336,36.966,0.42336,423.524,0,1.02816,0,0,1.31677,0.288611,1.028160,1,0,30.6027,0,0,0,30.6027,0
28.5735,2.10577,0,0,1.28713,0.133602,0.36288,3.6288,53.5331,0.66528,0,0,0.707832,0.246386,0,0.66528,12.849,1,0.905262,0.36288,0,31.4904,5.29552,25.6525,0.84672,12.849,0.84672,3695.15,0,36.966,0.624472,0.248288,2.35492,3.19699,1.2731,3.90263,0.42336,36.966,0.42336,423.524,0,1.02816,0,0,1.27645,0.248288,1.028160,1,0,29.5551,0,0,0,29.5551,0
28.1976,2.01815,0,0,2.13653,0.13133,0.36288,3.6288,54.069,0.66528,0,0,1.37233,0.171227,0,0.66528,12.849,1,0.907527,0.36288,0,48.7653,3.71826,44.5024,0.84672,12.849,0.84672,3695.15,0,36.966,0.531881,0.891726,2.35509,6.593,0.973099,8.33483,0.42336,36.966,0.42336,423.524,0,1.02816,0,0,1.91989,0.891726,1.028160,1,0,52.8372,0,0,0,52.8372,0
27.2909,2.01,0,0,1.59683,0.130656,0.36288,3.6288,54.6752,0.66528,0,0,1.44342,0.171904,0,0.66528,12.849,1,0.915911,0.36288,0,34.2485,3.71826,29.9772,0.84672,12.849,0.84672,3695.15,0,36.966,0.532024,1.08368,2.26755,5.14195,0.973099,6.98806,0.42336,36.966,0.42336,423.524,0,1.02816,0,0,2.11184,1.08368,1.028160,1,0,36.9653,0,0,0,36.9653,0
26.8544,1.98948,0,0,2.07155,0.155672,0.36288,3.6288,54.9102,0.66528,0,0,1.08605,0.185813,0,0.66528,12.849,1,0.936677,0.36288,0,45.7543,3.95022,41.2303,0.84672,12.849,0.84672,3695.15,0,36.966,0.532166,0.524385,2.26771,8.85666,1.02725,10.0893,0.42336,36.966,0.42336,423.524,0,1.02816,0,0,1.55254,0.524385,1.028160,1,0,51.3196,0,0,0,51.3196,0
29.2671,1.73742,0,0,4.68754,0.174588,0.36288,3.6288,55.7854,0.588408,0,0,1.65972,0.196031,0,0.66528,12.849,1,0.831301,0.36288,0,136.316,4.12419,131.723,0.84672,12.849,0.84672,3695.15,0,36.966,0.396122,2.00046,2.26786,7.80268,1.06787,10.607,0.42336,36.966,0.42336,423.524,0,1.02816,0,0,3.02862,2.00046,1.028160,1,0,142.33,0,0,0,142.33,0
29.6004,1.63492,0,0,2.50986,0.178702,0.36288,3.6288,55.8825,0.48889,0,0,0.791453,0.205535,0,0.66528,12.849,1,0.717772,0.36288,0,50.6221,4.53459,45.7326,0.84672,12.849,0.84672,3695.15,0,36.966,0.323961,1.18855,2.03638,6.47408,1.15796,8.2171,0.42336,36.966,0.42336,423.524,0,1.02816,0,0,2.21671,1.18855,1.028160,1,0,53.9497,0,0,0,53.9497,0
30.9848,1.64069,0,0,3.56676,0.178794,0.36288,3.6288,56.551,0.489297,0,0,1.36681,0.209017,0,0.66528,12.849,1,0.712194,0.36288,0,72.0961,4.69875,67.0481,0.84672,12.849,0.84672,3695.15,0,36.966,0.323668,3.45889,1.86326,9.49164,1.19399,13.2961,0.42336,36.966,0.42336,423.524,0,1.02816,0,0,4.48705,3.45889,1.028160,1,0,80.3442,0,0,0,80.3442,0
37.7439,1.66333,0,0,8.96742,0.182128,0.36288,3.6288,59.6282,0.49168,0,0,3.77886,0.209932,0,0.66528,12.849,1,0.689759,0.36288,0,189.958,4.69875,184.933,0.84672,12.849,0.84672,3695.15,0,36.966,0.321399,2.742,1.86338,19.001,1.19399,22.091,0.42336,36.966,0.42336,423.524,0,1.02816,0,0,3.77016,2.742,1.028160,1,0,207.024,0,0,0,207.024,0
52.0184,1.75562,0,0,16.5791,0.186148,0.36288,3.6288,61.308,0.501989,0,0,8.51827,0.201873,6.13462,0.66528,12.849,1,0.597659,0.36288,0,326.454,4.26999,321.949,0.84672,12.849,0.84672,3695.15,0,36.966,0.311204,3.12508,1.86351,21.285,1.14043,24.8219,0.42336,36.966,0.42336,423.524,0,1.02816,0,0,4.15324,3.12508,1.028160,1,0,352.906,0,0,0,352.906,0
54.9225,2.15262,0,0,5.61026,0.190641,0.36288,3.6288,61.308,0.626989,0,0,2.01548,0.22589,1.1626,0.66528,12.849,1,0.531716,0.36288,0,114.694,4.00626,110.519,0.84672,12.849,0.84672,3695.15,0,36.966,0.378047,3.04112,1.86363,9.58211,0.966831,13.142,0.42336,36.966,0.42336,423.524,0,1.02816,0,0,4.06928,3.04112,1.028160,1,0,124.824,0,0,0,124.824,0
55.9687,2.25141,0,0,3.88926,0.228787,0.36288,3.6288,61.308,0.661982,0,0,2.32241,0.244329,1.41609,0.66528,12.849,1,0.526712,0.36288,0,89.996,4.54041,85.2917,0.84672,12.849,0.84672,3695.15,0,36.966,0.399146,2.31557,2.07389,7.37882,1.11167,10.2575,0.42336,36.966,0.42336,423.524,0,1.02816,0,0,3.34373,2.31557,1.028160,1,0,96.9653,0,0,0,96.9653,0
57.8111,2.25959,0,0,4.69606,0.231193,0.36288,3.6288,61.308,0.662057,0,0,2.15215,0.244329,1.24577,0.66528,12.849,1,0.518744,0.36288,0,125.094,4.54041,120.398,0.84672,12.849,0.84672,3695.15,0,36.966,0.399191,2.06198,2.1348,7.31834,1.11167,10.0043,0.42336,36.966,0.42336,423.524,0,1.02816,0,0,3.09014,2.06198,1.028160,1,0,131.648,0,0,0,131.648,0
57.8807,2.27328,0,0,2.94428,0.238482,0.36288,3.6288,61.308,0.662133,0,0,1.63273,0.233115,0.737478,0.66528,12.849,1,0.505256,0.36288,0,70.6398,4.40676,66.0906,0.84672,12.849,0.84672,3695.15,0,36.966,0.399237,1.21944,2.13494,5.88586,1.0601,7.7809,0.42336,36.966,0.42336,423.524,0,1.02816,0,0,2.2476,1.21944,1.028160,1,0,74.609,0,0,0,74.609,0
58.0477,2.27395,0,0,3.05009,0.246281,0.36288,3.6288,61.308,0.662208,0,0,1.40972,0.205081,0.542431,0.66528,12.849,1,0.504796,0.36288,0,64.9331,4.07263,60.7185,0.84672,12.849,0.84672,3695.15,0,36.966,0.399282,0.726132,2.13507,7.14018,0.931176,8.67092,0.42336,36.966,0.42336,423.524,0,1.02816,0,0,1.75429,0.726132,1.028160,1,0,69.9319,0,0,0,69.9319,0
59.6844,2.52139,0,0,4.74654,0.225545,0.36288,3.6288,61.308,0.66528,0,0,2.63936,0.190817,1.78327,0.66528,12.849,1,0.558115,0.36288,0,89.2397,4.01971,85.0248,0.84672,12.849,0.84672,3695.15,0,36.966,0.606489,1.66139,2.1352,9.436,1.01255,11.6136,0.42336,36.966,0.42336,423.524,0,1.02816,0,0,2.68955,1.66139,1.028160,1,0,98.4216,0,0,0,98.4216,0
60.6106,2.53417,0,0,4.04872,0.225563,0.36288,3.6288,61.308,0.66528,0,0,4.04292,0.18844,3.1892,0.66528,12.849,1,0.545562,0.36288,0,96.7524,4.0109,92.5589,0.84672,12.849,0.84672,3695.15,0,36.966,0.606624,3.30771,2.35402,14.8149,1.02611,18.8439,0.42336,36.966,0.42336,423.524,0,1.02816,0,0,4.33587,3.30771,1.028160,1,0,114.592,0,0,0,114.592,0
63.0788,2.54124,0,0,5.61308,0.240663,0.36288,3.6288,61.308,0.66528,0,0,2.73031,0.180903,1.88413,0.66528,12.849,1,0.538724,0.36288,0,136.603,4.05466,132.372,0.84672,12.849,0.84672,3695.15,0,36.966,0.606759,3.06666,2.35417,11.6237,1.00694,15.4309,0.42336,36.966,0.42336,423.524,0,1.02816,0,0,4.09482,3.06666,1.028160,1,0,149.687,0,0,0,149.687,0
68.1178,2.55894,0,0,8.25892,0.298122,0.36288,3.6288,61.308,0.66528,0,0,3.06973,0.189493,2.21496,0.66528,12.849,1,0.52125,0.36288,0,132.31,4.08861,128.063,0.84672,12.849,0.84672,3695.15,0,36.966,0.606894,5.89002,2.35432,15.1566,1.00014,21.7939,0.42336,36.966,0.42336,423.524,0,1.02816,0,0,6.91818,5.89002,1.028160,1,0,152.072,0,0,0,152.072,0
72.29,2.23083,0,0,9.25036,0.300359,2.547,3.6288,61.308,0.617734,0,0,3.01726,0.183234,2.21629,0.66528,12.849,1,0.420799,2.547,0,140.237,3.92112,138.442,0.84672,12.849,0.84672,3695.15,0,36.966,0.372466,5.45509,2.35447,13.6886,0.947994,20.1777,0.42336,36.966,0.42336,423.524,0,1.02816,0,0,6.48325,5.45509,1.028160,1,0,160.836,0,0,0,160.836,0
72.29,2.25162,0,0,8.03805,0.305915,5.48052,3.6288,61.308,0.617807,0,0,2.22722,0.178761,1.43065,0.66528,12.849,1,0.400208,5.48052,0,102.698,3.90264,103.875,0.84672,12.849,0.84672,3695.15,0,36.966,0.37251,4.01979,2.0563,11.1855,0.934165,15.9549,0.42336,36.966,0.42336,423.524,0,1.02816,0,0,5.04795,4.01979,1.028160,1,0,121.261,0,0,0,121.261,0
72.29,2.25179,0,0,6.35759,0.305915,3.79989,3.6288,61.308,0.617879,0,0,1.6332,0.178761,0.836561,0.66528,12.849,1,0.400238,3.79989,0,109.14,3.90264,108.637,0.84672,12.849,0.84672,3695.15,0,36.966,0.372554,2.49877,2.05643,8.51109,0.934165,11.7596,0.42336,36.966,0.42336,423.524,0,1.02816,0,0,3.52693,2.49877,1.028160,1,0,121.233,0,0,0,121.233,0
72.29,2.25196,0,0,4.38197,0.283259,1.84675,3.6288,61.308,0.617952,0,0,1.11923,0.166729,0.334545,0.66528,12.849,1,0.400268,1.84675,0,87.7893,3.72825,85.5075,0.84672,12.849,0.84672,3695.15,0,36.966,0.372597,1.90089,2.05655,7.60355,0.909114,10.2793,0.42336,36.966,0.42336,423.524,0,1.02816,0,0,2.92905,1.90089,1.028160,1,0,96.1214,0,0,0,96.1214,0
72.29,2.25213,0,0,8.1811,0.262086,5.66689,3.6288,61.308,0.618024,0,0,1.59443,0.154657,0.821753,0.66528,12.849,1,0.400299,5.66689,0,107.258,3.53807,108.986,0.84672,12.849,0.84672,3695.15,0,36.966,0.372641,2.65983,2.05668,9.76709,0.895498,13.2155,0.42336,36.966,0.42336,423.524,0,1.02816,0,0,3.68799,2.65983,1.028160,1,0,123.024,0,0,0,123.024,0
72.29,2.34397,0,0,9.09377,0.309377,6.44042,3.6288,61.308,0.661166,0,0,2.67425,0.17867,1.83442,0.66528,12.849,1,0.416624,6.44042,0,135.38,3.86578,137.538,0.84672,12.849,0.84672,3695.15,0,36.966,0.398654,4.46892,2.05681,15.7072,0.960846,20.8734,0.42336,36.966,0.42336,423.524,0,1.02816,0,0,5.49708,4.46892,1.028160,1,0,160.246,0,0,0,160.246,0
72.29,2.34415,0,0,7.48725,0.309377,4.83372,3.6288,61.308,0.661241,0,0,2.51766,0.17867,1.67775,0.66528,12.849,1,0.416655,4.83372,0,166.414,3.86578,166.965,0.84672,12.849,0.84672,3695.15,0,36.966,0.398699,5.13806,2.13051,14.5152,0.960846,20.4242,0.42336,36.966,0.42336,423.524,0,1.02816,0,0,6.16622,5.13806,1.028160,1,0,189.067,0,0,0,189.067,0
72.29,2.34433,0,0,5.58887,0.297813,2.94673,3.6288,61.308,0.661317,0,0,1.69087,0.14707,0.882479,0.66528,12.849,1,0.416686,2.94673,0,123.563,3.00245,123.091,0.84672,12.849,0.84672,3695.15,0,36.966,0.398745,3.63383,2.13064,10.2673,0.84007,14.7929,0.42336,36.966,0.42336,423.524,0,1.02816,0,0,4.66199,3.63383,1.028160,1,0,138.766,0,0,0,138.766,0
72.29,2.3445,0,0,5.32826,0.235853,2.74791,3.6288,61.308,0.661392,0,0,1.50006,0.190197,0.64847,0.66528,12.849,1,0.416717,2.74791,0,104.191,3.29458,103.227,0.84672,12.849,0.84672,3695.15,0,36.966,0.39879,3.37286,2.13077,8.62877,0.977214,12.7564,0.42336,36.966,0.42336,423.524,0,1.02816,0,0,4.40102,3.37286,1.028160,1,0,116.632,0,0,0,116.632,0
72.29,2.30882,0,0,4.83788,0.236126,2.29293,3.6288,61.308,0.644735,0,0,1.30118,0.245808,0.410641,0.66528,12.849,1,0.410376,2.29293,0,78.4313,4.4731,75.8408,0.84672,12.849,0.84672,3695.15,0,36.966,0.388747,2.19053,2.13091,6.84772,1.09604,9.68437,0.42336,36.966,0.42336,423.524,0,1.02816,0,0,3.21869,2.19053,1.028160,1,0,85.9358,0,0,0,85.9358,0
72.29,2.309,0,0,4.30388,0.236126,1.75875,3.6288,61.308,0.64481,0,0,1.16429,0.245808,0.273675,0.66528,12.849,1,0.410407,1.75875,0,67.2512,4.4731,64.1264,0.84672,12.849,0.84672,3695.15,0,36.966,0.388792,1.7879,2.1024,5.85505,1.09604,8.26052,0.42336,36.966,0.42336,423.524,0,1.02816,0,0,2.81606,1.7879,1.028160,1,0,72.6606,0,0,0,72.6606,0
72.29,2.30917,0,0,3.94591,0.223163,1.41357,3.6288,61.308,0.644884,0,0,1.05346,0.228741,0.179833,0.66528,12.849,1,0.410438,1.41357,0,61.7034,4.11923,58.5873,0.84672,12.849,0.84672,3695.15,0,36.966,0.388836,1.58364,2.10253,5.47162,1.00629,7.76267,0.42336,36.966,0.42336,423.524,0,1.02816,0,0,2.6118,1.58364,1.028160,1,0,66.5298,0,0,0,66.5298,0
72.29,2.30934,0,0,3.71728,0.20588,1.20206,3.6288,61.308,0.644958,0,0,1.00715,0.205986,0.156203,0.66528,12.849,1,0.410469,1.20206,0,57.7779,3.64738,54.9221,0.84672,12.849,0.84672,3695.15,0,36.966,0.388881,1.70986,2.10266,5.1363,0.886617,7.67333,0.42336,36.966,0.42336,423.524,0,1.02816,0,0,2.73802,1.70986,1.028160,1,0,62.7517,0,0,0,62.7517,0
72.29,2.43126,0,0,3.41219,0.197914,0.783017,3.6288,61.308,0.66528,0,0,1.00634,0.218947,0.122117,0.66528,12.849,1,0.432137,0.783017,0,52.6771,3.82949,49.1985,0.84672,12.849,0.84672,3695.15,0,36.966,0.463818,1.485,2.10279,5.15973,0.871149,7.41256,0.42336,36.966,0.42336,423.524,0,1.02816,0,0,2.51316,1.485,1.028160,1,0,56.7332,0,0,0,56.7332,0
72.29,2.43144,0,0,3.1126,0.194728,0.486438,3.6288,61.308,0.66528,0,0,0.940049,0.224132,0.0506373,0.66528,12.849,1,0.43217,0.486438,0,48.928,3.90233,45.0799,0.84672,12.849,0.84672,3695.15,0,36.966,0.463944,1.13776,2.2033,4.82222,0.864962,6.83437,0.42336,36.966,0.42336,423.524,0,1.02816,0,0,2.16592,1.13776,1.028160,1,0,51.9649,0,0,0,51.9649,0
72.29,2.43162,0,0,2.991,0.194728,0.364656,3.6288,61.308,0.66528,0,0,0.957632,0.224132,0.0682197,0.66528,12.849,1,0.432202,0.364656,0,46.1253,3.90233,42.1555,0.84672,12.849,0.84672,3695.15,0,36.966,0.46407,1.02997,2.20343,4.80841,0.864962,6.71278,0.42336,36.966,0.42336,423.524,0,1.02816,0,0,2.05813,1.02997,1.028160,1,0,48.9365,0,0,0,48.9365,0
72.1032,2.4318,0,0,2.8026,0.194728,0.36288,3.6288,61.308,0.66528,0,0,0.891242,0.224132,0.00182992,0.66528,12.849,1,0.432234,0.36288,0,43.2103,3.90233,39.2386,0.84672,12.849,0.84672,3695.15,0,36.966,0.464195,0.889773,2.20357,4.45821,0.864962,6.22239,0.42336,36.966,0.42336,423.524,0,1.02816,0,0,1.91793,0.889773,1.028160,1,0,45.4628,0,0,0,45.4628,0
71.7976,2.43103,0,0,2.62869,0.140404,0.36288,3.6288,61.1698,0.66528,0,0,0.782456,0.255405,0,0.66528,12.849,1,0.433217,0.36288,0,41.5764,4.98669,36.5193,0.84672,12.849,0.84672,3695.15,0,36.966,0.464321,0.87601,2.20371,4.13039,1.01995,5.72584,0.42336,36.966,0.42336,423.524,0,1.02816,0,0,1.90417,0.87601,1.028160,1,0,42.2452,0,0,0,42.2452,0
71.3103,2.40559,0,0,2.4187,0.137473,0.36288,3.6288,60.9385,0.66528,0,0,0.671976,0.237962,0,0.66528,12.849,1,0.430508,0.36288,0,41.6578,5.0693,36.5208,0.84672,12.849,0.84672,3695.15,0,36.966,0.516754,0.68847,2.20385,3.67178,1.03306,5.01427,0.42336,36.966,0.42336,423.524,0,1.02816,0,0,1.71663,0.68847,1.028160,1,0,41.5351,0,0,0,41.5351,0
70.6177,2.40328,0,0,2.2105,0.136963,0.36288,3.6288,60.664,0.66528,0,0,0.628379,0.237614,0,0.66528,12.849,1,0.433033,0.36288,0,39.1831,5.0693,34.0436,0.84672,12.849,0.84672,3695.15,0,36.966,0.516884,0.438895,2.23908,3.49399,1.03306,4.62202,0.42336,36.966,0.42336,423.524,0,1.02816,0,0,1.46705,0.438895,1.028160,1,0,38.6657,0,0,0,38.6657,0
69.7701,2.39987,0,0,2.03262,0.117438,0.36288,3.6288,60.3133,0.66528,0,0,0.595483,0.280898,0,0.66528,12.849,1,0.436659,0.36288,0,35.0821,5.63389,29.3744,0.84672,12.849,0.84672,3695.15,0,36.966,0.517013,0.439862,2.23922,3.32677,1.23915,4.24969,0.42336,36.966,0.42336,423.524,0,1.02816,0,0,1.46802,0.439862,1.028160,1,0,33.6241,0,0,0,33.6241,0
68.8148,2.39557,0,0,1.90579,0.102665,0.36288,3.6288,59.894,0.66528,0,0,0.558955,0.312973,0,0.66528,12.849,1,0.441172,0.36288,0,31.5307,6.05735,25.3951,0.84672,12.849,0.84672,3695.15,0,36.966,0.517142,0.403687,2.23936,3.20568,1.39372,3.93787,0.42336,36.966,0.42336,423.524,0,1.02816,0,0,1.43185,0.403687,1.028160,1,0,29.333,0,0,0,29.333,0
67.7336,2.45232,0,0,1.83047,0.0964481,0.36288,3.6288,59.4691,0.66528,0,0,0.565412,0.325,0,0.66528,12.849,1,0.457894,0.36288,0,36.1632,5.57214,30.4961,0.84672,12.849,0.84672,3695.15,0,36.966,0.563902,0.272782,2.2395,2.77396,1.48602,3.23632,0.42336,36.966,0.42336,423.524,0,1.02816,0,0,1.30094,0.272782,1.028160,1,0,33.7324,0,0,0,33.7324,0
66.5138,2.44636,0,0,1.68504,0.0956354,0.36288,3.6288,58.9591,0.66528,0,0,0.479345,0.324119,0,0.66528,12.849,1,0.464072,0.36288,0,29.7041,5.57214,24.0307,0.84672,12.849,0.84672,3695.15,0,36.966,0.564034,0.351674,2.2894,2.68215,1.48602,3.27317,0.42336,36.966,0.42336,423.524,0,1.02816,0,0,1.37983,0.351674,1.028160,1,0,27.3039,0,0,0,27.3039,0
65.1597,2.43941,0,0,1.54291,0.0947186,0.36288,3.6288,58.3387,0.741329,0,0,0.443976,0.323062,0,0.66528,12.849,1,0.471241,0.36288,0,28.2335,5.57214,22.553,0.84672,12.849,0.84672,3695.15,0,36.966,0.564167,0.227405,2.28954,2.3576,1.48602,2.82436,0.42336,36.966,0.42336,423.524,0,0.952111,0,0,1.17952,0.227405,1.028160,1,0,25.3774,0,0,0,25.3774,0
63.9112,2.43141,0,0,1.63019,0.0844303,0.36288,3.6288,57.8562,0.66528,0,0,0.509675,0.326858,0,0.66528,12.849,1,0.479456,0.36288,0,27.6905,5.72169,21.8522,0.84672,12.849,0.84672,3695.15,0,36.966,0.564299,0.387262,2.28968,3.11878,1.5159,3.71553,0.42336,36.966,0.42336,423.524,0,1.02816,0,0,1.41542,0.387262,1.028160,1,0,25.5678,0,0,0,25.5678,0
62.2232,2.60249,0,0,1.35592,0.0785438,0.36288,3.6288,57.4025,0.66528,0,0,0.511545,0.299984,0,0.66528,12.849,1,0.523216,0.36288,0,23.9128,5.47973,18.2727,0.84672,12.849,0.84672,3695.15,0,36.966,0.732789,0.378812,2.28983,2.98382,1.52935,3.39031,0.42336,36.966,0.42336,423.524,0,1.02816,0,0,1.40697,0.378812,1.028160,1,0,21.663,0,0,0,21.663,0
60.396,2.59091,0,0,1.19807,0.0714702,0.36288,3.6288,56.943,0.66528,0,0,0.51629,0.310458,0,0.66528,12.849,1,0.53502,0.36288,0,21.139,5.36613,15.6007,0.84672,12.849,0.84672,3695.15,0,36.966,0.732933,0.354421,2.46026,2.84414,1.53041,3.39548,0.42336,36.966,0.42336,423.524,0,1.02816,0,0,1.38258,0.354421,1.028160,1,0,18.9962,0,0,0,18.9962,0
59.2215,2.57776,0,0,1.8505,0.0842907,0.36288,3.6288,56.5923,0.66528,0,0,0.621002,0.306404,0,0.66528,12.849,1,0.548408,0.36288,0,34.1429,5.27708,28.6803,0.84672,12.849,0.84672,3695.15,0,36.966,0.733077,0.629139,2.46042,3.00574,1.51949,3.84272,0.42336,36.966,0.42336,423.524,0,1.02816,0,0,1.6573,0.629139,1.028160,1,0,32.523,0,0,0,32.523,0
58.7105,2.56901,0,0,2.51145,0.0906016,0.36288,3.6288,56.4152,0.66528,0,0,0.785125,0.297011,0,0.66528,12.849,1,0.557386,0.36288,0,41.7085,5.34929,36.1647,0.84672,12.849,0.84672,3695.15,0,36.966,0.733221,0.674723,2.46057,3.24626,1.50235,4.14599,0.42336,36.966,0.42336,423.524,0,1.02816,0,0,1.70288,0.674723,1.028160,1,0,40.3107,0,0,0,40.3107,0
57.502,2.56522,0,0,1.80615,0.0865075,0.36288,3.6288,55.9835,0.66528,0,0,0.513054,0.279419,0,0.66528,12.849,1,0.561408,0.36288,0,39.0023,5.40076,33.403,0.84672,12.849,0.84672,3695.15,0,36.966,0.733364,0.588324,2.46073,2.27741,1.47308,3.12001,0.42336,36.966,0.42336,423.524,0,1.02816,0,0,1.61648,0.588324,1.028160,1,0,36.5231,0,0,0,36.5231,0
56.8731,2.47025,0,0,2.30628,0.102032,0.36288,3.6288,55.5209,0.66528,0,0,0.431696,0.229079,0,0.66528,12.849,1,0.551984,0.36288,0,46.4587,4.69737,41.5722,0.84672,12.849,0.84672,3695.15,0,36.966,0.631287,0.890127,2.46088,3.40423,1.21099,4.91296,0.42336,36.966,0.42336,423.524,0,1.02816,0,0,1.91829,0.890127,1.028160,1,0,46.4851,0,0,0,46.4851,0
56.0261,2.46545,0,0,2.1171,0.13583,0.36288,3.6288,55.2072,0.66528,0,0,0.566292,0.214684,0,0.66528,12.849,1,0.557005,0.36288,0,41.0888,4.06066,36.834,0.84672,12.849,0.84672,3695.15,0,36.966,0.631424,1.21896,2.36245,4.04241,1.04825,5.94414,0.42336,36.966,0.42336,423.524,0,1.02816,0,0,2.24712,1.21896,1.028160,1,0,42.7782,0,0,0,42.7782,0
55.4504,2.45879,0,0,2.38068,0.134696,0.36288,3.6288,55.1531,0.66528,0,0,0.825396,0.214242,0,0.66528,12.849,1,0.563897,0.36288,0,46.159,4.06066,41.8973,0.84672,12.849,0.84672,3695.15,0,36.966,0.631561,2.03797,2.3626,5.31401,1.04825,8.03477,0.42336,36.966,0.42336,423.524,0,1.02816,0,0,3.06613,2.03797,1.028160,1,0,49.9321,0,0,0,49.9321,0
54.6127,2.45422,0,0,2.11336,0.133925,0.36288,3.6288,54.9165,0.66528,0,0,0.642827,0.214165,0,0.66528,12.849,1,0.568692,0.36288,0,40.2617,4.06066,35.9952,0.84672,12.849,0.84672,3695.15,0,36.966,0.631698,1.45748,2.36275,4.07711,1.04825,6.21739,0.42336,36.966,0.42336,423.524,0,1.02816,0,0,2.48564,1.45748,1.028160,1,0,42.2126,0,0,0,42.2126,0
57.0776,2.37779,0,0,5.36373,0.158177,0.36288,3.6288,55.7924,0.66528,0,0,1.74163,0.200418,0,0.66528,12.849,1,0.559435,0.36288,0,126.009,4.50126,121.312,0.84672,12.849,0.84672,3695.15,0,36.966,0.538763,3.28327,2.36289,11.5481,1.15146,15.5041,0.42336,36.966,0.42336,423.524,0,1.02816,0,0,4.31143,3.28327,1.028160,1,0,136.816,0,0,0,136.816,0
61.5102,2.39769,0,0,7.41048,0.217368,0.36288,3.6288,57.2261,0.66528,0,0,2.26573,0.166728,0,0.66528,12.849,1,0.539755,0.36288,0,132.505,3.81024,128.518,0.84672,12.849,0.84672,3695.15,0,36.966,0.538893,3.72397,2.27504,13.456,0.995868,17.9203,0.42336,36.966,0.42336,423.524,0,1.02816,0,0,4.75213,3.72397,1.028160,1,0,146.438,0,0,0,146.438,0
65.9435,2.43005,0,0,7.45278,0.226527,0.36288,3.6288,58.5783,0.66528,0,0,2.18572,0.168294,0,0.66528,12.849,1,0.507618,0.36288,0,162.676,3.81024,158.721,0.84672,12.849,0.84672,3695.15,0,36.966,0.539024,3.77959,2.27518,11.9057,0.995868,16.4256,0.42336,36.966,0.42336,423.524,0,1.02816,0,0,4.80775,3.77959,1.028160,1,0,175.146,0,0,0,175.146,0
69.2389,2.45879,0,0,6.35939,0.242284,0.36288,3.6288,59.5785,0.66528,0,0,1.83044,0.164891,0,0.66528,12.849,1,0.479092,0.36288,0,142.036,3.90153,138.018,0.84672,12.849,0.84672,3695.15,0,36.966,0.539155,3.19838,2.27532,13.5689,0.994556,17.5089,0.42336,36.966,0.42336,423.524,0,1.02816,0,0,4.22654,3.19838,1.028160,1,0,155.527,0,0,0,155.527,0
72.29,2.27236,0,0,8.92895,0.279861,3.32564,3.6288,61.308,0.623694,0,0,6.54785,0.171115,4.02357,0.66528,12.849,1,0.421693,3.32564,0,168.945,4.19443,167.654,0.84672,12.849,0.84672,3695.15,0,36.966,0.386976,6.70671,2.27546,25.6249,1.03265,33.1875,0.42336,36.966,0.42336,423.524,0,1.02816,0,0,7.73487,6.70671,1.028160,1,0,204.865,0,0,0,204.865,0
72.29,2.28765,0,0,7.11081,0.295766,4.52739,3.6288,61.308,0.630578,0,0,5.89963,0.186233,5.08282,0.66528,12.849,1,0.406612,4.52739,0,196.521,4.24295,196.399,0.84672,12.849,0.84672,3695.15,0,36.966,0.38021,5.40345,2.08007,21.2486,1.06368,27.2882,0.42336,36.966,0.42336,423.524,0,1.02816,0,0,6.43161,5.40345,1.028160,1,0,228.77,0,0,0,228.77,0
72.29,2.28782,0,0,7.95658,0.295766,5.37299,3.6288,61.308,0.630651,0,0,6.22823,0.186233,5.41135,0.66528,12.849,1,0.406643,5.37299,0,200.836,4.24295,201.559,0.84672,12.849,0.84672,3695.15,0,36.966,0.380255,5.9438,2.0802,22.2737,1.06368,28.8538,0.42336,36.966,0.42336,423.524,0,1.02816,0,0,6.97196,5.9438,1.028160,1,0,235.824,0,0,0,235.824,0
72.29,2.28799,0,0,7.58255,0.295766,4.99879,3.6288,61.308,0.630724,0,0,5.66913,0.186233,4.85217,0.66528,12.849,1,0.406673,4.99879,0,194.789,4.24295,195.138,0.84672,12.849,0.84672,3695.15,0,36.966,0.380299,4.8783,2.08032,15.9114,1.06368,21.4261,0.42336,36.966,0.42336,423.524,0,1.02816,0,0,5.90646,4.8783,1.028160,1,0,221.416,0,0,0,221.416,0
72.29,2.28816,0,0,5.59545,0.288005,3.01928,3.6288,61.308,0.630798,0,0,4.47729,0.195161,3.65133,0.66528,12.849,1,0.406704,3.01928,0,153.66,4.14682,152.126,0.84672,12.849,0.84672,3695.15,0,36.966,0.380343,3.88882,2.08045,12.8638,1.04351,17.4092,0.42336,36.966,0.42336,423.524,0,1.02816,0,0,4.91698,3.88882,1.028160,1,0,173.186,0,0,0,173.186,0
71.7574,2.36806,0,0,2.43649,0.238156,0.36288,3.6288,61.0593,0.66528,0,0,0.599445,0.182859,0,0.66528,12.849,1,0.420905,0.36288,0,37.0284,3.62082,33.3496,0.84672,12.849,0.84672,3695.15,0,36.966,0.402139,0.641287,2.08058,4.87515,0.961851,6.23303,0.42336,36.966,0.42336,423.524,0,1.02816,0,0,1.66945,0.641287,1.028160,1,0,39.5826,0,0,0,39.5826,0
72.29,2.36557,0,0,5.38845,0.237193,2.25307,3.6288,61.308,0.664957,0,0,1.29807,0.182571,0.201851,0.66528,12.849,1,0.423584,2.25307,0,97.3123,3.62082,95.521,0.84672,12.849,0.84672,3695.15,0,36.966,0.402573,1.99938,2.1417,11.1833,0.961851,13.9599,0.42336,36.966,0.42336,423.524,0,1.02816,0,0,3.02754,1.99938,1.028160,1,0,109.683,0,0,0,109.683,0
72.29,2.36839,0,0,7.00711,0.238156,4.40057,3.6288,61.308,0.66528,0,0,2.34963,0.182859,1.50149,0.66528,12.849,1,0.420963,4.40057,0,145.291,3.62082,145.65,0.84672,12.849,0.84672,3695.15,0,36.966,0.40236,4.71454,2.14182,16.4865,0.961851,21.9786,0.42336,36.966,0.42336,423.524,0,1.02816,0,0,5.7427,4.71454,1.028160,1,0,169.13,0,0,0,169.13,0
72.29,2.36855,0,0,9.80441,0.30805,7.12782,3.6288,61.308,0.66528,0,0,2.4703,0.216543,1.58847,0.66528,12.849,1,0.420991,7.12782,0,255.41,4.26101,257.856,0.84672,12.849,0.84672,3695.15,0,36.966,0.40247,7.29294,2.14194,20.632,1.12612,28.5383,0.42336,36.966,0.42336,423.524,0,1.02816,0,0,8.3211,7.29294,1.028160,1,0,287.983,0,0,0,287.983,0
72.29,2.62479,0,0,4.38966,0.28391,1.48096,3.6288,61.308,0.66528,0,0,1.43694,0.181832,0.589824,0.66528,12.849,1,0.466537,1.48096,0,148.481,3.4597,146.036,0.84672,12.849,0.84672,3695.15,0,36.966,0.613472,2.54155,2.14206,11.0007,0.826008,14.2448,0.42336,36.966,0.42336,423.524,0,1.02816,0,0,3.56971,2.54155,1.028160,1,0,160.87,0,0,0,160.87,0
72.29,2.62497,0,0,3.28812,0.274254,0.388903,3.6288,61.308,0.66528,0,0,1.01976,0.167948,0.186534,0.66528,12.849,1,0.466568,0.388903,0,82.0368,3.13918,78.8199,0.84672,12.849,0.84672,3695.15,0,36.966,0.613595,1.77199,2.36164,7.96703,0.705962,10.7811,0.42336,36.966,0.42336,423.524,0,1.02816,0,0,2.80015,1.77199,1.028160,1,0,89.7876,0,0,0,89.7876,0
71.8295,2.62515,0,0,2.7901,0.262559,0.36288,3.6288,61.308,0.66528,0,0,1.16447,0.187352,0.311841,0.66528,12.849,1,0.4666,0.36288,0,75.4574,3.72681,71.6269,0.84672,12.849,0.84672,3695.15,0,36.966,0.613719,1.97548,2.36177,9.06561,0.897966,11.8912,0.42336,36.966,0.42336,423.524,0,1.02816,0,0,3.00364,1.97548,1.028160,1,0,83.8299,0,0,0,83.8299,0
71.9349,2.62278,0,0,3.3261,0.235088,0.36288,3.6288,61.308,0.66528,0,0,1.07088,0.192715,0.21289,0.66528,12.849,1,0.469169,0.36288,0,78.6931,4.31496,74.2719,0.84672,12.849,0.84672,3695.15,0,36.966,0.613842,2.09243,2.3619,10.8082,1.08763,13.5611,0.42336,36.966,0.42336,423.524,0,1.02816,0,0,3.12059,2.09243,1.028160,1,0,88.0458,0,0,0,88.0458,0
72.29,2.25847,0,0,5.39254,0.303264,2.47567,3.6288,61.308,0.62145,0,0,1.26082,0.185259,0.454109,0.66528,12.849,1,0.403408,2.47567,0,129.661,3.64229,128.091,0.84672,12.849,0.84672,3695.15,0,36.966,0.374707,3.01522,2.36204,10.4816,0.851307,14.6329,0.42336,36.966,0.42336,423.524,0,1.02816,0,0,4.04338,3.01522,1.028160,1,0,143.178,0,0,0,143.178,0
72.29,2.26031,0,0,4.86418,0.342374,2.2615,3.6288,61.308,0.621516,0,0,1.18666,0.177155,0.38799,0.66528,12.849,1,0.401753,2.2615,0,96.2245,3.55898,94.5253,0.84672,12.849,0.84672,3695.15,0,36.966,0.374746,2.38944,2.06282,10.1167,0.858224,13.336,0.42336,36.966,0.42336,423.524,0,1.02816,0,0,3.4176,2.38944,1.028160,1,0,108.249,0,0,0,108.249,0
72.29,2.26046,0,0,3.33768,0.342374,0.734837,3.6288,61.308,0.621582,0,0,0.976856,0.177155,0.178119,0.66528,12.849,1,0.40178,0.734837,0,87.1871,3.55898,83.9612,0.84672,12.849,0.84672,3695.15,0,36.966,0.374786,2.35421,2.06294,7.95148,0.858224,11.1356,0.42336,36.966,0.42336,423.524,0,1.02816,0,0,3.38237,2.35421,1.028160,1,0,95.2749,0,0,0,95.2749,0
72.29,2.26062,0,0,4.56455,0.342374,1.96155,3.6288,61.308,0.621648,0,0,1.03581,0.177155,0.237004,0.66528,12.849,1,0.401808,1.96155,0,96.9339,3.55898,94.9347,0.84672,12.849,0.84672,3695.15,0,36.966,0.374826,2.01093,2.06306,9.06656,0.858224,11.9075,0.42336,36.966,0.42336,423.524,0,1.02816,0,0,3.03909,2.01093,1.028160,1,0,107.079,0,0,0,107.079,0
72.29,2.26077,0,0,4.1021,0.313381,1.52795,3.6288,61.308,0.621714,0,0,0.95809,0.172275,0.1641,0.66528,12.849,1,0.401835,1.52795,0,105.525,3.96751,102.683,0.84672,12.849,0.84672,3695.15,0,36.966,0.374866,2.26933,2.06317,7.90154,0.978817,10.8804,0.42336,36.966,0.42336,423.524,0,1.02816,0,0,3.29749,2.26933,1.028160,1,0,113.728,0,0,0,113.728,0
72.29,2.35292,0,0,3.99575,0.355045,1.28778,3.6288,61.27,0.664997,0,0,0.764657,0.137702,0,0.66528,12.849,1,0.418214,1.28778,0,115.368,3.696,112.542,0.84672,12.849,0.84672,3695.15,0,36.966,0.400964,1.56944,2.06329,8.2717,0.925905,10.5776,0.42336,36.966,0.42336,423.524,0,1.02816,0,0,2.5976,1.56944,1.028160,1,0,123.119,0,0,0,123.119,0
72.29,2.35308,0,0,3.59551,0.355045,0.887385,3.6288,61.308,0.664911,0,0,0.974989,0.137669,0.134367,0.66528,12.849,1,0.418242,0.887385,0,81.813,3.696,78.5862,0.84672,12.849,0.84672,3695.15,0,36.966,0.401161,2.0235,2.13723,6.58662,0.925905,9.42028,0.42336,36.966,0.42336,423.524,0,1.02816,0,0,3.05166,2.0235,1.028160,1,0,88.1408,0,0,0,88.1408,0
72.29,2.35324,0,0,3.33621,0.360418,0.622548,3.6288,61.308,0.665135,0,0,1.03479,0.129948,0.239704,0.66528,12.849,1,0.418271,0.622548,0,74.272,3.47957,70.9967,0.84672,12.849,0.84672,3695.15,0,36.966,0.401047,2.06356,2.13735,8.83788,0.88414,11.7536,0.42336,36.966,0.42336,423.524,0,1.02816,0,0,3.09172,2.06356,1.028160,1,0,82.9901,0,0,0,82.9901,0
72.1328,2.3534,0,0,2.88771,0.32863,0.36288,3.6288,61.308,0.665204,0,0,0.969115,0.145179,0.158732,0.66528,12.849,1,0.418299,0.36288,0,68.5221,3.69485,64.7718,0.84672,12.849,0.84672,3695.15,0,36.966,0.401088,1.86561,2.13747,6.35243,0.921395,9.03303,0.42336,36.966,0.42336,423.524,0,1.02816,0,0,2.89377,1.86561,1.028160,1,0,73.9636,0,0,0,73.9636,0
71.8343,2.31682,0,0,2.67408,0.292894,0.36288,3.6288,61.308,0.648483,0,0,0.878014,0.181338,0.0481934,0.66528,12.849,1,0.412695,0.36288,0,63.1051,4.05027,59.005,0.84672,12.849,0.84672,3695.15,0,36.966,0.391006,1.32132,2.13759,6.7766,1.07643,8.76808,0.42336,36.966,0.42336,423.524,0,1.02816,0,0,2.34948,1.32132,1.028160,1,0,67.8213,0,0,0,67.8213,0
72.29,2.31553,0,0,3.52395,0.29223,0.460483,3.6288,61.308,0.648551,0,0,0.980381,0.181338,0.150492,0.66528,12.849,1,0.414178,0.460483,0,69.6617,4.05027,65.6578,0.84672,12.849,0.84672,3695.15,0,36.966,0.391047,1.45388,2.10898,5.89678,1.07643,7.99216,0.42336,36.966,0.42336,423.524,0,1.02816,0,0,2.48204,1.45388,1.028160,1,0,73.8004,0,0,0,73.8004,0
72.29,2.3179,0,0,3.17761,0.262799,0.59691,3.6288,61.308,0.648618,0,0,0.955765,0.188478,0.118669,0.66528,12.849,1,0.411989,0.59691,0,75.7045,4.26699,71.6225,0.84672,12.849,0.84672,3695.15,0,36.966,0.391088,1.37992,2.1091,5.55771,1.03631,7.61933,0.42336,36.966,0.42336,423.524,0,1.02816,0,0,2.40808,1.37992,1.028160,1,0,79.3605,0,0,0,79.3605,0
71.7508,2.31806,0,0,2.38169,0.239966,0.36288,3.6288,61.2919,0.648686,0,0,0.826468,0.193833,0,0.66528,12.849,1,0.412018,0.36288,0,56.9793,4.42953,52.5007,0.84672,12.849,0.84672,3695.15,0,36.966,0.391129,1.06111,2.10922,4.9556,1.00622,6.72858,0.42336,36.966,0.42336,423.524,0,1.02816,0,0,2.08927,1.06111,1.028160,1,0,59.2292,0,0,0,59.2292,0
71.0777,2.4376,0,0,2.36085,0.233503,0.36288,3.6288,61.2631,0.66528,0,0,0.813542,0.177068,0,0.66528,12.849,1,0.436521,0.36288,0,53.8142,4.37847,49.362,0.84672,12.849,0.84672,3695.15,0,36.966,0.470106,0.821111,2.10933,4.50498,1.02912,5.9362,0.42336,36.966,0.42336,423.524,0,1.02816,0,0,1.84927,0.821111,1.028160,1,0,55.2982,0,0,0,55.2982,0
70.6467,2.43427,0,0,2.54731,0.181145,0.36288,3.6288,61.308,0.66528,0,0,0.975612,0.18137,0.0841043,0.66528,12.849,1,0.440052,0.36288,0,57.042,4.56689,52.3979,0.84672,12.849,0.84672,3695.15,0,36.966,0.47022,1.17016,2.21017,5.07069,1.09191,6.88888,0.42336,36.966,0.42336,423.524,0,1.02816,0,0,2.19832,1.17016,1.028160,1,0,59.3709,0,0,0,59.3709,0
70.0494,2.43216,0,0,2.31574,0.117992,0.36288,3.6288,61.2666,0.66528,0,0,0.827842,0.203951,0,0.66528,12.849,1,0.442354,0.36288,0,54.0094,4.86916,49.0608,0.84672,12.849,0.84672,3695.15,0,36.966,0.470335,0.927599,2.21029,4.5364,1.15272,6.05123,0.42336,36.966,0.42336,423.524,0,1.02816,0,0,1.95576,0.927599,1.028160,1,0,55.112,0,0,0,55.112,0
69.2686,2.42914,0,0,2.12867,0.117451,0.36288,3.6288,61.0648,0.66528,0,0,0.667372,0.203897,0,0.66528,12.849,1,0.445571,0.36288,0,49.5194,4.86916,44.5675,0.84672,12.849,0.84672,3695.15,0,36.966,0.470449,0.640198,2.21042,4.11051,1.15272,5.33796,0.42336,36.966,0.42336,423.524,0,1.02816,0,0,1.66836,0.640198,1.028160,1,0,49.9055,0,0,0,49.9055,0
68.2535,2.42507,0,0,1.89507,0.122203,0.36288,3.6288,60.7297,0.66528,0,0,0.542427,0.212245,0,0.66528,12.849,1,0.449839,0.36288,0,39.3226,4.83884,34.3968,0.84672,12.849,0.84672,3695.15,0,36.966,0.470563,0.495901,2.21054,3.57388,1.13446,4.67529,0.42336,36.966,0.42336,423.524,0,1.02816,0,0,1.52406,0.495901,1.028160,1,0,39.0721,0,0,0,39.0721,0
66.7475,2.39565,0,0,1.38726,0.134784,0.36288,3.6288,60.3294,0.66528,0,0,0.498281,0.23327,0,0.66528,12.849,1,0.450991,0.36288,0,23.2022,4.76301,18.3511,0.84672,12.849,0.84672,3695.15,0,36.966,0.523162,0.358137,2.21067,2.68494,1.08882,3.64176,0.42336,36.966,0.42336,423.524,0,1.02816,0,0,1.3863,0.358137,1.028160,1,0,21.9928,0,0,0,21.9928,0
65.2131,2.38728,0,0,1.34904,0.133195,0.36288,3.6288,59.9029,0.66528,0,0,0.471462,0.232678,0,0.66528,12.849,1,0.459555,0.36288,0,21.7912,4.76301,16.9315,0.84672,12.849,0.84672,3695.15,0,36.966,0.523279,0.357169,2.24601,2.76645,1.08882,3.75753,0.42336,36.966,0.42336,423.524,0,1.02816,0,0,1.38533,0.357169,1.028160,1,0,20.689,0,0,0,20.689,0
63.5977,2.37841,0,0,1.23028,0.104413,0.36288,3.6288,59.401,0.682698,0,0,0.45904,0.278266,0,0.66528,12.849,1,0.46862,0.36288,0,20.7228,5.41452,15.2025,0.84672,12.849,0.84672,3695.15,0,36.966,0.523397,0.261274,2.24613,2.6663,1.30931,3.341,0.42336,36.966,0.42336,423.524,0,1.01074,0,0,1.27202,0.261274,1.028160,1,0,18.5435,0,0,0,18.5435,0
61.8784,2.36867,0,0,1.11152,0.0992654,0.36288,3.6288,58.8938,0.66528,0,0,0.433858,0.275789,0,0.66528,12.849,1,0.478555,0.36288,0,18.9823,5.9977,12.8689,0.84672,12.849,0.84672,3695.15,0,36.966,0.523515,0.278364,2.24626,2.63717,1.5221,3.11618,0.42336,36.966,0.42336,423.524,0,1.02816,0,0,1.30652,0.278364,1.028160,1,0,15.9851,0,0,0,15.9851,0
60.1369,2.41869,0,0,1.12688,0.0868491,0.36288,3.6288,58.3591,0.719971,0,0,0.512201,0.326978,0,0.66528,12.849,1,0.502238,0.36288,0,19.7383,6.22397,13.375,0.84672,12.849,0.84672,3695.15,0,36.966,0.570418,0.261274,2.24639,2.38859,1.54297,2.78287,0.42336,36.966,0.42336,423.524,0,0.973469,0,0,1.23474,0.261274,1.028160,1,0,16.1579,0,0,0,16.1579,0
58.3616,2.40687,0,0,1.07827,0.0837739,0.36288,3.6288,57.8273,0.66528,0,0,0.468075,0.334506,0,0.66528,12.849,1,0.514257,0.36288,0,19.4753,6.26168,13.0623,0.84672,12.849,0.84672,3695.15,0,36.966,0.570539,0.273041,2.29644,2.48152,1.54644,2.93402,0.42336,36.966,0.42336,423.524,0,1.02816,0,0,1.3012,0.273041,1.028160,1,0,15.9963,0,0,0,15.9963,0
56.5312,2.39421,0,0,1.00902,0.0823535,0.36288,3.6288,57.2518,0.675475,0,0,0.433269,0.33336,0,0.66528,12.849,1,0.527113,0.36288,0,17.5814,6.26168,11.1555,0.84672,12.849,0.84672,3695.15,0,36.966,0.57066,0.227405,2.29657,2.21476,1.54644,2.62163,0.42336,36.966,0.42336,423.524,0,1.01796,0,0,1.24537,0.227405,1.028160,1,0,13.7772,0,0,0,13.7772,0
54.6333,2.38046,0,0,0.92632,0.0808889,0.36288,3.6288,56.5704,0.777756,0,0,0.42851,0.33212,0,0.66528,12.849,1,0.541056,0.36288,0,16.0714,6.26168,9.63158,0.84672,12.849,0.84672,3695.15,0,36.966,0.57078,0.227405,2.2967,2.1661,1.54644,2.57298,0.42336,36.966,0.42336,423.524,0,0.915684,0,0,1.14309,0.227405,1.028160,1,0,12.2046,0,0,0,12.2046,0
52.6782,2.53973,0,0,1.01266,0.065128,0.36288,3.6288,56.0844,0.66528,0,0,0.495918,0.316643,0,0.66528,12.849,1,0.59731,0.36288,0,16.2586,6.08213,9.94202,0.84672,12.849,0.84672,3695.15,0,36.966,0.739816,0.393241,2.29683,3.06653,1.52997,3.48682,0.42336,36.966,0.42336,423.524,0,1.02816,0,0,1.4214,0.393241,1.028160,1,0,13.4288,0,0,0,13.4288,0
50.5262,2.52208,0,0,0.792815,0.059916,0.36288,3.6288,55.4689,0.725717,0,0,0.411289,0.301083,0,0.66528,12.849,1,0.615173,0.36288,0,14.5167,5.59041,8.67397,0.84672,12.849,0.84672,3695.15,0,36.966,0.739947,0.227405,2.46782,2.47352,1.44754,2.98125,0.42336,36.966,0.42336,423.524,0,0.967723,0,0,1.19513,0.227405,1.028160,1,0,11.6552,0,0,0,11.6552,0
48.3793,2.50136,0,0,0.776002,0.0585901,0.36288,3.6288,54.7837,0.769876,0,0,0.384545,0.299872,0,0.66528,12.849,1,0.636106,0.36288,0,13.247,5.59041,7.38338,0.84672,12.849,0.84672,3695.15,0,36.966,0.740078,0.204422,2.46796,2.48264,1.44754,2.9674,0.42336,36.966,0.42336,423.524,0,0.923564,0,0,1.12799,0.204422,1.028160,1,0,10.3508,0,0,0,10.3508,0
46.6074,2.47922,0,0,1.12741,0.0572605,0.36288,3.6288,54.2618,0.66528,0,0,0.441857,0.298523,0,0.66528,12.849,1,0.658454,0.36288,0,15.0875,5.59041,9.20153,0.84672,12.849,0.84672,3695.15,0,36.966,0.740209,0.300318,2.4681,2.75257,1.44754,3.33323,0.42336,36.966,0.42336,423.524,0,1.02816,0,0,1.32848,0.300318,1.028160,1,0,12.5348,0,0,0,12.5348,0
45.1612,2.45977,0,0,1.45818,0.0816637,0.36288,3.6288,53.8635,0.66528,0,0,0.553096,0.286098,0,0.66528,12.849,1,0.678123,0.36288,0,22.3011,5.31508,16.6708,0.84672,12.849,0.84672,3695.15,0,36.966,0.74034,0.343163,2.46824,2.92814,1.38942,3.60978,0.42336,36.966,0.42336,423.524,0,1.02816,0,0,1.37132,0.343163,1.028160,1,0,20.2806,0,0,0,20.2806,0
43.0786,2.3613,0,0,0.71966,0.0781174,0.36288,3.6288,53.5353,0.66528,0,0,0.603368,0.266302,0,0.66528,12.849,1,0.671824,0.36288,0,9.78091,4.64258,4.82939,0.84672,12.849,0.84672,3695.15,0,36.966,0.637914,0.801852,2.46838,2.25356,1.19717,3.68871,0.42336,36.966,0.42336,423.524,0,1.02816,0,0,1.83001,0.801852,1.028160,1,0,8.5181,0,0,0,8.5181,0
40.9188,2.33644,0,0,0.615787,0.0762854,0.36288,3.6288,52.7129,0.890015,0,0,0.333255,0.26562,0,0.66528,12.849,1,0.696888,0.36288,0,9.77132,4.64258,4.79474,0.84672,12.849,0.84672,3695.15,0,36.966,0.638039,0.216518,2.36961,1.67718,1.19717,2.4281,0.42336,36.966,0.42336,423.524,0,0.803425,0,0,1.01994,0.216518,1.028160,1,0,7.22284,0,0,0,7.22284,0
38.8008,2.30861,0,0,0.642455,0.088915,0.36288,3.6288,51.8675,0.916611,0,0,0.320822,0.249563,0,0.66528,12.849,1,0.724931,0.36288,0,9.39211,4.43494,4.59512,0.84672,12.849,0.84672,3695.15,0,36.966,0.642793,0.216518,2.36975,1.6878,1.13227,2.499,0.42336,36.966,0.42336,423.524,0,0.7722,0,0,0.988718,0.216518,1.028160,1,0,7.09411,0,0,0,7.09411,0
37.8509,2.27903,0,0,1.86375,0.171773,0.36288,3.6288,51.7957,0.66528,0,0,0.756005,0.162556,0,0.66528,12.849,1,0.754708,0.36288,0,28.308,3.18917,24.727,0.84672,12.849,0.84672,3695.15,0,36.966,0.638289,0.495521,2.36988,4.43296,0.742887,5.91719,0.42336,36.966,0.42336,423.524,0,1.02816,0,0,1.52368,0.495521,1.028160,1,0,30.6442,0,0,0,30.6442,0
36.739,2.2007,0,0,1.62752,0.175883,0.36288,3.6288,51.6637,0.66528,0,0,0.73993,0.206594,0,0.66528,12.849,1,0.747059,0.36288,0,47.0451,3.75647,42.9044,0.84672,12.849,0.84672,3695.15,0,36.966,0.545038,0.835747,2.37002,5.2082,0.953669,6.91526,0.42336,36.966,0.42336,423.524,0,1.02816,0,0,1.86391,0.835747,1.028160,1,0,49.8197,0,0,0,49.8197,0
35.7619,2.1841,0,0,1.74592,0.175959,0.36288,3.6288,51.5983,0.66528,0,0,0.823862,0.224008,0,0.66528,12.849,1,0.763862,0.36288,0,38.9488,3.98339,34.5644,0.84672,12.849,0.84672,3695.15,0,36.966,0.545157,0.665919,2.28186,5.20331,1.03798,6.56795,0.42336,36.966,0.42336,423.524,0,1.02816,0,0,1.69408,0.665919,1.028160,1,0,41.1324,0,0,0,41.1324,0
35.7815,2.16889,0,0,2.72529,0.173917,0.36288,3.6288,51.6831,0.66528,0,0,0.973957,0.223889,0,0.66528,12.849,1,0.779268,0.36288,0,52.1948,3.98339,47.795,0.84672,12.849,0.84672,3695.15,0,36.966,0.545276,1.05924,2.28199,6.8952,1.03798,8.65317,0.42336,36.966,0.42336,423.524,0,1.02816,0,0,2.0874,1.05924,1.028160,1,0,56.4482,0,0,0,56.4482,0
39.6838,2.16936,0,0,6.60851,0.173958,0.36288,3.6288,53.2011,0.66528,0,0,2.40729,0.224043,0,0.66528,12.849,1,0.779007,0.36288,0,119.417,3.98339,115.017,0.84672,12.849,0.84672,3695.15,0,36.966,0.545395,4.39646,2.28212,11.432,1.03798,16.5272,0.42336,36.966,0.42336,423.524,0,1.02816,0,0,5.42462,4.39646,1.028160,1,0,131.545,0,0,0,131.545,0
42.9197,2.04242,0,0,5.82667,0.185544,0.36288,3.6288,54.1254,0.59963,0,0,1.73659,0.212598,0,0.66528,12.849,1,0.661304,0.36288,0,76.0277,3.99311,71.7362,0.84672,12.849,0.84672,3695.15,0,36.966,0.416644,2.52002,2.28225,7.97334,1.03847,11.3205,0.42336,36.966,0.42336,423.524,0,1.02816,0,0,3.54818,2.52002,1.028160,1,0,83.0566,0,0,0,83.0566,0
45.826,2.08094,0,0,5.54767,0.197486,0.36288,3.6288,55.6237,0.603922,0,0,2.2972,0.195028,0,0.66528,12.849,1,0.622976,0.36288,0,83.9843,4.00607,79.7181,0.84672,12.849,0.84672,3695.15,0,36.966,0.41246,2.79493,2.08621,10.1803,1.03912,13.6098,0.42336,36.966,0.42336,423.524,0,1.02816,0,0,3.82309,2.79493,1.028160,1,0,93.3279,0,0,0,93.3279,0
49.0958,2.11194,0,0,5.9487,0.204116,0.36288,3.6288,57.5408,0.61066,0,0,2.7247,0.196963,0,0.66528,12.849,1,0.592159,0.36288,0,103.222,4.00607,98.9867,0.84672,12.849,0.84672,3695.15,0,36.966,0.405828,2.90592,2.08633,11.7469,1.03912,15.2942,0.42336,36.966,0.42336,423.524,0,1.02816,0,0,3.93408,2.90592,1.028160,1,0,114.281,0,0,0,114.281,0
51.8862,2.14334,0,0,5.50818,0.211576,0.36288,3.6288,58.7477,0.618958,0,0,2.02533,0.199439,0,0.66528,12.849,1,0.56094,0.36288,0,144.956,4.00607,140.752,0.84672,12.849,0.84672,3695.15,0,36.966,0.397638,2.40375,2.08644,11.6635,1.03912,14.7169,0.42336,36.966,0.42336,423.524,0,1.02816,0,0,3.43191,2.40375,1.028160,1,0,155.469,0,0,0,155.469,0
53.9589,2.16767,0,0,4.8404,0.237108,0.36288,3.6288,58.7405,0.624037,0,0,0.816497,0.199629,0,0.66528,12.849,1,0.536798,0.36288,0,102.974,4.38069,98.4195,0.84672,12.849,0.84672,3695.15,0,36.966,0.392665,0.882421,2.08656,6.99278,1.08424,8.48486,0.42336,36.966,0.42336,423.524,0,1.02816,0,0,1.91058,0.882421,1.028160,1,0,106.904,0,0,0,106.904,0
59.8301,2.26055,0,0,8.72502,0.230459,0.36288,3.6288,59.6051,0.658653,0,0,1.74027,0.217027,0,0.66528,12.849,1,0.538295,0.36288,0,134.537,4.50586,129.856,0.84672,12.849,0.84672,3695.15,0,36.966,0.414497,2.47337,2.08668,7.83762,1.0441,10.9391,0.42336,36.966,0.42336,423.524,0,1.02816,0,0,3.50153,2.47337,1.028160,1,0,140.795,0,0,0,140.795,0
64.9236,2.30418,0,0,8.00479,0.244192,0.36288,3.6288,60.3962,0.662426,0,0,1.67177,0.218233,0,0.66528,12.849,1,0.494841,0.36288,0,112.682,4.50586,108.044,0.84672,12.849,0.84672,3695.15,0,36.966,0.410824,2.2054,2.14798,7.42913,1.0441,10.3276,0.42336,36.966,0.42336,423.524,0,1.02816,0,0,3.23356,2.2054,1.028160,1,0,118.372,0,0,0,118.372,0
69.0231,2.33673,0,0,7.06021,0.261066,0.36288,3.6288,60.6129,0.66528,0,0,1.0995,0.217561,0,0.66528,12.849,1,0.462461,0.36288,0,91.7343,4.52486,87.1099,0.84672,12.849,0.84672,3695.15,0,36.966,0.408069,1.49477,2.14809,6.91086,1.07721,9.06844,0.42336,36.966,0.42336,423.524,0,1.02816,0,0,2.52293,1.49477,1.028160,1,0,96.1783,0,0,0,96.1783,0
72.29,2.36003,0,0,8.02069,0.308744,2.08504,3.6288,60.9674,0.66528,0,0,1.227,0.207198,0,0.66528,12.849,1,0.439331,2.08504,0,121.967,4.63879,118.974,0.84672,12.849,0.84672,3695.15,0,36.966,0.408169,1.6213,2.14819,7.64918,1.27588,9.73463,0.42336,36.966,0.42336,423.524,0,1.02816,0,0,2.64946,1.6213,1.028160,1,0,128.709,0,0,0,128.709,0
72.29,2.63393,0,0,10.4692,0.303376,7.53191,3.6288,61.308,0.66528,0,0,2.23447,0.196406,1.0322,0.66528,12.849,1,0.468161,7.53191,0,116.728,4.70658,119.085,0.84672,12.849,0.84672,3695.15,0,36.966,0.619829,3.84346,2.1483,13.2666,1.15419,17.4844,0.42336,36.966,0.42336,423.524,0,1.02816,0,0,4.87162,3.84346,1.028160,1,0,137.602,0,0,0,137.602,0
72.29,2.63409,0,0,12.4445,0.307716,9.50273,3.6288,61.308,0.66528,0,0,2.84818,0.188777,1.99412,0.66528,12.849,1,0.468189,9.50273,0,181.865,4.71839,186.181,0.84672,12.849,0.84672,3695.15,0,36.966,0.61994,4.32214,2.36856,17.4133,1.08952,22.3946,0.42336,36.966,0.42336,423.524,0,1.02816,0,0,5.3503,4.32214,1.028160,1,0,210.57,0,0,0,210.57,0
72.29,2.63425,0,0,9.09507,0.307716,6.1531,3.6288,61.308,0.66528,0,0,1.88805,0.188777,1.03399,0.66528,12.849,1,0.468218,6.1531,0,114.544,4.71839,115.51,0.84672,12.849,0.84672,3695.15,0,36.966,0.620051,2.77854,2.36868,10.7978,1.08952,14.2355,0.42336,36.966,0.42336,423.524,0,1.02816,0,0,3.8067,2.77854,1.028160,1,0,130.78,0,0,0,130.78,0
72.29,2.63441,0,0,9.02292,0.307716,6.0808,3.6288,61.308,0.66528,0,0,1.76315,0.188777,0.90909,0.66528,12.849,1,0.468246,6.0808,0,107.787,4.71839,108.681,0.84672,12.849,0.84672,3695.15,0,36.966,0.620162,2.3664,2.36881,8.62799,1.08952,11.6535,0.42336,36.966,0.42336,423.524,0,1.02816,0,0,3.39456,2.3664,1.028160,1,0,121.243,0,0,0,121.243,0
72.29,2.26807,0,0,6.52412,0.318161,3.93788,3.6288,61.308,0.62483,0,0,1.49757,0.18368,0.689062,0.66528,12.849,1,0.403133,3.93788,0,114.843,4.52622,113.851,0.84672,12.849,0.84672,3695.15,0,36.966,0.376744,2.30167,2.36893,9.04021,1.09817,12.2359,0.42336,36.966,0.42336,423.524,0,1.02816,0,0,3.32983,2.30167,1.028160,1,0,126.776,0,0,0,126.776,0
72.29,2.26821,0,0,6.14184,0.31588,3.55775,3.6288,61.308,0.624889,0,0,1.54056,0.16174,0.753935,0.66528,12.849,1,0.403158,3.55775,0,110.942,4.34238,109.754,0.84672,12.849,0.84672,3695.15,0,36.966,0.37678,3.19423,2.06876,11.3714,1.00299,15.2546,0.42336,36.966,0.42336,423.524,0,1.02816,0,0,4.22239,3.19423,1.028160,1,0,125.763,0,0,0,125.763,0
72.29,2.26835,0,0,6.24578,0.31588,3.66155,3.6288,61.308,0.624949,0,0,1.29705,0.16174,0.510365,0.66528,12.849,1,0.403182,3.66155,0,113.208,4.34238,112.124,0.84672,12.849,0.84672,3695.15,0,36.966,0.376816,2.27348,2.06886,10.0461,1.00299,13.0086,0.42336,36.966,0.42336,423.524,0,1.02816,0,0,3.30164,2.27348,1.028160,1,0,125.643,0,0,0,125.643,0
72.29,2.26849,0,0,5.87148,0.31588,3.28711,3.6288,61.308,0.625008,0,0,1.28016,0.16174,0.493414,0.66528,12.849,1,0.403207,3.28711,0,105.686,4.34238,104.228,0.84672,12.849,0.84672,3695.15,0,36.966,0.376852,2.10322,2.06897,9.50504,1.00299,12.2974,0.42336,36.966,0.42336,423.524,0,1.02816,0,0,3.13138,2.10322,1.028160,1,0,117.019,0,0,0,117.019,0
72.29,2.26863,0,0,5.16535,0.328332,2.56839,3.6288,61.308,0.625068,0,0,1.24411,0.176675,0.442365,0.66528,12.849,1,0.403232,2.56839,0,91.8907,3.74172,90.3142,0.84672,12.849,0.84672,3695.15,0,36.966,0.376888,1.83461,2.06907,8.42512,0.965313,10.9866,0.42336,36.966,0.42336,423.524,0,1.02816,0,0,2.86277,1.83461,1.028160,1,0,101.743,0,0,0,101.743,0
72.29,2.36105,0,0,6.34769,0.319254,3.66738,3.6288,61.308,0.66528,0,0,1.51857,0.154343,0.698943,0.66528,12.849,1,0.419659,3.66738,0,87.0981,3.37543,86.9704,0.84672,12.849,0.84672,3695.15,0,36.966,0.406263,2.90085,2.06917,7.59992,0.744571,11.4191,0.42336,36.966,0.42336,423.524,0,1.02816,0,0,3.92901,2.90085,1.028160,1,0,99.0885,0,0,0,99.0885,0
72.29,2.36119,0,0,6.75195,0.319254,4.0715,3.6288,61.308,0.66528,0,0,2.37838,0.154343,1.55875,0.66528,12.849,1,0.419684,4.0715,0,101.525,3.37543,101.802,0.84672,12.849,0.84672,3695.15,0,36.966,0.406362,3.44101,2.14333,7.84026,0.744571,12.2737,0.42336,36.966,0.42336,423.524,0,1.02816,0,0,4.46917,3.44101,1.028160,1,0,115.634,0,0,0,115.634,0
72.29,2.36134,0,0,4.86524,0.319254,2.18464,3.6288,61.308,0.66528,0,0,1.26173,0.154343,0.44211,0.66528,12.849,1,0.41971,2.18464,0,64.9356,3.37543,63.3251,0.84672,12.849,0.84672,3695.15,0,36.966,0.406462,1.94168,2.14344,6.14523,0.744571,9.07933,0.42336,36.966,0.42336,423.524,0,1.02816,0,0,2.96984,1.94168,1.028160,1,0,72.8466,0,0,0,72.8466,0
72.29,2.36148,0,0,4.50007,0.319254,1.81933,3.6288,61.308,0.66528,0,0,1.42641,0.154343,0.606789,0.66528,12.849,1,0.419736,1.81933,0,74.5304,3.37543,72.5545,0.84672,12.849,0.84672,3695.15,0,36.966,0.406561,2.03502,2.14355,6.36916,0.744571,9.3966,0.42336,36.966,0.42336,423.524,0,1.02816,0,0,3.06318,2.03502,1.028160,1,0,82.5579,0,0,0,82.5579,0
72.29,2.32554,0,0,3.63742,0.261579,1.0503,3.6288,61.2724,0.651886,0,0,0.817309,0.201061,0,0.66528,12.849,1,0.413347,1.0503,0,63.2197,3.97784,59.8789,0.84672,12.849,0.84672,3695.15,0,36.966,0.393058,1.20352,2.14366,4.54914,0.925633,6.57763,0.42336,36.966,0.42336,423.524,0,1.02816,0,0,2.23168,1.20352,1.028160,1,0,66.4565,0,0,0,66.4565,0
72.29,2.32568,0,0,3.09128,0.262382,0.503214,3.6288,61.1361,0.651805,0,0,0.71877,0.203251,0,0.66528,12.849,1,0.413373,0.503214,0,50.6254,4.01037,46.7049,0.84672,12.849,0.84672,3695.15,0,36.966,0.393238,1.02558,2.11495,4.90141,0.942451,6.70625,0.42336,36.966,0.42336,423.524,0,1.02816,0,0,2.05374,1.02558,1.028160,1,0,53.4111,0,0,0,53.4111,0
72.29,2.32583,0,0,3.18643,0.262382,0.598224,3.6288,61.0402,0.651319,0,0,0.758532,0.203076,0,0.66528,12.849,1,0.413398,0.598224,0,48.7618,4.01037,44.9363,0.84672,12.849,0.84672,3695.15,0,36.966,0.393821,1.0088,2.11506,4.22658,0.942451,6.01416,0.42336,36.966,0.42336,423.524,0,1.02816,0,0,2.03696,1.0088,1.028160,1,0,50.9504,0,0,0,50.9504,0
72.29,2.32597,0,0,4.37865,0.24716,1.80552,3.6288,61.0169,0.650995,0,0,0.834166,0.206517,0,0.66528,12.849,1,0.413423,1.80552,0,63.5753,4.11873,60.8486,0.84672,12.849,0.84672,3695.15,0,36.966,0.394243,1.25657,2.11516,4.22176,0.922392,6.27686,0.42336,36.966,0.42336,423.524,0,1.02816,0,0,2.28473,1.25657,1.028160,1,0,67.1255,0,0,0,67.1255,0
72.29,2.44864,0,0,3.08445,0.202653,0.433166,3.6288,60.8208,0.66528,0,0,0.685739,0.216535,0,0.66528,12.849,1,0.435226,0.433166,0,50.2825,4.34404,45.9364,0.84672,12.849,0.84672,3695.15,0,36.966,0.475811,0.816584,2.11527,3.73867,0.92148,5.27323,0.42336,36.966,0.42336,423.524,0,1.02816,0,0,1.84474,0.816584,1.028160,1,0,51.2096,0,0,0,51.2096,0
72.29,2.44878,0,0,3.11446,0.176292,0.489384,3.6288,60.5495,0.66528,0,0,0.615957,0.221936,0,0.66528,12.849,1,0.435253,0.489384,0,47.6328,4.40969,43.2772,0.84672,12.849,0.84672,3695.15,0,36.966,0.475914,0.597283,2.2164,3.34708,0.963726,4.72112,0.42336,36.966,0.42336,423.524,0,1.02816,0,0,1.62544,0.597283,1.028160,1,0,47.9983,0,0,0,47.9983,0
72.29,2.44893,0,0,3.07542,0.176292,0.45019,3.6288,60.3317,0.66528,0,0,0.669038,0.221554,0,0.66528,12.849,1,0.43528,0.45019,0,46.063,4.40969,41.6683,0.84672,12.849,0.84672,3695.15,0,36.966,0.476018,0.563112,2.21651,3.66965,0.963726,5.00953,0.42336,36.966,0.42336,423.524,0,1.02816,0,0,1.59127,0.563112,1.028160,1,0,46.6778,0,0,0,46.6778,0
72.178,2.44908,0,0,2.8763,0.176292,0.36288,3.6288,60.0625,0.66528,0,0,0.617339,0.221248,0,0.66528,12.849,1,0.435306,0.36288,0,43.0887,4.40969,38.6066,0.84672,12.849,0.84672,3695.15,0,36.966,0.476121,0.4975,2.21662,3.2221,0.963726,4.49638,0.42336,36.966,0.42336,423.524,0,1.02816,0,0,1.52566,0.4975,1.028160,1,0,43.103,0,0,0,43.103,0
71.9656,2.44866,0,0,2.74268,0.143609,0.36288,3.6288,59.7541,0.66528,0,0,0.602309,0.245482,0,0.66528,12.849,1,0.435906,0.36288,0,39.522,4.91882,34.5301,0.84672,12.849,0.84672,3695.15,0,36.966,0.476224,0.429857,2.21674,3.23516,1.0625,4.34303,0.42336,36.966,0.42336,423.524,0,1.02816,0,0,1.45802,0.429857,1.028160,1,0,38.8731,0,0,0,38.8731,0
71.9665,2.4235,0,0,2.87453,0.0872508,0.36288,3.6288,59.5005,0.66528,0,0,0.687373,0.275685,0,0.66528,12.849,1,0.4327,0.36288,0,33.8212,5.24716,28.5042,0.84672,12.849,0.84672,3695.15,0,36.966,0.52897,0.392947,2.21685,3.50093,1.26806,4.3137,0.42336,36.966,0.42336,423.524,0,1.02816,0,0,1.42111,0.392947,1.028160,1,0,32.8179,0,0,0,32.8179,0
71.7969,2.42365,0,0,2.70416,0.0872514,0.36288,3.6288,59.2059,0.667742,0,0,0.648415,0.275239,0,0.66528,12.849,1,0.432722,0.36288,0,33.5707,5.24716,28.2537,0.84672,12.849,0.84672,3695.15,0,36.966,0.529077,0.30119,2.25229,3.65902,1.26806,4.41536,0.42336,36.966,0.42336,423.524,0,1.0257,0,0,1.32689,0.30119,1.028160,1,0,32.6691,0,0,0,32.6691,0
71.3862,2.42293,0,0,2.46233,0.0871388,0.36288,3.6288,58.9078,0.66528,0,0,0.641849,0.27472,0,0.66528,12.849,1,0.433616,0.36288,0,33.311,5.24716,27.9931,0.84672,12.849,0.84672,3695.15,0,36.966,0.529183,0.300629,2.2524,3.52162,1.26806,4.27741,0.42336,36.966,0.42336,423.524,0,1.02816,0,0,1.32879,0.300629,1.028160,1,0,32.2705,0,0,0,32.2705,0
70.7434,2.42097,0,0,2.22786,0.0868663,0.36288,3.6288,58.4385,0.790741,0,0,0.595672,0.274196,0,0.66528,12.849,1,0.435756,0.36288,0,29.9137,5.24716,24.5936,0.84672,12.849,0.84672,3695.15,0,36.966,0.529289,0.261274,2.25252,3.37755,1.26806,4.09399,0.42336,36.966,0.42336,423.524,0,0.902699,0,0,1.16397,0.261274,1.028160,1,0,28.6876,0,0,0,28.6876,0
70.1037,2.48016,0,0,2.2588,0.0554648,0.36288,3.6288,57.7483,0.944912,0,0,0.566818,0.312162,0,0.66528,12.849,1,0.450467,0.36288,0,25.7174,5.97451,19.6553,0.84672,12.849,0.84672,3695.15,0,36.966,0.597716,0.261274,2.25263,3.04711,1.48507,3.47823,0.42336,36.966,0.42336,423.524,0,0.727134,0,0,0.988407,0.261274,1.028160,1,0,23.1335,0,0,0,23.1335,0
69.478,2.47684,0,0,2.26348,0.049417,0.36288,3.6288,57.0143,0.925088,0,0,0.50232,0.311211,0,0.66528,12.849,1,0.453969,0.36288,0,32.0691,6.06784,25.9102,0.84672,12.849,0.84672,3695.15,0,36.966,0.59217,0.261274,2.30282,3.25332,1.49974,3.72551,0.42336,36.966,0.42336,423.524,0,0.752613,0,0,1.01389,0.261274,1.028160,1,0,29.6357,0,0,0,29.6357,0
68.7119,2.47354,0,0,2.11944,0.0491785,0.36288,3.6288,56.2398,0.931929,0,0,0.467138,0.309734,0,0.66528,12.849,1,0.457447,0.36288,0,25.7485,6.06784,19.5861,0.84672,12.849,0.84672,3695.15,0,36.966,0.604229,0.261274,2.30294,2.93261,1.49974,3.39285,0.42336,36.966,0.42336,423.524,0,0.733821,0,0,0.995095,0.261274,1.028160,1,0,22.9789,0,0,0,22.9789,0
67.7604,2.46939,0,0,1.92967,0.0488864,0.36288,3.6288,55.3761,0.998933,0,0,0.443485,0.308175,0,0.66528,12.849,1,0.461772,0.36288,0,23.4662,6.06784,17.2995,0.84672,12.849,0.84672,3695.15,0,36.966,0.656592,0.227405,2.30305,2.73547,1.49974,3.10959,0.42336,36.966,0.42336,423.524,0,0.614563,0,0,0.841968,0.227405,1.028160,1,0,20.4091,0,0,0,20.4091,0
67.0076,2.64563,0,0,2.2897,0.0340052,0.36288,3.6288,54.8174,0.786473,0,0,0.537799,0.310069,0,0.66528,12.849,1,0.501676,0.36288,0,24.6428,6.11891,18.3851,0.84672,12.849,0.84672,3695.15,0,36.966,0.746176,0.227405,2.30317,4.00681,1.52566,4.26555,0.42336,36.966,0.42336,423.524,0,0.906967,0,0,1.13437,0.227405,1.028160,1,0,22.6507,0,0,0,22.6507,0
66.2413,2.64578,0,0,2.24871,0.00634586,0.36288,3.6288,53.9369,1.00208,0,0,0.454297,0.332714,0,0.66528,12.849,1,0.507341,0.36288,0,25.6576,6.12979,19.3833,0.84672,12.849,0.84672,3695.15,0,36.966,0.74067,0.227405,2.47465,2.70257,1.55207,3.11189,0.42336,36.966,0.42336,423.524,0,0.691355,0,0,0.91876,0.227405,1.028160,1,0,22.4952,0,0,0,22.4952,0
65.6255,2.64113,0,0,2.39453,0.00630743,0.36288,3.6288,53.3764,0.78846,0,0,0.558802,0.330783,0,0.66528,12.849,1,0.512307,0.36288,0,32.6501,6.12979,26.3709,0.84672,12.849,0.84672,3695.15,0,36.966,0.74067,0.227405,2.47149,3.01865,1.55207,3.42481,0.42336,36.966,0.42336,423.524,0,0.90498,0,0,1.13238,0.227405,1.028160,1,0,29.7957,0,0,0,29.7957,0
64.5889,2.63737,0,0,1.96998,0.00627654,0.36288,3.6288,52.3524,1.10166,0,0,0.406969,0.329357,0,0.66528,12.849,1,0.516377,0.36288,0,29.9128,6.12979,23.6295,0.84672,12.849,0.84672,3695.15,0,36.966,0.762956,0.204422,2.47155,2.47241,1.55207,2.83335,0.42336,36.966,0.42336,423.524,0,0.569497,0,0,0.773919,0.204422,1.028160,1,0,26.4629,0,0,0,26.4629,0
64.0441,2.63071,0,0,2.45494,0.00622454,0.36288,3.6288,52.0654,0.66528,0,0,0.70499,0.326667,0,0.66528,12.849,1,0.523341,0.36288,0,29.1578,6.12979,22.8675,0.84672,12.849,0.84672,3695.15,0,36.966,0.74067,0.501224,2.47161,3.85614,1.55207,4.53623,0.42336,36.966,0.42336,423.524,0,1.02816,0,0,1.52938,0.501224,1.028160,1,0,27.4037,0,0,0,27.4037,0
63.9898,2.53957,0,0,2.89661,0.0483875,0.36288,3.6288,51.5759,0.66528,0,0,0.482322,0.306568,0,0.66528,12.849,1,0.509508,0.36288,0,35.5585,5.39595,30.0159,0.84672,12.849,0.84672,3695.15,0,36.966,0.637811,0.544977,2.47166,2.8005,1.18913,3.9902,0.42336,36.966,0.42336,423.524,0,1.02816,0,0,1.57314,0.544977,1.028160,1,0,34.0061,0,0,0,34.0061,0
63.2891,2.53429,0,0,2.2448,0.0483663,0.36288,3.6288,50.9924,0.66528,0,0,0.387153,0.305359,0,0.66528,12.849,1,0.508879,0.36288,0,29.4748,5.39595,23.9329,0.84672,12.849,0.84672,3695.15,0,36.966,0.64402,0.315783,2.37252,2.34242,1.18913,3.19758,0.42336,36.966,0.42336,423.524,0,1.02816,0,0,1.34394,0.315783,1.028160,1,0,27.1305,0,0,0,27.1305,0
62.886,2.52976,0,0,2.53759,0.0480919,0.36288,3.6288,50.4179,0.66528,0,0,0.394693,0.303917,0,0.66528,12.849,1,0.513593,0.36288,0,32.1824,5.39595,26.6357,0.84672,12.849,0.84672,3695.15,0,36.966,0.644133,0.315187,2.37621,3.33523,1.18913,4.19337,0.42336,36.966,0.42336,423.524,0,1.02816,0,0,1.34335,0.315187,1.028160,1,0,30.8291,0,0,0,30.8291,0
63.7537,2.52718,0,0,3.80573,0.047934,0.36288,3.6288,50.0074,0.66528,0,0,0.557228,0.302497,0,0.66528,12.849,1,0.516358,0.36288,0,40.3481,5.39595,34.7987,0.84672,12.849,0.84672,3695.15,0,36.966,0.644245,0.663846,2.37633,4.35603,1.18913,5.56283,0.42336,36.966,0.42336,423.524,0,1.02816,0,0,1.69201,0.663846,1.028160,1,0,40.3615,0,0,0,40.3615,0
63.8566,2.46124,0,0,2.9918,0.0647795,0.36288,3.6288,49.6883,0.66528,0,0,0.582339,0.236113,0,0.66528,12.849,1,0.496041,0.36288,0,35.4491,4.54976,30.7662,0.84672,12.849,0.84672,3695.15,0,36.966,0.550709,0.544648,2.37645,6.09631,1.02836,7.43834,0.42336,36.966,0.42336,423.524,0,1.02816,0,0,1.57281,0.544648,1.028160,1,0,38.2046,0,0,0,38.2046,0
64.1305,2.46206,0,0,3.23946,0.140628,0.36288,3.6288,49.3946,0.66528,0,0,0.565733,0.19422,0,0.66528,12.849,1,0.495406,0.36288,0,37.4509,4.30649,33.0118,0.84672,12.849,0.84672,3695.15,0,36.966,0.550817,0.363407,2.28802,5.24434,1.10809,6.23687,0.42336,36.966,0.42336,423.524,0,1.02816,0,0,1.39157,0.363407,1.028160,1,0,39.2487,0,0,0,39.2487,0
63.8224,2.46397,0,0,2.69574,0.177009,0.36288,3.6288,48.7755,0.825045,0,0,0.395968,0.189995,0,0.66528,12.849,1,0.493674,0.36288,0,30.4268,4.34542,25.9506,0.84672,12.849,0.84672,3695.15,0,36.966,0.617449,0.216518,2.28814,4.37852,1.15769,5.10804,0.42336,36.966,0.42336,423.524,0,0.80187,0,0,1.01839,0.216518,1.028160,1,0,31.0586,0,0,0,31.0586,0
64.8786,2.46214,0,0,4.05784,0.176568,0.36288,3.6288,48.8801,0.66528,0,0,0.958889,0.189027,0,0.66528,12.849,1,0.495688,0.36288,0,47.4473,4.34542,42.969,0.84672,12.849,0.84672,3695.15,0,36.966,0.551031,1.91524,2.28826,8.87832,1.15769,11.3731,0.42336,36.966,0.42336,423.524,0,1.02816,0,0,2.9434,1.91524,1.028160,1,0,54.3421,0,0,0,54.3421,0
71.5108,2.26407,0,0,9.43778,0.178689,0.36288,3.6288,50.4704,0.581539,0,0,2.35718,0.185337,0,0.66528,12.849,1,0.448391,0.36288,0,121.388,4.34071,116.961,0.84672,12.849,0.84672,3695.15,0,36.966,0.439794,4.15475,2.28837,15.2641,1.13597,20.1315,0.42336,36.966,0.42336,423.524,0,1.02816,0,0,5.18291,4.15475,1.028160,1,0,137.093,0,0,0,137.093,0
72.29,2.29946,0,0,6.91341,0.189821,3.64491,3.6288,51.809,0.589594,0,0,2.10622,0.178016,0,0.66528,12.849,1,0.413165,3.64491,0,109.62,4.32894,108.522,0.84672,12.849,0.84672,3695.15,0,36.966,0.431836,2.69939,2.09175,13.1077,1.08167,16.3853,0.42336,36.966,0.42336,423.524,0,1.02816,0,0,3.72755,2.69939,1.028160,1,0,124.908,0,0,0,124.908,0
72.29,2.30338,0,0,7.12351,0.19095,4.62917,3.6288,52.9732,0.596162,0,0,1.94029,0.179962,0,0.66528,12.849,1,0.409409,4.62917,0,74.8284,4.32894,74.7193,0.84672,12.849,0.84672,3695.15,0,36.966,0.425365,3.13421,2.09186,13.3357,1.08167,17.0547,0.42336,36.966,0.42336,423.524,0,1.02816,0,0,4.16237,3.13421,1.028160,1,0,91.774,0,0,0,91.774,0
72.29,2.30352,0,0,4.86007,0.229474,2.32707,3.6288,52.9709,0.601725,0,0,0.784711,0.185257,0,0.66528,12.849,1,0.409434,2.32707,0,82.9805,3.93144,80.9667,0.84672,12.849,0.84672,3695.15,0,36.966,0.419899,1.42294,2.09196,9.166,0.998267,11.2627,0.42336,36.966,0.42336,423.524,0,1.02816,0,0,2.4511,1.42294,1.028160,1,0,92.2295,0,0,0,92.2295,0
72.29,2.30367,0,0,4.95859,0.258367,2.39656,3.6288,52.9382,0.601771,0,0,0.757037,0.187955,0,0.66528,12.849,1,0.409459,2.39656,0,100.433,3.63331,98.7869,0.84672,12.849,0.84672,3695.15,0,36.966,0.419949,1.53446,2.09207,8.92417,0.935713,11.195,0.42336,36.966,0.42336,423.524,0,1.02816,0,0,2.56262,1.53446,1.028160,1,0,109.982,0,0,0,109.982,0
72.29,2.38402,0,0,10.8742,0.237817,8.25237,3.6288,54.1683,0.634945,0,0,2.08447,0.219435,0,0.66528,12.849,1,0.423741,8.25237,0,154.887,3.79252,158.923,0.84672,12.849,0.84672,3695.15,0,36.966,0.443373,2.56418,2.09218,17.1539,0.943158,20.4238,0.42336,36.966,0.42336,423.524,0,1.02816,0,0,3.59234,2.56418,1.028160,1,0,179.347,0,0,0,179.347,0
72.29,2.38415,0,0,8.99942,0.263859,6.35142,3.6288,54.9162,0.640983,0,0,1.64195,0.253048,0,0.66528,12.849,1,0.423764,6.35142,0,191.483,4.34091,193.07,0.84672,12.849,0.84672,3695.15,0,36.966,0.437425,1.89024,2.15364,16.4687,1.021,19.0542,0.42336,36.966,0.42336,423.524,0,1.02816,0,0,2.9184,1.89024,1.028160,1,0,212.124,0,0,0,212.124,0
72.29,2.38428,0,0,9.89643,0.263859,7.24829,3.6288,55.5031,0.644596,0,0,1.48577,0.254301,0,0.66528,12.849,1,0.423787,7.24829,0,171.493,4.34091,173.976,0.84672,12.849,0.84672,3695.15,0,36.966,0.4339,1.69008,2.15374,13.4539,1.021,15.8429,0.42336,36.966,0.42336,423.524,0,1.02816,0,0,2.71824,1.69008,1.028160,1,0,189.819,0,0,0,189.819,0
72.29,2.38441,0,0,9.64829,0.263859,7.00002,3.6288,56.4656,0.647403,0,0,1.86521,0.255284,0,0.66528,12.849,1,0.42381,7.00002,0,201.622,4.34091,203.857,0.84672,12.849,0.84672,3695.15,0,36.966,0.431182,2.46451,2.15383,16.4976,1.021,19.6638,0.42336,36.966,0.42336,423.524,0,1.02816,0,0,3.49267,2.46451,1.028160,1,0,223.521,0,0,0,223.521,0
72.29,2.64216,0,0,7.57952,0.328155,4.6092,3.6288,57.2654,0.66528,0,0,1.68484,0.219818,0,0.66528,12.849,1,0.469624,4.6092,0,190.564,4.10768,190.596,0.84672,12.849,0.84672,3695.15,0,36.966,0.625556,1.97472,2.15393,16.4268,1.02111,18.9088,0.42336,36.966,0.42336,423.524,0,1.02816,0,0,3.00288,1.97472,1.028160,1,0,209.505,0,0,0,209.505,0
72.29,2.6423,0,0,6.83853,0.382717,3.81351,3.6288,58.5223,0.66528,0,0,2.10161,0.179386,0,0.66528,12.849,1,0.46965,3.81351,0,156.365,3.70807,156.001,0.84672,12.849,0.84672,3695.15,0,36.966,0.625655,3.56638,2.37481,16.5027,0.866728,20.9515,0.42336,36.966,0.42336,423.524,0,1.02816,0,0,4.59454,3.56638,1.028160,1,0,176.952,0,0,0,176.952,0
72.29,2.64245,0,0,5.33243,0.382717,2.30726,3.6288,59.0928,0.66528,0,0,1.41659,0.180849,0,0.66528,12.849,1,0.469675,2.30726,0,111.643,3.70807,109.772,0.84672,12.849,0.84672,3695.15,0,36.966,0.625754,1.31609,2.37491,10.5502,0.866728,12.7487,0.42336,36.966,0.42336,423.524,0,1.02816,0,0,2.34425,1.31609,1.028160,1,0,122.521,0,0,0,122.521,0
72.29,2.64259,0,0,4.48829,0.372945,1.47276,3.6288,59.4862,0.66528,0,0,1.25358,0.194849,0,0.66528,12.849,1,0.4697,1.47276,0,84.8215,3.73414,82.0904,0.84672,12.849,0.84672,3695.15,0,36.966,0.625853,0.873815,2.37502,8.92667,0.88966,10.66,0.42336,36.966,0.42336,423.524,0,1.02816,0,0,1.90198,0.873815,1.028160,1,0,92.7504,0,0,0,92.7504,0
72.29,2.2752,0,0,6.66482,0.348445,4.04117,3.6288,60.2289,0.620722,0,0,1.551,0.187539,0,0.66528,12.849,1,0.4044,4.04117,0,124.63,3.47473,124.792,0.84672,12.849,0.84672,3695.15,0,36.966,0.38573,2.30169,2.37513,19.0144,0.904044,22.4014,0.42336,36.966,0.42336,423.524,0,1.02816,0,0,3.32985,2.30169,1.028160,1,0,147.194,0,0,0,147.194,0
72.29,2.27533,0,0,4.93444,0.348349,2.31077,3.6288,60.4145,0.623722,0,0,0.942434,0.133199,0,0.66528,12.849,1,0.404422,2.31077,0,125.99,3.04196,124.855,0.84672,12.849,0.84672,3695.15,0,36.966,0.382814,1.94348,2.0741,12.0042,0.846785,14.7922,0.42336,36.966,0.42336,423.524,0,1.02816,0,0,2.97164,1.94348,1.028160,1,0,139.647,0,0,0,139.647,0
72.29,2.27545,0,0,5.49075,0.348349,2.86695,3.6288,61.308,0.624504,0,0,2.18652,0.133356,0.535123,0.66528,12.849,1,0.404444,2.86695,0,151.759,3.04196,151.18,0.84672,12.849,0.84672,3695.15,0,36.966,0.382117,2.74895,2.07419,12.1586,0.846785,15.7529,0.42336,36.966,0.42336,423.524,0,1.02816,0,0,3.77711,2.74895,1.028160,1,0,167.468,0,0,0,167.468,0
72.29,2.27558,0,0,5.85714,0.313145,3.26842,3.6288,61.308,0.628031,0,0,1.88937,0.140353,1.12098,0.66528,12.849,1,0.404466,3.26842,0,130.784,3.13357,130.514,0.84672,12.849,0.84672,3695.15,0,36.966,0.378675,2.60392,2.07428,12.4288,0.86183,15.8665,0.42336,36.966,0.42336,423.524,0,1.02816,0,0,3.63208,2.60392,1.028160,1,0,147.502,0,0,0,147.502,0
72.29,2.2757,0,0,4.63501,0.307277,2.05204,3.6288,61.308,0.628085,0,0,1.88495,0.141393,1.11547,0.66528,12.849,1,0.404488,2.05204,0,110.717,3.14885,109.216,0.84672,12.849,0.84672,3695.15,0,36.966,0.378707,2.38794,2.07438,9.57182,0.864337,12.7911,0.42336,36.966,0.42336,423.524,0,1.02816,0,0,3.4161,2.38794,1.028160,1,0,123.123,0,0,0,123.123,0
72.29,2.36836,0,0,5.98936,0.322427,3.29857,3.6288,61.308,0.66528,0,0,1.13779,0.171745,0.300768,0.66528,12.849,1,0.420958,3.29857,0,105.256,3.32913,104.804,0.84672,12.849,0.84672,3695.15,0,36.966,0.411282,1.41954,2.07447,10.5168,1.01005,12.5895,0.42336,36.966,0.42336,423.524,0,1.02816,0,0,2.4477,1.41954,1.028160,1,0,117.695,0,0,0,117.695,0
72.29,2.36849,0,0,5.56389,0.322427,2.87298,3.6288,61.308,0.66528,0,0,2.08612,0.171745,1.24909,0.66528,12.849,1,0.420981,2.87298,0,114.104,3.32913,113.227,0.84672,12.849,0.84672,3695.15,0,36.966,0.41137,2.67133,2.14883,13.7474,1.01005,17.1461,0.42336,36.966,0.42336,423.524,0,1.02816,0,0,3.69949,2.67133,1.028160,1,0,131.622,0,0,0,131.622,0
72.29,2.36862,0,0,4.58101,0.322427,1.88997,3.6288,61.308,0.66528,0,0,1.96398,0.171745,1.12695,0.66528,12.849,1,0.421004,1.88997,0,140.259,3.32913,138.399,0.84672,12.849,0.84672,3695.15,0,36.966,0.411459,3.12161,2.14892,12.7042,1.01005,16.5532,0.42336,36.966,0.42336,423.524,0,1.02816,0,0,4.14977,3.12161,1.028160,1,0,156.079,0,0,0,156.079,0
72.29,2.36875,0,0,3.41943,0.310862,0.739818,3.6288,61.308,0.66528,0,0,1.31902,0.140145,0.513592,0.66528,12.849,1,0.421027,0.739818,0,104.144,2.46579,101.997,0.84672,12.849,0.84672,3695.15,0,36.966,0.411547,2.10927,2.14902,8.98612,0.889276,11.9436,0.42336,36.966,0.42336,423.524,0,1.02816,0,0,3.13743,2.10927,1.028160,1,0,114.454,0,0,0,114.454,0
72.29,2.33269,0,0,3.64918,0.256165,1.06033,3.6288,61.308,0.654944,0,0,1.20651,0.221828,0.329735,0.66528,12.849,1,0.414617,1.06033,0,78.9065,3.61002,75.9422,0.84672,12.849,0.84672,3695.15,0,36.966,0.394902,1.81385,2.14912,7.6896,1.09824,10.1594,0.42336,36.966,0.42336,423.524,0,1.02816,0,0,2.84201,1.81385,1.028160,1,0,86.4314,0,0,0,86.4314,0
72.29,2.33281,0,0,3.39371,0.250555,0.810345,3.6288,61.308,0.654998,0,0,1.27195,0.250167,0.366781,0.66528,12.849,1,0.41464,0.810345,0,68.6802,4.14834,64.9276,0.84672,12.849,0.84672,3695.15,0,36.966,0.394935,1.68797,2.12031,7.71872,1.16815,9.96391,0.42336,36.966,0.42336,423.524,0,1.02816,0,0,2.71613,1.68797,1.028160,1,0,75.2583,0,0,0,75.2583,0
72.29,2.33294,0,0,3.06139,0.250555,0.477889,3.6288,61.308,0.655052,0,0,1.26989,0.250167,0.36467,0.66528,12.849,1,0.414663,0.477889,0,63.3303,4.14834,59.2452,0.84672,12.849,0.84672,3695.15,0,36.966,0.394968,1.56682,2.12041,7.57296,1.16815,9.69707,0.42336,36.966,0.42336,423.524,0,1.02816,0,0,2.59498,1.56682,1.028160,1,0,69.307,0,0,0,69.307,0
72.29,2.33307,0,0,3.46163,0.244472,0.884092,3.6288,61.308,0.655107,0,0,1.11973,0.253135,0.211485,0.66528,12.849,1,0.414685,0.884092,0,67.0835,4.38227,63.1707,0.84672,12.849,0.84672,3695.15,0,36.966,0.395,1.31918,2.1205,9.63999,1.17738,11.5073,0.42336,36.966,0.42336,423.524,0,1.02816,0,0,2.34734,1.31918,1.028160,1,0,74.8895,0,0,0,74.8895,0
72.29,2.45606,0,0,3.14431,0.198399,0.489857,3.6288,61.308,0.66528,0,0,1.10878,0.265824,0.177676,0.66528,12.849,1,0.436545,0.489857,0,60.6314,5.44672,55.238,0.84672,12.849,0.84672,3695.15,0,36.966,0.480932,1.32469,2.1206,7.57417,1.19989,9.33864,0.42336,36.966,0.42336,423.524,0,1.02816,0,0,2.35285,1.32469,1.028160,1,0,64.7543,0,0,0,64.7543,0
72.29,2.45619,0,0,3.2848,0.174447,0.654162,3.6288,61.308,0.66528,0,0,1.08491,0.253038,0.166589,0.66528,12.849,1,0.436569,0.654162,0,54.9619,4.599,50.5805,0.84672,12.849,0.84672,3695.15,0,36.966,0.481024,1.10117,2.22199,6.88323,1.11783,8.60753,0.42336,36.966,0.42336,423.524,0,1.02816,0,0,2.12933,1.10117,1.028160,1,0,59.3546,0,0,0,59.3546,0
72.29,2.45632,0,0,3.23443,0.174447,0.603658,3.6288,61.308,0.66528,0,0,1.08656,0.253038,0.16824,0.66528,12.849,1,0.436593,0.603658,0,51.6819,4.599,47.25,0.84672,12.849,0.84672,3695.15,0,36.966,0.481116,1.1439,2.22209,6.58688,1.11783,8.35392,0.42336,36.966,0.42336,423.524,0,1.02816,0,0,2.17206,1.1439,1.028160,1,0,55.7721,0,0,0,55.7721,0
72.1782,2.45646,0,0,2.89179,0.184281,0.36288,3.6288,61.308,0.66528,0,0,1.04508,0.250405,0.129392,0.66528,12.849,1,0.436616,0.36288,0,48.9959,4.42977,44.4924,0.84672,12.849,0.84672,3695.15,0,36.966,0.481208,1.24069,2.22219,6.08691,1.12436,7.94422,0.42336,36.966,0.42336,423.524,0,1.02816,0,0,2.26885,1.24069,1.028160,1,0,52.566,0,0,0,52.566,0
71.9395,2.45601,0,0,2.76667,0.186489,0.36288,3.6288,61.308,0.66528,0,0,1.02354,0.252122,0.106135,0.66528,12.849,1,0.437214,0.36288,0,45.4924,4.0708,41.3472,0.84672,12.849,0.84672,3695.15,0,36.966,0.4813,1.22069,2.22229,5.75558,1.15973,7.55753,0.42336,36.966,0.42336,423.524,0,1.02816,0,0,2.24885,1.22069,1.028160,1,0,49.0109,0,0,0,49.0109,0
71.0277,2.43063,0,0,2.02248,0.140766,0.36288,3.6288,61.1742,0.66528,0,0,0.807961,0.276482,0,0.66528,12.849,1,0.434132,0.36288,0,32.1987,5.04615,27.0813,0.84672,12.849,0.84672,3695.15,0,36.966,0.534177,0.475416,2.22239,3.88385,1.21653,4.83096,0.42336,36.966,0.42336,423.524,0,1.02816,0,0,1.50358,0.475416,1.028160,1,0,31.9122,0,0,0,31.9122,0
70.0308,2.42604,0,0,1.91087,0.118834,0.36288,3.6288,60.9734,0.66528,0,0,0.770221,0.305697,0,0.66528,12.849,1,0.438875,0.36288,0,30.5192,5.0778,25.3654,0.84672,12.849,0.84672,3695.15,0,36.966,0.534272,0.426972,2.25791,3.88511,1.31417,4.72155,0.42336,36.966,0.42336,423.524,0,1.02816,0,0,1.45513,0.426972,1.028160,1,0,30.0869,0,0,0,30.0869,0
68.9437,2.4209,0,0,1.81468,0.117926,0.36288,3.6288,60.7036,0.66528,0,0,0.700713,0.305308,0,0.66528,12.849,1,0.444178,0.36288,0,27.6201,5.0778,22.461,0.84672,12.849,0.84672,3695.15,0,36.966,0.534366,0.374172,2.25802,3.80205,1.31417,4.5857,0.42336,36.966,0.42336,423.524,0,1.02816,0,0,1.40233,0.374172,1.028160,1,0,27.0467,0,0,0,27.0467,0
67.7302,2.41512,0,0,1.68136,0.116937,0.36288,3.6288,60.3679,0.66528,0,0,0.634429,0.304786,0,0.66528,12.849,1,0.450105,0.36288,0,26.2921,5.0778,21.1271,0.84672,12.849,0.84672,3695.15,0,36.966,0.534461,0.301553,2.25812,3.50759,1.31417,4.21863,0.42336,36.966,0.42336,423.524,0,1.02816,0,0,1.32971,0.301553,1.028160,1,0,25.3457,0,0,0,25.3457,0
66.2994,2.47062,0,0,1.51293,0.110218,0.36288,3.6288,59.7585,0.823262,0,0,0.529871,0.316033,0,0.66528,12.849,1,0.468698,0.36288,0,22.5288,5.52276,16.9002,0.84672,12.849,0.84672,3695.15,0,36.966,0.581608,0.261274,2.25822,3.05903,1.4228,3.57411,0.42336,36.966,0.42336,423.524,0,0.870178,0,0,1.13145,0.261274,1.028160,1,0,20.4743,0,0,0,20.4743,0
65.0206,2.46228,0,0,1.65121,0.104816,0.36288,3.6288,59.404,0.668062,0,0,0.637243,0.323695,0,0.66528,12.849,1,0.477196,0.36288,0,27.7254,5.85648,21.7546,0.84672,12.849,0.84672,3695.15,0,36.966,0.581705,0.261274,2.30853,3.31609,1.50428,3.79991,0.42336,36.966,0.42336,423.524,0,1.02538,0,0,1.28665,0.261274,1.028160,1,0,25.5545,0,0,0,25.5545,0
63.6024,2.45457,0,0,1.50297,0.10375,0.36288,3.6288,58.9413,0.66528,0,0,0.525594,0.322963,0,0.66528,12.849,1,0.485059,0.36288,0,22.3314,5.85648,16.3527,0.84672,12.849,0.84672,3695.15,0,36.966,0.581802,0.286286,2.30863,3.0814,1.50428,3.59025,0.42336,36.966,0.42336,423.524,0,1.02816,0,0,1.31445,0.286286,1.028160,1,0,19.943,0,0,0,19.943,0
62.0582,2.44571,0,0,1.36695,0.102569,0.36288,3.6288,58.2975,0.811287,0,0,0.48948,0.322007,0,0.66528,12.849,1,0.494084,0.36288,0,20.8179,5.85648,14.8302,0.84672,12.849,0.84672,3695.15,0,36.966,0.581899,0.227405,2.30874,2.74613,1.50428,3.1961,0.42336,36.966,0.42336,423.524,0,0.882153,0,0,1.10956,0.227405,1.028160,1,0,18.0263,0,0,0,18.0263,0
60.4733,2.61505,0,0,1.48224,0.0891646,0.36288,3.6288,57.8601,0.66528,0,0,0.556807,0.32895,0,0.66528,12.849,1,0.541441,0.36288,0,20.6746,6.00399,14.492,0.84672,12.849,0.84672,3695.15,0,36.966,0.751866,0.310262,2.30884,3.76052,1.5494,4.07836,0.42336,36.966,0.42336,423.524,0,1.02816,0,0,1.33842,0.310262,1.028160,1,0,18.5704,0,0,0,18.5704,0
58.8454,2.61282,0,0,1.44374,0.0959223,0.36288,3.6288,56.9703,1.01979,0,0,0.428536,0.298552,0,0.66528,12.849,1,0.555156,0.36288,0,16.9758,5.51893,11.2646,0.84672,12.849,0.84672,3695.15,0,36.966,0.740657,0.227405,2.48077,2.91317,1.57221,3.30847,0.42336,36.966,0.42336,423.524,0,0.673652,0,0,0.901057,0.227405,1.028160,1,0,14.573,0,0,0,14.573,0
57.3909,2.60044,0,0,1.60095,0.0921536,0.36288,3.6288,56.3804,0.809067,0,0,0.511712,0.292565,0,0.66528,12.849,1,0.567811,0.36288,0,20.3523,5.55229,14.5951,0.84672,12.849,0.84672,3695.15,0,36.966,0.740657,0.227405,2.47426,2.91425,1.58318,3.29209,0.42336,36.966,0.42336,423.524,0,0.884373,0,0,1.11178,0.227405,1.028160,1,0,17.8872,0,0,0,17.8872,0
55.6176,2.58891,0,0,1.26939,0.0908574,0.36288,3.6288,55.4102,1.06286,0,0,0.384083,0.291443,0,0.66528,12.849,1,0.57962,0.36288,0,22.3476,5.55229,16.5786,0.84672,12.849,0.84672,3695.15,0,36.966,0.740657,0.204422,2.47431,2.33994,1.58318,2.69484,0.42336,36.966,0.42336,423.524,0,0.630582,0,0,0.835004,0.204422,1.028160,1,0,19.2734,0,0,0,19.2734,0
54.1343,2.57412,0,0,1.54288,0.0892772,0.36288,3.6288,55.0728,0.66528,0,0,0.617503,0.289598,0,0.66528,12.849,1,0.594683,0.36288,0,19.4802,5.55229,13.6961,0.84672,12.849,0.84672,3695.15,0,36.966,0.740657,0.356244,2.47437,3.37154,1.58318,3.87832,0.42336,36.966,0.42336,423.524,0,1.02816,0,0,1.3844,0.356244,1.028160,1,0,17.5744,0,0,0,17.5744,0
53.5351,2.47586,0,0,2.35503,0.115398,0.36288,3.6288,54.5623,0.784348,0,0,0.487452,0.213609,0,0.66528,12.849,1,0.587657,0.36288,0,24.4062,4.22358,19.9578,0.84672,12.849,0.84672,3695.15,0,36.966,0.637527,0.204422,2.47442,3.19203,1.09169,4.14165,0.42336,36.966,0.42336,423.524,0,0.909092,0,0,1.11351,0.204422,1.028160,1,0,24.0995,0,0,0,24.0995,0
53.2497,2.46123,0,0,2.67306,0.134394,0.36288,3.6288,54.5081,0.66528,0,0,0.807849,0.196781,0,0.66528,12.849,1,0.590721,0.36288,0,26.0836,3.89823,21.9575,0.84672,12.849,0.84672,3695.15,0,36.966,0.649362,0.711184,2.37501,4.44692,0.997036,5.88672,0.42336,36.966,0.42336,423.524,0,1.02816,0,0,1.73934,0.711184,1.028160,1,0,27.8442,0,0,0,27.8442,0
52.943,2.45881,0,0,2.649,0.134003,0.36288,3.6288,54.5879,0.66528,0,0,0.941777,0.196711,0,0.66528,12.849,1,0.593304,0.36288,0,25.5294,3.89823,21.4007,0.84672,12.849,0.84672,3695.15,0,36.966,0.649463,0.993211,2.38198,4.49811,0.997036,6.2268,0.42336,36.966,0.42336,423.524,0,1.02816,0,0,2.02137,0.993211,1.028160,1,0,27.6275,0,0,0,27.6275,0
52.3244,2.45618,0,0,2.33408,0.133583,0.36288,3.6288,54.5597,0.66528,0,0,0.833967,0.196815,0,0.66528,12.849,1,0.596101,0.36288,0,21.9014,3.89823,17.77,0.84672,12.849,0.84672,3695.15,0,36.966,0.649563,0.85155,2.38209,3.92231,0.997036,5.50935,0.42336,36.966,0.42336,423.524,0,1.02816,0,0,1.87971,0.85155,1.028160,1,0,23.2793,0,0,0,23.2793,0
52.9037,2.38107,0,0,3.4835,0.160323,0.36288,3.6288,54.7966,0.66528,0,0,1.07746,0.175297,0,0.66528,12.849,1,0.584706,0.36288,0,43.6385,4.11257,39.3041,0.84672,12.849,0.84672,3695.15,0,36.966,0.55577,1.43904,2.3822,5.2021,0.976612,7.49096,0.42336,36.966,0.42336,423.524,0,1.02816,0,0,2.4672,1.43904,1.028160,1,0,46.7951,0,0,0,46.7951,0
55.8957,2.38635,0,0,5.93959,0.198285,0.36288,3.6288,55.4003,0.66528,0,0,1.41588,0.146886,0,0.66528,12.849,1,0.579586,0.36288,0,65.5926,4.39835,60.9776,0.84672,12.849,0.84672,3695.15,0,36.966,0.555866,2.22477,2.29353,7.61448,0.94938,10.6275,0.42336,36.966,0.42336,423.524,0,1.02816,0,0,3.25293,2.22477,1.028160,1,0,71.6051,0,0,0,71.6051,0
58.6804,2.41171,0,0,5.76358,0.204372,0.36288,3.6288,56.5663,0.66528,0,0,1.97867,0.147471,0,0.66528,12.849,1,0.55439,0.36288,0,58.3834,4.39835,53.7936,0.84672,12.849,0.84672,3695.15,0,36.966,0.555962,2.58199,2.29363,8.28376,0.94938,11.654,0.42336,36.966,0.42336,423.524,0,1.02816,0,0,3.61015,2.58199,1.028160,1,0,65.4476,0,0,0,65.4476,0
62.0712,2.43342,0,0,6.39717,0.210037,0.36288,3.6288,57.4463,0.66528,0,0,1.69398,0.1486,0,0.66528,12.849,1,0.532837,0.36288,0,79.7494,4.39835,75.1811,0.84672,12.849,0.84672,3695.15,0,36.966,0.556057,2.84978,2.29373,13.0227,0.94938,16.6608,0.42336,36.966,0.42336,423.524,0,1.02816,0,0,3.87794,2.84978,1.028160,1,0,91.8419,0,0,0,91.8419,0
64.1193,2.25371,0,0,4.88755,0.222818,0.36288,3.6288,57.9524,0.624187,0,0,1.28496,0.154679,0,0.66528,12.849,1,0.466528,0.36288,0,93.4649,4.293,89.0683,0.84672,12.849,0.84672,3695.15,0,36.966,0.401657,1.88424,2.29384,7.61346,0.965926,10.4239,0.42336,36.966,0.42336,423.524,0,1.02816,0,0,2.9124,1.88424,1.028160,1,0,99.4922,0,0,0,99.4922,0
69.6779,2.26625,0,0,8.47489,0.287239,0.36288,3.6288,59.1519,0.626381,0,0,1.99786,0.172068,0,0.66528,12.849,1,0.454138,0.36288,0,143.877,3.9348,139.851,0.84672,12.849,0.84672,3695.15,0,36.966,0.399549,2.1222,2.0967,12.3151,1.06127,15.0732,0.42336,36.966,0.42336,423.524,0,1.02816,0,0,3.15036,2.1222,1.028160,1,0,154.924,0,0,0,154.924,0
72.29,2.29696,0,0,8.40015,0.303995,3.18705,3.6288,60.265,0.63142,0,0,1.91551,0.170952,0,0.66528,12.849,1,0.423573,3.18705,0,114.117,3.98044,112.9,0.84672,12.849,0.84672,3695.15,0,36.966,0.394596,2.07649,2.09679,10.517,1.06061,13.2351,0.42336,36.966,0.42336,423.524,0,1.02816,0,0,3.10465,2.07649,1.028160,1,0,126.135,0,0,0,126.135,0
72.29,2.31009,0,0,8.50046,0.310142,5.88024,3.6288,61.308,0.635991,0,0,2.2293,0.172172,0.378131,0.66528,12.849,1,0.4106,5.88024,0,136.989,3.98044,138.478,0.84672,12.849,0.84672,3695.15,0,36.966,0.390111,2.38597,2.09689,10.8478,1.06061,13.8799,0.42336,36.966,0.42336,423.524,0,1.02816,0,0,3.41413,2.38597,1.028160,1,0,152.736,0,0,0,152.736,0
72.29,2.31021,0,0,7.23781,0.310803,4.6168,3.6288,61.308,0.640185,0,0,2.29649,0.181349,1.47495,0.66528,12.849,1,0.410623,4.6168,0,137.383,4.10088,137.488,0.84672,12.849,0.84672,3695.15,0,36.966,0.386003,2.59829,2.09698,12.0252,1.10812,15.2264,0.42336,36.966,0.42336,423.524,0,1.02816,0,0,3.62645,2.59829,1.028160,1,0,154.19,0,0,0,154.19,0
72.29,2.31021,0,0,7.37721,0.247543,4.81946,3.6288,61.308,0.640185,0,0,1.26667,0.214825,0.411658,0.66528,12.849,1,0.410623,4.81946,0,153.882,3.75347,154.537,0.84672,12.849,0.84672,3695.15,0,36.966,0.386003,3.27818,2.09707,6.79705,1.06182,10.7245,0.42336,36.966,0.42336,423.524,0,1.02816,0,0,4.30634,3.27818,1.028160,1,0,165.673,0,0,0,165.673,0
72.29,2.39075,0,0,6.6501,0.220651,4.0387,3.6288,61.308,0.66528,0,0,1.11187,0.208932,0.237661,0.66528,12.849,1,0.424938,4.0387,0,151.716,3.32546,152.004,0.84672,12.849,0.84672,3695.15,0,36.966,0.41764,2.93338,2.09707,5.01049,0.929301,8.69401,0.42336,36.966,0.42336,423.524,0,1.02816,0,0,3.96154,2.93338,1.028160,1,0,160.936,0,0,0,160.936,0
72.29,2.39087,0,0,5.46254,0.220651,2.85103,3.6288,61.308,0.66528,0,0,1.10377,0.208932,0.229557,0.66528,12.849,1,0.424958,2.85103,0,82.2735,3.32546,81.3742,0.84672,12.849,0.84672,3695.15,0,36.966,0.417718,3.1094,2.15868,4.2726,0.929301,8.19366,0.42336,36.966,0.42336,423.524,0,1.02816,0,0,4.13756,3.1094,1.028160,1,0,89.7974,0,0,0,89.7974,0
72.29,2.39098,0,0,7.24572,0.232512,4.62223,3.6288,61.308,0.66528,0,0,1.21675,0.203998,0.347476,0.66528,12.849,1,0.424979,4.62223,0,102.476,3.36561,103.307,0.84672,12.849,0.84672,3695.15,0,36.966,0.417796,3.49999,2.15877,6.07433,0.953657,10.3616,0.42336,36.966,0.42336,423.524,0,1.02816,0,0,4.52815,3.49999,1.028160,1,0,114.016,0,0,0,114.016,0
72.29,2.39109,0,0,8.3682,0.290453,5.68666,3.6288,61.308,0.66528,0,0,1.53775,0.180369,0.692098,0.66528,12.849,1,0.424999,5.68666,0,137.975,3.51423,139.722,0.84672,12.849,0.84672,3695.15,0,36.966,0.417874,4.27511,2.15885,7.0839,1.05124,12.0487,0.42336,36.966,0.42336,423.524,0,1.02816,0,0,5.30327,4.27511,1.028160,1,0,152.463,0,0,0,152.463,0
72.29,2.64949,0,0,4.99624,0.2574,2.08936,3.6288,61.308,0.66528,0,0,0.8964,0.195301,0.0358193,0.66528,12.849,1,0.470926,2.08936,0,157.232,3.28345,155.567,0.84672,12.849,0.84672,3695.15,0,36.966,0.63065,1.8941,2.15894,4.43546,0.929845,6.92801,0.42336,36.966,0.42336,423.524,0,1.02816,0,0,2.92226,1.8941,1.028160,1,0,162.53,0,0,0,162.53,0
72.29,2.64961,0,0,5.15997,0.2574,2.25296,3.6288,61.308,0.66528,0,0,1.03252,0.195301,0.171942,0.66528,12.849,1,0.470948,2.25296,0,81.2722,3.28345,79.7707,0.84672,12.849,0.84672,3695.15,0,36.966,0.630737,2.23453,2.38036,4.27925,0.929845,7.33356,0.42336,36.966,0.42336,423.524,0,1.02816,0,0,3.26269,2.23453,1.028160,1,0,87.2762,0,0,0,87.2762,0
72.29,2.64973,0,0,4.39645,0.279088,1.46762,3.6288,61.308,0.66528,0,0,0.983042,0.183996,0.133766,0.66528,12.849,1,0.47097,1.46762,0,73.9675,3.34911,71.615,0.84672,12.849,0.84672,3695.15,0,36.966,0.630824,2.05193,2.38045,3.75911,0.901095,6.65957,0.42336,36.966,0.42336,423.524,0,1.02816,0,0,3.08009,2.05193,1.028160,1,0,78.4084,0,0,0,78.4084,0
72.29,2.64986,0,0,4.98425,0.307577,2.02682,3.6288,61.308,0.66528,0,0,1.40211,0.198454,0.538374,0.66528,12.849,1,0.470992,2.02682,0,96.6597,3.85782,94.3577,0.84672,12.849,0.84672,3695.15,0,36.966,0.630911,4.61632,2.38055,7.60028,0.97669,12.9895,0.42336,36.966,0.42336,423.524,0,1.02816,0,0,5.64448,4.61632,1.028160,1,0,107.886,0,0,0,107.886,0
72.29,2.28154,0,0,5.84837,0.320159,3.24668,3.6288,61.308,0.630575,0,0,3.49135,0.222885,2.63789,0.66528,12.849,1,0.405526,3.24668,0,235.596,4.10426,234.332,0.84672,12.849,0.84672,3695.15,0,36.966,0.380209,4.86793,2.38064,11.5397,1.02471,17.3833,0.42336,36.966,0.42336,423.524,0,1.02816,0,0,5.89609,4.86793,1.028160,1,0,254.354,0,0,0,254.354,0
72.29,2.28164,0,0,5.4375,0.322435,2.83342,3.6288,61.308,0.630622,0,0,1.77758,0.214652,0.932303,0.66528,12.849,1,0.405545,2.83342,0,195.063,3.96984,193.521,0.84672,12.849,0.84672,3695.15,0,36.966,0.380237,3.52673,2.07884,8.51818,0.985245,12.7583,0.42336,36.966,0.42336,423.524,0,1.02816,0,0,4.55489,3.52673,1.028160,1,0,207.211,0,0,0,207.211,0
72.29,2.28175,0,0,8.02601,0.322435,5.42182,3.6288,61.308,0.630668,0,0,4.14441,0.214652,3.29909,0.66528,12.849,1,0.405564,5.42182,0,197.662,3.96984,198.709,0.84672,12.849,0.84672,3695.15,0,36.966,0.380265,7.68214,2.07893,12.3175,0.985245,20.7131,0.42336,36.966,0.42336,423.524,0,1.02816,0,0,8.7103,7.68214,1.028160,1,0,222.721,0,0,0,222.721,0
72.29,2.28186,0,0,9.64993,0.323234,7.04483,3.6288,61.308,0.630715,0,0,4.4899,0.180588,3.67859,0.66528,12.849,1,0.405584,7.04483,0,200.804,3.81356,203.63,0.84672,12.849,0.84672,3695.15,0,36.966,0.380293,6.50601,2.07901,13.8816,0.928921,21.1574,0.42336,36.966,0.42336,423.524,0,1.02816,0,0,7.53417,6.50601,1.028160,1,0,228.466,0,0,0,228.466,0
72.29,2.28197,0,0,7.24265,0.32011,4.64057,3.6288,61.308,0.630761,0,0,3.5701,0.185558,2.75378,0.66528,12.849,1,0.405603,4.64057,0,165.077,4.40995,164.902,0.84672,12.849,0.84672,3695.15,0,36.966,0.380321,3.97959,2.07909,9.05057,0.945068,13.7839,0.42336,36.966,0.42336,423.524,0,1.02816,0,0,5.00775,3.97959,1.028160,1,0,181.439,0,0,0,181.439,0
72.29,2.37484,0,0,5.48321,0.319412,2.78895,3.6288,61.308,0.66528,0,0,3.40715,0.193956,2.54791,0.66528,12.849,1,0.422111,2.78895,0,128.825,4.54409,126.648,0.84672,12.849,0.84672,3695.15,0,36.966,0.415735,3.68194,2.07917,7.52544,0.960275,11.9105,0.42336,36.966,0.42336,423.524,0,1.02816,0,0,4.7101,3.68194,1.028160,1,0,141.106,0,0,0,141.106,0
72.29,2.37496,0,0,4.55332,0.32562,1.85274,3.6288,61.308,0.66528,0,0,2.91765,0.162485,2.08988,0.66528,12.849,1,0.422131,1.85274,0,95.9291,4.06098,93.2987,0.84672,12.849,0.84672,3695.15,0,36.966,0.415812,3.22375,2.1537,6.52904,0.933412,10.5573,0.42336,36.966,0.42336,423.524,0,1.02816,0,0,4.25191,3.22375,1.028160,1,0,105.946,0,0,0,105.946,0
72.29,2.37507,0,0,3.98193,0.291231,1.31563,3.6288,61.308,0.66528,0,0,2.59465,0.166571,1.7628,0.66528,12.849,1,0.422151,1.31563,0,77.2511,4.01142,74.1332,0.84672,12.849,0.84672,3695.15,0,36.966,0.41589,2.84186,2.15378,5.76495,1.06393,9.28078,0.42336,36.966,0.42336,423.524,0,1.02816,0,0,3.87002,2.84186,1.028160,1,0,85.1767,0,0,0,85.1767,0
72.29,2.37518,0,0,3.60471,0.284603,0.944924,3.6288,61.308,0.66528,0,0,1.73259,0.184534,0.882774,0.66528,12.849,1,0.422171,0.944924,0,67.4905,3.8376,64.1756,0.84672,12.849,0.84672,3695.15,0,36.966,0.415968,1.6949,2.15387,4.12832,1.0684,6.49272,0.42336,36.966,0.42336,423.524,0,1.02816,0,0,2.72306,1.6949,1.028160,1,0,71.5511,0,0,0,71.5511,0
72.29,2.33902,0,0,3.08395,0.279632,0.4653,3.6288,61.308,0.657653,0,0,1.25925,0.198005,0.403596,0.66528,12.849,1,0.415743,0.4653,0,63.4997,3.70724,59.842,0.84672,12.849,0.84672,3695.15,0,36.966,0.396536,1.16497,2.15395,3.37122,1.07175,5.22185,0.42336,36.966,0.42336,423.524,0,1.02816,0,0,2.19313,1.16497,1.028160,1,0,65.4674,0,0,0,65.4674,0
72.0939,2.33913,0,0,2.78555,0.279632,0.36288,3.6288,61.308,0.657701,0,0,1.09985,0.198005,0.244148,0.66528,12.849,1,0.415763,0.36288,0,59.186,3.70724,55.4259,0.84672,12.849,0.84672,3695.15,0,36.966,0.396564,0.765996,2.12507,3.15789,1.07175,4.58063,0.42336,36.966,0.42336,423.524,0,1.02816,0,0,1.79416,0.765996,1.028160,1,0,60.2506,0,0,0,60.2506,0
72.29,2.33828,0,0,3.34725,0.260997,0.551876,3.6288,61.308,0.657748,0,0,1.06279,0.206907,0.198134,0.66528,12.849,1,0.416743,0.551876,0,63.71,4.40901,59.4361,0.84672,12.849,0.84672,3695.15,0,36.966,0.396593,0.836171,2.12515,4.2423,1.09942,5.70761,0.42336,36.966,0.42336,423.524,0,1.02816,0,0,1.86433,0.836171,1.028160,1,0,65.3418,0,0,0,65.3418,0
72.0048,2.33936,0,0,2.64426,0.22722,0.36288,3.6288,61.308,0.657796,0,0,1.00311,0.224839,0.120478,0.66528,12.849,1,0.415803,0.36288,0,49.9237,5.3013,44.5695,0.84672,12.849,0.84672,3695.15,0,36.966,0.396622,0.797844,2.12523,3.14083,1.13809,4.52919,0.42336,36.966,0.42336,423.524,0,1.02816,0,0,1.826,0.797844,1.028160,1,0,49.2192,0,0,0,49.2192,0
71.4967,2.46115,0,0,2.54076,0.224798,0.36288,3.6288,61.2441,0.66528,0,0,0.845078,0.243672,0,0.66528,12.849,1,0.439184,0.36288,0,52.6875,4.74249,47.8687,0.84672,12.849,0.84672,3695.15,0,36.966,0.485465,0.628482,2.12532,2.55259,1.02201,3.79891,0.42336,36.966,0.42336,423.524,0,1.02816,0,0,1.65664,0.628482,1.028160,1,0,51.6676,0,0,0,51.6676,0
70.8661,2.45862,0,0,2.35807,0.167187,0.36288,3.6288,61.0938,0.66528,0,0,0.776105,0.261111,0,0.66528,12.849,1,0.44185,0.36288,0,40.2932,5.04084,35.1734,0.84672,12.849,0.84672,3695.15,0,36.966,0.485545,0.405302,2.22694,2.43363,1.14878,3.43155,0.42336,36.966,0.42336,423.524,0,1.02816,0,0,1.43346,0.405302,1.028160,1,0,38.605,0,0,0,38.605,0
70.146,2.45541,0,0,2.26453,0.166382,0.36288,3.6288,60.9357,0.66528,0,0,0.767966,0.260863,0,0.66528,12.849,1,0.4452,0.36288,0,37.3989,5.04084,32.2758,0.84672,12.849,0.84672,3695.15,0,36.966,0.485626,0.410357,2.22703,2.33549,1.14878,3.33847,0.42336,36.966,0.42336,423.524,0,1.02816,0,0,1.43852,0.410357,1.028160,1,0,35.6142,0,0,0,35.6142,0
69.3102,2.45167,0,0,2.14911,0.1703,0.36288,3.6288,60.7669,0.66528,0,0,0.755819,0.259288,0,0.66528,12.849,1,0.449084,0.36288,0,35.8251,4.95623,30.7826,0.84672,12.849,0.84672,3695.15,0,36.966,0.485706,0.5278,2.22712,2.18621,1.15205,3.30337,0.42336,36.966,0.42336,423.524,0,1.02816,0,0,1.55596,0.5278,1.028160,1,0,34.086,0,0,0,34.086,0
68.6833,2.44721,0,0,2.32035,0.137135,0.36288,3.6288,60.5861,0.66528,0,0,0.773963,0.289449,0,0.66528,12.849,1,0.453674,0.36288,0,30.4331,5.4397,24.9026,0.84672,12.849,0.84672,3695.15,0,36.966,0.485787,0.68199,2.22721,2.28624,1.29499,3.41466,0.42336,36.966,0.42336,423.524,0,1.02816,0,0,1.71015,0.68199,1.028160,1,0,28.3173,0,0,0,28.3173,0
67.915,2.41967,0,0,2.14062,0.126366,0.36288,3.6288,60.3281,0.66528,0,0,0.702683,0.295496,0,0.66528,12.849,1,0.452662,0.36288,0,39.214,5.6049,33.5193,0.84672,12.849,0.84672,3695.15,0,36.966,0.538779,0.687995,2.2273,2.56855,1.31555,3.62951,0.42336,36.966,0.42336,423.524,0,1.02816,0,0,1.71615,0.687995,1.028160,1,0,37.1489,0,0,0,37.1489,0
66.9171,2.41548,0,0,1.90598,0.125609,0.36288,3.6288,60.0017,0.66528,0,0,0.633908,0.295011,0,0.66528,12.849,1,0.45699,0.36288,0,40.1997,5.6049,34.5007,0.84672,12.849,0.84672,3695.15,0,36.966,0.538862,0.576461,2.26289,2.5648,1.31555,3.54974,0.42336,36.966,0.42336,423.524,0,1.02816,0,0,1.60462,0.576461,1.028160,1,0,38.0504,0,0,0,38.0504,0
65.8031,2.40988,0,0,1.78343,0.124625,0.36288,3.6288,59.6472,0.66528,0,0,0.605242,0.294399,0,0.66528,12.849,1,0.46273,0.36288,0,37.5242,5.6049,31.8195,0.84672,12.849,0.84672,3695.15,0,36.966,0.538945,0.540009,2.26298,2.4469,1.31555,3.39539,0.42336,36.966,0.42336,423.524,0,1.02816,0,0,1.56817,0.540009,1.028160,1,0,35.2149,0,0,0,35.2149,0
64.5191,2.40344,0,0,1.5882,0.105916,0.36288,3.6288,59.2032,0.66528,0,0,0.534196,0.31296,0,0.66528,12.849,1,0.469306,0.36288,0,30.9118,5.91392,24.8914,0.84672,12.849,0.84672,3695.15,0,36.966,0.539028,0.314194,2.26307,2.14372,1.44547,2.73649,0.42336,36.966,0.42336,423.524,0,1.02816,0,0,1.34235,0.314194,1.028160,1,0,27.6279,0,0,0,27.6279,0
63.2654,2.45756,0,0,1.65882,0.0920947,0.36288,3.6288,58.8687,0.66528,0,0,0.650494,0.319741,0,0.66528,12.849,1,0.489424,0.36288,0,33.1678,6.07257,26.9687,0.84672,12.849,0.84672,3695.15,0,36.966,0.586275,0.429175,2.26316,2.20813,1.53294,2.78125,0.42336,36.966,0.42336,423.524,0,1.02816,0,0,1.45733,0.429175,1.028160,1,0,29.75,0,0,0,29.75,0
61.8716,2.44962,0,0,1.5099,0.0911637,0.36288,3.6288,58.4208,0.66528,0,0,0.536521,0.319056,0,0.66528,12.849,1,0.497509,0.36288,0,26.7151,6.07257,20.5079,0.84672,12.849,0.84672,3695.15,0,36.966,0.58636,0.46065,2.31357,2.05186,1.53294,2.70678,0.42336,36.966,0.42336,423.524,0,1.02816,0,0,1.48881,0.46065,1.028160,1,0,23.2146,0,0,0,23.2146,0
60.3514,2.44045,0,0,1.37324,0.0901287,0.36288,3.6288,57.9371,0.66528,0,0,0.499656,0.318139,0,0.66528,12.849,1,0.506813,0.36288,0,24.9043,6.07257,18.6878,0.84672,12.849,0.84672,3695.15,0,36.966,0.586445,0.228606,2.31366,1.82861,1.53294,2.2515,0.42336,36.966,0.42336,423.524,0,1.02816,0,0,1.25677,0.228606,1.028160,1,0,20.9393,0,0,0,20.9393,0
58.9717,2.43004,0,0,1.49544,0.0822072,0.36288,3.6288,57.5462,0.66528,0,0,0.589777,0.315386,0,0.66528,12.849,1,0.517363,0.36288,0,25.0222,6.1807,18.687,0.84672,12.849,0.84672,3695.15,0,36.966,0.58653,0.555612,2.31376,2.58554,1.55885,3.30953,0.42336,36.966,0.42336,423.524,0,1.02816,0,0,1.58377,0.555612,1.028160,1,0,21.9966,0,0,0,21.9966,0
56.8908,2.59844,0,0,0.974998,0.0945612,0.36288,3.6288,56.6717,0.936075,0,0,0.383692,0.322161,0,0.66528,12.849,1,0.566158,0.36288,0,16.5234,6.03865,10.2815,0.84672,12.849,0.84672,3695.15,0,36.966,0.756883,0.227405,2.31385,1.62397,1.55821,1.85014,0.42336,36.966,0.42336,423.524,0,0.757365,0,0,0.98477,0.227405,1.028160,1,0,12.1316,0,0,0,12.1316,0
54.8785,2.59499,0,0,1.03823,0.0926607,0.36288,3.6288,56.1162,0.707098,0,0,0.47196,0.320337,0,0.66528,12.849,1,0.586087,0.36288,0,21.0265,6.03865,14.7646,0.84672,12.849,0.84672,3695.15,0,36.966,0.740644,0.227405,2.48616,1.81392,1.55821,2.22864,0.42336,36.966,0.42336,423.524,0,0.986342,0,0,1.21375,0.227405,1.028160,1,0,16.9933,0,0,0,16.9933,0
52.7012,2.57777,0,0,0.854142,0.0908229,0.36288,3.6288,55.0724,1.06833,0,0,0.343722,0.319178,0,0.66528,12.849,1,0.603546,0.36288,0,19.2636,6.03865,12.9842,0.84672,12.849,0.84672,3695.15,0,36.966,0.740644,0.204422,2.47671,1.48569,1.55821,1.86797,0.42336,36.966,0.42336,423.524,0,0.625113,0,0,0.829535,0.204422,1.028160,1,0,14.8522,0,0,0,14.8522,0
50.756,2.55791,0,0,1.0644,0.0888343,0.36288,3.6288,54.6855,0.66528,0,0,0.595432,0.317,0,0.66528,12.849,1,0.623641,0.36288,0,18.7775,6.03865,12.4781,0.84672,12.849,0.84672,3695.15,0,36.966,0.740644,0.611133,2.47675,2.31716,1.55821,3.10619,0.42336,36.966,0.42336,423.524,0,1.02816,0,0,1.63929,0.611133,1.028160,1,0,15.5843,0,0,0,15.5843,0
48.6073,2.53903,0,0,0.83154,0.0783136,0.36288,3.6288,54.441,0.66528,0,0,0.68897,0.268225,0,0.66528,12.849,1,0.642763,0.36288,0,15.2734,4.75974,10.2338,0.84672,12.849,0.84672,3695.15,0,36.966,0.740644,0.53339,2.4768,2.45442,1.19352,3.53044,0.42336,36.966,0.42336,423.524,0,1.02816,0,0,1.56155,0.53339,1.028160,1,0,13.7643,0,0,0,13.7643,0
46.4658,2.43307,0,0,0.724766,0.0702528,0.36288,3.6288,54.1564,0.66528,0,0,0.647723,0.267102,0,0.66528,12.849,1,0.643165,0.36288,0,14.9621,4.76574,9.91604,0.84672,12.849,0.84672,3695.15,0,36.966,0.637276,0.284066,2.47684,2.2712,1.24912,3.14571,0.42336,36.966,0.42336,423.524,0,1.02816,0,0,1.31223,0.284066,1.028160,1,0,13.0617,0,0,0,13.0617,0
44.4585,2.39688,0,0,0.851982,0.099588,0.36288,3.6288,53.9115,0.66528,0,0,0.658075,0.237648,0,0.66528,12.849,1,0.662799,0.36288,0,15.0713,4.35048,10.4209,0.84672,12.849,0.84672,3695.15,0,36.966,0.654064,0.317235,2.3772,2.37184,1.11933,3.29288,0.42336,36.966,0.42336,423.524,0,1.02816,0,0,1.34539,0.317235,1.028160,1,0,13.7137,0,0,0,13.7137,0
43.9491,2.37377,0,0,2.40035,0.17306,0.36288,3.6288,54.6788,0.66528,0,0,1.59756,0.165001,0,0.66528,12.849,1,0.686047,0.36288,0,48.1556,3.31233,44.5201,0.84672,12.849,0.84672,3695.15,0,36.966,0.654152,1.17943,2.38707,6.31316,0.794836,8.43067,0.42336,36.966,0.42336,423.524,0,1.02816,0,0,2.20759,1.17943,1.028160,1,0,52.9507,0,0,0,52.9507,0
43.0159,2.36773,0,0,1.97556,0.178164,0.36288,3.6288,55.1501,0.66528,0,0,1.31269,0.176116,0,0.66528,12.849,1,0.692233,0.36288,0,45.8171,3.4692,42.0185,0.84672,12.849,0.84672,3695.15,0,36.966,0.65424,1.35489,2.38716,4.02173,0.885957,6.22358,0.42336,36.966,0.42336,423.524,0,1.02816,0,0,2.38305,1.35489,1.028160,1,0,48.2421,0,0,0,48.2421,0
43.4486,2.2894,0,0,3.27637,0.191365,0.36288,3.6288,55.9633,0.66528,0,0,1.6809,0.20243,0,0.66528,12.849,1,0.683851,0.36288,0,65.4212,3.86138,61.2389,0.84672,12.849,0.84672,3695.15,0,36.966,0.560221,2.21655,2.38726,8.13214,1.11376,11.062,0.42336,36.966,0.42336,423.524,0,1.02816,0,0,3.24471,2.21655,1.028160,1,0,72.3008,0,0,0,72.3008,0
43.8036,2.29476,0,0,3.20496,0.192321,0.36288,3.6288,56.5788,0.66528,0,0,1.48437,0.203513,0,0.66528,12.849,1,0.678627,0.36288,0,64.5572,3.86138,60.3801,0.84672,12.849,0.84672,3695.15,0,36.966,0.560304,2.17886,2.29837,10.2996,1.11376,13.1027,0.42336,36.966,0.42336,423.524,0,1.02816,0,0,3.20702,2.17886,1.028160,1,0,73.4828,0,0,0,73.4828,0
44.3338,2.29912,0,0,3.38532,0.193105,0.36288,3.6288,58.5277,0.66528,0,0,2.81851,0.204332,0,0.66528,12.849,1,0.674406,0.36288,0,72.5173,3.86138,68.3444,0.84672,12.849,0.84672,3695.15,0,36.966,0.560388,3.39397,2.29846,9.13326,1.11376,13.1515,0.42336,36.966,0.42336,423.524,0,1.02816,0,0,4.42213,3.39397,1.028160,1,0,81.496,0,0,0,81.496,0
44.2847,2.30549,0,0,2.82552,0.206307,0.36288,3.6288,59.8653,0.66528,0,0,2.21435,0.211458,0,0.66528,12.849,1,0.668185,0.36288,0,63.8636,3.50596,60.0523,0.84672,12.849,0.84672,3695.15,0,36.966,0.560472,2.67713,2.29855,11.9228,1.03816,15.2998,0.42336,36.966,0.42336,423.524,0,1.02816,0,0,3.70529,2.67713,1.028160,1,0,75.3521,0,0,0,75.3521,0
45.3149,2.11377,0,0,3.70505,0.198154,0.36288,3.6288,60.4365,0.63667,0,0,1.41146,0.203624,0,0.66528,12.849,1,0.613302,0.36288,0,47.4145,3.75969,43.4044,0.84672,12.849,0.84672,3695.15,0,36.966,0.393135,1.9544,2.29864,7.15046,1.00983,10.0005,0.42336,36.966,0.42336,423.524,0,1.02816,0,0,2.98256,1.9544,1.028160,1,0,53.4049,0,0,0,53.4049,0
46.8225,2.12474,0,0,4.23336,0.238207,0.36288,3.6288,61.1658,0.639022,0,0,1.56186,0.193559,0,0.66528,12.849,1,0.602467,0.36288,0,72.3222,3.74651,68.3362,0.84672,12.849,0.84672,3695.15,0,36.966,0.390858,2.07135,2.10104,7.32525,0.994808,10.112,0.42336,36.966,0.42336,423.524,0,1.02816,0,0,3.09951,2.07135,1.028160,1,0,78.4481,0,0,0,78.4481,0
47.9865,2.14006,0,0,3.90924,0.242244,0.36288,3.6288,61.308,0.641974,0,0,1.48315,0.194456,0.50452,0.66528,12.849,1,0.587275,0.36288,0,55.0444,3.74651,51.0735,0.84672,12.849,0.84672,3695.15,0,36.966,0.387982,1.88257,2.10112,7.02536,0.994808,9.62626,0.42336,36.966,0.42336,423.524,0,1.02816,0,0,2.91073,1.88257,1.028160,1,0,61.2043,0,0,0,61.2043,0
50.2456,2.09845,0,0,4.96536,0.244984,0.36288,3.6288,61.308,0.618315,0,0,1.43467,0.200018,0.616339,0.66528,12.849,1,0.561887,0.36288,0,61.9724,3.91188,57.8615,0.84672,12.849,0.84672,3695.15,0,36.966,0.372816,1.94632,2.1012,6.93153,1.04615,9.56009,0.42336,36.966,0.42336,423.524,0,1.02816,0,0,2.97448,1.94632,1.028160,1,0,68.0379,0,0,0,68.0379,0
51.5989,2.17213,0,0,4.12524,0.236882,0.36288,3.6288,61.308,0.642629,0,0,0.903469,0.226238,0.0346023,0.66528,12.849,1,0.555466,0.36288,0,59.4592,4.32495,54.9416,0.84672,12.849,0.84672,3695.15,0,36.966,0.387477,1.38919,2.05865,6.63097,1.20879,8.48254,0.42336,36.966,0.42336,423.524,0,1.02816,0,0,2.41735,1.38919,1.028160,1,0,63.4588,0,0,0,63.4588,0
52.8611,2.20446,0,0,4.06086,0.231282,0.36288,3.6288,61.308,0.65304,0,0,1.02458,0.221663,0.14988,0.66528,12.849,1,0.548949,0.36288,0,74.6841,3.89057,70.6074,0.84672,12.849,0.84672,3695.15,0,36.966,0.393754,0.737916,2.10137,7.34806,1.09974,8.69385,0.42336,36.966,0.42336,423.524,0,1.02816,0,0,1.76608,0.737916,1.028160,1,0,79.4512,0,0,0,79.4512,0
53.6775,1.9923,0,0,3.40582,0.234317,0.36288,3.6288,61.308,0.552861,0,0,1.22984,0.221663,0.45532,0.66528,12.849,1,0.48427,0.36288,0,75.5643,3.89057,71.5524,0.84672,12.849,0.84672,3695.15,0,36.966,0.33335,1.2213,2.1191,6.49732,1.09974,8.40463,0.42336,36.966,0.42336,423.524,0,1.02816,0,0,2.24946,1.2213,1.028160,1,0,80.4123,0,0,0,80.4123,0
53.8176,1.99833,0,0,2.73763,0.236281,0.36288,3.6288,61.308,0.552898,0,0,1.07136,0.221663,0.296799,0.66528,12.849,1,0.478348,0.36288,0,43.6971,3.89057,39.6911,0.84672,12.849,0.84672,3695.15,0,36.966,0.333373,0.985755,1.94315,5.20708,1.09974,6.70287,0.42336,36.966,0.42336,423.524,0,1.02816,0,0,2.01391,0.985755,1.028160,1,0,46.6908,0,0,0,46.6908,0
53.4969,1.99942,0,0,2.30127,0.259635,0.36288,3.6288,61.062,0.730969,0,0,0.6838,0.198801,0,0.66528,12.849,1,0.477362,0.36288,0,47.6169,3.68785,43.8146,0.84672,12.849,0.84672,3695.15,0,36.966,0.440742,0.503194,1.94322,6.0148,1.01804,7.00242,0.42336,36.966,0.42336,423.524,0,0.74278,0,0,1.24597,0.503194,1.028160,1,0,50.817,0,0,0,50.817,0
53.6987,2.21578,0,0,3.02348,0.243096,0.36288,3.6288,61.2374,0.66528,0,0,1.02715,0.186517,0,0.66528,12.849,1,0.532189,0.36288,0,59.9492,3.35382,56.4261,0.84672,12.849,0.84672,3695.15,0,36.966,0.410664,1.44263,1.94328,6.60303,0.924876,8.65341,0.42336,36.966,0.42336,423.524,0,1.02816,0,0,2.47079,1.44263,1.028160,1,0,65.0795,0,0,0,65.0795,0
54.2286,2.21748,0,0,3.36893,0.258607,0.36288,3.6288,61.308,0.66528,0,0,1.00077,0.185732,0.0791409,0.66528,12.849,1,0.530598,0.36288,0,63.2517,3.65547,59.4285,0.84672,12.849,0.84672,3695.15,0,36.966,0.410731,1.97845,2.1406,7.10035,1.02307,9.7856,0.42336,36.966,0.42336,423.524,0,1.02816,0,0,3.00661,1.97845,1.028160,1,0,69.2933,0,0,0,69.2933,0
55.8507,2.22176,0,0,4.46677,0.260002,0.36288,3.6288,61.308,0.66528,0,0,0.956059,0.185815,0.104964,0.66528,12.849,1,0.526427,0.36288,0,88.5821,3.65547,84.7631,0.84672,12.849,0.84672,3695.15,0,36.966,0.410797,2.31987,2.14067,8.00868,1.02307,11.0354,0.42336,36.966,0.42336,423.524,0,1.02816,0,0,3.34803,2.31987,1.028160,1,0,95.9034,0,0,0,95.9034,0
56.9565,2.23428,0,0,3.97177,0.268814,0.36288,3.6288,61.308,0.66528,0,0,1.25378,0.176013,0.412483,0.66528,12.849,1,0.514018,0.36288,0,76.9859,3.51902,73.3157,0.84672,12.849,0.84672,3695.15,0,36.966,0.410864,2.07562,2.14074,8.17223,0.987337,10.9904,0.42336,36.966,0.42336,423.524,0,1.02816,0,0,3.10378,2.07562,1.028160,1,0,84.7186,0,0,0,84.7186,0
59.3612,1.92699,0,0,4.99389,0.299336,0.36288,3.6288,61.308,0.512671,0,0,2.07471,0.1172,1.44484,0.66528,12.849,1,0.434715,0.36288,0,79.2158,2.70028,76.4437,0.84672,12.849,0.84672,3695.15,0,36.966,0.309118,2.02358,2.14082,9.12393,0.772964,12.2062,0.42336,36.966,0.42336,423.524,0,1.02816,0,0,3.05174,2.02358,1.028160,1,0,90.0948,0,0,0,90.0948,0
61.3194,1.94155,0,0,4.56904,0.306426,0.36288,3.6288,61.308,0.512706,0,0,1.97668,0.1172,1.34677,0.66528,12.849,1,0.420256,0.36288,0,78.0097,2.70028,75.252,0.84672,12.849,0.84672,3695.15,0,36.966,0.309139,1.92513,1.87185,8.73988,0.772964,11.4548,0.42336,36.966,0.42336,423.524,0,1.02816,0,0,2.95329,1.92513,1.028160,1,0,88.0536,0,0,0,88.0536,0
66.4751,1.95272,0,0,7.78315,0.311828,0.36288,3.6288,61.308,0.512742,0,0,3.11069,0.1172,2.48075,0.66528,12.849,1,0.409178,0.36288,0,142.313,2.70028,139.566,0.84672,12.849,0.84672,3695.15,0,36.966,0.309161,3.70621,1.87192,15.4703,0.772964,19.9663,0.42336,36.966,0.42336,423.524,0,1.02816,0,0,4.73437,3.70621,1.028160,1,0,162.013,0,0,0,162.013,0
71.5491,1.9794,0,0,7.72379,0.30749,0.36288,3.6288,61.308,0.512778,0,0,3.99272,0.122312,3.35763,0.66528,12.849,1,0.382599,0.36288,0,140.603,3.10179,137.482,0.84672,12.849,0.84672,3695.15,0,36.966,0.309182,5.39365,1.87198,25.8442,0.840723,31.96,0.42336,36.966,0.42336,423.524,0,1.02816,0,0,6.42181,5.39365,1.028160,1,0,172.799,0,0,0,172.799,0
72.29,2.00249,0,0,8.67836,0.320323,5.61469,3.6288,61.308,0.512813,0,0,4.19894,0.155994,3.53013,0.66528,12.849,1,0.359612,5.61469,0,176.26,3.92848,177.587,0.84672,12.849,0.84672,3695.15,0,36.966,0.309204,4.47597,1.87204,17.4877,0.90498,22.6215,0.42336,36.966,0.42336,423.524,0,1.02816,0,0,5.50413,4.47597,1.028160,1,0,203.739,0,0,0,203.739,0
72.29,2.38051,0,0,8.18597,0.319922,5.48554,3.6288,61.308,0.66528,0,0,4.88713,0.163722,4.05813,0.66528,12.849,1,0.423117,5.48554,0,167.696,4.07767,168.681,0.84672,12.849,0.84672,3695.15,0,36.966,0.419623,5.63402,1.8721,20.2255,0.901588,26.4105,0.42336,36.966,0.42336,423.524,0,1.02816,0,0,6.66218,5.63402,1.028160,1,0,199.15,0,0,0,199.15,0
72.29,2.38061,0,0,5.97079,0.31414,3.27605,3.6288,61.308,0.66528,0,0,3.39984,0.147922,2.58664,0.66528,12.849,1,0.423135,3.27605,0,150.097,3.646,149.304,0.84672,12.849,0.84672,3695.15,0,36.966,0.41969,3.91831,2.15795,13.3228,0.8412,18.1382,0.42336,36.966,0.42336,423.524,0,1.02816,0,0,4.94647,3.91831,1.028160,1,0,170.028,0,0,0,170.028,0
72.29,2.3807,0,0,5.32345,0.263114,2.67963,3.6288,61.308,0.66528,0,0,2.73299,0.14789,1.91982,0.66528,12.849,1,0.423152,2.67963,0,117.583,3.07647,116.763,0.84672,12.849,0.84672,3695.15,0,36.966,0.419756,3.37954,2.15802,11.268,0.832804,15.553,0.42336,36.966,0.42336,423.524,0,1.02816,0,0,4.4077,3.37954,1.028160,1,0,134.236,0,0,0,134.236,0
72.29,2.3808,0,0,4.3649,0.242638,1.74146,3.6288,61.308,0.66528,0,0,1.86023,0.192969,1.00198,0.66528,12.849,1,0.423169,1.74146,0,97.2726,3.91092,94.6799,0.84672,12.849,0.84672,3695.15,0,36.966,0.419823,2.25851,2.1581,7.66999,0.983125,10.6837,0.42336,36.966,0.42336,423.524,0,1.02816,0,0,3.28667,2.25851,1.028160,1,0,106.366,0,0,0,106.366,0
72.29,2.34454,0,0,3.81346,0.229939,1.23898,3.6288,61.308,0.660016,0,0,0.89367,0.220886,0.0127679,0.66528,12.849,1,0.416725,1.23898,0,81.4398,4.57874,77.6833,0.84672,12.849,0.84672,3695.15,0,36.966,0.39796,1.30903,2.15817,6.20041,1.04551,8.22414,0.42336,36.966,0.42336,423.524,0,1.02816,0,0,2.33719,1.30903,1.028160,1,0,85.9202,0,0,0,85.9202,0
72.29,2.34464,0,0,3.60194,0.229939,1.02736,3.6288,61.308,0.660057,0,0,0.895752,0.220886,0.014809,0.66528,12.849,1,0.416742,1.02736,0,75.7097,4.57874,71.7416,0.84672,12.849,0.84672,3695.15,0,36.966,0.397985,1.20864,2.12921,5.86053,1.04551,7.75489,0.42336,36.966,0.42336,423.524,0,1.02816,0,0,2.2368,1.20864,1.028160,1,0,79.5113,0,0,0,79.5113,0
72.29,2.34474,0,0,3.41376,0.229939,0.839083,3.6288,61.308,0.660098,0,0,1.09219,0.220886,0.211207,0.66528,12.849,1,0.416759,0.839083,0,71.1927,4.57874,67.0363,0.84672,12.849,0.84672,3695.15,0,36.966,0.39801,1.6587,2.12928,6.88211,1.04551,9.22657,0.42336,36.966,0.42336,423.524,0,1.02816,0,0,2.68686,1.6587,1.028160,1,0,76.4741,0,0,0,76.4741,0
72.29,2.34483,0,0,3.1611,0.24125,0.575017,3.6288,61.308,0.660139,0,0,0.921534,0.168314,0.0930806,0.66528,12.849,1,0.416776,0.575017,0,63.4681,4.10095,59.5253,0.84672,12.849,0.84672,3695.15,0,36.966,0.398034,1.26327,2.12935,6.04592,0.855422,8.18509,0.42336,36.966,0.42336,423.524,0,1.02816,0,0,2.29143,1.26327,1.028160,1,0,67.8035,0,0,0,67.8035,0
72.2261,2.46834,0,0,2.96266,0.195342,0.36288,3.6288,61.308,0.66528,0,0,0.87321,0.196968,0.0109623,0.66528,12.849,1,0.43873,0.36288,0,53.8381,4.33437,49.4279,0.84672,12.849,0.84672,3695.15,0,36.966,0.489412,0.878377,2.12943,4.97708,0.963644,6.53183,0.42336,36.966,0.42336,423.524,0,1.02816,0,0,1.90654,0.878377,1.028160,1,0,55.9707,0,0,0,55.9707,0
71.8429,2.46812,0,0,2.5962,0.148436,0.36288,3.6288,61.1475,0.66528,0,0,0.694993,0.190222,0,0.66528,12.849,1,0.439077,0.36288,0,46.6045,4.14435,42.384,0.84672,12.849,0.84672,3695.15,0,36.966,0.489481,0.845675,2.23126,4.54751,0.926425,6.20853,0.42336,36.966,0.42336,423.524,0,1.02816,0,0,1.87383,0.845675,1.028160,1,0,48.5925,0,0,0,48.5925,0
71.3578,2.46623,0,0,2.48448,0.140419,0.36288,3.6288,61.0212,0.66528,0,0,0.730754,0.191812,0,0.66528,12.849,1,0.441082,0.36288,0,43.788,4.19853,39.5112,0.84672,12.849,0.84672,3695.15,0,36.966,0.489551,0.835186,2.23133,4.73759,0.916395,6.39816,0.42336,36.966,0.42336,423.524,0,1.02816,0,0,1.86335,0.835186,1.028160,1,0,45.9094,0,0,0,45.9094,0
70.7647,2.46379,0,0,2.37348,0.1399,0.36288,3.6288,60.898,0.66528,0,0,0.73383,0.191659,0,0.66528,12.849,1,0.443641,0.36288,0,41.1411,4.19853,36.8618,0.84672,12.849,0.84672,3695.15,0,36.966,0.48962,0.753097,2.23141,4.55551,0.916395,6.134,0.42336,36.966,0.42336,423.524,0,1.02816,0,0,1.78126,0.753097,1.028160,1,0,42.9958,0,0,0,42.9958,0
70.2646,2.46074,0,0,2.44356,0.120009,0.36288,3.6288,60.6382,0.66528,0,0,0.634019,0.228614,0,0.66528,12.849,1,0.446806,0.36288,0,47.3166,4.5802,42.6525,0.84672,12.849,0.84672,3695.15,0,36.966,0.489689,0.504498,2.23148,3.5775,1.07105,4.75274,0.42336,36.966,0.42336,423.524,0,1.02816,0,0,1.53266,0.504498,1.028160,1,0,47.4052,0,0,0,47.4052,0
69.711,2.43385,0,0,2.35497,0.111875,0.36288,3.6288,60.3231,0.66528,0,0,0.593228,0.243055,0,0.66528,12.849,1,0.445068,0.36288,0,49.6489,4.73287,44.8338,0.84672,12.849,0.84672,3695.15,0,36.966,0.54278,0.346905,2.23156,3.38942,1.13291,4.29219,0.42336,36.966,0.42336,423.524,0,1.02816,0,0,1.37506,0.346905,1.028160,1,0,49.126,0,0,0,49.126,0
68.939,2.43096,0,0,2.13327,0.111397,0.36288,3.6288,59.9821,0.66528,0,0,0.566873,0.242569,0,0.66528,12.849,1,0.44807,0.36288,0,48.7922,4.73287,43.9742,0.84672,12.849,0.84672,3695.15,0,36.966,0.542852,0.27858,2.26721,3.20202,1.13291,4.07204,0.42336,36.966,0.42336,423.524,0,1.02816,0,0,1.30674,0.27858,1.028160,1,0,48.0462,0,0,0,48.0462,0
67.9856,2.42683,0,0,1.94236,0.106093,0.36288,3.6288,59.4925,0.772805,0,0,0.536096,0.25292,0,0.66528,12.849,1,0.452318,0.36288,0,42.9514,4.87403,37.988,0.84672,12.849,0.84672,3695.15,0,36.966,0.542923,0.261274,2.26729,3.1078,1.18444,3.909,0.42336,36.966,0.42336,423.524,0,0.920635,0,0,1.18191,0.261274,1.028160,1,0,41.897,0,0,0,41.897,0
67.0132,2.4216,0,0,1.89589,0.0838144,0.36288,3.6288,59.0647,0.66528,0,0,0.537869,0.300316,0,0.66528,12.849,1,0.457672,0.36288,0,39.6524,5.38649,34.1711,0.84672,12.849,0.84672,3695.15,0,36.966,0.542995,0.262354,2.26737,3.14726,1.37839,3.75559,0.42336,36.966,0.42336,423.524,0,1.02816,0,0,1.29051,0.262354,1.028160,1,0,37.9267,0,0,0,37.9267,0
65.9668,2.47843,0,0,1.87546,0.0805038,0.36288,3.6288,58.5785,0.785929,0,0,0.605631,0.305976,0,0.66528,12.849,1,0.475211,0.36288,0,38.0425,5.38192,32.5483,0.84672,12.849,0.84672,3695.15,0,36.966,0.590327,0.261274,2.26744,3.31614,1.32958,3.92494,0.42336,36.966,0.42336,423.524,0,0.907511,0,0,1.16878,0.261274,1.028160,1,0,36.4732,0,0,0,36.4732,0
64.8484,2.47222,0,0,1.78857,0.0718813,0.36288,3.6288,58.1214,0.66528,0,0,0.543123,0.334942,0,0.66528,12.849,1,0.481539,0.36288,0,36.3572,5.94342,30.2951,0.84672,12.849,0.84672,3695.15,0,36.966,0.5904,0.345635,2.31795,2.79495,1.49854,3.3696,0.42336,36.966,0.42336,423.524,0,1.02816,0,0,1.37379,0.345635,1.028160,1,0,33.6647,0,0,0,33.6647,0
63.976,2.46539,0,0,2.02707,0.0712406,0.36288,3.6288,57.7689,0.66528,0,0,0.646734,0.333957,0,0.66528,12.849,1,0.48849,0.36288,0,40.1109,5.94342,34.0419,0.84672,12.849,0.84672,3695.15,0,36.966,0.590473,0.316639,2.31803,3.21548,1.49854,3.76113,0.42336,36.966,0.42336,423.524,0,1.02816,0,0,1.3448,0.316639,1.028160,1,0,37.803,0,0,0,37.803,0
62.8611,2.45995,0,0,1.77868,0.0707408,0.36288,3.6288,57.2315,0.732914,0,0,0.528771,0.333198,0,0.66528,12.849,1,0.494058,0.36288,0,41.1991,5.94342,35.1245,0.84672,12.849,0.84672,3695.15,0,36.966,0.590546,0.227405,2.31811,2.97581,1.49854,3.43224,0.42336,36.966,0.42336,423.524,0,0.960526,0,0,1.18793,0.227405,1.028160,1,0,38.5567,0,0,0,38.5567,0
61.6267,2.63335,0,0,1.82461,0.0627361,0.36288,3.6288,56.4478,1.05101,0,0,0.609703,0.342398,0,0.66528,12.849,1,0.538264,0.36288,0,37.5004,5.72418,31.6008,0.84672,12.849,0.84672,3695.15,0,36.966,0.761232,0.227405,2.31819,2.29649,1.45048,2.63037,0.42336,36.966,0.42336,423.524,0,0.642427,0,0,0.869832,0.227405,1.028160,1,0,34.2312,0,0,0,34.2312,0
60.3033,2.62453,0,0,1.74264,0.0786162,0.36288,3.6288,55.7964,0.940663,0,0,0.603412,0.31412,0,0.66528,12.849,1,0.547208,0.36288,0,34.6719,5.68175,28.8058,0.84672,12.849,0.84672,3695.15,0,36.966,0.761312,0.227405,2.49084,2.51222,1.47385,2.9953,0.42336,36.966,0.42336,423.524,0,0.752777,0,0,0.980182,0.227405,1.028160,1,0,31.8011,0,0,0,31.8011,0
58.8839,2.61474,0,0,1.63144,0.073302,0.36288,3.6288,55.4097,0.66528,0,0,0.593776,0.315285,0,0.66528,12.849,1,0.55713,0.36288,0,34.9416,5.75652,28.9909,0.84672,12.849,0.84672,3695.15,0,36.966,0.761391,0.264565,2.49093,2.3887,1.48879,2.89401,0.42336,36.966,0.42336,423.524,0,1.02816,0,0,1.29273,0.264565,1.028160,1,0,31.8849,0,0,0,31.8849,0
57.4113,2.60382,0,0,1.5664,0.0723098,0.36288,3.6288,55.0151,0.66528,0,0,0.585223,0.314486,0,0.66528,12.849,1,0.568177,0.36288,0,32.9542,5.75652,26.9924,0.84672,12.849,0.84672,3695.15,0,36.966,0.76147,0.241341,2.49101,2.35452,1.48879,2.83661,0.42336,36.966,0.42336,423.524,0,1.02816,0,0,1.2695,0.241341,1.028160,1,0,29.829,0,0,0,29.829,0
56.7938,2.59202,0,0,2.36762,0.0301855,0.36288,3.6288,54.5947,0.69762,0,0,0.604122,0.326914,0,0.66528,12.849,1,0.58011,0.36288,0,41.7291,5.5143,35.9976,0.84672,12.849,0.84672,3695.15,0,36.966,0.76155,0.204422,2.4911,2.87437,1.49464,3.3137,0.42336,36.966,0.42336,423.524,0,0.99582,0,0,1.20024,0.204422,1.028160,1,0,39.3113,0,0,0,39.3113,0
56.6056,2.50052,0,0,2.75538,0.0802037,0.36288,3.6288,54.1805,0.78249,0,0,0.642064,0.273724,0,0.66528,12.849,1,0.565717,0.36288,0,44.6385,3.74248,40.6932,0.84672,12.849,0.84672,3695.15,0,36.966,0.658055,0.204422,2.49118,3.05814,1.09414,4.00155,0.42336,36.966,0.42336,423.524,0,0.91095,0,0,1.11537,0.204422,1.028160,1,0,44.6947,0,0,0,44.6947,0
56.7486,2.49909,0,0,3.13629,0.131256,0.36288,3.6288,54.1889,0.66528,0,0,0.92848,0.254894,0,0.66528,12.849,1,0.567273,0.36288,0,43.9703,3.22035,40.5456,0.84672,12.849,0.84672,3695.15,0,36.966,0.658131,0.48492,2.39138,4.26737,0.997417,5.48812,0.42336,36.966,0.42336,423.524,0,1.02816,0,0,1.51308,0.48492,1.028160,1,0,46.0337,0,0,0,46.0337,0
56.7394,2.50036,0,0,2.98547,0.131442,0.36288,3.6288,54.1721,0.66528,0,0,0.903398,0.254908,0,0.66528,12.849,1,0.56613,0.36288,0,55.9718,3.22035,52.5482,0.84672,12.849,0.84672,3695.15,0,36.966,0.658206,0.390709,2.39146,4.22485,0.997417,5.35139,0.42336,36.966,0.42336,423.524,0,1.02816,0,0,1.41887,0.390709,1.028160,1,0,57.8996,0,0,0,57.8996,0
58.2089,2.50038,0,0,4.46056,0.127869,0.36288,3.6288,54.6655,0.66528,0,0,1.41306,0.254336,0,0.66528,12.849,1,0.566228,0.36288,0,88.8373,3.59073,85.0433,0.84672,12.849,0.84672,3695.15,0,36.966,0.658282,1.10986,2.39154,6.33911,1.03951,8.14271,0.42336,36.966,0.42336,423.524,0,1.02816,0,0,2.13802,1.10986,1.028160,1,0,93.186,0,0,0,93.186,0
61.9198,2.4409,0,0,6.65221,0.137474,0.36288,3.6288,56.3505,0.66528,0,0,2.5837,0.233405,0,0.66528,12.849,1,0.538803,0.36288,0,148.001,5.37618,142.449,0.84672,12.849,0.84672,3695.15,0,36.966,0.564065,2.72138,2.39162,10.6939,1.19337,14.0495,0.42336,36.966,0.42336,423.524,0,1.02816,0,0,3.74954,2.72138,1.028160,1,0,156.498,0,0,0,156.498,0
65.3807,2.46774,0,0,6.5097,0.218242,0.36288,3.6288,57.1539,0.66528,0,0,1.65797,0.189263,0,0.66528,12.849,1,0.512082,0.36288,0,136.392,4.28411,131.959,0.84672,12.849,0.84672,3695.15,0,36.966,0.564137,1.56482,2.30254,8.73927,0.946527,11.096,0.42336,36.966,0.42336,423.524,0,1.02816,0,0,2.59298,1.56482,1.028160,1,0,143.055,0,0,0,143.055,0
70.1847,2.4905,0,0,7.88184,0.224463,0.36288,3.6288,58.4458,0.66528,0,0,2.14742,0.190255,0,0.66528,12.849,1,0.489448,0.36288,0,163.839,4.28411,159.429,0.84672,12.849,0.84672,3695.15,0,36.966,0.56421,2.23325,2.30262,9.37241,0.946527,12.3975,0.42336,36.966,0.42336,423.524,0,1.02816,0,0,3.26141,2.23325,1.028160,1,0,171.826,0,0,0,171.826,0
72.29,2.51892,0,0,6.22327,0.236953,1.36205,3.6288,59.3825,0.66528,0,0,1.79138,0.189413,0,0.66528,12.849,1,0.461149,1.36205,0,146.343,4.32975,142.915,0.84672,12.849,0.84672,3695.15,0,36.966,0.564282,1.79874,2.3027,9.7651,0.945871,12.3564,0.42336,36.966,0.42336,423.524,0,1.02816,0,0,2.8269,1.79874,1.028160,1,0,155.271,0,0,0,155.271,0
72.29,2.32052,0,0,8.86768,0.238987,6.30818,3.6288,61.308,0.636806,0,0,3.80055,0.176808,1.06146,0.66528,12.849,1,0.412454,6.30818,0,192.724,3.996,194.624,0.84672,12.849,0.84672,3695.15,0,36.966,0.396416,3.00516,2.30278,12.178,1.02078,16.0687,0.42336,36.966,0.42336,423.524,0,1.02816,0,0,4.03332,3.00516,1.028160,1,0,211.754,0,0,0,211.754,0
72.29,2.32061,0,0,8.02198,0.25102,5.45035,3.6288,61.308,0.644613,0,0,3.60524,0.184225,2.7764,0.66528,12.849,1,0.412471,5.45035,0,233.241,3.71816,234.561,0.84672,12.849,0.84672,3695.15,0,36.966,0.388673,2.95154,2.10478,12.9862,1.00198,16.6519,0.42336,36.966,0.42336,423.524,0,1.02816,0,0,3.9797,2.95154,1.028160,1,0,253.989,0,0,0,253.989,0
72.29,2.32071,0,0,7.78075,0.25102,5.20902,3.6288,61.308,0.644654,0,0,3.32586,0.184225,2.49699,0.66528,12.849,1,0.412488,5.20902,0,218.635,3.71816,219.714,0.84672,12.849,0.84672,3695.15,0,36.966,0.388697,2.67843,2.10485,11.278,1.00198,14.6706,0.42336,36.966,0.42336,423.524,0,1.02816,0,0,3.70659,2.67843,1.028160,1,0,236.881,0,0,0,236.881,0
72.29,2.3208,0,0,8.27349,0.25102,5.70167,3.6288,61.308,0.644694,0,0,3.1629,0.184225,2.33398,0.66528,12.849,1,0.412505,5.70167,0,231.066,3.71816,232.637,0.84672,12.849,0.84672,3695.15,0,36.966,0.388722,2.33715,2.10492,8.60138,1.00198,11.6528,0.42336,36.966,0.42336,423.524,0,1.02816,0,0,3.36531,2.33715,1.028160,1,0,246.624,0,0,0,246.624,0
72.29,2.3209,0,0,6.93887,0.267493,4.35048,3.6288,61.308,0.644735,0,0,2.13215,0.198458,1.28896,0.66528,12.849,1,0.412522,4.35048,0,157.715,4.06033,157.593,0.84672,12.849,0.84672,3695.15,0,36.966,0.388746,1.80022,2.105,6.35844,1.17385,8.70106,0.42336,36.966,0.42336,423.524,0,1.02816,0,0,2.82838,1.80022,1.028160,1,0,167.583,0,0,0,167.583,0
72.29,2.40174,0,0,6.98255,0.289456,4.29135,3.6288,61.308,0.66528,0,0,1.61797,0.217437,0.735253,0.66528,12.849,1,0.426891,4.29135,0,87.6787,4.51657,87.0266,0.84672,12.849,0.84672,3695.15,0,36.966,0.425148,2.32719,2.10507,5.7436,1.40301,8.3477,0.42336,36.966,0.42336,423.524,0,1.02816,0,0,3.35535,2.32719,1.028160,1,0,96.1096,0,0,0,96.1096,0
72.29,2.40182,0,0,5.28746,0.289456,2.59617,3.6288,61.308,0.66528,0,0,1.25918,0.217437,0.376459,0.66528,12.849,1,0.426906,2.59617,0,104.717,4.51657,102.369,0.84672,12.849,0.84672,3695.15,0,36.966,0.425204,1.65831,2.16691,5.09666,1.40301,7.09366,0.42336,36.966,0.42336,423.524,0,1.02816,0,0,2.68647,1.65831,1.028160,1,0,109.84,0,0,0,109.84,0
72.29,2.40191,0,0,4.96791,0.283564,2.28243,3.6288,61.308,0.66528,0,0,1.15309,0.215005,0.27281,0.66528,12.849,1,0.426921,2.28243,0,79.323,4.50068,76.6778,0.84672,12.849,0.84672,3695.15,0,36.966,0.42526,1.42251,2.16697,5.47753,1.37559,7.26615,0.42336,36.966,0.42336,423.524,0,1.02816,0,0,2.45067,1.42251,1.028160,1,0,84.2168,0,0,0,84.2168,0
72.29,2.40199,0,0,4.426,0.255524,1.76848,3.6288,61.308,0.66528,0,0,1.10659,0.225683,0.215631,0.66528,12.849,1,0.426935,1.76848,0,115.234,4.09493,112.481,0.84672,12.849,0.84672,3695.15,0,36.966,0.425316,1.3609,2.16703,4.74611,1.08698,6.76175,0.42336,36.966,0.42336,423.524,0,1.02816,0,0,2.38906,1.3609,1.028160,1,0,119.458,0,0,0,119.458,0
72.29,2.66141,0,0,4.68958,0.25298,1.7752,3.6288,61.308,0.66528,0,0,1.13617,0.189184,0.281704,0.66528,12.849,1,0.473045,1.7752,0,91.3291,3.54322,89.088,0.84672,12.849,0.84672,3695.15,0,36.966,0.638944,1.3318,2.16709,3.81253,0.946826,5.72566,0.42336,36.966,0.42336,423.524,0,1.02816,0,0,2.35996,1.3318,1.028160,1,0,95.0954,0,0,0,95.0954,0
72.29,2.6615,0,0,6.02415,0.25298,3.10967,3.6288,61.308,0.66528,0,0,0.916315,0.189184,0.061851,0.66528,12.849,1,0.473061,3.10967,0,141.644,3.54322,140.738,0.84672,12.849,0.84672,3695.15,0,36.966,0.639007,2.52164,2.3894,4.58406,0.946826,7.90926,0.42336,36.966,0.42336,423.524,0,1.02816,0,0,3.5498,2.52164,1.028160,1,0,148.709,0,0,0,148.709,0
72.29,2.66159,0,0,5.49506,0.301435,2.53203,3.6288,61.308,0.66528,0,0,0.885911,0.173432,0.0471988,0.66528,12.849,1,0.473077,2.53203,0,120.953,3.65566,119.356,0.84672,12.849,0.84672,3695.15,0,36.966,0.639069,2.83656,2.38946,3.92348,0.899604,7.61082,0.42336,36.966,0.42336,423.524,0,1.02816,0,0,3.86472,2.83656,1.028160,1,0,127.014,0,0,0,127.014,0
72.29,2.66168,0,0,8.85426,0.339131,5.85345,3.6288,61.2055,0.66528,0,0,0.773617,0.210812,0,0.66528,12.849,1,0.473093,5.85345,0,176.145,3.56433,177.961,0.84672,12.849,0.84672,3695.15,0,36.966,0.639132,2.32076,2.38953,4.54017,0.951689,7.65964,0.42336,36.966,0.42336,423.524,0,1.02816,0,0,3.34892,2.32076,1.028160,1,0,185.621,0,0,0,185.621,0
72.29,2.29183,0,0,3.73972,0.327435,1.12046,3.6288,61.2341,0.634567,0,0,0.825656,0.162465,0,0.66528,12.849,1,0.407355,1.12046,0,84.3834,2.91585,82.1807,0.84672,12.849,0.84672,3695.15,0,36.966,0.383257,1.38741,2.3896,6.44259,0.771741,9.0646,0.42336,36.966,0.42336,423.524,0,1.02816,0,0,2.41557,1.38741,1.028160,1,0,91.2453,0,0,0,91.2453,0
72.29,2.2919,0,0,5.72379,0.327435,3.10445,3.6288,61.308,0.634713,0,0,1.06377,0.162494,0.192716,0.66528,12.849,1,0.407369,3.10445,0,94.4905,2.91585,94.2717,0.84672,12.849,0.84672,3695.15,0,36.966,0.383165,2.16127,2.08655,7.13485,0.771741,10.2278,0.42336,36.966,0.42336,423.524,0,1.02816,0,0,3.18943,2.16127,1.028160,1,0,104.692,0,0,0,104.692,0
72.29,2.29198,0,0,4.65466,0.327435,2.03524,3.6288,61.2216,0.635034,0,0,0.71118,0.16257,0,0.66528,12.849,1,0.407383,2.03524,0,84.4318,2.91585,83.1438,0.84672,12.849,0.84672,3695.15,0,36.966,0.382898,1.00479,2.08661,4.99487,0.771741,6.93163,0.42336,36.966,0.42336,423.524,0,1.02816,0,0,2.03295,1.00479,1.028160,1,0,90.0755,0,0,0,90.0755,0
72.29,2.29206,0,0,3.2658,0.327435,0.646301,3.6288,60.9632,0.634731,0,0,0.538865,0.162481,0,0.66528,12.849,1,0.407397,0.646301,0,82.2122,2.91585,79.5352,0.84672,12.849,0.84672,3695.15,0,36.966,0.383255,0.731117,2.08667,4.51094,0.771741,6.17374,0.42336,36.966,0.42336,423.524,0,1.02816,0,0,1.75928,0.731117,1.028160,1,0,85.709,0,0,0,85.709,0
72.29,2.29214,0,0,5.63534,0.314656,3.02855,3.6288,60.9601,0.633753,0,0,0.792464,0.161814,0,0.66528,12.849,1,0.407411,3.02855,0,112.786,3.15823,112.249,0.84672,12.849,0.84672,3695.15,0,36.966,0.384286,1.47756,2.08673,5.86062,0.751934,8.2887,0.42336,36.966,0.42336,423.524,0,1.02816,0,0,2.50572,1.47756,1.028160,1,0,120.537,0,0,0,120.537,0
72.29,2.38535,0,0,7.90759,0.324896,5.19734,3.6288,61.2753,0.66528,0,0,1.15246,0.172014,0,0.66528,12.849,1,0.423979,5.19734,0,159.566,3.49262,160.847,0.84672,12.849,0.84672,3695.15,0,36.966,0.42295,1.98231,2.08679,10.5789,0.758999,13.4661,0.42336,36.966,0.42336,423.524,0,1.02816,0,0,3.01047,1.98231,1.028160,1,0,174.313,0,0,0,174.313,0
72.29,2.38544,0,0,5.69347,0.322005,2.98603,3.6288,61.2985,0.66528,0,0,0.852924,0.164459,0,0.66528,12.849,1,0.423993,2.98603,0,167.568,3.27678,166.853,0.84672,12.849,0.84672,3695.15,0,36.966,0.423006,2.28105,2.16159,6.84712,0.728805,10.1379,0.42336,36.966,0.42336,423.524,0,1.02816,0,0,3.30921,2.28105,1.028160,1,0,176.991,0,0,0,176.991,0
72.29,2.38552,0,0,4.88135,0.277231,2.2186,3.6288,61.1367,0.66528,0,0,0.650212,0.146686,0,0.66528,12.849,1,0.424008,2.2186,0,121.612,2.364,121.043,0.84672,12.849,0.84672,3695.15,0,36.966,0.423062,1.50358,2.16165,5.61787,0.654572,8.20547,0.42336,36.966,0.42336,423.524,0,1.02816,0,0,2.53174,1.50358,1.028160,1,0,129.248,0,0,0,129.248,0
72.29,2.3856,0,0,4.40796,0.238021,1.78433,3.6288,60.9408,0.66528,0,0,0.67031,0.200921,0,0.66528,12.849,1,0.424022,1.78433,0,114.638,3.3111,112.687,0.84672,12.849,0.84672,3695.15,0,36.966,0.423118,1.58141,2.16171,4.98938,0.864124,7.44525,0.42336,36.966,0.42336,423.524,0,1.02816,0,0,2.60957,1.58141,1.028160,1,0,120.133,0,0,0,120.133,0
72.29,2.34926,0,0,4.39604,0.231424,1.81535,3.6288,60.8244,0.660537,0,0,0.782084,0.238023,0,0.66528,12.849,1,0.417563,1.81535,0,103.037,4.40475,100.03,0.84672,12.849,0.84672,3695.15,0,36.966,0.400674,1.34139,2.16178,5.93387,1.03157,8.0048,0.42336,36.966,0.42336,423.524,0,1.02816,0,0,2.36955,1.34139,1.028160,1,0,108.035,0,0,0,108.035,0
72.29,2.34934,0,0,4.23549,0.231424,1.65473,3.6288,60.6555,0.660094,0,0,0.729104,0.237848,0,0.66528,12.849,1,0.417578,1.65473,0,96.2643,4.40475,93.0967,0.84672,12.849,0.84672,3695.15,0,36.966,0.401172,1.21805,2.13275,5.73,1.03157,7.64806,0.42336,36.966,0.42336,423.524,0,1.02816,0,0,2.24621,1.21805,1.028160,1,0,100.745,0,0,0,100.745,0
72.29,2.34942,0,0,4.04292,0.231424,1.46207,3.6288,60.4422,0.659434,0,0,0.683709,0.237593,0,0.66528,12.849,1,0.417592,1.46207,0,74.6021,4.40475,71.2418,0.84672,12.849,0.84672,3695.15,0,36.966,0.401887,1.08202,2.13281,5.36663,1.03157,7.14801,0.42336,36.966,0.42336,423.524,0,1.02816,0,0,2.11018,1.08202,1.028160,1,0,78.3898,0,0,0,78.3898,0
72.29,2.3495,0,0,3.70583,0.180001,1.17632,3.6288,60.1728,0.658589,0,0,0.618339,0.229169,0,0.66528,12.849,1,0.417606,1.17632,0,60.3385,3.05907,58.0381,0.84672,12.849,0.84672,3695.15,0,36.966,0.402788,0.889229,2.13287,4.78954,0.77435,6.6345,0.42336,36.966,0.42336,423.524,0,1.02816,0,0,1.91739,0.889229,1.028160,1,0,64.6726,0,0,0,64.6726,0
72.29,2.47322,0,0,3.37644,0.141226,0.761996,3.6288,59.8819,0.66528,0,0,0.611007,0.236571,0,0.66528,12.849,1,0.439596,0.761996,0,62.3422,4.06509,58.5995,0.84672,12.849,0.84672,3695.15,0,36.966,0.492777,1.10316,2.13293,3.96791,1.01651,5.69472,0.42336,36.966,0.42336,423.524,0,1.02816,0,0,2.13132,1.10316,1.028160,1,0,64.2942,0,0,0,64.2942,0
72.29,2.47331,0,0,3.06369,0.134763,0.455623,3.6288,59.6452,0.66528,0,0,0.66595,0.237429,0,0.66528,12.849,1,0.439611,0.455623,0,60.7489,4.23276,56.5321,0.84672,12.849,0.84672,3695.15,0,36.966,0.492835,0.597802,2.23493,3.79152,1.05687,5.07455,0.42336,36.966,0.42336,423.524,0,1.02816,0,0,1.62596,0.597802,1.028160,1,0,61.6067,0,0,0,61.6067,0
72.104,2.47339,0,0,2.785,0.134763,0.36288,3.6288,59.3031,0.679536,0,0,0.574526,0.237071,0,0.66528,12.849,1,0.439626,0.36288,0,56.7387,4.23276,52.4292,0.84672,12.849,0.84672,3695.15,0,36.966,0.492893,0.30119,2.235,3.50595,1.05687,4.49238,0.42336,36.966,0.42336,423.524,0,1.0139,0,0,1.31509,0.30119,1.028160,1,0,56.9216,0,0,0,56.9216,0
71.5994,2.47251,0,0,2.46543,0.134573,0.36288,3.6288,58.9638,0.66528,0,0,0.562581,0.236553,0,0.66528,12.849,1,0.440604,0.36288,0,48.111,4.23276,43.8005,0.84672,12.849,0.84672,3695.15,0,36.966,0.492951,0.384325,2.23506,3.47086,1.05687,4.54043,0.42336,36.966,0.42336,423.524,0,1.02816,0,0,1.41248,0.384325,1.028160,1,0,48.3409,0,0,0,48.3409,0
70.5803,2.46996,0,0,1.92293,0.109209,0.36288,3.6288,58.6655,0.66528,0,0,0.610536,0.243575,0,0.66528,12.849,1,0.443252,0.36288,0,38.1214,4.56066,33.4804,0.84672,12.849,0.84672,3695.15,0,36.966,0.49301,0.447958,2.23512,3.37224,1.05039,4.51193,0.42336,36.966,0.42336,423.524,0,1.02816,0,0,1.47612,0.447958,1.028160,1,0,37.9923,0,0,0,37.9923,0
69.1744,2.44027,0,0,1.514,0.116744,0.36288,3.6288,58.1519,0.85326,0,0,0.56987,0.230194,0,0.66528,12.849,1,0.444246,0.36288,0,31.8438,4.50345,27.2589,0.84672,12.849,0.84672,3695.15,0,36.966,0.546183,0.30119,2.23519,3.08868,0.970518,4.10836,0.42336,36.966,0.42336,423.524,0,0.84018,0,0,1.14137,0.30119,1.028160,1,0,31.3673,0,0,0,31.3673,0
67.6589,2.43274,0,0,1.38628,0.106187,0.36288,3.6288,57.5835,0.859835,0,0,0.542371,0.250934,0,0.66528,12.849,1,0.451876,0.36288,0,28.0821,4.78575,23.2073,0.84672,12.849,0.84672,3695.15,0,36.966,0.54658,0.261274,2.27089,2.99957,1.07356,3.9116,0.42336,36.966,0.42336,423.524,0,0.833267,0,0,1.09454,0.261274,1.028160,1,0,27.1189,0,0,0,27.1189,0
66.0985,2.42431,0,0,1.30877,0.0819728,0.36288,3.6288,56.9179,0.868241,0,0,0.506155,0.303568,0,0.66528,12.849,1,0.460398,0.36288,0,24.9769,5.4915,19.3878,0.84672,12.849,0.84672,3695.15,0,36.966,0.557371,0.261274,2.27095,2.86122,1.33117,3.5049,0.42336,36.966,0.42336,423.524,0,0.81413,0,0,1.0754,0.261274,1.028160,1,0,22.8927,0,0,0,22.8927,0
64.4078,2.4153,0,0,1.16833,0.0808011,0.36288,3.6288,56.2118,0.88312,0,0,0.480381,0.303389,0,0.66528,12.849,1,0.469513,0.36288,0,24.071,5.51535,18.449,0.84672,12.849,0.84672,3695.15,0,36.966,0.573553,0.261274,2.27102,2.72515,1.35026,3.33363,0.42336,36.966,0.42336,423.524,0,0.78313,0,0,1.0444,0.261274,1.028160,1,0,21.7826,0,0,0,21.7826,0
62.6251,2.46712,0,0,1.12603,0.078732,0.36288,3.6288,55.4299,0.960609,0,0,0.4875,0.308741,0,0.66528,12.849,1,0.492176,0.36288,0,22.3687,5.65845,16.581,0.84672,12.849,0.84672,3695.15,0,36.966,0.631716,0.261274,2.27108,2.53132,1.4648,2.96717,0.42336,36.966,0.42336,423.524,0,0.694881,0,0,0.956154,0.261274,1.028160,1,0,19.5481,0,0,0,19.5481,0
60.7833,2.45558,0,0,1.05424,0.0775993,0.36288,3.6288,54.6416,0.951205,0,0,0.470102,0.307164,0,0.66528,12.849,1,0.503818,0.36288,0,20.9829,5.65845,15.1835,0.84672,12.849,0.84672,3695.15,0,36.966,0.634355,0.261274,2.32167,2.61822,1.4648,3.10201,0.42336,36.966,0.42336,423.524,0,0.701706,0,0,0.96298,0.261274,1.028160,1,0,18.2856,0,0,0,18.2856,0
58.8331,2.44306,0,0,0.932144,0.076429,0.36288,3.6288,53.7935,0.985084,0,0,0.442549,0.305574,0,0.66528,12.849,1,0.516438,0.36288,0,19.8213,5.65845,14.0093,0.84672,12.849,0.84672,3695.15,0,36.966,0.666426,0.227405,2.32173,2.45624,1.4648,2.87415,0.42336,36.966,0.42336,423.524,0,0.635818,0,0,0.863222,0.227405,1.028160,1,0,16.8834,0,0,0,16.8834,0
56.8172,2.42909,0,0,0.84234,0.0662701,0.36288,3.6288,52.9288,0.994159,0,0,0.438176,0.308783,0,0.66528,12.849,1,0.530507,0.36288,0,18.7892,5.808,12.8136,0.84672,12.849,0.84672,3695.15,0,36.966,0.683169,0.227405,2.3218,2.45079,1.49468,2.82215,0.42336,36.966,0.42336,423.524,0,0.610062,0,0,0.837467,0.227405,1.028160,1,0,15.6358,0,0,0,15.6358,0
54.781,2.5915,0,0,0.978947,0.0607316,0.36288,3.6288,52.0174,1.06285,0,0,0.450898,0.29939,0,0.66528,12.849,1,0.586058,0.36288,0,20.7776,5.71427,14.8402,0.84672,12.849,0.84672,3695.15,0,36.966,0.764915,0.227405,2.32186,2.54549,1.52045,2.8094,0.42336,36.966,0.42336,423.524,0,0.63059,0,0,0.857995,0.227405,1.028160,1,0,17.6496,0,0,0,17.6496,0
52.6073,2.57394,0,0,0.824489,0.0614031,0.36288,3.6288,50.8586,1.19572,0,0,0.330709,0.293786,0,0.66528,12.849,1,0.603723,0.36288,0,24.0463,5.60742,18.1981,0.84672,12.849,0.84672,3695.15,0,36.966,0.849734,0.227405,2.4948,2.02865,1.54248,2.35864,0.42336,36.966,0.42336,423.524,0,0.412968,0,0,0.640373,0.227405,1.028160,1,0,20.5567,0,0,0,20.5567,0
50.6069,2.55398,0,0,0.976476,0.0600596,0.36288,3.6288,50.1379,0.934542,0,0,0.504816,0.291041,0,0.66528,12.849,1,0.623793,0.36288,0,20.6396,5.60742,14.7712,0.84672,12.849,0.84672,3695.15,0,36.966,0.765048,0.204422,2.49487,2.74335,1.54248,3.13511,0.42336,36.966,0.42336,423.524,0,0.758898,0,0,0.96332,0.204422,1.028160,1,0,17.9064,0,0,0,17.9064,0
48.4635,2.5344,0,0,0.815841,0.0619627,0.36288,3.6288,49.1428,1.09537,0,0,0.37047,0.270206,0,0.66528,12.849,1,0.64348,0.36288,0,18.8347,5.05288,13.5012,0.84672,12.849,0.84672,3695.15,0,36.966,0.807601,0.204422,2.49494,2.84222,1.32661,3.40737,0.42336,36.966,0.42336,423.524,0,0.555587,0,0,0.760009,0.204422,1.028160,1,0,16.9086,0,0,0,16.9086,0
46.5455,2.51199,0,0,1.03216,0.0751994,0.36288,3.6288,48.2841,1.04815,0,0,0.435129,0.245609,0,0.66528,12.849,1,0.665998,0.36288,0,16.7662,4.56114,11.9019,0.84672,12.849,0.84672,3695.15,0,36.966,0.788439,0.204422,2.49501,3.00905,1.18578,3.73427,0.42336,36.966,0.42336,423.524,0,0.622028,0,0,0.826451,0.204422,1.028160,1,0,15.6362,0,0,0,15.6362,0
44.6896,2.40735,0,0,1.00168,0.0874039,0.36288,3.6288,48.052,0.66528,0,0,0.680867,0.247709,0,0.66528,12.849,1,0.664554,0.36288,0,18.3136,4.89132,13.1206,0.84672,12.849,0.84672,3695.15,0,36.966,0.6615,0.36701,2.49509,2.79319,1.38177,3.61202,0.42336,36.966,0.42336,423.524,0,1.02816,0,0,1.39517,0.36701,1.028160,1,0,16.7326,0,0,0,16.7326,0
42.739,2.38599,0,0,0.883846,0.0856053,0.36288,3.6288,47.2416,0.958344,0,0,0.395146,0.247231,0,0.66528,12.849,1,0.686013,0.36288,0,18.7586,4.89132,13.5441,0.84672,12.849,0.84672,3695.15,0,36.966,0.737246,0.216518,2.3951,2.14545,1.38177,2.63806,0.42336,36.966,0.42336,423.524,0,0.659413,0,0,0.875932,0.216518,1.028160,1,0,16.1822,0,0,0,16.1822,0
40.6607,2.362,0,0,0.730374,0.0837148,0.36288,3.6288,46.3384,1.00574,0,0,0.348115,0.245563,0,0.66528,12.849,1,0.71011,0.36288,0,17.3197,4.89132,12.0811,0.84672,12.849,0.84672,3695.15,0,36.966,0.786982,0.216518,2.39517,1.98686,1.38177,2.4298,0.42336,36.966,0.42336,423.524,0,0.562343,0,0,0.778861,0.216518,1.028160,1,0,14.5109,0,0,0,14.5109,0
39.1669,2.3345,0,0,1.35766,0.154127,0.36288,3.6288,45.815,0.889205,0,0,0.541577,0.175724,0,0.66528,12.849,1,0.737714,0.36288,0,30.5808,3.85317,26.3528,0.84672,12.849,0.84672,3695.15,0,36.966,0.709355,0.216518,2.39524,3.44966,1.05728,4.29478,0.42336,36.966,0.42336,423.524,0,0.75657,0,0,0.973089,0.216518,1.028160,1,0,30.6476,0,0,0,30.6476,0
38.1875,2.24775,0,0,1.77125,0.139996,0.36288,3.6288,45.6065,0.719853,0,0,0.658784,0.147506,0,0.66528,12.849,1,0.737392,0.36288,0,33.2931,4.25565,28.663,0.84672,12.849,0.84672,3695.15,0,36.966,0.580815,0.216518,2.39531,3.59273,1.05309,4.57065,0.42336,36.966,0.42336,423.524,0,0.960077,0,0,1.1766,0.216518,1.028160,1,0,33.2336,0,0,0,33.2336,0
36.7764,2.23368,0,0,1.3238,0.138413,0.36288,3.6288,45.4869,0.66528,0,0,0.692904,0.14722,0,0.66528,12.849,1,0.751567,0.36288,0,23.3821,4.25565,18.7377,0.84672,12.849,0.84672,3695.15,0,36.966,0.567365,0.266086,2.30607,2.80201,1.05309,3.75371,0.42336,36.966,0.42336,423.524,0,1.02816,0,0,1.29425,0.266086,1.028160,1,0,22.4915,0,0,0,22.4915,0
35.7523,2.21238,0,0,1.71737,0.166212,0.36288,3.6288,44.9651,0.883837,0,0,0.521347,0.159318,0,0.66528,12.849,1,0.772966,0.36288,0,31.2381,4.48761,26.3404,0.84672,12.849,0.84672,3695.15,0,36.966,0.718272,0.292723,2.30613,4.82631,1.10724,5.59965,0.42336,36.966,0.42336,423.524,0,0.658757,0,0,0.95148,0.292723,1.028160,1,0,31.9401,0,0,0,31.9401,0
36.8928,2.19617,0,0,3.88609,0.186476,0.36288,3.6288,44.9288,0.66528,0,0,0.79673,0.167695,0,0.66528,12.849,1,0.78928,0.36288,0,93.0658,4.66158,87.9779,0.84672,12.849,0.84672,3695.15,0,36.966,0.567486,0.827945,2.3062,4.2519,1.14786,5.6707,0.42336,36.966,0.42336,423.524,0,1.02816,0,0,1.85611,0.827945,1.028160,1,0,93.6486,0,0,0,93.6486,0
37.4128,2.03068,0,0,3.10786,0.19436,0.36288,3.6288,44.6713,0.568417,0,0,0.497282,0.186334,0,0.66528,12.849,1,0.707245,0.36288,0,61.4371,4.53791,56.5549,0.84672,12.849,0.84672,3695.15,0,36.966,0.467676,0.313005,2.30626,5.45553,1.14664,6.46049,0.42336,36.966,0.42336,423.524,0,1.02816,0,0,1.34116,0.313005,1.028160,1,0,63.0154,0,0,0,63.0154,0
37.6415,1.98793,0,0,2.77729,0.197703,0.36288,3.6288,44.8417,0.545613,0,0,0.909344,0.193346,0,0.66528,12.849,1,0.682732,0.36288,0,54.0635,4.48843,49.2552,0.84672,12.849,0.84672,3695.15,0,36.966,0.4515,0.489361,2.10793,6.62567,1.14615,7.62531,0.42336,36.966,0.42336,423.524,0,1.02816,0,0,1.51752,0.489361,1.028160,1,0,56.8805,0,0,0,56.8805,0
40.5294,1.79021,0,0,5.23913,0.198236,0.36288,3.6288,45.7517,0.460994,0,0,1.56459,0.193655,0,0.66528,12.849,1,0.611092,0.36288,0,144.836,4.48843,140.099,0.84672,12.849,0.84672,3695.15,0,36.966,0.380028,1.18554,2.06521,8.23366,1.14615,9.95823,0.42336,36.966,0.42336,423.524,0,1.02816,0,0,2.2137,1.18554,1.028160,1,0,150.057,0,0,0,150.057,0
42.9712,1.82334,0,0,4.82211,0.194007,0.36288,3.6288,46.3497,0.465201,0,0,1.26317,0.199891,0,0.66528,12.849,1,0.578051,0.36288,0,126.033,3.74461,122.074,0.84672,12.849,0.84672,3695.15,0,36.966,0.375869,1.95511,1.89413,7.97723,1.05423,10.3964,0.42336,36.966,0.42336,423.524,0,1.02816,0,0,2.98327,1.95511,1.028160,1,0,132.47,0,0,0,132.47,0
44.4695,1.84869,0,0,3.91069,0.200898,0.36288,3.6288,46.6225,0.467926,0,0,0.949509,0.208872,0,0.66528,12.849,1,0.552783,0.36288,0,106.145,4.07213,101.883,0.84672,12.849,0.84672,3695.15,0,36.966,0.373192,0.919011,1.89419,7.16161,1.17878,8.42284,0.42336,36.966,0.42336,423.524,0,1.02816,0,0,1.94717,0.919011,1.028160,1,0,110.306,0,0,0,110.306,0
47.1552,1.92892,0,0,5.18513,0.207583,0.36288,3.6288,47.7252,0.497428,0,0,1.82934,0.229122,0,0.66528,12.849,1,0.557341,0.36288,0,94.4594,4.8909,89.374,0.84672,12.849,0.84672,3695.15,0,36.966,0.3944,2.1276,1.89424,13.1091,1.49015,15.2464,0.42336,36.966,0.42336,423.524,0,1.02816,0,0,3.15576,2.1276,1.028160,1,0,104.62,0,0,0,104.62,0
49.6884,1.95392,0,0,5.06384,0.21391,0.36288,3.6288,49.0771,0.502586,0,0,2.08575,0.231274,0,0.66528,12.849,1,0.532409,0.36288,0,99.3021,4.8909,94.2417,0.84672,12.849,0.84672,3695.15,0,36.966,0.389282,2.19415,1.94931,10.7312,1.49015,12.9953,0.42336,36.966,0.42336,423.524,0,1.02816,0,0,3.22231,2.19415,1.028160,1,0,107.237,0,0,0,107.237,0
52.0009,1.97554,0,0,4.87081,0.219873,0.36288,3.6288,50.1951,0.508725,0,0,1.86054,0.233886,0,0.66528,12.849,1,0.510858,0.36288,0,101.131,4.8909,96.0923,0.84672,12.849,0.84672,3695.15,0,36.966,0.383183,2.11406,1.94935,10.0081,1.49015,12.1981,0.42336,36.966,0.42336,423.524,0,1.02816,0,0,3.14222,2.11406,1.028160,1,0,108.29,0,0,0,108.29,0
53.1539,1.99381,0,0,3.74687,0.237176,0.36288,3.6288,50.8912,0.513663,0,0,1.44141,0.231606,0,0.66528,12.849,1,0.492654,0.36288,0,86.9158,4.67763,82.1084,0.84672,12.849,0.84672,3695.15,0,36.966,0.378286,1.31784,1.9494,6.49624,1.42965,7.95555,0.42336,36.966,0.42336,423.524,0,1.02816,0,0,2.346,1.31784,1.028160,1,0,90.064,0,0,0,90.064,0
53.5299,2.22154,0,0,3.20655,0.246075,0.36288,3.6288,51.2669,0.626864,0,0,1.21254,0.20994,0,0.66528,12.849,1,0.537018,0.36288,0,49.8093,4.20576,45.4294,0.84672,12.849,0.84672,3695.15,0,36.966,0.455337,1.39699,1.94944,5.69072,1.14431,7.4375,0.42336,36.966,0.42336,423.524,0,1.02816,0,0,2.42515,1.39699,1.028160,1,0,52.8669,0,0,0,52.8669,0
53.492,2.22464,0,0,2.78549,0.235941,0.36288,3.6288,51.5119,0.628829,0,0,1.08506,0.211217,0,0.66528,12.849,1,0.53399,0.36288,0,42.7777,4.34039,38.2662,0.84672,12.849,0.84672,3695.15,0,36.966,0.453417,0.703944,2.14742,4.82975,1.15726,6.07044,0.42336,36.966,0.42336,423.524,0,1.02816,0,0,1.7321,0.703944,1.028160,1,0,44.3366,0,0,0,44.3366,0
55.5488,2.2244,0,0,4.88,0.23585,0.36288,3.6288,52.3042,0.630111,0,0,1.63401,0.211636,0,0.66528,12.849,1,0.534311,0.36288,0,102.371,4.34039,97.8592,0.84672,12.849,0.84672,3695.15,0,36.966,0.45218,1.27651,2.14747,14.1204,1.15726,15.9349,0.42336,36.966,0.42336,423.524,0,1.02816,0,0,2.30467,1.27651,1.028160,1,0,113.794,0,0,0,113.794,0
57.3636,2.24053,0,0,4.65863,0.240444,0.36288,3.6288,53.0667,0.634151,0,0,1.56541,0.16874,0,0.66528,12.849,1,0.518257,0.36288,0,118.36,3.94537,114.259,0.84672,12.849,0.84672,3695.15,0,36.966,0.448186,1.40504,2.14752,8.05887,0.966641,10.1966,0.42336,36.966,0.42336,423.524,0,1.02816,0,0,2.4332,1.40504,1.028160,1,0,124.456,0,0,0,124.456,0
58.3054,1.93696,0,0,3.52049,0.278896,0.36288,3.6288,53.7333,0.487499,0,0,1.31518,0.16115,0,0.66528,12.849,1,0.433865,0.36288,0,72.465,3.46284,68.9311,0.84672,12.849,0.84672,3695.15,0,36.966,0.339589,0.9281,2.14757,6.15203,0.779093,8.10901,0.42336,36.966,0.42336,423.524,0,1.02816,0,0,1.95626,0.9281,1.028160,1,0,77.0402,0,0,0,77.0402,0
59.135,1.94276,0,0,3.42249,0.287218,0.36288,3.6288,54.6258,0.490017,0,0,1.5444,0.161807,0,0.66528,12.849,1,0.428134,0.36288,0,67.5994,3.39339,64.1408,0.84672,12.849,0.84672,3695.15,0,36.966,0.337109,1.115,1.87766,5.8253,0.75313,7.72771,0.42336,36.966,0.42336,423.524,0,1.02816,0,0,2.14316,1.115,1.028160,1,0,71.8685,0,0,0,71.8685,0
62.1155,1.94775,0,0,5.57048,0.279351,0.36288,3.6288,56.3606,0.493326,0,0,2.38512,0.157025,0,0.66528,12.849,1,0.423212,0.36288,0,130.078,3.30619,126.711,0.84672,12.849,0.84672,3695.15,0,36.966,0.33384,2.54878,1.8777,11.5544,0.740604,14.9064,0.42336,36.966,0.42336,423.524,0,1.02816,0,0,3.57694,2.54878,1.028160,1,0,141.618,0,0,0,141.618,0
65.1107,1.96463,0,0,5.60845,0.285712,0.36288,3.6288,58.1958,0.499554,0,0,2.51827,0.183516,0,0.66528,12.849,1,0.406397,0.36288,0,166.472,4.24862,162.18,0.84672,12.849,0.84672,3695.15,0,36.966,0.32765,2.81648,1.87774,17.113,0.893627,20.5859,0.42336,36.966,0.42336,423.524,0,1.02816,0,0,3.84464,2.81648,1.028160,1,0,182.766,0,0,0,182.766,0
66.8552,1.9803,0,0,4.36784,0.280175,0.36288,3.6288,59.236,0.505897,0,0,1.71888,0.172735,0,0.66528,12.849,1,0.390794,0.36288,0,133.143,3.98307,129.132,0.84672,12.849,0.84672,3695.15,0,36.966,0.321346,1.36687,1.87778,9.26476,0.838805,11.3493,0.42336,36.966,0.42336,423.524,0,1.02816,0,0,2.39503,1.36687,1.028160,1,0,140.482,0,0,0,140.482,0
70.8288,2.36042,0,0,7.0037,0.306822,0.36288,3.6288,60.5784,0.66528,0,0,2.17327,0.165658,0,0.66528,12.849,1,0.453653,0.36288,0,131.541,3.21237,128.237,0.84672,12.849,0.84672,3695.15,0,36.966,0.425714,1.96465,1.87783,11.6465,0.684797,14.3785,0.42336,36.966,0.42336,423.524,0,1.02816,0,0,2.99281,1.96465,1.028160,1,0,142.616,0,0,0,142.616,0
72.29,2.08981,0,0,4.89821,0.316471,1.03071,3.6288,61.1609,0.552586,0,0,1.30223,0.167082,0,0.66528,12.849,1,0.37911,1.03071,0,109.091,3.21237,106.53,0.84672,12.849,0.84672,3695.15,0,36.966,0.337197,1.07292,2.16462,9.37863,0.684797,11.5942,0.42336,36.966,0.42336,423.524,0,1.02816,0,0,2.10108,1.07292,1.028160,1,0,118.125,0,0,0,118.125,0
72.29,2.38951,0,0,4.23591,0.293235,1.55316,3.6288,61.308,0.66528,0,0,1.03215,0.18196,0.037855,0.66528,12.849,1,0.424717,1.55316,0,103.61,3.38688,101.352,0.84672,12.849,0.84672,3695.15,0,36.966,0.425804,0.763525,1.94448,9.12686,0.719148,10.6899,0.42336,36.966,0.42336,423.524,0,1.02816,0,0,1.79169,0.763525,1.028160,1,0,112.079,0,0,0,112.079,0
72.29,2.38958,0,0,3.98822,0.256524,1.34212,3.6288,61.308,0.66528,0,0,1.25402,0.202761,0.385977,0.66528,12.849,1,0.424729,1.34212,0,78.5238,3.6583,75.7829,0.84672,12.849,0.84672,3695.15,0,36.966,0.425849,1.12519,2.16471,9.22061,0.788346,11.2963,0.42336,36.966,0.42336,423.524,0,1.02816,0,0,2.15335,1.12519,1.028160,1,0,87.4651,0,0,0,87.4651,0
72.29,2.35317,0,0,3.58442,0.250528,0.980728,3.6288,61.308,0.663705,0,0,1.26592,0.212365,0.389854,0.66528,12.849,1,0.418258,0.980728,0,73.8366,3.89078,70.5083,0.84672,12.849,0.84672,3695.15,0,36.966,0.400185,1.32121,2.16476,7.67007,0.928731,9.82713,0.42336,36.966,0.42336,423.524,0,1.02816,0,0,2.34937,1.32121,1.028160,1,0,80.7253,0,0,0,80.7253,0
72.1462,2.35323,0,0,2.82289,0.250528,0.36288,3.6288,61.308,0.663733,0,0,0.958893,0.212365,0.0827955,0.66528,12.849,1,0.418269,0.36288,0,61.2552,3.89078,57.309,0.84672,12.849,0.84672,3695.15,0,36.966,0.400201,0.80314,2.13568,6.04462,0.928731,7.65451,0.42336,36.966,0.42336,423.524,0,1.02816,0,0,1.8313,0.80314,1.028160,1,0,65.0463,0,0,0,65.0463,0
71.6603,2.35259,0,0,2.47982,0.250255,0.36288,3.6288,61.308,0.66376,0,0,0.923944,0.212365,0.047819,0.66528,12.849,1,0.418988,0.36288,0,56.9271,3.89078,52.9802,0.84672,12.849,0.84672,3695.15,0,36.966,0.400218,0.667293,2.13573,5.9318,0.928731,7.40588,0.42336,36.966,0.42336,423.524,0,1.02816,0,0,1.69545,0.667293,1.028160,1,0,60.4339,0,0,0,60.4339,0
71.51,2.35025,0,0,2.81214,0.249331,0.36288,3.6288,61.308,0.663788,0,0,0.964457,0.212365,0.0883042,0.66528,12.849,1,0.421409,0.36288,0,63.834,3.89078,59.8847,0.84672,12.849,0.84672,3695.15,0,36.966,0.400235,0.544519,2.13578,6.8622,0.928731,8.21353,0.42336,36.966,0.42336,423.524,0,1.02816,0,0,1.57268,0.544519,1.028160,1,0,68.1866,0,0,0,68.1866,0
70.9097,2.47318,0,0,2.43906,0.203345,0.36288,3.6288,61.2384,0.666334,0,0,0.836041,0.239296,0,0.66528,12.849,1,0.444383,0.36288,0,50.1819,4.47479,45.6256,0.84672,12.849,0.84672,3695.15,0,36.966,0.495555,0.402797,2.13583,5.25359,0.993038,6.30362,0.42336,36.966,0.42336,423.524,0,1.02711,0,0,1.4299,0.402797,1.028160,1,0,51.9292,0,0,0,51.9292,0
70.1434,2.47006,0,0,2.26905,0.202393,0.36288,3.6288,61.1108,0.66528,0,0,0.779121,0.241481,0,0.66528,12.849,1,0.44758,0.36288,0,44.2373,4.59805,39.5546,0.84672,12.849,0.84672,3695.15,0,36.966,0.495602,0.434557,2.23797,4.92262,0.994808,6.10474,0.42336,36.966,0.42336,423.524,0,1.02816,0,0,1.46272,0.434557,1.028160,1,0,45.6593,0,0,0,45.6593,0
69.161,2.46599,0,0,2.01938,0.17288,0.36288,3.6288,60.8951,0.695028,0,0,0.739498,0.260149,0,0.66528,12.849,1,0.451725,0.36288,0,39.1354,4.81225,34.2343,0.84672,12.849,0.84672,3695.15,0,36.966,0.495649,0.402797,2.23802,4.78866,1.04954,5.88429,0.42336,36.966,0.42336,423.524,0,0.998412,0,0,1.40121,0.402797,1.028160,1,0,40.1186,0,0,0,40.1186,0
68.0989,2.46065,0,0,1.91189,0.150488,0.36288,3.6288,60.6537,0.676158,0,0,0.708687,0.273922,0,0.66528,12.849,1,0.457149,0.36288,0,37.29,4.97291,32.2228,0.84672,12.849,0.84672,3695.15,0,36.966,0.495696,0.30119,2.23807,4.73581,1.09058,5.68879,0.42336,36.966,0.42336,423.524,0,1.01728,0,0,1.31847,0.30119,1.028160,1,0,37.9116,0,0,0,37.9116,0
67.059,2.45472,0,0,1.93141,0.153731,0.36288,3.6288,60.4085,0.66528,0,0,0.691243,0.271121,0,0.66528,12.849,1,0.46316,0.36288,0,36.1297,5.01858,31.0109,0.84672,12.849,0.84672,3695.15,0,36.966,0.495742,0.408802,2.23812,4.77789,1.11558,5.81348,0.42336,36.966,0.42336,423.524,0,1.02816,0,0,1.43696,0.408802,1.028160,1,0,36.8243,0,0,0,36.8243,0
66.0822,2.42455,0,0,1.95688,0.146218,0.36288,3.6288,60.1182,0.66528,0,0,0.660001,0.285111,0,0.66528,12.849,1,0.464563,0.36288,0,33.8798,5.09847,28.6796,0.84672,12.849,0.84672,3695.15,0,36.966,0.548981,0.593845,2.23817,4.45416,1.2075,5.5297,0.42336,36.966,0.42336,423.524,0,1.02816,0,0,1.622,0.593845,1.028160,1,0,34.2093,0,0,0,34.2093,0
65.0229,2.41887,0,0,1.85143,0.12896,0.36288,3.6288,59.7796,0.66528,0,0,0.634738,0.307986,0,0.66528,12.849,1,0.470324,0.36288,0,31.94,5.12379,26.7088,0.84672,12.849,0.84672,3695.15,0,36.966,0.549029,0.540518,2.27391,4.43051,1.28561,5.41031,0.42336,36.966,0.42336,423.524,0,1.02816,0,0,1.56868,0.540518,1.028160,1,0,32.1191,0,0,0,32.1191,0
63.8692,2.41254,0,0,1.74957,0.127872,0.36288,3.6288,59.3731,0.66528,0,0,0.56604,0.307322,0,0.66528,12.849,1,0.476735,0.36288,0,28.964,5.12379,23.7263,0.84672,12.849,0.84672,3695.15,0,36.966,0.549077,0.483546,2.27397,4.28467,1.28561,5.2075,0.42336,36.966,0.42336,423.524,0,1.02816,0,0,1.51171,0.483546,1.028160,1,0,28.9338,0,0,0,28.9338,0
62.6039,2.40544,0,0,1.62973,0.126687,0.36288,3.6288,58.9215,0.66528,0,0,0.520232,0.306525,0,0.66528,12.849,1,0.483918,0.36288,0,27.683,5.12379,22.4382,0.84672,12.849,0.84672,3695.15,0,36.966,0.549125,0.402235,2.27402,4.00031,1.28561,4.84183,0.42336,36.966,0.42336,423.524,0,1.02816,0,0,1.4304,0.402235,1.028160,1,0,27.28,0,0,0,27.28,0
61.2209,2.45919,0,0,1.54208,0.103023,0.36288,3.6288,58.5174,0.701343,0,0,0.594083,0.296782,0,0.66528,12.849,1,0.504731,0.36288,0,29.2301,5.6027,23.4855,0.84672,12.849,0.84672,3695.15,0,36.966,0.596584,0.261274,2.27407,3.43967,1.46768,3.91075,0.42336,36.966,0.42336,423.524,0,0.992097,0,0,1.25337,0.261274,1.028160,1,0,27.3963,0,0,0,27.3963,0
59.7422,2.44984,0,0,1.43585,0.101856,0.36288,3.6288,58.0716,0.66528,0,0,0.515401,0.296012,0,0.66528,12.849,1,0.51417,0.36288,0,24.7495,5.6027,18.9956,0.84672,12.849,0.84672,3695.15,0,36.966,0.596633,0.326696,2.32471,3.4714,1.46768,4.05849,0.42336,36.966,0.42336,423.524,0,1.02816,0,0,1.35486,0.326696,1.028160,1,0,23.054,0,0,0,23.054,0
58.1669,2.43943,0,0,1.32754,0.100541,0.36288,3.6288,57.4896,0.764752,0,0,0.47796,0.295163,0,0.66528,12.849,1,0.524658,0.36288,0,23.7328,5.6027,17.9683,0.84672,12.849,0.84672,3695.15,0,36.966,0.596682,0.261274,2.32477,3.01834,1.46768,3.54002,0.42336,36.966,0.42336,423.524,0,0.928688,0,0,1.18996,0.261274,1.028160,1,0,21.5083,0,0,0,21.5083,0
56.6385,2.42786,0,0,1.35703,0.0946584,0.36288,3.6288,57.0585,0.66528,0,0,0.530792,0.296582,0,0.66528,12.849,1,0.536311,0.36288,0,22.5722,5.67747,16.7213,0.84672,12.849,0.84672,3695.15,0,36.966,0.596732,0.322384,2.32482,3.73346,1.48262,4.30132,0.42336,36.966,0.42336,423.524,0,1.02816,0,0,1.35054,0.322384,1.028160,1,0,21.0226,0,0,0,21.0226,0
54.8204,2.59395,0,0,1.23061,0.0918989,0.36288,3.6288,56.6208,0.66528,0,0,0.517849,0.290314,0,0.66528,12.849,1,0.588463,0.36288,0,21.2345,5.5712,15.4377,0.84672,12.849,0.84672,3695.15,0,36.966,0.767924,0.270527,2.32487,3.64472,1.48663,3.98556,0.42336,36.966,0.42336,423.524,0,1.02816,0,0,1.29869,0.270527,1.028160,1,0,19.4233,0,0,0,19.4233,0
52.7387,2.57821,0,0,0.953234,0.0938207,0.36288,3.6288,56.0322,0.734573,0,0,0.448171,0.302217,0,0.66528,12.849,1,0.60429,0.36288,0,19.0255,5.43081,13.3532,0.84672,12.849,0.84672,3695.15,0,36.966,0.767978,0.227405,2.49803,2.95573,1.46246,3.45073,0.42336,36.966,0.42336,423.524,0,0.958867,0,0,1.18627,0.227405,1.028160,1,0,16.804,0,0,0,16.804,0
50.698,2.5591,0,0,0.97314,0.0918556,0.36288,3.6288,55.3774,0.78287,0,0,0.429214,0.301058,0,0.66528,12.849,1,0.623487,0.36288,0,17.5529,5.43081,11.8615,0.84672,12.849,0.84672,3695.15,0,36.966,0.768031,0.227405,2.49809,3.03016,1.46246,3.52516,0.42336,36.966,0.42336,423.524,0,0.91057,0,0,1.13797,0.227405,1.028160,1,0,15.3867,0,0,0,15.3867,0
49.1521,2.53915,0,0,1.45024,0.0941327,0.36288,3.6288,54.9216,0.66528,0,0,0.508145,0.298736,0,0.66528,12.849,1,0.643526,0.36288,0,22.5951,5.40113,16.9133,0.84672,12.849,0.84672,3695.15,0,36.966,0.768085,0.342783,2.49815,3.32097,1.45882,3.93499,0.42336,36.966,0.42336,423.524,0,1.02816,0,0,1.37094,0.342783,1.028160,1,0,20.8483,0,0,0,20.8483,0
48.0717,2.52317,0,0,1.92604,0.120375,0.36288,3.6288,54.6729,0.66528,0,0,0.708941,0.292323,0,0.66528,12.849,1,0.65959,0.36288,0,38.496,5.48057,32.7187,0.84672,12.849,0.84672,3695.15,0,36.966,0.768138,0.749045,2.49821,3.92287,1.44678,4.9552,0.42336,36.966,0.42336,423.524,0,1.02816,0,0,1.7772,0.749045,1.028160,1,0,37.6739,0,0,0,37.6739,0
46.874,2.42763,0,0,1.72597,0.133212,0.36288,3.6288,54.8812,0.66528,0,0,1.17017,0.296617,0,0.66528,12.849,1,0.648877,0.36288,0,53.794,5.99077,47.5172,0.84672,12.849,0.84672,3695.15,0,36.966,0.664302,2.19005,2.49826,5.13576,1.47311,7.68666,0.42336,36.966,0.42336,423.524,0,1.02816,0,0,3.21821,2.19005,1.028160,1,0,55.2039,0,0,0,55.2039,0
45.3964,2.41468,0,0,1.43147,0.131472,0.36288,3.6288,54.7409,0.66528,0,0,0.821966,0.297024,0,0.66528,12.849,1,0.661908,0.36288,0,44.824,5.99077,38.5342,0.84672,12.849,0.84672,3695.15,0,36.966,0.664353,1.69097,2.39813,4.65888,1.47311,6.61051,0.42336,36.966,0.42336,423.524,0,1.02816,0,0,2.71913,1.69097,1.028160,1,0,45.1447,0,0,0,45.1447,0
43.9638,2.39796,0,0,1.48957,0.161306,0.36288,3.6288,54.5987,0.66528,0,0,0.793092,0.269936,0,0.66528,12.849,1,0.678718,0.36288,0,35.856,5.60169,29.9385,0.84672,12.849,0.84672,3695.15,0,36.966,0.664404,1.54156,2.39818,6.12338,1.3065,8.09221,0.42336,36.966,0.42336,423.524,0,1.02816,0,0,2.56972,1.54156,1.028160,1,0,38.0307,0,0,0,38.0307,0
46.0003,2.38091,0,0,4.89866,0.118368,0.36288,3.6288,55.1423,0.66528,0,0,1.50178,0.292906,0,0.66528,12.849,1,0.695851,0.36288,0,47.648,6.21085,41.1041,0.84672,12.849,0.84672,3695.15,0,36.966,0.664455,3.70489,2.39824,14.338,1.29097,18.4857,0.42336,36.966,0.42336,423.524,0,1.02816,0,0,4.73305,3.70489,1.028160,1,0,59.5899,0,0,0,59.5899,0
46.0607,2.33682,0,0,2.93912,0.179046,0.36288,3.6288,55.4084,0.66528,0,0,1.16,0.228661,0,0.66528,12.849,1,0.65273,0.36288,0,55.1723,4.92836,49.9541,0.84672,12.849,0.84672,3695.15,0,36.966,0.569931,1.68067,2.39829,6.2243,1.17839,8.55494,0.42336,36.966,0.42336,423.524,0,1.02816,0,0,2.70883,1.68067,1.028160,1,0,58.509,0,0,0,58.509,0
44.7741,2.33755,0,0,1.59076,0.176939,0.36288,3.6288,55.3289,0.66528,0,0,0.820083,0.234279,0,0.66528,12.849,1,0.652079,0.36288,0,26.5932,4.89689,21.4071,0.84672,12.849,0.84672,3695.15,0,36.966,0.569979,0.737268,2.30892,5.38807,1.21635,6.64793,0.42336,36.966,0.42336,423.524,0,1.02816,0,0,1.76543,0.737268,1.028160,1,0,28.0551,0,0,0,28.0551,0
44.2044,2.32306,0,0,2.29069,0.174401,0.36288,3.6288,55.76,0.66528,0,0,1.33056,0.234156,0,0.66528,12.849,1,0.666657,0.36288,0,47.8839,4.89689,42.6833,0.84672,12.849,0.84672,3695.15,0,36.966,0.570028,1.78284,2.30897,8.5017,1.21635,10.8071,0.42336,36.966,0.42336,423.524,0,1.02816,0,0,2.811,1.78284,1.028160,1,0,53.4904,0,0,0,53.4904,0
45.9347,2.31646,0,0,4.6268,0.217176,0.36288,3.6288,57.1308,0.66528,0,0,2.2545,0.218457,0,0.66528,12.849,1,0.673331,0.36288,0,62.2731,4.39645,57.5662,0.84672,12.849,0.84672,3695.15,0,36.966,0.570077,2.27398,2.30903,13.7843,1.14367,16.6535,0.42336,36.966,0.42336,423.524,0,1.02816,0,0,3.30214,2.27398,1.028160,1,0,74.2197,0,0,0,74.2197,0
46.8445,2.1426,0,0,3.63201,0.216792,0.36288,3.6288,57.9346,0.630472,0,0,1.64417,0.209838,0,0.66528,12.849,1,0.599334,0.36288,0,58.6155,4.6184,53.7606,0.84672,12.849,0.84672,3695.15,0,36.966,0.407941,2.2078,2.30908,7.52997,1.05474,10.5842,0.42336,36.966,0.42336,423.524,0,1.02816,0,0,3.23596,2.2078,1.028160,1,0,64.3448,0,0,0,64.3448,0
46.468,2.15179,0,0,2.35372,0.215461,0.36288,3.6288,58.4402,0.633954,0,0,1.34247,0.202956,0,0.66528,12.849,1,0.590216,0.36288,0,74.3266,4.78485,69.3145,0.84672,12.849,0.84672,3695.15,0,36.966,0.404503,1.27553,2.11047,6.58486,0.988043,8.57832,0.42336,36.966,0.42336,423.524,0,1.02816,0,0,2.30369,1.27553,1.028160,1,0,77.8928,0,0,0,77.8928,0
44.8733,2.1481,0,0,1.13082,0.214565,0.36288,3.6288,58.4308,0.672879,0,0,0.867128,0.203619,0,0.66528,12.849,1,0.593978,0.36288,0,44.8005,4.78485,39.7845,0.84672,12.849,0.84672,3695.15,0,36.966,0.425626,0.292723,2.11052,4.80504,0.988043,5.79462,0.42336,36.966,0.42336,423.524,0,0.968155,0,0,1.26088,0.292723,1.028160,1,0,45.5791,0,0,0,45.5791,0
43.7206,2.13175,0,0,1.56124,0.219283,0.36288,3.6288,58.3735,0.636111,0,0,0.790439,0.211641,0,0.66528,12.849,1,0.610405,0.36288,0,36.0607,4.43138,31.3818,0.84672,12.849,0.84672,3695.15,0,36.966,0.402433,0.516931,2.11057,4.37266,0.989708,5.60802,0.42336,36.966,0.42336,423.524,0,1.02816,0,0,1.54509,0.516931,1.028160,1,0,36.9898,0,0,0,36.9898,0
44.37,1.85871,0,0,3.10048,0.229532,0.36288,3.6288,59.0368,0.516231,0,0,1.38346,0.203995,0,0.66528,12.849,1,0.546254,0.36288,0,62.8492,3.89694,58.7689,0.84672,12.849,0.84672,3695.15,0,36.966,0.326912,1.79268,2.11062,8.62332,0.949007,11.2507,0.42336,36.966,0.42336,423.524,0,1.02816,0,0,2.82084,1.79268,1.028160,1,0,70.0196,0,0,0,70.0196,0
48.8761,1.93073,0,0,7.01131,0.211634,0.36288,3.6288,61.0859,0.549708,0,0,2.85019,0.251321,0,0.66528,12.849,1,0.559115,0.36288,0,113.39,5.25063,107.944,0.84672,12.849,0.84672,3695.15,0,36.966,0.344201,3.3482,1.89646,16.5936,1.16123,20.3329,0.42336,36.966,0.42336,423.524,0,1.02816,0,0,4.37636,3.3482,1.028160,1,0,128.276,0,0,0,128.276,0
49.8272,1.97159,0,0,3.50808,0.222469,0.36288,3.6288,61.308,0.55692,0,0,1.41478,0.254624,0.381155,0.66528,12.849,1,0.518309,0.36288,0,93.0468,5.25063,87.6407,0.84672,12.849,0.84672,3695.15,0,36.966,0.337019,2.03805,1.95159,8.23668,1.16123,10.7281,0.42336,36.966,0.42336,423.524,0,1.02816,0,0,3.06621,2.03805,1.028160,1,0,98.7499,0,0,0,98.7499,0
55.979,1.97949,0,0,8.71889,0.224749,0.36288,3.6288,61.308,0.557701,0,0,1.31145,0.254982,0.498765,0.66528,12.849,1,0.510454,0.36288,0,86.3335,5.25063,80.9353,0.84672,12.849,0.84672,3695.15,0,36.966,0.336269,1.66526,1.95162,8.91527,1.16123,11.0347,0.42336,36.966,0.42336,423.524,0,1.02816,0,0,2.69342,1.66526,1.028160,1,0,92.4687,0,0,0,92.4687,0
59.9068,2.30808,0,0,6.82569,0.226863,0.36288,3.6288,61.308,0.66528,0,0,1.57667,0.274612,0.636778,0.66528,12.849,1,0.52978,0.36288,0,119.805,5.64243,113.996,0.84672,12.849,0.84672,3695.15,0,36.966,0.430501,2.29422,1.95165,11.9103,1.35256,14.3731,0.42336,36.966,0.42336,423.524,0,1.02816,0,0,3.32238,2.29422,1.028160,1,0,129.005,0,0,0,129.005,0
60.9348,2.58894,0,0,4.20624,0.226499,0.36288,3.6288,61.308,0.66528,0,0,1.0937,0.251808,0.176615,0.66528,12.849,1,0.555283,0.36288,0,80.2561,4.66227,75.4014,0.84672,12.849,0.84672,3695.15,0,36.966,0.644713,1.10821,2.17277,7.63954,1.10945,9.16636,0.42336,36.966,0.42336,423.524,0,1.02816,0,0,2.13637,1.10821,1.028160,1,0,84.7444,0,0,0,84.7444,0
62.2878,2.59673,0,0,4.54987,0.237222,0.36288,3.6288,61.308,0.66528,0,0,1.35255,0.24629,0.440979,0.66528,12.849,1,0.547558,0.36288,0,89.3341,4.60614,84.5433,0.84672,12.849,0.84672,3695.15,0,36.966,0.644751,1.90359,2.39568,7.48467,1.06325,10.0759,0.42336,36.966,0.42336,423.524,0,1.02816,0,0,2.93175,1.90359,1.028160,1,0,95.0602,0,0,0,95.0602,0
64.2885,2.60664,0,0,5.21015,0.239887,0.36288,3.6288,61.308,0.66528,0,0,1.66463,0.24629,0.753056,0.66528,12.849,1,0.537709,0.36288,0,97.7538,4.60614,92.9729,0.84672,12.849,0.84672,3695.15,0,36.966,0.64479,2.14688,2.39573,9.48871,1.06325,12.3233,0.42336,36.966,0.42336,423.524,0,1.02816,0,0,3.17504,2.14688,1.028160,1,0,106.049,0,0,0,106.049,0
66.3484,2.62064,0,0,5.3187,0.275281,0.36288,3.6288,61.308,0.66528,0,0,1.92615,0.229602,1.03127,0.66528,12.849,1,0.523773,0.36288,0,97.3063,4.60074,92.5446,0.84672,12.849,0.84672,3695.15,0,36.966,0.644828,3.21268,2.39577,11.2675,1.08145,15.1497,0.42336,36.966,0.42336,423.524,0,1.02816,0,0,4.24084,3.21268,1.028160,1,0,108.726,0,0,0,108.726,0
69.7754,2.26829,0,0,6.35628,0.298143,0.36288,3.6288,61.308,0.638005,0,0,1.79754,0.208634,0.950904,0.66528,12.849,1,0.439276,0.36288,0,97.4333,4.22906,93.1278,0.84672,12.849,0.84672,3695.15,0,36.966,0.384689,2.38345,2.39581,13.8938,1.03013,17.2583,0.42336,36.966,0.42336,423.524,0,1.02816,0,0,3.41161,2.38345,1.028160,1,0,111.337,0,0,0,111.337,0
72.29,2.28656,0,0,5.53146,0.308517,0.421796,3.6288,61.308,0.638026,0,0,1.46523,0.202917,0.624289,0.66528,12.849,1,0.421065,0.421796,0,92.6459,4.08125,88.5653,0.84672,12.849,0.84672,3695.15,0,36.966,0.384701,1.91007,2.09189,12.3401,1.00668,14.9507,0.42336,36.966,0.42336,423.524,0,1.02816,0,0,2.93823,1.91007,1.028160,1,0,104.14,0,0,0,104.14,0
72.29,2.29904,0,0,5.96705,0.314518,3.35349,3.6288,61.308,0.638046,0,0,1.74234,0.202917,0.901379,0.66528,12.849,1,0.408637,3.35349,0,104.935,4.08125,103.799,0.84672,12.849,0.84672,3695.15,0,36.966,0.384714,2.02934,2.09192,10.0346,1.00668,12.7644,0.42336,36.966,0.42336,423.524,0,1.02816,0,0,3.0575,2.02934,1.028160,1,0,117.465,0,0,0,117.465,0
72.29,2.29909,0,0,9.29655,0.311786,6.68568,3.6288,61.308,0.638067,0,0,2.70518,0.180009,1.88711,0.66528,12.849,1,0.408646,6.68568,0,194.009,3.72262,196.563,0.84672,12.849,0.84672,3695.15,0,36.966,0.384726,4.84058,2.09196,21.1555,0.945262,26.758,0.42336,36.966,0.42336,423.524,0,1.02816,0,0,5.86874,4.84058,1.028160,1,0,225.208,0,0,0,225.208,0
72.29,2.29914,0,0,8.17652,0.310149,5.56724,3.6288,61.308,0.638087,0,0,1.8876,0.165863,1.08365,0.66528,12.849,1,0.408654,5.56724,0,169.575,3.41811,171.315,0.84672,12.849,0.84672,3695.15,0,36.966,0.384738,3.13411,2.092,14.2271,0.925575,18.1428,0.42336,36.966,0.42336,423.524,0,1.02816,0,0,4.16227,3.13411,1.028160,1,0,190.542,0,0,0,190.542,0
72.29,2.39257,0,0,7.10271,0.311179,4.39896,3.6288,61.308,0.66528,0,0,2.6285,0.173454,1.78977,0.66528,12.849,1,0.425262,4.39896,0,119.125,3.32923,119.769,0.84672,12.849,0.84672,3695.15,0,36.966,0.427906,3.14636,2.09203,15.7178,0.991521,19.5368,0.42336,36.966,0.42336,423.524,0,1.02816,0,0,4.17452,3.14636,1.028160,1,0,141.096,0,0,0,141.096,0
72.29,2.39262,0,0,6.00179,0.311179,3.29799,3.6288,61.308,0.66528,0,0,2.87351,0.173454,2.03477,0.66528,12.849,1,0.425271,3.29799,0,144.893,3.32923,144.436,0.84672,12.849,0.84672,3695.15,0,36.966,0.42794,4.13856,2.16701,19.7004,0.991521,24.5865,0.42336,36.966,0.42336,423.524,0,1.02816,0,0,5.16672,4.13856,1.028160,1,0,171.058,0,0,0,171.058,0
72.29,2.39267,0,0,4.37762,0.305397,1.67955,3.6288,61.308,0.66528,0,0,1.99902,0.157653,1.17609,0.66528,12.849,1,0.425279,1.67955,0,129.684,2.89756,128.041,0.84672,12.849,0.84672,3695.15,0,36.966,0.427975,2.80794,2.16705,12.9768,0.931133,16.5926,0.42336,36.966,0.42336,423.524,0,1.02816,0,0,3.8361,2.80794,1.028160,1,0,145.809,0,0,0,145.809,0
72.29,2.39272,0,0,3.90302,0.254371,1.25592,3.6288,61.308,0.66528,0,0,1.60694,0.157622,0.784034,0.66528,12.849,1,0.425288,1.25592,0,101.593,2.32803,100.096,0.84672,12.849,0.84672,3695.15,0,36.966,0.428009,2.39009,2.16709,10.9756,0.922738,14.182,0.42336,36.966,0.42336,423.524,0,1.02816,0,0,3.41825,2.39009,1.028160,1,0,115.062,0,0,0,115.062,0
72.29,2.35626,0,0,4.80722,0.24124,2.20972,3.6288,61.308,0.665025,0,0,1.78663,0.212804,0.908802,0.66528,12.849,1,0.418806,2.20972,0,91.8009,3.95031,89.6415,0.84672,12.849,0.84672,3695.15,0,36.966,0.400981,2.40697,2.16713,11.3729,1.06841,14.4776,0.42336,36.966,0.42336,423.524,0,1.02816,0,0,3.43513,2.40697,1.028160,1,0,105.028,0,0,0,105.028,0
72.29,2.3563,0,0,4.18523,0.24124,1.58769,3.6288,61.308,0.665046,0,0,1.71614,0.212804,0.838287,0.66528,12.849,1,0.418815,1.58769,0,81.5391,3.95031,78.7577,0.84672,12.849,0.84672,3695.15,0,36.966,0.400993,2.0317,2.138,10.6388,1.06841,13.3391,0.42336,36.966,0.42336,423.524,0,1.02816,0,0,3.05986,2.0317,1.028160,1,0,92.9351,0,0,0,92.9351,0
72.29,2.35635,0,0,3.75009,0.24124,1.1525,3.6288,61.308,0.665067,0,0,1.51641,0.212804,0.638544,0.66528,12.849,1,0.418824,1.1525,0,69.9831,3.95031,66.7665,0.84672,12.849,0.84672,3695.15,0,36.966,0.401006,1.65527,2.13804,9.26813,1.06841,11.592,0.42336,36.966,0.42336,423.524,0,1.02816,0,0,2.68343,1.65527,1.028160,1,0,78.9971,0,0,0,78.9971,0
72.29,2.3564,0,0,3.46747,0.219636,0.891428,3.6288,61.308,0.665088,0,0,1.41096,0.18436,0.561516,0.66528,12.849,1,0.418833,0.891428,0,66.4701,3.36051,63.5822,0.84672,12.849,0.84672,3695.15,0,36.966,0.401019,1.51933,2.13807,8.35479,0.918821,10.6924,0.42336,36.966,0.42336,423.524,0,1.02816,0,0,2.54749,1.51933,1.028160,1,0,74.8361,0,0,0,74.8361,0
72.29,2.48041,0,0,3.27008,0.175131,0.614539,3.6288,61.308,0.66528,0,0,1.30282,0.189424,0.448113,0.66528,12.849,1,0.440875,0.614539,0,59.4327,3.78333,55.8231,0.84672,12.849,0.84672,3695.15,0,36.966,0.49774,1.59227,2.13811,8.01775,0.93354,10.3168,0.42336,36.966,0.42336,423.524,0,1.02816,0,0,2.62043,1.59227,1.028160,1,0,66.588,0,0,0,66.588,0
72.29,2.48047,0,0,3.22423,0.148234,0.595532,3.6288,61.308,0.66528,0,0,1.32332,0.201755,0.456285,0.66528,12.849,1,0.440884,0.595532,0,55.1753,4.27739,51.0526,0.84672,12.849,0.84672,3695.15,0,36.966,0.497776,1.73173,2.24036,8.46832,0.989456,10.9532,0.42336,36.966,0.42336,423.524,0,1.02816,0,0,2.75989,1.73173,1.028160,1,0,62.462,0,0,0,62.462,0
72.29,2.48052,0,0,3.09829,0.148234,0.469536,3.6288,61.308,0.66528,0,0,1.34809,0.201755,0.481056,0.66528,12.849,1,0.440893,0.469536,0,52.0145,4.27739,47.7658,0.84672,12.849,0.84672,3695.15,0,36.966,0.497811,1.59436,2.24039,8.44405,0.989456,10.7915,0.42336,36.966,0.42336,423.524,0,1.02816,0,0,2.62252,1.59436,1.028160,1,0,59.0384,0,0,0,59.0384,0
72.2014,2.48057,0,0,2.90313,0.148234,0.36288,3.6288,61.308,0.66528,0,0,1.25459,0.201755,0.387554,0.66528,12.849,1,0.440902,0.36288,0,48.7277,4.27739,44.3723,0.84672,12.849,0.84672,3695.15,0,36.966,0.497846,1.41572,2.24043,7.82896,0.989456,9.99782,0.42336,36.966,0.42336,423.524,0,1.02816,0,0,2.44388,1.41572,1.028160,1,0,54.7577,0,0,0,54.7577,0
72.29,2.48016,0,0,3.21065,0.0992982,0.542636,3.6288,61.308,0.66528,0,0,1.14268,0.248745,0.228658,0.66528,12.849,1,0.44137,0.542636,0,48.4302,5.34538,43.1861,0.84672,12.849,0.84672,3695.15,0,36.966,0.497882,1.28653,2.24047,7.00205,1.15519,8.87599,0.42336,36.966,0.42336,423.524,0,1.02816,0,0,2.31469,1.28653,1.028160,1,0,52.2908,0,0,0,52.2908,0
72.29,2.45615,0,0,4.16268,0.103598,1.60293,3.6288,61.308,0.66528,0,0,0.938719,0.266041,0.00739767,0.66528,12.849,1,0.436563,1.60293,0,52.3956,5.30794,48.254,0.84672,12.849,0.84672,3695.15,0,36.966,0.551169,0.565108,2.24051,5.49247,1.24103,6.50589,0.42336,36.966,0.42336,423.524,0,1.02816,0,0,1.59327,0.565108,1.028160,1,0,54.7673,0,0,0,54.7673,0
72.29,2.4562,0,0,3.93836,0.0866734,1.39548,3.6288,61.2559,0.66528,0,0,0.902785,0.28962,0,0.66528,12.849,1,0.436572,1.39548,0,49.3957,5.33326,45.0214,0.84672,12.849,0.84672,3695.15,0,36.966,0.551205,0.512706,2.27628,5.46328,1.31914,6.38192,0.42336,36.966,0.42336,423.524,0,1.02816,0,0,1.54087,0.512706,1.028160,1,0,51.4033,0,0,0,51.4033,0
72.29,2.45626,0,0,3.72168,0.0866734,1.17875,3.6288,61.1062,0.66528,0,0,0.805084,0.289524,0,0.66528,12.849,1,0.436581,1.17875,0,44.7932,5.33326,40.2021,0.84672,12.849,0.84672,3695.15,0,36.966,0.551242,0.456728,2.27632,5.28346,1.31914,6.14613,0.42336,36.966,0.42336,423.524,0,1.02816,0,0,1.48489,0.456728,1.028160,1,0,46.3483,0,0,0,46.3483,0
72.29,2.45631,0,0,3.46675,0.0866734,0.923769,3.6288,60.8916,0.66528,0,0,0.739921,0.28925,0,0.66528,12.849,1,0.43659,0.923769,0,42.8121,5.33326,37.9661,0.84672,12.849,0.84672,3695.15,0,36.966,0.551278,0.376877,2.27636,4.9328,1.31914,5.71562,0.42336,36.966,0.42336,423.524,0,1.02816,0,0,1.40504,0.376877,1.028160,1,0,43.6817,0,0,0,43.6817,0
72.29,2.51968,0,0,3.04591,0.0785779,0.447658,3.6288,60.4066,0.786093,0,0,0.614643,0.313524,0,0.66528,12.849,1,0.447853,0.447658,0,31.8806,5.59392,26.2865,0.84672,12.849,0.84672,3695.15,0,36.966,0.598777,0.261274,2.2764,3.91225,1.38647,4.46467,0.42336,36.966,0.42336,423.524,0,0.907347,0,0,1.16862,0.261274,1.028160,1,0,30.7512,0,0,0,30.7512,0
72.29,2.51973,0,0,3.13579,0.0711716,0.544894,3.6288,60.0606,0.66528,0,0,0.641111,0.321813,0,0.66528,12.849,1,0.447863,0.544894,0,41.6994,5.68166,36.1148,0.84672,12.849,0.84672,3695.15,0,36.966,0.598814,0.346265,2.32708,4.23996,1.42393,4.89056,0.42336,36.966,0.42336,423.524,0,1.02816,0,0,1.37443,0.346265,1.028160,1,0,41.0053,0,0,0,41.0053,0
72.2608,2.51978,0,0,2.92459,0.0711716,0.36288,3.6288,59.6421,0.66528,0,0,0.56786,0.321105,0,0.66528,12.849,1,0.447872,0.36288,0,32.988,5.68166,27.2213,0.84672,12.849,0.84672,3695.15,0,36.966,0.598852,0.328588,2.32712,3.87009,1.42393,4.50301,0.42336,36.966,0.42336,423.524,0,1.02816,0,0,1.35675,0.328588,1.028160,1,0,31.7243,0,0,0,31.7243,0
71.9672,2.51968,0,0,2.66019,0.0711558,0.36288,3.6288,59.0788,0.776451,0,0,0.533394,0.320248,0,0.66528,12.849,1,0.448035,0.36288,0,30.3337,5.68166,24.5668,0.84672,12.849,0.84672,3695.15,0,36.966,0.598889,0.227405,2.32716,3.54198,1.42393,4.07372,0.42336,36.966,0.42336,423.524,0,0.916989,0,0,1.14439,0.227405,1.028160,1,0,28.6406,0,0,0,28.6406,0
71.9756,2.70349,0,0,3.13533,0.0605518,0.36288,3.6288,58.7248,0.66528,0,0,0.636103,0.324747,0,0.66528,12.849,1,0.482681,0.36288,0,30.4636,5.85894,24.4849,0.84672,12.849,0.84672,3695.15,0,36.966,0.770254,0.440701,2.3272,4.36539,1.50195,4.86108,0.42336,36.966,0.42336,423.524,0,1.02816,0,0,1.46886,0.440701,1.028160,1,0,29.3459,0,0,0,29.3459,0
71.1814,2.7036,0,0,2.33026,0.0580354,0.36288,3.6288,57.6444,1.12857,0,0,0.37373,0.325584,0,0.66528,12.849,1,0.482643,0.36288,0,31.0356,5.92084,24.995,0.84672,12.849,0.84672,3695.15,0,36.966,0.770294,0.227405,2.50054,2.35079,1.57111,2.73732,0.42336,36.966,0.42336,423.524,0,0.564866,0,0,0.792271,0.227405,1.028160,1,0,27.7323,0,0,0,27.7323,0
70.8215,2.69909,0,0,2.75977,0.0576849,0.36288,3.6288,57.1626,0.729026,0,0,0.570491,0.323324,0,0.66528,12.849,1,0.487215,0.36288,0,26.6388,5.92084,20.5936,0.84672,12.849,0.84672,3695.15,0,36.966,0.770335,0.227405,2.50058,3.17898,1.57111,3.56551,0.42336,36.966,0.42336,423.524,0,0.964414,0,0,1.19182,0.227405,1.028160,1,0,24.1591,0,0,0,24.1591,0
70.0061,2.69705,0,0,2.30578,0.0612892,0.36288,3.6288,56.3215,0.957563,0,0,0.418667,0.302173,0,0.66528,12.849,1,0.48932,0.36288,0,24.3092,5.36631,18.8165,0.84672,12.849,0.84672,3695.15,0,36.966,0.770375,0.204422,2.50063,3.29356,1.35525,3.87298,0.42336,36.966,0.42336,423.524,0,0.735877,0,0,0.9403,0.204422,1.028160,1,0,22.6895,0,0,0,22.6895,0
69.5022,2.69229,0,0,2.62361,0.0722511,0.36288,3.6288,56.0162,0.66528,0,0,0.637746,0.277739,0,0.66528,12.849,1,0.494146,0.36288,0,22.0157,4.81241,17.072,0.84672,12.849,0.84672,3695.15,0,36.966,0.770416,0.224968,2.50067,4.45831,1.10023,5.3133,0.42336,36.966,0.42336,423.524,0,1.02816,0,0,1.25313,0.224968,1.028160,1,0,22.3853,0,0,0,22.3853,0
70.3265,2.59948,0,0,3.82829,0.0416872,0.36288,3.6288,56.6533,0.66528,0,0,1.64973,0.34738,0,0.66528,12.849,1,0.480571,0.36288,0,38.2703,6.31176,31.8408,0.84672,12.849,0.84672,3695.15,0,36.966,0.666458,1.79741,2.50071,9.46123,1.42978,11.6631,0.42336,36.966,0.42336,423.524,0,1.02816,0,0,2.82557,1.79741,1.028160,1,0,43.504,0,0,0,43.504,0
71.5932,2.6043,0,0,4.34454,0.110682,0.36288,3.6288,57.2774,0.66528,0,0,1.5913,0.301943,0,0.66528,12.849,1,0.475818,0.36288,0,32.285,5.92526,26.2468,0.84672,12.849,0.84672,3695.15,0,36.966,0.666496,1.61475,2.40046,7.13465,1.29702,9.18634,0.42336,36.966,0.42336,423.524,0,1.02816,0,0,2.64291,1.61475,1.028160,1,0,35.4331,0,0,0,35.4331,0
72.29,2.61149,0,0,5.74745,0.111761,2.32737,3.6288,58.3791,0.66528,0,0,2.07019,0.30317,0,0.66528,12.849,1,0.46869,2.32737,0,46.9975,5.92526,42.931,0.84672,12.849,0.84672,3695.15,0,36.966,0.666535,2.6292,2.4005,10.2424,1.29702,13.3085,0.42336,36.966,0.42336,423.524,0,1.02816,0,0,3.65736,2.6292,1.028160,1,0,56.2395,0,0,0,56.2395,0
72.29,2.61538,0,0,7.47957,0.112355,4.75184,3.6288,60.3378,0.66528,0,0,2.92935,0.305337,0,0.66528,12.849,1,0.464864,4.75184,0,92.022,5.92526,90.3838,0.84672,12.849,0.84672,3695.15,0,36.966,0.666573,4.09641,2.40054,12.1631,1.29702,16.6965,0.42336,36.966,0.42336,423.524,0,1.02816,0,0,5.12457,4.09641,1.028160,1,0,107.08,0,0,0,107.08,0
72.29,2.54124,0,0,5.45328,0.142998,2.76905,3.6288,61.308,0.66528,0,0,2.53535,0.245528,0.654368,0.66528,12.849,1,0.451686,2.76905,0,91.1779,4.6774,88.8179,0.84672,12.849,0.84672,3695.15,0,36.966,0.571939,2.18243,2.40058,9.59351,1.12989,12.4747,0.42336,36.966,0.42336,423.524,0,1.02816,0,0,3.21059,2.18243,1.028160,1,0,101.947,0,0,0,101.947,0
72.29,2.54129,0,0,7.38717,0.155255,4.69062,3.6288,61.308,0.66528,0,0,2.44737,0.221422,1.56066,0.66528,12.849,1,0.451695,4.69062,0,92.2726,4.17826,92.3333,0.84672,12.849,0.84672,3695.15,0,36.966,0.571976,2.93431,2.31111,11.2502,1.06303,14.8606,0.42336,36.966,0.42336,423.524,0,1.02816,0,0,3.96247,2.93431,1.028160,1,0,108.755,0,0,0,108.755,0
72.29,2.54134,0,0,5.51198,0.155255,2.81539,3.6288,61.308,0.66528,0,0,1.42246,0.221422,0.535762,0.66528,12.849,1,0.451704,2.81539,0,86.953,4.17826,85.1384,0.84672,12.849,0.84672,3695.15,0,36.966,0.572013,1.52326,2.31115,9.3414,1.06303,11.5408,0.42336,36.966,0.42336,423.524,0,1.02816,0,0,2.55142,1.52326,1.028160,1,0,97.2149,0,0,0,97.2149,0
72.29,2.54139,0,0,6.4213,0.234166,3.64574,3.6288,61.308,0.66528,0,0,1.86105,0.162185,1.03358,0.66528,12.849,1,0.451714,3.64574,0,86.9987,3.48516,86.7076,0.84672,12.849,0.84672,3695.15,0,36.966,0.57205,2.19586,2.31119,9.78229,0.835618,12.8817,0.42336,36.966,0.42336,423.524,0,1.02816,0,0,3.22402,2.19586,1.028160,1,0,100.623,0,0,0,100.623,0
72.29,2.33071,0,0,12.8264,0.233161,10.2626,3.6288,61.308,0.648912,0,0,7.28228,0.180656,6.45271,0.66528,12.849,1,0.414266,10.2626,0,105.246,3.85875,111.236,0.84672,12.849,0.84672,3695.15,0,36.966,0.391265,3.71041,2.31123,15.7654,0.924535,20.4712,0.42336,36.966,0.42336,423.524,0,1.02816,0,0,4.73857,3.71041,1.028160,1,0,138.16,0,0,0,138.16,0
72.29,2.33076,0,0,8.74152,0.23182,6.17894,3.6288,61.308,0.648933,0,0,5.79349,0.205284,4.93927,0.66528,12.849,1,0.414275,6.17894,0,86.3888,4.35687,87.7966,0.84672,12.849,0.84672,3695.15,0,36.966,0.391278,3.57153,2.11241,15.7693,1.04309,20.0189,0.42336,36.966,0.42336,423.524,0,1.02816,0,0,4.59969,3.57153,1.028160,1,0,112.755,0,0,0,112.755,0
72.29,2.33081,0,0,10.5066,0.23182,7.94396,3.6288,61.308,0.648953,0,0,7.16902,0.205284,6.31478,0.66528,12.849,1,0.414283,7.94396,0,112.896,4.35687,116.069,0.84672,12.849,0.84672,3695.15,0,36.966,0.39129,4.02837,2.11244,19.9418,1.04309,24.6482,0.42336,36.966,0.42336,423.524,0,1.02816,0,0,5.05653,4.02837,1.028160,1,0,147.032,0,0,0,147.032,0
72.29,2.33085,0,0,8.79708,0.23182,6.2344,3.6288,61.308,0.648974,0,0,4.17775,0.205284,3.32349,0.66528,12.849,1,0.414292,6.2344,0,141.375,4.35687,142.838,0.84672,12.849,0.84672,3695.15,0,36.966,0.391302,2.56248,2.11248,16.1556,1.04309,19.3962,0.42336,36.966,0.42336,423.524,0,1.02816,0,0,3.59064,2.56248,1.028160,1,0,165.557,0,0,0,165.557,0
72.29,2.3309,0,0,8.62203,0.26247,6.02865,3.6288,61.308,0.648995,0,0,2.1062,0.20343,1.25377,0.66528,12.849,1,0.4143,6.02865,0,112.45,4.85637,113.208,0.84672,12.849,0.84672,3695.15,0,36.966,0.391315,1.36396,2.11251,10.8715,1.10325,12.8534,0.42336,36.966,0.42336,423.524,0,1.02816,0,0,2.39212,1.36396,1.028160,1,0,127.316,0,0,0,127.316,0
72.29,2.41201,0,0,7.57607,0.271469,4.89259,3.6288,61.308,0.66528,0,0,1.19908,0.263606,0.270191,0.66528,12.849,1,0.428717,4.89259,0,154.235,5.038,153.661,0.84672,12.849,0.84672,3695.15,0,36.966,0.432164,1.56728,2.11255,9.8008,1.19138,11.8571,0.42336,36.966,0.42336,423.524,0,1.02816,0,0,2.59544,1.56728,1.028160,1,0,165.788,0,0,0,165.788,0
71.8959,2.41205,0,0,2.6523,0.271469,0.36288,3.6288,61.308,0.66528,0,0,0.934934,0.263606,0.00604876,0.66528,12.849,1,0.428723,0.36288,0,68.37,5.038,63.2662,0.84672,12.849,0.84672,3695.15,0,36.966,0.432188,0.816791,2.17459,3.48741,1.19138,4.85522,0.42336,36.966,0.42336,423.524,0,1.02816,0,0,1.84495,0.816791,1.028160,1,0,68.1275,0,0,0,68.1275,0
72.29,2.41009,0,0,5.0753,0.262642,2.00847,3.6288,61.308,0.66528,0,0,1.73121,0.258788,0.807146,0.66528,12.849,1,0.430723,2.00847,0,113.038,4.75328,109.862,0.84672,12.849,0.84672,3695.15,0,36.966,0.432211,2.5187,2.17462,6.64926,1.13305,9.77731,0.42336,36.966,0.42336,423.524,0,1.02816,0,0,3.54686,2.5187,1.028160,1,0,120.447,0,0,0,120.447,0
72.29,2.41211,0,0,8.23196,0.243331,5.57651,3.6288,61.308,0.66528,0,0,2.98499,0.246745,2.07297,0.66528,12.849,1,0.428735,5.57651,0,171.348,4.04145,172.455,0.84672,12.849,0.84672,3695.15,0,36.966,0.432234,5.23047,2.17465,13.5295,0.987228,19.5152,0.42336,36.966,0.42336,423.524,0,1.02816,0,0,6.25863,5.23047,1.028160,1,0,194.043,0,0,0,194.043,0
72.29,2.67247,0,0,6.38358,0.238446,3.47266,3.6288,61.308,0.66528,0,0,1.69417,0.221012,0.807883,0.66528,12.849,1,0.475011,3.47266,0,134.938,3.02907,134.906,0.84672,12.849,0.84672,3695.15,0,36.966,0.646638,2.39185,2.17467,8.38706,0.791603,11.5153,0.42336,36.966,0.42336,423.524,0,1.02816,0,0,3.42001,2.39185,1.028160,1,0,147.23,0,0,0,147.23,0
72.29,2.67251,0,0,8.87725,0.285027,5.91972,3.6288,61.308,0.66528,0,0,1.85345,0.211567,0.976606,0.66528,12.849,1,0.475018,5.91972,0,222.806,3.49503,224.755,0.84672,12.849,0.84672,3695.15,0,36.966,0.646664,3.71466,2.39778,12.6931,0.934518,17.2244,0.42336,36.966,0.42336,423.524,0,1.02816,0,0,4.74282,3.71466,1.028160,1,0,242.956,0,0,0,242.956,0
72.29,2.67254,0,0,4.8374,0.285027,1.87983,3.6288,61.308,0.66528,0,0,1.21245,0.211567,0.335604,0.66528,12.849,1,0.475024,1.87983,0,127.271,3.49503,125.18,0.84672,12.849,0.84672,3695.15,0,36.966,0.64669,1.49056,2.39781,6.80712,0.934518,9.11429,0.42336,36.966,0.42336,423.524,0,1.02816,0,0,2.51872,1.49056,1.028160,1,0,134.63,0,0,0,134.63,0
72.29,2.67258,0,0,3.69463,0.285027,0.737021,3.6288,61.308,0.66528,0,0,0.963732,0.211567,0.0868847,0.66528,12.849,1,0.475031,0.737021,0,87.1491,3.49503,83.916,0.84672,12.849,0.84672,3695.15,0,36.966,0.646716,1.02384,2.39784,5.24566,0.934518,7.08611,0.42336,36.966,0.42336,423.524,0,1.02816,0,0,2.052,1.02384,1.028160,1,0,91.089,0,0,0,91.089,0
72.29,2.3013,0,0,5.1564,0.309936,2.54516,3.6288,61.308,0.639011,0,0,3.2746,0.218452,2.41714,0.66528,12.849,1,0.409039,2.54516,0,230.602,3.4307,229.307,0.84672,12.849,0.84672,3695.15,0,36.966,0.385295,3.82778,2.39787,10.6125,0.931219,15.5217,0.42336,36.966,0.42336,423.524,0,1.02816,0,0,4.85594,3.82778,1.028160,1,0,247.246,0,0,0,247.246,0
72.29,2.30133,0,0,6.80296,0.327295,4.17434,3.6288,61.308,0.639024,0,0,2.24011,0.231277,1.36981,0.66528,12.849,1,0.409044,4.17434,0,241.946,3.51477,242.196,0.84672,12.849,0.84672,3695.15,0,36.966,0.385303,4.35258,2.09365,12.6758,0.966687,17.7701,0.42336,36.966,0.42336,423.524,0,1.02816,0,0,5.38074,4.35258,1.028160,1,0,261.336,0,0,0,261.336,0
72.29,2.30137,0,0,10.1899,0.327295,7.56127,3.6288,61.308,0.639038,0,0,6.38434,0.231277,5.51402,0.66528,12.849,1,0.40905,7.56127,0,260.982,3.51477,264.619,0.84672,12.849,0.84672,3695.15,0,36.966,0.385312,9.79646,2.09368,19.0921,0.966687,29.6302,0.42336,36.966,0.42336,423.524,0,1.02816,0,0,10.8246,9.79646,1.028160,1,0,299.763,0,0,0,299.763,0
72.29,2.3014,0,0,11.9053,0.328359,9.27556,3.6288,61.308,0.639052,0,0,5.34196,0.185858,4.51705,0.66528,12.849,1,0.409056,9.27556,0,249.814,3.30639,255.374,0.84672,12.849,0.84672,3695.15,0,36.966,0.38532,7.19746,2.0937,19.9069,0.891589,27.9212,0.42336,36.966,0.42336,423.524,0,1.02816,0,0,8.22562,7.19746,1.028160,1,0,287.812,0,0,0,287.812,0
72.29,2.30143,0,0,7.45165,0.331642,4.81858,3.6288,61.308,0.639066,0,0,2.47635,0.156595,1.68068,0.66528,12.849,1,0.409062,4.81858,0,187.904,3.19509,189.118,0.84672,12.849,0.84672,3695.15,0,36.966,0.385329,4.05173,2.09373,11.7126,0.855165,16.6176,0.42336,36.966,0.42336,423.524,0,1.02816,0,0,5.07989,4.05173,1.028160,1,0,207.416,0,0,0,207.416,0
72.29,2.39493,0,0,8.81271,0.346548,6.07123,3.6288,61.308,0.66528,0,0,5.66623,0.185397,4.81556,0.66528,12.849,1,0.425682,6.07123,0,216.645,3.465,218.826,0.84672,12.849,0.84672,3695.15,0,36.966,0.429528,6.95581,2.09375,16.2037,0.974567,23.8492,0.42336,36.966,0.42336,423.524,0,1.02816,0,0,7.98397,6.95581,1.028160,1,0,247.491,0,0,0,247.491,0
72.29,2.39497,0,0,7.52337,0.346548,4.78185,3.6288,61.308,0.66528,0,0,4.5225,0.185397,3.67183,0.66528,12.849,1,0.425688,4.78185,0,168.379,3.465,169.27,0.84672,12.849,0.84672,3695.15,0,36.966,0.429551,5.557,2.16879,11.7283,0.974567,18.05,0.42336,36.966,0.42336,423.524,0,1.02816,0,0,6.58516,5.557,1.028160,1,0,190.992,0,0,0,190.992,0
72.29,2.395,0,0,6.02136,0.308825,3.31754,3.6288,61.308,0.66528,0,0,3.18103,0.181235,2.33452,0.66528,12.849,1,0.425694,3.31754,0,141.413,3.71212,140.592,0.84672,12.849,0.84672,3695.15,0,36.966,0.429574,3.72195,2.16881,8.18908,0.990636,12.6596,0.42336,36.966,0.42336,423.524,0,1.02816,0,0,4.75011,3.72195,1.028160,1,0,155.586,0,0,0,155.586,0
72.29,2.39504,0,0,5.20138,0.293736,2.5126,3.6288,61.308,0.66528,0,0,2.739,0.17957,1.89415,0.66528,12.849,1,0.4257,2.5126,0,130.653,3.81098,128.929,0.84672,12.849,0.84672,3695.15,0,36.966,0.429597,2.69863,2.16884,7.02,0.997063,10.4608,0.42336,36.966,0.42336,423.524,0,1.02816,0,0,3.72679,2.69863,1.028160,1,0,141.284,0,0,0,141.284,0
72.29,2.35852,0,0,5.25957,0.274913,2.62613,3.6288,61.308,0.66528,0,0,1.93269,0.224033,1.04338,0.66528,12.849,1,0.419209,2.62613,0,103.062,4.12157,101.148,0.84672,12.849,0.84672,3695.15,0,36.966,0.40228,2.78449,2.16886,8.823,1.05722,12.3169,0.42336,36.966,0.42336,423.524,0,1.02816,0,0,3.81265,2.78449,1.028160,1,0,114.508,0,0,0,114.508,0
72.29,2.35855,0,0,4.82223,0.271776,2.1919,3.6288,61.308,0.66528,0,0,1.69941,0.231443,0.802687,0.66528,12.849,1,0.419215,2.1919,0,109.937,4.17333,107.536,0.84672,12.849,0.84672,3695.15,0,36.966,0.402303,2.19124,2.1397,7.42591,1.06724,10.2873,0.42336,36.966,0.42336,423.524,0,1.02816,0,0,3.2194,2.19124,1.028160,1,0,118.626,0,0,0,118.626,0
72.29,2.35859,0,0,4.54675,0.271776,1.91638,3.6288,61.308,0.66528,0,0,1.54434,0.231443,0.647617,0.66528,12.849,1,0.419221,1.91638,0,96.4328,4.17333,93.7566,0.84672,12.849,0.84672,3695.15,0,36.966,0.402326,1.65681,2.13972,6.82551,1.06724,9.15247,0.42336,36.966,0.42336,423.524,0,1.02816,0,0,2.68497,1.65681,1.028160,1,0,103.557,0,0,0,103.557,0
72.29,2.35862,0,0,4.16709,0.261786,1.54668,3.6288,61.308,0.66528,0,0,1.44158,0.237849,0.538446,0.66528,12.849,1,0.419227,1.54668,0,88.1159,4.31333,84.93,0.84672,12.849,0.84672,3695.15,0,36.966,0.402348,1.57976,2.13975,5.80881,1.08687,8.0391,0.42336,36.966,0.42336,423.524,0,1.02816,0,0,2.60792,1.57976,1.028160,1,0,93.5076,0,0,0,93.5076,0
72.29,2.48272,0,0,3.87718,0.215908,1.17855,3.6288,61.308,0.66528,0,0,1.3116,0.26385,0.382474,0.66528,12.849,1,0.441285,1.17855,0,73.4124,4.71108,69.4385,0.84672,12.849,0.84672,3695.15,0,36.966,0.499333,1.3933,2.13977,5.676,1.09771,7.61204,0.42336,36.966,0.42336,423.524,0,1.02816,0,0,2.42146,1.3933,1.028160,1,0,77.4331,0,0,0,77.4331,0
72.29,2.48276,0,0,3.54853,0.189324,0.876445,3.6288,61.308,0.66528,0,0,1.15277,0.26586,0.221634,0.66528,12.849,1,0.441291,0.876445,0,61.5204,5.11581,56.8398,0.84672,12.849,0.84672,3695.15,0,36.966,0.499357,0.987491,2.24209,5.00572,1.15968,6.57627,0.42336,36.966,0.42336,423.524,0,1.02816,0,0,2.01565,0.987491,1.028160,1,0,63.6377,0,0,0,63.6377,0
72.29,2.48279,0,0,3.45248,0.189324,0.780368,3.6288,61.308,0.66528,0,0,1.06782,0.26586,0.136677,0.66528,12.849,1,0.441297,0.780368,0,57.197,5.11581,52.4202,0.84672,12.849,0.84672,3695.15,0,36.966,0.499381,0.794197,2.24212,4.61031,1.15968,5.98757,0.42336,36.966,0.42336,423.524,0,1.02816,0,0,1.82236,0.794197,1.028160,1,0,58.5445,0,0,0,58.5445,0
72.29,2.48283,0,0,3.02651,0.174928,0.36876,3.6288,61.308,0.66528,0,0,0.994766,0.275304,0.0541826,0.66528,12.849,1,0.441304,0.36876,0,51.1022,5.22291,45.8068,0.84672,12.849,0.84672,3695.15,0,36.966,0.499405,0.670905,2.24215,4.47298,1.18704,5.69959,0.42336,36.966,0.42336,423.524,0,1.02816,0,0,1.69906,0.670905,1.028160,1,0,51.5605,0,0,0,51.5605,0
72.1252,2.48286,0,0,2.81629,0.135348,0.36288,3.6288,61.2943,0.66528,0,0,0.952266,0.300669,0,0.66528,12.849,1,0.44131,0.36288,0,45.587,5.49578,40.0128,0.84672,12.849,0.84672,3695.15,0,36.966,0.499429,0.597499,2.24217,4.17258,1.2717,5.24112,0.42336,36.966,0.42336,423.524,0,1.02816,0,0,1.62566,0.597499,1.028160,1,0,45.2539,0,0,0,45.2539,0
71.5188,2.45751,0,0,2.32762,0.113672,0.36288,3.6288,61.1906,0.66528,0,0,0.872752,0.311183,0,0.66528,12.849,1,0.437802,0.36288,0,39.927,5.52647,34.3256,0.84672,12.849,0.84672,3695.15,0,36.966,0.552748,0.764182,2.2422,3.62391,1.36921,4.70833,0.42336,36.966,0.42336,423.524,0,1.02816,0,0,1.79234,0.764182,1.028160,1,0,39.0339,0,0,0,39.0339,0
70.6332,2.4544,0,0,2.04484,0.113148,0.36288,3.6288,60.9713,0.66528,0,0,0.75695,0.310979,0,0.66528,12.849,1,0.440955,0.36288,0,58.0374,5.52647,52.4328,0.84672,12.849,0.84672,3695.15,0,36.966,0.552773,0.655932,2.27799,4.30179,1.36921,5.31372,0.42336,36.966,0.42336,423.524,0,1.02816,0,0,1.68409,0.655932,1.028160,1,0,57.7466,0,0,0,57.7466,0
69.5556,2.44976,0,0,1.84743,0.112383,0.36288,3.6288,60.6991,0.66528,0,0,0.703616,0.310547,0,0.66528,12.849,1,0.445639,0.36288,0,52.5302,5.52647,46.9209,0.84672,12.849,0.84672,3695.15,0,36.966,0.552797,0.562991,2.27801,4.03895,1.36921,4.95794,0.42336,36.966,0.42336,423.524,0,1.02816,0,0,1.59115,0.562991,1.028160,1,0,51.8789,0,0,0,51.8789,0
68.3673,2.44396,0,0,1.72997,0.111453,0.36288,3.6288,60.3895,0.66528,0,0,0.665722,0.310012,0,0.66528,12.849,1,0.451473,0.36288,0,49.4798,5.52647,43.8648,0.84672,12.849,0.84672,3695.15,0,36.966,0.552822,0.509276,2.27804,3.83505,1.36921,4.70033,0.42336,36.966,0.42336,423.524,0,1.02816,0,0,1.53744,0.509276,1.028160,1,0,48.5651,0,0,0,48.5651,0
67.2493,2.50022,0,0,1.82723,0.082129,0.36288,3.6288,60.0066,0.66528,0,0,0.611972,0.329636,0,0.66528,12.849,1,0.469893,0.36288,0,43.3124,5.92268,37.2827,0.84672,12.849,0.84672,3695.15,0,36.966,0.600347,0.438765,2.27807,3.44799,1.54018,4.02429,0.42336,36.966,0.42336,423.524,0,1.02816,0,0,1.46693,0.438765,1.028160,1,0,41.307,0,0,0,41.307,0
65.999,2.49369,0,0,1.68293,0.076632,0.36288,3.6288,59.5921,0.66528,0,0,0.576938,0.326115,0,0.66528,12.849,1,0.476458,0.36288,0,39.6055,5.92914,33.5628,0.84672,12.849,0.84672,3695.15,0,36.966,0.600372,0.307256,2.32878,3.25496,1.55712,3.7335,0.42336,36.966,0.42336,423.524,0,1.02816,0,0,1.33542,0.307256,1.028160,1,0,37.2963,0,0,0,37.2963,0
64.6238,2.48617,0,0,1.54971,0.0758762,0.36288,3.6288,59.1442,0.687969,0,0,0.565284,0.325253,0,0.66528,12.849,1,0.48402,0.36288,0,37.3537,5.92914,31.3035,0.84672,12.849,0.84672,3695.15,0,36.966,0.600398,0.261274,2.32881,3.22203,1.55712,3.65459,0.42336,36.966,0.42336,423.524,0,1.00547,0,0,1.26674,0.261274,1.028160,1,0,34.9581,0,0,0,34.9581,0
63.0119,2.47761,0,0,1.28662,0.057999,0.36288,3.6288,58.7119,0.66528,0,0,0.56221,0.329209,0,0.66528,12.849,1,0.492619,0.36288,0,35.4233,6.22343,29.0701,0.84672,12.849,0.84672,3695.15,0,36.966,0.600423,0.230878,2.32883,3.06851,1.54285,3.48495,0.42336,36.966,0.42336,423.524,0,1.02816,0,0,1.25904,0.230878,1.028160,1,0,32.5551,0,0,0,32.5551,0
61.0924,2.64873,0,0,1.15316,0.0610324,0.36288,3.6288,58.2593,0.67316,0,0,0.542473,0.321875,0,0.66528,12.849,1,0.540113,0.36288,0,32.6627,6.05841,26.427,0.84672,12.849,0.84672,3695.15,0,36.966,0.771907,0.227405,2.32886,2.92369,1.47945,3.2286,0.42336,36.966,0.42336,423.524,0,1.02028,0,0,1.24769,0.227405,1.028160,1,0,29.6556,0,0,0,29.6556,0
59.1188,2.63475,0,0,1.06561,0.0415813,0.36288,3.6288,57.8229,0.66528,0,0,0.557994,0.329159,0,0.66528,12.849,1,0.554142,0.36288,0,28.7042,6.07551,22.4374,0.84672,12.849,0.84672,3695.15,0,36.966,0.771934,0.258854,2.50232,2.65034,1.54378,3.09579,0.42336,36.966,0.42336,423.524,0,1.02816,0,0,1.28701,0.258854,1.028160,1,0,25.5332,0,0,0,25.5332,0
57.1034,2.61959,0,0,1.00787,0.0408423,0.36288,3.6288,57.2937,0.714217,0,0,0.513207,0.328233,0,0.66528,12.849,1,0.569346,0.36288,0,25.7964,6.07551,19.5145,0.84672,12.849,0.84672,3695.15,0,36.966,0.771962,0.227405,2.50235,2.62025,1.54378,3.03426,0.42336,36.966,0.42336,423.524,0,0.979223,0,0,1.20663,0.227405,1.028160,1,0,22.5487,0,0,0,22.5487,0
55.4891,2.60322,0,0,1.39183,0.0400484,0.36288,3.6288,56.8696,0.66528,0,0,0.568361,0.32711,0,0.66528,12.849,1,0.585758,0.36288,0,27.6706,6.07551,21.3722,0.84672,12.849,0.84672,3695.15,0,36.966,0.77199,0.341202,2.50238,2.92099,1.54378,3.4488,0.42336,36.966,0.42336,423.524,0,1.02816,0,0,1.36936,0.341202,1.028160,1,0,24.821,0,0,0,24.821,0
54.4994,2.58942,0,0,2.02639,0.0637672,0.36288,3.6288,56.6419,0.66528,0,0,0.756562,0.319047,0,0.66528,12.849,1,0.599603,0.36288,0,46.1738,5.93559,40.0015,0.84672,12.849,0.84672,3695.15,0,36.966,0.772017,0.51243,2.50241,3.24834,1.52142,3.96973,0.42336,36.966,0.42336,423.524,0,1.02816,0,0,1.54059,0.51243,1.028160,1,0,43.9712,0,0,0,43.9712,0
54.1648,2.49444,0,0,2.60336,0.0806291,0.36288,3.6288,57.282,0.66528,0,0,1.56264,0.257249,0,0.66528,12.849,1,0.588099,0.36288,0,68.0033,4.87242,62.9056,0.84672,12.849,0.84672,3695.15,0,36.966,0.667969,2.09709,2.50243,6.13347,1.27868,8.78634,0.42336,36.966,0.42336,423.524,0,1.02816,0,0,3.12525,2.09709,1.028160,1,0,71.692,0,0,0,71.692,0
53.2476,2.49154,0,0,2.01753,0.0803567,0.36288,3.6288,57.6127,0.66528,0,0,1.25431,0.258321,0,0.66528,12.849,1,0.591044,0.36288,0,56.3693,4.87242,51.2687,0.84672,12.849,0.84672,3695.15,0,36.966,0.667995,1.64177,2.40209,5.13019,1.27868,7.22738,0.42336,36.966,0.42336,423.524,0,1.02816,0,0,2.66993,1.64177,1.028160,1,0,58.4961,0,0,0,58.4961,0
52.6024,2.48337,0,0,2.2807,0.0796102,0.36288,3.6288,57.9673,0.66528,0,0,1.27875,0.258876,0,0.66528,12.849,1,0.599254,0.36288,0,61.547,4.87242,56.4382,0.84672,12.849,0.84672,3695.15,0,36.966,0.668022,1.64058,2.40212,7.30464,1.27868,9.40064,0.42336,36.966,0.42336,423.524,0,1.02816,0,0,2.66874,1.64058,1.028160,1,0,65.8389,0,0,0,65.8389,0
53.1034,2.4775,0,0,3.42045,0.0790851,0.36288,3.6288,58.8479,0.66528,0,0,1.80535,0.25947,0,0.66528,12.849,1,0.605169,0.36288,0,77.1638,4.87242,72.0491,0.84672,12.849,0.84672,3695.15,0,36.966,0.668048,2.33324,2.40215,9.54021,1.27868,12.3289,0.42336,36.966,0.42336,423.524,0,1.02816,0,0,3.3614,2.33324,1.028160,1,0,84.378,0,0,0,84.378,0
54.2175,2.41172,0,0,4.04062,0.151901,0.36288,3.6288,59.6827,0.66528,0,0,1.71713,0.216965,0,0.66528,12.849,1,0.583544,0.36288,0,83.7133,4.61519,78.8775,0.84672,12.849,0.84672,3695.15,0,36.966,0.573334,1.72397,2.40218,12.0222,1.11722,14.4578,0.42336,36.966,0.42336,423.524,0,1.02816,0,0,2.75213,1.72397,1.028160,1,0,93.3353,0,0,0,93.3353,0
56.331,2.42145,0,0,5.08213,0.184253,0.36288,3.6288,60.7208,0.66528,0,0,1.90662,0.203265,0,0.66528,12.849,1,0.573859,0.36288,0,85.9352,4.71629,81.0079,0.84672,12.849,0.84672,3695.15,0,36.966,0.573359,1.36683,2.31262,9.03649,1.07241,11.0702,0.42336,36.966,0.42336,423.524,0,1.02816,0,0,2.39499,1.36683,1.028160,1,0,92.0781,0,0,0,92.0781,0
59.1225,2.43901,0,0,5.78159,0.188195,0.36288,3.6288,61.308,0.66528,0,0,2.95021,0.204613,1.49315,0.66528,12.849,1,0.556334,0.36288,0,97.6225,4.71629,92.7128,0.84672,12.849,0.84672,3695.15,0,36.966,0.573384,2.06865,2.31265,10.8687,1.07241,13.6042,0.42336,36.966,0.42336,423.524,0,1.02816,0,0,3.09681,2.06865,1.028160,1,0,107.81,0,0,0,107.81,0
61.6239,2.46063,0,0,5.52928,0.204426,0.36288,3.6288,61.308,0.66528,0,0,2.30495,0.178523,1.46115,0.66528,12.849,1,0.534764,0.36288,0,94.2097,4.72896,89.3089,0.84672,12.849,0.84672,3695.15,0,36.966,0.573409,1.83372,2.31268,12.0614,1.15136,14.483,0.42336,36.966,0.42336,423.524,0,1.02816,0,0,2.86188,1.83372,1.028160,1,0,105.253,0,0,0,105.253,0
62.8221,2.27311,0,0,4.09682,0.262627,0.36288,3.6288,61.308,0.649668,0,0,1.78531,0.188834,0.946806,0.66528,12.849,1,0.473959,0.36288,0,69.2063,4.53742,64.5578,0.84672,12.849,0.84672,3695.15,0,36.966,0.391721,1.18769,2.3127,7.4831,1.03456,9.55721,0.42336,36.966,0.42336,423.524,0,1.02816,0,0,2.21585,1.18769,1.028160,1,0,75.0618,0,0,0,75.0618,0
64.151,2.28065,0,0,4.22969,0.257203,0.36288,3.6288,61.308,0.649682,0,0,2.07254,0.182778,1.24008,0.66528,12.849,1,0.46646,0.36288,0,78.637,3.72172,74.8117,0.84672,12.849,0.84672,3695.15,0,36.966,0.39173,1.93147,2.11373,9.41234,0.918623,12.1472,0.42336,36.966,0.42336,423.524,0,1.02816,0,0,2.95963,1.93147,1.028160,1,0,88.1989,0,0,0,88.1989,0
65.7956,2.28873,0,0,4.55617,0.259997,0.36288,3.6288,61.308,0.649696,0,0,1.91166,0.182778,1.07919,0.66528,12.849,1,0.458416,0.36288,0,91.7896,3.72172,87.9724,0.84672,12.849,0.84672,3695.15,0,36.966,0.391738,2.13443,2.11376,8.85533,0.918623,11.7932,0.42336,36.966,0.42336,423.524,0,1.02816,0,0,3.16259,2.13443,1.028160,1,0,100.845,0,0,0,100.845,0
69.2714,2.29835,0,0,6.40051,0.263455,0.36288,3.6288,61.308,0.64971,0,0,1.80639,0.182778,0.973902,0.66528,12.849,1,0.448836,0.36288,0,84.748,3.72172,80.9404,0.84672,12.849,0.84672,3695.15,0,36.966,0.391747,1.92165,2.11378,9.22754,0.918623,11.9526,0.42336,36.966,0.42336,423.524,0,1.02816,0,0,2.94981,1.92165,1.028160,1,0,93.8669,0,0,0,93.8669,0
72.29,2.31738,0,0,7.71428,0.262758,2.11559,3.6288,61.308,0.649725,0,0,4.02727,0.176578,3.20097,0.66528,12.849,1,0.429845,2.11559,0,162.674,3.50734,160.852,0.84672,12.849,0.84672,3695.15,0,36.966,0.391755,3.53361,2.11381,14.297,0.891841,18.6609,0.42336,36.966,0.42336,423.524,0,1.02816,0,0,4.56177,3.53361,1.028160,1,0,182.714,0,0,0,182.714,0
72.29,2.33262,0,0,4.873,0.297372,2.24301,3.6288,61.308,0.649725,0,0,3.81741,0.253995,2.91369,0.66528,12.849,1,0.414605,2.24301,0,76.675,4.6535,73.8499,0.84672,12.849,0.84672,3695.15,0,36.966,0.391755,3.90201,2.11383,14.3046,1.12638,18.8023,0.42336,36.966,0.42336,423.524,0,1.02816,0,0,4.93017,3.90201,1.028160,1,0,95.5659,0,0,0,95.5659,0
72.29,2.41377,0,0,3.31004,0.305528,0.590751,3.6288,61.308,0.66528,0,0,2.23906,0.269481,1.30429,0.66528,12.849,1,0.429028,0.590751,0,57.6796,4.93384,52.9075,0.84672,12.849,0.84672,3695.15,0,36.966,0.433361,1.86242,2.11383,8.96452,1.17663,11.3308,0.42336,36.966,0.42336,423.524,0,1.02816,0,0,2.89058,1.86242,1.028160,1,0,65.5426,0,0,0,65.5426,0
72.0722,2.41378,0,0,2.86438,0.305528,0.36288,3.6288,61.308,0.66528,0,0,1.81623,0.269481,0.881471,0.66528,12.849,1,0.429032,0.36288,0,70.6544,4.93384,65.6544,0.84672,12.849,0.84672,3695.15,0,36.966,0.433374,1.2956,2.17591,9.73192,1.17663,11.5934,0.42336,36.966,0.42336,423.524,0,1.02816,0,0,2.32376,1.2956,1.028160,1,0,78.1293,0,0,0,78.1293,0
71.1931,2.4127,0,0,2.20432,0.307868,0.36288,3.6288,61.308,0.66528,0,0,1.44685,0.265972,0.515602,0.66528,12.849,1,0.430135,0.36288,0,55.6882,4.74203,50.8789,0.84672,12.849,0.84672,3695.15,0,36.966,0.433386,0.80574,2.17592,6.60389,1.12499,8.02717,0.42336,36.966,0.42336,423.524,0,1.02816,0,0,1.8339,0.80574,1.028160,1,0,59.4217,0,0,0,59.4217,0
70.3996,2.40822,0,0,2.29328,0.315632,0.36288,3.6288,61.308,0.66528,0,0,1.21003,0.268202,0.27655,0.66528,12.849,1,0.434638,0.36288,0,55.6025,4.40949,51.1212,0.84672,12.849,0.84672,3695.15,0,36.966,0.433399,0.624767,2.17593,5.5452,1.03878,6.87372,0.42336,36.966,0.42336,423.524,0,1.02816,0,0,1.65293,0.624767,1.028160,1,0,58.2715,0,0,0,58.2715,0
69.6956,2.66353,0,0,2.6398,0.317369,0.36288,3.6288,61.308,0.66528,0,0,1.53065,0.282871,0.582503,0.66528,12.849,1,0.486134,0.36288,0,66.7673,4.60551,62.0386,0.84672,12.849,0.84672,3695.15,0,36.966,0.647928,1.34621,2.17595,6.47739,1.09596,8.25565,0.42336,36.966,0.42336,423.524,0,1.02816,0,0,2.37437,1.34621,1.028160,1,0,70.8767,0,0,0,70.8767,0
69.6689,2.6594,0,0,3.31115,0.315649,0.36288,3.6288,61.308,0.66528,0,0,2.29327,0.282871,1.34512,0.66528,12.849,1,0.490284,0.36288,0,76.4787,4.60551,71.7458,0.84672,12.849,0.84672,3695.15,0,36.966,0.647942,2.96121,2.39919,9.56958,1.09596,13.1861,0.42336,36.966,0.42336,423.524,0,1.02816,0,0,3.98937,2.96121,1.028160,1,0,86.277,0,0,0,86.277,0
69.791,2.65926,0,0,3.47956,0.335276,0.36288,3.6288,61.308,0.66528,0,0,2.22003,0.272858,1.28189,0.66528,12.849,1,0.490447,0.36288,0,83.1756,4.60227,78.4457,0.84672,12.849,0.84672,3695.15,0,36.966,0.647956,2.50077,2.3992,9.54228,1.10689,12.6874,0.42336,36.966,0.42336,423.524,0,1.02816,0,0,3.52893,2.50077,1.028160,1,0,92.415,0,0,0,92.415,0
70.26,2.66001,0,0,3.83404,0.342137,0.36288,3.6288,61.308,0.66528,0,0,2.65895,0.242143,1.75153,0.66528,12.849,1,0.489726,0.36288,0,63.6368,3.89829,59.6117,0.84672,12.849,0.84672,3695.15,0,36.966,0.647969,3.41858,2.39922,11.3212,0.936711,15.5543,0.42336,36.966,0.42336,423.524,0,1.02816,0,0,4.44674,3.41858,1.028160,1,0,76.9175,0,0,0,76.9175,0
71.3713,2.29286,0,0,4.08396,0.316967,0.36288,3.6288,61.308,0.639676,0,0,1.93286,0.21899,1.0742,0.66528,12.849,1,0.419313,0.36288,0,70.6873,2.96541,67.6655,0.84672,12.849,0.84672,3695.15,0,36.966,0.385696,2.97768,2.39923,7.58081,0.690394,11.8816,0.42336,36.966,0.42336,423.524,0,1.02816,0,0,4.00584,2.97768,1.028160,1,0,80.6213,0,0,0,80.6213,0
71.5929,2.29841,0,0,3.2026,0.319682,0.36288,3.6288,61.308,0.639683,0,0,1.59456,0.21899,0.735882,0.66528,12.849,1,0.413784,0.36288,0,73.8331,2.96541,70.8168,0.84672,12.849,0.84672,3695.15,0,36.966,0.3857,1.61539,2.09482,5.61652,0.690394,8.25063,0.42336,36.966,0.42336,423.524,0,1.02816,0,0,2.64355,1.61539,1.028160,1,0,79.8033,0,0,0,79.8033,0
72.29,2.29951,0,0,5.35641,0.318689,2.04111,3.6288,61.308,0.63969,0,0,2.39301,0.22732,1.526,0.66528,12.849,1,0.412701,2.04111,0,85.7771,3.15052,84.2549,0.84672,12.849,0.84672,3695.15,0,36.966,0.385705,3.09723,2.09483,9.82536,0.740853,13.8909,0.42336,36.966,0.42336,423.524,0,1.02816,0,0,4.12539,3.09723,1.028160,1,0,99.6718,0,0,0,99.6718,0
72.29,2.30291,0,0,7.71202,0.287575,5.12154,3.6288,61.308,0.639698,0,0,2.6039,0.254947,1.70925,0.66528,12.849,1,0.409325,5.12154,0,104.628,4.54123,104.799,0.84672,12.849,0.84672,3695.15,0,36.966,0.385709,3.71778,2.09485,13.5783,1.06925,17.9359,0.42336,36.966,0.42336,423.524,0,1.02816,0,0,4.74594,3.71778,1.028160,1,0,124.444,0,0,0,124.444,0
72.29,2.30293,0,0,4.70197,0.326891,2.07215,3.6288,61.308,0.639705,0,0,1.80179,0.205022,0.957067,0.66528,12.849,1,0.409328,2.07215,0,113.253,3.42668,111.489,0.84672,12.849,0.84672,3695.15,0,36.966,0.385714,3.22652,2.09486,10.2878,0.830864,14.3926,0.42336,36.966,0.42336,423.524,0,1.02816,0,0,4.25468,3.22652,1.028160,1,0,126.839,0,0,0,126.839,0
72.29,2.39647,0,0,3.92171,0.326891,1.19835,3.6288,61.308,0.66528,0,0,1.87786,0.205022,1.00756,0.66528,12.849,1,0.425955,1.19835,0,78.0296,3.42668,75.3753,0.84672,12.849,0.84672,3695.15,0,36.966,0.430583,3.5235,2.09487,7.18839,0.830864,11.5453,0.42336,36.966,0.42336,423.524,0,1.02816,0,0,4.55166,3.5235,1.028160,1,0,87.9282,0,0,0,87.9282,0
72.29,2.39649,0,0,3.6525,0.331464,0.924546,3.6288,61.308,0.66528,0,0,2.13598,0.200611,1.27009,0.66528,12.849,1,0.425958,0.924546,0,68.777,3.31854,65.957,0.84672,12.849,0.84672,3695.15,0,36.966,0.430595,3.66371,2.16994,9.8083,0.810304,14.4011,0.42336,36.966,0.42336,423.524,0,1.02816,0,0,4.69187,3.66371,1.028160,1,0,81.6282,0,0,0,81.6282,0
72.29,2.39651,0,0,3.30382,0.308822,0.598485,3.6288,61.308,0.66528,0,0,2.514,0.20702,1.6417,0.66528,12.849,1,0.425961,0.598485,0,65.7579,3.31755,62.6129,0.84672,12.849,0.84672,3695.15,0,36.966,0.430607,4.46364,2.16996,8.21336,0.806438,13.6099,0.42336,36.966,0.42336,423.524,0,1.02816,0,0,5.4918,4.46364,1.028160,1,0,77.8645,0,0,0,77.8645,0
72.29,2.39653,0,0,3.37979,0.256215,0.727046,3.6288,61.308,0.66528,0,0,1.34642,0.192086,0.489057,0.66528,12.849,1,0.425964,0.727046,0,62.5949,3.66187,59.2341,0.84672,12.849,0.84672,3695.15,0,36.966,0.43062,2.40457,2.16997,6.28166,0.872135,9.55345,0.42336,36.966,0.42336,423.524,0,1.02816,0,0,3.43273,2.40457,1.028160,1,0,69.2766,0,0,0,69.2766,0
72.1041,2.35997,0,0,2.7977,0.260778,0.36288,3.6288,61.308,0.66528,0,0,1.27122,0.208023,0.397917,0.66528,12.849,1,0.419468,0.36288,0,47.9288,4.07643,43.7957,0.84672,12.849,0.84672,3695.15,0,36.966,0.403277,1.80146,2.16998,5.60229,0.930757,8.2397,0.42336,36.966,0.42336,423.524,0,1.02816,0,0,2.82962,1.80146,1.028160,1,0,52.4334,0,0,0,52.4334,0
71.6803,2.35907,0,0,2.51643,0.218197,0.36288,3.6288,61.308,0.66528,0,0,1.05437,0.241159,0.147935,0.66528,12.849,1,0.420389,0.36288,0,42.9957,4.4025,38.5357,0.84672,12.849,0.84672,3695.15,0,36.966,0.403289,1.59929,2.14079,5.13139,0.954239,7.51394,0.42336,36.966,0.42336,423.524,0,1.02816,0,0,2.62745,1.59929,1.028160,1,0,46.1975,0,0,0,46.1975,0
71.2099,2.35698,0,0,2.42502,0.175556,0.36288,3.6288,61.308,0.66528,0,0,1.10296,0.260778,0.176899,0.66528,12.849,1,0.422499,0.36288,0,41.1774,4.57548,36.5423,0.84672,12.849,0.84672,3695.15,0,36.966,0.403301,1.70939,2.1408,5.44875,0.964568,7.93107,0.42336,36.966,0.42336,423.524,0,1.02816,0,0,2.73755,1.70939,1.028160,1,0,44.6502,0,0,0,44.6502,0
70.6335,2.35464,0,0,2.32528,0.184192,0.36288,3.6288,61.308,0.66528,0,0,1.09717,0.261038,0.17085,0.66528,12.849,1,0.424867,0.36288,0,38.943,4.63386,34.2471,0.84672,12.849,0.84672,3695.15,0,36.966,0.403313,1.4446,2.14082,5.31037,0.985233,7.50724,0.42336,36.966,0.42336,423.524,0,1.02816,0,0,2.47276,1.4446,1.028160,1,0,41.9252,0,0,0,41.9252,0
69.7841,2.47542,0,0,2.17915,0.190258,0.36288,3.6288,61.2341,0.66528,0,0,0.839212,0.247802,0,0.66528,12.849,1,0.450305,0.36288,0,36.8911,4.37307,32.4306,0.84672,12.849,0.84672,3695.15,0,36.966,0.500338,1.02743,2.14083,4.49283,1.03979,6.12096,0.42336,36.966,0.42336,423.524,0,1.02816,0,0,2.05559,1.02743,1.028160,1,0,38.5515,0,0,0,38.5515,0
68.7546,2.47081,0,0,1.9554,0.151226,0.36288,3.6288,61.1347,0.66528,0,0,0.815469,0.249628,0,0.66528,12.849,1,0.454938,0.36288,0,32.2706,4.43793,27.7406,0.84672,12.849,0.84672,3695.15,0,36.966,0.500351,1.03657,2.24319,4.19926,0.99883,5.97984,0.42336,36.966,0.42336,423.524,0,1.02816,0,0,2.06473,1.03657,1.028160,1,0,33.7204,0,0,0,33.7204,0
67.7075,2.46509,0,0,1.93088,0.150022,0.36288,3.6288,61.1057,0.66528,0,0,0.885721,0.249471,0,0.66528,12.849,1,0.46068,0.36288,0,31.2071,4.43793,26.6713,0.84672,12.849,0.84672,3695.15,0,36.966,0.500364,0.993194,2.24321,4.60397,0.99883,6.34118,0.42336,36.966,0.42336,423.524,0,1.02816,0,0,2.02135,0.993194,1.028160,1,0,33.0125,0,0,0,33.0125,0
66.5426,2.45912,0,0,1.80586,0.148797,0.36288,3.6288,61.0082,0.66528,0,0,0.817292,0.249425,0,0.66528,12.849,1,0.466672,0.36288,0,29.1922,4.43793,24.6505,0.84672,12.849,0.84672,3695.15,0,36.966,0.500377,0.909809,2.24322,4.04247,0.99883,5.69629,0.42336,36.966,0.42336,423.524,0,1.02816,0,0,1.93797,0.909809,1.028160,1,0,30.3468,0,0,0,30.3468,0
64.7187,2.45229,0,0,1.08716,0.0958327,0.36288,3.6288,60.3723,0.788901,0,0,0.431368,0.278454,0,0.66528,12.849,1,0.473523,0.36288,0,17.0386,5.45685,11.4711,0.84672,12.849,0.84672,3695.15,0,36.966,0.50039,0.30119,2.24324,2.32335,1.26233,3.10506,0.42336,36.966,0.42336,423.524,0,0.904539,0,0,1.20573,0.30119,1.028160,1,0,14.5762,0,0,0,14.5762,0
62.8728,2.41705,0,0,1.02851,0.0944461,0.36288,3.6288,59.6237,0.880641,0,0,0.409371,0.277332,0,0.66528,12.849,1,0.479871,0.36288,0,17.0937,5.45685,11.5199,0.84672,12.849,0.84672,3695.15,0,36.966,0.553724,0.30119,2.24325,2.47293,1.26233,3.20132,0.42336,36.966,0.42336,423.524,0,0.812799,0,0,1.11399,0.30119,1.028160,1,0,14.7212,0,0,0,14.7212,0
60.9483,2.40537,0,0,0.936714,0.0930427,0.36288,3.6288,58.927,0.823798,0,0,0.403142,0.276012,0,0.66528,12.849,1,0.491573,0.36288,0,16.6963,5.45685,11.1107,0.84672,12.849,0.84672,3695.15,0,36.966,0.553738,0.261274,2.27904,2.3854,1.26233,3.10965,0.42336,36.966,0.42336,423.524,0,0.869642,0,0,1.13092,0.261274,1.028160,1,0,14.2204,0,0,0,14.2204,0
58.9455,2.39257,0,0,0.84424,0.0915794,0.36288,3.6288,58.0926,0.935,0,0,0.375417,0.274783,0,0.66528,12.849,1,0.504396,0.36288,0,15.4748,5.45685,9.87639,0.84672,12.849,0.84672,3695.15,0,36.966,0.586543,0.261274,2.27906,2.27121,1.26233,2.96267,0.42336,36.966,0.42336,423.524,0,0.725648,0,0,0.986921,0.261274,1.028160,1,0,12.8391,0,0,0,12.8391,0
57.0061,2.37851,0,0,0.875362,0.0733564,0.36288,3.6288,57.2889,0.902039,0,0,0.385896,0.287551,0,0.66528,12.849,1,0.518471,0.36288,0,14.8179,5.58828,9.07399,0.84672,12.849,0.84672,3695.15,0,36.966,0.573993,0.261274,2.27907,2.18566,1.43841,2.7136,0.42336,36.966,0.42336,423.524,0,0.771172,0,0,1.03245,0.261274,1.028160,1,0,11.7876,0,0,0,11.7876,0
54.993,2.42507,0,0,0.842011,0.067135,0.36288,3.6288,56.5174,0.872795,0,0,0.379287,0.277976,0,0.66528,12.849,1,0.546604,0.36288,0,14.2894,5.43984,8.66587,0.84672,12.849,0.84672,3695.15,0,36.966,0.6013,0.261274,2.27908,2.23359,1.48031,2.69233,0.42336,36.966,0.42336,423.524,0,0.820645,0,0,1.08192,0.261274,1.028160,1,0,11.3582,0,0,0,11.3582,0
52.9178,2.40887,0,0,0.762376,0.0658045,0.36288,3.6288,55.6454,0.957893,0,0,0.362391,0.276585,0,0.66528,12.849,1,0.562827,0.36288,0,13.4578,5.43984,7.81796,0.84672,12.849,0.84672,3695.15,0,36.966,0.626523,0.261274,2.32981,2.07675,1.48031,2.561,0.42336,36.966,0.42336,423.524,0,0.710338,0,0,0.971611,0.261274,1.028160,1,0,10.379,0,0,0,10.379,0
50.7786,2.39113,0,0,0.666735,0.0520076,0.36288,3.6288,54.7817,0.94097,0,0,0.359821,0.282504,0,0.66528,12.849,1,0.580591,0.36288,0,12.8148,5.66416,6.93289,0.84672,12.849,0.84672,3695.15,0,36.966,0.6251,0.227405,2.32982,2.09898,1.52513,2.50597,0.42336,36.966,0.42336,423.524,0,0.728698,0,0,0.956102,0.227405,1.028160,1,0,9.43886,0,0,0,9.43886,0
48.5861,2.37163,0,0,0.599232,0.057232,0.36288,3.6288,53.9308,0.939159,0,0,0.356003,0.267798,0,0.66528,12.849,1,0.600116,0.36288,0,12.2348,5.50728,6.49033,0.84672,12.849,0.84672,3695.15,0,36.966,0.633732,0.227405,2.32984,2.05571,1.38273,2.59648,0.42336,36.966,0.42336,423.524,0,0.721889,0,0,0.949294,0.227405,1.028160,1,0,9.08681,0,0,0,9.08681,0
46.3879,2.52316,0,0,0.738651,0.0507675,0.36288,3.6288,53.1015,0.942417,0,0,0.373847,0.260728,0,0.66528,12.849,1,0.667271,0.36288,0,13.3072,5.17734,7.82542,0.84672,12.849,0.84672,3695.15,0,36.966,0.772891,0.227405,2.32985,2.38127,1.41771,2.74792,0.42336,36.966,0.42336,423.524,0,0.751023,0,0,0.978428,0.227405,1.028160,1,0,10.5733,0,0,0,10.5733,0
44.248,2.49842,0,0,0.770965,0.0495575,0.36288,3.6288,52.3586,0.858211,0,0,0.374439,0.259045,0,0.66528,12.849,1,0.692038,0.36288,0,13.2804,5.17734,7.77387,0.84672,12.849,0.84672,3695.15,0,36.966,0.772906,0.227405,2.50337,2.6713,1.41771,3.21146,0.42336,36.966,0.42336,423.524,0,0.835229,0,0,1.06263,0.227405,1.028160,1,0,10.9853,0,0,0,10.9853,0
42.2582,2.4725,0,0,0.893903,0.0483796,0.36288,3.6288,51.6215,0.871111,0,0,0.391443,0.257507,0,0.66528,12.849,1,0.717979,0.36288,0,12.6714,5.17734,7.13898,0.84672,12.849,0.84672,3695.15,0,36.966,0.77292,0.204422,2.50339,3.33296,1.41771,3.85014,0.42336,36.966,0.42336,423.524,0,0.822329,0,0,1.02675,0.204422,1.028160,1,0,10.9891,0,0,0,10.9891,0
40.0543,2.44659,0,0,0.658549,0.0529455,0.36288,3.6288,50.7918,0.912306,0,0,0.338691,0.256094,0,0.66528,12.849,1,0.74391,0.36288,0,12.3212,5.21064,6.72949,0.84672,12.849,0.84672,3695.15,0,36.966,0.772935,0.204422,2.50341,2.27637,1.41119,2.80007,0.42336,36.966,0.42336,423.524,0,0.781134,0,0,0.985556,0.204422,1.028160,1,0,9.52956,0,0,0,9.52956,0
38.2729,2.41562,0,0,1.01812,0.0209981,0.36288,3.6288,50.3188,0.66528,0,0,0.483775,0.291489,0,0.66528,12.849,1,0.774906,0.36288,0,18.5445,6.00996,12.1225,0.84672,12.849,0.84672,3695.15,0,36.966,0.77295,0.885756,2.50342,5.44625,1.48764,6.57484,0.42336,36.966,0.42336,423.524,0,1.02816,0,0,1.91392,0.885756,1.028160,1,0,18.6973,0,0,0,18.6973,0
36.7453,2.30885,0,0,1.20854,0.0644415,0.36288,3.6288,49.8917,0.66528,0,0,0.490022,0.251765,0,0.66528,12.849,1,0.775128,0.36288,0,16.8812,5.74927,10.7197,0.84672,12.849,0.84672,3695.15,0,36.966,0.668845,0.911123,2.50344,4.43967,1.36908,5.81631,0.42336,36.966,0.42336,423.524,0,1.02816,0,0,1.93928,0.911123,1.028160,1,0,16.536,0,0,0,16.536,0
35.6329,2.28499,0,0,1.59879,0.0632929,0.36288,3.6288,49.6131,0.66528,0,0,0.637499,0.250887,0,0.66528,12.849,1,0.79901,0.36288,0,24.574,5.74927,18.3886,0.84672,12.849,0.84672,3695.15,0,36.966,0.668859,1.65548,2.40304,6.37351,1.36908,8.39409,0.42336,36.966,0.42336,423.524,0,1.02816,0,0,2.68364,1.65548,1.028160,1,0,26.7827,0,0,0,26.7827,0
35.0215,2.26667,0,0,2.08063,0.0624565,0.36288,3.6288,49.5995,0.66528,0,0,0.902068,0.250313,0,0.66528,12.849,1,0.817348,0.36288,0,48.1167,5.74927,41.9129,0.84672,12.849,0.84672,3695.15,0,36.966,0.668873,2.73202,2.40305,7.56877,1.36908,10.6659,0.42336,36.966,0.42336,423.524,0,1.02816,0,0,3.76018,2.73202,1.028160,1,0,52.5788,0,0,0,52.5788,0
34.6901,2.25625,0,0,2.40497,0.117273,0.36288,3.6288,49.5028,0.66528,0,0,0.761771,0.19322,0,0.66528,12.849,1,0.827793,0.36288,0,38.5359,4.98039,33.0906,0.84672,12.849,0.84672,3695.15,0,36.966,0.668887,1.85133,2.40307,6.24144,1.30244,8.52451,0.42336,36.966,0.42336,423.524,0,1.02816,0,0,2.87949,1.85133,1.028160,1,0,41.6151,0,0,0,41.6151,0
34.8756,2.18666,0,0,2.87594,0.140918,0.36288,3.6288,49.4507,0.66528,0,0,0.80193,0.188756,0,0.66528,12.849,1,0.809926,0.36288,0,60.8549,4.05574,56.3521,0.84672,12.849,0.84672,3695.15,0,36.966,0.574123,1.8297,2.40308,8.33803,1.17756,10.8191,0.42336,36.966,0.42336,423.524,0,1.02816,0,0,2.85786,1.8297,1.028160,1,0,67.1712,0,0,0,67.1712,0
36.0374,2.18983,0,0,3.89723,0.182724,0.36288,3.6288,49.6623,0.66528,0,0,1.03719,0.160355,0,0.66528,12.849,1,0.806785,0.36288,0,55.7912,3.42268,51.9246,0.84672,12.849,0.84672,3695.15,0,36.966,0.574137,1.75421,2.31348,9.99769,0.949461,12.5418,0.42336,36.966,0.42336,423.524,0,1.02816,0,0,2.78237,1.75421,1.028160,1,0,64.4663,0,0,0,64.4663,0
38.4773,2.20902,0,0,5.19708,0.185303,0.36288,3.6288,49.997,0.66528,0,0,1.16069,0.160634,0,0.66528,12.849,1,0.787617,0.36288,0,67.7302,3.42268,63.8827,0.84672,12.849,0.84672,3695.15,0,36.966,0.57415,2.35683,2.31349,11.7337,0.949461,14.8804,0.42336,36.966,0.42336,423.524,0,1.02816,0,0,3.38499,2.35683,1.028160,1,0,78.7632,0,0,0,78.7632,0
40.0181,2.24647,0,0,4.34663,0.196422,0.36288,3.6288,50.9318,0.66528,0,0,1.7678,0.167808,0,0.66528,12.849,1,0.750182,0.36288,0,104.167,3.54887,100.231,0.84672,12.849,0.84672,3695.15,0,36.966,0.574163,2.08348,2.31351,14.5988,0.956654,17.465,0.42336,36.966,0.42336,423.524,0,1.02816,0,0,3.11164,2.08348,1.028160,1,0,117.696,0,0,0,117.696,0
39.2242,2.08028,0,0,1.88401,0.234803,0.36288,3.6288,51.2571,0.603813,0,0,1.13893,0.209795,0,0.66528,12.849,1,0.667937,0.36288,0,50.7595,4.30595,46.1485,0.84672,12.849,0.84672,3695.15,0,36.966,0.438244,1.78636,2.31352,11.3886,0.999808,14.0504,0.42336,36.966,0.42336,423.524,0,1.02816,0,0,2.81452,1.78636,1.028160,1,0,60.1989,0,0,0,60.1989,0
41.1438,2.07011,0,0,4.58526,0.232646,0.36288,3.6288,54.0367,0.605436,0,0,3.59544,0.21035,0,0.66528,12.849,1,0.678126,0.36288,0,130.906,4.30595,126.284,0.84672,12.849,0.84672,3695.15,0,36.966,0.436633,6.83463,2.11447,16.3746,0.999808,23.8873,0.42336,36.966,0.42336,423.524,0,1.02816,0,0,7.86279,6.83463,1.028160,1,0,150.172,0,0,0,150.172,0
42.7196,1.83672,0,0,4.00792,0.232457,0.36288,3.6288,54.639,0.502496,0,0,1.31694,0.212207,0,0.66528,12.849,1,0.5736,0.36288,0,82.3349,4.15414,77.97,0.84672,12.849,0.84672,3695.15,0,36.966,0.343753,3.01732,2.11448,12.0678,0.974648,15.8812,0.42336,36.966,0.42336,423.524,0,1.02816,0,0,4.04548,3.01732,1.028160,1,0,93.8512,0,0,0,93.8512,0
43.7689,1.85301,0,0,3.48792,0.22276,0.36288,3.6288,55.8153,0.504763,0,0,1.8871,0.205956,0,0.66528,12.849,1,0.557338,0.36288,0,62.8694,3.77465,58.9003,0.84672,12.849,0.84672,3695.15,0,36.966,0.341497,2.99271,1.89986,10.3217,0.911749,13.961,0.42336,36.966,0.42336,423.524,0,1.02816,0,0,4.02087,2.99271,1.028160,1,0,72.8613,0,0,0,72.8613,0
44.1615,1.86335,0,0,2.8628,0.243954,0.36288,3.6288,56.2578,0.509099,0,0,1.19473,0.243228,0,0.66528,12.849,1,0.547013,0.36288,0,49.9957,4.65297,45.1586,0.84672,12.849,0.84672,3695.15,0,36.966,0.337172,1.32047,1.89987,6.60795,1.18541,8.30571,0.42336,36.966,0.42336,423.524,0,1.02816,0,0,2.34863,1.32047,1.028160,1,0,53.4643,0,0,0,53.4643,0
48.2763,1.93296,0,0,6.66309,0.252477,0.36288,3.6288,56.4738,0.541378,0,0,1.01569,0.258244,0,0.66528,12.849,1,0.562403,0.36288,0,154.626,5.0043,149.422,0.84672,12.849,0.84672,3695.15,0,36.966,0.35573,0.974428,1.89989,14.6864,1.29488,15.9102,0.42336,36.966,0.42336,423.524,0,1.02816,0,0,2.00259,0.974428,1.028160,1,0,165.332,0,0,0,165.332,0
49.8933,1.97082,0,0,4.21497,0.264309,0.36288,3.6288,56.7019,0.542202,0,0,1.02884,0.258608,0,0.66528,12.849,1,0.524544,0.36288,0,100.907,5.0043,95.7406,0.84672,12.849,0.84672,3695.15,0,36.966,0.354908,0.938157,1.95509,9.10958,1.29488,10.353,0.42336,36.966,0.42336,423.524,0,1.02816,0,0,1.96632,0.938157,1.028160,1,0,106.094,0,0,0,106.094,0
49.8079,1.98434,0,0,2.53081,0.268947,0.36288,3.6288,57.0788,0.543067,0,0,1.17897,0.258993,0,0.66528,12.849,1,0.511026,0.36288,0,69.6876,5.0043,64.5352,0.84672,12.849,0.84672,3695.15,0,36.966,0.354045,1.11772,1.95509,4.94008,1.29488,6.36398,0.42336,36.966,0.42336,423.524,0,1.02816,0,0,2.14588,1.11772,1.028160,1,0,70.8992,0,0,0,70.8992,0
52.7221,1.98364,0,0,5.5296,0.268867,0.36288,3.6288,57.965,0.544486,0,0,1.67481,0.24407,0,0.66528,12.849,1,0.511723,0.36288,0,131.272,4.31418,126.809,0.84672,12.849,0.84672,3695.15,0,36.966,0.352627,2.45531,1.9551,10.0861,1.17561,12.9682,0.42336,36.966,0.42336,423.524,0,1.02816,0,0,3.48347,2.45531,1.028160,1,0,139.777,0,0,0,139.777,0
54.6559,2.2258,0,0,4.82378,0.301316,0.36288,3.6288,58.2919,0.664292,0,0,1.21402,0.222861,0,0.66528,12.849,1,0.542454,0.36288,0,141.15,3.58544,137.385,0.84672,12.849,0.84672,3695.15,0,36.966,0.423638,1.58938,1.9551,9.48914,1.08159,11.5284,0.42336,36.966,0.42336,423.524,0,1.02816,0,0,2.61754,1.58938,1.028160,1,0,148.913,0,0,0,148.913,0
55.066,2.24134,0,0,3.32166,0.307305,0.36288,3.6288,58.3507,0.66528,0,0,0.947402,0.223331,0,0.66528,12.849,1,0.526915,0.36288,0,85.8911,3.58544,82.1416,0.84672,12.849,0.84672,3695.15,0,36.966,0.422652,1.35387,2.15366,6.97939,1.08159,8.98268,0.42336,36.966,0.42336,423.524,0,1.02816,0,0,2.38203,1.35387,1.028160,1,0,91.1243,0,0,0,91.1243,0
56.0066,2.24453,0,0,3.82864,0.280708,0.36288,3.6288,58.5438,0.66528,0,0,1.01066,0.152278,0,0.66528,12.849,1,0.523734,0.36288,0,90.5239,2.95491,87.4081,0.84672,12.849,0.84672,3695.15,0,36.966,0.422653,1.47777,2.15366,7.65366,0.827005,10.0354,0.42336,36.966,0.42336,423.524,0,1.02816,0,0,2.50593,1.47777,1.028160,1,0,97.4435,0,0,0,97.4435,0
57.9621,2.25169,0,0,4.86289,0.292798,0.36288,3.6288,59.2461,0.66528,0,0,1.51703,0.149397,0,0.66528,12.849,1,0.516581,0.36288,0,123.866,3.02904,120.683,0.84672,12.849,0.84672,3695.15,0,36.966,0.422655,2.34994,2.15367,10.0301,0.826159,13.2849,0.42336,36.966,0.42336,423.524,0,1.02816,0,0,3.3781,2.34994,1.028160,1,0,133.968,0,0,0,133.968,0
61.3544,1.94735,0,0,6.0251,0.322551,0.36288,3.6288,60.8196,0.512248,0,0,2.22808,0.142362,0,0.66528,12.849,1,0.431688,0.36288,0,149.974,3.21436,146.691,0.84672,12.849,0.84672,3695.15,0,36.966,0.319611,3.62223,2.15367,10.9249,0.824044,15.5572,0.42336,36.966,0.42336,423.524,0,1.02816,0,0,4.65039,3.62223,1.028160,1,0,162.248,0,0,0,162.248,0
65.2014,1.96709,0,0,6.50973,0.332814,0.36288,3.6288,61.308,0.517391,0,0,2.15109,0.143797,1.00151,0.66528,12.849,1,0.411953,0.36288,0,162.456,3.21436,159.193,0.84672,12.849,0.84672,3695.15,0,36.966,0.314469,4.30647,1.88288,12.7348,0.824044,17.7857,0.42336,36.966,0.42336,423.524,0,1.02816,0,0,5.33463,4.30647,1.028160,1,0,177.98,0,0,0,177.98,0
70.8184,1.9874,0,0,8.31073,0.343407,0.36288,3.6288,61.308,0.518955,0,0,2.46582,0.144242,1.80262,0.66528,12.849,1,0.391649,0.36288,0,203.422,3.21436,200.179,0.84672,12.849,0.84672,3695.15,0,36.966,0.312907,4.54516,1.88288,13.7416,0.824044,19.0327,0.42336,36.966,0.42336,423.524,0,1.02816,0,0,5.57332,4.54516,1.028160,1,0,221.014,0,0,0,221.014,0
77.9566,2.01369,0,0,9.87336,0.358549,0.36288,3.6288,61.308,0.518956,0,0,2.8548,0.145267,2.19058,0.66528,12.849,1,0.365356,0.36288,0,293.028,3.46083,289.565,0.84672,12.849,0.84672,3695.15,0,36.966,0.312907,5.01831,1.88289,19.7251,0.907177,25.4062,0.42336,36.966,0.42336,423.524,0,1.02816,0,0,6.04647,5.01831,1.028160,1,0,317.162,0,0,0,317.162,0
79.6492,2.32919,0,0,4.86756,0.482949,0.36288,3.6288,61.308,0.640009,0,0,1.47252,0.134448,0.698068,0.66528,12.849,1,0.383903,0.36288,0,90.2635,3.11804,87.1245,0.84672,12.849,0.84672,3695.15,0,36.966,0.385897,2.0517,1.88289,7.62566,0.654362,10.52,0.42336,36.966,0.42336,423.524,0,1.02816,0,0,3.07986,2.0517,1.028160,1,0,98.3426,0,0,0,98.3426,0
80.7909,2.43109,0,0,4.41444,0.478715,0.36288,3.6288,61.308,0.66528,0,0,1.78464,0.146395,0.972969,0.66528,12.849,1,0.392183,0.36288,0,93.0897,3.28114,89.7792,0.84672,12.849,0.84672,3695.15,0,36.966,0.431077,2.75284,2.0954,8.05893,0.765438,11.7107,0.42336,36.966,0.42336,423.524,0,1.02816,0,0,3.781,2.75284,1.028160,1,0,102.463,0,0,0,102.463,0
80.4443,2.43588,0,0,2.93614,0.484036,0.36288,3.6288,61.308,0.66528,0,0,1.30975,0.146395,0.498071,0.66528,12.849,1,0.387402,0.36288,0,49.7374,3.28114,46.4317,0.84672,12.849,0.84672,3695.15,0,36.966,0.431079,1.58038,2.17048,6.2104,0.765438,8.76474,0.42336,36.966,0.42336,423.524,0,1.02816,0,0,2.60854,1.58038,1.028160,1,0,55.6945,0,0,0,55.6945,0
81.0447,2.43444,0,0,3.88015,0.482421,0.36288,3.6288,61.308,0.66528,0,0,2.53975,0.146395,1.72808,0.66528,12.849,1,0.388842,0.36288,0,101.216,3.28114,97.9088,0.84672,12.849,0.84672,3695.15,0,36.966,0.431081,4.18494,2.17049,11.2014,0.765438,16.3603,0.42336,36.966,0.42336,423.524,0,1.02816,0,0,5.2131,4.18494,1.028160,1,0,115.997,0,0,0,115.997,0
81.2609,2.43693,0,0,3.41257,0.396596,0.36288,3.6288,61.308,0.66528,0,0,1.48363,0.191572,0.626783,0.66528,12.849,1,0.386356,0.36288,0,73.3985,3.98074,69.3943,0.84672,12.849,0.84672,3695.15,0,36.966,0.431082,2.24359,2.17049,7.08929,0.87151,10.2008,0.42336,36.966,0.42336,423.524,0,1.02816,0,0,3.27175,2.24359,1.028160,1,0,80.2219,0,0,0,80.2219,0
81.1466,2.40062,0,0,2.98011,0.330814,0.36288,3.6288,61.308,0.66528,0,0,0.994084,0.225455,0.103349,0.66528,12.849,1,0.379587,0.36288,0,62.6791,4.50544,58.1569,0.84672,12.849,0.84672,3695.15,0,36.966,0.403722,1.8215,2.17049,5.66685,0.951064,8.30405,0.42336,36.966,0.42336,423.524,0,1.02816,0,0,2.84966,1.8215,1.028160,1,0,66.5643,0,0,0,66.5643,0
80.5705,2.40016,0,0,2.51739,0.330452,0.36288,3.6288,61.308,0.66528,0,0,0.9159,0.225455,0.0251655,0.66528,12.849,1,0.380049,0.36288,0,54.949,4.50544,50.4264,0.84672,12.849,0.84672,3695.15,0,36.966,0.403723,1.52861,2.14128,5.15869,0.951064,7.47379,0.42336,36.966,0.42336,423.524,0,1.02816,0,0,2.55677,1.52861,1.028160,1,0,57.9254,0,0,0,57.9254,0
79.7793,2.39782,0,0,2.29807,0.328625,0.36288,3.6288,61.2057,0.66528,0,0,0.788391,0.225455,0,0.66528,12.849,1,0.382393,0.36288,0,54.4225,4.50544,49.8975,0.84672,12.849,0.84672,3695.15,0,36.966,0.403725,0.95345,2.14128,5.26637,0.951064,7.00631,0.42336,36.966,0.42336,423.524,0,1.02816,0,0,1.98161,0.95345,1.028160,1,0,56.9039,0,0,0,56.9039,0
79.6033,2.39456,0,0,2.86789,0.286399,0.36288,3.6288,61.2348,0.66528,0,0,0.931418,0.237029,0,0.66528,12.849,1,0.38566,0.36288,0,57.9228,4.77798,53.1221,0.84672,12.849,0.84672,3695.15,0,36.966,0.403727,1.03605,2.14128,5.22757,0.99494,7.00623,0.42336,36.966,0.42336,423.524,0,1.02816,0,0,2.06421,1.03605,1.028160,1,0,60.1283,0,0,0,60.1283,0
78.6174,2.51973,0,0,2.21357,0.316951,0.36288,3.6288,61.1561,0.66528,0,0,0.809196,0.222626,0,0.66528,12.849,1,0.406717,0.36288,0,41.5481,5.30985,36.1944,0.84672,12.849,0.84672,3695.15,0,36.966,0.500763,0.983163,2.14128,4.46383,1.01866,6.06885,0.42336,36.966,0.42336,423.524,0,1.02816,0,0,2.01132,0.983163,1.028160,1,0,42.2633,0,0,0,42.2633,0
77.775,2.51535,0,0,2.18906,0.153169,0.36288,3.6288,61.0043,0.66528,0,0,0.775388,0.261902,0,0.66528,12.849,1,0.411102,0.36288,0,42.5752,5.83884,36.6881,0.84672,12.849,0.84672,3695.15,0,36.966,0.500765,1.02682,2.24366,4.60766,1.12509,6.25228,0.42336,36.966,0.42336,423.524,0,1.02816,0,0,2.05498,1.02682,1.028160,1,0,42.9404,0,0,0,42.9404,0
76.6929,2.51153,0,0,1.94416,0.151901,0.36288,3.6288,60.7094,0.66528,0,0,0.632059,0.261651,0,0.66528,12.849,1,0.414923,0.36288,0,38.076,5.83884,32.1851,0.84672,12.849,0.84672,3695.15,0,36.966,0.500766,0.719271,2.24366,3.95169,1.12509,5.28877,0.42336,36.966,0.42336,423.524,0,1.02816,0,0,1.74743,0.719271,1.028160,1,0,37.4738,0,0,0,37.4738,0
75.5456,2.50652,0,0,1.87237,0.150271,0.36288,3.6288,60.2917,0.66528,0,0,0.508801,0.261162,0,0.66528,12.849,1,0.419938,0.36288,0,35.0879,5.83884,29.192,0.84672,12.849,0.84672,3695.15,0,36.966,0.500768,0.58873,2.24366,3.79912,1.12509,5.00565,0.42336,36.966,0.42336,423.524,0,1.02816,0,0,1.61689,0.58873,1.028160,1,0,34.1977,0,0,0,34.1977,0
74.4427,2.50107,0,0,1.89667,0.135557,0.36288,3.6288,59.8849,0.686759,0,0,0.547523,0.267654,0,0.66528,12.849,1,0.425389,0.36288,0,30.3683,5.43312,24.8727,0.84672,12.849,0.84672,3695.15,0,36.966,0.50077,0.30119,2.24366,3.01674,1.2543,3.80653,0.42336,36.966,0.42336,423.524,0,1.00668,0,0,1.30787,0.30119,1.028160,1,0,28.6792,0,0,0,28.6792,0
73.262,2.47104,0,0,1.78506,0.131901,0.36288,3.6288,59.3411,0.808695,0,0,0.533091,0.268155,0,0.66528,12.849,1,0.426507,0.36288,0,29.5169,5.3655,24.0878,0.84672,12.849,0.84672,3695.15,0,36.966,0.554104,0.30119,2.24367,2.95504,1.27583,3.66997,0.42336,36.966,0.42336,423.524,0,0.884745,0,0,1.18594,0.30119,1.028160,1,0,27.7578,0,0,0,27.7578,0
71.927,2.46519,0,0,1.62344,0.130304,0.36288,3.6288,58.8096,0.78414,0,0,0.519825,0.267225,0,0.66528,12.849,1,0.432356,0.36288,0,28.9392,5.3655,23.5042,0.84672,12.849,0.84672,3695.15,0,36.966,0.554105,0.261274,2.27945,2.83146,1.27583,3.54225,0.42336,36.966,0.42336,423.524,0,0.9093,0,0,1.17057,0.261274,1.028160,1,0,27.0464,0,0,0,27.0464,0
70.4847,2.45839,0,0,1.47351,0.0945985,0.36288,3.6288,58.1281,0.90279,0,0,0.487679,0.266316,0,0.66528,12.849,1,0.439164,0.36288,0,25.7872,5.3655,20.3454,0.84672,12.849,0.84672,3695.15,0,36.966,0.567468,0.261274,2.27945,2.73906,1.27583,3.43649,0.42336,36.966,0.42336,423.524,0,0.777289,0,0,1.03856,0.261274,1.028160,1,0,23.7819,0,0,0,23.7819,0
69.0749,2.45079,0,0,1.46964,0.0657508,0.36288,3.6288,57.4073,0.909494,0,0,0.52382,0.335203,0,0.66528,12.849,1,0.446766,0.36288,0,23.353,6.19686,17.0722,0.84672,12.849,0.84672,3695.15,0,36.966,0.578383,0.261274,2.27946,2.72028,1.58072,3.1019,0.42336,36.966,0.42336,423.524,0,0.759672,0,0,1.02095,0.261274,1.028160,1,0,20.1741,0,0,0,20.1741,0
67.7122,2.50607,0,0,1.57798,0.0717055,0.36288,3.6288,56.7901,0.855636,0,0,0.565274,0.326761,0,0.66528,12.849,1,0.466168,0.36288,0,31.7935,5.98794,25.7022,0.84672,12.849,0.84672,3695.15,0,36.966,0.601642,0.261274,2.27946,3.12056,1.50637,3.55328,0.42336,36.966,0.42336,423.524,0,0.837804,0,0,1.09908,0.261274,1.028160,1,0,29.2555,0,0,0,29.2555,0
66.2519,2.49819,0,0,1.47169,0.0709456,0.36288,3.6288,56.0956,0.86978,0,0,0.500681,0.325454,0,0.66528,12.849,1,0.474053,0.36288,0,25.1516,5.98794,19.0524,0.84672,12.849,0.84672,3695.15,0,36.966,0.601643,0.261274,2.33018,2.84834,1.50637,3.33178,0.42336,36.966,0.42336,423.524,0,0.82366,0,0,1.08493,0.261274,1.028160,1,0,22.3842,0,0,0,22.3842,0
64.6681,2.48944,0,0,1.33865,0.0701312,0.36288,3.6288,55.273,0.968882,0,0,0.470294,0.323983,0,0.66528,12.849,1,0.482805,0.36288,0,23.1276,5.98794,17.0198,0.84672,12.849,0.84672,3695.15,0,36.966,0.638476,0.227405,2.33018,2.60685,1.50637,3.01959,0.42336,36.966,0.42336,423.524,0,0.687727,0,0,0.915132,0.227405,1.028160,1,0,20.0394,0,0,0,20.0394,0
63.2804,2.47957,0,0,1.51454,0.0597955,0.36288,3.6288,54.8454,0.683052,0,0,0.571775,0.316286,0,0.66528,12.849,1,0.49267,0.36288,0,23.784,6.12944,17.5248,0.84672,12.849,0.84672,3695.15,0,36.966,0.601647,0.227405,2.33018,3.82177,1.54325,4.23446,0.42336,36.966,0.42336,423.524,0,1.01039,0,0,1.23779,0.227405,1.028160,1,0,21.7593,0,0,0,21.7593,0
61.3576,2.65238,0,0,1.16244,0.0699624,0.36288,3.6288,53.8974,1.0922,0,0,0.457382,0.31327,0,0.66528,12.849,1,0.538563,0.36288,0,19.1647,6.01209,12.977,0.84672,12.849,0.84672,3695.15,0,36.966,0.773211,0.227405,2.33018,2.61555,1.60209,2.79784,0.42336,36.966,0.42336,423.524,0,0.60124,0,0,0.828645,0.227405,1.028160,1,0,15.7748,0,0,0,15.7748,0
59.5632,2.63843,0,0,1.27574,0.0688668,0.36288,3.6288,53.2595,0.891328,0,0,0.564792,0.311312,0,0.66528,12.849,1,0.552519,0.36288,0,24.6472,6.01209,18.4455,0.84672,12.849,0.84672,3695.15,0,36.966,0.773213,0.227405,2.50372,2.85327,1.60209,3.20909,0.42336,36.966,0.42336,423.524,0,0.802112,0,0,1.02952,0.227405,1.028160,1,0,21.6546,0,0,0,21.6546,0
57.5326,2.62474,0,0,1.02486,0.0677837,0.36288,3.6288,52.2034,1.15481,0,0,0.40851,0.309762,0,0.66528,12.849,1,0.566211,0.36288,0,24.0843,6.01209,17.8689,0.84672,12.849,0.84672,3695.15,0,36.966,0.801523,0.204422,2.50372,2.29052,1.60209,2.59505,0.42336,36.966,0.42336,423.524,0,0.510322,0,0,0.714744,0.204422,1.028160,1,0,20.464,0,0,0,20.464,0
55.7712,2.60841,0,0,1.27636,0.0664619,0.36288,3.6288,51.9292,0.66528,0,0,0.698215,0.307151,0,0.66528,12.849,1,0.582547,0.36288,0,21.9965,6.01209,15.7647,0.84672,12.849,0.84672,3695.15,0,36.966,0.773217,0.323879,2.50372,3.54159,1.60209,3.99388,0.42336,36.966,0.42336,423.524,0,1.02816,0,0,1.35204,0.323879,1.028160,1,0,19.7586,0,0,0,19.7586,0
53.4326,2.59346,0,0,0.706575,0.0888346,0.36288,3.6288,50.9432,1.13072,0,0,0.422644,0.277923,0,0.66528,12.849,1,0.597501,0.36288,0,17.6652,5.34357,12.087,0.84672,12.849,0.84672,3695.15,0,36.966,0.804904,0.204422,2.50372,2.81228,1.45231,3.26321,0.42336,36.966,0.42336,423.524,0,0.531039,0,0,0.735462,0.204422,1.028160,1,0,15.3502,0,0,0,15.3502,0
51.8242,2.48646,0,0,1.33533,0.094444,0.36288,3.6288,50.6838,0.66528,0,0,0.679251,0.273368,0,0.66528,12.849,1,0.597921,0.36288,0,18.8773,5.33495,13.3073,0.84672,12.849,0.84672,3695.15,0,36.966,0.669089,0.259001,2.50373,4.63736,1.49314,5.23786,0.42336,36.966,0.42336,423.524,0,1.02816,0,0,1.28716,0.259001,1.028160,1,0,18.5451,0,0,0,18.5451,0
49.4969,2.47159,0,0,0.60011,0.0928939,0.36288,3.6288,49.7227,1.08586,0,0,0.397494,0.272791,0,0.66528,12.849,1,0.612792,0.36288,0,16.2108,5.33495,10.6259,0.84672,12.849,0.84672,3695.15,0,36.966,0.791968,0.216518,2.4033,2.50687,1.49314,2.84159,0.42336,36.966,0.42336,423.524,0,0.484701,0,0,0.701219,0.216518,1.028160,1,0,13.4675,0,0,0,13.4675,0
47.2738,2.44872,0,0,0.679114,0.090651,0.36288,3.6288,48.8173,1.10069,0,0,0.465947,0.270654,0,0.66528,12.849,1,0.635667,0.36288,0,13.0134,5.33495,7.40566,0.84672,12.849,0.84672,3695.15,0,36.966,0.818304,0.216518,2.4033,2.79152,1.49314,3.09991,0.42336,36.966,0.42336,423.524,0,0.443534,0,0,0.660052,0.216518,1.028160,1,0,10.5056,0,0,0,10.5056,0
46.305,2.42521,0,0,1.99233,0.172972,0.36288,3.6288,48.7486,0.66528,0,0,0.847441,0.25083,0,0.66528,12.849,1,0.659173,0.36288,0,17.7799,4.39146,13.0922,0.84672,12.849,0.84672,3695.15,0,36.966,0.669094,0.635247,2.40331,6.18208,1.1966,7.35494,0.42336,36.966,0.42336,423.524,0,1.02816,0,0,1.66341,0.635247,1.028160,1,0,20.4471,0,0,0,20.4471,0
45.7467,2.34594,0,0,2.34693,0.196467,0.36288,3.6288,48.3633,0.898309,0,0,0.681867,0.168824,0,0.66528,12.849,1,0.650964,0.36288,0,28.2,4.08116,23.8308,0.84672,12.849,0.84672,3695.15,0,36.966,0.681187,0.216518,2.40331,4.59042,1.01221,5.51686,0.42336,36.966,0.42336,423.524,0,0.688254,0,0,0.904772,0.216518,1.028160,1,0,29.3476,0,0,0,29.3476,0
44.7717,2.33974,0,0,1.95301,0.225335,0.36288,3.6288,47.6433,1.03276,0,0,0.477249,0.164562,0,0.66528,12.849,1,0.657168,0.36288,0,22.911,4.12009,18.4967,0.84672,12.849,0.84672,3695.15,0,36.966,0.789383,0.216518,2.31368,3.83254,1.06181,4.51155,0.42336,36.966,0.42336,423.524,0,0.445604,0,0,0.662122,0.216518,1.028160,1,0,23.0082,0,0,0,23.0082,0
44.7972,2.32862,0,0,2.93979,0.222877,0.36288,3.6288,47.9701,0.66528,0,0,1.15572,0.163577,0,0.66528,12.849,1,0.668288,0.36288,0,35.7267,4.12009,31.3012,0.84672,12.849,0.84672,3695.15,0,36.966,0.574313,0.885548,2.31368,7.77121,1.06181,9.33432,0.42336,36.966,0.42336,423.524,0,1.02816,0,0,1.91371,0.885548,1.028160,1,0,40.6356,0,0,0,40.6356,0
48.9995,2.32892,0,0,7.1171,0.222941,0.36288,3.6288,49.73,0.66528,0,0,2.58917,0.164024,0,0.66528,12.849,1,0.667994,0.36288,0,93.6285,4.12009,89.2033,0.84672,12.849,0.84672,3695.15,0,36.966,0.574315,1.98306,2.31369,11.7564,1.06181,14.417,0.42336,36.966,0.42336,423.524,0,1.02816,0,0,3.01122,1.98306,1.028160,1,0,103.62,0,0,0,103.62,0
50.9449,2.17745,0,0,4.69299,0.207264,0.36288,3.6288,50.1686,0.59781,0,0,1.19991,0.1635,0,0.66528,12.849,1,0.570986,0.36288,0,82.8498,4.06441,78.5773,0.84672,12.849,0.84672,3695.15,0,36.966,0.444373,1.22489,2.31369,9.26588,1.04996,11.3101,0.42336,36.966,0.42336,423.524,0,1.02816,0,0,2.25305,1.22489,1.028160,1,0,89.8874,0,0,0,89.8874,0
51.7968,2.19486,0,0,3.67236,0.262724,0.36288,3.6288,50.3799,0.600048,0,0,0.987232,0.175868,0,0.66528,12.849,1,0.553575,0.36288,0,62.3113,4.19916,57.9215,0.84672,12.849,0.84672,3695.15,0,36.966,0.442137,0.619281,2.1146,6.14165,0.979539,7.45386,0.42336,36.966,0.42336,423.524,0,1.02816,0,0,1.64744,0.619281,1.028160,1,0,65.3753,0,0,0,65.3753,0
53.0155,2.20216,0,0,4.04881,0.265067,0.36288,3.6288,51.056,0.601119,0,0,1.45334,0.176173,0,0.66528,12.849,1,0.54628,0.36288,0,69.9386,4.19916,65.5561,0.84672,12.849,0.84672,3695.15,0,36.966,0.441068,2.17703,2.11461,9.92719,0.979539,12.7982,0.42336,36.966,0.42336,423.524,0,1.02816,0,0,3.20519,2.17703,1.028160,1,0,78.3543,0,0,0,78.3543,0
56.7694,1.94024,0,0,6.3254,0.26842,0.36288,3.6288,51.7657,0.49091,0,0,1.37784,0.177146,0,0.66528,12.849,1,0.470244,0.36288,0,116.256,4.19916,111.95,0.84672,12.849,0.84672,3695.15,0,36.966,0.355433,1.78653,2.11461,12.071,0.979539,14.6372,0.42336,36.966,0.42336,423.524,0,1.02816,0,0,2.81469,1.78653,1.028160,1,0,126.587,0,0,0,126.587,0
65.9391,2.24119,0,0,12.0498,0.276042,0.36288,3.6288,55.8736,0.608009,0,0,4.91127,0.195433,0,0.66528,12.849,1,0.507263,0.36288,0,237.892,4.22766,233.52,0.84672,12.849,0.84672,3695.15,0,36.966,0.43418,2.30703,1.89997,21.4386,1.11117,24.1003,0.42336,36.966,0.42336,423.524,0,1.02816,0,0,3.33519,2.30703,1.028160,1,0,257.62,0,0,0,257.62,0
73.4306,2.38021,0,0,10.5316,0.296911,0.36288,3.6288,58.686,0.661623,0,0,3.6888,0.21473,0,0.66528,12.849,1,0.463812,0.36288,0,202.382,4.24904,198.033,0.84672,12.849,0.84672,3695.15,0,36.966,0.43773,5.40206,2.11461,21.8904,1.20989,27.7594,0.42336,36.966,0.42336,423.524,0,1.02816,0,0,6.43022,5.40206,1.028160,1,0,225.792,0,0,0,225.792,0
80.6291,2.42047,0,0,10.411,0.42925,0.36288,3.6288,60.9074,0.66528,0,0,3.1053,0.218684,0,0.66528,12.849,1,0.423537,0.36288,0,185.395,4.24904,181.085,0.84672,12.849,0.84672,3695.15,0,36.966,0.434064,4.67362,2.17669,21.1718,1.20989,26.3782,0.42336,36.966,0.42336,423.524,0,1.02816,0,0,5.70178,4.67362,1.028160,1,0,207.463,0,0,0,207.463,0
87.6226,2.45307,0,0,10.2707,0.46127,0.36288,3.6288,61.308,0.66528,0,0,2.83595,0.221807,1.54822,0.66528,12.849,1,0.39092,0.36288,0,196.093,4.24904,191.816,0.84672,12.849,0.84672,3695.15,0,36.966,0.434055,5.37472,2.17668,21.0622,1.20989,26.9696,0.42336,36.966,0.42336,423.524,0,1.02816,0,0,6.40288,5.37472,1.028160,1,0,220.334,0,0,0,220.334,0
92.8584,2.48027,0,0,8.55299,0.474035,0.36288,3.6288,61.308,0.66528,0,0,3.66173,0.196508,2.79994,0.66528,12.849,1,0.363707,0.36288,0,190.098,3.53993,186.557,0.84672,12.849,0.84672,3695.15,0,36.966,0.434046,4.22537,2.17667,16.646,1.01294,21.6011,0.42336,36.966,0.42336,423.524,0,1.02816,0,0,5.25353,4.22537,1.028160,1,0,210.958,0,0,0,210.958,0
96.8711,2.76785,0,0,7.68761,0.54417,0.36288,3.6288,61.308,0.66528,0,0,2.15576,0.181932,1.30855,0.66528,12.849,1,0.382993,0.36288,0,176.119,2.8139,173.285,0.84672,12.849,0.84672,3695.15,0,36.966,0.648627,2.81,2.17666,11.2306,0.832929,14.7357,0.42336,36.966,0.42336,423.524,0,1.02816,0,0,3.83816,2.81,1.028160,1,0,189.33,0,0,0,189.33,0
97.506,2.78184,0,0,8.16489,0.563006,4.18511,3.6288,61.308,0.66528,0,0,2.39836,0.181932,1.55115,0.66528,12.849,1,0.368984,4.18511,0,194.969,2.8139,195.972,0.84672,12.849,0.84672,3695.15,0,36.966,0.648617,3.85407,2.39995,13.8633,0.832929,18.6358,0.42336,36.966,0.42336,423.524,0,1.02816,0,0,4.88223,3.85407,1.028160,1,0,216.159,0,0,0,216.159,0
97.506,2.78395,0,0,12.7871,0.548124,9.45504,3.6288,61.308,0.66528,0,0,3.96697,0.204063,3.09763,0.66528,12.849,1,0.36686,9.45504,0,238.386,3.33805,244.136,0.84672,12.849,0.84672,3695.15,0,36.966,0.648607,6.21391,2.39994,25.7469,0.996912,32.7153,0.42336,36.966,0.42336,423.524,0,1.02816,0,0,7.24207,6.21391,1.028160,1,0,279.949,0,0,0,279.949,0
97.506,2.78394,0,0,9.06013,0.544929,5.73126,3.6288,61.308,0.66528,0,0,2.99026,0.181237,2.14374,0.66528,12.849,1,0.366858,5.73126,0,207.383,3.08153,209.666,0.84672,12.849,0.84672,3695.15,0,36.966,0.648597,4.99533,2.39993,19.7535,0.868083,25.632,0.42336,36.966,0.42336,423.524,0,1.02816,0,0,6.02349,4.99533,1.028160,1,0,237.442,0,0,0,237.442,0
97.506,2.39717,0,0,6.09469,0.549699,3.14782,3.6288,61.308,0.639999,0,0,1.88563,0.153636,1.09199,0.66528,12.849,1,0.315891,3.14782,0,131.413,2.18957,132.055,0.84672,12.849,0.84672,3695.15,0,36.966,0.385891,2.31963,2.39992,10.5048,0.675695,14.1627,0.42336,36.966,0.42336,423.524,0,1.02816,0,0,3.34779,2.31963,1.028160,1,0,147.31,0,0,0,147.31,0
97.506,2.39716,0,0,8.87838,0.549699,5.93152,3.6288,61.308,0.639993,0,0,3.16647,0.153636,2.37284,0.66528,12.849,1,0.315889,5.93152,0,195.688,2.18957,199.114,0.84672,12.849,0.84672,3695.15,0,36.966,0.385888,5.27039,2.09539,21.1685,0.675695,27.4727,0.42336,36.966,0.42336,423.524,0,1.02816,0,0,6.29855,5.27039,1.028160,1,0,228.96,0,0,0,228.96,0
97.506,2.39715,0,0,6.9614,0.556161,4.00809,3.6288,61.308,0.639988,0,0,2.34656,0.199531,1.50704,0.66528,12.849,1,0.315888,4.00809,0,169.322,3.48889,169.526,0.84672,12.849,0.84672,3695.15,0,36.966,0.385884,3.82031,2.09538,15.7035,0.875791,20.3575,0.42336,36.966,0.42336,423.524,0,1.02816,0,0,4.84847,3.82031,1.028160,1,0,191.39,0,0,0,191.39,0
97.506,2.39713,0,0,6.02035,0.557238,3.06598,3.6288,61.308,0.639982,0,0,2.78967,0.20718,1.9425,0.66528,12.849,1,0.315886,3.06598,0,149.826,3.70545,148.871,0.84672,12.849,0.84672,3695.15,0,36.966,0.385881,3.13131,2.09537,13.3892,0.909141,17.3209,0.42336,36.966,0.42336,423.524,0,1.02816,0,0,4.15947,3.13131,1.028160,1,0,168.134,0,0,0,168.134,0
97.506,2.39712,0,0,8.04047,0.474881,5.16847,3.6288,61.308,0.639977,0,0,2.7717,0.18814,1.94359,0.66528,12.849,1,0.315884,5.16847,0,198.649,4.04544,199.456,0.84672,12.849,0.84672,3695.15,0,36.966,0.385878,3.63671,2.09536,15.4366,0.963807,19.8189,0.42336,36.966,0.42336,423.524,0,1.02816,0,0,4.66487,3.63671,1.028160,1,0,221.219,0,0,0,221.219,0
97.506,2.49446,0,0,8.04038,0.468052,5.07788,3.6288,61.308,0.66528,0,0,2.45829,0.183137,1.60987,0.66528,12.849,1,0.328711,5.07788,0,200.449,4.31119,200.887,0.84672,12.849,0.84672,3695.15,0,36.966,0.431014,2.45872,2.09535,13.2494,1.00312,16.3693,0.42336,36.966,0.42336,423.524,0,1.02816,0,0,3.48688,2.45872,1.028160,1,0,218.866,0,0,0,218.866,0
97.506,2.49444,0,0,11.5979,0.468052,8.63541,3.6288,61.308,0.66528,0,0,2.87119,0.183137,2.02278,0.66528,12.849,1,0.328709,8.63541,0,196.386,4.31119,200.382,0.84672,12.849,0.84672,3695.15,0,36.966,0.431005,3.72446,2.17041,20.2823,1.00312,24.7431,0.42336,36.966,0.42336,423.524,0,1.02816,0,0,4.75262,3.72446,1.028160,1,0,227.148,0,0,0,227.148,0
97.506,2.49443,0,0,9.78748,0.452701,6.84035,3.6288,61.308,0.66528,0,0,3.84468,0.187895,2.9915,0.66528,12.849,1,0.328707,6.84035,0,229.242,4.36937,231.384,0.84672,12.849,0.84672,3695.15,0,36.966,0.430996,4.7347,2.1704,19.659,1.01457,25.1186,0.42336,36.966,0.42336,423.524,0,1.02816,0,0,5.76286,4.7347,1.028160,1,0,259.494,0,0,0,259.494,0
97.506,2.49441,0,0,7.9304,0.343815,5.09217,3.6288,61.308,0.66528,0,0,2.22236,0.230793,1.32629,0.66528,12.849,1,0.328705,5.09217,0,206.054,5.06564,205.752,0.84672,12.849,0.84672,3695.15,0,36.966,0.430987,3.05211,2.17039,14.6959,1.13677,18.3506,0.42336,36.966,0.42336,423.524,0,1.02816,0,0,4.08027,3.05211,1.028160,1,0,225.429,0,0,0,225.429,0
97.506,2.45634,0,0,6.76711,0.265384,4.04538,3.6288,61.308,0.66528,0,0,1.8218,0.226199,0.930325,0.66528,12.849,1,0.323688,4.04538,0,119.69,4.69843,118.713,0.84672,12.849,0.84672,3695.15,0,36.966,0.403617,2.90326,2.17038,13.4986,1.08768,17.081,0.42336,36.966,0.42336,423.524,0,1.02816,0,0,3.93142,2.90326,1.028160,1,0,136.724,0,0,0,136.724,0
97.506,2.45633,0,0,5.95587,0.265384,3.23416,3.6288,61.308,0.66528,0,0,1.64803,0.226199,0.756549,0.66528,12.849,1,0.323686,3.23416,0,124.709,4.69843,122.921,0.84672,12.849,0.84672,3695.15,0,36.966,0.403608,2.24262,2.14116,10.625,1.08768,13.5174,0.42336,36.966,0.42336,423.524,0,1.02816,0,0,3.27078,2.24262,1.028160,1,0,137.195,0,0,0,137.195,0
97.506,2.45631,0,0,5.63358,0.265384,2.91189,3.6288,61.308,0.66528,0,0,1.50427,0.226199,0.612788,0.66528,12.849,1,0.323684,2.91189,0,110.292,4.69843,108.182,0.84672,12.849,0.84672,3695.15,0,36.966,0.403599,1.65495,2.14115,9.70963,1.08768,12.0145,0.42336,36.966,0.42336,423.524,0,1.02816,0,0,2.68311,1.65495,1.028160,1,0,120.809,0,0,0,120.809,0
97.506,2.4563,0,0,5.17381,0.265384,2.45213,3.6288,61.308,0.66528,0,0,1.404,0.226199,0.512521,0.66528,12.849,1,0.323682,2.45213,0,101.171,4.69843,98.601,0.84672,12.849,0.84672,3695.15,0,36.966,0.40359,1.58964,2.14114,8.21828,1.08768,10.4578,0.42336,36.966,0.42336,423.524,0,1.02816,0,0,2.6178,1.58964,1.028160,1,0,109.571,0,0,0,109.571,0
97.506,2.58548,0,0,5.90772,0.198837,3.12341,3.6288,61.308,0.66528,0,0,1.48598,0.276449,0.544248,0.66528,12.849,1,0.340705,3.12341,0,99.7644,5.26633,97.2807,0.84672,12.849,0.84672,3695.15,0,36.966,0.500608,2.02918,2.14113,10.1277,1.28205,12.5154,0.42336,36.966,0.42336,423.524,0,1.02816,0,0,3.05734,2.02918,1.028160,1,0,110.34,0,0,0,110.34,0
97.506,2.58546,0,0,5.53711,0.132621,2.81902,3.6288,61.308,0.66528,0,0,1.45486,0.279816,0.509768,0.66528,12.849,1,0.340703,2.81902,0,96.2461,5.37081,93.3537,0.84672,12.849,0.84672,3695.15,0,36.966,0.500599,1.75125,2.24349,9.82895,1.29442,12.0287,0.42336,36.966,0.42336,423.524,0,1.02816,0,0,2.77941,1.75125,1.028160,1,0,105.892,0,0,0,105.892,0
97.506,2.58545,0,0,5.12488,0.101707,2.43772,3.6288,61.308,0.66528,0,0,1.3459,0.274982,0.405643,0.66528,12.849,1,0.340702,2.43772,0,91.6021,5.41128,88.2879,0.84672,12.849,0.84672,3695.15,0,36.966,0.500589,1.51594,2.24348,9.10587,1.28001,11.0847,0.42336,36.966,0.42336,423.524,0,1.02816,0,0,2.5441,1.51594,1.028160,1,0,99.7782,0,0,0,99.7782,0
97.506,2.58544,0,0,4.88092,0.101707,2.19377,3.6288,61.308,0.66528,0,0,1.35777,0.274982,0.417506,0.66528,12.849,1,0.3407,2.19377,0,76.953,5.41128,73.3948,0.84672,12.849,0.84672,3695.15,0,36.966,0.50058,1.81666,2.24347,8.33475,1.28001,10.6143,0.42336,36.966,0.42336,423.524,0,1.02816,0,0,2.84482,1.81666,1.028160,1,0,84.4266,0,0,0,84.4266,0
97.506,2.58542,0,0,4.57319,0.0962572,1.89152,3.6288,61.308,0.66528,0,0,1.36562,0.303808,0.396533,0.66528,12.849,1,0.340698,1.89152,0,82.0636,5.80053,77.8139,0.84672,12.849,0.84672,3695.15,0,36.966,0.500571,2.15409,2.24346,7.81825,1.40841,10.3068,0.42336,36.966,0.42336,423.524,0,1.02816,0,0,3.18225,2.15409,1.028160,1,0,88.5172,0,0,0,88.5172,0
97.506,2.55986,0,0,4.09126,0.0940772,1.43732,3.6288,61.308,0.66528,0,0,1.30709,0.315339,0.326466,0.66528,12.849,1,0.337329,1.43732,0,77.6053,5.95623,72.7491,0.84672,12.849,0.84672,3695.15,0,36.966,0.553887,2.02535,2.24345,6.8675,1.45977,9.12265,0.42336,36.966,0.42336,423.524,0,1.02816,0,0,3.05351,2.02535,1.028160,1,0,82.1982,0,0,0,82.1982,0
97.506,2.55984,0,0,3.77851,0.0940772,1.12458,3.6288,61.308,0.66528,0,0,1.2474,0.315339,0.266781,0.66528,12.849,1,0.337327,1.12458,0,70.3452,5.95623,65.1762,0.84672,12.849,0.84672,3695.15,0,36.966,0.553877,1.85591,2.27922,6.83908,1.45977,8.96055,0.42336,36.966,0.42336,423.524,0,1.02816,0,0,2.88407,1.85591,1.028160,1,0,74.4035,0,0,0,74.4035,0
97.506,2.55983,0,0,3.65692,0.0940772,1.00302,3.6288,61.308,0.66528,0,0,1.17532,0.315339,0.194697,0.66528,12.849,1,0.337326,1.00302,0,63.611,5.95623,58.3204,0.84672,12.849,0.84672,3695.15,0,36.966,0.553868,1.53453,2.27921,6.67492,1.45977,8.47502,0.42336,36.966,0.42336,423.524,0,1.02816,0,0,2.56269,1.53453,1.028160,1,0,66.9901,0,0,0,66.9901,0
97.506,2.55982,0,0,3.56447,0.073924,0.930726,3.6288,61.308,0.66528,0,0,1.08694,0.327601,0.0940567,0.66528,12.849,1,0.337324,0.930726,0,58.9831,5.98303,53.5935,0.84672,12.849,0.84672,3695.15,0,36.966,0.553858,1.37299,2.2792,6.35271,1.4982,7.95284,0.42336,36.966,0.42336,423.524,0,1.02816,0,0,2.40115,1.37299,1.028160,1,0,61.6404,0,0,0,61.6404,0
97.506,2.62578,0,0,3.6003,0.0547841,0.919734,3.6288,61.2858,0.66528,0,0,0.985746,0.342708,0,0.66528,12.849,1,0.346016,0.919734,0,56.1085,5.91717,50.7651,0.84672,12.849,0.84672,3695.15,0,36.966,0.601373,1.30057,2.27919,5.75282,1.51555,7.21566,0.42336,36.966,0.42336,423.524,0,1.02816,0,0,2.32873,1.30057,1.028160,1,0,57.9807,0,0,0,57.9807,0
97.506,2.62576,0,0,3.18671,0.0547841,0.50616,3.6288,61.203,0.66528,0,0,0.925214,0.34266,0,0.66528,12.849,1,0.346014,0.50616,0,52.9655,5.91717,47.2085,0.84672,12.849,0.84672,3695.15,0,36.966,0.601363,1.1816,2.32989,5.75603,1.51555,7.1506,0.42336,36.966,0.42336,423.524,0,1.02816,0,0,2.20976,1.1816,1.028160,1,0,54.3591,0,0,0,54.3591,0
97.3762,2.62575,0,0,2.91359,0.0547841,0.36288,3.6288,61.089,0.66528,0,0,0.893739,0.342481,0,0.66528,12.849,1,0.346012,0.36288,0,49.7406,5.91717,43.8403,0.84672,12.849,0.84672,3695.15,0,36.966,0.601353,1.00786,2.32988,5.48429,1.51555,6.70512,0.42336,36.966,0.42336,423.524,0,1.02816,0,0,2.03602,1.00786,1.028160,1,0,50.5454,0,0,0,50.5454,0
96.8616,2.62533,0,0,2.50021,0.0265554,0.36288,3.6288,60.9652,0.66528,0,0,0.890093,0.348587,0,0.66528,12.849,1,0.346418,0.36288,0,47.4459,6.17648,41.2859,0.84672,12.849,0.84672,3695.15,0,36.966,0.601343,0.987941,2.32987,5.44948,1.53083,6.63512,0.42336,36.966,0.42336,423.524,0,1.02816,0,0,2.0161,0.987941,1.028160,1,0,47.921,0,0,0,47.921,0
96.5843,2.81674,0,0,2.97331,0.0710287,0.36288,3.6288,60.7877,0.66528,0,0,0.803883,0.316104,0,0.66528,12.849,1,0.37365,0.36288,0,40.3904,5.5421,34.8375,0.84672,12.849,0.84672,3695.15,0,36.966,0.772868,1.32262,2.32985,5.34077,1.49227,6.72811,0.42336,36.966,0.42336,423.524,0,1.02816,0,0,2.35078,1.32262,1.028160,1,0,41.5656,0,0,0,41.5656,0
96.7896,2.81578,0,0,3.44949,0.0655487,0.36288,3.6288,60.761,0.66528,0,0,0.95383,0.315274,0,0.66528,12.849,1,0.374595,0.36288,0,48.1594,5.54641,42.6012,0.84672,12.849,0.84672,3695.15,0,36.966,0.772857,1.9374,2.50335,5.47999,1.52305,7.62483,0.42336,36.966,0.42336,423.524,0,1.02816,0,0,2.96556,1.9374,1.028160,1,0,50.2261,0,0,0,50.2261,0
96.2796,2.81647,0,0,2.73506,0.0656612,0.36288,3.6288,60.4964,0.66528,0,0,0.715928,0.31522,0,0.66528,12.849,1,0.373892,0.36288,0,52.8809,5.54641,47.3234,0.84672,12.849,0.84672,3695.15,0,36.966,0.772847,1.19912,2.50334,4.40003,1.52305,5.80659,0.42336,36.966,0.42336,423.524,0,1.02816,0,0,2.22728,1.19912,1.028160,1,0,53.13,0,0,0,53.13,0
96.361,2.81471,0,0,3.32436,0.0653818,0.36288,3.6288,60.6675,0.66528,0,0,1.15102,0.314691,0,0.66528,12.849,1,0.375637,0.36288,0,46.096,5.54641,40.5368,0.84672,12.849,0.84672,3695.15,0,36.966,0.772836,2.66452,2.50333,6.33996,1.52305,9.21192,0.42336,36.966,0.42336,423.524,0,1.02816,0,0,3.69268,2.66452,1.028160,1,0,49.7487,0,0,0,49.7487,0
96.7972,2.81497,0,0,3.70076,0.08673,0.36288,3.6288,60.8856,0.66528,0,0,1.176,0.292602,0,0.66528,12.849,1,0.375355,0.36288,0,61.1143,5.03978,56.062,0.84672,12.849,0.84672,3695.15,0,36.966,0.772825,3.67694,2.50331,8.06193,1.47733,11.992,0.42336,36.966,0.42336,423.524,0,1.02816,0,0,4.7051,3.67694,1.028160,1,0,68.054,0,0,0,68.054,0
97.506,2.72237,0,0,4.51151,0.154205,0.926126,3.6288,61.308,0.66528,0,0,1.77408,0.239002,0.447402,0.66528,12.849,1,0.361371,0.926126,0,100.13,4.74288,95.9517,0.84672,12.849,0.84672,3695.15,0,36.966,0.668702,6.29597,2.5033,12.3858,1.36074,19.1556,0.42336,36.966,0.42336,423.524,0,1.02816,0,0,7.32413,6.29597,1.028160,1,0,115.555,0,0,0,115.555,0
97.506,2.72468,0,0,6.52468,0.207624,3.59238,3.6288,61.308,0.66528,0,0,1.99907,0.233205,1.10059,0.66528,12.849,1,0.359048,3.59238,0,95.4927,4.56477,94.1613,0.84672,12.849,0.84672,3695.15,0,36.966,0.668691,6.9425,2.40288,12.9773,1.33889,20.3151,0.42336,36.966,0.42336,423.524,0,1.02816,0,0,7.97066,6.9425,1.028160,1,0,115.577,0,0,0,115.577,0
97.506,2.72466,0,0,5.8578,0.207624,2.92551,3.6288,61.308,0.66528,0,0,1.82361,0.233205,0.925125,0.66528,12.849,1,0.359046,2.92551,0,142.07,4.56477,140.072,0.84672,12.849,0.84672,3695.15,0,36.966,0.668681,6.4209,2.40287,12.2046,1.33889,19.0208,0.42336,36.966,0.42336,423.524,0,1.02816,0,0,7.44906,6.4209,1.028160,1,0,160.018,0,0,0,160.018,0
97.506,2.72465,0,0,4.66087,0.239758,1.69647,3.6288,61.308,0.66528,0,0,1.57108,0.227927,0.677873,0.66528,12.849,1,0.359044,1.69647,0,109.249,4.45345,106.133,0.84672,12.849,0.84672,3695.15,0,36.966,0.668671,5.22667,2.40286,11.3579,1.27782,17.0409,0.42336,36.966,0.42336,423.524,0,1.02816,0,0,6.25483,5.22667,1.028160,1,0,123.852,0,0,0,123.852,0
97.506,2.64735,0,0,3.67784,0.432562,0.597934,3.6288,61.308,0.66528,0,0,2.07817,0.196259,1.21663,0.66528,12.849,1,0.348858,0.597934,0,130.618,3.78557,127.081,0.84672,12.849,0.84672,3695.15,0,36.966,0.573894,4.73883,2.40285,14.5929,0.911423,20.2492,0.42336,36.966,0.42336,423.524,0,1.02816,0,0,5.76699,4.73883,1.028160,1,0,148.547,0,0,0,148.547,0
97.506,2.64733,0,0,5.9484,0.432562,2.86851,3.6288,61.308,0.66528,0,0,2.40872,0.196259,1.54718,0.66528,12.849,1,0.348856,2.86851,0,152.663,3.78557,151.397,0.84672,12.849,0.84672,3695.15,0,36.966,0.573884,5.67062,2.31323,16.74,0.911423,23.2385,0.42336,36.966,0.42336,423.524,0,1.02816,0,0,6.69878,5.67062,1.028160,1,0,176.183,0,0,0,176.183,0
97.506,2.64732,0,0,5.10538,0.352291,2.10577,3.6288,61.308,0.66528,0,0,2.27273,0.179499,1.42795,0.66528,12.849,1,0.348854,2.10577,0,132.494,3.68911,130.562,0.84672,12.849,0.84672,3695.15,0,36.966,0.573875,5.00329,2.31322,15.9204,0.869581,21.7935,0.42336,36.966,0.42336,423.524,0,1.02816,0,0,6.03145,5.00329,1.028160,1,0,153.784,0,0,0,153.784,0
97.506,2.6473,0,0,4.50757,0.36816,1.49211,3.6288,61.308,0.66528,0,0,1.9981,0.182047,1.15077,0.66528,12.849,1,0.348852,1.49211,0,120.3,3.40489,118.038,0.84672,12.849,0.84672,3695.15,0,36.966,0.573865,3.97478,2.31321,13.8921,0.767996,18.8382,0.42336,36.966,0.42336,423.524,0,1.02816,0,0,5.00294,3.97478,1.028160,1,0,138.027,0,0,0,138.027,0
97.506,2.42779,0,0,9.1872,0.32297,6.43643,3.6288,61.308,0.649904,0,0,4.72093,0.202139,3.86889,0.66528,12.849,1,0.319926,6.43643,0,189.78,2.92717,192.97,0.84672,12.849,0.84672,3695.15,0,36.966,0.391863,7.95395,2.3132,25.0406,0.801497,34.1144,0.42336,36.966,0.42336,423.524,0,1.02816,0,0,8.98211,7.95395,1.028160,1,0,230.953,0,0,0,230.953,0
97.506,2.42778,0,0,7.168,0.468937,4.27129,3.6288,61.308,0.649899,0,0,4.20108,0.171552,3.37963,0.66528,12.849,1,0.319924,4.27129,0,85.5317,3.22602,86.257,0.84672,12.849,0.84672,3695.15,0,36.966,0.39186,7.08826,2.11415,19.2773,0.845283,27.2426,0.42336,36.966,0.42336,423.524,0,1.02816,0,0,8.11642,7.08826,1.028160,1,0,116.879,0,0,0,116.879,0
97.506,2.42777,0,0,9.32584,0.495519,6.40256,3.6288,61.308,0.649893,0,0,5.54845,0.166089,4.73247,0.66528,12.849,1,0.319923,6.40256,0,150.79,3.28398,153.589,0.84672,12.849,0.84672,3695.15,0,36.966,0.391857,7.24982,2.11414,24.6224,0.849883,32.7447,0.42336,36.966,0.42336,423.524,0,1.02816,0,0,8.27798,7.24982,1.028160,1,0,191.066,0,0,0,191.066,0
97.506,2.42775,0,0,9.98127,0.495519,7.058,3.6288,61.308,0.649888,0,0,6.34593,0.166089,5.52996,0.66528,12.849,1,0.319921,7.058,0,125.477,3.28398,128.931,0.84672,12.849,0.84672,3695.15,0,36.966,0.391854,8.3916,2.11413,25.9259,0.849883,35.1899,0.42336,36.966,0.42336,423.524,0,1.02816,0,0,9.41976,8.3916,1.028160,1,0,169.651,0,0,0,169.651,0
97.506,2.42774,0,0,9.90005,0.499219,6.97309,3.6288,61.308,0.649882,0,0,6.57726,0.205859,5.72152,0.66528,12.849,1,0.319919,6.97309,0,273.843,4.21707,276.279,0.84672,12.849,0.84672,3695.15,0,36.966,0.39185,9.59949,2.11412,34.1189,1.13234,44.3083,0.42336,36.966,0.42336,423.524,0,1.02816,0,0,10.6276,9.59949,1.028160,1,0,326.309,0,0,0,326.309,0
97.506,2.51215,0,0,6.04116,0.534575,2.99444,3.6288,61.308,0.66528,0,0,2.7021,0.237918,1.7989,0.66528,12.849,1,0.331042,2.99444,0,106.332,5.09722,103.899,0.84672,12.849,0.84672,3695.15,0,36.966,0.433591,6.54086,2.11411,18.5858,1.36104,25.4461,0.42336,36.966,0.42336,423.524,0,1.02816,0,0,7.56902,6.54086,1.028160,1,0,131.144,0,0,0,131.144,0
97.506,2.51212,0,0,10.3592,0.534575,7.3125,3.6288,61.308,0.66528,0,0,4.98778,0.237918,4.08458,0.66528,12.849,1,0.331038,7.3125,0,277.624,5.09722,279.508,0.84672,12.849,0.84672,3695.15,0,36.966,0.433571,11.4082,2.17616,31.9974,1.36104,43.7871,0.42336,36.966,0.42336,423.524,0,1.02816,0,0,12.4363,11.4082,1.028160,1,0,327.38,0,0,0,327.38,0
97.506,2.51209,0,0,11.154,0.52643,8.11546,3.6288,61.308,0.66528,0,0,3.45138,0.214812,2.57129,0.66528,12.849,1,0.331034,8.11546,0,319.873,4.42784,323.229,0.84672,12.849,0.84672,3695.15,0,36.966,0.433551,8.28317,2.17614,24.5678,1.19725,33.3963,0.42336,36.966,0.42336,423.524,0,1.02816,0,0,9.31133,8.28317,1.028160,1,0,359.197,0,0,0,359.197,0
97.506,2.51206,0,0,9.31418,0.493027,6.3091,3.6288,61.308,0.66528,0,0,2.68891,0.186474,1.83715,0.66528,12.849,1,0.33103,6.3091,0,315.738,3.54333,318.173,0.84672,12.849,0.84672,3695.15,0,36.966,0.433531,6.85264,2.17611,22.7184,1.09327,30.2204,0.42336,36.966,0.42336,423.524,0,1.02816,0,0,7.8808,6.85264,1.028160,1,0,350.231,0,0,0,350.231,0
97.506,2.78311,0,0,4.65875,0.578194,1.29745,3.6288,61.308,0.66528,0,0,3.46944,0.233632,2.57052,0.66528,12.849,1,0.366748,1.29745,0,187.565,3.75963,184.736,0.84672,12.849,0.84672,3695.15,0,36.966,0.64804,6.57811,2.17609,18.6974,1.10591,25.6976,0.42336,36.966,0.42336,423.524,0,1.02816,0,0,7.60627,6.57811,1.028160,1,0,213.004,0,0,0,213.004,0
97.506,2.78307,0,0,7.80875,0.573165,4.45252,3.6288,61.308,0.66528,0,0,4.35117,0.208147,3.47775,0.66528,12.849,1,0.366743,4.45252,0,151.116,3.48252,151.719,0.84672,12.849,0.84672,3695.15,0,36.966,0.648018,8.43359,2.39931,23.0807,1.03118,32.2344,0.42336,36.966,0.42336,423.524,0,1.02816,0,0,9.46175,8.43359,1.028160,1,0,187.432,0,0,0,187.432,0
97.506,2.78304,0,0,6.90084,0.572785,3.54501,3.6288,61.308,0.66528,0,0,4.08193,0.202976,3.21368,0.66528,12.849,1,0.366739,3.54501,0,278.347,3.41575,278.11,0.84672,12.849,0.84672,3695.15,0,36.966,0.647996,8.46997,2.39929,26.3479,1.01709,35.5521,0.42336,36.966,0.42336,423.524,0,1.02816,0,0,9.49813,8.46997,1.028160,1,0,316.875,0,0,0,316.875,0
97.2215,2.78301,0,0,3.43417,0.572785,0.36288,3.6288,61.308,0.66528,0,0,2.25128,0.202976,1.38303,0.66528,12.849,1,0.366735,0.36288,0,138.616,3.41575,135.196,0.84672,12.849,0.84672,3695.15,0,36.966,0.647974,4.76837,2.39926,12.9399,1.01709,18.4424,0.42336,36.966,0.42336,423.524,0,1.02816,0,0,5.79653,4.76837,1.028160,1,0,155.022,0,0,0,155.022,0
97.506,2.39553,0,0,6.15527,0.508693,2.96655,3.6288,61.308,0.639659,0,0,1.89696,0.225844,1.03145,0.66528,12.849,1,0.316598,2.96655,0,159.262,2.9372,158.975,0.84672,12.849,0.84672,3695.15,0,36.966,0.385686,3.50619,2.39924,9.02059,0.917505,13.6228,0.42336,36.966,0.42336,423.524,0,1.02816,0,0,4.53435,3.50619,1.028160,1,0,173.629,0,0,0,173.629,0
97.506,2.39632,0,0,4.82454,0.550319,1.87791,3.6288,61.308,0.639647,0,0,1.71996,0.24073,0.839579,0.66528,12.849,1,0.315778,1.87791,0,158.531,2.99449,157.099,0.84672,12.849,0.84672,3695.15,0,36.966,0.385679,3.06587,2.09479,8.22208,0.974594,12.0225,0.42336,36.966,0.42336,423.524,0,1.02816,0,0,4.09403,3.06587,1.028160,1,0,169.961,0,0,0,169.961,0
97.506,2.39629,0,0,5.50535,0.550319,2.55874,3.6288,61.308,0.639635,0,0,2.61171,0.24073,1.73134,0.66528,12.849,1,0.315774,2.55874,0,136.865,2.99449,136.113,0.84672,12.849,0.84672,3695.15,0,36.966,0.385672,4.62265,2.09477,11.1378,0.974594,16.495,0.42336,36.966,0.42336,423.524,0,1.02816,0,0,5.65081,4.62265,1.028160,1,0,154.339,0,0,0,154.339,0
97.506,2.39626,0,0,5.07914,0.550319,2.13256,3.6288,61.308,0.639623,0,0,2.45103,0.24073,1.57068,0.66528,12.849,1,0.315771,2.13256,0,165.433,2.99449,164.255,0.84672,12.849,0.84672,3695.15,0,36.966,0.385664,4.06393,2.09475,10.1356,0.974594,14.934,0.42336,36.966,0.42336,423.524,0,1.02816,0,0,5.09209,4.06393,1.028160,1,0,180.76,0,0,0,180.76,0
97.506,2.39623,0,0,5.59813,0.483746,2.71816,3.6288,61.308,0.639612,0,0,1.94643,0.198848,1.10797,0.66528,12.849,1,0.315767,2.71816,0,135.111,3.1057,134.407,0.84672,12.849,0.84672,3695.15,0,36.966,0.385657,3.28509,2.09473,11.8842,0.905946,15.9724,0.42336,36.966,0.42336,423.524,0,1.02816,0,0,4.31325,3.28509,1.028160,1,0,151.488,0,0,0,151.488,0
97.506,2.49352,0,0,6.37175,0.501986,3.37625,3.6288,61.308,0.66528,0,0,3.42779,0.188493,2.57402,0.66528,12.849,1,0.328587,3.37625,0,124.917,3.49429,124.47,0.84672,12.849,0.84672,3695.15,0,36.966,0.430394,5.19566,2.09471,16.6786,0.8983,22.6402,0.42336,36.966,0.42336,423.524,0,1.02816,0,0,6.22382,5.19566,1.028160,1,0,149.685,0,0,0,149.685,0
97.506,2.49349,0,0,5.3088,0.501986,2.31333,3.6288,61.308,0.66528,0,0,3.45878,0.188493,2.60501,0.66528,12.849,1,0.328583,2.31333,0,153.751,3.49429,152.242,0.84672,12.849,0.84672,3695.15,0,36.966,0.430374,6.36736,2.16974,18.4874,0.8983,25.6959,0.42336,36.966,0.42336,423.524,0,1.02816,0,0,7.39552,6.36736,1.028160,1,0,180.543,0,0,0,180.543,0
97.506,2.49346,0,0,3.791,0.487074,0.810469,3.6288,61.308,0.66528,0,0,2.30151,0.164793,1.47143,0.66528,12.849,1,0.328579,0.810469,0,123.671,2.84679,121.306,0.84672,12.849,0.84672,3695.15,0,36.966,0.430355,4.36793,2.16971,12.1955,0.807719,17.4951,0.42336,36.966,0.42336,423.524,0,1.02816,0,0,5.39609,4.36793,1.028160,1,0,140.273,0,0,0,140.273,0
97.506,2.49343,0,0,3.65199,0.398608,0.759955,3.6288,61.308,0.66528,0,0,1.94282,0.19708,1.08046,0.66528,12.849,1,0.328575,0.759955,0,104.911,3.37638,101.966,0.84672,12.849,0.84672,3695.15,0,36.966,0.430335,3.62293,2.16969,10.6555,0.941167,15.0767,0.42336,36.966,0.42336,423.524,0,1.02816,0,0,4.65109,3.62293,1.028160,1,0,118.123,0,0,0,118.123,0
97.506,2.45535,0,0,3.45821,0.32603,0.676833,3.6288,61.308,0.66528,0,0,2.00582,0.241309,1.09923,0.66528,12.849,1,0.323557,0.676833,0,85.8012,4.88859,81.2659,0.84672,12.849,0.84672,3695.15,0,36.966,0.402964,3.32574,2.16967,9.76432,1.12971,13.7271,0.42336,36.966,0.42336,423.524,0,1.02816,0,0,4.3539,3.32574,1.028160,1,0,96.0922,0,0,0,96.0922,0
97.506,2.45532,0,0,3.20933,0.32603,0.427978,3.6288,61.308,0.66528,0,0,1.93631,0.241309,1.02972,0.66528,12.849,1,0.323553,0.427978,0,73.4426,4.88859,68.6584,0.84672,12.849,0.84672,3695.15,0,36.966,0.402945,2.98841,2.14045,8.9494,1.12971,12.5456,0.42336,36.966,0.42336,423.524,0,1.02816,0,0,4.01657,2.98841,1.028160,1,0,82.2338,0,0,0,82.2338,0
97.4577,2.45529,0,0,3.09591,0.32603,0.36288,3.6288,61.308,0.66528,0,0,1.79449,0.241309,0.887905,0.66528,12.849,1,0.32355,0.36288,0,67.8128,4.88859,62.9635,0.84672,12.849,0.84672,3695.15,0,36.966,0.402926,2.66869,2.14043,8.89358,1.12971,12.1701,0.42336,36.966,0.42336,423.524,0,1.02816,0,0,3.69685,2.66869,1.028160,1,0,76.0215,0,0,0,76.0215,0
96.9555,2.45512,0,0,2.68437,0.368567,0.36288,3.6288,61.308,0.66528,0,0,1.79726,0.180085,0.951893,0.66528,12.849,1,0.323687,0.36288,0,64.1441,4.38612,59.7971,0.84672,12.849,0.84672,3695.15,0,36.966,0.402906,2.79717,2.14041,8.55179,0.984759,12.1017,0.42336,36.966,0.42336,423.524,0,1.02816,0,0,3.82533,2.79717,1.028160,1,0,72.8507,0,0,0,72.8507,0
96.4114,2.58267,0,0,2.73846,0.337051,0.36288,3.6288,61.308,0.66528,0,0,1.78739,0.182221,0.93989,0.66528,12.849,1,0.342267,0.36288,0,63.7464,4.15702,59.61,0.84672,12.849,0.84672,3695.15,0,36.966,0.499876,2.71687,2.14039,8.17093,0.989363,11.5389,0.42336,36.966,0.42336,423.524,0,1.02816,0,0,3.74503,2.71687,1.028160,1,0,72.0889,0,0,0,72.0889,0
96.1057,2.58093,0,0,2.80567,0.167485,0.36288,3.6288,61.308,0.66528,0,0,1.69383,0.218071,0.810478,0.66528,12.849,1,0.343968,0.36288,0,65.4031,4.58622,60.8358,0.84672,12.849,0.84672,3695.15,0,36.966,0.499855,2.66408,2.24269,8.36145,1.08538,11.683,0.42336,36.966,0.42336,423.524,0,1.02816,0,0,3.69224,2.66408,1.028160,1,0,73.3292,0,0,0,73.3292,0
95.4891,2.57994,0,0,2.46629,0.140144,0.36288,3.6288,61.308,0.66528,0,0,1.39523,0.223704,0.506247,0.66528,12.849,1,0.344928,0.36288,0,58.7962,4.66179,54.1524,0.84672,12.849,0.84672,3695.15,0,36.966,0.499835,2.14164,2.24267,7.12152,1.10058,9.90541,0.42336,36.966,0.42336,423.524,0,1.02816,0,0,3.1698,2.14164,1.028160,1,0,64.5641,0,0,0,64.5641,0
94.7597,2.57794,0,0,2.3509,0.139419,0.36288,3.6288,61.308,0.66528,0,0,1.1185,0.223704,0.229516,0.66528,12.849,1,0.346888,0.36288,0,54.4086,4.66179,49.7628,0.84672,12.849,0.84672,3695.15,0,36.966,0.499815,1.83199,2.24264,6.78465,1.10058,9.25889,0.42336,36.966,0.42336,423.524,0,1.02816,0,0,2.86015,1.83199,1.028160,1,0,59.2512,0,0,0,59.2512,0
93.8009,2.57556,0,0,2.17794,0.198365,0.36288,3.6288,61.308,0.66528,0,0,0.98261,0.243761,0.073569,0.66528,12.849,1,0.349235,0.36288,0,47.4257,4.59789,42.8414,0.84672,12.849,0.84672,3695.15,0,36.966,0.499794,1.42735,2.24262,5.96535,1.07644,8.05909,0.42336,36.966,0.42336,423.524,0,1.02816,0,0,2.45551,1.42735,1.028160,1,0,50.9741,0,0,0,50.9741,0
92.6652,2.54697,0,0,1.99843,0.224264,0.36288,3.6288,61.308,0.66528,0,0,0.933085,0.23689,0.0309155,0.66528,12.849,1,0.348888,0.36288,0,42.5887,4.16745,38.4353,0.84672,12.849,0.84672,3695.15,0,36.966,0.553078,1.18203,2.2426,5.6321,0.982663,7.52098,0.42336,36.966,0.42336,423.524,0,1.02816,0,0,2.21019,1.18203,1.028160,1,0,45.9872,0,0,0,45.9872,0
91.4069,2.54318,0,0,1.82252,0.174713,0.36288,3.6288,61.2677,0.66528,0,0,0.908513,0.283524,0,0.66528,12.849,1,0.352639,0.36288,0,40.5005,4.81896,35.6918,0.84672,12.849,0.84672,3695.15,0,36.966,0.553057,1.00125,2.27834,5.42824,1.20316,6.95162,0.42336,36.966,0.42336,423.524,0,1.02816,0,0,2.02941,1.00125,1.028160,1,0,42.6434,0,0,0,42.6434,0
89.9855,2.5389,0,0,1.64657,0.16618,0.36288,3.6288,61.1793,0.66528,0,0,0.858669,0.281846,0,0.66528,12.849,1,0.356891,0.36288,0,37.0989,5.40214,31.7027,0.84672,12.849,0.84672,3695.15,0,36.966,0.553036,1.05631,2.27832,5.36893,1.41595,6.73458,0.42336,36.966,0.42336,423.524,0,1.02816,0,0,2.08447,1.05631,1.028160,1,0,38.4373,0,0,0,38.4373,0
88.4972,2.53393,0,0,1.5703,0.161816,0.36288,3.6288,61.0406,0.66528,0,0,0.812398,0.285798,0,0.66528,12.849,1,0.361819,0.36288,0,33.6855,5.41605,28.2706,0.84672,12.849,0.84672,3695.15,0,36.966,0.553015,1.01575,2.2783,5.21812,1.41213,6.54702,0.42336,36.966,0.42336,423.524,0,1.02816,0,0,2.04391,1.01575,1.028160,1,0,34.8176,0,0,0,34.8176,0
86.795,2.59376,0,0,1.40047,0.146061,0.36288,3.6288,60.8495,0.66528,0,0,0.784391,0.310181,0,0.66528,12.849,1,0.376591,0.36288,0,35.0097,5.49948,29.4965,0.84672,12.849,0.84672,3695.15,0,36.966,0.600497,0.680979,2.27827,4.50742,1.38924,5.47694,0.42336,36.966,0.42336,423.524,0,1.02816,0,0,1.70914,0.680979,1.028160,1,0,34.9735,0,0,0,34.9735,0
84.9757,2.5873,0,0,1.27475,0.143833,0.36288,3.6288,60.5214,0.66528,0,0,0.646972,0.309806,0,0.66528,12.849,1,0.38302,0.36288,0,28.1985,5.49948,22.6788,0.84672,12.849,0.84672,3695.15,0,36.966,0.600476,0.717872,2.32894,4.18841,1.38924,5.24551,0.42336,36.966,0.42336,423.524,0,1.02816,0,0,1.74603,0.717872,1.028160,1,0,27.9243,0,0,0,27.9243,0
83.0506,2.58015,0,0,1.15937,0.141451,0.36288,3.6288,60.1495,0.66528,0,0,0.602518,0.309161,0,0.66528,12.849,1,0.390139,0.36288,0,26.2873,5.49948,20.7605,0.84672,12.849,0.84672,3695.15,0,36.966,0.600454,0.445738,2.32892,3.7327,1.38924,4.51767,0.42336,36.966,0.42336,423.524,0,1.02816,0,0,1.4739,0.445738,1.028160,1,0,25.2782,0,0,0,25.2782,0
81.2504,2.57228,0,0,1.26255,0.127628,0.36288,3.6288,59.8887,0.66528,0,0,0.711183,0.306643,0,0.66528,12.849,1,0.397966,0.36288,0,26.4116,5.60762,20.7689,0.84672,12.849,0.84672,3695.15,0,36.966,0.600432,0.829241,2.32889,5.27777,1.41515,6.42033,0.42336,36.966,0.42336,423.524,0,1.02816,0,0,1.8574,0.829241,1.028160,1,0,27.1892,0,0,0,27.1892,0
78.8073,2.75336,0,0,0.799806,0.126632,0.36288,3.6288,59.4707,0.66528,0,0,0.52609,0.278849,0,0.66528,12.849,1,0.435419,0.36288,0,19.3037,5.39827,13.8328,0.84672,12.849,0.84672,3695.15,0,36.966,0.771866,0.363355,2.32887,4.00298,1.46969,4.45365,0.42336,36.966,0.42336,423.524,0,1.02816,0,0,1.39152,0.363355,1.028160,1,0,18.2865,0,0,0,18.2865,0
76.0971,2.74172,0,0,0.52462,0.130222,0.36288,3.6288,58.7699,0.826667,0,0,0.404507,0.278659,0,0.66528,12.849,1,0.447019,0.36288,0,15.1231,5.26438,9.77459,0.84672,12.849,0.84672,3695.15,0,36.966,0.771843,0.227405,2.50227,3.4284,1.47116,3.91507,0.42336,36.966,0.42336,423.524,0,0.866773,0,0,1.09418,0.227405,1.028160,1,0,13.6897,0,0,0,13.6897,0
73.4492,2.72807,0,0,0.569837,0.126758,0.36288,3.6288,58.0832,0.818528,0,0,0.409304,0.27741,0,0.66528,12.849,1,0.460634,0.36288,0,14.4536,5.26438,9.09146,0.84672,12.849,0.84672,3695.15,0,36.966,0.771819,0.227405,2.50225,3.64151,1.47116,4.12819,0.42336,36.966,0.42336,423.524,0,0.874912,0,0,1.10232,0.227405,1.028160,1,0,13.2196,0,0,0,13.2196,0
71.1082,2.7139,0,0,0.880159,0.144391,0.36288,3.6288,57.6372,0.66528,0,0,0.492324,0.273034,0,0.66528,12.849,1,0.474762,0.36288,0,23.3451,5.17533,18.0579,0.84672,12.849,0.84672,3695.15,0,36.966,0.771796,0.293207,2.50222,3.8484,1.46023,4.4118,0.42336,36.966,0.42336,423.524,0,1.02816,0,0,1.32137,0.293207,1.028160,1,0,22.4697,0,0,0,22.4697,0
69.2045,2.70063,0,0,1.25457,0.0947733,0.36288,3.6288,57.5195,0.66528,0,0,0.819174,0.271642,0,0.66528,12.849,1,0.487995,0.36288,0,26.9055,5.23638,21.544,0.84672,12.849,0.84672,3695.15,0,36.966,0.771773,1.0355,2.5022,5.41446,1.44838,6.73202,0.42336,36.966,0.42336,423.524,0,1.02816,0,0,2.06366,1.0355,1.028160,1,0,28.276,0,0,0,28.276,0
67.1091,2.59944,0,0,0.93293,0.0660135,0.36288,3.6288,57.3826,0.66528,0,0,0.808825,0.280467,0,0.66528,12.849,1,0.482631,0.36288,0,29.1762,5.29788,23.7585,0.84672,12.849,0.84672,3695.15,0,36.966,0.667688,1.19778,2.50217,5.52811,1.45439,7.10598,0.42336,36.966,0.42336,423.524,0,1.02816,0,0,2.22594,1.19778,1.028160,1,0,30.8645,0,0,0,30.8645,0
65.002,2.58676,0,0,0.907511,0.0649388,0.36288,3.6288,57.1853,0.66528,0,0,0.748259,0.280218,0,0.66528,12.849,1,0.495273,0.36288,0,26.6518,5.29788,21.2215,0.84672,12.849,0.84672,3695.15,0,36.966,0.667666,1.00729,2.40179,5.43191,1.45439,6.71892,0.42336,36.966,0.42336,423.524,0,1.02816,0,0,2.03545,1.00729,1.028160,1,0,27.9405,0,0,0,27.9405,0
63.6965,2.57333,0,0,1.82437,0.193648,0.36288,3.6288,57.9484,0.66528,0,0,1.60483,0.176497,0,0.66528,12.849,1,0.508672,0.36288,0,72.4649,3.84447,68.4746,0.84672,12.849,0.84672,3695.15,0,36.966,0.667643,1.89744,2.40176,13.6863,1.00011,16.3177,0.42336,36.966,0.42336,423.524,0,1.02816,0,0,2.9256,1.89744,1.028160,1,0,84.7924,0,0,0,84.7924,0
63.4528,2.56462,0,0,2.87537,0.191617,0.36288,3.6288,58.5463,0.66528,0,0,1.44056,0.177371,0,0.66528,12.849,1,0.517341,0.36288,0,82.0235,3.84447,78.0246,0.84672,12.849,0.84672,3695.15,0,36.966,0.667621,2.39506,2.40174,8.8909,1.00011,12.02,0.42336,36.966,0.42336,423.524,0,1.02816,0,0,3.42322,2.39506,1.028160,1,0,90.0445,0,0,0,90.0445,0
61.5519,2.49024,0,0,1.18767,0.235459,0.36288,3.6288,58.3922,0.66528,0,0,0.711106,0.199958,0,0.66528,12.849,1,0.504266,0.36288,0,36.9302,4.69612,32.0927,0.84672,12.849,0.84672,3695.15,0,36.966,0.572881,0.572245,2.40172,5.0166,0.947967,6.46971,0.42336,36.966,0.42336,423.524,0,1.02816,0,0,1.6004,0.572245,1.028160,1,0,38.5624,0,0,0,38.5624,0
60.3337,2.47732,0,0,1.85389,0.231819,0.36288,3.6288,58.3678,0.66528,0,0,0.840645,0.19976,0,0.66528,12.849,1,0.517143,0.36288,0,49.4889,4.69612,44.6385,0.84672,12.849,0.84672,3695.15,0,36.966,0.57286,0.943825,2.31213,6.64785,0.947967,8.38298,0.42336,36.966,0.42336,423.524,0,1.02816,0,0,1.97198,0.943825,1.028160,1,0,53.0215,0,0,0,53.0215,0
61.7682,2.46869,0,0,4.49547,0.229486,0.36288,3.6288,59.5806,0.66528,0,0,2.07781,0.199729,0,0.66528,12.849,1,0.525745,0.36288,0,113.229,4.69612,108.37,0.84672,12.849,0.84672,3695.15,0,36.966,0.572839,4.09657,2.31211,11.0219,0.947967,15.9098,0.42336,36.966,0.42336,423.524,0,1.02816,0,0,5.12473,4.09657,1.028160,1,0,124.28,0,0,0,124.28,0
