0rest_m,1rest_m,0transf,1transf
1.000000,1.000000,0.6048,-0.6048
1.000000,1.000000,0.281663,-0.281663
1.000000,1.000000,0.281179,-0.281179
1.000000,1.000000,0.280695,-0.280695
1.000000,1.000000,0.28021,-0.28021
1.000000,1.000000,0.111053,-0.111053
1.000000,1.000000,0.110511,-0.110511
1.000000,1.000000,0.109969,-0.109969
1.000000,1.000000,0.109427,-0.109427
1.000000,1.000000,0.335552,-0.335552
1.000000,1.000000,0.335086,-0.335086
1.000000,1.000000,0.33462,-0.33462
1.000000,1.000000,0.334154,-0.334154
1.000000,1.000000,0.333688,-0.333688
1.000000,1.000000,0.277677,-0.277677
1.000000,1.000000,0.277192,-0.277192
1.000000,1.000000,0.276707,-0.276707
1.000000,1.000000,0.276222,-0.276222
1.000000,1.000000,0.297338,-0.297338
1.000000,1.000000,0.29686,-0.29686
1.000000,1.000000,0.296382,-0.296382
1.000000,1.000000,0.295903,-0.295903
1.000000,1.000000,0.218714,-0.218714
1.000000,1.000000,0.218209,-0.218209
1.000000,1.000000,0.217704,-0.217704
1.000000,1.000000,0.217199,-0.217199
1.000000,1.000000,0.216694,-0.216694
1.000000,1.000000,0.173957,-0.173957
1.000000,1.000000,0.173437,-0.173437
1.000000,1.000000,0.172917,-0.172917
1.000000,1.000000,0.172397,-0.172397
1.000000,1.000000,0.134188,-0.134188
1.000000,1.000000,0.133655,-0.133655
1.000000,1.000000,0.133122,-0.133122
1.000000,1.000000,0.132589,-0.132589
1.000000,1.000000,0,-0
1.000000,1.000000,0,-0
1.000000,1.000000,0,-0
1.000000,1.000000,0,-0
1.000000,1.000000,0,-0
1.000000,1.000000,0.0757573,-0.0757573
1.000000,1.000000,0.0752052,-0.0752052
1.000000,1.000000,0.074653,-0.074653
1.000000,1.000000,0.0741007,-0.0741007
1.000000,1.000000,0.149038,-0.149038
1.000000,1.000000,0.148511,-0.148511
1.000000,1.000000,0.147984,-0.147984
1.000000,1.000000,0.147456,-0.147456
1.000000,1.000000,0.304364,-0.304364
1.000000,1.000000,0.303889,-0.303889
1.000000,1.000000,0.303414,-0.303414
1.000000,1.000000,0.302939,-0.302939
1.000000,1.000000,0.302464,-0.302464
1.000000,1.000000,0.256333,-0.256333
1.000000,1.000000,0.255858,-0.255858
1.000000,1.000000,0.255382,-0.255382
1.000000,1.000000,0.254906,-0.254906
1.000000,1.000000,0.082783,-0.082783
1.000000,1.000000,0.0822509,-0.0822509
1.000000,1.000000,0.0817188,-0.0817188
1.000000,1.000000,0.0811866,-0.0811866
1.000000,1.000000,0.311307,-0.311307
1.000000,1.000000,0.31085,-0.31085
1.000000,1.000000,0.310393,-0.310393
1.000000,1.000000,0.309935,-0.309935
1.000000,1.000000,0.309478,-0.309478
1.000000,1.000000,0.252501,-0.252501
1.000000,1.000000,0.252025,-0.252025
1.000000,1.000000,0.251549,-0.251549
1.000000,1.000000,0.251072,-0.251072
1.000000,1.000000,0.272575,-0.272575
1.000000,1.000000,0.272106,-0.272106
1.000000,1.000000,0.271636,-0.271636
1.000000,1.000000,0.271166,-0.271166
1.000000,1.000000,0.192648,-0.192648
1.000000,1.000000,0.192153,-0.192153
1.000000,1.000000,0.191657,-0.191657
1.000000,1.000000,0.191162,-0.191162
1.000000,1.000000,0.190666,-0.190666
1.000000,1.000000,0.147204,-0.147204
1.000000,1.000000,0.146694,-0.146694
1.000000,1.000000,0.146183,-0.146183
1.000000,1.000000,0.145673,-0.145673
1.000000,1.000000,0.10682,-0.10682
1.000000,1.000000,0.106297,-0.106297
1.000000,1.000000,0.105774,-0.105774
1.000000,1.000000,0.105251,-0.105251
1.000000,1.000000,0,-0
1.000000,1.000000,0,-0
1.000000,1.000000,0,-0
1.000000,1.000000,0,-0
1.000000,1.000000,0,-0
1.000000,1.000000,0.0475542,-0.0475542
1.000000,1.000000,0.0470122,-0.0470122
1.000000,1.000000,0.0464702,-0.0464702
1.000000,1.000000,0.045928,-0.045928
1.000000,1.000000,0.122171,-0.122171
1.000000,1.000000,0.121654,-0.121654
1.000000,1.000000,0.121136,-0.121136
1.000000,1.000000,0.120618,-0.120618
1.000000,1.000000,0.28023,-0.28023
1.000000,1.000000,0.279764,-0.279764
1.000000,1.000000,0.279298,-0.279298
1.000000,1.000000,0.278832,-0.278832
1.000000,1.000000,0.278366,-0.278366
1.000000,1.000000,0.231465,-0.231465
1.000000,1.000000,0.230999,-0.230999
1.000000,1.000000,0.230533,-0.230533
1.000000,1.000000,0.230067,-0.230067
1.000000,1.000000,0.0550347,-0.0550347
1.000000,1.000000,0.0545137,-0.0545137
1.000000,1.000000,0.0539925,-0.0539925
1.000000,1.000000,0.0534712,-0.0534712
1.000000,1.000000,0.287515,-0.287515
1.000000,1.000000,0.287067,-0.287067
1.000000,1.000000,0.286619,-0.286619
1.000000,1.000000,0.286171,-0.286171
1.000000,1.000000,0.285722,-0.285722
1.000000,1.000000,0.227801,-0.227801
1.000000,1.000000,0.227334,-0.227334
1.000000,1.000000,0.226868,-0.226868
1.000000,1.000000,0.226401,-0.226401
1.000000,1.000000,0.248284,-0.248284
1.000000,1.000000,0.247824,-0.247824
1.000000,1.000000,0.247364,-0.247364
1.000000,1.000000,0.246904,-0.246904
1.000000,1.000000,0.167085,-0.167085
1.000000,1.000000,0.1666,-0.1666
1.000000,1.000000,0.166114,-0.166114
1.000000,1.000000,0.165629,-0.165629
1.000000,1.000000,0.165143,-0.165143
1.000000,1.000000,0.120972,-0.120972
1.000000,1.000000,0.120473,-0.120473
1.000000,1.000000,0.119973,-0.119973
1.000000,1.000000,0.119473,-0.119473
1.000000,1.000000,0.0799915,-0.0799915
1.000000,1.000000,0.0794792,-0.0794792
1.000000,1.000000,0.078967,-0.078967
1.000000,1.000000,0.0784545,-0.0784545
1.000000,1.000000,0,-0
1.000000,1.000000,0,-0
1.000000,1.000000,0,-0
1.000000,1.000000,0,-0
1.000000,1.000000,0,-0
1.000000,1.000000,0.0199187,-0.0199187
1.000000,1.000000,0.019388,-0.019388
1.000000,1.000000,0.0188572,-0.0188572
1.000000,1.000000,0.0183263,-0.0183263
1.000000,1.000000,0.0958503,-0.0958503
1.000000,1.000000,0.0953436,-0.0953436
1.000000,1.000000,0.0948367,-0.0948367
1.000000,1.000000,0.0943297,-0.0943297
1.000000,1.000000,0.256592,-0.256592
1.000000,1.000000,0.256136,-0.256136
1.000000,1.000000,0.25568,-0.25568
1.000000,1.000000,0.255223,-0.255223
1.000000,1.000000,0.254766,-0.254766
1.000000,1.000000,0.207113,-0.207113
1.000000,1.000000,0.206658,-0.206658
1.000000,1.000000,0.206203,-0.206203
1.000000,1.000000,0.205747,-0.205747
1.000000,1.000000,0.0278666,-0.0278666
1.000000,1.000000,0.0273573,-0.0273573
1.000000,1.000000,0.0268479,-0.0268479
1.000000,1.000000,0.0263383,-0.0263383
1.000000,1.000000,0.264223,-0.264223
1.000000,1.000000,0.263785,-0.263785
1.000000,1.000000,0.263347,-0.263347
1.000000,1.000000,0.262909,-0.262909
1.000000,1.000000,0.262471,-0.262471
1.000000,1.000000,0.203625,-0.203625
1.000000,1.000000,0.203169,-0.203169
1.000000,1.000000,0.202713,-0.202713
1.000000,1.000000,0.202257,-0.202257
1.000000,1.000000,0.224513,-0.224513
1.000000,1.000000,0.224064,-0.224064
1.000000,1.000000,0.223614,-0.223614
1.000000,1.000000,0.223164,-0.223164
1.000000,1.000000,0.142073,-0.142073
1.000000,1.000000,0.141598,-0.141598
1.000000,1.000000,0.141124,-0.141124
1.000000,1.000000,0.14065,-0.14065
1.000000,1.000000,0.140175,-0.140175
1.000000,1.000000,0.0953116,-0.0953116
1.000000,1.000000,0.0948235,-0.0948235
1.000000,1.000000,0.0943353,-0.0943353
1.000000,1.000000,0.0938469,-0.0938469
1.000000,1.000000,0.0537504,-0.0537504
1.000000,1.000000,0.0532498,-0.0532498
1.000000,1.000000,0.0527491,-0.0527491
1.000000,1.000000,0.0522485,-0.0522485
1.000000,1.000000,0,-0
1.000000,1.000000,0,-0
1.000000,1.000000,0,-0
1.000000,1.000000,0,-0
1.000000,1.000000,0,-0
1.000000,1.000000,0,-0
1.000000,1.000000,0,-0
1.000000,1.000000,0,-0
1.000000,1.000000,0,-0
1.000000,1.000000,0.0701196,-0.0701196
1.000000,1.000000,0.0696245,-0.0696245
1.000000,1.000000,0.0691293,-0.0691293
1.000000,1.000000,0.0686339,-0.0686339
1.000000,1.000000,0.233488,-0.233488
1.000000,1.000000,0.233042,-0.233042
1.000000,1.000000,0.232596,-0.232596
1.000000,1.000000,0.23215,-0.23215
1.000000,1.000000,0.231704,-0.231704
1.000000,1.000000,0.183316,-0.183316
1.000000,1.000000,0.182872,-0.182872
1.000000,1.000000,0.182428,-0.182428
1.000000,1.000000,0.181983,-0.181983
1.000000,1.000000,0.00132071,-0.00132071
1.000000,1.000000,0.000823846,-0.000823846
1.000000,1.000000,0.000326743,-0.000326743
1.000000,1.000000,0,-0
1.000000,1.000000,0.241467,-0.241467
1.000000,1.000000,0.24104,-0.24104
1.000000,1.000000,0.240613,-0.240613
1.000000,1.000000,0.240186,-0.240186
1.000000,1.000000,0.239758,-0.239758
1.000000,1.000000,0.18001,-0.18001
1.000000,1.000000,0.179565,-0.179565
1.000000,1.000000,0.17912,-0.17912
1.000000,1.000000,0.178675,-0.178675
1.000000,1.000000,0.201296,-0.201296
1.000000,1.000000,0.200858,-0.200858
1.000000,1.000000,0.200419,-0.200419
1.000000,1.000000,0.199981,-0.199981
1.000000,1.000000,0.117647,-0.117647
1.000000,1.000000,0.117184,-0.117184
1.000000,1.000000,0.116722,-0.116722
1.000000,1.000000,0.116259,-0.116259
1.000000,1.000000,0.115796,-0.115796
1.000000,1.000000,0.0702569,-0.0702569
1.000000,1.000000,0.0697807,-0.0697807
1.000000,1.000000,0.0693045,-0.0693045
1.000000,1.000000,0.068828,-0.068828
1.000000,1.000000,0.0281324,-0.0281324
1.000000,1.000000,0.0276441,-0.0276441
1.000000,1.000000,0.0271557,-0.0271557
1.000000,1.000000,0.0266672,-0.0266672
1.000000,1.000000,0,-0
1.000000,1.000000,0,-0
1.000000,1.000000,0,-0
1.000000,1.000000,0,-0
1.000000,1.000000,0,-0
1.000000,1.000000,0,-0
1.000000,1.000000,0,-0
1.000000,1.000000,0,-0
1.000000,1.000000,0,-0
1.000000,1.000000,0.045011,-0.045011
1.000000,1.000000,0.0445281,-0.0445281
1.000000,1.000000,0.044045,-0.044045
1.000000,1.000000,0.0435618,-0.0435618
1.000000,1.000000,0.210945,-0.210945
1.000000,1.000000,0.21051,-0.21051
1.000000,1.000000,0.210075,-0.210075
1.000000,1.000000,0.20964,-0.20964
1.000000,1.000000,0.209205,-0.209205
1.000000,1.000000,0.160101,-0.160101
1.000000,1.000000,0.159668,-0.159668
1.000000,1.000000,0.159235,-0.159235
1.000000,1.000000,0.158802,-0.158802
1.000000,1.000000,0,-0
1.000000,1.000000,0,-0
1.000000,1.000000,0,-0
1.000000,1.000000,0,-0
1.000000,1.000000,0.219274,-0.219274
1.000000,1.000000,0.218857,-0.218857
1.000000,1.000000,0.218441,-0.218441
1.000000,1.000000,0.218025,-0.218025
1.000000,1.000000,0.217608,-0.217608
1.000000,1.000000,0.15698,-0.15698
1.000000,1.000000,0.156547,-0.156547
1.000000,1.000000,0.156113,-0.156113
1.000000,1.000000,0.15568,-0.15568
1.000000,1.000000,0.178658,-0.178658
1.000000,1.000000,0.178231,-0.178231
1.000000,1.000000,0.177803,-0.177803
1.000000,1.000000,0.177376,-0.177376
1.000000,1.000000,0.093832,-0.093832
1.000000,1.000000,0.0933814,-0.0933814
1.000000,1.000000,0.0929305,-0.0929305
1.000000,1.000000,0.0924796,-0.0924796
1.000000,1.000000,0.0920286,-0.0920286
1.000000,1.000000,0.0458319,-0.0458319
1.000000,1.000000,0.0453681,-0.0453681
1.000000,1.000000,0.044904,-0.044904
1.000000,1.000000,0.0444399,-0.0444399
1.000000,1.000000,0.00316094,-0.00316094
1.000000,1.000000,0.0026853,-0.0026853
1.000000,1.000000,0.00220953,-0.00220953
1.000000,1.000000,0.00173365,-0.00173365
1.000000,1.000000,0,-0
1.000000,1.000000,0,-0
1.000000,1.000000,0,-0
1.000000,1.000000,0,-0
1.000000,1.000000,0,-0
1.000000,1.000000,0,-0
1.000000,1.000000,0,-0
1.000000,1.000000,0,-0
1.000000,1.000000,0,-0
1.000000,1.000000,0.0205446,-0.0205446
1.000000,1.000000,0.0200742,-0.0200742
1.000000,1.000000,0.0196037,-0.0196037
1.000000,1.000000,0.0191331,-0.0191331
1.000000,1.000000,0.188982,-0.188982
1.000000,1.000000,0.188558,-0.188558
1.000000,1.000000,0.188134,-0.188134
1.000000,1.000000,0.187711,-0.187711
1.000000,1.000000,0.187287,-0.187287
1.000000,1.000000,0.6048,-0.6048
1.000000,1.000000,0.6048,-0.6048
1.000000,1.000000,0.6048,-0.6048
1.000000,1.000000,0.6048,-0.6048
1.000000,1.000000,0.6048,-0.6048
1.000000,1.000000,0.6048,-0.6048
1.000000,1.000000,0.6048,-0.6048
1.000000,1.000000,0.6048,-0.6048
1.000000,1.000000,0.6048,-0.6048
1.000000,1.000000,0.6048,-0.6048
1.000000,1.000000,0.6048,-0.6048
1.000000,1.000000,0.6048,-0.6048
1.000000,1.000000,0.6048,-0.6048
1.000000,1.000000,0.6048,-0.6048
1.000000,1.000000,0.6048,-0.6048
1.000000,1.000000,0.6048,-0.6048
1.000000,1.000000,0.6048,-0.6048
1.000000,1.000000,0.6048,-0.6048
1.000000,1.000000,0.6048,-0.6048
1.000000,1.000000,0.6048,-0.6048
1.000000,1.000000,0.6048,-0.6048
1.000000,1.000000,0.6048,-0.6048
1.000000,1.000000,0.6048,-0.6048
1.000000,1.000000,0.6048,-0.6048
1.000000,1.000000,0.6048,-0.6048
1.000000,1.000000,0.6048,-0.6048
1.000000,1.000000,0.6048,-0.6048
1.000000,1.000000,0.6048,-0.6048
1.000000,1.000000,0.6048,-0.6048
1.000000,1.000000,0.6048,-0.6048
1.000000,1.000000,0.6048,-0.6048
1.000000,1.000000,0.6048,-0.6048
1.000000,1.000000,0.6048,-0.6048
1.000000,1.000000,0.6048,-0.6048
1.000000,1.000000,0.6048,-0.6048
1.000000,1.000000,0.547148,-0.547148
1.000000,1.000000,0.546645,-0.546645
1.000000,1.000000,0.546142,-0.546142
1.000000,1.000000,0.545639,-0.545639
1.000000,1.000000,0.545136,-0.545136
1.000000,1.000000,0.6048,-0.6048
1.000000,1.000000,0.6048,-0.6048
1.000000,1.000000,0.6048,-0.6048
1.000000,1.000000,0.6048,-0.6048
1.000000,1.000000,0.6048,-0.6048
1.000000,1.000000,0.6048,-0.6048
1.000000,1.000000,0.6048,-0.6048
1.000000,1.000000,0.6048,-0.6048
1.000000,1.000000,0.6048,-0.6048
1.000000,1.000000,0.6048,-0.6048
1.000000,1.000000,0.6048,-0.6048
1.000000,1.000000,0.6048,-0.6048
1.000000,1.000000,0.6048,-0.6048
1.000000,1.000000,0.6048,-0.6048
1.000000,1.000000,0.6048,-0.6048
1.000000,1.000000,0.6048,-0.6048
1.000000,1.000000,0.6048,-0.6048
1.000000,1.000000,0.6048,-0.6048
1.000000,1.000000,0.6048,-0.6048
1.000000,1.000000,0.6048,-0.6048
1.000000,1.000000,0.6048,-0.6048
1.000000,1.000000,0.6048,-0.6048
1.000000,1.000000,0.6048,-0.6048
1.000000,1.000000,0.6048,-0.6048
1.000000,1.000000,0.6048,-0.6048
1.000000,1.000000,0.6048,-0.6048
1.000000,1.000000,0.6048,-0.6048
1.000000,1.000000,0.6048,-0.6048
1.000000,1.000000,0.6048,-0.6048
1.000000,1.000000,0.6048,-0.6048
1.000000,1.000000,0.6048,-0.6048
1.000000,1.000000,0.6048,-0.6048
1.000000,1.000000,0.6048,-0.6048
1.000000,1.000000,0.6048,-0.6048
1.000000,1.000000,0.6048,-0.6048
1.000000,1.000000,0.6048,-0.6048
1.000000,1.000000,0.6048,-0.6048
1.000000,1.000000,0.6048,-0.6048
1.000000,1.000000,0.6048,-0.6048
1.000000,1.000000,0.6048,-0.6048
1.000000,1.000000,0.6048,-0.6048
1.000000,1.000000,0.6048,-0.6048
1.000000,1.000000,0.6048,-0.6048
1.000000,1.000000,0.6048,-0.6048
1.000000,1.000000,0.6048,-0.6048
1.000000,1.000000,0.6048,-0.6048
1.000000,1.000000,0.6048,-0.6048
1.000000,1.000000,0.52157,-0.52157
1.000000,1.000000,0.521082,-0.521082
1.000000,1.000000,0.520594,-0.520594
1.000000,1.000000,0.520106,-0.520106
1.000000,1.000000,0.519617,-0.519617
1.000000,1.000000,0.6048,-0.6048
1.000000,1.000000,0.6048,-0.6048
1.000000,1.000000,0.6048,-0.6048
1.000000,1.000000,0.6048,-0.6048
1.000000,1.000000,0.6048,-0.6048
1.000000,1.000000,0.6048,-0.6048
1.000000,1.000000,0.6048,-0.6048
1.000000,1.000000,0.6048,-0.6048
1.000000,1.000000,0.6048,-0.6048
1.000000,1.000000,0.6048,-0.6048
1.000000,1.000000,0.6048,-0.6048
1.000000,1.000000,0.6048,-0.6048
1.000000,1.000000,0.6048,-0.6048
1.000000,1.000000,0.6048,-0.6048
1.000000,1.000000,0.6048,-0.6048
1.000000,1.000000,0.6048,-0.6048
1.000000,1.000000,0.6048,-0.6048
1.000000,1.000000,0.6048,-0.6048
1.000000,1.000000,0.6048,-0.6048
1.000000,1.000000,0.6048,-0.6048
1.000000,1.000000,0.6048,-0.6048
1.000000,1.000000,0.6048,-0.6048
1.000000,1.000000,0.6048,-0.6048
1.000000,1.000000,0.6048,-0.6048
1.000000,1.000000,0.6048,-0.6048
1.000000,1.000000,0.6048,-0.6048
1.000000,1.000000,0.6048,-0.6048
1.000000,1.000000,0.6048,-0.6048
1.000000,1.000000,0.6048,-0.6048
1.000000,1.000000,0.6048,-0.6048
1.000000,1.000000,0.6048,-0.6048
1.000000,1.000000,0.6048,-0.6048
1.000000,1.000000,0.6048,-0.6048
1.000000,1.000000,0.6048,-0.6048
1.000000,1.000000,0.6048,-0.6048
1.000000,1.000000,0.6048,-0.6048
1.000000,1.000000,0.6048,-0.6048
1.000000,1.000000,0.6048,-0.6048
1.000000,1.000000,0.6048,-0.6048
1.000000,1.000000,0.6048,-0.6048
1.000000,1.000000,0.6048,-0.6048
1.000000,1.000000,0.6048,-0.6048
1.000000,1.000000,0.6048,-0.6048
1.000000,1.000000,0.6048,-0.6048
1.000000,1.000000,0.6048,-0.6048
1.000000,1.000000,0.6048,-0.6048
1.000000,1.000000,0.6048,-0.6048
1.000000,1.000000,0.496773,-0.496773
1.000000,1.000000,0.4963,-0.4963
1.000000,1.000000,0.495828,-0.495828
1.000000,1.000000,0.495355,-0.495355
1.000000,1.000000,0.494882,-0.494882
1.000000,1.000000,0.58773,-0.58773
1.000000,1.000000,0.58728,-0.58728
1.000000,1.000000,0.58683,-0.58683
1.000000,1.000000,0.586379,-0.586379
1.000000,1.000000,0.6048,-0.6048
1.000000,1.000000,0.6048,-0.6048
1.000000,1.000000,0.6048,-0.6048
1.000000,1.000000,0.6048,-0.6048
1.000000,1.000000,0.6048,-0.6048
1.000000,1.000000,0.6048,-0.6048
1.000000,1.000000,0.6048,-0.6048
1.000000,1.000000,0.6048,-0.6048
1.000000,1.000000,0.6048,-0.6048
1.000000,1.000000,0.6048,-0.6048
1.000000,1.000000,0.6048,-0.6048
1.000000,1.000000,0.6048,-0.6048
1.000000,1.000000,0.6048,-0.6048
1.000000,1.000000,0.598544,-0.598544
1.000000,1.000000,0.598115,-0.598115
1.000000,1.000000,0.597687,-0.597687
1.000000,1.000000,0.597258,-0.597258
1.000000,1.000000,0.6048,-0.6048
1.000000,1.000000,0.6048,-0.6048
1.000000,1.000000,0.6048,-0.6048
1.000000,1.000000,0.6048,-0.6048
1.000000,1.000000,0.6048,-0.6048
1.000000,1.000000,0.6048,-0.6048
1.000000,1.000000,0.6048,-0.6048
1.000000,1.000000,0.6048,-0.6048
1.000000,1.000000,0.6048,-0.6048
1.000000,1.000000,0.6048,-0.6048
1.000000,1.000000,0.6048,-0.6048
1.000000,1.000000,0.6048,-0.6048
1.000000,1.000000,0.6048,-0.6048
1.000000,1.000000,0.6048,-0.6048
1.000000,1.000000,0.6048,-0.6048
1.000000,1.000000,0.6048,-0.6048
1.000000,1.000000,0.6048,-0.6048
1.000000,1.000000,0.6048,-0.6048
1.000000,1.000000,0.6048,-0.6048
1.000000,1.000000,0.6048,-0.6048
1.000000,1.000000,0.6048,-0.6048
1.000000,1.000000,0.6048,-0.6048
1.000000,1.000000,0.6048,-0.6048
1.000000,1.000000,0.6048,-0.6048
1.000000,1.000000,0.6048,-0.6048
1.000000,1.000000,0.6048,-0.6048
1.000000,1.000000,0.472771,-0.472771
1.000000,1.000000,0.472314,-0.472314
1.000000,1.000000,0.471857,-0.471857
1.000000,1.000000,0.471399,-0.471399
1.000000,1.000000,0.470942,-0.470942
1.000000,1.000000,0.564957,-0.564957
1.000000,1.000000,0.564522,-0.564522
1.000000,1.000000,0.564086,-0.564086
1.000000,1.000000,0.56365,-0.56365
1.000000,1.000000,0.6048,-0.6048
1.000000,1.000000,0.6048,-0.6048
1.000000,1.000000,0.6048,-0.6048
1.000000,1.000000,0.6048,-0.6048
1.000000,1.000000,0.6048,-0.6048
1.000000,1.000000,0.6048,-0.6048
1.000000,1.000000,0.6048,-0.6048
1.000000,1.000000,0.6048,-0.6048
1.000000,1.000000,0.6048,-0.6048
1.000000,1.000000,0.6048,-0.6048
1.000000,1.000000,0.6048,-0.6048
1.000000,1.000000,0.6048,-0.6048
1.000000,1.000000,0.6048,-0.6048
1.000000,1.000000,0.57624,-0.57624
1.000000,1.000000,0.575825,-0.575825
1.000000,1.000000,0.57541,-0.57541
1.000000,1.000000,0.574995,-0.574995
1.000000,1.000000,0.6048,-0.6048
1.000000,1.000000,0.6048,-0.6048
1.000000,1.000000,0.6048,-0.6048
1.000000,1.000000,0.6048,-0.6048
1.000000,1.000000,0.6048,-0.6048
1.000000,1.000000,0.6048,-0.6048
1.000000,1.000000,0.6048,-0.6048
1.000000,1.000000,0.6048,-0.6048
1.000000,1.000000,0.6048,-0.6048
1.000000,1.000000,0.6048,-0.6048
1.000000,1.000000,0.6048,-0.6048
1.000000,1.000000,0.6048,-0.6048
1.000000,1.000000,0.6048,-0.6048
1.000000,1.000000,0.6048,-0.6048
1.000000,1.000000,0.6048,-0.6048
1.000000,1.000000,0.6048,-0.6048
1.000000,1.000000,0.6048,-0.6048
1.000000,1.000000,0.6048,-0.6048
1.000000,1.000000,0.6048,-0.6048
1.000000,1.000000,0.6048,-0.6048
1.000000,1.000000,0.6048,-0.6048
1.000000,1.000000,0.6048,-0.6048
1.000000,1.000000,0.6048,-0.6048
1.000000,1.000000,0.6048,-0.6048
1.000000,1.000000,0.6048,-0.6048
1.000000,1.000000,0.6048,-0.6048
1.000000,1.000000,0.449542,-0.449542
1.000000,1.000000,0.449099,-0.449099
1.000000,1.000000,0.448656,-0.448656
1.000000,1.000000,0.448213,-0.448213
1.000000,1.000000,0.44777,-0.44777
1.000000,1.000000,0.542915,-0.542915
1.000000,1.000000,0.542493,-0.542493
1.000000,1.000000,0.542071,-0.542071
1.000000,1.000000,0.541649,-0.541649
1.000000,1.000000,0.6048,-0.6048
1.000000,1.000000,0.6048,-0.6048
1.000000,1.000000,0.6048,-0.6048
1.000000,1.000000,0.6048,-0.6048
1.000000,1.000000,0.6048,-0.6048
1.000000,1.000000,0.6048,-0.6048
1.000000,1.000000,0.6048,-0.6048
1.000000,1.000000,0.6048,-0.6048
1.000000,1.000000,0.6048,-0.6048
1.000000,1.000000,0.6048,-0.6048
1.000000,1.000000,0.6048,-0.6048
1.000000,1.000000,0.6048,-0.6048
1.000000,1.000000,0.6048,-0.6048
1.000000,1.000000,0.554647,-0.554647
1.000000,1.000000,0.554245,-0.554245
1.000000,1.000000,0.553843,-0.553843
1.000000,1.000000,0.553441,-0.553441
1.000000,1.000000,0.6048,-0.6048
1.000000,1.000000,0.6048,-0.6048
1.000000,1.000000,0.6048,-0.6048
1.000000,1.000000,0.6048,-0.6048
1.000000,1.000000,0.6048,-0.6048
1.000000,1.000000,0.6048,-0.6048
1.000000,1.000000,0.6048,-0.6048
1.000000,1.000000,0.6048,-0.6048
1.000000,1.000000,0.6048,-0.6048
1.000000,1.000000,0.6048,-0.6048
1.000000,1.000000,0.6048,-0.6048
1.000000,1.000000,0.6048,-0.6048
1.000000,1.000000,0.6048,-0.6048
1.000000,1.000000,0.6048,-0.6048
1.000000,1.000000,0.6048,-0.6048
1.000000,1.000000,0.6048,-0.6048
1.000000,1.000000,0.6048,-0.6048
1.000000,1.000000,0.6048,-0.6048
1.000000,1.000000,0.6048,-0.6048
1.000000,1.000000,0.6048,-0.6048
1.000000,1.000000,0.6048,-0.6048
1.000000,1.000000,0.6048,-0.6048
1.000000,1.000000,0.587719,-0.587719
1.000000,1.000000,0.587325,-0.587325
1.000000,1.000000,0.58693,-0.58693
1.000000,1.000000,0.586536,-0.586536
1.000000,1.000000,0.427049,-0.427049
1.000000,1.000000,0.42662,-0.42662
1.000000,1.000000,0.426192,-0.426192
1.000000,1.000000,0.425763,-0.425763
1.000000,1.000000,0.425334,-0.425334
1.000000,1.000000,0.521571,-0.521571
1.000000,1.000000,0.521163,-0.521163
1.000000,1.000000,0.520754,-0.520754
1.000000,1.000000,0.520346,-0.520346
1.000000,1.000000,0.6048,-0.6048
1.000000,1.000000,0.6048,-0.6048
1.000000,1.000000,0.6048,-0.6048
1.000000,1.000000,0.6048,-0.6048
1.000000,1.000000,0.6048,-0.6048
1.000000,1.000000,0.6048,-0.6048
1.000000,1.000000,0.6048,-0.6048
1.000000,1.000000,0.6048,-0.6048
1.000000,1.000000,0.6048,-0.6048
1.000000,1.000000,0.6048,-0.6048
1.000000,1.000000,0.6048,-0.6048
1.000000,1.000000,0.6048,-0.6048
1.000000,1.000000,0.6048,-0.6048
1.000000,1.000000,0.6048,-0.6048
1.000000,1.000000,0.533742,-0.533742
1.000000,1.000000,0.533353,-0.533353
1.000000,1.000000,0.532964,-0.532964
1.000000,1.000000,0.532576,-0.532576
1.000000,1.000000,0.6048,-0.6048
1.000000,1.000000,0.6048,-0.6048
1.000000,1.000000,0.6048,-0.6048
1.000000,1.000000,0.6048,-0.6048
1.000000,1.000000,0.6048,-0.6048
1.000000,1.000000,0.6048,-0.6048
1.000000,1.000000,0.6048,-0.6048
1.000000,1.000000,0.6048,-0.6048
1.000000,1.000000,0.6048,-0.6048
1.000000,1.000000,0.6048,-0.6048
1.000000,1.000000,0.6048,-0.6048
1.000000,1.000000,0.6048,-0.6048
1.000000,1.000000,0.6048,-0.6048
1.000000,1.000000,0.6048,-0.6048
1.000000,1.000000,0.6048,-0.6048
1.000000,1.000000,0.6048,-0.6048
1.000000,1.000000,0.6048,-0.6048
1.000000,1.000000,0.6048,-0.6048
1.000000,1.000000,0.6048,-0.6048
1.000000,1.000000,0.6048,-0.6048
1.000000,1.000000,0.6048,-0.6048
1.000000,1.000000,0.6048,-0.6048
1.000000,1.000000,0.567635,-0.567635
1.000000,1.000000,0.567254,-0.567254
1.000000,1.000000,0.566873,-0.566873
1.000000,1.000000,0.566491,-0.566491
1.000000,1.000000,0.405293,-0.405293
1.000000,1.000000,0.404879,-0.404879
1.000000,1.000000,0.404465,-0.404465
1.000000,1.000000,0.40405,-0.40405
1.000000,1.000000,0.403636,-0.403636
1.000000,1.000000,0.50093,-0.50093
1.000000,1.000000,0.500536,-0.500536
1.000000,1.000000,0.500141,-0.500141
1.000000,1.000000,0.499746,-0.499746
1.000000,1.000000,0.588364,-0.588364
1.000000,1.000000,0.587987,-0.587987
1.000000,1.000000,0.58761,-0.58761
1.000000,1.000000,0.587233,-0.587233
1.000000,1.000000,0.6048,-0.6048
1.000000,1.000000,0.6048,-0.6048
1.000000,1.000000,0.6048,-0.6048
1.000000,1.000000,0.6048,-0.6048
1.000000,1.000000,0.6048,-0.6048
1.000000,1.000000,0.6048,-0.6048
1.000000,1.000000,0.6048,-0.6048
1.000000,1.000000,0.6048,-0.6048
1.000000,1.000000,0.6048,-0.6048
1.000000,1.000000,0.513535,-0.513535
1.000000,1.000000,0.51316,-0.51316
1.000000,1.000000,0.512785,-0.512785
1.000000,1.000000,0.51241,-0.51241
1.000000,1.000000,0.6048,-0.6048
1.000000,1.000000,0.6048,-0.6048
1.000000,1.000000,0.6048,-0.6048
1.000000,1.000000,0.6048,-0.6048
1.000000,1.000000,0.6048,-0.6048
1.000000,1.000000,0.6048,-0.6048
1.000000,1.000000,0.6048,-0.6048
1.000000,1.000000,0.6048,-0.6048
1.000000,1.000000,0.6048,-0.6048
1.000000,1.000000,0.6048,-0.6048
1.000000,1.000000,0.6048,-0.6048
1.000000,1.000000,0.6048,-0.6048
1.000000,1.000000,0.6048,-0.6048
1.000000,1.000000,0.6048,-0.6048
1.000000,1.000000,0.6048,-0.6048
1.000000,1.000000,0.6048,-0.6048
1.000000,1.000000,0.6048,-0.6048
1.000000,1.000000,0.6048,-0.6048
1.000000,1.000000,0.594655,-0.594655
1.000000,1.000000,0.594296,-0.594296
1.000000,1.000000,0.593937,-0.593937
1.000000,1.000000,0.593578,-0.593578
1.000000,1.000000,0.548239,-0.548239
1.000000,1.000000,0.547871,-0.547871
1.000000,1.000000,0.547503,-0.547503
1.000000,1.000000,0.547135,-0.547135
1.000000,1.000000,0.384285,-0.384285
1.000000,1.000000,0.383885,-0.383885
1.000000,1.000000,0.383485,-0.383485
1.000000,1.000000,0.383085,-0.383085
1.000000,1.000000,0.382685,-0.382685
1.000000,1.000000,0.481002,-0.481002
1.000000,1.000000,0.480621,-0.480621
1.000000,1.000000,0.48024,-0.48024
1.000000,1.000000,0.479859,-0.479859
1.000000,1.000000,0.569405,-0.569405
1.000000,1.000000,0.569041,-0.569041
1.000000,1.000000,0.568678,-0.568678
1.000000,1.000000,0.568314,-0.568314
1.000000,1.000000,0.6048,-0.6048
1.000000,1.000000,0.6048,-0.6048
1.000000,1.000000,0.6048,-0.6048
1.000000,1.000000,0.6048,-0.6048
1.000000,1.000000,0.6048,-0.6048
0.899977,0.899977,0.6048,-0.6048
1.000000,1.000000,0.6048,-0.6048
1.000000,1.000000,0.6048,-0.6048
1.000000,1.000000,0.6048,-0.6048
0.979995,0.979995,0.494038,-0.494038
0.979995,0.979995,0.493677,-0.493677
0.979995,0.979995,0.493315,-0.493315
0.899977,0.899977,0.492954,-0.492954
0.899977,0.899977,0.6048,-0.6048
0.899977,0.899977,0.6048,-0.6048
1.000000,1.000000,0.6048,-0.6048
1.000000,1.000000,0.6048,-0.6048
1.000000,1.000000,0.6048,-0.6048
1.000000,1.000000,0.6048,-0.6048
1.000000,1.000000,0.6048,-0.6048
1.000000,1.000000,0.6048,-0.6048
1.000000,1.000000,0.6048,-0.6048
1.000000,1.000000,0.6048,-0.6048
1.000000,1.000000,0.6048,-0.6048
1.000000,1.000000,0.6048,-0.6048
1.000000,1.000000,0.6048,-0.6048
1.000000,1.000000,0.6048,-0.6048
1.000000,1.000000,0.6048,-0.6048
1.000000,1.000000,0.6048,-0.6048
1.000000,1.000000,0.6048,-0.6048
1.000000,1.000000,0.6048,-0.6048
1.000000,1.000000,0.576352,-0.576352
1.000000,1.000000,0.576006,-0.576006
1.000000,1.000000,0.575661,-0.575661
1.000000,1.000000,0.575315,-0.575315
1.000000,1.000000,0.529543,-0.529543
1.000000,1.000000,0.529188,-0.529188
1.000000,1.000000,0.528834,-0.528834
1.000000,1.000000,0.52848,-0.52848
1.000000,1.000000,0.364038,-0.364038
1.000000,1.000000,0.363653,-0.363653
1.000000,1.000000,0.363268,-0.363268
1.000000,1.000000,0.362883,-0.362883
1.000000,1.000000,0.362498,-0.362498
1.000000,1.000000,0.4618,-0.4618
1.000000,1.000000,0.461433,-0.461433
1.000000,1.000000,0.461066,-0.461066
1.000000,1.000000,0.460699,-0.460699
1.000000,1.000000,0.55114,-0.55114
1.000000,1.000000,0.55079,-0.55079
1.000000,1.000000,0.55044,-0.55044
1.000000,1.000000,0.55009,-0.55009
1.000000,1.000000,0.6048,-0.6048
1.000000,1.000000,0.6048,-0.6048
1.000000,1.000000,0.6048,-0.6048
1.000000,1.000000,0.6048,-0.6048
1.000000,1.000000,0.6048,-0.6048
1.000000,1.000000,0.6048,-0.6048
1.000000,1.000000,0.6048,-0.6048
1.000000,1.000000,0.6048,-0.6048
1.000000,1.000000,0.6048,-0.6048
1.000000,1.000000,0.475266,-0.475266
1.000000,1.000000,0.474919,-0.474919
1.000000,1.000000,0.474572,-0.474572
1.000000,1.000000,0.474225,-0.474225
1.000000,1.000000,0.6048,-0.6048
1.000000,1.000000,0.6048,-0.6048
1.000000,1.000000,0.6048,-0.6048
1.000000,1.000000,0.6048,-0.6048
1.000000,1.000000,0.6048,-0.6048
1.000000,1.000000,0.6048,-0.6048
1.000000,1.000000,0.6048,-0.6048
1.000000,1.000000,0.6048,-0.6048
1.000000,1.000000,0.6048,-0.6048
1.000000,1.000000,0.6048,-0.6048
1.000000,1.000000,0.6048,-0.6048
1.000000,1.000000,0.6048,-0.6048
1.000000,1.000000,0.6048,-0.6048
1.000000,1.000000,0.6048,-0.6048
1.000000,1.000000,0.6048,-0.6048
1.000000,1.000000,0.6048,-0.6048
1.000000,1.000000,0.6048,-0.6048
1.000000,1.000000,0.6048,-0.6048
1.000000,1.000000,0.558754,-0.558754
1.000000,1.000000,0.558422,-0.558422
1.000000,1.000000,0.55809,-0.55809
1.000000,1.000000,0.557758,-0.557758
1.000000,1.000000,0.511572,-0.511572
1.000000,1.000000,0.511232,-0.511232
1.000000,1.000000,0.510891,-0.510891
1.000000,1.000000,0.510551,-0.510551
1.000000,1.000000,0.344581,-0.344581
1.000000,1.000000,0.344212,-0.344212
1.000000,1.000000,0.343842,-0.343842
1.000000,1.000000,0.343473,-0.343473
1.000000,1.000000,0.343103,-0.343103
1.000000,1.000000,0.443353,-0.443353
1.000000,1.000000,0.443001,-0.443001
1.000000,1.000000,0.442649,-0.442649
1.000000,1.000000,0.442296,-0.442296
1.000000,1.000000,0.533598,-0.533598
1.000000,1.000000,0.533262,-0.533262
1.000000,1.000000,0.532926,-0.532926
1.000000,1.000000,0.53259,-0.53259
1.000000,1.000000,0.6048,-0.6048
1.000000,1.000000,0.6048,-0.6048
0.899977,0.899977,0.6048,-0.6048
0.899977,0.899977,0.6048,-0.6048
0.899977,0.899977,0.6048,-0.6048
0.899977,0.899977,0.6048,-0.6048
0.899977,0.899977,0.6048,-0.6048
0.979995,0.979995,0.6048,-0.6048
0.979995,0.979995,0.6048,-0.6048
0.979995,0.979995,0.457253,-0.457253
1.000000,1.000000,0.456921,-0.456921
1.000000,1.000000,0.456589,-0.456589
1.000000,1.000000,0.456257,-0.456257
1.000000,1.000000,0.6048,-0.6048
1.000000,1.000000,0.6048,-0.6048
1.000000,1.000000,0.6048,-0.6048
1.000000,1.000000,0.6048,-0.6048
1.000000,1.000000,0.6048,-0.6048
1.000000,1.000000,0.6048,-0.6048
1.000000,1.000000,0.6048,-0.6048
1.000000,1.000000,0.6048,-0.6048
1.000000,1.000000,0.6048,-0.6048
1.000000,1.000000,0.6048,-0.6048
1.000000,1.000000,0.6048,-0.6048
1.000000,1.000000,0.6048,-0.6048
1.000000,1.000000,0.6048,-0.6048
1.000000,1.000000,0.595312,-0.595312
1.000000,1.000000,0.595004,-0.595004
1.000000,1.000000,0.594695,-0.594695
1.000000,1.000000,0.594386,-0.594386
1.000000,1.000000,0.594078,-0.594078
1.000000,1.000000,0.541892,-0.541892
1.000000,1.000000,0.541574,-0.541574
1.000000,1.000000,0.541257,-0.541257
1.000000,1.000000,0.540939,-0.540939
1.000000,1.000000,0.494356,-0.494356
1.000000,1.000000,0.494031,-0.494031
1.000000,1.000000,0.493706,-0.493706
1.000000,1.000000,0.49338,-0.49338
1.000000,1.000000,0.325948,-0.325948
1.000000,1.000000,0.325595,-0.325595
1.000000,1.000000,0.325241,-0.325241
1.000000,1.000000,0.324888,-0.324888
1.000000,1.000000,0.324534,-0.324534
1.000000,1.000000,0.425693,-0.425693
1.000000,1.000000,0.425356,-0.425356
1.000000,1.000000,0.425019,-0.425019
1.000000,1.000000,0.424682,-0.424682
1.000000,1.000000,0.516809,-0.516809
1.000000,1.000000,0.516488,-0.516488
1.000000,1.000000,0.516166,-0.516166
1.000000,1.000000,0.515845,-0.515845
1.000000,1.000000,0.6048,-0.6048
1.000000,1.000000,0.6048,-0.6048
1.000000,1.000000,0.6048,-0.6048
1.000000,1.000000,0.6048,-0.6048
1.000000,1.000000,0.6048,-0.6048
1.000000,1.000000,0.6048,-0.6048
1.000000,1.000000,0.6048,-0.6048
1.000000,1.000000,0.6048,-0.6048
1.000000,1.000000,0.6048,-0.6048
1.000000,1.000000,0.440026,-0.440026
1.000000,1.000000,0.43971,-0.43971
1.000000,1.000000,0.439393,-0.439393
1.000000,1.000000,0.439076,-0.439076
1.000000,1.000000,0.6048,-0.6048
1.000000,1.000000,0.6048,-0.6048
1.000000,1.000000,0.6048,-0.6048
1.000000,1.000000,0.6048,-0.6048
1.000000,1.000000,0.6048,-0.6048
1.000000,1.000000,0.6048,-0.6048
1.000000,1.000000,0.6048,-0.6048
1.000000,1.000000,0.6048,-0.6048
1.000000,1.000000,0.6048,-0.6048
1.000000,1.000000,0.6048,-0.6048
1.000000,1.000000,0.6048,-0.6048
1.000000,1.000000,0.6048,-0.6048
1.000000,1.000000,0.6048,-0.6048
1.000000,1.000000,0.579575,-0.579575
1.000000,1.000000,0.579281,-0.579281
1.000000,1.000000,0.578987,-0.578987
1.000000,1.000000,0.578692,-0.578692
1.000000,1.000000,0.578398,-0.578398
1.000000,1.000000,0.525784,-0.525784
1.000000,1.000000,0.525481,-0.525481
1.000000,1.000000,0.525179,-0.525179
1.000000,1.000000,0.524876,-0.524876
1.000000,1.000000,0.477915,-0.477915
1.000000,1.000000,0.477605,-0.477605
1.000000,1.000000,0.477295,-0.477295
1.000000,1.000000,0.476984,-0.476984
1.000000,1.000000,0.308157,-0.308157
1.000000,1.000000,0.30782,-0.30782
1.000000,1.000000,0.307483,-0.307483
1.000000,1.000000,0.307145,-0.307145
1.000000,1.000000,0.306808,-0.306808
1.000000,1.000000,0.408835,-0.408835
1.000000,1.000000,0.408514,-0.408514
1.000000,1.000000,0.408193,-0.408193
1.000000,1.000000,0.407871,-0.407871
1.000000,1.000000,0.500787,-0.500787
1.000000,1.000000,0.50048,-0.50048
1.000000,1.000000,0.500173,-0.500173
1.000000,1.000000,0.499867,-0.499867
1.000000,1.000000,0.6048,-0.6048
1.000000,1.000000,0.6048,-0.6048
1.000000,1.000000,0.6048,-0.6048
1.000000,1.000000,0.6048,-0.6048
1.000000,1.000000,0.6048,-0.6048
1.000000,1.000000,0.6048,-0.6048
1.000000,1.000000,0.6048,-0.6048
1.000000,1.000000,0.6048,-0.6048
1.000000,1.000000,0.6048,-0.6048
1.000000,1.000000,0.6048,-0.6048
1.000000,1.000000,0.423597,-0.423597
1.000000,1.000000,0.423296,-0.423296
1.000000,1.000000,0.422995,-0.422995
1.000000,1.000000,0.422694,-0.422694
1.000000,1.000000,0.6048,-0.6048
1.000000,1.000000,0.6048,-0.6048
1.000000,1.000000,0.6048,-0.6048
1.000000,1.000000,0.6048,-0.6048
1.000000,1.000000,0.6048,-0.6048
1.000000,1.000000,0.6048,-0.6048
1.000000,1.000000,0.6048,-0.6048
1.000000,1.000000,0.6048,-0.6048
1.000000,1.000000,0.6048,-0.6048
1.000000,1.000000,0.6048,-0.6048
1.000000,1.000000,0.6048,-0.6048
1.000000,1.000000,0.6048,-0.6048
1.000000,1.000000,0.6048,-0.6048
1.000000,1.000000,0.56458,-0.56458
1.000000,1.000000,0.5643,-0.5643
1.000000,1.000000,0.56402,-0.56402
1.000000,1.000000,0.56374,-0.56374
1.000000,1.000000,0.56346,-0.56346
1.000000,1.000000,0.51044,-0.51044
1.000000,1.000000,0.510152,-0.510152
1.000000,1.000000,0.509864,-0.509864
1.000000,1.000000,0.509576,-0.509576
1.000000,1.000000,0.462257,-0.462257
1.000000,1.000000,0.461961,-0.461961
1.000000,1.000000,0.461666,-0.461666
1.000000,1.000000,0.461371,-0.461371
1.000000,1.000000,0.291216,-0.291216
1.000000,1.000000,0.290895,-0.290895
1.000000,1.000000,0.290574,-0.290574
1.000000,1.000000,0.290253,-0.290253
1.000000,1.000000,0.289933,-0.289933
1.000000,1.000000,0.392787,-0.392787
1.000000,1.000000,0.392482,-0.392482
1.000000,1.000000,0.392176,-0.392176
1.000000,1.000000,0.391871,-0.391871
1.000000,1.000000,0.485537,-0.485537
1.000000,1.000000,0.485245,-0.485245
1.000000,1.000000,0.484953,-0.484953
1.000000,1.000000,0.484662,-0.484662
1.000000,1.000000,0.6048,-0.6048
1.000000,1.000000,0.6048,-0.6048
1.000000,1.000000,0.6048,-0.6048
1.000000,1.000000,0.6048,-0.6048
1.000000,1.000000,0.6048,-0.6048
1.000000,1.000000,0.6048,-0.6048
1.000000,1.000000,0.6048,-0.6048
1.000000,1.000000,0.6048,-0.6048
1.000000,1.000000,0.6048,-0.6048
1.000000,1.000000,0.407973,-0.407973
1.000000,1.000000,0.407687,-0.407687
1.000000,1.000000,0.407402,-0.407402
1.000000,1.000000,0.407116,-0.407116
1.000000,1.000000,0.6048,-0.6048
1.000000,1.000000,0.6048,-0.6048
1.000000,1.000000,0.6048,-0.6048
1.000000,1.000000,0.6048,-0.6048
1.000000,1.000000,0.6048,-0.6048
1.000000,1.000000,0.6048,-0.6048
1.000000,1.000000,0.6048,-0.6048
1.000000,1.000000,0.6048,-0.6048
1.000000,1.000000,0.6048,-0.6048
1.000000,1.000000,0.6048,-0.6048
1.000000,1.000000,0.6048,-0.6048
1.000000,1.000000,0.6048,-0.6048
1.000000,1.000000,0.6048,-0.6048
1.000000,1.000000,0.550334,-0.550334
1.000000,1.000000,0.550069,-0.550069
1.000000,1.000000,0.549803,-0.549803
1.000000,1.000000,0.549538,-0.549538
1.000000,1.000000,0.549272,-0.549272
1.000000,1.000000,0.495867,-0.495867
1.000000,1.000000,0.495594,-0.495594
1.000000,1.000000,0.495321,-0.495321
1.000000,1.000000,0.495048,-0.495048
1.000000,1.000000,0.447389,-0.447389
1.000000,1.000000,0.447109,-0.447109
1.000000,1.000000,0.446829,-0.446829
1.000000,1.000000,0.446549,-0.446549
1.000000,1.000000,0.275134,-0.275134
1.000000,1.000000,0.27483,-0.27483
1.000000,1.000000,0.274526,-0.274526
1.000000,1.000000,0.274222,-0.274222
1.000000,1.000000,0.273918,-0.273918
1.000000,1.000000,0.377559,-0.377559
1.000000,1.000000,0.377269,-0.377269
1.000000,1.000000,0.376979,-0.376979
1.000000,1.000000,0.37669,-0.37669
1.000000,1.000000,0.47107,-0.47107
1.000000,1.000000,0.470793,-0.470793
1.000000,1.000000,0.470517,-0.470517
1.000000,1.000000,0.47024,-0.47024
1.000000,1.000000,0.6048,-0.6048
1.000000,1.000000,0.6048,-0.6048
1.000000,1.000000,0.6048,-0.6048
1.000000,1.000000,0.6048,-0.6048
1.000000,1.000000,0.6048,-0.6048
1.000000,1.000000,0.6048,-0.6048
1.000000,1.000000,0.6048,-0.6048
1.000000,1.000000,0.6048,-0.6048
1.000000,1.000000,0.6048,-0.6048
1.000000,1.000000,0.393165,-0.393165
1.000000,1.000000,0.392895,-0.392895
1.000000,1.000000,0.392625,-0.392625
1.000000,1.000000,0.392356,-0.392356
1.000000,1.000000,0.6048,-0.6048
1.000000,1.000000,0.6048,-0.6048
1.000000,1.000000,0.6048,-0.6048
1.000000,1.000000,0.6048,-0.6048
0.979995,0.979995,0.6048,-0.6048
0.979995,0.979995,0.6048,-0.6048
0.979995,0.979995,0.6048,-0.6048
1.000000,1.000000,0.6048,-0.6048
1.000000,1.000000,0.6048,-0.6048
1.000000,1.000000,0.6048,-0.6048
1.000000,1.000000,0.6048,-0.6048
1.000000,1.000000,0.6048,-0.6048
1.000000,1.000000,0.6048,-0.6048
1.000000,1.000000,0.536853,-0.536853
1.000000,1.000000,0.536603,-0.536603
1.000000,1.000000,0.536352,-0.536352
1.000000,1.000000,0.536102,-0.536102
1.000000,1.000000,0.535851,-0.535851
1.000000,1.000000,0.482083,-0.482083
1.000000,1.000000,0.481825,-0.481825
1.000000,1.000000,0.481568,-0.481568
1.000000,1.000000,0.48131,-0.48131
1.000000,1.000000,0.433331,-0.433331
1.000000,1.000000,0.433067,-0.433067
1.000000,1.000000,0.432803,-0.432803
1.000000,1.000000,0.432539,-0.432539
1.000000,1.000000,0.259935,-0.259935
1.000000,1.000000,0.259648,-0.259648
1.000000,1.000000,0.259361,-0.259361
1.000000,1.000000,0.259074,-0.259074
1.000000,1.000000,0.258787,-0.258787
1.000000,1.000000,0.363172,-0.363172
1.000000,1.000000,0.362899,-0.362899
1.000000,1.000000,0.362626,-0.362626
1.000000,1.000000,0.362352,-0.362352
1.000000,1.000000,0.457407,-0.457407
1.000000,1.000000,0.457147,-0.457147
1.000000,1.000000,0.456886,-0.456886
1.000000,1.000000,0.456625,-0.456625
1.000000,1.000000,0.6048,-0.6048
1.000000,1.000000,0.6048,-0.6048
1.000000,1.000000,0.6048,-0.6048
1.000000,1.000000,0.6048,-0.6048
1.000000,1.000000,0.6048,-0.6048
1.000000,1.000000,0.596285,-0.596285
1.000000,1.000000,0.596058,-0.596058
1.000000,1.000000,0.595832,-0.595832
1.000000,1.000000,0.595605,-0.595605
1.000000,1.000000,0.379196,-0.379196
1.000000,1.000000,0.378943,-0.378943
1.000000,1.000000,0.37869,-0.37869
1.000000,1.000000,0.378436,-0.378436
0.899977,0.899977,0.6048,-0.6048
0.899977,0.899977,0.6048,-0.6048
0.899977,0.899977,0.6048,-0.6048
0.899977,0.899977,0.6048,-0.6048
0.899977,0.899977,0.6048,-0.6048
0.899977,0.899977,0.596304,-0.596304
0.899977,0.899977,0.596077,-0.596077
0.979995,0.979995,0.595851,-0.595851
1.000000,1.000000,0.595624,-0.595624
1.000000,1.000000,0.6048,-0.6048
1.000000,1.000000,0.6048,-0.6048
1.000000,1.000000,0.6048,-0.6048
1.000000,1.000000,0.6048,-0.6048
1.000000,1.000000,0.524154,-0.524154
1.000000,1.000000,0.523919,-0.523919
1.000000,1.000000,0.523684,-0.523684
1.000000,1.000000,0.523448,-0.523448
1.000000,1.000000,0.523213,-0.523213
1.000000,1.000000,0.469104,-0.469104
1.000000,1.000000,0.468862,-0.468862
1.000000,1.000000,0.46862,-0.46862
1.000000,1.000000,0.468377,-0.468377
1.000000,1.000000,0.420099,-0.420099
1.000000,1.000000,0.41985,-0.41985
1.000000,1.000000,0.419602,-0.419602
1.000000,1.000000,0.419354,-0.419354
1.000000,1.000000,0.245633,-0.245633
1.000000,1.000000,0.245363,-0.245363
1.000000,1.000000,0.245093,-0.245093
1.000000,1.000000,0.244824,-0.244824
1.000000,1.000000,0.244554,-0.244554
1.000000,1.000000,0.349641,-0.349641
1.000000,1.000000,0.349384,-0.349384
1.000000,1.000000,0.349127,-0.349127
1.000000,1.000000,0.348871,-0.348871
1.000000,1.000000,0.444562,-0.444562
1.000000,1.000000,0.444317,-0.444317
1.000000,1.000000,0.444072,-0.444072
1.000000,1.000000,0.443827,-0.443827
1.000000,1.000000,0.6048,-0.6048
1.000000,1.000000,0.6048,-0.6048
1.000000,1.000000,0.6048,-0.6048
1.000000,1.000000,0.6048,-0.6048
1.000000,1.000000,0.6048,-0.6048
1.000000,1.000000,0.6048,-0.6048
1.000000,1.000000,0.6048,-0.6048
1.000000,1.000000,0.6048,-0.6048
1.000000,1.000000,0.6048,-0.6048
1.000000,1.000000,0.6048,-0.6048
1.000000,1.000000,0.6048,-0.6048
1.000000,1.000000,0.6048,-0.6048
1.000000,1.000000,0.6048,-0.6048
1.000000,1.000000,0.6048,-0.6048
1.000000,1.000000,0.6048,-0.6048
0.979995,0.979995,0.6048,-0.6048
0.899977,0.899977,0.6048,-0.6048
0.899977,0.899977,0.6048,-0.6048
0.899977,0.899977,0.6048,-0.6048
0.899977,0.899977,0.6048,-0.6048
0.899977,0.899977,0.6048,-0.6048
1.000000,1.000000,0.6048,-0.6048
1.000000,1.000000,0.6048,-0.6048
1.000000,1.000000,0.6048,-0.6048
0.899977,0.899977,0.6048,-0.6048
1.000000,1.000000,0.6048,-0.6048
1.000000,1.000000,0.6048,-0.6048
1.000000,1.000000,0.6048,-0.6048
1.000000,1.000000,0.6048,-0.6048
1.000000,1.000000,0.6048,-0.6048
1.000000,1.000000,0.6048,-0.6048
1.000000,1.000000,0.6048,-0.6048
1.000000,1.000000,0.6048,-0.6048
1.000000,1.000000,0.6048,-0.6048
1.000000,1.000000,0.6048,-0.6048
1.000000,1.000000,0.6048,-0.6048
1.000000,1.000000,0.6048,-0.6048
1.000000,1.000000,0.6048,-0.6048
1.000000,1.000000,0.6048,-0.6048
1.000000,1.000000,0.592076,-0.592076
1.000000,1.000000,0.591823,-0.591823
1.000000,1.000000,0.591571,-0.591571
1.000000,1.000000,0.591318,-0.591318
1.000000,1.000000,0.591066,-0.591066
1.000000,1.000000,0.6048,-0.6048
1.000000,1.000000,0.6048,-0.6048
1.000000,1.000000,0.6048,-0.6048
1.000000,1.000000,0.6048,-0.6048
1.000000,1.000000,0.6048,-0.6048
1.000000,1.000000,0.6048,-0.6048
1.000000,1.000000,0.6048,-0.6048
1.000000,1.000000,0.6048,-0.6048
1.000000,1.000000,0.6048,-0.6048
1.000000,1.000000,0.6048,-0.6048
0.899977,0.899977,0.6048,-0.6048
1.000000,1.000000,0.6048,-0.6048
1.000000,1.000000,0.6048,-0.6048
1.000000,1.000000,0.6048,-0.6048
1.000000,1.000000,0.6048,-0.6048
1.000000,1.000000,0.6048,-0.6048
1.000000,1.000000,0.6048,-0.6048
1.000000,1.000000,0.6048,-0.6048
1.000000,1.000000,0.6048,-0.6048
1.000000,1.000000,0.6048,-0.6048
1.000000,1.000000,0.6048,-0.6048
1.000000,1.000000,0.6048,-0.6048
1.000000,1.000000,0.6048,-0.6048
1.000000,1.000000,0.6048,-0.6048
0.899977,0.899977,0.6048,-0.6048
0.899977,0.899977,0.6048,-0.6048
0.899977,0.899977,0.6048,-0.6048
0.899977,0.899977,0.6048,-0.6048
0.899977,0.899977,0.6048,-0.6048
0.899977,0.899977,0.6048,-0.6048
1.000000,1.000000,0.6048,-0.6048
0.899977,0.899977,0.6048,-0.6048
1.000000,1.000000,0.6048,-0.6048
1.000000,1.000000,0.6048,-0.6048
0.899977,0.899977,0.6048,-0.6048
1.000000,1.000000,0.6048,-0.6048
1.000000,1.000000,0.6048,-0.6048
1.000000,1.000000,0.6048,-0.6048
1.000000,1.000000,0.6048,-0.6048
1.000000,1.000000,0.6048,-0.6048
1.000000,1.000000,0.6048,-0.6048
1.000000,1.000000,0.6048,-0.6048
1.000000,1.000000,0.6048,-0.6048
1.000000,1.000000,0.6048,-0.6048
1.000000,1.000000,0.6048,-0.6048
1.000000,1.000000,0.6048,-0.6048
1.000000,1.000000,0.6048,-0.6048
1.000000,1.000000,0.57954,-0.57954
1.000000,1.000000,0.579305,-0.579305
1.000000,1.000000,0.579069,-0.579069
1.000000,1.000000,0.578833,-0.578833
1.000000,1.000000,0.578597,-0.578597
1.000000,1.000000,0.6048,-0.6048
1.000000,1.000000,0.6048,-0.6048
1.000000,1.000000,0.6048,-0.6048
1.000000,1.000000,0.6048,-0.6048
1.000000,1.000000,0.6048,-0.6048
1.000000,1.000000,0.6048,-0.6048
1.000000,1.000000,0.6048,-0.6048
1.000000,1.000000,0.6048,-0.6048
1.000000,1.000000,0.6048,-0.6048
1.000000,1.000000,0.6048,-0.6048
1.000000,1.000000,0.6048,-0.6048
1.000000,1.000000,0.6048,-0.6048
1.000000,1.000000,0.6048,-0.6048
1.000000,1.000000,0.6048,-0.6048
1.000000,1.000000,0.6048,-0.6048
1.000000,1.000000,0.6048,-0.6048
1.000000,1.000000,0.6048,-0.6048
1.000000,1.000000,0.6048,-0.6048
1.000000,1.000000,0.6048,-0.6048
1.000000,1.000000,0.6048,-0.6048
1.000000,1.000000,0.6048,-0.6048
0.899977,0.899977,0.6048,-0.6048
0.899977,0.899977,0.6048,-0.6048
0.979995,0.979995,0.6048,-0.6048
0.899977,0.899977,0.6048,-0.6048
0.899977,0.899977,0.6048,-0.6048
0.899977,0.899977,0.6048,-0.6048
0.899977,0.899977,0.6048,-0.6048
0.899977,0.899977,0.6048,-0.6048
0.899977,0.899977,0.6048,-0.6048
1.000000,1.000000,0.6048,-0.6048
1.000000,1.000000,0.6048,-0.6048
1.000000,1.000000,0.6048,-0.6048
0.899977,0.899977,0.6048,-0.6048
0.899977,0.899977,0.6048,-0.6048
1.000000,1.000000,0.6048,-0.6048
1.000000,1.000000,0.6048,-0.6048
1.000000,1.000000,0.6048,-0.6048
1.000000,1.000000,0.6048,-0.6048
1.000000,1.000000,0.6048,-0.6048
1.000000,1.000000,0.6048,-0.6048
1.000000,1.000000,0.6048,-0.6048
1.000000,1.000000,0.6048,-0.6048
1.000000,1.000000,0.6048,-0.6048
1.000000,1.000000,0.6048,-0.6048
1.000000,1.000000,0.6048,-0.6048
1.000000,1.000000,0.6048,-0.6048
1.000000,1.000000,0.6048,-0.6048
1.000000,1.000000,0.567878,-0.567878
1.000000,1.000000,0.567659,-0.567659
1.000000,1.000000,0.56744,-0.56744
1.000000,1.000000,0.567221,-0.567221
1.000000,1.000000,0.567002,-0.567002
1.000000,1.000000,0.6048,-0.6048
1.000000,1.000000,0.6048,-0.6048
0.899977,0.899977,0.6048,-0.6048
0.979995,0.979995,0.6048,-0.6048
0.899977,0.899977,0.6048,-0.6048
0.899977,0.899977,0.6048,-0.6048
0.899977,0.899977,0.6048,-0.6048
0.899977,0.899977,0.6048,-0.6048
0.899977,0.899977,0.6048,-0.6048
0.899977,0.899977,0.6048,-0.6048
0.899977,0.899977,0.6048,-0.6048
0.899977,0.899977,0.6048,-0.6048
0.899977,0.899977,0.6048,-0.6048
0.899977,0.899977,0.6048,-0.6048
0.899977,0.899977,0.6048,-0.6048
0.899977,0.899977,0.6048,-0.6048
0.899977,0.899977,0.6048,-0.6048
0.899977,0.899977,0.6048,-0.6048
0.899977,0.899977,0.6048,-0.6048
0.979995,0.979995,0.6048,-0.6048
0.899977,0.899977,0.6048,-0.6048
1.000000,1.000000,0.6048,-0.6048
1.000000,1.000000,0.6048,-0.6048
1.000000,1.000000,0.6048,-0.6048
1.000000,1.000000,0.6048,-0.6048
1.000000,1.000000,0.6048,-0.6048
1.000000,1.000000,0.6048,-0.6048
1.000000,1.000000,0.6048,-0.6048
1.000000,1.000000,0.6048,-0.6048
1.000000,1.000000,0.6048,-0.6048
1.000000,1.000000,0.6048,-0.6048
1.000000,1.000000,0.6048,-0.6048
1.000000,1.000000,0.6048,-0.6048
1.000000,1.000000,0.6048,-0.6048
1.000000,1.000000,0.6048,-0.6048
1.000000,1.000000,0.6048,-0.6048
1.000000,1.000000,0.6048,-0.6048
1.000000,1.000000,0.6048,-0.6048
1.000000,1.000000,0.6048,-0.6048
1.000000,1.000000,0.6048,-0.6048
1.000000,1.000000,0.6048,-0.6048
1.000000,1.000000,0.6048,-0.6048
1.000000,1.000000,0.6048,-0.6048
1.000000,1.000000,0.6048,-0.6048
1.000000,1.000000,0.6048,-0.6048
1.000000,1.000000,0.6048,-0.6048
1.000000,1.000000,0.6048,-0.6048
1.000000,1.000000,0.557088,-0.557088
1.000000,1.000000,0.556886,-0.556886
1.000000,1.000000,0.556684,-0.556684
1.000000,1.000000,0.556481,-0.556481
1.000000,1.000000,0.556279,-0.556279
1.000000,1.000000,0.6048,-0.6048
1.000000,1.000000,0.6048,-0.6048
1.000000,1.000000,0.6048,-0.6048
1.000000,1.000000,0.6048,-0.6048
1.000000,1.000000,0.6048,-0.6048
1.000000,1.000000,0.6048,-0.6048
1.000000,1.000000,0.6048,-0.6048
1.000000,1.000000,0.6048,-0.6048
1.000000,1.000000,0.6048,-0.6048
1.000000,1.000000,0.6048,-0.6048
1.000000,1.000000,0.6048,-0.6048
1.000000,1.000000,0.6048,-0.6048
1.000000,1.000000,0.6048,-0.6048
1.000000,1.000000,0.6048,-0.6048
1.000000,1.000000,0.6048,-0.6048
1.000000,1.000000,0.6048,-0.6048
1.000000,1.000000,0.6048,-0.6048
1.000000,1.000000,0.6048,-0.6048
1.000000,1.000000,0.6048,-0.6048
1.000000,1.000000,0.6048,-0.6048
1.000000,1.000000,0.6048,-0.6048
1.000000,1.000000,0.6048,-0.6048
1.000000,1.000000,0.6048,-0.6048
1.000000,1.000000,0.6048,-0.6048
1.000000,1.000000,0.6048,-0.6048
1.000000,1.000000,0.6048,-0.6048
1.000000,1.000000,0.6048,-0.6048
1.000000,1.000000,0.6048,-0.6048
1.000000,1.000000,0.6048,-0.6048
1.000000,1.000000,0.6048,-0.6048
1.000000,1.000000,0.6048,-0.6048
1.000000,1.000000,0.6048,-0.6048
1.000000,1.000000,0.6048,-0.6048
1.000000,1.000000,0.6048,-0.6048
1.000000,1.000000,0.6048,-0.6048
1.000000,1.000000,0.6048,-0.6048
1.000000,1.000000,0.6048,-0.6048
1.000000,1.000000,0.6048,-0.6048
1.000000,1.000000,0.6048,-0.6048
1.000000,1.000000,0.6048,-0.6048
1.000000,1.000000,0.6048,-0.6048
1.000000,1.000000,0.6048,-0.6048
1.000000,1.000000,0.6048,-0.6048
1.000000,1.000000,0.6048,-0.6048
1.000000,1.000000,0.6048,-0.6048
1.000000,1.000000,0.6048,-0.6048
1.000000,1.000000,0.6048,-0.6048
1.000000,1.000000,0.547169,-0.547169
1.000000,1.000000,0.546983,-0.546983
1.000000,1.000000,0.546798,-0.546798
1.000000,1.000000,0.546612,-0.546612
1.000000,1.000000,0.546427,-0.546427
1.000000,1.000000,0.6048,-0.6048
1.000000,1.000000,0.6048,-0.6048
1.000000,1.000000,0.6048,-0.6048
1.000000,1.000000,0.6048,-0.6048
1.000000,1.000000,0.6048,-0.6048
1.000000,1.000000,0.6048,-0.6048
1.000000,1.000000,0.6048,-0.6048
1.000000,1.000000,0.6048,-0.6048
1.000000,1.000000,0.6048,-0.6048
1.000000,1.000000,0.6048,-0.6048
1.000000,1.000000,0.6048,-0.6048
1.000000,1.000000,0.6048,-0.6048
1.000000,1.000000,0.6048,-0.6048
1.000000,1.000000,0.6048,-0.6048
1.000000,1.000000,0.6048,-0.6048
1.000000,1.000000,0.6048,-0.6048
1.000000,1.000000,0.6048,-0.6048
1.000000,1.000000,0.6048,-0.6048
1.000000,1.000000,0.6048,-0.6048
1.000000,1.000000,0.6048,-0.6048
1.000000,1.000000,0.6048,-0.6048
1.000000,1.000000,0.6048,-0.6048
1.000000,1.000000,0.6048,-0.6048
1.000000,1.000000,0.6048,-0.6048
1.000000,1.000000,0.6048,-0.6048
1.000000,1.000000,0.6048,-0.6048
1.000000,1.000000,0.6048,-0.6048
1.000000,1.000000,0.6048,-0.6048
1.000000,1.000000,0.6048,-0.6048
1.000000,1.000000,0.6048,-0.6048
1.000000,1.000000,0.6048,-0.6048
1.000000,1.000000,0.6048,-0.6048
1.000000,1.000000,0.6048,-0.6048
1.000000,1.000000,0.6048,-0.6048
1.000000,1.000000,0.6048,-0.6048
1.000000,1.000000,0.6048,-0.6048
1.000000,1.000000,0.6048,-0.6048
1.000000,1.000000,0.6048,-0.6048
1.000000,1.000000,0.6048,-0.6048
1.000000,1.000000,0.6048,-0.6048
1.000000,1.000000,0.6048,-0.6048
1.000000,1.000000,0.6048,-0.6048
1.000000,1.000000,0.6048,-0.6048
1.000000,1.000000,0.6048,-0.6048
1.000000,1.000000,0.6048,-0.6048
1.000000,1.000000,0.6048,-0.6048
1.000000,1.000000,0.6048,-0.6048
1.000000,1.000000,0.538111,-0.538111
1.000000,1.000000,0.537942,-0.537942
1.000000,1.000000,0.537774,-0.537774
1.000000,1.000000,0.537605,-0.537605
1.000000,1.000000,0.537436,-0.537436
1.000000,1.000000,0.6048,-0.6048
1.000000,1.000000,0.6048,-0.6048
1.000000,1.000000,0.6048,-0.6048
1.000000,1.000000,0.6048,-0.6048
1.000000,1.000000,0.6048,-0.6048
1.000000,1.000000,0.6048,-0.6048
1.000000,1.000000,0.6048,-0.6048
1.000000,1.000000,0.6048,-0.6048
1.000000,1.000000,0.6048,-0.6048
1.000000,1.000000,0.6048,-0.6048
0.899977,0.899977,0.6048,-0.6048
1.000000,1.000000,0.6048,-0.6048
0.979995,0.979995,0.6048,-0.6048
1.000000,1.000000,0.6048,-0.6048
1.000000,1.000000,0.6048,-0.6048
1.000000,1.000000,0.6048,-0.6048
1.000000,1.000000,0.6048,-0.6048
1.000000,1.000000,0.6048,-0.6048
1.000000,1.000000,0.6048,-0.6048
1.000000,1.000000,0.6048,-0.6048
1.000000,1.000000,0.6048,-0.6048
1.000000,1.000000,0.6048,-0.6048
1.000000,1.000000,0.6048,-0.6048
1.000000,1.000000,0.6048,-0.6048
1.000000,1.000000,0.6048,-0.6048
1.000000,1.000000,0.6048,-0.6048
1.000000,1.000000,0.6048,-0.6048
1.000000,1.000000,0.6048,-0.6048
1.000000,1.000000,0.6048,-0.6048
1.000000,1.000000,0.6048,-0.6048
1.000000,1.000000,0.6048,-0.6048
1.000000,1.000000,0.6048,-0.6048
1.000000,1.000000,0.6048,-0.6048
1.000000,1.000000,0.6048,-0.6048
1.000000,1.000000,0.6048,-0.6048
1.000000,1.000000,0.6048,-0.6048
1.000000,1.000000,0.6048,-0.6048
1.000000,1.000000,0.6048,-0.6048
1.000000,1.000000,0.6048,-0.6048
1.000000,1.000000,0.6048,-0.6048
1.000000,1.000000,0.6048,-0.6048
1.000000,1.000000,0.6048,-0.6048
1.000000,1.000000,0.6048,-0.6048
1.000000,1.000000,0.6048,-0.6048
1.000000,1.000000,0.6048,-0.6048
1.000000,1.000000,0.6048,-0.6048
1.000000,1.000000,0.6048,-0.6048
1.000000,1.000000,0.529912,-0.529912
1.000000,1.000000,0.52976,-0.52976
1.000000,1.000000,0.529607,-0.529607
1.000000,1.000000,0.529455,-0.529455
1.000000,1.000000,0.529303,-0.529303
1.000000,1.000000,0.6048,-0.6048
1.000000,1.000000,0.6048,-0.6048
1.000000,1.000000,0.6048,-0.6048
1.000000,1.000000,0.6048,-0.6048
1.000000,1.000000,0.6048,-0.6048
1.000000,1.000000,0.6048,-0.6048
1.000000,1.000000,0.6048,-0.6048
1.000000,1.000000,0.6048,-0.6048
1.000000,1.000000,0.6048,-0.6048
0.979995,0.979995,0.6048,-0.6048
0.899977,0.899977,0.6048,-0.6048
0.899977,0.899977,0.6048,-0.6048
0.899977,0.899977,0.6048,-0.6048
0.899977,0.899977,0.6048,-0.6048
0.899977,0.899977,0.6048,-0.6048
0.899977,0.899977,0.6048,-0.6048
1.000000,1.000000,0.6048,-0.6048
0.899977,0.899977,0.6048,-0.6048
0.899977,0.899977,0.6048,-0.6048
0.899977,0.899977,0.6048,-0.6048
0.899977,0.899977,0.6048,-0.6048
0.899977,0.899977,0.6048,-0.6048
0.899977,0.899977,0.6048,-0.6048
0.899977,0.899977,0.6048,-0.6048
0.899977,0.899977,0.6048,-0.6048
1.000000,1.000000,0.6048,-0.6048
1.000000,1.000000,0.6048,-0.6048
1.000000,1.000000,0.6048,-0.6048
1.000000,1.000000,0.6048,-0.6048
1.000000,1.000000,0.6048,-0.6048
1.000000,1.000000,0.6048,-0.6048
1.000000,1.000000,0.6048,-0.6048
1.000000,1.000000,0.6048,-0.6048
1.000000,1.000000,0.6048,-0.6048
1.000000,1.000000,0.6048,-0.6048
1.000000,1.000000,0.6048,-0.6048
1.000000,1.000000,0.6048,-0.6048
1.000000,1.000000,0.6048,-0.6048
1.000000,1.000000,0.6048,-0.6048
1.000000,1.000000,0.6048,-0.6048
1.000000,1.000000,0.6048,-0.6048
1.000000,1.000000,0.6048,-0.6048
1.000000,1.000000,0.6048,-0.6048
1.000000,1.000000,0.6048,-0.6048
1.000000,1.000000,0.6048,-0.6048
1.000000,1.000000,0.6048,-0.6048
1.000000,1.000000,0.6048,-0.6048
1.000000,1.000000,0.522578,-0.522578
1.000000,1.000000,0.522442,-0.522442
1.000000,1.000000,0.522306,-0.522306
1.000000,1.000000,0.522171,-0.522171
1.000000,1.000000,0.522035,-0.522035
1.000000,1.000000,0.6048,-0.6048
1.000000,1.000000,0.6048,-0.6048
1.000000,1.000000,0.6048,-0.6048
1.000000,1.000000,0.6048,-0.6048
1.000000,1.000000,0.6048,-0.6048
1.000000,1.000000,0.6048,-0.6048
1.000000,1.000000,0.6048,-0.6048
1.000000,1.000000,0.6048,-0.6048
1.000000,1.000000,0.6048,-0.6048
1.000000,1.000000,0.6048,-0.6048
1.000000,1.000000,0.6048,-0.6048
1.000000,1.000000,0.6048,-0.6048
1.000000,1.000000,0.6048,-0.6048
1.000000,1.000000,0.6048,-0.6048
1.000000,1.000000,0.6048,-0.6048
1.000000,1.000000,0.6048,-0.6048
1.000000,1.000000,0.6048,-0.6048
1.000000,1.000000,0.6048,-0.6048
1.000000,1.000000,0.6048,-0.6048
1.000000,1.000000,0.6048,-0.6048
1.000000,1.000000,0.6048,-0.6048
1.000000,1.000000,0.6048,-0.6048
1.000000,1.000000,0.6048,-0.6048
1.000000,1.000000,0.6048,-0.6048
1.000000,1.000000,0.6048,-0.6048
1.000000,1.000000,0.6048,-0.6048
1.000000,1.000000,0.6048,-0.6048
1.000000,1.000000,0.6048,-0.6048
1.000000,1.000000,0.6048,-0.6048
1.000000,1.000000,0.6048,-0.6048
1.000000,1.000000,0.6048,-0.6048
1.000000,1.000000,0.6048,-0.6048
1.000000,1.000000,0.6048,-0.6048
1.000000,1.000000,0.6048,-0.6048
1.000000,1.000000,0.6048,-0.6048
1.000000,1.000000,0.6048,-0.6048
1.000000,1.000000,0.6048,-0.6048
1.000000,1.000000,0.6048,-0.6048
1.000000,1.000000,0.6048,-0.6048
1.000000,1.000000,0.6048,-0.6048
1.000000,1.000000,0.6048,-0.6048
1.000000,1.000000,0.6048,-0.6048
1.000000,1.000000,0.6048,-0.6048
1.000000,1.000000,0.6048,-0.6048
1.000000,1.000000,0.6048,-0.6048
1.000000,1.000000,0.6048,-0.6048
1.000000,1.000000,0.6048,-0.6048
1.000000,1.000000,0.6048,-0.6048
1.000000,1.000000,0.51611,-0.51611
1.000000,1.000000,0.515991,-0.515991
1.000000,1.000000,0.515872,-0.515872
1.000000,1.000000,0.515753,-0.515753
1.000000,1.000000,0.515634,-0.515634
1.000000,1.000000,0.6048,-0.6048
1.000000,1.000000,0.6048,-0.6048
1.000000,1.000000,0.6048,-0.6048
1.000000,1.000000,0.6048,-0.6048
1.000000,1.000000,0.6048,-0.6048
1.000000,1.000000,0.6048,-0.6048
1.000000,1.000000,0.6048,-0.6048
1.000000,1.000000,0.6048,-0.6048
1.000000,1.000000,0.6048,-0.6048
0.899977,0.899977,0.6048,-0.6048
0.899977,0.899977,0.6048,-0.6048
0.899977,0.899977,0.6048,-0.6048
0.899977,0.899977,0.6048,-0.6048
0.899977,0.899977,0.6048,-0.6048
0.899977,0.899977,0.6048,-0.6048
0.899977,0.899977,0.6048,-0.6048
0.899977,0.899977,0.6048,-0.6048
0.899977,0.899977,0.6048,-0.6048
0.899977,0.899977,0.6048,-0.6048
0.899977,0.899977,0.6048,-0.6048
0.899977,0.899977,0.6048,-0.6048
0.899977,0.899977,0.6048,-0.6048
0.899977,0.899977,0.6048,-0.6048
0.899977,0.899977,0.6048,-0.6048
0.899977,0.899977,0.6048,-0.6048
0.899977,0.899977,0.6048,-0.6048
0.899977,0.899977,0.6048,-0.6048
0.899977,0.899977,0.6048,-0.6048
1.000000,1.000000,0.6048,-0.6048
1.000000,1.000000,0.6048,-0.6048
1.000000,1.000000,0.6048,-0.6048
1.000000,1.000000,0.6048,-0.6048
1.000000,1.000000,0.6048,-0.6048
1.000000,1.000000,0.6048,-0.6048
1.000000,1.000000,0.6048,-0.6048
1.000000,1.000000,0.6048,-0.6048
1.000000,1.000000,0.6048,-0.6048
1.000000,1.000000,0.6048,-0.6048
1.000000,1.000000,0.6048,-0.6048
1.000000,1.000000,0.6048,-0.6048
1.000000,1.000000,0.6048,-0.6048
1.000000,1.000000,0.6048,-0.6048
1.000000,1.000000,0.6048,-0.6048
1.000000,1.000000,0.6048,-0.6048
1.000000,1.000000,0.6048,-0.6048
1.000000,1.000000,0.6048,-0.6048
1.000000,1.000000,0.6048,-0.6048
1.000000,1.000000,0.510504,-0.510504
1.000000,1.000000,0.510401,-0.510401
1.000000,1.000000,0.510299,-0.510299
1.000000,1.000000,0.510197,-0.510197
1.000000,1.000000,0.510094,-0.510094
1.000000,1.000000,0.6048,-0.6048
0.899977,0.899977,0.6048,-0.6048
0.899977,0.899977,0.6048,-0.6048
1.000000,1.000000,0.6048,-0.6048
0.899977,0.899977,0.6048,-0.6048
0.899977,0.899977,0.6048,-0.6048
1.000000,1.000000,0.6048,-0.6048
1.000000,1.000000,0.6048,-0.6048
1.000000,1.000000,0.6048,-0.6048
1.000000,1.000000,0,-0
1.000000,1.000000,0,-0
1.000000,1.000000,0,-0
1.000000,1.000000,0,-0
1.000000,1.000000,0,-0
1.000000,1.000000,0,-0
1.000000,1.000000,0,-0
1.000000,1.000000,0,-0
1.000000,1.000000,0,-0
1.000000,1.000000,0,-0
1.000000,1.000000,0,-0
1.000000,1.000000,0,-0
1.000000,1.000000,0,-0
1.000000,1.000000,0,-0
1.000000,1.000000,0,-0
1.000000,1.000000,0,-0
1.000000,1.000000,0,-0
1.000000,1.000000,0,-0
1.000000,1.000000,0,-0
1.000000,1.000000,0,-0
1.000000,1.000000,0,-0
1.000000,1.000000,0,-0
1.000000,1.000000,0,-0
1.000000,1.000000,0,-0
1.000000,1.000000,0,-0
1.000000,1.000000,0,-0
1.000000,1.000000,0,-0
1.000000,1.000000,0,-0
1.000000,1.000000,0,-0
1.000000,1.000000,0,-0
1.000000,1.000000,0,-0
1.000000,1.000000,0,-0
1.000000,1.000000,0,-0
1.000000,1.000000,0,-0
1.000000,1.000000,0,-0
1.000000,1.000000,0,-0
1.000000,1.000000,0,-0
1.000000,1.000000,0,-0
1.000000,1.000000,0,-0
1.000000,1.000000,0,-0
1.000000,1.000000,0,-0
1.000000,1.000000,0,-0
1.000000,1.000000,0.505413,-0.505413
0.899977,0.899977,0.6048,-0.6048
1.000000,1.000000,0.6048,-0.6048
1.000000,1.000000,0.6048,-0.6048
1.000000,1.000000,0.6048,-0.6048
1.000000,1.000000,0.6048,-0.6048
0.979995,0.979995,0.6048,-0.6048
1.000000,1.000000,0.6048,-0.6048
1.000000,1.000000,0.6048,-0.6048
0.899977,0.899977,0.6048,-0.6048
1.000000,1.000000,0,-0
1.000000,1.000000,0.6048,-0.6048
1.000000,1.000000,0,-0
1.000000,1.000000,0,-0
1.000000,1.000000,0,-0
1.000000,1.000000,0,-0
1.000000,1.000000,0,-0
1.000000,1.000000,0,-0
1.000000,1.000000,0,-0
1.000000,1.000000,0,-0
1.000000,1.000000,0,-0
1.000000,1.000000,0,-0
1.000000,1.000000,0,-0
1.000000,1.000000,0,-0
1.000000,1.000000,0,-0
1.000000,1.000000,0,-0
1.000000,1.000000,0,-0
1.000000,1.000000,0,-0
1.000000,1.000000,0,-0
1.000000,1.000000,0,-0
1.000000,1.000000,0,-0
1.000000,1.000000,0,-0
1.000000,1.000000,0,-0
1.000000,1.000000,0,-0
1.000000,1.000000,0,-0
1.000000,1.000000,0,-0
1.000000,1.000000,0,-0
1.000000,1.000000,0,-0
1.000000,1.000000,0,-0
1.000000,1.000000,0,-0
1.000000,1.000000,0,-0
1.000000,1.000000,0,-0
1.000000,1.000000,0,-0
1.000000,1.000000,0,-0
1.000000,1.000000,0,-0
1.000000,1.000000,0,-0
1.000000,1.000000,0,-0
1.000000,1.000000,0,-0
1.000000,1.000000,0,-0
1.000000,1.000000,0,-0
1.000000,1.000000,0,-0
1.000000,1.000000,0,-0
1.000000,1.000000,0,-0
1.000000,1.000000,0,-0
1.000000,1.000000,0,-0
1.000000,1.000000,0,-0
1.000000,1.000000,0,-0
1.000000,1.000000,0,-0
1.000000,1.000000,0,-0
1.000000,1.000000,0,-0
1.000000,1.000000,0,-0
1.000000,1.000000,0,-0
1.000000,1.000000,0,-0
1.000000,1.000000,0,-0
1.000000,1.000000,0,-0
1.000000,1.000000,0,-0
1.000000,1.000000,0,-0
1.000000,1.000000,0,-0
1.000000,1.000000,0,-0
1.000000,1.000000,0,-0
1.000000,1.000000,0,-0
1.000000,1.000000,0,-0
1.000000,1.000000,0,-0
1.000000,1.000000,0,-0
1.000000,1.000000,0,-0
1.000000,1.000000,0,-0
1.000000,1.000000,0,-0
1.000000,1.000000,0,-0
1.000000,1.000000,0,-0
1.000000,1.000000,0,-0
1.000000,1.000000,0,-0
1.000000,1.000000,0,-0
1.000000,1.000000,0,-0
1.000000,1.000000,0,-0
1.000000,1.000000,0,-0
1.000000,1.000000,0,-0
1.000000,1.000000,0,-0
1.000000,1.000000,0,-0
1.000000,1.000000,0,-0
1.000000,1.000000,0,-0
1.000000,1.000000,0,-0
1.000000,1.000000,0,-0
1.000000,1.000000,0,-0
1.000000,1.000000,0,-0
1.000000,1.000000,0,-0
1.000000,1.000000,0,-0
1.000000,1.000000,0,-0
1.000000,1.000000,0,-0
1.000000,1.000000,0,-0
1.000000,1.000000,0,-0
1.000000,1.000000,0,-0
1.000000,1.000000,0,-0
1.000000,1.000000,0,-0
1.000000,1.000000,0,-0
1.000000,1.000000,0,-0
1.000000,1.000000,0,-0
1.000000,1.000000,0,-0
1.000000,1.000000,0,-0
1.000000,1.000000,0,-0
1.000000,1.000000,0,-0
1.000000,1.000000,0,-0
1.000000,1.000000,0,-0
1.000000,1.000000,0,-0
1.000000,1.000000,0,-0
1.000000,1.000000,0,-0
1.000000,1.000000,0,-0
1.000000,1.000000,0,-0
1.000000,1.000000,0,-0
1.000000,1.000000,0,-0
1.000000,1.000000,0,-0
1.000000,1.000000,0,-0
1.000000,1.000000,0,-0
1.000000,1.000000,0,-0
1.000000,1.000000,0,-0
1.000000,1.000000,0,-0
1.000000,1.000000,0,-0
1.000000,1.000000,0,-0
1.000000,1.000000,0,-0
1.000000,1.000000,0,-0
1.000000,1.000000,0,-0
1.000000,1.000000,0,-0
1.000000,1.000000,0,-0
1.000000,1.000000,0,-0
1.000000,1.000000,0,-0
1.000000,1.000000,0,-0
1.000000,1.000000,0,-0
1.000000,1.000000,0,-0
1.000000,1.000000,0,-0
1.000000,1.000000,0,-0
1.000000,1.000000,0,-0
1.000000,1.000000,0,-0
1.000000,1.000000,0,-0
1.000000,1.000000,0,-0
1.000000,1.000000,0,-0
1.000000,1.000000,0,-0
1.000000,1.000000,0,-0
1.000000,1.000000,0,-0
1.000000,1.000000,0,-0
1.000000,1.000000,0,-0
1.000000,1.000000,0,-0
1.000000,1.000000,0,-0
1.000000,1.000000,0,-0
1.000000,1.000000,0,-0
1.000000,1.000000,0,-0
1.000000,1.000000,0,-0
1.000000,1.000000,0,-0
1.000000,1.000000,0,-0
1.000000,1.000000,0,-0
1.000000,1.000000,0,-0
1.000000,1.000000,0,-0
1.000000,1.000000,0,-0
1.000000,1.000000,0,-0
1.000000,1.000000,0,-0
1.000000,1.000000,0,-0
1.000000,1.000000,0,-0
1.000000,1.000000,0,-0
1.000000,1.000000,0,-0
1.000000,1.000000,0,-0
1.000000,1.000000,0,-0
1.000000,1.000000,0,-0
1.000000,1.000000,0,-0
1.000000,1.000000,0,-0
1.000000,1.000000,0,-0
1.000000,1.000000,0,-0
1.000000,1.000000,0,-0
1.000000,1.000000,0,-0
1.000000,1.000000,0,-0
1.000000,1.000000,0,-0
1.000000,1.000000,0,-0
1.000000,1.000000,0,-0
1.000000,1.000000,0,-0
1.000000,1.000000,0,-0
1.000000,1.000000,0,-0
1.000000,1.000000,0,-0
1.000000,1.000000,0,-0
1.000000,1.000000,0,-0
1.000000,1.000000,0,-0
1.000000,1.000000,0,-0
1.000000,1.000000,0,-0
1.000000,1.000000,0,-0
1.000000,1.000000,0,-0
1.000000,1.000000,0,-0
1.000000,1.000000,0,-0
1.000000,1.000000,0,-0
1.000000,1.000000,0,-0
1.000000,1.000000,0,-0
1.000000,1.000000,0,-0
1.000000,1.000000,0,-0
1.000000,1.000000,0,-0
1.000000,1.000000,0,-0
1.000000,1.000000,0,-0
1.000000,1.000000,0,-0
1.000000,1.000000,0,-0
1.000000,1.000000,0,-0
1.000000,1.000000,0,-0
1.000000,1.000000,0,-0
1.000000,1.000000,0,-0
1.000000,1.000000,0,-0
1.000000,1.000000,0,-0
1.000000,1.000000,0,-0
1.000000,1.000000,0,-0
1.000000,1.000000,0.6048,-0.6048
1.000000,1.000000,0.6048,-0.6048
1.000000,1.000000,0.6048,-0.6048
1.000000,1.000000,0.6048,-0.6048
1.000000,1.000000,0.6048,-0.6048
1.000000,1.000000,0.6048,-0.6048
0.899977,0.899977,0.6048,-0.6048
0.899977,0.899977,0.6048,-0.6048
0.979995,0.979995,0.6048,-0.6048
1.000000,1.000000,0,-0
1.000000,1.000000,0,-0
1.000000,1.000000,0,-0
1.000000,1.000000,0,-0
1.000000,1.000000,0,-0
1.000000,1.000000,0,-0
1.000000,1.000000,0,-0
1.000000,1.000000,0,-0
1.000000,1.000000,0,-0
1.000000,1.000000,0,-0
1.000000,1.000000,0,-0
1.000000,1.000000,0,-0
1.000000,1.000000,0,-0
1.000000,1.000000,0,-0
1.000000,1.000000,0,-0
1.000000,1.000000,0,-0
1.000000,1.000000,0,-0
1.000000,1.000000,0,-0
1.000000,1.000000,0,-0
1.000000,1.000000,0,-0
1.000000,1.000000,0,-0
1.000000,1.000000,0,-0
1.000000,1.000000,0,-0
1.000000,1.000000,0,-0
1.000000,1.000000,0,-0
1.000000,1.000000,0,-0
1.000000,1.000000,0,-0
1.000000,1.000000,0,-0
1.000000,1.000000,0,-0
1.000000,1.000000,0,-0
1.000000,1.000000,0,-0
1.000000,1.000000,0,-0
1.000000,1.000000,0,-0
1.000000,1.000000,0,-0
1.000000,1.000000,0,-0
1.000000,1.000000,0,-0
1.000000,1.000000,0,-0
1.000000,1.000000,0,-0
1.000000,1.000000,0,-0
1.000000,1.000000,0,-0
1.000000,1.000000,0,-0
1.000000,1.000000,0,-0
1.000000,1.000000,0,-0
1.000000,1.000000,0,-0
1.000000,1.000000,0,-0
1.000000,1.000000,0,-0
1.000000,1.000000,0,-0
1.000000,1.000000,0,-0
1.000000,1.000000,0,-0
1.000000,1.000000,0,-0
1.000000,1.000000,0,-0
1.000000,1.000000,0,-0
1.000000,1.000000,0,-0
1.000000,1.000000,0,-0
1.000000,1.000000,0,-0
1.000000,1.000000,0,-0
1.000000,1.000000,0,-0
1.000000,1.000000,0,-0
1.000000,1.000000,0,-0
1.000000,1.000000,0,-0
1.000000,1.000000,0,-0
1.000000,1.000000,0,-0
1.000000,1.000000,0,-0
1.000000,1.000000,0,-0
1.000000,1.000000,0,-0
1.000000,1.000000,0,-0
1.000000,1.000000,0,-0
1.000000,1.000000,0,-0
1.000000,1.000000,0,-0
1.000000,1.000000,0,-0
1.000000,1.000000,0,-0
1.000000,1.000000,0,-0
1.000000,1.000000,0,-0
1.000000,1.000000,0,-0
1.000000,1.000000,0,-0
1.000000,1.000000,0,-0
1.000000,1.000000,0,-0
1.000000,1.000000,0,-0
1.000000,1.000000,0,-0
1.000000,1.000000,0,-0
1.000000,1.000000,0,-0
1.000000,1.000000,0,-0
1.000000,1.000000,0,-0
1.000000,1.000000,0,-0
1.000000,1.000000,0,-0
1.000000,1.000000,0,-0
1.000000,1.000000,0,-0
1.000000,1.000000,0,-0
1.000000,1.000000,0,-0
1.000000,1.000000,0,-0
1.000000,1.000000,0,-0
1.000000,1.000000,0,-0
1.000000,1.000000,0,-0
1.000000,1.000000,0,-0
1.000000,1.000000,0,-0
1.000000,1.000000,0,-0
1.000000,1.000000,0,-0
1.000000,1.000000,0,-0
1.000000,1.000000,0,-0
1.000000,1.000000,0,-0
1.000000,1.000000,0,-0
1.000000,1.000000,0,-0
1.000000,1.000000,0,-0
1.000000,1.000000,0,-0
1.000000,1.000000,0,-0
1.000000,1.000000,0,-0
1.000000,1.000000,0,-0
1.000000,1.000000,0,-0
1.000000,1.000000,0,-0
1.000000,1.000000,0,-0
1.000000,1.000000,0,-0
1.000000,1.000000,0,-0
1.000000,1.000000,0,-0
1.000000,1.000000,0,-0
1.000000,1.000000,0,-0
1.000000,1.000000,0,-0
1.000000,1.000000,0,-0
1.000000,1.000000,0,-0
1.000000,1.000000,0,-0
1.000000,1.000000,0,-0
1.000000,1.000000,0,-0
1.000000,1.000000,0,-0
1.000000,1.000000,0,-0
1.000000,1.000000,0,-0
1.000000,1.000000,0,-0
1.000000,1.000000,0,-0
1.000000,1.000000,0,-0
1.000000,1.000000,0,-0
1.000000,1.000000,0,-0
1.000000,1.000000,0,-0
1.000000,1.000000,0,-0
1.000000,1.000000,0,-0
1.000000,1.000000,0,-0
1.000000,1.000000,0,-0
1.000000,1.000000,0,-0
1.000000,1.000000,0,-0
1.000000,1.000000,0,-0
1.000000,1.000000,0,-0
1.000000,1.000000,0,-0
1.000000,1.000000,0,-0
1.000000,1.000000,0,-0
1.000000,1.000000,0,-0
1.000000,1.000000,0,-0
1.000000,1.000000,0,-0
1.000000,1.000000,0,-0
1.000000,1.000000,0,-0
1.000000,1.000000,0,-0
1.000000,1.000000,0,-0
1.000000,1.000000,0,-0
1.000000,1.000000,0,-0
1.000000,1.000000,0,-0
1.000000,1.000000,0,-0
