0rest_m,1rest_m,0transf,1transf
1.000000,1.000000,0.6048,-0.6048
1.000000,1.000000,0.281663,-0.281663
1.000000,1.000000,0.281077,-0.281077
1.000000,1.000000,0.28049,-0.28049
1.000000,1.000000,0.279904,-0.279904
1.000000,1.000000,0.110595,-0.110595
1.000000,1.000000,0.109939,-0.109939
1.000000,1.000000,0.109283,-0.109283
1.000000,1.000000,0.108627,-0.108627
1.000000,1.000000,0.334766,-0.334766
1.000000,1.000000,0.334202,-0.334202
1.000000,1.000000,0.333638,-0.333638
1.000000,1.000000,0.333074,-0.333074
1.000000,1.000000,0.332509,-0.332509
1.000000,1.000000,0.276348,-0.276348
1.000000,1.000000,0.275761,-0.275761
1.000000,1.000000,0.275173,-0.275173
1.000000,1.000000,0.274586,-0.274586
1.000000,1.000000,0.295626,-0.295626
1.000000,1.000000,0.295047,-0.295047
1.000000,1.000000,0.294467,-0.294467
1.000000,1.000000,0.293888,-0.293888
1.000000,1.000000,0.216483,-0.216483
1.000000,1.000000,0.215872,-0.215872
1.000000,1.000000,0.21526,-0.21526
1.000000,1.000000,0.214649,-0.214649
1.000000,1.000000,0.214037,-0.214037
1.000000,1.000000,0.171115,-0.171115
1.000000,1.000000,0.170486,-0.170486
1.000000,1.000000,0.169856,-0.169856
1.000000,1.000000,0.169227,-0.169227
1.000000,1.000000,0.130828,-0.130828
1.000000,1.000000,0.130182,-0.130182
1.000000,1.000000,0.129537,-0.129537
1.000000,1.000000,0.128891,-0.128891
1.000000,1.000000,0,-0
1.000000,1.000000,0,-0
1.000000,1.000000,0,-0
1.000000,1.000000,0,-0
1.000000,1.000000,0,-0
1.000000,1.000000,0.0712358,-0.0712358
1.000000,1.000000,0.0705671,-0.0705671
1.000000,1.000000,0.0698984,-0.0698984
1.000000,1.000000,0.0692295,-0.0692295
1.000000,1.000000,0.14428,-0.14428
1.000000,1.000000,0.143641,-0.143641
1.000000,1.000000,0.143003,-0.143003
1.000000,1.000000,0.142364,-0.142364
1.000000,1.000000,0.299683,-0.299683
1.000000,1.000000,0.299108,-0.299108
1.000000,1.000000,0.298533,-0.298533
1.000000,1.000000,0.297958,-0.297958
1.000000,1.000000,0.297382,-0.297382
1.000000,1.000000,0.250986,-0.250986
1.000000,1.000000,0.250411,-0.250411
1.000000,1.000000,0.249835,-0.249835
1.000000,1.000000,0.249258,-0.249258
1.000000,1.000000,0.0763588,-0.0763588
1.000000,1.000000,0.0757146,-0.0757146
1.000000,1.000000,0.0750701,-0.0750701
1.000000,1.000000,0.0744256,-0.0744256
1.000000,1.000000,0.305405,-0.305405
1.000000,1.000000,0.304851,-0.304851
1.000000,1.000000,0.304297,-0.304297
1.000000,1.000000,0.303743,-0.303743
1.000000,1.000000,0.303188,-0.303188
1.000000,1.000000,0.245859,-0.245859
1.000000,1.000000,0.245282,-0.245282
1.000000,1.000000,0.244705,-0.244705
1.000000,1.000000,0.244128,-0.244128
1.000000,1.000000,0.265636,-0.265636
1.000000,1.000000,0.265067,-0.265067
1.000000,1.000000,0.264499,-0.264499
1.000000,1.000000,0.263929,-0.263929
1.000000,1.000000,0.184916,-0.184916
1.000000,1.000000,0.184316,-0.184316
1.000000,1.000000,0.183716,-0.183716
1.000000,1.000000,0.183115,-0.183115
1.000000,1.000000,0.182515,-0.182515
1.000000,1.000000,0.138715,-0.138715
1.000000,1.000000,0.138098,-0.138098
1.000000,1.000000,0.13748,-0.13748
1.000000,1.000000,0.136862,-0.136862
1.000000,1.000000,0.0976833,-0.0976833
1.000000,1.000000,0.0970498,-0.0970498
1.000000,1.000000,0.0964162,-0.0964162
1.000000,1.000000,0.0957825,-0.0957825
1.000000,1.000000,0,-0
1.000000,1.000000,0,-0
1.000000,1.000000,0,-0
1.000000,1.000000,0,-0
1.000000,1.000000,0,-0
1.000000,1.000000,0.0370797,-0.0370797
1.000000,1.000000,0.0364233,-0.0364233
1.000000,1.000000,0.0357668,-0.0357668
1.000000,1.000000,0.0351101,-0.0351101
1.000000,1.000000,0.111742,-0.111742
1.000000,1.000000,0.111115,-0.111115
1.000000,1.000000,0.110488,-0.110488
1.000000,1.000000,0.109861,-0.109861
1.000000,1.000000,0.270455,-0.270455
1.000000,1.000000,0.269891,-0.269891
1.000000,1.000000,0.269327,-0.269327
1.000000,1.000000,0.268762,-0.268762
1.000000,1.000000,0.268197,-0.268197
1.000000,1.000000,0.22087,-0.22087
1.000000,1.000000,0.220305,-0.220305
1.000000,1.000000,0.219741,-0.219741
1.000000,1.000000,0.219177,-0.219177
1.000000,1.000000,0.0427537,-0.0427537
1.000000,1.000000,0.0421226,-0.0421226
1.000000,1.000000,0.0414915,-0.0414915
1.000000,1.000000,0.0408602,-0.0408602
1.000000,1.000000,0.27659,-0.27659
1.000000,1.000000,0.276047,-0.276047
1.000000,1.000000,0.275505,-0.275505
1.000000,1.000000,0.274962,-0.274962
1.000000,1.000000,0.274419,-0.274419
1.000000,1.000000,0.215944,-0.215944
1.000000,1.000000,0.215379,-0.215379
1.000000,1.000000,0.214814,-0.214814
1.000000,1.000000,0.214249,-0.214249
1.000000,1.000000,0.236218,-0.236218
1.000000,1.000000,0.235661,-0.235661
1.000000,1.000000,0.235104,-0.235104
1.000000,1.000000,0.234547,-0.234547
1.000000,1.000000,0.153957,-0.153957
1.000000,1.000000,0.153369,-0.153369
1.000000,1.000000,0.152781,-0.152781
1.000000,1.000000,0.152193,-0.152193
1.000000,1.000000,0.151605,-0.151605
1.000000,1.000000,0.106947,-0.106947
1.000000,1.000000,0.106342,-0.106342
1.000000,1.000000,0.105737,-0.105737
1.000000,1.000000,0.105132,-0.105132
1.000000,1.000000,0.0651914,-0.0651914
1.000000,1.000000,0.0645711,-0.0645711
1.000000,1.000000,0.0639506,-0.0639506
1.000000,1.000000,0.06333,-0.06333
1.000000,1.000000,0,-0
1.000000,1.000000,0,-0
1.000000,1.000000,0,-0
1.000000,1.000000,0,-0
1.000000,1.000000,0,-0
1.000000,1.000000,0.00361084,-0.00361084
1.000000,1.000000,0.00296818,-0.00296818
1.000000,1.000000,0.00232541,-0.00232541
1.000000,1.000000,0.00168239,-0.00168239
1.000000,1.000000,0.0798653,-0.0798653
1.000000,1.000000,0.0792516,-0.0792516
1.000000,1.000000,0.0786378,-0.0786378
1.000000,1.000000,0.0780238,-0.0780238
1.000000,1.000000,0.241828,-0.241828
1.000000,1.000000,0.241275,-0.241275
1.000000,1.000000,0.240723,-0.240723
1.000000,1.000000,0.24017,-0.24017
1.000000,1.000000,0.239617,-0.239617
1.000000,1.000000,0.191378,-0.191378
1.000000,1.000000,0.190826,-0.190826
1.000000,1.000000,0.190275,-0.190275
1.000000,1.000000,0.189723,-0.189723
1.000000,1.000000,0.00985097,-0.00985097
1.000000,1.000000,0.00923418,-0.00923418
1.000000,1.000000,0.00861727,-0.00861727
1.000000,1.000000,0.00800025,-0.00800025
1.000000,1.000000,0.248381,-0.248381
1.000000,1.000000,0.247851,-0.247851
1.000000,1.000000,0.247321,-0.247321
1.000000,1.000000,0.246791,-0.246791
1.000000,1.000000,0.24626,-0.24626
1.000000,1.000000,0.186666,-0.186666
1.000000,1.000000,0.186113,-0.186113
1.000000,1.000000,0.185561,-0.185561
1.000000,1.000000,0.185009,-0.185009
1.000000,1.000000,0.207429,-0.207429
1.000000,1.000000,0.206885,-0.206885
1.000000,1.000000,0.20634,-0.20634
1.000000,1.000000,0.205796,-0.205796
1.000000,1.000000,0.123665,-0.123665
1.000000,1.000000,0.123091,-0.123091
1.000000,1.000000,0.122516,-0.122516
1.000000,1.000000,0.121942,-0.121942
1.000000,1.000000,0.121367,-0.121367
1.000000,1.000000,0.0758701,-0.0758701
1.000000,1.000000,0.075279,-0.075279
1.000000,1.000000,0.0746877,-0.0746877
1.000000,1.000000,0.0740962,-0.0740962
1.000000,1.000000,0.0334115,-0.0334115
1.000000,1.000000,0.0328053,-0.0328053
1.000000,1.000000,0.032199,-0.032199
1.000000,1.000000,0.0315925,-0.0315925
1.000000,1.000000,0,-0
1.000000,1.000000,0,-0
1.000000,1.000000,0,-0
1.000000,1.000000,0,-0
1.000000,1.000000,0,-0
1.000000,1.000000,0,-0
1.000000,1.000000,0,-0
1.000000,1.000000,0,-0
1.000000,1.000000,0,-0
1.000000,1.000000,0.0487035,-0.0487035
1.000000,1.000000,0.0481039,-0.0481039
1.000000,1.000000,0.0475042,-0.0475042
1.000000,1.000000,0.0469042,-0.0469042
1.000000,1.000000,0.213847,-0.213847
1.000000,1.000000,0.213307,-0.213307
1.000000,1.000000,0.212767,-0.212767
1.000000,1.000000,0.212227,-0.212227
1.000000,1.000000,0.211686,-0.211686
1.000000,1.000000,0.162557,-0.162557
1.000000,1.000000,0.162019,-0.162019
1.000000,1.000000,0.161481,-0.161481
1.000000,1.000000,0.160943,-0.160943
1.000000,1.000000,0,-0
1.000000,1.000000,0,-0
1.000000,1.000000,0,-0
1.000000,1.000000,0,-0
1.000000,1.000000,0.220823,-0.220823
1.000000,1.000000,0.220306,-0.220306
1.000000,1.000000,0.219788,-0.219788
1.000000,1.000000,0.219271,-0.219271
1.000000,1.000000,0.218753,-0.218753
1.000000,1.000000,0.158066,-0.158066
1.000000,1.000000,0.157527,-0.157527
1.000000,1.000000,0.156988,-0.156988
1.000000,1.000000,0.156449,-0.156449
1.000000,1.000000,0.179312,-0.179312
1.000000,1.000000,0.178781,-0.178781
1.000000,1.000000,0.17825,-0.17825
1.000000,1.000000,0.177718,-0.177718
1.000000,1.000000,0.0940837,-0.0940837
1.000000,1.000000,0.0935234,-0.0935234
1.000000,1.000000,0.092963,-0.092963
1.000000,1.000000,0.0924024,-0.0924024
1.000000,1.000000,0.0918417,-0.0918417
1.000000,1.000000,0.0455271,-0.0455271
1.000000,1.000000,0.0449504,-0.0449504
1.000000,1.000000,0.0443735,-0.0443735
1.000000,1.000000,0.0437965,-0.0437965
1.000000,1.000000,0.0023862,-0.0023862
1.000000,1.000000,0.00179481,-0.00179481
1.000000,1.000000,0.00120341,-0.00120341
1.000000,1.000000,0.000611773,-0.000611773
1.000000,1.000000,0,-0
1.000000,1.000000,0,-0
1.000000,1.000000,0,-0
1.000000,1.000000,0,-0
1.000000,1.000000,0,-0
1.000000,1.000000,0,-0
1.000000,1.000000,0,-0
1.000000,1.000000,0,-0
1.000000,1.000000,0,-0
1.000000,1.000000,0.018295,-0.018295
1.000000,1.000000,0.0177102,-0.0177102
1.000000,1.000000,0.0171252,-0.0171252
1.000000,1.000000,0.01654,-0.01654
1.000000,1.000000,0.186546,-0.186546
1.000000,1.000000,0.186019,-0.186019
1.000000,1.000000,0.185493,-0.185493
1.000000,1.000000,0.184966,-0.184966
1.000000,1.000000,0.184439,-0.184439
1.000000,1.000000,0.134442,-0.134442
1.000000,1.000000,0.133918,-0.133918
1.000000,1.000000,0.133394,-0.133394
1.000000,1.000000,0.132869,-0.132869
1.000000,1.000000,0,-0
1.000000,1.000000,0,-0
1.000000,1.000000,0,-0
1.000000,1.000000,0,-0
1.000000,1.000000,0.193944,-0.193944
1.000000,1.000000,0.19344,-0.19344
1.000000,1.000000,0.192936,-0.192936
1.000000,1.000000,0.192432,-0.192432
1.000000,1.000000,0.191928,-0.191928
1.000000,1.000000,0.130175,-0.130175
1.000000,1.000000,0.12965,-0.12965
1.000000,1.000000,0.129125,-0.129125
1.000000,1.000000,0.1286,-0.1286
1.000000,1.000000,0.151895,-0.151895
1.000000,1.000000,0.151378,-0.151378
1.000000,1.000000,0.15086,-0.15086
1.000000,1.000000,0.150342,-0.150342
1.000000,1.000000,0.0652419,-0.0652419
1.000000,1.000000,0.0646961,-0.0646961
1.000000,1.000000,0.0641501,-0.0641501
1.000000,1.000000,0.063604,-0.063604
1.000000,1.000000,0.0630578,-0.0630578
1.000000,1.000000,0.0159465,-0.0159465
1.000000,1.000000,0.0153847,-0.0153847
1.000000,1.000000,0.0148227,-0.0148227
1.000000,1.000000,0.0142606,-0.0142606
1.000000,1.000000,0,-0
1.000000,1.000000,0,-0
1.000000,1.000000,0,-0
1.000000,1.000000,0,-0
1.000000,1.000000,0,-0
1.000000,1.000000,0,-0
1.000000,1.000000,0,-0
1.000000,1.000000,0,-0
1.000000,1.000000,0,-0
1.000000,1.000000,0,-0
1.000000,1.000000,0,-0
1.000000,1.000000,0,-0
1.000000,1.000000,0,-0
1.000000,1.000000,0,-0
1.000000,1.000000,0,-0
1.000000,1.000000,0,-0
1.000000,1.000000,0,-0
1.000000,1.000000,0.159946,-0.159946
1.000000,1.000000,0.159433,-0.159433
1.000000,1.000000,0.15892,-0.15892
1.000000,1.000000,0.158407,-0.158407
1.000000,1.000000,0.157894,-0.157894
1.000000,1.000000,0.6048,-0.6048
1.000000,1.000000,0.6048,-0.6048
1.000000,1.000000,0.6048,-0.6048
1.000000,1.000000,0.6048,-0.6048
1.000000,1.000000,0.6048,-0.6048
1.000000,1.000000,0.6048,-0.6048
1.000000,1.000000,0.6048,-0.6048
1.000000,1.000000,0.6048,-0.6048
1.000000,1.000000,0.6048,-0.6048
1.000000,1.000000,0.6048,-0.6048
1.000000,1.000000,0.6048,-0.6048
1.000000,1.000000,0.6048,-0.6048
1.000000,1.000000,0.6048,-0.6048
1.000000,1.000000,0.6048,-0.6048
1.000000,1.000000,0.6048,-0.6048
1.000000,1.000000,0.6048,-0.6048
1.000000,1.000000,0.6048,-0.6048
1.000000,1.000000,0.6048,-0.6048
1.000000,1.000000,0.6048,-0.6048
1.000000,1.000000,0.6048,-0.6048
1.000000,1.000000,0.6048,-0.6048
1.000000,1.000000,0.6048,-0.6048
1.000000,1.000000,0.6048,-0.6048
1.000000,1.000000,0.6048,-0.6048
1.000000,1.000000,0.6048,-0.6048
1.000000,1.000000,0.6048,-0.6048
1.000000,1.000000,0.6048,-0.6048
1.000000,1.000000,0.6048,-0.6048
1.000000,1.000000,0.6048,-0.6048
1.000000,1.000000,0.6048,-0.6048
1.000000,1.000000,0.6048,-0.6048
1.000000,1.000000,0.6048,-0.6048
1.000000,1.000000,0.6048,-0.6048
1.000000,1.000000,0.6048,-0.6048
0.977321,0.977321,0,-0
0.977321,0.977321,0,-0
0.977321,0.977321,0,-0
0.977321,0.977321,0,-0
0.977321,0.977321,0,-0
1.000000,1.000000,0.505028,-0.505028
1.000000,1.000000,0.597259,-0.597259
1.000000,1.000000,0.596679,-0.596679
1.000000,1.000000,0.596099,-0.596099
1.000000,1.000000,0.595518,-0.595518
1.000000,1.000000,0.6048,-0.6048
1.000000,1.000000,0.6048,-0.6048
1.000000,1.000000,0.6048,-0.6048
1.000000,1.000000,0.6048,-0.6048
1.000000,1.000000,0.6048,-0.6048
1.000000,1.000000,0.6048,-0.6048
1.000000,1.000000,0.6048,-0.6048
1.000000,1.000000,0.6048,-0.6048
1.000000,1.000000,0.6048,-0.6048
1.000000,1.000000,0.6048,-0.6048
1.000000,1.000000,0.6048,-0.6048
1.000000,1.000000,0.6048,-0.6048
1.000000,1.000000,0.6048,-0.6048
1.000000,1.000000,0.6048,-0.6048
1.000000,1.000000,0.6048,-0.6048
1.000000,1.000000,0.604702,-0.604702
1.000000,1.000000,0.604148,-0.604148
1.000000,1.000000,0.6048,-0.6048
1.000000,1.000000,0.6048,-0.6048
1.000000,1.000000,0.6048,-0.6048
1.000000,1.000000,0.6048,-0.6048
1.000000,1.000000,0.6048,-0.6048
1.000000,1.000000,0.6048,-0.6048
1.000000,1.000000,0.6048,-0.6048
1.000000,1.000000,0.6048,-0.6048
1.000000,1.000000,0.6048,-0.6048
1.000000,1.000000,0.6048,-0.6048
1.000000,1.000000,0.6048,-0.6048
1.000000,1.000000,0.6048,-0.6048
1.000000,1.000000,0.6048,-0.6048
1.000000,1.000000,0.6048,-0.6048
1.000000,1.000000,0.6048,-0.6048
1.000000,1.000000,0.6048,-0.6048
1.000000,1.000000,0.6048,-0.6048
1.000000,1.000000,0.6048,-0.6048
1.000000,1.000000,0.6048,-0.6048
1.000000,1.000000,0.6048,-0.6048
1.000000,1.000000,0.6048,-0.6048
1.000000,1.000000,0.6048,-0.6048
1.000000,1.000000,0.6048,-0.6048
1.000000,1.000000,0.6048,-0.6048
1.000000,1.000000,0.6048,-0.6048
1.000000,1.000000,0.6048,-0.6048
1.000000,1.000000,0.476487,-0.476487
1.000000,1.000000,0.475897,-0.475897
1.000000,1.000000,0.475306,-0.475306
1.000000,1.000000,0.474714,-0.474714
1.000000,1.000000,0.474123,-0.474123
1.000000,1.000000,0.567858,-0.567858
1.000000,1.000000,0.567295,-0.567295
1.000000,1.000000,0.566732,-0.566732
1.000000,1.000000,0.566169,-0.566169
1.000000,1.000000,0.6048,-0.6048
1.000000,1.000000,0.6048,-0.6048
1.000000,1.000000,0.6048,-0.6048
1.000000,1.000000,0.6048,-0.6048
1.000000,1.000000,0.6048,-0.6048
1.000000,1.000000,0.6048,-0.6048
1.000000,1.000000,0.6048,-0.6048
1.000000,1.000000,0.6048,-0.6048
1.000000,1.000000,0.6048,-0.6048
1.000000,1.000000,0.6048,-0.6048
1.000000,1.000000,0.6048,-0.6048
1.000000,1.000000,0.6048,-0.6048
1.000000,1.000000,0.6048,-0.6048
1.000000,1.000000,0.57699,-0.57699
1.000000,1.000000,0.576454,-0.576454
1.000000,1.000000,0.575917,-0.575917
1.000000,1.000000,0.57538,-0.57538
1.000000,1.000000,0.6048,-0.6048
1.000000,1.000000,0.6048,-0.6048
1.000000,1.000000,0.6048,-0.6048
1.000000,1.000000,0.6048,-0.6048
1.000000,1.000000,0.6048,-0.6048
1.000000,1.000000,0.6048,-0.6048
1.000000,1.000000,0.6048,-0.6048
1.000000,1.000000,0.6048,-0.6048
1.000000,1.000000,0.6048,-0.6048
1.000000,1.000000,0.6048,-0.6048
1.000000,1.000000,0.6048,-0.6048
1.000000,1.000000,0.6048,-0.6048
1.000000,1.000000,0.6048,-0.6048
1.000000,1.000000,0.6048,-0.6048
1.000000,1.000000,0.6048,-0.6048
1.000000,1.000000,0.6048,-0.6048
1.000000,1.000000,0.6048,-0.6048
1.000000,1.000000,0.6048,-0.6048
1.000000,1.000000,0.6048,-0.6048
1.000000,1.000000,0.6048,-0.6048
1.000000,1.000000,0.6048,-0.6048
1.000000,1.000000,0.6048,-0.6048
1.000000,1.000000,0.6048,-0.6048
1.000000,1.000000,0.6048,-0.6048
1.000000,1.000000,0.6048,-0.6048
1.000000,1.000000,0.604538,-0.604538
1.000000,1.000000,0.446457,-0.446457
1.000000,1.000000,0.445885,-0.445885
1.000000,1.000000,0.445312,-0.445312
1.000000,1.000000,0.444739,-0.444739
1.000000,1.000000,0.444166,-0.444166
1.000000,1.000000,0.53936,-0.53936
1.000000,1.000000,0.538815,-0.538815
1.000000,1.000000,0.538269,-0.538269
1.000000,1.000000,0.537724,-0.537724
1.000000,1.000000,0.6048,-0.6048
1.000000,1.000000,0.6048,-0.6048
1.000000,1.000000,0.6048,-0.6048
1.000000,1.000000,0.6048,-0.6048
1.000000,1.000000,0.6048,-0.6048
1.000000,1.000000,0.6048,-0.6048
1.000000,1.000000,0.6048,-0.6048
1.000000,1.000000,0.6048,-0.6048
1.000000,1.000000,0.6048,-0.6048
1.000000,1.000000,0.6048,-0.6048
1.000000,1.000000,0.6048,-0.6048
1.000000,1.000000,0.6048,-0.6048
1.000000,1.000000,0.6048,-0.6048
1.000000,1.000000,0.549071,-0.549071
1.000000,1.000000,0.548552,-0.548552
1.000000,1.000000,0.548032,-0.548032
1.000000,1.000000,0.547513,-0.547513
1.000000,1.000000,0.6048,-0.6048
1.000000,1.000000,0.6048,-0.6048
1.000000,1.000000,0.6048,-0.6048
1.000000,1.000000,0.6048,-0.6048
1.000000,1.000000,0.6048,-0.6048
1.000000,1.000000,0.6048,-0.6048
1.000000,1.000000,0.6048,-0.6048
1.000000,1.000000,0.6048,-0.6048
1.000000,1.000000,0.6048,-0.6048
1.000000,1.000000,0.6048,-0.6048
1.000000,1.000000,0.6048,-0.6048
1.000000,1.000000,0.6048,-0.6048
1.000000,1.000000,0.6048,-0.6048
1.000000,1.000000,0.6048,-0.6048
1.000000,1.000000,0.6048,-0.6048
1.000000,1.000000,0.6048,-0.6048
1.000000,1.000000,0.6048,-0.6048
1.000000,1.000000,0.6048,-0.6048
1.000000,1.000000,0.6048,-0.6048
1.000000,1.000000,0.6048,-0.6048
1.000000,1.000000,0.6048,-0.6048
1.000000,1.000000,0.6048,-0.6048
1.000000,1.000000,0.579286,-0.579286
1.000000,1.000000,0.578776,-0.578776
1.000000,1.000000,0.578267,-0.578267
1.000000,1.000000,0.577757,-0.577757
1.000000,1.000000,0.417389,-0.417389
1.000000,1.000000,0.416835,-0.416835
1.000000,1.000000,0.416282,-0.416282
1.000000,1.000000,0.415727,-0.415727
1.000000,1.000000,0.415173,-0.415173
1.000000,1.000000,0.51178,-0.51178
1.000000,1.000000,0.511252,-0.511252
1.000000,1.000000,0.510725,-0.510725
1.000000,1.000000,0.510197,-0.510197
1.000000,1.000000,0.598207,-0.598207
1.000000,1.000000,0.597703,-0.597703
1.000000,1.000000,0.597199,-0.597199
1.000000,1.000000,0.596695,-0.596695
1.000000,1.000000,0.6048,-0.6048
1.000000,1.000000,0.6048,-0.6048
1.000000,1.000000,0.6048,-0.6048
1.000000,1.000000,0.6048,-0.6048
1.000000,1.000000,0.6048,-0.6048
1.000000,1.000000,0.6048,-0.6048
1.000000,1.000000,0.6048,-0.6048
1.000000,1.000000,0.6048,-0.6048
1.000000,1.000000,0.6048,-0.6048
1.000000,1.000000,0.522059,-0.522059
1.000000,1.000000,0.521556,-0.521556
1.000000,1.000000,0.521053,-0.521053
1.000000,1.000000,0.520551,-0.520551
1.000000,1.000000,0.6048,-0.6048
1.000000,1.000000,0.6048,-0.6048
1.000000,1.000000,0.6048,-0.6048
1.000000,1.000000,0.6048,-0.6048
1.000000,1.000000,0.6048,-0.6048
1.000000,1.000000,0.6048,-0.6048
1.000000,1.000000,0.6048,-0.6048
1.000000,1.000000,0.6048,-0.6048
1.000000,1.000000,0.6048,-0.6048
1.000000,1.000000,0.6048,-0.6048
1.000000,1.000000,0.6048,-0.6048
1.000000,1.000000,0.6048,-0.6048
1.000000,1.000000,0.6048,-0.6048
1.000000,1.000000,0.6048,-0.6048
1.000000,1.000000,0.6048,-0.6048
1.000000,1.000000,0.6048,-0.6048
1.000000,1.000000,0.6048,-0.6048
1.000000,1.000000,0.6048,-0.6048
1.000000,1.000000,0.600102,-0.600102
1.000000,1.000000,0.599621,-0.599621
1.000000,1.000000,0.599139,-0.599139
1.000000,1.000000,0.598658,-0.598658
1.000000,1.000000,0.553318,-0.553318
1.000000,1.000000,0.552824,-0.552824
1.000000,1.000000,0.552331,-0.552331
1.000000,1.000000,0.551838,-0.551838
1.000000,1.000000,0.389256,-0.389256
1.000000,1.000000,0.38872,-0.38872
1.000000,1.000000,0.388184,-0.388184
1.000000,1.000000,0.387647,-0.387647
1.000000,1.000000,0.387111,-0.387111
1.000000,1.000000,0.485085,-0.485085
1.000000,1.000000,0.484574,-0.484574
1.000000,1.000000,0.484063,-0.484063
1.000000,1.000000,0.483552,-0.483552
1.000000,1.000000,0.572804,-0.572804
1.000000,1.000000,0.572317,-0.572317
1.000000,1.000000,0.571829,-0.571829
1.000000,1.000000,0.571341,-0.571341
1.000000,1.000000,0.6048,-0.6048
1.000000,1.000000,0.6048,-0.6048
1.000000,1.000000,0.6048,-0.6048
1.000000,1.000000,0.6048,-0.6048
1.000000,1.000000,0.6048,-0.6048
1.000000,1.000000,0.6048,-0.6048
1.000000,1.000000,0.6048,-0.6048
1.000000,1.000000,0.6048,-0.6048
1.000000,1.000000,0.6048,-0.6048
1.000000,1.000000,0.495909,-0.495909
1.000000,1.000000,0.495422,-0.495422
1.000000,1.000000,0.494935,-0.494935
1.000000,1.000000,0.494448,-0.494448
1.000000,1.000000,0.6048,-0.6048
1.000000,1.000000,0.6048,-0.6048
1.000000,1.000000,0.6048,-0.6048
1.000000,1.000000,0.6048,-0.6048
1.000000,1.000000,0.6048,-0.6048
1.000000,1.000000,0.6048,-0.6048
1.000000,1.000000,0.6048,-0.6048
1.000000,1.000000,0.6048,-0.6048
1.000000,1.000000,0.6048,-0.6048
1.000000,1.000000,0.6048,-0.6048
1.000000,1.000000,0.6048,-0.6048
1.000000,1.000000,0.6048,-0.6048
1.000000,1.000000,0.6048,-0.6048
1.000000,1.000000,0.6048,-0.6048
1.000000,1.000000,0.6048,-0.6048
1.000000,1.000000,0.6048,-0.6048
1.000000,1.000000,0.6048,-0.6048
1.000000,1.000000,0.6048,-0.6048
1.000000,1.000000,0.575497,-0.575497
1.000000,1.000000,0.575031,-0.575031
1.000000,1.000000,0.574565,-0.574565
1.000000,1.000000,0.574099,-0.574099
1.000000,1.000000,0.528174,-0.528174
1.000000,1.000000,0.527696,-0.527696
1.000000,1.000000,0.527219,-0.527219
1.000000,1.000000,0.526741,-0.526741
1.000000,1.000000,0.362016,-0.362016
1.000000,1.000000,0.361497,-0.361497
1.000000,1.000000,0.360978,-0.360978
1.000000,1.000000,0.360458,-0.360458
1.000000,1.000000,0.359939,-0.359939
1.000000,1.000000,0.459236,-0.459236
1.000000,1.000000,0.458742,-0.458742
1.000000,1.000000,0.458247,-0.458247
1.000000,1.000000,0.457752,-0.457752
1.000000,1.000000,0.548207,-0.548207
1.000000,1.000000,0.547735,-0.547735
1.000000,1.000000,0.547263,-0.547263
1.000000,1.000000,0.54679,-0.54679
1.000000,1.000000,0.6048,-0.6048
1.000000,1.000000,0.6048,-0.6048
1.000000,1.000000,0.6048,-0.6048
1.000000,1.000000,0.6048,-0.6048
1.000000,1.000000,0.6048,-0.6048
1.000000,1.000000,0.6048,-0.6048
1.000000,1.000000,0.6048,-0.6048
1.000000,1.000000,0.6048,-0.6048
1.000000,1.000000,0.6048,-0.6048
1.000000,1.000000,0.6048,-0.6048
1.000000,1.000000,0.47059,-0.47059
1.000000,1.000000,0.470119,-0.470119
1.000000,1.000000,0.469649,-0.469649
1.000000,1.000000,0.469178,-0.469178
1.000000,1.000000,0.6048,-0.6048
1.000000,1.000000,0.6048,-0.6048
1.000000,1.000000,0.6048,-0.6048
1.000000,1.000000,0.6048,-0.6048
1.000000,1.000000,0.6048,-0.6048
1.000000,1.000000,0.6048,-0.6048
1.000000,1.000000,0.6048,-0.6048
1.000000,1.000000,0.6048,-0.6048
1.000000,1.000000,0.6048,-0.6048
1.000000,1.000000,0.6048,-0.6048
1.000000,1.000000,0.6048,-0.6048
1.000000,1.000000,0.6048,-0.6048
1.000000,1.000000,0.6048,-0.6048
1.000000,1.000000,0.6048,-0.6048
1.000000,1.000000,0.6048,-0.6048
1.000000,1.000000,0.604615,-0.604615
1.000000,1.000000,0.604177,-0.604177
1.000000,1.000000,0.603739,-0.603739
1.000000,1.000000,0.551692,-0.551692
1.000000,1.000000,0.551242,-0.551242
1.000000,1.000000,0.550791,-0.550791
1.000000,1.000000,0.550341,-0.550341
1.000000,1.000000,0.503851,-0.503851
1.000000,1.000000,0.50339,-0.50339
1.000000,1.000000,0.502928,-0.502928
1.000000,1.000000,0.502466,-0.502466
1.000000,1.000000,0.335668,-0.335668
1.000000,1.000000,0.335166,-0.335166
1.000000,1.000000,0.334664,-0.334664
1.000000,1.000000,0.334163,-0.334163
1.000000,1.000000,0.33366,-0.33366
1.000000,1.000000,0.434239,-0.434239
1.000000,1.000000,0.433761,-0.433761
1.000000,1.000000,0.433283,-0.433283
1.000000,1.000000,0.432805,-0.432805
1.000000,1.000000,0.524423,-0.524423
1.000000,1.000000,0.523966,-0.523966
1.000000,1.000000,0.52351,-0.52351
1.000000,1.000000,0.523054,-0.523054
1.000000,1.000000,0.6048,-0.6048
1.000000,1.000000,0.6048,-0.6048
1.000000,1.000000,0.6048,-0.6048
1.000000,1.000000,0.6048,-0.6048
1.000000,1.000000,0.6048,-0.6048
1.000000,1.000000,0.6048,-0.6048
1.000000,1.000000,0.6048,-0.6048
1.000000,1.000000,0.6048,-0.6048
1.000000,1.000000,0.6048,-0.6048
1.000000,1.000000,0.446119,-0.446119
1.000000,1.000000,0.445665,-0.445665
1.000000,1.000000,0.44521,-0.44521
1.000000,1.000000,0.444756,-0.444756
1.000000,1.000000,0.6048,-0.6048
1.000000,1.000000,0.6048,-0.6048
1.000000,1.000000,0.6048,-0.6048
1.000000,1.000000,0.6048,-0.6048
1.000000,1.000000,0.6048,-0.6048
1.000000,1.000000,0.6048,-0.6048
1.000000,1.000000,0.6048,-0.6048
1.000000,1.000000,0.6048,-0.6048
1.000000,1.000000,0.6048,-0.6048
1.000000,1.000000,0.6048,-0.6048
1.000000,1.000000,0.6048,-0.6048
1.000000,1.000000,0.6048,-0.6048
1.000000,1.000000,0.6048,-0.6048
1.000000,1.000000,0.583052,-0.583052
1.000000,1.000000,0.582629,-0.582629
1.000000,1.000000,0.582207,-0.582207
1.000000,1.000000,0.581784,-0.581784
1.000000,1.000000,0.581362,-0.581362
1.000000,1.000000,0.528699,-0.528699
1.000000,1.000000,0.528265,-0.528265
1.000000,1.000000,0.52783,-0.52783
1.000000,1.000000,0.527395,-0.527395
1.000000,1.000000,0.480361,-0.480361
1.000000,1.000000,0.479915,-0.479915
1.000000,1.000000,0.47947,-0.47947
1.000000,1.000000,0.479024,-0.479024
1.000000,1.000000,0.310226,-0.310226
1.000000,1.000000,0.309741,-0.309741
1.000000,1.000000,0.309257,-0.309257
1.000000,1.000000,0.308773,-0.308773
1.000000,1.000000,0.308288,-0.308288
1.000000,1.000000,0.410104,-0.410104
1.000000,1.000000,0.409643,-0.409643
1.000000,1.000000,0.409181,-0.409181
1.000000,1.000000,0.40872,-0.40872
1.000000,1.000000,0.501462,-0.501462
1.000000,1.000000,0.501022,-0.501022
1.000000,1.000000,0.500581,-0.500581
1.000000,1.000000,0.500141,-0.500141
1.000000,1.000000,0.6048,-0.6048
1.000000,1.000000,0.6048,-0.6048
1.000000,1.000000,0.6048,-0.6048
1.000000,1.000000,0.6048,-0.6048
1.000000,1.000000,0.6048,-0.6048
1.000000,1.000000,0.6048,-0.6048
1.000000,1.000000,0.6048,-0.6048
1.000000,1.000000,0.6048,-0.6048
1.000000,1.000000,0.6048,-0.6048
1.000000,1.000000,0.422506,-0.422506
1.000000,1.000000,0.422068,-0.422068
1.000000,1.000000,0.421631,-0.421631
1.000000,1.000000,0.421193,-0.421193
1.000000,1.000000,0.6048,-0.6048
1.000000,1.000000,0.6048,-0.6048
1.000000,1.000000,0.6048,-0.6048
1.000000,1.000000,0.6048,-0.6048
1.000000,1.000000,0.6048,-0.6048
1.000000,1.000000,0.6048,-0.6048
1.000000,1.000000,0.6048,-0.6048
1.000000,1.000000,0.6048,-0.6048
1.000000,1.000000,0.6048,-0.6048
1.000000,1.000000,0.6048,-0.6048
1.000000,1.000000,0.6048,-0.6048
1.000000,1.000000,0.6048,-0.6048
1.000000,1.000000,0.6048,-0.6048
1.000000,1.000000,0.561415,-0.561415
1.000000,1.000000,0.561008,-0.561008
1.000000,1.000000,0.560601,-0.560601
1.000000,1.000000,0.560194,-0.560194
1.000000,1.000000,0.559787,-0.559787
1.000000,1.000000,0.506533,-0.506533
1.000000,1.000000,0.506114,-0.506114
1.000000,1.000000,0.505695,-0.505695
1.000000,1.000000,0.505277,-0.505277
1.000000,1.000000,0.457718,-0.457718
1.000000,1.000000,0.457289,-0.457289
1.000000,1.000000,0.45686,-0.45686
1.000000,1.000000,0.456431,-0.456431
1.000000,1.000000,0.285705,-0.285705
1.000000,1.000000,0.285239,-0.285239
1.000000,1.000000,0.284772,-0.284772
1.000000,1.000000,0.284306,-0.284306
1.000000,1.000000,0.283839,-0.283839
1.000000,1.000000,0.386849,-0.386849
1.000000,1.000000,0.386404,-0.386404
1.000000,1.000000,0.38596,-0.38596
1.000000,1.000000,0.385516,-0.385516
1.000000,1.000000,0.479342,-0.479342
1.000000,1.000000,0.478918,-0.478918
1.000000,1.000000,0.478494,-0.478494
1.000000,1.000000,0.47807,-0.47807
1.000000,1.000000,0.6048,-0.6048
1.000000,1.000000,0.6048,-0.6048
1.000000,1.000000,0.6048,-0.6048
1.000000,1.000000,0.6048,-0.6048
1.000000,1.000000,0.6048,-0.6048
1.000000,1.000000,0.6048,-0.6048
1.000000,1.000000,0.6048,-0.6048
1.000000,1.000000,0.6048,-0.6048
1.000000,1.000000,0.6048,-0.6048
1.000000,1.000000,0.399772,-0.399772
1.000000,1.000000,0.399352,-0.399352
1.000000,1.000000,0.398932,-0.398932
1.000000,1.000000,0.398512,-0.398512
1.000000,1.000000,0.6048,-0.6048
1.000000,1.000000,0.6048,-0.6048
1.000000,1.000000,0.6048,-0.6048
1.000000,1.000000,0.6048,-0.6048
1.000000,1.000000,0.6048,-0.6048
1.000000,1.000000,0.6048,-0.6048
1.000000,1.000000,0.6048,-0.6048
1.000000,1.000000,0.6048,-0.6048
1.000000,1.000000,0.6048,-0.6048
1.000000,1.000000,0.6048,-0.6048
1.000000,1.000000,0.6048,-0.6048
1.000000,1.000000,0.6048,-0.6048
1.000000,1.000000,0.6048,-0.6048
1.000000,1.000000,0.540605,-0.540605
1.000000,1.000000,0.540214,-0.540214
1.000000,1.000000,0.539824,-0.539824
1.000000,1.000000,0.539433,-0.539433
1.000000,1.000000,0.539042,-0.539042
1.000000,1.000000,0.48522,-0.48522
1.000000,1.000000,0.484818,-0.484818
1.000000,1.000000,0.484416,-0.484416
1.000000,1.000000,0.484014,-0.484014
1.000000,1.000000,0.435954,-0.435954
1.000000,1.000000,0.435542,-0.435542
1.000000,1.000000,0.43513,-0.43513
1.000000,1.000000,0.434718,-0.434718
1.000000,1.000000,0.262142,-0.262142
1.000000,1.000000,0.261694,-0.261694
1.000000,1.000000,0.261246,-0.261246
1.000000,1.000000,0.260799,-0.260799
1.000000,1.000000,0.260351,-0.260351
1.000000,1.000000,0.364508,-0.364508
1.000000,1.000000,0.364082,-0.364082
1.000000,1.000000,0.363655,-0.363655
1.000000,1.000000,0.363229,-0.363229
1.000000,1.000000,0.458097,-0.458097
1.000000,1.000000,0.45769,-0.45769
1.000000,1.000000,0.457283,-0.457283
1.000000,1.000000,0.456876,-0.456876
1.000000,1.000000,0.6048,-0.6048
1.000000,1.000000,0.6048,-0.6048
1.000000,1.000000,0.6048,-0.6048
1.000000,1.000000,0.6048,-0.6048
1.000000,1.000000,0.6048,-0.6048
1.000000,1.000000,0.595707,-0.595707
1.000000,1.000000,0.595347,-0.595347
1.000000,1.000000,0.594988,-0.594988
1.000000,1.000000,0.594628,-0.594628
1.000000,1.000000,0.377956,-0.377956
1.000000,1.000000,0.377554,-0.377554
1.000000,1.000000,0.377153,-0.377153
1.000000,1.000000,0.376751,-0.376751
1.000000,1.000000,0.6048,-0.6048
1.000000,1.000000,0.6048,-0.6048
1.000000,1.000000,0.6048,-0.6048
1.000000,1.000000,0.6048,-0.6048
1.000000,1.000000,0.6048,-0.6048
1.000000,1.000000,0.594,-0.594
1.000000,1.000000,0.593641,-0.593641
1.000000,1.000000,0.593281,-0.593281
1.000000,1.000000,0.592922,-0.592922
1.000000,1.000000,0.6048,-0.6048
1.000000,1.000000,0.6048,-0.6048
1.000000,1.000000,0.6048,-0.6048
1.000000,1.000000,0.6048,-0.6048
1.000000,1.000000,0.520658,-0.520658
1.000000,1.000000,0.520285,-0.520285
1.000000,1.000000,0.519911,-0.519911
1.000000,1.000000,0.519538,-0.519538
1.000000,1.000000,0.519164,-0.519164
1.000000,1.000000,0.464799,-0.464799
1.000000,1.000000,0.464414,-0.464414
1.000000,1.000000,0.46403,-0.46403
1.000000,1.000000,0.463645,-0.463645
1.000000,1.000000,0.415105,-0.415105
1.000000,1.000000,0.414711,-0.414711
1.000000,1.000000,0.414317,-0.414317
1.000000,1.000000,0.413923,-0.413923
1.000000,1.000000,0.239575,-0.239575
1.000000,1.000000,0.239147,-0.239147
1.000000,1.000000,0.238719,-0.238719
1.000000,1.000000,0.238291,-0.238291
1.000000,1.000000,0.237863,-0.237863
1.000000,1.000000,0.34312,-0.34312
1.000000,1.000000,0.342712,-0.342712
1.000000,1.000000,0.342305,-0.342305
1.000000,1.000000,0.341897,-0.341897
1.000000,1.000000,0.437765,-0.437765
1.000000,1.000000,0.437375,-0.437375
1.000000,1.000000,0.436986,-0.436986
1.000000,1.000000,0.436597,-0.436597
1.000000,1.000000,0.6048,-0.6048
1.000000,1.000000,0.6048,-0.6048
1.000000,1.000000,0.6048,-0.6048
1.000000,1.000000,0.6048,-0.6048
1.000000,1.000000,0.6048,-0.6048
1.000000,1.000000,0.576973,-0.576973
1.000000,1.000000,0.57663,-0.57663
1.000000,1.000000,0.576287,-0.576287
1.000000,1.000000,0.575944,-0.575944
1.000000,1.000000,0.357094,-0.357094
1.000000,1.000000,0.356711,-0.356711
1.000000,1.000000,0.356327,-0.356327
1.000000,1.000000,0.355944,-0.355944
1.000000,1.000000,0.6048,-0.6048
1.000000,1.000000,0.6048,-0.6048
1.000000,1.000000,0.6048,-0.6048
1.000000,1.000000,0.6048,-0.6048
1.000000,1.000000,0.6048,-0.6048
1.000000,1.000000,0.575512,-0.575512
1.000000,1.000000,0.575169,-0.575169
1.000000,1.000000,0.574826,-0.574826
1.000000,1.000000,0.574483,-0.574483
1.000000,1.000000,0.602069,-0.602069
1.000000,1.000000,0.601731,-0.601731
1.000000,1.000000,0.601393,-0.601393
1.000000,1.000000,0.601055,-0.601055
1.000000,1.000000,0.5016,-0.5016
1.000000,1.000000,0.501244,-0.501244
1.000000,1.000000,0.500887,-0.500887
1.000000,1.000000,0.500531,-0.500531
1.000000,1.000000,0.500174,-0.500174
1.000000,1.000000,0.445291,-0.445291
1.000000,1.000000,0.444925,-0.444925
1.000000,1.000000,0.444558,-0.444558
1.000000,1.000000,0.444191,-0.444191
1.000000,1.000000,0.395194,-0.395194
1.000000,1.000000,0.394818,-0.394818
1.000000,1.000000,0.394442,-0.394442
1.000000,1.000000,0.394066,-0.394066
1.000000,1.000000,0.218029,-0.218029
1.000000,1.000000,0.21762,-0.21762
1.000000,1.000000,0.217212,-0.217212
1.000000,1.000000,0.216804,-0.216804
1.000000,1.000000,0.216395,-0.216395
1.000000,1.000000,0.322704,-0.322704
1.000000,1.000000,0.322316,-0.322316
1.000000,1.000000,0.321926,-0.321926
1.000000,1.000000,0.321537,-0.321537
1.000000,1.000000,0.41836,-0.41836
1.000000,1.000000,0.417989,-0.417989
0.886605,0.886605,0.417617,-0.417617
0.886605,0.886605,0.417246,-0.417246
0.886605,0.886605,0.6048,-0.6048
0.886605,0.886605,0.6048,-0.6048
0.886605,0.886605,0.6048,-0.6048
0.886605,0.886605,0.6048,-0.6048
0.886605,0.886605,0.6048,-0.6048
0.886605,0.886605,0.6048,-0.6048
0.886605,0.886605,0.6048,-0.6048
0.886605,0.886605,0.6048,-0.6048
0.886605,0.886605,0.6048,-0.6048
0.886605,0.886605,0.6048,-0.6048
0.886605,0.886605,0.6048,-0.6048
0.886605,0.886605,0.6048,-0.6048
0.886605,0.886605,0.6048,-0.6048
0.886605,0.886605,0.6048,-0.6048
0.886605,0.886605,0.6048,-0.6048
0.886605,0.886605,0.6048,-0.6048
0.886605,0.886605,0.6048,-0.6048
0.886605,0.886605,0.6048,-0.6048
0.886605,0.886605,0.6048,-0.6048
0.886605,0.886605,0.6048,-0.6048
0.886605,0.886605,0.6048,-0.6048
0.886605,0.886605,0.6048,-0.6048
0.886605,0.886605,0.6048,-0.6048
1.000000,1.000000,0.6048,-0.6048
0.886605,0.886605,0.6048,-0.6048
0.977321,0.977321,0.6048,-0.6048
1.000000,1.000000,0.6048,-0.6048
1.000000,1.000000,0.6048,-0.6048
1.000000,1.000000,0.6048,-0.6048
1.000000,1.000000,0.6048,-0.6048
1.000000,1.000000,0.6048,-0.6048
1.000000,1.000000,0.6048,-0.6048
1.000000,1.000000,0.6048,-0.6048
1.000000,1.000000,0.6048,-0.6048
1.000000,1.000000,0.6048,-0.6048
1.000000,1.000000,0.6048,-0.6048
1.000000,1.000000,0.6048,-0.6048
1.000000,1.000000,0.6048,-0.6048
1.000000,1.000000,0.6048,-0.6048
1.000000,1.000000,0.6048,-0.6048
1.000000,1.000000,0.557368,-0.557368
1.000000,1.000000,0.556979,-0.556979
1.000000,1.000000,0.556591,-0.556591
1.000000,1.000000,0.556202,-0.556202
1.000000,1.000000,0.555814,-0.555814
1.000000,1.000000,0.6048,-0.6048
1.000000,1.000000,0.6048,-0.6048
1.000000,1.000000,0.6048,-0.6048
1.000000,1.000000,0.6048,-0.6048
1.000000,1.000000,0.6048,-0.6048
1.000000,1.000000,0.6048,-0.6048
1.000000,1.000000,0.6048,-0.6048
1.000000,1.000000,0.6048,-0.6048
1.000000,1.000000,0.6048,-0.6048
1.000000,1.000000,0.6048,-0.6048
1.000000,1.000000,0.6048,-0.6048
1.000000,1.000000,0.6048,-0.6048
1.000000,1.000000,0.6048,-0.6048
1.000000,1.000000,0.6048,-0.6048
1.000000,1.000000,0.6048,-0.6048
1.000000,1.000000,0.6048,-0.6048
1.000000,1.000000,0.6048,-0.6048
1.000000,1.000000,0.6048,-0.6048
1.000000,1.000000,0.6048,-0.6048
1.000000,1.000000,0.6048,-0.6048
1.000000,1.000000,0.6048,-0.6048
1.000000,1.000000,0.6048,-0.6048
1.000000,1.000000,0.6048,-0.6048
1.000000,1.000000,0.6048,-0.6048
1.000000,1.000000,0.6048,-0.6048
1.000000,1.000000,0.6048,-0.6048
0.886605,0.886605,0.6048,-0.6048
0.886605,0.886605,0.6048,-0.6048
1.000000,1.000000,0.6048,-0.6048
1.000000,1.000000,0.6048,-0.6048
1.000000,1.000000,0.6048,-0.6048
1.000000,1.000000,0.6048,-0.6048
1.000000,1.000000,0.6048,-0.6048
1.000000,1.000000,0.6048,-0.6048
1.000000,1.000000,0.6048,-0.6048
1.000000,1.000000,0.6048,-0.6048
1.000000,1.000000,0.6048,-0.6048
1.000000,1.000000,0.6048,-0.6048
1.000000,1.000000,0.6048,-0.6048
1.000000,1.000000,0.6048,-0.6048
1.000000,1.000000,0.6048,-0.6048
1.000000,1.000000,0.6048,-0.6048
1.000000,1.000000,0.6048,-0.6048
1.000000,1.000000,0.6048,-0.6048
1.000000,1.000000,0.6048,-0.6048
1.000000,1.000000,0.6048,-0.6048
1.000000,1.000000,0.6048,-0.6048
1.000000,1.000000,0.537892,-0.537892
1.000000,1.000000,0.537524,-0.537524
1.000000,1.000000,0.537155,-0.537155
1.000000,1.000000,0.536787,-0.536787
1.000000,1.000000,0.536418,-0.536418
1.000000,1.000000,0.6048,-0.6048
1.000000,1.000000,0.6048,-0.6048
1.000000,1.000000,0.6048,-0.6048
1.000000,1.000000,0.6048,-0.6048
1.000000,1.000000,0.6048,-0.6048
1.000000,1.000000,0.6048,-0.6048
1.000000,1.000000,0.6048,-0.6048
1.000000,1.000000,0.6048,-0.6048
1.000000,1.000000,0.6048,-0.6048
1.000000,1.000000,0.6048,-0.6048
1.000000,1.000000,0.6048,-0.6048
1.000000,1.000000,0.6048,-0.6048
0.977321,0.977321,0.6048,-0.6048
1.000000,1.000000,0.6048,-0.6048
1.000000,1.000000,0.6048,-0.6048
1.000000,1.000000,0.6048,-0.6048
1.000000,1.000000,0.6048,-0.6048
1.000000,1.000000,0.6048,-0.6048
1.000000,1.000000,0.6048,-0.6048
1.000000,1.000000,0.6048,-0.6048
1.000000,1.000000,0.6048,-0.6048
1.000000,1.000000,0.6048,-0.6048
1.000000,1.000000,0.6048,-0.6048
1.000000,1.000000,0.6048,-0.6048
1.000000,1.000000,0.6048,-0.6048
0.886605,0.886605,0.6048,-0.6048
0.886605,0.886605,0.6048,-0.6048
0.886605,0.886605,0.6048,-0.6048
0.886605,0.886605,0.6048,-0.6048
1.000000,1.000000,0.6048,-0.6048
1.000000,1.000000,0.6048,-0.6048
1.000000,1.000000,0.6048,-0.6048
1.000000,1.000000,0.6048,-0.6048
1.000000,1.000000,0.6048,-0.6048
1.000000,1.000000,0.6048,-0.6048
1.000000,1.000000,0.6048,-0.6048
1.000000,1.000000,0.6048,-0.6048
1.000000,1.000000,0.6048,-0.6048
1.000000,1.000000,0.6048,-0.6048
1.000000,1.000000,0.6048,-0.6048
1.000000,1.000000,0.6048,-0.6048
1.000000,1.000000,0.6048,-0.6048
1.000000,1.000000,0.6048,-0.6048
1.000000,1.000000,0.6048,-0.6048
1.000000,1.000000,0.6048,-0.6048
1.000000,1.000000,0.6048,-0.6048
1.000000,1.000000,0.6048,-0.6048
1.000000,1.000000,0.519484,-0.519484
1.000000,1.000000,0.519137,-0.519137
1.000000,1.000000,0.518789,-0.518789
1.000000,1.000000,0.518441,-0.518441
1.000000,1.000000,0.518094,-0.518094
1.000000,1.000000,0.6048,-0.6048
1.000000,1.000000,0.6048,-0.6048
1.000000,1.000000,0.6048,-0.6048
1.000000,1.000000,0.6048,-0.6048
1.000000,1.000000,0.6048,-0.6048
1.000000,1.000000,0.6048,-0.6048
1.000000,1.000000,0.6048,-0.6048
1.000000,1.000000,0.6048,-0.6048
1.000000,1.000000,0.6048,-0.6048
1.000000,1.000000,0.6048,-0.6048
1.000000,1.000000,0.6048,-0.6048
1.000000,1.000000,0.6048,-0.6048
1.000000,1.000000,0.6048,-0.6048
1.000000,1.000000,0.6048,-0.6048
1.000000,1.000000,0.6048,-0.6048
1.000000,1.000000,0.6048,-0.6048
1.000000,1.000000,0.6048,-0.6048
1.000000,1.000000,0.6048,-0.6048
1.000000,1.000000,0.6048,-0.6048
1.000000,1.000000,0.6048,-0.6048
1.000000,1.000000,0.6048,-0.6048
1.000000,1.000000,0.6048,-0.6048
1.000000,1.000000,0.6048,-0.6048
1.000000,1.000000,0.6048,-0.6048
1.000000,1.000000,0.6048,-0.6048
0.886605,0.886605,0.6048,-0.6048
0.886605,0.886605,0.6048,-0.6048
0.886605,0.886605,0.6048,-0.6048
0.886605,0.886605,0.6048,-0.6048
0.886605,0.886605,0.6048,-0.6048
0.886605,0.886605,0.6048,-0.6048
1.000000,1.000000,0.6048,-0.6048
1.000000,1.000000,0.6048,-0.6048
1.000000,1.000000,0.6048,-0.6048
0.886605,0.886605,0.6048,-0.6048
1.000000,1.000000,0.6048,-0.6048
1.000000,1.000000,0.6048,-0.6048
1.000000,1.000000,0.6048,-0.6048
1.000000,1.000000,0.6048,-0.6048
1.000000,1.000000,0.6048,-0.6048
1.000000,1.000000,0.6048,-0.6048
1.000000,1.000000,0.6048,-0.6048
1.000000,1.000000,0.6048,-0.6048
1.000000,1.000000,0.6048,-0.6048
1.000000,1.000000,0.6048,-0.6048
1.000000,1.000000,0.6048,-0.6048
1.000000,1.000000,0.6048,-0.6048
1.000000,1.000000,0.502163,-0.502163
1.000000,1.000000,0.501837,-0.501837
1.000000,1.000000,0.50151,-0.50151
1.000000,1.000000,0.501183,-0.501183
1.000000,1.000000,0.500857,-0.500857
1.000000,1.000000,0.6048,-0.6048
1.000000,1.000000,0.6048,-0.6048
1.000000,1.000000,0.6048,-0.6048
1.000000,1.000000,0.6048,-0.6048
0.886605,0.886605,0.6048,-0.6048
0.886605,0.886605,0.6048,-0.6048
0.886605,0.886605,0.6048,-0.6048
0.886605,0.886605,0.6048,-0.6048
0.886605,0.886605,0.6048,-0.6048
0.886605,0.886605,0.6048,-0.6048
0.886605,0.886605,0.6048,-0.6048
0.886605,0.886605,0.6048,-0.6048
0.886605,0.886605,0.6048,-0.6048
0.886605,0.886605,0.6048,-0.6048
0.886605,0.886605,0.6048,-0.6048
0.886605,0.886605,0.6048,-0.6048
1.000000,1.000000,0.6048,-0.6048
1.000000,1.000000,0.6048,-0.6048
1.000000,1.000000,0.6048,-0.6048
1.000000,1.000000,0.6048,-0.6048
1.000000,1.000000,0.6048,-0.6048
1.000000,1.000000,0.6048,-0.6048
1.000000,1.000000,0.6048,-0.6048
1.000000,1.000000,0.6048,-0.6048
1.000000,1.000000,0.6048,-0.6048
1.000000,1.000000,0.6048,-0.6048
1.000000,1.000000,0.6048,-0.6048
1.000000,1.000000,0.6048,-0.6048
1.000000,1.000000,0.6048,-0.6048
1.000000,1.000000,0.6048,-0.6048
1.000000,1.000000,0.6048,-0.6048
1.000000,1.000000,0.6048,-0.6048
1.000000,1.000000,0.6048,-0.6048
1.000000,1.000000,0.6048,-0.6048
1.000000,1.000000,0.6048,-0.6048
1.000000,1.000000,0.6048,-0.6048
1.000000,1.000000,0.6048,-0.6048
1.000000,1.000000,0.6048,-0.6048
1.000000,1.000000,0.6048,-0.6048
1.000000,1.000000,0.6048,-0.6048
1.000000,1.000000,0.6048,-0.6048
1.000000,1.000000,0.6048,-0.6048
1.000000,1.000000,0.6048,-0.6048
1.000000,1.000000,0.6048,-0.6048
1.000000,1.000000,0.6048,-0.6048
1.000000,1.000000,0.6048,-0.6048
1.000000,1.000000,0.6048,-0.6048
1.000000,1.000000,0.485919,-0.485919
1.000000,1.000000,0.485613,-0.485613
1.000000,1.000000,0.485307,-0.485307
1.000000,1.000000,0.485002,-0.485002
1.000000,1.000000,0.484695,-0.484695
1.000000,1.000000,0.595508,-0.595508
1.000000,1.000000,0.595216,-0.595216
1.000000,1.000000,0.594925,-0.594925
1.000000,1.000000,0.594634,-0.594634
1.000000,1.000000,0.6048,-0.6048
1.000000,1.000000,0.6048,-0.6048
1.000000,1.000000,0.6048,-0.6048
1.000000,1.000000,0.6048,-0.6048
1.000000,1.000000,0.6048,-0.6048
1.000000,1.000000,0.6048,-0.6048
1.000000,1.000000,0.6048,-0.6048
1.000000,1.000000,0.6048,-0.6048
1.000000,1.000000,0.6048,-0.6048
1.000000,1.000000,0.6048,-0.6048
1.000000,1.000000,0.6048,-0.6048
1.000000,1.000000,0.6048,-0.6048
1.000000,1.000000,0.6048,-0.6048
1.000000,1.000000,0.6048,-0.6048
1.000000,1.000000,0.6048,-0.6048
1.000000,1.000000,0.6048,-0.6048
1.000000,1.000000,0.6048,-0.6048
1.000000,1.000000,0.6048,-0.6048
1.000000,1.000000,0.6048,-0.6048
1.000000,1.000000,0.6048,-0.6048
1.000000,1.000000,0.6048,-0.6048
1.000000,1.000000,0.6048,-0.6048
1.000000,1.000000,0.6048,-0.6048
1.000000,1.000000,0.6048,-0.6048
1.000000,1.000000,0.6048,-0.6048
1.000000,1.000000,0.6048,-0.6048
1.000000,1.000000,0.6048,-0.6048
1.000000,1.000000,0.6048,-0.6048
1.000000,1.000000,0.6048,-0.6048
1.000000,1.000000,0.6048,-0.6048
1.000000,1.000000,0.6048,-0.6048
1.000000,1.000000,0.6048,-0.6048
1.000000,1.000000,0.6048,-0.6048
1.000000,1.000000,0.6048,-0.6048
1.000000,1.000000,0.6048,-0.6048
1.000000,1.000000,0.6048,-0.6048
1.000000,1.000000,0.6048,-0.6048
1.000000,1.000000,0.6048,-0.6048
1.000000,1.000000,0.6048,-0.6048
1.000000,1.000000,0.6048,-0.6048
1.000000,1.000000,0.6048,-0.6048
1.000000,1.000000,0.6048,-0.6048
1.000000,1.000000,0.6048,-0.6048
1.000000,1.000000,0.470738,-0.470738
1.000000,1.000000,0.470452,-0.470452
1.000000,1.000000,0.470167,-0.470167
1.000000,1.000000,0.469881,-0.469881
1.000000,1.000000,0.469596,-0.469596
1.000000,1.000000,0.581154,-0.581154
1.000000,1.000000,0.580882,-0.580882
1.000000,1.000000,0.58061,-0.58061
1.000000,1.000000,0.580338,-0.580338
1.000000,1.000000,0.6048,-0.6048
1.000000,1.000000,0.6048,-0.6048
1.000000,1.000000,0.6048,-0.6048
1.000000,1.000000,0.6048,-0.6048
1.000000,1.000000,0.6048,-0.6048
1.000000,1.000000,0.6048,-0.6048
1.000000,1.000000,0.6048,-0.6048
1.000000,1.000000,0.6048,-0.6048
1.000000,1.000000,0.6048,-0.6048
1.000000,1.000000,0.6048,-0.6048
1.000000,1.000000,0.6048,-0.6048
1.000000,1.000000,0.6048,-0.6048
1.000000,1.000000,0.6048,-0.6048
1.000000,1.000000,0.6048,-0.6048
1.000000,1.000000,0.598623,-0.598623
1.000000,1.000000,0.598373,-0.598373
1.000000,1.000000,0.598124,-0.598124
1.000000,1.000000,0.597874,-0.597874
1.000000,1.000000,0.6048,-0.6048
1.000000,1.000000,0.6048,-0.6048
1.000000,1.000000,0.6048,-0.6048
1.000000,1.000000,0.6048,-0.6048
1.000000,1.000000,0.6048,-0.6048
1.000000,1.000000,0.6048,-0.6048
1.000000,1.000000,0.6048,-0.6048
1.000000,1.000000,0.6048,-0.6048
1.000000,1.000000,0.6048,-0.6048
1.000000,1.000000,0.6048,-0.6048
1.000000,1.000000,0.6048,-0.6048
1.000000,1.000000,0.6048,-0.6048
1.000000,1.000000,0.6048,-0.6048
1.000000,1.000000,0.6048,-0.6048
1.000000,1.000000,0.6048,-0.6048
1.000000,1.000000,0.6048,-0.6048
1.000000,1.000000,0.6048,-0.6048
1.000000,1.000000,0.6048,-0.6048
1.000000,1.000000,0.6048,-0.6048
1.000000,1.000000,0.6048,-0.6048
1.000000,1.000000,0.6048,-0.6048
1.000000,1.000000,0.6048,-0.6048
1.000000,1.000000,0.6048,-0.6048
1.000000,1.000000,0.6048,-0.6048
1.000000,1.000000,0.6048,-0.6048
1.000000,1.000000,0.6048,-0.6048
1.000000,1.000000,0.456613,-0.456613
1.000000,1.000000,0.456348,-0.456348
1.000000,1.000000,0.456083,-0.456083
1.000000,1.000000,0.455818,-0.455818
1.000000,1.000000,0.455553,-0.455553
1.000000,1.000000,0.567806,-0.567806
1.000000,1.000000,0.567553,-0.567553
1.000000,1.000000,0.567301,-0.567301
1.000000,1.000000,0.567048,-0.567048
1.000000,1.000000,0.6048,-0.6048
1.000000,1.000000,0.6048,-0.6048
1.000000,1.000000,0.6048,-0.6048
1.000000,1.000000,0.6048,-0.6048
1.000000,1.000000,0.6048,-0.6048
1.000000,1.000000,0.6048,-0.6048
1.000000,1.000000,0.6048,-0.6048
1.000000,1.000000,0.6048,-0.6048
1.000000,1.000000,0.6048,-0.6048
1.000000,1.000000,0.6048,-0.6048
1.000000,1.000000,0.6048,-0.6048
1.000000,1.000000,0.6048,-0.6048
1.000000,1.000000,0.6048,-0.6048
1.000000,1.000000,0.585733,-0.585733
1.000000,1.000000,0.585503,-0.585503
1.000000,1.000000,0.585272,-0.585272
1.000000,1.000000,0.585042,-0.585042
1.000000,1.000000,0.6048,-0.6048
1.000000,1.000000,0.6048,-0.6048
1.000000,1.000000,0.6048,-0.6048
1.000000,1.000000,0.6048,-0.6048
1.000000,1.000000,0.6048,-0.6048
1.000000,1.000000,0.6048,-0.6048
1.000000,1.000000,0.6048,-0.6048
1.000000,1.000000,0.6048,-0.6048
1.000000,1.000000,0.6048,-0.6048
1.000000,1.000000,0.6048,-0.6048
1.000000,1.000000,0.6048,-0.6048
1.000000,1.000000,0.6048,-0.6048
1.000000,1.000000,0.6048,-0.6048
1.000000,1.000000,0.6048,-0.6048
1.000000,1.000000,0.6048,-0.6048
1.000000,1.000000,0.6048,-0.6048
1.000000,1.000000,0.6048,-0.6048
1.000000,1.000000,0.6048,-0.6048
1.000000,1.000000,0.6048,-0.6048
1.000000,1.000000,0.6048,-0.6048
1.000000,1.000000,0.6048,-0.6048
1.000000,1.000000,0.6048,-0.6048
1.000000,1.000000,0.6048,-0.6048
1.000000,1.000000,0.6048,-0.6048
1.000000,1.000000,0.6048,-0.6048
1.000000,1.000000,0.6048,-0.6048
1.000000,1.000000,0.443546,-0.443546
1.000000,1.000000,0.443301,-0.443301
1.000000,1.000000,0.443056,-0.443056
1.000000,1.000000,0.442812,-0.442812
1.000000,1.000000,0.442567,-0.442567
1.000000,1.000000,0.555464,-0.555464
1.000000,1.000000,0.555231,-0.555231
1.000000,1.000000,0.554998,-0.554998
1.000000,1.000000,0.554765,-0.554765
1.000000,1.000000,0.6048,-0.6048
1.000000,1.000000,0.6048,-0.6048
0.886605,0.886605,0.6048,-0.6048
1.000000,1.000000,0.6048,-0.6048
0.886605,0.886605,0.6048,-0.6048
0.886605,0.886605,0.6048,-0.6048
0.886605,0.886605,0.6048,-0.6048
1.000000,1.000000,0.6048,-0.6048
1.000000,1.000000,0.6048,-0.6048
1.000000,1.000000,0.6048,-0.6048
1.000000,1.000000,0.6048,-0.6048
1.000000,1.000000,0.6048,-0.6048
1.000000,1.000000,0.6048,-0.6048
1.000000,1.000000,0.573839,-0.573839
1.000000,1.000000,0.573628,-0.573628
1.000000,1.000000,0.573417,-0.573417
1.000000,1.000000,0.573206,-0.573206
0.886605,0.886605,0.6048,-0.6048
1.000000,1.000000,0.6048,-0.6048
1.000000,1.000000,0.6048,-0.6048
1.000000,1.000000,0.6048,-0.6048
1.000000,1.000000,0.6048,-0.6048
1.000000,1.000000,0.6048,-0.6048
1.000000,1.000000,0.6048,-0.6048
1.000000,1.000000,0.6048,-0.6048
1.000000,1.000000,0.6048,-0.6048
1.000000,1.000000,0.6048,-0.6048
1.000000,1.000000,0.6048,-0.6048
1.000000,1.000000,0.6048,-0.6048
1.000000,1.000000,0.6048,-0.6048
1.000000,1.000000,0.6048,-0.6048
1.000000,1.000000,0.6048,-0.6048
1.000000,1.000000,0.6048,-0.6048
1.000000,1.000000,0.6048,-0.6048
1.000000,1.000000,0.6048,-0.6048
1.000000,1.000000,0.6048,-0.6048
1.000000,1.000000,0.6048,-0.6048
1.000000,1.000000,0.6048,-0.6048
1.000000,1.000000,0.6048,-0.6048
1.000000,1.000000,0.6048,-0.6048
1.000000,1.000000,0.6048,-0.6048
1.000000,1.000000,0.6048,-0.6048
1.000000,1.000000,0.6048,-0.6048
1.000000,1.000000,0.431533,-0.431533
1.000000,1.000000,0.431309,-0.431309
1.000000,1.000000,0.431084,-0.431084
1.000000,1.000000,0.43086,-0.43086
1.000000,1.000000,0.430635,-0.430635
1.000000,1.000000,0.544126,-0.544126
1.000000,1.000000,0.543912,-0.543912
1.000000,1.000000,0.543698,-0.543698
1.000000,1.000000,0.543484,-0.543484
1.000000,1.000000,0.6048,-0.6048
1.000000,1.000000,0.6048,-0.6048
1.000000,1.000000,0.6048,-0.6048
1.000000,1.000000,0.6048,-0.6048
0.886605,0.886605,0.6048,-0.6048
0.886605,0.886605,0.6048,-0.6048
0.886605,0.886605,0.6048,-0.6048
0.886605,0.886605,0.6048,-0.6048
0.886605,0.886605,0.6048,-0.6048
0.886605,0.886605,0.6048,-0.6048
0.886605,0.886605,0.6048,-0.6048
0.886605,0.886605,0.6048,-0.6048
0.886605,0.886605,0.6048,-0.6048
0.977321,0.977321,0.562937,-0.562937
1.000000,1.000000,0.562745,-0.562745
1.000000,1.000000,0.562552,-0.562552
1.000000,1.000000,0.56236,-0.56236
1.000000,1.000000,0.6048,-0.6048
1.000000,1.000000,0.6048,-0.6048
1.000000,1.000000,0.6048,-0.6048
1.000000,1.000000,0.6048,-0.6048
1.000000,1.000000,0.6048,-0.6048
1.000000,1.000000,0.6048,-0.6048
1.000000,1.000000,0.6048,-0.6048
1.000000,1.000000,0.6048,-0.6048
1.000000,1.000000,0.6048,-0.6048
1.000000,1.000000,0.6048,-0.6048
1.000000,1.000000,0.6048,-0.6048
1.000000,1.000000,0.6048,-0.6048
1.000000,1.000000,0.6048,-0.6048
1.000000,1.000000,0.6048,-0.6048
1.000000,1.000000,0.6048,-0.6048
1.000000,1.000000,0.6048,-0.6048
1.000000,1.000000,0.6048,-0.6048
1.000000,1.000000,0.6048,-0.6048
1.000000,1.000000,0.6048,-0.6048
1.000000,1.000000,0.6048,-0.6048
1.000000,1.000000,0.6048,-0.6048
1.000000,1.000000,0.6048,-0.6048
1.000000,1.000000,0.6048,-0.6048
1.000000,1.000000,0.6048,-0.6048
1.000000,1.000000,0.6048,-0.6048
1.000000,1.000000,0.6048,-0.6048
1.000000,1.000000,0.420564,-0.420564
1.000000,1.000000,0.420359,-0.420359
1.000000,1.000000,0.420155,-0.420155
1.000000,1.000000,0.41995,-0.41995
1.000000,1.000000,0.419746,-0.419746
1.000000,1.000000,0.53378,-0.53378
1.000000,1.000000,0.533585,-0.533585
1.000000,1.000000,0.53339,-0.53339
1.000000,1.000000,0.533195,-0.533195
1.000000,1.000000,0.6048,-0.6048
1.000000,1.000000,0.6048,-0.6048
1.000000,1.000000,0.6048,-0.6048
1.000000,1.000000,0.6048,-0.6048
1.000000,1.000000,0.6048,-0.6048
1.000000,1.000000,0.6048,-0.6048
1.000000,1.000000,0.6048,-0.6048
0.977321,0.977321,0.6048,-0.6048
0.886605,0.886605,0.6048,-0.6048
1.000000,1.000000,0.6048,-0.6048
1.000000,1.000000,0.6048,-0.6048
1.000000,1.000000,0.6048,-0.6048
1.000000,1.000000,0.6048,-0.6048
1.000000,1.000000,0.553014,-0.553014
1.000000,1.000000,0.55284,-0.55284
1.000000,1.000000,0.552667,-0.552667
1.000000,1.000000,0.552493,-0.552493
1.000000,1.000000,0.6048,-0.6048
1.000000,1.000000,0.6048,-0.6048
1.000000,1.000000,0.6048,-0.6048
1.000000,1.000000,0.6048,-0.6048
1.000000,1.000000,0.6048,-0.6048
1.000000,1.000000,0.6048,-0.6048
1.000000,1.000000,0.6048,-0.6048
1.000000,1.000000,0.6048,-0.6048
1.000000,1.000000,0.6048,-0.6048
1.000000,1.000000,0.6048,-0.6048
1.000000,1.000000,0.6048,-0.6048
1.000000,1.000000,0.6048,-0.6048
1.000000,1.000000,0.6048,-0.6048
1.000000,1.000000,0.6048,-0.6048
1.000000,1.000000,0.6048,-0.6048
1.000000,1.000000,0.6048,-0.6048
1.000000,1.000000,0.6048,-0.6048
1.000000,1.000000,0.6048,-0.6048
1.000000,1.000000,0.6048,-0.6048
1.000000,1.000000,0.6048,-0.6048
1.000000,1.000000,0.6048,-0.6048
1.000000,1.000000,0.6048,-0.6048
1.000000,1.000000,0.600233,-0.600233
1.000000,1.000000,0.600063,-0.600063
1.000000,1.000000,0.599893,-0.599893
1.000000,1.000000,0.599724,-0.599724
1.000000,1.000000,0.410634,-0.410634
1.000000,1.000000,0.41045,-0.41045
1.000000,1.000000,0.410265,-0.410265
1.000000,1.000000,0.410081,-0.410081
1.000000,1.000000,0.409896,-0.409896
1.000000,1.000000,0.524423,-0.524423
1.000000,1.000000,0.524247,-0.524247
1.000000,1.000000,0.524072,-0.524072
1.000000,1.000000,0.523896,-0.523896
1.000000,1.000000,0.6048,-0.6048
1.000000,1.000000,0.6048,-0.6048
1.000000,1.000000,0.6048,-0.6048
1.000000,1.000000,0.6048,-0.6048
1.000000,1.000000,0.6048,-0.6048
1.000000,1.000000,0.6048,-0.6048
1.000000,1.000000,0.6048,-0.6048
1.000000,1.000000,0.6048,-0.6048
1.000000,1.000000,0.6048,-0.6048
1.000000,1.000000,0.6048,-0.6048
1.000000,1.000000,0.6048,-0.6048
1.000000,1.000000,0.6048,-0.6048
1.000000,1.000000,0.6048,-0.6048
1.000000,1.000000,0.544072,-0.544072
1.000000,1.000000,0.543917,-0.543917
1.000000,1.000000,0.543763,-0.543763
1.000000,1.000000,0.543608,-0.543608
1.000000,1.000000,0.6048,-0.6048
1.000000,1.000000,0.6048,-0.6048
1.000000,1.000000,0.6048,-0.6048
1.000000,1.000000,0.6048,-0.6048
1.000000,1.000000,0.6048,-0.6048
1.000000,1.000000,0.6048,-0.6048
1.000000,1.000000,0.6048,-0.6048
1.000000,1.000000,0.6048,-0.6048
1.000000,1.000000,0.6048,-0.6048
1.000000,1.000000,0.6048,-0.6048
1.000000,1.000000,0.6048,-0.6048
1.000000,1.000000,0.6048,-0.6048
1.000000,1.000000,0.6048,-0.6048
1.000000,1.000000,0.6048,-0.6048
1.000000,1.000000,0.6048,-0.6048
1.000000,1.000000,0.6048,-0.6048
1.000000,1.000000,0.6048,-0.6048
1.000000,1.000000,0.6048,-0.6048
1.000000,1.000000,0.6048,-0.6048
1.000000,1.000000,0.6048,-0.6048
1.000000,1.000000,0.6048,-0.6048
1.000000,1.000000,0.6048,-0.6048
1.000000,1.000000,0.59198,-0.59198
1.000000,1.000000,0.591829,-0.591829
1.000000,1.000000,0.591678,-0.591678
1.000000,1.000000,0.591526,-0.591526
1.000000,1.000000,0.401751,-0.401751
1.000000,1.000000,0.401587,-0.401587
1.000000,1.000000,0.401423,-0.401423
1.000000,1.000000,0.401259,-0.401259
1.000000,1.000000,0.401094,-0.401094
1.000000,1.000000,0.516064,-0.516064
1.000000,1.000000,0.515907,-0.515907
1.000000,1.000000,0.515751,-0.515751
1.000000,1.000000,0.515594,-0.515594
1.000000,1.000000,0.6048,-0.6048
1.000000,1.000000,0.6048,-0.6048
1.000000,1.000000,0.6048,-0.6048
1.000000,1.000000,0.6048,-0.6048
1.000000,1.000000,0.6048,-0.6048
1.000000,1.000000,0.6048,-0.6048
1.000000,1.000000,0.6048,-0.6048
1.000000,1.000000,0.6048,-0.6048
1.000000,1.000000,0.6048,-0.6048
1.000000,1.000000,0.6048,-0.6048
1.000000,1.000000,0.6048,-0.6048
1.000000,1.000000,0.6048,-0.6048
1.000000,1.000000,0.6048,-0.6048
1.000000,1.000000,0.6048,-0.6048
1.000000,1.000000,0.536119,-0.536119
1.000000,1.000000,0.535984,-0.535984
1.000000,1.000000,0.535848,-0.535848
1.000000,1.000000,0.535712,-0.535712
1.000000,1.000000,0.6048,-0.6048
1.000000,1.000000,0.6048,-0.6048
1.000000,1.000000,0.6048,-0.6048
1.000000,1.000000,0.6048,-0.6048
1.000000,1.000000,0.6048,-0.6048
1.000000,1.000000,0.6048,-0.6048
1.000000,1.000000,0.6048,-0.6048
1.000000,1.000000,0.6048,-0.6048
1.000000,1.000000,0.6048,-0.6048
1.000000,1.000000,0.6048,-0.6048
1.000000,1.000000,0.6048,-0.6048
1.000000,1.000000,0.6048,-0.6048
1.000000,1.000000,0.6048,-0.6048
1.000000,1.000000,0.6048,-0.6048
1.000000,1.000000,0.6048,-0.6048
1.000000,1.000000,0.6048,-0.6048
1.000000,1.000000,0.6048,-0.6048
1.000000,1.000000,0.6048,-0.6048
1.000000,1.000000,0.6048,-0.6048
1.000000,1.000000,0.6048,-0.6048
1.000000,1.000000,0.6048,-0.6048
1.000000,1.000000,0.6048,-0.6048
1.000000,1.000000,0.584694,-0.584694
1.000000,1.000000,0.584561,-0.584561
1.000000,1.000000,0.584429,-0.584429
1.000000,1.000000,0.584296,-0.584296
1.000000,1.000000,0.393919,-0.393919
1.000000,1.000000,0.393775,-0.393775
1.000000,1.000000,0.393631,-0.393631
1.000000,1.000000,0.393487,-0.393487
1.000000,1.000000,0.393343,-0.393343
0.886605,0.886605,0.508704,-0.508704
0.886605,0.886605,0.508567,-0.508567
0.886605,0.886605,0.50843,-0.50843
0.886605,0.886605,0.508293,-0.508293
0.886605,0.886605,0.6048,-0.6048
0.886605,0.886605,0.6048,-0.6048
0.886605,0.886605,0.6048,-0.6048
0.886605,0.886605,0.6048,-0.6048
0.886605,0.886605,0.6048,-0.6048
0.886605,0.886605,0.6048,-0.6048
0.886605,0.886605,0.6048,-0.6048
0.886605,0.886605,0.6048,-0.6048
0.886605,0.886605,0.6048,-0.6048
0.886605,0.886605,0.6048,-0.6048
0.886605,0.886605,0.6048,-0.6048
0.886605,0.886605,0.6048,-0.6048
0.886605,0.886605,0.6048,-0.6048
0.886605,0.886605,0.529156,-0.529156
0.886605,0.886605,0.529039,-0.529039
0.886605,0.886605,0.528922,-0.528922
0.886605,0.886605,0.528805,-0.528805
0.886605,0.886605,0.6048,-0.6048
0.886605,0.886605,0.6048,-0.6048
0.886605,0.886605,0.6048,-0.6048
0.886605,0.886605,0.6048,-0.6048
0.886605,0.886605,0.6048,-0.6048
0.886605,0.886605,0.6048,-0.6048
0.886605,0.886605,0.6048,-0.6048
0.886605,0.886605,0.6048,-0.6048
0.886605,0.886605,0.6048,-0.6048
1.000000,1.000000,0.6048,-0.6048
1.000000,1.000000,0.6048,-0.6048
1.000000,1.000000,0.6048,-0.6048
1.000000,1.000000,0.6048,-0.6048
1.000000,1.000000,0.6048,-0.6048
1.000000,1.000000,0.6048,-0.6048
1.000000,1.000000,0.6048,-0.6048
1.000000,1.000000,0.6048,-0.6048
1.000000,1.000000,0.6048,-0.6048
1.000000,1.000000,0.6048,-0.6048
1.000000,1.000000,0.6048,-0.6048
1.000000,1.000000,0.6048,-0.6048
1.000000,1.000000,0.6048,-0.6048
1.000000,1.000000,0.578369,-0.578369
1.000000,1.000000,0.578255,-0.578255
1.000000,1.000000,0.57814,-0.57814
1.000000,1.000000,0.578026,-0.578026
1.000000,1.000000,0.387129,-0.387129
1.000000,1.000000,0.387005,-0.387005
1.000000,1.000000,0.386881,-0.386881
1.000000,1.000000,0.386757,-0.386757
1.000000,1.000000,0.386633,-0.386633
1.000000,1.000000,0.502337,-0.502337
1.000000,1.000000,0.502218,-0.502218
1.000000,1.000000,0.5021,-0.5021
1.000000,1.000000,0.501982,-0.501982
1.000000,1.000000,0.6048,-0.6048
0.886605,0.886605,0.6048,-0.6048
0.886605,0.886605,0.6048,-0.6048
0.886605,0.886605,0.6048,-0.6048
0.886605,0.886605,0.6048,-0.6048
0.886605,0.886605,0.6048,-0.6048
0.886605,0.886605,0.6048,-0.6048
0.886605,0.886605,0.6048,-0.6048
0.886605,0.886605,0.6048,-0.6048
0.886605,0.886605,0.6048,-0.6048
0.886605,0.886605,0.6048,-0.6048
0.886605,0.886605,0.6048,-0.6048
0.886605,0.886605,0.6048,-0.6048
0.886605,0.886605,0.523172,-0.523172
0.886605,0.886605,0.523074,-0.523074
0.886605,0.886605,0.522976,-0.522976
0.886605,0.886605,0.522878,-0.522878
0.886605,0.886605,0.6048,-0.6048
0.886605,0.886605,0.6048,-0.6048
0.886605,0.886605,0.6048,-0.6048
0.886605,0.886605,0.6048,-0.6048
0.886605,0.886605,0.6048,-0.6048
0.886605,0.886605,0.6048,-0.6048
0.886605,0.886605,0.6048,-0.6048
0.886605,0.886605,0.6048,-0.6048
0.886605,0.886605,0.6048,-0.6048
0.886605,0.886605,0.6048,-0.6048
0.886605,0.886605,0.6048,-0.6048
0.886605,0.886605,0.6048,-0.6048
0.886605,0.886605,0.6048,-0.6048
0.886605,0.886605,0.6048,-0.6048
0.886605,0.886605,0.6048,-0.6048
1.000000,1.000000,0.6048,-0.6048
1.000000,1.000000,0.6048,-0.6048
0.886605,0.886605,0.6048,-0.6048
1.000000,1.000000,0.6048,-0.6048
1.000000,1.000000,0.6048,-0.6048
1.000000,1.000000,0.6048,-0.6048
1.000000,1.000000,0.6048,-0.6048
1.000000,1.000000,0.573001,-0.573001
1.000000,1.000000,0.572906,-0.572906
0.886605,0.886605,0.57281,-0.57281
1.000000,1.000000,0.572714,-0.572714
1.000000,1.000000,0.38138,-0.38138
1.000000,1.000000,0,-0
1.000000,1.000000,0.381172,-0.381172
1.000000,1.000000,0,-0
1.000000,1.000000,0,-0
1.000000,1.000000,0,-0
1.000000,1.000000,0,-0
1.000000,1.000000,0,-0
1.000000,1.000000,0,-0
1.000000,1.000000,0,-0
1.000000,1.000000,0,-0
1.000000,1.000000,0,-0
1.000000,1.000000,0,-0
1.000000,1.000000,0,-0
1.000000,1.000000,0,-0
1.000000,1.000000,0,-0
1.000000,1.000000,0,-0
1.000000,1.000000,0,-0
1.000000,1.000000,0,-0
1.000000,1.000000,0,-0
1.000000,1.000000,0,-0
1.000000,1.000000,0,-0
1.000000,1.000000,0,-0
1.000000,1.000000,0,-0
1.000000,1.000000,0,-0
1.000000,1.000000,0,-0
1.000000,1.000000,0,-0
1.000000,1.000000,0,-0
1.000000,1.000000,0,-0
1.000000,1.000000,0,-0
1.000000,1.000000,0,-0
1.000000,1.000000,0,-0
1.000000,1.000000,0,-0
1.000000,1.000000,0,-0
1.000000,1.000000,0,-0
1.000000,1.000000,0,-0
1.000000,1.000000,0,-0
1.000000,1.000000,0,-0
1.000000,1.000000,0,-0
1.000000,1.000000,0,-0
1.000000,1.000000,0,-0
1.000000,1.000000,0,-0
1.000000,1.000000,0,-0
1.000000,1.000000,0,-0
1.000000,1.000000,0,-0
1.000000,1.000000,0,-0
1.000000,1.000000,0,-0
1.000000,1.000000,0,-0
1.000000,1.000000,0,-0
1.000000,1.000000,0,-0
1.000000,1.000000,0,-0
1.000000,1.000000,0,-0
1.000000,1.000000,0,-0
1.000000,1.000000,0,-0
1.000000,1.000000,0,-0
1.000000,1.000000,0,-0
1.000000,1.000000,0,-0
1.000000,1.000000,0,-0
1.000000,1.000000,0,-0
1.000000,1.000000,0,-0
1.000000,1.000000,0,-0
1.000000,1.000000,0,-0
1.000000,1.000000,0,-0
1.000000,1.000000,0,-0
1.000000,1.000000,0,-0
1.000000,1.000000,0,-0
1.000000,1.000000,0,-0
1.000000,1.000000,0,-0
1.000000,1.000000,0,-0
1.000000,1.000000,0,-0
1.000000,1.000000,0,-0
1.000000,1.000000,0,-0
1.000000,1.000000,0,-0
1.000000,1.000000,0,-0
1.000000,1.000000,0,-0
1.000000,1.000000,0,-0
1.000000,1.000000,0,-0
1.000000,1.000000,0,-0
1.000000,1.000000,0,-0
1.000000,1.000000,0,-0
1.000000,1.000000,0,-0
1.000000,1.000000,0,-0
1.000000,1.000000,0,-0
1.000000,1.000000,0,-0
1.000000,1.000000,0,-0
1.000000,1.000000,0,-0
1.000000,1.000000,0,-0
1.000000,1.000000,0,-0
1.000000,1.000000,0,-0
1.000000,1.000000,0,-0
1.000000,1.000000,0,-0
1.000000,1.000000,0,-0
1.000000,1.000000,0,-0
1.000000,1.000000,0,-0
1.000000,1.000000,0,-0
1.000000,1.000000,0,-0
1.000000,1.000000,0,-0
1.000000,1.000000,0,-0
1.000000,1.000000,0,-0
1.000000,1.000000,0,-0
1.000000,1.000000,0,-0
1.000000,1.000000,0,-0
1.000000,1.000000,0,-0
1.000000,1.000000,0,-0
1.000000,1.000000,0,-0
1.000000,1.000000,0,-0
1.000000,1.000000,0,-0
1.000000,1.000000,0,-0
1.000000,1.000000,0,-0
1.000000,1.000000,0,-0
1.000000,1.000000,0,-0
1.000000,1.000000,0,-0
1.000000,1.000000,0,-0
1.000000,1.000000,0,-0
1.000000,1.000000,0,-0
1.000000,1.000000,0,-0
1.000000,1.000000,0.594853,-0.594853
1.000000,1.000000,0.6048,-0.6048
1.000000,1.000000,0,-0
1.000000,1.000000,0,-0
1.000000,1.000000,0,-0
1.000000,1.000000,0,-0
1.000000,1.000000,0,-0
1.000000,1.000000,0,-0
1.000000,1.000000,0,-0
1.000000,1.000000,0,-0
1.000000,1.000000,0,-0
1.000000,1.000000,0,-0
1.000000,1.000000,0,-0
1.000000,1.000000,0,-0
1.000000,1.000000,0,-0
1.000000,1.000000,0,-0
1.000000,1.000000,0,-0
1.000000,1.000000,0,-0
1.000000,1.000000,0,-0
1.000000,1.000000,0,-0
1.000000,1.000000,0,-0
1.000000,1.000000,0,-0
1.000000,1.000000,0,-0
1.000000,1.000000,0,-0
1.000000,1.000000,0,-0
1.000000,1.000000,0,-0
1.000000,1.000000,0,-0
1.000000,1.000000,0,-0
1.000000,1.000000,0,-0
1.000000,1.000000,0,-0
1.000000,1.000000,0,-0
1.000000,1.000000,0,-0
1.000000,1.000000,0,-0
1.000000,1.000000,0,-0
1.000000,1.000000,0,-0
1.000000,1.000000,0,-0
1.000000,1.000000,0,-0
1.000000,1.000000,0,-0
1.000000,1.000000,0,-0
1.000000,1.000000,0,-0
1.000000,1.000000,0,-0
1.000000,1.000000,0,-0
1.000000,1.000000,0,-0
1.000000,1.000000,0,-0
1.000000,1.000000,0,-0
1.000000,1.000000,0,-0
1.000000,1.000000,0,-0
1.000000,1.000000,0,-0
1.000000,1.000000,0,-0
1.000000,1.000000,0,-0
1.000000,1.000000,0,-0
1.000000,1.000000,0,-0
1.000000,1.000000,0,-0
1.000000,1.000000,0,-0
1.000000,1.000000,0,-0
1.000000,1.000000,0,-0
1.000000,1.000000,0,-0
1.000000,1.000000,0,-0
1.000000,1.000000,0,-0
1.000000,1.000000,0,-0
1.000000,1.000000,0,-0
1.000000,1.000000,0,-0
1.000000,1.000000,0,-0
1.000000,1.000000,0,-0
1.000000,1.000000,0,-0
1.000000,1.000000,0,-0
1.000000,1.000000,0,-0
1.000000,1.000000,0,-0
1.000000,1.000000,0,-0
1.000000,1.000000,0,-0
1.000000,1.000000,0,-0
1.000000,1.000000,0,-0
1.000000,1.000000,0,-0
1.000000,1.000000,0,-0
1.000000,1.000000,0,-0
1.000000,1.000000,0,-0
1.000000,1.000000,0,-0
1.000000,1.000000,0,-0
1.000000,1.000000,0,-0
1.000000,1.000000,0,-0
1.000000,1.000000,0,-0
1.000000,1.000000,0,-0
1.000000,1.000000,0,-0
1.000000,1.000000,0,-0
1.000000,1.000000,0,-0
1.000000,1.000000,0,-0
1.000000,1.000000,0,-0
1.000000,1.000000,0,-0
1.000000,1.000000,0,-0
1.000000,1.000000,0,-0
1.000000,1.000000,0,-0
1.000000,1.000000,0,-0
1.000000,1.000000,0,-0
1.000000,1.000000,0,-0
1.000000,1.000000,0,-0
1.000000,1.000000,0,-0
1.000000,1.000000,0,-0
1.000000,1.000000,0,-0
1.000000,1.000000,0,-0
1.000000,1.000000,0,-0
1.000000,1.000000,0,-0
1.000000,1.000000,0,-0
1.000000,1.000000,0,-0
1.000000,1.000000,0,-0
1.000000,1.000000,0,-0
1.000000,1.000000,0,-0
1.000000,1.000000,0,-0
1.000000,1.000000,0,-0
1.000000,1.000000,0,-0
1.000000,1.000000,0,-0
1.000000,1.000000,0,-0
1.000000,1.000000,0,-0
1.000000,1.000000,0,-0
1.000000,1.000000,0,-0
1.000000,1.000000,0,-0
1.000000,1.000000,0,-0
1.000000,1.000000,0,-0
1.000000,1.000000,0,-0
1.000000,1.000000,0.508104,-0.508104
1.000000,1.000000,0.6048,-0.6048
1.000000,1.000000,0.6048,-0.6048
1.000000,1.000000,0.6048,-0.6048
1.000000,1.000000,0.6048,-0.6048
1.000000,1.000000,0.6048,-0.6048
1.000000,1.000000,0.6048,-0.6048
1.000000,1.000000,0.6048,-0.6048
1.000000,1.000000,0.6048,-0.6048
1.000000,1.000000,0.6048,-0.6048
1.000000,1.000000,0.6048,-0.6048
1.000000,1.000000,0.6048,-0.6048
1.000000,1.000000,0.6048,-0.6048
1.000000,1.000000,0.6048,-0.6048
1.000000,1.000000,0.6048,-0.6048
1.000000,1.000000,0.6048,-0.6048
1.000000,1.000000,0.6048,-0.6048
1.000000,1.000000,0.6048,-0.6048
1.000000,1.000000,0.6048,-0.6048
1.000000,1.000000,0.6048,-0.6048
1.000000,1.000000,0.6048,-0.6048
1.000000,1.000000,0.6048,-0.6048
1.000000,1.000000,0.6048,-0.6048
1.000000,1.000000,0.560705,-0.560705
1.000000,1.000000,0.560702,-0.560702
1.000000,1.000000,0.560699,-0.560699
1.000000,1.000000,0.560697,-0.560697
1.000000,1.000000,0.368429,-0.368429
1.000000,1.000000,0.368426,-0.368426
1.000000,1.000000,0.368422,-0.368422
1.000000,1.000000,0.368419,-0.368419
1.000000,1.000000,0.368416,-0.368416
1.000000,1.000000,0.485111,-0.485111
1.000000,1.000000,0.485109,-0.485109
1.000000,1.000000,0.485105,-0.485105
1.000000,1.000000,0.485103,-0.485103
1.000000,1.000000,0.591325,-0.591325
1.000000,1.000000,0.591322,-0.591322
1.000000,1.000000,0.591319,-0.591319
1.000000,1.000000,0.591316,-0.591316
1.000000,1.000000,0.6048,-0.6048
1.000000,1.000000,0.6048,-0.6048
1.000000,1.000000,0.6048,-0.6048
1.000000,1.000000,0.6048,-0.6048
1.000000,1.000000,0.6048,-0.6048
1.000000,1.000000,0.6048,-0.6048
1.000000,1.000000,0.6048,-0.6048
1.000000,1.000000,0.6048,-0.6048
1.000000,1.000000,0.6048,-0.6048
1.000000,1.000000,0.508055,-0.508055
1.000000,1.000000,0.508071,-0.508071
1.000000,1.000000,0.508087,-0.508087
1.000000,1.000000,0.508102,-0.508102
1.000000,1.000000,0.6048,-0.6048
1.000000,1.000000,0.6048,-0.6048
1.000000,1.000000,0.6048,-0.6048
1.000000,1.000000,0.6048,-0.6048
1.000000,1.000000,0.6048,-0.6048
1.000000,1.000000,0.6048,-0.6048
1.000000,1.000000,0.6048,-0.6048
1.000000,1.000000,0.6048,-0.6048
1.000000,1.000000,0.6048,-0.6048
1.000000,1.000000,0.6048,-0.6048
1.000000,1.000000,0.6048,-0.6048
1.000000,1.000000,0.6048,-0.6048
1.000000,1.000000,0.6048,-0.6048
1.000000,1.000000,0.6048,-0.6048
1.000000,1.000000,0.6048,-0.6048
1.000000,1.000000,0.6048,-0.6048
1.000000,1.000000,0.6048,-0.6048
1.000000,1.000000,0.6048,-0.6048
1.000000,1.000000,0.6048,-0.6048
1.000000,1.000000,0.6048,-0.6048
1.000000,1.000000,0.6048,-0.6048
1.000000,1.000000,0.6048,-0.6048
1.000000,1.000000,0.561125,-0.561125
1.000000,1.000000,0.56114,-0.56114
1.000000,1.000000,0.561156,-0.561156
1.000000,1.000000,0.561171,-0.561171
1.000000,1.000000,0.368964,-0.368964
1.000000,1.000000,0.368981,-0.368981
1.000000,1.000000,0.368997,-0.368997
1.000000,1.000000,0.369014,-0.369014
1.000000,1.000000,0.369031,-0.369031
1.000000,1.000000,0.485716,-0.485716
1.000000,1.000000,0.485732,-0.485732
1.000000,1.000000,0.485748,-0.485748
1.000000,1.000000,0.485764,-0.485764
1.000000,1.000000,0.591974,-0.591974
1.000000,1.000000,0.591989,-0.591989
1.000000,1.000000,0,-0
1.000000,1.000000,0.592019,-0.592019
1.000000,1.000000,0,-0
1.000000,1.000000,0,-0
1.000000,1.000000,0,-0
1.000000,1.000000,0,-0
1.000000,1.000000,0,-0
1.000000,1.000000,0,-0
1.000000,1.000000,0,-0
1.000000,1.000000,0,-0
1.000000,1.000000,0,-0
1.000000,1.000000,0,-0
1.000000,1.000000,0,-0
1.000000,1.000000,0,-0
1.000000,1.000000,0,-0
1.000000,1.000000,0.6048,-0.6048
1.000000,1.000000,0.6048,-0.6048
1.000000,1.000000,0.6048,-0.6048
1.000000,1.000000,0.6048,-0.6048
1.000000,1.000000,0.6048,-0.6048
1.000000,1.000000,0.6048,-0.6048
1.000000,1.000000,0.6048,-0.6048
1.000000,1.000000,0.6048,-0.6048
1.000000,1.000000,0.6048,-0.6048
1.000000,1.000000,0.6048,-0.6048
1.000000,1.000000,0.6048,-0.6048
1.000000,1.000000,0.6048,-0.6048
1.000000,1.000000,0.6048,-0.6048
1.000000,1.000000,0.6048,-0.6048
1.000000,1.000000,0.6048,-0.6048
1.000000,1.000000,0.6048,-0.6048
1.000000,1.000000,0.6048,-0.6048
1.000000,1.000000,0.6048,-0.6048
1.000000,1.000000,0.6048,-0.6048
1.000000,1.000000,0.6048,-0.6048
1.000000,1.000000,0.6048,-0.6048
1.000000,1.000000,0.6048,-0.6048
1.000000,1.000000,0.562492,-0.562492
1.000000,1.000000,0.562525,-0.562525
1.000000,1.000000,0.562559,-0.562559
1.000000,1.000000,0.562593,-0.562593
1.000000,1.000000,0.370528,-0.370528
1.000000,1.000000,0.370564,-0.370564
1.000000,1.000000,0.370601,-0.370601
1.000000,1.000000,0.370637,-0.370637
1.000000,1.000000,0.370674,-0.370674
1.000000,1.000000,0.487298,-0.487298
1.000000,1.000000,0.487333,-0.487333
1.000000,1.000000,0.487368,-0.487368
1.000000,1.000000,0.487402,-0.487402
1.000000,1.000000,0.593555,-0.593555
1.000000,1.000000,0.593588,-0.593588
