0cont_fund,0ins_pout,0ins_price,0infra_npv,0debt_serv,0gross_rev,0cont_contrib,0drought_cost,0water_price
0,0,0,0,1.62844e-42,2.72624e+07,-1.87348e+06,1.87348e+06,1.37592e+07
0,0,0,0,0,2.57168e+07,-872504,872504,1.37592e+07
0,0,0,0,0,2.57251e+07,-870377,870377,1.37592e+07
0,0,0,0,0,2.57335e+07,-868249,868249,1.37592e+07
0,0,0,0,0,2.83885e+07,-866121,866121,1.37592e+07
0,0,0,0,0,2.75847e+07,-341201,341201,1.37592e+07
0,0,0,0,0,2.7594e+07,-338821,338821,1.37592e+07
0,0,0,0,0,2.76032e+07,-336441,336441,1.37592e+07
0,0,0,0,0,2.39628e+07,-334060,334060,1.37592e+07
0,0,0,0,0,2.5064e+07,-1.03461e+06,1.03461e+06,1.37592e+07
0,0,0,0,0,2.5072e+07,-1.03257e+06,1.03257e+06,1.37592e+07
0,0,0,0,0,2.508e+07,-1.03052e+06,1.03052e+06,1.37592e+07
0,0,0,0,0,2.50881e+07,-1.02848e+06,1.02848e+06,1.37592e+07
0,0,0,0,0,2.6002e+07,-1.02643e+06,1.02643e+06,1.37592e+07
0,0,0,0,0,2.57423e+07,-852004,852004,1.37592e+07
0,0,0,0,0,2.57507e+07,-849873,849873,1.37592e+07
0,0,0,0,0,2.5759e+07,-847742,847742,1.37592e+07
0,0,0,0,0,2.54139e+07,-845610,845610,1.37592e+07
0,0,0,0,0,2.55264e+07,-910555,910555,1.37592e+07
0,0,0,0,0,2.55346e+07,-908454,908454,1.37592e+07
0,0,0,0,0,2.55429e+07,-906352,906352,1.37592e+07
0,0,0,0,0,2.67841e+07,-904250,904250,1.37592e+07
0,0,0,0,0,2.64221e+07,-663820,663820,1.37592e+07
0,0,0,0,0,2.64308e+07,-661603,661603,1.37592e+07
0,0,0,0,0,2.64395e+07,-659386,659386,1.37592e+07
0,0,0,0,0,2.64481e+07,-657168,657168,1.37592e+07
0,0,0,0,0,2.67478e+07,-654950,654950,1.37592e+07
0,0,0,0,0,2.65523e+07,-521429,521429,1.37592e+07
0,0,0,0,0,2.6561e+07,-519147,519147,1.37592e+07
0,0,0,0,0,2.65698e+07,-516864,516864,1.37592e+07
0,0,0,0,0,2.71959e+07,-514581,514581,1.37592e+07
0,0,0,0,0,2.70225e+07,-395056,395056,1.37592e+07
0,0,0,0,0,2.70314e+07,-392715,392715,1.37592e+07
0,0,0,0,0,2.70403e+07,-390374,390374,1.37592e+07
0,0,0,0,0,2.91006e+07,-388033,388033,1.37592e+07
0,0,0,0,0,2.85105e+07,0,0,1.37592e+07
0,0,0,0,0,2.8524e+07,0,0,1.37592e+07
0,0,0,0,0,2.85376e+07,0,0,1.37592e+07
0,0,0,0,0,2.85512e+07,0,0,1.37592e+07
0,0,0,0,0,2.74102e+07,0,0,1.37592e+07
0,0,0,0,0,2.77451e+07,-206931,206931,1.37592e+07
0,0,0,0,0,2.77544e+07,-204506,204506,1.37592e+07
0,0,0,0,0,2.77637e+07,-202081,202081,1.37592e+07
0,0,0,0,0,2.67541e+07,-199655,199655,1.37592e+07
0,0,0,0,0,2.71289e+07,-432479,432479,1.37592e+07
0,0,0,0,0,2.71379e+07,-430164,430164,1.37592e+07
0,0,0,0,0,2.71468e+07,-427847,427847,1.37592e+07
0,0,0,0,0,2.47921e+07,-425530,425530,1.37592e+07
0,0,0,0,0,2.55637e+07,-914104,914104,1.37592e+07
0,0,0,0,0,2.55719e+07,-912019,912019,1.37592e+07
0,0,0,0,0,2.55801e+07,-909933,909933,1.37592e+07
0,0,0,0,0,2.55883e+07,-907846,907846,1.37592e+07
0,0,0,7.00177e+07,1.62844e-42,2.63673e+07,-905760,905760,1.37592e+07
0,0,0,7.00177e+07,0,2.61539e+07,-761236,761236,1.37592e+07
0,0,0,7.00177e+07,0,2.61621e+07,-759147,759147,1.37592e+07
0,0,0,7.00177e+07,0,2.61703e+07,-757058,757058,1.37592e+07
0,0,0,7.00177e+07,0,2.88913e+07,-754968,754968,1.37592e+07
0,0,0,7.00177e+07,0,2.80671e+07,-217022,217022,1.37592e+07
0,0,0,7.00177e+07,0,2.80761e+07,-214685,214685,1.37592e+07
0,0,0,7.00177e+07,0,2.80852e+07,-212348,212348,1.37592e+07
0,0,0,7.00177e+07,0,2.43537e+07,-210010,210010,1.37592e+07
0,0,0,7.00177e+07,0,2.5482e+07,-928116,928116,1.37592e+07
0,0,0,7.00177e+07,0,2.54899e+07,-926107,926107,1.37592e+07
0,0,0,7.00177e+07,0,2.54978e+07,-924098,924098,1.37592e+07
0,0,0,7.00177e+07,0,2.55057e+07,-922088,922088,1.37592e+07
0,0,0,7.00177e+07,0,2.6442e+07,-920078,920078,1.37592e+07
0,0,0,7.00177e+07,0,2.61754e+07,-741415,741415,1.37592e+07
0,0,0,7.00177e+07,0,2.61836e+07,-739323,739323,1.37592e+07
0,0,0,7.00177e+07,0,2.61918e+07,-737231,737231,1.37592e+07
0,0,0,7.00177e+07,0,2.58378e+07,-735137,735137,1.37592e+07
0,0,0,7.00177e+07,0,2.59527e+07,-801779,801779,1.37592e+07
0,0,0,7.00177e+07,0,2.59608e+07,-799716,799716,1.37592e+07
0,0,0,7.00177e+07,0,2.59689e+07,-797653,797653,1.37592e+07
0,0,0,7.00177e+07,0,2.72404e+07,-795589,795589,1.37592e+07
0,0,0,7.00177e+07,0,2.68691e+07,-549324,549324,1.37592e+07
0,0,0,7.00177e+07,0,2.68776e+07,-547148,547148,1.37592e+07
0,0,0,7.00177e+07,0,2.68861e+07,-544971,544971,1.37592e+07
0,0,0,7.00177e+07,0,2.68946e+07,-542793,542793,1.37592e+07
0,0,0,7.00177e+07,0,2.72013e+07,-540615,540615,1.37592e+07
0,0,0,7.00177e+07,0,2.70006e+07,-403913,403913,1.37592e+07
0,0,0,7.00177e+07,0,2.70092e+07,-401673,401673,1.37592e+07
0,0,0,7.00177e+07,0,2.70178e+07,-399431,399431,1.37592e+07
0,0,0,7.00177e+07,0,2.76588e+07,-397190,397190,1.37592e+07
0,0,0,7.00177e+07,0,2.74808e+07,-274838,274838,1.37592e+07
0,0,0,7.00177e+07,0,2.74896e+07,-272541,272541,1.37592e+07
0,0,0,7.00177e+07,0,2.74983e+07,-270243,270243,1.37592e+07
0,0,0,7.00177e+07,0,2.96085e+07,-267944,267944,1.37592e+07
0,0,0,7.00177e+07,0,2.92049e+07,0,0,1.37592e+07
0,0,0,7.00177e+07,0,2.92182e+07,0,0,1.37592e+07
0,0,0,7.00177e+07,0,2.92315e+07,0,0,1.37592e+07
0,0,0,7.00177e+07,0,2.92448e+07,0,0,1.37592e+07
0,0,0,7.00177e+07,0,2.80756e+07,0,0,1.37592e+07
0,0,0,7.00177e+07,0,2.82176e+07,-83045,83045,1.37592e+07
0,0,0,7.00177e+07,0,2.82266e+07,-80664.2,80664.2,1.37592e+07
0,0,0,7.00177e+07,0,2.82357e+07,-78283.2,78283.2,1.37592e+07
0,0,0,7.00177e+07,0,2.72014e+07,-75901.4,75901.4,1.37592e+07
0,0,0,7.00177e+07,0,2.75849e+07,-314463,314463,1.37592e+07
0,0,0,7.00177e+07,0,2.75936e+07,-312189,312189,1.37592e+07
0,0,0,7.00177e+07,0,2.76024e+07,-309915,309915,1.37592e+07
0,0,0,7.00177e+07,0,2.51906e+07,-307641,307641,1.37592e+07
0,0,0,7.00177e+07,0,2.59804e+07,-808094,808094,1.37592e+07
0,0,0,7.00177e+07,0,2.59885e+07,-806047,806047,1.37592e+07
0,0,0,7.00177e+07,0,2.59965e+07,-804000,804000,1.37592e+07
0,0,0,7.00177e+07,0,2.60046e+07,-801952,801952,1.37592e+07
0,0,0,7.00177e+07,1.62844e-42,2.68019e+07,-799904,799904,1.37592e+07
0,0,0,7.00177e+07,0,2.6583e+07,-652000,652000,1.37592e+07
0,0,0,7.00177e+07,0,2.65911e+07,-649954,649954,1.37592e+07
0,0,0,7.00177e+07,0,2.65991e+07,-647907,647907,1.37592e+07
0,0,0,7.00177e+07,0,2.93848e+07,-645860,645860,1.37592e+07
0,0,0,7.00177e+07,0,2.85405e+07,-95133.8,95133.8,1.37592e+07
0,0,0,7.00177e+07,0,2.85493e+07,-92845.1,92845.1,1.37592e+07
0,0,0,7.00177e+07,0,2.85582e+07,-90555.6,90555.6,1.37592e+07
0,0,0,7.00177e+07,0,2.47373e+07,-88265.7,88265.7,1.37592e+07
0,0,0,7.00177e+07,0,2.58922e+07,-823602,823602,1.37592e+07
0,0,0,7.00177e+07,0,2.58999e+07,-821635,821635,1.37592e+07
0,0,0,7.00177e+07,0,2.59076e+07,-819667,819667,1.37592e+07
0,0,0,7.00177e+07,0,2.59154e+07,-817698,817698,1.37592e+07
0,0,0,7.00177e+07,0,2.68736e+07,-815729,815729,1.37592e+07
0,0,0,7.00177e+07,0,2.66003e+07,-632913,632913,1.37592e+07
0,0,0,7.00177e+07,0,2.66084e+07,-630864,630864,1.37592e+07
0,0,0,7.00177e+07,0,2.66164e+07,-628815,628815,1.37592e+07
0,0,0,7.00177e+07,0,2.62536e+07,-626765,626765,1.37592e+07
0,0,0,7.00177e+07,0,2.63709e+07,-695076,695076,1.37592e+07
0,0,0,7.00177e+07,0,2.63789e+07,-693056,693056,1.37592e+07
0,0,0,7.00177e+07,0,2.63868e+07,-691036,691036,1.37592e+07
0,0,0,7.00177e+07,0,2.76878e+07,-689014,689014,1.37592e+07
0,0,0,7.00177e+07,0,2.73074e+07,-437033,437033,1.37592e+07
0,0,0,7.00177e+07,0,2.73158e+07,-434901,434901,1.37592e+07
0,0,0,7.00177e+07,0,2.73241e+07,-432769,432769,1.37592e+07
0,0,0,7.00177e+07,0,2.73324e+07,-430636,430636,1.37592e+07
0,0,0,7.00177e+07,0,2.76459e+07,-428504,428504,1.37592e+07
0,0,0,7.00177e+07,0,2.74402e+07,-288687,288687,1.37592e+07
0,0,0,7.00177e+07,0,2.74486e+07,-286493,286493,1.37592e+07
0,0,0,7.00177e+07,0,2.74569e+07,-284299,284299,1.37592e+07
0,0,0,7.00177e+07,0,2.81126e+07,-282104,282104,1.37592e+07
0,0,0,7.00177e+07,0,2.793e+07,-156988,156988,1.37592e+07
0,0,0,7.00177e+07,0,2.79386e+07,-154738,154738,1.37592e+07
0,0,0,7.00177e+07,0,2.79472e+07,-152487,152487,1.37592e+07
0,0,0,7.00177e+07,0,3.01062e+07,-150236,150236,1.37592e+07
0,0,0,7.00177e+07,0,2.98855e+07,0,0,1.37592e+07
0,0,0,7.00177e+07,0,2.98985e+07,0,0,1.37592e+07
0,0,0,7.00177e+07,0,2.99115e+07,0,0,1.37592e+07
0,0,0,7.00177e+07,0,2.99246e+07,0,0,1.37592e+07
0,0,0,7.00177e+07,0,2.87276e+07,0,0,1.37592e+07
0,0,0,7.00177e+07,0,2.87401e+07,0,0,1.37592e+07
0,0,0,7.00177e+07,0,2.87526e+07,0,0,1.37592e+07
0,0,0,7.00177e+07,0,2.87651e+07,0,0,1.37592e+07
0,0,0,7.00177e+07,0,2.77101e+07,0,0,1.37592e+07
0,0,0,7.00177e+07,0,2.80315e+07,-198843,198843,1.37592e+07
0,0,0,7.00177e+07,0,2.80401e+07,-196617,196617,1.37592e+07
0,0,0,7.00177e+07,0,2.80487e+07,-194391,194391,1.37592e+07
0,0,0,7.00177e+07,0,2.55809e+07,-192164,192164,1.37592e+07
0,0,0,7.00177e+07,0,2.63886e+07,-704260,704260,1.37592e+07
0,0,0,7.00177e+07,0,2.63965e+07,-702255,702255,1.37592e+07
0,0,0,7.00177e+07,0,2.64044e+07,-700251,700251,1.37592e+07
0,0,0,7.00177e+07,0,2.64123e+07,-698246,698246,1.37592e+07
0,0,0,7.00177e+07,1.62844e-42,2.72275e+07,-696240,696240,1.37592e+07
0,0,0,7.00177e+07,0,2.70032e+07,-545030,545030,1.37592e+07
0,0,0,7.00177e+07,0,2.70111e+07,-543030,543030,1.37592e+07
0,0,0,7.00177e+07,0,2.7019e+07,-541030,541030,1.37592e+07
0,0,0,7.00177e+07,0,2.9868e+07,-539029,539029,1.37592e+07
0,0,0,7.00177e+07,0,2.90416e+07,0,0,1.37592e+07
0,0,0,7.00177e+07,0,2.90538e+07,0,0,1.37592e+07
0,0,0,7.00177e+07,0,2.90659e+07,0,0,1.37592e+07
0,0,0,7.00177e+07,0,2.5161e+07,0,0,1.37592e+07
0,0,0,7.00177e+07,0,2.62937e+07,-721289,721289,1.37592e+07
0,0,0,7.00177e+07,0,2.63013e+07,-719366,719366,1.37592e+07
0,0,0,7.00177e+07,0,2.63088e+07,-717443,717443,1.37592e+07
0,0,0,7.00177e+07,0,2.63164e+07,-715519,715519,1.37592e+07
0,0,0,7.00177e+07,0,2.7296e+07,-713595,713595,1.37592e+07
0,0,0,7.00177e+07,0,2.70162e+07,-526717,526717,1.37592e+07
0,0,0,7.00177e+07,0,2.7024e+07,-524714,524714,1.37592e+07
0,0,0,7.00177e+07,0,2.70319e+07,-522711,522711,1.37592e+07
0,0,0,7.00177e+07,0,2.66605e+07,-520708,520708,1.37592e+07
0,0,0,7.00177e+07,0,2.67801e+07,-590658,590658,1.37592e+07
0,0,0,7.00177e+07,0,2.67879e+07,-588683,588683,1.37592e+07
0,0,0,7.00177e+07,0,2.67956e+07,-586708,586708,1.37592e+07
0,0,0,7.00177e+07,0,2.81257e+07,-584733,584733,1.37592e+07
0,0,0,7.00177e+07,0,2.77363e+07,-327162,327162,1.37592e+07
0,0,0,7.00177e+07,0,2.77445e+07,-325079,325079,1.37592e+07
0,0,0,7.00177e+07,0,2.77526e+07,-322995,322995,1.37592e+07
0,0,0,7.00177e+07,0,2.77607e+07,-320911,320911,1.37592e+07
0,0,0,7.00177e+07,0,2.80809e+07,-318827,318827,1.37592e+07
0,0,0,7.00177e+07,0,2.78701e+07,-175969,175969,1.37592e+07
0,0,0,7.00177e+07,0,2.78783e+07,-173824,173824,1.37592e+07
0,0,0,7.00177e+07,0,2.78865e+07,-171680,171680,1.37592e+07
0,0,0,7.00177e+07,0,2.85565e+07,-169535,169535,1.37592e+07
0,0,0,7.00177e+07,0,2.83694e+07,-41719.3,41719.3,1.37592e+07
0,0,0,7.00177e+07,0,2.83778e+07,-39520.6,39520.6,1.37592e+07
0,0,0,7.00177e+07,0,2.83862e+07,-37321.2,37321.2,1.37592e+07
0,0,0,7.00177e+07,0,3.05929e+07,-35121.9,35121.9,1.37592e+07
0,0,0,7.00177e+07,0,3.0551e+07,0,0,1.37592e+07
0,0,0,7.00177e+07,0,3.05637e+07,0,0,1.37592e+07
0,0,0,7.00177e+07,0,3.05765e+07,0,0,1.37592e+07
0,0,0,7.00177e+07,0,3.05892e+07,0,0,1.37592e+07
0,0,0,7.00177e+07,0,2.93651e+07,0,0,1.37592e+07
0,0,0,7.00177e+07,0,2.93773e+07,0,0,1.37592e+07
0,0,0,7.00177e+07,0,2.93895e+07,0,0,1.37592e+07
0,0,0,7.00177e+07,0,2.94018e+07,0,0,1.37592e+07
0,0,0,7.00177e+07,0,2.83228e+07,0,0,1.37592e+07
0,0,0,7.00177e+07,0,2.84681e+07,-85817.1,85817.1,1.37592e+07
0,0,0,7.00177e+07,0,2.84765e+07,-83642.1,83642.1,1.37592e+07
0,0,0,7.00177e+07,0,2.84849e+07,-81466.7,81466.7,1.37592e+07
0,0,0,7.00177e+07,0,2.59623e+07,-79290.9,79290.9,1.37592e+07
0,0,0,7.00177e+07,0,2.67875e+07,-602770,602770,1.37592e+07
0,0,0,7.00177e+07,0,2.67952e+07,-600812,600812,1.37592e+07
0,0,0,7.00177e+07,0,2.68029e+07,-598853,598853,1.37592e+07
0,0,0,7.00177e+07,0,2.68106e+07,-596894,596894,1.37592e+07
0,0,0,3.42023e+08,1.62844e-42,2.76434e+07,-594934,594934,1.37592e+07
0,0,0,3.42023e+08,0,2.74139e+07,-440497,440497,1.37592e+07
0,0,0,3.42023e+08,0,2.74215e+07,-438546,438546,1.37592e+07
0,0,0,3.42023e+08,0,2.74292e+07,-436594,436594,1.37592e+07
0,0,0,3.42023e+08,0,3.03402e+07,-434642,434642,1.37592e+07
0,0,0,3.42023e+08,0,2.96758e+07,0,0,1.37592e+07
0,0,0,3.42023e+08,0,2.96877e+07,0,0,1.37592e+07
0,0,0,3.42023e+08,0,2.96996e+07,0,0,1.37592e+07
0,0,0,3.42023e+08,0,2.5709e+07,0,0,1.37592e+07
0,0,0,3.42023e+08,0,2.6686e+07,-621333,621333,1.37592e+07
0,0,0,3.42023e+08,0,2.66934e+07,-619456,619456,1.37592e+07
0,0,0,3.42023e+08,0,2.67008e+07,-617580,617580,1.37592e+07
0,0,0,3.42023e+08,0,2.67081e+07,-615703,615703,1.37592e+07
0,0,0,3.42023e+08,0,2.77086e+07,-613825,613825,1.37592e+07
0,0,0,3.42023e+08,0,2.74224e+07,-422984,422984,1.37592e+07
0,0,0,3.42023e+08,0,2.743e+07,-421030,421030,1.37592e+07
0,0,0,3.42023e+08,0,2.74377e+07,-419075,419075,1.37592e+07
0,0,0,3.42023e+08,0,2.70579e+07,-417121,417121,1.37592e+07
0,0,0,3.42023e+08,0,2.71798e+07,-488674,488674,1.37592e+07
0,0,0,3.42023e+08,0,2.71874e+07,-486748,486748,1.37592e+07
0,0,0,3.42023e+08,0,2.71949e+07,-484822,484822,1.37592e+07
0,0,0,3.42023e+08,0,2.85532e+07,-482894,482894,1.37592e+07
0,0,0,3.42023e+08,0,2.81551e+07,-219868,219868,1.37592e+07
0,0,0,3.42023e+08,0,2.8163e+07,-217836,217836,1.37592e+07
0,0,0,3.42023e+08,0,2.8171e+07,-215803,215803,1.37592e+07
0,0,0,3.42023e+08,0,2.81789e+07,-213770,213770,1.37592e+07
0,0,0,3.42023e+08,0,2.85056e+07,-211736,211736,1.37592e+07
0,0,0,3.42023e+08,0,2.82899e+07,-65911.8,65911.8,1.37592e+07
0,0,0,3.42023e+08,0,2.82979e+07,-63819.9,63819.9,1.37592e+07
0,0,0,3.42023e+08,0,2.83059e+07,-61727.6,61727.6,1.37592e+07
0,0,0,3.42023e+08,0,2.89898e+07,-59634.9,59634.9,1.37592e+07
0,0,0,3.42023e+08,0,2.89085e+07,0,0,1.37592e+07
0,0,0,3.42023e+08,0,2.89201e+07,0,0,1.37592e+07
0,0,0,3.42023e+08,0,2.89316e+07,0,0,1.37592e+07
0,0,0,3.42023e+08,0,3.11882e+07,0,0,1.37592e+07
0,0,0,3.42023e+08,0,3.12006e+07,0,0,1.37592e+07
0,0,0,3.42023e+08,0,3.1213e+07,0,0,1.37592e+07
0,0,0,3.42023e+08,0,3.12255e+07,0,0,1.37592e+07
0,0,0,3.42023e+08,0,3.12379e+07,0,0,1.37592e+07
0,0,0,3.42023e+08,0,2.99872e+07,0,0,1.37592e+07
0,0,0,3.42023e+08,0,2.99992e+07,0,0,1.37592e+07
0,0,0,3.42023e+08,0,3.00111e+07,0,0,1.37592e+07
0,0,0,3.42023e+08,0,3.0023e+07,0,0,1.37592e+07
0,0,0,3.42023e+08,0,2.89207e+07,0,0,1.37592e+07
0,0,0,3.42023e+08,0,2.89322e+07,0,0,1.37592e+07
0,0,0,3.42023e+08,0,2.89437e+07,0,0,1.37592e+07
0,0,0,3.42023e+08,0,2.89552e+07,0,0,1.37592e+07
0,0,0,3.42023e+08,0,2.63825e+07,0,0,1.37592e+07
0,0,0,3.42023e+08,0,2.71767e+07,-503748,503748,1.37592e+07
0,0,0,3.42023e+08,0,2.71842e+07,-501837,501837,1.37592e+07
0,0,0,3.42023e+08,0,2.71917e+07,-499927,499927,1.37592e+07
0,0,0,3.42023e+08,0,2.71992e+07,-498016,498016,1.37592e+07
0,0,0,3.42023e+08,0,2.80492e+07,-496105,496105,1.37592e+07
0,0,0,3.42023e+08,1.62844e-42,2.78144e+07,-338521,338521,1.37592e+07
0,0,0,3.42023e+08,0,2.78219e+07,-336620,336620,1.37592e+07
0,0,0,3.42023e+08,0,2.78294e+07,-334718,334718,1.37592e+07
0,0,0,3.42023e+08,0,3.08007e+07,-332816,332816,1.37592e+07
0,0,0,3.42023e+08,0,3.02945e+07,0,0,1.37592e+07
0,0,0,3.42023e+08,0,3.03061e+07,0,0,1.37592e+07
0,0,0,3.42023e+08,0,3.03177e+07,0,0,1.37592e+07
0,0,0,3.42023e+08,0,2.62436e+07,0,0,1.37592e+07
0,0,0,3.42023e+08,0,2.70686e+07,-523842,523842,1.37592e+07
0,0,0,3.42023e+08,0,2.70758e+07,-522014,522014,1.37592e+07
0,0,0,3.42023e+08,0,2.7083e+07,-520185,520185,1.37592e+07
0,0,0,3.42023e+08,0,2.70901e+07,-518356,518356,1.37592e+07
0,0,0,3.42023e+08,0,2.8111e+07,-516527,516527,1.37592e+07
0,0,0,3.42023e+08,0,2.78185e+07,-321823,321823,1.37592e+07
0,0,0,3.42023e+08,0,2.78259e+07,-319919,319919,1.37592e+07
0,0,0,3.42023e+08,0,2.78334e+07,-318015,318015,1.37592e+07
0,0,0,3.42023e+08,0,2.74454e+07,-316111,316111,1.37592e+07
0,0,0,3.42023e+08,0,2.75695e+07,-389231,389231,1.37592e+07
0,0,0,3.42023e+08,0,2.75768e+07,-387354,387354,1.37592e+07
0,0,0,3.42023e+08,0,2.75842e+07,-385477,385477,1.37592e+07
0,0,0,3.42023e+08,0,2.89701e+07,-383599,383599,1.37592e+07
0,0,0,3.42023e+08,0,2.85634e+07,-115257,115257,1.37592e+07
0,0,0,3.42023e+08,0,2.85711e+07,-113277,113277,1.37592e+07
0,0,0,3.42023e+08,0,2.85789e+07,-111297,111297,1.37592e+07
0,0,0,3.42023e+08,0,2.85866e+07,-109316,109316,1.37592e+07
0,0,0,3.42023e+08,0,2.89196e+07,-107335,107335,1.37592e+07
0,0,0,3.42023e+08,0,2.87635e+07,0,0,1.37592e+07
0,0,0,3.42023e+08,0,2.87745e+07,0,0,1.37592e+07
0,0,0,3.42023e+08,0,2.87854e+07,0,0,1.37592e+07
0,0,0,3.42023e+08,0,2.94861e+07,0,0,1.37592e+07
0,0,0,3.42023e+08,0,2.94973e+07,0,0,1.37592e+07
0,0,0,3.42023e+08,0,2.95085e+07,0,0,1.37592e+07
0,0,0,3.42023e+08,0,2.95197e+07,0,0,1.37592e+07
0,0,0,3.42023e+08,0,3.10745e+07,-747150,747150,1.37592e+07
0,0,0,3.42023e+08,0,3.10863e+07,-747435,747435,1.37592e+07
0,0,0,3.42023e+08,0,3.10981e+07,-747719,747719,1.37592e+07
0,0,0,3.42023e+08,0,3.111e+07,-748003,748003,1.37592e+07
0,0,0,3.42023e+08,0,3.11218e+07,-748287,748287,1.37592e+07
0,0,0,3.42023e+08,0,3.05935e+07,0,0,1.37592e+07
0,0,0,3.42023e+08,0,3.06052e+07,0,0,1.37592e+07
0,0,0,3.42023e+08,0,3.06168e+07,0,0,1.37592e+07
0,0,0,3.42023e+08,0,3.06284e+07,0,0,1.37592e+07
0,0,0,3.42023e+08,0,2.95034e+07,0,0,1.37592e+07
0,0,0,3.42023e+08,0,2.95146e+07,0,0,1.37592e+07
0,0,0,3.42023e+08,0,2.95258e+07,0,0,1.37592e+07
0,0,0,3.42023e+08,0,2.9537e+07,0,0,1.37592e+07
0,0,0,3.42023e+08,0,2.6912e+07,0,0,1.37592e+07
0,0,0,3.42023e+08,0,2.75559e+07,-407268,407268,1.37592e+07
0,0,0,3.42023e+08,0,2.75632e+07,-405408,405408,1.37592e+07
0,0,0,3.42023e+08,0,2.75705e+07,-403547,403547,1.37592e+07
0,0,0,3.42023e+08,0,2.75778e+07,-401686,401686,1.37592e+07
0,0,0,3.42023e+08,0,2.75749e+07,-399824,399824,1.37592e+07
0,0,0,3.42023e+08,8.79249e+06,3.07371e+07,-1.87348e+06,1.87348e+06,1.37592e+07
0,0,0,3.42023e+08,0,3.07473e+07,-1.87348e+06,1.87348e+06,1.37592e+07
0,0,0,3.42023e+08,0,3.07574e+07,-1.87348e+06,1.87348e+06,1.37592e+07
0,0,0,3.42023e+08,0,3.07676e+07,-1.87348e+06,1.87348e+06,1.37592e+07
0,0,0,3.42023e+08,0,3.38006e+07,-1.87348e+06,1.87348e+06,1.37592e+07
0,0,0,3.42023e+08,0,3.37973e+07,-1.86409e+06,1.86409e+06,1.37592e+07
0,0,0,3.42023e+08,0,3.38053e+07,-1.86202e+06,1.86202e+06,1.37592e+07
0,0,0,3.42023e+08,0,3.38134e+07,-1.85995e+06,1.85995e+06,1.37592e+07
0,0,0,3.42023e+08,0,2.96547e+07,-1.85789e+06,1.85789e+06,1.37592e+07
0,0,0,3.42023e+08,0,2.96887e+07,-1.87348e+06,1.87348e+06,1.37592e+07
0,0,0,3.42023e+08,0,2.96985e+07,-1.87348e+06,1.87348e+06,1.37592e+07
0,0,0,3.42023e+08,0,2.97082e+07,-1.87348e+06,1.87348e+06,1.37592e+07
0,0,0,3.42023e+08,0,2.9718e+07,-1.87348e+06,1.87348e+06,1.37592e+07
0,0,0,3.42023e+08,0,3.07614e+07,-1.87348e+06,1.87348e+06,1.37592e+07
0,0,0,3.42023e+08,0,3.07715e+07,-1.87348e+06,1.87348e+06,1.37592e+07
0,0,0,3.42023e+08,0,3.07817e+07,-1.87348e+06,1.87348e+06,1.37592e+07
0,0,0,3.42023e+08,0,3.07918e+07,-1.87348e+06,1.87348e+06,1.37592e+07
0,0,0,3.42023e+08,0,3.03987e+07,-1.87348e+06,1.87348e+06,1.37592e+07
0,0,0,3.42023e+08,0,3.04087e+07,-1.87348e+06,1.87348e+06,1.37592e+07
0,0,0,3.42023e+08,0,3.04187e+07,-1.87348e+06,1.87348e+06,1.37592e+07
0,0,0,3.42023e+08,0,3.04287e+07,-1.87348e+06,1.87348e+06,1.37592e+07
0,0,0,3.42023e+08,0,3.18443e+07,-1.87348e+06,1.87348e+06,1.37592e+07
0,0,0,3.42023e+08,0,3.18548e+07,-1.87348e+06,1.87348e+06,1.37592e+07
0,0,0,3.42023e+08,0,3.18653e+07,-1.87348e+06,1.87348e+06,1.37592e+07
0,0,0,3.42023e+08,0,3.18758e+07,-1.87348e+06,1.87348e+06,1.37592e+07
0,0,0,3.42023e+08,0,3.18864e+07,-1.87348e+06,1.87348e+06,1.37592e+07
0,0,0,3.42023e+08,0,3.22284e+07,-1.87348e+06,1.87348e+06,1.37592e+07
0,0,0,3.42023e+08,0,3.22391e+07,-1.87348e+06,1.87348e+06,1.37592e+07
0,0,0,3.42023e+08,0,3.22497e+07,-1.87348e+06,1.87348e+06,1.37592e+07
0,0,0,3.42023e+08,0,3.22604e+07,-1.87348e+06,1.87348e+06,1.37592e+07
0,0,0,3.42023e+08,0,3.29741e+07,-1.87348e+06,1.87348e+06,1.37592e+07
0,0,0,3.42023e+08,0,3.29851e+07,-1.87348e+06,1.87348e+06,1.37592e+07
0,0,0,3.42023e+08,0,3.2996e+07,-1.87348e+06,1.87348e+06,1.37592e+07
0,0,0,3.42023e+08,0,3.30069e+07,-1.87348e+06,1.87348e+06,1.37592e+07
0,0,0,3.42023e+08,0,3.16764e+07,-761623,761623,1.37592e+07
0,0,0,3.42023e+08,0,3.16879e+07,-761900,761900,1.37592e+07
0,0,0,3.42023e+08,0,3.16994e+07,-762176,762176,1.37592e+07
0,0,0,3.42023e+08,0,3.17109e+07,-762452,762452,1.37592e+07
0,0,0,3.42023e+08,0,3.17224e+07,-762729,762729,1.37592e+07
0,0,0,3.42023e+08,0,3.34278e+07,-1.44259e+06,1.44259e+06,1.37592e+07
0,0,0,3.42023e+08,0,3.38923e+07,-1.73385e+06,1.73385e+06,1.37592e+07
0,0,0,3.42023e+08,0,3.39003e+07,-1.73174e+06,1.73174e+06,1.37592e+07
0,0,0,3.42023e+08,0,3.39084e+07,-1.72964e+06,1.72964e+06,1.37592e+07
0,0,0,3.42023e+08,0,3.27579e+07,-1.72753e+06,1.72753e+06,1.37592e+07
0,0,0,3.42023e+08,0,3.29958e+07,-1.87348e+06,1.87348e+06,1.37592e+07
0,0,0,3.42023e+08,0,3.30067e+07,-1.87348e+06,1.87348e+06,1.37592e+07
0,0,0,3.42023e+08,0,3.30176e+07,-1.87348e+06,1.87348e+06,1.37592e+07
0,0,0,3.42023e+08,0,3.03419e+07,-1.87348e+06,1.87348e+06,1.37592e+07
0,0,0,3.42023e+08,0,3.03518e+07,-1.87348e+06,1.87348e+06,1.37592e+07
0,0,0,3.42023e+08,0,3.03618e+07,-1.87348e+06,1.87348e+06,1.37592e+07
0,0,0,3.42023e+08,0,3.03717e+07,-1.87348e+06,1.87348e+06,1.37592e+07
0,0,0,3.42023e+08,0,3.03816e+07,-1.87348e+06,1.87348e+06,1.37592e+07
0,0,0,3.42023e+08,8.79249e+06,3.12672e+07,-1.87348e+06,1.87348e+06,1.37592e+07
0,0,0,3.42023e+08,0,3.1277e+07,-1.87348e+06,1.87348e+06,1.37592e+07
0,0,0,3.42023e+08,0,3.12869e+07,-1.87348e+06,1.87348e+06,1.37592e+07
0,0,0,3.42023e+08,0,3.12967e+07,-1.87348e+06,1.87348e+06,1.37592e+07
0,0,0,3.42023e+08,0,3.43869e+07,-1.87348e+06,1.87348e+06,1.37592e+07
0,0,0,3.42023e+08,0,3.42156e+07,-1.75637e+06,1.75637e+06,1.37592e+07
0,0,0,3.42023e+08,0,3.42234e+07,-1.75436e+06,1.75436e+06,1.37592e+07
0,0,0,3.42023e+08,0,3.42312e+07,-1.75235e+06,1.75235e+06,1.37592e+07
0,0,0,3.42023e+08,0,2.99935e+07,-1.75034e+06,1.75034e+06,1.37592e+07
0,0,0,3.42023e+08,0,3.01945e+07,-1.87348e+06,1.87348e+06,1.37592e+07
0,0,0,3.42023e+08,0,3.0204e+07,-1.87348e+06,1.87348e+06,1.37592e+07
0,0,0,3.42023e+08,0,3.02135e+07,-1.87348e+06,1.87348e+06,1.37592e+07
0,0,0,3.42023e+08,0,3.02229e+07,-1.87348e+06,1.87348e+06,1.37592e+07
0,0,0,3.42023e+08,0,3.12855e+07,-1.87348e+06,1.87348e+06,1.37592e+07
0,0,0,3.42023e+08,0,3.12954e+07,-1.87348e+06,1.87348e+06,1.37592e+07
0,0,0,3.42023e+08,0,3.13052e+07,-1.87348e+06,1.87348e+06,1.37592e+07
0,0,0,3.42023e+08,0,3.1315e+07,-1.87348e+06,1.87348e+06,1.37592e+07
0,0,0,3.42023e+08,0,3.09141e+07,-1.87348e+06,1.87348e+06,1.37592e+07
0,0,0,3.42023e+08,0,3.09238e+07,-1.87348e+06,1.87348e+06,1.37592e+07
0,0,0,3.42023e+08,0,3.09335e+07,-1.87348e+06,1.87348e+06,1.37592e+07
0,0,0,3.42023e+08,0,3.09432e+07,-1.87348e+06,1.87348e+06,1.37592e+07
0,0,0,3.42023e+08,0,3.23847e+07,-1.87348e+06,1.87348e+06,1.37592e+07
0,0,0,3.42023e+08,0,3.23949e+07,-1.87348e+06,1.87348e+06,1.37592e+07
0,0,0,3.42023e+08,0,3.24051e+07,-1.87348e+06,1.87348e+06,1.37592e+07
0,0,0,3.42023e+08,0,3.24154e+07,-1.87348e+06,1.87348e+06,1.37592e+07
0,0,0,3.42023e+08,0,3.24256e+07,-1.87348e+06,1.87348e+06,1.37592e+07
0,0,0,3.42023e+08,0,3.27735e+07,-1.87348e+06,1.87348e+06,1.37592e+07
0,0,0,3.42023e+08,0,3.27838e+07,-1.87348e+06,1.87348e+06,1.37592e+07
0,0,0,3.42023e+08,0,3.27942e+07,-1.87348e+06,1.87348e+06,1.37592e+07
0,0,0,3.42023e+08,0,3.28045e+07,-1.87348e+06,1.87348e+06,1.37592e+07
0,0,0,3.42023e+08,0,3.3531e+07,-1.87348e+06,1.87348e+06,1.37592e+07
0,0,0,3.42023e+08,0,3.34871e+07,-1.83849e+06,1.83849e+06,1.37592e+07
0,0,0,3.42023e+08,0,3.34947e+07,-1.83652e+06,1.83652e+06,1.37592e+07
0,0,0,3.42023e+08,0,3.35022e+07,-1.83455e+06,1.83455e+06,1.37592e+07
0,0,0,3.42023e+08,0,3.58879e+07,-1.83258e+06,1.83258e+06,1.37592e+07
0,0,0,3.42023e+08,0,3.51315e+07,-1.33907e+06,1.33907e+06,1.37592e+07
0,0,0,3.42023e+08,0,3.51396e+07,-1.33693e+06,1.33693e+06,1.37592e+07
0,0,0,3.42023e+08,0,3.51476e+07,-1.33478e+06,1.33478e+06,1.37592e+07
0,0,0,3.42023e+08,0,3.51557e+07,-1.33264e+06,1.33264e+06,1.37592e+07
0,0,0,3.42023e+08,0,3.38262e+07,-1.3305e+06,1.3305e+06,1.37592e+07
0,0,0,3.42023e+08,0,3.42988e+07,-1.62721e+06,1.62721e+06,1.37592e+07
0,0,0,3.42023e+08,0,3.43066e+07,-1.62517e+06,1.62517e+06,1.37592e+07
0,0,0,3.42023e+08,0,3.43144e+07,-1.62312e+06,1.62312e+06,1.37592e+07
0,0,0,3.42023e+08,0,3.31425e+07,-1.62108e+06,1.62108e+06,1.37592e+07
0,0,0,3.42023e+08,0,3.35457e+07,-1.87348e+06,1.87348e+06,1.37592e+07
0,0,0,3.42023e+08,0,3.35563e+07,-1.87348e+06,1.87348e+06,1.37592e+07
0,0,0,3.42023e+08,0,3.35669e+07,-1.87348e+06,1.87348e+06,1.37592e+07
0,0,0,3.42023e+08,0,3.08419e+07,-1.87348e+06,1.87348e+06,1.37592e+07
0,0,0,3.42023e+08,0,3.08515e+07,-1.87348e+06,1.87348e+06,1.37592e+07
0,0,0,3.42023e+08,0,3.08611e+07,-1.87348e+06,1.87348e+06,1.37592e+07
0,0,0,3.42023e+08,0,3.08708e+07,-1.87348e+06,1.87348e+06,1.37592e+07
0,0,0,3.42023e+08,0,3.08804e+07,-1.87348e+06,1.87348e+06,1.37592e+07
0,0,0,3.42023e+08,4.11553e+07,3.17815e+07,-1.87348e+06,1.87348e+06,1.37592e+07
0,0,0,3.42023e+08,0,3.17911e+07,-1.87348e+06,1.87348e+06,1.37592e+07
0,0,0,3.42023e+08,0,3.18006e+07,-1.87348e+06,1.87348e+06,1.37592e+07
0,0,0,3.42023e+08,0,3.18102e+07,-1.87348e+06,1.87348e+06,1.37592e+07
0,0,0,3.42023e+08,0,3.49557e+07,-1.87348e+06,1.87348e+06,1.37592e+07
0,0,0,3.42023e+08,0,3.46214e+07,-1.65184e+06,1.65184e+06,1.37592e+07
0,0,0,3.42023e+08,0,3.4629e+07,-1.64989e+06,1.64989e+06,1.37592e+07
0,0,0,3.42023e+08,0,3.46366e+07,-1.64795e+06,1.64795e+06,1.37592e+07
0,0,0,3.42023e+08,0,3.03222e+07,-1.646e+06,1.646e+06,1.37592e+07
0,0,0,3.42023e+08,0,3.06853e+07,-1.87348e+06,1.87348e+06,1.37592e+07
0,0,0,3.42023e+08,0,3.06944e+07,-1.87348e+06,1.87348e+06,1.37592e+07
0,0,0,3.42023e+08,0,3.07036e+07,-1.87348e+06,1.87348e+06,1.37592e+07
0,0,0,3.42023e+08,0,3.07128e+07,-1.87348e+06,1.87348e+06,1.37592e+07
0,0,0,3.42023e+08,0,3.1794e+07,-1.87348e+06,1.87348e+06,1.37592e+07
0,0,0,3.42023e+08,0,3.18035e+07,-1.87348e+06,1.87348e+06,1.37592e+07
0,0,0,3.42023e+08,0,3.1813e+07,-1.87348e+06,1.87348e+06,1.37592e+07
0,0,0,3.42023e+08,0,3.18226e+07,-1.87348e+06,1.87348e+06,1.37592e+07
0,0,0,3.42023e+08,0,3.1414e+07,-1.87348e+06,1.87348e+06,1.37592e+07
0,0,0,3.42023e+08,0,3.14234e+07,-1.87348e+06,1.87348e+06,1.37592e+07
0,0,0,3.42023e+08,0,3.14328e+07,-1.87348e+06,1.87348e+06,1.37592e+07
0,0,0,3.42023e+08,0,3.14422e+07,-1.87348e+06,1.87348e+06,1.37592e+07
0,0,0,3.42023e+08,0,3.29089e+07,-1.87348e+06,1.87348e+06,1.37592e+07
0,0,0,3.42023e+08,0,3.29188e+07,-1.87348e+06,1.87348e+06,1.37592e+07
0,0,0,3.42023e+08,0,3.29287e+07,-1.87348e+06,1.87348e+06,1.37592e+07
0,0,0,3.42023e+08,0,3.29385e+07,-1.87348e+06,1.87348e+06,1.37592e+07
0,0,0,3.42023e+08,0,3.29484e+07,-1.87348e+06,1.87348e+06,1.37592e+07
0,0,0,3.42023e+08,0,3.3302e+07,-1.87348e+06,1.87348e+06,1.37592e+07
0,0,0,3.42023e+08,0,3.33121e+07,-1.87348e+06,1.87348e+06,1.37592e+07
0,0,0,3.42023e+08,0,3.33221e+07,-1.87348e+06,1.87348e+06,1.37592e+07
0,0,0,3.42023e+08,0,3.33321e+07,-1.87348e+06,1.87348e+06,1.37592e+07
0,0,0,3.42023e+08,0,3.40708e+07,-1.87348e+06,1.87348e+06,1.37592e+07
0,0,0,3.42023e+08,0,3.38703e+07,-1.73796e+06,1.73796e+06,1.37592e+07
0,0,0,3.42023e+08,0,3.38776e+07,-1.73605e+06,1.73605e+06,1.37592e+07
0,0,0,3.42023e+08,0,3.38848e+07,-1.73414e+06,1.73414e+06,1.37592e+07
0,0,0,3.42023e+08,0,3.63121e+07,-1.73223e+06,1.73223e+06,1.37592e+07
0,0,0,3.42023e+08,0,3.5542e+07,-1.23015e+06,1.23015e+06,1.37592e+07
0,0,0,3.42023e+08,0,3.55498e+07,-1.22807e+06,1.22807e+06,1.37592e+07
0,0,0,3.42023e+08,0,3.55577e+07,-1.22599e+06,1.22599e+06,1.37592e+07
0,0,0,3.42023e+08,0,3.55655e+07,-1.22392e+06,1.22392e+06,1.37592e+07
0,0,0,3.42023e+08,0,3.42123e+07,-1.22184e+06,1.22184e+06,1.37592e+07
0,0,0,3.42023e+08,0,3.46928e+07,-1.52384e+06,1.52384e+06,1.37592e+07
0,0,0,3.42023e+08,0,3.47004e+07,-1.52187e+06,1.52187e+06,1.37592e+07
0,0,0,3.42023e+08,0,3.47079e+07,-1.51989e+06,1.51989e+06,1.37592e+07
0,0,0,3.42023e+08,0,3.35152e+07,-1.51791e+06,1.51791e+06,1.37592e+07
0,0,0,3.42023e+08,0,3.39536e+07,-1.79308e+06,1.79308e+06,1.37592e+07
0,0,0,3.42023e+08,0,3.39609e+07,-1.79119e+06,1.79119e+06,1.37592e+07
0,0,0,3.42023e+08,0,3.39682e+07,-1.7893e+06,1.7893e+06,1.37592e+07
0,0,0,3.42023e+08,0,3.11924e+07,-1.78742e+06,1.78742e+06,1.37592e+07
0,0,0,3.42023e+08,0,3.13357e+07,-1.87348e+06,1.87348e+06,1.37592e+07
0,0,0,3.42023e+08,0,3.1345e+07,-1.87348e+06,1.87348e+06,1.37592e+07
0,0,0,3.42023e+08,0,3.13543e+07,-1.87348e+06,1.87348e+06,1.37592e+07
0,0,0,3.42023e+08,0,3.13637e+07,-1.87348e+06,1.87348e+06,1.37592e+07
0,0,0,3.42023e+08,4.11553e+07,3.22799e+07,-1.87348e+06,1.87348e+06,1.37592e+07
0,0,0,3.42023e+08,0,3.22891e+07,-1.87348e+06,1.87348e+06,1.37592e+07
0,0,0,3.42023e+08,0,3.22984e+07,-1.87348e+06,1.87348e+06,1.37592e+07
0,0,0,3.42023e+08,0,3.23076e+07,-1.87348e+06,1.87348e+06,1.37592e+07
0,0,0,3.42023e+08,0,3.55068e+07,-1.87348e+06,1.87348e+06,1.37592e+07
0,0,0,3.42023e+08,0,3.50146e+07,-1.55057e+06,1.55057e+06,1.37592e+07
0,0,0,3.42023e+08,0,3.50219e+07,-1.54869e+06,1.54869e+06,1.37592e+07
0,0,0,3.42023e+08,0,3.50293e+07,-1.54681e+06,1.54681e+06,1.37592e+07
0,0,0,3.42023e+08,0,3.06406e+07,-1.54492e+06,1.54492e+06,1.37592e+07
0,0,0,3.42023e+08,0,3.11606e+07,-1.87348e+06,1.87348e+06,1.37592e+07
0,0,0,3.42023e+08,0,3.11695e+07,-1.87348e+06,1.87348e+06,1.37592e+07
0,0,0,3.42023e+08,0,2.78603e+07,-5.19152e+06,5.19152e+06,1.55602e+07
0,0,0,3.42023e+08,0,3.11872e+07,-1.87348e+06,1.87348e+06,1.37592e+07
0,0,0,3.42023e+08,0,3.22864e+07,-1.87348e+06,1.87348e+06,1.37592e+07
0,0,0,3.42023e+08,0,2.88464e+07,-5.32269e+06,5.32269e+06,1.55602e+07
0,0,0,3.42023e+08,0,3.23048e+07,-1.87348e+06,1.87348e+06,1.37592e+07
0,0,0,3.42023e+08,0,3.23141e+07,-1.87348e+06,1.87348e+06,1.37592e+07
0,0,0,3.42023e+08,0,3.18981e+07,-1.87348e+06,1.87348e+06,1.37592e+07
0,0,0,3.42023e+08,0,3.19072e+07,-1.87348e+06,1.87348e+06,1.37592e+07
0,0,0,3.42023e+08,0,3.19163e+07,-1.87348e+06,1.87348e+06,1.37592e+07
0,0,0,3.42023e+08,0,3.19254e+07,-1.87348e+06,1.87348e+06,1.37592e+07
0,0,0,3.42023e+08,0,3.34164e+07,-1.87348e+06,1.87348e+06,1.37592e+07
0,0,0,3.42023e+08,0,3.3426e+07,-1.87348e+06,1.87348e+06,1.37592e+07
0,0,0,3.42023e+08,0,3.34355e+07,-1.87348e+06,1.87348e+06,1.37592e+07
0,0,0,3.42023e+08,0,3.34451e+07,-1.87348e+06,1.87348e+06,1.37592e+07
0,0,0,3.42023e+08,0,3.34547e+07,-1.87348e+06,1.87348e+06,1.37592e+07
0,0,0,3.42023e+08,0,3.38138e+07,-1.87348e+06,1.87348e+06,1.37592e+07
0,0,0,3.42023e+08,0,3.36913e+07,-1.78856e+06,1.78856e+06,1.37592e+07
0,0,0,3.42023e+08,0,3.36982e+07,-1.78676e+06,1.78676e+06,1.37592e+07
0,0,0,3.42023e+08,0,3.37051e+07,-1.78495e+06,1.78495e+06,1.37592e+07
0,0,0,3.42023e+08,0,3.44529e+07,-1.78315e+06,1.78315e+06,1.37592e+07
0,0,0,3.42023e+08,0,3.42411e+07,-1.64064e+06,1.64064e+06,1.37592e+07
0,0,0,3.42023e+08,0,3.42482e+07,-1.63879e+06,1.63879e+06,1.37592e+07
0,0,0,3.42023e+08,0,3.42552e+07,-1.63694e+06,1.63694e+06,1.37592e+07
0,0,0,3.42023e+08,0,3.67227e+07,-1.63509e+06,1.63509e+06,1.37592e+07
0,0,0,3.42023e+08,0,3.59393e+07,-1.12472e+06,1.12472e+06,1.37592e+07
0,0,0,3.42023e+08,0,3.59469e+07,-1.12271e+06,1.12271e+06,1.37592e+07
0,0,0,3.42023e+08,0,3.59545e+07,-1.1207e+06,1.1207e+06,1.37592e+07
0,0,0,3.42023e+08,0,3.59621e+07,-1.11869e+06,1.11869e+06,1.37592e+07
0,0,0,3.42023e+08,0,3.4586e+07,-1.11668e+06,1.11668e+06,1.37592e+07
0,0,0,3.42023e+08,0,3.50741e+07,-1.42381e+06,1.42381e+06,1.37592e+07
0,0,0,3.42023e+08,0,3.50814e+07,-1.42189e+06,1.42189e+06,1.37592e+07
0,0,0,3.42023e+08,0,3.50887e+07,-1.41998e+06,1.41998e+06,1.37592e+07
0,0,0,3.42023e+08,0,3.38759e+07,-1.41807e+06,1.41807e+06,1.37592e+07
0,0,0,3.42023e+08,0,3.43212e+07,-1.6979e+06,1.6979e+06,1.37592e+07
0,0,0,3.42023e+08,0,3.43282e+07,-1.69607e+06,1.69607e+06,1.37592e+07
0,0,0,3.42023e+08,0,3.43353e+07,-1.69424e+06,1.69424e+06,1.37592e+07
0,0,0,3.42023e+08,0,3.15134e+07,-1.69241e+06,1.69241e+06,1.37592e+07
0,0,0,3.42023e+08,0,3.18041e+07,-1.87348e+06,1.87348e+06,1.37592e+07
0,0,0,3.42023e+08,0,3.11346e+07,-2.55199e+06,2.55199e+06,1.37592e+07
0,0,0,3.42023e+08,0,2.84286e+07,-5.26711e+06,5.26711e+06,1.55602e+07
0,0,0,3.42023e+08,0,2.84365e+07,-5.26817e+06,5.26817e+06,1.55602e+07
0,0,0,6.49939e+08,4.11553e+07,2.92581e+07,-5.37744e+06,5.37744e+06,1.55602e+07
0,0,0,6.49939e+08,0,2.9266e+07,-5.3785e+06,5.3785e+06,1.55602e+07
0,0,0,6.49939e+08,0,2.92739e+07,-5.37955e+06,5.37955e+06,1.55602e+07
0,0,0,6.49939e+08,0,2.92818e+07,-5.3806e+06,5.3806e+06,1.55602e+07
0,0,0,6.49939e+08,0,3.21511e+07,-5.76225e+06,5.76225e+06,1.55602e+07
0,0,0,6.49939e+08,0,3.15051e+07,-5.34254e+06,5.34254e+06,1.55602e+07
0,0,0,6.49939e+08,0,3.1511e+07,-5.34188e+06,5.34188e+06,1.55602e+07
0,0,0,6.49939e+08,0,3.15169e+07,-5.34122e+06,5.34122e+06,1.55602e+07
0,0,0,6.49939e+08,0,2.75797e+07,-4.81608e+06,4.81608e+06,1.55602e+07
0,0,0,6.49939e+08,0,2.82506e+07,-5.24343e+06,5.24343e+06,1.55602e+07
0,0,0,6.49939e+08,0,2.82582e+07,-5.24444e+06,5.24444e+06,1.55602e+07
0,0,0,6.49939e+08,0,2.82658e+07,-5.24545e+06,5.24545e+06,1.55602e+07
0,0,0,6.49939e+08,0,2.82733e+07,-5.24646e+06,5.24646e+06,1.55602e+07
0,0,0,6.49939e+08,0,2.92588e+07,-5.37754e+06,5.37754e+06,1.55602e+07
0,0,0,6.49939e+08,0,2.92667e+07,-5.37859e+06,5.37859e+06,1.55602e+07
0,0,0,6.49939e+08,0,2.92746e+07,-5.37964e+06,5.37964e+06,1.55602e+07
0,0,0,6.49939e+08,0,2.92825e+07,-5.38069e+06,5.38069e+06,1.55602e+07
0,0,0,6.49939e+08,0,2.8909e+07,-5.33101e+06,5.33101e+06,1.55602e+07
0,0,0,6.49939e+08,0,2.89168e+07,-5.33204e+06,5.33204e+06,1.55602e+07
0,0,0,6.49939e+08,0,2.89245e+07,-5.33308e+06,5.33308e+06,1.55602e+07
0,0,0,6.49939e+08,0,2.89323e+07,-5.33411e+06,5.33411e+06,1.55602e+07
0,0,0,6.49939e+08,0,3.02691e+07,-5.51192e+06,5.51192e+06,1.55602e+07
0,0,0,6.49939e+08,0,3.02642e+07,-5.50461e+06,5.50461e+06,1.55602e+07
0,0,0,6.49939e+08,0,3.02698e+07,-5.504e+06,5.504e+06,1.55602e+07
0,0,0,6.49939e+08,0,3.31887e+07,-2.59003e+06,2.59003e+06,1.37592e+07
0,0,0,6.49939e+08,0,3.39236e+07,-1.85999e+06,1.85999e+06,1.37592e+07
0,0,0,6.49939e+08,0,3.42853e+07,-1.8583e+06,1.8583e+06,1.37592e+07
0,0,0,6.49939e+08,0,3.40428e+07,-1.69639e+06,1.69639e+06,1.37592e+07
0,0,0,6.49939e+08,0,3.40495e+07,-1.69464e+06,1.69464e+06,1.37592e+07
0,0,0,6.49939e+08,0,3.40561e+07,-1.6929e+06,1.6929e+06,1.37592e+07
0,0,0,6.49939e+08,0,3.48156e+07,-1.69115e+06,1.69115e+06,1.37592e+07
0,0,0,6.49939e+08,0,3.46001e+07,-1.54645e+06,1.54645e+06,1.37592e+07
0,0,0,6.49939e+08,0,3.46069e+07,-1.54466e+06,1.54466e+06,1.37592e+07
0,0,0,6.49939e+08,0,3.46137e+07,-1.54287e+06,1.54287e+06,1.37592e+07
0,0,0,6.49939e+08,0,3.71201e+07,-1.54108e+06,1.54108e+06,1.37592e+07
0,0,0,6.49939e+08,0,3.63239e+07,-1.02268e+06,1.02268e+06,1.37592e+07
0,0,0,6.49939e+08,0,3.63312e+07,-1.02073e+06,1.02073e+06,1.37592e+07
0,0,0,6.49939e+08,0,3.63386e+07,-1.01879e+06,1.01879e+06,1.37592e+07
0,0,0,6.49939e+08,0,3.63459e+07,-1.01684e+06,1.01684e+06,1.37592e+07
0,0,0,6.49939e+08,0,3.49477e+07,-1.0149e+06,1.0149e+06,1.37592e+07
0,0,0,6.49939e+08,0,3.54432e+07,-1.32698e+06,1.32698e+06,1.37592e+07
0,0,0,6.49939e+08,0,3.54503e+07,-1.32513e+06,1.32513e+06,1.37592e+07
0,0,0,6.49939e+08,0,3.54573e+07,-1.32328e+06,1.32328e+06,1.37592e+07
0,0,0,6.49939e+08,0,3.4225e+07,-1.32142e+06,1.32142e+06,1.37592e+07
0,0,0,6.49939e+08,0,3.4677e+07,-1.60576e+06,1.60576e+06,1.37592e+07
0,0,0,6.49939e+08,0,3.46838e+07,-1.60399e+06,1.60399e+06,1.37592e+07
0,0,0,6.49939e+08,0,3.46907e+07,-1.60222e+06,1.60222e+06,1.37592e+07
0,0,0,6.49939e+08,0,3.18241e+07,-1.60045e+06,1.60045e+06,1.37592e+07
0,0,0,6.49939e+08,0,3.22576e+07,-1.87348e+06,1.87348e+06,1.37592e+07
0,0,0,6.49939e+08,0,3.22664e+07,-1.87348e+06,1.87348e+06,1.37592e+07
0,0,0,6.49939e+08,0,3.22751e+07,-1.87348e+06,1.87348e+06,1.37592e+07
0,0,0,6.49939e+08,0,3.22838e+07,-1.87348e+06,1.87348e+06,1.37592e+07
0,0,0,6.49939e+08,0,3.32288e+07,-1.87348e+06,1.87348e+06,1.37592e+07
0,0,0,6.49939e+08,4.11553e+07,3.32375e+07,-1.87348e+06,1.87348e+06,1.37592e+07
0,0,0,6.49939e+08,0,3.32461e+07,-1.87348e+06,1.87348e+06,1.37592e+07
0,0,0,6.49939e+08,0,3.32548e+07,-1.87348e+06,1.87348e+06,1.37592e+07
0,0,0,6.49939e+08,0,3.65561e+07,-1.87348e+06,1.87348e+06,1.37592e+07
0,0,0,6.49939e+08,0,3.57633e+07,-1.35775e+06,1.35775e+06,1.37592e+07
0,0,0,6.49939e+08,0,3.57702e+07,-1.35598e+06,1.35598e+06,1.37592e+07
0,0,0,6.49939e+08,0,3.5777e+07,-1.35422e+06,1.35422e+06,1.37592e+07
0,0,0,6.49939e+08,0,3.12469e+07,-1.35245e+06,1.35245e+06,1.37592e+07
0,0,0,6.49939e+08,0,3.20658e+07,-1.87348e+06,1.87348e+06,1.37592e+07
0,0,0,6.49939e+08,0,3.20741e+07,-1.87348e+06,1.87348e+06,1.37592e+07
0,0,0,6.49939e+08,0,3.20824e+07,-1.87348e+06,1.87348e+06,1.37592e+07
0,0,0,6.49939e+08,0,3.20908e+07,-1.87348e+06,1.87348e+06,1.37592e+07
0,0,0,6.49939e+08,0,3.32242e+07,-1.87348e+06,1.87348e+06,1.37592e+07
0,0,0,6.49939e+08,0,3.32328e+07,-1.87348e+06,1.87348e+06,1.37592e+07
0,0,0,6.49939e+08,0,3.32415e+07,-1.87348e+06,1.87348e+06,1.37592e+07
0,0,0,6.49939e+08,0,3.32501e+07,-1.87348e+06,1.87348e+06,1.37592e+07
0,0,0,6.49939e+08,0,3.28201e+07,-1.87348e+06,1.87348e+06,1.37592e+07
0,0,0,6.49939e+08,0,3.28286e+07,-1.87348e+06,1.87348e+06,1.37592e+07
0,0,0,6.49939e+08,0,3.28371e+07,-1.87348e+06,1.87348e+06,1.37592e+07
0,0,0,6.49939e+08,0,3.28456e+07,-1.87348e+06,1.87348e+06,1.37592e+07
0,0,0,6.49939e+08,0,3.43831e+07,-1.87348e+06,1.87348e+06,1.37592e+07
0,0,0,6.49939e+08,0,3.42435e+07,-1.77802e+06,1.77802e+06,1.37592e+07
0,0,0,6.49939e+08,0,3.42499e+07,-1.77637e+06,1.77637e+06,1.37592e+07
0,0,0,6.49939e+08,0,3.42563e+07,-1.77473e+06,1.77473e+06,1.37592e+07
0,0,0,6.49939e+08,0,3.42628e+07,-1.77309e+06,1.77309e+06,1.37592e+07
0,0,0,6.49939e+08,0,3.46297e+07,-1.77145e+06,1.77145e+06,1.37592e+07
0,0,0,6.49939e+08,0,3.43831e+07,-1.60714e+06,1.60714e+06,1.37592e+07
0,0,0,6.49939e+08,0,3.43896e+07,-1.60545e+06,1.60545e+06,1.37592e+07
0,0,0,6.49939e+08,0,3.4396e+07,-1.60376e+06,1.60376e+06,1.37592e+07
0,0,0,6.49939e+08,0,3.51668e+07,-1.60207e+06,1.60207e+06,1.37592e+07
0,0,0,6.49939e+08,0,3.49476e+07,-1.45525e+06,1.45525e+06,1.37592e+07
0,0,0,6.49939e+08,0,3.49542e+07,-1.45352e+06,1.45352e+06,1.37592e+07
0,0,0,6.49939e+08,0,3.49609e+07,-1.45178e+06,1.45178e+06,1.37592e+07
0,0,0,6.49939e+08,0,3.75049e+07,-1.45005e+06,1.45005e+06,1.37592e+07
0,0,0,6.49939e+08,0,3.66963e+07,-923874,923874,1.37592e+07
0,0,0,6.49939e+08,0,3.67034e+07,-921991,921991,1.37592e+07
0,0,0,6.49939e+08,0,3.67105e+07,-920108,920108,1.37592e+07
0,0,0,6.49939e+08,0,3.67176e+07,-918225,918225,1.37592e+07
0,0,0,6.49939e+08,0,3.52979e+07,-916341,916341,1.37592e+07
0,0,0,6.49939e+08,0,3.58006e+07,-1.23323e+06,1.23323e+06,1.37592e+07
0,0,0,6.49939e+08,0,3.58074e+07,-1.23143e+06,1.23143e+06,1.37592e+07
0,0,0,6.49939e+08,0,3.58143e+07,-1.22964e+06,1.22964e+06,1.37592e+07
0,0,0,6.49939e+08,0,3.45631e+07,-1.22785e+06,1.22785e+06,1.37592e+07
0,0,0,6.49939e+08,0,3.50215e+07,-1.51654e+06,1.51654e+06,1.37592e+07
0,0,0,6.49939e+08,0,3.50281e+07,-1.51483e+06,1.51483e+06,1.37592e+07
0,0,0,6.49939e+08,0,3.50348e+07,-1.51312e+06,1.51312e+06,1.37592e+07
0,0,0,6.49939e+08,0,3.21249e+07,-1.51141e+06,1.51141e+06,1.37592e+07
0,0,0,6.49939e+08,0,3.26967e+07,-1.87348e+06,1.87348e+06,1.37592e+07
0,0,0,6.49939e+08,0,3.27052e+07,-1.87348e+06,1.87348e+06,1.37592e+07
0,0,0,6.49939e+08,0,3.27137e+07,-1.87348e+06,1.87348e+06,1.37592e+07
0,0,0,6.49939e+08,0,3.27221e+07,-1.87348e+06,1.87348e+06,1.37592e+07
0,0,0,6.49939e+08,0,3.27221e+07,-1.87348e+06,1.87348e+06,1.37592e+07
0,0,0,7.23839e+08,4.11553e+07,3.36808e+07,-1.87348e+06,1.87348e+06,1.37592e+07
0,0,0,7.23839e+08,0,3.36892e+07,-1.87348e+06,1.87348e+06,1.37592e+07
0,0,0,7.23839e+08,0,3.36975e+07,-1.87348e+06,1.87348e+06,1.37592e+07
0,0,0,7.23839e+08,0,3.37059e+07,-1.87348e+06,1.87348e+06,1.37592e+07
0,0,0,7.23839e+08,0,3.70558e+07,-1.87348e+06,1.87348e+06,1.37592e+07
0,0,0,7.23839e+08,0,3.61198e+07,-1.26592e+06,1.26592e+06,1.37592e+07
0,0,0,7.23839e+08,0,3.61265e+07,-1.26421e+06,1.26421e+06,1.37592e+07
0,0,0,7.23839e+08,0,3.61331e+07,-1.2625e+06,1.2625e+06,1.37592e+07
0,0,0,7.23839e+08,0,3.15356e+07,-1.2608e+06,1.2608e+06,1.37592e+07
0,0,0,7.23839e+08,0,3.24968e+07,-1.87348e+06,1.87348e+06,1.37592e+07
0,0,0,7.23839e+08,0,3.25049e+07,-1.87348e+06,1.87348e+06,1.37592e+07
0,0,0,7.23839e+08,0,3.25129e+07,-1.87348e+06,1.87348e+06,1.37592e+07
0,0,0,7.23839e+08,0,3.2521e+07,-1.87348e+06,1.87348e+06,1.37592e+07
0,0,0,7.23839e+08,0,3.36707e+07,-1.87348e+06,1.87348e+06,1.37592e+07
0,0,0,7.23839e+08,0,3.36791e+07,-1.87348e+06,1.87348e+06,1.37592e+07
0,0,0,7.23839e+08,0,3.36874e+07,-1.87348e+06,1.87348e+06,1.37592e+07
0,0,0,7.23839e+08,0,3.36958e+07,-1.87348e+06,1.87348e+06,1.37592e+07
0,0,0,7.23839e+08,0,3.3259e+07,-1.87348e+06,1.87348e+06,1.37592e+07
0,0,0,7.23839e+08,0,3.32672e+07,-1.87348e+06,1.87348e+06,1.37592e+07
0,0,0,7.23839e+08,0,3.32755e+07,-1.87348e+06,1.87348e+06,1.37592e+07
0,0,0,7.23839e+08,0,3.32837e+07,-1.87348e+06,1.87348e+06,1.37592e+07
0,0,0,7.23839e+08,0,3.48432e+07,-1.87348e+06,1.87348e+06,1.37592e+07
0,0,0,7.23839e+08,0,3.45723e+07,-1.69377e+06,1.69377e+06,1.37592e+07
0,0,0,7.23839e+08,0,3.45785e+07,-1.69218e+06,1.69218e+06,1.37592e+07
0,0,0,7.23839e+08,0,3.45847e+07,-1.69059e+06,1.69059e+06,1.37592e+07
0,0,0,7.23839e+08,0,3.45909e+07,-1.689e+06,1.689e+06,1.37592e+07
0,0,0,7.23839e+08,0,3.49628e+07,-1.68742e+06,1.68742e+06,1.37592e+07
0,0,0,7.23839e+08,0,3.47124e+07,-1.5208e+06,1.5208e+06,1.37592e+07
0,0,0,7.23839e+08,0,3.47186e+07,-1.51917e+06,1.51917e+06,1.37592e+07
0,0,0,7.23839e+08,0,3.47249e+07,-1.51753e+06,1.51753e+06,1.37592e+07
0,0,0,7.23839e+08,0,3.55064e+07,-1.5159e+06,1.5159e+06,1.37592e+07
0,0,0,7.23839e+08,0,3.52838e+07,-1.36703e+06,1.36703e+06,1.37592e+07
0,0,0,7.23839e+08,0,3.52902e+07,-1.36535e+06,1.36535e+06,1.37592e+07
0,0,0,7.23839e+08,0,3.52966e+07,-1.36368e+06,1.36368e+06,1.37592e+07
0,0,0,7.23839e+08,0,3.7877e+07,-1.362e+06,1.362e+06,1.37592e+07
0,0,0,7.23839e+08,0,3.70564e+07,-828308,828308,1.37592e+07
0,0,0,7.23839e+08,0,3.70633e+07,-826489,826489,1.37592e+07
0,0,0,7.23839e+08,0,3.70701e+07,-824668,824668,1.37592e+07
0,0,0,7.23839e+08,0,3.7077e+07,-822847,822847,1.37592e+07
0,0,0,7.23839e+08,0,3.56366e+07,-821027,821027,1.37592e+07
0,0,0,7.23839e+08,0,3.61462e+07,-1.14256e+06,1.14256e+06,1.37592e+07
0,0,0,7.23839e+08,0,3.61528e+07,-1.14083e+06,1.14083e+06,1.37592e+07
0,0,0,7.23839e+08,0,3.61594e+07,-1.13909e+06,1.13909e+06,1.37592e+07
0,0,0,7.23839e+08,0,3.489e+07,-1.13736e+06,1.13736e+06,1.37592e+07
0,0,0,7.23839e+08,0,3.53547e+07,-1.43028e+06,1.43028e+06,1.37592e+07
0,0,0,7.23839e+08,0,3.53611e+07,-1.42862e+06,1.42862e+06,1.37592e+07
0,0,0,7.23839e+08,0,3.53675e+07,-1.42697e+06,1.42697e+06,1.37592e+07
0,0,0,7.23839e+08,0,3.24158e+07,-1.42531e+06,1.42531e+06,1.37592e+07
0,0,0,7.23839e+08,0,3.31213e+07,-1.87348e+06,1.87348e+06,1.37592e+07
0,0,0,7.23839e+08,0,3.31294e+07,-1.87348e+06,1.87348e+06,1.37592e+07
0,0,0,7.23839e+08,0,3.31376e+07,-1.87348e+06,1.87348e+06,1.37592e+07
0,0,0,7.23839e+08,0,3.31458e+07,-1.87348e+06,1.87348e+06,1.37592e+07
0,0,0,7.23839e+08,4.11553e+07,3.41177e+07,-1.87348e+06,1.87348e+06,1.37592e+07
0,0,0,7.23839e+08,1.62844e-42,3.40931e+07,-1.85245e+06,1.85245e+06,1.37592e+07
0,0,0,7.23839e+08,0,3.40989e+07,-1.85098e+06,1.85098e+06,1.37592e+07
0,0,0,7.23839e+08,0,3.41047e+07,-1.8495e+06,1.8495e+06,1.37592e+07
0,0,0,7.23839e+08,0,3.74992e+07,-1.84803e+06,1.84803e+06,1.37592e+07
0,0,0,7.23839e+08,0,3.64644e+07,-1.17716e+06,1.17716e+06,1.37592e+07
0,0,0,7.23839e+08,0,3.64708e+07,-1.17551e+06,1.17551e+06,1.37592e+07
0,0,0,7.23839e+08,0,3.64772e+07,-1.17386e+06,1.17386e+06,1.37592e+07
0,0,0,7.23839e+08,0,3.18146e+07,-1.17222e+06,1.17222e+06,1.37592e+07
0,0,0,7.23839e+08,0,3.29134e+07,-1.87348e+06,1.87348e+06,1.37592e+07
0,0,0,7.23839e+08,0,3.29211e+07,-1.87348e+06,1.87348e+06,1.37592e+07
0,0,0,7.23839e+08,0,3.29289e+07,-1.87348e+06,1.87348e+06,1.37592e+07
0,0,0,7.23839e+08,0,3.29367e+07,-1.87348e+06,1.87348e+06,1.37592e+07
0,0,0,7.23839e+08,0,3.41021e+07,-1.87348e+06,1.87348e+06,1.37592e+07
0,0,0,7.23839e+08,0,3.4062e+07,-1.84247e+06,1.84247e+06,1.37592e+07
0,0,0,7.23839e+08,0,3.40677e+07,-1.841e+06,1.841e+06,1.37592e+07
0,0,0,7.23839e+08,0,3.40735e+07,-1.83953e+06,1.83953e+06,1.37592e+07
0,0,0,7.23839e+08,0,3.36279e+07,-1.83805e+06,1.83805e+06,1.37592e+07
0,0,0,7.23839e+08,0,3.3691e+07,-1.87348e+06,1.87348e+06,1.37592e+07
0,0,0,7.23839e+08,0,3.36989e+07,-1.87348e+06,1.87348e+06,1.37592e+07
0,0,0,7.23839e+08,0,3.37069e+07,-1.87348e+06,1.87348e+06,1.37592e+07
0,0,0,7.23839e+08,0,3.52877e+07,-1.87348e+06,1.87348e+06,1.37592e+07
0,0,0,7.23839e+08,0,3.48898e+07,-1.61238e+06,1.61238e+06,1.37592e+07
0,0,0,7.23839e+08,0,3.48958e+07,-1.61085e+06,1.61085e+06,1.37592e+07
0,0,0,7.23839e+08,0,3.49018e+07,-1.60932e+06,1.60932e+06,1.37592e+07
0,0,0,7.23839e+08,0,3.49078e+07,-1.60778e+06,1.60778e+06,1.37592e+07
0,0,0,7.23839e+08,0,3.52846e+07,-1.60625e+06,1.60625e+06,1.37592e+07
0,0,0,7.23839e+08,0,3.50304e+07,-1.4374e+06,1.4374e+06,1.37592e+07
0,0,0,7.23839e+08,0,3.50364e+07,-1.43583e+06,1.43583e+06,1.37592e+07
0,0,0,7.23839e+08,0,3.50424e+07,-1.43425e+06,1.43425e+06,1.37592e+07
0,0,0,7.23839e+08,0,3.58345e+07,-1.43267e+06,1.43267e+06,1.37592e+07
0,0,0,7.23839e+08,0,3.56085e+07,-1.28183e+06,1.28183e+06,1.37592e+07
0,0,0,7.23839e+08,0,3.56147e+07,-1.28021e+06,1.28021e+06,1.37592e+07
0,0,0,7.23839e+08,0,3.56208e+07,-1.2786e+06,1.2786e+06,1.37592e+07
0,0,0,7.23839e+08,0,3.82364e+07,-1.27698e+06,1.27698e+06,1.37592e+07
0,0,0,7.23839e+08,0,3.74042e+07,-736026,736026,1.37592e+07
0,0,0,7.23839e+08,0,3.74108e+07,-734270,734270,1.37592e+07
0,0,0,7.23839e+08,0,3.74174e+07,-732513,732513,1.37592e+07
0,0,0,7.23839e+08,0,3.7424e+07,-730756,730756,1.37592e+07
0,0,0,7.23839e+08,0,3.59636e+07,-728999,728999,1.37592e+07
0,0,0,7.23839e+08,0,3.64798e+07,-1.05502e+06,1.05502e+06,1.37592e+07
0,0,0,7.23839e+08,0,3.64862e+07,-1.05335e+06,1.05335e+06,1.37592e+07
0,0,0,7.23839e+08,0,3.64926e+07,-1.05167e+06,1.05167e+06,1.37592e+07
0,0,0,7.23839e+08,0,3.52055e+07,-1.05e+06,1.05e+06,1.37592e+07
0,0,0,7.23839e+08,0,3.56763e+07,-1.347e+06,1.347e+06,1.37592e+07
0,0,0,7.23839e+08,0,3.56824e+07,-1.3454e+06,1.3454e+06,1.37592e+07
0,0,0,7.23839e+08,0,3.56886e+07,-1.3438e+06,1.3438e+06,1.37592e+07
0,0,0,7.23839e+08,0,3.26966e+07,-1.3422e+06,1.3422e+06,1.37592e+07
0,0,0,7.23839e+08,0,3.3531e+07,-1.87348e+06,1.87348e+06,1.37592e+07
0,0,0,7.23839e+08,0,3.35389e+07,-1.87348e+06,1.87348e+06,1.37592e+07
0,0,0,7.23839e+08,0,3.35468e+07,-1.87348e+06,1.87348e+06,1.37592e+07
0,0,0,7.23839e+08,0,3.35547e+07,-1.87348e+06,1.87348e+06,1.37592e+07
0,0,0,7.23839e+08,7.77907e+07,3.45393e+07,-1.87348e+06,1.87348e+06,1.37592e+07
0,0,0,7.23839e+08,0,3.43948e+07,-1.7756e+06,1.7756e+06,1.37592e+07
0,0,0,7.23839e+08,0,3.44004e+07,-1.77418e+06,1.77418e+06,1.37592e+07
0,0,0,7.23839e+08,0,3.4406e+07,-1.77276e+06,1.77276e+06,1.37592e+07
0,0,0,7.23839e+08,0,3.7846e+07,-1.77134e+06,1.77134e+06,1.37592e+07
0,0,0,7.23839e+08,0,3.67969e+07,-1.09151e+06,1.09151e+06,1.37592e+07
0,0,0,7.23839e+08,0,3.68031e+07,-1.08993e+06,1.08993e+06,1.37592e+07
0,0,0,7.23839e+08,0,3.68093e+07,-1.08834e+06,1.08834e+06,1.37592e+07
0,0,0,7.23839e+08,0,3.20838e+07,-1.08675e+06,1.08675e+06,1.37592e+07
0,0,0,7.23839e+08,0,3.33152e+07,-1.87348e+06,1.87348e+06,1.37592e+07
0,0,0,7.23839e+08,0,3.33227e+07,-1.87348e+06,1.87348e+06,1.37592e+07
0,0,0,7.23839e+08,0,3.33302e+07,-1.87348e+06,1.87348e+06,1.37592e+07
0,0,0,7.23839e+08,0,3.33377e+07,-1.87348e+06,1.87348e+06,1.37592e+07
0,0,0,7.23839e+08,0,3.45183e+07,-1.87348e+06,1.87348e+06,1.37592e+07
0,0,0,7.23839e+08,0,3.43596e+07,-1.76645e+06,1.76645e+06,1.37592e+07
0,0,0,7.23839e+08,0,3.43651e+07,-1.76503e+06,1.76503e+06,1.37592e+07
0,0,0,7.23839e+08,0,3.43707e+07,-1.76361e+06,1.76361e+06,1.37592e+07
0,0,0,7.23839e+08,0,3.39189e+07,-1.76219e+06,1.76219e+06,1.37592e+07
0,0,0,7.23839e+08,0,3.40593e+07,-1.84755e+06,1.84755e+06,1.37592e+07
0,0,0,7.23839e+08,0,3.40648e+07,-1.84615e+06,1.84615e+06,1.37592e+07
0,0,0,7.23839e+08,0,3.40703e+07,-1.84475e+06,1.84475e+06,1.37592e+07
0,0,0,7.23839e+08,0,3.56694e+07,-1.84335e+06,1.84335e+06,1.37592e+07
0,0,0,7.23839e+08,0,3.51961e+07,-1.5339e+06,1.5339e+06,1.37592e+07
0,0,0,7.23839e+08,0,3.52018e+07,-1.53243e+06,1.53243e+06,1.37592e+07
0,0,0,7.23839e+08,0,3.52076e+07,-1.53095e+06,1.53095e+06,1.37592e+07
0,0,0,7.23839e+08,0,3.52134e+07,-1.52947e+06,1.52947e+06,1.37592e+07
0,0,0,7.23839e+08,0,3.55948e+07,-1.528e+06,1.528e+06,1.37592e+07
0,0,0,7.23839e+08,0,3.5337e+07,-1.357e+06,1.357e+06,1.37592e+07
0,0,0,7.23839e+08,0,3.53427e+07,-1.35548e+06,1.35548e+06,1.37592e+07
0,0,0,7.23839e+08,0,3.53485e+07,-1.35397e+06,1.35397e+06,1.37592e+07
0,0,0,7.23839e+08,0,3.61507e+07,-1.35245e+06,1.35245e+06,1.37592e+07
0,0,0,7.23839e+08,0,3.59214e+07,-1.1997e+06,1.1997e+06,1.37592e+07
0,0,0,7.23839e+08,0,3.59274e+07,-1.19815e+06,1.19815e+06,1.37592e+07
0,0,0,7.23839e+08,0,3.59333e+07,-1.19659e+06,1.19659e+06,1.37592e+07
0,0,0,7.23839e+08,0,3.85828e+07,-1.19503e+06,1.19503e+06,1.37592e+07
0,0,0,7.23839e+08,0,3.77393e+07,-647088,647088,1.37592e+07
0,0,0,7.23839e+08,0,3.77457e+07,-645397,645397,1.37592e+07
0,0,0,7.23839e+08,0,3.77521e+07,-643706,643706,1.37592e+07
0,0,0,7.23839e+08,0,3.77584e+07,-642014,642014,1.37592e+07
0,0,0,7.23839e+08,0,3.62787e+07,-640322,640322,1.37592e+07
0,0,0,7.23839e+08,0,3.68013e+07,-970672,970672,1.37592e+07
0,0,0,7.23839e+08,0,3.68074e+07,-969061,969061,1.37592e+07
0,0,0,7.23839e+08,0,3.68136e+07,-967449,967449,1.37592e+07
0,0,0,7.23839e+08,0,3.55095e+07,-965838,965838,1.37592e+07
0,0,0,7.23839e+08,0,3.59861e+07,-1.26676e+06,1.26676e+06,1.37592e+07
0,0,0,7.23839e+08,0,3.5992e+07,-1.26523e+06,1.26523e+06,1.37592e+07
0,0,0,7.23839e+08,0,3.5998e+07,-1.26369e+06,1.26369e+06,1.37592e+07
0,0,0,7.23839e+08,0,3.2967e+07,-1.26215e+06,1.26215e+06,1.37592e+07
0,0,0,7.23839e+08,0,3.39257e+07,-1.87348e+06,1.87348e+06,1.37592e+07
0,0,0,7.23839e+08,0,3.39333e+07,-1.87348e+06,1.87348e+06,1.37592e+07
0,0,0,7.23839e+08,0,3.39409e+07,-1.87348e+06,1.87348e+06,1.37592e+07
0,0,0,7.23839e+08,0,3.39485e+07,-1.87348e+06,1.87348e+06,1.37592e+07
0,0,0,7.32592e+08,7.77907e+07,3.49454e+07,-1.87348e+06,1.87348e+06,1.37592e+07
0,0,0,7.32592e+08,0,3.46854e+07,-1.70159e+06,1.70159e+06,1.37592e+07
0,0,0,7.32592e+08,0,3.46908e+07,-1.70023e+06,1.70023e+06,1.37592e+07
0,0,0,7.32592e+08,0,3.46962e+07,-1.69886e+06,1.69886e+06,1.37592e+07
0,0,0,7.32592e+08,0,3.81798e+07,-1.6975e+06,1.6975e+06,1.37592e+07
0,0,0,7.32592e+08,0,3.7117e+07,-1.00905e+06,1.00905e+06,1.37592e+07
0,0,0,7.32592e+08,0,3.71229e+07,-1.00753e+06,1.00753e+06,1.37592e+07
0,0,0,7.32592e+08,0,3.71288e+07,-1.00601e+06,1.00601e+06,1.37592e+07
0,0,0,7.32592e+08,0,3.23428e+07,-1.00448e+06,1.00448e+06,1.37592e+07
0,0,0,7.32592e+08,0,3.3702e+07,-1.87348e+06,1.87348e+06,1.37592e+07
0,0,0,7.32592e+08,0,3.37092e+07,-1.87348e+06,1.87348e+06,1.37592e+07
0,0,0,7.32592e+08,0,3.37164e+07,-1.87348e+06,1.87348e+06,1.37592e+07
0,0,0,7.32592e+08,0,3.37236e+07,-1.87348e+06,1.87348e+06,1.37592e+07
0,0,0,7.32592e+08,0,3.49187e+07,-1.87348e+06,1.87348e+06,1.37592e+07
0,0,0,7.32592e+08,0,3.46459e+07,-1.6933e+06,1.6933e+06,1.37592e+07
0,0,0,7.32592e+08,0,3.46512e+07,-1.69193e+06,1.69193e+06,1.37592e+07
0,0,0,7.32592e+08,0,3.46566e+07,-1.69057e+06,1.69057e+06,1.37592e+07
0,0,0,7.32592e+08,0,3.41987e+07,-1.68921e+06,1.68921e+06,1.37592e+07
0,0,0,7.32592e+08,0,3.43407e+07,-1.77572e+06,1.77572e+06,1.37592e+07
0,0,0,7.32592e+08,0,3.4346e+07,-1.77438e+06,1.77438e+06,1.37592e+07
0,0,0,7.32592e+08,0,3.43512e+07,-1.77303e+06,1.77303e+06,1.37592e+07
0,0,0,7.32592e+08,0,3.59702e+07,-1.77169e+06,1.77169e+06,1.37592e+07
0,0,0,7.32592e+08,0,3.54905e+07,-1.45842e+06,1.45842e+06,1.37592e+07
0,0,0,7.32592e+08,0,3.54961e+07,-1.45701e+06,1.45701e+06,1.37592e+07
0,0,0,7.32592e+08,0,3.55016e+07,-1.45559e+06,1.45559e+06,1.37592e+07
0,0,0,7.32592e+08,0,3.55071e+07,-1.45417e+06,1.45417e+06,1.37592e+07
0,0,0,7.32592e+08,0,3.58931e+07,-1.45276e+06,1.45276e+06,1.37592e+07
0,0,0,7.32592e+08,0,3.56317e+07,-1.2797e+06,1.2797e+06,1.37592e+07
0,0,0,7.32592e+08,0,3.56372e+07,-1.27824e+06,1.27824e+06,1.37592e+07
0,0,0,7.32592e+08,0,3.56428e+07,-1.27679e+06,1.27679e+06,1.37592e+07
0,0,0,7.32592e+08,0,3.64546e+07,-1.27533e+06,1.27533e+06,1.37592e+07
0,0,0,7.32592e+08,0,3.62222e+07,-1.12076e+06,1.12076e+06,1.37592e+07
0,0,0,7.32592e+08,0,3.62279e+07,-1.11927e+06,1.11927e+06,1.37592e+07
0,0,0,7.32592e+08,0,3.62336e+07,-1.11777e+06,1.11777e+06,1.37592e+07
0,0,0,7.32592e+08,0,3.89156e+07,-1.11628e+06,1.11628e+06,1.37592e+07
0,0,0,7.32592e+08,0,3.80613e+07,-561622,561622,1.37592e+07
0,0,0,7.32592e+08,0,3.80674e+07,-559999,559999,1.37592e+07
0,0,0,7.32592e+08,0,3.80736e+07,-558375,558375,1.37592e+07
0,0,0,7.32592e+08,0,3.80797e+07,-556751,556751,1.37592e+07
0,0,0,7.32592e+08,0,3.65813e+07,-555127,555127,1.37592e+07
0,0,0,7.32592e+08,0,3.71101e+07,-889641,889641,1.37592e+07
0,0,0,7.32592e+08,0,3.7116e+07,-888094,888094,1.37592e+07
0,0,0,7.32592e+08,0,3.71219e+07,-886548,886548,1.37592e+07
0,0,0,7.32592e+08,0,3.58015e+07,-885001,885001,1.37592e+07
0,0,0,7.32592e+08,0,3.62836e+07,-1.18971e+06,1.18971e+06,1.37592e+07
0,0,0,7.32592e+08,0,3.62893e+07,-1.18823e+06,1.18823e+06,1.37592e+07
0,0,0,7.32592e+08,0,3.6295e+07,-1.18676e+06,1.18676e+06,1.37592e+07
0,0,0,7.32592e+08,0,3.32266e+07,-1.18528e+06,1.18528e+06,1.37592e+07
0,0,0,7.32592e+08,0,3.42249e+07,-1.82224e+06,1.82224e+06,1.37592e+07
0,0,0,7.32592e+08,0,3.42301e+07,-1.82091e+06,1.82091e+06,1.37592e+07
0,0,0,7.32592e+08,0,3.42354e+07,-1.81958e+06,1.81958e+06,1.37592e+07
0,0,0,7.32592e+08,0,3.42406e+07,-1.81825e+06,1.81825e+06,1.37592e+07
0,0,0,7.32592e+08,8.65832e+07,3.53351e+07,-1.87348e+06,1.87348e+06,1.37592e+07
0,0,0,7.32592e+08,0,3.53423e+07,-1.87348e+06,1.87348e+06,1.37592e+07
0,0,0,7.32592e+08,0,3.53494e+07,-1.87348e+06,1.87348e+06,1.37592e+07
0,0,0,7.32592e+08,0,3.53566e+07,-1.87348e+06,1.87348e+06,1.37592e+07
0,0,0,7.32592e+08,0,3.88842e+07,-1.87348e+06,1.87348e+06,1.37592e+07
0,0,0,7.32592e+08,0,3.88921e+07,-1.87348e+06,1.87348e+06,1.37592e+07
0,0,0,7.32592e+08,0,3.89001e+07,-1.87348e+06,1.87348e+06,1.37592e+07
0,0,0,7.32592e+08,0,3.8908e+07,-1.87348e+06,1.87348e+06,1.37592e+07
0,0,0,7.32592e+08,0,3.40662e+07,-1.87348e+06,1.87348e+06,1.37592e+07
0,0,0,7.32592e+08,0,3.40731e+07,-1.87348e+06,1.87348e+06,1.37592e+07
0,0,0,7.32592e+08,0,3.40799e+07,-1.87348e+06,1.87348e+06,1.37592e+07
0,0,0,7.32592e+08,0,3.40868e+07,-1.87348e+06,1.87348e+06,1.37592e+07
0,0,0,7.32592e+08,0,3.40937e+07,-1.87348e+06,1.87348e+06,1.37592e+07
0,0,0,7.32592e+08,0,3.53028e+07,-1.87348e+06,1.87348e+06,1.37592e+07
0,0,0,7.32592e+08,0,3.53099e+07,-1.87348e+06,1.87348e+06,1.37592e+07
0,0,0,7.32592e+08,0,3.53171e+07,-1.87348e+06,1.87348e+06,1.37592e+07
0,0,0,7.32592e+08,0,3.45633e+07,-2.63443e+06,2.63443e+06,1.37592e+07
0,0,0,7.32592e+08,0,3.48626e+07,-1.87348e+06,1.87348e+06,1.37592e+07
0,0,0,7.32592e+08,0,3.48697e+07,-1.87348e+06,1.87348e+06,1.37592e+07
0,0,0,7.32592e+08,0,3.48767e+07,-1.87348e+06,1.87348e+06,1.37592e+07
0,0,0,7.32592e+08,0,3.11307e+07,-5.62652e+06,5.62652e+06,1.55602e+07
0,0,0,7.32592e+08,0,3.65237e+07,-1.87348e+06,1.87348e+06,1.37592e+07
0,0,0,7.32592e+08,0,3.65311e+07,-1.87348e+06,1.87348e+06,1.37592e+07
0,0,0,7.32592e+08,0,3.65385e+07,-1.87348e+06,1.87348e+06,1.37592e+07
0,0,0,7.32592e+08,0,3.65459e+07,-1.87348e+06,1.87348e+06,1.37592e+07
0,0,0,7.32592e+08,0,3.65533e+07,-1.87348e+06,1.87348e+06,1.37592e+07
0,0,0,7.32592e+08,0,3.69456e+07,-1.87348e+06,1.87348e+06,1.37592e+07
0,0,0,7.32592e+08,0,3.69531e+07,-1.87348e+06,1.87348e+06,1.37592e+07
0,0,0,7.32592e+08,0,3.69606e+07,-1.87348e+06,1.87348e+06,1.37592e+07
0,0,0,7.32592e+08,0,3.69681e+07,-1.87348e+06,1.87348e+06,1.37592e+07
0,0,0,7.32592e+08,0,3.77914e+07,-1.87348e+06,1.87348e+06,1.37592e+07
0,0,0,7.32592e+08,0,3.7799e+07,-1.87348e+06,1.87348e+06,1.37592e+07
0,0,0,7.32592e+08,0,3.78067e+07,-1.87348e+06,1.87348e+06,1.37592e+07
0,0,0,7.32592e+08,0,3.78144e+07,-1.87348e+06,1.87348e+06,1.37592e+07
0,0,0,7.32592e+08,0,4.05298e+07,-1.87348e+06,1.87348e+06,1.37592e+07
0,0,0,7.32592e+08,0,4.0104e+07,-1.59449e+06,1.59449e+06,1.37592e+07
0,0,0,7.32592e+08,0,4.01099e+07,-1.59294e+06,1.59294e+06,1.37592e+07
0,0,0,7.32592e+08,0,4.01157e+07,-1.59139e+06,1.59139e+06,1.37592e+07
0,0,0,7.32592e+08,0,4.01216e+07,-1.58983e+06,1.58983e+06,1.37592e+07
0,0,0,7.32592e+08,0,3.86054e+07,-1.58828e+06,1.58828e+06,1.37592e+07
0,0,0,7.32592e+08,0,3.90571e+07,-1.87348e+06,1.87348e+06,1.37592e+07
0,0,0,7.32592e+08,0,3.9065e+07,-1.87348e+06,1.87348e+06,1.37592e+07
0,0,0,7.32592e+08,0,3.9073e+07,-1.87348e+06,1.87348e+06,1.37592e+07
0,0,0,7.32592e+08,0,3.77392e+07,-1.87348e+06,1.87348e+06,1.37592e+07
0,0,0,7.32592e+08,0,3.77469e+07,-1.87348e+06,1.87348e+06,1.37592e+07
0,0,0,7.32592e+08,0,3.77545e+07,-1.87348e+06,1.87348e+06,1.37592e+07
0,0,0,7.32592e+08,0,3.77622e+07,-1.87348e+06,1.87348e+06,1.37592e+07
0,0,0,7.32592e+08,0,3.46602e+07,-1.87348e+06,1.87348e+06,1.37592e+07
0,0,0,7.32592e+08,0,3.46672e+07,-1.87348e+06,1.87348e+06,1.37592e+07
0,0,0,7.32592e+08,0,3.46742e+07,-1.87348e+06,1.87348e+06,1.37592e+07
0,0,0,7.32592e+08,0,3.46811e+07,-1.87348e+06,1.87348e+06,1.37592e+07
0,0,0,7.32592e+08,0,3.46881e+07,-1.87348e+06,1.87348e+06,1.37592e+07
0,0,0,7.32592e+08,0,3.57079e+07,-1.87348e+06,1.87348e+06,1.37592e+07
0,0,0,7.32592e+08,8.65832e+07,3.57148e+07,-1.87348e+06,1.87348e+06,1.37592e+07
0,0,0,7.32592e+08,0,3.57216e+07,-1.87348e+06,1.87348e+06,1.37592e+07
0,0,0,7.32592e+08,0,3.57284e+07,-1.87348e+06,1.87348e+06,1.37592e+07
0,0,0,7.32592e+08,0,3.9296e+07,-1.87348e+06,1.87348e+06,1.37592e+07
0,0,0,7.32592e+08,0,3.93035e+07,-1.87348e+06,1.87348e+06,1.37592e+07
0,0,0,7.32592e+08,0,3.93111e+07,-1.87348e+06,1.87348e+06,1.37592e+07
0,0,0,7.32592e+08,0,3.93187e+07,-1.87348e+06,1.87348e+06,1.37592e+07
0,0,0,7.32592e+08,0,3.44212e+07,-1.87348e+06,1.87348e+06,1.37592e+07
0,0,0,7.32592e+08,0,3.44278e+07,-1.87348e+06,1.87348e+06,1.37592e+07
0,0,0,7.32592e+08,0,3.44343e+07,-1.87348e+06,1.87348e+06,1.37592e+07
0,0,0,7.32592e+08,0,3.44409e+07,-1.87348e+06,1.87348e+06,1.37592e+07
0,0,0,7.32592e+08,0,3.44475e+07,-1.87348e+06,1.87348e+06,1.37592e+07
0,0,0,7.32592e+08,0,3.49008e+07,-2.64255e+06,2.64255e+06,1.37592e+07
0,0,0,7.32592e+08,0,3.18306e+07,-5.71961e+06,5.71961e+06,1.55602e+07
0,0,0,7.32592e+08,0,3.18366e+07,-5.72041e+06,5.72041e+06,1.55602e+07
0,0,0,7.32592e+08,0,3.49208e+07,-2.64303e+06,2.64303e+06,1.37592e+07
0,0,0,7.32592e+08,0,3.44646e+07,-2.63206e+06,2.63206e+06,1.37592e+07
0,0,0,7.32592e+08,0,3.44711e+07,-2.63221e+06,2.63221e+06,1.37592e+07
0,0,0,7.32592e+08,0,3.52366e+07,-1.87348e+06,1.87348e+06,1.37592e+07
0,0,0,7.32592e+08,0,3.52433e+07,-1.87348e+06,1.87348e+06,1.37592e+07
0,0,0,7.32592e+08,0,3.69012e+07,-1.87348e+06,1.87348e+06,1.37592e+07
0,0,0,7.32592e+08,0,3.69083e+07,-1.87348e+06,1.87348e+06,1.37592e+07
0,0,0,7.32592e+08,0,3.69153e+07,-1.87348e+06,1.87348e+06,1.37592e+07
0,0,0,7.32592e+08,0,3.69224e+07,-1.87348e+06,1.87348e+06,1.37592e+07
0,0,0,7.32592e+08,0,3.69295e+07,-1.87348e+06,1.87348e+06,1.37592e+07
0,0,0,7.32592e+08,0,3.73257e+07,-1.87348e+06,1.87348e+06,1.37592e+07
0,0,0,7.32592e+08,0,3.73329e+07,-1.87348e+06,1.87348e+06,1.37592e+07
0,0,0,7.32592e+08,0,3.734e+07,-1.87348e+06,1.87348e+06,1.37592e+07
0,0,0,7.32592e+08,0,3.73472e+07,-1.87348e+06,1.87348e+06,1.37592e+07
0,0,0,7.32592e+08,0,3.81792e+07,-1.87348e+06,1.87348e+06,1.37592e+07
0,0,0,7.32592e+08,0,3.81865e+07,-1.87348e+06,1.87348e+06,1.37592e+07
0,0,0,7.32592e+08,0,3.81938e+07,-1.87348e+06,1.87348e+06,1.37592e+07
0,0,0,7.32592e+08,0,3.82011e+07,-1.87348e+06,1.87348e+06,1.37592e+07
0,0,0,7.32592e+08,0,4.09462e+07,-1.87348e+06,1.87348e+06,1.37592e+07
0,0,0,7.32592e+08,0,4.03984e+07,-1.51634e+06,1.51634e+06,1.37592e+07
0,0,0,7.32592e+08,0,4.0404e+07,-1.51486e+06,1.51486e+06,1.37592e+07
0,0,0,7.32592e+08,0,4.04096e+07,-1.51338e+06,1.51338e+06,1.37592e+07
0,0,0,7.32592e+08,0,4.04152e+07,-1.5119e+06,1.5119e+06,1.37592e+07
0,0,0,7.32592e+08,0,3.8882e+07,-1.51042e+06,1.51042e+06,1.37592e+07
0,0,0,7.32592e+08,0,3.94221e+07,-1.85274e+06,1.85274e+06,1.37592e+07
0,0,0,7.32592e+08,0,3.94275e+07,-1.85133e+06,1.85133e+06,1.37592e+07
0,0,0,7.32592e+08,0,3.94329e+07,-1.84991e+06,1.84991e+06,1.37592e+07
0,0,0,7.32592e+08,0,3.80819e+07,-1.8485e+06,1.8485e+06,1.37592e+07
0,0,0,7.32592e+08,0,3.81281e+07,-1.87348e+06,1.87348e+06,1.37592e+07
0,0,0,7.32592e+08,0,3.73084e+07,-2.70043e+06,2.70043e+06,1.37592e+07
0,0,0,7.32592e+08,0,3.4007e+07,-6.00911e+06,6.00911e+06,1.55602e+07
0,0,0,7.32592e+08,0,3.1239e+07,-5.64093e+06,5.64093e+06,1.55602e+07
0,0,0,7.32592e+08,0,3.50131e+07,-1.87348e+06,1.87348e+06,1.37592e+07
0,0,0,7.32592e+08,0,3.50198e+07,-1.87348e+06,1.87348e+06,1.37592e+07
0,0,0,7.32592e+08,0,3.50264e+07,-1.87348e+06,1.87348e+06,1.37592e+07
0,0,0,7.32592e+08,0,3.50331e+07,-1.87348e+06,1.87348e+06,1.37592e+07
0,0,0,7.32592e+08,0,3.50331e+07,-1.87348e+06,1.87348e+06,1.37592e+07
0,0,0,7.32592e+08,8.65832e+07,3.60635e+07,-1.87348e+06,1.87348e+06,1.37592e+07
0,0,0,7.32592e+08,0,3.607e+07,-1.87348e+06,1.87348e+06,1.37592e+07
0,0,0,7.32592e+08,0,3.60765e+07,-1.87348e+06,1.87348e+06,1.37592e+07
0,0,0,7.32592e+08,0,3.6083e+07,-1.87348e+06,1.87348e+06,1.37592e+07
0,0,0,7.32592e+08,0,3.96887e+07,-1.87348e+06,1.87348e+06,1.37592e+07
0,0,0,7.32592e+08,0,3.96959e+07,-1.87348e+06,1.87348e+06,1.37592e+07
0,0,0,7.32592e+08,0,3.97031e+07,-1.87348e+06,1.87348e+06,1.37592e+07
0,0,0,7.32592e+08,0,3.97103e+07,-1.87348e+06,1.87348e+06,1.37592e+07
0,0,0,7.32592e+08,0,3.47598e+07,-1.87348e+06,1.87348e+06,1.37592e+07
0,0,0,7.32592e+08,0,3.4766e+07,-1.87348e+06,1.87348e+06,1.37592e+07
0,0,0,7.32592e+08,0,3.47722e+07,-1.87348e+06,1.87348e+06,1.37592e+07
0,0,0,7.32592e+08,0,3.10378e+07,-5.61417e+06,5.61417e+06,1.55602e+07
0,0,0,7.32592e+08,0,3.10433e+07,-5.6149e+06,5.6149e+06,1.55602e+07
0,0,0,7.32592e+08,0,3.21334e+07,-5.75989e+06,5.75989e+06,1.55602e+07
0,0,0,7.32592e+08,0,3.21391e+07,-5.76066e+06,5.76066e+06,1.55602e+07
0,0,0,7.32592e+08,0,3.21448e+07,-5.76142e+06,5.76142e+06,1.55602e+07
0,0,0,7.32592e+08,0,3.21506e+07,-5.76218e+06,5.76218e+06,1.55602e+07
0,0,0,7.32592e+08,0,3.17335e+07,-5.7067e+06,5.7067e+06,1.55602e+07
0,0,0,7.32592e+08,0,3.55731e+07,-1.87348e+06,1.87348e+06,1.37592e+07
0,0,0,7.32592e+08,0,3.17448e+07,-5.7082e+06,5.7082e+06,1.55602e+07
0,0,0,7.32592e+08,0,3.17504e+07,-5.70895e+06,5.70895e+06,1.55602e+07
0,0,0,7.32592e+08,0,3.32289e+07,-5.9056e+06,5.9056e+06,1.55602e+07
0,0,0,7.32592e+08,0,3.64611e+07,-2.68006e+06,2.68006e+06,1.37592e+07
0,0,0,7.32592e+08,0,3.72744e+07,-1.87348e+06,1.87348e+06,1.37592e+07
0,0,0,7.32592e+08,0,3.72811e+07,-1.87348e+06,1.87348e+06,1.37592e+07
0,0,0,7.32592e+08,0,3.72878e+07,-1.87348e+06,1.87348e+06,1.37592e+07
0,0,0,7.32592e+08,0,3.76879e+07,-1.87348e+06,1.87348e+06,1.37592e+07
0,0,0,7.32592e+08,0,3.76947e+07,-1.87348e+06,1.87348e+06,1.37592e+07
0,0,0,7.32592e+08,0,3.77015e+07,-1.87348e+06,1.87348e+06,1.37592e+07
0,0,0,7.32592e+08,0,3.77083e+07,-1.87348e+06,1.87348e+06,1.37592e+07
0,0,0,7.32592e+08,0,3.85486e+07,-1.87348e+06,1.87348e+06,1.37592e+07
0,0,0,7.32592e+08,0,3.85555e+07,-1.87348e+06,1.87348e+06,1.37592e+07
0,0,0,7.32592e+08,0,3.85625e+07,-1.87348e+06,1.87348e+06,1.37592e+07
0,0,0,7.32592e+08,0,3.85694e+07,-1.87348e+06,1.87348e+06,1.37592e+07
0,0,0,7.32592e+08,0,4.13426e+07,-1.87348e+06,1.87348e+06,1.37592e+07
0,0,0,7.32592e+08,0,4.06787e+07,-1.44192e+06,1.44192e+06,1.37592e+07
0,0,0,7.32592e+08,0,4.0684e+07,-1.44052e+06,1.44052e+06,1.37592e+07
0,0,0,7.32592e+08,0,4.06894e+07,-1.43911e+06,1.43911e+06,1.37592e+07
0,0,0,7.32592e+08,0,4.06947e+07,-1.4377e+06,1.4377e+06,1.37592e+07
0,0,0,7.32592e+08,0,3.91453e+07,-1.43629e+06,1.43629e+06,1.37592e+07
0,0,0,7.32592e+08,0,3.96907e+07,-1.78224e+06,1.78224e+06,1.37592e+07
0,0,0,7.32592e+08,0,3.96958e+07,-1.7809e+06,1.7809e+06,1.37592e+07
0,0,0,7.32592e+08,0,3.9701e+07,-1.77956e+06,1.77956e+06,1.37592e+07
0,0,0,7.32592e+08,0,3.83357e+07,-1.77822e+06,1.77822e+06,1.37592e+07
0,0,0,7.32592e+08,0,3.84909e+07,-1.87348e+06,1.87348e+06,1.37592e+07
0,0,0,7.32592e+08,0,3.84978e+07,-1.87348e+06,1.87348e+06,1.37592e+07
0,0,0,7.32592e+08,0,3.85047e+07,-1.87348e+06,1.87348e+06,1.37592e+07
0,0,0,7.32592e+08,0,3.53359e+07,-1.87348e+06,1.87348e+06,1.37592e+07
0,0,0,7.32592e+08,0,3.53422e+07,-1.87348e+06,1.87348e+06,1.37592e+07
0,0,0,7.32592e+08,0,3.53486e+07,-1.87348e+06,1.87348e+06,1.37592e+07
0,0,0,7.32592e+08,0,3.53549e+07,-1.87348e+06,1.87348e+06,1.37592e+07
0,0,0,7.32592e+08,0,3.53612e+07,-1.87348e+06,1.87348e+06,1.37592e+07
0,0,0,7.32592e+08,8.65832e+07,3.64018e+07,-1.87348e+06,1.87348e+06,1.37592e+07
0,0,0,7.32592e+08,0,3.6408e+07,-1.87348e+06,1.87348e+06,1.37592e+07
0,0,0,7.32592e+08,0,3.64141e+07,-1.87348e+06,1.87348e+06,1.37592e+07
0,0,0,7.32592e+08,0,3.64203e+07,-1.87348e+06,1.87348e+06,1.37592e+07
0,0,0,7.32592e+08,0,4.00622e+07,-1.87348e+06,1.87348e+06,1.37592e+07
0,0,0,7.32592e+08,0,3.99985e+07,-1.82818e+06,1.82818e+06,1.37592e+07
0,0,0,7.32592e+08,0,4.00034e+07,-1.82692e+06,1.82692e+06,1.37592e+07
0,0,0,7.32592e+08,0,4.00083e+07,-1.82567e+06,1.82567e+06,1.37592e+07
0,0,0,7.32592e+08,0,3.50053e+07,-1.82441e+06,1.82441e+06,1.37592e+07
0,0,0,7.32592e+08,0,3.13106e+07,-5.65045e+06,5.65045e+06,1.55602e+07
0,0,0,7.32592e+08,0,3.13158e+07,-5.65115e+06,5.65115e+06,1.55602e+07
0,0,0,7.32592e+08,0,3.1321e+07,-5.65184e+06,5.65184e+06,1.55602e+07
0,0,0,7.32592e+08,0,3.13263e+07,-5.65253e+06,5.65253e+06,1.55602e+07
0,0,0,7.32592e+08,0,3.2427e+07,-5.79894e+06,5.79894e+06,1.55602e+07
0,0,0,7.32592e+08,0,3.24324e+07,-5.79966e+06,5.79966e+06,1.55602e+07
0,0,0,7.32592e+08,0,3.24378e+07,-5.80039e+06,5.80039e+06,1.55602e+07
0,0,0,7.32592e+08,0,3.24432e+07,-5.80111e+06,5.80111e+06,1.55602e+07
0,0,0,7.32592e+08,0,3.20217e+07,-5.74503e+06,5.74503e+06,1.55602e+07
0,0,0,7.32592e+08,0,3.58993e+07,-1.87348e+06,1.87348e+06,1.37592e+07
0,0,0,7.32592e+08,0,3.59053e+07,-1.87348e+06,1.87348e+06,1.37592e+07
0,0,0,7.32592e+08,0,3.59114e+07,-1.87348e+06,1.87348e+06,1.37592e+07
0,0,0,7.32592e+08,0,3.35305e+07,-5.94572e+06,5.94572e+06,1.55602e+07
0,0,0,7.32592e+08,0,3.35361e+07,-5.94647e+06,5.94647e+06,1.55602e+07
0,0,0,7.32592e+08,0,3.76155e+07,-1.87348e+06,1.87348e+06,1.37592e+07
0,0,0,7.32592e+08,0,3.76219e+07,-1.87348e+06,1.87348e+06,1.37592e+07
0,0,0,7.32592e+08,0,3.76282e+07,-1.87348e+06,1.87348e+06,1.37592e+07
0,0,0,7.32592e+08,0,3.80318e+07,-1.87348e+06,1.87348e+06,1.37592e+07
0,0,0,7.32592e+08,0,3.80382e+07,-1.87348e+06,1.87348e+06,1.37592e+07
0,0,0,7.32592e+08,0,3.80447e+07,-1.87348e+06,1.87348e+06,1.37592e+07
0,0,0,7.32592e+08,0,3.80511e+07,-1.87348e+06,1.87348e+06,1.37592e+07
0,0,0,7.32592e+08,0,3.88993e+07,-1.87348e+06,1.87348e+06,1.37592e+07
0,0,0,7.32592e+08,0,3.89059e+07,-1.87348e+06,1.87348e+06,1.37592e+07
0,0,0,7.32592e+08,0,3.89125e+07,-1.87348e+06,1.87348e+06,1.37592e+07
0,0,0,7.32592e+08,0,3.89191e+07,-1.87348e+06,1.87348e+06,1.37592e+07
0,0,0,7.32592e+08,0,4.1719e+07,-1.87348e+06,1.87348e+06,1.37592e+07
0,0,0,7.32592e+08,0,4.09448e+07,-1.37128e+06,1.37128e+06,1.37592e+07
0,0,0,7.32592e+08,0,4.09498e+07,-1.36995e+06,1.36995e+06,1.37592e+07
0,0,0,7.32592e+08,0,4.09549e+07,-1.36861e+06,1.36861e+06,1.37592e+07
0,0,0,7.32592e+08,0,4.09599e+07,-1.36728e+06,1.36728e+06,1.37592e+07
0,0,0,7.32592e+08,0,3.93951e+07,-1.36594e+06,1.36594e+06,1.37592e+07
0,0,0,7.32592e+08,0,3.90703e+07,-2.59058e+06,2.59058e+06,1.37592e+07
0,0,0,7.32592e+08,0,3.9075e+07,-2.58947e+06,2.58947e+06,1.37592e+07
0,0,0,7.32592e+08,0,3.55775e+07,-6.09057e+06,6.09057e+06,1.55602e+07
0,0,0,7.32592e+08,0,3.43603e+07,-5.92767e+06,5.92767e+06,1.55602e+07
0,0,0,7.32592e+08,0,3.46181e+07,-6.09039e+06,6.09039e+06,1.55602e+07
0,0,0,7.32592e+08,0,3.46239e+07,-6.09116e+06,6.09116e+06,1.55602e+07
0,0,0,7.32592e+08,0,3.46297e+07,-6.09193e+06,6.09193e+06,1.55602e+07
0,0,0,7.32592e+08,0,3.18056e+07,-5.71629e+06,5.71629e+06,1.55602e+07
0,0,0,7.32592e+08,0,3.18108e+07,-5.71699e+06,5.71699e+06,1.55602e+07
0,0,0,7.32592e+08,0,3.18161e+07,-5.71769e+06,5.71769e+06,1.55602e+07
0,0,0,7.32592e+08,0,3.18214e+07,-5.7184e+06,5.7184e+06,1.55602e+07
0,0,0,7.32592e+08,0,3.18267e+07,-5.7191e+06,5.7191e+06,1.55602e+07
0,0,0,7.32592e+08,9.89155e+06,3.27536e+07,-5.84239e+06,5.84239e+06,1.55602e+07
0,0,0,7.32592e+08,0,3.27587e+07,-5.84307e+06,5.84307e+06,1.55602e+07
0,0,0,7.32592e+08,0,3.27639e+07,-5.84375e+06,5.84375e+06,1.55602e+07
0,0,0,7.32592e+08,0,3.2769e+07,-5.84444e+06,5.84444e+06,1.55602e+07
0,0,0,7.32592e+08,0,3.60136e+07,-6.27601e+06,6.27601e+06,1.55602e+07
0,0,0,7.32592e+08,0,3.58476e+07,-6.16642e+06,6.16642e+06,1.55602e+07
0,0,0,7.32592e+08,0,3.58515e+07,-6.16599e+06,6.16599e+06,1.55602e+07
0,0,0,7.32592e+08,0,3.58553e+07,-6.16556e+06,6.16556e+06,1.55602e+07
0,0,0,7.32592e+08,0,3.13973e+07,-5.57166e+06,5.57166e+06,1.55602e+07
0,0,0,7.32592e+08,0,3.15795e+07,-5.68622e+06,5.68622e+06,1.55602e+07
0,0,0,7.32592e+08,0,3.15844e+07,-5.68687e+06,5.68687e+06,1.55602e+07
0,0,0,7.32592e+08,0,3.15893e+07,-5.68753e+06,5.68753e+06,1.55602e+07
0,0,0,7.32592e+08,0,3.15943e+07,-5.68818e+06,5.68818e+06,1.55602e+07
0,0,0,7.32592e+08,0,3.2705e+07,-5.83592e+06,5.83592e+06,1.55602e+07
0,0,0,7.32592e+08,0,3.27101e+07,-5.8366e+06,5.8366e+06,1.55602e+07
0,0,0,7.32592e+08,0,3.27152e+07,-5.83728e+06,5.83728e+06,1.55602e+07
0,0,0,7.32592e+08,0,3.27203e+07,-5.83796e+06,5.83796e+06,1.55602e+07
0,0,0,7.32592e+08,0,3.22944e+07,-5.78131e+06,5.78131e+06,1.55602e+07
0,0,0,7.32592e+08,0,3.22995e+07,-5.78199e+06,5.78199e+06,1.55602e+07
0,0,0,7.32592e+08,0,3.23045e+07,-5.78266e+06,5.78266e+06,1.55602e+07
0,0,0,7.32592e+08,0,3.23096e+07,-5.78333e+06,5.78333e+06,1.55602e+07
0,0,0,7.32592e+08,0,3.3816e+07,-5.98369e+06,5.98369e+06,1.55602e+07
0,0,0,7.32592e+08,0,3.38213e+07,-5.9844e+06,5.9844e+06,1.55602e+07
0,0,0,7.32592e+08,0,3.38266e+07,-5.9851e+06,5.9851e+06,1.55602e+07
0,0,0,7.32592e+08,0,3.38319e+07,-5.98581e+06,5.98581e+06,1.55602e+07
0,0,0,7.32592e+08,0,3.38372e+07,-5.98652e+06,5.98652e+06,1.55602e+07
0,0,0,7.32592e+08,0,3.41963e+07,-6.03428e+06,6.03428e+06,1.55602e+07
0,0,0,7.32592e+08,0,3.42017e+07,-6.035e+06,6.035e+06,1.55602e+07
0,0,0,7.32592e+08,0,3.4207e+07,-6.03571e+06,6.03571e+06,1.55602e+07
0,0,0,7.32592e+08,0,3.42124e+07,-6.03643e+06,6.03643e+06,1.55602e+07
0,0,0,7.32592e+08,0,3.49675e+07,-6.13686e+06,6.13686e+06,1.55602e+07
0,0,0,7.32592e+08,0,3.92371e+07,-1.87348e+06,1.87348e+06,1.37592e+07
0,0,0,7.32592e+08,0,3.92433e+07,-1.87348e+06,1.87348e+06,1.37592e+07
0,0,0,7.32592e+08,0,3.92496e+07,-1.87348e+06,1.87348e+06,1.37592e+07
0,0,0,7.32592e+08,0,4.20747e+07,-1.87348e+06,1.87348e+06,1.37592e+07
0,0,0,7.32592e+08,0,4.11963e+07,-1.30452e+06,1.30452e+06,1.37592e+07
0,0,0,7.32592e+08,0,4.1201e+07,-1.30326e+06,1.30326e+06,1.37592e+07
0,0,0,7.32592e+08,0,4.12058e+07,-1.302e+06,1.302e+06,1.37592e+07
0,0,0,7.32592e+08,0,4.12105e+07,-1.30074e+06,1.30074e+06,1.37592e+07
0,0,0,7.32592e+08,0,3.87481e+07,-2.18252e+06,2.18252e+06,1.37592e+07
0,0,0,7.32592e+08,0,3.57703e+07,-6.06812e+06,6.06812e+06,1.55602e+07
0,0,0,7.32592e+08,0,3.57741e+07,-6.06768e+06,6.06768e+06,1.55602e+07
0,0,0,7.32592e+08,0,3.57779e+07,-6.06723e+06,6.06723e+06,1.55602e+07
0,0,0,7.32592e+08,0,3.45495e+07,-5.90288e+06,5.90288e+06,1.55602e+07
0,0,0,7.32592e+08,0,3.49049e+07,-6.12854e+06,6.12854e+06,1.55602e+07
0,0,0,7.32592e+08,0,3.49104e+07,-6.12927e+06,6.12927e+06,1.55602e+07
0,0,0,7.32592e+08,0,3.49159e+07,-6.13e+06,6.13e+06,1.55602e+07
0,0,0,7.32592e+08,0,3.20659e+07,-5.75091e+06,5.75091e+06,1.55602e+07
0,0,0,7.32592e+08,0,3.20709e+07,-5.75158e+06,5.75158e+06,1.55602e+07
0,0,0,7.32592e+08,0,3.20759e+07,-5.75224e+06,5.75224e+06,1.55602e+07
0,0,0,7.32592e+08,0,3.20809e+07,-5.75291e+06,5.75291e+06,1.55602e+07
0,0,0,7.32592e+08,0,3.20859e+07,-5.75357e+06,5.75357e+06,1.55602e+07
0,0,0,7.32592e+08,0,3.30207e+07,-5.87792e+06,5.87792e+06,1.55602e+07
0,0,0,7.32592e+08,0,3.30255e+07,-5.87856e+06,5.87856e+06,1.55602e+07
0,0,0,7.32592e+08,0,3.30304e+07,-5.8792e+06,5.8792e+06,1.55602e+07
0,0,0,7.32592e+08,0,3.30352e+07,-5.87984e+06,5.87984e+06,1.55602e+07
0,0,0,7.32592e+08,0,3.63083e+07,-6.31521e+06,6.31521e+06,1.55602e+07
0,0,0,7.32592e+08,0,3.60465e+07,-6.14421e+06,6.14421e+06,1.55602e+07
0,0,0,7.32592e+08,0,3.60501e+07,-6.14381e+06,6.14381e+06,1.55602e+07
0,0,0,7.32592e+08,0,3.60538e+07,-6.14341e+06,6.14341e+06,1.55602e+07
0,0,0,7.32592e+08,0,3.1556e+07,-5.54428e+06,5.54428e+06,1.55602e+07
0,0,0,7.32592e+08,0,3.1833e+07,-5.71994e+06,5.71994e+06,1.55602e+07
0,0,0,7.32592e+08,0,3.18376e+07,-5.72055e+06,5.72055e+06,1.55602e+07
0,0,0,7.32592e+08,0,3.18422e+07,-5.72117e+06,5.72117e+06,1.55602e+07
0,0,0,7.32592e+08,0,3.18469e+07,-5.72178e+06,5.72178e+06,1.55602e+07
0,0,0,7.32592e+08,0,3.29671e+07,-5.87078e+06,5.87078e+06,1.55602e+07
0,0,0,7.32592e+08,0,3.29719e+07,-5.87142e+06,5.87142e+06,1.55602e+07
0,0,0,7.32592e+08,0,3.29767e+07,-5.87206e+06,5.87206e+06,1.55602e+07
0,0,0,7.32592e+08,0,3.29815e+07,-5.8727e+06,5.8727e+06,1.55602e+07
0,0,0,7.32592e+08,0,3.25515e+07,-5.8155e+06,5.8155e+06,1.55602e+07
0,0,0,7.32592e+08,0,3.25562e+07,-5.81613e+06,5.81613e+06,1.55602e+07
0,0,0,7.32592e+08,0,3.2561e+07,-5.81677e+06,5.81677e+06,1.55602e+07
0,0,0,7.32592e+08,0,3.25657e+07,-5.8174e+06,5.8174e+06,1.55602e+07
0,0,0,7.32592e+08,0,3.40848e+07,-6.01946e+06,6.01946e+06,1.55602e+07
0,0,0,7.32592e+08,0,3.40898e+07,-6.02012e+06,6.02012e+06,1.55602e+07
0,0,0,7.32592e+08,0,3.40948e+07,-6.02078e+06,6.02078e+06,1.55602e+07
0,0,0,7.32592e+08,0,3.40998e+07,-6.02145e+06,6.02145e+06,1.55602e+07
0,0,0,7.32592e+08,0,3.41048e+07,-6.02211e+06,6.02211e+06,1.55602e+07
0,0,0,7.32592e+08,0,3.86634e+07,-1.87348e+06,1.87348e+06,1.37592e+07
0,0,0,7.32592e+08,0,3.86691e+07,-1.87348e+06,1.87348e+06,1.37592e+07
0,0,0,7.32592e+08,0,3.86748e+07,-1.87348e+06,1.87348e+06,1.37592e+07
0,0,0,7.32592e+08,0,3.86806e+07,-1.87348e+06,1.87348e+06,1.37592e+07
0,0,0,7.32592e+08,0,3.9543e+07,-1.87348e+06,1.87348e+06,1.37592e+07
0,0,0,7.32592e+08,0,3.94869e+07,-1.83367e+06,1.83367e+06,1.37592e+07
0,0,0,7.32592e+08,0,3.94911e+07,-1.83258e+06,1.83258e+06,1.37592e+07
0,0,0,7.32592e+08,0,3.94953e+07,-1.83149e+06,1.83149e+06,1.37592e+07
0,0,0,7.32592e+08,0,4.23424e+07,-1.8304e+06,1.8304e+06,1.37592e+07
0,0,0,7.32592e+08,0,4.14328e+07,-1.24169e+06,1.24169e+06,1.37592e+07
0,0,0,7.32592e+08,0,4.14373e+07,-1.24051e+06,1.24051e+06,1.37592e+07
0,0,0,7.32592e+08,0,4.14418e+07,-1.23932e+06,1.23932e+06,1.37592e+07
0,0,0,7.32592e+08,0,4.14462e+07,-1.23814e+06,1.23814e+06,1.37592e+07
0,0,0,7.32592e+08,0,3.54004e+07,-5.68964e+06,5.68964e+06,1.55602e+07
0,0,0,7.32592e+08,0,3.59592e+07,-6.04612e+06,6.04612e+06,1.55602e+07
0,0,0,7.32592e+08,0,3.59628e+07,-6.0457e+06,6.0457e+06,1.55602e+07
0,0,0,7.32592e+08,0,3.59664e+07,-6.04528e+06,6.04528e+06,1.55602e+07
0,0,0,7.32592e+08,0,3.47273e+07,-5.87957e+06,5.87957e+06,1.55602e+07
0,0,0,7.32592e+08,0,3.51746e+07,-6.1644e+06,6.1644e+06,1.55602e+07
0,0,0,7.32592e+08,0,3.51797e+07,-6.16509e+06,6.16509e+06,1.55602e+07
0,0,0,7.32592e+08,0,3.51849e+07,-6.16577e+06,6.16577e+06,1.55602e+07
0,0,0,7.32592e+08,0,3.23106e+07,-5.78346e+06,5.78346e+06,1.55602e+07
0,0,0,7.32592e+08,0,3.23153e+07,-5.78408e+06,5.78408e+06,1.55602e+07
0,0,0,7.32592e+08,0,3.232e+07,-5.78471e+06,5.78471e+06,1.55602e+07
0,0,0,7.32592e+08,0,3.23247e+07,-5.78533e+06,5.78533e+06,1.55602e+07
0,0,0,7.32592e+08,0,3.23294e+07,-5.78596e+06,5.78596e+06,1.55602e+07
0,0,0,7.32592e+08,0,3.32716e+07,-5.91129e+06,5.91129e+06,1.55602e+07
0,0,0,7.32592e+08,0,3.32762e+07,-5.91189e+06,5.91189e+06,1.55602e+07
0,0,0,7.32592e+08,0,3.32807e+07,-5.9125e+06,5.9125e+06,1.55602e+07
0,0,0,7.32592e+08,0,3.32852e+07,-5.9131e+06,5.9131e+06,1.55602e+07
0,0,0,7.32592e+08,0,3.65851e+07,-6.35203e+06,6.35203e+06,1.55602e+07
0,0,0,7.32592e+08,0,3.62333e+07,-6.12335e+06,6.12335e+06,1.55602e+07
0,0,0,7.32592e+08,0,3.62367e+07,-6.12298e+06,6.12298e+06,1.55602e+07
0,0,0,7.32592e+08,0,3.62401e+07,-6.1226e+06,6.1226e+06,1.55602e+07
0,0,0,7.32592e+08,0,3.1705e+07,-5.51856e+06,5.51856e+06,1.55602e+07
0,0,0,7.32592e+08,0,3.20711e+07,-5.7516e+06,5.7516e+06,1.55602e+07
0,0,0,7.32592e+08,0,3.20754e+07,-5.75218e+06,5.75218e+06,1.55602e+07
0,0,0,7.32592e+08,0,3.20797e+07,-5.75276e+06,5.75276e+06,1.55602e+07
0,0,0,7.32592e+08,0,3.20841e+07,-5.75333e+06,5.75333e+06,1.55602e+07
0,0,0,7.32592e+08,0,3.32131e+07,-5.9035e+06,5.9035e+06,1.55602e+07
0,0,0,7.32592e+08,0,3.32176e+07,-5.9041e+06,5.9041e+06,1.55602e+07
0,0,0,7.32592e+08,0,3.32221e+07,-5.9047e+06,5.9047e+06,1.55602e+07
0,0,0,7.32592e+08,0,3.32266e+07,-5.9053e+06,5.9053e+06,1.55602e+07
0,0,0,7.32592e+08,0,3.27928e+07,-5.8476e+06,5.8476e+06,1.55602e+07
0,0,0,7.32592e+08,0,3.27972e+07,-5.84819e+06,5.84819e+06,1.55602e+07
0,0,0,7.32592e+08,0,3.28017e+07,-5.84878e+06,5.84878e+06,1.55602e+07
0,0,0,7.32592e+08,0,3.28061e+07,-5.84937e+06,5.84937e+06,1.55602e+07
0,0,0,7.32592e+08,0,3.43372e+07,-6.05302e+06,6.05302e+06,1.55602e+07
0,0,0,7.32592e+08,0,3.43419e+07,-6.05365e+06,6.05365e+06,1.55602e+07
0,0,0,7.32592e+08,0,3.43465e+07,-6.05427e+06,6.05427e+06,1.55602e+07
0,0,0,7.32592e+08,0,3.85326e+07,-1.87348e+06,1.87348e+06,1.37592e+07
0,0,0,7.32592e+08,0,3.43559e+07,-6.05551e+06,6.05551e+06,1.55602e+07
0,0,0,7.32592e+08,0,3.47203e+07,-6.10398e+06,6.10398e+06,1.55602e+07
0,0,0,7.32592e+08,0,3.89561e+07,-1.87348e+06,1.87348e+06,1.37592e+07
0,0,0,7.32592e+08,0,3.89615e+07,-1.87348e+06,1.87348e+06,1.37592e+07
0,0,0,7.32592e+08,0,3.89669e+07,-1.87348e+06,1.87348e+06,1.37592e+07
0,0,0,7.32592e+08,0,3.98358e+07,-1.87348e+06,1.87348e+06,1.37592e+07
0,0,0,7.32592e+08,0,3.96945e+07,-1.77915e+06,1.77915e+06,1.37592e+07
0,0,0,7.32592e+08,0,3.96984e+07,-1.77813e+06,1.77813e+06,1.37592e+07
0,0,0,7.32592e+08,0,3.97023e+07,-1.7771e+06,1.7771e+06,1.37592e+07
0,0,0,7.32592e+08,0,4.25718e+07,-1.77608e+06,1.77608e+06,1.37592e+07
0,0,0,7.32592e+08,0,4.16547e+07,-1.18277e+06,1.18277e+06,1.37592e+07
0,0,0,7.32592e+08,0,4.16589e+07,-1.18167e+06,1.18167e+06,1.37592e+07
0,0,0,7.32592e+08,0,4.1663e+07,-1.18056e+06,1.18056e+06,1.37592e+07
0,0,0,7.32592e+08,0,4.16672e+07,-1.17945e+06,1.17945e+06,1.37592e+07
0,0,0,7.32592e+08,0,4.00612e+07,-1.17834e+06,1.17834e+06,1.37592e+07
0,0,0,7.32592e+08,0,4.06249e+07,-1.53699e+06,1.53699e+06,1.37592e+07
0,0,0,7.32592e+08,0,3.61397e+07,-6.02509e+06,6.02509e+06,1.55602e+07
0,0,0,7.32592e+08,0,3.61431e+07,-6.0247e+06,6.0247e+06,1.55602e+07
0,0,0,7.32592e+08,0,3.4894e+07,-5.85772e+06,5.85772e+06,1.55602e+07
0,0,0,7.32592e+08,0,3.5407e+07,-6.18497e+06,6.18497e+06,1.55602e+07
0,0,0,7.32592e+08,0,3.54103e+07,-6.18461e+06,6.18461e+06,1.55602e+07
0,0,0,7.32592e+08,0,3.54135e+07,-6.18424e+06,6.18424e+06,1.55602e+07
0,0,0,7.32592e+08,0,3.25149e+07,-5.79789e+06,5.79789e+06,1.55602e+07
0,0,0,7.32592e+08,0,3.25443e+07,-5.81455e+06,5.81455e+06,1.55602e+07
0,0,0,7.32592e+08,0,3.25487e+07,-5.81513e+06,5.81513e+06,1.55602e+07
0,0,0,7.32592e+08,0,3.25531e+07,-5.81571e+06,5.81571e+06,1.55602e+07
0,0,0,7.32592e+08,0,3.25575e+07,-5.8163e+06,5.8163e+06,1.55602e+07
0,0,0,7.32592e+08,0,3.35067e+07,-5.94256e+06,5.94256e+06,1.55602e+07
0,0,0,7.32592e+08,0,3.3511e+07,-5.94312e+06,5.94312e+06,1.55602e+07
0,0,0,7.32592e+08,0,3.35152e+07,-5.94369e+06,5.94369e+06,1.55602e+07
0,0,0,7.32592e+08,0,3.35194e+07,-5.94425e+06,5.94425e+06,1.55602e+07
0,0,0,7.32592e+08,0,3.68444e+07,-6.38651e+06,6.38651e+06,1.55602e+07
0,0,0,7.32592e+08,0,4.09219e+07,-1.59016e+06,1.59016e+06,1.37592e+07
0,0,0,7.32592e+08,0,4.09257e+07,-1.58918e+06,1.58918e+06,1.37592e+07
0,0,0,7.32592e+08,0,4.09295e+07,-1.58821e+06,1.58821e+06,1.37592e+07
0,0,0,7.32592e+08,0,3.57518e+07,-1.58724e+06,1.58724e+06,1.37592e+07
0,0,0,7.32592e+08,0,3.62017e+07,-1.87348e+06,1.87348e+06,1.37592e+07
0,0,0,7.32592e+08,0,3.62063e+07,-1.87348e+06,1.87348e+06,1.37592e+07
0,0,0,7.32592e+08,0,3.62109e+07,-1.87348e+06,1.87348e+06,1.37592e+07
0,0,0,7.32592e+08,0,3.62155e+07,-1.87348e+06,1.87348e+06,1.37592e+07
0,0,0,7.32592e+08,0,3.7504e+07,-1.87348e+06,1.87348e+06,1.37592e+07
0,0,0,7.32592e+08,0,3.75088e+07,-1.87348e+06,1.87348e+06,1.37592e+07
0,0,0,7.32592e+08,0,3.75136e+07,-1.87348e+06,1.87348e+06,1.37592e+07
0,0,0,7.32592e+08,0,3.75183e+07,-1.87348e+06,1.87348e+06,1.37592e+07
0,0,0,7.32592e+08,0,3.70227e+07,-1.87348e+06,1.87348e+06,1.37592e+07
0,0,0,7.32592e+08,0,3.70274e+07,-1.87348e+06,1.87348e+06,1.37592e+07
0,0,0,7.32592e+08,0,3.70321e+07,-1.87348e+06,1.87348e+06,1.37592e+07
0,0,0,7.32592e+08,0,3.70368e+07,-1.87348e+06,1.87348e+06,1.37592e+07
0,0,0,7.32592e+08,0,3.87842e+07,-1.87348e+06,1.87348e+06,1.37592e+07
0,0,0,7.32592e+08,0,3.87892e+07,-1.87348e+06,1.87348e+06,1.37592e+07
0,0,0,7.32592e+08,0,3.87941e+07,-1.87348e+06,1.87348e+06,1.37592e+07
0,0,0,7.32592e+08,0,3.8799e+07,-1.87348e+06,1.87348e+06,1.37592e+07
0,0,0,7.32592e+08,0,3.8804e+07,-1.87348e+06,1.87348e+06,1.37592e+07
0,0,0,7.32592e+08,0,3.92195e+07,-1.87348e+06,1.87348e+06,1.37592e+07
0,0,0,7.32592e+08,0,3.92245e+07,-1.87348e+06,1.87348e+06,1.37592e+07
0,0,0,7.32592e+08,0,3.92295e+07,-1.87348e+06,1.87348e+06,1.37592e+07
0,0,0,7.32592e+08,0,3.92345e+07,-1.87348e+06,1.87348e+06,1.37592e+07
0,0,0,7.32592e+08,0,4.01095e+07,-1.87348e+06,1.87348e+06,1.37592e+07
0,0,0,7.32592e+08,0,3.98886e+07,-1.72818e+06,1.72818e+06,1.37592e+07
0,0,0,7.32592e+08,0,3.98922e+07,-1.72722e+06,1.72722e+06,1.37592e+07
0,0,0,7.32592e+08,0,3.98959e+07,-1.72627e+06,1.72627e+06,1.37592e+07
0,0,0,7.32592e+08,0,4.27862e+07,-1.72532e+06,1.72532e+06,1.37592e+07
0,0,0,7.32592e+08,0,4.1862e+07,-1.12771e+06,1.12771e+06,1.37592e+07
0,0,0,7.32592e+08,0,4.18659e+07,-1.12667e+06,1.12667e+06,1.37592e+07
0,0,0,7.32592e+08,0,4.18698e+07,-1.12564e+06,1.12564e+06,1.37592e+07
0,0,0,7.32592e+08,0,4.18737e+07,-1.1246e+06,1.1246e+06,1.37592e+07
0,0,0,7.32592e+08,0,4.02556e+07,-1.12357e+06,1.12357e+06,1.37592e+07
0,0,0,7.32592e+08,0,4.08231e+07,-1.48493e+06,1.48493e+06,1.37592e+07
0,0,0,7.32592e+08,0,4.08269e+07,-1.48394e+06,1.48394e+06,1.37592e+07
0,0,0,7.32592e+08,0,4.08306e+07,-1.48295e+06,1.48295e+06,1.37592e+07
0,0,0,7.32592e+08,0,3.94051e+07,-1.48197e+06,1.48197e+06,1.37592e+07
0,0,0,7.32592e+08,0,3.55662e+07,-6.16697e+06,6.16697e+06,1.55602e+07
0,0,0,7.32592e+08,0,3.55692e+07,-6.16663e+06,6.16663e+06,1.55602e+07
0,0,0,7.32592e+08,0,3.55723e+07,-6.16629e+06,6.16629e+06,1.55602e+07
0,0,0,7.32592e+08,0,3.26524e+07,-5.77717e+06,5.77717e+06,1.55602e+07
0,0,0,7.32592e+08,0,3.27581e+07,-5.84298e+06,5.84298e+06,1.55602e+07
0,0,0,7.32592e+08,0,3.27622e+07,-5.84353e+06,5.84353e+06,1.55602e+07
0,0,0,7.32592e+08,0,3.27663e+07,-5.84408e+06,5.84408e+06,1.55602e+07
0,0,0,7.32592e+08,0,3.27704e+07,-5.84462e+06,5.84462e+06,1.55602e+07
0,0,0,7.32592e+08,0,3.27704e+07,-5.84462e+06,5.84462e+06,1.55602e+07
0,0,0,7.32592e+08,0,3.78244e+07,-1.87348e+06,1.87348e+06,1.37592e+07
0,0,0,7.32592e+08,0,3.78289e+07,-1.87348e+06,1.87348e+06,1.37592e+07
0,0,0,7.32592e+08,0,3.3734e+07,-5.97279e+06,5.97279e+06,1.55602e+07
0,0,0,7.32592e+08,0,3.78377e+07,-1.87348e+06,1.87348e+06,1.37592e+07
0,0,0,7.32592e+08,0,4.16315e+07,-1.87348e+06,1.87348e+06,1.37592e+07
0,0,0,7.32592e+08,0,4.11173e+07,-1.5398e+06,1.5398e+06,1.37592e+07
0,0,0,7.32592e+08,0,4.11208e+07,-1.53889e+06,1.53889e+06,1.37592e+07
0,0,0,7.32592e+08,0,3.87315e+07,0,0,1.37592e+07
0,0,0,7.32592e+08,0,3.59096e+07,-1.53708e+06,1.53708e+06,1.37592e+07
0,0,0,7.32592e+08,0,3.64372e+07,-1.87348e+06,1.87348e+06,1.37592e+07
0,0,0,7.32592e+08,0,3.35267e+07,0,0,1.37592e+07
0,0,0,7.32592e+08,0,3.64458e+07,-1.87348e+06,1.87348e+06,1.37592e+07
0,0,0,7.32592e+08,0,3.645e+07,-1.87348e+06,1.87348e+06,1.37592e+07
0,0,0,7.32592e+08,0,3.48325e+07,0,0,1.37592e+07
0,0,0,7.32592e+08,0,3.48369e+07,0,0,1.37592e+07
0,0,0,7.32592e+08,0,3.48413e+07,0,0,1.37592e+07
0,0,0,7.32592e+08,0,3.77606e+07,-1.87348e+06,1.87348e+06,1.37592e+07
0,0,0,7.32592e+08,0,3.43463e+07,0,0,1.37592e+07
0,0,0,7.32592e+08,0,3.43507e+07,0,0,1.37592e+07
0,0,0,7.32592e+08,0,3.4355e+07,0,0,1.37592e+07
0,0,0,7.32592e+08,0,3.43594e+07,0,0,1.37592e+07
0,0,0,7.32592e+08,0,3.61186e+07,0,0,1.37592e+07
0,0,0,7.32592e+08,0,3.61232e+07,0,0,1.37592e+07
0,0,0,7.32592e+08,0,3.61277e+07,0,0,1.37592e+07
0,0,0,7.32592e+08,0,3.61323e+07,0,0,1.37592e+07
0,0,0,7.32592e+08,0,3.61369e+07,0,0,1.37592e+07
0,0,0,7.32592e+08,0,3.6555e+07,0,0,1.37592e+07
0,0,0,7.32592e+08,0,3.65596e+07,0,0,1.37592e+07
0,0,0,7.32592e+08,0,3.65643e+07,0,0,1.37592e+07
0,0,0,7.32592e+08,0,3.65689e+07,0,0,1.37592e+07
0,0,0,7.32592e+08,0,3.74495e+07,0,0,1.37592e+07
0,0,0,7.32592e+08,0,3.74542e+07,0,0,1.37592e+07
0,0,0,7.32592e+08,0,3.7459e+07,0,0,1.37592e+07
0,0,0,7.32592e+08,0,3.74638e+07,0,0,1.37592e+07
0,0,0,7.32592e+08,0,4.03749e+07,0,0,1.37592e+07
0,0,0,7.32592e+08,0,4.038e+07,0,0,1.37592e+07
0,0,0,7.32592e+08,0,4.03852e+07,0,0,1.37592e+07
0,0,0,7.32592e+08,0,4.03903e+07,0,0,1.37592e+07
0,0,0,7.32592e+08,0,4.03954e+07,0,0,1.37592e+07
0,0,0,7.32592e+08,0,3.87676e+07,0,0,1.37592e+07
0,0,0,7.32592e+08,0,3.87725e+07,0,0,1.37592e+07
0,0,0,7.32592e+08,0,3.87774e+07,0,0,1.37592e+07
0,0,0,7.32592e+08,0,3.87823e+07,0,0,1.37592e+07
0,0,0,7.32592e+08,0,3.73483e+07,0,0,1.37592e+07
0,0,0,7.32592e+08,0,3.73531e+07,0,0,1.37592e+07
0,0,0,7.32592e+08,0,3.73578e+07,0,0,1.37592e+07
0,0,0,7.32592e+08,0,3.73625e+07,0,0,1.37592e+07
0,0,0,7.32592e+08,0,3.40335e+07,0,0,1.37592e+07
0,0,0,7.32592e+08,0,3.40379e+07,0,0,1.37592e+07
0,0,0,7.32592e+08,0,3.40422e+07,0,0,1.37592e+07
0,0,0,7.32592e+08,0,3.40465e+07,0,0,1.37592e+07
0,0,0,7.32592e+08,0,3.40508e+07,0,0,1.37592e+07
0,0,0,7.32592e+08,0,3.51405e+07,0,0,1.37592e+07
0,0,0,7.32592e+08,0,3.51446e+07,0,0,1.37592e+07
0,0,0,7.32592e+08,0,3.51487e+07,0,0,1.37592e+07
0,0,0,7.32592e+08,0,3.51528e+07,0,0,1.37592e+07
0,0,0,7.32592e+08,0,3.89711e+07,0,0,1.37592e+07
0,0,0,7.32592e+08,0,3.89757e+07,0,0,1.37592e+07
0,0,0,7.32592e+08,0,3.89802e+07,0,0,1.37592e+07
0,0,0,7.32592e+08,0,3.89848e+07,0,0,1.37592e+07
0,0,0,7.32592e+08,0,3.3737e+07,0,0,1.37592e+07
0,0,0,7.32592e+08,0,3.3741e+07,0,0,1.37592e+07
0,0,0,7.32592e+08,0,3.37449e+07,0,0,1.37592e+07
0,0,0,7.32592e+08,0,3.37488e+07,0,0,1.37592e+07
0,0,0,7.32592e+08,0,3.37528e+07,0,0,1.37592e+07
0,0,0,7.32592e+08,0,3.50581e+07,0,0,1.37592e+07
0,0,0,7.32592e+08,0,3.50621e+07,0,0,1.37592e+07
0,0,0,7.32592e+08,0,3.50662e+07,0,0,1.37592e+07
0,0,0,7.32592e+08,0,3.50703e+07,0,0,1.37592e+07
0,0,0,7.32592e+08,0,3.45673e+07,0,0,1.37592e+07
0,0,0,7.32592e+08,0,3.45713e+07,0,0,1.37592e+07
0,0,0,7.32592e+08,0,3.45753e+07,0,0,1.37592e+07
0,0,0,7.32592e+08,0,3.45794e+07,0,0,1.37592e+07
0,0,0,7.32592e+08,0,3.63494e+07,0,0,1.37592e+07
0,0,0,7.32592e+08,0,3.63537e+07,0,0,1.37592e+07
0,0,0,7.32592e+08,0,3.63579e+07,0,0,1.37592e+07
0,0,0,7.32592e+08,0,3.63621e+07,0,0,1.37592e+07
0,0,0,7.32592e+08,0,3.63664e+07,0,0,1.37592e+07
0,0,0,7.32592e+08,0,3.67867e+07,0,0,1.37592e+07
0,0,0,7.32592e+08,0,3.6791e+07,0,0,1.37592e+07
0,0,0,7.32592e+08,0,3.67953e+07,0,0,1.37592e+07
0,0,0,7.32592e+08,0,3.67995e+07,0,0,1.37592e+07
0,0,0,7.32592e+08,0,3.76853e+07,0,0,1.37592e+07
0,0,0,7.32592e+08,0,3.76897e+07,0,0,1.37592e+07
0,0,0,7.32592e+08,0,3.76941e+07,0,0,1.37592e+07
0,0,0,7.32592e+08,0,3.76985e+07,0,0,1.37592e+07
0,0,0,7.32592e+08,0,4.06274e+07,0,0,1.37592e+07
0,0,0,7.32592e+08,0,4.06322e+07,0,0,1.37592e+07
0,0,0,7.32592e+08,0,4.06369e+07,0,0,1.37592e+07
0,0,0,7.32592e+08,0,4.06416e+07,0,0,1.37592e+07
0,0,0,7.32592e+08,0,4.06464e+07,0,0,1.37592e+07
0,0,0,7.32592e+08,0,3.9008e+07,0,0,1.37592e+07
0,0,0,7.32592e+08,0,3.90125e+07,0,0,1.37592e+07
0,0,0,7.32592e+08,0,3.90171e+07,0,0,1.37592e+07
0,0,0,7.32592e+08,0,3.90216e+07,0,0,1.37592e+07
0,0,0,7.32592e+08,0,3.75784e+07,0,0,1.37592e+07
0,0,0,7.32592e+08,0,3.75827e+07,0,0,1.37592e+07
0,0,0,7.32592e+08,0,3.75871e+07,0,0,1.37592e+07
0,0,0,7.32592e+08,0,3.75915e+07,0,0,1.37592e+07
0,0,0,7.32592e+08,0,3.42417e+07,0,0,1.37592e+07
0,0,0,7.32592e+08,0,3.42457e+07,0,0,1.37592e+07
0,0,0,7.32592e+08,0,3.42497e+07,0,0,1.37592e+07
0,0,0,7.32592e+08,0,3.42537e+07,0,0,1.37592e+07
0,0,0,7.32592e+08,0,3.42577e+07,0,0,1.37592e+07
0,0,0,7.32592e+08,0,3.53536e+07,0,0,1.37592e+07
0,0,0,7.32592e+08,0,3.53574e+07,0,0,1.37592e+07
0,0,0,7.32592e+08,0,3.53611e+07,0,0,1.37592e+07
0,0,0,7.32592e+08,0,3.53649e+07,0,0,1.37592e+07
0,0,0,7.32592e+08,0,3.92059e+07,0,0,1.37592e+07
0,0,0,7.32592e+08,0,3.921e+07,0,0,1.37592e+07
0,0,0,7.32592e+08,0,3.92142e+07,0,0,1.37592e+07
0,0,0,7.32592e+08,0,3.92184e+07,0,0,1.37592e+07
0,0,0,7.32592e+08,0,3.39389e+07,0,0,1.37592e+07
0,0,0,7.32592e+08,0,3.39425e+07,0,0,1.37592e+07
0,0,0,7.32592e+08,0,3.39461e+07,0,0,1.37592e+07
0,0,0,7.32592e+08,0,3.39497e+07,0,0,1.37592e+07
0,0,0,7.32592e+08,0,3.39533e+07,0,0,1.37592e+07
0,0,0,7.32592e+08,0,3.5266e+07,0,0,1.37592e+07
0,0,0,7.32592e+08,0,3.52697e+07,0,0,1.37592e+07
0,0,0,7.32592e+08,0,3.52735e+07,0,0,1.37592e+07
0,0,0,7.32592e+08,0,3.52772e+07,0,0,1.37592e+07
0,0,0,7.32592e+08,0,3.47709e+07,0,0,1.37592e+07
0,0,0,7.32592e+08,0,3.47745e+07,0,0,1.37592e+07
0,0,0,7.32592e+08,0,3.47782e+07,0,0,1.37592e+07
0,0,0,7.32592e+08,0,3.47819e+07,0,0,1.37592e+07
0,0,0,7.32592e+08,0,3.6562e+07,0,0,1.37592e+07
0,0,0,7.32592e+08,0,3.65659e+07,0,0,1.37592e+07
0,0,0,7.32592e+08,0,3.65698e+07,0,0,1.37592e+07
0,0,0,7.32592e+08,0,3.65737e+07,0,0,1.37592e+07
0,0,0,7.32592e+08,0,3.65775e+07,0,0,1.37592e+07
0,0,0,7.32592e+08,0,3.69999e+07,0,0,1.37592e+07
0,0,0,7.32592e+08,0,3.70038e+07,0,0,1.37592e+07
0,0,0,7.32592e+08,0,3.70078e+07,0,0,1.37592e+07
0,0,0,7.32592e+08,0,3.70117e+07,0,0,1.37592e+07
0,0,0,7.32592e+08,0,3.79022e+07,0,0,1.37592e+07
0,0,0,7.32592e+08,0,3.79062e+07,0,0,1.37592e+07
0,0,0,7.32592e+08,0,3.79102e+07,0,0,1.37592e+07
0,0,0,7.32592e+08,0,3.79143e+07,0,0,1.37592e+07
0,0,0,7.32592e+08,0,4.08596e+07,0,0,1.37592e+07
0,0,0,7.32592e+08,0,4.08639e+07,0,0,1.37592e+07
0,0,0,7.32592e+08,0,4.08683e+07,0,0,1.37592e+07
0,0,0,7.32592e+08,0,4.08726e+07,0,0,1.37592e+07
0,0,0,7.32592e+08,0,4.08769e+07,0,0,1.37592e+07
0,0,0,7.32592e+08,0,3.92289e+07,0,0,1.37592e+07
0,0,0,7.32592e+08,0,3.92331e+07,0,0,1.37592e+07
0,0,0,7.32592e+08,0,3.92372e+07,0,0,1.37592e+07
0,0,0,7.32592e+08,0,3.92414e+07,0,0,1.37592e+07
0,0,0,7.32592e+08,0,3.77896e+07,0,0,1.37592e+07
0,0,0,7.32592e+08,0,3.77936e+07,0,0,1.37592e+07
0,0,0,7.32592e+08,0,3.77976e+07,0,0,1.37592e+07
0,0,0,7.32592e+08,0,3.78016e+07,0,0,1.37592e+07
0,0,0,7.32592e+08,0,3.44328e+07,0,0,1.37592e+07
0,0,0,7.32592e+08,0,3.44365e+07,0,0,1.37592e+07
0,0,0,7.32592e+08,0,3.44401e+07,0,0,1.37592e+07
0,0,0,7.32592e+08,0,3.44438e+07,0,0,1.37592e+07
0,0,0,7.32592e+08,0,3.44474e+07,0,0,1.37592e+07
0,0,0,7.32592e+08,0,3.55491e+07,0,0,1.37592e+07
0,0,0,7.32592e+08,0,3.55525e+07,0,0,1.37592e+07
0,0,0,7.32592e+08,0,3.55559e+07,0,0,1.37592e+07
0,0,0,7.32592e+08,0,3.55594e+07,0,0,1.37592e+07
0,0,0,7.32592e+08,0,3.94211e+07,0,0,1.37592e+07
0,0,0,7.32592e+08,0,3.94249e+07,0,0,1.37592e+07
0,0,0,7.32592e+08,0,3.94287e+07,0,0,1.37592e+07
0,0,0,7.32592e+08,0,3.94325e+07,0,0,1.37592e+07
0,0,0,7.32592e+08,0,3.41238e+07,0,0,1.37592e+07
0,0,0,7.32592e+08,0,3.41271e+07,0,0,1.37592e+07
0,0,0,7.32592e+08,0,3.41303e+07,0,0,1.37592e+07
0,0,0,7.32592e+08,0,3.41336e+07,0,0,1.37592e+07
0,0,0,7.32592e+08,0,3.41369e+07,0,0,1.37592e+07
0,0,0,7.32592e+08,0,3.54564e+07,0,0,1.37592e+07
0,0,0,7.32592e+08,0,3.54598e+07,0,0,1.37592e+07
0,0,0,7.32592e+08,0,3.54632e+07,0,0,1.37592e+07
0,0,0,7.32592e+08,0,3.54666e+07,0,0,1.37592e+07
0,0,0,7.32592e+08,0,3.49572e+07,0,0,1.37592e+07
0,0,0,7.32592e+08,0,3.49605e+07,0,0,1.37592e+07
0,0,0,7.32592e+08,0,3.49639e+07,0,0,1.37592e+07
0,0,0,7.32592e+08,0,3.49673e+07,0,0,1.37592e+07
0,0,0,7.32592e+08,0,3.67564e+07,0,0,1.37592e+07
0,0,0,7.32592e+08,0,3.676e+07,0,0,1.37592e+07
0,0,0,7.32592e+08,0,3.67635e+07,0,0,1.37592e+07
0,0,0,7.32592e+08,0,3.67671e+07,0,0,1.37592e+07
0,0,0,7.32592e+08,0,3.67706e+07,0,0,1.37592e+07
0,0,0,7.32592e+08,0,3.71948e+07,0,0,1.37592e+07
0,0,0,7.32592e+08,0,3.71984e+07,0,0,1.37592e+07
0,0,0,7.32592e+08,0,3.7202e+07,0,0,1.37592e+07
0,0,0,7.32592e+08,0,3.72056e+07,0,0,1.37592e+07
0,0,0,7.32592e+08,0,3.81003e+07,0,0,1.37592e+07
0,0,0,7.32592e+08,0,3.8104e+07,0,0,1.37592e+07
0,0,0,7.32592e+08,0,3.81077e+07,0,0,1.37592e+07
0,0,0,7.32592e+08,0,3.81113e+07,0,0,1.37592e+07
0,0,0,7.32592e+08,0,4.10716e+07,0,0,1.37592e+07
0,0,0,7.32592e+08,0,4.10755e+07,0,0,1.37592e+07
0,0,0,7.32592e+08,0,4.10795e+07,0,0,1.37592e+07
0,0,0,7.32592e+08,0,4.10834e+07,0,0,1.37592e+07
0,0,0,7.32592e+08,0,4.10874e+07,0,0,1.37592e+07
0,0,0,7.32592e+08,0,3.94304e+07,0,0,1.37592e+07
0,0,0,7.32592e+08,0,3.94342e+07,0,0,1.37592e+07
0,0,0,7.32592e+08,0,3.9438e+07,0,0,1.37592e+07
0,0,0,7.32592e+08,0,3.94418e+07,0,0,1.37592e+07
0,0,0,7.32592e+08,0,3.79823e+07,0,0,1.37592e+07
0,0,0,7.32592e+08,0,3.79859e+07,0,0,1.37592e+07
0,0,0,7.32592e+08,0,3.79896e+07,0,0,1.37592e+07
0,0,0,7.32592e+08,0,3.79932e+07,0,0,1.37592e+07
0,0,0,7.32592e+08,0,3.4607e+07,0,0,1.37592e+07
0,0,0,7.32592e+08,0,3.46103e+07,0,0,1.37592e+07
0,0,0,7.32592e+08,0,3.46136e+07,0,0,1.37592e+07
0,0,0,7.32592e+08,0,3.4617e+07,0,0,1.37592e+07
0,0,0,7.32592e+08,0,3.46203e+07,0,0,1.37592e+07
0,0,0,7.32592e+08,0,3.57271e+07,0,0,1.37592e+07
0,0,0,7.32592e+08,0,3.57302e+07,0,0,1.37592e+07
0,0,0,7.32592e+08,0,3.57333e+07,0,0,1.37592e+07
0,0,0,7.32592e+08,0,3.57364e+07,0,0,1.37592e+07
0,0,0,7.32592e+08,0,3.96169e+07,0,0,1.37592e+07
0,0,0,7.32592e+08,0,3.96204e+07,0,0,1.37592e+07
0,0,0,7.32592e+08,0,3.96238e+07,0,0,1.37592e+07
0,0,0,7.32592e+08,0,3.96272e+07,0,0,1.37592e+07
0,0,0,7.32592e+08,0,3.4292e+07,0,0,1.37592e+07
0,0,0,7.32592e+08,0,3.42949e+07,0,0,1.37592e+07
0,0,0,7.32592e+08,0,3.42979e+07,0,0,1.37592e+07
0,0,0,7.32592e+08,0,3.43009e+07,0,0,1.37592e+07
0,0,0,7.32592e+08,0,3.43038e+07,0,0,1.37592e+07
0,0,0,7.32592e+08,0,3.56294e+07,0,0,1.37592e+07
0,0,0,7.32592e+08,0,3.56324e+07,0,0,1.37592e+07
0,0,0,7.32592e+08,0,3.56355e+07,0,0,1.37592e+07
0,0,0,7.32592e+08,0,3.56386e+07,0,0,1.37592e+07
0,0,0,7.32592e+08,0,3.51264e+07,0,0,1.37592e+07
0,0,0,7.32592e+08,0,3.51294e+07,0,0,1.37592e+07
0,0,0,7.32592e+08,0,3.51324e+07,0,0,1.37592e+07
0,0,0,7.32592e+08,0,3.51355e+07,0,0,1.37592e+07
0,0,0,7.32592e+08,0,3.69329e+07,0,0,1.37592e+07
0,0,0,7.32592e+08,0,3.69361e+07,0,0,1.37592e+07
0,0,0,7.32592e+08,0,3.69393e+07,0,0,1.37592e+07
0,0,0,7.32592e+08,0,3.69425e+07,0,0,1.37592e+07
0,0,0,7.32592e+08,0,3.69457e+07,0,0,1.37592e+07
0,0,0,7.32592e+08,0,3.73716e+07,0,0,1.37592e+07
0,0,0,7.32592e+08,0,3.73748e+07,0,0,1.37592e+07
0,0,0,7.32592e+08,0,3.7378e+07,0,0,1.37592e+07
0,0,0,7.32592e+08,0,3.73812e+07,0,0,1.37592e+07
0,0,0,7.32592e+08,0,3.82799e+07,0,0,1.37592e+07
0,0,0,7.32592e+08,0,3.82832e+07,0,0,1.37592e+07
0,0,0,7.32592e+08,0,3.82865e+07,0,0,1.37592e+07
0,0,0,7.32592e+08,0,3.82898e+07,0,0,1.37592e+07
0,0,0,7.32592e+08,0,4.12634e+07,0,0,1.37592e+07
0,0,0,7.32592e+08,0,4.1267e+07,0,0,1.37592e+07
0,0,0,7.32592e+08,0,4.12706e+07,0,0,1.37592e+07
0,0,0,7.32592e+08,0,4.12741e+07,0,0,1.37592e+07
0,0,0,7.32592e+08,0,4.12777e+07,0,0,1.37592e+07
0,0,0,7.32592e+08,0,3.96127e+07,0,0,1.37592e+07
0,0,0,7.32592e+08,0,3.96161e+07,0,0,1.37592e+07
0,0,0,7.32592e+08,0,3.96196e+07,0,0,1.37592e+07
0,0,0,7.32592e+08,0,3.9623e+07,0,0,1.37592e+07
0,0,0,7.32592e+08,0,3.81563e+07,0,0,1.37592e+07
0,0,0,7.32592e+08,0,3.81596e+07,0,0,1.37592e+07
0,0,0,7.32592e+08,0,3.81629e+07,0,0,1.37592e+07
0,0,0,7.32592e+08,0,3.81662e+07,0,0,1.37592e+07
0,0,0,7.32592e+08,0,3.47642e+07,0,0,1.37592e+07
0,0,0,7.32592e+08,0,3.47672e+07,0,0,1.37592e+07
0,0,0,7.32592e+08,0,3.47702e+07,0,0,1.37592e+07
0,0,0,7.32592e+08,0,3.47732e+07,0,0,1.37592e+07
0,0,0,7.32592e+08,0,3.47762e+07,0,0,1.37592e+07
0,0,0,7.32592e+08,0,3.58877e+07,0,0,1.37592e+07
0,0,0,7.32592e+08,0,3.58905e+07,0,0,1.37592e+07
0,0,0,7.32592e+08,0,3.58932e+07,0,0,1.37592e+07
0,0,0,7.32592e+08,0,3.5896e+07,0,0,1.37592e+07
0,0,0,7.32592e+08,0,3.97934e+07,0,0,1.37592e+07
0,0,0,7.32592e+08,0,3.97965e+07,0,0,1.37592e+07
0,0,0,7.32592e+08,0,3.97995e+07,0,0,1.37592e+07
0,0,0,7.32592e+08,0,3.98026e+07,0,0,1.37592e+07
0,0,0,7.32592e+08,0,3.44434e+07,0,0,1.37592e+07
0,0,0,7.32592e+08,0,3.4446e+07,0,0,1.37592e+07
0,0,0,7.32592e+08,0,3.44487e+07,0,0,1.37592e+07
0,0,0,7.32592e+08,0,3.44513e+07,0,0,1.37592e+07
0,0,0,7.32592e+08,0,3.4454e+07,0,0,1.37592e+07
0,0,0,7.32592e+08,0,3.86997e+07,-1.87348e+06,1.87348e+06,1.37592e+07
0,0,0,7.32592e+08,0,3.87025e+07,-1.87348e+06,1.87348e+06,1.37592e+07
0,0,0,7.32592e+08,0,3.87052e+07,-1.87348e+06,1.87348e+06,1.37592e+07
0,0,0,7.32592e+08,0,3.8708e+07,-1.87348e+06,1.87348e+06,1.37592e+07
0,0,0,7.32592e+08,0,3.81932e+07,-1.87348e+06,1.87348e+06,1.37592e+07
0,0,0,7.32592e+08,0,3.81959e+07,-1.87348e+06,1.87348e+06,1.37592e+07
0,0,0,7.32592e+08,0,3.81986e+07,-1.87348e+06,1.87348e+06,1.37592e+07
0,0,0,7.32592e+08,0,3.82013e+07,-1.87348e+06,1.87348e+06,1.37592e+07
0,0,0,7.32592e+08,0,4.00061e+07,-1.87348e+06,1.87348e+06,1.37592e+07
0,0,0,7.32592e+08,0,3.99929e+07,-1.86319e+06,1.86319e+06,1.37592e+07
0,0,0,7.32592e+08,0,3.99949e+07,-1.86267e+06,1.86267e+06,1.37592e+07
0,0,0,7.32592e+08,0,3.9997e+07,-1.86215e+06,1.86215e+06,1.37592e+07
0,0,0,7.32592e+08,0,3.9999e+07,-1.86163e+06,1.86163e+06,1.37592e+07
0,0,0,7.32592e+08,0,4.04255e+07,-1.86111e+06,1.86111e+06,1.37592e+07
0,0,0,7.32592e+08,0,4.01296e+07,-1.66906e+06,1.66906e+06,1.37592e+07
0,0,0,7.32592e+08,0,4.01316e+07,-1.66852e+06,1.66852e+06,1.37592e+07
0,0,0,7.32592e+08,0,3.75386e+07,0,0,1.37592e+07
0,0,0,7.32592e+08,0,4.10349e+07,-1.66745e+06,1.66745e+06,1.37592e+07
0,0,0,7.32592e+08,0,4.07713e+07,-1.49617e+06,1.49617e+06,1.37592e+07
0,0,0,7.32592e+08,0,3.84465e+07,0,0,1.37592e+07
0,0,0,7.32592e+08,0,3.84494e+07,0,0,1.37592e+07
0,0,0,7.32592e+08,0,4.14351e+07,0,0,1.37592e+07
0,0,0,7.32592e+08,0,4.14383e+07,0,0,1.37592e+07
0,0,0,7.32592e+08,0,4.14414e+07,0,0,1.37592e+07
0,0,0,7.32592e+08,0,4.14446e+07,0,0,1.37592e+07
0,0,0,7.32592e+08,0,4.14478e+07,0,0,1.37592e+07
0,0,0,7.32592e+08,0,3.97756e+07,0,0,1.37592e+07
0,0,0,7.32592e+08,0,3.97786e+07,0,0,1.37592e+07
0,0,0,7.32592e+08,0,3.97817e+07,0,0,1.37592e+07
0,0,0,7.32592e+08,0,3.97847e+07,0,0,1.37592e+07
0,0,0,7.32592e+08,0,3.83117e+07,0,0,1.37592e+07
0,0,0,7.32592e+08,0,3.83146e+07,0,0,1.37592e+07
0,0,0,7.32592e+08,0,3.83176e+07,0,0,1.37592e+07
0,0,0,7.32592e+08,0,3.83205e+07,0,0,1.37592e+07
0,0,0,7.32592e+08,0,3.49044e+07,0,0,1.37592e+07
0,0,0,7.32592e+08,0,3.49071e+07,0,0,1.37592e+07
0,0,0,7.32592e+08,0,3.49097e+07,0,0,1.37592e+07
0,0,0,7.32592e+08,0,3.78272e+07,-1.87348e+06,1.87348e+06,1.37592e+07
0,0,0,7.32592e+08,0,3.78299e+07,-1.87348e+06,1.87348e+06,1.37592e+07
0,0,0,7.32592e+08,0,3.78299e+07,-1.87348e+06,1.87348e+06,1.37592e+07
0,0,0,7.32592e+08,0,3.89455e+07,-1.87348e+06,1.87348e+06,1.37592e+07
0,0,0,7.32592e+08,0,3.89479e+07,-1.87348e+06,1.87348e+06,1.37592e+07
0,0,0,7.32592e+08,0,3.89503e+07,-1.87348e+06,1.87348e+06,1.37592e+07
0,0,0,7.32592e+08,0,3.89527e+07,-1.87348e+06,1.87348e+06,1.37592e+07
0,0,0,7.32592e+08,0,4.28652e+07,-1.87348e+06,1.87348e+06,1.37592e+07
0,0,0,7.32592e+08,0,4.1996e+07,-1.31309e+06,1.31309e+06,1.37592e+07
0,0,0,7.32592e+08,0,4.19979e+07,-1.3126e+06,1.3126e+06,1.37592e+07
0,0,0,7.32592e+08,0,4.19998e+07,-1.31211e+06,1.31211e+06,1.37592e+07
0,0,0,7.32592e+08,0,3.66186e+07,-1.31162e+06,1.31162e+06,1.37592e+07
0,0,0,7.32592e+08,0,3.7495e+07,-1.87348e+06,1.87348e+06,1.37592e+07
0,0,0,7.32592e+08,0,3.74973e+07,-1.87348e+06,1.87348e+06,1.37592e+07
0,0,0,7.32592e+08,0,3.74997e+07,-1.87348e+06,1.87348e+06,1.37592e+07
0,0,0,7.32592e+08,0,3.7502e+07,-1.87348e+06,1.87348e+06,1.37592e+07
0,0,0,7.32592e+08,0,3.88378e+07,-1.87348e+06,1.87348e+06,1.37592e+07
0,0,0,7.32592e+08,0,3.88402e+07,-1.87348e+06,1.87348e+06,1.37592e+07
0,0,0,7.32592e+08,0,3.88426e+07,-1.87348e+06,1.87348e+06,1.37592e+07
0,0,0,7.32592e+08,0,3.8845e+07,-1.87348e+06,1.87348e+06,1.37592e+07
0,0,0,7.32592e+08,0,3.83279e+07,-1.87348e+06,1.87348e+06,1.37592e+07
0,0,0,7.32592e+08,0,3.83302e+07,-1.87348e+06,1.87348e+06,1.37592e+07
0,0,0,7.32592e+08,0,3.83326e+07,-1.87348e+06,1.87348e+06,1.37592e+07
0,0,0,7.32592e+08,0,3.8335e+07,-1.87348e+06,1.87348e+06,1.37592e+07
0,0,0,7.32592e+08,0,4.01462e+07,-1.87348e+06,1.87348e+06,1.37592e+07
0,0,0,7.32592e+08,0,4.00928e+07,-1.83752e+06,1.83752e+06,1.37592e+07
0,0,0,7.32592e+08,0,4.00946e+07,-1.83707e+06,1.83707e+06,1.37592e+07
0,0,0,7.32592e+08,0,4.00963e+07,-1.83661e+06,1.83661e+06,1.37592e+07
0,0,0,7.32592e+08,0,4.00981e+07,-1.83615e+06,1.83615e+06,1.37592e+07
0,0,0,7.32592e+08,0,4.0526e+07,-1.8357e+06,1.8357e+06,1.37592e+07
0,0,0,7.32592e+08,0,4.02287e+07,-1.643e+06,1.643e+06,1.37592e+07
0,0,0,7.32592e+08,0,4.02305e+07,-1.64253e+06,1.64253e+06,1.37592e+07
0,0,0,7.32592e+08,0,4.02323e+07,-1.64206e+06,1.64206e+06,1.37592e+07
0,0,0,7.32592e+08,0,4.11365e+07,-1.64159e+06,1.64159e+06,1.37592e+07
0,0,0,7.32592e+08,0,4.08718e+07,-1.46975e+06,1.46975e+06,1.37592e+07
0,0,0,7.32592e+08,0,3.85877e+07,0,0,1.37592e+07
0,0,0,7.32592e+08,0,3.85903e+07,0,0,1.37592e+07
0,0,0,7.32592e+08,0,4.15865e+07,0,0,1.37592e+07
0,0,0,7.32592e+08,0,4.15892e+07,0,0,1.37592e+07
0,0,0,7.32592e+08,0,4.1592e+07,0,0,1.37592e+07
0,0,0,7.32592e+08,0,4.15948e+07,0,0,1.37592e+07
0,0,0,7.32592e+08,0,4.15976e+07,0,0,1.37592e+07
0,0,0,7.32592e+08,0,3.99189e+07,0,0,1.37592e+07
0,0,0,7.32592e+08,0,3.99216e+07,0,0,1.37592e+07
0,0,0,7.32592e+08,0,3.99243e+07,0,0,1.37592e+07
0,0,0,7.32592e+08,0,3.99269e+07,0,0,1.37592e+07
0,0,0,7.32592e+08,0,3.84483e+07,0,0,1.37592e+07
0,0,0,7.32592e+08,0,3.84509e+07,0,0,1.37592e+07
0,0,0,7.32592e+08,0,3.84535e+07,0,0,1.37592e+07
0,0,0,7.32592e+08,0,3.8456e+07,0,0,1.37592e+07
0,0,0,7.32592e+08,0,3.50275e+07,0,0,1.37592e+07
0,0,0,7.32592e+08,0,3.50298e+07,0,0,1.37592e+07
0,0,0,7.32592e+08,0,3.50322e+07,0,0,1.37592e+07
0,0,0,7.32592e+08,0,3.50345e+07,0,0,1.37592e+07
0,0,0,7.32592e+08,0,3.50369e+07,0,0,1.37592e+07
0,0,0,7.32592e+08,0,3.6156e+07,0,0,1.37592e+07
0,0,0,7.32592e+08,0,3.61581e+07,0,0,1.37592e+07
0,0,0,7.32592e+08,0,3.61602e+07,0,0,1.37592e+07
0,0,0,7.32592e+08,0,3.61622e+07,0,0,1.37592e+07
0,0,0,7.32592e+08,0,4.00878e+07,0,0,1.37592e+07
0,0,0,7.32592e+08,0,4.00901e+07,0,0,1.37592e+07
0,0,0,7.32592e+08,0,4.00925e+07,0,0,1.37592e+07
0,0,0,7.32592e+08,0,4.00948e+07,0,0,1.37592e+07
0,0,0,7.32592e+08,0,3.46956e+07,0,0,1.37592e+07
0,0,0,7.32592e+08,0,3.46976e+07,0,0,1.37592e+07
0,0,0,7.32592e+08,0,3.46995e+07,0,0,1.37592e+07
0,0,0,7.32592e+08,0,3.47015e+07,0,0,1.37592e+07
0,0,0,7.32592e+08,0,3.47035e+07,0,0,1.37592e+07
0,0,0,7.32592e+08,0,3.60435e+07,0,0,1.37592e+07
0,0,0,7.32592e+08,0,3.60455e+07,0,0,1.37592e+07
0,0,0,7.32592e+08,0,3.60476e+07,0,0,1.37592e+07
0,0,0,7.32592e+08,0,3.60497e+07,0,0,1.37592e+07
0,0,0,7.32592e+08,0,3.55305e+07,0,0,1.37592e+07
0,0,0,7.32592e+08,0,3.55326e+07,0,0,1.37592e+07
0,0,0,7.32592e+08,0,3.55346e+07,0,0,1.37592e+07
0,0,0,7.32592e+08,0,3.55366e+07,0,0,1.37592e+07
0,0,0,7.32592e+08,0,3.73535e+07,0,0,1.37592e+07
0,0,0,7.32592e+08,0,3.73556e+07,0,0,1.37592e+07
0,0,0,7.32592e+08,0,3.73578e+07,0,0,1.37592e+07
0,0,0,7.32592e+08,0,3.73599e+07,0,0,1.37592e+07
0,0,0,7.32592e+08,0,3.73621e+07,0,0,1.37592e+07
0,0,0,7.32592e+08,0,3.77917e+07,0,0,1.37592e+07
0,0,0,7.32592e+08,0,3.77939e+07,0,0,1.37592e+07
0,0,0,7.32592e+08,0,3.7796e+07,0,0,1.37592e+07
0,0,0,7.32592e+08,0,3.77982e+07,0,0,1.37592e+07
0,0,0,7.32592e+08,0,3.87057e+07,0,0,1.37592e+07
0,0,0,7.32592e+08,0,3.87079e+07,0,0,1.37592e+07
0,0,0,7.32592e+08,0,3.87102e+07,0,0,1.37592e+07
0,0,0,7.32592e+08,0,3.87124e+07,0,0,1.37592e+07
0,0,0,7.32592e+08,0,4.17177e+07,0,0,1.37592e+07
0,0,0,7.32592e+08,0,4.17201e+07,0,0,1.37592e+07
0,0,0,7.32592e+08,0,4.17225e+07,0,0,1.37592e+07
0,0,0,7.32592e+08,0,4.17249e+07,0,0,1.37592e+07
0,0,0,7.32592e+08,0,4.17273e+07,0,0,1.37592e+07
0,0,0,7.32592e+08,0,4.0043e+07,0,0,1.37592e+07
0,0,0,7.32592e+08,0,4.00453e+07,0,0,1.37592e+07
0,0,0,7.32592e+08,0,4.00476e+07,0,0,1.37592e+07
0,0,0,7.32592e+08,0,4.00499e+07,0,0,1.37592e+07
0,0,0,7.32592e+08,0,3.85663e+07,0,0,1.37592e+07
0,0,0,7.32592e+08,0,3.85685e+07,0,0,1.37592e+07
0,0,0,7.32592e+08,0,3.85708e+07,0,0,1.37592e+07
0,0,0,7.32592e+08,0,3.8573e+07,0,0,1.37592e+07
0,0,0,7.32592e+08,0,3.51337e+07,0,0,1.37592e+07
0,0,0,7.32592e+08,0,3.51357e+07,0,0,1.37592e+07
0,0,0,7.32592e+08,0,3.51377e+07,0,0,1.37592e+07
0,0,0,7.32592e+08,0,3.51398e+07,0,0,1.37592e+07
0,0,0,7.32592e+08,0,3.51418e+07,0,0,1.37592e+07
0,0,0,7.32592e+08,0,3.62639e+07,0,0,1.37592e+07
0,0,0,7.32592e+08,0,3.62656e+07,0,0,1.37592e+07
0,0,0,7.32592e+08,0,3.62674e+07,0,0,1.37592e+07
0,0,0,7.32592e+08,0,3.62691e+07,0,0,1.37592e+07
0,0,0,7.32592e+08,0,4.0206e+07,0,0,1.37592e+07
0,0,0,7.32592e+08,0,4.21778e+07,-1.26613e+06,1.26613e+06,1.37592e+07
0,0,0,7.32592e+08,0,4.21791e+07,-1.26577e+06,1.26577e+06,1.37592e+07
0,0,0,7.32592e+08,0,4.21805e+07,-1.26542e+06,1.26542e+06,1.37592e+07
0,0,0,7.32592e+08,0,3.67647e+07,-1.26506e+06,1.26506e+06,1.37592e+07
0,0,0,7.32592e+08,0,3.77129e+07,-1.87348e+06,1.87348e+06,1.37592e+07
0,0,0,7.32592e+08,0,3.77146e+07,-1.87348e+06,1.87348e+06,1.37592e+07
0,0,0,7.32592e+08,0,3.77163e+07,-1.87348e+06,1.87348e+06,1.37592e+07
0,0,0,7.32592e+08,0,3.7718e+07,-1.87348e+06,1.87348e+06,1.37592e+07
0,0,0,7.32592e+08,0,3.90614e+07,-1.87348e+06,1.87348e+06,1.37592e+07
0,0,0,7.32592e+08,0,3.90632e+07,-1.87348e+06,1.87348e+06,1.37592e+07
0,0,0,7.32592e+08,0,3.90649e+07,-1.87348e+06,1.87348e+06,1.37592e+07
0,0,0,7.32592e+08,0,3.90666e+07,-1.87348e+06,1.87348e+06,1.37592e+07
0,0,0,7.32592e+08,0,3.85456e+07,-1.87348e+06,1.87348e+06,1.37592e+07
0,0,0,7.32592e+08,0,3.85473e+07,-1.87348e+06,1.87348e+06,1.37592e+07
0,0,0,7.32592e+08,0,3.85491e+07,-1.87348e+06,1.87348e+06,1.37592e+07
0,0,0,7.32592e+08,0,3.85508e+07,-1.87348e+06,1.87348e+06,1.37592e+07
0,0,0,7.32592e+08,0,4.03724e+07,-1.87348e+06,1.87348e+06,1.37592e+07
0,0,0,7.32592e+08,0,4.02538e+07,-1.79612e+06,1.79612e+06,1.37592e+07
0,0,0,7.32592e+08,0,4.02551e+07,-1.79579e+06,1.79579e+06,1.37592e+07
0,0,0,7.32592e+08,0,4.02564e+07,-1.79546e+06,1.79546e+06,1.37592e+07
0,0,0,7.32592e+08,0,4.02577e+07,-1.79513e+06,1.79513e+06,1.37592e+07
0,0,0,7.32592e+08,0,4.06876e+07,-1.7948e+06,1.7948e+06,1.37592e+07
0,0,0,7.32592e+08,0,4.0388e+07,-1.60108e+06,1.60108e+06,1.37592e+07
0,0,0,7.32592e+08,0,4.03893e+07,-1.60074e+06,1.60074e+06,1.37592e+07
0,0,0,7.32592e+08,0,4.03906e+07,-1.6004e+06,1.6004e+06,1.37592e+07
0,0,0,7.32592e+08,0,4.12997e+07,-1.60006e+06,1.60006e+06,1.37592e+07
0,0,0,7.32592e+08,0,4.10328e+07,-1.42734e+06,1.42734e+06,1.37592e+07
0,0,0,7.32592e+08,0,4.10341e+07,-1.42699e+06,1.42699e+06,1.37592e+07
0,0,0,7.32592e+08,0,4.10355e+07,-1.42664e+06,1.42664e+06,1.37592e+07
0,0,0,7.32592e+08,0,4.40478e+07,-1.42629e+06,1.42629e+06,1.37592e+07
0,0,0,7.32592e+08,0,4.30811e+07,-803602,803602,1.37592e+07
0,0,0,7.32592e+08,0,4.30825e+07,-803225,803225,1.37592e+07
0,0,0,7.32592e+08,0,4.30839e+07,-802847,802847,1.37592e+07
0,0,0,7.32592e+08,0,4.30853e+07,-802470,802470,1.37592e+07
0,0,0,7.32592e+08,0,4.13957e+07,-802092,802092,1.37592e+07
0,0,0,7.32592e+08,0,4.19848e+07,-1.17955e+06,1.17955e+06,1.37592e+07
0,0,0,7.32592e+08,0,4.19862e+07,-1.17919e+06,1.17919e+06,1.37592e+07
0,0,0,7.32592e+08,0,4.19876e+07,-1.17883e+06,1.17883e+06,1.37592e+07
0,0,0,7.32592e+08,0,4.04993e+07,-1.17847e+06,1.17847e+06,1.37592e+07
0,0,0,7.32592e+08,0,4.10357e+07,-1.52209e+06,1.52209e+06,1.37592e+07
0,0,0,7.32592e+08,0,4.10371e+07,-1.52175e+06,1.52175e+06,1.37592e+07
0,0,0,7.32592e+08,0,4.10384e+07,-1.52141e+06,1.52141e+06,1.37592e+07
0,0,0,7.32592e+08,0,3.75895e+07,-1.52107e+06,1.52107e+06,1.37592e+07
0,0,0,7.32592e+08,0,3.81395e+07,-1.87348e+06,1.87348e+06,1.37592e+07
0,0,0,7.32592e+08,0,3.81411e+07,-1.87348e+06,1.87348e+06,1.37592e+07
0,0,0,7.32592e+08,0,3.40072e+07,-6.00913e+06,6.00913e+06,1.55602e+07
0,0,0,7.32592e+08,0,3.40087e+07,-6.00933e+06,6.00933e+06,1.55602e+07
0,0,0,7.32592e+08,0,3.50012e+07,-6.14135e+06,6.14135e+06,1.55602e+07
0,0,0,7.32592e+08,0,3.50025e+07,-6.14152e+06,6.14152e+06,1.55602e+07
0,0,0,7.32592e+08,0,3.50037e+07,-6.14168e+06,6.14168e+06,1.55602e+07
0,0,0,7.32592e+08,0,3.92733e+07,-1.87348e+06,1.87348e+06,1.37592e+07
0,0,0,7.32592e+08,0,4.32195e+07,-1.87348e+06,1.87348e+06,1.37592e+07
0,0,0,7.32592e+08,0,4.22479e+07,-1.24799e+06,1.24799e+06,1.37592e+07
0,0,0,7.32592e+08,0,4.2249e+07,-1.2477e+06,1.2477e+06,1.37592e+07
0,0,0,7.32592e+08,0,4.22501e+07,-1.24741e+06,1.24741e+06,1.37592e+07
0,0,0,7.32592e+08,0,3.68209e+07,-1.24713e+06,1.24713e+06,1.37592e+07
0,0,0,7.32592e+08,0,3.77967e+07,-1.87348e+06,1.87348e+06,1.37592e+07
0,0,0,7.32592e+08,0,3.77981e+07,-1.87348e+06,1.87348e+06,1.37592e+07
0,0,0,7.32592e+08,0,3.77994e+07,-1.87348e+06,1.87348e+06,1.37592e+07
0,0,0,7.32592e+08,0,3.78008e+07,-1.87348e+06,1.87348e+06,1.37592e+07
0,0,0,7.32592e+08,0,3.91471e+07,-1.87348e+06,1.87348e+06,1.37592e+07
0,0,0,7.32592e+08,0,3.91485e+07,-1.87348e+06,1.87348e+06,1.37592e+07
0,0,0,7.32592e+08,0,3.91499e+07,-1.87348e+06,1.87348e+06,1.37592e+07
0,0,0,7.32592e+08,0,3.91513e+07,-1.87348e+06,1.87348e+06,1.37592e+07
0,0,0,7.32592e+08,0,3.86287e+07,-1.87348e+06,1.87348e+06,1.37592e+07
0,0,0,7.32592e+08,0,3.86301e+07,-1.87348e+06,1.87348e+06,1.37592e+07
0,0,0,7.32592e+08,0,3.86315e+07,-1.87348e+06,1.87348e+06,1.37592e+07
0,0,0,7.32592e+08,0,3.86329e+07,-1.87348e+06,1.87348e+06,1.37592e+07
0,0,0,7.32592e+08,0,4.04583e+07,-1.87348e+06,1.87348e+06,1.37592e+07
0,0,0,7.32592e+08,0,4.03149e+07,-1.78039e+06,1.78039e+06,1.37592e+07
0,0,0,7.32592e+08,0,4.03159e+07,-1.78012e+06,1.78012e+06,1.37592e+07
0,0,0,7.32592e+08,0,4.0317e+07,-1.77985e+06,1.77985e+06,1.37592e+07
0,0,0,7.32592e+08,0,4.0318e+07,-1.77959e+06,1.77959e+06,1.37592e+07
0,0,0,7.32592e+08,0,4.07486e+07,-1.77932e+06,1.77932e+06,1.37592e+07
0,0,0,7.32592e+08,0,4.04481e+07,-1.58523e+06,1.58523e+06,1.37592e+07
0,0,0,7.32592e+08,0,4.04492e+07,-1.58496e+06,1.58496e+06,1.37592e+07
0,0,0,7.32592e+08,0,4.04502e+07,-1.58469e+06,1.58469e+06,1.37592e+07
0,0,0,7.32592e+08,0,4.1361e+07,-1.58442e+06,1.58442e+06,1.37592e+07
0,0,0,7.32592e+08,0,4.10933e+07,-1.41138e+06,1.41138e+06,1.37592e+07
0,0,0,7.32592e+08,0,4.10944e+07,-1.4111e+06,1.4111e+06,1.37592e+07
0,0,0,7.32592e+08,0,4.10955e+07,-1.41082e+06,1.41082e+06,1.37592e+07
0,0,0,7.32592e+08,0,4.41141e+07,-1.41054e+06,1.41054e+06,1.37592e+07
0,0,0,7.32592e+08,0,4.31449e+07,-786564,786564,1.37592e+07
0,0,0,7.32592e+08,0,4.31461e+07,-786260,786260,1.37592e+07
0,0,0,7.32592e+08,0,4.31472e+07,-785957,785957,1.37592e+07
0,0,0,7.32592e+08,0,4.31484e+07,-785653,785653,1.37592e+07
0,0,0,7.32592e+08,0,4.14548e+07,-785350,785350,1.37592e+07
0,0,0,7.32592e+08,0,4.2045e+07,-1.16368e+06,1.16368e+06,1.37592e+07
0,0,0,7.32592e+08,0,4.20461e+07,-1.16339e+06,1.16339e+06,1.37592e+07
0,0,0,7.32592e+08,0,4.20472e+07,-1.1631e+06,1.1631e+06,1.37592e+07
0,0,0,7.32592e+08,0,4.05555e+07,-1.16281e+06,1.16281e+06,1.37592e+07
0,0,0,7.32592e+08,0,4.10928e+07,-1.50722e+06,1.50722e+06,1.37592e+07
0,0,0,7.32592e+08,0,4.10939e+07,-1.50695e+06,1.50695e+06,1.37592e+07
0,0,0,7.32592e+08,0,4.1095e+07,-1.50667e+06,1.50667e+06,1.37592e+07
0,0,0,7.32592e+08,0,3.76387e+07,-1.5064e+06,1.5064e+06,1.37592e+07
0,0,0,7.32592e+08,0,3.82112e+07,-1.87348e+06,1.87348e+06,1.37592e+07
0,0,0,7.32592e+08,0,3.82126e+07,-1.87348e+06,1.87348e+06,1.37592e+07
0,0,0,7.32592e+08,0,3.40699e+07,-6.01748e+06,6.01748e+06,1.55602e+07
0,0,0,7.32592e+08,0,3.40711e+07,-6.01764e+06,6.01764e+06,1.55602e+07
0,0,0,7.32592e+08,0,3.50654e+07,-6.14988e+06,6.14988e+06,1.55602e+07
0,0,0,7.32592e+08,0,3.50663e+07,-6.15001e+06,6.15001e+06,1.55602e+07
0,0,0,7.32592e+08,0,3.50673e+07,-6.15013e+06,6.15013e+06,1.55602e+07
0,0,0,7.32592e+08,0,3.9345e+07,-1.87348e+06,1.87348e+06,1.37592e+07
0,0,0,7.32592e+08,0,4.32985e+07,-1.87348e+06,1.87348e+06,1.37592e+07
0,0,0,7.32592e+08,0,4.2304e+07,-1.23346e+06,1.23346e+06,1.37592e+07
0,0,0,7.32592e+08,0,4.23048e+07,-1.23324e+06,1.23324e+06,1.37592e+07
0,0,0,7.32592e+08,0,4.23056e+07,-1.23303e+06,1.23303e+06,1.37592e+07
0,0,0,7.32592e+08,0,3.68657e+07,-1.23281e+06,1.23281e+06,1.37592e+07
0,0,0,7.32592e+08,0,3.78635e+07,-1.87348e+06,1.87348e+06,1.37592e+07
0,0,0,7.32592e+08,0,3.78645e+07,-1.87348e+06,1.87348e+06,1.37592e+07
0,0,0,7.32592e+08,0,3.78655e+07,-1.87348e+06,1.87348e+06,1.37592e+07
0,0,0,7.32592e+08,0,3.78666e+07,-1.87348e+06,1.87348e+06,1.37592e+07
0,0,0,7.32592e+08,0,3.9215e+07,-1.87348e+06,1.87348e+06,1.37592e+07
0,0,0,7.32592e+08,0,3.92161e+07,-1.87348e+06,1.87348e+06,1.37592e+07
0,0,0,7.32592e+08,0,3.92172e+07,-1.87348e+06,1.87348e+06,1.37592e+07
0,0,0,7.32592e+08,0,3.92182e+07,-1.87348e+06,1.87348e+06,1.37592e+07
0,0,0,7.32592e+08,0,3.86944e+07,-1.87348e+06,1.87348e+06,1.37592e+07
0,0,0,7.32592e+08,0,3.86954e+07,-1.87348e+06,1.87348e+06,1.37592e+07
0,0,0,7.32592e+08,0,3.86964e+07,-1.87348e+06,1.87348e+06,1.37592e+07
0,0,0,7.32592e+08,0,3.86975e+07,-1.87348e+06,1.87348e+06,1.37592e+07
0,0,0,7.32592e+08,0,4.05259e+07,-1.87348e+06,1.87348e+06,1.37592e+07
0,0,0,7.32592e+08,0,4.03629e+07,-1.76801e+06,1.76801e+06,1.37592e+07
0,0,0,7.32592e+08,0,4.03637e+07,-1.76781e+06,1.76781e+06,1.37592e+07
0,0,0,7.32592e+08,0,4.03644e+07,-1.76761e+06,1.76761e+06,1.37592e+07
0,0,0,7.32592e+08,0,4.03652e+07,-1.76741e+06,1.76741e+06,1.37592e+07
0,0,0,7.32592e+08,0,4.07963e+07,-1.76721e+06,1.76721e+06,1.37592e+07
0,0,0,7.32592e+08,0,4.04951e+07,-1.57284e+06,1.57284e+06,1.37592e+07
0,0,0,7.32592e+08,0,4.04958e+07,-1.57264e+06,1.57264e+06,1.37592e+07
0,0,0,7.32592e+08,0,4.04966e+07,-1.57243e+06,1.57243e+06,1.37592e+07
0,0,0,7.32592e+08,0,4.14088e+07,-1.57223e+06,1.57223e+06,1.37592e+07
0,0,0,7.32592e+08,0,4.11403e+07,-1.39896e+06,1.39896e+06,1.37592e+07
0,0,0,7.32592e+08,0,4.11411e+07,-1.39875e+06,1.39875e+06,1.37592e+07
0,0,0,7.32592e+08,0,4.11419e+07,-1.39853e+06,1.39853e+06,1.37592e+07
0,0,0,7.32592e+08,0,4.41654e+07,-1.39832e+06,1.39832e+06,1.37592e+07
0,0,0,7.32592e+08,0,4.31943e+07,-773371,773371,1.37592e+07
0,0,0,7.32592e+08,0,4.31952e+07,-773142,773142,1.37592e+07
0,0,0,7.32592e+08,0,4.3196e+07,-772913,772913,1.37592e+07
0,0,0,7.32592e+08,0,4.31969e+07,-772683,772683,1.37592e+07
0,0,0,7.32592e+08,0,4.15003e+07,-772453,772453,1.37592e+07
0,0,0,7.32592e+08,0,4.20912e+07,-1.15147e+06,1.15147e+06,1.37592e+07
0,0,0,7.32592e+08,0,4.2092e+07,-1.15125e+06,1.15125e+06,1.37592e+07
0,0,0,7.32592e+08,0,4.20929e+07,-1.15104e+06,1.15104e+06,1.37592e+07
0,0,0,7.32592e+08,0,4.05985e+07,-1.15082e+06,1.15082e+06,1.37592e+07
0,0,0,7.32592e+08,0,4.11365e+07,-1.49585e+06,1.49585e+06,1.37592e+07
0,0,0,7.32592e+08,0,4.11373e+07,-1.49564e+06,1.49564e+06,1.37592e+07
0,0,0,7.32592e+08,0,4.11381e+07,-1.49543e+06,1.49543e+06,1.37592e+07
0,0,0,7.32592e+08,0,3.76762e+07,-1.49522e+06,1.49522e+06,1.37592e+07
0,0,0,7.32592e+08,0,3.82657e+07,-1.87348e+06,1.87348e+06,1.37592e+07
0,0,0,7.32592e+08,0,3.82667e+07,-1.87348e+06,1.87348e+06,1.37592e+07
0,0,0,7.32592e+08,0,3.82678e+07,-1.87348e+06,1.87348e+06,1.37592e+07
0,0,0,7.32592e+08,0,3.82688e+07,-1.87348e+06,1.87348e+06,1.37592e+07
0,0,0,7.32592e+08,0,3.93967e+07,-1.87348e+06,1.87348e+06,1.37592e+07
0,0,0,7.32592e+08,0,3.93974e+07,-1.87348e+06,1.87348e+06,1.37592e+07
0,0,0,7.32592e+08,0,3.93981e+07,-1.87348e+06,1.87348e+06,1.37592e+07
0,0,0,7.32592e+08,0,3.93988e+07,-1.87348e+06,1.87348e+06,1.37592e+07
0,0,0,7.32592e+08,0,4.33578e+07,-1.87348e+06,1.87348e+06,1.37592e+07
0,0,0,7.32592e+08,0,4.23459e+07,-1.22256e+06,1.22256e+06,1.37592e+07
0,0,0,7.32592e+08,0,4.23465e+07,-1.22241e+06,1.22241e+06,1.37592e+07
0,0,0,7.32592e+08,0,4.23471e+07,-1.22227e+06,1.22227e+06,1.37592e+07
0,0,0,7.32592e+08,0,3.68991e+07,-1.22212e+06,1.22212e+06,1.37592e+07
0,0,0,7.32592e+08,0,3.79132e+07,-1.87348e+06,1.87348e+06,1.37592e+07
0,0,0,7.32592e+08,0,3.79139e+07,-1.87348e+06,1.87348e+06,1.37592e+07
0,0,0,7.32592e+08,0,3.79146e+07,-1.87348e+06,1.87348e+06,1.37592e+07
0,0,0,7.32592e+08,0,3.79153e+07,-1.87348e+06,1.87348e+06,1.37592e+07
0,0,0,7.32592e+08,0,3.92653e+07,-1.87348e+06,1.87348e+06,1.37592e+07
0,0,0,7.32592e+08,0,3.9266e+07,-1.87348e+06,1.87348e+06,1.37592e+07
0,0,0,7.32592e+08,0,3.92667e+07,-1.87348e+06,1.87348e+06,1.37592e+07
0,0,0,7.32592e+08,0,3.92675e+07,-1.87348e+06,1.87348e+06,1.37592e+07
0,0,0,7.32592e+08,0,3.87426e+07,-1.87348e+06,1.87348e+06,1.37592e+07
0,0,0,7.32592e+08,0,3.87433e+07,-1.87348e+06,1.87348e+06,1.37592e+07
0,0,0,7.32592e+08,0,3.8744e+07,-1.87348e+06,1.87348e+06,1.37592e+07
0,0,0,7.32592e+08,0,3.87447e+07,-1.87348e+06,1.87348e+06,1.37592e+07
0,0,0,7.32592e+08,0,4.05751e+07,-1.87348e+06,1.87348e+06,1.37592e+07
0,0,0,7.32592e+08,0,4.03977e+07,-1.75899e+06,1.75899e+06,1.37592e+07
0,0,0,7.32592e+08,0,4.03983e+07,-1.75886e+06,1.75886e+06,1.37592e+07
0,0,0,7.32592e+08,0,4.03988e+07,-1.75872e+06,1.75872e+06,1.37592e+07
0,0,0,7.32592e+08,0,4.03993e+07,-1.75859e+06,1.75859e+06,1.37592e+07
0,0,0,7.32592e+08,0,4.08308e+07,-1.75845e+06,1.75845e+06,1.37592e+07
0,0,0,7.32592e+08,0,4.05288e+07,-1.5639e+06,1.5639e+06,1.37592e+07
0,0,0,7.32592e+08,0,4.05294e+07,-1.56376e+06,1.56376e+06,1.37592e+07
0,0,0,7.32592e+08,0,4.05299e+07,-1.56362e+06,1.56362e+06,1.37592e+07
0,0,0,7.32592e+08,0,4.14429e+07,-1.56348e+06,1.56348e+06,1.37592e+07
0,0,0,7.32592e+08,0,4.11739e+07,-1.39007e+06,1.39007e+06,1.37592e+07
0,0,0,7.32592e+08,0,4.11744e+07,-1.38992e+06,1.38992e+06,1.37592e+07
0,0,0,7.32592e+08,0,4.1175e+07,-1.38978e+06,1.38978e+06,1.37592e+07
0,0,0,7.32592e+08,0,4.42017e+07,-1.38964e+06,1.38964e+06,1.37592e+07
0,0,0,7.32592e+08,0,4.32292e+07,-764011,764011,1.37592e+07
0,0,0,7.32592e+08,0,4.32298e+07,-763855,763855,1.37592e+07
0,0,0,7.32592e+08,0,4.32304e+07,-763699,763699,1.37592e+07
0,0,0,7.32592e+08,0,4.3231e+07,-763543,763543,1.37592e+07
0,0,0,7.32592e+08,0,4.15322e+07,-763387,763387,1.37592e+07
0,0,0,7.32592e+08,0,4.21235e+07,-1.14291e+06,1.14291e+06,1.37592e+07
0,0,0,7.32592e+08,0,4.2124e+07,-1.14276e+06,1.14276e+06,1.37592e+07
0,0,0,7.32592e+08,0,4.21246e+07,-1.14262e+06,1.14262e+06,1.37592e+07
0,0,0,7.32592e+08,0,3.97162e+07,-2.05466e+06,2.05466e+06,1.37592e+07
0,0,0,7.32592e+08,0,4.02544e+07,-2.40016e+06,2.40016e+06,1.37592e+07
0,0,0,7.32592e+08,0,4.11672e+07,-1.48781e+06,1.48781e+06,1.37592e+07
0,0,0,7.32592e+08,0,4.11677e+07,-1.48767e+06,1.48767e+06,1.37592e+07
0,0,0,7.32592e+08,0,3.77019e+07,-1.48753e+06,1.48753e+06,1.37592e+07
0,0,0,7.32592e+08,0,3.83031e+07,-1.87348e+06,1.87348e+06,1.37592e+07
0,0,0,7.32592e+08,0,3.83038e+07,-1.87348e+06,1.87348e+06,1.37592e+07
0,0,0,7.32592e+08,0,3.41498e+07,-6.0281e+06,6.0281e+06,1.55602e+07
0,0,0,7.32592e+08,0,3.41505e+07,-6.02819e+06,6.02819e+06,1.55602e+07
0,0,0,7.32592e+08,0,3.74742e+07,-2.70442e+06,2.70442e+06,1.37592e+07
0,0,0,7.32592e+08,0,3.94339e+07,-1.87348e+06,1.87348e+06,1.37592e+07
0,0,0,7.32592e+08,0,3.94342e+07,-1.87348e+06,1.87348e+06,1.37592e+07
0,0,0,7.32592e+08,0,3.94346e+07,-1.87348e+06,1.87348e+06,1.37592e+07
0,0,0,7.32592e+08,0,3.51477e+07,-6.16083e+06,6.16083e+06,1.55602e+07
0,0,0,7.32592e+08,0,3.8645e+07,-6.62602e+06,6.62602e+06,1.55602e+07
0,0,0,7.32592e+08,0,3.76214e+07,-5.96785e+06,5.96785e+06,1.55602e+07
0,0,0,7.32592e+08,0,3.76216e+07,-5.96782e+06,5.96782e+06,1.55602e+07
0,0,0,7.32592e+08,0,3.76219e+07,-5.96779e+06,5.96779e+06,1.55602e+07
0,0,0,7.32592e+08,0,3.28087e+07,-5.32752e+06,5.32752e+06,1.55602e+07
0,0,0,7.32592e+08,0,3.38334e+07,-5.98602e+06,5.98602e+06,1.55602e+07
0,0,0,7.32592e+08,0,3.38338e+07,-5.98606e+06,5.98606e+06,1.55602e+07
0,0,0,7.32592e+08,0,3.38341e+07,-5.9861e+06,5.9861e+06,1.55602e+07
0,0,0,7.32592e+08,0,3.38344e+07,-5.98615e+06,5.98615e+06,1.55602e+07
0,0,0,7.32592e+08,0,3.50267e+07,-6.14474e+06,6.14474e+06,1.55602e+07
0,0,0,7.32592e+08,0,3.50271e+07,-6.14479e+06,6.14479e+06,1.55602e+07
0,0,0,7.32592e+08,0,3.92988e+07,-1.87348e+06,1.87348e+06,1.37592e+07
0,0,0,7.32592e+08,0,3.92992e+07,-1.87348e+06,1.87348e+06,1.37592e+07
0,0,0,7.32592e+08,0,3.87735e+07,-1.87348e+06,1.87348e+06,1.37592e+07
0,0,0,7.32592e+08,0,3.45641e+07,-6.08321e+06,6.08321e+06,1.55602e+07
0,0,0,7.32592e+08,0,3.87742e+07,-1.87348e+06,1.87348e+06,1.37592e+07
0,0,0,7.32592e+08,0,3.87746e+07,-1.87348e+06,1.87348e+06,1.37592e+07
0,0,0,7.32592e+08,0,4.06062e+07,-1.87348e+06,1.87348e+06,1.37592e+07
0,0,0,7.32592e+08,0,4.04196e+07,-1.7533e+06,1.7533e+06,1.37592e+07
0,0,0,7.32592e+08,0,3.76922e+07,0,0,1.37592e+07
0,0,0,7.32592e+08,0,4.04202e+07,-1.75315e+06,1.75315e+06,1.37592e+07
0,0,0,7.32592e+08,0,3.7693e+07,0,0,1.37592e+07
0,0,0,7.32592e+08,0,3.81246e+07,0,0,1.37592e+07
0,0,0,7.32592e+08,0,3.8125e+07,0,0,1.37592e+07
0,0,0,7.32592e+08,0,3.81254e+07,0,0,1.37592e+07
0,0,0,7.32592e+08,0,3.81258e+07,0,0,1.37592e+07
0,0,0,7.32592e+08,0,3.90394e+07,0,0,1.37592e+07
0,0,0,7.32592e+08,0,3.90398e+07,0,0,1.37592e+07
0,0,0,7.32592e+08,0,3.90402e+07,0,0,1.37592e+07
0,0,0,7.32592e+08,0,3.90406e+07,0,0,1.37592e+07
0,0,0,7.32592e+08,0,4.20694e+07,0,0,1.37592e+07
0,0,0,7.32592e+08,0,4.20698e+07,0,0,1.37592e+07
0,0,0,7.32592e+08,0,4.20703e+07,0,0,1.37592e+07
0,0,0,7.32592e+08,0,4.20707e+07,0,0,1.37592e+07
0,0,0,7.32592e+08,0,4.20712e+07,0,0,1.37592e+07
0,0,0,7.32592e+08,0,4.03711e+07,0,0,1.37592e+07
0,0,0,7.32592e+08,0,4.03716e+07,0,0,1.37592e+07
0,0,0,7.32592e+08,0,4.0372e+07,0,0,1.37592e+07
0,0,0,7.32592e+08,0,4.03724e+07,0,0,1.37592e+07
0,0,0,7.32592e+08,0,3.88751e+07,0,0,1.37592e+07
0,0,0,7.32592e+08,0,3.88755e+07,0,0,1.37592e+07
0,0,0,7.32592e+08,0,3.88759e+07,0,0,1.37592e+07
0,0,0,7.32592e+08,0,3.88763e+07,0,0,1.37592e+07
0,0,0,7.32592e+08,0,3.54083e+07,0,0,1.37592e+07
0,0,0,7.32592e+08,0,3.54087e+07,0,0,1.37592e+07
0,0,0,7.32592e+08,0,3.54091e+07,0,0,1.37592e+07
0,0,0,7.32592e+08,0,3.54094e+07,0,0,1.37592e+07
0,0,0,7.32592e+08,0,3.54098e+07,0,0,1.37592e+07
0,0,0,7.32592e+08,0,3.65388e+07,0,0,1.37592e+07
0,0,0,7.32592e+08,0,3.65388e+07,0,0,1.37592e+07
0,0,0,7.32592e+08,0,3.65389e+07,0,0,1.37592e+07
0,0,0,7.32592e+08,0,3.65389e+07,0,0,1.37592e+07
0,0,0,7.32592e+08,0,4.05032e+07,0,0,1.37592e+07
0,0,0,7.32592e+08,0,4.05032e+07,0,0,1.37592e+07
0,0,0,7.32592e+08,0,4.05033e+07,0,0,1.37592e+07
0,0,0,7.32592e+08,0,4.05034e+07,0,0,1.37592e+07
0,0,0,7.32592e+08,0,3.50472e+07,0,0,1.37592e+07
0,0,0,7.32592e+08,0,3.50472e+07,0,0,1.37592e+07
0,0,0,7.32592e+08,0,3.50473e+07,0,0,1.37592e+07
0,0,0,7.32592e+08,0,3.50473e+07,0,0,1.37592e+07
0,0,0,7.32592e+08,0,3.50474e+07,0,0,1.37592e+07
0,0,0,7.32592e+08,0,3.63985e+07,0,0,1.37592e+07
0,0,0,7.32592e+08,0,3.63986e+07,0,0,1.37592e+07
0,0,0,7.32592e+08,0,3.63986e+07,0,0,1.37592e+07
0,0,0,7.32592e+08,0,3.63987e+07,0,0,1.37592e+07
0,0,0,7.32592e+08,0,3.58725e+07,0,0,1.37592e+07
0,0,0,7.32592e+08,0,3.58725e+07,0,0,1.37592e+07
0,0,0,7.32592e+08,0,3.58726e+07,0,0,1.37592e+07
0,0,0,7.32592e+08,0,3.58726e+07,0,0,1.37592e+07
0,0,0,7.32592e+08,0,3.77045e+07,0,0,1.37592e+07
0,0,0,7.32592e+08,0,3.77046e+07,0,0,1.37592e+07
0,0,0,7.32592e+08,0,3.77047e+07,0,0,1.37592e+07
0,0,0,7.32592e+08,0,3.77047e+07,0,0,1.37592e+07
0,0,0,7.32592e+08,0,3.77048e+07,0,0,1.37592e+07
0,0,0,7.32592e+08,0,3.81362e+07,0,0,1.37592e+07
0,0,0,7.32592e+08,0,3.81362e+07,0,0,1.37592e+07
0,0,0,7.32592e+08,0,3.81363e+07,0,0,1.37592e+07
0,0,0,7.32592e+08,0,3.81363e+07,0,0,1.37592e+07
0,0,0,7.32592e+08,0,3.90498e+07,0,0,1.37592e+07
0,0,0,7.32592e+08,0,3.90498e+07,0,0,1.37592e+07
0,0,0,7.32592e+08,0,3.90499e+07,0,0,1.37592e+07
0,0,0,7.32592e+08,0,3.90499e+07,0,0,1.37592e+07
0,0,0,7.32592e+08,0,4.20791e+07,0,0,1.37592e+07
0,0,0,7.32592e+08,0,4.20791e+07,0,0,1.37592e+07
0,0,0,7.32592e+08,0,4.20792e+07,0,0,1.37592e+07
0,0,0,7.32592e+08,0,4.20792e+07,0,0,1.37592e+07
0,0,0,7.32592e+08,0,4.20793e+07,0,0,1.37592e+07
0,0,0,7.32592e+08,0,4.03785e+07,0,0,1.37592e+07
0,0,0,7.32592e+08,0,4.03786e+07,0,0,1.37592e+07
0,0,0,7.32592e+08,0,4.03787e+07,0,0,1.37592e+07
0,0,0,7.32592e+08,0,4.03787e+07,0,0,1.37592e+07
0,0,0,7.32592e+08,0,3.88808e+07,0,0,1.37592e+07
0,0,0,7.32592e+08,0,3.88809e+07,0,0,1.37592e+07
0,0,0,7.32592e+08,0,3.88809e+07,0,0,1.37592e+07
0,0,0,7.32592e+08,0,3.8881e+07,0,0,1.37592e+07
0,0,0,7.32592e+08,0,3.54122e+07,0,0,1.37592e+07
0,0,0,7.32592e+08,0,3.54123e+07,0,0,1.37592e+07
0,0,0,7.32592e+08,0,3.54123e+07,0,0,1.37592e+07
0,0,0,7.32592e+08,0,3.54124e+07,0,0,1.37592e+07
0,0,0,7.32592e+08,0,3.54124e+07,0,0,1.37592e+07
0,0,0,7.32592e+08,0,3.65412e+07,0,0,1.37592e+07
0,0,0,7.32592e+08,0,3.65409e+07,0,0,1.37592e+07
0,0,0,7.32592e+08,0,3.65406e+07,0,0,1.37592e+07
0,0,0,7.32592e+08,0,3.65403e+07,0,0,1.37592e+07
0,0,0,7.32592e+08,0,4.05043e+07,0,0,1.37592e+07
0,0,0,7.32592e+08,0,4.0504e+07,0,0,1.37592e+07
0,0,0,7.32592e+08,0,4.05037e+07,0,0,1.37592e+07
0,0,0,7.32592e+08,0,4.05034e+07,0,0,1.37592e+07
0,0,0,7.32592e+08,0,3.50469e+07,0,0,1.37592e+07
0,0,0,7.32592e+08,0,3.50466e+07,0,0,1.37592e+07
0,0,0,7.32592e+08,0,3.50463e+07,0,0,1.37592e+07
0,0,0,7.32592e+08,0,3.50461e+07,0,0,1.37592e+07
0,0,0,7.32592e+08,0,3.50458e+07,0,0,1.37592e+07
0,0,0,7.32592e+08,0,3.63966e+07,0,0,1.37592e+07
0,0,0,7.32592e+08,0,3.63963e+07,0,0,1.37592e+07
0,0,0,7.32592e+08,0,3.6396e+07,0,0,1.37592e+07
0,0,0,7.32592e+08,0,3.63957e+07,0,0,1.37592e+07
0,0,0,7.32592e+08,0,3.58692e+07,0,0,1.37592e+07
0,0,0,7.32592e+08,0,3.58689e+07,0,0,1.37592e+07
0,0,0,7.32592e+08,0,3.58687e+07,0,0,1.37592e+07
0,0,0,7.32592e+08,0,3.58684e+07,0,0,1.37592e+07
0,0,0,7.32592e+08,0,3.76998e+07,0,0,1.37592e+07
0,0,0,7.32592e+08,0,3.76995e+07,0,0,1.37592e+07
0,0,0,7.32592e+08,0,3.76992e+07,0,0,1.37592e+07
0,0,0,7.32592e+08,0,3.76989e+07,0,0,1.37592e+07
0,0,0,7.32592e+08,0,4.04243e+07,-1.75193e+06,1.75193e+06,1.37592e+07
0,0,0,7.32592e+08,0,4.08554e+07,-1.75198e+06,1.75198e+06,1.37592e+07
0,0,0,7.32592e+08,0,4.05524e+07,-1.55745e+06,1.55745e+06,1.37592e+07
0,0,0,7.32592e+08,0,4.05522e+07,-1.55751e+06,1.55751e+06,1.37592e+07
0,0,0,7.32592e+08,0,4.0552e+07,-1.55756e+06,1.55756e+06,1.37592e+07
0,0,0,7.32592e+08,0,4.1465e+07,-1.55762e+06,1.55762e+06,1.37592e+07
0,0,0,7.32592e+08,0,3.66116e+07,-5.96757e+06,5.96757e+06,1.55602e+07
0,0,0,7.32592e+08,0,3.66115e+07,-5.96759e+06,5.96759e+06,1.55602e+07
0,0,0,7.32592e+08,0,3.66113e+07,-5.96761e+06,5.96761e+06,1.55602e+07
0,0,0,7.32592e+08,0,3.92839e+07,-6.32315e+06,6.32315e+06,1.55602e+07
0,0,0,7.32592e+08,0,3.83099e+07,-5.69725e+06,5.69725e+06,1.55602e+07
0,0,0,7.32592e+08,0,3.83097e+07,-5.69728e+06,5.69728e+06,1.55602e+07
0,0,0,7.32592e+08,0,3.83095e+07,-5.6973e+06,5.6973e+06,1.55602e+07
0,0,0,7.32592e+08,0,3.83093e+07,-5.69732e+06,5.69732e+06,1.55602e+07
0,0,0,7.32592e+08,0,3.68084e+07,-5.49773e+06,5.49773e+06,1.55602e+07
0,0,0,7.32592e+08,0,3.73993e+07,-5.87765e+06,5.87765e+06,1.55602e+07
0,0,0,7.32592e+08,0,3.73991e+07,-5.87767e+06,5.87767e+06,1.55602e+07
0,0,0,7.32592e+08,0,3.73989e+07,-5.87769e+06,5.87769e+06,1.55602e+07
0,0,0,7.32592e+08,0,3.60771e+07,-5.70191e+06,5.70191e+06,1.55602e+07
0,0,0,7.32592e+08,0,3.66149e+07,-6.04772e+06,6.04772e+06,1.55602e+07
0,0,0,7.32592e+08,0,3.66147e+07,-6.04774e+06,6.04774e+06,1.55602e+07
0,0,0,7.32592e+08,0,3.66145e+07,-6.04776e+06,6.04776e+06,1.55602e+07
0,0,0,7.32592e+08,0,3.35539e+07,-5.64071e+06,5.64071e+06,1.55602e+07
0,0,0,7.32592e+08,0,3.41581e+07,-6.02921e+06,6.02921e+06,1.55602e+07
0,0,0,7.32592e+08,0,3.41579e+07,-6.02917e+06,6.02917e+06,1.55602e+07
0,0,0,7.32592e+08,0,3.83133e+07,-1.87348e+06,1.87348e+06,1.37592e+07
0,0,0,7.32592e+08,0,3.41574e+07,-6.02911e+06,6.02911e+06,1.55602e+07
0,0,0,7.32592e+08,0,3.65262e+07,0,0,1.37592e+07
0,0,0,7.32592e+08,0,3.65256e+07,0,0,1.37592e+07
0,0,0,7.32592e+08,0,3.65249e+07,0,0,1.37592e+07
0,0,0,7.32592e+08,0,3.65243e+07,0,0,1.37592e+07
0,0,0,7.32592e+08,0,4.04862e+07,0,0,1.37592e+07
0,0,0,7.32592e+08,0,4.04856e+07,0,0,1.37592e+07
0,0,0,7.32592e+08,0,4.04849e+07,0,0,1.37592e+07
0,0,0,7.32592e+08,0,4.04842e+07,0,0,1.37592e+07
0,0,0,7.32592e+08,0,3.503e+07,0,0,1.37592e+07
0,0,0,7.32592e+08,0,3.50294e+07,0,0,1.37592e+07
0,0,0,7.32592e+08,0,3.50288e+07,0,0,1.37592e+07
0,0,0,7.32592e+08,0,3.50282e+07,0,0,1.37592e+07
0,0,0,7.32592e+08,0,3.50276e+07,0,0,1.37592e+07
0,0,0,7.32592e+08,0,3.63774e+07,0,0,1.37592e+07
0,0,0,7.32592e+08,0,3.63767e+07,0,0,1.37592e+07
0,0,0,7.32592e+08,0,3.63761e+07,0,0,1.37592e+07
0,0,0,7.32592e+08,0,3.63755e+07,0,0,1.37592e+07
0,0,0,7.32592e+08,0,3.5849e+07,0,0,1.37592e+07
0,0,0,7.32592e+08,0,3.58484e+07,0,0,1.37592e+07
0,0,0,7.32592e+08,0,3.58478e+07,0,0,1.37592e+07
0,0,0,7.32592e+08,0,3.58472e+07,0,0,1.37592e+07
0,0,0,7.32592e+08,0,3.76771e+07,0,0,1.37592e+07
0,0,0,7.32592e+08,0,3.76765e+07,0,0,1.37592e+07
0,0,0,7.32592e+08,0,3.76759e+07,0,0,1.37592e+07
0,0,0,7.32592e+08,0,3.76752e+07,0,0,1.37592e+07
0,0,0,7.32592e+08,0,3.76746e+07,0,0,1.37592e+07
0,0,0,7.32592e+08,0,3.81049e+07,0,0,1.37592e+07
0,0,0,7.32592e+08,0,3.81043e+07,0,0,1.37592e+07
0,0,0,7.32592e+08,0,3.81037e+07,0,0,1.37592e+07
0,0,0,7.32592e+08,0,3.8103e+07,0,0,1.37592e+07
0,0,0,7.32592e+08,0,3.9015e+07,0,0,1.37592e+07
0,0,0,7.32592e+08,0,3.90143e+07,0,0,1.37592e+07
0,0,0,7.32592e+08,0,3.90137e+07,0,0,1.37592e+07
0,0,0,7.32592e+08,0,3.9013e+07,0,0,1.37592e+07
0,0,0,7.32592e+08,0,4.20385e+07,0,0,1.37592e+07
0,0,0,7.32592e+08,0,4.20378e+07,0,0,1.37592e+07
0,0,0,7.32592e+08,0,4.20371e+07,0,0,1.37592e+07
0,0,0,7.32592e+08,0,4.20364e+07,0,0,1.37592e+07
0,0,0,7.32592e+08,0,4.20357e+07,0,0,1.37592e+07
0,0,0,7.32592e+08,0,4.0336e+07,0,0,1.37592e+07
0,0,0,7.32592e+08,0,4.03353e+07,0,0,1.37592e+07
0,0,0,7.32592e+08,0,4.03346e+07,0,0,1.37592e+07
0,0,0,7.32592e+08,0,4.03339e+07,0,0,1.37592e+07
0,0,0,7.32592e+08,0,3.8837e+07,0,0,1.37592e+07
0,0,0,7.32592e+08,0,3.88363e+07,0,0,1.37592e+07
0,0,0,7.32592e+08,0,3.88356e+07,0,0,1.37592e+07
