0cont_fund,0ins_pout,0ins_price,0infra_npv,0debt_serv,0gross_rev,0cont_contrib,0drought_cost,0water_price
0,0,0,0,1.62844e-42,2.4833e+07,-1.70653e+06,1.70653e+06,1.25331e+07
0,0,0,0,0,2.34231e+07,-794753,794753,1.25331e+07
0,0,0,0,0,2.34294e+07,-793170,793170,1.25331e+07
0,0,0,0,0,2.34356e+07,-791587,791587,1.25331e+07
0,0,0,0,0,2.58517e+07,-790004,790004,1.25331e+07
0,0,0,0,0,2.51182e+07,-312384,312384,1.25331e+07
0,0,0,0,0,2.51251e+07,-310614,310614,1.25331e+07
0,0,0,0,0,2.5132e+07,-308843,308843,1.25331e+07
0,0,0,0,0,2.18168e+07,-307071,307071,1.25331e+07
0,0,0,0,0,2.28179e+07,-945146,945146,1.25331e+07
0,0,0,0,0,2.28238e+07,-943624,943624,1.25331e+07
0,0,0,0,0,2.28298e+07,-942102,942102,1.25331e+07
0,0,0,0,0,2.28358e+07,-940579,940579,1.25331e+07
0,0,0,0,0,2.3666e+07,-939056,939056,1.25331e+07
0,0,0,0,0,2.34283e+07,-780696,780696,1.25331e+07
0,0,0,0,0,2.34345e+07,-779111,779111,1.25331e+07
0,0,0,0,0,2.34408e+07,-777525,777525,1.25331e+07
0,0,0,0,0,2.31254e+07,-775939,775939,1.25331e+07
0,0,0,0,0,2.32264e+07,-835362,835362,1.25331e+07
0,0,0,0,0,2.32326e+07,-833799,833799,1.25331e+07
0,0,0,0,0,2.32387e+07,-832236,832236,1.25331e+07
0,0,0,0,0,2.43659e+07,-830672,830672,1.25331e+07
0,0,0,0,0,2.40353e+07,-612415,612415,1.25331e+07
0,0,0,0,0,2.40417e+07,-610766,610766,1.25331e+07
0,0,0,0,0,2.40482e+07,-609117,609117,1.25331e+07
0,0,0,0,0,2.40546e+07,-607467,607467,1.25331e+07
0,0,0,0,0,2.43256e+07,-605816,605816,1.25331e+07
0,0,0,0,0,2.41465e+07,-484836,484836,1.25331e+07
0,0,0,0,0,2.41529e+07,-483138,483138,1.25331e+07
0,0,0,0,0,2.41594e+07,-481440,481440,1.25331e+07
0,0,0,0,0,2.47268e+07,-479741,479741,1.25331e+07
0,0,0,0,0,2.45678e+07,-371526,371526,1.25331e+07
0,0,0,0,0,2.45744e+07,-369785,369785,1.25331e+07
0,0,0,0,0,2.45811e+07,-368044,368044,1.25331e+07
0,0,0,0,0,2.64508e+07,-366302,366302,1.25331e+07
0,0,0,0,0,2.5891e+07,0,0,1.25331e+07
0,0,0,0,0,2.5901e+07,0,0,1.25331e+07
0,0,0,0,0,2.59111e+07,0,0,1.25331e+07
0,0,0,0,0,2.59212e+07,0,0,1.25331e+07
0,0,0,0,0,2.48832e+07,0,0,1.25331e+07
0,0,0,0,0,2.52106e+07,-204201,204201,1.25331e+07
0,0,0,0,0,2.52175e+07,-202397,202397,1.25331e+07
0,0,0,0,0,2.52244e+07,-200592,200592,1.25331e+07
0,0,0,0,0,2.43067e+07,-198787,198787,1.25331e+07
0,0,0,0,0,2.46454e+07,-410472,410472,1.25331e+07
0,0,0,0,0,2.4652e+07,-408750,408750,1.25331e+07
0,0,0,0,0,2.46587e+07,-407026,407026,1.25331e+07
0,0,0,0,0,2.25211e+07,-405303,405303,1.25331e+07
0,0,0,0,0,2.32198e+07,-848909,848909,1.25331e+07
0,0,0,0,0,2.32259e+07,-847358,847358,1.25331e+07
0,0,0,0,0,2.3232e+07,-845806,845806,1.25331e+07
0,0,0,0,0,2.32381e+07,-844254,844254,1.25331e+07
0,0,0,6.62162e+07,1.62844e-42,2.39432e+07,-842701,842701,1.25331e+07
0,0,0,6.62162e+07,0,2.37483e+07,-711977,711977,1.25331e+07
0,0,0,6.62162e+07,0,2.37545e+07,-710423,710423,1.25331e+07
0,0,0,6.62162e+07,0,2.37606e+07,-708868,708868,1.25331e+07
0,0,0,6.62162e+07,0,2.62258e+07,-707314,707314,1.25331e+07
0,0,0,6.62162e+07,0,2.54771e+07,-220003,220003,1.25331e+07
0,0,0,6.62162e+07,0,2.54838e+07,-218264,218264,1.25331e+07
0,0,0,6.62162e+07,0,2.54906e+07,-216525,216525,1.25331e+07
0,0,0,6.62162e+07,0,2.21076e+07,-214786,214786,1.25331e+07
0,0,0,6.62162e+07,0,2.31288e+07,-865918,865918,1.25331e+07
0,0,0,6.62162e+07,0,2.31347e+07,-864424,864424,1.25331e+07
0,0,0,6.62162e+07,0,2.31406e+07,-862929,862929,1.25331e+07
0,0,0,6.62162e+07,0,2.31464e+07,-861434,861434,1.25331e+07
0,0,0,6.62162e+07,0,2.39933e+07,-859939,859939,1.25331e+07
0,0,0,6.62162e+07,0,2.37505e+07,-698425,698425,1.25331e+07
0,0,0,6.62162e+07,0,2.37566e+07,-696868,696868,1.25331e+07
0,0,0,6.62162e+07,0,2.37627e+07,-695312,695312,1.25331e+07
0,0,0,6.62162e+07,0,2.34408e+07,-693754,693754,1.25331e+07
0,0,0,6.62162e+07,0,2.35436e+07,-754439,754439,1.25331e+07
0,0,0,6.62162e+07,0,2.35496e+07,-752905,752905,1.25331e+07
0,0,0,6.62162e+07,0,2.35556e+07,-751370,751370,1.25331e+07
0,0,0,6.62162e+07,0,2.47053e+07,-749835,749835,1.25331e+07
0,0,0,6.62162e+07,0,2.43678e+07,-527238,527238,1.25331e+07
0,0,0,6.62162e+07,0,2.43741e+07,-525619,525619,1.25331e+07
0,0,0,6.62162e+07,0,2.43805e+07,-523999,523999,1.25331e+07
0,0,0,6.62162e+07,0,2.43868e+07,-522379,522379,1.25331e+07
0,0,0,6.62162e+07,0,2.46629e+07,-520759,520759,1.25331e+07
0,0,0,6.62162e+07,0,2.448e+07,-397411,397411,1.25331e+07
0,0,0,6.62162e+07,0,2.44863e+07,-395744,395744,1.25331e+07
0,0,0,6.62162e+07,0,2.44927e+07,-394077,394077,1.25331e+07
0,0,0,6.62162e+07,0,2.50712e+07,-392409,392409,1.25331e+07
0,0,0,6.62162e+07,0,2.49088e+07,-282092,282092,1.25331e+07
0,0,0,6.62162e+07,0,2.49153e+07,-280383,280383,1.25331e+07
0,0,0,6.62162e+07,0,2.49218e+07,-278673,278673,1.25331e+07
0,0,0,6.62162e+07,0,2.68286e+07,-276963,276963,1.25331e+07
0,0,0,6.62162e+07,0,2.64076e+07,0,0,1.25331e+07
0,0,0,6.62162e+07,0,2.64175e+07,0,0,1.25331e+07
0,0,0,6.62162e+07,0,2.64274e+07,0,0,1.25331e+07
0,0,0,6.62162e+07,0,2.64373e+07,0,0,1.25331e+07
0,0,0,6.62162e+07,0,2.53782e+07,0,0,1.25331e+07
0,0,0,6.62162e+07,0,2.5562e+07,-112037,112037,1.25331e+07
0,0,0,6.62162e+07,0,2.55688e+07,-110266,110266,1.25331e+07
0,0,0,6.62162e+07,0,2.55756e+07,-108494,108494,1.25331e+07
0,0,0,6.62162e+07,0,2.46394e+07,-106722,106722,1.25331e+07
0,0,0,6.62162e+07,0,2.49846e+07,-322675,322675,1.25331e+07
0,0,0,6.62162e+07,0,2.49911e+07,-320984,320984,1.25331e+07
0,0,0,6.62162e+07,0,2.49977e+07,-319292,319292,1.25331e+07
0,0,0,6.62162e+07,0,2.28175e+07,-317600,317600,1.25331e+07
0,0,0,6.62162e+07,0,2.35298e+07,-770044,770044,1.25331e+07
0,0,0,6.62162e+07,0,2.35358e+07,-768522,768522,1.25331e+07
0,0,0,6.62162e+07,0,2.35418e+07,-766999,766999,1.25331e+07
0,0,0,6.62162e+07,0,2.35478e+07,-765475,765475,1.25331e+07
0,0,0,6.62162e+07,1.62844e-42,2.42665e+07,-763951,763951,1.25331e+07
0,0,0,6.62162e+07,0,2.40676e+07,-630712,630712,1.25331e+07
0,0,0,6.62162e+07,0,2.40736e+07,-629189,629189,1.25331e+07
0,0,0,6.62162e+07,0,2.40796e+07,-627667,627667,1.25331e+07
0,0,0,6.62162e+07,0,2.65929e+07,-626144,626144,1.25331e+07
0,0,0,6.62162e+07,0,2.58292e+07,-129325,129325,1.25331e+07
0,0,0,6.62162e+07,0,2.58359e+07,-127623,127623,1.25331e+07
0,0,0,6.62162e+07,0,2.58425e+07,-125919,125919,1.25331e+07
0,0,0,6.62162e+07,0,2.2393e+07,-124216,124216,1.25331e+07
0,0,0,6.62162e+07,0,2.3434e+07,-788166,788166,1.25331e+07
0,0,0,6.62162e+07,0,2.34398e+07,-786703,786703,1.25331e+07
0,0,0,6.62162e+07,0,2.34455e+07,-785239,785239,1.25331e+07
0,0,0,6.62162e+07,0,2.34513e+07,-783775,783775,1.25331e+07
0,0,0,6.62162e+07,0,2.43144e+07,-782310,782310,1.25331e+07
0,0,0,6.62162e+07,0,2.40666e+07,-617706,617706,1.25331e+07
0,0,0,6.62162e+07,0,2.40726e+07,-616182,616182,1.25331e+07
0,0,0,6.62162e+07,0,2.40786e+07,-614657,614657,1.25331e+07
0,0,0,6.62162e+07,0,2.37501e+07,-613132,613132,1.25331e+07
0,0,0,6.62162e+07,0,2.38547e+07,-675059,675059,1.25331e+07
0,0,0,6.62162e+07,0,2.38606e+07,-673557,673557,1.25331e+07
0,0,0,6.62162e+07,0,2.38665e+07,-672053,672053,1.25331e+07
0,0,0,6.62162e+07,0,2.50382e+07,-670550,670550,1.25331e+07
0,0,0,6.62162e+07,0,2.46939e+07,-443700,443700,1.25331e+07
0,0,0,6.62162e+07,0,2.47001e+07,-442114,442114,1.25331e+07
0,0,0,6.62162e+07,0,2.47063e+07,-440528,440528,1.25331e+07
0,0,0,6.62162e+07,0,2.47125e+07,-438941,438941,1.25331e+07
0,0,0,6.62162e+07,0,2.49937e+07,-437355,437355,1.25331e+07
0,0,0,6.62162e+07,0,2.4807e+07,-311690,311690,1.25331e+07
0,0,0,6.62162e+07,0,2.48132e+07,-310058,310058,1.25331e+07
0,0,0,6.62162e+07,0,2.48194e+07,-308425,308425,1.25331e+07
0,0,0,6.62162e+07,0,2.54088e+07,-306792,306792,1.25331e+07
0,0,0,6.62162e+07,0,2.5243e+07,-194419,194419,1.25331e+07
0,0,0,6.62162e+07,0,2.52494e+07,-192745,192745,1.25331e+07
0,0,0,6.62162e+07,0,2.52557e+07,-191071,191071,1.25331e+07
0,0,0,6.62162e+07,0,2.71988e+07,-189396,189396,1.25331e+07
0,0,0,6.62162e+07,0,2.69139e+07,0,0,1.25331e+07
0,0,0,6.62162e+07,0,2.69236e+07,0,0,1.25331e+07
0,0,0,6.62162e+07,0,2.69333e+07,0,0,1.25331e+07
0,0,0,6.62162e+07,0,2.6943e+07,0,0,1.25331e+07
0,0,0,6.62162e+07,0,2.58633e+07,0,0,1.25331e+07
0,0,0,6.62162e+07,0,2.59064e+07,-21727.5,21727.5,1.25331e+07
0,0,0,6.62162e+07,0,2.5913e+07,-19993.2,19993.2,1.25331e+07
0,0,0,6.62162e+07,0,2.59196e+07,-18258.6,18258.6,1.25331e+07
0,0,0,6.62162e+07,0,2.49654e+07,-16523.6,16523.6,1.25331e+07
0,0,0,6.62162e+07,0,2.53169e+07,-236662,236662,1.25331e+07
0,0,0,6.62162e+07,0,2.53233e+07,-235006,235006,1.25331e+07
0,0,0,6.62162e+07,0,2.53297e+07,-233349,233349,1.25331e+07
0,0,0,6.62162e+07,0,2.31079e+07,-231693,231693,1.25331e+07
0,0,0,6.62162e+07,0,2.38334e+07,-692798,692798,1.25331e+07
0,0,0,6.62162e+07,0,2.38393e+07,-691307,691307,1.25331e+07
0,0,0,6.62162e+07,0,2.38452e+07,-689815,689815,1.25331e+07
0,0,0,6.62162e+07,0,2.3851e+07,-688324,688324,1.25331e+07
0,0,0,6.62162e+07,1.62844e-42,2.45832e+07,-686832,686832,1.25331e+07
0,0,0,6.62162e+07,0,2.43802e+07,-551133,551133,1.25331e+07
0,0,0,6.62162e+07,0,2.4386e+07,-549645,549645,1.25331e+07
0,0,0,6.62162e+07,0,2.43919e+07,-548157,548157,1.25331e+07
0,0,0,6.62162e+07,0,2.69524e+07,-546668,546668,1.25331e+07
0,0,0,6.62162e+07,0,2.6174e+07,-40542.8,40542.8,1.25331e+07
0,0,0,6.62162e+07,0,2.61805e+07,-38878.8,38878.8,1.25331e+07
0,0,0,6.62162e+07,0,2.6187e+07,-37214.1,37214.1,1.25331e+07
0,0,0,6.62162e+07,0,2.26724e+07,-35549.1,35549.1,1.25331e+07
0,0,0,6.62162e+07,0,2.37327e+07,-712052,712052,1.25331e+07
0,0,0,6.62162e+07,0,2.37383e+07,-710621,710621,1.25331e+07
0,0,0,6.62162e+07,0,2.3209e+07,-1.24418e+06,1.24418e+06,1.25331e+07
0,0,0,6.62162e+07,0,2.10737e+07,-3.38364e+06,3.38364e+06,1.41736e+07
0,0,0,6.62162e+07,0,2.46286e+07,-706328,706328,1.25331e+07
0,0,0,6.62162e+07,0,2.1595e+07,-3.31967e+06,3.31967e+06,1.41736e+07
0,0,0,6.62162e+07,0,2.15999e+07,-3.31914e+06,3.31914e+06,1.41736e+07
0,0,0,6.62162e+07,0,2.16048e+07,-3.31862e+06,3.31862e+06,1.41736e+07
0,0,0,6.62162e+07,0,2.13092e+07,-3.27784e+06,3.27784e+06,1.41736e+07
0,0,0,6.62162e+07,0,2.14146e+07,-3.34194e+06,3.34194e+06,1.41736e+07
0,0,0,6.62162e+07,0,2.14194e+07,-3.34142e+06,3.34142e+06,1.41736e+07
0,0,0,6.62162e+07,0,2.14242e+07,-3.3409e+06,3.3409e+06,1.41736e+07
0,0,0,6.62162e+07,0,2.24762e+07,-3.48068e+06,3.48068e+06,1.41736e+07
0,0,0,6.62162e+07,0,2.21243e+07,-3.25067e+06,3.25067e+06,1.41736e+07
0,0,0,6.62162e+07,0,2.21293e+07,-3.25012e+06,3.25012e+06,1.41736e+07
0,0,0,6.62162e+07,0,2.21344e+07,-3.24957e+06,3.24957e+06,1.41736e+07
0,0,0,6.62162e+07,0,2.44528e+07,-935655,935655,1.25331e+07
0,0,0,6.62162e+07,0,2.53173e+07,-355762,355762,1.25331e+07
0,0,0,6.62162e+07,0,2.51268e+07,-227834,227834,1.25331e+07
0,0,0,6.62162e+07,0,2.22051e+07,-3.15407e+06,3.15407e+06,1.41736e+07
0,0,0,6.62162e+07,0,2.22102e+07,-3.15349e+06,3.15349e+06,1.41736e+07
0,0,0,6.62162e+07,0,2.5739e+07,-223048,223048,1.25331e+07
0,0,0,6.62162e+07,0,2.55699e+07,-108666,108666,1.25331e+07
0,0,0,6.62162e+07,0,2.2574e+07,-3.10913e+06,3.10913e+06,1.41736e+07
0,0,0,6.62162e+07,0,2.55823e+07,-105394,105394,1.25331e+07
0,0,0,6.62162e+07,0,2.75609e+07,-103758,103758,1.25331e+07
0,0,0,6.62162e+07,0,2.7409e+07,0,0,1.25331e+07
0,0,0,6.62162e+07,0,2.74185e+07,0,0,1.25331e+07
0,0,0,6.62162e+07,0,2.74279e+07,0,0,1.25331e+07
0,0,0,6.62162e+07,0,2.74374e+07,0,0,1.25331e+07
0,0,0,6.62162e+07,0,2.63375e+07,0,0,1.25331e+07
0,0,0,6.62162e+07,0,2.63466e+07,0,0,1.25331e+07
0,0,0,6.62162e+07,0,2.63557e+07,0,0,1.25331e+07
0,0,0,6.62162e+07,0,2.63648e+07,0,0,1.25331e+07
0,0,0,6.62162e+07,0,2.53955e+07,0,0,1.25331e+07
0,0,0,6.62162e+07,0,2.56417e+07,-152577,152577,1.25331e+07
0,0,0,6.62162e+07,0,2.56479e+07,-150959,150959,1.25331e+07
0,0,0,6.62162e+07,0,2.56542e+07,-149341,149341,1.25331e+07
0,0,0,6.62162e+07,0,2.33916e+07,-147722,147722,1.25331e+07
0,0,0,6.62162e+07,0,2.41302e+07,-617296,617296,1.25331e+07
0,0,0,6.62162e+07,0,2.41359e+07,-615839,615839,1.25331e+07
0,0,0,6.62162e+07,0,2.41417e+07,-614382,614382,1.25331e+07
0,0,0,6.62162e+07,0,2.41474e+07,-612925,612925,1.25331e+07
0,0,0,3.24231e+08,1.62844e-42,2.48926e+07,-611467,611467,1.25331e+07
0,0,0,3.24231e+08,0,2.46857e+07,-473366,473366,1.25331e+07
0,0,0,3.24231e+08,0,2.46914e+07,-471915,471915,1.25331e+07
0,0,0,3.24231e+08,0,2.46971e+07,-470463,470463,1.25331e+07
0,0,0,3.24231e+08,0,2.73037e+07,-469010,469010,1.25331e+07
0,0,0,3.24231e+08,0,2.65828e+07,0,0,1.25331e+07
0,0,0,3.24231e+08,0,2.65917e+07,0,0,1.25331e+07
0,0,0,3.24231e+08,0,2.66005e+07,0,0,1.25331e+07
0,0,0,3.24231e+08,0,2.30248e+07,0,0,1.25331e+07
0,0,0,3.24231e+08,0,2.40246e+07,-637691,637691,1.25331e+07
0,0,0,3.24231e+08,0,2.403e+07,-636295,636295,1.25331e+07
0,0,0,3.24231e+08,0,2.40355e+07,-634898,634898,1.25331e+07
0,0,0,3.24231e+08,0,2.4041e+07,-633502,633502,1.25331e+07
0,0,0,3.24231e+08,0,2.49356e+07,-632105,632105,1.25331e+07
0,0,0,3.24231e+08,0,2.46782e+07,-461531,461531,1.25331e+07
0,0,0,3.24231e+08,0,2.46839e+07,-460078,460078,1.25331e+07
0,0,0,3.24231e+08,0,2.46896e+07,-458624,458624,1.25331e+07
0,0,0,3.24231e+08,0,2.43485e+07,-457170,457170,1.25331e+07
0,0,0,3.24231e+08,0,2.44565e+07,-521509,521509,1.25331e+07
0,0,0,3.24231e+08,0,2.44621e+07,-520076,520076,1.25331e+07
0,0,0,3.24231e+08,0,2.44677e+07,-518643,518643,1.25331e+07
0,0,0,3.24231e+08,0,2.5682e+07,-517209,517209,1.25331e+07
0,0,0,3.24231e+08,0,2.53245e+07,-282143,282143,1.25331e+07
0,0,0,3.24231e+08,0,2.53304e+07,-280631,280631,1.25331e+07
0,0,0,3.24231e+08,0,2.53363e+07,-279119,279119,1.25331e+07
0,0,0,3.24231e+08,0,2.53422e+07,-277606,277606,1.25331e+07
0,0,0,3.24231e+08,0,2.56332e+07,-276093,276093,1.25331e+07
0,0,0,3.24231e+08,0,2.54391e+07,-145959,145959,1.25331e+07
0,0,0,3.24231e+08,0,2.54451e+07,-144403,144403,1.25331e+07
0,0,0,3.24231e+08,0,2.5451e+07,-142846,142846,1.25331e+07
0,0,0,3.24231e+08,0,2.60614e+07,-141289,141289,1.25331e+07
0,0,0,3.24231e+08,0,2.5889e+07,-24949.9,24949.9,1.25331e+07
0,0,0,3.24231e+08,0,2.5895e+07,-23354.2,23354.2,1.25331e+07
0,0,0,3.24231e+08,0,2.59011e+07,-21758.5,21758.5,1.25331e+07
0,0,0,3.24231e+08,0,2.79144e+07,-20162.1,20162.1,1.25331e+07
0,0,0,3.24231e+08,0,2.78923e+07,0,0,1.25331e+07
0,0,0,3.24231e+08,0,2.79015e+07,0,0,1.25331e+07
0,0,0,3.24231e+08,0,2.79107e+07,0,0,1.25331e+07
0,0,0,3.24231e+08,0,2.792e+07,0,0,1.25331e+07
0,0,0,3.24231e+08,0,2.68004e+07,0,0,1.25331e+07
0,0,0,3.24231e+08,0,2.68092e+07,0,0,1.25331e+07
0,0,0,3.24231e+08,0,2.68181e+07,0,0,1.25331e+07
0,0,0,3.24231e+08,0,2.6827e+07,0,0,1.25331e+07
0,0,0,3.24231e+08,0,2.58403e+07,0,0,1.25331e+07
0,0,0,3.24231e+08,0,2.59586e+07,-70525.4,70525.4,1.25331e+07
0,0,0,3.24231e+08,0,2.59647e+07,-68947.2,68947.2,1.25331e+07
0,0,0,3.24231e+08,0,2.59708e+07,-67368.7,67368.7,1.25331e+07
0,0,0,3.24231e+08,0,2.36685e+07,-65789.8,65789.8,1.25331e+07
0,0,0,3.24231e+08,0,2.44197e+07,-543629,543629,1.25331e+07
0,0,0,3.24231e+08,0,2.44253e+07,-542208,542208,1.25331e+07
0,0,0,3.24231e+08,0,2.44309e+07,-540787,540787,1.25331e+07
0,0,0,3.24231e+08,0,2.44365e+07,-539365,539365,1.25331e+07
0,0,0,3.24231e+08,0,2.51944e+07,-537944,537944,1.25331e+07
0,0,0,3.24231e+08,1.62844e-42,2.49836e+07,-397503,397503,1.25331e+07
0,0,0,3.24231e+08,0,2.49892e+07,-396088,396088,1.25331e+07
0,0,0,3.24231e+08,0,2.49948e+07,-394673,394673,1.25331e+07
0,0,0,3.24231e+08,0,2.76463e+07,-393258,393258,1.25331e+07
0,0,0,3.24231e+08,0,2.70431e+07,0,0,1.25331e+07
0,0,0,3.24231e+08,0,2.70517e+07,0,0,1.25331e+07
0,0,0,3.24231e+08,0,2.70603e+07,0,0,1.25331e+07
0,0,0,3.24231e+08,0,2.34224e+07,0,0,1.25331e+07
0,0,0,3.24231e+08,0,2.43092e+07,-565163,565163,1.25331e+07
0,0,0,3.24231e+08,0,2.43145e+07,-563803,563803,1.25331e+07
0,0,0,3.24231e+08,0,2.43199e+07,-562443,562443,1.25331e+07
0,0,0,3.24231e+08,0,2.43252e+07,-561083,561083,1.25331e+07
0,0,0,3.24231e+08,0,2.5235e+07,-559722,559722,1.25331e+07
0,0,0,3.24231e+08,0,2.49729e+07,-386274,386274,1.25331e+07
0,0,0,3.24231e+08,0,2.49784e+07,-384858,384858,1.25331e+07
0,0,0,3.24231e+08,0,2.4984e+07,-383441,383441,1.25331e+07
0,0,0,3.24231e+08,0,2.46368e+07,-382025,382025,1.25331e+07
0,0,0,3.24231e+08,0,2.47464e+07,-447529,447529,1.25331e+07
0,0,0,3.24231e+08,0,2.47518e+07,-446133,446133,1.25331e+07
0,0,0,3.24231e+08,0,2.47573e+07,-444737,444737,1.25331e+07
0,0,0,3.24231e+08,0,2.59921e+07,-443340,443340,1.25331e+07
0,0,0,3.24231e+08,0,2.56283e+07,-204319,204319,1.25331e+07
0,0,0,3.24231e+08,0,2.5634e+07,-202846,202846,1.25331e+07
0,0,0,3.24231e+08,0,2.56398e+07,-201372,201372,1.25331e+07
0,0,0,3.24231e+08,0,2.56455e+07,-199899,199899,1.25331e+07
0,0,0,3.24231e+08,0,2.59412e+07,-198425,198425,1.25331e+07
0,0,0,3.24231e+08,0,2.57435e+07,-66141.3,66141.3,1.25331e+07
0,0,0,3.24231e+08,0,2.57493e+07,-64625.3,64625.3,1.25331e+07
0,0,0,3.24231e+08,0,2.57551e+07,-63108.9,63108.9,1.25331e+07
0,0,0,3.24231e+08,0,2.63756e+07,-61592.2,61592.2,1.25331e+07
0,0,0,3.24231e+08,0,2.62881e+07,0,0,1.25331e+07
0,0,0,3.24231e+08,0,2.62965e+07,0,0,1.25331e+07
0,0,0,3.24231e+08,0,2.63048e+07,0,0,1.25331e+07
0,0,0,3.24231e+08,0,2.83543e+07,0,0,1.25331e+07
0,0,0,3.24231e+08,0,2.83633e+07,0,0,1.25331e+07
0,0,0,3.24231e+08,0,2.83723e+07,0,0,1.25331e+07
0,0,0,3.24231e+08,0,2.83813e+07,0,0,1.25331e+07
0,0,0,3.24231e+08,0,2.83903e+07,0,0,1.25331e+07
0,0,0,3.24231e+08,0,2.72514e+07,0,0,1.25331e+07
0,0,0,3.24231e+08,0,2.72601e+07,0,0,1.25331e+07
0,0,0,3.24231e+08,0,2.72687e+07,0,0,1.25331e+07
0,0,0,3.24231e+08,0,2.72774e+07,0,0,1.25331e+07
0,0,0,3.24231e+08,0,2.62738e+07,0,0,1.25331e+07
0,0,0,3.24231e+08,0,2.62821e+07,0,0,1.25331e+07
0,0,0,3.24231e+08,0,2.62904e+07,0,0,1.25331e+07
0,0,0,3.24231e+08,0,2.62988e+07,0,0,1.25331e+07
0,0,0,3.24231e+08,0,2.39601e+07,0,0,1.25331e+07
0,0,0,3.24231e+08,0,2.47018e+07,-471855,471855,1.25331e+07
0,0,0,3.24231e+08,0,2.47073e+07,-470471,470471,1.25331e+07
0,0,0,3.24231e+08,0,2.47127e+07,-469087,469087,1.25331e+07
0,0,0,3.24231e+08,0,2.47182e+07,-467702,467702,1.25331e+07
0,0,0,3.24231e+08,0,2.4716e+07,-466317,466317,1.25331e+07
0,0,0,3.24231e+08,8.04808e+06,2.7418e+07,-1.70653e+06,1.70653e+06,1.25331e+07
0,0,0,3.24231e+08,0,2.74255e+07,-1.70653e+06,1.70653e+06,1.25331e+07
0,0,0,3.24231e+08,0,2.74331e+07,-1.70653e+06,1.70653e+06,1.25331e+07
0,0,0,3.24231e+08,0,2.74406e+07,-1.70653e+06,1.70653e+06,1.25331e+07
0,0,0,3.24231e+08,0,3.0138e+07,-1.70653e+06,1.70653e+06,1.25331e+07
0,0,0,3.24231e+08,0,3.01464e+07,-1.70653e+06,1.70653e+06,1.25331e+07
0,0,0,3.24231e+08,0,3.01548e+07,-1.70653e+06,1.70653e+06,1.25331e+07
0,0,0,3.24231e+08,0,3.01632e+07,-1.70653e+06,1.70653e+06,1.25331e+07
0,0,0,3.24231e+08,0,2.64648e+07,-1.70653e+06,1.70653e+06,1.25331e+07
0,0,0,3.24231e+08,0,2.6472e+07,-1.70653e+06,1.70653e+06,1.25331e+07
0,0,0,3.24231e+08,0,2.64793e+07,-1.70653e+06,1.70653e+06,1.25331e+07
0,0,0,3.24231e+08,0,2.64865e+07,-1.70653e+06,1.70653e+06,1.25331e+07
0,0,0,3.24231e+08,0,2.64938e+07,-1.70653e+06,1.70653e+06,1.25331e+07
0,0,0,3.24231e+08,0,2.74203e+07,-1.70653e+06,1.70653e+06,1.25331e+07
0,0,0,3.24231e+08,0,2.74279e+07,-1.70653e+06,1.70653e+06,1.25331e+07
0,0,0,3.24231e+08,0,2.74354e+07,-1.70653e+06,1.70653e+06,1.25331e+07
0,0,0,3.24231e+08,0,2.7443e+07,-1.70653e+06,1.70653e+06,1.25331e+07
0,0,0,3.24231e+08,0,2.7092e+07,-1.70653e+06,1.70653e+06,1.25331e+07
0,0,0,3.24231e+08,0,2.70994e+07,-1.70653e+06,1.70653e+06,1.25331e+07
0,0,0,3.24231e+08,0,2.71069e+07,-1.70653e+06,1.70653e+06,1.25331e+07
0,0,0,3.24231e+08,0,2.71143e+07,-1.70653e+06,1.70653e+06,1.25331e+07
0,0,0,3.24231e+08,0,2.83712e+07,-1.70653e+06,1.70653e+06,1.25331e+07
0,0,0,3.24231e+08,0,2.8379e+07,-1.70653e+06,1.70653e+06,1.25331e+07
0,0,0,3.24231e+08,0,2.83868e+07,-1.70653e+06,1.70653e+06,1.25331e+07
0,0,0,3.24231e+08,0,2.83947e+07,-1.70653e+06,1.70653e+06,1.25331e+07
0,0,0,3.24231e+08,0,2.84025e+07,-1.70653e+06,1.70653e+06,1.25331e+07
0,0,0,3.24231e+08,0,2.8705e+07,-1.70653e+06,1.70653e+06,1.25331e+07
0,0,0,3.24231e+08,0,2.87129e+07,-1.70653e+06,1.70653e+06,1.25331e+07
0,0,0,3.24231e+08,0,2.87208e+07,-1.70653e+06,1.70653e+06,1.25331e+07
0,0,0,3.24231e+08,0,2.87287e+07,-1.70653e+06,1.70653e+06,1.25331e+07
0,0,0,3.24231e+08,0,2.93613e+07,-1.70653e+06,1.70653e+06,1.25331e+07
0,0,0,3.24231e+08,0,2.93694e+07,-1.70653e+06,1.70653e+06,1.25331e+07
0,0,0,3.24231e+08,0,2.93776e+07,-1.70653e+06,1.70653e+06,1.25331e+07
0,0,0,3.24231e+08,0,2.93857e+07,-1.70653e+06,1.70653e+06,1.25331e+07
0,0,0,3.24231e+08,0,2.8132e+07,-680839,680839,1.25331e+07
0,0,0,3.24231e+08,0,2.81405e+07,-681046,681046,1.25331e+07
0,0,0,3.24231e+08,0,2.81491e+07,-681253,681253,1.25331e+07
0,0,0,3.24231e+08,0,2.81576e+07,-681459,681459,1.25331e+07
0,0,0,3.24231e+08,0,2.81662e+07,-681666,681666,1.25331e+07
0,0,0,3.24231e+08,0,2.99515e+07,-1.45339e+06,1.45339e+06,1.25331e+07
0,0,0,3.24231e+08,0,3.03537e+07,-1.70653e+06,1.70653e+06,1.25331e+07
0,0,0,3.24231e+08,0,3.03621e+07,-1.70653e+06,1.70653e+06,1.25331e+07
0,0,0,3.24231e+08,0,3.03706e+07,-1.70653e+06,1.70653e+06,1.25331e+07
0,0,0,3.24231e+08,0,2.93505e+07,-1.70653e+06,1.70653e+06,1.25331e+07
0,0,0,3.24231e+08,0,2.93586e+07,-1.70653e+06,1.70653e+06,1.25331e+07
0,0,0,3.24231e+08,0,2.93667e+07,-1.70653e+06,1.70653e+06,1.25331e+07
0,0,0,3.24231e+08,0,2.93748e+07,-1.70653e+06,1.70653e+06,1.25331e+07
0,0,0,3.24231e+08,0,2.69984e+07,-1.70653e+06,1.70653e+06,1.25331e+07
0,0,0,3.24231e+08,0,2.70057e+07,-1.70653e+06,1.70653e+06,1.25331e+07
0,0,0,3.24231e+08,0,2.70131e+07,-1.70653e+06,1.70653e+06,1.25331e+07
0,0,0,3.24231e+08,0,2.70205e+07,-1.70653e+06,1.70653e+06,1.25331e+07
0,0,0,3.24231e+08,0,2.70279e+07,-1.70653e+06,1.70653e+06,1.25331e+07
0,0,0,3.24231e+08,8.04808e+06,2.78123e+07,-1.70653e+06,1.70653e+06,1.25331e+07
0,0,0,3.24231e+08,0,2.78196e+07,-1.70653e+06,1.70653e+06,1.25331e+07
0,0,0,3.24231e+08,0,2.78269e+07,-1.70653e+06,1.70653e+06,1.25331e+07
0,0,0,3.24231e+08,0,2.78343e+07,-1.70653e+06,1.70653e+06,1.25331e+07
0,0,0,3.24231e+08,0,3.05741e+07,-1.70653e+06,1.70653e+06,1.25331e+07
0,0,0,3.24231e+08,0,3.05823e+07,-1.70653e+06,1.70653e+06,1.25331e+07
0,0,0,3.24231e+08,0,3.05904e+07,-1.70653e+06,1.70653e+06,1.25331e+07
0,0,0,3.24231e+08,0,3.05985e+07,-1.70653e+06,1.70653e+06,1.25331e+07
0,0,0,3.24231e+08,0,2.68413e+07,-1.70653e+06,1.70653e+06,1.25331e+07
0,0,0,3.24231e+08,0,2.68483e+07,-1.70653e+06,1.70653e+06,1.25331e+07
0,0,0,3.24231e+08,0,2.68554e+07,-1.70653e+06,1.70653e+06,1.25331e+07
0,0,0,3.24231e+08,0,2.68624e+07,-1.70653e+06,1.70653e+06,1.25331e+07
0,0,0,3.24231e+08,0,2.68694e+07,-1.70653e+06,1.70653e+06,1.25331e+07
0,0,0,3.24231e+08,0,2.78103e+07,-1.70653e+06,1.70653e+06,1.25331e+07
0,0,0,3.24231e+08,0,2.78176e+07,-1.70653e+06,1.70653e+06,1.25331e+07
0,0,0,3.24231e+08,0,2.78249e+07,-1.70653e+06,1.70653e+06,1.25331e+07
0,0,0,3.24231e+08,0,2.78322e+07,-1.70653e+06,1.70653e+06,1.25331e+07
0,0,0,3.24231e+08,0,2.74754e+07,-1.70653e+06,1.70653e+06,1.25331e+07
0,0,0,3.24231e+08,0,2.74826e+07,-1.70653e+06,1.70653e+06,1.25331e+07
0,0,0,3.24231e+08,0,2.74898e+07,-1.70653e+06,1.70653e+06,1.25331e+07
0,0,0,3.24231e+08,0,2.74971e+07,-1.70653e+06,1.70653e+06,1.25331e+07
0,0,0,3.24231e+08,0,2.87732e+07,-1.70653e+06,1.70653e+06,1.25331e+07
0,0,0,3.24231e+08,0,2.87808e+07,-1.70653e+06,1.70653e+06,1.25331e+07
0,0,0,3.24231e+08,0,2.87884e+07,-1.70653e+06,1.70653e+06,1.25331e+07
0,0,0,3.24231e+08,0,2.8796e+07,-1.70653e+06,1.70653e+06,1.25331e+07
0,0,0,3.24231e+08,0,2.88036e+07,-1.70653e+06,1.70653e+06,1.25331e+07
0,0,0,3.24231e+08,0,2.91104e+07,-1.70653e+06,1.70653e+06,1.25331e+07
0,0,0,3.24231e+08,0,2.91181e+07,-1.70653e+06,1.70653e+06,1.25331e+07
0,0,0,3.24231e+08,0,2.91258e+07,-1.70653e+06,1.70653e+06,1.25331e+07
0,0,0,3.24231e+08,0,2.91335e+07,-1.70653e+06,1.70653e+06,1.25331e+07
0,0,0,3.24231e+08,0,2.97756e+07,-1.70653e+06,1.70653e+06,1.25331e+07
0,0,0,3.24231e+08,0,2.97834e+07,-1.70653e+06,1.70653e+06,1.25331e+07
0,0,0,3.24231e+08,0,2.97913e+07,-1.70653e+06,1.70653e+06,1.25331e+07
0,0,0,3.24231e+08,0,2.97992e+07,-1.70653e+06,1.70653e+06,1.25331e+07
0,0,0,3.24231e+08,0,3.19132e+07,-1.70653e+06,1.70653e+06,1.25331e+07
0,0,0,3.24231e+08,0,3.14081e+07,-1.37637e+06,1.37637e+06,1.25331e+07
0,0,0,3.24231e+08,0,3.14141e+07,-1.37478e+06,1.37478e+06,1.25331e+07
0,0,0,3.24231e+08,0,3.14201e+07,-1.37319e+06,1.37319e+06,1.25331e+07
0,0,0,3.24231e+08,0,3.14261e+07,-1.37159e+06,1.37159e+06,1.25331e+07
0,0,0,3.24231e+08,0,3.02478e+07,-1.37e+06,1.37e+06,1.25331e+07
0,0,0,3.24231e+08,0,3.06652e+07,-1.633e+06,1.633e+06,1.25331e+07
0,0,0,3.24231e+08,0,3.0671e+07,-1.63148e+06,1.63148e+06,1.25331e+07
0,0,0,3.24231e+08,0,3.06768e+07,-1.62996e+06,1.62996e+06,1.25331e+07
0,0,0,3.24231e+08,0,2.96383e+07,-1.62844e+06,1.62844e+06,1.25331e+07
0,0,0,3.24231e+08,0,2.97677e+07,-1.70653e+06,1.70653e+06,1.25331e+07
0,0,0,3.24231e+08,0,2.97755e+07,-1.70653e+06,1.70653e+06,1.25331e+07
0,0,0,3.24231e+08,0,2.97834e+07,-1.70653e+06,1.70653e+06,1.25331e+07
0,0,0,3.24231e+08,0,2.73703e+07,-1.70653e+06,1.70653e+06,1.25331e+07
0,0,0,3.24231e+08,0,2.73775e+07,-1.70653e+06,1.70653e+06,1.25331e+07
0,0,0,3.24231e+08,0,2.73846e+07,-1.70653e+06,1.70653e+06,1.25331e+07
0,0,0,3.24231e+08,0,2.73918e+07,-1.70653e+06,1.70653e+06,1.25331e+07
0,0,0,3.24231e+08,0,2.7399e+07,-1.70653e+06,1.70653e+06,1.25331e+07
0,0,0,3.24231e+08,3.76709e+07,2.81949e+07,-1.70653e+06,1.70653e+06,1.25331e+07
0,0,0,3.24231e+08,0,2.8202e+07,-1.70653e+06,1.70653e+06,1.25331e+07
0,0,0,3.24231e+08,0,2.82091e+07,-1.70653e+06,1.70653e+06,1.25331e+07
0,0,0,3.24231e+08,0,2.82163e+07,-1.70653e+06,1.70653e+06,1.25331e+07
0,0,0,3.24231e+08,0,3.09973e+07,-1.70653e+06,1.70653e+06,1.25331e+07
0,0,0,3.24231e+08,0,3.09322e+07,-1.65962e+06,1.65962e+06,1.25331e+07
0,0,0,3.24231e+08,0,3.09378e+07,-1.65817e+06,1.65817e+06,1.25331e+07
0,0,0,3.24231e+08,0,3.09435e+07,-1.65673e+06,1.65673e+06,1.25331e+07
0,0,0,3.24231e+08,0,2.71268e+07,-1.65528e+06,1.65528e+06,1.25331e+07
0,0,0,3.24231e+08,0,2.72134e+07,-1.70653e+06,1.70653e+06,1.25331e+07
0,0,0,3.24231e+08,0,2.72202e+07,-1.70653e+06,1.70653e+06,1.25331e+07
0,0,0,3.24231e+08,0,2.7227e+07,-1.70653e+06,1.70653e+06,1.25331e+07
0,0,0,3.24231e+08,0,2.72339e+07,-1.70653e+06,1.70653e+06,1.25331e+07
0,0,0,3.24231e+08,0,2.81885e+07,-1.70653e+06,1.70653e+06,1.25331e+07
0,0,0,3.24231e+08,0,2.81956e+07,-1.70653e+06,1.70653e+06,1.25331e+07
0,0,0,3.24231e+08,0,2.82027e+07,-1.70653e+06,1.70653e+06,1.25331e+07
0,0,0,3.24231e+08,0,2.82098e+07,-1.70653e+06,1.70653e+06,1.25331e+07
0,0,0,3.24231e+08,0,2.78473e+07,-1.70653e+06,1.70653e+06,1.25331e+07
0,0,0,3.24231e+08,0,2.78543e+07,-1.70653e+06,1.70653e+06,1.25331e+07
0,0,0,3.24231e+08,0,2.78613e+07,-1.70653e+06,1.70653e+06,1.25331e+07
0,0,0,3.24231e+08,0,2.78683e+07,-1.70653e+06,1.70653e+06,1.25331e+07
0,0,0,3.24231e+08,0,2.91632e+07,-1.70653e+06,1.70653e+06,1.25331e+07
0,0,0,3.24231e+08,0,2.91705e+07,-1.70653e+06,1.70653e+06,1.25331e+07
0,0,0,3.24231e+08,0,2.91779e+07,-1.70653e+06,1.70653e+06,1.25331e+07
0,0,0,3.24231e+08,0,2.91852e+07,-1.70653e+06,1.70653e+06,1.25331e+07
0,0,0,3.24231e+08,0,2.91926e+07,-1.70653e+06,1.70653e+06,1.25331e+07
0,0,0,3.24231e+08,0,2.95036e+07,-1.70653e+06,1.70653e+06,1.25331e+07
0,0,0,3.24231e+08,0,2.95111e+07,-1.70653e+06,1.70653e+06,1.25331e+07
0,0,0,3.24231e+08,0,2.95185e+07,-1.70653e+06,1.70653e+06,1.25331e+07
0,0,0,3.24231e+08,0,2.9526e+07,-1.70653e+06,1.70653e+06,1.25331e+07
0,0,0,3.24231e+08,0,3.01772e+07,-1.70653e+06,1.70653e+06,1.25331e+07
0,0,0,3.24231e+08,0,3.01848e+07,-1.70653e+06,1.70653e+06,1.25331e+07
0,0,0,3.24231e+08,0,3.01925e+07,-1.70653e+06,1.70653e+06,1.25331e+07
0,0,0,3.24231e+08,0,3.02001e+07,-1.70653e+06,1.70653e+06,1.25331e+07
0,0,0,3.24231e+08,0,3.2345e+07,-1.70653e+06,1.70653e+06,1.25331e+07
0,0,0,3.24231e+08,0,3.17135e+07,-1.29534e+06,1.29534e+06,1.25331e+07
0,0,0,3.24231e+08,0,3.17193e+07,-1.2938e+06,1.2938e+06,1.25331e+07
0,0,0,3.24231e+08,0,3.17251e+07,-1.29225e+06,1.29225e+06,1.25331e+07
0,0,0,3.24231e+08,0,3.1731e+07,-1.29071e+06,1.29071e+06,1.25331e+07
0,0,0,3.24231e+08,0,3.05351e+07,-1.28916e+06,1.28916e+06,1.25331e+07
0,0,0,3.24231e+08,0,3.09583e+07,-1.55611e+06,1.55611e+06,1.25331e+07
0,0,0,3.24231e+08,0,3.09639e+07,-1.55463e+06,1.55463e+06,1.25331e+07
0,0,0,3.24231e+08,0,3.09695e+07,-1.55316e+06,1.55316e+06,1.25331e+07
0,0,0,3.24231e+08,0,2.99156e+07,-1.55169e+06,1.55169e+06,1.25331e+07
0,0,0,3.24231e+08,0,3.01641e+07,-1.70653e+06,1.70653e+06,1.25331e+07
0,0,0,3.24231e+08,0,3.01717e+07,-1.70653e+06,1.70653e+06,1.25331e+07
0,0,0,3.24231e+08,0,3.01794e+07,-1.70653e+06,1.70653e+06,1.25331e+07
0,0,0,3.24231e+08,0,2.77307e+07,-1.70653e+06,1.70653e+06,1.25331e+07
0,0,0,3.24231e+08,0,2.77377e+07,-1.70653e+06,1.70653e+06,1.25331e+07
0,0,0,3.24231e+08,0,2.77446e+07,-1.70653e+06,1.70653e+06,1.25331e+07
0,0,0,3.24231e+08,0,2.77515e+07,-1.70653e+06,1.70653e+06,1.25331e+07
0,0,0,3.24231e+08,0,2.77585e+07,-1.70653e+06,1.70653e+06,1.25331e+07
0,0,0,3.24231e+08,3.76709e+07,2.85657e+07,-1.70653e+06,1.70653e+06,1.25331e+07
0,0,0,3.24231e+08,0,2.85726e+07,-1.70653e+06,1.70653e+06,1.25331e+07
0,0,0,3.24231e+08,0,2.85794e+07,-1.70653e+06,1.70653e+06,1.25331e+07
0,0,0,3.24231e+08,0,2.85863e+07,-1.70653e+06,1.70653e+06,1.25331e+07
0,0,0,3.24231e+08,0,3.14073e+07,-1.70653e+06,1.70653e+06,1.25331e+07
0,0,0,3.24231e+08,0,3.12247e+07,-1.58429e+06,1.58429e+06,1.25331e+07
0,0,0,3.24231e+08,0,3.12301e+07,-1.58288e+06,1.58288e+06,1.25331e+07
0,0,0,3.24231e+08,0,3.12356e+07,-1.58148e+06,1.58148e+06,1.25331e+07
0,0,0,3.24231e+08,0,2.73637e+07,-1.58008e+06,1.58008e+06,1.25331e+07
0,0,0,3.24231e+08,0,2.7567e+07,-1.70653e+06,1.70653e+06,1.25331e+07
0,0,0,3.24231e+08,0,2.75736e+07,-1.70653e+06,1.70653e+06,1.25331e+07
0,0,0,3.24231e+08,0,2.75802e+07,-1.70653e+06,1.70653e+06,1.25331e+07
0,0,0,3.24231e+08,0,2.75868e+07,-1.70653e+06,1.70653e+06,1.25331e+07
0,0,0,3.24231e+08,0,2.85548e+07,-1.70653e+06,1.70653e+06,1.25331e+07
0,0,0,3.24231e+08,0,2.85617e+07,-1.70653e+06,1.70653e+06,1.25331e+07
0,0,0,3.24231e+08,0,2.85686e+07,-1.70653e+06,1.70653e+06,1.25331e+07
0,0,0,3.24231e+08,0,2.85754e+07,-1.70653e+06,1.70653e+06,1.25331e+07
0,0,0,3.24231e+08,0,2.82074e+07,-1.70653e+06,1.70653e+06,1.25331e+07
0,0,0,3.24231e+08,0,2.82142e+07,-1.70653e+06,1.70653e+06,1.25331e+07
0,0,0,3.24231e+08,0,2.8221e+07,-1.70653e+06,1.70653e+06,1.25331e+07
0,0,0,3.24231e+08,0,2.82277e+07,-1.70653e+06,1.70653e+06,1.25331e+07
0,0,0,3.24231e+08,0,2.95407e+07,-1.70653e+06,1.70653e+06,1.25331e+07
0,0,0,3.24231e+08,0,2.95479e+07,-1.70653e+06,1.70653e+06,1.25331e+07
0,0,0,3.24231e+08,0,2.9555e+07,-1.70653e+06,1.70653e+06,1.25331e+07
0,0,0,3.24231e+08,0,2.95621e+07,-1.70653e+06,1.70653e+06,1.25331e+07
0,0,0,3.24231e+08,0,2.95692e+07,-1.70653e+06,1.70653e+06,1.25331e+07
0,0,0,3.24231e+08,0,2.98843e+07,-1.70653e+06,1.70653e+06,1.25331e+07
0,0,0,3.24231e+08,0,2.98915e+07,-1.70653e+06,1.70653e+06,1.25331e+07
0,0,0,3.24231e+08,0,2.98987e+07,-1.70653e+06,1.70653e+06,1.25331e+07
0,0,0,3.24231e+08,0,2.99059e+07,-1.70653e+06,1.70653e+06,1.25331e+07
0,0,0,3.24231e+08,0,3.0566e+07,-1.70653e+06,1.70653e+06,1.25331e+07
0,0,0,3.24231e+08,0,3.05171e+07,-1.67036e+06,1.67036e+06,1.25331e+07
0,0,0,3.24231e+08,0,3.05224e+07,-1.66899e+06,1.66899e+06,1.25331e+07
0,0,0,3.24231e+08,0,3.05276e+07,-1.66761e+06,1.66761e+06,1.25331e+07
0,0,0,3.24231e+08,0,3.27002e+07,-1.66624e+06,1.66624e+06,1.25331e+07
0,0,0,3.24231e+08,0,3.20091e+07,-1.21691e+06,1.21691e+06,1.25331e+07
0,0,0,3.24231e+08,0,3.20147e+07,-1.21541e+06,1.21541e+06,1.25331e+07
0,0,0,3.24231e+08,0,3.20203e+07,-1.21392e+06,1.21392e+06,1.25331e+07
0,0,0,3.24231e+08,0,3.2026e+07,-1.21243e+06,1.21243e+06,1.25331e+07
0,0,0,3.24231e+08,0,3.08131e+07,-1.21093e+06,1.21093e+06,1.25331e+07
0,0,0,3.24231e+08,0,3.1242e+07,-1.48169e+06,1.48169e+06,1.25331e+07
0,0,0,3.24231e+08,0,3.12474e+07,-1.48026e+06,1.48026e+06,1.25331e+07
0,0,0,3.24231e+08,0,3.12528e+07,-1.47884e+06,1.47884e+06,1.25331e+07
0,0,0,3.24231e+08,0,3.01839e+07,-1.47741e+06,1.47741e+06,1.25331e+07
0,0,0,3.24231e+08,0,3.05478e+07,-1.70653e+06,1.70653e+06,1.25331e+07
0,0,0,3.24231e+08,0,3.05551e+07,-1.70653e+06,1.70653e+06,1.25331e+07
0,0,0,3.24231e+08,0,3.05625e+07,-1.70653e+06,1.70653e+06,1.25331e+07
0,0,0,3.24231e+08,0,2.80794e+07,-1.70653e+06,1.70653e+06,1.25331e+07
0,0,0,3.24231e+08,0,2.80862e+07,-1.70653e+06,1.70653e+06,1.25331e+07
0,0,0,3.24231e+08,0,2.80929e+07,-1.70653e+06,1.70653e+06,1.25331e+07
0,0,0,3.24231e+08,0,2.80996e+07,-1.70653e+06,1.70653e+06,1.25331e+07
0,0,0,3.24231e+08,0,2.81063e+07,-1.70653e+06,1.70653e+06,1.25331e+07
0,0,0,3.24231e+08,3.76709e+07,2.89244e+07,-1.70653e+06,1.70653e+06,1.25331e+07
0,0,0,3.24231e+08,0,2.8931e+07,-1.70653e+06,1.70653e+06,1.25331e+07
0,0,0,3.24231e+08,0,2.89377e+07,-1.70653e+06,1.70653e+06,1.25331e+07
0,0,0,3.24231e+08,0,2.89444e+07,-1.70653e+06,1.70653e+06,1.25331e+07
0,0,0,3.24231e+08,0,3.18039e+07,-1.70653e+06,1.70653e+06,1.25331e+07
0,0,0,3.24231e+08,0,3.15077e+07,-1.5114e+06,1.5114e+06,1.25331e+07
0,0,0,3.24231e+08,0,3.1513e+07,-1.51004e+06,1.51004e+06,1.25331e+07
0,0,0,3.24231e+08,0,3.15182e+07,-1.50869e+06,1.50869e+06,1.25331e+07
0,0,0,3.24231e+08,0,2.75929e+07,-1.50733e+06,1.50733e+06,1.25331e+07
0,0,0,3.24231e+08,0,2.79092e+07,-1.70653e+06,1.70653e+06,1.25331e+07
0,0,0,3.24231e+08,0,2.79156e+07,-1.70653e+06,1.70653e+06,1.25331e+07
0,0,0,3.24231e+08,0,2.7922e+07,-1.70653e+06,1.70653e+06,1.25331e+07
0,0,0,3.24231e+08,0,2.79284e+07,-1.70653e+06,1.70653e+06,1.25331e+07
0,0,0,3.24231e+08,0,2.89093e+07,-1.70653e+06,1.70653e+06,1.25331e+07
0,0,0,3.24231e+08,0,2.8916e+07,-1.70653e+06,1.70653e+06,1.25331e+07
0,0,0,3.24231e+08,0,2.89226e+07,-1.70653e+06,1.70653e+06,1.25331e+07
0,0,0,3.24231e+08,0,2.89293e+07,-1.70653e+06,1.70653e+06,1.25331e+07
0,0,0,3.24231e+08,0,2.85559e+07,-1.70653e+06,1.70653e+06,1.25331e+07
0,0,0,3.24231e+08,0,2.85625e+07,-1.70653e+06,1.70653e+06,1.25331e+07
0,0,0,3.24231e+08,0,2.8569e+07,-1.70653e+06,1.70653e+06,1.25331e+07
0,0,0,3.24231e+08,0,2.85756e+07,-1.70653e+06,1.70653e+06,1.25331e+07
0,0,0,3.24231e+08,0,2.99061e+07,-1.70653e+06,1.70653e+06,1.25331e+07
0,0,0,3.24231e+08,0,2.9913e+07,-1.70653e+06,1.70653e+06,1.25331e+07
0,0,0,3.24231e+08,0,2.99199e+07,-1.70653e+06,1.70653e+06,1.25331e+07
0,0,0,3.24231e+08,0,2.99268e+07,-1.70653e+06,1.70653e+06,1.25331e+07
0,0,0,3.24231e+08,0,2.99337e+07,-1.70653e+06,1.70653e+06,1.25331e+07
0,0,0,3.24231e+08,0,3.02527e+07,-1.70653e+06,1.70653e+06,1.25331e+07
0,0,0,3.24231e+08,0,3.02597e+07,-1.70653e+06,1.70653e+06,1.25331e+07
0,0,0,3.24231e+08,0,3.02667e+07,-1.70653e+06,1.70653e+06,1.25331e+07
0,0,0,3.24231e+08,0,3.02737e+07,-1.70653e+06,1.70653e+06,1.25331e+07
0,0,0,3.24231e+08,0,3.09423e+07,-1.70653e+06,1.70653e+06,1.25331e+07
0,0,0,3.24231e+08,0,3.07842e+07,-1.60029e+06,1.60029e+06,1.25331e+07
0,0,0,3.24231e+08,0,3.07892e+07,-1.59896e+06,1.59896e+06,1.25331e+07
0,0,0,3.24231e+08,0,3.07943e+07,-1.59763e+06,1.59763e+06,1.25331e+07
0,0,0,3.24231e+08,0,3.29958e+07,-1.5963e+06,1.5963e+06,1.25331e+07
0,0,0,3.24231e+08,0,3.22952e+07,-1.141e+06,1.141e+06,1.25331e+07
0,0,0,3.24231e+08,0,3.23006e+07,-1.13955e+06,1.13955e+06,1.25331e+07
0,0,0,3.24231e+08,0,3.23061e+07,-1.1381e+06,1.1381e+06,1.25331e+07
0,0,0,3.24231e+08,0,3.23115e+07,-1.13666e+06,1.13666e+06,1.25331e+07
0,0,0,3.24231e+08,0,3.10822e+07,-1.13521e+06,1.13521e+06,1.25331e+07
0,0,0,3.24231e+08,0,3.15165e+07,-1.40965e+06,1.40965e+06,1.25331e+07
0,0,0,3.24231e+08,0,3.15218e+07,-1.40828e+06,1.40828e+06,1.25331e+07
0,0,0,3.24231e+08,0,3.15271e+07,-1.4069e+06,1.4069e+06,1.25331e+07
0,0,0,3.24231e+08,0,3.04437e+07,-1.40552e+06,1.40552e+06,1.25331e+07
0,0,0,3.24231e+08,0,3.08398e+07,-1.65552e+06,1.65552e+06,1.25331e+07
0,0,0,3.24231e+08,0,3.08448e+07,-1.65421e+06,1.65421e+06,1.25331e+07
0,0,0,3.24231e+08,0,3.08499e+07,-1.65289e+06,1.65289e+06,1.25331e+07
0,0,0,3.24231e+08,0,2.83315e+07,-1.65158e+06,1.65158e+06,1.25331e+07
0,0,0,3.24231e+08,0,2.84235e+07,-1.70653e+06,1.70653e+06,1.25331e+07
0,0,0,3.24231e+08,0,2.843e+07,-1.70653e+06,1.70653e+06,1.25331e+07
0,0,0,3.24231e+08,0,2.84365e+07,-1.70653e+06,1.70653e+06,1.25331e+07
0,0,0,3.24231e+08,0,2.8443e+07,-1.70653e+06,1.70653e+06,1.25331e+07
0,0,0,3.24231e+08,0,2.92716e+07,-1.70653e+06,1.70653e+06,1.25331e+07
0,0,0,3.24231e+08,3.76709e+07,2.92781e+07,-1.70653e+06,1.70653e+06,1.25331e+07
0,0,0,3.24231e+08,0,2.92845e+07,-1.70653e+06,1.70653e+06,1.25331e+07
0,0,0,3.24231e+08,0,2.9291e+07,-1.70653e+06,1.70653e+06,1.25331e+07
0,0,0,3.24231e+08,0,3.21879e+07,-1.70653e+06,1.70653e+06,1.25331e+07
0,0,0,3.24231e+08,0,3.17817e+07,-1.44084e+06,1.44084e+06,1.25331e+07
0,0,0,3.24231e+08,0,3.17868e+07,-1.43952e+06,1.43952e+06,1.25331e+07
0,0,0,3.24231e+08,0,3.17919e+07,-1.43821e+06,1.43821e+06,1.25331e+07
0,0,0,3.24231e+08,0,2.78147e+07,-1.4369e+06,1.4369e+06,1.25331e+07
0,0,0,3.24231e+08,0,2.82404e+07,-1.70653e+06,1.70653e+06,1.25331e+07
0,0,0,3.24231e+08,0,2.82466e+07,-1.70653e+06,1.70653e+06,1.25331e+07
0,0,0,3.24231e+08,0,2.82528e+07,-1.70653e+06,1.70653e+06,1.25331e+07
0,0,0,3.24231e+08,0,2.8259e+07,-1.70653e+06,1.70653e+06,1.25331e+07
0,0,0,3.24231e+08,0,2.92525e+07,-1.70653e+06,1.70653e+06,1.25331e+07
0,0,0,3.24231e+08,0,2.92589e+07,-1.70653e+06,1.70653e+06,1.25331e+07
0,0,0,3.24231e+08,0,2.92654e+07,-1.70653e+06,1.70653e+06,1.25331e+07
0,0,0,3.24231e+08,0,2.92718e+07,-1.70653e+06,1.70653e+06,1.25331e+07
0,0,0,3.24231e+08,0,2.88933e+07,-1.70653e+06,1.70653e+06,1.25331e+07
0,0,0,3.24231e+08,0,2.88997e+07,-1.70653e+06,1.70653e+06,1.25331e+07
0,0,0,3.24231e+08,0,2.8906e+07,-1.70653e+06,1.70653e+06,1.25331e+07
0,0,0,3.24231e+08,0,2.89123e+07,-1.70653e+06,1.70653e+06,1.25331e+07
0,0,0,3.24231e+08,0,3.02599e+07,-1.70653e+06,1.70653e+06,1.25331e+07
0,0,0,3.24231e+08,0,3.02665e+07,-1.70653e+06,1.70653e+06,1.25331e+07
0,0,0,3.24231e+08,0,3.02732e+07,-1.70653e+06,1.70653e+06,1.25331e+07
0,0,0,3.24231e+08,0,3.02799e+07,-1.70653e+06,1.70653e+06,1.25331e+07
0,0,0,3.24231e+08,0,3.02866e+07,-1.70653e+06,1.70653e+06,1.25331e+07
0,0,0,3.24231e+08,0,3.06094e+07,-1.70653e+06,1.70653e+06,1.25331e+07
0,0,0,3.24231e+08,0,3.05512e+07,-1.66474e+06,1.66474e+06,1.25331e+07
0,0,0,3.24231e+08,0,3.0556e+07,-1.66349e+06,1.66349e+06,1.25331e+07
0,0,0,3.24231e+08,0,3.05608e+07,-1.66223e+06,1.66223e+06,1.25331e+07
0,0,0,3.24231e+08,0,3.12357e+07,-1.66097e+06,1.66097e+06,1.25331e+07
0,0,0,3.24231e+08,0,3.10427e+07,-1.53245e+06,1.53245e+06,1.25331e+07
0,0,0,3.24231e+08,0,3.10476e+07,-1.53116e+06,1.53116e+06,1.25331e+07
0,0,0,3.24231e+08,0,3.10525e+07,-1.52987e+06,1.52987e+06,1.25331e+07
0,0,0,3.24231e+08,0,3.32821e+07,-1.52858e+06,1.52858e+06,1.25331e+07
0,0,0,3.24231e+08,0,3.25722e+07,-1.06749e+06,1.06749e+06,1.25331e+07
0,0,0,3.24231e+08,0,3.25775e+07,-1.06609e+06,1.06609e+06,1.25331e+07
0,0,0,3.24231e+08,0,3.25827e+07,-1.06469e+06,1.06469e+06,1.25331e+07
0,0,0,3.24231e+08,0,3.2588e+07,-1.06329e+06,1.06329e+06,1.25331e+07
0,0,0,3.24231e+08,0,3.13427e+07,-1.06189e+06,1.06189e+06,1.25331e+07
0,0,0,3.24231e+08,0,3.17824e+07,-1.33991e+06,1.33991e+06,1.25331e+07
0,0,0,3.24231e+08,0,3.17875e+07,-1.33857e+06,1.33857e+06,1.25331e+07
0,0,0,3.24231e+08,0,3.17926e+07,-1.33724e+06,1.33724e+06,1.25331e+07
0,0,0,3.24231e+08,0,3.06952e+07,-1.3359e+06,1.3359e+06,1.25331e+07
0,0,0,3.24231e+08,0,3.10961e+07,-1.58915e+06,1.58915e+06,1.25331e+07
0,0,0,3.24231e+08,0,3.1101e+07,-1.58788e+06,1.58788e+06,1.25331e+07
0,0,0,3.24231e+08,0,3.11059e+07,-1.5866e+06,1.5866e+06,1.25331e+07
0,0,0,3.24231e+08,0,2.85553e+07,-1.58533e+06,1.58533e+06,1.25331e+07
0,0,0,3.24231e+08,0,2.87502e+07,-1.70653e+06,1.70653e+06,1.25331e+07
0,0,0,3.24231e+08,0,2.87565e+07,-1.70653e+06,1.70653e+06,1.25331e+07
0,0,0,3.24231e+08,0,2.87628e+07,-1.70653e+06,1.70653e+06,1.25331e+07
0,0,0,3.24231e+08,0,2.87691e+07,-1.70653e+06,1.70653e+06,1.25331e+07
0,0,0,3.24231e+08,0,2.87691e+07,-1.70653e+06,1.70653e+06,1.25331e+07
0,0,0,3.24231e+08,3.76709e+07,2.96079e+07,-1.70653e+06,1.70653e+06,1.25331e+07
0,0,0,3.24231e+08,0,2.96141e+07,-1.70653e+06,1.70653e+06,1.25331e+07
0,0,0,3.24231e+08,0,2.96203e+07,-1.70653e+06,1.70653e+06,1.25331e+07
0,0,0,3.24231e+08,0,2.96266e+07,-1.70653e+06,1.70653e+06,1.25331e+07
0,0,0,3.24231e+08,0,3.25597e+07,-1.70653e+06,1.70653e+06,1.25331e+07
0,0,0,3.24231e+08,0,3.20469e+07,-1.37252e+06,1.37252e+06,1.25331e+07
0,0,0,3.24231e+08,0,3.20519e+07,-1.37125e+06,1.37125e+06,1.25331e+07
0,0,0,3.24231e+08,0,3.20568e+07,-1.36998e+06,1.36998e+06,1.25331e+07
0,0,0,3.24231e+08,0,2.80295e+07,-1.36871e+06,1.36871e+06,1.25331e+07
0,0,0,3.24231e+08,0,2.85611e+07,-1.70653e+06,1.70653e+06,1.25331e+07
0,0,0,3.24231e+08,0,2.85671e+07,-1.70653e+06,1.70653e+06,1.25331e+07
0,0,0,3.24231e+08,0,2.85731e+07,-1.70653e+06,1.70653e+06,1.25331e+07
0,0,0,3.24231e+08,0,2.85791e+07,-1.70653e+06,1.70653e+06,1.25331e+07
0,0,0,3.24231e+08,0,2.95847e+07,-1.70653e+06,1.70653e+06,1.25331e+07
0,0,0,3.24231e+08,0,2.95909e+07,-1.70653e+06,1.70653e+06,1.25331e+07
0,0,0,3.24231e+08,0,2.95971e+07,-1.70653e+06,1.70653e+06,1.25331e+07
0,0,0,3.24231e+08,0,2.96033e+07,-1.70653e+06,1.70653e+06,1.25331e+07
0,0,0,3.24231e+08,0,2.92198e+07,-1.70653e+06,1.70653e+06,1.25331e+07
0,0,0,3.24231e+08,0,2.9226e+07,-1.70653e+06,1.70653e+06,1.25331e+07
0,0,0,3.24231e+08,0,2.92321e+07,-1.70653e+06,1.70653e+06,1.25331e+07
0,0,0,3.24231e+08,0,2.92382e+07,-1.70653e+06,1.70653e+06,1.25331e+07
0,0,0,3.24231e+08,0,3.06022e+07,-1.70653e+06,1.70653e+06,1.25331e+07
0,0,0,3.24231e+08,0,3.06086e+07,-1.70653e+06,1.70653e+06,1.25331e+07
0,0,0,3.24231e+08,0,3.06151e+07,-1.70653e+06,1.70653e+06,1.25331e+07
0,0,0,3.24231e+08,0,3.06215e+07,-1.70653e+06,1.70653e+06,1.25331e+07
0,0,0,3.24231e+08,0,3.0628e+07,-1.70653e+06,1.70653e+06,1.25331e+07
0,0,0,3.24231e+08,0,3.09545e+07,-1.70653e+06,1.70653e+06,1.25331e+07
0,0,0,3.24231e+08,0,3.07961e+07,-1.60051e+06,1.60051e+06,1.25331e+07
0,0,0,3.24231e+08,0,3.08008e+07,-1.59929e+06,1.59929e+06,1.25331e+07
0,0,0,3.24231e+08,0,3.08054e+07,-1.59808e+06,1.59808e+06,1.25331e+07
0,0,0,3.24231e+08,0,3.14884e+07,-1.59686e+06,1.59686e+06,1.25331e+07
0,0,0,3.24231e+08,0,3.12928e+07,-1.46682e+06,1.46682e+06,1.25331e+07
0,0,0,3.24231e+08,0,3.12976e+07,-1.46557e+06,1.46557e+06,1.25331e+07
0,0,0,3.24231e+08,0,3.13023e+07,-1.46433e+06,1.46433e+06,1.25331e+07
0,0,0,3.24231e+08,0,3.3559e+07,-1.46308e+06,1.46308e+06,1.25331e+07
0,0,0,3.24231e+08,0,3.28401e+07,-996399,996399,1.25331e+07
0,0,0,3.24231e+08,0,3.28452e+07,-995045,995045,1.25331e+07
0,0,0,3.24231e+08,0,3.28503e+07,-993691,993691,1.25331e+07
0,0,0,3.24231e+08,0,3.28554e+07,-992336,992336,1.25331e+07
0,0,0,3.24231e+08,0,3.15947e+07,-990982,990982,1.25331e+07
0,0,0,3.24231e+08,0,3.20395e+07,-1.27245e+06,1.27245e+06,1.25331e+07
0,0,0,3.24231e+08,0,3.20444e+07,-1.27116e+06,1.27116e+06,1.25331e+07
0,0,0,3.24231e+08,0,3.20494e+07,-1.26987e+06,1.26987e+06,1.25331e+07
0,0,0,3.24231e+08,0,3.09383e+07,-1.26858e+06,1.26858e+06,1.25331e+07
0,0,0,3.24231e+08,0,3.13439e+07,-1.52497e+06,1.52497e+06,1.25331e+07
0,0,0,3.24231e+08,0,3.13487e+07,-1.52374e+06,1.52374e+06,1.25331e+07
0,0,0,3.24231e+08,0,3.13534e+07,-1.52251e+06,1.52251e+06,1.25331e+07
0,0,0,3.24231e+08,0,2.87717e+07,-1.52128e+06,1.52128e+06,1.25331e+07
0,0,0,3.24231e+08,0,2.9066e+07,-1.70653e+06,1.70653e+06,1.25331e+07
0,0,0,3.24231e+08,0,2.90721e+07,-1.70653e+06,1.70653e+06,1.25331e+07
0,0,0,3.24231e+08,0,2.90782e+07,-1.70653e+06,1.70653e+06,1.25331e+07
0,0,0,3.24231e+08,0,2.90843e+07,-1.70653e+06,1.70653e+06,1.25331e+07
0,0,0,6.16309e+08,3.76709e+07,2.99329e+07,-1.70653e+06,1.70653e+06,1.25331e+07
0,0,0,6.16309e+08,1.62844e-42,2.99389e+07,-1.70653e+06,1.70653e+06,1.25331e+07
0,0,0,6.16309e+08,0,2.99449e+07,-1.70653e+06,1.70653e+06,1.25331e+07
0,0,0,6.16309e+08,0,2.99509e+07,-1.70653e+06,1.70653e+06,1.25331e+07
0,0,0,6.16309e+08,0,3.2919e+07,-1.70653e+06,1.70653e+06,1.25331e+07
0,0,0,6.16309e+08,0,3.23033e+07,-1.30649e+06,1.30649e+06,1.25331e+07
0,0,0,6.16309e+08,0,3.2308e+07,-1.30526e+06,1.30526e+06,1.25331e+07
0,0,0,6.16309e+08,0,3.23128e+07,-1.30404e+06,1.30404e+06,1.25331e+07
0,0,0,6.16309e+08,0,2.82371e+07,-1.30281e+06,1.30281e+06,1.25331e+07
0,0,0,6.16309e+08,0,2.8871e+07,-1.70653e+06,1.70653e+06,1.25331e+07
0,0,0,6.16309e+08,0,2.88768e+07,-1.70653e+06,1.70653e+06,1.25331e+07
0,0,0,6.16309e+08,0,2.88825e+07,-1.70653e+06,1.70653e+06,1.25331e+07
0,0,0,6.16309e+08,0,2.88883e+07,-1.70653e+06,1.70653e+06,1.25331e+07
0,0,0,6.16309e+08,0,2.99056e+07,-1.70653e+06,1.70653e+06,1.25331e+07
0,0,0,6.16309e+08,0,2.99116e+07,-1.70653e+06,1.70653e+06,1.25331e+07
0,0,0,6.16309e+08,0,2.99176e+07,-1.70653e+06,1.70653e+06,1.25331e+07
0,0,0,6.16309e+08,0,2.99237e+07,-1.70653e+06,1.70653e+06,1.25331e+07
0,0,0,6.16309e+08,0,2.95353e+07,-1.70653e+06,1.70653e+06,1.25331e+07
0,0,0,6.16309e+08,0,2.95412e+07,-1.70653e+06,1.70653e+06,1.25331e+07
0,0,0,6.16309e+08,0,2.95471e+07,-1.70653e+06,1.70653e+06,1.25331e+07
0,0,0,6.16309e+08,0,2.95531e+07,-1.70653e+06,1.70653e+06,1.25331e+07
0,0,0,6.16309e+08,0,3.09329e+07,-1.70653e+06,1.70653e+06,1.25331e+07
0,0,0,6.16309e+08,0,3.09138e+07,-1.69029e+06,1.69029e+06,1.25331e+07
0,0,0,6.16309e+08,0,3.09183e+07,-1.68915e+06,1.68915e+06,1.25331e+07
0,0,0,6.16309e+08,0,3.09227e+07,-1.68801e+06,1.68801e+06,1.25331e+07
0,0,0,6.16309e+08,0,3.09272e+07,-1.68687e+06,1.68687e+06,1.25331e+07
0,0,0,6.16309e+08,0,3.12555e+07,-1.68573e+06,1.68573e+06,1.25331e+07
0,0,0,6.16309e+08,0,3.10327e+07,-1.53847e+06,1.53847e+06,1.25331e+07
0,0,0,6.16309e+08,0,3.10372e+07,-1.53729e+06,1.53729e+06,1.25331e+07
0,0,0,6.16309e+08,0,3.10416e+07,-1.53612e+06,1.53612e+06,1.25331e+07
0,0,0,6.16309e+08,0,3.17325e+07,-1.53495e+06,1.53495e+06,1.25331e+07
0,0,0,6.16309e+08,0,3.15343e+07,-1.40343e+06,1.40343e+06,1.25331e+07
0,0,0,6.16309e+08,0,3.15389e+07,-1.40223e+06,1.40223e+06,1.25331e+07
0,0,0,6.16309e+08,0,3.15435e+07,-1.40103e+06,1.40103e+06,1.25331e+07
0,0,0,6.16309e+08,0,3.38263e+07,-1.39983e+06,1.39983e+06,1.25331e+07
0,0,0,6.16309e+08,0,3.30988e+07,-927747,927747,1.25331e+07
0,0,0,6.16309e+08,0,3.31037e+07,-926440,926440,1.25331e+07
0,0,0,6.16309e+08,0,3.31087e+07,-925133,925133,1.25331e+07
0,0,0,6.16309e+08,0,3.31136e+07,-923826,923826,1.25331e+07
0,0,0,6.16309e+08,0,3.18379e+07,-922519,922519,1.25331e+07
0,0,0,6.16309e+08,0,3.22877e+07,-1.20733e+06,1.20733e+06,1.25331e+07
0,0,0,6.16309e+08,0,3.22925e+07,-1.20609e+06,1.20609e+06,1.25331e+07
0,0,0,6.16309e+08,0,3.22972e+07,-1.20484e+06,1.20484e+06,1.25331e+07
0,0,0,6.16309e+08,0,3.11731e+07,-1.2036e+06,1.2036e+06,1.25331e+07
0,0,0,6.16309e+08,0,3.15832e+07,-1.46302e+06,1.46302e+06,1.25331e+07
0,0,0,6.16309e+08,0,3.15878e+07,-1.46183e+06,1.46183e+06,1.25331e+07
0,0,0,6.16309e+08,0,3.15924e+07,-1.46064e+06,1.46064e+06,1.25331e+07
0,0,0,6.16309e+08,0,2.89806e+07,-1.45945e+06,1.45945e+06,1.25331e+07
0,0,0,6.16309e+08,0,2.93709e+07,-1.70653e+06,1.70653e+06,1.25331e+07
0,0,0,6.16309e+08,0,2.93767e+07,-1.70653e+06,1.70653e+06,1.25331e+07
0,0,0,6.16309e+08,0,2.93826e+07,-1.70653e+06,1.70653e+06,1.25331e+07
0,0,0,6.16309e+08,0,2.93885e+07,-1.70653e+06,1.70653e+06,1.25331e+07
0,0,0,6.16309e+08,3.76709e+07,3.02466e+07,-1.70653e+06,1.70653e+06,1.25331e+07
0,0,0,6.16309e+08,0,3.02524e+07,-1.70653e+06,1.70653e+06,1.25331e+07
0,0,0,6.16309e+08,0,3.02582e+07,-1.70653e+06,1.70653e+06,1.25331e+07
0,0,0,6.16309e+08,0,3.0264e+07,-1.70653e+06,1.70653e+06,1.25331e+07
0,0,0,6.16309e+08,0,3.32657e+07,-1.70653e+06,1.70653e+06,1.25331e+07
0,0,0,6.16309e+08,0,3.25506e+07,-1.24277e+06,1.24277e+06,1.25331e+07
0,0,0,6.16309e+08,0,3.25552e+07,-1.24159e+06,1.24159e+06,1.25331e+07
0,0,0,6.16309e+08,0,3.25598e+07,-1.24041e+06,1.24041e+06,1.25331e+07
0,0,0,6.16309e+08,0,2.84373e+07,-1.23923e+06,1.23923e+06,1.25331e+07
0,0,0,6.16309e+08,0,2.91699e+07,-1.70653e+06,1.70653e+06,1.25331e+07
0,0,0,6.16309e+08,0,2.91755e+07,-1.70653e+06,1.70653e+06,1.25331e+07
0,0,0,6.16309e+08,0,2.91811e+07,-1.70653e+06,1.70653e+06,1.25331e+07
0,0,0,6.16309e+08,0,2.91866e+07,-1.70653e+06,1.70653e+06,1.25331e+07
0,0,0,6.16309e+08,0,3.02152e+07,-1.70653e+06,1.70653e+06,1.25331e+07
0,0,0,6.16309e+08,0,3.0221e+07,-1.70653e+06,1.70653e+06,1.25331e+07
0,0,0,6.16309e+08,0,3.02268e+07,-1.70653e+06,1.70653e+06,1.25331e+07
0,0,0,6.16309e+08,0,3.02326e+07,-1.70653e+06,1.70653e+06,1.25331e+07
0,0,0,6.16309e+08,0,2.98396e+07,-1.70653e+06,1.70653e+06,1.25331e+07
0,0,0,6.16309e+08,0,2.98453e+07,-1.70653e+06,1.70653e+06,1.25331e+07
0,0,0,6.16309e+08,0,2.9851e+07,-1.70653e+06,1.70653e+06,1.25331e+07
0,0,0,6.16309e+08,0,2.98567e+07,-1.70653e+06,1.70653e+06,1.25331e+07
0,0,0,6.16309e+08,0,3.12517e+07,-1.70653e+06,1.70653e+06,1.25331e+07
0,0,0,6.16309e+08,0,3.11416e+07,-1.63191e+06,1.63191e+06,1.25331e+07
0,0,0,6.16309e+08,0,3.11459e+07,-1.63081e+06,1.63081e+06,1.25331e+07
0,0,0,6.16309e+08,0,3.11502e+07,-1.62971e+06,1.62971e+06,1.25331e+07
0,0,0,6.16309e+08,0,3.11545e+07,-1.62861e+06,1.62861e+06,1.25331e+07
0,0,0,6.16309e+08,0,3.14863e+07,-1.62751e+06,1.62751e+06,1.25331e+07
0,0,0,6.16309e+08,0,3.12607e+07,-1.47865e+06,1.47865e+06,1.25331e+07
0,0,0,6.16309e+08,0,3.12651e+07,-1.47752e+06,1.47752e+06,1.25331e+07
0,0,0,6.16309e+08,0,3.12694e+07,-1.47639e+06,1.47639e+06,1.25331e+07
0,0,0,6.16309e+08,0,3.19677e+07,-1.47527e+06,1.47527e+06,1.25331e+07
0,0,0,6.16309e+08,0,3.17671e+07,-1.34234e+06,1.34234e+06,1.25331e+07
0,0,0,6.16309e+08,0,3.17716e+07,-1.34118e+06,1.34118e+06,1.25331e+07
0,0,0,6.16309e+08,0,3.1776e+07,-1.34002e+06,1.34002e+06,1.25331e+07
0,0,0,6.16309e+08,0,3.4084e+07,-1.33886e+06,1.33886e+06,1.25331e+07
0,0,0,6.16309e+08,0,3.33481e+07,-861582,861582,1.25331e+07
0,0,0,6.16309e+08,0,3.33529e+07,-860324,860324,1.25331e+07
0,0,0,6.16309e+08,0,3.33576e+07,-859066,859066,1.25331e+07
0,0,0,6.16309e+08,0,3.33624e+07,-857807,857807,1.25331e+07
0,0,0,6.16309e+08,0,3.20723e+07,-856548,856548,1.25331e+07
0,0,0,6.16309e+08,0,3.25269e+07,-1.14458e+06,1.14458e+06,1.25331e+07
0,0,0,6.16309e+08,0,3.25315e+07,-1.14338e+06,1.14338e+06,1.25331e+07
0,0,0,6.16309e+08,0,3.2536e+07,-1.14218e+06,1.14218e+06,1.25331e+07
0,0,0,6.16309e+08,0,3.13993e+07,-1.14098e+06,1.14098e+06,1.25331e+07
0,0,0,6.16309e+08,0,3.18136e+07,-1.40333e+06,1.40333e+06,1.25331e+07
0,0,0,6.16309e+08,0,3.18181e+07,-1.40219e+06,1.40219e+06,1.25331e+07
0,0,0,6.16309e+08,0,3.18225e+07,-1.40104e+06,1.40104e+06,1.25331e+07
0,0,0,6.16309e+08,0,2.91818e+07,-1.3999e+06,1.3999e+06,1.25331e+07
0,0,0,6.16309e+08,0,2.96645e+07,-1.70653e+06,1.70653e+06,1.25331e+07
0,0,0,6.16309e+08,0,2.96701e+07,-1.70653e+06,1.70653e+06,1.25331e+07
0,0,0,6.16309e+08,0,2.96758e+07,-1.70653e+06,1.70653e+06,1.25331e+07
0,0,0,6.16309e+08,0,2.96814e+07,-1.70653e+06,1.70653e+06,1.25331e+07
0,0,0,6.86408e+08,3.76709e+07,3.05487e+07,-1.70653e+06,1.70653e+06,1.25331e+07
0,0,0,6.86408e+08,0,3.05542e+07,-1.70653e+06,1.70653e+06,1.25331e+07
0,0,0,6.86408e+08,0,3.05598e+07,-1.70653e+06,1.70653e+06,1.25331e+07
0,0,0,6.86408e+08,0,3.05653e+07,-1.70653e+06,1.70653e+06,1.25331e+07
0,0,0,6.86408e+08,0,3.35995e+07,-1.70653e+06,1.70653e+06,1.25331e+07
0,0,0,6.86408e+08,0,3.27888e+07,-1.18143e+06,1.18143e+06,1.25331e+07
0,0,0,6.86408e+08,0,3.27932e+07,-1.1803e+06,1.1803e+06,1.25331e+07
0,0,0,6.86408e+08,0,3.27976e+07,-1.17916e+06,1.17916e+06,1.25331e+07
0,0,0,6.86408e+08,0,2.86301e+07,-1.17803e+06,1.17803e+06,1.25331e+07
0,0,0,6.86408e+08,0,2.94577e+07,-1.70653e+06,1.70653e+06,1.25331e+07
0,0,0,6.86408e+08,0,2.9463e+07,-1.70653e+06,1.70653e+06,1.25331e+07
0,0,0,6.86408e+08,0,2.94684e+07,-1.70653e+06,1.70653e+06,1.25331e+07
0,0,0,6.86408e+08,0,2.94737e+07,-1.70653e+06,1.70653e+06,1.25331e+07
0,0,0,6.86408e+08,0,3.05132e+07,-1.70653e+06,1.70653e+06,1.25331e+07
0,0,0,6.86408e+08,0,3.05187e+07,-1.70653e+06,1.70653e+06,1.25331e+07
0,0,0,6.86408e+08,0,3.05243e+07,-1.70653e+06,1.70653e+06,1.25331e+07
0,0,0,6.86408e+08,0,3.05298e+07,-1.70653e+06,1.70653e+06,1.25331e+07
0,0,0,6.86408e+08,0,3.01322e+07,-1.70653e+06,1.70653e+06,1.25331e+07
0,0,0,6.86408e+08,0,3.01377e+07,-1.70653e+06,1.70653e+06,1.25331e+07
0,0,0,6.86408e+08,0,3.01432e+07,-1.70653e+06,1.70653e+06,1.25331e+07
0,0,0,6.86408e+08,0,3.01487e+07,-1.70653e+06,1.70653e+06,1.25331e+07
0,0,0,6.86408e+08,0,3.15584e+07,-1.70653e+06,1.70653e+06,1.25331e+07
0,0,0,6.86408e+08,0,3.13607e+07,-1.57576e+06,1.57576e+06,1.25331e+07
0,0,0,6.86408e+08,0,3.13648e+07,-1.5747e+06,1.5747e+06,1.25331e+07
0,0,0,6.86408e+08,0,3.13689e+07,-1.57365e+06,1.57365e+06,1.25331e+07
0,0,0,6.86408e+08,0,3.13731e+07,-1.57259e+06,1.57259e+06,1.25331e+07
0,0,0,6.86408e+08,0,3.17082e+07,-1.57154e+06,1.57154e+06,1.25331e+07
0,0,0,6.86408e+08,0,3.148e+07,-1.42115e+06,1.42115e+06,1.25331e+07
0,0,0,6.86408e+08,0,3.14841e+07,-1.42006e+06,1.42006e+06,1.25331e+07
0,0,0,6.86408e+08,0,3.14883e+07,-1.41898e+06,1.41898e+06,1.25331e+07
0,0,0,6.86408e+08,0,3.21939e+07,-1.41789e+06,1.41789e+06,1.25331e+07
0,0,0,6.86408e+08,0,3.19909e+07,-1.28361e+06,1.28361e+06,1.25331e+07
0,0,0,6.86408e+08,0,3.19951e+07,-1.2825e+06,1.2825e+06,1.25331e+07
0,0,0,6.86408e+08,0,3.19994e+07,-1.28139e+06,1.28139e+06,1.25331e+07
0,0,0,6.86408e+08,0,3.43316e+07,-1.28027e+06,1.28027e+06,1.25331e+07
0,0,0,6.86408e+08,0,3.35877e+07,-798000,798000,1.25331e+07
0,0,0,6.86408e+08,0,3.35923e+07,-796793,796793,1.25331e+07
0,0,0,6.86408e+08,0,3.35968e+07,-795585,795585,1.25331e+07
0,0,0,6.86408e+08,0,3.36014e+07,-794377,794377,1.25331e+07
0,0,0,6.86408e+08,0,3.22975e+07,-793169,793169,1.25331e+07
0,0,0,6.86408e+08,0,3.27566e+07,-1.0843e+06,1.0843e+06,1.25331e+07
0,0,0,6.86408e+08,0,3.2761e+07,-1.08315e+06,1.08315e+06,1.25331e+07
0,0,0,6.86408e+08,0,3.27654e+07,-1.082e+06,1.082e+06,1.25331e+07
0,0,0,6.86408e+08,0,3.16165e+07,-1.08085e+06,1.08085e+06,1.25331e+07
0,0,0,6.86408e+08,0,3.2035e+07,-1.34601e+06,1.34601e+06,1.25331e+07
0,0,0,6.86408e+08,0,3.20392e+07,-1.34491e+06,1.34491e+06,1.25331e+07
0,0,0,6.86408e+08,0,3.20435e+07,-1.34381e+06,1.34381e+06,1.25331e+07
0,0,0,6.86408e+08,0,2.93749e+07,-1.34271e+06,1.34271e+06,1.25331e+07
0,0,0,6.86408e+08,0,2.99464e+07,-1.70653e+06,1.70653e+06,1.25331e+07
0,0,0,6.86408e+08,0,2.99518e+07,-1.70653e+06,1.70653e+06,1.25331e+07
0,0,0,6.86408e+08,0,2.99572e+07,-1.70653e+06,1.70653e+06,1.25331e+07
0,0,0,6.86408e+08,0,2.99627e+07,-1.70653e+06,1.70653e+06,1.25331e+07
0,0,0,6.86408e+08,3.76709e+07,3.08386e+07,-1.70653e+06,1.70653e+06,1.25331e+07
0,0,0,6.86408e+08,0,3.01778e+07,-2.37262e+06,2.37262e+06,1.25331e+07
0,0,0,6.86408e+08,0,2.75181e+07,-5.03763e+06,5.03763e+06,1.41736e+07
0,0,0,6.86408e+08,0,3.08546e+07,-1.70653e+06,1.70653e+06,1.25331e+07
0,0,0,6.86408e+08,0,3.39199e+07,-1.70653e+06,1.70653e+06,1.25331e+07
0,0,0,6.86408e+08,0,2.93226e+07,-4.81715e+06,4.81715e+06,1.41736e+07
0,0,0,6.86408e+08,0,2.93262e+07,-4.81677e+06,4.81677e+06,1.41736e+07
0,0,0,6.86408e+08,0,2.93297e+07,-4.81638e+06,4.81638e+06,1.41736e+07
0,0,0,6.86408e+08,0,2.56163e+07,-4.31801e+06,4.31801e+06,1.41736e+07
0,0,0,6.86408e+08,0,2.65344e+07,-4.90583e+06,4.90583e+06,1.41736e+07
0,0,0,6.86408e+08,0,2.65389e+07,-4.90643e+06,4.90643e+06,1.41736e+07
0,0,0,6.86408e+08,0,2.91038e+07,-2.34663e+06,2.34663e+06,1.25331e+07
0,0,0,6.86408e+08,0,2.65479e+07,-4.90764e+06,4.90764e+06,1.41736e+07
0,0,0,6.86408e+08,0,3.07989e+07,-1.70653e+06,1.70653e+06,1.25331e+07
0,0,0,6.86408e+08,0,3.08042e+07,-1.70653e+06,1.70653e+06,1.25331e+07
0,0,0,6.86408e+08,0,3.08095e+07,-1.70653e+06,1.70653e+06,1.25331e+07
0,0,0,6.86408e+08,0,3.08148e+07,-1.70653e+06,1.70653e+06,1.25331e+07
0,0,0,6.86408e+08,0,3.04129e+07,-1.70653e+06,1.70653e+06,1.25331e+07
0,0,0,6.86408e+08,0,3.04181e+07,-1.70653e+06,1.70653e+06,1.25331e+07
0,0,0,6.86408e+08,0,3.04233e+07,-1.70653e+06,1.70653e+06,1.25331e+07
0,0,0,6.86408e+08,0,3.04286e+07,-1.70653e+06,1.70653e+06,1.25331e+07
0,0,0,6.86408e+08,0,3.18524e+07,-1.70653e+06,1.70653e+06,1.25331e+07
0,0,0,6.86408e+08,0,3.15707e+07,-1.52193e+06,1.52193e+06,1.25331e+07
0,0,0,6.86408e+08,0,3.15746e+07,-1.52092e+06,1.52092e+06,1.25331e+07
0,0,0,6.86408e+08,0,3.15785e+07,-1.51992e+06,1.51992e+06,1.25331e+07
0,0,0,6.86408e+08,0,3.15825e+07,-1.51891e+06,1.51891e+06,1.25331e+07
0,0,0,6.86408e+08,0,3.19208e+07,-1.5179e+06,1.5179e+06,1.25331e+07
0,0,0,6.86408e+08,0,3.16901e+07,-1.36604e+06,1.36604e+06,1.25331e+07
0,0,0,6.86408e+08,0,3.1694e+07,-1.36501e+06,1.36501e+06,1.25331e+07
0,0,0,6.86408e+08,0,3.1698e+07,-1.36397e+06,1.36397e+06,1.25331e+07
0,0,0,6.86408e+08,0,3.24104e+07,-1.36293e+06,1.36293e+06,1.25331e+07
0,0,0,6.86408e+08,0,3.22052e+07,-1.22735e+06,1.22735e+06,1.25331e+07
0,0,0,6.86408e+08,0,3.22093e+07,-1.22629e+06,1.22629e+06,1.25331e+07
0,0,0,6.86408e+08,0,3.22133e+07,-1.22523e+06,1.22523e+06,1.25331e+07
0,0,0,6.86408e+08,0,3.45687e+07,-1.22416e+06,1.22416e+06,1.25331e+07
0,0,0,6.86408e+08,0,3.38171e+07,-737110,737110,1.25331e+07
0,0,0,6.86408e+08,0,3.38215e+07,-735954,735954,1.25331e+07
0,0,0,6.86408e+08,0,3.38258e+07,-734799,734799,1.25331e+07
0,0,0,6.86408e+08,0,3.38302e+07,-733644,733644,1.25331e+07
0,0,0,6.86408e+08,0,3.2513e+07,-732488,732488,1.25331e+07
0,0,0,6.86408e+08,0,3.29765e+07,-1.02659e+06,1.02659e+06,1.25331e+07
0,0,0,6.86408e+08,0,3.29807e+07,-1.02549e+06,1.02549e+06,1.25331e+07
0,0,0,6.86408e+08,0,3.29849e+07,-1.02439e+06,1.02439e+06,1.25331e+07
0,0,0,6.86408e+08,0,3.18243e+07,-1.02329e+06,1.02329e+06,1.25331e+07
0,0,0,6.86408e+08,0,3.22468e+07,-1.29114e+06,1.29114e+06,1.25331e+07
0,0,0,6.86408e+08,0,3.22508e+07,-1.29009e+06,1.29009e+06,1.25331e+07
0,0,0,6.86408e+08,0,3.22549e+07,-1.28904e+06,1.28904e+06,1.25331e+07
0,0,0,6.86408e+08,0,2.95597e+07,-1.28799e+06,1.28799e+06,1.25331e+07
0,0,0,6.86408e+08,0,3.02161e+07,-1.70653e+06,1.70653e+06,1.25331e+07
0,0,0,6.86408e+08,0,3.02213e+07,-1.70653e+06,1.70653e+06,1.25331e+07
0,0,0,6.86408e+08,0,3.02265e+07,-1.70653e+06,1.70653e+06,1.25331e+07
0,0,0,6.86408e+08,0,2.69735e+07,-4.96466e+06,4.96466e+06,1.41736e+07
0,0,0,6.86408e+08,0,2.77533e+07,-5.06914e+06,5.06914e+06,1.41736e+07
0,0,0,6.86408e+08,7.12046e+07,3.04076e+07,-2.35299e+06,2.35299e+06,1.25331e+07
0,0,0,6.86408e+08,0,2.77201e+07,-5.04323e+06,5.04323e+06,1.41736e+07
0,0,0,6.86408e+08,0,2.77231e+07,-5.04291e+06,5.04291e+06,1.41736e+07
0,0,0,6.86408e+08,0,3.04511e+07,-5.40766e+06,5.40766e+06,1.41736e+07
0,0,0,6.86408e+08,0,2.9505e+07,-4.79702e+06,4.79702e+06,1.41736e+07
0,0,0,6.86408e+08,0,2.95083e+07,-4.79665e+06,4.79665e+06,1.41736e+07
0,0,0,6.86408e+08,0,2.95117e+07,-4.79628e+06,4.79628e+06,1.41736e+07
0,0,0,6.86408e+08,0,2.57619e+07,-4.29307e+06,4.29307e+06,1.41736e+07
0,0,0,6.86408e+08,0,2.67671e+07,-4.93701e+06,4.93701e+06,1.41736e+07
0,0,0,6.86408e+08,0,2.67714e+07,-4.93759e+06,4.93759e+06,1.41736e+07
0,0,0,6.86408e+08,0,2.67757e+07,-4.93816e+06,4.93816e+06,1.41736e+07
0,0,0,6.86408e+08,0,2.678e+07,-4.93874e+06,4.93874e+06,1.41736e+07
0,0,0,6.86408e+08,0,2.77145e+07,-5.06394e+06,5.06394e+06,1.41736e+07
0,0,0,6.86408e+08,0,2.76726e+07,-5.0347e+06,5.0347e+06,1.41736e+07
0,0,0,6.86408e+08,0,3.10342e+07,-1.67576e+06,1.67576e+06,1.25331e+07
0,0,0,6.86408e+08,0,3.10378e+07,-1.67484e+06,1.67484e+06,1.25331e+07
0,0,0,6.86408e+08,0,3.06303e+07,-1.67391e+06,1.67391e+06,1.25331e+07
0,0,0,6.86408e+08,0,3.0686e+07,-1.70653e+06,1.70653e+06,1.25331e+07
0,0,0,6.86408e+08,0,3.0691e+07,-1.70653e+06,1.70653e+06,1.25331e+07
0,0,0,6.86408e+08,0,3.0696e+07,-1.70653e+06,1.70653e+06,1.25331e+07
0,0,0,6.86408e+08,0,3.21332e+07,-1.70653e+06,1.70653e+06,1.25331e+07
0,0,0,6.86408e+08,0,3.17713e+07,-1.47051e+06,1.47051e+06,1.25331e+07
0,0,0,6.86408e+08,0,3.1775e+07,-1.46955e+06,1.46955e+06,1.25331e+07
0,0,0,6.86408e+08,0,3.17788e+07,-1.46858e+06,1.46858e+06,1.25331e+07
0,0,0,6.86408e+08,0,3.17825e+07,-1.46762e+06,1.46762e+06,1.25331e+07
0,0,0,6.86408e+08,0,3.21238e+07,-1.46666e+06,1.46666e+06,1.25331e+07
0,0,0,6.86408e+08,0,3.18907e+07,-1.31341e+06,1.31341e+06,1.25331e+07
0,0,0,6.86408e+08,0,3.18945e+07,-1.31242e+06,1.31242e+06,1.25331e+07
0,0,0,6.86408e+08,0,3.18983e+07,-1.31143e+06,1.31143e+06,1.25331e+07
0,0,0,6.86408e+08,0,3.26173e+07,-1.31044e+06,1.31044e+06,1.25331e+07
0,0,0,6.86408e+08,0,3.24099e+07,-1.17362e+06,1.17362e+06,1.25331e+07
0,0,0,6.86408e+08,0,3.24138e+07,-1.17261e+06,1.17261e+06,1.25331e+07
0,0,0,6.86408e+08,0,3.24176e+07,-1.1716e+06,1.1716e+06,1.25331e+07
0,0,0,6.86408e+08,0,3.47951e+07,-1.17058e+06,1.17058e+06,1.25331e+07
0,0,0,6.86408e+08,0,3.40361e+07,-678970,678970,1.25331e+07
0,0,0,6.86408e+08,0,3.40403e+07,-677868,677868,1.25331e+07
0,0,0,6.86408e+08,0,3.40444e+07,-676766,676766,1.25331e+07
0,0,0,6.86408e+08,0,3.40486e+07,-675664,675664,1.25331e+07
0,0,0,6.86408e+08,0,3.27188e+07,-674562,674562,1.25331e+07
0,0,0,6.86408e+08,0,3.31864e+07,-971499,971499,1.25331e+07
0,0,0,6.86408e+08,0,3.31904e+07,-970449,970449,1.25331e+07
0,0,0,6.86408e+08,0,3.31944e+07,-969400,969400,1.25331e+07
0,0,0,6.86408e+08,0,3.20227e+07,-968349,968349,1.25331e+07
0,0,0,6.86408e+08,0,3.24489e+07,-1.23878e+06,1.23878e+06,1.25331e+07
0,0,0,6.86408e+08,0,3.24528e+07,-1.23778e+06,1.23778e+06,1.25331e+07
0,0,0,6.86408e+08,0,3.24567e+07,-1.23678e+06,1.23678e+06,1.25331e+07
0,0,0,6.86408e+08,0,2.97361e+07,-1.23578e+06,1.23578e+06,1.25331e+07
0,0,0,6.86408e+08,0,3.04734e+07,-1.70653e+06,1.70653e+06,1.25331e+07
0,0,0,6.86408e+08,0,3.04784e+07,-1.70653e+06,1.70653e+06,1.25331e+07
0,0,0,6.86408e+08,0,3.04833e+07,-1.70653e+06,1.70653e+06,1.25331e+07
0,0,0,6.86408e+08,0,3.04883e+07,-1.70653e+06,1.70653e+06,1.25331e+07
0,0,0,6.86408e+08,0,3.04883e+07,-1.70653e+06,1.70653e+06,1.25331e+07
0,0,0,6.94685e+08,7.12046e+07,3.13805e+07,-1.70653e+06,1.70653e+06,1.25331e+07
0,0,0,6.94685e+08,0,3.12696e+07,-1.63213e+06,1.63213e+06,1.25331e+07
0,0,0,6.94685e+08,0,3.1273e+07,-1.63125e+06,1.63125e+06,1.25331e+07
0,0,0,6.94685e+08,0,3.12765e+07,-1.63037e+06,1.63037e+06,1.25331e+07
0,0,0,6.94685e+08,0,3.43985e+07,-1.62949e+06,1.62949e+06,1.25331e+07
0,0,0,6.94685e+08,0,3.34441e+07,-1.01258e+06,1.01258e+06,1.25331e+07
0,0,0,6.94685e+08,0,3.34479e+07,-1.0116e+06,1.0116e+06,1.25331e+07
0,0,0,6.94685e+08,0,3.34517e+07,-1.01061e+06,1.01061e+06,1.25331e+07
0,0,0,6.94685e+08,0,2.91603e+07,-1.00963e+06,1.00963e+06,1.25331e+07
0,0,0,6.94685e+08,0,3.02492e+07,-1.70653e+06,1.70653e+06,1.25331e+07
0,0,0,6.94685e+08,0,3.02539e+07,-1.70653e+06,1.70653e+06,1.25331e+07
0,0,0,6.94685e+08,0,3.02585e+07,-1.70653e+06,1.70653e+06,1.25331e+07
0,0,0,6.94685e+08,0,3.02631e+07,-1.70653e+06,1.70653e+06,1.25331e+07
0,0,0,6.94685e+08,0,3.13323e+07,-1.70653e+06,1.70653e+06,1.25331e+07
0,0,0,6.94685e+08,0,3.12167e+07,-1.62913e+06,1.62913e+06,1.25331e+07
0,0,0,6.94685e+08,0,2.78308e+07,-5.01756e+06,5.01756e+06,1.41736e+07
0,0,0,6.94685e+08,0,2.78337e+07,-5.01725e+06,5.01725e+06,1.41736e+07
0,0,0,6.94685e+08,0,2.74707e+07,-4.96792e+06,4.96792e+06,1.41736e+07
0,0,0,6.94685e+08,0,2.7596e+07,-5.04632e+06,5.04632e+06,1.41736e+07
0,0,0,6.94685e+08,0,2.75988e+07,-5.04601e+06,5.04601e+06,1.41736e+07
0,0,0,6.94685e+08,0,3.09448e+07,-1.7026e+06,1.7026e+06,1.25331e+07
0,0,0,6.94685e+08,0,3.23934e+07,-1.70173e+06,1.70173e+06,1.25331e+07
0,0,0,6.94685e+08,0,2.84474e+07,-4.93652e+06,4.93652e+06,1.41736e+07
0,0,0,6.94685e+08,0,3.1966e+07,-1.42059e+06,1.42059e+06,1.25331e+07
0,0,0,6.94685e+08,0,3.19696e+07,-1.41968e+06,1.41968e+06,1.25331e+07
0,0,0,6.94685e+08,0,3.19731e+07,-1.41876e+06,1.41876e+06,1.25331e+07
0,0,0,6.94685e+08,0,3.23173e+07,-1.41784e+06,1.41784e+06,1.25331e+07
0,0,0,6.94685e+08,0,3.20818e+07,-1.26326e+06,1.26326e+06,1.25331e+07
0,0,0,6.94685e+08,0,3.20854e+07,-1.26232e+06,1.26232e+06,1.25331e+07
0,0,0,6.94685e+08,0,2.85296e+07,-4.82079e+06,4.82079e+06,1.41736e+07
0,0,0,6.94685e+08,0,3.28143e+07,-1.26044e+06,1.26044e+06,1.25331e+07
0,0,0,6.94685e+08,0,3.26048e+07,-1.12245e+06,1.12245e+06,1.25331e+07
0,0,0,6.94685e+08,0,3.26085e+07,-1.12149e+06,1.12149e+06,1.25331e+07
0,0,0,6.94685e+08,0,3.26122e+07,-1.12052e+06,1.12052e+06,1.25331e+07
0,0,0,6.94685e+08,0,3.50107e+07,-1.11956e+06,1.11956e+06,1.25331e+07
0,0,0,6.94685e+08,0,3.42447e+07,-623608,623608,1.25331e+07
0,0,0,6.94685e+08,0,3.42486e+07,-622560,622560,1.25331e+07
0,0,0,6.94685e+08,0,3.42526e+07,-621512,621512,1.25331e+07
0,0,0,6.94685e+08,0,3.42565e+07,-620463,620463,1.25331e+07
0,0,0,6.94685e+08,0,3.29147e+07,-619414,619414,1.25331e+07
0,0,0,6.94685e+08,0,2.96106e+07,-4.69465e+06,4.69465e+06,1.41736e+07
0,0,0,6.94685e+08,0,2.96138e+07,-4.69428e+06,4.69428e+06,1.41736e+07
0,0,0,6.94685e+08,0,2.9617e+07,-4.69392e+06,4.69392e+06,1.41736e+07
0,0,0,6.94685e+08,0,2.85742e+07,-4.55342e+06,4.55342e+06,1.41736e+07
0,0,0,6.94685e+08,0,2.90033e+07,-4.82692e+06,4.82692e+06,1.41736e+07
0,0,0,6.94685e+08,0,2.90064e+07,-4.82657e+06,4.82657e+06,1.41736e+07
0,0,0,6.94685e+08,0,2.90094e+07,-4.82623e+06,4.82623e+06,1.41736e+07
0,0,0,6.94685e+08,0,2.65888e+07,-4.50116e+06,4.50116e+06,1.41736e+07
0,0,0,6.94685e+08,0,2.74027e+07,-5.02216e+06,5.02216e+06,1.41736e+07
0,0,0,6.94685e+08,0,2.74068e+07,-5.02271e+06,5.02271e+06,1.41736e+07
0,0,0,6.94685e+08,0,2.7411e+07,-5.02327e+06,5.02327e+06,1.41736e+07
0,0,0,6.94685e+08,0,2.74151e+07,-5.02383e+06,5.02383e+06,1.41736e+07
0,0,0,6.94685e+08,7.92526e+07,2.82085e+07,-5.13013e+06,5.13013e+06,1.41736e+07
0,0,0,6.94685e+08,0,2.82126e+07,-5.13067e+06,5.13067e+06,1.41736e+07
0,0,0,6.94685e+08,0,2.82166e+07,-5.13121e+06,5.13121e+06,1.41736e+07
0,0,0,6.94685e+08,0,2.82207e+07,-5.13175e+06,5.13175e+06,1.41736e+07
0,0,0,6.94685e+08,0,3.09988e+07,-5.50396e+06,5.50396e+06,1.41736e+07
0,0,0,6.94685e+08,0,3.10033e+07,-5.50456e+06,5.50456e+06,1.41736e+07
0,0,0,6.94685e+08,0,3.10078e+07,-5.50516e+06,5.50516e+06,1.41736e+07
0,0,0,6.94685e+08,0,3.10122e+07,-5.50576e+06,5.50576e+06,1.41736e+07
0,0,0,6.94685e+08,0,2.71961e+07,-4.99448e+06,4.99448e+06,1.41736e+07
0,0,0,6.94685e+08,0,2.72e+07,-4.995e+06,4.995e+06,1.41736e+07
0,0,0,6.94685e+08,0,2.72039e+07,-4.99552e+06,4.99552e+06,1.41736e+07
0,0,0,6.94685e+08,0,2.72077e+07,-4.99604e+06,4.99604e+06,1.41736e+07
0,0,0,6.94685e+08,0,2.72116e+07,-4.99656e+06,4.99656e+06,1.41736e+07
0,0,0,6.94685e+08,0,2.81623e+07,-5.12394e+06,5.12394e+06,1.41736e+07
0,0,0,6.94685e+08,0,2.81664e+07,-5.12448e+06,5.12448e+06,1.41736e+07
0,0,0,6.94685e+08,0,2.81704e+07,-5.12502e+06,5.12502e+06,1.41736e+07
0,0,0,6.94685e+08,0,2.81744e+07,-5.12556e+06,5.12556e+06,1.41736e+07
0,0,0,6.94685e+08,0,2.78094e+07,-5.07665e+06,5.07665e+06,1.41736e+07
0,0,0,6.94685e+08,0,2.78134e+07,-5.07719e+06,5.07719e+06,1.41736e+07
0,0,0,6.94685e+08,0,2.78174e+07,-5.07772e+06,5.07772e+06,1.41736e+07
0,0,0,6.94685e+08,0,2.78213e+07,-5.07825e+06,5.07825e+06,1.41736e+07
0,0,0,6.94685e+08,0,3.26551e+07,-1.70653e+06,1.70653e+06,1.25331e+07
0,0,0,6.94685e+08,0,3.26599e+07,-1.70653e+06,1.70653e+06,1.25331e+07
0,0,0,6.94685e+08,0,3.26646e+07,-1.70653e+06,1.70653e+06,1.25331e+07
0,0,0,6.94685e+08,0,3.26693e+07,-1.70653e+06,1.70653e+06,1.25331e+07
0,0,0,6.94685e+08,0,3.26741e+07,-1.70653e+06,1.70653e+06,1.25331e+07
0,0,0,6.94685e+08,0,3.30223e+07,-1.70653e+06,1.70653e+06,1.25331e+07
0,0,0,6.94685e+08,0,3.30271e+07,-1.70653e+06,1.70653e+06,1.25331e+07
0,0,0,6.94685e+08,0,3.30319e+07,-1.70653e+06,1.70653e+06,1.25331e+07
0,0,0,6.94685e+08,0,3.30367e+07,-1.70653e+06,1.70653e+06,1.25331e+07
0,0,0,6.94685e+08,0,3.37692e+07,-1.70653e+06,1.70653e+06,1.25331e+07
0,0,0,6.94685e+08,0,3.37742e+07,-1.70653e+06,1.70653e+06,1.25331e+07
0,0,0,6.94685e+08,0,3.37791e+07,-1.70653e+06,1.70653e+06,1.25331e+07
0,0,0,6.94685e+08,0,3.3784e+07,-1.70653e+06,1.70653e+06,1.25331e+07
0,0,0,6.94685e+08,0,3.62039e+07,-1.70653e+06,1.70653e+06,1.25331e+07
0,0,0,6.94685e+08,0,3.60224e+07,-1.58644e+06,1.58644e+06,1.25331e+07
0,0,0,6.94685e+08,0,3.60261e+07,-1.58545e+06,1.58545e+06,1.25331e+07
0,0,0,6.94685e+08,0,3.60299e+07,-1.58445e+06,1.58445e+06,1.25331e+07
0,0,0,6.94685e+08,0,3.60336e+07,-1.58346e+06,1.58346e+06,1.25331e+07
0,0,0,6.94685e+08,0,3.46803e+07,-1.58246e+06,1.58246e+06,1.25331e+07
0,0,0,6.94685e+08,0,3.48784e+07,-1.70653e+06,1.70653e+06,1.25331e+07
0,0,0,6.94685e+08,0,3.48835e+07,-1.70653e+06,1.70653e+06,1.25331e+07
0,0,0,6.94685e+08,0,3.48886e+07,-1.70653e+06,1.70653e+06,1.25331e+07
0,0,0,6.94685e+08,0,3.36977e+07,-1.70653e+06,1.70653e+06,1.25331e+07
0,0,0,6.94685e+08,0,3.37026e+07,-1.70653e+06,1.70653e+06,1.25331e+07
0,0,0,6.94685e+08,0,3.37075e+07,-1.70653e+06,1.70653e+06,1.25331e+07
0,0,0,6.94685e+08,0,3.37124e+07,-1.70653e+06,1.70653e+06,1.25331e+07
0,0,0,6.94685e+08,0,3.0946e+07,-1.70653e+06,1.70653e+06,1.25331e+07
0,0,0,6.94685e+08,0,3.09505e+07,-1.70653e+06,1.70653e+06,1.25331e+07
0,0,0,6.94685e+08,0,3.0955e+07,-1.70653e+06,1.70653e+06,1.25331e+07
0,0,0,6.94685e+08,0,3.09594e+07,-1.70653e+06,1.70653e+06,1.25331e+07
0,0,0,6.94685e+08,0,3.09639e+07,-1.70653e+06,1.70653e+06,1.25331e+07
0,0,0,6.94685e+08,7.92526e+07,3.18707e+07,-1.70653e+06,1.70653e+06,1.25331e+07
0,0,0,6.94685e+08,0,3.18751e+07,-1.70653e+06,1.70653e+06,1.25331e+07
0,0,0,6.94685e+08,0,3.18794e+07,-1.70653e+06,1.70653e+06,1.25331e+07
0,0,0,6.94685e+08,0,3.18837e+07,-1.70653e+06,1.70653e+06,1.25331e+07
0,0,0,6.94685e+08,0,3.50596e+07,-1.70653e+06,1.70653e+06,1.25331e+07
0,0,0,6.94685e+08,0,3.50644e+07,-1.70653e+06,1.70653e+06,1.25331e+07
0,0,0,6.94685e+08,0,3.50692e+07,-1.70653e+06,1.70653e+06,1.25331e+07
0,0,0,6.94685e+08,0,3.50739e+07,-1.70653e+06,1.70653e+06,1.25331e+07
0,0,0,6.94685e+08,0,3.07109e+07,-1.70653e+06,1.70653e+06,1.25331e+07
0,0,0,6.94685e+08,0,3.07151e+07,-1.70653e+06,1.70653e+06,1.25331e+07
0,0,0,6.94685e+08,0,3.07192e+07,-1.70653e+06,1.70653e+06,1.25331e+07
0,0,0,6.94685e+08,0,3.07234e+07,-1.70653e+06,1.70653e+06,1.25331e+07
0,0,0,6.94685e+08,0,3.07275e+07,-1.70653e+06,1.70653e+06,1.25331e+07
0,0,0,6.94685e+08,0,3.11251e+07,-2.39555e+06,2.39555e+06,1.25331e+07
0,0,0,6.94685e+08,0,2.83728e+07,-5.15213e+06,5.15213e+06,1.41736e+07
0,0,0,6.94685e+08,0,2.83766e+07,-5.15264e+06,5.15264e+06,1.41736e+07
0,0,0,6.94685e+08,0,3.1827e+07,-1.70653e+06,1.70653e+06,1.25331e+07
0,0,0,6.94685e+08,0,3.14095e+07,-1.70653e+06,1.70653e+06,1.25331e+07
0,0,0,6.94685e+08,0,3.14137e+07,-1.70653e+06,1.70653e+06,1.25331e+07
0,0,0,6.94685e+08,0,3.1418e+07,-1.70653e+06,1.70653e+06,1.25331e+07
0,0,0,6.94685e+08,0,3.14222e+07,-1.70653e+06,1.70653e+06,1.25331e+07
0,0,0,6.94685e+08,0,3.28957e+07,-1.70653e+06,1.70653e+06,1.25331e+07
0,0,0,6.94685e+08,0,3.29002e+07,-1.70653e+06,1.70653e+06,1.25331e+07
0,0,0,6.94685e+08,0,3.29047e+07,-1.70653e+06,1.70653e+06,1.25331e+07
0,0,0,6.94685e+08,0,3.29091e+07,-1.70653e+06,1.70653e+06,1.25331e+07
0,0,0,6.94685e+08,0,3.29136e+07,-1.70653e+06,1.70653e+06,1.25331e+07
0,0,0,6.94685e+08,0,3.32643e+07,-1.70653e+06,1.70653e+06,1.25331e+07
0,0,0,6.94685e+08,0,3.32688e+07,-1.70653e+06,1.70653e+06,1.25331e+07
0,0,0,6.94685e+08,0,3.32733e+07,-1.70653e+06,1.70653e+06,1.25331e+07
0,0,0,6.94685e+08,0,3.32779e+07,-1.70653e+06,1.70653e+06,1.25331e+07
0,0,0,6.94685e+08,0,3.40159e+07,-1.70653e+06,1.70653e+06,1.25331e+07
0,0,0,6.94685e+08,0,3.40206e+07,-1.70653e+06,1.70653e+06,1.25331e+07
0,0,0,6.94685e+08,0,3.40252e+07,-1.70653e+06,1.70653e+06,1.25331e+07
0,0,0,6.94685e+08,0,3.40298e+07,-1.70653e+06,1.70653e+06,1.25331e+07
0,0,0,6.94685e+08,0,3.64686e+07,-1.70653e+06,1.70653e+06,1.25331e+07
0,0,0,6.94685e+08,0,3.62094e+07,-1.53677e+06,1.53677e+06,1.25331e+07
0,0,0,6.94685e+08,0,3.6213e+07,-1.53583e+06,1.53583e+06,1.25331e+07
0,0,0,6.94685e+08,0,3.62165e+07,-1.5349e+06,1.5349e+06,1.25331e+07
0,0,0,6.94685e+08,0,3.62201e+07,-1.53396e+06,1.53396e+06,1.25331e+07
0,0,0,6.94685e+08,0,3.48559e+07,-1.53302e+06,1.53302e+06,1.25331e+07
0,0,0,6.94685e+08,0,3.51306e+07,-1.70653e+06,1.70653e+06,1.25331e+07
0,0,0,6.94685e+08,0,3.51354e+07,-1.70653e+06,1.70653e+06,1.25331e+07
0,0,0,6.94685e+08,0,3.51402e+07,-1.70653e+06,1.70653e+06,1.25331e+07
0,0,0,6.94685e+08,0,3.39397e+07,-1.70653e+06,1.70653e+06,1.25331e+07
0,0,0,6.94685e+08,0,3.39443e+07,-1.70653e+06,1.70653e+06,1.25331e+07
0,0,0,6.94685e+08,0,3.39489e+07,-1.70653e+06,1.70653e+06,1.25331e+07
0,0,0,6.94685e+08,0,3.39536e+07,-1.70653e+06,1.70653e+06,1.25331e+07
0,0,0,6.94685e+08,0,3.11655e+07,-1.70653e+06,1.70653e+06,1.25331e+07
0,0,0,6.94685e+08,0,3.11697e+07,-1.70653e+06,1.70653e+06,1.25331e+07
0,0,0,6.94685e+08,0,3.11739e+07,-1.70653e+06,1.70653e+06,1.25331e+07
0,0,0,6.94685e+08,0,3.11781e+07,-1.70653e+06,1.70653e+06,1.25331e+07
0,0,0,6.94685e+08,0,3.11823e+07,-1.70653e+06,1.70653e+06,1.25331e+07
0,0,0,6.94685e+08,7.92526e+07,3.20959e+07,-1.70653e+06,1.70653e+06,1.25331e+07
0,0,0,6.94685e+08,0,3.20999e+07,-1.70653e+06,1.70653e+06,1.25331e+07
0,0,0,6.94685e+08,0,3.2104e+07,-1.70653e+06,1.70653e+06,1.25331e+07
0,0,0,6.94685e+08,0,3.2108e+07,-1.70653e+06,1.70653e+06,1.25331e+07
0,0,0,6.94685e+08,0,3.5308e+07,-1.70653e+06,1.70653e+06,1.25331e+07
0,0,0,6.94685e+08,0,3.53125e+07,-1.70653e+06,1.70653e+06,1.25331e+07
0,0,0,6.94685e+08,0,3.5317e+07,-1.70653e+06,1.70653e+06,1.25331e+07
0,0,0,6.94685e+08,0,3.53215e+07,-1.70653e+06,1.70653e+06,1.25331e+07
0,0,0,6.94685e+08,0,3.09249e+07,-1.70653e+06,1.70653e+06,1.25331e+07
0,0,0,6.94685e+08,0,3.09288e+07,-1.70653e+06,1.70653e+06,1.25331e+07
0,0,0,6.94685e+08,0,3.09327e+07,-1.70653e+06,1.70653e+06,1.25331e+07
0,0,0,6.94685e+08,0,3.09366e+07,-1.70653e+06,1.70653e+06,1.25331e+07
0,0,0,6.94685e+08,0,3.02721e+07,-2.3749e+06,2.3749e+06,1.25331e+07
0,0,0,6.94685e+08,0,2.85638e+07,-5.17772e+06,5.17772e+06,1.41736e+07
0,0,0,6.94685e+08,0,2.85673e+07,-5.1782e+06,5.1782e+06,1.41736e+07
0,0,0,6.94685e+08,0,2.85709e+07,-5.17868e+06,5.17868e+06,1.41736e+07
0,0,0,6.94685e+08,0,2.85745e+07,-5.17916e+06,5.17916e+06,1.41736e+07
0,0,0,6.94685e+08,0,3.09416e+07,-2.39111e+06,2.39111e+06,1.25331e+07
0,0,0,6.94685e+08,0,2.82068e+07,-5.12989e+06,5.12989e+06,1.41736e+07
0,0,0,6.94685e+08,0,3.16341e+07,-1.70653e+06,1.70653e+06,1.25331e+07
0,0,0,6.94685e+08,0,3.16381e+07,-1.70653e+06,1.70653e+06,1.25331e+07
0,0,0,6.94685e+08,0,3.31224e+07,-1.70653e+06,1.70653e+06,1.25331e+07
0,0,0,6.94685e+08,0,3.31266e+07,-1.70653e+06,1.70653e+06,1.25331e+07
0,0,0,6.94685e+08,0,3.31308e+07,-1.70653e+06,1.70653e+06,1.25331e+07
0,0,0,6.94685e+08,0,3.3135e+07,-1.70653e+06,1.70653e+06,1.25331e+07
0,0,0,6.94685e+08,0,3.31392e+07,-1.70653e+06,1.70653e+06,1.25331e+07
0,0,0,6.94685e+08,0,3.34922e+07,-1.70653e+06,1.70653e+06,1.25331e+07
0,0,0,6.94685e+08,0,3.34964e+07,-1.70653e+06,1.70653e+06,1.25331e+07
0,0,0,6.94685e+08,0,3.35007e+07,-1.70653e+06,1.70653e+06,1.25331e+07
0,0,0,6.94685e+08,0,3.35049e+07,-1.70653e+06,1.70653e+06,1.25331e+07
0,0,0,6.94685e+08,0,3.42482e+07,-1.70653e+06,1.70653e+06,1.25331e+07
0,0,0,6.94685e+08,0,3.42525e+07,-1.70653e+06,1.70653e+06,1.25331e+07
0,0,0,6.94685e+08,0,3.42569e+07,-1.70653e+06,1.70653e+06,1.25331e+07
0,0,0,6.94685e+08,0,3.42612e+07,-1.70653e+06,1.70653e+06,1.25331e+07
0,0,0,6.94685e+08,0,3.67176e+07,-1.70653e+06,1.70653e+06,1.25331e+07
0,0,0,6.94685e+08,0,3.63854e+07,-1.49003e+06,1.49003e+06,1.25331e+07
0,0,0,6.94685e+08,0,3.63888e+07,-1.48915e+06,1.48915e+06,1.25331e+07
0,0,0,6.94685e+08,0,3.63921e+07,-1.48827e+06,1.48827e+06,1.25331e+07
0,0,0,6.94685e+08,0,3.63954e+07,-1.48739e+06,1.48739e+06,1.25331e+07
0,0,0,6.94685e+08,0,3.5021e+07,-1.48651e+06,1.48651e+06,1.25331e+07
0,0,0,6.94685e+08,0,3.53678e+07,-1.70653e+06,1.70653e+06,1.25331e+07
0,0,0,6.94685e+08,0,3.53723e+07,-1.70653e+06,1.70653e+06,1.25331e+07
0,0,0,6.94685e+08,0,3.53768e+07,-1.70653e+06,1.70653e+06,1.25331e+07
0,0,0,6.94685e+08,0,3.41673e+07,-1.70653e+06,1.70653e+06,1.25331e+07
0,0,0,6.94685e+08,0,3.41716e+07,-1.70653e+06,1.70653e+06,1.25331e+07
0,0,0,6.94685e+08,0,3.41759e+07,-1.70653e+06,1.70653e+06,1.25331e+07
0,0,0,6.94685e+08,0,3.41803e+07,-1.70653e+06,1.70653e+06,1.25331e+07
0,0,0,6.94685e+08,0,3.13717e+07,-1.70653e+06,1.70653e+06,1.25331e+07
0,0,0,6.94685e+08,0,3.13757e+07,-1.70653e+06,1.70653e+06,1.25331e+07
0,0,0,6.94685e+08,0,3.13796e+07,-1.70653e+06,1.70653e+06,1.25331e+07
0,0,0,6.94685e+08,0,3.13836e+07,-1.70653e+06,1.70653e+06,1.25331e+07
0,0,0,6.94685e+08,0,3.13875e+07,-1.70653e+06,1.70653e+06,1.25331e+07
0,0,0,6.94685e+08,0,3.23074e+07,-1.70653e+06,1.70653e+06,1.25331e+07
0,0,0,6.94685e+08,8.04808e+06,3.23112e+07,-1.70653e+06,1.70653e+06,1.25331e+07
0,0,0,6.94685e+08,0,3.2315e+07,-1.70653e+06,1.70653e+06,1.25331e+07
0,0,0,6.94685e+08,0,3.23188e+07,-1.70653e+06,1.70653e+06,1.25331e+07
0,0,0,6.94685e+08,0,3.55413e+07,-1.70653e+06,1.70653e+06,1.25331e+07
0,0,0,6.94685e+08,0,3.55455e+07,-1.70653e+06,1.70653e+06,1.25331e+07
0,0,0,6.94685e+08,0,3.55497e+07,-1.70653e+06,1.70653e+06,1.25331e+07
0,0,0,6.94685e+08,0,3.5554e+07,-1.70653e+06,1.70653e+06,1.25331e+07
0,0,0,6.94685e+08,0,3.11258e+07,-1.70653e+06,1.70653e+06,1.25331e+07
0,0,0,6.94685e+08,0,3.11294e+07,-1.70653e+06,1.70653e+06,1.25331e+07
0,0,0,6.94685e+08,0,3.11331e+07,-1.70653e+06,1.70653e+06,1.25331e+07
0,0,0,6.94685e+08,0,3.11367e+07,-1.70653e+06,1.70653e+06,1.25331e+07
0,0,0,6.94685e+08,0,2.77749e+07,-5.07203e+06,5.07203e+06,1.41736e+07
0,0,0,6.94685e+08,0,2.87466e+07,-5.20222e+06,5.20222e+06,1.41736e+07
0,0,0,6.94685e+08,0,2.875e+07,-5.20267e+06,5.20267e+06,1.41736e+07
0,0,0,6.94685e+08,0,2.87533e+07,-5.20312e+06,5.20312e+06,1.41736e+07
0,0,0,6.94685e+08,0,2.87567e+07,-5.20357e+06,5.20357e+06,1.41736e+07
0,0,0,6.94685e+08,0,2.83826e+07,-5.15345e+06,5.15345e+06,1.41736e+07
0,0,0,6.94685e+08,0,2.83859e+07,-5.15389e+06,5.15389e+06,1.41736e+07
0,0,0,6.94685e+08,0,2.83892e+07,-5.15433e+06,5.15433e+06,1.41736e+07
0,0,0,6.94685e+08,0,3.18407e+07,-1.70653e+06,1.70653e+06,1.25331e+07
0,0,0,6.94685e+08,0,3.33351e+07,-1.70653e+06,1.70653e+06,1.25331e+07
0,0,0,6.94685e+08,0,3.3339e+07,-1.70653e+06,1.70653e+06,1.25331e+07
0,0,0,6.94685e+08,0,3.3343e+07,-1.70653e+06,1.70653e+06,1.25331e+07
0,0,0,6.94685e+08,0,3.33469e+07,-1.70653e+06,1.70653e+06,1.25331e+07
0,0,0,6.94685e+08,0,3.33508e+07,-1.70653e+06,1.70653e+06,1.25331e+07
0,0,0,6.94685e+08,0,3.3706e+07,-1.70653e+06,1.70653e+06,1.25331e+07
0,0,0,6.94685e+08,0,3.371e+07,-1.70653e+06,1.70653e+06,1.25331e+07
0,0,0,6.94685e+08,0,3.37139e+07,-1.70653e+06,1.70653e+06,1.25331e+07
0,0,0,6.94685e+08,0,3.37179e+07,-1.70653e+06,1.70653e+06,1.25331e+07
0,0,0,6.94685e+08,0,3.4466e+07,-1.70653e+06,1.70653e+06,1.25331e+07
0,0,0,6.94685e+08,0,3.44701e+07,-1.70653e+06,1.70653e+06,1.25331e+07
0,0,0,6.94685e+08,0,3.44741e+07,-1.70653e+06,1.70653e+06,1.25331e+07
0,0,0,6.94685e+08,0,3.44782e+07,-1.70653e+06,1.70653e+06,1.25331e+07
0,0,0,6.94685e+08,0,3.69511e+07,-1.70653e+06,1.70653e+06,1.25331e+07
0,0,0,6.94685e+08,0,3.65505e+07,-1.4462e+06,1.4462e+06,1.25331e+07
0,0,0,6.94685e+08,0,3.65536e+07,-1.44538e+06,1.44538e+06,1.25331e+07
0,0,0,6.94685e+08,0,3.65567e+07,-1.44455e+06,1.44455e+06,1.25331e+07
0,0,0,6.94685e+08,0,3.65598e+07,-1.44373e+06,1.44373e+06,1.25331e+07
0,0,0,6.94685e+08,0,3.51758e+07,-1.4429e+06,1.4429e+06,1.25331e+07
0,0,0,6.94685e+08,0,3.55902e+07,-1.70653e+06,1.70653e+06,1.25331e+07
0,0,0,6.94685e+08,0,3.55944e+07,-1.70653e+06,1.70653e+06,1.25331e+07
0,0,0,6.94685e+08,0,3.55987e+07,-1.70653e+06,1.70653e+06,1.25331e+07
0,0,0,6.94685e+08,0,3.43806e+07,-1.70653e+06,1.70653e+06,1.25331e+07
0,0,0,6.94685e+08,0,3.43846e+07,-1.70653e+06,1.70653e+06,1.25331e+07
0,0,0,6.94685e+08,0,3.43887e+07,-1.70653e+06,1.70653e+06,1.25331e+07
0,0,0,6.94685e+08,0,3.43928e+07,-1.70653e+06,1.70653e+06,1.25331e+07
0,0,0,6.94685e+08,0,3.1565e+07,-1.70653e+06,1.70653e+06,1.25331e+07
0,0,0,6.94685e+08,0,3.15687e+07,-1.70653e+06,1.70653e+06,1.25331e+07
0,0,0,6.94685e+08,0,3.15724e+07,-1.70653e+06,1.70653e+06,1.25331e+07
0,0,0,6.94685e+08,0,3.15761e+07,-1.70653e+06,1.70653e+06,1.25331e+07
0,0,0,6.94685e+08,0,3.15798e+07,-1.70653e+06,1.70653e+06,1.25331e+07
0,0,0,6.94685e+08,0,3.25055e+07,-1.70653e+06,1.70653e+06,1.25331e+07
0,0,0,6.94685e+08,1.00601e+06,3.25091e+07,-1.70653e+06,1.70653e+06,1.25331e+07
0,0,0,6.94685e+08,0,3.25126e+07,-1.70653e+06,1.70653e+06,1.25331e+07
0,0,0,6.94685e+08,0,3.25162e+07,-1.70653e+06,1.70653e+06,1.25331e+07
0,0,0,6.94685e+08,0,3.57598e+07,-1.70653e+06,1.70653e+06,1.25331e+07
0,0,0,6.94685e+08,0,3.57638e+07,-1.70653e+06,1.70653e+06,1.25331e+07
0,0,0,6.94685e+08,0,3.57677e+07,-1.70653e+06,1.70653e+06,1.25331e+07
0,0,0,6.94685e+08,0,3.57716e+07,-1.70653e+06,1.70653e+06,1.25331e+07
0,0,0,6.94685e+08,0,3.13139e+07,-1.70653e+06,1.70653e+06,1.25331e+07
0,0,0,6.94685e+08,0,3.13173e+07,-1.70653e+06,1.70653e+06,1.25331e+07
0,0,0,6.94685e+08,0,3.13207e+07,-1.70653e+06,1.70653e+06,1.25331e+07
0,0,0,6.94685e+08,0,3.13241e+07,-1.70653e+06,1.70653e+06,1.25331e+07
0,0,0,6.94685e+08,0,3.13275e+07,-1.70653e+06,1.70653e+06,1.25331e+07
0,0,0,6.94685e+08,0,3.24364e+07,-1.70653e+06,1.70653e+06,1.25331e+07
0,0,0,6.94685e+08,0,3.244e+07,-1.70653e+06,1.70653e+06,1.25331e+07
0,0,0,6.94685e+08,0,3.24435e+07,-1.70653e+06,1.70653e+06,1.25331e+07
0,0,0,6.94685e+08,0,3.24471e+07,-1.70653e+06,1.70653e+06,1.25331e+07
0,0,0,6.94685e+08,0,3.20198e+07,-1.70653e+06,1.70653e+06,1.25331e+07
0,0,0,6.94685e+08,0,3.20233e+07,-1.70653e+06,1.70653e+06,1.25331e+07
0,0,0,6.94685e+08,0,3.20268e+07,-1.70653e+06,1.70653e+06,1.25331e+07
0,0,0,6.94685e+08,0,3.20303e+07,-1.70653e+06,1.70653e+06,1.25331e+07
0,0,0,6.94685e+08,0,3.35341e+07,-1.70653e+06,1.70653e+06,1.25331e+07
0,0,0,6.94685e+08,0,3.35377e+07,-1.70653e+06,1.70653e+06,1.25331e+07
0,0,0,6.94685e+08,0,3.35414e+07,-1.70653e+06,1.70653e+06,1.25331e+07
0,0,0,6.94685e+08,0,3.35451e+07,-1.70653e+06,1.70653e+06,1.25331e+07
0,0,0,6.94685e+08,0,3.35488e+07,-1.70653e+06,1.70653e+06,1.25331e+07
0,0,0,6.94685e+08,0,3.39059e+07,-1.70653e+06,1.70653e+06,1.25331e+07
0,0,0,6.94685e+08,0,3.39096e+07,-1.70653e+06,1.70653e+06,1.25331e+07
0,0,0,6.94685e+08,0,3.39133e+07,-1.70653e+06,1.70653e+06,1.25331e+07
0,0,0,6.94685e+08,0,3.39171e+07,-1.70653e+06,1.70653e+06,1.25331e+07
0,0,0,6.94685e+08,0,3.46696e+07,-1.70653e+06,1.70653e+06,1.25331e+07
0,0,0,6.94685e+08,0,3.46734e+07,-1.70653e+06,1.70653e+06,1.25331e+07
0,0,0,6.94685e+08,0,3.46772e+07,-1.70653e+06,1.70653e+06,1.25331e+07
0,0,0,6.94685e+08,0,3.4681e+07,-1.70653e+06,1.70653e+06,1.25331e+07
0,0,0,6.94685e+08,0,3.71694e+07,-1.70653e+06,1.70653e+06,1.25331e+07
0,0,0,6.94685e+08,0,3.67047e+07,-1.40524e+06,1.40524e+06,1.25331e+07
0,0,0,6.94685e+08,0,3.67076e+07,-1.40447e+06,1.40447e+06,1.25331e+07
0,0,0,6.94685e+08,0,3.67105e+07,-1.4037e+06,1.4037e+06,1.25331e+07
0,0,0,6.94685e+08,0,3.67134e+07,-1.40293e+06,1.40293e+06,1.25331e+07
0,0,0,6.94685e+08,0,3.53205e+07,-1.40216e+06,1.40216e+06,1.25331e+07
0,0,0,6.94685e+08,0,3.5798e+07,-1.70653e+06,1.70653e+06,1.25331e+07
0,0,0,6.94685e+08,0,3.58019e+07,-1.70653e+06,1.70653e+06,1.25331e+07
0,0,0,6.94685e+08,0,3.58058e+07,-1.70653e+06,1.70653e+06,1.25331e+07
0,0,0,6.94685e+08,0,3.45798e+07,-1.70653e+06,1.70653e+06,1.25331e+07
0,0,0,6.94685e+08,0,3.45836e+07,-1.70653e+06,1.70653e+06,1.25331e+07
0,0,0,6.94685e+08,0,3.45874e+07,-1.70653e+06,1.70653e+06,1.25331e+07
0,0,0,6.94685e+08,0,3.38365e+07,-2.46117e+06,2.46117e+06,1.25331e+07
0,0,0,6.94685e+08,0,2.83085e+07,-5.14352e+06,5.14352e+06,1.41736e+07
0,0,0,6.94685e+08,0,2.83115e+07,-5.14392e+06,5.14392e+06,1.41736e+07
0,0,0,6.94685e+08,0,2.83146e+07,-5.14433e+06,5.14433e+06,1.41736e+07
0,0,0,6.94685e+08,0,2.83176e+07,-5.14474e+06,5.14474e+06,1.41736e+07
0,0,0,6.94685e+08,0,2.83207e+07,-5.14515e+06,5.14515e+06,1.41736e+07
0,0,0,6.94685e+08,0,2.83207e+07,-5.14515e+06,5.14515e+06,1.41736e+07
0,0,0,6.94685e+08,1.00601e+06,2.91418e+07,-5.25517e+06,5.25517e+06,1.41736e+07
0,0,0,6.94685e+08,0,2.91447e+07,-5.25556e+06,5.25556e+06,1.41736e+07
0,0,0,6.94685e+08,0,2.91477e+07,-5.25595e+06,5.25595e+06,1.41736e+07
0,0,0,6.94685e+08,0,2.91506e+07,-5.25634e+06,5.25634e+06,1.41736e+07
0,0,0,6.94685e+08,0,3.20283e+07,-5.6419e+06,5.6419e+06,1.41736e+07
0,0,0,6.94685e+08,0,3.20316e+07,-5.64233e+06,5.64233e+06,1.41736e+07
0,0,0,6.94685e+08,0,3.20348e+07,-5.64276e+06,5.64276e+06,1.41736e+07
0,0,0,6.94685e+08,0,3.2038e+07,-5.64319e+06,5.64319e+06,1.41736e+07
0,0,0,6.94685e+08,0,2.80826e+07,-5.11326e+06,5.11326e+06,1.41736e+07
0,0,0,6.94685e+08,0,2.80854e+07,-5.11363e+06,5.11363e+06,1.41736e+07
0,0,0,6.94685e+08,0,2.80882e+07,-5.11401e+06,5.11401e+06,1.41736e+07
0,0,0,6.94685e+08,0,2.8091e+07,-5.11438e+06,5.11438e+06,1.41736e+07
0,0,0,6.94685e+08,0,2.80938e+07,-5.11475e+06,5.11475e+06,1.41736e+07
0,0,0,6.94685e+08,0,3.19094e+07,-2.41453e+06,2.41453e+06,1.25331e+07
0,0,0,6.94685e+08,0,3.26207e+07,-1.70653e+06,1.70653e+06,1.25331e+07
0,0,0,6.94685e+08,0,3.2624e+07,-1.70653e+06,1.70653e+06,1.25331e+07
0,0,0,6.94685e+08,0,3.26273e+07,-1.70653e+06,1.70653e+06,1.25331e+07
0,0,0,6.94685e+08,0,3.21972e+07,-1.70653e+06,1.70653e+06,1.25331e+07
0,0,0,6.94685e+08,0,3.22004e+07,-1.70653e+06,1.70653e+06,1.25331e+07
0,0,0,6.94685e+08,0,3.22037e+07,-1.70653e+06,1.70653e+06,1.25331e+07
0,0,0,6.94685e+08,0,3.22069e+07,-1.70653e+06,1.70653e+06,1.25331e+07
0,0,0,6.94685e+08,0,3.37194e+07,-1.70653e+06,1.70653e+06,1.25331e+07
0,0,0,6.94685e+08,0,3.37228e+07,-1.70653e+06,1.70653e+06,1.25331e+07
0,0,0,6.94685e+08,0,3.37262e+07,-1.70653e+06,1.70653e+06,1.25331e+07
0,0,0,6.94685e+08,0,3.37297e+07,-1.70653e+06,1.70653e+06,1.25331e+07
0,0,0,6.94685e+08,0,3.37331e+07,-1.70653e+06,1.70653e+06,1.25331e+07
0,0,0,6.94685e+08,0,3.40921e+07,-1.70653e+06,1.70653e+06,1.25331e+07
0,0,0,6.94685e+08,0,3.40955e+07,-1.70653e+06,1.70653e+06,1.25331e+07
0,0,0,6.94685e+08,0,3.4099e+07,-1.70653e+06,1.70653e+06,1.25331e+07
0,0,0,6.94685e+08,0,3.41024e+07,-1.70653e+06,1.70653e+06,1.25331e+07
0,0,0,6.94685e+08,0,3.48591e+07,-1.70653e+06,1.70653e+06,1.25331e+07
0,0,0,6.94685e+08,0,3.48627e+07,-1.70653e+06,1.70653e+06,1.25331e+07
0,0,0,6.94685e+08,0,3.48662e+07,-1.70653e+06,1.70653e+06,1.25331e+07
0,0,0,6.94685e+08,0,3.48697e+07,-1.70653e+06,1.70653e+06,1.25331e+07
0,0,0,6.94685e+08,0,3.73724e+07,-1.70653e+06,1.70653e+06,1.25331e+07
0,0,0,6.94685e+08,0,3.68482e+07,-1.36712e+06,1.36712e+06,1.25331e+07
0,0,0,6.94685e+08,0,3.68509e+07,-1.36641e+06,1.36641e+06,1.25331e+07
0,0,0,6.94685e+08,0,3.68536e+07,-1.36569e+06,1.36569e+06,1.25331e+07
0,0,0,6.94685e+08,0,3.68563e+07,-1.36498e+06,1.36498e+06,1.25331e+07
0,0,0,6.94685e+08,0,3.5455e+07,-1.36426e+06,1.36426e+06,1.25331e+07
0,0,0,6.94685e+08,0,3.59456e+07,-1.67724e+06,1.67724e+06,1.25331e+07
0,0,0,6.94685e+08,0,3.59482e+07,-1.67656e+06,1.67656e+06,1.25331e+07
0,0,0,6.94685e+08,0,3.59508e+07,-1.67587e+06,1.67587e+06,1.25331e+07
0,0,0,6.94685e+08,0,3.47162e+07,-1.67519e+06,1.67519e+06,1.25331e+07
0,0,0,6.94685e+08,0,3.47685e+07,-1.70653e+06,1.70653e+06,1.25331e+07
0,0,0,6.94685e+08,0,3.4772e+07,-1.70653e+06,1.70653e+06,1.25331e+07
0,0,0,6.94685e+08,0,3.47756e+07,-1.70653e+06,1.70653e+06,1.25331e+07
0,0,0,6.94685e+08,0,3.19131e+07,-1.70653e+06,1.70653e+06,1.25331e+07
0,0,0,6.94685e+08,0,3.19163e+07,-1.70653e+06,1.70653e+06,1.25331e+07
0,0,0,6.94685e+08,0,3.19196e+07,-1.70653e+06,1.70653e+06,1.25331e+07
0,0,0,6.94685e+08,0,3.19228e+07,-1.70653e+06,1.70653e+06,1.25331e+07
0,0,0,6.94685e+08,0,3.1926e+07,-1.70653e+06,1.70653e+06,1.25331e+07
0,0,0,6.94685e+08,1.00601e+06,3.28622e+07,-1.70653e+06,1.70653e+06,1.25331e+07
0,0,0,6.94685e+08,0,3.28653e+07,-1.70653e+06,1.70653e+06,1.25331e+07
0,0,0,6.94685e+08,0,3.28683e+07,-1.70653e+06,1.70653e+06,1.25331e+07
0,0,0,6.94685e+08,0,3.28714e+07,-1.70653e+06,1.70653e+06,1.25331e+07
0,0,0,6.94685e+08,0,3.6153e+07,-1.70653e+06,1.70653e+06,1.25331e+07
0,0,0,6.94685e+08,0,3.61564e+07,-1.70653e+06,1.70653e+06,1.25331e+07
0,0,0,6.94685e+08,0,3.61597e+07,-1.70653e+06,1.70653e+06,1.25331e+07
0,0,0,6.94685e+08,0,3.61631e+07,-1.70653e+06,1.70653e+06,1.25331e+07
0,0,0,6.94685e+08,0,3.16521e+07,-1.70653e+06,1.70653e+06,1.25331e+07
0,0,0,6.94685e+08,0,3.16551e+07,-1.70653e+06,1.70653e+06,1.25331e+07
0,0,0,6.94685e+08,0,3.1658e+07,-1.70653e+06,1.70653e+06,1.25331e+07
0,0,0,6.94685e+08,0,3.16609e+07,-1.70653e+06,1.70653e+06,1.25331e+07
0,0,0,6.94685e+08,0,3.16639e+07,-1.70653e+06,1.70653e+06,1.25331e+07
0,0,0,6.94685e+08,0,3.27852e+07,-1.70653e+06,1.70653e+06,1.25331e+07
0,0,0,6.94685e+08,0,3.27883e+07,-1.70653e+06,1.70653e+06,1.25331e+07
0,0,0,6.94685e+08,0,3.27913e+07,-1.70653e+06,1.70653e+06,1.25331e+07
0,0,0,6.94685e+08,0,3.27943e+07,-1.70653e+06,1.70653e+06,1.25331e+07
0,0,0,6.94685e+08,0,3.23616e+07,-1.70653e+06,1.70653e+06,1.25331e+07
0,0,0,6.94685e+08,0,3.23646e+07,-1.70653e+06,1.70653e+06,1.25331e+07
0,0,0,6.94685e+08,0,3.23676e+07,-1.70653e+06,1.70653e+06,1.25331e+07
0,0,0,6.94685e+08,0,3.23706e+07,-1.70653e+06,1.70653e+06,1.25331e+07
0,0,0,6.94685e+08,0,3.38912e+07,-1.70653e+06,1.70653e+06,1.25331e+07
0,0,0,6.94685e+08,0,3.38943e+07,-1.70653e+06,1.70653e+06,1.25331e+07
0,0,0,6.94685e+08,0,3.38975e+07,-1.70653e+06,1.70653e+06,1.25331e+07
0,0,0,6.94685e+08,0,3.39006e+07,-1.70653e+06,1.70653e+06,1.25331e+07
0,0,0,6.94685e+08,0,3.39038e+07,-1.70653e+06,1.70653e+06,1.25331e+07
0,0,0,6.94685e+08,0,3.42644e+07,-1.70653e+06,1.70653e+06,1.25331e+07
0,0,0,6.94685e+08,0,3.42676e+07,-1.70653e+06,1.70653e+06,1.25331e+07
0,0,0,6.94685e+08,0,3.42708e+07,-1.70653e+06,1.70653e+06,1.25331e+07
0,0,0,6.94685e+08,0,3.4274e+07,-1.70653e+06,1.70653e+06,1.25331e+07
0,0,0,6.94685e+08,0,3.50346e+07,-1.70653e+06,1.70653e+06,1.25331e+07
0,0,0,6.94685e+08,0,3.50378e+07,-1.70653e+06,1.70653e+06,1.25331e+07
0,0,0,6.94685e+08,0,3.50411e+07,-1.70653e+06,1.70653e+06,1.25331e+07
0,0,0,6.94685e+08,0,3.50444e+07,-1.70653e+06,1.70653e+06,1.25331e+07
0,0,0,6.94685e+08,0,3.75603e+07,-1.70653e+06,1.70653e+06,1.25331e+07
0,0,0,6.94685e+08,0,3.69809e+07,-1.33186e+06,1.33186e+06,1.25331e+07
0,0,0,6.94685e+08,0,3.69834e+07,-1.3312e+06,1.3312e+06,1.25331e+07
0,0,0,6.94685e+08,0,3.69859e+07,-1.33054e+06,1.33054e+06,1.25331e+07
0,0,0,6.94685e+08,0,3.69884e+07,-1.32988e+06,1.32988e+06,1.25331e+07
0,0,0,6.94685e+08,0,3.55793e+07,-1.32922e+06,1.32922e+06,1.25331e+07
0,0,0,6.94685e+08,0,3.60723e+07,-1.64394e+06,1.64394e+06,1.25331e+07
0,0,0,6.94685e+08,0,3.60747e+07,-1.64331e+06,1.64331e+06,1.25331e+07
0,0,0,6.94685e+08,0,3.60771e+07,-1.64268e+06,1.64268e+06,1.25331e+07
0,0,0,6.94685e+08,0,3.48358e+07,-1.64205e+06,1.64205e+06,1.25331e+07
0,0,0,6.94685e+08,0,3.49394e+07,-1.70653e+06,1.70653e+06,1.25331e+07
0,0,0,6.94685e+08,0,3.49426e+07,-1.70653e+06,1.70653e+06,1.25331e+07
0,0,0,6.94685e+08,0,3.49459e+07,-1.70653e+06,1.70653e+06,1.25331e+07
0,0,0,6.94685e+08,0,3.2068e+07,-1.70653e+06,1.70653e+06,1.25331e+07
0,0,0,6.94685e+08,0,3.2071e+07,-1.70653e+06,1.70653e+06,1.25331e+07
0,0,0,6.94685e+08,0,3.20739e+07,-1.70653e+06,1.70653e+06,1.25331e+07
0,0,0,6.94685e+08,0,3.20769e+07,-1.70653e+06,1.70653e+06,1.25331e+07
0,0,0,6.94685e+08,0,3.20799e+07,-1.70653e+06,1.70653e+06,1.25331e+07
0,0,0,6.94685e+08,0,3.30208e+07,-1.70653e+06,1.70653e+06,1.25331e+07
0,0,0,6.94685e+08,0,3.30236e+07,-1.70653e+06,1.70653e+06,1.25331e+07
0,0,0,6.94685e+08,0,3.30264e+07,-1.70653e+06,1.70653e+06,1.25331e+07
0,0,0,6.94685e+08,0,3.30292e+07,-1.70653e+06,1.70653e+06,1.25331e+07
0,0,0,6.94685e+08,0,3.63276e+07,-1.70653e+06,1.70653e+06,1.25331e+07
0,0,0,6.94685e+08,0,3.63136e+07,-1.6955e+06,1.6955e+06,1.25331e+07
0,0,0,6.94685e+08,0,3.63158e+07,-1.69493e+06,1.69493e+06,1.25331e+07
0,0,0,6.94685e+08,0,3.6318e+07,-1.69436e+06,1.69436e+06,1.25331e+07
0,0,0,6.94685e+08,0,3.17825e+07,-1.69379e+06,1.69379e+06,1.25331e+07
0,0,0,6.94685e+08,0,3.1805e+07,-1.70653e+06,1.70653e+06,1.25331e+07
0,0,0,6.94685e+08,0,3.18077e+07,-1.70653e+06,1.70653e+06,1.25331e+07
0,0,0,6.94685e+08,0,3.18103e+07,-1.70653e+06,1.70653e+06,1.25331e+07
0,0,0,6.94685e+08,0,3.1813e+07,-1.70653e+06,1.70653e+06,1.25331e+07
0,0,0,6.94685e+08,0,3.29399e+07,-1.70653e+06,1.70653e+06,1.25331e+07
0,0,0,6.94685e+08,0,3.29427e+07,-1.70653e+06,1.70653e+06,1.25331e+07
0,0,0,6.94685e+08,0,3.29455e+07,-1.70653e+06,1.70653e+06,1.25331e+07
0,0,0,6.94685e+08,0,3.29483e+07,-1.70653e+06,1.70653e+06,1.25331e+07
0,0,0,6.94685e+08,0,3.2513e+07,-1.70653e+06,1.70653e+06,1.25331e+07
0,0,0,6.94685e+08,0,3.25158e+07,-1.70653e+06,1.70653e+06,1.25331e+07
0,0,0,6.94685e+08,0,3.25185e+07,-1.70653e+06,1.70653e+06,1.25331e+07
0,0,0,6.94685e+08,0,3.25213e+07,-1.70653e+06,1.70653e+06,1.25331e+07
0,0,0,6.94685e+08,0,3.40493e+07,-1.70653e+06,1.70653e+06,1.25331e+07
0,0,0,6.94685e+08,0,3.40522e+07,-1.70653e+06,1.70653e+06,1.25331e+07
0,0,0,6.94685e+08,0,3.40551e+07,-1.70653e+06,1.70653e+06,1.25331e+07
0,0,0,6.94685e+08,0,3.4058e+07,-1.70653e+06,1.70653e+06,1.25331e+07
0,0,0,6.94685e+08,0,3.40609e+07,-1.70653e+06,1.70653e+06,1.25331e+07
0,0,0,6.94685e+08,0,3.44231e+07,-1.70653e+06,1.70653e+06,1.25331e+07
0,0,0,6.94685e+08,0,3.4426e+07,-1.70653e+06,1.70653e+06,1.25331e+07
0,0,0,6.94685e+08,0,3.44289e+07,-1.70653e+06,1.70653e+06,1.25331e+07
0,0,0,6.94685e+08,0,3.44318e+07,-1.70653e+06,1.70653e+06,1.25331e+07
0,0,0,6.94685e+08,0,3.51959e+07,-1.70653e+06,1.70653e+06,1.25331e+07
0,0,0,6.94685e+08,0,3.51989e+07,-1.70653e+06,1.70653e+06,1.25331e+07
0,0,0,6.94685e+08,0,3.52019e+07,-1.70653e+06,1.70653e+06,1.25331e+07
0,0,0,6.94685e+08,0,3.52049e+07,-1.70653e+06,1.70653e+06,1.25331e+07
0,0,0,6.94685e+08,0,3.7733e+07,-1.70653e+06,1.70653e+06,1.25331e+07
0,0,0,6.94685e+08,0,3.71029e+07,-1.29945e+06,1.29945e+06,1.25331e+07
0,0,0,6.94685e+08,0,3.71051e+07,-1.29885e+06,1.29885e+06,1.25331e+07
0,0,0,6.94685e+08,0,3.71074e+07,-1.29824e+06,1.29824e+06,1.25331e+07
0,0,0,6.94685e+08,0,3.71097e+07,-1.29763e+06,1.29763e+06,1.25331e+07
0,0,0,6.94685e+08,0,3.56935e+07,-1.29703e+06,1.29703e+06,1.25331e+07
0,0,0,6.94685e+08,0,3.61888e+07,-1.61334e+06,1.61334e+06,1.25331e+07
0,0,0,6.94685e+08,0,3.6191e+07,-1.61276e+06,1.61276e+06,1.25331e+07
0,0,0,6.94685e+08,0,3.61932e+07,-1.61219e+06,1.61219e+06,1.25331e+07
0,0,0,6.94685e+08,0,3.49456e+07,-1.61161e+06,1.61161e+06,1.25331e+07
0,0,0,6.94685e+08,0,3.50963e+07,-1.70653e+06,1.70653e+06,1.25331e+07
0,0,0,6.94685e+08,0,3.50992e+07,-1.70653e+06,1.70653e+06,1.25331e+07
0,0,0,6.94685e+08,0,3.51022e+07,-1.70653e+06,1.70653e+06,1.25331e+07
0,0,0,6.94685e+08,0,3.22102e+07,-1.70653e+06,1.70653e+06,1.25331e+07
0,0,0,6.94685e+08,0,3.22129e+07,-1.70653e+06,1.70653e+06,1.25331e+07
0,0,0,6.94685e+08,0,3.22156e+07,-1.70653e+06,1.70653e+06,1.25331e+07
0,0,0,6.94685e+08,0,3.22183e+07,-1.70653e+06,1.70653e+06,1.25331e+07
0,0,0,6.94685e+08,0,3.2221e+07,-1.70653e+06,1.70653e+06,1.25331e+07
0,0,0,6.94685e+08,0,3.31662e+07,-1.70653e+06,1.70653e+06,1.25331e+07
0,0,0,6.94685e+08,0,3.31687e+07,-1.70653e+06,1.70653e+06,1.25331e+07
0,0,0,6.94685e+08,0,3.31713e+07,-1.70653e+06,1.70653e+06,1.25331e+07
0,0,0,6.94685e+08,0,3.31738e+07,-1.70653e+06,1.70653e+06,1.25331e+07
0,0,0,6.94685e+08,0,3.64877e+07,-1.70653e+06,1.70653e+06,1.25331e+07
0,0,0,6.94685e+08,0,3.64276e+07,-1.66608e+06,1.66608e+06,1.25331e+07
0,0,0,6.94685e+08,0,3.64296e+07,-1.66556e+06,1.66556e+06,1.25331e+07
0,0,0,6.94685e+08,0,3.64316e+07,-1.66504e+06,1.66504e+06,1.25331e+07
0,0,0,6.94685e+08,0,3.18745e+07,-1.66452e+06,1.66452e+06,1.25331e+07
0,0,0,6.94685e+08,0,3.19423e+07,-1.70653e+06,1.70653e+06,1.25331e+07
0,0,0,6.94685e+08,0,3.19448e+07,-1.70653e+06,1.70653e+06,1.25331e+07
0,0,0,6.94685e+08,0,3.19472e+07,-1.70653e+06,1.70653e+06,1.25331e+07
0,0,0,6.94685e+08,0,3.19496e+07,-1.70653e+06,1.70653e+06,1.25331e+07
0,0,0,6.94685e+08,0,3.30815e+07,-1.70653e+06,1.70653e+06,1.25331e+07
0,0,0,6.94685e+08,0,3.30841e+07,-1.70653e+06,1.70653e+06,1.25331e+07
0,0,0,6.94685e+08,0,3.30866e+07,-1.70653e+06,1.70653e+06,1.25331e+07
0,0,0,6.94685e+08,0,3.30892e+07,-1.70653e+06,1.70653e+06,1.25331e+07
0,0,0,6.94685e+08,0,3.26516e+07,-1.70653e+06,1.70653e+06,1.25331e+07
0,0,0,6.94685e+08,0,3.26541e+07,-1.70653e+06,1.70653e+06,1.25331e+07
0,0,0,6.94685e+08,0,3.26566e+07,-1.70653e+06,1.70653e+06,1.25331e+07
0,0,0,6.94685e+08,0,3.26591e+07,-1.70653e+06,1.70653e+06,1.25331e+07
0,0,0,6.94685e+08,0,3.4194e+07,-1.70653e+06,1.70653e+06,1.25331e+07
0,0,0,6.94685e+08,0,3.41966e+07,-1.70653e+06,1.70653e+06,1.25331e+07
0,0,0,6.94685e+08,0,3.41992e+07,-1.70653e+06,1.70653e+06,1.25331e+07
0,0,0,6.94685e+08,0,3.42019e+07,-1.70653e+06,1.70653e+06,1.25331e+07
0,0,0,6.94685e+08,0,3.42045e+07,-1.70653e+06,1.70653e+06,1.25331e+07
0,0,0,6.94685e+08,0,3.45681e+07,-1.70653e+06,1.70653e+06,1.25331e+07
0,0,0,6.94685e+08,0,3.45707e+07,-1.70653e+06,1.70653e+06,1.25331e+07
0,0,0,6.94685e+08,0,3.45734e+07,-1.70653e+06,1.70653e+06,1.25331e+07
0,0,0,6.94685e+08,0,3.45761e+07,-1.70653e+06,1.70653e+06,1.25331e+07
0,0,0,6.94685e+08,0,3.53433e+07,-1.70653e+06,1.70653e+06,1.25331e+07
0,0,0,6.94685e+08,0,3.53461e+07,-1.70653e+06,1.70653e+06,1.25331e+07
0,0,0,6.94685e+08,0,3.53488e+07,-1.70653e+06,1.70653e+06,1.25331e+07
0,0,0,6.94685e+08,0,3.53515e+07,-1.70653e+06,1.70653e+06,1.25331e+07
0,0,0,6.94685e+08,0,3.78907e+07,-1.70653e+06,1.70653e+06,1.25331e+07
0,0,0,6.94685e+08,0,3.72142e+07,-1.26985e+06,1.26985e+06,1.25331e+07
0,0,0,6.94685e+08,0,3.72163e+07,-1.2693e+06,1.2693e+06,1.25331e+07
0,0,0,6.94685e+08,0,3.72184e+07,-1.26875e+06,1.26875e+06,1.25331e+07
0,0,0,6.94685e+08,0,3.72205e+07,-1.2682e+06,1.2682e+06,1.25331e+07
0,0,0,6.94685e+08,0,3.57978e+07,-1.26764e+06,1.26764e+06,1.25331e+07
0,0,0,6.94685e+08,0,3.6295e+07,-1.58542e+06,1.58542e+06,1.25331e+07
0,0,0,6.94685e+08,0,3.6297e+07,-1.5849e+06,1.5849e+06,1.25331e+07
0,0,0,6.94685e+08,0,3.6299e+07,-1.58437e+06,1.58437e+06,1.25331e+07
0,0,0,6.94685e+08,0,3.50457e+07,-1.58385e+06,1.58385e+06,1.25331e+07
0,0,0,6.94685e+08,0,3.52393e+07,-1.70653e+06,1.70653e+06,1.25331e+07
0,0,0,6.94685e+08,0,3.5242e+07,-1.70653e+06,1.70653e+06,1.25331e+07
0,0,0,6.94685e+08,0,3.52448e+07,-1.70653e+06,1.70653e+06,1.25331e+07
0,0,0,6.94685e+08,0,3.23397e+07,-1.70653e+06,1.70653e+06,1.25331e+07
0,0,0,6.94685e+08,0,3.23422e+07,-1.70653e+06,1.70653e+06,1.25331e+07
0,0,0,6.94685e+08,0,3.23447e+07,-1.70653e+06,1.70653e+06,1.25331e+07
0,0,0,6.94685e+08,0,3.23472e+07,-1.70653e+06,1.70653e+06,1.25331e+07
0,0,0,6.94685e+08,0,3.23496e+07,-1.70653e+06,1.70653e+06,1.25331e+07
0,0,0,6.94685e+08,0,2.96781e+07,-5.32702e+06,5.32702e+06,1.41736e+07
0,0,0,6.94685e+08,0,3.25768e+07,-2.43068e+06,2.43068e+06,1.25331e+07
0,0,0,6.94685e+08,0,2.96822e+07,-5.32757e+06,5.32757e+06,1.41736e+07
0,0,0,6.94685e+08,0,2.96842e+07,-5.32784e+06,5.32784e+06,1.41736e+07
0,0,0,6.94685e+08,0,3.26189e+07,-5.72102e+06,5.72102e+06,1.41736e+07
0,0,0,6.94685e+08,0,3.25166e+07,-5.6541e+06,5.6541e+06,1.41736e+07
0,0,0,6.94685e+08,0,3.25181e+07,-5.65393e+06,5.65393e+06,1.41736e+07
0,0,0,6.94685e+08,0,3.25196e+07,-5.65376e+06,5.65376e+06,1.41736e+07
0,0,0,6.94685e+08,0,2.84835e+07,-5.11264e+06,5.11264e+06,1.41736e+07
0,0,0,6.94685e+08,0,2.85922e+07,-5.18153e+06,5.18153e+06,1.41736e+07
0,0,0,6.94685e+08,0,2.85941e+07,-5.18179e+06,5.18179e+06,1.41736e+07
0,0,0,6.94685e+08,0,2.85961e+07,-5.18205e+06,5.18205e+06,1.41736e+07
0,0,0,6.94685e+08,0,2.8598e+07,-5.18231e+06,5.18231e+06,1.41736e+07
0,0,0,6.94685e+08,0,3.24882e+07,-2.42854e+06,2.42854e+06,1.25331e+07
0,0,0,6.94685e+08,0,3.32125e+07,-1.70653e+06,1.70653e+06,1.25331e+07
0,0,0,6.94685e+08,0,3.32148e+07,-1.70653e+06,1.70653e+06,1.25331e+07
0,0,0,6.94685e+08,0,3.32171e+07,-1.70653e+06,1.70653e+06,1.25331e+07
0,0,0,6.94685e+08,0,3.27775e+07,-1.70653e+06,1.70653e+06,1.25331e+07
0,0,0,6.94685e+08,0,3.27797e+07,-1.70653e+06,1.70653e+06,1.25331e+07
0,0,0,6.94685e+08,0,3.2782e+07,-1.70653e+06,1.70653e+06,1.25331e+07
0,0,0,6.94685e+08,0,3.27843e+07,-1.70653e+06,1.70653e+06,1.25331e+07
0,0,0,6.94685e+08,0,3.43252e+07,-1.70653e+06,1.70653e+06,1.25331e+07
0,0,0,6.94685e+08,0,3.43276e+07,-1.70653e+06,1.70653e+06,1.25331e+07
0,0,0,6.94685e+08,0,3.433e+07,-1.70653e+06,1.70653e+06,1.25331e+07
0,0,0,6.94685e+08,0,3.43323e+07,-1.70653e+06,1.70653e+06,1.25331e+07
0,0,0,6.94685e+08,0,3.43347e+07,-1.70653e+06,1.70653e+06,1.25331e+07
0,0,0,6.94685e+08,0,3.46995e+07,-1.70653e+06,1.70653e+06,1.25331e+07
0,0,0,6.94685e+08,0,3.47019e+07,-1.70653e+06,1.70653e+06,1.25331e+07
0,0,0,6.94685e+08,0,3.47043e+07,-1.70653e+06,1.70653e+06,1.25331e+07
0,0,0,6.94685e+08,0,3.47067e+07,-1.70653e+06,1.70653e+06,1.25331e+07
0,0,0,6.94685e+08,0,3.54769e+07,-1.70653e+06,1.70653e+06,1.25331e+07
0,0,0,6.94685e+08,0,3.54793e+07,-1.70653e+06,1.70653e+06,1.25331e+07
0,0,0,6.94685e+08,0,3.54818e+07,-1.70653e+06,1.70653e+06,1.25331e+07
0,0,0,6.94685e+08,0,3.54842e+07,-1.70653e+06,1.70653e+06,1.25331e+07
0,0,0,6.94685e+08,0,3.80334e+07,-1.70653e+06,1.70653e+06,1.25331e+07
0,0,0,6.94685e+08,0,3.7315e+07,-1.24306e+06,1.24306e+06,1.25331e+07
0,0,0,6.94685e+08,0,3.73169e+07,-1.24256e+06,1.24256e+06,1.25331e+07
0,0,0,6.94685e+08,0,3.73188e+07,-1.24206e+06,1.24206e+06,1.25331e+07
0,0,0,6.94685e+08,0,3.73206e+07,-1.24157e+06,1.24157e+06,1.25331e+07
0,0,0,6.94685e+08,0,3.5892e+07,-1.24107e+06,1.24107e+06,1.25331e+07
0,0,0,6.94685e+08,0,3.6391e+07,-1.56018e+06,1.56018e+06,1.25331e+07
0,0,0,6.94685e+08,0,3.63929e+07,-1.5597e+06,1.5597e+06,1.25331e+07
0,0,0,6.94685e+08,0,3.63947e+07,-1.55923e+06,1.55923e+06,1.25331e+07
0,0,0,6.94685e+08,0,3.51362e+07,-1.55876e+06,1.55876e+06,1.25331e+07
0,0,0,6.94685e+08,0,3.53686e+07,-1.70653e+06,1.70653e+06,1.25331e+07
0,0,0,6.94685e+08,0,3.5371e+07,-1.70653e+06,1.70653e+06,1.25331e+07
0,0,0,6.94685e+08,0,3.53735e+07,-1.70653e+06,1.70653e+06,1.25331e+07
0,0,0,6.94685e+08,0,3.24567e+07,-1.70653e+06,1.70653e+06,1.25331e+07
0,0,0,6.94685e+08,0,3.24589e+07,-1.70653e+06,1.70653e+06,1.25331e+07
0,0,0,6.94685e+08,0,2.89396e+07,-5.22808e+06,5.22808e+06,1.41736e+07
0,0,0,6.94685e+08,0,2.89416e+07,-5.22834e+06,5.22834e+06,1.41736e+07
0,0,0,6.94685e+08,0,2.89436e+07,-5.2286e+06,5.2286e+06,1.41736e+07
0,0,0,6.94685e+08,0,2.97835e+07,-5.34114e+06,5.34114e+06,1.41736e+07
0,0,0,6.94685e+08,0,2.97853e+07,-5.34138e+06,5.34138e+06,1.41736e+07
0,0,0,6.94685e+08,0,2.97871e+07,-5.34162e+06,5.34162e+06,1.41736e+07
0,0,0,6.94685e+08,0,2.97889e+07,-5.34186e+06,5.34186e+06,1.41736e+07
0,0,0,6.94685e+08,0,3.27347e+07,-5.73653e+06,5.73653e+06,1.41736e+07
0,0,0,6.94685e+08,0,3.25946e+07,-5.64545e+06,5.64545e+06,1.41736e+07
0,0,0,6.94685e+08,0,3.25959e+07,-5.6453e+06,5.6453e+06,1.41736e+07
0,0,0,6.94685e+08,0,3.25973e+07,-5.64515e+06,5.64515e+06,1.41736e+07
0,0,0,6.94685e+08,0,2.85455e+07,-5.10197e+06,5.10197e+06,1.41736e+07
0,0,0,6.94685e+08,0,2.86913e+07,-5.19481e+06,5.19481e+06,1.41736e+07
0,0,0,6.94685e+08,0,2.86931e+07,-5.19504e+06,5.19504e+06,1.41736e+07
0,0,0,6.94685e+08,0,2.86948e+07,-5.19527e+06,5.19527e+06,1.41736e+07
0,0,0,6.94685e+08,0,2.86965e+07,-5.19551e+06,5.19551e+06,1.41736e+07
0,0,0,6.94685e+08,0,3.3326e+07,-1.70653e+06,1.70653e+06,1.25331e+07
0,0,0,6.94685e+08,0,3.3328e+07,-1.70653e+06,1.70653e+06,1.25331e+07
0,0,0,6.94685e+08,0,3.33301e+07,-1.70653e+06,1.70653e+06,1.25331e+07
0,0,0,6.94685e+08,0,3.33321e+07,-1.70653e+06,1.70653e+06,1.25331e+07
0,0,0,6.94685e+08,0,3.28906e+07,-1.70653e+06,1.70653e+06,1.25331e+07
0,0,0,6.94685e+08,0,3.28926e+07,-1.70653e+06,1.70653e+06,1.25331e+07
0,0,0,6.94685e+08,0,3.28946e+07,-1.70653e+06,1.70653e+06,1.25331e+07
0,0,0,6.94685e+08,0,3.28966e+07,-1.70653e+06,1.70653e+06,1.25331e+07
0,0,0,6.94685e+08,0,3.4443e+07,-1.70653e+06,1.70653e+06,1.25331e+07
0,0,0,6.94685e+08,0,3.44451e+07,-1.70653e+06,1.70653e+06,1.25331e+07
0,0,0,6.94685e+08,0,3.44473e+07,-1.70653e+06,1.70653e+06,1.25331e+07
0,0,0,6.94685e+08,0,3.44494e+07,-1.70653e+06,1.70653e+06,1.25331e+07
0,0,0,6.94685e+08,0,3.44515e+07,-1.70653e+06,1.70653e+06,1.25331e+07
0,0,0,6.94685e+08,0,3.48174e+07,-1.70653e+06,1.70653e+06,1.25331e+07
0,0,0,6.94685e+08,0,3.48195e+07,-1.70653e+06,1.70653e+06,1.25331e+07
0,0,0,6.94685e+08,0,3.48217e+07,-1.70653e+06,1.70653e+06,1.25331e+07
0,0,0,6.94685e+08,0,3.48238e+07,-1.70653e+06,1.70653e+06,1.25331e+07
0,0,0,6.94685e+08,0,3.55965e+07,-1.70653e+06,1.70653e+06,1.25331e+07
0,0,0,6.94685e+08,0,3.55986e+07,-1.70653e+06,1.70653e+06,1.25331e+07
0,0,0,6.94685e+08,0,3.56008e+07,-1.70653e+06,1.70653e+06,1.25331e+07
0,0,0,6.94685e+08,0,3.5603e+07,-1.70653e+06,1.70653e+06,1.25331e+07
0,0,0,6.94685e+08,0,3.81611e+07,-1.70653e+06,1.70653e+06,1.25331e+07
0,0,0,6.94685e+08,0,3.74051e+07,-1.21909e+06,1.21909e+06,1.25331e+07
0,0,0,6.94685e+08,0,3.74068e+07,-1.21865e+06,1.21865e+06,1.25331e+07
0,0,0,6.94685e+08,0,3.74085e+07,-1.2182e+06,1.2182e+06,1.25331e+07
0,0,0,6.94685e+08,0,3.74101e+07,-1.21776e+06,1.21776e+06,1.25331e+07
0,0,0,6.94685e+08,0,3.59762e+07,-1.21732e+06,1.21732e+06,1.25331e+07
0,0,0,6.94685e+08,0,3.64768e+07,-1.53762e+06,1.53762e+06,1.25331e+07
0,0,0,6.94685e+08,0,3.24511e+07,-5.56451e+06,5.56451e+06,1.41736e+07
0,0,0,6.94685e+08,0,3.24525e+07,-5.56435e+06,5.56435e+06,1.41736e+07
0,0,0,6.94685e+08,0,3.52169e+07,-1.53636e+06,1.53636e+06,1.25331e+07
0,0,0,6.94685e+08,0,3.16052e+07,-5.5852e+06,5.5852e+06,1.41736e+07
0,0,0,6.94685e+08,0,3.16071e+07,-5.58546e+06,5.58546e+06,1.41736e+07
0,0,0,6.94685e+08,0,3.1609e+07,-5.58572e+06,5.58572e+06,1.41736e+07
0,0,0,6.94685e+08,0,2.90277e+07,-5.23987e+06,5.23987e+06,1.41736e+07
0,0,0,6.94685e+08,0,2.90294e+07,-5.24011e+06,5.24011e+06,1.41736e+07
0,0,0,6.94685e+08,0,3.2565e+07,-1.70653e+06,1.70653e+06,1.25331e+07
0,0,0,6.94685e+08,0,3.2567e+07,-1.70653e+06,1.70653e+06,1.25331e+07
0,0,0,6.94685e+08,0,3.2569e+07,-1.70653e+06,1.70653e+06,1.25331e+07
0,0,0,6.94685e+08,0,3.2569e+07,-1.70653e+06,1.70653e+06,1.25331e+07
0,0,0,6.94685e+08,0,3.35245e+07,-1.70653e+06,1.70653e+06,1.25331e+07
0,0,0,6.94685e+08,0,3.08712e+07,0,0,1.25331e+07
0,0,0,6.94685e+08,0,3.0873e+07,0,0,1.25331e+07
0,0,0,6.94685e+08,0,3.35298e+07,-1.70653e+06,1.70653e+06,1.25331e+07
0,0,0,6.94685e+08,0,3.42264e+07,0,0,1.25331e+07
0,0,0,6.94685e+08,0,3.42284e+07,0,0,1.25331e+07
0,0,0,6.94685e+08,0,3.42304e+07,0,0,1.25331e+07
0,0,0,6.94685e+08,0,3.42324e+07,0,0,1.25331e+07
0,0,0,6.94685e+08,0,2.96227e+07,0,0,1.25331e+07
0,0,0,6.94685e+08,0,2.96244e+07,0,0,1.25331e+07
0,0,0,6.94685e+08,0,2.96261e+07,0,0,1.25331e+07
0,0,0,6.94685e+08,0,2.96278e+07,0,0,1.25331e+07
0,0,0,6.94685e+08,0,2.96296e+07,0,0,1.25331e+07
0,0,0,6.94685e+08,0,3.07736e+07,0,0,1.25331e+07
0,0,0,6.94685e+08,0,3.07754e+07,0,0,1.25331e+07
0,0,0,6.94685e+08,0,3.07772e+07,0,0,1.25331e+07
0,0,0,6.94685e+08,0,3.0779e+07,0,0,1.25331e+07
0,0,0,6.94685e+08,0,3.03357e+07,0,0,1.25331e+07
0,0,0,6.94685e+08,0,3.03375e+07,0,0,1.25331e+07
0,0,0,6.94685e+08,0,3.03392e+07,0,0,1.25331e+07
0,0,0,6.94685e+08,0,3.0341e+07,0,0,1.25331e+07
0,0,0,6.94685e+08,0,3.18923e+07,0,0,1.25331e+07
0,0,0,6.94685e+08,0,3.18941e+07,0,0,1.25331e+07
0,0,0,6.94685e+08,0,3.1896e+07,0,0,1.25331e+07
0,0,0,6.94685e+08,0,3.18978e+07,0,0,1.25331e+07
0,0,0,6.94685e+08,0,3.18997e+07,0,0,1.25331e+07
0,0,0,6.94685e+08,0,3.22665e+07,0,0,1.25331e+07
0,0,0,6.94685e+08,0,3.22684e+07,0,0,1.25331e+07
0,0,0,6.94685e+08,0,3.22702e+07,0,0,1.25331e+07
0,0,0,6.94685e+08,0,3.22721e+07,0,0,1.25331e+07
0,0,0,6.94685e+08,0,3.3047e+07,0,0,1.25331e+07
0,0,0,6.94685e+08,0,3.30489e+07,0,0,1.25331e+07
0,0,0,6.94685e+08,0,3.30508e+07,0,0,1.25331e+07
0,0,0,6.94685e+08,0,3.30527e+07,0,0,1.25331e+07
0,0,0,6.94685e+08,0,3.56187e+07,0,0,1.25331e+07
0,0,0,6.94685e+08,0,3.56208e+07,0,0,1.25331e+07
0,0,0,6.94685e+08,0,3.56228e+07,0,0,1.25331e+07
0,0,0,6.94685e+08,0,3.56249e+07,0,0,1.25331e+07
0,0,0,6.94685e+08,0,3.5627e+07,0,0,1.25331e+07
0,0,0,6.94685e+08,0,3.41889e+07,0,0,1.25331e+07
0,0,0,6.94685e+08,0,3.41909e+07,0,0,1.25331e+07
0,0,0,6.94685e+08,0,3.41929e+07,0,0,1.25331e+07
0,0,0,6.94685e+08,0,3.65551e+07,-1.51702e+06,1.51702e+06,1.25331e+07
0,0,0,6.94685e+08,0,3.52879e+07,-1.51665e+06,1.51665e+06,1.25331e+07
0,0,0,6.94685e+08,0,3.55852e+07,-1.70653e+06,1.70653e+06,1.25331e+07
0,0,0,6.94685e+08,0,3.55871e+07,-1.70653e+06,1.70653e+06,1.25331e+07
0,0,0,6.94685e+08,0,3.55891e+07,-1.70653e+06,1.70653e+06,1.25331e+07
0,0,0,6.94685e+08,0,2.91084e+07,-5.25069e+06,5.25069e+06,1.41736e+07
0,0,0,6.94685e+08,0,2.911e+07,-5.2509e+06,5.2509e+06,1.41736e+07
0,0,0,6.94685e+08,0,3.0001e+07,0,0,1.25331e+07
0,0,0,6.94685e+08,0,3.00028e+07,0,0,1.25331e+07
0,0,0,6.94685e+08,0,3.00045e+07,0,0,1.25331e+07
0,0,0,6.94685e+08,0,3.09626e+07,0,0,1.25331e+07
0,0,0,6.94685e+08,0,3.09642e+07,0,0,1.25331e+07
0,0,0,6.94685e+08,0,3.09657e+07,0,0,1.25331e+07
0,0,0,6.94685e+08,0,3.09673e+07,0,0,1.25331e+07
0,0,0,6.94685e+08,0,3.43287e+07,0,0,1.25331e+07
0,0,0,6.94685e+08,0,3.43304e+07,0,0,1.25331e+07
0,0,0,6.94685e+08,0,3.43321e+07,0,0,1.25331e+07
0,0,0,6.94685e+08,0,3.43338e+07,0,0,1.25331e+07
0,0,0,6.94685e+08,0,2.97102e+07,0,0,1.25331e+07
0,0,0,6.94685e+08,0,2.97117e+07,0,0,1.25331e+07
0,0,0,6.94685e+08,0,2.97131e+07,0,0,1.25331e+07
0,0,0,6.94685e+08,0,2.97146e+07,0,0,1.25331e+07
0,0,0,6.94685e+08,0,2.97161e+07,0,0,1.25331e+07
0,0,0,6.94685e+08,0,3.08633e+07,0,0,1.25331e+07
0,0,0,6.94685e+08,0,3.08648e+07,0,0,1.25331e+07
0,0,0,6.94685e+08,0,3.08663e+07,0,0,1.25331e+07
0,0,0,6.94685e+08,0,3.08679e+07,0,0,1.25331e+07
0,0,0,6.94685e+08,0,3.04231e+07,0,0,1.25331e+07
0,0,0,6.94685e+08,0,3.04246e+07,0,0,1.25331e+07
0,0,0,6.94685e+08,0,3.04261e+07,0,0,1.25331e+07
0,0,0,6.94685e+08,0,3.04277e+07,0,0,1.25331e+07
0,0,0,6.94685e+08,0,3.19831e+07,0,0,1.25331e+07
0,0,0,6.94685e+08,0,3.19847e+07,0,0,1.25331e+07
0,0,0,6.94685e+08,0,3.19863e+07,0,0,1.25331e+07
0,0,0,6.94685e+08,0,3.19879e+07,0,0,1.25331e+07
0,0,0,6.94685e+08,0,3.19895e+07,0,0,1.25331e+07
0,0,0,6.94685e+08,0,3.2357e+07,0,0,1.25331e+07
0,0,0,6.94685e+08,0,3.23587e+07,0,0,1.25331e+07
0,0,0,6.94685e+08,0,3.23603e+07,0,0,1.25331e+07
0,0,0,6.94685e+08,0,3.23619e+07,0,0,1.25331e+07
0,0,0,6.94685e+08,0,3.31386e+07,0,0,1.25331e+07
0,0,0,6.94685e+08,0,3.31403e+07,0,0,1.25331e+07
0,0,0,6.94685e+08,0,3.31419e+07,0,0,1.25331e+07
0,0,0,6.94685e+08,0,3.31436e+07,0,0,1.25331e+07
0,0,0,6.94685e+08,0,3.57163e+07,0,0,1.25331e+07
0,0,0,6.94685e+08,0,3.57181e+07,0,0,1.25331e+07
0,0,0,6.94685e+08,0,3.57199e+07,0,0,1.25331e+07
0,0,0,6.94685e+08,0,3.57216e+07,0,0,1.25331e+07
0,0,0,6.94685e+08,0,3.57234e+07,0,0,1.25331e+07
0,0,0,6.94685e+08,0,3.42812e+07,0,0,1.25331e+07
0,0,0,6.94685e+08,0,3.42829e+07,0,0,1.25331e+07
0,0,0,6.94685e+08,0,3.42847e+07,0,0,1.25331e+07
0,0,0,6.94685e+08,0,3.42864e+07,0,0,1.25331e+07
0,0,0,6.94685e+08,0,3.30161e+07,0,0,1.25331e+07
0,0,0,6.94685e+08,0,3.30177e+07,0,0,1.25331e+07
0,0,0,6.94685e+08,0,3.30194e+07,0,0,1.25331e+07
0,0,0,6.94685e+08,0,3.3021e+07,0,0,1.25331e+07
0,0,0,6.94685e+08,0,3.00765e+07,0,0,1.25331e+07
0,0,0,6.94685e+08,0,3.0078e+07,0,0,1.25331e+07
0,0,0,6.94685e+08,0,3.00795e+07,0,0,1.25331e+07
0,0,0,6.94685e+08,0,3.0081e+07,0,0,1.25331e+07
0,0,0,6.94685e+08,0,3.00825e+07,0,0,1.25331e+07
0,0,0,6.94685e+08,0,3.10429e+07,0,0,1.25331e+07
0,0,0,6.94685e+08,0,3.10442e+07,0,0,1.25331e+07
0,0,0,6.94685e+08,0,3.10455e+07,0,0,1.25331e+07
0,0,0,6.94685e+08,0,3.10468e+07,0,0,1.25331e+07
0,0,0,6.94685e+08,0,3.44166e+07,0,0,1.25331e+07
0,0,0,6.94685e+08,0,3.4418e+07,0,0,1.25331e+07
0,0,0,6.94685e+08,0,3.44194e+07,0,0,1.25331e+07
0,0,0,6.94685e+08,0,3.44209e+07,0,0,1.25331e+07
0,0,0,6.94685e+08,0,2.97853e+07,0,0,1.25331e+07
0,0,0,6.94685e+08,0,2.97865e+07,0,0,1.25331e+07
0,0,0,6.94685e+08,0,2.97877e+07,0,0,1.25331e+07
0,0,0,6.94685e+08,0,2.9789e+07,0,0,1.25331e+07
0,0,0,6.94685e+08,0,2.97902e+07,0,0,1.25331e+07
0,0,0,6.94685e+08,0,3.094e+07,0,0,1.25331e+07
0,0,0,6.94685e+08,0,3.09413e+07,0,0,1.25331e+07
0,0,0,6.94685e+08,0,3.09426e+07,0,0,1.25331e+07
0,0,0,6.94685e+08,0,3.09439e+07,0,0,1.25331e+07
0,0,0,6.94685e+08,0,3.04977e+07,0,0,1.25331e+07
0,0,0,6.94685e+08,0,3.0499e+07,0,0,1.25331e+07
0,0,0,6.94685e+08,0,3.05003e+07,0,0,1.25331e+07
0,0,0,6.94685e+08,0,3.05016e+07,0,0,1.25331e+07
0,0,0,6.94685e+08,0,3.20605e+07,0,0,1.25331e+07
0,0,0,6.94685e+08,0,3.20618e+07,0,0,1.25331e+07
0,0,0,6.94685e+08,0,3.20632e+07,0,0,1.25331e+07
0,0,0,6.94685e+08,0,3.20645e+07,0,0,1.25331e+07
0,0,0,6.94685e+08,0,3.20658e+07,0,0,1.25331e+07
0,0,0,6.94685e+08,0,3.2434e+07,0,0,1.25331e+07
0,0,0,6.94685e+08,0,3.24354e+07,0,0,1.25331e+07
0,0,0,6.94685e+08,0,3.24368e+07,0,0,1.25331e+07
0,0,0,6.94685e+08,0,3.24381e+07,0,0,1.25331e+07
0,0,0,6.94685e+08,0,3.32164e+07,0,0,1.25331e+07
0,0,0,6.94685e+08,0,3.32178e+07,0,0,1.25331e+07
0,0,0,6.94685e+08,0,3.32192e+07,0,0,1.25331e+07
0,0,0,6.94685e+08,0,3.32206e+07,0,0,1.25331e+07
0,0,0,6.94685e+08,0,3.57989e+07,0,0,1.25331e+07
0,0,0,6.94685e+08,0,3.58004e+07,0,0,1.25331e+07
0,0,0,6.94685e+08,0,3.58019e+07,0,0,1.25331e+07
0,0,0,6.94685e+08,0,3.58034e+07,0,0,1.25331e+07
0,0,0,6.94685e+08,0,3.58049e+07,0,0,1.25331e+07
0,0,0,6.94685e+08,0,3.43592e+07,0,0,1.25331e+07
0,0,0,6.94685e+08,0,3.43606e+07,0,0,1.25331e+07
0,0,0,6.94685e+08,0,3.4362e+07,0,0,1.25331e+07
0,0,0,6.94685e+08,0,3.43635e+07,0,0,1.25331e+07
0,0,0,6.94685e+08,0,3.309e+07,0,0,1.25331e+07
0,0,0,6.94685e+08,0,3.30914e+07,0,0,1.25331e+07
0,0,0,6.94685e+08,0,3.30928e+07,0,0,1.25331e+07
0,0,0,6.94685e+08,0,3.30942e+07,0,0,1.25331e+07
0,0,0,6.94685e+08,0,3.01429e+07,0,0,1.25331e+07
0,0,0,6.94685e+08,0,3.01442e+07,0,0,1.25331e+07
0,0,0,6.94685e+08,0,3.01455e+07,0,0,1.25331e+07
0,0,0,6.94685e+08,0,3.01467e+07,0,0,1.25331e+07
0,0,0,6.94685e+08,0,3.0148e+07,0,0,1.25331e+07
0,0,0,6.94685e+08,0,3.11102e+07,0,0,1.25331e+07
0,0,0,6.94685e+08,0,3.11112e+07,0,0,1.25331e+07
0,0,0,6.94685e+08,0,3.11123e+07,0,0,1.25331e+07
0,0,0,6.94685e+08,0,3.11133e+07,0,0,1.25331e+07
0,0,0,6.94685e+08,0,3.449e+07,0,0,1.25331e+07
0,0,0,6.94685e+08,0,3.44912e+07,0,0,1.25331e+07
0,0,0,6.94685e+08,0,3.44923e+07,0,0,1.25331e+07
0,0,0,6.94685e+08,0,3.44935e+07,0,0,1.25331e+07
0,0,0,6.94685e+08,0,2.98478e+07,0,0,1.25331e+07
0,0,0,6.94685e+08,0,2.98488e+07,0,0,1.25331e+07
0,0,0,6.94685e+08,0,2.98498e+07,0,0,1.25331e+07
0,0,0,6.94685e+08,0,2.98508e+07,0,0,1.25331e+07
0,0,0,6.94685e+08,0,2.98518e+07,0,0,1.25331e+07
0,0,0,6.94685e+08,0,3.10037e+07,0,0,1.25331e+07
0,0,0,6.94685e+08,0,3.10048e+07,0,0,1.25331e+07
0,0,0,6.94685e+08,0,3.10058e+07,0,0,1.25331e+07
0,0,0,6.94685e+08,0,3.10068e+07,0,0,1.25331e+07
0,0,0,6.94685e+08,0,3.05595e+07,0,0,1.25331e+07
0,0,0,6.94685e+08,0,3.05606e+07,0,0,1.25331e+07
0,0,0,6.94685e+08,0,3.05616e+07,0,0,1.25331e+07
0,0,0,6.94685e+08,0,3.05626e+07,0,0,1.25331e+07
0,0,0,6.94685e+08,0,3.21244e+07,0,0,1.25331e+07
0,0,0,6.94685e+08,0,3.21255e+07,0,0,1.25331e+07
0,0,0,6.94685e+08,0,3.21266e+07,0,0,1.25331e+07
0,0,0,6.94685e+08,0,3.21276e+07,0,0,1.25331e+07
0,0,0,6.94685e+08,0,3.21287e+07,0,0,1.25331e+07
0,0,0,6.94685e+08,0,3.24974e+07,0,0,1.25331e+07
0,0,0,6.94685e+08,0,3.24985e+07,0,0,1.25331e+07
0,0,0,6.94685e+08,0,3.24995e+07,0,0,1.25331e+07
0,0,0,6.94685e+08,0,3.25006e+07,0,0,1.25331e+07
0,0,0,6.94685e+08,0,3.32802e+07,0,0,1.25331e+07
0,0,0,6.94685e+08,0,3.32813e+07,0,0,1.25331e+07
0,0,0,6.94685e+08,0,3.32824e+07,0,0,1.25331e+07
0,0,0,6.94685e+08,0,3.32835e+07,0,0,1.25331e+07
0,0,0,6.94685e+08,0,3.58665e+07,0,0,1.25331e+07
0,0,0,6.94685e+08,0,3.58677e+07,0,0,1.25331e+07
0,0,0,6.94685e+08,0,3.58689e+07,0,0,1.25331e+07
0,0,0,6.94685e+08,0,3.58701e+07,0,0,1.25331e+07
0,0,0,6.94685e+08,0,3.58713e+07,0,0,1.25331e+07
0,0,0,6.94685e+08,0,3.44226e+07,0,0,1.25331e+07
0,0,0,6.94685e+08,0,3.44237e+07,0,0,1.25331e+07
0,0,0,6.94685e+08,0,3.44249e+07,0,0,1.25331e+07
0,0,0,6.94685e+08,0,3.4426e+07,0,0,1.25331e+07
0,0,0,6.94685e+08,0,3.315e+07,0,0,1.25331e+07
0,0,0,6.94685e+08,0,3.31511e+07,0,0,1.25331e+07
0,0,0,6.94685e+08,0,3.31522e+07,0,0,1.25331e+07
0,0,0,6.94685e+08,0,3.31533e+07,0,0,1.25331e+07
0,0,0,6.94685e+08,0,3.01966e+07,0,0,1.25331e+07
0,0,0,6.94685e+08,0,3.01976e+07,0,0,1.25331e+07
0,0,0,6.94685e+08,0,3.01986e+07,0,0,1.25331e+07
0,0,0,6.94685e+08,0,3.01996e+07,0,0,1.25331e+07
0,0,0,6.94685e+08,0,3.02006e+07,0,0,1.25331e+07
0,0,0,6.94685e+08,0,3.11642e+07,0,0,1.25331e+07
0,0,0,6.94685e+08,0,3.1165e+07,0,0,1.25331e+07
0,0,0,6.94685e+08,0,3.11658e+07,0,0,1.25331e+07
0,0,0,6.94685e+08,0,3.11666e+07,0,0,1.25331e+07
0,0,0,6.94685e+08,0,3.45488e+07,0,0,1.25331e+07
0,0,0,6.94685e+08,0,3.45497e+07,0,0,1.25331e+07
0,0,0,6.94685e+08,0,3.45506e+07,0,0,1.25331e+07
0,0,0,6.94685e+08,0,3.45514e+07,0,0,1.25331e+07
0,0,0,6.94685e+08,0,2.98977e+07,0,0,1.25331e+07
0,0,0,6.94685e+08,0,2.98985e+07,0,0,1.25331e+07
0,0,0,6.94685e+08,0,2.98993e+07,0,0,1.25331e+07
0,0,0,6.94685e+08,0,2.99e+07,0,0,1.25331e+07
0,0,0,6.94685e+08,0,2.99008e+07,0,0,1.25331e+07
0,0,0,6.94685e+08,0,3.10543e+07,0,0,1.25331e+07
0,0,0,6.94685e+08,0,3.10551e+07,0,0,1.25331e+07
0,0,0,6.94685e+08,0,3.10559e+07,0,0,1.25331e+07
0,0,0,6.94685e+08,0,3.10566e+07,0,0,1.25331e+07
0,0,0,6.94685e+08,0,3.06084e+07,0,0,1.25331e+07
0,0,0,6.94685e+08,0,3.06092e+07,0,0,1.25331e+07
0,0,0,6.94685e+08,0,3.06099e+07,0,0,1.25331e+07
0,0,0,6.94685e+08,0,3.06107e+07,0,0,1.25331e+07
0,0,0,6.94685e+08,0,3.21747e+07,0,0,1.25331e+07
0,0,0,6.94685e+08,0,3.21755e+07,0,0,1.25331e+07
0,0,0,6.94685e+08,0,3.21763e+07,0,0,1.25331e+07
0,0,0,6.94685e+08,0,3.21771e+07,0,0,1.25331e+07
0,0,0,6.94685e+08,0,3.21779e+07,0,0,1.25331e+07
0,0,0,6.94685e+08,0,3.25469e+07,0,0,1.25331e+07
0,0,0,6.94685e+08,0,3.25477e+07,0,0,1.25331e+07
0,0,0,6.94685e+08,0,3.25485e+07,0,0,1.25331e+07
0,0,0,6.94685e+08,0,3.25494e+07,0,0,1.25331e+07
0,0,0,6.94685e+08,0,3.33298e+07,0,0,1.25331e+07
0,0,0,6.94685e+08,0,3.33306e+07,0,0,1.25331e+07
0,0,0,6.94685e+08,0,3.33315e+07,0,0,1.25331e+07
0,0,0,6.94685e+08,0,3.33323e+07,0,0,1.25331e+07
0,0,0,6.94685e+08,0,3.59188e+07,0,0,1.25331e+07
0,0,0,6.94685e+08,0,3.59197e+07,0,0,1.25331e+07
0,0,0,6.94685e+08,0,3.59206e+07,0,0,1.25331e+07
0,0,0,6.94685e+08,0,3.59215e+07,0,0,1.25331e+07
0,0,0,6.94685e+08,0,3.59224e+07,0,0,1.25331e+07
0,0,0,6.94685e+08,0,3.44713e+07,0,0,1.25331e+07
0,0,0,6.94685e+08,0,3.44722e+07,0,0,1.25331e+07
0,0,0,6.94685e+08,0,3.44731e+07,0,0,1.25331e+07
0,0,0,6.94685e+08,0,3.4474e+07,0,0,1.25331e+07
0,0,0,6.94685e+08,0,3.31959e+07,0,0,1.25331e+07
0,0,0,6.94685e+08,0,3.31967e+07,0,0,1.25331e+07
0,0,0,6.94685e+08,0,3.31976e+07,0,0,1.25331e+07
0,0,0,6.94685e+08,0,3.31984e+07,0,0,1.25331e+07
0,0,0,6.94685e+08,0,3.02374e+07,0,0,1.25331e+07
0,0,0,6.94685e+08,0,3.02381e+07,0,0,1.25331e+07
0,0,0,6.94685e+08,0,3.02389e+07,0,0,1.25331e+07
0,0,0,6.94685e+08,0,3.02397e+07,0,0,1.25331e+07
0,0,0,6.94685e+08,0,3.02404e+07,0,0,1.25331e+07
0,0,0,6.94685e+08,0,3.12051e+07,0,0,1.25331e+07
0,0,0,6.94685e+08,0,3.12056e+07,0,0,1.25331e+07
0,0,0,6.94685e+08,0,3.12061e+07,0,0,1.25331e+07
0,0,0,6.94685e+08,0,3.12067e+07,0,0,1.25331e+07
0,0,0,6.94685e+08,0,3.45929e+07,0,0,1.25331e+07
0,0,0,6.94685e+08,0,3.45935e+07,0,0,1.25331e+07
0,0,0,6.94685e+08,0,3.45941e+07,0,0,1.25331e+07
0,0,0,6.94685e+08,0,3.45947e+07,0,0,1.25331e+07
0,0,0,6.94685e+08,0,2.9935e+07,0,0,1.25331e+07
0,0,0,6.94685e+08,0,2.99355e+07,0,0,1.25331e+07
0,0,0,6.94685e+08,0,2.9936e+07,0,0,1.25331e+07
0,0,0,6.94685e+08,0,2.99365e+07,0,0,1.25331e+07
0,0,0,6.94685e+08,0,2.9937e+07,0,0,1.25331e+07
0,0,0,6.94685e+08,0,3.10917e+07,0,0,1.25331e+07
0,0,0,6.94685e+08,0,3.10922e+07,0,0,1.25331e+07
0,0,0,6.94685e+08,0,3.10927e+07,0,0,1.25331e+07
0,0,0,6.94685e+08,0,3.10933e+07,0,0,1.25331e+07
0,0,0,6.94685e+08,0,3.06442e+07,0,0,1.25331e+07
0,0,0,6.94685e+08,0,3.06448e+07,0,0,1.25331e+07
0,0,0,6.94685e+08,0,3.06453e+07,0,0,1.25331e+07
0,0,0,6.94685e+08,0,3.06458e+07,0,0,1.25331e+07
0,0,0,6.94685e+08,0,3.22113e+07,0,0,1.25331e+07
0,0,0,6.94685e+08,0,3.22119e+07,0,0,1.25331e+07
0,0,0,6.94685e+08,0,3.22124e+07,0,0,1.25331e+07
0,0,0,6.94685e+08,0,3.2213e+07,0,0,1.25331e+07
0,0,0,6.94685e+08,0,3.22135e+07,0,0,1.25331e+07
0,0,0,6.94685e+08,0,3.25826e+07,0,0,1.25331e+07
0,0,0,6.94685e+08,0,3.25832e+07,0,0,1.25331e+07
0,0,0,6.94685e+08,0,3.25837e+07,0,0,1.25331e+07
0,0,0,6.94685e+08,0,3.25843e+07,0,0,1.25331e+07
0,0,0,6.94685e+08,0,3.33653e+07,0,0,1.25331e+07
0,0,0,6.94685e+08,0,3.33659e+07,0,0,1.25331e+07
0,0,0,6.94685e+08,0,3.33664e+07,0,0,1.25331e+07
0,0,0,6.94685e+08,0,3.3367e+07,0,0,1.25331e+07
0,0,0,6.94685e+08,0,3.59559e+07,0,0,1.25331e+07
0,0,0,6.94685e+08,0,3.59565e+07,0,0,1.25331e+07
0,0,0,6.94685e+08,0,3.59571e+07,0,0,1.25331e+07
0,0,0,6.94685e+08,0,3.59577e+07,0,0,1.25331e+07
0,0,0,6.94685e+08,0,3.59583e+07,0,0,1.25331e+07
0,0,0,6.94685e+08,0,3.45055e+07,0,0,1.25331e+07
0,0,0,6.94685e+08,0,3.45061e+07,0,0,1.25331e+07
0,0,0,6.94685e+08,0,3.45067e+07,0,0,1.25331e+07
0,0,0,6.94685e+08,0,3.45073e+07,0,0,1.25331e+07
0,0,0,6.94685e+08,0,3.32277e+07,0,0,1.25331e+07
0,0,0,6.94685e+08,0,3.32283e+07,0,0,1.25331e+07
0,0,0,6.94685e+08,0,3.32289e+07,0,0,1.25331e+07
0,0,0,6.94685e+08,0,3.32294e+07,0,0,1.25331e+07
0,0,0,6.94685e+08,0,3.02654e+07,0,0,1.25331e+07
0,0,0,6.94685e+08,0,3.02659e+07,0,0,1.25331e+07
0,0,0,6.94685e+08,0,3.02664e+07,0,0,1.25331e+07
0,0,0,6.94685e+08,0,3.0267e+07,0,0,1.25331e+07
0,0,0,6.94685e+08,0,3.02675e+07,0,0,1.25331e+07
0,0,0,6.94685e+08,0,3.02675e+07,0,0,1.25331e+07
0,0,0,6.94685e+08,0,3.12327e+07,0,0,1.25331e+07
0,0,0,6.94685e+08,0,3.1233e+07,0,0,1.25331e+07
0,0,0,6.94685e+08,0,3.12333e+07,0,0,1.25331e+07
0,0,0,6.94685e+08,0,3.12336e+07,0,0,1.25331e+07
0,0,0,6.94685e+08,0,3.46225e+07,0,0,1.25331e+07
0,0,0,6.94685e+08,0,3.46228e+07,0,0,1.25331e+07
0,0,0,6.94685e+08,0,3.46231e+07,0,0,1.25331e+07
0,0,0,6.94685e+08,0,3.46235e+07,0,0,1.25331e+07
0,0,0,6.94685e+08,0,2.99596e+07,0,0,1.25331e+07
0,0,0,6.94685e+08,0,2.99599e+07,0,0,1.25331e+07
0,0,0,6.94685e+08,0,2.99601e+07,0,0,1.25331e+07
0,0,0,6.94685e+08,0,2.99604e+07,0,0,1.25331e+07
0,0,0,6.94685e+08,0,2.99607e+07,0,0,1.25331e+07
0,0,0,6.94685e+08,0,3.1116e+07,0,0,1.25331e+07
0,0,0,6.94685e+08,0,3.11163e+07,0,0,1.25331e+07
0,0,0,6.94685e+08,0,3.11166e+07,0,0,1.25331e+07
0,0,0,6.94685e+08,0,3.11168e+07,0,0,1.25331e+07
0,0,0,6.94685e+08,0,3.06672e+07,0,0,1.25331e+07
0,0,0,6.94685e+08,0,3.06675e+07,0,0,1.25331e+07
0,0,0,6.94685e+08,0,3.06678e+07,0,0,1.25331e+07
0,0,0,6.94685e+08,0,3.06681e+07,0,0,1.25331e+07
0,0,0,6.94685e+08,0,3.22345e+07,0,0,1.25331e+07
0,0,0,6.94685e+08,0,3.22348e+07,0,0,1.25331e+07
0,0,0,6.94685e+08,0,3.22351e+07,0,0,1.25331e+07
0,0,0,6.94685e+08,0,3.22353e+07,0,0,1.25331e+07
0,0,0,6.94685e+08,0,3.22356e+07,0,0,1.25331e+07
0,0,0,6.94685e+08,0,3.26047e+07,0,0,1.25331e+07
0,0,0,6.94685e+08,0,3.2605e+07,0,0,1.25331e+07
0,0,0,6.94685e+08,0,3.26053e+07,0,0,1.25331e+07
0,0,0,6.94685e+08,0,3.26056e+07,0,0,1.25331e+07
0,0,0,6.94685e+08,0,3.33869e+07,0,0,1.25331e+07
0,0,0,6.94685e+08,0,3.33872e+07,0,0,1.25331e+07
0,0,0,6.94685e+08,0,3.33875e+07,0,0,1.25331e+07
0,0,0,6.94685e+08,0,3.33878e+07,0,0,1.25331e+07
0,0,0,6.94685e+08,0,3.5978e+07,0,0,1.25331e+07
0,0,0,6.94685e+08,0,3.59783e+07,0,0,1.25331e+07
0,0,0,6.94685e+08,0,3.59786e+07,0,0,1.25331e+07
0,0,0,6.94685e+08,0,3.5979e+07,0,0,1.25331e+07
0,0,0,6.94685e+08,0,3.59793e+07,0,0,1.25331e+07
0,0,0,6.94685e+08,0,3.45254e+07,0,0,1.25331e+07
0,0,0,6.94685e+08,0,3.45257e+07,0,0,1.25331e+07
0,0,0,6.94685e+08,0,3.4526e+07,0,0,1.25331e+07
0,0,0,6.94685e+08,0,3.45263e+07,0,0,1.25331e+07
0,0,0,6.94685e+08,0,3.32457e+07,0,0,1.25331e+07
0,0,0,6.94685e+08,0,3.32461e+07,0,0,1.25331e+07
0,0,0,6.94685e+08,0,3.32464e+07,0,0,1.25331e+07
0,0,0,6.94685e+08,0,3.32467e+07,0,0,1.25331e+07
0,0,0,6.94685e+08,0,3.02808e+07,0,0,1.25331e+07
0,0,0,6.94685e+08,0,3.02811e+07,0,0,1.25331e+07
0,0,0,6.94685e+08,0,3.02814e+07,0,0,1.25331e+07
0,0,0,6.94685e+08,0,3.02817e+07,0,0,1.25331e+07
0,0,0,6.94685e+08,0,3.02819e+07,0,0,1.25331e+07
0,0,0,6.94685e+08,0,3.12474e+07,0,0,1.25331e+07
0,0,0,6.94685e+08,0,3.12475e+07,0,0,1.25331e+07
0,0,0,6.94685e+08,0,3.12475e+07,0,0,1.25331e+07
0,0,0,6.94685e+08,0,3.12475e+07,0,0,1.25331e+07
0,0,0,6.94685e+08,0,3.46377e+07,0,0,1.25331e+07
0,0,0,6.94685e+08,0,3.46377e+07,0,0,1.25331e+07
0,0,0,6.94685e+08,0,3.46378e+07,0,0,1.25331e+07
0,0,0,6.94685e+08,0,3.46378e+07,0,0,1.25331e+07
0,0,0,6.94685e+08,0,2.99718e+07,0,0,1.25331e+07
0,0,0,6.94685e+08,0,2.99718e+07,0,0,1.25331e+07
0,0,0,6.94685e+08,0,2.99718e+07,0,0,1.25331e+07
0,0,0,6.94685e+08,0,2.99719e+07,0,0,1.25331e+07
0,0,0,6.94685e+08,0,2.99719e+07,0,0,1.25331e+07
0,0,0,6.94685e+08,0,3.11274e+07,0,0,1.25331e+07
0,0,0,6.94685e+08,0,3.11274e+07,0,0,1.25331e+07
0,0,0,6.94685e+08,0,3.11275e+07,0,0,1.25331e+07
0,0,0,6.94685e+08,0,3.11275e+07,0,0,1.25331e+07
0,0,0,6.94685e+08,0,3.06775e+07,0,0,1.25331e+07
0,0,0,6.94685e+08,0,3.06775e+07,0,0,1.25331e+07
0,0,0,6.94685e+08,0,3.06776e+07,0,0,1.25331e+07
0,0,0,6.94685e+08,0,3.06776e+07,0,0,1.25331e+07
0,0,0,6.94685e+08,0,3.22442e+07,0,0,1.25331e+07
0,0,0,6.94685e+08,0,3.22443e+07,0,0,1.25331e+07
0,0,0,6.94685e+08,0,3.22443e+07,0,0,1.25331e+07
0,0,0,6.94685e+08,0,3.22443e+07,0,0,1.25331e+07
0,0,0,6.94685e+08,0,3.22444e+07,0,0,1.25331e+07
0,0,0,6.94685e+08,0,3.26133e+07,0,0,1.25331e+07
0,0,0,6.94685e+08,0,3.26133e+07,0,0,1.25331e+07
0,0,0,6.94685e+08,0,3.26134e+07,0,0,1.25331e+07
0,0,0,6.94685e+08,0,3.26134e+07,0,0,1.25331e+07
0,0,0,6.94685e+08,0,3.33946e+07,0,0,1.25331e+07
0,0,0,6.94685e+08,0,3.33946e+07,0,0,1.25331e+07
0,0,0,6.94685e+08,0,3.33947e+07,0,0,1.25331e+07
0,0,0,6.94685e+08,0,3.33947e+07,0,0,1.25331e+07
0,0,0,6.94685e+08,0,3.59851e+07,0,0,1.25331e+07
0,0,0,6.94685e+08,0,3.59852e+07,0,0,1.25331e+07
0,0,0,6.94685e+08,0,3.59852e+07,0,0,1.25331e+07
0,0,0,6.94685e+08,0,3.59853e+07,0,0,1.25331e+07
0,0,0,6.94685e+08,0,3.59853e+07,0,0,1.25331e+07
0,0,0,6.94685e+08,0,3.45309e+07,0,0,1.25331e+07
0,0,0,6.94685e+08,0,3.45309e+07,0,0,1.25331e+07
0,0,0,6.94685e+08,0,3.4531e+07,0,0,1.25331e+07
0,0,0,6.94685e+08,0,3.4531e+07,0,0,1.25331e+07
0,0,0,6.94685e+08,0,3.325e+07,0,0,1.25331e+07
0,0,0,6.94685e+08,0,3.325e+07,0,0,1.25331e+07
0,0,0,6.94685e+08,0,3.32501e+07,0,0,1.25331e+07
0,0,0,6.94685e+08,0,3.32501e+07,0,0,1.25331e+07
0,0,0,6.94685e+08,0,3.02837e+07,0,0,1.25331e+07
0,0,0,6.94685e+08,0,3.02838e+07,0,0,1.25331e+07
0,0,0,6.94685e+08,0,3.02838e+07,0,0,1.25331e+07
0,0,0,6.94685e+08,0,3.02839e+07,0,0,1.25331e+07
0,0,0,6.94685e+08,0,3.02839e+07,0,0,1.25331e+07
0,0,0,6.94685e+08,0,3.12492e+07,0,0,1.25331e+07
0,0,0,6.94685e+08,0,3.1249e+07,0,0,1.25331e+07
0,0,0,6.94685e+08,0,3.12488e+07,0,0,1.25331e+07
0,0,0,6.94685e+08,0,3.12485e+07,0,0,1.25331e+07
0,0,0,6.94685e+08,0,3.46385e+07,0,0,1.25331e+07
0,0,0,6.94685e+08,0,3.46383e+07,0,0,1.25331e+07
0,0,0,6.94685e+08,0,3.46381e+07,0,0,1.25331e+07
0,0,0,6.94685e+08,0,3.46378e+07,0,0,1.25331e+07
0,0,0,6.94685e+08,0,2.99715e+07,0,0,1.25331e+07
0,0,0,6.94685e+08,0,2.99713e+07,0,0,1.25331e+07
0,0,0,6.94685e+08,0,2.99711e+07,0,0,1.25331e+07
0,0,0,6.94685e+08,0,2.99709e+07,0,0,1.25331e+07
0,0,0,6.94685e+08,0,2.99707e+07,0,0,1.25331e+07
0,0,0,6.94685e+08,0,3.11259e+07,0,0,1.25331e+07
0,0,0,6.94685e+08,0,3.11257e+07,0,0,1.25331e+07
0,0,0,6.94685e+08,0,3.11255e+07,0,0,1.25331e+07
0,0,0,6.94685e+08,0,3.11253e+07,0,0,1.25331e+07
0,0,0,6.94685e+08,0,3.06751e+07,0,0,1.25331e+07
0,0,0,6.94685e+08,0,3.06749e+07,0,0,1.25331e+07
0,0,0,6.94685e+08,0,3.06747e+07,0,0,1.25331e+07
0,0,0,6.94685e+08,0,3.06745e+07,0,0,1.25331e+07
0,0,0,6.94685e+08,0,3.22407e+07,0,0,1.25331e+07
0,0,0,6.94685e+08,0,3.22405e+07,0,0,1.25331e+07
0,0,0,6.94685e+08,0,3.22402e+07,0,0,1.25331e+07
0,0,0,6.94685e+08,0,3.224e+07,0,0,1.25331e+07
0,0,0,6.94685e+08,0,3.22398e+07,0,0,1.25331e+07
0,0,0,6.94685e+08,0,3.26084e+07,0,0,1.25331e+07
0,0,0,6.94685e+08,0,3.26082e+07,0,0,1.25331e+07
0,0,0,6.94685e+08,0,3.2608e+07,0,0,1.25331e+07
0,0,0,6.94685e+08,0,3.26078e+07,0,0,1.25331e+07
0,0,0,6.94685e+08,0,3.33885e+07,0,0,1.25331e+07
0,0,0,6.94685e+08,0,3.33883e+07,0,0,1.25331e+07
0,0,0,6.94685e+08,0,3.33881e+07,0,0,1.25331e+07
0,0,0,6.94685e+08,0,3.33878e+07,0,0,1.25331e+07
0,0,0,6.94685e+08,0,3.59774e+07,0,0,1.25331e+07
0,0,0,6.94685e+08,0,3.59772e+07,0,0,1.25331e+07
0,0,0,6.94685e+08,0,3.5977e+07,0,0,1.25331e+07
0,0,0,6.94685e+08,0,3.59767e+07,0,0,1.25331e+07
0,0,0,6.94685e+08,0,3.59765e+07,0,0,1.25331e+07
0,0,0,6.94685e+08,0,3.45221e+07,0,0,1.25331e+07
0,0,0,6.94685e+08,0,3.45219e+07,0,0,1.25331e+07
0,0,0,6.94685e+08,0,3.45217e+07,0,0,1.25331e+07
0,0,0,6.94685e+08,0,3.45214e+07,0,0,1.25331e+07
0,0,0,6.94685e+08,0,3.32405e+07,0,0,1.25331e+07
0,0,0,6.94685e+08,0,3.32403e+07,0,0,1.25331e+07
0,0,0,6.94685e+08,0,3.32401e+07,0,0,1.25331e+07
0,0,0,6.94685e+08,0,3.32398e+07,0,0,1.25331e+07
0,0,0,6.94685e+08,0,3.02741e+07,0,0,1.25331e+07
0,0,0,6.94685e+08,0,3.02739e+07,0,0,1.25331e+07
0,0,0,6.94685e+08,0,3.02737e+07,0,0,1.25331e+07
0,0,0,6.94685e+08,0,3.02735e+07,0,0,1.25331e+07
0,0,0,6.94685e+08,0,3.02733e+07,0,0,1.25331e+07
0,0,0,6.94685e+08,0,3.1238e+07,0,0,1.25331e+07
0,0,0,6.94685e+08,0,3.12376e+07,0,0,1.25331e+07
0,0,0,6.94685e+08,0,3.12371e+07,0,0,1.25331e+07
0,0,0,6.94685e+08,0,3.12367e+07,0,0,1.25331e+07
0,0,0,6.94685e+08,0,3.46251e+07,0,0,1.25331e+07
0,0,0,6.94685e+08,0,3.46246e+07,0,0,1.25331e+07
0,0,0,6.94685e+08,0,3.46241e+07,0,0,1.25331e+07
0,0,0,6.94685e+08,0,3.46236e+07,0,0,1.25331e+07
0,0,0,6.94685e+08,0,2.9959e+07,0,0,1.25331e+07
0,0,0,6.94685e+08,0,2.99585e+07,0,0,1.25331e+07
0,0,0,6.94685e+08,0,2.99581e+07,0,0,1.25331e+07
0,0,0,6.94685e+08,0,2.99576e+07,0,0,1.25331e+07
0,0,0,6.94685e+08,0,2.99572e+07,0,0,1.25331e+07
0,0,0,6.94685e+08,0,3.11116e+07,0,0,1.25331e+07
0,0,0,6.94685e+08,0,3.11112e+07,0,0,1.25331e+07
0,0,0,6.94685e+08,0,3.11107e+07,0,0,1.25331e+07
0,0,0,6.94685e+08,0,3.11103e+07,0,0,1.25331e+07
0,0,0,6.94685e+08,0,3.066e+07,0,0,1.25331e+07
0,0,0,6.94685e+08,0,3.06596e+07,0,0,1.25331e+07
0,0,0,6.94685e+08,0,3.06591e+07,0,0,1.25331e+07
0,0,0,6.94685e+08,0,3.06587e+07,0,0,1.25331e+07
0,0,0,6.94685e+08,0,3.22238e+07,0,0,1.25331e+07
0,0,0,6.94685e+08,0,3.22234e+07,0,0,1.25331e+07
0,0,0,6.94685e+08,0,3.22229e+07,0,0,1.25331e+07
0,0,0,6.94685e+08,0,3.22224e+07,0,0,1.25331e+07
0,0,0,6.94685e+08,0,3.22219e+07,0,0,1.25331e+07
0,0,0,6.94685e+08,0,3.25901e+07,0,0,1.25331e+07
0,0,0,6.94685e+08,0,3.25896e+07,0,0,1.25331e+07
0,0,0,6.94685e+08,0,3.25891e+07,0,0,1.25331e+07
0,0,0,6.94685e+08,0,3.25887e+07,0,0,1.25331e+07
0,0,0,6.94685e+08,0,3.33687e+07,0,0,1.25331e+07
0,0,0,6.94685e+08,0,3.33682e+07,0,0,1.25331e+07
0,0,0,6.94685e+08,0,3.33677e+07,0,0,1.25331e+07
0,0,0,6.94685e+08,0,3.33672e+07,0,0,1.25331e+07
0,0,0,6.94685e+08,0,3.5955e+07,0,0,1.25331e+07
0,0,0,6.94685e+08,0,3.59544e+07,0,0,1.25331e+07
0,0,0,6.94685e+08,0,3.59539e+07,0,0,1.25331e+07
0,0,0,6.94685e+08,0,3.59534e+07,0,0,1.25331e+07
0,0,0,6.94685e+08,0,3.59529e+07,0,0,1.25331e+07
0,0,0,6.94685e+08,0,3.44992e+07,0,0,1.25331e+07
0,0,0,6.94685e+08,0,3.44987e+07,0,0,1.25331e+07
0,0,0,6.94685e+08,0,3.44982e+07,0,0,1.25331e+07
0,0,0,6.94685e+08,0,3.44977e+07,0,0,1.25331e+07
0,0,0,6.94685e+08,0,3.32174e+07,0,0,1.25331e+07
0,0,0,6.94685e+08,0,3.32169e+07,0,0,1.25331e+07
0,0,0,6.94685e+08,0,3.32164e+07,0,0,1.25331e+07
