0volume,0demand,0up_spill,0ww_inflow,0catch_inflow,0evap,0ds_spill,0treat_cap,1volume,1demand,1up_spill,1ww_inflow,1catch_inflow,1evap,1ds_spill,1treat_cap,2volume,2s_area,2demand,2up_spill,2ww_inflow,2catch_inflow,2evap,2ds_spill,2treat_cap,2valloc_0,2talloc_0,2valloc_1,2talloc_1,3volume,3demand,3up_spill,3ww_inflow,3catch_inflow,3evap,3ds_spill,3treat_cap,3valloc_1,3talloc_1,3valloc_2,3talloc_2,4demand,4up_spill,4ww_inflow,4catch_inflow,4ds_spill,4treat_cap,11volume,11s_area,11demand,11up_spill,11ww_inflow,11catch_inflow,11evap,11ds_spill,11treat_cap
72.29,1.84028,0,0,6.03543,0.278753,3.9164,3.6288,61.308,0,0,0,2.73617,0.26082,2.47535,0.66528,12.849,1,0.327095,3.9164,0,145.892,4.41483,145.067,0.84672,12.849,0.84672,3695.15,0,36.966,0.0415766,3.26642,0,8.46568,1.37114,10.3194,0.42336,36.966,0.42336,423.524,0,1.69344,0,0,4.95986,3.26642,1.028160,1,0,157.862,0,0,0,157.862,0
72.29,1.85839,0,0,8.13249,0.278753,5.99535,3.6288,61.308,0.428248,0,0,3.84796,0.26082,3.15889,0.66528,12.849,1,0.330314,5.99535,0,148.073,4.41483,149.323,0.84672,12.849,0.84672,3695.15,0,36.966,0.258215,5.27765,1.74664,11.1742,1.37114,16.5691,0.42336,36.966,0.42336,423.524,0,1.02816,0,0,6.30581,5.27765,1.028160,1,0,169.051,0,0,0,169.051,0
72.29,1.85918,0,0,15.3425,0.278753,13.2045,3.6288,61.308,0.428248,0,0,5.96025,0.26082,5.27118,0.66528,12.849,1,0.330455,13.2045,0,405.045,4.41483,413.504,0.84672,12.849,0.84672,3695.15,0,36.966,0.258215,5.35353,1.73488,19.5319,1.37114,24.9909,0.42336,36.966,0.42336,423.524,0,1.02816,0,0,6.38169,5.35353,1.028160,1,0,443.766,0,0,0,443.766,0
72.29,1.85997,0,0,7.0156,0.278753,4.87688,3.6288,61.308,0.428248,0,0,2.61065,0.26082,1.92159,0.66528,12.849,1,0.330596,4.87688,0,164.495,4.41483,164.627,0.84672,12.849,0.84672,3695.15,0,36.966,0.258215,3.19714,1.73505,8.44199,1.37114,11.7448,0.42336,36.966,0.42336,423.524,0,1.02816,0,0,4.2253,3.19714,1.028160,1,0,178.293,0,0,0,178.293,0
72.29,2.0655,0,0,5.6883,0.29151,3.33129,3.6288,61.308,0.533433,0,0,3.08604,0.256895,2.29571,0.66528,12.849,1,0.367127,3.33129,0,127.812,4.30257,126.474,0.84672,12.849,0.84672,3695.15,0,36.966,0.321636,3.46988,1.73523,6.89078,1.15102,10.6232,0.42336,36.966,0.42336,423.524,0,1.02816,0,0,4.49804,3.46988,1.028160,1,0,139.393,0,0,0,139.393,0
72.29,2.2095,0,0,7.83743,0.273704,5.35422,3.6288,61.308,0.428273,0,0,3.27415,0.281274,2.5646,0.66528,12.849,1,0.392722,5.35422,0,162.271,4.36602,162.867,0.84672,12.849,0.84672,3695.15,0,36.966,0.25823,3.62353,1.91086,8.34531,1.18479,12.4367,0.42336,36.966,0.42336,423.524,0,1.02816,0,0,4.65169,3.62353,1.028160,1,0,177.868,0,0,0,177.868,0
72.29,2.21038,0,0,7.60251,0.257479,5.13465,3.6288,61.308,0.428273,0,0,2.65116,0.259326,1.96356,0.66528,12.849,1,0.392878,5.13465,0,175.118,3.98811,175.872,0.84672,12.849,0.84672,3695.15,0,36.966,0.25823,4.31216,1.81241,7.50514,1.11745,12.254,0.42336,36.966,0.42336,423.524,0,1.02816,0,0,5.34032,4.31216,1.028160,1,0,190.089,0,0,0,190.089,0
72.29,2.21125,0,0,10.0919,0.257479,7.62313,3.6288,61.308,0.428273,0,0,2.7472,0.259326,2.0596,0.66528,12.849,1,0.393034,7.62313,0,236.096,3.98811,239.338,0.84672,12.849,0.84672,3695.15,0,36.966,0.25823,4.50667,1.8126,8.01166,1.11745,12.9552,0.42336,36.966,0.42336,423.524,0,1.02816,0,0,5.53483,4.50667,1.028160,1,0,254.353,0,0,0,254.353,0
72.29,1.91983,0,0,6.1772,0.278338,3.97903,3.6288,61.308,0.286979,0,0,2.52523,0.226205,2.01205,0.66528,12.849,1,0.341236,3.97903,0,141.389,3.62463,141.402,0.84672,12.849,0.84672,3695.15,0,36.966,0.173036,3.14032,1.81279,6.41955,0.9288,10.2708,0.42336,36.966,0.42336,423.524,0,1.02816,0,0,4.16848,3.14032,1.028160,1,0,153.685,0,0,0,153.685,0
72.29,1.75741,0,0,4.31655,0.293982,2.26516,3.6288,61.308,0.406878,0,0,2.09231,0.201364,1.48406,0.66528,12.849,1,0.312366,2.26516,0,102.335,3.35202,100.936,0.84672,12.849,0.84672,3695.15,0,36.966,0.245329,2.10471,1.57349,5.42469,0.78731,8.07025,0.42336,36.966,0.42336,423.524,0,1.02816,0,0,3.13287,2.10471,1.028160,1,0,110.49,0,0,0,110.49,0
72.29,1.75789,0,0,5.84143,0.293982,3.78956,3.6288,61.308,0.407084,0,0,2.9154,0.201364,2.30695,0.66528,12.849,1,0.312451,3.78956,0,160.702,3.35202,160.827,0.84672,12.849,0.84672,3695.15,0,36.966,0.245453,3.5963,1.68613,6.81737,0.78731,11.067,0.42336,36.966,0.42336,423.524,0,1.02816,0,0,4.62446,3.5963,1.028160,1,0,174.201,0,0,0,174.201,0
72.29,1.75837,0,0,7.29173,0.289884,5.24347,3.6288,61.308,0.407289,0,0,3.19712,0.167001,2.62283,0.66528,12.849,1,0.312537,5.24347,0,210.543,2.81409,212.66,0.84672,12.849,0.84672,3695.15,0,36.966,0.245577,4.41334,1.68649,9.06075,0.69518,14.2198,0.42336,36.966,0.42336,423.524,0,1.02816,0,0,5.4415,4.41334,1.028160,1,0,229.502,0,0,0,229.502,0
72.29,1.75885,0,0,6.56927,0.291131,4.51929,3.6288,61.308,0.407495,0,0,2.66431,0.160642,2.09617,0.66528,12.849,1,0.312622,4.51929,0,227.24,2.84058,228.606,0.84672,12.849,0.84672,3695.15,0,36.966,0.245701,3.92284,1.68685,6.68104,0.686101,11.3589,0.42336,36.966,0.42336,423.524,0,1.02816,0,0,4.951,3.92284,1.028160,1,0,242.061,0,0,0,242.061,0
72.29,1.833,0,0,5.80677,0.302708,3.67107,3.6288,61.308,0.442308,0,0,2.24805,0.15685,1.64889,0.66528,12.849,1,0.325801,3.67107,0,190.35,3.53745,190.157,0.84672,12.849,0.84672,3695.15,0,36.966,0.266692,2.36271,1.68721,6.2123,0.723759,9.27177,0.42336,36.966,0.42336,423.524,0,1.02816,0,0,3.39087,2.36271,1.028160,1,0,201.078,0,0,0,201.078,0
72.29,1.85292,0,0,8.37605,0.302708,6.22042,3.6288,61.308,0.428248,0,0,2.62563,0.15685,2.04053,0.66528,12.849,1,0.329343,6.22042,0,186.493,3.53745,188.846,0.84672,12.849,0.84672,3695.15,0,36.966,0.258215,3.59361,1.74669,9.50994,0.723759,13.8683,0.42336,36.966,0.42336,423.524,0,1.02816,0,0,4.62177,3.59361,1.028160,1,0,204.755,0,0,0,204.755,0
72.29,1.85371,0,0,7.06866,0.29378,4.92117,3.6288,61.308,0.428248,0,0,3.51586,0.161608,2.926,0.66528,12.849,1,0.329484,4.92117,0,217.692,3.59562,218.688,0.84672,12.849,0.84672,3695.15,0,36.966,0.258215,4.57591,1.73367,9.21767,0.735209,14.5338,0.42336,36.966,0.42336,423.524,0,1.02816,0,0,5.60407,4.57591,1.028160,1,0,236.148,0,0,0,236.148,0
72.29,1.85451,0,0,5.66019,0.226104,3.57958,3.6288,61.308,0.428248,0,0,2.05481,0.203562,1.423,0.66528,12.849,1,0.329624,3.57958,0,216.819,3.91746,216.152,0.84672,12.849,0.84672,3695.15,0,36.966,0.258215,2.50216,1.73385,6.14999,0.84278,9.285,0.42336,36.966,0.42336,423.524,0,1.02816,0,0,3.53032,2.50216,1.028160,1,0,226.86,0,0,0,226.86,0
72.29,1.82647,0,0,5.83212,0.226465,3.77919,3.6288,61.308,0.414795,0,0,2.15676,0.222612,1.51935,0.66528,12.849,1,0.324641,3.77919,0,151.566,4.60152,150.419,0.84672,12.849,0.84672,3695.15,0,36.966,0.250103,2.08966,1.73402,7.09684,0.953133,9.71729,0.42336,36.966,0.42336,423.524,0,1.02816,0,0,3.11782,2.08966,1.028160,1,0,161.656,0,0,0,161.656,0
72.29,1.80894,0,0,5.76905,0.217822,3.74229,3.6288,61.308,0.428245,0,0,2.18114,0.21191,1.54099,0.66528,12.849,1,0.321525,3.74229,0,168.502,4.40559,167.517,0.84672,12.849,0.84672,3695.15,0,36.966,0.258213,2.58825,1.71117,6.7307,0.950657,9.82125,0.42336,36.966,0.42336,423.524,0,1.02816,0,0,3.61641,2.58825,1.028160,1,0,178.879,0,0,0,178.879,0
72.29,1.80972,0,0,4.88232,0.217822,2.85477,3.6288,61.308,0.428245,0,0,2.12774,0.21191,1.48758,0.66528,12.849,1,0.321664,2.85477,0,129.23,4.40559,127.358,0.84672,12.849,0.84672,3695.15,0,36.966,0.258213,2.52373,1.72396,6.00017,0.950657,9.03899,0.42336,36.966,0.42336,423.524,0,1.02816,0,0,3.55189,2.52373,1.028160,1,0,137.884,0,0,0,137.884,0
72.29,1.8105,0,0,4.40668,0.217822,2.37835,3.6288,61.308,0.428245,0,0,2.0318,0.21191,1.39164,0.66528,12.849,1,0.321803,2.37835,0,117.401,4.40559,115.052,0.84672,12.849,0.84672,3695.15,0,36.966,0.258213,2.08273,1.72414,5.86777,0.950657,8.46577,0.42336,36.966,0.42336,423.524,0,1.02816,0,0,3.11089,2.08273,1.028160,1,0,124.91,0,0,0,124.91,0
72.29,1.90924,0,0,4.29196,0.143536,2.23919,3.6288,61.308,0.476002,0,0,1.82569,0.235426,1.11426,0.66528,12.849,1,0.339352,2.23919,0,102.812,4.56604,100.145,0.84672,12.849,0.84672,3695.15,0,36.966,0.287008,1.98756,1.72431,5.44512,1.06952,7.80046,0.42336,36.966,0.42336,423.524,0,1.02816,0,0,3.01572,1.98756,1.028160,1,0,109.06,0,0,0,109.06,0
72.29,1.97504,0,0,4.37499,0.147382,2.25257,3.6288,61.308,0.428257,0,0,1.89343,0.243472,1.2217,0.66528,12.849,1,0.351048,2.25257,0,97.8566,4.31225,95.4459,0.84672,12.849,0.84672,3695.15,0,36.966,0.25822,1.99591,1.80524,5.15673,1.06205,7.63761,0.42336,36.966,0.42336,423.524,0,1.02816,0,0,3.02407,1.99591,1.028160,1,0,104.305,0,0,0,104.305,0
72.29,1.97586,0,0,4.02834,0.147382,1.9051,3.6288,61.308,0.428257,0,0,1.63985,0.243472,0.968117,0.66528,12.849,1,0.351194,1.9051,0,84.8604,4.31225,82.102,0.84672,12.849,0.84672,3695.15,0,36.966,0.25822,1.83276,1.76064,4.47991,1.06205,6.75303,0.42336,36.966,0.42336,423.524,0,1.02816,0,0,2.86092,1.83276,1.028160,1,0,89.8232,0,0,0,89.8232,0
72.29,1.97668,0,0,3.67795,0.147382,1.55389,3.6288,61.308,0.428257,0,0,1.53573,0.243472,0.863996,0.66528,12.849,1,0.35134,1.55389,0,75.3149,4.31225,72.2052,0.84672,12.849,0.84672,3695.15,0,36.966,0.25822,1.7066,1.76082,4.36835,1.06205,6.51549,0.42336,36.966,0.42336,423.524,0,1.02816,0,0,2.73476,1.7066,1.028160,1,0,79.5847,0,0,0,79.5847,0
72.29,1.9775,0,0,3.37065,0.146612,1.24654,3.6288,61.308,0.428257,0,0,1.39126,0.243633,0.719366,0.66528,12.849,1,0.351486,1.24654,0,72.6771,4.3563,69.2158,0.84672,12.849,0.84672,3695.15,0,36.966,0.25822,1.38201,1.761,4.03283,1.07408,5.84355,0.42336,36.966,0.42336,423.524,0,1.02816,0,0,2.41017,1.38201,1.028160,1,0,75.7788,0,0,0,75.7788,0
72.29,1.95893,0,0,2.92261,0.137764,0.825919,3.6288,61.308,0.454536,0,0,1.24104,0.250492,0.536013,0.66528,12.849,1,0.348185,0.825919,0,70.0229,4.62696,65.8737,0.84672,12.849,0.84672,3695.15,0,36.966,0.274065,0.734538,1.76118,2.93824,1.16573,3.99417,0.42336,36.966,0.42336,423.524,0,1.02816,0,0,1.7627,0.734538,1.028160,1,0,70.4038,0,0,0,70.4038,0
72.29,1.99551,0,0,2.76123,0.112373,0.653347,3.6288,61.308,0.428264,0,0,1.16834,0.28586,0.454221,0.66528,12.849,1,0.354687,0.653347,0,66.6006,4.66494,62.2343,0.84672,12.849,0.84672,3695.15,0,36.966,0.258224,0.675622,1.78963,3.00792,1.28289,3.93205,0.42336,36.966,0.42336,423.524,0,1.02816,0,0,1.70378,0.675622,1.028160,1,0,66.6206,0,0,0,66.6206,0
72.29,1.99634,0,0,2.62739,0.112373,0.51868,3.6288,61.308,0.428264,0,0,1.08686,0.28586,0.372737,0.66528,12.849,1,0.354834,0.51868,0,60.3735,4.66494,55.8724,0.84672,12.849,0.84672,3695.15,0,36.966,0.258224,0.613889,1.76516,2.86408,1.28289,3.70201,0.42336,36.966,0.42336,423.524,0,1.02816,0,0,1.64205,0.613889,1.028160,1,0,59.9471,0,0,0,59.9471,0
72.2428,1.99716,0,0,2.42517,0.112373,0.36288,3.6288,61.308,0.428264,0,0,0.97194,0.28586,0.257816,0.66528,12.849,1,0.35498,0.36288,0,57.1303,4.66494,52.4732,0.84672,12.849,0.84672,3695.15,0,36.966,0.258224,0.532155,1.76535,2.67898,1.28289,3.43537,0.42336,36.966,0.42336,423.524,0,1.02816,0,0,1.56031,0.532155,1.028160,1,0,56.1664,0,0,0,56.1664,0
71.879,2.04792,0,0,2.14834,0.10134,0.36288,3.6288,61.308,0.451707,0,0,0.844068,0.30135,0.0910107,0.66528,12.849,1,0.36424,0.36288,0,58.1289,5.15971,52.9678,0.84672,12.849,0.84672,3695.15,0,36.966,0.272359,0.330636,1.76553,2.41707,1.37518,2.8657,0.42336,36.966,0.42336,423.524,0,1.02816,0,0,1.3588,0.330636,1.028160,1,0,55.9245,0,0,0,55.9245,0
71.3195,2.07907,0,0,1.97914,0.0966751,0.36288,3.6288,61.308,0.428269,0,0,0.779734,0.307546,0.0439186,0.66528,12.849,1,0.371652,0.36288,0,44.3997,5.35763,39.0334,0.84672,12.849,0.84672,3695.15,0,36.966,0.258227,0.358664,1.80581,2.19287,1.41209,2.68702,0.42336,36.966,0.42336,423.524,0,1.02816,0,0,1.38682,0.358664,1.028160,1,0,41.7643,0,0,0,41.7643,0
70.5829,2.07744,0,0,1.80003,0.0962634,0.36288,3.6288,61.2454,0.481232,0,0,0.726166,0.307546,0,0.66528,12.849,1,0.374275,0.36288,0,41.3906,5.35763,36.0216,0.84672,12.849,0.84672,3695.15,0,36.966,0.290162,0.227405,1.78401,1.95429,1.41209,2.26345,0.42336,36.966,0.42336,423.524,0,0.943263,0,0,1.17067,0.227405,1.028160,1,0,38.285,0,0,0,38.285,0
70.0169,2.07498,0,0,1.9602,0.0883514,0.36288,3.6288,61.308,0.428105,0,0,0.857131,0.305625,0.0607895,0.66528,12.849,1,0.377732,0.36288,0,41.5865,5.46576,36.1059,0.84672,12.849,0.84672,3695.15,0,36.966,0.258392,0.447129,1.7842,2.76323,1.438,3.29816,0.42336,36.966,0.42336,423.524,0,1.02816,0,0,1.47529,0.447129,1.028160,1,0,39.4648,0,0,0,39.4648,0
69.0999,2.21948,0,0,1.75393,0.0885597,0.36288,3.6288,61.2543,0.512968,0,0,0.748214,0.288918,0,0.66528,12.849,1,0.407303,0.36288,0,38.7713,5.70509,33.0218,0.84672,12.849,0.84672,3695.15,0,36.966,0.309297,0.340157,1.78438,2.28076,1.48597,2.61003,0.42336,36.966,0.42336,423.524,0,1.02816,0,0,1.36832,0.340157,1.028160,1,0,35.6318,0,0,0,35.6318,0
67.4873,2.33028,0,0,1.19551,0.115004,0.36288,3.6288,60.86,0.590918,0,0,0.515629,0.319071,0,0.66528,12.849,1,0.433311,0.36288,0,32.0836,5.98994,26.0232,0.84672,12.849,0.84672,3695.15,0,36.966,0.356609,0.227405,1.9219,1.64166,1.47871,1.95565,0.42336,36.966,0.42336,423.524,0,0.767163,0,0,0.994568,0.227405,1.028160,1,0,27.9789,0,0,0,27.9789,0
65.8191,2.32248,0,0,1.13073,0.113561,0.36288,3.6288,60.4021,0.613824,0,0,0.474242,0.318275,0,0.66528,12.849,1,0.44218,0.36288,0,28.8338,5.98994,22.7645,0.84672,12.849,0.84672,3695.15,0,36.966,0.372833,0.204422,1.84267,1.62303,1.47871,1.81858,0.42336,36.966,0.42336,423.524,0,0.728032,0,0,0.932455,0.204422,1.028160,1,0,24.5831,0,0,0,24.5831,0
64.5916,2.314,0,0,1.56152,0.11207,0.36288,3.6288,60.0759,0.534064,0,0,0.525209,0.317351,0,0.66528,12.849,1,0.451732,0.36288,0,30.9283,5.98994,24.8495,0.84672,12.849,0.84672,3695.15,0,36.966,0.326847,0.204422,1.84287,1.80932,1.47871,2.05105,0.42336,36.966,0.42336,423.524,0,0.853779,0,0,1.0582,0.204422,1.028160,1,0,26.9005,0,0,0,26.9005,0
64.0571,2.30773,0,0,2.27344,0.137413,0.36288,3.6288,60.0146,0.451055,0,0,0.69912,0.30938,0,0.66528,12.849,1,0.45907,0.36288,0,51.6103,5.85001,45.6641,0.84672,12.849,0.84672,3695.15,0,36.966,0.277544,0.204422,1.84307,2.01208,1.45635,2.32568,0.42336,36.966,0.42336,423.524,0,0.986092,0,0,1.19051,0.204422,1.028160,1,0,47.9897,0,0,0,47.9897,0
62.7759,2.23504,0,0,1.50652,0.189715,0.36288,3.6288,60.4389,0.37383,0,0,1.09121,0.293063,0,0.66528,12.849,1,0.44832,0.36288,0,47.5945,5.35196,42.1571,0.84672,12.849,0.84672,3695.15,0,36.966,0.23026,0.591123,1.84327,1.98442,1.25686,2.93169,0.42336,36.966,0.42336,423.524,0,1.02816,0,0,1.61928,0.591123,1.028160,1,0,45.0888,0,0,0,45.0888,0
61.4543,2.15989,0,0,1.38891,0.187748,0.36288,3.6288,60.5572,0.425974,0,0,0.838123,0.293856,0,0.66528,12.849,1,0.442086,0.36288,0,48.5572,5.35196,43.1261,0.84672,12.849,0.84672,3695.15,0,36.966,0.260537,0.457661,1.76394,1.68095,1.25686,2.38515,0.42336,36.966,0.42336,423.524,0,1.02816,0,0,1.48582,0.457661,1.028160,1,0,45.5112,0,0,0,45.5112,0
59.9139,2.15288,0,0,1.20575,0.230379,0.36288,3.6288,60.635,0.42629,0,0,0.766653,0.262532,0,0.66528,12.849,1,0.450128,0.36288,0,34.5382,4.84791,29.6031,0.84672,12.849,0.84672,3695.15,0,36.966,0.260221,0.301121,1.81236,2.45228,1.12609,3.17946,0.42336,36.966,0.42336,423.524,0,1.02816,0,0,1.32928,0.301121,1.028160,1,0,32.7825,0,0,0,32.7825,0
59.8025,2.1442,0,0,2.55466,0.159073,0.36288,3.6288,60.9483,0.426497,0,0,1.04695,0.307187,0,0.66528,12.849,1,0.45984,0.36288,0,37.318,5.75431,31.4667,0.84672,12.849,0.84672,3695.15,0,36.966,0.260013,0.79596,1.81256,4.11573,1.13145,5.33279,0.42336,36.966,0.42336,423.524,0,1.02816,0,0,1.82412,0.79596,1.028160,1,0,36.7995,0,0,0,36.7995,0
60.7959,2.08723,0,0,3.66314,0.219573,0.36288,3.6288,61.308,0.380538,0,0,1.25182,0.230192,0.281399,0.66528,12.849,1,0.448457,0.36288,0,46.1373,4.98536,41.0663,0.84672,12.849,0.84672,3695.15,0,36.966,0.230801,1.24437,1.81275,4.13914,1.07124,5.89422,0.42336,36.966,0.42336,423.524,0,1.02816,0,0,2.27253,1.24437,1.028160,1,0,47.2419,0,0,0,47.2419,0
59.6297,2.03206,0,0,1.50825,0.279478,0.36288,3.6288,61.308,0.428267,0,0,0.830364,0.238802,0.163295,0.66528,12.849,1,0.429469,0.36288,0,27.4892,5.14478,22.2778,0.84672,12.849,0.84672,3695.15,0,36.966,0.258226,0.671933,1.74186,2.31915,1.22994,3.24478,0.42336,36.966,0.42336,423.524,0,1.02816,0,0,1.70009,0.671933,1.028160,1,0,25.6859,0,0,0,25.6859,0
59.2085,2.02597,0,0,2.28903,0.321369,0.36288,3.6288,61.308,0.428267,0,0,1.32806,0.244667,0.655129,0.66528,12.849,1,0.436556,0.36288,0,36.3177,5.21839,31.0257,0.84672,12.849,0.84672,3695.15,0,36.966,0.258226,1.04612,1.78603,2.46565,1.23393,3.80564,0.42336,36.966,0.42336,423.524,0,1.02816,0,0,2.07428,1.04612,1.028160,1,0,35.4864,0,0,0,35.4864,0
59.2845,2.02424,0,0,2.78316,0.32007,0.36288,3.6288,61.308,0.428267,0,0,1.62823,0.244667,0.9553,0.66528,12.849,1,0.439286,0.36288,0,88.4349,5.21839,83.1401,0.84672,12.849,0.84672,3695.15,0,36.966,0.258226,2.19904,1.78622,5.09914,1.23393,7.59224,0.42336,36.966,0.42336,423.524,0,1.02816,0,0,3.2272,2.19904,1.028160,1,0,91.6876,0,0,0,91.6876,0
59.4317,1.86342,0,0,2.67062,0.297183,0.36288,3.6288,61.308,0.330504,0,0,1.05547,0.214756,0.510211,0.66528,12.849,1,0.403867,0.36288,0,77.334,4.63848,72.6546,0.84672,12.849,0.84672,3695.15,0,36.966,0.199279,1.61701,1.78641,3.76107,1.10629,5.85892,0.42336,36.966,0.42336,423.524,0,1.02816,0,0,2.64517,1.61701,1.028160,1,0,79.0237,0,0,0,79.0237,0
61.0041,1.74312,0,0,3.97326,0.294782,0.36288,3.6288,61.308,0.422968,0,0,1.18733,0.140638,0.623721,0.66528,12.849,1,0.37686,0.36288,0,86.9841,3.3265,83.6436,0.84672,12.849,0.84672,3695.15,0,36.966,0.255031,1.33472,1.62856,4.80707,0.845753,6.66957,0.42336,36.966,0.42336,423.524,0,1.02816,0,0,2.36288,1.33472,1.028160,1,0,90.9369,0,0,0,90.9369,0
65.9413,1.75163,0,0,7.3507,0.298994,0.36288,3.6288,61.308,0.423177,0,0,2.79166,0.140638,2.22785,0.66528,12.849,1,0.368937,0.36288,0,126.237,3.3265,122.905,0.84672,12.849,0.84672,3695.15,0,36.966,0.255157,3.90289,1.71546,9.09849,0.845753,13.6159,0.42336,36.966,0.42336,423.524,0,1.02816,0,0,4.93105,3.90289,1.028160,1,0,138.749,0,0,0,138.749,0
67.7991,1.77523,0,0,4.30447,0.308577,0.36288,3.6288,61.308,0.423387,0,0,1.24971,0.200661,0.625659,0.66528,12.849,1,0.345913,0.36288,0,120.89,4.10466,116.802,0.84672,12.849,0.84672,3695.15,0,36.966,0.255283,1.56074,1.71583,5.10432,1.05715,7.06845,0.42336,36.966,0.42336,423.524,0,1.02816,0,0,2.5889,1.56074,1.028160,1,0,124.496,0,0,0,124.496,0
69.8519,1.78369,0,0,4.5281,0.32873,0.36288,3.6288,61.308,0.423596,0,0,1.24359,0.278886,0.541107,0.66528,12.849,1,0.338037,0.36288,0,95.0711,5.4348,89.6611,0.84672,12.849,0.84672,3695.15,0,36.966,0.25541,1.52692,1.7162,6.19597,1.46203,7.72166,0.42336,36.966,0.42336,423.524,0,1.02816,0,0,2.55508,1.52692,1.028160,1,0,97.9239,0,0,0,97.9239,0
70.9163,1.85672,0,0,3.59333,0.309391,0.36288,3.6288,61.308,0.452146,0,0,0.951437,0.177548,0.321743,0.66528,12.849,1,0.341536,0.36288,0,47.6968,3.55551,44.1626,0.84672,12.849,0.84672,3695.15,0,36.966,0.272624,0.900668,1.71657,2.75715,0.801163,4.3006,0.42336,36.966,0.42336,423.524,0,1.02816,0,0,1.92883,0.900668,1.028160,1,0,48.7849,0,0,0,48.7849,0
71.1899,1.89427,0,0,2.83862,0.307796,0.36288,3.6288,61.308,0.545488,0,0,0.729536,0.160658,0.0233892,0.66528,12.849,1,0.343214,0.36288,0,54.2885,3.24229,51.0659,0.84672,12.849,0.84672,3695.15,0,36.966,0.328905,0.503194,1.76627,2.15902,0.691019,3.40856,0.42336,36.966,0.42336,423.524,0,0.840223,0,0,1.34342,0.503194,1.028160,1,0,54.4978,0,0,0,54.4978,0
72.29,1.89616,0,0,5.21686,0.308442,1.91218,3.6288,61.308,0.428244,0,0,1.31911,0.160658,0.73021,0.66528,12.849,1,0.342237,1.91218,0,91.1855,3.24229,89.5132,0.84672,12.849,0.84672,3695.15,0,36.966,0.258212,0.681592,1.74402,2.46037,0.691019,3.93675,0.42336,36.966,0.42336,423.524,0,1.02816,0,0,1.70975,0.681592,1.028160,1,0,94.1801,0,0,0,94.1801,0
72.29,1.90136,0,0,5.54792,0.311038,3.33552,3.6288,61.308,0.428244,0,0,1.80683,0.160658,1.21793,0.66528,12.849,1,0.337953,3.33552,0,85.7701,3.24229,85.5254,0.84672,12.849,0.84672,3695.15,0,36.966,0.258212,1.3903,1.74419,2.88729,0.691019,5.07255,0.42336,36.966,0.42336,423.524,0,1.02816,0,0,2.41846,1.3903,1.028160,1,0,91.8159,0,0,0,91.8159,0
72.29,2.10943,0,0,5.94973,0.313761,3.52654,3.6288,61.308,0.534741,0,0,2.37872,0.146619,1.69736,0.66528,12.849,1,0.374936,3.52654,0,124.001,3.17916,123.974,0.84672,12.849,0.84672,3695.15,0,36.966,0.322425,2.39385,1.74436,3.74478,0.722796,6.83777,0.42336,36.966,0.42336,423.524,0,1.02816,0,0,3.42201,2.39385,1.028160,1,0,132.509,0,0,0,132.509,0
72.29,2.2552,0,0,3.92216,0.280853,1.3861,3.6288,61.308,0.428269,0,0,2.61484,0.145238,2.04133,0.66528,12.849,1,0.400846,1.3861,0,108.069,2.83731,106.217,0.84672,12.849,0.84672,3695.15,0,36.966,0.258227,2.42782,1.92217,4.91413,0.822088,8.18381,0.42336,36.966,0.42336,423.524,0,1.02816,0,0,3.45598,2.42782,1.028160,1,0,116.442,0,0,0,116.442,0
72.29,2.25607,0,0,5.43757,0.295312,2.88619,3.6288,61.308,0.428269,0,0,1.76588,0.137702,1.19991,0.66528,12.849,1,0.400999,2.88619,0,152.581,2.88108,152.185,0.84672,12.849,0.84672,3695.15,0,36.966,0.258227,2.23559,1.82249,3.85563,0.802921,6.85256,0.42336,36.966,0.42336,423.524,0,1.02816,0,0,3.26375,2.23559,1.028160,1,0,160.237,0,0,0,160.237,0
72.29,2.25693,0,0,8.00065,0.351771,5.39195,3.6288,61.308,0.428269,0,0,1.9854,0.146292,1.41084,0.66528,12.849,1,0.401151,5.39195,0,147.786,2.91503,149.862,0.84672,12.849,0.84672,3695.15,0,36.966,0.258227,4.486,1.82268,5.02749,0.796117,10.2818,0.42336,36.966,0.42336,423.524,0,1.02816,0,0,5.51416,4.486,1.028160,1,0,161.555,0,0,0,161.555,0
72.29,1.96185,0,0,5.7544,0.340025,3.45252,3.6288,61.308,0.285217,0,0,1.44235,0.182027,0.975109,0.66528,12.849,1,0.348704,3.45252,0,165.072,3.36151,164.814,0.84672,12.849,0.84672,3695.15,0,36.966,0.171973,1.99943,1.82287,4.56316,0.977268,7.23621,0.42336,36.966,0.42336,423.524,0,1.02816,0,0,3.02759,1.99943,1.028160,1,0,173.025,0,0,0,173.025,0
72.29,1.78246,0,0,5.61641,0.313156,3.5208,3.6288,61.308,0.417571,0,0,2.54459,0.16931,1.95771,0.66528,12.849,1,0.316819,3.5208,0,168.697,3.49466,168.406,0.84672,12.849,0.84672,3695.15,0,36.966,0.251776,4.12907,1.58058,6.96621,1.01982,11.4043,0.42336,36.966,0.42336,423.524,0,1.02816,0,0,5.15723,4.12907,1.028160,1,0,181.768,0,0,0,181.768,0
72.29,1.78293,0,0,4.95574,0.319984,2.85282,3.6288,61.308,0.417772,0,0,2.08356,0.144612,1.52118,0.66528,12.849,1,0.316903,2.85282,0,183.603,3.09141,183.047,0.84672,12.849,0.84672,3695.15,0,36.966,0.251898,3.0072,1.7049,5.21733,0.901425,8.7761,0.42336,36.966,0.42336,423.524,0,1.02816,0,0,4.03536,3.0072,1.028160,1,0,193.344,0,0,0,193.344,0
72.29,1.7834,0,0,7.05816,0.319984,4.95477,3.6288,61.308,0.417974,0,0,2.87168,0.144612,2.30909,0.66528,12.849,1,0.316987,4.95477,0,155.779,3.09141,157.326,0.84672,12.849,0.84672,3695.15,0,36.966,0.25202,5.97291,1.70525,7.05154,0.901425,13.5763,0.42336,36.966,0.42336,423.524,0,1.02816,0,0,7.00107,5.97291,1.028160,1,0,173.211,0,0,0,173.211,0
72.29,1.78388,0,0,9.3509,0.32025,7.24677,3.6288,61.308,0.418176,0,0,4.53103,0.133257,3.9796,0.66528,12.849,1,0.317071,7.24677,0,169.154,3.03931,173.044,0.84672,12.849,0.84672,3695.15,0,36.966,0.252142,6.63005,1.70561,9.09232,0.88265,16.2932,0.42336,36.966,0.42336,423.524,0,1.02816,0,0,7.65821,6.63005,1.028160,1,0,193.317,0,0,0,193.317,0
72.29,1.85893,0,0,5.18598,0.26798,3.05907,3.6288,61.308,0.453415,0,0,2.76477,0.205156,2.1062,0.66528,12.849,1,0.330411,3.05907,0,127.61,3.54606,126.793,0.84672,12.849,0.84672,3695.15,0,36.966,0.273389,3.01408,1.70596,4.22089,1.25757,7.40997,0.42336,36.966,0.42336,423.524,0,1.02816,0,0,4.04224,3.01408,1.028160,1,0,136.309,0,0,0,136.309,0
72.29,1.89396,0,0,5.81576,0.26798,3.65381,3.6288,61.308,0.428244,0,0,2.1837,0.205156,1.5503,0.66528,12.849,1,0.336638,3.65381,0,133.208,3.54606,132.979,0.84672,12.849,0.84672,3695.15,0,36.966,0.258212,3.83408,1.76617,3.73271,1.25757,7.81717,0.42336,36.966,0.42336,423.524,0,1.02816,0,0,4.86224,3.83408,1.028160,1,0,142.347,0,0,0,142.347,0
72.29,1.89474,0,0,4.04324,0.26798,1.88052,3.6288,61.308,0.428244,0,0,1.85918,0.205156,1.22578,0.66528,12.849,1,0.336776,1.88052,0,115.694,3.54606,113.692,0.84672,12.849,0.84672,3695.15,0,36.966,0.258212,2.99994,1.74273,2.40195,1.25757,5.62884,0.42336,36.966,0.42336,423.524,0,1.02816,0,0,4.0281,2.99994,1.028160,1,0,120.546,0,0,0,120.546,0
72.29,1.89552,0,0,3.54174,0.234074,1.41215,3.6288,61.308,0.428245,0,0,1.63387,0.232503,0.973119,0.66528,12.849,1,0.336914,1.41215,0,90.6085,3.98752,87.6963,0.84672,12.849,0.84672,3695.15,0,36.966,0.258212,2.38591,1.7429,1.96532,1.3444,4.49151,0.42336,36.966,0.42336,423.524,0,1.02816,0,0,3.41407,2.38591,1.028160,1,0,93.1609,0,0,0,93.1609,0
72.29,1.86711,0,0,3.4896,0.214558,1.40794,3.6288,61.308,0.414624,0,0,1.58441,0.244779,0.925008,0.66528,12.849,1,0.331864,1.40794,0,91.3283,4.47695,87.9274,0.84672,12.849,0.84672,3695.15,0,36.966,0.25,2.27705,1.74307,2.55062,1.39415,4.92659,0.42336,36.966,0.42336,423.524,0,1.02816,0,0,3.30521,2.27705,1.028160,1,0,93.779,0,0,0,93.779,0
72.29,1.84934,0,0,3.19353,0.213129,1.13106,3.6288,61.308,0.428241,0,0,1.44179,0.22402,0.78953,0.66528,12.849,1,0.328706,1.13106,0,82.6053,4.10182,79.3058,0.84672,12.849,0.84672,3695.15,0,36.966,0.258211,1.9247,1.71993,2.42182,1.30183,4.50641,0.42336,36.966,0.42336,423.524,0,1.02816,0,0,2.95286,1.9247,1.028160,1,0,84.6018,0,0,0,84.6018,0
72.29,1.85011,0,0,2.91236,0.204487,0.857769,3.6288,61.308,0.428242,0,0,1.3008,0.212642,0.659912,0.66528,12.849,1,0.328842,0.857769,0,74.2029,3.8659,70.8659,0.84672,12.849,0.84672,3695.15,0,36.966,0.258211,1.68962,1.73287,2.23389,1.24199,4.15618,0.42336,36.966,0.42336,423.524,0,1.02816,0,0,2.71778,1.68962,1.028160,1,0,75.682,0,0,0,75.682,0
72.29,1.85087,0,0,2.70794,0.182883,0.674185,3.6288,61.308,0.428242,0,0,1.23456,0.184198,0.622122,0.66528,12.849,1,0.328979,0.674185,0,70.5128,3.27611,67.5819,0.84672,12.849,0.84672,3695.15,0,36.966,0.258211,1.6834,1.73304,2.06028,1.0924,4.12611,0.42336,36.966,0.42336,423.524,0,1.02816,0,0,2.71156,1.6834,1.028160,1,0,72.3301,0,0,0,72.3301,0
72.29,1.9508,0,0,2.5749,0.163131,0.460968,3.6288,61.308,0.476588,0,0,1.3115,0.204433,0.630479,0.66528,12.849,1,0.34674,0.460968,0,59.6274,3.60287,56.1388,0.84672,12.849,0.84672,3695.15,0,36.966,0.287362,1.99384,1.73321,2.20439,1.15186,4.49221,0.42336,36.966,0.42336,423.524,0,1.02816,0,0,3.022,1.99384,1.028160,1,0,61.2615,0,0,0,61.2615,0
71.8342,2.01739,0,0,2.03826,0.113753,0.36288,3.6288,61.308,0.428253,0,0,0.975084,0.25502,0.291812,0.66528,12.849,1,0.358576,0.36288,0,45.3848,4.41976,40.9693,0.84672,12.849,0.84672,3695.15,0,36.966,0.258217,0.955411,1.81514,1.6291,1.3005,2.84094,0.42336,36.966,0.42336,423.524,0,1.02816,0,0,1.98357,0.955411,1.028160,1,0,44.1021,0,0,0,44.1021,0
71.1779,2.01627,0,0,1.83617,0.113359,0.36288,3.6288,61.308,0.428253,0,0,0.908107,0.25502,0.224834,0.66528,12.849,1,0.36065,0.36288,0,42.2089,4.41976,37.7914,0.84672,12.849,0.84672,3695.15,0,36.966,0.258218,0.797593,1.76998,1.50241,1.3005,2.51127,0.42336,36.966,0.42336,423.524,0,1.02816,0,0,1.82575,0.797593,1.028160,1,0,40.5275,0,0,0,40.5275,0
70.4683,2.01426,0,0,1.78029,0.112793,0.36288,3.6288,61.308,0.428253,0,0,0.83046,0.25502,0.147187,0.66528,12.849,1,0.363612,0.36288,0,38.8041,4.41976,34.3836,0.84672,12.849,0.84672,3695.15,0,36.966,0.258218,0.595503,1.77016,1.3974,1.3005,2.20435,0.42336,36.966,0.42336,423.524,0,1.02816,0,0,1.62366,0.595503,1.028160,1,0,36.7352,0,0,0,36.7352,0
69.5941,2.01196,0,0,1.58442,0.0837883,0.36288,3.6288,61.308,0.428253,0,0,0.788253,0.273907,0.0860934,0.66528,12.849,1,0.366856,0.36288,0,34.329,4.63396,29.691,0.84672,12.849,0.84672,3695.15,0,36.966,0.258218,0.527213,1.77034,1.35939,1.35523,2.04349,0.42336,36.966,0.42336,423.524,0,1.02816,0,0,1.55537,0.527213,1.028160,1,0,31.8206,0,0,0,31.8206,0
69.2872,1.98935,0,0,2.1425,0.0971199,0.36288,3.6288,61.308,0.454856,0,0,0.798595,0.25156,0.0921792,0.66528,12.849,1,0.36729,0.36288,0,43.3279,5.01385,38.3096,0.84672,12.849,0.84672,3695.15,0,36.966,0.274258,0.851247,1.77051,1.98201,1.27586,3.05366,0.42336,36.966,0.42336,423.524,0,1.02816,0,0,1.87941,0.851247,1.028160,1,0,41.4554,0,0,0,41.4554,0
68.8002,2.02475,0,0,1.99754,0.096889,0.36288,3.6288,61.308,0.428259,0,0,0.767327,0.25156,0.0875077,0.66528,12.849,1,0.375481,0.36288,0,42.7549,5.01385,37.7284,0.84672,12.849,0.84672,3695.15,0,36.966,0.258221,0.775509,1.7993,2.02526,1.27586,3.066,0.42336,36.966,0.42336,423.524,0,1.02816,0,0,1.80367,0.775509,1.028160,1,0,40.8819,0,0,0,40.8819,0
68.127,2.02331,0,0,1.80949,0.0965227,0.36288,3.6288,61.308,0.428259,0,0,0.733251,0.25156,0.0534314,0.66528,12.849,1,0.37787,0.36288,0,42.017,5.01385,36.9882,0.84672,12.849,0.84672,3695.15,0,36.966,0.258221,0.685869,1.77453,1.91327,1.27586,2.8396,0.42336,36.966,0.42336,423.524,0,1.02816,0,0,1.71403,0.685869,1.028160,1,0,39.8812,0,0,0,39.8812,0
67.2993,2.02098,0,0,1.64757,0.0914062,0.36288,3.6288,61.308,0.428259,0,0,0.693446,0.262529,0.00265789,0.66528,12.849,1,0.381163,0.36288,0,36.9874,5.155,31.8141,0.84672,12.849,0.84672,3695.15,0,36.966,0.258221,0.522141,1.77471,1.85699,1.32738,2.56824,0.42336,36.966,0.42336,423.524,0,1.02816,0,0,1.5503,0.522141,1.028160,1,0,34.385,0,0,0,34.385,0
66.3753,2.06803,0,0,1.5698,0.0629549,0.36288,3.6288,61.23,0.451991,0,0,0.697531,0.323584,0,0.66528,12.849,1,0.394834,0.36288,0,32.7145,5.97352,26.709,0.84672,12.849,0.84672,3695.15,0,36.966,0.27253,0.503237,1.77489,1.76916,1.58135,2.19341,0.42336,36.966,0.42336,423.524,0,1.02816,0,0,1.5314,0.503237,1.028160,1,0,28.9024,0,0,0,28.9024,0
65.466,2.0961,0,0,1.61197,0.0622149,0.36288,3.6288,61.2011,0.42806,0,0,0.71909,0.319857,0,0.66528,12.849,1,0.405766,0.36288,0,43.8686,5.95224,37.8734,0.84672,12.849,0.84672,3695.15,0,36.966,0.25843,0.662075,1.81566,1.94494,1.53998,2.62427,0.42336,36.966,0.42336,423.524,0,1.02816,0,0,1.69023,0.662075,1.028160,1,0,40.4977,0,0,0,40.4977,0
64.4526,2.09221,0,0,1.5034,0.0617655,0.36288,3.6288,61.0903,0.427984,0,0,0.636906,0.319799,0,0.66528,12.849,1,0.410638,0.36288,0,34.7039,5.95224,28.7039,0.84672,12.849,0.84672,3695.15,0,36.966,0.258506,0.64031,1.79359,1.77527,1.53998,2.41068,0.42336,36.966,0.42336,423.524,0,1.02816,0,0,1.66847,0.64031,1.028160,1,0,31.1146,0,0,0,31.1146,0
63.3083,2.08764,0,0,1.36749,0.0612646,0.36288,3.6288,60.9412,0.427692,0,0,0.598259,0.319574,0,0.66528,12.849,1,0.416184,0.36288,0,31.9114,5.95224,25.9059,0.84672,12.849,0.84672,3695.15,0,36.966,0.258798,0.379192,1.79377,1.62476,1.53998,1.99895,0.42336,36.966,0.42336,423.524,0,1.02816,0,0,1.40735,0.379192,1.028160,1,0,27.9048,0,0,0,27.9048,0
62.1717,2.22784,0,0,1.50056,0.0463676,0.36288,3.6288,60.8024,0.512841,0,0,0.705579,0.331588,0,0.66528,12.849,1,0.45216,0.36288,0,31.8427,6.13054,25.6229,0.84672,12.849,0.84672,3695.15,0,36.966,0.311081,0.806086,1.79396,2.33195,1.58206,3.03886,0.42336,36.966,0.42336,423.524,0,1.02816,0,0,1.83425,0.806086,1.028160,1,0,28.6618,0,0,0,28.6618,0
60.6824,2.31963,0,0,1.2218,0.0286167,0.36288,3.6288,60.5182,0.439024,0,0,0.521188,0.366398,0,0.66528,12.849,1,0.479398,0.36288,0,23.3051,6.07875,17.1098,0.84672,12.849,0.84672,3695.15,0,36.966,0.266913,0.357877,1.93315,1.6544,1.61046,2.06805,0.42336,36.966,0.42336,423.524,0,1.02816,0,0,1.38604,0.357877,1.028160,1,0,19.1779,0,0,0,19.1779,0
59.3505,2.31046,0,0,1.36522,0.0237975,0.36288,3.6288,60.3518,0.438496,0,0,0.640462,0.368315,0,0.66528,12.849,1,0.489221,0.36288,0,29.6554,6.15352,23.3756,0.84672,12.849,0.84672,3695.15,0,36.966,0.267844,0.712403,1.8643,1.75606,1.6254,2.43952,0.42336,36.966,0.42336,423.524,0,1.02816,0,0,1.74056,0.712403,1.028160,1,0,25.8151,0,0,0,25.8151,0
57.7407,2.30197,0,0,1.07857,0.0235067,0.36288,3.6288,60.0131,0.438288,0,0,0.467509,0.367925,0,0.66528,12.849,1,0.498362,0.36288,0,30.6035,6.15352,24.3145,0.84672,12.849,0.84672,3695.15,0,36.966,0.268455,0.218808,1.86474,1.39144,1.6254,1.58113,0.42336,36.966,0.42336,423.524,0,1.02816,0,0,1.24697,0.218808,1.028160,1,0,25.8956,0,0,0,25.8956,0
56.3994,2.29114,0,0,1.33583,0.0231426,0.36288,3.6288,59.9862,0.437599,0,0,0.77778,0.367133,0,0.66528,12.849,1,0.509845,0.36288,0,27.1217,6.15352,20.8212,0.84672,12.849,0.84672,3695.15,0,36.966,0.269546,1.19592,1.86517,2.09092,1.6254,3.25707,0.42336,36.966,0.42336,423.524,0,1.02816,0,0,2.22408,1.19592,1.028160,1,0,24.0782,0,0,0,24.0782,0
55.0543,2.21217,0,0,1.19101,-0.0390028,0.36288,3.6288,59.6566,0.386102,0,0,0.426754,0.3702,0,0.66528,12.849,1,0.50398,0.36288,0,22.7334,6.00173,16.5906,0.84672,12.849,0.84672,3695.15,0,36.966,0.237933,0.53098,1.8656,1.49753,1.71983,1.93635,0.42336,36.966,0.42336,423.524,0,1.02816,0,0,1.55914,0.53098,1.028160,1,0,18.5269,0,0,0,18.5269,0
53.6905,2.15236,0,0,1.20344,0.0520258,0.36288,3.6288,59.4342,0.42386,0,0,0.499384,0.297952,0,0.66528,12.849,1,0.502334,0.36288,0,20.2291,4.17007,15.9196,0.84672,12.849,0.84672,3695.15,0,36.966,0.262643,0.811745,1.78549,1.6436,1.29115,2.68704,0.42336,36.966,0.42336,423.524,0,1.02816,0,0,1.83991,0.811745,1.028160,1,0,18.6066,0,0,0,18.6066,0
52.4265,2.14288,0,0,1.30356,0.0618173,0.36288,3.6288,59.3055,0.423254,0,0,0.596057,0.301505,0,0.66528,12.849,1,0.512826,0.36288,0,22.197,4.23517,17.8119,0.84672,12.849,0.84672,3695.15,0,36.966,0.263249,0.888503,1.82224,1.88397,1.32843,3.00304,0.42336,36.966,0.42336,423.524,0,1.02816,0,0,1.91666,0.888503,1.028160,1,0,20.8149,0,0,0,20.8149,0
51.1959,2.13377,0,0,1.32703,0.0610221,0.36288,3.6288,59.1907,0.422902,0,0,0.609429,0.301257,0,0.66528,12.849,1,0.522956,0.36288,0,31.5577,4.23517,27.1624,0.84672,12.849,0.84672,3695.15,0,36.966,0.263601,1.01879,1.82243,2.02925,1.32843,3.27844,0.42336,36.966,0.42336,423.524,0,1.02816,0,0,2.04695,1.01879,1.028160,1,0,30.4409,0,0,0,30.4409,0
50.0005,2.06839,0,0,1.28768,0.0518131,0.36288,3.6288,59.3551,0.375751,0,0,0.804172,0.264108,0,0.66528,12.849,1,0.519118,0.36288,0,45.0549,4.26577,40.6329,0.84672,12.849,0.84672,3695.15,0,36.966,0.234665,1.05811,1.82262,2.65549,1.15933,4.14223,0.42336,36.966,0.42336,423.524,0,1.02816,0,0,2.08627,1.05811,1.028160,1,0,44.7751,0,0,0,44.7751,0
49.1509,1.99877,0,0,1.61515,0.103094,0.36288,3.6288,59.3442,0.432994,0,0,0.629174,0.207026,0,0.66528,12.849,1,0.51364,0.36288,0,34.6628,4.38445,30.1276,0.84672,12.849,0.84672,3695.15,0,36.966,0.269666,0.216518,1.75086,2.86347,1.03308,3.5281,0.42336,36.966,0.42336,423.524,0,1.01199,0,0,1.2285,0.216518,1.028160,1,0,33.6557,0,0,0,33.6557,0
48.0856,1.99251,0,0,1.43913,0.149013,0.36288,3.6288,58.8849,0.688205,0,0,0.429799,0.200959,0,0.66528,12.849,1,0.520882,0.36288,0,30.507,4.44286,25.9061,0.84672,12.849,0.84672,3695.15,0,36.966,0.42336,0.292723,1.79556,2.39284,1.10748,2.95028,0.42336,36.966,0.42336,423.524,0,0.603081,0,0,0.895804,0.292723,1.028160,1,0,28.8564,0,0,0,28.8564,0
47.4898,1.98418,0,0,1.89854,0.147302,0.36288,3.6288,59.2408,0.421735,0,0,0.978013,0.200368,0,0.66528,12.849,1,0.530195,0.36288,0,40.8156,4.44286,36.2054,0.84672,12.849,0.84672,3695.15,0,36.966,0.264751,1.25591,1.79575,4.25323,1.10748,5.93266,0.42336,36.966,0.42336,423.524,0,1.02816,0,0,2.28407,1.25591,1.028160,1,0,42.1381,0,0,0,42.1381,0
50.091,1.82259,0,0,4.92991,0.143204,0.36288,3.6288,60.8611,0.325044,0,0,2.14049,0.195089,0,0.66528,12.849,1,0.493126,0.36288,0,120.407,4.23271,116.044,0.84672,12.849,0.84672,3695.15,0,36.966,0.202826,3.08286,1.79593,7.26838,1.08016,10.8642,0.42336,36.966,0.42336,423.524,0,1.02816,0,0,4.11102,3.08286,1.028160,1,0,126.908,0,0,0,126.908,0
49.9511,1.71748,0,0,2.13518,0.19469,0.36288,3.6288,61.0283,0.42706,0,0,0.764551,0.17026,0,0.66528,12.849,1,0.440556,0.36288,0,80.5863,3.84004,76.6686,0.84672,12.849,0.84672,3695.15,0,36.966,0.259389,1.01795,1.63615,4.86856,1.02406,6.23922,0.42336,36.966,0.42336,423.524,0,1.02816,0,0,2.04611,1.01795,1.028160,1,0,82.9078,0,0,0,82.9078,0
51.6833,1.71721,0,0,4.01777,0.205518,0.36288,3.6288,61.308,0.427503,0,0,1.79601,0.171762,0.917098,0.66528,12.849,1,0.441721,0.36288,0,117.221,3.98475,113.157,0.84672,12.849,0.84672,3695.15,0,36.966,0.258947,2.51603,1.72912,8.0055,1.04203,10.9497,0.42336,36.966,0.42336,423.524,0,1.02816,0,0,3.54419,2.51603,1.028160,1,0,125.024,0,0,0,125.024,0
53.8006,1.72979,0,0,4.41926,0.209285,0.36288,3.6288,61.308,0.42824,0,0,1.08431,0.172066,0.484005,0.66528,12.849,1,0.430043,0.36288,0,132.033,3.98475,127.981,0.84672,12.849,0.84672,3695.15,0,36.966,0.25821,1.92542,1.72929,6.0348,1.04203,8.38926,0.42336,36.966,0.42336,423.524,0,1.02816,0,0,2.95358,1.92542,1.028160,1,0,136.854,0,0,0,136.854,0
56.2092,1.74417,0,0,4.72956,0.213889,0.36288,3.6288,61.308,0.42824,0,0,1.16727,0.172066,0.566966,0.66528,12.849,1,0.416555,0.36288,0,90.0651,3.98475,86.0267,0.84672,12.849,0.84672,3695.15,0,36.966,0.25821,2.31179,1.72946,5.91313,1.04203,8.65414,0.42336,36.966,0.42336,423.524,0,1.02816,0,0,3.33995,2.31179,1.028160,1,0,95.2478,0,0,0,95.2478,0
60.0444,1.822,0,0,6.25521,0.235093,0.36288,3.6288,61.308,0.456923,0,0,1.66285,0.218361,0.98757,0.66528,12.849,1,0.416496,0.36288,0,137.051,4.5336,132.464,0.84672,12.849,0.84672,3695.15,0,36.966,0.275505,4.25291,1.72963,10.9553,1.17305,15.4893,0.42336,36.966,0.42336,423.524,0,1.02816,0,0,5.28107,4.25291,1.028160,1,0,148.941,0,0,0,148.941,0
66.0767,1.88253,0,0,8.52837,0.250669,0.36288,3.6288,61.308,0.42824,0,0,1.84588,0.236879,1.18077,0.66528,12.849,1,0.402846,0.36288,0,234.496,4.75314,229.703,0.84672,12.849,0.84672,3695.15,0,36.966,0.25821,6.37489,1.77973,12.9869,1.22546,19.6578,0.42336,36.966,0.42336,423.524,0,1.02816,0,0,7.40305,6.37489,1.028160,1,0,250.541,0,0,0,250.541,0
69.5803,1.91407,0,0,6.03501,0.254454,0.36288,3.6288,61.308,0.42824,0,0,2.32592,0.223489,1.67419,0.66528,12.849,1,0.372202,0.36288,0,187.029,4.41708,182.603,0.84672,12.849,0.84672,3695.15,0,36.966,0.25821,5.73763,1.75299,12.3732,1.13006,18.4755,0.42336,36.966,0.42336,423.524,0,1.02816,0,0,6.76579,5.73763,1.028160,1,0,202.753,0,0,0,202.753,0
72.29,1.93065,0,0,7.72597,0.238561,2.84711,3.6288,61.308,0.42824,0,0,1.96222,0.190014,1.34397,0.66528,12.849,1,0.356522,2.84711,0,186.434,3.57693,185.348,0.84672,12.849,0.84672,3695.15,0,36.966,0.25821,5.75059,1.75315,11.652,0.891562,18.006,0.42336,36.966,0.42336,423.524,0,1.02816,0,0,6.77875,5.75059,1.028160,1,0,204.698,0,0,0,204.698,0
72.29,2.15256,0,0,7.84361,0.250885,5.44017,3.6288,61.308,0.536025,0,0,2.45662,0.1945,1.72609,0.66528,12.849,1,0.3826,5.44017,0,221.598,3.73446,222.921,0.84672,12.849,0.84672,3695.15,0,36.966,0.323199,5.55596,1.75332,11.4218,0.950055,17.4578,0.42336,36.966,0.42336,423.524,0,1.02816,0,0,6.58412,5.55596,1.028160,1,0,242.105,0,0,0,242.105,0
72.29,2.30006,0,0,8.08272,0.292886,5.48977,3.6288,61.308,0.428264,0,0,1.84817,0.210805,1.2091,0.66528,12.849,1,0.408819,5.48977,0,152.37,4.3095,153.141,0.84672,12.849,0.84672,3695.15,0,36.966,0.258224,5.88735,1.93328,9.32913,1.08824,15.8033,0.42336,36.966,0.42336,423.524,0,1.02816,0,0,6.91551,5.88735,1.028160,1,0,170.154,0,0,0,170.154,0
72.29,2.30091,0,0,6.88795,0.309175,4.27786,3.6288,61.308,0.428264,0,0,1.62917,0.211203,0.9897,0.66528,12.849,1,0.408969,4.27786,0,149.742,4.26489,149.346,0.84672,12.849,0.84672,3695.15,0,36.966,0.258224,4.22567,1.83238,7.78186,1.11865,12.463,0.42336,36.966,0.42336,423.524,0,1.02816,0,0,5.25383,4.22567,1.028160,1,0,162.798,0,0,0,162.798,0
72.29,2.30175,0,0,5.95179,0.309175,3.34086,3.6288,61.308,0.428264,0,0,1.13768,0.211203,0.498214,0.66528,12.849,1,0.409119,3.34086,0,99.3349,4.26489,98.0018,0.84672,12.849,0.84672,3695.15,0,36.966,0.258224,2.93452,1.83257,4.89364,1.11865,8.28385,0.42336,36.966,0.42336,423.524,0,1.02816,0,0,3.96268,2.93452,1.028160,1,0,106.784,0,0,0,106.784,0
72.29,2.00309,0,0,4.64804,0.304711,2.34024,3.6288,61.308,0.283486,0,0,1.05526,0.21174,0.560029,0.66528,12.849,1,0.356034,2.34024,0,89.9545,4.24962,87.6891,0.84672,12.849,0.84672,3695.15,0,36.966,0.170929,2.26065,1.83275,3.74502,1.11592,6.55157,0.42336,36.966,0.42336,423.524,0,1.02816,0,0,3.28881,2.26065,1.028160,1,0,94.8007,0,0,0,94.8007,0
72.29,1.80704,0,0,3.15906,0.293551,1.05847,3.6288,61.308,0.428063,0,0,0.845147,0.213083,0.204002,0.66528,12.849,1,0.321188,1.05847,0,54.8973,4.21144,51.4231,0.84672,12.849,0.84672,3695.15,0,36.966,0.258103,1.59838,1.58754,2.90078,1.10909,4.71951,0.42336,36.966,0.42336,423.524,0,1.02816,0,0,2.62654,1.59838,1.028160,1,0,56.3466,0,0,0,56.3466,0
72.29,1.80755,0,0,4.18819,0.293551,2.08709,3.6288,61.308,0.428232,0,0,1.97578,0.213083,1.33446,0.66528,12.849,1,0.321278,2.08709,0,107.779,4.21144,105.333,0.84672,12.849,0.84672,3695.15,0,36.966,0.258205,2.21549,1.72332,5.43511,1.10909,8.00664,0.42336,36.966,0.42336,423.524,0,1.02816,0,0,3.24365,2.21549,1.028160,1,0,114.674,0,0,0,114.674,0
72.29,1.80828,0,0,3.02329,0.293551,0.921462,3.6288,61.308,0.428232,0,0,0.862462,0.213083,0.221148,0.66528,12.849,1,0.321408,0.921462,0,55.2261,4.21144,51.6147,0.84672,12.849,0.84672,3695.15,0,36.966,0.258205,1.49114,1.72364,2.90396,1.10909,4.75145,0.42336,36.966,0.42336,423.524,0,1.02816,0,0,2.5193,1.49114,1.028160,1,0,56.5873,0,0,0,56.5873,0
72.29,1.80901,0,0,3.50814,0.291363,1.40777,3.6288,61.308,0.428232,0,0,1.2398,0.196909,0.614654,0.66528,12.849,1,0.321538,1.40777,0,74.9234,4.18804,71.8216,0.84672,12.849,0.84672,3695.15,0,36.966,0.258205,2.30863,1.7238,7.56147,1.04588,10.2898,0.42336,36.966,0.42336,423.524,0,1.02816,0,0,3.33679,2.30863,1.028160,1,0,82.7261,0,0,0,82.7261,0
72.29,1.88522,0,0,4.87027,0.326784,2.65827,3.6288,61.308,0.46369,0,0,0.986602,0.185495,0.337417,0.66528,12.849,1,0.335083,2.65827,0,83.4572,3.93283,81.8476,0.84672,12.849,0.84672,3695.15,0,36.966,0.279584,1.45113,1.72396,6.06963,0.995957,7.96919,0.42336,36.966,0.42336,423.524,0,1.02816,0,0,2.47929,1.45113,1.028160,1,0,90.1542,0,0,0,90.1542,0
72.29,1.93423,0,0,4.94709,0.333173,2.67969,3.6288,61.308,0.42824,0,0,1.0564,0.187186,0.440978,0.66528,12.849,1,0.343794,2.67969,0,139.762,3.8955,138.203,0.84672,12.849,0.84672,3695.15,0,36.966,0.25821,1.54553,1.78469,5.59022,1.00168,7.66055,0.42336,36.966,0.42336,423.524,0,1.02816,0,0,2.57369,1.54553,1.028160,1,0,146.304,0,0,0,146.304,0
72.29,1.93499,0,0,5.25485,0.333173,2.98669,3.6288,61.308,0.42824,0,0,1.38814,0.187186,0.77271,0.66528,12.849,1,0.343929,2.98669,0,100.437,3.8955,99.1838,0.84672,12.849,0.84672,3695.15,0,36.966,0.25821,2.23136,1.75161,5.62334,1.00168,8.34642,0.42336,36.966,0.42336,423.524,0,1.02816,0,0,3.25952,2.23136,1.028160,1,0,108.303,0,0,0,108.303,0
72.29,1.93575,0,0,4.48886,0.276995,2.27612,3.6288,61.308,0.42824,0,0,0.950331,0.213345,0.308746,0.66528,12.849,1,0.344065,2.27612,0,66.8703,4.12614,64.6762,0.84672,12.849,0.84672,3695.15,0,36.966,0.25821,1.8273,1.75178,4.96109,1.01545,7.2665,0.42336,36.966,0.42336,423.524,0,1.02816,0,0,2.85546,1.8273,1.028160,1,0,72.2515,0,0,0,72.2515,0
72.29,1.90697,0,0,3.56718,0.241594,1.41861,3.6288,61.308,0.414456,0,0,0.966203,0.216391,0.335355,0.66528,12.849,1,0.33895,1.41861,0,64.8293,3.69786,62.2111,0.84672,12.849,0.84672,3695.15,0,36.966,0.249899,1.49018,1.75194,4.3204,1.03566,6.27696,0.42336,36.966,0.42336,423.524,0,1.02816,0,0,2.51834,1.49018,1.028160,1,0,68.8234,0,0,0,68.8234,0
72.29,1.88897,0,0,3.35645,0.246644,1.22084,3.6288,61.308,0.428237,0,0,1.22558,0.203961,0.593385,0.66528,12.849,1,0.33575,1.22084,0,68.7848,3.24692,66.4229,0.84672,12.849,0.84672,3695.15,0,36.966,0.258208,1.88501,1.72852,4.45295,1.04306,6.76521,0.42336,36.966,0.42336,423.524,0,1.02816,0,0,2.91317,1.88501,1.028160,1,0,73.7815,0,0,0,73.7815,0
72.29,1.88972,0,0,3.64963,0.246644,1.51327,3.6288,61.308,0.428237,0,0,1.05641,0.203961,0.424214,0.66528,12.849,1,0.335883,1.51327,0,70.9681,3.24692,68.8986,0.84672,12.849,0.84672,3695.15,0,36.966,0.258208,1.46201,1.74162,5.45673,1.04306,7.35908,0.42336,36.966,0.42336,423.524,0,1.02816,0,0,2.49017,1.46201,1.028160,1,0,76.6819,0,0,0,76.6819,0
72.29,1.89047,0,0,3.29308,0.204069,1.19854,3.6288,61.308,0.428237,0,0,1.03414,0.224732,0.38117,0.66528,12.849,1,0.336016,1.19854,0,64.3601,4.88439,60.3382,0.84672,12.849,0.84672,3695.15,0,36.966,0.258208,1.56919,1.74178,4.59271,1.10762,6.53786,0.42336,36.966,0.42336,423.524,0,1.02816,0,0,2.59735,1.56919,1.028160,1,0,67.2572,0,0,0,67.2572,0
72.29,1.99157,0,0,2.78323,0.148054,0.643607,3.6288,61.308,0.477163,0,0,0.964233,0.241987,0.245083,0.66528,12.849,1,0.353986,0.643607,0,42.7989,5.15546,37.9331,0.84672,12.849,0.84672,3695.15,0,36.966,0.287708,1.29744,1.74195,4.08945,1.21956,5.62157,0.42336,36.966,0.42336,423.524,0,1.02816,0,0,2.3256,1.29744,1.028160,1,0,43.7998,0,0,0,43.7998,0
72.29,2.05893,0,0,2.72623,0.211098,0.456202,3.6288,61.308,0.428248,0,0,0.984779,0.215725,0.340806,0.66528,12.849,1,0.365959,0.456202,0,50.4636,4.48735,46.0665,0.84672,12.849,0.84672,3695.15,0,36.966,0.258215,1.26962,1.82485,3.69646,1.01301,5.51971,0.42336,36.966,0.42336,423.524,0,1.02816,0,0,2.29778,1.26962,1.028160,1,0,51.9271,0,0,0,51.9271,0
72.0922,2.05972,0,0,2.38902,0.164264,0.36288,3.6288,61.308,0.428248,0,0,0.783804,0.208978,0.146577,0.66528,12.849,1,0.3661,0.36288,0,43.683,4.29733,39.3824,0.84672,12.849,0.84672,3695.15,0,36.966,0.258215,1.23023,1.77914,3.37741,0.975793,5.15278,0.42336,36.966,0.42336,423.524,0,1.02816,0,0,2.25839,1.23023,1.028160,1,0,44.6818,0,0,0,44.6818,0
71.7994,2.05966,0,0,2.28622,0.156417,0.36288,3.6288,61.308,0.428249,0,0,0.824118,0.210763,0.185106,0.66528,12.849,1,0.367093,0.36288,0,41.0432,4.35151,36.6875,0.84672,12.849,0.84672,3695.15,0,36.966,0.258215,1.21757,1.77932,3.51856,0.965763,5.29147,0.42336,36.966,0.42336,423.524,0,1.02816,0,0,2.24573,1.21757,1.028160,1,0,42.164,0,0,0,42.164,0
71.4054,2.05917,0,0,2.18407,0.15607,0.36288,3.6288,61.308,0.428249,0,0,0.8276,0.210763,0.188588,0.66528,12.849,1,0.368503,0.36288,0,38.5623,4.35151,34.2052,0.84672,12.849,0.84672,3695.15,0,36.966,0.258215,1.11864,1.77949,3.38338,0.965763,5.05753,0.42336,36.966,0.42336,423.524,0,1.02816,0,0,2.1468,1.11864,1.028160,1,0,39.4513,0,0,0,39.4513,0
71.263,2.03841,0,0,2.37992,0.120977,0.36288,3.6288,61.308,0.455169,0,0,1.06957,0.239484,0.374919,0.66528,12.849,1,0.3668,0.36288,0,38.9861,5.17798,33.8042,0.84672,12.849,0.84672,3695.15,0,36.966,0.274447,1.25274,1.77966,3.44716,1.16293,5.0422,0.42336,36.966,0.42336,423.524,0,1.02816,0,0,2.2809,1.25274,1.028160,1,0,39.2213,0,0,0,39.2213,0
70.984,2.07513,0,0,2.27401,0.115081,0.36288,3.6288,61.308,0.428255,0,0,1.06046,0.24427,0.387931,0.66528,12.849,1,0.374154,0.36288,0,38.9713,5.31573,33.6443,0.84672,12.849,0.84672,3695.15,0,36.966,0.258219,1.12338,1.80879,3.56137,1.19579,5.03954,0.42336,36.966,0.42336,423.524,0,1.02816,0,0,2.15154,1.12338,1.028160,1,0,39.0718,0,0,0,39.0718,0
70.4997,2.07468,0,0,2.0681,0.114835,0.36288,3.6288,61.308,0.428255,0,0,1.03407,0.24427,0.361545,0.66528,12.849,1,0.375543,0.36288,0,38.2085,5.31573,32.8801,0.84672,12.849,0.84672,3695.15,0,36.966,0.258219,1.09553,1.78372,3.41242,1.19579,4.83767,0.42336,36.966,0.42336,423.524,0,1.02816,0,0,2.12369,1.09553,1.028160,1,0,38.0793,0,0,0,38.0793,0
69.8262,2.07329,0,0,1.87712,0.114409,0.36288,3.6288,61.308,0.428255,0,0,0.970116,0.24427,0.297591,0.66528,12.849,1,0.377869,0.36288,0,34.047,5.31573,28.7162,0.84672,12.849,0.84672,3695.15,0,36.966,0.258219,0.856025,1.7839,3.30108,1.19579,4.487,0.42336,36.966,0.42336,423.524,0,1.02816,0,0,1.88419,0.856025,1.028160,1,0,33.5008,0,0,0,33.5008,0
69.1786,2.12208,0,0,1.91871,0.0813113,0.36288,3.6288,61.308,0.452268,0,0,1.00244,0.314012,0.236159,0.66528,12.849,1,0.390492,0.36288,0,32.7801,6.04332,26.7091,0.84672,12.849,0.84672,3695.15,0,36.966,0.272698,0.994386,1.78407,3.11412,1.49493,4.12496,0.42336,36.966,0.42336,423.524,0,1.02816,0,0,2.02255,0.994386,1.028160,1,0,31.0703,0,0,0,31.0703,0
68.6442,2.15226,0,0,2.06182,0.0811601,0.36288,3.6288,61.308,0.42826,0,0,1.09973,0.304622,0.366852,0.66528,12.849,1,0.399753,0.36288,0,32.0705,5.69604,26.3376,0.84672,12.849,0.84672,3695.15,0,36.966,0.258222,1.13796,1.82532,3.00689,1.4129,4.29904,0.42336,36.966,0.42336,423.524,0,1.02816,0,0,2.16612,1.13796,1.028160,1,0,31.0035,0,0,0,31.0035,0
67.9046,2.15044,0,0,1.85458,0.080823,0.36288,3.6288,61.308,0.42826,0,0,1.03154,0.304622,0.298656,0.66528,12.849,1,0.402526,0.36288,0,30.2249,5.69604,24.4892,0.84672,12.849,0.84672,3695.15,0,36.966,0.258222,1.06874,1.80298,3.06964,1.4129,4.27024,0.42336,36.966,0.42336,423.524,0,1.02816,0,0,2.0969,1.06874,1.028160,1,0,29.0581,0,0,0,29.0581,0
67.0015,2.14756,0,0,1.68775,0.0803566,0.36288,3.6288,61.308,0.42826,0,0,0.989608,0.304622,0.256726,0.66528,12.849,1,0.406365,0.36288,0,28.3888,5.69604,22.6493,0.84672,12.849,0.84672,3695.15,0,36.966,0.258222,0.870679,1.80316,2.85375,1.4129,3.85646,0.42336,36.966,0.42336,423.524,0,1.02816,0,0,1.89884,0.870679,1.028160,1,0,26.7625,0,0,0,26.7625,0
65.7417,2.29251,0,0,1.46043,0.0648584,0.36288,3.6288,61.308,0.515014,0,0,0.985452,0.311688,0.15875,0.66528,12.849,1,0.43964,0.36288,0,27.0861,5.93786,21.0714,0.84672,12.849,0.84672,3695.15,0,36.966,0.310531,0.849865,1.80334,2.89184,1.44295,3.79157,0.42336,36.966,0.42336,423.524,0,1.02816,0,0,1.87802,0.849865,1.028160,1,0,25.0218,0,0,0,25.0218,0
64.7945,2.36918,0,0,1.84804,0.0631794,0.36288,3.6288,61.308,0.453227,0,0,0.942987,0.311429,0.178331,0.66528,12.849,1,0.463048,0.36288,0,24.5284,6.10186,18.3263,0.84672,12.849,0.84672,3695.15,0,36.966,0.273276,0.970669,1.94418,3.86051,1.55025,4.95183,0.42336,36.966,0.42336,423.524,0,1.02816,0,0,1.99883,0.970669,1.028160,1,0,23.4565,0,0,0,23.4565,0
64.033,2.36406,0,0,2.02815,0.0627016,0.36288,3.6288,61.308,0.453473,0,0,1.16443,0.311429,0.399528,0.66528,12.849,1,0.468802,0.36288,0,31.5452,6.10186,25.3375,0.84672,12.849,0.84672,3695.15,0,36.966,0.273424,1.45518,1.88641,4.21143,1.55025,5.72935,0.42336,36.966,0.42336,423.524,0,1.02816,0,0,2.48334,1.45518,1.028160,1,0,31.4663,0,0,0,31.4663,0
62.8772,2.35995,0,0,1.62931,0.0623175,0.36288,3.6288,61.308,0.453719,0,0,0.842236,0.311429,0.0770881,0.66528,12.849,1,0.473552,0.36288,0,30.8248,6.10186,24.6123,0.84672,12.849,0.84672,3695.15,0,36.966,0.273572,0.6959,1.88684,3.38077,1.55025,4.13968,0.42336,36.966,0.42336,423.524,0,1.02816,0,0,1.72406,0.6959,1.028160,1,0,28.8291,0,0,0,28.8291,0
62.1285,2.35325,0,0,2.02915,0.0617344,0.36288,3.6288,61.308,0.453964,0,0,1.43951,0.311429,0.674117,0.66528,12.849,1,0.480888,0.36288,0,28.1527,6.10186,21.9328,0.84672,12.849,0.84672,3695.15,0,36.966,0.27372,2.23313,1.88726,5.22732,1.55025,7.52374,0.42336,36.966,0.42336,423.524,0,1.02816,0,0,3.26129,2.23313,1.028160,1,0,30.1306,0,0,0,30.1306,0
61.1947,2.2773,0,0,1.75154,0.0451596,0.36288,3.6288,61.308,0.401495,0,0,1.3102,0.272865,0.635835,0.66528,12.849,1,0.470976,0.36288,0,21.0179,5.3516,15.5582,0.84672,12.849,0.84672,3695.15,0,36.966,0.242084,2.03556,1.88768,5.24911,1.23623,7.69404,0.42336,36.966,0.42336,423.524,0,1.02816,0,0,3.06372,2.03556,1.028160,1,0,23.8881,0,0,0,23.8881,0
60.1039,2.23671,0,0,1.54562,0.0367574,0.36288,3.6288,61.308,0.428268,0,0,1.21968,0.267092,0.524322,0.66528,12.849,1,0.469641,0.36288,0,17.7465,5.31027,12.3294,0.84672,12.849,0.84672,3695.15,0,36.966,0.258227,1.72321,1.80661,5.0094,1.21135,7.06965,0.42336,36.966,0.42336,423.524,0,1.02816,0,0,2.75137,1.72321,1.028160,1,0,19.9234,0,0,0,19.9234,0
59.6437,2.23051,0,0,2.22303,0.0898422,0.36288,3.6288,61.308,0.428269,0,0,1.50023,0.221609,0.850355,0.66528,12.849,1,0.476837,0.36288,0,20.7118,4.68738,15.9105,0.84672,12.849,0.84672,3695.15,0,36.966,0.258227,2.07224,1.83191,5.51241,1.01666,8.14168,0.42336,36.966,0.42336,423.524,0,1.02816,0,0,3.1004,2.07224,1.028160,1,0,24.9025,0,0,0,24.9025,0
62.3232,2.2283,0,0,5.43104,0.160369,0.36288,3.6288,61.308,0.428269,0,0,3.08273,0.160963,2.49349,0.66528,12.849,1,0.48004,0.36288,0,62.4642,3.85686,58.4902,0.84672,12.849,0.84672,3695.15,0,36.966,0.258227,3.91012,1.8321,14.6825,0.757069,19.4094,0.42336,36.966,0.42336,423.524,0,1.02816,0,0,4.93828,3.91012,1.028160,1,0,80.3931,0,0,0,80.3931,0
62.7555,2.18732,0,0,3.16445,0.181971,0.36288,3.6288,61.308,0.380241,0,0,1.7074,0.183165,1.144,0.66528,12.849,1,0.450953,0.36288,0,44.1065,4.00293,40.0155,0.84672,12.849,0.84672,3695.15,0,36.966,0.229269,2.7779,1.83229,6.54475,0.870742,10.0549,0.42336,36.966,0.42336,423.524,0,1.02816,0,0,3.80606,2.7779,1.028160,1,0,51.2144,0,0,0,51.2144,0
62.8433,2.12681,0,0,2.80488,0.22744,0.36288,3.6288,61.308,0.428258,0,0,2.71092,0.238668,2.044,0.66528,12.849,1,0.435457,0.36288,0,68.9956,4.3681,64.5549,0.84672,12.849,0.84672,3695.15,0,36.966,0.25822,3.90486,1.75968,10.8456,1.15492,15.0969,0.42336,36.966,0.42336,423.524,0,1.02816,0,0,4.93302,3.90486,1.028160,1,0,81.6958,0,0,0,81.6958,0
62.8946,2.12811,0,0,2.76997,0.227603,0.36288,3.6288,61.308,0.428258,0,0,2.81337,0.238668,2.14644,0.66528,12.849,1,0.435115,0.36288,0,54.3698,4.3681,49.9295,0.84672,12.849,0.84672,3695.15,0,36.966,0.258221,4.89339,1.8049,12.8986,1.15492,18.1837,0.42336,36.966,0.42336,423.524,0,1.02816,0,0,5.92155,4.89339,1.028160,1,0,70.2596,0,0,0,70.2596,0
63.3263,2.1292,0,0,3.18533,0.26155,0.36288,3.6288,61.308,0.428258,0,0,4.17921,0.249428,3.50152,0.66528,12.849,1,0.434983,0.36288,0,91.2522,3.53882,87.6413,0.84672,12.849,0.84672,3695.15,0,36.966,0.258221,5.27273,1.80508,12.6973,0.978533,18.5383,0.42336,36.966,0.42336,423.524,0,1.02816,0,0,6.30089,5.27273,1.028160,1,0,109.681,0,0,0,109.681,0
68.1845,1.96454,0,0,7.44809,0.262473,0.36288,3.6288,61.308,0.328141,0,0,2.75496,0.249428,2.17739,0.66528,12.849,1,0.398609,0.36288,0,109.375,3.53882,105.801,0.84672,12.849,0.84672,3695.15,0,36.966,0.197855,6.70973,1.80526,16.7975,0.978533,24.1361,0.42336,36.966,0.42336,423.524,0,1.02816,0,0,7.73789,6.70973,1.028160,1,0,132.114,0,0,0,132.114,0
68.9573,1.85418,0,0,3.30313,0.313328,0.36288,3.6288,61.308,0.428236,0,0,5.08764,0.214057,4.44534,0.66528,12.849,1,0.349409,0.36288,0,53.5084,4.22173,49.3001,0.84672,12.849,0.84672,3695.15,0,36.966,0.258207,5.68609,1.6436,7.86662,1.26292,13.6752,0.42336,36.966,0.42336,423.524,0,1.02816,0,0,6.71425,5.68609,1.028160,1,0,67.4206,0,0,0,67.4206,0
69.555,1.85822,0,0,3.13408,0.315224,0.36288,3.6288,61.308,0.428236,0,0,3.34846,0.214057,2.70616,0.66528,12.849,1,0.346247,0.36288,0,51.7124,4.22173,47.5073,0.84672,12.849,0.84672,3695.15,0,36.966,0.258207,4.00271,1.73765,7.54267,1.26292,11.7619,0.42336,36.966,0.42336,423.524,0,1.02816,0,0,5.03087,4.00271,1.028160,1,0,61.9754,0,0,0,61.9754,0
69.4673,1.86147,0,0,2.45331,0.316691,0.36288,3.6288,61.308,0.428236,0,0,2.79291,0.214057,2.15062,0.66528,12.849,1,0.343872,0.36288,0,35.9128,4.22173,31.71,0.84672,12.849,0.84672,3695.15,0,36.966,0.258207,3.26441,1.73782,12.2745,1.26292,15.7556,0.42336,36.966,0.42336,423.524,0,1.02816,0,0,4.29257,3.26441,1.028160,1,0,49.6163,0,0,0,49.6163,0
69.0208,1.86185,0,0,2.08805,0.309812,0.36288,3.6288,61.308,0.428236,0,0,3.49038,0.23337,2.82877,0.66528,12.849,1,0.344376,0.36288,0,48.8004,4.88438,43.9345,0.84672,12.849,0.84672,3695.15,0,36.966,0.258207,4.58245,1.73798,13.8584,1.41633,18.5043,0.42336,36.966,0.42336,423.524,0,1.02816,0,0,5.61061,4.58245,1.028160,1,0,65.2675,0,0,0,65.2675,0
72.05,1.92628,0,0,5.62666,0.308362,0.36288,3.6288,61.308,0.457256,0,0,2.78404,0.19752,2.12927,0.66528,12.849,1,0.358599,0.36288,0,112.615,4.29632,108.323,0.84672,12.849,0.84672,3695.15,0,36.966,0.275705,3.72261,1.73815,10.4725,1.11374,14.5438,0.42336,36.966,0.42336,423.524,0,1.02816,0,0,4.75077,3.72261,1.028160,1,0,124.997,0,0,0,124.997,0
72.29,1.9793,0,0,8.11797,0.304428,5.59421,3.6288,61.308,0.428235,0,0,2.28524,0.152694,1.70431,0.66528,12.849,1,0.352977,5.59421,0,157.613,3.29007,159.564,0.84672,12.849,0.84672,3695.15,0,36.966,0.258207,3.24987,1.78883,9.05723,0.738132,13.0996,0.42336,36.966,0.42336,423.524,0,1.02816,0,0,4.27803,3.24987,1.028160,1,0,174.368,0,0,0,174.368,0
72.29,1.98104,0,0,5.98707,0.304984,3.70105,3.6288,61.308,0.428235,0,0,2.22172,0.152694,1.64079,0.66528,12.849,1,0.352114,3.70105,0,107.696,3.29007,107.755,0.84672,12.849,0.84672,3695.15,0,36.966,0.258207,3.33663,1.76177,6.99379,0.738132,11.0958,0.42336,36.966,0.42336,423.524,0,1.02816,0,0,4.36479,3.33663,1.028160,1,0,120.491,0,0,0,120.491,0
72.29,1.98178,0,0,9.2506,0.304984,6.96383,3.6288,61.308,0.428235,0,0,2.5987,0.152694,2.01777,0.66528,12.849,1,0.352247,6.96383,0,139.204,3.29007,142.526,0.84672,12.849,0.84672,3695.15,0,36.966,0.258207,3.79042,1.76193,9.50206,0.738132,14.0581,0.42336,36.966,0.42336,423.524,0,1.02816,0,0,4.81858,3.79042,1.028160,1,0,158.602,0,0,0,158.602,0
72.29,2.19478,0,0,12.6193,0.308298,10.1163,3.6288,61.308,0.537281,0,0,3.07079,0.155855,2.37765,0.66528,12.849,1,0.390105,10.1163,0,192.925,3.30117,199.35,0.84672,12.849,0.84672,3695.15,0,36.966,0.323957,4.72964,1.7621,12.3681,0.776135,17.7598,0.42336,36.966,0.42336,423.524,0,1.02816,0,0,5.7578,4.72964,1.028160,1,0,219.488,0,0,0,219.488,0
72.29,2.34399,0,0,5.70405,0.328182,3.03188,3.6288,61.308,0.428259,0,0,1.60805,0.174825,1.00497,0.66528,12.849,1,0.416626,3.03188,0,134.819,3.36777,134.066,0.84672,12.849,0.84672,3695.15,0,36.966,0.258221,2.30051,1.94416,6.02293,1.00415,9.00522,0.42336,36.966,0.42336,423.524,0,1.02816,0,0,3.32867,2.30051,1.028160,1,0,144.076,0,0,0,144.076,0
72.29,2.34481,0,0,5.05159,0.328182,2.3786,3.6288,61.308,0.428259,0,0,1.20303,0.174825,0.59995,0.66528,12.849,1,0.416772,2.3786,0,83.598,3.36777,82.1921,0.84672,12.849,0.84672,3695.15,0,36.966,0.258221,1.18763,1.84207,5.45595,1.00415,7.22327,0.42336,36.966,0.42336,423.524,0,1.02816,0,0,2.21579,1.18763,1.028160,1,0,90.0153,0,0,0,90.0153,0
72.29,2.34563,0,0,8.15688,0.322988,5.48826,3.6288,61.308,0.428259,0,0,2.08174,0.18589,1.46759,0.66528,12.849,1,0.416918,5.48826,0,132.847,3.62985,134.288,0.84672,12.849,0.84672,3695.15,0,36.966,0.258221,3.34951,1.84225,6.76113,1.08615,10.6085,0.42336,36.966,0.42336,423.524,0,1.02816,0,0,4.37767,3.34951,1.028160,1,0,146.365,0,0,0,146.365,0
72.29,2.04346,0,0,7.45625,0.315879,5.09692,3.6288,61.308,0.281791,0,0,2.23068,0.217308,1.73158,0.66528,12.849,1,0.363209,5.09692,0,120.949,4.23204,121.45,0.84672,12.849,0.84672,3695.15,0,36.966,0.169908,4.40278,1.84243,7.53665,1.26628,12.3457,0.42336,36.966,0.42336,423.524,0,1.02816,0,0,5.43094,4.40278,1.028160,1,0,135.528,0,0,0,135.528,0
72.29,1.84487,0,0,4.25576,0.351144,2.05975,3.6288,61.308,0.428227,0,0,1.19485,0.23983,0.526794,0.66528,12.849,1,0.327911,2.05975,0,97.3935,3.91398,95.2114,0.84672,12.849,0.84672,3695.15,0,36.966,0.258202,1.81071,1.59435,4.89002,1.11721,6.91966,0.42336,36.966,0.42336,423.524,0,1.02816,0,0,2.83887,1.81071,1.028160,1,0,102.658,0,0,0,102.658,0
72.29,1.84558,0,0,4.03915,0.351144,1.84242,3.6288,61.308,0.428228,0,0,1.10863,0.23983,0.440575,0.66528,12.849,1,0.328038,1.84242,0,114.216,3.91398,111.816,0.84672,12.849,0.84672,3695.15,0,36.966,0.258202,1.52971,1.73187,4.34621,1.11721,6.23238,0.42336,36.966,0.42336,423.524,0,1.02816,0,0,2.55787,1.52971,1.028160,1,0,118.489,0,0,0,118.489,0
72.29,1.8463,0,0,4.59319,0.275127,2.47176,3.6288,61.308,0.428228,0,0,1.84611,0.207173,1.21071,0.66528,12.849,1,0.328165,2.47176,0,107.148,3.45489,105.837,0.84672,12.849,0.84672,3695.15,0,36.966,0.258202,2.69545,1.73203,5.90235,1.06043,9.01119,0.42336,36.966,0.42336,423.524,0,1.02816,0,0,3.72361,2.69545,1.028160,1,0,116.059,0,0,0,116.059,0
72.29,1.84701,0,0,7.3531,0.290432,5.21565,3.6288,61.308,0.428228,0,0,2.92817,0.231564,2.26837,0.66528,12.849,1,0.328292,5.21565,0,120.601,4.31574,121.173,0.84672,12.849,0.84672,3695.15,0,36.966,0.258202,3.86202,1.73219,8.93639,1.1194,13.153,0.42336,36.966,0.42336,423.524,0,1.02816,0,0,4.89018,3.86202,1.028160,1,0,136.594,0,0,0,136.594,0
72.29,1.92408,0,0,5.46962,0.327364,3.21818,3.6288,61.308,0.464098,0,0,2.46926,0.18119,1.82397,0.66528,12.849,1,0.341991,3.21818,0,119.829,3.04859,119.657,0.84672,12.849,0.84672,3695.15,0,36.966,0.27983,4.2191,1.73234,7.52064,0.923987,12.2683,0.42336,36.966,0.42336,423.524,0,1.02816,0,0,5.24726,4.2191,1.028160,1,0,133.749,0,0,0,133.749,0
72.29,1.97363,0,0,7.34873,0.343944,5.03115,3.6288,61.308,0.428235,0,0,2.87654,0.180463,2.26784,0.66528,12.849,1,0.350799,5.03115,0,191.824,3.09164,193.413,0.84672,12.849,0.84672,3695.15,0,36.966,0.258207,4.92612,1.79378,12.4796,0.997005,17.9443,0.42336,36.966,0.42336,423.524,0,1.02816,0,0,5.95428,4.92612,1.028160,1,0,213.625,0,0,0,213.625,0
72.29,1.97438,0,0,6.55689,0.309321,4.27319,3.6288,61.308,0.428235,0,0,2.84778,0.180707,2.23884,0.66528,12.849,1,0.350931,4.27319,0,144.207,3.62357,144.505,0.84672,12.849,0.84672,3695.15,0,36.966,0.258207,4.77514,1.7603,9.31041,1.10448,14.4832,0.42336,36.966,0.42336,423.524,0,1.02816,0,0,5.8033,4.77514,1.028160,1,0,161.227,0,0,0,161.227,0
72.29,1.97512,0,0,4.84142,0.303402,2.56289,3.6288,61.308,0.428236,0,0,2.1181,0.179377,1.51048,0.66528,12.849,1,0.351063,2.56289,0,120.883,3.68309,119.412,0.84672,12.849,0.84672,3695.15,0,36.966,0.258207,3.98573,1.76046,7.34469,1.11604,11.7166,0.42336,36.966,0.42336,423.524,0,1.02816,0,0,5.01389,3.98573,1.028160,1,0,132.639,0,0,0,132.639,0
72.29,1.94599,0,0,4.44188,0.276531,2.21936,3.6288,61.308,0.414292,0,0,1.9862,0.195154,1.37675,0.66528,12.849,1,0.345884,2.21936,0,104.202,4.02855,102.047,0.84672,12.849,0.84672,3695.15,0,36.966,0.2498,3.19616,1.76063,7.00384,1.17792,10.5329,0.42336,36.966,0.42336,423.524,0,1.02816,0,0,4.22432,3.19616,1.028160,1,0,113.956,0,0,0,113.956,0
72.29,1.92775,0,0,4.17182,0.240704,2.00337,3.6288,61.308,0.428233,0,0,1.40843,0.216189,0.764011,0.66528,12.849,1,0.342642,2.00337,0,93.7656,4.48917,90.9372,0.84672,12.849,0.84672,3695.15,0,36.966,0.258205,2.27317,1.73693,6.1025,1.26042,8.59397,0.42336,36.966,0.42336,423.524,0,1.02816,0,0,3.30133,2.27317,1.028160,1,0,100.295,0,0,0,100.295,0
72.29,1.92848,0,0,3.88167,0.240704,1.71248,3.6288,61.308,0.428233,0,0,1.40523,0.216189,0.760805,0.66528,12.849,1,0.342773,1.71248,0,85.7287,4.48917,82.6092,0.84672,12.849,0.84672,3695.15,0,36.966,0.258205,2.28561,1.75017,5.79939,1.26042,8.31654,0.42336,36.966,0.42336,423.524,0,1.02816,0,0,3.31377,2.28561,1.028160,1,0,91.6866,0,0,0,91.6866,0
72.29,1.92921,0,0,3.72954,0.240704,1.55963,3.6288,61.308,0.428233,0,0,1.77487,0.216189,1.13045,0.66528,12.849,1,0.342903,1.55963,0,82.1699,4.48917,78.8974,0.84672,12.849,0.84672,3695.15,0,36.966,0.258205,2.97403,1.75033,7.0759,1.26042,10.2816,0.42336,36.966,0.42336,423.524,0,1.02816,0,0,4.00219,2.97403,1.028160,1,0,90.3095,0,0,0,90.3095,0
72.29,2.03146,0,0,3.43413,0.231201,1.17147,3.6288,61.308,0.477724,0,0,1.42295,0.1516,0.793624,0.66528,12.849,1,0.361076,1.17147,0,71.5064,3.94119,68.3756,0.84672,12.849,0.84672,3695.15,0,36.966,0.288046,2.20962,1.75049,5.86352,1.01863,8.51696,0.42336,36.966,0.42336,423.524,0,1.02816,0,0,3.23778,2.20962,1.028160,1,0,77.6862,0,0,0,77.6862,0
72.29,2.09957,0,0,3.43875,0.166916,1.17226,3.6288,61.308,0.428244,0,0,1.27494,0.195263,0.651429,0.66528,12.849,1,0.373183,1.17226,0,77.3677,3.97887,74.1879,0.84672,12.849,0.84672,3695.15,0,36.966,0.258212,2.30139,1.83435,4.57592,0.979783,7.47366,0.42336,36.966,0.42336,423.524,0,1.02816,0,0,3.32955,2.30139,1.028160,1,0,82.313,0,0,0,82.313,0
72.29,2.10034,0,0,3.49517,0.166916,1.22791,3.6288,61.308,0.428244,0,0,1.41818,0.195263,0.794671,0.66528,12.849,1,0.37332,1.22791,0,69.3991,3.97887,66.2748,0.84672,12.849,0.84672,3695.15,0,36.966,0.258212,3.283,1.78811,5.24398,0.979783,9.07709,0.42336,36.966,0.42336,423.524,0,1.02816,0,0,4.31116,3.283,1.028160,1,0,76.1466,0,0,0,76.1466,0
72.29,2.10111,0,0,3.31572,0.166916,1.04769,3.6288,61.308,0.428244,0,0,1.19884,0.195263,0.575336,0.66528,12.849,1,0.373457,1.04769,0,62.9789,3.97887,59.6742,0.84672,12.849,0.84672,3695.15,0,36.966,0.258212,2.65442,1.78828,4.8742,0.979783,8.07891,0.42336,36.966,0.42336,423.524,0,1.02816,0,0,3.68258,2.65442,1.028160,1,0,68.3285,0,0,0,68.3285,0
72.29,2.10189,0,0,3.08369,0.166916,0.814892,3.6288,61.308,0.428244,0,0,1.15409,0.195263,0.530581,0.66528,12.849,1,0.373594,0.814892,0,57.4442,3.97887,53.9066,0.84672,12.849,0.84672,3695.15,0,36.966,0.258212,2.16589,1.78845,4.33071,0.979783,7.04706,0.42336,36.966,0.42336,423.524,0,1.02816,0,0,3.19405,2.16589,1.028160,1,0,61.4842,0,0,0,61.4842,0
72.1284,2.08256,0,0,2.40495,0.121154,0.36288,3.6288,61.308,0.455474,0,0,0.922812,0.268937,0.198401,0.66528,12.849,1,0.370159,0.36288,0,45.4449,5.15647,40.2812,0.84672,12.849,0.84672,3695.15,0,36.966,0.274631,1.42494,1.78862,2.86868,1.22241,4.58519,0.42336,36.966,0.42336,423.524,0,1.02816,0,0,2.4531,1.42494,1.028160,1,0,45.0648,0,0,0,45.0648,0
71.6188,2.11967,0,0,2.0904,0.11744,0.36288,3.6288,61.308,0.42825,0,0,0.816618,0.277413,0.110955,0.66528,12.849,1,0.3776,0.36288,0,41.8408,5.3423,36.4838,0.84672,12.849,0.84672,3695.15,0,36.966,0.258215,1.10499,1.81808,2.46035,1.24309,3.8821,0.42336,36.966,0.42336,423.524,0,1.02816,0,0,2.13315,1.10499,1.028160,1,0,40.4769,0,0,0,40.4769,0
70.9417,2.11817,0,0,1.92101,0.116985,0.36288,3.6288,61.308,0.42825,0,0,0.793143,0.277413,0.0874802,0.66528,12.849,1,0.380017,0.36288,0,41.1801,5.3423,35.8207,0.84672,12.849,0.84672,3695.15,0,36.966,0.258216,1.1059,1.79271,2.48095,1.24309,3.87825,0.42336,36.966,0.42336,423.524,0,1.02816,0,0,2.13406,1.1059,1.028160,1,0,39.7864,0,0,0,39.7864,0
70.0952,2.11587,0,0,1.74858,0.116381,0.36288,3.6288,61.308,0.42825,0,0,0.741839,0.277413,0.0361759,0.66528,12.849,1,0.383228,0.36288,0,39.5328,5.3423,34.1701,0.84672,12.849,0.84672,3695.15,0,36.966,0.258216,0.820852,1.79288,2.33063,1.24309,3.44305,0.42336,36.966,0.42336,423.524,0,1.02816,0,0,1.84901,0.820852,1.028160,1,0,37.6493,0,0,0,37.6493,0
69.0848,2.16443,0,0,1.6221,0.105197,0.36288,3.6288,61.2026,0.452539,0,0,0.647457,0.300323,0,0.66528,12.849,1,0.396757,0.36288,0,34.7333,5.69906,29.0004,0.84672,12.849,0.84672,3695.15,0,36.966,0.272861,0.789463,1.79305,2.15966,1.35848,3.11083,0.42336,36.966,0.42336,423.524,0,1.02816,0,0,1.81762,0.789463,1.028160,1,0,32.1112,0,0,0,32.1112,0
68.0569,2.19315,0,0,1.62289,0.0947648,0.36288,3.6288,60.9492,0.427978,0,0,0.493624,0.318993,0,0.66528,12.849,1,0.407901,0.36288,0,31.4306,6.09693,25.2886,0.84672,12.849,0.84672,3695.15,0,36.966,0.258496,0.883725,1.83477,1.92507,1.46665,2.91842,0.42336,36.966,0.42336,423.524,0,1.02816,0,0,1.91189,0.883725,1.028160,1,0,28.2071,0,0,0,28.2071,0
66.9306,2.18875,0,0,1.5194,0.0940073,0.36288,3.6288,60.6795,0.427309,0,0,0.476007,0.318482,0,0.66528,12.849,1,0.413232,0.36288,0,29.4833,6.09693,23.336,0.84672,12.849,0.84672,3695.15,0,36.966,0.259165,0.897342,1.81216,1.99116,1.46665,2.97486,0.42336,36.966,0.42336,423.524,0,1.02816,0,0,1.9255,0.897342,1.028160,1,0,26.3109,0,0,0,26.3109,0
65.6343,2.18371,0,0,1.34344,0.0931773,0.36288,3.6288,60.383,0.426593,0,0,0.448106,0.317938,0,0.66528,12.849,1,0.419217,0.36288,0,27.851,6.09693,21.6978,0.84672,12.849,0.84672,3695.15,0,36.966,0.259881,0.697853,1.81234,1.86798,1.46665,2.65165,0.42336,36.966,0.42336,423.524,0,1.02816,0,0,1.72601,0.697853,1.028160,1,0,24.3494,0,0,0,24.3494,0
64.075,2.32751,0,0,1.214,0.0829136,0.36288,3.6288,59.9912,0.513048,0,0,0.443678,0.322489,0,0.66528,12.849,1,0.455649,0.36288,0,26.401,6.24648,20.0617,0.84672,12.849,0.84672,3695.15,0,36.966,0.314084,0.64635,1.81251,1.86382,1.49652,2.51208,0.42336,36.966,0.42336,423.524,0,1.02816,0,0,1.67451,0.64635,1.028160,1,0,22.5738,0,0,0,22.5738,0
62.4625,2.38618,0,0,1.20582,0.0692976,0.36288,3.6288,59.6201,0.461958,0,0,0.389449,0.298521,0,0.66528,12.849,1,0.478503,0.36288,0,29.1779,6.15361,22.9086,0.84672,12.849,0.84672,3695.15,0,36.966,0.284654,0.473533,1.95496,1.85325,1.51463,2.48246,0.42336,36.966,0.42336,423.524,0,1.02816,0,0,1.50169,0.473533,1.028160,1,0,25.3911,0,0,0,25.3911,0
60.7589,2.37645,0,0,1.10592,0.0701038,0.36288,3.6288,59.2098,0.461103,0,0,0.342541,0.291828,0,0.66528,12.849,1,0.488854,0.36288,0,26.7337,6.07583,20.5319,0.84672,12.849,0.84672,3695.15,0,36.966,0.285895,0.366768,1.90803,1.82178,1.5052,2.30548,0.42336,36.966,0.42336,423.524,0,1.02816,0,0,1.39493,0.366768,1.028160,1,0,22.8374,0,0,0,22.8374,0
59.1625,2.36565,0,0,1.20124,0.0691247,0.36288,3.6288,58.8052,0.46012,0,0,0.346602,0.291063,0,0.66528,12.849,1,0.500276,0.36288,0,25.5504,6.07583,19.3372,0.84672,12.849,0.84672,3695.15,0,36.966,0.287263,0.377136,1.90845,1.93501,1.5052,2.42813,0.42336,36.966,0.42336,423.524,0,1.02816,0,0,1.4053,0.377136,1.028160,1,0,21.7653,0,0,0,21.7653,0
58.2181,2.35507,0,0,1.85539,0.0818456,0.36288,3.6288,58.4758,0.459142,0,0,0.416903,0.287141,0,0.66528,12.849,1,0.511478,0.36288,0,41.268,5.98677,35.1326,0.84672,12.849,0.84672,3695.15,0,36.966,0.288625,0.656372,1.90886,2.04494,1.49428,2.82727,0.42336,36.966,0.42336,423.524,0,1.02816,0,0,1.68453,0.656372,1.028160,1,0,37.9599,0,0,0,37.9599,0
57.6551,2.27712,0,0,2.14722,0.0701858,0.36288,3.6288,58.3113,0.406018,0,0,0.518033,0.276488,0,0.66528,12.849,1,0.502571,0.36288,0,37.1733,5.77584,31.2578,0.84672,12.849,0.84672,3695.15,0,36.966,0.256668,0.72023,1.90927,2.36989,1.44132,3.30141,0.42336,36.966,0.42336,423.524,0,1.02816,0,0,1.74839,0.72023,1.028160,1,0,34.5592,0,0,0,34.5592,0
57.8953,2.25444,0,0,2.90945,0.0519445,0.36288,3.6288,58.4589,0.420141,0,0,0.841157,0.27343,0,0.66528,12.849,1,0.502423,0.36288,0,48.2655,5.63986,42.4861,0.84672,12.849,0.84672,3695.15,0,36.966,0.266345,2.12173,1.82726,3.95242,1.41342,6.22165,0.42336,36.966,0.42336,423.524,0,1.02816,0,0,3.14989,2.12173,1.028160,1,0,48.7078,0,0,0,48.7078,0
56.528,2.25694,0,0,1.30458,0.0520666,0.36288,3.6288,58.2419,0.420553,0,0,0.477221,0.27369,0,0.66528,12.849,1,0.500893,0.36288,0,36.6989,5.63986,30.921,0.84672,12.849,0.84672,3695.15,0,36.966,0.265933,0.58199,1.84137,2.03225,1.41342,2.77626,0.42336,36.966,0.42336,423.524,0,1.02816,0,0,1.61015,0.58199,1.028160,1,0,33.6973,0,0,0,33.6973,0
55.4767,2.24786,0,0,1.63389,0.074526,0.36288,3.6288,58.1551,0.419947,0,0,0.603884,0.270758,0,0.66528,12.849,1,0.510945,0.36288,0,35.0125,5.4594,29.405,0.84672,12.849,0.84672,3695.15,0,36.966,0.26654,0.654385,1.84155,2.48627,1.38626,3.32941,0.42336,36.966,0.42336,423.524,0,1.02816,0,0,1.68254,0.654385,1.028160,1,0,32.7344,0,0,0,32.7344,0
57.3617,2.18243,0,0,4.59094,0.160644,0.36288,3.6288,58.5688,0.3721,0,0,1.07011,0.284237,0,0.66528,12.849,1,0.505474,0.36288,0,51.6865,4.90956,46.6343,0.84672,12.849,0.84672,3695.15,0,36.966,0.236524,3.22813,1.84174,5.56785,1.22837,9.17282,0.42336,36.966,0.42336,423.524,0,1.02816,0,0,4.25629,3.22813,1.028160,1,0,55.8071,0,0,0,55.8071,0
58.4037,2.13316,0,0,3.74528,0.207168,0.36288,3.6288,58.7866,0.420849,0,0,0.873107,0.234477,0,0.66528,12.849,1,0.477829,0.36288,0,55.7583,4.48602,51.1574,0.84672,12.849,0.84672,3695.15,0,36.966,0.265621,1.52807,1.76829,4.21531,1.13177,6.11428,0.42336,36.966,0.42336,423.524,0,1.02816,0,0,2.55623,1.52807,1.028160,1,0,57.2716,0,0,0,57.2716,0
59.7817,2.14092,0,0,4.09102,0.209286,0.36288,3.6288,59.4649,0.421453,0,0,1.33453,0.234806,0,0.66528,12.849,1,0.471009,0.36288,0,52.4458,4.48602,47.8517,0.84672,12.849,0.84672,3695.15,0,36.966,0.265017,2.3629,1.81402,4.99865,1.13177,7.77879,0.42336,36.966,0.42336,423.524,0,1.02816,0,0,3.39106,2.3629,1.028160,1,0,55.6305,0,0,0,55.6305,0
60.796,2.15063,0,0,3.76344,0.235636,0.36288,3.6288,60.2999,0.423318,0,0,1.50175,0.243425,0,0.66528,12.849,1,0.46224,0.36288,0,63.2113,3.89367,59.2182,0.84672,12.849,0.84672,3695.15,0,36.966,0.263153,2.1505,1.8142,5.36987,1.00578,8.06563,0.42336,36.966,0.42336,423.524,0,1.02816,0,0,3.17866,2.1505,1.028160,1,0,67.2839,0,0,0,67.2839,0
65.3228,1.98913,0,0,7.12614,0.247296,0.36288,3.6288,61.0527,0.324955,0,0,1.32555,0.24778,0,0.66528,12.849,1,0.420394,0.36288,0,95.5066,3.65673,91.7923,0.84672,12.849,0.84672,3695.15,0,36.966,0.199209,3.42081,1.81438,6.94567,0.955384,11.0263,0.42336,36.966,0.42336,423.524,0,1.02816,0,0,4.44897,3.42081,1.028160,1,0,102.819,0,0,0,102.819,0
71.4182,1.87859,0,0,8.61812,0.281277,0.36288,3.6288,61.308,0.427558,0,0,2.24179,0.252015,1.30694,0.66528,12.849,1,0.369519,0.36288,0,115.248,4.50318,110.738,0.84672,12.849,0.84672,3695.15,0,36.966,0.258877,3.35547,1.65087,8.02649,1.14335,11.6306,0.42336,36.966,0.42336,423.524,0,1.02816,0,0,4.38363,3.35547,1.028160,1,0,123.676,0,0,0,123.676,0
72.29,1.90605,0,0,8.95781,0.299326,5.88061,3.6288,61.308,0.428231,0,0,2.656,0.252931,1.97483,0.66528,12.849,1,0.342921,5.88061,0,155.707,4.64425,156.601,0.84672,12.849,0.84672,3695.15,0,36.966,0.258204,3.32891,1.74599,10.933,1.17467,14.575,0.42336,36.966,0.42336,423.524,0,1.02816,0,0,4.35707,3.32891,1.028160,1,0,173.151,0,0,0,173.151,0
72.29,1.91029,0,0,8.44016,0.301319,6.22855,3.6288,61.308,0.428231,0,0,2.58917,0.252931,1.90801,0.66528,12.849,1,0.339539,6.22855,0,171.936,4.64425,173.181,0.84672,12.849,0.84672,3695.15,0,36.966,0.258204,2.56141,1.74615,8.54406,1.17467,11.4187,0.42336,36.966,0.42336,423.524,0,1.02816,0,0,3.58957,2.56141,1.028160,1,0,186.508,0,0,0,186.508,0
72.29,1.91102,0,0,7.02864,0.301319,4.8163,3.6288,61.308,0.428231,0,0,2.77618,0.252931,2.09502,0.66528,12.849,1,0.339669,4.8163,0,140.232,4.64425,140.064,0.84672,12.849,0.84672,3695.15,0,36.966,0.258204,2.77878,1.74631,7.92266,1.17467,11.0149,0.42336,36.966,0.42336,423.524,0,1.02816,0,0,3.80694,2.77878,1.028160,1,0,153.174,0,0,0,153.174,0
72.29,1.97853,0,0,7.45764,0.29563,5.18348,3.6288,61.308,0.45758,0,0,2.47809,0.202889,1.81762,0.66528,12.849,1,0.351669,5.18348,0,111.519,3.60992,112.741,0.84672,12.849,0.84672,3695.15,0,36.966,0.2759,2.64049,1.74647,6.38632,0.882277,9.61511,0.42336,36.966,0.42336,423.524,0,1.02816,0,0,3.66865,2.64049,1.028160,1,0,124.174,0,0,0,124.174,0
72.29,2.0192,0,0,6.76885,0.261486,4.48816,3.6288,61.308,0.42823,0,0,2.37544,0.22628,1.72093,0.66528,12.849,1,0.358898,4.48816,0,145.372,4.07054,145.431,0.84672,12.849,0.84672,3695.15,0,36.966,0.258204,1.63224,1.79772,5.07913,0.988695,7.26219,0.42336,36.966,0.42336,423.524,0,1.02816,0,0,2.6604,1.63224,1.028160,1,0,154.414,0,0,0,154.414,0
72.29,2.01993,0,0,5.62069,0.261486,3.33928,3.6288,61.308,0.42823,0,0,1.91167,0.22628,1.25716,0.66528,12.849,1,0.359027,3.33928,0,94.7592,4.07054,93.6689,0.84672,12.849,0.84672,3695.15,0,36.966,0.258204,1.60415,1.77035,3.62278,0.988695,5.75038,0.42336,36.966,0.42336,423.524,0,1.02816,0,0,2.63231,1.60415,1.028160,1,0,100.676,0,0,0,100.676,0
72.29,2.02066,0,0,4.98144,0.264514,2.69626,3.6288,61.308,0.42823,0,0,1.65159,0.204115,1.01924,0.66528,12.849,1,0.359156,2.69626,0,83.4641,3.7265,82.0747,0.84672,12.849,0.84672,3695.15,0,36.966,0.258204,1.20306,1.77051,3.21237,0.896767,5.03097,0.42336,36.966,0.42336,423.524,0,1.02816,0,0,2.23122,1.20306,1.028160,1,0,88.125,0,0,0,88.125,0
72.29,2.23603,0,0,6.49562,0.266785,3.9928,3.6288,61.308,0.538508,0,0,1.89096,0.187492,1.16496,0.66528,12.849,1,0.397438,3.9928,0,89.0231,3.46846,89.15,0.84672,12.849,0.84672,3695.15,0,36.966,0.324697,1.86034,1.77067,3.94075,0.827821,6.41924,0.42336,36.966,0.42336,423.524,0,1.02816,0,0,2.8885,1.86034,1.028160,1,0,96.7342,0,0,0,96.7342,0
72.29,2.3869,0,0,7.88838,0.239393,5.26209,3.6288,61.308,0.428254,0,0,4.47055,0.20305,3.83925,0.66528,12.849,1,0.424253,5.26209,0,171.934,2.64264,174.129,0.84672,12.849,0.84672,3695.15,0,36.966,0.258218,4.21886,1.95478,7.20939,0.689874,12.4349,0.42336,36.966,0.42336,423.524,0,1.02816,0,0,5.24702,4.21886,1.028160,1,0,190.404,0,0,0,190.404,0
72.29,2.3877,0,0,9.40965,0.282462,6.73949,3.6288,61.308,0.428254,0,0,4.16633,0.211497,3.52658,0.66528,12.849,1,0.424396,6.73949,0,250.436,3.69285,253.059,0.84672,12.849,0.84672,3695.15,0,36.966,0.258218,4.9476,1.85153,8.83312,0.938131,14.4359,0.42336,36.966,0.42336,423.524,0,1.02816,0,0,5.97576,4.9476,1.028160,1,0,271.021,0,0,0,271.021,0
72.29,2.38851,0,0,4.90884,0.282462,2.23787,3.6288,61.308,0.428254,0,0,2.64679,0.211497,2.00704,0.66528,12.849,1,0.424539,2.23787,0,133.015,3.69285,131.136,0.84672,12.849,0.84672,3695.15,0,36.966,0.258218,2.06997,1.85171,4.5402,0.938131,7.26553,0.42336,36.966,0.42336,423.524,0,1.02816,0,0,3.09813,2.06997,1.028160,1,0,140.408,0,0,0,140.408,0
72.29,2.08289,0,0,3.86171,0.282462,1.49635,3.6288,61.308,0.280136,0,0,2.20373,0.211497,1.71209,0.66528,12.849,1,0.370219,1.49635,0,95.9204,3.69285,93.3537,0.84672,12.849,0.84672,3695.15,0,36.966,0.168909,1.70935,1.85189,3.66533,0.938131,6.11953,0.42336,36.966,0.42336,423.524,0,1.02816,0,0,2.73751,1.70935,1.028160,1,0,101.185,0,0,0,101.185,0
72.29,1.88204,0,0,5.0971,0.292514,2.92254,3.6288,61.308,0.428223,0,0,1.89742,0.236175,1.23302,0.66528,12.849,1,0.334518,2.92254,0,168.786,4.01736,167.357,0.84672,12.849,0.84672,3695.15,0,36.966,0.258199,2.5185,1.601,6.5321,1.07709,9.31631,0.42336,36.966,0.42336,423.524,0,1.02816,0,0,3.54666,2.5185,1.028160,1,0,177.906,0,0,0,177.906,0
72.29,1.88274,0,0,4.55522,0.301618,2.37086,3.6288,61.308,0.428223,0,0,2.19687,0.203244,1.5654,0.66528,12.849,1,0.334642,2.37086,0,216.748,3.4797,215.305,0.84672,12.849,0.84672,3695.15,0,36.966,0.258199,2.327,1.74007,5.54792,0.919221,8.43757,0.42336,36.966,0.42336,423.524,0,1.02816,0,0,3.35516,2.327,1.028160,1,0,225.308,0,0,0,225.308,0
72.29,1.88344,0,0,5.14822,0.301618,2.96317,3.6288,61.308,0.428223,0,0,2.21181,0.203244,1.58035,0.66528,12.849,1,0.334767,2.96317,0,169.963,3.4797,169.111,0.84672,12.849,0.84672,3695.15,0,36.966,0.258199,3.84737,1.74022,6.43376,0.919221,10.8439,0.42336,36.966,0.42336,423.524,0,1.02816,0,0,4.87553,3.84737,1.028160,1,0,181.536,0,0,0,181.536,0
72.29,1.88413,0,0,9.53624,0.301618,7.35048,3.6288,61.308,0.428223,0,0,4.08098,0.203244,3.44952,0.66528,12.849,1,0.334891,7.35048,0,184.914,3.4797,188.45,0.84672,12.849,0.84672,3695.15,0,36.966,0.258199,4.89788,1.74038,9.19315,0.919221,14.654,0.42336,36.966,0.42336,423.524,0,1.02816,0,0,5.92604,4.89788,1.028160,1,0,206.554,0,0,0,206.554,0
72.29,1.96204,0,0,5.00336,0.300629,2.74069,3.6288,61.308,0.464496,0,0,2.21344,0.170208,1.57873,0.66528,12.849,1,0.348738,2.74069,0,165.79,3.70094,164.481,0.84672,12.849,0.84672,3695.15,0,36.966,0.280071,2.63285,1.74053,5.33921,0.975475,8.45705,0.42336,36.966,0.42336,423.524,0,1.02816,0,0,3.66101,2.63285,1.028160,1,0,174.516,0,0,0,174.516,0
72.29,2.01213,0,0,5.60263,0.29849,3.29201,3.6288,61.308,0.428231,0,0,3.04123,0.205043,2.40795,0.66528,12.849,1,0.35764,3.29201,0,172.617,4.14036,171.411,0.84672,12.849,0.84672,3695.15,0,36.966,0.258204,4.35895,1.80265,7.84018,1.11623,12.6273,0.42336,36.966,0.42336,423.524,0,1.02816,0,0,5.38711,4.35895,1.028160,1,0,186.446,0,0,0,186.446,0
72.29,2.01285,0,0,4.42234,0.253222,2.15627,3.6288,61.308,0.428231,0,0,2.23886,0.200048,1.61058,0.66528,12.849,1,0.357769,2.15627,0,147.597,4.43691,144.959,0.84672,12.849,0.84672,3695.15,0,36.966,0.258204,3.25529,1.76879,4.45492,1.13551,8.08529,0.42336,36.966,0.42336,423.524,0,1.02816,0,0,4.28345,3.25529,1.028160,1,0,154.655,0,0,0,154.655,0
72.29,2.01358,0,0,4.0272,0.301521,1.7121,3.6288,61.308,0.428231,0,0,2.01354,0.220447,1.36487,0.66528,12.849,1,0.357898,1.7121,0,119.117,4.02034,116.451,0.84672,12.849,0.84672,3695.15,0,36.966,0.258204,2.94674,1.76895,3.50211,1.14457,6.81503,0.42336,36.966,0.42336,423.524,0,1.02816,0,0,3.9749,2.94674,1.028160,1,0,124.631,0,0,0,124.631,0
72.29,1.98409,0,0,3.61855,0.228503,1.40596,3.6288,61.308,0.414131,0,0,1.82127,0.251597,1.15554,0.66528,12.849,1,0.352657,1.40596,0,99.7946,4.40045,96.4475,0.84672,12.849,0.84672,3695.15,0,36.966,0.249703,2.37761,1.76911,3.53182,1.15847,6.27037,0.42336,36.966,0.42336,423.524,0,1.02816,0,0,3.40577,2.37761,1.028160,1,0,103.873,0,0,0,103.873,0
72.29,1.96562,0,0,3.10633,0.242584,0.898127,3.6288,61.308,0.428228,0,0,1.5717,0.237918,0.905556,0.66528,12.849,1,0.349374,0.898127,0,79.1243,4.54346,75.1296,0.84672,12.849,0.84672,3695.15,0,36.966,0.258202,1.98355,1.74514,3.34626,1.14501,5.67174,0.42336,36.966,0.42336,423.524,0,1.02816,0,0,3.01171,1.98355,1.028160,1,0,81.7069,0,0,0,81.7069,0
72.29,1.96633,0,0,2.76345,0.242584,0.554533,3.6288,61.308,0.428228,0,0,1.40636,0.237918,0.740213,0.66528,12.849,1,0.349501,0.554533,0,67.8447,4.54346,63.5063,0.84672,12.849,0.84672,3695.15,0,36.966,0.258202,1.60681,1.75852,2.86122,1.14501,4.82334,0.42336,36.966,0.42336,423.524,0,1.02816,0,0,2.63497,1.60681,1.028160,1,0,69.0699,0,0,0,69.0699,0
72.2641,1.96705,0,0,2.53361,0.229622,0.36288,3.6288,61.308,0.428228,0,0,1.27247,0.220852,0.623394,0.66528,12.849,1,0.349628,0.36288,0,62.2495,4.18958,58.0732,0.84672,12.849,0.84672,3695.15,0,36.966,0.258202,1.41568,1.75868,2.67383,1.05525,4.53474,0.42336,36.966,0.42336,423.524,0,1.02816,0,0,2.44384,1.41568,1.028160,1,0,63.2313,0,0,0,63.2313,0
72.0054,2.0703,0,0,2.38682,0.212296,0.36288,3.6288,61.308,0.478272,0,0,1.21655,0.198097,0.540178,0.66528,12.849,1,0.368112,0.36288,0,58.2883,3.71774,54.5653,0.84672,12.849,0.84672,3695.15,0,36.966,0.288377,1.53378,1.75884,2.50997,0.935577,4.57863,0.42336,36.966,0.42336,423.524,0,1.02816,0,0,2.56194,1.53378,1.028160,1,0,59.6841,0,0,0,59.6841,0
71.8444,2.13798,0,0,2.5124,0.172565,0.36288,3.6288,61.308,0.428238,0,0,1.18721,0.244942,0.514034,0.66528,12.849,1,0.381512,0.36288,0,62.5514,4.59784,57.9349,0.84672,12.849,0.84672,3695.15,0,36.966,0.258209,1.34502,1.84363,2.3707,1.0975,4.20364,0.42336,36.966,0.42336,423.524,0,1.02816,0,0,2.37318,1.34502,1.028160,1,0,62.6525,0,0,0,62.6525,0
71.5791,2.13801,0,0,2.40142,0.165809,0.36288,3.6288,61.308,0.428238,0,0,1.08757,0.252749,0.406581,0.66528,12.849,1,0.382372,0.36288,0,57.7833,4.74453,53.0193,0.84672,12.849,0.84672,3695.15,0,36.966,0.258209,1.01496,1.79686,2.13717,1.12449,3.56628,0.42336,36.966,0.42336,423.524,0,1.02816,0,0,2.04312,1.01496,1.028160,1,0,56.9921,0,0,0,56.9921,0
71.1259,2.13756,0,0,2.17694,0.129678,0.36288,3.6288,61.308,0.428239,0,0,1.03824,0.276357,0.333647,0.66528,12.849,1,0.383708,0.36288,0,50.9495,5.01228,45.9164,0.84672,12.849,0.84672,3695.15,0,36.966,0.258209,0.948197,1.79703,2.08165,1.1929,3.37576,0.42336,36.966,0.42336,423.524,0,1.02816,0,0,1.97636,0.948197,1.028160,1,0,49.6258,0,0,0,49.6258,0
70.569,2.13624,0,0,2.05716,0.11496,0.36288,3.6288,61.308,0.428239,0,0,0.991786,0.285801,0.277746,0.66528,12.849,1,0.385915,0.36288,0,49.3118,5.11938,44.1693,0.84672,12.849,0.84672,3695.15,0,36.966,0.258209,0.814372,1.79719,2.07588,1.22027,3.20896,0.42336,36.966,0.42336,423.524,0,1.02816,0,0,1.84253,0.814372,1.028160,1,0,47.6561,0,0,0,47.6561,0
69.997,2.11417,0,0,2.01653,0.111478,0.36288,3.6288,61.308,0.455772,0,0,0.822182,0.278059,0.088351,0.66528,12.849,1,0.384941,0.36288,0,47.5757,5.44126,42.1124,0.84672,12.849,0.84672,3695.15,0,36.966,0.27481,0.978083,1.79736,2.00461,1.29051,3.21473,0.42336,36.966,0.42336,423.524,0,1.02816,0,0,2.00624,0.978083,1.028160,1,0,45.4155,0,0,0,45.4155,0
69.3526,2.14954,0,0,1.96319,0.0951867,0.36288,3.6288,61.2991,0.428244,0,0,0.711953,0.29263,0,0.66528,12.849,1,0.394581,0.36288,0,47.0666,5.67399,41.3609,0.84672,12.849,0.84672,3695.15,0,36.966,0.258212,0.953199,1.82714,1.73361,1.39644,2.8593,0.42336,36.966,0.42336,423.524,0,1.02816,0,0,1.98136,0.953199,1.028160,1,0,44.2202,0,0,0,44.2202,0
68.5347,2.1472,0,0,1.78691,0.094713,0.36288,3.6288,61.2613,0.428221,0,0,0.683009,0.292613,0,0.66528,12.849,1,0.397814,0.36288,0,42.4887,5.67399,36.7797,0.84672,12.849,0.84672,3695.15,0,36.966,0.258236,0.813966,1.80148,1.57152,1.39644,2.53229,0.42336,36.966,0.42336,423.524,0,1.02816,0,0,1.84213,0.813966,1.028160,1,0,39.312,0,0,0,39.312,0
67.5965,2.14395,0,0,1.66279,0.0941118,0.36288,3.6288,61.1767,0.428122,0,0,0.636146,0.292543,0,0.66528,12.849,1,0.401952,0.36288,0,38.6596,5.67399,32.9465,0.84672,12.849,0.84672,3695.15,0,36.966,0.258335,0.641848,1.80165,1.53943,1.39644,2.32815,0.42336,36.966,0.42336,423.524,0,1.02816,0,0,1.67001,0.641848,1.028160,1,0,35.2747,0,0,0,35.2747,0
66.5212,2.19199,0,0,1.57192,0.0924138,0.36288,3.6288,61.0174,0.452439,0,0,0.589291,0.296185,0,0.66528,12.849,1,0.416662,0.36288,0,33.8642,5.71689,28.0935,0.84672,12.849,0.84672,3695.15,0,36.966,0.273386,0.479926,1.80182,1.49887,1.4057,2.10152,0.42336,36.966,0.42336,423.524,0,1.02816,0,0,1.50809,0.479926,1.028160,1,0,30.1951,0,0,0,30.1951,0
65.2659,2.2201,0,0,1.41336,0.0856323,0.36288,3.6288,60.891,0.427484,0,0,0.619783,0.318652,0,0.66528,12.849,1,0.428826,0.36288,0,35.4097,5.97429,29.3694,0.84672,12.849,0.84672,3695.15,0,36.966,0.258981,0.417588,1.84399,1.44708,1.46129,1.98838,0.42336,36.966,0.42336,423.524,0,1.02816,0,0,1.44575,0.417588,1.028160,1,0,31.3578,0,0,0,31.3578,0
63.9438,2.21397,0,0,1.3395,0.0847794,0.36288,3.6288,60.7,0.42715,0,0,0.554478,0.318397,0,0.66528,12.849,1,0.435867,0.36288,0,31.2873,5.97429,25.24,0.84672,12.849,0.84672,3695.15,0,36.966,0.259316,0.55849,1.82113,1.51142,1.46129,2.17043,0.42336,36.966,0.42336,423.524,0,1.02816,0,0,1.58665,0.55849,1.028160,1,0,27.4104,0,0,0,27.4104,0
62.542,2.20723,0,0,1.25219,0.083881,0.36288,3.6288,60.4683,0.426642,0,0,0.513016,0.318011,0,0.66528,12.849,1,0.443525,0.36288,0,29.7494,5.97429,23.6945,0.84672,12.849,0.84672,3695.15,0,36.966,0.259823,0.42196,1.8213,1.32622,1.46129,1.84837,0.42336,36.966,0.42336,423.524,0,1.02816,0,0,1.45012,0.42196,1.028160,1,0,25.5429,0,0,0,25.5429,0
60.9814,2.35013,0,0,1.23536,0.0829285,0.36288,3.6288,60.1915,0.514284,0,0,0.555033,0.317544,0,0.66528,12.849,1,0.482824,0.36288,0,27.6045,5.97429,21.5103,0.84672,12.849,0.84672,3695.15,0,36.966,0.314396,0.519696,1.82147,1.49981,1.46129,2.06529,0.42336,36.966,0.42336,423.524,0,1.02816,0,0,1.54786,0.519696,1.028160,1,0,23.5756,0,0,0,23.5756,0
59.3278,2.3923,0,0,1.19248,0.0909406,0.36288,3.6288,59.9111,0.474706,0,0,0.518192,0.323944,0,0.66528,12.849,1,0.504067,0.36288,0,24.6793,6.04592,18.4922,0.84672,12.849,0.84672,3695.15,0,36.966,0.291536,0.453747,1.96549,1.62535,1.4321,2.32095,0.42336,36.966,0.42336,423.524,0,1.02816,0,0,1.48191,0.453747,1.028160,1,0,20.8131,0,0,0,20.8131,0
57.7178,2.38125,0,0,1.23352,0.0993418,0.36288,3.6288,59.6838,0.474095,0,0,0.569381,0.322551,0,0.66528,12.849,1,0.515723,0.36288,0,25.8782,5.96988,19.7555,0.84672,12.849,0.84672,3695.15,0,36.966,0.292523,0.650367,1.92913,1.42467,1.39951,2.31214,0.42336,36.966,0.42336,423.524,0,1.02816,0,0,1.67853,0.650367,1.028160,1,0,22.0676,0,0,0,22.0676,0
55.8768,2.36998,0,0,0.989695,0.0978024,0.36288,3.6288,59.3358,0.473639,0,0,0.447727,0.322083,0,0.66528,12.849,1,0.5276,0.36288,0,30.4384,5.96988,24.3038,0.84672,12.849,0.84672,3695.15,0,36.966,0.293355,0.318323,1.92954,1.18346,1.39951,1.73846,0.42336,36.966,0.42336,423.524,0,1.02816,0,0,1.34648,0.318323,1.028160,1,0,26.0422,0,0,0,26.0422,0
54.2337,2.35634,0,0,1.17212,0.0960421,0.36288,3.6288,59.2251,0.47281,0,0,0.683438,0.321367,0,0.66528,12.849,1,0.541846,0.36288,0,26.1262,5.96988,19.9774,0.84672,12.849,0.84672,3695.15,0,36.966,0.294559,0.99735,1.92994,1.60039,1.39951,2.83362,0.42336,36.966,0.42336,423.524,0,1.02816,0,0,2.02551,0.99735,1.028160,1,0,22.811,0,0,0,22.811,0
52.609,2.27206,0,0,1.10943,0.0992219,0.36288,3.6288,58.9748,0.4195,0,0,0.477306,0.308083,0,0.66528,12.849,1,0.538293,0.36288,0,30.6547,5.50651,24.9728,0.84672,12.849,0.84672,3695.15,0,36.966,0.261836,0.621778,1.93035,1.58601,1.34783,2.52847,0.42336,36.966,0.42336,423.524,0,1.02816,0,0,1.64994,0.621778,1.028160,1,0,27.5013,0,0,0,27.5013,0
51.3181,2.25532,0,0,1.43116,0.103821,0.36288,3.6288,58.7711,0.421978,0,0,0.508494,0.290208,0,0.66528,12.849,1,0.550831,0.36288,0,32.2781,4.88869,27.2014,0.84672,12.849,0.84672,3695.15,0,36.966,0.2645,0.927893,1.84742,1.54374,1.27893,2.77562,0.42336,36.966,0.42336,423.524,0,1.02816,0,0,1.95605,0.927893,1.028160,1,0,29.9771,0,0,0,29.9771,0
49.7846,2.245,0,0,1.1768,0.102441,0.36288,3.6288,58.7706,0.421415,0,0,0.710712,0.289829,0,0.66528,12.849,1,0.562101,0.36288,0,31.3344,4.88869,26.2465,0.84672,12.849,0.84672,3695.15,0,36.966,0.265063,2.30907,1.8506,1.74296,1.27893,4.35865,0.42336,36.966,0.42336,423.524,0,1.02816,0,0,3.33723,2.30907,1.028160,1,0,30.6052,0,0,0,30.6052,0
48.0654,2.23199,0,0,0.976458,0.100803,0.36288,3.6288,58.4416,0.421414,0,0,0.382257,0.289828,0,0.66528,12.849,1,0.576058,0.36288,0,30.023,4.88869,24.9211,0.84672,12.849,0.84672,3695.15,0,36.966,0.265064,0.699494,1.85078,1.29804,1.27893,2.30433,0.42336,36.966,0.42336,423.524,0,1.02816,0,0,1.72765,0.699494,1.028160,1,0,27.2254,0,0,0,27.2254,0
46.8015,2.15914,0,0,1.40441,0.146224,0.36288,3.6288,58.295,0.37228,0,0,0.470186,0.244555,0,0.66528,12.849,1,0.577189,0.36288,0,35.0398,4.26581,30.5597,0.84672,12.849,0.84672,3695.15,0,36.966,0.235478,0.918657,1.85096,1.42836,1.08423,2.87826,0.42336,36.966,0.42336,423.524,0,1.02816,0,0,1.94682,0.918657,1.028160,1,0,33.4379,0,0,0,33.4379,0
45.456,2.08588,0,0,1.28224,0.179026,0.36288,3.6288,58.2514,0.42008,0,0,0.566725,0.190215,0,0.66528,12.849,1,0.572662,0.36288,0,32.3913,3.81003,28.3715,0.84672,12.849,0.84672,3695.15,0,36.966,0.266381,0.492307,1.7767,1.85201,0.848117,3.00652,0.42336,36.966,0.42336,423.524,0,1.02816,0,0,1.52047,0.492307,1.028160,1,0,31.378,0,0,0,31.378,0
45.4412,2.07338,0,0,2.59779,0.176363,0.36288,3.6288,58.8752,0.419958,0,0,1.23391,0.190161,0,0.66528,12.849,1,0.58608,0.36288,0,51.3106,3.81003,47.2774,0.84672,12.849,0.84672,3695.15,0,36.966,0.266503,2.32036,1.82293,3.8921,0.848117,6.92076,0.42336,36.966,0.42336,423.524,0,1.02816,0,0,3.34852,2.32036,1.028160,1,0,54.1982,0,0,0,54.1982,0
44.5533,2.07394,0,0,1.7253,0.176334,0.36288,3.6288,59.4541,0.421693,0,0,1.19154,0.190926,0,0.66528,12.849,1,0.586431,0.36288,0,31.5803,3.81003,27.5467,0.84672,12.849,0.84672,3695.15,0,36.966,0.264769,2.42293,1.8231,2.89889,0.848117,6.03203,0.42336,36.966,0.42336,423.524,0,1.02816,0,0,3.45109,2.42293,1.028160,1,0,33.5788,0,0,0,33.5788,0
44.5958,1.90528,0,0,2.52639,0.215744,0.36288,3.6288,59.8648,0.322104,0,0,0.941493,0.20868,0,0.66528,12.849,1,0.549476,0.36288,0,61.6139,4.09998,57.3273,0.84672,12.849,0.84672,3695.15,0,36.966,0.200271,1.62021,1.82327,5.32922,0.915809,7.65662,0.42336,36.966,0.42336,423.524,0,1.02816,0,0,2.64837,1.62021,1.028160,1,0,64.984,0,0,0,64.984,0
45.7929,1.77898,0,0,3.49887,0.159921,0.36288,3.6288,60.6854,0.424378,0,0,1.48701,0.242034,0,0.66528,12.849,1,0.512563,0.36288,0,91.7689,3.96906,87.6502,0.84672,12.849,0.84672,3695.15,0,36.966,0.26205,3.25698,1.65797,4.51852,0.97551,8.1959,0.42336,36.966,0.42336,423.524,0,1.02816,0,0,4.28514,3.25698,1.028160,1,0,95.8461,0,0,0,95.8461,0
47.1576,1.7901,0,0,3.73895,0.221248,0.36288,3.6288,61.308,0.42658,0,0,1.90856,0.228489,0.630904,0.66528,12.849,1,0.502283,0.36288,0,137.098,3.83954,133.119,0.84672,12.849,0.84672,3695.15,0,36.966,0.259848,4.48536,1.75413,6.48627,0.95351,11.5124,0.42336,36.966,0.42336,423.524,0,1.02816,0,0,5.51352,4.48536,1.028160,1,0,145.262,0,0,0,145.262,0
48.739,1.80218,0,0,3.97109,0.224624,0.36288,3.6288,61.308,0.428226,0,0,1.85637,0.229392,1.19876,0.66528,12.849,1,0.49104,0.36288,0,137.728,3.83954,133.76,0.84672,12.849,0.84672,3695.15,0,36.966,0.258201,3.96967,1.75428,5.75761,0.95351,10.2698,0.42336,36.966,0.42336,423.524,0,1.02816,0,0,4.99783,3.96967,1.028160,1,0,145.229,0,0,0,145.229,0
49.6399,1.81545,0,0,3.30775,0.228536,0.36288,3.6288,61.308,0.428226,0,0,1.81011,0.229392,1.15249,0.66528,12.849,1,0.478606,0.36288,0,137.179,3.83954,133.224,0.84672,12.849,0.84672,3695.15,0,36.966,0.258201,3.71197,1.75444,5.75108,0.95351,10.0058,0.42336,36.966,0.42336,423.524,0,1.02816,0,0,4.74013,3.71197,1.028160,1,0,144.382,0,0,0,144.382,0
51.8706,1.88619,0,0,4.71533,0.235534,0.36288,3.6288,61.308,0.457896,0,0,1.6245,0.247685,0.918921,0.66528,12.849,1,0.488228,0.36288,0,106.305,4.29808,101.881,0.84672,12.849,0.84672,3695.15,0,36.966,0.276091,3.61413,1.7546,5.48089,1.13498,9.43855,0.42336,36.966,0.42336,423.524,0,1.02816,0,0,4.64229,3.61413,1.028160,1,0,112.239,0,0,0,112.239,0
52.3355,1.9418,0,0,3.02562,0.256073,0.36288,3.6288,61.308,0.428225,0,0,1.18443,0.255711,0.500495,0.66528,12.849,1,0.481008,0.36288,0,90.7439,4.28683,86.339,0.84672,12.849,0.84672,3695.15,0,36.966,0.258201,1.77811,1.8064,3.93071,1.22926,6.02776,0.42336,36.966,0.42336,423.524,0,1.02816,0,0,2.80627,1.77811,1.028160,1,0,92.8672,0,0,0,92.8672,0
51.9099,1.9459,0,0,2.14048,0.257308,0.36288,3.6288,61.308,0.428225,0,0,0.953191,0.255711,0.269255,0.66528,12.849,1,0.477742,0.36288,0,56.0549,4.28683,51.6532,0.84672,12.849,0.84672,3695.15,0,36.966,0.258201,1.12445,1.77872,3.81774,1.22926,5.23346,0.42336,36.966,0.42336,423.524,0,1.02816,0,0,2.15261,1.12445,1.028160,1,0,57.1559,0,0,0,57.1559,0
51.3112,1.94343,0,0,1.97098,0.263369,0.36288,3.6288,61.308,0.428225,0,0,0.839048,0.227676,0.183146,0.66528,12.849,1,0.481047,0.36288,0,48.5967,3.95271,44.5258,0.84672,12.849,0.84672,3695.15,0,36.966,0.258201,0.874152,1.77888,3.5394,1.10034,4.83389,0.42336,36.966,0.42336,423.524,0,1.02816,0,0,1.90231,0.874152,1.028160,1,0,49.5429,0,0,0,49.5429,0
50.1605,2.14398,0,0,1.62075,0.264593,0.36288,3.6288,60.846,0.880771,0,0,0.635255,0.216462,0,0.66528,12.849,1,0.536882,0.36288,0,44.0162,3.81906,40.0232,0.84672,12.849,0.84672,3695.15,0,36.966,0.42336,0.503194,1.77904,3.54934,1.04877,4.35944,0.42336,36.966,0.42336,423.524,0,0.589153,0,0,1.09235,0.503194,1.028160,1,0,44.3826,0,0,0,44.3826,0
51.5228,2.27714,0,0,4.26949,0.267169,0.36288,3.6288,61.0551,0.427028,0,0,0.843074,0.206964,0,0.66528,12.849,1,0.583308,0.36288,0,88.7801,4.17519,84.3844,0.84672,12.849,0.84672,3695.15,0,36.966,0.259434,1.09797,1.96515,4.55734,1.06086,6.30017,0.42336,36.966,0.42336,423.524,0,1.02816,0,0,2.12613,1.09797,1.028160,1,0,90.6846,0,0,0,90.6846,0
50.7829,2.29023,0,0,2.18527,0.271984,0.36288,3.6288,60.9795,0.434244,0,0,0.564418,0.205758,0,0.66528,12.849,1,0.571148,0.36288,0,56.0726,4.23454,51.6298,0.84672,12.849,0.84672,3695.15,0,36.966,0.262915,0.503194,1.86077,2.89202,1.06287,3.93019,0.42336,36.966,0.42336,423.524,0,1.01746,0,0,1.52066,0.503194,1.028160,1,0,55.5599,0,0,0,55.5599,0
49.759,2.28432,0,0,1.86322,0.23999,0.36288,3.6288,60.5541,0.675307,0,0,0.467923,0.217993,0,0.66528,12.849,1,0.577974,0.36288,0,41.122,4.15957,36.7473,0.84672,12.849,0.84672,3695.15,0,36.966,0.409373,0.608429,1.86094,2.75348,1.01266,3.80081,0.42336,36.966,0.42336,423.524,0,0.629942,0,0,1.23837,0.608429,1.028160,1,0,40.5481,0,0,0,40.5481,0
49.3171,1.98567,0,0,2.13913,0.232482,0.36288,3.6288,60.8484,0.277222,0,0,0.790966,0.219455,0,0.66528,12.849,1,0.512749,0.36288,0,56.449,4.14708,52.1521,0.84672,12.849,0.84672,3695.15,0,36.966,0.169234,0.738599,1.86111,3.5714,1.00429,4.99758,0.42336,36.966,0.42336,423.524,0,1.02816,0,0,1.76676,0.738599,1.028160,1,0,57.1496,0,0,0,57.1496,0
51.7843,1.7923,0,0,4.85929,0.236887,0.36288,3.6288,61.308,0.427005,0,0,1.26921,0.215411,0.167223,0.66528,12.849,1,0.466962,0.36288,0,84.4059,4.317,79.9848,0.84672,12.849,0.84672,3695.15,0,36.966,0.259409,1.85611,1.60749,5.10729,1.12015,7.19133,0.42336,36.966,0.42336,423.524,0,1.02816,0,0,2.88427,1.85611,1.028160,1,0,87.3434,0,0,0,87.3434,0
54.92,1.81076,0,0,5.55307,0.243774,0.36288,3.6288,61.308,0.428218,0,0,1.51,0.176112,0.905674,0.66528,12.849,1,0.449297,0.36288,0,93.6654,4.01614,89.5628,0.84672,12.849,0.84672,3695.15,0,36.966,0.258196,2.20608,1.74807,5.80561,0.980614,8.52095,0.42336,36.966,0.42336,423.524,0,1.02816,0,0,3.23424,2.20608,1.028160,1,0,98.9894,0,0,0,98.9894,0
57.4503,1.8322,0,0,4.97698,0.251591,0.36288,3.6288,61.308,0.428218,0,0,1.2792,0.160439,0.690539,0.66528,12.849,1,0.42866,0.36288,0,83.1496,3.88448,79.1994,0.84672,12.849,0.84672,3695.15,0,36.966,0.258196,1.72133,1.74822,5.21262,0.917075,7.50689,0.42336,36.966,0.42336,423.524,0,1.02816,0,0,2.74949,1.72133,1.028160,1,0,87.3968,0,0,0,87.3968,0
60.7471,1.84829,0,0,5.76594,0.25799,0.36288,3.6288,61.308,0.428218,0,0,1.28121,0.160439,0.692552,0.66528,12.849,1,0.413377,0.36288,0,97.8368,3.88448,93.9018,0.84672,12.849,0.84672,3695.15,0,36.966,0.258196,1.59449,1.74837,5.25087,0.917075,7.41846,0.42336,36.966,0.42336,423.524,0,1.02816,0,0,2.62265,1.59449,1.028160,1,0,102.013,0,0,0,102.013,0
63.0058,1.94334,0,0,4.82539,0.260389,0.36288,3.6288,61.308,0.464884,0,0,1.30937,0.159885,0.684605,0.66528,12.849,1,0.411047,0.36288,0,80.9119,4.05075,76.813,0.84672,12.849,0.84672,3695.15,0,36.966,0.280304,1.4985,1.74852,4.86197,0.946826,6.88186,0.42336,36.966,0.42336,423.524,0,1.02816,0,0,2.52666,1.4985,1.028160,1,0,84.3794,0,0,0,84.3794,0
66.981,2.00508,0,0,6.60053,0.257401,0.36288,3.6288,61.308,0.428226,0,0,2.03108,0.159148,1.44371,0.66528,12.849,1,0.408902,0.36288,0,114.408,4.27245,110.09,0.84672,12.849,0.84672,3695.15,0,36.966,0.258201,3.45691,1.8113,7.97647,0.986494,12,0.42336,36.966,0.42336,423.524,0,1.02816,0,0,4.48507,3.45691,1.028160,1,0,123.534,0,0,0,123.534,0
69.5192,2.02614,0,0,5.19295,0.265753,0.36288,3.6288,61.308,0.428226,0,0,1.81055,0.159148,1.22317,0.66528,12.849,1,0.388675,0.36288,0,88.0995,4.27245,83.8012,0.84672,12.849,0.84672,3695.15,0,36.966,0.258201,2.52123,1.77707,6.65812,0.986494,9.71173,0.42336,36.966,0.42336,423.524,0,1.02816,0,0,3.54939,2.52123,1.028160,1,0,94.7361,0,0,0,94.7361,0
70.9683,2.03881,0,0,4.1219,0.271086,0.36288,3.6288,61.308,0.428226,0,0,1.41547,0.159148,0.828101,0.66528,12.849,1,0.376827,0.36288,0,68.5316,4.27245,64.2452,0.84672,12.849,0.84672,3695.15,0,36.966,0.258201,1.74512,1.77722,5.03086,0.986494,7.30852,0.42336,36.966,0.42336,423.524,0,1.02816,0,0,2.77328,1.74512,1.028160,1,0,72.3818,0,0,0,72.3818,0
72.005,2.01558,0,0,3.65234,0.237211,0.36288,3.6288,61.308,0.413973,0,0,1.1732,0.179533,0.579693,0.66528,12.849,1,0.364926,0.36288,0,60.7752,4.44435,56.3288,0.84672,12.849,0.84672,3695.15,0,36.966,0.249608,1.45925,1.77738,4.37926,1.01167,6.35462,0.42336,36.966,0.42336,423.524,0,1.02816,0,0,2.48741,1.45925,1.028160,1,0,63.2631,0,0,0,63.2631,0
72.29,2.00135,0,0,2.93562,0.237369,0.411882,3.6288,61.308,0.428223,0,0,0.993315,0.194117,0.370975,0.66528,12.849,1,0.357133,0.411882,0,49.3108,4.33282,45.0327,0.84672,12.849,0.84672,3695.15,0,36.966,0.258199,1.32915,1.75315,4.12512,1.06023,5.88898,0.42336,36.966,0.42336,423.524,0,1.02816,0,0,2.35731,1.32915,1.028160,1,0,51.2927,0,0,0,51.2927,0
72.29,2.00325,0,0,2.75106,0.237883,0.509933,3.6288,61.308,0.428223,0,0,0.982748,0.194117,0.360408,0.66528,12.849,1,0.356062,0.509933,0,46.72,4.33282,42.5411,0.84672,12.849,0.84672,3695.15,0,36.966,0.258199,1.27427,1.76667,3.92553,1.06023,5.64803,0.42336,36.966,0.42336,423.524,0,1.02816,0,0,2.30243,1.27427,1.028160,1,0,48.5495,0,0,0,48.5495,0
72.29,2.00394,0,0,4.33885,0.230272,2.10464,3.6288,61.308,0.428223,0,0,1.25593,0.195902,0.631803,0.66528,12.849,1,0.356186,2.10464,0,61.3043,4.38701,58.6657,0.84672,12.849,0.84672,3695.15,0,36.966,0.258199,1.81786,1.76682,3.8882,1.0502,6.16447,0.42336,36.966,0.42336,423.524,0,1.02816,0,0,2.84602,1.81786,1.028160,1,0,65.462,0,0,0,65.462,0
72.29,2.10839,0,0,2.66526,0.184605,0.372264,3.6288,61.308,0.478806,0,0,0.999743,0.206613,0.314325,0.66528,12.849,1,0.37475,0.372264,0,46.2375,4.71209,41.5229,0.84672,12.849,0.84672,3695.15,0,36.966,0.288699,1.23732,1.76697,3.41634,0.990026,5.14191,0.42336,36.966,0.42336,423.524,0,1.02816,0,0,2.26548,1.23732,1.028160,1,0,46.9791,0,0,0,46.9791,0
72.0281,2.17795,0,0,2.43036,0.151433,0.36288,3.6288,61.308,0.428233,0,0,0.832697,0.25166,0.152804,0.66528,12.849,1,0.387115,0.36288,0,40.372,4.92021,35.4276,0.84672,12.849,0.84672,3695.15,0,36.966,0.258206,0.925906,1.85267,3.06745,1.20844,4.37938,0.42336,36.966,0.42336,423.524,0,1.02816,0,0,1.95407,0.925906,1.028160,1,0,39.9598,0,0,0,39.9598,0
71.5516,2.17749,0,0,2.20176,0.137889,0.36288,3.6288,61.308,0.428233,0,0,0.776892,0.269679,0.0789791,0.66528,12.849,1,0.38844,0.36288,0,37.5986,5.00346,32.5696,0.84672,12.849,0.84672,3695.15,0,36.966,0.258206,0.838547,1.80539,2.82923,1.2958,3.91916,0.42336,36.966,0.42336,423.524,0,1.02816,0,0,1.86671,0.838547,1.028160,1,0,36.5677,0,0,0,36.5677,0
70.9419,2.17603,0,0,2.06664,0.13739,0.36288,3.6288,61.308,0.428233,0,0,0.728922,0.269679,0.0310097,0.66528,12.849,1,0.390764,0.36288,0,35.5378,5.00346,30.5064,0.84672,12.849,0.84672,3695.15,0,36.966,0.258206,0.683899,1.80555,2.61876,1.2958,3.55421,0.42336,36.966,0.42336,423.524,0,1.02816,0,0,1.71206,0.683899,1.028160,1,0,34.0917,0,0,0,34.0917,0
70.1615,2.17392,0,0,1.89309,0.136751,0.36288,3.6288,61.2768,0.428233,0,0,0.666757,0.269679,0,0.66528,12.849,1,0.39374,0.36288,0,31.8877,5.00346,26.8534,0.84672,12.849,0.84672,3695.15,0,36.966,0.258206,0.515341,1.80572,2.50138,1.2958,3.26843,0.42336,36.966,0.42336,423.524,0,1.02816,0,0,1.5435,0.515341,1.028160,1,0,30.1218,0,0,0,30.1218,0
69.3058,2.1505,0,0,1.76143,0.103724,0.36288,3.6288,61.1501,0.455975,0,0,0.613336,0.284114,0,0.66528,12.849,1,0.393831,0.36288,0,27.0743,5.14237,21.901,0.84672,12.849,0.84672,3695.15,0,36.966,0.275073,0.323058,1.80588,2.22524,1.27829,2.80082,0.42336,36.966,0.42336,423.524,0,1.02816,0,0,1.35122,0.323058,1.028160,1,0,24.7018,0,0,0,24.7018,0
68.3515,2.18476,0,0,1.70298,0.109622,0.36288,3.6288,60.876,0.551766,0,0,0.547873,0.27017,0,0.66528,12.849,1,0.405044,0.36288,0,23.1809,4.95274,18.186,0.84672,12.849,0.84672,3695.15,0,36.966,0.333549,0.30119,1.83597,2.05812,1.15916,2.70257,0.42336,36.966,0.42336,423.524,0,0.829293,0,0,1.13048,0.30119,1.028160,1,0,20.8886,0,0,0,20.8886,0
67.3333,2.18073,0,0,1.6203,0.0948876,0.36288,3.6288,60.5823,0.53557,0,0,0.534838,0.292955,0,0.66528,12.849,1,0.409942,0.36288,0,21.8495,5.2785,16.524,0.84672,12.849,0.84672,3695.15,0,36.966,0.325216,0.261274,1.81003,2.00067,1.26941,2.47735,0.42336,36.966,0.42336,423.524,0,0.853822,0,0,1.1151,0.261274,1.028160,1,0,19.0013,0,0,0,19.0013,0
66.1202,2.17625,0,0,1.40208,0.0761125,0.36288,3.6288,60.1851,0.582465,0,0,0.503229,0.318021,0,0.66528,12.849,1,0.415287,0.36288,0,20.384,5.98404,14.3476,0.84672,12.849,0.84672,3695.15,0,36.966,0.355407,0.261274,1.8102,1.99816,1.517,2.19723,0.42336,36.966,0.42336,423.524,0,0.776736,0,0,1.03801,0.261274,1.028160,1,0,16.5448,0,0,0,16.5448,0
64.8334,2.22294,0,0,1.37472,0.0756789,0.36288,3.6288,59.8026,0.566598,0,0,0.497386,0.313228,0,0.66528,12.849,1,0.43198,0.36288,0,18.8393,6.18744,12.5827,0.84672,12.849,0.84672,3695.15,0,36.966,0.348008,0.261274,1.81036,1.96991,1.59244,2.1011,0.42336,36.966,0.42336,423.524,0,0.839791,0,0,1.10106,0.261274,1.028160,1,0,14.6838,0,0,0,14.6838,0
63.1246,2.24973,0,0,0.980804,0.076992,0.36288,3.6288,59.066,0.751101,0,0,0.340935,0.326508,0,0.66528,12.849,1,0.445862,0.36288,0,15.6895,5.82614,9.78043,0.84672,12.849,0.84672,3695.15,0,36.966,0.42336,0.261274,1.85298,1.41763,1.44255,1.66598,0.42336,36.966,0.42336,423.524,0,0.540155,0,0,0.801429,0.261274,1.028160,1,0,11.4464,0,0,0,11.4464,0
61.3434,2.24044,0,0,0.898085,0.0759339,0.36288,3.6288,58.1893,0.867439,0,0,0.315776,0.324973,0,0.66528,12.849,1,0.456041,0.36288,0,14.9129,5.82614,8.9936,0.84672,12.849,0.84672,3695.15,0,36.966,0.42336,0.261274,1.82987,1.24608,1.44255,1.47131,0.42336,36.966,0.42336,423.524,0,0.423818,0,0,0.685091,0.261274,1.028160,1,0,10.4649,0,0,0,10.4649,0
59.6334,2.23022,0,0,0.948879,0.0658434,0.36288,3.6288,57.5271,0.696557,0,0,0.362506,0.328224,0,0.66528,12.849,1,0.467143,0.36288,0,14.6261,5.97568,8.5461,0.84672,12.849,0.84672,3695.15,0,36.966,0.42336,0.227405,1.83003,1.6484,1.47242,1.81006,0.42336,36.966,0.42336,423.524,0,0.5947,0,0,0.822105,0.227405,1.028160,1,0,10.3562,0,0,0,10.3562,0
57.795,2.37068,0,0,0.957096,0.0619162,0.36288,3.6288,56.7729,0.820062,0,0,0.35516,0.28924,0,0.66528,12.849,1,0.510802,0.36288,0,14.2674,5.98488,8.1346,0.84672,12.849,0.84672,3695.15,0,36.966,0.42336,0.227405,1.8302,1.61244,1.50439,1.74229,0.42336,36.966,0.42336,423.524,0,0.614926,0,0,0.842331,0.227405,1.028160,1,0,9.87689,0,0,0,9.87689,0
56.0482,2.39483,0,0,1.07428,0.0633274,0.36288,3.6288,56.0552,0.767022,0,0,0.364063,0.314778,0,0.66528,12.849,1,0.53242,0.36288,0,13.7654,6.09126,7.50462,0.84672,12.849,0.84672,3695.15,0,36.966,0.42336,0.227405,1.97575,1.66901,1.5195,1.92931,0.42336,36.966,0.42336,423.524,0,0.623151,0,0,0.850556,0.227405,1.028160,1,0,9.43393,0,0,0,9.43393,0
54.2805,2.38181,0,0,1.03681,0.0598181,0.36288,3.6288,55.1389,0.89962,0,0,0.319269,0.335931,0,0.66528,12.849,1,0.546028,0.36288,0,12.7497,6.24582,6.32073,0.84672,12.849,0.84672,3695.15,0,36.966,0.42336,0.227405,1.9497,1.47934,1.54577,1.68732,0.42336,36.966,0.42336,423.524,0,0.49092,0,0,0.718324,0.227405,1.028160,1,0,8.00805,0,0,0,8.00805,0
52.3448,2.36791,0,0,0.853796,0.0587672,0.36288,3.6288,54.1223,0.960611,0,0,0.277884,0.333919,0,0.66528,12.849,1,0.56052,0.36288,0,15.8279,6.24582,9.38442,0.84672,12.849,0.84672,3695.15,0,36.966,0.42336,0.204422,1.9501,1.31979,1.54577,1.50518,0.42336,36.966,0.42336,423.524,0,0.430294,0,0,0.634716,0.204422,1.028160,1,0,10.8896,0,0,0,10.8896,0
50.5171,2.35174,0,0,0.944533,0.0576163,0.36288,3.6288,53.4075,0.764803,0,0,0.381721,0.331685,0,0.66528,12.849,1,0.577279,0.36288,0,13.5703,6.24582,7.11011,0.84672,12.849,0.84672,3695.15,0,36.966,0.42336,0.204422,1.95049,1.57717,1.54577,1.76296,0.42336,36.966,0.42336,423.524,0,0.626468,0,0,0.830891,0.204422,1.028160,1,0,8.87307,0,0,0,8.87307,0
48.7347,2.2643,0,0,0.908807,0.0639915,0.36288,3.6288,52.9398,0.568794,0,0,0.425239,0.324118,0,0.66528,12.849,1,0.575925,0.36288,0,14.9363,6.05739,8.66588,0.84672,12.849,0.84672,3695.15,0,36.966,0.393691,0.204422,1.95088,1.77018,1.49017,2.04162,0.42336,36.966,0.42336,423.524,0,0.765184,0,0,0.969607,0.204422,1.028160,1,0,10.7075,0,0,0,10.7075,0
46.7788,2.24809,0,0,0.736214,0.0810903,0.36288,3.6288,52.5493,0.491788,0,0,0.409704,0.30843,0,0.66528,12.849,1,0.592713,0.36288,0,20.6448,5.58631,14.8286,0.84672,12.849,0.84672,3695.15,0,36.966,0.343398,0.204422,1.86706,1.15865,1.35117,1.53556,0.42336,36.966,0.42336,423.524,0,0.892832,0,0,1.09725,0.204422,1.028160,1,0,16.3642,0,0,0,16.3642,0
44.7024,2.22909,0,0,0.620543,0.105052,0.36288,3.6288,52.0337,0.577592,0,0,0.349578,0.287539,0,0.66528,12.849,1,0.612278,0.36288,0,14.4397,5.25028,8.94,0.84672,12.849,0.84672,3695.15,0,36.966,0.406309,0.216518,1.86743,1.51063,1.26399,1.92429,0.42336,36.966,0.42336,423.524,0,0.744466,0,0,0.960984,0.216518,1.028160,1,0,10.8643,0,0,0,10.8643,0
42.957,2.20745,0,0,0.897385,0.0723894,0.36288,3.6288,51.7112,0.447147,0,0,0.431323,0.306752,0,0.66528,12.849,1,0.634497,0.36288,0,14.5383,5.76318,8.50347,0.84672,12.849,0.84672,3695.15,0,36.966,0.317664,0.216518,1.86781,2.13469,1.20008,2.70128,0.42336,36.966,0.42336,423.524,0,0.963904,0,0,1.18042,0.216518,1.028160,1,0,11.2048,0,0,0,11.2048,0
43.9251,2.13152,0,0,3.57565,0.113155,0.36288,3.6288,51.9254,0.362334,0,0,0.815711,0.239176,0,0.66528,12.849,1,0.637566,0.36288,0,34.0657,5.07727,28.7137,0.84672,12.849,0.84672,3695.15,0,36.966,0.259016,1.05877,1.86819,4.43127,0.942137,6.15708,0.42336,36.966,0.42336,423.524,0,1.02816,0,0,2.08693,1.05877,1.028160,1,0,34.8708,0,0,0,34.8708,0
42.9274,2.09271,0,0,1.61644,0.158555,0.36288,3.6288,51.7905,0.449292,0,0,0.521864,0.207423,0,0.66528,12.849,1,0.612162,0.36288,0,24.3004,4.14301,19.9081,0.84672,12.849,0.84672,3695.15,0,36.966,0.319854,0.216518,1.79334,2.99431,0.951957,3.73236,0.42336,36.966,0.42336,423.524,0,0.945467,0,0,1.16198,0.216518,1.028160,1,0,23.6405,0,0,0,23.6405,0
41.4987,2.08245,0,0,1.17685,0.160196,0.36288,3.6288,51.3367,0.598585,0,0,0.351797,0.207074,0,0.66528,12.849,1,0.623318,0.36288,0,17.7806,4.04807,13.4721,0.84672,12.849,0.84672,3695.15,0,36.966,0.42336,0.216518,1.8316,2.45693,0.972502,3.10919,0.42336,36.966,0.42336,423.524,0,0.692668,0,0,0.909186,0.216518,1.028160,1,0,16.5813,0,0,0,16.5813,0
41.904,2.06675,0,0,2.99241,0.157553,0.36288,3.6288,51.8576,0.399084,0,0,1.12631,0.206314,0,0.66528,12.849,1,0.639914,0.36288,0,49.6067,4.04807,45.2816,0.84672,12.849,0.84672,3695.15,0,36.966,0.287369,1.73842,1.83177,5.74195,0.972502,8.05227,0.42336,36.966,0.42336,423.524,0,1.02816,0,0,2.76658,1.73842,1.028160,1,0,53.3339,0,0,0,53.3339,0
42.9746,1.91243,0,0,3.5213,0.175343,0.36288,3.6288,52.8139,0.303959,0,0,1.45274,0.192498,0,0.66528,12.849,1,0.586408,0.36288,0,59.1857,3.83041,55.1318,0.84672,12.849,0.84672,3695.15,0,36.966,0.216673,0.776589,1.83194,5.8173,0.910849,7.2983,0.42336,36.966,0.42336,423.524,0,1.02816,0,0,1.80475,0.776589,1.028160,1,0,62.4301,0,0,0,62.4301,0
42.6218,1.79668,0,0,2.01245,0.205737,0.36288,3.6288,52.9946,0.403793,0,0,0.76525,0.18066,0,0.66528,12.849,1,0.53719,0.36288,0,40.3935,3.62945,36.5897,0.84672,12.849,0.84672,3695.15,0,36.966,0.282627,0.530453,1.66488,3.28806,0.847783,4.35298,0.42336,36.966,0.42336,423.524,0,1.02816,0,0,1.55861,0.530453,1.028160,1,0,40.9427,0,0,0,40.9427,0
41.7343,1.79389,0,0,1.47676,0.20749,0.36288,3.6288,52.7847,0.483206,0,0,0.460013,0.186769,0,0.66528,12.849,1,0.540796,0.36288,0,32.5963,3.76677,28.6516,0.84672,12.849,0.84672,3695.15,0,36.966,0.337056,0.292723,1.76205,1.91811,0.934817,2.70101,0.42336,36.966,0.42336,423.524,0,0.894318,0,0,1.18704,0.292723,1.028160,1,0,31.3526,0,0,0,31.3526,0
40.6654,1.78572,0,0,1.2838,0.204083,0.36288,3.6288,52.5917,0.479582,0,0,0.477575,0.191017,0,0.66528,12.849,1,0.549781,0.36288,0,32.5451,3.93243,28.4257,0.84672,12.849,0.84672,3695.15,0,36.966,0.335859,0.412474,1.7622,4.35265,0.973169,5.2183,0.42336,36.966,0.42336,423.524,0,0.899139,0,0,1.31161,0.412474,1.028160,1,0,33.644,0,0,0,33.644,0
39.9139,1.77536,0,0,1.58079,0.19399,0.36288,3.6288,52.3995,0.47077,0,0,0.496606,0.218049,0,0.66528,12.849,1,0.560958,0.36288,0,50.3623,4.92639,45.2378,0.84672,12.849,0.84672,3695.15,0,36.966,0.330898,0.412474,1.76236,3.59271,1.20329,4.23336,0.42336,36.966,0.42336,423.524,0,0.912911,0,0,1.32538,0.412474,1.028160,1,0,49.4712,0,0,0,49.4712,0
39.4706,1.7676,0,0,1.88564,0.198528,0.36288,3.6288,52.6962,0.402307,0,0,0.914103,0.215088,0,0.66528,12.849,1,0.56902,0.36288,0,58.6916,4.75052,53.7349,0.84672,12.849,0.84672,3695.15,0,36.966,0.283813,0.635524,1.76251,2.66012,1.15516,3.61919,0.42336,36.966,0.42336,423.524,0,1.02816,0,0,1.66368,0.635524,1.028160,1,0,57.3541,0,0,0,57.3541,0
45.5452,1.82378,0,0,8.46749,0.206187,0.36288,3.6288,54.6235,0.431668,0,0,2.59499,0.235946,0,0.66528,12.849,1,0.593703,0.36288,0,96.1511,5.08589,90.8344,0.84672,12.849,0.84672,3695.15,0,36.966,0.302812,3.30636,1.76233,8.76153,1.15359,12.3738,0.42336,36.966,0.42336,423.524,0,1.02816,0,0,4.33452,3.30636,1.028160,1,0,103.208,0,0,0,103.208,0
48.9577,1.92366,0,0,5.92021,0.221218,0.36288,3.6288,55.3901,0.409376,0,0,1.41525,0.239345,0,0.66528,12.849,1,0.542695,0.36288,0,84.3204,5.08589,79.0547,0.84672,12.849,0.84672,3695.15,0,36.966,0.277042,1.31125,1.81485,4.94533,1.15359,6.6408,0.42336,36.966,0.42336,423.524,0,1.02816,0,0,2.33941,1.31125,1.028160,1,0,85.6954,0,0,0,85.6954,0
51.5466,1.95427,0,0,5.1358,0.229682,0.36288,3.6288,55.9477,0.411675,0,0,1.20989,0.240556,0,0.66528,12.849,1,0.5129,0.36288,0,107.641,5.08589,102.406,0.84672,12.849,0.84672,3695.15,0,36.966,0.274742,0.994715,1.78688,5.96647,1.15359,7.31973,0.42336,36.966,0.42336,423.524,0,1.02816,0,0,2.02287,0.994715,1.028160,1,0,109.725,0,0,0,109.725,0
53.0508,1.97554,0,0,4.08223,0.239615,0.36288,3.6288,56.2485,0.413324,0,0,0.950426,0.236352,0,0.66528,12.849,1,0.492442,0.36288,0,76.0009,4.79815,71.0732,0.84672,12.849,0.84672,3695.15,0,36.966,0.273093,0.524439,1.78703,3.79304,1.07613,4.75529,0.42336,36.966,0.42336,423.524,0,1.02816,0,0,1.5526,0.524439,1.028160,1,0,75.8285,0,0,0,75.8285,0
56.923,2.19532,0,0,6.68355,0.253185,0.36288,3.6288,57.0426,0.523169,0,0,1.52295,0.205666,0,0.66528,12.849,1,0.531711,0.36288,0,83.3527,3.76809,79.4157,0.84672,12.849,0.84672,3695.15,0,36.966,0.343822,1.22751,1.78718,5.02839,0.954864,6.7444,0.42336,36.966,0.42336,423.524,0,1.02816,0,0,2.25567,1.22751,1.028160,1,0,86.1601,0,0,0,86.1601,0
58.104,2.37117,0,0,4.18034,0.265307,0.36288,3.6288,58.4625,0.417778,0,0,2.03467,0.19694,0,0.66528,12.849,1,0.535235,0.36288,0,81.8726,3.50952,78.1908,0.84672,12.849,0.84672,3695.15,0,36.966,0.270738,0.905869,1.97524,5.28973,0.947668,6.95244,0.42336,36.966,0.42336,423.524,0,1.02816,0,0,1.93403,0.905869,1.028160,1,0,85.1432,0,0,0,85.1432,0
60.2948,2.38054,0,0,5.20267,0.268394,0.36288,3.6288,60.0186,0.42201,0,0,2.17685,0.198757,0,0.66528,12.849,1,0.526429,0.36288,0,119.271,3.50952,115.598,0.84672,12.849,0.84672,3695.15,0,36.966,0.266838,3.02154,1.87096,8.43354,0.947668,12.1115,0.42336,36.966,0.42336,423.524,0,1.02816,0,0,4.0497,3.02154,1.028160,1,0,127.709,0,0,0,127.709,0
62.1437,2.39678,0,0,4.91552,0.306978,0.36288,3.6288,61.1183,0.426498,0,0,1.70827,0.18206,0,0.66528,12.849,1,0.51076,0.36288,0,109.759,3.61894,105.992,0.84672,12.849,0.84672,3695.15,0,36.966,0.262684,2.41011,1.87133,6.3067,0.899752,9.4257,0.42336,36.966,0.42336,423.524,0,1.02816,0,0,3.43827,2.41011,1.028160,1,0,115.418,0,0,0,115.418,0
64.9953,2.10437,0,0,5.61409,0.295208,0.36288,3.6288,61.308,0.278531,0,0,1.9001,0.180516,1.25137,0.66528,12.849,1,0.435106,0.36288,0,135.712,2.9073,132.732,0.84672,12.849,0.84672,3695.15,0,36.966,0.168463,2.76445,1.87169,6.47243,0.828306,10.1118,0.42336,36.966,0.42336,423.524,0,1.02816,0,0,3.79261,2.76445,1.028160,1,0,144.096,0,0,0,144.096,0
69.8192,1.92107,0,0,7.3843,0.276473,0.36288,3.6288,61.308,0.428213,0,0,1.80604,0.163417,1.21441,0.66528,12.849,1,0.379778,0.36288,0,99.6244,2.65797,96.9495,0.84672,12.849,0.84672,3695.15,0,36.966,0.258193,2.02314,1.6156,6.32889,0.778615,8.93082,0.42336,36.966,0.42336,423.524,0,1.02816,0,0,3.0513,2.02314,1.028160,1,0,107.095,0,0,0,107.095,0
72.29,1.94389,0,0,5.39326,0.287186,0.691396,3.6288,61.308,0.428213,0,0,1.36246,0.163417,0.770829,0.66528,12.849,1,0.357738,0.691396,0,92.8584,2.65797,90.5341,0.84672,12.849,0.84672,3695.15,0,36.966,0.258193,1.31828,1.75585,5.11039,0.778615,7.14771,0.42336,36.966,0.42336,423.524,0,1.02816,0,0,2.34644,1.31828,1.028160,1,0,98.4526,0,0,0,98.4526,0
72.29,1.95493,0,0,7.0143,0.270016,4.78935,3.6288,61.308,0.428213,0,0,1.49517,0.151384,0.915572,0.66528,12.849,1,0.347474,4.78935,0,108.181,2.48358,110.14,0.84672,12.849,0.84672,3695.15,0,36.966,0.258193,1.63102,1.756,5.51567,0.753565,7.89093,0.42336,36.966,0.42336,423.524,0,1.02816,0,0,2.65918,1.63102,1.028160,1,0,118.946,0,0,0,118.946,0
72.29,1.95559,0,0,5.90392,0.279057,3.66927,3.6288,61.308,0.428213,0,0,1.92164,0.200247,1.29318,0.66528,12.849,1,0.347592,3.66927,0,103.733,3.65223,103.402,0.84672,12.849,0.84672,3695.15,0,36.966,0.258193,3.25914,1.75614,6.42603,0.988513,10.1946,0.42336,36.966,0.42336,423.524,0,1.02816,0,0,4.2873,3.25914,1.028160,1,0,114.89,0,0,0,114.89,0
72.29,2.03512,0,0,5.57651,0.303103,3.23829,3.6288,61.308,0.465262,0,0,2.2895,0.18484,1.63939,0.66528,12.849,1,0.361726,3.23829,0,115.402,2.96583,115.313,0.84672,12.849,0.84672,3695.15,0,36.966,0.280532,3.96536,1.75629,7.11152,0.776469,11.7762,0.42336,36.966,0.42336,423.524,0,1.02816,0,0,4.99352,3.96536,1.028160,1,0,128.728,0,0,0,128.728,0
72.29,2.08622,0,0,4.48994,0.303103,2.10062,3.6288,61.308,0.42822,0,0,1.9036,0.18484,1.29054,0.66528,12.849,1,0.370809,2.10062,0,80.1135,2.96583,78.8775,0.84672,12.849,0.84672,3695.15,0,36.966,0.258198,3.09145,1.81972,5.64522,0.776469,9.52173,0.42336,36.966,0.42336,423.524,0,1.02816,0,0,4.11961,3.09145,1.028160,1,0,89.6898,0,0,0,89.6898,0
72.29,2.0869,0,0,4.30066,0.29796,1.9158,3.6288,61.308,0.42822,0,0,1.81381,0.185511,1.20008,0.66528,12.849,1,0.370931,1.9158,0,78.6612,2.92477,77.2812,0.84672,12.849,0.84672,3695.15,0,36.966,0.258198,3.4008,1.78513,4.83206,0.792596,8.96719,0.42336,36.966,0.42336,423.524,0,1.02816,0,0,4.42896,3.4008,1.028160,1,0,87.4485,0,0,0,87.4485,0
72.29,2.08759,0,0,4.48516,0.267101,2.13047,3.6288,61.308,0.42822,0,0,1.98114,0.189532,1.36339,0.66528,12.849,1,0.371054,2.13047,0,89.7713,2.67845,88.8523,0.84672,12.849,0.84672,3695.15,0,36.966,0.258198,3.7986,1.78528,5.72806,0.889361,10.1644,0.42336,36.966,0.42336,423.524,0,1.02816,0,0,4.82676,3.7986,1.028160,1,0,100.38,0,0,0,100.38,0
72.29,2.05742,0,0,3.70508,0.230908,1.41675,3.6288,61.308,0.41382,0,0,1.25035,0.164007,0.672528,0.66528,12.849,1,0.365691,1.41675,0,67.9868,3.61771,65.4201,0.84672,12.849,0.84672,3695.15,0,36.966,0.249515,1.9033,1.78543,4.25658,0.982167,6.71363,0.42336,36.966,0.42336,423.524,0,1.02816,0,0,2.93146,1.9033,1.028160,1,0,72.8063,0,0,0,72.8063,0
72.29,2.0385,0,0,3.05236,0.272628,0.741224,3.6288,61.308,0.428218,0,0,1.13055,0.184937,0.517398,0.66528,12.849,1,0.362329,0.741224,0,54.6695,3.904,51.1444,0.84672,12.849,0.84672,3695.15,0,36.966,0.258196,1.45003,1.76094,3.69141,1.0113,5.63288,0.42336,36.966,0.42336,423.524,0,1.02816,0,0,2.47819,1.45003,1.028160,1,0,57.2947,0,0,0,57.2947,0
72.29,2.03918,0,0,2.79957,0.174315,0.58607,3.6288,61.308,0.428218,0,0,0.968164,0.230715,0.309232,0.66528,12.849,1,0.362449,0.58607,0,49.9095,4.30763,45.8255,0.84672,12.849,0.84672,3695.15,0,36.966,0.258196,1.25096,1.7746,3.44028,1.0354,5.17224,0.42336,36.966,0.42336,423.524,0,1.02816,0,0,2.27912,1.25096,1.028160,1,0,51.3069,0,0,0,51.3069,0
72.29,2.03986,0,0,2.72347,0.174315,0.5093,3.6288,61.308,0.428218,0,0,1.0679,0.230715,0.408972,0.66528,12.849,1,0.36257,0.5093,0,48.2355,4.30763,44.0746,0.84672,12.849,0.84672,3695.15,0,36.966,0.258196,1.50115,1.77475,3.98874,1.0354,5.97104,0.42336,36.966,0.42336,423.524,0,1.02816,0,0,2.52931,1.50115,1.028160,1,0,50.4546,0,0,0,50.4546,0
72.1203,2.14536,0,0,2.52501,0.186444,0.36288,3.6288,61.308,0.479325,0,0,0.862384,0.231188,0.151871,0.66528,12.849,1,0.381322,0.36288,0,44.4327,4.19375,40.2205,0.84672,12.849,0.84672,3695.15,0,36.966,0.289012,1.11231,1.7749,3.35725,1.07493,4.88051,0.42336,36.966,0.42336,423.524,0,1.02816,0,0,2.14047,1.11231,1.028160,1,0,45.2529,0,0,0,45.2529,0
71.743,2.21484,0,0,2.3421,0.141672,0.36288,3.6288,61.308,0.428228,0,0,0.79545,0.237929,0.129293,0.66528,12.849,1,0.394596,0.36288,0,40.654,4.30731,36.3149,0.84672,12.849,0.84672,3695.15,0,36.966,0.258202,1.06153,1.86147,3.05748,1.04241,4.67987,0.42336,36.966,0.42336,423.524,0,1.02816,0,0,2.08969,1.06153,1.028160,1,0,41.1241,0,0,0,41.1241,0
71.2985,2.21379,0,0,2.27336,0.141266,0.36288,3.6288,61.308,0.428228,0,0,0.844741,0.237929,0.178585,0.66528,12.849,1,0.396484,0.36288,0,38.7492,4.30731,34.4083,0.84672,12.849,0.84672,3695.15,0,36.966,0.258202,1.03759,1.8137,3.25252,1.04241,4.8032,0.42336,36.966,0.42336,423.524,0,1.02816,0,0,2.06575,1.03759,1.028160,1,0,39.3901,0,0,0,39.3901,0
70.7391,2.2124,0,0,2.15673,0.140787,0.36288,3.6288,61.308,0.428228,0,0,0.820886,0.237929,0.15473,0.66528,12.849,1,0.398707,0.36288,0,36.3944,4.30731,32.0513,0.84672,12.849,0.84672,3695.15,0,36.966,0.258202,0.949666,1.81386,3.00714,1.04241,4.47005,0.42336,36.966,0.42336,423.524,0,1.02816,0,0,1.97783,0.949666,1.028160,1,0,36.6761,0,0,0,36.6761,0
70.2911,2.21045,0,0,2.25456,0.129246,0.36288,3.6288,61.308,0.428228,0,0,0.739454,0.24334,0.0678865,0.66528,12.849,1,0.401504,0.36288,0,35.8396,4.48617,31.3148,0.84672,12.849,0.84672,3695.15,0,36.966,0.258202,0.802198,1.81401,2.75084,1.06239,4.04646,0.42336,36.966,0.42336,423.524,0,1.02816,0,0,1.83036,0.802198,1.028160,1,0,35.4291,0,0,0,35.4291,0
70.4626,2.18833,0,0,2.8243,0.101547,0.36288,3.6288,61.2373,0.456345,0,0,0.64247,0.256868,0,0.66528,12.849,1,0.40002,0.36288,0,40.0499,4.93332,35.0794,0.84672,12.849,0.84672,3695.15,0,36.966,0.275156,0.90936,1.81417,2.42326,1.11235,3.75929,0.42336,36.966,0.42336,423.524,0,1.02816,0,0,1.93752,0.90936,1.028160,1,0,38.8387,0,0,0,38.8387,0
70.5166,2.22798,0,0,2.74648,0.101681,0.36288,3.6288,61.1604,0.428047,0,0,0.607893,0.256753,0,0.66528,12.849,1,0.406276,0.36288,0,37.6143,4.93332,32.6376,0.84672,12.849,0.84672,3695.15,0,36.966,0.258392,0.908004,1.84457,2.49681,1.11235,3.87865,0.42336,36.966,0.42336,423.524,0,1.02816,0,0,1.93616,0.908004,1.028160,1,0,36.5163,0,0,0,36.5163,0
70.3561,2.22896,0,0,2.50472,0.073406,0.36288,3.6288,61.0212,0.427845,0,0,0.591884,0.303218,0,0.66528,12.849,1,0.406144,0.36288,0,35.7703,5.58483,30.1422,0.84672,12.849,0.84672,3695.15,0,36.966,0.258594,0.749615,1.81836,2.40644,1.33284,3.38297,0.42336,36.966,0.42336,423.524,0,1.02816,0,0,1.77778,0.749615,1.028160,1,0,33.5252,0,0,0,33.5252,0
69.9579,2.22889,0,0,2.2629,0.0693116,0.36288,3.6288,60.8518,0.427478,0,0,0.559411,0.301348,0,0.66528,12.849,1,0.407057,0.36288,0,32.7659,6.16802,26.5537,0.84672,12.849,0.84672,3695.15,0,36.966,0.258962,0.797861,1.81852,2.38014,1.54563,3.19192,0.42336,36.966,0.42336,423.524,0,1.02816,0,0,1.82602,0.797861,1.028160,1,0,29.7456,0,0,0,29.7456,0
69.7351,2.281,0,0,2.48298,0.0618957,0.36288,3.6288,60.7482,0.452036,0,0,0.658146,0.309617,0,0.66528,12.849,1,0.418946,0.36288,0,34.6772,5.80172,28.8194,0.84672,12.849,0.84672,3695.15,0,36.966,0.274601,0.619661,1.81868,2.17095,1.49002,2.84466,0.42336,36.966,0.42336,423.524,0,1.02816,0,0,1.64782,0.619661,1.028160,1,0,31.664,0,0,0,31.664,0
69.4038,2.31454,0,0,2.40676,0.0605907,0.36288,3.6288,60.6118,0.426759,0,0,0.601157,0.310845,0,0.66528,12.849,1,0.426464,0.36288,0,34.3067,5.74067,28.5024,0.84672,12.849,0.84672,3695.15,0,36.966,0.259688,0.693559,1.86173,2.25841,1.48075,3.07326,0.42336,36.966,0.42336,423.524,0,1.02816,0,0,1.72172,0.693559,1.028160,1,0,31.5757,0,0,0,31.5757,0
68.9191,2.31355,0,0,2.25217,0.0604354,0.36288,3.6288,60.4313,0.426396,0,0,0.556453,0.310576,0,0.66528,12.849,1,0.428317,0.36288,0,30.9703,5.74067,25.1642,0.84672,12.849,0.84672,3695.15,0,36.966,0.260051,0.619678,1.83837,2.0156,1.48075,2.73285,0.42336,36.966,0.42336,423.524,0,1.02816,0,0,1.64784,0.619678,1.028160,1,0,27.897,0,0,0,27.897,0
68.2519,2.31174,0,0,2.0676,0.0602081,0.36288,3.6288,60.2455,0.425914,0,0,0.550339,0.31022,0,0.66528,12.849,1,0.430991,0.36288,0,28.3105,5.74067,22.5017,0.84672,12.849,0.84672,3695.15,0,36.966,0.260533,0.484324,1.83853,1.97134,1.48075,2.55292,0.42336,36.966,0.42336,423.524,0,1.02816,0,0,1.51248,0.484324,1.028160,1,0,25.0547,0,0,0,25.0547,0
67.4949,2.4647,0,0,2.11176,0.0412014,0.36288,3.6288,60.0156,0.515407,0,0,0.605314,0.319793,0,0.66528,12.849,1,0.464001,0.36288,0,26.735,5.57975,21.0541,0.84672,12.849,0.84672,3695.15,0,36.966,0.316248,0.513544,1.83869,2.57213,1.46904,3.13908,0.42336,36.966,0.42336,423.524,0,1.02816,0,0,1.5417,0.513544,1.028160,1,0,24.1932,0,0,0,24.1932,0
66.0958,2.48435,0,0,1.4977,0.0495758,0.36288,3.6288,59.4709,0.710487,0,0,0.477376,0.311577,0,0.66528,12.849,1,0.472946,0.36288,0,20.8819,5.09713,15.6747,0.84672,12.849,0.84672,3695.15,0,36.966,0.42336,0.227405,1.98573,1.948,1.41775,2.32002,0.42336,36.966,0.42336,423.524,0,0.698302,0,0,0.925707,0.227405,1.028160,1,0,17.9947,0,0,0,17.9947,0
64.6088,2.47645,0,0,1.39871,0.0463179,0.36288,3.6288,59.1394,0.496025,0,0,0.473842,0.309305,0,0.66528,12.849,1,0.481421,0.36288,0,20.8007,5.18175,15.5004,0.84672,12.849,0.84672,3695.15,0,36.966,0.30832,0.302348,1.96972,1.91371,1.43931,2.43814,0.42336,36.966,0.42336,423.524,0,1.02816,0,0,1.33051,0.302348,1.028160,1,0,17.9386,0,0,0,17.9386,0
63.0644,2.46769,0,0,1.3319,0.0457695,0.36288,3.6288,58.7992,0.49518,0,0,0.463557,0.30865,0,0.66528,12.849,1,0.490758,0.36288,0,19.8126,5.18175,14.5029,0.84672,12.849,0.84672,3695.15,0,36.966,0.30952,0.276601,1.9701,1.86462,1.43931,2.36249,0.42336,36.966,0.42336,423.524,0,1.02816,0,0,1.30476,0.276601,1.028160,1,0,16.8654,0,0,0,16.8654,0
61.5269,2.45818,0,0,1.32107,0.037525,0.36288,3.6288,58.7263,0.494299,0,0,0.728086,0.306654,0,0.66528,12.849,1,0.50084,0.36288,0,19.1443,5.07017,13.9362,0.84672,12.849,0.84672,3695.15,0,36.966,0.310757,1.04934,1.97048,2.23711,1.41092,3.53525,0.42336,36.966,0.42336,423.524,0,1.02816,0,0,2.0775,1.04934,1.028160,1,0,17.4715,0,0,0,17.4715,0
59.9177,2.3736,0,0,1.11883,-0.00841755,0.36288,3.6288,58.4837,0.44014,0,0,0.496117,0.298581,0,0.66528,12.849,1,0.495692,0.36288,0,21.0042,4.40066,16.4707,0.84672,12.849,0.84672,3695.15,0,36.966,0.277051,0.510831,1.97086,1.7347,1.24056,2.69878,0.42336,36.966,0.42336,423.524,0,1.02816,0,0,1.53899,0.510831,1.028160,1,0,19.1695,0,0,0,19.1695,0
58.1101,2.3631,0,0,0.910138,-0.00830175,0.36288,3.6288,58.1279,0.466007,0,0,0.408339,0.298115,0,0.66528,12.849,1,0.506753,0.36288,0,19.2879,4.40066,14.7434,0.84672,12.849,0.84672,3695.15,0,36.966,0.294551,0.216518,1.88616,1.56738,1.24056,2.13495,0.42336,36.966,0.42336,423.524,0,0.985133,0,0,1.20165,0.216518,1.028160,1,0,16.8784,0,0,0,16.8784,0
56.8386,2.35065,0,0,1.50372,0.0617177,0.36288,3.6288,58.0694,0.438811,0,0,0.618358,0.238006,0,0.66528,12.849,1,0.519762,0.36288,0,27.4602,3.57014,23.7331,0.84672,12.849,0.84672,3695.15,0,36.966,0.279058,0.499219,1.88653,2.07642,0.980971,3.20214,0.42336,36.966,0.42336,423.524,0,1.02816,0,0,1.52738,0.499219,1.028160,1,0,26.9353,0,0,0,26.9353,0
57.3756,2.34162,0,0,3.35419,0.112711,0.36288,3.6288,58.4208,0.438846,0,0,0.983543,0.193364,0,0.66528,12.849,1,0.529349,0.36288,0,70.1692,2.94725,67.0555,0.84672,12.849,0.84672,3695.15,0,36.966,0.279362,1.09358,1.8869,4.43858,0.786277,6.35342,0.42336,36.966,0.42336,423.524,0,1.02816,0,0,2.12174,1.09358,1.028160,1,0,73.4089,0,0,0,73.4089,0
55.5632,2.28551,0,0,0.937056,0.101064,0.36288,3.6288,58.37,0.390862,0,0,0.546452,0.206385,0,0.66528,12.849,1,0.51183,0.36288,0,31.4682,4.27416,27.0451,0.84672,12.849,0.84672,3695.15,0,36.966,0.247319,0.395937,1.88726,1.99491,0.988121,3.04267,0.42336,36.966,0.42336,423.524,0,1.02816,0,0,1.4241,0.395937,1.028160,1,0,30.0877,0,0,0,30.0877,0
53.8448,2.23346,0,0,1.02069,0.142768,0.36288,3.6288,58.2906,0.420279,0,0,0.539579,0.198675,0,0.66528,12.849,1,0.516488,0.36288,0,28.0284,4.52237,23.3524,0.84672,12.849,0.84672,3695.15,0,36.966,0.266165,0.374311,1.81164,2.44408,1.00652,3.35734,0.42336,36.966,0.42336,423.524,0,1.02816,0,0,1.40247,0.374311,1.028160,1,0,26.7098,0,0,0,26.7098,0
52.871,2.22085,0,0,1.80679,0.196766,0.36288,3.6288,58.644,0.420057,0,0,0.979672,0.206244,0,0.66528,12.849,1,0.529963,0.36288,0,40.7463,4.62052,35.9587,0.84672,12.849,0.84672,3695.15,0,36.966,0.266386,0.759205,1.84004,2.5683,1.01184,3.88932,0.42336,36.966,0.42336,423.524,0,1.02816,0,0,1.78737,0.759205,1.028160,1,0,39.848,0,0,0,39.848,0
52.5161,2.2137,0,0,2.4165,0.194819,0.36288,3.6288,59.1668,0.421042,0,0,1.15055,0.206714,0,0.66528,12.849,1,0.537984,0.36288,0,92.2428,4.62052,87.4472,0.84672,12.849,0.84672,3695.15,0,36.966,0.265402,1.58952,1.84021,5.22458,1.01184,7.37706,0.42336,36.966,0.42336,423.524,0,1.02816,0,0,2.61768,1.58952,1.028160,1,0,94.8242,0,0,0,94.8242,0
52.8804,2.04208,0,0,2.97076,0.201513,0.36288,3.6288,59.9565,0.319389,0,0,1.32308,0.213982,0,0.66528,12.849,1,0.499631,0.36288,0,84.4309,4.30539,79.9888,0.84672,12.849,0.84672,3695.15,0,36.966,0.199547,2.43153,1.84037,5.41166,0.998733,8.48528,0.42336,36.966,0.42336,423.524,0,1.02816,0,0,3.45969,2.43153,1.028160,1,0,88.4741,0,0,0,88.4741,0
53.5189,1.91075,0,0,3.1243,0.212177,0.36288,3.6288,60.8091,0.424616,0,0,1.50116,0.223874,0,0.66528,12.849,1,0.464279,0.36288,0,89.3557,3.88521,85.3691,0.84672,12.849,0.84672,3695.15,0,36.966,0.261796,2.76692,1.6716,5.78887,0.981251,8.98434,0.42336,36.966,0.42336,423.524,0,1.02816,0,0,3.79508,2.76692,1.028160,1,0,94.3535,0,0,0,94.3535,0
54.8406,1.91586,0,0,3.81395,0.213568,0.36288,3.6288,61.308,0.426899,0,0,2.05302,0.225091,0.902177,0.66528,12.849,1,0.459966,0.36288,0,147.888,3.88521,143.906,0.84672,12.849,0.84672,3695.15,0,36.966,0.259513,3.62222,1.76976,8.37517,0.981251,12.5264,0.42336,36.966,0.42336,423.524,0,1.02816,0,0,4.65038,3.62222,1.028160,1,0,157.335,0,0,0,157.335,0
55.4008,1.92548,0,0,3.06507,0.216445,0.36288,3.6288,61.308,0.428216,0,0,0.784097,0.225803,0.130078,0.66528,12.849,1,0.451136,0.36288,0,122.856,3.88521,118.883,0.84672,12.849,0.84672,3695.15,0,36.966,0.258195,1.36175,1.76991,5.00168,0.981251,6.89389,0.42336,36.966,0.42336,423.524,0,1.02816,0,0,2.38991,1.36175,1.028160,1,0,125.907,0,0,0,125.907,0
56.3497,1.92983,0,0,3.49909,0.257505,0.36288,3.6288,61.2762,0.428216,0,0,0.61946,0.223021,0,0.66528,12.849,1,0.447582,0.36288,0,154.924,4.63446,150.205,0.84672,12.849,0.84672,3695.15,0,36.966,0.258195,1.24858,1.77006,4.38198,1.07149,6.07093,0.42336,36.966,0.42336,423.524,0,1.02816,0,0,2.27674,1.24858,1.028160,1,0,156.276,0,0,0,156.276,0
63.6647,2.00271,0,0,9.91051,0.22993,0.36288,3.6288,61.308,0.458412,0,0,5.13204,0.209901,4.43195,0.66528,12.849,1,0.456663,0.36288,0,248.299,3.84255,244.363,0.84672,12.849,0.84672,3695.15,0,36.966,0.276546,2.8908,1.77021,11.5263,1.06625,14.8445,0.42336,36.966,0.42336,423.524,0,1.02816,0,0,3.91896,2.8908,1.028160,1,0,263.639,0,0,0,263.639,0
65.3133,2.08742,0,0,4.31323,0.21432,0.36288,3.6288,61.308,0.428215,0,0,1.38472,0.229454,0.727055,0.66528,12.849,1,0.421289,0.36288,0,117.337,3.60889,113.67,0.84672,12.849,0.84672,3695.15,0,36.966,0.258194,3.27129,1.82307,6.1067,0.911101,10.0318,0.42336,36.966,0.42336,423.524,0,1.02816,0,0,4.29945,3.27129,1.028160,1,0,124.429,0,0,0,124.429,0
66.7724,2.09696,0,0,4.16772,0.248717,0.36288,3.6288,61.308,0.428215,0,0,1.17945,0.261452,0.489779,0.66528,12.849,1,0.412533,0.36288,0,109.346,4.29461,105.002,0.84672,12.849,0.84672,3695.15,0,36.966,0.258194,2.84012,1.79481,5.46005,1.12501,8.71178,0.42336,36.966,0.42336,423.524,0,1.02816,0,0,3.86828,2.84012,1.028160,1,0,114.203,0,0,0,114.203,0
68.2241,2.10518,0,0,4.17137,0.251625,0.36288,3.6288,61.308,0.428215,0,0,1.28393,0.261452,0.594263,0.66528,12.849,1,0.4051,0.36288,0,109.729,4.29461,105.392,0.84672,12.849,0.84672,3695.15,0,36.966,0.258194,3.08649,1.79496,6.02868,1.12501,9.52693,0.42336,36.966,0.42336,423.524,0,1.02816,0,0,4.11465,3.08649,1.028160,1,0,115.513,0,0,0,115.513,0
68.6756,2.33261,0,0,3.41831,0.271307,0.36288,3.6288,61.308,0.542003,0,0,1.32041,0.241746,0.536659,0.66528,12.849,1,0.439313,0.36288,0,87.41,4.31879,83.0148,0.84672,12.849,0.84672,3695.15,0,36.966,0.326804,2.57185,1.7951,5.15196,1.08209,8.11002,0.42336,36.966,0.42336,423.524,0,1.02816,0,0,3.60001,2.57185,1.028160,1,0,91.6615,0,0,0,91.6615,0
69.8872,2.47305,0,0,4.33243,0.284903,0.36288,3.6288,61.308,0.440342,0,0,1.52796,0.226965,0.860651,0.66528,12.849,1,0.4627,0.36288,0,100.617,4.33692,96.1804,0.84672,12.849,0.84672,3695.15,0,36.966,0.265507,2.6127,1.98506,4.81054,1.04991,8.09289,0.42336,36.966,0.42336,423.524,0,1.02816,0,0,3.64086,2.6127,1.028160,1,0,105.134,0,0,0,105.134,0
72.29,2.48029,0,0,5.99346,0.287596,0.822809,3.6288,61.308,0.440543,0,0,2.00324,0.226965,1.33574,0.66528,12.849,1,0.45601,0.822809,0,164.618,4.33692,160.648,0.84672,12.849,0.84672,3695.15,0,36.966,0.265628,3.04656,1.88985,6.03381,1.04991,9.65469,0.42336,36.966,0.42336,423.524,0,1.02816,0,0,4.07472,3.04656,1.028160,1,0,171.638,0,0,0,171.638,0
72.29,2.49362,0,0,3.84968,0.292936,1.06312,3.6288,61.308,0.440745,0,0,1.48398,0.226965,0.81627,0.66528,12.849,1,0.443223,1.06312,0,96.2721,4.33692,92.555,0.84672,12.849,0.84672,3695.15,0,36.966,0.26575,2.26555,1.89021,4.47369,1.04991,7.31379,0.42336,36.966,0.42336,423.524,0,1.02816,0,0,3.29371,2.26555,1.028160,1,0,100.685,0,0,0,100.685,0
72.29,2.17795,0,0,6.13204,0.289618,3.66448,3.6288,61.308,0.288127,0,0,1.38243,0.202544,0.891755,0.66528,12.849,1,0.387114,3.66448,0,153.526,4.28774,152.516,0.84672,12.849,0.84672,3695.15,0,36.966,0.173728,3.19886,1.89056,6.49063,1.03185,10.3745,0.42336,36.966,0.42336,423.524,0,1.02816,0,0,4.22702,3.19886,1.028160,1,0,163.782,0,0,0,163.782,0
72.29,1.98793,0,0,6.36601,0.315212,4.06287,3.6288,61.308,0.428208,0,0,2.14871,0.177251,1.54325,0.66528,12.849,1,0.35334,4.06287,0,248.859,3.86043,248.708,0.84672,12.849,0.84672,3695.15,0,36.966,0.25819,4.28351,1.63188,8.06273,0.938403,12.7815,0.42336,36.966,0.42336,423.524,0,1.02816,0,0,5.31167,4.28351,1.028160,1,0,263.033,0,0,0,263.033,0
72.29,1.98858,0,0,6.64381,0.315212,4.34003,3.6288,61.308,0.428208,0,0,1.26866,0.177251,0.663204,0.66528,12.849,1,0.353454,4.34003,0,189.689,3.86043,189.815,0.84672,12.849,0.84672,3695.15,0,36.966,0.25819,4.49832,1.76342,7.10768,0.938403,12.1728,0.42336,36.966,0.42336,423.524,0,1.02816,0,0,5.52648,4.49832,1.028160,1,0,202.651,0,0,0,202.651,0
72.29,1.98922,0,0,11.8619,0.315212,9.55743,3.6288,61.308,0.428208,0,0,3.00754,0.177251,2.40208,0.66528,12.849,1,0.353569,9.55743,0,209.026,3.86043,214.369,0.84672,12.849,0.84672,3695.15,0,36.966,0.25819,6.8872,1.76356,10.3596,0.938403,17.8137,0.42336,36.966,0.42336,423.524,0,1.02816,0,0,7.91536,6.8872,1.028160,1,0,234.585,0,0,0,234.585,0
72.29,1.98986,0,0,8.56414,0.319011,6.25527,3.6288,61.308,0.428208,0,0,1.94883,0.131467,1.38915,0.66528,12.849,1,0.353683,6.25527,0,190.492,3.62534,192.768,0.84672,12.849,0.84672,3695.15,0,36.966,0.25819,4.43219,1.76371,8.44531,0.871456,13.5116,0.42336,36.966,0.42336,423.524,0,1.02816,0,0,5.46035,4.43219,1.028160,1,0,207.669,0,0,0,207.669,0
72.29,2.07016,0,0,7.08293,0.334351,4.67843,3.6288,61.308,0.465628,0,0,1.73162,0.174696,1.0913,0.66528,12.849,1,0.367955,4.67843,0,178.739,3.67342,179.376,0.84672,12.849,0.84672,3695.15,0,36.966,0.280753,3.39069,1.76385,8.5677,0.995461,12.446,0.42336,36.966,0.42336,423.524,0,1.02816,0,0,4.41885,3.39069,1.028160,1,0,192.914,0,0,0,192.914,0
72.29,2.12174,0,0,6.55011,0.334351,4.09401,3.6288,61.308,0.428215,0,0,1.71215,0.174696,1.10924,0.66528,12.849,1,0.377124,4.09401,0,172.618,3.67342,172.661,0.84672,12.849,0.84672,3695.15,0,36.966,0.258195,3.14181,1.82791,8.3747,0.995461,12.0908,0.42336,36.966,0.42336,423.524,0,1.02816,0,0,4.16997,3.14181,1.028160,1,0,185.861,0,0,0,185.861,0
72.29,2.12241,0,0,5.76522,0.319262,3.32355,3.6288,61.308,0.428215,0,0,1.29296,0.173031,0.691713,0.66528,12.849,1,0.377242,3.32355,0,128.873,3.77228,128.047,0.84672,12.849,0.84672,3695.15,0,36.966,0.258195,2.42788,1.79296,5.26389,1.00189,8.22465,0.42336,36.966,0.42336,423.524,0,1.02816,0,0,3.45604,2.42788,1.028160,1,0,136.964,0,0,0,136.964,0
72.29,2.12308,0,0,4.6011,0.281539,2.19649,3.6288,61.308,0.428215,0,0,0.98185,0.168869,0.384766,0.66528,12.849,1,0.377361,2.19649,0,121.529,4.0194,119.328,0.84672,12.849,0.84672,3695.15,0,36.966,0.258195,1.4325,1.79311,4.08841,1.01796,6.03788,0.42336,36.966,0.42336,423.524,0,1.02816,0,0,2.46066,1.4325,1.028160,1,0,125.751,0,0,0,125.751,0
72.29,2.09258,0,0,4.46291,0.26586,2.10448,3.6288,61.308,0.41367,0,0,1.49506,0.193118,0.888269,0.66528,12.849,1,0.37194,2.10448,0,99.5285,3.53346,97.7276,0.84672,12.849,0.84672,3695.15,0,36.966,0.249425,1.97035,1.79326,5.33117,0.975867,7.86949,0.42336,36.966,0.42336,423.524,0,1.02816,0,0,2.99851,1.97035,1.028160,1,0,106.485,0,0,0,106.485,0
72.29,2.07345,0,0,3.81755,0.243771,1.50033,3.6288,61.308,0.428212,0,0,0.936749,0.209944,0.298593,0.66528,12.849,1,0.368539,1.50033,0,83.1747,3.7044,80.6021,0.84672,12.849,0.84672,3695.15,0,36.966,0.258193,0.841536,1.76851,3.82587,1.01532,5.16241,0.42336,36.966,0.42336,423.524,0,1.02816,0,0,1.8697,0.841536,1.028160,1,0,86.0631,0,0,0,86.0631,0
72.29,2.0741,0,0,3.28798,0.243771,0.970104,3.6288,61.308,0.452209,0,0,0.683441,0.209944,0.0212886,0.66528,12.849,1,0.368656,0.970104,0,75.7685,3.7044,72.6655,0.84672,12.849,0.84672,3695.15,0,36.966,0.272662,0.402797,1.7823,2.94068,1.01532,3.83779,0.42336,36.966,0.42336,423.524,0,0.989695,0,0,1.39249,0.402797,1.028160,1,0,76.5246,0,0,0,76.5246,0
72.29,2.07476,0,0,3.74433,0.243771,1.4258,3.6288,61.308,0.441418,0,0,0.735808,0.209944,0.0844465,0.66528,12.849,1,0.368773,1.4258,0,74.3308,3.7044,71.6834,0.84672,12.849,0.84672,3695.15,0,36.966,0.266155,0.402797,1.78245,3.32643,1.01532,4.23019,0.42336,36.966,0.42336,423.524,0,1.00699,0,0,1.40979,0.402797,1.028160,1,0,75.9981,0,0,0,75.9981,0
72.29,2.18129,0,0,3.31694,0.19964,0.936008,3.6288,61.308,0.490911,0,0,0.723885,0.227428,0.0055455,0.66528,12.849,1,0.387708,0.936008,0,78.4832,4.14652,74.8849,0.84672,12.849,0.84672,3695.15,0,36.966,0.295998,0.402797,1.78259,3.36096,1.1002,4.15015,0.42336,36.966,0.42336,423.524,0,1.0104,0,0,1.41319,0.402797,1.028160,1,0,79.0406,0,0,0,79.0406,0
72.29,2.25222,0,0,3.28899,0.1408,0.895967,3.6288,61.308,0.443449,0,0,0.751127,0.250741,0.0569377,0.66528,12.849,1,0.400315,0.895967,0,64.965,4.73603,60.7247,0.84672,12.849,0.84672,3695.15,0,36.966,0.26738,0.402797,1.87003,3.17219,1.21337,3.96427,0.42336,36.966,0.42336,423.524,0,1.00375,0,0,1.40655,0.402797,1.028160,1,0,64.7459,0,0,0,64.7459,0
72.29,2.25291,0,0,3.24403,0.1408,0.850313,3.6288,61.308,0.428222,0,0,0.75333,0.250741,0.0743677,0.66528,12.849,1,0.400438,0.850313,0,61.4746,4.73603,57.1885,0.84672,12.849,0.84672,3695.15,0,36.966,0.258199,0.438065,1.82177,3.02007,1.21337,3.80835,0.42336,36.966,0.42336,423.524,0,1.02816,0,0,1.46623,0.438065,1.028160,1,0,61.0712,0,0,0,61.0712,0
72.29,2.2536,0,0,2.90994,0.155552,0.500787,3.6288,61.308,0.428222,0,0,0.718338,0.24679,0.043326,0.66528,12.849,1,0.400561,0.500787,0,58.0565,4.48218,53.6745,0.84672,12.849,0.84672,3695.15,0,36.966,0.258199,0.446256,1.82192,2.78156,1.22316,3.56838,0.42336,36.966,0.42336,423.524,0,1.02816,0,0,1.47442,0.446256,1.028160,1,0,57.2862,0,0,0,57.2862,0
72.1671,2.2543,0,0,2.64252,0.148226,0.36288,3.6288,61.308,0.428222,0,0,0.720611,0.253493,0.0388957,0.66528,12.849,1,0.400684,0.36288,0,53.1962,4.36968,48.7887,0.84672,12.849,0.84672,3695.15,0,36.966,0.258199,0.458205,1.82208,2.61434,1.25657,3.37985,0.42336,36.966,0.42336,423.524,0,1.02816,0,0,1.48637,0.458205,1.028160,1,0,52.2075,0,0,0,52.2075,0
71.1713,2.23346,0,0,1.73377,0.133205,0.36288,3.6288,61.308,0.456618,0,0,0.754972,0.278989,0.0193649,0.66528,12.849,1,0.397656,0.36288,0,46.5828,5.28933,41.2587,0.84672,12.849,0.84672,3695.15,0,36.966,0.27532,0.325382,1.82223,2.24751,1.28448,2.83532,0.42336,36.966,0.42336,423.524,0,1.02816,0,0,1.35354,0.325382,1.028160,1,0,44.1134,0,0,0,44.1134,0
70.0674,2.26799,0,0,1.63813,0.111219,0.36288,3.6288,61.291,0.428228,0,0,0.719695,0.308462,0,0.66528,12.849,1,0.409454,0.36288,0,44.1531,5.32098,38.7855,0.84672,12.849,0.84672,3695.15,0,36.966,0.258202,0.281768,1.85292,2.24823,1.38212,2.7426,0.42336,36.966,0.42336,423.524,0,1.02816,0,0,1.30993,0.281768,1.028160,1,0,41.5281,0,0,0,41.5281,0
68.8867,2.26323,0,0,1.55566,0.110279,0.36288,3.6288,61.1923,0.445041,0,0,0.654756,0.308429,0,0.66528,12.849,1,0.415032,0.36288,0,39.9588,5.32098,34.5857,0.84672,12.849,0.84672,3695.15,0,36.966,0.268414,0.261274,1.82644,2.20018,1.38212,2.63737,0.42336,36.966,0.42336,423.524,0,1.00113,0,0,1.26241,0.261274,1.028160,1,0,37.223,0,0,0,37.223,0
67.5979,2.25792,0,0,1.44136,0.109274,0.36288,3.6288,60.9913,0.485529,0,0,0.59282,0.308236,0,0.66528,12.849,1,0.421157,0.36288,0,38.0373,5.32098,32.6581,0.84672,12.849,0.84672,3695.15,0,36.966,0.293306,0.261274,1.8266,2.02978,1.38212,2.44223,0.42336,36.966,0.42336,423.524,0,0.935755,0,0,1.19703,0.261274,1.028160,1,0,35.1003,0,0,0,35.1003,0
66.4009,2.30546,0,0,1.5674,0.0961012,0.36288,3.6288,60.9622,0.45267,0,0,0.736517,0.312999,0,0.66528,12.849,1,0.438222,0.36288,0,40.1407,5.80143,34.2639,0.84672,12.849,0.84672,3695.15,0,36.966,0.274357,0.33372,1.82675,2.17537,1.41375,2.64773,0.42336,36.966,0.42336,423.524,0,1.02816,0,0,1.36188,0.33372,1.028160,1,0,36.9116,0,0,0,36.9116,0
65.16,2.33356,0,0,1.54599,0.0904112,0.36288,3.6288,60.994,0.427321,0,0,0.774153,0.315002,0,0.66528,12.849,1,0.451558,0.36288,0,39.5736,5.99361,33.4913,0.84672,12.849,0.84672,3695.15,0,36.966,0.259117,0.419965,1.87022,2.32068,1.42641,2.92535,0.42336,36.966,0.42336,423.524,0,1.02816,0,0,1.44812,0.419965,1.028160,1,0,36.4167,0,0,0,36.4167,0
63.7475,2.32707,0,0,1.36695,0.0895201,0.36288,3.6288,60.9803,0.427405,0,0,0.728775,0.315066,0,0.66528,12.849,1,0.458879,0.36288,0,37.3826,5.99361,31.293,0.84672,12.849,0.84672,3695.15,0,36.966,0.259033,0.269931,1.84663,2.1771,1.42641,2.60822,0.42336,36.966,0.42336,423.524,0,1.02816,0,0,1.29809,0.269931,1.028160,1,0,33.9012,0,0,0,33.9012,0
62.2212,2.31931,0,0,1.23525,0.0793387,0.36288,3.6288,60.9543,0.427369,0,0,0.721561,0.320208,0,0.66528,12.849,1,0.467482,0.36288,0,35.4363,6.14316,29.1885,0.84672,12.849,0.84672,3695.15,0,36.966,0.259069,0.231198,1.84679,2.17227,1.45629,2.5349,0.42336,36.966,0.42336,423.524,0,1.02816,0,0,1.25936,0.231198,1.028160,1,0,31.7234,0,0,0,31.7234,0
60.273,2.46544,0,0,0.953294,0.0731894,0.36288,3.6288,60.6954,0.614854,0,0,0.671135,0.315194,0,0.66528,12.849,1,0.509126,0.36288,0,30.443,6.23929,24.0575,0.84672,12.849,0.84672,3695.15,0,36.966,0.372881,0.227405,1.84694,2.01385,1.40629,2.30903,0.42336,36.966,0.42336,423.524,0,0.873504,0,0,1.10091,0.227405,1.028160,1,0,26.3665,0,0,0,26.3665,0
58.1352,2.46169,0,0,0.750177,0.0634208,0.36288,3.6288,60.0008,0.91639,0,0,0.537757,0.31598,0,0.66528,12.849,1,0.524784,0.36288,0,22.4893,6.34694,15.9805,0.84672,12.849,0.84672,3695.15,0,36.966,0.42336,0.227405,1.99543,1.84463,1.51053,2.13358,0.42336,36.966,0.42336,423.524,0,0.510477,0,0,0.737882,0.227405,1.028160,1,0,18.1141,0,0,0,18.1141,0
55.9981,2.44635,0,0,0.73427,0.0621275,0.36288,3.6288,59.2538,0.935199,0,0,0.502791,0.314587,0,0.66528,12.849,1,0.54069,0.36288,0,20.5222,6.34694,13.9974,0.84672,12.849,0.84672,3695.15,0,36.966,0.42336,0.204422,1.98915,1.85143,1.51053,2.11112,0.42336,36.966,0.42336,423.524,0,0.492013,0,0,0.696436,0.204422,1.028160,1,0,16.1085,0,0,0,16.1085,0
54.2112,2.43002,0,0,1.06677,0.0608347,0.36288,3.6288,58.7067,0.811759,0,0,0.577725,0.313089,0,0.66528,12.849,1,0.557577,0.36288,0,23.3735,6.34694,16.8319,0.84672,12.849,0.84672,3695.15,0,36.966,0.42336,0.204422,1.98952,2.05273,1.51053,2.31279,0.42336,36.966,0.42336,423.524,0,0.615799,0,0,0.820221,0.204422,1.028160,1,0,19.1447,0,0,0,19.1447,0
52.8842,2.41561,0,0,1.53756,0.0860504,0.36288,3.6288,58.4254,0.7432,0,0,0.764709,0.302769,0,0.66528,12.849,1,0.572542,0.36288,0,38.1349,6.21552,31.7097,0.84672,12.849,0.84672,3695.15,0,36.966,0.42336,0.204422,1.98989,2.2853,1.48401,2.57225,0.42336,36.966,0.42336,423.524,0,0.684703,0,0,0.889125,0.204422,1.028160,1,0,34.282,0,0,0,34.282,0
51.6008,2.33113,0,0,1.46859,0.0579278,0.36288,3.6288,58.5679,0.637826,0,0,1.08824,0.307948,0,0.66528,12.849,1,0.566384,0.36288,0,45.4103,5.87352,39.3333,0.84672,12.849,0.84672,3695.15,0,36.966,0.403555,0.204422,1.99026,5.36145,1.41491,5.73767,0.42336,36.966,0.42336,423.524,0,0.721138,0,0,0.92556,0.204422,1.028160,1,0,45.0709,0,0,0,45.0709,0
50.6022,2.32029,0,0,1.78322,0.0987073,0.36288,3.6288,58.7602,0.63658,0,0,1.10326,0.274324,0,0.66528,12.849,1,0.57777,0.36288,0,41.2248,5.59744,35.4125,0.84672,12.849,0.84672,3695.15,0,36.966,0.401787,0.216518,1.90472,3.9666,1.32009,4.36596,0.42336,36.966,0.42336,423.524,0,0.724481,0,0,0.941,0.216518,1.028160,1,0,39.7784,0,0,0,39.7784,0
50.5711,2.31163,0,0,2.74114,0.0976822,0.36288,3.6288,59.8978,0.45118,0,0,1.86346,0.274663,0,0.66528,12.849,1,0.586973,0.36288,0,76.4951,5.59744,70.6736,0.84672,12.849,0.84672,3695.15,0,36.966,0.283837,0.612084,1.90507,7.66828,1.32009,8.58151,0.42336,36.966,0.42336,423.524,0,1.02816,0,0,1.64024,0.612084,1.028160,1,0,79.2551,0,0,0,79.2551,0
50.0814,2.31177,0,0,2.28262,0.0976504,0.36288,3.6288,60.6471,0.454717,0,0,1.4806,0.276671,0,0.66528,12.849,1,0.58737,0.36288,0,113.508,5.59744,107.686,0.84672,12.849,0.84672,3695.15,0,36.966,0.280629,0.267296,1.90543,5.39883,1.32009,5.97083,0.42336,36.966,0.42336,423.524,0,1.02816,0,0,1.29546,0.267296,1.028160,1,0,113.657,0,0,0,113.657,0
49.7418,2.24802,0,0,2.47228,0.200984,0.36288,3.6288,61.048,0.437177,0,0,1.08711,0.248996,0,0.66528,12.849,1,0.576756,0.36288,0,58.6805,5.13837,53.3283,0.84672,12.849,0.84672,3695.15,0,36.966,0.266471,0.216518,1.90578,3.69944,1.19303,4.36224,0.42336,36.966,0.42336,423.524,0,0.979033,0,0,1.19555,0.216518,1.028160,1,0,57.6905,0,0,0,57.6905,0
49.7446,2.2202,0,0,2.78662,0.200789,0.36288,3.6288,61.308,0.427545,0,0,1.17028,0.257552,0.225182,0.66528,12.849,1,0.573507,0.36288,0,60.0745,4.86234,55.0016,0.84672,12.849,0.84672,3695.15,0,36.966,0.258889,0.399453,1.8294,4.37559,1.06708,5.27848,0.42336,36.966,0.42336,423.524,0,1.02816,0,0,1.42761,0.399453,1.028160,1,0,60.5052,0,0,0,60.5052,0
48.8481,2.22089,0,0,1.88813,0.200795,0.36288,3.6288,61.308,0.484529,0,0,1.00664,0.257976,0.264132,0.66528,12.849,1,0.573654,0.36288,0,63.5345,4.86234,58.4614,0.84672,12.849,0.84672,3695.15,0,36.966,0.29215,0.292723,1.84824,2.7829,1.06708,3.56463,0.42336,36.966,0.42336,423.524,0,0.937915,0,0,1.23064,0.292723,1.028160,1,0,62.2901,0,0,0,62.2901,0
49.9262,2.21322,0,0,3.84447,0.19031,0.36288,3.6288,61.308,0.42823,0,0,1.343,0.254005,0.660766,0.66528,12.849,1,0.582165,0.36288,0,50.999,4.76634,46.0134,0.84672,12.849,0.84672,3695.15,0,36.966,0.258204,0.588315,1.84839,4.91192,1.08855,6.00188,0.42336,36.966,0.42336,423.524,0,1.02816,0,0,1.61647,0.588315,1.028160,1,0,52.676,0,0,0,52.676,0
58.4455,2.05457,0,0,11.1356,0.198864,0.36288,3.6288,61.308,0.322709,0,0,2.27792,0.219879,1.73533,0.66528,12.849,1,0.528763,0.36288,0,128.683,4.06695,124.45,0.84672,12.849,0.84672,3695.15,0,36.966,0.194579,1.47909,1.84855,10.5296,0.989929,12.6728,0.42336,36.966,0.42336,423.524,0,1.02816,0,0,2.50725,1.47909,1.028160,1,0,138.859,0,0,0,138.859,0
60.6022,1.97975,0,0,4.75305,0.253711,0.36288,3.6288,61.308,0.428211,0,0,1.3877,0.205975,0.753519,0.66528,12.849,1,0.435239,0.36288,0,91.6644,3.90012,87.6919,0.84672,12.849,0.84672,3695.15,0,36.966,0.258192,0.572279,1.67813,5.72858,0.860479,6.86032,0.42336,36.966,0.42336,423.524,0,1.02816,0,0,1.60044,0.572279,1.028160,1,0,95.3057,0,0,0,95.3057,0
62.9368,1.99316,0,0,4.94957,0.258934,0.36288,3.6288,61.308,0.428211,0,0,1.28611,0.205975,0.651921,0.66528,12.849,1,0.422594,0.36288,0,89.4603,3.90012,85.5005,0.84672,12.849,0.84672,3695.15,0,36.966,0.258192,0.5379,1.77724,5.94014,0.860479,7.13661,0.42336,36.966,0.42336,423.524,0,1.02816,0,0,1.56606,0.5379,1.028160,1,0,93.289,0,0,0,93.289,0
64.6096,2.00682,0,0,4.30275,0.260239,0.36288,3.6288,61.308,0.452676,0,0,1.32152,0.236982,0.631865,0.66528,12.849,1,0.409707,0.36288,0,101.422,4.65774,96.7178,0.84672,12.849,0.84672,3695.15,0,36.966,0.272944,0.412474,1.77738,6.69705,1.20469,7.40928,0.42336,36.966,0.42336,423.524,0,0.988943,0,0,1.40142,0.412474,1.028160,1,0,104.759,0,0,0,104.759,0
66.4701,2.01631,0,0,4.50071,0.260961,0.36288,3.6288,61.308,0.567549,0,0,1.19057,0.260237,0.362789,0.66528,12.849,1,0.400986,0.36288,0,93.3673,5.22596,88.1032,0.84672,12.849,0.84672,3695.15,0,36.966,0.342207,0.412474,1.77753,5.78073,1.46284,6.16568,0.42336,36.966,0.42336,423.524,0,0.804807,0,0,1.21728,0.412474,1.028160,1,0,94.6317,0,0,0,94.6317,0
70.6639,2.09504,0,0,6.89391,0.24226,0.36288,3.6288,61.308,0.458791,0,0,2.10289,0.266021,1.37808,0.66528,12.849,1,0.404982,0.36288,0,99.2131,5.28751,93.8835,0.84672,12.849,0.84672,3695.15,0,36.966,0.276631,2.36939,1.77767,9.98127,1.424,12.4277,0.42336,36.966,0.42336,423.524,0,1.02816,0,0,3.39755,2.36939,1.028160,1,0,107.689,0,0,0,107.689,0
72.29,2.1575,0,0,6.46974,0.24643,2.43966,3.6288,61.308,0.428209,0,0,1.56632,0.266985,0.871125,0.66528,12.849,1,0.392305,2.43966,0,109.338,5.29777,106.088,0.84672,12.849,0.84672,3695.15,0,36.966,0.258191,1.7253,1.83105,7.06781,1.41752,8.94844,0.42336,36.966,0.42336,423.524,0,1.02816,0,0,2.75346,1.7253,1.028160,1,0,115.907,0,0,0,115.907,0
72.29,2.16564,0,0,6.4199,0.249509,4.00475,3.6288,61.308,0.428209,0,0,1.92041,0.266985,1.22522,0.66528,12.849,1,0.384927,4.00475,0,107.395,5.29777,105.717,0.84672,12.849,0.84672,3695.15,0,36.966,0.258191,2.26567,1.8025,7.1716,1.41752,9.56406,0.42336,36.966,0.42336,423.524,0,1.02816,0,0,3.29383,2.26567,1.028160,1,0,116.507,0,0,0,116.507,0
72.29,2.16629,0,0,4.68715,0.306411,2.21444,3.6288,61.308,0.428209,0,0,1.27751,0.247795,0.601506,0.66528,12.849,1,0.385042,2.21444,0,74.8656,4.44469,72.2503,0.84672,12.849,0.84672,3695.15,0,36.966,0.258191,1.24584,1.80265,4.20153,1.17552,5.8163,0.42336,36.966,0.42336,423.524,0,1.02816,0,0,2.274,1.24584,1.028160,1,0,78.6681,0,0,0,78.6681,0
72.29,2.39057,0,0,6.22013,0.347363,3.4822,3.6288,61.308,0.543102,0,0,2.14296,0.229795,1.37006,0.66528,12.849,1,0.424906,3.4822,0,109.776,4.21848,108.615,0.84672,12.849,0.84672,3695.15,0,36.966,0.327467,3.03145,1.80279,6.56069,0.999365,10.0681,0.42336,36.966,0.42336,423.524,0,1.02816,0,0,4.05961,3.03145,1.028160,1,0,120.053,0,0,0,120.053,0
72.29,2.51687,0,0,9.66917,0.316799,6.8355,3.6288,61.308,0.450834,0,0,3.64317,0.242284,2.95005,0.66528,12.849,1,0.447355,6.8355,0,159.369,4.85981,160.897,0.84672,12.849,0.84672,3695.15,0,36.966,0.271833,6.03806,1.99458,12.1121,1.11965,18.7533,0.42336,36.966,0.42336,423.524,0,1.02816,0,0,7.06622,6.03806,1.028160,1,0,182.601,0,0,0,182.601,0
72.29,2.51732,0,0,9.93108,0.289432,7.12432,3.6288,61.308,0.451029,0,0,2.74932,0.23171,2.06658,0.66528,12.849,1,0.447435,7.12432,0,181.88,4.57867,183.978,0.84672,12.849,0.84672,3695.15,0,36.966,0.271951,6.22374,1.90818,11.2037,1.11582,17.9479,0.42336,36.966,0.42336,423.524,0,1.02816,0,0,7.2519,6.22374,1.028160,1,0,203.992,0,0,0,203.992,0
72.29,2.51777,0,0,12.6964,0.291152,9.88747,3.6288,61.308,0.451225,0,0,2.81451,0.226103,2.13718,0.66528,12.849,1,0.447515,9.88747,0,235.897,4.51185,240.825,0.84672,12.849,0.84672,3695.15,0,36.966,0.272068,6.88003,1.90853,11.1983,1.09004,18.6248,0.42336,36.966,0.42336,423.524,0,1.02816,0,0,7.90819,6.88003,1.028160,1,0,261.587,0,0,0,261.587,0
72.29,2.19902,0,0,10.3156,0.326319,7.7903,3.6288,61.308,0.297122,0,0,3.72363,0.207717,3.21879,0.66528,12.849,1,0.39086,7.7903,0,171.12,4.19028,174.329,0.84672,12.849,0.84672,3695.15,0,36.966,0.179151,7.61032,1.90887,12.4894,1.01266,20.8168,0.42336,36.966,0.42336,423.524,0,1.02816,0,0,8.63848,7.61032,1.028160,1,0,198.364,0,0,0,198.364,0
72.29,2.02124,0,0,8.49744,0.373209,6.10299,3.6288,61.308,0.428202,0,0,2.84076,0.183202,2.22936,0.66528,12.849,1,0.35926,6.10299,0,104.577,3.76152,106.559,0.84672,12.849,0.84672,3695.15,0,36.966,0.258187,6.97343,1.64767,10.5795,0.909494,18.0329,0.42336,36.966,0.42336,423.524,0,1.02816,0,0,8.00159,6.97343,1.028160,1,0,126.821,0,0,0,126.821,0
72.29,2.02186,0,0,6.75605,0.373209,4.36098,3.6288,61.308,0.428202,0,0,2.15503,0.183202,1.54363,0.66528,12.849,1,0.359371,4.36098,0,118.949,3.76152,119.19,0.84672,12.849,0.84672,3695.15,0,36.966,0.258187,4.47549,1.77077,7.79176,0.909494,12.8703,0.42336,36.966,0.42336,423.524,0,1.02816,0,0,5.50365,4.47549,1.028160,1,0,133.604,0,0,0,133.604,0
72.29,2.02248,0,0,4.57763,0.361881,2.19326,3.6288,61.308,0.428202,0,0,1.48921,0.177185,0.88382,0.66528,12.849,1,0.359481,2.19326,0,95.9558,3.67433,94.1153,0.84672,12.849,0.84672,3695.15,0,36.966,0.258187,3.52838,1.7709,7.03635,0.896969,11.1805,0.42336,36.966,0.42336,423.524,0,1.02816,0,0,4.55654,3.52838,1.028160,1,0,106.18,0,0,0,106.18,0
72.29,2.02311,0,0,6.22326,0.293911,3.90624,3.6288,61.308,0.428202,0,0,1.7751,0.141087,1.20581,0.66528,12.849,1,0.359592,3.90624,0,98.166,3.15116,98.5615,0.84672,12.849,0.84672,3695.15,0,36.966,0.258187,4.37492,1.77104,7.54148,0.821816,12.6074,0.42336,36.966,0.42336,423.524,0,1.02816,0,0,5.40308,4.37492,1.028160,1,0,112.375,0,0,0,112.375,0
72.29,2.10415,0,0,6.56908,0.313173,4.15176,3.6288,61.308,0.465983,0,0,6.05324,0.157193,5.43007,0.66528,12.849,1,0.373996,4.15176,0,112.148,2.87847,113.047,0.84672,12.849,0.84672,3695.15,0,36.966,0.280967,5.25695,1.77118,5.6079,0.816273,11.5388,0.42336,36.966,0.42336,423.524,0,1.02816,0,0,6.28511,5.25695,1.028160,1,0,130.016,0,0,0,130.016,0
72.29,2.15621,0,0,5.75774,0.313173,3.28836,3.6288,61.308,0.428209,0,0,5.09472,0.157193,4.50932,0.66528,12.849,1,0.383249,3.28836,0,89.9078,2.87847,89.9345,0.84672,12.849,0.84672,3695.15,0,36.966,0.258191,5.32394,1.83585,4.7925,0.816273,10.8778,0.42336,36.966,0.42336,423.524,0,1.02816,0,0,6.3521,5.32394,1.028160,1,0,105.322,0,0,0,105.322,0
72.29,2.15685,0,0,8.73452,0.310995,6.26667,3.6288,61.308,0.428209,0,0,5.96518,0.13613,5.40084,0.66528,12.849,1,0.383364,6.26667,0,147.853,2.13378,151.602,0.84672,12.849,0.84672,3695.15,0,36.966,0.258191,7.60674,1.80056,13.2159,0.676009,21.689,0.42336,36.966,0.42336,423.524,0,1.02816,0,0,8.6349,7.60674,1.028160,1,0,178.692,0,0,0,178.692,0
72.29,2.1575,0,0,5.69775,0.261363,3.27889,3.6288,61.308,0.428209,0,0,4.82853,0.172136,4.22819,0.66528,12.849,1,0.383479,3.27889,0,89.5484,2.24417,90.1997,0.84672,12.849,0.84672,3695.15,0,36.966,0.258191,5.69428,1.80071,5.99219,0.757939,12.471,0.42336,36.966,0.42336,423.524,0,1.02816,0,0,6.72244,5.69428,1.028160,1,0,106.899,0,0,0,106.899,0
72.29,2.12668,0,0,6.16247,0.216755,3.81904,3.6288,61.308,0.413525,0,0,2.98452,0.191682,2.37932,0.66528,12.849,1,0.378001,3.81904,0,100.627,3.38911,100.679,0.84672,12.849,0.84672,3695.15,0,36.966,0.249337,4.61169,1.80085,7.45262,0.940348,12.6755,0.42336,36.966,0.42336,423.524,0,1.02816,0,0,5.63985,4.61169,1.028160,1,0,115.733,0,0,0,115.733,0
72.29,2.10734,0,0,5.26045,0.198911,2.9542,3.6288,61.308,0.428207,0,0,1.937,0.1995,1.3093,0.66528,12.849,1,0.374563,2.9542,0,79.831,3.84709,78.5636,0.84672,12.849,0.84672,3695.15,0,36.966,0.25819,3.57292,1.77586,5.05461,1.01331,9.13188,0.42336,36.966,0.42336,423.524,0,1.02816,0,0,4.60108,3.57292,1.028160,1,0,89.0047,0,0,0,89.0047,0
72.29,2.10797,0,0,4.57981,0.198911,2.27293,3.6288,61.308,0.428207,0,0,1.86059,0.1995,1.23288,0.66528,12.849,1,0.374676,2.27293,0,70.9068,3.84709,68.9579,0.84672,12.849,0.84672,3695.15,0,36.966,0.25819,3.07026,1.78977,4.72833,1.01331,8.31686,0.42336,36.966,0.42336,423.524,0,1.02816,0,0,4.09842,3.07026,1.028160,1,0,78.5077,0,0,0,78.5077,0
72.29,2.10861,0,0,4.10365,0.198911,1.79613,3.6288,61.308,0.428207,0,0,1.64405,0.1995,1.01634,0.66528,12.849,1,0.37479,1.79613,0,60.8566,3.84709,58.4309,0.84672,12.849,0.84672,3695.15,0,36.966,0.25819,2.56609,1.78991,4.1191,1.01331,7.20361,0.42336,36.966,0.42336,423.524,0,1.02816,0,0,3.59425,2.56609,1.028160,1,0,66.6508,0,0,0,66.6508,0
72.29,2.21613,0,0,3.9317,0.176358,1.53921,3.6288,61.308,0.480318,0,0,1.53586,0.19584,0.859697,0.66528,12.849,1,0.393901,1.53921,0,57.822,3.72182,55.2455,0.84672,12.849,0.84672,3695.15,0,36.966,0.289611,2.34497,1.79006,3.83538,0.953886,6.72691,0.42336,36.966,0.42336,423.524,0,1.02816,0,0,3.37313,2.34497,1.028160,1,0,62.8321,0,0,0,62.8321,0
72.29,2.28772,0,0,3.7455,0.148954,1.30883,3.6288,61.308,0.428216,0,0,1.07546,0.232537,0.414702,0.66528,12.849,1,0.406624,1.30883,0,51.7416,4.24046,48.4033,0.84672,12.849,0.84672,3695.15,0,36.966,0.258195,2.12306,1.87832,3.78696,1.12236,6.40778,0.42336,36.966,0.42336,423.524,0,1.02816,0,0,3.15122,2.12306,1.028160,1,0,55.2258,0,0,0,55.2258,0
72.29,2.28839,0,0,3.36093,0.110431,0.962108,3.6288,61.308,0.428216,0,0,1.04502,0.23448,0.382321,0.66528,12.849,1,0.406743,0.962108,0,45.2609,4.30531,41.5109,0.84672,12.849,0.84672,3695.15,0,36.966,0.258195,2.13704,1.8296,3.53957,1.0814,6.16661,0.42336,36.966,0.42336,423.524,0,1.02816,0,0,3.1652,2.13704,1.028160,1,0,48.0599,0,0,0,48.0599,0
72.29,2.28906,0,0,3.31881,0.110431,0.919317,3.6288,61.308,0.428216,0,0,1.13507,0.23448,0.472375,0.66528,12.849,1,0.406863,0.919317,0,43.7694,4.30531,39.9765,0.84672,12.849,0.84672,3695.15,0,36.966,0.258195,2.07054,1.82975,3.88074,1.0814,6.44143,0.42336,36.966,0.42336,423.524,0,1.02816,0,0,3.0987,2.07054,1.028160,1,0,46.8903,0,0,0,46.8903,0
72.29,2.28973,0,0,3.10393,0.110431,0.703771,3.6288,61.308,0.428216,0,0,1.04735,0.23448,0.384653,0.66528,12.849,1,0.406982,0.703771,0,40.9433,4.30531,36.9348,0.84672,12.849,0.84672,3695.15,0,36.966,0.258195,1.94272,1.82989,3.4074,1.0814,5.84042,0.42336,36.966,0.42336,423.524,0,1.02816,0,0,2.97088,1.94272,1.028160,1,0,43.1599,0,0,0,43.1599,0
72.29,2.26924,0,0,2.75999,0.0785451,0.412202,3.6288,61.308,0.456883,0,0,0.985159,0.271366,0.256909,0.66528,12.849,1,0.40334,0.412202,0,43.6969,5.05848,38.6473,0.84672,12.849,0.84672,3695.15,0,36.966,0.27548,0.923296,1.83004,2.90092,1.15011,4.22866,0.42336,36.966,0.42336,423.524,0,1.02816,0,0,1.95146,0.923296,1.028160,1,0,43.1328,0,0,0,43.1328,0
72.2874,2.30892,0,0,2.74771,0.0785451,0.36288,3.6288,61.308,0.428222,0,0,0.947825,0.271366,0.248237,0.66528,12.849,1,0.410394,0.36288,0,41.2313,5.05848,36.1253,0.84672,12.849,0.84672,3695.15,0,36.966,0.258199,0.968881,1.86102,3.07167,1.15011,4.49326,0.42336,36.966,0.42336,423.524,0,1.02816,0,0,1.99704,0.968881,1.028160,1,0,40.8668,0,0,0,40.8668,0
72.165,2.30959,0,0,2.61433,0.0641915,0.36288,3.6288,61.308,0.428222,0,0,0.925292,0.294683,0.202387,0.66528,12.849,1,0.410526,0.36288,0,38.863,5.38424,33.4311,0.84672,12.849,0.84672,3695.15,0,36.966,0.258199,0.941665,1.83428,2.98595,1.26036,4.24334,0.42336,36.966,0.42336,423.524,0,1.02816,0,0,1.96982,0.941665,1.028160,1,0,37.8768,0,0,0,37.8768,0
71.7093,2.30967,0,0,2.26224,0.0454251,0.36288,3.6288,61.308,0.428222,0,0,0.870592,0.320413,0.121957,0.66528,12.849,1,0.411237,0.36288,0,36.2565,6.08977,30.1184,0.84672,12.849,0.84672,3695.15,0,36.966,0.258199,0.80549,1.83443,2.98221,1.50795,3.85598,0.42336,36.966,0.42336,423.524,0,1.02816,0,0,1.83365,0.80549,1.028160,1,0,34.0964,0,0,0,34.0964,0
71.0713,2.36273,0,0,2.13615,0.0485288,0.36288,3.6288,61.269,0.453788,0,0,0.740102,0.325282,0,0.66528,12.849,1,0.423359,0.36288,0,32.074,6.1325,25.881,0.84672,12.849,0.84672,3695.15,0,36.966,0.273614,0.558412,1.83458,2.48572,1.51614,3.08896,0.42336,36.966,0.42336,423.524,0,1.02816,0,0,1.58657,0.558412,1.028160,1,0,28.97,0,0,0,28.97,0
70.7167,2.39162,0,0,2.45037,0.0504973,0.36288,3.6288,61.308,0.430541,0,0,0.896175,0.331866,0.0948,0.66528,12.849,1,0.432382,0.36288,0,42.2939,6.01199,36.2124,0.84672,12.849,0.84672,3695.15,0,36.966,0.259762,0.670438,1.87846,2.62038,1.46569,3.44382,0.42336,36.966,0.42336,423.524,0,1.02816,0,0,1.6986,0.670438,1.028160,1,0,39.7511,0,0,0,39.7511,0
70.1436,2.39022,0,0,2.23039,0.0503601,0.36288,3.6288,61.2844,0.430836,0,0,0.739169,0.331948,0,0.66528,12.849,1,0.434295,0.36288,0,34.0657,6.01199,27.9823,0.84672,12.849,0.84672,3695.15,0,36.966,0.259775,0.707141,1.8569,2.43492,1.46569,3.2735,0.42336,36.966,0.42336,423.524,0,1.02816,0,0,1.7353,0.707141,1.028160,1,0,31.2558,0,0,0,31.2558,0
69.3715,2.38764,0,0,2.02853,0.0501385,0.36288,3.6288,61.2099,0.430965,0,0,0.688366,0.331898,0,0.66528,12.849,1,0.437372,0.36288,0,31.7571,6.01199,25.6706,0.84672,12.849,0.84672,3695.15,0,36.966,0.259953,0.436666,1.85724,2.17,1.46569,2.73825,0.42336,36.966,0.42336,423.524,0,1.02816,0,0,1.46483,0.436666,1.028160,1,0,28.4089,0,0,0,28.4089,0
68.5634,2.54318,0,0,2.13969,0.0417407,0.36288,3.6288,61.123,0.523254,0,0,0.774063,0.337655,0,0.66528,12.849,1,0.471048,0.36288,0,30.5982,6.11999,24.3701,0.84672,12.849,0.84672,3695.15,0,36.966,0.316004,0.739791,1.85757,2.90604,1.49724,3.69016,0.42336,36.966,0.42336,423.524,0,1.02816,0,0,1.76795,0.739791,1.028160,1,0,28.0602,0,0,0,28.0602,0
67.2321,2.53896,0,0,1.63046,0.0598603,0.36288,3.6288,60.7096,0.583622,0,0,0.506841,0.336706,0,0.66528,12.849,1,0.475809,0.36288,0,22.3898,5.72113,16.5557,0.84672,12.849,0.84672,3695.15,0,36.966,0.352963,0.227405,2.00763,1.91468,1.47732,2.31943,0.42336,36.966,0.42336,423.524,0,0.931167,0,0,1.15857,0.227405,1.028160,1,0,18.8751,0,0,0,18.8751,0
66.0147,2.5315,0,0,1.73621,0.0592381,0.36288,3.6288,60.4751,0.522051,0,0,0.623441,0.335825,0,0.66528,12.849,1,0.483805,0.36288,0,28.4916,5.72113,22.6495,0.84672,12.849,0.84672,3695.15,0,36.966,0.317876,0.399799,2.00799,2.13861,1.47732,2.7512,0.42336,36.966,0.42336,423.524,0,1.02816,0,0,1.42796,0.399799,1.028160,1,0,25.4008,0,0,0,25.4008,0
64.4971,2.52448,0,0,1.42837,0.058669,0.36288,3.6288,59.9131,0.680779,0,0,0.45404,0.335326,0,0.66528,12.849,1,0.491361,0.36288,0,26.1027,5.72113,20.2531,0.84672,12.849,0.84672,3695.15,0,36.966,0.416133,0.204422,2.00835,1.75162,1.47732,2.07094,0.42336,36.966,0.42336,423.524,0,0.771509,0,0,0.975931,0.204422,1.028160,1,0,22.3241,0,0,0,22.3241,0
63.3409,2.51529,0,0,1.78,0.0579596,0.36288,3.6288,59.8456,0.519851,0,0,0.786536,0.334128,0,0.66528,12.849,1,0.501092,0.36288,0,25.4439,5.72113,19.5846,0.84672,12.849,0.84672,3695.15,0,36.966,0.320745,0.900418,2.00871,2.73193,1.47732,3.84299,0.42336,36.966,0.42336,423.524,0,1.02816,0,0,1.92858,0.900418,1.028160,1,0,23.4276,0,0,0,23.4276,0
62.2827,2.43161,0,0,1.80219,0.0659101,0.36288,3.6288,59.6225,0.465802,0,0,0.547303,0.304598,0,0.66528,12.849,1,0.493264,0.36288,0,25.3448,5.62422,19.5902,0.84672,12.849,0.84672,3695.15,0,36.966,0.287721,0.204422,2.00907,2.21067,1.30062,2.83583,0.42336,36.966,0.42336,423.524,0,1.02564,0,0,1.23006,0.204422,1.028160,1,0,22.4261,0,0,0,22.4261,0
61.0146,2.4251,0,0,1.58522,0.0653777,0.36288,3.6288,59.6134,0.463777,0,0,0.761927,0.307231,0,0.66528,12.849,1,0.500301,0.36288,0,22.3169,5.82372,16.3558,0.84672,12.849,0.84672,3695.15,0,36.966,0.287542,0.989565,1.9227,2.44732,1.35511,3.71694,0.42336,36.966,0.42336,423.524,0,1.02816,0,0,2.01773,0.989565,1.028160,1,0,20.0727,0,0,0,20.0727,0
59.5457,2.41694,0,0,1.37566,0.0646969,0.36288,3.6288,59.2211,0.506701,0,0,0.421622,0.307213,0,0.66528,12.849,1,0.508981,0.36288,0,22.9153,5.82372,16.9454,0.84672,12.849,0.84672,3695.15,0,36.966,0.314203,0.216518,1.92304,1.81527,1.35511,2.28552,0.42336,36.966,0.42336,423.524,0,0.958893,0,0,1.17541,0.216518,1.028160,1,0,19.231,0,0,0,19.231,0
58.0501,2.40705,0,0,1.33818,0.06385,0.36288,3.6288,58.7372,0.567551,0,0,0.390048,0.306443,0,0.66528,12.849,1,0.519401,0.36288,0,20.9326,5.82372,14.9524,0.84672,12.849,0.84672,3695.15,0,36.966,0.354267,0.216518,1.92339,1.78368,1.35511,2.21421,0.42336,36.966,0.42336,423.524,0,0.858298,0,0,1.07482,0.216518,1.028160,1,0,17.1666,0,0,0,17.1666,0
57.019,2.33461,0,0,1.85454,0.188226,0.36288,3.6288,58.7142,0.411427,0,0,0.596011,0.207561,0,0.66528,12.849,1,0.51675,0.36288,0,40.4908,4.32351,36.0135,0.84672,12.849,0.84672,3695.15,0,36.966,0.25893,0.363701,1.92373,2.66674,0.967316,3.72793,0.42336,36.966,0.42336,423.524,0,1.02816,0,0,1.39186,0.363701,1.028160,1,0,39.7414,0,0,0,39.7414,0
55.437,2.31454,0,0,1.2859,0.190407,0.36288,3.6288,58.5596,0.421224,0,0,0.482748,0.216158,0,0.66528,12.849,1,0.521571,0.36288,0,31.0289,4.26111,26.6091,0.84672,12.849,0.84672,3695.15,0,36.966,0.2652,0.242991,1.84662,2.1653,1.05597,2.93374,0.42336,36.966,0.42336,423.524,0,1.02816,0,0,1.27115,0.242991,1.028160,1,0,29.5429,0,0,0,29.5429,0
54.4225,2.30311,0,0,1.83888,0.187442,0.36288,3.6288,58.2633,0.533617,0,0,0.453238,0.215943,0,0.66528,12.849,1,0.533807,0.36288,0,38.4693,4.26111,34.0373,0.84672,12.849,0.84672,3695.15,0,36.966,0.336848,0.292723,1.85617,2.47914,1.05597,3.23522,0.42336,36.966,0.42336,423.524,0,0.844119,0,0,1.13684,0.292723,1.028160,1,0,37.2725,0,0,0,37.2725,0
56.3983,2.29572,0,0,4.81994,0.18554,0.36288,3.6288,58.9834,0.419969,0,0,1.35561,0.215532,0,0.66528,12.849,1,0.542014,0.36288,0,85.4874,4.26111,81.0472,0.84672,12.849,0.84672,3695.15,0,36.966,0.266455,2.8775,1.85633,5.01439,1.05597,8.42579,0.42336,36.966,0.42336,423.524,0,1.02816,0,0,3.90566,2.8775,1.028160,1,0,89.473,0,0,0,89.473,0
56.7096,2.13683,0,0,3.01104,0.200015,0.36288,3.6288,59.3065,0.317013,0,0,0.850882,0.210706,0,0.66528,12.849,1,0.486826,0.36288,0,66.4974,4.11485,62.2586,0.84672,12.849,0.84672,3695.15,0,36.966,0.198678,1.52707,1.85648,2.76566,1.00669,4.94383,0.42336,36.966,0.42336,423.524,0,1.02816,0,0,2.55523,1.52707,1.028160,1,0,67.2025,0,0,0,67.2025,0
56.3108,2.00045,0,0,2.18713,0.22259,0.36288,3.6288,59.4855,0.422838,0,0,0.761936,0.160127,0,0.66528,12.849,1,0.453252,0.36288,0,62.8076,3.66712,59.0501,0.84672,12.849,0.84672,3695.15,0,36.966,0.263556,1.19657,1.68445,2.8437,0.859528,4.60164,0.42336,36.966,0.42336,423.524,0,1.02816,0,0,2.22473,1.19657,1.028160,1,0,63.6518,0,0,0,63.6518,0
55.8484,1.99844,0,0,2.12231,0.223449,0.36288,3.6288,59.6038,0.423327,0,0,0.72573,0.184137,0,0.66528,12.849,1,0.456005,0.36288,0,55.4253,4.02843,51.3038,0.84672,12.849,0.84672,3695.15,0,36.966,0.263067,1.13925,1.78449,2.46598,1.00203,4.12462,0.42336,36.966,0.42336,423.524,0,1.02816,0,0,2.16741,1.13925,1.028160,1,0,55.4284,0,0,0,55.4284,0
56.3276,1.99598,0,0,3.08726,0.249112,0.36288,3.6288,59.7499,0.423649,0,0,0.781097,0.211277,0,0.66528,12.849,1,0.459214,0.36288,0,71.3097,4.51551,66.6979,0.84672,12.849,0.84672,3695.15,0,36.966,0.262745,1.42768,1.78463,3.22277,1.12225,5.05009,0.42336,36.966,0.42336,423.524,0,1.02816,0,0,2.45584,1.42768,1.028160,1,0,71.748,0,0,0,71.748,0
59.2639,1.99977,0,0,5.55327,0.254347,0.36288,3.6288,60.2983,0.424046,0,0,1.16795,0.195597,0,0.66528,12.849,1,0.456171,0.36288,0,94.8508,4.09076,90.6667,0.84672,12.849,0.84672,3695.15,0,36.966,0.262348,2.10159,1.78477,4.84694,1.01634,7.4546,0.42336,36.966,0.42336,423.524,0,1.02816,0,0,3.12975,2.10159,1.028160,1,0,98.1213,0,0,0,98.1213,0
61.4866,2.08694,0,0,4.92446,0.251983,0.36288,3.6288,60.6217,0.456198,0,0,0.990527,0.210901,0,0.66528,12.849,1,0.452469,0.36288,0,83.3257,4.73196,78.5042,0.84672,12.849,0.84672,3695.15,0,36.966,0.279673,1.40131,1.78491,4.06695,1.1554,5.8181,0.42336,36.966,0.42336,423.524,0,1.02816,0,0,2.42947,1.40131,1.028160,1,0,84.3223,0,0,0,84.3223,0
62.1302,2.14201,0,0,3.40605,0.257549,0.36288,3.6288,60.1316,0.757274,0,0,0.488131,0.220898,0,0.66528,12.849,1,0.447621,0.36288,0,64.4624,5.11707,59.2606,0.84672,12.849,0.84672,3695.15,0,36.966,0.42336,0.503194,1.83878,1.6149,1.22709,2.30642,0.42336,36.966,0.42336,423.524,0,0.533917,0,0,1.03711,0.503194,1.028160,1,0,61.567,0,0,0,61.567,0
63.9326,2.14646,0,0,4.57071,0.258919,0.36288,3.6288,60.4397,0.425075,0,0,0.953383,0.220211,0,0.66528,12.849,1,0.443905,0.36288,0,65.4004,5.11707,60.2023,0.84672,12.849,0.84672,3695.15,0,36.966,0.261316,1.7112,1.80996,4.01027,1.22709,6.04303,0.42336,36.966,0.42336,423.524,0,1.02816,0,0,2.73936,1.7112,1.028160,1,0,66.2453,0,0,0,66.2453,0
65.8675,2.1575,0,0,4.70126,0.246046,0.36288,3.6288,60.8329,0.425902,0,0,1.04175,0.222686,0,0.66528,12.849,1,0.433608,0.36288,0,94.3583,4.92711,89.3605,0.84672,12.849,0.84672,3695.15,0,36.966,0.260489,0.578016,1.8101,3.68756,1.25946,4.55572,0.42336,36.966,0.42336,423.524,0,1.02816,0,0,1.60618,0.578016,1.028160,1,0,93.9162,0,0,0,93.9162,0
66.3376,2.39122,0,0,3.47351,0.249269,0.36288,3.6288,60.9534,0.799906,0,0,1.14848,0.228046,0,0.66528,12.849,1,0.466463,0.36288,0,72.7956,4.72182,67.9702,0.84672,12.849,0.84672,3695.15,0,36.966,0.42336,0.503194,1.81024,2.94391,1.23446,3.59951,0.42336,36.966,0.42336,423.524,0,0.677169,0,0,1.18036,0.503194,1.028160,1,0,71.5697,0,0,0,71.5697,0
66.3652,2.50635,0,0,3.17732,0.280553,0.36288,3.6288,60.8668,0.530721,0,0,0.680526,0.236396,0,0.66528,12.849,1,0.485458,0.36288,0,55.7201,4.56477,51.0327,0.84672,12.849,0.84672,3695.15,0,36.966,0.321863,0.503194,2.00381,2.74105,1.11129,3.81489,0.42336,36.966,0.42336,423.524,0,0.914535,0,0,1.41773,0.503194,1.028160,1,0,54.8476,0,0,0,54.8476,0
68.0414,2.50695,0,0,4.82673,0.280615,0.36288,3.6288,61.308,0.459933,0,0,1.15231,0.236267,0.0149428,0.66528,12.849,1,0.485373,0.36288,0,67.1657,4.56477,62.4785,0.84672,12.849,0.84672,3695.15,0,36.966,0.279329,1.41962,1.92594,3.01633,1.11129,4.97127,0.42336,36.966,0.42336,423.524,0,1.02816,0,0,2.44778,1.41962,1.028160,1,0,67.4647,0,0,0,67.4647,0
68.0809,2.51744,0,0,3.20409,0.284352,0.36288,3.6288,61.1641,0.499452,0,0,0.592502,0.236927,0,0.66528,12.849,1,0.475396,0.36288,0,46.5553,4.56477,41.878,0.84672,12.849,0.84672,3695.15,0,36.966,0.301147,0.608429,1.92627,2.28104,1.11129,3.4033,0.42336,36.966,0.42336,423.524,0,0.967127,0,0,1.57556,0.608429,1.028160,1,0,45.2813,0,0,0,45.2813,0
68.896,2.19892,0,0,3.66387,0.286913,0.36288,3.6288,61.308,0.305564,0,0,1.11708,0.224678,0.442956,0.66528,12.849,1,0.415005,0.36288,0,44.1374,4.0848,40.0005,0.84672,12.849,0.84672,3695.15,0,36.966,0.184675,0.619937,1.9266,2.88337,1.01794,4.2273,0.42336,36.966,0.42336,423.524,0,1.02816,0,0,1.6481,0.619937,1.028160,1,0,44.6708,0,0,0,44.6708,0
71.4542,2.03834,0,0,5.28284,0.323386,0.36288,3.6288,61.308,0.428197,0,0,2.86909,0.186404,2.25449,0.66528,12.849,1,0.380148,0.36288,0,66.5963,2.8308,63.7483,0.84672,12.849,0.84672,3695.15,0,36.966,0.258184,1.86961,1.66296,4.21527,0.726938,6.76272,0.42336,36.966,0.42336,423.524,0,1.02816,0,0,2.89777,1.86961,1.028160,1,0,72.7655,0,0,0,72.7655,0
72.29,2.05048,0,0,8.99906,0.32983,5.783,3.6288,61.308,0.428197,0,0,4.51511,0.186404,3.90051,0.66528,12.849,1,0.36872,5.783,0,121.493,2.8308,124.077,0.84672,12.849,0.84672,3695.15,0,36.966,0.258184,3.61722,1.77788,7.46123,0.726938,11.8712,0.42336,36.966,0.42336,423.524,0,1.02816,0,0,4.64538,3.61722,1.028160,1,0,139.848,0,0,0,139.848,0
72.29,2.0547,0,0,8.93039,0.313476,6.56221,3.6288,61.308,0.428197,0,0,5.79537,0.191516,5.17565,0.66528,12.849,1,0.365208,6.56221,0,120.035,3.23231,122.999,0.84672,12.849,0.84672,3695.15,0,36.966,0.258184,5.27288,1.77801,12.4646,0.794696,18.4626,0.42336,36.966,0.42336,423.524,0,1.02816,0,0,6.30104,5.27288,1.028160,1,0,146.638,0,0,0,146.638,0
72.29,2.05531,0,0,7.9253,0.3017,5.56829,3.6288,61.308,0.428197,0,0,4.89767,0.201889,4.26758,0.66528,12.849,1,0.365315,5.56829,0,163.664,3.86459,165.002,0.84672,12.849,0.84672,3695.15,0,36.966,0.258184,3.54928,1.77815,7.98201,0.902112,12.1491,0.42336,36.966,0.42336,423.524,0,1.02816,0,0,4.57744,3.54928,1.028160,1,0,181.419,0,0,0,181.419,0
72.29,2.13707,0,0,5.28186,0.290557,2.85423,3.6288,61.308,0.466327,0,0,2.71868,0.175723,2.07663,0.66528,12.849,1,0.379848,2.85423,0,107.655,3.91177,106.218,0.84672,12.849,0.84672,3695.15,0,36.966,0.281175,1.96103,1.77828,6.33785,0.918794,8.87719,0.42336,36.966,0.42336,423.524,0,1.02816,0,0,2.98919,1.96103,1.028160,1,0,117.172,0,0,0,117.172,0
72.29,2.18958,0,0,4.51638,0.292646,2.03415,3.6288,61.308,0.428204,0,0,2.77023,0.172249,2.16978,0.66528,12.849,1,0.389182,2.03415,0,74.2116,3.87996,71.9766,0.84672,12.849,0.84672,3695.15,0,36.966,0.258188,2.14935,1.84355,4.66959,0.913868,7.49043,0.42336,36.966,0.42336,423.524,0,1.02816,0,0,3.17751,2.14935,1.028160,1,0,81.6368,0,0,0,81.6368,0
72.29,2.19021,0,0,4.20461,0.301793,1.71261,3.6288,61.308,0.428204,0,0,3.1548,0.163426,2.56317,0.66528,12.849,1,0.389293,1.71261,0,67.2183,3.66369,64.878,0.84672,12.849,0.84672,3695.15,0,36.966,0.258188,2.32216,1.80792,6.40265,0.872748,9.40181,0.42336,36.966,0.42336,423.524,0,1.02816,0,0,3.35032,2.32216,1.028160,1,0,76.8429,0,0,0,76.8429,0
72.29,2.19084,0,0,3.70514,0.266231,1.24808,3.6288,61.308,0.428204,0,0,3.26814,0.179725,2.66021,0.66528,12.849,1,0.389404,1.24808,0,63.0153,3.87881,59.9952,0.84672,12.849,0.84672,3695.15,0,36.966,0.258188,2.44291,1.80806,4.96235,0.909358,8.04578,0.42336,36.966,0.42336,423.524,0,1.02816,0,0,3.47107,2.44291,1.028160,1,0,70.7012,0,0,0,70.7012,0
72.29,2.1597,0,0,3.67947,0.243339,1.27643,3.6288,61.308,0.413384,0,0,1.57646,0.185709,0.97737,0.66528,12.849,1,0.383871,1.27643,0,63.5896,3.70469,60.7775,0.84672,12.849,0.84672,3695.15,0,36.966,0.249252,1.2913,1.8082,3.67554,0.89658,5.62921,0.42336,36.966,0.42336,423.524,0,1.02816,0,0,2.31946,1.2913,1.028160,1,0,67.3841,0,0,0,67.3841,0
72.29,2.14016,0,0,3.53062,0.22617,1.16429,3.6288,61.308,0.428201,0,0,1.51267,0.190196,0.894268,0.66528,12.849,1,0.380396,1.16429,0,62.2916,3.5741,59.5014,0.84672,12.849,0.84672,3695.15,0,36.966,0.258186,1.66684,1.78298,3.80365,0.886997,6.10828,0.42336,36.966,0.42336,423.524,0,1.02816,0,0,2.695,1.66684,1.028160,1,0,66.504,0,0,0,66.504,0
72.29,2.14077,0,0,3.14919,0.22617,0.782252,3.6288,61.308,0.428201,0,0,1.28441,0.190196,0.666016,0.66528,12.849,1,0.380506,0.782252,0,59.4111,3.5741,56.2387,0.84672,12.849,0.84672,3695.15,0,36.966,0.258186,0.977996,1.79701,3.5766,0.886997,5.20642,0.42336,36.966,0.42336,423.524,0,1.02816,0,0,2.00616,0.977996,1.028160,1,0,62.1111,0,0,0,62.1111,0
72.29,2.14139,0,0,3.83537,0.213049,1.48094,3.6288,61.308,0.428201,0,0,1.4506,0.196255,0.826139,0.66528,12.849,1,0.380616,1.48094,0,66.8753,3.6529,64.3227,0.84672,12.849,0.84672,3695.15,0,36.966,0.258186,0.947609,1.79715,4.1251,0.904107,5.70756,0.42336,36.966,0.42336,423.524,0,1.02816,0,0,1.97577,0.947609,1.028160,1,0,70.8564,0,0,0,70.8564,0
72.29,2.24987,0,0,3.04729,0.13449,0.662931,3.6288,61.308,0.480791,0,0,1.18085,0.231311,0.468744,0.66528,12.849,1,0.399898,0.662931,0,54.8255,4.19586,50.8926,0.84672,12.849,0.84672,3695.15,0,36.966,0.289896,1.34608,1.79728,3.36933,1.02915,5.19364,0.42336,36.966,0.42336,423.524,0,1.02816,0,0,2.37424,1.34608,1.028160,1,0,56.555,0,0,0,56.555,0
72.29,2.32209,0,0,3.01044,0.135484,0.552865,3.6288,61.308,0.42821,0,0,1.00433,0.223543,0.352578,0.66528,12.849,1,0.412733,0.552865,0,48.2341,4.61643,43.7578,0.84672,12.849,0.84672,3695.15,0,36.966,0.258192,0.99176,1.88636,2.80206,1.16348,4.2585,0.42336,36.966,0.42336,423.524,0,1.02816,0,0,2.01992,0.99176,1.028160,1,0,48.3689,0,0,0,48.3689,0
72.148,2.32273,0,0,2.67914,0.135484,0.36288,3.6288,61.308,0.42821,0,0,0.921465,0.223543,0.269712,0.66528,12.849,1,0.412848,0.36288,0,43.497,4.61643,38.8306,0.84672,12.849,0.84672,3695.15,0,36.966,0.258192,0.813084,1.83718,2.70024,1.16348,3.92882,0.42336,36.966,0.42336,423.524,0,1.02816,0,0,1.84124,0.813084,1.028160,1,0,43.0291,0,0,0,43.0291,0
71.9079,2.32269,0,0,2.53041,0.0850062,0.36288,3.6288,61.308,0.42821,0,0,0.884969,0.256595,0.200164,0.66528,12.849,1,0.413653,0.36288,0,38.7691,4.99128,33.727,0.84672,12.849,0.84672,3695.15,0,36.966,0.258192,0.743645,1.83732,2.57172,1.25926,3.63523,0.42336,36.966,0.42336,423.524,0,1.02816,0,0,1.7718,0.743645,1.028160,1,0,37.5624,0,0,0,37.5624,0
71.5177,2.32217,0,0,2.37978,0.0848511,0.36288,3.6288,61.308,0.42821,0,0,0.843394,0.256595,0.158589,0.66528,12.849,1,0.414941,0.36288,0,38.2088,4.99128,33.1655,0.84672,12.849,0.84672,3695.15,0,36.966,0.258192,0.614814,1.83746,2.64836,1.25926,3.58319,0.42336,36.966,0.42336,423.524,0,1.02816,0,0,1.64297,0.614814,1.028160,1,0,36.9073,0,0,0,36.9073,0
70.6608,2.29958,0,0,1.90358,0.0980939,0.36288,3.6288,61.308,0.45714,0,0,0.964466,0.293822,0.213505,0.66528,12.849,1,0.413147,0.36288,0,35.9136,5.30781,30.5556,0.84672,12.849,0.84672,3695.15,0,36.966,0.275635,0.776779,1.83761,2.19359,1.34905,3.18329,0.42336,36.966,0.42336,423.524,0,1.02816,0,0,1.80494,0.776779,1.028160,1,0,33.9523,0,0,0,33.9523,0
69.596,2.33522,0,0,1.71835,0.085057,0.36288,3.6288,61.308,0.428215,0,0,0.964155,0.320658,0.215282,0.66528,12.849,1,0.424638,0.36288,0,33.6048,5.38272,28.1604,0.84672,12.849,0.84672,3695.15,0,36.966,0.258195,0.756311,1.86886,2.12109,1.43236,3.05571,0.42336,36.966,0.42336,423.524,0,1.02816,0,0,1.78447,0.756311,1.028160,1,0,31.4314,0,0,0,31.4314,0
68.4422,2.33039,0,0,1.62382,0.0843612,0.36288,3.6288,61.308,0.428215,0,0,0.859801,0.320658,0.110928,0.66528,12.849,1,0.430242,0.36288,0,30.4736,5.38272,25.0235,0.84672,12.849,0.84672,3695.15,0,36.966,0.258195,0.691494,1.84187,2.05127,1.43236,2.89409,0.42336,36.966,0.42336,423.524,0,1.02816,0,0,1.71965,0.691494,1.028160,1,0,28.0286,0,0,0,28.0286,0
67.1833,2.32493,0,0,1.51258,0.0836072,0.36288,3.6288,61.308,0.428215,0,0,0.790223,0.320658,0.04135,0.66528,12.849,1,0.43647,0.36288,0,29.126,5.38272,23.6696,0.84672,12.849,0.84672,3695.15,0,36.966,0.258195,0.598994,1.84202,1.91513,1.43236,2.66559,0.42336,36.966,0.42336,423.524,0,1.02816,0,0,1.62715,0.598994,1.028160,1,0,26.3766,0,0,0,26.3766,0
65.7374,2.37325,0,0,1.36966,0.079474,0.36288,3.6288,61.2772,0.454016,0,0,0.743266,0.320093,0,0.66528,12.849,1,0.453891,0.36288,0,24.0282,5.42682,18.5104,0.84672,12.849,0.84672,3695.15,0,36.966,0.273751,0.391435,1.84216,1.6481,1.43151,2.17644,0.42336,36.966,0.42336,423.524,0,1.02816,0,0,1.4196,0.391435,1.028160,1,0,20.6868,0,0,0,20.6868,0
64.1618,2.3838,0,0,1.24527,0.0742032,0.36288,3.6288,61.1524,0.440329,0,0,0.634834,0.319278,0,0.66528,12.849,1,0.465937,0.36288,0,27.1357,5.48562,21.5471,0.84672,12.849,0.84672,3695.15,0,36.966,0.265632,0.449185,1.88644,1.52681,1.43037,2.16642,0.42336,36.966,0.42336,423.524,0,1.02816,0,0,1.47734,0.449185,1.028160,1,0,23.7135,0,0,0,23.7135,0
62.5123,2.37467,0,0,1.1614,0.0732697,0.36288,3.6288,60.9555,0.440177,0,0,0.562295,0.319026,0,0.66528,12.849,1,0.475551,0.36288,0,21.4668,5.48562,15.8685,0.84672,12.849,0.84672,3695.15,0,36.966,0.266082,0.430142,1.87382,1.39363,1.43037,2.00113,0.42336,36.966,0.42336,423.524,0,1.02816,0,0,1.4583,0.430142,1.028160,1,0,17.8696,0,0,0,17.8696,0
60.7689,2.36467,0,0,1.05639,0.0722924,0.36288,3.6288,60.7093,0.455682,0,0,0.528168,0.318628,0,0.66528,12.849,1,0.486043,0.36288,0,19.7394,5.48562,14.1306,0.84672,12.849,0.84672,3695.15,0,36.966,0.276345,0.227405,1.87414,1.27546,1.43037,1.67029,0.42336,36.966,0.42336,423.524,0,1.00269,0,0,1.23009,0.227405,1.028160,1,0,15.8009,0,0,0,15.8009,0
59.0283,2.51075,0,0,1.1952,0.0621038,0.36288,3.6288,60.5073,0.532184,0,0,0.642134,0.311964,0,0.66528,12.849,1,0.530874,0.36288,0,20.2996,5.62712,14.5045,0.84672,12.849,0.84672,3695.15,0,36.966,0.324048,0.635636,1.87447,1.8699,1.46725,2.5887,0.42336,36.966,0.42336,423.524,0,1.02816,0,0,1.6638,0.635636,1.028160,1,0,17.0932,0,0,0,17.0932,0
57.2033,2.49832,0,0,1.10969,0.0735286,0.36288,3.6288,60.1485,0.531713,0,0,0.503527,0.330643,0,0.66528,12.849,1,0.543823,0.36288,0,18.3749,5.73278,12.4611,0.84672,12.849,0.84672,3695.15,0,36.966,0.324842,0.233081,2.02588,1.18593,1.44611,1.67394,0.42336,36.966,0.42336,423.524,0,1.02816,0,0,1.26124,0.233081,1.028160,1,0,14.1351,0,0,0,14.1351,0
55.5279,2.48458,0,0,1.23996,0.0679103,0.36288,3.6288,59.9041,0.530713,0,0,0.618759,0.33246,0,0.66528,12.849,1,0.558086,0.36288,0,23.3817,5.80755,17.3789,0.84672,12.849,0.84672,3695.15,0,36.966,0.326165,0.555699,2.02623,1.2588,1.46105,2.05351,0.42336,36.966,0.42336,423.524,0,1.02816,0,0,1.58386,0.555699,1.028160,1,0,19.4324,0,0,0,19.4324,0
53.6065,2.47133,0,0,0.979603,0.0667923,0.36288,3.6288,59.4332,0.590626,0,0,0.451667,0.331943,0,0.66528,12.849,1,0.571859,0.36288,0,24.1293,5.80755,18.1127,0.84672,12.849,0.84672,3695.15,0,36.966,0.364467,0.204422,2.02658,0.997428,1.46105,1.40291,0.42336,36.966,0.42336,423.524,0,0.930269,0,0,1.13469,0.204422,1.028160,1,0,19.5157,0,0,0,19.5157,0
51.9361,2.45522,0,0,1.21325,0.0655102,0.36288,3.6288,59.325,0.528692,0,0,0.751417,0.330946,0,0.66528,12.849,1,0.588494,0.36288,0,21.384,5.80755,15.3508,0.84672,12.849,0.84672,3695.15,0,36.966,0.328834,0.995682,2.02692,1.49884,1.46105,2.73156,0.42336,36.966,0.42336,423.524,0,1.02816,0,0,2.02384,0.995682,1.028160,1,0,18.0824,0,0,0,18.0824,0
50.1083,2.366,0,0,1.00673,0.105705,0.36288,3.6288,59.1684,0.472614,0,0,0.6231,0.307083,0,0.66528,12.849,1,0.585349,0.36288,0,21.8463,5.77582,15.848,0.84672,12.849,0.84672,3695.15,0,36.966,0.294491,0.403557,2.02727,1.56005,1.2982,2.39819,0.42336,36.966,0.42336,423.524,0,1.02816,0,0,1.43172,0.403557,1.028160,1,0,18.2462,0,0,0,18.2462,0
48.4633,2.34941,0,0,1.18723,0.119913,0.36288,3.6288,59.1364,0.472324,0,0,0.737692,0.297331,0,0.66528,12.849,1,0.602447,0.36288,0,19.493,5.76314,13.4903,0.84672,12.849,0.84672,3695.15,0,36.966,0.295089,0.557228,1.9401,1.68095,1.23306,2.65013,0.42336,36.966,0.42336,423.524,0,1.02816,0,0,1.58539,0.557228,1.028160,1,0,16.1404,0,0,0,16.1404,0
46.6252,2.33365,0,0,0.976242,0.117817,0.36288,3.6288,59.3978,0.472415,0,0,1.03105,0.29727,0,0.66528,12.849,1,0.618716,0.36288,0,18.9231,5.76314,12.9041,0.84672,12.849,0.84672,3695.15,0,36.966,0.295306,1.6766,1.94044,1.89789,1.23306,3.98656,0.42336,36.966,0.42336,423.524,0,1.02816,0,0,2.70476,1.6766,1.028160,1,0,16.8907,0,0,0,16.8907,0
44.642,2.31492,0,0,0.810035,0.115466,0.36288,3.6288,59.1811,0.473406,0,0,0.554551,0.297768,0,0.66528,12.849,1,0.637948,0.36288,0,18.1312,5.76314,12.093,0.84672,12.849,0.84672,3695.15,0,36.966,0.294623,0.372107,1.94077,1.41341,1.23306,2.1986,0.42336,36.966,0.42336,423.524,0,1.02816,0,0,1.40027,0.372107,1.028160,1,0,14.2916,0,0,0,14.2916,0
42.7782,2.23407,0,0,0.885738,0.152524,0.36288,3.6288,59.0933,0.422055,0,0,0.587079,0.252837,0,0.66528,12.849,1,0.643017,0.36288,0,17.7215,5.01028,12.4311,0.84672,12.849,0.84672,3695.15,0,36.966,0.263626,0.356409,1.9411,1.37641,1.08506,2.32524,0.42336,36.966,0.42336,423.524,0,1.02816,0,0,1.38457,0.356409,1.028160,1,0,14.7563,0,0,0,14.7563,0
41.2095,2.21257,0,0,1.20091,0.194231,0.36288,3.6288,59.1593,0.429665,0,0,0.689383,0.193781,0,0.66528,12.849,1,0.664573,0.36288,0,25.5275,3.85487,21.3709,0.84672,12.849,0.84672,3695.15,0,36.966,0.268778,0.216518,1.86328,1.51924,0.942207,2.38805,0.42336,36.966,0.42336,423.524,0,1.01613,0,0,1.23265,0.216518,1.028160,1,0,23.759,0,0,0,23.759,0
40.7744,2.19388,0,0,2.31241,0.190705,0.36288,3.6288,59.585,0.422446,0,0,1.0421,0.193863,0,0.66528,12.849,1,0.684046,0.36288,0,46.4801,3.85487,42.3041,0.84672,12.849,0.84672,3695.15,0,36.966,0.263968,0.465471,1.86386,2.40634,0.942207,3.52949,0.42336,36.966,0.42336,423.524,0,1.02816,0,0,1.49363,0.465471,1.028160,1,0,45.8335,0,0,0,45.8335,0
41.5354,2.18882,0,0,3.50238,0.189728,0.36288,3.6288,60.9529,0.423703,0,0,1.98596,0.194392,0,0.66528,12.849,1,0.689749,0.36288,0,50.894,3.85487,46.7123,0.84672,12.849,0.84672,3695.15,0,36.966,0.262861,1.71114,1.864,3.51195,0.942207,5.88203,0.42336,36.966,0.42336,423.524,0,1.02816,0,0,2.7393,1.71114,1.028160,1,0,52.5943,0,0,0,52.5943,0
41.1077,2.03325,0,0,2.16786,0.19939,0.36288,3.6288,61.308,0.320324,0,0,1.32989,0.199533,0.454939,0.66528,12.849,1,0.628987,0.36288,0,42.3206,3.91285,38.1417,0.84672,12.849,0.84672,3695.15,0,36.966,0.194266,1.19415,1.86424,3.47826,0.955745,5.38664,0.42336,36.966,0.42336,423.524,0,1.02816,0,0,2.22231,1.19415,1.028160,1,0,43.9832,0,0,0,43.9832,0
40.3684,1.89793,0,0,1.7359,0.214371,0.36288,3.6288,61.2253,0.449118,0,0,0.598357,0.23192,0,0.66528,12.849,1,0.593234,0.36288,0,38.5903,4.13563,34.2243,0.84672,12.849,0.84672,3695.15,0,36.966,0.270798,0.292723,1.69083,3.08284,1.10077,3.69483,0.42336,36.966,0.42336,423.524,0,0.994628,0,0,1.28735,0.292723,1.028160,1,0,37.9191,0,0,0,37.9191,0
41.5267,1.89023,0,0,3.62393,0.212501,0.36288,3.6288,61.308,0.427982,0,0,1.82803,0.231798,1.08557,0.66528,12.849,1,0.601649,0.36288,0,108.246,4.13563,103.872,0.84672,12.849,0.84672,3695.15,0,36.966,0.258403,2.69807,1.7915,5.18149,1.10077,8.31189,0.42336,36.966,0.42336,423.524,0,1.02816,0,0,3.72623,2.69807,1.028160,1,0,113.269,0,0,0,113.269,0
42.6736,1.9036,0,0,3.62879,0.215431,0.36288,3.6288,61.308,0.4282,0,0,1.15873,0.23192,0.498608,0.66528,12.849,1,0.589003,0.36288,0,92.2951,4.13563,87.9333,0.84672,12.849,0.84672,3695.15,0,36.966,0.258185,1.4012,1.79164,4.16449,1.10077,5.99837,0.42336,36.966,0.42336,423.524,0,1.02816,0,0,2.42936,1.4012,1.028160,1,0,94.4303,0,0,0,94.4303,0
43.9159,1.91632,0,0,3.7202,0.198717,0.36288,3.6288,61.308,0.4282,0,0,0.788768,0.221545,0.139023,0.66528,12.849,1,0.577004,0.36288,0,66.5939,3.60433,62.7755,0.84672,12.849,0.84672,3695.15,0,36.966,0.258185,0.989522,1.79177,3.41532,1.01271,4.92572,0.42336,36.966,0.42336,423.524,0,1.02816,0,0,2.01768,0.989522,1.028160,1,0,67.8402,0,0,0,67.8402,0
44.6362,1.99408,0,0,3.28057,0.203259,0.36288,3.6288,61.308,0.459343,0,0,2.10639,0.213419,1.43363,0.66528,12.849,1,0.583432,0.36288,0,58.2232,3.32635,54.6763,0.84672,12.849,0.84672,3695.15,0,36.966,0.276963,1.61602,1.79191,4.51014,0.815707,6.8254,0.42336,36.966,0.42336,423.524,0,1.02816,0,0,2.64418,1.61602,1.028160,1,0,62.9353,0,0,0,62.9353,0
46.1875,2.04071,0,0,4.16103,0.206203,0.36288,3.6288,61.308,0.428198,0,0,3.36385,0.207325,2.72833,0.66528,12.849,1,0.58744,0.36288,0,69.7,3.11787,66.3576,0.84672,12.849,0.84672,3695.15,0,36.966,0.258184,3.04874,1.84625,6.11214,0.667951,10.081,0.42336,36.966,0.42336,423.524,0,1.02816,0,0,4.0769,3.04874,1.028160,1,0,79.1669,0,0,0,79.1669,0
49.0165,2.05671,0,0,5.45839,0.209827,0.36288,3.6288,61.308,0.428198,0,0,3.9908,0.207325,3.35528,0.66528,12.849,1,0.57216,0.36288,0,120.042,3.11787,116.714,0.84672,12.849,0.84672,3695.15,0,36.966,0.258184,4.23245,1.81717,7.65381,0.667951,12.7773,0.42336,36.966,0.42336,423.524,0,1.02816,0,0,5.26061,4.23245,1.028160,1,0,132.847,0,0,0,132.847,0
50.0139,2.08344,0,0,3.66023,0.216435,0.36288,3.6288,61.308,0.428198,0,0,2.43082,0.207325,1.7953,0.66528,12.849,1,0.546145,0.36288,0,94.0715,3.11787,90.7703,0.84672,12.849,0.84672,3695.15,0,36.966,0.258184,2.23473,1.81731,5.37249,0.667951,8.49839,0.42336,36.966,0.42336,423.524,0,1.02816,0,0,3.26289,2.23473,1.028160,1,0,101.064,0,0,0,101.064,0
51.7887,2.30606,0,0,4.69709,0.253395,0.36288,3.6288,61.308,0.545197,0,0,3.08874,0.268112,2.27543,0.66528,12.849,1,0.592446,0.36288,0,114.278,4.1742,109.874,0.84672,12.849,0.84672,3695.15,0,36.966,0.328729,3.22134,1.81744,7.79979,1.15767,11.3522,0.42336,36.966,0.42336,423.524,0,1.02816,0,0,4.2495,3.22134,1.028160,1,0,123.502,0,0,0,123.502,0
55.6236,2.41847,0,0,6.87836,0.262094,0.36288,3.6288,61.308,0.470832,0,0,5.46701,0.217833,4.77835,0.66528,12.849,1,0.600032,0.36288,0,146.378,3.64455,142.496,0.84672,12.849,0.84672,3695.15,0,36.966,0.283891,4.24123,2.01273,10.9112,1.01241,15.8689,0.42336,36.966,0.42336,423.524,0,1.02816,0,0,5.26939,4.24123,1.028160,1,0,163.144,0,0,0,163.144,0
59.8036,2.45248,0,0,7.26786,0.272526,0.36288,3.6288,61.308,0.471015,0,0,6.07489,0.217833,5.38604,0.66528,12.849,1,0.56652,0.36288,0,175.432,3.64455,171.584,0.84672,12.849,0.84672,3695.15,0,36.966,0.284001,5.01867,1.94312,12.6163,1.01241,18.2817,0.42336,36.966,0.42336,423.524,0,1.02816,0,0,6.04683,5.01867,1.028160,1,0,195.251,0,0,0,195.251,0
63.1132,2.48548,0,0,6.44256,0.284579,0.36288,3.6288,61.308,0.471198,0,0,5.43205,0.213456,4.74739,0.66528,12.849,1,0.534014,0.36288,0,156.222,3.56893,152.482,0.84672,12.849,0.84672,3695.15,0,36.966,0.284112,4.43774,1.94344,11.976,0.990733,17.0824,0.42336,36.966,0.42336,423.524,0,1.02816,0,0,5.4659,4.43774,1.028160,1,0,174.312,0,0,0,174.312,0
66.6317,2.19111,0,0,6.37338,0.300942,0.36288,3.6288,61.308,0.314265,0,0,5.06805,0.19072,4.56307,0.66528,12.849,1,0.44608,0.36288,0,155.06,3.27615,151.701,0.84672,12.849,0.84672,3695.15,0,36.966,0.189488,4.70567,1.94376,11.5906,0.881742,17.1688,0.42336,36.966,0.42336,423.524,0,1.02816,0,0,5.73383,4.70567,1.028160,1,0,173.433,0,0,0,173.433,0
71.1427,2.05833,0,0,7.26701,0.334714,0.36288,3.6288,61.308,0.428192,0,0,9.32989,0.211888,8.68981,0.66528,12.849,1,0.396921,0.36288,0,244.799,4.24158,240.523,0.84672,12.849,0.84672,3695.15,0,36.966,0.258181,5.15424,1.67776,14.057,1.00834,19.6225,0.42336,36.966,0.42336,423.524,0,1.02816,0,0,6.1824,5.15424,1.028160,1,0,268.836,0,0,0,268.836,0
72.29,2.08023,0,0,8.13758,0.346685,4.56341,3.6288,61.308,0.428192,0,0,10.7286,0.211888,10.0886,0.66528,12.849,1,0.375708,4.56341,0,321.876,4.24158,321.822,0.84672,12.849,0.84672,3695.15,0,36.966,0.258181,6.11398,1.78476,16.8309,1.00834,23.4631,0.42336,36.966,0.42336,423.524,0,1.02816,0,0,7.14214,6.11398,1.028160,1,0,355.374,0,0,0,355.374,0
72.29,2.08588,0,0,7.30244,0.304416,4.91215,3.6288,61.308,0.428192,0,0,9.42036,0.187823,8.80435,0.66528,12.849,1,0.370749,4.91215,0,294.774,3.8928,295.423,0.84672,12.849,0.84672,3695.15,0,36.966,0.258181,6.49808,1.78489,15.0268,0.958237,22.0933,0.42336,36.966,0.42336,423.524,0,1.02816,0,0,7.52624,6.49808,1.028160,1,0,326.321,0,0,0,326.321,0
72.29,2.08646,0,0,8.41634,0.30354,6.02634,3.6288,61.308,0.428192,0,0,7.02865,0.241137,6.35932,0.66528,12.849,1,0.370853,6.02634,0,239.964,4.57101,241.048,0.84672,12.849,0.84672,3695.15,0,36.966,0.258181,5.221,1.78502,15.5853,1.17712,21.1561,0.42336,36.966,0.42336,423.524,0,1.02816,0,0,6.24916,5.221,1.028160,1,0,268.564,0,0,0,268.564,0
72.29,2.16893,0,0,6.6739,0.286261,4.21871,3.6288,61.308,0.46666,0,0,7.63733,0.190672,6.98,0.66528,12.849,1,0.38551,4.21871,0,189.916,4.90961,188.839,0.84672,12.849,0.84672,3695.15,0,36.966,0.281375,4.90535,1.78515,12.6707,1.20776,17.872,0.42336,36.966,0.42336,423.524,0,1.02816,0,0,5.93351,4.90535,1.028160,1,0,213.691,0,0,0,213.691,0
72.29,2.22188,0,0,6.78148,0.280396,4.27921,3.6288,61.308,0.428198,0,0,7.844,0.162436,7.25336,0.66528,12.849,1,0.394923,4.27921,0,163.309,4.94351,162.25,0.84672,12.849,0.84672,3695.15,0,36.966,0.258184,4.79969,1.85099,12.3616,1.186,17.5681,0.42336,36.966,0.42336,423.524,0,1.02816,0,0,5.82785,4.79969,1.028160,1,0,187.071,0,0,0,187.071,0
72.29,2.22249,0,0,6.56097,0.280396,4.05809,3.6288,61.308,0.428198,0,0,7.21017,0.162436,6.61953,0.66528,12.849,1,0.39503,4.05809,0,189.322,4.94351,188.042,0.84672,12.849,0.84672,3695.15,0,36.966,0.258184,4.97125,1.81504,11.4087,1.186,16.7508,0.42336,36.966,0.42336,423.524,0,1.02816,0,0,5.99941,4.97125,1.028160,1,0,211.412,0,0,0,211.412,0
72.29,2.22309,0,0,6.18118,0.233999,3.72409,3.6288,61.308,0.428198,0,0,7.18641,0.183316,6.57489,0.66528,12.849,1,0.395138,3.72409,0,285.052,5.22491,283.156,0.84672,12.849,0.84672,3695.15,0,36.966,0.258185,4.52695,1.81518,11.8987,1.2255,16.7571,0.42336,36.966,0.42336,423.524,0,1.02816,0,0,5.55511,4.52695,1.028160,1,0,306.488,0,0,0,306.488,0
72.29,2.19166,0,0,5.02096,0.204195,2.62511,3.6288,61.308,0.413248,0,0,5.06165,0.186311,4.46209,0.66528,12.849,1,0.389551,2.62511,0,134.307,5.1417,131.401,0.84672,12.849,0.84672,3695.15,0,36.966,0.24917,3.38387,1.81531,8.71887,1.23085,12.438,0.42336,36.966,0.42336,423.524,0,1.02816,0,0,4.41203,3.38387,1.028160,1,0,148.301,0,0,0,148.301,0
72.29,2.17191,0,0,3.4181,0.210853,1.03534,3.6288,61.308,0.428196,0,0,2.06108,0.169426,1.46346,0.66528,12.849,1,0.386041,1.03534,0,102.965,4.74936,98.8654,0.84672,12.849,0.84672,3695.15,0,36.966,0.258183,1.75924,1.78986,5.20111,1.19848,7.29355,0.42336,36.966,0.42336,423.524,0,1.02816,0,0,2.7874,1.75924,1.028160,1,0,107.622,0,0,0,107.622,0
72.29,2.17251,0,0,3.53085,0.210853,1.14748,3.6288,61.308,0.428196,0,0,2.40015,0.169426,1.80253,0.66528,12.849,1,0.386147,1.14748,0,104.496,4.74936,100.508,0.84672,12.849,0.84672,3695.15,0,36.966,0.258183,3.53181,1.80401,5.53506,1.19848,9.41422,0.42336,36.966,0.42336,423.524,0,1.02816,0,0,4.55997,3.53181,1.028160,1,0,111.724,0,0,0,111.724,0
72.29,2.17311,0,0,3.32211,0.165184,0.983814,3.6288,61.308,0.428196,0,0,2.25749,0.183462,1.64583,0.66528,12.849,1,0.386254,0.983814,0,93.8079,4.98804,89.4175,0.84672,12.849,0.84672,3695.15,0,36.966,0.258183,3.49414,1.80415,4.88758,1.29989,8.62779,0.42336,36.966,0.42336,423.524,0,1.02816,0,0,4.5223,3.49414,1.028160,1,0,99.6911,0,0,0,99.6911,0
72.29,2.28252,0,0,2.89914,0.130932,0.485689,3.6288,61.308,0.481249,0,0,1.96182,0.193989,1.28659,0.66528,12.849,1,0.405701,0.485689,0,81.9919,5.16705,76.9048,0.84672,12.849,0.84672,3695.15,0,36.966,0.290172,2.99277,1.80428,4.52574,1.37595,7.65666,0.42336,36.966,0.42336,423.524,0,1.02816,0,0,4.02093,2.99277,1.028160,1,0,85.8481,0,0,0,85.8481,0
72.2207,2.35535,0,0,2.82117,0.172259,0.36288,3.6288,61.308,0.428205,0,0,1.59432,0.248368,0.91775,0.66528,12.849,1,0.418645,0.36288,0,90.3329,5.07318,85.204,0.84672,12.849,0.84672,3695.15,0,36.966,0.258188,2.18668,1.89413,4.08048,1.12781,6.7753,0.42336,36.966,0.42336,423.524,0,1.02816,0,0,3.21484,2.18668,1.028160,1,0,92.897,0,0,0,92.897,0
71.9053,2.35563,0,0,2.49546,0.0922892,0.36288,3.6288,61.308,0.428205,0,0,1.4849,0.27293,0.783761,0.66528,12.849,1,0.419098,0.36288,0,61.4778,5.49087,55.9307,0.84672,12.849,0.84672,3695.15,0,36.966,0.258188,1.73324,1.84451,3.75752,1.30528,5.7718,0.42336,36.966,0.42336,423.524,0,1.02816,0,0,2.7614,1.73324,1.028160,1,0,62.4863,0,0,0,62.4863,0
71.4831,2.3547,0,0,2.3874,0.0920683,0.36288,3.6288,61.308,0.428205,0,0,1.41862,0.27293,0.717484,0.66528,12.849,1,0.420769,0.36288,0,56.6311,5.49087,51.0823,0.84672,12.849,0.84672,3695.15,0,36.966,0.258188,1.6314,1.84465,3.63393,1.30528,5.54651,0.42336,36.966,0.42336,423.524,0,1.02816,0,0,2.65956,1.6314,1.028160,1,0,57.3463,0,0,0,57.3463,0
70.9612,2.35322,0,0,2.286,0.0917725,0.36288,3.6288,61.308,0.428205,0,0,1.44219,0.27293,0.741054,0.66528,12.849,1,0.422988,0.36288,0,54.0315,5.49087,48.4806,0.84672,12.849,0.84672,3695.15,0,36.966,0.258188,1.95364,1.84479,3.45995,1.30528,5.69491,0.42336,36.966,0.42336,423.524,0,1.02816,0,0,2.9818,1.95364,1.028160,1,0,54.9165,0,0,0,54.9165,0
70.3994,2.32974,0,0,2.22491,0.0940686,0.36288,3.6288,61.308,0.457388,0,0,1.09059,0.257317,0.375888,0.66528,12.849,1,0.421847,0.36288,0,52.8816,5.16716,47.6555,0.84672,12.849,0.84672,3695.15,0,36.966,0.275785,1.67383,1.84493,3.55419,1.23033,5.56682,0.42336,36.966,0.42336,423.524,0,1.02816,0,0,2.70199,1.67383,1.028160,1,0,53.5982,0,0,0,53.5982,0
69.7459,2.36707,0,0,2.16435,0.0879385,0.36288,3.6288,61.308,0.42821,0,0,0.960336,0.252915,0.279211,0.66528,12.849,1,0.432027,0.36288,0,51.077,5.15613,45.8517,0.84672,12.849,0.84672,3695.15,0,36.966,0.258191,1.56596,1.87645,3.51349,1.19579,5.50192,0.42336,36.966,0.42336,423.524,0,1.02816,0,0,2.59412,1.56596,1.028160,1,0,51.6329,0,0,0,51.6329,0
69.0001,2.36428,0,0,2.0446,0.0632078,0.36288,3.6288,61.308,0.42821,0,0,0.914388,0.291976,0.194203,0.66528,12.849,1,0.435561,0.36288,0,48.1663,5.81496,42.2786,0.84672,12.849,0.84672,3695.15,0,36.966,0.258191,1.55637,1.84922,3.41465,1.39813,5.16392,0.42336,36.966,0.42336,423.524,0,1.02816,0,0,2.58453,1.55637,1.028160,1,0,47.6368,0,0,0,47.6368,0
68.1077,2.36094,0,0,1.89915,0.0677868,0.36288,3.6288,61.308,0.42821,0,0,0.906241,0.280814,0.197217,0.66528,12.849,1,0.439647,0.36288,0,47.8365,5.94185,41.8179,0.84672,12.849,0.84672,3695.15,0,36.966,0.258191,1.57703,1.84936,3.33656,1.38948,5.11528,0.42336,36.966,0.42336,423.524,0,1.02816,0,0,2.60519,1.57703,1.028160,1,0,47.1304,0,0,0,47.1304,0
66.9525,2.41186,0,0,1.6848,0.0652485,0.36288,3.6288,61.308,0.454235,0,0,0.797265,0.286495,0.0565345,0.66528,12.849,1,0.455015,0.36288,0,40.5655,5.94991,34.5234,0.84672,12.849,0.84672,3695.15,0,36.966,0.273884,1.22961,1.8495,2.80495,1.41161,4.19857,0.42336,36.966,0.42336,423.524,0,1.02816,0,0,2.25777,1.22961,1.028160,1,0,38.7785,0,0,0,38.7785,0
65.768,2.41179,0,0,1.64973,0.0595357,0.36288,3.6288,61.308,0.449866,0,0,0.846884,0.300696,0.0963221,0.66528,12.849,1,0.462852,0.36288,0,43.6363,5.97009,37.5663,0.84672,12.849,0.84672,3695.15,0,36.966,0.271249,1.16493,1.89415,2.62863,1.46694,3.94952,0.42336,36.966,0.42336,423.524,0,1.02816,0,0,2.19309,1.16493,1.028160,1,0,41.6121,0,0,0,41.6121,0
64.4596,2.40521,0,0,1.51866,0.058978,0.36288,3.6288,61.2752,0.450046,0,0,0.717949,0.300696,0,0.66528,12.849,1,0.469902,0.36288,0,35.8421,5.97009,29.765,0.84672,12.849,0.84672,3695.15,0,36.966,0.271358,1.29791,1.8902,2.54164,1.46694,3.99145,0.42336,36.966,0.42336,423.524,0,1.02816,0,0,2.32607,1.29791,1.028160,1,0,33.7564,0,0,0,33.7564,0
63.0313,2.39765,0,0,1.39056,0.058362,0.36288,3.6288,61.1894,0.450135,0,0,0.664969,0.300633,0,0.66528,12.849,1,0.477934,0.36288,0,34.0679,5.97009,27.9827,0.84672,12.849,0.84672,3695.15,0,36.966,0.271557,0.960215,1.89051,2.23407,1.46694,3.34629,0.42336,36.966,0.42336,423.524,0,1.02816,0,0,1.98838,0.960215,1.028160,1,0,31.329,0,0,0,31.329,0
61.5405,2.5486,0,0,1.46923,0.0485764,0.36288,3.6288,61.1031,0.54401,0,0,0.763379,0.305647,0,0.66528,12.849,1,0.519536,0.36288,0,33.4124,6.11964,27.1361,0.84672,12.849,0.84672,3695.15,0,36.966,0.32865,1.35792,1.89082,2.95537,1.49682,4.37864,0.42336,36.966,0.42336,423.524,0,1.02816,0,0,2.38608,1.35792,1.028160,1,0,31.5148,0,0,0,31.5148,0
59.7079,2.53861,0,0,1.14087,0.0719415,0.36288,3.6288,60.8322,0.543916,0,0,0.614715,0.341716,0,0.66528,12.849,1,0.530035,0.36288,0,23.0322,5.93231,16.9327,0.84672,12.849,0.84672,3695.15,0,36.966,0.329057,0.941026,2.04354,2.15666,1.5065,3.30567,0.42336,36.966,0.42336,423.524,0,1.02816,0,0,1.96919,0.941026,1.028160,1,0,20.2384,0,0,0,20.2384,0
57.922,2.52564,0,0,1.17075,0.0680868,0.36288,3.6288,60.6185,0.543199,0,0,0.680505,0.351033,0,0.66528,12.849,1,0.543512,0.36288,0,24.4202,6.01325,18.2263,0.84672,12.849,0.84672,3695.15,0,36.966,0.330087,1.26794,2.04388,1.8503,1.53052,3.30151,0.42336,36.966,0.42336,423.524,0,1.02816,0,0,2.2961,1.26794,1.028160,1,0,21.5278,0,0,0,21.5278,0
55.9192,2.51234,0,0,0.939332,0.0669207,0.36288,3.6288,60.2604,0.542671,0,0,0.535103,0.350557,0,0.66528,12.849,1,0.557318,0.36288,0,28.7235,6.01325,22.5158,0.84672,12.849,0.84672,3695.15,0,36.966,0.330928,0.813732,2.04422,1.53703,1.53052,2.53353,0.42336,36.966,0.42336,423.524,0,1.02816,0,0,1.84189,0.813732,1.028160,1,0,25.0494,0,0,0,25.0494,0
54.1067,2.49652,0,0,1.11248,0.065613,0.36288,3.6288,60.1858,0.541646,0,0,0.81682,0.34976,0,0.66528,12.849,1,0.573644,0.36288,0,24.6541,6.01325,18.4301,0.84672,12.849,0.84672,3695.15,0,36.966,0.332266,1.74258,2.04455,2.07854,1.53052,4.00287,0.42336,36.966,0.42336,423.524,0,1.02816,0,0,2.77074,1.74258,1.028160,1,0,22.4329,0,0,0,22.4329,0
52.673,2.40569,0,0,1.36797,0.0331286,0.36288,3.6288,59.9243,0.48488,0,0,0.568495,0.345081,0,0.66528,12.849,1,0.571291,0.36288,0,29.2746,5.58898,23.4772,0.84672,12.849,0.84672,3695.15,0,36.966,0.297813,1.12213,2.04489,2.05675,1.46423,3.46173,0.42336,36.966,0.42336,423.524,0,1.02816,0,0,2.15029,1.12213,1.028160,1,0,26.9389,0,0,0,26.9389,0
51.3805,2.39358,0,0,1.5355,0.0715514,0.36288,3.6288,59.6987,0.484261,0,0,0.548315,0.289626,0,0.66528,12.849,1,0.583888,0.36288,0,29.6057,3.99867,25.386,0.84672,12.849,0.84672,3695.15,0,36.966,0.29873,0.95205,1.95695,1.88111,1.09059,3.40079,0.42336,36.966,0.42336,423.524,0,1.02816,0,0,1.98021,0.95205,1.028160,1,0,28.7868,0,0,0,28.7868,0
50.2336,2.38222,0,0,1.73009,0.131896,0.36288,3.6288,59.7264,0.483748,0,0,0.768039,0.256615,0,0.66528,12.849,1,0.595736,0.36288,0,28.5478,3.14223,25.1727,0.84672,12.849,0.84672,3695.15,0,36.966,0.299541,1.55289,1.95727,2.51213,0.903571,4.81918,0.42336,36.966,0.42336,423.524,0,1.02816,0,0,2.58105,1.55289,1.028160,1,0,29.9919,0,0,0,29.9919,0
48.989,2.37178,0,0,1.62299,0.132853,0.36288,3.6288,59.765,0.484018,0,0,0.780287,0.257656,0,0.66528,12.849,1,0.606667,0.36288,0,35.1378,3.1585,31.7356,0.84672,12.849,0.84672,3695.15,0,36.966,0.29957,1.47611,1.9576,2.54177,0.91289,4.76301,0.42336,36.966,0.42336,423.524,0,1.02816,0,0,2.50427,1.47611,1.028160,1,0,36.4986,0,0,0,36.4986,0
47.8961,2.299,0,0,1.70606,0.137104,0.36288,3.6288,59.9358,0.432811,0,0,0.846063,0.242458,0,0.66528,12.849,1,0.602988,0.36288,0,48.7902,3.14481,45.4052,0.84672,12.849,0.84672,3695.15,0,36.966,0.267703,1.70147,1.95792,2.79225,0.898498,5.28544,0.42336,36.966,0.42336,423.524,0,1.02816,0,0,2.72963,1.70147,1.028160,1,0,50.6907,0,0,0,50.6907,0
47.2415,2.28853,0,0,2.16787,0.171074,0.36288,3.6288,60.0542,0.433459,0,0,0.702936,0.151051,0,0.66528,12.849,1,0.613938,0.36288,0,44.1934,3.06264,40.8797,0.84672,12.849,0.84672,3695.15,0,36.966,0.26734,0.982126,1.87941,2.43568,0.812143,4.21773,0.42336,36.966,0.42336,423.524,0,1.02816,0,0,2.01029,0.982126,1.028160,1,0,45.0975,0,0,0,45.0975,0
48.6847,2.28221,0,0,4.25809,0.169851,0.36288,3.6288,60.6937,0.433962,0,0,1.22456,0.151165,0,0.66528,12.849,1,0.620729,0.36288,0,64.6988,3.06264,61.3783,0.84672,12.849,0.84672,3695.15,0,36.966,0.267122,1.4317,1.87972,4.17437,0.812143,6.40652,0.42336,36.966,0.42336,423.524,0,1.02816,0,0,2.45986,1.4317,1.028160,1,0,67.7849,0,0,0,67.7849,0
50.8562,2.29715,0,0,5.0041,0.172548,0.36288,3.6288,61.308,0.435888,0,0,2.02138,0.151781,0.819396,0.66528,12.849,1,0.606271,0.36288,0,70.0408,3.06264,66.7348,0.84672,12.849,0.84672,3695.15,0,36.966,0.265481,3.56739,1.88002,5.07311,0.812143,9.4429,0.42336,36.966,0.42336,423.524,0,1.02816,0,0,4.59555,3.56739,1.028160,1,0,76.9971,0,0,0,76.9971,0
51.7644,2.14361,0,0,3.60899,0.194222,0.36288,3.6288,61.308,0.329329,0,0,1.33967,0.159271,0.851071,0.66528,12.849,1,0.541591,0.36288,0,62.6385,3.17862,59.2812,0.84672,12.849,0.84672,3695.15,0,36.966,0.198571,2.17882,1.88033,5.16166,0.83922,8.18302,0.42336,36.966,0.42336,423.524,0,1.02816,0,0,3.20698,2.17882,1.028160,1,0,68.3153,0,0,0,68.3153,0
52.8426,2.02482,0,0,3.70801,0.242111,0.36288,3.6288,61.308,0.428194,0,0,0.939626,0.1812,0.330232,0.66528,12.849,1,0.502602,0.36288,0,47.6494,3.41655,44.0932,0.84672,12.849,0.84672,3695.15,0,36.966,0.258182,2.16329,1.70542,4.18945,0.893079,6.9069,0.42336,36.966,0.42336,423.524,0,1.02816,0,0,3.19145,2.16329,1.028160,1,0,51.3303,0,0,0,51.3303,0
55.0347,2.03363,0,0,4.83361,0.245076,0.36288,3.6288,61.308,0.428194,0,0,1.05802,0.18198,0.447848,0.66528,12.849,1,0.49449,0.36288,0,83.7569,3.40788,80.2174,0.84672,12.849,0.84672,3695.15,0,36.966,0.258182,2.11129,1.79829,4.99147,0.890774,7.75209,0.42336,36.966,0.42336,423.524,0,1.02816,0,0,3.13945,2.11129,1.028160,1,0,88.4174,0,0,0,88.4174,0
57.5445,2.05017,0,0,5.17343,0.250591,0.36288,3.6288,61.308,0.428194,0,0,1.21009,0.18198,0.599918,0.66528,12.849,1,0.478654,0.36288,0,69.6946,3.40788,66.171,0.84672,12.849,0.84672,3695.15,0,36.966,0.258182,2.54427,1.79842,5.25569,0.890774,8.44943,0.42336,36.966,0.42336,423.524,0,1.02816,0,0,3.57243,2.54427,1.028160,1,0,75.2203,0,0,0,75.2203,0
61.6241,2.0678,0,0,6.74041,0.230056,0.36288,3.6288,61.308,0.428194,0,0,1.92222,0.217924,1.2761,0.66528,12.849,1,0.461716,0.36288,0,160.811,4.03182,156.68,0.84672,12.849,0.84672,3695.15,0,36.966,0.258182,4.04838,1.79855,8.58294,1.14436,13.0273,0.42336,36.966,0.42336,423.524,0,1.02816,0,0,5.07654,4.04838,1.028160,1,0,170.984,0,0,0,170.984,0
66.9199,2.16333,0,0,8.04937,0.227387,0.36288,3.6288,61.308,0.459606,0,0,2.35202,0.220781,1.67163,0.66528,12.849,1,0.451068,0.36288,0,163.524,3.87981,159.556,0.84672,12.849,0.84672,3695.15,0,36.966,0.277122,4.87701,1.79868,9.382,1.14791,14.6327,0.42336,36.966,0.42336,423.524,0,1.02816,0,0,5.90517,4.87701,1.028160,1,0,175.86,0,0,0,175.86,0
70.121,2.2361,0,0,6.05046,0.250435,0.36288,3.6288,61.308,0.428193,0,0,1.51542,0.188649,0.89858,0.66528,12.849,1,0.429344,0.36288,0,116.91,3.05319,113.791,0.84672,12.849,0.84672,3695.15,0,36.966,0.258181,2.72457,1.85349,4.26358,0.899061,7.6844,0.42336,36.966,0.42336,423.524,0,1.02816,0,0,3.75273,2.72457,1.028160,1,0,122.374,0,0,0,122.374,0
72.29,2.25325,0,0,5.52194,0.256776,0.842859,3.6288,61.308,0.428193,0,0,1.67028,0.188649,1.05343,0.66528,12.849,1,0.412887,0.842859,0,86.2021,3.05319,83.5789,0.84672,12.849,0.84672,3695.15,0,36.966,0.258181,3.33917,1.82415,4.64907,0.899061,8.65515,0.42336,36.966,0.42336,423.524,0,1.02816,0,0,4.36733,3.33917,1.028160,1,0,93.2875,0,0,0,93.2875,0
72.29,2.26436,0,0,8.30546,0.296654,5.74445,3.6288,61.308,0.428193,0,0,1.85115,0.173848,1.24911,0.66528,12.849,1,0.402473,5.74445,0,102.422,3.17366,104.59,0.84672,12.849,0.84672,3695.15,0,36.966,0.258181,3.75675,1.82428,6.90447,0.972129,11.2552,0.42336,36.966,0.42336,423.524,0,1.02816,0,0,4.78491,3.75675,1.028160,1,0,117.095,0,0,0,117.095,0
72.29,2.49463,0,0,8.27686,0.344096,5.43814,3.6288,61.308,0.546194,0,0,1.83154,0.154113,1.13123,0.66528,12.849,1,0.443401,5.43814,0,140.009,3.33428,141.669,0.84672,12.849,0.84672,3695.15,0,36.966,0.329331,3.98371,1.82441,8.93696,1.06955,13.3462,0.42336,36.966,0.42336,423.524,0,1.02816,0,0,5.01187,3.98371,1.028160,1,0,156.147,0,0,0,156.147,0
72.29,2.58489,0,0,7.91752,0.292303,5.04033,3.6288,61.308,0.480352,0,0,2.62888,0.191134,1.9574,0.66528,12.849,1,0.459445,5.04033,0,186.597,3.96364,187.214,0.84672,12.849,0.84672,3695.15,0,36.966,0.289631,4.98455,2.02137,9.51788,1.08591,15.1483,0.42336,36.966,0.42336,423.524,0,1.02816,0,0,6.01271,4.98455,1.028160,1,0,204.32,0,0,0,204.32,0
72.29,2.5853,0,0,7.68709,0.292303,4.80949,3.6288,61.308,0.48053,0,0,2.64127,0.191134,1.96961,0.66528,12.849,1,0.459518,4.80949,0,199.225,3.96364,199.611,0.84672,12.849,0.84672,3695.15,0,36.966,0.289738,5.25398,1.95975,10.0527,1.08591,15.8907,0.42336,36.966,0.42336,423.524,0,1.02816,0,0,6.28214,5.25398,1.028160,1,0,217.471,0,0,0,217.471,0
72.29,2.58571,0,0,7.21786,0.297593,4.33455,3.6288,61.308,0.480707,0,0,2.33051,0.160492,1.68931,0.66528,12.849,1,0.45959,4.33455,0,166.411,3.43434,166.851,0.84672,12.849,0.84672,3695.15,0,36.966,0.289845,4.71262,1.96006,9.33587,0.934137,14.7846,0.42336,36.966,0.42336,423.524,0,1.02816,0,0,5.74078,4.71262,1.028160,1,0,183.325,0,0,0,183.325,0
72.29,2.25831,0,0,5.56873,0.297593,3.01283,3.6288,61.308,0.322426,0,0,1.2461,0.160492,0.763177,0.66528,12.849,1,0.401398,3.01283,0,108.643,3.43434,107.82,0.84672,12.849,0.84672,3695.15,0,36.966,0.194409,2.81903,1.96037,5.5856,0.934137,9.23647,0.42336,36.966,0.42336,423.524,0,1.02816,0,0,3.84719,2.81903,1.028160,1,0,117.82,0,0,0,117.82,0
72.29,2.11493,0,0,5.92064,0.283033,3.52267,3.6288,61.308,0.428187,0,0,2.44006,0.166287,1.84558,0.66528,12.849,1,0.375913,3.52267,0,102.012,3.80772,101.351,0.84672,12.849,0.84672,3695.15,0,36.966,0.258178,2.56756,1.69209,9.74239,0.869092,12.8748,0.42336,36.966,0.42336,423.524,0,1.02816,0,0,3.59572,2.56756,1.028160,1,0,116.071,0,0,0,116.071,0
72.29,2.1155,0,0,4.67469,0.283033,2.27616,3.6288,61.308,0.428187,0,0,1.35648,0.166287,0.762006,0.66528,12.849,1,0.376013,2.27616,0,84.8794,3.80772,82.9718,0.84672,12.849,0.84672,3695.15,0,36.966,0.258178,1.34406,1.79143,5.90395,0.869092,7.91217,0.42336,36.966,0.42336,423.524,0,1.02816,0,0,2.37222,1.34406,1.028160,1,0,91.646,0,0,0,91.646,0
72.29,2.11606,0,0,4.09324,0.283033,1.69415,3.6288,61.308,0.428187,0,0,1.51064,0.166287,0.916169,0.66528,12.849,1,0.376114,1.69415,0,78.0633,3.80772,75.5736,0.84672,12.849,0.84672,3695.15,0,36.966,0.258178,1.24413,1.79155,5.23211,0.869092,7.14051,0.42336,36.966,0.42336,423.524,0,1.02816,0,0,2.27229,1.24413,1.028160,1,0,83.6303,0,0,0,83.6303,0
72.29,2.11662,0,0,7.44284,0.281667,5.04455,3.6288,61.308,0.428187,0,0,2.27123,0.154833,1.68821,0.66528,12.849,1,0.376214,5.04455,0,166.55,3.62841,167.59,0.84672,12.849,0.84672,3695.15,0,36.966,0.258178,3.14698,1.79167,9.82669,0.838382,13.6688,0.42336,36.966,0.42336,423.524,0,1.02816,0,0,4.17514,3.14698,1.028160,1,0,182.947,0,0,0,182.947,0
72.29,2.19977,0,0,5.37597,0.296652,2.87955,3.6288,61.308,0.466982,0,0,1.95346,0.124352,1.36213,0.66528,12.849,1,0.390992,2.87955,0,99.8603,3.7095,98.6393,0.84672,12.849,0.84672,3695.15,0,36.966,0.28157,2.05098,1.7918,7.06128,0.822449,9.80004,0.42336,36.966,0.42336,423.524,0,1.02816,0,0,3.07914,2.05098,1.028160,1,0,109.801,0,0,0,109.801,0
72.29,2.25315,0,0,5.53051,0.314641,2.96272,3.6288,61.308,0.428193,0,0,2.44962,0.128565,1.89286,0.66528,12.849,1,0.40048,2.96272,0,94.017,3.94464,92.6346,0.84672,12.849,0.84672,3695.15,0,36.966,0.258181,2.35919,1.8582,7.24682,0.867815,10.3382,0.42336,36.966,0.42336,423.524,0,1.02816,0,0,3.38735,2.35919,1.028160,1,0,104.866,0,0,0,104.866,0
72.29,2.25374,0,0,6.66439,0.314641,4.09601,3.6288,61.308,0.428193,0,0,2.94728,0.128565,2.39052,0.66528,12.849,1,0.400584,4.09601,0,114.719,3.94464,114.47,0.84672,12.849,0.84672,3695.15,0,36.966,0.258181,3.52986,1.82194,8.19067,0.867815,12.4165,0.42336,36.966,0.42336,423.524,0,1.02816,0,0,4.55802,3.52986,1.028160,1,0,129.277,0,0,0,129.277,0
72.29,2.25432,0,0,4.67798,0.314641,2.10902,3.6288,61.308,0.428193,0,0,2.20464,0.128565,1.64788,0.66528,12.849,1,0.400689,2.10902,0,78.0788,3.94464,75.8425,0.84672,12.849,0.84672,3695.15,0,36.966,0.258181,1.90478,1.82207,6.19571,0.867815,8.79656,0.42336,36.966,0.42336,423.524,0,1.02816,0,0,2.93294,1.90478,1.028160,1,0,86.287,0,0,0,86.287,0
72.29,2.2226,0,0,4.20142,0.276209,1.70261,3.6288,61.308,0.413116,0,0,1.88908,0.15134,1.32462,0.66528,12.849,1,0.39505,1.70261,0,71.42,4.1617,68.5658,0.84672,12.849,0.84672,3695.15,0,36.966,0.24909,1.65479,1.8222,5.11091,0.926941,7.41187,0.42336,36.966,0.42336,423.524,0,1.02816,0,0,2.68295,1.65479,1.028160,1,0,77.3023,0,0,0,77.3023,0
72.29,2.20266,0,0,4.17311,0.238041,1.73241,3.6288,61.308,0.428191,0,0,1.75214,0.191493,1.13246,0.66528,12.849,1,0.391506,1.73241,0,75.2786,4.68678,71.9327,0.84672,12.849,0.84672,3695.15,0,36.966,0.25818,1.7508,1.79652,4.62636,1.05189,6.86361,0.42336,36.966,0.42336,423.524,0,1.02816,0,0,2.77896,1.7508,1.028160,1,0,79.9288,0,0,0,79.9288,0
72.29,2.20324,0,0,3.94169,0.238041,1.50041,3.6288,61.308,0.428191,0,0,1.75623,0.191493,1.13654,0.66528,12.849,1,0.391609,1.50041,0,69.9823,4.68678,66.4043,0.84672,12.849,0.84672,3695.15,0,36.966,0.25818,1.63143,1.81079,4.37276,1.05189,6.50491,0.42336,36.966,0.42336,423.524,0,1.02816,0,0,2.65959,1.63143,1.028160,1,0,74.0457,0,0,0,74.0457,0
72.29,2.20382,0,0,3.73573,0.238041,1.29387,3.6288,61.308,0.428191,0,0,2.14136,0.191493,1.52168,0.66528,12.849,1,0.391712,1.29387,0,65.8092,4.68678,62.0245,0.84672,12.849,0.84672,3695.15,0,36.966,0.25818,2.16655,1.81092,5.13486,1.05189,7.80225,0.42336,36.966,0.42336,423.524,0,1.02816,0,0,3.19471,2.16655,1.028160,1,0,71.3485,0,0,0,71.3485,0
72.29,2.31413,0,0,3.45926,0.249352,0.895773,3.6288,61.308,0.481693,0,0,1.80675,0.138921,1.18614,0.66528,12.849,1,0.41132,0.895773,0,58.6678,4.209,54.9433,0.84672,12.849,0.84672,3695.15,0,36.966,0.290439,1.69639,1.81105,4.51107,0.861807,6.86626,0.42336,36.966,0.42336,423.524,0,1.02816,0,0,2.72455,1.69639,1.028160,1,0,62.9957,0,0,0,62.9957,0
72.29,2.38755,0,0,3.29773,0.159801,0.750384,3.6288,61.308,0.428199,0,0,1.54344,0.187977,0.927265,0.66528,12.849,1,0.424368,0.750384,0,49.9034,4.15956,46.0699,0.84672,12.849,0.84672,3695.15,0,36.966,0.258185,1.35923,1.90166,3.20764,0.981743,5.2286,0.42336,36.966,0.42336,423.524,0,1.02816,0,0,2.38739,1.35923,1.028160,1,0,52.2257,0,0,0,52.2257,0
72.2489,2.38815,0,0,2.86886,0.158902,0.36288,3.6288,61.308,0.428199,0,0,1.35596,0.194401,0.733361,0.66528,12.849,1,0.424476,0.36288,0,45.5134,4.11264,41.3392,0.84672,12.849,0.84672,3695.15,0,36.966,0.258185,1.21287,1.85161,2.93095,1.00022,4.73703,0.42336,36.966,0.42336,423.524,0,1.02816,0,0,2.24103,1.21287,1.028160,1,0,46.8096,0,0,0,46.8096,0
71.9223,2.38856,0,0,2.58365,0.158853,0.36288,3.6288,61.308,0.428199,0,0,1.1542,0.194401,0.5316,0.66528,12.849,1,0.424789,0.36288,0,42.63,4.11264,38.4555,0.84672,12.849,0.84672,3695.15,0,36.966,0.258185,0.986455,1.85174,2.83891,1.00022,4.41871,0.42336,36.966,0.42336,423.524,0,1.02816,0,0,2.01461,0.986455,1.028160,1,0,43.4058,0,0,0,43.4058,0
71.4102,2.38753,0,0,2.37779,0.139511,0.36288,3.6288,61.308,0.428199,0,0,1.14579,0.214157,0.503437,0.66528,12.849,1,0.426535,0.36288,0,39.8664,4.5039,35.2989,0.84672,12.849,0.84672,3695.15,0,36.966,0.258185,1.04184,1.85188,2.79757,1.10699,4.32611,0.42336,36.966,0.42336,423.524,0,1.02816,0,0,2.07,1.04184,1.028160,1,0,40.1284,0,0,0,40.1284,0
71.0754,2.36386,0,0,2.51791,0.125949,0.36288,3.6288,61.308,0.457628,0,0,1.11977,0.249351,0.412791,0.66528,12.849,1,0.425336,0.36288,0,43.6926,4.98034,38.6498,0.84672,12.849,0.84672,3695.15,0,36.966,0.275929,0.906837,1.85201,3.03235,1.17776,4.33751,0.42336,36.966,0.42336,423.524,0,1.02816,0,0,1.935,0.906837,1.028160,1,0,43.4001,0,0,0,43.4001,0
70.7296,2.39744,0,0,2.54103,0.126478,0.36288,3.6288,61.308,0.432092,0,0,1.20118,0.264634,0.504458,0.66528,12.849,1,0.43341,0.36288,0,43.9729,5.11759,38.7848,0.84672,12.849,0.84672,3695.15,0,36.966,0.260532,0.976795,1.8838,3.13756,1.17079,4.56684,0.42336,36.966,0.42336,423.524,0,1.02816,0,0,2.00496,0.976795,1.028160,1,0,43.8561,0,0,0,43.8561,0
70.2672,2.39603,0,0,2.42262,0.126143,0.36288,3.6288,61.308,0.432262,0,0,1.15881,0.264634,0.461918,0.66528,12.849,1,0.435271,0.36288,0,42.8135,5.11759,37.6235,0.84672,12.849,0.84672,3695.15,0,36.966,0.260635,0.916531,1.85998,2.97115,1.17079,4.31623,0.42336,36.966,0.42336,423.524,0,1.02816,0,0,1.94469,0.916531,1.028160,1,0,42.4017,0,0,0,42.4017,0
69.6976,2.39399,0,0,2.28859,0.101312,0.36288,3.6288,61.308,0.432432,0,0,1.1034,0.303694,0.367271,0.66528,12.849,1,0.437762,0.36288,0,40.3738,5.77642,34.5225,0.84672,12.849,0.84672,3695.15,0,36.966,0.260737,0.909343,1.86027,2.88757,1.37313,4.02332,0.42336,36.966,0.42336,423.524,0,1.02816,0,0,1.9375,0.909343,1.028160,1,0,38.913,0,0,0,38.913,0
68.9463,2.44715,0,0,2.16161,0.102881,0.36288,3.6288,61.308,0.458846,0,0,1.09594,0.300169,0.336926,0.66528,12.849,1,0.451141,0.36288,0,40.6184,5.95701,34.5731,0.84672,12.849,0.84672,3695.15,0,36.966,0.276664,0.917395,1.86057,2.79033,1.39395,3.89768,0.42336,36.966,0.42336,423.524,0,1.02816,0,0,1.94556,0.917395,1.028160,1,0,38.8077,0,0,0,38.8077,0
68.3153,2.44339,0,0,2.25996,0.084644,0.36288,3.6288,61.308,0.45902,0,0,1.10729,0.345981,0.302285,0.66528,12.849,1,0.455357,0.36288,0,40.6432,6.27921,34.2715,0.84672,12.849,0.84672,3695.15,0,36.966,0.276769,0.834097,1.90575,2.40435,1.57076,3.29667,0.42336,36.966,0.42336,423.524,0,1.02816,0,0,1.86226,0.834097,1.028160,1,0,37.8704,0,0,0,37.8704,0
67.5439,2.44024,0,0,2.11588,0.0842283,0.36288,3.6288,61.308,0.459194,0,0,1.06777,0.345981,0.2626,0.66528,12.849,1,0.45897,0.36288,0,38.125,6.27921,31.7497,0.84672,12.849,0.84672,3695.15,0,36.966,0.276874,0.847325,1.90605,2.48692,1.57076,3.39266,0.42336,36.966,0.42336,423.524,0,1.02816,0,0,1.87548,0.847325,1.028160,1,0,35.4049,0,0,0,35.4049,0
66.5319,2.43622,0,0,1.87084,0.0837199,0.36288,3.6288,61.308,0.459368,0,0,1.00519,0.345981,0.199838,0.66528,12.849,1,0.463447,0.36288,0,36.0144,6.27921,29.6346,0.84672,12.849,0.84672,3695.15,0,36.966,0.276978,0.653028,1.90635,2.33304,1.57076,3.04469,0.42336,36.966,0.42336,423.524,0,1.02816,0,0,1.68119,0.653028,1.028160,1,0,32.8791,0,0,0,32.8791,0
65.2441,2.54183,0,0,1.69059,0.0736786,0.36288,3.6288,61.308,0.530719,0,0,0.99525,0.351161,0.113371,0.66528,12.849,1,0.490893,0.36288,0,34.1392,6.42876,27.5825,0.84672,12.849,0.84672,3695.15,0,36.966,0.32,0.602865,1.90666,2.32788,1.60064,2.91675,0.42336,36.966,0.42336,423.524,0,1.02816,0,0,1.63102,0.602865,1.028160,1,0,30.6126,0,0,0,30.6126,0
64.22,2.53414,0,0,1.93368,0.0607429,0.36288,3.6288,61.308,0.530904,0,0,0.955843,0.352502,0.072437,0.66528,12.849,1,0.499067,0.36288,0,36.4332,5.93315,30.3639,0.84672,12.849,0.84672,3695.15,0,36.966,0.320112,0.249627,2.01995,2.20096,1.47508,2.67535,0.42336,36.966,0.42336,423.524,0,1.02816,0,0,1.27779,0.249627,1.028160,1,0,33.1117,0,0,0,33.1117,0
63.3143,2.52791,0,0,2.04333,0.0582492,0.36288,3.6288,61.308,0.53109,0,0,0.946909,0.345472,0.0703479,0.66528,12.849,1,0.505778,0.36288,0,35.9803,5.79779,30.0396,0.84672,12.849,0.84672,3695.15,0,36.966,0.320223,0.719755,2.02027,2.36943,1.47602,3.31321,0.42336,36.966,0.42336,423.524,0,1.02816,0,0,1.74792,0.719755,1.028160,1,0,33.4232,0,0,0,33.4232,0
62.2977,2.52229,0,0,1.92646,0.0578228,0.36288,3.6288,61.308,0.531275,0,0,0.907407,0.345472,0.0306604,0.66528,12.849,1,0.511874,0.36288,0,36.4961,5.79779,30.5493,0.84672,12.849,0.84672,3695.15,0,36.966,0.320335,0.822917,2.02059,2.21273,1.47602,3.25989,0.42336,36.966,0.42336,423.524,0,1.02816,0,0,1.85108,0.822917,1.028160,1,0,33.8398,0,0,0,33.8398,0
61.2474,2.51576,0,0,1.88564,0.0573442,0.36288,3.6288,61.308,0.531461,0,0,0.908764,0.345472,0.0318314,0.66528,12.849,1,0.51888,0.36288,0,34.6075,5.79779,28.6537,0.84672,12.849,0.84672,3695.15,0,36.966,0.320447,0.806423,2.02091,2.22,1.47602,3.25087,0.42336,36.966,0.42336,423.524,0,1.02816,0,0,1.83458,0.806423,1.028160,1,0,31.9364,0,0,0,31.9364,0
60.463,2.48125,0,0,2.08345,0.0236886,0.36288,3.6288,61.308,0.497697,0,0,0.949294,0.342368,0.109228,0.66528,12.849,1,0.520538,0.36288,0,33.3996,5.52414,27.7178,0.84672,12.849,0.84672,3695.15,0,36.966,0.300089,0.799727,2.02123,2.53354,1.43582,3.61859,0.42336,36.966,0.42336,423.524,0,1.02816,0,0,1.82789,0.799727,1.028160,1,0,31.4457,0,0,0,31.4457,0
59.7582,2.47608,0,0,2.18079,0.0466074,0.36288,3.6288,61.308,0.497878,0,0,1.07368,0.286274,0.289532,0.66528,12.849,1,0.526191,0.36288,0,32.0457,3.88716,27.9952,0.84672,12.849,0.84672,3695.15,0,36.966,0.300198,0.816022,1.97326,2.69375,1.05831,4.12453,0.42336,36.966,0.42336,423.524,0,1.02816,0,0,1.84418,0.816022,1.028160,1,0,32.4093,0,0,0,32.4093,0
59.2682,2.47136,0,0,2.45716,0.112954,0.36288,3.6288,61.308,0.498058,0,0,1.50393,0.253344,0.752528,0.66528,12.849,1,0.531382,0.36288,0,30.9005,3.03072,27.7013,0.84672,12.849,0.84672,3695.15,0,36.966,0.300307,1.37556,1.97357,3.59737,0.871293,5.77491,0.42336,36.966,0.42336,423.524,0,1.02816,0,0,2.40372,1.37556,1.028160,1,0,34.2287,0,0,0,34.2287,0
58.627,2.46814,0,0,2.30503,0.115198,0.36288,3.6288,61.308,0.498238,0,0,1.52791,0.25435,0.775326,0.66528,12.849,1,0.535078,0.36288,0,38.0337,3.04699,34.8145,0.84672,12.849,0.84672,3695.15,0,36.966,0.300415,1.30405,1.97389,3.63984,0.880612,5.73675,0.42336,36.966,0.42336,423.524,0,1.02816,0,0,2.33221,1.30405,1.028160,1,0,41.3266,0,0,0,41.3266,0
58.3374,2.40008,0,0,2.5878,0.114487,0.36288,3.6288,61.308,0.445975,0,0,1.90286,0.25435,1.20254,0.66528,12.849,1,0.526015,0.36288,0,61.19,3.04699,57.9799,0.84672,12.849,0.84672,3695.15,0,36.966,0.268903,1.75699,1.9742,4.63372,0.880612,7.21539,0.42336,36.966,0.42336,423.524,0,1.02816,0,0,2.78515,1.75699,1.028160,1,0,66.3978,0,0,0,66.3978,0
56.9288,2.39832,0,0,1.48467,0.132092,0.36288,3.6288,61.308,0.446147,0,0,0.976988,0.219274,0.311567,0.66528,12.849,1,0.528238,0.36288,0,28.99,3.89057,24.934,0.84672,12.849,0.84672,3695.15,0,36.966,0.269007,0.34325,1.89502,2.9893,1.06374,3.89483,0.42336,36.966,0.42336,423.524,0,1.02816,0,0,1.37141,0.34325,1.028160,1,0,29.1404,0,0,0,29.1404,0
56.2962,2.38804,0,0,2.24867,0.130284,0.36288,3.6288,61.308,0.446319,0,0,1.86186,0.219274,1.19627,0.66528,12.849,1,0.538987,0.36288,0,31.7432,3.89057,27.6765,0.84672,12.849,0.84672,3695.15,0,36.966,0.26911,1.48697,1.89532,4.36279,1.06374,6.41223,0.42336,36.966,0.42336,423.524,0,1.02816,0,0,2.51513,1.48697,1.028160,1,0,35.285,0,0,0,35.285,0
54.8029,2.38348,0,0,1.39185,0.138796,0.36288,3.6288,61.308,0.446491,0,0,1.24679,0.222723,0.577577,0.66528,12.849,1,0.544004,0.36288,0,26.3957,3.94855,22.266,0.84672,12.849,0.84672,3695.15,0,36.966,0.269214,1.01228,1.89562,4.32086,1.07728,5.88227,0.42336,36.966,0.42336,423.524,0,1.02816,0,0,2.04044,1.01228,1.028160,1,0,28.7259,0,0,0,28.7259,0
56.1609,2.19322,0,0,4.10591,0.191855,0.36288,3.6288,61.308,0.337369,0,0,1.69347,0.243419,1.11268,0.66528,12.849,1,0.514219,0.36288,0,76.2339,4.2965,71.7861,0.84672,12.849,0.84672,3695.15,0,36.966,0.203418,1.30878,1.89592,6.25821,1.15851,8.10098,0.42336,36.966,0.42336,423.524,0,1.02816,0,0,2.33694,1.30878,1.028160,1,0,80.9997,0,0,0,80.9997,0
57.1818,2.08542,0,0,3.68509,0.215839,0.36288,3.6288,61.308,0.428189,0,0,1.299,0.246376,0.624433,0.66528,12.849,1,0.477121,0.36288,0,65.9599,4.52825,61.3174,0.84672,12.849,0.84672,3695.15,0,36.966,0.258179,2.03927,1.71954,4.69514,1.15855,7.03723,0.42336,36.966,0.42336,423.524,0,1.02816,0,0,3.06743,2.03927,1.028160,1,0,68.9791,0,0,0,68.9791,0
57.772,2.09292,0,0,3.2726,0.226658,0.36288,3.6288,61.308,0.428189,0,0,1.8858,0.247559,1.21005,0.66528,12.849,1,0.470289,0.36288,0,64.6888,4.62094,59.9605,0.84672,12.849,0.84672,3695.15,0,36.966,0.258179,2.74041,1.80486,7.41057,1.15856,10.5391,0.42336,36.966,0.42336,423.524,0,1.02816,0,0,3.76857,2.74041,1.028160,1,0,71.7096,0,0,0,71.7096,0
57.1311,2.09741,0,0,2.04265,0.22322,0.36288,3.6288,61.308,0.428189,0,0,0.876877,0.230394,0.218294,0.66528,12.849,1,0.466482,0.36288,0,38.7532,4.3085,34.3411,0.84672,12.849,0.84672,3695.15,0,36.966,0.258179,1.02544,1.80499,3.89469,1.06871,5.39824,0.42336,36.966,0.42336,423.524,0,1.02816,0,0,2.0536,1.02544,1.028160,1,0,39.9576,0,0,0,39.9576,0
56.342,2.09369,0,0,1.87745,0.210015,0.36288,3.6288,61.308,0.428189,0,0,0.812682,0.187481,0.197012,0.66528,12.849,1,0.470878,0.36288,0,39.4008,3.52737,35.7654,0.84672,12.849,0.84672,3695.15,0,36.966,0.258179,0.555984,1.80512,3.62263,0.844068,4.88149,0.42336,36.966,0.42336,423.524,0,1.02816,0,0,1.58414,0.555984,1.028160,1,0,40.8439,0,0,0,40.8439,0
55.3769,2.08852,0,0,1.7006,0.214292,0.36288,3.6288,61.308,0.428034,0,0,1.30436,0.192053,0.684276,0.66528,12.849,1,0.476295,0.36288,0,50.7374,3.46722,47.1567,0.84672,12.849,0.84672,3695.15,0,36.966,0.258086,0.84024,1.80524,4.15142,0.851575,5.68725,0.42336,36.966,0.42336,423.524,0,1.02816,0,0,1.8684,0.84024,1.028160,1,0,53.5283,0,0,0,53.5283,0
55.404,2.15102,0,0,2.76787,0.22687,0.36288,3.6288,61.308,0.45986,0,0,1.85693,0.203485,1.19359,0.66528,12.849,1,0.499098,0.36288,0,96.1589,3.31685,92.7058,0.84672,12.849,0.84672,3695.15,0,36.966,0.277275,2.11708,1.8051,5.16358,0.870342,7.93813,0.42336,36.966,0.42336,423.524,0,1.02816,0,0,3.14524,2.11708,1.028160,1,0,101.838,0,0,0,101.838,0
58.7309,2.19298,0,0,6.10968,0.226932,0.36288,3.6288,61.308,0.428188,0,0,2.39524,0.203485,1.76357,0.66528,12.849,1,0.508583,0.36288,0,104.387,3.31685,100.924,0.84672,12.849,0.84672,3695.15,0,36.966,0.258178,3.1854,1.8605,8.73452,0.870342,12.6519,0.42336,36.966,0.42336,423.524,0,1.02816,0,0,4.21356,3.1854,1.028160,1,0,115.34,0,0,0,115.34,0
64.916,2.21716,0,0,8.95196,0.186815,0.36288,3.6288,61.308,0.428188,0,0,2.93528,0.182573,2.32452,0.66528,12.849,1,0.485065,0.36288,0,184.623,3.07907,181.422,0.84672,12.849,0.84672,3695.15,0,36.966,0.258178,4.17693,1.83091,11.8418,0.849592,16.7418,0.42336,36.966,0.42336,423.524,0,1.02816,0,0,5.20509,4.17693,1.028160,1,0,200.488,0,0,0,200.488,0
67.8214,2.2563,0,0,5.71319,0.188587,0.36288,3.6288,61.308,0.428188,0,0,3.02377,0.179088,2.41649,0.66528,12.849,1,0.446596,0.36288,0,206.561,3.03944,203.438,0.84672,12.849,0.84672,3695.15,0,36.966,0.258178,3.3965,1.83104,11.8806,0.846133,16.0038,0.42336,36.966,0.42336,423.524,0,1.02816,0,0,4.42466,3.3965,1.028160,1,0,221.858,0,0,0,221.858,0
70.3514,2.50224,0,0,5.62362,0.228479,0.36288,3.6288,61.308,0.547159,0,0,2.56268,0.169599,1.84592,0.66528,12.849,1,0.474058,0.36288,0,177.168,4.01868,173.038,0.84672,12.849,0.84672,3695.15,0,36.966,0.329912,3.30484,1.83117,10.7209,1.02143,14.5055,0.42336,36.966,0.42336,423.524,0,1.02816,0,0,4.333,3.30484,1.028160,1,0,189.389,0,0,0,189.389,0
72.29,2.59534,0,0,6.40821,0.263138,1.61117,3.6288,61.308,0.48957,0,0,2.78677,0.198605,2.0986,0.66528,12.849,1,0.474013,1.61117,0,144.927,4.40507,141.659,0.84672,12.849,0.84672,3695.15,0,36.966,0.295189,4.29024,2.02974,11.5187,1.12854,16.4149,0.42336,36.966,0.42336,423.524,0,1.02816,0,0,5.3184,4.29024,1.028160,1,0,160.173,0,0,0,160.173,0
72.29,2.60653,0,0,5.05844,0.267066,2.18485,3.6288,61.308,0.489741,0,0,2.21917,0.198605,1.53082,0.66528,12.849,1,0.46329,2.18485,0,132.432,4.40507,129.749,0.84672,12.849,0.84672,3695.15,0,36.966,0.295292,3.1597,1.97586,9.41134,1.12854,13.1231,0.42336,36.966,0.42336,423.524,0,1.02816,0,0,4.18786,3.1597,1.028160,1,0,144.403,0,0,0,144.403,0
72.29,2.60692,0,0,4.45821,0.262818,1.58848,3.6288,61.308,0.489913,0,0,2.09449,0.170084,1.43449,0.66528,12.849,1,0.463361,1.58848,0,105.827,3.38602,103.566,0.84672,12.849,0.84672,3695.15,0,36.966,0.295396,2.73442,1.97616,8.68533,0.941982,12.1585,0.42336,36.966,0.42336,423.524,0,1.02816,0,0,3.76258,2.73442,1.028160,1,0,117.159,0,0,0,117.159,0
72.29,2.27682,0,0,7.89071,0.317026,5.29686,3.6288,61.308,0.330327,0,0,9.36218,0.164669,8.86719,0.66528,12.849,1,0.404688,5.29686,0,192.577,3.92513,193.544,0.84672,12.849,0.84672,3695.15,0,36.966,0.199172,8.34786,1.97646,15.4471,0.970487,24.6017,0.42336,36.966,0.42336,423.524,0,1.02816,0,0,9.37602,8.34786,1.028160,1,0,227.013,0,0,0,227.013,0
72.29,2.14418,0,0,7.55983,0.326592,5.08905,3.6288,61.308,0.428182,0,0,9.22139,0.167332,8.62587,0.66528,12.849,1,0.381112,5.08905,0,169.428,4.14235,169.993,0.84672,12.849,0.84672,3695.15,0,36.966,0.258175,6.64373,1.70596,14.5077,0.998558,21.6006,0.42336,36.966,0.42336,423.524,0,1.02816,0,0,7.67189,6.64373,1.028160,1,0,200.22,0,0,0,200.22,0
72.29,2.14473,0,0,7.8427,0.326592,5.37138,3.6288,61.308,0.428182,0,0,8.51291,0.167332,7.91739,0.66528,12.849,1,0.381209,5.37138,0,178.139,4.14235,178.986,0.84672,12.849,0.84672,3695.15,0,36.966,0.258175,6.96349,1.79788,16.3837,0.998558,23.8883,0.42336,36.966,0.42336,423.524,0,1.02816,0,0,7.99165,6.96349,1.028160,1,0,210.792,0,0,0,210.792,0
72.29,2.14528,0,0,7.21086,0.258623,4.80696,3.6288,61.308,0.428182,0,0,7.43403,0.131234,6.87461,0.66528,12.849,1,0.381306,4.80696,0,178.018,3.61919,178.824,0.84672,12.849,0.84672,3695.15,0,36.966,0.258175,6.56312,1.798,15.3917,0.923405,22.5712,0.42336,36.966,0.42336,423.524,0,1.02816,0,0,7.59128,6.56312,1.028160,1,0,208.27,0,0,0,208.27,0
72.29,2.14582,0,0,6.87882,0.332541,4.40046,3.6288,61.308,0.428182,0,0,6.24519,0.148795,5.66821,0.66528,12.849,1,0.381403,4.40046,0,192.389,4.29868,192.109,0.84672,12.849,0.84672,3695.15,0,36.966,0.258175,5.23764,1.79812,13.413,0.969606,19.221,0.42336,36.966,0.42336,423.524,0,1.02816,0,0,6.2658,5.23764,1.028160,1,0,216.998,0,0,0,216.998,0
72.29,2.22962,0,0,6.74698,0.344949,4.17241,3.6288,61.308,0.467294,0,0,11.7903,0.162806,11.1602,0.66528,12.849,1,0.396298,4.17241,0,204.207,4.45589,203.527,0.84672,12.849,0.84672,3695.15,0,36.966,0.281758,7.44441,1.79824,14.0241,0.931583,22.0534,0.42336,36.966,0.42336,423.524,0,1.02816,0,0,8.47257,7.44441,1.028160,1,0,236.741,0,0,0,236.741,0
72.29,2.28341,0,0,6.31707,0.344949,3.68871,3.6288,61.308,0.428188,0,0,15.882,0.162806,15.2911,0.66528,12.849,1,0.405859,3.68871,0,230.304,4.45589,229.13,0.84672,12.849,0.84672,3695.15,0,36.966,0.258178,10.6174,1.86517,16.3903,0.931583,27.683,0.42336,36.966,0.42336,423.524,0,1.02816,0,0,11.6455,10.6174,1.028160,1,0,272.105,0,0,0,272.105,0
72.29,2.28398,0,0,5.36413,0.327093,2.75305,3.6288,61.308,0.428188,0,0,6.24487,0.172321,5.64436,0.66528,12.849,1,0.40596,2.75305,0,170.79,4.57223,168.565,0.84672,12.849,0.84672,3695.15,0,36.966,0.258178,5.05979,1.82861,11.9321,0.954484,17.6079,0.42336,36.966,0.42336,423.524,0,1.02816,0,0,6.08795,5.05979,1.028160,1,0,191.817,0,0,0,191.817,0
72.29,2.28455,0,0,6.10751,0.296064,3.5269,3.6288,61.308,0.428188,0,0,7.25844,0.18604,6.64421,0.66528,12.849,1,0.406061,3.5269,0,181.291,4.5369,179.875,0.84672,12.849,0.84672,3695.15,0,36.966,0.258178,6.11599,1.82874,12.8473,1.0302,19.5036,0.42336,36.966,0.42336,423.524,0,1.02816,0,0,7.14415,6.11599,1.028160,1,0,206.023,0,0,0,206.023,0
72.29,2.25254,0,0,4.89668,0.302888,2.34125,3.6288,61.308,0.412988,0,0,2.48546,0.228486,1.84399,0.66528,12.849,1,0.400372,2.34125,0,134.564,4.62403,131.881,0.84672,12.849,0.84672,3695.15,0,36.966,0.249013,4.47856,1.82886,8.34401,1.07384,13.3286,0.42336,36.966,0.42336,423.524,0,1.02816,0,0,5.50672,4.47856,1.028160,1,0,147.053,0,0,0,147.053,0
72.29,2.23242,0,0,4.15496,0.236908,1.68563,3.6288,61.308,0.428186,0,0,2.88704,0.208112,2.25074,0.66528,12.849,1,0.396795,1.68563,0,120.948,3.54007,118.697,0.84672,12.849,0.84672,3695.15,0,36.966,0.258177,4.03333,1.80297,6.90633,0.949108,11.5354,0.42336,36.966,0.42336,423.524,0,1.02816,0,0,5.06149,4.03333,1.028160,1,0,132.483,0,0,0,132.483,0
72.29,2.23298,0,0,3.65673,0.236908,1.18685,3.6288,61.308,0.428186,0,0,3.21642,0.208112,2.58012,0.66528,12.849,1,0.396895,1.18685,0,98.3163,3.54007,95.5662,0.84672,12.849,0.84672,3695.15,0,36.966,0.258177,4.45306,1.81735,7.40006,0.949108,12.4632,0.42336,36.966,0.42336,423.524,0,1.02816,0,0,5.48122,4.45306,1.028160,1,0,110.609,0,0,0,110.609,0
72.29,2.23354,0,0,4.42123,0.236908,1.95078,3.6288,61.308,0.428186,0,0,3.70723,0.208112,3.07093,0.66528,12.849,1,0.396994,1.95078,0,118.409,3.54007,116.422,0.84672,12.849,0.84672,3695.15,0,36.966,0.258177,5.19618,1.81748,9.34317,0.949108,15.1495,0.42336,36.966,0.42336,423.524,0,1.02816,0,0,6.22434,5.19618,1.028160,1,0,134.643,0,0,0,134.643,0
72.29,2.34472,0,0,3.40359,0.199831,0.859037,3.6288,61.308,0.482122,0,0,2.25576,0.234012,1.53962,0.66528,12.849,1,0.416756,0.859037,0,81.3033,4.0836,77.6619,0.84672,12.849,0.84672,3695.15,0,36.966,0.290698,4.01489,1.8176,6.7095,1.00294,11.2483,0.42336,36.966,0.42336,423.524,0,1.02816,0,0,5.04305,4.01489,1.028160,1,0,90.4499,0,0,0,90.4499,0
72.29,2.41871,0,0,3.4904,0.185001,0.886688,3.6288,61.308,0.428194,0,0,2.31291,0.244372,1.64034,0.66528,12.849,1,0.429907,0.886688,0,72.6227,4.30101,68.7784,0.84672,12.849,0.84672,3695.15,0,36.966,0.258182,3.73,1.90894,6.31898,1.02448,10.6753,0.42336,36.966,0.42336,423.524,0,1.02816,0,0,4.75816,3.73,1.028160,1,0,81.094,0,0,0,81.094,0
72.29,2.41929,0,0,3.00422,0.185001,0.399928,3.6288,61.308,0.428194,0,0,1.55739,0.244372,0.88482,0.66528,12.849,1,0.430011,0.399928,0,73.8945,4.30101,69.5634,0.84672,12.849,0.84672,3695.15,0,36.966,0.258182,2.52621,1.85848,5.57845,1.02448,8.68048,0.42336,36.966,0.42336,423.524,0,1.02816,0,0,3.55437,2.52621,1.028160,1,0,79.1287,0,0,0,79.1287,0
72.1447,2.41988,0,0,2.7923,0.154847,0.36288,3.6288,61.308,0.428194,0,0,1.54246,0.246206,0.868065,0.66528,12.849,1,0.430116,0.36288,0,73.7234,4.59315,69.063,0.84672,12.849,0.84672,3695.15,0,36.966,0.258182,2.36309,1.85861,5.38027,1.13448,8.20931,0.42336,36.966,0.42336,423.524,0,1.02816,0,0,3.39125,2.36309,1.028160,1,0,78.1404,0,0,0,78.1404,0
71.8994,2.41973,0,0,2.66856,0.131274,0.36288,3.6288,61.308,0.428194,0,0,1.28633,0.255048,0.603091,0.66528,12.849,1,0.430956,0.36288,0,68.1324,4.54014,63.5242,0.84672,12.849,0.84672,3695.15,0,36.966,0.258182,1.63324,1.85874,4.28317,1.18271,6.33426,0.42336,36.966,0.42336,423.524,0,1.02816,0,0,2.6614,1.63324,1.028160,1,0,70.4616,0,0,0,70.4616,0
71.8469,2.3972,0,0,2.83755,0.129948,0.36288,3.6288,61.308,0.45786,0,0,1.31268,0.265004,0.58982,0.66528,12.849,1,0.428399,0.36288,0,61.4306,4.17732,57.1877,0.84672,12.849,0.84672,3695.15,0,36.966,0.27607,1.76729,1.85887,3.72709,1.13702,5.94017,0.42336,36.966,0.42336,423.524,0,1.02816,0,0,2.79545,1.76729,1.028160,1,0,63.7177,0,0,0,63.7177,0
71.6625,2.42078,0,0,2.72443,0.125128,0.36288,3.6288,61.308,0.440758,0,0,1.26198,0.272776,0.548441,0.66528,12.849,1,0.432928,0.36288,0,57.6629,4.28591,53.307,0.84672,12.849,0.84672,3695.15,0,36.966,0.265758,1.79531,1.89091,3.77791,1.17377,6.0246,0.42336,36.966,0.42336,423.524,0,1.02816,0,0,2.82347,1.79531,1.028160,1,0,59.88,0,0,0,59.88,0
71.1796,2.4202,0,0,2.3967,0.0965895,0.36288,3.6288,61.308,0.440923,0,0,1.19419,0.31673,0.436534,0.66528,12.849,1,0.433939,0.36288,0,54.5556,5.07302,49.4115,0.84672,12.849,0.84672,3695.15,0,36.966,0.265857,1.44059,1.875,3.62593,1.44456,5.2311,0.42336,36.966,0.42336,423.524,0,1.02816,0,0,2.46875,1.44059,1.028160,1,0,55.0791,0,0,0,55.0791,0
70.597,2.41807,0,0,2.29516,0.0967442,0.36288,3.6288,61.308,0.441087,0,0,1.16003,0.310031,0.408914,0.66528,12.849,1,0.436499,0.36288,0,50.0325,5.41202,44.5469,0.84672,12.849,0.84672,3695.15,0,36.966,0.265956,1.63572,1.87528,3.58106,1.5703,5.2558,0.42336,36.966,0.42336,423.524,0,1.02816,0,0,2.66388,1.63572,1.028160,1,0,50.2116,0,0,0,50.2116,0
69.5842,2.47176,0,0,1.90633,0.0845625,0.36288,3.6288,61.308,0.467706,0,0,0.843722,0.317546,0.0584699,0.66528,12.849,1,0.449872,0.36288,0,42.6693,5.80482,36.7775,0.84672,12.849,0.84672,3695.15,0,36.966,0.282006,0.384515,1.87556,2.34152,1.45494,2.86466,0.42336,36.966,0.42336,423.524,0,1.02816,0,0,1.41267,0.384515,1.028160,1,0,39.7006,0,0,0,39.7006,0
68.5303,2.46661,0,0,1.85952,0.0839042,0.36288,3.6288,61.2999,0.467874,0,0,0.777367,0.317546,0,0.66528,12.849,1,0.455469,0.36288,0,42.6146,5.80482,36.7171,0.84672,12.849,0.84672,3695.15,0,36.966,0.282108,0.510546,1.9211,2.50911,1.45494,3.20371,0.42336,36.966,0.42336,423.524,0,1.02816,0,0,1.53871,0.510546,1.028160,1,0,39.9209,0,0,0,39.9209,0
67.3632,2.46108,0,0,1.74008,0.0832192,0.36288,3.6288,61.234,0.46802,0,0,0.719556,0.31753,0,0.66528,12.849,1,0.461437,0.36288,0,38.4702,5.80482,32.5668,0.84672,12.849,0.84672,3695.15,0,36.966,0.282232,0.444528,1.92139,2.23935,1.45494,2.8681,0.42336,36.966,0.42336,423.524,0,1.02816,0,0,1.47269,0.444528,1.028160,1,0,35.4349,0,0,0,35.4349,0
66.0606,2.45474,0,0,1.59748,0.0824606,0.36288,3.6288,61.1602,0.467998,0,0,0.711668,0.317397,0,0.66528,12.849,1,0.468223,0.36288,0,35.1664,5.80482,29.2563,0.84672,12.849,0.84672,3695.15,0,36.966,0.282523,0.323542,1.92168,2.19018,1.45494,2.69794,0.42336,36.966,0.42336,423.524,0,1.02816,0,0,1.3517,0.323542,1.028160,1,0,31.9542,0,0,0,31.9542,0
64.6656,2.55928,0,0,1.58844,0.0612708,0.36288,3.6288,61.0444,0.539637,0,0,0.739928,0.316138,0,0.66528,12.849,1,0.497788,0.36288,0,32.599,6.22971,26.2344,0.84672,12.849,0.84672,3695.15,0,36.966,0.326163,0.568184,1.92197,2.52231,1.49792,3.18839,0.42336,36.966,0.42336,423.524,0,1.02816,0,0,1.59634,0.568184,1.028160,1,0,29.4227,0,0,0,29.4227,0
62.8452,2.55071,0,0,1.15482,0.061663,0.36288,3.6288,60.7571,0.53943,0,0,0.558179,0.306023,0,0.66528,12.849,1,0.506824,0.36288,0,26.772,6.28666,20.3414,0.84672,12.849,0.84672,3695.15,0,36.966,0.326657,0.252729,2.03617,1.6852,1.47787,2.16957,0.42336,36.966,0.42336,423.524,0,1.02816,0,0,1.28089,0.252729,1.028160,1,0,22.511,0,0,0,22.511,0
61.0616,2.5389,0,0,1.17895,0.0607589,0.36288,3.6288,60.4452,0.541039,0,0,0.534565,0.305466,0,0.66528,12.849,1,0.519091,0.36288,0,24.6998,6.28666,18.2569,0.84672,12.849,0.84672,3695.15,0,36.966,0.32918,0.204422,2.03648,1.72764,1.47787,2.16149,0.42336,36.966,0.42336,423.524,0,1.02432,0,0,1.22874,0.204422,1.028160,1,0,20.4184,0,0,0,20.4184,0
59.8643,2.52676,0,0,1.75694,0.0645298,0.36288,3.6288,60.2365,0.537777,0,0,0.63287,0.303795,0,0.66528,12.849,1,0.531699,0.36288,0,31.795,6.25698,25.3692,0.84672,12.849,0.84672,3695.15,0,36.966,0.328885,0.452157,2.03679,1.89344,1.47423,2.57927,0.42336,36.966,0.42336,423.524,0,1.02816,0,0,1.48032,0.452157,1.028160,1,0,27.9485,0,0,0,27.9485,0
59.216,2.51839,0,0,2.33067,0.0977834,0.36288,3.6288,60.2007,0.537249,0,0,0.790767,0.289321,0,0.66528,12.849,1,0.540535,0.36288,0,40.1944,6.11676,33.9,0.84672,12.849,0.84672,3695.15,0,36.966,0.3297,0.462992,2.03709,2.32444,1.47978,3.01504,0.42336,36.966,0.42336,423.524,0,1.02816,0,0,1.49115,0.462992,1.028160,1,0,36.915,0,0,0,36.915,0
57.2481,2.4863,0,0,1.00189,0.120532,0.36288,3.6288,59.8771,0.561032,0,0,0.510835,0.273312,0,0.66528,12.849,1,0.53949,0.36288,0,30.8903,6.07782,24.6359,0.84672,12.849,0.84672,3695.15,0,36.966,0.3445,0.204422,2.0374,1.78299,1.55009,2.13023,0.42336,36.966,0.42336,423.524,0,0.935012,0,0,1.13943,0.204422,1.028160,1,0,26.7661,0,0,0,26.7661,0
56.2923,2.47153,0,0,1.99681,0.118246,0.36288,3.6288,59.9488,0.502461,0,0,0.846835,0.272749,0,0.66528,12.849,1,0.554719,0.36288,0,33.177,6.07782,26.9073,0.84672,12.849,0.84672,3695.15,0,36.966,0.310202,1.18062,1.98904,2.91665,1.55009,4.22602,0.42336,36.966,0.42336,423.524,0,1.02816,0,0,2.20878,1.18062,1.028160,1,0,31.1334,0,0,0,31.1334,0
54.2454,2.46423,0,0,0.897376,0.117136,0.36288,3.6288,59.643,0.528458,0,0,0.495563,0.272874,0,0.66528,12.849,1,0.562473,0.36288,0,28.4909,6.07782,22.2135,0.84672,12.849,0.84672,3695.15,0,36.966,0.325861,0.216518,1.98934,1.5767,1.55009,1.90661,0.42336,36.966,0.42336,423.524,0,0.986783,0,0,1.2033,0.216518,1.028160,1,0,24.1201,0,0,0,24.1201,0
52.3359,2.44744,0,0,1.01551,0.114759,0.36288,3.6288,59.3804,0.571194,0,0,0.580906,0.272342,0,0.66528,12.849,1,0.579721,0.36288,0,22.8713,6.07782,16.5766,0.84672,12.849,0.84672,3695.15,0,36.966,0.354019,0.216518,1.98964,1.75575,1.55009,2.0578,0.42336,36.966,0.42336,423.524,0,0.916168,0,0,1.13269,0.216518,1.028160,1,0,18.6344,0,0,0,18.6344,0
50.2488,2.36804,0,0,0.882032,0.238159,0.36288,3.6288,59.2705,0.449154,0,0,0.576515,0.237187,0,0.66528,12.849,1,0.581377,0.36288,0,24.9365,5.14279,19.5752,0.84672,12.849,0.84672,3695.15,0,36.966,0.279612,0.279357,1.98994,1.62263,1.24975,2.36257,0.42336,36.966,0.42336,423.524,0,1.02816,0,0,1.30752,0.279357,1.028160,1,0,21.9378,0,0,0,21.9378,0
48.3108,2.34916,0,0,1.00222,0.228179,0.36288,3.6288,59.2595,0.448999,0,0,0.672173,0.234235,0,0.66528,12.849,1,0.600698,0.36288,0,31.5207,5.1975,26.0854,0.84672,12.849,0.84672,3695.15,0,36.966,0.280033,0.475425,1.91012,3.00356,1.23138,3.87769,0.42336,36.966,0.42336,423.524,0,1.02816,0,0,1.50358,0.475425,1.028160,1,0,29.9631,0,0,0,29.9631,0
46.8091,2.33048,0,0,1.44141,0.249745,0.36288,3.6288,59.4627,0.449131,0,0,0.877012,0.224654,0,0.66528,12.849,1,0.619827,0.36288,0,47.2906,4.91154,42.1221,0.84672,12.849,0.84672,3695.15,0,36.966,0.280168,0.776261,1.91041,2.86079,1.18985,4.07744,0.42336,36.966,0.42336,423.524,0,1.02816,0,0,1.80442,0.776261,1.028160,1,0,46.1996,0,0,0,46.1996,0
46.8407,2.31523,0,0,2.97474,0.265038,0.36288,3.6288,60.2963,0.449886,0,0,1.50123,0.217764,0,0.66528,12.849,1,0.635525,0.36288,0,52.2148,4.69707,47.2451,0.84672,12.849,0.84672,3695.15,0,36.966,0.279679,1.51609,1.9107,4.82246,1.1587,6.81087,0.42336,36.966,0.42336,423.524,0,1.02816,0,0,2.54425,1.51609,1.028160,1,0,54.056,0,0,0,54.056,0
45.6817,2.1415,0,0,1.59955,0.25422,0.36288,3.6288,60.4013,0.342977,0,0,0.683616,0.235661,0,0.66528,12.849,1,0.587441,0.36288,0,38.3436,4.57602,33.543,0.84672,12.849,0.84672,3695.15,0,36.966,0.21027,0.690336,1.91099,2.7666,1.18827,3.96939,0.42336,36.966,0.42336,423.524,0,1.02816,0,0,1.7185,0.690336,1.028160,1,0,37.5124,0,0,0,37.5124,0
44.3532,2.02649,0,0,1.31498,0.254045,0.36288,3.6288,60.2733,0.42578,0,0,0.541947,0.244164,0,0.66528,12.849,1,0.569996,0.36288,0,38.5429,4.36013,33.9756,0.84672,12.849,0.84672,3695.15,0,36.966,0.26058,0.781903,1.7332,3.12067,1.19228,4.18291,0.42336,36.966,0.42336,423.524,0,1.02816,0,0,1.81006,0.781903,1.028160,1,0,38.1585,0,0,0,38.1585,0
43.2822,2.01376,0,0,1.55587,0.250267,0.36288,3.6288,60.3229,0.425437,0,0,0.719015,0.243966,0,0.66528,12.849,1,0.58338,0.36288,0,45.6481,4.36013,41.0674,0.84672,12.849,0.84672,3695.15,0,36.966,0.260923,1.26077,1.81122,3.88704,1.19228,5.50583,0.42336,36.966,0.42336,423.524,0,1.02816,0,0,2.28893,1.26077,1.028160,1,0,46.5733,0,0,0,46.5733,0
42.0391,2.00313,0,0,1.37017,0.247221,0.36288,3.6288,60.187,0.42557,0,0,0.533757,0.244043,0,0.66528,12.849,1,0.594661,0.36288,0,32.1535,4.36013,27.5616,0.84672,12.849,0.84672,3695.15,0,36.966,0.26079,0.537088,1.81134,4.49693,1.19228,5.39229,0.42336,36.966,0.42336,423.524,0,1.02816,0,0,1.56525,0.537088,1.028160,1,0,32.9539,0,0,0,32.9539,0
41.0324,1.99016,0,0,1.57118,0.224895,0.36288,3.6288,60.3629,0.425205,0,0,0.805624,0.204523,0,0.66528,12.849,1,0.608281,0.36288,0,41.4479,3.64329,37.5592,0.84672,12.849,0.84672,3695.15,0,36.966,0.261155,0.976398,1.81146,3.80233,1.01033,5.31871,0.42336,36.966,0.42336,423.524,0,1.02816,0,0,2.00456,0.976398,1.028160,1,0,42.8779,0,0,0,42.8779,0
41.3684,2.04445,0,0,2.97156,0.228192,0.36288,3.6288,60.6323,0.457411,0,0,0.972432,0.245675,0,0.66528,12.849,1,0.640203,0.36288,0,71.8312,5.24034,66.3136,0.84672,12.849,0.84672,3695.15,0,36.966,0.280117,0.444079,1.81159,2.98868,1.49286,3.47137,0.42336,36.966,0.42336,423.524,0,1.02816,0,0,1.47224,0.444079,1.028160,1,0,69.7849,0,0,0,69.7849,0
41.3662,2.08795,0,0,2.67773,0.229097,0.36288,3.6288,60.6887,0.562725,0,0,0.865201,0.246096,0,0.66528,12.849,1,0.648516,0.36288,0,57.7414,5.24034,52.2154,0.84672,12.849,0.84672,3695.15,0,36.966,0.34308,0.503194,1.86727,2.40065,1.49286,2.93518,0.42336,36.966,0.42336,423.524,0,0.808713,0,0,1.31191,0.503194,1.028160,1,0,55.1506,0,0,0,55.1506,0
43.3374,2.08842,0,0,4.65153,0.229091,0.36288,3.6288,60.8614,0.501277,0,0,0.920212,0.246184,0,0.66528,12.849,1,0.648695,0.36288,0,59.34,5.24034,53.8139,0.84672,12.849,0.84672,3695.15,0,36.966,0.305332,0.503194,1.83745,2.55587,1.49286,3.09831,0.42336,36.966,0.42336,423.524,0,0.907908,0,0,1.4111,0.503194,1.028160,1,0,56.9122,0,0,0,56.9122,0
42.8498,2.11167,0,0,2.24247,0.255503,0.36288,3.6288,61.1336,0.44443,0,0,0.950659,0.234083,0,0.66528,12.849,1,0.626085,0.36288,0,44.5172,4.55674,39.6972,0.84672,12.849,0.84672,3695.15,0,36.966,0.269938,0.503194,1.83757,2.04255,1.28224,2.83114,0.42336,36.966,0.42336,423.524,0,1.00015,0,0,1.50334,0.503194,1.028160,1,0,42.5284,0,0,0,42.5284,0
42.7837,2.31816,0,0,2.87909,0.264148,0.36288,3.6288,61.308,0.547504,0,0,1.02181,0.219743,0.0801151,0.66528,12.849,1,0.695127,0.36288,0,40.9529,4.25143,36.3692,0.84672,12.849,0.84672,3695.15,0,36.966,0.331062,0.579563,1.83769,2.24996,1.19263,3.14352,0.42336,36.966,0.42336,423.524,0,1.02816,0,0,1.60772,0.579563,1.028160,1,0,39.5929,0,0,0,39.5929,0
42.5278,2.37904,0,0,2.74285,0.256793,0.36288,3.6288,61.308,0.655533,0,0,0.884978,0.220699,0.00874589,0.66528,12.849,1,0.714485,0.36288,0,39.4415,4.49389,34.596,0.84672,12.849,0.84672,3695.15,0,36.966,0.395257,0.503194,2.03783,1.881,1.26912,2.75765,0.42336,36.966,0.42336,423.524,0,0.776408,0,0,1.2796,0.503194,1.028160,1,0,37.3624,0,0,0,37.3624,0
44.3381,2.37609,0,0,4.8053,0.256033,0.36288,3.6288,61.308,0.498644,0,0,1.3327,0.220699,0.61336,0.66528,12.849,1,0.717891,0.36288,0,94.3862,4.49389,89.5373,0.84672,12.849,0.84672,3695.15,0,36.966,0.30066,0.674412,1.99142,5.49934,1.26912,6.5954,0.42336,36.966,0.42336,423.524,0,1.02816,0,0,1.70257,0.674412,1.028160,1,0,96.7461,0,0,0,96.7461,0
45.9023,2.39916,0,0,4.58732,0.261098,0.36288,3.6288,61.308,0.498809,0,0,1.27676,0.173679,0.60427,0.66528,12.849,1,0.695266,0.36288,0,109.13,4.09889,104.699,0.84672,12.849,0.84672,3695.15,0,36.966,0.30076,0.769375,1.99171,3.13868,1.0785,4.5205,0.42336,36.966,0.42336,423.524,0,1.02816,0,0,1.79753,0.769375,1.028160,1,0,109.824,0,0,0,109.824,0
48.6456,2.11152,0,0,5.48593,0.268201,0.36288,3.6288,61.308,0.337962,0,0,1.40835,0.164714,0.90567,0.66528,12.849,1,0.591058,0.36288,0,152.775,3.47872,149.068,0.84672,12.849,0.84672,3695.15,0,36.966,0.203776,1.11511,1.992,5.18139,0.894442,7.19028,0.42336,36.966,0.42336,423.524,0,1.02816,0,0,2.14327,1.11511,1.028160,1,0,157.164,0,0,0,157.164,0
51.3279,2.02399,0,0,5.34657,0.277455,0.36288,3.6288,61.308,0.428177,0,0,1.36124,0.164263,0.768801,0.66528,12.849,1,0.534605,0.36288,0,147.425,3.25699,143.996,0.84672,12.849,0.84672,3695.15,0,36.966,0.258171,1.08731,1.71937,5.58892,0.833526,7.3039,0.42336,36.966,0.42336,423.524,0,1.02816,0,0,2.11547,1.08731,1.028160,1,0,152.069,0,0,0,152.069,0
54.4093,2.04683,0,0,5.77661,0.285464,0.36288,3.6288,61.308,0.428177,0,0,1.3142,0.164263,0.721757,0.66528,12.849,1,0.512385,0.36288,0,159.696,3.25699,156.289,0.84672,12.849,0.84672,3695.15,0,36.966,0.258171,1.39858,1.80411,6.51478,0.833526,8.62578,0.42336,36.966,0.42336,423.524,0,1.02816,0,0,2.42674,1.39858,1.028160,1,0,165.637,0,0,0,165.637,0
59.0559,2.0708,0,0,7.37485,0.294637,0.36288,3.6288,61.308,0.428177,0,0,1.50648,0.164263,0.91404,0.66528,12.849,1,0.489029,0.36288,0,199.965,3.25699,196.582,0.84672,12.849,0.84672,3695.15,0,36.966,0.258171,1.50716,1.80422,7.02982,0.833526,9.2495,0.42336,36.966,0.42336,423.524,0,1.02816,0,0,2.53532,1.50716,1.028160,1,0,206.745,0,0,0,206.745,0
63.9569,2.10291,0,0,7.67527,0.308398,0.36288,3.6288,61.308,0.428177,0,0,1.6996,0.151418,1.12001,0.66528,12.849,1,0.457539,0.36288,0,215.915,3.12312,212.698,0.84672,12.849,0.84672,3695.15,0,36.966,0.258171,1.82729,1.80434,8.55723,0.812636,11.1181,0.42336,36.966,0.42336,423.524,0,1.02816,0,0,2.85545,1.82729,1.028160,1,0,224.936,0,0,0,224.936,0
67.2281,2.21491,0,0,6.17284,0.323887,0.36288,3.6288,61.308,0.467595,0,0,1.77423,0.133187,1.17345,0.66528,12.849,1,0.444978,0.36288,0,167.553,2.52189,164.949,0.84672,12.849,0.84672,3695.15,0,36.966,0.281939,1.65027,1.80446,5.99125,0.628826,8.53521,0.42336,36.966,0.42336,423.524,0,1.02816,0,0,2.67843,1.65027,1.028160,1,0,174.658,0,0,0,174.658,0
69.7966,2.28667,0,0,5.55055,0.332469,0.36288,3.6288,61.308,0.428182,0,0,1.59636,0.133187,1.03499,0.66528,12.849,1,0.437041,0.36288,0,139.711,2.52189,137.114,0.84672,12.849,0.84672,3695.15,0,36.966,0.258175,1.38228,1.87191,4.9375,0.628826,7.30469,0.42336,36.966,0.42336,423.524,0,1.02816,0,0,2.41044,1.38228,1.028160,1,0,145.454,0,0,0,145.454,0
72.29,2.3008,0,0,5.64655,0.313978,0.538394,3.6288,61.308,0.428182,0,0,1.63229,0.136539,1.06757,0.66528,12.849,1,0.423559,0.538394,0,162.55,2.31662,160.349,0.84672,12.849,0.84672,3695.15,0,36.966,0.258175,1.95737,1.83506,5.29053,0.709463,8.11533,0.42336,36.966,0.42336,423.524,0,1.02816,0,0,2.98553,1.95737,1.028160,1,0,169.531,0,0,0,169.531,0
72.29,2.31375,0,0,5.50244,0.309746,2.87895,3.6288,61.308,0.428182,0,0,1.00877,0.137879,0.442713,0.66528,12.849,1,0.411251,2.87895,0,152.41,2.2345,152.644,0.84672,12.849,0.84672,3695.15,0,36.966,0.258175,0.904366,1.83518,5.00883,0.741718,6.74849,0.42336,36.966,0.42336,423.524,0,1.02816,0,0,1.93253,0.904366,1.028160,1,0,159.835,0,0,0,159.835,0
72.29,2.28147,0,0,3.63333,0.25593,1.09593,3.6288,61.308,0.623852,0,0,0.85466,0.20253,0.0282786,0.66528,12.849,1,0.405514,1.09593,0,99.8032,3.87336,96.6203,0.84672,12.849,0.84672,3695.15,0,36.966,0.376155,0.528595,1.8353,2.86575,0.922435,3.93105,0.42336,36.966,0.42336,423.524,0,0.689956,0,0,1.21855,0.528595,1.028160,1,0,100.58,0,0,0,100.58,0
72.29,2.26117,0,0,3.32433,0.21827,0.844892,3.6288,61.1973,0.630102,0,0,0.734365,0.215011,0,0.66528,12.849,1,0.401905,0.844892,0,90.8971,3.98454,87.3556,0.84672,12.849,0.84672,3695.15,0,36.966,0.379924,0.528595,1.80921,2.59445,0.930198,3.62213,0.42336,36.966,0.42336,423.524,0,0.704488,0,0,1.23308,0.528595,1.028160,1,0,90.9777,0,0,0,90.9777,0
72.29,2.2617,0,0,3.11254,0.21827,0.632568,3.6288,61.1456,0.573499,0,0,0.736672,0.21486,0,0.66528,12.849,1,0.402001,0.632568,0,83.6456,3.98454,79.8916,0.84672,12.849,0.84672,3695.15,0,36.966,0.34642,0.402797,1.82369,2.45654,0.930198,3.40641,0.42336,36.966,0.42336,423.524,0,0.794595,0,0,1.19739,0.402797,1.028160,1,0,83.298,0,0,0,83.298,0
72.29,2.26224,0,0,2.97936,0.21827,0.498843,3.6288,61.308,0.427753,0,0,0.914492,0.21479,0.109515,0.66528,12.849,1,0.402097,0.498843,0,79.7221,3.98454,75.8344,0.84672,12.849,0.84672,3695.15,0,36.966,0.258601,0.425287,1.82381,2.94546,0.930198,4.00576,0.42336,36.966,0.42336,423.524,0,1.02816,0,0,1.45345,0.425287,1.028160,1,0,79.9496,0,0,0,79.9496,0
71.8909,2.37427,0,0,2.54173,0.203715,0.36288,3.6288,61.1073,0.679353,0,0,0.660025,0.181412,0,0.66528,12.849,1,0.422009,0.36288,0,63.0024,3.5865,59.3568,0.84672,12.849,0.84672,3695.15,0,36.966,0.40962,0.402797,1.82393,2.23173,0.857987,3.19085,0.42336,36.966,0.42336,423.524,0,0.71267,0,0,1.11547,0.402797,1.028160,1,0,62.5477,0,0,0,62.5477,0
71.3035,2.44676,0,0,2.39553,0.17327,0.36288,3.6288,60.8484,0.690127,0,0,0.627973,0.196706,0,0.66528,12.849,1,0.437307,0.36288,0,56.0268,3.67531,52.277,0.84672,12.849,0.84672,3695.15,0,36.966,0.417483,0.402797,1.91597,2.09171,0.947532,3.04547,0.42336,36.966,0.42336,423.524,0,0.606917,0,0,1.00971,0.402797,1.028160,1,0,55.3225,0,0,0,55.3225,0
70.5683,2.44427,0,0,2.24442,0.172496,0.36288,3.6288,60.5952,0.646045,0,0,0.589257,0.196383,0,0.66528,12.849,1,0.440461,0.36288,0,52.2749,3.67531,48.522,0.84672,12.849,0.84672,3695.15,0,36.966,0.392479,0.30119,1.86512,1.87031,0.947532,2.69661,0.42336,36.966,0.42336,423.524,0,0.676002,0,0,0.977193,0.30119,1.028160,1,0,51.2187,0,0,0,51.2187,0
69.7182,2.44095,0,0,2.10567,0.151914,0.36288,3.6288,60.2588,0.681942,0,0,0.558376,0.21283,0,0.66528,12.849,1,0.444446,0.36288,0,48.7405,4.0648,44.5941,0.84672,12.849,0.84672,3695.15,0,36.966,0.416017,0.30119,1.86524,1.83513,1.00283,2.58272,0.42336,36.966,0.42336,423.524,0,0.616568,0,0,0.917758,0.30119,1.028160,1,0,47.1768,0,0,0,47.1768,0
68.8689,2.43694,0,0,2.05924,0.108724,0.36288,3.6288,60.0185,0.553515,0,0,0.554236,0.241009,0,0.66528,12.849,1,0.449126,0.36288,0,46.0592,4.88748,41.0854,0.84672,12.849,0.84672,3695.15,0,36.966,0.339556,0.30119,1.86537,1.84782,1.10366,2.57117,0.42336,36.966,0.42336,423.524,0,0.821457,0,0,1.12265,0.30119,1.028160,1,0,43.6566,0,0,0,43.6566,0
68.0279,2.41094,0,0,2.05699,0.124187,0.36288,3.6288,59.9415,0.454412,0,0,0.585087,0.207739,0,0.66528,12.849,1,0.449813,0.36288,0,43.3745,4.50986,38.7777,0.84672,12.849,0.84672,3695.15,0,36.966,0.279877,0.655085,1.86549,2.02067,1.01013,3.25124,0.42336,36.966,0.42336,423.524,0,1.02816,0,0,1.68324,0.655085,1.028160,1,0,42.029,0,0,0,42.029,0
67.0027,2.4189,0,0,1.87994,0.123373,0.36288,3.6288,59.8357,0.44531,0,0,0.547145,0.207637,0,0.66528,12.849,1,0.456878,0.36288,0,40.7975,4.50986,36.1936,0.84672,12.849,0.84672,3695.15,0,36.966,0.274623,0.410357,1.89777,1.92283,1.01013,2.94621,0.42336,36.966,0.42336,423.524,0,1.02816,0,0,1.43852,0.410357,1.028160,1,0,39.1398,0,0,0,39.1398,0
65.8509,2.41338,0,0,1.72865,0.104104,0.36288,3.6288,59.658,0.445167,0,0,0.518493,0.250964,0,0.66528,12.849,1,0.462811,0.36288,0,36.5278,5.07445,31.3535,0.84672,12.849,0.84672,3695.15,0,36.966,0.27502,0.411307,1.8895,1.83081,1.21622,2.64037,0.42336,36.966,0.42336,423.524,0,1.02816,0,0,1.43947,0.411307,1.028160,1,0,33.9938,0,0,0,33.9938,0
64.6123,2.40696,0,0,1.62079,0.0895733,0.36288,3.6288,59.4167,0.444818,0,0,0.486692,0.283244,0,0.66528,12.849,1,0.469652,0.36288,0,32.8301,5.49791,27.2254,0.84672,12.849,0.84672,3695.15,0,36.966,0.275623,0.375857,1.88977,1.76416,1.37079,2.38337,0.42336,36.966,0.42336,423.524,0,1.02816,0,0,1.40402,0.375857,1.028160,1,0,29.6088,0,0,0,29.6088,0
63.1483,2.45581,0,0,1.44425,0.0896032,0.36288,3.6288,59.2115,0.470628,0,0,0.557228,0.291738,0,0.66528,12.849,1,0.488369,0.36288,0,27.7631,5.63066,22.0069,0.84672,12.849,0.84672,3695.15,0,36.966,0.292801,0.455967,1.89005,1.64205,1.40158,2.29368,0.42336,36.966,0.42336,423.524,0,1.02816,0,0,1.48413,0.455967,1.028160,1,0,24.3006,0,0,0,24.3006,0
61.6751,2.44675,0,0,1.42514,0.088697,0.36288,3.6288,58.977,0.470164,0,0,0.528455,0.292842,0,0.66528,12.849,1,0.497849,0.36288,0,35.2231,5.65278,29.4354,0.84672,12.849,0.84672,3695.15,0,36.966,0.293525,0.622426,1.93592,1.79412,1.40671,2.65223,0.42336,36.966,0.42336,423.524,0,1.02816,0,0,1.65059,0.622426,1.028160,1,0,32.0876,0,0,0,32.0876,0
60.1218,2.43727,0,0,1.33444,0.0876316,0.36288,3.6288,58.7064,0.469606,0,0,0.491446,0.292402,0,0.66528,12.849,1,0.507765,0.36288,0,28.281,5.65278,22.4833,0.84672,12.849,0.84672,3695.15,0,36.966,0.294343,0.591831,1.9362,1.61725,1.40671,2.44423,0.42336,36.966,0.42336,423.524,0,1.02816,0,0,1.61999,0.591831,1.028160,1,0,24.9275,0,0,0,24.9275,0
58.4605,2.42681,0,0,1.21497,0.0864889,0.36288,3.6288,58.4122,0.468934,0,0,0.466561,0.291894,0,0.66528,12.849,1,0.518649,0.36288,0,25.7742,5.65278,19.9657,0.84672,12.849,0.84672,3695.15,0,36.966,0.295276,0.34255,1.93648,1.50853,1.40671,2.08558,0.42336,36.966,0.42336,423.524,0,1.02816,0,0,1.37071,0.34255,1.028160,1,0,22.0513,0,0,0,22.0513,0
56.6456,2.5255,0,0,1.14232,0.0688396,0.36288,3.6288,58.1135,0.539158,0,0,0.521006,0.280482,0,0.66528,12.849,1,0.555077,0.36288,0,22.3701,5.68393,16.494,0.84672,12.849,0.84672,3695.15,0,36.966,0.341205,0.803935,1.93676,1.93221,1.47419,2.85751,0.42336,36.966,0.42336,423.524,0,1.02816,0,0,1.83209,0.803935,1.028160,1,0,19.3515,0,0,0,19.3515,0
54.4724,2.51137,0,0,0.76737,0.0663741,0.36288,3.6288,57.7227,0.538256,0,0,0.401046,0.253648,0,0.66528,12.849,1,0.569656,0.36288,0,15.0041,5.37653,9.42084,0.84672,12.849,0.84672,3695.15,0,36.966,0.342385,0.401605,2.05183,1.3883,1.49444,2.0049,0.42336,36.966,0.42336,423.524,0,1.02816,0,0,1.42976,0.401605,1.028160,1,0,11.4257,0,0,0,11.4257,0
52.6661,2.49334,0,0,1.11487,0.0649489,0.36288,3.6288,57.3935,0.537012,0,0,0.460817,0.253009,0,0.66528,12.849,1,0.588131,0.36288,0,17.0886,5.37653,11.4868,0.84672,12.849,0.84672,3695.15,0,36.966,0.343906,0.655724,2.05212,1.53924,1.49444,2.40874,0.42336,36.966,0.42336,423.524,0,1.02816,0,0,1.68388,0.655724,1.028160,1,0,13.8956,0,0,0,13.8956,0
51.343,2.47748,0,0,1.60688,0.0896445,0.36288,3.6288,57.2241,0.535981,0,0,0.609962,0.243324,0,0.66528,12.849,1,0.604434,0.36288,0,27.8809,5.24511,22.3943,0.84672,12.849,0.84672,3695.15,0,36.966,0.345215,0.797178,2.05242,1.71364,1.46792,2.75011,0.42336,36.966,0.42336,423.524,0,1.02816,0,0,1.82534,0.797178,1.028160,1,0,25.1444,0,0,0,25.1444,0
49.6206,2.46538,0,0,1.18086,0.074929,0.36288,3.6288,56.9776,0.535528,0,0,0.527709,0.238654,0,0.66528,12.849,1,0.616982,0.36288,0,29.1034,5.46666,23.3826,0.84672,12.849,0.84672,3695.15,0,36.966,0.345944,0.640319,2.05272,1.33059,1.47017,2.20752,0.42336,36.966,0.42336,423.524,0,1.02816,0,0,1.66848,0.640319,1.028160,1,0,25.5902,0,0,0,25.5902,0
47.6747,2.42184,0,0,0.893151,0.0543596,0.36288,3.6288,56.5818,0.501265,0,0,0.344543,0.239152,0,0.66528,12.849,1,0.627121,0.36288,0,26.1648,5.65026,20.2503,0.84672,12.849,0.84672,3695.15,0,36.966,0.325211,0.325175,2.05302,1.16559,1.49914,1.71943,0.42336,36.966,0.42336,423.524,0,1.02816,0,0,1.35334,0.325175,1.028160,1,0,21.9697,0,0,0,21.9697,0
45.4522,2.40202,0,0,0.595594,0.0532261,0.36288,3.6288,55.8056,0.799867,0,0,0.262187,0.238536,0,0.66528,12.849,1,0.647378,0.36288,0,16.4134,5.65026,10.4787,0.84672,12.849,0.84672,3695.15,0,36.966,0.42336,0.216518,2.00427,0.786641,1.49914,1.08493,0.42336,36.966,0.42336,423.524,0,0.631679,0,0,0.848197,0.216518,1.028160,1,0,11.5636,0,0,0,11.5636,0
43.7816,2.37769,0,0,1.16888,0.0989285,0.36288,3.6288,55.4586,0.497481,0,0,0.390874,0.240302,0,0.66528,12.849,1,0.672155,0.36288,0,19.2077,5.2813,13.6171,0.84672,12.849,0.84672,3695.15,0,36.966,0.329535,0.241877,2.00456,1.23171,1.42371,1.7249,0.42336,36.966,0.42336,423.524,0,1.02816,0,0,1.27004,0.241877,1.028160,1,0,15.342,0,0,0,15.342,0
42.8427,2.3582,0,0,1.92383,0.141588,0.36288,3.6288,55.3321,0.496406,0,0,0.625809,0.255932,0,0.66528,12.849,1,0.692084,0.36288,0,33.5796,4.99054,28.2599,0.84672,12.849,0.84672,3695.15,0,36.966,0.33088,1.05211,2.00485,2.24882,1.3302,3.64471,0.42336,36.966,0.42336,423.524,0,1.02816,0,0,2.08027,1.05211,1.028160,1,0,31.9046,0,0,0,31.9046,0
41.0968,2.28625,0,0,1.07694,0.173774,0.36288,3.6288,54.9162,0.505618,0,0,0.337154,0.247407,0,0.66528,12.849,1,0.685671,0.36288,0,22.8662,4.68545,17.858,0.84672,12.849,0.84672,3695.15,0,36.966,0.337791,0.216518,2.00514,1.20151,1.19945,1.88592,0.42336,36.966,0.42336,423.524,0,0.926925,0,0,1.14344,0.216518,1.028160,1,0,19.7439,0,0,0,19.7439,0
39.0398,2.26439,0,0,0.753788,0.183477,0.36288,3.6288,54.262,0.674347,0,0,0.26354,0.243415,0,0.66528,12.849,1,0.707966,0.36288,0,12.9444,4.5634,8.03596,0.84672,12.849,0.84672,3695.15,0,36.966,0.42336,0.216518,1.9247,1.10008,1.14715,1.67078,0.42336,36.966,0.42336,423.524,0,0.672883,0,0,0.889402,0.216518,1.028160,1,0,9.70674,0,0,0,9.70674,0
37.4368,2.23665,0,0,1.17558,0.179096,0.36288,3.6288,53.9323,0.478106,0,0,0.390761,0.242366,0,0.66528,12.849,1,0.736137,0.36288,0,22.0613,4.5634,17.1246,0.84672,12.849,0.84672,3695.15,0,36.966,0.32571,0.292723,1.92498,2.3223,1.14715,3.06714,0.42336,36.966,0.42336,423.524,0,0.967032,0,0,1.25976,0.292723,1.028160,1,0,20.1918,0,0,0,20.1918,0
36.7605,2.2135,0,0,2.11065,0.210549,0.36288,3.6288,53.9103,0.440808,0,0,0.646755,0.22798,0,0.66528,12.849,1,0.759715,0.36288,0,30.0072,4.13446,25.4759,0.84672,12.849,0.84672,3695.15,0,36.966,0.302137,0.453842,1.92526,3.32378,1.08485,4.31589,0.42336,36.966,0.42336,423.524,0,1.02816,0,0,1.482,0.453842,1.028160,1,0,29.7917,0,0,0,29.7917,0
36.5309,2.03752,0,0,2.38839,0.217589,0.36288,3.6288,53.9611,0.335336,0,0,0.621669,0.235528,0,0.66528,12.849,1,0.71218,0.36288,0,29.0229,4.16715,24.5064,0.84672,12.849,0.84672,3695.15,0,36.966,0.229938,0.761979,1.92554,2.02104,1.08317,3.39545,0.42336,36.966,0.42336,423.524,0,1.02816,0,0,1.79014,0.761979,1.028160,1,0,27.9019,0,0,0,27.9019,0
36.3209,1.9451,0,0,2.31895,0.220942,0.36288,3.6288,53.8019,0.407318,0,0,0.496923,0.248799,0,0.66528,12.849,1,0.68415,0.36288,0,43.847,4.30605,39.2196,0.84672,12.849,0.84672,3695.15,0,36.966,0.279033,0.793904,1.74638,1.97991,1.09477,3.1464,0.42336,36.966,0.42336,423.524,0,1.02816,0,0,1.82206,0.793904,1.028160,1,0,42.366,0,0,0,42.366,0
36.5388,1.94265,0,0,2.74377,0.22039,0.36288,3.6288,53.8058,0.406829,0,0,0.659286,0.248527,0,0.66528,12.849,1,0.687237,0.36288,0,51.9297,4.30605,47.2993,0.84672,12.849,0.84672,3695.15,0,36.966,0.279523,1.27596,1.81735,2.46613,1.09477,4.18516,0.42336,36.966,0.42336,423.524,0,1.02816,0,0,2.30412,1.27596,1.028160,1,0,51.4844,0,0,0,51.4844,0
36.4251,1.94614,0,0,2.41627,0.220963,0.36288,3.6288,53.6399,0.406841,0,0,0.489417,0.248535,0,0.66528,12.849,1,0.684369,0.36288,0,36.5782,4.30605,31.9507,0.84672,12.849,0.84672,3695.15,0,36.966,0.27951,0.547482,1.81747,2.85305,1.09477,3.84373,0.42336,36.966,0.42336,423.524,0,1.02816,0,0,1.57564,0.547482,1.028160,1,0,35.7944,0,0,0,35.7944,0
36.6216,1.94503,0,0,2.70524,0.200812,0.36288,3.6288,53.7502,0.406329,0,0,0.717515,0.200863,0,0.66528,12.849,1,0.686113,0.36288,0,43.895,3.25282,40.3189,0.84672,12.849,0.84672,3695.15,0,36.966,0.280022,1.07914,1.81759,2.48786,0.813653,4.29091,0.42336,36.966,0.42336,423.524,0,1.02816,0,0,2.1073,1.07914,1.028160,1,0,44.6099,0,0,0,44.6099,0
38.3562,2.01203,0,0,4.30873,0.199174,0.36288,3.6288,54.4901,0.437217,0,0,1.38268,0.205583,0,0.66528,12.849,1,0.705939,0.36288,0,63.7087,4.07705,59.2886,0.84672,12.849,0.84672,3695.15,0,36.966,0.30069,2.06312,1.81771,4.94911,1.06722,7.46203,0.42336,36.966,0.42336,423.524,0,1.02816,0,0,3.09128,2.06312,1.028160,1,0,66.7506,0,0,0,66.7506,0
39.6783,2.07503,0,0,3.96331,0.203285,0.36288,3.6288,55.644,0.40893,0,0,1.76949,0.206615,0,0.66528,12.849,1,0.695119,0.36288,0,74.5098,4.07705,70.1005,0.84672,12.849,0.84672,3695.15,0,36.966,0.277418,3.07695,1.87381,4.96114,1.06722,8.56727,0.42336,36.966,0.42336,423.524,0,1.02816,0,0,4.10511,3.07695,1.028160,1,0,78.6678,0,0,0,78.6678,0
40.203,2.093,0,0,3.18698,0.206417,0.36288,3.6288,56.6968,0.412387,0,0,1.67333,0.20819,0,0.66528,12.849,1,0.677775,0.36288,0,41.2578,4.07705,36.8659,0.84672,12.849,0.84672,3695.15,0,36.966,0.273961,2.96955,1.84376,3.71373,1.06722,7.18586,0.42336,36.966,0.42336,423.524,0,1.02816,0,0,3.99771,2.96955,1.028160,1,0,44.0517,0,0,0,44.0517,0
39.9046,2.10018,0,0,2.39557,0.230879,0.36288,3.6288,57.049,0.415466,0,0,0.958094,0.190359,0,0.66528,12.849,1,0.671223,0.36288,0,42.8512,4.01094,38.5319,0.84672,12.849,0.84672,3695.15,0,36.966,0.270882,1.07222,1.84387,4.11239,1.01492,5.74268,0.42336,36.966,0.42336,423.524,0,1.02816,0,0,2.10038,1.07222,1.028160,1,0,44.2746,0,0,0,44.2746,0
40.0725,2.30635,0,0,3.06608,0.228939,0.36288,3.6288,57.8401,0.533996,0,0,1.49989,0.17482,0,0.66528,12.849,1,0.742627,0.36288,0,60.5381,3.29163,56.8668,0.84672,12.849,0.84672,3695.15,0,36.966,0.346013,2.11604,1.84399,5.26363,0.876902,8.00074,0.42336,36.966,0.42336,423.524,0,1.02816,0,0,3.1442,2.11604,1.028160,1,0,64.8675,0,0,0,64.8675,0
40.2719,2.3601,0,0,3.15924,0.236864,0.36288,3.6288,58.4309,0.49589,0,0,1.25885,0.172183,0,0.66528,12.849,1,0.756752,0.36288,0,51.5187,3.34255,47.7822,0.84672,12.849,0.84672,3695.15,0,36.966,0.316927,1.51354,2.04563,4.05264,0.915891,6.37899,0.42336,36.966,0.42336,423.524,0,1.02816,0,0,2.5417,1.51354,1.028160,1,0,54.1612,0,0,0,54.1612,0
40.9692,2.36327,0,0,3.66542,0.241984,0.36288,3.6288,59.1703,0.498009,0,0,1.411,0.17357,0,0.66528,12.849,1,0.754016,0.36288,0,63.5241,3.47498,59.658,0.84672,12.849,0.84672,3695.15,0,36.966,0.315063,2.33187,2.00644,4.63828,0.969051,7.69247,0.42336,36.966,0.42336,423.524,0,1.02816,0,0,3.36003,2.33187,1.028160,1,0,67.3505,0,0,0,67.3505,0
42.7237,2.37337,0,0,4.73474,0.243994,0.36288,3.6288,59.8832,0.50059,0,0,1.3879,0.174396,0,0.66528,12.849,1,0.74435,0.36288,0,93.0571,3.47498,89.2007,0.84672,12.849,0.84672,3695.15,0,36.966,0.312738,2.58388,2.00672,5.11386,0.969051,8.42267,0.42336,36.966,0.42336,423.524,0,1.02816,0,0,3.61204,2.58388,1.028160,1,0,97.6233,0,0,0,97.6233,0
44.0492,2.09334,0,0,4.02308,0.241354,0.36288,3.6288,60.6343,0.342265,0,0,1.27012,0.176735,0,0.66528,12.849,1,0.629565,0.36288,0,58.9658,3.81331,54.8858,0.84672,12.849,0.84672,3695.15,0,36.966,0.211281,1.80857,2.00699,4.28411,1.01055,6.87784,0.42336,36.966,0.42336,423.524,0,1.02816,0,0,2.83673,1.80857,1.028160,1,0,61.7636,0,0,0,61.7636,0
45.6894,2.00567,0,0,4.23316,0.224388,0.36288,3.6288,61.308,0.426389,0,0,1.58682,0.187669,0.299089,0.66528,12.849,1,0.585046,0.36288,0,60.2705,3.74199,56.3063,0.84672,12.849,0.84672,3695.15,0,36.966,0.25995,2.181,1.7323,5.07447,0.864147,7.86367,0.42336,36.966,0.42336,423.524,0,1.02816,0,0,3.20916,2.181,1.028160,1,0,64.4691,0,0,0,64.4691,0
49.5229,1.81265,0,0,6.23754,0.228585,0.36288,3.6288,61.308,0.330725,0,0,2.85137,0.188472,2.33218,0.66528,12.849,1,0.509761,0.36288,0,87.8973,3.74199,84.0084,0.84672,12.849,0.84672,3695.15,0,36.966,0.199412,3.06298,1.81012,8.88004,0.864147,12.6896,0.42336,36.966,0.42336,423.524,0,1.02816,0,0,4.09114,3.06298,1.028160,1,0,99.0302,0,0,0,99.0302,0
52.8679,1.84442,0,0,5.7907,0.238394,0.36288,3.6288,61.308,0.330711,0,0,1.80365,0.188472,1.28447,0.66528,12.849,1,0.478546,0.36288,0,105.537,3.74199,101.679,0.84672,12.849,0.84672,3695.15,0,36.966,0.199404,2.68092,1.63916,6.37803,0.864147,9.63456,0.42336,36.966,0.42336,423.524,0,1.02816,0,0,3.70908,2.68092,1.028160,1,0,112.598,0,0,0,112.598,0
55.0895,1.86923,0,0,4.73381,0.280068,0.36288,3.6288,61.308,0.330698,0,0,1.56556,0.144329,1.09053,0.66528,12.849,1,0.454297,0.36288,0,76.5323,3.35307,73.0878,0.84672,12.849,0.84672,3695.15,0,36.966,0.199396,2.03633,1.63925,5.08644,0.752967,7.80965,0.42336,36.966,0.42336,423.524,0,1.02816,0,0,3.06449,2.03633,1.028160,1,0,81.988,0,0,0,81.988,0
57.4966,1.9573,0,0,5.02023,0.293011,0.36288,3.6288,61.308,0.366477,0,0,1.65862,0.182645,1.1095,0.66528,12.849,1,0.456518,0.36288,0,72.3355,4.49589,67.746,0.84672,12.849,0.84672,3695.15,0,36.966,0.220969,1.88773,1.63934,4.47084,1.05206,6.72488,0.42336,36.966,0.42336,423.524,0,1.02816,0,0,2.91589,1.88773,1.028160,1,0,75.5804,0,0,0,75.5804,0
58.4797,2.20777,0,0,3.85389,0.300088,0.36288,3.6288,61.308,0.407892,0,0,1.317,0.182645,0.726467,0.66528,12.849,1,0.493381,0.36288,0,49.0094,4.49589,44.3831,0.84672,12.849,0.84672,3695.15,0,36.966,0.245941,1.29187,1.70057,4.14072,1.05206,5.83516,0.42336,36.966,0.42336,423.524,0,1.02816,0,0,2.32003,1.29187,1.028160,1,0,50.9447,0,0,0,50.9447,0
59.4165,2.03214,0,0,3.59548,0.263688,0.36288,3.6288,61.308,0.326741,0,0,1.22818,0.169062,0.732374,0.66528,12.849,1,0.446495,0.36288,0,53.2798,3.77325,49.4229,0.84672,12.849,0.84672,3695.15,0,36.966,0.19701,1.10956,1.8057,3.90327,0.9689,5.65262,0.42336,36.966,0.42336,423.524,0,1.02816,0,0,2.13772,1.10956,1.028160,1,0,55.8079,0,0,0,55.8079,0
60.3284,2.0384,0,0,3.54957,0.236349,0.36288,3.6288,61.308,0.326727,0,0,1.17331,0.158875,0.687711,0.66528,12.849,1,0.440811,0.36288,0,52.1565,3.23127,48.8473,0.84672,12.849,0.84672,3695.15,0,36.966,0.197002,1.06012,1.6635,3.91515,0.906532,5.53524,0.42336,36.966,0.42336,423.524,0,1.02816,0,0,2.08828,1.06012,1.028160,1,0,55.0702,0,0,0,55.0702,0
60.6972,2.01544,0,0,3.00235,0.255203,0.36288,3.6288,61.308,0.312803,0,0,0.899614,0.209856,0.376955,0.66528,12.849,1,0.429256,0.36288,0,45.7319,4.98033,40.6852,0.84672,12.849,0.84672,3695.15,0,36.966,0.188606,1.29983,1.66359,3.37574,1.15281,4.99775,0.42336,36.966,0.42336,423.524,0,1.02816,0,0,2.32799,1.29983,1.028160,1,0,46.0599,0,0,0,46.0599,0
61.0822,1.99765,0,0,2.96388,0.21842,0.36288,3.6288,61.308,0.32822,0,0,0.861477,0.217319,0.315938,0.66528,12.849,1,0.422882,0.36288,0,51.9048,4.89969,46.9451,0.84672,12.849,0.84672,3695.15,0,36.966,0.197902,1.30531,1.63988,3.32375,1.14926,4.92178,0.42336,36.966,0.42336,423.524,0,1.02816,0,0,2.33347,1.30531,1.028160,1,0,52.1828,0,0,0,52.1828,0
60.9523,2.22772,0,0,2.64965,0.188934,0.36288,3.6288,61.308,0.428175,0,0,0.970281,0.207132,0.334974,0.66528,12.849,1,0.468614,0.36288,0,45.0923,4.35771,40.6289,0.84672,12.849,0.84672,3695.15,0,36.966,0.25817,1.03284,1.65445,3.13008,1.08689,4.47231,0.42336,36.966,0.42336,423.524,0,1.02816,0,0,2.061,1.03284,1.028160,1,0,45.4362,0,0,0,45.4362,0
60.6883,2.2274,0,0,2.51506,0.188731,0.36288,3.6288,61.308,0.428175,0,0,0.85854,0.207132,0.223233,0.66528,12.849,1,0.469546,0.36288,0,38.587,4.35771,34.1226,0.84672,12.849,0.84672,3695.15,0,36.966,0.25817,0.868,1.82992,2.89903,1.08689,4.25189,0.42336,36.966,0.42336,423.524,0,1.02816,0,0,1.89616,0.868,1.028160,1,0,38.5978,0,0,0,38.5978,0
60.4282,2.09741,0,0,2.37337,0.173195,0.36288,3.6288,61.308,0.377532,0,0,0.802993,0.215265,0.210196,0.66528,12.849,1,0.444065,0.36288,0,35.8552,4.77702,30.997,0.84672,12.849,0.84672,3695.15,0,36.966,0.227635,0.934865,1.83003,2.83128,1.12599,4.24256,0.42336,36.966,0.42336,423.524,0,1.02816,0,0,1.96303,0.934865,1.028160,1,0,35.4498,0,0,0,35.4498,0
59.682,2.40654,0,0,2.17591,0.152701,0.36288,3.6288,61.308,0.428182,0,0,0.737709,0.226108,0.0834183,0.66528,12.849,1,0.511708,0.36288,0,32.5043,5.3361,27.0194,0.84672,12.849,0.84672,3695.15,0,36.966,0.258175,1.01897,1.73818,2.72212,1.17813,4.04297,0.42336,36.966,0.42336,423.524,0,1.02816,0,0,2.04713,1.01897,1.028160,1,0,31.1457,0,0,0,31.1457,0
58.8754,2.4018,0,0,2.10968,0.151637,0.36288,3.6288,61.308,0.428183,0,0,0.674628,0.226108,0.0203375,0.66528,12.849,1,0.517087,0.36288,0,29.8824,5.3361,24.3921,0.84672,12.849,0.84672,3695.15,0,36.966,0.258175,0.792383,1.87152,2.53188,1.17813,3.75948,0.42336,36.966,0.42336,423.524,0,1.02816,0,0,1.82054,0.792383,1.028160,1,0,28.1719,0,0,0,28.1719,0
57.8689,2.39652,0,0,1.87756,0.124647,0.36288,3.6288,61.2752,0.428183,0,0,0.640345,0.244995,0,0.66528,12.849,1,0.523017,0.36288,0,26.436,5.5503,20.7255,0.84672,12.849,0.84672,3695.15,0,36.966,0.258175,0.715815,1.87164,2.46299,1.23285,3.55941,0.42336,36.966,0.42336,423.524,0,1.02816,0,0,1.74398,0.715815,1.028160,1,0,24.285,0,0,0,24.285,0
56.8458,2.3896,0,0,1.83209,0.102699,0.36288,3.6288,61.1983,0.428096,0,0,0.610324,0.259047,0,0.66528,12.849,1,0.530578,0.36288,0,25.6466,5.68489,19.794,0.84672,12.849,0.84672,3695.15,0,36.966,0.258261,0.587684,1.87176,2.30587,1.268,3.23905,0.42336,36.966,0.42336,423.524,0,1.02816,0,0,1.61584,0.587684,1.028160,1,0,23.0331,0,0,0,23.0331,0
56.1137,2.36098,0,0,2.08411,0.0924033,0.36288,3.6288,61.0211,0.469001,0,0,0.550368,0.258568,0,0.66528,12.849,1,0.533659,0.36288,0,27.4437,5.52856,21.7443,0.84672,12.849,0.84672,3695.15,0,36.966,0.283294,0.30119,1.87188,1.52196,1.23257,2.17915,0.42336,36.966,0.42336,423.524,0,1.0105,0,0,1.31169,0.30119,1.028160,1,0,23.9235,0,0,0,23.9235,0
55.2533,2.35728,0,0,1.95159,0.0917362,0.36288,3.6288,60.7942,0.491832,0,0,0.523215,0.258279,0,0.66528,12.849,1,0.539774,0.36288,0,27.4078,5.52856,21.7023,0.84672,12.849,0.84672,3695.15,0,36.966,0.297947,0.261274,1.90439,1.56406,1.23257,2.19921,0.42336,36.966,0.42336,423.524,0,0.971248,0,0,1.23252,0.261274,1.028160,1,0,23.9016,0,0,0,23.9016,0
54.2236,2.35079,0,0,1.77489,0.0909523,0.36288,3.6288,60.5453,0.501222,0,0,0.510196,0.257907,0,0.66528,12.849,1,0.546669,0.36288,0,26.8714,5.52856,21.1591,0.84672,12.849,0.84672,3695.15,0,36.966,0.304769,0.261274,1.90348,1.49866,1.23257,2.12607,0.42336,36.966,0.42336,423.524,0,0.955282,0,0,1.21656,0.261274,1.028160,1,0,23.2852,0,0,0,23.2852,0
53.039,2.34272,0,0,1.61097,0.090014,0.36288,3.6288,60.1807,0.585781,0,0,0.478645,0.2575,0,0.66528,12.849,1,0.555139,0.36288,0,23.9446,5.52856,18.2238,0.84672,12.849,0.84672,3695.15,0,36.966,0.357649,0.261274,1.90374,1.44975,1.23257,2.02454,0.42336,36.966,0.42336,423.524,0,0.818087,0,0,1.07936,0.261274,1.028160,1,0,20.2484,0,0,0,20.2484,0
51.7666,2.38751,0,0,1.54408,0.066031,0.36288,3.6288,59.73,0.640584,0,0,0.507314,0.317411,0,0.66528,12.849,1,0.578389,0.36288,0,24.6097,6.07044,18.3237,0.84672,12.849,0.84672,3695.15,0,36.966,0.393479,0.261274,1.90401,1.36846,1.51182,1.62845,0.42336,36.966,0.42336,423.524,0,0.770749,0,0,1.03202,0.261274,1.028160,1,0,19.9522,0,0,0,19.9522,0
50.3673,2.37645,0,0,1.40726,0.067258,0.36288,3.6288,59.2156,0.635686,0,0,0.431537,0.310226,0,0.66528,12.849,1,0.58986,0.36288,0,20.4956,5.89197,14.3767,0.84672,12.849,0.84672,3695.15,0,36.966,0.393417,0.261274,1.95021,1.35712,1.47925,1.69593,0.42336,36.966,0.42336,423.524,0,0.775958,0,0,1.03723,0.261274,1.028160,1,0,16.0726,0,0,0,16.0726,0
48.8899,2.36373,0,0,1.31554,0.066281,0.36288,3.6288,58.6379,0.667834,0,0,0.399266,0.309207,0,0.66528,12.849,1,0.603001,0.36288,0,19.4885,5.89197,13.3564,0.84672,12.849,0.84672,3695.15,0,36.966,0.416902,0.227405,1.95048,1.19082,1.47925,1.47255,0.42336,36.966,0.42336,423.524,0,0.720576,0,0,0.947981,0.227405,1.028160,1,0,14.8289,0,0,0,14.8289,0
47.41,2.34962,0,0,1.29786,0.0652453,0.36288,3.6288,58.1355,0.62629,0,0,0.431969,0.308063,0,0.66528,12.849,1,0.617516,0.36288,0,18.0833,5.89197,11.9367,0.84672,12.849,0.84672,3695.15,0,36.966,0.394821,0.227405,1.95075,1.34669,1.47925,1.65077,0.42336,36.966,0.42336,423.524,0,0.784452,0,0,1.01186,0.227405,1.028160,1,0,13.5874,0,0,0,13.5874,0
45.9337,2.44153,0,0,1.37488,0.0467857,0.36288,3.6288,57.5576,0.703576,0,0,0.426043,0.300373,0,0.66528,12.849,1,0.6617,0.36288,0,18.1187,6.06232,11.7575,0.84672,12.849,0.84672,3695.15,0,36.966,0.42336,0.227405,1.95102,1.65836,1.55704,1.85639,0.42336,36.966,0.42336,423.524,0,0.795623,0,0,1.02303,0.227405,1.028160,1,0,13.6139,0,0,0,13.6139,0
44.3085,2.42525,0,0,1.21729,0.0544307,0.36288,3.6288,56.712,0.90258,0,0,0.325545,0.268501,0,0.66528,12.849,1,0.678412,0.36288,0,15.323,5.51154,9.49597,0.84672,12.849,0.84672,3695.15,0,36.966,0.42336,0.227405,2.06691,1.20287,1.54131,1.53252,0.42336,36.966,0.42336,423.524,0,0.596886,0,0,0.824291,0.227405,1.028160,1,0,11.0285,0,0,0,11.0285,0
42.8498,2.40629,0,0,1.36019,0.04967,0.36288,3.6288,56.1735,0.669023,0,0,0.400041,0.269546,0,0.66528,12.849,1,0.6978,0.36288,0,19.4983,5.58631,13.5771,0.84672,12.849,0.84672,3695.15,0,36.966,0.42336,0.204422,2.0672,1.27678,1.55625,1.56879,0.42336,36.966,0.42336,423.524,0,0.83071,0,0,1.03513,0.204422,1.028160,1,0,15.1459,0,0,0,15.1459,0
41.1243,2.38835,0,0,1.07459,0.0488462,0.36288,3.6288,55.2341,0.962825,0,0,0.292015,0.268601,0,0.66528,12.849,1,0.716174,0.36288,0,20.1216,5.58631,14.182,0.84672,12.849,0.84672,3695.15,0,36.966,0.42336,0.204422,2.06749,1.01168,1.55625,1.30398,0.42336,36.966,0.42336,423.524,0,0.537175,0,0,0.741597,0.204422,1.028160,1,0,15.486,0,0,0,15.486,0
39.6787,2.36578,0,0,1.33091,0.0478717,0.36288,3.6288,54.9165,0.536445,0,0,0.485817,0.266952,0,0.66528,12.849,1,0.739172,0.36288,0,17.8324,5.58631,11.8698,0.84672,12.849,0.84672,3695.15,0,36.966,0.359022,0.294538,2.06778,1.52026,1.55625,1.9673,0.42336,36.966,0.42336,423.524,0,1.02816,0,0,1.3227,0.294538,1.028160,1,0,13.8371,0,0,0,13.8371,0
39.172,2.32,0,0,2.19685,0.0206649,0.36288,3.6288,55.3731,0.502086,0,0,1.18352,0.224821,0,0.66528,12.849,1,0.751278,0.36288,0,35.2712,5.2604,29.6224,0.84672,12.849,0.84672,3695.15,0,36.966,0.33797,2.35528,2.06806,2.92648,1.45211,5.55974,0.42336,36.966,0.42336,423.524,0,1.02816,0,0,3.38344,2.35528,1.028160,1,0,35.1821,0,0,0,35.1821,0
37.9405,2.31301,0,0,1.46496,0.0205447,0.36288,3.6288,55.5443,0.503913,0,0,0.900616,0.225497,0,0.66528,12.849,1,0.758701,0.36288,0,22.1258,5.2604,16.4696,0.84672,12.849,0.84672,3695.15,0,36.966,0.336403,1.09238,2.01894,1.97505,1.45211,3.29786,0.42336,36.966,0.42336,423.524,0,1.02816,0,0,2.12054,1.09238,1.028160,1,0,19.7675,0,0,0,19.7675,0
38.0945,2.29493,0,0,2.87507,0.0633311,0.36288,3.6288,56.1536,0.504692,0,0,1.34268,0.228717,0,0.66528,12.849,1,0.777204,0.36288,0,25.8927,4.89144,20.5869,0.84672,12.849,0.84672,3695.15,0,36.966,0.335884,2.14704,2.01922,3.0925,1.37668,5.5462,0.42336,36.966,0.42336,423.524,0,1.02816,0,0,3.1752,2.14704,1.028160,1,0,26.1331,0,0,0,26.1331,0
40.0609,2.2976,0,0,4.73198,0.105102,0.36288,3.6288,57.5504,0.507046,0,0,2.14968,0.245881,0,0.66528,12.849,1,0.774963,0.36288,0,45.2661,4.60068,40.2533,0.84672,12.849,0.84672,3695.15,0,36.966,0.333789,4.1727,2.0195,5.64626,1.28317,10.2215,0.42336,36.966,0.42336,423.524,0,1.02816,0,0,5.20086,4.1727,1.028160,1,0,50.4748,0,0,0,50.4748,0
39.5936,2.26662,0,0,2.29116,0.128897,0.36288,3.6288,57.8083,0.459769,0,0,0.944438,0.226743,0,0.66528,12.849,1,0.726988,0.36288,0,28.4725,4.20891,23.8995,0.84672,12.849,0.84672,3695.15,0,36.966,0.295321,1.06841,2.01978,2.72575,1.11702,4.4016,0.42336,36.966,0.42336,423.524,0,1.02816,0,0,2.09657,1.06841,1.028160,1,0,28.3011,0,0,0,28.3011,0
38.8143,2.26045,0,0,2.0127,0.168645,0.36288,3.6288,57.6323,0.530494,0,0,0.562084,0.207562,0,0.66528,12.849,1,0.733567,0.36288,0,24.1792,3.94916,19.8594,0.84672,12.849,0.84672,3695.15,0,36.966,0.339229,0.216518,1.93874,2.52493,1.03581,3.30516,0.42336,36.966,0.42336,423.524,0,0.913775,0,0,1.13029,0.216518,1.028160,1,0,23.1645,0,0,0,23.1645,0
38.3839,2.2497,0,0,2.34928,0.167135,0.36288,3.6288,58.0669,0.460327,0,0,1.10226,0.207326,0,0.66528,12.849,1,0.744735,0.36288,0,28.1444,3.94916,23.8134,0.84672,12.849,0.84672,3695.15,0,36.966,0.295259,1.58596,1.93901,4.00885,1.03581,6.20275,0.42336,36.966,0.42336,423.524,0,1.02816,0,0,2.61412,1.58596,1.028160,1,0,30.0161,0,0,0,30.0161,0
41.8806,2.24375,0,0,6.26966,0.166301,0.36288,3.6288,60.0965,0.461828,0,0,2.69933,0.207909,0,0.66528,12.849,1,0.751096,0.36288,0,82.7137,3.94916,78.3764,0.84672,12.849,0.84672,3695.15,0,36.966,0.294005,3.86281,1.93928,7.56859,1.03581,12.0409,0.42336,36.966,0.42336,423.524,0,1.02816,0,0,4.89097,3.86281,1.028160,1,0,90.4172,0,0,0,90.4172,0
43.8498,2.11944,0,0,4.65625,0.204763,0.36288,3.6288,61.1984,0.357164,0,0,1.66759,0.208542,0,0.66528,12.849,1,0.650246,0.36288,0,54.3999,3.73659,50.3759,0.84672,12.849,0.84672,3695.15,0,36.966,0.219695,0.89227,1.93955,3.94244,0.967378,5.58719,0.42336,36.966,0.42336,423.524,0,1.02816,0,0,1.92043,0.89227,1.028160,1,0,55.9631,0,0,0,55.9631,0
47.3183,2.05782,0,0,6.10069,0.21143,0.36288,3.6288,61.308,0.427885,0,0,2.44537,0.240473,1.66741,0.66528,12.849,1,0.60299,0.36288,0,70.1076,4.15101,65.7164,0.84672,12.849,0.84672,3695.15,0,36.966,0.258458,2.05006,1.75908,5.89462,1.08059,8.36471,0.42336,36.966,0.42336,423.524,0,1.02816,0,0,3.07822,2.05006,1.028160,1,0,75.7486,0,0,0,75.7486,0
51.0349,2.09306,0,0,6.4102,0.237666,0.36288,3.6288,61.308,0.428173,0,0,2.57041,0.178676,1.96356,0.66528,12.849,1,0.568358,0.36288,0,93.8572,3.88857,89.7631,0.84672,12.849,0.84672,3695.15,0,36.966,0.258169,2.03115,1.82326,6.12593,1.02806,8.69411,0.42336,36.966,0.42336,423.524,0,1.02816,0,0,3.05931,2.03115,1.028160,1,0,100.421,0,0,0,100.421,0
58.9026,2.12661,0,0,10.6045,0.247337,0.36288,3.6288,61.308,0.428173,0,0,6.93003,0.178676,6.32318,0.66528,12.849,1,0.535415,0.36288,0,126.276,3.88857,122.215,0.84672,12.849,0.84672,3695.15,0,36.966,0.25817,6.1695,1.82338,12.5789,1.02806,19.2856,0.42336,36.966,0.42336,423.524,0,1.02816,0,0,7.19766,6.1695,1.028160,1,0,147.824,0,0,0,147.824,0
64.5357,2.18582,0,0,8.44949,0.267692,0.36288,3.6288,61.308,0.428173,0,0,3.53237,0.178676,2.92552,0.66528,12.849,1,0.476814,0.36288,0,142.965,3.88857,138.963,0.84672,12.849,0.84672,3695.15,0,36.966,0.25817,3.49803,1.82349,9.91041,1.02806,13.9457,0.42336,36.966,0.42336,423.524,0,1.02816,0,0,4.52619,3.49803,1.028160,1,0,155.834,0,0,0,155.834,0
66.6539,2.29344,0,0,5.03482,0.260319,0.36288,3.6288,61.308,0.460569,0,0,2.71049,0.224762,2.02516,0.66528,12.849,1,0.456622,0.36288,0,108.895,4.82805,103.973,0.84672,12.849,0.84672,3695.15,0,36.966,0.277703,2.67737,1.8236,7.22199,1.13394,10.3113,0.42336,36.966,0.42336,423.524,0,1.02816,0,0,3.70553,2.67737,1.028160,1,0,116.31,0,0,0,116.31,0
69.8459,2.34965,0,0,6.18709,0.282567,0.36288,3.6288,61.308,0.428171,0,0,3.38025,0.197574,2.75451,0.66528,12.849,1,0.452946,0.36288,0,171.955,4.89504,166.97,0.84672,12.849,0.84672,3695.15,0,36.966,0.258168,3.87638,1.88011,8.6845,1.12285,13.06,0.42336,36.966,0.42336,423.524,0,1.02816,0,0,4.90454,3.87638,1.028160,1,0,182.784,0,0,0,182.784,0
72.29,2.36764,0,0,6.206,0.273636,1.12061,3.6288,61.308,0.428171,0,0,3.49692,0.185173,2.88358,0.66528,12.849,1,0.435555,1.12061,0,103.8,4.46628,100.019,0.84672,12.849,0.84672,3695.15,0,36.966,0.258168,3.93657,1.84983,8.04401,1.06928,12.503,0.42336,36.966,0.42336,423.524,0,1.02816,0,0,4.96473,3.93657,1.028160,1,0,115.405,0,0,0,115.405,0
72.29,2.38065,0,0,6.65093,0.278806,3.99147,3.6288,61.308,0.428171,0,0,4.66111,0.185173,4.04776,0.66528,12.849,1,0.423142,3.99147,0,121.554,4.46628,120.656,0.84672,12.849,0.84672,3695.15,0,36.966,0.258168,4.98922,1.84994,10.5767,1.06928,16.0884,0.42336,36.966,0.42336,423.524,0,1.02816,0,0,6.01738,4.98922,1.028160,1,0,140.792,0,0,0,140.792,0
72.29,2.61801,0,0,5.32729,0.282467,2.42682,3.6288,61.308,0.549857,0,0,3.00802,0.195787,2.26238,0.66528,12.849,1,0.465331,2.42682,0,106.122,4.40071,103.682,0.84672,12.849,0.84672,3695.15,0,36.966,0.331539,2.73999,1.85005,7.73142,1.12203,10.8679,0.42336,36.966,0.42336,423.524,0,1.02816,0,0,3.76815,2.73999,1.028160,1,0,116.813,0,0,0,116.813,0
72.29,2.66553,0,0,4.99175,0.287347,2.03887,3.6288,61.308,0.515349,0,0,3.30413,0.209939,2.57884,0.66528,12.849,1,0.473779,2.03887,0,103.4,4.3133,100.652,0.84672,12.849,0.84672,3695.15,0,36.966,0.310733,2.6208,2.05314,6.68135,1.19236,9.85219,0.42336,36.966,0.42336,423.524,0,1.02816,0,0,3.64896,2.6208,1.028160,1,0,113.083,0,0,0,113.083,0
72.29,2.66589,0,0,5.15601,0.287347,2.20278,3.6288,61.308,0.515502,0,0,3.43214,0.209939,2.7067,0.66528,12.849,1,0.473841,2.20278,0,162.764,4.3133,160.179,0.84672,12.849,0.84672,3695.15,0,36.966,0.310825,2.8398,2.02089,6.91851,1.19236,10.276,0.42336,36.966,0.42336,423.524,0,1.02816,0,0,3.86796,2.8398,1.028160,1,0,173.162,0,0,0,173.162,0
72.29,2.66624,0,0,3.57573,0.303703,0.60579,3.6288,61.308,0.515655,0,0,1.53389,0.201289,0.816949,0.66528,12.849,1,0.473904,0.60579,0,82.3107,4.2854,78.1572,0.84672,12.849,0.84672,3695.15,0,36.966,0.310917,1.7119,2.02116,5.58866,1.14048,7.87034,0.42336,36.966,0.42336,423.524,0,1.02816,0,0,2.74006,1.7119,1.028160,1,0,86.8445,0,0,0,86.8445,0
72.29,2.32859,0,0,4.66327,0.322634,2.01205,3.6288,61.308,0.352419,0,0,2.77342,0.207177,2.21383,0.66528,12.849,1,0.413888,2.01205,0,113.398,4.17795,110.818,0.84672,12.849,0.84672,3695.15,0,36.966,0.212493,3.57633,2.02143,6.9816,1.06325,11.3036,0.42336,36.966,0.42336,423.524,0,1.02816,0,0,4.60449,3.57633,1.028160,1,0,124.336,0,0,0,124.336,0
72.29,2.22598,0,0,4.7917,0.318797,2.24693,3.6288,61.308,0.428166,0,0,2.93536,0.230404,2.27679,0.66528,12.849,1,0.395651,2.24693,0,134.567,4.08429,132.334,0.84672,12.849,0.84672,3695.15,0,36.966,0.258165,3.25161,1.74475,6.48674,1.05252,10.1724,0.42336,36.966,0.42336,423.524,0,1.02816,0,0,4.27977,3.25161,1.028160,1,0,144.784,0,0,0,144.784,0
72.29,2.22646,0,0,4.64891,0.318797,2.10365,3.6288,61.308,0.428166,0,0,3.0462,0.230404,2.38764,0.66528,12.849,1,0.395737,2.10365,0,97.523,4.08429,95.1466,0.84672,12.849,0.84672,3695.15,0,36.966,0.258165,3.53794,1.81591,6.50457,1.05252,10.5477,0.42336,36.966,0.42336,423.524,0,1.02816,0,0,4.5661,3.53794,1.028160,1,0,108.082,0,0,0,108.082,0
72.29,2.22695,0,0,4.85484,0.318797,2.30909,3.6288,61.308,0.428166,0,0,2.73838,0.230404,2.07981,0.66528,12.849,1,0.395824,2.30909,0,137.044,4.08429,134.873,0.84672,12.849,0.84672,3695.15,0,36.966,0.258165,3.21897,1.81602,6.79151,1.05252,10.5158,0.42336,36.966,0.42336,423.524,0,1.02816,0,0,4.24713,3.21897,1.028160,1,0,147.468,0,0,0,147.468,0
72.29,2.22744,0,0,4.20697,0.322275,1.65726,3.6288,61.308,0.428166,0,0,2.33711,0.166763,1.74218,0.66528,12.849,1,0.39591,1.65726,0,121.508,2.95142,119.818,0.84672,12.849,0.84672,3695.15,0,36.966,0.258165,2.95033,1.81612,5.65149,0.624238,9.53554,0.42336,36.966,0.42336,423.524,0,1.02816,0,0,3.97849,2.95033,1.028160,1,0,131.095,0,0,0,131.095,0
71.6829,2.31306,0,0,2.40983,0.340964,0.36288,3.6288,61.308,0.468164,0,0,1.00809,0.135206,0.40472,0.66528,12.849,1,0.41113,0.36288,0,47.5806,3.26977,44.2625,0.84672,12.849,0.84672,3695.15,0,36.966,0.282282,1.18406,1.81623,2.72551,0.786409,4.65711,0.42336,36.966,0.42336,423.524,0,1.02816,0,0,2.21222,1.18406,1.028160,1,0,49.3244,0,0,0,49.3244,0
72.29,2.36498,0,0,3.68483,0.33575,0.377027,3.6288,61.308,0.428171,0,0,1.57676,0.152169,0.996417,0.66528,12.849,1,0.423917,0.377027,0,94.5889,3.55625,90.9858,0.84672,12.849,0.84672,3695.15,0,36.966,0.258168,2.46266,1.88466,4.32651,0.957069,7.4586,0.42336,36.966,0.42336,423.524,0,1.02816,0,0,3.49082,2.46266,1.028160,1,0,99.4408,0,0,0,99.4408,0
71.6722,2.36851,0,0,2.45087,0.337304,0.36288,3.6288,61.308,0.428171,0,0,1.15719,0.152169,0.57685,0.66528,12.849,1,0.420984,0.36288,0,50.538,3.55625,46.9236,0.84672,12.849,0.84672,3695.15,0,36.966,0.258168,1.38019,1.84726,3.33406,0.957069,5.34628,0.42336,36.966,0.42336,423.524,0,1.02816,0,0,2.40835,1.38019,1.028160,1,0,52.8467,0,0,0,52.8467,0
71.8465,2.36594,0,0,3.23882,0.335722,0.36288,3.6288,61.308,0.428171,0,0,2.24392,0.152169,1.66358,0.66528,12.849,1,0.424152,0.36288,0,102.845,3.55625,99.227,0.84672,12.849,0.84672,3695.15,0,36.966,0.258168,3.78493,1.84737,6.0136,0.957069,10.4307,0.42336,36.966,0.42336,423.524,0,1.02816,0,0,4.81309,3.78493,1.028160,1,0,111.321,0,0,0,111.321,0
71.184,2.33404,0,0,2.33803,0.303533,0.36288,3.6288,61.308,0.412628,0,0,1.5881,0.166661,1.00881,0.66528,12.849,1,0.417419,0.36288,0,57.8226,3.93852,53.8295,0.84672,12.849,0.84672,3695.15,0,36.966,0.248797,1.88188,1.84748,4.50171,1.02459,6.95769,0.42336,36.966,0.42336,423.524,0,1.02816,0,0,2.91004,1.88188,1.028160,1,0,61.796,0,0,0,61.796,0
70.5009,2.31014,0,0,2.27888,0.289014,0.36288,3.6288,61.308,0.428169,0,0,1.61819,0.172457,1.01757,0.66528,12.849,1,0.41699,0.36288,0,49.6115,4.09143,45.4659,0.84672,12.849,0.84672,3695.15,0,36.966,0.258167,1.81607,1.821,3.6787,1.05159,6.006,0.42336,36.966,0.42336,423.524,0,1.02816,0,0,2.84423,1.81607,1.028160,1,0,52.4895,0,0,0,52.4895,0
70.6898,2.30722,0,0,3.13156,0.272488,0.36288,3.6288,61.308,0.428169,0,0,1.77955,0.176028,1.17536,0.66528,12.849,1,0.420499,0.36288,0,64.6838,4.19979,60.4264,0.84672,12.849,0.84672,3695.15,0,36.966,0.258167,2.16206,1.83568,3.67452,1.03153,6.38256,0.42336,36.966,0.42336,423.524,0,1.02816,0,0,3.19022,2.16206,1.028160,1,0,67.9843,0,0,0,67.9843,0
69.7781,2.30867,0,0,1.99506,0.23529,0.36288,3.6288,61.308,0.428169,0,0,1.50146,0.184953,0.888337,0.66528,12.849,1,0.419638,0.36288,0,47.3463,4.47069,42.8189,0.84672,12.849,0.84672,3695.15,0,36.966,0.258167,1.61001,1.83579,3.25956,0.981386,5.46581,0.42336,36.966,0.42336,423.524,0,1.02816,0,0,2.63817,1.61001,1.028160,1,0,49.173,0,0,0,49.173,0
68.5573,2.41704,0,0,1.7862,0.227086,0.36288,3.6288,61.308,0.483318,0,0,1.32868,0.189343,0.656015,0.66528,12.849,1,0.445076,0.36288,0,40.8859,4.57937,36.2244,0.84672,12.849,0.84672,3695.15,0,36.966,0.291419,1.32864,1.83591,2.86728,1.0298,4.71061,0.42336,36.966,0.42336,423.524,0,1.02816,0,0,2.3568,1.32864,1.028160,1,0,41.591,0,0,0,41.591,0
67.2018,2.47758,0,0,1.7078,0.222778,0.36288,3.6288,61.308,0.433909,0,0,1.3967,0.164606,0.798184,0.66528,12.849,1,0.464349,0.36288,0,35.9798,4.55794,31.3204,0.84672,12.849,0.84672,3695.15,0,36.966,0.261628,1.51273,1.92928,2.86793,1.06627,4.98205,0.42336,36.966,0.42336,423.524,0,1.02816,0,0,2.54089,1.51273,1.028160,1,0,37.1006,0,0,0,37.1006,0
65.9439,2.47005,0,0,1.68889,0.113847,0.36288,3.6288,61.308,0.434052,0,0,1.33833,0.204031,0.700245,0.66528,12.849,1,0.472274,0.36288,0,36.8694,5.08694,31.6731,0.84672,12.849,0.84672,3695.15,0,36.966,0.261714,1.56789,1.88305,2.96035,1.17269,4.97689,0.42336,36.966,0.42336,423.524,0,1.02816,0,0,2.59605,1.56789,1.028160,1,0,37.3502,0,0,0,37.3502,0
64.5054,2.46283,0,0,1.49994,0.112717,0.36288,3.6288,61.308,0.434194,0,0,1.09094,0.204031,0.452713,0.66528,12.849,1,0.479877,0.36288,0,32.9731,5.08694,27.7692,0.84672,12.849,0.84672,3695.15,0,36.966,0.2618,1.17937,1.8833,2.53891,1.17269,4.16708,0.42336,36.966,0.42336,423.524,0,1.02816,0,0,2.20753,1.17937,1.028160,1,0,32.389,0,0,0,32.389,0
63.0215,2.45424,0,0,1.44457,0.111424,0.36288,3.6288,61.308,0.434336,0,0,0.878213,0.204031,0.239846,0.66528,12.849,1,0.488865,0.36288,0,30.3853,5.08694,25.1724,0.84672,12.849,0.84672,3695.15,0,36.966,0.261885,1.01443,1.88355,2.44087,1.17269,3.90427,0.42336,36.966,0.42336,423.524,0,1.02816,0,0,2.04259,1.01443,1.028160,1,0,29.3165,0,0,0,29.3165,0
62.0057,2.4231,0,0,1.89544,0.125245,0.36288,3.6288,61.308,0.464809,0,0,0.923089,0.247484,0.210796,0.66528,12.849,1,0.494028,0.36288,0,42.823,5.21115,37.4807,0.84672,12.849,0.84672,3695.15,0,36.966,0.280259,0.860147,1.88379,2.56596,1.16359,3.86605,0.42336,36.966,0.42336,423.524,0,1.02816,0,0,1.88831,0.860147,1.028160,1,0,41.5575,0,0,0,41.5575,0
60.9894,2.41671,0,0,1.88755,0.124207,0.36288,3.6288,61.308,0.464955,0,0,0.922415,0.247484,0.209975,0.66528,12.849,1,0.500799,0.36288,0,40.4531,5.21115,35.104,0.84672,12.849,0.84672,3695.15,0,36.966,0.280347,0.983146,1.91667,2.76432,1.16359,4.22019,0.42336,36.966,0.42336,423.524,0,1.02816,0,0,2.01131,0.983146,1.028160,1,0,39.5342,0,0,0,39.5342,0
59.9099,2.41014,0,0,1.8123,0.118794,0.36288,3.6288,61.308,0.465102,0,0,0.886784,0.255256,0.166425,0.66528,12.849,1,0.507758,0.36288,0,37.9715,5.31974,32.5069,0.84672,12.849,0.84672,3695.15,0,36.966,0.280436,1.00329,1.91692,2.80195,1.20034,4.24139,0.42336,36.966,0.42336,423.524,0,1.02816,0,0,2.03145,1.00329,1.028160,1,0,36.9147,0,0,0,36.9147,0
58.6465,2.40292,0,0,1.5943,0.0918642,0.36288,3.6288,61.308,0.465248,0,0,0.839169,0.299211,0.0747097,0.66528,12.849,1,0.51536,0.36288,0,35.9255,6.10685,29.6661,0.84672,12.849,0.84672,3695.15,0,36.966,0.280524,0.748094,1.91717,2.68922,1.47113,3.60283,0.42336,36.966,0.42336,423.524,0,1.02816,0,0,1.77625,0.748094,1.028160,1,0,33.3437,0,0,0,33.3437,0
57.3415,2.45001,0,0,1.59008,0.0822072,0.36288,3.6288,61.2761,0.49244,0,0,0.770005,0.309434,0,0.66528,12.849,1,0.536778,0.36288,0,36.4458,6.3136,29.9583,0.84672,12.849,0.84672,3695.15,0,36.966,0.29692,0.724542,1.91743,2.38558,1.50084,3.22979,0.42336,36.966,0.42336,423.524,0,1.02816,0,0,1.7527,0.724542,1.028160,1,0,33.1881,0,0,0,33.1881,0
56.0526,2.44035,0,0,1.58879,0.0744982,0.36288,3.6288,61.1862,0.492494,0,0,0.724645,0.32206,0,0.66528,12.849,1,0.54683,0.36288,0,35.1948,6.21443,28.7964,0.84672,12.849,0.84672,3695.15,0,36.966,0.297106,0.54953,1.96394,2.06706,1.42882,2.8546,0.42336,36.966,0.42336,423.524,0,1.02816,0,0,1.57769,0.54953,1.028160,1,0,31.651,0,0,0,31.651,0
54.6572,2.43044,0,0,1.47154,0.073556,0.36288,3.6288,61.0645,0.492372,0,0,0.692505,0.321877,0,0.66528,12.849,1,0.557134,0.36288,0,32.9485,6.21443,26.5398,0.84672,12.849,0.84672,3695.15,0,36.966,0.297469,0.460883,1.9642,1.92262,1.42882,2.62141,0.42336,36.966,0.42336,423.524,0,1.02816,0,0,1.48904,0.460883,1.028160,1,0,29.1612,0,0,0,29.1612,0
53.1295,2.41925,0,0,1.3231,0.068728,0.36288,3.6288,60.9028,0.492152,0,0,0.658204,0.327686,0,0.66528,12.849,1,0.568725,0.36288,0,30.6657,6.23758,24.2223,0.84672,12.849,0.84672,3695.15,0,36.966,0.297929,0.549746,1.96446,1.89094,1.46567,2.64155,0.42336,36.966,0.42336,423.524,0,1.02816,0,0,1.57791,0.549746,1.028160,1,0,26.8638,0,0,0,26.8638,0
51.771,2.51642,0,0,1.59475,0.0739196,0.36288,3.6288,60.8505,0.564969,0,0,0.854029,0.341398,0,0.66528,12.849,1,0.608579,0.36288,0,29.5085,5.85416,23.4087,0.84672,12.849,0.84672,3695.15,0,36.966,0.342918,0.877746,1.96472,3.67752,1.56658,4.61049,0.42336,36.966,0.42336,423.524,0,1.02816,0,0,1.90591,0.877746,1.028160,1,0,28.0192,0,0,0,28.0192,0
50.4893,2.50396,0,0,1.62759,0.0424323,0.36288,3.6288,60.6477,0.564945,0,0,0.696496,0.334342,0,0.66528,12.849,1,0.621455,0.36288,0,33.2954,6.38379,26.6531,0.84672,12.849,0.84672,3695.15,0,36.966,0.343198,0.675311,2.08142,2.91036,1.57774,3.74614,0.42336,36.966,0.42336,423.524,0,1.02816,0,0,1.70347,0.675311,1.028160,1,0,30.3992,0,0,0,30.3992,0
49.3791,2.49171,0,0,1.78619,0.0418678,0.36288,3.6288,60.6095,0.564391,0,0,0.860077,0.333912,0,0.66528,12.849,1,0.634115,0.36288,0,42.8206,6.38379,36.1656,0.84672,12.849,0.84672,3695.15,0,36.966,0.344008,1.08822,2.08169,3.17487,1.57774,4.42302,0.42336,36.966,0.42336,423.524,0,1.02816,0,0,2.11638,1.08822,1.028160,1,0,40.5886,0,0,0,40.5886,0
47.929,2.48073,0,0,1.43496,0.0413783,0.36288,3.6288,60.3333,0.564416,0,0,0.622078,0.333831,0,0.66528,12.849,1,0.645514,0.36288,0,41.8426,6.38379,35.1761,0.84672,12.849,0.84672,3695.15,0,36.966,0.34424,0.441141,2.08197,2.54869,1.57774,3.14981,0.42336,36.966,0.42336,423.524,0,1.02816,0,0,1.4693,0.441141,1.028160,1,0,38.326,0,0,0,38.326,0
46.8469,2.46565,0,0,1.78708,0.0407332,0.36288,3.6288,60.4997,0.563598,0,0,1.06325,0.333246,0,0.66528,12.849,1,0.661002,0.36288,0,38.2152,6.38379,31.5333,0.84672,12.849,0.84672,3695.15,0,36.966,0.345314,1.7512,2.08224,3.94074,1.57774,5.85112,0.42336,36.966,0.42336,423.524,0,1.02816,0,0,2.77936,1.7512,1.028160,1,0,37.3844,0,0,0,37.3844,0
45.1798,2.42704,0,0,1.16453,0.0416355,0.36288,3.6288,60.2395,0.529544,0,0,0.606105,0.336768,0,0.66528,12.849,1,0.665682,0.36288,0,33.7512,5.86098,27.5874,0.84672,12.849,0.84672,3695.15,0,36.966,0.323557,0.849243,2.08252,2.53706,1.58399,3.56128,0.42336,36.966,0.42336,423.524,0,1.02816,0,0,1.8774,0.849243,1.028160,1,0,31.1487,0,0,0,31.1487,0
44.5502,2.40824,0,0,2.18259,0.0410949,0.36288,3.6288,60.4094,0.528832,0,0,1.0355,0.336739,0,0.66528,12.849,1,0.684896,0.36288,0,41.8675,5.77385,35.7716,0.84672,12.849,0.84672,3695.15,0,36.966,0.324518,2.55949,2.03304,4.24271,1.58503,6.92569,0.42336,36.966,0.42336,423.524,0,1.02816,0,0,3.58765,2.55949,1.028160,1,0,42.6973,0,0,0,42.6973,0
42.7242,2.40104,0,0,0.978679,0.0408036,0.36288,3.6288,60.1303,0.529553,0,0,0.587481,0.337103,0,0.66528,12.849,1,0.6925,0.36288,0,31.8342,5.77385,25.7307,0.84672,12.849,0.84672,3695.15,0,36.966,0.324046,0.805758,2.03331,2.18153,1.58503,3.11152,0.42336,36.966,0.42336,423.524,0,1.02816,0,0,1.83392,0.805758,1.028160,1,0,28.8422,0,0,0,28.8422,0
41.1484,2.37861,0,0,1.22571,0.0599358,0.36288,3.6288,60.011,0.528776,0,0,0.743397,0.333924,0,0.66528,12.849,1,0.715349,0.36288,0,30.3713,5.59338,24.4255,0.84672,12.849,0.84672,3695.15,0,36.966,0.325073,0.888235,2.03358,2.66888,1.55787,3.70775,0.42336,36.966,0.42336,423.524,0,1.02816,0,0,1.9164,0.888235,1.028160,1,0,28.1332,0,0,0,28.1332,0
41.317,2.29713,0,0,2.97008,0.141536,0.36288,3.6288,60.3939,0.474939,0,0,1.17172,0.313817,0,0.66528,12.849,1,0.717301,0.36288,0,43.8363,4.47342,39.0085,0.84672,12.849,0.84672,3695.15,0,36.966,0.292556,3.35118,2.03385,6.17633,1.21695,10.0519,0.42336,36.966,0.42336,423.524,0,1.02816,0,0,4.37934,3.35118,1.028160,1,0,49.0603,0,0,0,49.0603,0
40.1356,2.29966,0,0,1.64219,0.161066,0.36288,3.6288,60.5482,0.476237,0,0,0.888795,0.258254,0,0.66528,12.849,1,0.715163,0.36288,0,41.0697,3.61914,37.0983,0.84672,12.849,0.84672,3695.15,0,36.966,0.291496,1.0388,1.95223,4.08714,0.951445,5.83523,0.42336,36.966,0.42336,423.524,0,1.02816,0,0,2.06696,1.0388,1.028160,1,0,42.9335,0,0,0,42.9335,0
39.6782,2.28402,0,0,2.34838,0.158826,0.36288,3.6288,60.6474,0.476846,0,0,0.834468,0.258507,0,0.66528,12.849,1,0.731207,0.36288,0,50.9179,3.61914,46.9304,0.84672,12.849,0.84672,3695.15,0,36.966,0.291125,0.820385,1.95249,4.6796,0.951445,6.2099,0.42336,36.966,0.42336,423.524,0,1.02816,0,0,1.84855,0.820385,1.028160,1,0,53.1403,0,0,0,53.1403,0
43.0348,2.27796,0,0,6.15545,0.15797,0.36288,3.6288,61.308,0.477289,0,0,2.49585,0.25867,1.09925,0.66528,12.849,1,0.737671,0.36288,0,113.151,3.61914,109.157,0.84672,12.849,0.84672,3695.15,0,36.966,0.290919,5.32264,1.95274,9.4651,0.951445,15.4981,0.42336,36.966,0.42336,423.524,0,1.02816,0,0,6.3508,5.32264,1.028160,1,0,125.755,0,0,0,125.755,0
44.1979,2.14765,0,0,3.84876,0.175138,0.36288,3.6288,61.308,0.366812,0,0,1.53951,0.262652,0.910046,0.66528,12.849,1,0.641229,0.36288,0,88.814,3.70464,84.831,0.84672,12.849,0.84672,3695.15,0,36.966,0.221171,3.11315,1.953,5.61697,0.958187,9.50376,0.42336,36.966,0.42336,423.524,0,1.02816,0,0,4.14131,3.11315,1.028160,1,0,95.2448,0,0,0,95.2448,0
44.4282,2.08498,0,0,2.88381,0.2057,0.36288,3.6288,61.308,0.428168,0,0,1.5277,0.263847,0.835685,0.66528,12.849,1,0.606135,0.36288,0,66.9371,4.64751,62.0463,0.84672,12.849,0.84672,3695.15,0,36.966,0.258166,2.47368,1.77127,6.60317,1.14712,9.44283,0.42336,36.966,0.42336,423.524,0,1.02816,0,0,3.50184,2.47368,1.028160,1,0,72.3248,0,0,0,72.3248,0
45.5185,2.08787,0,0,3.74733,0.206239,0.36288,3.6288,61.308,0.428168,0,0,1.50448,0.263847,0.812469,0.66528,12.849,1,0.603829,0.36288,0,71.1012,4.64751,66.2128,0.84672,12.849,0.84672,3695.15,0,36.966,0.258166,2.84456,1.82893,5.52641,1.14712,8.79461,0.42336,36.966,0.42336,423.524,0,1.02816,0,0,3.87272,2.84456,1.028160,1,0,75.8199,0,0,0,75.8199,0
45.3065,2.0996,0,0,2.45927,0.208792,0.36288,3.6288,61.308,0.428168,0,0,0.997206,0.263847,0.305192,0.66528,12.849,1,0.592678,0.36288,0,53.5458,4.64751,48.6685,0.84672,12.849,0.84672,3695.15,0,36.966,0.258166,1.84179,1.82904,5.84962,1.14712,8.11516,0.42336,36.966,0.42336,423.524,0,1.02816,0,0,2.86995,1.84179,1.028160,1,0,57.0888,0,0,0,57.0888,0
44.6569,2.0979,0,0,2.00481,0.193694,0.36288,3.6288,61.308,0.428168,0,0,0.735728,0.203769,0.103792,0.66528,12.849,1,0.594967,0.36288,0,43.2193,3.55394,39.4332,0.84672,12.849,0.84672,3695.15,0,36.966,0.258166,0.912185,1.82915,3.56633,0.83263,5.21687,0.42336,36.966,0.42336,423.524,0,1.02816,0,0,1.94035,0.912185,1.028160,1,0,44.7539,0,0,0,44.7539,0
46.0084,2.15952,0,0,4.08715,0.213234,0.36288,3.6288,61.308,0.460787,0,0,1.20313,0.237236,0.505111,0.66528,12.849,1,0.621352,0.36288,0,73.0793,3.84681,68.974,0.84672,12.849,0.84672,3695.15,0,36.966,0.277834,1.53978,1.82926,4.99399,1.02571,7.05948,0.42336,36.966,0.42336,423.524,0,1.02816,0,0,2.56794,1.53978,1.028160,1,0,76.5386,0,0,0,76.5386,0
48.2593,2.21511,0,0,5.05393,0.225008,0.36288,3.6288,61.308,0.428165,0,0,1.3756,0.250623,0.696812,0.66528,12.849,1,0.618624,0.36288,0,92.7444,3.96396,88.5247,0.84672,12.849,0.84672,3695.15,0,36.966,0.258165,1.85947,1.88615,5.40365,1.10295,7.78815,0.42336,36.966,0.42336,423.524,0,1.02816,0,0,2.88763,1.85947,1.028160,1,0,97.0096,0,0,0,97.0096,0
51.5298,2.23834,0,0,6.10235,0.230658,0.36288,3.6288,61.308,0.428165,0,0,1.27476,0.250623,0.595975,0.66528,12.849,1,0.595957,0.36288,0,128.917,3.96396,124.72,0.84672,12.849,0.84672,3695.15,0,36.966,0.258165,1.64047,1.85566,5.35932,1.10295,7.49434,0.42336,36.966,0.42336,423.524,0,1.02816,0,0,2.66863,1.64047,1.028160,1,0,132.811,0,0,0,132.811,0
52.4821,2.26908,0,0,3.82598,0.241681,0.36288,3.6288,61.308,0.428165,0,0,0.967092,0.239409,0.299518,0.66528,12.849,1,0.565797,0.36288,0,72.798,3.83031,68.7648,0.84672,12.849,0.84672,3695.15,0,36.966,0.258165,0.912876,1.85576,4.31034,1.05138,5.76944,0.42336,36.966,0.42336,423.524,0,1.02816,0,0,1.94104,0.912876,1.028160,1,0,74.8338,0,0,0,74.8338,0
54.4351,2.50341,0,0,5.07184,0.252558,0.36288,3.6288,61.308,0.550687,0,0,0.927979,0.205201,0.172092,0.66528,12.849,1,0.612901,0.36288,0,98.3474,3.2389,94.8585,0.84672,12.849,0.84672,3695.15,0,36.966,0.33204,0.932308,1.85587,6.70721,0.879494,8.28386,0.42336,36.966,0.42336,423.524,0,1.02816,0,0,1.96047,0.932308,1.028160,1,0,103.314,0,0,0,103.314,0
57.3927,2.55724,0,0,6.13853,0.260824,0.36288,3.6288,61.308,0.52329,0,0,1.3229,0.189768,0.609839,0.66528,12.849,1,0.603618,0.36288,0,115.835,2.5957,112.998,0.84672,12.849,0.84672,3695.15,0,36.966,0.31552,1.56258,2.06035,5.4278,0.772095,7.96312,0.42336,36.966,0.42336,423.524,0,1.02816,0,0,2.59074,1.56258,1.028160,1,0,121.571,0,0,0,121.571,0
60.1055,2.58299,0,0,5.92269,0.264025,0.36288,3.6288,61.308,0.523436,0,0,1.38395,0.200833,0.659677,0.66528,12.849,1,0.578275,0.36288,0,117.968,2.85779,114.895,0.84672,12.849,0.84672,3695.15,0,36.966,0.315609,1.99822,2.03477,5.89447,0.854086,8.75776,0.42336,36.966,0.42336,423.524,0,1.02816,0,0,3.02638,1.99822,1.028160,1,0,124.312,0,0,0,124.312,0
61.577,2.60482,0,0,4.69822,0.259001,0.36288,3.6288,61.308,0.523583,0,0,1.13901,0.219843,0.395585,0.66528,12.849,1,0.556842,0.36288,0,138.116,3.28425,134.637,0.84672,12.849,0.84672,3695.15,0,36.966,0.315697,1.15755,2.03502,5.10308,0.967134,7.01282,0.42336,36.966,0.42336,423.524,0,1.02816,0,0,2.18571,1.15755,1.028160,1,0,142.046,0,0,0,142.046,0
63.6382,2.28454,0,0,4.98773,0.27914,0.36288,3.6288,61.308,0.359221,0,0,0.994473,0.188017,0.447235,0.66528,12.849,1,0.476705,0.36288,0,98.2662,2.72052,95.4318,0.84672,12.849,0.84672,3695.15,0,36.966,0.216594,1.19723,2.03528,4.38823,0.827269,6.57687,0.42336,36.966,0.42336,423.524,0,1.02816,0,0,2.22539,1.19723,1.028160,1,0,102.456,0,0,0,102.456,0
66.1295,2.2059,0,0,5.34581,0.285724,0.36288,3.6288,61.308,0.42816,0,0,1.31565,0.20783,0.679657,0.66528,12.849,1,0.445387,0.36288,0,110.843,3.34483,107.416,0.84672,12.849,0.84672,3695.15,0,36.966,0.258162,2.00132,1.75669,7.29643,0.95965,9.83662,0.42336,36.966,0.42336,423.524,0,1.02816,0,0,3.02948,2.00132,1.028160,1,0,117.932,0,0,0,117.932,0
67.8963,2.22041,0,0,4.65439,0.304273,0.36288,3.6288,61.308,0.42816,0,0,1.12387,0.201155,0.49455,0.66528,12.849,1,0.431427,0.36288,0,127.501,3.34268,124.09,0.84672,12.849,0.84672,3695.15,0,36.966,0.258162,1.85899,1.82146,5.8617,0.966932,8.31706,0.42336,36.966,0.42336,423.524,0,1.02816,0,0,2.88715,1.85899,1.028160,1,0,132.902,0,0,0,132.902,0
69.5838,2.23031,0,0,4.58926,0.308552,0.36288,3.6288,61.308,0.42816,0,0,1.13777,0.201155,0.508452,0.66528,12.849,1,0.422074,0.36288,0,73.2423,3.34268,69.8404,0.84672,12.849,0.84672,3695.15,0,36.966,0.258162,1.96007,1.82156,5.61137,0.966932,8.16791,0.42336,36.966,0.42336,423.524,0,1.02816,0,0,2.98823,1.96007,1.028160,1,0,78.5168,0,0,0,78.5168,0
71.2333,2.23941,0,0,4.56437,0.312639,0.36288,3.6288,61.308,0.42816,0,0,1.04171,0.201155,0.412393,0.66528,12.849,1,0.413519,0.36288,0,110.071,3.34268,106.678,0.84672,12.849,0.84672,3695.15,0,36.966,0.258162,1.76096,1.82167,5.83241,0.966932,8.18995,0.42336,36.966,0.42336,423.524,0,1.02816,0,0,2.78912,1.76096,1.028160,1,0,115.28,0,0,0,115.28,0
72.29,2.33352,0,0,5.01669,0.367852,1.2586,3.6288,61.308,0.46843,0,0,1.26087,0.187713,0.604727,0.66528,12.849,1,0.420918,1.2586,0,101.845,3.80222,98.8803,0.84672,12.849,0.84672,3695.15,0,36.966,0.282443,2.35685,1.82177,6.67279,0.946787,9.62218,0.42336,36.966,0.42336,423.524,0,1.02816,0,0,3.38501,2.35685,1.028160,1,0,109.107,0,0,0,109.107,0
72.29,2.39403,0,0,4.02781,0.37943,1.25435,3.6288,61.308,0.428165,0,0,0.973313,0.185472,0.359676,0.66528,12.849,1,0.42552,1.25435,0,86.0138,3.87881,82.9638,0.84672,12.849,0.84672,3695.15,0,36.966,0.258165,1.55607,1.89066,6.11261,0.94343,8.35775,0.42336,36.966,0.42336,423.524,0,1.02816,0,0,2.58423,1.55607,1.028160,1,0,91.6812,0,0,0,91.6812,0
72.2044,2.39451,0,0,3.02298,0.351185,0.36288,3.6288,61.308,0.428165,0,0,0.789117,0.194833,0.166119,0.66528,12.849,1,0.425606,0.36288,0,72.4936,3.96219,68.4687,0.84672,12.849,0.84672,3695.15,0,36.966,0.258165,1.14826,1.853,4.33248,0.949252,6.12632,0.42336,36.966,0.42336,423.524,0,1.02816,0,0,2.17642,1.14826,1.028160,1,0,74.7611,0,0,0,74.7611,0
71.7335,2.39457,0,0,2.59991,0.313321,0.36288,3.6288,61.308,0.428165,0,0,0.643986,0.207314,0.00850631,0.66528,12.849,1,0.426121,0.36288,0,49.5228,4.07337,45.3862,0.84672,12.849,0.84672,3695.15,0,36.966,0.258165,0.829181,1.85311,3.53952,0.957015,5.00663,0.42336,36.966,0.42336,423.524,0,1.02816,0,0,1.85734,0.829181,1.028160,1,0,50.4014,0,0,0,50.4014,0
70.9571,2.35919,0,0,2.24132,0.295716,0.36288,3.6288,61.2794,0.412517,0,0,0.578289,0.194325,0,0.66528,12.849,1,0.42258,0.36288,0,47.1408,4.17363,42.9075,0.84672,12.849,0.84672,3695.15,0,36.966,0.248729,0.782119,1.85321,3.63254,1.08302,4.93612,0.42336,36.966,0.42336,423.524,0,1.02816,0,0,1.81028,0.782119,1.028160,1,0,47.8436,0,0,0,47.8436,0
70.1659,2.33451,0,0,2.18786,0.281675,0.36288,3.6288,61.2659,0.428088,0,0,0.599105,0.18455,0,0.66528,12.849,1,0.422737,0.36288,0,48.9866,4.24883,44.678,0.84672,12.849,0.84672,3695.15,0,36.966,0.258239,0.872173,1.82654,3.53518,1.17753,4.79813,0.42336,36.966,0.42336,423.524,0,1.02816,0,0,1.90033,0.872173,1.028160,1,0,49.4761,0,0,0,49.4761,0
70.6501,2.33096,0,0,3.45058,0.272478,0.36288,3.6288,61.308,0.428053,0,0,0.765634,0.186319,0.109175,0.66528,12.849,1,0.426853,0.36288,0,64.2775,4.303,59.9106,0.84672,12.849,0.84672,3695.15,0,36.966,0.258274,1.32084,1.84132,3.50154,1.1675,5.23793,0.42336,36.966,0.42336,423.524,0,1.02816,0,0,2.349,1.32084,1.028160,1,0,65.2577,0,0,0,65.2577,0
69.8446,2.33391,0,0,2.11961,0.228397,0.36288,3.6288,61.2922,0.428163,0,0,0.609459,0.197079,0,0.66528,12.849,1,0.424464,0.36288,0,48.4806,4.62808,43.7909,0.84672,12.849,0.84672,3695.15,0,36.966,0.258164,0.841691,1.84143,3.07658,1.10732,4.39422,0.42336,36.966,0.42336,423.524,0,1.02816,0,0,1.86985,0.841691,1.028160,1,0,48.1851,0,0,0,48.1851,0
68.7449,2.44353,0,0,1.93424,0.227509,0.36288,3.6288,61.1716,0.483638,0,0,0.559712,0.196684,0,0.66528,12.849,1,0.449525,0.36288,0,43.1724,4.55418,38.5315,0.84672,12.849,0.84672,3695.15,0,36.966,0.291687,0.639593,1.84153,2.78439,1.09217,3.88166,0.42336,36.966,0.42336,423.524,0,1.02816,0,0,1.66775,0.639593,1.028160,1,0,42.4132,0,0,0,42.4132,0
67.977,2.49539,0,0,2.30366,0.213287,0.36288,3.6288,61.3005,0.4408,0,0,0.769556,0.199909,0,0.66528,12.849,1,0.466409,0.36288,0,48.3933,4.18632,44.1035,0.84672,12.849,0.84672,3695.15,0,36.966,0.266375,1.04392,1.93553,3.4003,1.01651,5.09687,0.42336,36.966,0.42336,423.524,0,1.02816,0,0,2.07208,1.04392,1.028160,1,0,49.2004,0,0,0,49.2004,0
67.2105,2.49127,0,0,2.20781,0.120102,0.36288,3.6288,61.308,0.441285,0,0,0.709629,0.233863,0.0269357,0.66528,12.849,1,0.470899,0.36288,0,48.6941,4.63974,43.9463,0.84672,12.849,0.84672,3695.15,0,36.966,0.266108,0.994913,1.89576,3.35595,1.10773,4.87278,0.42336,36.966,0.42336,423.524,0,1.02816,0,0,2.02307,0.994913,1.028160,1,0,48.846,0,0,0,48.846,0
66.2278,2.48707,0,0,1.98655,0.11938,0.36288,3.6288,61.2082,0.441442,0,0,0.575527,0.233875,0,0.66528,12.849,1,0.475467,0.36288,0,43.7432,4.63974,38.9909,0.84672,12.849,0.84672,3695.15,0,36.966,0.26617,0.678352,1.896,2.91306,1.10773,4.11351,0.42336,36.966,0.42336,423.524,0,1.02816,0,0,1.70651,0.678352,1.028160,1,0,43.1044,0,0,0,43.1044,0
65.1897,2.48148,0,0,1.92474,0.118454,0.36288,3.6288,60.9991,0.441307,0,0,0.465875,0.233727,0,0.66528,12.849,1,0.481437,0.36288,0,39.9587,4.63974,35.2004,0.84672,12.849,0.84672,3695.15,0,36.966,0.266522,0.580807,1.89624,2.81619,1.10773,3.91898,0.42336,36.966,0.42336,423.524,0,1.02816,0,0,1.60897,0.580807,1.028160,1,0,39.1194,0,0,0,39.1194,0
63.8643,2.45321,0,0,1.61084,0.120089,0.36288,3.6288,60.7487,0.471937,0,0,0.502718,0.281173,0,0.66528,12.849,1,0.483532,0.36288,0,23.9042,5.53701,18.2465,0.84672,12.849,0.84672,3695.15,0,36.966,0.285998,0.30119,1.89648,1.68232,1.31345,2.28054,0.42336,36.966,0.42336,423.524,0,1.02722,0,0,1.32841,0.30119,1.028160,1,0,20.5271,0,0,0,20.5271,0
62.4521,2.44517,0,0,1.50871,0.112888,0.36288,3.6288,60.4439,0.522539,0,0,0.49193,0.274116,0,0.66528,12.849,1,0.491948,0.36288,0,21.3724,5.43154,15.8118,0.84672,12.849,0.84672,3695.15,0,36.966,0.317969,0.261274,1.92956,1.55594,1.29729,2.13151,0.42336,36.966,0.42336,423.524,0,0.94487,0,0,1.20614,0.261274,1.028160,1,0,17.9433,0,0,0,17.9433,0
60.9208,2.43625,0,0,1.37937,0.111596,0.36288,3.6288,60.1425,0.507937,0,0,0.480121,0.273586,0,0.66528,12.849,1,0.501237,0.36288,0,21.0706,5.43154,15.5007,0.84672,12.849,0.84672,3695.15,0,36.966,0.310642,0.261274,1.9298,1.53681,1.29729,2.11995,0.42336,36.966,0.42336,423.524,0,0.967023,0,0,1.2283,0.261274,1.028160,1,0,17.6207,0,0,0,17.6207,0
59.2822,2.42615,0,0,1.26065,0.110195,0.36288,3.6288,59.7007,0.617713,0,0,0.448987,0.273062,0,0.66528,12.849,1,0.511706,0.36288,0,19.8189,5.43154,14.2385,0.84672,12.849,0.84672,3695.15,0,36.966,0.379671,0.261274,1.93004,1.4624,1.29729,1.97675,0.42336,36.966,0.42336,423.524,0,0.788443,0,0,1.04972,0.261274,1.028160,1,0,16.2152,0,0,0,16.2152,0
57.5951,2.47118,0,0,1.24005,0.0930884,0.36288,3.6288,59.163,0.652082,0,0,0.406093,0.291801,0,0.66528,12.849,1,0.535611,0.36288,0,18.4031,5.69037,12.54,0.84672,12.849,0.84672,3695.15,0,36.966,0.403762,0.261274,1.93028,1.36933,1.40196,1.75516,0.42336,36.966,0.42336,423.524,0,0.77385,0,0,1.03512,0.261274,1.028160,1,0,14.2952,0,0,0,14.2952,0
56.0003,2.45866,0,0,1.30786,0.0811176,0.36288,3.6288,58.6434,0.609531,0,0,0.381424,0.291472,0,0.66528,12.849,1,0.548508,0.36288,0,17.8434,5.70612,11.9517,0.84672,12.849,0.84672,3695.15,0,36.966,0.380845,0.261274,1.97709,1.37874,1.4213,1.81497,0.42336,36.966,0.42336,423.524,0,0.839549,0,0,1.10082,0.261274,1.028160,1,0,13.7666,0,0,0,13.7666,0
54.2695,2.44627,0,0,1.15818,0.0798513,0.36288,3.6288,58.0776,0.633463,0,0,0.35818,0.290502,0,0.66528,12.849,1,0.561284,0.36288,0,16.8119,5.70612,10.9074,0.84672,12.849,0.84672,3695.15,0,36.966,0.399305,0.227405,1.97734,1.36533,1.4213,1.74947,0.42336,36.966,0.42336,423.524,0,0.797386,0,0,1.02479,0.227405,1.028160,1,0,12.6568,0,0,0,12.6568,0
52.4481,2.4321,0,0,1.05208,0.078477,0.36288,3.6288,57.4608,0.67583,0,0,0.348475,0.289445,0,0.66528,12.849,1,0.575831,0.36288,0,15.8257,5.70612,9.90664,0.84672,12.849,0.84672,3695.15,0,36.966,0.42336,0.227405,1.97759,1.31659,1.4213,1.67692,0.42336,36.966,0.42336,423.524,0,0.731195,0,0,0.958599,0.227405,1.028160,1,0,11.5836,0,0,0,11.5836,0
50.387,2.52682,0,0,0.891086,0.0625245,0.36288,3.6288,56.7109,0.802652,0,0,0.346582,0.293813,0,0.66528,12.849,1,0.619032,0.36288,0,15.0821,5.98292,8.843,0.84672,12.849,0.84672,3695.15,0,36.966,0.42336,0.227405,1.97784,1.29196,1.4218,1.65205,0.42336,36.966,0.42336,423.524,0,0.722952,0,0,0.950357,0.227405,1.028160,1,0,10.4951,0,0,0,10.4951,0
48.6926,2.50696,0,0,1.22984,0.0544084,0.36288,3.6288,55.7697,0.950477,0,0,0.32645,0.317189,0,0.66528,12.849,1,0.63929,0.36288,0,15.8871,5.374,10.2366,0.84672,12.849,0.84672,3695.15,0,36.966,0.42336,0.227405,2.0953,1.02079,1.514,1.40614,0.42336,36.966,0.42336,423.524,0,0.575372,0,0,0.802777,0.227405,1.028160,1,0,11.6428,0,0,0,11.6428,0
46.8658,2.48967,0,0,1.07925,0.053433,0.36288,3.6288,54.8059,0.963492,0,0,0.314941,0.315245,0,0.66528,12.849,1,0.656974,0.36288,0,20.1953,5.374,14.5272,0.84672,12.849,0.84672,3695.15,0,36.966,0.42336,0.204422,2.09557,0.980253,1.514,1.34288,0.42336,36.966,0.42336,423.524,0,0.562602,0,0,0.767025,0.204422,1.028160,1,0,15.8701,0,0,0,15.8701,0
45.0829,2.46988,0,0,1.10224,0.0523759,0.36288,3.6288,53.9336,0.920276,0,0,0.361263,0.313255,0,0.66528,12.849,1,0.677156,0.36288,0,17.4942,5.374,11.8059,0.84672,12.849,0.84672,3695.15,0,36.966,0.42336,0.204422,2.09583,1.01797,1.514,1.38085,0.42336,36.966,0.42336,423.524,0,0.606063,0,0,0.810486,0.204422,1.028160,1,0,13.1868,0,0,0,13.1868,0
43.3305,2.44935,0,0,1.11216,0.0523294,0.36288,3.6288,53.2703,0.722494,0,0,0.364003,0.30488,0,0.66528,12.849,1,0.698084,0.36288,0,17.7507,5.18916,12.2263,0.84672,12.849,0.84672,3695.15,0,36.966,0.42336,0.204422,2.09609,1.30205,1.44205,1.73716,0.42336,36.966,0.42336,423.524,0,0.80409,0,0,1.00851,0.204422,1.028160,1,0,13.9635,0,0,0,13.9635,0
41.5979,2.40122,0,0,1.0384,0.00692716,0.36288,3.6288,52.192,0.983769,0,0,0.232567,0.327053,0,0.66528,12.849,1,0.712043,0.36288,0,11.9933,5.10842,6.53569,0.84672,12.849,0.84672,3695.15,0,36.966,0.42336,0.204422,2.09636,0.735941,1.43127,1.18209,0.42336,36.966,0.42336,423.524,0,0.486622,0,0,0.691045,0.204422,1.028160,1,0,7.71779,0,0,0,7.71779,0
39.7956,2.37886,0,0,0.995242,0.055777,0.36288,3.6288,51.0709,1.04194,0,0,0.208983,0.288142,0,0.66528,12.849,1,0.734794,0.36288,0,10.8596,3.9296,6.55811,0.84672,12.849,0.84672,3695.15,0,36.966,0.42336,0.216518,2.04654,0.485207,1.19475,1.13015,0.42336,36.966,0.42336,423.524,0,0.428691,0,0,0.645209,0.216518,1.028160,1,0,7.68826,0,0,0,7.68826,0
38.1143,2.354,0,0,1.13282,0.0972435,0.36288,3.6288,50.2931,0.812128,0,0,0.302206,0.267897,0,0.66528,12.849,1,0.760045,0.36288,0,10.6971,3.40746,6.89247,0.84672,12.849,0.84672,3695.15,0,36.966,0.42336,0.216518,2.04679,0.677061,1.09803,1.41899,0.42336,36.966,0.42336,423.524,0,0.65874,0,0,0.875258,0.216518,1.028160,1,0,8.31146,0,0,0,8.31146,0
36.4052,2.32921,0,0,1.07835,0.0953692,0.36288,3.6288,49.4541,0.866867,0,0,0.294047,0.266204,0,0.66528,12.849,1,0.785218,0.36288,0,13.6167,3.40746,9.78693,0.84672,12.849,0.84672,3695.15,0,36.966,0.42336,0.216518,2.04705,0.670317,1.09803,1.4125,0.42336,36.966,0.42336,423.524,0,0.604238,0,0,0.820757,0.216518,1.028160,1,0,11.1994,0,0,0,11.1994,0
35.0314,2.24278,0,0,1.34575,0.113928,0.36288,3.6288,48.9349,0.627633,0,0,0.355322,0.246803,0,0.66528,12.849,1,0.791577,0.36288,0,20.309,3.63408,16.2462,0.84672,12.849,0.84672,3695.15,0,36.966,0.42336,0.216518,2.04731,0.79211,1.04217,1.5904,0.42336,36.966,0.42336,423.524,0,0.756536,0,0,0.973054,0.216518,1.028160,1,0,17.8366,0,0,0,17.8366,0
35.326,2.22035,0,0,3.04028,0.162383,0.36288,3.6288,48.9413,0.44411,0,0,0.652506,0.201998,0,0.66528,12.849,1,0.814392,0.36288,0,25.5603,4.20063,20.9082,0.84672,12.849,0.84672,3695.15,0,36.966,0.335486,0.591469,1.96514,1.8094,0.902539,3.12798,0.42336,36.966,0.42336,423.524,0,1.02816,0,0,1.61963,0.591469,1.028160,1,0,24.0362,0,0,0,24.0362,0
34.8468,2.22561,0,0,2.27225,0.162964,0.36288,3.6288,48.9814,0.444264,0,0,0.686301,0.202009,0,0.66528,12.849,1,0.809513,0.36288,0,17.9513,4.20063,13.3041,0.84672,12.849,0.84672,3695.15,0,36.966,0.335558,0.753399,1.96538,1.41118,0.902539,2.89186,0.42336,36.966,0.42336,423.524,0,1.02816,0,0,1.78156,0.753399,1.028160,1,0,16.1959,0,0,0,16.1959,0
35.0225,2.21776,0,0,2.94775,0.191411,0.36288,3.6288,48.8321,0.4509,0,0,0.516387,0.214714,0,0.66528,12.849,1,0.817749,0.36288,0,23.9826,4.43259,19.0951,0.84672,12.849,0.84672,3695.15,0,36.966,0.340292,0.292723,1.96563,2.43066,0.956693,3.39203,0.42336,36.966,0.42336,423.524,0,1.01702,0,0,1.30974,0.292723,1.028160,1,0,22.4871,0,0,0,22.4871,0
39.0622,2.05377,0,0,6.67023,0.213909,0.36288,3.6288,49.0567,0.340709,0,0,0.789166,0.223916,0,0.66528,12.849,1,0.753482,0.36288,0,71.4498,4.60656,66.4526,0.84672,12.849,0.84672,3695.15,0,36.966,0.257917,1.52682,1.96588,2.14138,0.997308,4.37884,0.42336,36.966,0.42336,423.524,0,1.02816,0,0,2.55498,1.52682,1.028160,1,0,70.8315,0,0,0,70.8315,0
39.7334,2.04683,0,0,3.29524,0.214358,0.36288,3.6288,49.1465,0.391395,0,0,0.662539,0.181317,0,0.66528,12.849,1,0.673278,0.36288,0,54.0889,3.67815,50.1004,0.84672,12.849,0.84672,3695.15,0,36.966,0.29493,0.594441,1.78293,3.95725,0.987554,5.05214,0.42336,36.966,0.42336,423.524,0,1.02816,0,0,1.6226,0.594441,1.028160,1,0,55.1525,0,0,0,55.1525,0
43.3153,2.05585,0,0,6.21661,0.216022,0.36288,3.6288,48.7062,0.519126,0,0,0.260309,0.181452,0,0.66528,12.849,1,0.66482,0.36288,0,62.501,3.67815,58.5209,0.84672,12.849,0.84672,3695.15,0,36.966,0.390465,0.412474,1.83436,3.39702,0.987554,4.26584,0.42336,36.966,0.42336,423.524,0,0.804894,0,0,1.21737,0.412474,1.028160,1,0,62.7867,0,0,0,62.7867,0
45.7321,2.09868,0,0,5.10365,0.225293,0.36288,3.6288,48.6719,0.390188,0,0,0.536646,0.180793,0,0.66528,12.849,1,0.622549,0.36288,0,77.5172,3.67815,73.5794,0.84672,12.849,0.84672,3695.15,0,36.966,0.296136,0.464504,1.83446,2.53972,0.987554,3.555,0.42336,36.966,0.42336,423.524,0,1.02816,0,0,1.49266,0.464504,1.028160,1,0,77.1344,0,0,0,77.1344,0
49.4474,2.12479,0,0,6.43459,0.231555,0.36288,3.6288,49.7804,0.390069,0,0,1.67929,0.180741,0,0.66528,12.849,1,0.596988,0.36288,0,98.115,3.67815,94.2027,0.84672,12.849,0.84672,3695.15,0,36.966,0.296255,2.5703,1.83457,4.51274,0.987554,7.6338,0.42336,36.966,0.42336,423.524,0,1.02816,0,0,3.59846,2.5703,1.028160,1,0,101.837,0,0,0,101.837,0
52.3276,2.23068,0,0,5.73694,0.263168,0.36288,3.6288,50.1074,0.424057,0,0,0.947778,0.196749,0,0.66528,12.849,1,0.579647,0.36288,0,66.9196,4.21695,62.4858,0.84672,12.849,0.84672,3695.15,0,36.966,0.314897,1.39303,1.83467,3.18745,1.22158,4.87867,0.42336,36.966,0.42336,423.524,0,1.02816,0,0,2.42119,1.39303,1.028160,1,0,67.3645,0,0,0,67.3645,0
56.5274,2.299,0,0,7.11236,0.250681,0.36288,3.6288,50.9455,0.394951,0,0,1.44492,0.211825,0,0.66528,12.849,1,0.564516,0.36288,0,137.731,3.9627,133.567,0.84672,12.849,0.84672,3695.15,0,36.966,0.291369,1.66449,1.89193,4.90224,1.12033,7.04695,0.42336,36.966,0.42336,423.524,0,1.02816,0,0,2.69265,1.66449,1.028160,1,0,140.614,0,0,0,140.614,0
59.1436,2.33361,0,0,5.57421,0.261547,0.36288,3.6288,51.3307,0.397729,0,0,0.996244,0.213278,0,0.66528,12.849,1,0.530443,0.36288,0,99.042,3.9627,94.9118,0.84672,12.849,0.84672,3695.15,0,36.966,0.288592,1.21808,1.86123,3.17823,1.12033,4.84861,0.42336,36.966,0.42336,423.524,0,1.02816,0,0,2.24624,1.21808,1.028160,1,0,99.7604,0,0,0,99.7604,0
61.2049,2.35334,0,0,5.04723,0.269676,0.36288,3.6288,51.6368,0.398988,0,0,0.9086,0.203598,0,0.66528,12.849,1,0.511265,0.36288,0,86.4337,3.79068,82.4946,0.84672,12.849,0.84672,3695.15,0,36.966,0.287332,1.08137,1.86133,2.92562,1.07437,4.50662,0.42336,36.966,0.42336,423.524,0,1.02816,0,0,2.10953,1.08137,1.028160,1,0,87.0012,0,0,0,87.0012,0
63.4705,2.60167,0,0,5.50689,0.276729,0.36288,3.6288,51.8523,0.515185,0,0,0.911131,0.180373,0,0.66528,12.849,1,0.546179,0.36288,0,90.7286,3.44773,87.0976,0.84672,12.849,0.84672,3695.15,0,36.966,0.368813,1.82834,1.86143,3.15667,0.949205,5.52843,0.42336,36.966,0.42336,423.524,0,1.02816,0,0,2.8565,1.82834,1.028160,1,0,92.626,0,0,0,92.626,0
66.1893,2.64584,0,0,6.00034,0.272849,0.36288,3.6288,52.2092,0.496805,0,0,1.04763,0.193947,0,0.66528,12.849,1,0.535626,0.36288,0,113.009,3.97037,108.866,0.84672,12.849,0.84672,3695.15,0,36.966,0.354177,3.96118,2.06724,3.88521,0.887676,8.67177,0.42336,36.966,0.42336,423.524,0,1.02816,0,0,4.98934,3.96118,1.028160,1,0,117.538,0,0,0,117.538,0
67.5306,2.66459,0,0,4.64766,0.278882,0.36288,3.6288,52.5488,0.498353,0,0,1.0325,0.194506,0,0.66528,12.849,1,0.517263,0.36288,0,91.8372,3.97037,87.7124,0.84672,12.849,0.84672,3695.15,0,36.966,0.352852,1.12311,2.04803,3.20463,0.887676,5.13525,0.42336,36.966,0.42336,423.524,0,1.02816,0,0,2.15127,1.12311,1.028160,1,0,92.8477,0,0,0,92.8477,0
69.634,2.67354,0,0,5.42164,0.281858,0.36288,3.6288,52.8312,0.499824,0,0,0.977236,0.195038,0,0.66528,12.849,1,0.508692,0.36288,0,71.1314,3.97037,67.0152,0.84672,12.849,0.84672,3695.15,0,36.966,0.351606,0.724092,2.04828,2.95448,0.887676,4.48756,0.42336,36.966,0.42336,423.524,0,1.02816,0,0,1.75225,0.724092,1.028160,1,0,71.5028,0,0,0,71.5028,0
72.29,2.34626,0,0,8.04237,0.271448,2.76867,3.6288,53.5394,0.344908,0,0,1.25193,0.198826,0,0.66528,12.849,1,0.432936,2.76867,0,145.67,3.77109,144.235,0.84672,12.849,0.84672,3695.15,0,36.966,0.241332,1.45382,2.04852,4.87628,0.883931,7.25335,0.42336,36.966,0.42336,423.524,0,1.02816,0,0,2.48198,1.45382,1.028160,1,0,151.488,0,0,0,151.488,0
72.29,2.27524,0,0,8.37475,0.307013,5.7925,3.6288,53.9522,0.405995,0,0,1.0483,0.229548,0,0.66528,12.849,1,0.404406,5.7925,0,148.469,4.37743,149.48,0.84672,12.849,0.84672,3695.15,0,36.966,0.280317,2.30335,1.76811,8.53712,1.02857,11.2997,0.42336,36.966,0.42336,423.524,0,1.02816,0,0,3.33151,2.30335,1.028160,1,0,160.779,0,0,0,160.779,0
72.29,2.27568,0,0,7.7652,0.320669,5.16885,3.6288,55.5918,0.407268,0,0,2.23005,0.183165,0,0.66528,12.849,1,0.404485,5.16885,0,208.389,3.57095,209.582,0.84672,12.849,0.84672,3695.15,0,36.966,0.279045,3.4073,1.82677,10.3055,0.791766,14.4688,0.42336,36.966,0.42336,423.524,0,1.02816,0,0,4.43546,3.4073,1.028160,1,0,224.051,0,0,0,224.051,0
72.29,2.27613,0,0,8.1038,0.320669,5.50701,3.6288,56.3111,0.412211,0,0,1.31669,0.185156,0,0.66528,12.849,1,0.404564,5.50701,0,158.842,3.57095,160.374,0.84672,12.849,0.84672,3695.15,0,36.966,0.274102,3.58665,1.82686,9.08475,0.791766,13.4324,0.42336,36.966,0.42336,423.524,0,1.02816,0,0,4.61481,3.58665,1.028160,1,0,173.806,0,0,0,173.806,0
72.29,2.27657,0,0,14.4685,0.320669,11.8713,3.6288,58.8321,0.414325,0,0,3.12139,0.18603,0,0.66528,12.849,1,0.404643,11.8713,0,175.034,3.57095,182.93,0.84672,12.849,0.84672,3695.15,0,36.966,0.271988,5.58135,1.82696,13.2413,0.791766,19.5858,0.42336,36.966,0.42336,423.524,0,1.02816,0,0,6.60951,5.58135,1.028160,1,0,202.516,0,0,0,202.516,0
72.29,2.36329,0,0,10.0878,0.309197,7.41532,3.6288,60.4913,0.461381,0,0,2.32905,0.208507,0,0.66528,12.849,1,0.420057,7.41532,0,214.951,4.38522,217.561,0.84672,12.849,0.84672,3695.15,0,36.966,0.2899,4.31164,1.82706,9.1467,1.01797,13.9775,0.42336,36.966,0.42336,423.524,0,1.02816,0,0,5.3398,4.31164,1.028160,1,0,231.539,0,0,0,231.539,0
72.29,2.41891,0,0,7.29907,0.300063,4.5801,3.6288,61.308,0.425996,0,0,1.73355,0.223236,0.267622,0.66528,12.849,1,0.429942,4.5801,0,135.758,4.25323,135.655,0.84672,12.849,0.84672,3695.15,0,36.966,0.260324,3.44592,1.89639,7.22349,1.05249,11.253,0.42336,36.966,0.42336,423.524,0,1.02816,0,0,4.47408,3.44592,1.028160,1,0,147.175,0,0,0,147.175,0
72.29,2.41937,0,0,6.77108,0.300063,4.05165,3.6288,61.308,0.428159,0,0,1.62495,0.224394,0.972397,0.66528,12.849,1,0.430024,4.05165,0,108.713,4.25323,108.081,0.84672,12.849,0.84672,3695.15,0,36.966,0.258161,3.29213,1.85848,7.3239,1.05249,11.1639,0.42336,36.966,0.42336,423.524,0,1.02816,0,0,4.32029,3.29213,1.028160,1,0,120.217,0,0,0,120.217,0
72.29,2.41983,0,0,7.06147,0.300063,4.34158,3.6288,61.308,0.428159,0,0,1.63601,0.224394,0.983456,0.66528,12.849,1,0.430106,4.34158,0,190.045,4.25323,189.704,0.84672,12.849,0.84672,3695.15,0,36.966,0.258161,3.3402,1.85858,7.90244,1.05249,11.7906,0.42336,36.966,0.42336,423.524,0,1.02816,0,0,4.36836,3.3402,1.028160,1,0,202.478,0,0,0,202.478,0
72.29,2.38654,0,0,6.42014,0.258309,3.77529,3.6288,61.308,0.41241,0,0,1.32686,0.22643,0.688021,0.66528,12.849,1,0.42419,3.77529,0,144.29,4.27907,143.362,0.84672,12.849,0.84672,3695.15,0,36.966,0.248665,2.5839,1.85869,6.10719,1.0947,9.2064,0.42336,36.966,0.42336,423.524,0,1.02816,0,0,3.61206,2.5839,1.028160,1,0,153.256,0,0,0,153.256,0
72.29,2.36557,0,0,4.61614,0.202637,2.04793,3.6288,61.308,0.428157,0,0,0.961891,0.229145,0.304589,0.66528,12.849,1,0.420462,2.04793,0,98.445,4.31351,95.759,0.84672,12.849,0.84672,3695.15,0,36.966,0.25816,1.41117,1.83183,3.51141,1.15098,5.34527,0.42336,36.966,0.42336,423.524,0,1.02816,0,0,2.43933,1.41117,1.028160,1,0,101.409,0,0,0,101.409,0
72.29,2.36602,0,0,4.09342,0.202637,1.52476,3.6288,61.308,0.428157,0,0,0.863819,0.229145,0.206516,0.66528,12.849,1,0.420542,1.52476,0,84.8621,4.31351,81.6528,0.84672,12.849,0.84672,3695.15,0,36.966,0.25816,1.09497,1.84671,3.0284,1.15098,4.56094,0.42336,36.966,0.42336,423.524,0,1.02816,0,0,2.12313,1.09497,1.028160,1,0,86.4203,0,0,0,86.4203,0
72.29,2.36648,0,0,3.73302,0.193995,1.17255,3.6288,61.308,0.428157,0,0,0.779371,0.217768,0.133446,0.66528,12.849,1,0.420623,1.17255,0,76.229,4.07759,72.9033,0.84672,12.849,0.84672,3695.15,0,36.966,0.25816,0.92594,1.84681,2.7934,1.09115,4.21685,0.42336,36.966,0.42336,423.524,0,1.02816,0,0,1.9541,0.92594,1.028160,1,0,77.2536,0,0,0,77.2536,0
72.29,2.48154,0,0,3.471,0.172391,0.817067,3.6288,61.308,0.484035,0,0,0.739679,0.189323,0.0663209,0.66528,12.849,1,0.441075,0.817067,0,72.4395,3.48778,69.3277,0.84672,12.849,0.84672,3695.15,0,36.966,0.291851,0.921482,1.84691,2.5763,0.941555,4.11128,0.42336,36.966,0.42336,423.524,0,1.02816,0,0,1.94964,0.921482,1.028160,1,0,73.5053,0,0,0,73.5053,0
72.29,2.53092,0,0,3.48288,0.150352,0.801607,3.6288,61.308,0.448106,0,0,0.763223,0.241443,0.0736747,0.66528,12.849,1,0.449852,0.801607,0,62.1349,4.56624,57.9204,0.84672,12.849,0.84672,3695.15,0,36.966,0.270188,0.937319,1.9415,2.36919,1.17079,3.80703,0.42336,36.966,0.42336,423.524,0,1.02816,0,0,1.96548,0.937319,1.028160,1,0,61.8011,0,0,0,61.8011,0
72.29,2.53122,0,0,3.1904,0.150352,0.508824,3.6288,61.308,0.448236,0,0,0.698138,0.241443,0.00845977,0.66528,12.849,1,0.449905,0.508824,0,55.7531,4.56624,51.2457,0.84672,12.849,0.84672,3695.15,0,36.966,0.270266,0.743826,1.90791,2.263,1.17079,3.47367,0.42336,36.966,0.42336,423.524,0,1.02816,0,0,1.77199,0.743826,1.028160,1,0,54.7279,0,0,0,54.7279,0
72.2522,2.53152,0,0,2.96374,0.107163,0.36288,3.6288,61.2582,0.448365,0,0,0.668339,0.269773,0,0.66528,12.849,1,0.449959,0.36288,0,49.3291,4.88754,44.3545,0.84672,12.849,0.84672,3695.15,0,36.966,0.270344,0.682551,1.90813,2.16078,1.25288,3.22824,0.42336,36.966,0.42336,423.524,0,1.02816,0,0,1.71071,0.682551,1.028160,1,0,47.5827,0,0,0,47.5827,0
72.0478,2.53162,0,0,2.79005,0.0999365,0.36288,3.6288,61.1738,0.448358,0,0,0.638332,0.274408,0,0.66528,12.849,1,0.450213,0.36288,0,48.6057,4.94109,43.5773,0.84672,12.849,0.84672,3695.15,0,36.966,0.27056,0.563786,1.90836,2.18867,1.26656,3.12369,0.42336,36.966,0.42336,423.524,0,1.02816,0,0,1.59195,0.563786,1.028160,1,0,46.701,0,0,0,46.701,0
71.6581,2.50818,0,0,2.58383,0.102469,0.36288,3.6288,60.9715,0.556076,0,0,0.602807,0.248987,0,0.66528,12.849,1,0.447308,0.36288,0,46.1275,4.94806,41.095,0.84672,12.849,0.84672,3695.15,0,36.966,0.336025,0.30119,1.90859,1.9646,1.19355,2.6448,0.42336,36.966,0.42336,423.524,0,0.904444,0,0,1.20563,0.30119,1.028160,1,0,43.7398,0,0,0,43.7398,0
71.021,2.50641,0,0,2.33541,0.103238,0.36288,3.6288,60.6885,0.634213,0,0,0.589797,0.238572,0,0.66528,12.849,1,0.449424,0.36288,0,45.2843,4.95085,40.2469,0.84672,12.849,0.84672,3695.15,0,36.966,0.384513,0.30119,1.94187,1.89124,1.16435,2.58544,0.42336,36.966,0.42336,423.524,0,0.778032,0,0,1.07922,0.30119,1.028160,1,0,42.8324,0,0,0,42.8324,0
70.1722,2.5033,0,0,2.12016,0.102736,0.36288,3.6288,60.3333,0.674222,0,0,0.557175,0.238144,0,0.66528,12.849,1,0.452892,0.36288,0,43.9385,4.95085,38.8976,0.84672,12.849,0.84672,3695.15,0,36.966,0.410676,0.261274,1.9421,1.77775,1.16435,2.4061,0.42336,36.966,0.42336,423.524,0,0.712074,0,0,0.973348,0.261274,1.028160,1,0,41.3037,0,0,0,41.3037,0
69.159,2.49896,0,0,1.94132,0.0927013,0.36288,3.6288,59.9025,0.701686,0,0,0.530295,0.25941,0,0.66528,12.849,1,0.457577,0.36288,0,38.7482,5.23315,33.4203,0.84672,12.849,0.84672,3695.15,0,36.966,0.42336,0.261274,1.94233,1.72645,1.2674,2.2393,0.42336,36.966,0.42336,423.524,0,0.67214,0,0,0.933414,0.261274,1.028160,1,0,35.6596,0,0,0,35.6596,0
68.005,2.5518,0,0,1.83318,0.072476,0.36288,3.6288,59.2803,0.791293,0,0,0.474359,0.305338,0,0.66528,12.849,1,0.474098,0.36288,0,33.6012,5.93388,27.5561,0.84672,12.849,0.84672,3695.15,0,36.966,0.42336,0.261274,1.94256,1.63424,1.4961,1.91861,0.42336,36.966,0.42336,423.524,0,0.626668,0,0,0.887941,0.261274,1.028160,1,0,29.4747,0,0,0,29.4747,0
66.9351,2.54534,0,0,1.90182,0.0634956,0.36288,3.6288,58.7693,0.734601,0,0,0.523892,0.300252,0,0.66528,12.849,1,0.480922,0.36288,0,38.3841,6.05419,32.2118,0.84672,12.849,0.84672,3695.15,0,36.966,0.42336,0.261274,1.98966,1.704,1.50254,2.02904,0.42336,36.966,0.42336,423.524,0,0.68358,0,0,0.944853,0.261274,1.028160,1,0,34.2409,0,0,0,34.2409,0
65.7725,2.53919,0,0,1.80244,0.0629628,0.36288,3.6288,58.2843,0.654447,0,0,0.468693,0.299269,0,0.66528,12.849,1,0.487429,0.36288,0,33.9157,6.05419,27.737,0.84672,12.849,0.84672,3695.15,0,36.966,0.411648,0.261274,1.9899,1.77978,1.50254,2.11676,0.42336,36.966,0.42336,423.524,0,0.775665,0,0,1.03694,0.261274,1.028160,1,0,29.8537,0,0,0,29.8537,0
64.4999,2.53229,0,0,1.68497,0.0623839,0.36288,3.6288,57.7213,0.69832,0,0,0.433646,0.298337,0,0.66528,12.849,1,0.494695,0.36288,0,32.2489,6.05419,26.0629,0.84672,12.849,0.84672,3695.15,0,36.966,0.42336,0.227405,1.99013,1.56169,1.50254,1.85333,0.42336,36.966,0.42336,423.524,0,0.7203,0,0,0.947704,0.227405,1.028160,1,0,27.9162,0,0,0,27.9162,0
63.0977,2.63987,0,0,1.66231,0.0617502,0.36288,3.6288,57.1394,0.753753,0,0,0.469165,0.297254,0,0.66528,12.849,1,0.525887,0.36288,0,29.9238,6.05419,23.7066,0.84672,12.849,0.84672,3695.15,0,36.966,0.42336,0.227405,1.99037,1.7661,1.50254,2.05797,0.42336,36.966,0.42336,423.524,0,0.784184,0,0,1.01159,0.227405,1.028160,1,0,25.7645,0,0,0,25.7645,0
61.2551,2.63047,0,0,1.2001,0.0494197,0.36288,3.6288,56.3537,0.931859,0,0,0.439729,0.293593,0,0.66528,12.849,1,0.53566,0.36288,0,26.0891,5.76096,20.1553,0.84672,12.849,0.84672,3695.15,0,36.966,0.42336,0.227405,2.10856,1.64586,1.48205,2.07641,0.42336,36.966,0.42336,423.524,0,0.606312,0,0,0.833717,0.227405,1.028160,1,0,22.2318,0,0,0,22.2318,0
59.2036,2.61747,0,0,0.980847,0.0520062,0.36288,3.6288,55.4355,1.01725,0,0,0.387818,0.288746,0,0.66528,12.849,1,0.549046,0.36288,0,22.5008,5.62485,16.6898,0.84672,12.849,0.84672,3695.15,0,36.966,0.42336,0.227405,2.10881,1.47959,1.46121,1.93124,0.42336,36.966,0.42336,423.524,0,0.521156,0,0,0.748561,0.227405,1.028160,1,0,18.621,0,0,0,18.621,0
57.2529,2.60214,0,0,1.06537,0.0510549,0.36288,3.6288,54.552,0.988944,0,0,0.392416,0.287016,0,0.66528,12.849,1,0.564745,0.36288,0,21.5049,5.62485,15.6782,0.84672,12.849,0.84672,3695.15,0,36.966,0.42336,0.204422,2.10906,1.57156,1.46121,2.00048,0.42336,36.966,0.42336,423.524,0,0.549694,0,0,0.754116,0.204422,1.028160,1,0,17.6786,0,0,0,17.6786,0
55.8852,2.58674,0,0,1.64556,0.0635732,0.36288,3.6288,53.9024,0.839318,0,0,0.472011,0.28227,0,0.66528,12.849,1,0.58053,0.36288,0,34.7338,5.5358,28.9804,0.84672,12.849,0.84672,3695.15,0,36.966,0.42336,0.204422,2.10932,1.66084,1.45029,2.10093,0.42336,36.966,0.42336,423.524,0,0.699555,0,0,0.903977,0.204422,1.028160,1,0,31.0813,0,0,0,31.0813,0
54.779,2.49691,0,0,1.8159,0.062316,0.36288,3.6288,53.318,0.824858,0,0,0.498675,0.25824,0,0.66528,12.849,1,0.574084,0.36288,0,30.7816,5.15591,25.4144,0.84672,12.849,0.84672,3695.15,0,36.966,0.42336,0.204422,2.10957,2.02032,1.36666,2.54428,0.42336,36.966,0.42336,423.524,0,0.619825,0,0,0.824247,0.204422,1.028160,1,0,27.9587,0,0,0,27.9587,0
53.9866,2.48782,0,0,2.11017,0.0518898,0.36288,3.6288,53.0421,0.652894,0,0,0.621668,0.244634,0,0.66528,12.849,1,0.583544,0.36288,0,26.4607,4.89321,21.3468,0.84672,12.849,0.84672,3695.15,0,36.966,0.42336,0.204422,2.01875,2.6159,1.31577,3.09995,0.42336,36.966,0.42336,423.524,0,0.792012,0,0,0.996434,0.204422,1.028160,1,0,24.4468,0,0,0,24.4468,0
52.9068,2.4812,0,0,1.81573,0.0514759,0.36288,3.6288,52.4405,0.835758,0,0,0.478209,0.244095,0,0.66528,12.849,1,0.590533,0.36288,0,30.895,4.89321,25.7741,0.84672,12.849,0.84672,3695.15,0,36.966,0.42336,0.216518,2.019,2.18558,1.31577,2.68196,0.42336,36.966,0.42336,423.524,0,0.609371,0,0,0.825889,0.216518,1.028160,1,0,28.4561,0,0,0,28.4561,0
51.6314,2.47179,0,0,1.61024,0.0509119,0.36288,3.6288,51.819,0.846694,0,0,0.468151,0.242921,0,0.66528,12.849,1,0.600302,0.36288,0,31.7619,4.89321,26.6312,0.84672,12.849,0.84672,3695.15,0,36.966,0.42336,0.216518,2.01924,2.17821,1.31577,2.67484,0.42336,36.966,0.42336,423.524,0,0.598657,0,0,0.815175,0.216518,1.028160,1,0,29.3061,0,0,0,29.3061,0
50.3763,2.44494,0,0,1.72361,0.170939,0.36288,3.6288,51.4255,0.696247,0,0,0.4692,0.16642,0,0.66528,12.849,1,0.608447,0.36288,0,38.4661,4.52166,33.6989,0.84672,12.849,0.84672,3695.15,0,36.966,0.42336,0.216518,2.01948,2.51766,1.05697,3.27332,0.42336,36.966,0.42336,423.524,0,0.699252,0,0,0.915771,0.216518,1.028160,1,0,36.9722,0,0,0,36.9722,0
49.2082,2.43315,0,0,1.79935,0.171411,0.36288,3.6288,51.3539,0.460149,0,0,0.602362,0.213806,0,0.66528,12.849,1,0.620599,0.36288,0,37.5418,4.18509,33.0989,0.84672,12.849,0.84672,3695.15,0,36.966,0.330767,0.361091,1.97745,3.06488,1.02426,4.0484,0.42336,36.966,0.42336,423.524,0,1.02816,0,0,1.38925,0.361091,1.028160,1,0,37.1473,0,0,0,37.1473,0
47.9625,2.42175,0,0,1.70821,0.169298,0.36288,3.6288,50.6979,0.857276,0,0,0.414901,0.213682,0,0.66528,12.849,1,0.632356,0.36288,0,34.2889,4.18509,29.8343,0.84672,12.849,0.84672,3695.15,0,36.966,0.42336,0.216518,1.97769,2.74243,1.02426,3.48902,0.42336,36.966,0.42336,423.524,0,0.538656,0,0,0.755175,0.216518,1.028160,1,0,33.3233,0,0,0,33.3233,0
48.5259,2.40909,0,0,3.50245,0.167026,0.36288,3.6288,50.9438,0.457654,0,0,0.916119,0.212545,0,0.66528,12.849,1,0.645387,0.36288,0,52.9644,4.18509,48.4968,0.84672,12.849,0.84672,3695.15,0,36.966,0.333695,0.839108,1.97793,3.92111,1.02426,5.38019,0.42336,36.966,0.42336,423.524,0,1.02816,0,0,1.86727,0.839108,1.028160,1,0,53.877,0,0,0,53.877,0
52.7559,2.2334,0,0,6.99432,0.168054,0.36288,3.6288,52.141,0.352789,0,0,1.76299,0.212971,0,0.66528,12.849,1,0.591374,0.36288,0,97.635,4.18509,93.2214,0.84672,12.849,0.84672,3695.15,0,36.966,0.255992,3.0207,1.97816,6.30833,1.02426,10.0269,0.42336,36.966,0.42336,423.524,0,1.02816,0,0,4.04886,3.0207,1.028160,1,0,103.248,0,0,0,103.248,0
52.4158,2.20961,0,0,2.39296,0.160613,0.36288,3.6288,52.1846,0.401598,0,0,0.647317,0.202143,0,0.66528,12.849,1,0.538163,0.36288,0,55.4322,3.81398,51.4429,0.84672,12.849,0.84672,3695.15,0,36.966,0.284717,0.621622,1.79406,3.29752,1.0002,4.42829,0.42336,36.966,0.42336,423.524,0,1.02816,0,0,1.64978,0.621622,1.028160,1,0,55.8712,0,0,0,55.8712,0
52.8139,2.20723,0,0,3.17326,0.205064,0.36288,3.6288,52.7243,0.401737,0,0,1.12955,0.188142,0,0.66528,12.849,1,0.541072,0.36288,0,103.221,3.73674,99.306,0.84672,12.849,0.84672,3695.15,0,36.966,0.284578,1.5791,1.83954,4.19909,0.978669,6.35448,0.42336,36.966,0.42336,423.524,0,1.02816,0,0,2.60726,1.5791,1.028160,1,0,105.661,0,0,0,105.661,0
58.7867,2.21094,0,0,8.75254,0.205906,0.36288,3.6288,53.5668,0.403449,0,0,1.43488,0.18896,0,0.66528,12.849,1,0.537896,0.36288,0,102.494,3.73674,98.582,0.84672,12.849,0.84672,3695.15,0,36.966,0.282866,2.10029,1.83964,5.35455,0.978669,8.03294,0.42336,36.966,0.42336,423.524,0,1.02816,0,0,3.12845,2.10029,1.028160,1,0,106.615,0,0,0,106.615,0
61.0938,2.25622,0,0,5.14636,0.220181,0.36288,3.6288,54.0408,0.406081,0,0,1.06815,0.188005,0,0.66528,12.849,1,0.493143,0.36288,0,187.55,3.75937,183.661,0.84672,12.849,0.84672,3695.15,0,36.966,0.280234,1.46623,1.83974,4.71252,0.959409,6.77884,0.42336,36.966,0.42336,423.524,0,1.02816,0,0,2.49439,1.46623,1.028160,1,0,190.439,0,0,0,190.439,0
62.7183,2.27177,0,0,4.49985,0.240706,0.36288,3.6288,54.7283,0.407425,0,0,1.28902,0.194107,0,0.66528,12.849,1,0.47779,0.36288,0,111.495,4.13418,107.246,0.84672,12.849,0.84672,3695.15,0,36.966,0.278695,1.37561,1.83983,4.63501,1.01161,6.56015,0.42336,36.966,0.42336,423.524,0,1.02816,0,0,2.40377,1.37561,1.028160,1,0,113.806,0,0,0,113.806,0
65.3023,2.35581,0,0,5.55444,0.251687,0.36288,3.6288,55.7648,0.441239,0,0,1.69798,0.220276,0,0.66528,12.849,1,0.482631,0.36288,0,103.341,4.45284,98.7687,0.84672,12.849,0.84672,3695.15,0,36.966,0.298033,1.42949,1.83972,4.69712,1.23529,6.433,0.42336,36.966,0.42336,423.524,0,1.02816,0,0,2.45765,1.42949,1.028160,1,0,105.202,0,0,0,105.202,0
67.6336,2.41645,0,0,5.36763,0.257009,0.36288,3.6288,56.9811,0.412721,0,0,1.85085,0.221782,0,0.66528,12.849,1,0.475465,0.36288,0,99.7505,4.45284,95.1851,0.84672,12.849,0.84672,3695.15,0,36.966,0.273589,1.52434,1.89744,5.36528,1.23529,7.27818,0.42336,36.966,0.42336,423.524,0,1.02816,0,0,2.5525,1.52434,1.028160,1,0,102.463,0,0,0,102.463,0
69.7404,2.43066,0,0,5.1621,0.26181,0.36288,3.6288,58.1582,0.416263,0,0,1.81689,0.223549,0,0.66528,12.849,1,0.461776,0.36288,0,88.0995,4.45284,83.5478,0.84672,12.849,0.84672,3695.15,0,36.966,0.270047,1.60165,1.86655,5.10583,1.23529,7.06868,0.42336,36.966,0.42336,423.524,0,1.02816,0,0,2.62981,1.60165,1.028160,1,0,90.6164,0,0,0,90.6164,0
72.29,2.44288,0,0,7.3538,0.206534,2.15475,3.6288,58.895,0.419605,0,0,1.40472,0.248338,0,0.66528,12.849,1,0.450077,2.15475,0,136.102,4.46205,133.344,0.84672,12.849,0.84672,3695.15,0,36.966,0.266706,1.44105,1.86664,6.32199,1.42198,7.941,0.42336,36.966,0.42336,423.524,0,1.02816,0,0,2.46921,1.44105,1.028160,1,0,141.285,0,0,0,141.285,0
72.29,2.69832,0,0,5.85038,0.252787,2.89927,3.6288,59.9169,0.543855,0,0,1.81815,0.252364,0,0.66528,12.849,1,0.479606,2.89927,0,96.8388,4.62798,94.6305,0.84672,12.849,0.84672,3695.15,0,36.966,0.341356,1.12507,1.86674,4.07215,1.17302,5.54959,0.42336,36.966,0.42336,423.524,0,1.02816,0,0,2.15323,1.12507,1.028160,1,0,100.18,0,0,0,100.18,0
72.29,2.71801,0,0,6.62921,0.252787,3.65841,3.6288,61.1664,0.533465,0,0,2.03702,0.25402,0,0.66528,12.849,1,0.483107,3.65841,0,104.649,4.62798,103.197,0.84672,12.849,0.84672,3695.15,0,36.966,0.329124,1.50288,2.07381,5.40883,1.17302,7.48338,0.42336,36.966,0.42336,423.524,0,1.02816,0,0,2.53104,1.50288,1.028160,1,0,110.68,0,0,0,110.68,0
72.29,2.71832,0,0,7.64631,0.267484,4.66051,3.6288,61.308,0.537789,0,0,2.11023,0.22449,1.20639,0.66528,12.849,1,0.483161,4.66051,0,129.456,4.08708,129.546,0.84672,12.849,0.84672,3695.15,0,36.966,0.325013,1.42764,2.06068,6.85895,1.06215,8.96011,0.42336,36.966,0.42336,423.524,0,1.02816,0,0,2.4558,1.42764,1.028160,1,0,139.712,0,0,0,139.712,0
72.29,2.71863,0,0,7.82412,0.278507,4.82699,3.6288,61.308,0.53839,0,0,2.64586,0.201005,1.90647,0.66528,12.849,1,0.483215,4.82699,0,132.894,3.68141,133.557,0.84672,12.849,0.84672,3695.15,0,36.966,0.324625,2.34929,2.06091,7.68533,0.978995,10.7919,0.42336,36.966,0.42336,423.524,0,1.02816,0,0,3.37745,2.34929,1.028160,1,0,146.255,0,0,0,146.255,0
72.29,2.37429,0,0,3.74235,0.315634,1.05242,3.6288,61.308,0.371926,0,0,1.20386,0.207571,0.624366,0.66528,12.849,1,0.422012,1.05242,0,63.4077,3.83124,60.2069,0.84672,12.849,0.84672,3695.15,0,36.966,0.224255,0.810881,2.06115,3.675,0.921911,5.40086,0.42336,36.966,0.42336,423.524,0,1.02816,0,0,1.83904,0.810881,1.028160,1,0,66.2321,0,0,0,66.2321,0
72.29,2.29819,0,0,3.77644,0.315634,1.16261,3.6288,61.308,0.428149,0,0,1.49863,0.207571,0.862905,0.66528,12.849,1,0.408487,1.16261,0,84.1783,3.83124,81.1012,0.84672,12.849,0.84672,3695.15,0,36.966,0.258155,1.16364,1.77899,4.61967,0.921911,6.38223,0.42336,36.966,0.42336,423.524,0,1.02816,0,0,2.1918,1.16364,1.028160,1,0,88.3463,0,0,0,88.3463,0
72.29,2.29862,0,0,5.19375,0.315634,2.5795,3.6288,61.308,0.428148,0,0,1.6478,0.207571,1.01208,0.66528,12.849,1,0.408562,2.5795,0,128.117,3.83124,126.457,0.84672,12.849,0.84672,3695.15,0,36.966,0.258155,1.18185,1.83183,5.53952,0.921911,7.37313,0.42336,36.966,0.42336,423.524,0,1.02816,0,0,2.21001,1.18185,1.028160,1,0,134.842,0,0,0,134.842,0
72.29,2.29904,0,0,5.68677,0.314092,3.07364,3.6288,61.308,0.428149,0,0,1.47533,0.215901,0.831283,0.66528,12.849,1,0.408637,3.07364,0,120.239,4.01635,118.887,0.84672,12.849,0.84672,3695.15,0,36.966,0.258155,1.37208,1.83192,5.84983,0.97237,7.82331,0.42336,36.966,0.42336,423.524,0,1.02816,0,0,2.40024,1.37208,1.028160,1,0,127.542,0,0,0,127.542,0
72.29,2.29946,0,0,6.28002,0.323909,3.65665,3.6288,61.308,0.428149,0,0,2.08266,0.212011,1.4425,0.66528,12.849,1,0.408712,3.65665,0,143.962,4.2955,142.915,0.84672,12.849,0.84672,3695.15,0,36.966,0.258155,1.91978,1.83201,6.68109,0.993795,9.18093,0.42336,36.966,0.42336,423.524,0,1.02816,0,0,2.94794,1.91978,1.028160,1,0,153.538,0,0,0,153.538,0
72.29,2.38669,0,0,6.08331,0.338209,3.35842,3.6288,61.308,0.468927,0,0,3.18978,0.171611,2.54925,0.66528,12.849,1,0.424215,3.35842,0,100.74,3.67185,100.002,0.84672,12.849,0.84672,3695.15,0,36.966,0.282742,2.34961,1.83211,7.03484,0.7828,10.151,0.42336,36.966,0.42336,423.524,0,1.02816,0,0,3.37777,2.34961,1.028160,1,0,112.702,0,0,0,112.702,0
72.29,2.44262,0,0,5.34475,0.338209,2.56392,3.6288,61.308,0.428153,0,0,2.23672,0.171611,1.63696,0.66528,12.849,1,0.434157,2.56392,0,112.323,3.67185,110.781,0.84672,12.849,0.84672,3695.15,0,36.966,0.258157,1.72887,1.90186,6.22199,0.7828,8.81177,0.42336,36.966,0.42336,423.524,0,1.02816,0,0,2.75703,1.72887,1.028160,1,0,121.23,0,0,0,121.23,0
72.29,2.44306,0,0,4.5344,0.302497,1.78884,3.6288,61.308,0.428153,0,0,1.7558,0.190642,1.13701,0.66528,12.849,1,0.434235,1.78884,0,104.504,3.90453,101.954,0.84672,12.849,0.84672,3695.15,0,36.966,0.258157,1.30444,1.86371,6.06113,0.828601,8.14252,0.42336,36.966,0.42336,423.524,0,1.02816,0,0,2.3326,1.30444,1.028160,1,0,111.234,0,0,0,111.234,0
72.29,2.4435,0,0,4.45399,0.259788,1.7507,3.6288,61.308,0.428153,0,0,2.16168,0.207037,1.52649,0.66528,12.849,1,0.434314,1.7507,0,82.9613,4.18659,80.0911,0.84672,12.849,0.84672,3695.15,0,36.966,0.258157,1.84708,1.86381,6.16575,0.912906,8.70556,0.42336,36.966,0.42336,423.524,0,1.02816,0,0,2.87524,1.84708,1.028160,1,0,90.3231,0,0,0,90.3231,0
72.29,2.40999,0,0,4.07843,0.219974,1.44847,3.6288,61.308,0.412308,0,0,1.81726,0.212343,1.19261,0.66528,12.849,1,0.428357,1.44847,0,81.1236,4.45546,77.6882,0.84672,12.849,0.84672,3695.15,0,36.966,0.248603,1.63709,1.8639,5.1461,1.03779,7.3607,0.42336,36.966,0.42336,423.524,0,1.02816,0,0,2.66525,1.63709,1.028160,1,0,86.2415,0,0,0,86.2415,0
72.29,2.38885,0,0,3.52694,0.219974,0.918114,3.6288,61.308,0.428151,0,0,1.73295,0.212343,1.09246,0.66528,12.849,1,0.424601,0.918114,0,71.8606,4.45546,67.8987,0.84672,12.849,0.84672,3695.15,0,36.966,0.258156,1.37325,1.83688,4.50241,1.03779,6.41659,0.42336,36.966,0.42336,423.524,0,1.02816,0,0,2.40141,1.37325,1.028160,1,0,75.4077,0,0,0,75.4077,0
72.29,2.38929,0,0,3.14633,0.219974,0.537063,3.6288,61.308,0.428151,0,0,1.53877,0.212343,0.898272,0.66528,12.849,1,0.424678,0.537063,0,61.7216,4.45546,57.3785,0.84672,12.849,0.84672,3695.15,0,36.966,0.258156,1.0653,1.85184,3.90988,1.03779,5.53107,0.42336,36.966,0.42336,423.524,0,1.02816,0,0,2.09346,1.0653,1.028160,1,0,63.8078,0,0,0,63.8078,0
72.2338,2.38972,0,0,2.89913,0.202691,0.36288,3.6288,61.308,0.428151,0,0,1.41016,0.189588,0.792421,0.66528,12.849,1,0.424755,0.36288,0,57.5692,3.98363,53.5237,0.84672,12.849,0.84672,3695.15,0,36.966,0.258156,0.938045,1.85193,3.52101,0.918119,5.13471,0.42336,36.966,0.42336,423.524,0,1.02816,0,0,1.9662,0.938045,1.028160,1,0,59.4508,0,0,0,59.4508,0
71.7832,2.50516,0,0,2.59209,0.174688,0.36288,3.6288,61.308,0.484368,0,0,1.21813,0.231291,0.502468,0.66528,12.849,1,0.44562,0.36288,0,50.3406,4.6516,45.6063,0.84672,12.849,0.84672,3695.15,0,36.966,0.292052,0.728378,1.85203,3.17356,1.02721,4.4347,0.42336,36.966,0.42336,423.524,0,1.02816,0,0,1.75654,0.728378,1.028160,1,0,50.5434,0,0,0,50.5434,0
71.0169,2.54356,0,0,2.25791,0.117718,0.36288,3.6288,61.308,0.454715,0,0,1.08567,0.241362,0.389591,0.66528,12.849,1,0.455291,0.36288,0,42.5446,4.8406,37.6116,0.84672,12.849,0.84672,3695.15,0,36.966,0.274173,0.709456,1.9472,2.90851,1.00622,4.28477,0.42336,36.966,0.42336,423.524,0,1.02816,0,0,1.73762,0.709456,1.028160,1,0,42.2859,0,0,0,42.2859,0
70.189,2.53969,0,0,2.19162,0.117031,0.36288,3.6288,61.308,0.454838,0,0,1.15296,0.241362,0.456764,0.66528,12.849,1,0.459503,0.36288,0,40.5513,4.8406,35.6141,0.84672,12.849,0.84672,3695.15,0,36.966,0.274247,0.689541,1.91948,3.09406,1.00622,4.42261,0.42336,36.966,0.42336,423.524,0,1.02816,0,0,1.7177,0.689541,1.028160,1,0,40.4935,0,0,0,40.4935,0
69.2536,2.53539,0,0,2.07921,0.116289,0.36288,3.6288,61.308,0.454962,0,0,1.12039,0.241362,0.424068,0.66528,12.849,1,0.464137,0.36288,0,38.087,4.8406,33.1452,0.84672,12.849,0.84672,3695.15,0,36.966,0.274322,0.616404,1.9197,2.86063,1.00622,4.11619,0.42336,36.966,0.42336,423.524,0,1.02816,0,0,1.64456,0.616404,1.028160,1,0,37.6854,0,0,0,37.6854,0
68.5056,2.53039,0,0,2.25628,0.11101,0.36288,3.6288,61.308,0.455086,0,0,1.30143,0.246348,0.599993,0.66528,12.849,1,0.469477,0.36288,0,40.4831,5.04262,35.3338,0.84672,12.849,0.84672,3695.15,0,36.966,0.274396,1.00708,1.91991,3.3195,1.09885,4.87324,0.42336,36.966,0.42336,423.524,0,1.02816,0,0,2.03524,1.00708,1.028160,1,0,40.8071,0,0,0,40.8071,0
67.8993,2.50373,0,0,2.35094,0.0906152,0.36288,3.6288,61.308,0.486124,0,0,1.36477,0.273666,0.604985,0.66528,12.849,1,0.469603,0.36288,0,42.4244,5.21946,37.0982,0.84672,12.849,0.84672,3695.15,0,36.966,0.293111,1.29801,1.92013,3.56166,1.24643,5.24026,0.42336,36.966,0.42336,423.524,0,1.02816,0,0,2.32617,1.29801,1.028160,1,0,42.9435,0,0,0,42.9435,0
67.1896,2.50049,0,0,2.23151,0.0779144,0.36288,3.6288,61.308,0.486251,0,0,1.31869,0.29135,0.541088,0.66528,12.849,1,0.473182,0.36288,0,39.6304,5.23845,34.2816,0.84672,12.849,0.84672,3695.15,0,36.966,0.293188,1.21851,1.9536,3.58846,1.30501,5.16237,0.42336,36.966,0.42336,423.524,0,1.02816,0,0,2.24667,1.21851,1.028160,1,0,39.9851,0,0,0,39.9851,0
66.347,2.49657,0,0,2.09442,0.0774804,0.36288,3.6288,61.308,0.486378,0,0,1.16051,0.29135,0.38278,0.66528,12.849,1,0.477432,0.36288,0,36.2108,5.23845,30.8578,0.84672,12.849,0.84672,3695.15,0,36.966,0.293264,1.1354,1.95382,3.40552,1.30501,4.89646,0.42336,36.966,0.42336,423.524,0,1.02816,0,0,2.16356,1.1354,1.028160,1,0,36.137,0,0,0,36.137,0
65.3464,2.49177,0,0,1.92963,0.075657,0.36288,3.6288,61.308,0.486505,0,0,1.06707,0.294147,0.286414,0.66528,12.849,1,0.482566,0.36288,0,33.9403,5.32094,28.4996,0.84672,12.849,0.84672,3695.15,0,36.966,0.293341,0.951186,1.95404,3.10488,1.32431,4.39245,0.42336,36.966,0.42336,423.524,0,1.02816,0,0,1.97935,0.951186,1.028160,1,0,33.1785,0,0,0,33.1785,0
64.3461,2.54389,0,0,1.97378,0.0672687,0.36288,3.6288,61.308,0.514197,0,0,1.2872,0.310931,0.462077,0.66528,12.849,1,0.500204,0.36288,0,40.4854,5.81585,34.5322,0.84672,12.849,0.84672,3695.15,0,36.966,0.310038,0.897333,1.95426,2.8243,1.4401,3.92575,0.42336,36.966,0.42336,423.524,0,1.02816,0,0,1.92549,0.897333,1.028160,1,0,38.9201,0,0,0,38.9201,0
63.1754,2.5377,0,0,1.79658,0.0667298,0.36288,3.6288,61.308,0.514327,0,0,1.06168,0.310931,0.236425,0.66528,12.849,1,0.506742,0.36288,0,32.6092,5.81585,26.6495,0.84672,12.849,0.84672,3695.15,0,36.966,0.310116,0.938917,2.00162,2.62441,1.4401,3.81474,0.42336,36.966,0.42336,423.524,0,1.02816,0,0,1.96708,0.938917,1.028160,1,0,30.7006,0,0,0,30.7006,0
61.8502,2.53018,0,0,1.63399,0.066099,0.36288,3.6288,61.308,0.514457,0,0,0.988736,0.310931,0.163347,0.66528,12.849,1,0.514604,0.36288,0,30.3991,5.81585,24.4315,0.84672,12.849,0.84672,3695.15,0,36.966,0.310195,0.632327,2.00185,2.33887,1.4401,3.22275,0.42336,36.966,0.42336,423.524,0,1.02816,0,0,1.66049,0.632327,1.028160,1,0,27.8176,0,0,0,27.8176,0
60.6869,2.52134,0,0,1.7794,0.0585095,0.36288,3.6288,61.308,0.514588,0,0,1.16707,0.309131,0.343356,0.66528,12.849,1,0.523792,0.36288,0,30.5428,5.92398,24.4579,0.84672,12.849,0.84672,3695.15,0,36.966,0.310273,1.06437,2.00208,3.30698,1.46601,4.59715,0.42336,36.966,0.42336,423.524,0,1.02816,0,0,2.09253,1.06437,1.028160,1,0,29.3984,0,0,0,29.3984,0
59.1112,2.62825,0,0,1.47208,0.0566463,0.36288,3.6288,61.308,0.589462,0,0,0.908107,0.312529,0.00611589,0.66528,12.849,1,0.556468,0.36288,0,22.7547,5.82946,16.7316,0.84672,12.849,0.84672,3695.15,0,36.966,0.355419,0.736776,2.0023,2.50209,1.49522,3.39053,0.42336,36.966,0.42336,423.524,0,1.02816,0,0,1.76494,0.736776,1.028160,1,0,20.1282,0,0,0,20.1282,0
57.5393,2.61636,0,0,1.46642,0.059082,0.36288,3.6288,61.308,0.589601,0,0,0.963827,0.325462,0.048764,0.66528,12.849,1,0.568717,0.36288,0,23.8828,5.74151,17.9354,0.84672,12.849,0.84672,3695.15,0,36.966,0.355503,0.879535,2.12119,2.3095,1.48656,3.46816,0.42336,36.966,0.42336,423.524,0,1.02816,0,0,1.90769,0.879535,1.028160,1,0,21.4524,0,0,0,21.4524,0
55.677,2.60395,0,0,1.16271,0.0581863,0.36288,3.6288,61.1162,0.589739,0,0,0.723427,0.325462,0,0.66528,12.849,1,0.581483,0.36288,0,26.2244,5.74151,20.2643,0.84672,12.849,0.84672,3695.15,0,36.966,0.355587,0.404594,2.12143,1.85436,1.48656,2.53824,0.42336,36.966,0.42336,423.524,0,1.02816,0,0,1.43275,0.404594,1.028160,1,0,22.8025,0,0,0,22.8025,0
54.0818,2.58844,0,0,1.41324,0.057125,0.36288,3.6288,61.308,0.589183,0,0,1.16307,0.325067,0.0570496,0.66528,12.849,1,0.597353,0.36288,0,22.8596,5.74151,16.8836,0.84672,12.849,0.84672,3695.15,0,36.966,0.356366,1.34729,2.12167,2.67186,1.48656,4.29788,0.42336,36.966,0.42336,423.524,0,1.02816,0,0,2.37545,1.34729,1.028160,1,0,21.2386,0,0,0,21.2386,0
52.1503,2.57449,0,0,1.04446,0.0385845,0.36288,3.6288,61.0969,0.590017,0,0,0.71747,0.338517,0,0.66528,12.849,1,0.611659,0.36288,0,21.8963,5.90001,15.7475,0.84672,12.849,0.84672,3695.15,0,36.966,0.355754,0.480833,2.1219,2.05196,1.47031,2.82863,0.42336,36.966,0.42336,423.524,0,1.02816,0,0,1.50899,0.480833,1.028160,1,0,18.5761,0,0,0,18.5761,0
50.0954,2.4786,0,0,0.86063,0.074008,0.36288,3.6288,60.738,0.595485,0,0,0.556197,0.319628,0,0.66528,12.849,1,0.610687,0.36288,0,19.8542,5.27054,14.3359,0.84672,12.849,0.84672,3695.15,0,36.966,0.360291,0.204422,2.12214,1.27979,1.29263,1.95344,0.42336,36.966,0.42336,423.524,0,0.923391,0,0,1.12781,0.204422,1.028160,1,0,16.2893,0,0,0,16.2893,0
48.1104,2.45894,0,0,0.969702,0.132913,0.36288,3.6288,60.7019,0.529164,0,0,0.779083,0.28609,0,0.66528,12.849,1,0.630694,0.36288,0,19.1446,4.41409,14.4627,0.84672,12.849,0.84672,3695.15,0,36.966,0.322056,0.441867,2.03078,1.7091,1.10561,2.75408,0.42336,36.966,0.42336,423.524,0,1.02816,0,0,1.47003,0.441867,1.028160,1,0,17.2168,0,0,0,17.2168,0
46.0859,2.43868,0,0,0.909645,0.132583,0.36288,3.6288,60.6772,0.529176,0,0,0.79151,0.287027,0,0.66528,12.849,1,0.651305,0.36288,0,23.5642,4.43037,18.8454,0.84672,12.849,0.84672,3695.15,0,36.966,0.322256,0.39814,2.03101,1.72926,1.11493,2.72123,0.42336,36.966,0.42336,423.524,0,1.02816,0,0,1.4263,0.39814,1.028160,1,0,21.5666,0,0,0,21.5666,0
44.198,2.41658,0,0,1.02125,0.129658,0.36288,3.6288,60.8467,0.529226,0,0,0.985729,0.286982,0,0.66528,12.849,1,0.673754,0.36288,0,37.9102,4.43037,33.1689,0.84672,12.849,0.84672,3695.15,0,36.966,0.322417,0.675121,2.03124,2.20147,1.11493,3.47048,0.42336,36.966,0.42336,423.524,0,1.02816,0,0,1.70328,0.675121,1.028160,1,0,36.6394,0,0,0,36.6394,0
42.0514,2.37968,0,0,0.767318,0.171386,0.36288,3.6288,60.0933,0.829374,0,0,0.30065,0.224632,0,0.66528,12.849,1,0.691807,0.36288,0,26.0432,4.18604,21.5282,0.84672,12.849,0.84672,3695.15,0,36.966,0.42336,0.216518,2.03146,1.20369,1.02559,2.00272,0.42336,36.966,0.42336,423.524,0,0.57691,0,0,0.793428,0.216518,1.028160,1,0,23.531,0,0,0,23.531,0
39.8205,2.3529,0,0,0.652049,0.167198,0.36288,3.6288,59.5424,0.664764,0,0,0.337409,0.223559,0,0.66528,12.849,1,0.718938,0.36288,0,21.289,4.18604,16.747,0.84672,12.849,0.84672,3695.15,0,36.966,0.408925,0.216518,1.98918,1.33789,1.02559,2.10907,0.42336,36.966,0.42336,423.524,0,0.756162,0,0,0.97268,0.216518,1.028160,1,0,18.856,0,0,0,18.856,0
38.9804,2.3227,0,0,2.00836,0.162845,0.36288,3.6288,59.9047,0.494743,0,0,1.07978,0.222774,0,0.66528,12.849,1,0.749474,0.36288,0,73.7591,4.18604,69.1864,0.84672,12.849,0.84672,3695.15,0,36.966,0.307153,2.0826,1.9894,3.18136,1.02559,5.92062,0.42336,36.966,0.42336,423.524,0,1.02816,0,0,3.11076,2.0826,1.028160,1,0,75.1071,0,0,0,75.1071,0
37.7697,2.31082,0,0,1.649,0.185975,0.36288,3.6288,60.1295,0.496019,0,0,0.920843,0.200005,0,0.66528,12.849,1,0.761708,0.36288,0,59.8284,3.85956,55.57,0.84672,12.849,0.84672,3695.15,0,36.966,0.306084,0.329867,1.98963,2.4056,0.933113,3.4859,0.42336,36.966,0.42336,423.524,0,1.02816,0,0,1.35803,0.329867,1.028160,1,0,59.0559,0,0,0,59.0559,0
36.3302,2.12018,0,0,1.21213,0.168641,0.36288,3.6288,60.2225,0.382991,0,0,0.684409,0.208436,0,0.66528,12.849,1,0.72127,0.36288,0,40.121,3.86967,35.893,0.84672,12.849,0.84672,3695.15,0,36.966,0.235453,0.777038,1.98985,2.31951,0.904017,3.94693,0.42336,36.966,0.42336,423.524,0,1.02816,0,0,1.8052,0.777038,1.028160,1,0,39.8399,0,0,0,39.8399,0
35.1309,2.04931,0,0,1.40205,0.189164,0.36288,3.6288,60.2,0.425267,0,0,0.606965,0.204168,0,0.66528,12.849,1,0.724785,0.36288,0,71.8254,3.93949,67.524,0.84672,12.849,0.84672,3695.15,0,36.966,0.261039,0.648536,1.80465,2.30596,0.942669,3.55544,0.42336,36.966,0.42336,423.524,0,1.02816,0,0,1.6767,0.648536,1.028160,1,0,71.0794,0,0,0,71.0794,0
33.8619,2.03156,0,0,1.31196,0.186456,0.36288,3.6288,60.1152,0.425206,0,0,0.544531,0.204139,0,0.66528,12.849,1,0.743037,0.36288,0,49.6319,3.93949,45.3122,0.84672,12.849,0.84672,3695.15,0,36.966,0.261099,0.469653,1.84446,2.08805,0.942669,3.1984,0.42336,36.966,0.42336,423.524,0,1.02816,0,0,1.49781,0.469653,1.028160,1,0,48.5106,0,0,0,48.5106,0
32.8488,2.01174,0,0,1.54508,0.18359,0.36288,3.6288,60.0272,0.424978,0,0,0.540972,0.204029,0,0.66528,12.849,1,0.763362,0.36288,0,61.5994,3.93949,57.2594,0.84672,12.849,0.84672,3695.15,0,36.966,0.261327,0.501371,1.84456,2.06719,0.942669,3.20912,0.42336,36.966,0.42336,423.524,0,1.02816,0,0,1.52953,0.501371,1.028160,1,0,60.4685,0,0,0,60.4685,0
35.1161,1.99518,0,0,4.80929,0.1839,0.36288,3.6288,60.8902,0.424741,0,0,1.52064,0.232821,0,0.66528,12.849,1,0.780428,0.36288,0,119.094,4.80873,113.868,0.84672,12.849,0.84672,3695.15,0,36.966,0.261565,1.80684,1.84465,3.99072,1.24592,6.13473,0.42336,36.966,0.42336,423.524,0,1.02816,0,0,2.835,1.80684,1.028160,1,0,120.003,0,0,0,120.003,0
39.3301,2.09765,0,0,6.87597,0.201451,0.36288,3.6288,61.308,0.460193,0,0,2.21129,0.21275,1.12058,0.66528,12.849,1,0.767529,0.36288,0,153.821,4.08776,149.329,0.84672,12.849,0.84672,3695.15,0,36.966,0.27938,3.63153,1.84475,5.48519,1.10558,9.57651,0.42336,36.966,0.42336,423.524,0,1.02816,0,0,4.65969,3.63153,1.028160,1,0,160.026,0,0,0,160.026,0
42.598,2.20016,0,0,6.0427,0.211734,0.36288,3.6288,61.308,0.428147,0,0,1.95591,0.213313,1.31445,0.66528,12.849,1,0.718783,0.36288,0,126.002,4.08776,121.559,0.84672,12.849,0.84672,3695.15,0,36.966,0.258154,3.32817,1.90268,4.8488,1.10558,8.71592,0.42336,36.966,0.42336,423.524,0,1.02816,0,0,4.35633,3.32817,1.028160,1,0,131.589,0,0,0,131.589,0
44.8967,2.2429,0,0,5.12446,0.220018,0.36288,3.6288,61.308,0.428147,0,0,1.31683,0.213313,0.675371,0.66528,12.849,1,0.676534,0.36288,0,99.2995,4.08776,94.8981,0.84672,12.849,0.84672,3695.15,0,36.966,0.258154,2.36832,1.8716,4.8293,1.10558,7.70549,0.42336,36.966,0.42336,423.524,0,1.02816,0,0,3.39648,2.36832,1.028160,1,0,103.279,0,0,0,103.279,0
48.3095,2.27021,0,0,6.30797,0.262118,0.36288,3.6288,61.308,0.428147,0,0,1.47161,0.200817,0.842644,0.66528,12.849,1,0.649713,0.36288,0,137.23,4.22069,132.722,0.84672,12.849,0.84672,3695.15,0,36.966,0.258154,2.59267,1.87169,5.3629,1.33737,8.23174,0.42336,36.966,0.42336,423.524,0,1.02816,0,0,3.62083,2.59267,1.028160,1,0,141.797,0,0,0,141.797,0
53.9262,2.53286,0,0,8.77709,0.264588,0.36288,3.6288,61.308,0.552956,0,0,2.23486,0.198159,1.48374,0.66528,12.849,1,0.673671,0.36288,0,192.519,4.24004,187.968,0.84672,12.849,0.84672,3695.15,0,36.966,0.333408,3.33183,1.87179,7.99788,1.14978,11.7183,0.42336,36.966,0.42336,423.524,0,1.02816,0,0,4.35999,3.33183,1.028160,1,0,201.17,0,0,0,201.17,0
59.6377,2.60025,0,0,8.95389,0.279275,0.36288,3.6288,61.308,0.54501,0,0,2.37161,0.197716,1.62888,0.66528,12.849,1,0.619561,0.36288,0,208.688,4.24326,204.188,0.84672,12.849,0.84672,3695.15,0,36.966,0.328617,3.66483,2.08006,8.89419,1.11851,13.192,0.42336,36.966,0.42336,423.524,0,1.02816,0,0,4.69299,3.66483,1.028160,1,0,219.009,0,0,0,219.009,0
64.7325,2.64935,0,0,8.40724,0.300248,0.36288,3.6288,61.308,0.545136,0,0,2.0926,0.167075,1.38039,0.66528,12.849,1,0.570804,0.36288,0,174.315,3.71395,170.393,0.84672,12.849,0.84672,3695.15,0,36.966,0.328693,3.26041,2.07271,8.26003,0.966742,12.2977,0.42336,36.966,0.42336,423.524,0,1.02816,0,0,4.28857,3.26041,1.028160,1,0,184.071,0,0,0,184.071,0
67.8556,2.68712,0,0,6.48641,0.313339,0.36288,3.6288,61.308,0.545262,0,0,1.11888,0.167075,0.406543,0.66528,12.849,1,0.533376,0.36288,0,113.803,3.71395,109.918,0.84672,12.849,0.84672,3695.15,0,36.966,0.328769,1.84585,2.07293,4.94191,0.966742,7.56518,0.42336,36.966,0.42336,423.524,0,1.02816,0,0,2.87401,1.84585,1.028160,1,0,117.89,0,0,0,117.89,0
71.7147,2.36478,0,0,6.88245,0.29561,0.36288,3.6288,61.308,0.377823,0,0,2.14583,0.183432,1.58458,0.66528,12.849,1,0.447791,0.36288,0,99.7203,4.0727,95.5627,0.84672,12.849,0.84672,3695.15,0,36.966,0.22781,2.6104,2.07315,7.73831,0.882017,11.312,0.42336,36.966,0.42336,423.524,0,1.02816,0,0,3.63856,2.6104,1.028160,1,0,108.459,0,0,0,108.459,0
72.29,2.31722,0,0,5.79982,0.30017,2.60717,3.6288,61.308,0.428143,0,0,1.44369,0.186158,0.829392,0.66528,12.849,1,0.415171,2.60717,0,85.1394,4.13249,83.1989,0.84672,12.849,0.84672,3695.15,0,36.966,0.258151,1.70425,1.78934,5.39587,0.867897,7.76342,0.42336,36.966,0.42336,423.524,0,1.02816,0,0,2.73241,1.70425,1.028160,1,0,91.7917,0,0,0,91.7917,0
72.29,2.32042,0,0,5.07842,0.301486,2.45651,3.6288,61.308,0.428143,0,0,1.60778,0.186158,0.993482,0.66528,12.849,1,0.412437,2.45651,0,78.3009,4.13249,76.2125,0.84672,12.849,0.84672,3695.15,0,36.966,0.258151,1.58914,1.83664,4.78183,0.867897,7.08155,0.42336,36.966,0.42336,423.524,0,1.02816,0,0,2.6173,1.58914,1.028160,1,0,84.2875,0,0,0,84.2875,0
72.29,2.32082,0,0,9.23417,0.30012,6.61323,3.6288,61.308,0.428143,0,0,2.41727,0.174704,1.81443,0.66528,12.849,1,0.412509,6.61323,0,167.059,3.95317,169.306,0.84672,12.849,0.84672,3695.15,0,36.966,0.258151,3.78097,1.83672,8.98107,0.837186,13.5034,0.42336,36.966,0.42336,423.524,0,1.02816,0,0,4.80913,3.78097,1.028160,1,0,184.624,0,0,0,184.624,0
72.29,2.32122,0,0,6.92442,0.307665,4.29554,3.6288,61.308,0.428143,0,0,1.73495,0.149312,1.15749,0.66528,12.849,1,0.41258,4.29554,0,106.3,3.36338,106.819,0.84672,12.849,0.84672,3695.15,0,36.966,0.258151,2.39047,1.83681,5.85922,0.648136,9.18021,0.42336,36.966,0.42336,423.524,0,1.02816,0,0,3.41863,2.39047,1.028160,1,0,117.157,0,0,0,117.157,0
72.29,2.40893,0,0,6.31901,0.318006,3.59208,3.6288,61.308,0.469157,0,0,1.41937,0.173427,0.776786,0.66528,12.849,1,0.428169,3.59208,0,85.8097,3.50889,85.4647,0.84672,12.849,0.84672,3695.15,0,36.966,0.282881,1.72399,1.8369,3.91134,0.69754,6.49182,0.42336,36.966,0.42336,423.524,0,1.02816,0,0,2.75215,1.72399,1.028160,1,0,92.7333,0,0,0,92.7333,0
72.29,2.46516,0,0,4.41017,0.318006,1.627,3.6288,61.308,0.428147,0,0,0.999311,0.173427,0.397737,0.66528,12.849,1,0.438164,1.627,0,57.8839,3.50889,55.5639,0.84672,12.849,0.84672,3695.15,0,36.966,0.258154,0.592764,1.90705,2.98145,0.69754,4.52557,0.42336,36.966,0.42336,423.524,0,1.02816,0,0,1.62092,0.592764,1.028160,1,0,60.4872,0,0,0,60.4872,0
72.29,2.46558,0,0,5.47074,0.318006,2.68716,3.6288,61.308,0.428147,0,0,2.04085,0.173427,1.43928,0.66528,12.849,1,0.438238,2.68716,0,97.6855,3.50889,96.4255,0.84672,12.849,0.84672,3695.15,0,36.966,0.258154,2.74407,1.86868,5.42127,0.69754,9.07833,0.42336,36.966,0.42336,423.524,0,1.02816,0,0,3.77223,2.74407,1.028160,1,0,106.943,0,0,0,106.943,0
72.29,2.46599,0,0,4.57094,0.285032,1.81991,3.6288,61.308,0.428147,0,0,1.42449,0.191279,0.805059,0.66528,12.849,1,0.438312,1.81991,0,68.7337,3.85185,66.2635,0.84672,12.849,0.84672,3695.15,0,36.966,0.258154,1.47129,1.86877,3.67105,0.769121,5.98384,0.42336,36.966,0.42336,423.524,0,1.02816,0,0,2.49945,1.47129,1.028160,1,0,73.0524,0,0,0,73.0524,0
72.29,2.43226,0,0,4.19453,0.264465,1.4978,3.6288,61.308,0.412211,0,0,1.24838,0.204974,0.631201,0.66528,12.849,1,0.432316,1.4978,0,64.9509,4.18845,61.8279,0.84672,12.849,0.84672,3695.15,0,36.966,0.248545,1.72382,1.86886,3.37872,0.879851,5.84301,0.42336,36.966,0.42336,423.524,0,1.02816,0,0,2.75198,1.72382,1.028160,1,0,68.3021,0,0,0,68.3021,0
72.29,2.41098,0,0,3.40519,0.264465,0.729739,3.6288,61.308,0.428145,0,0,1.10608,0.204974,0.472957,0.66528,12.849,1,0.428534,0.729739,0,55.3025,4.18845,51.4152,0.84672,12.849,0.84672,3695.15,0,36.966,0.258153,1.48455,1.84168,2.90453,0.879851,5.09276,0.42336,36.966,0.42336,423.524,0,1.02816,0,0,2.51271,1.48455,1.028160,1,0,56.9809,0,0,0,56.9809,0
72.2886,2.41139,0,0,3.03731,0.264465,0.36288,3.6288,61.308,0.428145,0,0,0.939168,0.204974,0.306049,0.66528,12.849,1,0.428607,0.36288,0,52.7458,4.18845,48.4916,0.84672,12.849,0.84672,3695.15,0,36.966,0.258153,0.842296,1.85672,2.73108,0.879851,4.29209,0.42336,36.966,0.42336,423.524,0,1.02816,0,0,1.87046,0.842296,1.028160,1,0,53.0898,0,0,0,53.0898,0
72.29,2.4118,0,0,3.69913,0.251341,1.03456,3.6288,61.308,0.428145,0,0,1.06067,0.211032,0.421495,0.66528,12.849,1,0.428687,1.03456,0,59.3728,4.26726,55.7114,0.84672,12.849,0.84672,3695.15,0,36.966,0.258153,0.813966,1.85681,3.14991,0.896961,4.66557,0.42336,36.966,0.42336,423.524,0,1.02816,0,0,1.84213,0.813966,1.028160,1,0,60.7985,0,0,0,60.7985,0
72.2015,2.52818,0,0,2.99278,0.190176,0.36288,3.6288,61.308,0.484684,0,0,0.902966,0.232787,0.185496,0.66528,12.849,1,0.449365,0.36288,0,44.9652,4.55616,40.3226,0.84672,12.849,0.84672,3695.15,0,36.966,0.292243,1.24621,1.8569,2.54457,1.05304,4.3024,0.42336,36.966,0.42336,423.524,0,1.02816,0,0,2.27437,1.24621,1.028160,1,0,44.8105,0,0,0,44.8105,0
71.8348,2.56038,0,0,2.73231,0.17577,0.36288,3.6288,61.308,0.460993,0,0,0.831211,0.231946,0.138271,0.66528,12.849,1,0.455646,0.36288,0,38.9858,4.63428,34.2588,0.84672,12.849,0.84672,3695.15,0,36.966,0.277959,1.08214,1.9526,2.35165,1.04632,4.06211,0.42336,36.966,0.42336,423.524,0,1.02816,0,0,2.1103,1.08214,1.028160,1,0,38.4592,0,0,0,38.4592,0
71.4161,2.55868,0,0,2.67811,0.175281,0.36288,3.6288,61.308,0.461111,0,0,0.899009,0.231946,0.205952,0.66528,12.849,1,0.457668,0.36288,0,37.3471,4.63428,32.618,0.84672,12.849,0.84672,3695.15,0,36.966,0.278029,1.04231,1.93047,2.53397,1.04632,4.1824,0.42336,36.966,0.42336,423.524,0,1.02816,0,0,2.07047,1.04231,1.028160,1,0,37.0064,0,0,0,37.0064,0
70.8214,2.55668,0,0,2.49958,0.174722,0.36288,3.6288,61.308,0.461228,0,0,0.821569,0.231946,0.128395,0.66528,12.849,1,0.459991,0.36288,0,34.9128,4.63428,30.1814,0.84672,12.849,0.84672,3695.15,0,36.966,0.2781,0.893722,1.93068,2.24387,1.04632,3.74385,0.42336,36.966,0.42336,423.524,0,1.02816,0,0,1.92188,0.893722,1.028160,1,0,34.0536,0,0,0,34.0536,0
70.4187,2.55368,0,0,2.65573,0.141859,0.36288,3.6288,61.308,0.461345,0,0,0.887138,0.253697,0.172096,0.66528,12.849,1,0.46331,0.36288,0,35.5471,5.07113,30.3756,0.84672,12.849,0.84672,3695.15,0,36.966,0.27817,1.08839,1.93089,2.39846,1.13765,4.00191,0.42336,36.966,0.42336,423.524,0,1.02816,0,0,2.11655,1.08839,1.028160,1,0,34.5496,0,0,0,34.5496,0
70.2335,2.52886,0,0,2.82821,0.121649,0.36288,3.6288,61.308,0.492553,0,0,0.975439,0.263054,0.219832,0.66528,12.849,1,0.46143,0.36288,0,38.6928,5.19918,33.395,0.84672,12.849,0.84672,3695.15,0,36.966,0.296988,1.21902,1.93109,2.84503,1.19492,4.50323,0.42336,36.966,0.42336,423.524,0,1.02816,0,0,2.24718,1.21902,1.028160,1,0,38.1181,0,0,0,38.1181,0
69.7969,2.5281,0,0,2.5758,0.121476,0.36288,3.6288,61.308,0.492674,0,0,0.960595,0.263054,0.204868,0.66528,12.849,1,0.462508,0.36288,0,37.793,5.19918,32.4942,0.84672,12.849,0.84672,3695.15,0,36.966,0.29706,1.25317,1.96474,2.74432,1.19492,4.47025,0.42336,36.966,0.42336,423.524,0,1.02816,0,0,2.28133,1.25317,1.028160,1,0,37.1693,0,0,0,37.1693,0
69.1085,2.52592,0,0,2.32146,0.121067,0.36288,3.6288,61.308,0.492794,0,0,0.894534,0.263054,0.138686,0.66528,12.849,1,0.465001,0.36288,0,35.0285,5.19918,29.7272,0.84672,12.849,0.84672,3695.15,0,36.966,0.297133,0.962669,1.96494,2.61293,1.19492,4.0485,0.42336,36.966,0.42336,423.524,0,1.02816,0,0,1.99083,0.962669,1.028160,1,0,33.9144,0,0,0,33.9144,0
68.346,2.52229,0,0,2.21988,0.0971956,0.36288,3.6288,61.308,0.492915,0,0,0.845701,0.317899,0.0348866,0.66528,12.849,1,0.468956,0.36288,0,31.5801,5.90493,25.5691,0.84672,12.849,0.84672,3695.15,0,36.966,0.297206,0.937509,1.96515,2.48256,1.45253,3.63549,0.42336,36.966,0.42336,423.524,0,1.02816,0,0,1.96567,0.937509,1.028160,1,0,29.2394,0,0,0,29.2394,0
67.422,2.57692,0,0,2.11067,0.0948243,0.36288,3.6288,61.2741,0.520756,0,0,0.818579,0.331683,0,0.66528,12.849,1,0.484459,0.36288,0,27.0516,6.28682,20.6432,0.84672,12.849,0.84672,3695.15,0,36.966,0.313993,0.691338,1.96536,2.11817,1.49124,2.96963,0.42336,36.966,0.42336,423.524,0,1.02816,0,0,1.7195,0.691338,1.028160,1,0,23.6128,0,0,0,23.6128,0
66.5236,2.57161,0,0,2.12516,0.0891387,0.36288,3.6288,61.1951,0.520771,0,0,0.777799,0.336054,0,0.66528,12.849,1,0.490087,0.36288,0,35.4345,6.32478,28.9826,0.84672,12.849,0.84672,3695.15,0,36.966,0.314176,0.896754,2.01299,2.33162,1.51373,3.41346,0.42336,36.966,0.42336,423.524,0,1.02816,0,0,1.92491,0.896754,1.028160,1,0,32.396,0,0,0,32.396,0
65.4958,2.56634,0,0,1.98992,0.0885077,0.36288,3.6288,61.0619,0.520642,0,0,0.723324,0.335886,0,0.66528,12.849,1,0.495688,0.36288,0,28.4505,6.32478,21.9929,0.84672,12.849,0.84672,3695.15,0,36.966,0.314503,0.861071,2.0132,2.10177,1.51373,3.14781,0.42336,36.966,0.42336,423.524,0,1.02816,0,0,1.88923,0.861071,1.028160,1,0,25.1407,0,0,0,25.1407,0
64.2967,2.56011,0,0,1.81174,0.0877859,0.36288,3.6288,60.8927,0.520338,0,0,0.686716,0.335603,0,0.66528,12.849,1,0.502244,0.36288,0,25.9289,6.32478,19.4648,0.84672,12.849,0.84672,3695.15,0,36.966,0.315005,0.570352,2.01341,1.96048,1.51373,2.71551,0.42336,36.966,0.42336,423.524,0,1.02816,0,0,1.59851,0.570352,1.028160,1,0,22.1803,0,0,0,22.1803,0
63.0005,2.66928,0,0,1.80358,0.0676247,0.36288,3.6288,60.7137,0.59489,0,0,0.765392,0.349493,0,0.66528,12.849,1,0.533427,0.36288,0,25.916,6.53828,19.2072,0.84672,12.849,0.84672,3695.15,0,36.966,0.361139,1.153,2.01363,2.52361,1.57213,3.75697,0.42336,36.966,0.42336,423.524,0,1.02816,0,0,2.18116,1.153,1.028160,1,0,22.9642,0,0,0,22.9642,0
61.3023,2.66045,0,0,1.38565,0.0605502,0.36288,3.6288,60.3709,0.59436,0,0,0.606857,0.355257,0,0.66528,12.849,1,0.5426,0.36288,0,23.1428,6.56754,16.3955,0.84672,12.849,0.84672,3695.15,0,36.966,0.36188,0.793532,2.13317,2.06628,1.58978,3.04132,0.42336,36.966,0.42336,423.524,0,1.02816,0,0,1.82169,0.793532,1.028160,1,0,19.4368,0,0,0,19.4368,0
59.646,2.6483,0,0,1.41458,0.0597108,0.36288,3.6288,60.0044,0.593216,0,0,0.581187,0.354484,0,0.66528,12.849,1,0.555086,0.36288,0,21.3513,6.56754,14.5916,0.84672,12.849,0.84672,3695.15,0,36.966,0.363235,0.719392,2.1334,2.1183,1.58978,3.01808,0.42336,36.966,0.42336,423.524,0,1.02816,0,0,1.74755,0.719392,1.028160,1,0,17.6097,0,0,0,17.6097,0
58.6919,2.6359,0,0,2.10811,0.0634437,0.36288,3.6288,59.7479,0.591974,0,0,0.688062,0.352594,0,0.66528,12.849,1,0.567828,0.36288,0,27.4851,6.53785,20.7422,0.84672,12.849,0.84672,3695.15,0,36.966,0.364688,1.07716,2.13363,2.32159,1.58614,3.58155,0.42336,36.966,0.42336,423.524,0,1.02816,0,0,2.10532,1.07716,1.028160,1,0,24.3238,0,0,0,24.3238,0
58.1537,2.62861,0,0,2.51273,0.0594042,0.36288,3.6288,59.6026,0.591137,0,0,0.790067,0.344265,0,0.66528,12.849,1,0.575463,0.36288,0,32.5109,6.39994,25.8983,0.84672,12.849,0.84672,3695.15,0,36.966,0.365736,1.05492,2.13385,2.39405,1.60544,3.61164,0.42336,36.966,0.42336,423.524,0,1.02816,0,0,2.08308,1.05492,1.028160,1,0,29.51,0,0,0,29.51,0
56.4851,2.54445,0,0,1.27323,0.0345489,0.36288,3.6288,59.2626,0.531762,0,0,0.501339,0.309602,0,0.66528,12.849,1,0.562193,0.36288,0,13.3804,6.09071,7.0904,0.84672,12.849,0.84672,3695.15,0,36.966,0.329803,0.497992,2.13408,1.34756,1.61529,2.03453,0.42336,36.966,0.42336,423.524,0,1.02816,0,0,1.52615,0.497992,1.028160,1,0,9.12494,0,0,0,9.12494,0
55.4491,2.53119,0,0,1.90956,0.0514477,0.36288,3.6288,59.0135,0.53072,0,0,0.577005,0.295306,0,0.66528,12.849,1,0.575784,0.36288,0,16.2954,5.98027,10.1022,0.84672,12.849,0.84672,3695.15,0,36.966,0.331045,0.870808,2.04219,1.43333,1.57736,2.43791,0.42336,36.966,0.42336,423.524,0,1.02816,0,0,1.89897,0.870808,1.028160,1,0,12.5401,0,0,0,12.5401,0
55.0908,2.52272,0,0,2.57824,0.0509203,0.36288,3.6288,59.1211,0.529985,0,0,0.932403,0.294835,0,0.66528,12.849,1,0.58458,0.36288,0,32.5178,5.98027,26.3158,0.84672,12.849,0.84672,3695.15,0,36.966,0.331982,2.05949,2.0424,2.25781,1.57736,4.45036,0.42336,36.966,0.42336,423.524,0,1.02816,0,0,3.08765,2.05949,1.028160,1,0,30.7661,0,0,0,30.7661,0
54.3555,2.5199,0,0,2.24471,0.0972768,0.36288,3.6288,58.9819,0.53048,0,0,0.669553,0.27826,0,0.66528,12.849,1,0.587725,0.36288,0,30.5275,5.94126,24.3614,0.84672,12.849,0.84672,3695.15,0,36.966,0.331687,1.14056,2.04262,1.43684,1.59488,2.69345,0.42336,36.966,0.42336,423.524,0,1.02816,0,0,2.16872,1.14056,1.028160,1,0,27.0549,0,0,0,27.0549,0
53.0207,2.49813,0,0,1.61458,0.0883742,0.36288,3.6288,58.9447,0.498984,0,0,0.669908,0.208116,0,0.66528,12.849,1,0.590529,0.36288,0,19.2604,4.34142,14.6913,0.84672,12.849,0.84672,3695.15,0,36.966,0.31273,0.702536,2.04284,1.87416,1.14507,3.16173,0.42336,36.966,0.42336,423.524,0,1.02816,0,0,1.7307,0.702536,1.028160,1,0,17.853,0,0,0,17.853,0
52.5781,2.48643,0,0,2.58004,0.173281,0.36288,3.6288,58.9193,0.498983,0,0,0.66157,0.188069,0,0.66528,12.849,1,0.60256,0.36288,0,34.7891,4.20027,30.3492,0.84672,12.849,0.84672,3695.15,0,36.966,0.312927,0.70727,2.0003,2.33121,1.21503,3.51083,0.42336,36.966,0.42336,423.524,0,1.02816,0,0,1.73543,0.70727,1.028160,1,0,33.86,0,0,0,33.86,0
51.6188,2.48262,0,0,2.07489,0.188684,0.36288,3.6288,58.7355,0.49902,0,0,0.501286,0.186027,0,0.66528,12.849,1,0.6067,0.36288,0,27.1068,4.21974,22.6432,0.84672,12.849,0.84672,3695.15,0,36.966,0.313086,0.515203,2.00051,2.00341,1.23983,2.96621,0.42336,36.966,0.42336,423.524,0,1.02816,0,0,1.54336,0.515203,1.028160,1,0,25.6094,0,0,0,25.6094,0
52.4722,2.47385,0,0,3.87689,0.186821,0.36288,3.6288,59.4188,0.498539,0,0,1.36769,0.185807,0,0.66528,12.849,1,0.615794,0.36288,0,54.0048,4.21974,49.5321,0.84672,12.849,0.84672,3695.15,0,36.966,0.313762,3.69939,2.00073,4.41979,1.23983,8.56632,0.42336,36.966,0.42336,423.524,0,1.02816,0,0,4.72755,3.69939,1.028160,1,0,58.0984,0,0,0,58.0984,0
57.1747,2.29523,0,0,7.56106,0.200393,0.36288,3.6288,61.2347,0.386905,0,0,2.37753,0.174715,0,0.66528,12.849,1,0.562038,0.36288,0,100.445,3.98928,96.257,0.84672,12.849,0.84672,3695.15,0,36.966,0.240704,3.97832,2.00094,6.76865,1.04063,11.4666,0.42336,36.966,0.42336,423.524,0,1.02816,0,0,5.00648,3.97832,1.028160,1,0,107.724,0,0,0,107.724,0
61.0348,2.28544,0,0,6.72791,0.219474,0.36288,3.6288,61.308,0.427952,0,0,2.19756,0.167709,1.52864,0.66528,12.849,1,0.513613,0.36288,0,79.5338,3.81644,75.5666,0.84672,12.849,0.84672,3695.15,0,36.966,0.258344,3.35529,1.8147,6.79332,0.891236,10.8137,0.42336,36.966,0.42336,423.524,0,1.02816,0,0,4.38345,3.35529,1.028160,1,0,87.909,0,0,0,87.909,0
65.1612,2.31267,0,0,7.02955,0.227606,0.36288,3.6288,61.308,0.428144,0,0,2.20825,0.167787,1.61232,0.66528,12.849,1,0.486862,0.36288,0,93.3725,3.81644,89.4321,0.84672,12.849,0.84672,3695.15,0,36.966,0.258152,2.96533,1.84913,8.75583,0.891236,12.4209,0.42336,36.966,0.42336,423.524,0,1.02816,0,0,3.99349,2.96533,1.028160,1,0,103.465,0,0,0,103.465,0
66.5432,2.33883,0,0,4.34934,0.26569,0.36288,3.6288,61.308,0.428144,0,0,1.78312,0.168458,1.18652,0.66528,12.849,1,0.461188,0.36288,0,62.8446,4.24206,58.5042,0.84672,12.849,0.84672,3695.15,0,36.966,0.258152,2.14095,1.84922,4.48276,0.890902,7.32388,0.42336,36.966,0.42336,423.524,0,1.02816,0,0,3.16911,2.14095,1.028160,1,0,67.0146,0,0,0,67.0146,0
67.5237,2.34726,0,0,3.96746,0.27673,0.36288,3.6288,61.308,0.428144,0,0,1.48642,0.218172,0.840101,0.66528,12.849,1,0.453238,0.36288,0,69.119,4.98051,64.0482,0.84672,12.849,0.84672,3695.15,0,36.966,0.258152,1.98173,1.84931,4.1094,1.14664,6.53565,0.42336,36.966,0.42336,423.524,0,1.02816,0,0,3.00989,1.98173,1.028160,1,0,71.4239,0,0,0,71.4239,0
71.1431,2.42842,0,0,6.68526,0.274643,0.36288,3.6288,61.308,0.461559,0,0,1.62274,0.234565,0.926615,0.66528,12.849,1,0.462102,0.36288,0,145.602,4.77036,140.733,0.84672,12.849,0.84672,3695.15,0,36.966,0.278299,2.17819,1.8494,5.38452,1.01888,8.11493,0.42336,36.966,0.42336,423.524,0,1.02816,0,0,3.20635,2.17819,1.028160,1,0,149.774,0,0,0,149.774,0
72.29,2.4941,0,0,6.41906,0.282469,2.49555,3.6288,61.308,0.428141,0,0,2.0558,0.234565,1.3931,0.66528,12.849,1,0.450455,2.49555,0,158.577,4.77036,155.852,0.84672,12.849,0.84672,3695.15,0,36.966,0.25815,3.13658,1.90766,6.5489,1.01888,10.3161,0.42336,36.966,0.42336,423.524,0,1.02816,0,0,4.16474,3.13658,1.028160,1,0,167.561,0,0,0,167.561,0
72.29,2.50057,0,0,4.08259,0.325019,1.25701,3.6288,61.308,0.428141,0,0,1.14534,0.223855,0.49334,0.66528,12.849,1,0.444457,1.25701,0,92.454,4.8843,88.3823,0.84672,12.849,0.84672,3695.15,0,36.966,0.25815,1.44421,1.87639,3.90845,1.21756,5.75334,0.42336,36.966,0.42336,423.524,0,1.02816,0,0,2.47237,1.44421,1.028160,1,0,94.629,0,0,0,94.629,0
72.29,2.50096,0,0,7.46575,0.233845,4.73094,3.6288,61.308,0.428141,0,0,1.54803,0.266446,0.853442,0.66528,12.849,1,0.444527,4.73094,0,118.587,4.89469,117.979,0.84672,12.849,0.84672,3695.15,0,36.966,0.25815,2.24954,1.87648,4.63755,1.22575,7.27967,0.42336,36.966,0.42336,423.524,0,1.02816,0,0,3.2777,2.24954,1.028160,1,0,126.112,0,0,0,126.112,0
72.29,2.69437,0,0,5.0166,0.275371,2.04686,3.6288,61.308,0.527864,0,0,1.03498,0.232523,0.274588,0.66528,12.849,1,0.478904,2.04686,0,78.0767,4.33924,75.3054,0.84672,12.849,0.84672,3695.15,0,36.966,0.318279,0.984493,1.87657,3.15532,1.08181,4.6163,0.42336,36.966,0.42336,423.524,0,1.02816,0,0,2.01265,0.984493,1.028160,1,0,80.1962,0,0,0,80.1962,0
72.29,2.69464,0,0,6.47947,0.288542,3.49629,3.6288,61.308,0.527981,0,0,1.53366,0.230168,0.77551,0.66528,12.849,1,0.478952,3.49629,0,107.33,4.25071,106.096,0.84672,12.849,0.84672,3695.15,0,36.966,0.318349,2.04285,2.04276,4.31291,1.0758,7.00436,0.42336,36.966,0.42336,423.524,0,1.02816,0,0,3.07101,2.04285,1.028160,1,0,113.876,0,0,0,113.876,0
72.29,2.69491,0,0,6.55085,0.288542,3.5674,3.6288,61.308,0.528097,0,0,1.42483,0.230168,0.666566,0.66528,12.849,1,0.479,3.5674,0,104.733,4.25071,103.571,0.84672,12.849,0.84672,3695.15,0,36.966,0.318419,2.39283,2.04296,3.02256,1.0758,6.06413,0.42336,36.966,0.42336,423.524,0,1.02816,0,0,3.42099,2.39283,1.028160,1,0,110.302,0,0,0,110.302,0
72.29,2.69518,0,0,4.51232,0.288542,1.5286,3.6288,61.308,0.528214,0,0,0.901807,0.230168,0.143425,0.66528,12.849,1,0.479048,1.5286,0,72.1302,4.25071,68.929,0.84672,12.849,0.84672,3695.15,0,36.966,0.318489,1.40092,2.04317,2.87161,1.0758,4.9214,0.42336,36.966,0.42336,423.524,0,1.02816,0,0,2.42908,1.40092,1.028160,1,0,73.9938,0,0,0,73.9938,0
72.29,2.4012,0,0,5.22505,0.294003,2.52985,3.6288,61.308,0.383409,0,0,1.25569,0.22867,0.643609,0.66528,12.849,1,0.426794,2.52985,0,96.5511,3.65667,94.9975,0.84672,12.849,0.84672,3695.15,0,36.966,0.231178,1.39511,2.04337,3.86753,1.04647,6.02836,0.42336,36.966,0.42336,423.524,0,1.02816,0,0,2.42327,1.39511,1.028160,1,0,101.669,0,0,0,101.669,0
72.29,2.3407,0,0,5.12528,0.305564,2.47902,3.6288,61.308,0.428137,0,0,1.38366,0.223398,0.732127,0.66528,12.849,1,0.416041,2.47902,0,144.285,3.41754,142.93,0.84672,12.849,0.84672,3695.15,0,36.966,0.258147,1.8048,1.79915,3.46946,1.03983,5.77544,0.42336,36.966,0.42336,423.524,0,1.02816,0,0,2.83296,1.8048,1.028160,1,0,149.438,0,0,0,149.438,0
72.29,2.34108,0,0,5.05168,0.305564,2.40504,3.6288,61.308,0.428137,0,0,1.32207,0.223398,0.670532,0.66528,12.849,1,0.416109,2.40504,0,61.8507,3.41754,60.422,0.84672,12.849,0.84672,3695.15,0,36.966,0.258147,1.72224,1.84119,3.45599,1.03983,5.72144,0.42336,36.966,0.42336,423.524,0,1.02816,0,0,2.7504,1.72224,1.028160,1,0,66.814,0,0,0,66.814,0
72.29,2.34145,0,0,4.9383,0.305564,2.29128,3.6288,61.308,0.428137,0,0,1.23976,0.223398,0.588227,0.66528,12.849,1,0.416176,2.29128,0,115.246,3.41754,113.704,0.84672,12.849,0.84672,3695.15,0,36.966,0.258147,1.57881,1.84128,3.43684,1.03983,5.55895,0.42336,36.966,0.42336,423.524,0,1.02816,0,0,2.60697,1.57881,1.028160,1,0,119.851,0,0,0,119.851,0
72.29,2.34183,0,0,4.68288,0.316776,2.02427,3.6288,61.308,0.428137,0,0,1.03823,0.188848,0.421241,0.66528,12.849,1,0.416243,2.02427,0,113.803,2.99299,112.418,0.84672,12.849,0.84672,3695.15,0,36.966,0.258147,1.49332,1.84136,3.26613,0.910585,5.43208,0.42336,36.966,0.42336,423.524,0,1.02816,0,0,2.52148,1.49332,1.028160,1,0,118.271,0,0,0,118.271,0
72.29,2.42999,0,0,6.63448,0.342374,3.86212,3.6288,61.308,0.469375,0,0,1.34676,0.147022,0.730364,0.66528,12.849,1,0.431912,3.86212,0,109.311,2.72465,110.016,0.84672,12.849,0.84672,3695.15,0,36.966,0.283012,1.89025,1.84144,4.07784,0.887269,6.63925,0.42336,36.966,0.42336,423.524,0,1.02816,0,0,2.91841,1.89025,1.028160,1,0,117.386,0,0,0,117.386,0
72.29,2.4865,0,0,5.82009,0.342374,2.99122,3.6288,61.308,0.428141,0,0,2.06263,0.147022,1.48746,0.66528,12.849,1,0.441957,2.99122,0,120.296,2.72465,120.121,0.84672,12.849,0.84672,3695.15,0,36.966,0.25815,2.99238,1.91197,5.56891,0.887269,9.32784,0.42336,36.966,0.42336,423.524,0,1.02816,0,0,4.02054,2.99238,1.028160,1,0,130.936,0,0,0,130.936,0
72.29,2.4869,0,0,4.68849,0.342374,1.85922,3.6288,61.308,0.428141,0,0,1.79683,0.147022,1.22166,0.66528,12.849,1,0.442027,1.85922,0,145.078,2.72465,143.77,0.84672,12.849,0.84672,3695.15,0,36.966,0.25815,3.53728,1.87338,4.47913,0.887269,8.74437,0.42336,36.966,0.42336,423.524,0,1.02816,0,0,4.56544,3.53728,1.028160,1,0,153.736,0,0,0,153.736,0
72.29,2.48729,0,0,3.56664,0.327919,0.751434,3.6288,61.308,0.428141,0,0,1.24167,0.107521,0.70601,0.66528,12.849,1,0.442097,0.751434,0,104.093,1.64547,102.757,0.84672,12.849,0.84672,3695.15,0,36.966,0.25815,2.20596,1.87346,3.35935,0.7363,6.44433,0.42336,36.966,0.42336,423.524,0,1.02816,0,0,3.23412,2.20596,1.028160,1,0,109.907,0,0,0,109.907,0
72.29,2.45335,0,0,4.62148,0.253692,1.91444,3.6288,61.308,0.412118,0,0,1.36586,0.188215,0.76553,0.66528,12.849,1,0.436064,1.91444,0,112.701,4.00249,110.177,0.84672,12.849,0.84672,3695.15,0,36.966,0.248489,2.11647,1.87355,4.74435,1.01657,7.46931,0.42336,36.966,0.42336,423.524,0,1.02816,0,0,3.14463,2.11647,1.028160,1,0,118.412,0,0,0,118.412,0
72.29,2.43193,0,0,3.70389,0.253692,1.01827,3.6288,61.308,0.428139,0,0,1.0253,0.188215,0.408946,0.66528,12.849,1,0.432257,1.01827,0,79.2971,4.00249,75.8806,0.84672,12.849,0.84672,3695.15,0,36.966,0.258149,1.36623,1.84622,2.52642,1.01657,4.46415,0.42336,36.966,0.42336,423.524,0,1.02816,0,0,2.39439,1.36623,1.028160,1,0,80.7537,0,0,0,80.7537,0
72.29,2.43232,0,0,3.24341,0.253692,0.557402,3.6288,61.308,0.428139,0,0,0.972968,0.188215,0.356614,0.66528,12.849,1,0.432326,0.557402,0,69.8103,4.00249,65.9329,0.84672,12.849,0.84672,3695.15,0,36.966,0.258149,1.08201,1.86133,2.35569,1.01657,4.02431,0.42336,36.966,0.42336,423.524,0,1.02816,0,0,2.11017,1.08201,1.028160,1,0,70.3138,0,0,0,70.3138,0
72.1562,2.43271,0,0,2.91552,0.253692,0.36288,3.6288,61.308,0.428139,0,0,0.862091,0.188215,0.245737,0.66528,12.849,1,0.432395,0.36288,0,60.3236,4.00249,56.2516,0.84672,12.849,0.84672,3695.15,0,36.966,0.258149,0.844569,1.86142,2.06129,1.01657,3.49256,0.42336,36.966,0.42336,423.524,0,1.02816,0,0,1.87273,0.844569,1.028160,1,0,59.9899,0,0,0,59.9899,0
72.0766,2.54897,0,0,3.03534,0.203081,0.36288,3.6288,61.308,0.484983,0,0,0.894767,0.178716,0.231068,0.66528,12.849,1,0.453901,0.36288,0,58.4916,3.56324,54.8373,0.84672,12.849,0.84672,3695.15,0,36.966,0.292423,0.881738,1.8615,2.14303,0.93031,3.66354,0.42336,36.966,0.42336,423.524,0,1.02816,0,0,1.9099,0.881738,1.028160,1,0,58.7319,0,0,0,58.7319,0
71.8667,2.57351,0,0,2.90676,0.180315,0.36288,3.6288,61.308,0.466934,0,0,0.906975,0.191503,0.248538,0.66528,12.849,1,0.458776,0.36288,0,54.3832,3.64665,50.6406,0.84672,12.849,0.84672,3695.15,0,36.966,0.281541,0.982351,1.95772,2.2438,0.970328,3.932,0.42336,36.966,0.42336,423.524,0,1.02816,0,0,2.01051,0.982351,1.028160,1,0,54.8212,0,0,0,54.8212,0
71.3131,2.57263,0,0,2.56196,0.180027,0.36288,3.6288,61.308,0.467045,0,0,0.799727,0.191503,0.141179,0.66528,12.849,1,0.459959,0.36288,0,51.4109,3.64665,47.6672,0.84672,12.849,0.84672,3695.15,0,36.966,0.281607,0.910941,1.94088,2.24519,0.970328,3.84507,0.42336,36.966,0.42336,423.524,0,1.02816,0,0,1.9391,0.910941,1.028160,1,0,51.6535,0,0,0,51.6535,0
70.5433,2.56986,0,0,2.33751,0.174553,0.36288,3.6288,61.308,0.467155,0,0,0.748967,0.196442,0.0853694,0.66528,12.849,1,0.46303,0.36288,0,47.0179,3.74447,43.1733,0.84672,12.849,0.84672,3695.15,0,36.966,0.281674,0.819297,1.94107,2.16039,0.997021,3.64206,0.42336,36.966,0.42336,423.524,0,1.02816,0,0,1.84746,0.819297,1.028160,1,0,46.9007,0,0,0,46.9007,0
69.8078,2.56584,0,0,2.3303,0.137101,0.36288,3.6288,61.3022,0.467266,0,0,0.692366,0.230903,0,0.66528,12.849,1,0.467351,0.36288,0,47.1169,4.39178,42.6207,0.84672,12.849,0.84672,3695.15,0,36.966,0.281741,0.621708,1.94127,2.08938,1.13567,3.23495,0.42336,36.966,0.42336,423.524,0,1.02816,0,0,1.64987,0.621708,1.028160,1,0,45.8556,0,0,0,45.8556,0
69.3954,2.53899,0,0,2.60512,0.115688,0.36288,3.6288,61.2492,0.498617,0,0,0.688539,0.24296,0,0.66528,12.849,1,0.467333,0.36288,0,47.0527,4.54283,42.4055,0.84672,12.849,0.84672,3695.15,0,36.966,0.300672,0.609042,1.94146,2.18422,1.08189,3.35216,0.42336,36.966,0.42336,423.524,0,1.02816,0,0,1.6372,0.609042,1.028160,1,0,45.7576,0,0,0,45.7576,0
68.8747,2.5369,0,0,2.48511,0.105961,0.36288,3.6288,61.1644,0.498568,0,0,0.672192,0.258417,0,0.66528,12.849,1,0.469724,0.36288,0,44.2462,4.76,39.3794,0.84672,12.849,0.84672,3695.15,0,36.966,0.300903,0.619263,1.97527,2.18774,1.15539,3.32598,0.42336,36.966,0.42336,423.524,0,1.02816,0,0,1.64742,0.619263,1.028160,1,0,42.7054,0,0,0,42.7054,0
68.0699,2.53416,0,0,2.17477,0.082531,0.36288,3.6288,61.0079,0.498422,0,0,0.635092,0.293089,0,0.66528,12.849,1,0.472763,0.36288,0,41.5766,5.50632,35.9604,0.84672,12.849,0.84672,3695.15,0,36.966,0.301232,0.458974,1.97547,2.12894,1.41458,2.84757,0.42336,36.966,0.42336,423.524,0,1.02816,0,0,1.48713,0.458974,1.028160,1,0,38.808,0,0,0,38.808,0
67.1958,2.52971,0,0,2.10089,0.0824121,0.36288,3.6288,60.8475,0.498054,0,0,0.625061,0.28745,0,0.66528,12.849,1,0.477513,0.36288,0,38.2767,5.77752,32.3845,0.84672,12.849,0.84672,3695.15,0,36.966,0.301782,0.569523,1.97567,2.1261,1.51517,2.85433,0.42336,36.966,0.42336,423.524,0,1.02816,0,0,1.59768,0.569523,1.028160,1,0,35.2389,0,0,0,35.2389,0
66.2756,2.58367,0,0,2.10283,0.0765254,0.36288,3.6288,60.6527,0.525462,0,0,0.63246,0.301806,0,0.66528,12.849,1,0.494043,0.36288,0,38.8991,6.00801,32.7599,0.84672,12.849,0.84672,3695.15,0,36.966,0.319228,0.370639,1.97586,1.74259,1.40765,2.36221,0.42336,36.966,0.42336,423.524,0,1.02816,0,0,1.3988,0.370639,1.028160,1,0,35.1221,0,0,0,35.1221,0
65.2215,2.57818,0,0,1.96208,0.075089,0.36288,3.6288,60.3752,0.524941,0,0,0.551355,0.303872,0,0.66528,12.849,1,0.499838,0.36288,0,33.3548,6.04643,27.1714,0.84672,12.849,0.84672,3695.15,0,36.966,0.319936,0.441063,2.02373,1.73426,1.38973,2.48939,0.42336,36.966,0.42336,423.524,0,1.02816,0,0,1.46922,0.441063,1.028160,1,0,29.6608,0,0,0,29.6608,0
64.0467,2.57169,0,0,1.8342,0.0744597,0.36288,3.6288,60.0579,0.524145,0,0,0.510129,0.303337,0,0.66528,12.849,1,0.506637,0.36288,0,31.7155,6.04643,25.5253,0.84672,12.849,0.84672,3695.15,0,36.966,0.320919,0.314626,2.02393,1.52175,1.38973,2.14966,0.42336,36.966,0.42336,423.524,0,1.02816,0,0,1.34279,0.314626,1.028160,1,0,27.6749,0,0,0,27.6749,0
62.8554,2.56421,0,0,1.80956,0.0737584,0.36288,3.6288,59.7839,0.523211,0,0,0.551911,0.302724,0,0.66528,12.849,1,0.514429,0.36288,0,29.4288,6.04643,23.2308,0.84672,12.849,0.84672,3695.15,0,36.966,0.32204,0.405138,2.02413,1.72094,1.38973,2.43844,0.42336,36.966,0.42336,423.524,0,1.02816,0,0,1.4333,0.405138,1.028160,1,0,25.6693,0,0,0,25.6693,0
61.44,2.67325,0,0,1.66781,0.0471079,0.36288,3.6288,59.394,0.597262,0,0,0.495636,0.288199,0,0.66528,12.849,1,0.546469,0.36288,0,26.5245,6.07466,20.2663,0.84672,12.849,0.84672,3695.15,0,36.966,0.369304,0.360556,2.02433,2.02309,1.45151,2.58717,0.42336,36.966,0.42336,423.524,0,1.02816,0,0,1.38872,0.360556,1.028160,1,0,22.8535,0,0,0,22.8535,0
59.7173,2.6631,0,0,1.33718,0.0338613,0.36288,3.6288,58.8444,0.639235,0,0,0.372771,0.283136,0,0.66528,12.849,1,0.556937,0.36288,0,21.0557,5.78214,15.0795,0.84672,12.849,0.84672,3695.15,0,36.966,0.397851,0.227405,2.1445,1.77213,1.44784,2.29834,0.42336,36.966,0.42336,423.524,0,0.957839,0,0,1.18524,0.227405,1.028160,1,0,17.3778,0,0,0,17.3778,0
58.6591,2.65014,0,0,1.99274,0.0379569,0.36288,3.6288,58.4108,0.593885,0,0,0.441324,0.281085,0,0.66528,12.849,1,0.570215,0.36288,0,27.1042,5.75246,21.1444,0.84672,12.849,0.84672,3695.15,0,36.966,0.373078,0.399747,2.14471,1.94219,1.4442,2.66937,0.42336,36.966,0.42336,423.524,0,1.02816,0,0,1.42791,0.399747,1.028160,1,0,23.8138,0,0,0,23.8138,0
58.4381,2.64197,0,0,2.84223,0.0582926,0.36288,3.6288,58.1176,0.592311,0,0,0.570326,0.271232,0,0.66528,12.849,1,0.578711,0.36288,0,39.759,5.68892,33.8543,0.84672,12.849,0.84672,3695.15,0,36.966,0.374852,0.467718,2.14493,2.1265,1.42081,2.94348,0.42336,36.966,0.42336,423.524,0,1.02816,0,0,1.49588,0.467718,1.028160,1,0,36.7978,0,0,0,36.7978,0
57.1616,2.64044,0,0,1.77551,0.0487163,0.36288,3.6288,57.7047,0.591277,0,0,0.449207,0.270825,0,0.66528,12.849,1,0.580562,0.36288,0,39.8163,5.90671,33.6919,0.84672,12.849,0.84672,3695.15,0,36.966,0.376085,0.289898,2.14514,1.54356,1.42624,2.17627,0.42336,36.966,0.42336,423.524,0,1.02816,0,0,1.31806,0.289898,1.028160,1,0,35.8682,0,0,0,35.8682,0
55.5193,2.54987,0,0,1.34292,0.0724822,0.36288,3.6288,57.3884,0.531229,0,0,0.485098,0.270094,0,0.66528,12.849,1,0.573168,0.36288,0,31.1373,5.32738,25.5996,0.84672,12.849,0.84672,3695.15,0,36.966,0.340309,0.25323,2.14536,1.74474,1.28871,2.51431,0.42336,36.966,0.42336,423.524,0,1.02816,0,0,1.28139,0.25323,1.028160,1,0,28.1139,0,0,0,28.1139,0
54.433,2.53635,0,0,1.88426,0.071312,0.36288,3.6288,57.4218,0.530204,0,0,0.833129,0.269542,0,0.66528,12.849,1,0.586995,0.36288,0,29.7493,5.32738,24.1978,0.84672,12.849,0.84672,3695.15,0,36.966,0.341524,0.935971,2.05296,2.23445,1.28871,3.59315,0.42336,36.966,0.42336,423.524,0,1.02816,0,0,1.96413,0.935971,1.028160,1,0,27.791,0,0,0,27.791,0
53.2728,2.52713,0,0,1.8003,0.0705381,0.36288,3.6288,57.2866,0.53044,0,0,0.664838,0.2696,0,0.66528,12.849,1,0.596532,0.36288,0,36.2485,5.32738,30.6875,0.84672,12.849,0.84672,3695.15,0,36.966,0.341477,0.630167,2.05317,1.94413,1.28871,2.99728,0.42336,36.966,0.42336,423.524,0,1.02816,0,0,1.65833,0.630167,1.028160,1,0,33.6848,0,0,0,33.6848,0
51.8914,2.51691,0,0,1.56811,0.0697114,0.36288,3.6288,57.1375,0.530065,0,0,0.650347,0.269364,0,0.66528,12.849,1,0.60706,0.36288,0,34.913,5.32738,29.3415,0.84672,12.849,0.84672,3695.15,0,36.966,0.342041,0.606156,2.05337,1.85792,1.28871,2.8867,0.42336,36.966,0.42336,423.524,0,1.02816,0,0,1.63432,0.606156,1.028160,1,0,32.2282,0,0,0,32.2282,0
50.4942,2.48866,0,0,1.59356,0.139179,0.36288,3.6288,57.011,0.498721,0,0,0.586664,0.214517,0,0.66528,12.849,1,0.616224,0.36288,0,38.5438,4.17035,34.1201,0.84672,12.849,0.84672,3695.15,0,36.966,0.322655,0.375036,2.05358,2.26767,0.898618,3.47501,0.42336,36.966,0.42336,423.524,0,1.02816,0,0,1.4032,0.375036,1.028160,1,0,37.5951,0,0,0,37.5951,0
49.9216,2.47531,0,0,2.4118,0.146223,0.36288,3.6288,57.3188,0.498398,0,0,1.01316,0.206914,0,0.66528,12.849,1,0.629879,0.36288,0,40.8642,3.94275,36.6544,0.84672,12.849,0.84672,3695.15,0,36.966,0.323162,1.26521,2.01081,2.95924,0.803612,5.10848,0.42336,36.966,0.42336,423.524,0,1.02816,0,0,2.29337,1.26521,1.028160,1,0,41.7629,0,0,0,41.7629,0
48.4277,2.46981,0,0,1.49281,0.154077,0.36288,3.6288,57.287,0.499566,0,0,0.678466,0.21069,0,0.66528,12.849,1,0.635689,0.36288,0,33.9805,4.00074,29.707,0.84672,12.849,0.84672,3695.15,0,36.966,0.322179,0.832378,2.01101,2.93076,0.81715,4.63481,0.42336,36.966,0.42336,423.524,0,1.02816,0,0,1.86054,0.832378,1.028160,1,0,34.3418,0,0,0,34.3418,0
49.8108,2.45456,0,0,4.40379,0.203196,0.36288,3.6288,57.4782,0.499569,0,0,0.921546,0.230816,0,0.66528,12.849,1,0.651252,0.36288,0,98.1386,4.34868,93.5016,0.84672,12.849,0.84672,3695.15,0,36.966,0.32236,1.10273,2.01121,4.24484,0.898381,6.13804,0.42336,36.966,0.42336,423.524,0,1.02816,0,0,2.13089,1.10273,1.028160,1,0,99.6396,0,0,0,99.6396,0
50.5872,2.28322,0,0,3.6409,0.218387,0.36288,3.6288,57.7642,0.387224,0,0,0.899132,0.225899,0,0.66528,12.849,1,0.588971,0.36288,0,82.3293,4.41294,77.6902,0.84672,12.849,0.84672,3695.15,0,36.966,0.249036,2.12912,2.01141,3.34914,0.981208,6.25942,0.42336,36.966,0.42336,423.524,0,1.02816,0,0,3.15728,2.12912,1.028160,1,0,83.9497,0,0,0,83.9497,0
50.3149,2.2509,0,0,2.57799,0.23651,0.36288,3.6288,57.9645,0.418481,0,0,0.83818,0.219367,0,0.66528,12.849,1,0.571721,0.36288,0,55.18,4.49862,50.4726,0.84672,12.849,0.84672,3695.15,0,36.966,0.267805,2.19097,1.82418,4.28454,1.09164,6.94025,0.42336,36.966,0.42336,423.524,0,1.02816,0,0,3.21913,2.19097,1.028160,1,0,57.4128,0,0,0,57.4128,0
49.4063,2.24879,0,0,1.9389,0.235833,0.36288,3.6288,57.644,0.419046,0,0,0.318152,0.219652,0,0.66528,12.849,1,0.574278,0.36288,0,46.1424,4.49862,41.4324,0.84672,12.849,0.84672,3695.15,0,36.966,0.26724,0.53841,1.85354,2.44136,1.09164,3.47443,0.42336,36.966,0.42336,423.524,0,1.02816,0,0,1.56657,0.53841,1.028160,1,0,44.9068,0,0,0,44.9068,0
48.2563,2.24077,0,0,1.67852,0.224891,0.36288,3.6288,57.3424,0.41814,0,0,0.376835,0.260324,0,0.66528,12.849,1,0.582753,0.36288,0,40.1218,4.65396,35.248,0.84672,12.849,0.84672,3695.15,0,36.966,0.268146,0.444597,1.85362,1.62438,1.21151,2.44295,0.42336,36.966,0.42336,423.524,0,1.02816,0,0,1.47276,0.444597,1.028160,1,0,37.6909,0,0,0,37.6909,0
49.8728,2.23016,0,0,4.43017,0.220682,0.36288,3.6288,57.168,0.417283,0,0,0.509538,0.266657,0,0.66528,12.849,1,0.593816,0.36288,0,108.762,4.67985,103.851,0.84672,12.849,0.84672,3695.15,0,36.966,0.269003,0.649918,1.85371,4.65969,1.23149,5.66283,0.42336,36.966,0.42336,423.524,0,1.02816,0,0,1.67808,0.649918,1.028160,1,0,109.514,0,0,0,109.514,0
53.4549,2.3174,0,0,6.49975,0.237352,0.36288,3.6288,58.2947,0.449482,0,0,1.79884,0.222621,0,0.66528,12.849,1,0.597045,0.36288,0,126.424,4.12587,122.064,0.84672,12.849,0.84672,3695.15,0,36.966,0.290644,2.97417,1.85379,5.50743,1.17772,8.86703,0.42336,36.966,0.42336,423.524,0,1.02816,0,0,4.00233,2.97417,1.028160,1,0,130.931,0,0,0,130.931,0
56.4194,2.38954,0,0,5.96328,0.246355,0.36288,3.6288,59.3756,0.422912,0,0,1.72804,0.224249,0,0.66528,12.849,1,0.574376,0.36288,0,105.886,4.12587,101.548,0.84672,12.849,0.84672,3695.15,0,36.966,0.268178,2.6679,1.91235,5.22034,1.17772,8.35469,0.42336,36.966,0.42336,423.524,0,1.02816,0,0,3.69606,2.6679,1.028160,1,0,109.903,0,0,0,109.903,0
58.6422,2.41435,0,0,5.2597,0.259652,0.36288,3.6288,59.862,0.42602,0,0,1.13651,0.224048,0,0.66528,12.849,1,0.549846,0.36288,0,86.2021,4.14486,81.8703,0.84672,12.849,0.84672,3695.15,0,36.966,0.265231,1.85563,1.88373,4.85621,1.21083,7.11951,0.42336,36.966,0.42336,423.524,0,1.02816,0,0,2.88379,1.85563,1.028160,1,0,88.9898,0,0,0,88.9898,0
61.5216,2.43167,0,0,5.97516,0.301216,0.36288,3.6288,60.4888,0.427451,0,0,1.26833,0.214133,0,0.66528,12.849,1,0.5328,0.36288,0,114.612,4.2588,110.183,0.84672,12.849,0.84672,3695.15,0,36.966,0.26396,2.00024,1.88391,5.37493,1.40951,7.5856,0.42336,36.966,0.42336,423.524,0,1.02816,0,0,3.0284,2.00024,1.028160,1,0,117.769,0,0,0,117.769,0
64.708,2.63859,0,0,6.49388,0.306034,0.36288,3.6288,61.308,0.531199,0,0,1.99681,0.196207,0.450164,0.66528,12.849,1,0.551079,0.36288,0,123.692,4.00128,119.502,0.84672,12.849,0.84672,3695.15,0,36.966,0.324627,2.32056,1.88408,5.16395,1.13886,7.9051,0.42336,36.966,0.42336,423.524,0,1.02816,0,0,3.34872,2.32056,1.028160,1,0,127.858,0,0,0,127.858,0
69.562,2.66148,0,0,8.19003,0.311671,0.36288,3.6288,61.308,0.534014,0,0,2.48965,0.183068,1.77257,0.66528,12.849,1,0.528488,0.36288,0,158.679,3.80814,154.705,0.84672,12.849,0.84672,3695.15,0,36.966,0.321987,3.15337,2.05331,6.74946,0.935876,10.6983,0.42336,36.966,0.42336,423.524,0,1.02816,0,0,4.18153,3.15337,1.028160,1,0,167.176,0,0,0,167.176,0
72.29,2.69286,0,0,11.6626,0.318763,5.92296,3.6288,61.308,0.534124,0,0,3.90583,0.194133,3.17758,0.66528,12.849,1,0.497406,5.92296,0,220.537,4.07022,221.892,0.84672,12.849,0.84672,3695.15,0,36.966,0.322053,5.39215,2.0535,11.5091,1.01787,17.6148,0.42336,36.966,0.42336,423.524,0,1.02816,0,0,6.42031,5.39215,1.028160,1,0,242.685,0,0,0,242.685,0
72.29,2.70905,0,0,11.9124,0.316032,8.88732,3.6288,61.308,0.534233,0,0,4.47426,0.19941,3.74062,0.66528,12.849,1,0.481513,8.88732,0,206.124,4.40336,210.126,0.84672,12.849,0.84672,3695.15,0,36.966,0.322119,6.40751,2.05369,14.4368,1.08158,21.4943,0.42336,36.966,0.42336,423.524,0,1.02816,0,0,7.43567,6.40751,1.028160,1,0,235.361,0,0,0,235.361,0
72.29,2.41354,0,0,8.3194,0.322776,5.58309,3.6288,61.308,0.388676,0,0,3.1586,0.182977,2.58695,0.66528,12.849,1,0.428988,5.58309,0,301.061,3.98756,302.227,0.84672,12.849,0.84672,3695.15,0,36.966,0.234355,4.0682,2.05389,10.8165,0.9114,15.7928,0.42336,36.966,0.42336,423.524,0,1.02816,0,0,5.09636,4.0682,1.028160,1,0,320.607,0,0,0,320.607,0
72.29,2.3602,0,0,6.28892,0.324316,3.60441,3.6288,61.308,0.42813,0,0,1.32964,0.19304,0.708465,0.66528,12.849,1,0.419507,3.60441,0,240.23,3.99777,239.417,0.84672,12.849,0.84672,3695.15,0,36.966,0.258144,2.15113,1.8084,8.63343,0.925035,11.4098,0.42336,36.966,0.42336,423.524,0,1.02816,0,0,3.17929,2.15113,1.028160,1,0,251.535,0,0,0,251.535,0
72.29,2.36055,0,0,9.28273,0.324316,6.59786,3.6288,61.308,0.42813,0,0,3.10004,0.19304,2.47887,0.66528,12.849,1,0.41957,6.59786,0,243.429,3.99777,245.61,0.84672,12.849,0.84672,3695.15,0,36.966,0.258144,5.05167,1.84549,12.4842,0.925035,18.1981,0.42336,36.966,0.42336,423.524,0,1.02816,0,0,6.07983,5.05167,1.028160,1,0,266.287,0,0,0,266.287,0
72.29,2.36091,0,0,11.1611,0.325114,8.47505,3.6288,61.308,0.42813,0,0,3.35849,0.158976,2.77138,0.66528,12.849,1,0.419633,8.47505,0,247.299,3.84149,251.513,0.84672,12.849,0.84672,3695.15,0,36.966,0.258144,4.23056,1.84557,14.0695,0.868712,19.0187,0.42336,36.966,0.42336,423.524,0,1.02816,0,0,5.25872,4.23056,1.028160,1,0,273.303,0,0,0,273.303,0
72.29,2.36126,0,0,6.98328,0.325673,4.29634,3.6288,61.308,0.42813,0,0,1.37072,0.124122,0.818466,0.66528,12.849,1,0.419697,4.29634,0,187.973,3.76811,188.081,0.84672,12.849,0.84672,3695.15,0,36.966,0.258144,1.97848,1.84564,7.74619,0.803418,10.5088,0.42336,36.966,0.42336,423.524,0,1.02816,0,0,3.00664,1.97848,1.028160,1,0,199.408,0,0,0,199.408,0
72.29,2.44984,0,0,7.73012,0.322637,4.95764,3.6288,61.308,0.469579,0,0,3.88372,0.187508,3.22664,0.66528,12.849,1,0.435441,4.95764,0,198.152,4.57811,198.096,0.84672,12.849,0.84672,3695.15,0,36.966,0.283135,4.5739,1.84572,10.1611,0.862245,15.4353,0.42336,36.966,0.42336,423.524,0,1.02816,0,0,5.60206,4.5739,1.028160,1,0,216.758,0,0,0,216.758,0
72.29,2.50312,0,0,7.21889,0.322637,4.39313,3.6288,61.308,0.430705,0,0,2.19058,0.187508,1.57236,0.66528,12.849,1,0.444911,4.39313,0,170.327,4.57811,169.697,0.84672,12.849,0.84672,3695.15,0,36.966,0.259696,3.11835,1.91661,6.91323,0.862245,10.8262,0.42336,36.966,0.42336,423.524,0,1.02816,0,0,4.14651,3.11835,1.028160,1,0,182.096,0,0,0,182.096,0
72.29,2.50336,0,0,6.05684,0.289544,3.26394,3.6288,61.308,0.430805,0,0,1.81903,0.1971,1.19113,0.66528,12.849,1,0.444953,3.26394,0,144.186,4.58816,142.417,0.84672,12.849,0.84672,3695.15,0,36.966,0.259756,2.39787,1.88022,6.4757,0.87531,9.61872,0.42336,36.966,0.42336,423.524,0,1.02816,0,0,3.42603,2.39787,1.028160,1,0,153.227,0,0,0,153.227,0
72.29,2.50359,0,0,5.61589,0.206811,2.90549,3.6288,61.308,0.430905,0,0,1.75417,0.221079,1.10219,0.66528,12.849,1,0.444994,2.90549,0,142.252,4.61328,140.099,0.84672,12.849,0.84672,3695.15,0,36.966,0.259817,2.1996,1.8804,6.39052,0.907973,9.30273,0.42336,36.966,0.42336,423.524,0,1.02816,0,0,3.22776,2.1996,1.028160,1,0,150.504,0,0,0,150.504,0
72.29,2.46931,0,0,4.67278,0.251024,1.95244,3.6288,61.308,0.414901,0,0,1.70198,0.197996,1.08908,0.66528,12.849,1,0.438902,1.95244,0,120.442,3.93288,118.023,0.84672,12.849,0.84672,3695.15,0,36.966,0.250167,2.76207,1.88057,5.32661,0.942207,8.77688,0.42336,36.966,0.42336,423.524,0,1.02816,0,0,3.79023,2.76207,1.028160,1,0,127.889,0,0,0,127.889,0
72.29,2.45167,0,0,4.38607,0.174124,1.76028,3.6288,61.308,0.428133,0,0,1.48713,0.233387,0.825605,0.66528,12.849,1,0.435766,1.76028,0,107.927,4.16544,105.086,0.84672,12.849,0.84672,3695.15,0,36.966,0.258145,2.99794,1.85319,4.88556,0.96857,8.50997,0.42336,36.966,0.42336,423.524,0,1.02816,0,0,4.0261,2.99794,1.028160,1,0,114.421,0,0,0,114.421,0
72.29,2.45203,0,0,4.10617,0.16008,1.49406,3.6288,61.308,0.428133,0,0,1.5489,0.239927,0.880842,0.66528,12.849,1,0.43583,1.49406,0,100.266,4.2231,97.1015,0.84672,12.849,0.84672,3695.15,0,36.966,0.258145,2.85974,1.86568,4.29805,0.972013,7.79331,0.42336,36.966,0.42336,423.524,0,1.02816,0,0,3.8879,2.85974,1.028160,1,0,105.776,0,0,0,105.776,0
72.29,2.4524,0,0,4.14291,0.16008,1.53043,3.6288,61.308,0.428133,0,0,1.42028,0.239927,0.752218,0.66528,12.849,1,0.435895,1.53043,0,96.6617,4.2231,93.5332,0.84672,12.849,0.84672,3695.15,0,36.966,0.258145,2.68885,1.86576,3.95244,0.972013,7.27689,0.42336,36.966,0.42336,423.524,0,1.02816,0,0,3.71701,2.68885,1.028160,1,0,101.562,0,0,0,101.562,0
72.29,2.56994,0,0,3.98965,0.173999,1.24571,3.6288,61.308,0.485264,0,0,1.2052,0.25854,0.461398,0.66528,12.849,1,0.456788,1.24571,0,88.6092,4.26936,85.1288,0.84672,12.849,0.84672,3695.15,0,36.966,0.292593,2.47215,1.86584,3.81188,1.07578,6.7815,0.42336,36.966,0.42336,423.524,0,1.02816,0,0,3.50031,2.47215,1.028160,1,0,92.3717,0,0,0,92.3717,0
72.29,2.58766,0,0,3.4283,0.129631,0.711012,3.6288,61.308,0.47253,0,0,1.06968,0.266439,0.330706,0.66528,12.849,1,0.459936,0.711012,0,75.0825,4.47268,70.8609,0.84672,12.849,0.84672,3695.15,0,36.966,0.284915,2.05705,1.96254,3.8217,1.1637,6.39267,0.42336,36.966,0.42336,423.524,0,1.02816,0,0,3.08521,2.05705,1.028160,1,0,77.5842,0,0,0,77.5842,0
72.29,2.5879,0,0,3.20049,0.129631,0.48296,3.6288,61.308,0.472634,0,0,1.02325,0.266439,0.28418,0.66528,12.849,1,0.459979,0.48296,0,68.8608,4.47268,64.4111,0.84672,12.849,0.84672,3695.15,0,36.966,0.284977,2.01176,1.95068,3.50365,1.1637,6.01742,0.42336,36.966,0.42336,423.524,0,1.02816,0,0,3.03992,2.01176,1.028160,1,0,70.7127,0,0,0,70.7127,0
72.2744,2.58814,0,0,3.06505,0.129631,0.36288,3.6288,61.308,0.472738,0,0,1.01571,0.266439,0.276533,0.66528,12.849,1,0.460022,0.36288,0,59.4557,4.47268,54.8859,0.84672,12.849,0.84672,3695.15,0,36.966,0.28504,2.2247,1.95086,3.2447,1.1637,5.97152,0.42336,36.966,0.42336,423.524,0,1.02816,0,0,3.25286,2.2247,1.028160,1,0,61.134,0,0,0,61.134,0
72.2078,2.5883,0,0,2.9984,0.113791,0.36288,3.6288,61.308,0.472842,0,0,0.946892,0.278192,0.195858,0.66528,12.849,1,0.460149,0.36288,0,58.8939,4.56114,54.2355,0.84672,12.849,0.84672,3695.15,0,36.966,0.285103,1.94967,1.95104,3.1472,1.21345,5.54936,0.42336,36.966,0.42336,423.524,0,1.02816,0,0,2.97783,1.94967,1.028160,1,0,59.9807,0,0,0,59.9807,0
72.29,2.565,0,0,3.43456,0.0780377,0.709359,3.6288,61.308,0.504361,0,0,1.00227,0.266187,0.231718,0.66528,12.849,1,0.456428,0.709359,0,68.1169,5.00325,63.3666,0.84672,12.849,0.84672,3695.15,0,36.966,0.304107,1.22124,1.95122,3.5172,1.23855,5.147,0.42336,36.966,0.42336,423.524,0,1.02816,0,0,2.2494,1.22124,1.028160,1,0,68.7453,0,0,0,68.7453,0
72.29,2.56568,0,0,3.27452,0.0780864,0.630754,3.6288,61.308,0.504467,0,0,0.96692,0.266187,0.196265,0.66528,12.849,1,0.45603,0.630754,0,66.3198,5.00325,61.4913,0.84672,12.849,0.84672,3695.15,0,36.966,0.304171,1.1536,1.98519,3.33065,1.23855,4.92672,0.42336,36.966,0.42336,423.524,0,1.02816,0,0,2.18176,1.1536,1.028160,1,0,66.6142,0,0,0,66.6142,0
72.29,2.56592,0,0,3.09334,0.0533201,0.4741,3.6288,61.308,0.504574,0,0,0.92067,0.305248,0.110848,0.66528,12.849,1,0.456072,0.4741,0,62.5418,5.66208,56.8977,0.84672,12.849,0.84672,3695.15,0,36.966,0.304236,1.14557,1.98538,3.23694,1.44089,4.62276,0.42336,36.966,0.42336,423.524,0,1.02816,0,0,2.17373,1.14557,1.028160,1,0,61.6313,0,0,0,61.6313,0
72.1759,2.56616,0,0,2.87329,0.0583904,0.36288,3.6288,61.308,0.504681,0,0,0.91247,0.294087,0.113703,0.66528,12.849,1,0.456115,0.36288,0,62.1137,5.78896,56.2315,0.84672,12.849,0.84672,3695.15,0,36.966,0.3043,1.16296,1.98556,3.16294,1.43225,4.57492,0.42336,36.966,0.42336,423.524,0,1.02816,0,0,2.19112,1.16296,1.028160,1,0,60.9201,0,0,0,60.9201,0
71.7051,2.62566,0,0,2.57131,0.0535574,0.36288,3.6288,61.1779,0.532796,0,0,0.713966,0.311226,0,0.66528,12.849,1,0.46743,0.36288,0,54.9636,6.04224,48.8168,0.84672,12.849,0.84672,3695.15,0,36.966,0.321252,0.829777,1.98575,2.33868,1.42761,3.40535,0.42336,36.966,0.42336,423.524,0,1.02816,0,0,1.85794,0.829777,1.028160,1,0,52.2222,0,0,0,52.2222,0
71.0214,2.6233,0,0,2.35393,0.0514597,0.36288,3.6288,60.9513,0.53248,0,0,0.623652,0.31782,0,0.66528,12.849,1,0.470076,0.36288,0,49.697,6.14355,43.4463,0.84672,12.849,0.84672,3695.15,0,36.966,0.321744,0.634116,2.03384,1.97023,1.42575,2.89069,0.42336,36.966,0.42336,423.524,0,1.02816,0,0,1.66228,0.634116,1.028160,1,0,46.337,0,0,0,46.337,0
70.1078,2.61972,0,0,2.11534,0.0463379,0.36288,3.6288,60.6923,0.531844,0,0,0.592797,0.319948,0,0.66528,12.849,1,0.473952,0.36288,0,46.5248,6.21832,40.1954,0.84672,12.849,0.84672,3695.15,0,36.966,0.322555,0.726235,2.03403,1.92938,1.44069,2.92639,0.42336,36.966,0.42336,423.524,0,1.02816,0,0,1.7544,0.726235,1.028160,1,0,43.1218,0,0,0,43.1218,0
69.5066,2.61474,0,0,2.43057,0.054093,0.36288,3.6288,60.574,0.531098,0,0,0.753873,0.341081,0,0.66528,12.849,1,0.479217,0.36288,0,43.6393,5.78224,37.7408,0.84672,12.849,0.84672,3695.15,0,36.966,0.323477,1.10462,2.03422,3.48579,1.57908,4.72207,0.42336,36.966,0.42336,423.524,0,1.02816,0,0,2.13278,1.10462,1.028160,1,0,42.4628,0,0,0,42.4628,0
69.1815,2.73089,0,0,2.83397,0.0652864,0.36288,3.6288,60.4771,0.606411,0,0,0.833397,0.323876,0,0.66528,12.849,1,0.504832,0.36288,0,53.2589,5.69897,47.418,0.84672,12.849,0.84672,3695.15,0,36.966,0.370069,0.98547,2.03441,3.81685,1.48345,4.98321,0.42336,36.966,0.42336,423.524,0,1.02816,0,0,2.01363,0.98547,1.028160,1,0,52.4012,0,0,0,52.4012,0
67.6524,2.72914,0,0,1.65649,0.0936606,0.36288,3.6288,60.1883,0.606159,0,0,0.598674,0.281332,0,0.66528,12.849,1,0.50688,0.36288,0,35.006,5.49077,29.3712,0.84672,12.849,0.84672,3695.15,0,36.966,0.370508,0.740716,2.15516,2.25704,1.24439,3.53801,0.42336,36.966,0.42336,423.524,0,1.02816,0,0,1.76888,0.740716,1.028160,1,0,32.9092,0,0,0,32.9092,0
66.273,2.71977,0,0,1.7958,0.0925476,0.36288,3.6288,59.9785,0.605173,0,0,0.676166,0.280816,0,0.66528,12.849,1,0.516557,0.36288,0,38.8856,5.49077,33.2412,0.84672,12.849,0.84672,3695.15,0,36.966,0.371681,0.872718,2.15536,2.40444,1.24439,3.81644,0.42336,36.966,0.42336,423.524,0,1.02816,0,0,1.90088,0.872718,1.028160,1,0,37.0576,0,0,0,37.0576,0
64.7795,2.71101,0,0,1.67198,0.0915437,0.36288,3.6288,59.6464,0.604485,0,0,0.55288,0.28044,0,0.66528,12.849,1,0.525611,0.36288,0,36.0191,5.49077,30.3656,0.84672,12.849,0.84672,3695.15,0,36.966,0.372557,0.655655,2.15556,1.97611,1.24439,3.17038,0.42336,36.966,0.42336,423.524,0,1.02816,0,0,1.68382,0.655655,1.028160,1,0,33.536,0,0,0,33.536,0
63.7306,2.70115,0,0,2.11427,0.0990961,0.36288,3.6288,59.3204,0.60332,0,0,0.550593,0.273324,0,0.66528,12.849,1,0.535773,0.36288,0,34.7931,5.21375,29.4065,0.84672,12.849,0.84672,3695.15,0,36.966,0.373909,0.657884,2.15576,2.12427,1.19224,3.37177,0.42336,36.966,0.42336,423.524,0,1.02816,0,0,1.68604,0.657884,1.028160,1,0,32.7782,0,0,0,32.7782,0
62.8805,2.61187,0,0,2.26159,0.137005,0.36288,3.6288,59.0522,0.542718,0,0,0.462267,0.187674,0,0.66528,12.849,1,0.526589,0.36288,0,48.1835,4.39866,43.6211,0.84672,12.849,0.84672,3695.15,0,36.966,0.3382,0.605016,2.15596,2.32111,1.01111,3.73278,0.42336,36.966,0.42336,423.524,0,1.02816,0,0,1.63318,0.605016,1.028160,1,0,47.3539,0,0,0,47.3539,0
61.9741,2.6062,0,0,2.19874,0.13606,0.36288,3.6288,58.7996,0.541883,0,0,0.476544,0.187352,0,0.66528,12.849,1,0.532551,0.36288,0,70.2865,4.39866,65.7182,0.84672,12.849,0.84672,3695.15,0,36.966,0.339213,0.586345,2.0631,2.04026,1.01111,3.33938,0.42336,36.966,0.42336,423.524,0,1.02816,0,0,1.6145,0.586345,1.028160,1,0,69.0575,0,0,0,69.0575,0
60.6541,2.59999,0,0,1.77796,0.135052,0.36288,3.6288,58.5074,0.541098,0,0,0.436005,0.187049,0,0.66528,12.849,1,0.539052,0.36288,0,35.0879,4.39866,30.5131,0.84672,12.849,0.84672,3695.15,0,36.966,0.340176,0.611133,2.06329,1.7828,1.01111,3.10594,0.42336,36.966,0.42336,423.524,0,1.02816,0,0,1.63929,0.611133,1.028160,1,0,33.619,0,0,0,33.619,0
59.3413,2.59055,0,0,1.78927,0.148641,0.36288,3.6288,58.2546,0.540166,0,0,0.464551,0.177218,0,0.66528,12.849,1,0.548783,0.36288,0,27.5767,4.18025,23.2106,0.84672,12.849,0.84672,3695.15,0,36.966,0.341286,0.552951,2.06348,1.72716,0.961742,3.04057,0.42336,36.966,0.42336,423.524,0,1.02816,0,0,1.58111,0.552951,1.028160,1,0,26.2511,0,0,0,26.2511,0
57.7036,2.56479,0,0,1.49253,0.202569,0.36288,3.6288,57.9043,0.545873,0,0,0.365922,0.170339,0,0.66528,12.849,1,0.555345,0.36288,0,23.7564,3.41179,20.1521,0.84672,12.849,0.84672,3695.15,0,36.966,0.346389,0.216518,2.06368,1.69118,0.864357,2.76063,0.42336,36.966,0.42336,423.524,0,0.966358,0,0,1.18288,0.216518,1.028160,1,0,22.9127,0,0,0,22.9127,0
55.6982,2.55213,0,0,1.08418,0.17463,0.36288,3.6288,57.4487,0.557694,0,0,0.309591,0.207512,0,0.66528,12.849,1,0.568289,0.36288,0,18.5154,3.81832,14.4917,0.84672,12.849,0.84672,3695.15,0,36.966,0.356031,0.216518,2.02068,1.71449,1.01347,2.58218,0.42336,36.966,0.42336,423.524,0,0.945069,0,0,1.16159,0.216518,1.028160,1,0,17.0739,0,0,0,17.0739,0
55.3851,2.53574,0,0,2.7568,0.171206,0.36288,3.6288,57.7274,0.505523,0,0,0.99119,0.206902,0,0.66528,12.849,1,0.58497,0.36288,0,51.6558,3.81832,47.6154,0.84672,12.849,0.84672,3695.15,0,36.966,0.325284,2.50641,2.02087,4.0068,1.01347,7.19532,0.42336,36.966,0.42336,423.524,0,1.02816,0,0,3.53457,2.50641,1.028160,1,0,54.8107,0,0,0,54.8107,0
55.5426,2.5333,0,0,3.24403,0.190386,0.36288,3.6288,58.3073,0.506586,0,0,1.27844,0.191967,0,0.66528,12.849,1,0.587709,0.36288,0,61.632,3.60068,57.8065,0.84672,12.849,0.84672,3695.15,0,36.966,0.324394,1.27758,2.02106,4.05945,0.951821,6.08187,0.42336,36.966,0.42336,423.524,0,1.02816,0,0,2.30574,1.27758,1.028160,1,0,63.8883,0,0,0,63.8883,0
54.9073,2.34398,0,0,2.27983,0.208249,0.36288,3.6288,58.5562,0.394368,0,0,0.832274,0.188999,0,0.66528,12.849,1,0.542247,0.36288,0,43.3731,3.50665,39.687,0.84672,12.849,0.84672,3695.15,0,36.966,0.250024,0.833112,2.02125,2.89088,0.833515,4.6617,0.42336,36.966,0.42336,423.524,0,1.02816,0,0,1.86127,0.833112,1.028160,1,0,44.3487,0,0,0,44.3487,0
55.6743,2.3053,0,0,3.65724,0.222107,0.36288,3.6288,58.6782,0.420695,0,0,0.744545,0.201882,0,0.66528,12.849,1,0.539469,0.36288,0,63.5234,3.91167,59.4351,0.84672,12.849,0.84672,3695.15,0,36.966,0.265581,1.45139,1.83309,4.77671,1.03548,6.76013,0.42336,36.966,0.42336,423.524,0,1.02816,0,0,2.47955,1.45139,1.028160,1,0,66.1952,0,0,0,66.1952,0
59.6753,2.31168,0,0,6.89946,0.223819,0.36288,3.6288,58.3477,0.421034,0,0,0.292529,0.20204,0,0.66528,12.849,1,0.53351,0.36288,0,73.4023,3.91167,69.32,0.84672,12.849,0.84672,3695.15,0,36.966,0.265242,0.832153,1.85768,4.10047,1.03548,5.48958,0.42336,36.966,0.42336,423.524,0,1.02816,0,0,1.86031,0.832153,1.028160,1,0,74.8096,0,0,0,74.8096,0
62.4025,2.34146,0,0,5.66425,0.232753,0.36288,3.6288,58.329,0.420114,0,0,0.603073,0.201611,0,0.66528,12.849,1,0.504153,0.36288,0,91.0362,3.91167,86.9833,0.84672,12.849,0.84672,3695.15,0,36.966,0.266162,1.25285,1.85776,3.06563,1.03548,4.8746,0.42336,36.966,0.42336,423.524,0,1.02816,0,0,2.28101,1.25285,1.028160,1,0,91.8579,0,0,0,91.8579,0
66.5828,2.36009,0,0,7.14148,0.23826,0.36288,3.6288,59.5945,0.420062,0,0,1.88718,0.201586,0,0.66528,12.849,1,0.485954,0.36288,0,115.227,3.91167,111.193,0.84672,12.849,0.84672,3695.15,0,36.966,0.266214,4.47069,1.85784,5.44722,1.03548,10.4741,0.42336,36.966,0.42336,423.524,0,1.02816,0,0,5.49885,4.47069,1.028160,1,0,121.667,0,0,0,121.667,0
69.6184,2.46184,0,0,6.15266,0.292328,0.36288,3.6288,60.0275,0.456941,0,0,1.09492,0.205066,0,0.66528,12.849,1,0.475081,0.36288,0,71.6058,4.66032,66.8333,0.84672,12.849,0.84672,3695.15,0,36.966,0.283437,1.62034,1.85792,4.17226,1.4876,5.87948,0.42336,36.966,0.42336,423.524,0,1.02816,0,0,2.6485,1.62034,1.028160,1,0,72.7128,0,0,0,72.7128,0
72.29,2.51425,0,0,6.08867,0.297467,0.605317,3.6288,60.8906,0.43286,0,0,1.50282,0.206837,0,0.66528,12.849,1,0.464038,0.605317,0,79.0344,4.63879,74.5369,0.84672,12.849,0.84672,3695.15,0,36.966,0.266563,2.1991,1.91675,5.14533,1.50145,7.49317,0.42336,36.966,0.42336,423.524,0,1.02816,0,0,3.22726,2.1991,1.028160,1,0,82.0301,0,0,0,82.0301,0
72.29,2.52903,0,0,4.3601,0.303622,1.52745,3.6288,61.308,0.435305,0,0,1.15487,0.207974,0.094181,0.66528,12.849,1,0.449515,1.52745,0,80.9879,4.63879,77.427,0.84672,12.849,0.84672,3695.15,0,36.966,0.264269,1.57026,1.89286,4.9812,1.50145,6.6786,0.42336,36.966,0.42336,423.524,0,1.02816,0,0,2.59842,1.57026,1.028160,1,0,84.1998,0,0,0,84.1998,0
72.29,2.52925,0,0,4.30059,0.280147,1.4912,3.6288,61.308,0.436521,0,0,1.00123,0.20985,0.354858,0.66528,12.849,1,0.449554,1.4912,0,68.5921,4.55406,65.0797,0.84672,12.849,0.84672,3695.15,0,36.966,0.263203,1.22554,1.89303,4.71428,1.41013,6.15951,0.42336,36.966,0.42336,423.524,0,1.02816,0,0,2.2537,1.22554,1.028160,1,0,71.594,0,0,0,71.594,0
72.29,2.72137,0,0,4.5214,0.305287,1.49474,3.6288,61.308,0.539579,0,0,0.991907,0.205013,0.247315,0.66528,12.849,1,0.483702,1.49474,0,94.7549,4.44611,91.3198,0.84672,12.849,0.84672,3695.15,0,36.966,0.325342,1.31801,1.89319,3.9053,1.19829,5.59286,0.42336,36.966,0.42336,423.524,0,1.02816,0,0,2.34617,1.31801,1.028160,1,0,97.16,0,0,0,97.16,0
72.29,2.7216,0,0,5.20203,0.332532,2.1479,3.6288,61.308,0.539682,0,0,1.34295,0.190063,0.613206,0.66528,12.849,1,0.483745,2.1479,0,75.3357,4.72668,72.2732,0.84672,12.849,0.84672,3695.15,0,36.966,0.325404,1.26196,2.06322,3.66633,1.27548,5.39063,0.42336,36.966,0.42336,423.524,0,1.02816,0,0,2.29012,1.26196,1.028160,1,0,78.277,0,0,0,78.277,0
72.29,2.72184,0,0,4.23109,0.332532,1.17672,3.6288,61.2874,0.539784,0,0,0.70924,0.190063,0,0.66528,12.849,1,0.483787,1.17672,0,49.3649,4.72668,45.3312,0.84672,12.849,0.84672,3695.15,0,36.966,0.325466,0.702743,2.0634,2.50683,1.27548,3.67204,0.42336,36.966,0.42336,423.524,0,1.02816,0,0,1.7309,0.702743,1.028160,1,0,49.0032,0,0,0,49.0032,0
72.29,2.72208,0,0,5.97654,0.327021,2.92744,3.6288,61.272,0.539819,0,0,0.717008,0.192598,0,0.66528,12.849,1,0.483829,2.92744,0,63.1315,4.6338,60.9413,0.84672,12.849,0.84672,3695.15,0,36.966,0.325596,1.33456,2.06358,4.04599,1.22475,5.89379,0.42336,36.966,0.42336,423.524,0,1.02816,0,0,2.36272,1.33456,1.028160,1,0,66.8351,0,0,0,66.8351,0
72.29,2.42513,0,0,5.23364,0.308063,2.50044,3.6288,61.308,0.393537,0,0,1.16799,0.200648,0.537789,0.66528,12.849,1,0.431048,2.50044,0,94.0023,3.98436,92.0874,0.84672,12.849,0.84672,3695.15,0,36.966,0.237425,2.41028,2.06376,4.68894,0.895474,8.03009,0.42336,36.966,0.42336,423.524,0,1.02816,0,0,3.43844,2.41028,1.028160,1,0,100.655,0,0,0,100.655,0
72.29,2.37851,0,0,7.11744,0.326873,4.41206,3.6288,61.308,0.428124,0,0,1.88384,0.190968,1.26475,0.66528,12.849,1,0.422761,4.41206,0,105.96,3.86148,106.088,0.84672,12.849,0.84672,3695.15,0,36.966,0.25814,3.17295,1.81708,6.35387,0.862218,10.2236,0.42336,36.966,0.42336,423.524,0,1.02816,0,0,4.20111,3.17295,1.028160,1,0,117.576,0,0,0,117.576,0
72.29,2.37884,0,0,5.78814,0.326873,3.08243,3.6288,61.308,0.428124,0,0,1.25944,0.190968,0.640352,0.66528,12.849,1,0.422821,3.08243,0,94.6814,3.86148,93.4796,0.84672,12.849,0.84672,3695.15,0,36.966,0.25814,1.64964,1.84952,4.44813,0.862218,6.82694,0.42336,36.966,0.42336,423.524,0,1.02816,0,0,2.6778,1.64964,1.028160,1,0,100.947,0,0,0,100.947,0
72.29,2.37917,0,0,4.06106,0.326873,1.35501,3.6288,61.308,0.428124,0,0,0.954288,0.190968,0.335196,0.66528,12.849,1,0.42288,1.35501,0,92.1931,3.86148,89.2638,0.84672,12.849,0.84672,3695.15,0,36.966,0.25814,1.28917,1.8496,4.01722,0.862218,6.03562,0.42336,36.966,0.42336,423.524,0,1.02816,0,0,2.31733,1.28917,1.028160,1,0,95.6346,0,0,0,95.6346,0
72.29,2.37951,0,0,4.14507,0.270232,1.49534,3.6288,61.308,0.428124,0,0,0.725337,0.160886,0.136326,0.66528,12.849,1,0.422939,1.49534,0,80.2146,3.42551,77.8615,0.84672,12.849,0.84672,3695.15,0,36.966,0.25814,0.880615,1.84967,3.66003,0.799591,5.33258,0.42336,36.966,0.42336,423.524,0,1.02816,0,0,1.90877,0.880615,1.028160,1,0,83.3304,0,0,0,83.3304,0
72.29,2.46849,0,0,4.05689,0.308323,1.28008,3.6288,61.308,0.469771,0,0,1.07272,0.162431,0.440515,0.66528,12.849,1,0.438755,1.28008,0,60.9294,3.19924,58.5714,0.84672,12.849,0.84672,3695.15,0,36.966,0.283251,1.15094,1.84974,3.32222,0.515826,5.52383,0.42336,36.966,0.42336,423.524,0,1.02816,0,0,2.1791,1.15094,1.028160,1,0,64.5358,0,0,0,64.5358,0
72.29,2.51505,0,0,4.25576,0.308323,1.43239,3.6288,61.308,0.435814,0,0,1.02707,0.162431,0.428827,0.66528,12.849,1,0.447031,1.43239,0,62.7516,3.19924,60.5377,0.84672,12.849,0.84672,3695.15,0,36.966,0.262776,1.1771,1.92096,3.19631,0.515826,5.51576,0.42336,36.966,0.42336,423.524,0,1.02816,0,0,2.20526,1.1771,1.028160,1,0,66.4823,0,0,0,66.4823,0
72.29,2.51527,0,0,3.59002,0.308323,0.766433,3.6288,61.308,0.435907,0,0,0.87232,0.162431,0.273982,0.66528,12.849,1,0.44707,0.766433,0,58.3804,3.19924,55.5005,0.84672,12.849,0.84672,3695.15,0,36.966,0.262833,0.96717,1.88918,2.68455,0.515826,4.76224,0.42336,36.966,0.42336,423.524,0,1.02816,0,0,1.99533,0.96717,1.028160,1,0,60.5367,0,0,0,60.5367,0
72.29,2.51549,0,0,3.412,0.308323,0.588187,3.6288,61.308,0.436001,0,0,0.70994,0.162431,0.111508,0.66528,12.849,1,0.447109,0.588187,0,48.2288,3.19924,45.1707,0.84672,12.849,0.84672,3695.15,0,36.966,0.262889,1.38103,1.88935,2.27718,0.515826,4.76883,0.42336,36.966,0.42336,423.524,0,1.02816,0,0,2.40919,1.38103,1.028160,1,0,50.051,0,0,0,50.051,0
72.0013,2.48103,0,0,2.81537,0.260123,0.36288,3.6288,61.308,0.419914,0,0,0.634282,0.147121,0.0672471,0.66528,12.849,1,0.440985,0.36288,0,42.779,3.45572,39.2452,0.84672,12.849,0.84672,3695.15,0,36.966,0.253189,0.812549,1.88951,1.99811,0.733858,3.71312,0.42336,36.966,0.42336,423.524,0,1.02816,0,0,1.84071,0.812549,1.028160,1,0,43.0255,0,0,0,43.0255,0
71.183,2.4687,0,0,2.26476,0.251549,0.36288,3.6288,61.308,0.428127,0,0,0.604462,0.165768,0.0105677,0.66528,12.849,1,0.440552,0.36288,0,35.5639,4.04932,31.4369,0.84672,12.849,0.84672,3695.15,0,36.966,0.258141,0.662792,1.86198,2.36115,0.889877,3.7379,0.42336,36.966,0.42336,423.524,0,1.02816,0,0,1.69095,0.662792,1.028160,1,0,35.1854,0,0,0,35.1854,0
70.4398,2.46475,0,0,2.33445,0.249984,0.36288,3.6288,61.308,0.428127,0,0,0.637903,0.165768,0.0440089,0.66528,12.849,1,0.444904,0.36288,0,34.2547,4.04932,30.1233,0.84672,12.849,0.84672,3695.15,0,36.966,0.258141,0.648976,1.86976,2.03606,0.889877,3.40678,0.42336,36.966,0.42336,423.524,0,1.02816,0,0,1.67714,0.648976,1.028160,1,0,33.5741,0,0,0,33.5741,0
70.5902,2.46112,0,0,3.20793,0.233553,0.36288,3.6288,61.308,0.428127,0,0,0.701499,0.169338,0.104034,0.66528,12.849,1,0.448936,0.36288,0,44.6616,4.15769,40.4179,0.84672,12.849,0.84672,3695.15,0,36.966,0.258141,0.852993,1.86984,2.03374,0.869818,3.62861,0.42336,36.966,0.42336,423.524,0,1.02816,0,0,1.88115,0.852993,1.028160,1,0,44.1505,0,0,0,44.1505,0
69.6382,2.57958,0,0,2.17693,0.186395,0.36288,3.6288,61.2486,0.485528,0,0,0.609902,0.183788,0,0.66528,12.849,1,0.469542,0.36288,0,33.6719,4.35676,29.2085,0.84672,12.849,0.84672,3695.15,0,36.966,0.292752,0.575277,1.86991,1.79431,0.84538,3.10136,0.42336,36.966,0.42336,423.524,0,1.02816,0,0,1.60344,0.575277,1.028160,1,0,32.3098,0,0,0,32.3098,0
68.7334,2.585,0,0,2.20355,0.160553,0.36288,3.6288,61.09,0.510447,0,0,0.549352,0.197524,0,0.66528,12.849,1,0.47696,0.36288,0,29.039,4.17721,24.7477,0.84672,12.849,0.84672,3695.15,0,36.966,0.308076,0.402797,1.96706,1.53912,0.909657,2.69125,0.42336,36.966,0.42336,423.524,0,0.975499,0,0,1.3783,0.402797,1.028160,1,0,27.439,0,0,0,27.439,0
67.5517,2.57993,0,0,1.92063,0.159428,0.36288,3.6288,60.7407,0.622779,0,0,0.470883,0.197326,0,0.66528,12.849,1,0.482292,0.36288,0,25.5756,4.17721,21.279,0.84672,12.849,0.84672,3695.15,0,36.966,0.376848,0.402797,1.95987,1.3473,0.909657,2.42346,0.42336,36.966,0.42336,423.524,0,0.794552,0,0,1.19735,0.402797,1.028160,1,0,23.7024,0,0,0,23.7024,0
66.1337,2.57307,0,0,1.67589,0.157959,0.36288,3.6288,60.4379,0.538941,0,0,0.432961,0.19689,0,0.66528,12.849,1,0.489423,0.36288,0,24.1224,4.17721,19.8187,0.84672,12.849,0.84672,3695.15,0,36.966,0.327992,0.30119,1.96004,1.38201,0.909657,2.4056,0.42336,36.966,0.42336,423.524,0,0.9274,0,0,1.22859,0.30119,1.028160,1,0,22.2243,0,0,0,22.2243,0
64.5767,2.56451,0,0,1.52652,0.156196,0.36288,3.6288,60.0321,0.599498,0,0,0.390198,0.196512,0,0.66528,12.849,1,0.498253,0.36288,0,22.0812,4.17721,17.7686,0.84672,12.849,0.84672,3695.15,0,36.966,0.366675,0.30119,1.96021,1.31463,0.909657,2.2997,0.42336,36.966,0.42336,423.524,0,0.828317,0,0,1.12951,0.30119,1.028160,1,0,20.0683,0,0,0,20.0683,0
63.022,2.53183,0,0,1.43478,0.0947765,0.36288,3.6288,59.7129,0.544966,0,0,0.459371,0.233571,0,0.66528,12.849,1,0.503765,0.36288,0,25.4599,4.81415,20.5049,0.84672,12.849,0.84672,3695.15,0,36.966,0.335574,0.30119,1.96038,1.32468,1.09746,2.15323,0.42336,36.966,0.42336,423.524,0,0.964699,0,0,1.26589,0.30119,1.028160,1,0,22.6581,0,0,0,22.6581,0
61.3435,2.52172,0,0,1.29972,0.093589,0.36288,3.6288,59.336,0.582812,0,0,0.438964,0.233096,0,0.66528,12.849,1,0.514132,0.36288,0,25.0207,4.81415,20.0553,0.84672,12.849,0.84672,3695.15,0,36.966,0.360797,0.30119,1.9945,1.25144,1.09746,2.08888,0.42336,36.966,0.42336,423.524,0,0.901791,0,0,1.20298,0.30119,1.028160,1,0,22.1441,0,0,0,22.1441,0
59.5658,2.51031,0,0,1.1834,0.0879417,0.36288,3.6288,58.88,0.627706,0,0,0.415136,0.243367,0,0.66528,12.849,1,0.525809,0.36288,0,22.0254,4.9553,16.9072,0.84672,12.849,0.84672,3695.15,0,36.966,0.391058,0.261274,1.99467,1.21462,1.14898,1.93053,0.42336,36.966,0.42336,423.524,0,0.826796,0,0,1.08807,0.261274,1.028160,1,0,18.8377,0,0,0,18.8377,0
57.768,2.49762,0,0,1.12353,0.0607879,0.36288,3.6288,58.3447,0.616778,0,0,0.388879,0.307461,0,0.66528,12.849,1,0.538764,0.36288,0,19.8653,5.80219,13.8873,0.84672,12.849,0.84672,3695.15,0,36.966,0.387225,0.261274,1.99485,1.15822,1.45811,1.56901,0.42336,36.966,0.42336,423.524,0,0.841717,0,0,1.10299,0.261274,1.028160,1,0,15.4563,0,0,0,15.4563,0
55.9289,2.54209,0,0,1.12486,0.0589986,0.36288,3.6288,57.8798,0.601185,0,0,0.443833,0.307465,0,0.66528,12.849,1,0.565423,0.36288,0,20.2556,5.85781,14.1953,0.84672,12.849,0.84672,3695.15,0,36.966,0.380899,0.261274,1.99502,1.1672,1.46699,1.57561,0.42336,36.966,0.42336,423.524,0,0.908902,0,0,1.17018,0.261274,1.028160,1,0,15.7709,0,0,0,15.7709,0
54.1528,2.52719,0,0,1.17138,0.0573933,0.36288,3.6288,57.4975,0.563175,0,0,0.488194,0.307337,0,0.66528,12.849,1,0.580593,0.36288,0,19.8477,5.89953,13.7305,0.84672,12.849,0.84672,3695.15,0,36.966,0.359682,0.261274,2.04332,1.18996,1.47366,1.66122,0.42336,36.966,0.42336,423.524,0,0.968293,0,0,1.22957,0.261274,1.028160,1,0,15.3917,0,0,0,15.3917,0
52.2583,2.51202,0,0,1.03681,0.056379,0.36288,3.6288,57.0491,0.600052,0,0,0.458218,0.306577,0,0.66528,12.849,1,0.596035,0.36288,0,18.7359,5.89953,12.6032,0.84672,12.849,0.84672,3695.15,0,36.966,0.385782,0.261274,2.0435,1.19063,1.47366,1.63597,0.42336,36.966,0.42336,423.524,0,0.905481,0,0,1.16675,0.261274,1.028160,1,0,14.2392,0,0,0,14.2392,0
50.2932,2.4949,0,0,0.947946,0.055297,0.36288,3.6288,56.5526,0.633423,0,0,0.442629,0.305687,0,0.66528,12.849,1,0.613432,0.36288,0,17.5951,5.89953,11.445,0.84672,12.849,0.84672,3695.15,0,36.966,0.410438,0.227405,2.04368,1.13441,1.47366,1.52141,0.42336,36.966,0.42336,423.524,0,0.847619,0,0,1.07502,0.227405,1.028160,1,0,12.9664,0,0,0,12.9664,0
48.124,2.58923,0,0,0.826183,0.043324,0.36288,3.6288,55.9294,0.749137,0,0,0.437572,0.311634,0,0.66528,12.849,1,0.6615,0.36288,0,16.7068,6.07846,10.3297,0.84672,12.849,0.84672,3695.15,0,36.966,0.42336,0.227405,2.04386,1.13587,1.4891,1.49467,0.42336,36.966,0.42336,423.524,0,0.841441,0,0,1.06885,0.227405,1.028160,1,0,11.8244,0,0,0,11.8244,0
45.9063,2.56592,0,0,0.777306,0.0661806,0.36288,3.6288,55.1694,0.859585,0,0,0.403532,0.304017,0,0.66528,12.849,1,0.685094,0.36288,0,16.5198,5.45937,10.7382,0.84672,12.849,0.84672,3695.15,0,36.966,0.42336,0.227405,2.16515,1.13925,1.37141,1.73703,0.42336,36.966,0.42336,423.524,0,0.731169,0,0,0.958573,0.227405,1.028160,1,0,12.4752,0,0,0,12.4752,0
43.7231,2.54028,0,0,0.784555,0.0645813,0.36288,3.6288,54.4554,0.810244,0,0,0.398817,0.302505,0,0.66528,12.849,1,0.711014,0.36288,0,16.243,5.45937,10.4355,0.84672,12.849,0.84672,3695.15,0,36.966,0.42336,0.227405,2.16534,1.22602,1.37141,1.82399,0.42336,36.966,0.42336,423.524,0,0.780685,0,0,1.00809,0.227405,1.028160,1,0,12.2595,0,0,0,12.2595,0
41.7231,2.51306,0,0,0.938883,0.0630068,0.36288,3.6288,53.799,0.775125,0,0,0.419803,0.301084,0,0.66528,12.849,1,0.738517,0.36288,0,15.8826,5.45937,10.0476,0.84672,12.849,0.84672,3695.15,0,36.966,0.42336,0.204422,2.16553,1.64711,1.37141,2.22229,0.42336,36.966,0.42336,423.524,0,0.815979,0,0,1.0204,0.204422,1.028160,1,0,12.2698,0,0,0,12.2698,0
39.5094,2.48621,0,0,0.700721,0.0653152,0.36288,3.6288,53.0316,0.833136,0,0,0.365565,0.299843,0,0.66528,12.849,1,0.76565,0.36288,0,15.1346,5.48157,9.25026,0.84672,12.849,0.84672,3695.15,0,36.966,0.42336,0.204422,2.16572,1.10622,1.36707,1.68594,0.42336,36.966,0.42336,423.524,0,0.758143,0,0,0.962565,0.204422,1.028160,1,0,10.9362,0,0,0,10.9362,0
37.8893,2.37917,0,0,1.24703,0.125076,0.36288,3.6288,52.8274,0.552947,0,0,0.625101,0.276372,0,0.66528,12.849,1,0.77374,0.36288,0,23.6739,4.89186,18.3711,0.84672,12.849,0.84672,3695.15,0,36.966,0.385435,0.204422,2.16591,2.56681,1.0904,3.4613,0.42336,36.966,0.42336,423.524,0,0.979491,0,0,1.18391,0.204422,1.028160,1,0,21.8324,0,0,0,21.8324,0
36.3596,2.35467,0,0,1.31922,0.131301,0.36288,3.6288,53.0468,0.523535,0,0,1.01526,0.272287,0,0.66528,12.849,1,0.798516,0.36288,0,22.0164,4.78432,16.7965,0.84672,12.849,0.84672,3695.15,0,36.966,0.366344,0.957813,2.0726,3.27222,1.04611,4.89019,0.42336,36.966,0.42336,423.524,0,1.02816,0,0,1.98597,0.957813,1.028160,1,0,21.6867,0,0,0,21.6867,0
34.6937,2.33005,0,0,1.1559,0.128947,0.36288,3.6288,52.8771,0.524526,0,0,0.62754,0.272766,0,0.66528,12.849,1,0.823409,0.36288,0,22.3535,4.78432,17.1086,0.84672,12.849,0.84672,3695.15,0,36.966,0.365519,0.408949,2.07278,2.57968,1.04611,3.64979,0.42336,36.966,0.42336,423.524,0,1.02816,0,0,1.43711,0.408949,1.028160,1,0,20.7584,0,0,0,20.7584,0
32.8377,2.30702,0,0,0.940308,0.126383,0.36288,3.6288,52.5251,0.596076,0,0,0.51651,0.272395,0,0.66528,12.849,1,0.84672,0.36288,0,20.5271,4.78432,15.2589,0.84672,12.849,0.84672,3695.15,0,36.966,0.416713,0.216518,2.07296,2.33086,1.04611,3.15752,0.42336,36.966,0.42336,423.524,0,0.905584,0,0,1.1221,0.216518,1.028160,1,0,18.4164,0,0,0,18.4164,0
32.0982,2.28771,0,0,2.04476,0.133617,0.36288,3.6288,52.5642,0.492421,0,0,0.786732,0.255199,0,0.66528,12.849,1,0.84672,0.36288,0,47.0509,4.33599,42.2311,0.84672,12.849,0.84672,3695.15,0,36.966,0.346555,0.810276,2.07314,3.53181,0.976038,5.09264,0.42336,36.966,0.42336,423.524,0,1.02816,0,0,1.83844,0.810276,1.028160,1,0,47.3237,0,0,0,47.3237,0
32.3879,2.28798,0,0,3.13272,0.192225,0.36288,3.6288,52.7498,0.492668,0,0,0.968285,0.290065,0,0.66528,12.849,1,0.84672,0.36288,0,61.1918,5.34797,55.36,0.84672,12.849,0.84672,3695.15,0,36.966,0.34647,0.527334,2.02994,4.19658,1.25018,5.15721,0.42336,36.966,0.42336,423.524,0,1.02816,0,0,1.55549,0.527334,1.028160,1,0,60.5172,0,0,0,60.5172,0
32.8777,2.28825,0,0,3.33386,0.192925,0.36288,3.6288,52.7245,0.49348,0,0,0.758739,0.290497,0,0.66528,12.849,1,0.84672,0.36288,0,22.5963,5.34797,16.7645,0.84672,12.849,0.84672,3695.15,0,36.966,0.345821,0.460261,2.03012,3.10926,1.25018,4.00364,0.42336,36.966,0.42336,423.524,0,1.02816,0,0,1.48842,0.460261,1.028160,1,0,20.7681,0,0,0,20.7681,0
33.2055,2.28852,0,0,3.1733,0.194109,0.36288,3.6288,53.0035,0.493478,0,0,1.0629,0.290438,0,0.66528,12.849,1,0.84672,0.36288,0,25.6942,5.34797,19.8623,0.84672,12.849,0.84672,3695.15,0,36.966,0.345985,1.14642,2.03029,3.76855,1.25018,5.3491,0.42336,36.966,0.42336,423.524,0,1.02816,0,0,2.17458,1.14642,1.028160,1,0,25.2114,0,0,0,25.2114,0
33.5876,2.09046,0,0,3.03304,0.197534,0.36288,3.6288,53.1448,0.384118,0,0,0.792587,0.267221,0,0.66528,12.849,1,0.808913,0.36288,0,30.973,5.16054,25.3664,0.84672,12.849,0.84672,3695.15,0,36.966,0.267894,0.372565,2.03047,3.43724,1.18595,4.38643,0.42336,36.966,0.42336,423.524,0,1.02816,0,0,1.40073,0.372565,1.028160,1,0,29.7529,0,0,0,29.7529,0
33.8986,2.07263,0,0,2.94976,0.203271,0.36288,3.6288,53.6189,0.40474,0,0,1.04375,0.164856,0,0.66528,12.849,1,0.792888,0.36288,0,51.1444,3.92364,46.7907,0.84672,12.849,0.84672,3695.15,0,36.966,0.281526,0.829863,1.84144,3.17956,0.93987,4.62948,0.42336,36.966,0.42336,423.524,0,1.02816,0,0,1.85802,0.829863,1.028160,1,0,51.4202,0,0,0,51.4202,0
35.5047,2.07819,0,0,4.25256,0.205403,0.36288,3.6288,54.5727,0.406214,0,0,1.54841,0.188407,0,0.66528,12.849,1,0.787723,0.36288,0,75.562,4.28495,70.8522,0.84672,12.849,0.84672,3695.15,0,36.966,0.280052,1.35938,1.86156,4.50573,1.08237,6.36425,0.42336,36.966,0.42336,423.524,0,1.02816,0,0,2.38754,1.35938,1.028160,1,0,77.2164,0,0,0,77.2164,0
37.3646,1.89441,0,0,4.31877,0.201574,0.36288,3.6288,55.5581,0.310213,0,0,1.51781,0.222199,0,0.66528,12.849,1,0.685579,0.36288,0,75.2604,4.44235,70.4954,0.84672,12.849,0.84672,3695.15,0,36.966,0.210129,0.995276,1.86164,4.66077,1.13807,6.16949,0.42336,36.966,0.42336,423.524,0,1.02816,0,0,2.02344,0.995276,1.028160,1,0,76.6649,0,0,0,76.6649,0
40.354,1.92008,0,0,5.46432,0.191981,0.36288,3.6288,57.0044,0.312442,0,0,1.95477,0.196037,0,0.66528,12.849,1,0.660281,0.36288,0,101.285,3.65232,97.3353,0.84672,12.849,0.84672,3695.15,0,36.966,0.207886,2.18904,1.67986,7.18793,0.880096,9.96885,0.42336,36.966,0.42336,423.524,0,1.02816,0,0,3.2172,2.18904,1.028160,1,0,107.304,0,0,0,107.304,0
47.0019,2.01958,0,0,9.24523,0.214828,0.36288,3.6288,58.3517,0.345346,0,0,1.86636,0.173711,0,0.66528,12.849,1,0.643049,0.36288,0,116.268,4.16236,111.825,0.84672,12.849,0.84672,3695.15,0,36.966,0.223949,2.42037,1.67992,7.91612,0.983269,10.8092,0.42336,36.966,0.42336,423.524,0,1.02816,0,0,3.44853,2.42037,1.028160,1,0,122.634,0,0,0,122.634,0
50.2147,2.34946,0,0,6.16607,0.240953,0.36288,3.6288,58.8595,0.432953,0,0,1.13934,0.198589,0,0.66528,12.849,1,0.642277,0.36288,0,126.291,4.87221,121.139,0.84672,12.849,0.84672,3695.15,0,36.966,0.274277,1.68929,1.73317,5.96082,1.22404,7.88497,0.42336,36.966,0.42336,423.524,0,1.02816,0,0,2.71745,1.68929,1.028160,1,0,129.024,0,0,0,129.024,0
57.2673,2.38238,0,0,10.0474,0.249474,0.36288,3.6288,61.308,0.434492,0,0,3.22901,0.199238,0.146776,0.66528,12.849,1,0.609606,0.36288,0,218.163,4.87221,213.045,0.84672,12.849,0.84672,3695.15,0,36.966,0.272878,3.94876,1.90141,10.0691,1.22404,14.4224,0.42336,36.966,0.42336,423.524,0,1.02816,0,0,4.97692,3.94876,1.028160,1,0,227.614,0,0,0,227.614,0
62.0281,2.44389,0,0,7.83556,0.268038,0.36288,3.6288,61.308,0.441378,0,0,2.84028,0.202371,2.19653,0.66528,12.849,1,0.548333,0.36288,0,291.034,4.87221,285.976,0.84672,12.849,0.84672,3695.15,0,36.966,0.266132,3.46552,1.90157,9.23794,1.22404,13.1149,0.42336,36.966,0.42336,423.524,0,1.02816,0,0,4.49368,3.46552,1.028160,1,0,301.288,0,0,0,301.288,0
66.542,2.66702,0,0,7.83217,0.288316,0.36288,3.6288,61.308,0.544893,0,0,2.6211,0.209516,1.86669,0.66528,12.849,1,0.552469,0.36288,0,234.916,4.68162,230.044,0.84672,12.849,0.84672,3695.15,0,36.966,0.328547,3.47509,1.90172,9.30103,1.18184,13.1675,0.42336,36.966,0.42336,423.524,0,1.02816,0,0,4.50325,3.47509,1.028160,1,0,245.079,0,0,0,245.079,0
72.2696,2.69865,0,0,9.10967,0.320576,0.36288,3.6288,61.308,0.544989,0,0,1.96709,0.227378,1.19472,0.66528,12.849,1,0.521099,0.36288,0,200.327,4.20514,195.964,0.84672,12.849,0.84672,3695.15,0,36.966,0.328604,2.43913,2.07251,7.79093,1.07632,10.8976,0.42336,36.966,0.42336,423.524,0,1.02816,0,0,3.46729,2.43913,1.028160,1,0,208.056,0,0,0,208.056,0
72.29,2.73394,0,0,10.0716,0.335143,6.98209,3.6288,61.308,0.545085,0,0,2.41313,0.227378,1.64067,0.66528,12.849,1,0.486074,6.98209,0,205.153,4.20514,207.444,0.84672,12.849,0.84672,3695.15,0,36.966,0.328662,3.29585,2.07268,9.27625,1.07632,13.2398,0.42336,36.966,0.42336,423.524,0,1.02816,0,0,4.32401,3.29585,1.028160,1,0,222.325,0,0,0,222.325,0
72.29,2.73428,0,0,10.1342,0.335195,7.06473,3.6288,61.308,0.545181,0,0,2.93972,0.227378,2.16716,0.66528,12.849,1,0.485997,7.06473,0,205.387,4.20514,207.761,0.84672,12.849,0.84672,3695.15,0,36.966,0.32872,3.98501,2.07284,11.252,1.07632,15.9048,0.42336,36.966,0.42336,423.524,0,1.02816,0,0,5.01317,3.98501,1.028160,1,0,225.833,0,0,0,225.833,0
72.29,2.43598,0,0,6.6026,0.326137,3.84048,3.6288,61.308,0.398256,0,0,2.03102,0.248317,1.38445,0.66528,12.849,1,0.432977,3.84048,0,104.58,4.49298,103.494,0.84672,12.849,0.84672,3695.15,0,36.966,0.24013,2.50294,2.07301,7.6127,1.18881,10.7597,0.42336,36.966,0.42336,423.524,0,1.02816,0,0,3.5311,2.50294,1.028160,1,0,115.638,0,0,0,115.638,0
72.29,2.39565,0,0,3.56648,0.302101,0.868729,3.6288,61.308,0.428118,0,0,1.38338,0.256305,0.698961,0.66528,12.849,1,0.425808,0.868729,0,73.5845,3.95083,70.0765,0.84672,12.849,0.84672,3695.15,0,36.966,0.258136,1.33182,1.82522,4.41479,1.11055,6.20314,0.42336,36.966,0.42336,423.524,0,1.02816,0,0,2.35998,1.33182,1.028160,1,0,76.9786,0,0,0,76.9786,0
72.29,2.39596,0,0,3.55453,0.302101,0.856469,3.6288,61.308,0.428118,0,0,1.09035,0.256305,0.405927,0.66528,12.849,1,0.425864,0.856469,0,85.32,3.95083,81.7998,0.84672,12.849,0.84672,3695.15,0,36.966,0.258136,0.631722,1.8533,4.11461,1.11055,5.23094,0.42336,36.966,0.42336,423.524,0,1.02816,0,0,1.65988,0.631722,1.028160,1,0,87.4366,0,0,0,87.4366,0
72.29,2.39627,0,0,4.51206,0.302101,1.81369,3.6288,61.308,0.428118,0,0,1.27392,0.256305,0.589492,0.66528,12.849,1,0.425919,1.81369,0,93.0459,3.95083,90.4828,0.84672,12.849,0.84672,3695.15,0,36.966,0.258136,0.717612,1.85337,4.31807,1.11055,5.52036,0.42336,36.966,0.42336,423.524,0,1.02816,0,0,1.74577,0.717612,1.028160,1,0,96.5927,0,0,0,96.5927,0
72.29,2.39658,0,0,5.36151,0.276844,2.68808,3.6288,61.308,0.428118,0,0,1.94873,0.24357,1.27705,0.66528,12.849,1,0.425974,2.68808,0,103.22,3.98737,101.495,0.84672,12.849,0.84672,3695.15,0,36.966,0.258136,1.75961,1.85344,6.47907,1.04198,8.792,0.42336,36.966,0.42336,423.524,0,1.02816,0,0,2.78777,1.75961,1.028160,1,0,111.564,0,0,0,111.564,0
72.29,2.48594,0,0,5.42185,0.264788,2.67113,3.6288,61.308,0.46995,0,0,1.65063,0.237234,0.943445,0.66528,12.849,1,0.441856,2.67113,0,143.395,3.63621,141.988,0.84672,12.849,0.84672,3695.15,0,36.966,0.283359,2.91443,1.8535,4.60675,1.06201,8.02931,0.42336,36.966,0.42336,423.524,0,1.02816,0,0,3.94259,2.91443,1.028160,1,0,150.96,0,0,0,150.96,0
72.29,2.52621,0,0,4.23209,0.262532,1.44334,3.6288,61.308,0.440595,0,0,1.32089,0.212611,0.667686,0.66528,12.849,1,0.449015,1.44334,0,71.2722,3.53672,68.7298,0.84672,12.849,0.84672,3695.15,0,36.966,0.265659,1.05857,1.92503,3.51326,0.975599,5.25561,0.42336,36.966,0.42336,423.524,0,1.02816,0,0,2.08673,1.05857,1.028160,1,0,74.6531,0,0,0,74.6531,0
72.29,2.52642,0,0,4.78037,0.262532,1.99143,3.6288,61.308,0.440682,0,0,1.3048,0.212611,0.651511,0.66528,12.849,1,0.449051,1.99143,0,55.1986,3.53672,53.2043,0.84672,12.849,0.84672,3695.15,0,36.966,0.265712,1.29729,1.89757,5.41049,0.975599,7.36403,0.42336,36.966,0.42336,423.524,0,1.02816,0,0,2.32545,1.29729,1.028160,1,0,61.2198,0,0,0,61.2198,0
72.29,2.52662,0,0,3.32058,0.250615,0.543341,3.6288,61.308,0.44077,0,0,0.93833,0.217282,0.280278,0.66528,12.849,1,0.449088,0.543341,0,50.6201,3.47945,47.2349,0.84672,12.849,0.84672,3695.15,0,36.966,0.265764,0.541823,1.89772,2.90535,0.976531,4.10259,0.42336,36.966,0.42336,423.524,0,1.02816,0,0,1.56998,0.541823,1.028160,1,0,51.6178,0,0,0,51.6178,0
72.29,2.492,0,0,3.44732,0.217973,0.737345,3.6288,61.308,0.424605,0,0,1.24691,0.225021,0.597282,0.66528,12.849,1,0.442934,0.737345,0,61.0742,3.58181,57.7868,0.84672,12.849,0.84672,3695.15,0,36.966,0.256018,1.09388,1.89787,3.93719,0.991917,5.681,0.42336,36.966,0.42336,423.524,0,1.02816,0,0,2.12204,1.09388,1.028160,1,0,64.0651,0,0,0,64.0651,0
72.29,2.48753,0,0,3.68324,0.218973,0.976736,3.6288,61.308,0.42812,0,0,1.33537,0.147879,0.759373,0.66528,12.849,1,0.44214,0.976736,0,56.54,2.68873,54.3858,0.84672,12.849,0.84672,3695.15,0,36.966,0.258138,1.25083,1.87021,3.81712,0.82725,5.85278,0.42336,36.966,0.42336,423.524,0,1.02816,0,0,2.27899,1.25083,1.028160,1,0,60.998,0,0,0,60.998,0
72.29,2.48785,0,0,3.41925,0.164117,0.767278,3.6288,61.308,0.42812,0,0,1.31592,0.207082,0.680712,0.66528,12.849,1,0.442197,0.767278,0,57.8648,3.4532,54.7366,0.84672,12.849,0.84672,3695.15,0,36.966,0.258138,1.16503,1.87358,3.32214,1.04111,5.0615,0.42336,36.966,0.42336,423.524,0,1.02816,0,0,2.19319,1.16503,1.028160,1,0,60.4789,0,0,0,60.4789,0
72.29,2.48817,0,0,3.08611,0.154974,0.442969,3.6288,61.308,0.42812,0,0,1.32969,0.21695,0.684617,0.66528,12.849,1,0.442253,0.442969,0,49.9135,3.5806,46.3336,0.84672,12.849,0.84672,3695.15,0,36.966,0.258138,1.22019,1.87365,3.13955,1.07675,4.8985,0.42336,36.966,0.42336,423.524,0,1.02816,0,0,2.24835,1.22019,1.028160,1,0,51.9167,0,0,0,51.9167,0
72.1728,2.60674,0,0,3.00776,0.155292,0.36288,3.6288,61.308,0.485774,0,0,1.2706,0.219285,0.56554,0.66528,12.849,1,0.463328,0.36288,0,53.0269,3.77139,49.155,0.84672,12.849,0.84672,3695.15,0,36.966,0.2929,1.22106,1.87372,3.20016,1.08224,4.9198,0.42336,36.966,0.42336,423.524,0,1.02816,0,0,2.24922,1.22106,1.028160,1,0,54.6404,0,0,0,54.6404,0
72.251,2.61063,0,0,3.20848,0.156824,0.36288,3.6288,61.308,0.482693,0,0,1.42797,0.229805,0.715469,0.66528,12.849,1,0.464772,0.36288,0,54.4349,4.81308,49.52,0.84672,12.849,0.84672,3695.15,0,36.966,0.291043,1.11735,1.97129,3.60576,1.11974,5.28362,0.42336,36.966,0.42336,423.524,0,1.02816,0,0,2.14551,1.11735,1.028160,1,0,55.5191,0,0,0,55.5191,0
72.0309,2.61126,0,0,2.87152,0.117473,0.36288,3.6288,61.308,0.482784,0,0,1.13155,0.217782,0.43098,0.66528,12.849,1,0.464383,0.36288,0,48.3335,4.46586,43.7662,0.84672,12.849,0.84672,3695.15,0,36.966,0.291097,1.09502,1.96847,3.30969,1.09714,4.98495,0.42336,36.966,0.42336,423.524,0,1.02816,0,0,2.12318,1.09502,1.028160,1,0,49.1821,0,0,0,49.1821,0
71.6547,2.61027,0,0,2.69899,0.102084,0.36288,3.6288,61.308,0.482875,0,0,1.17841,0.221352,0.474182,0.66528,12.849,1,0.465625,0.36288,0,44.5204,4.57422,39.8434,0.84672,12.849,0.84672,3695.15,0,36.966,0.291152,1.1003,1.96863,3.36371,1.07708,5.06442,0.42336,36.966,0.42336,423.524,0,1.02816,0,0,2.12846,1.1003,1.028160,1,0,45.382,0,0,0,45.382,0
71.1751,2.60841,0,0,2.59356,0.101792,0.36288,3.6288,61.308,0.482966,0,0,1.20048,0.221352,0.496158,0.66528,12.849,1,0.467736,0.36288,0,41.9701,4.57422,37.291,0.84672,12.849,0.84672,3695.15,0,36.966,0.291207,0.994352,1.96879,3.35411,1.07708,4.94897,0.42336,36.966,0.42336,423.524,0,1.02816,0,0,2.02251,0.994352,1.028160,1,0,42.7361,0,0,0,42.7361,0
70.669,2.58261,0,0,2.53526,0.0959008,0.36288,3.6288,61.308,0.514757,0,0,1.23439,0.284991,0.434641,0.66528,12.849,1,0.46623,0.36288,0,46.248,5.37135,40.7733,0.84672,12.849,0.84672,3695.15,0,36.966,0.310375,1.31272,1.96895,2.87504,1.3109,4.53544,0.42336,36.966,0.42336,423.524,0,1.02816,0,0,2.34088,1.31272,1.028160,1,0,45.7434,0,0,0,45.7434,0
69.998,2.57999,0,0,2.3665,0.094613,0.36288,3.6288,61.308,0.51485,0,0,1.22855,0.295597,0.418101,0.66528,12.849,1,0.469093,0.36288,0,43.0187,5.50421,37.4083,0.84672,12.849,0.84672,3695.15,0,36.966,0.310432,1.30395,2.00321,2.71158,1.34987,4.35843,0.42336,36.966,0.42336,423.524,0,1.02816,0,0,2.33211,1.30395,1.028160,1,0,42.1849,0,0,0,42.1849,0
69.1783,2.5764,0,0,2.21372,0.0941253,0.36288,3.6288,61.308,0.514944,0,0,1.12689,0.295597,0.316349,0.66528,12.849,1,0.47293,0.36288,0,39.2313,5.50421,33.617,0.84672,12.849,0.84672,3695.15,0,36.966,0.310488,1.04134,2.00337,2.64233,1.34987,4.02668,0.42336,36.966,0.42336,423.524,0,1.02816,0,0,2.0695,1.04134,1.028160,1,0,37.9601,0,0,0,37.9601,0
68.2957,2.57188,0,0,2.14567,0.0935296,0.36288,3.6288,61.308,0.515037,0,0,1.08516,0.295597,0.274524,0.66528,12.849,1,0.477695,0.36288,0,34.9714,5.50421,29.3523,0.84672,12.849,0.84672,3695.15,0,36.966,0.310544,0.924394,2.00353,2.61476,1.34987,3.88227,0.42336,36.966,0.42336,423.524,0,1.02816,0,0,1.95255,0.924394,1.028160,1,0,33.5091,0,0,0,33.5091,0
67.2527,2.6268,0,0,2.01565,0.069019,0.36288,3.6288,61.308,0.543391,0,0,0.922303,0.314311,0.0646008,0.66528,12.849,1,0.494201,0.36288,0,32.6336,5.58135,26.921,0.84672,12.849,0.84672,3695.15,0,36.966,0.327641,0.67081,2.00369,2.39155,1.42612,3.31229,0.42336,36.966,0.42336,423.524,0,1.02816,0,0,1.69897,0.67081,1.028160,1,0,30.2978,0,0,0,30.2978,0
66.4171,2.62058,0,0,2.20809,0.0601934,0.36288,3.6288,61.308,0.543487,0,0,1.00128,0.318531,0.139263,0.66528,12.849,1,0.500676,0.36288,0,41.0197,5.50704,35.3749,0.84672,12.849,0.84672,3695.15,0,36.966,0.327698,0.796815,2.05219,2.3891,1.42285,3.48756,0.42336,36.966,0.42336,423.524,0,1.02816,0,0,1.82498,0.796815,1.028160,1,0,39.0017,0,0,0,39.0017,0
65.4349,2.61551,0,0,2.056,0.0597966,0.36288,3.6288,61.308,0.543583,0,0,0.868683,0.318531,0.00656895,0.66528,12.849,1,0.505995,0.36288,0,34.732,5.50704,29.0819,0.84672,12.849,0.84672,3695.15,0,36.966,0.327756,0.944577,2.05236,2.41114,1.42285,3.65747,0.42336,36.966,0.42336,423.524,0,1.02816,0,0,1.97274,0.944577,1.028160,1,0,32.7459,0,0,0,32.7459,0
64.3042,2.60937,0,0,1.9009,0.0593302,0.36288,3.6288,61.2514,0.543678,0,0,0.805585,0.318531,0,0.66528,12.849,1,0.512385,0.36288,0,33.3049,5.50704,27.6483,0.84672,12.849,0.84672,3695.15,0,36.966,0.327814,0.704497,2.05252,2.09646,1.42285,3.10282,0.42336,36.966,0.42336,423.524,0,1.02816,0,0,1.73266,0.704497,1.028160,1,0,30.7511,0,0,0,30.7511,0
63.1092,2.72105,0,0,1.94313,0.0541893,0.36288,3.6288,61.2048,0.620181,0,0,0.894612,0.321006,0,0.66528,12.849,1,0.543708,0.36288,0,31.6763,5.58181,25.9137,0.84672,12.849,0.84672,3695.15,0,36.966,0.374287,0.938313,2.05269,2.59314,1.43779,3.77207,0.42336,36.966,0.42336,423.524,0,1.02816,0,0,1.96647,0.938313,1.028160,1,0,29.6857,0,0,0,29.6857,0
61.7871,2.71271,0,0,1.83279,0.0793048,0.36288,3.6288,61.1408,0.620105,0,0,0.832395,0.27629,0,0.66528,12.849,1,0.552306,0.36288,0,32.825,4.8341,27.8015,0.84672,12.849,0.84672,3695.15,0,36.966,0.374526,0.994429,2.1745,2.33653,1.22073,3.9102,0.42336,36.966,0.42336,423.524,0,1.02816,0,0,2.02259,0.994429,1.028160,1,0,31.7117,0,0,0,31.7117,0
60.7096,2.70315,0,0,2.06699,0.0784497,0.36288,3.6288,61.1049,0.619963,0,0,0.860268,0.276178,0,0.66528,12.849,1,0.562135,0.36288,0,31.3988,4.8341,26.3654,0.84672,12.849,0.84672,3695.15,0,36.966,0.374832,0.935323,2.17467,2.59713,1.22073,4.11156,0.42336,36.966,0.42336,423.524,0,1.02816,0,0,1.96348,0.935323,1.028160,1,0,30.477,0,0,0,30.477,0
59.0637,2.69513,0,0,1.49897,0.0869103,0.36288,3.6288,60.9506,0.619928,0,0,0.741899,0.276278,0,0.66528,12.849,1,0.570415,0.36288,0,30.1092,4.8785,25.0232,0.84672,12.849,0.84672,3695.15,0,36.966,0.375031,0.818856,2.17485,1.8484,1.21203,3.25504,0.42336,36.966,0.42336,423.524,0,1.02816,0,0,1.84702,0.818856,1.028160,1,0,28.2782,0,0,0,28.2782,0
57.5688,2.68229,0,0,1.64265,0.092356,0.36288,3.6288,60.846,0.619438,0,0,0.790975,0.276129,0,0.66528,12.849,1,0.583518,0.36288,0,26.9008,4.91179,21.7684,0.84672,12.849,0.84672,3695.15,0,36.966,0.375684,0.771647,2.17502,1.90734,1.20551,3.27282,0.42336,36.966,0.42336,423.524,0,1.02816,0,0,1.79981,0.771647,1.028160,1,0,25.0412,0,0,0,25.0412,0
55.7142,2.58865,0,0,1.16118,0.0642801,0.36288,3.6288,60.7651,0.558575,0,0,0.744301,0.266639,0,0.66528,12.849,1,0.57777,0.36288,0,21.7415,5.41857,16.1081,0.84672,12.849,0.84672,3695.15,0,36.966,0.339353,0.768943,2.1752,1.26677,1.12796,2.7436,0.42336,36.966,0.42336,423.524,0,1.02816,0,0,1.7971,0.768943,1.028160,1,0,18.8517,0,0,0,18.8517,0
53.6201,2.57323,0,0,0.894672,0.0526097,0.36288,3.6288,60.5965,0.558391,0,0,0.652553,0.262781,0,0.66528,12.849,1,0.593447,0.36288,0,19.4249,5.62128,13.573,0.84672,12.849,0.84672,3695.15,0,36.966,0.339693,0.437141,2.08148,0.970061,1.09694,2.05205,0.42336,36.966,0.42336,423.524,0,1.02816,0,0,1.4653,0.437141,1.028160,1,0,15.6251,0,0,0,15.6251,0
51.8877,2.55474,0,0,1.28679,0.101625,0.36288,3.6288,60.624,0.557901,0,0,0.802666,0.217221,0,0.66528,12.849,1,0.612192,0.36288,0,22.6708,4.99839,17.4231,0.84672,12.849,0.84672,3695.15,0,36.966,0.340339,0.623005,2.08165,1.06746,0.902247,2.52953,0.42336,36.966,0.42336,423.524,0,1.02816,0,0,1.65116,0.623005,1.028160,1,0,19.9527,0,0,0,19.9527,0
51.9645,2.53856,0,0,3.1437,0.165471,0.36288,3.6288,61.308,0.558094,0,0,1.64935,0.156876,0.25042,0.66528,12.849,1,0.628627,0.36288,0,68.371,4.16787,63.9374,0.84672,12.849,0.84672,3695.15,0,36.966,0.340302,1.60179,2.08182,2.84323,0.642656,5.54388,0.42336,36.966,0.42336,423.524,0,1.02816,0,0,2.62995,1.60179,1.028160,1,0,69.7317,0,0,0,69.7317,0
50.5714,2.52374,0,0,1.66654,0.172953,0.36288,3.6288,61.308,0.528354,0,0,0.789353,0.181996,0.079003,0.66528,12.849,1,0.624033,0.36288,0,38.2647,4.17252,33.8311,0.84672,12.849,0.84672,3695.15,0,36.966,0.318574,0.750661,2.08199,1.27541,0.749109,3.04038,0.42336,36.966,0.42336,423.524,0,1.02816,0,0,1.77882,0.750661,1.028160,1,0,36.9505,0,0,0,36.9505,0
48.767,2.51024,0,0,1.25721,0.188569,0.36288,3.6288,61.0163,0.528449,0,0,0.479862,0.243092,0,0.66528,12.849,1,0.637792,0.36288,0,24.6019,4.18414,20.1428,0.84672,12.849,0.84672,3695.15,0,36.966,0.318631,0.412361,2.03859,1.49348,1.01524,2.61056,0.42336,36.966,0.42336,423.524,0,1.02816,0,0,1.44052,0.412361,1.028160,1,0,22.7534,0,0,0,22.7534,0
48.9241,2.49176,0,0,3.19676,0.184978,0.36288,3.6288,61.308,0.527595,0,0,1.53633,0.242644,0.474413,0.66528,12.849,1,0.656523,0.36288,0,68.6374,4.18414,64.1596,0.84672,12.849,0.84672,3695.15,0,36.966,0.319637,3.35516,2.03875,3.49032,1.01524,7.54936,0.42336,36.966,0.42336,423.524,0,1.02816,0,0,4.38332,3.35516,1.028160,1,0,72.1833,0,0,0,72.1833,0
49.6255,2.49363,0,0,3.76168,0.203732,0.36288,3.6288,61.308,0.528638,0,0,1.98158,0.22743,1.22552,0.66528,12.849,1,0.654906,0.36288,0,81.893,3.9665,77.6345,0.84672,12.849,0.84672,3695.15,0,36.966,0.318745,1.83127,2.03892,3.53618,0.953587,6.13403,0.42336,36.966,0.42336,423.524,0,1.02816,0,0,2.85943,1.83127,1.028160,1,0,84.994,0,0,0,84.994,0
49.3365,2.31282,0,0,2.59791,0.211258,0.36288,3.6288,61.308,0.411195,0,0,1.27901,0.218945,0.648874,0.66528,12.849,1,0.598833,0.36288,0,54.973,3.76788,50.9692,0.84672,12.849,0.84672,3695.15,0,36.966,0.247932,1.20188,2.03908,2.56074,0.761719,4.79205,0.42336,36.966,0.42336,423.524,0,1.02816,0,0,2.23004,1.20188,1.028160,1,0,56.4101,0,0,0,56.4101,0
54.6792,2.28881,0,0,8.1985,0.204079,0.36288,3.6288,61.308,0.428119,0,0,2.58428,0.207437,1.94873,0.66528,12.849,1,0.596088,0.36288,0,94.1311,3.82462,90.0732,0.84672,12.849,0.84672,3695.15,0,36.966,0.258137,2.30774,1.84924,4.00262,0.925307,6.97616,0.42336,36.966,0.42336,423.524,0,1.02816,0,0,3.3359,2.30774,1.028160,1,0,98.9981,0,0,0,98.9981,0
56.3436,2.33627,0,0,4.57922,0.215693,0.36288,3.6288,61.308,0.428119,0,0,1.53474,0.207437,0.899184,0.66528,12.849,1,0.548997,0.36288,0,63.1556,3.82462,59.1449,0.84672,12.849,0.84672,3695.15,0,36.966,0.258137,1.16345,1.86519,3.49181,0.925307,5.337,0.42336,36.966,0.42336,423.524,0,1.02816,0,0,2.19161,1.16345,1.028160,1,0,65.3811,0,0,0,65.3811,0
56.9134,2.34978,0,0,3.50664,0.224164,0.36288,3.6288,61.308,0.428119,0,0,0.975231,0.21277,0.334342,0.66528,12.849,1,0.535861,0.36288,0,41.6133,3.93891,37.5015,0.84672,12.849,0.84672,3695.15,0,36.966,0.258137,0.479442,1.86526,3.98666,0.960958,5.11227,0.42336,36.966,0.42336,423.524,0,1.02816,0,0,1.5076,0.479442,1.028160,1,0,42.9481,0,0,0,42.9481,0
59.7674,2.35446,0,0,5.82601,0.254715,0.36288,3.6288,61.308,0.428119,0,0,1.69775,0.244769,1.02486,0.66528,12.849,1,0.531552,0.36288,0,66.6179,4.62462,61.8247,0.84672,12.849,0.84672,3695.15,0,36.966,0.258137,1.31833,1.86533,4.17336,1.17487,5.92401,0.42336,36.966,0.42336,423.524,0,1.02816,0,0,2.34649,1.31833,1.028160,1,0,68.7735,0,0,0,68.7735,0
62.8484,2.37546,0,0,6.10083,0.281443,0.36288,3.6288,61.308,0.428034,0,0,2.05174,0.230026,1.39368,0.66528,12.849,1,0.510685,0.36288,0,122.177,4.64436,117.385,0.84672,12.849,0.84672,3695.15,0,36.966,0.258086,2.03732,1.8654,5.22086,1.15164,7.71385,0.42336,36.966,0.42336,423.524,0,1.02816,0,0,3.06548,2.03732,1.028160,1,0,126.493,0,0,0,126.493,0
65.7261,2.4722,0,0,6.01678,0.303962,0.36288,3.6288,61.308,0.462166,0,0,1.81038,0.218969,1.12925,0.66528,12.849,1,0.505427,0.36288,0,144.402,4.65917,139.6,0.84672,12.849,0.84672,3695.15,0,36.966,0.278666,2.80399,1.86532,4.96016,1.13422,8.21658,0.42336,36.966,0.42336,423.524,0,1.02816,0,0,3.83215,2.80399,1.028160,1,0,148.946,0,0,0,148.946,0
68.115,2.51302,0,0,5.57584,0.311111,0.36288,3.6288,61.308,0.445748,0,0,1.79992,0.218969,1.1352,0.66528,12.849,1,0.491278,0.36288,0,115.417,4.65917,110.629,0.84672,12.849,0.84672,3695.15,0,36.966,0.268766,2.44567,1.92473,4.70703,1.13422,7.67444,0.42336,36.966,0.42336,423.524,0,1.02816,0,0,3.47383,2.44567,1.028160,1,0,119.439,0,0,0,119.439,0
70.5598,2.52771,0,0,5.67184,0.336446,0.36288,3.6288,61.308,0.44583,0,0,1.19019,0.213614,0.530743,0.66528,12.849,1,0.476819,0.36288,0,113.254,4.71614,108.424,0.84672,12.849,0.84672,3695.15,0,36.966,0.268815,1.76042,1.9094,4.75241,1.23356,6.91985,0.42336,36.966,0.42336,423.524,0,1.02816,0,0,2.78858,1.76042,1.028160,1,0,115.874,0,0,0,115.874,0
72.29,2.54187,0,0,5.04095,0.370335,0.398526,3.6288,61.308,0.445911,0,0,1.34349,0.204354,0.693229,0.66528,12.849,1,0.462877,0.398526,0,124.337,4.63736,119.635,0.84672,12.849,0.84672,3695.15,0,36.966,0.268864,1.68258,1.90954,4.74528,1.3048,6.76374,0.42336,36.966,0.42336,423.524,0,1.02816,0,0,2.71074,1.68258,1.028160,1,0,127.092,0,0,0,127.092,0
72.29,2.74504,0,0,4.43025,0.381829,1.30339,3.6288,61.308,0.549852,0,0,1.20075,0.191637,0.459264,0.66528,12.849,1,0.48791,1.30339,0,127.361,3.70891,124.468,0.84672,12.849,0.84672,3695.15,0,36.966,0.331536,1.41629,1.90968,4.23808,0.937534,6.29497,0.42336,36.966,0.42336,423.524,0,1.02816,0,0,2.44445,1.41629,1.028160,1,0,131.222,0,0,0,131.222,0
72.29,2.74524,0,0,3.5701,0.381829,0.443026,3.6288,61.308,0.549941,0,0,0.94805,0.191637,0.206472,0.66528,12.849,1,0.487946,0.443026,0,87.4826,3.70891,83.7288,0.84672,12.849,0.84672,3695.15,0,36.966,0.33159,0.645036,2.08117,3.83559,0.937534,5.29267,0.42336,36.966,0.42336,423.524,0,1.02816,0,0,1.6732,0.645036,1.028160,1,0,89.2279,0,0,0,89.2279,0
72.29,2.74545,0,0,6.92161,0.37144,3.80472,3.6288,61.308,0.55003,0,0,1.80528,0.213768,1.04148,0.66528,12.849,1,0.487983,3.80472,0,133.529,4.23308,132.612,0.84672,12.849,0.84672,3695.15,0,36.966,0.331644,2.41491,2.08133,5.12205,1.10152,8.18513,0.42336,36.966,0.42336,423.524,0,1.02816,0,0,3.44307,2.41491,1.028160,1,0,141.839,0,0,0,141.839,0
72.29,2.74565,0,0,7.47227,0.358358,4.36826,3.6288,61.308,0.550119,0,0,2.15325,0.222495,1.38064,0.66528,12.849,1,0.488019,4.36826,0,134.145,4.3875,133.638,0.84672,12.849,0.84672,3695.15,0,36.966,0.331697,4.12511,2.08148,6.0629,1.15689,10.7809,0.42336,36.966,0.42336,423.524,0,1.02816,0,0,5.15327,4.12511,1.028160,1,0,145.799,0,0,0,145.799,0
72.29,2.4461,0,0,3.68953,0.326618,0.916808,3.6288,61.308,0.449491,0,0,0.737925,0.175269,0.113165,0.66528,12.849,1,0.434777,0.916808,0,62.3175,2.95533,59.8442,0.84672,12.849,0.84672,3695.15,0,36.966,0.271023,0.608429,2.08164,2.80792,0.751228,4.47574,0.42336,36.966,0.42336,423.524,0,0.952957,0,0,1.56139,0.608429,1.028160,1,0,64.4331,0,0,0,64.4331,0
72.29,2.41164,0,0,6.28505,0.326618,3.54679,3.6288,61.308,0.428112,0,0,1.16129,0.175269,0.557904,0.66528,12.849,1,0.42865,3.54679,0,113.686,2.95533,113.848,0.84672,12.849,0.84672,3695.15,0,36.966,0.258133,1.47487,1.8328,4.97023,0.751228,7.26854,0.42336,36.966,0.42336,423.524,0,1.02816,0,0,2.50303,1.47487,1.028160,1,0,121.675,0,0,0,121.675,0
72.29,2.41193,0,0,6.23691,0.30816,3.51683,3.6288,61.308,0.428112,0,0,1.49054,0.180381,0.882045,0.66528,12.849,1,0.428702,3.51683,0,112.319,3.35684,112.05,0.84672,12.849,0.84672,3695.15,0,36.966,0.258133,2.36699,1.85682,8.30311,0.818986,11.4498,0.42336,36.966,0.42336,423.524,0,1.02816,0,0,3.39515,2.36699,1.028160,1,0,124.382,0,0,0,124.382,0
72.29,2.41222,0,0,5.53513,0.296383,2.82653,3.6288,61.308,0.428112,0,0,1.25966,0.190754,0.640793,0.66528,12.849,1,0.428753,2.82653,0,153.145,3.98911,151.554,0.84672,12.849,0.84672,3695.15,0,36.966,0.258133,1.43827,1.85688,5.31702,0.926402,7.42764,0.42336,36.966,0.42336,423.524,0,1.02816,0,0,2.46643,1.43827,1.028160,1,0,159.622,0,0,0,159.622,0
72.29,2.4125,0,0,5.06148,0.250886,2.39809,3.6288,61.308,0.428112,0,0,1.08785,0.217591,0.442142,0.66528,12.849,1,0.428804,2.39809,0,81.521,4.73285,78.7574,0.84672,12.849,0.84672,3695.15,0,36.966,0.258133,1.88026,1.85695,3.85927,1.02403,6.31432,0.42336,36.966,0.42336,423.524,0,1.02816,0,0,2.90842,1.88026,1.028160,1,0,85.5139,0,0,0,85.5139,0
72.29,2.5022,0,0,3.71312,0.240396,0.970519,3.6288,61.308,0.562324,0,0,1.01466,0.225332,0.227009,0.66528,12.849,1,0.444748,0.970519,0,68.4971,4.72175,64.3011,0.84672,12.849,0.84672,3695.15,0,36.966,0.339056,0.558835,1.85701,3.55069,1.03698,4.59051,0.42336,36.966,0.42336,423.524,0,0.880356,0,0,1.43919,0.558835,1.028160,1,0,69.1186,0,0,0,69.1186,0
72.29,2.53662,0,0,3.23352,0.240396,0.456507,3.6288,61.2048,0.682052,0,0,0.804211,0.225332,0,0.66528,12.849,1,0.450864,0.456507,0,62.0705,4.72175,57.3544,0.84672,12.849,0.84672,3695.15,0,36.966,0.411247,0.528595,1.92883,2.39127,1.03698,3.40046,0.42336,36.966,0.42336,423.524,0,0.648259,0,0,1.17685,0.528595,1.028160,1,0,60.7549,0,0,0,60.7549,0
72.1985,2.53681,0,0,3.03964,0.231468,0.36288,3.6288,60.9048,0.771683,0,0,0.701629,0.229939,0,0.66528,12.849,1,0.450898,0.36288,0,49.4631,4.77992,44.5951,0.84672,12.849,0.84672,3695.15,0,36.966,0.42336,0.528595,1.90538,2.13662,1.04843,3.09881,0.42336,36.966,0.42336,423.524,0,0.546644,0,0,1.07524,0.528595,1.028160,1,0,47.6939,0,0,0,47.6939,0
72.2893,2.53651,0,0,3.1866,0.196436,0.36288,3.6288,61.1641,0.506982,0,0,0.996607,0.230323,0,0.66528,12.849,1,0.451417,0.36288,0,56.0024,4.54461,51.3693,0.84672,12.849,0.84672,3695.15,0,36.966,0.307711,0.528595,1.90552,2.32733,1.04733,3.40641,0.42336,36.966,0.42336,423.524,0,0.927124,0,0,1.45572,0.528595,1.028160,1,0,54.7757,0,0,0,54.7757,0
72.29,2.50221,0,0,3.16247,0.165288,0.494232,3.6288,61.308,0.428597,0,0,1.06488,0.219904,0.272514,0.66528,12.849,1,0.444754,0.494232,0,56.9727,3.99615,53.026,0.84672,12.849,0.84672,3695.15,0,36.966,0.259033,0.775449,1.90567,2.47867,0.968042,3.93271,0.42336,36.966,0.42336,423.524,0,1.02816,0,0,1.80361,0.775449,1.028160,1,0,57.2312,0,0,0,57.2312,0
72.29,2.5024,0,0,3.0476,0.123155,0.422045,3.6288,61.308,0.429056,0,0,1.11396,0.239723,0.445176,0.66528,12.849,1,0.444783,0.422045,0,54.5632,4.16913,50.3714,0.84672,12.849,0.84672,3695.15,0,36.966,0.258702,0.851031,1.87788,2.63197,0.97837,4.12381,0.42336,36.966,0.42336,423.524,0,1.02816,0,0,1.87919,0.851031,1.028160,1,0,54.9404,0,0,0,54.9404,0
72.1245,2.50259,0,0,2.82311,0.123155,0.36288,3.6288,61.308,0.429136,0,0,1.03392,0.239723,0.365064,0.66528,12.849,1,0.444817,0.36288,0,49.787,4.16913,45.536,0.84672,12.849,0.84672,3695.15,0,36.966,0.25875,0.735221,1.87802,2.58314,0.97837,3.95926,0.42336,36.966,0.42336,423.524,0,1.02816,0,0,1.76338,0.735221,1.028160,1,0,49.8603,0,0,0,49.8603,0
72.0849,2.50191,0,0,2.94776,0.122534,0.36288,3.6288,61.308,0.429216,0,0,1.13005,0.232741,0.468095,0.66528,12.849,1,0.445716,0.36288,0,51.6439,3.96309,47.5979,0.84672,12.849,0.84672,3695.15,0,36.966,0.258798,0.645399,1.87816,2.40008,0.987554,3.67729,0.42336,36.966,0.42336,423.524,0,1.02816,0,0,1.67356,0.645399,1.028160,1,0,51.7433,0,0,0,51.7433,0
71.584,2.62057,0,0,2.58942,0.106855,0.36288,3.6288,61.308,0.487184,0,0,0.997289,0.221293,0.288812,0.66528,12.849,1,0.467112,0.36288,0,45.0618,4.88019,40.0774,0.84672,12.849,0.84672,3695.15,0,36.966,0.293751,0.936049,1.8783,2.25724,1.09485,3.68299,0.42336,36.966,0.42336,423.524,0,1.02816,0,0,1.96421,0.936049,1.028160,1,0,44.0492,0,0,0,44.0492,0
71.0073,2.618,0,0,2.51062,0.106448,0.36288,3.6288,61.308,0.487269,0,0,0.912021,0.221293,0.203459,0.66528,12.849,1,0.469918,0.36288,0,41.427,4.88019,36.4398,0.84672,12.849,0.84672,3695.15,0,36.966,0.293801,0.718641,1.97634,2.09949,1.09485,3.40582,0.42336,36.966,0.42336,423.524,0,1.02816,0,0,1.7468,0.718641,1.028160,1,0,40.049,0,0,0,40.049,0
70.1864,2.61496,0,0,2.23439,0.0774677,0.36288,3.6288,61.308,0.487353,0,0,0.865668,0.24018,0.138134,0.66528,12.849,1,0.473186,0.36288,0,36.6492,5.09439,31.4445,0.84672,12.849,0.84672,3695.15,0,36.966,0.293852,0.645175,1.97649,2.04236,1.14958,3.22059,0.42336,36.966,0.42336,423.524,0,1.02816,0,0,1.67333,0.645175,1.028160,1,0,34.8033,0,0,0,34.8033,0
69.2728,2.61048,0,0,2.11544,0.0557307,0.36288,3.6288,61.308,0.487437,0,0,0.829596,0.254345,0.0878129,0.66528,12.849,1,0.477899,0.36288,0,34.9209,5.25504,29.5508,0.84672,12.849,0.84672,3695.15,0,36.966,0.293903,0.546359,1.97663,2.01982,1.19062,3.05828,0.42336,36.966,0.42336,423.524,0,1.02816,0,0,1.57452,0.546359,1.028160,1,0,32.6969,0,0,0,32.6969,0
68.0464,2.60536,0,0,1.80964,0.0677685,0.36288,3.6288,61.308,0.487522,0,0,0.811028,0.261633,0.0618733,0.66528,12.849,1,0.483252,0.36288,0,32.0857,5.07316,26.8921,0.84672,12.849,0.84672,3695.15,0,36.966,0.293954,0.654428,1.97678,2.15019,1.24989,3.23756,0.42336,36.966,0.42336,423.524,0,1.02816,0,0,1.68259,0.654428,1.028160,1,0,30.1916,0,0,0,30.1916,0
66.7117,2.57495,0,0,1.67519,0.0720479,0.36288,3.6288,61.2968,0.519434,0,0,0.772736,0.264548,0,0.66528,12.849,1,0.486221,0.36288,0,31.3267,5.00042,26.203,0.84672,12.849,0.84672,3695.15,0,36.966,0.313196,0.609578,1.97693,2.1803,1.2736,3.18001,0.42336,36.966,0.42336,423.524,0,1.02816,0,0,1.63774,0.609578,1.028160,1,0,29.383,0,0,0,29.383,0
65.25,2.56699,0,0,1.53945,0.071294,0.36288,3.6288,61.2633,0.519485,0,0,0.75054,0.264529,0,0.66528,12.849,1,0.494415,0.36288,0,30.8321,5.00042,25.7002,0.84672,12.849,0.84672,3695.15,0,36.966,0.313284,0.610278,2.01131,2.19855,1.2736,3.23325,0.42336,36.966,0.42336,423.524,0,1.02816,0,0,1.63844,0.610278,1.028160,1,0,28.9334,0,0,0,28.9334,0
63.66,2.55793,0,0,1.40127,0.0704683,0.36288,3.6288,61.1813,0.519465,0,0,0.701974,0.264473,0,0.66528,12.849,1,0.503706,0.36288,0,29.5987,5.00042,24.4574,0.84672,12.849,0.84672,3695.15,0,36.966,0.313443,0.391444,2.01146,2.06534,1.2736,2.8812,0.42336,36.966,0.42336,423.524,0,1.02816,0,0,1.4196,0.391444,1.028160,1,0,27.3386,0,0,0,27.3386,0
62.0638,2.54765,0,0,1.37387,0.0595408,0.36288,3.6288,61.0349,0.51929,0,0,0.661884,0.289014,0,0.66528,12.849,1,0.514212,0.36288,0,27.5329,5.21003,22.1716,0.84672,12.849,0.84672,3695.15,0,36.966,0.313757,0.374725,2.01161,1.93713,1.38172,2.62799,0.42336,36.966,0.42336,423.524,0,1.02816,0,0,1.40289,0.374725,1.028160,1,0,24.7995,0,0,0,24.7995,0
60.6017,2.54483,0,0,1.49498,0.0493887,0.36288,3.6288,60.8459,0.523785,0,0,0.646877,0.312057,0,0.66528,12.849,1,0.526853,0.36288,0,28.5203,5.24002,23.1163,0.84672,12.849,0.84672,3695.15,0,36.966,0.317233,0.450299,2.01176,1.86611,1.4717,2.53924,0.42336,36.966,0.42336,423.524,0,1.02816,0,0,1.47846,0.450299,1.028160,1,0,25.6555,0,0,0,25.6555,0
59.0231,2.53453,0,0,1.36761,0.0487947,0.36288,3.6288,60.619,0.523259,0,0,0.607983,0.311684,0,0.66528,12.849,1,0.53738,0.36288,0,26.8155,5.24002,21.401,0.84672,12.849,0.84672,3695.15,0,36.966,0.317898,0.422505,2.01976,1.89945,1.4717,2.55212,0.42336,36.966,0.42336,423.524,0,1.02816,0,0,1.45066,0.422505,1.028160,1,0,23.9531,0,0,0,23.9531,0
57.3275,2.52291,0,0,1.23829,0.0480789,0.36288,3.6288,60.366,0.522607,0,0,0.580891,0.311235,0,0.66528,12.849,1,0.549224,0.36288,0,25.2549,5.24002,19.8285,0.84672,12.849,0.84672,3695.15,0,36.966,0.31869,0.274622,2.01991,1.76607,1.4717,2.27022,0.42336,36.966,0.42336,423.524,0,1.02816,0,0,1.30278,0.274622,1.028160,1,0,22.0987,0,0,0,22.0987,0
55.5034,2.50983,0,0,1.08294,0.0343046,0.36288,3.6288,60.1025,0.521865,0,0,0.576774,0.318459,0,0.66528,12.849,1,0.562537,0.36288,0,24.0482,5.46435,18.3842,0.84672,12.849,0.84672,3695.15,0,36.966,0.319572,0.253835,2.02006,1.78496,1.51652,2.22277,0.42336,36.966,0.42336,423.524,0,1.02816,0,0,1.28199,0.253835,1.028160,1,0,20.607,0,0,0,20.607,0
53.714,2.66164,0,0,1.27527,0.0401608,0.36288,3.6288,59.4792,0.831352,0,0,0.532873,0.324775,0,0.66528,12.849,1,0.616167,0.36288,0,25.5201,5.31111,19.9557,0.84672,12.849,0.84672,3695.15,0,36.966,0.42336,0.227405,2.02021,1.61298,1.3997,2.03753,0.42336,36.966,0.42336,423.524,0,0.776002,0,0,1.00341,0.227405,1.028160,1,0,21.9932,0,0,0,21.9932,0
51.9142,2.64527,0,0,1.25289,0.0446012,0.36288,3.6288,59.0667,0.619012,0,0,0.514315,0.307823,0,0.66528,12.849,1,0.632778,0.36288,0,23.9681,5.44719,18.251,0.84672,12.849,0.84672,3695.15,0,36.966,0.384712,0.227405,2.18319,1.85076,1.46097,2.41568,0.42336,36.966,0.42336,423.524,0,1.02714,0,0,1.25455,0.227405,1.028160,1,0,20.6666,0,0,0,20.6666,0
50.0561,2.62788,0,0,1.17647,0.0437844,0.36288,3.6288,58.6447,0.616826,0,0,0.501879,0.307011,0,0.66528,12.849,1,0.650413,0.36288,0,24.4649,5.44719,18.7302,0.84672,12.849,0.84672,3695.15,0,36.966,0.386031,0.504282,2.18335,1.70604,1.46097,2.54668,0.42336,36.966,0.42336,423.524,0,1.02816,0,0,1.53244,0.504282,1.028160,1,0,21.2769,0,0,0,21.2769,0
48.18,2.60886,0,0,1.13858,0.0429411,0.36288,3.6288,58.2206,0.615215,0,0,0.49731,0.306181,0,0.66528,12.849,1,0.669674,0.36288,0,22.871,5.44719,17.117,0.84672,12.849,0.84672,3695.15,0,36.966,0.387793,0.480678,2.18352,1.6994,1.46097,2.51484,0.42336,36.966,0.42336,423.524,0,1.02816,0,0,1.50884,0.480678,1.028160,1,0,19.6319,0,0,0,19.6319,0
46.7392,2.58847,0,0,1.57201,0.0614835,0.36288,3.6288,58.0344,0.61358,0,0,0.70957,0.282254,0,0.66528,12.849,1,0.690313,0.36288,0,36.3559,5.18403,30.8444,0.84672,12.849,0.84672,3695.15,0,36.966,0.38958,0.708411,2.18368,2.23771,1.31998,3.42024,0.42336,36.966,0.42336,423.524,0,1.02816,0,0,1.73657,0.708411,1.028160,1,0,34.2647,0,0,0,34.2647,0
45.9977,2.4935,0,0,2.18971,0.0748401,0.36288,3.6288,58.1875,0.553199,0,0,0.970885,0.264618,0,0.66528,12.849,1,0.685484,0.36288,0,41.6919,4.98666,36.3826,0.84672,12.849,0.84672,3695.15,0,36.966,0.35237,1.08323,2.18384,2.65188,1.21423,4.35235,0.42336,36.966,0.42336,423.524,0,1.02816,0,0,2.11139,1.08323,1.028160,1,0,40.735,0,0,0,40.735,0
44.876,2.48505,0,0,1.80052,0.0742261,0.36288,3.6288,58.7257,0.553855,0,0,1.35701,0.264879,0,0.66528,12.849,1,0.694173,0.36288,0,40.4731,4.98666,35.1552,0.84672,12.849,0.84672,3695.15,0,36.966,0.351859,2.57406,2.08974,2.99412,1.21423,6.09183,0.42336,36.966,0.42336,423.524,0,1.02816,0,0,3.60222,2.57406,1.028160,1,0,41.247,0,0,0,41.247,0
43.4621,2.47174,0,0,1.49402,0.0732973,0.36288,3.6288,58.6339,0.555922,0,0,0.729864,0.265799,0,0.66528,12.849,1,0.707714,0.36288,0,38.779,4.98666,33.4475,0.84672,12.849,0.84672,3695.15,0,36.966,0.349936,0.836706,2.0899,2.22983,1.21423,3.59226,0.42336,36.966,0.42336,423.524,0,1.02816,0,0,1.86487,0.836706,1.028160,1,0,37.0398,0,0,0,37.0398,0
42.4012,2.45416,0,0,1.86939,0.113277,0.36288,3.6288,58.6083,0.555675,0,0,0.753918,0.223844,0,0.66528,12.849,1,0.725538,0.36288,0,40.4673,4.42295,35.6817,0.84672,12.849,0.84672,3695.15,0,36.966,0.350328,0.899459,2.09005,2.42896,1.0476,4.02055,0.42336,36.966,0.42336,423.524,0,1.02816,0,0,1.92762,0.899459,1.028160,1,0,39.7023,0,0,0,39.7023,0
41.2656,2.42525,0,0,1.80132,0.148811,0.36288,3.6288,58.7128,0.523889,0,0,0.810117,0.181696,0,0.66528,12.849,1,0.734934,0.36288,0,39.3507,3.94748,35.0312,0.84672,12.849,0.84672,3695.15,0,36.966,0.330432,0.517596,2.09021,2.52373,0.956335,3.84477,0.42336,36.966,0.42336,423.524,0,1.02816,0,0,1.54576,0.517596,1.028160,1,0,38.8759,0,0,0,38.8759,0
41.0741,2.41001,0,0,2.72828,0.146847,0.36288,3.6288,59.5505,0.524336,0,0,1.54384,0.181818,0,0.66528,12.849,1,0.750413,0.36288,0,43.0878,3.94748,38.7528,0.84672,12.849,0.84672,3695.15,0,36.966,0.330126,1.8067,2.04662,3.68333,0.956335,6.25019,0.42336,36.966,0.42336,423.524,0,1.02816,0,0,2.83486,1.8067,1.028160,1,0,45.0029,0,0,0,45.0029,0
39.838,2.40753,0,0,1.68871,0.154424,0.36288,3.6288,59.8708,0.527288,0,0,1.03384,0.186208,0,0.66528,12.849,1,0.753133,0.36288,0,35.8295,4.00546,31.4338,0.84672,12.849,0.84672,3695.15,0,36.966,0.327314,1.27167,2.04678,3.64792,0.969874,5.66918,0.42336,36.966,0.42336,423.524,0,1.02816,0,0,2.29983,1.27167,1.028160,1,0,37.1029,0,0,0,37.1029,0
41.8679,2.39003,0,0,4.98171,0.198932,0.36288,3.6288,60.5395,0.528458,0,0,1.40421,0.207097,0,0.66528,12.849,1,0.770861,0.36288,0,103.479,4.35341,98.7178,0.84672,12.849,0.84672,3695.15,0,36.966,0.326285,1.60585,2.04693,5.28353,1.0511,7.55893,0.42336,36.966,0.42336,423.524,0,1.02816,0,0,2.63401,1.60585,1.028160,1,0,106.277,0,0,0,106.277,0
42.9232,2.23665,0,0,3.85586,0.200961,0.36288,3.6288,61.2251,0.413345,0,0,1.28796,0.189021,0,0.66528,12.849,1,0.686414,0.36288,0,61.2237,4.08772,56.8125,0.84672,12.849,0.84672,3695.15,0,36.966,0.252393,1.36938,2.04708,4.45965,0.98911,6.63461,0.42336,36.966,0.42336,423.524,0,1.02816,0,0,2.39754,1.36938,1.028160,1,0,63.4471,0,0,0,63.4471,0
44.0191,2.23412,0,0,3.89581,0.202968,0.36288,3.6288,61.308,0.427895,0,0,1.46915,0.186671,0.771654,0.66528,12.849,1,0.66878,0.36288,0,71.1155,4.04344,66.7661,0.84672,12.849,0.84672,3695.15,0,36.966,0.258351,1.73266,1.85649,5.40199,0.978778,7.754,0.42336,36.966,0.42336,423.524,0,1.02816,0,0,2.76082,1.73266,1.028160,1,0,75.2918,0,0,0,75.2918,0
44.999,2.24727,0,0,3.79557,0.205537,0.36288,3.6288,61.308,0.428113,0,0,1.48554,0.186769,0.870662,0.66528,12.849,1,0.65597,0.36288,0,63.0864,4.04344,58.7499,0.84672,12.849,0.84672,3695.15,0,36.966,0.258133,1.25582,1.86855,4.67649,0.978778,6.56394,0.42336,36.966,0.42336,423.524,0,1.02816,0,0,2.28398,1.25582,1.028160,1,0,66.1845,0,0,0,66.1845,0
46.09,2.25865,0,0,3.92037,0.207835,0.36288,3.6288,61.308,0.428113,0,0,1.40658,0.186769,0.791701,0.66528,12.849,1,0.644936,0.36288,0,77.0714,4.04344,72.7459,0.84672,12.849,0.84672,3695.15,0,36.966,0.258133,1.05899,1.86862,4.80583,0.978778,6.49652,0.42336,36.966,0.42336,423.524,0,1.02816,0,0,2.08715,1.05899,1.028160,1,0,80.0341,0,0,0,80.0341,0
47.9042,2.27086,0,0,4.65917,0.211158,0.36288,3.6288,61.308,0.428113,0,0,1.86919,0.147971,1.29311,0.66528,12.849,1,0.633073,0.36288,0,78.0639,3.48618,74.3075,0.84672,12.849,0.84672,3695.15,0,36.966,0.258133,2.02497,1.86868,5.80701,0.603158,8.83937,0.42336,36.966,0.42336,423.524,0,1.02816,0,0,3.05313,2.02497,1.028160,1,0,84.44,0,0,0,84.44,0
49.5458,2.36227,0,0,4.56549,0.198787,0.36288,3.6288,61.308,0.462292,0,0,2.05261,0.172709,1.41761,0.66528,12.849,1,0.633613,0.36288,0,104.228,3.84174,100.115,0.84672,12.849,0.84672,3695.15,0,36.966,0.278742,2.94297,1.86875,6.55854,0.663305,10.4282,0.42336,36.966,0.42336,423.524,0,1.02816,0,0,3.97113,2.94297,1.028160,1,0,111.961,0,0,0,111.961,0
50.9737,2.15844,0,0,4.1516,0.20235,0.36288,3.6288,61.308,0.342218,0,0,1.86725,0.172709,1.35232,0.66528,12.849,1,0.559761,0.36288,0,94.2883,3.84174,90.2497,0.84672,12.849,0.84672,3695.15,0,36.966,0.206342,2.59301,1.92831,6.03195,0.663305,9.68362,0.42336,36.966,0.42336,423.524,0,1.02816,0,0,3.62117,2.59301,1.028160,1,0,101.286,0,0,0,101.286,0
52.061,2.40894,0,0,4.07433,0.215199,0.36288,3.6288,61.308,0.450043,0,0,1.89708,0.173884,1.27315,0.66528,12.849,1,0.607225,0.36288,0,91.6834,3.90912,87.5299,0.84672,12.849,0.84672,3695.15,0,36.966,0.271356,2.65396,1.72756,6.27694,0.701006,9.6861,0.42336,36.966,0.42336,423.524,0,1.02816,0,0,3.68212,2.65396,1.028160,1,0,98.4891,0,0,0,98.4891,0
53.0696,2.41928,0,0,4.07179,0.281065,0.36288,3.6288,61.308,0.450118,0,0,1.76222,0.190119,1.12199,0.66528,12.849,1,0.597095,0.36288,0,90.9429,4.55874,86.15,0.84672,12.849,0.84672,3695.15,0,36.966,0.271401,2.56818,1.91694,6.25284,1.08074,9.38582,0.42336,36.966,0.42336,423.524,0,1.02816,0,0,3.59634,2.56818,1.028160,1,0,96.6578,0,0,0,96.6578,0
60.8165,2.61283,0,0,10.9882,0.265579,0.36288,3.6288,61.308,0.554455,0,0,3.16721,0.149759,2.46299,0.66528,12.849,1,0.632608,0.36288,0,314.605,3.12784,311.207,0.84672,12.849,0.84672,3695.15,0,36.966,0.334311,7.41581,1.91707,16.4062,0.817414,24.5873,0.42336,36.966,0.42336,423.524,0,1.02816,0,0,8.44397,7.41581,1.028160,1,0,338.258,0,0,0,338.258,0
63.4753,2.67954,0,0,5.98768,0.286479,0.36288,3.6288,61.308,0.554537,0,0,2.07187,0.149759,1.36758,0.66528,12.849,1,0.56612,0.36288,0,179.708,3.12784,176.377,0.84672,12.849,0.84672,3695.15,0,36.966,0.334361,3.45614,2.08921,8.79834,0.817414,13.1919,0.42336,36.966,0.42336,423.524,0,1.02816,0,0,4.4843,3.45614,1.028160,1,0,190.936,0,0,0,190.936,0
64.6934,2.69945,0,0,4.57323,0.29281,0.36288,3.6288,61.308,0.554619,0,0,1.64684,0.149759,0.942467,0.66528,12.849,1,0.546437,0.36288,0,123.058,3.12784,119.746,0.84672,12.849,0.84672,3695.15,0,36.966,0.334411,2.62518,2.08936,6.78015,0.817414,10.3429,0.42336,36.966,0.42336,423.524,0,1.02816,0,0,3.65334,2.62518,1.028160,1,0,131.032,0,0,0,131.032,0
65.4326,2.70822,0,0,4.10958,0.299271,0.36288,3.6288,61.308,0.554701,0,0,1.68064,0.127872,0.998063,0.66528,12.849,1,0.53789,0.36288,0,109.85,2.74977,106.925,0.84672,12.849,0.84672,3695.15,0,36.966,0.33446,3.23539,2.0895,6.77331,0.709005,11.0547,0.42336,36.966,0.42336,423.524,0,1.02816,0,0,4.26355,3.23539,1.028160,1,0,118.978,0,0,0,118.978,0
72.29,2.41726,0,0,9.96028,0.312431,0.373153,3.6288,61.308,0.406584,0,0,7.41494,0.135298,6.87306,0.66528,12.849,1,0.474678,0.373153,0,249.455,2.96342,246.39,0.84672,12.849,0.84672,3695.15,0,36.966,0.245152,11.5147,2.08964,21.4103,0.793287,33.9762,0.42336,36.966,0.42336,423.524,0,1.02816,0,0,12.5429,11.5147,1.028160,1,0,287.239,0,0,0,287.239,0
72.29,2.42647,0,0,7.95217,0.329579,5.19612,3.6288,61.308,0.428106,0,0,5.04598,0.135298,4.48258,0.66528,12.849,1,0.431287,5.19612,0,261.987,2.96342,263.789,0.84672,12.849,0.84672,3695.15,0,36.966,0.258129,9.04375,1.83984,15.9326,0.793287,25.7647,0.42336,36.966,0.42336,423.524,0,1.02816,0,0,10.0719,9.04375,1.028160,1,0,294.036,0,0,0,294.036,0
72.29,2.42674,0,0,6.90756,0.329579,4.15124,3.6288,61.308,0.428106,0,0,3.68321,0.135298,3.11981,0.66528,12.849,1,0.431334,4.15124,0,265.751,2.96342,266.507,0.84672,12.849,0.84672,3695.15,0,36.966,0.258129,5.65128,1.86009,11.83,0.793287,18.2899,0.42336,36.966,0.42336,423.524,0,1.02816,0,0,6.67944,5.65128,1.028160,1,0,287.917,0,0,0,287.917,0
72.29,2.42701,0,0,5.19467,0.247567,2.5201,3.6288,61.308,0.428106,0,0,2.51601,0.178461,1.90944,0.66528,12.849,1,0.431382,2.5201,0,166.924,3.61592,165.397,0.84672,12.849,0.84672,3695.15,0,36.966,0.258129,3.40832,1.86014,7.99492,1.00622,11.999,0.42336,36.966,0.42336,423.524,0,1.02816,0,0,4.43648,3.40832,1.028160,1,0,179.305,0,0,0,179.305,0
72.29,2.42727,0,0,5.1465,0.27384,2.44539,3.6288,61.308,0.428106,0,0,5.71147,0.151861,5.13151,0.66528,12.849,1,0.431429,2.44539,0,173.298,3.51028,171.801,0.84672,12.849,0.84672,3695.15,0,36.966,0.258129,5.71177,1.8602,8.16682,1.01562,14.4651,0.42336,36.966,0.42336,423.524,0,1.02816,0,0,6.73993,5.71177,1.028160,1,0,191.398,0,0,0,191.398,0
72.29,2.51729,0,0,7.22054,0.319333,4.38392,3.6288,61.308,0.470271,0,0,8.97057,0.130006,8.37029,0.66528,12.849,1,0.447429,4.38392,0,161.856,3.19326,162.599,0.84672,12.849,0.84672,3695.15,0,36.966,0.283552,10.1906,1.86026,12.0973,0.965709,22.899,0.42336,36.966,0.42336,423.524,0,1.02816,0,0,11.2188,10.1906,1.028160,1,0,193.868,0,0,0,193.868,0
72.29,2.54627,0,0,6.09356,0.310405,3.23689,3.6288,61.308,0.449184,0,0,12.0119,0.134764,11.428,0.66528,12.849,1,0.452579,3.23689,0,188.933,3.25143,188.465,0.84672,12.849,0.84672,3695.15,0,36.966,0.270838,12.5752,1.93235,11.7257,0.977159,24.9853,0.42336,36.966,0.42336,423.524,0,1.02816,0,0,13.6033,12.5752,1.028160,1,0,224.879,0,0,0,224.879,0
72.29,2.54644,0,0,4.87941,0.24273,2.09024,3.6288,61.308,0.449259,0,0,7.02035,0.176718,6.39437,0.66528,12.849,1,0.45261,2.09024,0,188.175,3.57327,186.239,0.84672,12.849,0.84672,3695.15,0,36.966,0.270883,7.54125,1.91263,7.82338,1.08473,15.9216,0.42336,36.966,0.42336,423.524,0,1.02816,0,0,8.56941,7.54125,1.028160,1,0,208.555,0,0,0,208.555,0
72.29,2.54662,0,0,4.56376,0.217697,1.79945,3.6288,61.308,0.449334,0,0,5.47233,0.201507,4.82149,0.66528,12.849,1,0.452642,1.79945,0,142.654,3.62175,140.379,0.84672,12.849,0.84672,3695.15,0,36.966,0.270928,6.48622,1.91276,7.0717,1.14761,14.0521,0.42336,36.966,0.42336,423.524,0,1.02816,0,0,7.51438,6.48622,1.028160,1,0,159.253,0,0,0,159.253,0
72.29,2.51169,0,0,4.60707,0.243287,1.8521,3.6288,61.308,0.433028,0,0,3.43977,0.179677,2.82706,0.66528,12.849,1,0.446434,1.8521,0,127.653,3.91283,125.145,0.84672,12.849,0.84672,3695.15,0,36.966,0.261097,5.17036,1.91289,6.31468,1.06186,12.075,0.42336,36.966,0.42336,423.524,0,1.02816,0,0,6.19852,5.17036,1.028160,1,0,140.047,0,0,0,140.047,0
72.29,2.51186,0,0,4.26311,0.243287,1.50796,3.6288,61.308,0.433102,0,0,3.22803,0.179677,2.61525,0.66528,12.849,1,0.446464,1.50796,0,117.147,3.91283,114.296,0.84672,12.849,0.84672,3695.15,0,36.966,0.261141,4.72061,1.88499,5.54823,1.06186,10.8308,0.42336,36.966,0.42336,423.524,0,1.02816,0,0,5.74877,4.72061,1.028160,1,0,127.742,0,0,0,127.742,0
72.29,2.51203,0,0,3.91375,0.212766,1.18895,3.6288,61.308,0.433176,0,0,2.98794,0.20374,2.35102,0.66528,12.849,1,0.446495,1.18895,0,103.543,4.18665,100.098,0.84672,12.849,0.84672,3695.15,0,36.966,0.261186,4.53242,1.88512,5.1968,1.07235,10.2808,0.42336,36.966,0.42336,423.524,0,1.02816,0,0,5.56058,4.53242,1.028160,1,0,112.73,0,0,0,112.73,0
72.29,2.51221,0,0,3.82198,0.192357,1.11742,3.6288,61.308,0.43325,0,0,2.92163,0.224206,2.26418,0.66528,12.849,1,0.446526,1.11742,0,92.1067,4.18149,88.5961,0.84672,12.849,0.84672,3695.15,0,36.966,0.26123,4.35657,1.88525,5.69032,1.06354,10.6074,0.42336,36.966,0.42336,423.524,0,1.02816,0,0,5.38473,4.35657,1.028160,1,0,101.468,0,0,0,101.468,0
72.29,2.63156,0,0,3.38576,0.171527,0.58267,3.6288,61.308,0.49143,0,0,2.21954,0.22617,1.50194,0.66528,12.849,1,0.46774,0.58267,0,86.4104,4.82593,81.6994,0.84672,12.849,0.84672,3695.15,0,36.966,0.29631,3.72514,1.88538,5.02501,1.08839,9.25083,0.42336,36.966,0.42336,423.524,0,1.02816,0,0,4.7533,3.72514,1.028160,1,0,92.4521,0,0,0,92.4521,0
72.2878,2.63174,0,0,3.1182,0.125747,0.36288,3.6288,61.308,0.491507,0,0,1.93023,0.235256,1.20346,0.66528,12.849,1,0.467772,0.36288,0,68.1774,5.09387,62.9786,0.84672,12.849,0.84672,3695.15,0,36.966,0.296357,3.02612,1.98377,4.69784,1.18217,8.2292,0.42336,36.966,0.42336,423.524,0,1.02816,0,0,4.05428,3.02612,1.028160,1,0,72.4113,0,0,0,72.4113,0
72.1618,2.63191,0,0,2.99451,0.125745,0.36288,3.6288,61.308,0.491585,0,0,1.90997,0.235256,1.18313,0.66528,12.849,1,0.467816,0.36288,0,63.2811,5.09387,58.0823,0.84672,12.849,0.84672,3695.15,0,36.966,0.296404,3.0404,1.98391,4.50842,1.18217,8.05415,0.42336,36.966,0.42336,423.524,0,1.02816,0,0,4.06856,3.0404,1.028160,1,0,67.3196,0,0,0,67.3196,0
71.8789,2.6314,0,0,2.84189,0.130537,0.36288,3.6288,61.308,0.491663,0,0,1.87974,0.23394,1.15414,0.66528,12.849,1,0.468542,0.36288,0,60.6185,5.00925,55.5036,0.84672,12.849,0.84672,3695.15,0,36.966,0.296451,3.37256,1.98405,4.22024,1.18544,8.09496,0.42336,36.966,0.42336,423.524,0,1.02816,0,0,4.40072,3.37256,1.028160,1,0,64.7527,0,0,0,64.7527,0
71.7774,2.63001,0,0,3.02283,0.131386,0.36288,3.6288,61.308,0.491741,0,0,1.6022,0.247888,0.862572,0.66528,12.849,1,0.470139,0.36288,0,55.8821,4.7727,51.0022,0.84672,12.849,0.84672,3695.15,0,36.966,0.296498,2.43431,1.98418,3.51404,1.26503,6.371,0.42336,36.966,0.42336,423.524,0,1.02816,0,0,3.46247,2.43431,1.028160,1,0,58.2358,0,0,0,58.2358,0
71.9114,2.60608,0,0,3.21301,0.110089,0.36288,3.6288,61.308,0.523766,0,0,1.40346,0.264275,0.615415,0.66528,12.849,1,0.466519,0.36288,0,55.1441,4.97606,50.0644,0.84672,12.849,0.84672,3695.15,0,36.966,0.315808,1.79003,1.98432,3.26327,1.31004,5.41177,0.42336,36.966,0.42336,423.524,0,1.02816,0,0,2.81819,1.79003,1.028160,1,0,56.0916,0,0,0,56.0916,0
71.8016,2.607,0,0,2.97024,0.110201,0.36288,3.6288,61.308,0.523846,0,0,1.35682,0.264275,0.568696,0.66528,12.849,1,0.465813,0.36288,0,54.811,4.97606,49.732,0.84672,12.849,0.84672,3695.15,0,36.966,0.315856,1.74233,2.01882,3.30895,1.31004,5.4442,0.42336,36.966,0.42336,423.524,0,1.02816,0,0,2.77049,1.74233,1.028160,1,0,55.7449,0,0,0,55.7449,0
71.4185,2.60657,0,0,2.69646,0.110109,0.36288,3.6288,61.308,0.523926,0,0,1.28176,0.264275,0.49356,0.66528,12.849,1,0.46645,0.36288,0,53.182,4.97606,48.1023,0.84672,12.849,0.84672,3695.15,0,36.966,0.315904,1.47055,2.01895,3.11037,1.31004,4.97394,0.42336,36.966,0.42336,423.524,0,1.02816,0,0,2.49871,1.47055,1.028160,1,0,53.5698,0,0,0,53.5698,0
70.7918,2.60463,0,0,2.44627,0.105383,0.36288,3.6288,61.308,0.524006,0,0,1.17169,0.281957,0.365725,0.66528,12.849,1,0.468602,0.36288,0,45.4866,5.25586,40.125,0.84672,12.849,0.84672,3695.15,0,36.966,0.315953,1.29421,2.01909,2.96241,1.38325,4.57651,0.42336,36.966,0.42336,423.524,0,1.02816,0,0,2.32237,1.29421,1.028160,1,0,45.0672,0,0,0,45.0672,0
70.0042,2.60944,0,0,2.27051,0.0858554,0.36288,3.6288,61.308,0.52899,0,0,0.974255,0.333475,0.11179,0.66528,12.849,1,0.473624,0.36288,0,35.2172,6.1365,28.9699,0.84672,12.849,0.84672,3695.15,0,36.966,0.318958,1.14039,2.01923,2.7195,1.57431,3.98585,0.42336,36.966,0.42336,423.524,0,1.02816,0,0,2.16855,1.14039,1.028160,1,0,33.0676,0,0,0,33.0676,0
69.3585,2.60512,0,0,2.39746,0.075132,0.36288,3.6288,61.308,0.529071,0,0,1.06257,0.34236,0.191142,0.66528,12.849,1,0.47816,0.36288,0,48.3286,6.21243,42.0009,0.84672,12.849,0.84672,3695.15,0,36.966,0.319006,1.60933,2.02725,3.09715,1.61929,4.79544,0.42336,36.966,0.42336,423.524,0,1.02816,0,0,2.63749,1.60933,1.028160,1,0,46.9875,0,0,0,46.9875,0
68.5553,2.60154,0,0,2.236,0.0747575,0.36288,3.6288,61.308,0.529151,0,0,0.941164,0.34236,0.0696528,0.66528,12.849,1,0.481948,0.36288,0,38.2322,6.21243,31.9007,0.84672,12.849,0.84672,3695.15,0,36.966,0.319055,1.57535,2.02739,2.82699,1.61929,4.49138,0.42336,36.966,0.42336,423.524,0,1.02816,0,0,2.60351,1.57535,1.028160,1,0,36.4617,0,0,0,36.4617,0
67.555,2.59697,0,0,2.03386,0.0742915,0.36288,3.6288,61.308,0.529232,0,0,0.884028,0.34236,0.012436,0.66528,12.849,1,0.486737,0.36288,0,35.1557,6.21243,28.8194,0.84672,12.849,0.84672,3695.15,0,36.966,0.319103,1.1679,2.02753,2.58729,1.61929,3.84433,0.42336,36.966,0.42336,423.524,0,1.02816,0,0,2.19606,1.1679,1.028160,1,0,32.6762,0,0,0,32.6762,0
66.1701,2.76414,0,0,1.78927,0.0472263,0.36288,3.6288,61.1661,0.630107,0,0,0.843083,0.35487,0,0.66528,12.849,1,0.52574,0.36288,0,32.0941,6.1714,25.7598,0.84672,12.849,0.84672,3695.15,0,36.966,0.379926,1.27113,2.02767,2.31102,1.6175,3.61239,0.42336,36.966,0.42336,423.524,0,1.02816,0,0,2.29929,1.27113,1.028160,1,0,29.3722,0,0,0,29.3722,0
64.5347,2.75511,0,0,1.51884,0.0362331,0.36288,3.6288,60.8887,0.629645,0,0,0.711763,0.359551,0,0.66528,12.849,1,0.534991,0.36288,0,28.4236,6.155,22.0965,0.84672,12.849,0.84672,3695.15,0,36.966,0.380528,1.00983,2.19123,2.03973,1.61679,3.24348,0.42336,36.966,0.42336,423.524,0,1.02816,0,0,2.03799,1.00983,1.028160,1,0,25.34,0,0,0,25.34,0
63.0092,2.74399,0,0,1.61717,0.0357616,0.36288,3.6288,60.607,0.628653,0,0,0.70594,0.35892,0,0.66528,12.849,1,0.546335,0.36288,0,26.5514,6.155,20.213,0.84672,12.849,0.84672,3695.15,0,36.966,0.38166,0.97835,2.19138,2.14977,1.61679,3.32105,0.42336,36.966,0.42336,423.524,0,1.02816,0,0,2.00651,0.97835,1.028160,1,0,23.534,0,0,0,23.534,0
62.2956,2.73319,0,0,2.42726,0.0447856,0.36288,3.6288,60.4638,0.627638,0,0,0.840568,0.356143,0,0.66528,12.849,1,0.55736,0.36288,0,39.2076,6.09563,32.9175,0.84672,12.849,0.84672,3695.15,0,36.966,0.382815,1.37485,2.19153,2.28458,1.60951,3.85864,0.42336,36.966,0.42336,423.524,0,1.02816,0,0,2.40301,1.37485,1.028160,1,0,36.7762,0,0,0,36.7762,0
62.5591,2.72809,0,0,3.39164,0.0371972,0.36288,3.6288,60.7654,0.627163,0,0,1.26559,0.336849,0,0.66528,12.849,1,0.562692,0.36288,0,43.5377,5.66762,37.6703,0.84672,12.849,0.84672,3695.15,0,36.966,0.383431,1.8797,2.19168,3.23475,1.54088,5.38182,0.42336,36.966,0.42336,423.524,0,1.02816,0,0,2.90786,1.8797,1.028160,1,0,43.0521,0,0,0,43.0521,0
62.8402,2.64694,0,0,3.34347,0.0525632,0.36288,3.6288,61.308,0.567438,0,0,1.85574,0.295258,0.450449,0.66528,12.849,1,0.543654,0.36288,0,38.3197,4.52875,33.6102,0.84672,12.849,0.84672,3695.15,0,36.966,0.345195,3.05377,2.19183,4.83947,1.32319,8.4167,0.42336,36.966,0.42336,423.524,0,1.02816,0,0,4.08193,3.05377,1.028160,1,0,42.4773,0,0,0,42.4773,0
63.1186,2.64914,0,0,3.35166,0.0612704,0.36288,3.6288,61.308,0.569427,0,0,2.07596,0.299293,1.20724,0.66528,12.849,1,0.541673,0.36288,0,43.6997,4.57758,38.9434,0.84672,12.849,0.84672,3695.15,0,36.966,0.343339,3.12664,2.09737,5.29851,1.35115,8.82805,0.42336,36.966,0.42336,423.524,0,1.02816,0,0,4.1548,3.12664,1.028160,1,0,48.9787,0,0,0,48.9787,0
63.642,2.65131,0,0,3.59904,0.0614098,0.36288,3.6288,61.308,0.569511,0,0,2.18316,0.299293,1.31436,0.66528,12.849,1,0.539725,0.36288,0,64.1971,4.57758,59.4427,0.84672,12.849,0.84672,3695.15,0,36.966,0.34339,3.42972,2.09752,5.80354,1.35115,9.63624,0.42336,36.966,0.42336,423.524,0,1.02816,0,0,4.45788,3.42972,1.028160,1,0,70.3933,0,0,0,70.3933,0
64.4719,2.65518,0,0,3.90964,0.0616719,0.36288,3.6288,61.308,0.569594,0,0,3.14073,0.299293,2.27184,0.66528,12.849,1,0.536068,0.36288,0,151.58,4.57758,146.829,0.84672,12.849,0.84672,3695.15,0,36.966,0.34344,4.45504,2.09766,8.22452,1.35115,13.0826,0.42336,36.966,0.42336,423.524,0,1.02816,0,0,5.4832,4.45504,1.028160,1,0,162.184,0,0,0,162.184,0
64.3526,2.6446,0,0,3.01034,0.122197,0.36288,3.6288,61.308,0.537228,0,0,2.36835,0.247466,1.58366,0.66528,12.849,1,0.527058,0.36288,0,66.3069,5.12127,61.0215,0.84672,12.849,0.84672,3695.15,0,36.966,0.323925,1.67761,2.09781,5.57109,1.09871,7.92387,0.42336,36.966,0.42336,423.524,0,1.02816,0,0,2.70577,1.67761,1.028160,1,0,70.529,0,0,0,70.529,0
65.4593,2.64396,0,0,4.31823,0.20462,0.36288,3.6288,61.308,0.537309,0,0,2.05488,0.161976,1.35559,0.66528,12.849,1,0.527909,0.36288,0,104.551,3.92364,100.462,0.84672,12.849,0.84672,3695.15,0,36.966,0.323974,2.43958,2.05405,7.06719,0.988722,10.2481,0.42336,36.966,0.42336,423.524,0,1.02816,0,0,3.46774,2.43958,1.028160,1,0,112.066,0,0,0,112.066,0
66.8667,2.65161,0,0,4.62834,0.206449,0.36288,3.6288,61.308,0.53739,0,0,2.00695,0.161976,1.30759,0.66528,12.849,1,0.520484,0.36288,0,114.293,3.92364,110.212,0.84672,12.849,0.84672,3695.15,0,36.966,0.324022,2.8358,2.05419,8.0324,0.988722,11.6097,0.42336,36.966,0.42336,423.524,0,1.02816,0,0,3.86396,2.8358,1.028160,1,0,123.129,0,0,0,123.129,0
69.0779,2.66098,0,0,5.4438,0.208774,0.36288,3.6288,61.308,0.537471,0,0,3.28228,0.161976,2.58284,0.66528,12.849,1,0.511329,0.36288,0,134.727,3.92364,130.655,0.84672,12.849,0.84672,3695.15,0,36.966,0.324071,4.09755,2.05433,9.96163,0.988722,14.8007,0.42336,36.966,0.42336,423.524,0,1.02816,0,0,5.12571,4.09755,1.028160,1,0,148.038,0,0,0,148.038,0
72.29,2.47351,0,0,9.83122,0.246525,3.89908,3.6288,61.308,0.419129,0,0,3.46778,0.221342,2.82731,0.66528,12.849,1,0.460091,3.89908,0,220.097,4.34742,219.189,0.84672,12.849,0.84672,3695.15,0,36.966,0.252716,5.35221,2.05447,12.359,0.998686,18.5143,0.42336,36.966,0.42336,423.524,0,1.02816,0,0,6.38037,5.35221,1.028160,1,0,240.53,0,0,0,240.53,0
72.29,2.47892,0,0,7.49079,0.261082,4.75079,3.6288,61.308,0.428107,0,0,2.29136,0.212402,1.65085,0.66528,12.849,1,0.440609,4.75079,0,256.69,3.63752,257.363,0.84672,12.849,0.84672,3695.15,0,36.966,0.25813,3.36399,1.86318,9.46541,0.835754,13.5987,0.42336,36.966,0.42336,423.524,0,1.02816,0,0,4.39215,3.36399,1.028160,1,0,272.612,0,0,0,272.612,0
72.29,2.47919,0,0,8.99666,0.261082,6.25639,3.6288,61.308,0.428107,0,0,2.72935,0.212402,2.08884,0.66528,12.849,1,0.440657,6.25639,0,215.567,3.63752,217.745,0.84672,12.849,0.84672,3695.15,0,36.966,0.25813,4.27317,1.87166,10.8677,0.835754,15.9187,0.42336,36.966,0.42336,423.524,0,1.02816,0,0,5.30133,4.27317,1.028160,1,0,235.753,0,0,0,235.753,0
72.29,2.47946,0,0,9.41527,0.261082,6.67473,3.6288,61.308,0.428107,0,0,4.28269,0.212402,3.64218,0.66528,12.849,1,0.440705,6.67473,0,248.114,3.63752,250.711,0.84672,12.849,0.84672,3695.15,0,36.966,0.25813,6.96635,1.87172,14.7529,0.835754,22.4971,0.42336,36.966,0.42336,423.524,0,1.02816,0,0,7.99451,6.96635,1.028160,1,0,276.85,0,0,0,276.85,0
72.29,2.47973,0,0,9.56388,0.247878,6.83627,3.6288,61.308,0.428107,0,0,3.73123,0.215953,3.08717,0.66528,12.849,1,0.440753,6.83627,0,248.881,3.53918,251.738,0.84672,12.849,0.84672,3695.15,0,36.966,0.25813,5.43195,1.87178,12.3477,0.865572,18.5277,0.42336,36.966,0.42336,423.524,0,1.02816,0,0,6.46011,5.43195,1.028160,1,0,273.352,0,0,0,273.352,0
72.29,2.55805,0,0,6.80112,0.214869,4.0282,3.6288,61.308,0.462409,0,0,2.21644,0.224828,1.5292,0.66528,12.849,1,0.454675,4.0282,0,136.587,3.29333,136.867,0.84672,12.849,0.84672,3695.15,0,36.966,0.278812,3.37039,1.87184,8.44733,0.940115,12.4706,0.42336,36.966,0.42336,423.524,0,1.02816,0,0,4.39855,3.37039,1.028160,1,0,150.867,0,0,0,150.867,0
72.29,2.56994,0,0,5.8315,0.214869,3.04669,3.6288,61.308,0.453864,0,0,1.81116,0.224828,1.13247,0.66528,12.849,1,0.456787,3.04669,0,111.57,3.29984,110.86,0.84672,12.849,0.84672,3695.15,0,36.966,0.27366,2.71722,1.93161,7.628,0.940115,11.0631,0.42336,36.966,0.42336,423.524,0,1.02816,0,0,3.74538,2.71722,1.028160,1,0,123.056,0,0,0,123.056,0
72.29,2.5701,0,0,7.48277,0.223461,4.68921,3.6288,61.308,0.453933,0,0,2.25865,0.222175,1.58254,0.66528,12.849,1,0.456816,4.68921,0,102.355,3.31188,103.276,0.84672,12.849,0.84672,3695.15,0,36.966,0.273701,3.54447,1.92365,9.14738,0.957003,13.3848,0.42336,36.966,0.42336,423.524,0,1.02816,0,0,4.57263,3.54447,1.028160,1,0,118.243,0,0,0,118.243,0
72.29,2.57026,0,0,5.42261,0.27501,2.57734,3.6288,61.308,0.454001,0,0,1.63031,0.206254,0.970052,0.66528,12.849,1,0.456845,2.57734,0,120.581,3.42321,119.278,0.84672,12.849,0.84672,3695.15,0,36.966,0.273743,2.41364,1.92377,7.22116,1.05833,10.2265,0.42336,36.966,0.42336,423.524,0,1.02816,0,0,3.4418,2.41364,1.028160,1,0,130.475,0,0,0,130.475,0
72.29,2.76543,0,0,7.51895,0.266491,4.48703,3.6288,61.308,0.558702,0,0,2.50897,0.168979,1.78129,0.66528,12.849,1,0.491535,4.48703,0,160.474,3.12079,161.349,0.84672,12.849,0.84672,3695.15,0,36.966,0.336872,3.74733,1.92389,11.5732,0.798236,16.1093,0.42336,36.966,0.42336,423.524,0,1.02816,0,0,4.77549,3.74733,1.028160,1,0,179.239,0,0,0,179.239,0
72.29,2.76561,0,0,8.97912,0.306943,5.90657,3.6288,61.308,0.558777,0,0,2.50556,0.170979,1.7758,0.66528,12.849,1,0.491565,5.90657,0,237.446,4.09143,238.77,0.84672,12.849,0.84672,3695.15,0,36.966,0.336918,4.6926,2.09663,14.4992,0.996248,19.9552,0.42336,36.966,0.42336,423.524,0,1.02816,0,0,5.72076,4.6926,1.028160,1,0,260.501,0,0,0,260.501,0
72.29,2.76578,0,0,4.68417,0.306943,1.61145,3.6288,61.308,0.558852,0,0,1.59172,0.170979,0.86189,0.66528,12.849,1,0.491596,1.61145,0,126.116,4.09143,123.145,0.84672,12.849,0.84672,3695.15,0,36.966,0.336963,1.93778,2.09676,7.45241,0.996248,10.1537,0.42336,36.966,0.42336,423.524,0,1.02816,0,0,2.96594,1.93778,1.028160,1,0,134.16,0,0,0,134.16,0
72.29,2.76595,0,0,3.68497,0.306943,0.612073,3.6288,61.308,0.558928,0,0,1.32528,0.170979,0.595374,0.66528,12.849,1,0.491627,0.612073,0,90.9438,4.09143,86.9728,0.84672,12.849,0.84672,3695.15,0,36.966,0.337009,1.59255,2.0969,6.0165,0.996248,8.37269,0.42336,36.966,0.42336,423.524,0,1.02816,0,0,2.62071,1.59255,1.028160,1,0,95.9409,0,0,0,95.9409,0
72.29,2.46416,0,0,5.15332,0.327634,2.36153,3.6288,61.308,0.410281,0,0,4.38051,0.19234,3.77788,0.66528,12.849,1,0.437986,2.36153,0,281.338,4.46205,278.8,0.84672,12.849,0.84672,3695.15,0,36.966,0.247381,4.86132,2.09703,9.96899,1.01031,15.6696,0.42336,36.966,0.42336,423.524,0,1.02816,0,0,5.88948,4.86132,1.028160,1,0,298.247,0,0,0,298.247,0
72.29,2.44015,0,0,6.18993,0.331082,3.4187,3.6288,61.308,0.4281,0,0,3.82828,0.195901,3.20428,0.66528,12.849,1,0.433718,3.4187,0,237.854,4.52382,236.315,0.84672,12.849,0.84672,3695.15,0,36.966,0.258126,7.04223,1.84633,11.6449,1.01266,19.2626,0.42336,36.966,0.42336,423.524,0,1.02816,0,0,8.07039,7.04223,1.028160,1,0,258.782,0,0,0,258.782,0
72.29,2.4404,0,0,11.325,0.331082,8.55349,3.6288,61.308,0.4281,0,0,8.28973,0.195901,7.66573,0.66528,12.849,1,0.433762,8.55349,0,259.661,4.52382,263.257,0.84672,12.849,0.84672,3695.15,0,36.966,0.258126,9.78791,1.8631,17.079,1.01266,27.4592,0.42336,36.966,0.42336,423.524,0,1.02816,0,0,10.8161,9.78791,1.028160,1,0,298.382,0,0,0,298.382,0
72.29,2.44064,0,0,6.92332,0.332679,4.15,3.6288,61.308,0.4281,0,0,4.09736,0.127772,3.54149,0.66528,12.849,1,0.433805,4.15,0,233.929,4.21125,233.434,0.84672,12.849,0.84672,3695.15,0,36.966,0.258125,5.41299,1.86315,11.3343,0.900012,17.4524,0.42336,36.966,0.42336,423.524,0,1.02816,0,0,6.44115,5.41299,1.028160,1,0,254.428,0,0,0,254.428,0
72.29,2.44089,0,0,6.88842,0.305758,4.14178,3.6288,61.308,0.4281,0,0,4.31361,0.139214,3.74629,0.66528,12.849,1,0.433849,4.14178,0,198.023,4.47501,197.256,0.84672,12.849,0.84672,3695.15,0,36.966,0.258126,5.22933,1.86321,11.3045,0.959254,17.1797,0.42336,36.966,0.42336,423.524,0,1.02816,0,0,6.25749,5.22933,1.028160,1,0,218.182,0,0,0,218.182,0
72.29,2.53119,0,0,7.49235,0.269509,4.69165,3.6288,61.308,0.470412,0,0,6.24232,0.169608,5.6023,0.66528,12.849,1,0.449901,4.69165,0,243.989,4.89615,243.335,0.84672,12.849,0.84672,3695.15,0,36.966,0.283638,6.78828,1.86326,13.6959,1.06328,21.0005,0.42336,36.966,0.42336,423.524,0,1.02816,0,0,7.81644,6.78828,1.028160,1,0,269.938,0,0,0,269.938,0
72.29,2.55516,0,0,6.74425,0.269509,3.91959,3.6288,61.308,0.452992,0,0,6.26227,0.169608,5.63967,0.66528,12.849,1,0.45416,3.91959,0,264.142,4.89615,262.711,0.84672,12.849,0.84672,3695.15,0,36.966,0.273134,6.72624,1.93559,13.025,1.06328,20.3504,0.42336,36.966,0.42336,423.524,0,1.02816,0,0,7.7544,6.72624,1.028160,1,0,288.701,0,0,0,288.701,0
72.29,2.55532,0,0,5.31803,0.259193,2.50352,3.6288,61.308,0.453061,0,0,3.58653,0.166757,2.96671,0.66528,12.849,1,0.454188,2.50352,0,181.876,5.05917,178.866,0.84672,12.849,0.84672,3695.15,0,36.966,0.273176,4.41323,1.91931,9.20466,1.08457,14.1795,0.42336,36.966,0.42336,423.524,0,1.02816,0,0,5.44139,4.41323,1.028160,1,0,196.013,0,0,0,196.013,0
72.29,2.55548,0,0,5.19327,0.223442,2.41435,3.6288,61.308,0.45313,0,0,3.35715,0.169499,2.73452,0.66528,12.849,1,0.454217,2.41435,0,158.871,5.46669,155.364,0.84672,12.849,0.84672,3695.15,0,36.966,0.273217,4.27651,1.91943,9.03172,1.1326,13.8218,0.42336,36.966,0.42336,423.524,0,1.02816,0,0,5.30467,4.27651,1.028160,1,0,171.92,0,0,0,171.92,0
72.29,2.52042,0,0,3.56952,0.22211,0.826995,3.6288,61.308,0.436761,0,0,1.64573,0.190362,1.01861,0.66528,12.849,1,0.447985,0.826995,0,99.3108,4.71072,94.979,0.84672,12.849,0.84672,3695.15,0,36.966,0.263348,1.64163,1.91955,5.98892,0.961987,8.32476,0.42336,36.966,0.42336,423.524,0,1.02816,0,0,2.66979,1.64163,1.028160,1,0,104.322,0,0,0,104.322,0
72.29,2.52057,0,0,3.87991,0.22211,1.13723,3.6288,61.308,0.436829,0,0,2.04962,0.190362,1.42243,0.66528,12.849,1,0.448013,1.13723,0,103.703,4.71072,99.6818,0.84672,12.849,0.84672,3695.15,0,36.966,0.263388,3.43422,1.89154,6.47031,0.961987,10.5707,0.42336,36.966,0.42336,423.524,0,1.02816,0,0,4.46238,3.43422,1.028160,1,0,111.675,0,0,0,111.675,0
72.29,2.52073,0,0,3.43366,0.153606,0.759318,3.6288,61.308,0.436897,0,0,1.78135,0.211416,1.13304,0.66528,12.849,1,0.448041,0.759318,0,87.6511,5.06874,82.8936,0.84672,12.849,0.84672,3695.15,0,36.966,0.263429,2.95497,1.89166,5.53402,1.11411,9.00312,0.42336,36.966,0.42336,423.524,0,1.02816,0,0,3.98313,2.95497,1.028160,1,0,93.0298,0,0,0,93.0298,0
72.29,2.52089,0,0,3.05812,0.142189,0.395039,3.6288,61.308,0.436964,0,0,1.57728,0.214925,0.925394,0.66528,12.849,1,0.448069,0.395039,0,78.1298,5.12841,72.9484,0.84672,12.849,0.84672,3695.15,0,36.966,0.26347,2.56514,1.89178,5.19312,1.13946,8.24711,0.42336,36.966,0.42336,423.524,0,1.02816,0,0,3.5933,2.56514,1.028160,1,0,82.1209,0,0,0,82.1209,0
71.7729,2.64064,0,0,2.60759,0.12113,0.36288,3.6288,61.308,0.495339,0,0,1.199,0.234359,0.469301,0.66528,12.849,1,0.469354,0.36288,0,67.9061,4.91694,62.8827,0.84672,12.849,0.84672,3695.15,0,36.966,0.298667,1.44792,1.8919,4.23989,1.14962,6.13141,0.42336,36.966,0.42336,423.524,0,1.02816,0,0,2.47608,1.44792,1.028160,1,0,69.4834,0,0,0,69.4834,0
71.0981,2.63794,0,0,2.42228,0.0963432,0.36288,3.6288,61.308,0.49541,0,0,1.08738,0.247045,0.344923,0.66528,12.849,1,0.472251,0.36288,0,58.034,4.91589,53.0088,0.84672,12.849,0.84672,3695.15,0,36.966,0.29871,1.03404,1.99062,3.83305,1.18918,5.36982,0.42336,36.966,0.42336,423.524,0,1.02816,0,0,2.0622,1.03404,1.028160,1,0,58.7235,0,0,0,58.7235,0
70.3942,2.63431,0,0,2.38918,0.0958479,0.36288,3.6288,61.308,0.495482,0,0,1.09058,0.247045,0.348049,0.66528,12.849,1,0.476078,0.36288,0,54.9154,4.91589,49.8863,0.84672,12.849,0.84672,3695.15,0,36.966,0.298753,1.12152,1.99074,3.6493,1.18918,5.27363,0.42336,36.966,0.42336,423.524,0,1.02816,0,0,2.14968,1.12152,1.028160,1,0,55.508,0,0,0,55.508,0
69.4341,2.63045,0,0,2.1431,0.109871,0.36288,3.6288,61.308,0.495553,0,0,1.03992,0.243094,0.301272,0.66528,12.849,1,0.480134,0.36288,0,51.8617,4.66205,47.0824,0.84672,12.849,0.84672,3695.15,0,36.966,0.298796,1.13355,1.99087,3.36105,1.19898,4.98769,0.42336,36.966,0.42336,423.524,0,1.02816,0,0,2.16171,1.13355,1.028160,1,0,52.3714,0,0,0,52.3714,0
68.3545,2.62501,0,0,2.01622,0.107904,0.36288,3.6288,61.308,0.495624,0,0,0.893523,0.256303,0.141595,0.66528,12.849,1,0.485766,0.36288,0,50.2229,4.83047,45.2696,0.84672,12.849,0.84672,3695.15,0,36.966,0.29884,0.868985,1.99099,2.88512,1.26294,4.18332,0.42336,36.966,0.42336,423.524,0,1.02816,0,0,1.89715,0.868985,1.028160,1,0,49.5945,0,0,0,49.5945,0
67.1979,2.59526,0,0,1.88159,0.0800325,0.36288,3.6288,61.2179,0.527752,0,0,0.718615,0.280938,0,0.66528,12.849,1,0.487847,0.36288,0,49.5129,5.5063,43.8816,0.84672,12.849,0.84672,3695.15,0,36.966,0.318211,0.463769,1.99112,2.45044,1.33082,3.2563,0.42336,36.966,0.42336,423.524,0,1.02816,0,0,1.49193,0.463769,1.028160,1,0,47.1379,0,0,0,47.1379,0
65.9275,2.58838,0,0,1.76012,0.0793086,0.36288,3.6288,61.0687,0.527534,0,0,0.659111,0.280778,0,0.66528,12.849,1,0.494926,0.36288,0,45.1535,5.5063,39.5152,0.84672,12.849,0.84672,3695.15,0,36.966,0.318547,0.295764,2.02572,2.38786,1.33082,3.05998,0.42336,36.966,0.42336,423.524,0,1.02816,0,0,1.32392,0.295764,1.028160,1,0,42.5751,0,0,0,42.5751,0
64.6116,2.58056,0,0,1.70602,0.0785133,0.36288,3.6288,60.8707,0.552241,0,0,0.63472,0.280513,0,0.66528,12.849,1,0.50294,0.36288,0,40.2506,5.5063,34.6043,0.84672,12.849,0.84672,3695.15,0,36.966,0.334281,0.261274,2.02585,2.36295,1.33082,2.98497,0.42336,36.966,0.42336,423.524,0,0.987837,0,0,1.24911,0.261274,1.028160,1,0,37.5893,0,0,0,37.5893,0
63.4095,2.57217,0,0,1.78131,0.0483535,0.36288,3.6288,60.7855,0.52655,0,0,0.748073,0.306742,0,0.66528,12.849,1,0.511516,0.36288,0,38.932,5.73409,33.0493,0.84672,12.849,0.84672,3695.15,0,36.966,0.319767,0.2761,2.02598,2.46662,1.46576,2.98318,0.42336,36.966,0.42336,423.524,0,1.02816,0,0,1.30426,0.2761,1.028160,1,0,36.0325,0,0,0,36.0325,0
61.7928,2.5723,0,0,1.38857,0.0700474,0.36288,3.6288,60.5446,0.577991,0,0,0.635023,0.297914,0,0.66528,12.849,1,0.521239,0.36288,0,34.1932,5.65183,28.383,0.84672,12.849,0.84672,3695.15,0,36.966,0.351499,0.261274,2.0261,1.9682,1.39516,2.50892,0.42336,36.966,0.42336,423.524,0,0.952992,0,0,1.21427,0.261274,1.028160,1,0,30.892,0,0,0,30.892,0
60.0997,2.56117,0,0,1.30003,0.0691261,0.36288,3.6288,60.2877,0.571826,0,0,0.612357,0.297459,0,0.66528,12.849,1,0.532562,0.36288,0,32.0748,5.65183,26.2533,0.84672,12.849,0.84672,3695.15,0,36.966,0.349133,0.261274,2.03413,2.03577,1.39516,2.58689,0.42336,36.966,0.42336,423.524,0,0.961641,0,0,1.22291,0.261274,1.028160,1,0,28.8402,0,0,0,28.8402,0
58.2691,2.54897,0,0,1.14947,0.0681441,0.36288,3.6288,59.9386,0.628527,0,0,0.576469,0.296974,0,0.66528,12.849,1,0.544957,0.36288,0,30.299,5.65183,24.4651,0.84672,12.849,0.84672,3695.15,0,36.966,0.385388,0.227405,2.03426,1.90982,1.39516,2.39094,0.42336,36.966,0.42336,423.524,0,0.868804,0,0,1.09621,0.227405,1.028160,1,0,26.856,0,0,0,26.856,0
56.3517,2.53511,0,0,1.03872,0.0582141,0.36288,3.6288,59.5605,0.647429,0,0,0.57077,0.301449,0,0.66528,12.849,1,0.559019,0.36288,0,28.7213,5.80138,22.7238,0.84672,12.849,0.84672,3695.15,0,36.966,0.399289,0.227405,2.03439,1.90559,1.42504,2.34305,0.42336,36.966,0.42336,423.524,0,0.836119,0,0,1.06352,0.227405,1.028160,1,0,25.0669,0,0,0,25.0669,0
54.012,2.68806,0,0,0.793351,0.0821218,0.36288,3.6288,58.711,1.01292,0,0,0.458329,0.294961,0,0.66528,12.849,1,0.612916,0.36288,0,20.5794,5.75864,14.5708,0.84672,12.849,0.84672,3695.15,0,36.966,0.42336,0.227405,2.03452,1.58497,1.43837,1.98517,0.42336,36.966,0.42336,423.524,0,0.608786,0,0,0.836191,0.227405,1.028160,1,0,16.5559,0,0,0,16.5559,0
51.6835,2.66678,0,0,0.795943,0.0947845,0.36288,3.6288,57.7423,1.08833,0,0,0.414977,0.295306,0,0.66528,12.849,1,0.634405,0.36288,0,16.2797,5.77752,10.2306,0.84672,12.849,0.84672,3695.15,0,36.966,0.42336,0.227405,2.19862,1.29538,1.52248,1.77557,0.42336,36.966,0.42336,423.524,0,0.533511,0,0,0.760916,0.227405,1.028160,1,0,12.0062,0,0,0,12.0062,0
49.2394,2.64405,0,0,0.655465,0.0925456,0.36288,3.6288,56.656,1.15405,0,0,0.361184,0.293468,0,0.66528,12.849,1,0.657337,0.36288,0,20.2103,5.77752,14.1384,0.84672,12.849,0.84672,3695.15,0,36.966,0.42336,0.204422,2.19876,1.15568,1.52248,1.61302,0.42336,36.966,0.42336,423.524,0,0.467917,0,0,0.672339,0.204422,1.028160,1,0,15.7514,0,0,0,15.7514,0
46.8931,2.61834,0,0,0.725103,0.0901933,0.36288,3.6288,55.9144,0.946371,0,0,0.496155,0.291406,0,0.66528,12.849,1,0.683255,0.36288,0,17.3276,5.77752,11.2297,0.84672,12.849,0.84672,3695.15,0,36.966,0.42336,0.204422,2.1989,1.38106,1.52248,1.83855,0.42336,36.966,0.42336,423.524,0,0.675724,0,0,0.880146,0.204422,1.028160,1,0,13.0683,0,0,0,13.0683,0
44.8137,2.59167,0,0,0.964833,0.0896978,0.36288,3.6288,55.6082,0.699316,0,0,0.667299,0.274098,0,0.66528,12.849,1,0.710134,0.36288,0,31.2749,5.55144,25.3762,0.84672,12.849,0.84672,3695.15,0,36.966,0.42336,0.204422,2.19904,2.35232,1.51316,2.81926,0.42336,36.966,0.42336,423.524,0,0.922908,0,0,1.12733,0.204422,1.028160,1,0,28.1955,0,0,0,28.1955,0
43.5982,2.48793,0,0,1.72727,0.0919927,0.36288,3.6288,56.2234,0.552107,0,0,1.40114,0.233879,0,0.66528,12.849,1,0.713339,0.36288,0,52.1395,4.98624,46.8028,0.84672,12.849,0.84672,3695.15,0,36.966,0.367017,0.960509,2.19918,4.39069,1.48985,5.69351,0.42336,36.966,0.42336,423.524,0,1.02816,0,0,1.98867,0.960509,1.028160,1,0,52.4963,0,0,0,52.4963,0
42.2403,2.47272,0,0,1.56847,0.0907285,0.36288,3.6288,56.6664,0.554603,0,0,1.23242,0.234822,0,0.66528,12.849,1,0.728745,0.36288,0,54.1916,4.98624,48.8395,0.84672,12.849,0.84672,3695.15,0,36.966,0.364643,0.485024,2.10439,3.97794,1.48985,4.71286,0.42336,36.966,0.42336,423.524,0,1.02816,0,0,1.51318,0.485024,1.028160,1,0,53.5524,0,0,0,53.5524,0
40.5756,2.45491,0,0,1.24238,0.0893164,0.36288,3.6288,56.9614,0.556402,0,0,1.0869,0.235502,0,0.66528,12.849,1,0.746755,0.36288,0,41.2829,4.98624,35.9128,0.84672,12.849,0.84672,3695.15,0,36.966,0.362966,0.314133,2.10452,3.54663,1.48985,4.11247,0.42336,36.966,0.42336,423.524,0,1.02816,0,0,1.34229,0.314133,1.028160,1,0,40.0252,0,0,0,40.0252,0
39.4682,2.4318,0,0,1.81386,0.126546,0.36288,3.6288,57.4189,0.557617,0,0,1.24605,0.230897,0,0.66528,12.849,1,0.770072,0.36288,0,60.3112,4.62531,55.2787,0.84672,12.849,0.84672,3695.15,0,36.966,0.361874,0.409648,2.10465,4.15014,1.43553,4.86703,0.42336,36.966,0.42336,423.524,0,1.02816,0,0,1.43781,0.409648,1.028160,1,0,60.1457,0,0,0,60.1457,0
38.7201,2.40065,0,0,2.11214,0.0967223,0.36288,3.6288,57.7072,0.603049,0,0,1.14917,0.257836,0,0.66528,12.849,1,0.781538,0.36288,0,52.6922,4.4582,47.8154,0.84672,12.849,0.84672,3695.15,0,36.966,0.38824,0.216518,2.10478,2.66245,1.22088,3.37463,0.42336,36.966,0.42336,423.524,0,0.904297,0,0,1.12082,0.216518,1.028160,1,0,51.19,0,0,0,51.19,0
38.4432,2.38946,0,0,2.62765,0.152207,0.36288,3.6288,58.4251,0.528804,0,0,1.40936,0.162675,0,0.66528,12.849,1,0.792926,0.36288,0,56.4697,3.47235,52.5674,0.84672,12.849,0.84672,3695.15,0,36.966,0.338741,0.368781,2.06087,3.69616,0.875559,4.91151,0.42336,36.966,0.42336,423.524,0,1.02816,0,0,1.39694,0.368781,1.028160,1,0,57.4789,0,0,0,57.4789,0
38.0733,2.38533,0,0,2.52998,0.151718,0.36288,3.6288,60.0756,0.531427,0,0,2.34541,0.16343,0,0.66528,12.849,1,0.797256,0.36288,0,92.3003,3.47235,88.3935,0.84672,12.849,0.84672,3695.15,0,36.966,0.336238,1.0562,2.061,5.7532,0.875559,7.6586,0.42336,36.966,0.42336,423.524,0,1.02816,0,0,2.08436,1.0562,1.028160,1,0,96.0521,0,0,0,96.0521,0
38.8984,2.37969,0,0,3.71877,0.151064,0.36288,3.6288,61.19,0.537219,0,0,1.81675,0.165167,0,0.66528,12.849,1,0.803099,0.36288,0,90.9775,3.47235,87.0649,0.84672,12.849,0.84672,3695.15,0,36.966,0.330564,1.30572,2.06113,6.19234,0.875559,8.35307,0.42336,36.966,0.42336,423.524,0,1.02816,0,0,2.33388,1.30572,1.028160,1,0,95.418,0,0,0,95.418,0
40.0703,2.21245,0,0,3.91941,0.172244,0.36288,3.6288,61.308,0.422319,0,0,1.37924,0.194299,0.644629,0.66528,12.849,1,0.730821,0.36288,0,82.5157,3.71587,78.4319,0.84672,12.849,0.84672,3695.15,0,36.966,0.25513,0.829837,2.06126,5.58542,0.944575,7.27682,0.42336,36.966,0.42336,423.524,0,1.02816,0,0,1.858,0.829837,1.028160,1,0,86.3533,0,0,0,86.3533,0
42.5303,2.22221,0,0,5.22976,0.184674,0.36288,3.6288,61.1418,0.498156,0,0,0.548414,0.216505,0,0.66528,12.849,1,0.712577,0.36288,0,71.3074,3.74546,67.2122,0.84672,12.849,0.84672,3695.15,0,36.966,0.300366,0.292723,1.86932,4.78222,0.959324,5.68458,0.42336,36.966,0.42336,423.524,0,0.915866,0,0,1.20859,0.292723,1.028160,1,0,72.8968,0,0,0,72.8968,0
44.0167,2.25409,0,0,4.29349,0.190101,0.36288,3.6288,61.308,0.427664,0,0,1.13059,0.216278,0.3204,0.66528,12.849,1,0.680992,0.36288,0,88.4373,3.74546,84.3737,0.84672,12.849,0.84672,3695.15,0,36.966,0.258563,0.453747,1.87451,3.57534,0.959324,4.68572,0.42336,36.966,0.42336,423.524,0,1.02816,0,0,1.48191,0.453747,1.028160,1,0,89.3799,0,0,0,89.3799,0
46.6014,2.27211,0,0,5.41311,0.19338,0.36288,3.6288,61.308,0.428101,0,0,3.5379,0.216505,2.89329,0.66528,12.849,1,0.663257,0.36288,0,111.937,3.74546,107.891,0.84672,12.849,0.84672,3695.15,0,36.966,0.258126,2.54432,1.87457,6.35298,0.959324,9.55442,0.42336,36.966,0.42336,423.524,0,1.02816,0,0,3.57248,2.54432,1.028160,1,0,120.339,0,0,0,120.339,0
47.3141,2.30118,0,0,3.62394,0.247254,0.36288,3.6288,61.308,0.428101,0,0,1.3033,0.215591,0.659608,0.66528,12.849,1,0.634484,0.36288,0,50.0361,4.69857,45.0659,0.84672,12.849,0.84672,3695.15,0,36.966,0.258126,0.861201,1.87462,3.16485,1.32679,4.31576,0.42336,36.966,0.42336,423.524,0,1.02816,0,0,1.88936,0.861201,1.028160,1,0,50.0412,0,0,0,50.0412,0
49.2873,2.38145,0,0,4.9733,0.255756,0.36288,3.6288,61.308,0.462515,0,0,3.25881,0.242632,2.55366,0.66528,12.849,1,0.646728,0.36288,0,127.121,5.15046,121.687,0.84672,12.849,0.84672,3695.15,0,36.966,0.278876,2.35085,1.87468,5.85688,1.3174,8.48613,0.42336,36.966,0.42336,423.524,0,1.02816,0,0,3.37901,2.35085,1.028160,1,0,132.727,0,0,0,132.727,0
54.9451,2.36111,0,0,8.6431,0.261304,0.36288,3.6288,61.308,0.435738,0,0,6.30079,0.242632,5.62242,0.66528,12.849,1,0.615531,0.36288,0,121.634,5.15046,116.231,0.84672,12.849,0.84672,3695.15,0,36.966,0.262731,4.59395,1.93464,8.52276,1.3174,13.4712,0.42336,36.966,0.42336,423.524,0,1.02816,0,0,5.62211,4.59395,1.028160,1,0,135.324,0,0,0,135.324,0
61.7258,2.46121,0,0,9.88433,0.279521,0.36288,3.6288,61.308,0.457499,0,0,5.91634,0.239123,5.21971,0.66528,12.849,1,0.575559,0.36288,0,290.218,4.95864,285.047,0.84672,12.849,0.84672,3695.15,0,36.966,0.275851,3.89767,1.89182,8.53338,1.26576,12.7813,0.42336,36.966,0.42336,423.524,0,1.02816,0,0,4.92583,3.89767,1.028160,1,0,303.048,0,0,0,303.048,0
70.2832,2.51369,0,0,11.7097,0.275769,0.36288,3.6288,61.308,0.457561,0,0,4.94466,0.193637,4.29347,0.66528,12.849,1,0.523256,0.36288,0,249.45,3.78495,245.504,0.84672,12.849,0.84672,3695.15,0,36.966,0.275889,3.69974,1.93003,8.26506,1.05225,12.5667,0.42336,36.966,0.42336,423.524,0,1.02816,0,0,4.7279,3.69974,1.028160,1,0,262.365,0,0,0,262.365,0
71.9073,2.7625,0,0,5.05081,0.301316,0.36288,3.6288,61.308,0.562595,0,0,3.14458,0.222891,2.35909,0.66528,12.849,1,0.505033,0.36288,0,143.592,3.93699,139.513,0.84672,12.849,0.84672,3695.15,0,36.966,0.33922,2.1713,1.93014,3.90955,1.03122,6.64055,0.42336,36.966,0.42336,423.524,0,1.02816,0,0,3.19946,2.1713,1.028160,1,0,148.513,0,0,0,148.513,0
72.29,2.77233,0,0,4.7524,0.308654,1.28868,3.6288,61.308,0.562663,0,0,3.9212,0.235572,3.12297,0.66528,12.849,1,0.495384,1.28868,0,106.61,4.07316,103.33,0.84672,12.849,0.84672,3695.15,0,36.966,0.339261,2.45174,2.10343,3.58702,1.02385,6.77907,0.42336,36.966,0.42336,423.524,0,1.02816,0,0,3.4799,2.45174,1.028160,1,0,113.232,0,0,0,113.232,0
72.29,2.77472,0,0,5.785,0.297494,2.71278,3.6288,61.308,0.562732,0,0,4.23446,0.239692,3.43204,0.66528,12.849,1,0.493185,2.71278,0,99.3056,4.04817,97.477,0.84672,12.849,0.84672,3695.15,0,36.966,0.339302,3.07223,2.10355,4.58853,1.00712,8.41789,0.42336,36.966,0.42336,423.524,0,1.02816,0,0,4.10039,3.07223,1.028160,1,0,109.327,0,0,0,109.327,0
72.29,2.77488,0,0,4.06276,0.338781,0.949103,3.6288,61.308,0.562801,0,0,3.67881,0.2178,2.89821,0.66528,12.849,1,0.493213,0.949103,0,104.14,3.65684,100.939,0.84672,12.849,0.84672,3695.15,0,36.966,0.339344,2.37165,2.10367,3.28074,0.996062,6.42066,0.42336,36.966,0.42336,423.524,0,1.02816,0,0,3.39981,2.37165,1.028160,1,0,110.258,0,0,0,110.258,0
72.29,2.4721,0,0,5.04684,0.32204,2.2527,3.6288,61.308,0.413669,0,0,2.94893,0.200931,2.33433,0.66528,12.849,1,0.439396,2.2527,0,106.82,3.1062,105.527,0.84672,12.849,0.84672,3695.15,0,36.966,0.249424,2.96774,2.10379,5.05597,0.855794,9.02229,0.42336,36.966,0.42336,423.524,0,1.02816,0,0,3.9959,2.96774,1.028160,1,0,116.884,0,0,0,116.884,0
72.29,2.45268,0,0,5.59117,0.310581,2.8279,3.6288,61.308,0.428095,0,0,2.3895,0.196329,1.76507,0.66528,12.849,1,0.435946,2.8279,0,93.6688,2.90787,93.1529,0.84672,12.849,0.84672,3695.15,0,36.966,0.258122,2.90306,1.85228,3.11053,0.797635,6.81011,0.42336,36.966,0.42336,423.524,0,1.02816,0,0,3.93122,2.90306,1.028160,1,0,101.728,0,0,0,101.728,0
72.29,2.45291,0,0,5.11545,0.310581,2.35196,3.6288,61.308,0.428094,0,0,2.27659,0.196329,1.65216,0.66528,12.849,1,0.435986,2.35196,0,92.2432,2.90787,91.2513,0.84672,12.849,0.84672,3695.15,0,36.966,0.258122,2.77623,1.86586,2.97965,0.797635,6.56598,0.42336,36.966,0.42336,423.524,0,1.02816,0,0,3.80439,2.77623,1.028160,1,0,99.4695,0,0,0,99.4695,0
72.29,2.45313,0,0,8.71393,0.310581,5.95022,3.6288,61.308,0.428095,0,0,3.58266,0.196329,2.95824,0.66528,12.849,1,0.436025,5.95022,0,168.279,2.90787,170.885,0.84672,12.849,0.84672,3695.15,0,36.966,0.258122,5.0705,1.86591,5.27424,0.797635,11.1549,0.42336,36.966,0.42336,423.524,0,1.02816,0,0,6.09866,5.0705,1.028160,1,0,184.998,0,0,0,184.998,0
72.29,2.45335,0,0,7.1223,0.288214,4.38073,3.6288,61.308,0.428095,0,0,3.98448,0.189906,3.36648,0.66528,12.849,1,0.436065,4.38073,0,142.686,3.19697,143.434,0.84672,12.849,0.84672,3695.15,0,36.966,0.258122,5.92107,1.86596,6.93588,0.861892,13.6029,0.42336,36.966,0.42336,423.524,0,1.02816,0,0,6.94923,5.92107,1.028160,1,0,160.403,0,0,0,160.403,0
72.29,2.54393,0,0,5.83992,0.284421,3.01157,3.6288,61.308,0.470541,0,0,3.00556,0.17543,2.35959,0.66528,12.849,1,0.452164,3.01157,0,87.3374,3.36966,86.5272,0.84672,12.849,0.84672,3695.15,0,36.966,0.283715,3.25326,1.866,4.06398,0.925878,7.97365,0.42336,36.966,0.42336,423.524,0,1.02816,0,0,4.28142,3.25326,1.028160,1,0,96.8604,0,0,0,96.8604,0
72.29,2.5633,0,0,5.43402,0.284421,2.5863,3.6288,61.308,0.456479,0,0,3.25217,0.17543,2.62026,0.66528,12.849,1,0.455607,2.5863,0,74.4932,3.36966,73.2543,0.84672,12.849,0.84672,3695.15,0,36.966,0.275237,3.09427,1.93856,5.28298,0.925878,9.1147,0.42336,36.966,0.42336,423.524,0,1.02816,0,0,4.12243,3.09427,1.028160,1,0,84.9892,0,0,0,84.9892,0
72.29,2.56344,0,0,4.97319,0.2747,2.13505,3.6288,61.308,0.456542,0,0,4.15006,0.171949,3.52157,0.66528,12.849,1,0.455633,2.13505,0,70.9595,3.15256,69.4863,0.84672,12.849,0.84672,3695.15,0,36.966,0.275274,4.18526,1.92542,4.67011,0.881536,9.62398,0.42336,36.966,0.42336,423.524,0,1.02816,0,0,5.21342,4.18526,1.028160,1,0,82.6319,0,0,0,82.6319,0
72.29,2.56359,0,0,4.1298,0.258006,1.3082,3.6288,61.308,0.456604,0,0,2.15994,0.182907,1.52043,0.66528,12.849,1,0.455659,1.3082,0,59.7512,3.36851,57.2353,0.84672,12.849,0.84672,3695.15,0,36.966,0.275312,1.73452,1.92553,2.97491,0.921367,5.43828,0.42336,36.966,0.42336,423.524,0,1.02816,0,0,2.76268,1.73452,1.028160,1,0,64.194,0,0,0,64.194,0
72.29,2.5284,0,0,3.46218,0.248788,0.684987,3.6288,61.308,0.440178,0,0,1.49239,0.204818,0.847391,0.66528,12.849,1,0.449404,0.684987,0,57.5209,4.29513,53.4613,0.84672,12.849,0.84672,3695.15,0,36.966,0.265407,1.10974,1.92564,2.42367,1.04602,4.14762,0.42336,36.966,0.42336,423.524,0,1.02816,0,0,2.1379,1.10974,1.028160,1,0,58.4563,0,0,0,58.4563,0
71.8991,2.52855,0,0,2.74927,0.248788,0.36288,3.6288,61.308,0.440239,0,0,1.30035,0.204818,0.655288,0.66528,12.849,1,0.44943,0.36288,0,44.4237,4.29513,40.042,0.84672,12.849,0.84672,3695.15,0,36.966,0.265445,0.890404,1.89753,2.49192,1.04602,3.96838,0.42336,36.966,0.42336,423.524,0,1.02816,0,0,1.91856,0.890404,1.028160,1,0,44.6657,0,0,0,44.6657,0
71.338,2.52662,0,0,2.57644,0.24805,0.36288,3.6288,61.308,0.440301,0,0,1.2865,0.204818,0.641385,0.66528,12.849,1,0.451529,0.36288,0,42.0897,4.29513,37.7059,0.84672,12.849,0.84672,3695.15,0,36.966,0.265482,0.845735,1.89764,2.37134,1.04602,3.80321,0.42336,36.966,0.42336,423.524,0,1.02816,0,0,1.8739,0.845735,1.028160,1,0,42.1505,0,0,0,42.1505,0
72.2753,2.52375,0,0,4.06345,0.239435,0.36288,3.6288,61.308,0.440363,0,0,1.64411,0.206603,0.997148,0.66528,12.849,1,0.454564,0.36288,0,55.2278,4.34931,50.7868,0.84672,12.849,0.84672,3695.15,0,36.966,0.265519,1.28816,1.89775,2.34881,1.03599,4.23321,0.42336,36.966,0.42336,423.524,0,1.02816,0,0,2.31632,1.28816,1.028160,1,0,56.0172,0,0,0,56.0172,0
71.8409,2.64887,0,0,2.77669,0.19935,0.36288,3.6288,61.308,0.498914,0,0,1.29979,0.225101,0.575777,0.66528,12.849,1,0.470911,0.36288,0,46.777,4.60893,42.06,0.84672,12.849,0.84672,3695.15,0,36.966,0.300823,0.835436,1.89786,2.09125,1.09756,3.42616,0.42336,36.966,0.42336,423.524,0,1.02816,0,0,1.8636,0.835436,1.028160,1,0,46.0619,0,0,0,46.0619,0
71.3539,2.6466,0,0,2.67775,0.155253,0.36288,3.6288,61.308,0.498979,0,0,1.21327,0.229433,0.48486,0.66528,12.849,1,0.473354,0.36288,0,43.7825,4.52434,39.1477,0.84672,12.849,0.84672,3695.15,0,36.966,0.300862,0.877712,1.99688,1.96205,1.14476,3.39102,0.42336,36.966,0.42336,423.524,0,1.02816,0,0,1.90587,0.877712,1.028160,1,0,43.0236,0,0,0,43.0236,0
70.7625,2.64401,0,0,2.56253,0.14712,0.36288,3.6288,61.308,0.499045,0,0,1.27568,0.231218,0.545416,0.66528,12.849,1,0.476119,0.36288,0,41.1366,4.57853,36.4448,0.84672,12.849,0.84672,3695.15,0,36.966,0.300902,0.867024,1.99699,2.04405,1.13473,3.47243,0.42336,36.966,0.42336,423.524,0,1.02816,0,0,1.89518,0.867024,1.028160,1,0,40.4627,0,0,0,40.4627,0
70.0604,2.6408,0,0,2.44803,0.146455,0.36288,3.6288,61.308,0.49911,0,0,1.28107,0.231218,0.550743,0.66528,12.849,1,0.479514,0.36288,0,38.6498,4.57853,33.9547,0.84672,12.849,0.84672,3695.15,0,36.966,0.300941,0.783536,1.99711,1.9655,1.13473,3.31047,0.42336,36.966,0.42336,423.524,0,1.02816,0,0,1.8117,0.783536,1.028160,1,0,37.8159,0,0,0,37.8159,0
69.3493,2.63689,0,0,2.42066,0.131926,0.36288,3.6288,61.308,0.499175,0,0,1.25372,0.241811,0.512731,0.66528,12.849,1,0.483602,0.36288,0,37.9113,4.70851,33.082,0.84672,12.849,0.84672,3695.15,0,36.966,0.30098,0.79888,1.99722,1.92714,1.16486,3.2574,0.42336,36.966,0.42336,423.524,0,1.02816,0,0,1.82704,0.79888,1.028160,1,0,36.8522,0,0,0,36.8522,0
68.9661,2.60927,0,0,2.68595,0.0970388,0.36288,3.6288,61.308,0.531396,0,0,1.34157,0.268292,0.541879,0.66528,12.849,1,0.483444,0.36288,0,42.4745,5.03349,37.3204,0.84672,12.849,0.84672,3695.15,0,36.966,0.320408,1.00858,1.99734,2.13574,1.24018,3.58107,0.42336,36.966,0.42336,423.524,0,1.02816,0,0,2.03674,1.00858,1.028160,1,0,41.4434,0,0,0,41.4434,0
68.4035,2.60716,0,0,2.50422,0.0967502,0.36288,3.6288,61.308,0.531463,0,0,1.28905,0.268292,0.489298,0.66528,12.849,1,0.485737,0.36288,0,41.9126,5.03349,36.7563,0.84672,12.849,0.84672,3695.15,0,36.966,0.320449,0.92651,2.03204,2.18234,1.24018,3.58025,0.42336,36.966,0.42336,423.524,0,1.02816,0,0,1.95467,0.92651,1.028160,1,0,40.8258,0,0,0,40.8258,0
67.6088,2.60394,0,0,2.26845,0.0963266,0.36288,3.6288,61.308,0.53153,0,0,1.23179,0.268292,0.431966,0.66528,12.849,1,0.489128,0.36288,0,41.1895,5.03349,36.0297,0.84672,12.849,0.84672,3695.15,0,36.966,0.320489,0.82938,2.03215,2.06167,1.24018,3.36253,0.42336,36.966,0.42336,423.524,0,1.02816,0,0,1.85754,0.82938,1.028160,1,0,39.8242,0,0,0,39.8242,0
66.621,2.59926,0,0,2.06544,0.0911365,0.36288,3.6288,61.308,0.531597,0,0,1.16493,0.279261,0.354073,0.66528,12.849,1,0.493987,0.36288,0,36.2588,5.17464,30.953,0.84672,12.849,0.84672,3695.15,0,36.966,0.320529,0.651948,2.03227,2.00101,1.2917,3.073,0.42336,36.966,0.42336,423.524,0,1.02816,0,0,1.68011,0.651948,1.028160,1,0,34.3801,0,0,0,34.3801,0
65.555,2.60139,0,0,1.97477,0.076516,0.36288,3.6288,61.308,0.536599,0,0,1.11352,0.31496,0.261964,0.66528,12.849,1,0.501722,0.36288,0,29.3669,5.77287,23.4552,0.84672,12.849,0.84672,3695.15,0,36.966,0.323545,0.519558,2.03238,1.48719,1.47017,2.24542,0.42336,36.966,0.42336,423.524,0,1.02816,0,0,1.54772,0.519558,1.028160,1,0,25.9626,0,0,0,25.9626,0
64.488,2.59471,0,0,1.96875,0.0780875,0.36288,3.6288,61.308,0.536666,0,0,1.02176,0.30994,0.175151,0.66528,12.849,1,0.508573,0.36288,0,37.0722,5.73142,31.195,0.84672,12.849,0.84672,3695.15,0,36.966,0.323586,0.609647,2.04043,1.54086,1.44839,2.41896,0.42336,36.966,0.42336,423.524,0,1.02816,0,0,1.63781,0.609647,1.028160,1,0,33.7892,0,0,0,33.7892,0
63.3033,2.58785,0,0,1.84346,0.0774213,0.36288,3.6288,61.308,0.536734,0,0,0.950175,0.30994,0.103501,0.66528,12.849,1,0.515619,0.36288,0,29.7657,5.73142,23.8815,0.84672,12.849,0.84672,3695.15,0,36.966,0.323627,0.579286,2.04054,1.38896,1.44839,2.23678,0.42336,36.966,0.42336,423.524,0,1.02816,0,0,1.60745,0.579286,1.028160,1,0,26.2218,0,0,0,26.2218,0
61.9622,2.57997,0,0,1.67841,0.0766816,0.36288,3.6288,61.308,0.536801,0,0,0.902085,0.30994,0.0553439,0.66528,12.849,1,0.52367,0.36288,0,27.1271,5.73142,21.2349,0.84672,12.849,0.84672,3695.15,0,36.966,0.323667,0.331932,2.04066,1.2956,1.44839,1.89613,0.42336,36.966,0.42336,423.524,0,1.02816,0,0,1.36009,0.331932,1.028160,1,0,23.1864,0,0,0,23.1864,0
60.3115,2.74242,0,0,1.52093,0.0663621,0.36288,3.6288,61.308,0.638313,0,0,0.970436,0.310217,0.0219056,0.66528,12.849,1,0.568691,0.36288,0,23.7392,5.67213,17.8612,0.84672,12.849,0.84672,3695.15,0,36.966,0.384875,0.696393,2.04078,1.6512,1.4688,2.53469,0.42336,36.966,0.42336,423.524,0,1.02816,0,0,1.72455,0.696393,1.028160,1,0,20.4178,0,0,0,20.4178,0
58.1026,2.72974,0,0,0.957545,0.0737813,0.36288,3.6288,61.0615,0.653937,0,0,0.705948,0.2985,0,0.66528,12.849,1,0.581555,0.36288,0,16.5207,5.24412,11.0579,0.84672,12.849,0.84672,3695.15,0,36.966,0.394295,0.227405,2.20537,1.19447,1.4263,1.80665,0.42336,36.966,0.42336,423.524,0,1.00323,0,0,1.23064,0.227405,1.028160,1,0,12.8646,0,0,0,12.8646,0
56.3782,2.71179,0,0,1.42698,0.0767581,0.36288,3.6288,60.9629,0.637491,0,0,0.835799,0.296964,0,0.66528,12.849,1,0.599695,0.36288,0,21.2668,5.21443,15.8155,0.84672,12.849,0.84672,3695.15,0,36.966,0.385931,0.454429,2.2055,1.3091,1.42266,2.16044,0.42336,36.966,0.42336,423.524,0,1.02816,0,0,1.48259,0.454429,1.028160,1,0,17.9759,0,0,0,17.9759,0
55.2579,2.69701,0,0,2.03529,0.0957339,0.36288,3.6288,61.1182,0.637175,0,0,1.0801,0.287559,0,0.66528,12.849,1,0.614668,0.36288,0,31.196,5.1509,25.7933,0.84672,12.849,0.84672,3695.15,0,36.966,0.386364,0.525001,2.20563,1.43333,1.39926,2.37833,0.42336,36.966,0.42336,423.524,0,1.02816,0,0,1.55316,0.525001,1.028160,1,0,28.1717,0,0,0,28.1717,0
53.4766,2.68705,0,0,1.34686,0.0782356,0.36288,3.6288,61.094,0.63786,0,0,0.895182,0.281538,0,0.66528,12.849,1,0.624815,0.36288,0,34.1591,5.27391,28.6233,0.84672,12.849,0.84672,3695.15,0,36.966,0.385796,0.419472,2.20575,1.04665,1.39489,1.89119,0.42336,36.966,0.42336,423.524,0,1.02816,0,0,1.44763,0.419472,1.028160,1,0,30.5145,0,0,0,30.5145,0
51.7153,2.58894,0,0,1.22079,0.0301957,0.36288,3.6288,61.2038,0.576328,0,0,0.952206,0.266068,0,0.66528,12.849,1,0.622055,0.36288,0,30.443,5.09544,25.0883,0.84672,12.849,0.84672,3695.15,0,36.966,0.348717,0.237574,2.20588,1.07036,1.38103,1.78406,0.42336,36.966,0.42336,423.524,0,1.02816,0,0,1.26573,0.237574,1.028160,1,0,26.8724,0,0,0,26.8724,0
49.8833,2.57212,0,0,1.13262,0.0296533,0.36288,3.6288,61.1306,0.773534,0,0,0.966591,0.266253,0,0.66528,12.849,1,0.63906,0.36288,0,18.0823,5.09544,12.7107,0.84672,12.849,0.84672,3695.15,0,36.966,0.42336,0.216518,2.11079,0.80887,1.38103,1.33178,0.42336,36.966,0.42336,423.524,0,0.756423,0,0,0.972942,0.216518,1.028160,1,0,14.0425,0,0,0,14.0425,0
49.8577,2.55361,0,0,2.99703,0.106121,0.36288,3.6288,61.308,0.576597,0,0,1.73536,0.274877,0.706509,0.66528,12.849,1,0.657761,0.36288,0,26.9526,4.538,22.1197,0.84672,12.849,0.84672,3695.15,0,36.966,0.348671,1.44607,2.11091,2.36296,1.25733,4.31393,0.42336,36.966,0.42336,423.524,0,1.02816,0,0,2.47423,1.44607,1.028160,1,0,27.1401,0,0,0,27.1401,0
49.0027,2.55348,0,0,2.18736,0.126004,0.36288,3.6288,61.308,0.577296,0,0,1.326,0.286304,0.462398,0.66528,12.849,1,0.658067,0.36288,0,43.2832,4.43572,38.5523,0.84672,12.849,0.84672,3695.15,0,36.966,0.348084,0.31504,2.11103,1.37061,1.21209,2.23651,0.42336,36.966,0.42336,423.524,0,1.02816,0,0,1.3432,0.31504,1.028160,1,0,41.2512,0,0,0,41.2512,0
48.5104,2.52873,0,0,2.54758,0.148243,0.36288,3.6288,61.308,0.544711,0,0,0.943717,0.259628,0.139379,0.66528,12.849,1,0.663059,0.36288,0,41.9529,4.26277,37.39,0.84672,12.849,0.84672,3695.15,0,36.966,0.328436,0.76731,2.11115,1.91072,1.09629,3.36446,0.42336,36.966,0.42336,423.524,0,1.02816,0,0,1.79547,0.76731,1.028160,1,0,40.8938,0,0,0,40.8938,0
48.986,2.52356,0,0,3.5188,0.156761,0.36288,3.6288,61.308,0.544778,0,0,2.44719,0.248957,1.65345,0.66528,12.849,1,0.668416,0.36288,0,81.7197,4.19359,77.2206,0.84672,12.849,0.84672,3695.15,0,36.966,0.328477,3.86037,2.06709,3.88301,1.04996,8.43203,0.42336,36.966,0.42336,423.524,0,1.02816,0,0,4.88853,3.86037,1.028160,1,0,87.3061,0,0,0,87.3061,0
48.2759,2.52884,0,0,2.33916,0.15757,0.36288,3.6288,61.308,0.544846,0,0,1.12612,0.248957,0.332317,0.66528,12.849,1,0.663313,0.36288,0,52.5557,4.19359,48.0616,0.84672,12.849,0.84672,3695.15,0,36.966,0.328518,1.12412,2.06721,1.74224,1.04996,3.55508,0.42336,36.966,0.42336,423.524,0,1.02816,0,0,2.15228,1.12412,1.028160,1,0,51.949,0,0,0,51.949,0
49.6132,2.52128,0,0,4.38693,0.165457,0.36288,3.6288,61.308,0.544914,0,0,2.04236,0.26184,1.2356,0.66528,12.849,1,0.671058,0.36288,0,96.8691,4.46908,92.0918,0.84672,12.849,0.84672,3695.15,0,36.966,0.328559,2.24916,2.06733,3.91916,1.12766,6.77943,0.42336,36.966,0.42336,423.524,0,1.02816,0,0,3.27732,2.24916,1.028160,1,0,100.107,0,0,0,100.107,0
51.0691,2.34482,0,0,4.37326,0.209667,0.36288,3.6288,61.308,0.425812,0,0,2.71661,0.246412,2.04438,0.66528,12.849,1,0.607269,0.36288,0,105.969,4.39713,101.328,0.84672,12.849,0.84672,3695.15,0,36.966,0.256746,2.5853,2.06745,4.95028,1.22833,8.11796,0.42336,36.966,0.42336,423.524,0,1.02816,0,0,3.61346,2.5853,1.028160,1,0,111.49,0,0,0,111.49,0
54.8468,2.35594,0,0,6.72748,0.231016,0.36288,3.6288,61.308,0.428095,0,0,3.22816,0.223534,2.57653,0.66528,12.849,1,0.592754,0.36288,0,166.685,3.90387,162.551,0.84672,12.849,0.84672,3695.15,0,36.966,0.258122,0.865477,1.87492,4.46925,1.13342,5.8181,0.42336,36.966,0.42336,423.524,0,1.02816,0,0,1.89364,0.865477,1.028160,1,0,170.945,0,0,0,170.945,0
57.4121,2.38923,0,0,5.55198,0.234481,0.36288,3.6288,61.308,0.428095,0,0,2.90722,0.254013,2.22511,0.66528,12.849,1,0.559727,0.36288,0,154.414,4.29461,149.923,0.84672,12.849,0.84672,3695.15,0,36.966,0.258122,1.8999,1.87711,3.72913,1.15579,6.09223,0.42336,36.966,0.42336,423.524,0,1.02816,0,0,2.92806,1.8999,1.028160,1,0,158.24,0,0,0,158.24,0
59.3602,2.40988,0,0,4.96133,0.240532,0.36288,3.6288,61.308,0.428095,0,0,3.04113,0.254013,2.35902,0.66528,12.849,1,0.539339,0.36288,0,122.494,4.29461,118.023,0.84672,12.849,0.84672,3695.15,0,36.966,0.258122,3.91297,1.87716,4.94938,1.15579,9.3256,0.42336,36.966,0.42336,423.524,0,1.02816,0,0,4.94113,3.91297,1.028160,1,0,129.707,0,0,0,129.707,0
61.3645,2.42465,0,0,5.03696,0.245127,0.36288,3.6288,61.308,0.428095,0,0,3.10998,0.254013,2.42787,0.66528,12.849,1,0.524836,0.36288,0,137.987,4.29461,133.53,0.84672,12.849,0.84672,3695.15,0,36.966,0.258122,4.47684,1.87721,5.49198,1.15579,10.4321,0.42336,36.966,0.42336,423.524,0,1.02816,0,0,5.505,4.47684,1.028160,1,0,146.39,0,0,0,146.39,0
60.7604,2.51554,0,0,2.55375,0.279403,0.36288,3.6288,61.308,0.462611,0,0,1.25599,0.182007,0.61137,0.66528,12.849,1,0.526723,0.36288,0,77.7419,4.12566,73.4524,0.84672,12.849,0.84672,3695.15,0,36.966,0.278934,1.3962,1.87726,2.82094,1.07042,4.74504,0.42336,36.966,0.42336,423.524,0,1.02816,0,0,2.42436,1.3962,1.028160,1,0,78.8088,0,0,0,78.8088,0
60.6114,2.51396,0,0,3.02095,0.293105,0.36288,3.6288,61.308,0.460689,0,0,1.52216,0.124655,0.936817,0.66528,12.849,1,0.531627,0.36288,0,66.1879,3.30173,62.7175,0.84672,12.849,0.84672,3695.15,0,36.966,0.277775,1.63624,1.93739,3.56358,0.649693,6.20974,0.42336,36.966,0.42336,423.524,0,1.02816,0,0,2.6644,1.63624,1.028160,1,0,69.864,0,0,0,69.864,0
60.3162,2.51301,0,0,2.87347,0.292742,0.36288,3.6288,61.308,0.460745,0,0,1.63305,0.124655,1.04765,0.66528,12.849,1,0.532733,0.36288,0,67.6417,3.30173,64.1701,0.84672,12.849,0.84672,3695.15,0,36.966,0.277809,1.91937,1.93564,3.48014,0.649693,6.40765,0.42336,36.966,0.42336,423.524,0,1.02816,0,0,2.94753,1.91937,1.028160,1,0,71.6254,0,0,0,71.6254,0
59.7553,2.51099,0,0,2.60492,0.292023,0.36288,3.6288,61.308,0.460802,0,0,1.37002,0.124655,0.784562,0.66528,12.849,1,0.534909,0.36288,0,46.1516,3.30173,42.6778,0.84672,12.849,0.84672,3695.15,0,36.966,0.277843,1.36381,1.93574,2.91047,0.649693,5.28248,0.42336,36.966,0.42336,423.524,0,1.02816,0,0,2.39197,1.36381,1.028160,1,0,48.7449,0,0,0,48.7449,0
58.6068,2.69718,0,0,2.21076,0.299136,0.36288,3.6288,61.308,0.566138,0,0,1.45854,0.123912,0.768495,0.66528,12.849,1,0.579967,0.36288,0,56.688,3.34576,53.1251,0.84672,12.849,0.84672,3695.15,0,36.966,0.341356,1.63218,1.93584,3.01889,0.822759,5.42279,0.42336,36.966,0.42336,423.524,0,1.02816,0,0,2.66034,1.63218,1.028160,1,0,59.3164,0,0,0,59.3164,0
57.4003,2.688,0,0,2.14663,0.302276,0.36288,3.6288,61.308,0.5662,0,0,1.07712,0.123354,0.387569,0.66528,12.849,1,0.589318,0.36288,0,49.2499,3.37879,45.6447,0.84672,12.849,0.84672,3695.15,0,36.966,0.341394,1.56359,2.10962,2.67283,0.952559,5.0521,0.42336,36.966,0.42336,423.524,0,1.02816,0,0,2.59175,1.56359,1.028160,1,0,51.0843,0,0,0,51.0843,0
55.9041,2.67801,0,0,1.84342,0.298741,0.36288,3.6288,61.308,0.566262,0,0,1.24578,0.123354,0.556168,0.66528,12.849,1,0.599471,0.36288,0,41.29,3.37879,37.6746,0.84672,12.849,0.84672,3695.15,0,36.966,0.341431,1.34088,2.10973,2.59511,0.952559,4.75173,0.42336,36.966,0.42336,423.524,0,1.02816,0,0,2.36904,1.34088,1.028160,1,0,42.9825,0,0,0,42.9825,0
55.1777,2.66511,0,0,2.57971,0.278164,0.36288,3.6288,61.308,0.566324,0,0,1.76441,0.143385,1.0547,0.66528,12.849,1,0.612548,0.36288,0,62.1224,4.1132,57.7595,0.84672,12.849,0.84672,3695.15,0,36.966,0.341468,1.86958,2.10984,5.22379,1.10983,7.75191,0.42336,36.966,0.42336,423.524,0,1.02816,0,0,2.89774,1.86958,1.028160,1,0,66.5661,0,0,0,66.5661,0
57.2638,2.13463,0,0,4.84169,0.25807,0.36288,3.6288,61.308,0.312279,0,0,1.95147,0.165109,1.47409,0.66528,12.849,1,0.497082,0.36288,0,86.5356,4.37577,82.0257,0.84672,12.849,0.84672,3695.15,0,36.966,0.18829,2.14188,2.10995,5.10121,1.15466,8.01009,0.42336,36.966,0.42336,423.524,0,1.02816,0,0,3.17004,2.14188,1.028160,1,0,91.5099,0,0,0,91.5099,0
60.3128,2.13475,0,0,5.80455,0.257906,0.36288,3.6288,61.308,0.323612,0,0,1.97689,0.167021,1.48626,0.66528,12.849,1,0.479001,0.36288,0,80.7296,4.18173,76.4317,0.84672,12.849,0.84672,3695.15,0,36.966,0.195124,2.65174,1.67428,5.21847,1.11889,8.23047,0.42336,36.966,0.42336,423.524,0,1.02816,0,0,3.6799,2.65174,1.028160,1,0,86.1484,0,0,0,86.1484,0
64.3104,2.1549,0,0,6.78101,0.265627,0.36288,3.6288,61.308,0.323607,0,0,1.83828,0.167021,1.34765,0.66528,12.849,1,0.459078,0.36288,0,95.9316,4.18173,91.6537,0.84672,12.849,0.84672,3695.15,0,36.966,0.195121,2.12276,1.68495,5.07374,1.11889,7.56743,0.42336,36.966,0.42336,423.524,0,1.02816,0,0,3.15092,2.12276,1.028160,1,0,100.569,0,0,0,100.569,0
67.0572,2.17887,0,0,5.56533,0.276739,0.36288,3.6288,61.308,0.323602,0,0,1.68475,0.170219,1.19093,0.66528,12.849,1,0.43533,0.36288,0,77.1103,4.08922,72.9486,0.84672,12.849,0.84672,3695.15,0,36.966,0.195117,1.68726,1.68498,4.38748,1.11874,6.44586,0.42336,36.966,0.42336,423.524,0,1.02816,0,0,2.71542,1.68726,1.028160,1,0,80.5854,0,0,0,80.5854,0
69.6072,2.436,0,0,5.65253,0.303708,0.36288,3.6288,61.308,0.428089,0,0,1.92268,0.18589,1.3087,0.66528,12.849,1,0.466768,0.36288,0,79.8361,3.57126,76.161,0.84672,12.849,0.84672,3695.15,0,36.966,0.258118,1.81247,1.68502,4.23343,1.10257,6.37024,0.42336,36.966,0.42336,423.524,0,1.02816,0,0,2.84063,1.81247,1.028160,1,0,83.8399,0,0,0,83.8399,0
70.9533,2.54072,0,0,4.60267,0.352897,0.36288,3.6288,61.308,0.470658,0,0,1.70119,0.164777,1.06576,0.66528,12.849,1,0.468999,0.36288,0,69.7745,3.79365,65.8747,0.84672,12.849,0.84672,3695.15,0,36.966,0.283786,2.09976,1.8685,3.0347,1.01095,5.70823,0.42336,36.966,0.42336,423.524,0,1.02816,0,0,3.12792,2.09976,1.028160,1,0,72.6487,0,0,0,72.6487,0
71.3551,2.56341,0,0,3.68458,0.356576,0.36288,3.6288,61.308,0.459647,0,0,1.54565,0.164777,0.921228,0.66528,12.849,1,0.46421,0.36288,0,58.1881,3.79365,54.2931,0.84672,12.849,0.84672,3695.15,0,36.966,0.277147,1.34107,1.94126,2.68063,1.01095,4.67487,0.42336,36.966,0.42336,423.524,0,1.02816,0,0,2.36923,1.34107,1.028160,1,0,59.8892,0,0,0,59.8892,0
70.8912,2.56575,0,0,2.74022,0.275406,0.36288,3.6288,61.308,0.459704,0,0,1.17437,0.22485,0.489821,0.66528,12.849,1,0.462019,0.36288,0,47.8164,4.68143,43.0359,0.84672,12.849,0.84672,3695.15,0,36.966,0.277181,0.691563,1.93098,2.10858,1.31702,3.13692,0.42336,36.966,0.42336,423.524,0,1.02816,0,0,1.71972,0.691563,1.028160,1,0,46.6626,0,0,0,46.6626,0
70.2101,2.56333,0,0,2.51951,0.27443,0.36288,3.6288,61.308,0.551537,0,0,0.953009,0.22485,0.176623,0.66528,12.849,1,0.464601,0.36288,0,44.136,4.68143,39.3528,0.84672,12.849,0.84672,3695.15,0,36.966,0.332552,0.528595,1.93108,1.80259,1.31702,2.61269,0.42336,36.966,0.42336,423.524,0,0.881047,0,0,1.40964,0.528595,1.028160,1,0,42.1421,0,0,0,42.1421,0
70.0728,2.52437,0,0,2.98651,0.23659,0.36288,3.6288,61.308,0.44328,0,0,1.17994,0.216269,0.52039,0.66528,12.849,1,0.461979,0.36288,0,50.7805,3.93974,46.7416,0.84672,12.849,0.84672,3695.15,0,36.966,0.267278,0.740318,1.93118,1.55645,1.23455,2.72611,0.42336,36.966,0.42336,423.524,0,1.02816,0,0,1.76848,0.740318,1.028160,1,0,49.9881,0,0,0,49.9881,0
69.7225,2.52373,0,0,2.76657,0.230278,0.36288,3.6288,61.308,0.443336,0,0,1.30976,0.214839,0.651589,0.66528,12.849,1,0.462768,0.36288,0,49.1922,3.81612,45.2762,0.84672,12.849,0.84672,3695.15,0,36.966,0.267312,0.905921,1.90298,1.5862,1.22081,2.90697,0.42336,36.966,0.42336,423.524,0,1.02816,0,0,1.93408,0.905921,1.028160,1,0,48.8347,0,0,0,48.8347,0
69.4313,2.5219,0,0,2.8233,0.229656,0.36288,3.6288,61.308,0.443391,0,0,1.12723,0.214839,0.469004,0.66528,12.849,1,0.464755,0.36288,0,47.4884,3.81612,43.5704,0.84672,12.849,0.84672,3695.15,0,36.966,0.267345,0.564572,1.90307,1.56885,1.22081,2.54834,0.42336,36.966,0.42336,423.524,0,1.02816,0,0,1.59273,0.564572,1.028160,1,0,46.5877,0,0,0,46.5877,0
69.2364,2.52038,0,0,2.8877,0.199388,0.36288,3.6288,61.308,0.443447,0,0,1.10233,0.229675,0.429212,0.66528,12.849,1,0.466424,0.36288,0,49.2136,4.98575,44.1243,0.84672,12.849,0.84672,3695.15,0,36.966,0.267379,0.634833,1.90317,1.95106,1.26692,2.95476,0.42336,36.966,0.42336,423.524,0,1.02816,0,0,1.66299,0.634833,1.028160,1,0,47.5083,0,0,0,47.5083,0
68.3878,2.63892,0,0,2.33126,0.178006,0.36288,3.6288,61.308,0.502159,0,0,1.14184,0.245258,0.394419,0.66528,12.849,1,0.489735,0.36288,0,37.6764,5.19633,32.3532,0.84672,12.849,0.84672,3695.15,0,36.966,0.30278,0.657755,1.90327,1.47214,1.21873,2.51165,0.42336,36.966,0.42336,423.524,0,1.02816,0,0,1.68591,0.657755,1.028160,1,0,35.2592,0,0,0,35.2592,0
67.4462,2.63394,0,0,2.194,0.138797,0.36288,3.6288,61.308,0.502218,0,0,1.13657,0.26631,0.368047,0.66528,12.849,1,0.494876,0.36288,0,37.8321,4.99254,32.7075,0.84672,12.849,0.84672,3695.15,0,36.966,0.302815,0.462957,2.00256,1.38236,1.18905,2.35601,0.42336,36.966,0.42336,423.524,0,1.02816,0,0,1.49112,0.462957,1.028160,1,0,35.4316,0,0,0,35.4316,0
66.4208,2.62827,0,0,2.10347,0.137775,0.36288,3.6288,61.308,0.502276,0,0,1.10884,0.26631,0.340253,0.66528,12.849,1,0.500705,0.36288,0,35.0055,4.99254,29.8751,0.84672,12.849,0.84672,3695.15,0,36.966,0.30285,0.46078,2.00266,1.33566,1.18905,2.3072,0.42336,36.966,0.42336,423.524,0,1.02816,0,0,1.48894,0.46078,1.028160,1,0,32.5226,0,0,0,32.5226,0
65.3089,2.62193,0,0,2.00964,0.136662,0.36288,3.6288,61.308,0.502335,0,0,1.11318,0.26631,0.344532,0.66528,12.849,1,0.507208,0.36288,0,33.4475,4.99254,28.3106,0.84672,12.849,0.84672,3695.15,0,36.966,0.302886,0.593222,2.00277,1.27203,1.18905,2.37609,0.42336,36.966,0.42336,423.524,0,1.02816,0,0,1.62138,0.593222,1.028160,1,0,31.0313,0,0,0,31.0313,0
64.0285,2.61485,0,0,1.85413,0.156794,0.36288,3.6288,61.308,0.502394,0,0,1.07145,0.259306,0.309747,0.66528,12.849,1,0.51445,0.36288,0,30.7433,4.55694,26.0348,0.84672,12.849,0.84672,3695.15,0,36.966,0.302921,0.596652,2.00287,1.34157,1.23042,2.40775,0.42336,36.966,0.42336,423.524,0,1.02816,0,0,1.62481,0.596652,1.028160,1,0,28.7523,0,0,0,28.7523,0
62.7583,2.58307,0,0,1.76406,0.0883287,0.36288,3.6288,61.308,0.534699,0,0,1.19686,0.272582,0.389574,0.66528,12.849,1,0.51836,0.36288,0,27.8197,5.49717,22.167,0.84672,12.849,0.84672,3695.15,0,36.966,0.3224,0.969546,2.00297,2.44561,1.34155,3.75417,0.42336,36.966,0.42336,423.524,0,1.02816,0,0,1.99771,0.969546,1.028160,1,0,26.3108,0,0,0,26.3108,0
61.393,2.57449,0,0,1.65951,0.0874205,0.36288,3.6288,61.308,0.53476,0,0,1.12901,0.272582,0.321664,0.66528,12.849,1,0.527096,0.36288,0,27.6137,5.49717,21.9523,0.84672,12.849,0.84672,3695.15,0,36.966,0.322436,0.837112,2.03776,2.55605,1.34155,3.76694,0.42336,36.966,0.42336,423.524,0,1.02816,0,0,1.86527,0.837112,1.028160,1,0,26.0409,0,0,0,26.0409,0
59.8899,2.56493,0,0,1.5111,0.0864442,0.36288,3.6288,61.308,0.53482,0,0,1.11761,0.272582,0.310208,0.66528,12.849,1,0.536816,0.36288,0,27.4001,5.49717,21.729,0.84672,12.849,0.84672,3695.15,0,36.966,0.322473,0.839782,2.03786,2.46007,1.34155,3.67369,0.42336,36.966,0.42336,423.524,0,1.02816,0,0,1.86794,0.839782,1.028160,1,0,25.7129,0,0,0,25.7129,0
58.2549,2.55397,0,0,1.36718,0.0853267,0.36288,3.6288,61.308,0.53488,0,0,1.03718,0.272582,0.229717,0.66528,12.849,1,0.547938,0.36288,0,24.6056,5.49717,18.9234,0.84672,12.849,0.84672,3695.15,0,36.966,0.322509,0.608083,2.03797,2.35943,1.34155,3.34142,0.42336,36.966,0.42336,423.524,0,1.02816,0,0,1.63624,0.608083,1.028160,1,0,22.4945,0,0,0,22.4945,0
56.4556,2.54946,0,0,1.19031,0.0772716,0.36288,3.6288,61.2664,0.53989,0,0,0.8194,0.32115,0,0.66528,12.849,1,0.562322,0.36288,0,19.9164,5.99515,13.7218,0.84672,12.849,0.84672,3695.15,0,36.966,0.32553,0.364029,2.03807,2.0899,1.45445,2.71203,0.42336,36.966,0.42336,423.524,0,1.02816,0,0,1.39219,0.364029,1.028160,1,0,16.4338,0,0,0,16.4338,0
54.8055,2.53499,0,0,1.32053,0.0727502,0.36288,3.6288,61.308,0.539813,0,0,1.01784,0.331352,0.105031,0.66528,12.849,1,0.57695,0.36288,0,24.9568,6.04989,18.6929,0.84672,12.849,0.84672,3695.15,0,36.966,0.325704,0.639567,2.04613,2.40274,1.45896,3.30377,0.42336,36.966,0.42336,423.524,0,1.02816,0,0,1.66773,0.639567,1.028160,1,0,22.1017,0,0,0,22.1017,0
53.052,2.52105,0,0,1.20199,0.0715619,0.36288,3.6288,61.276,0.540012,0,0,0.839488,0.331439,0,0.66528,12.849,1,0.591053,0.36288,0,20.1015,6.04989,13.8234,0.84672,12.849,0.84672,3695.15,0,36.966,0.325603,0.675579,2.04623,2.23269,1.45896,3.16994,0.42336,36.966,0.42336,423.524,0,1.02816,0,0,1.70374,0.675579,1.028160,1,0,16.9934,0,0,0,16.9934,0
51.2066,2.50545,0,0,1.09319,0.0702991,0.36288,3.6288,61.1865,0.539966,0,0,0.781825,0.331372,0,0.66528,12.849,1,0.60681,0.36288,0,18.739,6.04989,12.4452,0.84672,12.849,0.84672,3695.15,0,36.966,0.325745,0.410028,2.04634,1.98976,1.45896,2.66143,0.42336,36.966,0.42336,423.524,0,1.02816,0,0,1.43819,0.410028,1.028160,1,0,15.1066,0,0,0,15.1066,0
49.2454,2.65426,0,0,1.12051,0.0645203,0.36288,3.6288,61.1232,0.64138,0,0,0.912937,0.334877,0,0.66528,12.849,1,0.666021,0.36288,0,18.9321,6.15821,12.4707,0.84672,12.849,0.84672,3695.15,0,36.966,0.387492,0.727825,2.04644,2.44499,1.50889,3.32288,0.42336,36.966,0.42336,423.524,0,1.02816,0,0,1.75598,0.727825,1.028160,1,0,15.7936,0,0,0,15.7936,0
47.091,2.63336,0,0,0.908055,0.0662491,0.36288,3.6288,60.9795,0.641196,0,0,0.832438,0.334914,0,0.66528,12.849,1,0.687091,0.36288,0,18.9175,6.16728,12.426,0.84672,12.849,0.84672,3695.15,0,36.966,0.387781,0.465463,2.21148,1.78901,1.58144,2.49673,0.42336,36.966,0.42336,423.524,0,1.02816,0,0,1.49362,0.465463,1.028160,1,0,14.9227,0,0,0,14.9227,0
44.9434,2.6088,0,0,0.888805,0.0647125,0.36288,3.6288,60.7825,0.640693,0,0,0.7783,0.33461,0,0.66528,12.849,1,0.711824,0.36288,0,17.2628,6.16728,10.7466,0.84672,12.849,0.84672,3695.15,0,36.966,0.38839,0.381551,2.2116,1.79561,1.58144,2.41893,0.42336,36.966,0.42336,423.524,0,1.02816,0,0,1.40971,0.381551,1.028160,1,0,13.1655,0,0,0,13.1655,0
43.2261,2.58248,0,0,1.2913,0.0631808,0.36288,3.6288,60.7027,0.639976,0,0,0.894309,0.334192,0,0.66528,12.849,1,0.738313,0.36288,0,19.6611,6.16728,13.1184,0.84672,12.849,0.84672,3695.15,0,36.966,0.389213,0.63212,2.21171,1.99083,1.58144,2.86401,0.42336,36.966,0.42336,423.524,0,1.02816,0,0,1.66028,0.63212,1.028160,1,0,15.9824,0,0,0,15.9824,0
42.0791,2.56,0,0,1.86118,0.0853077,0.36288,3.6288,60.922,0.639723,0,0,1.18373,0.324681,0,0.66528,12.849,1,0.760963,0.36288,0,32.0781,6.03586,25.6441,0.84672,12.849,0.84672,3695.15,0,36.966,0.389571,0.771578,2.21182,2.21639,1.55492,3.2553,0.42336,36.966,0.42336,423.524,0,1.02816,0,0,1.79974,0.771578,1.028160,1,0,28.8994,0,0,0,28.8994,0
40.4277,2.46662,0,0,1.28843,0.110382,0.36288,3.6288,61.1892,0.579049,0,0,1.08778,0.241564,0,0.66528,12.849,1,0.753189,0.36288,0,21.5031,4.55438,16.5585,0.84672,12.849,0.84672,3695.15,0,36.966,0.351353,0.376644,2.21194,2.23035,1.20375,3.26383,0.42336,36.966,0.42336,423.524,0,1.02816,0,0,1.4048,0.376644,1.028160,1,0,19.8223,0,0,0,19.8223,0
38.717,2.44339,0,0,1.20387,0.108256,0.36288,3.6288,61.308,0.580068,0,0,1.62629,0.241973,0.685419,0.66528,12.849,1,0.776576,0.36288,0,18.4347,4.55438,13.4666,0.84672,12.849,0.84672,3695.15,0,36.966,0.350434,1.30783,2.11658,2.57289,1.20375,4.44311,0.42336,36.966,0.42336,423.524,0,1.02816,0,0,2.33599,1.30783,1.028160,1,0,18.5951,0,0,0,18.5951,0
36.8925,2.41776,0,0,1.06225,0.106114,0.36288,3.6288,61.308,0.580554,0,0,0.943825,0.242155,0.121116,0.66528,12.849,1,0.802379,0.36288,0,18.8826,4.55438,13.8888,0.84672,12.849,0.84672,3695.15,0,36.966,0.350048,0.43842,2.11668,1.97625,1.20375,2.97756,0.42336,36.966,0.42336,423.524,0,1.02816,0,0,1.46658,0.43842,1.028160,1,0,16.9874,0,0,0,16.9874,0
34.9151,2.38845,0,0,0.877798,0.103867,0.36288,3.6288,61.308,0.580617,0,0,0.831488,0.242155,0.00871591,0.66528,12.849,1,0.831853,0.36288,0,17.4343,4.55438,12.411,0.84672,12.849,0.84672,3695.15,0,36.966,0.350086,0.275875,2.11679,1.83016,1.20375,2.669,0.42336,36.966,0.42336,423.524,0,1.02816,0,0,1.30404,0.275875,1.028160,1,0,15.0887,0,0,0,15.0887,0
32.9332,2.29332,0,0,0.842042,0.167809,0.36288,3.6288,61.308,0.550512,0,0,0.75524,0.204312,0.000415862,0.66528,12.849,1,0.843956,0.36288,0,14.8473,4.03823,10.328,0.84672,12.849,0.84672,3695.15,0,36.966,0.331934,0.216518,2.1169,1.77009,0.954573,2.81701,0.42336,36.966,0.42336,423.524,0,0.986386,0,0,1.2029,0.216518,1.028160,1,0,13.1454,0,0,0,13.1454,0
31.1567,2.29071,0,0,1.06632,0.18924,0.36288,3.6288,61.2083,0.589051,0,0,0.691837,0.202462,0,0.66528,12.849,1,0.84672,0.36288,0,21.6797,4.01446,17.1814,0.84672,12.849,0.84672,3695.15,0,36.966,0.355172,0.216518,2.03178,2.11278,0.881264,3.12465,0.42336,36.966,0.42336,423.524,0,0.924705,0,0,1.14122,0.216518,1.028160,1,0,20.3061,0,0,0,20.3061,0
30.4123,2.29088,0,0,2.09447,0.185057,0.36288,3.6288,61.308,0.52425,0,0,1.20521,0.202334,0.378949,0.66528,12.849,1,0.84672,0.36288,0,31.7389,4.01446,27.2406,0.84672,12.849,0.84672,3695.15,0,36.966,0.316614,0.368289,2.03189,3.621,0.881264,4.8233,0.42336,36.966,0.42336,423.524,0,1.02816,0,0,1.39645,0.368289,1.028160,1,0,32.4428,0,0,0,32.4428,0
30.0366,2.29104,0,0,2.4614,0.183246,0.36288,3.6288,61.308,0.524631,0,0,1.98944,0.202462,1.26235,0.66528,12.849,1,0.84672,0.36288,0,34.3595,4.01446,29.8612,0.84672,12.849,0.84672,3695.15,0,36.966,0.316329,1.58068,2.03199,4.40072,0.881264,6.8158,0.42336,36.966,0.42336,423.524,0,1.02816,0,0,2.60884,1.58068,1.028160,1,0,37.9393,0,0,0,37.9393,0
28.9406,2.05488,0,0,1.51121,0.189399,0.36288,3.6288,61.308,0.407559,0,0,1.25847,0.203967,0.646939,0.66528,12.849,1,0.84672,0.36288,0,30.3798,4.02322,25.8727,0.84672,12.849,0.84672,3695.15,0,36.966,0.24574,0.855585,2.0321,4.66778,0.920164,6.38955,0.42336,36.966,0.42336,423.524,0,1.02816,0,0,1.88374,0.855585,1.028160,1,0,32.9092,0,0,0,32.9092,0
27.3408,1.84763,0,0,0.814743,0.204036,0.36288,3.6288,61.308,0.323089,0,0,0.923426,0.207732,0.392605,0.66528,12.849,1,0.820309,0.36288,0,31.7121,4.04512,27.2095,0.84672,12.849,0.84672,3695.15,0,36.966,0.194808,0.403523,1.84285,3.5722,1.01741,4.60636,0.42336,36.966,0.42336,423.524,0,1.02816,0,0,1.43168,0.403523,1.028160,1,0,32.2085,0,0,0,32.2085,0
26.2345,1.82136,0,0,1.27751,0.1996,0.36288,3.6288,61.308,0.323138,0,0,1.00855,0.207732,0.477677,0.66528,12.849,1,0.84672,0.36288,0,35.9402,4.04512,31.4113,0.84672,12.849,0.84672,3695.15,0,36.966,0.194838,0.507764,1.69446,3.56583,1.01741,4.5558,0.42336,36.966,0.42336,423.524,0,1.02816,0,0,1.53592,0.507764,1.028160,1,0,36.4447,0,0,0,36.4447,0
26.5353,1.82149,0,0,2.67992,0.194726,0.36288,3.6288,61.308,0.323188,0,0,1.46214,0.208933,0.930017,0.66528,12.849,1,0.84672,0.36288,0,31.9029,4.10969,27.3093,0.84672,12.849,0.84672,3695.15,0,36.966,0.194868,0.954141,1.69454,5.07425,1.0724,6.45566,0.42336,36.966,0.42336,423.524,0,1.02816,0,0,1.9823,0.954141,1.028160,1,0,34.695,0,0,0,34.695,0
27.5904,1.82163,0,0,3.42427,0.18467,0.36288,3.6288,61.308,0.323237,0,0,1.5676,0.216141,1.02822,0.66528,12.849,1,0.84672,0.36288,0,46.3,4.49705,41.3191,0.84672,12.849,0.84672,3695.15,0,36.966,0.194898,0.971974,1.69463,4.8854,1.40233,5.95477,0.42336,36.966,0.42336,423.524,0,1.02816,0,0,2.00013,0.971974,1.028160,1,0,48.3021,0,0,0,48.3021,0
29.1268,1.90536,0,0,3.96903,0.164364,0.36288,3.6288,61.308,0.354478,0,0,1.65896,0.209218,1.09526,0.66528,12.849,1,0.84672,0.36288,0,112.019,3.89783,107.638,0.84672,12.849,0.84672,3695.15,0,36.966,0.213734,2.76014,1.69472,3.42923,1.11437,6.55598,0.42336,36.966,0.42336,423.524,0,1.02816,0,0,3.7883,2.76014,1.028160,1,0,115.289,0,0,0,115.289,0
30.8839,1.90974,0,0,4.19367,0.163937,0.36288,3.6288,61.308,0.354523,0,0,1.90903,0.208064,1.34645,0.66528,12.849,1,0.842464,0.36288,0,96.4846,3.79796,92.2071,0.84672,12.849,0.84672,3695.15,0,36.966,0.213762,3.13604,1.7491,3.55711,1.06637,7.16212,0.42336,36.966,0.42336,423.524,0,1.02816,0,0,4.1642,3.13604,1.028160,1,0,100.716,0,0,0,100.716,0
33.1471,1.94368,0,0,4.73756,0.167842,0.36288,3.6288,61.308,0.354569,0,0,2.26804,0.208064,1.70541,0.66528,12.849,1,0.808652,0.36288,0,73.2243,3.79796,68.9805,0.84672,12.849,0.84672,3695.15,0,36.966,0.213789,4.17774,1.74918,4.44218,1.06637,9.08894,0.42336,36.966,0.42336,423.524,0,1.02816,0,0,5.2059,4.17774,1.028160,1,0,79.7749,0,0,0,79.7749,0
37.1712,1.98356,0,0,6.54325,0.172708,0.36288,3.6288,61.308,0.354614,0,0,1.96792,0.208064,1.40524,0.66528,12.849,1,0.768899,0.36288,0,122.025,3.79796,117.821,0.84672,12.849,0.84672,3695.15,0,36.966,0.213817,3.82862,1.74926,5.21298,1.06637,9.51067,0.42336,36.966,0.42336,423.524,0,1.02816,0,0,4.85678,3.82862,1.028160,1,0,128.737,0,0,0,128.737,0
41.8903,2.24502,0,0,7.53052,0.203466,0.36288,3.6288,61.308,0.471777,0,0,2.29929,0.253517,1.57399,0.66528,12.849,1,0.77604,0.36288,0,154.285,4.28733,149.585,0.84672,12.849,0.84672,3695.15,0,36.966,0.284461,4.44262,1.74934,5.07322,1.17375,9.80697,0.42336,36.966,0.42336,423.524,0,1.02816,0,0,5.47078,4.44262,1.028160,1,0,160.966,0,0,0,160.966,0
45.2754,2.31203,0,0,6.25788,0.19794,0.36288,3.6288,61.308,0.471828,0,0,2.09781,0.248984,1.377,0.66528,12.849,1,0.709169,0.36288,0,126.674,4.37703,121.95,0.84672,12.849,0.84672,3695.15,0,36.966,0.284491,3.7843,1.94477,4.47877,1.14539,8.77797,0.42336,36.966,0.42336,423.524,0,1.02816,0,0,4.81246,3.7843,1.028160,1,0,132.105,0,0,0,132.105,0
49.2775,2.35344,0,0,6.92405,0.205616,0.36288,3.6288,61.308,0.471878,0,0,2.1006,0.225474,1.40325,0.66528,12.849,1,0.667899,0.36288,0,129.087,4.17953,124.602,0.84672,12.849,0.84672,3695.15,0,36.966,0.284522,3.83634,1.94486,4.32828,1.05008,8.77488,0.42336,36.966,0.42336,423.524,0,1.02816,0,0,4.8645,3.83634,1.028160,1,0,134.78,0,0,0,134.78,0
52.6661,2.39657,0,0,6.39142,0.243336,0.36288,3.6288,61.308,0.471929,0,0,1.82716,0.216458,1.13877,0.66528,12.849,1,0.624902,0.36288,0,127.378,4.00213,123.114,0.84672,12.849,0.84672,3695.15,0,36.966,0.284552,3.2585,1.94495,3.8734,1.00863,7.78367,0.42336,36.966,0.42336,423.524,0,1.02816,0,0,4.28666,3.2585,1.028160,1,0,132.036,0,0,0,132.036,0
55.1032,2.12112,0,0,5.16872,0.247642,0.36288,3.6288,61.308,0.314779,0,0,1.74074,0.213146,1.21282,0.66528,12.849,1,0.51749,0.36288,0,111.084,4.05907,106.871,0.84672,12.849,0.84672,3695.15,0,36.966,0.189798,2.32922,1.94504,3.43465,1.02716,6.49195,0.42336,36.966,0.42336,423.524,0,1.02816,0,0,3.35738,2.32922,1.028160,1,0,114.576,0,0,0,114.576,0
58.5447,2.12871,0,0,6.17408,0.240947,0.36288,3.6288,61.308,0.323333,0,0,1.99085,0.203769,1.46374,0.66528,12.849,1,0.496374,0.36288,0,114.32,4.1159,110.071,0.84672,12.849,0.84672,3695.15,0,36.966,0.194955,1.80168,1.67867,4.12534,1.03285,6.37789,0.42336,36.966,0.42336,423.524,0,1.02816,0,0,2.82984,1.80168,1.028160,1,0,117.912,0,0,0,117.912,0
62.1603,2.1528,0,0,6.38056,0.249267,0.36288,3.6288,61.308,0.323328,0,0,2.54074,0.203769,2.01364,0.66528,12.849,1,0.472482,0.36288,0,126.028,4.1159,121.803,0.84672,12.849,0.84672,3695.15,0,36.966,0.194953,2.43098,1.68673,6.9656,1.03285,9.8555,0.42336,36.966,0.42336,423.524,0,1.02816,0,0,3.45914,2.43098,1.028160,1,0,133.672,0,0,0,133.672,0
67.6045,2.17574,0,0,8.24024,0.25745,0.36288,3.6288,61.308,0.323323,0,0,2.87207,0.203769,2.34497,0.66528,12.849,1,0.449741,0.36288,0,99.932,4.1159,95.7292,0.84672,12.849,0.84672,3695.15,0,36.966,0.19495,3.22482,1.68676,8.02623,1.03285,11.71,0.42336,36.966,0.42336,423.524,0,1.02816,0,0,4.25298,3.22482,1.028160,1,0,109.784,0,0,0,109.784,0
72.29,2.44926,0,0,8.58064,0.26095,1.18495,3.6288,61.308,0.428083,0,0,4.30019,0.211885,3.66022,0.66528,12.849,1,0.46551,1.18495,0,174.484,4.09443,171.109,0.84672,12.849,0.84672,3695.15,0,36.966,0.258115,5.78354,1.68679,9.37749,1.05124,15.5385,0.42336,36.966,0.42336,423.524,0,1.02816,0,0,6.8117,5.78354,1.028160,1,0,190.308,0,0,0,190.308,0
72.29,2.56591,0,0,7.25509,0.317046,4.37214,3.6288,61.308,0.470762,0,0,2.41366,0.150506,1.79239,0.66528,12.849,1,0.456071,4.37214,0,104.446,2.91451,105.448,0.84672,12.849,0.84672,3695.15,0,36.966,0.283849,2.51084,1.87074,6.56611,0.710329,9.95351,0.42336,36.966,0.42336,423.524,0,1.02816,0,0,3.539,2.51084,1.028160,1,0,117.194,0,0,0,117.194,0
72.29,2.57734,0,0,13.0209,0.30761,10.136,3.6288,61.308,0.462495,0,0,3.8671,0.17178,3.23282,0.66528,12.849,1,0.458104,10.136,0,194.48,3.63864,200.52,0.84672,12.849,0.84672,3695.15,0,36.966,0.278864,3.65611,1.94369,10.1032,0.878,14.5461,0.42336,36.966,0.42336,423.524,0,1.02816,0,0,4.68427,3.65611,1.028160,1,0,218.299,0,0,0,218.299,0
72.29,2.57746,0,0,8.9697,0.278015,6.11423,3.6288,61.308,0.462546,0,0,2.58773,0.16513,1.96006,0.66528,12.849,1,0.458124,6.11423,0,127.531,3.93624,129.251,0.84672,12.849,0.84672,3695.15,0,36.966,0.278895,2.72318,1.93597,6.77316,0.935795,10.2176,0.42336,36.966,0.42336,423.524,0,1.02816,0,0,3.75134,2.72318,1.028160,1,0,141.428,0,0,0,141.428,0
72.29,2.57758,0,0,7.19479,0.278015,4.33919,3.6288,61.308,0.462596,0,0,2.39568,0.16513,1.76796,0.66528,12.849,1,0.458145,4.33919,0,103.477,3.93624,103.422,0.84672,12.849,0.84672,3695.15,0,36.966,0.278925,2.33948,1.93606,5.8348,0.935795,8.89562,0.42336,36.966,0.42336,423.524,0,1.02816,0,0,3.36764,2.33948,1.028160,1,0,114.085,0,0,0,114.085,0
72.29,2.54217,0,0,5.43536,0.269284,2.62391,3.6288,61.308,0.446067,0,0,1.79084,0.192565,1.15221,0.66528,12.849,1,0.451852,2.62391,0,87.4014,3.45804,86.1154,0.84672,12.849,0.84672,3695.15,0,36.966,0.268959,1.86494,1.93615,4.42859,0.981188,6.97953,0.42336,36.966,0.42336,423.524,0,1.02816,0,0,2.8931,1.86494,1.028160,1,0,94.2471,0,0,0,94.2471,0
72.29,2.54229,0,0,4.43807,0.265792,1.62999,3.6288,61.308,0.446117,0,0,1.34283,0.203538,0.693174,0.66528,12.849,1,0.451872,1.62999,0,75.2509,3.26676,73.1623,0.84672,12.849,0.84672,3695.15,0,36.966,0.268989,1.44146,1.90786,3.78031,0.999346,5.86131,0.42336,36.966,0.42336,423.524,0,1.02816,0,0,2.46962,1.44146,1.028160,1,0,79.7168,0,0,0,79.7168,0
72.29,2.5424,0,0,5.01827,0.25971,2.21616,3.6288,61.308,0.446166,0,0,1.18405,0.206505,0.53138,0.66528,12.849,1,0.451893,2.21616,0,79.7083,3.50069,77.9719,0.84672,12.849,0.84672,3695.15,0,36.966,0.269018,1.20581,1.90795,4.81224,1.00857,6.64841,0.42336,36.966,0.42336,423.524,0,1.02816,0,0,2.23397,1.20581,1.028160,1,0,85.1517,0,0,0,85.1517,0
72.29,2.54252,0,0,4.25574,0.223217,1.49,3.6288,61.308,0.446216,0,0,1.16194,0.224309,0.491417,0.66528,12.849,1,0.451913,1.49,0,66.5983,4.90423,62.7322,0.84672,12.849,0.84672,3695.15,0,36.966,0.269048,1.2802,1.90804,3.84606,1.0639,5.70135,0.42336,36.966,0.42336,423.524,0,1.02816,0,0,2.30836,1.2802,1.028160,1,0,68.9249,0,0,0,68.9249,0
72.29,2.66325,0,0,3.95214,0.155086,1.13381,3.6288,61.308,0.505071,0,0,1.11951,0.244276,0.370164,0.66528,12.849,1,0.473372,1.13381,0,50.6263,5.01668,46.2701,0.84672,12.849,0.84672,3695.15,0,36.966,0.304535,1.25334,1.90813,3.49733,1.21393,5.14033,0.42336,36.966,0.42336,423.524,0,1.02816,0,0,2.2815,1.25334,1.028160,1,0,51.7806,0,0,0,51.7806,0
72.29,2.66337,0,0,3.93898,0.184561,1.09105,3.6288,61.308,0.505123,0,0,1.19771,0.232787,0.459801,0.66528,12.849,1,0.473394,1.09105,0,59.8012,4.25355,56.1653,0.84672,12.849,0.84672,3695.15,0,36.966,0.304567,1.41821,2.00766,3.46518,1.1453,5.44119,0.42336,36.966,0.42336,423.524,0,1.02816,0,0,2.44637,1.41821,1.028160,1,0,62.0663,0,0,0,62.0663,0
72.29,2.66349,0,0,3.57961,0.184561,0.731559,3.6288,61.308,0.505176,0,0,1.1476,0.232787,0.409636,0.66528,12.849,1,0.473416,0.731559,0,56.8553,4.25355,52.8599,0.84672,12.849,0.84672,3695.15,0,36.966,0.304599,1.0781,2.00775,3.37627,1.1453,5.01222,0.42336,36.966,0.42336,423.524,0,1.02816,0,0,2.10626,1.0781,1.028160,1,0,58.2817,0,0,0,58.2817,0
72.2259,2.66361,0,0,3.14694,0.184561,0.36288,3.6288,61.308,0.505228,0,0,1.03756,0.232787,0.299545,0.66528,12.849,1,0.473437,0.36288,0,48.6693,4.25355,44.3052,0.84672,12.849,0.84672,3695.15,0,36.966,0.30463,0.906422,2.00784,3.19016,1.1453,4.65449,0.42336,36.966,0.42336,423.524,0,1.02816,0,0,1.93458,0.906422,1.028160,1,0,49.2592,0,0,0,49.2592,0
71.9699,2.66338,0,0,2.92369,0.153369,0.36288,3.6288,61.308,0.50528,0,0,1.00006,0.254355,0.240427,0.66528,12.849,1,0.473815,0.36288,0,44.3667,4.59999,39.6558,0.84672,12.849,0.84672,3695.15,0,36.966,0.304662,0.893635,2.00794,2.98312,1.23104,4.34899,0.42336,36.966,0.42336,423.524,0,1.02816,0,0,1.9218,0.893635,1.028160,1,0,44.2452,0,0,0,44.2452,0
72.29,2.63823,0,0,3.83915,0.130973,0.749895,3.6288,61.1709,0.537661,0,0,0.678318,0.277794,0,0.66528,12.849,1,0.47101,0.749895,0,50.1835,5.55376,44.9086,0.84672,12.849,0.84672,3695.15,0,36.966,0.324185,0.978635,2.00803,1.74311,1.31381,3.09178,0.42336,36.966,0.42336,423.524,0,1.02816,0,0,2.0068,0.978635,1.028160,1,0,48.0004,0,0,0,48.0004,0
72.29,2.64012,0,0,3.54569,0.131292,0.774281,3.6288,61.0034,0.537261,0,0,0.647369,0.277553,0,0.66528,12.849,1,0.469261,0.774281,0,45.4894,5.55376,40.2407,0.84672,12.849,0.84672,3695.15,0,36.966,0.324671,0.867266,2.04289,1.73597,1.31381,3.00764,0.42336,36.966,0.42336,423.524,0,1.02816,0,0,1.89543,0.867266,1.028160,1,0,43.2483,0,0,0,43.2483,0
72.29,2.64024,0,0,3.43159,0.131292,0.660061,3.6288,60.7993,0.53676,0,0,0.609918,0.277259,0,0.66528,12.849,1,0.469282,0.660061,0,41.1347,5.55376,35.7717,0.84672,12.849,0.84672,3695.15,0,36.966,0.325258,0.656061,2.04298,1.69421,1.31381,2.75418,0.42336,36.966,0.42336,423.524,0,1.02816,0,0,1.68422,0.656061,1.028160,1,0,38.5259,0,0,0,38.5259,0
72.29,2.64036,0,0,3.29251,0.115716,0.53643,3.6288,60.5548,0.536135,0,0,0.581814,0.290185,0,0.66528,12.849,1,0.469304,0.53643,0,37.5739,5.66766,31.9734,0.84672,12.849,0.84672,3695.15,0,36.966,0.32597,0.566309,2.04308,1.65872,1.38128,2.56086,0.42336,36.966,0.42336,423.524,0,1.02816,0,0,1.59447,0.566309,1.028160,1,0,34.5342,0,0,0,34.5342,0
72.29,2.64875,0,0,3.6197,0.097152,0.873802,3.6288,60.4794,0.540309,0,0,0.784171,0.31925,0,0.66528,12.849,1,0.470795,0.873802,0,41.7206,6.01194,36.1116,0.84672,12.849,0.84672,3695.15,0,36.966,0.329835,0.750496,2.04317,1.65481,1.46433,2.65431,0.42336,36.966,0.42336,423.524,0,1.02816,0,0,1.77866,0.750496,1.028160,1,0,38.766,0,0,0,38.766,0
72.2766,2.64887,0,0,3.09713,0.0988053,0.36288,3.6288,60.1775,0.540108,0,0,0.566137,0.327966,0,0.66528,12.849,1,0.470816,0.36288,0,39.0314,6.15626,32.7672,0.84672,12.849,0.84672,3695.15,0,36.966,0.330123,0.584436,2.05123,1.49386,1.45915,2.34026,0.42336,36.966,0.42336,423.524,0,1.02816,0,0,1.6126,0.584436,1.028160,1,0,35.1074,0,0,0,35.1074,0
72.0642,2.64892,0,0,2.8982,0.0987952,0.36288,3.6288,59.8351,0.539135,0,0,0.52404,0.327337,0,0.66528,12.849,1,0.470912,0.36288,0,35.2356,6.15626,28.9713,0.84672,12.849,0.84672,3695.15,0,36.966,0.331182,0.515229,2.05133,1.33325,1.45915,2.10948,0.42336,36.966,0.42336,423.524,0,1.02816,0,0,1.54339,0.515229,1.028160,1,0,31.0808,0,0,0,31.0808,0
71.6155,2.64786,0,0,2.66069,0.098636,0.36288,3.6288,59.4887,0.538017,0,0,0.518284,0.326623,0,0.66528,12.849,1,0.472111,0.36288,0,32.2094,6.15626,25.9439,0.84672,12.849,0.84672,3695.15,0,36.966,0.332386,0.388454,2.05142,1.30396,1.45915,1.9523,0.42336,36.966,0.42336,423.524,0,1.02816,0,0,1.41661,0.388454,1.028160,1,0,27.8962,0,0,0,27.8962,0
71.4005,2.82215,0,0,3.05542,0.0854321,0.36288,3.6288,59.1621,0.637695,0,0,0.622004,0.310886,0,0.66528,12.849,1,0.50634,0.36288,0,33.3931,6.32307,26.9266,0.84672,12.849,0.84672,3695.15,0,36.966,0.396261,0.904116,2.05151,1.91883,1.52163,2.95656,0.42336,36.966,0.42336,423.524,0,1.02816,0,0,1.93228,0.904116,1.028160,1,0,29.8831,0,0,0,29.8831,0
69.9818,2.82099,0,0,1.86106,0.0958255,0.36288,3.6288,58.7262,0.636407,0,0,0.493843,0.293394,0,0.66528,12.849,1,0.507656,0.36288,0,27.8352,6.09997,21.5905,0.84672,12.849,0.84672,3695.15,0,36.966,0.397643,0.858574,2.21695,1.41776,1.56161,2.53403,0.42336,36.966,0.42336,423.524,0,1.02816,0,0,1.88673,0.858574,1.028160,1,0,24.1245,0,0,0,24.1245,0
68.6933,2.81242,0,0,1.98154,0.094787,0.36288,3.6288,58.2887,0.634653,0,0,0.489806,0.292574,0,0.66528,12.849,1,0.516374,0.36288,0,26.002,6.09997,19.7485,0.84672,12.849,0.84672,3695.15,0,36.966,0.399491,0.829431,2.21705,1.49425,1.56161,2.57964,0.42336,36.966,0.42336,423.524,0,1.02816,0,0,1.85759,0.829431,1.028160,1,0,22.3282,0,0,0,22.3282,0
68.3965,2.80439,0,0,2.97418,0.103747,0.36288,3.6288,57.9494,0.632876,0,0,0.58321,0.289647,0,0.66528,12.849,1,0.524558,0.36288,0,38.3964,6.0406,32.1941,0.84672,12.849,0.84672,3695.15,0,36.966,0.401362,1.19649,2.21715,1.58796,1.55432,3.04592,0.42336,36.966,0.42336,423.524,0,1.02816,0,0,2.22465,1.19649,1.028160,1,0,35.2401,0,0,0,35.2401,0
69.3003,2.8026,0,0,4.18793,0.118651,0.36288,3.6288,57.7864,0.631499,0,0,0.748579,0.280106,0,0.66528,12.849,1,0.526498,0.36288,0,50.1174,6.04494,43.9088,0.84672,12.849,0.84672,3695.15,0,36.966,0.402834,1.30206,2.21725,1.74837,1.53405,3.33079,0.42336,36.966,0.42336,423.524,0,1.02816,0,0,2.33022,1.30206,1.028160,1,0,47.2396,0,0,0,47.2396,0
69.3119,2.72283,0,0,3.21892,0.121539,0.36288,3.6288,57.5599,0.57034,0,0,0.595874,0.251989,0,0.66528,12.849,1,0.504841,0.36288,0,46.3434,5.7987,40.4027,0.84672,12.849,0.84672,3695.15,0,36.966,0.364847,0.769141,2.21735,1.72174,1.49634,2.84705,0.42336,36.966,0.42336,423.524,0,1.02816,0,0,1.7973,0.769141,1.028160,1,0,43.2498,0,0,0,43.2498,0
71.3076,2.72303,0,0,5.20472,0.123095,0.36288,3.6288,57.6226,0.56952,0,0,0.879596,0.247445,0,0.66528,12.849,1,0.504793,0.36288,0,36.1589,5.73856,30.2784,0.84672,12.849,0.84672,3695.15,0,36.966,0.365756,2.0357,2.12175,2.59303,1.49031,4.89442,0.42336,36.966,0.42336,423.524,0,1.02816,0,0,3.06386,2.0357,1.028160,1,0,35.1729,0,0,0,35.1729,0
70.938,2.73512,0,0,2.85332,0.125002,0.36288,3.6288,57.3742,0.569817,0,0,0.568969,0.247546,0,0.66528,12.849,1,0.492844,0.36288,0,45.7651,5.73856,39.8966,0.84672,12.849,0.84672,3695.15,0,36.966,0.365549,1.07422,2.12184,1.61453,1.49031,2.95474,0.42336,36.966,0.42336,423.524,0,1.02816,0,0,2.10238,1.07422,1.028160,1,0,42.8513,0,0,0,42.8513,0
70.3646,2.73307,0,0,2.64725,0.124649,0.36288,3.6288,57.1357,0.568909,0,0,0.577565,0.247148,0,0.66528,12.849,1,0.495041,0.36288,0,27.1827,5.73856,21.312,0.84672,12.849,0.84672,3695.15,0,36.966,0.366546,0.587909,2.12194,1.22009,1.49031,2.07308,0.42336,36.966,0.42336,423.524,0,1.02816,0,0,1.61607,0.587909,1.028160,1,0,23.3851,0,0,0,23.3851,0
71.053,2.65927,0,0,3.92762,0.217121,0.36288,3.6288,57.2253,0.513177,0,0,0.830364,0.227591,0,0.66528,12.849,1,0.485598,0.36288,0,52.9729,4.65957,48.1906,0.84672,12.849,0.84672,3695.15,0,36.966,0.332018,1.14202,2.12204,2.12914,1.25179,3.80939,0.42336,36.966,0.42336,423.524,0,1.02816,0,0,2.17018,1.14202,1.028160,1,0,52,0,0,0,52,0
72.29,2.66337,0,0,4.81969,0.24278,0.676504,3.6288,57.284,0.513544,0,0,0.77385,0.201598,0,0.66528,12.849,1,0.481636,0.676504,0,66.1072,3.8619,62.4402,0.84672,12.849,0.84672,3695.15,0,36.966,0.331736,1.3867,2.0367,2.24837,1.05344,4.2866,0.42336,36.966,0.42336,423.524,0,1.02816,0,0,2.41486,1.3867,1.028160,1,0,66.7268,0,0,0,66.7268,0
72.29,2.67049,0,0,4.83189,0.24508,1.91632,3.6288,57.4554,0.513803,0,0,0.886913,0.201675,0,0.66528,12.849,1,0.47466,1.91632,0,71.4113,3.8619,68.9911,0.84672,12.849,0.84672,3695.15,0,36.966,0.331563,1.40829,2.03679,2.53263,1.05344,4.5927,0.42336,36.966,0.42336,423.524,0,1.02816,0,0,2.43645,1.40829,1.028160,1,0,73.5838,0,0,0,73.5838,0
72.29,2.67061,0,0,5.27778,0.24508,2.36208,3.6288,58.0947,0.514457,0,0,1.35566,0.201899,0,0.66528,12.849,1,0.474681,2.36208,0,67.1686,3.8619,65.1941,0.84672,12.849,0.84672,3695.15,0,36.966,0.330994,2.204,2.03689,3.00322,1.05344,5.85967,0.42336,36.966,0.42336,423.524,0,1.02816,0,0,3.23216,2.204,1.028160,1,0,71.0537,0,0,0,71.0537,0
72.29,2.51935,0,0,4.41034,0.270966,1.62003,3.6288,58.8704,0.422465,0,0,1.40951,0.211354,0,0.66528,12.849,1,0.447795,1.62003,0,72.1779,3.46097,69.8891,0.84672,12.849,0.84672,3695.15,0,36.966,0.268817,1.84175,2.03698,2.89585,0.956009,5.54976,0.42336,36.966,0.42336,423.524,0,1.02816,0,0,2.86991,1.84175,1.028160,1,0,75.4389,0,0,0,75.4389,0
72.2737,2.51946,0,0,3.14652,0.280484,0.36288,3.6288,59.3292,0.424689,0,0,1.10544,0.222002,0,0.66528,12.849,1,0.447815,0.36288,0,52.5634,4.37251,48.106,0.84672,12.849,0.84672,3695.15,0,36.966,0.266671,1.15525,1.88448,2.14648,1.07697,3.84257,0.42336,36.966,0.42336,423.524,0,1.02816,0,0,2.18341,1.15525,1.028160,1,0,51.9485,0,0,0,51.9485,0
72.29,2.51949,0,0,4.70661,0.28045,1.89037,3.6288,60.7469,0.426007,0,0,2.06638,0.222656,0,0.66528,12.849,1,0.447921,1.89037,0,120.804,4.37251,117.874,0.84672,12.849,0.84672,3695.15,0,36.966,0.265431,1.81876,1.88457,2.58763,1.07697,4.94856,0.42336,36.966,0.42336,423.524,0,1.02816,0,0,2.84692,1.81876,1.028160,1,0,122.823,0,0,0,122.823,0
72.29,2.51969,0,0,4.04098,0.269789,1.2515,3.6288,61.308,0.429907,0,0,2.12945,0.22834,0.910101,0.66528,12.849,1,0.447856,1.2515,0,118.353,3.84121,115.316,0.84672,12.849,0.84672,3695.15,0,36.966,0.261609,3.0591,1.88465,2.78113,1.01132,6.45196,0.42336,36.966,0.42336,423.524,0,1.02816,0,0,4.08726,3.0591,1.028160,1,0,122.678,0,0,0,122.678,0
72.29,2.5198,0,0,4.26661,0.265511,1.4813,3.6288,61.308,0.43145,0,0,1.32125,0.230623,0.659173,0.66528,12.849,1,0.447876,1.4813,0,89.6383,3.6287,87.043,0.84672,12.849,0.84672,3695.15,0,36.966,0.260145,2.12301,1.88474,2.52681,0.985054,5.28936,0.42336,36.966,0.42336,423.524,0,1.02816,0,0,3.15117,2.12301,1.028160,1,0,92.9915,0,0,0,92.9915,0
72.29,2.5198,0,0,6.57094,0.287385,3.76375,3.6288,61.308,0.43145,0,0,1.22306,0.222934,0.568677,0.66528,12.849,1,0.447876,3.76375,0,122.4,4.41829,121.298,0.84672,12.849,0.84672,3695.15,0,36.966,0.260145,1.80763,1.88483,3.46118,1.04304,5.85045,0.42336,36.966,0.42336,423.524,0,1.02816,0,0,2.83579,1.80763,1.028160,1,0,127.717,0,0,0,127.717,0
72.29,2.59886,0,0,6.68256,0.296135,3.78757,3.6288,61.308,0.466189,0,0,1.08474,0.219858,0.398697,0.66528,12.849,1,0.461927,3.78757,0,141.118,4.73414,139.709,0.84672,12.849,0.84672,3695.15,0,36.966,0.281091,2.08763,1.88483,3.65887,1.06624,6.284,0.42336,36.966,0.42336,423.524,0,1.02816,0,0,3.11579,2.08763,1.028160,1,0,146.392,0,0,0,146.392,0
72.29,2.59896,0,0,5.86042,0.296135,2.96532,3.6288,61.308,0.466233,0,0,0.964561,0.219858,0.27847,0.66528,12.849,1,0.461946,2.96532,0,108.052,4.73414,105.821,0.84672,12.849,0.84672,3695.15,0,36.966,0.281118,1.54392,1.9453,3.20205,1.06624,5.34392,0.42336,36.966,0.42336,423.524,0,1.02816,0,0,2.57208,1.54392,1.028160,1,0,111.443,0,0,0,111.443,0
72.29,2.59907,0,0,6.44303,0.322848,3.52112,3.6288,61.308,0.466277,0,0,0.77023,0.212718,0.0912354,0.66528,12.849,1,0.461964,3.52112,0,117.68,4.81009,115.929,0.84672,12.849,0.84672,3695.15,0,36.966,0.281144,1.27985,1.94537,3.86324,1.19869,5.60863,0.42336,36.966,0.42336,423.524,0,1.02816,0,0,2.30801,1.27985,1.028160,1,0,121.629,0,0,0,121.629,0
72.29,2.59917,0,0,5.37898,0.339213,2.4406,3.6288,61.308,0.466321,0,0,0.84462,0.213958,0.164341,0.66528,12.849,1,0.461983,2.4406,0,103.017,4.78027,100.216,0.84672,12.849,0.84672,3695.15,0,36.966,0.281171,1.15989,1.94545,2.87806,1.22314,4.47909,0.42336,36.966,0.42336,423.524,0,1.02816,0,0,2.18805,1.15989,1.028160,1,0,104.859,0,0,0,104.859,0
72.29,2.79647,0,0,6.36178,0.276948,3.28836,3.6288,61.308,0.572171,0,0,0.895553,0.253834,0.0695483,0.66528,12.849,1,0.497051,3.28836,0,118.58,4.60938,116.762,0.84672,12.849,0.84672,3695.15,0,36.966,0.344994,0.942719,1.94553,3.26287,1.21067,4.59546,0.42336,36.966,0.42336,423.524,0,1.02816,0,0,1.97088,0.942719,1.028160,1,0,121.427,0,0,0,121.427,0
72.29,2.79658,0,0,5.15411,0.276126,2.08141,3.6288,61.3031,0.572219,0,0,0.79888,0.231566,0,0.66528,12.849,1,0.497071,2.08141,0,99.1025,4.30521,96.3817,0.84672,12.849,0.84672,3695.15,0,36.966,0.345023,1.221,2.12016,2.68179,1.11947,4.55846,0.42336,36.966,0.42336,423.524,0,1.02816,0,0,2.24916,1.221,1.028160,1,0,100.94,0,0,0,100.94,0
72.29,2.79669,0,0,7.54788,0.276126,4.47506,3.6288,61.308,0.572251,0,0,0.849096,0.231559,0.0403812,0.66528,12.849,1,0.497091,4.47506,0,148.046,4.30521,147.718,0.84672,12.849,0.84672,3695.15,0,36.966,0.345069,1.11844,2.12025,3.03547,1.11947,4.80962,0.42336,36.966,0.42336,423.524,0,1.02816,0,0,2.1466,1.11844,1.028160,1,0,152.568,0,0,0,152.568,0
72.29,2.7968,0,0,6.66281,0.286887,3.57911,3.6288,61.308,0.572316,0,0,1.31581,0.202714,0.540781,0.66528,12.849,1,0.497111,3.57911,0,125.497,3.8622,124.717,0.84672,12.849,0.84672,3695.15,0,36.966,0.345081,1.70576,2.12033,3.66643,1.03019,6.11725,0.42336,36.966,0.42336,423.524,0,1.02816,0,0,2.73392,1.70576,1.028160,1,0,131.375,0,0,0,131.375,0
72.29,2.49159,0,0,7.15046,0.326804,4.33207,3.6288,61.308,0.421988,0,0,1.98722,0.227024,1.33821,0.66528,12.849,1,0.442861,4.33207,0,136.775,3.91001,136.754,0.84672,12.849,0.84672,3695.15,0,36.966,0.25444,1.55548,2.12042,5.29452,1.00671,7.70927,0.42336,36.966,0.42336,423.524,0,1.02816,0,0,2.58364,1.55548,1.028160,1,0,145.801,0,0,0,145.801,0
72.29,2.48346,0,0,6.99875,0.344905,4.17038,3.6288,61.308,0.428077,0,0,4.92187,0.185467,4.30833,0.66528,12.849,1,0.441416,4.17038,0,191.273,3.16165,191.84,0.84672,12.849,0.84672,3695.15,0,36.966,0.258111,2.8783,1.86688,7.17336,0.763726,10.8967,0.42336,36.966,0.42336,423.524,0,1.02816,0,0,3.90646,2.8783,1.028160,1,0,207.046,0,0,0,207.046,0
72.29,2.48361,0,0,6.72866,0.344905,3.90014,3.6288,61.308,0.428077,0,0,2.25341,0.185467,1.63986,0.66528,12.849,1,0.441444,3.90014,0,149.135,3.16165,149.432,0.84672,12.849,0.84672,3695.15,0,36.966,0.258111,1.94211,1.87263,5.43786,0.763726,8.23076,0.42336,36.966,0.42336,423.524,0,1.02816,0,0,2.97027,1.94211,1.028160,1,0,159.303,0,0,0,159.303,0
72.29,2.48377,0,0,10.0785,0.344905,7.2498,3.6288,61.308,0.428077,0,0,6.42213,0.185467,5.80859,0.66528,12.849,1,0.441471,7.2498,0,160.869,3.16165,164.516,0.84672,12.849,0.84672,3695.15,0,36.966,0.258111,4.94723,1.87266,8.19046,0.763726,13.9885,0.42336,36.966,0.42336,423.524,0,1.02816,0,0,5.97539,4.94723,1.028160,1,0,184.313,0,0,0,184.313,0
72.29,2.48393,0,0,11.29,0.36787,8.43818,3.6288,61.308,0.428077,0,0,5.3839,0.186312,4.76951,0.66528,12.849,1,0.441499,8.43818,0,143.573,3.45524,148.114,0.84672,12.849,0.84672,3695.15,0,36.966,0.258111,3.56069,1.8727,7.57678,0.872252,11.8798,0.42336,36.966,0.42336,423.524,0,1.02816,0,0,4.58885,3.56069,1.028160,1,0,164.763,0,0,0,164.763,0
72.29,2.57514,0,0,8.13897,0.371697,5.19213,3.6288,61.308,0.470854,0,0,4.92937,0.186453,4.27206,0.66528,12.849,1,0.457712,5.19213,0,170.343,3.50417,171.573,0.84672,12.849,0.84672,3695.15,0,36.966,0.283904,4.07938,1.87273,7.18912,0.890339,11.967,0.42336,36.966,0.42336,423.524,0,1.02816,0,0,5.10754,4.07938,1.028160,1,0,187.812,0,0,0,187.812,0
72.29,2.58324,0,0,5.81193,0.363024,2.86566,3.6288,61.308,0.465022,0,0,3.28006,0.162752,2.65228,0.66528,12.849,1,0.459152,2.86566,0,137.017,2.85666,136.566,0.84672,12.849,0.84672,3695.15,0,36.966,0.280387,2.69856,1.94584,4.74253,0.799758,8.30678,0.42336,36.966,0.42336,423.524,0,1.02816,0,0,3.72672,2.69856,1.028160,1,0,147.525,0,0,0,147.525,0
72.29,2.58335,0,0,5.33282,0.305747,2.44373,3.6288,61.308,0.465066,0,0,2.79756,0.180488,2.15201,0.66528,12.849,1,0.45917,2.44373,0,113.163,2.63037,112.517,0.84672,12.849,0.84672,3695.15,0,36.966,0.280414,2.37654,1.9404,4.03747,0.857199,7.2168,0.42336,36.966,0.42336,423.524,0,1.02816,0,0,3.4047,2.37654,1.028160,1,0,121.886,0,0,0,121.886,0
72.29,2.58345,0,0,4.92259,0.270474,2.06867,3.6288,61.308,0.46511,0,0,1.91967,0.21181,1.24275,0.66528,12.849,1,0.459188,2.06867,0,104.221,3.69657,102.134,0.84672,12.849,0.84672,3695.15,0,36.966,0.280441,2.3189,1.94048,3.5575,0.968962,6.56748,0.42336,36.966,0.42336,423.524,0,1.02816,0,0,3.34706,2.3189,1.028160,1,0,109.944,0,0,0,109.944,0
72.29,2.54794,0,0,4.85538,0.257734,2.0497,3.6288,61.308,0.448537,0,0,1.41494,0.220501,0.745901,0.66528,12.849,1,0.452878,2.0497,0,104.52,4.3051,101.812,0.84672,12.849,0.84672,3695.15,0,36.966,0.270448,1.90821,1.94056,3.38131,0.999319,5.96031,0.42336,36.966,0.42336,423.524,0,1.02816,0,0,2.93637,1.90821,1.028160,1,0,108.518,0,0,0,108.518,0
72.29,2.54805,0,0,4.55923,0.257734,1.75345,3.6288,61.308,0.44858,0,0,1.30209,0.220501,0.63301,0.66528,12.849,1,0.452896,1.75345,0,93.5669,4.3051,90.5623,0.84672,12.849,0.84672,3695.15,0,36.966,0.270474,1.42615,1.9122,3.12143,0.999319,5.18998,0.42336,36.966,0.42336,423.524,0,1.02816,0,0,2.45431,1.42615,1.028160,1,0,96.3853,0,0,0,96.3853,0
72.29,2.54815,0,0,4.16739,0.237754,1.38149,3.6288,61.308,0.448624,0,0,1.20887,0.233314,0.526928,0.66528,12.849,1,0.452914,1.38149,0,85.4254,4.58509,81.7689,0.84672,12.849,0.84672,3695.15,0,36.966,0.2705,1.34648,1.91227,2.66604,1.03858,4.61572,0.42336,36.966,0.42336,423.524,0,1.02816,0,0,2.37464,1.34648,1.028160,1,0,86.9115,0,0,0,86.9115,0
72.29,2.54825,0,0,3.99553,0.224268,1.22302,3.6288,61.308,0.448667,0,0,1.14667,0.239651,0.458357,0.66528,12.849,1,0.452932,1.22302,0,73.6854,4.21694,70.2385,0.84672,12.849,0.84672,3695.15,0,36.966,0.270527,1.40352,1.91235,2.75171,0.938919,4.85814,0.42336,36.966,0.42336,423.524,0,1.02816,0,0,2.43168,1.40352,1.028160,1,0,75.555,0,0,0,75.555,0
72.29,2.66924,0,0,3.98433,0.171046,1.14404,3.6288,61.308,0.507649,0,0,1.01286,0.197052,0.308157,0.66528,12.849,1,0.474437,1.14404,0,63.3398,3.77423,60.2352,0.84672,12.849,0.84672,3695.15,0,36.966,0.30609,1.15522,1.91243,2.24525,0.979349,4.02746,0.42336,36.966,0.42336,423.524,0,1.02816,0,0,2.18338,1.15522,1.028160,1,0,64.5708,0,0,0,64.5708,0
72.29,2.66934,0,0,3.47664,0.171046,0.636251,3.6288,61.308,0.507695,0,0,0.93128,0.197052,0.226533,0.66528,12.849,1,0.474456,0.636251,0,59.7416,3.77423,56.1292,0.84672,12.849,0.84672,3695.15,0,36.966,0.306117,1.21216,2.01218,2.30311,0.979349,4.24197,0.42336,36.966,0.42336,423.524,0,1.02816,0,0,2.24032,1.21216,1.028160,1,0,60.5977,0,0,0,60.5977,0
72.2534,2.66945,0,0,3.16679,0.171046,0.36288,3.6288,61.308,0.507741,0,0,0.839307,0.197052,0.134514,0.66528,12.849,1,0.474475,0.36288,0,54.6862,3.77423,50.8004,0.84672,12.849,0.84672,3695.15,0,36.966,0.306145,1.03151,2.01226,2.19079,0.979349,3.94906,0.42336,36.966,0.42336,423.524,0,1.02816,0,0,2.05967,1.03151,1.028160,1,0,54.8839,0,0,0,54.8839,0
72.0767,2.66935,0,0,2.99332,0.137757,0.36288,3.6288,61.308,0.507787,0,0,0.744587,0.231625,0.00517505,0.66528,12.849,1,0.474697,0.36288,0,53.0042,4.45893,48.4335,0.84672,12.849,0.84672,3695.15,0,36.966,0.306173,0.767068,2.01234,2.06465,1.1662,3.37169,0.42336,36.966,0.42336,423.524,0,1.02816,0,0,1.79523,0.767068,1.028160,1,0,51.8104,0,0,0,51.8104,0
72.0894,2.66847,0,0,3.14829,0.104251,0.36288,3.6288,61.308,0.507832,0,0,0.901904,0.226598,0.167473,0.66528,12.849,1,0.475704,0.36288,0,50.3739,4.89426,45.3668,0.84672,12.849,0.84672,3695.15,0,36.966,0.3062,1.01449,2.01242,2.48148,1.19992,4.00226,0.42336,36.966,0.42336,423.524,0,1.02816,0,0,2.04265,1.01449,1.028160,1,0,49.5365,0,0,0,49.5365,0
71.9646,2.64475,0,0,2.98147,0.0987076,0.36288,3.6288,61.308,0.540278,0,0,0.886611,0.22576,0.120573,0.66528,12.849,1,0.471392,0.36288,0,49.5597,4.96682,44.4844,0.84672,12.849,0.84672,3695.15,0,36.966,0.325764,0.944922,2.0125,2.62253,1.20554,4.04865,0.42336,36.966,0.42336,423.524,0,1.02816,0,0,1.97308,0.944922,1.028160,1,0,48.6536,0,0,0,48.6536,0
71.5704,2.64416,0,0,2.71149,0.0986139,0.36288,3.6288,61.308,0.540325,0,0,0.864553,0.22576,0.0984677,0.66528,12.849,1,0.472105,0.36288,0,48.5897,4.96682,43.5137,0.84672,12.849,0.84672,3695.15,0,36.966,0.325792,0.919382,2.04742,2.51287,1.20554,3.94834,0.42336,36.966,0.42336,423.524,0,1.02816,0,0,1.94754,0.919382,1.028160,1,0,47.5605,0,0,0,47.5605,0
70.9282,2.64206,0,0,2.46109,0.0983183,0.36288,3.6288,61.308,0.540372,0,0,0.81108,0.22576,0.0449475,0.66528,12.849,1,0.474328,0.36288,0,43.2975,4.96682,38.2193,0.84672,12.849,0.84672,3695.15,0,36.966,0.32582,0.699745,2.04751,2.43087,1.20554,3.64676,0.42336,36.966,0.42336,423.524,0,1.02816,0,0,1.7279,0.699745,1.028160,1,0,41.911,0,0,0,41.911,0
70.2471,2.63853,0,0,2.38771,0.0674829,0.36288,3.6288,61.2348,0.540419,0,0,0.761659,0.294461,0,0.66528,12.849,1,0.477983,0.36288,0,39.9808,5.84808,34.0176,0.84672,12.849,0.84672,3695.15,0,36.966,0.325849,0.733139,2.04759,2.07567,1.51037,3.02017,0.42336,36.966,0.42336,423.524,0,1.02816,0,0,1.7613,0.733139,1.028160,1,0,37.0378,0,0,0,37.0378,0
69.6746,2.64297,0,0,2.50404,0.0706117,0.36288,3.6288,61.1388,0.545194,0,0,0.73281,0.283554,0,0.66528,12.849,1,0.483429,0.36288,0,38.6941,5.7057,32.8678,0.84672,12.849,0.84672,3695.15,0,36.966,0.329121,0.746392,2.04767,1.77912,1.43594,2.80812,0.42336,36.966,0.42336,423.524,0,1.02816,0,0,1.77455,0.746392,1.028160,1,0,35.6759,0,0,0,35.6759,0
68.7793,2.63972,0,0,2.17758,0.0703002,0.36288,3.6288,60.9992,0.544919,0,0,0.68866,0.283382,0,0.66528,12.849,1,0.486802,0.36288,0,36.6085,5.7057,30.7789,0.84672,12.849,0.84672,3695.15,0,36.966,0.329471,0.596583,2.05574,1.73135,1.43594,2.61825,0.42336,36.966,0.42336,423.524,0,1.02816,0,0,1.62474,0.596583,1.028160,1,0,33.3972,0,0,0,33.3972,0
67.7174,2.63449,0,0,2.00521,0.0698129,0.36288,3.6288,60.8463,0.544497,0,0,0.674732,0.283131,0,0.66528,12.849,1,0.492161,0.36288,0,34.5273,5.7057,28.6924,0.84672,12.849,0.84672,3695.15,0,36.966,0.32997,0.513017,2.05582,1.71383,1.43594,2.51676,0.42336,36.966,0.42336,423.524,0,1.02816,0,0,1.54118,0.513017,1.028160,1,0,31.2091,0,0,0,31.2091,0
66.3394,2.6281,0,0,1.66477,0.0517644,0.36288,3.6288,60.6855,0.544028,0,0,0.671069,0.287797,0,0.66528,12.849,1,0.498668,0.36288,0,32.7428,5.99999,26.6071,0.84672,12.849,0.84672,3695.15,0,36.966,0.330514,0.503617,2.0559,1.63218,1.42167,2.43951,0.42336,36.966,0.42336,423.524,0,1.02816,0,0,1.53178,0.503617,1.028160,1,0,29.0466,0,0,0,29.0466,0
64.1756,2.79448,0,0,1.04909,0.0555434,0.36288,3.6288,60.2557,0.645338,0,0,0.472306,0.256807,0,0.66528,12.849,1,0.541251,0.36288,0,19.2958,5.4411,13.6763,0.84672,12.849,0.84672,3695.15,0,36.966,0.393101,0.415981,2.05598,1.37041,1.46222,1.98705,0.42336,36.966,0.42336,423.524,0,1.02816,0,0,1.44414,0.415981,1.028160,1,0,15.6634,0,0,0,15.6634,0
62.5438,2.77938,0,0,1.57462,0.064143,0.36288,3.6288,59.9205,0.643651,0,0,0.56238,0.253975,0,0.66528,12.849,1,0.556478,0.36288,0,28.4936,5.38173,22.9183,0.84672,12.849,0.84672,3695.15,0,36.966,0.394871,0.701343,2.22177,1.45634,1.45494,2.52964,0.42336,36.966,0.42336,423.524,0,1.02816,0,0,1.7295,0.701343,1.028160,1,0,25.4479,0,0,0,25.4479,0
61.5529,2.76745,0,0,2.21721,0.0777482,0.36288,3.6288,59.7555,0.642336,0,0,0.721827,0.244412,0,0.66528,12.849,1,0.568545,0.36288,0,37.1913,5.38607,31.5996,0.84672,12.849,0.84672,3695.15,0,36.966,0.396268,0.783406,2.22186,1.60346,1.43467,2.77779,0.42336,36.966,0.42336,423.524,0,1.02816,0,0,1.81157,0.783406,1.028160,1,0,34.3774,0,0,0,34.3774,0
60.5303,2.75999,0,0,2.17054,0.0703325,0.36288,3.6288,59.6258,0.641711,0,0,0.753341,0.24138,0,0.66528,12.849,1,0.57614,0.36288,0,34.2191,5.50063,28.5052,0.84672,12.849,0.84672,3695.15,0,36.966,0.396976,1.24033,2.22195,1.54875,1.43312,3.18093,0.42336,36.966,0.42336,423.524,0,1.02816,0,0,2.26849,1.24033,1.028160,1,0,31.6861,0,0,0,31.6861,0
60.3945,2.75207,0,0,3.03955,0.0603865,0.36288,3.6288,60.0472,0.641229,0,0,1.31494,0.252289,0,0.66528,12.849,1,0.584192,0.36288,0,31.6516,5.33684,26.0935,0.84672,12.849,0.84672,3695.15,0,36.966,0.39754,2.16994,2.22204,2.42522,1.41639,5.00327,0.42336,36.966,0.42336,423.524,0,1.02816,0,0,3.1981,2.16994,1.028160,1,0,31.0967,0,0,0,31.0967,0
59.3058,2.66716,0,0,1.99792,0.0565816,0.36288,3.6288,60.1814,0.581449,0,0,0.973071,0.257424,0,0.66528,12.849,1,0.567441,0.36288,0,50.7105,5.27132,45.2346,0.84672,12.849,0.84672,3695.15,0,36.966,0.357949,1.60586,2.22212,1.78278,1.4097,3.84313,0.42336,36.966,0.42336,423.524,0,1.02816,0,0,2.63402,1.60586,1.028160,1,0,49.0777,0,0,0,49.0777,0
57.5605,2.6587,0,0,1.33231,0.0560004,0.36288,3.6288,60.0822,0.581993,0,0,0.740474,0.257644,0,0.66528,12.849,1,0.576025,0.36288,0,31.811,5.27132,26.3265,0.84672,12.849,0.84672,3695.15,0,36.966,0.357485,0.622693,2.1263,1.20318,1.4097,2.18499,0.42336,36.966,0.42336,423.524,0,1.02816,0,0,1.65085,0.622693,1.028160,1,0,28.5115,0,0,0,28.5115,0
57.0594,2.64453,0,0,2.61469,0.108403,0.36288,3.6288,60.3439,0.581676,0,0,1.10391,0.260537,0,0.66528,12.849,1,0.590327,0.36288,0,37.2268,4.90236,32.097,0.84672,12.849,0.84672,3695.15,0,36.966,0.35788,1.44375,2.12638,1.88393,1.33427,3.76192,0.42336,36.966,0.42336,423.524,0,1.02816,0,0,2.47191,1.44375,1.028160,1,0,35.8589,0,0,0,35.8589,0
57.911,2.6404,0,0,4.01753,0.162612,0.36288,3.6288,61.1575,0.582687,0,0,1.66822,0.271948,0,0.66528,12.849,1,0.594582,0.36288,0,52.2109,4.51098,47.4682,0.84672,12.849,0.84672,3695.15,0,36.966,0.356947,2.82252,2.12647,3.50435,1.15961,6.93678,0.42336,36.966,0.42336,423.524,0,1.02816,0,0,3.85068,2.82252,1.028160,1,0,54.405,0,0,0,54.405,0
56.3382,2.57927,0,0,1.6019,0.232576,0.36288,3.6288,60.8293,0.624999,0,0,0.548665,0.251845,0,0.66528,12.849,1,0.572274,0.36288,0,20.0797,4.32757,15.5427,0.84672,12.849,0.84672,3695.15,0,36.966,0.377774,0.216518,2.12655,1.70656,1.04355,2.62831,0.42336,36.966,0.42336,423.524,0,0.874558,0,0,1.09108,0.216518,1.028160,1,0,18.171,0,0,0,18.171,0
54.5412,2.56636,0,0,1.36127,0.229006,0.36288,3.6288,60.6655,0.528237,0,0,0.615743,0.251322,0,0.66528,12.849,1,0.585307,0.36288,0,16.4142,4.32757,11.8642,0.84672,12.849,0.84672,3695.15,0,36.966,0.321009,0.309424,2.04102,1.89683,1.04355,2.88271,0.42336,36.966,0.42336,423.524,0,1.02816,0,0,1.33758,0.309424,1.028160,1,0,14.7469,0,0,0,14.7469,0
55.5953,2.55085,0,0,4.19274,0.224928,0.36288,3.6288,61.308,0.527745,0,0,1.97051,0.251061,0.549233,0.66528,12.849,1,0.600939,0.36288,0,56.8693,4.32757,52.3037,0.84672,12.849,0.84672,3695.15,0,36.966,0.321576,3.24956,2.04111,4.51043,1.04355,8.43597,0.42336,36.966,0.42336,423.524,0,1.02816,0,0,4.27772,3.24956,1.028160,1,0,61.2889,0,0,0,61.2889,0
55.8578,2.56021,0,0,3.44254,0.256954,0.36288,3.6288,61.308,0.529894,0,0,1.68046,0.228591,0.921978,0.66528,12.849,1,0.591707,0.36288,0,46.1292,4.0011,41.8993,0.84672,12.849,0.84672,3695.15,0,36.966,0.319502,0.839316,2.04119,3.4106,0.951072,5.02053,0.42336,36.966,0.42336,423.524,0,1.02816,0,0,1.86748,0.839316,1.028160,1,0,47.8418,0,0,0,47.8418,0
56.6978,2.41731,0,0,3.87783,0.257588,0.36288,3.6288,61.308,0.433507,0,0,1.37366,0.251351,0.688807,0.66528,12.849,1,0.556056,0.36288,0,40.8142,4.36117,36.2598,0.84672,12.849,0.84672,3695.15,0,36.966,0.261385,1.86574,2.04127,3.35853,1.07727,5.92688,0.42336,36.966,0.42336,423.524,0,1.02816,0,0,2.8939,1.86574,1.028160,1,0,42.8755,0,0,0,42.8755,0
56.7948,2.42413,0,0,3.14371,0.259743,0.36288,3.6288,61.3004,0.43355,0,0,0.67733,0.251351,0,0.66528,12.849,1,0.549362,0.36288,0,42.5136,4.36117,37.9659,0.84672,12.849,0.84672,3695.15,0,36.966,0.261411,1.07807,1.88844,2.12974,1.07727,3.75757,0.42336,36.966,0.42336,423.524,0,1.02816,0,0,2.10623,1.07807,1.028160,1,0,41.7235,0,0,0,41.7235,0
56.2633,2.42499,0,0,2.51636,0.259992,0.36288,3.6288,61.2118,0.433572,0,0,0.596306,0.251339,0,0.66528,12.849,1,0.548619,0.36288,0,30.8032,4.36117,26.2563,0.84672,12.849,0.84672,3695.15,0,36.966,0.261457,0.758445,1.88851,1.90106,1.07727,3.20929,0.42336,36.966,0.42336,423.524,0,1.02816,0,0,1.78661,0.758445,1.028160,1,0,29.4656,0,0,0,29.4656,0
55.4099,2.42087,0,0,2.18754,0.257141,0.36288,3.6288,61.1415,0.433379,0,0,0.619062,0.256023,0,0.66528,12.849,1,0.55286,0.36288,0,30.755,4.52683,26.0382,0.84672,12.849,0.84672,3695.15,0,36.966,0.261719,0.945899,1.88859,4.31392,1.11562,5.77107,0.42336,36.966,0.42336,423.524,0,1.02816,0,0,1.97406,0.945899,1.028160,1,0,31.8093,0,0,0,31.8093,0
54.275,2.41405,0,0,1.90833,0.266392,0.36288,3.6288,61.308,0.433234,0,0,0.851316,0.247294,0.00427163,0.66528,12.849,1,0.559794,0.36288,0,43.5444,5.17526,38.1722,0.84672,12.849,0.84672,3695.15,0,36.966,0.261933,0.885859,1.88867,2.76242,1.31096,3.96406,0.42336,36.966,0.42336,423.524,0,1.02816,0,0,1.91402,0.885859,1.028160,1,0,42.1406,0,0,0,42.1406,0
52.8851,2.48001,0,0,1.73146,0.278404,0.36288,3.6288,61.308,0.468483,0,0,0.917706,0.21936,0.229864,0.66528,12.849,1,0.587115,0.36288,0,32.9453,4.9161,27.8049,0.84672,12.849,0.84672,3695.15,0,36.966,0.282474,0.762057,1.88874,1.71519,1.28488,2.79863,0.42336,36.966,0.42336,423.524,0,1.02816,0,0,1.79022,0.762057,1.028160,1,0,30.8334,0,0,0,30.8334,0
52.6652,2.46768,0,0,2.88517,0.274489,0.36288,3.6288,61.308,0.468521,0,0,1.11872,0.21936,0.430835,0.66528,12.849,1,0.599549,0.36288,0,56.3651,4.9161,51.2123,0.84672,12.849,0.84672,3695.15,0,36.966,0.282497,1.0259,1.94933,2.16274,1.28488,3.57059,0.42336,36.966,0.42336,423.524,0,1.02816,0,0,2.05406,1.0259,1.028160,1,0,55.2138,0,0,0,55.2138,0
53.8775,2.46575,0,0,4.31479,0.27387,0.36288,3.6288,61.308,0.468559,0,0,2.51424,0.21936,1.82632,0.66528,12.849,1,0.601582,0.36288,0,62.8281,4.9161,57.6733,0.84672,12.849,0.84672,3695.15,0,36.966,0.28252,5.00622,1.94939,6.47914,1.28488,11.8674,0.42336,36.966,0.42336,423.524,0,1.02816,0,0,6.03438,5.00622,1.028160,1,0,71.367,0,0,0,71.367,0
54.237,2.47677,0,0,3.4604,0.261279,0.36288,3.6288,61.308,0.468597,0,0,1.96741,0.220026,1.27878,0.66528,12.849,1,0.590673,0.36288,0,65.7094,4.54554,60.936,0.84672,12.849,0.84672,3695.15,0,36.966,0.282543,1.64248,1.94946,4.55591,1.297,6.5683,0.42336,36.966,0.42336,423.524,0,1.02816,0,0,2.67064,1.64248,1.028160,1,0,68.7831,0,0,0,68.7831,0
53.7448,2.45318,0,0,2.62183,0.297934,0.36288,3.6288,61.308,0.476674,0,0,1.14532,0.194933,0.473711,0.66528,12.849,1,0.581171,0.36288,0,41.4475,4.07481,37.1544,0.84672,12.849,0.84672,3695.15,0,36.966,0.287413,0.71928,1.94953,2.87933,1.10668,4.15405,0.42336,36.966,0.42336,423.524,0,1.02816,0,0,1.74744,0.71928,1.028160,1,0,41.7821,0,0,0,41.7821,0
53.3502,2.44897,0,0,2.71246,0.295243,0.36288,3.6288,61.308,0.476712,0,0,1.13238,0.186592,0.469071,0.66528,12.849,1,0.585486,0.36288,0,43.7581,4.14267,39.3928,0.84672,12.849,0.84672,3695.15,0,36.966,0.287436,1.14539,1.95333,3.41446,1.1218,5.10394,0.42336,36.966,0.42336,423.524,0,1.02816,0,0,2.17355,1.14539,1.028160,1,0,44.9658,0,0,0,44.9658,0
53.5629,2.44557,0,0,3.31518,0.294058,0.36288,3.6288,61.308,0.476751,0,0,1.23264,0.186592,0.5693,0.66528,12.849,1,0.588996,0.36288,0,55.0314,4.14267,50.6627,0.84672,12.849,0.84672,3695.15,0,36.966,0.28746,1.15489,1.9534,3.50263,1.1218,5.20165,0.42336,36.966,0.42336,423.524,0,1.02816,0,0,2.18305,1.15489,1.028160,1,0,56.4336,0,0,0,56.4336,0
54.5687,2.44754,0,0,4.10221,0.286003,0.36288,3.6288,61.308,0.476789,0,0,1.47725,0.186805,0.813655,0.66528,12.849,1,0.58713,0.36288,0,68.1407,4.13509,63.7814,0.84672,12.849,0.84672,3695.15,0,36.966,0.287483,1.13082,1.95346,4.81064,1.09779,6.50965,0.42336,36.966,0.42336,423.524,0,1.02816,0,0,2.15898,1.13082,1.028160,1,0,71.1047,0,0,0,71.1047,0
58.0277,2.14502,0,0,6.23945,0.272511,0.36288,3.6288,61.308,0.318942,0,0,2.24681,0.173668,1.75421,0.66528,12.849,1,0.505076,0.36288,0,97.594,4.17711,93.2747,0.84672,12.849,0.84672,3695.15,0,36.966,0.192308,2.01539,1.95353,7.42981,1.01231,10.1941,0.42336,36.966,0.42336,423.524,0,1.02816,0,0,3.04355,2.01539,1.028160,1,0,105.223,0,0,0,105.223,0
60.1445,2.16463,0,0,4.92639,0.282019,0.36288,3.6288,61.308,0.322866,0,0,1.24902,0.173668,0.75249,0.66528,12.849,1,0.479312,0.36288,0,81.203,4.17711,76.9095,0.84672,12.849,0.84672,3695.15,0,36.966,0.194674,0.979776,1.68598,4.50249,1.01231,5.96126,0.42336,36.966,0.42336,423.524,0,1.02816,0,0,2.00794,0.979776,1.028160,1,0,83.6233,0,0,0,83.6233,0
61.6288,2.17866,0,0,4.31364,0.287838,0.36288,3.6288,61.308,0.322863,0,0,1.39101,0.173668,0.894475,0.66528,12.849,1,0.465438,0.36288,0,74.6833,4.17711,70.4036,0.84672,12.849,0.84672,3695.15,0,36.966,0.194672,0.895182,1.68968,3.99009,1.01231,5.36798,0.42336,36.966,0.42336,423.524,0,1.02816,0,0,1.92334,0.895182,1.028160,1,0,76.6661,0,0,0,76.6661,0
66.6311,2.18806,0,0,7.84348,0.290211,0.36288,3.6288,61.308,0.322859,0,0,2.09136,0.162214,1.60628,0.66528,12.849,1,0.456188,0.36288,0,159.335,3.9978,155.243,0.84672,12.849,0.84672,3695.15,0,36.966,0.19467,2.50585,1.68971,7.49413,0.981596,10.5134,0.42336,36.966,0.42336,423.524,0,1.02816,0,0,3.53401,2.50585,1.028160,1,0,167.363,0,0,0,167.363,0
67.8187,2.4603,0,0,4.32145,0.310744,0.36288,3.6288,61.308,0.428071,0,0,1.46076,0.149711,0.882983,0.66528,12.849,1,0.474438,0.36288,0,80.918,3.58935,77.2171,0.84672,12.849,0.84672,3695.15,0,36.966,0.258108,1.27583,1.68973,4.87625,0.855429,6.72827,0.42336,36.966,0.42336,423.524,0,1.02816,0,0,2.30399,1.27583,1.028160,1,0,84.8284,0,0,0,84.8284,0
67.9773,2.50715,0,0,3.34712,0.31844,0.36288,3.6288,61.308,0.449044,0,0,1.16205,0.156165,0.556837,0.66528,12.849,1,0.475007,0.36288,0,80.7684,3.60528,77.051,0.84672,12.849,0.84672,3695.15,0,36.966,0.270754,0.856155,1.87447,3.48503,0.835673,5.10922,0.42336,36.966,0.42336,423.524,0,1.02816,0,0,1.88431,0.856155,1.028160,1,0,82.7171,0,0,0,82.7171,0
67.4438,2.56384,0,0,2.71202,0.318837,0.36288,3.6288,61.308,0.467227,0,0,0.938598,0.156165,0.315207,0.66528,12.849,1,0.484615,0.36288,0,56.1182,3.60528,52.3912,0.84672,12.849,0.84672,3695.15,0,36.966,0.281717,0.824187,1.90933,2.80987,0.835673,4.42599,0.42336,36.966,0.42336,423.524,0,1.02816,0,0,1.85235,0.824187,1.028160,1,0,57.1324,0,0,0,57.1324,0
67.0102,2.56071,0,0,2.79972,0.309757,0.36288,3.6288,61.308,0.467265,0,0,0.805905,0.138471,0.200169,0.66528,12.849,1,0.487852,0.36288,0,55.8812,3.25455,52.5017,0.84672,12.849,0.84672,3695.15,0,36.966,0.28174,1.03,1.94427,2.42335,0.786526,4.32935,0.42336,36.966,0.42336,423.524,0,1.02816,0,0,2.05816,1.03,1.028160,1,0,57.0312,0,0,0,57.0312,0
66.2431,2.55815,0,0,2.44903,0.29506,0.36288,3.6288,61.308,0.467303,0,0,0.731938,0.129193,0.135442,0.66528,12.849,1,0.490518,0.36288,0,51.8303,3.13167,48.571,0.84672,12.849,0.84672,3695.15,0,36.966,0.281763,0.747541,1.94434,1.86144,0.809966,3.46159,0.42336,36.966,0.42336,423.524,0,1.02816,0,0,1.7757,0.747541,1.028160,1,0,52.168,0,0,0,52.168,0
65.506,2.26966,0,0,2.13371,0.238237,0.36288,3.6288,61.308,0.342869,0,0,0.714554,0.206318,0.165367,0.66528,12.849,1,0.44024,0.36288,0,45.0994,4.40601,40.616,0.84672,12.849,0.84672,3695.15,0,36.966,0.206735,0.566188,1.9444,1.90481,1.02111,3.18756,0.42336,36.966,0.42336,423.524,0,1.02816,0,0,1.59435,0.566188,1.028160,1,0,43.969,0,0,0,43.969,0
64.7217,2.2656,0,0,2.08094,0.236841,0.36288,3.6288,61.308,0.342903,0,0,0.798733,0.206318,0.249513,0.66528,12.849,1,0.444396,0.36288,0,43.6851,4.40601,39.1976,0.84672,12.849,0.84672,3695.15,0,36.966,0.206755,0.769841,1.72682,2.25465,1.02111,3.52344,0.42336,36.966,0.42336,423.524,0,1.02816,0,0,1.798,0.769841,1.028160,1,0,42.9706,0,0,0,42.9706,0
63.9081,2.26118,0,0,2.04583,0.235355,0.36288,3.6288,61.308,0.342936,0,0,0.796729,0.206318,0.247475,0.66528,12.849,1,0.448905,0.36288,0,42.2644,4.40601,37.7723,0.84672,12.849,0.84672,3695.15,0,36.966,0.206775,0.530591,1.72687,1.93388,1.02111,2.96346,0.42336,36.966,0.42336,423.524,0,1.02816,0,0,1.55875,0.530591,1.028160,1,0,40.9833,0,0,0,40.9833,0
62.7263,2.50368,0,0,1.89588,0.21112,0.36288,3.6288,61.3062,0.450803,0,0,0.639759,0.190725,0,0.66528,12.849,1,0.503377,0.36288,0,39.1084,3.95043,35.0174,0.84672,12.849,0.84672,3695.15,0,36.966,0.271814,0.495452,1.72693,1.81325,1.01857,2.74525,0.42336,36.966,0.42336,423.524,0,1.02816,0,0,1.52361,0.495452,1.028160,1,0,37.7627,0,0,0,37.7627,0
61.0935,2.6143,0,0,1.51809,0.173665,0.36288,3.6288,61.0539,0.558279,0,0,0.51942,0.213506,0,0.66528,12.849,1,0.535519,0.36288,0,28.1851,4.63459,23.3778,0.84672,12.849,0.84672,3695.15,0,36.966,0.336627,0.402797,1.91617,1.36227,1.06883,2.27579,0.42336,36.966,0.42336,423.524,0,0.95059,0,0,1.35339,0.402797,1.028160,1,0,25.6536,0,0,0,25.6536,0
59.3975,2.60256,0,0,1.42686,0.157416,0.36288,3.6288,60.8227,0.555348,0,0,0.540937,0.216729,0,0.66528,12.849,1,0.547362,0.36288,0,25.9613,4.74295,21.0339,0.84672,12.849,0.84672,3695.15,0,36.966,0.336244,0.402797,2.01611,1.38452,1.04877,2.41841,0.42336,36.966,0.42336,423.524,0,0.953968,0,0,1.35677,0.402797,1.028160,1,0,23.4523,0,0,0,23.4523,0
57.6609,2.5898,0,0,1.37113,0.155032,0.36288,3.6288,60.624,0.533398,0,0,0.551061,0.216412,0,0.66528,12.849,1,0.560231,0.36288,0,24.4744,4.74295,19.534,0.84672,12.849,0.84672,3695.15,0,36.966,0.324181,0.30119,2.01618,1.38056,1.04877,2.32497,0.42336,36.966,0.42336,423.524,0,0.988044,0,0,1.28923,0.30119,1.028160,1,0,21.859,0,0,0,21.859,0
55.8543,2.57609,0,0,1.28477,0.152443,0.36288,3.6288,60.3334,0.587319,0,0,0.512847,0.216139,0,0.66528,12.849,1,0.574049,0.36288,0,22.9275,4.74295,17.9734,0.84672,12.849,0.84672,3695.15,0,36.966,0.358123,0.30119,2.01624,1.28001,1.04877,2.19056,0.42336,36.966,0.42336,423.524,0,0.900245,0,0,1.20144,0.30119,1.028160,1,0,20.164,0,0,0,20.164,0
54.3397,2.56108,0,0,1.51514,0.105727,0.36288,3.6288,60.1624,0.506971,0,0,0.609431,0.273414,0,0.66528,12.849,1,0.589164,0.36288,0,28.302,5.43615,22.6396,0.84672,12.849,0.84672,3695.15,0,36.966,0.310619,0.315334,2.01631,1.4251,1.24043,2.2057,0.42336,36.966,0.42336,423.524,0,1.02816,0,0,1.34349,0.315334,1.028160,1,0,24.8453,0,0,0,24.8453,0
52.9236,2.52507,0,0,1.57048,0.098716,0.36288,3.6288,59.9362,0.568333,0,0,0.626552,0.284459,0,0.66528,12.849,1,0.59707,0.36288,0,30.6476,5.44079,24.9727,0.84672,12.849,0.84672,3695.15,0,36.966,0.349204,0.30119,2.01638,1.53069,1.27838,2.22068,0.42336,36.966,0.42336,423.524,0,0.980312,0,0,1.2815,0.30119,1.028160,1,0,27.1933,0,0,0,27.1933,0
51.3869,2.5123,0,0,1.43585,0.0973025,0.36288,3.6288,59.7257,0.537962,0,0,0.611518,0.28405,0,0.66528,12.849,1,0.609947,0.36288,0,30.2149,5.44079,24.5271,0.84672,12.849,0.84672,3695.15,0,36.966,0.331792,0.276852,2.05137,1.51187,1.27838,2.22992,0.42336,36.966,0.42336,423.524,0,1.02816,0,0,1.30501,0.276852,1.028160,1,0,26.757,0,0,0,26.757,0
49.7427,2.49779,0,0,1.31226,0.0957688,0.36288,3.6288,59.369,0.64485,0,0,0.571863,0.283668,0,0.66528,12.849,1,0.624559,0.36288,0,28.4197,5.44079,22.7173,0.84672,12.849,0.84672,3695.15,0,36.966,0.399117,0.261274,2.05144,1.43866,1.27838,2.07387,0.42336,36.966,0.42336,423.524,0,0.854012,0,0,1.11529,0.261274,1.028160,1,0,24.7911,0,0,0,24.7911,0
48.0083,2.48147,0,0,1.19364,0.0837303,0.36288,3.6288,59.0154,0.628972,0,0,0.572695,0.297383,0,0.66528,12.849,1,0.640987,0.36288,0,25.2728,5.44691,19.5478,0.84672,12.849,0.84672,3695.15,0,36.966,0.391628,0.261274,2.05151,1.44699,1.31862,2.04953,0.42336,36.966,0.42336,423.524,0,0.877444,0,0,1.13872,0.261274,1.028160,1,0,21.5973,0,0,0,21.5973,0
46.1888,2.471,0,0,1.08518,0.0707653,0.36288,3.6288,58.7375,0.584014,0,0,0.628768,0.322608,0,0.66528,12.849,1,0.661342,0.36288,0,22.6925,5.74287,16.6512,0.84672,12.849,0.84672,3695.15,0,36.966,0.365814,0.261274,2.05158,1.39204,1.44586,1.89322,0.42336,36.966,0.42336,423.524,0,0.956267,0,0,1.21754,0.261274,1.028160,1,0,18.5444,0,0,0,18.5444,0
44.3721,2.45071,0,0,1.06619,0.0693605,0.36288,3.6288,58.4365,0.538868,0,0,0.559851,0.322033,0,0.66528,12.849,1,0.681748,0.36288,0,21.6375,5.74287,15.5758,0.84672,12.849,0.84672,3695.15,0,36.966,0.339132,0.411463,2.05965,1.27004,1.44586,1.95616,0.42336,36.966,0.42336,423.524,0,1.02816,0,0,1.43962,0.411463,1.028160,1,0,17.5319,0,0,0,17.5319,0
42.7169,2.42914,0,0,1.20482,0.0679577,0.36288,3.6288,58.2684,0.537838,0,0,0.691196,0.32141,0,0.66528,12.849,1,0.703417,0.36288,0,26.9373,5.74287,20.8539,0.84672,12.849,0.84672,3695.15,0,36.966,0.340228,0.248089,2.05972,1.5391,1.44586,2.06083,0.42336,36.966,0.42336,423.524,0,1.02816,0,0,1.27625,0.248089,1.028160,1,0,22.9147,0,0,0,22.9147,0
40.8876,2.40827,0,0,1.00853,0.0666797,0.36288,3.6288,57.9687,0.537278,0,0,0.558591,0.321062,0,0.66528,12.849,1,0.724395,0.36288,0,22.5203,5.74287,16.4159,0.84672,12.849,0.84672,3695.15,0,36.966,0.340854,0.241972,2.05979,1.32081,1.44586,1.83586,0.42336,36.966,0.42336,423.524,0,1.02816,0,0,1.27013,0.241972,1.028160,1,0,18.2518,0,0,0,18.2518,0
39.1597,2.54289,0,0,1.23786,0.0599857,0.36288,3.6288,57.5912,0.7831,0,0,0.719766,0.314107,0,0.66528,12.849,1,0.799108,0.36288,0,24.0984,5.22568,18.4365,0.84672,12.849,0.84672,3695.15,0,36.966,0.42336,0.227405,2.05986,1.70056,1.36085,2.20362,0.42336,36.966,0.42336,423.524,0,0.864026,0,0,1.09143,0.227405,1.028160,1,0,20.6401,0,0,0,20.6401,0
37.4249,2.51643,0,0,1.20697,0.0624658,0.36288,3.6288,57.3888,0.634884,0,0,0.726088,0.293625,0,0.66528,12.849,1,0.825686,0.36288,0,22.9602,5.28413,17.2133,0.84672,12.849,0.84672,3695.15,0,36.966,0.407512,0.359389,2.22595,2.04766,1.40271,2.82277,0.42336,36.966,0.42336,423.524,0,1.02816,0,0,1.38755,0.359389,1.028160,1,0,20.036,0,0,0,20.036,0
35.6387,2.49551,0,0,1.13337,0.0612144,0.36288,3.6288,57.17,0.634053,0,0,0.708532,0.293241,0,0.66528,12.849,1,0.84672,0.36288,0,23.4363,5.28413,17.6684,0.84672,12.849,0.84672,3695.15,0,36.966,0.408414,0.666749,2.22602,1.88754,1.40271,2.96919,0.42336,36.966,0.42336,423.524,0,1.02816,0,0,1.69491,0.666749,1.028160,1,0,20.6376,0,0,0,20.6376,0
33.8171,2.49562,0,0,1.09685,0.0599259,0.36288,3.6288,56.9461,0.633147,0,0,0.702086,0.292825,0,0.66528,12.849,1,0.84672,0.36288,0,21.9092,5.28413,16.1413,0.84672,12.849,0.84672,3695.15,0,36.966,0.409391,0.640613,2.2261,1.8802,1.40271,2.9348,0.42336,36.966,0.42336,423.524,0,1.02816,0,0,1.66877,0.640613,1.028160,1,0,19.0761,0,0,0,19.0761,0
32.4221,2.49574,0,0,1.51706,0.0534496,0.36288,3.6288,56.7176,0.632214,0,0,0.689444,0.285798,0,0.66528,12.849,1,0.84672,0.36288,0,23.52,5.08349,17.9527,0.84672,12.849,0.84672,3695.15,0,36.966,0.410395,0.416604,2.22618,1.95612,1.32785,2.86066,0.42336,36.966,0.42336,423.524,0,1.02816,0,0,1.44476,0.416604,1.028160,1,0,20.8133,0,0,0,20.8133,0
31.1107,2.39387,0,0,1.49412,0.0487267,0.36288,3.6288,56.8308,0.570934,0,0,0.96463,0.28043,0,0.66528,12.849,1,0.84672,0.36288,0,21.2231,4.933,15.8063,0.84672,12.849,0.84672,3695.15,0,36.966,0.37211,0.987621,2.22625,2.26043,1.2717,3.83049,0.42336,36.966,0.42336,423.524,0,1.02816,0,0,2.01578,0.987621,1.028160,1,0,19.6368,0,0,0,19.6368,0
29.624,2.39398,0,0,1.31805,0.0479265,0.36288,3.6288,56.5072,0.586051,0,0,0.543092,0.280637,0,0.66528,12.849,1,0.84672,0.36288,0,21.9839,4.933,16.567,0.84672,12.849,0.84672,3695.15,0,36.966,0.381201,0.216518,2.13024,1.69511,1.2717,2.38896,0.42336,36.966,0.42336,423.524,0,1.00402,0,0,1.22054,0.216518,1.028160,1,0,18.956,0,0,0,18.956,0
27.9385,2.39409,0,0,1.11843,0.0469867,0.36288,3.6288,56.0674,0.654854,0,0,0.495054,0.280046,0,0.66528,12.849,1,0.84672,0.36288,0,20.3137,4.933,14.8968,0.84672,12.849,0.84672,3695.15,0,36.966,0.42336,0.216518,2.13031,1.61297,1.2717,2.26474,0.42336,36.966,0.42336,423.524,0,0.893125,0,0,1.10964,0.216518,1.028160,1,0,17.1616,0,0,0,17.1616,0
27.4764,2.3942,0,0,2.41679,0.121808,0.36288,3.6288,56.0866,0.568456,0,0,0.782328,0.194665,0,0.66528,12.849,1,0.84672,0.36288,0,41.7226,3.77125,37.4675,0.84672,12.849,0.84672,3695.15,0,36.966,0.374791,0.336139,2.13038,3.04632,0.906377,4.23168,0.42336,36.966,0.42336,423.524,0,1.02816,0,0,1.3643,0.336139,1.028160,1,0,41.6992,0,0,0,41.6992,0
27.5732,2.31059,0,0,2.91359,0.143317,0.36288,3.6288,56.1086,0.513901,0,0,0.736131,0.20029,0,0.66528,12.849,1,0.84672,0.36288,0,41.3497,4.0678,36.7981,0.84672,12.849,0.84672,3695.15,0,36.966,0.338706,0.258168,2.13046,3.28937,0.985869,4.35342,0.42336,36.966,0.42336,423.524,0,1.02816,0,0,1.28633,0.258168,1.028160,1,0,41.1515,0,0,0,41.1515,0
27.8942,2.3107,0,0,3.13811,0.143509,0.36288,3.6288,55.5358,0.917998,0,0,0.545567,0.200319,0,0.66528,12.849,1,0.84672,0.36288,0,43.2495,4.0678,38.6979,0.84672,12.849,0.84672,3695.15,0,36.966,0.42336,0.216518,2.04476,3.00446,0.985869,3.85651,0.42336,36.966,0.42336,423.524,0,0.539473,0,0,0.755991,0.216518,1.028160,1,0,42.5544,0,0,0,42.5544,0
32.8682,2.31081,0,0,7.7918,0.144147,0.36288,3.6288,56.2713,0.511962,0,0,1.447,0.199569,0,0.66528,12.849,1,0.84672,0.36288,0,71.4135,4.0678,66.8618,0.84672,12.849,0.84672,3695.15,0,36.966,0.340774,1.06171,2.04483,4.59604,0.985869,6.37593,0.42336,36.966,0.42336,423.524,0,1.02816,0,0,2.08987,1.06171,1.028160,1,0,73.2378,0,0,0,73.2378,0
40.8856,2.31091,0,0,10.8452,0.153905,0.36288,3.6288,57.5627,0.514689,0,0,2.00669,0.200532,0,0.66528,12.849,1,0.84672,0.36288,0,107.785,4.0678,103.233,0.84672,12.849,0.84672,3695.15,0,36.966,0.338112,2.71218,2.0449,6.22481,0.985869,9.65791,0.42336,36.966,0.42336,423.524,0,1.02816,0,0,3.74034,2.71218,1.028160,1,0,112.891,0,0,0,112.891,0
41.7858,2.26647,0,0,3.7517,0.222142,0.36288,3.6288,58.4997,0.430735,0,0,1.57372,0.206063,0,0.66528,12.849,1,0.712276,0.36288,0,44.0297,4.59652,39.0838,0.84672,12.849,0.84672,3695.15,0,36.966,0.276612,0.292723,2.04497,2.35969,1.07067,3.35011,0.42336,36.966,0.42336,423.524,0,1.01882,0,0,1.31154,0.292723,1.028160,1,0,42.4339,0,0,0,42.4339,0
44.407,2.27828,0,0,5.48962,0.227311,0.36288,3.6288,60.3743,0.427762,0,0,2.50767,0.205307,0,0.66528,12.849,1,0.700564,0.36288,0,79.3164,4.75629,74.2224,0.84672,12.849,0.84672,3695.15,0,36.966,0.270303,0.772477,1.89185,4.2293,1.10955,5.51378,0.42336,36.966,0.42336,423.524,0,1.02816,0,0,1.80064,0.772477,1.028160,1,0,79.7362,0,0,0,79.7362,0
47.2393,2.31043,0,0,5.73991,0.234285,0.36288,3.6288,61.308,0.433005,0,0,2.27434,0.207784,0.699819,0.66528,12.849,1,0.668516,0.36288,0,105.525,4.75629,100.463,0.84672,12.849,0.84672,3695.15,0,36.966,0.26512,0.641053,1.89192,4.09992,1.10955,5.25822,0.42336,36.966,0.42336,423.524,0,1.02816,0,0,1.66921,0.641053,1.028160,1,0,106.421,0,0,0,106.421,0
63.2726,2.34203,0,0,18.9745,0.236243,0.36288,3.6288,61.308,0.435561,0,0,6.2396,0.233432,5.57061,0.66528,12.849,1,0.637026,0.36288,0,229.12,4.71639,224.129,0.84672,12.849,0.84672,3695.15,0,36.966,0.262624,5.6694,1.89198,13.8953,1.19366,20.0004,0.42336,36.966,0.42336,423.524,0,1.02816,0,0,6.69756,5.6694,1.028160,1,0,249.7,0,0,0,249.7,0
69.5018,2.47629,0,0,9.35185,0.283527,0.36288,3.6288,61.308,0.435598,0,0,3.8579,0.204427,3.21787,0.66528,12.849,1,0.502868,0.36288,0,147.044,4.43571,142.468,0.84672,12.849,0.84672,3695.15,0,36.966,0.262646,4.22821,1.89205,7.31462,1.18426,11.988,0.42336,36.966,0.42336,423.524,0,1.02816,0,0,5.25637,4.22821,1.028160,1,0,157.674,0,0,0,157.674,0
72.29,2.59318,0,0,7.5162,0.298015,1.83681,3.6288,61.308,0.470458,0,0,3.33031,0.215359,2.6445,0.66528,12.849,1,0.479408,1.83681,0,184.096,4.67775,180.776,0.84672,12.849,0.84672,3695.15,0,36.966,0.283665,3.541,1.89211,10.1696,1.26428,14.0547,0.42336,36.966,0.42336,423.524,0,1.02816,0,0,4.56916,3.541,1.028160,1,0,197.475,0,0,0,197.475,0
72.29,2.60895,0,0,9.53934,0.304456,6.62593,3.6288,61.308,0.47049,0,0,3.4002,0.215359,2.71435,0.66528,12.849,1,0.463721,6.62593,0,212.445,4.67775,213.929,0.84672,12.849,0.84672,3695.15,0,36.966,0.283685,5.02898,1.95279,10.4037,1.26428,15.8375,0.42336,36.966,0.42336,423.524,0,1.02816,0,0,6.05714,5.02898,1.028160,1,0,232.481,0,0,0,232.481,0
72.29,2.60903,0,0,7.04729,0.290371,4.1479,3.6288,61.308,0.470522,0,0,4.11628,0.195274,3.45048,0.66528,12.849,1,0.463735,4.1479,0,185.276,4.17366,184.787,0.84672,12.849,0.84672,3695.15,0,36.966,0.283704,3.57895,1.95285,8.5354,1.12118,12.6623,0.42336,36.966,0.42336,423.524,0,1.02816,0,0,4.60711,3.57895,1.028160,1,0,200.899,0,0,0,200.899,0
72.29,2.6091,0,0,8.1642,0.271592,5.2835,3.6288,61.308,0.470554,0,0,3.7749,0.168494,3.13585,0.66528,12.849,1,0.463748,5.2835,0,185.57,3.50154,186.888,0.84672,12.849,0.84672,3695.15,0,36.966,0.283723,3.87328,1.95291,9.13737,0.930388,13.7494,0.42336,36.966,0.42336,423.524,0,1.02816,0,0,4.90144,3.87328,1.028160,1,0,203.773,0,0,0,203.773,0
72.29,2.80712,0,0,8.75802,0.299254,5.65164,3.6288,61.308,0.576795,0,0,3.33022,0.162211,2.59121,0.66528,12.849,1,0.498945,5.65164,0,331.04,3.23431,332.958,0.84672,12.849,0.84672,3695.15,0,36.966,0.347782,4.48506,1.95296,9.76536,0.835157,15.0204,0.42336,36.966,0.42336,423.524,0,1.02816,0,0,5.51322,4.48506,1.028160,1,0,350.57,0,0,0,350.57,0
72.29,2.8072,0,0,7.23816,0.299254,4.1317,3.6288,61.308,0.57683,0,0,2.68974,0.162211,1.95069,0.66528,12.849,1,0.498959,4.1317,0,269.421,3.23431,269.82,0.84672,12.849,0.84672,3695.15,0,36.966,0.347803,3.4338,2.12824,7.01696,0.835157,11.396,0.42336,36.966,0.42336,423.524,0,1.02816,0,0,4.46196,3.4338,1.028160,1,0,283.166,0,0,0,283.166,0
72.29,2.80728,0,0,9.23279,0.299254,6.12625,3.6288,61.308,0.576864,0,0,3.22745,0.162211,2.48838,0.66528,12.849,1,0.498974,6.12625,0,334.657,3.23431,337.05,0.84672,12.849,0.84672,3695.15,0,36.966,0.347824,4.79593,2.1283,9.81119,0.835157,15.5524,0.42336,36.966,0.42336,423.524,0,1.02816,0,0,5.82409,4.79593,1.028160,1,0,355.09,0,0,0,355.09,0
72.29,2.80737,0,0,11.7632,0.28367,8.67215,3.6288,61.308,0.576899,0,0,5.40022,0.195408,4.62791,0.66528,12.849,1,0.498988,8.67215,0,367.75,4.02055,371.903,0.84672,12.849,0.84672,3695.15,0,36.966,0.347845,7.81229,2.12836,16.9575,1.08113,25.4692,0.42336,36.966,0.42336,423.524,0,1.02816,0,0,8.84045,7.81229,1.028160,1,0,402,0,0,0,402,0
72.29,2.50097,0,0,4.46857,0.314122,1.65348,3.6288,61.308,0.425991,0,0,1.6044,0.139357,1.03906,0.66528,12.849,1,0.444528,1.65348,0,117.26,2.51318,115.956,0.84672,12.849,0.84672,3695.15,0,36.966,0.256854,2.54311,2.12842,4.98348,0.731068,8.66709,0.42336,36.966,0.42336,423.524,0,1.02816,0,0,3.57127,2.54311,1.028160,1,0,125.662,0,0,0,125.662,0
72.29,2.49826,0,0,5.33606,0.314122,2.52367,3.6288,61.308,0.428065,0,0,2.16449,0.139357,1.59707,0.66528,12.849,1,0.444047,2.52367,0,144.128,2.51318,143.695,0.84672,12.849,0.84672,3695.15,0,36.966,0.258104,3.10268,1.87391,6.44071,0.731068,10.4281,0.42336,36.966,0.42336,423.524,0,1.02816,0,0,4.13084,3.10268,1.028160,1,0,155.72,0,0,0,155.72,0
72.29,2.49837,0,0,7.82473,0.314122,5.01223,3.6288,61.308,0.428065,0,0,3.7301,0.139357,3.16267,0.66528,12.849,1,0.444067,5.01223,0,208.749,2.51318,210.804,0.84672,12.849,0.84672,3695.15,0,36.966,0.258104,6.96714,1.87588,13.3493,0.731068,21.2032,0.42336,36.966,0.42336,423.524,0,1.02816,0,0,7.9953,6.96714,1.028160,1,0,235.17,0,0,0,235.17,0
72.29,2.49849,0,0,5.55871,0.318507,2.74172,3.6288,61.308,0.428065,0,0,2.23455,0.192901,1.61358,0.66528,12.849,1,0.444087,2.74172,0,171.312,4.02906,169.581,0.84672,12.849,0.84672,3695.15,0,36.966,0.258104,3.97002,1.8759,7.99985,0.964514,12.6232,0.42336,36.966,0.42336,423.524,0,1.02816,0,0,4.99818,3.97002,1.028160,1,0,183.817,0,0,0,183.817,0
72.29,2.4986,0,0,7.63865,0.310995,4.82906,3.6288,61.308,0.428065,0,0,2.19715,0.183827,1.58526,0.66528,12.849,1,0.444107,4.82906,0,210.784,3.89586,211.273,0.84672,12.849,0.84672,3695.15,0,36.966,0.258104,4.54054,1.87593,10.0663,0.927159,15.2976,0.42336,36.966,0.42336,423.524,0,1.02816,0,0,5.5687,4.54054,1.028160,1,0,228.156,0,0,0,228.156,0
72.29,2.59011,0,0,8.03053,0.305361,5.13507,3.6288,61.308,0.471001,0,0,2.14522,0.177021,1.49719,0.66528,12.849,1,0.460372,5.13507,0,232.835,3.79596,233.714,0.84672,12.849,0.84672,3695.15,0,36.966,0.283993,5.07525,1.87595,11.0933,0.899142,16.8614,0.42336,36.966,0.42336,423.524,0,1.02816,0,0,6.10341,5.07525,1.028160,1,0,252.072,0,0,0,252.072,0
72.29,2.59279,0,0,7.10087,0.305361,4.20271,3.6288,61.308,0.469113,0,0,2.29828,0.177021,1.65215,0.66528,12.849,1,0.46085,4.20271,0,201.357,3.79596,201.303,0.84672,12.849,0.84672,3695.15,0,36.966,0.282854,4.69913,1.94932,10.8614,0.899142,16.3278,0.42336,36.966,0.42336,423.524,0,1.02816,0,0,5.72729,4.69913,1.028160,1,0,219.283,0,0,0,219.283,0
72.29,2.59287,0,0,6.44985,0.298247,3.55873,3.6288,61.308,0.469145,0,0,2.33736,0.186258,1.68196,0.66528,12.849,1,0.460863,3.55873,0,193.087,3.70886,192.476,0.84672,12.849,0.84672,3695.15,0,36.966,0.282873,4.58368,1.94758,13.1989,0.888266,18.559,0.42336,36.966,0.42336,423.524,0,1.02816,0,0,5.61184,4.58368,1.028160,1,0,212.717,0,0,0,212.717,0
72.29,2.59294,0,0,6.48773,0.227971,3.66682,3.6288,61.308,0.469177,0,0,1.99428,0.222083,1.30302,0.66528,12.849,1,0.460876,3.66682,0,160.993,4.10908,160.089,0.84672,12.849,0.84672,3695.15,0,36.966,0.282893,4.75753,1.94763,10.4132,0.95849,15.8769,0.42336,36.966,0.42336,423.524,0,1.02816,0,0,5.78569,4.75753,1.028160,1,0,177.269,0,0,0,177.269,0
72.29,2.55728,0,0,5.13597,0.211319,2.36737,3.6288,61.308,0.45253,0,0,1.6305,0.21996,0.958007,0.66528,12.849,1,0.454537,2.36737,0,123.186,4.57926,120.519,0.84672,12.849,0.84672,3695.15,0,36.966,0.272856,3.97323,1.94769,8.3309,1.0551,12.9239,0.42336,36.966,0.42336,423.524,0,1.02816,0,0,5.00139,3.97323,1.028160,1,0,134.401,0,0,0,134.401,0
72.29,2.55735,0,0,4.67999,0.211319,1.91132,3.6288,61.308,0.452562,0,0,1.48643,0.21996,0.813904,0.66528,12.849,1,0.45455,1.91132,0,118.494,4.57926,115.372,0.84672,12.849,0.84672,3695.15,0,36.966,0.272875,3.07026,1.9192,6.89944,1.0551,10.5609,0.42336,36.966,0.42336,423.524,0,1.02816,0,0,4.09842,3.07026,1.028160,1,0,126.746,0,0,0,126.746,0
72.29,2.55743,0,0,4.38566,0.211319,1.61691,3.6288,61.308,0.452593,0,0,1.38214,0.21996,0.709588,0.66528,12.849,1,0.454563,1.61691,0,107.058,4.57926,103.641,0.84672,12.849,0.84672,3695.15,0,36.966,0.272894,2.51098,1.91926,6.27186,1.0551,9.37411,0.42336,36.966,0.42336,423.524,0,1.02816,0,0,3.53914,2.51098,1.028160,1,0,113.725,0,0,0,113.725,0
72.29,2.5575,0,0,3.99224,0.187825,1.24692,3.6288,61.308,0.452625,0,0,1.2724,0.236523,0.583257,0.66528,12.849,1,0.454576,1.24692,0,97.7227,4.8572,93.6579,0.84672,12.849,0.84672,3695.15,0,36.966,0.272913,2.36002,1.91931,5.43605,1.08476,8.35771,0.42336,36.966,0.42336,423.524,0,1.02816,0,0,3.38818,2.36002,1.028160,1,0,102.599,0,0,0,102.599,0
72.29,2.6789,0,0,4.23681,0.173229,1.38469,3.6288,61.308,0.511807,0,0,1.27228,0.233298,0.527177,0.66528,12.849,1,0.476154,1.38469,0,118.617,4.73694,114.788,0.84672,12.849,0.84672,3695.15,0,36.966,0.308597,2.49584,1.91937,5.86518,1.10981,8.86198,0.42336,36.966,0.42336,423.524,0,1.02816,0,0,3.524,2.49584,1.028160,1,0,124.178,0,0,0,124.178,0
72.29,2.67897,0,0,3.48455,0.118216,0.687357,3.6288,61.308,0.51184,0,0,1.2096,0.248644,0.449115,0.66528,12.849,1,0.476167,0.687357,0,80.587,5.27721,75.521,0.84672,12.849,0.84672,3695.15,0,36.966,0.308617,2.22235,2.01946,5.02801,1.24229,7.71891,0.42336,36.966,0.42336,423.524,0,1.02816,0,0,3.25051,2.22235,1.028160,1,0,83.689,0,0,0,83.689,0
72.29,2.67905,0,0,3.28924,0.0839643,0.526224,3.6288,61.308,0.511874,0,0,1.1298,0.259171,0.358756,0.66528,12.849,1,0.476181,0.526224,0,68.2258,5.45622,62.8196,0.84672,12.849,0.84672,3695.15,0,36.966,0.308637,1.92577,2.01952,4.88245,1.31835,7.20074,0.42336,36.966,0.42336,423.524,0,1.02816,0,0,2.95393,1.92577,1.028160,1,0,70.3791,0,0,0,70.3791,0
72.29,2.67913,0,0,3.24429,0.0839643,0.481193,3.6288,61.308,0.511907,0,0,1.13313,0.259171,0.36205,0.66528,12.849,1,0.476195,0.481193,0,64.5564,5.45622,59.1051,0.84672,12.849,0.84672,3695.15,0,36.966,0.308657,2.05106,2.01957,4.64834,1.31835,7.09196,0.42336,36.966,0.42336,423.524,0,1.02816,0,0,3.07922,2.05106,1.028160,1,0,66.5591,0,0,0,66.5591,0
71.6563,2.6792,0,0,2.50075,0.0923997,0.36288,3.6288,61.308,0.51194,0,0,0.885678,0.25047,0.123268,0.66528,12.849,1,0.476208,0.36288,0,54.3509,5.15538,49.0822,0.84672,12.849,0.84672,3695.15,0,36.966,0.308677,1.3553,2.01963,3.60298,1.20838,5.46085,0.42336,36.966,0.42336,423.524,0,1.02816,0,0,2.38346,1.3553,1.028160,1,0,54.6663,0,0,0,54.6663,0
70.7451,2.65175,0,0,2.20174,0.0982515,0.36288,3.6288,61.208,0.544488,0,0,0.688452,0.243944,0,0.66528,12.849,1,0.475496,0.36288,0,47.0652,4.92975,42.0228,0.84672,12.849,0.84672,3695.15,0,36.966,0.328302,0.796219,2.01969,3.1881,1.1259,4.5498,0.42336,36.966,0.42336,423.524,0,1.02816,0,0,1.82438,0.796219,1.028160,1,0,46.5726,0,0,0,46.5726,0
69.7478,2.64664,0,0,2.1003,0.0881119,0.36288,3.6288,61.0766,0.544188,0,0,0.672106,0.259324,0,0.66528,12.849,1,0.480693,0.36288,0,44.2581,5.14692,38.9933,0.84672,12.849,0.84672,3695.15,0,36.966,0.328657,0.807624,2.05472,3.19324,1.1994,4.52752,0.42336,36.966,0.42336,423.524,0,1.02816,0,0,1.83578,0.807624,1.028160,1,0,43.5208,0,0,0,43.5208,0
68.5177,2.64091,0,0,1.838,0.0642785,0.36288,3.6288,60.874,0.543781,0,0,0.635023,0.2939,0,0.66528,12.849,1,0.486511,0.36288,0,41.5877,5.89324,35.5708,0.84672,12.849,0.84672,3695.15,0,36.966,0.329118,0.629018,2.05478,3.10741,1.4586,4.00349,0.42336,36.966,0.42336,423.524,0,1.02816,0,0,1.65718,0.629018,1.028160,1,0,39.5743,0,0,0,39.5743,0
67.2055,2.63363,0,0,1.74716,0.0629335,0.36288,3.6288,60.648,0.543134,0,0,0.612757,0.295585,0,0.66528,12.849,1,0.49388,0.36288,0,37.7882,6.13035,31.5269,0.84672,12.849,0.84672,3695.15,0,36.966,0.32982,0.692928,2.05484,2.99077,1.55529,3.85343,0.42336,36.966,0.42336,423.524,0,1.02816,0,0,1.72109,0.692928,1.028160,1,0,35.3803,0,0,0,35.3803,0
65.9495,2.63383,0,0,1.7963,0.0555581,0.36288,3.6288,60.488,0.547374,0,0,0.726917,0.339534,0,0.66528,12.849,1,0.503562,0.36288,0,43.0523,5.92578,36.9858,0.84672,12.849,0.84672,3695.15,0,36.966,0.333634,0.674084,2.0549,2.69973,1.53188,3.5632,0.42336,36.966,0.42336,423.524,0,1.02816,0,0,1.70224,0.674084,1.028160,1,0,40.549,0,0,0,40.549,0
64.6081,2.62588,0,0,1.70243,0.0550074,0.36288,3.6288,60.2523,0.54686,0,0,0.650333,0.339189,0,0.66528,12.849,1,0.511603,0.36288,0,38.04,5.92578,31.9655,0.84672,12.849,0.84672,3695.15,0,36.966,0.334202,0.839998,2.06297,2.81979,1.53188,3.85668,0.42336,36.966,0.42336,423.524,0,1.02816,0,0,1.86816,0.839998,1.028160,1,0,35.8222,0,0,0,35.8222,0
63.1652,2.6171,0,0,1.59147,0.0544193,0.36288,3.6288,59.9692,0.546084,0,0,0.601705,0.338681,0,0.66528,12.849,1,0.520478,0.36288,0,36.1704,5.92578,30.087,0.84672,12.849,0.84672,3695.15,0,36.966,0.335033,0.679242,2.06303,2.47426,1.53188,3.34962,0.42336,36.966,0.42336,423.524,0,1.02816,0,0,1.7074,0.679242,1.028160,1,0,33.4367,0,0,0,33.4367,0
61.7113,2.60729,0,0,1.57008,0.0537866,0.36288,3.6288,59.737,0.545139,0,0,0.650988,0.338071,0,0.66528,12.849,1,0.530373,0.36288,0,33.5626,5.92578,27.4693,0.84672,12.849,0.84672,3695.15,0,36.966,0.336033,0.794318,2.06309,2.79812,1.53188,3.78761,0.42336,36.966,0.42336,423.524,0,1.02816,0,0,1.82248,0.794318,1.028160,1,0,31.2569,0,0,0,31.2569,0
59.7975,2.77047,0,0,1.24819,0.0287021,0.36288,3.6288,59.3569,0.645916,0,0,0.588951,0.323177,0,0.66528,12.849,1,0.576843,0.36288,0,29.4502,5.68105,23.5552,0.84672,12.849,0.84672,3695.15,0,36.966,0.399701,0.711374,2.06315,2.72166,1.58707,3.50941,0.42336,36.966,0.42336,423.524,0,1.02816,0,0,1.73953,0.711374,1.028160,1,0,27.0646,0,0,0,27.0646,0
57.5921,2.75535,0,0,0.943851,0.0310272,0.36288,3.6288,58.8959,0.644375,0,0,0.492909,0.309487,0,0.66528,12.849,1,0.592057,0.36288,0,24.6088,5.37379,19.0058,0.84672,12.849,0.84672,3695.15,0,36.966,0.401301,0.546083,2.22949,2.23909,1.56731,3.04605,0.42336,36.966,0.42336,423.524,0,1.02816,0,0,1.57424,0.546083,1.028160,1,0,22.0519,0,0,0,22.0519,0
55.4669,2.73689,0,0,1.00494,0.0303715,0.36288,3.6288,58.4337,0.642482,0,0,0.488879,0.308574,0,0.66528,12.849,1,0.610611,0.36288,0,22.988,5.37379,17.3665,0.84672,12.849,0.84672,3695.15,0,36.966,0.403254,0.52177,2.22955,2.3599,1.56731,3.14065,0.42336,36.966,0.42336,423.524,0,1.02816,0,0,1.54993,0.52177,1.028160,1,0,20.5071,0,0,0,20.5071,0
53.8558,2.71798,0,0,1.50835,0.0385677,0.36288,3.6288,58.0697,0.640565,0,0,0.582106,0.305552,0,0.66528,12.849,1,0.629624,0.36288,0,33.9457,5.31443,28.3645,0.84672,12.849,0.84672,3695.15,0,36.966,0.40523,0.828014,2.22961,2.50788,1.56003,3.60025,0.42336,36.966,0.42336,423.524,0,1.02816,0,0,1.85617,0.828014,1.028160,1,0,31.9648,0,0,0,31.9648,0
52.6117,2.70285,0,0,1.87956,0.0579486,0.36288,3.6288,57.8209,0.639049,0,0,0.670285,0.280045,0,0.66528,12.849,1,0.64485,0.36288,0,33.4174,4.70577,28.4296,0.84672,12.849,0.84672,3695.15,0,36.966,0.406806,0.760873,2.22968,2.65379,1.43494,3.8026,0.42336,36.966,0.42336,423.524,0,1.02816,0,0,1.78903,0.760873,1.028160,1,0,32.2322,0,0,0,32.2322,0
50.7618,2.60857,0,0,1.18132,0.0598003,0.36288,3.6288,57.7466,0.577143,0,0,0.758583,0.25572,0,0.66528,12.849,1,0.637074,0.36288,0,21.4679,4.00302,17.1907,0.84672,12.849,0.84672,3695.15,0,36.966,0.368979,1.44793,2.22974,2.48055,1.29363,4.49563,0.42336,36.966,0.42336,423.524,0,1.02816,0,0,2.47609,1.44793,1.028160,1,0,21.6863,0,0,0,21.6863,0
48.7753,2.59012,0,0,1.02516,0.0586619,0.36288,3.6288,57.3339,0.576888,0,0,0.41977,0.255598,0,0.66528,12.849,1,0.655621,0.36288,0,22.0434,4.00302,17.7476,0.84672,12.849,0.84672,3695.15,0,36.966,0.36929,0.414288,2.13356,1.83995,1.29363,2.72488,0.42336,36.966,0.42336,423.524,0,1.02816,0,0,1.44245,0.414288,1.028160,1,0,20.4725,0,0,0,20.4725,0
46.7831,2.56906,0,0,0.99722,0.0574351,0.36288,3.6288,56.892,0.575307,0,0,0.388336,0.254915,0,0.66528,12.849,1,0.676775,0.36288,0,20.1363,4.00302,15.8194,0.84672,12.849,0.84672,3695.15,0,36.966,0.370929,0.290848,2.13363,1.80794,1.29363,2.56786,0.42336,36.966,0.42336,423.524,0,1.02816,0,0,1.31901,0.290848,1.028160,1,0,18.3872,0,0,0,18.3872,0
45.7134,2.54652,0,0,2.00471,0.164959,0.36288,3.6288,57.0003,0.573595,0,0,0.832887,0.151019,0,0.66528,12.849,1,0.699404,0.36288,0,54.7501,2.54961,51.864,0.84672,12.849,0.84672,3695.15,0,36.966,0.372697,0.867672,2.13369,4.55519,0.839341,6.34451,0.42336,36.966,0.42336,423.524,0,1.02816,0,0,1.89583,0.867672,1.028160,1,0,58.2085,0,0,0,58.2085,0
44.1482,2.46837,0,0,1.36982,0.103824,0.36288,3.6288,56.8986,0.51895,0,0,0.632723,0.215455,0,0.66528,12.849,1,0.693801,0.36288,0,22.6727,4.30867,18.0331,0.84672,12.849,0.84672,3695.15,0,36.966,0.336551,0.834183,2.13375,3.00612,0.840917,4.79658,0.42336,36.966,0.42336,423.524,0,1.02816,0,0,1.86234,0.834183,1.028160,1,0,22.8297,0,0,0,22.8297,0
43.0875,2.44938,0,0,1.95704,0.205428,0.36288,3.6288,56.7283,0.518619,0,0,0.549705,0.20141,0,0.66528,12.849,1,0.712875,0.36288,0,34.8153,4.44497,30.0204,0.84672,12.849,0.84672,3695.15,0,36.966,0.336937,0.746652,2.04791,3.19973,1.01453,4.64281,0.42336,36.966,0.42336,423.524,0,1.02816,0,0,1.77481,0.746652,1.028160,1,0,34.6632,0,0,0,34.6632,0
41.7038,2.43594,0,0,1.61805,0.202946,0.36288,3.6288,56.4827,0.518039,0,0,0.473659,0.201187,0,0.66528,12.849,1,0.726413,0.36288,0,27.9212,4.44497,23.1127,0.84672,12.849,0.84672,3695.15,0,36.966,0.337571,0.898465,2.04797,3.10373,1.01453,4.69806,0.42336,36.966,0.42336,423.524,0,1.02816,0,0,1.92663,0.898465,1.028160,1,0,27.8108,0,0,0,27.8108,0
42.8379,2.41758,0,0,4.11425,0.199708,0.36288,3.6288,57.2811,0.517185,0,0,1.51644,0.200866,0,0.66528,12.849,1,0.74486,0.36288,0,77.8988,4.44497,73.0719,0.84672,12.849,0.84672,3695.15,0,36.966,0.338479,4.83442,2.04803,7.2534,1.01453,12.7828,0.42336,36.966,0.42336,423.524,0,1.02816,0,0,5.86258,4.83442,1.028160,1,0,85.8547,0,0,0,85.8547,0
44.0584,2.29492,0,0,4.08718,0.208848,0.36288,3.6288,58.185,0.425823,0,0,1.50514,0.175485,0,0.66528,12.849,1,0.688348,0.36288,0,99.7047,3.87504,95.5042,0.84672,12.849,0.84672,3695.15,0,36.966,0.274802,2.95741,2.04808,7.32422,1.00759,11.0473,0.42336,36.966,0.42336,423.524,0,1.02816,0,0,3.98557,2.95741,1.028160,1,0,106.552,0,0,0,106.552,0
46.0924,2.30975,0,0,4.92106,0.214427,0.36288,3.6288,59.4563,0.428464,0,0,1.86572,0.165881,0,0.66528,12.849,1,0.673604,0.36288,0,139.649,3.64707,135.691,0.84672,12.849,0.84672,3695.15,0,36.966,0.272211,3.7022,1.89472,8.60518,1.00481,12.9251,0.42336,36.966,0.42336,423.524,0,1.02816,0,0,4.73036,3.7022,1.028160,1,0,148.616,0,0,0,148.616,0
48.4457,2.33306,0,0,5.26859,0.2194,0.36288,3.6288,59.9782,0.432083,0,0,1.1212,0.167242,0,0.66528,12.849,1,0.650377,0.36288,0,139.179,3.64707,135.245,0.84672,12.849,0.84672,3695.15,0,36.966,0.268641,2.9898,1.89478,6.87041,1.00481,10.4815,0.42336,36.966,0.42336,423.524,0,1.02816,0,0,4.01796,2.9898,1.028160,1,0,145.726,0,0,0,145.726,0
51.6986,2.3581,0,0,6.19907,0.225154,0.36288,3.6288,60.5243,0.43356,0,0,1.14748,0.1678,0,0.66528,12.849,1,0.625425,0.36288,0,119.209,3.64707,115.299,0.84672,12.849,0.84672,3695.15,0,36.966,0.267214,3.09692,1.89483,6.13495,1.00481,9.85469,0.42336,36.966,0.42336,423.524,0,1.02816,0,0,4.12508,3.09692,1.028160,1,0,125.154,0,0,0,125.154,0
54.4606,2.38968,0,0,5.75348,0.238947,0.36288,3.6288,61.308,0.435088,0,0,1.85966,0.186187,0.454719,0.66528,12.849,1,0.593924,0.36288,0,67.0124,4.03362,62.7478,0.84672,12.849,0.84672,3695.15,0,36.966,0.265736,3.36584,1.89489,6.79664,1.1051,10.6865,0.42336,36.966,0.42336,423.524,0,1.02816,0,0,4.394,3.36584,1.028160,1,0,73.889,0,0,0,73.889,0
58.6736,2.48975,0,0,7.33683,0.271188,0.36288,3.6288,61.308,0.472113,0,0,1.46564,0.198048,0.795476,0.66528,12.849,1,0.587411,0.36288,0,120.369,3.84037,116.304,0.84672,12.849,0.84672,3695.15,0,36.966,0.284663,3.61291,1.89494,7.85433,1.08738,11.9901,0.42336,36.966,0.42336,423.524,0,1.02816,0,0,4.64107,3.61291,1.028160,1,0,129.09,0,0,0,129.09,0
63.2939,2.52441,0,0,7.79026,0.282725,0.36288,3.6288,61.308,0.472139,0,0,2.56914,0.198048,1.89895,0.66528,12.849,1,0.552823,0.36288,0,183.171,3.84037,179.141,0.84672,12.849,0.84672,3695.15,0,36.966,0.284679,6.33686,1.9557,12.0769,1.08738,18.9974,0.42336,36.966,0.42336,423.524,0,1.02816,0,0,7.36502,6.33686,1.028160,1,0,200.038,0,0,0,200.038,0
66.8442,2.55801,0,0,6.76555,0.294359,0.36288,3.6288,61.308,0.472165,0,0,2.48416,0.198048,1.81394,0.66528,12.849,1,0.51929,0.36288,0,164.137,3.84037,160.14,0.84672,12.849,0.84672,3695.15,0,36.966,0.284694,3.38568,1.95575,7.08,1.08738,11.0494,0.42336,36.966,0.42336,423.524,0,1.02816,0,0,4.41384,3.38568,1.028160,1,0,173.003,0,0,0,173.003,0
70.5105,2.5812,0,0,6.91197,0.301599,0.36288,3.6288,61.308,0.472191,0,0,1.29206,0.167023,0.652846,0.66528,12.849,1,0.496167,0.36288,0,142.095,3.43979,138.522,0.84672,12.849,0.84672,3695.15,0,36.966,0.28471,2.40486,1.95579,5.86321,1.00284,8.93631,0.42336,36.966,0.42336,423.524,0,1.02816,0,0,3.43302,2.40486,1.028160,1,0,148.111,0,0,0,148.111,0
72.29,2.80057,0,0,13.0441,0.308386,8.15556,3.6288,61.308,0.578581,0,0,2.39376,0.188962,1.62622,0.66528,12.849,1,0.510344,8.15556,0,324.025,3.78027,327.89,0.84672,12.849,0.84672,3695.15,0,36.966,0.348858,6.59363,1.95584,9.75484,1.02499,16.9305,0.42336,36.966,0.42336,423.524,0,1.02816,0,0,7.62179,6.59363,1.028160,1,0,346.447,0,0,0,346.447,0
72.29,2.8113,0,0,7.18295,0.312312,4.05933,3.6288,61.308,0.578609,0,0,1.66745,0.19348,0.895362,0.66528,12.849,1,0.499688,4.05933,0,179.968,3.84814,179.679,0.84672,12.849,0.84672,3695.15,0,36.966,0.348875,3.22896,2.13136,5.34465,1.03103,9.32507,0.42336,36.966,0.42336,423.524,0,1.02816,0,0,4.25712,3.22896,1.028160,1,0,189.9,0,0,0,189.9,0
72.29,2.81137,0,0,5.65076,0.312312,2.52708,3.6288,61.308,0.578637,0,0,1.38833,0.19348,0.61621,0.66528,12.849,1,0.4997,2.52708,0,129.778,3.84814,127.957,0.84672,12.849,0.84672,3695.15,0,36.966,0.348892,2.73344,2.13141,4.31485,1.03103,7.79978,0.42336,36.966,0.42336,423.524,0,1.02816,0,0,3.7616,2.73344,1.028160,1,0,136.373,0,0,0,136.373,0
72.29,2.81143,0,0,5.20441,0.311951,2.08102,3.6288,61.308,0.578665,0,0,1.44896,0.170489,0.699809,0.66528,12.849,1,0.499711,2.08102,0,119.404,3.42057,117.565,0.84672,12.849,0.84672,3695.15,0,36.966,0.348909,3.27826,2.13146,4.40059,0.899325,8.56208,0.42336,36.966,0.42336,423.524,0,1.02816,0,0,4.30642,3.27826,1.028160,1,0,126.827,0,0,0,126.827,0
72.29,2.50458,0,0,6.74342,0.362847,3.87599,3.6288,61.308,0.427532,0,0,2.15918,0.197692,1.53396,0.66528,12.849,1,0.44517,3.87599,0,113.926,3.69802,113.659,0.84672,12.849,0.84672,3695.15,0,36.966,0.257783,4.96805,2.13151,8.55308,0.863064,14.5318,0.42336,36.966,0.42336,423.524,0,1.02816,0,0,5.99621,4.96805,1.028160,1,0,129.725,0,0,0,129.725,0
72.29,2.50395,0,0,5.75527,0.3761,2.87522,3.6288,61.308,0.428059,0,0,1.77602,0.199682,1.14828,0.66528,12.849,1,0.445059,2.87522,0,128.692,3.73075,127.391,0.84672,12.849,0.84672,3695.15,0,36.966,0.258101,3.24321,1.87661,6.56414,0.862245,10.5636,0.42336,36.966,0.42336,423.524,0,1.02816,0,0,4.27137,3.24321,1.028160,1,0,139.103,0,0,0,139.103,0
72.29,2.50404,0,0,4.05151,0.3761,1.17137,3.6288,61.308,0.428059,0,0,1.25982,0.199682,0.632083,0.66528,12.849,1,0.445075,1.17137,0,114.408,3.73075,111.404,0.84672,12.849,0.84672,3695.15,0,36.966,0.258101,2.65979,1.87713,6.30836,0.862245,9.72493,0.42336,36.966,0.42336,423.524,0,1.02816,0,0,3.68795,2.65979,1.028160,1,0,121.761,0,0,0,121.761,0
72.29,2.50413,0,0,4.92319,0.296803,2.12226,3.6288,61.308,0.428059,0,0,1.34114,0.157568,0.755517,0.66528,12.849,1,0.445091,2.12226,0,108.267,3.12039,106.824,0.84672,12.849,0.84672,3695.15,0,36.966,0.258101,2.92031,1.87715,6.32417,0.774567,10.089,0.42336,36.966,0.42336,423.524,0,1.02816,0,0,3.94847,2.92031,1.028160,1,0,117.668,0,0,0,117.668,0
72.29,2.50423,0,0,4.21066,0.294682,1.41175,3.6288,61.308,0.428059,0,0,1.3505,0.163738,0.758704,0.66528,12.849,1,0.445107,1.41175,0,92.4731,3.82374,89.616,0.84672,12.849,0.84672,3695.15,0,36.966,0.258101,2.71938,1.87717,6.01665,0.840462,9.51464,0.42336,36.966,0.42336,423.524,0,1.02816,0,0,3.74754,2.71938,1.028160,1,0,99.8893,0,0,0,99.8893,0
72.29,2.59584,0,0,5.09026,0.301431,2.19299,3.6288,61.308,0.471056,0,0,1.56613,0.184758,0.910316,0.66528,12.849,1,0.461391,2.19299,0,89.6694,4.39152,87.0094,0.84672,12.849,0.84672,3695.15,0,36.966,0.284026,2.70622,1.87719,6.03324,0.927717,9.40491,0.42336,36.966,0.42336,423.524,0,1.02816,0,0,3.73438,2.70622,1.028160,1,0,97.3247,0,0,0,97.3247,0
72.29,2.59645,0,0,6.99514,0.308613,4.09008,3.6288,61.308,0.470678,0,0,2.37175,0.194353,1.70672,0.66528,12.849,1,0.461499,4.09008,0,126.16,4.114,125.674,0.84672,12.849,0.84672,3695.15,0,36.966,0.283798,4.56377,1.95066,8.99346,0.927263,14.2968,0.42336,36.966,0.42336,423.524,0,1.02816,0,0,5.59193,4.56377,1.028160,1,0,141.678,0,0,0,141.678,0
72.29,2.59651,0,0,7.04422,0.308613,4.1391,3.6288,61.308,0.470704,0,0,2.62605,0.194353,1.96099,0.66528,12.849,1,0.46151,4.1391,0,126.84,4.114,126.404,0.84672,12.849,0.84672,3695.15,0,36.966,0.283814,5.61011,1.95032,9.67169,0.927263,16.021,0.42336,36.966,0.42336,423.524,0,1.02816,0,0,6.63827,5.61011,1.028160,1,0,144.386,0,0,0,144.386,0
72.29,2.59657,0,0,5.0002,0.296402,2.10723,3.6288,61.308,0.47073,0,0,1.8473,0.195663,1.18091,0.66528,12.849,1,0.461521,2.10723,0,88.3233,4.12728,85.8417,0.84672,12.849,0.84672,3695.15,0,36.966,0.283829,3.07689,1.95037,6.51095,0.940662,10.3137,0.42336,36.966,0.42336,423.524,0,1.02816,0,0,4.10505,3.07689,1.028160,1,0,97.3363,0,0,0,97.3363,0
72.1568,2.56084,0,0,3.01362,0.223138,0.36288,3.6288,61.308,0.454054,0,0,0.969538,0.203522,0.311961,0.66528,12.849,1,0.45517,0.36288,0,58.596,4.20693,54.2968,0.84672,12.849,0.84672,3695.15,0,36.966,0.273774,1.63043,1.95041,3.91905,1.02105,6.20507,0.42336,36.966,0.42336,423.524,0,1.02816,0,0,2.65859,1.63043,1.028160,1,0,60.8139,0,0,0,60.8139,0
71.7847,2.56019,0,0,2.77389,0.222912,0.36288,3.6288,61.308,0.454079,0,0,0.981953,0.203522,0.324352,0.66528,12.849,1,0.455894,0.36288,0,54.7171,4.20693,50.4172,0.84672,12.849,0.84672,3695.15,0,36.966,0.27379,1.69333,1.92188,5.11894,1.02105,7.4393,0.42336,36.966,0.42336,423.524,0,1.02816,0,0,2.72149,1.69333,1.028160,1,0,58.1808,0,0,0,58.1808,0
72.29,2.55824,0,0,4.38922,0.222282,1.10337,3.6288,61.308,0.454105,0,0,1.21897,0.203522,0.561348,0.66528,12.849,1,0.457909,1.10337,0,71.1786,4.20693,67.6172,0.84672,12.849,0.84672,3695.15,0,36.966,0.273805,2.15642,1.92192,4.45031,1.02105,7.23379,0.42336,36.966,0.42336,423.524,0,1.02816,0,0,3.18458,2.15642,1.028160,1,0,75.4123,0,0,0,75.4123,0
71.9553,2.56102,0,0,2.75906,0.16986,0.36288,3.6288,61.308,0.45413,0,0,1.02747,0.216018,0.357321,0.66528,12.849,1,0.455202,0.36288,0,56.2368,4.58619,51.5583,0.84672,12.849,0.84672,3695.15,0,36.966,0.27382,1.70251,1.92197,3.94107,0.950847,6.34088,0.42336,36.966,0.42336,423.524,0,1.02816,0,0,2.73067,1.70251,1.028160,1,0,58.2565,0,0,0,58.2565,0
71.5252,2.68069,0,0,2.79781,0.184329,0.36288,3.6288,61.308,0.513387,0,0,0.982161,0.20622,0.262553,0.66528,12.849,1,0.478688,0.36288,0,54.1109,4.75141,49.2437,0.84672,12.849,0.84672,3695.15,0,36.966,0.30955,1.26335,1.92201,3.55232,0.94388,5.48425,0.42336,36.966,0.42336,423.524,0,1.02816,0,0,2.29151,1.26335,1.028160,1,0,54.9905,0,0,0,54.9905,0
70.9397,2.67831,0,0,2.62126,0.165573,0.36288,3.6288,61.308,0.513414,0,0,0.784719,0.186708,0.0845971,0.66528,12.849,1,0.481139,0.36288,0,50.6222,4.36192,46.142,0.84672,12.849,0.84672,3695.15,0,36.966,0.309566,1.27939,2.02222,3.34444,0.938554,5.39793,0.42336,36.966,0.42336,423.524,0,1.02816,0,0,2.30755,1.27939,1.028160,1,0,51.6245,0,0,0,51.6245,0
70.1619,2.67501,0,0,2.39451,0.13447,0.36288,3.6288,61.308,0.513441,0,0,0.778084,0.190357,0.074286,0.66528,12.849,1,0.484512,0.36288,0,45.2441,4.47563,40.6468,0.84672,12.849,0.84672,3695.15,0,36.966,0.309582,1.27879,2.02227,3.19465,0.903028,5.2831,0.42336,36.966,0.42336,423.524,0,1.02816,0,0,2.30695,1.27879,1.028160,1,0,46.0042,0,0,0,46.0042,0
69.3418,2.67053,0,0,2.347,0.133668,0.36288,3.6288,61.308,0.513467,0,0,0.841553,0.190357,0.137729,0.66528,12.849,1,0.489064,0.36288,0,43.3424,4.47563,38.7406,0.84672,12.849,0.84672,3695.15,0,36.966,0.309598,1.23526,2.02232,3.44234,0.903028,5.48729,0.42336,36.966,0.42336,423.524,0,1.02816,0,0,2.26342,1.23526,1.028160,1,0,44.3656,0,0,0,44.3656,0
68.7112,2.66571,0,0,2.51788,0.119933,0.36288,3.6288,61.308,0.513494,0,0,0.939591,0.216973,0.209125,0.66528,12.849,1,0.493955,0.36288,0,43.1514,4.81317,38.2072,0.84672,12.849,0.84672,3695.15,0,36.966,0.309614,1.21184,2.02236,3.11952,1.04253,5.00158,0.42336,36.966,0.42336,423.524,0,1.02816,0,0,2.24,1.21184,1.028160,1,0,43.4179,0,0,0,43.4179,0
68.4298,2.63811,0,0,2.82192,0.102243,0.36288,3.6288,61.308,0.546079,0,0,1.23614,0.25246,0.437603,0.66528,12.849,1,0.493327,0.36288,0,47.8284,5.26323,42.4348,0.84672,12.849,0.84672,3695.15,0,36.966,0.329262,1.43525,2.02241,3.17331,1.22853,5.07318,0.42336,36.966,0.42336,423.524,0,1.02816,0,0,2.46341,1.43525,1.028160,1,0,47.9456,0,0,0,47.9456,0
67.8523,2.63646,0,0,2.5238,0.102019,0.36288,3.6288,61.308,0.546107,0,0,1.09248,0.25246,0.293918,0.66528,12.849,1,0.495046,0.36288,0,50.6704,5.26323,45.275,0.84672,12.849,0.84672,3695.15,0,36.966,0.329278,1.21098,2.05748,3.08028,1.22853,4.79094,0.42336,36.966,0.42336,423.524,0,1.02816,0,0,2.23914,1.21098,1.028160,1,0,50.3599,0,0,0,50.3599,0
67.0783,2.63298,0,0,2.32345,0.101558,0.36288,3.6288,61.308,0.546134,0,0,1.10381,0.25246,0.305218,0.66528,12.849,1,0.498601,0.36288,0,45.838,5.26323,40.439,0.84672,12.849,0.84672,3695.15,0,36.966,0.329295,1.23859,2.05752,2.97502,1.22853,4.71332,0.42336,36.966,0.42336,423.524,0,1.02816,0,0,2.26675,1.23859,1.028160,1,0,45.4575,0,0,0,45.4575,0
66.2583,2.62821,0,0,2.2657,0.0946079,0.36288,3.6288,61.308,0.546162,0,0,1.02498,0.263629,0.21519,0.66528,12.849,1,0.50344,0.36288,0,42.0028,5.47598,36.3863,0.84672,12.849,0.84672,3695.15,0,36.966,0.329311,1.10002,2.05757,2.8871,1.29182,4.42357,0.42336,36.966,0.42336,423.524,0,1.02816,0,0,2.12818,1.10002,1.028160,1,0,41.0251,0,0,0,41.0251,0
65.2986,2.63127,0,0,2.12141,0.087005,0.36288,3.6288,61.308,0.551186,0,0,1.1585,0.320502,0.286815,0.66528,12.849,1,0.510263,0.36288,0,46.1633,5.64134,40.3745,0.84672,12.849,0.84672,3695.15,0,36.966,0.33234,1.38121,2.05762,2.72668,1.49115,4.34201,0.42336,36.966,0.42336,423.524,0,1.02816,0,0,2.40937,1.38121,1.028160,1,0,45.0034,0,0,0,45.0034,0
64.2028,2.62506,0,0,1.9785,0.086341,0.36288,3.6288,61.308,0.551213,0,0,1.02612,0.320502,0.154405,0.66528,12.849,1,0.516542,0.36288,0,36.5191,5.64134,30.7241,0.84672,12.849,0.84672,3695.15,0,36.966,0.332357,1.35016,2.06569,2.48882,1.49115,4.08116,0.42336,36.966,0.42336,423.524,0,1.02816,0,0,2.37832,1.35016,1.028160,1,0,34.9597,0,0,0,34.9597,0
62.9362,2.61778,0,0,1.79966,0.0855829,0.36288,3.6288,61.308,0.551241,0,0,0.963835,0.320502,0.0920922,0.66528,12.849,1,0.5239,0.36288,0,33.5804,5.64134,27.778,0.84672,12.849,0.84672,3695.15,0,36.966,0.332374,0.97797,2.06574,2.2778,1.49115,3.49798,0.42336,36.966,0.42336,423.524,0,1.02816,0,0,2.00613,0.97797,1.028160,1,0,31.3681,0,0,0,31.3681,0
61.925,2.60908,0,0,2.03611,0.0753876,0.36288,3.6288,61.308,0.551268,0,0,1.17182,0.314312,0.306238,0.66528,12.849,1,0.532668,0.36288,0,34.5336,5.78283,28.5809,0.84672,12.849,0.84672,3695.15,0,36.966,0.33239,1.68526,2.06579,3.33941,1.52803,5.23004,0.42336,36.966,0.42336,423.524,0,1.02816,0,0,2.71342,1.68526,1.028160,1,0,34.1172,0,0,0,34.1172,0
60.8379,2.77571,0,0,2.13467,0.0830963,0.36288,3.6288,61.308,0.653983,0,0,1.16662,0.307909,0.204724,0.66528,12.849,1,0.575941,0.36288,0,37.5825,5.80548,31.564,0.84672,12.849,0.84672,3695.15,0,36.966,0.394323,1.56766,2.06584,3.1751,1.47669,4.93758,0.42336,36.966,0.42336,423.524,0,1.02816,0,0,2.59582,1.56766,1.028160,1,0,36.7063,0,0,0,36.7063,0
60.002,2.76728,0,0,2.38034,0.0861436,0.36288,3.6288,61.308,0.654013,0,0,1.30696,0.326046,0.326897,0.66528,12.849,1,0.584451,0.36288,0,44.0232,5.88431,37.9173,0.84672,12.849,0.84672,3695.15,0,36.966,0.394341,1.77101,2.23238,3.07264,1.43439,5.24729,0.42336,36.966,0.42336,423.524,0,1.02816,0,0,2.79917,1.77101,1.028160,1,0,43.4915,0,0,0,43.4915,0
58.7531,2.76064,0,0,1.96017,0.0855138,0.36288,3.6288,61.308,0.654043,0,0,1.13754,0.326046,0.157454,0.66528,12.849,1,0.591171,0.36288,0,54.6526,5.88431,48.54,0.84672,12.849,0.84672,3695.15,0,36.966,0.394359,1.44519,2.23243,2.74128,1.43439,4.59015,0.42336,36.966,0.42336,423.524,0,1.02816,0,0,2.47335,1.44519,1.028160,1,0,53.2876,0,0,0,53.2876,0
57.7238,2.75039,0,0,2.16846,0.0844925,0.36288,3.6288,61.308,0.654073,0,0,1.56262,0.326046,0.582503,0.66528,12.849,1,0.601496,0.36288,0,46.857,5.88431,40.734,0.84672,12.849,0.84672,3695.15,0,36.966,0.394377,2.20965,2.23248,3.27585,1.43439,5.88921,0.42336,36.966,0.42336,423.524,0,1.02816,0,0,3.23781,2.20965,1.028160,1,0,47.2058,0,0,0,47.2058,0
56.4864,2.74168,0,0,1.96534,0.0982077,0.36288,3.6288,61.308,0.654103,0,0,1.07712,0.327253,0.0957672,0.66528,12.849,1,0.610283,0.36288,0,38.8026,5.74454,32.8106,0.84672,12.849,0.84672,3695.15,0,36.966,0.394395,1.52868,2.23253,3.43255,1.38672,5.41264,0.42336,36.966,0.42336,423.524,0,1.02816,0,0,2.55684,1.52868,1.028160,1,0,38.3191,0,0,0,38.3191,0
55.117,2.64753,0,0,1.78749,0.146475,0.36288,3.6288,61.2504,0.591798,0,0,0.869504,0.335302,0,0.66528,12.849,1,0.602236,0.36288,0,16.0671,5.47648,10.3513,0.84672,12.849,0.84672,3695.15,0,36.966,0.356828,0.645754,2.23258,3.52193,1.31414,4.7293,0.42336,36.966,0.42336,423.524,0,1.02816,0,0,1.67391,0.645754,1.028160,1,0,15.0806,0,0,0,15.0806,0
53.645,2.63546,0,0,1.67619,0.149818,0.36288,3.6288,61.2566,0.591617,0,0,0.935055,0.337192,0,0.66528,12.849,1,0.614384,0.36288,0,19.1158,5.50904,13.3553,0.84672,12.849,0.84672,3695.15,0,36.966,0.357054,0.668892,2.13627,3.70877,1.33278,4.8241,0.42336,36.966,0.42336,423.524,0,1.02816,0,0,1.69705,0.668892,1.028160,1,0,18.1794,0,0,0,18.1794,0
52.3777,2.62192,0,0,1.86508,0.147606,0.36288,3.6288,61.308,0.591668,0,0,1.05036,0.337205,0.0701409,0.66528,12.849,1,0.627999,0.36288,0,28.8212,5.50904,23.0471,0.84672,12.849,0.84672,3695.15,0,36.966,0.357049,0.895311,2.13632,4.27887,1.33278,5.62068,0.42336,36.966,0.42336,423.524,0,1.02816,0,0,1.92347,0.895311,1.028160,1,0,28.7379,0,0,0,28.7379,0
51.2786,2.60977,0,0,2.01926,0.145701,0.36288,3.6288,61.308,0.591883,0,0,1.33456,0.337315,0.405362,0.66528,12.849,1,0.640215,0.36288,0,67.2748,5.50904,61.4885,0.84672,12.849,0.84672,3695.15,0,36.966,0.356879,0.987172,2.13637,5.66616,1.33278,7.10005,0.42336,36.966,0.42336,423.524,0,1.02816,0,0,2.01533,0.987172,1.028160,1,0,68.9939,0,0,0,68.9939,0
49.8403,2.53173,0,0,1.69868,0.242422,0.36288,3.6288,61.308,0.535167,0,0,0.874159,0.250184,0.0888081,0.66528,12.849,1,0.634381,0.36288,0,48.3964,4.34553,43.7793,0.84672,12.849,0.84672,3695.15,0,36.966,0.322682,0.657098,2.13642,4.9966,1.11167,6.35576,0.42336,36.966,0.42336,423.524,0,1.02816,0,0,1.68526,0.657098,1.028160,1,0,50.2239,0,0,0,50.2239,0
48.0716,2.51723,0,0,1.35061,0.239162,0.36288,3.6288,60.8763,0.767146,0,0,0.566973,0.231539,0,0.66528,12.849,1,0.648951,0.36288,0,39.6916,3.96406,35.4414,0.84672,12.849,0.84672,3695.15,0,36.966,0.42336,0.216518,2.05046,4.22045,1.0388,5.02527,0.42336,36.966,0.42336,423.524,0,0.695546,0,0,0.912064,0.216518,1.028160,1,0,40.4667,0,0,0,40.4667,0
47.9069,2.49845,0,0,2.93128,0.234646,0.36288,3.6288,61.2951,0.533797,0,0,1.1835,0.230907,0,0.66528,12.849,1,0.667807,0.36288,0,59.3895,3.96406,55.1205,0.84672,12.849,0.84672,3695.15,0,36.966,0.324138,1.01428,2.05051,6.10349,1.0388,7.80533,0.42336,36.966,0.42336,423.524,0,1.02816,0,0,2.04244,1.01428,1.028160,1,0,62.9258,0,0,0,62.9258,0
50.8027,2.49669,0,0,5.9896,0.234224,0.36288,3.6288,61.308,0.535206,0,0,2.29031,0.23152,1.51066,0.66528,12.849,1,0.669632,0.36288,0,118.964,3.96406,114.693,0.84672,12.849,0.84672,3695.15,0,36.966,0.322773,3.43276,2.05055,9.79952,1.0388,13.9213,0.42336,36.966,0.42336,423.524,0,1.02816,0,0,4.46092,3.43276,1.028160,1,0,130.125,0,0,0,130.125,0
52.7237,2.38396,0,0,4.90031,0.232527,0.36288,3.6288,61.308,0.438402,0,0,2.58698,0.190288,1.95829,0.66528,12.849,1,0.60295,0.36288,0,115.308,3.68113,111.387,0.84672,12.849,0.84672,3695.15,0,36.966,0.264337,2.60075,2.0506,7.27906,0.875477,10.7906,0.42336,36.966,0.42336,423.524,0,1.02816,0,0,3.62891,2.60075,1.028160,1,0,124.135,0,0,0,124.135,0
53.736,2.40168,0,0,3.99686,0.219973,0.36288,3.6288,61.308,0.438427,0,0,2.14829,0.155302,1.55456,0.66528,12.849,1,0.585301,0.36288,0,110.646,3.57641,106.848,0.84672,12.849,0.84672,3695.15,0,36.966,0.264352,2.10385,1.89704,7.98139,0.790108,10.9278,0.42336,36.966,0.42336,423.524,0,1.02816,0,0,3.13201,2.10385,1.028160,1,0,119.33,0,0,0,119.33,0
54.1666,2.41063,0,0,3.42634,0.222262,0.36288,3.6288,61.308,0.438452,0,0,2.52553,0.155302,1.93178,0.66528,12.849,1,0.576415,0.36288,0,115.69,3.57641,111.901,0.84672,12.849,0.84672,3695.15,0,36.966,0.264367,3.03544,1.89708,8.31721,0.790108,12.1953,0.42336,36.966,0.42336,423.524,0,1.02816,0,0,4.0636,3.03544,1.028160,1,0,126.028,0,0,0,126.028,0
55.3905,2.41439,0,0,4.26457,0.263315,0.36288,3.6288,61.308,0.438477,0,0,4.9828,0.201325,4.343,0.66528,12.849,1,0.572725,0.36288,0,129.955,4.0171,125.728,0.84672,12.849,0.84672,3695.15,0,36.966,0.264382,3.78656,1.89713,9.54779,0.936536,14.0306,0.42336,36.966,0.42336,423.524,0,1.02816,0,0,4.81472,3.78656,1.028160,1,0,144.102,0,0,0,144.102,0
58.1845,2.42472,0,0,5.8582,0.276644,0.36288,3.6288,61.308,0.438502,0,0,4.75178,0.226469,4.0868,0.66528,12.849,1,0.562466,0.36288,0,173.102,4.36533,168.537,0.84672,12.849,0.84672,3695.15,0,36.966,0.264397,2.85417,1.89717,8.80227,1.06901,12.2202,0.42336,36.966,0.42336,423.524,0,1.02816,0,0,3.88233,2.85417,1.028160,1,0,184.844,0,0,0,184.844,0
59.2524,2.52355,0,0,4.20066,0.246346,0.36288,3.6288,61.308,0.473444,0,0,1.57508,0.266873,0.834764,0.66528,12.849,1,0.557282,0.36288,0,89.3281,5.397,83.7367,0.84672,12.849,0.84672,3695.15,0,36.966,0.285466,1.61091,1.89722,4.82892,1.5124,6.53918,0.42336,36.966,0.42336,423.524,0,1.02816,0,0,2.63907,1.61091,1.028160,1,0,91.1106,0,0,0,91.1106,0
60.2964,2.53185,0,0,4.1877,0.248906,0.36288,3.6288,61.308,0.473463,0,0,2.1871,0.266873,1.44677,0.66528,12.849,1,0.549037,0.36288,0,88.6421,5.397,83.0589,0.84672,12.849,0.84672,3695.15,0,36.966,0.285477,2.15717,1.95804,4.49759,1.5124,6.81491,0.42336,36.966,0.42336,423.524,0,1.02816,0,0,3.18533,2.15717,1.028160,1,0,91.3206,0,0,0,91.3206,0
61.4134,2.53973,0,0,4.27095,0.251409,0.36288,3.6288,61.308,0.473483,0,0,1.64274,0.266873,0.902385,0.66528,12.849,1,0.54121,0.36288,0,90.0815,5.397,84.5062,0.84672,12.849,0.84672,3695.15,0,36.966,0.285489,1.72625,1.95807,3.90791,1.5124,5.79434,0.42336,36.966,0.42336,423.524,0,1.02816,0,0,2.75441,1.72625,1.028160,1,0,91.2029,0,0,0,91.2029,0
61.6367,2.54792,0,0,3.38786,0.253757,0.36288,3.6288,61.308,0.473502,0,0,1.58203,0.266873,0.841652,0.66528,12.849,1,0.533079,0.36288,0,85.3425,5.397,79.7753,0.84672,12.849,0.84672,3695.15,0,36.966,0.285501,1.34655,1.95811,2.89303,1.5124,4.39979,0.42336,36.966,0.42336,423.524,0,1.02816,0,0,2.37471,1.34655,1.028160,1,0,85.0167,0,0,0,85.0167,0
62.6826,2.74298,0,0,4.433,0.281166,0.36288,3.6288,61.308,0.580011,0,0,1.38789,0.302277,0.505599,0.66528,12.849,1,0.571812,0.36288,0,90.777,4.55777,86.0103,0.84672,12.849,0.84672,3695.15,0,36.966,0.349721,1.03276,1.95814,2.73669,1.26061,4.11726,0.42336,36.966,0.42336,423.524,0,1.02816,0,0,2.06092,1.03276,1.028160,1,0,90.6332,0,0,0,90.6332,0
64.6548,2.75095,0,0,5.36456,0.278565,0.36288,3.6288,61.308,0.580032,0,0,1.85453,0.268125,1.00638,0.66528,12.849,1,0.563904,0.36288,0,99.6469,4.00878,95.437,0.84672,12.849,0.84672,3695.15,0,36.966,0.349734,2.37982,2.13386,3.40469,1.14921,6.41942,0.42336,36.966,0.42336,423.524,0,1.02816,0,0,3.40798,2.37982,1.028160,1,0,102.863,0,0,0,102.863,0
65.5968,2.76535,0,0,4.36608,0.29585,0.36288,3.6288,61.308,0.580053,0,0,1.28987,0.246124,0.463697,0.66528,12.849,1,0.549564,0.36288,0,102.04,3.84405,98.0094,0.84672,12.849,0.84672,3695.15,0,36.966,0.349746,1.36058,2.1339,2.73278,1.10985,4.76766,0.42336,36.966,0.42336,423.524,0,1.02816,0,0,2.38874,1.36058,1.028160,1,0,103.241,0,0,0,103.241,0
66.5061,2.772,0,0,4.34226,0.298095,0.36288,3.6288,61.308,0.580075,0,0,1.43127,0.246124,0.605069,0.66528,12.849,1,0.542974,0.36288,0,100.493,3.84405,96.4686,0.84672,12.849,0.84672,3695.15,0,36.966,0.349759,1.87027,2.13393,2.92418,1.10985,5.46877,0.42336,36.966,0.42336,423.524,0,1.02816,0,0,2.89843,1.87027,1.028160,1,0,102.542,0,0,0,102.542,0
66.767,2.47497,0,0,3.40176,0.302986,0.36288,3.6288,61.308,0.428761,0,0,1.13578,0.218869,0.48815,0.66528,12.849,1,0.478166,0.36288,0,77.0171,3.06517,73.8367,0.84672,12.849,0.84672,3695.15,0,36.966,0.258524,1.07195,2.13397,2.98028,0.77447,5.1532,0.42336,36.966,0.42336,423.524,0,1.02816,0,0,2.10011,1.07195,1.028160,1,0,79.478,0,0,0,79.478,0
66.3884,2.47658,0,0,2.76553,0.304705,0.36288,3.6288,61.308,0.42878,0,0,0.983431,0.207968,0.346683,0.66528,12.849,1,0.476607,0.36288,0,83.236,2.75363,80.3687,0.84672,12.849,0.84672,3695.15,0,36.966,0.258535,0.871603,1.87877,2.73427,0.640319,4.58579,0.42336,36.966,0.42336,423.524,0,1.02816,0,0,1.89976,0.871603,1.028160,1,0,85.3012,0,0,0,85.3012,0
66.0512,2.23006,0,0,2.55959,0.303792,0.36288,3.6288,61.308,0.325218,0,0,0.946633,0.207968,0.413447,0.66528,12.849,1,0.431612,0.36288,0,86.7905,2.75363,83.9682,0.84672,12.849,0.84672,3695.15,0,36.966,0.196092,0.608429,1.8788,2.4914,0.640319,4.14222,0.42336,36.966,0.42336,423.524,0,1.02483,0,0,1.63325,0.608429,1.028160,1,0,88.5238,0,0,0,88.5238,0
69.1502,2.22825,0,0,5.98724,0.297104,0.36288,3.6288,61.308,0.323155,0,0,1.5428,0.241285,0.978362,0.66528,12.849,1,0.433464,0.36288,0,80.0669,3.49408,76.5022,0.84672,12.849,0.84672,3695.15,0,36.966,0.194848,1.75827,1.69334,6.11211,0.842155,8.52673,0.42336,36.966,0.42336,423.524,0,1.02816,0,0,2.78643,1.75827,1.028160,1,0,86.0073,0,0,0,86.0073,0
70.4236,2.49057,0,0,4.40419,0.277345,0.36288,3.6288,61.308,0.428836,0,0,1.20963,0.204026,0.576765,0.66528,12.849,1,0.462779,0.36288,0,151.82,3.97013,147.75,0.84672,12.849,0.84672,3695.15,0,36.966,0.258569,1.42341,1.69337,4.27377,0.886597,6.24539,0.42336,36.966,0.42336,423.524,0,1.02816,0,0,2.45157,1.42341,1.028160,1,0,154.572,0,0,0,154.572,0
71.8404,2.58895,0,0,4.69328,0.324704,0.36288,3.6288,61.308,0.4719,0,0,1.21151,0.146181,0.593425,0.66528,12.849,1,0.472361,0.36288,0,130.404,2.54677,127.748,0.84672,12.849,0.84672,3695.15,0,36.966,0.284534,1.41671,1.8789,4.12038,0.50705,6.62441,0.42336,36.966,0.42336,423.524,0,1.02816,0,0,2.44487,1.41671,1.028160,1,0,134.966,0,0,0,134.966,0
72.081,2.59689,0,0,3.52862,0.328245,0.36288,3.6288,61.308,0.471919,0,0,0.745933,0.146181,0.127833,0.66528,12.849,1,0.464467,0.36288,0,81.1607,2.54677,78.5123,0.84672,12.849,0.84672,3695.15,0,36.966,0.284546,0.743049,1.95247,3.35142,0.50705,5.25534,0.42336,36.966,0.42336,423.524,0,1.02816,0,0,1.77121,0.743049,1.028160,1,0,83.8955,0,0,0,83.8955,0
72.1199,2.59825,0,0,3.32889,0.328846,0.36288,3.6288,61.308,0.471938,0,0,0.809273,0.146181,0.191154,0.66528,12.849,1,0.463159,0.36288,0,93.6619,2.54677,91.0149,0.84672,12.849,0.84672,3695.15,0,36.966,0.284558,0.753987,1.9525,3.371,0.50705,5.28588,0.42336,36.966,0.42336,423.524,0,1.02816,0,0,1.78215,0.753987,1.028160,1,0,96.4919,0,0,0,96.4919,0
71.8557,2.59851,0,0,2.97267,0.275445,0.36288,3.6288,61.308,0.471958,0,0,0.762419,0.174727,0.115734,0.66528,12.849,1,0.462955,0.36288,0,86.4588,2.89579,83.4629,0.84672,12.849,0.84672,3695.15,0,36.966,0.28457,0.721829,1.95253,3.47815,0.575751,5.2922,0.42336,36.966,0.42336,423.524,0,1.02816,0,0,1.74999,0.721829,1.028160,1,0,88.8708,0,0,0,88.8708,0
71.4218,2.56132,0,0,2.76956,0.279227,0.36288,3.6288,61.308,0.455258,0,0,1.01362,0.164654,0.393707,0.66528,12.849,1,0.458007,0.36288,0,74.5191,3.72571,70.6983,0.84672,12.849,0.84672,3695.15,0,36.966,0.2745,1.17028,1.95257,2.96042,0.76071,5.04806,0.42336,36.966,0.42336,423.524,0,1.02816,0,0,2.19844,1.17028,1.028160,1,0,76.1401,0,0,0,76.1401,0
71.2351,2.55901,0,0,3.01346,0.278305,0.36288,3.6288,61.308,0.455277,0,0,1.0708,0.164654,0.450868,0.66528,12.849,1,0.460373,0.36288,0,71.4424,3.72571,67.6192,0.84672,12.849,0.84672,3695.15,0,36.966,0.274512,1.16411,1.92399,3.23571,0.76071,5.28859,0.42336,36.966,0.42336,423.524,0,1.02816,0,0,2.19227,1.16411,1.028160,1,0,73.3587,0,0,0,73.3587,0
70.7258,2.55803,0,0,2.68388,0.272235,0.36288,3.6288,61.308,0.455296,0,0,1.00723,0.162588,0.38935,0.66528,12.849,1,0.461403,0.36288,0,78.2145,3.62545,74.4905,0.84672,12.849,0.84672,3695.15,0,36.966,0.274523,1.15633,1.92402,3.35261,0.749966,5.40847,0.42336,36.966,0.42336,423.524,0,1.02816,0,0,2.18449,1.15633,1.028160,1,0,80.2883,0,0,0,80.2883,0
70.1963,2.55526,0,0,2.61958,0.231024,0.36288,3.6288,61.308,0.455315,0,0,0.989747,0.175702,0.358729,0.66528,12.849,1,0.464223,0.36288,0,68.891,3.65785,65.1318,0.84672,12.849,0.84672,3695.15,0,36.966,0.274535,1.10664,1.92406,3.10936,0.791917,5.0736,0.42336,36.966,0.42336,423.524,0,1.02816,0,0,2.1348,1.10664,1.028160,1,0,70.5642,0,0,0,70.5642,0
69.3977,2.67342,0,0,2.40605,0.168362,0.36288,3.6288,61.308,0.51463,0,0,1.04661,0.211138,0.320838,0.66528,12.849,1,0.489353,0.36288,0,64.8181,4.4973,60.1944,0.84672,12.849,0.84672,3695.15,0,36.966,0.310299,1.46762,1.92409,2.77496,0.991331,4.86503,0.42336,36.966,0.42336,423.524,0,1.02816,0,0,2.49578,1.46762,1.028160,1,0,65.3802,0,0,0,65.3802,0
68.6078,2.66871,0,0,2.41132,0.169613,0.36288,3.6288,61.308,0.51465,0,0,1.07038,0.203442,0.352292,0.66528,12.849,1,0.494113,0.36288,0,61.4359,4.59617,56.7085,0.84672,12.849,0.84672,3695.15,0,36.966,0.310311,1.26645,2.0244,2.53301,1.01187,4.50168,0.42336,36.966,0.42336,423.524,0,1.02816,0,0,2.29461,1.26645,1.028160,1,0,61.5625,0,0,0,61.5625,0
67.6045,2.66397,0,0,2.19214,0.168574,0.36288,3.6288,61.308,0.51467,0,0,1.0282,0.203442,0.310091,0.66528,12.849,1,0.498914,0.36288,0,58.8347,4.59617,54.1025,0.84672,12.849,0.84672,3695.15,0,36.966,0.310323,0.76578,2.02444,2.44693,1.01187,3.91495,0.42336,36.966,0.42336,423.524,0,1.02816,0,0,1.79394,0.76578,1.028160,1,0,58.3275,0,0,0,58.3275,0
66.3579,2.65779,0,0,1.94135,0.167254,0.36288,3.6288,61.308,0.514691,0,0,0.922234,0.203442,0.204101,0.66528,12.849,1,0.505144,0.36288,0,50.7352,4.59617,45.9968,0.84672,12.849,0.84672,3695.15,0,36.966,0.310336,0.557237,2.02447,2.30361,1.01187,3.56312,0.42336,36.966,0.42336,423.524,0,1.02816,0,0,1.5854,0.557237,1.028160,1,0,49.764,0,0,0,49.764,0
65.0682,2.64989,0,0,1.87103,0.147915,0.36288,3.6288,61.308,0.514711,0,0,0.87861,0.211106,0.152793,0.66528,12.849,1,0.513103,0.36288,0,42.9625,4.60751,38.2048,0.84672,12.849,0.84672,3695.15,0,36.966,0.310348,0.621389,2.02451,2.12323,1.02528,3.4335,0.42336,36.966,0.42336,423.524,0,1.02816,0,0,1.64955,0.621389,1.028160,1,0,41.7911,0,0,0,41.7911,0
63.9125,2.5661,0,0,1.9016,0.128342,0.36288,3.6288,61.308,0.523851,0,0,0.846495,0.211395,0.111249,0.66528,12.849,1,0.506726,0.36288,0,34.6918,4.33272,30.2152,0.84672,12.849,0.84672,3695.15,0,36.966,0.315859,0.605517,2.02454,1.86479,0.983777,3.19522,0.42336,36.966,0.42336,423.524,0,1.02816,0,0,1.63368,0.605517,1.028160,1,0,33.5217,0,0,0,33.5217,0
62.5845,2.55851,0,0,1.72052,0.127152,0.36288,3.6288,61.308,0.523872,0,0,0.785575,0.211395,0.0503077,0.66528,12.849,1,0.514364,0.36288,0,31.1534,4.33272,26.6692,0.84672,12.849,0.84672,3695.15,0,36.966,0.315871,0.402875,2.01896,1.78851,0.983777,2.9107,0.42336,36.966,0.42336,423.524,0,1.02816,0,0,1.43103,0.402875,1.028160,1,0,29.6302,0,0,0,29.6302,0
61.212,2.5495,0,0,1.63918,0.0993252,0.36288,3.6288,61.2502,0.523892,0,0,0.743308,0.27721,0,0.66528,12.849,1,0.523429,0.36288,0,28.2226,5.17962,22.8825,0.84672,12.849,0.84672,3695.15,0,36.966,0.315884,0.409864,2.019,1.6945,1.29291,2.51457,0.42336,36.966,0.42336,423.524,0,1.02816,0,0,1.43802,0.409864,1.028160,1,0,25.397,0,0,0,25.397,0
59.6706,2.53984,0,0,1.45524,0.0938484,0.36288,3.6288,61.1334,0.523726,0,0,0.69501,0.288074,0,0.66528,12.849,1,0.533138,0.36288,0,25.8129,5.32077,20.3218,0.84672,12.849,0.84672,3695.15,0,36.966,0.316082,0.370535,2.01903,1.63865,1.34443,2.3677,0.42336,36.966,0.42336,423.524,0,1.02816,0,0,1.39869,0.370535,1.028160,1,0,22.6895,0,0,0,22.6895,0
58.2745,2.58757,0,0,1.63551,0.0812296,0.36288,3.6288,60.9259,0.551816,0,0,0.652009,0.307731,0,0.66528,12.849,1,0.557186,0.36288,0,29.2149,5.55684,23.4637,0.84672,12.849,0.84672,3695.15,0,36.966,0.33367,0.414513,2.01907,1.57096,1.41267,2.2582,0.42336,36.966,0.42336,423.524,0,1.02816,0,0,1.44267,0.414513,1.028160,1,0,25.7219,0,0,0,25.7219,0
56.7471,2.57668,0,0,1.49046,0.0782753,0.36288,3.6288,60.6846,0.551129,0,0,0.620478,0.310634,0,0.66528,12.849,1,0.568134,0.36288,0,28.5258,5.59619,22.7244,0.84672,12.849,0.84672,3695.15,0,36.966,0.33439,0.42533,2.06781,1.51622,1.42404,2.25093,0.42336,36.966,0.42336,423.524,0,1.02816,0,0,1.45349,0.42533,1.028160,1,0,24.9753,0,0,0,24.9753,0
55.1455,2.56425,0,0,1.40263,0.0771127,0.36288,3.6288,60.4199,0.550323,0,0,0.595795,0.310159,0,0.66528,12.849,1,0.580612,0.36288,0,26.581,5.59619,20.767,0.84672,12.849,0.84672,3695.15,0,36.966,0.335229,0.270613,2.06785,1.47782,1.42404,2.05701,0.42336,36.966,0.42336,423.524,0,1.02816,0,0,1.29877,0.270613,1.028160,1,0,22.8241,0,0,0,22.8241,0
53.4345,2.55062,0,0,1.27841,0.0758937,0.36288,3.6288,60.113,0.567455,0,0,0.570161,0.309638,0,0.66528,12.849,1,0.594299,0.36288,0,22.1476,5.59619,16.32,0.84672,12.849,0.84672,3695.15,0,36.966,0.347179,0.227405,2.06788,1.39008,1.42404,1.91415,0.42336,36.966,0.42336,423.524,0,0.999112,0,0,1.22652,0.227405,1.028160,1,0,18.2341,0,0,0,18.2341,0
51.5075,2.70465,0,0,1.22107,0.0805314,0.36288,3.6288,59.7168,0.666067,0,0,0.571008,0.301153,0,0.66528,12.849,1,0.650366,0.36288,0,21.1316,5.37183,15.4723,0.84672,12.849,0.84672,3695.15,0,36.966,0.409593,0.227405,2.06792,1.23794,1.40656,1.71712,0.42336,36.966,0.42336,423.524,0,1.00289,0,0,1.23029,0.227405,1.028160,1,0,17.1894,0,0,0,17.1894,0
49.8144,2.68522,0,0,1.44459,0.0896249,0.36288,3.6288,59.3757,0.648801,0,0,0.592571,0.284787,0,0.66528,12.849,1,0.669852,0.36288,0,24.0218,5.06163,18.6532,0.84672,12.849,0.84672,3695.15,0,36.966,0.401623,0.271512,2.23462,1.55252,1.29778,2.35924,0.42336,36.966,0.42336,423.524,0,1.02816,0,0,1.29967,0.271512,1.028160,1,0,21.0124,0,0,0,21.0124,0
47.9644,2.66717,0,0,1.26812,0.0880454,0.36288,3.6288,59.0382,0.647402,0,0,0.594012,0.284167,0,0.66528,12.849,1,0.687963,0.36288,0,22.6671,5.06163,17.2804,0.84672,12.849,0.84672,3695.15,0,36.966,0.403058,0.229703,2.23465,1.14128,1.29778,1.9048,0.42336,36.966,0.42336,423.524,0,1.02816,0,0,1.25786,0.229703,1.028160,1,0,19.1852,0,0,0,19.1852,0
45.867,2.64629,0,0,1.01012,0.0983801,0.36288,3.6288,58.5568,0.713243,0,0,0.515657,0.283793,0,0.66528,12.849,1,0.708903,0.36288,0,21.6062,5.12823,16.132,0.84672,12.849,0.84672,3695.15,0,36.966,0.42336,0.204422,2.23469,1.01414,1.28474,1.74515,0.42336,36.966,0.42336,423.524,0,0.942054,0,0,1.14648,0.204422,1.028160,1,0,17.8771,0,0,0,17.8771,0
43.9427,2.62101,0,0,1.16053,0.10092,0.36288,3.6288,58.15,0.689873,0,0,0.570032,0.286955,0,0.66528,12.849,1,0.734239,0.36288,0,18.4978,5.17081,12.9556,0.84672,12.849,0.84672,3695.15,0,36.966,0.42336,0.204422,2.23473,1.00997,1.27293,1.75284,0.42336,36.966,0.42336,423.524,0,0.96546,0,0,1.16988,0.204422,1.028160,1,0,14.7085,0,0,0,14.7085,0
41.892,2.51696,0,0,0.94449,0.115343,0.36288,3.6288,58.1131,0.581128,0,0,0.854316,0.310136,0,0.66528,12.849,1,0.735969,0.36288,0,14.7236,5.35973,8.99078,0.84672,12.849,0.84672,3695.15,0,36.966,0.369424,1.00648,2.23477,0.926122,1.21508,2.58287,0.42336,36.966,0.42336,423.524,0,1.02816,0,0,2.03464,1.00648,1.028160,1,0,11.5737,0,0,0,11.5737,0
39.7467,2.48944,0,0,0.819616,0.112642,0.36288,3.6288,57.6658,0.609929,0,0,0.472745,0.310062,0,0.66528,12.849,1,0.763553,0.36288,0,15.1184,5.35973,9.35796,0.84672,12.849,0.84672,3695.15,0,36.966,0.387979,0.204422,2.13835,0.686937,1.21508,1.42666,0.42336,36.966,0.42336,423.524,0,0.980839,0,0,1.18526,0.204422,1.028160,1,0,10.7846,0,0,0,10.7846,0
37.6129,2.45833,0,0,0.797282,0.10982,0.36288,3.6288,57.1059,0.688095,0,0,0.437346,0.309167,0,0.66528,12.849,1,0.794711,0.36288,0,13.8104,5.35973,8.01888,0.84672,12.849,0.84672,3695.15,0,36.966,0.42336,0.216518,2.13839,0.674993,1.21508,1.39146,0.42336,36.966,0.42336,423.524,0,0.867326,0,0,1.08384,0.216518,1.028160,1,0,9.41034,0,0,0,9.41034,0
36.2231,2.42477,0,0,1.60279,0.204978,0.36288,3.6288,57.2621,0.577091,0,0,0.938001,0.204737,0,0.66528,12.849,1,0.82833,0.36288,0,37.5498,3.90631,33.178,0.84672,12.849,0.84672,3695.15,0,36.966,0.373565,0.529667,2.13843,1.7007,0.760792,3.23444,0.42336,36.966,0.42336,423.524,0,1.02816,0,0,1.55783,0.529667,1.028160,1,0,36.4125,0,0,0,36.4125,0
36.3648,2.33932,0,0,3.00872,0.164838,0.36288,3.6288,57.8767,0.522402,0,0,1.39338,0.2564,0,0.66528,12.849,1,0.829801,0.36288,0,77.2126,3.76322,72.9824,0.84672,12.849,0.84672,3695.15,0,36.966,0.337241,2.18046,2.13846,2.75255,0.959639,5.7746,0.42336,36.966,0.42336,423.524,0,1.02816,0,0,3.20862,2.18046,1.028160,1,0,78.757,0,0,0,78.757,0
35.7759,2.34175,0,0,2.34729,0.231518,0.36288,3.6288,58.2301,0.524608,0,0,1.18037,0.30229,0,0.66528,12.849,1,0.827426,0.36288,0,59.2348,4.83126,53.939,0.84672,12.849,0.84672,3695.15,0,36.966,0.335069,0.934407,2.05241,2.73912,1.25532,4.13555,0.42336,36.966,0.42336,423.524,0,1.02816,0,0,1.96257,0.934407,1.028160,1,0,58.0745,0,0,0,58.0745,0
35.3493,2.33177,0,0,2.49799,0.229891,0.36288,3.6288,58.3262,0.525872,0,0,0.924947,0.30298,0,0.66528,12.849,1,0.837461,0.36288,0,21.8736,4.83126,16.5678,0.84672,12.849,0.84672,3695.15,0,36.966,0.333837,0.84977,2.05245,2.02941,1.25532,3.34247,0.42336,36.966,0.42336,423.524,0,1.02816,0,0,1.87793,0.84977,1.028160,1,0,19.9103,0,0,0,19.9103,0
34.811,2.3244,0,0,2.37768,0.228713,0.36288,3.6288,58.7925,0.526229,0,0,1.29571,0.303168,0,0.66528,12.849,1,0.844887,0.36288,0,24.8725,4.83126,19.5592,0.84672,12.849,0.84672,3695.15,0,36.966,0.333513,1.71552,2.05248,2.45975,1.25532,4.63892,0.42336,36.966,0.42336,423.524,0,1.02816,0,0,2.74368,1.71552,1.028160,1,0,24.1981,0,0,0,24.1981,0
35.0401,2.18368,0,0,2.98729,0.211609,0.36288,3.6288,59.1567,0.432446,0,0,1.06285,0.266291,0,0.66528,12.849,1,0.806011,0.36288,0,47.3174,4.68956,42.1847,0.84672,12.849,0.84672,3695.15,0,36.966,0.271902,0.680054,2.05252,2.46216,1.17773,3.7451,0.42336,36.966,0.42336,423.524,0,1.02816,0,0,1.70821,0.680054,1.028160,1,0,45.9298,0,0,0,45.9298,0
35.3109,1.9716,0,0,2.79651,0.191318,0.36288,3.6288,59.6532,0.328225,0,0,1.04115,0.216413,0,0.66528,12.849,1,0.722972,0.36288,0,67.6947,4.50061,62.834,0.84672,12.849,0.84672,3695.15,0,36.966,0.205102,0.668036,1.8988,2.31443,1.07428,3.60189,0.42336,36.966,0.42336,423.524,0,1.02816,0,0,1.6962,0.668036,1.028160,1,0,66.4359,0,0,0,66.4359,0
35.7301,1.97569,0,0,2.94979,0.191946,0.36288,3.6288,60.0359,0.329296,0,0,0.929111,0.217102,0,0.66528,12.849,1,0.71892,0.36288,0,57.108,4.50061,52.2513,0.84672,12.849,0.84672,3695.15,0,36.966,0.204059,0.413355,1.71137,2.86799,1.07428,3.71437,0.42336,36.966,0.42336,423.524,0,1.02816,0,0,1.44151,0.413355,1.028160,1,0,55.9657,0,0,0,55.9657,0
36.4301,1.98193,0,0,3.22804,0.183273,0.36288,3.6288,60.5703,0.330118,0,0,1.0907,0.226138,0,0.66528,12.849,1,0.712728,0.36288,0,78.1238,4.03791,73.7361,0.84672,12.849,0.84672,3695.15,0,36.966,0.203264,0.966712,1.7114,2.766,1.00249,4.23835,0.42336,36.966,0.42336,423.524,0,1.02816,0,0,1.99487,0.966712,1.028160,1,0,77.9744,0,0,0,77.9744,0
41.152,1.99209,0,0,7.26274,0.185866,0.36288,3.6288,61.308,0.331248,0,0,1.83317,0.231456,0.532785,0.66528,12.849,1,0.702617,0.36288,0,112.741,4.41273,107.988,0.84672,12.849,0.84672,3695.15,0,36.966,0.20216,3.02965,1.71143,4.9388,1.02931,8.4484,0.42336,36.966,0.42336,423.524,0,1.02816,0,0,4.05781,3.02965,1.028160,1,0,116.969,0,0,0,116.969,0
41.2043,2.11789,0,0,2.79049,0.257437,0.36288,3.6288,61.308,0.364281,0,0,1.60853,0.141354,1.1029,0.66528,12.849,1,0.661276,0.36288,0,68.0015,3.71931,63.9838,0.84672,12.849,0.84672,3695.15,0,36.966,0.219645,1.79637,1.71146,4.22517,0.807567,6.70578,0.42336,36.966,0.42336,423.524,0,1.02816,0,0,2.82453,1.79637,1.028160,1,0,71.7925,0,0,0,71.7925,0
42.2127,2.11856,0,0,3.75454,0.264619,0.36288,3.6288,61.308,0.364293,0,0,2.18401,0.108582,1.71114,0.66528,12.849,1,0.660644,0.36288,0,89.5787,3.24849,86.0324,0.84672,12.849,0.84672,3695.15,0,36.966,0.219652,2.7609,1.76631,6.68586,0.56715,10.4263,0.42336,36.966,0.42336,423.524,0,1.02816,0,0,3.78906,2.7609,1.028160,1,0,98.1698,0,0,0,98.1698,0
42.3816,2.13068,0,0,2.93021,0.267764,0.36288,3.6288,61.308,0.364305,0,0,1.9157,0.108582,1.44281,0.66528,12.849,1,0.648552,0.36288,0,60.695,3.24849,57.1609,0.84672,12.849,0.84672,3695.15,0,36.966,0.21966,2.28708,1.76634,4.88696,0.56715,8.15356,0.42336,36.966,0.42336,423.524,0,1.02816,0,0,3.31524,2.28708,1.028160,1,0,66.7573,0,0,0,66.7573,0
42.7992,2.13269,0,0,3.1814,0.268291,0.36288,3.6288,61.308,0.364317,0,0,1.89033,0.108582,1.41743,0.66528,12.849,1,0.646577,0.36288,0,64.9776,3.24849,61.4454,0.84672,12.849,0.84672,3695.15,0,36.966,0.219667,2.18303,1.76636,5.28001,0.56715,8.44257,0.42336,36.966,0.42336,423.524,0,1.02816,0,0,3.21119,2.18303,1.028160,1,0,71.3054,0,0,0,71.3054,0
43.7425,2.34606,0,0,3.92871,0.27644,0.36288,3.6288,61.308,0.482583,0,0,2.03273,0.146957,1.40319,0.66528,12.849,1,0.704326,0.36288,0,82.6753,3.92133,78.4125,0.84672,12.849,0.84672,3695.15,0,36.966,0.290976,2.49709,1.76638,5.97031,0.88643,9.05637,0.42336,36.966,0.42336,423.524,0,1.02816,0,0,3.52525,2.49709,1.028160,1,0,88.8721,0,0,0,88.8721,0
45.7186,2.35783,0,0,4.96747,0.270673,0.36288,3.6288,61.308,0.482596,0,0,2.08079,0.184407,1.41379,0.66528,12.849,1,0.692594,0.36288,0,112.742,4.29712,108.116,0.84672,12.849,0.84672,3695.15,0,36.966,0.290984,2.5945,1.96365,8.4535,1.15435,11.5663,0.42336,36.966,0.42336,423.524,0,1.02816,0,0,3.62266,2.5945,1.028160,1,0,121.096,0,0,0,121.096,0
47.221,2.38123,0,0,4.52852,0.281971,0.36288,3.6288,61.308,0.482609,0,0,2.39503,0.17191,1.74051,0.66528,12.849,1,0.669233,0.36288,0,116.637,3.87748,112.453,0.84672,12.849,0.84672,3695.15,0,36.966,0.290992,3.2777,1.96367,6.92914,1.01389,10.8656,0.42336,36.966,0.42336,423.524,0,1.02816,0,0,4.30586,3.2777,1.028160,1,0,125.059,0,0,0,125.059,0
48.5364,2.39799,0,0,4.36686,0.29066,0.36288,3.6288,61.308,0.482623,0,0,2.45233,0.162538,1.80717,0.66528,12.849,1,0.652502,0.36288,0,130.787,3.56276,126.935,0.84672,12.849,0.84672,3695.15,0,36.966,0.291,3.3217,1.9637,8.05791,0.908543,12.1438,0.42336,36.966,0.42336,423.524,0,1.02816,0,0,4.34986,3.3217,1.028160,1,0,140.886,0,0,0,140.886,0
50.8189,2.10627,0,0,5.02995,0.27823,0.36288,3.6288,61.308,0.32393,0,0,2.9591,0.229261,2.4059,0.66528,12.849,1,0.557591,0.36288,0,147.025,4.18543,142.645,0.84672,12.849,0.84672,3695.15,0,36.966,0.195315,4.07682,1.96372,9.29776,1.16449,13.9785,0.42336,36.966,0.42336,423.524,0,1.02816,0,0,5.10498,4.07682,1.028160,1,0,159.029,0,0,0,159.029,0
54.4826,2.12628,0,0,6.4251,0.272295,0.36288,3.6288,61.308,0.323941,0,0,2.86026,0.279304,2.25702,0.66528,12.849,1,0.537607,0.36288,0,142.854,4.65245,138.027,0.84672,12.849,0.84672,3695.15,0,36.966,0.195322,3.99692,1.69473,8.78864,1.35644,12.9285,0.42336,36.966,0.42336,423.524,0,1.02816,0,0,5.02508,3.99692,1.028160,1,0,153.212,0,0,0,153.212,0
58.6486,2.15556,0,0,6.97829,0.293803,0.36288,3.6288,61.308,0.323953,0,0,2.75171,0.263961,2.1638,0.66528,12.849,1,0.508361,0.36288,0,151.078,4.67362,146.259,0.84672,12.849,0.84672,3695.15,0,36.966,0.195329,2.47674,1.69475,8.4537,1.31848,11.1114,0.42336,36.966,0.42336,423.524,0,1.02816,0,0,3.5049,2.47674,1.028160,1,0,159.534,0,0,0,159.534,0
63.3545,2.18521,0,0,7.5765,0.32252,0.36288,3.6288,61.308,0.323964,0,0,3.50953,0.218285,2.96728,0.66528,12.849,1,0.478745,0.36288,0,150.448,3.99417,146.338,0.84672,12.849,0.84672,3695.15,0,36.966,0.195336,4.75282,1.69477,11.6059,1.07182,16.7863,0.42336,36.966,0.42336,423.524,0,1.02816,0,0,5.78098,4.75282,1.028160,1,0,166.092,0,0,0,166.092,0
69.1823,2.2148,0,0,8.73772,0.332274,0.36288,3.6288,61.308,0.323976,0,0,4.32833,0.215353,3.789,0.66528,12.849,1,0.449186,0.36288,0,168.358,3.87089,164.401,0.84672,12.849,0.84672,3695.15,0,36.966,0.195343,6.39919,1.69479,16.5298,1.05498,23.3735,0.42336,36.966,0.42336,423.524,0,1.02816,0,0,7.42735,6.39919,1.028160,1,0,191.563,0,0,0,191.563,0
72.29,2.32883,0,0,8.64078,0.315948,2.88827,3.6288,61.308,0.362815,0,0,5.51411,0.23193,4.91936,0.66528,12.849,1,0.432526,2.88827,0,190.279,3.82652,188.908,0.84672,12.849,0.84672,3695.15,0,36.966,0.218761,5.34111,1.69481,16.199,1.17215,21.844,0.42336,36.966,0.42336,423.524,0,1.02816,0,0,6.36927,5.34111,1.028160,1,0,215.671,0,0,0,215.671,0
72.29,2.60148,0,0,8.96676,0.323578,6.0417,3.6288,61.308,0.472835,0,0,4.22396,0.23193,3.51919,0.66528,12.849,1,0.462394,6.0417,0,196.998,3.82652,198.751,0.84672,12.849,0.84672,3695.15,0,36.966,0.285098,5.63466,1.76116,10.8081,1.17215,16.7467,0.42336,36.966,0.42336,423.524,0,1.02816,0,0,6.66282,5.63466,1.028160,1,0,219.017,0,0,0,219.017,0
72.29,2.60152,0,0,6.30253,0.323578,3.37744,3.6288,61.308,0.472848,0,0,3.74065,0.23193,3.03588,0.66528,12.849,1,0.4624,3.37744,0,152.957,3.82652,152.045,0.84672,12.849,0.84672,3695.15,0,36.966,0.285106,4.64582,1.95411,7.87838,1.17215,13.0211,0.42336,36.966,0.42336,423.524,0,1.02816,0,0,5.67398,4.64582,1.028160,1,0,168.102,0,0,0,168.102,0
72.29,2.60155,0,0,5.6933,0.275429,2.81633,3.6288,61.308,0.472861,0,0,3.26393,0.285427,2.50564,0.66528,12.849,1,0.462405,2.81633,0,129.428,4.80189,126.98,0.84672,12.849,0.84672,3695.15,0,36.966,0.285114,3.91307,1.95413,6.83552,1.36394,11.0537,0.42336,36.966,0.42336,423.524,0,1.02816,0,0,4.94123,3.91307,1.028160,1,0,140.539,0,0,0,140.539,0
72.29,2.56572,0,0,5.62689,0.247862,2.8133,3.6288,61.308,0.456141,0,0,2.15212,0.211235,1.48474,0.66528,12.849,1,0.456037,2.8133,0,118.092,3.62259,116.826,0.84672,12.849,0.84672,3695.15,0,36.966,0.275033,3.26818,1.95415,6.42142,1.22048,10.1482,0.42336,36.966,0.42336,423.524,0,1.02816,0,0,4.29634,3.26818,1.028160,1,0,128.459,0,0,0,128.459,0
72.29,2.56575,0,0,5.35787,0.243551,2.54857,3.6288,61.308,0.456154,0,0,1.81496,0.192532,1.16628,0.66528,12.849,1,0.456043,2.54857,0,105.475,3.27715,104.29,0.84672,12.849,0.84672,3695.15,0,36.966,0.275041,2.5187,1.92554,6.01546,1.16731,9.01735,0.42336,36.966,0.42336,423.524,0,1.02816,0,0,3.54686,2.5187,1.028160,1,0,114.474,0,0,0,114.474,0
72.29,2.56578,0,0,4.91048,0.233561,2.11114,3.6288,61.308,0.456167,0,0,1.69416,0.198938,1.03905,0.66528,12.849,1,0.456048,2.11114,0,96.3766,3.41715,94.6146,0.84672,12.849,0.84672,3695.15,0,36.966,0.275049,2.41692,1.92556,5.11946,1.18694,7.99995,0.42336,36.966,0.42336,423.524,0,1.02816,0,0,3.44508,2.41692,1.028160,1,0,103.654,0,0,0,103.654,0
72.29,2.56581,0,0,4.59417,0.212479,1.81588,3.6288,61.308,0.45618,0,0,1.62165,0.221438,0.944032,0.66528,12.849,1,0.456054,1.81588,0,84.3635,3.40482,82.3186,0.84672,12.849,0.84672,3695.15,0,36.966,0.275056,2.45809,1.92558,5.28856,1.12939,8.26778,0.42336,36.966,0.42336,423.524,0,1.02816,0,0,3.48625,2.45809,1.028160,1,0,91.5304,0,0,0,91.5304,0
72.29,2.68756,0,0,4.21151,0.159665,1.36428,3.6288,61.308,0.515536,0,0,1.43469,0.246548,0.672606,0.66528,12.849,1,0.477693,1.36428,0,71.2548,4.28805,67.8533,0.84672,12.849,0.84672,3695.15,0,36.966,0.310845,1.70948,1.92561,4.96975,1.19157,7.10241,0.42336,36.966,0.42336,423.524,0,1.02816,0,0,2.73764,1.70948,1.028160,1,0,75.6283,0,0,0,75.6283,0
72.29,2.68759,0,0,3.53186,0.142066,0.702204,3.6288,61.308,0.51555,0,0,1.17875,0.240918,0.422279,0.66528,12.849,1,0.477699,0.702204,0,57.603,4.99464,52.8328,0.84672,12.849,0.84672,3695.15,0,36.966,0.310853,1.10546,2.02599,3.78152,1.15288,5.44923,0.42336,36.966,0.42336,423.524,0,1.02816,0,0,2.13362,1.10546,1.028160,1,0,58.7043,0,0,0,58.7043,0
72.29,2.68762,0,0,3.48358,0.142066,0.653892,3.6288,61.308,0.515563,0,0,1.18221,0.240918,0.42573,0.66528,12.849,1,0.477704,0.653892,0,54.5077,4.99464,49.6892,0.84672,12.849,0.84672,3695.15,0,36.966,0.310862,1.19594,2.02601,3.6002,1.15288,5.35841,0.42336,36.966,0.42336,423.524,0,1.02816,0,0,2.2241,1.19594,1.028160,1,0,55.4734,0,0,0,55.4734,0
72.2074,2.68765,0,0,3.12479,0.156817,0.36288,3.6288,61.308,0.515577,0,0,1.1273,0.236967,0.37476,0.66528,12.849,1,0.47771,0.36288,0,51.4767,4.74079,46.6211,0.84672,12.849,0.84672,3695.15,0,36.966,0.31087,1.20838,2.02603,3.31586,1.16268,5.07673,0.42336,36.966,0.42336,423.524,0,1.02816,0,0,2.23654,1.20838,1.028160,1,0,52.0725,0,0,0,52.0725,0
71.864,2.68722,0,0,2.85383,0.147164,0.36288,3.6288,61.308,0.515591,0,0,1.08496,0.246044,0.323325,0.66528,12.849,1,0.478179,0.36288,0,46.2249,4.56986,41.5398,0.84672,12.849,0.84672,3695.15,0,36.966,0.310878,1.1813,2.02606,3.1632,1.21461,4.84506,0.42336,36.966,0.42336,423.524,0,1.02816,0,0,2.20946,1.1813,1.028160,1,0,46.7082,0,0,0,46.7082,0
70.7857,2.60872,0,0,2.02028,0.127005,0.36288,3.6288,61.308,0.524732,0,0,0.916747,0.273996,0.118019,0.66528,12.849,1,0.466428,0.36288,0,35.2931,5.12621,30.0633,0.84672,12.849,0.84672,3695.15,0,36.966,0.31639,0.73815,2.02608,3.1241,1.3146,4.25734,0.42336,36.966,0.42336,423.524,0,1.02816,0,0,1.76631,0.73815,1.028160,1,0,34.4387,0,0,0,34.4387,0
69.5947,2.60273,0,0,1.90056,0.125963,0.36288,3.6288,61.308,0.524745,0,0,0.864778,0.273996,0.066036,0.66528,12.849,1,0.472447,0.36288,0,35.0318,5.12621,29.7961,0.84672,12.849,0.84672,3695.15,0,36.966,0.316398,0.621052,2.02049,3.26519,1.3146,4.27573,0.42336,36.966,0.42336,423.524,0,1.02816,0,0,1.64921,0.621052,1.028160,1,0,34.1378,0,0,0,34.1378,0
68.2416,2.59594,0,0,1.73059,0.124811,0.36288,3.6288,61.308,0.524759,0,0,0.856034,0.273996,0.0572785,0.66528,12.849,1,0.479278,0.36288,0,34.7609,5.12621,29.5183,0.84672,12.849,0.84672,3695.15,0,36.966,0.316406,0.623419,2.02051,3.14257,1.3146,4.15549,0.42336,36.966,0.42336,423.524,0,1.02816,0,0,1.65158,0.623419,1.028160,1,0,33.731,0,0,0,33.731,0
66.7331,2.58797,0,0,1.56578,0.123503,0.36288,3.6288,61.3037,0.524773,0,0,0.794439,0.273996,0,0.66528,12.849,1,0.487281,0.36288,0,31.2156,5.12621,25.965,0.84672,12.849,0.84672,3695.15,0,36.966,0.316415,0.418547,2.02054,3.01401,1.3146,3.82208,0.42336,36.966,0.42336,423.524,0,1.02816,0,0,1.44671,0.418547,1.028160,1,0,29.7871,0,0,0,29.7871,0
65.1015,2.63895,0,0,1.47229,0.101986,0.36288,3.6288,61.207,0.553269,0,0,0.768876,0.312303,0,0.66528,12.849,1,0.508112,0.36288,0,25.7395,5.89323,19.701,0.84672,12.849,0.84672,3695.15,0,36.966,0.33362,0.274268,2.02056,2.38803,1.43407,2.91517,0.42336,36.966,0.42336,423.524,0,1.02816,0,0,1.30243,0.274268,1.028160,1,0,22.6162,0,0,0,22.6162,0
63.4441,2.62834,0,0,1.43283,0.099049,0.36288,3.6288,61.0279,0.552954,0,0,0.685956,0.312081,0,0.66528,12.849,1,0.518753,0.36288,0,31.4585,6.00243,25.3002,0.84672,12.849,0.84672,3695.15,0,36.966,0.333957,0.34344,2.06933,2.39918,1.40972,3.06827,0.42336,36.966,0.42336,423.524,0,1.02816,0,0,1.3716,0.34344,1.028160,1,0,28.3685,0,0,0,28.3685,0
61.708,2.61711,0,0,1.34165,0.0977315,0.36288,3.6288,60.8017,0.552358,0,0,0.637926,0.311728,0,0.66528,12.849,1,0.530029,0.36288,0,25.2581,6.00243,19.0885,0.84672,12.849,0.84672,3695.15,0,36.966,0.334576,0.318012,2.06935,2.16267,1.40972,2.80573,0.42336,36.966,0.42336,423.524,0,1.02816,0,0,1.34617,0.318012,1.028160,1,0,21.8942,0,0,0,21.8942,0
59.8655,2.60479,0,0,1.22151,0.0963515,0.36288,3.6288,60.472,0.624078,0,0,0.605624,0.311281,0,0.66528,12.849,1,0.542377,0.36288,0,23.0194,6.00243,16.8375,0.84672,12.849,0.84672,3695.15,0,36.966,0.379424,0.227405,2.06937,2.01729,1.40972,2.52492,0.42336,36.966,0.42336,423.524,0,0.911615,0,0,1.13902,0.227405,1.028160,1,0,19.3624,0,0,0,19.3624,0
58.0167,2.76413,0,0,1.36743,0.0891796,0.36288,3.6288,60.2252,0.652809,0,0,0.719596,0.313568,0,0.66528,12.849,1,0.593268,0.36288,0,22.6299,6.39616,16.0033,0.84672,12.849,0.84672,3695.15,0,36.966,0.399056,0.539188,2.0694,2.97433,1.49033,3.69353,0.42336,36.966,0.42336,423.524,0,1.02816,0,0,1.56735,0.539188,1.028160,1,0,19.6969,0,0,0,19.6969,0
56.087,2.74868,0,0,1.27882,0.0969552,0.36288,3.6288,59.8916,0.651811,0,0,0.644824,0.326665,0,0.66528,12.849,1,0.608753,0.36288,0,19.8367,7.00203,12.5888,0.84672,12.849,0.84672,3695.15,0,36.966,0.400079,0.356046,2.2362,2.45231,1.60116,3.04331,0.42336,36.966,0.42336,423.524,0,1.02816,0,0,1.38421,0.356046,1.028160,1,0,15.6321,0,0,0,15.6321,0
53.9505,2.73168,0,0,1.05309,0.0951314,0.36288,3.6288,59.4563,0.670536,0,0,0.561239,0.325971,0,0.66528,12.849,1,0.625801,0.36288,0,24.6261,7.00203,17.3611,0.84672,12.849,0.84672,3695.15,0,36.966,0.413865,0.227405,2.23623,2.18783,1.60116,2.63644,0.42336,36.966,0.42336,423.524,0,0.995674,0,0,1.22308,0.227405,1.028160,1,0,19.9976,0,0,0,19.9976,0
51.9478,2.71169,0,0,1.16499,0.093112,0.36288,3.6288,59.2535,0.648651,0,0,0.770963,0.325066,0,0.66528,12.849,1,0.645825,0.36288,0,21.1137,7.00203,13.8287,0.84672,12.849,0.84672,3695.15,0,36.966,0.403288,0.572953,2.23626,2.61451,1.60116,3.41927,0.42336,36.966,0.42336,423.524,0,1.02816,0,0,1.60111,0.572953,1.028160,1,0,17.248,0,0,0,17.248,0
49.8818,2.69176,0,0,1.08199,0.0933406,0.36288,3.6288,58.9144,0.647816,0,0,0.619668,0.311034,0,0.66528,12.849,1,0.665793,0.36288,0,20.2563,6.63234,13.3211,0.84672,12.849,0.84672,3695.15,0,36.966,0.404147,0.446118,2.23628,2.97046,1.45726,3.79146,0.42336,36.966,0.42336,423.524,0,1.02816,0,0,1.47428,0.446118,1.028160,1,0,17.1125,0,0,0,17.1125,0
48.385,2.58841,0,0,1.57493,0.120432,0.36288,3.6288,58.7522,0.584903,0,0,0.684848,0.262085,0,0.66528,12.849,1,0.666745,0.36288,0,37.2119,6.57815,30.3299,0.84672,12.849,0.84672,3695.15,0,36.966,0.366999,0.62043,2.23631,3.56565,1.58886,4.46654,0.42336,36.966,0.42336,423.524,0,1.02816,0,0,1.64859,0.62043,1.028160,1,0,34.7964,0,0,0,34.7964,0
48.029,2.57214,0,0,2.69752,0.11851,0.36288,3.6288,58.965,0.584296,0,0,1.05893,0.261813,0,0.66528,12.849,1,0.683051,0.36288,0,35.9523,6.57815,29.0539,0.84672,12.849,0.84672,3695.15,0,36.966,0.36763,2.03775,2.13981,5.41058,1.58886,7.63166,0.42336,36.966,0.42336,423.524,0,1.02816,0,0,3.06591,2.03775,1.028160,1,0,36.6856,0,0,0,36.6856,0
46.3041,2.56818,0,0,1.32422,0.118051,0.36288,3.6288,58.767,0.585126,0,0,0.649226,0.262171,0,0.66528,12.849,1,0.687054,0.36288,0,36.2223,6.57815,29.32,0.84672,12.849,0.84672,3695.15,0,36.966,0.366824,0.823323,2.13984,3.1024,1.58886,4.10988,0.42336,36.966,0.42336,423.524,0,1.02816,0,0,1.85148,0.823323,1.028160,1,0,33.4299,0,0,0,33.4299,0
44.6391,2.54817,0,0,1.36193,0.11583,0.36288,3.6288,58.626,0.584382,0,0,0.705282,0.261837,0,0.66528,12.849,1,0.707097,0.36288,0,23.6225,6.57815,16.7002,0.84672,12.849,0.84672,3695.15,0,36.966,0.367592,0.549564,2.13986,2.51644,1.58886,3.24942,0.42336,36.966,0.42336,423.524,0,1.02816,0,0,1.57772,0.549564,1.028160,1,0,19.9496,0,0,0,19.9496,0
42.9239,2.46243,0,0,1.3048,0.19475,0.36288,3.6288,58.3506,0.54537,0,0,0.503458,0.2335,0,0.66528,12.849,1,0.708789,0.36288,0,28.736,4.982,23.4081,0.84672,12.849,0.84672,3695.15,0,36.966,0.343877,0.216518,2.13989,3.26524,1.18662,4.09115,0.42336,36.966,0.42336,423.524,0,0.999804,0,0,1.21632,0.216518,1.028160,1,0,27.4993,0,0,0,27.4993,0
41.2515,2.44066,0,0,1.32431,0.193107,0.36288,3.6288,58.1974,0.52703,0,0,0.585473,0.211637,0,0.66528,12.849,1,0.730596,0.36288,0,25.7177,4.26563,21.0844,0.84672,12.849,0.84672,3695.15,0,36.966,0.333882,0.570873,2.05377,3.01809,0.974702,4.33415,0.42336,36.966,0.42336,423.524,0,1.02816,0,0,1.59903,0.570873,1.028160,1,0,25.4185,0,0,0,25.4185,0
41.8155,2.4181,0,0,3.53428,0.189376,0.36288,3.6288,58.8933,0.526507,0,0,1.43381,0.211429,0,0.66528,12.849,1,0.753188,0.36288,0,75.5827,4.26563,70.9268,0.84672,12.849,0.84672,3695.15,0,36.966,0.334428,1.96362,2.05379,5.69813,0.974702,8.40641,0.42336,36.966,0.42336,423.524,0,1.02816,0,0,2.99178,1.96362,1.028160,1,0,79.3332,0,0,0,79.3332,0
40.8572,2.4259,0,0,2.05597,0.22541,0.36288,3.6288,59.0567,0.528948,0,0,0.873253,0.180917,0,0.66528,12.849,1,0.745427,0.36288,0,42.1384,3.79009,37.9658,0.84672,12.849,0.84672,3695.15,0,36.966,0.332009,0.345548,2.05381,3.43499,0.809865,4.69248,0.42336,36.966,0.42336,423.524,0,1.02816,0,0,1.37371,0.345548,1.028160,1,0,42.6582,0,0,0,42.6582,0
41.1809,2.27587,0,0,3.16543,0.203006,0.36288,3.6288,59.491,0.433874,0,0,1.06314,0.194972,0,0.66528,12.849,1,0.715727,0.36288,0,50.7489,3.88364,46.5125,0.84672,12.849,0.84672,3695.15,0,36.966,0.271579,0.683891,2.05384,4.12934,0.777688,5.8178,0.42336,36.966,0.42336,423.524,0,1.02816,0,0,1.71205,0.683891,1.028160,1,0,52.3303,0,0,0,52.3303,0
43.2993,2.28018,0,0,4.97618,0.214771,0.36288,3.6288,60.597,0.435109,0,0,1.74041,0.199257,0,0.66528,12.849,1,0.711448,0.36288,0,99.8084,3.61494,95.8449,0.84672,12.849,0.84672,3695.15,0,36.966,0.270364,3.18648,1.90001,4.74149,0.901425,8.65619,0.42336,36.966,0.42336,423.524,0,1.02816,0,0,4.21464,3.18648,1.028160,1,0,104.501,0,0,0,104.501,0
43.2909,2.30705,0,0,2.88173,0.220135,0.36288,3.6288,60.9731,0.438187,0,0,1.0149,0.200667,0,0.66528,12.849,1,0.684615,0.36288,0,57.007,3.61494,53.0703,0.84672,12.849,0.84672,3695.15,0,36.966,0.267307,1.47652,1.90004,4.19271,0.901425,6.40053,0.42336,36.966,0.42336,423.524,0,1.02816,0,0,2.50468,1.47652,1.028160,1,0,59.4708,0,0,0,59.4708,0
43.2761,2.07921,0,0,2.65586,0.228559,0.36288,3.6288,61.1471,0.332667,0,0,0.71851,0.211789,0,0.66528,12.849,1,0.617122,0.36288,0,44.8807,3.84351,40.7829,0.84672,12.849,0.84672,3695.15,0,36.966,0.201685,0.917905,1.90006,5.0831,0.972727,6.72665,0.42336,36.966,0.42336,423.524,0,1.02816,0,0,1.94606,0.917905,1.028160,1,0,47.5096,0,0,0,47.5096,0
44.2407,2.07907,0,0,3.6562,0.24963,0.36288,3.6288,61.308,0.333036,0,0,1.25467,0.238661,0.522097,0.66528,12.849,1,0.617292,0.36288,0,73.0403,4.41493,68.371,0.84672,12.849,0.84672,3695.15,0,36.966,0.201334,1.98565,1.71249,5.01827,1.15098,7.36409,0.42336,36.966,0.42336,423.524,0,1.02816,0,0,3.01381,1.98565,1.028160,1,0,76.2572,0,0,0,76.2572,0
44.3023,2.0895,0,0,2.73306,0.219081,0.36288,3.6288,61.308,0.333365,0,0,0.895406,0.251056,0.310985,0.66528,12.849,1,0.606862,0.36288,0,55.0968,5.17201,49.6808,0.84672,12.849,0.84672,3695.15,0,36.966,0.201005,0.582863,1.71251,3.66249,1.29367,4.46318,0.42336,36.966,0.42336,423.524,0,1.02816,0,0,1.61102,0.582863,1.028160,1,0,54.4549,0,0,0,54.4549,0
43.856,2.15566,0,0,2.28593,0.213677,0.36288,3.6288,61.308,0.364894,0,0,1.15925,0.253081,0.541279,0.66528,12.849,1,0.625206,0.36288,0,44.6282,5.29819,39.0677,0.84672,12.849,0.84672,3695.15,0,36.966,0.220015,0.522495,1.71251,2.41571,1.31745,3.11324,0.42336,36.966,0.42336,423.524,0,1.02816,0,0,1.55066,0.522495,1.028160,1,0,42.7222,0,0,0,42.7222,0
46.8962,2.15075,0,0,5.76635,0.212593,0.36288,3.6288,61.308,0.364901,0,0,1.50555,0.253081,0.887573,0.66528,12.849,1,0.63013,0.36288,0,56.6874,5.29819,51.1219,0.84672,12.849,0.84672,3695.15,0,36.966,0.220019,1.04782,1.76739,7.41653,1.31745,8.69426,0.42336,36.966,0.42336,423.524,0,1.02816,0,0,2.07598,1.04782,1.028160,1,0,60.7038,0,0,0,60.7038,0
59.7644,2.18283,0,0,15.6339,0.219979,0.36288,3.6288,61.308,0.364907,0,0,2.93313,0.253081,2.31514,0.66528,12.849,1,0.59807,0.36288,0,203.816,5.29819,198.282,0.84672,12.849,0.84672,3695.15,0,36.966,0.220023,3.40775,1.7674,6.4277,1.31745,10.0654,0.42336,36.966,0.42336,423.524,0,1.02816,0,0,4.43591,3.40775,1.028160,1,0,210.663,0,0,0,210.663,0
62.4618,2.53956,0,0,5.85131,0.251512,0.36288,3.6288,61.308,0.47515,0,0,1.92313,0.234724,1.21325,0.66528,12.849,1,0.545991,0.36288,0,114.097,4.43724,109.477,0.84672,12.849,0.84672,3695.15,0,36.966,0.286495,1.46412,1.76741,3.91514,1.05131,5.80887,0.42336,36.966,0.42336,423.524,0,1.02816,0,0,2.49228,1.46412,1.028160,1,0,116.499,0,0,0,116.499,0
66.5146,2.75328,0,0,7.41477,0.24576,0.36288,3.6288,61.308,0.581803,0,0,2.12959,0.226623,1.32116,0.66528,12.849,1,0.566378,0.36288,0,98.3655,4.18446,93.9776,0.84672,12.849,0.84672,3695.15,0,36.966,0.350801,1.4963,1.96104,5.42521,0.937425,7.59432,0.42336,36.966,0.42336,423.524,0,1.02816,0,0,2.52446,1.4963,1.028160,1,0,102.893,0,0,0,102.893,0
68.4767,2.78222,0,0,5.36112,0.253926,0.36288,3.6288,61.308,0.581811,0,0,1.44167,0.226623,0.633237,0.66528,12.849,1,0.537458,0.36288,0,74.1839,4.18446,69.8249,0.84672,12.849,0.84672,3695.15,0,36.966,0.350806,0.949104,2.13699,3.89822,0.937425,5.69609,0.42336,36.966,0.42336,423.524,0,1.02816,0,0,1.97726,0.949104,1.028160,1,0,76.1542,0,0,0,76.1542,0
69.0038,2.79521,0,0,3.93503,0.249787,0.36288,3.6288,60.998,0.884426,0,0,0.803463,0.229013,0,0.66528,12.849,1,0.524494,0.36288,0,55.3864,4.19991,51.0249,0.84672,12.849,0.84672,3695.15,0,36.966,0.42336,0.608429,2.137,3.25209,0.95389,4.62028,0.42336,36.966,0.42336,423.524,0,0.653003,0,0,1.26143,0.608429,1.028160,1,0,55.6451,0,0,0,55.6451,0
69.0753,2.7986,0,0,3.48996,0.256999,0.36288,3.6288,61.308,0.580716,0,0,1.3073,0.222905,0.193704,0.66528,12.849,1,0.52112,0.36288,0,79.9076,3.78726,75.9621,0.84672,12.849,0.84672,3695.15,0,36.966,0.351925,0.993488,2.13702,4.29052,0.945797,6.1233,0.42336,36.966,0.42336,423.524,0,1.02816,0,0,2.02165,0.993488,1.028160,1,0,82.2791,0,0,0,82.2791,0
71.793,2.49351,0,0,5.90448,0.330439,0.36288,3.6288,61.308,0.430283,0,0,2.44564,0.196661,1.81869,0.66528,12.849,1,0.463829,0.36288,0,114.062,3.11346,110.847,0.84672,12.849,0.84672,3695.15,0,36.966,0.259442,3.02834,2.13703,5.95958,0.803286,10.0622,0.42336,36.966,0.42336,423.524,0,1.02816,0,0,4.0565,3.02834,1.028160,1,0,122.728,0,0,0,122.728,0
72.29,2.50842,0,0,5.26931,0.337423,1.92643,3.6288,61.308,0.43029,0,0,1.64214,0.196661,1.01518,0.66528,12.849,1,0.448939,1.92643,0,92.7927,3.11346,91.1568,0.84672,12.849,0.84672,3695.15,0,36.966,0.259446,1.63475,1.88144,4.38153,0.803286,6.83499,0.42336,36.966,0.42336,423.524,0,1.02816,0,0,2.66291,1.63475,1.028160,1,0,99.0069,0,0,0,99.0069,0
72.29,2.51106,0,0,3.69511,0.338701,0.845355,3.6288,61.308,0.430297,0,0,1.29743,0.196661,0.670476,0.66528,12.849,1,0.446321,0.845355,0,93.8097,3.11346,91.0952,0.84672,12.849,0.84672,3695.15,0,36.966,0.25945,1.08543,1.88146,3.71104,0.803286,5.61519,0.42336,36.966,0.42336,423.524,0,1.02816,0,0,2.11359,1.08543,1.028160,1,0,97.3809,0,0,0,97.3809,0
72.29,2.51107,0,0,3.31481,0.293388,0.510354,3.6288,61.308,0.430304,0,0,0.862324,0.172596,0.259424,0.66528,12.849,1,0.446324,0.510354,0,78.7709,2.76468,76.0702,0.84672,12.849,0.84672,3695.15,0,36.966,0.259454,0.597413,1.88147,3.27636,0.753184,4.7426,0.42336,36.966,0.42336,423.524,0,1.02816,0,0,1.62557,0.597413,1.028160,1,0,81.0723,0,0,0,81.0723,0
72.29,2.51109,0,0,3.28728,0.350063,0.426127,3.6288,61.295,0.54017,0,0,0.66001,0.132807,0,0.66528,12.849,1,0.446327,0.426127,0,71.3641,2.5997,68.7442,0.84672,12.849,0.84672,3695.15,0,36.966,0.325699,0.558835,1.88148,2.50352,0.757694,3.86045,0.42336,36.966,0.42336,423.524,0,0.85206,0,0,1.41089,0.558835,1.028160,1,0,72.6046,0,0,0,72.6046,0
72.29,2.60285,0,0,3.83796,0.350063,0.88504,3.6288,61.308,0.473384,0,0,1.25314,0.132796,0.633989,0.66528,12.849,1,0.462638,0.88504,0,94.2485,2.5997,92.0712,0.84672,12.849,0.84672,3695.15,0,36.966,0.28549,2.14372,1.88149,4.21516,0.757694,7.19719,0.42336,36.966,0.42336,423.524,0,1.02816,0,0,3.17188,2.14372,1.028160,1,0,99.9024,0,0,0,99.9024,0
72.2018,2.60287,0,0,3.2023,0.324738,0.36288,3.6288,61.308,0.473429,0,0,0.965814,0.146153,0.346233,0.66528,12.849,1,0.462641,0.36288,0,70.7576,2.84557,67.8123,0.84672,12.849,0.84672,3695.15,0,36.966,0.285456,1.0863,1.95514,3.08765,0.803232,5.0404,0.42336,36.966,0.42336,423.524,0,1.02816,0,0,2.11446,1.0863,1.028160,1,0,73.1989,0,0,0,73.1989,0
71.5484,2.60241,0,0,2.58784,0.275977,0.36288,3.6288,61.308,0.508121,0,0,0.718632,0.141085,0.0694263,0.66528,12.849,1,0.463123,0.36288,0,44.958,3.16123,41.6965,0.84672,12.849,0.84672,3695.15,0,36.966,0.306374,0.528595,1.95515,2.37457,0.749877,3.80206,0.42336,36.966,0.42336,423.524,0,0.972562,0,0,1.50116,0.528595,1.028160,1,0,45.568,0,0,0,45.568,0
70.8252,2.59884,0,0,2.50754,0.269041,0.36288,3.6288,61.308,0.473443,0,0,0.927565,0.168232,0.28589,0.66528,12.849,1,0.466712,0.36288,0,54.8145,3.71568,50.995,0.84672,12.849,0.84672,3695.15,0,36.966,0.285465,0.767197,1.95516,2.76758,0.844887,4.35959,0.42336,36.966,0.42336,423.524,0,1.02816,0,0,1.79536,0.767197,1.028160,1,0,55.6405,0,0,0,55.6405,0
69.8228,2.55906,0,0,2.18055,0.260969,0.36288,3.6288,61.308,0.456708,0,0,0.91425,0.19062,0.266923,0.66528,12.849,1,0.464261,0.36288,0,49.6974,4.02717,45.5688,0.84672,12.849,0.84672,3695.15,0,36.966,0.275375,0.746816,1.95517,3.16572,0.933051,4.65928,0.42336,36.966,0.42336,423.524,0,1.02816,0,0,1.77498,0.746816,1.028160,1,0,50.495,0,0,0,50.495,0
68.691,2.55345,0,0,2.04347,0.258962,0.36288,3.6288,61.308,0.456715,0,0,0.90453,0.19062,0.257196,0.66528,12.849,1,0.469892,0.36288,0,47.0861,4.02717,42.9519,0.84672,12.849,0.84672,3695.15,0,36.966,0.275379,0.705491,1.92653,3.01255,0.933051,4.43614,0.42336,36.966,0.42336,423.524,0,1.02816,0,0,1.73365,0.705491,1.028160,1,0,47.6453,0,0,0,47.6453,0
68.7548,2.54694,0,0,3.22286,0.249293,0.36288,3.6288,61.308,0.456722,0,0,1.15594,0.192405,0.50681,0.66528,12.849,1,0.476418,0.36288,0,61.7843,4.08135,57.5894,0.84672,12.849,0.84672,3695.15,0,36.966,0.275383,1.1148,1.92655,2.9839,0.923021,4.82684,0.42336,36.966,0.42336,423.524,0,1.02816,0,0,2.14296,1.1148,1.028160,1,0,62.9231,0,0,0,62.9231,0
67.6126,2.54733,0,0,1.96857,0.200518,0.36288,3.6288,61.308,0.456729,0,0,0.908444,0.204569,0.247146,0.66528,12.849,1,0.476049,0.36288,0,44.4588,4.43658,39.9091,0.84672,12.849,0.84672,3695.15,0,36.966,0.275387,0.696937,1.92656,2.60486,0.94336,4.00961,0.42336,36.966,0.42336,423.524,0,1.02816,0,0,1.7251,0.696937,1.028160,1,0,44.1659,0,0,0,44.1659,0
66.2157,2.6611,0,0,1.81481,0.18769,0.36288,3.6288,61.308,0.516108,0,0,0.782292,0.208203,0.0579805,0.66528,12.849,1,0.505712,0.36288,0,35.1952,4.51195,30.5404,0.84672,12.849,0.84672,3695.15,0,36.966,0.31119,0.525433,1.92657,2.23464,1.14465,3.2308,0.42336,36.966,0.42336,423.524,0,1.02816,0,0,1.55359,0.525433,1.028160,1,0,33.8292,0,0,0,33.8292,0
64.6774,2.65219,0,0,1.6624,0.185628,0.36288,3.6288,61.2804,0.535029,0,0,0.715582,0.208203,0,0.66528,12.849,1,0.51465,0.36288,0,31.5801,4.51195,26.9163,0.84672,12.849,0.84672,3695.15,0,36.966,0.322599,0.402797,2.02699,2.13448,1.14465,3.09702,0.42336,36.966,0.42336,423.524,0,0.997842,0,0,1.40064,0.402797,1.028160,1,0,30.0134,0,0,0,30.0134,0
63.0742,2.64199,0,0,1.5443,0.142662,0.36288,3.6288,61.2129,0.516035,0,0,0.68504,0.236492,0,0.66528,12.849,1,0.524865,0.36288,0,27.9415,4.83326,22.9463,0.84672,12.849,0.84672,3695.15,0,36.966,0.311286,0.324052,2.027,2.03807,1.22674,2.85109,0.42336,36.966,0.42336,423.524,0,1.02816,0,0,1.35221,0.324052,1.028160,1,0,25.7974,0,0,0,25.7974,0
61.4001,2.63092,0,0,1.45379,0.134126,0.36288,3.6288,61.0659,0.560108,0,0,0.65429,0.24111,0,0.66528,12.849,1,0.535952,0.36288,0,27.5317,4.8868,22.4718,0.84672,12.849,0.84672,3695.15,0,36.966,0.338245,0.30119,2.02701,2.06437,1.24043,2.8139,0.42336,36.966,0.42336,423.524,0,0.957139,0,0,1.25833,0.30119,1.028160,1,0,25.2857,0,0,0,25.2857,0
60.4681,2.61886,0,0,2.16909,0.119323,0.36288,3.6288,60.9901,0.515369,0,0,0.690854,0.251352,0,0.66528,12.849,1,0.54804,0.36288,0,34.3736,4.98771,29.2008,0.84672,12.849,0.84672,3695.15,0,36.966,0.311976,0.31301,2.02703,1.88738,1.19288,2.72256,0.42336,36.966,0.42336,423.524,0,1.02816,0,0,1.34117,0.31301,1.028160,1,0,31.9233,0,0,0,31.9233,0
59.4546,2.5374,0,0,2.00518,0.118403,0.36288,3.6288,60.8757,0.53101,0,0,0.667898,0.251231,0,0.66528,12.849,1,0.539178,0.36288,0,34.1658,4.98771,29.0018,0.84672,12.849,0.84672,3695.15,0,36.966,0.321844,0.30119,2.02704,1.9138,1.19288,2.7273,0.42336,36.966,0.42336,423.524,0,1.0173,0,0,1.31849,0.30119,1.028160,1,0,31.7291,0,0,0,31.7291,0
58.265,2.52986,0,0,1.82038,0.117283,0.36288,3.6288,60.6694,0.58629,0,0,0.630971,0.251049,0,0.66528,12.849,1,0.546739,0.36288,0,33.1504,4.98771,27.9788,0.84672,12.849,0.84672,3695.15,0,36.966,0.356017,0.261274,2.02143,1.79895,1.19288,2.53276,0.42336,36.966,0.42336,423.524,0,0.927858,0,0,1.18913,0.261274,1.028160,1,0,30.5116,0,0,0,30.5116,0
56.9407,2.52073,0,0,1.66682,0.107455,0.36288,3.6288,60.3814,0.615863,0,0,0.600521,0.27257,0,0.66528,12.849,1,0.555889,0.36288,0,29.2346,5.27001,23.7715,0.84672,12.849,0.84672,3695.15,0,36.966,0.375247,0.261274,2.02144,1.74704,1.29592,2.35859,0.42336,36.966,0.42336,423.524,0,0.879068,0,0,1.14034,0.261274,1.028160,1,0,26.1301,0,0,0,26.1301,0
55.7208,2.5102,0,0,1.73592,0.0827342,0.36288,3.6288,59.9792,0.638705,0,0,0.555887,0.319385,0,0.66528,12.849,1,0.56644,0.36288,0,27.6009,5.931,21.4664,0.84672,12.849,0.84672,3695.15,0,36.966,0.39102,0.261274,2.02146,1.62573,1.53362,1.98383,0.42336,36.966,0.42336,423.524,0,0.840465,0,0,1.10174,0.261274,1.028160,1,0,23.4502,0,0,0,23.4502,0
54.4911,2.55848,0,0,1.77164,0.0799655,0.36288,3.6288,59.5283,0.672532,0,0,0.534794,0.313174,0,0.66528,12.849,1,0.589976,0.36288,0,27.2223,5.89743,21.0978,0.84672,12.849,0.84672,3695.15,0,36.966,0.41449,0.261274,2.02147,1.62017,1.51868,1.96974,0.42336,36.966,0.42336,423.524,0,0.828878,0,0,1.09015,0.261274,1.028160,1,0,23.0675,0,0,0,23.0675,0
53.0422,2.54773,0,0,1.54065,0.078985,0.36288,3.6288,58.9629,0.755708,0,0,0.502585,0.312273,0,0.66528,12.849,1,0.600753,0.36288,0,25.7551,5.89743,19.6198,0.84672,12.849,0.84672,3695.15,0,36.966,0.42336,0.261274,2.07025,1.57666,1.51868,1.96615,0.42336,36.966,0.42336,423.524,0,0.736845,0,0,0.998119,0.261274,1.028160,1,0,21.586,0,0,0,21.586,0
51.4857,2.53453,0,0,1.41871,0.0778297,0.36288,3.6288,58.371,0.773181,0,0,0.492433,0.311144,0,0.66528,12.849,1,0.613968,0.36288,0,24.2908,5.89743,18.1423,0.84672,12.849,0.84672,3695.15,0,36.966,0.42336,0.227405,2.07026,1.5607,1.51868,1.91633,0.42336,36.966,0.42336,423.524,0,0.719384,0,0,0.946788,0.227405,1.028160,1,0,20.0587,0,0,0,20.0587,0
49.8022,2.51969,0,0,1.26571,0.0665433,0.36288,3.6288,57.7573,0.790033,0,0,0.489033,0.31272,0,0.66528,12.849,1,0.628826,0.36288,0,22.9849,6.07374,16.6452,0.84672,12.849,0.84672,3695.15,0,36.966,0.42336,0.227405,2.07027,1.61526,1.49451,1.99506,0.42336,36.966,0.42336,423.524,0,0.702544,0,0,0.929949,0.227405,1.028160,1,0,18.6403,0,0,0,18.6403,0
48.3831,2.66997,0,0,1.69054,0.0768636,0.36288,3.6288,56.9488,0.960374,0,0,0.458773,0.306968,0,0.66528,12.849,1,0.688852,0.36288,0,21.4692,5.71746,15.4258,0.84672,12.849,0.84672,3695.15,0,36.966,0.42336,0.227405,2.07029,1.901,1.45062,2.32472,0.42336,36.966,0.42336,423.524,0,0.69717,0,0,0.924575,0.227405,1.028160,1,0,17.7505,0,0,0,17.7505,0
47.1458,2.65402,0,0,1.85529,0.0756987,0.36288,3.6288,56.4736,0.736283,0,0,0.566518,0.305363,0,0.66528,12.849,1,0.704822,0.36288,0,27.6108,5.71746,21.5514,0.84672,12.849,0.84672,3695.15,0,36.966,0.42336,0.227405,2.23715,2.07377,1.45062,2.66434,0.42336,36.966,0.42336,423.524,0,0.921275,0,0,1.14868,0.227405,1.028160,1,0,24.2158,0,0,0,24.2158,0
45.5592,2.6395,0,0,1.49046,0.0746809,0.36288,3.6288,55.5144,1.06452,0,0,0.409753,0.304419,0,0.66528,12.849,1,0.719362,0.36288,0,26.9802,5.71746,20.9063,0.84672,12.849,0.84672,3695.15,0,36.966,0.42336,0.204422,2.23716,1.66477,1.45062,2.23238,0.42336,36.966,0.42336,423.524,0,0.59305,0,0,0.797472,0.204422,1.028160,1,0,23.1387,0,0,0,23.1387,0
44.3591,2.61997,0,0,1.85619,0.0733758,0.36288,3.6288,55.2803,0.631968,0,0,0.700344,0.302515,0,0.66528,12.849,1,0.738908,0.36288,0,24.6412,5.71746,18.5477,0.84672,12.849,0.84672,3695.15,0,36.966,0.420816,0.480384,2.23718,2.57406,1.45062,3.42019,0.42336,36.966,0.42336,423.524,0,1.02816,0,0,1.50854,0.480384,1.028160,1,0,21.9679,0,0,0,21.9679,0
42.8858,2.60449,0,0,1.55987,0.065816,0.36288,3.6288,54.9823,0.630908,0,0,0.649265,0.316398,0,0.66528,12.849,1,0.754412,0.36288,0,17.2744,5.50776,11.3751,0.84672,12.849,0.84672,3695.15,0,36.966,0.421889,1.51279,2.23719,1.97172,1.36009,3.93972,0.42336,36.966,0.42336,423.524,0,1.02816,0,0,2.54095,1.51279,1.028160,1,0,15.3148,0,0,0,15.3148,0
41.3722,2.50571,0,0,1.41859,0.063637,0.36288,3.6288,54.457,0.569677,0,0,0.362592,0.318165,0,0.66528,12.849,1,0.750733,0.36288,0,17.0237,5.47281,11.163,0.84672,12.849,0.84672,3695.15,0,36.966,0.383009,0.548407,2.23721,1.41943,1.345,2.47703,0.42336,36.966,0.42336,423.524,0,1.02816,0,0,1.57657,0.548407,1.028160,1,0,13.64,0,0,0,13.64,0
39.6658,2.48476,0,0,1.20375,0.0625238,0.36288,3.6288,53.903,0.567484,0,0,0.330522,0.317064,0,0.66528,12.849,1,0.771695,0.36288,0,15.7302,5.47281,9.84853,0.84672,12.849,0.84672,3695.15,0,36.966,0.385214,0.405147,2.14066,1.35066,1.345,2.16625,0.42336,36.966,0.42336,423.524,0,1.02816,0,0,1.43331,0.405147,1.028160,1,0,12.0148,0,0,0,12.0148,0
39.2626,2.4597,0,0,2.56656,0.147164,0.36288,3.6288,53.7133,0.565143,0,0,0.604635,0.229194,0,0.66528,12.849,1,0.796776,0.36288,0,34.6265,4.22703,29.9656,0.84672,12.849,0.84672,3695.15,0,36.966,0.387568,0.895959,2.14067,2.99268,0.955617,4.68612,0.42336,36.966,0.42336,423.524,0,1.02816,0,0,1.92412,0.895959,1.028160,1,0,34.6517,0,0,0,34.6517,0
40.3633,2.45355,0,0,4.09183,0.17468,0.36288,3.6288,53.7227,0.564339,0,0,0.801006,0.227276,0,0.66528,12.849,1,0.802946,0.36288,0,57.1807,4.34457,52.3961,0.84672,12.849,0.84672,3695.15,0,36.966,0.388384,1.3798,2.14068,2.70767,1.00433,4.83543,0.42336,36.966,0.42336,423.524,0,1.02816,0,0,2.40796,1.3798,1.028160,1,0,57.2315,0,0,0,57.2315,0
39.1825,2.40637,0,0,1.78419,0.195789,0.36288,3.6288,53.6019,0.510396,0,0,0.634001,0.244409,0,0.66528,12.849,1,0.766028,0.36288,0,54.7307,4.77813,49.5494,0.84672,12.849,0.84672,3695.15,0,36.966,0.351198,0.913403,2.1407,1.84718,1.15582,3.39426,0.42336,36.966,0.42336,423.524,0,1.02816,0,0,1.94156,0.913403,1.028160,1,0,52.9437,0,0,0,52.9437,0
38.6242,2.389,0,0,2.38284,0.189266,0.36288,3.6288,53.6054,0.509935,0,0,0.75573,0.242286,0,0.66528,12.849,1,0.783418,0.36288,0,37.0953,4.73013,31.9447,0.84672,12.849,0.84672,3695.15,0,36.966,0.351672,1.27679,2.05453,2.42244,1.16655,4.23554,0.42336,36.966,0.42336,423.524,0,1.02816,0,0,2.30495,1.27679,1.028160,1,0,36.1802,0,0,0,36.1802,0
45.3974,2.38052,0,0,9.69546,0.178807,0.36288,3.6288,54.2256,0.509956,0,0,1.34215,0.211973,0,0.66528,12.849,1,0.791921,0.36288,0,115.259,4.02142,110.809,0.84672,12.849,0.84672,3695.15,0,36.966,0.351663,2.7196,2.05454,5.81503,1.12327,9.11425,0.42336,36.966,0.42336,423.524,0,1.02816,0,0,3.74776,2.7196,1.028160,1,0,119.923,0,0,0,119.923,0
47.547,2.47262,0,0,5.19594,0.210886,0.36288,3.6288,54.6223,0.512355,0,0,1.09995,0.190884,0,0.66528,12.849,1,0.699835,0.36288,0,88.1038,3.59144,84.1754,0.84672,12.849,0.84672,3695.15,0,36.966,0.349276,2.04469,2.05456,4.70143,0.987111,7.46429,0.42336,36.966,0.42336,423.524,0,1.02816,0,0,3.07285,2.04469,1.028160,1,0,91.6397,0,0,0,91.6397,0
47.9227,2.35597,0,0,3.29724,0.202641,0.36288,3.6288,54.8298,0.421088,0,0,0.840482,0.211879,0,0.66528,12.849,1,0.636673,0.36288,0,73.6128,4.37714,68.9619,0.84672,12.849,0.84672,3695.15,0,36.966,0.284974,1.25185,2.05457,3.14126,1.03157,5.13114,0.42336,36.966,0.42336,423.524,0,1.02816,0,0,2.28001,1.25185,1.028160,1,0,74.093,0,0,0,74.093,0
46.6521,2.35992,0,0,1.65565,0.203476,0.36288,3.6288,54.7779,0.421739,0,0,0.581953,0.212169,0,0.66528,12.849,1,0.632741,0.36288,0,41.328,4.37714,36.681,0.84672,12.849,0.84672,3695.15,0,36.966,0.284334,0.389016,1.90068,2.24043,1.03157,3.21422,0.42336,36.966,0.42336,423.524,0,1.02816,0,0,1.41718,0.389016,1.028160,1,0,39.8952,0,0,0,39.8952,0
47.3774,2.34643,0,0,3.64976,0.21513,0.36288,3.6288,54.8289,0.421584,0,0,0.69776,0.225172,0,0.66528,12.849,1,0.646257,0.36288,0,41.159,3.78801,37.0876,0.84672,12.849,0.84672,3695.15,0,36.966,0.2845,1.46292,1.90069,2.88351,1.03434,4.92827,0.42336,36.966,0.42336,423.524,0,1.02816,0,0,2.49108,1.46292,1.028160,1,0,42.0159,0,0,0,42.0159,0
49.2569,2.35422,0,0,4.82843,0.231878,0.36288,3.6288,55.1348,0.421749,0,0,0.914604,0.186949,0,0.66528,12.849,1,0.638478,0.36288,0,69.3885,3.05736,66.0556,0.84672,12.849,0.84672,3695.15,0,36.966,0.284346,2.4051,1.90071,4.65158,0.901242,7.7718,0.42336,36.966,0.42336,423.524,0,1.02816,0,0,3.43326,2.4051,1.028160,1,0,73.8274,0,0,0,73.8274,0
50.6533,2.32669,0,0,4.33337,0.247376,0.36288,3.6288,55.6747,0.4022,0,0,1.12882,0.186696,0,0.66528,12.849,1,0.606935,0.36288,0,90.2249,3.21644,86.7644,0.84672,12.849,0.84672,3695.15,0,36.966,0.269661,1.68485,1.90072,3.61925,0.878776,6.05638,0.42336,36.966,0.42336,423.524,0,1.02816,0,0,2.71301,1.68485,1.028160,1,0,92.8208,0,0,0,92.8208,0
54.6045,2.46197,0,0,7.03086,0.254778,0.36288,3.6288,56.5775,0.458057,0,0,1.55091,0.190024,0,0.66528,12.849,1,0.624518,0.36288,0,104.894,3.31307,101.319,0.84672,12.849,0.84672,3695.15,0,36.966,0.304133,2.34173,1.8632,3.7307,0.878737,6.75275,0.42336,36.966,0.42336,423.524,0,1.02816,0,0,3.36989,2.34173,1.028160,1,0,108.072,0,0,0,108.072,0
59.4053,2.49856,0,0,7.90465,0.242468,0.36288,3.6288,57.7825,0.460993,0,0,1.84695,0.181006,0,0.66528,12.849,1,0.587936,0.36288,0,136.38,3.19418,132.961,0.84672,12.849,0.84672,3695.15,0,36.966,0.301199,2.40008,1.96163,5.99659,0.868362,9.18874,0.42336,36.966,0.42336,423.524,0,1.02816,0,0,3.42824,2.40008,1.028160,1,0,142.149,0,0,0,142.149,0
67.6701,2.53762,0,0,11.3876,0.222219,0.36288,3.6288,58.9367,0.464824,0,0,1.78781,0.168797,0,0.66528,12.849,1,0.548873,0.36288,0,220.582,3.03566,217.36,0.84672,12.849,0.84672,3695.15,0,36.966,0.297369,3.08884,1.96163,7.43049,0.854529,11.3291,0.42336,36.966,0.42336,423.524,0,1.02816,0,0,4.117,3.08884,1.028160,1,0,228.689,0,0,0,228.689,0
71.0711,2.59396,0,0,6.59432,0.236534,0.36288,3.6288,60.9991,0.468404,0,0,2.70723,0.176397,0,0.66528,12.849,1,0.492534,0.36288,0,178.177,3.32308,174.724,0.84672,12.849,0.84672,3695.15,0,36.966,0.29379,3.55808,1.96164,8.565,0.897372,12.8936,0.42336,36.966,0.42336,423.524,0,1.02816,0,0,4.58624,3.55808,1.028160,1,0,187.617,0,0,0,187.617,0
72.29,2.81224,0,0,7.69617,0.287712,3.3773,3.6288,61.308,0.581065,0,0,2.507,0.195707,1.42133,0.66528,12.849,1,0.508426,3.3773,0,167.986,3.90783,166.947,0.84672,12.849,0.84672,3695.15,0,36.966,0.352131,3.66632,1.96164,7.95666,1.0957,12.1368,0.42336,36.966,0.42336,423.524,0,1.02816,0,0,4.69448,3.66632,1.028160,1,0,180.505,0,0,0,180.505,0
72.29,2.81952,0,0,6.16324,0.298542,3.04518,3.6288,61.308,0.582173,0,0,2.1163,0.196324,1.3378,0.66528,12.849,1,0.501148,3.04518,0,145.33,3.88553,143.988,0.84672,12.849,0.84672,3695.15,0,36.966,0.351024,2.42476,2.13764,6.57342,1.11091,9.67388,0.42336,36.966,0.42336,423.524,0,1.02816,0,0,3.45292,2.42476,1.028160,1,0,155,0,0,0,155,0
72.29,2.81952,0,0,5.6696,0.298542,2.55154,3.6288,61.308,0.582174,0,0,1.5284,0.196324,0.749901,0.66528,12.849,1,0.501148,2.55154,0,101.471,3.88553,99.6356,0.84672,12.849,0.84672,3695.15,0,36.966,0.351025,1.62408,2.13764,4.20345,1.11091,6.50323,0.42336,36.966,0.42336,423.524,0,1.02816,0,0,2.65224,1.62408,1.028160,1,0,106.889,0,0,0,106.889,0
72.29,2.81952,0,0,3.96,0.308819,0.831657,3.6288,61.308,0.582175,0,0,1.39954,0.187973,0.629394,0.66528,12.849,1,0.501149,0.831657,0,95.0652,3.6643,91.7314,0.84672,12.849,0.84672,3695.15,0,36.966,0.351026,1.29504,2.13764,3.66649,1.02776,5.72038,0.42336,36.966,0.42336,423.524,0,1.02816,0,0,2.3232,1.29504,1.028160,1,0,98.0812,0,0,0,98.0812,0
72.29,2.51173,0,0,3.32791,0.334509,0.481676,3.6288,61.308,0.430583,0,0,1.25124,0.167096,0.653565,0.66528,12.849,1,0.44644,0.481676,0,87.7036,3.11126,84.6276,0.84672,12.849,0.84672,3695.15,0,36.966,0.259623,1.0927,2.13764,4.50979,0.819887,6.66063,0.42336,36.966,0.42336,423.524,0,1.02816,0,0,2.12086,1.0927,1.028160,1,0,91.9418,0,0,0,91.9418,0
72.29,2.51173,0,0,4.55543,0.334509,1.70919,3.6288,61.308,0.430584,0,0,1.18736,0.167096,0.58968,0.66528,12.849,1,0.446441,1.70919,0,115.554,3.11126,113.705,0.84672,12.849,0.84672,3695.15,0,36.966,0.259623,1.08256,1.88197,5.10282,0.819887,6.98784,0.42336,36.966,0.42336,423.524,0,1.02816,0,0,2.11072,1.08256,1.028160,1,0,121.283,0,0,0,121.283,0
72.29,2.51173,0,0,3.49255,0.328343,0.652473,3.6288,61.308,0.430585,0,0,1.1273,0.200413,0.496297,0.66528,12.849,1,0.446441,0.652473,0,86.8087,3.85172,83.163,0.84672,12.849,0.84672,3695.15,0,36.966,0.259624,1.21976,1.88197,4.86415,1.02172,6.68453,0.42336,36.966,0.42336,423.524,0,1.02816,0,0,2.24792,1.21976,1.028160,1,0,90.3438,0,0,0,90.3438,0
72.29,2.51173,0,0,4.38381,0.323718,1.54835,3.6288,61.308,0.430586,0,0,1.43909,0.225401,0.7831,0.66528,12.849,1,0.446442,1.54835,0,95.6517,4.40706,92.3466,0.84672,12.849,0.84672,3695.15,0,36.966,0.259624,1.33382,1.88197,5.16378,1.1731,6.94685,0.42336,36.966,0.42336,423.524,0,1.02816,0,0,2.36198,1.33382,1.028160,1,0,100.077,0,0,0,100.077,0
72.29,2.51174,0,0,3.92577,0.308571,1.10547,3.6288,61.308,0.430587,0,0,1.34529,0.191645,0.723059,0.66528,12.849,1,0.446442,1.10547,0,86.3862,4.82439,82.2208,0.84672,12.849,0.84672,3695.15,0,36.966,0.259625,2.99954,1.88197,6.54496,1.16839,9.99845,0.42336,36.966,0.42336,423.524,0,1.02816,0,0,4.0277,2.99954,1.028160,1,0,92.9423,0,0,0,92.9423,0
71.9411,2.60351,0,0,2.92353,0.306047,0.36288,3.6288,61.308,0.473703,0,0,1.22065,0.186019,0.560929,0.66528,12.849,1,0.462754,0.36288,0,73.9014,4.89394,68.9076,0.84672,12.849,0.84672,3695.15,0,36.966,0.285622,0.935142,1.88198,6.30701,1.16761,7.6709,0.42336,36.966,0.42336,423.524,0,1.02816,0,0,1.9633,0.935142,1.028160,1,0,77.1394,0,0,0,77.1394,0
71.3234,2.60161,0,0,2.65207,0.305237,0.36288,3.6288,61.308,0.473704,0,0,0.997756,0.186019,0.338033,0.66528,12.849,1,0.464659,0.36288,0,68.0728,4.89394,63.0771,0.84672,12.849,0.84672,3695.15,0,36.966,0.285622,0.729588,1.95563,4.14274,1.16761,5.37473,0.42336,36.966,0.42336,423.524,0,1.02816,0,0,1.75775,0.729588,1.028160,1,0,68.7899,0,0,0,68.7899,0
70.6191,2.5982,0,0,2.53391,0.277215,0.36288,3.6288,61.308,0.473705,0,0,0.931401,0.200292,0.257404,0.66528,12.849,1,0.468069,0.36288,0,57.8229,5.06846,52.6492,0.84672,12.849,0.84672,3695.15,0,36.966,0.285623,0.618313,1.95563,3.95809,1.20196,5.04445,0.42336,36.966,0.42336,423.524,0,1.02816,0,0,1.64647,0.618313,1.028160,1,0,57.9511,0,0,0,57.9511,0
70.2122,2.59425,0,0,2.7763,0.225972,0.36288,3.6288,61.308,0.473706,0,0,1.16875,0.170023,0.525021,0.66528,12.849,1,0.47202,0.36288,0,69.7321,4.418,65.205,0.84672,12.849,0.84672,3695.15,0,36.966,0.285624,1.04812,1.95563,4.18513,1.13402,5.76923,0.42336,36.966,0.42336,423.524,0,1.02816,0,0,2.07628,1.04812,1.028160,1,0,71.4993,0,0,0,71.4993,0
69.6674,2.55622,0,0,2.62979,0.255493,0.36288,3.6288,61.308,0.456961,0,0,1.33031,0.153978,0.71937,0.66528,12.849,1,0.467794,0.36288,0,67.1449,4.04193,62.9981,0.84672,12.849,0.84672,3695.15,0,36.966,0.275527,1.21971,1.95563,4.12035,1.07785,5.94231,0.42336,36.966,0.42336,423.524,0,1.02816,0,0,2.24787,1.21971,1.028160,1,0,69.6597,0,0,0,69.6597,0
68.9423,2.55313,0,0,2.38327,0.192409,0.36288,3.6288,61.308,0.456962,0,0,1.10101,0.190164,0.453886,0.66528,12.849,1,0.470883,0.36288,0,60.7124,4.37794,56.2265,0.84672,12.849,0.84672,3695.15,0,36.966,0.275528,1.04208,1.92698,3.78453,1.09992,5.37814,0.42336,36.966,0.42336,423.524,0,1.02816,0,0,2.07024,1.04208,1.028160,1,0,62.0585,0,0,0,62.0585,0
68.1808,2.54896,0,0,2.31428,0.163952,0.36288,3.6288,61.308,0.456963,0,0,1.19032,0.203244,0.530117,0.66528,12.849,1,0.475058,0.36288,0,58.5572,4.49327,53.9517,0.84672,12.849,0.84672,3695.15,0,36.966,0.275528,1.19129,1.92698,4.18822,1.1068,5.92415,0.42336,36.966,0.42336,423.524,0,1.02816,0,0,2.21945,1.19129,1.028160,1,0,60.406,0,0,0,60.406,0
67.3201,2.5445,0,0,2.20717,0.160499,0.36288,3.6288,61.308,0.456964,0,0,1.06979,0.202491,0.410333,0.66528,12.849,1,0.479523,0.36288,0,53.9101,4.4594,49.3341,0.84672,12.849,0.84672,3695.15,0,36.966,0.275529,0.975586,1.92698,3.84948,1.09336,5.38316,0.42336,36.966,0.42336,423.524,0,1.02816,0,0,2.00375,0.975586,1.028160,1,0,55.1276,0,0,0,55.1276,0
66.7117,2.65981,0,0,2.55894,0.144632,0.36288,3.6288,61.308,0.516349,0,0,1.25512,0.197973,0.540802,0.66528,12.849,1,0.507663,0.36288,0,54.4198,4.25618,50.0189,0.84672,12.849,0.84672,3695.15,0,36.966,0.311336,1.19649,1.92698,3.81352,1.01269,5.61297,0.42336,36.966,0.42336,423.524,0,1.02816,0,0,2.22465,1.19649,1.028160,1,0,56.1726,0,0,0,56.1726,0
65.7701,2.65593,0,0,2.22117,0.143938,0.36288,3.6288,61.308,0.51635,0,0,1.08458,0.197973,0.370256,0.66528,12.849,1,0.511546,0.36288,0,48.6042,4.25618,44.1994,0.84672,12.849,0.84672,3695.15,0,36.966,0.311336,0.971464,2.02741,3.42655,1.01269,5.1014,0.42336,36.966,0.42336,423.524,0,1.02816,0,0,1.99962,0.971464,1.028160,1,0,49.671,0,0,0,49.671,0
64.5723,2.64981,0,0,1.9577,0.142864,0.36288,3.6288,61.308,0.516351,0,0,0.956362,0.197973,0.242037,0.66528,12.849,1,0.517673,0.36288,0,45.9478,4.25618,41.5368,0.84672,12.849,0.84672,3695.15,0,36.966,0.311337,0.900426,2.02741,3.42871,1.01269,5.03252,0.42336,36.966,0.42336,423.524,0,1.02816,0,0,1.92859,0.900426,1.028160,1,0,46.8114,0,0,0,46.8114,0
63.2167,2.6418,0,0,1.78619,0.137026,0.36288,3.6288,61.308,0.516352,0,0,0.895657,0.202912,0.176392,0.66528,12.849,1,0.525683,0.36288,0,42.0216,4.35399,37.5048,0.84672,12.849,0.84672,3695.15,0,36.966,0.311337,0.809326,2.02741,3.29919,1.03938,4.78521,0.42336,36.966,0.42336,423.524,0,1.02816,0,0,1.83749,0.809326,1.028160,1,0,42.4664,0,0,0,42.4664,0
61.9417,2.63244,0,0,1.84635,0.126096,0.36288,3.6288,61.2946,0.516353,0,0,0.716118,0.213118,0,0.66528,12.849,1,0.535051,0.36288,0,31.3871,4.23168,26.9833,0.84672,12.849,0.84672,3695.15,0,36.966,0.311338,0.315092,2.02742,2.34413,0.992056,3.38325,0.42336,36.966,0.42336,423.524,0,1.02816,0,0,1.34325,0.315092,1.028160,1,0,30.3665,0,0,0,30.3665,0
60.6968,2.54849,0,0,1.78527,0.11879,0.36288,3.6288,61.2247,0.533755,0,0,0.689256,0.225405,0,0.66528,12.849,1,0.52865,0.36288,0,28.2451,4.33065,23.7487,0.84672,12.849,0.84672,3695.15,0,36.966,0.321901,0.30119,2.02742,2.20954,1.03098,3.18527,0.42336,36.966,0.42336,423.524,0,1.01484,0,0,1.31603,0.30119,1.028160,1,0,26.934,0,0,0,26.934,0
59.2606,2.53954,0,0,1.56231,0.0960377,0.36288,3.6288,61.0273,0.588477,0,0,0.651214,0.26013,0,0.66528,12.849,1,0.537599,0.36288,0,26.5406,5.07698,21.2889,0.84672,12.849,0.84672,3695.15,0,36.966,0.355308,0.261274,2.0218,2.15016,1.29017,2.78776,0.42336,36.966,0.42336,423.524,0,0.926709,0,0,1.18798,0.261274,1.028160,1,0,24.0767,0,0,0,24.0767,0
57.783,2.52884,0,0,1.50924,0.0951414,0.36288,3.6288,60.8811,0.532761,0,0,0.640933,0.254455,0,0.66528,12.849,1,0.548307,0.36288,0,24.4343,5.34818,18.9007,0.84672,12.849,0.84672,3695.15,0,36.966,0.322708,0.261274,2.0218,2.14729,1.39076,2.71689,0.42336,36.966,0.42336,423.524,0,1.01503,0,0,1.2763,0.261274,1.028160,1,0,21.6176,0,0,0,21.6176,0
56.177,2.51737,0,0,1.38049,0.106267,0.36288,3.6288,60.4765,0.655349,0,0,0.515234,0.264484,0,0.66528,12.849,1,0.559778,0.36288,0,21.5887,5.44501,15.9468,0.84672,12.849,0.84672,3695.15,0,36.966,0.397917,0.261274,2.0218,1.89649,1.38296,2.39869,0.42336,36.966,0.42336,423.524,0,0.817232,0,0,1.07851,0.261274,1.028160,1,0,18.3455,0,0,0,18.3455,0
54.6011,2.56279,0,0,1.43898,0.0892385,0.36288,3.6288,59.8656,0.801292,0,0,0.498766,0.308391,0,0.66528,12.849,1,0.58617,0.36288,0,22.8281,5.83989,16.7649,0.84672,12.849,0.84672,3695.15,0,36.966,0.42336,0.261274,2.0218,1.67903,1.52998,2.00877,0.42336,36.966,0.42336,423.524,0,0.691554,0,0,0.952828,0.261274,1.028160,1,0,18.7737,0,0,0,18.7737,0
53.0049,2.5491,0,0,1.40364,0.0878426,0.36288,3.6288,59.3016,0.716276,0,0,0.459546,0.307194,0,0.66528,12.849,1,0.599866,0.36288,0,22.7987,5.83989,16.7218,0.84672,12.849,0.84672,3695.15,0,36.966,0.42336,0.261274,2.07058,1.7992,1.52998,2.17771,0.42336,36.966,0.42336,423.524,0,0.776572,0,0,1.03785,0.261274,1.028160,1,0,18.8995,0,0,0,18.8995,0
51.3345,2.53456,0,0,1.31349,0.0864287,0.36288,3.6288,58.694,0.726939,0,0,0.425376,0.306088,0,0.66528,12.849,1,0.614407,0.36288,0,20.5816,5.83989,14.4902,0.84672,12.849,0.84672,3695.15,0,36.966,0.42336,0.227405,2.07058,1.60578,1.52998,1.95042,0.42336,36.966,0.42336,423.524,0,0.76591,0,0,0.993315,0.227405,1.028160,1,0,16.4406,0,0,0,16.4406,0
49.574,2.51857,0,0,1.20585,0.084949,0.36288,3.6288,58.0013,0.808528,0,0,0.420702,0.304897,0,0.66528,12.849,1,0.630397,0.36288,0,18.8139,5.83989,12.7065,0.84672,12.849,0.84672,3695.15,0,36.966,0.42336,0.227405,2.07058,1.57051,1.52998,1.91515,0.42336,36.966,0.42336,423.524,0,0.684323,0,0,0.911727,0.227405,1.028160,1,0,14.6217,0,0,0,14.6217,0
47.5379,2.66781,0,0,1.09959,0.104929,0.36288,3.6288,56.4949,1.43949,0,0,0.270766,0.33766,0,0.66528,12.849,1,0.691466,0.36288,0,14.3467,6.27804,7.74009,0.84672,12.849,0.84672,3695.15,0,36.966,0.42336,0.227405,2.07058,1.20655,1.50224,1.57893,0.42336,36.966,0.42336,423.524,0,0.218338,0,0,0.445743,0.227405,1.028160,1,0,9.31903,0,0,0,9.31903,0
45.6605,2.6445,0,0,1.22867,0.0987257,0.36288,3.6288,55.1652,1.32548,0,0,0.332729,0.336887,0,0.66528,12.849,1,0.714781,0.36288,0,18.256,6.35282,11.5513,0.84672,12.849,0.84672,3695.15,0,36.966,0.42336,0.227405,2.23746,1.28069,1.51718,1.80501,0.42336,36.966,0.42336,423.524,0,0.332355,0,0,0.55976,0.227405,1.028160,1,0,13.3563,0,0,0,13.3563,0
43.55,2.62157,0,0,0.970687,0.0966929,0.36288,3.6288,53.6129,1.46124,0,0,0.242877,0.333966,0,0.66528,12.849,1,0.737717,0.36288,0,18.8396,6.35282,12.112,0.84672,12.849,0.84672,3695.15,0,36.966,0.42336,0.204422,2.23746,1.01477,1.51718,1.51611,0.42336,36.966,0.42336,423.524,0,0.196596,0,0,0.401019,0.204422,1.028160,1,0,13.6281,0,0,0,13.6281,0
41.701,2.59396,0,0,1.20222,0.0944078,0.36288,3.6288,52.5395,1.14699,0,0,0.404065,0.330462,0,0.66528,12.849,1,0.765323,0.36288,0,16.6962,6.35282,9.94094,0.84672,12.849,0.84672,3695.15,0,36.966,0.42336,0.204422,2.23746,1.52491,1.51718,2.02625,0.42336,36.966,0.42336,423.524,0,0.510841,0,0,0.715263,0.204422,1.028160,1,0,11.9672,0,0,0,11.9672,0
40.0041,2.56802,0,0,1.29321,0.0592021,0.36288,3.6288,51.1799,1.31097,0,0,0.316429,0.365113,0,0.66528,12.849,1,0.791265,0.36288,0,20.3154,6.73622,13.1508,0.84672,12.849,0.84672,3695.15,0,36.966,0.42336,0.204422,2.23746,1.14699,1.64185,1.52366,0.42336,36.966,0.42336,423.524,0,0.346866,0,0,0.551288,0.204422,1.028160,1,0,14.6745,0,0,0,14.6745,0
38.3887,2.46504,0,0,1.3406,0.128114,0.36288,3.6288,50.0807,1.15834,0,0,0.363411,0.304205,0,0.66528,12.849,1,0.791753,0.36288,0,20.0961,4.99767,14.6696,0.84672,12.849,0.84672,3695.15,0,36.966,0.42336,0.204422,2.23746,1.02689,1.21517,1.83024,0.42336,36.966,0.42336,423.524,0,0.399366,0,0,0.603788,0.204422,1.028160,1,0,16.4998,0,0,0,16.4998,0
36.9733,2.44008,0,0,1.53979,0.152253,0.36288,3.6288,49.2541,1.02752,0,0,0.495979,0.295065,0,0.66528,12.849,1,0.816716,0.36288,0,20.3084,4.77729,15.0773,0.84672,12.849,0.84672,3695.15,0,36.966,0.42336,0.216518,2.14089,1.42403,1.19011,2.16798,0.42336,36.966,0.42336,423.524,0,0.530185,0,0,0.746703,0.216518,1.028160,1,0,17.2453,0,0,0,17.2453,0
35.5181,2.41688,0,0,1.47433,0.149742,0.36288,3.6288,48.3996,1.04787,0,0,0.486461,0.293067,0,0.66528,12.849,1,0.839919,0.36288,0,27.0776,4.77729,21.8233,0.84672,12.849,0.84672,3695.15,0,36.966,0.42336,0.216518,2.1409,1.42366,1.19011,2.1676,0.42336,36.966,0.42336,423.524,0,0.509838,0,0,0.726356,0.216518,1.028160,1,0,23.9909,0,0,0,23.9909,0
33.9256,2.41009,0,0,1.33565,0.155183,0.36288,3.6288,47.6937,0.960427,0,0,0.524248,0.269767,0,0.66528,12.849,1,0.84672,0.36288,0,35.1515,4.6032,30.0645,0.84672,12.849,0.84672,3695.15,0,36.966,0.42336,0.216518,2.1409,1.48876,1.12877,2.29405,0.42336,36.966,0.42336,423.524,0,0.597281,0,0,0.8138,0.216518,1.028160,1,0,32.3585,0,0,0,32.3585,0
32.2686,2.32596,0,0,1.20371,0.171874,0.36288,3.6288,46.8638,0.980021,0,0,0.365558,0.215409,0,0.66528,12.849,1,0.84672,0.36288,0,33.6995,4.16798,29.0476,0.84672,12.849,0.84672,3695.15,0,36.966,0.42336,0.216518,2.1409,0.96426,0.975409,1.92291,0.42336,36.966,0.42336,423.524,0,0.48654,0,0,0.703058,0.216518,1.028160,1,0,30.9705,0,0,0,30.9705,0
31.9997,2.0863,0,0,2.34866,0.168374,0.36288,3.6288,46.7162,0.591121,0,0,0.657398,0.213915,0,0.66528,12.849,1,0.830743,0.36288,0,47.4596,4.16798,42.8238,0.84672,12.849,0.84672,3695.15,0,36.966,0.42336,0.216518,2.05471,1.86957,0.975409,2.74203,0.42336,36.966,0.42336,423.524,0,0.723164,0,0,0.939682,0.216518,1.028160,1,0,45.5658,0,0,0,45.5658,0
31.2958,2.08132,0,0,1.90811,0.167806,0.36288,3.6288,46.9094,0.396076,0,0,0.80295,0.213645,0,0.66528,12.849,1,0.835724,0.36288,0,42.9176,4.16798,38.2768,0.84672,12.849,0.84672,3695.15,0,36.966,0.31341,0.46402,1.88916,1.6993,0.975409,2.76366,0.42336,36.966,0.42336,423.524,0,1.02816,0,0,1.49218,0.46402,1.028160,1,0,41.0405,0,0,0,41.0405,0
30.4061,2.07033,0,0,1.73095,0.18741,0.36288,3.6288,46.6807,0.600435,0,0,0.595042,0.223314,0,0.66528,12.849,1,0.84672,0.36288,0,42.0971,4.34195,37.2713,0.84672,12.849,0.84672,3695.15,0,36.966,0.42336,0.292723,1.88916,2.00242,1.01602,2.74492,0.42336,36.966,0.42336,423.524,0,0.713852,0,0,1.00658,0.292723,1.028160,1,0,40.0162,0,0,0,40.0162,0
29.5668,1.89611,0,0,1.62079,0.201113,0.36288,3.6288,45.7876,0.881405,0,0,0.202551,0.214293,0,0.66528,12.849,1,0.801256,0.36288,0,54.9942,4.23328,50.3225,0.84672,12.849,0.84672,3695.15,0,36.966,0.42336,0.292723,1.88916,1.33009,0.896154,2.19246,0.42336,36.966,0.42336,423.524,0,0.258343,0,0,0.551066,0.292723,1.028160,1,0,52.515,0,0,0,52.515,0
29.3384,1.88026,0,0,2.21354,0.198864,0.36288,3.6288,45.4066,0.524324,0,0,0.355892,0.21253,0,0.66528,12.849,1,0.817112,0.36288,0,59.272,4.23328,54.5845,0.84672,12.849,0.84672,3695.15,0,36.966,0.423306,0.292723,1.71314,1.99196,0.896154,2.67836,0.42336,36.966,0.42336,423.524,0,0.615479,0,0,0.908202,0.292723,1.028160,1,0,57.2629,0,0,0,57.2629,0
31.1573,1.87583,0,0,4.2382,0.180516,0.36288,3.6288,44.5463,0.921267,0,0,0.231275,0.170328,0,0.66528,12.849,1,0.821538,0.36288,0,80.352,3.57816,76.3152,0.84672,12.849,0.84672,3695.15,0,36.966,0.42336,0.412474,1.71314,1.56129,0.823764,2.43978,0.42336,36.966,0.42336,423.524,0,0.218484,0,0,0.630958,0.412474,1.028160,1,0,78.755,0,0,0,78.755,0
33.5064,1.90979,0,0,4.79943,0.177679,0.36288,3.6288,44.1894,0.661649,0,0,0.457333,0.152515,0,0.66528,12.849,1,0.787581,0.36288,0,67.621,3.31611,63.8801,0.84672,12.849,0.84672,3695.15,0,36.966,0.42336,0.412474,1.71315,2.19795,0.794809,3.1054,0.42336,36.966,0.42336,423.524,0,0.478103,0,0,0.890577,0.412474,1.028160,1,0,66.9856,0,0,0,66.9856,0
38.3747,1.9497,0,0,7.34365,0.162728,0.36288,3.6288,46.5123,0.291284,0,0,2.79117,0.177063,0,0.66528,12.849,1,0.74767,0.36288,0,76.6791,4.11153,72.1828,0.84672,12.849,0.84672,3695.15,0,36.966,0.243669,1.22242,1.71315,4.98175,0.990698,6.68295,0.42336,36.966,0.42336,423.524,0,1.02816,0,0,2.25058,1.22242,1.028160,1,0,78.8658,0,0,0,78.8658,0
41.2416,2.08407,0,0,5.49469,0.180864,0.36288,3.6288,47.5926,0.326225,0,0,1.62126,0.214684,0,0.66528,12.849,1,0.697807,0.36288,0,137.652,4.32696,132.99,0.84672,12.849,0.84672,3695.15,0,36.966,0.25927,1.37708,1.71315,4.85015,1.17632,6.50478,0.42336,36.966,0.42336,423.524,0,1.02816,0,0,2.40524,1.37708,1.028160,1,0,139.495,0,0,0,139.495,0
42.8224,2.12104,0,0,4.26003,0.19529,0.36288,3.6288,48.293,0.363325,0,0,1.29007,0.226338,0,0.66528,12.849,1,0.660819,0.36288,0,149.611,4.55553,144.758,0.84672,12.849,0.84672,3695.15,0,36.966,0.282201,0.503194,1.76803,4.18191,1.24763,4.92331,0.42336,36.966,0.42336,423.524,0,0.968121,0,0,1.47131,0.503194,1.028160,1,0,149.681,0,0,0,149.681,0
44.2551,2.1398,0,0,4.13427,0.198927,0.36288,3.6288,48.7294,0.420818,0,0,1.08487,0.227664,0,0.66528,12.849,1,0.642052,0.36288,0,126.842,4.55553,122.007,0.84672,12.849,0.84672,3695.15,0,36.966,0.322116,0.503194,1.76802,3.13006,1.24763,3.83153,0.42336,36.966,0.42336,423.524,0,0.870705,0,0,1.3739,0.503194,1.028160,1,0,125.839,0,0,0,125.839,0
46.0663,2.15589,0,0,4.53002,0.200111,0.36288,3.6288,49.7449,0.33292,0,0,1.57658,0.228194,0,0.66528,12.849,1,0.625941,0.36288,0,132.416,4.45694,127.696,0.84672,12.849,0.84672,3695.15,0,36.966,0.252552,1.26155,1.76802,5.25507,1.22259,6.8095,0.42336,36.966,0.42336,423.524,0,1.02816,0,0,2.28971,1.26155,1.028160,1,0,134.505,0,0,0,134.505,0
49.1397,2.38728,0,0,6.01493,0.191304,0.36288,3.6288,51.7961,0.444718,0,0,2.72428,0.228328,0,0.66528,12.849,1,0.665872,0.36288,0,133.042,3.86536,128.874,0.84672,12.849,0.84672,3695.15,0,36.966,0.330475,2.22614,1.76801,7.55511,1.07235,10.1464,0.42336,36.966,0.42336,423.524,0,1.02816,0,0,3.2543,2.22614,1.028160,1,0,139.02,0,0,0,139.02,0
52.9876,2.42029,0,0,6.82887,0.197858,0.36288,3.6288,53.8812,0.45235,0,0,2.76963,0.232174,0,0.66528,12.849,1,0.632854,0.36288,0,134.236,3.86536,130.101,0.84672,12.849,0.84672,3695.15,0,36.966,0.322834,2.32089,1.96543,7.66708,1.07235,10.5582,0.42336,36.966,0.42336,423.524,0,1.02816,0,0,3.34905,2.32089,1.028160,1,0,140.659,0,0,0,140.659,0
56.9801,2.45726,0,0,7.01853,0.205876,0.36288,3.6288,55.7938,0.459755,0,0,2.59346,0.221132,0,0.66528,12.849,1,0.595864,0.36288,0,138.302,3.7337,134.336,0.84672,12.849,0.84672,3695.15,0,36.966,0.315421,2.18521,1.96542,7.09964,1.00881,9.92604,0.42336,36.966,0.42336,423.524,0,1.02816,0,0,3.21337,2.18521,1.028160,1,0,144.262,0,0,0,144.262,0
61.0817,2.49132,0,0,7.18837,0.232489,0.36288,3.6288,57.6057,0.466253,0,0,2.47955,0.20142,0,0.66528,12.849,1,0.561793,0.36288,0,130.589,3.37914,127.011,0.84672,12.849,0.84672,3695.15,0,36.966,0.308914,2.03509,1.96541,6.9054,0.886283,9.71071,0.42336,36.966,0.42336,423.524,0,1.02816,0,0,3.06325,2.03509,1.028160,1,0,136.722,0,0,0,136.722,0
61.8895,2.44403,0,0,3.84557,0.230883,0.36288,3.6288,58.9282,0.420414,0,0,1.92486,0.181897,0,0.66528,12.849,1,0.51412,0.36288,0,80.7028,2.82144,77.7301,0.84672,12.849,0.84672,3695.15,0,36.966,0.269783,1.43815,1.9654,5.93527,0.71914,8.34989,0.42336,36.966,0.42336,423.524,0,1.02816,0,0,2.46631,1.43815,1.028160,1,0,86.08,0,0,0,86.08,0
63.4654,2.20773,0,0,4.39741,0.250936,0.36288,3.6288,60.6424,0.319878,0,0,2.20768,0.173593,0,0.66528,12.849,1,0.458352,0.36288,0,74.1001,2.8182,71.1864,0.84672,12.849,0.84672,3695.15,0,36.966,0.200661,1.62635,1.88196,6.19239,0.730062,8.76998,0.42336,36.966,0.42336,423.524,0,1.02816,0,0,2.65451,1.62635,1.028160,1,0,79.9564,0,0,0,79.9564,0
66.0739,2.21719,0,0,5.44279,0.254193,0.36288,3.6288,61.308,0.323398,0,0,2.55035,0.175503,1.38589,0.66528,12.849,1,0.448885,0.36288,0,95.0728,2.8182,92.1686,0.84672,12.849,0.84672,3695.15,0,36.966,0.197135,1.69833,1.69615,6.8815,0.730062,9.34878,0.42336,36.966,0.42336,423.524,0,1.02816,0,0,2.72649,1.69833,1.028160,1,0,102.903,0,0,0,102.903,0
68.9715,2.23202,0,0,5.76069,0.268231,0.36288,3.6288,61.308,0.324728,0,0,2.86404,0.18229,2.35702,0.66528,12.849,1,0.434047,0.36288,0,126.452,2.98989,123.391,0.84672,12.849,0.84672,3695.15,0,36.966,0.195797,2.23398,1.69614,7.5901,0.727617,10.5968,0.42336,36.966,0.42336,423.524,0,1.02816,0,0,3.26214,2.23398,1.028160,1,0,136.344,0,0,0,136.344,0
70.1333,2.49356,0,0,4.32619,0.307896,0.36288,3.6288,61.308,0.430558,0,0,1.55196,0.161823,0.959579,0.66528,12.849,1,0.464537,0.36288,0,79.8727,2.81439,76.9566,0.84672,12.849,0.84672,3695.15,0,36.966,0.259607,0.707694,1.69613,4.57441,0.578938,6.1397,0.42336,36.966,0.42336,423.524,0,1.02816,0,0,1.73585,0.707694,1.028160,1,0,84.0559,0,0,0,84.0559,0
71.961,2.5914,0,0,5.09299,0.311065,0.36288,3.6288,61.308,0.473667,0,0,1.94044,0.16738,1.29939,0.66528,12.849,1,0.474766,0.36288,0,91.472,2.90672,88.4534,0.84672,12.849,0.84672,3695.15,0,36.966,0.2856,0.958332,1.88193,5.78939,0.721015,7.62303,0.42336,36.966,0.42336,423.524,0,1.02816,0,0,1.98649,0.958332,1.028160,1,0,97.3758,0,0,0,97.3758,0
72.2355,2.60162,0,0,3.55444,0.315451,0.36288,3.6288,61.308,0.722694,0,0,1.36618,0.16738,0.476108,0.66528,12.849,1,0.464533,0.36288,0,61.7041,2.90672,58.6957,0.84672,12.849,0.84672,3695.15,0,36.966,0.42336,0.528595,1.95557,4.41298,0.721015,5.75277,0.42336,36.966,0.42336,423.524,0,0.641364,0,0,1.16996,0.528595,1.028160,1,0,64.9246,0,0,0,64.9246,0
72.29,2.60311,0,0,4.40922,0.316109,1.43546,3.6288,61.308,0.473657,0,0,2.79007,0.16738,2.14904,0.66528,12.849,1,0.463032,1.43546,0,104.133,2.90672,102.199,0.84672,12.849,0.84672,3695.15,0,36.966,0.285594,1.69458,1.95556,8.02442,0.721015,10.6679,0.42336,36.966,0.42336,423.524,0,1.02816,0,0,2.72274,1.69458,1.028160,1,0,115.016,0,0,0,115.016,0
72.29,2.60339,0,0,3.61624,0.294819,0.718027,3.6288,61.308,0.473651,0,0,1.76121,0.192258,1.0953,0.66528,12.849,1,0.462733,0.718027,0,69.3584,3.48789,66.1258,0.84672,12.849,0.84672,3695.15,0,36.966,0.285591,0.772027,1.95555,4.82547,0.804377,6.46308,0.42336,36.966,0.42336,423.524,0,1.02816,0,0,1.80019,0.772027,1.028160,1,0,73.6842,0,0,0,73.6842,0
71.8346,2.5675,0,0,2.7412,0.266258,0.36288,3.6288,61.308,0.557216,0,0,1.05934,0.225428,0.276698,0.66528,12.849,1,0.456353,0.36288,0,51.005,4.26279,46.6488,0.84672,12.849,0.84672,3695.15,0,36.966,0.335976,0.528595,1.95554,3.05324,0.915526,4.28587,0.42336,36.966,0.42336,423.524,0,0.867361,0,0,1.39596,0.528595,1.028160,1,0,51.2113,0,0,0,51.2113,0
70.912,2.56503,0,0,2.27073,0.265338,0.36288,3.6288,61.308,0.630898,0,0,0.966989,0.225428,0.110663,0.66528,12.849,1,0.458806,0.36288,0,44.0333,4.26279,39.6746,0.84672,12.849,0.84672,3695.15,0,36.966,0.380403,0.528595,1.92687,2.70871,0.915526,3.86825,0.42336,36.966,0.42336,423.524,0,0.749244,0,0,1.27784,0.528595,1.028160,1,0,43.6535,0,0,0,43.6535,0
69.7744,2.55997,0,0,2.0487,0.263474,0.36288,3.6288,61.1363,0.773279,0,0,0.826969,0.225428,0,0.66528,12.849,1,0.463857,0.36288,0,42.7995,4.26279,38.4358,0.84672,12.849,0.84672,3695.15,0,36.966,0.42336,0.402797,1.92686,2.75997,0.915526,3.75074,0.42336,36.966,0.42336,423.524,0,0.563898,0,0,0.966695,0.402797,1.028160,1,0,42.1865,0,0,0,42.1865,0
69.1594,2.55357,0,0,2.53681,0.235435,0.36288,3.6288,61.2009,0.690193,0,0,0.992071,0.237287,0,0.66528,12.849,1,0.470241,0.36288,0,47.4042,4.42041,42.8765,0.84672,12.849,0.84672,3695.15,0,36.966,0.417325,0.402797,1.92686,2.80516,0.949745,3.76774,0.42336,36.966,0.42336,423.524,0,0.653011,0,0,1.05581,0.402797,1.028160,1,0,46.6442,0,0,0,46.6442,0
67.9469,2.671,0,0,2.01276,0.191367,0.36288,3.6288,60.8923,0.805494,0,0,0.719876,0.2229,0,0.66528,12.849,1,0.49624,0.36288,0,36.0077,3.78609,32.0883,0.84672,12.849,0.84672,3695.15,0,36.966,0.42336,0.402797,1.92685,2.16601,1.02422,3.04808,0.42336,36.966,0.42336,423.524,0,0.626849,0,0,1.02965,0.402797,1.028160,1,0,35.1363,0,0,0,35.1363,0
66.6151,2.66354,0,0,1.86214,0.167483,0.36288,3.6288,60.5929,0.803481,0,0,0.731817,0.227806,0,0.66528,12.849,1,0.503684,0.36288,0,32.6206,3.94863,28.5311,0.84672,12.849,0.84672,3695.15,0,36.966,0.42336,0.402797,2.02726,2.13723,0.994129,3.14979,0.42336,36.966,0.42336,423.524,0,0.628854,0,0,1.03165,0.402797,1.028160,1,0,31.6809,0,0,0,31.6809,0
65.2355,2.65508,0,0,1.80413,0.165733,0.36288,3.6288,60.3929,0.739407,0,0,0.76686,0.227373,0,0.66528,12.849,1,0.512123,0.36288,0,30.9525,3.94863,26.8547,0.84672,12.849,0.84672,3695.15,0,36.966,0.42336,0.30119,2.02725,2.21855,0.994129,3.1295,0.42336,36.966,0.42336,423.524,0,0.692919,0,0,0.99411,0.30119,1.028160,1,0,29.9842,0,0,0,29.9842,0
63.7523,2.64602,0,0,1.68957,0.16392,0.36288,3.6288,60.0437,0.829574,0,0,0.707426,0.227085,0,0.66528,12.849,1,0.521169,0.36288,0,29.0112,3.94863,24.9043,0.84672,12.849,0.84672,3695.15,0,36.966,0.42336,0.30119,2.02724,2.01016,0.994129,2.9211,0.42336,36.966,0.42336,423.524,0,0.602744,0,0,0.903934,0.30119,1.028160,1,0,27.8254,0,0,0,27.8254,0
63.0828,2.63592,0,0,2.45781,0.128476,0.36288,3.6288,60.4212,0.512183,0,0,1.13016,0.240471,0,0.66528,12.849,1,0.531258,0.36288,0,43.8986,4.4221,39.3081,0.84672,12.849,0.84672,3695.15,0,36.966,0.315326,0.643092,2.02723,3.39557,1.08511,4.66545,0.42336,36.966,0.42336,423.524,0,1.02816,0,0,1.67125,0.643092,1.028160,1,0,43.9736,0,0,0,43.9736,0
62.6528,2.55617,0,0,2.60353,0.114453,0.36288,3.6288,60.9411,0.522482,0,0,1.289,0.246619,0,0.66528,12.849,1,0.520652,0.36288,0,49.5514,4.61149,44.7822,0.84672,12.849,0.84672,3695.15,0,36.966,0.319657,0.995725,2.02722,3.82708,1.1215,5.40886,0.42336,36.966,0.42336,423.524,0,1.02816,0,0,2.02389,0.995725,1.028160,1,0,50.191,0,0,0,50.191,0
62.0022,2.55319,0,0,2.37945,0.114052,0.36288,3.6288,61.308,0.524174,0,0,1.20541,0.247434,0.066923,0.66528,12.849,1,0.523614,0.36288,0,46.6074,4.61149,41.8352,0.84672,12.849,0.84672,3695.15,0,36.966,0.317957,0.701464,2.02159,3.64171,1.1215,4.9253,0.42336,36.966,0.42336,423.524,0,1.02816,0,0,1.72962,0.701464,1.028160,1,0,46.8274,0,0,0,46.8274,0
61.1827,2.54863,0,0,2.18795,0.0958898,0.36288,3.6288,61.308,0.525356,0,0,1.14229,0.291885,0.325045,0.66528,12.849,1,0.528164,0.36288,0,41.7296,5.1761,36.3883,0.84672,12.849,0.84672,3695.15,0,36.966,0.316766,0.702605,2.02158,3.46744,1.32759,4.54726,0.42336,36.966,0.42336,423.524,0,1.02816,0,0,1.73076,0.702605,1.028160,1,0,41.2606,0,0,0,41.2606,0
60.1901,2.54277,0,0,1.99369,0.0806597,0.36288,3.6288,61.308,0.525351,0,0,1.01392,0.32776,0.160811,0.66528,12.849,1,0.534007,0.36288,0,35.6561,5.75752,29.7274,0.84672,12.849,0.84672,3695.15,0,36.966,0.316763,0.51522,2.02157,3.13162,1.50851,3.84314,0.42336,36.966,0.42336,423.524,0,1.02816,0,0,1.54338,0.51522,1.028160,1,0,33.7314,0,0,0,33.7314,0
59.1383,2.59467,0,0,1.98198,0.0762511,0.36288,3.6288,61.308,0.553856,0,0,1.15589,0.335178,0.266861,0.66528,12.849,1,0.553894,0.36288,0,39.7001,6.15247,33.3566,0.84672,12.849,0.84672,3695.15,0,36.966,0.33395,0.444571,2.02156,2.97765,1.5744,3.53543,0.42336,36.966,0.42336,423.524,0,1.02816,0,0,1.47273,0.444571,1.028160,1,0,37.1589,0,0,0,37.1589,0
57.9588,2.58657,0,0,1.84546,0.0754855,0.36288,3.6288,61.308,0.55385,0,0,1.00281,0.335178,0.113783,0.66528,12.849,1,0.561985,0.36288,0,33.6152,6.15247,27.2636,0.84672,12.849,0.84672,3695.15,0,36.966,0.333947,0.56382,2.07032,3.00511,1.5744,3.7309,0.42336,36.966,0.42336,423.524,0,1.02816,0,0,1.59198,0.56382,1.028160,1,0,31.1083,0,0,0,31.1083,0
56.6504,2.57719,0,0,1.70624,0.0746269,0.36288,3.6288,61.308,0.553845,0,0,0.929949,0.335178,0.0409269,0.66528,12.849,1,0.571343,0.36288,0,32.2341,6.15247,25.8732,0.84672,12.849,0.84672,3695.15,0,36.966,0.333944,0.370069,2.07031,2.61291,1.5744,3.14494,0.42336,36.966,0.42336,423.524,0,1.02816,0,0,1.39823,0.370069,1.028160,1,0,29.059,0,0,0,29.059,0
55.3958,2.56643,0,0,1.74416,0.0693746,0.36288,3.6288,61.308,0.553839,0,0,1.03276,0.337768,0.14115,0.66528,12.849,1,0.582097,0.36288,0,30.6578,6.22725,24.2114,0.84672,12.849,0.84672,3695.15,0,36.966,0.33394,0.558757,2.0703,3.23198,1.58934,3.93775,0.42336,36.966,0.42336,423.524,0,1.02816,0,0,1.58692,0.558757,1.028160,1,0,28.2903,0,0,0,28.2903,0
53.8721,2.7264,0,0,1.61617,0.0506647,0.36288,3.6288,61.308,0.656739,0,0,1.22742,0.306412,0.264273,0.66528,12.849,1,0.632385,0.36288,0,32.4929,6.13176,26.0916,0.84672,12.849,0.84672,3695.15,0,36.966,0.395985,1.15893,2.07029,3.38651,1.55609,4.66366,0.42336,36.966,0.42336,423.524,0,1.02816,0,0,2.18709,1.15893,1.028160,1,0,31.0195,0,0,0,31.0195,0
52.1396,2.71194,0,0,1.39353,0.0511446,0.36288,3.6288,61.308,0.656733,0,0,1.12107,0.298596,0.165737,0.66528,12.849,1,0.646825,0.36288,0,29.6863,6.04107,23.3613,0.84672,12.849,0.84672,3695.15,0,36.966,0.395981,1.13666,2.23713,3.20269,1.5356,4.64489,0.42336,36.966,0.42336,423.524,0,1.02816,0,0,2.16482,1.13666,1.028160,1,0,28.172,0,0,0,28.172,0
50.5155,2.69469,0,0,1.48371,0.0502445,0.36288,3.6288,61.308,0.656727,0,0,1.11191,0.298596,0.156584,0.66528,12.849,1,0.664064,0.36288,0,27.7312,6.04107,21.3889,0.84672,12.849,0.84672,3695.15,0,36.966,0.395977,1.10322,2.23712,3.37548,1.5356,4.78423,0.42336,36.966,0.42336,423.524,0,1.02816,0,0,2.13138,1.10322,1.028160,1,0,26.3298,0,0,0,26.3298,0
49.6442,2.67766,0,0,2.22699,0.0577919,0.36288,3.6288,61.308,0.656721,0,0,1.32396,0.296451,0.370787,0.66528,12.849,1,0.681082,0.36288,0,40.9501,5.9817,34.6502,0.84672,12.849,0.84672,3695.15,0,36.966,0.395974,1.52437,2.23711,3.58711,1.52832,5.42429,0.42336,36.966,0.42336,423.524,0,1.02816,0,0,2.55253,1.52437,1.028160,1,0,40.4452,0,0,0,40.4452,0
48.6087,2.66815,0,0,2.04372,0.0481476,0.36288,3.6288,61.308,0.656715,0,0,2.07502,0.283124,1.13518,0.66528,12.849,1,0.690575,0.36288,0,33.0857,5.18143,27.5765,0.84672,12.849,0.84672,3695.15,0,36.966,0.39597,3.71903,2.2371,5.14043,1.38133,9.31926,0.42336,36.966,0.42336,423.524,0,1.02816,0,0,4.74719,3.71903,1.028160,1,0,38.031,0,0,0,38.031,0
46.8694,2.57545,0,0,1.2244,0.0254372,0.36288,3.6288,61.308,0.594251,0,0,1.07158,0.277151,0.200174,0.66528,12.849,1,0.680781,0.36288,0,21.4688,4.69255,16.4583,0.84672,12.849,0.84672,3695.15,0,36.966,0.358307,1.81615,2.23709,3.94554,1.28474,6.35573,0.42336,36.966,0.42336,423.524,0,1.02816,0,0,2.84431,1.81615,1.028160,1,0,23.0142,0,0,0,23.0142,0
44.9649,2.55561,0,0,1.03897,0.0249576,0.36288,3.6288,61.308,0.594245,0,0,0.976804,0.277151,0.105408,0.66528,12.849,1,0.700607,0.36288,0,19.8377,4.69255,14.8074,0.84672,12.849,0.84672,3695.15,0,36.966,0.358303,1.55771,2.14052,3.75441,1.28474,5.80959,0.42336,36.966,0.42336,423.524,0,1.02816,0,0,2.58587,1.55771,1.028160,1,0,20.7224,0,0,0,20.7224,0
44.1689,2.53252,0,0,2.21522,0.115779,0.36288,3.6288,61.308,0.594239,0,0,1.78691,0.186183,1.00648,0.66528,12.849,1,0.723682,0.36288,0,43.6692,3.44678,39.8616,0.84672,12.849,0.84672,3695.15,0,36.966,0.3583,2.44317,2.14051,8.31861,0.895354,11.6486,0.42336,36.966,0.42336,423.524,0,1.02816,0,0,3.47133,2.44317,1.028160,1,0,52.5167,0,0,0,52.5167,0
44.8458,2.5224,0,0,3.70007,0.137887,0.36288,3.6288,61.308,0.594234,0,0,2.28433,0.181387,1.50871,0.66528,12.849,1,0.733782,0.36288,0,66.844,3.44865,63.0245,0.84672,12.849,0.84672,3695.15,0,36.966,0.358297,3.42609,2.1405,7.56346,0.896724,11.875,0.42336,36.966,0.42336,423.524,0,1.02816,0,0,4.45425,3.42609,1.028160,1,0,76.4082,0,0,0,76.4082,0
45.2038,2.46562,0,0,3.37412,0.187687,0.36288,3.6288,61.308,0.537376,0,0,2.77362,0.243574,1.99267,0.66528,12.849,1,0.706436,0.36288,0,60.9299,4.70568,55.8806,0.84672,12.849,0.84672,3695.15,0,36.966,0.324014,3.28774,2.14049,6.30369,1.29433,10.1136,0.42336,36.966,0.42336,423.524,0,1.02816,0,0,4.3159,3.28774,1.028160,1,0,67.9869,0,0,0,67.9869,0
46.0108,2.46996,0,0,3.82831,0.188446,0.36288,3.6288,61.308,0.537371,0,0,2.87425,0.243574,2.09331,0.66528,12.849,1,0.702077,0.36288,0,119.736,4.70568,114.691,0.84672,12.849,0.84672,3695.15,0,36.966,0.324011,4.91454,2.05431,10.6573,1.29433,16.0078,0.42336,36.966,0.42336,423.524,0,1.02816,0,0,5.9427,4.91454,1.028160,1,0,132.792,0,0,0,132.792,0
45.5325,2.47958,0,0,2.49854,0.134348,0.36288,3.6288,61.308,0.537365,0,0,2.50481,0.239011,1.72843,0.66528,12.849,1,0.692448,0.36288,0,85.1826,4.50441,80.3486,0.84672,12.849,0.84672,3695.15,0,36.966,0.324007,4.46643,2.0543,9.05743,1.20564,14.0485,0.42336,36.966,0.42336,423.524,0,1.02816,0,0,5.49459,4.46643,1.028160,1,0,96.1256,0,0,0,96.1256,0
49.3214,2.47389,0,0,6.80767,0.18203,0.36288,3.6288,61.308,0.53736,0,0,4.3699,0.216901,3.61563,0.66528,12.849,1,0.698117,0.36288,0,101.611,4.39929,96.8762,0.84672,12.849,0.84672,3695.15,0,36.966,0.324004,6.99564,2.05429,20.4056,1.14213,27.9894,0.42336,36.966,0.42336,423.524,0,1.02816,0,0,8.0238,6.99564,1.028160,1,0,128.481,0,0,0,128.481,0
48.7514,2.37378,0,0,2.37751,0.210887,0.36288,3.6288,61.308,0.44031,0,0,3.23976,0.182103,2.61734,0.66528,12.849,1,0.618408,0.36288,0,40.5248,3.78018,36.4891,0.84672,12.849,0.84672,3695.15,0,36.966,0.265488,3.57678,2.05428,7.03873,0.838603,11.5657,0.42336,36.966,0.42336,423.524,0,1.02816,0,0,4.60494,3.57678,1.028160,1,0,50.6721,0,0,0,50.6721,0
49.9681,2.36805,0,0,4.16076,0.213093,0.36288,3.6288,61.308,0.440305,0,0,5.01255,0.176303,4.39594,0.66528,12.849,1,0.624128,0.36288,0,68.7267,3.677,64.7885,0.84672,12.849,0.84672,3695.15,0,36.966,0.265485,6.10451,1.90039,9.33265,0.788016,16.2841,0.42336,36.966,0.42336,423.524,0,1.02816,0,0,7.13267,6.10451,1.028160,1,0,85.4685,0,0,0,85.4685,0
50.8142,2.38013,0,0,3.8083,0.219141,0.36288,3.6288,61.308,0.4403,0,0,5.35435,0.224511,4.68954,0.66528,12.849,1,0.612036,0.36288,0,68.3414,4.39961,63.6926,0.84672,12.849,0.84672,3695.15,0,36.966,0.265482,4.40979,1.90038,10.6823,1.07302,15.6539,0.42336,36.966,0.42336,423.524,0,1.02816,0,0,5.43795,4.40979,1.028160,1,0,84.0361,0,0,0,84.0361,0
53.076,2.38825,0,0,5.21096,0.198072,0.36288,3.6288,61.308,0.440295,0,0,7.79513,0.222915,7.13192,0.66528,12.849,1,0.603898,0.36288,0,87.4264,3.71812,83.4673,0.84672,12.849,0.84672,3695.15,0,36.966,0.265479,7.21562,1.90037,12.1484,0.818098,20.1809,0.42336,36.966,0.42336,423.524,0,1.02816,0,0,8.24378,7.21562,1.028160,1,0,110.78,0,0,0,110.78,0
64.8849,2.40896,0,0,14.8071,0.226386,0.36288,3.6288,61.308,0.44029,0,0,10.4719,0.20527,9.82629,0.66528,12.849,1,0.583177,0.36288,0,256.732,3.75811,252.754,0.84672,12.849,0.84672,3695.15,0,36.966,0.265475,6.94495,1.90037,21.2365,0.87113,28.9452,0.42336,36.966,0.42336,423.524,0,1.02816,0,0,7.97311,6.94495,1.028160,1,0,291.525,0,0,0,291.525,0
70.8131,2.57578,0,0,9.11952,0.252668,0.36288,3.6288,61.308,0.47526,0,0,3.93223,0.193118,3.26385,0.66528,12.849,1,0.510075,0.36288,0,166.349,3.41092,162.79,0.84672,12.849,0.84672,3695.15,0,36.966,0.28656,4.41806,1.90036,11.8334,0.885899,16.9793,0.42336,36.966,0.42336,423.524,0,1.02816,0,0,5.44622,4.41806,1.028160,1,0,183.034,0,0,0,183.034,0
72.29,2.61189,0,0,5.38782,0.260817,1.03817,3.6288,61.308,0.475248,0,0,1.91735,0.222703,1.2194,0.66528,12.849,1,0.473927,1.03817,0,105.069,3.66474,101.969,0.84672,12.849,0.84672,3695.15,0,36.966,0.286554,4.46947,1.96123,7.97035,0.883504,13.231,0.42336,36.966,0.42336,423.524,0,1.02816,0,0,5.49763,4.46947,1.028160,1,0,116.419,0,0,0,116.419,0
72.29,2.62009,0,0,5.63373,0.285968,2.72767,3.6288,61.308,0.475237,0,0,1.80224,0.244035,1.08297,0.66528,12.849,1,0.465701,2.72767,0,106.047,4.12188,104.187,0.84672,12.849,0.84672,3695.15,0,36.966,0.286547,4.35608,1.96121,7.58124,1.02611,12.5859,0.42336,36.966,0.42336,423.524,0,1.02816,0,0,5.38424,4.35608,1.028160,1,0,117.856,0,0,0,117.856,0
72.29,2.62006,0,0,5.44423,0.285968,2.5382,3.6288,61.308,0.475226,0,0,1.96451,0.244035,1.24525,0.66528,12.849,1,0.465696,2.5382,0,102.362,4.12188,100.313,0.84672,12.849,0.84672,3695.15,0,36.966,0.28654,4.56391,1.96119,8.65972,1.02611,13.8722,0.42336,36.966,0.42336,423.524,0,1.02816,0,0,5.59207,4.56391,1.028160,1,0,115.43,0,0,0,115.43,0
72.29,2.81881,0,0,23.396,0.30747,20.2697,3.6288,61.308,0.581866,0,0,6.43288,0.198793,5.65222,0.66528,12.849,1,0.501022,20.2697,0,248.641,3.6077,264.802,0.84672,12.849,0.84672,3695.15,0,36.966,0.350839,7.8654,1.96117,23.2799,1.00386,31.7518,0.42336,36.966,0.42336,423.524,0,1.02816,0,0,8.89356,7.8654,1.028160,1,0,302.206,0,0,0,302.206,0
72.29,2.81878,0,0,10.922,0.30747,7.79575,3.6288,61.308,0.581853,0,0,3.7309,0.198793,2.95025,0.66528,12.849,1,0.501017,7.79575,0,455.256,3.6077,458.943,0.84672,12.849,0.84672,3695.15,0,36.966,0.350832,4.34767,2.1371,13.7741,1.00386,18.9042,0.42336,36.966,0.42336,423.524,0,1.02816,0,0,5.37583,4.34767,1.028160,1,0,480.798,0,0,0,480.798,0
72.29,2.81875,0,0,7.71155,0.30964,4.58315,3.6288,61.308,0.581841,0,0,2.72841,0.214866,1.9317,0.66528,12.849,1,0.501012,4.58315,0,205.144,3.80025,205.426,0.84672,12.849,0.84672,3695.15,0,36.966,0.350824,3.33177,2.13708,9.41922,1.03714,13.5001,0.42336,36.966,0.42336,423.524,0,1.02816,0,0,4.35993,3.33177,1.028160,1,0,220.858,0,0,0,220.858,0
72.29,2.81872,0,0,7.21794,0.327207,4.07201,3.6288,61.308,0.581829,0,0,4.61694,0.29484,3.74027,0.66528,12.849,1,0.501007,4.07201,0,200.906,4.68675,199.79,0.84672,12.849,0.84672,3695.15,0,36.966,0.350817,4.78411,2.13706,12.5141,1.15791,17.9266,0.42336,36.966,0.42336,423.524,0,1.02816,0,0,5.81227,4.78411,1.028160,1,0,221.457,0,0,0,221.457,0
72.29,2.51099,0,0,9.71827,0.324483,6.8828,3.6288,61.308,0.430268,0,0,3.3163,0.22643,2.6596,0.66528,12.849,1,0.446309,6.8828,0,227.236,4.02969,229.643,0.84672,12.849,0.84672,3695.15,0,36.966,0.259433,4.39161,2.13704,10.5288,1.02111,15.7769,0.42336,36.966,0.42336,423.524,0,1.02816,0,0,5.41977,4.39161,1.028160,1,0,248.08,0,0,0,248.08,0
72.29,2.51096,0,0,8.68199,0.324483,5.84654,3.6288,61.308,0.430257,0,0,2.83063,0.22643,2.17394,0.66528,12.849,1,0.446305,5.84654,0,176.821,4.02969,178.192,0.84672,12.849,0.84672,3695.15,0,36.966,0.259426,2.93046,1.88142,8.97952,1.02111,12.5109,0.42336,36.966,0.42336,423.524,0,1.02816,0,0,3.95862,2.93046,1.028160,1,0,192.876,0,0,0,192.876,0
72.29,2.51094,0,0,9.00703,0.324483,6.17161,3.6288,61.308,0.430247,0,0,2.61315,0.22643,1.95647,0.66528,12.849,1,0.4463,6.17161,0,185.91,4.02969,187.606,0.84672,12.849,0.84672,3695.15,0,36.966,0.25942,3.09551,1.8814,10.1407,1.02111,13.8371,0.42336,36.966,0.42336,423.524,0,1.02816,0,0,4.12367,3.09551,1.028160,1,0,203.399,0,0,0,203.399,0
72.29,2.51091,0,0,8.28153,0.256514,5.5141,3.6288,61.308,0.430236,0,0,2.28195,0.190332,1.66139,0.66528,12.849,1,0.446296,5.5141,0,185.785,3.50652,187.346,0.84672,12.849,0.84672,3695.15,0,36.966,0.259413,2.88894,1.88138,9.52658,0.945956,13.0915,0.42336,36.966,0.42336,423.524,0,1.02816,0,0,3.9171,2.88894,1.028160,1,0,202.099,0,0,0,202.099,0
72.29,2.51089,0,0,7.88201,0.329552,5.04157,3.6288,61.308,0.430225,0,0,2.43518,0.18344,1.82151,0.66528,12.849,1,0.446291,5.04157,0,175.796,3.89274,176.499,0.84672,12.849,0.84672,3695.15,0,36.966,0.259407,3.15347,1.88136,8.23328,0.953494,12.0552,0.42336,36.966,0.42336,423.524,0,1.02816,0,0,4.18163,3.15347,1.028160,1,0,190.376,0,0,0,190.376,0
72.29,2.6026,0,0,9.78722,0.335871,6.84874,3.6288,61.308,0.473314,0,0,2.652,0.172982,2.0057,0.66528,12.849,1,0.462593,6.84874,0,175.054,3.7612,177.679,0.84672,12.849,0.84672,3695.15,0,36.966,0.285388,4.10193,1.88134,10.0855,0.903109,14.8803,0.42336,36.966,0.42336,423.524,0,1.02816,0,0,5.13009,4.10193,1.028160,1,0,194.565,0,0,0,194.565,0
72.29,2.60258,0,0,12.2986,0.335871,9.36016,3.6288,61.308,0.473303,0,0,4.52466,0.172982,3.87837,0.66528,12.849,1,0.462589,9.36016,0,193.226,3.7612,198.362,0.84672,12.849,0.84672,3695.15,0,36.966,0.285381,8.08497,1.95495,15.861,0.903109,24.7124,0.42336,36.966,0.42336,423.524,0,1.02816,0,0,9.11313,8.08497,1.028160,1,0,226.953,0,0,0,226.953,0
72.29,2.60255,0,0,8.60544,0.291231,5.71166,3.6288,61.308,0.473292,0,0,2.87802,0.196771,2.20796,0.66528,12.849,1,0.462584,5.71166,0,231.93,4.05206,233.127,0.84672,12.849,0.84672,3695.15,0,36.966,0.285374,4.32681,1.95493,9.22488,0.960361,14.2609,0.42336,36.966,0.42336,423.524,0,1.02816,0,0,5.35497,4.32681,1.028160,1,0,249.596,0,0,0,249.596,0
72.29,2.60253,0,0,7.48284,0.247299,4.63302,3.6288,61.308,0.473281,0,0,2.18233,0.237144,1.4719,0.66528,12.849,1,0.462579,4.63302,0,157.203,4.26935,157.104,0.84672,12.849,0.84672,3695.15,0,36.966,0.285367,3.07432,1.95491,7.97201,1.07452,11.6413,0.42336,36.966,0.42336,423.524,0,1.02816,0,0,4.10248,3.07432,1.028160,1,0,170.217,0,0,0,170.217,0
72.29,2.56663,0,0,6.1371,0.280862,3.2896,3.6288,61.308,0.456531,0,0,1.67538,0.220431,0.998421,0.66528,12.849,1,0.456199,3.2896,0,124.923,4.71198,123.045,0.84672,12.849,0.84672,3695.15,0,36.966,0.275268,1.58807,1.95489,6.94967,1.03059,9.18677,0.42336,36.966,0.42336,423.524,0,1.02816,0,0,2.61623,1.58807,1.028160,1,0,133.23,0,0,0,133.23,0
72.29,2.5666,0,0,6.52877,0.280862,3.68131,3.6288,61.308,0.45652,0,0,2.0281,0.220431,1.35115,0.66528,12.849,1,0.456195,3.68131,0,129.293,4.71198,127.806,0.84672,12.849,0.84672,3695.15,0,36.966,0.275261,3.11293,1.92622,7.41649,1.03059,11.1498,0.42336,36.966,0.42336,423.524,0,1.02816,0,0,4.14109,3.11293,1.028160,1,0,140.307,0,0,0,140.307,0
72.29,2.56658,0,0,5.93608,0.223776,3.14572,3.6288,61.308,0.456509,0,0,1.8313,0.237976,1.13682,0.66528,12.849,1,0.45619,3.14572,0,111.876,5.01033,109.555,0.84672,12.849,0.84672,3695.15,0,36.966,0.275254,2.94044,1.9262,6.46004,1.15736,9.89407,0.42336,36.966,0.42336,423.524,0,1.02816,0,0,3.9686,2.94044,1.028160,1,0,120.586,0,0,0,120.586,0
72.29,2.56655,0,0,5.23107,0.200941,2.46358,3.6288,61.308,0.456498,0,0,1.59821,0.244994,0.896719,0.66528,12.849,1,0.456185,2.46358,0,98.5945,5.12967,95.4722,0.84672,12.849,0.84672,3695.15,0,36.966,0.275248,2.50771,1.92618,6.02583,1.20807,8.97641,0.42336,36.966,0.42336,423.524,0,1.02816,0,0,3.53587,2.50771,1.028160,1,0,105.345,0,0,0,105.345,0
72.29,2.68828,0,0,5.10203,0.206138,2.20762,3.6288,61.308,0.515845,0,0,1.81832,0.193319,1.10916,0.66528,12.849,1,0.477821,2.20762,0,85.4669,4.03473,83.1619,0.84672,12.849,0.84672,3695.15,0,36.966,0.311032,2.13278,1.92616,6.14216,0.905197,8.98487,0.42336,36.966,0.42336,423.524,0,1.02816,0,0,3.16094,2.13278,1.028160,1,0,93.256,0,0,0,93.256,0
72.29,2.68825,0,0,4.66372,0.207004,1.76846,3.6288,61.308,0.515833,0,0,1.50321,0.184707,0.802673,0.66528,12.849,1,0.477816,1.76846,0,78.9938,3.85224,76.4322,0.84672,12.849,0.84672,3695.15,0,36.966,0.311024,1.61279,2.02653,5.22625,0.854719,7.69983,0.42336,36.966,0.42336,423.524,0,1.02816,0,0,2.64095,1.61279,1.028160,1,0,84.9347,0,0,0,84.9347,0
72.29,2.68822,0,0,4.4152,0.207004,1.51997,3.6288,61.308,0.515822,0,0,1.34417,0.184707,0.64364,0.66528,12.849,1,0.477811,1.51997,0,74.4492,3.85224,71.6391,0.84672,12.849,0.84672,3695.15,0,36.966,0.311017,1.81877,2.02651,4.97695,0.854719,7.65649,0.42336,36.966,0.42336,423.524,0,1.02816,0,0,2.84693,1.81877,1.028160,1,0,79.9392,0,0,0,79.9392,0
72.29,2.68819,0,0,4.36058,0.195829,1.47656,3.6288,61.308,0.51581,0,0,1.41418,0.191876,0.706492,0.66528,12.849,1,0.477806,1.47656,0,73.8253,4.03746,70.7866,0.84672,12.849,0.84672,3695.15,0,36.966,0.31101,1.95472,2.02649,5.18815,0.879009,7.97934,0.42336,36.966,0.42336,423.524,0,1.02816,0,0,2.98288,1.95472,1.028160,1,0,79.4725,0,0,0,79.4725,0
72.29,2.68817,0,0,4.0006,0.178437,1.13399,3.6288,61.308,0.515798,0,0,0.974566,0.232735,0.226033,0.66528,12.849,1,0.477801,1.13399,0,65.544,4.94295,61.2572,0.84672,12.849,0.84672,3695.15,0,36.966,0.311003,0.91336,2.02647,3.98561,1.06689,5.54754,0.42336,36.966,0.42336,423.524,0,1.02816,0,0,1.94152,0.91336,1.028160,1,0,67.0308,0,0,0,67.0308,0
72.29,2.61146,0,0,3.82703,0.141906,1.07366,3.6288,61.2223,0.524915,0,0,0.705784,0.266541,0,0.66528,12.849,1,0.464167,1.07366,0,57.1203,5.403,52.3268,0.84672,12.849,0.84672,3695.15,0,36.966,0.316501,0.44966,2.02645,3.60416,1.20034,4.56342,0.42336,36.966,0.42336,423.524,0,1.02816,0,0,1.47782,0.44966,1.028160,1,0,56.8902,0,0,0,56.8902,0
72.29,2.61143,0,0,3.54068,0.108643,0.820603,3.6288,61.1173,0.524628,0,0,0.698423,0.278842,0,0.66528,12.849,1,0.464163,0.820603,0,52.652,5.49916,47.5093,0.84672,12.849,0.84672,3695.15,0,36.966,0.31677,0.362163,2.02081,3.5032,1.22891,4.34049,0.42336,36.966,0.42336,423.524,0,1.02816,0,0,1.39032,0.362163,1.028160,1,0,51.8498,0,0,0,51.8498,0
72.29,2.61141,0,0,3.30814,0.108577,0.58815,3.6288,61.0149,0.524277,0,0,0.70054,0.278657,0,0.66528,12.849,1,0.464158,0.58815,0,48.7716,5.49916,43.3964,0.84672,12.849,0.84672,3695.15,0,36.966,0.317102,0.429097,2.02079,3.23871,1.22891,4.14258,0.42336,36.966,0.42336,423.524,0,1.02816,0,0,1.45726,0.429097,1.028160,1,0,47.539,0,0,0,47.539,0
72.29,2.61138,0,0,3.22013,0.108631,0.500115,3.6288,60.9016,0.523933,0,0,0.690777,0.280088,0,0.66528,12.849,1,0.464153,0.500115,0,46.1278,5.49405,40.6697,0.84672,12.849,0.84672,3695.15,0,36.966,0.317426,0.421554,2.02077,3.17587,1.26555,4.03522,0.42336,36.966,0.42336,423.524,0,1.02816,0,0,1.44971,0.421554,1.028160,1,0,44.705,0,0,0,44.705,0
72.29,2.6723,0,0,3.52982,0.108955,0.748566,3.6288,60.6987,0.551982,0,0,0.638565,0.289549,0,0.66528,12.849,1,0.474981,0.748566,0,46.325,5.46336,41.1352,0.84672,12.849,0.84672,3695.15,0,36.966,0.335041,0.437884,2.02075,3.24338,1.48539,3.88158,0.42336,36.966,0.42336,423.524,0,1.02816,0,0,1.46604,0.437884,1.028160,1,0,45.0168,0,0,0,45.0168,0
72.2669,2.67227,0,0,3.12102,0.108955,0.36288,3.6288,60.4594,0.551274,0,0,0.601144,0.289176,0,0.66528,12.849,1,0.474976,0.36288,0,43.7602,5.46336,38.1848,0.84672,12.849,0.84672,3695.15,0,36.966,0.33573,0.285984,2.06947,3.04271,1.48539,3.57704,0.42336,36.966,0.42336,423.524,0,1.02816,0,0,1.31414,0.285984,1.028160,1,0,41.7618,0,0,0,41.7618,0
71.9531,2.67212,0,0,2.82033,0.0991347,0.36288,3.6288,60.2013,0.559429,0,0,0.595204,0.293889,0,0.66528,12.849,1,0.4751,0.36288,0,41.4821,5.61291,35.757,0.84672,12.849,0.84672,3695.15,0,36.966,0.342045,0.261274,2.06945,3.03596,1.51527,3.50937,0.42336,36.966,0.42336,423.524,0,1.01367,0,0,1.27494,0.261274,1.028160,1,0,39.2663,0,0,0,39.2663,0
71.1373,2.67033,0,0,2.31607,0.0987087,0.36288,3.6288,59.9475,0.549531,0,0,0.582378,0.286641,0,0.66528,12.849,1,0.476854,0.36288,0,39.024,5.64307,33.267,0.84672,12.849,0.84672,3695.15,0,36.966,0.337434,0.228882,2.06943,2.90497,1.4117,3.45416,0.42336,36.966,0.42336,423.524,0,1.02816,0,0,1.25704,0.228882,1.028160,1,0,36.7211,0,0,0,36.7211,0
69.9054,2.8437,0,0,2.06569,0.0909472,0.36288,3.6288,59.5243,0.675424,0,0,0.517309,0.265018,0,0.66528,12.849,1,0.513637,0.36288,0,33.1575,5.16129,27.8454,0.84672,12.849,0.84672,3695.15,0,36.966,0.416494,0.227405,2.06941,2.78044,1.46454,3.19622,0.42336,36.966,0.42336,423.524,0,0.98807,0,0,1.21548,0.227405,1.028160,1,0,31.0416,0,0,0,31.0416,0
68.6785,2.83603,0,0,2.05764,0.0856652,0.36288,3.6288,59.0265,0.726823,0,0,0.486184,0.257165,0,0.66528,12.849,1,0.521277,0.36288,0,29.0329,4.99149,23.883,0.84672,12.849,0.84672,3695.15,0,36.966,0.42336,0.227405,2.23616,2.75867,1.49757,3.30132,0.42336,36.966,0.42336,423.524,0,0.929785,0,0,1.15719,0.227405,1.028160,1,0,27.1843,0,0,0,27.1843,0
68.392,2.82815,0,0,2.98942,0.084853,0.36288,3.6288,58.6821,0.646752,0,0,0.558649,0.256346,0,0.66528,12.849,1,0.529117,0.36288,0,33.0665,4.99149,27.9088,0.84672,12.849,0.84672,3695.15,0,36.966,0.405035,0.334714,2.23614,3.0586,1.49757,3.72686,0.42336,36.966,0.42336,423.524,0,1.02816,0,0,1.36287,0.334714,1.028160,1,0,31.6356,0,0,0,31.6356,0
69.3971,2.82626,0,0,4.30871,0.114462,0.36288,3.6288,58.5297,0.64528,0,0,0.739436,0.246558,0,0.66528,12.849,1,0.530977,0.36288,0,53.9495,4.86007,48.9214,0.84672,12.849,0.84672,3695.15,0,36.966,0.406486,0.449185,2.23612,3.40517,1.47105,4.21294,0.42336,36.966,0.42336,423.524,0,1.02816,0,0,1.47734,0.449185,1.028160,1,0,53.1343,0,0,0,53.1343,0
68.9688,2.83272,0,0,2.88717,0.119942,0.36288,3.6288,58.1932,0.6622,0,0,0.563212,0.237483,0,0.66528,12.849,1,0.524483,0.36288,0,52.7678,4.55953,48.0467,0.84672,12.849,0.84672,3695.15,0,36.966,0.41823,0.204422,2.2361,2.80195,1.30768,3.51656,0.42336,36.966,0.42336,423.524,0,0.999475,0,0,1.2039,0.204422,1.028160,1,0,51.5633,0,0,0,51.5633,0
68.1406,2.7436,0,0,2.41999,0.141629,0.36288,3.6288,57.2246,1.09792,0,0,0.360609,0.231322,0,0.66528,12.849,1,0.511138,0.36288,0,28.01,3.90421,23.9575,0.84672,12.849,0.84672,3695.15,0,36.966,0.42336,0.204422,2.23607,2.61539,1.0933,3.53923,0.42336,36.966,0.42336,423.524,0,0.458534,0,0,0.662957,0.204422,1.028160,1,0,27.4968,0,0,0,27.4968,0
67.8004,2.73835,0,0,2.90173,0.140716,0.36288,3.6288,56.6528,0.808514,0,0,0.466652,0.229877,0,0.66528,12.849,1,0.516359,0.36288,0,41.5087,3.90421,37.451,0.84672,12.849,0.84672,3695.15,0,36.966,0.42336,0.204422,2.13954,2.74079,1.0933,3.56809,0.42336,36.966,0.42336,423.524,0,0.747918,0,0,0.952341,0.204422,1.028160,1,0,41.0191,0,0,0,41.0191,0
67.4753,2.73614,0,0,2.91428,0.140341,0.36288,3.6288,56.0577,0.808922,0,0,0.442773,0.229025,0,0.66528,12.849,1,0.518532,0.36288,0,35.8722,3.90421,31.8123,0.84672,12.849,0.84672,3695.15,0,36.966,0.42336,0.216518,2.13952,3.11314,1.0933,3.95252,0.42336,36.966,0.42336,423.524,0,0.74749,0,0,0.964008,0.216518,1.028160,1,0,35.7648,0,0,0,35.7648,0
71.8458,2.73402,0,0,7.6073,0.139983,0.36288,3.6288,56.6505,0.573446,0,0,1.39443,0.228137,0,0.66528,12.849,1,0.520625,0.36288,0,78.7842,3.90421,74.7222,0.84672,12.849,0.84672,3695.15,0,36.966,0.378146,2.87054,2.1395,4.46258,1.0933,8.00117,0.42336,36.966,0.42336,423.524,0,1.02816,0,0,3.8987,2.87054,1.028160,1,0,82.7234,0,0,0,82.7234,0
72.1113,2.68953,0,0,3.50569,0.187715,0.36288,3.6288,56.5433,0.520708,0,0,0.614016,0.200551,0,0.66528,12.849,1,0.481,0.36288,0,55.3812,4.18007,51.083,0.84672,12.849,0.84672,3695.15,0,36.966,0.339776,1.0724,2.13948,3.14197,1.07274,4.94133,0.42336,36.966,0.42336,423.524,0,1.02816,0,0,2.10056,1.0724,1.028160,1,0,56.0243,0,0,0,56.0243,0
72.29,2.69101,0,0,4.75069,0.248205,1.6328,3.6288,56.6466,0.520307,0,0,0.794142,0.170541,0,0.66528,12.849,1,0.479492,1.6328,0,50.7714,3.54701,48.3777,0.84672,12.849,0.84672,3695.15,0,36.966,0.340159,1.01691,2.05333,3.76739,0.844639,5.65283,0.42336,36.966,0.42336,423.524,0,1.02816,0,0,2.04507,1.01691,1.028160,1,0,54.0305,0,0,0,54.0305,0
72.29,2.69199,0,0,6.33508,0.248542,3.39455,3.6288,56.8439,0.520671,0,0,0.888693,0.170655,0,0.66528,12.849,1,0.478481,3.39455,0,61.6374,3.54701,61.0065,0.84672,12.849,0.84672,3695.15,0,36.966,0.339776,1.45983,2.0533,4.42155,0.844639,6.75027,0.42336,36.966,0.42336,423.524,0,1.02816,0,0,2.48799,1.45983,1.028160,1,0,67.7568,0,0,0,67.7568,0
