0st_vol,0capacity,0net_inf,0st_rof,0lt_rof,0rest_demand,0unrest_demand,0unfulf_demand,0wastewater,0treat_capacity,0agg_price,0res_price,0gross_rev,0drought_cost,0cont_contrib,0debt_serv,0infra_npv,1st_vol,1capacity,1net_inf,1st_rof,1lt_rof,1rest_demand,1unrest_demand,1unfulf_demand,1wastewater,1treat_capacity,1agg_price,1res_price,1gross_rev,1drought_cost,1cont_contrib,1debt_serv,1infra_npv
85.139,85.139,4.96088,0.05,0,2.16737,2.46977,0,0,4.47552,4.08855e+06,2.70226e+06,8.86141e+06,0,0,0,0,99.3022,98.274,3.61514,0,1,1.73502,1.43262,0,0,2.1168,8.49684e+06,3.61194e+06,1.47422e+07,0,0,0,0
85.139,85.139,5.62241,0.05,0,2.189,2.47066,0,0.406166,4.47552,4.08855e+06,2.70226e+06,8.94984e+06,0,0,0,0,99.3022,98.274,5.30517,0,1,1.7148,1.43313,0,1.34047,2.1168,8.49684e+06,3.61194e+06,1.45704e+07,0,0,0,0
85.139,85.139,4.75994,0.05,0,2.19041,2.47156,0,0.410219,4.47552,4.08855e+06,2.70226e+06,8.9556e+06,0,0,0,0,99.3022,98.274,6.36288,0,1,1.7148,1.43365,0,1.32485,2.1168,8.49684e+06,3.61194e+06,1.45704e+07,0,0,0,0
85.139,85.139,3.76746,0.05,0,2.19182,2.47245,0,0.410483,4.47552,4.08855e+06,2.70226e+06,8.96136e+06,0,0,0,0,99.3022,98.274,5.58416,0,1,1.7148,1.43417,0,1.32485,2.1168,8.49684e+06,3.61194e+06,1.45704e+07,0,0,0,0
85.139,85.139,3.14634,0.05,0,2.43447,2.71458,0,0.410747,4.47552,4.08855e+06,2.70226e+06,9.95346e+06,0,0,0,0,99.3022,98.274,3.74206,0,1,1.88349,1.60337,0,1.32485,2.1168,8.49684e+06,3.61194e+06,1.60037e+07,0,0,0,0
85.139,85.139,4.26707,0.05,0,2.60466,2.71556,0,0.45622,4.47552,4.08855e+06,2.70226e+06,1.06493e+07,0,0,0,0,99.3022,98.274,5.46422,0,1,1.71486,1.60395,0,1.45518,2.1168,8.49684e+06,3.61194e+06,1.45709e+07,0,0,0,0
85.139,85.139,4.87591,0.05,0,2.60622,2.71654,0,0.488113,4.47552,4.08855e+06,2.70226e+06,1.06556e+07,0,0,0,0,99.3022,98.274,6.09498,0,1,1.71486,1.60453,0,1.3249,2.1168,8.49684e+06,3.61194e+06,1.45709e+07,0,0,0,0
85.139,85.139,4.61976,0.05,0,2.60778,2.71752,0,0.488405,4.47552,4.08855e+06,2.70226e+06,1.0662e+07,0,0,0,0,99.3022,98.274,6.81813,0,1,1.71486,1.60511,0,1.3249,2.1168,8.49684e+06,3.61194e+06,1.45709e+07,0,0,0,0
85.139,85.139,4.2942,0.05,0,2.26475,2.37392,0,0.488697,4.47552,4.08855e+06,2.70226e+06,9.25953e+06,0,0,0,0,99.3022,98.274,5.76331,0,1,1.48815,1.37898,0,1.3249,2.1168,8.49684e+06,3.61194e+06,1.26446e+07,0,0,0,0
85.139,85.139,4.19836,0.05,0,2.07237,2.37477,0,0.424414,4.47552,4.08855e+06,2.70226e+06,8.473e+06,0,0,0,0,99.3022,98.274,4.34073,0,1,1.68188,1.37948,0,1.14974,2.1168,8.49684e+06,3.61194e+06,1.42907e+07,0,0,0,0
85.139,85.139,5.58195,0.05,0,2.07323,2.37563,0,0.388363,4.47552,4.08855e+06,2.70226e+06,8.4765e+06,0,0,0,0,99.3022,98.274,6.31882,0,1,1.68238,1.37998,0,1.29942,2.1168,8.49684e+06,3.61194e+06,1.42949e+07,0,0,0,0
85.139,85.139,6.12731,0.05,0,2.07409,2.37649,0,0.388523,4.47552,4.08855e+06,2.70226e+06,8.48e+06,0,0,0,0,99.3022,98.274,12.4186,0,1,1.68287,1.38047,0,1.2998,2.1168,8.49684e+06,3.61194e+06,1.42991e+07,0,0,0,0
85.139,85.139,4.45044,0.05,0,2.07494,2.37734,0,0.388684,4.47552,4.08855e+06,2.70226e+06,8.48351e+06,0,0,0,0,99.3022,98.274,5.32467,0,1,1.68337,1.38097,0,1.30019,2.1168,8.49684e+06,3.61194e+06,1.43033e+07,0,0,0,0
85.139,85.139,4.61379,0.05,0,2.16269,2.46509,0,0.388844,4.47552,4.08855e+06,2.70226e+06,8.84228e+06,0,0,0,0,99.3022,98.274,4.79174,0,1,1.73943,1.43703,0,1.30057,2.1168,8.49684e+06,3.61194e+06,1.47797e+07,0,0,0,0
85.139,85.139,5.42086,0.05,0,2.18873,2.46598,0,0.405289,4.47552,4.08855e+06,2.70226e+06,8.94874e+06,0,0,0,0,99.3022,98.274,4.98532,0,1,1.7148,1.43755,0,1.34388,2.1168,8.49684e+06,3.61194e+06,1.45704e+07,0,0,0,0
85.139,85.139,4.73955,0.05,0,2.19014,2.46687,0,0.410168,4.47552,4.08855e+06,2.70226e+06,8.9545e+06,0,0,0,0,99.3022,98.274,4.09958,0,1,1.7148,1.43807,0,1.32485,2.1168,8.49684e+06,3.61194e+06,1.45704e+07,0,0,0,0
85.139,85.139,3.47156,0.05,0,2.19155,2.46776,0,0.410432,4.47552,4.08855e+06,2.70226e+06,8.96025e+06,0,0,0,0,99.3022,98.274,3.34875,0,1,1.7148,1.43858,0,1.32485,2.1168,8.49684e+06,3.61194e+06,1.45704e+07,0,0,0,0
85.139,85.139,3.46056,0.05,0,2.15893,2.43463,0,0.410696,4.47552,4.08855e+06,2.70226e+06,8.82689e+06,0,0,0,0,99.3022,98.274,4.06139,0,1,1.69319,1.41749,0,1.32485,2.1168,8.49684e+06,3.61194e+06,1.43867e+07,0,0,0,0
85.139,85.139,3.335,0.05,0,2.13871,2.4355,0,0.404583,4.47552,4.08855e+06,2.70226e+06,8.74424e+06,0,0,0,0,99.3022,98.274,4.21002,0,1,1.71479,1.418,0,1.30816,2.1168,8.49684e+06,3.61194e+06,1.45703e+07,0,0,0,0
85.139,85.139,3.21253,0.05,0,2.1401,2.43638,0,0.400795,4.47552,4.08855e+06,2.70226e+06,8.74992e+06,0,0,0,0,99.3022,98.274,4.32929,0,1,1.71479,1.41851,0,1.32485,2.1168,8.49684e+06,3.61194e+06,1.45703e+07,0,0,0,0
85.139,85.139,3.24907,0.04,0,2.14149,2.43726,0,0.401055,4.47552,4.08855e+06,2.70226e+06,8.7556e+06,0,0,0,0,99.3022,98.274,4.09237,0,1,1.71479,1.41903,0,1.32485,2.1168,8.49684e+06,3.61194e+06,1.45703e+07,0,0,0,0
85.139,85.139,2.74455,0.04,0,2.25854,2.55379,0,0.401316,4.47552,4.08855e+06,2.70226e+06,9.23415e+06,0,0,0,0,99.3022,98.274,3.63131,0,1,1.79154,1.49628,0,1.32485,2.1168,8.49684e+06,3.61194e+06,1.52224e+07,0,0,0,0
84.9213,85.139,2.43563,0.03,0,2.33672,2.55471,0,0.42325,4.47552,4.08855e+06,2.70226e+06,9.55379e+06,0,0,0,0,99.3022,98.274,3.15961,0,1,1.71482,1.49682,0,1.38414,2.1168,8.49684e+06,3.61194e+06,1.45705e+07,0,0,0,0
84.4143,85.139,2.12772,0.05,0,2.33818,2.55563,0,0.437901,4.47552,4.08855e+06,2.70226e+06,9.55975e+06,0,0,0,0,99.3022,98.274,2.9533,0,1,1.71482,1.49736,0,1.32487,2.1168,8.49684e+06,3.61194e+06,1.45705e+07,0,0,0,0
83.8336,85.139,1.99944,0.04,0,2.33964,2.55655,0,0.438174,4.47552,4.08855e+06,2.70226e+06,9.56572e+06,0,0,0,0,99.3022,98.274,2.8209,0,1,1.71482,1.4979,0,1.32487,2.1168,8.49684e+06,3.61194e+06,1.45705e+07,0,0,0,0
83.0741,85.139,1.81536,0.04,0,2.3411,2.55747,0,0.438448,4.47552,4.08855e+06,2.70226e+06,9.57169e+06,0,0,0,0,99.2701,98.274,2.5788,0,1,1.71482,1.49844,0,1.32487,2.1168,8.49684e+06,3.61194e+06,1.45705e+07,0,0,0,0
81.981,85.139,1.43681,0.02,0,2.31964,2.53548,0,0.438721,4.47552,4.08855e+06,2.70226e+06,9.48397e+06,0,0,0,0,99.299,98.274,2.14721,0,1,1.75708,1.54124,0,1.32487,2.1168,8.49684e+06,3.61194e+06,1.49296e+07,0,0,0,0
80.8251,85.139,1.39976,0.02,0,2.36335,2.53639,0,0.434701,4.47552,4.08855e+06,2.70226e+06,9.66268e+06,0,0,0,0,99.2307,98.274,2.10412,0,1,1.71483,1.54179,0,1.35752,2.1168,8.49684e+06,3.61194e+06,1.45707e+07,0,0,0,0
79.6068,85.139,1.30505,0.03,0,2.36482,2.53731,0,0.442892,4.47552,4.08855e+06,2.70226e+06,9.66868e+06,0,0,0,0,99.1333,98.274,2.01303,0,1,1.71483,1.54235,0,1.32488,2.1168,8.49684e+06,3.61194e+06,1.45707e+07,0,0,0,0
78.257,85.139,1.15301,0.03,0,2.36629,2.53822,0,0.443167,4.47552,4.08855e+06,2.70226e+06,9.67469e+06,0,0,0,0,98.7752,98.274,1.97423,0,1,1.71484,1.5429,0,1.32488,2.1168,8.49684e+06,3.61194e+06,1.45707e+07,0,0,0,0
76.7803,85.139,1.05272,0.04,0,2.42701,2.59839,0,0.443442,4.47552,4.08855e+06,2.70226e+06,9.92297e+06,0,0,0,0,98.257,98.274,1.64082,0,1,1.75255,1.58117,0,1.32488,2.1168,8.49684e+06,3.61194e+06,1.48911e+07,0,0,0,0
75.1661,85.139,0.931916,0.04,0,2.46622,2.59933,0,0.454822,4.47552,4.08855e+06,2.70226e+06,1.00833e+07,0,0,0,0,97.6827,98.274,1.44939,0,1,1.71485,1.58174,0,1.35402,2.1168,8.49684e+06,3.61194e+06,1.45708e+07,0,0,0,0
73.4781,85.139,0.845986,0.04,0,2.46772,2.60026,0,0.46217,4.47552,4.08855e+06,2.70226e+06,1.00894e+07,0,0,0,0,97.085,98.274,1.33151,0,1,1.71485,1.58231,0,1.32489,2.1168,8.49684e+06,3.61194e+06,1.45708e+07,0,0,0,0
71.7138,85.139,0.744251,0.04,0,2.46923,2.6012,0,0.462451,4.47552,4.08855e+06,2.70226e+06,1.00956e+07,0,0,0,0,96.4956,98.274,1.31677,0,1,1.71485,1.58288,0,1.32489,2.1168,8.49684e+06,3.61194e+06,1.45708e+07,0,0,0,0
69.8014,85.139,0.724999,0.04,0,2.64452,2.77592,0,0.462733,4.47552,4.08855e+06,2.70226e+06,1.08122e+07,0,0,0,0,95.5849,98.274,1.31954,0,1,1.85118,1.71978,0,1.32489,2.1168,8.49684e+06,3.61194e+06,1.57292e+07,0,0,0,0
67.7526,85.139,0.670816,0.04,0,2.77692,2.77692,0,0.495583,4.47552,4.08855e+06,2.70226e+06,1.13536e+07,0,0,0,0,94.7129,98.274,1.00989,0,1,1.7204,1.7204,0,1.43022,2.1168,8.49684e+06,3.61194e+06,1.46179e+07,0,0,0,0
65.7322,85.139,0.675977,0.07,0,2.77792,2.77792,0,0.520394,4.47552,4.08855e+06,2.70226e+06,1.13576e+07,0,0,0,0,94.0479,98.274,1.09307,0,1,1.72102,1.72102,0,1.32918,2.1168,8.49684e+06,3.61194e+06,1.46232e+07,0,0,0,0
63.7323,85.139,0.68234,0.07,0,2.77891,2.77891,0,0.520581,4.47552,4.08855e+06,2.70226e+06,1.13617e+07,0,0,0,0,93.2324,98.274,1.28068,0,1,1.72163,1.72163,0,1.32966,2.1168,8.49684e+06,3.61194e+06,1.46285e+07,0,0,0,0
61.7132,85.139,0.634349,0.07,0,2.77991,2.77991,0,0.520769,4.47552,4.08855e+06,2.70226e+06,1.13658e+07,0,0,0,0,92.1495,98.274,1.08568,0,1,1.72225,1.72225,0,1.33013,2.1168,8.49684e+06,3.61194e+06,1.46337e+07,0,0,0,0
58.9839,85.139,0.397791,0.11,0,2.69606,2.69606,0,0.520956,4.47552,4.08855e+06,2.70226e+06,1.1023e+07,0,0,0,0,90.8974,98.274,0.640318,0,1,1.63998,1.63998,0,1.33061,2.1168,8.49684e+06,3.61194e+06,1.39346e+07,0,0,0,0
56.3248,85.139,0.439754,0.12,0,2.62273,2.69703,0,0.505242,4.47552,4.08855e+06,2.70226e+06,1.07232e+07,0,0,0,0,89.7178,98.274,0.5774,0,1,1.71487,1.64057,0,1.26705,2.1168,8.49684e+06,3.61194e+06,1.4571e+07,0,0,0,0
53.8079,85.139,0.588668,0.14,0,2.62429,2.698,0,0.4915,4.47552,4.08855e+06,2.70226e+06,1.07295e+07,0,0,0,0,88.8211,98.274,0.743481,0,1,1.71487,1.64116,0,1.32491,2.1168,8.49684e+06,3.61194e+06,1.4571e+07,0,0,0,0
53.6153,85.139,0.762513,0.14,0,2.62585,2.69897,0,0.491792,4.47552,4.08855e+06,2.70226e+06,1.07359e+07,0,0,0,0,87.7671,98.274,1.10695,0,1,1.71487,1.64175,0,1.32491,2.1168,8.49684e+06,3.61194e+06,1.4571e+07,0,0,0,0
51.8569,85.139,0.722401,0.14,0,2.55766,2.6302,0,0.492084,4.47552,4.08855e+06,2.70226e+06,1.04571e+07,0,0,0,0,87.1093,98.274,0.689801,0,1,1.63931,1.56677,0,1.32491,2.1168,8.49684e+06,3.61194e+06,1.39289e+07,0,0,0,0
50.3641,85.139,0.936628,0.14,0,2.48363,2.63114,0,0.479306,4.47552,4.08855e+06,2.70226e+06,1.01545e+07,0,0,0,0,86.8435,98.274,1.17874,0,1,1.71484,1.56734,0,1.26653,2.1168,8.49684e+06,3.61194e+06,1.45707e+07,0,0,0,0
50.5091,85.139,2.63669,0.17,0,2.48514,2.63209,0,0.465433,4.47552,4.08855e+06,2.70226e+06,1.01606e+07,0,0,0,0,86.1567,98.274,2.59926,0,1,1.71484,1.5679,0,1.32489,2.1168,8.49684e+06,3.61194e+06,1.45708e+07,0,0,0,0
49.7223,85.139,1.69474,0.17,0,2.48665,2.63303,0,0.465716,4.47552,4.08855e+06,2.70226e+06,1.01668e+07,0,0,0,0,85.677,98.274,1.13471,0,1,1.71484,1.56846,0,1.32489,2.1168,8.49684e+06,3.61194e+06,1.45708e+07,0,0,0,0
49.109,85.139,1.70027,0.17,0,2.28979,2.43561,0,0.465999,4.47552,4.08855e+06,2.70226e+06,9.36193e+06,0,0,0,0,85.2446,98.274,1.39817,0,1,1.55724,1.41142,0,1.32489,2.1168,8.49684e+06,3.61194e+06,1.32316e+07,0,0,0,0
48.4507,85.139,1.57668,0.17,0,2.13408,2.43648,0,0.429107,4.47552,4.08855e+06,2.70226e+06,8.72531e+06,0,0,0,0,84.4224,98.274,1.19154,0,1,1.71433,1.41193,0,1.20312,2.1168,8.49684e+06,3.61194e+06,1.45664e+07,0,0,0,0
48.7364,85.139,2.52383,0.18,0,2.13501,2.43736,0,0.399927,4.47552,4.08855e+06,2.70226e+06,8.72909e+06,0,0,0,0,83.9505,98.274,1.22811,0,1,1.71479,1.41244,0,1.32449,2.1168,8.49684e+06,3.61194e+06,1.45703e+07,0,0,0,0
52.0933,85.139,5.58024,0.18,0,2.13639,2.43823,0,0.400101,4.47552,4.08855e+06,2.70226e+06,8.73474e+06,0,0,0,0,83.4429,98.274,1.74504,0,1,1.71479,1.41294,0,1.32484,2.1168,8.49684e+06,3.61194e+06,1.45703e+07,0,0,0,0
55.9663,85.139,6.20066,0.16,0,2.13777,2.43911,0,0.40036,4.47552,4.08855e+06,2.70226e+06,8.7404e+06,0,0,0,0,83.2212,98.274,1.58977,0,1,1.71479,1.41345,0,1.32484,2.1168,8.49684e+06,3.61194e+06,1.45703e+07,0,0,0,0
60.0005,85.139,6.56968,0.17,0,2.21558,2.51641,0,0.400619,4.47552,4.08855e+06,2.70226e+06,9.0585e+06,0,0,0,0,83.8072,98.274,2.98285,0,1,1.7605,1.45967,0,1.32484,2.1168,8.49684e+06,3.61194e+06,1.49587e+07,0,0,0,0
61.4799,85.139,4.21381,0.16,0,2.26267,2.51728,0,0.415199,4.47552,4.08855e+06,2.70226e+06,9.25104e+06,0,0,0,0,83.8199,98.274,2.76072,0,1,1.71479,1.46018,0,1.36016,2.1168,8.49684e+06,3.61194e+06,1.45703e+07,0,0,0,0
62.164,85.139,3.32756,0.16,0,2.26405,2.51816,0,0.424024,4.47552,4.08855e+06,2.70226e+06,9.2567e+06,0,0,0,0,83.5699,98.274,2.18742,0,1,1.71479,1.46068,0,1.32485,2.1168,8.49684e+06,3.61194e+06,1.45703e+07,0,0,0,0
62.4726,85.139,2.93119,0.16,0,2.26544,2.51903,0,0.424284,4.47552,4.08855e+06,2.70226e+06,9.26235e+06,0,0,0,0,83.5413,98.274,1.95578,0,1,1.71479,1.46119,0,1.32485,2.1168,8.49684e+06,3.61194e+06,1.45703e+07,0,0,0,0
63.3874,85.139,3.82365,0.12,0,2.51261,2.7657,0,0.424543,4.47552,4.08855e+06,2.70226e+06,1.02729e+07,0,0,0,0,83.4443,98.274,2.69898,0,1,1.88665,1.63356,0,1.32485,2.1168,8.49684e+06,3.61194e+06,1.60306e+07,0,0,0,0
63.8285,85.139,3.46514,0.11,0,2.68594,2.76666,0,0.470863,4.47552,4.08855e+06,2.70226e+06,1.09816e+07,0,0,0,0,83.1198,98.274,2.37732,0,1,1.71485,1.63413,0,1.45763,2.1168,8.49684e+06,3.61194e+06,1.45708e+07,0,0,0,0
63.4743,85.139,2.61839,0.12,0,2.68747,2.76762,0,0.503346,4.47552,4.08855e+06,2.70226e+06,1.09879e+07,0,0,0,0,82.5383,98.274,1.75261,0,1,1.71485,1.6347,0,1.32489,2.1168,8.49684e+06,3.61194e+06,1.45708e+07,0,0,0,0
63.0925,85.139,2.6459,0.13,0,2.689,2.76858,0,0.503632,4.47552,4.08855e+06,2.70226e+06,1.09941e+07,0,0,0,0,82.1941,98.274,1.87791,0,1,1.71485,1.63527,0,1.32489,2.1168,8.49684e+06,3.61194e+06,1.45708e+07,0,0,0,0
64.4975,85.139,4.22722,0.14,0,2.33948,2.41849,0,0.503919,4.47552,4.08855e+06,2.70226e+06,9.56507e+06,0,0,0,0,83.5673,98.274,3.04881,0,1,1.48388,1.40487,0,1.32489,2.1168,8.49684e+06,3.61194e+06,1.26083e+07,0,0,0,0
68.1319,85.139,6.47512,0.14,0,2.11693,2.41933,0,0.438418,4.47552,4.08855e+06,2.70226e+06,8.65517e+06,0,0,0,0,84.7789,98.274,4.49733,0,1,1.70776,1.40536,0,1.14645,2.1168,8.49684e+06,3.61194e+06,1.45106e+07,0,0,0,0
72.3187,85.139,7.12241,0.09,0,2.11777,2.42017,0,0.396712,4.47552,4.08855e+06,2.70226e+06,8.65861e+06,0,0,0,0,86.4962,98.274,4.97993,0,1,1.70825,1.40585,0,1.31942,2.1168,8.49684e+06,3.61194e+06,1.45147e+07,0,0,0,0
76.1049,85.139,6.55133,0.13,0,2.11861,2.42101,0,0.39687,4.47552,4.08855e+06,2.70226e+06,8.66205e+06,0,0,0,0,87.8152,98.274,4.17833,0,1,1.70874,1.40634,0,1.31979,2.1168,8.49684e+06,3.61194e+06,1.45189e+07,0,0,0,0
79.0277,85.139,5.69686,0.07,0,2.11945,2.42185,0,0.397028,4.47552,4.08855e+06,2.70226e+06,8.66549e+06,0,0,0,0,88.4076,98.274,3.44264,0,1,1.70923,1.40683,0,1.32017,2.1168,8.49684e+06,3.61194e+06,1.4523e+07,0,0,0,0
80.6402,85.139,4.48107,0.1,0,2.20881,2.51121,0,0.397185,4.47552,4.08855e+06,2.70226e+06,9.03084e+06,0,0,0,0,88.9376,98.274,3.01982,0,1,1.76632,1.46392,0,1.32055,2.1168,8.49684e+06,3.61194e+06,1.50081e+07,0,0,0,0
81.9231,85.139,4.11977,0.05,0,2.26172,2.51209,0,0.413932,4.47552,4.08855e+06,2.70226e+06,9.24716e+06,0,0,0,0,89.8458,98.274,3.07946,0,1,1.71479,1.46442,0,1.36466,2.1168,8.49684e+06,3.61194e+06,1.45703e+07,0,0,0,0
82.9308,85.139,3.83367,0.06,0,2.2631,2.51296,0,0.423847,4.47552,4.08855e+06,2.70226e+06,9.25281e+06,0,0,0,0,90.6319,98.274,3.97397,0,1,1.71479,1.46493,0,1.32485,2.1168,8.49684e+06,3.61194e+06,1.45703e+07,0,0,0,0
83.3873,85.139,3.23602,0.08,0,2.26448,2.51383,0,0.424105,4.47552,4.08855e+06,2.70226e+06,9.25846e+06,0,0,0,0,90.9242,98.274,2.70055,0,1,1.71479,1.46544,0,1.32485,2.1168,8.49684e+06,3.61194e+06,1.45703e+07,0,0,0,0
83.186,85.139,2.50337,0.08,0,2.23121,2.48005,0,0.424364,4.47552,4.08855e+06,2.70226e+06,9.12241e+06,0,0,0,0,90.9619,98.274,2.22139,0,1,1.69278,1.44394,0,1.32485,2.1168,8.49684e+06,3.61194e+06,1.43832e+07,0,0,0,0
82.7798,85.139,2.25398,0.08,0,2.21056,2.48091,0,0.418128,4.47552,4.08855e+06,2.70226e+06,9.038e+06,0,0,0,0,90.926,98.274,2.29742,0,1,1.71478,1.44444,0,1.30784,2.1168,8.49684e+06,3.61194e+06,1.45702e+07,0,0,0,0
82.2072,85.139,2.02164,0.08,0,2.21193,2.48177,0,0.41426,4.47552,4.08855e+06,2.70226e+06,9.04358e+06,0,0,0,0,90.924,98.274,2.22829,0,1,1.71478,1.44494,0,1.32484,2.1168,8.49684e+06,3.61194e+06,1.45702e+07,0,0,0,0
81.5395,85.139,1.90056,0.08,0,2.21329,2.48263,0,0.414515,4.47552,4.08855e+06,2.70226e+06,9.04915e+06,0,0,0,0,90.83,98.274,2.04948,0,1,1.71478,1.44544,0,1.32484,2.1168,8.49684e+06,3.61194e+06,1.45702e+07,0,0,0,0
80.6932,85.139,1.80113,0.07,0,2.33246,2.6013,0,0.414771,4.47552,4.08855e+06,2.70226e+06,9.5364e+06,0,0,0,0,90.6368,98.274,1.99203,0,1,1.79296,1.52412,0,1.32484,2.1168,8.49684e+06,3.61194e+06,1.52345e+07,0,0,0,0
79.7106,85.139,1.69562,0.06,0,2.41204,2.6022,0,0.437104,4.47552,4.08855e+06,2.70226e+06,9.86177e+06,0,0,0,0,90.4635,98.274,1.93583,0,1,1.71481,1.52465,0,1.38524,2.1168,8.49684e+06,3.61194e+06,1.45705e+07,0,0,0,0
78.6008,85.139,1.55087,0.05,0,2.41348,2.60311,0,0.452017,4.47552,4.08855e+06,2.70226e+06,9.86762e+06,0,0,0,0,90.1936,98.274,1.76599,0,1,1.71481,1.52518,0,1.32486,2.1168,8.49684e+06,3.61194e+06,1.45705e+07,0,0,0,0
77.4357,85.139,1.43571,0.09,0,2.41491,2.60401,0,0.452286,4.47552,4.08855e+06,2.70226e+06,9.87348e+06,0,0,0,0,89.8089,98.274,1.69714,0,1,1.71481,1.52571,0,1.32486,2.1168,8.49684e+06,3.61194e+06,1.45705e+07,0,0,0,0
76.2048,85.139,1.35596,0.08,0,2.41634,2.60492,0,0.452554,4.47552,4.08855e+06,2.70226e+06,9.87934e+06,0,0,0,0,89.7259,98.274,1.61077,0,1,1.71481,1.52624,0,1.32486,2.1168,8.49684e+06,3.61194e+06,1.45705e+07,0,0,0,0
75.6416,85.139,2.02707,0.06,0,2.39444,2.58248,0,0.452823,4.47552,4.08855e+06,2.70226e+06,9.78978e+06,0,0,0,0,89.7282,98.274,2.08468,0,1,1.75785,1.56981,0,1.32486,2.1168,8.49684e+06,3.61194e+06,1.49362e+07,0,0,0,0
75.0002,85.139,1.97443,0.06,0,2.4389,2.58338,0,0.448718,4.47552,4.08855e+06,2.70226e+06,9.97158e+06,0,0,0,0,89.6344,98.274,2.04307,0,1,1.71482,1.57035,0,1.35812,2.1168,8.49684e+06,3.61194e+06,1.45706e+07,0,0,0,0
74.2569,85.139,1.84102,0.05,0,2.44035,2.58427,0,0.457051,4.47552,4.08855e+06,2.70226e+06,9.97748e+06,0,0,0,0,89.5135,98.274,1.95783,0,1,1.71482,1.5709,0,1.32487,2.1168,8.49684e+06,3.61194e+06,1.45706e+07,0,0,0,0
73.321,85.139,1.6269,0.04,0,2.44179,2.58517,0,0.457321,4.47552,4.08855e+06,2.70226e+06,9.98337e+06,0,0,0,0,89.4543,98.274,1.91768,0,1,1.71483,1.57144,0,1.32487,2.1168,8.49684e+06,3.61194e+06,1.45706e+07,0,0,0,0
72.4627,85.139,1.77094,0.05,0,2.50358,2.64642,0,0.457591,4.47552,4.08855e+06,2.70226e+06,1.0236e+07,0,0,0,0,89.4782,98.274,2.12042,0,1,1.75324,1.6104,0,1.32487,2.1168,8.49684e+06,3.61194e+06,1.4897e+07,0,0,0,0
71.5189,85.139,1.68836,0.05,0,2.54346,2.64734,0,0.469171,4.47552,4.08855e+06,2.70226e+06,1.03991e+07,0,0,0,0,89.3256,98.274,2.14497,0,1,1.71484,1.61096,0,1.35455,2.1168,8.49684e+06,3.61194e+06,1.45707e+07,0,0,0,0
70.4615,85.139,1.56481,0.04,0,2.54493,2.64826,0,0.476644,4.47552,4.08855e+06,2.70226e+06,1.04051e+07,0,0,0,0,89.3138,98.274,1.91672,0,1,1.71484,1.61152,0,1.32488,2.1168,8.49684e+06,3.61194e+06,1.45707e+07,0,0,0,0
69.4472,85.139,1.59199,0.04,0,2.54641,2.64917,0,0.476921,4.47552,4.08855e+06,2.70226e+06,1.04111e+07,0,0,0,0,89.3381,98.274,2.17882,0,1,1.71484,1.61208,0,1.32488,2.1168,8.49684e+06,3.61194e+06,1.45707e+07,0,0,0,0
68.2792,85.139,1.56309,0.04,0,2.72488,2.82708,0,0.477197,4.47552,4.08855e+06,2.70226e+06,1.11408e+07,0,0,0,0,88.8766,98.274,2.22299,0,1,1.85368,1.75148,0,1.32488,2.1168,8.49684e+06,3.61194e+06,1.57504e+07,0,0,0,0
66.3043,85.139,0.800917,0.04,0,2.82806,2.82806,0,0.510642,4.47552,4.08855e+06,2.70226e+06,1.15627e+07,0,0,0,0,88.3564,98.274,1.51738,0,1,1.75208,1.75208,0,1.43215,2.1168,8.49684e+06,3.61194e+06,1.48872e+07,0,0,0,0
64.3299,85.139,0.779478,0.07,0,2.82904,2.82904,0,0.529979,4.47552,4.08855e+06,2.70226e+06,1.15667e+07,0,0,0,0,87.9402,98.274,1.43885,0,1,1.75269,1.75269,0,1.35366,2.1168,8.49684e+06,3.61194e+06,1.48923e+07,0,0,0,0
62.6976,85.139,1.11316,0.07,0,2.83002,2.83002,0,0.530163,4.47552,4.08855e+06,2.70226e+06,1.15707e+07,0,0,0,0,87.6724,98.274,1.66779,0,1,1.7533,1.7533,0,1.35413,2.1168,8.49684e+06,3.61194e+06,1.48975e+07,0,0,0,0
61.5153,85.139,1.61775,0.08,0,2.831,2.831,0,0.530346,4.47552,4.08855e+06,2.70226e+06,1.15747e+07,0,0,0,0,87.5027,98.274,1.94612,0,1,1.75391,1.75391,0,1.3546,2.1168,8.49684e+06,3.61194e+06,1.49027e+07,0,0,0,0
60.0905,85.139,1.24339,0.13,0,2.74558,2.74558,0,0.53053,4.47552,4.08855e+06,2.70226e+06,1.12254e+07,0,0,0,0,87.3389,98.274,2.17812,0,1,1.6701,1.6701,0,1.35507,2.1168,8.49684e+06,3.61194e+06,1.41905e+07,0,0,0,0
58.5712,85.139,1.09623,0.12,0,2.70235,2.74653,0,0.514521,4.47552,4.08855e+06,2.70226e+06,1.10487e+07,0,0,0,0,86.661,98.274,1.32772,0,1,1.71486,1.67067,0,1.29032,2.1168,8.49684e+06,3.61194e+06,1.45709e+07,0,0,0,0
56.8919,85.139,0.914771,0.12,0,2.70388,2.74748,0,0.506419,4.47552,4.08855e+06,2.70226e+06,1.10549e+07,0,0,0,0,86.0327,98.274,1.1834,0,1,1.71486,1.67125,0,1.3249,2.1168,8.49684e+06,3.61194e+06,1.45709e+07,0,0,0,0
55.8672,85.139,1.6925,0.13,0,2.70541,2.74843,0,0.506706,4.47552,4.08855e+06,2.70226e+06,1.10612e+07,0,0,0,0,85.9262,98.274,1.73027,0,1,1.71486,1.67183,0,1.3249,2.1168,8.49684e+06,3.61194e+06,1.45709e+07,0,0,0,0
55.7913,85.139,2.69322,0.15,0,2.63591,2.67836,0,0.506993,4.47552,4.08855e+06,2.70226e+06,1.07771e+07,0,0,0,0,86.4236,98.274,2.18897,0,1,1.63791,1.59546,0,1.3249,2.1168,8.49684e+06,3.61194e+06,1.39171e+07,0,0,0,0
55.1899,85.139,2.07235,0.16,0,2.56047,2.67929,0,0.49397,4.47552,4.08855e+06,2.70226e+06,1.04686e+07,0,0,0,0,86.7792,98.274,2.19027,0,1,1.71483,1.59602,0,1.26545,2.1168,8.49684e+06,3.61194e+06,1.45707e+07,0,0,0,0
56.4684,85.139,4.03004,0.16,0,2.56195,2.68022,0,0.479833,4.47552,4.08855e+06,2.70226e+06,1.04747e+07,0,0,0,0,87.7972,98.274,3.82204,0,1,1.71483,1.59657,0,1.32488,2.1168,8.49684e+06,3.61194e+06,1.45707e+07,0,0,0,0
56.7779,85.139,3.0002,0.15,0,2.56344,2.68115,0,0.48011,4.47552,4.08855e+06,2.70226e+06,1.04807e+07,0,0,0,0,88.8105,98.274,3.95409,0,1,1.71483,1.59712,0,1.32488,2.1168,8.49684e+06,3.61194e+06,1.45707e+07,0,0,0,0
56.9925,85.139,2.81409,0.14,0,2.36293,2.48008,0,0.480388,4.47552,4.08855e+06,2.70226e+06,9.66094e+06,0,0,0,0,89.5994,98.274,3.04998,0,1,1.55435,1.43719,0,1.32488,2.1168,8.49684e+06,3.61194e+06,1.32071e+07,0,0,0,0
58.8329,85.139,4.58481,0.15,0,2.20386,2.48094,0,0.442812,4.47552,4.08855e+06,2.70226e+06,9.01058e+06,0,0,0,0,90.2532,98.274,4.25521,0,1,1.71478,1.43769,0,1.20089,2.1168,8.49684e+06,3.61194e+06,1.45702e+07,0,0,0,0
61.107,85.139,5.0946,0.14,0,2.20521,2.4818,0,0.413003,4.47552,4.08855e+06,2.70226e+06,9.01613e+06,0,0,0,0,90.9356,98.274,3.03049,0,1,1.71478,1.43819,0,1.32484,2.1168,8.49684e+06,3.61194e+06,1.45702e+07,0,0,0,0
65.0163,85.139,6.94445,0.16,0,2.20657,2.48266,0,0.413257,4.47552,4.08855e+06,2.70226e+06,9.02168e+06,0,0,0,0,93.3665,98.274,5.15289,0,1,1.71478,1.43869,0,1.32484,2.1168,8.49684e+06,3.61194e+06,1.45702e+07,0,0,0,0
67.0224,85.139,4.85969,0.12,0,2.20793,2.48352,0,0.413511,4.47552,4.08855e+06,2.70226e+06,9.02722e+06,0,0,0,0,95.6938,98.274,5.28684,0,1,1.71478,1.43919,0,1.32484,2.1168,8.49684e+06,3.61194e+06,1.45702e+07,0,0,0,0
69.1332,85.139,4.75974,0.12,0,2.2871,2.56219,0,0.413766,4.47552,4.08855e+06,2.70226e+06,9.35091e+06,0,0,0,0,96.324,98.274,3.4748,0,1,1.76132,1.48622,0,1.32484,2.1168,8.49684e+06,3.61194e+06,1.49656e+07,0,0,0,0
69.3809,85.139,3.00306,0.06,0,2.33499,2.56305,0,0.428602,4.47552,4.08855e+06,2.70226e+06,9.54673e+06,0,0,0,0,96.7307,98.274,2.9501,0,1,1.71478,1.48672,0,1.36079,2.1168,8.49684e+06,3.61194e+06,1.45702e+07,0,0,0,0
69.347,85.139,2.7601,0.07,0,2.33635,2.5639,0,0.437577,4.47552,4.08855e+06,2.70226e+06,9.55227e+06,0,0,0,0,97.4233,98.274,3.64681,0,1,1.71478,1.48722,0,1.32484,2.1168,8.49684e+06,3.61194e+06,1.45702e+07,0,0,0,0
68.5997,85.139,2.05358,0.09,0,2.3377,2.56476,0,0.437831,4.47552,4.08855e+06,2.70226e+06,9.55781e+06,0,0,0,0,97.7163,98.274,2.93946,0,1,1.71478,1.48772,0,1.32484,2.1168,8.49684e+06,3.61194e+06,1.45702e+07,0,0,0,0
67.964,85.139,2.31749,0.09,0,2.5893,2.81587,0,0.438085,4.47552,4.08855e+06,2.70226e+06,1.05865e+07,0,0,0,0,97.9117,98.274,2.64496,0,1,1.88976,1.6632,0,1.32484,2.1168,8.49684e+06,3.61194e+06,1.6057e+07,0,0,0,0
67.9881,85.139,3.16081,0.14,0,2.76572,2.81681,0,0.485235,4.47552,4.08855e+06,2.70226e+06,1.13078e+07,0,0,0,0,98.2057,98.274,3.19731,0,1,1.71484,1.66375,0,1.46003,2.1168,8.49684e+06,3.61194e+06,1.45707e+07,0,0,0,0
67.4629,85.139,2.53519,0.14,0,2.76722,2.81775,0,0.518297,4.47552,4.08855e+06,2.70226e+06,1.13139e+07,0,0,0,0,98.4426,98.274,2.08456,0,1,1.71484,1.66431,0,1.32488,2.1168,8.49684e+06,3.61194e+06,1.45707e+07,0,0,0,0
67.9317,85.139,3.56127,0.14,0,2.76872,2.81869,0,0.518578,4.47552,4.08855e+06,2.70226e+06,1.13201e+07,0,0,0,0,98.535,98.274,2.62715,0,1,1.71484,1.66487,0,1.32488,2.1168,8.49684e+06,3.61194e+06,1.45707e+07,0,0,0,0
68.1791,85.139,3.08811,0.14,0,2.41281,2.46223,0,0.518859,4.47552,4.08855e+06,2.70226e+06,9.86492e+06,0,0,0,0,98.517,98.274,2.80047,0,1,1.47969,1.43028,0,1.32488,2.1168,8.49684e+06,3.61194e+06,1.25727e+07,0,0,0,0
68.241,85.139,2.68634,0.12,0,2.17905,2.46305,0,0.452161,4.47552,4.08855e+06,2.70226e+06,8.90917e+06,0,0,0,0,98.5013,98.274,2.1772,0,1,1.71476,1.43076,0,1.14321,2.1168,8.49684e+06,3.61194e+06,1.457e+07,0,0,0,0
69.6493,85.139,4.04342,0.13,0,2.18035,2.46388,0,0.408354,4.47552,4.08855e+06,2.70226e+06,8.91449e+06,0,0,0,0,98.9014,98.274,2.98054,0,1,1.71476,1.43124,0,1.32482,2.1168,8.49684e+06,3.61194e+06,1.457e+07,0,0,0,0
71.7358,85.139,4.74578,0.15,0,2.18166,2.4647,0,0.408598,4.47552,4.08855e+06,2.70226e+06,8.91981e+06,0,0,0,0,99.3022,98.274,3.33535,0,1,1.71476,1.43172,0,1.32482,2.1168,8.49684e+06,3.61194e+06,1.457e+07,0,0,0,0
73.1601,85.139,4.06681,0.16,0,2.18296,2.46552,0,0.408842,4.47552,4.08855e+06,2.70226e+06,8.92514e+06,0,0,0,0,99.284,98.274,3.02243,0,1,1.71476,1.43219,0,1.32482,2.1168,8.49684e+06,3.61194e+06,1.457e+07,0,0,0,0
74.141,85.139,3.77285,0.16,0,2.27438,2.55646,0,0.409087,4.47552,4.08855e+06,2.70226e+06,9.29891e+06,0,0,0,0,98.9353,98.274,2.75154,0,1,1.77238,1.49029,0,1.32482,2.1168,8.49684e+06,3.61194e+06,1.50596e+07,0,0,0,0
74.205,85.139,2.81639,0.11,0,2.33333,2.55732,0,0.426218,4.47552,4.08855e+06,2.70226e+06,9.53994e+06,0,0,0,0,98.8071,98.274,2.08067,0,1,1.71478,1.49079,0,1.36934,2.1168,8.49684e+06,3.61194e+06,1.45702e+07,0,0,0,0
74.3779,85.139,2.97388,0.13,0,2.33468,2.55817,0,0.437266,4.47552,4.08855e+06,2.70226e+06,9.54547e+06,0,0,0,0,98.7259,98.274,2.02345,0,1,1.71478,1.49129,0,1.32484,2.1168,8.49684e+06,3.61194e+06,1.45702e+07,0,0,0,0
74.0247,85.139,2.38464,0.13,0,2.33604,2.55903,0,0.43752,4.47552,4.08855e+06,2.70226e+06,9.55101e+06,0,0,0,0,98.6062,98.274,1.9113,0,1,1.71478,1.49179,0,1.32484,2.1168,8.49684e+06,3.61194e+06,1.45702e+07,0,0,0,0
73.9571,85.139,2.63262,0.12,0,2.30211,2.5246,0,0.437773,4.47552,4.08855e+06,2.70226e+06,9.41229e+06,0,0,0,0,98.6427,98.274,2.25082,0,1,1.69237,1.46988,0,1.32484,2.1168,8.49684e+06,3.61194e+06,1.43798e+07,0,0,0,0
73.7214,85.139,2.45459,0.13,0,2.28104,2.52544,0,0.431415,4.47552,4.08855e+06,2.70226e+06,9.32616e+06,0,0,0,0,98.8239,98.274,2.37373,0,1,1.71477,1.47037,0,1.30752,2.1168,8.49684e+06,3.61194e+06,1.45701e+07,0,0,0,0
73.386,85.139,2.25063,0.21,0,2.28238,2.52629,0,0.427467,4.47552,4.08855e+06,2.70226e+06,9.33161e+06,0,0,0,0,98.9555,98.274,2.12903,0,1,1.71477,1.47086,0,1.32483,2.1168,8.49684e+06,3.61194e+06,1.45701e+07,0,0,0,0
72.9945,85.139,2.18856,0.22,0,2.28371,2.52713,0,0.427717,4.47552,4.08855e+06,2.70226e+06,9.33707e+06,0,0,0,0,98.9709,98.274,2.36581,0,1,1.71477,1.47135,0,1.32483,2.1168,8.49684e+06,3.61194e+06,1.45701e+07,0,0,0,0
72.3613,85.139,2.02984,0.18,0,2.40497,2.6479,0,0.427968,4.47552,4.08855e+06,2.70226e+06,9.83283e+06,0,0,0,0,99.0424,98.274,2.18203,0,1,1.79435,1.55142,0,1.32483,2.1168,8.49684e+06,3.61194e+06,1.52463e+07,0,0,0,0
71.378,85.139,1.71527,0.17,0,2.48592,2.64878,0,0.450691,4.47552,4.08855e+06,2.70226e+06,1.01638e+07,0,0,0,0,99.1439,98.274,2.16868,0,1,1.7148,1.55194,0,1.38631,2.1168,8.49684e+06,3.61194e+06,1.45704e+07,0,0,0,0
70.3695,85.139,1.67862,0.16,0,2.48732,2.64966,0,0.465861,4.47552,4.08855e+06,2.70226e+06,1.01695e+07,0,0,0,0,99.1175,98.274,2.21866,0,1,1.7148,1.55246,0,1.32485,2.1168,8.49684e+06,3.61194e+06,1.45704e+07,0,0,0,0
69.2637,85.139,1.5669,0.14,0,2.48872,2.65055,0,0.466124,4.47552,4.08855e+06,2.70226e+06,1.01753e+07,0,0,0,0,99.1273,98.274,2.04034,0,1,1.7148,1.55297,0,1.32485,2.1168,8.49684e+06,3.61194e+06,1.45704e+07,0,0,0,0
68.1164,85.139,1.47607,0.12,0,2.49013,2.65143,0,0.466387,4.47552,4.08855e+06,2.70226e+06,1.0181e+07,0,0,0,0,99.2472,98.274,2.01148,0,1,1.7148,1.55349,0,1.32485,2.1168,8.49684e+06,3.61194e+06,1.45704e+07,0,0,0,0
67.3344,85.139,1.82948,0.11,0,2.46778,2.62856,0,0.46665,4.47552,4.08855e+06,2.70226e+06,1.00896e+07,0,0,0,0,99.3022,98.274,2.44346,0,1,1.75861,1.59782,0,1.32485,2.1168,8.49684e+06,3.61194e+06,1.49426e+07,0,0,0,0
66.5358,85.139,1.80057,0.15,0,2.51298,2.62944,0,0.462461,4.47552,4.08855e+06,2.70226e+06,1.02745e+07,0,0,0,0,99.3022,98.274,2.55543,0,1,1.71481,1.59835,0,1.3587,2.1168,8.49684e+06,3.61194e+06,1.45705e+07,0,0,0,0
65.6299,85.139,1.66002,0.14,0,2.51439,2.63032,0,0.470933,4.47552,4.08855e+06,2.70226e+06,1.02802e+07,0,0,0,0,99.3022,98.274,2.46863,0,1,1.71481,1.59889,0,1.32486,2.1168,8.49684e+06,3.61194e+06,1.45705e+07,0,0,0,0
64.6288,85.139,1.55191,0.12,0,2.51581,2.6312,0,0.471197,4.47552,4.08855e+06,2.70226e+06,1.0286e+07,0,0,0,0,99.3022,98.274,2.53216,0,1,1.71481,1.59942,0,1.32486,2.1168,8.49684e+06,3.61194e+06,1.45705e+07,0,0,0,0
63.7256,85.139,1.69657,0.14,0,2.57864,2.6935,0,0.471462,4.47552,4.08855e+06,2.70226e+06,1.05429e+07,0,0,0,0,99.3022,98.274,2.59789,0,1,1.75391,1.63905,0,1.32486,2.1168,8.49684e+06,3.61194e+06,1.49027e+07,0,0,0,0
62.8137,85.139,1.70328,0.12,0,2.61917,2.6944,0,0.483238,4.47552,4.08855e+06,2.70226e+06,1.07086e+07,0,0,0,0,99.3022,98.274,2.32989,0,1,1.71483,1.6396,0,1.35507,2.1168,8.49684e+06,3.61194e+06,1.45706e+07,0,0,0,0
61.8059,85.139,1.59063,0.11,0,2.62062,2.6953,0,0.490833,4.47552,4.08855e+06,2.70226e+06,1.07145e+07,0,0,0,0,99.2428,98.274,2.19405,0,1,1.71483,1.64014,0,1.32488,2.1168,8.49684e+06,3.61194e+06,1.45706e+07,0,0,0,0
60.6832,85.139,1.45992,0.17,0,2.62206,2.6962,0,0.491104,4.47552,4.08855e+06,2.70226e+06,1.07204e+07,0,0,0,0,99.2703,98.274,2.07565,0,1,1.71483,1.64069,0,1.32488,2.1168,8.49684e+06,3.61194e+06,1.45706e+07,0,0,0,0
59.7181,85.139,1.74143,0.17,0,2.80364,2.87723,0,0.491375,4.47552,4.08855e+06,2.70226e+06,1.14628e+07,0,0,0,0,99.3022,98.274,2.73099,0,1,1.85613,1.78254,0,1.32488,2.1168,8.49684e+06,3.61194e+06,1.57713e+07,0,0,0,0
58.2925,85.139,1.31444,0.15,0,2.87819,2.87819,0,0.525402,4.47552,4.08855e+06,2.70226e+06,1.17676e+07,0,0,0,0,99.2127,98.274,2.1171,0,1,1.78314,1.78314,0,1.43405,2.1168,8.49684e+06,3.61194e+06,1.5151e+07,0,0,0,0
56.7542,85.139,1.17819,0.16,0,2.87915,2.87915,0,0.539372,4.47552,4.08855e+06,2.70226e+06,1.17715e+07,0,0,0,0,99.1169,98.274,1.96505,0,1,1.78373,1.78373,0,1.37765,2.1168,8.49684e+06,3.61194e+06,1.51561e+07,0,0,0,0
55.451,85.139,1.39873,0.21,0,2.88011,2.88011,0,0.539552,4.47552,4.08855e+06,2.70226e+06,1.17755e+07,0,0,0,0,99.0526,98.274,2.12808,0,1,1.78433,1.78433,0,1.37811,2.1168,8.49684e+06,3.61194e+06,1.51611e+07,0,0,0,0
55.085,85.139,2.38819,0.21,0,2.88107,2.88107,0,0.539732,4.47552,4.08855e+06,2.70226e+06,1.17794e+07,0,0,0,0,99.189,98.274,2.55232,0,1,1.78492,1.78492,0,1.37857,2.1168,8.49684e+06,3.61194e+06,1.51662e+07,0,0,0,0
55.2696,85.139,2.84504,0.2,0,2.7941,2.7941,0,0.539912,4.47552,4.08855e+06,2.70226e+06,1.14238e+07,0,0,0,0,99.3022,98.274,5.35713,0,1,1.69961,1.69961,0,1.37903,2.1168,8.49684e+06,3.61194e+06,1.44413e+07,0,0,0,0
55.4453,85.139,2.85782,0.2,0,2.78036,2.79503,0,0.523613,4.47552,4.08855e+06,2.70226e+06,1.13676e+07,0,0,0,0,99.3022,98.274,5.76743,0,1,1.71485,1.70018,0,1.31312,2.1168,8.49684e+06,3.61194e+06,1.45708e+07,0,0,0,0
56.5075,85.139,3.79417,0.2,0,2.78185,2.79596,0,0.521039,4.47552,4.08855e+06,2.70226e+06,1.13737e+07,0,0,0,0,99.3022,98.274,7.8095,0,1,1.71485,1.70074,0,1.32489,2.1168,8.49684e+06,3.61194e+06,1.45708e+07,0,0,0,0
58.6541,85.139,5.03517,0.2,0,2.78335,2.79689,0,0.521319,4.47552,4.08855e+06,2.70226e+06,1.13799e+07,0,0,0,0,99.3022,98.274,10.8987,0,1,1.71485,1.70131,0,1.32489,2.1168,8.49684e+06,3.61194e+06,1.45708e+07,0,0,0,0
60.9857,85.139,5.26599,0.13,0,2.71258,2.72555,0,0.5216,4.47552,4.08855e+06,2.70226e+06,1.10905e+07,0,0,0,0,99.3022,98.274,8.54111,0,1,1.63654,1.62357,0,1.32489,2.1168,8.49684e+06,3.61194e+06,1.39055e+07,0,0,0,0
63.7322,85.139,5.70693,0.13,0,2.63575,2.72646,0,0.508337,4.47552,4.08855e+06,2.70226e+06,1.07764e+07,0,0,0,0,99.3022,98.274,11.4188,0,1,1.71482,1.62411,0,1.26439,2.1168,8.49684e+06,3.61194e+06,1.45706e+07,0,0,0,0
67.1197,85.139,6.41717,0.13,0,2.6372,2.72737,0,0.49394,4.47552,4.08855e+06,2.70226e+06,1.07823e+07,0,0,0,0,99.3022,98.274,15.7091,0,1,1.71482,1.62466,0,1.32487,2.1168,8.49684e+06,3.61194e+06,1.45706e+07,0,0,0,0
71.6597,85.139,7.73036,0.13,0,2.63865,2.72827,0,0.494211,4.47552,4.08855e+06,2.70226e+06,1.07883e+07,0,0,0,0,99.3022,98.274,11.3929,0,1,1.71482,1.6252,0,1.32487,2.1168,8.49684e+06,3.61194e+06,1.45706e+07,0,0,0,0
77.9572,85.139,9.3815,0.08,0,2.43456,2.52364,0,0.494483,4.47552,4.08855e+06,2.70226e+06,9.95383e+06,0,0,0,0,99.3022,98.274,11.0668,0,1,1.55152,1.46244,0,1.32487,2.1168,8.49684e+06,3.61194e+06,1.3183e+07,0,0,0,0
85.139,85.139,12.8374,0.03,0,2.27264,2.52449,0,0.456237,4.47552,4.08855e+06,2.70226e+06,9.29182e+06,0,0,0,0,99.3022,98.274,9.68586,0,1,1.71477,1.46293,0,1.19871,2.1168,8.49684e+06,3.61194e+06,1.45701e+07,0,0,0,0
85.139,85.139,12.3187,0.02,0,2.27397,2.52533,0,0.425893,4.47552,4.08855e+06,2.70226e+06,9.29725e+06,0,0,0,0,99.3022,98.274,9.95979,0,1,1.71477,1.46341,0,1.32483,2.1168,8.49684e+06,3.61194e+06,1.45701e+07,0,0,0,0
85.139,85.139,9.7829,0.02,0,2.2753,2.52617,0,0.426142,4.47552,4.08855e+06,2.70226e+06,9.30268e+06,0,0,0,0,99.3022,98.274,11.8995,0,1,1.71477,1.4639,0,1.32483,2.1168,8.49684e+06,3.61194e+06,1.45701e+07,0,0,0,0
85.139,85.139,10.1183,0.02,0,2.27663,2.52701,0,0.426391,4.47552,4.08855e+06,2.70226e+06,9.30812e+06,0,0,0,0,99.3022,98.274,15.8332,0,1,1.71477,1.46439,0,1.32483,2.1168,8.49684e+06,3.61194e+06,1.45701e+07,0,0,0,0
85.139,85.139,7.31709,0.02,0,2.35713,2.60702,0,0.42664,4.47552,4.08855e+06,2.70226e+06,9.63725e+06,0,0,0,0,99.3022,98.274,8.69771,0,1,1.76212,1.51223,0,1.32483,2.1168,8.49684e+06,3.61194e+06,1.49725e+07,0,0,0,0
85.139,85.139,12.4796,0.02,0,2.40581,2.60786,0,0.441726,4.47552,4.08855e+06,2.70226e+06,9.83628e+06,0,0,0,0,99.3022,98.274,11.8712,0,1,1.71477,1.51272,0,1.36142,2.1168,8.49684e+06,3.61194e+06,1.45701e+07,0,0,0,0
85.139,85.139,20.6159,0.02,0,2.40713,2.6087,0,0.450849,4.47552,4.08855e+06,2.70226e+06,9.84169e+06,0,0,0,0,99.3022,98.274,27.4946,0,1,1.71477,1.5132,0,1.32483,2.1168,8.49684e+06,3.61194e+06,1.45701e+07,0,0,0,0
85.139,85.139,19.9832,0.03,0,2.40846,2.60954,0,0.451097,4.47552,4.08855e+06,2.70226e+06,9.84711e+06,0,0,0,0,99.3022,98.274,26.4665,0,1,1.71477,1.51369,0,1.32483,2.1168,8.49684e+06,3.61194e+06,1.45701e+07,0,0,0,0
85.139,85.139,11.5528,0.04,0,2.6644,2.86499,0,0.451345,4.47552,4.08855e+06,2.70226e+06,1.08935e+07,0,0,0,0,99.3022,98.274,16.1411,0,1,1.8928,1.69221,0,1.32483,2.1168,8.49684e+06,3.61194e+06,1.60828e+07,0,0,0,0
85.139,85.139,8.07004,0.04,0,2.84384,2.86591,0,0.499308,4.47552,4.08855e+06,2.70226e+06,1.16272e+07,0,0,0,0,99.3022,98.274,19.0645,0,1,1.71482,1.69275,0,1.46238,2.1168,8.49684e+06,3.61194e+06,1.45706e+07,0,0,0,0
85.139,85.139,6.1201,0.04,0,2.8453,2.86683,0,0.532935,4.47552,4.08855e+06,2.70226e+06,1.16332e+07,0,0,0,0,99.3022,98.274,10.6589,0,1,1.71482,1.6933,0,1.32487,2.1168,8.49684e+06,3.61194e+06,1.45706e+07,0,0,0,0
85.139,85.139,5.10033,0.05,0,2.84677,2.86775,0,0.53321,4.47552,4.08855e+06,2.70226e+06,1.16392e+07,0,0,0,0,99.3022,98.274,9.04897,0,1,1.71482,1.69384,0,1.32487,2.1168,8.49684e+06,3.61194e+06,1.45706e+07,0,0,0,0
85.139,85.139,6.61705,0.05,0,2.48461,2.50505,0,0.533484,4.47552,4.08855e+06,2.70226e+06,1.01585e+07,0,0,0,0,99.3022,98.274,13.0388,0,1,1.47559,1.45515,0,1.32487,2.1168,8.49684e+06,3.61194e+06,1.25379e+07,0,0,0,0
85.139,85.139,7.25314,0.07,0,2.24673,2.50585,0,0.465616,4.47552,4.08855e+06,2.70226e+06,9.18586e+06,0,0,0,0,99.3022,98.274,10.4536,0,1,1.71475,1.45562,0,1.14004,2.1168,8.49684e+06,3.61194e+06,1.45699e+07,0,0,0,0
85.139,85.139,6.27674,0.07,0,2.248,2.50666,0,0.421037,4.47552,4.08855e+06,2.70226e+06,9.19106e+06,0,0,0,0,99.3022,98.274,9.60742,0,1,1.71475,1.45609,0,1.32481,2.1168,8.49684e+06,3.61194e+06,1.45699e+07,0,0,0,0
85.139,85.139,7.2876,0.07,0,2.24927,2.50746,0,0.421275,4.47552,4.08855e+06,2.70226e+06,9.19627e+06,0,0,0,0,99.3022,98.274,10.5511,0,1,1.71475,1.45656,0,1.32481,2.1168,8.49684e+06,3.61194e+06,1.45699e+07,0,0,0,0
85.139,85.139,8.30668,0.07,0,2.25055,2.50827,0,0.421514,4.47552,4.08855e+06,2.70226e+06,9.20147e+06,0,0,0,0,99.3022,98.274,10.9245,0,1,1.71475,1.45702,0,1.32481,2.1168,8.49684e+06,3.61194e+06,1.45699e+07,0,0,0,0
85.139,85.139,5.36429,0.07,0,2.3435,2.60075,0,0.421752,4.47552,4.08855e+06,2.70226e+06,9.5815e+06,0,0,0,0,99.3022,98.274,7.66025,0,1,1.77337,1.51611,0,1.32481,2.1168,8.49684e+06,3.61194e+06,1.5068e+07,0,0,0,0
85.139,85.139,4.56148,0.07,0,2.40342,2.60159,0,0.439171,4.47552,4.08855e+06,2.70226e+06,9.82649e+06,0,0,0,0,99.3022,98.274,7.16217,0,1,1.71477,1.5166,0,1.3701,2.1168,8.49684e+06,3.61194e+06,1.45701e+07,0,0,0,0
85.139,85.139,4.10244,0.07,0,2.40474,2.60242,0,0.4504,4.47552,4.08855e+06,2.70226e+06,9.8319e+06,0,0,0,0,99.3022,98.274,8.03852,0,1,1.71477,1.51709,0,1.32483,2.1168,8.49684e+06,3.61194e+06,1.45701e+07,0,0,0,0
85.139,85.139,4.24661,0.07,0,2.40606,2.60326,0,0.450648,4.47552,4.08855e+06,2.70226e+06,9.83731e+06,0,0,0,0,99.3022,98.274,6.18774,0,1,1.71477,1.51757,0,1.32483,2.1168,8.49684e+06,3.61194e+06,1.45701e+07,0,0,0,0
85.139,85.139,3.6832,0.07,0,2.37149,2.5682,0,0.450896,4.47552,4.08855e+06,2.70226e+06,9.69597e+06,0,0,0,0,99.3022,98.274,4.73751,0,1,1.69197,1.49526,0,1.32483,2.1168,8.49684e+06,3.61194e+06,1.43764e+07,0,0,0,0
85.139,85.139,3.57343,0.07,0,2.35001,2.56903,0,0.444418,4.47552,4.08855e+06,2.70226e+06,9.60813e+06,0,0,0,0,99.3022,98.274,4.4316,0,1,1.71476,1.49574,0,1.30722,2.1168,8.49684e+06,3.61194e+06,1.457e+07,0,0,0,0
85.139,85.139,3.63307,0.07,0,2.35131,2.56985,0,0.440392,4.47552,4.08855e+06,2.70226e+06,9.61347e+06,0,0,0,0,99.3022,98.274,3.75937,0,1,1.71476,1.49622,0,1.32482,2.1168,8.49684e+06,3.61194e+06,1.457e+07,0,0,0,0
85.139,85.139,3.71916,0.05,0,2.35262,2.57068,0,0.440636,4.47552,4.08855e+06,2.70226e+06,9.6188e+06,0,0,0,0,99.3022,98.274,3.88055,0,1,1.71476,1.4967,0,1.32482,2.1168,8.49684e+06,3.61194e+06,1.457e+07,0,0,0,0
85.139,85.139,2.95913,0.05,0,2.47591,2.69348,0,0.440881,4.47552,4.08855e+06,2.70226e+06,1.01229e+07,0,0,0,0,99.3022,98.274,3.58573,0,1,1.79571,1.57813,0,1.32482,2.1168,8.49684e+06,3.61194e+06,1.52578e+07,0,0,0,0
85.139,85.139,3.52407,0.04,0,2.5582,2.69435,0,0.463985,4.47552,4.08855e+06,2.70226e+06,1.04593e+07,0,0,0,0,99.3022,98.274,3.42653,0,1,1.71479,1.57864,0,1.38736,2.1168,8.49684e+06,3.61194e+06,1.45703e+07,0,0,0,0
85.139,85.139,2.84993,0.04,0,2.55957,2.69521,0,0.479406,4.47552,4.08855e+06,2.70226e+06,1.04649e+07,0,0,0,0,99.3022,98.274,3.17696,0,1,1.71479,1.57914,0,1.32484,2.1168,8.49684e+06,3.61194e+06,1.45703e+07,0,0,0,0
85.1279,85.139,2.71123,0.04,0,2.56094,2.69608,0,0.479663,4.47552,4.08855e+06,2.70226e+06,1.04705e+07,0,0,0,0,99.3022,98.274,2.9471,0,1,1.71479,1.57965,0,1.32484,2.1168,8.49684e+06,3.61194e+06,1.45703e+07,0,0,0,0
85.0456,85.139,2.6349,0.07,0,2.56231,2.69694,0,0.47992,4.47552,4.08855e+06,2.70226e+06,1.04761e+07,0,0,0,0,99.3022,98.274,3.08281,0,1,1.71479,1.58016,0,1.32484,2.1168,8.49684e+06,3.61194e+06,1.45703e+07,0,0,0,0
84.1752,85.139,1.84225,0.06,0,2.53952,2.67365,0,0.480177,4.47552,4.08855e+06,2.70226e+06,1.0383e+07,0,0,0,0,99.3022,98.274,2.84333,0,1,1.75935,1.62522,0,1.32484,2.1168,8.49684e+06,3.61194e+06,1.49489e+07,0,0,0,0
82.9362,85.139,1.51436,0.05,0,2.58545,2.6745,0,0.475906,4.47552,4.08855e+06,2.70226e+06,1.05707e+07,0,0,0,0,99.3022,98.274,2.73985,0,1,1.7148,1.62574,0,1.35927,2.1168,8.49684e+06,3.61194e+06,1.45704e+07,0,0,0,0
81.5716,85.139,1.38129,0.04,0,2.58683,2.67536,0,0.484513,4.47552,4.08855e+06,2.70226e+06,1.05764e+07,0,0,0,0,99.3022,98.274,2.60832,0,1,1.7148,1.62627,0,1.32486,2.1168,8.49684e+06,3.61194e+06,1.45704e+07,0,0,0,0
80.1053,85.139,1.25403,0.04,0,2.58821,2.67622,0,0.484771,4.47552,4.08855e+06,2.70226e+06,1.0582e+07,0,0,0,0,99.3022,98.274,2.40965,0,1,1.7148,1.62679,0,1.32486,2.1168,8.49684e+06,3.61194e+06,1.45704e+07,0,0,0,0
78.6041,85.139,1.23805,0.04,0,2.65206,2.73955,0,0.48503,4.47552,4.08855e+06,2.70226e+06,1.08431e+07,0,0,0,0,99.2782,98.274,2.43902,0,1,1.75457,1.66707,0,1.32486,2.1168,8.49684e+06,3.61194e+06,1.49083e+07,0,0,0,0
76.9922,85.139,1.17259,0.04,0,2.69323,2.74043,0,0.496997,4.47552,4.08855e+06,2.70226e+06,1.10114e+07,0,0,0,0,99.1926,98.274,2.3718,0,1,1.71481,1.66761,0,1.35558,2.1168,8.49684e+06,3.61194e+06,1.45705e+07,0,0,0,0
75.2924,85.139,1.0699,0.04,0,2.69464,2.74131,0,0.504711,4.47552,4.08855e+06,2.70226e+06,1.10172e+07,0,0,0,0,99.18,98.274,2.20356,0,1,1.71481,1.66814,0,1.32487,2.1168,8.49684e+06,3.61194e+06,1.45705e+07,0,0,0,0
73.4849,85.139,0.933759,0.04,0,2.69605,2.74219,0,0.504975,4.47552,4.08855e+06,2.70226e+06,1.1023e+07,0,0,0,0,99.1567,98.274,2.18859,0,1,1.71481,1.66868,0,1.32487,2.1168,8.49684e+06,3.61194e+06,1.45705e+07,0,0,0,0
71.4082,85.139,0.807913,0.08,0,2.88067,2.92627,0,0.50524,4.47552,4.08855e+06,2.70226e+06,1.17777e+07,0,0,0,0,99.2965,98.274,2.12174,0,1,1.85853,1.81292,0,1.32487,2.1168,8.49684e+06,3.61194e+06,1.57916e+07,0,0,0,0
69.5048,85.139,1.00968,0.08,0,2.92721,2.92721,0,0.539837,4.47552,4.08855e+06,2.70226e+06,1.1968e+07,0,0,0,0,99.1762,98.274,2.28779,0,1,1.81351,1.81351,0,1.4359,2.1168,8.49684e+06,3.61194e+06,1.54091e+07,0,0,0,0
67.4666,85.139,0.878033,0.08,0,2.92814,2.92814,0,0.548558,4.47552,4.08855e+06,2.70226e+06,1.19719e+07,0,0,0,0,99.1805,98.274,1.99376,0,1,1.81409,1.81409,0,1.40111,2.1168,8.49684e+06,3.61194e+06,1.5414e+07,0,0,0,0
65.5294,85.139,0.949046,0.14,0,2.92908,2.92908,0,0.548734,4.47552,4.08855e+06,2.70226e+06,1.19757e+07,0,0,0,0,99.3022,98.274,2.64813,0,1,1.81467,1.81467,0,1.40156,2.1168,8.49684e+06,3.61194e+06,1.54189e+07,0,0,0,0
63.5451,85.139,0.883774,0.15,0,2.93002,2.93002,0,0.54891,4.47552,4.08855e+06,2.70226e+06,1.19795e+07,0,0,0,0,99.3022,98.274,2.3406,0,1,1.81525,1.81525,0,1.40201,2.1168,8.49684e+06,3.61194e+06,1.54239e+07,0,0,0,0
62.114,85.139,1.3856,0.14,0,2.84153,2.84153,0,0.549086,4.47552,4.08855e+06,2.70226e+06,1.16177e+07,0,0,0,0,99.3022,98.274,2.75139,0,1,1.72846,1.72846,0,1.40246,2.1168,8.49684e+06,3.61194e+06,1.46865e+07,0,0,0,0
60.9698,85.139,1.68533,0.19,0,2.84244,2.84244,0,0.532503,4.47552,4.08855e+06,2.70226e+06,1.16215e+07,0,0,0,0,99.3022,98.274,5.10419,0,1,1.72902,1.72902,0,1.33541,2.1168,8.49684e+06,3.61194e+06,1.46912e+07,0,0,0,0
59.6427,85.139,1.49261,0.18,0,2.84335,2.84335,0,0.532674,4.47552,4.08855e+06,2.70226e+06,1.16252e+07,0,0,0,0,99.3022,98.274,3.50007,0,1,1.72957,1.72957,0,1.33584,2.1168,8.49684e+06,3.61194e+06,1.46959e+07,0,0,0,0
58.0728,85.139,1.22638,0.16,0,2.84426,2.84426,0,0.532844,4.47552,4.08855e+06,2.70226e+06,1.16289e+07,0,0,0,0,99.3022,98.274,2.81318,0,1,1.73013,1.73013,0,1.33627,2.1168,8.49684e+06,3.61194e+06,1.47006e+07,0,0,0,0
57.3958,85.139,2.12796,0.16,0,2.77168,2.77168,0,0.533015,4.47552,4.08855e+06,2.70226e+06,1.13321e+07,0,0,0,0,99.3022,98.274,3.6618,0,1,1.65105,1.65105,0,1.33669,2.1168,8.49684e+06,3.61194e+06,1.40287e+07,0,0,0,0
58.467,85.139,3.84905,0.17,0,2.70934,2.77256,0,0.519412,4.47552,4.08855e+06,2.70226e+06,1.10773e+07,0,0,0,0,99.3022,98.274,4.83343,0,1,1.71481,1.65158,0,1.2756,2.1168,8.49684e+06,3.61194e+06,1.45705e+07,0,0,0,0
60.7717,85.139,5.14811,0.17,0,2.71075,2.77345,0,0.507729,4.47552,4.08855e+06,2.70226e+06,1.1083e+07,0,0,0,0,99.3022,98.274,5.12158,0,1,1.71481,1.65211,0,1.32486,2.1168,8.49684e+06,3.61194e+06,1.45705e+07,0,0,0,0
64.6454,85.139,6.76179,0.17,0,2.71217,2.77434,0,0.507995,4.47552,4.08855e+06,2.70226e+06,1.10888e+07,0,0,0,0,99.3022,98.274,6.27857,0,1,1.71481,1.65264,0,1.32486,2.1168,8.49684e+06,3.61194e+06,1.45705e+07,0,0,0,0
68.1812,85.139,6.44441,0.15,0,2.50458,2.56622,0,0.50826,4.47552,4.08855e+06,2.70226e+06,1.02401e+07,0,0,0,0,99.3022,98.274,7.39832,0,1,1.54875,1.48711,0,1.32486,2.1168,8.49684e+06,3.61194e+06,1.31595e+07,0,0,0,0
73.7789,85.139,8.35259,0.12,0,2.33988,2.56704,0,0.469358,4.47552,4.08855e+06,2.70226e+06,9.5667e+06,0,0,0,0,99.3022,98.274,8.81164,0,1,1.71476,1.48759,0,1.19657,2.1168,8.49684e+06,3.61194e+06,1.457e+07,0,0,0,0
77.8924,85.139,6.94644,0.12,0,2.34117,2.56787,0,0.438493,4.47552,4.08855e+06,2.70226e+06,9.572e+06,0,0,0,0,99.3022,98.274,10.0432,0,1,1.71476,1.48806,0,1.32482,2.1168,8.49684e+06,3.61194e+06,1.457e+07,0,0,0,0
79.6526,85.139,4.5127,0.07,0,2.34247,2.56869,0,0.438736,4.47552,4.08855e+06,2.70226e+06,9.57731e+06,0,0,0,0,99.3022,98.274,5.61024,0,1,1.71476,1.48854,0,1.32482,2.1168,8.49684e+06,3.61194e+06,1.457e+07,0,0,0,0
82.2903,85.139,5.42737,0.03,0,2.34377,2.56951,0,0.438979,4.47552,4.08855e+06,2.70226e+06,9.58262e+06,0,0,0,0,99.3022,98.274,6.35764,0,1,1.71476,1.48902,0,1.32482,2.1168,8.49684e+06,3.61194e+06,1.457e+07,0,0,0,0
85.139,85.139,6.14383,0.04,0,2.42557,2.65083,0,0.439222,4.47552,4.08855e+06,2.70226e+06,9.91707e+06,0,0,0,0,99.3022,98.274,7.79993,0,1,1.76291,1.53764,0,1.32482,2.1168,8.49684e+06,3.61194e+06,1.49791e+07,0,0,0,0
85.139,85.139,7.27744,0.03,0,2.47501,2.65165,0,0.454552,4.47552,4.08855e+06,2.70226e+06,1.01192e+07,0,0,0,0,99.3022,98.274,10.5645,0,1,1.71475,1.53812,0,1.36202,2.1168,8.49684e+06,3.61194e+06,1.457e+07,0,0,0,0
85.139,85.139,12.608,0.04,0,2.47631,2.65247,0,0.463818,4.47552,4.08855e+06,2.70226e+06,1.01245e+07,0,0,0,0,99.3022,98.274,17.1873,0,1,1.71475,1.53859,0,1.32482,2.1168,8.49684e+06,3.61194e+06,1.457e+07,0,0,0,0
85.139,85.139,13.4673,0.06,0,2.4776,2.65329,0,0.46406,4.47552,4.08855e+06,2.70226e+06,1.01298e+07,0,0,0,0,99.3022,98.274,12.4858,0,1,1.71475,1.53907,0,1.32482,2.1168,8.49684e+06,3.61194e+06,1.457e+07,0,0,0,0
85.139,85.139,10.4134,0.08,0,2.73777,2.91298,0,0.464302,4.47552,4.08855e+06,2.70226e+06,1.11935e+07,0,0,0,0,99.3022,98.274,9.81402,0,1,1.89577,1.72056,0,1.32482,2.1168,8.49684e+06,3.61194e+06,1.61081e+07,0,0,0,0
85.139,85.139,5.77244,0.08,0,2.91388,2.91388,0,0.513058,4.47552,4.08855e+06,2.70226e+06,1.19135e+07,0,0,0,0,99.3022,98.274,8.3729,0,1,1.72109,1.72109,0,1.46467,2.1168,8.49684e+06,3.61194e+06,1.46238e+07,0,0,0,0
85.139,85.139,5.92545,0.08,0,2.91478,2.91478,0,0.546061,4.47552,4.08855e+06,2.70226e+06,1.19172e+07,0,0,0,0,99.3022,98.274,9.29014,0,1,1.72162,1.72162,0,1.32971,2.1168,8.49684e+06,3.61194e+06,1.46283e+07,0,0,0,0
85.139,85.139,11.2675,0.08,0,2.91568,2.91568,0,0.54623,4.47552,4.08855e+06,2.70226e+06,1.19209e+07,0,0,0,0,99.3022,98.274,13.9348,0,1,1.72215,1.72215,0,1.33012,2.1168,8.49684e+06,3.61194e+06,1.46328e+07,0,0,0,0
85.139,85.139,5.39939,0.08,0,2.54688,2.54688,0,0.546398,4.47552,4.08855e+06,2.70226e+06,1.04131e+07,0,0,0,0,99.3022,98.274,7.53239,0,1,1.47945,1.47945,0,1.33053,2.1168,8.49684e+06,3.61194e+06,1.25707e+07,0,0,0,0
85.139,85.139,5.96947,0.08,0,2.31284,2.54767,0,0.477286,4.47552,4.08855e+06,2.70226e+06,9.45617e+06,0,0,0,0,99.3022,98.274,9.9576,0,1,1.71474,1.47991,0,1.14303,2.1168,8.49684e+06,3.61194e+06,1.45698e+07,0,0,0,0
85.139,85.139,6.45104,0.08,0,2.31408,2.54845,0,0.433427,4.47552,4.08855e+06,2.70226e+06,9.46125e+06,0,0,0,0,99.3022,98.274,10.8296,0,1,1.71474,1.48037,0,1.32481,2.1168,8.49684e+06,3.61194e+06,1.45698e+07,0,0,0,0
85.139,85.139,8.22276,0.08,0,2.31533,2.54924,0,0.433659,4.47552,4.08855e+06,2.70226e+06,9.46633e+06,0,0,0,0,99.3022,98.274,11.6645,0,1,1.71474,1.48082,0,1.32481,2.1168,8.49684e+06,3.61194e+06,1.45698e+07,0,0,0,0
85.139,85.139,9.9369,0.08,0,2.31657,2.55002,0,0.433892,4.47552,4.08855e+06,2.70226e+06,9.4714e+06,0,0,0,0,99.3022,98.274,13.1899,0,1,1.71474,1.48128,0,1.32481,2.1168,8.49684e+06,3.61194e+06,1.45698e+07,0,0,0,0
85.139,85.139,10.4511,0.08,0,2.41101,2.64401,0,0.434125,4.47552,4.08855e+06,2.70226e+06,9.85754e+06,0,0,0,0,99.3022,98.274,17.023,0,1,1.77433,1.54133,0,1.32481,2.1168,8.49684e+06,3.61194e+06,1.50762e+07,0,0,0,0
85.139,85.139,9.50654,0.08,0,2.47188,2.64483,0,0.451824,4.47552,4.08855e+06,2.70226e+06,1.01064e+07,0,0,0,0,99.3022,98.274,14.6888,0,1,1.71475,1.54181,0,1.37085,2.1168,8.49684e+06,3.61194e+06,1.457e+07,0,0,0,0
85.139,85.139,7.74458,0.08,0,2.47317,2.64564,0,0.46323,4.47552,4.08855e+06,2.70226e+06,1.01117e+07,0,0,0,0,99.3022,98.274,14.1531,0,1,1.71476,1.54228,0,1.32482,2.1168,8.49684e+06,3.61194e+06,1.457e+07,0,0,0,0
85.139,85.139,6.23522,0.08,0,2.47446,2.64646,0,0.463471,4.47552,4.08855e+06,2.70226e+06,1.01169e+07,0,0,0,0,99.3022,98.274,9.50214,0,1,1.71476,1.54276,0,1.32482,2.1168,8.49684e+06,3.61194e+06,1.457e+07,0,0,0,0
85.139,85.139,5.57041,0.08,0,2.43926,2.61079,0,0.463713,4.47552,4.08855e+06,2.70226e+06,9.97305e+06,0,0,0,0,99.3022,98.274,7.99154,0,1,1.69158,1.52006,0,1.32482,2.1168,8.49684e+06,3.61194e+06,1.43731e+07,0,0,0,0
85.139,85.139,5.43688,0.08,0,2.41737,2.61159,0,0.457118,4.47552,4.08855e+06,2.70226e+06,9.88353e+06,0,0,0,0,99.3022,98.274,7.28586,0,1,1.71475,1.52053,0,1.30692,2.1168,8.49684e+06,3.61194e+06,1.45699e+07,0,0,0,0
85.139,85.139,4.81726,0.08,0,2.41864,2.61239,0,0.453015,4.47552,4.08855e+06,2.70226e+06,9.88873e+06,0,0,0,0,99.3022,98.274,6.87232,0,1,1.71475,1.52099,0,1.32481,2.1168,8.49684e+06,3.61194e+06,1.45699e+07,0,0,0,0
85.139,85.139,4.55605,0.08,0,2.41991,2.6132,0,0.453253,4.47552,4.08855e+06,2.70226e+06,9.89394e+06,0,0,0,0,99.3022,98.274,6.56389,0,1,1.71475,1.52146,0,1.32481,2.1168,8.49684e+06,3.61194e+06,1.45699e+07,0,0,0,0
85.139,85.139,4.21047,0.08,0,2.54519,2.738,0,0.453492,4.47552,4.08855e+06,2.70226e+06,1.04061e+07,0,0,0,0,99.3022,98.274,7.13267,0,1,1.79703,1.60421,0,1.32481,2.1168,8.49684e+06,3.61194e+06,1.52691e+07,0,0,0,0
85.139,85.139,4.83445,0.07,0,2.62878,2.73885,0,0.476968,4.47552,4.08855e+06,2.70226e+06,1.07479e+07,0,0,0,0,99.3022,98.274,7.38474,0,1,1.71477,1.60471,0,1.38839,2.1168,8.49684e+06,3.61194e+06,1.45702e+07,0,0,0,0
85.139,85.139,3.99449,0.05,0,2.63012,2.73969,0,0.492634,4.47552,4.08855e+06,2.70226e+06,1.07534e+07,0,0,0,0,99.3022,98.274,6.32017,0,1,1.71477,1.6052,0,1.32483,2.1168,8.49684e+06,3.61194e+06,1.45702e+07,0,0,0,0
85.139,85.139,4.05914,0.05,0,2.63146,2.74053,0,0.492884,4.47552,4.08855e+06,2.70226e+06,1.07588e+07,0,0,0,0,99.3022,98.274,6.08443,0,1,1.71477,1.6057,0,1.32483,2.1168,8.49684e+06,3.61194e+06,1.45702e+07,0,0,0,0
85.139,85.139,3.47731,0.04,0,2.6328,2.74138,0,0.493135,4.47552,4.08855e+06,2.70226e+06,1.07643e+07,0,0,0,0,99.3022,98.274,5.00408,0,1,1.71477,1.60619,0,1.32483,2.1168,8.49684e+06,3.61194e+06,1.45702e+07,0,0,0,0
85.139,85.139,3.68935,0.03,0,2.60957,2.71766,0,0.493386,4.47552,4.08855e+06,2.70226e+06,1.06694e+07,0,0,0,0,99.3022,98.274,4.60809,0,1,1.76007,1.65198,0,1.32483,2.1168,8.49684e+06,3.61194e+06,1.4955e+07,0,0,0,0
85.139,85.139,3.80463,0.03,0,2.6562,2.7185,0,0.489034,4.47552,4.08855e+06,2.70226e+06,1.086e+07,0,0,0,0,99.3022,98.274,4.96778,0,1,1.71479,1.65249,0,1.35983,2.1168,8.49684e+06,3.61194e+06,1.45703e+07,0,0,0,0
85.139,85.139,3.60906,0.03,0,2.65754,2.71934,0,0.497772,4.47552,4.08855e+06,2.70226e+06,1.08655e+07,0,0,0,0,99.3022,98.274,4.82828,0,1,1.71479,1.653,0,1.32485,2.1168,8.49684e+06,3.61194e+06,1.45703e+07,0,0,0,0
85.139,85.139,3.38028,0.03,0,2.65889,2.72017,0,0.498024,4.47552,4.08855e+06,2.70226e+06,1.0871e+07,0,0,0,0,99.3022,98.274,4.84849,0,1,1.71479,1.65351,0,1.32485,2.1168,8.49684e+06,3.61194e+06,1.45703e+07,0,0,0,0
85.139,85.139,3.12987,0.03,0,2.72374,2.78451,0,0.498276,4.47552,4.08855e+06,2.70226e+06,1.11361e+07,0,0,0,0,99.3022,98.274,4.48353,0,1,1.75521,1.69443,0,1.32485,2.1168,8.49684e+06,3.61194e+06,1.49137e+07,0,0,0,0
85.139,85.139,3.29992,0.04,0,2.76552,2.78537,0,0.510429,4.47552,4.08855e+06,2.70226e+06,1.1307e+07,0,0,0,0,99.3022,98.274,4.50505,0,1,1.7148,1.69495,0,1.35607,2.1168,8.49684e+06,3.61194e+06,1.45704e+07,0,0,0,0
85.139,85.139,3.22289,0.04,0,2.7669,2.78623,0,0.518259,4.47552,4.08855e+06,2.70226e+06,1.13126e+07,0,0,0,0,99.3022,98.274,4.59244,0,1,1.7148,1.69547,0,1.32486,2.1168,8.49684e+06,3.61194e+06,1.45704e+07,0,0,0,0
85.139,85.139,3.0102,0.04,0,2.76828,2.78708,0,0.518517,4.47552,4.08855e+06,2.70226e+06,1.13182e+07,0,0,0,0,99.3022,98.274,4.32416,0,1,1.7148,1.696,0,1.32486,2.1168,8.49684e+06,3.61194e+06,1.45704e+07,0,0,0,0
84.8124,85.139,2.76289,0.04,0,2.95585,2.97414,0,0.518775,4.47552,4.08855e+06,2.70226e+06,1.20852e+07,0,0,0,0,99.3022,98.274,4.09577,0,1,1.86086,1.84258,0,1.32486,2.1168,8.49684e+06,3.61194e+06,1.58115e+07,0,0,0,0
85.139,85.139,3.50825,0.04,0,2.97505,2.97505,0,0.553927,4.47552,4.08855e+06,2.70226e+06,1.21636e+07,0,0,0,0,99.3022,98.274,4.7356,0,1,1.84315,1.84315,0,1.4377,2.1168,8.49684e+06,3.61194e+06,1.56609e+07,0,0,0,0
85.139,85.139,3.99573,0.04,0,2.97597,2.97597,0,0.557525,4.47552,4.08855e+06,2.70226e+06,1.21674e+07,0,0,0,0,99.3022,98.274,5.18148,0,1,1.84371,1.84371,0,1.42402,2.1168,8.49684e+06,3.61194e+06,1.56658e+07,0,0,0,0
85.139,85.139,3.20063,0.04,0,2.97688,2.97688,0,0.557696,4.47552,4.08855e+06,2.70226e+06,1.21711e+07,0,0,0,0,99.3022,98.274,3.7622,0,1,1.84428,1.84428,0,1.42445,2.1168,8.49684e+06,3.61194e+06,1.56706e+07,0,0,0,0
85.139,85.139,3.89811,0.04,0,2.9778,2.9778,0,0.557868,4.47552,4.08855e+06,2.70226e+06,1.21749e+07,0,0,0,0,99.3022,98.274,6.46892,0,1,1.84485,1.84485,0,1.42489,2.1168,8.49684e+06,3.61194e+06,1.56754e+07,0,0,0,0
85.139,85.139,3.93502,0.04,0,2.88783,2.88783,0,0.558039,4.47552,4.08855e+06,2.70226e+06,1.1807e+07,0,0,0,0,99.3022,98.274,5.12651,0,1,1.75663,1.75663,0,1.42533,2.1168,8.49684e+06,3.61194e+06,1.49258e+07,0,0,0,0
85.139,85.139,3.94993,0.04,0,2.88872,2.88872,0,0.541179,4.47552,4.08855e+06,2.70226e+06,1.18107e+07,0,0,0,0,99.3022,98.274,4.56364,0,1,1.75717,1.75717,0,1.35717,2.1168,8.49684e+06,3.61194e+06,1.49304e+07,0,0,0,0
85.139,85.139,3.38992,0.04,0,2.8896,2.8896,0,0.541345,4.47552,4.08855e+06,2.70226e+06,1.18143e+07,0,0,0,0,99.3022,98.274,3.93334,0,1,1.75771,1.75771,0,1.35759,2.1168,8.49684e+06,3.61194e+06,1.49349e+07,0,0,0,0
85.139,85.139,4.61931,0.05,0,2.89049,2.89049,0,0.541512,4.47552,4.08855e+06,2.70226e+06,1.18179e+07,0,0,0,0,99.3022,98.274,5.261,0,1,1.75825,1.75825,0,1.358,2.1168,8.49684e+06,3.61194e+06,1.49395e+07,0,0,0,0
85.139,85.139,6.85441,0.05,0,2.81669,2.81669,0,0.541678,4.47552,4.08855e+06,2.70226e+06,1.15162e+07,0,0,0,0,99.3022,98.274,6.22822,0,1,1.67786,1.67786,0,1.35842,2.1168,8.49684e+06,3.61194e+06,1.42566e+07,0,0,0,0
85.139,85.139,7.30882,0.08,0,2.78114,2.81756,0,0.527848,4.47552,4.08855e+06,2.70226e+06,1.13708e+07,0,0,0,0,99.3022,98.274,7.20823,0,1,1.7148,1.67838,0,1.29632,2.1168,8.49684e+06,3.61194e+06,1.45703e+07,0,0,0,0
85.139,85.139,7.35956,0.07,0,2.78252,2.81842,0,0.521186,4.47552,4.08855e+06,2.70226e+06,1.13765e+07,0,0,0,0,99.3022,98.274,7.00575,0,1,1.7148,1.6789,0,1.32485,2.1168,8.49684e+06,3.61194e+06,1.45703e+07,0,0,0,0
85.139,85.139,5.72501,0.07,0,2.7839,2.81929,0,0.521445,4.47552,4.08855e+06,2.70226e+06,1.13821e+07,0,0,0,0,99.3022,98.274,6.47512,0,1,1.7148,1.67941,0,1.32485,2.1168,8.49684e+06,3.61194e+06,1.45704e+07,0,0,0,0
85.139,85.139,6.30438,0.07,0,2.5729,2.60776,0,0.521704,4.47552,4.08855e+06,2.70226e+06,1.05194e+07,0,0,0,0,99.3022,98.274,8.41403,0,1,1.54605,1.51119,0,1.32485,2.1168,8.49684e+06,3.61194e+06,1.31366e+07,0,0,0,0
85.139,85.139,7.58927,0.08,0,2.40547,2.60857,0,0.482161,4.47552,4.08855e+06,2.70226e+06,9.83489e+06,0,0,0,0,99.3022,98.274,10.7652,0,1,1.71474,1.51165,0,1.19448,2.1168,8.49684e+06,3.61194e+06,1.45699e+07,0,0,0,0
85.139,85.139,5.57631,0.08,0,2.40674,2.60937,0,0.450785,4.47552,4.08855e+06,2.70226e+06,9.84007e+06,0,0,0,0,99.3022,98.274,10.265,0,1,1.71474,1.51211,0,1.32481,2.1168,8.49684e+06,3.61194e+06,1.45699e+07,0,0,0,0
85.139,85.139,7.1192,0.08,0,2.408,2.61017,0,0.451023,4.47552,4.08855e+06,2.70226e+06,9.84524e+06,0,0,0,0,99.3022,98.274,12.9316,0,1,1.71474,1.51258,0,1.32481,2.1168,8.49684e+06,3.61194e+06,1.45699e+07,0,0,0,0
85.139,85.139,5.87649,0.09,0,2.40927,2.61097,0,0.45126,4.47552,4.08855e+06,2.70226e+06,9.85042e+06,0,0,0,0,99.3022,98.274,6.82169,0,1,1.71474,1.51304,0,1.32481,2.1168,8.49684e+06,3.61194e+06,1.45699e+07,0,0,0,0
85.139,85.139,4.35031,0.09,0,2.49234,2.69357,0,0.451497,4.47552,4.08855e+06,2.70226e+06,1.019e+07,0,0,0,0,99.3022,98.274,4.07708,0,1,1.76367,1.56243,0,1.32481,2.1168,8.49684e+06,3.61194e+06,1.49856e+07,0,0,0,0
84.0015,85.139,1.81231,0.09,0.02,2.54253,2.69437,0,0.467064,4.47552,4.08855e+06,2.70226e+06,1.03952e+07,0,0,0,0,99.3022,98.274,2.82303,0,1,1.71474,1.5629,0,1.36261,2.1168,8.49684e+06,3.61194e+06,1.45699e+07,0,0,0,0
85.139,85.139,4.38746,0.12,0.02,2.54378,2.69517,0,0.476469,4.47552,4.08855e+06,2.70226e+06,1.04004e+07,0,0,0,0,99.3022,98.274,4.02414,0,1,1.71474,1.56336,0,1.32481,2.1168,8.49684e+06,3.61194e+06,1.45699e+07,0,0,0,0
85.139,85.139,12.0604,0.09,0.02,2.54504,2.69596,0,0.476705,4.47552,4.08855e+06,2.70226e+06,1.04055e+07,0,0,0,0,99.3022,98.274,7.78033,0,1,1.71474,1.56382,0,1.32481,2.1168,8.49684e+06,3.61194e+06,1.45699e+07,0,0,0,0
85.139,85.139,5.72519,0.09,0.02,2.80934,2.9598,0,0.476941,4.47552,4.08855e+06,2.70226e+06,1.14861e+07,0,0,0,0,99.3022,98.274,5.5287,0,1,1.89867,1.74821,0,1.32481,2.1168,8.49684e+06,3.61194e+06,1.61327e+07,0,0,0,0
85.139,85.139,6.8725,0.09,0.02,2.96067,2.96067,0,0.52647,4.47552,4.08855e+06,2.70226e+06,1.21049e+07,0,0,0,0,99.3022,98.274,4.77505,0,1,1.74873,1.74873,0,1.46691,2.1168,8.49684e+06,3.61194e+06,1.48587e+07,0,0,0,0
85.139,85.139,4.58147,0.09,0.02,2.96155,2.96155,0,0.55483,4.47552,4.08855e+06,2.70226e+06,1.21084e+07,0,0,0,0,99.3022,98.274,3.96499,0,1,1.74925,1.74925,0,1.35107,2.1168,8.49684e+06,3.61194e+06,1.48631e+07,0,0,0,0
85.139,85.139,5.11349,0.08,0.02,2.96243,2.96243,0,0.554994,4.47552,4.08855e+06,2.70226e+06,1.2112e+07,0,0,0,0,99.3022,98.274,4.1935,0,1,1.74976,1.74976,0,1.35147,2.1168,8.49684e+06,3.61194e+06,1.48675e+07,0,0,0,0
85.139,85.139,5.19324,0.08,0.02,2.58768,2.58768,0,0.555158,4.47552,4.08855e+06,2.70226e+06,1.05799e+07,0,0,0,0,99.3022,98.274,4.2784,0,1,1.50316,1.50316,0,1.35187,2.1168,8.49684e+06,3.61194e+06,1.27721e+07,0,0,0,0
85.139,85.139,5.94836,0.08,0.02,2.37732,2.58845,0,0.484932,4.47552,4.08855e+06,2.70226e+06,9.71981e+06,0,0,0,0,99.3022,98.274,6.1275,0,1,1.71472,1.5036,0,1.16134,2.1168,8.49684e+06,3.61194e+06,1.45697e+07,0,0,0,0
85.139,85.139,4.5434,0.08,0.02,2.37853,2.58921,0,0.445511,4.47552,4.08855e+06,2.70226e+06,9.72476e+06,0,0,0,0,99.3022,98.274,6.29821,0,1,1.71472,1.50405,0,1.3248,2.1168,8.49684e+06,3.61194e+06,1.45697e+07,0,0,0,0
85.139,85.139,5.4023,0.08,0.02,2.37974,2.58998,0,0.445737,4.47552,4.08855e+06,2.70226e+06,9.72971e+06,0,0,0,0,99.3022,98.274,5.62664,0,1,1.71472,1.50449,0,1.3248,2.1168,8.49684e+06,3.61194e+06,1.45697e+07,0,0,0,0
85.139,85.139,4.89884,0.08,0.02,2.38095,2.59075,0,0.445964,4.47552,4.08855e+06,2.70226e+06,9.73465e+06,0,0,0,0,99.3022,98.274,6.32055,0,1,1.71472,1.50493,0,1.3248,2.1168,8.49684e+06,3.61194e+06,1.45697e+07,0,0,0,0
85.139,85.139,5.46734,0.08,0.02,2.47685,2.6862,0,0.446191,4.47552,4.08855e+06,2.70226e+06,1.01267e+07,0,0,0,0,99.3022,98.274,5.93946,0,1,1.77527,1.56592,0,1.3248,2.1168,8.49684e+06,3.61194e+06,1.50842e+07,0,0,0,0
85.139,85.139,6.33716,0.08,0.02,2.53864,2.68699,0,0.464162,4.47552,4.08855e+06,2.70226e+06,1.03793e+07,0,0,0,0,99.3022,98.274,5.81779,0,1,1.71474,1.56639,0,1.37157,2.1168,8.49684e+06,3.61194e+06,1.45699e+07,0,0,0,0
85.139,85.139,7.62542,0.08,0.02,2.53989,2.68779,0,0.475741,4.47552,4.08855e+06,2.70226e+06,1.03845e+07,0,0,0,0,99.3022,98.274,6.69772,0,1,1.71474,1.56685,0,1.32481,2.1168,8.49684e+06,3.61194e+06,1.45699e+07,0,0,0,0
85.139,85.139,5.47966,0.08,0.02,2.54115,2.68858,0,0.475976,4.47552,4.08855e+06,2.70226e+06,1.03896e+07,0,0,0,0,99.3022,98.274,5.2613,0,1,1.71474,1.56731,0,1.32481,2.1168,8.49684e+06,3.61194e+06,1.45699e+07,0,0,0,0
85.139,85.139,4.77065,0.07,0.02,2.50534,2.65231,0,0.476212,4.47552,4.08855e+06,2.70226e+06,1.02432e+07,0,0,0,0,99.3022,98.274,4.92796,0,1,1.6912,1.54423,0,1.32481,2.1168,8.49684e+06,3.61194e+06,1.43699e+07,0,0,0,0
85.139,85.139,4.34929,0.07,0.02,2.48305,2.65309,0,0.469501,4.47552,4.08855e+06,2.70226e+06,1.01521e+07,0,0,0,0,99.3022,98.274,3.7916,0,1,1.71474,1.54469,0,1.30662,2.1168,8.49684e+06,3.61194e+06,1.45698e+07,0,0,0,0
85.139,85.139,3.67891,0.07,0.02,2.48429,2.65388,0,0.465323,4.47552,4.08855e+06,2.70226e+06,1.01571e+07,0,0,0,0,99.3022,98.274,3.40647,0,1,1.71474,1.54515,0,1.32481,2.1168,8.49684e+06,3.61194e+06,1.45698e+07,0,0,0,0
85.139,85.139,3.25487,0.07,0.02,2.48553,2.65466,0,0.465555,4.47552,4.08855e+06,2.70226e+06,1.01622e+07,0,0,0,0,99.3022,98.274,2.98708,0,1,1.71474,1.5456,0,1.32481,2.1168,8.49684e+06,3.61194e+06,1.45698e+07,0,0,0,0
85.1066,85.139,2.96475,0.07,0.02,2.61273,2.78141,0,0.465788,4.47552,4.08855e+06,2.70226e+06,1.06823e+07,0,0,0,0,99.3022,98.274,2.73551,0,1,1.79832,1.62965,0,1.32481,2.1168,8.49684e+06,3.61194e+06,1.52801e+07,0,0,0,0
84.9198,85.139,2.83216,0.09,0.02,2.6976,2.78223,0,0.489626,4.47552,4.08855e+06,2.70226e+06,1.10293e+07,0,0,0,0,99.3022,98.274,2.903,0,1,1.71476,1.63013,0,1.38939,2.1168,8.49684e+06,3.61194e+06,1.45701e+07,0,0,0,0
84.6462,85.139,2.67793,0.09,0.02,2.6989,2.78305,0,0.50553,4.47552,4.08855e+06,2.70226e+06,1.10346e+07,0,0,0,0,99.3022,98.274,2.74516,0,1,1.71476,1.63061,0,1.32482,2.1168,8.49684e+06,3.61194e+06,1.45701e+07,0,0,0,0
84.335,85.139,2.62855,0.08,0.02,2.70021,2.78388,0,0.505774,4.47552,4.08855e+06,2.70226e+06,1.10399e+07,0,0,0,0,99.3022,98.274,2.77578,0,1,1.71476,1.63109,0,1.32482,2.1168,8.49684e+06,3.61194e+06,1.45701e+07,0,0,0,0
83.7549,85.139,2.35963,0.07,0.02,2.70151,2.7847,0,0.506019,4.47552,4.08855e+06,2.70226e+06,1.10453e+07,0,0,0,0,99.3022,98.274,2.81983,0,1,1.71476,1.63157,0,1.32482,2.1168,8.49684e+06,3.61194e+06,1.45701e+07,0,0,0,0
83.2296,85.139,2.3818,0.06,0.02,2.67787,2.76057,0,0.506263,4.47552,4.08855e+06,2.70226e+06,1.09486e+07,0,0,0,0,99.3022,98.274,2.92937,0,1,1.76077,1.67806,0,1.32482,2.1168,8.49684e+06,3.61194e+06,1.4961e+07,0,0,0,0
82.7998,85.139,2.48594,0.04,0.02,2.72517,2.76139,0,0.501832,4.47552,4.08855e+06,2.70226e+06,1.1142e+07,0,0,0,0,99.3022,98.274,3.10306,0,1,1.71478,1.67856,0,1.36037,2.1168,8.49684e+06,3.61194e+06,1.45702e+07,0,0,0,0
82.2138,85.139,2.32628,0.03,0.02,2.72648,2.7622,0,0.510697,4.47552,4.08855e+06,2.70226e+06,1.11474e+07,0,0,0,0,99.3022,98.274,2.9943,0,1,1.71478,1.67905,0,1.32484,2.1168,8.49684e+06,3.61194e+06,1.45702e+07,0,0,0,0
81.4258,85.139,2.11918,0.02,0.02,2.72779,2.76302,0,0.510943,4.47552,4.08855e+06,2.70226e+06,1.11527e+07,0,0,0,0,99.3022,98.274,2.84831,0,1,1.71478,1.67955,0,1.32484,2.1168,8.49684e+06,3.61194e+06,1.45702e+07,0,0,0,0
80.4156,85.139,1.92494,0.02,0.02,2.79361,2.82834,0,0.511188,4.47552,4.08855e+06,2.70226e+06,1.14218e+07,0,0,0,0,99.2897,98.274,2.62347,0,1,1.75583,1.7211,0,1.32484,2.1168,8.49684e+06,3.61194e+06,1.4919e+07,0,0,0,0
79.6414,85.139,2.16376,0.02,0.02,2.82917,2.82917,0,0.523522,4.47552,4.08855e+06,2.70226e+06,1.15672e+07,0,0,0,0,99.3022,98.274,2.94829,0,1,1.72161,1.72161,0,1.35655,2.1168,8.49684e+06,3.61194e+06,1.46282e+07,0,0,0,0
78.667,85.139,1.95192,0.02,0.02,2.83001,2.83001,0,0.530187,4.47552,4.08855e+06,2.70226e+06,1.15706e+07,0,0,0,0,99.2824,98.274,2.84231,0,1,1.72211,1.72211,0,1.33011,2.1168,8.49684e+06,3.61194e+06,1.46325e+07,0,0,0,0
77.5336,85.139,1.77994,0.05,0.02,2.83084,2.83084,0,0.530343,4.47552,4.08855e+06,2.70226e+06,1.1574e+07,0,0,0,0,99.2326,98.274,2.61857,0,1,1.72262,1.72262,0,1.33051,2.1168,8.49684e+06,3.61194e+06,1.46369e+07,0,0,0,0
76.0397,85.139,1.55053,0.05,0.02,3.02079,3.02079,0,0.5305,4.47552,4.08855e+06,2.70226e+06,1.23507e+07,0,0,0,0,99.0803,98.274,2.5997,0,1,1.87149,1.87149,0,1.3309,2.1168,8.49684e+06,3.61194e+06,1.59017e+07,0,0,0,0
74.578,85.139,1.57858,0.05,0.02,3.02168,3.02168,0,0.566096,4.47552,4.08855e+06,2.70226e+06,1.23543e+07,0,0,0,0,98.9645,98.274,2.27602,0,1,1.87204,1.87204,0,1.44591,2.1168,8.49684e+06,3.61194e+06,1.59064e+07,0,0,0,0
73.198,85.139,1.65027,0.05,0.02,3.02257,3.02257,0,0.566263,4.47552,4.08855e+06,2.70226e+06,1.23579e+07,0,0,0,0,98.877,98.274,2.44486,0,1,1.87259,1.87259,0,1.44634,2.1168,8.49684e+06,3.61194e+06,1.59111e+07,0,0,0,0
71.7332,85.139,1.55768,0.1,0.02,3.02347,3.02347,0,0.56643,4.47552,4.08855e+06,2.70226e+06,1.23616e+07,0,0,0,0,98.7713,98.274,2.75288,0,1,1.87314,1.87314,0,1.44676,2.1168,8.49684e+06,3.61194e+06,1.59158e+07,0,0,0,0
70.2324,85.139,1.50419,0.1,0.02,3.02436,3.02436,0,0.566597,4.47552,4.08855e+06,2.70226e+06,1.23652e+07,0,0,0,0,98.6592,98.274,2.71676,0,1,1.87369,1.87369,0,1.44719,2.1168,8.49684e+06,3.61194e+06,1.59205e+07,0,0,0,0
69.3771,85.139,2.04948,0.1,0.02,2.93295,2.93295,0,0.566765,4.47552,4.08855e+06,2.70226e+06,1.19915e+07,0,0,0,0,98.7293,98.274,3.13864,0,1,1.78407,1.78407,0,1.44762,2.1168,8.49684e+06,3.61194e+06,1.5159e+07,0,0,0,0
68.1341,85.139,1.6778,0.1,0.02,2.93381,2.93381,0,0.549634,4.47552,4.08855e+06,2.70226e+06,1.1995e+07,0,0,0,0,98.5787,98.274,2.77551,0,1,1.7846,1.7846,0,1.37837,2.1168,8.49684e+06,3.61194e+06,1.51634e+07,0,0,0,0
66.2696,85.139,1.00898,0.1,0.02,2.93468,2.93468,0,0.549796,4.47552,4.08855e+06,2.70226e+06,1.19986e+07,0,0,0,0,98.391,98.274,1.70873,0,1,1.78512,1.78512,0,1.37878,2.1168,8.49684e+06,3.61194e+06,1.51679e+07,0,0,0,0
64.7357,85.139,1.36511,0.12,0.02,2.93554,2.93554,0,0.549958,4.47552,4.08855e+06,2.70226e+06,1.20021e+07,0,0,0,0,98.3355,98.274,2.10019,0,1,1.78565,1.78565,0,1.37919,2.1168,8.49684e+06,3.61194e+06,1.51724e+07,0,0,0,0
65.3028,85.139,3.51894,0.12,0.02,2.86055,2.86055,0,0.55012,4.47552,4.08855e+06,2.70226e+06,1.16955e+07,0,0,0,0,98.7999,98.274,4.42471,0,1,1.70399,1.70399,0,1.37959,2.1168,8.49684e+06,3.61194e+06,1.44786e+07,0,0,0,0
63.5665,85.139,1.24144,0.13,0.02,2.85111,2.8614,0,0.536067,4.47552,4.08855e+06,2.70226e+06,1.16569e+07,0,0,0,0,98.9669,98.274,2.92651,0,1,1.71478,1.7045,0,1.3165,2.1168,8.49684e+06,3.61194e+06,1.45702e+07,0,0,0,0
61.4702,85.139,0.862826,0.12,0.02,2.85245,2.86224,0,0.534298,4.47552,4.08855e+06,2.70226e+06,1.16624e+07,0,0,0,0,99.0187,98.274,2.55368,0,1,1.71478,1.705,0,1.32484,2.1168,8.49684e+06,3.61194e+06,1.45702e+07,0,0,0,0
60.5493,85.139,1.9979,0.15,0.02,2.8538,2.86308,0,0.53455,4.47552,4.08855e+06,2.70226e+06,1.16679e+07,0,0,0,0,99.3022,98.274,3.83487,0,1,1.71478,1.7055,0,1.32484,2.1168,8.49684e+06,3.61194e+06,1.45702e+07,0,0,0,0
61.8133,85.139,4.19283,0.15,0.02,2.63946,2.64824,0,0.534802,4.47552,4.08855e+06,2.70226e+06,1.07916e+07,0,0,0,0,99.3022,98.274,6.06595,0,1,1.54342,1.53464,0,1.32484,2.1168,8.49684e+06,3.61194e+06,1.31142e+07,0,0,0,0
61.3612,85.139,2.22177,0.16,0.02,2.46938,2.64902,0,0.494635,4.47552,4.08855e+06,2.70226e+06,1.00962e+07,0,0,0,0,99.3022,98.274,4.85491,0,1,1.71473,1.53509,0,1.19245,2.1168,8.49684e+06,3.61194e+06,1.45698e+07,0,0,0,0
63.1375,85.139,4.68853,0.16,0.02,2.47061,2.6498,0,0.462762,4.47552,4.08855e+06,2.70226e+06,1.01012e+07,0,0,0,0,99.3022,98.274,5.13839,0,1,1.71473,1.53555,0,1.3248,2.1168,8.49684e+06,3.61194e+06,1.45698e+07,0,0,0,0
65.2183,85.139,5.02561,0.14,0.02,2.47185,2.65058,0,0.462993,4.47552,4.08855e+06,2.70226e+06,1.01063e+07,0,0,0,0,99.3022,98.274,5.76965,0,1,1.71473,1.536,0,1.3248,2.1168,8.49684e+06,3.61194e+06,1.45698e+07,0,0,0,0
65.3786,85.139,3.02112,0.16,0.02,2.47308,2.65136,0,0.463224,4.47552,4.08855e+06,2.70226e+06,1.01113e+07,0,0,0,0,99.3022,98.274,3.69398,0,1,1.71473,1.53645,0,1.3248,2.1168,8.49684e+06,3.61194e+06,1.45698e+07,0,0,0,0
64.8556,85.139,2.23575,0.17,0.02,2.47353,2.65136,0,0.463455,4.47552,4.08855e+06,2.70226e+06,1.01132e+07,0,0,0,0,99.3022,98.274,2.88385,0,1,1.71428,1.53645,0,1.3248,2.1168,8.49684e+06,3.61194e+06,1.4566e+07,0,0,0,0
67.2147,85.139,5.32896,0.18,0.02,2.55738,2.73521,0,0.46354,4.47552,4.08855e+06,2.70226e+06,1.0456e+07,0,0,0,0,99.3022,98.274,7.38628,0,1,1.76442,1.58659,0,1.32445,2.1168,8.49684e+06,3.61194e+06,1.4992e+07,0,0,0,0
67.0281,85.139,2.79549,0.18,0.02,2.60829,2.73598,0,0.479253,4.47552,4.08855e+06,2.70226e+06,1.06641e+07,0,0,0,0,99.3022,98.274,4.67189,0,1,1.71473,1.58704,0,1.36319,2.1168,8.49684e+06,3.61194e+06,1.45698e+07,0,0,0,0
66.4066,85.139,2.31082,0.17,0.02,2.60952,2.73676,0,0.488794,4.47552,4.08855e+06,2.70226e+06,1.06691e+07,0,0,0,0,99.3022,98.274,4.00771,0,1,1.71473,1.58749,0,1.3248,2.1168,8.49684e+06,3.61194e+06,1.45698e+07,0,0,0,0
65.8972,85.139,2.45604,0.18,0.02,2.61074,2.73754,0,0.489023,4.47552,4.08855e+06,2.70226e+06,1.06741e+07,0,0,0,0,99.3022,98.274,4.53988,0,1,1.71473,1.58794,0,1.3248,2.1168,8.49684e+06,3.61194e+06,1.45698e+07,0,0,0,0
66.7399,85.139,4.125,0.18,0.02,2.87906,3.0054,0,0.489253,4.47552,4.08855e+06,2.70226e+06,1.17712e+07,0,0,0,0,99.3022,98.274,5.45081,0,1,1.90149,1.77515,0,1.3248,2.1168,8.49684e+06,3.61194e+06,1.61567e+07,0,0,0,0
67.4334,85.139,4.11651,0.2,0.02,3.00625,3.00625,0,0.539535,4.47552,4.08855e+06,2.70226e+06,1.22912e+07,0,0,0,0,99.3022,98.274,4.38011,0,1,1.77565,1.77565,0,1.46909,2.1168,8.49684e+06,3.61194e+06,1.50874e+07,0,0,0,0
68.3958,85.139,4.31184,0.2,0.02,3.0071,3.0071,0,0.563371,4.47552,4.08855e+06,2.70226e+06,1.22947e+07,0,0,0,0,99.3022,98.274,3.53868,0,1,1.77615,1.77615,0,1.37187,2.1168,8.49684e+06,3.61194e+06,1.50917e+07,0,0,0,0
68.6134,85.139,3.61216,0.15,0.02,3.00795,3.00795,0,0.563531,4.47552,4.08855e+06,2.70226e+06,1.22982e+07,0,0,0,0,99.3022,98.274,3.86196,0,1,1.77665,1.77665,0,1.37225,2.1168,8.49684e+06,3.61194e+06,1.5096e+07,0,0,0,0
72.8771,85.139,7.46269,0.17,0.02,2.62742,2.62742,0,0.563691,4.47552,4.08855e+06,2.70226e+06,1.07423e+07,0,0,0,0,99.3022,98.274,6.04979,0,1,1.52624,1.52624,0,1.37264,2.1168,8.49684e+06,3.61194e+06,1.29682e+07,0,0,0,0
76.6773,85.139,6.91915,0.18,0.02,2.44012,2.62817,0,0.492379,4.47552,4.08855e+06,2.70226e+06,9.97658e+06,0,0,0,0,99.3022,98.274,5.47089,0,1,1.71471,1.52667,0,1.17917,2.1168,8.49684e+06,3.61194e+06,1.45696e+07,0,0,0,0
83.3999,85.139,10.0939,0.14,0.02,2.4413,2.62891,0,0.457279,4.47552,4.08855e+06,2.70226e+06,9.98138e+06,0,0,0,0,99.3022,98.274,9.9751,0,1,1.71471,1.5271,0,1.32479,2.1168,8.49684e+06,3.61194e+06,1.45696e+07,0,0,0,0
85.139,85.139,7.9691,0.11,0.02,2.44248,2.62965,0,0.4575,4.47552,4.08855e+06,2.70226e+06,9.9862e+06,0,0,0,0,99.3022,98.274,7.5429,0,1,1.71471,1.52754,0,1.32479,2.1168,8.49684e+06,3.61194e+06,1.45696e+07,0,0,0,0
85.139,85.139,5.99775,0.08,0.02,2.44366,2.6304,0,0.45772,4.47552,4.08855e+06,2.70226e+06,9.99101e+06,0,0,0,0,99.3022,98.274,5.10383,0,1,1.71471,1.52797,0,1.32479,2.1168,8.49684e+06,3.61194e+06,1.45696e+07,0,0,0,0
85.139,85.139,5.80869,0.08,0.02,2.54097,2.72728,0,0.457941,4.47552,4.08855e+06,2.70226e+06,1.03889e+07,0,0,0,0,99.3022,98.274,4.46618,0,1,1.77618,1.58987,0,1.32479,2.1168,8.49684e+06,3.61194e+06,1.5092e+07,0,0,0,0
85.139,85.139,5.99331,0.08,0.02,2.60364,2.72805,0,0.476178,4.47552,4.08855e+06,2.70226e+06,1.06451e+07,0,0,0,0,99.3022,98.274,4.92942,0,1,1.71473,1.59032,0,1.37228,2.1168,8.49684e+06,3.61194e+06,1.45698e+07,0,0,0,0
85.139,85.139,8.50144,0.09,0.02,2.60487,2.72882,0,0.487923,4.47552,4.08855e+06,2.70226e+06,1.06501e+07,0,0,0,0,99.3022,98.274,6.6391,0,1,1.71473,1.59077,0,1.3248,2.1168,8.49684e+06,3.61194e+06,1.45698e+07,0,0,0,0
85.139,85.139,6.10341,0.08,0.02,2.60609,2.7296,0,0.488152,4.47552,4.08855e+06,2.70226e+06,1.06551e+07,0,0,0,0,99.3022,98.274,4.93456,0,1,1.71473,1.59122,0,1.3248,2.1168,8.49684e+06,3.61194e+06,1.45698e+07,0,0,0,0
85.139,85.139,5.20764,0.07,0.02,2.56968,2.69274,0,0.488381,4.47552,4.08855e+06,2.70226e+06,1.05063e+07,0,0,0,0,99.3022,98.274,3.45929,0,1,1.69083,1.56777,0,1.3248,2.1168,8.49684e+06,3.61194e+06,1.43667e+07,0,0,0,0
85.139,85.139,4.9316,0.07,0.02,2.54699,2.6935,0,0.481558,4.47552,4.08855e+06,2.70226e+06,1.04135e+07,0,0,0,0,99.3022,98.274,3.32069,0,1,1.71472,1.56822,0,1.30633,2.1168,8.49684e+06,3.61194e+06,1.45697e+07,0,0,0,0
85.139,85.139,4.62026,0.07,0.02,2.5482,2.69426,0,0.477306,4.47552,4.08855e+06,2.70226e+06,1.04184e+07,0,0,0,0,99.3022,98.274,3.92223,0,1,1.71472,1.56866,0,1.3248,2.1168,8.49684e+06,3.61194e+06,1.45697e+07,0,0,0,0
85.139,85.139,4.3026,0.07,0.02,2.5494,2.69503,0,0.477532,4.47552,4.08855e+06,2.70226e+06,1.04234e+07,0,0,0,0,99.3022,98.274,3.48154,0,1,1.71472,1.5691,0,1.3248,2.1168,8.49684e+06,3.61194e+06,1.45697e+07,0,0,0,0
85.139,85.139,3.77633,0.07,0.02,2.67849,2.82367,0,0.477758,4.47552,4.08855e+06,2.70226e+06,1.09511e+07,0,0,0,0,99.3022,98.274,3.03131,0,1,1.79958,1.65441,0,1.3248,2.1168,8.49684e+06,3.61194e+06,1.52908e+07,0,0,0,0
85.139,85.139,3.36819,0.07,0.02,2.76459,2.82447,0,0.501949,4.47552,4.08855e+06,2.70226e+06,1.13032e+07,0,0,0,0,99.3022,98.274,2.69683,0,1,1.71475,1.65487,0,1.39036,2.1168,8.49684e+06,3.61194e+06,1.45699e+07,0,0,0,0
85.139,85.139,3.30749,0.05,0.02,2.76586,2.82527,0,0.518085,4.47552,4.08855e+06,2.70226e+06,1.13084e+07,0,0,0,0,99.3022,98.274,2.71487,0,1,1.71475,1.65534,0,1.32481,2.1168,8.49684e+06,3.61194e+06,1.45699e+07,0,0,0,0
85.0573,85.139,2.96749,0.04,0.02,2.76713,2.82607,0,0.518322,4.47552,4.08855e+06,2.70226e+06,1.13135e+07,0,0,0,0,99.3022,98.274,2.73149,0,1,1.71475,1.65581,0,1.32481,2.1168,8.49684e+06,3.61194e+06,1.45699e+07,0,0,0,0
84.6959,85.139,2.67422,0.06,0.02,2.76839,2.82686,0,0.51856,4.47552,4.08855e+06,2.70226e+06,1.13187e+07,0,0,0,0,99.3022,98.274,2.59263,0,1,1.71475,1.65628,0,1.32481,2.1168,8.49684e+06,3.61194e+06,1.45699e+07,0,0,0,0
83.943,85.139,2.19127,0.05,0.02,2.74434,2.80234,0,0.518797,4.47552,4.08855e+06,2.70226e+06,1.12204e+07,0,0,0,0,99.2913,98.274,2.35759,0,1,1.76145,1.70345,0,1.32481,2.1168,8.49684e+06,3.61194e+06,1.49668e+07,0,0,0,0
83.0233,85.139,2.06044,0.03,0.02,2.7923,2.80313,0,0.514289,4.47552,4.08855e+06,2.70226e+06,1.14165e+07,0,0,0,0,99.2757,98.274,2.24334,0,1,1.71476,1.70393,0,1.3609,2.1168,8.49684e+06,3.61194e+06,1.45701e+07,0,0,0,0
81.9337,85.139,1.88353,0.03,0.02,2.79358,2.80392,0,0.523278,4.47552,4.08855e+06,2.70226e+06,1.14217e+07,0,0,0,0,99.1369,98.274,2.1996,0,1,1.71476,1.70442,0,1.32482,2.1168,8.49684e+06,3.61194e+06,1.45701e+07,0,0,0,0
80.6882,85.139,1.70739,0.02,0.02,2.79485,2.80472,0,0.523517,4.47552,4.08855e+06,2.70226e+06,1.14269e+07,0,0,0,0,98.9408,98.274,2.00237,0,1,1.71476,1.7049,0,1.32483,2.1168,8.49684e+06,3.61194e+06,1.45701e+07,0,0,0,0
79.2595,85.139,1.53164,0.02,0.02,2.8616,2.87099,0,0.523755,4.47552,4.08855e+06,2.70226e+06,1.16998e+07,0,0,0,0,98.7972,98.274,1.87874,0,1,1.75643,1.74705,0,1.32483,2.1168,8.49684e+06,3.61194e+06,1.49241e+07,0,0,0,0
78.0451,85.139,1.76795,0.06,0.02,2.8718,2.8718,0,0.536264,4.47552,4.08855e+06,2.70226e+06,1.17415e+07,0,0,0,0,98.7839,98.274,2.39705,0,1,1.74755,1.74755,0,1.35702,2.1168,8.49684e+06,3.61194e+06,1.48486e+07,0,0,0,0
76.6914,85.139,1.59496,0.07,0.02,2.87261,2.87261,0,0.538175,4.47552,4.08855e+06,2.70226e+06,1.17448e+07,0,0,0,0,98.6024,98.274,2.27868,0,1,1.74804,1.74804,0,1.35015,2.1168,8.49684e+06,3.61194e+06,1.48528e+07,0,0,0,0
75.2119,85.139,1.4531,0.07,0.02,2.87342,2.87342,0,0.538327,4.47552,4.08855e+06,2.70226e+06,1.17481e+07,0,0,0,0,98.4259,98.274,1.98785,0,1,1.74853,1.74853,0,1.35054,2.1168,8.49684e+06,3.61194e+06,1.4857e+07,0,0,0,0
73.6001,85.139,1.45766,0.07,0.02,3.06619,3.06619,0,0.538479,4.47552,4.08855e+06,2.70226e+06,1.25363e+07,0,0,0,0,98.2121,98.274,2.2779,0,1,1.89961,1.89961,0,1.35092,2.1168,8.49684e+06,3.61194e+06,1.61407e+07,0,0,0,0
71.9527,85.139,1.38921,0.11,0.02,3.06706,3.06706,0,0.574604,4.47552,4.08855e+06,2.70226e+06,1.25398e+07,0,0,0,0,97.9618,98.274,2.09778,0,1,1.90015,1.90015,0,1.46764,2.1168,8.49684e+06,3.61194e+06,1.61453e+07,0,0,0,0
70.1573,85.139,1.24969,0.11,0.02,3.06792,3.06792,0,0.574767,4.47552,4.08855e+06,2.70226e+06,1.25434e+07,0,0,0,0,97.7028,98.274,2.01111,0,1,1.90069,1.90069,0,1.46806,2.1168,8.49684e+06,3.61194e+06,1.61498e+07,0,0,0,0
68.4008,85.139,1.26098,0.11,0.02,3.06879,3.06879,0,0.574929,4.47552,4.08855e+06,2.70226e+06,1.25469e+07,0,0,0,0,97.5313,98.274,2.17702,0,1,1.90122,1.90122,0,1.46847,2.1168,8.49684e+06,3.61194e+06,1.61544e+07,0,0,0,0
66.7321,85.139,1.34046,0.12,0.02,3.06966,3.06966,0,0.575092,4.47552,4.08855e+06,2.70226e+06,1.25505e+07,0,0,0,0,97.3544,98.274,2.50394,0,1,1.90176,1.90176,0,1.46889,2.1168,8.49684e+06,3.61194e+06,1.6159e+07,0,0,0,0
65.4458,85.139,1.66292,0.16,0.02,2.97684,2.97684,0,0.575254,4.47552,4.08855e+06,2.70226e+06,1.2171e+07,0,0,0,0,97.2965,98.274,2.50428,0,1,1.81077,1.81077,0,1.4693,2.1168,8.49684e+06,3.61194e+06,1.53858e+07,0,0,0,0
64.1678,85.139,1.67661,0.16,0.02,2.97768,2.97768,0,0.55786,4.47552,4.08855e+06,2.70226e+06,1.21744e+07,0,0,0,0,97.3177,98.274,2.64127,0,1,1.81128,1.81128,0,1.399,2.1168,8.49684e+06,3.61194e+06,1.53902e+07,0,0,0,0
63.0202,85.139,1.83177,0.16,0.02,2.97852,2.97852,0,0.558018,4.47552,4.08855e+06,2.70226e+06,1.21778e+07,0,0,0,0,97.3784,98.274,2.82457,0,1,1.81179,1.81179,0,1.3994,2.1168,8.49684e+06,3.61194e+06,1.53945e+07,0,0,0,0
62.0321,85.139,2.13872,0.14,0.02,2.97936,2.97936,0,0.558175,4.47552,4.08855e+06,2.70226e+06,1.21813e+07,0,0,0,0,97.7957,98.274,3.70964,0,1,1.81231,1.81231,0,1.39979,2.1168,8.49684e+06,3.61194e+06,1.53989e+07,0,0,0,0
60.5676,85.139,1.55523,0.2,0.02,2.90322,2.90322,0,0.558333,4.47552,4.08855e+06,2.70226e+06,1.187e+07,0,0,0,0,97.912,98.274,2.34146,0,1,1.72941,1.72941,0,1.40019,2.1168,8.49684e+06,3.61194e+06,1.46945e+07,0,0,0,0
59.6226,85.139,2.07433,0.18,0.02,2.90404,2.90404,0,0.544064,4.47552,4.08855e+06,2.70226e+06,1.18733e+07,0,0,0,0,98.6665,98.274,3.706,0,1,1.7299,1.7299,0,1.33614,2.1168,8.49684e+06,3.61194e+06,1.46987e+07,0,0,0,0
58.0024,85.139,1.33971,0.18,0.02,2.90486,2.90486,0,0.544217,4.47552,4.08855e+06,2.70226e+06,1.18767e+07,0,0,0,0,99.0659,98.274,3.09469,0,1,1.73039,1.73039,0,1.33652,2.1168,8.49684e+06,3.61194e+06,1.47028e+07,0,0,0,0
57.526,85.139,2.68225,0.18,0.02,2.90568,2.90568,0,0.544371,4.47552,4.08855e+06,2.70226e+06,1.188e+07,0,0,0,0,99.3022,98.274,3.44899,0,1,1.73088,1.73088,0,1.3369,2.1168,8.49684e+06,3.61194e+06,1.4707e+07,0,0,0,0
58.6596,85.139,4.13357,0.17,0.02,2.68761,2.68761,0,0.544525,4.47552,4.08855e+06,2.70226e+06,1.09884e+07,0,0,0,0,99.3022,98.274,4.06133,0,1,1.55745,1.55745,0,1.33727,2.1168,8.49684e+06,3.61194e+06,1.32334e+07,0,0,0,0
58.2895,85.139,2.41779,0.18,0.02,2.53154,2.68837,0,0.503658,4.47552,4.08855e+06,2.70226e+06,1.03503e+07,0,0,0,0,99.3022,98.274,3.98375,0,1,1.71472,1.55789,0,1.20329,2.1168,8.49684e+06,3.61194e+06,1.45697e+07,0,0,0,0
59.0432,85.139,3.57238,0.18,0.02,2.53274,2.68913,0,0.474411,4.47552,4.08855e+06,2.70226e+06,1.03552e+07,0,0,0,0,99.3022,98.274,4.71322,0,1,1.71472,1.55833,0,1.32479,2.1168,8.49684e+06,3.61194e+06,1.45697e+07,0,0,0,0
58.3669,85.139,2.10291,0.19,0.02,2.53394,2.68989,0,0.474636,4.47552,4.08855e+06,2.70226e+06,1.03601e+07,0,0,0,0,99.3022,98.274,3.80591,0,1,1.71472,1.55877,0,1.32479,2.1168,8.49684e+06,3.61194e+06,1.45697e+07,0,0,0,0
57.3982,85.139,1.82087,0.21,0.02,2.53514,2.69065,0,0.47486,4.47552,4.08855e+06,2.70226e+06,1.0365e+07,0,0,0,0,99.3022,98.274,3.22931,0,1,1.71472,1.55921,0,1.32479,2.1168,8.49684e+06,3.61194e+06,1.45697e+07,0,0,0,0
57.2649,85.139,2.57433,0.22,0.04,2.62063,2.7757,0,0.475085,4.47552,4.08855e+06,2.70226e+06,1.07146e+07,0,0,0,0,99.3022,98.274,3.13229,0,1,1.76514,1.61007,0,1.32479,2.1168,8.49684e+06,3.61194e+06,1.49981e+07,0,0,0,0
57.9998,85.139,3.58665,0.23,0.04,2.67225,2.77645,0,0.491107,4.47552,4.08855e+06,2.70226e+06,1.09256e+07,0,0,0,0,99.3022,98.274,4.45513,0,1,1.71472,1.61051,0,1.36375,2.1168,8.49684e+06,3.61194e+06,1.45697e+07,0,0,0,0
61.1294,85.139,6.24505,0.25,0.04,2.67343,2.7772,0,0.500779,4.47552,4.08855e+06,2.70226e+06,1.09305e+07,0,0,0,0,99.3022,98.274,9.88951,0,1,1.71472,1.61095,0,1.32479,2.1168,8.49684e+06,3.61194e+06,1.45697e+07,0,0,0,0
65.0616,85.139,7.20467,0.26,0.04,2.67462,2.77796,0,0.501002,4.47552,4.08855e+06,2.70226e+06,1.09353e+07,0,0,0,0,99.3022,98.274,11.0546,0,1,1.71472,1.61138,0,1.32479,2.1168,8.49684e+06,3.61194e+06,1.45697e+07,0,0,0,0
68.7544,85.139,7.34306,0.2,0.04,2.94684,3.04974,0,0.501224,4.47552,4.08855e+06,2.70226e+06,1.20483e+07,0,0,0,0,99.3022,98.274,10.3525,0,1,1.90423,1.80133,0,1.32479,2.1168,8.49684e+06,3.61194e+06,1.618e+07,0,0,0,0
72.3041,85.139,7.33497,0.14,0.04,3.05057,3.05057,0,0.552238,4.47552,4.08855e+06,2.70226e+06,1.24724e+07,0,0,0,0,99.3022,98.274,9.37127,0,1,1.80182,1.80182,0,1.47121,2.1168,8.49684e+06,3.61194e+06,1.53098e+07,0,0,0,0
75.0598,85.139,6.50471,0.15,0.04,3.05139,3.05139,0,0.571676,4.47552,4.08855e+06,2.70226e+06,1.24758e+07,0,0,0,0,99.3022,98.274,8.48014,0,1,1.80231,1.80231,0,1.39209,2.1168,8.49684e+06,3.61194e+06,1.5314e+07,0,0,0,0
77.6951,85.139,6.34236,0.12,0.04,3.05222,3.05222,0,0.571831,4.47552,4.08855e+06,2.70226e+06,1.24792e+07,0,0,0,0,99.3022,98.274,8.35407,0,1,1.8028,1.8028,0,1.39247,2.1168,8.49684e+06,3.61194e+06,1.53181e+07,0,0,0,0
79.7767,85.139,5.31132,0.13,0.04,2.66605,2.66605,0,0.571986,4.47552,4.08855e+06,2.70226e+06,1.09003e+07,0,0,0,0,99.3022,98.274,5.40819,0,1,1.54868,1.54868,0,1.39284,2.1168,8.49684e+06,3.61194e+06,1.31589e+07,0,0,0,0
82.0029,85.139,5.37056,0.11,0.04,2.50118,2.66678,0,0.499618,4.47552,4.08855e+06,2.70226e+06,1.02262e+07,0,0,0,0,99.3022,98.274,5.35828,0,1,1.7147,1.5491,0,1.19651,2.1168,8.49684e+06,3.61194e+06,1.45695e+07,0,0,0,0
83.8978,85.139,5.05642,0.13,0.04,2.50232,2.6675,0,0.46872,4.47552,4.08855e+06,2.70226e+06,1.02309e+07,0,0,0,0,99.3022,98.274,4.90057,0,1,1.7147,1.54952,0,1.32478,2.1168,8.49684e+06,3.61194e+06,1.45695e+07,0,0,0,0
85.139,85.139,6.5051,0.14,0.04,2.50346,2.66822,0,0.468934,4.47552,4.08855e+06,2.70226e+06,1.02355e+07,0,0,0,0,99.3022,98.274,8.27588,0,1,1.7147,1.54994,0,1.32478,2.1168,8.49684e+06,3.61194e+06,1.45695e+07,0,0,0,0
85.139,85.139,9.72713,0.09,0.04,2.5046,2.66894,0,0.469148,4.47552,4.08855e+06,2.70226e+06,1.02402e+07,0,0,0,0,99.3022,98.274,10.8678,0,1,1.7147,1.55036,0,1.32478,2.1168,8.49684e+06,3.61194e+06,1.45695e+07,0,0,0,0
85.139,85.139,4.48738,0.09,0.04,2.60329,2.76721,0,0.469362,4.47552,4.08855e+06,2.70226e+06,1.06437e+07,0,0,0,0,99.3022,98.274,4.33803,0,1,1.77707,1.61315,0,1.32478,2.1168,8.49684e+06,3.61194e+06,1.50995e+07,0,0,0,0
85.139,85.139,7.01415,0.09,0.04,2.66683,2.76796,0,0.487856,4.47552,4.08855e+06,2.70226e+06,1.09035e+07,0,0,0,0,99.3022,98.274,7.26225,0,1,1.71472,1.61359,0,1.37297,2.1168,8.49684e+06,3.61194e+06,1.45697e+07,0,0,0,0
85.139,85.139,6.17827,0.1,0.04,2.66802,2.76871,0,0.499764,4.47552,4.08855e+06,2.70226e+06,1.09083e+07,0,0,0,0,99.3022,98.274,6.7539,0,1,1.71472,1.61402,0,1.32479,2.1168,8.49684e+06,3.61194e+06,1.45697e+07,0,0,0,0
85.139,85.139,4.7164,0.1,0.04,2.6692,2.76946,0,0.499986,4.47552,4.08855e+06,2.70226e+06,1.09132e+07,0,0,0,0,99.3022,98.274,4.99256,0,1,1.71472,1.61446,0,1.32479,2.1168,8.49684e+06,3.61194e+06,1.45697e+07,0,0,0,0
85.139,85.139,4.72669,0.1,0.04,2.63221,2.73203,0,0.500209,4.47552,4.08855e+06,2.70226e+06,1.07619e+07,0,0,0,0,99.3022,98.274,5.00549,0,1,1.69047,1.59065,0,1.32479,2.1168,8.49684e+06,3.61194e+06,1.43636e+07,0,0,0,0
85.139,85.139,4.56138,0.09,0.04,2.60914,2.73277,0,0.493276,4.47552,4.08855e+06,2.70226e+06,1.06676e+07,0,0,0,0,99.3022,98.274,4.85394,0,1,1.71471,1.59108,0,1.30605,2.1168,8.49684e+06,3.61194e+06,1.45696e+07,0,0,0,0
85.139,85.139,4.21592,0.09,0.04,2.61031,2.73351,0,0.488952,4.47552,4.08855e+06,2.70226e+06,1.06724e+07,0,0,0,0,99.3022,98.274,5.27398,0,1,1.71471,1.59151,0,1.32479,2.1168,8.49684e+06,3.61194e+06,1.45696e+07,0,0,0,0
85.139,85.139,3.98661,0.08,0.04,2.61148,2.73425,0,0.489171,4.47552,4.08855e+06,2.70226e+06,1.06772e+07,0,0,0,0,99.3022,98.274,5.54671,0,1,1.71471,1.59194,0,1.32479,2.1168,8.49684e+06,3.61194e+06,1.45696e+07,0,0,0,0
85.139,85.139,3.59904,0.08,0.04,2.74239,2.86473,0,0.489391,4.47552,4.08855e+06,2.70226e+06,1.12124e+07,0,0,0,0,99.3022,98.274,4.25063,0,1,1.8008,1.67846,0,1.32479,2.1168,8.49684e+06,3.61194e+06,1.53011e+07,0,0,0,0
85.139,85.139,3.26758,0.07,0.04,2.82969,2.8655,0,0.513923,4.47552,4.08855e+06,2.70226e+06,1.15693e+07,0,0,0,0,99.3022,98.274,4.12428,0,1,1.71473,1.67892,0,1.3913,2.1168,8.49684e+06,3.61194e+06,1.45698e+07,0,0,0,0
85.139,85.139,3.13935,0.07,0.04,2.83092,2.86628,0,0.530283,4.47552,4.08855e+06,2.70226e+06,1.15743e+07,0,0,0,0,99.3022,98.274,3.96184,0,1,1.71473,1.67937,0,1.3248,2.1168,8.49684e+06,3.61194e+06,1.45698e+07,0,0,0,0
84.9257,85.139,2.82449,0.05,0.04,2.83215,2.86705,0,0.530513,4.47552,4.08855e+06,2.70226e+06,1.15794e+07,0,0,0,0,99.3022,98.274,3.3118,0,1,1.71473,1.67983,0,1.3248,2.1168,8.49684e+06,3.61194e+06,1.45698e+07,0,0,0,0
84.5391,85.139,2.63586,0.09,0.04,2.83338,2.86783,0,0.530744,4.47552,4.08855e+06,2.70226e+06,1.15844e+07,0,0,0,0,99.3022,98.274,2.94931,0,1,1.71473,1.68028,0,1.3248,2.1168,8.49684e+06,3.61194e+06,1.45698e+07,0,0,0,0
83.5812,85.139,2.02349,0.07,0.04,2.80891,2.84291,0,0.530975,4.47552,4.08855e+06,2.70226e+06,1.14844e+07,0,0,0,0,99.2017,98.274,2.51627,0,1,1.76212,1.72812,0,1.3248,2.1168,8.49684e+06,3.61194e+06,1.49724e+07,0,0,0,0
82.4859,85.139,1.90888,0.06,0.04,2.84368,2.84368,0,0.52639,4.47552,4.08855e+06,2.70226e+06,1.16265e+07,0,0,0,0,99.0875,98.274,2.37102,0,1,1.72858,1.72858,0,1.36141,2.1168,8.49684e+06,3.61194e+06,1.46875e+07,0,0,0,0
81.2353,85.139,1.74645,0.06,0.04,2.84445,2.84445,0,0.532906,4.47552,4.08855e+06,2.70226e+06,1.16297e+07,0,0,0,0,98.9675,98.274,2.36193,0,1,1.72905,1.72905,0,1.3355,2.1168,8.49684e+06,3.61194e+06,1.46915e+07,0,0,0,0
79.8354,85.139,1.57946,0.05,0.04,2.84522,2.84522,0,0.53305,4.47552,4.08855e+06,2.70226e+06,1.16328e+07,0,0,0,0,98.806,98.274,2.11084,0,1,1.72952,1.72952,0,1.33587,2.1168,8.49684e+06,3.61194e+06,1.46955e+07,0,0,0,0
78.306,85.139,1.47852,0.04,0.04,2.91241,2.91241,0,0.533195,4.47552,4.08855e+06,2.70226e+06,1.19075e+07,0,0,0,0,98.5438,98.274,1.96738,0,1,1.77226,1.77226,0,1.33623,2.1168,8.49684e+06,3.61194e+06,1.50586e+07,0,0,0,0
76.7515,85.139,1.43774,0.1,0.04,2.9132,2.9132,0,0.545786,4.47552,4.08855e+06,2.70226e+06,1.19108e+07,0,0,0,0,98.275,98.274,1.987,0,1,1.77274,1.77274,0,1.36925,2.1168,8.49684e+06,3.61194e+06,1.50627e+07,0,0,0,0
75.0515,85.139,1.27731,0.09,0.04,2.91399,2.91399,0,0.545933,4.47552,4.08855e+06,2.70226e+06,1.1914e+07,0,0,0,0,97.9247,98.274,1.88689,0,1,1.77322,1.77322,0,1.36962,2.1168,8.49684e+06,3.61194e+06,1.50668e+07,0,0,0,0
73.2604,85.139,1.16971,0.09,0.04,2.91477,2.91477,0,0.546081,4.47552,4.08855e+06,2.70226e+06,1.19172e+07,0,0,0,0,97.6325,98.274,1.76283,0,1,1.7737,1.7737,0,1.36999,2.1168,8.49684e+06,3.61194e+06,1.50708e+07,0,0,0,0
71.3569,85.139,1.13848,0.14,0.04,3.05057,3.11028,0,0.546229,4.47552,4.08855e+06,2.79793e+06,1.24724e+07,0,0,0,0,97.223,98.274,1.90371,1,1,1.88993,1.92693,0,1.37036,2.1168,8.49684e+06,3.73981e+06,1.60585e+07,0,0,0,0
69.4508,85.139,1.13581,0.15,0.04,3.0514,3.11112,0,0.571677,4.47552,4.08855e+06,2.79793e+06,1.24758e+07,0,0,0,0,96.7185,98.274,1.68587,1,1,1.89045,1.92745,0,1.46016,2.1168,8.49684e+06,3.73981e+06,1.60628e+07,0,0,0,0
67.7535,85.139,1.31604,0.15,0.04,3.05222,3.11196,0,0.571831,4.47552,4.08855e+06,2.79793e+06,1.24792e+07,0,0,0,0,96.3887,98.274,2.52705,1,1,1.89096,1.92797,0,1.46056,2.1168,8.49684e+06,3.73981e+06,1.60672e+07,0,0,0,0
65.8641,85.139,1.10545,0.17,0.04,3.05305,3.1128,0,0.571986,4.47552,4.08855e+06,2.79793e+06,1.24825e+07,0,0,0,0,95.9414,98.274,2.00139,1,1,1.89147,1.92849,0,1.46095,2.1168,8.49684e+06,3.73981e+06,1.60715e+07,0,0,0,0
64.0478,85.139,1.16029,0.17,0.04,3.05387,3.11365,0,0.572141,4.47552,4.08855e+06,2.79793e+06,1.24859e+07,0,0,0,0,95.5457,98.274,2.00129,1,1,1.89198,1.92901,0,1.46135,2.1168,8.49684e+06,3.73981e+06,1.60758e+07,0,0,0,0
62.7221,85.139,1.66588,0.17,0.04,3.01946,3.01946,0,0.572295,4.47552,4.08855e+06,2.70226e+06,1.23452e+07,0,0,0,0,95.3204,98.274,2.70383,0,1,1.8367,1.8367,0,1.46174,2.1168,8.49684e+06,3.61194e+06,1.56061e+07,0,0,0,0
61.3064,85.139,1.55017,0.16,0.04,3.02028,3.02028,0,0.565847,4.47552,4.08855e+06,2.70226e+06,1.23486e+07,0,0,0,0,95.3665,98.274,4.29215,0,1,1.83719,1.83719,0,1.41903,2.1168,8.49684e+06,3.61194e+06,1.56103e+07,0,0,0,0
59.7323,85.139,1.37786,0.21,0.04,3.02109,3.02109,0,0.566,4.47552,4.08855e+06,2.70226e+06,1.23519e+07,0,0,0,0,95.0692,98.274,2.6916,0,1,1.83769,1.83769,0,1.41941,2.1168,8.49684e+06,3.61194e+06,1.56145e+07,0,0,0,0
57.9498,85.139,1.14561,0.21,0.04,3.02191,3.02191,0,0.566153,4.47552,4.08855e+06,2.70226e+06,1.23552e+07,0,0,0,0,94.7167,98.274,2.39662,0,1,1.83819,1.83819,0,1.4198,2.1168,8.49684e+06,3.61194e+06,1.56188e+07,0,0,0,0
56.5505,85.139,1.49819,0.21,0.04,2.94464,2.94464,0,0.566306,4.47552,4.08855e+06,2.70226e+06,1.20393e+07,0,0,0,0,94.545,98.274,2.40288,0,1,1.75408,1.75408,0,1.42018,2.1168,8.49684e+06,3.61194e+06,1.49042e+07,0,0,0,0
55.3296,85.139,1.69477,0.23,0.04,2.94544,2.94544,0,0.551826,4.47552,4.08855e+06,2.70226e+06,1.20426e+07,0,0,0,0,94.5236,98.274,2.86192,0,1,1.75456,1.75456,0,1.35521,2.1168,8.49684e+06,3.61194e+06,1.49082e+07,0,0,0,0
54.7598,85.139,2.41626,0.23,0.04,2.94623,2.94623,0,0.551975,4.47552,4.08855e+06,2.70226e+06,1.20458e+07,0,0,0,0,94.6892,98.274,3.45784,0,1,1.75503,1.75503,0,1.35557,2.1168,8.49684e+06,3.61194e+06,1.49122e+07,0,0,0,0
56.792,85.139,5.06418,0.21,0.04,2.94703,2.94703,0,0.552124,4.47552,4.08855e+06,2.70226e+06,1.20491e+07,0,0,0,0,95.717,98.274,5.5727,0,1,1.75551,1.75551,0,1.35594,2.1168,8.49684e+06,3.61194e+06,1.49163e+07,0,0,0,0
57.7465,85.139,3.84335,0.18,0.04,2.72582,2.72582,0,0.552273,4.47552,4.08855e+06,2.70226e+06,1.11447e+07,0,0,0,0,96.579,98.274,4.62364,0,1,1.5796,1.5796,0,1.3563,2.1168,8.49684e+06,3.61194e+06,1.34216e+07,0,0,0,0
59.3943,85.139,4.43711,0.18,0.04,2.59188,2.72656,0,0.510819,4.47552,4.08855e+06,2.70226e+06,1.0597e+07,0,0,0,0,97.504,98.274,5.8002,0,1,1.71471,1.58003,0,1.2204,2.1168,8.49684e+06,3.61194e+06,1.45696e+07,0,0,0,0
64.7851,85.139,8.25466,0.19,0.04,2.59304,2.72729,0,0.485718,4.47552,4.08855e+06,2.70226e+06,1.06018e+07,0,0,0,0,97.8342,98.274,4.23356,0,1,1.71471,1.58045,0,1.32478,2.1168,8.49684e+06,3.61194e+06,1.45696e+07,0,0,0,0
69.101,85.139,7.3045,0.18,0.04,2.5942,2.72803,0,0.485936,4.47552,4.08855e+06,2.70226e+06,1.06065e+07,0,0,0,0,99.3022,98.274,13.0078,0,1,1.71471,1.58088,0,1.32478,2.1168,8.49684e+06,3.61194e+06,1.45696e+07,0,0,0,0
73.0939,85.139,7.0142,0.14,0.04,2.59537,2.72877,0,0.486154,4.47552,4.08855e+06,2.70226e+06,1.06113e+07,0,0,0,0,99.3022,98.274,7.512,0,1,1.71471,1.58131,0,1.32478,2.1168,8.49684e+06,3.61194e+06,1.45696e+07,0,0,0,0
76.5972,85.139,6.62109,0.16,0.04,2.68202,2.81499,0,0.486372,4.47552,4.08855e+06,2.70226e+06,1.09656e+07,0,0,0,0,99.3022,98.274,7.63604,0,1,1.76584,1.63287,0,1.32478,2.1168,8.49684e+06,3.61194e+06,1.50041e+07,0,0,0,0
78.3875,85.139,4.90615,0.11,0.04,2.73431,2.81572,0,0.50261,4.47552,4.08855e+06,2.70226e+06,1.11794e+07,0,0,0,0,99.3022,98.274,4.14481,0,1,1.7147,1.63329,0,1.36429,2.1168,8.49684e+06,3.61194e+06,1.45696e+07,0,0,0,0
78.5698,85.139,3.27308,0.12,0.04,2.73546,2.81645,0,0.512409,4.47552,4.08855e+06,2.70226e+06,1.11841e+07,0,0,0,0,99.3022,98.274,3.28177,0,1,1.7147,1.63371,0,1.32478,2.1168,8.49684e+06,3.61194e+06,1.45696e+07,0,0,0,0
78.4469,85.139,3.03998,0.12,0.04,2.73661,2.81718,0,0.512625,4.47552,4.08855e+06,2.70226e+06,1.11888e+07,0,0,0,0,99.3022,98.274,4.02827,0,1,1.7147,1.63413,0,1.32478,2.1168,8.49684e+06,3.61194e+06,1.45696e+07,0,0,0,0
81.7777,85.139,6.86582,0.12,0.04,3.01262,3.09276,0,0.512841,4.47552,4.08855e+06,2.70226e+06,1.23172e+07,0,0,0,0,99.3022,98.274,6.54595,0,1,1.90689,1.82675,0,1.32478,2.1168,8.49684e+06,3.61194e+06,1.62026e+07,0,0,0,0
83.7896,85.139,5.56269,0.09,0.04,3.09356,3.09356,0,0.564565,4.47552,4.08855e+06,2.70226e+06,1.26482e+07,0,0,0,0,99.3022,98.274,4.26077,0,1,1.82722,1.82722,0,1.47327,2.1168,8.49684e+06,3.61194e+06,1.55256e+07,0,0,0,0
83.3134,85.139,2.94454,0.1,0.04,3.09437,3.09437,0,0.579734,4.47552,4.08855e+06,2.70226e+06,1.26515e+07,0,0,0,0,99.1856,98.274,2.519,0,1,1.82769,1.82769,0,1.41171,2.1168,8.49684e+06,3.61194e+06,1.55296e+07,0,0,0,0
83.6339,85.139,3.74216,0.1,0.04,3.09517,3.09517,0,0.579884,4.47552,4.08855e+06,2.70226e+06,1.26547e+07,0,0,0,0,99.1846,98.274,3.15655,0,1,1.82817,1.82817,0,1.41208,2.1168,8.49684e+06,3.61194e+06,1.55336e+07,0,0,0,0
83.9156,85.139,3.39349,0.1,0.04,2.70353,2.70353,0,0.580034,4.47552,4.08855e+06,2.70226e+06,1.10535e+07,0,0,0,0,99.3022,98.274,3.30591,0,1,1.57045,1.57045,0,1.41244,2.1168,8.49684e+06,3.61194e+06,1.33439e+07,0,0,0,0
85.139,85.139,4.66097,0.11,0.04,2.56041,2.70423,0,0.506642,4.47552,4.08855e+06,2.70226e+06,1.04684e+07,0,0,0,0,99.3022,98.274,3.28095,0,1,1.71469,1.57086,0,1.21333,2.1168,8.49684e+06,3.61194e+06,1.45694e+07,0,0,0,0
85.139,85.139,6.36591,0.08,0.04,2.56151,2.70493,0,0.47982,4.47552,4.08855e+06,2.70226e+06,1.04729e+07,0,0,0,0,99.3022,98.274,3.24556,0,1,1.71469,1.57127,0,1.32477,2.1168,8.49684e+06,3.61194e+06,1.45694e+07,0,0,0,0
85.139,85.139,4.87492,0.09,0.04,2.56262,2.70563,0,0.480028,4.47552,4.08855e+06,2.70226e+06,1.04774e+07,0,0,0,0,99.3022,98.274,3.32138,0,1,1.71469,1.57167,0,1.32477,2.1168,8.49684e+06,3.61194e+06,1.45694e+07,0,0,0,0
85.139,85.139,6.07676,0.09,0.04,2.56373,2.70634,0,0.480235,4.47552,4.08855e+06,2.70226e+06,1.04819e+07,0,0,0,0,99.3022,98.274,3.69677,0,1,1.71469,1.57208,0,1.32477,2.1168,8.49684e+06,3.61194e+06,1.45694e+07,0,0,0,0
85.139,85.139,4.8268,0.09,0.04,2.66374,2.80594,0,0.480443,4.47552,4.08855e+06,2.70226e+06,1.08909e+07,0,0,0,0,99.3022,98.274,3.94174,0,1,1.77793,1.63573,0,1.32477,2.1168,8.49684e+06,3.61194e+06,1.51068e+07,0,0,0,0
85.139,85.139,5.28994,0.1,0.04,2.72812,2.80667,0,0.499186,4.47552,4.08855e+06,2.70226e+06,1.11541e+07,0,0,0,0,99.3022,98.274,3.93734,0,1,1.7147,1.63615,0,1.37363,2.1168,8.49684e+06,3.61194e+06,1.45696e+07,0,0,0,0
85.139,85.139,4.24507,0.1,0.04,2.72927,2.8074,0,0.51125,4.47552,4.08855e+06,2.70226e+06,1.11588e+07,0,0,0,0,99.3022,98.274,3.52371,0,1,1.7147,1.63658,0,1.32478,2.1168,8.49684e+06,3.61194e+06,1.45696e+07,0,0,0,0
85.139,85.139,4.17053,0.1,0.04,2.73042,2.80812,0,0.511465,4.47552,4.08855e+06,2.70226e+06,1.11635e+07,0,0,0,0,99.3022,98.274,3.74673,0,1,1.7147,1.637,0,1.32478,2.1168,8.49684e+06,3.61194e+06,1.45696e+07,0,0,0,0
85.139,85.139,4.31857,0.11,0.04,2.69286,2.77014,0,0.511681,4.47552,4.08855e+06,2.70226e+06,1.10099e+07,0,0,0,0,99.3022,98.274,3.5784,0,1,1.69011,1.61284,0,1.32478,2.1168,8.49684e+06,3.61194e+06,1.43606e+07,0,0,0,0
85.139,85.139,3.28136,0.1,0.04,2.66941,2.77085,0,0.504642,4.47552,4.08855e+06,2.70226e+06,1.0914e+07,0,0,0,0,99.3022,98.274,2.90843,0,1,1.7147,1.61325,0,1.30578,2.1168,8.49684e+06,3.61194e+06,1.45695e+07,0,0,0,0
85.0643,85.139,2.95101,0.09,0.04,2.67054,2.77157,0,0.500247,4.47552,4.08855e+06,2.70226e+06,1.09187e+07,0,0,0,0,99.3022,98.274,2.61194,0,1,1.7147,1.61367,0,1.32478,2.1168,8.49684e+06,3.61194e+06,1.45695e+07,0,0,0,0
84.9299,85.139,2.84286,0.14,0.04,2.67168,2.77229,0,0.50046,4.47552,4.08855e+06,2.70226e+06,1.09233e+07,0,0,0,0,99.3022,98.274,2.72772,0,1,1.7147,1.61409,0,1.32478,2.1168,8.49684e+06,3.61194e+06,1.45695e+07,0,0,0,0
84.488,85.139,2.6369,0.14,0.04,2.80436,2.90455,0,0.500672,4.47552,4.08855e+06,2.70226e+06,1.14658e+07,0,0,0,0,99.2859,98.274,2.52175,0,1,1.80199,1.70179,0,1.32478,2.1168,8.49684e+06,3.61194e+06,1.53112e+07,0,0,0,0
83.6157,85.139,2.23735,0.11,0.04,2.89281,2.9053,0,0.525536,4.47552,4.08855e+06,2.70226e+06,1.18274e+07,0,0,0,0,99.2616,98.274,2.17733,0,1,1.71472,1.70223,0,1.39221,2.1168,8.49684e+06,3.61194e+06,1.45697e+07,0,0,0,0
82.5953,85.139,2.04144,0.1,0.04,2.89401,2.90605,0,0.542113,4.47552,4.08855e+06,2.70226e+06,1.18323e+07,0,0,0,0,99.2224,98.274,2.16534,0,1,1.71472,1.70267,0,1.32479,2.1168,8.49684e+06,3.61194e+06,1.45697e+07,0,0,0,0
81.5421,85.139,1.99856,0.1,0.04,2.8952,2.9068,0,0.542337,4.47552,4.08855e+06,2.70226e+06,1.18372e+07,0,0,0,0,99.1922,98.274,2.19936,0,1,1.71472,1.70311,0,1.32479,2.1168,8.49684e+06,3.61194e+06,1.45697e+07,0,0,0,0
80.3685,85.139,1.86549,0.09,0.04,2.89639,2.90755,0,0.54256,4.47552,4.08855e+06,2.70226e+06,1.1842e+07,0,0,0,0,98.7577,98.274,2.02569,0,1,1.71472,1.70355,0,1.32479,2.1168,8.49684e+06,3.61194e+06,1.45697e+07,0,0,0,0
79.1394,85.139,1.71224,0.08,0.04,2.87153,2.88226,0,0.542783,4.47552,4.08855e+06,2.70226e+06,1.17404e+07,0,0,0,0,98.2421,98.274,1.48419,0,1,1.76276,1.75203,0,1.32479,2.1168,8.49684e+06,3.61194e+06,1.49779e+07,0,0,0,0
77.7981,85.139,1.60067,0.13,0.04,2.883,2.883,0,0.538125,4.47552,4.08855e+06,2.70226e+06,1.17873e+07,0,0,0,0,97.676,98.274,1.43179,0,1,1.75249,1.75249,0,1.36191,2.1168,8.49684e+06,3.61194e+06,1.48906e+07,0,0,0,0
76.3218,85.139,1.45596,0.12,0.04,2.88375,2.88375,0,0.540275,4.47552,4.08855e+06,2.70226e+06,1.17904e+07,0,0,0,0,97.0104,98.274,1.36225,0,1,1.75294,1.75294,0,1.35397,2.1168,8.49684e+06,3.61194e+06,1.48944e+07,0,0,0,0
74.7361,85.139,1.32335,0.13,0.04,2.88449,2.88449,0,0.540415,4.47552,4.08855e+06,2.70226e+06,1.17934e+07,0,0,0,0,96.3204,98.274,1.25616,0,1,1.75339,1.75339,0,1.35432,2.1168,8.49684e+06,3.61194e+06,1.48983e+07,0,0,0,0
73.0506,85.139,1.24338,0.12,0.04,2.95258,2.95258,0,0.540554,4.47552,4.08855e+06,2.70226e+06,1.20718e+07,0,0,0,0,95.4844,98.274,1.22828,0,1,1.7967,1.7967,0,1.35467,2.1168,8.49684e+06,3.61194e+06,1.52663e+07,0,0,0,0
71.3341,85.139,1.20051,0.17,0.04,2.95334,2.95334,0,0.553313,4.47552,4.08855e+06,2.70226e+06,1.20749e+07,0,0,0,0,94.639,98.274,1.1863,0,1,1.79717,1.79717,0,1.38813,2.1168,8.49684e+06,3.61194e+06,1.52702e+07,0,0,0,0
69.4991,85.139,1.06592,0.15,0.04,2.9541,2.9541,0,0.553456,4.47552,4.08855e+06,2.70226e+06,1.2078e+07,0,0,0,0,93.7175,98.274,1.12666,0,1,1.79763,1.79763,0,1.38849,2.1168,8.49684e+06,3.61194e+06,1.52742e+07,0,0,0,0
67.5919,85.139,0.975885,0.16,0.04,2.95487,2.95487,0,0.553599,4.47552,4.08855e+06,2.70226e+06,1.20811e+07,0,0,0,0,92.7637,98.274,1.05546,0,1,1.7981,1.7981,0,1.38885,2.1168,8.49684e+06,3.61194e+06,1.52781e+07,0,0,0,0
65.4551,85.139,0.828158,0.2,0.04,3.09249,3.15302,0,0.553742,4.47552,4.08855e+06,2.79793e+06,1.26438e+07,0,0,0,0,91.5832,98.274,1.02413,1,1,1.91591,1.95341,0,1.38921,2.1168,8.49684e+06,3.73981e+06,1.62792e+07,0,0,0,0
63.1367,85.139,0.651957,0.2,0.04,3.09329,3.15384,0,0.579533,4.47552,4.08855e+06,2.79793e+06,1.26471e+07,0,0,0,0,90.4776,98.274,0.872196,1,1,1.9164,1.95391,0,1.48023,2.1168,8.49684e+06,3.73981e+06,1.62834e+07,0,0,0,0
60.9908,85.139,0.801794,0.19,0.04,3.09409,3.15465,0,0.579683,4.47552,4.08855e+06,2.79793e+06,1.26503e+07,0,0,0,0,89.3387,98.274,0.986147,1,1,1.9169,1.95442,0,1.48061,2.1168,8.49684e+06,3.73981e+06,1.62876e+07,0,0,0,0
58.7206,85.139,0.650982,0.22,0.04,3.09489,3.15547,0,0.579833,4.47552,4.08855e+06,2.79793e+06,1.26536e+07,0,0,0,0,88.1519,98.274,0.876135,1,1,1.91739,1.95492,0,1.48099,2.1168,8.49684e+06,3.73981e+06,1.62918e+07,0,0,0,0
56.4018,85.139,0.587535,0.21,0.04,3.09569,3.15628,0,0.579982,4.47552,4.08855e+06,2.79793e+06,1.26569e+07,0,0,0,0,87.0658,98.274,0.830818,1,1,1.91789,1.95543,0,1.48138,2.1168,8.49684e+06,3.73981e+06,1.6296e+07,0,0,0,0
54.5555,85.139,1.03304,0.23,0.04,3.06077,3.06077,0,0.580132,4.47552,4.08855e+06,2.70226e+06,1.25141e+07,0,0,0,0,86.2748,98.274,1.09083,0,1,1.86182,1.86182,0,1.48176,2.1168,8.49684e+06,3.61194e+06,1.58196e+07,0,0,0,0
52.6742,85.139,0.997241,0.23,0.04,3.06156,3.06156,0,0.573589,4.47552,4.08855e+06,2.70226e+06,1.25174e+07,0,0,0,0,85.8887,98.274,1.33952,0,1,1.86231,1.86231,0,1.43845,2.1168,8.49684e+06,3.61194e+06,1.58237e+07,0,0,0,0
50.9375,85.139,1.1213,0.23,0.04,3.06235,3.06235,0,0.573737,4.47552,4.08855e+06,2.70226e+06,1.25206e+07,0,0,0,0,85.5416,98.274,1.8685,0,1,1.86279,1.86279,0,1.43882,2.1168,8.49684e+06,3.61194e+06,1.58278e+07,0,0,0,0
49.1094,85.139,0.9944,0.24,0.04,3.06315,3.06315,0,0.573885,4.47552,4.08855e+06,2.70226e+06,1.25238e+07,0,0,0,0,85.4688,98.274,1.48539,0,1,1.86327,1.86327,0,1.43919,2.1168,8.49684e+06,3.61194e+06,1.58319e+07,0,0,0,0
48.5999,85.139,2.31617,0.25,0.04,2.98479,2.98479,0,0.574033,4.47552,4.08855e+06,2.70226e+06,1.22035e+07,0,0,0,0,85.9264,98.274,3.10708,0,1,1.778,1.778,0,1.43956,2.1168,8.49684e+06,3.61194e+06,1.51074e+07,0,0,0,0
47.2762,85.139,1.50735,0.25,0.04,2.98556,2.98556,0,0.559349,4.47552,4.08855e+06,2.70226e+06,1.22066e+07,0,0,0,0,86.0355,98.274,2.45169,0,1,1.77846,1.77846,0,1.37368,2.1168,8.49684e+06,3.61194e+06,1.51113e+07,0,0,0,0
45.7555,85.139,1.2511,0.25,0.04,2.98633,2.98633,0,0.559494,4.47552,4.08855e+06,2.70226e+06,1.22098e+07,0,0,0,0,86.0515,98.274,2.14663,0,1,1.77892,1.77892,0,1.37404,2.1168,8.49684e+06,3.61194e+06,1.51152e+07,0,0,0,0
44.648,85.139,1.70229,0.25,0.04,2.9871,2.9871,0,0.559638,4.47552,4.08855e+06,2.70226e+06,1.22129e+07,0,0,0,0,86.3277,98.274,2.95305,0,1,1.77938,1.77938,0,1.37439,2.1168,8.49684e+06,3.61194e+06,1.51191e+07,0,0,0,0
46.2067,85.139,4.27666,0.3,0.04,2.76285,2.76285,0,0.559783,4.47552,4.08855e+06,2.70226e+06,1.12961e+07,0,0,0,0,87.507,98.274,4.30499,0,1,1.60106,1.60106,0,1.37475,2.1168,8.49684e+06,3.61194e+06,1.36039e+07,0,0,0,0
48.7969,85.139,5.30515,0.28,0.04,2.65034,2.76356,0,0.517758,4.47552,4.08855e+06,2.70226e+06,1.08361e+07,0,0,0,0,87.7046,98.274,3.49241,0,1,1.71469,1.60147,0,1.23698,2.1168,8.49684e+06,3.61194e+06,1.45695e+07,0,0,0,0
49.5881,85.139,3.44165,0.29,0.04,2.65147,2.76428,0,0.496674,4.47552,4.08855e+06,2.70226e+06,1.08407e+07,0,0,0,0,87.757,98.274,1.9644,0,1,1.71469,1.60188,0,1.32477,2.1168,8.49684e+06,3.61194e+06,1.45695e+07,0,0,0,0
51.039,85.139,4.13296,0.3,0.04,2.6526,2.76499,0,0.496885,4.47552,4.08855e+06,2.70226e+06,1.08453e+07,0,0,0,0,87.8373,98.274,2.23965,0,1,1.71469,1.6023,0,1.32477,2.1168,8.49684e+06,3.61194e+06,1.45695e+07,0,0,0,0
52.5801,85.139,4.3475,0.31,0.04,2.65372,2.76571,0,0.497096,4.47552,4.08855e+06,2.70226e+06,1.08499e+07,0,0,0,0,87.7904,98.274,2.45667,0,1,1.71469,1.60271,0,1.32477,2.1168,8.49684e+06,3.61194e+06,1.45695e+07,0,0,0,0
52.9807,85.139,3.28348,0.29,0.04,2.7415,2.85306,0,0.497308,4.47552,4.08855e+06,2.70226e+06,1.12087e+07,0,0,0,0,87.6502,98.274,2.17576,0,1,1.76652,1.65495,0,1.32477,2.1168,8.49684e+06,3.61194e+06,1.50098e+07,0,0,0,0
53.0873,85.139,3.04424,0.3,0.04,2.79444,2.85377,0,0.513756,4.47552,4.08855e+06,2.70226e+06,1.14252e+07,0,0,0,0,87.4922,98.274,2.15855,0,1,1.71469,1.65536,0,1.36481,2.1168,8.49684e+06,3.61194e+06,1.45694e+07,0,0,0,0
53.7805,85.139,3.7131,0.32,0.04,2.79555,2.85448,0,0.523678,4.47552,4.08855e+06,2.70226e+06,1.14298e+07,0,0,0,0,86.9835,98.274,2.01147,0,1,1.71469,1.65577,0,1.32477,2.1168,8.49684e+06,3.61194e+06,1.45694e+07,0,0,0,0
53.1804,85.139,2.31028,0.34,0.04,2.79667,2.85518,0,0.523887,4.47552,4.08855e+06,2.70226e+06,1.14343e+07,0,0,0,0,86.2275,98.274,1.50207,0,1,1.71469,1.65618,0,1.32477,2.1168,8.49684e+06,3.61194e+06,1.45694e+07,0,0,0,0
52.4054,85.139,2.32219,0.35,0.04,3.07634,3.13444,0,0.524096,4.47552,4.08855e+06,2.70226e+06,1.25778e+07,0,0,0,0,85.3291,98.274,1.39374,0,1,1.90947,1.85137,0,1.32477,2.1168,8.49684e+06,3.61194e+06,1.62245e+07,0,0,0,0
51.29,85.139,1.99792,0.35,0.04,3.13522,3.13522,0,0.576506,4.47552,4.08855e+06,2.70226e+06,1.28185e+07,0,0,0,0,84.5112,98.274,1.45774,0,1,1.85182,1.85182,0,1.47526,2.1168,8.49684e+06,3.61194e+06,1.57347e+07,0,0,0,0
50.1691,85.139,1.97161,0.37,0.04,3.13599,3.13599,0,0.58754,4.47552,4.08855e+06,2.70226e+06,1.28217e+07,0,0,0,0,83.7753,98.274,1.55214,0,1,1.85228,1.85228,0,1.43072,2.1168,8.49684e+06,3.61194e+06,1.57385e+07,0,0,0,0
49.8399,85.139,2.57162,0.46,0.04,2.83567,3.13677,0,0.587685,4.47552,4.08855e+06,3.35751e+06,1.15938e+07,0,0,0,0,83.4779,98.274,1.76754,0,1,1.6749,1.85274,0,1.43107,2.1168,8.49684e+06,4.48777e+06,1.42313e+07,0,0,0,0
50.3541,85.139,3.16929,0.48,0.04,2.47685,2.73984,0,0.531405,4.47552,4.08855e+06,3.35751e+06,1.01267e+07,0,0,0,0,83.8667,98.274,2.06457,0,1,1.43877,1.59154,0,1.29402,2.1168,8.49684e+06,4.48777e+06,1.2225e+07,0,0,0,0
52.6465,85.139,4.92749,0.53,0.04,2.35472,2.74052,0,0.464161,4.47552,4.08855e+06,3.35751e+06,9.6274e+06,0,0,0,0,84.3757,98.274,3.00248,0,1,1.56186,1.59194,0,1.11159,2.1168,8.49684e+06,4.48777e+06,1.32709e+07,0,0,0,0
58.3264,85.139,8.34588,0.48,0.04,2.35573,2.7412,0,0.441275,4.47552,4.08855e+06,3.35751e+06,9.63151e+06,0,0,0,0,86.1581,98.274,6.2916,0,1,1.56183,1.59233,0,1.2067,2.1168,8.49684e+06,4.48777e+06,1.32706e+07,0,0,0,0
61.9036,85.139,6.63687,0.43,0.04,2.35673,2.74187,0,0.441463,4.47552,4.08855e+06,3.35751e+06,9.63562e+06,0,0,0,0,87.135,98.274,4.11829,0,1,1.56179,1.59272,0,1.20667,2.1168,8.49684e+06,4.48777e+06,1.32703e+07,0,0,0,0
63.6254,85.139,4.55471,0.49,0.04,2.35774,2.74255,0,0.441652,4.47552,4.08855e+06,3.35751e+06,9.63973e+06,0,0,0,0,87.6441,98.274,2.70566,0,1,1.56175,1.59312,0,1.20664,2.1168,8.49684e+06,4.48777e+06,1.327e+07,0,0,0,0
65.6678,85.139,4.84177,0.41,0.04,2.44936,2.84346,0,0.44184,4.47552,4.08855e+06,3.35751e+06,1.00143e+07,0,0,0,0,88.3529,98.274,3.3996,0,1,1.61965,1.6576,0,1.20661,2.1168,8.49684e+06,4.48777e+06,1.37619e+07,0,0,0,0
67.602,85.139,4.83012,0.49,0.04,2.51447,2.84416,0,0.459009,4.47552,4.08855e+06,3.35751e+06,1.02806e+07,0,0,0,0,89.0096,98.274,3.28782,0,1,1.55554,1.65801,0,1.25134,2.1168,8.49684e+06,4.48777e+06,1.32172e+07,0,0,0,0
69.5609,85.139,4.92226,0.51,0.04,2.51552,2.84487,0,0.471212,4.47552,4.08855e+06,3.35751e+06,1.02848e+07,0,0,0,0,90.1456,98.274,4.35429,0,1,1.5555,1.65842,0,1.20181,2.1168,8.49684e+06,4.48777e+06,1.32168e+07,0,0,0,0
70.9029,85.139,4.26289,0.4,0.04,2.51656,2.84557,0,0.471408,4.47552,4.08855e+06,3.35751e+06,1.02891e+07,0,0,0,0,90.8181,98.274,3.46804,0,1,1.55546,1.65883,0,1.20178,2.1168,8.49684e+06,4.48777e+06,1.32165e+07,0,0,0,0
71.0504,85.139,2.9321,0.41,0.04,2.48215,2.80704,0,0.471604,4.47552,4.08855e+06,3.35751e+06,1.01484e+07,0,0,0,0,90.8982,98.274,2.37644,0,1,1.5329,1.63432,0,1.20175,2.1168,8.49684e+06,4.48777e+06,1.30248e+07,0,0,0,0
70.6521,85.139,2.30489,0.42,0.04,2.45827,2.80774,0,0.465154,4.47552,4.08855e+06,3.35751e+06,1.00507e+07,0,0,0,0,91.1215,98.274,2.10416,0,1,1.55777,1.63473,0,1.18432,2.1168,8.49684e+06,4.48777e+06,1.32361e+07,0,0,0,0
71.2334,85.139,3.31425,0.41,0.04,2.4593,2.80843,0,0.460679,4.47552,4.08855e+06,3.35751e+06,1.0055e+07,0,0,0,0,91.1946,98.274,2.33428,0,1,1.55773,1.63513,0,1.20353,2.1168,8.49684e+06,4.48777e+06,1.32358e+07,0,0,0,0
71.0555,85.139,2.52031,0.41,0.04,2.46033,2.80912,0,0.460872,4.47552,4.08855e+06,3.35751e+06,1.00592e+07,0,0,0,0,91.1336,98.274,2.10926,0,1,1.55769,1.63553,0,1.2035,2.1168,8.49684e+06,4.48777e+06,1.32354e+07,0,0,0,0
70.1918,85.139,2.05864,0.39,0.04,2.80786,2.94311,0,0.461065,4.47552,4.08855e+06,2.79793e+06,1.14801e+07,0,0,0,0,91.0971,98.274,1.89821,0,1,1.77003,1.72439,0,1.20347,2.1168,8.49684e+06,3.73981e+06,1.50396e+07,0,0,0,0
69.1768,85.139,1.9976,0.37,0.04,2.94383,2.94383,0,0.526193,4.47552,4.08855e+06,2.70226e+06,1.2036e+07,0,0,0,0,91.0427,98.274,2.13093,0,1,1.72481,1.72481,0,1.36752,2.1168,8.49684e+06,3.61194e+06,1.46554e+07,0,0,0,0
68.0139,85.139,1.82724,0.35,0.04,2.94456,2.94456,0,0.551674,4.47552,4.08855e+06,2.70226e+06,1.2039e+07,0,0,0,0,90.9039,98.274,1.93821,0,1,1.72524,1.72524,0,1.33259,2.1168,8.49684e+06,3.61194e+06,1.46591e+07,0,0,0,0
67.0067,85.139,1.69195,0.47,0.04,2.66257,2.94529,0,0.551811,4.47552,4.08855e+06,3.35751e+06,1.08861e+07,0,0,0,0,90.7479,98.274,1.86481,0,1,1.56002,1.72566,0,1.33292,2.1168,8.49684e+06,4.48777e+06,1.32552e+07,0,0,0,0
65.9206,85.139,1.59761,0.42,0.04,2.66323,2.94602,0,0.498966,4.47552,4.08855e+06,3.35751e+06,1.08887e+07,0,0,0,0,90.8382,98.274,1.76121,0,1,1.5604,1.72609,0,1.20527,2.1168,8.49684e+06,4.48777e+06,1.32585e+07,0,0,0,0
65.1496,85.139,2.10194,0.39,0.04,2.86429,2.92035,0,0.499089,4.47552,4.08855e+06,2.79793e+06,1.17108e+07,0,0,0,0,90.7402,98.274,2.03735,0,1,1.74111,1.77519,0,1.20557,2.1168,8.49684e+06,3.73981e+06,1.47939e+07,0,0,0,0
64.302,85.139,2.06854,0.32,0.04,2.92107,2.92107,0,0.536767,4.47552,4.08855e+06,2.70226e+06,1.19429e+07,0,0,0,0,90.58,98.274,1.99033,0,1,1.77563,1.77563,0,1.34518,2.1168,8.49684e+06,3.61194e+06,1.50872e+07,0,0,0,0
63.2878,85.139,1.89158,0.32,0.04,2.92179,2.92179,0,0.547409,4.47552,4.08855e+06,2.70226e+06,1.19459e+07,0,0,0,0,90.2707,98.274,1.95325,0,1,1.77606,1.77606,0,1.37185,2.1168,8.49684e+06,3.61194e+06,1.50909e+07,0,0,0,0
62.1215,85.139,1.71452,0.28,0.04,2.92251,2.92251,0,0.547544,4.47552,4.08855e+06,2.70226e+06,1.19488e+07,0,0,0,0,89.9805,98.274,1.77259,0,1,1.7765,1.7765,0,1.37219,2.1168,8.49684e+06,3.61194e+06,1.50947e+07,0,0,0,0
60.7371,85.139,1.49545,0.35,0.04,2.99146,2.99146,0,0.547679,4.47552,4.08855e+06,2.70226e+06,1.22307e+07,0,0,0,0,89.711,98.274,1.67434,0,1,1.82036,1.82036,0,1.37253,2.1168,8.49684e+06,3.61194e+06,1.54673e+07,0,0,0,0
59.4164,85.139,1.56566,0.3,0.04,2.9922,2.9922,0,0.560599,4.47552,4.08855e+06,2.70226e+06,1.22337e+07,0,0,0,0,89.4394,98.274,1.90514,0,1,1.82081,1.82081,0,1.40641,2.1168,8.49684e+06,3.61194e+06,1.54711e+07,0,0,0,0
57.9952,85.139,1.42894,0.29,0.04,2.99293,2.99293,0,0.560738,4.47552,4.08855e+06,2.70226e+06,1.22368e+07,0,0,0,0,89.0166,98.274,1.90766,0,1,1.82126,1.82126,0,1.40676,2.1168,8.49684e+06,3.61194e+06,1.5475e+07,0,0,0,0
56.478,85.139,1.31197,0.25,0.04,2.99367,2.99367,0,0.560876,4.47552,4.08855e+06,2.70226e+06,1.22398e+07,0,0,0,0,88.6813,98.274,1.66237,0,1,1.82171,1.82171,0,1.40711,2.1168,8.49684e+06,3.61194e+06,1.54788e+07,0,0,0,0
54.9478,85.139,1.37881,0.31,0.04,3.13307,3.1944,0,0.561014,4.47552,4.08855e+06,2.79793e+06,1.28097e+07,0,0,0,0,88.1016,98.274,1.9904,1,1,1.94105,1.97904,0,1.40745,2.1168,8.49684e+06,3.73981e+06,1.64928e+07,0,0,0,0
53.5028,85.139,1.47017,0.28,0.04,3.13384,3.19518,0,0.587137,4.47552,4.08855e+06,2.79793e+06,1.28129e+07,0,0,0,0,87.6228,98.274,1.58953,1,1,1.94153,1.97953,0,1.49965,2.1168,8.49684e+06,3.73981e+06,1.64968e+07,0,0,0,0
52.1176,85.139,1.51299,0.27,0.04,3.13462,3.19597,0,0.587282,4.47552,4.08855e+06,2.79793e+06,1.2816e+07,0,0,0,0,87.0456,98.274,1.6634,1,1,1.942,1.98002,0,1.50002,2.1168,8.49684e+06,3.73981e+06,1.65009e+07,0,0,0,0
50.5021,85.139,1.2848,0.27,0.04,3.13539,3.19676,0,0.587427,4.47552,4.08855e+06,2.79793e+06,1.28192e+07,0,0,0,0,86.6435,98.274,1.46521,1,1,1.94248,1.98051,0,1.50039,2.1168,8.49684e+06,3.73981e+06,1.6505e+07,0,0,0,0
49.0361,85.139,1.39258,0.28,0.04,3.13616,3.19755,0,0.587572,4.47552,4.08855e+06,2.79793e+06,1.28224e+07,0,0,0,0,86.3498,98.274,1.93035,1,1,1.94296,1.98099,0,1.50076,2.1168,8.49684e+06,3.73981e+06,1.6509e+07,0,0,0,0
47.9778,85.139,1.7342,0.27,0.04,3.10075,3.10075,0,0.587717,4.47552,4.08855e+06,2.70226e+06,1.26776e+07,0,0,0,0,85.977,98.274,1.98276,0,1,1.88614,1.88614,0,1.50113,2.1168,8.49684e+06,3.61194e+06,1.60263e+07,0,0,0,0
46.8293,85.139,1.70259,0.27,0.04,3.10152,3.10152,0,0.581081,4.47552,4.08855e+06,2.70226e+06,1.26807e+07,0,0,0,0,85.7241,98.274,2.10266,0,1,1.88661,1.88661,0,1.45724,2.1168,8.49684e+06,3.61194e+06,1.60302e+07,0,0,0,0
45.944,85.139,1.96401,0.28,0.04,3.10228,3.10228,0,0.581225,4.47552,4.08855e+06,2.70226e+06,1.26838e+07,0,0,0,0,85.6129,98.274,2.61748,0,1,1.88708,1.88708,0,1.45759,2.1168,8.49684e+06,3.61194e+06,1.60342e+07,0,0,0,0
45.0028,85.139,1.94511,0.28,0.04,3.10305,3.10305,0,0.581368,4.47552,4.08855e+06,2.70226e+06,1.2687e+07,0,0,0,0,85.4993,98.274,2.60438,0,1,1.88754,1.88754,0,1.45795,2.1168,8.49684e+06,3.61194e+06,1.60381e+07,0,0,0,0
45.0505,85.139,3.01985,0.32,0.04,3.02364,3.02364,0,0.581511,4.47552,4.08855e+06,2.70226e+06,1.23623e+07,0,0,0,0,85.9643,98.274,4.11039,0,1,1.80114,1.80114,0,1.45831,2.1168,8.49684e+06,3.61194e+06,1.5304e+07,0,0,0,0
45.7453,85.139,3.6768,0.31,0.04,3.02438,3.02438,0,0.566629,4.47552,4.08855e+06,2.70226e+06,1.23653e+07,0,0,0,0,87.1981,98.274,6.43541,0,1,1.80158,1.80158,0,1.39156,2.1168,8.49684e+06,3.61194e+06,1.53078e+07,0,0,0,0
46.5778,85.139,3.81355,0.28,0.04,3.02513,3.02513,0,0.566769,4.47552,4.08855e+06,2.70226e+06,1.23684e+07,0,0,0,0,87.9975,98.274,8.93329,0,1,1.80203,1.80203,0,1.3919,2.1168,8.49684e+06,3.61194e+06,1.53115e+07,0,0,0,0
48.2841,85.139,4.80538,0.29,0.04,3.02587,3.02587,0,0.566909,4.47552,4.08855e+06,2.70226e+06,1.23714e+07,0,0,0,0,89.0781,98.274,6.49399,0,1,1.80247,1.80247,0,1.39225,2.1168,8.49684e+06,3.61194e+06,1.53153e+07,0,0,0,0
51.2799,85.139,5.98699,0.29,0.04,2.79868,2.79868,0,0.567049,4.47552,4.08855e+06,2.70226e+06,1.14425e+07,0,0,0,0,90.4153,98.274,5.63723,0,1,1.62182,1.62182,0,1.39259,2.1168,8.49684e+06,3.61194e+06,1.37803e+07,0,0,0,0
57.4137,85.139,9.4211,0.26,0.04,2.70691,2.79937,0,0.524473,4.47552,4.08855e+06,2.70226e+06,1.10673e+07,0,0,0,0,96.1961,98.274,14.788,0,1,1.71468,1.62222,0,1.25302,2.1168,8.49684e+06,3.61194e+06,1.45694e+07,0,0,0,0
62.3927,85.139,8.30998,0.23,0.04,2.708,2.80006,0,0.507275,4.47552,4.08855e+06,2.70226e+06,1.10718e+07,0,0,0,0,99.3022,98.274,15.42,0,1,1.71468,1.62262,0,1.32476,2.1168,8.49684e+06,3.61194e+06,1.45694e+07,0,0,0,0
66.8697,85.139,7.72779,0.24,0.04,2.70909,2.80075,0,0.507479,4.47552,4.08855e+06,2.70226e+06,1.10762e+07,0,0,0,0,99.3022,98.274,14.623,0,1,1.71468,1.62302,0,1.32476,2.1168,8.49684e+06,3.61194e+06,1.45694e+07,0,0,0,0
76.4076,85.139,13.1832,0.22,0.04,2.71018,2.80144,0,0.507683,4.47552,4.08855e+06,2.70226e+06,1.10807e+07,0,0,0,0,99.3022,98.274,15.9157,0,1,1.71468,1.62342,0,1.32476,2.1168,8.49684e+06,3.61194e+06,1.45694e+07,0,0,0,0
80.2438,85.139,7.37675,0.14,0.04,2.79904,2.8899,0,0.507888,4.47552,4.08855e+06,2.70226e+06,1.1444e+07,0,0,0,0,99.3022,98.274,11.7436,0,1,1.76717,1.67631,0,1.32476,2.1168,8.49684e+06,3.61194e+06,1.50154e+07,0,0,0,0
80.9872,85.139,4.19462,0.1,0.04,2.85261,2.89058,0,0.524539,4.47552,4.08855e+06,2.70226e+06,1.16631e+07,0,0,0,0,99.3022,98.274,6.91033,0,1,1.71468,1.67671,0,1.36532,2.1168,8.49684e+06,3.61194e+06,1.45693e+07,0,0,0,0
82.0896,85.139,4.46305,0.1,0.04,2.85369,2.89126,0,0.53458,4.47552,4.08855e+06,2.70226e+06,1.16675e+07,0,0,0,0,99.3022,98.274,7.31962,0,1,1.71468,1.67711,0,1.32476,2.1168,8.49684e+06,3.61194e+06,1.45693e+07,0,0,0,0
83.9306,85.139,5.30956,0.11,0.04,2.85477,2.89195,0,0.534782,4.47552,4.08855e+06,2.70226e+06,1.16719e+07,0,0,0,0,99.3022,98.274,8.00092,0,1,1.71468,1.6775,0,1.32476,2.1168,8.49684e+06,3.61194e+06,1.45693e+07,0,0,0,0
84.6499,85.139,4.48719,0.11,0.04,3.13799,3.17477,0,0.534985,4.47552,4.08855e+06,2.70226e+06,1.28298e+07,0,0,0,0,99.3022,98.274,6.68173,0,1,1.91196,1.87519,0,1.32476,2.1168,8.49684e+06,3.61194e+06,1.62456e+07,0,0,0,0
85.139,85.139,7.79643,0.1,0.04,3.17552,3.17552,0,0.58806,4.47552,4.08855e+06,2.70226e+06,1.29833e+07,0,0,0,0,99.3022,98.274,9.17407,0,1,1.87563,1.87563,0,1.47718,2.1168,8.49684e+06,3.61194e+06,1.59369e+07,0,0,0,0
85.139,85.139,6.43318,0.08,0.04,3.17627,3.17627,0,0.595093,4.47552,4.08855e+06,2.70226e+06,1.29863e+07,0,0,0,0,99.3022,98.274,7.34971,0,1,1.87607,1.87607,0,1.44911,2.1168,8.49684e+06,3.61194e+06,1.59407e+07,0,0,0,0
85.139,85.139,8.18368,0.09,0.04,3.17702,3.17702,0,0.595233,4.47552,4.08855e+06,2.70226e+06,1.29894e+07,0,0,0,0,99.3022,98.274,9.45472,0,1,1.87651,1.87651,0,1.44945,2.1168,8.49684e+06,3.61194e+06,1.59444e+07,0,0,0,0
85.139,85.139,11.032,0.08,0.04,2.77497,2.77497,0,0.595374,4.47552,4.08855e+06,2.70226e+06,1.13456e+07,0,0,0,0,99.3022,98.274,15.8008,0,1,1.61195,1.61195,0,1.4498,2.1168,8.49684e+06,3.61194e+06,1.36965e+07,0,0,0,0
85.139,85.139,9.26626,0.1,0.04,2.67329,2.77563,0,0.520029,4.47552,4.08855e+06,2.70226e+06,1.09299e+07,0,0,0,0,99.3022,98.274,10.9694,0,1,1.71466,1.61233,0,1.24539,2.1168,8.49684e+06,3.61194e+06,1.45692e+07,0,0,0,0
85.139,85.139,8.57899,0.11,0.04,2.67433,2.77628,0,0.500975,4.47552,4.08855e+06,2.70226e+06,1.09341e+07,0,0,0,0,99.3022,98.274,8.51178,0,1,1.71466,1.61271,0,1.32475,2.1168,8.49684e+06,3.61194e+06,1.45692e+07,0,0,0,0
85.139,85.139,7.43372,0.12,0.04,2.67537,2.77694,0,0.50117,4.47552,4.08855e+06,2.70226e+06,1.09384e+07,0,0,0,0,99.3022,98.274,6.48753,0,1,1.71466,1.61309,0,1.32475,2.1168,8.49684e+06,3.61194e+06,1.45692e+07,0,0,0,0
85.139,85.139,8.21581,0.15,0.04,2.67641,2.77759,0,0.501364,4.47552,4.08855e+06,2.70226e+06,1.09426e+07,0,0,0,0,99.3022,98.274,7.47757,0,1,1.71466,1.61347,0,1.32475,2.1168,8.49684e+06,3.61194e+06,1.45692e+07,0,0,0,0
85.139,85.139,6.87506,0.15,0.04,2.77895,2.87976,0,0.501558,4.47552,4.08855e+06,2.70226e+06,1.13619e+07,0,0,0,0,99.3022,98.274,7.75485,0,1,1.77957,1.67876,0,1.32475,2.1168,8.49684e+06,3.61194e+06,1.51207e+07,0,0,0,0
85.139,85.139,6.17745,0.14,0.04,2.84492,2.88044,0,0.520776,4.47552,4.08855e+06,2.70226e+06,1.16316e+07,0,0,0,0,99.3022,98.274,7.91677,0,1,1.71468,1.67916,0,1.37489,2.1168,8.49684e+06,3.61194e+06,1.45693e+07,0,0,0,0
85.139,85.139,7.47262,0.16,0.04,2.846,2.88112,0,0.533139,4.47552,4.08855e+06,2.70226e+06,1.1636e+07,0,0,0,0,99.3022,98.274,8.80236,0,1,1.71468,1.67955,0,1.32476,2.1168,8.49684e+06,3.61194e+06,1.45693e+07,0,0,0,0
85.139,85.139,7.89779,0.15,0.04,2.84708,2.8818,0,0.53334,4.47552,4.08855e+06,2.70226e+06,1.16404e+07,0,0,0,0,99.3022,98.274,8.75263,0,1,1.71468,1.67995,0,1.32476,2.1168,8.49684e+06,3.61194e+06,1.45693e+07,0,0,0,0
85.139,85.139,6.17796,0.15,0.04,2.80843,2.84276,0,0.533542,4.47552,4.08855e+06,2.70226e+06,1.14824e+07,0,0,0,0,99.3022,98.274,7.48512,0,1,1.68944,1.65511,0,1.32476,2.1168,8.49684e+06,3.61194e+06,1.43549e+07,0,0,0,0
85.139,85.139,4.91553,0.16,0.04,2.78426,2.84343,0,0.526299,4.47552,4.08855e+06,2.70226e+06,1.13836e+07,0,0,0,0,99.3022,98.274,6.472,0,1,1.71467,1.65551,0,1.30526,2.1168,8.49684e+06,3.61194e+06,1.45693e+07,0,0,0,0
85.139,85.139,4.71851,0.14,0.04,2.78532,2.8441,0,0.521771,4.47552,4.08855e+06,2.70226e+06,1.13879e+07,0,0,0,0,99.3022,98.274,5.95405,0,1,1.71467,1.6559,0,1.32475,2.1168,8.49684e+06,3.61194e+06,1.45693e+07,0,0,0,0
85.139,85.139,4.35968,0.12,0.04,2.78639,2.84477,0,0.52197,4.47552,4.08855e+06,2.70226e+06,1.13923e+07,0,0,0,0,99.3022,98.274,6.23387,0,1,1.71467,1.65629,0,1.32475,2.1168,8.49684e+06,3.61194e+06,1.45693e+07,0,0,0,0
85.139,85.139,4.02083,0.12,0.04,2.92243,2.98042,0,0.522169,4.47552,4.08855e+06,2.70226e+06,1.19485e+07,0,0,0,0,99.3022,98.274,5.4457,0,1,1.80424,1.74625,0,1.32475,2.1168,8.49684e+06,3.61194e+06,1.53303e+07,0,0,0,0
85.139,85.139,3.76445,0.12,0.04,2.98112,2.98112,0,0.547663,4.47552,4.08855e+06,2.70226e+06,1.21885e+07,0,0,0,0,99.3022,98.274,5.40245,0,1,1.74666,1.74666,0,1.39396,2.1168,8.49684e+06,3.61194e+06,1.48411e+07,0,0,0,0
85.139,85.139,3.55824,0.1,0.04,2.98183,2.98183,0,0.558663,4.47552,4.08855e+06,2.70226e+06,1.21914e+07,0,0,0,0,99.3022,98.274,4.62823,0,1,1.74707,1.74707,0,1.34947,2.1168,8.49684e+06,3.61194e+06,1.48446e+07,0,0,0,0
85.139,85.139,3.30415,0.1,0.04,2.98253,2.98253,0,0.558795,4.47552,4.08855e+06,2.70226e+06,1.21942e+07,0,0,0,0,99.3022,98.274,4.12656,0,1,1.74748,1.74748,0,1.34979,2.1168,8.49684e+06,3.61194e+06,1.48481e+07,0,0,0,0
85.0421,85.139,3.12699,0.08,0.04,2.98324,2.98324,0,0.558926,4.47552,4.08855e+06,2.70226e+06,1.21971e+07,0,0,0,0,99.3022,98.274,3.74531,0,1,1.7479,1.7479,0,1.35011,2.1168,8.49684e+06,3.61194e+06,1.48516e+07,0,0,0,0
85.1074,85.139,3.24884,0.13,0.04,2.95721,2.95721,0,0.559058,4.47552,4.08855e+06,2.70226e+06,1.20907e+07,0,0,0,0,99.3022,98.274,3.46001,0,1,1.7976,1.7976,0,1.35043,2.1168,8.49684e+06,3.61194e+06,1.52739e+07,0,0,0,0
84.9993,85.139,3.07679,0.13,0.04,2.95791,2.95791,0,0.554182,4.47552,4.08855e+06,2.70226e+06,1.20936e+07,0,0,0,0,99.3022,98.274,3.25615,0,1,1.79802,1.79802,0,1.38882,2.1168,8.49684e+06,3.61194e+06,1.52775e+07,0,0,0,0
84.6388,85.139,2.79537,0.12,0.04,2.95861,2.95861,0,0.554313,4.47552,4.08855e+06,2.70226e+06,1.20964e+07,0,0,0,0,99.3022,98.274,2.99964,0,1,1.79844,1.79844,0,1.38915,2.1168,8.49684e+06,3.61194e+06,1.52811e+07,0,0,0,0
84.1757,85.139,2.64549,0.11,0.04,2.95931,2.95931,0,0.554444,4.47552,4.08855e+06,2.70226e+06,1.20993e+07,0,0,0,0,99.3022,98.274,2.95967,0,1,1.79887,1.79887,0,1.38948,2.1168,8.49684e+06,3.61194e+06,1.52847e+07,0,0,0,0
83.3824,85.139,2.36046,0.12,0.04,3.02909,3.02909,0,0.554574,4.47552,4.08855e+06,2.70226e+06,1.23846e+07,0,0,0,0,99.2307,98.274,2.72133,0,1,1.84326,1.84326,0,1.38981,2.1168,8.49684e+06,3.61194e+06,1.56619e+07,0,0,0,0
82.8431,85.139,2.64553,0.1,0.04,3.0298,3.0298,0,0.567651,4.47552,4.08855e+06,2.70226e+06,1.23875e+07,0,0,0,0,99.2449,98.274,2.75989,0,1,1.8437,1.8437,0,1.4241,2.1168,8.49684e+06,3.61194e+06,1.56656e+07,0,0,0,0
82.1367,85.139,2.44806,0.1,0.04,3.03052,3.03052,0,0.567785,4.47552,4.08855e+06,2.70226e+06,1.23904e+07,0,0,0,0,99.1492,98.274,2.79106,0,1,1.84413,1.84413,0,1.42444,2.1168,8.49684e+06,3.61194e+06,1.56693e+07,0,0,0,0
81.261,85.139,2.26864,0.1,0.04,3.03123,3.03123,0,0.567919,4.47552,4.08855e+06,2.70226e+06,1.23933e+07,0,0,0,0,99.0015,98.274,2.48469,0,1,1.84457,1.84457,0,1.42478,2.1168,8.49684e+06,3.61194e+06,1.5673e+07,0,0,0,0
80.3241,85.139,2.30861,0.11,0.04,3.17234,3.23444,0,0.568053,4.47552,4.08855e+06,2.79793e+06,1.29703e+07,0,0,0,0,98.8504,98.274,2.82323,1,1,1.96538,2.00385,0,1.42511,2.1168,8.49684e+06,3.73981e+06,1.66995e+07,0,0,0,0
78.9136,85.139,1.81954,0.11,0.04,3.17309,3.2352,0,0.594497,4.47552,4.08855e+06,2.79793e+06,1.29734e+07,0,0,0,0,98.6165,98.274,2.5981,1,1,1.96584,2.00432,0,1.51845,2.1168,8.49684e+06,3.73981e+06,1.67034e+07,0,0,0,0
77.3261,85.139,1.62288,0.16,0.04,3.17384,3.23596,0,0.594638,4.47552,4.08855e+06,2.79793e+06,1.29764e+07,0,0,0,0,98.3178,98.274,2.38252,1,1,1.96631,2.00479,0,1.51881,2.1168,8.49684e+06,3.73981e+06,1.67074e+07,0,0,0,0
76.3286,85.139,2.20928,0.17,0.04,3.17459,3.23673,0,0.594778,4.47552,4.08855e+06,2.79793e+06,1.29795e+07,0,0,0,0,98.0852,98.274,2.68374,1,1,1.96677,2.00527,0,1.51917,2.1168,8.49684e+06,3.73981e+06,1.67113e+07,0,0,0,0
76.2686,85.139,3.24012,0.17,0.04,3.17534,3.23749,0,0.594918,4.47552,4.08855e+06,2.79793e+06,1.29825e+07,0,0,0,0,98.0822,98.274,3.15441,1,1,1.96723,2.00574,0,1.51953,2.1168,8.49684e+06,3.73981e+06,1.67153e+07,0,0,0,0
76.264,85.139,3.20585,0.16,0.04,3.07918,3.13945,0,0.595058,4.47552,4.08855e+06,2.79793e+06,1.25894e+07,0,0,0,0,98.0678,98.274,3.3856,1,1,1.87302,1.90968,0,1.51988,2.1168,8.49684e+06,3.73981e+06,1.59148e+07,0,0,0,0
75.9262,85.139,2.89777,0.15,0.04,3.07991,3.14019,0,0.577039,4.47552,4.08855e+06,2.79793e+06,1.25924e+07,0,0,0,0,98.0362,98.274,3.52894,1,1,1.87346,1.91013,0,1.4471,2.1168,8.49684e+06,3.73981e+06,1.59185e+07,0,0,0,0
75.8641,85.139,3.23306,0.13,0.04,3.08063,3.14093,0,0.577175,4.47552,4.08855e+06,2.79793e+06,1.25953e+07,0,0,0,0,98.3487,98.274,4.68321,1,1,1.87391,1.91059,0,1.44744,2.1168,8.49684e+06,3.73981e+06,1.59223e+07,0,0,0,0
75.6107,85.139,3.08839,0.13,0.04,3.08136,3.14167,0,0.577311,4.47552,4.08855e+06,2.79793e+06,1.25983e+07,0,0,0,0,98.6757,98.274,4.60731,1,1,1.87435,1.91104,0,1.44778,2.1168,8.49684e+06,3.73981e+06,1.5926e+07,0,0,0,0
75.4626,85.139,3.2736,0.13,0.04,3.06124,3.06124,0,0.577447,4.47552,4.08855e+06,2.70226e+06,1.2516e+07,0,0,0,0,99.074,98.274,4.81249,0,1,1.82354,1.82354,0,1.44812,2.1168,8.49684e+06,3.61194e+06,1.54943e+07,0,0,0,0
74.6583,85.139,2.46377,0.12,0.04,3.06196,3.06196,0,0.573676,4.47552,4.08855e+06,2.70226e+06,1.2519e+07,0,0,0,0,99.3022,98.274,3.1055,0,1,1.82397,1.82397,0,1.40887,2.1168,8.49684e+06,3.61194e+06,1.5498e+07,0,0,0,0
74.2675,85.139,2.88235,0.11,0.04,3.06268,3.06268,0,0.573811,4.47552,4.08855e+06,2.70226e+06,1.25219e+07,0,0,0,0,99.3022,98.274,5.39596,0,1,1.8244,1.8244,0,1.4092,2.1168,8.49684e+06,3.61194e+06,1.55016e+07,0,0,0,0
73.0989,85.139,2.10519,0.12,0.04,3.0634,3.0634,0,0.573947,4.47552,4.08855e+06,2.70226e+06,1.25249e+07,0,0,0,0,99.3022,98.274,3.80916,0,1,1.82483,1.82483,0,1.40953,2.1168,8.49684e+06,3.61194e+06,1.55053e+07,0,0,0,0
76.3647,85.139,6.70742,0.15,0.04,2.83336,2.83336,0,0.574082,4.47552,4.08855e+06,2.70226e+06,1.15843e+07,0,0,0,0,99.3022,98.274,6.18611,0,1,1.64192,1.64192,0,1.40986,2.1168,8.49684e+06,3.61194e+06,1.39511e+07,0,0,0,0
78.2987,85.139,5.12883,0.13,0.04,2.76167,2.83403,0,0.530972,4.47552,4.08855e+06,2.70226e+06,1.12912e+07,0,0,0,0,99.3022,98.274,4.15147,0,1,1.71467,1.6423,0,1.26855,2.1168,8.49684e+06,3.61194e+06,1.45693e+07,0,0,0,0
81.0241,85.139,6.00879,0.13,0.04,2.76272,2.8347,0,0.517537,4.47552,4.08855e+06,2.70226e+06,1.12955e+07,0,0,0,0,99.3022,98.274,4.25263,0,1,1.71467,1.64269,0,1.32475,2.1168,8.49684e+06,3.61194e+06,1.45693e+07,0,0,0,0
83.6968,85.139,6.0334,0.11,0.04,2.76378,2.83537,0,0.517734,4.47552,4.08855e+06,2.70226e+06,1.12998e+07,0,0,0,0,99.3022,98.274,5.07526,0,1,1.71467,1.64308,0,1.32475,2.1168,8.49684e+06,3.61194e+06,1.45693e+07,0,0,0,0
85.139,85.139,11.0175,0.11,0.04,2.76483,2.83603,0,0.517932,4.47552,4.08855e+06,2.70226e+06,1.13042e+07,0,0,0,0,99.3022,98.274,10.9504,0,1,1.71467,1.64347,0,1.32475,2.1168,8.49684e+06,3.61194e+06,1.45693e+07,0,0,0,0
85.139,85.139,5.78134,0.09,0.04,2.85474,2.92555,0,0.51813,4.47552,4.08855e+06,2.70226e+06,1.16717e+07,0,0,0,0,99.3022,98.274,7.20775,0,1,1.76781,1.697,0,1.32475,2.1168,8.49684e+06,3.61194e+06,1.50208e+07,0,0,0,0
84.8226,85.139,3.09365,0.08,0.04,2.90893,2.92622,0,0.534978,4.47552,4.08855e+06,2.70226e+06,1.18933e+07,0,0,0,0,99.3022,98.274,7.02033,0,1,1.71466,1.69738,0,1.36581,2.1168,8.49684e+06,3.61194e+06,1.45692e+07,0,0,0,0
84.7521,85.139,3.35517,0.13,0.04,2.90998,2.92688,0,0.545134,4.47552,4.08855e+06,2.70226e+06,1.18976e+07,0,0,0,0,99.3022,98.274,6.906,0,1,1.71466,1.69776,0,1.32475,2.1168,8.49684e+06,3.61194e+06,1.45692e+07,0,0,0,0
85.139,85.139,4.02095,0.13,0.04,2.91102,2.92754,0,0.54533,4.47552,4.08855e+06,2.70226e+06,1.19019e+07,0,0,0,0,99.3022,98.274,6.85926,0,1,1.71466,1.69815,0,1.32475,2.1168,8.49684e+06,3.61194e+06,1.45692e+07,0,0,0,0
85.139,85.139,3.90816,0.09,0.04,3.19768,3.21381,0,0.545526,4.47552,4.08855e+06,2.70226e+06,1.30739e+07,0,0,0,0,99.3022,98.274,6.4909,0,1,1.91438,1.89824,0,1.32475,2.1168,8.49684e+06,3.61194e+06,1.62661e+07,0,0,0,0
85.139,85.139,5.62439,0.09,0.04,3.21454,3.21454,0,0.599245,4.47552,4.08855e+06,2.70226e+06,1.31428e+07,0,0,0,0,99.3022,98.274,8.61112,0,1,1.89867,1.89867,0,1.47905,2.1168,8.49684e+06,3.61194e+06,1.61327e+07,0,0,0,0
85.139,85.139,7.99269,0.1,0.04,3.21526,3.21526,0,0.602404,4.47552,4.08855e+06,2.70226e+06,1.31458e+07,0,0,0,0,99.3022,98.274,13.4484,0,1,1.8991,1.8991,0,1.46691,2.1168,8.49684e+06,3.61194e+06,1.61364e+07,0,0,0,0
85.139,85.139,8.10525,0.1,0.04,3.21599,3.21599,0,0.602541,4.47552,4.08855e+06,2.70226e+06,1.31487e+07,0,0,0,0,99.3022,98.274,15.6281,0,1,1.89953,1.89953,0,1.46725,2.1168,8.49684e+06,3.61194e+06,1.614e+07,0,0,0,0
85.139,85.139,6.76225,0.1,0.04,2.80898,2.80898,0,0.602677,4.47552,4.08855e+06,2.70226e+06,1.14847e+07,0,0,0,0,99.3022,98.274,11.0924,0,1,1.6317,1.6317,0,1.46758,2.1168,8.49684e+06,3.61194e+06,1.38643e+07,0,0,0,0
85.139,85.139,5.91846,0.11,0.04,2.72704,2.80961,0,0.526403,4.47552,4.08855e+06,2.70226e+06,1.11496e+07,0,0,0,0,99.3022,98.274,10.2457,0,1,1.71465,1.63207,0,1.26065,2.1168,8.49684e+06,3.61194e+06,1.45691e+07,0,0,0,0
85.139,85.139,5.94822,0.13,0.04,2.72804,2.81025,0,0.511047,4.47552,4.08855e+06,2.70226e+06,1.11537e+07,0,0,0,0,99.3022,98.274,9.18288,0,1,1.71465,1.63244,0,1.32474,2.1168,8.49684e+06,3.61194e+06,1.45691e+07,0,0,0,0
85.139,85.139,7.25634,0.16,0.04,2.72905,2.81088,0,0.511235,4.47552,4.08855e+06,2.70226e+06,1.11578e+07,0,0,0,0,99.3022,98.274,12.7107,0,1,1.71465,1.63281,0,1.32474,2.1168,8.49684e+06,3.61194e+06,1.45691e+07,0,0,0,0
85.139,85.139,5.94754,0.17,0.04,2.73005,2.81152,0,0.511423,4.47552,4.08855e+06,2.70226e+06,1.11619e+07,0,0,0,0,99.3022,98.274,9.04353,0,1,1.71465,1.63318,0,1.32474,2.1168,8.49684e+06,3.61194e+06,1.45691e+07,0,0,0,0
85.139,85.139,5.52716,0.18,0.04,2.8338,2.91491,0,0.511611,4.47552,4.08855e+06,2.70226e+06,1.15862e+07,0,0,0,0,99.3022,98.274,13.7962,0,1,1.78035,1.69925,0,1.32474,2.1168,8.49684e+06,3.61194e+06,1.51273e+07,0,0,0,0
85.139,85.139,5.73664,0.19,0.04,2.90053,2.91556,0,0.531055,4.47552,4.08855e+06,2.70226e+06,1.1859e+07,0,0,0,0,99.3022,98.274,10.3168,0,1,1.71466,1.69963,0,1.3755,2.1168,8.49684e+06,3.61194e+06,1.45692e+07,0,0,0,0
85.139,85.139,4.71885,0.19,0.04,2.90158,2.91622,0,0.54356,4.47552,4.08855e+06,2.70226e+06,1.18632e+07,0,0,0,0,99.3022,98.274,7.6,0,1,1.71466,1.70002,0,1.32475,2.1168,8.49684e+06,3.61194e+06,1.45692e+07,0,0,0,0
85.139,85.139,6.23736,0.19,0.04,2.90262,2.91688,0,0.543755,4.47552,4.08855e+06,2.70226e+06,1.18675e+07,0,0,0,0,99.3022,98.274,17.2722,0,1,1.71466,1.7004,0,1.32475,2.1168,8.49684e+06,3.61194e+06,1.45692e+07,0,0,0,0
85.139,85.139,4.55558,0.16,0.04,2.86345,2.87733,0,0.543951,4.47552,4.08855e+06,2.70226e+06,1.17074e+07,0,0,0,0,99.3022,98.274,8.87417,0,1,1.68912,1.67525,0,1.32475,2.1168,8.49684e+06,3.61194e+06,1.43522e+07,0,0,0,0
85.139,85.139,3.66277,0.16,0.04,2.83895,2.87798,0,0.536611,4.47552,4.08855e+06,2.70226e+06,1.16072e+07,0,0,0,0,99.3022,98.274,5.77403,0,1,1.71466,1.67562,0,1.30502,2.1168,8.49684e+06,3.61194e+06,1.45692e+07,0,0,0,0
85.0689,85.139,3.21429,0.16,0.04,2.83997,2.87863,0,0.532018,4.47552,4.08855e+06,2.70226e+06,1.16114e+07,0,0,0,0,99.3022,98.274,5.41207,0,1,1.71466,1.676,0,1.32475,2.1168,8.49684e+06,3.61194e+06,1.45692e+07,0,0,0,0
85.139,85.139,3.34628,0.23,0.04,2.841,2.87928,0,0.532211,4.47552,4.08855e+06,2.70226e+06,1.16156e+07,0,0,0,0,99.3022,98.274,5.5828,0,1,1.71466,1.67638,0,1.32475,2.1168,8.49684e+06,3.61194e+06,1.45692e+07,0,0,0,0
84.8111,85.139,2.95922,0.13,0.04,2.97865,3.01655,0,0.532404,4.47552,4.08855e+06,2.70226e+06,1.21784e+07,0,0,0,0,99.3022,98.274,5.05346,0,1,1.80531,1.76741,0,1.32475,2.1168,8.49684e+06,3.61194e+06,1.53395e+07,0,0,0,0
84.2612,85.139,2.743,0.19,0.04,3.01723,3.01723,0,0.558198,4.47552,4.08855e+06,2.70226e+06,1.23361e+07,0,0,0,0,99.3022,98.274,4.44973,0,1,1.76781,1.76781,0,1.39478,2.1168,8.49684e+06,3.61194e+06,1.50208e+07,0,0,0,0
83.5735,85.139,2.59091,0.16,0.04,3.01791,3.01791,0,0.565428,4.47552,4.08855e+06,2.70226e+06,1.23389e+07,0,0,0,0,99.3022,98.274,4.16385,0,1,1.76821,1.76821,0,1.36581,2.1168,8.49684e+06,3.61194e+06,1.50242e+07,0,0,0,0
82.6884,85.139,2.36975,0.16,0.04,3.01859,3.01859,0,0.565556,4.47552,4.08855e+06,2.70226e+06,1.23417e+07,0,0,0,0,99.3022,98.274,3.78185,0,1,1.76861,1.76861,0,1.36612,2.1168,8.49684e+06,3.61194e+06,1.50276e+07,0,0,0,0
81.695,85.139,2.19379,0.15,0.04,3.01927,3.01927,0,0.565684,4.47552,4.08855e+06,2.70226e+06,1.23444e+07,0,0,0,0,99.3022,98.274,3.64085,0,1,1.76901,1.76901,0,1.36643,2.1168,8.49684e+06,3.61194e+06,1.5031e+07,0,0,0,0
80.6447,85.139,2.08901,0.15,0.04,2.99291,2.99291,0,0.565812,4.47552,4.08855e+06,2.70226e+06,1.22367e+07,0,0,0,0,99.3022,98.274,3.43907,0,1,1.81929,1.81929,0,1.36674,2.1168,8.49684e+06,3.61194e+06,1.54582e+07,0,0,0,0
79.4549,85.139,1.93261,0.13,0.04,2.99358,2.99358,0,0.560871,4.47552,4.08855e+06,2.70226e+06,1.22394e+07,0,0,0,0,99.3022,98.274,3.30768,0,1,1.8197,1.8197,0,1.40559,2.1168,8.49684e+06,3.61194e+06,1.54617e+07,0,0,0,0
78.1099,85.139,1.76725,0.19,0.04,2.99426,2.99426,0,0.560997,4.47552,4.08855e+06,2.70226e+06,1.22422e+07,0,0,0,0,99.3022,98.274,3.24744,0,1,1.82011,1.82011,0,1.4059,2.1168,8.49684e+06,3.61194e+06,1.54652e+07,0,0,0,0
76.6228,85.139,1.60184,0.19,0.04,2.99493,2.99493,0,0.561124,4.47552,4.08855e+06,2.70226e+06,1.22449e+07,0,0,0,0,99.3022,98.274,2.94359,0,1,1.82053,1.82053,0,1.40622,2.1168,8.49684e+06,3.61194e+06,1.54687e+07,0,0,0,0
75.0248,85.139,1.49589,0.19,0.04,3.06552,3.06552,0,0.561251,4.47552,4.08855e+06,2.70226e+06,1.25335e+07,0,0,0,0,99.2437,98.274,2.84669,0,1,1.86543,1.86543,0,1.40654,2.1168,8.49684e+06,3.61194e+06,1.58503e+07,0,0,0,0
73.3973,85.139,1.47254,0.18,0.04,3.06621,3.06621,0,0.574479,4.47552,4.08855e+06,2.70226e+06,1.25364e+07,0,0,0,0,99.3022,98.274,2.89582,0,1,1.86585,1.86585,0,1.44123,2.1168,8.49684e+06,3.61194e+06,1.58539e+07,0,0,0,0
71.7112,85.139,1.38782,0.23,0.04,3.06691,3.06691,0,0.574609,4.47552,4.08855e+06,2.70226e+06,1.25392e+07,0,0,0,0,99.2891,98.274,2.98114,0,1,1.86627,1.86627,0,1.44156,2.1168,8.49684e+06,3.61194e+06,1.58574e+07,0,0,0,0
69.9548,85.139,1.29908,0.22,0.04,3.0676,3.0676,0,0.574738,4.47552,4.08855e+06,2.70226e+06,1.2542e+07,0,0,0,0,99.214,98.274,2.72709,0,1,1.8667,1.8667,0,1.44188,2.1168,8.49684e+06,3.61194e+06,1.5861e+07,0,0,0,0
68.0808,85.139,1.27564,0.22,0.04,3.21037,3.27321,0,0.574868,4.47552,4.08855e+06,2.79793e+06,1.31258e+07,0,0,0,0,99.1257,98.274,2.93245,1,1,1.98894,2.02787,0,1.44221,2.1168,8.49684e+06,3.73981e+06,1.68997e+07,0,0,0,0
65.9736,85.139,1.00634,0.24,0.04,3.2111,3.27395,0,0.601624,4.47552,4.08855e+06,2.79793e+06,1.31287e+07,0,0,0,0,98.8763,98.274,2.49625,1,1,1.98939,2.02833,0,1.53665,2.1168,8.49684e+06,3.73981e+06,1.69035e+07,0,0,0,0
63.8,85.139,0.937575,0.24,0.04,3.21182,3.27469,0,0.601759,4.47552,4.08855e+06,2.79793e+06,1.31317e+07,0,0,0,0,98.7197,98.274,2.83121,1,1,1.98983,2.02878,0,1.537,2.1168,8.49684e+06,3.73981e+06,1.69073e+07,0,0,0,0
61.4973,85.139,0.779024,0.23,0.04,3.21255,3.27543,0,0.601895,4.47552,4.08855e+06,2.79793e+06,1.31347e+07,0,0,0,0,98.3497,98.274,1.99043,1,1,1.99028,2.02924,0,1.53735,2.1168,8.49684e+06,3.73981e+06,1.69111e+07,0,0,0,0
59.3933,85.139,0.950363,0.25,0.04,3.21327,3.27617,0,0.602031,4.47552,4.08855e+06,2.79793e+06,1.31376e+07,0,0,0,0,98.4019,98.274,3.74283,1,1,1.99073,2.0297,0,1.53769,2.1168,8.49684e+06,3.73981e+06,1.69149e+07,0,0,0,0
57.0139,85.139,0.55219,0.25,0.04,3.11593,3.17692,0,0.602167,4.47552,4.08855e+06,2.79793e+06,1.27396e+07,0,0,0,0,97.6717,98.274,2.11082,1,1,1.89538,1.93248,0,1.53804,2.1168,8.49684e+06,3.73981e+06,1.61047e+07,0,0,0,0
54.3884,85.139,0.263994,0.25,0.04,3.11664,3.17764,0,0.583926,4.47552,4.08855e+06,2.79793e+06,1.27425e+07,0,0,0,0,96.7232,98.274,1.15203,1,1,1.89581,1.93291,0,1.46437,2.1168,8.49684e+06,3.73981e+06,1.61084e+07,0,0,0,0
51.0922,85.139,0.254837,0.28,0.04,3.11734,3.17836,0,0.584058,4.47552,4.08855e+06,2.79793e+06,1.27454e+07,0,0,0,0,96.0604,98.274,1.06276,1,1,1.89623,1.93335,0,1.4647,2.1168,8.49684e+06,3.73981e+06,1.6112e+07,0,0,0,0
49.3305,85.139,0.533745,0.28,0.04,3.11804,3.17907,0,0.584189,4.47552,4.08855e+06,2.79793e+06,1.27483e+07,0,0,0,0,95.9862,98.274,1.81643,1,1,1.89666,1.93379,0,1.46503,2.1168,8.49684e+06,3.73981e+06,1.61156e+07,0,0,0,0
47.2194,85.139,0.804664,0.31,0.04,3.09765,3.09765,0,0.584321,4.47552,4.08855e+06,2.70226e+06,1.26649e+07,0,0,0,0,95.7549,98.274,1.84967,0,1,1.84523,1.84523,0,1.46536,2.1168,8.49684e+06,3.61194e+06,1.56786e+07,0,0,0,0
45.0341,85.139,0.628798,0.31,0.04,3.09835,3.09835,0,0.5805,4.47552,4.08855e+06,2.70226e+06,1.26678e+07,0,0,0,0,95.2577,98.274,1.83012,0,1,1.84564,1.84564,0,1.42562,2.1168,8.49684e+06,3.61194e+06,1.56822e+07,0,0,0,0
42.9191,85.139,0.77313,0.33,0.04,3.09905,3.09905,0,0.58063,4.47552,4.08855e+06,2.70226e+06,1.26706e+07,0,0,0,0,95.0578,98.274,1.41925,0,1,1.84606,1.84606,0,1.42595,2.1168,8.49684e+06,3.61194e+06,1.56857e+07,0,0,0,0
40.8294,85.139,0.79494,0.34,0.04,3.09975,3.09975,0,0.580761,4.47552,4.08855e+06,2.70226e+06,1.26735e+07,0,0,0,0,94.9318,98.274,2.50314,0,1,1.84648,1.84648,0,1.42627,2.1168,8.49684e+06,3.61194e+06,1.56892e+07,0,0,0,0
40.2747,85.139,2.25032,0.34,0.04,2.86695,2.86695,0,0.580892,4.47552,4.08855e+06,2.70226e+06,1.17217e+07,0,0,0,0,96.0304,98.274,5.62915,0,1,1.66138,1.66138,0,1.42659,2.1168,8.49684e+06,3.61194e+06,1.41165e+07,0,0,0,0
39.7973,85.139,2.24149,0.35,0.04,2.81469,2.86759,0,0.537266,4.47552,4.08855e+06,2.70226e+06,1.1508e+07,0,0,0,0,97.0033,98.274,4.81755,0,1,1.71465,1.66175,0,1.28358,2.1168,8.49684e+06,3.61194e+06,1.45691e+07,0,0,0,0
39.2344,85.139,2.12279,0.36,0.04,2.81571,2.86824,0,0.527473,4.47552,4.08855e+06,2.70226e+06,1.15122e+07,0,0,0,0,97.7831,98.274,4.55933,0,1,1.71465,1.66213,0,1.32474,2.1168,8.49684e+06,3.61194e+06,1.45692e+07,0,0,0,0
39.3999,85.139,2.72124,0.44,0.04,2.54135,2.86889,0,0.527665,4.47552,4.08855e+06,3.35751e+06,1.03905e+07,0,0,0,0,99.3022,98.274,5.57519,0,1,1.55507,1.6625,0,1.32474,2.1168,8.49684e+06,4.48777e+06,1.32132e+07,0,0,0,0
40.1746,85.139,3.34517,0.48,0.04,2.54231,2.86953,0,0.47625,4.47552,4.08855e+06,3.35751e+06,1.03944e+07,0,0,0,0,99.3022,98.274,6.9225,0,1,1.55504,1.66288,0,1.20145,2.1168,8.49684e+06,4.48777e+06,1.32129e+07,0,0,0,0
43.0259,85.139,5.79674,0.45,0.04,2.54269,2.86953,0,0.476429,4.47552,4.08855e+06,3.35751e+06,1.03959e+07,0,0,0,0,99.3022,98.274,11.0927,0,1,1.55466,1.66288,0,1.20142,2.1168,8.49684e+06,4.48777e+06,1.32097e+07,0,0,0,0
49.2788,85.139,9.38941,0.46,0.04,2.62454,2.96008,0,0.4765,4.47552,4.08855e+06,3.35751e+06,1.07306e+07,0,0,0,0,99.3022,98.274,12.7233,0,1,1.60361,1.71702,0,1.20113,2.1168,8.49684e+06,4.48777e+06,1.36256e+07,0,0,0,0
52.6083,85.139,6.38537,0.43,0.04,2.67652,2.96072,0,0.491839,4.47552,4.08855e+06,3.35751e+06,1.09431e+07,0,0,0,0,99.3022,98.274,6.95694,0,1,1.55254,1.7174,0,1.23895,2.1168,8.49684e+06,4.48777e+06,1.31917e+07,0,0,0,0
55.3184,85.139,5.77754,0.43,0.04,2.6771,2.96136,0,0.50158,4.47552,4.08855e+06,3.35751e+06,1.09455e+07,0,0,0,0,99.3022,98.274,5.71494,0,1,1.55288,1.71777,0,1.1995,2.1168,8.49684e+06,4.48777e+06,1.31946e+07,0,0,0,0
57.7698,85.139,5.5681,0.45,0.04,2.67768,2.962,0,0.501689,4.47552,4.08855e+06,3.35751e+06,1.09478e+07,0,0,0,0,99.3022,98.274,6.7778,0,1,1.55321,1.71814,0,1.19975,2.1168,8.49684e+06,4.48777e+06,1.31974e+07,0,0,0,0
66.132,85.139,12.7703,0.39,0.04,3.18919,3.25161,0,0.501797,4.47552,4.08855e+06,2.79793e+06,1.30391e+07,0,0,0,0,99.3022,98.274,12.9441,1,1,1.8837,1.92057,0,1.20001,2.1168,8.49684e+06,3.73981e+06,1.60055e+07,0,0,0,0
77.9941,85.139,16.0851,0.35,0.04,3.18987,3.25231,0,0.597653,4.47552,4.08855e+06,2.79793e+06,1.3042e+07,0,0,0,0,99.3022,98.274,11.8026,1,1,1.88411,1.92098,0,1.45535,2.1168,8.49684e+06,3.73981e+06,1.60089e+07,0,0,0,0
85.139,85.139,16.1055,0.22,0.04,3.19056,3.25301,0,0.597782,4.47552,4.08855e+06,2.79793e+06,1.30448e+07,0,0,0,0,99.3022,98.274,20.7916,1,1,1.88451,1.9214,0,1.45566,2.1168,8.49684e+06,3.73981e+06,1.60124e+07,0,0,0,0
85.139,85.139,12.8135,0.11,0.04,3.19125,3.25372,0,0.597912,4.47552,4.08855e+06,2.79793e+06,1.30476e+07,0,0,0,0,99.3022,98.274,16.7167,1,1,1.88492,1.92181,0,1.45597,2.1168,8.49684e+06,3.73981e+06,1.60159e+07,0,0,0,0
85.139,85.139,12.218,0.12,0.04,2.8419,2.8419,0,0.598041,4.47552,4.08855e+06,2.70226e+06,1.16193e+07,0,0,0,0,99.3022,98.274,17.1822,0,1,1.65083,1.65083,0,1.45629,2.1168,8.49684e+06,3.61194e+06,1.40268e+07,0,0,0,0
85.139,85.139,8.38372,0.15,0.04,2.77906,2.84252,0,0.532572,4.47552,4.08855e+06,2.70226e+06,1.13623e+07,0,0,0,0,99.3022,98.274,11.1262,0,1,1.71464,1.65119,0,1.27543,2.1168,8.49684e+06,3.61194e+06,1.4569e+07,0,0,0,0
85.139,85.139,8.56711,0.17,0.04,2.78003,2.84313,0,0.520797,4.47552,4.08855e+06,2.70226e+06,1.13663e+07,0,0,0,0,99.3022,98.274,8.12551,0,1,1.71464,1.65154,0,1.32473,2.1168,8.49684e+06,3.61194e+06,1.4569e+07,0,0,0,0
85.139,85.139,5.88961,0.2,0.04,2.78101,2.84374,0,0.520978,4.47552,4.08855e+06,2.70226e+06,1.13703e+07,0,0,0,0,99.3022,98.274,5.64529,0,1,1.71464,1.6519,0,1.32473,2.1168,8.49684e+06,3.61194e+06,1.4569e+07,0,0,0,0
85.139,85.139,7.55678,0.21,0.04,2.78198,2.84436,0,0.52116,4.47552,4.08855e+06,2.70226e+06,1.13743e+07,0,0,0,0,99.3022,98.274,6.76987,0,1,1.71464,1.65226,0,1.32473,2.1168,8.49684e+06,3.61194e+06,1.4569e+07,0,0,0,0
85.139,85.139,9.34227,0.23,0.04,2.8869,2.94892,0,0.521342,4.47552,4.08855e+06,2.70226e+06,1.18032e+07,0,0,0,0,99.3022,98.274,7.80228,0,1,1.7811,1.71908,0,1.32473,2.1168,8.49684e+06,3.61194e+06,1.51338e+07,0,0,0,0
85.139,85.139,10.8611,0.23,0.04,2.94956,2.94956,0,0.541004,4.47552,4.08855e+06,2.70226e+06,1.20594e+07,0,0,0,0,99.3022,98.274,8.35905,0,1,1.71945,1.71945,0,1.37608,2.1168,8.49684e+06,3.61194e+06,1.46099e+07,0,0,0,0
85.139,85.139,10.6133,0.24,0.04,2.9502,2.9502,0,0.552747,4.47552,4.08855e+06,2.70226e+06,1.2062e+07,0,0,0,0,99.3022,98.274,8.16312,0,1,1.71982,1.71982,0,1.32845,2.1168,8.49684e+06,3.61194e+06,1.4613e+07,0,0,0,0
85.139,85.139,10.2752,0.23,0.04,2.95083,2.95083,0,0.552867,4.47552,4.08855e+06,2.70226e+06,1.20646e+07,0,0,0,0,99.3022,98.274,7.95139,0,1,1.72019,1.72019,0,1.32873,2.1168,8.49684e+06,3.61194e+06,1.46162e+07,0,0,0,0
85.139,85.139,7.9869,0.21,0.04,2.91079,2.91079,0,0.552986,4.47552,4.08855e+06,2.70226e+06,1.19009e+07,0,0,0,0,99.3022,98.274,7.95937,0,1,1.69473,1.69473,0,1.32902,2.1168,8.49684e+06,3.61194e+06,1.43998e+07,0,0,0,0
85.139,85.139,6.72938,0.19,0.04,2.89187,2.91142,0,0.545482,4.47552,4.08855e+06,2.70226e+06,1.18235e+07,0,0,0,0,99.3022,98.274,7.1063,0,1,1.71465,1.69509,0,1.30935,2.1168,8.49684e+06,3.61194e+06,1.45691e+07,0,0,0,0
85.139,85.139,5.66884,0.19,0.04,2.89286,2.91205,0,0.541936,4.47552,4.08855e+06,2.70226e+06,1.18276e+07,0,0,0,0,99.3022,98.274,6.30839,0,1,1.71465,1.69546,0,1.32474,2.1168,8.49684e+06,3.61194e+06,1.45691e+07,0,0,0,0
85.139,85.139,5.22642,0.17,0.04,2.89386,2.91268,0,0.542122,4.47552,4.08855e+06,2.70226e+06,1.18317e+07,0,0,0,0,99.3022,98.274,5.89584,0,1,1.71465,1.69582,0,1.32474,2.1168,8.49684e+06,3.61194e+06,1.45691e+07,0,0,0,0
85.139,85.139,5.43852,0.16,0.04,3.03305,3.0515,0,0.542309,4.47552,4.08855e+06,2.70226e+06,1.24008e+07,0,0,0,0,99.3022,98.274,6.24954,0,1,1.80635,1.7879,0,1.32474,2.1168,8.49684e+06,3.61194e+06,1.53483e+07,0,0,0,0
85.139,85.139,5.36693,0.15,0.04,3.05216,3.05216,0,0.568393,4.47552,4.08855e+06,2.70226e+06,1.24789e+07,0,0,0,0,99.3022,98.274,6.23976,0,1,1.78828,1.78828,0,1.39559,2.1168,8.49684e+06,3.61194e+06,1.51947e+07,0,0,0,0
85.139,85.139,4.7611,0.15,0.04,3.05282,3.05282,0,0.571975,4.47552,4.08855e+06,2.70226e+06,1.24816e+07,0,0,0,0,99.3022,98.274,5.70504,0,1,1.78867,1.78867,0,1.38163,2.1168,8.49684e+06,3.61194e+06,1.5198e+07,0,0,0,0
85.139,85.139,4.25741,0.14,0.04,3.05348,3.05348,0,0.572099,4.47552,4.08855e+06,2.70226e+06,1.24843e+07,0,0,0,0,99.3022,98.274,5.2806,0,1,1.78905,1.78905,0,1.38192,2.1168,8.49684e+06,3.61194e+06,1.52013e+07,0,0,0,0
85.139,85.139,4.39757,0.13,0.04,3.05414,3.05414,0,0.572222,4.47552,4.08855e+06,2.70226e+06,1.2487e+07,0,0,0,0,99.3022,98.274,5.28592,0,1,1.78944,1.78944,0,1.38222,2.1168,8.49684e+06,3.61194e+06,1.52046e+07,0,0,0,0
85.139,85.139,4.72937,0.12,0.04,3.02744,3.02744,0,0.572346,4.47552,4.08855e+06,2.70226e+06,1.23778e+07,0,0,0,0,99.3022,98.274,5.40671,0,1,1.84028,1.84028,0,1.38252,2.1168,8.49684e+06,3.61194e+06,1.56366e+07,0,0,0,0
85.139,85.139,4.40935,0.12,0.04,3.02809,3.02809,0,0.567342,4.47552,4.08855e+06,2.70226e+06,1.23805e+07,0,0,0,0,99.3022,98.274,5.16745,0,1,1.84068,1.84068,0,1.4218,2.1168,8.49684e+06,3.61194e+06,1.564e+07,0,0,0,0
85.139,85.139,3.89566,0.1,0.04,3.02875,3.02875,0,0.567464,4.47552,4.08855e+06,2.70226e+06,1.23832e+07,0,0,0,0,99.3022,98.274,5.07649,0,1,1.84108,1.84108,0,1.42211,2.1168,8.49684e+06,3.61194e+06,1.56433e+07,0,0,0,0
85.139,85.139,3.8217,0.1,0.04,3.0294,3.0294,0,0.567587,4.47552,4.08855e+06,2.70226e+06,1.23859e+07,0,0,0,0,99.3022,98.274,5.17745,0,1,1.84147,1.84147,0,1.42242,2.1168,8.49684e+06,3.61194e+06,1.56467e+07,0,0,0,0
85.139,85.139,3.76886,0.1,0.04,3.10077,3.10077,0,0.567709,4.47552,4.08855e+06,2.70226e+06,1.26776e+07,0,0,0,0,99.3022,98.274,3.88109,0,1,1.88688,1.88688,0,1.42272,2.1168,8.49684e+06,3.61194e+06,1.60325e+07,0,0,0,0
85.139,85.139,3.48945,0.1,0.04,3.10144,3.10144,0,0.581084,4.47552,4.08855e+06,2.70226e+06,1.26804e+07,0,0,0,0,99.3022,98.274,3.94707,0,1,1.88729,1.88729,0,1.4578,2.1168,8.49684e+06,3.61194e+06,1.6036e+07,0,0,0,0
85.1088,85.139,3.23305,0.1,0.04,3.10211,3.10211,0,0.581209,4.47552,4.08855e+06,2.70226e+06,1.26831e+07,0,0,0,0,99.3022,98.274,3.50994,0,1,1.88769,1.88769,0,1.45812,2.1168,8.49684e+06,3.61194e+06,1.60394e+07,0,0,0,0
85.139,85.139,3.29132,0.16,0.04,3.10278,3.10278,0,0.581335,4.47552,4.08855e+06,2.70226e+06,1.26859e+07,0,0,0,0,99.3022,98.274,3.98681,0,1,1.8881,1.8881,0,1.45843,2.1168,8.49684e+06,3.61194e+06,1.60429e+07,0,0,0,0
85.139,85.139,3.52569,0.1,0.04,3.24715,3.31071,0,0.58146,4.47552,4.08855e+06,2.79793e+06,1.32761e+07,0,0,0,0,99.2155,98.274,3.7786,1,1,2.01172,2.0511,0,1.45875,2.1168,8.49684e+06,3.73981e+06,1.70933e+07,0,0,0,0
85.139,85.139,3.39004,0.1,0.04,3.24785,3.31142,0,0.608516,4.47552,4.08855e+06,2.79793e+06,1.3279e+07,0,0,0,0,98.9663,98.274,3.48354,1,1,2.01216,2.05154,0,1.55426,2.1168,8.49684e+06,3.73981e+06,1.7097e+07,0,0,0,0
85.139,85.139,3.64777,0.09,0.04,3.24855,3.31214,0,0.608648,4.47552,4.08855e+06,2.79793e+06,1.32819e+07,0,0,0,0,98.8694,98.274,4.26753,1,1,2.01259,2.05199,0,1.55459,2.1168,8.49684e+06,3.73981e+06,1.71007e+07,0,0,0,0
84.7463,85.139,3.02268,0.1,0.04,3.24925,3.31285,0,0.608779,4.47552,4.08855e+06,2.79793e+06,1.32847e+07,0,0,0,0,98.5531,98.274,2.98481,1,1,2.01303,2.05243,0,1.55493,2.1168,8.49684e+06,3.73981e+06,1.71044e+07,0,0,0,0
84.6862,85.139,3.31811,0.15,0.04,3.24995,3.31357,0,0.60891,4.47552,4.08855e+06,2.79793e+06,1.32876e+07,0,0,0,0,98.583,98.274,5.21751,1,1,2.01346,2.05287,0,1.55526,2.1168,8.49684e+06,3.73981e+06,1.71081e+07,0,0,0,0
83.0395,85.139,1.58972,0.15,0.04,3.15147,3.21316,0,0.609041,4.47552,4.08855e+06,2.79793e+06,1.2885e+07,0,0,0,0,98.1633,98.274,2.15861,1,1,1.917,1.95452,0,1.5556,2.1168,8.49684e+06,3.73981e+06,1.62884e+07,0,0,0,0
81.9846,85.139,2.21137,0.13,0.04,3.15215,3.21385,0,0.590586,4.47552,4.08855e+06,2.79793e+06,1.28877e+07,0,0,0,0,97.8023,98.274,2.38402,1,1,1.91741,1.95494,0,1.48107,2.1168,8.49684e+06,3.73981e+06,1.62919e+07,0,0,0,0
81.7231,85.139,3.09224,0.12,0.04,3.15283,3.21455,0,0.590714,4.47552,4.08855e+06,2.79793e+06,1.28905e+07,0,0,0,0,97.7266,98.274,3.93737,1,1,1.91782,1.95536,0,1.48139,2.1168,8.49684e+06,3.73981e+06,1.62954e+07,0,0,0,0
81.0278,85.139,2.71697,0.12,0.04,3.15351,3.21524,0,0.590841,4.47552,4.08855e+06,2.79793e+06,1.28933e+07,0,0,0,0,97.4664,98.274,2.83418,1,1,1.91824,1.95578,0,1.48171,2.1168,8.49684e+06,3.73981e+06,1.6299e+07,0,0,0,0
80.4729,85.139,2.97756,0.12,0.04,3.13286,3.13286,0,0.590968,4.47552,4.08855e+06,2.70226e+06,1.28088e+07,0,0,0,0,97.5768,98.274,4.26987,0,1,1.8662,1.8662,0,1.48203,2.1168,8.49684e+06,3.61194e+06,1.58568e+07,0,0,0,0
80.4486,85.139,3.35336,0.11,0.04,3.13353,3.13353,0,0.587097,4.47552,4.08855e+06,2.70226e+06,1.28116e+07,0,0,0,0,97.7743,98.274,4.61278,0,1,1.8666,1.8666,0,1.44183,2.1168,8.49684e+06,3.61194e+06,1.58602e+07,0,0,0,0
80.2825,85.139,3.33779,0.11,0.04,3.13421,3.13421,0,0.587224,4.47552,4.08855e+06,2.70226e+06,1.28144e+07,0,0,0,0,97.7994,98.274,3.35357,0,1,1.86701,1.86701,0,1.44214,2.1168,8.49684e+06,3.61194e+06,1.58637e+07,0,0,0,0
80.0156,85.139,3.26555,0.12,0.04,3.13488,3.13488,0,0.587351,4.47552,4.08855e+06,2.70226e+06,1.28171e+07,0,0,0,0,97.8284,98.274,3.52166,0,1,1.86741,1.86741,0,1.44245,2.1168,8.49684e+06,3.61194e+06,1.58671e+07,0,0,0,0
83.5082,85.139,7.03776,0.13,0.04,2.89942,2.89942,0,0.587477,4.47552,4.08855e+06,2.70226e+06,1.18544e+07,0,0,0,0,98.2925,98.274,5.48972,0,1,1.6802,1.6802,0,1.44276,2.1168,8.49684e+06,3.61194e+06,1.42764e+07,0,0,0,0
85.139,85.139,5.45234,0.14,0.04,2.86596,2.90004,0,0.543351,4.47552,4.08855e+06,2.70226e+06,1.17176e+07,0,0,0,0,98.3762,98.274,4.47541,0,1,1.71464,1.68056,0,1.29812,2.1168,8.49684e+06,3.61194e+06,1.4569e+07,0,0,0,0
85.139,85.139,4.81039,0.13,0.04,2.86694,2.90067,0,0.53708,4.47552,4.08855e+06,2.70226e+06,1.17216e+07,0,0,0,0,98.5502,98.274,5.03324,0,1,1.71464,1.68092,0,1.32473,2.1168,8.49684e+06,3.61194e+06,1.4569e+07,0,0,0,0
85.139,85.139,6.1511,0.13,0.04,2.86793,2.90129,0,0.537265,4.47552,4.08855e+06,2.70226e+06,1.17257e+07,0,0,0,0,99.3022,98.274,7.09176,0,1,1.71464,1.68128,0,1.32473,2.1168,8.49684e+06,3.61194e+06,1.4569e+07,0,0,0,0
85.139,85.139,7.7089,0.16,0.04,2.86892,2.90192,0,0.53745,4.47552,4.08855e+06,2.70226e+06,1.17297e+07,0,0,0,0,99.3022,98.274,5.50068,0,1,1.71464,1.68164,0,1.32473,2.1168,8.49684e+06,3.61194e+06,1.4569e+07,0,0,0,0
85.139,85.139,3.75465,0.22,0.06,2.96082,2.99346,0,0.537635,4.47552,4.08855e+06,2.70226e+06,1.21055e+07,0,0,0,0,99.3022,98.274,3.91308,0,1,1.76902,1.73638,0,1.32473,2.1168,8.49684e+06,3.61194e+06,1.50311e+07,0,0,0,0
85.139,85.139,3.66257,0.22,0.06,2.99407,2.99407,0,0.554858,4.47552,4.08855e+06,2.70226e+06,1.22414e+07,0,0,0,0,99.3022,98.274,4.12206,0,1,1.73674,1.73674,0,1.36674,2.1168,8.49684e+06,3.61194e+06,1.47568e+07,0,0,0,0
85.139,85.139,4.01842,0.21,0.06,2.99469,2.99469,0,0.561089,4.47552,4.08855e+06,2.70226e+06,1.22439e+07,0,0,0,0,99.3022,98.274,5.072,0,1,1.7371,1.7371,0,1.34181,2.1168,8.49684e+06,3.61194e+06,1.47599e+07,0,0,0,0
85.139,85.139,5.61972,0.21,0.06,2.99531,2.99531,0,0.561205,4.47552,4.08855e+06,2.70226e+06,1.22465e+07,0,0,0,0,99.3022,98.274,4.72029,0,1,1.73746,1.73746,0,1.34208,2.1168,8.49684e+06,3.61194e+06,1.47629e+07,0,0,0,0
85.139,85.139,4.09683,0.25,0.06,3.22502,3.28814,0,0.561321,4.47552,4.08855e+06,2.79793e+06,1.31856e+07,0,0,0,0,99.3022,98.274,4.58368,1,1,1.90486,1.94215,0,1.34236,2.1168,8.49684e+06,3.73981e+06,1.61853e+07,0,0,0,0
85.139,85.139,4.52182,0.24,0.06,3.22568,3.28882,0,0.604368,4.47552,4.08855e+06,2.79793e+06,1.31884e+07,0,0,0,0,99.3022,98.274,5.42349,1,1,1.90526,1.94255,0,1.4717,2.1168,8.49684e+06,3.73981e+06,1.61887e+07,0,0,0,0
85.139,85.139,6.50288,0.25,0.06,3.22635,3.2895,0,0.604493,4.47552,4.08855e+06,2.79793e+06,1.31911e+07,0,0,0,0,99.3022,98.274,6.47702,1,1,1.90565,1.94295,0,1.472,2.1168,8.49684e+06,3.73981e+06,1.6192e+07,0,0,0,0
85.139,85.139,4.20407,0.28,0.06,3.22701,3.29018,0,0.604617,4.47552,4.08855e+06,2.79793e+06,1.31938e+07,0,0,0,0,99.3022,98.274,5.12707,1,1,1.90604,1.94335,0,1.4723,2.1168,8.49684e+06,3.73981e+06,1.61953e+07,0,0,0,0
85.139,85.139,4.22432,0.27,0.06,2.87372,2.87372,0,0.604742,4.47552,4.08855e+06,2.70226e+06,1.17493e+07,0,0,0,0,99.3022,98.274,4.25105,0,1,1.66931,1.66931,0,1.47261,2.1168,8.49684e+06,3.61194e+06,1.41839e+07,0,0,0,0
85.139,85.139,4.07603,0.28,0.06,2.82934,2.87431,0,0.538535,4.47552,4.08855e+06,2.70226e+06,1.15679e+07,0,0,0,0,99.3022,98.274,4.03256,0,1,1.71462,1.66965,0,1.28971,2.1168,8.49684e+06,3.61194e+06,1.45689e+07,0,0,0,0
85.139,85.139,3.85335,0.28,0.06,2.83028,2.8749,0,0.530219,4.47552,4.08855e+06,2.70226e+06,1.15717e+07,0,0,0,0,99.3022,98.274,3.67155,0,1,1.71462,1.67,0,1.32472,2.1168,8.49684e+06,3.61194e+06,1.45689e+07,0,0,0,0
85.139,85.139,4.92667,0.27,0.06,2.83122,2.8755,0,0.530394,4.47552,4.08855e+06,2.70226e+06,1.15756e+07,0,0,0,0,99.3022,98.274,6.31207,0,1,1.71462,1.67034,0,1.32472,2.1168,8.49684e+06,3.61194e+06,1.45689e+07,0,0,0,0
85.139,85.139,6.28865,0.27,0.06,2.83215,2.87609,0,0.53057,4.47552,4.08855e+06,2.70226e+06,1.15794e+07,0,0,0,0,99.3022,98.274,7.20208,0,1,1.71462,1.67069,0,1.32472,2.1168,8.49684e+06,3.61194e+06,1.45689e+07,0,0,0,0
84.9261,85.139,3.21404,0.27,0.06,2.9382,2.98179,0,0.530745,4.47552,4.08855e+06,2.70226e+06,1.2013e+07,0,0,0,0,99.3022,98.274,4.17332,0,1,1.78183,1.73824,0,1.32472,2.1168,8.49684e+06,3.61194e+06,1.51399e+07,0,0,0,0
85.139,85.139,4.39278,0.33,0.06,2.9824,2.9824,0,0.550618,4.47552,4.08855e+06,2.70226e+06,1.21937e+07,0,0,0,0,99.3022,98.274,5.08671,0,1,1.7386,1.7386,0,1.37664,2.1168,8.49684e+06,3.61194e+06,1.47726e+07,0,0,0,0
85.139,85.139,3.75043,0.25,0.06,2.98302,2.98302,0,0.558903,4.47552,4.08855e+06,2.70226e+06,1.21962e+07,0,0,0,0,99.3022,98.274,4.03234,0,1,1.73896,1.73896,0,1.34324,2.1168,8.49684e+06,3.61194e+06,1.47756e+07,0,0,0,0
84.4917,85.139,2.72919,0.25,0.06,2.98363,2.98363,0,0.559018,4.47552,4.08855e+06,2.70226e+06,1.21987e+07,0,0,0,0,99.3022,98.274,3.26485,0,1,1.73931,1.73931,0,1.34352,2.1168,8.49684e+06,3.61194e+06,1.47787e+07,0,0,0,0
83.9371,85.139,2.81176,0.31,0.06,2.94312,2.94312,0,0.559133,4.47552,4.08855e+06,2.70226e+06,1.20331e+07,0,0,0,0,99.3022,98.274,3.39018,0,1,1.71355,1.71355,0,1.34379,2.1168,8.49684e+06,3.61194e+06,1.45598e+07,0,0,0,0
83.43,85.139,2.83292,0.31,0.06,2.943,2.94373,0,0.551541,4.47552,4.08855e+06,2.70226e+06,1.20326e+07,0,0,0,0,99.3022,98.274,3.17027,0,1,1.71463,1.7139,0,1.32389,2.1168,8.49684e+06,3.61194e+06,1.4569e+07,0,0,0,0
82.6437,85.139,2.46682,0.28,0.06,2.94395,2.94433,0,0.551517,4.47552,4.08855e+06,2.70226e+06,1.20365e+07,0,0,0,0,99.3022,98.274,2.84353,0,1,1.71463,1.71426,0,1.32473,2.1168,8.49684e+06,3.61194e+06,1.4569e+07,0,0,0,0
81.713,85.139,2.31169,0.24,0.06,2.94491,2.94494,0,0.551697,4.47552,4.08855e+06,2.70226e+06,1.20404e+07,0,0,0,0,99.3022,98.274,3.17136,0,1,1.71463,1.71461,0,1.32473,2.1168,8.49684e+06,3.61194e+06,1.4569e+07,0,0,0,0
80.5447,85.139,2.19683,0.25,0.06,3.08527,3.08527,0,0.551877,4.47552,4.08855e+06,2.70226e+06,1.26143e+07,0,0,0,0,99.1947,98.274,2.66445,0,1,1.80768,1.80768,0,1.32473,2.1168,8.49684e+06,3.61194e+06,1.53596e+07,0,0,0,0
79.0845,85.139,1.83398,0.24,0.06,3.08591,3.08591,0,0.57818,4.47552,4.08855e+06,2.70226e+06,1.26169e+07,0,0,0,0,99.2273,98.274,2.16042,0,1,1.80805,1.80805,0,1.39662,2.1168,8.49684e+06,3.61194e+06,1.53628e+07,0,0,0,0
77.5292,85.139,1.69432,0.3,0.06,3.08655,3.08655,0,0.578299,4.47552,4.08855e+06,2.70226e+06,1.26195e+07,0,0,0,0,99.1788,98.274,2.17289,0,1,1.80843,1.80843,0,1.3969,2.1168,8.49684e+06,3.61194e+06,1.53659e+07,0,0,0,0
75.9365,85.139,1.63928,0.28,0.06,3.08718,3.08718,0,0.578419,4.47552,4.08855e+06,2.70226e+06,1.26221e+07,0,0,0,0,99.0604,98.274,2.16386,0,1,1.8088,1.8088,0,1.39719,2.1168,8.49684e+06,3.61194e+06,1.53691e+07,0,0,0,0
74.1596,85.139,1.4165,0.27,0.06,3.08782,3.08782,0,0.578538,4.47552,4.08855e+06,2.70226e+06,1.26247e+07,0,0,0,0,98.8561,98.274,1.9452,0,1,1.80917,1.80917,0,1.39748,2.1168,8.49684e+06,3.61194e+06,1.53723e+07,0,0,0,0
72.0795,85.139,1.02267,0.26,0.06,3.06079,3.06079,0,0.578657,4.47552,4.08855e+06,2.70226e+06,1.25142e+07,0,0,0,0,98.4478,98.274,1.80985,0,1,1.86056,1.86056,0,1.39777,2.1168,8.49684e+06,3.61194e+06,1.58089e+07,0,0,0,0
69.9347,85.139,0.936454,0.3,0.06,3.06142,3.06142,0,0.573593,4.47552,4.08855e+06,2.70226e+06,1.25168e+07,0,0,0,0,98.0273,98.274,1.6056,0,1,1.86094,1.86094,0,1.43747,2.1168,8.49684e+06,3.61194e+06,1.58121e+07,0,0,0,0
67.7555,85.139,0.859557,0.28,0.06,3.06205,3.06205,0,0.573711,4.47552,4.08855e+06,2.70226e+06,1.25194e+07,0,0,0,0,97.5116,98.274,1.57209,0,1,1.86132,1.86132,0,1.43776,2.1168,8.49684e+06,3.61194e+06,1.58154e+07,0,0,0,0
65.5587,85.139,0.803727,0.32,0.06,3.06268,3.06268,0,0.573829,4.47552,4.08855e+06,2.70226e+06,1.25219e+07,0,0,0,0,96.9073,98.274,1.51318,0,1,1.86171,1.86171,0,1.43806,2.1168,8.49684e+06,3.61194e+06,1.58186e+07,0,0,0,0
63.4592,85.139,0.893212,0.32,0.06,3.07463,3.13481,0,0.573947,4.47552,4.08855e+06,2.79793e+06,1.25708e+07,0,0,0,0,96.2926,98.274,1.52162,1,1,1.87097,1.90759,0,1.43836,2.1168,8.49684e+06,3.73981e+06,1.58973e+07,0,0,0,0
61.3314,85.139,0.840975,0.29,0.06,3.07526,3.13545,0,0.576185,4.47552,4.08855e+06,2.79793e+06,1.25734e+07,0,0,0,0,95.5967,98.274,1.47511,1,1,1.87136,1.90799,0,1.44551,2.1168,8.49684e+06,3.73981e+06,1.59006e+07,0,0,0,0
59.1526,85.139,0.763472,0.34,0.06,3.07589,3.1361,0,0.576304,4.47552,4.08855e+06,2.79793e+06,1.25759e+07,0,0,0,0,94.867,98.274,1.35659,1,1,1.87174,1.90838,0,1.44581,2.1168,8.49684e+06,3.73981e+06,1.59039e+07,0,0,0,0
56.9217,85.139,0.671756,0.31,0.06,3.07653,3.13674,0,0.576422,4.47552,4.08855e+06,2.79793e+06,1.25785e+07,0,0,0,0,94.0451,98.274,1.34181,1,1,1.87213,1.90877,0,1.44611,2.1168,8.49684e+06,3.73981e+06,1.59072e+07,0,0,0,0
54.4848,85.139,0.604567,0.3,0.06,3.28267,3.34692,0,0.576541,4.47552,4.08855e+06,2.79793e+06,1.34214e+07,0,0,0,0,92.9802,98.274,1.20554,1,1,2.03373,2.07354,0,1.44641,2.1168,8.49684e+06,3.73981e+06,1.72803e+07,0,0,0,0
52.1456,85.139,0.665842,0.35,0.06,3.28335,3.34761,0,0.615172,4.47552,4.08855e+06,2.79793e+06,1.34241e+07,0,0,0,0,91.8417,98.274,1.13006,1,1,2.03415,2.07396,0,1.57126,2.1168,8.49684e+06,3.73981e+06,1.72838e+07,0,0,0,0
49.7666,85.139,0.59986,0.34,0.06,3.28402,3.3483,0,0.615299,4.47552,4.08855e+06,2.79793e+06,1.34269e+07,0,0,0,0,90.7279,98.274,1.08365,1,1,2.03457,2.07439,0,1.57158,2.1168,8.49684e+06,3.73981e+06,1.72874e+07,0,0,0,0
47.4385,85.139,0.604852,0.38,0.06,3.2847,3.34899,0,0.615426,4.47552,4.08855e+06,2.79793e+06,1.34297e+07,0,0,0,0,89.8471,98.274,1.17615,1,1,2.03498,2.07482,0,1.57191,2.1168,8.49684e+06,3.73981e+06,1.72909e+07,0,0,0,0
45.1353,85.139,0.639091,0.38,0.06,3.28537,3.34968,0,0.615552,4.47552,4.08855e+06,2.79793e+06,1.34324e+07,0,0,0,0,89.1216,98.274,1.38808,1,1,2.0354,2.07524,0,1.57223,2.1168,8.49684e+06,3.73981e+06,1.72945e+07,0,0,0,0
42.9947,85.139,0.743398,0.39,0.06,3.18579,3.24815,0,0.615679,4.47552,4.08855e+06,2.79793e+06,1.30253e+07,0,0,0,0,88.6735,98.274,1.7295,1,1,1.93787,1.9758,0,1.57255,2.1168,8.49684e+06,3.73981e+06,1.64658e+07,0,0,0,0
40.8273,85.139,0.719196,0.39,0.06,3.18645,3.24882,0,0.597017,4.47552,4.08855e+06,2.79793e+06,1.30279e+07,0,0,0,0,88.0128,98.274,1.58327,1,1,1.93827,1.97621,0,1.4972,2.1168,8.49684e+06,3.73981e+06,1.64692e+07,0,0,0,0
38.5402,85.139,0.596165,0.37,0.06,3.1871,3.24948,0,0.59714,4.47552,4.08855e+06,2.79793e+06,1.30306e+07,0,0,0,0,87.481,98.274,1.41323,1,1,1.93867,1.97662,0,1.49751,2.1168,8.49684e+06,3.73981e+06,1.64726e+07,0,0,0,0
36.7741,85.139,0.840676,0.44,0.06,2.93817,3.25015,0,0.597263,4.47552,4.08855e+06,2.79793e+06,1.20129e+07,0,0,0,0,87.2892,98.274,1.76041,1,1,1.78725,1.97702,0,1.49782,2.1168,8.49684e+06,3.73981e+06,1.5186e+07,0,0,0,0
36.3012,85.139,2.12336,0.44,0.06,2.86286,3.16685,0,0.550614,4.47552,4.08855e+06,3.35751e+06,1.1705e+07,0,0,0,0,87.1273,98.274,1.93653,0,1,1.70537,1.88645,0,1.38083,2.1168,8.49684e+06,4.48777e+06,1.44902e+07,0,0,0,0
34.9964,85.139,1.30336,0.44,0.06,2.86345,3.1675,0,0.5365,4.47552,4.08855e+06,3.35751e+06,1.17074e+07,0,0,0,0,87.0883,98.274,1.70779,0,1,1.70572,1.88684,0,1.31757,2.1168,8.49684e+06,4.48777e+06,1.44932e+07,0,0,0,0
36.2715,85.139,4.03916,0.44,0.06,2.86404,3.16815,0,0.536611,4.47552,4.08855e+06,3.35751e+06,1.17098e+07,0,0,0,0,88.0217,98.274,5.32193,0,1,1.70607,1.88722,0,1.31784,2.1168,8.49684e+06,4.48777e+06,1.44962e+07,0,0,0,0
36.8401,85.139,3.31421,0.44,0.06,2.86463,3.1688,0,0.536721,4.47552,4.08855e+06,3.35751e+06,1.17122e+07,0,0,0,0,88.7467,98.274,3.09026,0,1,1.70642,1.88761,0,1.31811,2.1168,8.49684e+06,4.48777e+06,1.44992e+07,0,0,0,0
38.6621,85.139,4.426,0.45,0.06,2.64944,2.93076,0,0.536832,4.47552,4.08855e+06,3.35751e+06,1.08324e+07,0,0,0,0,89.4209,98.274,3.53002,0,1,1.53533,1.69836,0,1.31838,2.1168,8.49684e+06,4.48777e+06,1.30455e+07,0,0,0,0
40.1552,85.139,4.09623,0.49,0.06,2.63406,2.93136,0,0.496504,4.47552,4.08855e+06,3.35751e+06,1.07695e+07,0,0,0,0,89.1857,98.274,2.36617,0,1,1.55157,1.69871,0,1.1862,2.1168,8.49684e+06,4.48777e+06,1.31835e+07,0,0,0,0
39.9705,85.139,2.32751,0.43,0.06,2.63495,2.93196,0,0.493623,4.47552,4.08855e+06,3.35751e+06,1.07731e+07,0,0,0,0,89.4412,98.274,1.69429,0,1,1.55154,1.69906,0,1.19874,2.1168,8.49684e+06,4.48777e+06,1.31832e+07,0,0,0,0
43.0326,85.139,5.59956,0.48,0.06,2.63585,2.93257,0,0.49379,4.47552,4.08855e+06,3.35751e+06,1.07768e+07,0,0,0,0,89.6784,98.274,2.96255,0,1,1.5515,1.69941,0,1.19872,2.1168,8.49684e+06,4.48777e+06,1.31829e+07,0,0,0,0
47.0719,85.139,6.78367,0.51,0.06,2.63674,2.93317,0,0.493958,4.47552,4.08855e+06,3.35751e+06,1.07805e+07,0,0,0,0,90.112,98.274,3.60319,0,1,1.55147,1.69976,0,1.19869,2.1168,8.49684e+06,4.48777e+06,1.31826e+07,0,0,0,0
46.8781,85.139,2.64189,0.48,0.06,2.72071,3.02567,0,0.494126,4.47552,4.08855e+06,3.35751e+06,1.11238e+07,0,0,0,0,90.3299,98.274,2.78336,0,1,1.60112,1.75507,0,1.19867,2.1168,8.49684e+06,4.48777e+06,1.36045e+07,0,0,0,0
48.5148,85.139,4.52688,0.5,0.06,2.73577,3.02626,0,0.509861,4.47552,4.08855e+06,3.35751e+06,1.11853e+07,0,0,0,0,91.0402,98.274,3.7718,0,1,1.58691,1.75541,0,1.23703,2.1168,8.49684e+06,4.48777e+06,1.34837e+07,0,0,0,0
52.1872,85.139,6.64114,0.55,0.06,2.73631,3.02686,0,0.512684,4.47552,4.08855e+06,3.35751e+06,1.11875e+07,0,0,0,0,91.9067,98.274,4.36691,0,1,1.58722,1.75576,0,1.22605,2.1168,8.49684e+06,4.48777e+06,1.34864e+07,0,0,0,0
59.5264,85.139,10.6051,0.51,0.06,2.73685,3.02745,0,0.512784,4.47552,4.08855e+06,3.35751e+06,1.11897e+07,0,0,0,0,93.114,98.274,5.76483,0,1,1.58754,1.7561,0,1.22629,2.1168,8.49684e+06,4.48777e+06,1.3489e+07,0,0,0,0
61.101,85.139,4.90874,0.46,0.06,3.00438,3.32339,0,0.512885,4.47552,4.08855e+06,2.79793e+06,1.22836e+07,0,0,0,0,93.634,98.274,3.55246,1,1,1.77455,1.96297,0,1.22653,2.1168,8.49684e+06,3.73981e+06,1.5078e+07,0,0,0,0
61.0973,85.139,3.15386,0.47,0.06,3.00497,3.32405,0,0.563021,4.47552,4.08855e+06,2.79793e+06,1.2286e+07,0,0,0,0,93.8159,98.274,2.72342,1,1,1.77489,1.96336,0,1.37101,2.1168,8.49684e+06,3.73981e+06,1.5081e+07,0,0,0,0
61.8038,85.139,3.94701,0.48,0.06,3.00556,3.3247,0,0.563132,4.47552,4.08855e+06,2.79793e+06,1.22884e+07,0,0,0,0,94.1325,98.274,3.21126,1,1,1.77524,1.96374,0,1.37128,2.1168,8.49684e+06,3.73981e+06,1.5084e+07,0,0,0,0
62.9541,85.139,4.44826,0.5,0.06,3.00616,3.32535,0,0.563243,4.47552,4.08855e+06,2.79793e+06,1.22908e+07,0,0,0,0,94.2717,98.274,3.37905,1,1,1.77559,1.96413,0,1.37155,2.1168,8.49684e+06,3.73981e+06,1.50869e+07,0,0,0,0
63.2941,85.139,3.27063,0.41,0.06,2.62562,2.90442,0,0.563354,4.47552,4.08855e+06,3.35751e+06,1.0735e+07,0,0,0,0,94.0695,98.274,2.47914,0,1,1.52519,1.68714,0,1.37182,2.1168,8.49684e+06,4.48777e+06,1.29593e+07,0,0,0,0
63.5009,85.139,3.14482,0.46,0.06,2.599,2.90499,0,0.492042,4.47552,4.08855e+06,3.35751e+06,1.06261e+07,0,0,0,0,94.4477,98.274,2.03244,0,1,1.55263,1.68747,0,1.17836,2.1168,8.49684e+06,4.48777e+06,1.31925e+07,0,0,0,0
64.6272,85.139,4.08992,0.52,0.06,2.59985,2.90556,0,0.487053,4.47552,4.08855e+06,3.35751e+06,1.06296e+07,0,0,0,0,94.9103,98.274,2.90595,0,1,1.5526,1.6878,0,1.19956,2.1168,8.49684e+06,4.48777e+06,1.31922e+07,0,0,0,0
66.3135,85.139,4.67291,0.58,0.06,2.60069,2.90613,0,0.487211,4.47552,4.08855e+06,3.35751e+06,1.06331e+07,0,0,0,0,95.7468,98.274,5.81269,0,1,1.55257,1.68814,0,1.19954,2.1168,8.49684e+06,4.48777e+06,1.31919e+07,0,0,0,0
66.8606,85.139,3.49993,0.65,0.06,2.60154,2.9067,0,0.48737,4.47552,4.08855e+06,3.35751e+06,1.06365e+07,0,0,0,0,96.1114,98.274,2.81841,0,1,1.55254,1.68847,0,1.19951,2.1168,8.49684e+06,4.48777e+06,1.31917e+07,0,0,0,0
66.9967,85.139,3.19015,0.67,0.06,2.69842,3.0135,0,0.487529,4.47552,4.08855e+06,3.35751e+06,1.10326e+07,0,0,0,0,96.323,98.274,2.76995,0,1,1.61391,1.75672,0,1.19949,2.1168,8.49684e+06,4.48777e+06,1.37131e+07,0,0,0,0
66.5604,85.139,2.59722,0.7,0.06,2.72477,3.01409,0,0.505684,4.47552,4.08855e+06,3.35751e+06,1.11403e+07,0,0,0,0,96.3609,98.274,2.33908,0,1,1.58841,1.75707,0,1.2469,2.1168,8.49684e+06,4.48777e+06,1.34964e+07,0,0,0,0
66.2407,85.139,2.68105,0.72,0.06,2.7253,3.01468,0,0.510621,4.47552,4.08855e+06,3.35751e+06,1.11425e+07,0,0,0,0,96.3124,98.274,2.25189,0,1,1.58872,1.75741,0,1.2272,2.1168,8.49684e+06,4.48777e+06,1.34991e+07,0,0,0,0
65.5403,85.139,2.25582,0.71,0.06,2.72584,3.01527,0,0.510722,4.47552,4.08855e+06,3.35751e+06,1.11447e+07,0,0,0,0,96.3223,98.274,2.0197,0,1,1.58903,1.75776,0,1.22744,2.1168,8.49684e+06,4.48777e+06,1.35017e+07,0,0,0,0
64.6582,85.139,1.99351,0.71,0.06,2.6888,2.9743,0,0.510822,4.47552,4.08855e+06,3.35751e+06,1.09933e+07,0,0,0,0,96.4196,98.274,2.23855,0,1,1.56548,1.7317,0,1.22769,2.1168,8.49684e+06,4.48777e+06,1.33016e+07,0,0,0,0
63.6487,85.139,1.8461,0.71,0.06,2.68932,2.97488,0,0.50388,4.47552,4.08855e+06,3.35751e+06,1.09954e+07,0,0,0,0,96.7067,98.274,2.31635,0,1,1.56578,1.73204,0,1.20949,2.1168,8.49684e+06,4.48777e+06,1.33042e+07,0,0,0,0
63.6509,85.139,2.88553,0.7,0.06,2.68985,2.97547,0,0.503979,4.47552,4.08855e+06,3.35751e+06,1.09976e+07,0,0,0,0,97.0493,98.274,2.69567,0,1,1.56609,1.73238,0,1.20972,2.1168,8.49684e+06,4.48777e+06,1.33068e+07,0,0,0,0
62.6861,85.139,1.84041,0.72,0.06,2.69038,2.97605,0,0.504078,4.47552,4.08855e+06,3.35751e+06,1.09998e+07,0,0,0,0,97.0165,98.274,2.30384,0,1,1.5664,1.73272,0,1.20996,2.1168,8.49684e+06,4.48777e+06,1.33094e+07,0,0,0,0
61.4558,85.139,1.63873,0.71,0.06,2.81856,3.11784,0,0.504177,4.47552,4.08855e+06,3.35751e+06,1.15238e+07,0,0,0,0,96.8913,98.274,1.87604,0,1,1.65141,1.82676,0,1.2102,2.1168,8.49684e+06,4.48777e+06,1.40318e+07,0,0,0,0
60.1341,85.139,1.49617,0.74,0.06,2.81911,3.11845,0,0.528198,4.47552,4.08855e+06,3.35751e+06,1.15261e+07,0,0,0,0,96.783,98.274,1.8341,0,1,1.65174,1.82712,0,1.27588,2.1168,8.49684e+06,4.48777e+06,1.40345e+07,0,0,0,0
58.8091,85.139,1.47551,0.74,0.06,2.81967,3.11906,0,0.528302,4.47552,4.08855e+06,3.35751e+06,1.15283e+07,0,0,0,0,96.6459,98.274,1.86818,0,1,1.65206,1.82748,0,1.27613,2.1168,8.49684e+06,4.48777e+06,1.40373e+07,0,0,0,0
57.4095,85.139,1.37999,0.73,0.06,2.82022,3.11968,0,0.528405,4.47552,4.08855e+06,3.35751e+06,1.15306e+07,0,0,0,0,96.4858,98.274,1.7593,0,1,1.65238,1.82784,0,1.27638,2.1168,8.49684e+06,4.48777e+06,1.40401e+07,0,0,0,0
56.0392,85.139,1.37045,0.69,0.06,2.82077,3.12029,0,0.528509,4.47552,4.08855e+06,3.35751e+06,1.15329e+07,0,0,0,0,96.5208,98.274,1.75765,0,1,1.65271,1.8282,0,1.27663,2.1168,8.49684e+06,4.48777e+06,1.40428e+07,0,0,0,0
55.0949,85.139,1.76558,0.75,0.06,2.79606,3.09295,0,0.528613,4.47552,4.08855e+06,3.35751e+06,1.14318e+07,0,0,0,0,96.5313,98.274,2.2959,0,1,1.69963,1.8801,0,1.27688,2.1168,8.49684e+06,4.48777e+06,1.44415e+07,0,0,0,0
54.1164,85.139,1.71329,0.71,0.06,2.79661,3.09356,0,0.523981,4.47552,4.08855e+06,3.35751e+06,1.14341e+07,0,0,0,0,96.5061,98.274,2.26381,0,1,1.69997,1.88047,0,1.31314,2.1168,8.49684e+06,4.48777e+06,1.44444e+07,0,0,0,0
53.0297,85.139,1.56646,0.7,0.06,2.79716,3.09416,0,0.524084,4.47552,4.08855e+06,3.35751e+06,1.14363e+07,0,0,0,0,96.4186,98.274,2.12,0,1,1.7003,1.88084,0,1.3134,2.1168,8.49684e+06,4.48777e+06,1.44472e+07,0,0,0,0
51.8181,85.139,1.41645,0.59,0.06,2.79771,3.09477,0,0.524187,4.47552,4.08855e+06,3.35751e+06,1.14386e+07,0,0,0,0,96.1954,98.274,2.12229,0,1,1.70064,1.88121,0,1.31365,2.1168,8.49684e+06,4.48777e+06,1.445e+07,0,0,0,0
50.5464,85.139,1.37687,0.57,0.06,2.86356,3.16762,0,0.52429,4.47552,4.08855e+06,2.79793e+06,1.17078e+07,0,0,0,0,95.9139,98.274,1.84777,1,1,1.74253,1.92756,0,1.31391,2.1168,8.49684e+06,3.73981e+06,1.4806e+07,0,0,0,0
49.237,85.139,1.33918,0.64,0.06,2.86412,3.16824,0,0.536631,4.47552,4.08855e+06,2.79793e+06,1.17101e+07,0,0,0,0,95.5731,98.274,1.73172,1,1,1.74288,1.92794,0,1.34628,2.1168,8.49684e+06,3.73981e+06,1.48089e+07,0,0,0,0
47.8682,85.139,1.24138,0.6,0.06,2.86468,3.16886,0,0.536736,4.47552,4.08855e+06,2.79793e+06,1.17124e+07,0,0,0,0,95.0215,98.274,1.6669,1,1,1.74322,1.92832,0,1.34655,2.1168,8.49684e+06,3.73981e+06,1.48118e+07,0,0,0,0
46.4169,85.139,1.13031,0.52,0.06,2.86525,3.16948,0,0.536842,4.47552,4.08855e+06,2.79793e+06,1.17147e+07,0,0,0,0,94.8159,98.274,1.46419,1,1,1.74356,1.92869,0,1.34681,2.1168,8.49684e+06,3.73981e+06,1.48148e+07,0,0,0,0
44.9852,85.139,1.26766,0.5,0.06,3.0572,3.38182,0,0.536947,4.47552,4.08855e+06,2.79793e+06,1.24995e+07,0,0,0,0,94.3615,98.274,1.95578,1,1,1.89404,2.09516,0,1.34707,2.1168,8.49684e+06,3.73981e+06,1.60934e+07,0,0,0,0
43.3717,85.139,1.09687,0.54,0.06,3.0578,3.38249,0,0.57292,4.47552,4.08855e+06,2.79793e+06,1.2502e+07,0,0,0,0,93.8142,98.274,1.62685,1,1,1.89442,2.09557,0,1.46334,2.1168,8.49684e+06,3.73981e+06,1.60966e+07,0,0,0,0
41.6534,85.139,0.98313,0.51,0.06,3.0584,3.38315,0,0.573032,4.47552,4.08855e+06,2.79793e+06,1.25044e+07,0,0,0,0,93.3422,98.274,1.51317,1,1,1.89479,2.09598,0,1.46363,2.1168,8.49684e+06,3.73981e+06,1.60997e+07,0,0,0,0
40.1158,85.139,1.1655,0.47,0.06,3.059,3.38382,0,0.573145,4.47552,4.08855e+06,2.79793e+06,1.25069e+07,0,0,0,0,92.9527,98.274,1.63994,1,1,1.89516,2.09639,0,1.46391,2.1168,8.49684e+06,3.73981e+06,1.61029e+07,0,0,0,0
39.3395,85.139,1.98948,0.42,0.06,3.0596,3.38448,0,0.573257,4.47552,4.08855e+06,2.79793e+06,1.25093e+07,0,0,0,0,92.649,98.274,1.95224,1,1,1.89553,2.0968,0,1.4642,2.1168,8.49684e+06,3.73981e+06,1.6106e+07,0,0,0,0
37.9213,85.139,1.1825,0.49,0.06,2.96683,3.28186,0,0.57337,4.47552,4.08855e+06,2.79793e+06,1.21301e+07,0,0,0,0,92.686,98.274,3.18802,1,1,1.80468,1.99631,0,1.46449,2.1168,8.49684e+06,3.73981e+06,1.53341e+07,0,0,0,0
36.3316,85.139,1.01023,0.45,0.06,2.96742,3.2825,0,0.555985,4.47552,4.08855e+06,2.79793e+06,1.21324e+07,0,0,0,0,92.3912,98.274,1.71697,1,1,1.80504,1.9967,0,1.3943,2.1168,8.49684e+06,3.73981e+06,1.53371e+07,0,0,0,0
34.8883,85.139,1.17914,0.45,0.06,2.968,3.28315,0,0.556094,4.47552,4.08855e+06,2.79793e+06,1.21348e+07,0,0,0,0,92.1436,98.274,1.75748,1,1,1.80539,1.99709,0,1.39457,2.1168,8.49684e+06,3.73981e+06,1.53401e+07,0,0,0,0
35.4403,85.139,3.34111,0.46,0.06,2.96858,3.28379,0,0.556203,4.47552,4.08855e+06,2.79793e+06,1.21372e+07,0,0,0,0,92.6192,98.274,3.32133,1,1,1.80575,1.99748,0,1.39485,2.1168,8.49684e+06,3.73981e+06,1.53431e+07,0,0,0,0
35.3142,85.139,2.56995,0.46,0.06,2.89246,3.19959,0,0.556312,4.47552,4.08855e+06,2.79793e+06,1.1826e+07,0,0,0,0,92.2578,98.274,2.28018,1,1,1.723,1.90595,0,1.39512,2.1168,8.49684e+06,3.73981e+06,1.46401e+07,0,0,0,0
34.6415,85.139,1.99666,0.48,0.06,2.89303,3.20022,0,0.542048,4.47552,4.08855e+06,2.79793e+06,1.18283e+07,0,0,0,0,92.138,98.274,1.38566,1,1,1.72334,1.90633,0,1.33119,2.1168,8.49684e+06,3.73981e+06,1.46429e+07,0,0,0,0
34.9333,85.139,3.01032,0.47,0.06,2.8936,3.20085,0,0.542154,4.47552,4.08855e+06,2.79793e+06,1.18306e+07,0,0,0,0,92.4483,98.274,3.72466,1,1,1.72368,1.9067,0,1.33145,2.1168,8.49684e+06,3.73981e+06,1.46458e+07,0,0,0,0
39.303,85.139,7.31576,0.48,0.06,2.89417,3.20147,0,0.54226,4.47552,4.08855e+06,2.79793e+06,1.18329e+07,0,0,0,0,93.9628,98.274,6.49593,1,1,1.72402,1.90707,0,1.33171,2.1168,8.49684e+06,3.73981e+06,1.46487e+07,0,0,0,0
40.302,85.139,3.57024,0.49,0.06,2.67673,2.96095,0,0.542367,4.47552,4.08855e+06,3.35751e+06,1.09439e+07,0,0,0,0,94.495,98.274,2.97207,0,1,1.55115,1.71585,0,1.33197,2.1168,8.49684e+06,4.48777e+06,1.31799e+07,0,0,0,0
40.7993,85.139,2.97565,0.45,0.06,2.67725,2.96153,0,0.501619,4.47552,4.08855e+06,3.35751e+06,1.09461e+07,0,0,0,0,94.6024,98.274,3.39124,0,1,1.55145,1.71619,0,1.19842,2.1168,8.49684e+06,4.48777e+06,1.31824e+07,0,0,0,0
42.8898,85.139,4.63719,0.45,0.06,2.67778,2.96211,0,0.501717,4.47552,4.08855e+06,3.35751e+06,1.09482e+07,0,0,0,0,94.704,98.274,3.10244,0,1,1.55176,1.71653,0,1.19865,2.1168,8.49684e+06,4.48777e+06,1.3185e+07,0,0,0,0
45.3845,85.139,5.10444,0.51,0.06,2.6783,2.96269,0,0.501815,4.47552,4.08855e+06,3.35751e+06,1.09504e+07,0,0,0,0,94.8076,98.274,2.2568,0,1,1.55206,1.71686,0,1.19889,2.1168,8.49684e+06,4.48777e+06,1.31876e+07,0,0,0,0
48.19,85.139,5.4789,0.54,0.06,2.67883,2.96327,0,0.501914,4.47552,4.08855e+06,3.35751e+06,1.09525e+07,0,0,0,0,95.8318,98.274,3.99095,0,1,1.55237,1.7172,0,1.19912,2.1168,8.49684e+06,4.48777e+06,1.31902e+07,0,0,0,0
51.822,85.139,6.71451,0.5,0.06,2.76328,3.05668,0,0.502012,4.47552,4.08855e+06,3.35751e+06,1.12978e+07,0,0,0,0,96.9185,98.274,7.54653,0,1,1.60287,1.77306,0,1.19936,2.1168,8.49684e+06,4.48777e+06,1.36193e+07,0,0,0,0
59.5019,85.139,11.1055,0.47,0.06,2.76379,3.05726,0,0.517838,4.47552,4.08855e+06,3.35751e+06,1.12999e+07,0,0,0,0,99.0337,98.274,10.7327,0,1,1.60317,1.77339,0,1.23837,2.1168,8.49684e+06,4.48777e+06,1.36218e+07,0,0,0,0
65.5316,85.139,9.50746,0.46,0.06,2.76431,3.05783,0,0.517934,4.47552,4.08855e+06,3.35751e+06,1.1302e+07,0,0,0,0,99.3022,98.274,9.49259,0,1,1.60346,1.77372,0,1.23861,2.1168,8.49684e+06,4.48777e+06,1.36244e+07,0,0,0,0
70.5955,85.139,8.56131,0.42,0.06,2.76482,3.0584,0,0.518031,4.47552,4.08855e+06,3.35751e+06,1.13041e+07,0,0,0,0,99.3022,98.274,9.13571,0,1,1.60376,1.77405,0,1.23884,2.1168,8.49684e+06,4.48777e+06,1.36269e+07,0,0,0,0
74.9474,85.139,8.54663,0.37,0.06,3.29288,3.35733,0,0.518128,4.47552,4.08855e+06,2.79793e+06,1.34631e+07,0,0,0,0,99.3022,98.274,9.85578,1,1,1.94495,1.98302,0,1.23907,2.1168,8.49684e+06,3.73981e+06,1.65259e+07,0,0,0,0
85.139,85.139,15.2715,0.31,0.06,3.2935,3.35796,0,0.617086,4.47552,4.08855e+06,2.79793e+06,1.34656e+07,0,0,0,0,99.3022,98.274,16.5764,1,1,1.94531,1.98339,0,1.50267,2.1168,8.49684e+06,3.73981e+06,1.6529e+07,0,0,0,0
85.139,85.139,7.36828,0.2,0.06,3.29411,3.35859,0,0.617201,4.47552,4.08855e+06,2.79793e+06,1.34681e+07,0,0,0,0,99.3022,98.274,9.00833,1,1,1.94567,1.98376,0,1.50295,2.1168,8.49684e+06,3.73981e+06,1.65321e+07,0,0,0,0
85.139,85.139,5.1467,0.2,0.06,3.29473,3.35922,0,0.617316,4.47552,4.08855e+06,2.79793e+06,1.34707e+07,0,0,0,0,99.3022,98.274,7.42974,1,1,1.94604,1.98413,0,1.50323,2.1168,8.49684e+06,3.73981e+06,1.65352e+07,0,0,0,0
85.139,85.139,5.64628,0.22,0.06,2.93396,2.93396,0,0.617432,4.47552,4.08855e+06,2.70226e+06,1.19957e+07,0,0,0,0,99.3022,98.274,9.77244,0,1,1.70431,1.70431,0,1.50351,2.1168,8.49684e+06,3.61194e+06,1.44812e+07,0,0,0,0
85.139,85.139,5.56201,0.24,0.06,2.92453,2.93451,0,0.549824,4.47552,4.08855e+06,2.70226e+06,1.19571e+07,0,0,0,0,99.3022,98.274,8.07323,0,1,1.7146,1.70462,0,1.31675,2.1168,8.49684e+06,3.61194e+06,1.45687e+07,0,0,0,0
85.139,85.139,4.48954,0.28,0.06,2.9254,2.93506,0,0.548058,4.47552,4.08855e+06,2.70226e+06,1.19607e+07,0,0,0,0,99.3022,98.274,5.45397,0,1,1.7146,1.70494,0,1.3247,2.1168,8.49684e+06,3.61194e+06,1.45687e+07,0,0,0,0
85.139,85.139,5.6822,0.29,0.06,2.92627,2.93561,0,0.54822,4.47552,4.08855e+06,2.70226e+06,1.19642e+07,0,0,0,0,99.3022,98.274,7.14448,0,1,1.7146,1.70526,0,1.3247,2.1168,8.49684e+06,3.61194e+06,1.45687e+07,0,0,0,0
85.139,85.139,8.01934,0.3,0.06,2.92713,2.93615,0,0.548383,4.47552,4.08855e+06,2.70226e+06,1.19677e+07,0,0,0,0,99.3022,98.274,12.7305,0,1,1.7146,1.70558,0,1.3247,2.1168,8.49684e+06,3.61194e+06,1.45687e+07,0,0,0,0
85.139,85.139,3.91858,0.32,0.06,3.0353,3.044,0,0.548545,4.47552,4.08855e+06,2.70226e+06,1.241e+07,0,0,0,0,99.3022,98.274,4.82919,0,1,1.78321,1.77451,0,1.3247,2.1168,8.49684e+06,3.61194e+06,1.51516e+07,0,0,0,0
85.139,85.139,4.76547,0.32,0.06,3.04457,3.04457,0,0.568815,4.47552,4.08855e+06,2.70226e+06,1.24479e+07,0,0,0,0,99.3022,98.274,6.16785,0,1,1.77484,1.77484,0,1.37771,2.1168,8.49684e+06,3.61194e+06,1.50805e+07,0,0,0,0
85.139,85.139,6.08343,0.32,0.06,3.04514,3.04514,0,0.570553,4.47552,4.08855e+06,2.70226e+06,1.24502e+07,0,0,0,0,99.3022,98.274,8.91564,0,1,1.77517,1.77517,0,1.37124,2.1168,8.49684e+06,3.61194e+06,1.50833e+07,0,0,0,0
85.139,85.139,4.33516,0.31,0.06,3.04571,3.04571,0,0.570659,4.47552,4.08855e+06,2.70226e+06,1.24525e+07,0,0,0,0,99.3022,98.274,6.08149,0,1,1.7755,1.7755,0,1.3715,2.1168,8.49684e+06,3.61194e+06,1.50861e+07,0,0,0,0
85.139,85.139,3.88038,0.3,0.06,3.00429,3.00429,0,0.570766,4.47552,4.08855e+06,2.70226e+06,1.22832e+07,0,0,0,0,99.3022,98.274,5.6218,0,1,1.74917,1.74917,0,1.37175,2.1168,8.49684e+06,3.61194e+06,1.48624e+07,0,0,0,0
85.0277,85.139,3.22171,0.27,0.06,3.00485,3.00485,0,0.563004,4.47552,4.08855e+06,2.70226e+06,1.22855e+07,0,0,0,0,99.3022,98.274,4.55311,0,1,1.74949,1.74949,0,1.3514,2.1168,8.49684e+06,3.61194e+06,1.48652e+07,0,0,0,0
84.4018,85.139,2.67651,0.36,0.06,3.00541,3.00541,0,0.563109,4.47552,4.08855e+06,2.70226e+06,1.22878e+07,0,0,0,0,99.3022,98.274,4.15659,0,1,1.74982,1.74982,0,1.35166,2.1168,8.49684e+06,3.61194e+06,1.48679e+07,0,0,0,0
83.5367,85.139,2.42813,0.34,0.06,3.00597,3.00597,0,0.563214,4.47552,4.08855e+06,2.70226e+06,1.22901e+07,0,0,0,0,99.3022,98.274,3.32587,0,1,1.75014,1.75014,0,1.35191,2.1168,8.49684e+06,3.61194e+06,1.48707e+07,0,0,0,0
83.0862,85.139,2.95555,0.3,0.06,3.14916,3.14916,0,0.56332,4.47552,4.08855e+06,2.70226e+06,1.28755e+07,0,0,0,0,99.3022,98.274,3.7012,0,1,1.84511,1.84511,0,1.35216,2.1168,8.49684e+06,3.61194e+06,1.56776e+07,0,0,0,0
82.1359,85.139,2.35797,0.29,0.06,3.14974,3.14974,0,0.590152,4.47552,4.08855e+06,2.70226e+06,1.28779e+07,0,0,0,0,99.3022,98.274,3.25635,0,1,1.84546,1.84546,0,1.42553,2.1168,8.49684e+06,3.61194e+06,1.56805e+07,0,0,0,0
81.1276,85.139,2.28335,0.29,0.06,3.15033,3.15033,0,0.590262,4.47552,4.08855e+06,2.70226e+06,1.28803e+07,0,0,0,0,99.3022,98.274,2.94492,0,1,1.8458,1.8458,0,1.4258,2.1168,8.49684e+06,3.61194e+06,1.56835e+07,0,0,0,0
79.9002,85.139,2.01987,0.23,0.06,3.15092,3.15092,0,0.590372,4.47552,4.08855e+06,2.70226e+06,1.28827e+07,0,0,0,0,99.3022,98.274,2.78038,0,1,1.84614,1.84614,0,1.42607,2.1168,8.49684e+06,3.61194e+06,1.56864e+07,0,0,0,0
78.6079,85.139,1.90903,0.22,0.06,3.15151,3.15151,0,0.590482,4.47552,4.08855e+06,2.70226e+06,1.28851e+07,0,0,0,0,99.3022,98.274,2.64843,0,1,1.84649,1.84649,0,1.42633,2.1168,8.49684e+06,3.61194e+06,1.56893e+07,0,0,0,0
77.0771,85.139,1.66672,0.3,0.06,3.12386,3.12386,0,0.590593,4.47552,4.08855e+06,2.70226e+06,1.27721e+07,0,0,0,0,99.3022,98.274,3.20055,0,1,1.8989,1.8989,0,1.4266,2.1168,8.49684e+06,3.61194e+06,1.61346e+07,0,0,0,0
75.4411,85.139,1.55,0.28,0.06,3.12445,3.12445,0,0.585412,4.47552,4.08855e+06,2.70226e+06,1.27745e+07,0,0,0,0,99.3022,98.274,3.13885,0,1,1.89925,1.89925,0,1.46709,2.1168,8.49684e+06,3.61194e+06,1.61376e+07,0,0,0,0
73.6864,85.139,1.41537,0.27,0.06,3.12503,3.12503,0,0.585522,4.47552,4.08855e+06,2.70226e+06,1.27768e+07,0,0,0,0,99.3022,98.274,2.87866,0,1,1.89961,1.89961,0,1.46736,2.1168,8.49684e+06,3.61194e+06,1.61407e+07,0,0,0,0
71.8452,85.139,1.29167,0.31,0.06,3.12561,3.12561,0,0.585631,4.47552,4.08855e+06,2.70226e+06,1.27792e+07,0,0,0,0,99.278,98.274,2.75724,0,1,1.89996,1.89996,0,1.46764,2.1168,8.49684e+06,3.61194e+06,1.61437e+07,0,0,0,0
69.9976,85.139,1.2559,0.29,0.06,3.13774,3.19916,0,0.58574,4.47552,4.08855e+06,2.79793e+06,1.28288e+07,0,0,0,0,99.2417,98.274,2.64355,1,1,1.90938,1.94675,0,1.46791,2.1168,8.49684e+06,3.73981e+06,1.62237e+07,0,0,0,0
68.0829,85.139,1.20954,0.29,0.06,3.13832,3.19975,0,0.588012,4.47552,4.08855e+06,2.79793e+06,1.28312e+07,0,0,0,0,99.1157,98.274,2.49159,1,1,1.90973,1.94711,0,1.47518,2.1168,8.49684e+06,3.73981e+06,1.62267e+07,0,0,0,0
66.1167,85.139,1.11473,0.31,0.06,3.13891,3.20035,0,0.588122,4.47552,4.08855e+06,2.79793e+06,1.28336e+07,0,0,0,0,98.9384,98.274,2.39214,1,1,1.91009,1.94748,0,1.47546,2.1168,8.49684e+06,3.73981e+06,1.62297e+07,0,0,0,0
64.0786,85.139,1.01503,0.32,0.06,3.1395,3.20095,0,0.588232,4.47552,4.08855e+06,2.79793e+06,1.2836e+07,0,0,0,0,98.727,98.274,2.10984,1,1,1.91045,1.94784,0,1.47574,2.1168,8.49684e+06,3.73981e+06,1.62328e+07,0,0,0,0
62.033,85.139,1.14986,0.32,0.06,3.34979,3.41536,0,0.588341,4.47552,4.08855e+06,2.79793e+06,1.36958e+07,0,0,0,0,98.5614,98.274,2.92975,1,1,2.07531,2.11594,0,1.47601,2.1168,8.49684e+06,3.73981e+06,1.76336e+07,0,0,0,0
59.7965,85.139,0.944876,0.33,0.06,3.35042,3.416,0,0.627751,4.47552,4.08855e+06,2.79793e+06,1.36984e+07,0,0,0,0,98.2955,98.274,2.9019,1,1,2.0757,2.11633,0,1.60339,2.1168,8.49684e+06,3.73981e+06,1.76369e+07,0,0,0,0
57.6829,85.139,1.05546,0.33,0.06,3.35104,3.41664,0,0.627868,4.47552,4.08855e+06,2.79793e+06,1.37009e+07,0,0,0,0,98.1693,98.274,3.49875,1,1,2.07609,2.11672,0,1.60369,2.1168,8.49684e+06,3.73981e+06,1.76402e+07,0,0,0,0
55.3996,85.139,0.868175,0.32,0.06,3.35167,3.41727,0,0.627986,4.47552,4.08855e+06,2.79793e+06,1.37035e+07,0,0,0,0,97.838,98.274,2.63943,1,1,2.07648,2.11712,0,1.60399,2.1168,8.49684e+06,3.73981e+06,1.76435e+07,0,0,0,0
53.3112,85.139,1.0165,0.34,0.06,3.35229,3.41791,0,0.628103,4.47552,4.08855e+06,2.79793e+06,1.3706e+07,0,0,0,0,97.8846,98.274,4.30433,1,1,2.07686,2.11751,0,1.60428,2.1168,8.49684e+06,3.73981e+06,1.76468e+07,0,0,0,0
51.5774,85.139,1.29857,0.33,0.06,3.25062,3.31424,0,0.62822,4.47552,4.08855e+06,2.79793e+06,1.32903e+07,0,0,0,0,97.8075,98.274,3.61092,1,1,1.9773,2.01601,0,1.60458,2.1168,8.49684e+06,3.73981e+06,1.68008e+07,0,0,0,0
50.67,85.139,2.08302,0.34,0.06,3.25122,3.31486,0,0.609166,4.47552,4.08855e+06,2.79793e+06,1.32928e+07,0,0,0,0,98.1449,98.274,6.11069,1,1,1.97767,2.01638,0,1.52767,2.1168,8.49684e+06,3.73981e+06,1.6804e+07,0,0,0,0
48.8789,85.139,1.20922,0.34,0.06,3.25183,3.31548,0,0.609279,4.47552,4.08855e+06,2.79793e+06,1.32953e+07,0,0,0,0,98.052,98.274,4.11656,1,1,1.97804,2.01676,0,1.52795,2.1168,8.49684e+06,3.73981e+06,1.68071e+07,0,0,0,0
47.0324,85.139,1.08228,0.34,0.06,3.25244,3.3161,0,0.609393,4.47552,4.08855e+06,2.79793e+06,1.32978e+07,0,0,0,0,97.9713,98.274,3.35397,1,1,1.97841,2.01714,0,1.52824,2.1168,8.49684e+06,3.73981e+06,1.68102e+07,0,0,0,0
46.163,85.139,2.10774,0.34,0.06,3.16901,3.23104,0,0.609507,4.47552,4.08855e+06,2.79793e+06,1.29567e+07,0,0,0,0,98.1762,98.274,4.32071,1,1,1.88774,1.92469,0,1.52852,2.1168,8.49684e+06,3.73981e+06,1.60398e+07,0,0,0,0
45.0622,85.139,1.83086,0.35,0.06,3.1696,3.23164,0,0.593872,4.47552,4.08855e+06,2.79793e+06,1.29591e+07,0,0,0,0,98.1088,98.274,2.87532,1,1,1.88809,1.92505,0,1.45847,2.1168,8.49684e+06,3.73981e+06,1.60428e+07,0,0,0,0
44.1079,85.139,1.72364,0.41,0.06,2.92198,3.23224,0,0.593983,4.47552,4.08855e+06,2.79793e+06,1.19467e+07,0,0,0,0,98.1088,98.274,2.9213,1,1,1.74059,1.9254,0,1.45874,2.1168,8.49684e+06,3.73981e+06,1.47895e+07,0,0,0,0
43.7766,85.139,2.41373,0.43,0.06,2.92253,3.23285,0,0.547579,4.47552,4.08855e+06,2.79793e+06,1.19489e+07,0,0,0,0,98.3369,98.274,3.69419,1,1,1.74091,1.92576,0,1.34478,2.1168,8.49684e+06,3.73981e+06,1.47922e+07,0,0,0,0
46.2657,85.139,5.14694,0.43,0.06,2.70293,2.98993,0,0.547681,4.47552,4.08855e+06,3.35751e+06,1.10511e+07,0,0,0,0,99.3022,98.274,6.00388,0,1,1.56633,1.73265,0,1.34503,2.1168,8.49684e+06,4.48777e+06,1.33089e+07,0,0,0,0
47.5988,85.139,4.27943,0.38,0.06,2.99049,2.99049,0,0.506529,4.47552,4.08855e+06,2.70226e+06,1.22268e+07,0,0,0,0,99.3022,98.274,4.39238,0,1,1.73297,1.73297,0,1.21015,2.1168,8.49684e+06,3.61194e+06,1.47248e+07,0,0,0,0
49.312,85.139,4.52452,0.41,0.06,2.70394,2.99105,0,0.560418,4.47552,4.08855e+06,3.35751e+06,1.10552e+07,0,0,0,0,99.3022,98.274,6.23969,0,1,1.56692,1.7333,0,1.33889,2.1168,8.49684e+06,4.48777e+06,1.33138e+07,0,0,0,0
49.404,85.139,2.81702,0.44,0.06,2.70444,2.9916,0,0.506718,4.47552,4.08855e+06,3.35751e+06,1.10572e+07,0,0,0,0,99.3022,98.274,3.28101,0,1,1.56721,1.73362,0,1.2106,2.1168,8.49684e+06,4.48777e+06,1.33163e+07,0,0,0,0
49.2893,85.139,2.60556,0.48,0.06,2.70495,2.99216,0,0.506812,4.47552,4.08855e+06,3.35751e+06,1.10593e+07,0,0,0,0,99.3022,98.274,2.67733,0,1,1.5675,1.73394,0,1.21083,2.1168,8.49684e+06,4.48777e+06,1.33188e+07,0,0,0,0
49.6644,85.139,3.28607,0.49,0.1,2.79019,3.08646,0,0.506907,4.47552,4.08855e+06,3.35751e+06,1.14078e+07,0,0,0,0,99.3022,98.274,3.69632,0,1,1.61848,1.79033,0,1.21105,2.1168,8.49684e+06,4.48777e+06,1.3752e+07,0,0,0,0
51.5127,85.139,4.79135,0.51,0.1,2.79068,3.087,0,0.522882,4.47552,4.08855e+06,3.35751e+06,1.14099e+07,0,0,0,0,99.3022,98.274,8.23797,0,1,1.61876,1.79065,0,1.25044,2.1168,8.49684e+06,4.48777e+06,1.37544e+07,0,0,0,0
55.0893,85.139,6.67999,0.51,0.1,2.79118,3.08755,0,0.522974,4.47552,4.08855e+06,3.35751e+06,1.14119e+07,0,0,0,0,99.3022,98.274,9.11332,0,1,1.61905,1.79097,0,1.25066,2.1168,8.49684e+06,4.48777e+06,1.37568e+07,0,0,0,0
57.0031,85.139,5.02495,0.52,0.1,2.79167,3.0881,0,0.523067,4.47552,4.08855e+06,3.35751e+06,1.14139e+07,0,0,0,0,99.3022,98.274,8.58902,0,1,1.61934,1.79128,0,1.25088,2.1168,8.49684e+06,4.48777e+06,1.37593e+07,0,0,0,0
58.056,85.139,4.44577,0.49,0.1,3.06451,3.3899,0,0.523159,4.47552,4.08855e+06,2.79793e+06,1.25294e+07,0,0,0,0,99.3022,98.274,6.16245,1,1,1.81006,2.00225,0,1.2511,2.1168,8.49684e+06,3.73981e+06,1.53798e+07,0,0,0,0
59.8182,85.139,5.1753,0.5,0.1,3.06505,3.3905,0,0.574289,4.47552,4.08855e+06,2.79793e+06,1.25316e+07,0,0,0,0,99.3022,98.274,7.48295,1,1,1.81038,2.00261,0,1.39845,2.1168,8.49684e+06,3.73981e+06,1.53825e+07,0,0,0,0
62.43,85.139,6.02964,0.51,0.1,3.06559,3.3911,0,0.57439,4.47552,4.08855e+06,2.79793e+06,1.25338e+07,0,0,0,0,99.3022,98.274,7.93047,1,1,1.8107,2.00296,0,1.3987,2.1168,8.49684e+06,3.73981e+06,1.53852e+07,0,0,0,0
65.0356,85.139,6.07306,0.54,0.1,3.06614,3.3917,0,0.574492,4.47552,4.08855e+06,2.79793e+06,1.2536e+07,0,0,0,0,99.3022,98.274,7.43812,1,1,1.81102,2.00332,0,1.39895,2.1168,8.49684e+06,3.73981e+06,1.53879e+07,0,0,0,0
68.0358,85.139,6.11953,0.47,0.1,2.67796,2.96231,0,0.574594,4.47552,4.08855e+06,3.35751e+06,1.0949e+07,0,0,0,0,99.3022,98.274,6.82883,0,1,1.55559,1.72077,0,1.39919,2.1168,8.49684e+06,4.48777e+06,1.32176e+07,0,0,0,0
68.9704,85.139,3.9817,0.51,0.1,2.67843,2.96283,0,0.501849,4.47552,4.08855e+06,3.35751e+06,1.09509e+07,0,0,0,0,99.3022,98.274,5.18681,0,1,1.55587,1.72108,0,1.20185,2.1168,8.49684e+06,4.48777e+06,1.322e+07,0,0,0,0
72.1402,85.139,6.39662,0.45,0.1,2.6789,2.96336,0,0.501938,4.47552,4.08855e+06,3.35751e+06,1.09528e+07,0,0,0,0,99.3022,98.274,7.9464,0,1,1.55615,1.72138,0,1.20207,2.1168,8.49684e+06,4.48777e+06,1.32223e+07,0,0,0,0
74.832,85.139,5.92601,0.52,0.1,2.67938,2.96388,0,0.502027,4.47552,4.08855e+06,3.35751e+06,1.09548e+07,0,0,0,0,99.3022,98.274,11.1442,0,1,1.55642,1.72168,0,1.20228,2.1168,8.49684e+06,4.48777e+06,1.32247e+07,0,0,0,0
78.1325,85.139,6.74314,0.46,0.1,2.67985,2.9644,0,0.502116,4.47552,4.08855e+06,3.35751e+06,1.09567e+07,0,0,0,0,99.3022,98.274,9.3476,0,1,1.5567,1.72199,0,1.20249,2.1168,8.49684e+06,4.48777e+06,1.3227e+07,0,0,0,0
79.9686,85.139,5.22303,0.48,0.1,2.77826,3.07326,0,0.502204,4.47552,4.08855e+06,3.35751e+06,1.13591e+07,0,0,0,0,99.3022,98.274,8.22118,0,1,1.61959,1.79156,0,1.2027,2.1168,8.49684e+06,4.48777e+06,1.37614e+07,0,0,0,0
80.7059,85.139,4.28424,0.39,0.1,3.01479,3.0738,0,0.520646,4.47552,4.08855e+06,2.79793e+06,1.23261e+07,0,0,0,0,99.3022,98.274,6.39055,0,1,1.75748,1.79188,0,1.2513,2.1168,8.49684e+06,3.73981e+06,1.4933e+07,0,0,0,0
80.6307,85.139,3.17646,0.4,0.1,2.77924,3.07435,0,0.564972,4.47552,4.08855e+06,3.35751e+06,1.13631e+07,0,0,0,0,99.3022,98.274,5.04909,0,1,1.62016,1.7922,0,1.35783,2.1168,8.49684e+06,4.48777e+06,1.37663e+07,0,0,0,0
80.1098,85.139,2.63876,0.41,0.1,2.77974,3.07489,0,0.52083,4.47552,4.08855e+06,3.35751e+06,1.13651e+07,0,0,0,0,99.3022,98.274,4.1249,0,1,1.62045,1.79251,0,1.25174,2.1168,8.49684e+06,4.48777e+06,1.37687e+07,0,0,0,0
79.6688,85.139,2.71394,0.4,0.1,2.74191,3.03305,0,0.520922,4.47552,4.08855e+06,3.35751e+06,1.12104e+07,0,0,0,0,99.3022,98.274,4.35598,0,1,1.5964,1.76591,0,1.25196,2.1168,8.49684e+06,4.48777e+06,1.35644e+07,0,0,0,0
79.4477,85.139,3.18505,0.38,0.1,3.03359,3.03359,0,0.513834,4.47552,4.08855e+06,2.70226e+06,1.2403e+07,0,0,0,0,99.3022,98.274,4.4437,0,1,1.76622,1.76622,0,1.23338,2.1168,8.49684e+06,3.61194e+06,1.50073e+07,0,0,0,0
79.1745,85.139,2.81662,0.52,0.1,2.74288,3.03412,0,0.568494,4.47552,4.08855e+06,3.35751e+06,1.12144e+07,0,0,0,0,99.3022,98.274,4.06821,0,1,1.59696,1.76653,0,1.36458,2.1168,8.49684e+06,4.48777e+06,1.35692e+07,0,0,0,0
78.6896,85.139,2.58599,0.49,0.1,2.74336,3.03466,0,0.514015,4.47552,4.08855e+06,3.35751e+06,1.12164e+07,0,0,0,0,99.3022,98.274,4.36111,0,1,1.59725,1.76685,0,1.23381,2.1168,8.49684e+06,4.48777e+06,1.35716e+07,0,0,0,0
78.149,85.139,2.64425,0.47,0.1,2.87401,3.17918,0,0.514106,4.47552,4.08855e+06,3.35751e+06,1.17505e+07,0,0,0,0,99.3022,98.274,4.29753,0,1,1.6839,1.8627,0,1.23403,2.1168,8.49684e+06,4.48777e+06,1.43078e+07,0,0,0,0
77.8218,85.139,2.79875,0.45,0.1,2.87452,3.17974,0,0.538589,4.47552,4.08855e+06,3.35751e+06,1.17526e+07,0,0,0,0,99.3022,98.274,4.37657,0,1,1.6842,1.86303,0,1.30098,2.1168,8.49684e+06,4.48777e+06,1.43104e+07,0,0,0,0
77.1694,85.139,2.44781,0.43,0.1,2.87503,3.1803,0,0.538684,4.47552,4.08855e+06,3.35751e+06,1.17547e+07,0,0,0,0,99.3022,98.274,3.78405,0,1,1.6845,1.86336,0,1.30121,2.1168,8.49684e+06,4.48777e+06,1.43129e+07,0,0,0,0
75.9611,85.139,2.13237,0.36,0.1,3.18086,3.18086,0,0.53878,4.47552,4.08855e+06,2.70226e+06,1.30051e+07,0,0,0,0,99.3022,98.274,3.73855,0,1,1.86369,1.86369,0,1.30144,2.1168,8.49684e+06,3.61194e+06,1.58355e+07,0,0,0,0
74.5769,85.139,1.93538,0.31,0.1,3.18143,3.18143,0,0.596094,4.47552,4.08855e+06,2.70226e+06,1.30074e+07,0,0,0,0,99.3022,98.274,3.32696,0,1,1.86402,1.86402,0,1.43989,2.1168,8.49684e+06,3.61194e+06,1.58383e+07,0,0,0,0
73.3792,85.139,1.96212,0.31,0.1,3.09295,3.15349,0,0.596199,4.47552,4.08855e+06,2.79793e+06,1.26457e+07,0,0,0,0,99.3022,98.274,3.78597,1,1,1.8801,1.91691,0,1.44014,2.1168,8.49684e+06,3.73981e+06,1.5975e+07,0,0,0,0
72.1131,85.139,1.87239,0.36,0.1,3.0935,3.15405,0,0.579619,4.47552,4.08855e+06,2.79793e+06,1.26479e+07,0,0,0,0,99.3022,98.274,3.60948,1,1,1.88044,1.91724,0,1.45257,2.1168,8.49684e+06,3.73981e+06,1.59778e+07,0,0,0,0
70.6992,85.139,1.71335,0.32,0.1,3.09404,3.1546,0,0.579721,4.47552,4.08855e+06,2.79793e+06,1.26502e+07,0,0,0,0,99.3022,98.274,3.5979,1,1,1.88077,1.91758,0,1.45283,2.1168,8.49684e+06,3.73981e+06,1.59806e+07,0,0,0,0
69.1441,85.139,1.54951,0.3,0.1,3.09459,3.15516,0,0.579824,4.47552,4.08855e+06,2.79793e+06,1.26524e+07,0,0,0,0,99.2479,98.274,3.20766,1,1,1.8811,1.91792,0,1.45308,2.1168,8.49684e+06,3.73981e+06,1.59834e+07,0,0,0,0
67.3952,85.139,1.36116,0.29,0.1,3.16737,3.22937,0,0.579926,4.47552,4.08855e+06,2.79793e+06,1.295e+07,0,0,0,0,98.9561,98.274,2.5228,1,1,1.92741,1.96513,0,1.45334,2.1168,8.49684e+06,3.73981e+06,1.63769e+07,0,0,0,0
65.7213,85.139,1.42594,0.34,0.1,3.16793,3.22994,0,0.593565,4.47552,4.08855e+06,2.79793e+06,1.29522e+07,0,0,0,0,98.6335,98.274,2.03885,1,1,1.92775,1.96548,0,1.48912,2.1168,8.49684e+06,3.73981e+06,1.63798e+07,0,0,0,0
63.9577,85.139,1.30358,0.32,0.1,3.16849,3.23051,0,0.59367,4.47552,4.08855e+06,2.79793e+06,1.29545e+07,0,0,0,0,98.1974,98.274,2.03328,1,1,1.92809,1.96583,0,1.48938,2.1168,8.49684e+06,3.73981e+06,1.63827e+07,0,0,0,0
62.1086,85.139,1.19624,0.31,0.1,3.16905,3.23108,0,0.593775,4.47552,4.08855e+06,2.79793e+06,1.29568e+07,0,0,0,0,97.7743,98.274,1.77436,1,1,1.92843,1.96618,0,1.48964,2.1168,8.49684e+06,3.73981e+06,1.63856e+07,0,0,0,0
60.1832,85.139,1.25849,0.34,0.1,3.3813,3.44748,0,0.59388,4.47552,4.08855e+06,2.79793e+06,1.38246e+07,0,0,0,0,97.2963,98.274,2.12257,1,1,2.09483,2.13583,0,1.48991,2.1168,8.49684e+06,3.73981e+06,1.77994e+07,0,0,0,0
58.2824,85.139,1.23244,0.33,0.1,3.38189,3.44809,0,0.633655,4.47552,4.08855e+06,2.79793e+06,1.3827e+07,0,0,0,0,96.6763,98.274,1.86158,1,1,2.0952,2.13621,0,1.61847,2.1168,8.49684e+06,3.73981e+06,1.78026e+07,0,0,0,0
56.5464,85.139,1.38732,0.33,0.1,3.38249,3.4487,0,0.633767,4.47552,4.08855e+06,2.79793e+06,1.38295e+07,0,0,0,0,96.1315,98.274,2.30401,1,1,2.09557,2.13659,0,1.61875,2.1168,8.49684e+06,3.73981e+06,1.78057e+07,0,0,0,0
54.5599,85.139,1.11628,0.36,0.1,3.38309,3.44931,0,0.633879,4.47552,4.08855e+06,2.79793e+06,1.38319e+07,0,0,0,0,95.4819,98.274,1.66674,1,1,2.09594,2.13697,0,1.61904,2.1168,8.49684e+06,3.73981e+06,1.78089e+07,0,0,0,0
52.8475,85.139,1.35211,0.35,0.1,3.38369,3.44992,0,0.633991,4.47552,4.08855e+06,2.79793e+06,1.38344e+07,0,0,0,0,95.0618,98.274,2.90271,1,1,2.09631,2.13734,0,1.61932,2.1168,8.49684e+06,3.73981e+06,1.7812e+07,0,0,0,0
51.3369,85.139,1.41921,0.36,0.1,3.28103,3.34525,0,0.634103,4.47552,4.08855e+06,2.79793e+06,1.34146e+07,0,0,0,0,94.6178,98.274,2.5447,1,1,1.9958,2.03487,0,1.61961,2.1168,8.49684e+06,3.73981e+06,1.6958e+07,0,0,0,0
49.8294,85.139,1.44763,0.34,0.1,3.28161,3.34584,0,0.614864,4.47552,4.08855e+06,2.79793e+06,1.3417e+07,0,0,0,0,94.2918,98.274,2.71338,1,1,1.99615,2.03523,0,1.54196,2.1168,8.49684e+06,3.73981e+06,1.6961e+07,0,0,0,0
48.4971,85.139,1.6376,0.34,0.1,3.28219,3.34643,0,0.614973,4.47552,4.08855e+06,2.79793e+06,1.34194e+07,0,0,0,0,94.2539,98.274,3.7387,1,1,1.99651,2.03559,0,1.54223,2.1168,8.49684e+06,3.73981e+06,1.6964e+07,0,0,0,0
47.0906,85.139,1.57982,0.35,0.1,3.28277,3.34702,0,0.615082,4.47552,4.08855e+06,2.79793e+06,1.34218e+07,0,0,0,0,94.1927,98.274,3.54415,1,1,1.99686,2.03595,0,1.5425,2.1168,8.49684e+06,3.73981e+06,1.6967e+07,0,0,0,0
46.0114,85.139,1.87724,0.35,0.1,3.19853,3.26114,0,0.61519,4.47552,4.08855e+06,2.79793e+06,1.30773e+07,0,0,0,0,94.3294,98.274,3.93612,1,1,1.90532,1.94262,0,1.54277,2.1168,8.49684e+06,3.73981e+06,1.61892e+07,0,0,0,0
45.1701,85.139,2.14156,0.36,0.1,3.19909,3.26171,0,0.599404,4.47552,4.08855e+06,2.79793e+06,1.30797e+07,0,0,0,0,94.4877,98.274,3.44117,1,1,1.90566,1.94296,0,1.47205,2.1168,8.49684e+06,3.73981e+06,1.61921e+07,0,0,0,0
45.2441,85.139,2.90069,0.43,0.1,2.94914,3.26229,0,0.59951,4.47552,4.08855e+06,2.79793e+06,1.20577e+07,0,0,0,0,95.1053,98.274,4.72712,1,1,1.75677,1.9433,0,1.47231,2.1168,8.49684e+06,3.73981e+06,1.4927e+07,0,0,0,0
48.7698,85.139,6.43794,0.43,0.1,2.94966,3.26287,0,0.552669,4.47552,4.08855e+06,2.79793e+06,1.20599e+07,0,0,0,0,96.9943,98.274,7.16711,1,1,1.75708,1.94365,0,1.35728,2.1168,8.49684e+06,3.73981e+06,1.49296e+07,0,0,0,0
51.5288,85.139,5.79028,0.38,0.1,3.01767,3.01767,0,0.552767,4.47552,4.08855e+06,2.70226e+06,1.23379e+07,0,0,0,0,97.9323,98.274,5.85207,0,1,1.74872,1.74872,0,1.35752,2.1168,8.49684e+06,3.61194e+06,1.48586e+07,0,0,0,0
52.7492,85.139,4.201,0.37,0.1,3.0182,3.0182,0,0.565511,4.47552,4.08855e+06,2.70226e+06,1.23401e+07,0,0,0,0,98.8278,98.274,4.07403,0,1,1.74903,1.74903,0,1.35106,2.1168,8.49684e+06,3.61194e+06,1.48612e+07,0,0,0,0
54.1804,85.139,4.5656,0.38,0.1,3.01873,3.01873,0,0.565611,4.47552,4.08855e+06,2.70226e+06,1.23422e+07,0,0,0,0,99.3022,98.274,4.47452,0,1,1.74934,1.74934,0,1.3513,2.1168,8.49684e+06,3.61194e+06,1.48639e+07,0,0,0,0
61.0938,85.139,10.293,0.39,0.1,2.9613,3.01927,0,0.565711,4.47552,4.08855e+06,2.79793e+06,1.21074e+07,0,0,0,0,99.3022,98.274,8.99414,0,1,1.71606,1.74965,0,1.35154,2.1168,8.49684e+06,3.73981e+06,1.45811e+07,0,0,0,0
72.1755,85.139,14.4741,0.4,0.1,2.72993,3.0198,0,0.554948,4.47552,4.08855e+06,3.35751e+06,1.11615e+07,0,0,0,0,99.3022,98.274,13.9145,0,1,1.58198,1.74996,0,1.32583,2.1168,8.49684e+06,4.48777e+06,1.34418e+07,0,0,0,0
76.6507,85.139,8.14237,0.34,0.1,3.11494,3.11494,0,0.511589,4.47552,4.08855e+06,2.70226e+06,1.27356e+07,0,0,0,0,99.3022,98.274,6.85191,0,1,1.80685,1.80685,0,1.22224,2.1168,8.49684e+06,3.61194e+06,1.53525e+07,0,0,0,0
79.0672,85.139,6.08615,0.29,0.1,3.11546,3.11546,0,0.583739,4.47552,4.08855e+06,2.70226e+06,1.27377e+07,0,0,0,0,99.3022,98.274,5.17204,0,1,1.80715,1.80715,0,1.39597,2.1168,8.49684e+06,3.61194e+06,1.53551e+07,0,0,0,0
80.0156,85.139,4.50767,0.3,0.1,3.11598,3.11598,0,0.583837,4.47552,4.08855e+06,2.70226e+06,1.27398e+07,0,0,0,0,99.3022,98.274,4.59629,0,1,1.80746,1.80746,0,1.39621,2.1168,8.49684e+06,3.61194e+06,1.53577e+07,0,0,0,0
83.7033,85.139,7.37927,0.22,0.1,3.1165,3.1165,0,0.583934,4.47552,4.08855e+06,2.70226e+06,1.2742e+07,0,0,0,0,99.3022,98.274,6.10313,0,1,1.80776,1.80776,0,1.39644,2.1168,8.49684e+06,3.61194e+06,1.53602e+07,0,0,0,0
85.139,85.139,11.4531,0.24,0.1,3.35537,3.42105,0,0.584032,4.47552,4.08855e+06,2.79793e+06,1.37186e+07,0,0,0,0,99.3022,98.274,7.62634,1,1,1.98186,2.02065,0,1.39667,2.1168,8.49684e+06,3.73981e+06,1.68395e+07,0,0,0,0
85.139,85.139,10.2861,0.17,0.1,3.35593,3.42162,0,0.628797,4.47552,4.08855e+06,2.79793e+06,1.37209e+07,0,0,0,0,99.3022,98.274,7.08872,1,1,1.98219,2.02099,0,1.53118,2.1168,8.49684e+06,3.73981e+06,1.68423e+07,0,0,0,0
85.139,85.139,7.35785,0.19,0.1,3.35649,3.42219,0,0.628902,4.47552,4.08855e+06,2.79793e+06,1.37232e+07,0,0,0,0,99.3022,98.274,5.40891,1,1,1.98252,2.02133,0,1.53144,2.1168,8.49684e+06,3.73981e+06,1.68452e+07,0,0,0,0
85.139,85.139,6.43725,0.2,0.1,3.35706,3.42277,0,0.629007,4.47552,4.08855e+06,2.79793e+06,1.37255e+07,0,0,0,0,99.3022,98.274,5.81076,1,1,1.98285,2.02166,0,1.5317,2.1168,8.49684e+06,3.73981e+06,1.6848e+07,0,0,0,0
85.139,85.139,7.09611,0.21,0.1,2.98941,2.98941,0,0.629112,4.47552,4.08855e+06,2.70226e+06,1.22223e+07,0,0,0,0,99.3022,98.274,6.30435,0,1,1.73651,1.73651,0,1.53195,2.1168,8.49684e+06,3.61194e+06,1.47549e+07,0,0,0,0
85.139,85.139,10.4155,0.25,0.1,2.98991,2.98991,0,0.560215,4.47552,4.08855e+06,2.70226e+06,1.22244e+07,0,0,0,0,99.3022,98.274,9.3096,0,1,1.7368,1.7368,0,1.34163,2.1168,8.49684e+06,3.61194e+06,1.47573e+07,0,0,0,0
85.139,85.139,7.08393,0.28,0.1,2.99041,2.99041,0,0.560309,4.47552,4.08855e+06,2.70226e+06,1.22264e+07,0,0,0,0,99.3022,98.274,4.74599,0,1,1.73709,1.73709,0,1.34185,2.1168,8.49684e+06,3.61194e+06,1.47598e+07,0,0,0,0
85.139,85.139,8.5211,0.3,0.1,2.99091,2.99091,0,0.560403,4.47552,4.08855e+06,2.70226e+06,1.22285e+07,0,0,0,0,99.3022,98.274,5.9613,0,1,1.73739,1.73739,0,1.34208,2.1168,8.49684e+06,3.61194e+06,1.47623e+07,0,0,0,0
85.139,85.139,9.62826,0.32,0.1,2.99141,2.99141,0,0.560496,4.47552,4.08855e+06,2.70226e+06,1.22305e+07,0,0,0,0,99.3022,98.274,7.55455,0,1,1.73768,1.73768,0,1.3423,2.1168,8.49684e+06,3.61194e+06,1.47648e+07,0,0,0,0
85.139,85.139,6.47366,0.33,0.1,3.10123,3.10123,0,0.56059,4.47552,4.08855e+06,2.70226e+06,1.26795e+07,0,0,0,0,99.3022,98.274,5.24371,0,1,1.80787,1.80787,0,1.34253,2.1168,8.49684e+06,3.61194e+06,1.53612e+07,0,0,0,0
85.139,85.139,4.84235,0.35,0.1,3.10175,3.10175,0,0.58117,4.47552,4.08855e+06,2.70226e+06,1.26816e+07,0,0,0,0,99.3022,98.274,4.52003,0,1,1.80817,1.80817,0,1.39676,2.1168,8.49684e+06,3.61194e+06,1.53637e+07,0,0,0,0
85.139,85.139,4.93289,0.35,0.1,3.10227,3.10227,0,0.581267,4.47552,4.08855e+06,2.70226e+06,1.26838e+07,0,0,0,0,99.3022,98.274,5.14635,0,1,1.80847,1.80847,0,1.39699,2.1168,8.49684e+06,3.61194e+06,1.53663e+07,0,0,0,0
85.139,85.139,5.28897,0.34,0.1,3.10278,3.10278,0,0.581365,4.47552,4.08855e+06,2.70226e+06,1.26859e+07,0,0,0,0,99.3022,98.274,4.95932,0,1,1.80877,1.80877,0,1.39722,2.1168,8.49684e+06,3.61194e+06,1.53689e+07,0,0,0,0
85.139,85.139,4.28418,0.32,0.1,3.06053,3.06053,0,0.581462,4.47552,4.08855e+06,2.70226e+06,1.25131e+07,0,0,0,0,99.3022,98.274,4.06266,0,1,1.78191,1.78191,0,1.39746,2.1168,8.49684e+06,3.61194e+06,1.51406e+07,0,0,0,0
85.139,85.139,3.47851,0.3,0.1,3.06104,3.06104,0,0.573544,4.47552,4.08855e+06,2.70226e+06,1.25152e+07,0,0,0,0,99.3022,98.274,2.8718,0,1,1.78221,1.78221,0,1.3767,2.1168,8.49684e+06,3.61194e+06,1.51431e+07,0,0,0,0
84.7141,85.139,2.95572,0.28,0.1,3.06156,3.06156,0,0.57364,4.47552,4.08855e+06,2.70226e+06,1.25173e+07,0,0,0,0,99.3022,98.274,2.721,0,1,1.78251,1.78251,0,1.37693,2.1168,8.49684e+06,3.61194e+06,1.51457e+07,0,0,0,0
84.619,85.139,3.00538,0.41,0.1,2.76814,3.06207,0,0.573736,4.47552,4.08855e+06,3.35751e+06,1.13177e+07,0,0,0,0,99.3022,98.274,2.71837,0,1,1.61167,1.7828,0,1.37716,2.1168,8.49684e+06,4.48777e+06,1.36941e+07,0,0,0,0
83.9461,85.139,2.72212,0.36,0.1,3.20786,3.20786,0,0.51875,4.47552,4.08855e+06,2.70226e+06,1.31155e+07,0,0,0,0,99.1002,98.274,2.74799,0,1,1.87951,1.87951,0,1.24518,2.1168,8.49684e+06,3.61194e+06,1.59699e+07,0,0,0,0
83.1527,85.139,2.62945,0.33,0.1,3.2084,3.2084,0,0.601153,4.47552,4.08855e+06,2.70226e+06,1.31177e+07,0,0,0,0,99.0369,98.274,2.30272,0,1,1.87982,1.87982,0,1.45211,2.1168,8.49684e+06,3.61194e+06,1.59725e+07,0,0,0,0
82.2034,85.139,2.45131,0.3,0.1,3.20893,3.20893,0,0.601253,4.47552,4.08855e+06,2.70226e+06,1.31199e+07,0,0,0,0,99.1292,98.274,2.22983,0,1,1.88013,1.88013,0,1.45235,2.1168,8.49684e+06,3.61194e+06,1.59752e+07,0,0,0,0
81.1648,85.139,2.32954,0.28,0.1,3.20947,3.20947,0,0.601354,4.47552,4.08855e+06,2.70226e+06,1.31221e+07,0,0,0,0,99.079,98.274,2.29447,0,1,1.88045,1.88045,0,1.45259,2.1168,8.49684e+06,3.61194e+06,1.59779e+07,0,0,0,0
80.0301,85.139,2.20661,0.27,0.1,3.21,3.21,0,0.601454,4.47552,4.08855e+06,2.70226e+06,1.31243e+07,0,0,0,0,99.0709,98.274,2.15355,0,1,1.88076,1.88076,0,1.45283,2.1168,8.49684e+06,3.61194e+06,1.59805e+07,0,0,0,0
78.7446,85.139,1.94579,0.25,0.1,3.1207,3.18179,0,0.601555,4.47552,4.08855e+06,2.79793e+06,1.27592e+07,0,0,0,0,98.9649,98.274,2.32903,1,1,1.89698,1.93411,0,1.45308,2.1168,8.49684e+06,3.73981e+06,1.61183e+07,0,0,0,0
77.3914,85.139,1.86077,0.3,0.1,3.12122,3.18232,0,0.58482,4.47552,4.08855e+06,2.79793e+06,1.27613e+07,0,0,0,0,98.862,98.274,2.53965,1,1,1.89729,1.93443,0,1.4656,2.1168,8.49684e+06,3.73981e+06,1.6121e+07,0,0,0,0
75.9931,85.139,1.79748,0.26,0.1,3.12175,3.18285,0,0.584918,4.47552,4.08855e+06,2.79793e+06,1.27634e+07,0,0,0,0,98.7232,98.274,2.50307,1,1,1.89761,1.93475,0,1.46585,2.1168,8.49684e+06,3.73981e+06,1.61237e+07,0,0,0,0
74.4542,85.139,1.60897,0.26,0.1,3.12227,3.18338,0,0.585015,4.47552,4.08855e+06,2.79793e+06,1.27656e+07,0,0,0,0,98.5118,98.274,2.31216,1,1,1.89793,1.93508,0,1.46609,2.1168,8.49684e+06,3.73981e+06,1.61264e+07,0,0,0,0
72.7389,85.139,1.46812,0.26,0.1,3.19567,3.25822,0,0.585113,4.47552,4.08855e+06,2.79793e+06,1.30657e+07,0,0,0,0,98.2123,98.274,2.19032,1,1,1.94463,1.98269,0,1.46634,2.1168,8.49684e+06,3.73981e+06,1.65232e+07,0,0,0,0
71.1413,85.139,1.5964,0.29,0.1,3.1962,3.25877,0,0.598869,4.47552,4.08855e+06,2.79793e+06,1.30678e+07,0,0,0,0,97.9975,98.274,2.28226,1,1,1.94495,1.98302,0,1.50242,2.1168,8.49684e+06,3.73981e+06,1.6526e+07,0,0,0,0
69.4259,85.139,1.43873,0.3,0.1,3.19674,3.25931,0,0.598969,4.47552,4.08855e+06,2.79793e+06,1.307e+07,0,0,0,0,97.6683,98.274,2.18862,1,1,1.94528,1.98336,0,1.50267,2.1168,8.49684e+06,3.73981e+06,1.65287e+07,0,0,0,0
67.6051,85.139,1.31105,0.28,0.1,3.19727,3.25985,0,0.599069,4.47552,4.08855e+06,2.79793e+06,1.30722e+07,0,0,0,0,97.3034,98.274,1.90114,1,1,1.9456,1.98369,0,1.50292,2.1168,8.49684e+06,3.73981e+06,1.65315e+07,0,0,0,0
65.7419,85.139,1.41905,0.32,0.1,3.41137,3.47815,0,0.599169,4.47552,4.08855e+06,2.79793e+06,1.39476e+07,0,0,0,0,96.9335,98.274,2.37401,1,1,2.11347,2.15483,0,1.50317,2.1168,8.49684e+06,3.73981e+06,1.79578e+07,0,0,0,0
63.6861,85.139,1.19689,0.31,0.1,3.41194,3.47873,0,0.639292,4.47552,4.08855e+06,2.79793e+06,1.39499e+07,0,0,0,0,96.5303,98.274,2.21288,1,1,2.11382,2.15519,0,1.63286,2.1168,8.49684e+06,3.73981e+06,1.79608e+07,0,0,0,0
61.6954,85.139,1.24775,0.31,0.1,3.41252,3.47931,0,0.639398,4.47552,4.08855e+06,2.79793e+06,1.39522e+07,0,0,0,0,96.2111,98.274,2.55183,1,1,2.11417,2.15555,0,1.63314,2.1168,8.49684e+06,3.73981e+06,1.79638e+07,0,0,0,0
59.4986,85.139,1.03412,0.33,0.1,3.41309,3.47989,0,0.639505,4.47552,4.08855e+06,2.79793e+06,1.39546e+07,0,0,0,0,95.7542,98.274,2.04098,1,1,2.11453,2.15591,0,1.63341,2.1168,8.49684e+06,3.73981e+06,1.79668e+07,0,0,0,0
57.5005,85.139,1.19087,0.31,0.1,3.41366,3.48047,0,0.639612,4.47552,4.08855e+06,2.79793e+06,1.39569e+07,0,0,0,0,95.5689,98.274,3.06266,1,1,2.11488,2.15627,0,1.63368,2.1168,8.49684e+06,3.73981e+06,1.79698e+07,0,0,0,0
55.2243,85.139,0.787515,0.32,0.1,3.31005,3.37484,0,0.639719,4.47552,4.08855e+06,2.79793e+06,1.35333e+07,0,0,0,0,94.9157,98.274,2.03857,1,1,2.01346,2.05287,0,1.63396,2.1168,8.49684e+06,3.73981e+06,1.7108e+07,0,0,0,0
52.7037,85.139,0.493934,0.34,0.1,3.31061,3.37541,0,0.620304,4.47552,4.08855e+06,2.79793e+06,1.35356e+07,0,0,0,0,94.1989,98.274,1.42266,1,1,2.0138,2.05321,0,1.5556,2.1168,8.49684e+06,3.73981e+06,1.71109e+07,0,0,0,0
50.2716,85.139,0.573176,0.34,0.1,3.31116,3.37597,0,0.620408,4.47552,4.08855e+06,2.79793e+06,1.35378e+07,0,0,0,0,93.741,98.274,1.45687,1,1,2.01413,2.05356,0,1.55586,2.1168,8.49684e+06,3.73981e+06,1.71138e+07,0,0,0,0
48.7717,85.139,1.63172,0.36,0.1,3.31171,3.37654,0,0.620511,4.47552,4.08855e+06,2.79793e+06,1.35401e+07,0,0,0,0,93.8323,98.274,2.75186,1,1,2.01447,2.0539,0,1.55612,2.1168,8.49684e+06,3.73981e+06,1.71166e+07,0,0,0,0
46.9506,85.139,1.18313,0.35,0.1,3.2267,3.28986,0,0.620615,4.47552,4.08855e+06,2.79793e+06,1.31925e+07,0,0,0,0,93.6822,98.274,2.22224,1,1,1.9221,1.95973,0,1.55638,2.1168,8.49684e+06,3.73981e+06,1.63318e+07,0,0,0,0
46.3768,85.139,2.484,0.37,0.1,3.22724,3.29041,0,0.604684,4.47552,4.08855e+06,2.79793e+06,1.31947e+07,0,0,0,0,93.6708,98.274,3.03851,1,1,1.92242,1.96005,0,1.48502,2.1168,8.49684e+06,3.73981e+06,1.63345e+07,0,0,0,0
46.5647,85.139,3.25774,0.38,0.1,3.22778,3.29096,0,0.604785,4.47552,4.08855e+06,2.79793e+06,1.31969e+07,0,0,0,0,93.8985,98.274,3.71832,1,1,1.92275,1.96038,0,1.48527,2.1168,8.49684e+06,3.73981e+06,1.63373e+07,0,0,0,0
46.3201,85.139,2.95165,0.38,0.1,3.22832,3.29151,0,0.604886,4.47552,4.08855e+06,2.79793e+06,1.31991e+07,0,0,0,0,94.5813,98.274,4.31824,1,1,1.92307,1.96071,0,1.48551,2.1168,8.49684e+06,3.73981e+06,1.634e+07,0,0,0,0
46.2467,85.139,2.94755,0.38,0.1,3.04413,3.04413,0,0.604987,4.47552,4.08855e+06,2.70226e+06,1.24461e+07,0,0,0,0,95.5941,98.274,5.4242,0,1,1.76406,1.76406,0,1.48576,2.1168,8.49684e+06,3.61194e+06,1.49889e+07,0,0,0,0
46.9577,85.139,3.5496,0.41,0.1,2.75239,3.04464,0,0.57047,4.47552,4.08855e+06,3.35751e+06,1.12533e+07,0,0,0,0,96.1723,98.274,4.91575,0,1,1.59499,1.76435,0,1.36291,2.1168,8.49684e+06,4.48777e+06,1.35524e+07,0,0,0,0
47.8754,85.139,3.90175,0.43,0.1,2.75284,3.04515,0,0.515797,4.47552,4.08855e+06,3.35751e+06,1.12551e+07,0,0,0,0,96.829,98.274,4.54619,0,1,1.59526,1.76465,0,1.23229,2.1168,8.49684e+06,4.48777e+06,1.35547e+07,0,0,0,0
46.9829,85.139,1.92956,0.46,0.1,2.7533,3.04566,0,0.515883,4.47552,4.08855e+06,3.35751e+06,1.1257e+07,0,0,0,0,97.0604,98.274,2.65523,0,1,1.59552,1.76494,0,1.2325,2.1168,8.49684e+06,4.48777e+06,1.35569e+07,0,0,0,0
46.7297,85.139,2.50798,0.5,0.1,2.75376,3.04616,0,0.515969,4.47552,4.08855e+06,3.35751e+06,1.12589e+07,0,0,0,0,97.2146,98.274,2.94957,0,1,1.59579,1.76524,0,1.2327,2.1168,8.49684e+06,4.48777e+06,1.35592e+07,0,0,0,0
48.5369,85.139,4.68311,0.52,0.1,2.75376,3.04616,0,0.516055,4.47552,4.08855e+06,3.35751e+06,1.12589e+07,0,0,0,0,97.8438,98.274,4.74011,0,1,1.59579,1.76524,0,1.23291,2.1168,8.49684e+06,4.48777e+06,1.35592e+07,0,0,0,0
56.4064,85.139,11.1749,0.55,0.12,2.84049,3.1421,0,0.516055,4.47552,4.08855e+06,3.35751e+06,1.16135e+07,0,0,0,0,98.8105,98.274,5.02843,0,1,1.64766,1.82261,0,1.23291,2.1168,8.49684e+06,4.48777e+06,1.39999e+07,0,0,0,0
57.3154,85.139,3.97336,0.52,0.12,2.84094,3.1426,0,0.532308,4.47552,4.08855e+06,3.35751e+06,1.16153e+07,0,0,0,0,99.3022,98.274,3.45385,0,1,1.64792,1.8229,0,1.27298,2.1168,8.49684e+06,4.48777e+06,1.40021e+07,0,0,0,0
61.5818,85.139,7.52755,0.5,0.12,2.84139,3.14309,0,0.532392,4.47552,4.08855e+06,3.35751e+06,1.16172e+07,0,0,0,0,99.3022,98.274,6.54704,0,1,1.64818,1.82318,0,1.27318,2.1168,8.49684e+06,4.48777e+06,1.40043e+07,0,0,0,0
70.1923,85.139,12.1584,0.52,0.12,2.84184,3.14359,0,0.532476,4.47552,4.08855e+06,3.35751e+06,1.1619e+07,0,0,0,0,99.3022,98.274,11.5783,0,1,1.64844,1.82347,0,1.27338,2.1168,8.49684e+06,4.48777e+06,1.40065e+07,0,0,0,0
76.8089,85.139,10.1903,0.4,0.12,3.11952,3.45075,0,0.53256,4.47552,4.08855e+06,2.79793e+06,1.27543e+07,0,0,0,0,99.3022,98.274,6.30202,1,1,1.84255,2.03819,0,1.27358,2.1168,8.49684e+06,3.73981e+06,1.56558e+07,0,0,0,0
81.6058,85.139,8.82165,0.36,0.12,3.38504,3.4513,0,0.584597,4.47552,4.08855e+06,2.79793e+06,1.38399e+07,0,0,0,0,99.3022,98.274,6.05766,1,1,1.99938,2.03852,0,1.42355,2.1168,8.49684e+06,3.73981e+06,1.69884e+07,0,0,0,0
85.139,85.139,8.59781,0.29,0.12,3.38557,3.45184,0,0.634356,4.47552,4.08855e+06,2.79793e+06,1.38421e+07,0,0,0,0,99.3022,98.274,7.29152,1,1,1.9997,2.03884,0,1.54472,2.1168,8.49684e+06,3.73981e+06,1.69911e+07,0,0,0,0
85.139,85.139,7.27353,0.24,0.12,3.38611,3.45239,0,0.634456,4.47552,4.08855e+06,2.79793e+06,1.38443e+07,0,0,0,0,99.3022,98.274,6.10983,1,1,2.00001,2.03916,0,1.54496,2.1168,8.49684e+06,3.73981e+06,1.69938e+07,0,0,0,0
85.139,85.139,5.8831,0.28,0.12,3.01525,3.01525,0,0.634557,4.47552,4.08855e+06,2.70226e+06,1.2328e+07,0,0,0,0,99.3022,98.274,4.09484,0,1,1.75152,1.75152,0,1.54521,2.1168,8.49684e+06,3.61194e+06,1.48824e+07,0,0,0,0
85.139,85.139,7.46153,0.29,0.12,3.01573,3.01573,0,0.565058,4.47552,4.08855e+06,2.70226e+06,1.23299e+07,0,0,0,0,99.3022,98.274,5.28156,0,1,1.7518,1.7518,0,1.35323,2.1168,8.49684e+06,3.61194e+06,1.48848e+07,0,0,0,0
85.139,85.139,8.57724,0.31,0.12,3.0162,3.0162,0,0.565147,4.47552,4.08855e+06,2.70226e+06,1.23319e+07,0,0,0,0,99.3022,98.274,8.07278,0,1,1.75208,1.75208,0,1.35344,2.1168,8.49684e+06,3.61194e+06,1.48871e+07,0,0,0,0
85.139,85.139,10.0627,0.32,0.12,3.01668,3.01668,0,0.565236,4.47552,4.08855e+06,2.70226e+06,1.23338e+07,0,0,0,0,99.3022,98.274,8.25472,0,1,1.75235,1.75235,0,1.35365,2.1168,8.49684e+06,3.61194e+06,1.48895e+07,0,0,0,0
85.139,85.139,10.7828,0.34,0.12,3.01715,3.01715,0,0.565325,4.47552,4.08855e+06,2.70226e+06,1.23358e+07,0,0,0,0,99.3022,98.274,7.63966,0,1,1.75263,1.75263,0,1.35387,2.1168,8.49684e+06,3.61194e+06,1.48918e+07,0,0,0,0
85.139,85.139,12.6994,0.37,0.12,3.12789,3.12789,0,0.565415,4.47552,4.08855e+06,2.70226e+06,1.27885e+07,0,0,0,0,99.3022,98.274,8.72799,0,1,1.82341,1.82341,0,1.35408,2.1168,8.49684e+06,3.61194e+06,1.54932e+07,0,0,0,0
85.139,85.139,9.11638,0.37,0.12,3.12838,3.12838,0,0.586166,4.47552,4.08855e+06,2.70226e+06,1.27905e+07,0,0,0,0,99.3022,98.274,6.74622,0,1,1.8237,1.8237,0,1.40876,2.1168,8.49684e+06,3.61194e+06,1.54956e+07,0,0,0,0
85.139,85.139,7.83006,0.37,0.12,3.12887,3.12887,0,0.586259,4.47552,4.08855e+06,2.70226e+06,1.27926e+07,0,0,0,0,99.3022,98.274,6.44794,0,1,1.82398,1.82398,0,1.40899,2.1168,8.49684e+06,3.61194e+06,1.54981e+07,0,0,0,0
85.139,85.139,7.18069,0.37,0.12,3.12937,3.12937,0,0.586351,4.47552,4.08855e+06,2.70226e+06,1.27946e+07,0,0,0,0,99.3022,98.274,6.00879,0,1,1.82427,1.82427,0,1.40921,2.1168,8.49684e+06,3.61194e+06,1.55005e+07,0,0,0,0
85.139,85.139,6.35774,0.34,0.12,3.08672,3.08672,0,0.586444,4.47552,4.08855e+06,2.70226e+06,1.26202e+07,0,0,0,0,99.3022,98.274,3.80134,0,1,1.79716,1.79716,0,1.40943,2.1168,8.49684e+06,3.61194e+06,1.52702e+07,0,0,0,0
85.139,85.139,5.95665,0.32,0.12,3.08721,3.08721,0,0.578452,4.47552,4.08855e+06,2.70226e+06,1.26222e+07,0,0,0,0,99.3022,98.274,3.59266,0,1,1.79744,1.79744,0,1.38849,2.1168,8.49684e+06,3.61194e+06,1.52726e+07,0,0,0,0
85.139,85.139,5.47587,0.3,0.12,3.0877,3.0877,0,0.578543,4.47552,4.08855e+06,2.70226e+06,1.26242e+07,0,0,0,0,99.3022,98.274,3.60284,0,1,1.79773,1.79773,0,1.3887,2.1168,8.49684e+06,3.61194e+06,1.5275e+07,0,0,0,0
85.139,85.139,5.28941,0.27,0.12,3.08819,3.08819,0,0.578635,4.47552,4.08855e+06,2.70226e+06,1.26262e+07,0,0,0,0,99.3022,98.274,4.43968,0,1,1.79801,1.79801,0,1.38892,2.1168,8.49684e+06,3.61194e+06,1.52774e+07,0,0,0,0
85.139,85.139,5.84266,0.26,0.12,3.23519,3.23519,0,0.578726,4.47552,4.08855e+06,2.70226e+06,1.32272e+07,0,0,0,0,99.3022,98.274,4.06297,0,1,1.89552,1.89552,0,1.38914,2.1168,8.49684e+06,3.61194e+06,1.61059e+07,0,0,0,0
85.139,85.139,5.00522,0.24,0.12,3.2357,3.2357,0,0.606275,4.47552,4.08855e+06,2.70226e+06,1.32293e+07,0,0,0,0,99.3022,98.274,3.87,0,1,1.89582,1.89582,0,1.46448,2.1168,8.49684e+06,3.61194e+06,1.61085e+07,0,0,0,0
85.139,85.139,5.10591,0.22,0.12,3.23621,3.23621,0,0.60637,4.47552,4.08855e+06,2.70226e+06,1.32314e+07,0,0,0,0,99.3022,98.274,3.38249,0,1,1.89612,1.89612,0,1.46471,2.1168,8.49684e+06,3.61194e+06,1.6111e+07,0,0,0,0
85.139,85.139,4.35929,0.22,0.12,3.23672,3.23672,0,0.606466,4.47552,4.08855e+06,2.70226e+06,1.32335e+07,0,0,0,0,99.3022,98.274,2.89182,0,1,1.89642,1.89642,0,1.46494,2.1168,8.49684e+06,3.61194e+06,1.61135e+07,0,0,0,0
85.139,85.139,3.85515,0.22,0.12,3.23723,3.23723,0,0.606562,4.47552,4.08855e+06,2.70226e+06,1.32356e+07,0,0,0,0,99.3022,98.274,2.76994,0,1,1.89671,1.89671,0,1.46517,2.1168,8.49684e+06,3.61194e+06,1.61161e+07,0,0,0,0
85.139,85.139,3.50952,0.22,0.12,3.14714,3.20874,0,0.606657,4.47552,4.08855e+06,2.79793e+06,1.28673e+07,0,0,0,0,99.2468,98.274,2.64368,1,1,1.91305,1.95049,0,1.4654,2.1168,8.49684e+06,3.73981e+06,1.62549e+07,0,0,0,0
85.139,85.139,3.34212,0.21,0.12,3.14764,3.20925,0,0.589775,4.47552,4.08855e+06,2.79793e+06,1.28693e+07,0,0,0,0,99.1491,98.274,2.59115,1,1,1.91335,1.9508,0,1.47802,2.1168,8.49684e+06,3.73981e+06,1.62574e+07,0,0,0,0
85.0072,85.139,3.15383,0.22,0.12,3.14814,3.20976,0,0.589868,4.47552,4.08855e+06,2.79793e+06,1.28713e+07,0,0,0,0,99.0054,98.274,2.60967,1,1,1.91365,1.95111,0,1.47825,2.1168,8.49684e+06,3.73981e+06,1.626e+07,0,0,0,0
84.6946,85.139,2.97458,0.24,0.12,3.14863,3.21026,0,0.589961,4.47552,4.08855e+06,2.79793e+06,1.28733e+07,0,0,0,0,98.8561,98.274,2.51353,1,1,1.91395,1.95142,0,1.47849,2.1168,8.49684e+06,3.73981e+06,1.62626e+07,0,0,0,0
84.5761,85.139,3.20667,0.24,0.12,3.22262,3.2857,0,0.590054,4.47552,4.08855e+06,2.79793e+06,1.31759e+07,0,0,0,0,98.7263,98.274,2.66438,1,1,1.96103,1.99941,0,1.47872,2.1168,8.49684e+06,3.73981e+06,1.66626e+07,0,0,0,0
84.197,85.139,2.93714,0.22,0.12,3.22313,3.28622,0,0.603919,4.47552,4.08855e+06,2.79793e+06,1.31779e+07,0,0,0,0,98.5517,98.274,2.59089,1,1,1.96134,1.99973,0,1.51509,2.1168,8.49684e+06,3.73981e+06,1.66652e+07,0,0,0,0
83.5552,85.139,2.66438,0.22,0.12,3.22364,3.28674,0,0.604015,4.47552,4.08855e+06,2.79793e+06,1.318e+07,0,0,0,0,98.3463,98.274,2.37427,1,1,1.96165,2.00005,0,1.51533,2.1168,8.49684e+06,3.73981e+06,1.66678e+07,0,0,0,0
82.6134,85.139,2.34005,0.22,0.12,3.22415,3.28726,0,0.60411,4.47552,4.08855e+06,2.79793e+06,1.31821e+07,0,0,0,0,98.1293,98.274,2.34773,1,1,1.96196,2.00036,0,1.51557,2.1168,8.49684e+06,3.73981e+06,1.66704e+07,0,0,0,0
81.4965,85.139,2.34986,0.22,0.12,3.44002,3.50735,0,0.604205,4.47552,4.08855e+06,2.79793e+06,1.40647e+07,0,0,0,0,97.9327,98.274,2.71363,1,1,2.1168,2.17293,0.0144101,1.51581,2.1168,8.49684e+06,3.73981e+06,1.79861e+07,0,0,0,0
80.2688,85.139,2.21951,0.23,0.12,3.44056,3.5079,0,0.644659,4.47552,4.08855e+06,2.79793e+06,1.40669e+07,0,0,0,0,97.6972,98.274,2.69073,1,1,2.1168,2.17327,0.0147461,1.63544,2.1168,8.49684e+06,3.73981e+06,1.79861e+07,0,0,0,0
79.2292,85.139,2.39327,0.23,0.12,3.4411,3.50846,0,0.644761,4.47552,4.08855e+06,2.79793e+06,1.40691e+07,0,0,0,0,97.4708,98.274,2.72769,1,1,2.1168,2.17361,0.0150819,1.63544,2.1168,8.49684e+06,3.73981e+06,1.79861e+07,0,0,0,0
79.4155,85.139,3.70564,0.26,0.12,3.44164,3.50901,0,0.644862,4.47552,4.08855e+06,2.79793e+06,1.40713e+07,0,0,0,0,97.3987,98.274,3.23502,1,1,2.1168,2.17395,0.0154182,1.63544,2.1168,8.49684e+06,3.73981e+06,1.79861e+07,0,0,0,0
80.7723,85.139,4.87243,0.26,0.12,3.44219,3.50956,0,0.644964,4.47552,4.08855e+06,2.79793e+06,1.40736e+07,0,0,0,0,97.5115,98.274,3.42643,1,1,2.1168,2.1743,0.0157542,1.63544,2.1168,8.49684e+06,3.73981e+06,1.79861e+07,0,0,0,0
82.6297,85.139,5.23901,0.23,0.12,3.33769,3.40302,0,0.645066,4.47552,4.08855e+06,2.79793e+06,1.36463e+07,0,0,0,0,97.9424,98.274,4.39963,1,1,2.03027,2.07001,0,1.63544,2.1168,8.49684e+06,3.73981e+06,1.72509e+07,0,0,0,0
84.3698,85.139,5.17946,0.25,0.12,3.33821,3.40355,0,0.625483,4.47552,4.08855e+06,2.79793e+06,1.36485e+07,0,0,0,0,98.2258,98.274,3.88446,1,1,2.03059,2.07033,0,1.56858,2.1168,8.49684e+06,3.73981e+06,1.72536e+07,0,0,0,0
85.139,85.139,5.07938,0.24,0.12,3.33874,3.40409,0,0.625581,4.47552,4.08855e+06,2.79793e+06,1.36506e+07,0,0,0,0,98.3863,98.274,3.64116,1,1,2.03091,2.07066,0,1.56883,2.1168,8.49684e+06,3.73981e+06,1.72563e+07,0,0,0,0
85.139,85.139,4.83639,0.18,0.12,3.33927,3.40463,0,0.62568,4.47552,4.08855e+06,2.79793e+06,1.36528e+07,0,0,0,0,98.655,98.274,3.90995,1,1,2.03123,2.07099,0,1.56908,2.1168,8.49684e+06,3.73981e+06,1.7259e+07,0,0,0,0
85.139,85.139,6.59621,0.18,0.12,3.25352,3.3172,0,0.625778,4.47552,4.08855e+06,2.79793e+06,1.33022e+07,0,0,0,0,99.0986,98.274,4.35698,1,1,1.93808,1.97601,0,1.56933,2.1168,8.49684e+06,3.73981e+06,1.64675e+07,0,0,0,0
85.139,85.139,6.38816,0.16,0.12,3.25403,3.31772,0,0.609709,4.47552,4.08855e+06,2.79793e+06,1.33043e+07,0,0,0,0,99.3022,98.274,5.33445,1,1,1.93838,1.97632,0,1.49736,2.1168,8.49684e+06,3.73981e+06,1.64701e+07,0,0,0,0
85.139,85.139,7.86062,0.16,0.12,3.25454,3.31825,0,0.609805,4.47552,4.08855e+06,2.79793e+06,1.33064e+07,0,0,0,0,99.3022,98.274,5.88695,1,1,1.93869,1.97663,0,1.49759,2.1168,8.49684e+06,3.73981e+06,1.64727e+07,0,0,0,0
85.139,85.139,5.08587,0.15,0.12,3.25506,3.31877,0,0.609901,4.47552,4.08855e+06,2.79793e+06,1.33085e+07,0,0,0,0,99.3022,98.274,3.97035,1,1,1.93899,1.97695,0,1.49783,2.1168,8.49684e+06,3.73981e+06,1.64753e+07,0,0,0,0
85.139,85.139,8.25758,0.16,0.12,3.06931,3.06931,0,0.609997,4.47552,4.08855e+06,2.70226e+06,1.2549e+07,0,0,0,0,99.3022,98.274,6.89554,0,1,1.77865,1.77865,0,1.49807,2.1168,8.49684e+06,3.61194e+06,1.51129e+07,0,0,0,0
85.139,85.139,8.12967,0.19,0.12,3.06979,3.06979,0,0.575189,4.47552,4.08855e+06,2.70226e+06,1.2551e+07,0,0,0,0,99.3022,98.274,7.51087,0,1,1.77893,1.77893,0,1.37418,2.1168,8.49684e+06,3.61194e+06,1.51153e+07,0,0,0,0
85.139,85.139,8.08014,0.2,0.12,3.07028,3.07028,0,0.575279,4.47552,4.08855e+06,2.70226e+06,1.2553e+07,0,0,0,0,99.3022,98.274,6.91548,0,1,1.77921,1.77921,0,1.3744,2.1168,8.49684e+06,3.61194e+06,1.51177e+07,0,0,0,0
85.139,85.139,8.52118,0.2,0.12,3.07076,3.07076,0,0.57537,4.47552,4.08855e+06,2.70226e+06,1.2555e+07,0,0,0,0,99.3022,98.274,9.24338,0,1,1.77949,1.77949,0,1.37462,2.1168,8.49684e+06,3.61194e+06,1.512e+07,0,0,0,0
85.139,85.139,6.05885,0.22,0.12,3.07125,3.07125,0,0.575461,4.47552,4.08855e+06,2.70226e+06,1.25569e+07,0,0,0,0,99.3022,98.274,6.38796,0,1,1.77977,1.77977,0,1.37483,2.1168,8.49684e+06,3.61194e+06,1.51224e+07,0,0,0,0
85.0579,85.139,3.4298,0.21,1,3.16794,3.16794,0,0.575551,4.47552,4.08855e+06,2.70226e+06,1.29523e+07,0,0,0,0,99.3022,98.274,4.02479,0,1,1.8376,1.8376,0,1.37505,2.1168,8.49684e+06,3.61194e+06,1.56138e+07,0,0,0,0
83.9623,85.139,2.38632,0.29,1,3.16841,3.16841,0,0.593672,4.47552,4.08855e+06,2.70226e+06,1.29542e+07,0,0,0,0,99.3022,98.274,3.21706,0,1,1.83787,1.83787,0,1.41973,2.1168,8.49684e+06,3.61194e+06,1.56161e+07,0,0,0,0
83.1974,85.139,2.81287,0.28,1,3.16888,3.16888,0,0.593761,4.47552,4.08855e+06,2.70226e+06,1.29561e+07,0,0,0,0,99.3022,98.274,5.10147,0,1,1.83814,1.83814,0,1.41994,2.1168,8.49684e+06,3.61194e+06,1.56184e+07,0,0,0,0
83.3726,85.139,3.84356,0.3,1,3.16935,3.16935,0,0.593849,4.47552,4.08855e+06,2.70226e+06,1.29581e+07,0,0,0,0,99.3022,98.274,6.27077,0,1,1.83842,1.83842,0,1.42015,2.1168,8.49684e+06,3.61194e+06,1.56207e+07,0,0,0,0
84.3066,85.139,5.09338,0.3,1,3.41221,3.479,0,0.593937,4.47552,4.08855e+06,2.79793e+06,1.3951e+07,0,0,0,0,99.3022,98.274,7.60967,1,1,2.01543,2.05488,0,1.42036,2.1168,8.49684e+06,3.73981e+06,1.71248e+07,0,0,0,0
84.3023,85.139,3.76941,0.32,1,3.41272,3.47952,0,0.639449,4.47552,4.08855e+06,2.79793e+06,1.39531e+07,0,0,0,0,99.3022,98.274,5.30516,1,1,2.01573,2.05518,0,1.55712,2.1168,8.49684e+06,3.73981e+06,1.71273e+07,0,0,0,0
84.2425,85.139,3.70629,0.33,1,3.41323,3.48004,0,0.639544,4.47552,4.08855e+06,2.79793e+06,1.39551e+07,0,0,0,0,99.3022,98.274,6.51534,1,1,2.01603,2.05549,0,1.55735,2.1168,8.49684e+06,3.73981e+06,1.71299e+07,0,0,0,0
83.7812,85.139,3.32611,0.33,1,3.41373,3.48055,0,0.639638,4.47552,4.08855e+06,2.79793e+06,1.39572e+07,0,0,0,0,99.3022,98.274,5.79273,1,1,2.01633,2.05579,0,1.55758,2.1168,8.49684e+06,3.73981e+06,1.71324e+07,0,0,0,0
85.139,85.139,5.27642,0.34,1,3.03982,3.03982,0,0.639733,4.47552,4.08855e+06,2.70226e+06,1.24285e+07,0,0,0,0,99.3022,98.274,8.8489,0,1,1.7658,1.7658,0,1.55782,2.1168,8.49684e+06,3.61194e+06,1.50037e+07,0,0,0,0
85.139,85.139,4.91249,0.32,1,3.04027,3.04027,0,0.569662,4.47552,4.08855e+06,2.70226e+06,1.24303e+07,0,0,0,0,99.3022,98.274,6.76941,0,1,1.76606,1.76606,0,1.36425,2.1168,8.49684e+06,3.61194e+06,1.50059e+07,0,0,0,0
85.139,85.139,3.96795,0.32,1,3.04072,3.04072,0,0.569747,4.47552,4.08855e+06,2.70226e+06,1.24322e+07,0,0,0,0,99.3022,98.274,4.83113,0,1,1.76632,1.76632,0,1.36446,2.1168,8.49684e+06,3.61194e+06,1.50082e+07,0,0,0,0
84.4044,85.139,2.77208,0.34,1,3.04117,3.04117,0,0.569832,4.47552,4.08855e+06,2.70226e+06,1.2434e+07,0,0,0,0,99.3022,98.274,3.8386,0,1,1.76658,1.76658,0,1.36466,2.1168,8.49684e+06,3.61194e+06,1.50104e+07,0,0,0,0
85.139,85.139,5.12154,0.47,1,2.74966,3.04163,0,0.569916,4.47552,4.08855e+06,3.35751e+06,1.12421e+07,0,0,0,0,99.3022,98.274,6.42606,0,1,1.59725,1.76685,0,1.36486,2.1168,8.49684e+06,4.48777e+06,1.35716e+07,0,0,0,0
85.139,85.139,6.04983,0.38,1,3.15323,3.15323,0,0.515287,4.47552,4.08855e+06,2.70226e+06,1.28921e+07,0,0,0,0,99.3022,98.274,8.08475,0,1,1.83818,1.83818,0,1.23403,2.1168,8.49684e+06,3.61194e+06,1.56187e+07,0,0,0,0
85.139,85.139,5.43325,0.39,1,3.09315,3.1537,0,0.590915,4.47552,4.08855e+06,2.79793e+06,1.26465e+07,0,0,0,0,99.3022,98.274,7.02964,0,1,1.80316,1.83845,0,1.42018,2.1168,8.49684e+06,3.73981e+06,1.53211e+07,0,0,0,0
85.139,85.139,4.97846,0.39,1,3.09361,3.15416,0,0.579657,4.47552,4.08855e+06,2.79793e+06,1.26484e+07,0,0,0,0,99.3022,98.274,7.85239,0,1,1.80343,1.83873,0,1.39312,2.1168,8.49684e+06,3.73981e+06,1.53234e+07,0,0,0,0
85.139,85.139,4.12528,0.4,1,2.85182,3.15463,0,0.579743,4.47552,4.08855e+06,3.35751e+06,1.16598e+07,0,0,0,0,99.3022,98.274,5.72616,0,1,1.66247,1.839,0,1.39333,2.1168,8.49684e+06,4.48777e+06,1.41258e+07,0,0,0,0
85.139,85.139,4.10626,0.38,1,3.11162,3.11162,0,0.534431,4.47552,4.08855e+06,2.70226e+06,1.2722e+07,0,0,0,0,99.3022,98.274,5.72126,0,1,1.81165,1.81165,0,1.28443,2.1168,8.49684e+06,3.61194e+06,1.53933e+07,0,0,0,0
85.139,85.139,3.84645,0.34,1,3.11208,3.11208,0,0.583117,4.47552,4.08855e+06,2.70226e+06,1.27239e+07,0,0,0,0,99.3022,98.274,5.42586,0,1,1.81192,1.81192,0,1.39968,2.1168,8.49684e+06,3.61194e+06,1.53956e+07,0,0,0,0
85.139,85.139,3.53424,0.34,1,3.11254,3.11254,0,0.583203,4.47552,4.08855e+06,2.70226e+06,1.27258e+07,0,0,0,0,99.3022,98.274,5.4502,0,1,1.81219,1.81219,0,1.39989,2.1168,8.49684e+06,3.61194e+06,1.53979e+07,0,0,0,0
85.0253,85.139,3.41391,0.3,1,3.113,3.113,0,0.58329,4.47552,4.08855e+06,2.70226e+06,1.27277e+07,0,0,0,0,99.3022,98.274,6.69694,0,1,1.81246,1.81246,0,1.4001,2.1168,8.49684e+06,3.61194e+06,1.54002e+07,0,0,0,0
84.9457,85.139,3.30335,0.4,1,2.94812,3.26116,0,0.583376,4.47552,4.08855e+06,2.79793e+06,1.20535e+07,0,0,0,0,99.3022,98.274,5.32232,1,1,1.72732,1.91073,0,1.4003,2.1168,8.49684e+06,3.73981e+06,1.46768e+07,0,0,0,0
84.2312,85.139,2.75429,0.37,1,3.19902,3.26164,0,0.552477,4.47552,4.08855e+06,2.79793e+06,1.30794e+07,0,0,0,0,99.3022,98.274,4.75145,1,1,1.87433,1.91102,0,1.33453,2.1168,8.49684e+06,3.73981e+06,1.59259e+07,0,0,0,0
83.4964,85.139,2.70713,0.33,1,3.1995,3.26212,0,0.599497,4.47552,4.08855e+06,2.79793e+06,1.30813e+07,0,0,0,0,99.3022,98.274,4.47677,1,1,1.87461,1.9113,0,1.44811,2.1168,8.49684e+06,3.73981e+06,1.59282e+07,0,0,0,0
82.4056,85.139,2.34948,0.3,1,3.19997,3.26261,0,0.599586,4.47552,4.08855e+06,2.79793e+06,1.30832e+07,0,0,0,0,99.3022,98.274,3.57505,1,1,1.87488,1.91158,0,1.44832,2.1168,8.49684e+06,3.73981e+06,1.59306e+07,0,0,0,0
81.1438,85.139,2.08541,0.3,1,3.20045,3.26309,0,0.599675,4.47552,4.08855e+06,2.79793e+06,1.30852e+07,0,0,0,0,99.2609,98.274,2.84503,1,1,1.87516,1.91187,0,1.44854,2.1168,8.49684e+06,3.73981e+06,1.5933e+07,0,0,0,0
79.7755,85.139,1.86813,0.27,1,3.17225,3.23435,0,0.599764,4.47552,4.08855e+06,2.79793e+06,1.29699e+07,0,0,0,0,99.0948,98.274,2.3761,1,1,1.92831,1.96606,0,1.44875,2.1168,8.49684e+06,3.73981e+06,1.63846e+07,0,0,0,0
78.2967,85.139,1.74688,0.26,1,3.17272,3.23483,0,0.59448,4.47552,4.08855e+06,2.79793e+06,1.29718e+07,0,0,0,0,98.9029,98.274,2.29196,1,1,1.9286,1.96635,0,1.48981,2.1168,8.49684e+06,3.73981e+06,1.6387e+07,0,0,0,0
76.6726,85.139,1.58958,0.3,1,3.17319,3.23531,0,0.594568,4.47552,4.08855e+06,2.79793e+06,1.29738e+07,0,0,0,0,98.6494,98.274,2.18051,1,1,1.92888,1.96664,0,1.49003,2.1168,8.49684e+06,3.73981e+06,1.63894e+07,0,0,0,0
74.931,85.139,1.44457,0.29,1,3.17366,3.23579,0,0.594657,4.47552,4.08855e+06,2.79793e+06,1.29757e+07,0,0,0,0,98.3548,98.274,2.00907,1,1,1.92917,1.96693,0,1.49026,2.1168,8.49684e+06,3.73981e+06,1.63918e+07,0,0,0,0
73.0967,85.139,1.36739,0.29,1,3.24821,3.31179,0,0.594745,4.47552,4.08855e+06,2.79793e+06,1.32805e+07,0,0,0,0,98.0524,98.274,2.00232,1,1,1.9766,2.01529,0,1.49048,2.1168,8.49684e+06,3.73981e+06,1.67949e+07,0,0,0,0
71.2908,85.139,1.39799,0.32,1,3.2487,3.31228,0,0.608715,4.47552,4.08855e+06,2.79793e+06,1.32825e+07,0,0,0,0,97.7003,98.274,2.13459,1,1,1.9769,2.01559,0,1.52712,2.1168,8.49684e+06,3.73981e+06,1.67974e+07,0,0,0,0
69.4171,85.139,1.29677,0.32,1,3.24918,3.31278,0,0.608806,4.47552,4.08855e+06,2.79793e+06,1.32844e+07,0,0,0,0,97.2118,98.274,2.05254,1,1,1.97719,2.01589,0,1.52735,2.1168,8.49684e+06,3.73981e+06,1.67999e+07,0,0,0,0
67.4505,85.139,1.18074,0.3,1,3.24966,3.31327,0,0.608896,4.47552,4.08855e+06,2.79793e+06,1.32864e+07,0,0,0,0,96.8326,98.274,1.80496,1,1,1.97748,2.01619,0,1.52758,2.1168,8.49684e+06,3.73981e+06,1.68024e+07,0,0,0,0
65.4248,85.139,1.25989,0.33,1,3.4672,3.53507,0,0.608986,4.47552,4.08855e+06,2.79793e+06,1.41758e+07,0,0,0,0,96.2596,98.274,1.97804,1,1,2.1168,2.1901,0.0312537,1.5278,2.1168,8.49684e+06,3.73981e+06,1.79861e+07,0,0,0,0
63.4853,85.139,1.32939,0.32,1,3.46772,3.53559,0,0.649754,4.47552,4.08855e+06,2.79793e+06,1.41779e+07,0,0,0,0,95.3442,98.274,1.81478,1,1,2.1168,2.19042,0.0315722,1.63544,2.1168,8.49684e+06,3.73981e+06,1.79861e+07,0,0,0,0
61.319,85.139,1.07973,0.31,1,3.46823,3.53612,0,0.64985,4.47552,4.08855e+06,2.79793e+06,1.418e+07,0,0,0,0,94.7002,98.274,1.28799,1,1,2.1168,2.19075,0.0318909,1.63544,2.1168,8.49684e+06,3.73981e+06,1.79861e+07,0,0,0,0
59.4271,85.139,1.32274,0.35,1,3.46875,3.53664,0,0.649947,4.47552,4.08855e+06,2.79793e+06,1.41821e+07,0,0,0,0,94.1489,98.274,2.33533,1,1,2.1168,2.19107,0.0322094,1.63544,2.1168,8.49684e+06,3.73981e+06,1.79861e+07,0,0,0,0
57.1937,85.139,0.942305,0.34,1,3.46926,3.53717,0,0.650043,4.47552,4.08855e+06,2.79793e+06,1.41843e+07,0,0,0,0,93.3174,98.274,1.6184,1,1,2.1168,2.1914,0.0325281,1.63544,2.1168,8.49684e+06,3.73981e+06,1.79861e+07,0,0,0,0
54.7873,85.139,0.635547,0.34,1,3.36391,3.42975,0,0.65014,4.47552,4.08855e+06,2.79793e+06,1.37535e+07,0,0,0,0,92.3772,98.274,1.37827,1,1,2.04622,2.08627,0,1.63544,2.1168,8.49684e+06,3.73981e+06,1.73864e+07,0,0,0,0
52.3983,85.139,0.616012,0.34,1,3.36441,3.43026,0,0.630396,4.47552,4.08855e+06,2.79793e+06,1.37556e+07,0,0,0,0,91.7907,98.274,1.27128,1,1,2.04652,2.08658,0,1.58091,2.1168,8.49684e+06,3.73981e+06,1.7389e+07,0,0,0,0
50.5336,85.139,1.26263,0.35,1,3.36491,3.43077,0,0.63049,4.47552,4.08855e+06,2.79793e+06,1.37576e+07,0,0,0,0,91.6349,98.274,2.15296,1,1,2.04682,2.08689,0,1.58114,2.1168,8.49684e+06,3.73981e+06,1.73915e+07,0,0,0,0
49.572,85.139,1.94865,0.4,1,3.10191,3.43128,0,0.630583,4.47552,4.08855e+06,2.79793e+06,1.26823e+07,0,0,0,0,91.2934,98.274,2.20471,1,1,1.88685,2.0872,0,1.58138,2.1168,8.49684e+06,3.73981e+06,1.60323e+07,0,0,0,0
48.0481,85.139,1.23799,0.41,1,3.02223,3.34314,0,0.581298,4.47552,4.08855e+06,2.79793e+06,1.23565e+07,0,0,0,0,90.9764,98.274,1.68319,1,1,1.8003,1.99146,0,1.45778,2.1168,8.49684e+06,3.73981e+06,1.52969e+07,0,0,0,0
47.3458,85.139,2.16614,0.46,1,3.02268,3.34363,0,0.566366,4.47552,4.08855e+06,2.79793e+06,1.23584e+07,0,0,0,0,90.4715,98.274,1.66725,1,1,1.80057,1.99176,0,1.39091,2.1168,8.49684e+06,3.73981e+06,1.52991e+07,0,0,0,0
46.2435,85.139,1.73893,0.45,1,3.02313,3.34413,0,0.56645,4.47552,4.08855e+06,2.79793e+06,1.23602e+07,0,0,0,0,90.2888,98.274,1.41387,1,1,1.80084,1.99205,0,1.39112,2.1168,8.49684e+06,3.73981e+06,1.53014e+07,0,0,0,0
46.5893,85.139,3.26107,0.46,1,3.02357,3.34462,0,0.566534,4.47552,4.08855e+06,2.79793e+06,1.2362e+07,0,0,0,0,90.6343,98.274,4.074,1,1,1.8011,1.99235,0,1.39133,2.1168,8.49684e+06,3.73981e+06,1.53037e+07,0,0,0,0
48.166,85.139,4.42881,0.48,1,2.79628,3.09319,0,0.566618,4.47552,4.08855e+06,3.35751e+06,1.14327e+07,0,0,0,0,91.4568,98.274,4.24996,0,1,1.62043,1.79249,0,1.39153,2.1168,8.49684e+06,4.48777e+06,1.37685e+07,0,0,0,0
47.6448,85.139,2.22985,0.53,1,2.79669,3.09365,0,0.524023,4.47552,4.08855e+06,3.35751e+06,1.14344e+07,0,0,0,0,91.6755,98.274,2.73226,0,1,1.62067,1.79275,0,1.25194,2.1168,8.49684e+06,4.48777e+06,1.37706e+07,0,0,0,0
48.0528,85.139,3.2198,0.53,1,2.79711,3.09411,0,0.5241,4.47552,4.08855e+06,3.35751e+06,1.14361e+07,0,0,0,0,92.2144,98.274,3.68087,0,1,1.62091,1.79302,0,1.25213,2.1168,8.49684e+06,4.48777e+06,1.37726e+07,0,0,0,0
48.508,85.139,3.26582,0.55,1,2.79752,3.09457,0,0.524178,4.47552,4.08855e+06,3.35751e+06,1.14378e+07,0,0,0,0,92.6976,98.274,3.31719,0,1,1.62115,1.79329,0,1.25231,2.1168,8.49684e+06,4.48777e+06,1.37746e+07,0,0,0,0
49.8727,85.139,4.23064,0.56,1,2.79794,3.09503,0,0.524256,4.47552,4.08855e+06,3.35751e+06,1.14395e+07,0,0,0,0,93.4257,98.274,4.7084,0,1,1.62139,1.79355,0,1.2525,2.1168,8.49684e+06,4.48777e+06,1.37767e+07,0,0,0,0
50.452,85.139,3.45036,0.6,1,2.886,3.19244,0,0.524333,4.47552,4.08855e+06,3.35751e+06,1.17996e+07,0,0,0,0,93.413,98.274,2.4517,0,1,1.67405,1.85181,0,1.25269,2.1168,8.49684e+06,4.48777e+06,1.42242e+07,0,0,0,0
52.2667,85.139,4.83924,0.62,1,2.8864,3.19289,0,0.540837,4.47552,4.08855e+06,3.35751e+06,1.18012e+07,0,0,0,0,93.583,98.274,2.53625,0,1,1.67429,1.85207,0,1.29337,2.1168,8.49684e+06,4.48777e+06,1.42262e+07,0,0,0,0
53.7507,85.139,4.52296,0.62,1,2.8868,3.19333,0,0.540912,4.47552,4.08855e+06,3.35751e+06,1.18028e+07,0,0,0,0,94.0934,98.274,3.5134,0,1,1.67452,1.85232,0,1.29355,2.1168,8.49684e+06,4.48777e+06,1.42281e+07,0,0,0,0
57.0675,85.139,6.46477,0.63,1,2.88721,3.19377,0,0.540987,4.47552,4.08855e+06,3.35751e+06,1.18045e+07,0,0,0,0,95.0646,98.274,4.28222,0,1,1.67475,1.85258,0,1.29373,2.1168,8.49684e+06,4.48777e+06,1.42301e+07,0,0,0,0
58.8735,85.139,5.20116,0.6,1,3.16926,3.50578,0,0.541062,4.47552,4.08855e+06,2.79793e+06,1.29577e+07,0,0,0,0,95.5958,98.274,4.69139,1,1,1.87193,2.07069,0,1.29391,2.1168,8.49684e+06,3.73981e+06,1.59055e+07,0,0,0,0
60.224,85.139,4.65627,0.61,1,3.1697,3.50626,0,0.593919,4.47552,4.08855e+06,2.79793e+06,1.29595e+07,0,0,0,0,95.573,98.274,2.83427,1,1,1.87219,2.07098,0,1.44625,2.1168,8.49684e+06,3.73981e+06,1.59077e+07,0,0,0,0
62.6354,85.139,5.8199,0.65,1,3.17014,3.50675,0,0.594002,4.47552,4.08855e+06,2.79793e+06,1.29613e+07,0,0,0,0,95.5588,98.274,3.0224,1,1,1.87245,2.07127,0,1.44645,2.1168,8.49684e+06,3.73981e+06,1.59099e+07,0,0,0,0
65.034,85.139,5.82016,0.6,1,3.17058,3.50724,0,0.594084,4.47552,4.08855e+06,2.79793e+06,1.29631e+07,0,0,0,0,95.618,98.274,3.17243,1,1,1.87271,2.07156,0,1.44665,2.1168,8.49684e+06,3.73981e+06,1.59121e+07,0,0,0,0
67.5809,85.139,5.6216,0.61,1,2.76907,3.0631,0,0.594167,4.47552,4.08855e+06,3.35751e+06,1.13215e+07,0,0,0,0,96.0858,98.274,3.6035,0,1,1.60852,1.77932,0,1.44686,2.1168,8.49684e+06,4.48777e+06,1.36674e+07,0,0,0,0
70.3,85.139,5.94109,0.67,1,2.76946,3.06352,0,0.518924,4.47552,4.08855e+06,3.35751e+06,1.13231e+07,0,0,0,0,96.9257,98.274,5.93548,0,1,1.60875,1.77957,0,1.24275,2.1168,8.49684e+06,4.48777e+06,1.36693e+07,0,0,0,0
72.5674,85.139,5.41867,0.66,1,2.76984,3.06395,0,0.518997,4.47552,4.08855e+06,3.35751e+06,1.13246e+07,0,0,0,0,97.2979,98.274,3.81354,0,1,1.60897,1.77981,0,1.24292,2.1168,8.49684e+06,4.48777e+06,1.36712e+07,0,0,0,0
74.9153,85.139,5.5347,0.71,1,2.77023,3.06438,0,0.519069,4.47552,4.08855e+06,3.35751e+06,1.13262e+07,0,0,0,0,97.6909,98.274,3.81624,0,1,1.60919,1.78006,0,1.24309,2.1168,8.49684e+06,4.48777e+06,1.36731e+07,0,0,0,0
77.6442,85.139,6.00092,0.62,1,2.77061,3.0648,0,0.519141,4.47552,4.08855e+06,3.35751e+06,1.13278e+07,0,0,0,0,98.1206,98.274,4.2096,0,1,1.60942,1.78031,0,1.24326,2.1168,8.49684e+06,4.48777e+06,1.3675e+07,0,0,0,0
83.9599,85.139,9.77177,0.67,1,2.87225,3.17723,0,0.519213,4.47552,4.08855e+06,3.35751e+06,1.17433e+07,0,0,0,0,98.8001,98.274,5.46687,0,1,1.67438,1.85217,0,1.24344,2.1168,8.49684e+06,4.48777e+06,1.42269e+07,0,0,0,0
85.139,85.139,6.97153,0.55,1,2.87264,3.17767,0,0.538259,4.47552,4.08855e+06,3.35751e+06,1.1745e+07,0,0,0,0,99.1722,98.274,3.70145,0,1,1.67461,1.85243,0,1.29363,2.1168,8.49684e+06,4.48777e+06,1.42289e+07,0,0,0,0
85.139,85.139,5.97469,0.41,1,2.87304,3.17811,0,0.538334,4.47552,4.08855e+06,3.35751e+06,1.17466e+07,0,0,0,0,99.3022,98.274,3.16397,0,1,1.67485,1.85268,0,1.29381,2.1168,8.49684e+06,4.48777e+06,1.42309e+07,0,0,0,0
85.139,85.139,5.4044,0.41,1,2.87344,3.17855,0,0.538408,4.47552,4.08855e+06,3.35751e+06,1.17482e+07,0,0,0,0,99.3022,98.274,2.9024,0,1,1.67508,1.85294,0,1.29399,2.1168,8.49684e+06,4.48777e+06,1.42329e+07,0,0,0,0
85.139,85.139,5.68664,0.4,1,2.83423,3.13518,0,0.538483,4.47552,4.08855e+06,3.35751e+06,1.15879e+07,0,0,0,0,99.3022,98.274,3.1514,0,1,1.65015,1.82537,0,1.29417,2.1168,8.49684e+06,4.48777e+06,1.40211e+07,0,0,0,0
85.139,85.139,5.03609,0.39,1,3.07542,3.13561,0,0.531135,4.47552,4.08855e+06,2.79793e+06,1.2574e+07,0,0,0,0,99.2929,98.274,2.76163,0,1,1.79058,1.82562,0,1.27491,2.1168,8.49684e+06,3.73981e+06,1.52142e+07,0,0,0,0
85.139,85.139,4.58954,0.36,1,3.13605,3.13605,0,0.576333,4.47552,4.08855e+06,2.70226e+06,1.28219e+07,0,0,0,0,99.2058,98.274,2.52981,0,1,1.82588,1.82588,0,1.3834,2.1168,8.49684e+06,3.61194e+06,1.55142e+07,0,0,0,0
85.139,85.139,4.27163,0.34,1,3.13649,3.13649,0,0.587696,4.47552,4.08855e+06,2.70226e+06,1.28237e+07,0,0,0,0,99.1157,98.274,2.47507,0,1,1.82613,1.82613,0,1.41067,2.1168,8.49684e+06,3.61194e+06,1.55163e+07,0,0,0,0
85.139,85.139,4.21063,0.32,1,3.22265,3.28573,0,0.587777,4.47552,4.08855e+06,2.79793e+06,1.3176e+07,0,0,0,0,99.0812,98.274,2.76195,1,1,1.88817,1.92513,0,1.41087,2.1168,8.49684e+06,3.73981e+06,1.60435e+07,0,0,0,0
85.139,85.139,3.73758,0.29,1,3.2231,3.28618,0,0.603924,4.47552,4.08855e+06,2.79793e+06,1.31778e+07,0,0,0,0,98.8772,98.274,2.28068,1,1,1.88843,1.9254,0,1.4588,2.1168,8.49684e+06,3.73981e+06,1.60457e+07,0,0,0,0
85.1187,85.139,3.35045,0.27,1,3.22354,3.28664,0,0.604008,4.47552,4.08855e+06,2.79793e+06,1.31796e+07,0,0,0,0,98.6568,98.274,2.2591,1,1,1.8887,1.92566,0,1.459,2.1168,8.49684e+06,3.73981e+06,1.60479e+07,0,0,0,0
85.0578,85.139,3.30577,0.32,1,3.22399,3.2871,0,0.604092,4.47552,4.08855e+06,2.79793e+06,1.31815e+07,0,0,0,0,98.4823,98.274,2.28986,1,1,1.88896,1.92593,0,1.45921,2.1168,8.49684e+06,3.73981e+06,1.60502e+07,0,0,0,0
84.6725,85.139,2.96327,0.32,1,3.22444,3.28755,0,0.604176,4.47552,4.08855e+06,2.79793e+06,1.31833e+07,0,0,0,0,98.3217,98.274,2.29842,1,1,1.88922,1.9262,0,1.45941,2.1168,8.49684e+06,3.73981e+06,1.60524e+07,0,0,0,0
83.8266,85.139,2.4496,0.28,1,3.196,3.25856,0,0.60426,4.47552,4.08855e+06,2.79793e+06,1.3067e+07,0,0,0,0,98.2575,98.274,2.63498,1,1,1.94275,1.98078,0,1.45961,2.1168,8.49684e+06,3.73981e+06,1.65072e+07,0,0,0,0
82.7705,85.139,2.2308,0.26,1,3.19645,3.25901,0,0.598931,4.47552,4.08855e+06,2.79793e+06,1.30688e+07,0,0,0,0,98.1528,98.274,2.41444,1,1,1.94302,1.98105,0,1.50097,2.1168,8.49684e+06,3.73981e+06,1.65095e+07,0,0,0,0
81.5515,85.139,2.03898,0.26,1,3.19689,3.25947,0,0.599014,4.47552,4.08855e+06,2.79793e+06,1.30707e+07,0,0,0,0,97.9932,98.274,2.31227,1,1,1.94329,1.98133,0,1.50118,2.1168,8.49684e+06,3.73981e+06,1.65118e+07,0,0,0,0
80.255,85.139,1.91973,0.24,1,3.19734,3.25992,0,0.599098,4.47552,4.08855e+06,2.79793e+06,1.30725e+07,0,0,0,0,97.699,98.274,2.2348,1,1,1.94356,1.9816,0,1.50138,2.1168,8.49684e+06,3.73981e+06,1.65141e+07,0,0,0,0
78.7468,85.139,1.75673,0.24,1,3.27241,3.33646,0,0.599181,4.47552,4.08855e+06,2.79793e+06,1.33794e+07,0,0,0,0,97.3955,98.274,1.95896,1,1,1.99133,2.0303,0,1.50159,2.1168,8.49684e+06,3.73981e+06,1.692e+07,0,0,0,0
77.3338,85.139,1.86186,0.27,1,3.27287,3.33693,0,0.61325,4.47552,4.08855e+06,2.79793e+06,1.33813e+07,0,0,0,0,97.1106,98.274,2.21373,1,1,1.9916,2.03059,0,1.5385,2.1168,8.49684e+06,3.73981e+06,1.69223e+07,0,0,0,0
75.8123,85.139,1.72261,0.28,1,3.27332,3.33739,0,0.613335,4.47552,4.08855e+06,2.79793e+06,1.33831e+07,0,0,0,0,96.7179,98.274,2.11259,1,1,1.99188,2.03087,0,1.53871,2.1168,8.49684e+06,3.73981e+06,1.69247e+07,0,0,0,0
74.1535,85.139,1.56766,0.26,1,3.27377,3.33785,0,0.61342,4.47552,4.08855e+06,2.79793e+06,1.3385e+07,0,0,0,0,96.3478,98.274,1.84319,1,1,1.99216,2.03115,0,1.53893,2.1168,8.49684e+06,3.73981e+06,1.6927e+07,0,0,0,0
72.5303,85.139,1.76234,0.26,1,3.4929,3.56127,0,0.613505,4.47552,4.08855e+06,2.79793e+06,1.42809e+07,0,0,0,0,95.4057,98.274,2.15574,1,1,2.1168,2.20633,0.0471739,1.53914,2.1168,8.49684e+06,3.73981e+06,1.79861e+07,0,0,0,0
70.4178,85.139,1.26199,0.29,1,3.49339,3.56176,0,0.65457,4.47552,4.08855e+06,2.79793e+06,1.42829e+07,0,0,0,0,94.4859,98.274,1.17808,1,1,2.1168,2.20664,0.0474746,1.63544,2.1168,8.49684e+06,3.73981e+06,1.79861e+07,0,0,0,0
68.4516,85.139,1.37868,0.3,1,3.49387,3.56226,0,0.654661,4.47552,4.08855e+06,2.79793e+06,1.42849e+07,0,0,0,0,93.651,98.274,1.55894,1,1,2.1168,2.20694,0.0477751,1.63544,2.1168,8.49684e+06,3.73981e+06,1.79861e+07,0,0,0,0
66.4083,85.139,1.28229,0.3,1,3.49436,3.56275,0,0.654751,4.47552,4.08855e+06,2.79793e+06,1.42869e+07,0,0,0,0,92.6837,98.274,1.39153,1,1,2.1168,2.20725,0.0480758,1.63544,2.1168,8.49684e+06,3.73981e+06,1.79861e+07,0,0,0,0
64.5025,85.139,1.38364,0.32,1,3.49484,3.56325,0,0.654842,4.47552,4.08855e+06,2.79793e+06,1.42888e+07,0,0,0,0,91.8889,98.274,1.42084,1,1,2.1168,2.20756,0.0483765,1.63544,2.1168,8.49684e+06,3.73981e+06,1.79861e+07,0,0,0,0
63.1699,85.139,1.86727,0.32,1,3.38868,3.45501,0,0.654933,4.47552,4.08855e+06,2.79793e+06,1.38548e+07,0,0,0,0,91.6018,98.274,1.84136,1,1,2.06129,2.10163,0,1.63544,2.1168,8.49684e+06,3.73981e+06,1.75144e+07,0,0,0,0
61.8479,85.139,1.94346,0.32,1,3.38915,3.45549,0,0.635039,4.47552,4.08855e+06,2.79793e+06,1.38567e+07,0,0,0,0,91.6215,98.274,2.2763,1,1,2.06157,2.10193,0,1.59255,2.1168,8.49684e+06,3.73981e+06,1.75169e+07,0,0,0,0
60.5391,85.139,1.9588,0.34,1,3.38962,3.45597,0,0.635127,4.47552,4.08855e+06,2.79793e+06,1.38586e+07,0,0,0,0,91.8427,98.274,2.4355,1,1,2.06186,2.10222,0,1.59277,2.1168,8.49684e+06,3.73981e+06,1.75193e+07,0,0,0,0
59.3852,85.139,2.13792,0.34,1,3.39009,3.45645,0,0.635215,4.47552,4.08855e+06,2.79793e+06,1.38606e+07,0,0,0,0,92.0712,98.274,2.59165,1,1,2.06215,2.10251,0,1.59299,2.1168,8.49684e+06,3.73981e+06,1.75217e+07,0,0,0,0
57.6684,85.139,1.45324,0.35,1,3.30298,3.36763,0,0.635303,4.47552,4.08855e+06,2.79793e+06,1.35044e+07,0,0,0,0,92.0382,98.274,2.44762,1,1,1.96754,2.00605,0,1.59321,2.1168,8.49684e+06,3.73981e+06,1.67179e+07,0,0,0,0
56.2616,85.139,1.84267,0.35,1,3.30344,3.3681,0,0.618978,4.47552,4.08855e+06,2.79793e+06,1.35063e+07,0,0,0,0,91.4116,98.274,1.66785,1,1,1.96781,2.00633,0,1.52012,2.1168,8.49684e+06,3.73981e+06,1.67202e+07,0,0,0,0
54.7228,85.139,1.47897,0.4,1,3.04522,3.36856,0,0.619064,4.47552,4.08855e+06,2.79793e+06,1.24505e+07,0,0,0,0,91.3729,98.274,1.38593,1,1,1.814,2.00661,0,1.52033,2.1168,8.49684e+06,3.73981e+06,1.54132e+07,0,0,0,0
54.4132,85.139,2.77462,0.4,1,3.04564,3.36903,0,0.570674,4.47552,4.08855e+06,2.79793e+06,1.24523e+07,0,0,0,0,92.1555,98.274,3.95221,1,1,1.81425,2.00689,0,1.40149,2.1168,8.49684e+06,3.73981e+06,1.54154e+07,0,0,0,0
57.7089,85.139,6.36959,0.42,1,2.81666,3.11574,0,0.570753,4.47552,4.08855e+06,3.35751e+06,1.15161e+07,0,0,0,0,94.3537,98.274,5.82967,0,1,1.63224,1.80555,0,1.40169,2.1168,8.49684e+06,4.48777e+06,1.38689e+07,0,0,0,0
59.7466,85.139,5.00148,0.4,1,2.81705,3.11617,0,0.527842,4.47552,4.08855e+06,3.35751e+06,1.15177e+07,0,0,0,0,96.5846,98.274,5.17213,0,1,1.63247,1.8058,0,1.26107,2.1168,8.49684e+06,4.48777e+06,1.38708e+07,0,0,0,0
65.6446,85.139,9.24384,0.43,1,2.81744,3.1166,0,0.527915,4.47552,4.08855e+06,3.35751e+06,1.15193e+07,0,0,0,0,99.3022,98.274,8.56837,0,1,1.63269,1.80605,0,1.26124,2.1168,8.49684e+06,4.48777e+06,1.38727e+07,0,0,0,0
70.296,85.139,7.82264,0.42,1,2.81783,3.11704,0,0.527989,4.47552,4.08855e+06,3.35751e+06,1.15209e+07,0,0,0,0,99.3022,98.274,6.70873,0,1,1.63292,1.8063,0,1.26142,2.1168,8.49684e+06,4.48777e+06,1.38747e+07,0,0,0,0
73.6209,85.139,6.72532,0.39,1,3.05762,3.11747,0,0.528062,4.47552,4.08855e+06,2.79793e+06,1.25012e+07,0,0,0,0,98.8196,98.274,4.65825,0,1,1.77187,1.80656,0,1.26159,2.1168,8.49684e+06,3.73981e+06,1.50553e+07,0,0,0,0
72.8062,85.139,2.31614,0.42,1,2.9069,3.21556,0,0.572998,4.47552,4.08855e+06,3.35751e+06,1.1885e+07,0,0,0,0,99.2564,98.274,2.35799,0,1,1.68618,1.86522,0,1.36895,2.1168,8.49684e+06,4.48777e+06,1.43272e+07,0,0,0,0
73.5026,85.139,3.96924,0.42,1,2.90728,3.21598,0,0.544753,4.47552,4.08855e+06,3.35751e+06,1.18866e+07,0,0,0,0,99.3022,98.274,3.89684,0,1,1.6864,1.86546,0,1.30274,2.1168,8.49684e+06,4.48777e+06,1.4329e+07,0,0,0,0
76.1955,85.139,6.18549,0.44,1,2.90765,3.21639,0,0.544824,4.47552,4.08855e+06,3.35751e+06,1.18881e+07,0,0,0,0,99.3022,98.274,8.51314,0,1,1.68661,1.8657,0,1.30291,2.1168,8.49684e+06,4.48777e+06,1.43309e+07,0,0,0,0
80.3217,85.139,8.09858,0.39,1,3.15506,3.21681,0,0.544894,4.47552,4.08855e+06,2.79793e+06,1.28996e+07,0,0,0,0,99.3022,98.274,9.25977,0,1,1.83012,1.86594,0,1.30308,2.1168,8.49684e+06,3.73981e+06,1.55503e+07,0,0,0,0
82.4683,85.139,6.39218,0.36,1,3.46324,3.53103,0,0.591257,4.47552,4.08855e+06,2.79793e+06,1.41596e+07,0,0,0,0,99.3022,98.274,8.67931,1,1,2.04557,2.08561,0,1.41395,2.1168,8.49684e+06,3.73981e+06,1.73809e+07,0,0,0,0
83.3114,85.139,4.81641,0.35,1,3.46369,3.53149,0,0.649012,4.47552,4.08855e+06,2.79793e+06,1.41615e+07,0,0,0,0,99.3022,98.274,7.85181,1,1,2.04584,2.08588,0,1.58041,2.1168,8.49684e+06,3.73981e+06,1.73831e+07,0,0,0,0
84.7128,85.139,5.50918,0.36,1,3.46414,3.53195,0,0.649096,4.47552,4.08855e+06,2.79793e+06,1.41633e+07,0,0,0,0,99.3022,98.274,7.17788,1,1,2.0461,2.08615,0,1.58061,2.1168,8.49684e+06,3.73981e+06,1.73854e+07,0,0,0,0
84.7456,85.139,4.12883,0.36,1,3.46459,3.5324,0,0.64918,4.47552,4.08855e+06,2.79793e+06,1.41652e+07,0,0,0,0,99.3022,98.274,6.31413,1,1,2.04637,2.08642,0,1.58082,2.1168,8.49684e+06,3.73981e+06,1.73877e+07,0,0,0,0
85.139,85.139,5.41161,0.38,1,3.08505,3.08505,0,0.649264,4.47552,4.08855e+06,2.70226e+06,1.26134e+07,0,0,0,0,99.3022,98.274,8.40694,0,1,1.79207,1.79207,0,1.58102,2.1168,8.49684e+06,3.61194e+06,1.52269e+07,0,0,0,0
85.139,85.139,4.96003,0.33,1,3.08545,3.08545,0,0.578138,4.47552,4.08855e+06,2.70226e+06,1.2615e+07,0,0,0,0,99.3022,98.274,5.17591,0,1,1.7923,1.7923,0,1.38455,2.1168,8.49684e+06,3.61194e+06,1.52289e+07,0,0,0,0
85.139,85.139,4.8461,0.34,1,3.08585,3.08585,0,0.578213,4.47552,4.08855e+06,2.70226e+06,1.26167e+07,0,0,0,0,99.3022,98.274,9.45956,0,1,1.79254,1.79254,0,1.38473,2.1168,8.49684e+06,3.61194e+06,1.52309e+07,0,0,0,0
85.139,85.139,4.79399,0.35,1,3.08625,3.08625,0,0.578288,4.47552,4.08855e+06,2.70226e+06,1.26183e+07,0,0,0,0,99.3022,98.274,6.64587,0,1,1.79277,1.79277,0,1.38491,2.1168,8.49684e+06,3.61194e+06,1.52329e+07,0,0,0,0
85.139,85.139,5.54606,0.4,1,2.79036,3.08665,0,0.578363,4.47552,4.08855e+06,3.35751e+06,1.14085e+07,0,0,0,0,99.3022,98.274,12.4061,0,1,1.62089,1.793,0,1.38509,2.1168,8.49684e+06,4.48777e+06,1.37725e+07,0,0,0,0
85.139,85.139,5.32979,0.43,1,2.89269,3.19985,0,0.522914,4.47552,4.08855e+06,3.35751e+06,1.18269e+07,0,0,0,0,99.3022,98.274,5.66117,0,1,1.6863,1.86536,0,1.2523,2.1168,8.49684e+06,4.48777e+06,1.43282e+07,0,0,0,0
85.139,85.139,4.95014,0.44,1,2.89307,3.20026,0,0.542091,4.47552,4.08855e+06,3.35751e+06,1.18285e+07,0,0,0,0,99.3022,98.274,5.08531,0,1,1.68652,1.8656,0,1.30284,2.1168,8.49684e+06,4.48777e+06,1.43301e+07,0,0,0,0
85.139,85.139,4.55131,0.43,1,2.89344,3.20068,0,0.542161,4.47552,4.08855e+06,3.35751e+06,1.183e+07,0,0,0,0,99.3022,98.274,4.94882,0,1,1.68674,1.86584,0,1.303,2.1168,8.49684e+06,4.48777e+06,1.43319e+07,0,0,0,0
85.139,85.139,3.95786,0.42,1,2.89382,3.20109,0,0.542231,4.47552,4.08855e+06,3.35751e+06,1.18315e+07,0,0,0,0,99.3022,98.274,4.23145,0,1,1.68696,1.86608,0,1.30317,2.1168,8.49684e+06,4.48777e+06,1.43338e+07,0,0,0,0
85.139,85.139,3.91467,0.44,1,2.85431,3.15738,0,0.542302,4.47552,4.08855e+06,3.35751e+06,1.167e+07,0,0,0,0,99.3022,98.274,4.13233,0,1,1.66184,1.8383,0,1.30334,2.1168,8.49684e+06,4.48777e+06,1.41204e+07,0,0,0,0
85.139,85.139,3.55011,0.4,1,2.85468,3.15779,0,0.534897,4.47552,4.08855e+06,3.35751e+06,1.16715e+07,0,0,0,0,99.3022,98.274,3.57832,0,1,1.66206,1.83854,0,1.28394,2.1168,8.49684e+06,4.48777e+06,1.41222e+07,0,0,0,0
85.139,85.139,4.13982,0.36,1,3.1582,3.1582,0,0.534966,4.47552,4.08855e+06,2.70226e+06,1.29125e+07,0,0,0,0,99.3022,98.274,3.58963,0,1,1.83877,1.83877,0,1.2841,2.1168,8.49684e+06,3.61194e+06,1.56238e+07,0,0,0,0
85.0401,85.139,3.30396,0.35,1,3.15861,3.15861,0,0.591847,4.47552,4.08855e+06,2.70226e+06,1.29141e+07,0,0,0,0,99.3022,98.274,3.47258,0,1,1.83901,1.83901,0,1.42064,2.1168,8.49684e+06,3.61194e+06,1.56258e+07,0,0,0,0
84.8706,85.139,3.02188,0.47,1,2.99126,3.30887,0,0.591923,4.47552,4.08855e+06,2.79793e+06,1.22299e+07,0,0,0,0,99.3022,98.274,3.19056,1,1,1.7526,1.93869,0,1.42082,2.1168,8.49684e+06,3.73981e+06,1.48915e+07,0,0,0,0
84.5999,85.139,2.98595,0.42,1,2.99164,3.3093,0,0.560561,4.47552,4.08855e+06,2.79793e+06,1.22315e+07,0,0,0,0,99.3022,98.274,3.09999,1,1,1.75282,1.93894,0,1.35406,2.1168,8.49684e+06,3.73981e+06,1.48935e+07,0,0,0,0
83.8803,85.139,2.73164,0.37,1,3.24619,3.30973,0,0.560634,4.47552,4.08855e+06,2.79793e+06,1.32722e+07,0,0,0,0,99.3022,98.274,2.82305,1,1,1.90196,1.93919,0,1.35423,2.1168,8.49684e+06,3.73981e+06,1.61607e+07,0,0,0,0
83.0263,85.139,2.53005,0.35,1,3.24661,3.31016,0,0.608336,4.47552,4.08855e+06,2.79793e+06,1.32739e+07,0,0,0,0,99.3022,98.274,2.7149,1,1,1.90221,1.93944,0,1.46946,2.1168,8.49684e+06,3.73981e+06,1.61628e+07,0,0,0,0
82.0391,85.139,2.37723,0.32,1,3.24703,3.31059,0,0.608415,4.47552,4.08855e+06,2.79793e+06,1.32757e+07,0,0,0,0,99.3022,98.274,2.60073,1,1,1.90246,1.9397,0,1.46965,2.1168,8.49684e+06,3.73981e+06,1.61649e+07,0,0,0,0
80.787,85.139,2.04779,0.28,1,3.21837,3.28136,0,0.608494,4.47552,4.08855e+06,2.79793e+06,1.31585e+07,0,0,0,0,98.987,98.274,2.48339,1,1,1.95634,1.99464,0,1.46984,2.1168,8.49684e+06,3.73981e+06,1.66227e+07,0,0,0,0
79.396,85.139,1.88659,0.26,1,3.21879,3.28179,0,0.603122,4.47552,4.08855e+06,2.79793e+06,1.31602e+07,0,0,0,0,98.6584,98.274,2.36452,1,1,1.9566,1.99489,0,1.51147,2.1168,8.49684e+06,3.73981e+06,1.66249e+07,0,0,0,0
77.9011,85.139,1.7617,0.31,1,3.2192,3.28221,0,0.6032,4.47552,4.08855e+06,2.79793e+06,1.31619e+07,0,0,0,0,98.2871,98.274,2.13267,1,1,1.95685,1.99515,0,1.51167,2.1168,8.49684e+06,3.73981e+06,1.6627e+07,0,0,0,0
76.3663,85.139,1.69819,0.3,1,3.21962,3.28264,0,0.603279,4.47552,4.08855e+06,2.79793e+06,1.31636e+07,0,0,0,0,97.8994,98.274,2.03123,1,1,1.9571,1.99541,0,1.51186,2.1168,8.49684e+06,3.73981e+06,1.66292e+07,0,0,0,0
74.9076,85.139,1.79392,0.29,1,3.29519,3.35969,0,0.603357,4.47552,4.08855e+06,2.79793e+06,1.34725e+07,0,0,0,0,97.5167,98.274,2.06364,1,1,2.00519,2.04444,0,1.51206,2.1168,8.49684e+06,3.73981e+06,1.70378e+07,0,0,0,0
73.4863,85.139,1.84837,0.28,1,3.29561,3.36012,0,0.617518,4.47552,4.08855e+06,2.79793e+06,1.34743e+07,0,0,0,0,97.0972,98.274,2.1705,1,1,2.00545,2.0447,0,1.54921,2.1168,8.49684e+06,3.73981e+06,1.704e+07,0,0,0,0
71.9671,85.139,1.71253,0.32,1,3.29604,3.36056,0,0.617598,4.47552,4.08855e+06,2.79793e+06,1.3476e+07,0,0,0,0,96.6107,98.274,2.0886,1,1,2.00571,2.04497,0,1.54941,2.1168,8.49684e+06,3.73981e+06,1.70422e+07,0,0,0,0
70.3168,85.139,1.5593,0.3,1,3.29647,3.36099,0,0.617678,4.47552,4.08855e+06,2.79793e+06,1.34778e+07,0,0,0,0,96.1505,98.274,1.83086,1,1,2.00597,2.04523,0,1.54961,2.1168,8.49684e+06,3.73981e+06,1.70444e+07,0,0,0,0
68.6334,85.139,1.68411,0.31,1,3.51708,3.58592,0,0.617758,4.47552,4.08855e+06,2.79793e+06,1.43798e+07,0,0,0,0,95.3941,98.274,2.2947,1,1,2.1168,2.2216,0.0621542,1.54981,2.1168,8.49684e+06,3.73981e+06,1.79861e+07,0,0,0,0
66.6005,85.139,1.29648,0.29,1,3.51754,3.58639,0,0.659101,4.47552,4.08855e+06,2.79793e+06,1.43816e+07,0,0,0,0,94.7214,98.274,1.48188,1,1,2.1168,2.22189,0.0624367,1.63544,2.1168,8.49684e+06,3.73981e+06,1.79861e+07,0,0,0,0
64.6674,85.139,1.39545,0.31,1,3.51799,3.58685,0,0.659186,4.47552,4.08855e+06,2.79793e+06,1.43835e+07,0,0,0,0,93.7515,98.274,1.80692,1,1,2.1168,2.22218,0.0627192,1.63544,2.1168,8.49684e+06,3.73981e+06,1.79861e+07,0,0,0,0
62.5238,85.139,1.15657,0.32,1,3.51845,3.58732,0,0.659272,4.47552,4.08855e+06,2.79793e+06,1.43854e+07,0,0,0,0,93.0801,98.274,1.2786,1,1,2.1168,2.22247,0.0630017,1.63544,2.1168,8.49684e+06,3.73981e+06,1.79861e+07,0,0,0,0
60.6686,85.139,1.41858,0.32,1,3.5189,3.58778,0,0.659357,4.47552,4.08855e+06,2.79793e+06,1.43872e+07,0,0,0,0,92.5827,98.274,2.38909,1,1,2.1168,2.22276,0.0632841,1.63544,2.1168,8.49684e+06,3.73981e+06,1.79861e+07,0,0,0,0
59.4581,85.139,1.95988,0.34,1,3.41198,3.47877,0,0.659443,4.47552,4.08855e+06,2.79793e+06,1.39501e+07,0,0,0,0,92.2504,98.274,1.97916,1,1,2.07546,2.11608,0,1.63544,2.1168,8.49684e+06,3.73981e+06,1.76349e+07,0,0,0,0
58.4761,85.139,2.21854,0.34,1,3.41242,3.47922,0,0.639405,4.47552,4.08855e+06,2.79793e+06,1.39519e+07,0,0,0,0,92.2019,98.274,2.74617,1,1,2.07573,2.11636,0,1.6035,2.1168,8.49684e+06,3.73981e+06,1.76371e+07,0,0,0,0
57.4042,85.139,2.1372,0.34,1,3.41287,3.47967,0,0.639488,4.47552,4.08855e+06,2.79793e+06,1.39537e+07,0,0,0,0,92.1299,98.274,2.62075,1,1,2.076,2.11663,0,1.60371,2.1168,8.49684e+06,3.73981e+06,1.76394e+07,0,0,0,0
56.5996,85.139,2.48869,0.34,1,3.41331,3.48012,0,0.639571,4.47552,4.08855e+06,2.79793e+06,1.39555e+07,0,0,0,0,92.3198,98.274,3.31454,1,1,2.07627,2.11691,0,1.60392,2.1168,8.49684e+06,3.73981e+06,1.76417e+07,0,0,0,0
56.1621,85.139,2.89159,0.38,1,3.32556,3.39066,0,0.639654,4.47552,4.08855e+06,2.79793e+06,1.35967e+07,0,0,0,0,92.8803,98.274,3.90147,1,1,1.98099,2.01977,0,1.60412,2.1168,8.49684e+06,3.73981e+06,1.68322e+07,0,0,0,0
56.3672,85.139,3.51337,0.4,1,3.06559,3.3911,0,0.623211,4.47552,4.08855e+06,2.79793e+06,1.25338e+07,0,0,0,0,94.1761,98.274,5.95101,1,1,1.82613,2.02003,0,1.53052,2.1168,8.49684e+06,3.73981e+06,1.55163e+07,0,0,0,0
57.3601,85.139,4.12272,0.41,1,3.06598,3.39154,0,0.574491,4.47552,4.08855e+06,2.79793e+06,1.25354e+07,0,0,0,0,95.1685,98.274,4.99083,1,1,1.82637,2.02029,0,1.41087,2.1168,8.49684e+06,3.73981e+06,1.55183e+07,0,0,0,0
58.5527,85.139,4.78743,0.39,1,3.32686,3.39198,0,0.574565,4.47552,4.08855e+06,2.79793e+06,1.3602e+07,0,0,0,0,96.5847,98.274,6.58676,1,1,1.98176,2.02055,0,1.41105,2.1168,8.49684e+06,3.73981e+06,1.68387e+07,0,0,0,0
60.2947,85.139,5.03686,0.4,1,2.83582,3.13693,0,0.623453,4.47552,4.08855e+06,3.35751e+06,1.15944e+07,0,0,0,0,98.4561,98.274,6.99085,0,1,1.64334,1.81783,0,1.53111,2.1168,8.49684e+06,4.48777e+06,1.39632e+07,0,0,0,0
62.4196,85.139,5.28959,0.4,1,2.83618,3.13733,0,0.531432,4.47552,4.08855e+06,3.35751e+06,1.15959e+07,0,0,0,0,99.2127,98.274,4.3116,0,1,1.64355,1.81807,0,1.26964,2.1168,8.49684e+06,4.48777e+06,1.3965e+07,0,0,0,0
63.853,85.139,4.67333,0.43,1,2.83655,3.13774,0,0.531501,4.47552,4.08855e+06,3.35751e+06,1.15974e+07,0,0,0,0,99.3022,98.274,4.83723,0,1,1.64377,1.8183,0,1.26981,2.1168,8.49684e+06,4.48777e+06,1.39668e+07,0,0,0,0
66.4748,85.139,5.97045,0.43,1,2.83692,3.13815,0,0.531569,4.47552,4.08855e+06,3.35751e+06,1.15989e+07,0,0,0,0,99.3022,98.274,7.43952,0,1,1.64398,1.81854,0,1.26997,2.1168,8.49684e+06,4.48777e+06,1.39686e+07,0,0,0,0
70.709,85.139,7.75189,0.44,1,2.83729,3.13855,0,0.531638,4.47552,4.08855e+06,3.35751e+06,1.16004e+07,0,0,0,0,99.3022,98.274,6.03931,0,1,1.64419,1.81877,0,1.27014,2.1168,8.49684e+06,4.48777e+06,1.39704e+07,0,0,0,0
73.6932,85.139,6.52738,0.42,1,2.92654,3.23728,0,0.531707,4.47552,4.08855e+06,3.35751e+06,1.19653e+07,0,0,0,0,99.3022,98.274,6.0581,0,1,1.69757,1.87782,0,1.2703,2.1168,8.49684e+06,4.48777e+06,1.4424e+07,0,0,0,0
81.9751,85.139,11.8457,0.42,1,2.92689,3.23767,0,0.548433,6.048,4.08855e+06,3.35751e+06,1.19667e+07,0,0,0,0,99.3022,98.274,12.1578,0,1,1.69777,1.87804,0,1.31154,2.1168,8.49684e+06,4.48777e+06,1.44257e+07,0,0,0,0
85.139,85.139,14.1904,0.35,1,3.23806,3.23806,0,0.548499,6.048,4.08855e+06,2.70226e+06,1.3239e+07,0,0,0,0,99.3022,98.274,10.9902,0,1,1.87827,1.87827,0,1.3117,2.1168,8.49684e+06,3.61194e+06,1.59594e+07,0,0,0,0
85.139,85.139,16.4089,0.27,1,3.23845,3.23845,0,0.606813,6.048,4.08855e+06,2.70226e+06,1.32406e+07,0,0,0,0,99.3022,98.274,10.1439,0,1,1.8785,1.8785,0,1.45115,2.1168,8.49684e+06,3.61194e+06,1.59613e+07,0,0,0,0
85.139,85.139,10.5223,0.29,1,3.48651,3.55475,0,0.606886,6.048,4.08855e+06,2.79793e+06,1.42548e+07,0,0,0,0,99.3022,98.274,10.1971,1,1,2.05931,2.09962,0,1.45133,2.1168,8.49684e+06,3.73981e+06,1.74977e+07,0,0,0,0
85.139,85.139,9.25842,0.28,1,3.48693,3.55518,0,0.653372,6.048,4.08855e+06,2.79793e+06,1.42565e+07,0,0,0,0,99.3022,98.274,10.0148,1,1,2.05956,2.09988,0,1.59103,2.1168,8.49684e+06,3.73981e+06,1.74998e+07,0,0,0,0
85.139,85.139,9.86397,0.29,1,3.48735,3.55561,0,0.653451,6.048,4.08855e+06,2.79793e+06,1.42582e+07,0,0,0,0,99.3022,98.274,12.2615,1,1,2.05981,2.10013,0,1.59122,2.1168,8.49684e+06,3.73981e+06,1.75019e+07,0,0,0,0
85.139,85.139,15.1905,0.31,1,3.48777,3.55604,0,0.65353,6.048,4.08855e+06,2.79793e+06,1.42599e+07,0,0,0,0,99.3022,98.274,19.0017,1,1,2.06006,2.10038,0,1.59141,2.1168,8.49684e+06,3.73981e+06,1.7504e+07,0,0,0,0
85.139,85.139,9.66359,0.33,1,3.10566,3.10566,0,0.653609,6.048,4.08855e+06,2.70226e+06,1.26977e+07,0,0,0,0,99.3022,98.274,13.6276,0,1,1.80405,1.80405,0,1.5916,2.1168,8.49684e+06,3.61194e+06,1.53287e+07,0,0,0,0
85.139,85.139,5.62005,0.35,1,3.10604,3.10604,0,0.582002,6.048,4.08855e+06,2.70226e+06,1.26992e+07,0,0,0,0,99.3022,98.274,6.85988,0,1,1.80426,1.80426,0,1.39381,2.1168,8.49684e+06,3.61194e+06,1.53305e+07,0,0,0,0
85.139,85.139,5.40047,0.35,1,3.10641,3.10641,0,0.582072,6.048,4.08855e+06,2.70226e+06,1.27007e+07,0,0,0,0,99.3022,98.274,6.96715,0,1,1.80448,1.80448,0,1.39397,2.1168,8.49684e+06,3.61194e+06,1.53324e+07,0,0,0,0
85.139,85.139,9.41544,0.38,1,3.10679,3.10679,0,0.582142,6.048,4.08855e+06,2.70226e+06,1.27023e+07,0,0,0,0,99.3022,98.274,12.9065,0,1,1.8047,1.8047,0,1.39414,2.1168,8.49684e+06,3.61194e+06,1.53342e+07,0,0,0,0
85.139,85.139,8.48622,0.42,1,2.80891,3.10716,0,0.582212,6.048,4.08855e+06,3.35751e+06,1.14844e+07,0,0,0,0,99.3022,98.274,10.7238,0,1,1.63166,1.80492,0,1.39431,2.1168,8.49684e+06,4.48777e+06,1.3864e+07,0,0,0,0
85.139,85.139,5.80359,0.44,1,2.91189,3.22108,0,0.52639,6.048,4.08855e+06,3.35751e+06,1.19054e+07,0,0,0,0,99.3022,98.274,6.12587,0,1,1.69749,1.87774,0,1.26062,2.1168,8.49684e+06,4.48777e+06,1.44233e+07,0,0,0,0
85.139,85.139,5.09209,0.46,1,2.91224,3.22147,0,0.545689,6.048,4.08855e+06,3.35751e+06,1.19069e+07,0,0,0,0,99.3022,98.274,6.85844,0,1,1.6977,1.87796,0,1.31148,2.1168,8.49684e+06,4.48777e+06,1.44251e+07,0,0,0,0
85.139,85.139,5.72081,0.47,1,2.9126,3.22186,0,0.545755,6.048,4.08855e+06,3.35751e+06,1.19083e+07,0,0,0,0,99.3022,98.274,6.25989,0,1,1.6979,1.87819,0,1.31164,2.1168,8.49684e+06,4.48777e+06,1.44268e+07,0,0,0,0
85.139,85.139,4.60161,0.46,1,2.91295,3.22225,0,0.54582,6.048,4.08855e+06,3.35751e+06,1.19097e+07,0,0,0,0,99.3022,98.274,6.08297,0,1,1.69811,1.87842,0,1.3118,2.1168,8.49684e+06,4.48777e+06,1.44286e+07,0,0,0,0
85.139,85.139,4.74237,0.45,1,2.87315,3.17822,0,0.545886,6.048,4.08855e+06,3.35751e+06,1.1747e+07,0,0,0,0,99.3022,98.274,5.16138,0,1,1.67281,1.85043,0,1.31196,2.1168,8.49684e+06,4.48777e+06,1.42136e+07,0,0,0,0
85.139,85.139,4.29539,0.44,1,2.87349,3.17861,0,0.538428,6.048,4.08855e+06,3.35751e+06,1.17484e+07,0,0,0,0,99.3022,98.274,4.64465,0,1,1.67301,1.85065,0,1.29241,2.1168,8.49684e+06,4.48777e+06,1.42153e+07,0,0,0,0
85.139,85.139,3.76263,0.42,1,2.87384,3.17899,0,0.538493,6.048,4.08855e+06,3.35751e+06,1.17498e+07,0,0,0,0,99.3022,98.274,4.17994,0,1,1.67321,1.85088,0,1.29257,2.1168,8.49684e+06,4.48777e+06,1.4217e+07,0,0,0,0
85.0582,85.139,3.37414,0.39,1,3.11834,3.17937,0,0.538558,6.048,4.08855e+06,2.79793e+06,1.27495e+07,0,0,0,0,99.3022,98.274,3.70494,0,1,1.81556,1.8511,0,1.29272,2.1168,8.49684e+06,3.73981e+06,1.54266e+07,0,0,0,0
85.139,85.139,3.63938,0.5,1,3.01089,3.3306,0,0.584376,6.048,4.08855e+06,2.79793e+06,1.23102e+07,0,0,0,0,99.3022,98.274,3.74836,1,1,1.7641,1.95142,0,1.4027,2.1168,8.49684e+06,3.73981e+06,1.49893e+07,0,0,0,0
85.139,85.139,3.94599,0.32,1,3.26705,3.331,0,0.564241,6.048,4.08855e+06,2.79793e+06,1.33575e+07,0,0,0,0,99.3022,98.274,4.25668,1,1,1.91419,1.95165,0,1.36294,2.1168,8.49684e+06,3.73981e+06,1.62645e+07,0,0,0,0
85.139,85.139,3.53517,0.31,1,3.26744,3.3314,0,0.612245,6.048,4.08855e+06,2.79793e+06,1.33591e+07,0,0,0,0,99.3022,98.274,3.71834,1,1,1.91442,1.95189,0,1.4789,2.1168,8.49684e+06,3.73981e+06,1.62665e+07,0,0,0,0
85.0692,85.139,3.38284,0.28,1,3.26784,3.3318,0,0.612319,6.048,4.08855e+06,2.79793e+06,1.33607e+07,0,0,0,0,99.3022,98.274,3.68262,1,1,1.91465,1.95212,0,1.47908,2.1168,8.49684e+06,3.73981e+06,1.62685e+07,0,0,0,0
84.8566,85.139,3.23196,0.32,1,3.26823,3.3322,0,0.612393,6.048,4.08855e+06,2.79793e+06,1.33623e+07,0,0,0,0,99.3022,98.274,3.89708,1,1,1.91488,1.95236,0,1.47926,2.1168,8.49684e+06,3.73981e+06,1.62704e+07,0,0,0,0
83.7296,85.139,2.22904,0.32,1,3.23935,3.30276,0,0.612467,6.048,4.08855e+06,2.79793e+06,1.32443e+07,0,0,0,0,99.3022,98.274,3.78934,1,1,1.9691,2.00764,0,1.47943,2.1168,8.49684e+06,3.73981e+06,1.67311e+07,0,0,0,0
82.4681,85.139,2.08558,0.29,1,3.23974,3.30316,0,0.607054,6.048,4.08855e+06,2.79793e+06,1.32458e+07,0,0,0,0,99.3022,98.274,3.65065,1,1,1.96934,2.00788,0,1.52133,2.1168,8.49684e+06,3.73981e+06,1.67331e+07,0,0,0,0
81.0311,85.139,1.89951,0.27,1,3.24013,3.30355,0,0.607128,6.048,4.08855e+06,2.79793e+06,1.32474e+07,0,0,0,0,99.3022,98.274,3.47359,1,1,1.96957,2.00813,0,1.52151,2.1168,8.49684e+06,3.73981e+06,1.67352e+07,0,0,0,0
79.4503,85.139,1.72555,0.27,1,3.24052,3.30395,0,0.607201,6.048,4.08855e+06,2.79793e+06,1.3249e+07,0,0,0,0,99.3022,98.274,3.19631,1,1,1.96981,2.00837,0,1.52169,2.1168,8.49684e+06,3.73981e+06,1.67372e+07,0,0,0,0
77.8873,85.139,1.77456,0.3,1,3.31655,3.38147,0,0.607274,6.048,4.08855e+06,2.79793e+06,1.35599e+07,0,0,0,0,99.2449,98.274,3.11827,1,1,2.01819,2.05769,0,1.52188,2.1168,8.49684e+06,3.73981e+06,1.71482e+07,0,0,0,0
76.3817,85.139,1.81221,0.31,1,3.31695,3.38188,0,0.621522,6.048,4.08855e+06,2.79793e+06,1.35615e+07,0,0,0,0,99.1126,98.274,3.07101,1,1,2.01843,2.05794,0,1.55925,2.1168,8.49684e+06,3.73981e+06,1.71503e+07,0,0,0,0
74.7337,85.139,1.65077,0.29,1,3.31735,3.38228,0,0.621597,6.048,4.08855e+06,2.79793e+06,1.35632e+07,0,0,0,0,98.9266,98.274,2.67062,1,1,2.01867,2.05819,0,1.55944,2.1168,8.49684e+06,3.73981e+06,1.71524e+07,0,0,0,0
73.2429,85.139,1.78877,0.28,1,3.31775,3.38269,0,0.621672,6.048,4.08855e+06,2.79793e+06,1.35648e+07,0,0,0,0,98.8762,98.274,3.33373,1,1,2.01892,2.05844,0,1.55963,2.1168,8.49684e+06,3.73981e+06,1.71544e+07,0,0,0,0
71.5624,85.139,1.76047,0.31,1,3.53976,3.60904,0,0.621747,6.048,4.08855e+06,2.79793e+06,1.44725e+07,0,0,0,0,98.7519,98.274,3.23492,1,1,2.1168,2.23593,0.0762029,1.55982,2.1168,8.49684e+06,3.73981e+06,1.79861e+07,0,0,0,0
69.8509,85.139,1.70437,0.3,1,3.54018,3.60948,0,0.663351,6.048,4.08855e+06,2.79793e+06,1.44742e+07,0,0,0,0,98.4963,98.274,3.01482,1,1,2.1168,2.2362,0.0764677,1.63544,2.1168,8.49684e+06,3.73981e+06,1.79861e+07,0,0,0,0
68.3112,85.139,1.89023,0.3,1,3.54061,3.60991,0,0.663431,6.048,4.08855e+06,2.79793e+06,1.4476e+07,0,0,0,0,98.4232,98.274,3.70946,1,1,2.1168,2.23647,0.0767321,1.63544,2.1168,8.49684e+06,3.73981e+06,1.79861e+07,0,0,0,0
66.4413,85.139,1.54198,0.3,1,3.54104,3.61035,0,0.663511,6.048,4.08855e+06,2.79793e+06,1.44777e+07,0,0,0,0,98.0856,98.274,2.62674,1,1,2.1168,2.23674,0.0769968,1.63544,2.1168,8.49684e+06,3.73981e+06,1.79861e+07,0,0,0,0
64.9366,85.139,1.87659,0.33,1,3.54147,3.61079,0,0.663591,6.048,4.08855e+06,2.79793e+06,1.44795e+07,0,0,0,0,98.2394,98.274,4.78209,1,1,2.1168,2.23701,0.0772613,1.63544,2.1168,8.49684e+06,3.73981e+06,1.79861e+07,0,0,0,0
63.2107,85.139,1.4736,0.34,1,3.43383,3.50104,0,0.663671,6.048,4.08855e+06,2.79793e+06,1.40394e+07,0,0,0,0,97.6802,98.274,2.46278,1,1,2.08875,2.12963,0,1.63544,2.1168,8.49684e+06,3.73981e+06,1.77478e+07,0,0,0,0
61.3281,85.139,1.39013,0.34,1,3.43424,3.50146,0,0.643499,6.048,4.08855e+06,2.79793e+06,1.40411e+07,0,0,0,0,97.2237,98.274,2.52054,1,1,2.089,2.12989,0,1.61377,2.1168,8.49684e+06,3.73981e+06,1.77499e+07,0,0,0,0
59.6644,85.139,1.60285,0.34,1,3.43465,3.50188,0,0.643577,6.048,4.08855e+06,2.79793e+06,1.40428e+07,0,0,0,0,96.9265,98.274,3.13211,1,1,2.08925,2.13015,0,1.61396,2.1168,8.49684e+06,3.73981e+06,1.7752e+07,0,0,0,0
57.9763,85.139,1.59029,0.34,1,3.43507,3.50231,0,0.643654,6.048,4.08855e+06,2.79793e+06,1.40445e+07,0,0,0,0,96.6277,98.274,3.11619,1,1,2.0895,2.1304,0,1.61416,2.1168,8.49684e+06,3.73981e+06,1.77542e+07,0,0,0,0
56.4412,85.139,1.70489,0.35,1,3.34674,3.41224,0,0.643732,6.048,4.08855e+06,2.79793e+06,1.36833e+07,0,0,0,0,96.1003,98.274,3.08949,1,1,1.99361,2.03263,0,1.61435,2.1168,8.49684e+06,3.73981e+06,1.69394e+07,0,0,0,0
54.6539,85.139,1.18928,0.42,1,3.08508,3.41266,0,0.627178,6.048,4.08855e+06,2.79793e+06,1.26135e+07,0,0,0,0,95.8209,98.274,1.32331,1,1,1.83774,2.03287,0,1.54026,2.1168,8.49684e+06,3.73981e+06,1.5615e+07,0,0,0,0
53.2552,85.139,1.56996,0.45,1,3.08545,3.41307,0,0.578143,6.048,4.08855e+06,2.79793e+06,1.2615e+07,0,0,0,0,95.8541,98.274,3.17364,1,1,1.83796,2.03312,0,1.41984,2.1168,8.49684e+06,3.73981e+06,1.56169e+07,0,0,0,0
54.4327,85.139,4.26887,0.45,1,3.08582,3.41348,0,0.578213,6.048,4.08855e+06,2.79793e+06,1.26165e+07,0,0,0,0,96.8778,98.274,6.10491,1,1,1.83818,2.03336,0,1.42001,2.1168,8.49684e+06,3.73981e+06,1.56187e+07,0,0,0,0
54.092,85.139,2.54472,0.45,1,2.85377,3.15678,0,0.578283,6.048,4.08855e+06,3.35751e+06,1.16678e+07,0,0,0,0,97.4096,98.274,3.27615,0,1,1.65374,1.82934,0,1.42018,2.1168,8.49684e+06,4.48777e+06,1.40516e+07,0,0,0,0
54.6599,85.139,3.55361,0.48,1,2.85411,3.15717,0,0.534796,6.048,4.08855e+06,3.35751e+06,1.16692e+07,0,0,0,0,98.0911,98.274,3.84995,0,1,1.65394,1.82956,0,1.27768,2.1168,8.49684e+06,4.48777e+06,1.40533e+07,0,0,0,0
55.1629,85.139,3.49627,0.52,1,2.85446,3.15755,0,0.53486,6.048,4.08855e+06,3.35751e+06,1.16706e+07,0,0,0,0,98.514,98.274,3.45187,0,1,1.65414,1.82978,0,1.27784,2.1168,8.49684e+06,4.48777e+06,1.4055e+07,0,0,0,0
57.3659,85.139,5.27743,0.54,1,2.8548,3.15793,0,0.534925,6.048,4.08855e+06,3.35751e+06,1.1672e+07,0,0,0,0,99.3022,98.274,7.87457,0,1,1.65434,1.83,0,1.27799,2.1168,8.49684e+06,4.48777e+06,1.40567e+07,0,0,0,0
57.8887,85.139,3.64399,0.5,1,2.85514,3.15831,0,0.534989,6.048,4.08855e+06,3.35751e+06,1.16734e+07,0,0,0,0,99.3022,98.274,5.50528,0,1,1.65454,1.83022,0,1.27814,2.1168,8.49684e+06,4.48777e+06,1.40584e+07,0,0,0,0
59.389,85.139,4.63315,0.52,1,2.94493,3.25763,0,0.535054,6.048,4.08855e+06,3.35751e+06,1.20405e+07,0,0,0,0,99.3022,98.274,6.07389,0,1,1.70824,1.88962,0,1.2783,2.1168,8.49684e+06,4.48777e+06,1.45146e+07,0,0,0,0
60.9407,85.139,4.70374,0.57,0.02,2.94526,3.25799,0,0.55188,6.048,4.08855e+06,3.35751e+06,1.20418e+07,0,0,0,0,99.3022,98.274,4.91288,0,1,1.70843,1.88983,0,1.31978,2.1168,8.49684e+06,4.48777e+06,1.45162e+07,0,0,0,0
62.4431,85.139,4.65964,0.59,0.02,2.94559,3.25836,0,0.551942,6.048,4.08855e+06,3.35751e+06,1.20432e+07,0,0,0,0,99.3022,98.274,5.83229,0,1,1.70862,1.89004,0,1.31993,2.1168,8.49684e+06,4.48777e+06,1.45179e+07,0,0,0,0
62.6952,85.139,3.4285,0.57,0.02,2.94592,3.25872,0,0.552003,6.048,4.08855e+06,3.35751e+06,1.20445e+07,0,0,0,0,99.3022,98.274,4.06896,0,1,1.70881,1.89025,0,1.32008,2.1168,8.49684e+06,4.48777e+06,1.45195e+07,0,0,0,0
62.8662,85.139,3.6159,0.6,0.02,3.23362,3.57697,0,0.552065,6.048,4.08855e+06,2.79793e+06,1.32208e+07,0,0,0,0,99.3022,98.274,3.80119,1,1,1.90994,2.11275,0,1.32023,2.1168,8.49684e+06,3.73981e+06,1.62285e+07,0,0,0,0
63.197,85.139,3.7741,0.62,0.02,3.23398,3.57737,0,0.60598,6.048,4.08855e+06,2.79793e+06,1.32223e+07,0,0,0,0,99.3022,98.274,3.98745,1,1,1.91016,2.11298,0,1.47562,2.1168,8.49684e+06,3.73981e+06,1.62303e+07,0,0,0,0
64.0329,85.139,4.30849,0.62,0.02,3.23434,3.57777,0,0.606048,6.048,4.08855e+06,2.79793e+06,1.32238e+07,0,0,0,0,99.3022,98.274,4.54985,1,1,1.91037,2.11322,0,1.47579,2.1168,8.49684e+06,3.73981e+06,1.62321e+07,0,0,0,0
64.9138,85.139,4.391,0.65,0.02,3.23471,3.57817,0,0.606116,6.048,4.08855e+06,2.79793e+06,1.32253e+07,0,0,0,0,99.3022,98.274,5.75997,1,1,1.91059,2.11346,0,1.47595,2.1168,8.49684e+06,3.73981e+06,1.62339e+07,0,0,0,0
65.968,85.139,4.21743,0.67,0.02,2.825,3.12497,0,0.606184,6.048,4.08855e+06,3.35751e+06,1.15502e+07,0,0,0,0,99.3022,98.274,4.98296,0,1,1.64101,1.81526,0,1.47612,2.1168,8.49684e+06,4.48777e+06,1.39434e+07,0,0,0,0
66.5784,85.139,3.78428,0.7,0.02,2.82532,3.12532,0,0.529406,6.048,4.08855e+06,3.35751e+06,1.15515e+07,0,0,0,0,99.3022,98.274,5.03746,0,1,1.6412,1.81546,0,1.26785,2.1168,8.49684e+06,4.48777e+06,1.3945e+07,0,0,0,0
67.7912,85.139,4.35653,0.74,0.02,2.82564,3.12567,0,0.529465,6.048,4.08855e+06,3.35751e+06,1.15528e+07,0,0,0,0,99.3022,98.274,4.77381,0,1,1.64138,1.81566,0,1.26799,2.1168,8.49684e+06,4.48777e+06,1.39465e+07,0,0,0,0
68.1977,85.139,3.58284,0.77,0.02,2.82595,3.12602,0,0.529524,6.048,4.08855e+06,3.35751e+06,1.15541e+07,0,0,0,0,99.3022,98.274,3.22689,0,1,1.64156,1.81587,0,1.26813,2.1168,8.49684e+06,4.48777e+06,1.39481e+07,0,0,0,0
67.6161,85.139,2.57039,0.75,0.02,2.82627,3.12637,0,0.529584,6.048,4.08855e+06,3.35751e+06,1.15553e+07,0,0,0,0,99.3022,98.274,2.65824,0,1,1.64175,1.81607,0,1.26827,2.1168,8.49684e+06,4.48777e+06,1.39497e+07,0,0,0,0
68.2984,85.139,4.11729,0.8,0.02,2.92986,3.24096,0,0.529643,6.048,4.08855e+06,3.35751e+06,1.19789e+07,0,0,0,0,99.3022,98.274,4.31512,0,1,1.70797,1.88932,0,1.26841,2.1168,8.49684e+06,4.48777e+06,1.45123e+07,0,0,0,0
68.8549,85.139,3.86765,0.79,0.02,2.93019,3.24132,0,0.549056,6.048,4.08855e+06,3.35751e+06,1.19802e+07,0,0,0,0,99.3022,98.274,3.56815,0,1,1.70816,1.88954,0,1.31958,2.1168,8.49684e+06,4.48777e+06,1.4514e+07,0,0,0,0
69.0081,85.139,3.44284,0.78,0.02,2.93052,3.24169,0,0.549118,6.048,4.08855e+06,3.35751e+06,1.19816e+07,0,0,0,0,99.3022,98.274,3.19249,0,1,1.70835,1.88975,0,1.31972,2.1168,8.49684e+06,4.48777e+06,1.45156e+07,0,0,0,0
70.7177,85.139,5.11482,0.79,0.02,2.93085,3.24205,0,0.549179,6.048,4.08855e+06,3.35751e+06,1.19829e+07,0,0,0,0,99.3022,98.274,4.36001,0,1,1.70854,1.88996,0,1.31987,2.1168,8.49684e+06,4.48777e+06,1.45172e+07,0,0,0,0
71.3339,85.139,3.914,0.81,0.02,2.89078,3.19772,0,0.549241,6.048,4.08855e+06,3.35751e+06,1.18191e+07,0,0,0,0,99.3022,98.274,5.05893,0,1,1.68307,1.86179,0,1.32002,2.1168,8.49684e+06,4.48777e+06,1.43008e+07,0,0,0,0
71.416,85.139,3.24528,0.81,0.02,2.8911,3.19808,0,0.541732,6.048,4.08855e+06,3.35751e+06,1.18204e+07,0,0,0,0,99.3022,98.274,4.17648,0,1,1.68326,1.86199,0,1.30034,2.1168,8.49684e+06,4.48777e+06,1.43024e+07,0,0,0,0
71.0579,85.139,2.77564,0.81,0.02,2.89142,3.19844,0,0.541792,6.048,4.08855e+06,3.35751e+06,1.18217e+07,0,0,0,0,99.3022,98.274,3.78004,0,1,1.68345,1.8622,0,1.30049,2.1168,8.49684e+06,4.48777e+06,1.4304e+07,0,0,0,0
70.4204,85.139,2.46228,0.8,0.02,2.89175,3.1988,0,0.541853,6.048,4.08855e+06,3.35751e+06,1.18231e+07,0,0,0,0,99.3022,98.274,3.32316,0,1,1.68364,1.86241,0,1.30063,2.1168,8.49684e+06,4.48777e+06,1.43056e+07,0,0,0,0
69.5099,85.139,2.27153,0.79,0.02,3.02926,3.35092,0,0.541914,6.048,4.08855e+06,2.79793e+06,1.23853e+07,0,0,0,0,99.3022,98.274,3.14549,1,1,1.77486,1.96332,0,1.30078,2.1168,8.49684e+06,3.73981e+06,1.50807e+07,0,0,0,0
68.7837,85.139,2.46408,0.76,0.02,3.0296,3.35129,0,0.567684,6.048,4.08855e+06,2.79793e+06,1.23867e+07,0,0,0,0,99.3022,98.274,3.69559,1,1,1.77506,1.96354,0,1.37126,2.1168,8.49684e+06,3.73981e+06,1.50824e+07,0,0,0,0
67.8605,85.139,2.20391,0.73,0.02,3.02994,3.35167,0,0.567747,6.048,4.08855e+06,2.79793e+06,1.23881e+07,0,0,0,0,99.3022,98.274,3.42732,1,1,1.77526,1.96376,0,1.37141,2.1168,8.49684e+06,3.73981e+06,1.50841e+07,0,0,0,0
66.8369,85.139,2.06824,0.8,0.02,3.03028,3.35204,0,0.567811,6.048,4.08855e+06,2.79793e+06,1.23895e+07,0,0,0,0,99.3022,98.274,3.47228,1,1,1.77546,1.96398,0,1.37157,2.1168,8.49684e+06,3.73981e+06,1.50858e+07,0,0,0,0
65.7485,85.139,1.98454,0.76,0.02,3.03062,3.35242,0,0.567875,6.048,4.08855e+06,2.79793e+06,1.23908e+07,0,0,0,0,99.3022,98.274,3.3723,1,1,1.77566,1.9642,0,1.37172,2.1168,8.49684e+06,3.73981e+06,1.50875e+07,0,0,0,0
64.8863,85.139,2.16633,0.69,0.02,3.00381,3.32276,0,0.567938,6.048,4.08855e+06,2.79793e+06,1.22812e+07,0,0,0,0,99.2927,98.274,2.57421,1,1,1.82592,2.0198,0,1.37187,2.1168,8.49684e+06,3.73981e+06,1.55146e+07,0,0,0,0
63.8929,85.139,2.02241,0.65,0.02,3.00415,3.32313,0,0.562914,6.048,4.08855e+06,2.79793e+06,1.22826e+07,0,0,0,0,99.247,98.274,2.44375,1,1,1.82613,2.02003,0,1.41071,2.1168,8.49684e+06,3.73981e+06,1.55163e+07,0,0,0,0
62.735,85.139,1.83346,0.54,0.02,3.00449,3.32351,0,0.562977,6.048,4.08855e+06,2.79793e+06,1.2284e+07,0,0,0,0,99.1592,98.274,2.22105,1,1,1.82633,2.02025,0,1.41086,2.1168,8.49684e+06,3.73981e+06,1.5518e+07,0,0,0,0
61.5286,85.139,1.73368,0.52,0.02,3.00482,3.32388,0,0.563041,6.048,4.08855e+06,2.79793e+06,1.22854e+07,0,0,0,0,98.9553,98.274,2.17528,1,1,1.82653,2.02048,0,1.41102,2.1168,8.49684e+06,3.73981e+06,1.55198e+07,0,0,0,0
60.2105,85.139,1.65177,0.57,0.02,3.07529,3.40183,0,0.563104,6.048,4.08855e+06,2.79793e+06,1.25735e+07,0,0,0,0,98.7341,98.274,2.17164,1,1,1.87138,2.07008,0,1.41118,2.1168,8.49684e+06,3.73981e+06,1.59008e+07,0,0,0,0
59.0187,85.139,1.79033,0.55,0.02,3.07564,3.40221,0,0.57631,6.048,4.08855e+06,2.79793e+06,1.25749e+07,0,0,0,0,98.5185,98.274,2.39474,1,1,1.87159,2.07031,0,1.44583,2.1168,8.49684e+06,3.73981e+06,1.59026e+07,0,0,0,0
57.7288,85.139,1.65196,0.5,0.02,3.07598,3.40259,0,0.576374,6.048,4.08855e+06,2.79793e+06,1.25763e+07,0,0,0,0,98.2319,98.274,2.2834,1,1,1.8718,2.07055,0,1.44599,2.1168,8.49684e+06,3.73981e+06,1.59044e+07,0,0,0,0
56.3143,85.139,1.5036,0.47,0.02,3.07633,3.40297,0,0.576439,6.048,4.08855e+06,2.79793e+06,1.25777e+07,0,0,0,0,97.9129,98.274,1.99414,1,1,1.87201,2.07078,0,1.44615,2.1168,8.49684e+06,3.73981e+06,1.59061e+07,0,0,0,0
54.9525,85.139,1.69174,0.51,0.02,3.28215,3.63065,0,0.576503,6.048,4.08855e+06,2.79793e+06,1.34192e+07,0,0,0,0,97.4972,98.274,2.64675,1,1,2.0334,2.24932,0,1.44631,2.1168,8.49684e+06,3.73981e+06,1.72775e+07,0,0,0,0
53.5644,85.139,1.65242,0.46,0.02,3.28251,3.63106,0,0.615074,6.048,4.08855e+06,2.79793e+06,1.34207e+07,0,0,0,0,97.0397,98.274,1.84031,1,1,2.03363,2.24957,0,1.57101,2.1168,8.49684e+06,3.73981e+06,1.72794e+07,0,0,0,0
52.385,85.139,1.85944,0.44,0.02,3.28288,3.63146,0,0.615143,6.048,4.08855e+06,2.79793e+06,1.34222e+07,0,0,0,0,96.4423,98.274,2.25254,1,1,2.03386,2.24982,0,1.57118,2.1168,8.49684e+06,3.73981e+06,1.72814e+07,0,0,0,0
50.8561,85.139,1.49493,0.42,0.02,3.28325,3.63187,0,0.615212,6.048,4.08855e+06,2.79793e+06,1.34237e+07,0,0,0,0,95.9359,98.274,1.64056,1,1,2.03409,2.25007,0,1.57136,2.1168,8.49684e+06,3.73981e+06,1.72833e+07,0,0,0,0
49.6826,85.139,1.81258,0.5,0.02,3.28362,3.63228,0,0.615281,6.048,4.08855e+06,2.79793e+06,1.34252e+07,0,0,0,0,95.6769,98.274,2.82009,1,1,2.03431,2.25032,0,1.57154,2.1168,8.49684e+06,3.73981e+06,1.72853e+07,0,0,0,0
49.3608,85.139,2.5817,0.46,0.02,3.18379,3.52185,0,0.61535,6.048,4.08855e+06,2.79793e+06,1.30171e+07,0,0,0,0,95.323,98.274,2.55183,1,1,1.93665,2.14229,0,1.57171,2.1168,8.49684e+06,3.73981e+06,1.64554e+07,0,0,0,0
49.2471,85.139,2.87162,0.47,0.02,3.18414,3.52224,0,0.596641,6.048,4.08855e+06,2.79793e+06,1.30185e+07,0,0,0,0,95.1777,98.274,2.99822,1,1,1.93687,2.14253,0,1.49626,2.1168,8.49684e+06,3.73981e+06,1.64573e+07,0,0,0,0
49.5581,85.139,3.3131,0.45,0.02,3.1845,3.52263,0,0.596708,6.048,4.08855e+06,2.79793e+06,1.302e+07,0,0,0,0,95.2464,98.274,3.76705,1,1,1.93709,2.14277,0,1.49642,2.1168,8.49684e+06,3.73981e+06,1.64591e+07,0,0,0,0
49.7677,85.139,3.27892,0.5,0.02,3.18485,3.52303,0,0.596775,6.048,4.08855e+06,2.79793e+06,1.30214e+07,0,0,0,0,95.3102,98.274,3.75049,1,1,1.9373,2.14301,0,1.49659,2.1168,8.49684e+06,3.73981e+06,1.64609e+07,0,0,0,0
49.6901,85.139,3.03414,0.5,0.02,3.10293,3.4324,0,0.596842,6.048,4.08855e+06,2.79793e+06,1.26865e+07,0,0,0,0,95.4961,98.274,4.04866,1,1,1.84837,2.04464,0,1.49676,2.1168,8.49684e+06,3.73981e+06,1.57053e+07,0,0,0,0
48.5112,85.139,1.71795,0.53,0.02,3.10328,3.43279,0,0.581489,6.048,4.08855e+06,2.79793e+06,1.26879e+07,0,0,0,0,94.931,98.274,1.90149,1,1,1.84858,2.04487,0,1.42805,2.1168,8.49684e+06,3.73981e+06,1.57071e+07,0,0,0,0
47.4011,85.139,1.82659,0.54,0.02,3.10362,3.43317,0,0.581554,6.048,4.08855e+06,2.79793e+06,1.26893e+07,0,0,0,0,94.6825,98.274,1.44599,1,1,1.84879,2.04509,0,1.42821,2.1168,8.49684e+06,3.73981e+06,1.57089e+07,0,0,0,0
46.6019,85.139,2.13172,0.56,0.02,3.10397,3.43356,0,0.581619,6.048,4.08855e+06,2.79793e+06,1.26907e+07,0,0,0,0,94.6701,98.274,3.04429,1,1,1.84899,2.04532,0,1.42837,2.1168,8.49684e+06,3.73981e+06,1.57106e+07,0,0,0,0
49.3583,85.139,5.71941,0.56,0.02,2.87053,3.17533,0,0.581684,6.048,4.08855e+06,3.35751e+06,1.17363e+07,0,0,0,0,95.7596,98.274,6.09719,0,1,1.66346,1.84008,0,1.42853,2.1168,8.49684e+06,4.48777e+06,1.41341e+07,0,0,0,0
51.9293,85.139,5.60424,0.57,0.02,2.87085,3.17568,0,0.537937,6.048,4.08855e+06,3.35751e+06,1.17376e+07,0,0,0,0,96.2234,98.274,3.8077,0,1,1.66364,1.84029,0,1.28519,2.1168,8.49684e+06,4.48777e+06,1.41357e+07,0,0,0,0
54.3934,85.139,5.63132,0.54,0.02,2.87117,3.17604,0,0.537997,6.048,4.08855e+06,3.35751e+06,1.17389e+07,0,0,0,0,96.7574,98.274,3.89824,0,1,1.66383,1.8405,0,1.28533,2.1168,8.49684e+06,4.48777e+06,1.41373e+07,0,0,0,0
59.251,85.139,8.13449,0.56,0.02,2.87149,3.17639,0,0.538057,6.048,4.08855e+06,3.35751e+06,1.17402e+07,0,0,0,0,97.595,98.274,5.01257,0,1,1.66401,1.8407,0,1.28547,2.1168,8.49684e+06,4.48777e+06,1.41389e+07,0,0,0,0
61.0981,85.139,5.15331,0.52,0.02,2.87181,3.17675,0,0.538117,6.048,4.08855e+06,3.35751e+06,1.17416e+07,0,0,0,0,98.29,98.274,3.97115,0,1,1.6642,1.84091,0,1.28562,2.1168,8.49684e+06,4.48777e+06,1.41404e+07,0,0,0,0
60.6274,85.139,2.63077,0.54,0.02,2.87181,3.17675,0,0.538178,6.048,4.08855e+06,3.35751e+06,1.17416e+07,0,0,0,0,98.7137,98.274,3.39949,0,1,1.6642,1.84091,0,1.28576,2.1168,8.49684e+06,4.48777e+06,1.41404e+07,0,0,0,0
58.8177,85.139,1.22636,0.59,0.02,2.9621,3.27662,0,0.538178,6.048,4.08855e+06,3.35751e+06,1.21107e+07,0,0,0,0,99.1764,98.274,3.34188,0,1,1.71819,1.90064,0,1.28576,2.1168,8.49684e+06,4.48777e+06,1.45992e+07,0,0,0,0
57.6773,85.139,1.87725,0.62,0.02,2.9624,3.27696,0,0.555097,6.048,4.08855e+06,3.35751e+06,1.21119e+07,0,0,0,0,99.3022,98.274,3.78067,0,1,1.71837,1.90083,0,1.32748,2.1168,8.49684e+06,4.48777e+06,1.46007e+07,0,0,0,0
57.4366,85.139,2.85101,0.65,0.02,2.96271,3.2773,0,0.555155,6.048,4.08855e+06,3.35751e+06,1.21132e+07,0,0,0,0,99.3022,98.274,4.18844,0,1,1.71855,1.90103,0,1.32761,2.1168,8.49684e+06,4.48777e+06,1.46022e+07,0,0,0,0
57.8497,85.139,3.61893,0.66,0.02,2.96302,3.27764,0,0.555212,6.048,4.08855e+06,3.35751e+06,1.21144e+07,0,0,0,0,99.3022,98.274,4.26892,0,1,1.71873,1.90123,0,1.32775,2.1168,8.49684e+06,4.48777e+06,1.46038e+07,0,0,0,0
57.2441,85.139,2.73695,0.69,0.02,3.25236,3.5977,0,0.555269,6.048,4.08855e+06,2.79793e+06,1.32974e+07,0,0,0,0,99.3022,98.274,3.65161,1,1,1.92101,2.12499,0,1.32789,2.1168,8.49684e+06,3.73981e+06,1.63225e+07,0,0,0,0
56.7308,85.139,2.8376,0.7,0.02,3.2527,3.59807,0,0.609492,6.048,4.08855e+06,2.79793e+06,1.32988e+07,0,0,0,0,99.3022,98.274,3.872,1,1,1.92121,2.12521,0,1.48417,2.1168,8.49684e+06,3.73981e+06,1.63242e+07,0,0,0,0
56.1815,85.139,2.76534,0.78,0.02,3.25303,3.59845,0,0.609555,6.048,4.08855e+06,2.79793e+06,1.33002e+07,0,0,0,0,99.3022,98.274,3.89352,1,1,1.92141,2.12543,0,1.48433,2.1168,8.49684e+06,3.73981e+06,1.63259e+07,0,0,0,0
56.9474,85.139,4.22015,0.8,0.02,3.25337,3.59882,0,0.609618,6.048,4.08855e+06,2.79793e+06,1.33016e+07,0,0,0,0,99.3022,98.274,5.01056,1,1,1.92161,2.12565,0,1.48448,2.1168,8.49684e+06,3.73981e+06,1.63276e+07,0,0,0,0
57.0733,85.139,3.14951,0.79,0.02,2.84128,3.14297,0,0.609681,6.048,4.08855e+06,3.35751e+06,1.16167e+07,0,0,0,0,99.3022,98.274,3.05609,0,1,1.65047,1.82572,0,1.48463,2.1168,8.49684e+06,4.48777e+06,1.40237e+07,0,0,0,0
57.4917,85.139,3.58227,0.81,0.02,2.84157,3.14329,0,0.532455,6.048,4.08855e+06,3.35751e+06,1.16179e+07,0,0,0,0,99.3022,98.274,4.06427,0,1,1.65064,1.8259,0,1.27515,2.1168,8.49684e+06,4.48777e+06,1.40252e+07,0,0,0,0
57.9211,85.139,3.58856,0.81,0.02,2.84187,3.14362,0,0.53251,6.048,4.08855e+06,3.35751e+06,1.16191e+07,0,0,0,0,99.3022,98.274,4.87543,0,1,1.65081,1.82609,0,1.27528,2.1168,8.49684e+06,4.48777e+06,1.40266e+07,0,0,0,0
57.8616,85.139,2.97343,0.82,0.02,2.84216,3.14394,0,0.532566,6.048,4.08855e+06,3.35751e+06,1.16203e+07,0,0,0,0,99.3022,98.274,3.32448,0,1,1.65098,1.82628,0,1.27541,2.1168,8.49684e+06,4.48777e+06,1.40281e+07,0,0,0,0
58.6765,85.139,4.00045,0.83,0.02,2.84245,3.14427,0,0.532621,6.048,4.08855e+06,3.35751e+06,1.16215e+07,0,0,0,0,99.3022,98.274,5.71562,0,1,1.65115,1.82647,0,1.27555,2.1168,8.49684e+06,4.48777e+06,1.40295e+07,0,0,0,0
58.9224,85.139,3.5895,0.86,0.02,2.94662,3.25949,0,0.532676,6.048,4.08855e+06,3.35751e+06,1.20474e+07,0,0,0,0,99.3022,98.274,6.25991,0,1,1.71773,1.90013,0,1.27568,2.1168,8.49684e+06,4.48777e+06,1.45953e+07,0,0,0,0
59.5291,85.139,3.99319,0.88,0.02,2.94692,3.25983,0,0.552196,6.048,4.08855e+06,3.35751e+06,1.20486e+07,0,0,0,0,99.3022,98.274,5.79402,0,1,1.71791,1.90032,0,1.32712,2.1168,8.49684e+06,4.48777e+06,1.45968e+07,0,0,0,0
59.497,85.139,3.23809,0.88,0.02,2.94722,3.26017,0,0.552253,6.048,4.08855e+06,3.35751e+06,1.20499e+07,0,0,0,0,99.3022,98.274,5.67393,0,1,1.71809,1.90052,0,1.32726,2.1168,8.49684e+06,4.48777e+06,1.45983e+07,0,0,0,0
58.9517,85.139,2.59839,0.88,0.02,2.94753,3.2605,0,0.55231,6.048,4.08855e+06,3.35751e+06,1.20511e+07,0,0,0,0,99.3022,98.274,3.84883,0,1,1.71827,1.90072,0,1.3274,2.1168,8.49684e+06,4.48777e+06,1.45998e+07,0,0,0,0
57.8428,85.139,1.87814,0.88,0.02,2.90721,3.2159,0,0.552367,6.048,4.08855e+06,3.35751e+06,1.18863e+07,0,0,0,0,99.3022,98.274,3.10243,0,1,1.69264,1.87237,0,1.32753,2.1168,8.49684e+06,4.48777e+06,1.43821e+07,0,0,0,0
56.5646,85.139,1.67059,0.88,0.02,2.90751,3.21623,0,0.54481,6.048,4.08855e+06,3.35751e+06,1.18875e+07,0,0,0,0,99.3022,98.274,3.14258,0,1,1.69281,1.87256,0,1.30773,2.1168,8.49684e+06,4.48777e+06,1.43836e+07,0,0,0,0
55.7859,85.139,2.169,0.91,0.02,2.90781,3.21656,0,0.544867,6.048,4.08855e+06,3.35751e+06,1.18887e+07,0,0,0,0,99.3022,98.274,3.32564,0,1,1.69299,1.87275,0,1.30787,2.1168,8.49684e+06,4.48777e+06,1.43851e+07,0,0,0,0
54.8441,85.139,1.98691,0.91,0.02,2.90811,3.2169,0,0.544923,6.048,4.08855e+06,3.35751e+06,1.18899e+07,0,0,0,0,99.2342,98.274,3.22509,0,1,1.69316,1.87295,0,1.308,2.1168,8.49684e+06,4.48777e+06,1.43866e+07,0,0,0,0
53.2998,85.139,1.40272,0.91,0.02,3.04637,3.36984,0,0.544979,6.048,4.08855e+06,2.79793e+06,1.24553e+07,0,0,0,0,99.1211,98.274,2.14511,1,1,1.78489,1.97441,0,1.30814,2.1168,8.49684e+06,3.73981e+06,1.51659e+07,0,0,0,0
51.6747,85.139,1.25606,0.89,0.02,3.04669,3.37019,0,0.570891,6.048,4.08855e+06,2.79793e+06,1.24565e+07,0,0,0,0,99.0487,98.274,2.12304,1,1,1.78508,1.97462,0,1.37901,2.1168,8.49684e+06,3.73981e+06,1.51675e+07,0,0,0,0
50.0599,85.139,1.23826,0.88,0.02,3.047,3.37054,0,0.57095,6.048,4.08855e+06,2.79793e+06,1.24578e+07,0,0,0,0,98.961,98.274,2.16078,1,1,1.78526,1.97482,0,1.37915,2.1168,8.49684e+06,3.73981e+06,1.51691e+07,0,0,0,0
48.3975,85.139,1.15809,0.91,0.02,3.04732,3.37089,0,0.571009,6.048,4.08855e+06,2.79793e+06,1.24591e+07,0,0,0,0,98.6722,98.274,2.03472,1,1,1.78544,1.97503,0,1.37929,2.1168,8.49684e+06,3.73981e+06,1.51706e+07,0,0,0,0
46.9189,85.139,1.30244,0.9,0.02,3.04764,3.37124,0,0.571068,6.048,4.08855e+06,2.79793e+06,1.24604e+07,0,0,0,0,98.3678,98.274,1.84776,1,1,1.78563,1.97523,0,1.37943,2.1168,8.49684e+06,3.73981e+06,1.51722e+07,0,0,0,0
45.4918,85.139,1.30408,0.9,0.02,3.02065,3.34139,0,0.571127,6.048,4.08855e+06,2.79793e+06,1.23501e+07,0,0,0,0,98.0713,98.274,1.74209,1,1,1.83616,2.03112,0,1.37958,2.1168,8.49684e+06,3.73981e+06,1.56015e+07,0,0,0,0
43.9842,85.139,1.1958,0.91,0.02,3.02096,3.34174,0,0.56607,6.048,4.08855e+06,2.79793e+06,1.23514e+07,0,0,0,0,97.6254,98.274,1.73332,1,1,1.83635,2.03133,0,1.41862,2.1168,8.49684e+06,3.73981e+06,1.56032e+07,0,0,0,0
42.4028,85.139,1.08125,0.93,0.02,3.02128,3.34208,0,0.566129,6.048,4.08855e+06,2.79793e+06,1.23526e+07,0,0,0,0,97.167,98.274,1.55763,1,1,1.83654,2.03154,0,1.41876,2.1168,8.49684e+06,3.73981e+06,1.56048e+07,0,0,0,0
40.8068,85.139,1.00728,0.91,0.02,3.02159,3.34243,0,0.566187,6.048,4.08855e+06,2.79793e+06,1.23539e+07,0,0,0,0,96.6733,98.274,1.57068,1,1,1.83673,2.03175,0,1.41891,2.1168,8.49684e+06,3.73981e+06,1.56064e+07,0,0,0,0
39.1859,85.139,0.986382,0.9,0.02,3.09243,3.42079,0,0.566246,6.048,4.08855e+06,2.79793e+06,1.26435e+07,0,0,0,0,96.0391,98.274,1.65017,1,1,1.8818,2.08162,0,1.41906,2.1168,8.49684e+06,3.73981e+06,1.59894e+07,0,0,0,0
37.524,85.139,0.898919,0.92,0.02,3.09275,3.42114,0,0.579521,6.048,4.08855e+06,2.79793e+06,1.26448e+07,0,0,0,0,95.6034,98.274,1.45126,1,1,1.882,2.08183,0,1.45388,2.1168,8.49684e+06,3.73981e+06,1.5991e+07,0,0,0,0
35.9858,85.139,0.97265,0.9,0.02,3.09307,3.42149,0,0.579581,6.048,4.08855e+06,2.79793e+06,1.26462e+07,0,0,0,0,95.2815,98.274,1.79503,1,1,1.88219,2.08205,0,1.45403,2.1168,8.49684e+06,3.73981e+06,1.59927e+07,0,0,0,0
34.4904,85.139,0.962649,0.88,0.02,3.09339,3.42185,0,0.579641,6.048,4.08855e+06,2.79793e+06,1.26475e+07,0,0,0,0,94.6578,98.274,1.75456,1,1,1.88239,2.08226,0,1.45418,2.1168,8.49684e+06,3.73981e+06,1.59943e+07,0,0,0,0
32.6206,85.139,0.649177,0.83,0.02,3.30032,3.65075,0,0.5797,6.048,4.08855e+06,2.79793e+06,1.34935e+07,0,0,0,0,93.7577,98.274,1.2411,1,1,2.04466,2.26177,0,1.45433,2.1168,8.49684e+06,3.73981e+06,1.73732e+07,0,0,0,0
30.8196,85.139,0.652493,0.86,0.02,3.30066,3.65113,0,0.61848,6.048,4.08855e+06,2.79793e+06,1.34949e+07,0,0,0,0,92.6957,98.274,1.4269,1,1,2.04488,2.262,0,1.57971,2.1168,8.49684e+06,3.73981e+06,1.7375e+07,0,0,0,0
28.9772,85.139,0.533267,0.86,0.02,3.301,3.65151,0,0.618544,6.048,4.08855e+06,2.79793e+06,1.34963e+07,0,0,0,0,91.9994,98.274,1.01524,1,1,2.04509,2.26224,0,1.57987,2.1168,8.49684e+06,3.73981e+06,1.73768e+07,0,0,0,0
27.3414,85.139,0.647171,0.8,0.02,3.30134,3.65189,0,0.618608,6.048,4.08855e+06,2.79793e+06,1.34977e+07,0,0,0,0,91.277,98.274,1.8276,1,1,2.0453,2.26247,0,1.58003,2.1168,8.49684e+06,3.73981e+06,1.73786e+07,0,0,0,0
25.7003,85.139,0.57595,0.92,0.02,3.30169,3.65226,0,0.618672,6.048,4.08855e+06,2.79793e+06,1.34991e+07,0,0,0,0,90.5473,98.274,1.43668,1,1,2.04551,2.26271,0,1.5802,2.1168,8.49684e+06,3.73981e+06,1.73804e+07,0,0,0,0
24.4081,85.139,0.844459,0.89,0.02,3.20128,3.5412,0,0.618736,6.048,4.08855e+06,2.79793e+06,1.30886e+07,0,0,0,0,90.0522,98.274,1.64121,1,1,1.94729,2.15406,0,1.58036,2.1168,8.49684e+06,3.73981e+06,1.65458e+07,0,0,0,0
22.9966,85.139,0.583358,0.86,0.02,3.20161,3.54156,0,0.59992,6.048,4.08855e+06,2.79793e+06,1.30899e+07,0,0,0,0,89.3967,98.274,1.48407,1,1,1.94749,2.15428,0,1.50448,2.1168,8.49684e+06,3.73981e+06,1.65475e+07,0,0,0,0
21.6683,85.139,0.548688,0.85,0.02,3.20194,3.54193,0,0.599982,6.048,4.08855e+06,2.79793e+06,1.30913e+07,0,0,0,0,88.7198,98.274,1.44557,1,1,1.94769,2.1545,0,1.50463,2.1168,8.49684e+06,3.73981e+06,1.65493e+07,0,0,0,0
20.455,85.139,0.595261,0.92,0.02,3.20227,3.54229,0,0.600044,6.048,4.08855e+06,2.79793e+06,1.30926e+07,0,0,0,0,88.1254,98.274,1.37124,1,1,1.9479,2.15473,0,1.50479,2.1168,8.49684e+06,3.73981e+06,1.6551e+07,0,0,0,0
19.5855,85.139,0.823303,0.88,0.02,3.11987,3.45114,0,0.600106,6.048,4.08855e+06,2.79793e+06,1.27558e+07,0,0,0,0,87.817,98.274,1.2549,1,1,1.85847,2.0558,0,1.50494,2.1168,8.49684e+06,3.73981e+06,1.57911e+07,0,0,0,0
19.4725,85.139,1.54523,0.87,0.02,3.12019,3.4515,0,0.584664,6.048,4.08855e+06,2.79793e+06,1.27571e+07,0,0,0,0,87.9637,98.274,3.61183,1,1,1.85866,2.05601,0,1.43585,2.1168,8.49684e+06,3.73981e+06,1.57927e+07,0,0,0,0
20.565,85.139,2.84609,0.87,0.02,3.12052,3.45186,0,0.584724,6.048,4.08855e+06,2.79793e+06,1.27584e+07,0,0,0,0,88.7871,98.274,4.34902,1,1,1.85885,2.05623,0,1.436,2.1168,8.49684e+06,3.73981e+06,1.57944e+07,0,0,0,0
20.4867,85.139,1.71092,0.85,0.02,3.12084,3.45221,0,0.584785,6.048,4.08855e+06,2.79793e+06,1.27597e+07,0,0,0,0,88.9877,98.274,2.51436,1,1,1.85904,2.05644,0,1.43615,2.1168,8.49684e+06,3.73981e+06,1.5796e+07,0,0,0,0
21.6913,85.139,2.96762,0.84,0.02,2.8861,3.19255,0,0.584845,6.048,4.08855e+06,3.35751e+06,1.18e+07,0,0,0,0,89.7838,98.274,4.50441,0,1,1.67248,1.85007,0,1.4363,2.1168,8.49684e+06,4.48777e+06,1.42108e+07,0,0,0,0
24.3954,85.139,4.61038,0.83,0.02,2.8864,3.19288,0,0.540855,6.048,4.08855e+06,3.35751e+06,1.18012e+07,0,0,0,0,91.019,98.274,5.83261,0,1,1.67265,1.85026,0,1.29216,2.1168,8.49684e+06,4.48777e+06,1.42123e+07,0,0,0,0
25.2156,85.139,2.90778,0.8,0.02,2.8867,3.19321,0,0.540911,6.048,4.08855e+06,3.35751e+06,1.18024e+07,0,0,0,0,92.0732,98.274,4.91414,0,1,1.67283,1.85045,0,1.29229,2.1168,8.49684e+06,4.48777e+06,1.42137e+07,0,0,0,0
25.5245,85.139,2.4364,0.81,0.02,2.887,3.19354,0,0.540967,6.048,4.08855e+06,3.35751e+06,1.18036e+07,0,0,0,0,92.7742,98.274,4.12037,0,1,1.673,1.85064,0,1.29243,2.1168,8.49684e+06,4.48777e+06,1.42152e+07,0,0,0,0
27.059,85.139,3.75771,0.83,0.02,2.88729,3.19387,0,0.541023,6.048,4.08855e+06,3.35751e+06,1.18049e+07,0,0,0,0,93.7397,98.274,5.57564,0,1,1.67317,1.85083,0,1.29256,2.1168,8.49684e+06,4.48777e+06,1.42167e+07,0,0,0,0
31.8172,85.139,7.38782,0.85,0.04,2.97804,3.29426,0,0.541079,6.048,4.08855e+06,2.79793e+06,1.21759e+07,0,0,0,0,94.8981,98.274,7.35987,1,1,1.72744,1.91087,0,1.29269,2.1168,8.49684e+06,3.73981e+06,1.46778e+07,0,0,0,0
35.9707,85.139,6.94673,0.83,0.04,2.97832,3.29457,0,0.558085,6.048,4.08855e+06,2.79793e+06,1.2177e+07,0,0,0,0,95.9722,98.274,7.1115,1,1,1.72761,1.91105,0,1.33462,2.1168,8.49684e+06,3.73981e+06,1.46792e+07,0,0,0,0
38.8291,85.139,5.68242,0.79,0.04,2.97861,3.29488,0,0.558138,6.048,4.08855e+06,2.79793e+06,1.21782e+07,0,0,0,0,96.9266,98.274,6.64446,1,1,1.72777,1.91123,0,1.33475,2.1168,8.49684e+06,3.73981e+06,1.46806e+07,0,0,0,0
45.7947,85.139,10.0404,0.82,0.04,2.97889,3.29519,0,0.558191,6.048,4.08855e+06,2.79793e+06,1.21793e+07,0,0,0,0,98.6479,98.274,9.57806,1,1,1.72794,1.91141,0,1.33488,2.1168,8.49684e+06,3.73981e+06,1.4682e+07,0,0,0,0
53.9255,85.139,11.8602,0.79,0.04,3.26976,3.61694,0,0.558244,6.048,4.08855e+06,2.79793e+06,1.33686e+07,0,0,0,0,99.3022,98.274,12.434,1,1,1.93129,2.13636,0,1.335,2.1168,8.49684e+06,3.73981e+06,1.64098e+07,0,0,0,0
58.092,85.139,7.70047,0.76,0.04,3.27007,3.61729,0,0.612752,6.048,4.08855e+06,2.79793e+06,1.33698e+07,0,0,0,0,99.3022,98.274,7.21958,1,1,1.93147,2.13656,0,1.49211,2.1168,8.49684e+06,3.73981e+06,1.64114e+07,0,0,0,0
60.8665,85.139,6.25026,0.75,0.04,3.27038,3.61763,0,0.61281,6.048,4.08855e+06,2.79793e+06,1.33711e+07,0,0,0,0,99.3022,98.274,5.09155,1,1,1.93165,2.13676,0,1.49225,2.1168,8.49684e+06,3.73981e+06,1.6413e+07,0,0,0,0
62.9461,85.139,5.53999,0.77,0.04,3.27069,3.61797,0,0.612869,6.048,4.08855e+06,2.79793e+06,1.33724e+07,0,0,0,0,99.3022,98.274,5.14988,1,1,1.93184,2.13696,0,1.4924,2.1168,8.49684e+06,3.73981e+06,1.64145e+07,0,0,0,0
70.1889,85.139,10.6608,0.74,0.04,2.85638,3.15967,0,0.612927,6.048,4.08855e+06,3.35751e+06,1.16784e+07,0,0,0,0,99.3022,98.274,8.9948,0,1,1.65924,1.83542,0,1.49254,2.1168,8.49684e+06,4.48777e+06,1.40983e+07,0,0,0,0
76.4231,85.139,9.67921,0.71,0.04,2.85665,3.15997,0,0.535285,6.048,4.08855e+06,3.35751e+06,1.16796e+07,0,0,0,0,99.3022,98.274,9.26369,0,1,1.6594,1.83559,0,1.28193,2.1168,8.49684e+06,4.48777e+06,1.40996e+07,0,0,0,0
85.139,85.139,14.1849,0.67,0.04,2.85692,3.16027,0,0.535336,6.048,4.08855e+06,3.35751e+06,1.16807e+07,0,0,0,0,99.3022,98.274,10.7593,0,1,1.65955,1.83577,0,1.28205,2.1168,8.49684e+06,4.48777e+06,1.4101e+07,0,0,0,0
85.139,85.139,11.9092,0.45,0.04,2.85719,3.16057,0,0.535387,6.048,4.08855e+06,3.35751e+06,1.16818e+07,0,0,0,0,99.3022,98.274,9.8833,0,1,1.65971,1.83594,0,1.28217,2.1168,8.49684e+06,4.48777e+06,1.41023e+07,0,0,0,0
85.139,85.139,15.6341,0.48,0.04,2.85746,3.16087,0,0.535438,6.048,4.08855e+06,3.35751e+06,1.16829e+07,0,0,0,0,99.3022,98.274,10.7224,0,1,1.65987,1.83612,0,1.28229,2.1168,8.49684e+06,4.48777e+06,1.41036e+07,0,0,0,0
85.139,85.139,10.4225,0.52,0.04,2.96215,3.27668,0,0.535489,6.048,4.08855e+06,2.79793e+06,1.21109e+07,0,0,0,0,99.3022,98.274,9.23533,1,1,1.72679,1.91014,0,1.28241,2.1168,8.49684e+06,3.73981e+06,1.46723e+07,0,0,0,0
85.139,85.139,9.66001,0.52,0.04,2.96243,3.27699,0,0.555107,6.048,4.08855e+06,2.79793e+06,1.21121e+07,0,0,0,0,99.3022,98.274,8.84684,1,1,1.72695,1.91033,0,1.33412,2.1168,8.49684e+06,3.73981e+06,1.46737e+07,0,0,0,0
85.139,85.139,8.43531,0.5,0.04,2.96271,3.2773,0,0.55516,6.048,4.08855e+06,2.79793e+06,1.21132e+07,0,0,0,0,99.3022,98.274,6.97933,1,1,1.72712,1.91051,0,1.33425,2.1168,8.49684e+06,3.73981e+06,1.46751e+07,0,0,0,0
85.139,85.139,6.94756,0.49,0.04,2.963,3.27761,0,0.555213,6.048,4.08855e+06,2.79793e+06,1.21144e+07,0,0,0,0,99.3022,98.274,5.04141,1,1,1.72728,1.91069,0,1.33437,2.1168,8.49684e+06,3.73981e+06,1.46765e+07,0,0,0,0
85.139,85.139,6.41091,0.51,0.04,2.92244,3.23274,0,0.555265,6.048,4.08855e+06,3.35751e+06,1.19485e+07,0,0,0,0,99.3022,98.274,4.46026,0,1,1.70151,1.88218,0,1.3345,2.1168,8.49684e+06,4.48777e+06,1.44574e+07,0,0,0,0
85.139,85.139,5.6545,0.46,0.04,2.92271,3.23305,0,0.547664,6.048,4.08855e+06,3.35751e+06,1.19497e+07,0,0,0,0,99.3022,98.274,3.95907,0,1,1.70167,1.88235,0,1.31458,2.1168,8.49684e+06,4.48777e+06,1.44588e+07,0,0,0,0
85.139,85.139,5.08746,0.43,0.04,2.92299,3.23336,0,0.547716,6.048,4.08855e+06,3.35751e+06,1.19508e+07,0,0,0,0,99.3022,98.274,3.54928,0,1,1.70183,1.88253,0,1.31471,2.1168,8.49684e+06,4.48777e+06,1.44602e+07,0,0,0,0
85.139,85.139,4.68481,0.4,0.04,2.92327,3.23367,0,0.547768,6.048,4.08855e+06,3.35751e+06,1.19519e+07,0,0,0,0,99.3022,98.274,3.36284,0,1,1.70199,1.88271,0,1.31483,2.1168,8.49684e+06,4.48777e+06,1.44616e+07,0,0,0,0
85.139,85.139,4.85443,0.37,0.04,3.32235,3.38738,0,0.54782,6.048,4.08855e+06,2.79793e+06,1.35836e+07,0,0,0,0,99.1805,98.274,3.82628,1,1,1.94659,1.98469,0,1.31496,2.1168,8.49684e+06,3.73981e+06,1.65398e+07,0,0,0,0
85.139,85.139,4.61546,0.35,0.04,3.32267,3.3877,0,0.622609,6.048,4.08855e+06,2.79793e+06,1.35849e+07,0,0,0,0,99.0677,98.274,3.25053,1,1,1.94677,1.98488,0,1.50393,2.1168,8.49684e+06,3.73981e+06,1.65414e+07,0,0,0,0
85.139,85.139,4.20298,0.33,0.04,3.32298,3.38803,0,0.622668,6.048,4.08855e+06,2.79793e+06,1.35862e+07,0,0,0,0,98.8628,98.274,2.58892,1,1,1.94696,1.98507,0,1.50408,2.1168,8.49684e+06,3.73981e+06,1.6543e+07,0,0,0,0
85.139,85.139,3.69732,0.31,0.04,3.3233,3.38835,0,0.622727,6.048,4.08855e+06,2.79793e+06,1.35875e+07,0,0,0,0,98.6404,98.274,2.65933,1,1,1.94714,1.98526,0,1.50422,2.1168,8.49684e+06,3.73981e+06,1.65446e+07,0,0,0,0
85.139,85.139,3.59296,0.29,0.04,3.32361,3.38867,0,0.622786,6.048,4.08855e+06,2.79793e+06,1.35888e+07,0,0,0,0,98.6031,98.274,3.39668,1,1,1.94733,1.98544,0,1.50436,2.1168,8.49684e+06,3.73981e+06,1.65461e+07,0,0,0,0
85.139,85.139,3.55484,0.29,0.04,3.29416,3.35864,0,0.622845,6.048,4.08855e+06,2.79793e+06,1.34683e+07,0,0,0,0,98.6371,98.274,3.69828,1,1,2.00241,2.04161,0,1.50451,2.1168,8.49684e+06,3.73981e+06,1.70142e+07,0,0,0,0
84.8861,85.139,3.26482,0.27,0.04,3.29447,3.35896,0,0.617326,6.048,4.08855e+06,2.79793e+06,1.34696e+07,0,0,0,0,98.6489,98.274,3.71888,1,1,2.0026,2.0418,0,1.54707,2.1168,8.49684e+06,3.73981e+06,1.70158e+07,0,0,0,0
84.371,85.139,2.98922,0.33,0.04,3.29479,3.35928,0,0.617384,6.048,4.08855e+06,2.79793e+06,1.34709e+07,0,0,0,0,98.6027,98.274,3.27694,1,1,2.0028,2.042,0,1.54721,2.1168,8.49684e+06,3.73981e+06,1.70174e+07,0,0,0,0
83.6797,85.139,2.77167,0.31,0.04,3.2951,3.3596,0,0.617443,6.048,4.08855e+06,2.79793e+06,1.34722e+07,0,0,0,0,98.4725,98.274,3.15853,1,1,2.00299,2.04219,0,1.54736,2.1168,8.49684e+06,3.73981e+06,1.7019e+07,0,0,0,0
82.9772,85.139,2.7858,0.3,0.04,3.37232,3.43833,0,0.617502,6.048,4.08855e+06,2.79793e+06,1.37879e+07,0,0,0,0,98.2872,98.274,2.92039,1,1,2.05212,2.09229,0,1.54751,2.1168,8.49684e+06,3.73981e+06,1.74366e+07,0,0,0,0
82.0152,85.139,2.51254,0.27,0.04,3.37264,3.43866,0,0.631973,6.048,4.08855e+06,2.79793e+06,1.37892e+07,0,0,0,0,98.0547,98.274,2.81514,1,1,2.05232,2.09249,0,1.58547,2.1168,8.49684e+06,3.73981e+06,1.74382e+07,0,0,0,0
80.8473,85.139,2.29085,0.28,0.04,3.37296,3.43898,0,0.632033,6.048,4.08855e+06,2.79793e+06,1.37905e+07,0,0,0,0,97.7939,98.274,2.59376,1,1,2.05251,2.09269,0,1.58562,2.1168,8.49684e+06,3.73981e+06,1.74399e+07,0,0,0,0
79.4129,85.139,1.99468,0.28,0.04,3.37328,3.43931,0,0.632093,6.048,4.08855e+06,2.79793e+06,1.37918e+07,0,0,0,0,97.5245,98.274,2.57505,1,1,2.05271,2.09289,0,1.58577,2.1168,8.49684e+06,3.73981e+06,1.74415e+07,0,0,0,0
77.5,85.139,1.67395,0.3,0.04,3.59891,3.66935,0,0.632153,6.048,4.08855e+06,2.79793e+06,1.47143e+07,0,0,0,0,97.2469,98.274,2.86564,1,1,2.1168,2.27329,0.11285,1.58592,2.1168,8.49684e+06,3.73981e+06,1.79861e+07,0,0,0,0
75.438,85.139,1.48723,0.3,0.04,3.59925,3.6697,0,0.674436,6.048,4.08855e+06,2.79793e+06,1.47157e+07,0,0,0,0,96.921,98.274,2.80891,1,1,2.1168,2.27351,0.113062,1.63544,2.1168,8.49684e+06,3.73981e+06,1.79861e+07,0,0,0,0
73.6659,85.139,1.76333,0.31,0.04,3.59959,3.67005,0,0.6745,6.048,4.08855e+06,2.79793e+06,1.47171e+07,0,0,0,0,96.6454,98.274,3.04501,1,1,2.1168,2.27372,0.113273,1.63544,2.1168,8.49684e+06,3.73981e+06,1.79861e+07,0,0,0,0
73.0621,85.139,3.01,0.34,0.04,3.59993,3.6704,0,0.674564,6.048,4.08855e+06,2.79793e+06,1.47185e+07,0,0,0,0,96.5794,98.274,3.61907,1,1,2.1168,2.27394,0.113485,1.63544,2.1168,8.49684e+06,3.73981e+06,1.79861e+07,0,0,0,0
72.4953,85.139,3.05506,0.34,0.04,3.60028,3.67075,0,0.674628,6.048,4.08855e+06,2.79793e+06,1.47199e+07,0,0,0,0,96.6403,98.274,3.91632,1,1,2.1168,2.27416,0.113697,1.63544,2.1168,8.49684e+06,3.73981e+06,1.79861e+07,0,0,0,0
70.8595,85.139,1.85353,0.34,0.04,3.49076,3.55909,0,0.674692,6.048,4.08855e+06,2.79793e+06,1.42721e+07,0,0,0,0,96.4433,98.274,3.26685,1,1,2.1168,2.16494,0.00657946,1.63544,2.1168,8.49684e+06,3.73981e+06,1.79861e+07,0,0,0,0
68.9878,85.139,1.59193,0.34,0.04,3.49109,3.55942,0,0.654168,6.048,4.08855e+06,2.79793e+06,1.42735e+07,0,0,0,0,96.126,98.274,2.83665,1,1,2.1168,2.16515,0.00678103,1.63544,2.1168,8.49684e+06,3.73981e+06,1.79861e+07,0,0,0,0
67.6918,85.139,2.16558,0.34,0.04,3.49142,3.55976,0,0.65423,6.048,4.08855e+06,2.79793e+06,1.42749e+07,0,0,0,0,96.0528,98.274,3.73269,1,1,2.1168,2.16535,0.0069826,1.63544,2.1168,8.49684e+06,3.73981e+06,1.79861e+07,0,0,0,0
67.391,85.139,3.21276,0.36,0.04,3.49175,3.5601,0,0.654293,6.048,4.08855e+06,2.79793e+06,1.42762e+07,0,0,0,0,96.1398,98.274,4.36971,1,1,2.1168,2.16556,0.00718441,1.63544,2.1168,8.49684e+06,3.73981e+06,1.79861e+07,0,0,0,0
66.6374,85.139,2.67266,0.37,0.04,3.40188,3.46846,0,0.654355,6.048,4.08855e+06,2.79793e+06,1.39087e+07,0,0,0,0,96.2778,98.274,3.55225,1,1,2.02645,2.06612,0,1.63544,2.1168,8.49684e+06,3.73981e+06,1.72184e+07,0,0,0,0
67.1784,85.139,4.03526,0.38,0.04,3.4022,3.46879,0,0.637512,6.048,4.08855e+06,2.79793e+06,1.39101e+07,0,0,0,0,96.9709,98.274,4.64583,1,1,2.02664,2.06631,0,1.56564,2.1168,8.49684e+06,3.73981e+06,1.72201e+07,0,0,0,0
68.7685,85.139,5.07859,0.41,0.04,3.13612,3.46912,0,0.637572,6.048,4.08855e+06,2.79793e+06,1.28222e+07,0,0,0,0,98.0965,98.274,6.88538,1,1,1.86815,2.06651,0,1.56579,2.1168,8.49684e+06,3.73981e+06,1.58733e+07,0,0,0,0
69.3823,85.139,4.21877,0.39,0.04,3.40285,3.46945,0,0.587709,6.048,4.08855e+06,2.79793e+06,1.39127e+07,0,0,0,0,98.6716,98.274,6.16477,1,1,2.02703,2.06671,0,1.44333,2.1168,8.49684e+06,3.73981e+06,1.72233e+07,0,0,0,0
69.7167,85.139,3.46586,0.4,0.04,2.90049,3.20847,0,0.637693,6.048,4.08855e+06,3.35751e+06,1.18588e+07,0,0,0,0,99.3022,98.274,7.24488,0,1,1.68082,1.85929,0,1.56608,2.1168,8.49684e+06,4.48777e+06,1.42816e+07,0,0,0,0
73.0967,85.139,6.75386,0.42,0.04,2.90076,3.20877,0,0.543551,6.048,4.08855e+06,3.35751e+06,1.18599e+07,0,0,0,0,99.3022,98.274,10.4526,0,1,1.68098,1.85947,0,1.2986,2.1168,8.49684e+06,4.48777e+06,1.4283e+07,0,0,0,0
75.8634,85.139,6.00612,0.43,0.04,2.90104,3.20908,0,0.543603,6.048,4.08855e+06,3.35751e+06,1.1861e+07,0,0,0,0,99.3022,98.274,9.11555,0,1,1.68114,1.85964,0,1.29872,2.1168,8.49684e+06,4.48777e+06,1.42843e+07,0,0,0,0
77.0134,85.139,4.49753,0.4,0.04,2.90131,3.20938,0,0.543655,6.048,4.08855e+06,3.35751e+06,1.18622e+07,0,0,0,0,99.3022,98.274,5.45418,0,1,1.6813,1.85982,0,1.29885,2.1168,8.49684e+06,4.48777e+06,1.42857e+07,0,0,0,0
78.2597,85.139,4.69556,0.41,0.04,2.90159,3.20968,0,0.543706,6.048,4.08855e+06,3.35751e+06,1.18633e+07,0,0,0,0,99.3022,98.274,5.3977,0,1,1.68145,1.85999,0,1.29897,2.1168,8.49684e+06,4.48777e+06,1.42871e+07,0,0,0,0
80.5304,85.139,5.85623,0.43,0.04,2.99276,3.31054,0,0.543758,6.048,4.08855e+06,2.79793e+06,1.22361e+07,0,0,0,0,99.3022,98.274,5.12195,1,1,1.73598,1.92031,0,1.29909,2.1168,8.49684e+06,3.73981e+06,1.47504e+07,0,0,0,0
83.3411,85.139,6.62368,0.39,0.04,3.24726,3.31082,0,0.560843,6.048,4.08855e+06,2.79793e+06,1.32766e+07,0,0,0,0,99.3022,98.274,4.93319,1,1,1.88361,1.92048,0,1.34122,2.1168,8.49684e+06,3.73981e+06,1.60047e+07,0,0,0,0
84.5446,85.139,4.90698,0.39,0.04,3.24754,3.31111,0,0.608537,6.048,4.08855e+06,2.79793e+06,1.32778e+07,0,0,0,0,99.3022,98.274,4.39265,1,1,1.88377,1.92064,0,1.45528,2.1168,8.49684e+06,3.73981e+06,1.60061e+07,0,0,0,0
85.139,85.139,8.04008,0.38,0.04,3.24783,3.3114,0,0.60859,6.048,4.08855e+06,2.79793e+06,1.32789e+07,0,0,0,0,99.3022,98.274,5.81133,1,1,1.88393,1.92081,0,1.4554,2.1168,8.49684e+06,3.73981e+06,1.60075e+07,0,0,0,0
85.139,85.139,12.2806,0.32,0.04,3.56492,3.6347,0,0.608643,6.048,4.08855e+06,2.79793e+06,1.45754e+07,0,0,0,0,99.3022,98.274,9.01989,1,1,2.10563,2.14684,0,1.45553,2.1168,8.49684e+06,3.73981e+06,1.78912e+07,0,0,0,0
85.139,85.139,6.79345,0.34,0.04,3.56523,3.63501,0,0.668066,6.048,4.08855e+06,2.79793e+06,1.45766e+07,0,0,0,0,99.3022,98.274,5.0423,1,1,2.10581,2.14703,0,1.62681,2.1168,8.49684e+06,3.73981e+06,1.78927e+07,0,0,0,0
85.139,85.139,5.14355,0.35,0.04,3.56554,3.63533,0,0.668124,6.048,4.08855e+06,2.79793e+06,1.45779e+07,0,0,0,0,99.3022,98.274,4.05153,1,1,2.10599,2.14722,0,1.62695,2.1168,8.49684e+06,3.73981e+06,1.78943e+07,0,0,0,0
85.139,85.139,4.61979,0.36,0.04,3.56585,3.63565,0,0.668182,6.048,4.08855e+06,2.79793e+06,1.45792e+07,0,0,0,0,99.3022,98.274,4.4578,1,1,2.10618,2.1474,0,1.62709,2.1168,8.49684e+06,3.73981e+06,1.78958e+07,0,0,0,0
85.139,85.139,6.09786,0.36,0.04,3.17508,3.17508,0,0.66824,6.048,4.08855e+06,2.70226e+06,1.29815e+07,0,0,0,0,99.3022,98.274,5.6154,0,1,1.84437,1.84437,0,1.62723,2.1168,8.49684e+06,3.61194e+06,1.56713e+07,0,0,0,0
85.139,85.139,5.37599,0.38,0.04,3.17535,3.17535,0,0.59501,6.048,4.08855e+06,2.70226e+06,1.29826e+07,0,0,0,0,99.3022,98.274,5.16148,0,1,1.84453,1.84453,0,1.42496,2.1168,8.49684e+06,3.61194e+06,1.56727e+07,0,0,0,0
85.139,85.139,4.54939,0.42,0.04,2.8708,3.17563,0,0.595061,6.048,4.08855e+06,3.35751e+06,1.17374e+07,0,0,0,0,99.3022,98.274,4.67169,0,1,1.66762,1.84469,0,1.42508,2.1168,8.49684e+06,4.48777e+06,1.41695e+07,0,0,0,0
85.139,85.139,4.91634,0.44,0.04,2.87105,3.17591,0,0.537989,6.048,4.08855e+06,3.35751e+06,1.17384e+07,0,0,0,0,99.3022,98.274,5.05056,0,1,1.66776,1.84485,0,1.2884,2.1168,8.49684e+06,4.48777e+06,1.41707e+07,0,0,0,0
85.139,85.139,6.46441,0.48,0.04,2.8713,3.17618,0,0.538035,6.048,4.08855e+06,3.35751e+06,1.17395e+07,0,0,0,0,99.3022,98.274,4.98041,0,1,1.66791,1.84501,0,1.28851,2.1168,8.49684e+06,4.48777e+06,1.41719e+07,0,0,0,0
85.139,85.139,7.00921,0.5,0.04,2.97647,3.29252,0,0.538082,6.048,4.08855e+06,2.79793e+06,1.21695e+07,0,0,0,0,99.3022,98.274,6.96325,1,1,1.73514,1.91938,0,1.28862,2.1168,8.49684e+06,3.73981e+06,1.47432e+07,0,0,0,0
85.139,85.139,7.81265,0.52,0.04,2.97673,3.2928,0,0.557791,6.048,4.08855e+06,2.79793e+06,1.21705e+07,0,0,0,0,99.3022,98.274,7.00438,1,1,1.73529,1.91955,0,1.34057,2.1168,8.49684e+06,3.73981e+06,1.47445e+07,0,0,0,0
85.139,85.139,5.54317,0.52,0.04,2.97699,3.29309,0,0.557839,6.048,4.08855e+06,2.79793e+06,1.21716e+07,0,0,0,0,99.3022,98.274,5.73059,1,1,1.73544,1.91971,0,1.34068,2.1168,8.49684e+06,3.73981e+06,1.47458e+07,0,0,0,0
85.139,85.139,4.78754,0.49,0.04,2.97724,3.29337,0,0.557887,6.048,4.08855e+06,2.79793e+06,1.21726e+07,0,0,0,0,99.3022,98.274,4.77044,1,1,1.73559,1.91988,0,1.3408,2.1168,8.49684e+06,3.73981e+06,1.4747e+07,0,0,0,0
85.139,85.139,4.15677,0.49,0.04,2.93647,3.24826,0,0.557936,6.048,4.08855e+06,3.35751e+06,1.20059e+07,0,0,0,0,99.3022,98.274,3.65711,0,1,1.70968,1.89121,0,1.34092,2.1168,8.49684e+06,4.48777e+06,1.45268e+07,0,0,0,0
85.139,85.139,3.67742,0.47,0.04,2.93672,3.24855,0,0.550294,6.048,4.08855e+06,3.35751e+06,1.20069e+07,0,0,0,0,99.3022,98.274,3.21599,0,1,1.70982,1.89138,0,1.3209,2.1168,8.49684e+06,4.48777e+06,1.45281e+07,0,0,0,0
85.139,85.139,3.34951,0.42,0.04,2.93697,3.24883,0,0.550341,6.048,4.08855e+06,3.35751e+06,1.2008e+07,0,0,0,0,99.3022,98.274,2.93965,0,1,1.70997,1.89154,0,1.32101,2.1168,8.49684e+06,4.48777e+06,1.45294e+07,0,0,0,0
84.9719,85.139,3.11996,0.41,0.04,2.93723,3.24911,0,0.550389,6.048,4.08855e+06,3.35751e+06,1.2009e+07,0,0,0,0,99.3022,98.274,2.86462,0,1,1.71012,1.8917,0,1.32112,2.1168,8.49684e+06,4.48777e+06,1.45306e+07,0,0,0,0
84.7062,85.139,3.09964,0.51,0.04,3.07683,3.40353,0,0.550437,6.048,4.08855e+06,2.79793e+06,1.25798e+07,0,0,0,0,99.3022,98.274,2.98062,1,1,1.80273,1.99415,0,1.32124,2.1168,8.49684e+06,3.73981e+06,1.53175e+07,0,0,0,0
84.3323,85.139,2.96742,0.46,0.04,3.0771,3.40383,0,0.576598,6.048,4.08855e+06,2.79793e+06,1.25809e+07,0,0,0,0,99.3022,98.274,2.65475,1,1,1.80289,1.99432,0,1.39279,2.1168,8.49684e+06,3.73981e+06,1.53189e+07,0,0,0,0
83.6588,85.139,2.64352,0.44,0.04,3.07736,3.40412,0,0.576648,6.048,4.08855e+06,2.79793e+06,1.2582e+07,0,0,0,0,99.3022,98.274,2.43558,1,1,1.80305,1.9945,0,1.39291,2.1168,8.49684e+06,3.73981e+06,1.53202e+07,0,0,0,0
82.6826,85.139,2.48597,0.38,0.04,3.33906,3.40442,0,0.576698,6.048,4.08855e+06,2.79793e+06,1.36519e+07,0,0,0,0,99.2473,98.274,2.34025,1,1,1.95638,1.99467,0,1.39303,2.1168,8.49684e+06,3.73981e+06,1.6623e+07,0,0,0,0
81.5396,85.139,2.30579,0.36,0.04,3.33935,3.40471,0,0.62574,6.048,4.08855e+06,2.79793e+06,1.36531e+07,0,0,0,0,99.0804,98.274,2.20179,1,1,1.95655,1.99484,0,1.5115,2.1168,8.49684e+06,3.73981e+06,1.66245e+07,0,0,0,0
80.3183,85.139,2.18408,0.35,0.04,3.30973,3.37451,0,0.625794,6.048,4.08855e+06,2.79793e+06,1.3532e+07,0,0,0,0,98.7842,98.274,2.29002,1,1,2.01188,2.05126,0,1.51163,2.1168,8.49684e+06,3.73981e+06,1.70946e+07,0,0,0,0
79.0413,85.139,2.1098,0.33,0.04,3.31002,3.3748,0,0.620243,6.048,4.08855e+06,2.79793e+06,1.35332e+07,0,0,0,0,98.4589,98.274,2.25938,1,1,2.01205,2.05144,0,1.55438,2.1168,8.49684e+06,3.73981e+06,1.70961e+07,0,0,0,0
77.5918,85.139,1.88851,0.38,0.04,3.3103,3.3751,0,0.620297,6.048,4.08855e+06,2.79793e+06,1.35343e+07,0,0,0,0,98.0655,98.274,2.08581,1,1,2.01223,2.05161,0,1.55451,2.1168,8.49684e+06,3.73981e+06,1.70976e+07,0,0,0,0
76.044,85.139,1.76796,0.36,0.04,3.31059,3.37539,0,0.620351,6.048,4.08855e+06,2.79793e+06,1.35355e+07,0,0,0,0,97.6536,98.274,2.12218,1,1,2.0124,2.05179,0,1.55465,2.1168,8.49684e+06,3.73981e+06,1.70991e+07,0,0,0,0
74.6217,85.139,1.93972,0.36,0.04,3.38815,3.45446,0,0.620404,6.048,4.08855e+06,2.79793e+06,1.38526e+07,0,0,0,0,97.2902,98.274,2.2872,1,1,2.06175,2.10211,0,1.55478,2.1168,8.49684e+06,3.73981e+06,1.75184e+07,0,0,0,0
73.0954,85.139,1.81628,0.33,0.04,3.38844,3.45476,0,0.634939,6.048,4.08855e+06,2.79793e+06,1.38538e+07,0,0,0,0,96.9077,98.274,2.28177,1,1,2.06193,2.10229,0,1.59291,2.1168,8.49684e+06,3.73981e+06,1.75199e+07,0,0,0,0
71.3855,85.139,1.61337,0.37,0.04,3.38873,3.45506,0,0.634994,6.048,4.08855e+06,2.79793e+06,1.3855e+07,0,0,0,0,96.4936,98.274,2.07739,1,1,2.06211,2.10248,0,1.59305,2.1168,8.49684e+06,3.73981e+06,1.75214e+07,0,0,0,0
69.555,85.139,1.46308,0.34,0.04,3.38903,3.45536,0,0.635049,6.048,4.08855e+06,2.79793e+06,1.38562e+07,0,0,0,0,95.9651,98.274,2.03004,1,1,2.06229,2.10266,0,1.59319,2.1168,8.49684e+06,3.73981e+06,1.7523e+07,0,0,0,0
67.4711,85.139,1.38931,0.34,0.04,3.61568,3.68645,0,0.635104,6.048,4.08855e+06,2.79793e+06,1.47829e+07,0,0,0,0,95.1927,98.274,1.8009,1,1,2.1168,2.28389,0.123239,1.59333,2.1168,8.49684e+06,3.73981e+06,1.79861e+07,0,0,0,0
65.4402,85.139,1.43457,0.38,0.04,3.61599,3.68677,0,0.677578,6.048,4.08855e+06,2.79793e+06,1.47842e+07,0,0,0,0,94.688,98.274,1.61429,1,1,2.1168,2.28408,0.123434,1.63544,2.1168,8.49684e+06,3.73981e+06,1.79861e+07,0,0,0,0
63.3497,85.139,1.34968,0.35,0.04,3.61631,3.68709,0,0.677637,6.048,4.08855e+06,2.79793e+06,1.47855e+07,0,0,0,0,94.1872,98.274,2.21291,1,1,2.1168,2.28428,0.123628,1.63544,2.1168,8.49684e+06,3.73981e+06,1.79861e+07,0,0,0,0
61.2183,85.139,1.28322,0.36,0.04,3.61662,3.68741,0,0.677696,6.048,4.08855e+06,2.79793e+06,1.47867e+07,0,0,0,0,93.6694,98.274,2.18621,1,1,2.1168,2.28448,0.123822,1.63544,2.1168,8.49684e+06,3.73981e+06,1.79861e+07,0,0,0,0
59.2047,85.139,1.40348,0.36,0.04,3.61693,3.68773,0,0.677755,6.048,4.08855e+06,2.79793e+06,1.4788e+07,0,0,0,0,93.2659,98.274,2.61716,1,1,2.1168,2.28468,0.124016,1.63544,2.1168,8.49684e+06,3.73981e+06,1.79861e+07,0,0,0,0
57.8354,85.139,1.98306,0.37,0.04,3.50688,3.57552,0,0.677813,6.048,4.08855e+06,2.79793e+06,1.43381e+07,0,0,0,0,93.1063,98.274,3.63468,1,1,2.1168,2.17494,0.0163856,1.63544,2.1168,8.49684e+06,3.73981e+06,1.79861e+07,0,0,0,0
56.7073,85.139,2.22816,0.37,0.04,3.50718,3.57583,0,0.657189,6.048,4.08855e+06,2.79793e+06,1.43393e+07,0,0,0,0,92.9623,98.274,3.42006,1,1,2.1168,2.17513,0.0165703,1.63544,2.1168,8.49684e+06,3.73981e+06,1.79861e+07,0,0,0,0
56.9697,85.139,3.47752,0.42,0.04,3.23287,3.57614,0,0.657246,6.048,4.08855e+06,2.79793e+06,1.32178e+07,0,0,0,0,93.4544,98.274,5.85501,1,1,1.96651,2.17532,0,1.63544,2.1168,8.49684e+06,3.73981e+06,1.67091e+07,0,0,0,0
56.7549,85.139,3.40279,0.38,0.04,3.50779,3.57645,0,0.60584,6.048,4.08855e+06,2.79793e+06,1.43418e+07,0,0,0,0,93.7337,98.274,5.30554,1,1,2.1168,2.17551,0.0169403,1.51933,2.1168,8.49684e+06,3.73981e+06,1.79861e+07,0,0,0,0
55.3025,85.139,1.67934,0.48,0.04,3.1499,3.48437,0,0.65736,6.048,4.08855e+06,2.79793e+06,1.28785e+07,0,0,0,0,93.7006,98.274,2.49442,1,1,1.87636,2.07559,0,1.63544,2.1168,8.49684e+06,3.73981e+06,1.59431e+07,0,0,0,0
54.8998,85.139,2.73975,0.48,0.04,3.15018,3.48467,0,0.590292,6.048,4.08855e+06,2.79793e+06,1.28797e+07,0,0,0,0,94.2981,98.274,4.44189,1,1,1.87652,2.07577,0,1.44967,2.1168,8.49684e+06,3.73981e+06,1.59445e+07,0,0,0,0
53.859,85.139,2.03909,0.48,0.04,3.15045,3.48497,0,0.590343,6.048,4.08855e+06,2.79793e+06,1.28808e+07,0,0,0,0,94.9579,98.274,4.67972,1,1,1.87668,2.07595,0,1.4498,2.1168,8.49684e+06,3.73981e+06,1.59459e+07,0,0,0,0
53.3692,85.139,2.65045,0.5,0.04,3.15072,3.48527,0,0.590394,6.048,4.08855e+06,2.79793e+06,1.28819e+07,0,0,0,0,95.2736,98.274,3.81362,1,1,1.87684,2.07613,0,1.44992,2.1168,8.49684e+06,3.73981e+06,1.59472e+07,0,0,0,0
55.0218,85.139,4.81314,0.55,0.04,2.91369,3.22307,0,0.590445,6.048,4.08855e+06,3.35751e+06,1.19128e+07,0,0,0,0,96.8786,98.274,7.06693,0,1,1.68847,1.86775,0,1.45005,2.1168,8.49684e+06,4.48777e+06,1.43466e+07,0,0,0,0
57.0595,85.139,5.12562,0.55,0.04,2.91394,3.22335,0,0.546025,6.048,4.08855e+06,3.35751e+06,1.19138e+07,0,0,0,0,99.3022,98.274,11.3728,0,1,1.68861,1.86791,0,1.30451,2.1168,8.49684e+06,4.48777e+06,1.43479e+07,0,0,0,0
58.8582,85.139,5.16306,0.52,0.04,2.91419,3.22363,0,0.546073,6.048,4.08855e+06,3.35751e+06,1.19148e+07,0,0,0,0,99.3022,98.274,8.58052,0,1,1.68876,1.86808,0,1.30462,2.1168,8.49684e+06,4.48777e+06,1.43491e+07,0,0,0,0
60.194,85.139,4.70438,0.53,0.04,2.91445,3.22391,0,0.54612,6.048,4.08855e+06,3.35751e+06,1.19159e+07,0,0,0,0,99.3022,98.274,7.00217,0,1,1.68891,1.86824,0,1.30474,2.1168,8.49684e+06,4.48777e+06,1.43504e+07,0,0,0,0
62.0315,85.139,5.08738,0.56,0.04,2.9147,3.22419,0,0.546167,6.048,4.08855e+06,3.35751e+06,1.19169e+07,0,0,0,0,99.3022,98.274,8.1103,0,1,1.68905,1.8684,0,1.30485,2.1168,8.49684e+06,4.48777e+06,1.43516e+07,0,0,0,0
64.6757,85.139,6.16566,0.61,0.04,3.00626,3.32547,0,0.546215,6.048,4.08855e+06,2.79793e+06,1.22912e+07,0,0,0,0,99.3022,98.274,9.50404,1,1,1.74381,1.92897,0,1.30496,2.1168,8.49684e+06,3.73981e+06,1.48169e+07,0,0,0,0
66.2502,85.139,5.11831,0.59,0.04,3.00649,3.32573,0,0.563373,6.048,4.08855e+06,2.79793e+06,1.22922e+07,0,0,0,0,99.3022,98.274,9.4348,1,1,1.74395,1.92912,0,1.34727,2.1168,8.49684e+06,3.73981e+06,1.4818e+07,0,0,0,0
66.4227,85.139,3.56129,0.6,0.04,3.00673,3.32599,0,0.563417,6.048,4.08855e+06,2.79793e+06,1.22932e+07,0,0,0,0,99.3022,98.274,6.14954,1,1,1.74409,1.92928,0,1.34737,2.1168,8.49684e+06,3.73981e+06,1.48192e+07,0,0,0,0
69.4282,85.139,6.43968,0.63,0.04,3.00697,3.32625,0,0.563461,6.048,4.08855e+06,2.79793e+06,1.22941e+07,0,0,0,0,99.3022,98.274,8.27892,1,1,1.74422,1.92943,0,1.34748,2.1168,8.49684e+06,3.73981e+06,1.48204e+07,0,0,0,0
72.1187,85.139,6.52701,0.56,0.04,3.30052,3.65098,0,0.563506,6.048,4.08855e+06,2.79793e+06,1.34943e+07,0,0,0,0,99.3022,98.274,12.1854,1,1,1.94946,2.15646,0,1.34759,2.1168,8.49684e+06,3.73981e+06,1.65642e+07,0,0,0,0
73.7025,85.139,5.41523,0.58,0.04,3.30078,3.65126,0,0.618518,6.048,4.08855e+06,2.79793e+06,1.34954e+07,0,0,0,0,99.3022,98.274,7.47756,1,1,1.94961,2.15663,0,1.50615,2.1168,8.49684e+06,3.73981e+06,1.65655e+07,0,0,0,0
75.1089,85.139,5.18938,0.61,0.04,3.30104,3.65155,0,0.618566,6.048,4.08855e+06,2.79793e+06,1.34965e+07,0,0,0,0,99.3022,98.274,6.09368,1,1,1.94977,2.1568,0,1.50627,2.1168,8.49684e+06,3.73981e+06,1.65669e+07,0,0,0,0
78.2663,85.139,7.16201,0.53,0.04,3.3013,3.65184,0,0.618615,6.048,4.08855e+06,2.79793e+06,1.34975e+07,0,0,0,0,99.3022,98.274,8.95603,1,1,1.94992,2.15697,0,1.50639,2.1168,8.49684e+06,3.73981e+06,1.65682e+07,0,0,0,0
82.0042,85.139,7.54306,0.58,0.04,2.88307,3.18919,0,0.618664,6.048,4.08855e+06,3.35751e+06,1.17876e+07,0,0,0,0,99.3022,98.274,15.2615,0,1,1.67474,1.85257,0,1.50651,2.1168,8.49684e+06,4.48777e+06,1.423e+07,0,0,0,0
84.2759,85.139,5.96821,0.53,0.04,2.88329,3.18945,0,0.540286,6.048,4.08855e+06,3.35751e+06,1.17885e+07,0,0,0,0,99.3022,98.274,10.6745,0,1,1.67487,1.85271,0,1.2939,2.1168,8.49684e+06,4.48777e+06,1.42311e+07,0,0,0,0
85.139,85.139,4.90694,0.57,0.04,2.88352,3.1897,0,0.540329,6.048,4.08855e+06,3.35751e+06,1.17894e+07,0,0,0,0,99.3022,98.274,8.43628,0,1,1.675,1.85286,0,1.29401,2.1168,8.49684e+06,4.48777e+06,1.42322e+07,0,0,0,0
85.139,85.139,5.62695,0.44,0.04,2.88375,3.18995,0,0.540372,6.048,4.08855e+06,3.35751e+06,1.17903e+07,0,0,0,0,99.3022,98.274,10.4975,0,1,1.67514,1.853,0,1.29411,2.1168,8.49684e+06,4.48777e+06,1.42334e+07,0,0,0,0
85.139,85.139,5.94526,0.49,0.04,2.88397,3.1902,0,0.540414,6.048,4.08855e+06,3.35751e+06,1.17913e+07,0,0,0,0,99.3022,98.274,10.7826,0,1,1.67527,1.85315,0,1.29421,2.1168,8.49684e+06,4.48777e+06,1.42345e+07,0,0,0,0
85.139,85.139,7.03172,0.51,0.04,2.98958,3.30702,0,0.540457,6.048,4.08855e+06,2.79793e+06,1.22231e+07,0,0,0,0,99.3022,98.274,15.6179,1,1,1.74278,1.92783,0,1.29431,2.1168,8.49684e+06,3.73981e+06,1.48081e+07,0,0,0,0
85.139,85.139,6.18299,0.52,0.04,2.98982,3.30728,0,0.560248,6.048,4.08855e+06,2.79793e+06,1.2224e+07,0,0,0,0,99.3022,98.274,11.109,1,1,1.74292,1.92799,0,1.34647,2.1168,8.49684e+06,3.73981e+06,1.48093e+07,0,0,0,0
85.139,85.139,4.88388,0.51,0.04,2.99005,3.30754,0,0.560292,6.048,4.08855e+06,2.79793e+06,1.2225e+07,0,0,0,0,99.3022,98.274,7.35772,1,1,1.74306,1.92814,0,1.34658,2.1168,8.49684e+06,3.73981e+06,1.48105e+07,0,0,0,0
85.139,85.139,4.66266,0.48,0.04,2.99029,3.3078,0,0.560336,6.048,4.08855e+06,2.79793e+06,1.22259e+07,0,0,0,0,99.3022,98.274,6.37442,1,1,1.74319,1.92829,0,1.34669,2.1168,8.49684e+06,3.73981e+06,1.48116e+07,0,0,0,0
85.139,85.139,4.75301,0.47,0.04,2.94931,3.26247,0,0.56038,6.048,4.08855e+06,3.35751e+06,1.20584e+07,0,0,0,0,99.3022,98.274,6.2582,0,1,1.71715,1.89948,0,1.34679,2.1168,8.49684e+06,4.48777e+06,1.45904e+07,0,0,0,0
85.139,85.139,3.86231,0.46,0.04,2.94954,3.26273,0,0.5527,6.048,4.08855e+06,3.35751e+06,1.20593e+07,0,0,0,0,99.3022,98.274,4.74219,0,1,1.71729,1.89963,0,1.32667,2.1168,8.49684e+06,4.48777e+06,1.45915e+07,0,0,0,0
85.139,85.139,3.81529,0.41,0.04,2.94977,3.26298,0,0.552743,6.048,4.08855e+06,3.35751e+06,1.20603e+07,0,0,0,0,99.3022,98.274,6.39699,0,1,1.71742,1.89978,0,1.32678,2.1168,8.49684e+06,4.48777e+06,1.45927e+07,0,0,0,0
85.139,85.139,3.78577,0.39,0.04,3.20059,3.26324,0,0.552787,6.048,4.08855e+06,2.79793e+06,1.30858e+07,0,0,0,0,99.3022,98.274,6.86064,0,1,1.86345,1.89993,0,1.32688,2.1168,8.49684e+06,3.73981e+06,1.58335e+07,0,0,0,0
84.9798,85.139,3.43712,0.37,0.04,3.35268,3.41831,0,0.599791,6.048,4.08855e+06,2.79793e+06,1.37076e+07,0,0,0,0,99.3022,98.274,5.33276,1,1,1.96436,2.00281,0,1.43971,2.1168,8.49684e+06,3.73981e+06,1.66908e+07,0,0,0,0
84.8556,85.139,3.20405,0.44,0.04,3.09043,3.41857,0,0.628292,6.048,4.08855e+06,2.79793e+06,1.26354e+07,0,0,0,0,99.3022,98.274,4.37495,1,1,1.8107,2.00296,0,1.51766,2.1168,8.49684e+06,3.73981e+06,1.53852e+07,0,0,0,0
84.4748,85.139,2.86492,0.42,0.04,3.09067,3.41884,0,0.579146,6.048,4.08855e+06,2.79793e+06,1.26364e+07,0,0,0,0,99.3022,98.274,4.15535,1,1,1.81084,2.00312,0,1.39895,2.1168,8.49684e+06,3.73981e+06,1.53865e+07,0,0,0,0
83.7198,85.139,2.7073,0.36,0.04,3.35347,3.41911,0,0.579192,6.048,4.08855e+06,2.79793e+06,1.37108e+07,0,0,0,0,99.3022,98.274,4.01969,1,1,1.96482,2.00328,0,1.39906,2.1168,8.49684e+06,3.73981e+06,1.66948e+07,0,0,0,0
82.8925,85.139,2.62516,0.34,0.04,3.35374,3.41938,0,0.628441,6.048,4.08855e+06,2.79793e+06,1.37119e+07,0,0,0,0,99.3022,98.274,3.76964,1,1,1.96498,2.00344,0,1.51802,2.1168,8.49684e+06,3.73981e+06,1.66961e+07,0,0,0,0
81.9342,85.139,2.47681,0.33,0.04,3.32396,3.38902,0,0.62849,6.048,4.08855e+06,2.79793e+06,1.35902e+07,0,0,0,0,99.1732,98.274,2.86282,1,1,2.02053,2.06008,0,1.51814,2.1168,8.49684e+06,3.73981e+06,1.71681e+07,0,0,0,0
80.804,85.139,2.28193,0.31,0.04,3.32422,3.38929,0,0.62291,6.048,4.08855e+06,2.79793e+06,1.35912e+07,0,0,0,0,99.0237,98.274,2.72991,1,1,2.02069,2.06024,0,1.56106,2.1168,8.49684e+06,3.73981e+06,1.71695e+07,0,0,0,0
79.5444,85.139,2.131,0.31,0.04,3.32448,3.38956,0,0.622959,6.048,4.08855e+06,2.79793e+06,1.35923e+07,0,0,0,0,98.8118,98.274,2.46232,1,1,2.02085,2.0604,0,1.56118,2.1168,8.49684e+06,3.73981e+06,1.71708e+07,0,0,0,0
78.2326,85.139,2.05453,0.29,0.04,3.32474,3.38982,0,0.623008,6.048,4.08855e+06,2.79793e+06,1.35934e+07,0,0,0,0,98.5751,98.274,2.34559,1,1,2.02101,2.06056,0,1.56131,2.1168,8.49684e+06,3.73981e+06,1.71722e+07,0,0,0,0
77.1844,85.139,2.37581,0.34,0.04,3.40261,3.46921,0,0.623057,6.048,4.08855e+06,2.79793e+06,1.39117e+07,0,0,0,0,98.3656,98.274,2.61132,1,1,2.07055,2.11108,0,1.56143,2.1168,8.49684e+06,3.73981e+06,1.75932e+07,0,0,0,0
75.9336,85.139,2.15791,0.31,0.04,3.40287,3.46948,0,0.637648,6.048,4.08855e+06,2.79793e+06,1.39128e+07,0,0,0,0,98.1238,98.274,2.49574,1,1,2.07072,2.11125,0,1.59971,2.1168,8.49684e+06,3.73981e+06,1.75945e+07,0,0,0,0
74.5068,85.139,1.96451,0.31,0.04,3.40314,3.46975,0,0.637698,6.048,4.08855e+06,2.79793e+06,1.39139e+07,0,0,0,0,97.8645,98.274,2.36638,1,1,2.07088,2.11141,0,1.59984,2.1168,8.49684e+06,3.73981e+06,1.75959e+07,0,0,0,0
72.8258,85.139,1.67684,0.29,0.04,3.40341,3.47003,0,0.637748,6.048,4.08855e+06,2.79793e+06,1.3915e+07,0,0,0,0,97.5974,98.274,2.34626,1,1,2.07104,2.11158,0,1.59996,2.1168,8.49684e+06,3.73981e+06,1.75973e+07,0,0,0,0
70.7194,85.139,1.41968,0.32,0.04,3.63099,3.70206,0,0.637799,6.048,4.08855e+06,2.79793e+06,1.48455e+07,0,0,0,0,97.2774,98.274,2.24773,1,1,2.1168,2.29356,0.132726,1.60009,2.1168,8.49684e+06,3.73981e+06,1.79861e+07,0,0,0,0
68.4215,85.139,1.19266,0.31,0.04,3.63128,3.70236,0,0.680448,6.048,4.08855e+06,2.79793e+06,1.48467e+07,0,0,0,0,96.8894,98.274,2.10869,1,1,2.1168,2.29374,0.132903,1.63544,2.1168,8.49684e+06,3.73981e+06,1.79861e+07,0,0,0,0
66.1236,85.139,1.1625,0.31,0.04,3.63156,3.70265,0,0.680501,6.048,4.08855e+06,2.79793e+06,1.48478e+07,0,0,0,0,96.4647,98.274,1.99545,1,1,2.1168,2.29392,0.13308,1.63544,2.1168,8.49684e+06,3.73981e+06,1.79861e+07,0,0,0,0
64.3472,85.139,1.66792,0.34,0.04,3.63185,3.70294,0,0.680555,6.048,4.08855e+06,2.79793e+06,1.4849e+07,0,0,0,0,96.1212,98.274,2.32267,1,1,2.1168,2.2941,0.133257,1.63544,2.1168,8.49684e+06,3.73981e+06,1.79861e+07,0,0,0,0
63.0563,85.139,2.20019,0.34,0.04,3.63213,3.70323,0,0.680608,6.048,4.08855e+06,2.79793e+06,1.48502e+07,0,0,0,0,95.9634,98.274,2.64997,1,1,2.1168,2.29428,0.133434,1.63544,2.1168,8.49684e+06,3.73981e+06,1.79861e+07,0,0,0,0
60.9504,85.139,1.23424,0.34,0.04,3.52159,3.59052,0,0.680662,6.048,4.08855e+06,2.79793e+06,1.43982e+07,0,0,0,0,95.6326,98.274,2.24002,1,1,2.1168,2.18406,0.0253338,1.63544,2.1168,8.49684e+06,3.73981e+06,1.79861e+07,0,0,0,0
58.6947,85.139,1.0523,0.35,0.04,3.52187,3.5908,0,0.659946,6.048,4.08855e+06,2.79793e+06,1.43993e+07,0,0,0,0,95.2504,98.274,2.04804,1,1,2.1168,2.18423,0.0255021,1.63544,2.1168,8.49684e+06,3.73981e+06,1.79861e+07,0,0,0,0
57.4995,85.139,2.24793,0.35,0.04,3.52214,3.59109,0,0.659998,6.048,4.08855e+06,2.79793e+06,1.44005e+07,0,0,0,0,95.4001,98.274,3.20801,1,1,2.1168,2.18441,0.0256705,1.63544,2.1168,8.49684e+06,3.73981e+06,1.79861e+07,0,0,0,0
57.7434,85.139,3.75352,0.36,0.04,3.52242,3.59137,0,0.66005,6.048,4.08855e+06,2.79793e+06,1.44016e+07,0,0,0,0,95.7205,98.274,3.81431,1,1,2.1168,2.18458,0.0258389,1.63544,2.1168,8.49684e+06,3.73981e+06,1.79861e+07,0,0,0,0
55.5881,85.139,1.16707,0.39,0.04,3.4317,3.49887,0,0.660102,6.048,4.08855e+06,2.79793e+06,1.40307e+07,0,0,0,0,95.2178,98.274,1.9921,1,1,2.04422,2.08423,0,1.63544,2.1168,8.49684e+06,3.73981e+06,1.73694e+07,0,0,0,0
54.1966,85.139,1.73955,0.46,0.04,3.16326,3.49914,0,0.6431,6.048,4.08855e+06,2.79793e+06,1.29332e+07,0,0,0,0,95.0806,98.274,1.75072,1,1,1.88431,2.08439,0,1.57936,2.1168,8.49684e+06,3.73981e+06,1.60107e+07,0,0,0,0
54.4426,85.139,3.44678,0.46,0.04,3.16351,3.49942,0,0.592796,6.048,4.08855e+06,2.79793e+06,1.29342e+07,0,0,0,0,95.6097,98.274,4.0212,1,1,1.88446,2.08456,0,1.45582,2.1168,8.49684e+06,3.73981e+06,1.6012e+07,0,0,0,0
53.441,85.139,2.10918,0.48,0.04,3.16376,3.49969,0,0.592842,6.048,4.08855e+06,2.79793e+06,1.29352e+07,0,0,0,0,95.9261,98.274,3.61981,1,1,1.88461,2.08472,0,1.45594,2.1168,8.49684e+06,3.73981e+06,1.60132e+07,0,0,0,0
54.0011,85.139,3.53764,0.53,0.04,2.92572,3.23638,0,0.592889,6.048,4.08855e+06,3.35751e+06,1.1962e+07,0,0,0,0,96.2197,98.274,3.05169,0,1,1.69544,1.87547,0,1.45605,2.1168,8.49684e+06,4.48777e+06,1.44059e+07,0,0,0,0
54.9687,85.139,3.94856,0.53,0.04,2.92595,3.23664,0,0.548281,6.048,4.08855e+06,3.35751e+06,1.19629e+07,0,0,0,0,96.5879,98.274,3.34156,0,1,1.69557,1.87561,0,1.3099,2.1168,8.49684e+06,4.48777e+06,1.4407e+07,0,0,0,0
55.6478,85.139,3.71765,0.57,0.04,2.92618,3.23689,0,0.548324,6.048,4.08855e+06,3.35751e+06,1.19638e+07,0,0,0,0,97.1908,98.274,4.15195,0,1,1.69571,1.87576,0,1.31,2.1168,8.49684e+06,4.48777e+06,1.44082e+07,0,0,0,0
56.7724,85.139,4.12547,0.57,0.04,2.92641,3.23715,0,0.548367,6.048,4.08855e+06,3.35751e+06,1.19648e+07,0,0,0,0,97.802,98.274,4.24609,0,1,1.69584,1.87591,0,1.3101,2.1168,8.49684e+06,4.48777e+06,1.44093e+07,0,0,0,0
58.2877,85.139,4.64903,0.55,0.04,2.92664,3.2374,0,0.54841,6.048,4.08855e+06,3.35751e+06,1.19657e+07,0,0,0,0,98.3403,98.274,4.40151,0,1,1.69597,1.87606,0,1.31021,2.1168,8.49684e+06,4.48777e+06,1.44104e+07,0,0,0,0
65.3258,85.139,10.7367,0.6,0.04,3.01855,3.33907,0,0.548453,6.048,4.08855e+06,2.79793e+06,1.23415e+07,0,0,0,0,99.3022,98.274,10.4434,1,1,1.75094,1.93686,0,1.31031,2.1168,8.49684e+06,3.73981e+06,1.48775e+07,0,0,0,0
69.0255,85.139,7.33542,0.57,0.04,3.01877,3.3393,0,0.565677,6.048,4.08855e+06,2.79793e+06,1.23424e+07,0,0,0,0,99.3022,98.274,6.5554,1,1,1.75107,1.937,0,1.35278,2.1168,8.49684e+06,3.73981e+06,1.48785e+07,0,0,0,0
72.3584,85.139,6.87802,0.51,0.04,3.01898,3.33954,0,0.565717,6.048,4.08855e+06,2.79793e+06,1.23433e+07,0,0,0,0,99.3022,98.274,4.69781,1,1,1.75119,1.93713,0,1.35287,2.1168,8.49684e+06,3.73981e+06,1.48796e+07,0,0,0,0
74.4918,85.139,5.61298,0.52,0.04,3.01919,3.33978,0,0.565757,6.048,4.08855e+06,2.79793e+06,1.23441e+07,0,0,0,0,99.3022,98.274,3.94584,1,1,1.75131,1.93727,0,1.35297,2.1168,8.49684e+06,3.73981e+06,1.48806e+07,0,0,0,0
82.997,85.139,12.5247,0.46,0.04,3.31391,3.66579,0,0.565797,6.048,4.08855e+06,2.79793e+06,1.35491e+07,0,0,0,0,99.3022,98.274,6.99537,1,1,1.95737,2.16521,0,1.35307,2.1168,8.49684e+06,3.73981e+06,1.66315e+07,0,0,0,0
85.139,85.139,10.6358,0.4,0.04,3.31415,3.66605,0,0.621027,6.048,4.08855e+06,2.79793e+06,1.35501e+07,0,0,0,0,99.3022,98.274,8.32811,1,1,1.95751,2.16536,0,1.51226,2.1168,8.49684e+06,3.73981e+06,1.66326e+07,0,0,0,0
85.139,85.139,15.7988,0.34,0.04,3.59592,3.66631,0,0.621071,6.048,4.08855e+06,2.79793e+06,1.47021e+07,0,0,0,0,99.3022,98.274,10.4825,1,1,2.1168,2.16551,0.00713928,1.51237,2.1168,8.49684e+06,3.73981e+06,1.79861e+07,0,0,0,0
85.139,85.139,9.9583,0.34,0.04,3.59618,3.66657,0,0.673876,6.048,4.08855e+06,2.79793e+06,1.47032e+07,0,0,0,0,99.3022,98.274,7.8531,1,1,2.1168,2.16567,0.0072894,1.63544,2.1168,8.49684e+06,3.73981e+06,1.79861e+07,0,0,0,0
85.139,85.139,7.463,0.35,0.04,3.20203,3.20203,0,0.673924,6.048,4.08855e+06,2.70226e+06,1.30917e+07,0,0,0,0,99.3022,98.274,4.47807,0,1,1.86002,1.86002,0,1.63544,2.1168,8.49684e+06,3.61194e+06,1.58043e+07,0,0,0,0
85.139,85.139,7.26267,0.37,0.04,3.20226,3.20226,0,0.600061,6.048,4.08855e+06,2.70226e+06,1.30926e+07,0,0,0,0,99.3022,98.274,4.53662,0,1,1.86016,1.86016,0,1.43706,2.1168,8.49684e+06,3.61194e+06,1.58055e+07,0,0,0,0
85.139,85.139,9.19758,0.42,0.04,2.89508,3.20249,0,0.600103,6.048,4.08855e+06,3.35751e+06,1.18367e+07,0,0,0,0,99.3022,98.274,6.33909,0,1,1.68172,1.86029,0,1.43716,2.1168,8.49684e+06,4.48777e+06,1.42893e+07,0,0,0,0
85.139,85.139,11.405,0.46,0.04,2.89529,3.20271,0,0.542538,6.048,4.08855e+06,3.35751e+06,1.18375e+07,0,0,0,0,99.3022,98.274,9.92852,0,1,1.68184,1.86042,0,1.2993,2.1168,8.49684e+06,4.48777e+06,1.42903e+07,0,0,0,0
85.139,85.139,8.80662,0.48,0.04,2.89549,3.20294,0,0.542577,6.048,4.08855e+06,3.35751e+06,1.18384e+07,0,0,0,0,99.3022,98.274,6.11724,0,1,1.68196,1.86055,0,1.29939,2.1168,8.49684e+06,4.48777e+06,1.42913e+07,0,0,0,0
85.139,85.139,8.87405,0.52,0.04,3.0015,3.3202,0,0.542615,6.048,4.08855e+06,2.79793e+06,1.22718e+07,0,0,0,0,99.3022,98.274,5.60121,1,1,1.74973,1.93552,0,1.29948,2.1168,8.49684e+06,3.73981e+06,1.48672e+07,0,0,0,0
85.139,85.139,7.65276,0.52,0.04,3.00171,3.32044,0,0.562481,6.048,4.08855e+06,2.79793e+06,1.22726e+07,0,0,0,0,99.3022,98.274,5.97792,1,1,1.74985,1.93565,0,1.35184,2.1168,8.49684e+06,3.73981e+06,1.48682e+07,0,0,0,0
85.139,85.139,7.27294,0.5,0.04,3.00192,3.32067,0,0.56252,6.048,4.08855e+06,2.79793e+06,1.22735e+07,0,0,0,0,99.3022,98.274,8.0796,1,1,1.74998,1.93579,0,1.35194,2.1168,8.49684e+06,3.73981e+06,1.48693e+07,0,0,0,0
85.139,85.139,6.10744,0.47,0.04,3.00213,3.32091,0,0.56256,6.048,4.08855e+06,2.79793e+06,1.22744e+07,0,0,0,0,99.3022,98.274,4.06047,1,1,1.7501,1.93593,0,1.35203,2.1168,8.49684e+06,3.73981e+06,1.48703e+07,0,0,0,0
85.139,85.139,5.97154,0.45,0.04,2.96097,3.27537,0,0.5626,6.048,4.08855e+06,2.79793e+06,1.21061e+07,0,0,0,0,99.3022,98.274,5.21436,1,1,1.72394,1.90699,0,1.35213,2.1168,8.49684e+06,3.73981e+06,1.4648e+07,0,0,0,0
85.139,85.139,5.29979,0.45,0.04,2.96118,3.2756,0,0.554885,6.048,4.08855e+06,2.79793e+06,1.21069e+07,0,0,0,0,99.3022,98.274,4.46979,1,1,1.72406,1.90713,0,1.33192,2.1168,8.49684e+06,3.73981e+06,1.46491e+07,0,0,0,0
85.139,85.139,4.87474,0.4,0.04,2.96139,3.27583,0,0.554924,6.048,4.08855e+06,2.79793e+06,1.21078e+07,0,0,0,0,99.3022,98.274,4.19789,1,1,1.72418,1.90726,0,1.33201,2.1168,8.49684e+06,3.73981e+06,1.46501e+07,0,0,0,0
85.139,85.139,4.47049,0.38,0.04,3.21317,3.27606,0,0.554964,6.048,4.08855e+06,2.79793e+06,1.31372e+07,0,0,0,0,99.3022,98.274,4.04463,1,1,1.87078,1.9074,0,1.3321,2.1168,8.49684e+06,3.73981e+06,1.58957e+07,0,0,0,0
85.139,85.139,4.47063,0.36,0.04,3.36583,3.43171,0,0.602148,6.048,4.08855e+06,2.79793e+06,1.37614e+07,0,0,0,0,99.2978,98.274,3.98332,1,1,1.97206,2.01066,0,1.44536,2.1168,8.49684e+06,3.73981e+06,1.67563e+07,0,0,0,0
85.139,85.139,4.30707,0.31,0.04,3.36607,3.43195,0,0.630756,6.048,4.08855e+06,2.79793e+06,1.37623e+07,0,0,0,0,99.3022,98.274,4.86195,1,1,1.9722,2.0108,0,1.52361,2.1168,8.49684e+06,3.73981e+06,1.67575e+07,0,0,0,0
85.139,85.139,4.38956,0.31,0.04,3.3663,3.4322,0,0.630801,6.048,4.08855e+06,2.79793e+06,1.37633e+07,0,0,0,0,99.3022,98.274,3.76225,1,1,1.97234,2.01095,0,1.52372,2.1168,8.49684e+06,3.73981e+06,1.67587e+07,0,0,0,0
85.139,85.139,3.76924,0.29,0.04,3.36654,3.43244,0,0.630846,6.048,4.08855e+06,2.79793e+06,1.37643e+07,0,0,0,0,99.218,98.274,3.42528,1,1,1.97248,2.01109,0,1.52383,2.1168,8.49684e+06,3.73981e+06,1.67598e+07,0,0,0,0
85.0852,85.139,3.55246,0.26,0.04,3.36678,3.43268,0,0.63089,6.048,4.08855e+06,2.79793e+06,1.37653e+07,0,0,0,0,99.1218,98.274,3.18312,1,1,1.97262,2.01123,0,1.52394,2.1168,8.49684e+06,3.73981e+06,1.6761e+07,0,0,0,0
85.139,85.139,3.73641,0.31,0.04,3.33686,3.40218,0,0.630935,6.048,4.08855e+06,2.79793e+06,1.36429e+07,0,0,0,0,99.2531,98.274,3.71354,1,1,2.02837,2.06807,0,1.52405,2.1168,8.49684e+06,3.73981e+06,1.72348e+07,0,0,0,0
84.9668,85.139,3.38242,0.25,0.04,3.3371,3.40242,0,0.625328,6.048,4.08855e+06,2.79793e+06,1.36439e+07,0,0,0,0,99.2479,98.274,3.47015,1,1,2.02852,2.06822,0,1.56712,2.1168,8.49684e+06,3.73981e+06,1.7236e+07,0,0,0,0
84.4934,85.139,3.05633,0.29,0.04,3.33733,3.40266,0,0.625372,6.048,4.08855e+06,2.79793e+06,1.36449e+07,0,0,0,0,99.1802,98.274,3.26356,1,1,2.02866,2.06837,0,1.56723,2.1168,8.49684e+06,3.73981e+06,1.72372e+07,0,0,0,0
83.8433,85.139,2.86324,0.27,0.04,3.33757,3.4029,0,0.625416,6.048,4.08855e+06,2.79793e+06,1.36458e+07,0,0,0,0,99.0684,98.274,3.13269,1,1,2.0288,2.06851,0,1.56734,2.1168,8.49684e+06,3.73981e+06,1.72384e+07,0,0,0,0
83.0671,85.139,2.7636,0.27,0.04,3.4157,3.48256,0,0.625461,6.048,4.08855e+06,2.79793e+06,1.39653e+07,0,0,0,0,98.8867,98.274,3.00703,1,1,2.07852,2.11921,0,1.56745,2.1168,8.49684e+06,3.73981e+06,1.76609e+07,0,0,0,0
82.2633,85.139,2.71179,0.25,0.04,3.41594,3.48281,0,0.640103,6.048,4.08855e+06,2.79793e+06,1.39663e+07,0,0,0,0,98.7079,98.274,3.03738,1,1,2.07867,2.11936,0,1.60587,2.1168,8.49684e+06,3.73981e+06,1.76621e+07,0,0,0,0
81.1729,85.139,2.41026,0.24,0.04,3.41619,3.48305,0,0.640148,6.048,4.08855e+06,2.79793e+06,1.39673e+07,0,0,0,0,98.4831,98.274,2.88551,1,1,2.07882,2.11951,0,1.60598,2.1168,8.49684e+06,3.73981e+06,1.76634e+07,0,0,0,0
79.8975,85.139,2.20767,0.24,0.04,3.41643,3.4833,0,0.640193,6.048,4.08855e+06,2.79793e+06,1.39682e+07,0,0,0,0,98.2351,98.274,2.69744,1,1,2.07896,2.11966,0,1.60609,2.1168,8.49684e+06,3.73981e+06,1.76646e+07,0,0,0,0
78.456,85.139,2.20779,0.24,0.04,3.64485,3.7162,0,0.640239,6.048,4.08855e+06,2.79793e+06,1.49022e+07,0,0,0,0,97.9851,98.274,2.79277,1,1,2.1168,2.30231,0.141314,1.60621,2.1168,8.49684e+06,3.73981e+06,1.79861e+07,0,0,0,0
77.6323,85.139,2.84889,0.28,0.04,3.64511,3.71646,0,0.683046,6.048,4.08855e+06,2.79793e+06,1.49032e+07,0,0,0,0,97.8244,98.274,3.19936,1,1,2.1168,2.30248,0.141474,1.63544,2.1168,8.49684e+06,3.73981e+06,1.79861e+07,0,0,0,0
76.4864,85.139,2.56386,0.28,0.04,3.64537,3.71672,0,0.683094,6.048,4.08855e+06,2.79793e+06,1.49043e+07,0,0,0,0,97.6354,98.274,3.06547,1,1,2.1168,2.30264,0.141633,1.63544,2.1168,8.49684e+06,3.73981e+06,1.79861e+07,0,0,0,0
75.4004,85.139,2.58651,0.28,0.04,3.64563,3.71698,0,0.683142,6.048,4.08855e+06,2.79793e+06,1.49053e+07,0,0,0,0,97.5619,98.274,3.30598,1,1,2.1168,2.3028,0.141793,1.63544,2.1168,8.49684e+06,3.73981e+06,1.79861e+07,0,0,0,0
74.3444,85.139,2.61077,0.29,0.04,3.64588,3.71725,0,0.68319,6.048,4.08855e+06,2.79793e+06,1.49064e+07,0,0,0,0,97.1808,98.274,3.90915,1,1,2.1168,2.30296,0.141952,1.63544,2.1168,8.49684e+06,3.73981e+06,1.79861e+07,0,0,0,0
71.9652,85.139,1.12997,0.29,0.04,3.53489,3.60408,0,0.683239,6.048,4.08855e+06,2.79793e+06,1.44526e+07,0,0,0,0,96.5827,98.274,1.4054,1,1,2.1168,2.19231,0.0334256,1.63544,2.1168,8.49684e+06,3.73981e+06,1.79861e+07,0,0,0,0
69.8568,85.139,1.39336,0.31,0.04,3.53514,3.60434,0,0.662439,6.048,4.08855e+06,2.79793e+06,1.44536e+07,0,0,0,0,96.0975,98.274,2.06046,1,1,2.1168,2.19247,0.0335776,1.63544,2.1168,8.49684e+06,3.73981e+06,1.79861e+07,0,0,0,0
67.5352,85.139,1.13935,0.3,0.04,3.53539,3.60459,0,0.662486,6.048,4.08855e+06,2.79793e+06,1.44546e+07,0,0,0,0,95.694,98.274,2.87578,1,1,2.1168,2.19262,0.0337296,1.63544,2.1168,8.49684e+06,3.73981e+06,1.79861e+07,0,0,0,0
67.8997,85.139,4.02019,0.33,0.04,3.53564,3.60485,0,0.662533,6.048,4.08855e+06,2.79793e+06,1.44557e+07,0,0,0,0,96.0523,98.274,6.76923,1,1,2.1168,2.19278,0.0338816,1.63544,2.1168,8.49684e+06,3.73981e+06,1.79861e+07,0,0,0,0
66.9033,85.139,2.63452,0.34,0.04,3.44455,3.51197,0,0.66258,6.048,4.08855e+06,2.79793e+06,1.40832e+07,0,0,0,0,96.0862,98.274,4.35043,1,1,2.05187,2.09204,0,1.63544,2.1168,8.49684e+06,3.73981e+06,1.74344e+07,0,0,0,0
66.6917,85.139,3.36776,0.35,0.04,3.4448,3.51222,0,0.645509,6.048,4.08855e+06,2.79793e+06,1.40842e+07,0,0,0,0,96.0672,98.274,4.06424,1,1,2.05202,2.09218,0,1.58528,2.1168,8.49684e+06,3.73981e+06,1.74357e+07,0,0,0,0
66.776,85.139,3.66911,0.37,0.04,3.44504,3.51247,0,0.645555,6.048,4.08855e+06,2.79793e+06,1.40852e+07,0,0,0,0,96.685,98.274,5.64967,1,1,2.05216,2.09233,0,1.58539,2.1168,8.49684e+06,3.73981e+06,1.74369e+07,0,0,0,0
66.4064,85.139,3.23689,0.38,0.04,3.44528,3.51272,0,0.6456,6.048,4.08855e+06,2.79793e+06,1.40862e+07,0,0,0,0,97.2674,98.274,5.32901,1,1,2.05231,2.09248,0,1.5855,2.1168,8.49684e+06,3.73981e+06,1.74381e+07,0,0,0,0
68.246,85.139,5.46959,0.38,0.04,3.2484,3.2484,0,0.645646,6.048,4.08855e+06,2.70226e+06,1.32813e+07,0,0,0,0,99.1976,98.274,8.8147,0,1,1.88243,1.88243,0,1.58561,2.1168,8.49684e+06,3.61194e+06,1.59947e+07,0,0,0,0
69.2975,85.139,4.692,0.38,0.04,3.24863,3.24863,0,0.60875,6.048,4.08855e+06,2.70226e+06,1.32822e+07,0,0,0,0,99.3022,98.274,9.41174,0,1,1.88256,1.88256,0,1.45437,2.1168,8.49684e+06,3.61194e+06,1.59958e+07,0,0,0,0
71.6248,85.139,5.90104,0.41,0.04,2.937,3.24886,0,0.608793,6.048,4.08855e+06,3.35751e+06,1.20081e+07,0,0,0,0,99.3022,98.274,10.4976,0,1,1.70198,1.8827,0,1.45447,2.1168,8.49684e+06,4.48777e+06,1.44614e+07,0,0,0,0
72.9229,85.139,4.80058,0.42,0.04,2.93721,3.24909,0,0.550394,6.048,4.08855e+06,3.35751e+06,1.20089e+07,0,0,0,0,99.3022,98.274,9.22948,0,1,1.7021,1.88283,0,1.31495,2.1168,8.49684e+06,4.48777e+06,1.44625e+07,0,0,0,0
76.4559,85.139,7.09219,0.44,0.04,2.93742,3.24932,0,0.550433,6.048,4.08855e+06,3.35751e+06,1.20098e+07,0,0,0,0,99.3022,98.274,16.1101,0,1,1.70222,1.88296,0,1.31504,2.1168,8.49684e+06,4.48777e+06,1.44635e+07,0,0,0,0
77.239,85.139,4.37121,0.4,0.04,3.02964,3.35134,0,0.550472,6.048,4.08855e+06,2.79793e+06,1.23868e+07,0,0,0,0,99.3022,98.274,8.77235,1,1,1.75737,1.94398,0,1.31513,2.1168,8.49684e+06,3.73981e+06,1.49321e+07,0,0,0,0
77.6125,85.139,3.85647,0.42,0.04,3.02983,3.35155,0,0.567755,6.048,4.08855e+06,2.79793e+06,1.23876e+07,0,0,0,0,99.3022,98.274,7.61406,1,1,1.75748,1.9441,0,1.35775,2.1168,8.49684e+06,3.73981e+06,1.49331e+07,0,0,0,0
78.14,85.139,3.95127,0.43,0.04,3.03002,3.35176,0,0.567791,6.048,4.08855e+06,2.79793e+06,1.23884e+07,0,0,0,0,99.3022,98.274,10.186,1,1,1.7576,1.94422,0,1.35783,2.1168,8.49684e+06,3.73981e+06,1.4934e+07,0,0,0,0
80.2472,85.139,5.61493,0.44,0.04,3.03021,3.35197,0,0.567826,6.048,4.08855e+06,2.79793e+06,1.23892e+07,0,0,0,0,99.3022,98.274,8.99278,1,1,1.75771,1.94434,0,1.35792,2.1168,8.49684e+06,3.73981e+06,1.49349e+07,0,0,0,0
83.0523,85.139,6.9671,0.4,0.04,3.32598,3.67914,0,0.567862,6.048,4.08855e+06,2.79793e+06,1.35984e+07,0,0,0,0,99.3022,98.274,9.14952,1,1,1.9645,2.17309,0,1.358,2.1168,8.49684e+06,3.73981e+06,1.6692e+07,0,0,0,0
85.139,85.139,7.8969,0.4,0.04,3.32619,3.67937,0,0.623289,6.048,4.08855e+06,2.79793e+06,1.35993e+07,0,0,0,0,99.3022,98.274,11.0742,1,1,1.96462,2.17323,0,1.51777,2.1168,8.49684e+06,3.73981e+06,1.66931e+07,0,0,0,0
85.139,85.139,14.2124,0.33,0.04,3.60896,3.6796,0,0.623328,6.048,4.08855e+06,2.79793e+06,1.47554e+07,0,0,0,0,99.3022,98.274,16.0442,1,1,2.1168,2.17336,0.0148401,1.51787,2.1168,8.49684e+06,3.73981e+06,1.79861e+07,0,0,0,0
85.139,85.139,5.98939,0.32,0.04,3.60919,3.67983,0,0.676319,6.048,4.08855e+06,2.79793e+06,1.47563e+07,0,0,0,0,99.3022,98.274,7.92522,1,1,2.1168,2.1735,0.0149737,1.63544,2.1168,8.49684e+06,3.73981e+06,1.79861e+07,0,0,0,0
85.139,85.139,4.45916,0.34,0.04,3.21359,3.21359,0,0.676362,6.048,4.08855e+06,2.70226e+06,1.31389e+07,0,0,0,0,99.3022,98.274,5.86452,0,1,1.86674,1.86674,0,1.63544,2.1168,8.49684e+06,3.61194e+06,1.58614e+07,0,0,0,0
85.139,85.139,4.54543,0.38,0.04,3.21379,3.21379,0,0.602227,6.048,4.08855e+06,2.70226e+06,1.31398e+07,0,0,0,0,99.3022,98.274,6.26932,0,1,1.86686,1.86686,0,1.44224,2.1168,8.49684e+06,3.61194e+06,1.58624e+07,0,0,0,0
85.139,85.139,4.61651,0.4,0.04,2.90549,3.21399,0,0.602265,6.048,4.08855e+06,3.35751e+06,1.18792e+07,0,0,0,0,99.3022,98.274,6.51735,0,1,1.68776,1.86697,0,1.44233,2.1168,8.49684e+06,4.48777e+06,1.43407e+07,0,0,0,0
85.139,85.139,6.62516,0.45,0.04,2.90567,3.2142,0,0.544488,6.048,4.08855e+06,3.35751e+06,1.188e+07,0,0,0,0,99.3022,98.274,10.8142,0,1,1.68787,1.86709,0,1.30397,2.1168,8.49684e+06,4.48777e+06,1.43416e+07,0,0,0,0
85.139,85.139,6.12361,0.49,0.04,2.90585,3.2144,0,0.544522,6.048,4.08855e+06,3.35751e+06,1.18807e+07,0,0,0,0,99.3022,98.274,8.97208,0,1,1.68798,1.86721,0,1.30405,2.1168,8.49684e+06,4.48777e+06,1.43425e+07,0,0,0,0
85.139,85.139,7.55311,0.51,0.04,3.01221,3.33205,0,0.544556,6.048,4.08855e+06,2.79793e+06,1.23156e+07,0,0,0,0,99.3022,98.274,11.3735,1,1,1.75597,1.94243,0,1.30413,2.1168,8.49684e+06,3.73981e+06,1.49202e+07,0,0,0,0
85.139,85.139,6.0262,0.51,0.04,3.0124,3.33226,0,0.564489,6.048,4.08855e+06,2.79793e+06,1.23164e+07,0,0,0,0,99.3022,98.274,8.81614,1,1,1.75608,1.94255,0,1.35667,2.1168,8.49684e+06,3.73981e+06,1.49212e+07,0,0,0,0
85.139,85.139,5.21988,0.49,0.04,3.01259,3.33247,0,0.564524,6.048,4.08855e+06,2.79793e+06,1.23171e+07,0,0,0,0,99.3022,98.274,7.82018,1,1,1.75619,1.94267,0,1.35675,2.1168,8.49684e+06,3.73981e+06,1.49221e+07,0,0,0,0
85.139,85.139,4.69307,0.46,0.04,3.01278,3.33268,0,0.564559,6.048,4.08855e+06,2.79793e+06,1.23179e+07,0,0,0,0,99.3022,98.274,7.3037,1,1,1.7563,1.94279,0,1.35684,2.1168,8.49684e+06,3.73981e+06,1.4923e+07,0,0,0,0
85.139,85.139,3.9434,0.46,0.04,2.97144,3.28695,0,0.564595,6.048,4.08855e+06,2.79793e+06,1.21489e+07,0,0,0,0,99.3022,98.274,6.74856,1,1,1.73004,1.91374,0,1.35692,2.1168,8.49684e+06,3.73981e+06,1.46999e+07,0,0,0,0
84.9742,85.139,3.31787,0.45,0.04,2.97163,3.28716,0,0.556848,6.048,4.08855e+06,2.79793e+06,1.21497e+07,0,0,0,0,99.3022,98.274,4.68144,1,1,1.73015,1.91386,0,1.33663,2.1168,8.49684e+06,3.73981e+06,1.47008e+07,0,0,0,0
84.3572,85.139,2.75805,0.54,0.04,2.97181,3.28737,0,0.556883,6.048,4.08855e+06,2.79793e+06,1.21504e+07,0,0,0,0,99.3022,98.274,4.60727,1,1,1.73026,1.91398,0,1.33671,2.1168,8.49684e+06,3.73981e+06,1.47017e+07,0,0,0,0
83.6266,85.139,2.58279,0.51,0.04,2.972,3.28757,0,0.556918,6.048,4.08855e+06,2.79793e+06,1.21512e+07,0,0,0,0,99.3022,98.274,3.64618,1,1,1.73036,1.9141,0,1.3368,2.1168,8.49684e+06,3.73981e+06,1.47026e+07,0,0,0,0
82.7071,85.139,2.44832,0.47,0.04,3.11318,3.44374,0,0.556953,6.048,4.08855e+06,2.79793e+06,1.27284e+07,0,0,0,0,99.3022,98.274,3.68824,1,1,1.82403,2.01771,0,1.33688,2.1168,8.49684e+06,3.73981e+06,1.54985e+07,0,0,0,0
81.9451,85.139,2.63672,0.43,0.04,3.11337,3.44396,0,0.58341,6.048,4.08855e+06,2.79793e+06,1.27292e+07,0,0,0,0,99.3022,98.274,3.9454,1,1,1.82415,2.01784,0,1.40925,2.1168,8.49684e+06,3.73981e+06,1.54995e+07,0,0,0,0
80.9686,85.139,2.40568,0.41,0.04,3.11357,3.44417,0,0.583446,6.048,4.08855e+06,2.79793e+06,1.273e+07,0,0,0,0,99.3022,98.274,3.53862,1,1,1.82426,2.01796,0,1.40934,2.1168,8.49684e+06,3.73981e+06,1.55005e+07,0,0,0,0
79.512,85.139,2.1099,0.36,0.04,3.37827,3.44439,0,0.583483,6.048,4.08855e+06,2.79793e+06,1.38122e+07,0,0,0,0,99.3022,98.274,3.2426,1,1,1.97935,2.01809,0,1.40942,2.1168,8.49684e+06,3.73981e+06,1.68182e+07,0,0,0,0
77.9602,85.139,1.95702,0.33,0.04,3.37848,3.44461,0,0.633087,6.048,4.08855e+06,2.79793e+06,1.38131e+07,0,0,0,0,99.3022,98.274,3.17671,1,1,1.97947,2.01822,0,1.52924,2.1168,8.49684e+06,3.73981e+06,1.68193e+07,0,0,0,0
76.568,85.139,1.7886,0.41,0.04,3.08626,3.41397,0,0.633127,6.048,4.08855e+06,2.79793e+06,1.26183e+07,0,0,0,0,99.3022,98.274,2.46944,1,1,1.87604,2.07524,0,1.52934,2.1168,8.49684e+06,3.73981e+06,1.59404e+07,0,0,0,0
74.8963,85.139,1.69032,0.37,0.04,3.34864,3.41418,0,0.578366,6.048,4.08855e+06,2.79793e+06,1.36911e+07,0,0,0,0,99.1477,98.274,2.38448,1,1,2.03553,2.07537,0,1.44943,2.1168,8.49684e+06,3.73981e+06,1.72956e+07,0,0,0,0
73.1596,85.139,1.59947,0.35,0.04,3.34885,3.4144,0,0.627535,6.048,4.08855e+06,2.79793e+06,1.36919e+07,0,0,0,0,98.924,98.274,2.25896,1,1,2.03566,2.0755,0,1.57265,2.1168,8.49684e+06,3.73981e+06,1.72967e+07,0,0,0,0
71.3285,85.139,1.48491,0.38,0.04,3.34906,3.41461,0,0.627574,6.048,4.08855e+06,2.79793e+06,1.36928e+07,0,0,0,0,98.587,98.274,2.1068,1,1,2.03579,2.07563,0,1.57275,2.1168,8.49684e+06,3.73981e+06,1.72977e+07,0,0,0,0
69.3585,85.139,1.36748,0.36,0.04,3.42743,3.49452,0,0.627613,6.048,4.08855e+06,2.79793e+06,1.40132e+07,0,0,0,0,98.306,98.274,2.06833,1,1,2.08566,2.12649,0,1.57285,2.1168,8.49684e+06,3.73981e+06,1.77215e+07,0,0,0,0
67.3129,85.139,1.28274,0.35,0.04,3.42765,3.49474,0,0.642301,6.048,4.08855e+06,2.79793e+06,1.40141e+07,0,0,0,0,97.9048,98.274,2.04059,1,1,2.08579,2.12662,0,1.61138,2.1168,8.49684e+06,3.73981e+06,1.77226e+07,0,0,0,0
65.4304,85.139,1.18585,0.4,0.04,3.15948,3.49496,0,0.642341,6.048,4.08855e+06,2.79793e+06,1.29177e+07,0,0,0,0,97.4121,98.274,1.95969,1,1,1.92261,2.12675,0,1.61148,2.1168,8.49684e+06,3.73981e+06,1.63361e+07,0,0,0,0
63.2526,85.139,1.07976,0.37,0.04,3.42808,3.49518,0,0.592086,6.048,4.08855e+06,2.79793e+06,1.40159e+07,0,0,0,0,96.9849,98.274,1.727,1,1,2.08605,2.12689,0,1.48541,2.1168,8.49684e+06,3.73981e+06,1.77249e+07,0,0,0,0
61.0448,85.139,1.20123,0.36,0.04,3.65725,3.72884,0,0.642422,6.048,4.08855e+06,2.79793e+06,1.49529e+07,0,0,0,0,96.6509,98.274,2.35192,1,1,2.1168,2.31015,0.148996,1.61169,2.1168,8.49684e+06,3.73981e+06,1.79861e+07,0,0,0,0
58.4828,85.139,0.811425,0.39,0.04,3.65748,3.72907,0,0.685369,6.048,4.08855e+06,2.79793e+06,1.49538e+07,0,0,0,0,96.1551,98.274,1.97681,1,1,2.1168,2.31029,0.149139,1.63544,2.1168,8.49684e+06,3.73981e+06,1.79861e+07,0,0,0,0
55.9158,85.139,0.763734,0.37,0.04,3.65771,3.72931,0,0.685412,6.048,4.08855e+06,2.79793e+06,1.49547e+07,0,0,0,0,95.6624,98.274,1.85207,1,1,2.1168,2.31044,0.149281,1.63544,2.1168,8.49684e+06,3.73981e+06,1.79861e+07,0,0,0,0
53.8713,85.139,1.03282,0.43,0.04,3.37154,3.72954,0,0.685455,6.048,4.08855e+06,2.79793e+06,1.37847e+07,0,0,0,0,95.2417,98.274,2.08542,1,1,2.08879,2.31058,0,1.63544,2.1168,8.49684e+06,3.73981e+06,1.77481e+07,0,0,0,0
52.2723,85.139,1.51989,0.41,0.04,3.37176,3.72978,0,0.631827,6.048,4.08855e+06,2.79793e+06,1.37856e+07,0,0,0,0,95.0084,98.274,2.45445,1,1,2.08892,2.31073,0,1.6138,2.1168,8.49684e+06,3.73981e+06,1.77492e+07,0,0,0,0
50.7784,85.139,1.78434,0.38,0.04,3.54678,3.6162,0,0.631867,6.048,4.08855e+06,2.79793e+06,1.45012e+07,0,0,0,0,94.6327,98.274,2.2283,1,1,2.1168,2.19968,0.0406553,1.6139,2.1168,8.49684e+06,3.73981e+06,1.79861e+07,0,0,0,0
49.4554,85.139,1.71057,0.49,0.04,3.26929,3.61643,0,0.664666,6.048,4.08855e+06,2.79793e+06,1.33667e+07,0,0,0,0,94.5923,98.274,3.37811,1,1,1.98866,2.19982,0,1.63544,2.1168,8.49684e+06,3.73981e+06,1.68974e+07,0,0,0,0
47.9599,85.139,1.51661,0.5,0.04,3.26949,3.61666,0,0.612665,6.048,4.08855e+06,2.79793e+06,1.33675e+07,0,0,0,0,94.2308,98.274,2.37253,1,1,1.98879,2.19996,0,1.53644,2.1168,8.49684e+06,3.73981e+06,1.68984e+07,0,0,0,0
46.234,85.139,1.24735,0.52,0.04,3.2697,3.61688,0,0.612703,6.048,4.08855e+06,2.79793e+06,1.33683e+07,0,0,0,0,93.7795,98.274,1.89954,1,1,1.98891,2.2001,0,1.53654,2.1168,8.49684e+06,3.73981e+06,1.68995e+07,0,0,0,0
45.1893,85.139,1.93022,0.52,0.04,3.18544,3.52367,0,0.612742,6.048,4.08855e+06,2.79793e+06,1.30238e+07,0,0,0,0,93.7859,98.274,3.47957,1,1,1.89752,2.099,0,1.53663,2.1168,8.49684e+06,3.73981e+06,1.61229e+07,0,0,0,0
44.091,85.139,1.89103,0.62,0.04,3.18564,3.52389,0,0.596951,6.048,4.08855e+06,2.79793e+06,1.30246e+07,0,0,0,0,94.021,98.274,4.42707,1,1,1.89764,2.09914,0,1.46603,2.1168,8.49684e+06,3.73981e+06,1.6124e+07,0,0,0,0
46.4149,85.139,5.32566,0.63,0.04,3.18583,3.52411,0,0.596988,6.048,4.08855e+06,2.79793e+06,1.30254e+07,0,0,0,0,94.9037,98.274,7.12265,1,1,1.89776,2.09927,0,1.46612,2.1168,8.49684e+06,3.73981e+06,1.6125e+07,0,0,0,0
51.7454,85.139,8.65788,0.57,0.04,3.18603,3.52433,0,0.597025,6.048,4.08855e+06,2.79793e+06,1.30263e+07,0,0,0,0,96.5764,98.274,10.1804,1,1,1.89788,2.0994,0,1.46621,2.1168,8.49684e+06,3.73981e+06,1.6126e+07,0,0,0,0
54.0697,85.139,5.4009,0.53,0.04,2.94627,3.25912,0,0.597063,6.048,4.08855e+06,3.35751e+06,1.2046e+07,0,0,0,0,97.6468,98.274,6.84667,0,1,1.70735,1.88864,0,1.4663,2.1168,8.49684e+06,4.48777e+06,1.45071e+07,0,0,0,0
57.6141,85.139,6.763,0.54,0.04,2.94646,3.25932,0,0.552132,6.048,4.08855e+06,3.35751e+06,1.20467e+07,0,0,0,0,98.4531,98.274,6.31313,0,1,1.70746,1.88876,0,1.3191,2.1168,8.49684e+06,4.48777e+06,1.4508e+07,0,0,0,0
61.9383,85.139,7.69472,0.51,0.04,2.94664,3.25952,0,0.552166,6.048,4.08855e+06,3.35751e+06,1.20475e+07,0,0,0,0,99.3022,98.274,7.0516,0,1,1.70756,1.88888,0,1.31918,2.1168,8.49684e+06,4.48777e+06,1.45089e+07,0,0,0,0
67.2338,85.139,8.63585,0.52,0.04,2.94683,3.25973,0,0.552201,6.048,4.08855e+06,3.35751e+06,1.20483e+07,0,0,0,0,99.3022,98.274,7.54244,0,1,1.70767,1.88899,0,1.31926,2.1168,8.49684e+06,4.48777e+06,1.45098e+07,0,0,0,0
73.3928,85.139,9.75825,0.47,0.04,2.94701,3.25993,0,0.552236,6.048,4.08855e+06,3.35751e+06,1.2049e+07,0,0,0,0,99.3022,98.274,6.57452,0,1,1.70778,1.88911,0,1.31935,2.1168,8.49684e+06,4.48777e+06,1.45107e+07,0,0,0,0
78.9169,85.139,9.04941,0.46,0.04,2.94701,3.25993,0,0.55227,6.048,4.08855e+06,3.35751e+06,1.2049e+07,0,0,0,0,99.3022,98.274,6.29913,0,1,1.70778,1.88911,0,1.31943,2.1168,8.49684e+06,4.48777e+06,1.45107e+07,0,0,0,0
79.8768,85.139,4.36627,0.42,0.04,3.03951,3.36226,0,0.55227,6.048,4.08855e+06,2.79793e+06,1.24272e+07,0,0,0,0,99.3022,98.274,4.09706,1,1,1.7631,1.95031,0,1.31943,2.1168,8.49684e+06,3.73981e+06,1.49808e+07,0,0,0,0
79.6743,85.139,3.33457,0.37,0.04,3.29789,3.36244,0,0.569605,6.048,4.08855e+06,2.79793e+06,1.34836e+07,0,0,0,0,99.2238,98.274,3.56679,1,1,1.91297,1.95042,0,1.36217,2.1168,8.49684e+06,3.73981e+06,1.62542e+07,0,0,0,0
79.1602,85.139,3.10953,0.38,0.04,3.29807,3.36262,0,0.618024,6.048,4.08855e+06,2.79793e+06,1.34843e+07,0,0,0,0,99.0029,98.274,2.75407,1,1,1.91308,1.95052,0,1.47796,2.1168,8.49684e+06,3.73981e+06,1.62551e+07,0,0,0,0
78.6145,85.139,2.9468,0.47,0.04,3.04001,3.36281,0,0.618058,6.048,4.08855e+06,2.79793e+06,1.24293e+07,0,0,0,0,98.9055,98.274,2.97591,1,1,1.76339,1.95063,0,1.47804,2.1168,8.49684e+06,3.73981e+06,1.49833e+07,0,0,0,0
78.5253,85.139,3.64693,0.47,0.04,3.33671,3.69101,0,0.569699,6.048,4.08855e+06,2.79793e+06,1.36423e+07,0,0,0,0,99.0136,98.274,4.41564,1,1,1.97084,2.1801,0,1.3624,2.1168,8.49684e+06,3.73981e+06,1.67459e+07,0,0,0,0
77.0778,85.139,2.21948,0.46,0.04,3.3369,3.69121,0,0.6253,6.048,4.08855e+06,2.79793e+06,1.36431e+07,0,0,0,0,98.3999,98.274,2.53863,1,1,1.97094,2.18022,0,1.52267,2.1168,8.49684e+06,3.73981e+06,1.67468e+07,0,0,0,0
75.0626,85.139,1.5512,0.51,0.04,3.33708,3.69142,0,0.625334,6.048,4.08855e+06,2.79793e+06,1.36438e+07,0,0,0,0,98.0341,98.274,1.88939,1,1,1.97105,2.18034,0,1.52275,2.1168,8.49684e+06,3.73981e+06,1.67477e+07,0,0,0,0
74.0263,85.139,2.60457,0.58,0.04,3.33726,3.69162,0,0.625369,6.048,4.08855e+06,2.79793e+06,1.36446e+07,0,0,0,0,97.9312,98.274,3.09287,1,1,1.97116,2.18046,0,1.52284,2.1168,8.49684e+06,3.73981e+06,1.67486e+07,0,0,0,0
76.2984,85.139,5.76014,0.63,0.04,2.9144,3.22386,0,0.625403,6.048,4.08855e+06,3.35751e+06,1.19157e+07,0,0,0,0,98.6393,98.274,5.16441,0,1,1.69294,1.8727,0,1.52292,2.1168,8.49684e+06,4.48777e+06,1.43847e+07,0,0,0,0
77.9741,85.139,5.10807,0.68,0.04,2.91456,3.22404,0,0.546159,6.048,4.08855e+06,3.35751e+06,1.19163e+07,0,0,0,0,98.9301,98.274,3.44857,0,1,1.69304,1.87281,0,1.30797,2.1168,8.49684e+06,4.48777e+06,1.43855e+07,0,0,0,0
78.2086,85.139,3.68551,0.69,0.04,2.91472,3.22421,0,0.546189,6.048,4.08855e+06,3.35751e+06,1.1917e+07,0,0,0,0,98.8181,98.274,2.75369,0,1,1.69313,1.87291,0,1.30804,2.1168,8.49684e+06,4.48777e+06,1.43863e+07,0,0,0,0
78.1394,85.139,3.28681,0.7,0.04,2.91488,3.22439,0,0.546219,6.048,4.08855e+06,3.35751e+06,1.19176e+07,0,0,0,0,98.8134,98.274,2.08339,0,1,1.69322,1.87301,0,1.30811,2.1168,8.49684e+06,4.48777e+06,1.4387e+07,0,0,0,0
78.6346,85.139,3.93673,0.72,0.04,2.91504,3.22457,0,0.546249,6.048,4.08855e+06,3.35751e+06,1.19183e+07,0,0,0,0,99.3022,98.274,4.78944,0,1,1.69332,1.87311,0,1.30818,2.1168,8.49684e+06,4.48777e+06,1.43878e+07,0,0,0,0
78.4515,85.139,3.32881,0.75,0.04,3.02172,3.34257,0,0.546279,6.048,4.08855e+06,2.79793e+06,1.23544e+07,0,0,0,0,99.3022,98.274,5.50254,1,1,1.76152,1.94856,0,1.30826,2.1168,8.49684e+06,3.73981e+06,1.49673e+07,0,0,0,0
78.5216,85.139,3.58879,0.75,0.04,3.02188,3.34275,0,0.56627,6.048,4.08855e+06,2.79793e+06,1.23551e+07,0,0,0,0,99.3022,98.274,4.66965,1,1,1.76161,1.94866,0,1.36095,2.1168,8.49684e+06,3.73981e+06,1.49681e+07,0,0,0,0
77.9463,85.139,2.84361,0.76,0.04,3.02205,3.34294,0,0.566301,6.048,4.08855e+06,2.79793e+06,1.23558e+07,0,0,0,0,99.3022,98.274,3.99252,1,1,1.76171,1.94877,0,1.36102,2.1168,8.49684e+06,3.73981e+06,1.4969e+07,0,0,0,0
77.1152,85.139,2.51162,0.75,0.04,3.02222,3.34312,0,0.566332,6.048,4.08855e+06,2.79793e+06,1.23565e+07,0,0,0,0,99.3022,98.274,3.56968,1,1,1.76181,1.94888,0,1.3611,2.1168,8.49684e+06,3.73981e+06,1.49698e+07,0,0,0,0
76.1985,85.139,2.36211,0.74,0.04,2.98072,3.29722,0,0.566363,6.048,4.08855e+06,2.79793e+06,1.21868e+07,0,0,0,0,99.3022,98.274,3.33251,1,1,1.73544,1.91972,0,1.36117,2.1168,8.49684e+06,3.73981e+06,1.47458e+07,0,0,0,0
75.0766,85.139,2.12247,0.72,0.04,2.98089,3.2974,0,0.558588,6.048,4.08855e+06,2.79793e+06,1.21875e+07,0,0,0,0,99.3022,98.274,2.98526,1,1,1.73554,1.91982,0,1.3408,2.1168,8.49684e+06,3.73981e+06,1.47466e+07,0,0,0,0
73.835,85.139,1.95794,0.68,0.04,2.98105,3.29759,0,0.558618,6.048,4.08855e+06,2.79793e+06,1.21882e+07,0,0,0,0,99.3022,98.274,2.82816,1,1,1.73563,1.91993,0,1.34088,2.1168,8.49684e+06,3.73981e+06,1.47474e+07,0,0,0,0
72.5672,85.139,1.90636,0.65,0.04,2.98122,3.29777,0,0.558649,6.048,4.08855e+06,2.79793e+06,1.21889e+07,0,0,0,0,99.3022,98.274,3.32999,1,1,1.73573,1.92003,0,1.34095,2.1168,8.49684e+06,3.73981e+06,1.47482e+07,0,0,0,0
70.9184,85.139,1.58956,0.76,0.04,3.12281,3.45439,0,0.55868,6.048,4.08855e+06,2.79793e+06,1.27678e+07,0,0,0,0,99.2066,98.274,2.77353,1,1,1.82967,2.02395,0,1.34102,2.1168,8.49684e+06,3.73981e+06,1.55464e+07,0,0,0,0
69.2111,85.139,1.49156,0.72,0.04,3.12298,3.45458,0,0.585214,6.048,4.08855e+06,2.79793e+06,1.27685e+07,0,0,0,0,99.1345,98.274,2.80805,1,1,1.82977,2.02406,0,1.4136,2.1168,8.49684e+06,3.73981e+06,1.55473e+07,0,0,0,0
67.4668,85.139,1.43106,0.66,0.04,3.12315,3.45477,0,0.585246,6.048,4.08855e+06,2.79793e+06,1.27692e+07,0,0,0,0,99.0751,98.274,2.72303,1,1,1.82987,2.02417,0,1.41368,2.1168,8.49684e+06,3.73981e+06,1.55481e+07,0,0,0,0
65.657,85.139,1.3409,0.71,0.04,3.12332,3.45496,0,0.585278,6.048,4.08855e+06,2.79793e+06,1.27699e+07,0,0,0,0,98.9687,98.274,2.53582,1,1,1.82997,2.02428,0,1.41376,2.1168,8.49684e+06,3.73981e+06,1.5549e+07,0,0,0,0
64.2966,85.139,1.74874,0.7,0.04,3.12349,3.45515,0,0.58531,6.048,4.08855e+06,2.79793e+06,1.27706e+07,0,0,0,0,98.8848,98.274,2.67229,1,1,1.83007,2.02439,0,1.41384,2.1168,8.49684e+06,3.73981e+06,1.55498e+07,0,0,0,0
62.9361,85.139,1.69717,0.57,0.04,3.09569,3.42439,0,0.585342,6.048,4.08855e+06,2.79793e+06,1.26569e+07,0,0,0,0,98.7813,98.274,2.73431,1,1,1.88177,2.08158,0,1.41392,2.1168,8.49684e+06,3.73981e+06,1.59891e+07,0,0,0,0
61.5043,85.139,1.60638,0.55,0.04,3.09586,3.42458,0,0.580132,6.048,4.08855e+06,2.79793e+06,1.26576e+07,0,0,0,0,98.6655,98.274,2.72004,1,1,1.88187,2.08169,0,1.45385,2.1168,8.49684e+06,3.73981e+06,1.599e+07,0,0,0,0
60.055,85.139,1.56573,0.64,0.04,3.09603,3.42477,0,0.580163,6.048,4.08855e+06,2.79793e+06,1.26583e+07,0,0,0,0,98.5184,98.274,2.67368,1,1,1.88197,2.08181,0,1.45393,2.1168,8.49684e+06,3.73981e+06,1.59908e+07,0,0,0,0
58.6901,85.139,1.61368,0.58,0.04,3.0962,3.42495,0,0.580195,6.048,4.08855e+06,2.79793e+06,1.2659e+07,0,0,0,0,98.3516,98.274,2.76785,1,1,1.88208,2.08192,0,1.45401,2.1168,8.49684e+06,3.73981e+06,1.59917e+07,0,0,0,0
57.3813,85.139,1.6998,0.54,0.04,3.16863,3.50508,0,0.580227,6.048,4.08855e+06,2.79793e+06,1.29551e+07,0,0,0,0,98.1608,98.274,2.94884,1,1,1.92817,2.13291,0,1.45409,2.1168,8.49684e+06,3.73981e+06,1.63834e+07,0,0,0,0
55.9284,85.139,1.53319,0.48,0.04,3.1688,3.50527,0,0.593801,6.048,4.08855e+06,2.79793e+06,1.29558e+07,0,0,0,0,97.9297,98.274,2.84625,1,1,1.92828,2.13303,0,1.48971,2.1168,8.49684e+06,3.73981e+06,1.63843e+07,0,0,0,0
54.3655,85.139,1.398,0.55,0.04,3.16898,3.50546,0,0.593833,6.048,4.08855e+06,2.79793e+06,1.29565e+07,0,0,0,0,97.6742,98.274,2.61652,1,1,1.92838,2.13314,0,1.48979,2.1168,8.49684e+06,3.73981e+06,1.63852e+07,0,0,0,0
52.6597,85.139,1.21749,0.53,0.04,3.16915,3.50566,0,0.593866,6.048,4.08855e+06,2.79793e+06,1.29572e+07,0,0,0,0,97.4106,98.274,2.59702,1,1,1.92849,2.13326,0,1.48987,2.1168,8.49684e+06,3.73981e+06,1.63861e+07,0,0,0,0
51.2632,85.139,1.66301,0.48,0.04,3.38099,3.73999,0,0.593899,6.048,4.08855e+06,2.79793e+06,1.38233e+07,0,0,0,0,97.0498,98.274,2.65933,1,1,2.09464,2.31705,0,1.48995,2.1168,8.49684e+06,3.73981e+06,1.77978e+07,0,0,0,0
49.9924,85.139,1.78823,0.48,0.04,3.38117,3.74019,0,0.633597,6.048,4.08855e+06,2.79793e+06,1.38241e+07,0,0,0,0,96.8357,98.274,3.24996,1,1,2.09476,2.31718,0,1.61832,2.1168,8.49684e+06,3.73981e+06,1.77988e+07,0,0,0,0
48.4456,85.139,1.48112,0.53,0.04,3.38136,3.7404,0,0.633632,6.048,4.08855e+06,2.79793e+06,1.38249e+07,0,0,0,0,96.4129,98.274,2.2901,1,1,2.09487,2.31731,0,1.61841,2.1168,8.49684e+06,3.73981e+06,1.77998e+07,0,0,0,0
47.2681,85.139,1.81926,0.53,0.04,3.38154,3.7406,0,0.633667,6.048,4.08855e+06,2.79793e+06,1.38256e+07,0,0,0,0,96.4051,98.274,4.30206,1,1,2.09498,2.31743,0,1.6185,2.1168,8.49684e+06,3.73981e+06,1.78008e+07,0,0,0,0
46.2505,85.139,1.95107,0.5,0.04,3.38173,3.74081,0,0.633701,6.048,4.08855e+06,2.79793e+06,1.38264e+07,0,0,0,0,96.1815,98.274,3.43787,1,1,2.0951,2.31756,0,1.61859,2.1168,8.49684e+06,3.73981e+06,1.78017e+07,0,0,0,0
45.7748,85.139,2.44311,0.49,0.04,3.27873,3.62687,0,0.633736,6.048,4.08855e+06,2.79793e+06,1.34053e+07,0,0,0,0,96.2797,98.274,4.52476,1,1,1.9944,2.20617,0,1.61867,2.1168,8.49684e+06,3.73981e+06,1.69461e+07,0,0,0,0
45.1576,85.139,2.31052,0.5,0.04,3.27891,3.62707,0,0.614434,6.048,4.08855e+06,2.79793e+06,1.3406e+07,0,0,0,0,96.4466,98.274,4.66549,1,1,1.99451,2.2063,0,1.54088,2.1168,8.49684e+06,3.73981e+06,1.69471e+07,0,0,0,0
44.8037,85.139,2.60722,0.59,0.04,3.27909,3.62727,0,0.614468,6.048,4.08855e+06,2.79793e+06,1.34067e+07,0,0,0,0,96.7378,98.274,5.28865,1,1,1.99462,2.20642,0,1.54096,2.1168,8.49684e+06,3.73981e+06,1.6948e+07,0,0,0,0
44.3626,85.139,2.67738,0.61,0.04,3.27927,3.62747,0,0.614501,6.048,4.08855e+06,2.79793e+06,1.34075e+07,0,0,0,0,97.2447,98.274,5.41436,1,1,1.99473,2.20654,0,1.54105,2.1168,8.49684e+06,3.73981e+06,1.69489e+07,0,0,0,0
42.9782,85.139,1.54477,0.62,0.04,3.19473,3.53395,0,0.614535,6.048,4.08855e+06,2.79793e+06,1.30618e+07,0,0,0,0,97.2134,98.274,2.86201,1,1,1.90306,2.10513,0,1.54113,2.1168,8.49684e+06,3.73981e+06,1.617e+07,0,0,0,0
44.4303,85.139,4.37251,0.62,0.04,3.19491,3.53415,0,0.598693,6.048,4.08855e+06,2.79793e+06,1.30625e+07,0,0,0,0,97.6525,98.274,4.69752,1,1,1.90316,2.10525,0,1.4703,2.1168,8.49684e+06,3.73981e+06,1.61709e+07,0,0,0,0
48.3675,85.139,7.0976,0.63,0.04,3.19508,3.53434,0,0.598726,6.048,4.08855e+06,2.79793e+06,1.30633e+07,0,0,0,0,98.6756,98.274,6.86787,1,1,1.90327,2.10536,0,1.47038,2.1168,8.49684e+06,3.73981e+06,1.61718e+07,0,0,0,0
49.2203,85.139,3.9683,0.59,0.04,3.19526,3.53454,0,0.598758,6.048,4.08855e+06,2.79793e+06,1.3064e+07,0,0,0,0,99.1318,98.274,4.34575,1,1,1.90337,2.10548,0,1.47046,2.1168,8.49684e+06,3.73981e+06,1.61727e+07,0,0,0,0
52.7598,85.139,6.60877,0.6,0.04,2.95478,3.26852,0,0.598791,6.048,4.08855e+06,3.35751e+06,1.20808e+07,0,0,0,0,99.3022,98.274,10.1142,0,1,1.71228,1.89409,0,1.47055,2.1168,8.49684e+06,4.48777e+06,1.4549e+07,0,0,0,0
54.9048,85.139,5.30808,0.57,0.04,2.95494,3.2687,0,0.553726,6.048,4.08855e+06,3.35751e+06,1.20814e+07,0,0,0,0,99.3022,98.274,9.34986,0,1,1.71237,1.8942,0,1.32291,2.1168,8.49684e+06,4.48777e+06,1.45498e+07,0,0,0,0
57.9102,85.139,6.41752,0.56,0.04,2.9551,3.26888,0,0.553756,6.048,4.08855e+06,3.35751e+06,1.20821e+07,0,0,0,0,99.3022,98.274,11.8999,0,1,1.71247,1.8943,0,1.32298,2.1168,8.49684e+06,4.48777e+06,1.45506e+07,0,0,0,0
59.5206,85.139,4.90091,0.54,0.04,2.95527,3.26906,0,0.553787,6.048,4.08855e+06,3.35751e+06,1.20828e+07,0,0,0,0,99.3022,98.274,4.78687,0,1,1.71256,1.8944,0,1.32305,2.1168,8.49684e+06,4.48777e+06,1.45514e+07,0,0,0,0
60.7372,85.139,4.55977,0.58,0.04,2.95543,3.26924,0,0.553817,6.048,4.08855e+06,3.35751e+06,1.20834e+07,0,0,0,0,99.3022,98.274,4.3873,0,1,1.71265,1.89451,0,1.32312,2.1168,8.49684e+06,4.48777e+06,1.45522e+07,0,0,0,0
70.0095,85.139,12.7133,0.6,0.06,3.04817,3.37183,0,0.553847,6.048,4.08855e+06,2.79793e+06,1.24626e+07,0,0,0,0,99.3022,98.274,7.83128,1,1,1.76812,1.95586,0,1.3232,2.1168,8.49684e+06,3.73981e+06,1.50235e+07,0,0,0,0
75.64,85.139,9.36425,0.53,0.06,3.04831,3.37199,0,0.571227,6.048,4.08855e+06,2.79793e+06,1.24632e+07,0,0,0,0,99.3022,98.274,5.92221,1,1,1.76821,1.95596,0,1.36605,2.1168,8.49684e+06,3.73981e+06,1.50242e+07,0,0,0,0
79.3498,85.139,7.27234,0.45,0.06,3.04846,3.37215,0,0.571254,6.048,4.08855e+06,2.79793e+06,1.24638e+07,0,0,0,0,99.3022,98.274,9.14343,1,1,1.76829,1.95605,0,1.36612,2.1168,8.49684e+06,3.73981e+06,1.50249e+07,0,0,0,0
82.1082,85.139,6.31014,0.48,0.06,3.0486,3.37231,0,0.571281,6.048,4.08855e+06,2.79793e+06,1.24644e+07,0,0,0,0,99.3022,98.274,6.08859,1,1,1.76837,1.95614,0,1.36618,2.1168,8.49684e+06,3.73981e+06,1.50256e+07,0,0,0,0
83.8534,85.139,5.57679,0.42,0.06,3.34611,3.70141,0,0.571308,6.048,4.08855e+06,2.79793e+06,1.36807e+07,0,0,0,0,99.3022,98.274,4.78961,1,1,1.97639,2.18624,0,1.36624,2.1168,8.49684e+06,3.73981e+06,1.67931e+07,0,0,0,0
85.139,85.139,6.56695,0.42,0.06,3.34627,3.70158,0,0.627061,6.048,4.08855e+06,2.79793e+06,1.36814e+07,0,0,0,0,99.3022,98.274,4.82698,1,1,1.97648,2.18635,0,1.52696,2.1168,8.49684e+06,3.73981e+06,1.67938e+07,0,0,0,0
85.139,85.139,6.94213,0.34,0.06,3.63069,3.70176,0,0.627091,6.048,4.08855e+06,2.79793e+06,1.48443e+07,0,0,0,0,99.3022,98.274,5.17429,1,1,2.1168,2.18645,0.027675,1.52703,2.1168,8.49684e+06,3.73981e+06,1.79861e+07,0,0,0,0
85.139,85.139,6.36462,0.37,0.06,3.63086,3.70193,0,0.680391,6.048,4.08855e+06,2.79793e+06,1.4845e+07,0,0,0,0,99.3022,98.274,5.29192,1,1,2.1168,2.18655,0.027776,1.63544,2.1168,8.49684e+06,3.73981e+06,1.79861e+07,0,0,0,0
85.139,85.139,4.77541,0.38,0.06,3.23284,3.23284,0,0.680424,6.048,4.08855e+06,2.70226e+06,1.32176e+07,0,0,0,0,99.3022,98.274,3.91397,0,1,1.87792,1.87792,0,1.63544,2.1168,8.49684e+06,3.61194e+06,1.59564e+07,0,0,0,0
85.139,85.139,4.0424,0.42,0.06,2.92266,3.23299,0,0.605834,6.048,4.08855e+06,3.35751e+06,1.19494e+07,0,0,0,0,99.3022,98.274,3.08695,0,1,1.69774,1.87801,0,1.45088,2.1168,8.49684e+06,4.48777e+06,1.44254e+07,0,0,0,0
85.139,85.139,3.47394,0.47,0.06,2.9228,3.23314,0,0.547706,6.048,4.08855e+06,3.35751e+06,1.195e+07,0,0,0,0,99.3022,98.274,3.93886,0,1,1.69782,1.8781,0,1.31167,2.1168,8.49684e+06,4.48777e+06,1.44261e+07,0,0,0,0
85.139,85.139,4.36232,0.5,0.06,2.92293,3.2333,0,0.547732,6.048,4.08855e+06,3.35751e+06,1.19506e+07,0,0,0,0,99.3022,98.274,4.30331,0,1,1.6979,1.87819,0,1.31174,2.1168,8.49684e+06,4.48777e+06,1.44268e+07,0,0,0,0
85.139,85.139,6.19726,0.53,0.06,2.92307,3.23345,0,0.547758,6.048,4.08855e+06,3.35751e+06,1.19511e+07,0,0,0,0,99.3022,98.274,4.69307,0,1,1.69798,1.87827,0,1.3118,2.1168,8.49684e+06,4.48777e+06,1.44275e+07,0,0,0,0
85.139,85.139,4.9512,0.53,0.06,3.03002,3.35175,0,0.547784,6.048,4.08855e+06,2.79793e+06,1.23884e+07,0,0,0,0,99.3022,98.274,5.16373,1,1,1.76635,1.95391,0,1.31186,2.1168,8.49684e+06,3.73981e+06,1.50084e+07,0,0,0,0
85.139,85.139,3.7848,0.51,0.06,3.03016,3.35191,0,0.567825,6.048,4.08855e+06,2.79793e+06,1.2389e+07,0,0,0,0,99.3022,98.274,3.88415,1,1,1.76644,1.954,0,1.36469,2.1168,8.49684e+06,3.73981e+06,1.50091e+07,0,0,0,0
85.1138,85.139,3.43725,0.5,0.06,3.0303,3.35207,0,0.567852,6.048,4.08855e+06,2.79793e+06,1.23895e+07,0,0,0,0,99.3022,98.274,3.54248,1,1,1.76652,1.95409,0,1.36475,2.1168,8.49684e+06,3.73981e+06,1.50098e+07,0,0,0,0
85.139,85.139,3.67554,0.64,0.06,3.03045,3.35222,0,0.567879,6.048,4.08855e+06,2.79793e+06,1.23901e+07,0,0,0,0,99.3022,98.274,3.84096,1,1,1.7666,1.95418,0,1.36481,2.1168,8.49684e+06,3.73981e+06,1.50106e+07,0,0,0,0
84.7165,85.139,2.8957,0.48,0.06,2.98882,3.30618,0,0.567906,6.048,4.08855e+06,2.79793e+06,1.22199e+07,0,0,0,0,99.3022,98.274,2.68332,1,1,1.74016,1.92493,0,1.36488,2.1168,8.49684e+06,3.73981e+06,1.47858e+07,0,0,0,0
84.0342,85.139,2.61561,0.57,0.06,2.98896,3.30633,0,0.560105,6.048,4.08855e+06,2.79793e+06,1.22205e+07,0,0,0,0,99.3022,98.274,2.73285,1,1,1.74024,1.92502,0,1.34445,2.1168,8.49684e+06,3.73981e+06,1.47865e+07,0,0,0,0
84.4886,85.139,3.77501,0.52,0.06,2.9891,3.30649,0,0.560131,6.048,4.08855e+06,2.79793e+06,1.22211e+07,0,0,0,0,99.3022,98.274,3.02465,1,1,1.74032,1.92511,0,1.34451,2.1168,8.49684e+06,3.73981e+06,1.47872e+07,0,0,0,0
84.0652,85.139,2.85736,0.5,0.06,2.98924,3.30665,0,0.560158,6.048,4.08855e+06,2.79793e+06,1.22217e+07,0,0,0,0,99.3022,98.274,2.7312,1,1,1.7404,1.9252,0,1.34457,2.1168,8.49684e+06,3.73981e+06,1.47879e+07,0,0,0,0
84.0772,85.139,3.38127,0.46,0.06,3.13119,3.46367,0,0.560184,6.048,4.08855e+06,2.79793e+06,1.2802e+07,0,0,0,0,99.289,98.274,2.66043,1,1,1.83458,2.02938,0,1.34464,2.1168,8.49684e+06,3.73981e+06,1.55882e+07,0,0,0,0
83.6904,85.139,2.95757,0.42,0.06,3.13134,3.46383,0,0.586785,6.048,4.08855e+06,2.79793e+06,1.28026e+07,0,0,0,0,99.2509,98.274,2.30093,1,1,1.83467,2.02948,0,1.4174,2.1168,8.49684e+06,3.73981e+06,1.55889e+07,0,0,0,0
82.7081,85.139,2.57476,0.37,0.06,3.39749,3.46399,0,0.586813,6.048,4.08855e+06,2.79793e+06,1.38908e+07,0,0,0,0,99.0111,98.274,2.27064,1,1,1.99061,2.02958,0,1.41747,2.1168,8.49684e+06,3.73981e+06,1.69139e+07,0,0,0,0
81.5069,85.139,2.33658,0.35,0.06,3.39765,3.46415,0,0.63669,6.048,4.08855e+06,2.79793e+06,1.38915e+07,0,0,0,0,98.4995,98.274,2.02501,1,1,1.99071,2.02967,0,1.53795,2.1168,8.49684e+06,3.73981e+06,1.69147e+07,0,0,0,0
80.2295,85.139,2.18656,0.33,0.06,3.39781,3.46432,0,0.63672,6.048,4.08855e+06,2.79793e+06,1.38921e+07,0,0,0,0,97.8287,98.274,1.73436,1,1,1.9908,2.02977,0,1.53802,2.1168,8.49684e+06,3.73981e+06,1.69155e+07,0,0,0,0
78.9119,85.139,2.08238,0.32,0.06,3.36754,3.43345,0,0.63675,6.048,4.08855e+06,2.79793e+06,1.37683e+07,0,0,0,0,97.0706,98.274,1.59491,1,1,2.04702,2.08709,0,1.53809,2.1168,8.49684e+06,3.73981e+06,1.73932e+07,0,0,0,0
77.4826,85.139,1.9519,0.37,0.06,3.3677,3.43361,0,0.631076,6.048,4.08855e+06,2.79793e+06,1.3769e+07,0,0,0,0,96.2021,98.274,1.49201,1,1,2.04711,2.08718,0,1.58153,2.1168,8.49684e+06,3.73981e+06,1.7394e+07,0,0,0,0
75.9465,85.139,1.83,0.36,0.06,3.36785,3.43378,0,0.631106,6.048,4.08855e+06,2.79793e+06,1.37696e+07,0,0,0,0,95.1646,98.274,1.40434,1,1,2.04721,2.08728,0,1.5816,2.1168,8.49684e+06,3.73981e+06,1.73948e+07,0,0,0,0
74.312,85.139,1.70178,0.34,0.06,3.36801,3.43394,0,0.631136,6.048,4.08855e+06,2.79793e+06,1.37703e+07,0,0,0,0,94.1422,98.274,1.24593,1,1,2.04731,2.08738,0,1.58168,2.1168,8.49684e+06,3.73981e+06,1.73956e+07,0,0,0,0
72.7158,85.139,1.7861,0.32,0.06,3.44678,3.51424,0,0.631166,6.048,4.08855e+06,2.79793e+06,1.40923e+07,0,0,0,0,93.1761,98.274,1.32853,1,1,2.09743,2.13849,0,1.58175,2.1168,8.49684e+06,3.73981e+06,1.78216e+07,0,0,0,0
71.0168,85.139,1.65553,0.36,0.06,3.44694,3.51441,0,0.645926,6.048,4.08855e+06,2.79793e+06,1.4093e+07,0,0,0,0,92.0844,98.274,1.32879,1,1,2.09753,2.13859,0,1.62048,2.1168,8.49684e+06,3.73981e+06,1.78224e+07,0,0,0,0
69.2143,85.139,1.53324,0.34,0.06,3.4471,3.51458,0,0.645957,6.048,4.08855e+06,2.79793e+06,1.40937e+07,0,0,0,0,91.0623,98.274,1.18608,1,1,2.09763,2.13869,0,1.62055,2.1168,8.49684e+06,3.73981e+06,1.78232e+07,0,0,0,0
67.4659,85.139,1.56214,0.33,0.06,3.44727,3.51474,0,0.645987,6.048,4.08855e+06,2.79793e+06,1.40943e+07,0,0,0,0,89.8101,98.274,1.34624,1,1,2.09773,2.13879,0,1.62063,2.1168,8.49684e+06,3.73981e+06,1.78241e+07,0,0,0,0
65.8414,85.139,1.84824,0.36,0.06,3.67767,3.74965,0,0.646017,6.048,4.08855e+06,2.79793e+06,1.50363e+07,0,0,0,0,88.6227,98.274,1.04537,1,1,2.1168,2.32304,0.161643,1.62071,2.1168,8.49684e+06,3.73981e+06,1.79861e+07,0,0,0,0
64.1463,85.139,1.76127,0.34,0.06,3.67784,3.74983,0,0.689195,6.048,4.08855e+06,2.79793e+06,1.5037e+07,0,0,0,0,87.6072,98.274,1.13797,1,1,2.1168,2.32315,0.16175,1.63544,2.1168,8.49684e+06,3.73981e+06,1.79861e+07,0,0,0,0
62.3684,85.139,1.66042,0.34,0.06,3.67801,3.75001,0,0.689227,6.048,4.08855e+06,2.79793e+06,1.50377e+07,0,0,0,0,86.5729,98.274,1.26328,1,1,2.1168,2.32326,0.161857,1.63544,2.1168,8.49684e+06,3.73981e+06,1.79861e+07,0,0,0,0
60.5615,85.139,1.60422,0.35,0.06,3.67819,3.75018,0,0.68926,6.048,4.08855e+06,2.79793e+06,1.50385e+07,0,0,0,0,85.5606,98.274,1.24733,1,1,2.1168,2.32337,0.161965,1.63544,2.1168,8.49684e+06,3.73981e+06,1.79861e+07,0,0,0,0
59.3295,85.139,2.1285,0.35,0.06,3.67836,3.75036,0,0.689292,6.048,4.08855e+06,2.79793e+06,1.50392e+07,0,0,0,0,84.5561,98.274,1.31993,1,1,2.1168,2.32348,0.162072,1.63544,2.1168,8.49684e+06,3.73981e+06,1.79861e+07,0,0,0,0
58.3686,85.139,2.34141,0.36,0.06,3.5663,3.6361,0,0.689325,6.048,4.08855e+06,2.79793e+06,1.4581e+07,0,0,0,0,83.9101,98.274,1.36759,1,1,2.1168,2.21179,0.0525274,1.63544,2.1168,8.49684e+06,3.73981e+06,1.79861e+07,0,0,0,0
57.686,85.139,2.65065,0.36,0.06,3.56646,3.63627,0,0.668324,6.048,4.08855e+06,2.79793e+06,1.45817e+07,0,0,0,0,83.4247,98.274,1.90109,1,1,2.1168,2.21189,0.0526296,1.63544,2.1168,8.49684e+06,3.73981e+06,1.79861e+07,0,0,0,0
56.8903,85.139,2.55302,0.38,0.06,3.56663,3.63644,0,0.668355,6.048,4.08855e+06,2.79793e+06,1.45824e+07,0,0,0,0,83.1518,98.274,1.81399,1,1,2.1168,2.212,0.0527318,1.63544,2.1168,8.49684e+06,3.73981e+06,1.79861e+07,0,0,0,0
56.2995,85.139,2.8307,0.39,0.06,3.5668,3.63662,0,0.668387,6.048,4.08855e+06,2.79793e+06,1.4583e+07,0,0,0,0,83.0605,98.274,2.33781,1,1,2.1168,2.2121,0.0528338,1.63544,2.1168,8.49684e+06,3.73981e+06,1.79861e+07,0,0,0,0
54.9979,85.139,1.86847,0.47,0.06,3.20276,3.54284,0,0.668418,6.048,4.08855e+06,2.79793e+06,1.30947e+07,0,0,0,0,83.0371,98.274,2.40069,1,1,1.90784,2.11042,0,1.63544,2.1168,8.49684e+06,3.73981e+06,1.62106e+07,0,0,0,0
56.3,85.139,4.43405,0.46,0.06,3.20292,3.54301,0,0.600198,6.048,4.08855e+06,2.79793e+06,1.30953e+07,0,0,0,0,83.3692,98.274,3.62013,1,1,1.90793,2.11052,0,1.474,2.1168,8.49684e+06,3.73981e+06,1.62114e+07,0,0,0,0
62.1195,85.139,9.25604,0.49,0.06,3.20307,3.54317,0,0.600226,6.048,4.08855e+06,2.79793e+06,1.30959e+07,0,0,0,0,84.3634,98.274,5.76218,1,1,1.90802,2.11062,0,1.47407,2.1168,8.49684e+06,3.73981e+06,1.62122e+07,0,0,0,0
63.741,85.139,4.97584,0.43,0.06,3.20322,3.54334,0,0.600255,6.048,4.08855e+06,2.79793e+06,1.30965e+07,0,0,0,0,84.8301,98.274,3.74102,1,1,1.90811,2.11072,0,1.47414,2.1168,8.49684e+06,3.73981e+06,1.62129e+07,0,0,0,0
67.9376,85.139,7.61906,0.4,0.06,2.96212,3.27664,0,0.600283,6.048,4.08855e+06,3.35751e+06,1.21108e+07,0,0,0,0,88.0811,98.274,7.97163,0,1,1.71653,1.8988,0,1.47421,2.1168,8.49684e+06,4.48777e+06,1.45851e+07,0,0,0,0
72.0654,85.139,7.54808,0.44,0.06,2.96226,3.27679,0,0.555101,6.048,4.08855e+06,3.35751e+06,1.21113e+07,0,0,0,0,93.644,98.274,12.2088,0,1,1.71661,1.89888,0,1.32619,2.1168,8.49684e+06,4.48777e+06,1.45858e+07,0,0,0,0
75.6185,85.139,7.10032,0.42,0.06,2.9624,3.27695,0,0.555127,6.048,4.08855e+06,3.35751e+06,1.21119e+07,0,0,0,0,97.6291,98.274,9.34712,0,1,1.71669,1.89897,0,1.32625,2.1168,8.49684e+06,4.48777e+06,1.45865e+07,0,0,0,0
85.139,85.139,15.617,0.38,0.06,3.2771,3.2771,0,0.555153,6.048,4.08855e+06,2.70226e+06,1.33986e+07,0,0,0,0,99.3022,98.274,18.4387,0,1,1.89906,1.89906,0,1.32632,2.1168,8.49684e+06,3.61194e+06,1.6136e+07,0,0,0,0
85.139,85.139,19.8136,0.31,0.06,3.27726,3.27726,0,0.614129,6.048,4.08855e+06,2.70226e+06,1.33992e+07,0,0,0,0,99.3022,98.274,11.7392,0,1,1.89915,1.89915,0,1.46722,2.1168,8.49684e+06,3.61194e+06,1.61368e+07,0,0,0,0
84.388,85.139,2.86008,0.31,0.06,3.31518,3.38007,0,0.614158,6.048,4.08855e+06,2.79793e+06,1.35543e+07,0,0,0,0,99.3022,98.274,3.22188,1,1,1.92301,1.96065,0,1.46729,2.1168,8.49684e+06,3.73981e+06,1.63395e+07,0,0,0,0
83.2345,85.139,2.49018,0.37,0.06,3.31531,3.38021,0,0.621265,6.048,4.08855e+06,2.79793e+06,1.35548e+07,0,0,0,0,99.3022,98.274,3.85946,1,1,1.92308,1.96072,0,1.48571,2.1168,8.49684e+06,3.73981e+06,1.63401e+07,0,0,0,0
83.8525,85.139,4.44255,0.38,0.06,3.31544,3.38034,0,0.62129,6.048,4.08855e+06,2.79793e+06,1.35554e+07,0,0,0,0,99.3022,98.274,6.30245,1,1,1.92316,1.9608,0,1.48577,2.1168,8.49684e+06,3.73981e+06,1.63408e+07,0,0,0,0
83.4732,85.139,3.07108,0.4,0.06,3.05598,3.38047,0,0.621314,6.048,4.08855e+06,2.79793e+06,1.24945e+07,0,0,0,0,99.3022,98.274,4.40703,1,1,1.77265,1.96088,0,1.48583,2.1168,8.49684e+06,3.73981e+06,1.5062e+07,0,0,0,0
84.727,85.139,5.15258,0.4,0.06,3.35419,3.71034,0,0.572691,6.048,4.08855e+06,2.79793e+06,1.37138e+07,0,0,0,0,99.3022,98.274,7.54134,1,1,1.98116,2.19152,0,1.36955,2.1168,8.49684e+06,3.73981e+06,1.68336e+07,0,0,0,0
84.3591,85.139,3.43102,0.4,0.06,3.35432,3.71049,0,0.628575,6.048,4.08855e+06,2.79793e+06,1.37143e+07,0,0,0,0,99.3022,98.274,4.54279,1,1,1.98124,2.19161,0,1.53064,2.1168,8.49684e+06,3.73981e+06,1.68343e+07,0,0,0,0
83.3131,85.139,2.68858,0.41,0.06,3.35445,3.71063,0,0.6286,6.048,4.08855e+06,2.79793e+06,1.37148e+07,0,0,0,0,99.3022,98.274,3.58098,1,1,1.98131,2.19169,0,1.5307,2.1168,8.49684e+06,3.73981e+06,1.68349e+07,0,0,0,0
82.3138,85.139,2.81075,0.45,0.06,3.35458,3.71078,0,0.628624,6.048,4.08855e+06,2.79793e+06,1.37154e+07,0,0,0,0,99.3022,98.274,3.94768,1,1,1.98139,2.19178,0,1.53076,2.1168,8.49684e+06,3.73981e+06,1.68356e+07,0,0,0,0
85.139,85.139,8.49796,0.49,0.06,2.92949,3.24054,0,0.628649,6.048,4.08855e+06,3.35751e+06,1.19773e+07,0,0,0,0,99.3022,98.274,6.7726,0,1,1.7017,1.88239,0,1.53082,2.1168,8.49684e+06,4.48777e+06,1.44591e+07,0,0,0,0
85.139,85.139,6.69787,0.4,0.06,2.9296,3.24067,0,0.548986,6.048,4.08855e+06,3.35751e+06,1.19778e+07,0,0,0,0,99.3022,98.274,4.33862,0,1,1.70177,1.88247,0,1.31474,2.1168,8.49684e+06,4.48777e+06,1.44597e+07,0,0,0,0
85.139,85.139,4.6025,0.45,0.06,2.92972,3.2408,0,0.549007,6.048,4.08855e+06,3.35751e+06,1.19783e+07,0,0,0,0,99.3022,98.274,2.92734,0,1,1.70184,1.88254,0,1.31479,2.1168,8.49684e+06,4.48777e+06,1.44603e+07,0,0,0,0
85.139,85.139,4.40247,0.48,0.06,2.92983,3.24093,0,0.549029,6.048,4.08855e+06,3.35751e+06,1.19788e+07,0,0,0,0,99.2641,98.274,2.72785,0,1,1.70191,1.88262,0,1.31484,2.1168,8.49684e+06,4.48777e+06,1.44608e+07,0,0,0,0
85.139,85.139,6.42771,0.51,0.06,2.92995,3.24105,0,0.54905,6.048,4.08855e+06,3.35751e+06,1.19792e+07,0,0,0,0,99.3022,98.274,8.02597,0,1,1.70197,1.88269,0,1.31489,2.1168,8.49684e+06,4.48777e+06,1.44614e+07,0,0,0,0
85.139,85.139,6.40459,0.51,0.06,3.03712,3.35961,0,0.549072,6.048,4.08855e+06,2.79793e+06,1.24174e+07,0,0,0,0,99.3022,98.274,5.74349,1,1,1.77049,1.95849,0,1.31494,2.1168,8.49684e+06,3.73981e+06,1.50436e+07,0,0,0,0
85.139,85.139,5.58303,0.5,0.06,3.03724,3.35974,0,0.569156,6.048,4.08855e+06,2.79793e+06,1.24179e+07,0,0,0,0,99.3022,98.274,5.46354,1,1,1.77056,1.95857,0,1.36788,2.1168,8.49684e+06,3.73981e+06,1.50442e+07,0,0,0,0
85.139,85.139,8.51121,0.48,0.06,3.03736,3.35987,0,0.569179,6.048,4.08855e+06,2.79793e+06,1.24184e+07,0,0,0,0,99.3022,98.274,7.56101,1,1,1.77063,1.95864,0,1.36794,2.1168,8.49684e+06,3.73981e+06,1.50448e+07,0,0,0,0
85.139,85.139,5.19373,0.48,0.06,3.03748,3.36001,0,0.569201,6.048,4.08855e+06,2.79793e+06,1.24189e+07,0,0,0,0,99.3022,98.274,5.04446,1,1,1.7707,1.95872,0,1.36799,2.1168,8.49684e+06,3.73981e+06,1.50454e+07,0,0,0,0
85.139,85.139,3.83196,0.46,0.06,2.99573,3.31383,0,0.569224,6.048,4.08855e+06,2.79793e+06,1.22482e+07,0,0,0,0,99.3022,98.274,2.98483,1,1,1.74418,1.92938,0,1.36805,2.1168,8.49684e+06,3.73981e+06,1.482e+07,0,0,0,0
85.139,85.139,3.52721,0.41,0.06,2.99585,3.31396,0,0.561401,6.048,4.08855e+06,2.79793e+06,1.22487e+07,0,0,0,0,99.3022,98.274,2.713,1,1,1.74425,1.92946,0,1.34756,2.1168,8.49684e+06,3.73981e+06,1.48206e+07,0,0,0,0
85.0689,85.139,3.43888,0.38,0.06,3.25046,3.31409,0,0.561423,6.048,4.08855e+06,2.79793e+06,1.32897e+07,0,0,0,0,99.3022,98.274,3.06212,1,1,1.89249,1.92954,0,1.34761,2.1168,8.49684e+06,3.73981e+06,1.60802e+07,0,0,0,0
85.139,85.139,3.37842,0.48,0.06,2.99609,3.31422,0,0.609137,6.048,4.08855e+06,2.79793e+06,1.22497e+07,0,0,0,0,99.1935,98.274,2.77247,1,1,1.74439,1.92961,0,1.46214,2.1168,8.49684e+06,3.73981e+06,1.48218e+07,0,0,0,0
84.6652,85.139,3.17218,0.32,0.06,3.40492,3.47157,0,0.561467,6.048,4.08855e+06,2.79793e+06,1.39212e+07,0,0,0,0,99.0452,98.274,2.27862,1,1,1.99497,2.03402,0,1.34771,2.1168,8.49684e+06,3.73981e+06,1.69509e+07,0,0,0,0
84.1171,85.139,2.79439,0.4,0.06,3.13846,3.47171,0,0.638083,6.048,4.08855e+06,2.79793e+06,1.28318e+07,0,0,0,0,99.0242,98.274,2.17421,1,1,1.83884,2.0341,0,1.54131,2.1168,8.49684e+06,3.73981e+06,1.56244e+07,0,0,0,0
83.269,85.139,2.70987,0.35,0.06,3.40519,3.47185,0,0.588148,6.048,4.08855e+06,2.79793e+06,1.39223e+07,0,0,0,0,98.8643,98.274,2.21419,1,1,1.99512,2.03418,0,1.42069,2.1168,8.49684e+06,3.73981e+06,1.69523e+07,0,0,0,0
82.2952,85.139,2.56957,0.33,0.06,3.40533,3.47198,0,0.638133,6.048,4.08855e+06,2.79793e+06,1.39229e+07,0,0,0,0,98.5826,98.274,2.12576,1,1,1.9952,2.03426,0,1.54143,2.1168,8.49684e+06,3.73981e+06,1.69529e+07,0,0,0,0
80.6748,85.139,1.86512,0.31,0.06,3.40546,3.47212,0,0.638158,6.048,4.08855e+06,2.79793e+06,1.39234e+07,0,0,0,0,98.1712,98.274,1.8455,1,1,1.99528,2.03434,0,1.54149,2.1168,8.49684e+06,3.73981e+06,1.69536e+07,0,0,0,0
78.5904,85.139,1.32912,0.3,0.06,3.37509,3.44116,0,0.638184,6.048,4.08855e+06,2.79793e+06,1.37992e+07,0,0,0,0,97.5576,98.274,1.70626,1,1,2.05161,2.09177,0,1.54155,2.1168,8.49684e+06,3.73981e+06,1.74322e+07,0,0,0,0
76.4064,85.139,1.20514,0.35,0.06,3.37523,3.44129,0,0.632493,6.048,4.08855e+06,2.79793e+06,1.37998e+07,0,0,0,0,96.9159,98.274,1.54972,1,1,2.05169,2.09185,0,1.58508,2.1168,8.49684e+06,3.73981e+06,1.74329e+07,0,0,0,0
74.2132,85.139,1.14013,0.34,0.06,3.37536,3.44143,0,0.632518,6.048,4.08855e+06,2.79793e+06,1.38003e+07,0,0,0,0,96.1497,98.274,1.51712,1,1,2.05177,2.09193,0,1.58514,2.1168,8.49684e+06,3.73981e+06,1.74336e+07,0,0,0,0
71.9197,85.139,1.01709,0.32,0.06,3.37549,3.44156,0,0.632543,6.048,4.08855e+06,2.79793e+06,1.38009e+07,0,0,0,0,95.33,98.274,1.46994,1,1,2.05185,2.09202,0,1.5852,2.1168,8.49684e+06,3.73981e+06,1.74343e+07,0,0,0,0
69.5524,85.139,0.980671,0.36,0.06,3.45441,3.52202,0,0.632567,6.048,4.08855e+06,2.79793e+06,1.41235e+07,0,0,0,0,94.4458,98.274,1.43085,1,1,2.10208,2.14322,0,1.58526,2.1168,8.49684e+06,3.73981e+06,1.7861e+07,0,0,0,0
67.149,85.139,0.918244,0.34,0.06,3.45454,3.52216,0,0.647356,6.048,4.08855e+06,2.79793e+06,1.41241e+07,0,0,0,0,93.4871,98.274,1.42471,1,1,2.10216,2.14331,0,1.62406,2.1168,8.49684e+06,3.73981e+06,1.78617e+07,0,0,0,0
64.6699,85.139,0.814893,0.37,0.06,3.45468,3.5223,0,0.647381,6.048,4.08855e+06,2.79793e+06,1.41246e+07,0,0,0,0,92.481,98.274,1.29995,1,1,2.10224,2.14339,0,1.62413,2.1168,8.49684e+06,3.73981e+06,1.78624e+07,0,0,0,0
62.1526,85.139,0.73845,0.36,0.06,3.45482,3.52244,0,0.647407,6.048,4.08855e+06,2.79793e+06,1.41252e+07,0,0,0,0,91.4939,98.274,1.27147,1,1,2.10232,2.14347,0,1.62419,2.1168,8.49684e+06,3.73981e+06,1.78631e+07,0,0,0,0
58.9845,85.139,0.627081,0.39,0.06,3.68569,3.75784,0,0.647432,6.048,4.08855e+06,2.79793e+06,1.50691e+07,0,0,0,0,90.6085,98.274,1.36115,1,1,2.1168,2.32811,0.166615,1.62426,2.1168,8.49684e+06,3.73981e+06,1.79861e+07,0,0,0,0
56.7571,85.139,0.763096,0.37,0.06,3.68584,3.75798,0,0.690699,6.048,4.08855e+06,2.79793e+06,1.50697e+07,0,0,0,0,89.7204,98.274,1.50598,1,1,2.1168,2.3282,0.166705,1.63544,2.1168,8.49684e+06,3.73981e+06,1.79861e+07,0,0,0,0
54.4437,85.139,0.796774,0.43,0.06,3.39739,3.75813,0,0.690726,6.048,4.08855e+06,2.79793e+06,1.38904e+07,0,0,0,0,88.6012,98.274,1.32333,1,1,2.1048,2.32829,0,1.63544,2.1168,8.49684e+06,3.73981e+06,1.78842e+07,0,0,0,0
51.5278,85.139,0.546113,0.4,0.06,3.39752,3.75828,0,0.636671,6.048,4.08855e+06,2.79793e+06,1.3891e+07,0,0,0,0,87.6491,98.274,1.06209,1,1,2.10488,2.32839,0,1.62617,2.1168,8.49684e+06,3.73981e+06,1.78849e+07,0,0,0,0
49.1961,85.139,0.617617,0.38,0.06,3.68627,3.75843,0,0.636696,6.048,4.08855e+06,2.79793e+06,1.50715e+07,0,0,0,0,86.9126,98.274,1.45662,1,1,2.1168,2.32848,0.166975,1.62623,2.1168,8.49684e+06,3.73981e+06,1.79861e+07,0,0,0,0
46.9371,85.139,0.717126,0.49,0.06,3.29412,3.6439,0,0.690808,6.048,4.08855e+06,2.79793e+06,1.34682e+07,0,0,0,0,86.1367,98.274,1.49408,1,1,2.00377,2.21653,0,1.63544,2.1168,8.49684e+06,3.73981e+06,1.70257e+07,0,0,0,0
44.6004,85.139,0.592258,0.5,0.06,3.29425,3.64404,0,0.617318,6.048,4.08855e+06,2.79793e+06,1.34687e+07,0,0,0,0,85.5193,98.274,1.32847,1,1,2.00385,2.21662,0,1.54811,2.1168,8.49684e+06,3.73981e+06,1.70264e+07,0,0,0,0
42.5779,85.139,0.830347,0.57,0.06,3.29438,3.64418,0,0.617343,6.048,4.08855e+06,2.79793e+06,1.34692e+07,0,0,0,0,85.1364,98.274,1.65041,1,1,2.00393,2.21671,0,1.54817,2.1168,8.49684e+06,3.73981e+06,1.7027e+07,0,0,0,0
42.8659,85.139,3.21019,0.58,0.06,3.29451,3.64433,0,0.617367,6.048,4.08855e+06,2.79793e+06,1.34698e+07,0,0,0,0,85.2169,98.274,3.01199,1,1,2.004,2.21679,0,1.54823,2.1168,8.49684e+06,3.73981e+06,1.70277e+07,0,0,0,0
41.8356,85.139,1.80043,0.58,0.06,3.20953,3.55033,0,0.617391,6.048,4.08855e+06,2.79793e+06,1.31223e+07,0,0,0,0,84.9881,98.274,2.2704,1,1,1.91188,2.11488,0,1.54829,2.1168,8.49684e+06,3.73981e+06,1.62449e+07,0,0,0,0
40.8863,85.139,1.91468,0.58,0.06,3.20966,3.55047,0,0.601466,6.048,4.08855e+06,2.79793e+06,1.31229e+07,0,0,0,0,84.8076,98.274,1.70693,1,1,1.91195,2.11497,0,1.47712,2.1168,8.49684e+06,3.73981e+06,1.62455e+07,0,0,0,0
40.2621,85.139,2.23446,0.59,0.06,3.20979,3.55061,0,0.60149,6.048,4.08855e+06,2.79793e+06,1.31234e+07,0,0,0,0,85.0615,98.274,3.64676,1,1,1.91203,2.11505,0,1.47717,2.1168,8.49684e+06,3.73981e+06,1.62462e+07,0,0,0,0
43.1533,85.139,6.00045,0.62,0.06,3.20991,3.55075,0,0.601514,6.048,4.08855e+06,2.79793e+06,1.31239e+07,0,0,0,0,86.6951,98.274,7.37885,1,1,1.9121,2.11513,0,1.47723,2.1168,8.49684e+06,3.73981e+06,1.62468e+07,0,0,0,0
44.9756,85.139,4.72413,0.64,0.06,2.96829,3.28346,0,0.601537,6.048,4.08855e+06,3.35751e+06,1.2136e+07,0,0,0,0,88.2997,98.274,6.15306,0,1,1.72011,1.90275,0,1.47729,2.1168,8.49684e+06,4.48777e+06,1.46155e+07,0,0,0,0
45.9993,85.139,3.91153,0.64,0.06,2.9684,3.28359,0,0.556257,6.048,4.08855e+06,3.35751e+06,1.21365e+07,0,0,0,0,89.611,98.274,5.7475,0,1,1.72017,1.90282,0,1.32895,2.1168,8.49684e+06,4.48777e+06,1.4616e+07,0,0,0,0
46.7496,85.139,3.63972,0.61,0.06,2.96852,3.28372,0,0.556279,6.048,4.08855e+06,3.35751e+06,1.21369e+07,0,0,0,0,91.066,98.274,6.59468,0,1,1.72024,1.9029,0,1.32901,2.1168,8.49684e+06,4.48777e+06,1.46166e+07,0,0,0,0
46.7223,85.139,2.84112,0.63,0.06,2.96864,3.28385,0,0.556301,6.048,4.08855e+06,3.35751e+06,1.21374e+07,0,0,0,0,91.3079,98.274,3.91559,0,1,1.72031,1.90297,0,1.32906,2.1168,8.49684e+06,4.48777e+06,1.46172e+07,0,0,0,0
51.4727,85.139,7.67784,0.65,0.06,2.96875,3.28398,0,0.556322,6.048,4.08855e+06,3.35751e+06,1.21379e+07,0,0,0,0,92.3206,98.274,5.5424,0,1,1.72038,1.90305,0,1.32911,2.1168,8.49684e+06,4.48777e+06,1.46178e+07,0,0,0,0
54.5194,85.139,6.31165,0.65,0.06,3.06187,3.38698,0,0.556344,6.048,4.08855e+06,2.79793e+06,1.25186e+07,0,0,0,0,92.9058,98.274,4.64639,1,1,1.77607,1.96465,0,1.32916,2.1168,8.49684e+06,3.73981e+06,1.5091e+07,0,0,0,0
56.3098,85.139,4.9967,0.67,0.06,3.06196,3.38709,0,0.573794,6.048,4.08855e+06,2.79793e+06,1.2519e+07,0,0,0,0,93.1844,98.274,3.71518,1,1,1.77612,1.96471,0,1.37219,2.1168,8.49684e+06,3.73981e+06,1.50914e+07,0,0,0,0
57.5213,85.139,4.41368,0.71,0.06,3.06206,3.38719,0,0.573812,6.048,4.08855e+06,2.79793e+06,1.25194e+07,0,0,0,0,93.4041,98.274,3.30943,1,1,1.77618,1.96478,0,1.37223,2.1168,8.49684e+06,3.73981e+06,1.50919e+07,0,0,0,0
59.4599,85.139,5.21393,0.65,0.06,3.06216,3.3873,0,0.57383,6.048,4.08855e+06,2.79793e+06,1.25198e+07,0,0,0,0,93.8458,98.274,3.96609,1,1,1.77624,1.96484,0,1.37228,2.1168,8.49684e+06,3.73981e+06,1.50924e+07,0,0,0,0
65.141,85.139,9.54222,0.71,0.06,3.36094,3.71781,0,0.573848,6.048,4.08855e+06,2.79793e+06,1.37414e+07,0,0,0,0,94.4214,98.274,5.39348,1,1,1.98515,2.19593,0,1.37232,2.1168,8.49684e+06,3.73981e+06,1.68675e+07,0,0,0,0
70.5312,85.139,9.25817,0.66,0.06,3.36105,3.71793,0,0.62984,6.048,4.08855e+06,2.79793e+06,1.37418e+07,0,0,0,0,95.0553,98.274,5.23379,1,1,1.98521,2.196,0,1.53372,2.1168,8.49684e+06,3.73981e+06,1.6868e+07,0,0,0,0
76.6357,85.139,10.2096,0.59,0.06,3.36115,3.71804,0,0.62986,6.048,4.08855e+06,2.79793e+06,1.37422e+07,0,0,0,0,95.9117,98.274,6.83389,1,1,1.98527,2.19607,0,1.53377,2.1168,8.49684e+06,3.73981e+06,1.68685e+07,0,0,0,0
81.6259,85.139,9.0082,0.56,0.06,3.36126,3.71816,0,0.62988,6.048,4.08855e+06,2.79793e+06,1.37427e+07,0,0,0,0,96.551,98.274,5.50536,1,1,1.98533,2.19614,0,1.53382,2.1168,8.49684e+06,3.73981e+06,1.68691e+07,0,0,0,0
82.5902,85.139,4.37197,0.47,0.06,2.93529,3.24696,0,0.6299,6.048,4.08855e+06,3.35751e+06,1.20011e+07,0,0,0,0,96.7286,98.274,3.14529,0,1,1.70508,1.88612,0,1.53387,2.1168,8.49684e+06,4.48777e+06,1.44878e+07,0,0,0,0
82.9634,85.139,3.81569,0.5,0.06,2.93538,3.24707,0,0.550073,6.048,4.08855e+06,3.35751e+06,1.20015e+07,0,0,0,0,97.0627,98.274,3.57107,0,1,1.70513,1.88618,0,1.31734,2.1168,8.49684e+06,4.48777e+06,1.44882e+07,0,0,0,0
84.6597,85.139,5.28917,0.56,0.06,2.93548,3.24717,0,0.550091,6.048,4.08855e+06,3.35751e+06,1.20018e+07,0,0,0,0,97.4885,98.274,3.75997,0,1,1.70518,1.88624,0,1.31738,2.1168,8.49684e+06,4.48777e+06,1.44887e+07,0,0,0,0
85.139,85.139,5.72396,0.57,0.06,2.93557,3.24727,0,0.550108,6.048,4.08855e+06,3.35751e+06,1.20022e+07,0,0,0,0,97.7969,98.274,3.87363,0,1,1.70524,1.8863,0,1.31743,2.1168,8.49684e+06,4.48777e+06,1.44891e+07,0,0,0,0
85.139,85.139,4.6712,0.49,0.06,2.93566,3.24738,0,0.550126,6.048,4.08855e+06,3.35751e+06,1.20026e+07,0,0,0,0,98.2085,98.274,3.78894,0,1,1.70529,1.88636,0,1.31747,2.1168,8.49684e+06,4.48777e+06,1.44896e+07,0,0,0,0
85.139,85.139,3.57983,0.5,0.06,3.04302,3.36613,0,0.550143,6.048,4.08855e+06,2.79793e+06,1.24415e+07,0,0,0,0,98.4544,98.274,2.95391,1,1,1.77393,1.96229,0,1.31751,2.1168,8.49684e+06,3.73981e+06,1.50728e+07,0,0,0,0
85.139,85.139,3.82258,0.48,0.06,3.04312,3.36624,0,0.570262,6.048,4.08855e+06,2.79793e+06,1.24419e+07,0,0,0,0,98.6863,98.274,2.94428,1,1,1.77399,1.96236,0,1.37054,2.1168,8.49684e+06,3.73981e+06,1.50733e+07,0,0,0,0
84.7949,85.139,3.06913,0.47,0.06,3.04321,3.36635,0,0.57028,6.048,4.08855e+06,2.79793e+06,1.24423e+07,0,0,0,0,98.7461,98.274,2.69133,1,1,1.77405,1.96242,0,1.37058,2.1168,8.49684e+06,3.73981e+06,1.50738e+07,0,0,0,0
84.5451,85.139,3.15384,0.62,0.06,3.04331,3.36645,0,0.570298,6.048,4.08855e+06,2.79793e+06,1.24427e+07,0,0,0,0,98.7771,98.274,2.86745,1,1,1.7741,1.96248,0,1.37063,2.1168,8.49684e+06,3.73981e+06,1.50743e+07,0,0,0,0
84.333,85.139,3.1602,0.6,0.06,3.00146,3.32016,0,0.570316,6.048,4.08855e+06,2.79793e+06,1.22716e+07,0,0,0,0,99.1522,98.274,3.32971,1,1,1.74752,1.93307,0,1.37067,2.1168,8.49684e+06,3.73981e+06,1.48484e+07,0,0,0,0
83.9069,85.139,2.86359,0.55,0.06,3.00156,3.32027,0,0.562474,6.048,4.08855e+06,2.79793e+06,1.2272e+07,0,0,0,0,99.3022,98.274,2.97305,1,1,1.74757,1.93313,0,1.35013,2.1168,8.49684e+06,3.73981e+06,1.48488e+07,0,0,0,0
83.4336,85.139,2.77955,0.49,0.06,3.00165,3.32037,0,0.562491,6.048,4.08855e+06,2.79793e+06,1.22724e+07,0,0,0,0,99.3022,98.274,3.20184,1,1,1.74763,1.93319,0,1.35017,2.1168,8.49684e+06,3.73981e+06,1.48493e+07,0,0,0,0
82.7804,85.139,2.58247,0.48,0.06,3.00175,3.32048,0,0.562509,6.048,4.08855e+06,2.79793e+06,1.22728e+07,0,0,0,0,99.3022,98.274,2.92118,1,1,1.74768,1.93325,0,1.35022,2.1168,8.49684e+06,3.73981e+06,1.48498e+07,0,0,0,0
82.1026,85.139,2.67843,0.44,0.06,3.14424,3.4781,0,0.562527,6.048,4.08855e+06,2.79793e+06,1.28554e+07,0,0,0,0,99.3022,98.274,3.18456,1,1,1.84223,2.03784,0,1.35026,2.1168,8.49684e+06,3.73981e+06,1.56531e+07,0,0,0,0
81.2265,85.139,2.44676,0.4,0.06,3.14434,3.47821,0,0.58923,6.048,4.08855e+06,2.79793e+06,1.28558e+07,0,0,0,0,99.3022,98.274,2.89435,1,1,1.84229,2.03791,0,1.42331,2.1168,8.49684e+06,3.73981e+06,1.56536e+07,0,0,0,0
79.933,85.139,2.19221,0.35,0.06,3.41154,3.47832,0,0.589249,6.048,4.08855e+06,2.79793e+06,1.39483e+07,0,0,0,0,99.2846,98.274,2.86668,1,1,1.99885,2.03797,0,1.42335,2.1168,8.49684e+06,3.73981e+06,1.69839e+07,0,0,0,0
78.6236,85.139,2.1621,0.31,0.06,3.41165,3.47843,0,0.639323,6.048,4.08855e+06,2.79793e+06,1.39487e+07,0,0,0,0,99.3022,98.274,2.91412,1,1,1.99891,2.03803,0,1.54431,2.1168,8.49684e+06,3.73981e+06,1.69844e+07,0,0,0,0
77.6767,85.139,2.28456,0.4,0.06,3.14464,3.47854,0,0.639343,6.048,4.08855e+06,2.79793e+06,1.2857e+07,0,0,0,0,99.3022,98.274,2.5698,1,1,1.84246,2.0381,0,1.54436,2.1168,8.49684e+06,3.73981e+06,1.56551e+07,0,0,0,0
76.7419,85.139,2.47055,0.38,0.06,3.38131,3.44749,0,0.589305,6.048,4.08855e+06,2.79793e+06,1.38247e+07,0,0,0,0,99.0575,98.274,2.24915,1,1,2.05539,2.09562,0,1.42349,2.1168,8.49684e+06,3.73981e+06,1.74643e+07,0,0,0,0
75.7039,85.139,2.337,0.35,0.06,3.38142,3.4476,0,0.633657,6.048,4.08855e+06,2.79793e+06,1.38251e+07,0,0,0,0,98.772,98.274,2.1765,1,1,2.05545,2.09569,0,1.58799,2.1168,8.49684e+06,3.73981e+06,1.74649e+07,0,0,0,0
74.5519,85.139,2.20408,0.33,0.06,3.38152,3.44771,0,0.633677,6.048,4.08855e+06,2.79793e+06,1.38255e+07,0,0,0,0,98.3484,98.274,2.04777,1,1,2.05552,2.09575,0,1.58804,2.1168,8.49684e+06,3.73981e+06,1.74654e+07,0,0,0,0
73.2656,85.139,2.05561,0.31,0.06,3.38163,3.44782,0,0.633697,6.048,4.08855e+06,2.79793e+06,1.3826e+07,0,0,0,0,97.8286,98.274,1.91837,1,1,2.05559,2.09582,0,1.58809,2.1168,8.49684e+06,3.73981e+06,1.7466e+07,0,0,0,0
72.197,85.139,2.32404,0.33,0.06,3.46066,3.5284,0,0.633717,6.048,4.08855e+06,2.79793e+06,1.41491e+07,0,0,0,0,97.3173,98.274,1.83277,1,1,2.10588,2.1471,0,1.58815,2.1168,8.49684e+06,3.73981e+06,1.78933e+07,0,0,0,0
71.0225,85.139,2.1952,0.33,0.06,3.46077,3.52851,0,0.648528,6.048,4.08855e+06,2.79793e+06,1.41495e+07,0,0,0,0,96.6464,98.274,1.89362,1,1,2.10595,2.14717,0,1.627,2.1168,8.49684e+06,3.73981e+06,1.78939e+07,0,0,0,0
69.7223,85.139,2.05377,0.31,0.06,3.46088,3.52862,0,0.648548,6.048,4.08855e+06,2.79793e+06,1.415e+07,0,0,0,0,96.05,98.274,1.72874,1,1,2.10601,2.14724,0,1.62706,2.1168,8.49684e+06,3.73981e+06,1.78945e+07,0,0,0,0
68.4082,85.139,2.02047,0.3,0.06,3.46099,3.52873,0,0.648569,6.048,4.08855e+06,2.79793e+06,1.41504e+07,0,0,0,0,95.4565,98.274,1.86277,1,1,2.10608,2.1473,0,1.62711,2.1168,8.49684e+06,3.73981e+06,1.7895e+07,0,0,0,0
67.2983,85.139,2.39376,0.29,0.06,3.69225,3.76452,0,0.648589,6.048,4.08855e+06,2.79793e+06,1.5096e+07,0,0,0,0,94.9529,98.274,1.86273,1,1,2.1168,2.33225,0.170678,1.62716,2.1168,8.49684e+06,3.73981e+06,1.79861e+07,0,0,0,0
66.7477,85.139,2.97518,0.32,0.06,3.69237,3.76464,0,0.691928,6.048,4.08855e+06,2.79793e+06,1.50964e+07,0,0,0,0,94.2876,98.274,2.206,1,1,2.1168,2.33233,0.17075,1.63544,2.1168,8.49684e+06,3.73981e+06,1.79861e+07,0,0,0,0
65.6076,85.139,2.38428,0.32,0.06,3.69248,3.76476,0,0.69195,6.048,4.08855e+06,2.79793e+06,1.50969e+07,0,0,0,0,93.7289,98.274,1.60635,1,1,2.1168,2.3324,0.170823,1.63544,2.1168,8.49684e+06,3.73981e+06,1.79861e+07,0,0,0,0
65.0146,85.139,2.90221,0.32,0.06,3.6926,3.76488,0,0.691972,6.048,4.08855e+06,2.79793e+06,1.50974e+07,0,0,0,0,93.4546,98.274,2.76112,1,1,2.1168,2.33247,0.170895,1.63544,2.1168,8.49684e+06,3.73981e+06,1.79861e+07,0,0,0,0
63.687,85.139,2.15512,0.32,0.06,3.69272,3.765,0,0.691993,6.048,4.08855e+06,2.79793e+06,1.50979e+07,0,0,0,0,92.9574,98.274,1.95879,1,1,2.1168,2.33255,0.170967,1.63544,2.1168,8.49684e+06,3.73981e+06,1.79861e+07,0,0,0,0
62.419,85.139,2.09288,0.32,0.06,3.58016,3.65024,0,0.692015,6.048,4.08855e+06,2.79793e+06,1.46377e+07,0,0,0,0,92.3398,98.274,1.90295,1,1,2.1168,2.22039,0.0609619,1.63544,2.1168,8.49684e+06,3.73981e+06,1.79861e+07,0,0,0,0
61.378,85.139,2.3461,0.34,0.06,3.58028,3.65035,0,0.670922,6.048,4.08855e+06,2.79793e+06,1.46381e+07,0,0,0,0,91.7869,98.274,1.75103,1,1,2.1168,2.22046,0.0610306,1.63544,2.1168,8.49684e+06,3.73981e+06,1.79861e+07,0,0,0,0
61.0809,85.139,3.11485,0.35,0.06,3.58039,3.65047,0,0.670944,6.048,4.08855e+06,2.79793e+06,1.46386e+07,0,0,0,0,91.3499,98.274,2.40025,1,1,2.1168,2.22053,0.0610996,1.63544,2.1168,8.49684e+06,3.73981e+06,1.79861e+07,0,0,0,0
61.6896,85.139,4.13394,0.37,0.06,3.5805,3.65059,0,0.670965,6.048,4.08855e+06,2.79793e+06,1.46391e+07,0,0,0,0,91.1197,98.274,3.31836,1,1,2.1168,2.2206,0.0611686,1.63544,2.1168,8.49684e+06,3.73981e+06,1.79861e+07,0,0,0,0
60.8119,85.139,2.5548,0.38,0.06,3.48812,3.55639,0,0.670986,6.048,4.08855e+06,2.79793e+06,1.42614e+07,0,0,0,0,90.7169,98.274,2.96122,1,1,2.07783,2.1185,0,1.63544,2.1168,8.49684e+06,3.73981e+06,1.7655e+07,0,0,0,0
59.258,85.139,1.83769,0.38,0.06,3.48823,3.55651,0,0.653674,6.048,4.08855e+06,2.79793e+06,1.42618e+07,0,0,0,0,90.3432,98.274,1.82824,1,1,2.07789,2.11856,0,1.60533,2.1168,8.49684e+06,3.73981e+06,1.76555e+07,0,0,0,0
59.9807,85.139,3.9254,0.4,0.06,3.21522,3.55662,0,0.653694,6.048,4.08855e+06,2.79793e+06,1.31456e+07,0,0,0,0,90.4253,98.274,3.33694,1,1,1.91526,2.11863,0,1.60538,2.1168,8.49684e+06,3.73981e+06,1.62737e+07,0,0,0,0
64.9402,85.139,8.36342,0.41,0.06,3.21532,3.55673,0,0.602533,6.048,4.08855e+06,2.79793e+06,1.3146e+07,0,0,0,0,91.3879,98.274,7.4199,1,1,1.91533,2.1187,0,1.47973,2.1168,8.49684e+06,3.73981e+06,1.62742e+07,0,0,0,0
66.6479,85.139,5.06759,0.38,0.06,3.22583,3.28897,0,0.602552,6.048,4.08855e+06,2.79793e+06,1.3189e+07,0,0,0,0,91.4964,98.274,3.50185,1,1,1.86935,1.90594,0,1.47978,2.1168,8.49684e+06,3.73981e+06,1.58836e+07,0,0,0,0
69.6814,85.139,6.32335,0.41,0.06,2.97336,3.28908,0,0.604521,6.048,4.08855e+06,2.79793e+06,1.21567e+07,0,0,0,0,91.636,98.274,2.89899,1,1,1.72305,1.906,0,1.44426,2.1168,8.49684e+06,3.73981e+06,1.46405e+07,0,0,0,0
72.6514,85.139,6.34179,0.4,0.06,2.97345,3.28918,0,0.557208,6.048,4.08855e+06,2.79793e+06,1.21571e+07,0,0,0,0,91.9677,98.274,3.46851,1,1,1.7231,1.90606,0,1.33123,2.1168,8.49684e+06,3.73981e+06,1.46409e+07,0,0,0,0
80.7036,85.139,11.6018,0.4,0.06,2.97355,3.28929,0,0.557225,6.048,4.08855e+06,2.79793e+06,1.21575e+07,0,0,0,0,93.5418,98.274,7.37681,1,1,1.72316,1.90612,0,1.33127,2.1168,8.49684e+06,3.73981e+06,1.46414e+07,0,0,0,0
84.2674,85.139,7.38942,0.33,0.06,3.22624,3.28939,0,0.557243,6.048,4.08855e+06,2.79793e+06,1.31906e+07,0,0,0,0,93.8288,98.274,4.0397,1,1,1.86959,1.90618,0,1.33131,2.1168,8.49684e+06,3.73981e+06,1.58856e+07,0,0,0,0
85.139,85.139,9.94134,0.35,0.06,3.3274,3.39253,0,0.604597,6.048,4.08855e+06,2.79793e+06,1.36043e+07,0,0,0,0,94.6422,98.274,6.18878,1,1,1.93009,1.96787,0,1.44444,2.1168,8.49684e+06,3.73981e+06,1.63997e+07,0,0,0,0
85.139,85.139,10.0656,0.28,0.06,3.32748,3.39261,0,0.623555,6.048,4.08855e+06,2.79793e+06,1.36046e+07,0,0,0,0,95.5098,98.274,6.85929,1,1,1.93014,1.96792,0,1.49119,2.1168,8.49684e+06,3.73981e+06,1.64001e+07,0,0,0,0
85.139,85.139,19.4371,0.29,0.06,3.32756,3.39269,0,0.62357,6.048,4.08855e+06,2.79793e+06,1.36049e+07,0,0,0,0,97.7904,98.274,9.9062,1,1,1.93019,1.96797,0,1.49123,2.1168,8.49684e+06,3.73981e+06,1.64005e+07,0,0,0,0
85.139,85.139,11.0922,0.31,0.06,3.32764,3.39278,0,0.623585,6.048,4.08855e+06,2.79793e+06,1.36052e+07,0,0,0,0,99.3022,98.274,9.38547,1,1,1.93023,1.96801,0,1.49126,2.1168,8.49684e+06,3.73981e+06,1.64009e+07,0,0,0,0
85.139,85.139,11.824,0.31,0.06,3.6523,3.72379,0,0.6236,6.048,4.08855e+06,2.79793e+06,1.49326e+07,0,0,0,0,99.3022,98.274,10.9128,1,1,2.1168,2.19946,0.0404381,1.4913,2.1168,8.49684e+06,3.73981e+06,1.79861e+07,0,0,0,0
85.139,85.139,9.56949,0.31,0.06,3.65239,3.72388,0,0.684441,6.048,4.08855e+06,2.79793e+06,1.4933e+07,0,0,0,0,99.3022,98.274,7.80716,1,1,2.1168,2.19952,0.0404897,1.63544,2.1168,8.49684e+06,3.73981e+06,1.79861e+07,0,0,0,0
85.139,85.139,9.44419,0.33,0.06,3.65247,3.72397,0,0.684457,6.048,4.08855e+06,2.79793e+06,1.49333e+07,0,0,0,0,99.3022,98.274,7.16351,1,1,2.1168,2.19957,0.0405412,1.63544,2.1168,8.49684e+06,3.73981e+06,1.79861e+07,0,0,0,0
85.139,85.139,10.4451,0.34,0.06,3.65256,3.72406,0,0.684474,6.048,4.08855e+06,2.79793e+06,1.49337e+07,0,0,0,0,99.3022,98.274,9.13874,1,1,2.1168,2.19962,0.0405929,1.63544,2.1168,8.49684e+06,3.73981e+06,1.79861e+07,0,0,0,0
85.139,85.139,14.6204,0.37,0.06,3.25209,3.25209,0,0.68449,6.048,4.08855e+06,2.70226e+06,1.32963e+07,0,0,0,0,99.3022,98.274,15.1592,0,1,1.8891,1.8891,0,1.63544,2.1168,8.49684e+06,3.61194e+06,1.60514e+07,0,0,0,0
85.139,85.139,8.26705,0.39,0.06,3.18973,3.25216,0,0.609441,6.048,4.08855e+06,2.79793e+06,1.30414e+07,0,0,0,0,99.3022,98.274,8.13002,0,1,1.85288,1.88914,0,1.45952,2.1168,8.49684e+06,3.73981e+06,1.57436e+07,0,0,0,0
85.139,85.139,7.28437,0.45,0.06,2.94006,3.25224,0,0.597755,6.048,4.08855e+06,3.35751e+06,1.20206e+07,0,0,0,0,99.3022,98.274,5.59525,0,1,1.70785,1.88919,0,1.43153,2.1168,8.49684e+06,4.48777e+06,1.45113e+07,0,0,0,0
85.139,85.139,5.389,0.47,0.06,2.94013,3.25232,0,0.550967,6.048,4.08855e+06,3.35751e+06,1.20209e+07,0,0,0,0,99.3022,98.274,3.75238,0,1,1.70789,1.88923,0,1.31948,2.1168,8.49684e+06,4.48777e+06,1.45117e+07,0,0,0,0
85.139,85.139,5.73917,0.49,0.06,2.9402,3.2524,0,0.55098,6.048,4.08855e+06,3.35751e+06,1.20212e+07,0,0,0,0,99.3022,98.274,5.46477,0,1,1.70793,1.88928,0,1.31951,2.1168,8.49684e+06,4.48777e+06,1.4512e+07,0,0,0,0
85.139,85.139,5.90454,0.51,0.06,3.0477,3.37131,0,0.550994,6.048,4.08855e+06,2.79793e+06,1.24607e+07,0,0,0,0,99.3022,98.274,6.54289,1,1,1.77666,1.96531,0,1.31955,2.1168,8.49684e+06,3.73981e+06,1.5096e+07,0,0,0,0
85.139,85.139,5.27645,0.5,0.06,3.04777,3.37139,0,0.571139,6.048,4.08855e+06,2.79793e+06,1.2461e+07,0,0,0,0,99.3022,98.274,5.84399,1,1,1.77671,1.96536,0,1.37265,2.1168,8.49684e+06,3.73981e+06,1.50964e+07,0,0,0,0
85.139,85.139,5.42905,0.5,0.06,3.04785,3.37147,0,0.571153,6.048,4.08855e+06,2.79793e+06,1.24613e+07,0,0,0,0,99.3022,98.274,6.72887,1,1,1.77675,1.96541,0,1.37268,2.1168,8.49684e+06,3.73981e+06,1.50967e+07,0,0,0,0
85.139,85.139,5.27249,0.48,0.06,3.04792,3.37155,0,0.571167,6.048,4.08855e+06,2.79793e+06,1.24616e+07,0,0,0,0,99.3022,98.274,4.44888,1,1,1.77679,1.96545,0,1.37272,2.1168,8.49684e+06,3.73981e+06,1.50971e+07,0,0,0,0
85.139,85.139,4.75794,0.45,0.06,3.00598,3.32517,0,0.57118,6.048,4.08855e+06,2.79793e+06,1.22901e+07,0,0,0,0,99.3022,98.274,4.85945,1,1,1.75015,1.93598,0,1.37275,2.1168,8.49684e+06,3.73981e+06,1.48708e+07,0,0,0,0
85.139,85.139,4.44527,0.44,0.06,3.00606,3.32524,0,0.563321,6.048,4.08855e+06,2.79793e+06,1.22904e+07,0,0,0,0,99.3022,98.274,4.3038,1,1,1.75019,1.93603,0,1.35217,2.1168,8.49684e+06,3.73981e+06,1.48711e+07,0,0,0,0
85.139,85.139,4.04742,0.39,0.06,3.26148,3.32532,0,0.563335,6.048,4.08855e+06,2.79793e+06,1.33347e+07,0,0,0,0,99.3022,98.274,4.04157,1,1,1.89891,1.93608,0,1.3522,2.1168,8.49684e+06,3.73981e+06,1.61347e+07,0,0,0,0
85.139,85.139,3.82696,0.36,0.06,3.26156,3.3254,0,0.611202,6.048,4.08855e+06,2.79793e+06,1.33351e+07,0,0,0,0,99.3022,98.274,4.14932,1,1,1.89895,1.93612,0,1.4671,2.1168,8.49684e+06,3.73981e+06,1.61351e+07,0,0,0,0
85.1329,85.139,3.5914,0.34,0.06,3.41636,3.48323,0,0.611217,6.048,4.08855e+06,2.79793e+06,1.3968e+07,0,0,0,0,99.3022,98.274,3.42814,1,1,2.00167,2.04085,0,1.46713,2.1168,8.49684e+06,3.73981e+06,1.70079e+07,0,0,0,0
84.7662,85.139,3.21118,0.39,0.06,3.41644,3.48332,0,0.640226,6.048,4.08855e+06,2.79793e+06,1.39683e+07,0,0,0,0,99.3022,98.274,2.94635,1,1,2.00172,2.0409,0,1.54649,2.1168,8.49684e+06,3.73981e+06,1.70083e+07,0,0,0,0
84.321,85.139,3.11918,0.37,0.06,3.41653,3.4834,0,0.640242,6.048,4.08855e+06,2.79793e+06,1.39686e+07,0,0,0,0,99.3022,98.274,3.09219,1,1,2.00176,2.04095,0,1.54653,2.1168,8.49684e+06,3.73981e+06,1.70087e+07,0,0,0,0
83.5916,85.139,2.83941,0.34,0.06,3.41661,3.48348,0,0.640257,6.048,4.08855e+06,2.79793e+06,1.3969e+07,0,0,0,0,99.2804,98.274,2.95867,1,1,2.00181,2.041,0,1.54656,2.1168,8.49684e+06,3.73981e+06,1.70091e+07,0,0,0,0
82.696,85.139,2.64312,0.32,0.06,3.41669,3.48357,0,0.640272,6.048,4.08855e+06,2.79793e+06,1.39693e+07,0,0,0,0,99.3022,98.274,3.18567,1,1,2.00186,2.04104,0,1.5466,2.1168,8.49684e+06,3.73981e+06,1.70095e+07,0,0,0,0
81.5746,85.139,2.37097,0.3,0.06,3.38617,3.45245,0,0.640288,6.048,4.08855e+06,2.79793e+06,1.38445e+07,0,0,0,0,99.3022,98.274,3.46471,1,1,2.05834,2.09863,0,1.54664,2.1168,8.49684e+06,3.73981e+06,1.74894e+07,0,0,0,0
80.3627,85.139,2.24765,0.27,0.06,3.38625,3.45253,0,0.634568,6.048,4.08855e+06,2.79793e+06,1.38449e+07,0,0,0,0,99.3022,98.274,3.35673,1,1,2.05839,2.09868,0,1.59028,2.1168,8.49684e+06,3.73981e+06,1.74898e+07,0,0,0,0
79.0322,85.139,2.10513,0.28,0.06,3.38633,3.45261,0,0.634583,6.048,4.08855e+06,2.79793e+06,1.38452e+07,0,0,0,0,99.2641,98.274,3.1444,1,1,2.05844,2.09873,0,1.59031,2.1168,8.49684e+06,3.73981e+06,1.74903e+07,0,0,0,0
77.5883,85.139,1.97495,0.31,0.06,3.38641,3.4527,0,0.634598,6.048,4.08855e+06,2.79793e+06,1.38455e+07,0,0,0,0,99.1655,98.274,2.96013,1,1,2.05849,2.09878,0,1.59035,2.1168,8.49684e+06,3.73981e+06,1.74907e+07,0,0,0,0
75.9149,85.139,1.80539,0.29,0.06,3.46553,3.53336,0,0.634614,6.048,4.08855e+06,2.79793e+06,1.4169e+07,0,0,0,0,99.0941,98.274,2.73299,1,1,2.10884,2.15012,0,1.59039,2.1168,8.49684e+06,3.73981e+06,1.79185e+07,0,0,0,0
74.1333,85.139,1.64537,0.28,0.06,3.46561,3.53344,0,0.64944,6.048,4.08855e+06,2.79793e+06,1.41693e+07,0,0,0,0,98.9308,98.274,2.63773,1,1,2.10889,2.15017,0,1.62929,2.1168,8.49684e+06,3.73981e+06,1.79189e+07,0,0,0,0
72.2296,85.139,1.4995,0.27,0.06,3.46569,3.53353,0,0.649455,6.048,4.08855e+06,2.79793e+06,1.41697e+07,0,0,0,0,98.7126,98.274,2.30464,1,1,2.10894,2.15022,0,1.62933,2.1168,8.49684e+06,3.73981e+06,1.79194e+07,0,0,0,0
70.4717,85.139,1.62246,0.31,0.06,3.46578,3.53361,0,0.649471,6.048,4.08855e+06,2.79793e+06,1.417e+07,0,0,0,0,98.6317,98.274,2.86757,1,1,2.10899,2.15027,0,1.62937,2.1168,8.49684e+06,3.73981e+06,1.79198e+07,0,0,0,0
68.2795,85.139,1.33019,0.3,0.06,3.69733,3.7697,0,0.649486,6.048,4.08855e+06,2.79793e+06,1.51167e+07,0,0,0,0,98.4659,98.274,2.7867,1,1,2.1168,2.33546,0.173824,1.62941,2.1168,8.49684e+06,3.73981e+06,1.79861e+07,0,0,0,0
65.705,85.139,0.893214,0.3,0.06,3.69742,3.76979,0,0.692879,6.048,4.08855e+06,2.79793e+06,1.51171e+07,0,0,0,0,98.141,98.274,2.49931,1,1,2.1168,2.33552,0.173878,1.63544,2.1168,8.49684e+06,3.73981e+06,1.79861e+07,0,0,0,0
63.471,85.139,1.21106,0.32,0.06,3.6975,3.76988,0,0.692896,6.048,4.08855e+06,2.79793e+06,1.51174e+07,0,0,0,0,97.8816,98.274,2.8166,1,1,2.1168,2.33557,0.173933,1.63544,2.1168,8.49684e+06,3.73981e+06,1.79861e+07,0,0,0,0
61.7565,85.139,1.77981,0.32,0.06,3.69759,3.76997,0,0.692912,6.048,4.08855e+06,2.79793e+06,1.51178e+07,0,0,0,0,97.8516,98.274,3.30447,1,1,2.1168,2.33563,0.173988,1.63544,2.1168,8.49684e+06,3.73981e+06,1.79861e+07,0,0,0,0
59.7607,85.139,1.48294,0.34,0.06,3.69768,3.77006,0,0.692929,6.048,4.08855e+06,2.79793e+06,1.51182e+07,0,0,0,0,97.7276,98.274,2.94038,1,1,2.1168,2.33568,0.174042,1.63544,2.1168,8.49684e+06,3.73981e+06,1.79861e+07,0,0,0,0
57.477,85.139,1.01562,0.34,0.06,3.58495,3.65512,0,0.692945,6.048,4.08855e+06,2.79793e+06,1.46572e+07,0,0,0,0,97.8266,98.274,4.70236,1,1,2.1168,2.22336,0.063872,1.63544,2.1168,8.49684e+06,3.73981e+06,1.79861e+07,0,0,0,0
55.0809,85.139,0.871215,0.35,0.06,3.58503,3.6552,0,0.671819,6.048,4.08855e+06,2.79793e+06,1.46576e+07,0,0,0,0,97.4637,98.274,2.55121,1,1,2.1168,2.22341,0.0639242,1.63544,2.1168,8.49684e+06,3.73981e+06,1.79861e+07,0,0,0,0
53.0481,85.139,1.01294,0.46,0.06,3.30442,3.65529,0,0.671835,6.048,4.08855e+06,2.79793e+06,1.35103e+07,0,0,0,0,97.1998,98.274,2.61405,1,1,2.01003,2.22346,0,1.63544,2.1168,8.49684e+06,3.73981e+06,1.70789e+07,0,0,0,0
52.6936,85.139,2.87916,0.46,0.06,3.3045,3.65538,0,0.619249,6.048,4.08855e+06,2.79793e+06,1.35106e+07,0,0,0,0,97.8076,98.274,4.9195,1,1,2.01008,2.22352,0,1.55295,2.1168,8.49684e+06,3.73981e+06,1.70793e+07,0,0,0,0
51.0708,85.139,1.43656,0.47,0.06,3.21921,3.56104,0,0.619264,6.048,4.08855e+06,2.79793e+06,1.31619e+07,0,0,0,0,97.563,98.274,2.14686,1,1,1.91764,2.12126,0,1.55299,2.1168,8.49684e+06,3.73981e+06,1.62939e+07,0,0,0,0
49.4888,85.139,1.43614,0.56,0.06,3.21929,3.56112,0,0.603281,6.048,4.08855e+06,2.79793e+06,1.31622e+07,0,0,0,0,97.479,98.274,2.74855,1,1,1.91769,2.12131,0,1.48157,2.1168,8.49684e+06,3.73981e+06,1.62943e+07,0,0,0,0
50.2518,85.139,3.90843,0.54,0.06,3.21937,3.56121,0,0.603295,6.048,4.08855e+06,2.79793e+06,1.31626e+07,0,0,0,0,98.318,98.274,5.30552,1,1,1.91773,2.12136,0,1.48161,2.1168,8.49684e+06,3.73981e+06,1.62947e+07,0,0,0,0
49.4663,85.139,2.30697,0.57,0.06,3.21945,3.56129,0,0.60331,6.048,4.08855e+06,2.79793e+06,1.31629e+07,0,0,0,0,98.4792,98.274,2.64841,1,1,1.91778,2.12141,0,1.48164,2.1168,8.49684e+06,3.73981e+06,1.62951e+07,0,0,0,0
49.8287,85.139,3.30888,0.58,0.06,2.97706,3.29316,0,0.603324,6.048,4.08855e+06,2.79793e+06,1.21718e+07,0,0,0,0,98.8663,98.274,3.06525,1,1,1.72519,1.90837,0,1.48168,2.1168,8.49684e+06,3.73981e+06,1.46586e+07,0,0,0,0
50.8226,85.139,4.06165,0.59,0.06,2.97713,3.29324,0,0.5579,6.048,4.08855e+06,2.79793e+06,1.21721e+07,0,0,0,0,99.3022,98.274,4.50943,1,1,1.72523,1.90842,0,1.33288,2.1168,8.49684e+06,3.73981e+06,1.4659e+07,0,0,0,0
51.615,85.139,3.81159,0.6,0.06,2.9772,3.29332,0,0.557913,6.048,4.08855e+06,2.79793e+06,1.21724e+07,0,0,0,0,99.3022,98.274,6.88758,1,1,1.72527,1.90846,0,1.33291,2.1168,8.49684e+06,3.73981e+06,1.46593e+07,0,0,0,0
52.3851,85.139,3.82966,0.58,0.06,2.97727,3.2934,0,0.557927,6.048,4.08855e+06,2.79793e+06,1.21727e+07,0,0,0,0,99.3022,98.274,6.73009,1,1,1.72531,1.90851,0,1.33294,2.1168,8.49684e+06,3.73981e+06,1.46597e+07,0,0,0,0
53.2734,85.139,3.96422,0.61,0.06,2.97734,3.29348,0,0.55794,6.048,4.08855e+06,2.79793e+06,1.2173e+07,0,0,0,0,99.3022,98.274,4.83856,1,1,1.72535,1.90855,0,1.33298,2.1168,8.49684e+06,3.73981e+06,1.466e+07,0,0,0,0
60.9214,85.139,11.4054,0.64,0.06,3.07067,3.39672,0,0.557953,6.048,4.08855e+06,2.79793e+06,1.25546e+07,0,0,0,0,99.3022,98.274,21.8042,1,1,1.78118,1.9703,0,1.33301,2.1168,8.49684e+06,3.73981e+06,1.51344e+07,0,0,0,0
64.9163,85.139,7.72664,0.59,0.06,3.07072,3.39678,0,0.575444,6.048,4.08855e+06,2.79793e+06,1.25548e+07,0,0,0,0,99.3022,98.274,14.8055,1,1,1.7812,1.97034,0,1.37614,2.1168,8.49684e+06,3.73981e+06,1.51346e+07,0,0,0,0
67.4885,85.139,6.12542,0.56,0.06,3.07077,3.39683,0,0.575454,6.048,4.08855e+06,2.79793e+06,1.2555e+07,0,0,0,0,99.3022,98.274,9.0494,1,1,1.78123,1.97037,0,1.37616,2.1168,8.49684e+06,3.73981e+06,1.51349e+07,0,0,0,0
69.882,85.139,5.98412,0.57,0.06,3.07082,3.39689,0,0.575463,6.048,4.08855e+06,2.79793e+06,1.25552e+07,0,0,0,0,99.3022,98.274,9.19954,1,1,1.78126,1.9704,0,1.37618,2.1168,8.49684e+06,3.73981e+06,1.51351e+07,0,0,0,0
72.5479,85.139,6.69239,0.54,0.06,3.3704,3.72827,0,0.575472,6.048,4.08855e+06,2.79793e+06,1.37801e+07,0,0,0,0,99.3022,98.274,10.2935,1,1,1.99073,2.20211,0,1.3762,2.1168,8.49684e+06,3.73981e+06,1.69149e+07,0,0,0,0
76.7162,85.139,8.48708,0.56,0.06,3.37045,3.72834,0,0.631613,6.048,4.08855e+06,2.79793e+06,1.37803e+07,0,0,0,0,99.3022,98.274,14.6244,1,1,1.99077,2.20215,0,1.53804,2.1168,8.49684e+06,3.73981e+06,1.69152e+07,0,0,0,0
80.8889,85.139,8.53511,0.52,0.06,3.37051,3.7284,0,0.631623,6.048,4.08855e+06,2.79793e+06,1.37805e+07,0,0,0,0,99.3022,98.274,17.3508,1,1,1.9908,2.20218,0,1.53807,2.1168,8.49684e+06,3.73981e+06,1.69155e+07,0,0,0,0
83.7494,85.139,6.99194,0.45,0.06,3.37056,3.72846,0,0.631633,6.048,4.08855e+06,2.79793e+06,1.37807e+07,0,0,0,0,99.3022,98.274,14.3037,1,1,1.99083,2.20222,0,1.53809,2.1168,8.49684e+06,3.73981e+06,1.69158e+07,0,0,0,0
85.139,85.139,7.0626,0.48,0.06,2.94337,3.2559,0,0.631644,6.048,4.08855e+06,3.35751e+06,1.20341e+07,0,0,0,0,99.3022,98.274,12.3529,0,1,1.70977,1.89132,0,1.53812,2.1168,8.49684e+06,4.48777e+06,1.45277e+07,0,0,0,0
85.139,85.139,6.09906,0.38,0.06,3.25596,3.25596,0,0.551588,6.048,4.08855e+06,2.70226e+06,1.33121e+07,0,0,0,0,99.3022,98.274,10.9349,0,1,1.89135,1.89135,0,1.32097,2.1168,8.49684e+06,3.61194e+06,1.60705e+07,0,0,0,0
85.139,85.139,4.96895,0.44,0.06,2.94347,3.25601,0,0.610166,6.048,4.08855e+06,3.35751e+06,1.20345e+07,0,0,0,0,99.3022,98.274,9.50071,0,1,1.70983,1.89138,0,1.46126,2.1168,8.49684e+06,4.48777e+06,1.45281e+07,0,0,0,0
85.139,85.139,4.50914,0.46,0.06,2.94351,3.25606,0,0.551606,6.048,4.08855e+06,3.35751e+06,1.20347e+07,0,0,0,0,99.3022,98.274,9.61711,0,1,1.70985,1.89141,0,1.32101,2.1168,8.49684e+06,4.48777e+06,1.45284e+07,0,0,0,0
85.139,85.139,6.28675,0.48,0.06,2.94356,3.25611,0,0.551615,6.048,4.08855e+06,3.35751e+06,1.20349e+07,0,0,0,0,99.3022,98.274,10.5882,0,1,1.70988,1.89144,0,1.32103,2.1168,8.49684e+06,4.48777e+06,1.45286e+07,0,0,0,0
85.139,85.139,6.83192,0.5,0.06,3.05116,3.37514,0,0.551624,6.048,4.08855e+06,2.79793e+06,1.24748e+07,0,0,0,0,99.3022,98.274,12.1226,1,1,1.77868,1.96754,0,1.32105,2.1168,8.49684e+06,3.73981e+06,1.51132e+07,0,0,0,0
85.139,85.139,4.84195,0.49,0.06,3.05121,3.3752,0,0.571788,6.048,4.08855e+06,2.79793e+06,1.2475e+07,0,0,0,0,99.3022,98.274,8.15308,1,1,1.77871,1.96758,0,1.37421,2.1168,8.49684e+06,3.73981e+06,1.51134e+07,0,0,0,0
85.139,85.139,4.22191,0.49,0.06,3.05126,3.37525,0,0.571797,6.048,4.08855e+06,2.79793e+06,1.24752e+07,0,0,0,0,99.3022,98.274,6.87957,1,1,1.77874,1.96761,0,1.37423,2.1168,8.49684e+06,3.73981e+06,1.51137e+07,0,0,0,0
85.139,85.139,3.83375,0.46,0.06,3.05131,3.37531,0,0.571807,6.048,4.08855e+06,2.79793e+06,1.24754e+07,0,0,0,0,99.3022,98.274,7.58094,1,1,1.77877,1.96764,0,1.37425,2.1168,8.49684e+06,3.73981e+06,1.51139e+07,0,0,0,0
84.9533,85.139,3.20087,0.45,0.06,3.00931,3.32884,0,0.571816,6.048,4.08855e+06,2.79793e+06,1.23037e+07,0,0,0,0,99.3022,98.274,5.21083,1,1,1.75208,1.93812,0,1.37428,2.1168,8.49684e+06,3.73981e+06,1.48872e+07,0,0,0,0
84.4543,85.139,2.84681,0.56,0.06,3.00935,3.32889,0,0.563944,6.048,4.08855e+06,2.79793e+06,1.23039e+07,0,0,0,0,99.3022,98.274,4.55654,1,1,1.75211,1.93816,0,1.35366,2.1168,8.49684e+06,3.73981e+06,1.48874e+07,0,0,0,0
83.7337,85.139,2.59353,0.51,0.06,3.0094,3.32895,0,0.563953,6.048,4.08855e+06,2.79793e+06,1.23041e+07,0,0,0,0,99.3022,98.274,4.16581,1,1,1.75214,1.93819,0,1.35368,2.1168,8.49684e+06,3.73981e+06,1.48877e+07,0,0,0,0
82.8697,85.139,2.41501,0.47,0.06,3.00945,3.329,0,0.563962,6.048,4.08855e+06,2.79793e+06,1.23043e+07,0,0,0,0,99.3022,98.274,4.06221,1,1,1.75217,1.93822,0,1.3537,2.1168,8.49684e+06,3.73981e+06,1.48879e+07,0,0,0,0
81.8342,85.139,2.32309,0.44,0.06,3.15226,3.48698,0,0.563971,6.048,4.08855e+06,2.79793e+06,1.28882e+07,0,0,0,0,99.3022,98.274,4.35888,1,1,1.84693,2.04304,0,1.35373,2.1168,8.49684e+06,3.73981e+06,1.56931e+07,0,0,0,0
80.612,85.139,2.0954,0.4,0.06,3.15231,3.48703,0,0.590734,6.048,4.08855e+06,2.79793e+06,1.28884e+07,0,0,0,0,99.3022,98.274,3.24846,1,1,1.84696,2.04307,0,1.42694,2.1168,8.49684e+06,3.73981e+06,1.56933e+07,0,0,0,0
79.0098,85.139,1.91669,0.36,0.06,3.42014,3.48709,0,0.590744,6.048,4.08855e+06,2.79793e+06,1.39834e+07,0,0,0,0,99.3022,98.274,2.95742,1,1,2.00388,2.04311,0,1.42696,2.1168,8.49684e+06,3.73981e+06,1.70267e+07,0,0,0,0
77.5592,85.139,1.77473,0.44,0.06,3.15242,3.48715,0,0.640935,6.048,4.08855e+06,2.79793e+06,1.28888e+07,0,0,0,0,99.3022,98.274,2.84415,1,1,1.84702,2.04314,0,1.5482,2.1168,8.49684e+06,3.73981e+06,1.56938e+07,0,0,0,0
76.0366,85.139,1.68727,0.42,0.06,3.15247,3.4872,0,0.590763,6.048,4.08855e+06,2.79793e+06,1.2889e+07,0,0,0,0,99.3022,98.274,2.77484,1,1,1.84705,2.04317,0,1.42701,2.1168,8.49684e+06,3.73981e+06,1.56941e+07,0,0,0,0
74.2864,85.139,1.66433,0.39,0.06,3.38968,3.45603,0,0.590772,6.048,4.08855e+06,2.79793e+06,1.38589e+07,0,0,0,0,99.3022,98.274,3.26492,1,1,2.06048,2.10081,0,1.42703,2.1168,8.49684e+06,3.73981e+06,1.75075e+07,0,0,0,0
72.4945,85.139,1.5833,0.36,0.06,3.38973,3.45608,0,0.635225,6.048,4.08855e+06,2.79793e+06,1.38591e+07,0,0,0,0,99.3022,98.274,3.15915,1,1,2.06051,2.10084,0,1.59192,2.1168,8.49684e+06,3.73981e+06,1.75078e+07,0,0,0,0
70.7508,85.139,1.37547,0.4,0.06,3.12438,3.45614,0,0.635236,6.048,4.08855e+06,2.79793e+06,1.27742e+07,0,0,0,0,99.3022,98.274,3.0339,1,1,1.89921,2.10088,0,1.59195,2.1168,8.49684e+06,3.73981e+06,1.61373e+07,0,0,0,0
68.789,85.139,1.35169,0.37,0.06,3.38984,3.45619,0,0.58551,6.048,4.08855e+06,2.79793e+06,1.38595e+07,0,0,0,0,99.3022,98.274,3.09665,1,1,2.06058,2.10091,0,1.46733,2.1168,8.49684e+06,3.73981e+06,1.75084e+07,0,0,0,0
66.6657,85.139,1.22784,0.35,0.06,3.46901,3.53691,0,0.635256,6.048,4.08855e+06,2.79793e+06,1.41832e+07,0,0,0,0,99.3022,98.274,2.76566,1,1,2.11096,2.15228,0,1.592,2.1168,8.49684e+06,3.73981e+06,1.79365e+07,0,0,0,0
64.7569,85.139,1.19396,0.41,0.06,3.19746,3.53697,0,0.650092,6.048,4.08855e+06,2.79793e+06,1.3073e+07,0,0,0,0,99.3022,98.274,2.70989,1,1,1.94572,2.15232,0,1.63093,2.1168,8.49684e+06,3.73981e+06,1.65324e+07,0,0,0,0
62.5236,85.139,1.06249,0.36,0.06,3.46912,3.53703,0,0.599203,6.048,4.08855e+06,2.79793e+06,1.41837e+07,0,0,0,0,99.2932,98.274,2.56979,1,1,2.11103,2.15235,0,1.50326,2.1168,8.49684e+06,3.73981e+06,1.79371e+07,0,0,0,0
60.2331,85.139,0.973684,0.35,0.06,3.46918,3.53708,0,0.650114,6.048,4.08855e+06,2.79793e+06,1.41839e+07,0,0,0,0,99.2514,98.274,2.41635,1,1,2.11106,2.15239,0,1.63098,2.1168,8.49684e+06,3.73981e+06,1.79374e+07,0,0,0,0
57.7327,85.139,0.893167,0.39,0.06,3.70093,3.77337,0,0.650124,6.048,4.08855e+06,2.79793e+06,1.51314e+07,0,0,0,0,99.1571,98.274,2.43916,1,1,2.1168,2.33774,0.176056,1.63101,2.1168,8.49684e+06,3.73981e+06,1.79861e+07,0,0,0,0
55.3457,85.139,0.964573,0.37,0.06,3.70099,3.77343,0,0.693554,6.048,4.08855e+06,2.79793e+06,1.51317e+07,0,0,0,0,98.9937,98.274,2.63265,1,1,2.1168,2.33777,0.176093,1.63544,2.1168,8.49684e+06,3.73981e+06,1.79861e+07,0,0,0,0
53.1085,85.139,0.875288,0.45,0.06,3.41128,3.77349,0,0.693566,6.048,4.08855e+06,2.79793e+06,1.39472e+07,0,0,0,0,98.8022,98.274,2.52366,1,1,2.11341,2.33781,0,1.63544,2.1168,8.49684e+06,3.73981e+06,1.79573e+07,0,0,0,0
50.9223,85.139,0.879505,0.42,0.06,3.41133,3.77356,0,0.639274,6.048,4.08855e+06,2.79793e+06,1.39474e+07,0,0,0,0,98.725,98.274,2.73368,1,1,2.11344,2.33785,0,1.63282,2.1168,8.49684e+06,3.73981e+06,1.79576e+07,0,0,0,0
48.7787,85.139,0.887858,0.53,0.06,3.41139,3.77362,0,0.639284,6.048,4.08855e+06,2.79793e+06,1.39476e+07,0,0,0,0,98.6614,98.274,3.19738,1,1,2.11347,2.33789,0,1.63284,2.1168,8.49684e+06,3.73981e+06,1.79579e+07,0,0,0,0
46.8655,85.139,0.969228,0.53,0.06,3.30736,3.65854,0,0.639294,6.048,4.08855e+06,2.79793e+06,1.35223e+07,0,0,0,0,98.932,98.274,4.13128,1,1,2.01182,2.22544,0,1.63287,2.1168,8.49684e+06,3.73981e+06,1.70941e+07,0,0,0,0
44.858,85.139,0.839043,0.52,0.06,3.30741,3.6586,0,0.619799,6.048,4.08855e+06,2.79793e+06,1.35225e+07,0,0,0,0,98.6958,98.274,2.33972,1,1,2.01185,2.22547,0,1.55433,2.1168,8.49684e+06,3.73981e+06,1.70944e+07,0,0,0,0
42.9118,85.139,0.869842,0.59,0.06,3.30746,3.65866,0,0.619809,6.048,4.08855e+06,2.79793e+06,1.35227e+07,0,0,0,0,98.4527,98.274,2.27021,1,1,2.01188,2.22551,0,1.55436,2.1168,8.49684e+06,3.73981e+06,1.70947e+07,0,0,0,0
42.4626,85.139,2.53073,0.6,0.06,3.30752,3.65872,0,0.619819,6.048,4.08855e+06,2.79793e+06,1.3523e+07,0,0,0,0,99.1155,98.274,4.1744,1,1,2.01192,2.22555,0,1.55438,2.1168,8.49684e+06,3.73981e+06,1.70949e+07,0,0,0,0
41.8662,85.139,2.28286,0.59,0.06,3.22213,3.56426,0,0.619829,6.048,4.08855e+06,2.79793e+06,1.31738e+07,0,0,0,0,99.192,98.274,3.46473,1,1,1.91938,2.12318,0,1.55441,2.1168,8.49684e+06,3.73981e+06,1.63087e+07,0,0,0,0
41.061,85.139,2.03442,0.62,0.06,3.22218,3.56432,0,0.603827,6.048,4.08855e+06,2.79793e+06,1.31741e+07,0,0,0,0,99.0929,98.274,2.04325,1,1,1.91941,2.12322,0,1.48291,2.1168,8.49684e+06,3.73981e+06,1.63089e+07,0,0,0,0
40.6004,85.139,2.37431,0.61,0.06,3.22223,3.56438,0,0.603837,6.048,4.08855e+06,2.79793e+06,1.31743e+07,0,0,0,0,99.3022,98.274,4.29612,1,1,1.91944,2.12325,0,1.48294,2.1168,8.49684e+06,3.73981e+06,1.63092e+07,0,0,0,0
43.9223,85.139,6.36741,0.64,0.06,3.22229,3.56443,0,0.603847,6.048,4.08855e+06,2.79793e+06,1.31745e+07,0,0,0,0,99.3022,98.274,8.74287,1,1,1.91947,2.12329,0,1.48296,2.1168,8.49684e+06,3.73981e+06,1.63095e+07,0,0,0,0
46.1605,85.139,5.17955,0.65,0.06,2.97966,3.29604,0,0.603856,6.048,4.08855e+06,2.79793e+06,1.21825e+07,0,0,0,0,99.3022,98.274,5.82703,1,1,1.7267,1.91004,0,1.48298,2.1168,8.49684e+06,3.73981e+06,1.46715e+07,0,0,0,0
52.5401,85.139,9.61037,0.61,0.06,2.97971,3.2961,0,0.558388,6.048,4.08855e+06,2.79793e+06,1.21827e+07,0,0,0,0,99.3022,98.274,12.4417,1,1,1.72672,1.91007,0,1.33405,2.1168,8.49684e+06,3.73981e+06,1.46717e+07,0,0,0,0
57.2208,85.139,7.98411,0.55,0.06,2.97976,3.29615,0,0.558397,6.048,4.08855e+06,2.79793e+06,1.21829e+07,0,0,0,0,99.3022,98.274,13.5632,1,1,1.72675,1.9101,0,1.33407,2.1168,8.49684e+06,3.73981e+06,1.46719e+07,0,0,0,0
61.0327,85.139,7.08616,0.53,0.06,2.9798,3.29621,0,0.558406,6.048,4.08855e+06,2.79793e+06,1.21831e+07,0,0,0,0,99.3022,98.274,18.1576,1,1,1.72678,1.91013,0,1.33409,2.1168,8.49684e+06,3.73981e+06,1.46722e+07,0,0,0,0
64.8956,85.139,7.23705,0.57,0.06,2.97985,3.29626,0,0.558415,6.048,4.08855e+06,2.79793e+06,1.21833e+07,0,0,0,0,99.3022,98.274,19.5651,1,1,1.72681,1.91016,0,1.33411,2.1168,8.49684e+06,3.73981e+06,1.46724e+07,0,0,0,0
70.4259,85.139,9.08105,0.53,0.06,2.97985,3.29626,0,0.558424,6.048,4.08855e+06,2.79793e+06,1.21833e+07,0,0,0,0,99.3022,98.274,9.77169,1,1,1.72681,1.91016,0,1.33413,2.1168,8.49684e+06,3.73981e+06,1.46724e+07,0,0,0,0
74.9828,85.139,8.28423,0.51,0.06,3.07324,3.39956,0,0.558424,6.048,4.08855e+06,2.79793e+06,1.25651e+07,0,0,0,2.70711e+08,99.3022,98.274,8.86069,1,1,1.78267,1.97195,0,1.33413,2.1168,8.49684e+06,3.73981e+06,1.5147e+07,0,0,0,0
80.1345,85.139,8.94946,0.45,0.06,3.07327,3.39959,0,0.575926,6.048,4.08855e+06,2.79793e+06,1.25652e+07,0,0,0,2.70711e+08,99.3022,98.274,6.93274,1,1,1.78268,1.97197,0,1.37729,2.1168,8.49684e+06,3.73981e+06,1.51472e+07,0,0,0,0
83.6832,85.139,7.3102,0.4,0.06,3.0733,3.39962,0,0.575931,6.048,4.08855e+06,2.79793e+06,1.25653e+07,0,0,0,2.70711e+08,99.3022,98.274,5.1168,1,1,1.7827,1.97199,0,1.3773,2.1168,8.49684e+06,3.73981e+06,1.51473e+07,0,0,0,0
85.139,85.139,8.28981,0.38,0.06,3.33439,3.39965,0,0.575936,6.048,4.08855e+06,2.79793e+06,1.36328e+07,0,0,0,2.70711e+08,99.3022,98.274,8.46821,1,1,1.93415,1.972,0,1.37731,2.1168,8.49684e+06,3.73981e+06,1.64341e+07,0,0,0,0
85.139,85.139,8.97196,0.31,0.06,3.65965,3.73128,0,0.624864,6.048,4.08855e+06,2.79793e+06,1.49627e+07,0,0,0,2.70711e+08,99.3022,98.274,9.51702,1,1,2.1168,2.20389,0.0447782,1.49432,2.1168,8.49684e+06,3.73981e+06,1.79861e+07,0,0,0,0
85.139,85.139,7.30508,0.33,0.06,3.65968,3.73131,0,0.685818,6.048,4.08855e+06,2.79793e+06,1.49628e+07,0,0,0,2.70711e+08,99.3022,98.274,9.98418,1,1,2.1168,2.20391,0.0447969,1.63544,2.1168,8.49684e+06,3.73981e+06,1.79861e+07,0,0,0,0
85.139,85.139,7.0303,0.35,0.06,3.65971,3.73134,0,0.685824,6.048,4.08855e+06,2.79793e+06,1.49629e+07,0,0,0,2.70711e+08,99.3022,98.274,9.56058,1,1,2.1168,2.20393,0.0448156,1.63544,2.1168,8.49684e+06,3.73981e+06,1.79861e+07,0,0,0,0
85.139,85.139,4.9359,0.37,0.06,3.65974,3.73138,0,0.68583,6.048,4.08855e+06,2.79793e+06,1.4963e+07,0,0,0,2.70711e+08,99.3022,98.274,7.38699,1,1,2.1168,2.20395,0.0448345,1.63544,2.1168,8.49684e+06,3.73981e+06,1.79861e+07,0,0,0,0
85.139,85.139,3.68565,0.4,0.06,2.94565,3.25843,0,0.685836,6.048,4.08855e+06,3.35751e+06,1.20435e+07,0,0,0,2.70711e+08,99.3022,98.274,5.31431,0,1,1.7111,1.89278,0,1.63544,2.1168,8.49684e+06,4.48777e+06,1.45389e+07,0,0,0,0
85.139,85.139,4.02006,0.45,0.06,2.94568,3.25846,0,0.552016,6.048,4.08855e+06,3.35751e+06,1.20436e+07,0,0,0,2.70711e+08,99.3022,98.274,5.08711,0,1,1.71111,1.8928,0,1.32199,2.1168,8.49684e+06,4.48777e+06,1.4539e+07,0,0,0,0
85.139,85.139,3.87954,0.48,0.06,2.94571,3.25849,0,0.55202,6.048,4.08855e+06,3.35751e+06,1.20437e+07,0,0,0,2.70711e+08,99.3022,98.274,5.43383,0,1,1.71113,1.89282,0,1.32201,2.1168,8.49684e+06,4.48777e+06,1.45392e+07,0,0,0,0
85.139,85.139,11.6336,0.5,0.06,2.94573,3.25851,0,0.552025,6.048,4.08855e+06,3.35751e+06,1.20438e+07,0,0,0,2.70711e+08,99.3022,98.274,13.0158,0,1,1.71114,1.89283,0,1.32202,2.1168,8.49684e+06,4.48777e+06,1.45393e+07,0,0,0,0
85.139,85.139,9.43212,0.52,0.06,2.94576,3.25854,0,0.55203,6.048,4.08855e+06,3.35751e+06,1.20439e+07,0,0,0,2.70711e+08,99.3022,98.274,12.2541,0,1,1.71116,1.89285,0,1.32203,2.1168,8.49684e+06,4.48777e+06,1.45394e+07,0,0,0,0
85.139,85.139,5.96426,0.51,0.06,3.05341,3.37763,0,0.552035,6.048,4.08855e+06,2.79793e+06,1.2484e+07,0,0,0,2.70711e+08,99.3022,98.274,8.10458,1,1,1.77999,1.969,0,1.32204,2.1168,8.49684e+06,3.73981e+06,1.51243e+07,0,0,0,0
85.139,85.139,4.77077,0.49,0.06,3.05344,3.37766,0,0.57221,6.048,4.08855e+06,2.79793e+06,1.24842e+07,0,0,0,2.70711e+08,99.3022,98.274,7.13954,1,1,1.78001,1.96901,0,1.37522,2.1168,8.49684e+06,3.73981e+06,1.51245e+07,0,0,0,0
85.139,85.139,4.16368,0.48,0.06,3.05347,3.37769,0,0.572215,6.048,4.08855e+06,2.79793e+06,1.24843e+07,0,0,0,2.70711e+08,99.3022,98.274,6.63099,1,1,1.78002,1.96903,0,1.37523,2.1168,8.49684e+06,3.73981e+06,1.51246e+07,0,0,0,0
85.139,85.139,4.46079,0.47,0.06,3.05349,3.37772,0,0.57222,6.048,4.08855e+06,2.79793e+06,1.24844e+07,0,0,0,2.70711e+08,99.3022,98.274,5.66289,1,1,1.78004,1.96905,0,1.37525,2.1168,8.49684e+06,3.73981e+06,1.51247e+07,0,0,0,0
85.139,85.139,4.00212,0.44,0.06,3.01144,3.3312,0,0.572225,6.048,4.08855e+06,2.79793e+06,1.23124e+07,0,0,0,2.70711e+08,99.3022,98.274,4.86339,1,1,1.75332,1.9395,0,1.37526,2.1168,8.49684e+06,3.73981e+06,1.48977e+07,0,0,0,0
85.139,85.139,3.52929,0.41,0.06,3.01146,3.33122,0,0.564343,6.048,4.08855e+06,2.79793e+06,1.23125e+07,0,0,0,2.70711e+08,99.3022,98.274,4.34351,1,1,1.75334,1.93951,0,1.35462,2.1168,8.49684e+06,3.73981e+06,1.48978e+07,0,0,0,0
84.7585,85.139,3.17386,0.38,0.06,3.2673,3.33125,0,0.564348,6.048,4.08855e+06,2.79793e+06,1.33585e+07,0,0,0,2.70711e+08,99.3022,98.274,3.88827,1,1,1.90229,1.93953,0,1.35463,2.1168,8.49684e+06,3.73981e+06,1.61635e+07,0,0,0,0
84.4156,85.139,2.94031,0.47,0.06,3.01151,3.33128,0,0.612292,6.048,4.08855e+06,2.79793e+06,1.23127e+07,0,0,0,2.70711e+08,99.3022,98.274,3.46894,1,1,1.75337,1.93955,0,1.46971,2.1168,8.49684e+06,3.73981e+06,1.48981e+07,0,0,0,0
83.8099,85.139,2.74039,0.42,0.06,3.1544,3.48934,0,0.564358,6.048,4.08855e+06,2.79793e+06,1.28969e+07,0,0,0,2.70711e+08,99.3022,98.274,2.75461,1,1,1.84818,2.04443,0,1.35465,2.1168,8.49684e+06,3.73981e+06,1.57037e+07,0,0,0,0
82.942,85.139,2.69055,0.38,0.06,3.42238,3.48937,0,0.591134,6.048,4.08855e+06,2.79793e+06,1.39926e+07,0,0,0,2.70711e+08,99.3022,98.274,2.77819,1,1,2.00519,2.04444,0,1.42791,2.1168,8.49684e+06,3.73981e+06,1.70378e+07,0,0,0,0
81.8034,85.139,2.41449,0.37,0.06,3.42241,3.4894,0,0.641354,6.048,4.08855e+06,2.79793e+06,1.39927e+07,0,0,0,2.70711e+08,99.3022,98.274,2.79819,1,1,2.00521,2.04446,0,1.54921,2.1168,8.49684e+06,3.73981e+06,1.7038e+07,0,0,0,0
80.5735,85.139,2.30556,0.32,0.06,3.42244,3.48943,0,0.64136,6.048,4.08855e+06,2.79793e+06,1.39928e+07,0,0,0,2.70711e+08,99.3022,98.274,2.75372,1,1,2.00523,2.04448,0,1.54923,2.1168,8.49684e+06,3.73981e+06,1.70381e+07,0,0,0,0
79.0029,85.139,1.91448,0.31,0.06,3.42247,3.48946,0,0.641365,6.048,4.08855e+06,2.79793e+06,1.39929e+07,0,0,0,2.70711e+08,99.2592,98.274,2.55041,1,1,2.00525,2.0445,0,1.54924,2.1168,8.49684e+06,3.73981e+06,1.70383e+07,0,0,0,0
77.4283,85.139,1.86438,0.37,0.06,3.39185,3.45824,0,0.641371,6.048,4.08855e+06,2.79793e+06,1.38677e+07,0,0,0,2.70711e+08,99.1333,98.274,2.50289,1,1,2.06179,2.10215,0,1.54925,2.1168,8.49684e+06,3.73981e+06,1.75187e+07,0,0,0,0
75.7695,85.139,1.73856,0.35,0.06,3.39188,3.45827,0,0.635632,6.048,4.08855e+06,2.79793e+06,1.38679e+07,0,0,0,2.70711e+08,98.9541,98.274,2.39309,1,1,2.06181,2.10217,0,1.59294,2.1168,8.49684e+06,3.73981e+06,1.75189e+07,0,0,0,0
73.9407,85.139,1.53674,0.31,0.06,3.3919,3.4583,0,0.635637,6.048,4.08855e+06,2.79793e+06,1.3868e+07,0,0,0,2.70711e+08,98.7279,98.274,2.34954,1,1,2.06183,2.10219,0,1.59296,2.1168,8.49684e+06,3.73981e+06,1.7519e+07,0,0,0,0
72.1414,85.139,1.54985,0.29,0.06,3.39193,3.45833,0,0.635643,6.048,4.08855e+06,2.79793e+06,1.38681e+07,0,0,0,2.70711e+08,98.5183,98.274,2.32911,1,1,2.06185,2.10221,0,1.59297,2.1168,8.49684e+06,3.73981e+06,1.75192e+07,0,0,0,0
70.2699,85.139,1.52259,0.33,0.06,3.47112,3.53907,0,0.635648,6.048,4.08855e+06,2.79793e+06,1.41919e+07,0,0,0,2.70711e+08,98.2894,98.274,2.30078,1,1,2.11225,2.15359,0,1.59298,2.1168,8.49684e+06,3.73981e+06,1.79474e+07,0,0,0,0
68.274,85.139,1.37426,0.31,0.06,3.47116,3.5391,0,0.650489,6.048,4.08855e+06,2.79793e+06,1.4192e+07,0,0,0,2.70711e+08,97.9831,98.274,2.21328,1,1,2.11227,2.15361,0,1.63192,2.1168,8.49684e+06,3.73981e+06,1.79476e+07,0,0,0,0
66.1837,85.139,1.25366,0.31,0.06,3.47119,3.53913,0,0.650494,6.048,4.08855e+06,2.79793e+06,1.41921e+07,0,0,0,2.70711e+08,97.6373,98.274,2.04574,1,1,2.11229,2.15363,0,1.63194,2.1168,8.49684e+06,3.73981e+06,1.79478e+07,0,0,0,0
63.9855,85.139,1.10689,0.33,0.06,3.47122,3.53916,0,0.6505,6.048,4.08855e+06,2.79793e+06,1.41922e+07,0,0,0,2.70711e+08,97.3277,98.274,2.03221,1,1,2.1123,2.15365,0,1.63195,2.1168,8.49684e+06,3.73981e+06,1.79479e+07,0,0,0,0
61.578,85.139,1.0432,0.32,0.06,3.70307,3.77556,0,0.650506,6.048,4.08855e+06,2.79793e+06,1.51402e+07,0,0,0,2.70711e+08,96.958,98.274,2.04037,1,1,2.1168,2.33909,0.177384,1.63197,2.1168,8.49684e+06,3.73981e+06,1.79861e+07,0,0,0,0
59.2961,85.139,1.1578,0.36,0.06,3.70311,3.77559,0,0.693956,6.048,4.08855e+06,2.79793e+06,1.51403e+07,0,0,0,2.70711e+08,96.5999,98.274,2.50679,1,1,2.1168,2.33911,0.177404,1.63544,2.1168,8.49684e+06,3.73981e+06,1.79861e+07,0,0,0,0
56.835,85.139,0.945437,0.34,0.06,3.70314,3.77562,0,0.693962,6.048,4.08855e+06,2.79793e+06,1.51405e+07,0,0,0,2.70711e+08,96.1663,98.274,1.78058,1,1,2.1168,2.33913,0.177424,1.63544,2.1168,8.49684e+06,3.73981e+06,1.79861e+07,0,0,0,0
54.621,85.139,1.14886,0.34,0.06,3.70317,3.77566,0,0.693968,6.048,4.08855e+06,2.79793e+06,1.51406e+07,0,0,0,2.70711e+08,96.1195,98.274,3.22189,1,1,2.1168,2.33915,0.177444,1.63544,2.1168,8.49684e+06,3.73981e+06,1.79861e+07,0,0,0,0
53.0407,85.139,1.60817,0.42,0.06,3.41326,3.77569,0,0.693974,6.048,4.08855e+06,2.79793e+06,1.39553e+07,0,0,0,2.70711e+08,95.8334,98.274,2.4943,1,1,2.11463,2.33917,0,1.63544,2.1168,8.49684e+06,3.73981e+06,1.79677e+07,0,0,0,0
51.6349,85.139,1.67519,0.42,0.06,3.30915,3.66052,0,0.639645,6.048,4.08855e+06,2.79793e+06,1.35296e+07,0,0,0,2.70711e+08,95.9619,98.274,3.93223,1,1,2.01291,2.22664,0,1.63377,2.1168,8.49684e+06,3.73981e+06,1.71034e+07,0,0,0,0
50.0597,85.139,1.48424,0.45,0.06,3.30918,3.66055,0,0.620134,6.048,4.08855e+06,2.79793e+06,1.35297e+07,0,0,0,2.70711e+08,95.7089,98.274,2.76633,1,1,2.01293,2.22666,0,1.55517,2.1168,8.49684e+06,3.73981e+06,1.71035e+07,0,0,0,0
48.2575,85.139,1.21994,0.52,0.06,3.30921,3.66058,0,0.62014,6.048,4.08855e+06,2.79793e+06,1.35299e+07,0,0,0,2.70711e+08,95.2659,98.274,2.2249,1,1,2.01294,2.22668,0,1.55519,2.1168,8.49684e+06,3.73981e+06,1.71037e+07,0,0,0,0
46.576,85.139,1.33271,0.52,0.06,3.30923,3.66062,0,0.620145,6.048,4.08855e+06,2.79793e+06,1.353e+07,0,0,0,2.70711e+08,94.3514,98.274,1.8694,1,1,2.01296,2.2267,0,1.5552,2.1168,8.49684e+06,3.73981e+06,1.71038e+07,0,0,0,0
44.5194,85.139,0.841888,0.53,0.06,3.22378,3.56608,0,0.620151,6.048,4.08855e+06,2.79793e+06,1.31806e+07,0,0,0,2.70711e+08,93.9219,98.274,1.16213,1,1,1.92036,2.12427,0,1.55521,2.1168,8.49684e+06,3.73981e+06,1.6317e+07,0,0,0,0
43.1949,85.139,1.57932,0.59,0.06,3.2238,3.56611,0,0.604136,6.048,4.08855e+06,2.79793e+06,1.31807e+07,0,0,0,2.70711e+08,93.8818,98.274,3.29636,1,1,1.92038,2.12429,0,1.48367,2.1168,8.49684e+06,3.73981e+06,1.63171e+07,0,0,0,0
43.1295,85.139,2.90774,0.62,0.06,3.22383,3.56615,0,0.604141,6.048,4.08855e+06,2.79793e+06,1.31808e+07,0,0,0,2.70711e+08,94.4335,98.274,3.98741,1,1,1.92039,2.12431,0,1.48368,2.1168,8.49684e+06,3.73981e+06,1.63173e+07,0,0,0,0
41.941,85.139,1.72935,0.63,0.06,3.22386,3.56618,0,0.604146,6.048,4.08855e+06,2.79793e+06,1.31809e+07,0,0,0,2.70711e+08,94.4799,98.274,2.50509,1,1,1.92041,2.12432,0,1.4837,2.1168,8.49684e+06,3.73981e+06,1.63174e+07,0,0,0,0
40.5668,85.139,1.36677,0.63,0.06,2.98109,3.29763,0,0.604152,6.048,4.08855e+06,2.79793e+06,1.21883e+07,0,0,0,2.70711e+08,94.6044,98.274,2.98115,1,1,1.72753,1.91096,0,1.48371,2.1168,8.49684e+06,3.73981e+06,1.46785e+07,0,0,0,0
38.9794,85.139,1.08441,0.67,0.06,2.98112,3.29766,0,0.558657,6.048,4.08855e+06,2.79793e+06,1.21885e+07,0,0,0,2.70711e+08,94.6396,98.274,2.5621,1,1,1.72754,1.91098,0,1.33469,2.1168,8.49684e+06,3.73981e+06,1.46787e+07,0,0,0,0
37.3057,85.139,0.954558,0.75,0.06,2.98114,3.29769,0,0.558662,6.048,4.08855e+06,2.79793e+06,1.21886e+07,0,0,0,2.70711e+08,94.695,98.274,3.01121,1,1,1.72756,1.91099,0,1.3347,2.1168,8.49684e+06,3.73981e+06,1.46788e+07,0,0,0,0
35.8861,85.139,1.20435,0.76,0.06,2.98117,3.29772,0,0.558667,6.048,4.08855e+06,2.79793e+06,1.21887e+07,0,0,0,2.70711e+08,94.7489,98.274,2.98198,1,1,1.72757,1.91101,0,1.33471,2.1168,8.49684e+06,3.73981e+06,1.46789e+07,0,0,0,0
36.4599,85.139,3.29024,0.78,0.06,2.9812,3.29775,0,0.558671,6.048,4.08855e+06,2.79793e+06,1.21888e+07,0,0,0,2.70711e+08,96.0253,98.274,5.11537,1,1,1.72759,1.91103,0,1.33472,2.1168,8.49684e+06,3.73981e+06,1.4679e+07,0,0,0,0
38.1883,85.139,4.50009,0.8,0.06,3.07461,3.40107,0,0.558676,6.048,4.08855e+06,2.79793e+06,1.25707e+07,0,0,0,2.70711e+08,97.9024,98.274,6.92359,1,1,1.78346,1.97283,0,1.33473,2.1168,8.49684e+06,3.73981e+06,1.51537e+07,0,0,0,0
41.4809,85.139,6.28874,0.8,0.06,3.07461,3.40108,0,0.576181,6.048,4.08855e+06,2.79793e+06,1.25707e+07,0,0,0,2.70711e+08,99.3022,98.274,6.47753,1,1,1.78346,1.97283,0,1.3779,2.1168,8.49684e+06,3.73981e+06,1.51538e+07,0,0,0,0
45.897,85.139,7.8168,0.78,0.06,3.07461,3.40108,0,0.576182,6.048,4.08855e+06,2.79793e+06,1.25707e+07,0,0,0,2.70711e+08,99.3022,98.274,8.57575,1,1,1.78346,1.97283,0,1.3779,2.1168,8.49684e+06,3.73981e+06,1.51538e+07,0,0,0,0
55.5569,85.139,13.2192,0.76,0.06,3.07462,3.40108,0,0.576182,6.048,4.08855e+06,2.79793e+06,1.25707e+07,0,0,0,2.70711e+08,99.3022,98.274,18.0845,1,1,1.78346,1.97283,0,1.3779,2.1168,8.49684e+06,3.73981e+06,1.51538e+07,0,0,0,0
59.9038,85.139,8.19771,0.77,0.06,3.37451,3.73282,0,0.576183,6.048,4.08855e+06,2.79793e+06,1.37969e+07,0,0,0,2.70711e+08,99.3022,98.274,10.353,1,1,1.99316,2.2048,0,1.3779,2.1168,8.49684e+06,3.73981e+06,1.69356e+07,0,0,0,0
61.5844,85.139,5.31268,0.76,0.06,3.37452,3.73283,0,0.632383,6.048,4.08855e+06,2.79793e+06,1.37969e+07,0,0,0,2.70711e+08,99.3022,98.274,6.36233,1,1,1.99316,2.2048,0,1.53992,2.1168,8.49684e+06,3.73981e+06,1.69356e+07,0,0,0,0
62.3365,85.139,4.30661,0.78,0.06,3.37452,3.73283,0,0.632384,6.048,4.08855e+06,2.79793e+06,1.37969e+07,0,0,0,2.70711e+08,99.3022,98.274,4.64236,1,1,1.99317,2.2048,0,1.53992,2.1168,8.49684e+06,3.73981e+06,1.69356e+07,0,0,0,0
63.2288,85.139,4.47197,0.79,0.06,3.37452,3.73284,0,0.632385,6.048,4.08855e+06,2.79793e+06,1.37969e+07,0,0,0,2.70711e+08,99.3022,98.274,5.90488,1,1,1.99317,2.20481,0,1.53992,2.1168,8.49684e+06,3.73981e+06,1.69356e+07,0,0,0,0
66.8597,85.139,7.07614,0.78,0.06,2.94678,3.25968,0,0.632386,6.048,4.08855e+06,3.35751e+06,1.20481e+07,0,0,0,2.70711e+08,99.3022,98.274,8.93629,0,1,1.71175,1.89351,0,1.53992,2.1168,8.49684e+06,4.48777e+06,1.45445e+07,0,0,0,0
68.4634,85.139,5.09766,0.8,0.06,2.94679,3.25968,0,0.552227,6.048,4.08855e+06,3.35751e+06,1.20481e+07,0,0,0,2.70711e+08,99.3022,98.274,7.12069,0,1,1.71176,1.89351,0,1.3225,2.1168,8.49684e+06,4.48777e+06,1.45445e+07,0,0,0,0
69.609,85.139,4.54764,0.76,0.06,2.94679,3.25969,0,0.552228,6.048,4.08855e+06,3.35751e+06,1.20481e+07,0,0,0,2.70711e+08,99.3022,98.274,5.25437,0,1,1.71176,1.89351,0,1.3225,2.1168,8.49684e+06,4.48777e+06,1.45445e+07,0,0,0,0
71.0056,85.139,4.80046,0.76,0.06,2.94679,3.25969,0,0.552229,6.048,4.08855e+06,3.35751e+06,1.20481e+07,0,0,0,2.70711e+08,99.3022,98.274,6.7456,0,1,1.71176,1.89352,0,1.3225,2.1168,8.49684e+06,4.48777e+06,1.45445e+07,0,0,0,0
72.4483,85.139,4.93643,0.82,0.06,2.9468,3.25969,0,0.552229,6.048,4.08855e+06,3.35751e+06,1.20481e+07,0,0,0,2.70711e+08,99.3022,98.274,9.4456,0,1,1.71176,1.89352,0,1.32251,2.1168,8.49684e+06,4.48777e+06,1.45446e+07,0,0,0,0
72.5354,85.139,3.62041,0.82,0.06,3.05447,3.3788,0,0.55223,6.048,4.08855e+06,2.79793e+06,1.24884e+07,0,0,0,2.70711e+08,99.3022,98.274,4.54364,1,1,1.78061,1.96968,0,1.32251,2.1168,8.49684e+06,3.73981e+06,1.51296e+07,0,0,0,0
74.0848,85.139,5.22392,0.82,0.06,3.05447,3.3788,0,0.572408,6.048,4.08855e+06,2.79793e+06,1.24884e+07,0,0,0,2.70711e+08,99.3022,98.274,7.78708,1,1,1.78061,1.96968,0,1.3757,2.1168,8.49684e+06,3.73981e+06,1.51296e+07,0,0,0,0
74.264,85.139,3.88918,0.39,0.06,3.31394,3.37881,0,0.572409,6.048,4.08855e+06,2.79793e+06,1.35492e+07,0,0,0,2.70711e+08,99.3022,98.274,4.64784,1,1,1.93187,1.96968,0,1.3757,2.1168,8.49684e+06,3.73981e+06,1.64148e+07,0,0,0,0
74.1591,85.139,3.52251,0.39,0.06,3.31395,3.37881,0,0.621033,6.048,4.08855e+06,2.79793e+06,1.35492e+07,0,0,0,2.70711e+08,99.3022,98.274,4.18233,1,1,1.93187,1.96968,0,1.49256,2.1168,8.49684e+06,3.73981e+06,1.64148e+07,0,0,0,0
73.8608,85.139,3.24587,0.38,0.06,3.26828,3.33225,0,0.621034,6.048,4.08855e+06,2.79793e+06,1.33625e+07,0,0,0,2.70711e+08,99.3022,98.274,3.86155,1,1,1.90286,1.94011,0,1.49256,2.1168,8.49684e+06,3.73981e+06,1.61683e+07,0,0,0,0
73.2628,85.139,2.90896,0.38,0.06,3.26828,3.33225,0,0.612475,6.048,4.08855e+06,2.79793e+06,1.33625e+07,0,0,0,2.70711e+08,99.3022,98.274,3.41965,1,1,1.90286,1.94011,0,1.47015,2.1168,8.49684e+06,3.73981e+06,1.61683e+07,0,0,0,0
72.6979,85.139,2.69308,0.7,0.06,3.01239,3.33226,0,0.612476,6.048,4.08855e+06,2.79793e+06,1.23163e+07,0,0,0,2.70711e+08,99.3022,98.274,3.22228,1,1,1.75388,1.94011,0,1.47015,2.1168,8.49684e+06,3.73981e+06,1.49025e+07,0,0,0,0
72.1052,85.139,2.6372,0.42,0.06,3.0124,3.33226,0,0.564523,6.048,4.08855e+06,2.79793e+06,1.23163e+07,0,0,0,2.70711e+08,99.3022,98.274,3.60503,1,1,1.75388,1.94012,0,1.35505,2.1168,8.49684e+06,3.73981e+06,1.49025e+07,0,0,0,0
71.3982,85.139,2.63028,0.4,0.06,3.1553,3.49034,0,0.564523,6.048,4.08855e+06,2.79793e+06,1.29006e+07,0,0,0,2.70711e+08,99.3022,98.274,3.39229,1,1,1.84871,2.04501,0,1.35505,2.1168,8.49684e+06,3.73981e+06,1.57082e+07,0,0,0,0
70.3626,85.139,2.46412,0.33,0.06,3.42333,3.49034,0,0.591303,6.048,4.08855e+06,2.79793e+06,1.39965e+07,0,0,0,2.70711e+08,99.2957,98.274,3.12935,1,1,2.00575,2.04501,0,1.42831,2.1168,8.49684e+06,3.73981e+06,1.70426e+07,0,0,0,0
69.1841,85.139,2.29147,0.06,0.06,3.42334,3.49034,0,0.641533,6.048,4.08855e+06,2.79793e+06,1.39965e+07,0,0,0,2.70711e+08,99.2389,98.274,2.94219,1,1,2.00576,2.04502,0,1.54964,2.1168,8.49684e+06,3.73981e+06,1.70426e+07,0,0,0,0
67.5795,85.139,2.17199,0,0.06,3.8467,3.49035,0,0.641533,6.048,4.08855e+06,2.79793e+06,1.57274e+07,0,0,0,2.70711e+08,99.3022,98.274,3.098,1,1,1.5824,2.04502,0,1.54965,2.1168,8.49684e+06,3.73981e+06,1.34454e+07,0,0,0,0
66.105,85.139,1.89535,0.28,0.06,3.42334,3.49035,0,0.720872,6.048,4.08855e+06,2.79793e+06,1.39965e+07,0,0,0,2.70711e+08,99.2229,98.274,2.69396,1,1,2.00576,2.04502,0,1.22256,2.1168,8.49684e+06,3.73981e+06,1.70426e+07,0,0,0,0
64.2365,85.139,1.78797,0,0.06,3.81605,3.4591,0,0.641535,6.048,4.08855e+06,2.79793e+06,1.56021e+07,0,0,0,2.70711e+08,99.3022,98.274,2.59225,1,1,1.63895,2.10267,0,1.54965,2.1168,8.49684e+06,3.73981e+06,1.39259e+07,0,0,0,0
62.2372,85.139,1.59983,0,0.06,3.81605,3.4591,0,0.715127,6.048,4.08855e+06,2.79793e+06,1.56021e+07,0,0,0,2.70711e+08,99.3022,98.274,2.39771,1,1,1.63895,2.10268,0,1.26625,2.1168,8.49684e+06,3.73981e+06,1.39259e+07,0,0,0,0
60.1711,85.139,1.4979,0,0.06,3.81606,3.4591,0,0.715128,6.048,4.08855e+06,2.79793e+06,1.56021e+07,0,0,0,2.70711e+08,99.3022,98.274,2.43298,1,1,1.63895,2.10268,0,1.26625,2.1168,8.49684e+06,3.73981e+06,1.39259e+07,0,0,0,0
58.0268,85.139,1.37778,0,0.06,3.81606,3.45911,0,0.715129,6.048,4.08855e+06,2.79793e+06,1.56022e+07,0,0,0,2.70711e+08,99.1347,98.274,2.21085,1,1,1.63895,2.10268,0,1.26625,2.1168,8.49684e+06,3.73981e+06,1.39259e+07,0,0,0,0
55.7119,85.139,1.21829,0,0.06,3.89524,3.53984,0,0.71513,6.048,4.08855e+06,2.79793e+06,1.59259e+07,0,0,0,2.70711e+08,98.8915,98.274,1.84665,1,1,1.68935,2.15406,0,1.26626,2.1168,8.49684e+06,3.73981e+06,1.43541e+07,0,0,0,0
53.3374,85.139,1.11656,0,0.06,3.89525,3.53984,0,0.729968,6.048,4.08855e+06,2.79793e+06,1.59259e+07,0,0,0,2.70711e+08,98.5419,98.274,1.79377,1,1,1.68935,2.15407,0,1.30519,2.1168,8.49684e+06,3.73981e+06,1.43542e+07,0,0,0,0
50.906,85.139,1.01377,0,0.06,3.89525,3.53985,0,0.729969,6.048,4.08855e+06,2.79793e+06,1.59259e+07,0,0,0,2.70711e+08,98.1851,98.274,1.64502,1,1,1.68935,2.15407,0,1.30519,2.1168,8.49684e+06,3.73981e+06,1.43542e+07,0,0,0,0
48.4133,85.139,0.892172,0,0.06,3.89525,3.53985,0,0.72997,6.048,4.08855e+06,2.79793e+06,1.59259e+07,0,0,0,2.70711e+08,97.7796,98.274,1.62644,1,1,1.68936,2.15407,0,1.3052,2.1168,8.49684e+06,3.73981e+06,1.43542e+07,0,0,0,0
45.6724,85.139,0.750075,0,0.06,4.12713,3.77627,0,0.729971,6.048,4.08855e+06,2.79793e+06,1.6874e+07,0,0,0,2.70711e+08,97.1392,98.274,1.4892,1,1,1.87126,2.33953,0,1.3052,2.1168,8.49684e+06,3.73981e+06,1.58998e+07,0,0,0,0
43.043,85.139,0.790773,0,0.06,4.12714,3.77627,0,0.773425,6.048,4.08855e+06,2.79793e+06,1.6874e+07,0,0,0,2.70711e+08,96.7069,98.274,1.47774,1,1,1.87126,2.33953,0,1.44573,2.1168,8.49684e+06,3.73981e+06,1.58998e+07,0,0,0,0
40.8471,85.139,1.18556,0,0.06,4.12714,3.77628,0,0.773425,6.048,4.08855e+06,2.79793e+06,1.6874e+07,0,0,0,2.70711e+08,96.3479,98.274,1.74935,1,1,1.87126,2.33954,0,1.44573,2.1168,8.49684e+06,3.73981e+06,1.58998e+07,0,0,0,0
39.1589,85.139,1.66087,0,0.06,4.12715,3.77628,0,0.773426,6.048,4.08855e+06,2.79793e+06,1.6874e+07,0,0,0,2.70711e+08,96.1581,98.274,1.9521,1,1,1.87126,2.33954,0,1.44574,2.1168,8.49684e+06,3.73981e+06,1.58998e+07,0,0,0,0
37.2009,85.139,1.28616,0,0.06,4.12715,3.77629,0,0.773427,6.048,4.08855e+06,2.79793e+06,1.68741e+07,0,0,0,2.70711e+08,95.9075,98.274,1.94164,1,1,1.87127,2.33954,0,1.44574,2.1168,8.49684e+06,3.73981e+06,1.58999e+07,0,0,0,0
35.2556,85.139,1.15747,0,0.06,4.01415,3.66107,0,0.773428,6.048,4.08855e+06,2.79793e+06,1.6412e+07,0,0,0,2.70711e+08,95.2995,98.274,2.05021,1,1,1.76086,2.22698,0,1.44574,2.1168,8.49684e+06,3.73981e+06,1.49618e+07,0,0,0,0
32.9536,85.139,0.696449,0,0.06,4.01415,3.66108,0,0.752251,6.048,4.08855e+06,2.79793e+06,1.64121e+07,0,0,0,2.70711e+08,94.7943,98.274,1.26048,1,1,1.76087,2.22698,0,1.36044,2.1168,8.49684e+06,3.73981e+06,1.49618e+07,0,0,0,0
30.9716,85.139,0.941416,0,0.06,4.01416,3.66108,0,0.752252,6.048,4.08855e+06,2.79793e+06,1.64121e+07,0,0,0,2.70711e+08,94.6929,98.274,1.547,1,1,1.76087,2.22698,0,1.36045,2.1168,8.49684e+06,3.73981e+06,1.49618e+07,0,0,0,0
31.0481,85.139,2.99414,0,0.06,4.01416,3.66108,0,0.752253,6.048,4.08855e+06,2.79793e+06,1.64121e+07,0,0,0,2.70711e+08,94.9409,98.274,4.0703,1,1,1.76087,2.22699,0,1.36045,2.1168,8.49684e+06,3.73981e+06,1.49619e+07,0,0,0,0
32.0383,85.139,3.92364,0,0.06,3.9214,3.56651,0,0.752253,6.048,4.08855e+06,2.79793e+06,1.60329e+07,0,0,0,2.70711e+08,95.3414,98.274,4.13949,1,1,1.66038,2.12453,0,1.36045,2.1168,8.49684e+06,3.73981e+06,1.4108e+07,0,0,0,0
33.2176,85.139,4.19862,0,0.06,3.92141,3.56652,0,0.734871,6.048,4.08855e+06,2.79793e+06,1.60329e+07,0,0,0,2.70711e+08,95.7741,98.274,4.28333,1,1,1.66038,2.12453,0,1.28281,2.1168,8.49684e+06,3.73981e+06,1.4108e+07,0,0,0,0
36.1895,85.139,6.16997,0,0.06,3.92141,3.56652,0,0.734872,6.048,4.08855e+06,2.79793e+06,1.60329e+07,0,0,0,2.70711e+08,97.2379,98.274,5.87132,1,1,1.66038,2.12453,0,1.28281,2.1168,8.49684e+06,3.73981e+06,1.4108e+07,0,0,0,0
41.5151,85.139,8.62332,0,0.06,3.92142,3.56653,0,0.734873,6.048,4.08855e+06,2.79793e+06,1.60329e+07,0,0,0,2.70711e+08,98.0199,98.274,5.98999,1,1,1.66039,2.12453,0,1.28281,2.1168,8.49684e+06,3.73981e+06,1.4108e+07,0,0,0,0
42.8099,85.139,4.62163,0,0.06,3.65798,3.29793,0,0.734874,6.048,4.08855e+06,2.79793e+06,1.49558e+07,0,0,0,2.70711e+08,98.6783,98.274,4.20588,1,1,1.45108,1.91113,0,1.28281,2.1168,8.49684e+06,3.73981e+06,1.23296e+07,0,0,0,0
48.7349,85.139,9.46027,0,0.06,3.65798,3.29793,0,0.685505,6.048,4.08855e+06,2.79793e+06,1.49558e+07,0,0,0,2.70711e+08,99.3022,98.274,9.56867,1,1,1.45108,1.91113,0,1.12111,2.1168,8.49684e+06,3.73981e+06,1.23296e+07,0,0,0,0
53.3726,85.139,8.14594,0,0.06,3.65798,3.29794,0,0.685506,6.048,4.08855e+06,2.79793e+06,1.49559e+07,0,0,0,2.70711e+08,99.3022,98.274,4.31377,1,1,1.45109,1.91114,0,1.12111,2.1168,8.49684e+06,3.73981e+06,1.23297e+07,0,0,0,0
57.8466,85.139,8.01694,0,0.06,3.65799,3.29794,0,0.685506,6.048,4.08855e+06,2.79793e+06,1.49559e+07,0,0,0,2.70711e+08,99.3022,98.274,5.74855,1,1,1.45109,1.91114,0,1.12111,2.1168,8.49684e+06,3.73981e+06,1.23297e+07,0,0,0,0
61.881,85.139,7.87833,0,0.06,3.65799,3.29795,0,0.685507,6.048,4.08855e+06,2.79793e+06,1.49559e+07,0,0,0,2.70711e+08,99.3022,98.274,7.02279,1,1,1.45109,1.91114,0,1.12111,2.1168,8.49684e+06,3.73981e+06,1.23297e+07,0,0,0,0
64.2312,85.139,6.30153,0,0.06,3.75932,3.40125,0,0.685508,6.048,4.08855e+06,2.79793e+06,1.53702e+07,0,0,0,2.70711e+08,99.3022,98.274,6.88945,1,1,1.5117,1.97293,0,1.12111,2.1168,8.49684e+06,3.73981e+06,1.28446e+07,0,0,0,0
65.8464,85.139,5.53058,0,0.06,3.7593,3.40123,0,0.704496,6.048,4.08855e+06,2.79793e+06,1.53701e+07,0,0,0,2.70711e+08,99.3022,98.274,5.1931,1,1,1.51168,1.97292,0,1.16794,2.1168,8.49684e+06,3.73981e+06,1.28445e+07,0,0,0,0
68.1132,85.139,6.34666,0,0.06,3.75927,3.40121,0,0.704492,6.048,4.08855e+06,2.79793e+06,1.537e+07,0,0,0,2.70711e+08,99.3022,98.274,5.5785,1,1,1.51167,1.97291,0,1.16793,2.1168,8.49684e+06,3.73981e+06,1.28444e+07,0,0,0,0
68.5284,85.139,4.34369,0,0.06,3.75925,3.40119,0,0.704488,6.048,4.08855e+06,2.79793e+06,1.53699e+07,0,0,0,2.70711e+08,99.3022,98.274,4.80674,1,1,1.51166,1.97289,0,1.16792,2.1168,8.49684e+06,3.73981e+06,1.28443e+07,0,0,0,0
66.8561,85.139,2.4238,0,0.06,4.08461,3.73291,0,0.704484,6.048,4.08855e+06,2.79793e+06,1.67001e+07,0,0,0,2.70711e+08,99.3022,98.274,4.48567,1,1,1.73916,2.20485,0,1.16791,2.1168,8.49684e+06,3.73981e+06,1.47774e+07,0,0,0,0
65.9411,85.139,3.22642,0,0.06,4.08458,3.73289,0,0.765455,6.048,4.08855e+06,2.79793e+06,1.67e+07,0,0,0,2.70711e+08,99.3022,98.274,4.76347,1,1,1.73915,2.20484,0,1.34368,2.1168,8.49684e+06,3.73981e+06,1.47773e+07,0,0,0,0
64.6174,85.139,2.76582,0,0.06,4.08456,3.73286,0,0.765451,6.048,4.08855e+06,2.79793e+06,1.66999e+07,0,0,0,2.70711e+08,99.3022,98.274,4.72161,1,1,1.73913,2.20482,0,1.34367,2.1168,8.49684e+06,3.73981e+06,1.47772e+07,0,0,0,0
64.1254,85.139,3.62767,0,0.06,4.08454,3.73284,0,0.765446,6.048,4.08855e+06,2.79793e+06,1.66998e+07,0,0,0,2.70711e+08,99.3022,98.274,5.52957,1,1,1.73912,2.20481,0,1.34366,2.1168,8.49684e+06,3.73981e+06,1.4777e+07,0,0,0,0
64.8772,85.139,4.12986,0,0.06,3.25966,3.25966,0,0.765442,6.048,4.08855e+06,2.70226e+06,1.33273e+07,0,0,0,2.70711e+08,99.2485,98.274,3.30832,0,1,1.8935,1.8935,0,1.34365,2.1168,8.49684e+06,3.61194e+06,1.60888e+07,0,0,0,0
67.1977,85.139,5.84647,0,0.06,3.25964,3.25964,0,0.61086,6.048,4.08855e+06,2.70226e+06,1.33272e+07,0,0,0,2.70711e+08,99.3022,98.274,4.32791,0,1,1.89349,1.89349,0,1.46292,2.1168,8.49684e+06,3.61194e+06,1.60886e+07,0,0,0,0
67.5969,85.139,3.89906,0,0.06,3.25962,3.25962,0,0.610856,6.048,4.08855e+06,2.70226e+06,1.33271e+07,0,0,0,2.70711e+08,99.3022,98.274,3.32133,0,1,1.89347,1.89347,0,1.46291,2.1168,8.49684e+06,3.61194e+06,1.60885e+07,0,0,0,0
68.7994,85.139,4.81886,0,0.06,3.2596,3.2596,0,0.610852,6.048,4.08855e+06,2.70226e+06,1.3327e+07,0,0,0,2.70711e+08,99.3022,98.274,5.7739,0,1,1.89346,1.89346,0,1.4629,2.1168,8.49684e+06,3.61194e+06,1.60884e+07,0,0,0,0
69.2474,85.139,3.99187,0,0.06,3.25957,3.25957,0,0.610848,6.048,4.08855e+06,2.70226e+06,1.33269e+07,0,0,0,2.70711e+08,99.3022,98.274,4.90645,0,1,1.89345,1.89345,0,1.46289,2.1168,8.49684e+06,3.61194e+06,1.60883e+07,0,0,0,0
68.2973,85.139,2.89758,0,0.06,3.73715,3.37865,0,0.610844,6.048,4.08855e+06,2.79793e+06,1.52795e+07,0,0,0,2.70711e+08,99.3022,98.274,3.92996,1,1,1.50842,1.96959,0,1.46288,2.1168,8.49684e+06,3.73981e+06,1.28168e+07,0,0,0,0
66.9124,85.139,2.42964,0,0.06,3.73713,3.37863,0,0.700342,6.048,4.08855e+06,2.79793e+06,1.52794e+07,0,0,0,2.70711e+08,99.3022,98.274,3.45434,1,1,1.50841,1.96958,0,1.1654,2.1168,8.49684e+06,3.73981e+06,1.28167e+07,0,0,0,0
65.7264,85.139,2.56184,0,0.06,3.73711,3.37861,0,0.700338,6.048,4.08855e+06,2.79793e+06,1.52793e+07,0,0,0,2.70711e+08,99.3022,98.274,3.34168,1,1,1.50839,1.96957,0,1.16539,2.1168,8.49684e+06,3.73981e+06,1.28166e+07,0,0,0,0
64.3543,85.139,2.35379,0,0.06,3.73709,3.37859,0,0.700334,6.048,4.08855e+06,2.79793e+06,1.52793e+07,0,0,0,2.70711e+08,98.8509,98.274,3.02816,1,1,1.50838,1.96955,0,1.16539,2.1168,8.49684e+06,3.73981e+06,1.28165e+07,0,0,0,0
62.6675,85.139,1.95752,0,0.06,3.69139,3.332,0,0.70033,6.048,4.08855e+06,2.79793e+06,1.50924e+07,0,0,0,2.70711e+08,98.767,98.274,2.24817,1,1,1.47936,1.93996,0,1.16538,2.1168,8.49684e+06,3.73981e+06,1.25699e+07,0,0,0,0
60.7941,85.139,1.73211,0,0.06,3.69137,3.33198,0,0.691767,6.048,4.08855e+06,2.79793e+06,1.50924e+07,0,0,0,2.70711e+08,98.7932,98.274,2.0197,1,1,1.47935,1.93995,0,1.14295,2.1168,8.49684e+06,3.73981e+06,1.25698e+07,0,0,0,0
58.8848,85.139,1.60337,0,0.06,3.69135,3.33196,0,0.691763,6.048,4.08855e+06,2.79793e+06,1.50923e+07,0,0,0,2.70711e+08,98.8331,98.274,1.86168,1,1,1.47934,1.93994,0,1.14295,2.1168,8.49684e+06,3.73981e+06,1.25697e+07,0,0,0,0
56.9692,85.139,1.56602,0,0.06,3.69133,3.33194,0,0.691759,6.048,4.08855e+06,2.79793e+06,1.50922e+07,0,0,0,2.70711e+08,98.9763,98.274,2.12183,1,1,1.47932,1.93993,0,1.14294,2.1168,8.49684e+06,3.73981e+06,1.25696e+07,0,0,0,0
55.0477,85.139,1.66063,0,0.06,3.84633,3.48997,0,0.691755,6.048,4.08855e+06,2.79793e+06,1.57259e+07,0,0,0,2.70711e+08,98.9037,98.274,2.24764,1,1,1.58218,2.0448,0,1.14293,2.1168,8.49684e+06,3.73981e+06,1.34435e+07,0,0,0,0
53.0292,85.139,1.51906,0,0.06,3.84631,3.48995,0,0.720803,6.048,4.08855e+06,2.79793e+06,1.57258e+07,0,0,0,2.70711e+08,98.9697,98.274,2.04862,1,1,1.58217,2.04478,0,1.22239,2.1168,8.49684e+06,3.73981e+06,1.34434e+07,0,0,0,0
50.9789,85.139,1.40669,0,0.06,3.84629,3.48993,0,0.720799,6.048,4.08855e+06,2.79793e+06,1.57257e+07,0,0,0,2.70711e+08,98.9005,98.274,1.96913,1,1,1.58216,2.04477,0,1.22238,2.1168,8.49684e+06,3.73981e+06,1.34433e+07,0,0,0,0
48.8961,85.139,1.32818,0,0.06,3.84627,3.48991,0,0.720794,6.048,4.08855e+06,2.79793e+06,1.57257e+07,0,0,0,2.70711e+08,99.2367,98.274,1.86638,1,1,1.58214,2.04476,0,1.22237,2.1168,8.49684e+06,3.73981e+06,1.34432e+07,0,0,0,0
46.9656,85.139,1.44637,0,0.06,3.84625,3.48988,0,0.72079,6.048,4.08855e+06,2.79793e+06,1.57256e+07,0,0,0,2.70711e+08,99.3022,98.274,2.4248,1,1,1.58213,2.04475,0,1.22236,2.1168,8.49684e+06,3.73981e+06,1.34431e+07,0,0,0,0
45.0599,85.139,1.40726,0,0.06,3.81557,3.45861,0,0.720786,6.048,4.08855e+06,2.79793e+06,1.56001e+07,0,0,0,2.70711e+08,99.3022,98.274,2.63915,1,1,1.63865,2.10238,0,1.22235,2.1168,8.49684e+06,3.73981e+06,1.39234e+07,0,0,0,0
43.0758,85.139,1.28116,0,0.06,3.81555,3.45858,0,0.715037,6.048,4.08855e+06,2.79793e+06,1.56001e+07,0,0,0,2.70711e+08,99.3022,98.274,2.51141,1,1,1.63864,2.10236,0,1.26602,2.1168,8.49684e+06,3.73981e+06,1.39233e+07,0,0,0,0
41.04,85.139,1.16404,0,0.06,3.81552,3.45856,0,0.715033,6.048,4.08855e+06,2.79793e+06,1.56e+07,0,0,0,2.70711e+08,99.3007,98.274,2.3217,1,1,1.63863,2.10235,0,1.26601,2.1168,8.49684e+06,3.73981e+06,1.39232e+07,0,0,0,0
39.0759,85.139,1.14965,0,0.06,3.8155,3.45854,0,0.715029,6.048,4.08855e+06,2.79793e+06,1.55999e+07,0,0,0,2.70711e+08,99.276,98.274,2.31458,1,1,1.63862,2.10234,0,1.266,2.1168,8.49684e+06,3.73981e+06,1.39231e+07,0,0,0,0
37.1163,85.139,1.16215,0,0.06,3.89465,3.53923,0,0.715025,6.048,4.08855e+06,2.79793e+06,1.59235e+07,0,0,0,2.70711e+08,99.2597,98.274,2.25357,1,1,1.68899,2.15369,0,1.26599,2.1168,8.49684e+06,3.73981e+06,1.43511e+07,0,0,0,0
35.1534,85.139,1.07229,0,0.06,3.89462,3.53921,0,0.729857,6.048,4.08855e+06,2.79793e+06,1.59234e+07,0,0,0,2.70711e+08,99.0547,98.274,2.12886,1,1,1.68897,2.15368,0,1.30491,2.1168,8.49684e+06,3.73981e+06,1.43509e+07,0,0,0,0
33.1763,85.139,0.976,0,0.06,3.8946,3.53919,0,0.729853,6.048,4.08855e+06,2.79793e+06,1.59233e+07,0,0,0,2.70711e+08,99.0705,98.274,1.87634,1,1,1.68896,2.15367,0,1.3049,2.1168,8.49684e+06,3.73981e+06,1.43508e+07,0,0,0,0
31.4118,85.139,1.0981,0,0.06,3.89458,3.53917,0,0.729849,6.048,4.08855e+06,2.79793e+06,1.59232e+07,0,0,0,2.70711e+08,99.1632,98.274,2.46151,1,1,1.68895,2.15365,0,1.30489,2.1168,8.49684e+06,3.73981e+06,1.43507e+07,0,0,0,0
29.7328,85.139,1.26549,0,0.06,4.12639,3.77551,0,0.729844,6.048,4.08855e+06,2.79793e+06,1.68709e+07,0,0,0,2.70711e+08,98.9861,98.274,2.48539,1,1,1.87079,2.33906,0,1.30488,2.1168,8.49684e+06,3.73981e+06,1.58958e+07,0,0,0,0
27.8972,85.139,1.02321,0,0.06,4.12636,3.77548,0,0.773285,6.048,4.08855e+06,2.79793e+06,1.68708e+07,0,0,0,2.70711e+08,98.8998,98.274,1.79197,1,1,1.87078,2.33904,0,1.44537,2.1168,8.49684e+06,3.73981e+06,1.58957e+07,0,0,0,0
26.3825,85.139,1.21325,0,0.06,4.12634,3.77546,0,0.77328,6.048,4.08855e+06,2.79793e+06,1.68707e+07,0,0,0,2.70711e+08,99.1099,98.274,2.91281,1,1,1.87076,2.33903,0,1.44536,2.1168,8.49684e+06,3.73981e+06,1.58956e+07,0,0,0,0
24.7557,85.139,0.981815,0,0.06,4.12632,3.77544,0,0.773276,6.048,4.08855e+06,2.79793e+06,1.68706e+07,0,0,0,2.70711e+08,99.0587,98.274,2.13873,1,1,1.87075,2.33901,0,1.44535,2.1168,8.49684e+06,3.73981e+06,1.58955e+07,0,0,0,0
23.4663,85.139,1.18337,0,0.06,4.12629,3.77541,0,0.773271,6.048,4.08855e+06,2.79793e+06,1.68706e+07,0,0,0,2.70711e+08,99.3022,98.274,4.04158,1,1,1.87074,2.339,0,1.44534,2.1168,8.49684e+06,3.73981e+06,1.58953e+07,0,0,0,0
22.3206,85.139,1.16847,0,0.06,4.01329,3.6602,0,0.773267,6.048,4.08855e+06,2.79793e+06,1.64085e+07,0,0,0,2.70711e+08,99.2773,98.274,2.55237,1,1,1.76034,2.22645,0,1.44533,2.1168,8.49684e+06,3.73981e+06,1.49574e+07,0,0,0,0
21.2767,85.139,0.971169,0.33,0.06,3.58991,3.66017,0,0.75209,6.048,4.08855e+06,2.79793e+06,1.46775e+07,0,0,0,2.70711e+08,99.2371,98.274,2.26654,1,1,2.1168,2.22643,0.0668886,1.36004,2.1168,8.49684e+06,3.73981e+06,1.79861e+07,0,0,0,0
21.081,85.139,1.80028,0.23,0.06,3.58988,3.66015,0,0.672748,6.048,4.08855e+06,2.79793e+06,1.46774e+07,0,0,0,2.70711e+08,99.3022,98.274,3.17732,1,1,2.1168,2.22642,0.0668745,1.63544,2.1168,8.49684e+06,3.73981e+06,1.79861e+07,0,0,0,0
22.5484,85.139,3.42711,0.4,0.06,3.30879,3.66013,0,0.672744,6.048,4.08855e+06,2.79793e+06,1.35282e+07,0,0,0,2.70711e+08,99.2072,98.274,4.39573,1,1,2.01269,2.2264,0,1.63544,2.1168,8.49684e+06,3.73981e+06,1.71015e+07,0,0,0,0
22.0938,85.139,1.47336,0.45,0.06,3.2233,3.56555,0,0.620068,6.048,4.08855e+06,2.79793e+06,1.31786e+07,0,0,0,2.70711e+08,99.0524,98.274,2.20007,1,1,1.92008,2.12395,0,1.55501,2.1168,8.49684e+06,3.73981e+06,1.63146e+07,0,0,0,0
21.9392,85.139,1.93395,0.34,0.06,3.49708,3.56553,0,0.604046,6.048,4.08855e+06,2.79793e+06,1.4298e+07,0,0,0,2.70711e+08,98.7923,98.274,1.85549,1,1,2.08316,2.12394,0,1.48345,2.1168,8.49684e+06,3.73981e+06,1.77003e+07,0,0,0,0
21.5266,85.139,1.63969,0.39,0.06,3.49706,3.56551,0,0.655353,6.048,4.08855e+06,2.79793e+06,1.42979e+07,0,0,0,2.70711e+08,98.7195,98.274,2.18378,1,1,2.08315,2.12393,0,1.60945,2.1168,8.49684e+06,3.73981e+06,1.77002e+07,0,0,0,0
24.3676,85.139,5.08702,0.36,0.06,3.49704,3.56549,0,0.655349,6.048,4.08855e+06,2.79793e+06,1.42978e+07,0,0,0,2.70711e+08,99.3022,98.274,6.83888,1,1,2.08314,2.12391,0,1.60944,2.1168,8.49684e+06,3.73981e+06,1.77001e+07,0,0,0,0
24.9922,85.139,3.03994,0,0.06,3.65701,3.29694,0,0.655345,6.048,4.08855e+06,2.79793e+06,1.49519e+07,0,0,0,2.70711e+08,99.3022,98.274,3.5565,1,1,1.45052,1.91056,0,1.60943,2.1168,8.49684e+06,3.73981e+06,1.23249e+07,0,0,0,0
25.6803,85.139,3.18892,0,0.06,3.65699,3.29692,0,0.685323,6.048,4.08855e+06,2.79793e+06,1.49518e+07,0,0,0,2.70711e+08,99.3022,98.274,5.16757,1,1,1.45051,1.91055,0,1.12067,2.1168,8.49684e+06,3.73981e+06,1.23248e+07,0,0,0,0
26.2987,85.139,3.23022,0,0.06,3.65697,3.2969,0,0.68532,6.048,4.08855e+06,2.79793e+06,1.49517e+07,0,0,0,2.70711e+08,99.3022,98.274,4.33081,1,1,1.4505,1.91054,0,1.12066,2.1168,8.49684e+06,3.73981e+06,1.23247e+07,0,0,0,0
26.9215,85.139,3.26117,0,0.06,3.65695,3.29688,0,0.685316,6.048,4.08855e+06,2.79793e+06,1.49516e+07,0,0,0,2.70711e+08,99.3022,98.274,4.26748,1,1,1.45049,1.91052,0,1.12065,2.1168,8.49684e+06,3.73981e+06,1.23246e+07,0,0,0,0
26.9587,85.139,2.65652,0,0.06,3.65693,3.29686,0,0.685312,6.048,4.08855e+06,2.79793e+06,1.49515e+07,0,0,0,2.70711e+08,99.3022,98.274,3.76554,1,1,1.45047,1.91051,0,1.12065,2.1168,8.49684e+06,3.73981e+06,1.23245e+07,0,0,0,0
25.8356,85.139,1.51852,0,0.06,3.75819,3.40011,0,0.685308,6.048,4.08855e+06,2.79793e+06,1.53656e+07,0,0,0,2.70711e+08,99.3022,98.274,3.52808,1,1,1.51104,1.97227,0,1.12064,2.1168,8.49684e+06,3.73981e+06,1.28391e+07,0,0,0,0
26.4608,85.139,3.19276,0,0.06,3.75815,3.40006,0,0.704286,6.048,4.08855e+06,2.79793e+06,1.53654e+07,0,0,0,2.70711e+08,99.3022,98.274,4.90874,1,1,1.51102,1.97224,0,1.16743,2.1168,8.49684e+06,3.73981e+06,1.28389e+07,0,0,0,0
33.3286,85.139,9.91635,0,0.06,3.7581,3.40002,0,0.704277,6.048,4.08855e+06,2.79793e+06,1.53652e+07,0,0,0,2.70711e+08,99.3022,98.274,9.11891,1,1,1.51099,1.97221,0,1.16741,2.1168,8.49684e+06,3.73981e+06,1.28387e+07,0,0,0,0
35.5819,85.139,5.54725,0,0.06,3.75806,3.39997,0,0.704268,6.048,4.08855e+06,2.79793e+06,1.5365e+07,0,0,0,2.70711e+08,99.3022,98.274,7.48681,1,1,1.51096,1.97219,0,1.16739,2.1168,8.49684e+06,3.73981e+06,1.28384e+07,0,0,0,0
36.8964,85.139,4.8494,0,0.06,4.08326,3.73154,0,0.70426,6.048,4.08855e+06,2.79793e+06,1.66946e+07,0,0,0,2.70711e+08,99.3022,98.274,5.60944,1,1,1.73837,2.20404,0,1.16737,2.1168,8.49684e+06,3.73981e+06,1.47707e+07,0,0,0,0
38.5987,85.139,5.33514,0,0.06,4.08321,3.73149,0,0.765204,6.048,4.08855e+06,2.79793e+06,1.66944e+07,0,0,0,2.70711e+08,99.3022,98.274,5.51686,1,1,1.73834,2.20401,0,1.34306,2.1168,8.49684e+06,3.73981e+06,1.47704e+07,0,0,0,0
39.0836,85.139,4.12675,0,0.06,4.08316,3.73144,0,0.765194,6.048,4.08855e+06,2.79793e+06,1.66942e+07,0,0,0,2.70711e+08,99.3022,98.274,4.59651,1,1,1.73831,2.20398,0,1.34304,2.1168,8.49684e+06,3.73981e+06,1.47701e+07,0,0,0,0
43.329,85.139,8.02907,0,0.06,4.08311,3.73139,0,0.765185,6.048,4.08855e+06,2.79793e+06,1.6694e+07,0,0,0,2.70711e+08,99.3022,98.274,9.54864,1,1,1.73828,2.20395,0,1.34302,2.1168,8.49684e+06,3.73981e+06,1.47699e+07,0,0,0,0
46.2705,85.139,6.40322,0,0.06,3.25837,3.25837,0,0.765175,6.048,4.08855e+06,2.70226e+06,1.3322e+07,0,0,0,2.70711e+08,99.3022,98.274,9.34419,0,1,1.89275,1.89275,0,1.343,2.1168,8.49684e+06,3.61194e+06,1.60824e+07,0,0,0,0
48.1793,85.139,5.30635,0,0.06,3.25832,3.25832,0,0.610618,6.048,4.08855e+06,2.70226e+06,1.33218e+07,0,0,0,2.70711e+08,99.3022,98.274,8.26771,0,1,1.89272,1.89272,0,1.46234,2.1168,8.49684e+06,3.61194e+06,1.60822e+07,0,0,0,0
49.7713,85.139,4.99361,0,0.06,3.25828,3.25828,0,0.610609,6.048,4.08855e+06,2.70226e+06,1.33216e+07,0,0,0,2.70711e+08,99.3022,98.274,8.51269,0,1,1.8927,1.8927,0,1.46232,2.1168,8.49684e+06,3.61194e+06,1.60819e+07,0,0,0,0
53.4374,85.139,7.28237,0,0.06,3.25823,3.25823,0,0.610601,6.048,4.08855e+06,2.70226e+06,1.33214e+07,0,0,0,2.70711e+08,99.3022,98.274,9.82881,0,1,1.89267,1.89267,0,1.4623,2.1168,8.49684e+06,3.61194e+06,1.60817e+07,0,0,0,0
56.3485,85.139,6.68933,0,0.06,3.25819,3.25819,0,0.610593,6.048,4.08855e+06,2.70226e+06,1.33213e+07,0,0,0,2.70711e+08,99.3022,98.274,7.622,0,1,1.89264,1.89264,0,1.46228,2.1168,8.49684e+06,3.61194e+06,1.60815e+07,0,0,0,0
58.9879,85.139,6.85663,0,0.06,3.73571,3.37719,0,0.610584,6.048,4.08855e+06,2.79793e+06,1.52736e+07,0,0,0,2.70711e+08,99.3022,98.274,11.7387,1,1,1.50758,1.96874,0,1.46226,2.1168,8.49684e+06,3.73981e+06,1.28097e+07,0,0,0,0
60.779,85.139,6.12048,0,0.06,3.73567,3.37714,0,0.700072,6.048,4.08855e+06,2.79793e+06,1.52735e+07,0,0,0,2.70711e+08,99.3022,98.274,12.31,1,1,1.50755,1.96871,0,1.16476,2.1168,8.49684e+06,3.73981e+06,1.28095e+07,0,0,0,0
62.2945,85.139,5.65549,0,0.06,3.73562,3.37709,0,0.700064,6.048,4.08855e+06,2.79793e+06,1.52733e+07,0,0,0,2.70711e+08,99.3022,98.274,6.78265,1,1,1.50753,1.96868,0,1.16474,2.1168,8.49684e+06,3.73981e+06,1.28092e+07,0,0,0,0
63.7072,85.139,5.53054,0,0.06,3.73558,3.37705,0,0.700055,6.048,4.08855e+06,2.79793e+06,1.52731e+07,0,0,0,2.70711e+08,99.3022,98.274,7.36188,1,1,1.5075,1.96866,0,1.16472,2.1168,8.49684e+06,3.73981e+06,1.2809e+07,0,0,0,0
63.7257,85.139,3.92708,0,0.06,3.68988,3.33046,0,0.700047,6.048,4.08855e+06,2.79793e+06,1.50863e+07,0,0,0,2.70711e+08,99.3022,98.274,5.4782,1,1,1.47848,1.93907,0,1.1647,2.1168,8.49684e+06,3.73981e+06,1.25624e+07,0,0,0,0
63.4564,85.139,3.59204,0,0.06,3.68983,3.33041,0,0.691483,6.048,4.08855e+06,2.79793e+06,1.50861e+07,0,0,0,2.70711e+08,99.3022,98.274,5.10972,1,1,1.47845,1.93904,0,1.14227,2.1168,8.49684e+06,3.73981e+06,1.25622e+07,0,0,0,0
62.9283,85.139,3.29255,0,0.06,3.68979,3.33037,0,0.691475,6.048,4.08855e+06,2.79793e+06,1.50859e+07,0,0,0,2.70711e+08,99.3022,98.274,4.32216,1,1,1.47843,1.93901,0,1.14225,2.1168,8.49684e+06,3.73981e+06,1.2562e+07,0,0,0,0
62.4552,85.139,3.30721,0,0.06,3.68974,3.33032,0,0.691467,6.048,4.08855e+06,2.79793e+06,1.50857e+07,0,0,0,2.70711e+08,99.3022,98.274,4.53224,1,1,1.4784,1.93899,0,1.14223,2.1168,8.49684e+06,3.73981e+06,1.25617e+07,0,0,0,0
61.7076,85.139,3.09554,0,0.06,3.84464,3.48825,0,0.691458,6.048,4.08855e+06,2.79793e+06,1.5719e+07,0,0,0,2.70711e+08,99.3022,98.274,3.83742,1,1,1.58119,2.04379,0,1.14221,2.1168,8.49684e+06,3.73981e+06,1.34351e+07,0,0,0,0
60.8108,85.139,2.85722,0,0.06,3.8446,3.4882,0,0.720486,6.048,4.08855e+06,2.79793e+06,1.57188e+07,0,0,0,2.70711e+08,99.3022,98.274,3.41663,1,1,1.58117,2.04376,0,1.22163,2.1168,8.49684e+06,3.73981e+06,1.34349e+07,0,0,0,0
59.8868,85.139,2.80245,0,0.06,3.84455,3.48816,0,0.720478,6.048,4.08855e+06,2.79793e+06,1.57186e+07,0,0,0,2.70711e+08,99.3022,98.274,3.44734,1,1,1.58114,2.04373,0,1.22161,2.1168,8.49684e+06,3.73981e+06,1.34347e+07,0,0,0,0
58.6963,85.139,2.51812,0,0.06,3.8445,3.48811,0,0.720469,6.048,4.08855e+06,2.79793e+06,1.57184e+07,0,0,0,2.70711e+08,99.3022,98.274,3.48565,1,1,1.58111,2.0437,0,1.22159,2.1168,8.49684e+06,3.73981e+06,1.34344e+07,0,0,0,0
57.9098,85.139,2.89345,0,0.06,3.84446,3.48806,0,0.72046,6.048,4.08855e+06,2.79793e+06,1.57183e+07,0,0,0,2.70711e+08,99.3022,98.274,2.9308,1,1,1.58108,2.04368,0,1.22157,2.1168,8.49684e+06,3.73981e+06,1.34342e+07,0,0,0,0
57.4031,85.139,3.10036,0,0.06,3.81377,3.45677,0,0.720451,6.048,4.08855e+06,2.79793e+06,1.55928e+07,0,0,0,2.70711e+08,99.2984,98.274,2.53953,1,1,1.63756,2.10126,0,1.22154,2.1168,8.49684e+06,3.73981e+06,1.39141e+07,0,0,0,0
56.7636,85.139,2.94117,0,0.06,3.81372,3.45672,0,0.7147,6.048,4.08855e+06,2.79793e+06,1.55926e+07,0,0,0,2.70711e+08,99.248,98.274,2.42254,1,1,1.63753,2.10123,0,1.26518,2.1168,8.49684e+06,3.73981e+06,1.39139e+07,0,0,0,0
55.9217,85.139,2.71897,0,0.06,3.81368,3.45668,0,0.714692,6.048,4.08855e+06,2.79793e+06,1.55924e+07,0,0,0,2.70711e+08,99.132,98.274,2.26407,1,1,1.6375,2.1012,0,1.26516,2.1168,8.49684e+06,3.73981e+06,1.39136e+07,0,0,0,0
54.9196,85.139,2.52774,0,0.06,3.81363,3.45663,0,0.714683,6.048,4.08855e+06,2.79793e+06,1.55922e+07,0,0,0,2.70711e+08,98.9851,98.274,2.07175,1,1,1.63748,2.10117,0,1.26514,2.1168,8.49684e+06,3.73981e+06,1.39134e+07,0,0,0,0
53.7732,85.139,2.41964,0,0.06,3.8927,3.53725,0,0.714674,6.048,4.08855e+06,2.79793e+06,1.59155e+07,0,0,0,2.70711e+08,98.8696,98.274,2.02945,1,1,1.6878,2.15249,0,1.26511,2.1168,8.49684e+06,3.73981e+06,1.4341e+07,0,0,0,0
52.4676,85.139,2.21145,0,0.06,3.89266,3.5372,0,0.729493,6.048,4.08855e+06,2.79793e+06,1.59153e+07,0,0,0,2.70711e+08,98.5505,98.274,2.01312,1,1,1.68778,2.15246,0,1.304,2.1168,8.49684e+06,3.73981e+06,1.43408e+07,0,0,0,0
51.0107,85.139,2.02953,0,0.06,3.89261,3.53715,0,0.729484,6.048,4.08855e+06,2.79793e+06,1.59151e+07,0,0,0,2.70711e+08,98.3521,98.274,1.76005,1,1,1.68775,2.15243,0,1.30398,2.1168,8.49684e+06,3.73981e+06,1.43405e+07,0,0,0,0
49.6968,85.139,2.13482,0,0.06,3.89256,3.5371,0,0.729475,6.048,4.08855e+06,2.79793e+06,1.59149e+07,0,0,0,2.70711e+08,98.1315,98.274,2.10235,1,1,1.68772,2.1524,0,1.30395,2.1168,8.49684e+06,3.73981e+06,1.43403e+07,0,0,0,0
48.3253,85.139,2.22607,0,0.06,4.1242,3.77328,0,0.729466,6.048,4.08855e+06,2.79793e+06,1.6862e+07,0,0,0,2.70711e+08,97.6265,98.274,1.81049,1,1,1.86944,2.33768,0,1.30393,2.1168,8.49684e+06,3.73981e+06,1.58843e+07,0,0,0,0
46.7815,85.139,2.02339,0,0.06,4.12415,3.77323,0,0.772875,6.048,4.08855e+06,2.79793e+06,1.68618e+07,0,0,0,2.70711e+08,97.2115,98.274,1.5866,1,1,1.86941,2.33765,0,1.44433,2.1168,8.49684e+06,3.73981e+06,1.58841e+07,0,0,0,0
45.4039,85.139,2.15237,0,0.06,4.1241,3.77318,0,0.772866,6.048,4.08855e+06,2.79793e+06,1.68616e+07,0,0,0,2.70711e+08,96.7613,98.274,1.69954,1,1,1.86938,2.33761,0,1.44431,2.1168,8.49684e+06,3.73981e+06,1.58838e+07,0,0,0,0
44.321,85.139,2.40641,0,0.06,4.12405,3.77313,0,0.772856,6.048,4.08855e+06,2.79793e+06,1.68614e+07,0,0,0,2.70711e+08,96.1053,98.274,1.69312,1,1,1.86935,2.33758,0,1.44428,2.1168,8.49684e+06,3.73981e+06,1.58835e+07,0,0,0,0
42.5738,85.139,1.72438,0,0.06,4.124,3.77307,0,0.772847,6.048,4.08855e+06,2.79793e+06,1.68612e+07,0,0,0,2.70711e+08,95.5358,98.274,1.31329,1,1,1.86931,2.33755,0,1.44426,2.1168,8.49684e+06,3.73981e+06,1.58833e+07,0,0,0,0
41.0814,85.139,1.88447,0,0.06,4.01104,3.6579,0,0.772837,6.048,4.08855e+06,2.79793e+06,1.63993e+07,0,0,0,2.70711e+08,95.3162,98.274,1.56185,1,1,1.75897,2.22505,0,1.44423,2.1168,8.49684e+06,3.73981e+06,1.49457e+07,0,0,0,0
39.6191,85.139,1.86601,0,0.06,4.01099,3.65785,0,0.751669,6.048,4.08855e+06,2.79793e+06,1.63991e+07,0,0,0,2.70711e+08,95.0121,98.274,1.79859,1,1,1.75894,2.22502,0,1.35898,2.1168,8.49684e+06,3.73981e+06,1.49455e+07,0,0,0,0
37.997,85.139,1.64143,0,0.06,4.01094,3.6578,0,0.751659,6.048,4.08855e+06,2.79793e+06,1.63989e+07,0,0,0,2.70711e+08,94.8424,98.274,1.64312,1,1,1.75891,2.22499,0,1.35896,2.1168,8.49684e+06,3.73981e+06,1.49452e+07,0,0,0,0
37.3236,85.139,2.64495,0,0.06,4.01089,3.65775,0,0.75165,6.048,4.08855e+06,2.79793e+06,1.63987e+07,0,0,0,2.70711e+08,94.4901,98.274,2.31466,1,1,1.75888,2.22496,0,1.35894,2.1168,8.49684e+06,3.73981e+06,1.4945e+07,0,0,0,0
35.2228,85.139,1.09858,0,0.06,3.91817,3.56321,0,0.751641,6.048,4.08855e+06,2.79793e+06,1.60196e+07,0,0,0,2.70711e+08,94.2055,98.274,1.43811,1,1,1.65845,2.12256,0,1.35891,2.1168,8.49684e+06,3.73981e+06,1.40916e+07,0,0,0,0
33.1999,85.139,1.04803,0,0.06,3.91812,3.56316,0,0.734264,6.048,4.08855e+06,2.79793e+06,1.60194e+07,0,0,0,2.70711e+08,94.1099,98.274,1.54319,1,1,1.65842,2.12253,0,1.28132,2.1168,8.49684e+06,3.73981e+06,1.40913e+07,0,0,0,0
34.1477,85.139,4.02004,0,0.06,3.91807,3.56311,0,0.734255,6.048,4.08855e+06,2.79793e+06,1.60192e+07,0,0,0,2.70711e+08,94.2138,98.274,2.4806,1,1,1.65839,2.1225,0,1.2813,2.1168,8.49684e+06,3.73981e+06,1.40911e+07,0,0,0,0
